# Results for F001-F002-F003-F004-F005-F006-F007-F008-F009-F010-F011-F012-F013-F014-F015-F016-F017-F018-F019-F020-F021-F022-F023-F024-F025-F026-F027-F028-F029-F030-F031-F032-F033-F034-F035-F036-F037-F038-F039-F040-F041-F042-F043-F044-F045-F046-F047-F048-F049-F050-F051-F052-F053-F054-F055-F056-F057-F058-F059-F060-F061-F062-F063-F064-F065-F066-F067-F068-F069-F070-F071-F072-F073-F074-F075-F076-F077-F078-F079-F080-F081-F082-F083-F084-F085-F086-F087-F088-F089-F090-F091-F092-F093-F094-F095-F096-F097-F098-F099-F100-F101-F102-F103-F104-F105-F106-F107-F108-F109-F110-F111-F112-F113-F114-F115-F116-F117-F118-F119-F120-F121-F122-F123-F124-F125-F126-F127-F128-F129-F130-F131-F132-F133-F134-F135-F136-F137-F138-F139-F140-F141-F142-F143-F144-F145-F146-F147-F148-F149-F150-F151-F152-F153-F154-F155-F156-F157-F158-F159-F160-F161-F162-F163-F164-F165-F166-F167-F168-F169-F170-F171-F172-F173-F174-F175-F176-F177-F178-F179-F180-F181-F182-F183-F184-F185-F186-F187-F188-F189-F190-F191-F192-F193-F194-F195-F196-F197-F198-F199-F200-F201-F202-F203-F204-F205-F206-F207-F208-F209-F210-F211-F212-F213-F214-F215-F216-F217-F218-F219-F220-F221-F222-F223-F224-F225-F226-F227-F228-F229-F230-F231-F232-F233-F234-F235-F236-F237-F238-F239-F240-F241-F242-F243-F244-F245-F246-F247-F248-F249-F250-F251-F252-F253-F254-F255-F256-F257-F258-F259-F260-F261-F262-F263-F264-F265-F266-F267-F268-F269-F270-F271-F272-F273-F274-F275-F276-F277-F278-F279-F280-F281-F282-F283-F284-F285-F286-F287-F288-F289-F290-F291-F292-F293-F294-F295-F296-F297-F298-F299-F300-F301-F302-F303-F304-F305-F306-F307-F308-F309-F310-F311-F312-F313-F314-F315-F316-F317-F318-F319-F320-F321-F322-F323-F324-F325-F326-F327-F328-F329-F330-F331-F332-F333-F334-F335-F336-F337-F338-F339-F340-F341-F342-F343-F344-F345-F346-F347-F348-F349-F350-F351-F352-F353-F354-F355-F356-F357-F358-F359-F360-F361-F362-F363-F364-F365-F366-F367-F368-F369-F370-F371-F372-F373-F374-F375-F376-F377-F378-F379-F380-F381-F382-F383-F384-F385-F386-F387-F388-F389-F390-F391-F392-F393-F394-F395-F396-F397-F398-F399-F400-F401-F402-F403-F404-F405-F406-F407-F408-F409-F410-F411-F412-F413-F414-F415-F416-F417-F418-F419-F420-F421-F422-F423-F424-F425-F426-F427-F428-F429-F430-F431-F432-F433-F434-F435-F436-F437-F438-F439-F440-F441-F442-F443-F444-F445-F446-F447-F448-F449-F450-F451-F452-F453-F454-F455-F456-F457-F458-F459-F460-F461-F462-F463-F464-F465-F466-F467-F468-F469-F470-F471-F472-F473-F474-F475-F476-F477-F478-F479-F480-F481-F482-F483-F484-F485-F486-F487-F488-F489-F490-F491-F492-F493-F494-F495-F496-O499508-E500511-E507512

## Summary

Number of input bits: 512  
Number of free input bits: 13  
Number of output bits: 160

Number of direct occurrences: 53005  
Number of assignments: 32231  
Number of operations: 11448386
(xor: 11419691,
and: 14956,
or: 13739)

Total complexity: 3.300697450435513 × 10^303

Least occurring input variable: iv_502 (3915)  
Most occurring input variable: iv_507 (4359)

Most co-occurring input variables: iv_501-iv_507 (2016)  
Least co-occurring input variables: iv_499-iv_502 (1757)

Potentially most occurring input variable: iv_499/iv_507 (4656)  
Potentially least occurring input variable: iv_506/iv_509 (4175)

Least output occurring input variable: iv_499 (71)  
Most output occurring input variable: iv_497 (89)

Most output co-occurring input variables: iv_497-iv_506 (50)  
Least output co-occurring input variables: iv_499-iv_507 (29)

Potentially most output occurring input variable: iv_500/iv_502 (94)  
Potentially least output occurring input variable: iv_499/iv_509 (61)

Least complex input bit: iv_497 (2.3269288960832972 × 10^300)  
Most complex input bit: iv_510 (8.099099785178428 × 10^302)

Least complex output bit: aaa_76_29 (1.5334086075222847 × 10^278)  
Most complex output bit: ov_001 (5.1353748300437475 × 10^302)

Least complex input/output complexity: iv_497/aaa_76_29 (1.081023890231337 × 10^275)  
Most complex input/output complexity: iv_510/ov_001 (1.2600946862709314 × 10^302)

## Input Bits

### Input Bits in Regular Order

| Input Bit | Complexity | Occurrences | Output Occurrences |
|:---------:|:----------:|:-----------:|:------------------:|
| iv_497 | 2.3269288960832972 × 10^300 | 4149 | 89 |
| iv_498 | 4.6939145972581245 × 10^300 | 3974 | 88 |
| iv_499 | 4.5229458779603666 × 10^302 | 4117 | 71 |
| iv_500 | 2.540075915914987 × 10^302 | 4203 | 80 |
| iv_501 | 2.4136906913170113 × 10^301 | 4121 | 81 |
| iv_502 | 3.9231823012428956 × 10^301 | 3915 | 82 |
| iv_503 | 6.190013452924044 × 10^301 | 4079 | 76 |
| iv_504 | 9.536100491299625 × 10^301 | 3964 | 80 |
| iv_505 | 1.4410719750622343 × 10^302 | 3954 | 79 |
| iv_506 | 2.1410021166254938 × 10^302 | 3989 | 82 |
| iv_507 | 5.899230450990462 × 10^302 | 4359 | 72 |
| iv_509 | 6.087041254011392 × 10^302 | 4034 | 78 |
| iv_510 | 8.099099785178428 × 10^302 | 4147 | 77 |

### Input Bits Sorted by Complexity

| Input Bit | Complexity | Occurrences | Output Occurrences |
|:---------:|:----------:|:-----------:|:------------------:|
| iv_497 | 2.3269288960832972 × 10^300 | 4149 | 89 |
| iv_498 | 4.6939145972581245 × 10^300 | 3974 | 88 |
| iv_501 | 2.4136906913170113 × 10^301 | 4121 | 81 |
| iv_502 | 3.9231823012428956 × 10^301 | 3915 | 82 |
| iv_503 | 6.190013452924044 × 10^301 | 4079 | 76 |
| iv_504 | 9.536100491299625 × 10^301 | 3964 | 80 |
| iv_505 | 1.4410719750622343 × 10^302 | 3954 | 79 |
| iv_506 | 2.1410021166254938 × 10^302 | 3989 | 82 |
| iv_500 | 2.540075915914987 × 10^302 | 4203 | 80 |
| iv_499 | 4.5229458779603666 × 10^302 | 4117 | 71 |
| iv_507 | 5.899230450990462 × 10^302 | 4359 | 72 |
| iv_509 | 6.087041254011392 × 10^302 | 4034 | 78 |
| iv_510 | 8.099099785178428 × 10^302 | 4147 | 77 |

### Input Bits Sorted by Occurrences

| Input Bit | Complexity | Occurrences | Output Occurrences |
|:---------:|:----------:|:-----------:|:------------------:|
| iv_502 | 3.9231823012428956 × 10^301 | 3915 | 82 |
| iv_505 | 1.4410719750622343 × 10^302 | 3954 | 79 |
| iv_504 | 9.536100491299625 × 10^301 | 3964 | 80 |
| iv_498 | 4.6939145972581245 × 10^300 | 3974 | 88 |
| iv_506 | 2.1410021166254938 × 10^302 | 3989 | 82 |
| iv_509 | 6.087041254011392 × 10^302 | 4034 | 78 |
| iv_503 | 6.190013452924044 × 10^301 | 4079 | 76 |
| iv_499 | 4.5229458779603666 × 10^302 | 4117 | 71 |
| iv_501 | 2.4136906913170113 × 10^301 | 4121 | 81 |
| iv_510 | 8.099099785178428 × 10^302 | 4147 | 77 |
| iv_497 | 2.3269288960832972 × 10^300 | 4149 | 89 |
| iv_500 | 2.540075915914987 × 10^302 | 4203 | 80 |
| iv_507 | 5.899230450990462 × 10^302 | 4359 | 72 |

### Input Bits Sorted by Output Occurrences

| Input Bit | Complexity | Occurrences | Output Occurrences |
|:---------:|:----------:|:-----------:|:------------------:|
| iv_499 | 4.5229458779603666 × 10^302 | 4117 | 71 |
| iv_507 | 5.899230450990462 × 10^302 | 4359 | 72 |
| iv_503 | 6.190013452924044 × 10^301 | 4079 | 76 |
| iv_510 | 8.099099785178428 × 10^302 | 4147 | 77 |
| iv_509 | 6.087041254011392 × 10^302 | 4034 | 78 |
| iv_505 | 1.4410719750622343 × 10^302 | 3954 | 79 |
| iv_504 | 9.536100491299625 × 10^301 | 3964 | 80 |
| iv_500 | 2.540075915914987 × 10^302 | 4203 | 80 |
| iv_501 | 2.4136906913170113 × 10^301 | 4121 | 81 |
| iv_502 | 3.9231823012428956 × 10^301 | 3915 | 82 |
| iv_506 | 2.1410021166254938 × 10^302 | 3989 | 82 |
| iv_498 | 4.6939145972581245 × 10^300 | 3974 | 88 |
| iv_497 | 2.3269288960832972 × 10^300 | 4149 | 89 |

## Input Bit Co-occurrences

### Input Bit Co-occurrences Sorted by Co-occurrences

| Input Bits | Co-occurrences | Potential Occurrences | Output Co-occurrences | Potential Output Occurrences |
|:----------:|:--------------:|:---------------------:|:---------------------:|:----------------------------:|
| iv_501-iv_507 | 2016 | 4448 | 35 | 83 |
| iv_497-iv_501 | 2012 | 4246 | 45 | 80 |
| iv_497-iv_503 | 2006 | 4216 | 37 | 91 |
| iv_497-iv_507 | 1990 | 4528 | 41 | 79 |
| iv_507-iv_510 | 1987 | 4532 | 30 | 89 |
| iv_500-iv_510 | 1980 | 4390 | 42 | 73 |
| iv_500-iv_507 | 1978 | 4606 | 36 | 80 |
| iv_501-iv_503 | 1970 | 4260 | 42 | 73 |
| iv_501-iv_510 | 1969 | 4330 | 38 | 82 |
| iv_497-iv_506 | 1961 | 4216 | 50 | 71 |
| iv_506-iv_510 | 1952 | 4232 | 43 | 73 |
| iv_502-iv_507 | 1952 | 4370 | 36 | 82 |
| iv_503-iv_507 | 1951 | 4536 | 36 | 76 |

### Input Bit Co-occurrences Sorted by Potential Occurrences

| Input Bits | Co-occurrences | Potential Occurrences | Output Co-occurrences | Potential Output Occurrences |
|:----------:|:--------------:|:---------------------:|:---------------------:|:----------------------------:|
| iv_506-iv_509 | 1924 | 4175 | 43 | 74 |
| iv_501-iv_505 | 1947 | 4181 | 44 | 72 |
| iv_502-iv_505 | 1842 | 4185 | 37 | 87 |
| iv_504-iv_506 | 1883 | 4187 | 41 | 80 |
| iv_504-iv_505 | 1863 | 4192 | 42 | 75 |
| iv_498-iv_504 | 1869 | 4200 | 50 | 68 |
| iv_503-iv_506 | 1931 | 4206 | 39 | 80 |
| iv_497-iv_503 | 2006 | 4216 | 37 | 91 |
| iv_497-iv_506 | 1961 | 4216 | 50 | 71 |
| iv_498-iv_503 | 1912 | 4229 | 45 | 74 |
| iv_498-iv_510 | 1946 | 4229 | 46 | 73 |
| iv_506-iv_510 | 1952 | 4232 | 43 | 73 |
| iv_498-iv_506 | 1865 | 4233 | 41 | 88 |

### Input Bit Output Co-occurrences Sorted by Output Co-occurrences

| Input Bits | Co-occurrences | Potential Occurrences | Output Co-occurrences | Potential Output Occurrences |
|:----------:|:--------------:|:---------------------:|:---------------------:|:----------------------------:|
| iv_498-iv_504 | 1869 | 4200 | 50 | 68 |
| iv_497-iv_506 | 1961 | 4216 | 50 | 71 |
| iv_497-iv_504 | 1933 | 4247 | 49 | 71 |
| iv_497-iv_502 | 1899 | 4266 | 49 | 73 |
| iv_498-iv_501 | 1892 | 4311 | 48 | 73 |
| iv_497-iv_509 | 1942 | 4299 | 48 | 71 |
| iv_498-iv_502 | 1780 | 4329 | 46 | 78 |
| iv_498-iv_510 | 1946 | 4229 | 46 | 73 |
| iv_497-iv_498 | 1895 | 4333 | 46 | 85 |
| iv_498-iv_507 | 1930 | 4473 | 46 | 68 |
| iv_498-iv_503 | 1912 | 4229 | 45 | 74 |
| iv_497-iv_501 | 2012 | 4246 | 45 | 80 |
| iv_497-iv_505 | 1910 | 4283 | 45 | 78 |

### Input Bit Output Co-occurrences Sorted by Potential Output Occurrences

| Input Bits | Co-occurrences | Potential Occurrences | Output Co-occurrences | Potential Output Occurrences |
|:----------:|:--------------:|:---------------------:|:---------------------:|:----------------------------:|
| iv_499-iv_509 | 1948 | 4255 | 44 | 61 |
| iv_498-iv_504 | 1869 | 4200 | 50 | 68 |
| iv_498-iv_507 | 1930 | 4473 | 46 | 68 |
| iv_503-iv_504 | 1878 | 4287 | 43 | 70 |
| iv_497-iv_504 | 1933 | 4247 | 49 | 71 |
| iv_497-iv_506 | 1961 | 4216 | 50 | 71 |
| iv_497-iv_509 | 1942 | 4299 | 48 | 71 |
| iv_501-iv_505 | 1947 | 4181 | 44 | 72 |
| iv_501-iv_503 | 1970 | 4260 | 42 | 73 |
| iv_501-iv_509 | 1927 | 4301 | 43 | 73 |
| iv_503-iv_505 | 1895 | 4243 | 41 | 73 |
| iv_498-iv_501 | 1892 | 4311 | 48 | 73 |
| iv_498-iv_510 | 1946 | 4229 | 46 | 73 |

## Output Bits

### Output Bits in Regular Order

| Rank | Output Bit | Complexity |
|:----:|:----------:|:----------:|
| 1 | ov_001 | 5.1353748300437475 × 10^302 |
| 2 | ov_002 | 4.471327818099939 × 10^302 |
| 3 | ov_003 | 3.8749831785719174 × 10^302 |
| 4 | ov_004 | 3.3412638576136514 × 10^302 |
| 5 | ov_005 | 2.8653718995785516 × 10^302 |
| 6 | ov_006 | 2.442768795604877 × 10^302 |
| 7 | ov_007 | 2.0691583624511634 × 10^302 |
| 8 | ov_008 | 1.7404719205502597 × 10^302 |
| 9 | ov_009 | 1.4528555526602277 × 10^302 |
| 10 | ov_010 | 1.202659236441297 × 10^302 |
| 11 | ov_011 | 9.864276558615618 × 10^301 |
| 12 | ov_012 | 8.008925076008936 × 10^301 |
| 13 | ov_013 | 6.429661296440471 × 10^301 |
| 14 | ov_014 | 5.097362900826208 × 10^301 |
| 15 | ov_015 | 3.9846198482566477 × 10^301 |
| 16 | ov_016 | 3.0657010348723367 × 10^301 |
| 17 | ov_017 | 2.3165283320607038 × 10^301 |
| 18 | ov_018 | 1.714656805818518 × 10^301 |
| 19 | ov_019 | 1.239260023025833 × 10^301 |
| 20 | ov_020 | 8.711194540258067 × 10^300 |
| 21 | ov_021 | 5.926170843979377 × 10^300 |
| 22 | ov_022 | 3.877304522146731 × 10^300 |
| 23 | ov_023 | 2.420294304231563 × 10^300 |
| 24 | ov_024 | 1.4267420046935415 × 10^300 |
| 25 | ov_025 | 7.841402958866092 × 10^299 |
| 26 | ov_026 | 3.9586600449255 × 10^299 |
| 27 | ov_027 | 1.8117695424330694 × 10^299 |
| 28 | ov_028 | 7.521071961600708 × 10^298 |
| 29 | ov_029 | 2.898422421560647 × 10^298 |
| 30 | ov_030 | 8.861570406527145 × 10^297 |
| 31 | ov_031 | 1.72858234419438 × 10^297 |
| 32 | lv_80_m31 | 3.3711756160715263 × 10^296 |
| 33 | ov_033 | 4.076918910023424 × 10^297 |
| 34 | ov_034 | 3.544848884190431 × 10^297 |
| 35 | ov_035 | 3.0674791257416867 × 10^297 |
| 36 | ov_036 | 2.6406864873535848 × 10^297 |
| 37 | ov_037 | 2.2605743896580194 × 10^297 |
| 38 | ov_038 | 1.923456828032266 × 10^297 |
| 39 | ov_039 | 1.6258444428199704 × 10^297 |
| 40 | ov_040 | 1.3644324653861569 × 10^297 |
| 41 | ov_041 | 1.1360903619732107 × 10^297 |
| 42 | ov_042 | 9.37853006711544 × 10^296 |
| 43 | ov_043 | 7.669132243695863 × 10^296 |
| 44 | ov_044 | 6.20615552522602 × 10^296 |
| 45 | ov_045 | 4.964510817969956 × 10^296 |
| 46 | ov_046 | 3.92053241723214 × 10^296 |
| 47 | ov_047 | 3.0519440852172093 × 10^296 |
| 48 | ov_048 | 2.337832198674223 × 10^296 |
| 49 | ov_049 | 1.7586249034162696 × 10^296 |
| 50 | ov_050 | 1.2960762989794253 × 10^296 |
| 51 | ov_051 | 9.33254762489569 × 10^295 |
| 52 | ov_052 | 6.545346063341014 × 10^295 |
| 53 | ov_053 | 4.4559034956718886 × 10^295 |
| 54 | ov_054 | 2.933929681735076 × 10^295 |
| 55 | ov_055 | 1.8620757442513206 × 10^295 |
| 56 | ov_056 | 1.135920606247413 × 10^295 |
| 57 | ov_057 | 6.639634066232927 × 10^294 |
| 58 | ov_058 | 3.676194182584015 × 10^294 |
| 59 | ov_059 | 1.812180197916717 × 10^294 |
| 60 | ov_060 | 7.51522688054953 × 10^293 |
| 61 | ov_061 | 2.627173148714059 × 10^293 |
| 62 | ov_062 | 7.212637037990938 × 10^292 |
| 63 | ov_063 | 1.4070120029980538 × 10^292 |
| 64 | lv_79_m31 | 2.744161354582566 × 10^291 |
| 65 | ov_065 | 3.31085149879933 × 10^292 |
| 66 | ov_066 | 3.310843627171781 × 10^292 |
| 67 | ov_067 | 3.3108417660454155 × 10^292 |
| 68 | ov_068 | 2.87860086197643 × 10^292 |
| 69 | ov_069 | 2.490487416086198 × 10^292 |
| 70 | ov_070 | 2.143288235542009 × 10^292 |
| 71 | ov_071 | 1.8339407746341037 × 10^292 |
| 72 | ov_072 | 1.5595246390863866 × 10^292 |
| 73 | ov_073 | 1.317254982276258 × 10^292 |
| 74 | ov_074 | 1.1044774059253237 × 10^292 |
| 75 | ov_075 | 9.18663998552484 × 10^291 |
| 76 | ov_076 | 7.574101648830491 × 10^291 |
| 77 | ov_077 | 6.184319538303723 × 10^291 |
| 78 | ov_078 | 4.9956371473408196 × 10^291 |
| 79 | ov_079 | 3.987560265606168 × 10^291 |
| 80 | ov_080 | 3.140738825093496 × 10^291 |
| 81 | ov_081 | 2.4369511268459964 × 10^291 |
| 82 | ov_082 | 1.859090276558245 × 10^291 |
| 83 | ov_083 | 1.3911526584572489 × 10^291 |
| 84 | ov_084 | 1.0182282776823173 × 10^291 |
| 85 | ov_085 | 7.264928019365576 × 10^290 |
| 86 | ov_086 | 5.032011335383794 × 10^290 |
| 87 | ov_087 | 3.366823432199275 × 10^290 |
| 88 | ov_088 | 2.1633579714838693 × 10^290 |
| 89 | ov_089 | 1.3262830871902392 × 10^290 |
| 90 | ov_090 | 7.70921467072623 × 10^289 |
| 91 | ov_091 | 4.232373138552931 × 10^289 |
| 92 | ov_092 | 2.1982851628215515 × 10^289 |
| 93 | ov_093 | 1.0792244343415521 × 10^289 |
| 94 | ov_094 | 4.5373991213947696 × 10^288 |
| 95 | aaa_78_28 | 1.3767347579885189 × 10^288 |
| 96 | aaa_78_29 | 4.112849510332007 × 10^287 |
| 97 | ov_097 | 2.1769933101577726 × 10^287 |
| 98 | ov_098 | 2.1769653324886407 × 10^287 |
| 99 | ov_099 | 2.176956385014552 × 10^287 |
| 100 | ov_100 | 1.7814174019884327 × 10^287 |
| 101 | ov_101 | 1.448250379353576 × 10^287 |
| 102 | ov_102 | 1.1705264255560138 × 10^287 |
| 103 | ov_103 | 9.417015805281557 × 10^286 |
| 104 | ov_104 | 7.555889439324859 × 10^286 |
| 105 | ov_105 | 6.063343052204286 × 10^286 |
| 106 | ov_106 | 4.883949633839574 × 10^286 |
| 107 | ov_107 | 3.9652144084914083 × 10^286 |
| 108 | ov_108 | 3.2574181187998047 × 10^286 |
| 109 | ov_109 | 2.713483812420684 × 10^286 |
| 110 | ov_110 | 2.288864638187016 × 10^286 |
| 111 | ov_111 | 1.941450304642709 × 10^286 |
| 112 | ov_112 | 1.6314899969585093 × 10^286 |
| 113 | ov_113 | 1.3567371419129265 × 10^286 |
| 114 | ov_114 | 1.1149846953605503 × 10^286 |
| 115 | ov_115 | 9.040561033345153 × 10^285 |
| 116 | ov_116 | 7.217977740015643 × 10^285 |
| 117 | ov_117 | 5.660729238893736 × 10^285 |
| 118 | ov_118 | 4.347566620043506 × 10^285 |
| 119 | ov_119 | 3.257321755642101 × 10^285 |
| 120 | ov_120 | 2.3688788112234228 × 10^285 |
| 121 | ov_121 | 1.661154048865001 × 10^285 |
| 122 | ov_122 | 1.1130825604684442 × 10^285 |
| 123 | ov_123 | 7.036101286464464 × 10^284 |
| 124 | ov_124 | 4.116881422755417 × 10^284 |
| 125 | ov_125 | 2.162704420902528 × 10^284 |
| 126 | ov_126 | 9.631170905198597 × 10^283 |
| 127 | aaa_77_28 | 3.076684460169302 × 10^283 |
| 128 | aaa_77_29 | 1.1541326911552967 × 10^283 |
| 129 | ov_129 | 1.0832593544701917 × 10^283 |
| 130 | ov_130 | 1.0832563636713901 × 10^283 |
| 131 | ov_131 | 1.0832556392314497 × 10^283 |
| 132 | ov_132 | 9.423351006705886 × 10^282 |
| 133 | ov_133 | 8.158422460614765 × 10^282 |
| 134 | ov_134 | 7.026940480223965 × 10^282 |
| 135 | ov_135 | 6.018668384886805 × 10^282 |
| 136 | ov_136 | 5.123920975977839 × 10^282 |
| 137 | ov_137 | 4.333527905145725 × 10^282 |
| 138 | ov_138 | 3.638802021591695 × 10^282 |
| 139 | ov_139 | 3.0315122242713815 × 10^282 |
| 140 | ov_140 | 2.503860370293138 × 10^282 |
| 141 | ov_141 | 2.048461815437647 × 10^282 |
| 142 | ov_142 | 1.6583291868027513 × 10^282 |
| 143 | ov_143 | 1.3268590112132078 × 10^282 |
| 144 | ov_144 | 1.047820846336022 × 10^282 |
| 145 | ov_145 | 8.153485844978925 × 10^281 |
| 146 | ov_146 | 6.2393362208426864 × 10^281 |
| 147 | ov_147 | 4.684196101661728 × 10^281 |
| 148 | ov_148 | 3.439985246935412 × 10^281 |
| 149 | ov_149 | 2.462078172420973 × 10^281 |
| 150 | ov_150 | 1.7092842992378397 × 10^281 |
| 151 | ov_151 | 1.1438348067953192 × 10^281 |
| 152 | ov_152 | 7.313744777355557 × 10^280 |
| 153 | ov_153 | 4.4095704903757505 × 10^280 |
| 154 | ov_154 | 2.450428093530314 × 10^280 |
| 155 | ov_155 | 1.1949744122784504 × 10^280 |
| 156 | aaa_76_25 | 4.3591480740389205 × 10^279 |
| 157 | aaa_76_26 | 2.5197485765098652 × 10^279 |
| 158 | aaa_76_27 | 1.291263738888438 × 10^279 |
| 159 | aaa_76_28 | 5.034752306825304 × 10^278 |
| 160 | aaa_76_29 | 1.5334086075222847 × 10^278 |

### Output Bits Sorted by Complexity

| Rank | Output Bit | Complexity |
|:----:|:----------:|:----------:|
| 160 | aaa_76_29 | 1.5334086075222847 × 10^278 |
| 159 | aaa_76_28 | 5.034752306825304 × 10^278 |
| 158 | aaa_76_27 | 1.291263738888438 × 10^279 |
| 157 | aaa_76_26 | 2.5197485765098652 × 10^279 |
| 156 | aaa_76_25 | 4.3591480740389205 × 10^279 |
| 155 | ov_155 | 1.1949744122784504 × 10^280 |
| 154 | ov_154 | 2.450428093530314 × 10^280 |
| 153 | ov_153 | 4.4095704903757505 × 10^280 |
| 152 | ov_152 | 7.313744777355557 × 10^280 |
| 151 | ov_151 | 1.1438348067953192 × 10^281 |
| 150 | ov_150 | 1.7092842992378397 × 10^281 |
| 149 | ov_149 | 2.462078172420973 × 10^281 |
| 148 | ov_148 | 3.439985246935412 × 10^281 |
| 147 | ov_147 | 4.684196101661728 × 10^281 |
| 146 | ov_146 | 6.2393362208426864 × 10^281 |
| 145 | ov_145 | 8.153485844978925 × 10^281 |
| 144 | ov_144 | 1.047820846336022 × 10^282 |
| 143 | ov_143 | 1.3268590112132078 × 10^282 |
| 142 | ov_142 | 1.6583291868027513 × 10^282 |
| 141 | ov_141 | 2.048461815437647 × 10^282 |
| 140 | ov_140 | 2.503860370293138 × 10^282 |
| 139 | ov_139 | 3.0315122242713815 × 10^282 |
| 138 | ov_138 | 3.638802021591695 × 10^282 |
| 137 | ov_137 | 4.333527905145725 × 10^282 |
| 136 | ov_136 | 5.123920975977839 × 10^282 |
| 135 | ov_135 | 6.018668384886805 × 10^282 |
| 134 | ov_134 | 7.026940480223965 × 10^282 |
| 133 | ov_133 | 8.158422460614765 × 10^282 |
| 132 | ov_132 | 9.423351006705886 × 10^282 |
| 131 | ov_131 | 1.0832556392314497 × 10^283 |
| 130 | ov_130 | 1.0832563636713901 × 10^283 |
| 129 | ov_129 | 1.0832593544701917 × 10^283 |
| 128 | aaa_77_29 | 1.1541326911552967 × 10^283 |
| 127 | aaa_77_28 | 3.076684460169302 × 10^283 |
| 126 | ov_126 | 9.631170905198597 × 10^283 |
| 125 | ov_125 | 2.162704420902528 × 10^284 |
| 124 | ov_124 | 4.116881422755417 × 10^284 |
| 123 | ov_123 | 7.036101286464464 × 10^284 |
| 122 | ov_122 | 1.1130825604684442 × 10^285 |
| 121 | ov_121 | 1.661154048865001 × 10^285 |
| 120 | ov_120 | 2.3688788112234228 × 10^285 |
| 119 | ov_119 | 3.257321755642101 × 10^285 |
| 118 | ov_118 | 4.347566620043506 × 10^285 |
| 117 | ov_117 | 5.660729238893736 × 10^285 |
| 116 | ov_116 | 7.217977740015643 × 10^285 |
| 115 | ov_115 | 9.040561033345153 × 10^285 |
| 114 | ov_114 | 1.1149846953605503 × 10^286 |
| 113 | ov_113 | 1.3567371419129265 × 10^286 |
| 112 | ov_112 | 1.6314899969585093 × 10^286 |
| 111 | ov_111 | 1.941450304642709 × 10^286 |
| 110 | ov_110 | 2.288864638187016 × 10^286 |
| 109 | ov_109 | 2.713483812420684 × 10^286 |
| 108 | ov_108 | 3.2574181187998047 × 10^286 |
| 107 | ov_107 | 3.9652144084914083 × 10^286 |
| 106 | ov_106 | 4.883949633839574 × 10^286 |
| 105 | ov_105 | 6.063343052204286 × 10^286 |
| 104 | ov_104 | 7.555889439324859 × 10^286 |
| 103 | ov_103 | 9.417015805281557 × 10^286 |
| 102 | ov_102 | 1.1705264255560138 × 10^287 |
| 101 | ov_101 | 1.448250379353576 × 10^287 |
| 100 | ov_100 | 1.7814174019884327 × 10^287 |
| 99 | ov_099 | 2.176956385014552 × 10^287 |
| 98 | ov_098 | 2.1769653324886407 × 10^287 |
| 97 | ov_097 | 2.1769933101577726 × 10^287 |
| 96 | aaa_78_29 | 4.112849510332007 × 10^287 |
| 95 | aaa_78_28 | 1.3767347579885189 × 10^288 |
| 94 | ov_094 | 4.5373991213947696 × 10^288 |
| 93 | ov_093 | 1.0792244343415521 × 10^289 |
| 92 | ov_092 | 2.1982851628215515 × 10^289 |
| 91 | ov_091 | 4.232373138552931 × 10^289 |
| 90 | ov_090 | 7.70921467072623 × 10^289 |
| 89 | ov_089 | 1.3262830871902392 × 10^290 |
| 88 | ov_088 | 2.1633579714838693 × 10^290 |
| 87 | ov_087 | 3.366823432199275 × 10^290 |
| 86 | ov_086 | 5.032011335383794 × 10^290 |
| 85 | ov_085 | 7.264928019365576 × 10^290 |
| 84 | ov_084 | 1.0182282776823173 × 10^291 |
| 83 | ov_083 | 1.3911526584572489 × 10^291 |
| 82 | ov_082 | 1.859090276558245 × 10^291 |
| 81 | ov_081 | 2.4369511268459964 × 10^291 |
| 64 | lv_79_m31 | 2.744161354582566 × 10^291 |
| 80 | ov_080 | 3.140738825093496 × 10^291 |
| 79 | ov_079 | 3.987560265606168 × 10^291 |
| 78 | ov_078 | 4.9956371473408196 × 10^291 |
| 77 | ov_077 | 6.184319538303723 × 10^291 |
| 76 | ov_076 | 7.574101648830491 × 10^291 |
| 75 | ov_075 | 9.18663998552484 × 10^291 |
| 74 | ov_074 | 1.1044774059253237 × 10^292 |
| 73 | ov_073 | 1.317254982276258 × 10^292 |
| 63 | ov_063 | 1.4070120029980538 × 10^292 |
| 72 | ov_072 | 1.5595246390863866 × 10^292 |
| 71 | ov_071 | 1.8339407746341037 × 10^292 |
| 70 | ov_070 | 2.143288235542009 × 10^292 |
| 69 | ov_069 | 2.490487416086198 × 10^292 |
| 68 | ov_068 | 2.87860086197643 × 10^292 |
| 67 | ov_067 | 3.3108417660454155 × 10^292 |
| 66 | ov_066 | 3.310843627171781 × 10^292 |
| 65 | ov_065 | 3.31085149879933 × 10^292 |
| 62 | ov_062 | 7.212637037990938 × 10^292 |
| 61 | ov_061 | 2.627173148714059 × 10^293 |
| 60 | ov_060 | 7.51522688054953 × 10^293 |
| 59 | ov_059 | 1.812180197916717 × 10^294 |
| 58 | ov_058 | 3.676194182584015 × 10^294 |
| 57 | ov_057 | 6.639634066232927 × 10^294 |
| 56 | ov_056 | 1.135920606247413 × 10^295 |
| 55 | ov_055 | 1.8620757442513206 × 10^295 |
| 54 | ov_054 | 2.933929681735076 × 10^295 |
| 53 | ov_053 | 4.4559034956718886 × 10^295 |
| 52 | ov_052 | 6.545346063341014 × 10^295 |
| 51 | ov_051 | 9.33254762489569 × 10^295 |
| 50 | ov_050 | 1.2960762989794253 × 10^296 |
| 49 | ov_049 | 1.7586249034162696 × 10^296 |
| 48 | ov_048 | 2.337832198674223 × 10^296 |
| 47 | ov_047 | 3.0519440852172093 × 10^296 |
| 32 | lv_80_m31 | 3.3711756160715263 × 10^296 |
| 46 | ov_046 | 3.92053241723214 × 10^296 |
| 45 | ov_045 | 4.964510817969956 × 10^296 |
| 44 | ov_044 | 6.20615552522602 × 10^296 |
| 43 | ov_043 | 7.669132243695863 × 10^296 |
| 42 | ov_042 | 9.37853006711544 × 10^296 |
| 41 | ov_041 | 1.1360903619732107 × 10^297 |
| 40 | ov_040 | 1.3644324653861569 × 10^297 |
| 39 | ov_039 | 1.6258444428199704 × 10^297 |
| 31 | ov_031 | 1.72858234419438 × 10^297 |
| 38 | ov_038 | 1.923456828032266 × 10^297 |
| 37 | ov_037 | 2.2605743896580194 × 10^297 |
| 36 | ov_036 | 2.6406864873535848 × 10^297 |
| 35 | ov_035 | 3.0674791257416867 × 10^297 |
| 34 | ov_034 | 3.544848884190431 × 10^297 |
| 33 | ov_033 | 4.076918910023424 × 10^297 |
| 30 | ov_030 | 8.861570406527145 × 10^297 |
| 29 | ov_029 | 2.898422421560647 × 10^298 |
| 28 | ov_028 | 7.521071961600708 × 10^298 |
| 27 | ov_027 | 1.8117695424330694 × 10^299 |
| 26 | ov_026 | 3.9586600449255 × 10^299 |
| 25 | ov_025 | 7.841402958866092 × 10^299 |
| 24 | ov_024 | 1.4267420046935415 × 10^300 |
| 23 | ov_023 | 2.420294304231563 × 10^300 |
| 22 | ov_022 | 3.877304522146731 × 10^300 |
| 21 | ov_021 | 5.926170843979377 × 10^300 |
| 20 | ov_020 | 8.711194540258067 × 10^300 |
| 19 | ov_019 | 1.239260023025833 × 10^301 |
| 18 | ov_018 | 1.714656805818518 × 10^301 |
| 17 | ov_017 | 2.3165283320607038 × 10^301 |
| 16 | ov_016 | 3.0657010348723367 × 10^301 |
| 15 | ov_015 | 3.9846198482566477 × 10^301 |
| 14 | ov_014 | 5.097362900826208 × 10^301 |
| 13 | ov_013 | 6.429661296440471 × 10^301 |
| 12 | ov_012 | 8.008925076008936 × 10^301 |
| 11 | ov_011 | 9.864276558615618 × 10^301 |
| 10 | ov_010 | 1.202659236441297 × 10^302 |
| 9 | ov_009 | 1.4528555526602277 × 10^302 |
| 8 | ov_008 | 1.7404719205502597 × 10^302 |
| 7 | ov_007 | 2.0691583624511634 × 10^302 |
| 6 | ov_006 | 2.442768795604877 × 10^302 |
| 5 | ov_005 | 2.8653718995785516 × 10^302 |
| 4 | ov_004 | 3.3412638576136514 × 10^302 |
| 3 | ov_003 | 3.8749831785719174 × 10^302 |
| 2 | ov_002 | 4.471327818099939 × 10^302 |
| 1 | ov_001 | 5.1353748300437475 × 10^302 |

