# Results for F001-F002-F003-F004-F005-F006-F007-F008-F009-F010-F011-F012-F013-F014-F015-F016-F017-F018-F019-F020-F021-F022-F023-F024-F025-F026-F027-F028-F029-F030-F031-F032-F033-F034-F035-F036-F037-F038-F039-F040-F041-F042-F043-F044-F045-F046-F047-F048-F049-F050-F051-F052-F053-F054-F055-F056-F057-F058-F059-F060-F061-F062-F063-F064-F065-F066-F067-F068-F069-F070-F071-F072-F073-F074-F075-F076-F077-F078-F079-F080-F081-F082-F083-F084-F085-F086-F087-F088-F089-F090-F091-F092-F093-F094-F095-F096-F097-F098-F099-F100-F101-F102-F103-F104-F105-F106-F107-F108-F109-F110-F111-F112-F113-F114-F115-F116-F117-F118-F119-F120-F121-F122-F123-F124-F125-F126-F127-F128-F129-F130-F131-F132-F133-F134-F135-F136-F137-F138-F139-F140-F141-F142-F143-F144-F145-F146-F147-F148-F149-F150-F151-F152-F153-F154-F155-F156-F157-F158-F159-F160-F161-F162-F163-F164-F165-F166-F167-F168-F169-F170-F171-F172-F173-F174-F175-F176-F177-F178-F179-F180-F181-F182-F183-F184-F185-F186-F187-F188-F189-F190-F191-F192-F193-F194-F195-F196-F197-F198-F199-F200-F201-F202-F203-F204-F205-F206-F207-F208-F209-F210-F211-F212-F213-F214-F215-F216-F217-F218-F219-F220-F221-F222-F223-F224-F225-F226-F227-F228-F229-F230-F231-F232-F233-F234-F235-F236-F237-F238-F239-F240-F241-F242-F243-F244-F245-F246-F247-F248-F249-F250-F251-F252-F253-F254-F255-F256-F257-F258-F259-F260-F261-F262-F263-F264-F265-F266-F267-F268-F269-F270-F271-F272-F273-F274-F275-F276-F277-F278-F279-F280-F281-F282-F283-F284-F285-F286-F287-F288-F289-F290-F291-F292-F293-F294-F295-F296-F297-F298-F299-F300-F301-F302-F303-F304-F305-F306-F307-F308-F309-F310-F311-F312-F313-F314-F315-F316-F317-F318-F319-F320-F321-F322-F323-F324-F325-F326-F327-F328-F329-F330-F331-F332-F333-F334-F335-F336-F337-F338-F339-F340-F341-F342-F343-F344-F345-F346-F347-F348-F349-F350-F351-F352-F353-F354-F355-F356-F357-F358-F359-F360-F361-F362-F363-F364-F365-F366-F367-F368-F369-F370-F371-F372-F373-F374-F375-F376-F377-F378-F379-F380-F381-F382-F383-F384-F385-F386-F387-F388-F389-F390-F391-F392-F393-F394-F395-F396-F397-F398-F399-F400-F401-F402-F403-F404-F405-F406-F407-F408-F409-F410-F411-F412-F413-F414-F415-F416-F417-F418-F419-F420-F421-F422-F423-F424-F425-F426-F427-F428-F429-F430-F431-F432-F433-F434-F435-F436-F437-F438-F439-F440-F441-F442-F443-F444-F445-F446-F447-F448-F449-F450-F451-F452-F453-F454-F455-F456-F457-F458-F459-F460-F461-F462-F463-F464-F465-F466-F467-F468-F469-F470-F471-F472-F473-F474-F475-F476-F477-F478-F479-F480-F481-F482-F483-F484-F485-F486-F487-F488-F489-F490-F491-F492-F493-F494-F495-F496-E500511-E503504-E507512

## Summary

Number of input bits: 512  
Number of free input bits: 13  
Number of output bits: 160

Number of direct occurrences: 53227  
Number of assignments: 32184  
Number of operations: 11403028
(xor: 11374392,
and: 14899,
or: 13737)

Total complexity: 9.170134103140524 × 10^302

Least occurring input variable: iv_502 (3907)  
Most occurring input variable: iv_507 (4351)

Most co-occurring input variables: iv_499-iv_510 (2044)  
Least co-occurring input variables: iv_498-iv_502 (1776)

Potentially most occurring input variable: iv_500/iv_507 (4600)  
Potentially least occurring input variable: iv_499/iv_508 (4104)

Least output occurring input variable: iv_508 (70)  
Most output occurring input variable: iv_497 (93)

Most output co-occurring input variables: iv_497-iv_502 (52)  
Least output co-occurring input variables: iv_502-iv_508 (30)

Potentially most output occurring input variable: iv_500/iv_502 (94)  
Potentially least output occurring input variable: iv_503/iv_508 (68)

Least complex input bit: iv_497 (6.542534078668616 × 10^299)  
Most complex input bit: iv_510 (2.2771919004597983 × 10^302)

Least complex output bit: aaa_76_29 (1.4749936268534504 × 10^278)  
Most complex output bit: ov_001 (1.426727047094835 × 10^302)

Least complex input/output complexity: iv_497/aaa_76_29 (1.052350593891838 × 10^275)  
Most complex input/output complexity: iv_510/ov_001 (3.54294848828723 × 10^301)

## Input Bits

### Input Bits in Regular Order

| Input Bit | Complexity | Occurrences | Output Occurrences |
|:---------:|:----------:|:-----------:|:------------------:|
| iv_497 | 6.542534078668616 × 10^299 | 4158 | 93 |
| iv_498 | 1.3197694294231686 × 10^300 | 3967 | 88 |
| iv_499 | 2.3497702682197757 × 10^300 | 4135 | 81 |
| iv_500 | 7.141831136418283 × 10^301 | 4203 | 80 |
| iv_501 | 6.786478791804707 × 10^300 | 4116 | 83 |
| iv_502 | 1.1030656736402634 × 10^301 | 3907 | 82 |
| iv_503 | 3.318583726638519 × 10^301 | 4265 | 70 |
| iv_505 | 4.051805159379243 × 10^301 | 3945 | 79 |
| iv_506 | 6.019771095756948 × 10^301 | 3979 | 82 |
| iv_507 | 1.6586633278090167 × 10^302 | 4351 | 72 |
| iv_508 | 1.2482011271504683 × 10^302 | 4021 | 70 |
| iv_509 | 1.7114693495647596 × 10^302 | 4027 | 78 |
| iv_510 | 2.2771919004597983 × 10^302 | 4153 | 79 |

### Input Bits Sorted by Complexity

| Input Bit | Complexity | Occurrences | Output Occurrences |
|:---------:|:----------:|:-----------:|:------------------:|
| iv_497 | 6.542534078668616 × 10^299 | 4158 | 93 |
| iv_498 | 1.3197694294231686 × 10^300 | 3967 | 88 |
| iv_499 | 2.3497702682197757 × 10^300 | 4135 | 81 |
| iv_501 | 6.786478791804707 × 10^300 | 4116 | 83 |
| iv_502 | 1.1030656736402634 × 10^301 | 3907 | 82 |
| iv_503 | 3.318583726638519 × 10^301 | 4265 | 70 |
| iv_505 | 4.051805159379243 × 10^301 | 3945 | 79 |
| iv_506 | 6.019771095756948 × 10^301 | 3979 | 82 |
| iv_500 | 7.141831136418283 × 10^301 | 4203 | 80 |
| iv_508 | 1.2482011271504683 × 10^302 | 4021 | 70 |
| iv_507 | 1.6586633278090167 × 10^302 | 4351 | 72 |
| iv_509 | 1.7114693495647596 × 10^302 | 4027 | 78 |
| iv_510 | 2.2771919004597983 × 10^302 | 4153 | 79 |

### Input Bits Sorted by Occurrences

| Input Bit | Complexity | Occurrences | Output Occurrences |
|:---------:|:----------:|:-----------:|:------------------:|
| iv_502 | 1.1030656736402634 × 10^301 | 3907 | 82 |
| iv_505 | 4.051805159379243 × 10^301 | 3945 | 79 |
| iv_498 | 1.3197694294231686 × 10^300 | 3967 | 88 |
| iv_506 | 6.019771095756948 × 10^301 | 3979 | 82 |
| iv_508 | 1.2482011271504683 × 10^302 | 4021 | 70 |
| iv_509 | 1.7114693495647596 × 10^302 | 4027 | 78 |
| iv_501 | 6.786478791804707 × 10^300 | 4116 | 83 |
| iv_499 | 2.3497702682197757 × 10^300 | 4135 | 81 |
| iv_510 | 2.2771919004597983 × 10^302 | 4153 | 79 |
| iv_497 | 6.542534078668616 × 10^299 | 4158 | 93 |
| iv_500 | 7.141831136418283 × 10^301 | 4203 | 80 |
| iv_503 | 3.318583726638519 × 10^301 | 4265 | 70 |
| iv_507 | 1.6586633278090167 × 10^302 | 4351 | 72 |

### Input Bits Sorted by Output Occurrences

| Input Bit | Complexity | Occurrences | Output Occurrences |
|:---------:|:----------:|:-----------:|:------------------:|
| iv_508 | 1.2482011271504683 × 10^302 | 4021 | 70 |
| iv_503 | 3.318583726638519 × 10^301 | 4265 | 70 |
| iv_507 | 1.6586633278090167 × 10^302 | 4351 | 72 |
| iv_509 | 1.7114693495647596 × 10^302 | 4027 | 78 |
| iv_505 | 4.051805159379243 × 10^301 | 3945 | 79 |
| iv_510 | 2.2771919004597983 × 10^302 | 4153 | 79 |
| iv_500 | 7.141831136418283 × 10^301 | 4203 | 80 |
| iv_499 | 2.3497702682197757 × 10^300 | 4135 | 81 |
| iv_502 | 1.1030656736402634 × 10^301 | 3907 | 82 |
| iv_506 | 6.019771095756948 × 10^301 | 3979 | 82 |
| iv_501 | 6.786478791804707 × 10^300 | 4116 | 83 |
| iv_498 | 1.3197694294231686 × 10^300 | 3967 | 88 |
| iv_497 | 6.542534078668616 × 10^299 | 4158 | 93 |

## Input Bit Co-occurrences

### Input Bit Co-occurrences Sorted by Co-occurrences

| Input Bits | Co-occurrences | Potential Occurrences | Output Co-occurrences | Potential Output Occurrences |
|:----------:|:--------------:|:---------------------:|:---------------------:|:----------------------------:|
| iv_499-iv_510 | 2044 | 4200 | 43 | 74 |
| iv_503-iv_507 | 2033 | 4550 | 36 | 70 |
| iv_499-iv_508 | 2026 | 4104 | 38 | 75 |
| iv_499-iv_507 | 2025 | 4436 | 37 | 79 |
| iv_500-iv_503 | 2022 | 4424 | 39 | 72 |
| iv_497-iv_501 | 2018 | 4238 | 48 | 80 |
| iv_497-iv_503 | 2018 | 4387 | 44 | 75 |
| iv_501-iv_507 | 2016 | 4435 | 36 | 83 |
| iv_497-iv_499 | 2005 | 4283 | 43 | 88 |
| iv_499-iv_500 | 2004 | 4330 | 41 | 79 |
| iv_499-iv_503 | 2004 | 4392 | 30 | 91 |
| iv_507-iv_510 | 1997 | 4510 | 33 | 85 |
| iv_497-iv_507 | 1996 | 4517 | 44 | 77 |

### Input Bit Co-occurrences Sorted by Potential Occurrences

| Input Bits | Co-occurrences | Potential Occurrences | Output Co-occurrences | Potential Output Occurrences |
|:----------:|:--------------:|:---------------------:|:---------------------:|:----------------------------:|
| iv_499-iv_508 | 2026 | 4104 | 38 | 75 |
| iv_506-iv_509 | 1920 | 4166 | 43 | 74 |
| iv_501-iv_505 | 1945 | 4171 | 45 | 72 |
| iv_502-iv_505 | 1839 | 4174 | 36 | 89 |
| iv_506-iv_508 | 1912 | 4176 | 37 | 78 |
| iv_499-iv_502 | 1933 | 4176 | 41 | 81 |
| iv_508-iv_509 | 1934 | 4180 | 35 | 78 |
| iv_499-iv_509 | 1987 | 4188 | 41 | 77 |
| iv_498-iv_508 | 1897 | 4194 | 37 | 84 |
| iv_499-iv_506 | 1957 | 4200 | 39 | 85 |
| iv_499-iv_510 | 2044 | 4200 | 43 | 74 |
| iv_498-iv_510 | 1953 | 4214 | 48 | 71 |
| iv_497-iv_506 | 1960 | 4217 | 51 | 73 |

### Input Bit Output Co-occurrences Sorted by Output Co-occurrences

| Input Bits | Co-occurrences | Potential Occurrences | Output Co-occurrences | Potential Output Occurrences |
|:----------:|:--------------:|:---------------------:|:---------------------:|:----------------------------:|
| iv_497-iv_502 | 1910 | 4245 | 52 | 71 |
| iv_497-iv_506 | 1960 | 4217 | 51 | 73 |
| iv_497-iv_498 | 1903 | 4319 | 50 | 81 |
| iv_498-iv_501 | 1887 | 4309 | 48 | 75 |
| iv_498-iv_510 | 1953 | 4214 | 48 | 71 |
| iv_497-iv_501 | 2018 | 4238 | 48 | 80 |
| iv_497-iv_500 | 1952 | 4457 | 48 | 77 |
| iv_497-iv_510 | 1949 | 4413 | 48 | 76 |
| iv_497-iv_509 | 1941 | 4303 | 48 | 75 |
| iv_497-iv_505 | 1916 | 4271 | 47 | 78 |
| iv_498-iv_502 | 1776 | 4322 | 46 | 78 |
| iv_498-iv_507 | 1925 | 4468 | 46 | 68 |
| iv_501-iv_505 | 1945 | 4171 | 45 | 72 |

### Input Bit Output Co-occurrences Sorted by Potential Output Occurrences

| Input Bits | Co-occurrences | Potential Occurrences | Output Co-occurrences | Potential Output Occurrences |
|:----------:|:--------------:|:---------------------:|:---------------------:|:----------------------------:|
| iv_503-iv_508 | 1965 | 4356 | 36 | 68 |
| iv_498-iv_507 | 1925 | 4468 | 46 | 68 |
| iv_503-iv_507 | 2033 | 4550 | 36 | 70 |
| iv_500-iv_508 | 1929 | 4366 | 40 | 70 |
| iv_498-iv_510 | 1953 | 4214 | 48 | 71 |
| iv_497-iv_502 | 1910 | 4245 | 52 | 71 |
| iv_501-iv_505 | 1945 | 4171 | 45 | 72 |
| iv_500-iv_503 | 2022 | 4424 | 39 | 72 |
| iv_506-iv_510 | 1956 | 4220 | 44 | 73 |
| iv_497-iv_506 | 1960 | 4217 | 51 | 73 |
| iv_500-iv_510 | 1985 | 4386 | 43 | 73 |
| iv_499-iv_510 | 2044 | 4200 | 43 | 74 |
| iv_500-iv_509 | 1920 | 4390 | 42 | 74 |

## Output Bits

### Output Bits in Regular Order

| Rank | Output Bit | Complexity |
|:----:|:----------:|:----------:|
| 1 | ov_001 | 1.426727047094835 × 10^302 |
| 2 | ov_002 | 1.2422403885148072 × 10^302 |
| 3 | ov_003 | 1.0765626601499007 × 10^302 |
| 4 | ov_004 | 9.2828341317609 × 10^301 |
| 5 | ov_005 | 7.96069728952912 × 10^301 |
| 6 | ov_006 | 6.786607598956711 × 10^301 |
| 7 | ov_007 | 5.748629734098195 × 10^301 |
| 8 | ov_008 | 4.835460346797681 × 10^301 |
| 9 | ov_009 | 4.0363926755112925 × 10^301 |
| 10 | ov_010 | 3.341286360660853 × 10^301 |
| 11 | ov_011 | 2.7405419242839024 × 10^301 |
| 12 | ov_012 | 2.225079403068316 × 10^301 |
| 13 | ov_013 | 1.7863206545056065 × 10^301 |
| 14 | ov_014 | 1.416174886009151 × 10^301 |
| 15 | ov_015 | 1.10702698654342 × 10^301 |
| 16 | ov_016 | 8.517282696990276 × 10^300 |
| 17 | ov_017 | 6.435892663087285 × 10^300 |
| 18 | ov_018 | 4.763742336975614 × 10^300 |
| 19 | ov_019 | 3.44297077547508 × 10^300 |
| 20 | ov_020 | 2.42018411171817 × 10^300 |
| 21 | ov_021 | 1.6464350576386472 × 10^300 |
| 22 | ov_022 | 1.0772091392845416 × 10^300 |
| 23 | ov_023 | 6.7241577531289165 × 10^299 |
| 24 | ov_024 | 3.963826604782819 × 10^299 |
| 25 | ov_025 | 2.1785237791197338 × 10^299 |
| 26 | ov_026 | 1.099805425445749 × 10^299 |
| 27 | ov_027 | 5.033492710919244 × 10^298 |
| 28 | ov_028 | 2.0895117321818708 × 10^298 |
| 29 | ov_029 | 8.052400819132092 × 10^297 |
| 30 | ov_030 | 2.461914419818148 × 10^297 |
| 31 | ov_031 | 4.8023141471793694 × 10^296 |
| 32 | lv_80_m31 | 9.365694703342693 × 10^295 |
| 33 | ov_033 | 1.1325324744666107 × 10^297 |
| 34 | ov_034 | 9.847074717275725 × 10^296 |
| 35 | ov_035 | 8.520803289174647 × 10^296 |
| 36 | ov_036 | 7.3350607440445605 × 10^296 |
| 37 | ov_037 | 6.27902447845801 × 10^296 |
| 38 | ov_038 | 5.342455008058568 × 10^296 |
| 39 | ov_039 | 4.51565769093217 × 10^296 |
| 40 | ov_040 | 3.789449629655951 × 10^296 |
| 41 | ov_041 | 3.1551312463428157 × 10^296 |
| 42 | ov_042 | 2.6044620561297146 × 10^296 |
| 43 | ov_043 | 2.1296401941888785 × 10^296 |
| 44 | ov_044 | 1.723285279663725 × 10^296 |
| 45 | ov_045 | 1.3784242271215128 × 10^296 |
| 46 | ov_046 | 1.0884796423365313 × 10^296 |
| 47 | ov_047 | 8.472604646209445 × 10^295 |
| 48 | ov_048 | 6.489545426427073 × 10^295 |
| 49 | ov_049 | 4.881228548354706 × 10^295 |
| 50 | ov_050 | 3.5969510922538983 × 10^295 |
| 51 | ov_051 | 2.589664808725545 × 10^295 |
| 52 | ov_052 | 1.8159526823570956 × 10^295 |
| 53 | ov_053 | 1.2360127269041538 × 10^295 |
| 54 | ov_054 | 8.136472822223678 × 10^294 |
| 55 | ov_055 | 5.1625631024565084 × 10^294 |
| 56 | ov_056 | 3.1483341389540063 × 10^294 |
| 57 | ov_057 | 1.8396356647113017 × 10^294 |
| 58 | ov_058 | 1.0182186315902955 × 10^294 |
| 59 | ov_059 | 5.017288703409617 × 10^293 |
| 60 | ov_060 | 2.0796251371133213 × 10^293 |
| 61 | ov_061 | 7.266138840863958 × 10^292 |
| 62 | ov_062 | 1.9938308760517607 × 10^292 |
| 63 | ov_063 | 3.8874550639142613 × 10^291 |
| 64 | lv_79_m31 | 7.578058313880993 × 10^290 |
| 65 | ov_065 | 9.158484472307818 × 10^291 |
| 66 | ov_066 | 9.158457801532617 × 10^291 |
| 67 | ov_067 | 9.158451274618707 × 10^291 |
| 68 | ov_068 | 7.95115935634631 × 10^291 |
| 69 | ov_069 | 6.870784853651505 × 10^291 |
| 70 | ov_070 | 5.907223309880011 × 10^291 |
| 71 | ov_071 | 5.0509915739914173 × 10^291 |
| 72 | ov_072 | 4.293185741742793 × 10^291 |
| 73 | ov_073 | 3.625442824572437 × 10^291 |
| 74 | ov_074 | 3.039905946710911 × 10^291 |
| 75 | ov_075 | 2.5291928790106464 × 10^291 |
| 76 | ov_076 | 2.0863677245953002 × 10^291 |
| 77 | ov_077 | 1.7049155768498416 × 10^291 |
| 78 | ov_078 | 1.3787199746555558 × 10^291 |
| 79 | ov_079 | 1.1020429832634669 × 10^291 |
| 80 | ov_080 | 8.695077319272765 × 10^290 |
| 81 | ov_081 | 6.760832415043139 × 10^290 |
| 82 | ov_082 | 5.170713767912534 × 10^290 |
| 83 | ov_083 | 3.880957594910064 × 10^290 |
| 84 | ov_084 | 2.850924784982445 × 10^290 |
| 85 | ov_085 | 2.0430243472304027 × 10^290 |
| 86 | ov_086 | 1.422651580141448 × 10^290 |
| 87 | ov_087 | 9.581393395364155 × 10^289 |
| 88 | ov_088 | 6.207207841881935 × 10^289 |
| 89 | ov_089 | 3.845019787724787 × 10^289 |
| 90 | ov_090 | 2.2644273418014723 × 10^289 |
| 91 | ov_091 | 1.263440653981278 × 10^289 |
| 92 | ov_092 | 6.684066080174156 × 10^288 |
| 93 | ov_093 | 3.33968366869838 × 10^288 |
| 94 | ov_094 | 1.430465817407807 × 10^288 |
| 95 | aaa_78_28 | 4.416958728771637 × 10^287 |
| 96 | aaa_78_29 | 1.356383558794348 × 10^287 |
| 97 | ov_097 | 8.952232598834956 × 10^286 |
| 98 | ov_098 | 8.951963480196507 × 10^286 |
| 99 | ov_099 | 8.951877413983028 × 10^286 |
| 100 | ov_100 | 8.053765904519366 × 10^286 |
| 101 | ov_101 | 7.222303759309472 × 10^286 |
| 102 | ov_102 | 6.453788302586454 × 10^286 |
| 103 | ov_103 | 5.744784958440904 × 10^286 |
| 104 | ov_104 | 5.092093566680702 × 10^286 |
| 105 | ov_105 | 4.492717701012424 × 10^286 |
| 106 | ov_106 | 3.9438368301411945 × 10^286 |
| 107 | ov_107 | 3.4427811686617137 × 10^286 |
| 108 | ov_108 | 2.987009069788159 × 10^286 |
| 109 | ov_109 | 2.574086816184436 × 10^286 |
| 110 | ov_110 | 2.2016706685318463 × 10^286 |
| 111 | ov_111 | 1.8674910341267716 × 10^286 |
| 112 | ov_112 | 1.5693386198459718 × 10^286 |
| 113 | ov_113 | 1.3050524353521658 × 10^286 |
| 114 | ov_114 | 1.0725095135296785 × 10^286 |
| 115 | ov_115 | 8.696162159224053 × 10^285 |
| 116 | ov_116 | 6.943009914686695 × 10^285 |
| 117 | ov_117 | 5.445084571556314 × 10^285 |
| 118 | ov_118 | 4.181946694069129 × 10^285 |
| 119 | ov_119 | 3.133234551191449 × 10^285 |
| 120 | ov_120 | 2.27863671313841 × 10^285 |
| 121 | ov_121 | 1.5978726239555642 × 10^285 |
| 122 | ov_122 | 1.0706798401930943 × 10^285 |
| 123 | ov_123 | 6.76806201851167 × 10^284 |
| 124 | ov_124 | 3.960049416239732 × 10^284 |
| 125 | ov_125 | 2.080316506605139 × 10^284 |
| 126 | ov_126 | 9.264272832835167 × 10^283 |
| 127 | aaa_77_28 | 2.9594786075457824 × 10^283 |
| 128 | aaa_77_29 | 1.110166172047227 × 10^283 |
| 129 | ov_129 | 1.0419927449440082 × 10^283 |
| 130 | ov_130 | 1.0419898680792577 × 10^283 |
| 131 | ov_131 | 1.0419891712367527 × 10^283 |
| 132 | ov_132 | 9.06436980352755 × 10^282 |
| 133 | ov_133 | 7.847628528725301 × 10^282 |
| 134 | ov_134 | 6.75925019186919 × 10^282 |
| 135 | ov_135 | 5.789388077191532 × 10^282 |
| 136 | ov_136 | 4.92872594231749 × 10^282 |
| 137 | ov_137 | 4.168442781999079 × 10^282 |
| 138 | ov_138 | 3.5001823811995256 × 10^282 |
| 139 | ov_139 | 2.916027201486563 × 10^282 |
| 140 | ov_140 | 2.4084761691019964 × 10^282 |
| 141 | ov_141 | 1.9704259567874292 × 10^282 |
| 142 | ov_142 | 1.5951553746078575 × 10^282 |
| 143 | ov_143 | 1.2763125077502281 × 10^282 |
| 144 | ov_144 | 1.0079042616873794 × 10^282 |
| 145 | ov_145 | 7.842879972753091 × 10^281 |
| 146 | ov_146 | 6.0016496036299365 × 10^281 |
| 147 | ov_147 | 4.505752323933277 × 10^281 |
| 148 | ov_148 | 3.308939503018856 × 10^281 |
| 149 | ov_149 | 2.3682856580568328 × 10^281 |
| 150 | ov_150 | 1.6441693593531227 × 10^281 |
| 151 | ov_151 | 1.100260584112917 × 10^281 |
| 152 | ov_152 | 7.035128720493617 × 10^280 |
| 153 | ov_153 | 4.241588535866331 × 10^280 |
| 154 | ov_154 | 2.3570793872482784 × 10^280 |
| 155 | ov_155 | 1.1494520336700576 × 10^280 |
| 156 | aaa_76_25 | 4.193086954237968 × 10^279 |
| 157 | aaa_76_26 | 2.423759116384829 × 10^279 |
| 158 | aaa_76_27 | 1.2420732322123245 × 10^279 |
| 159 | aaa_76_28 | 4.842954140809534 × 10^278 |
| 160 | aaa_76_29 | 1.4749936268534504 × 10^278 |

### Output Bits Sorted by Complexity

| Rank | Output Bit | Complexity |
|:----:|:----------:|:----------:|
| 160 | aaa_76_29 | 1.4749936268534504 × 10^278 |
| 159 | aaa_76_28 | 4.842954140809534 × 10^278 |
| 158 | aaa_76_27 | 1.2420732322123245 × 10^279 |
| 157 | aaa_76_26 | 2.423759116384829 × 10^279 |
| 156 | aaa_76_25 | 4.193086954237968 × 10^279 |
| 155 | ov_155 | 1.1494520336700576 × 10^280 |
| 154 | ov_154 | 2.3570793872482784 × 10^280 |
| 153 | ov_153 | 4.241588535866331 × 10^280 |
| 152 | ov_152 | 7.035128720493617 × 10^280 |
| 151 | ov_151 | 1.100260584112917 × 10^281 |
| 150 | ov_150 | 1.6441693593531227 × 10^281 |
| 149 | ov_149 | 2.3682856580568328 × 10^281 |
| 148 | ov_148 | 3.308939503018856 × 10^281 |
| 147 | ov_147 | 4.505752323933277 × 10^281 |
| 146 | ov_146 | 6.0016496036299365 × 10^281 |
| 145 | ov_145 | 7.842879972753091 × 10^281 |
| 144 | ov_144 | 1.0079042616873794 × 10^282 |
| 143 | ov_143 | 1.2763125077502281 × 10^282 |
| 142 | ov_142 | 1.5951553746078575 × 10^282 |
| 141 | ov_141 | 1.9704259567874292 × 10^282 |
| 140 | ov_140 | 2.4084761691019964 × 10^282 |
| 139 | ov_139 | 2.916027201486563 × 10^282 |
| 138 | ov_138 | 3.5001823811995256 × 10^282 |
| 137 | ov_137 | 4.168442781999079 × 10^282 |
| 136 | ov_136 | 4.92872594231749 × 10^282 |
| 135 | ov_135 | 5.789388077191532 × 10^282 |
| 134 | ov_134 | 6.75925019186919 × 10^282 |
| 133 | ov_133 | 7.847628528725301 × 10^282 |
| 132 | ov_132 | 9.06436980352755 × 10^282 |
| 131 | ov_131 | 1.0419891712367527 × 10^283 |
| 130 | ov_130 | 1.0419898680792577 × 10^283 |
| 129 | ov_129 | 1.0419927449440082 × 10^283 |
| 128 | aaa_77_29 | 1.110166172047227 × 10^283 |
| 127 | aaa_77_28 | 2.9594786075457824 × 10^283 |
| 126 | ov_126 | 9.264272832835167 × 10^283 |
| 125 | ov_125 | 2.080316506605139 × 10^284 |
| 124 | ov_124 | 3.960049416239732 × 10^284 |
| 123 | ov_123 | 6.76806201851167 × 10^284 |
| 122 | ov_122 | 1.0706798401930943 × 10^285 |
| 121 | ov_121 | 1.5978726239555642 × 10^285 |
| 120 | ov_120 | 2.27863671313841 × 10^285 |
| 119 | ov_119 | 3.133234551191449 × 10^285 |
| 118 | ov_118 | 4.181946694069129 × 10^285 |
| 117 | ov_117 | 5.445084571556314 × 10^285 |
| 116 | ov_116 | 6.943009914686695 × 10^285 |
| 115 | ov_115 | 8.696162159224053 × 10^285 |
| 114 | ov_114 | 1.0725095135296785 × 10^286 |
| 113 | ov_113 | 1.3050524353521658 × 10^286 |
| 112 | ov_112 | 1.5693386198459718 × 10^286 |
| 111 | ov_111 | 1.8674910341267716 × 10^286 |
| 110 | ov_110 | 2.2016706685318463 × 10^286 |
| 109 | ov_109 | 2.574086816184436 × 10^286 |
| 108 | ov_108 | 2.987009069788159 × 10^286 |
| 107 | ov_107 | 3.4427811686617137 × 10^286 |
| 106 | ov_106 | 3.9438368301411945 × 10^286 |
| 105 | ov_105 | 4.492717701012424 × 10^286 |
| 104 | ov_104 | 5.092093566680702 × 10^286 |
| 103 | ov_103 | 5.744784958440904 × 10^286 |
| 102 | ov_102 | 6.453788302586454 × 10^286 |
| 101 | ov_101 | 7.222303759309472 × 10^286 |
| 100 | ov_100 | 8.053765904519366 × 10^286 |
| 99 | ov_099 | 8.951877413983028 × 10^286 |
| 98 | ov_098 | 8.951963480196507 × 10^286 |
| 97 | ov_097 | 8.952232598834956 × 10^286 |
| 96 | aaa_78_29 | 1.356383558794348 × 10^287 |
| 95 | aaa_78_28 | 4.416958728771637 × 10^287 |
| 94 | ov_094 | 1.430465817407807 × 10^288 |
| 93 | ov_093 | 3.33968366869838 × 10^288 |
| 92 | ov_092 | 6.684066080174156 × 10^288 |
| 91 | ov_091 | 1.263440653981278 × 10^289 |
| 90 | ov_090 | 2.2644273418014723 × 10^289 |
| 89 | ov_089 | 3.845019787724787 × 10^289 |
| 88 | ov_088 | 6.207207841881935 × 10^289 |
| 87 | ov_087 | 9.581393395364155 × 10^289 |
| 86 | ov_086 | 1.422651580141448 × 10^290 |
| 85 | ov_085 | 2.0430243472304027 × 10^290 |
| 84 | ov_084 | 2.850924784982445 × 10^290 |
| 83 | ov_083 | 3.880957594910064 × 10^290 |
| 82 | ov_082 | 5.170713767912534 × 10^290 |
| 81 | ov_081 | 6.760832415043139 × 10^290 |
| 64 | lv_79_m31 | 7.578058313880993 × 10^290 |
| 80 | ov_080 | 8.695077319272765 × 10^290 |
| 79 | ov_079 | 1.1020429832634669 × 10^291 |
| 78 | ov_078 | 1.3787199746555558 × 10^291 |
| 77 | ov_077 | 1.7049155768498416 × 10^291 |
| 76 | ov_076 | 2.0863677245953002 × 10^291 |
| 75 | ov_075 | 2.5291928790106464 × 10^291 |
| 74 | ov_074 | 3.039905946710911 × 10^291 |
| 73 | ov_073 | 3.625442824572437 × 10^291 |
| 63 | ov_063 | 3.8874550639142613 × 10^291 |
| 72 | ov_072 | 4.293185741742793 × 10^291 |
| 71 | ov_071 | 5.0509915739914173 × 10^291 |
| 70 | ov_070 | 5.907223309880011 × 10^291 |
| 69 | ov_069 | 6.870784853651505 × 10^291 |
| 68 | ov_068 | 7.95115935634631 × 10^291 |
| 67 | ov_067 | 9.158451274618707 × 10^291 |
| 66 | ov_066 | 9.158457801532617 × 10^291 |
| 65 | ov_065 | 9.158484472307818 × 10^291 |
| 62 | ov_062 | 1.9938308760517607 × 10^292 |
| 61 | ov_061 | 7.266138840863958 × 10^292 |
| 60 | ov_060 | 2.0796251371133213 × 10^293 |
| 59 | ov_059 | 5.017288703409617 × 10^293 |
| 58 | ov_058 | 1.0182186315902955 × 10^294 |
| 57 | ov_057 | 1.8396356647113017 × 10^294 |
| 56 | ov_056 | 3.1483341389540063 × 10^294 |
| 55 | ov_055 | 5.1625631024565084 × 10^294 |
| 54 | ov_054 | 8.136472822223678 × 10^294 |
| 53 | ov_053 | 1.2360127269041538 × 10^295 |
| 52 | ov_052 | 1.8159526823570956 × 10^295 |
| 51 | ov_051 | 2.589664808725545 × 10^295 |
| 50 | ov_050 | 3.5969510922538983 × 10^295 |
| 49 | ov_049 | 4.881228548354706 × 10^295 |
| 48 | ov_048 | 6.489545426427073 × 10^295 |
| 47 | ov_047 | 8.472604646209445 × 10^295 |
| 32 | lv_80_m31 | 9.365694703342693 × 10^295 |
| 46 | ov_046 | 1.0884796423365313 × 10^296 |
| 45 | ov_045 | 1.3784242271215128 × 10^296 |
| 44 | ov_044 | 1.723285279663725 × 10^296 |
| 43 | ov_043 | 2.1296401941888785 × 10^296 |
| 42 | ov_042 | 2.6044620561297146 × 10^296 |
| 41 | ov_041 | 3.1551312463428157 × 10^296 |
| 40 | ov_040 | 3.789449629655951 × 10^296 |
| 39 | ov_039 | 4.51565769093217 × 10^296 |
| 31 | ov_031 | 4.8023141471793694 × 10^296 |
| 38 | ov_038 | 5.342455008058568 × 10^296 |
| 37 | ov_037 | 6.27902447845801 × 10^296 |
| 36 | ov_036 | 7.3350607440445605 × 10^296 |
| 35 | ov_035 | 8.520803289174647 × 10^296 |
| 34 | ov_034 | 9.847074717275725 × 10^296 |
| 33 | ov_033 | 1.1325324744666107 × 10^297 |
| 30 | ov_030 | 2.461914419818148 × 10^297 |
| 29 | ov_029 | 8.052400819132092 × 10^297 |
| 28 | ov_028 | 2.0895117321818708 × 10^298 |
| 27 | ov_027 | 5.033492710919244 × 10^298 |
| 26 | ov_026 | 1.099805425445749 × 10^299 |
| 25 | ov_025 | 2.1785237791197338 × 10^299 |
| 24 | ov_024 | 3.963826604782819 × 10^299 |
| 23 | ov_023 | 6.7241577531289165 × 10^299 |
| 22 | ov_022 | 1.0772091392845416 × 10^300 |
| 21 | ov_021 | 1.6464350576386472 × 10^300 |
| 20 | ov_020 | 2.42018411171817 × 10^300 |
| 19 | ov_019 | 3.44297077547508 × 10^300 |
| 18 | ov_018 | 4.763742336975614 × 10^300 |
| 17 | ov_017 | 6.435892663087285 × 10^300 |
| 16 | ov_016 | 8.517282696990276 × 10^300 |
| 15 | ov_015 | 1.10702698654342 × 10^301 |
| 14 | ov_014 | 1.416174886009151 × 10^301 |
| 13 | ov_013 | 1.7863206545056065 × 10^301 |
| 12 | ov_012 | 2.225079403068316 × 10^301 |
| 11 | ov_011 | 2.7405419242839024 × 10^301 |
| 10 | ov_010 | 3.341286360660853 × 10^301 |
| 9 | ov_009 | 4.0363926755112925 × 10^301 |
| 8 | ov_008 | 4.835460346797681 × 10^301 |
| 7 | ov_007 | 5.748629734098195 × 10^301 |
| 6 | ov_006 | 6.786607598956711 × 10^301 |
| 5 | ov_005 | 7.96069728952912 × 10^301 |
| 4 | ov_004 | 9.2828341317609 × 10^301 |
| 3 | ov_003 | 1.0765626601499007 × 10^302 |
| 2 | ov_002 | 1.2422403885148072 × 10^302 |
| 1 | ov_001 | 1.426727047094835 × 10^302 |

