# Results for F001-F002-F003-F004-F005-F006-F007-F008-F009-F010-F011-F012-F013-F014-F015-F016-F017-F018-F019-F020-F021-F022-F023-F024-F025-F026-F027-F028-F029-F030-F031-F032-F033-F034-F035-F036-F037-F038-F039-F040-F041-F042-F043-F044-F045-F046-F047-F048-F049-F050-F051-F052-F053-F054-F055-F056-F057-F058-F059-F060-F061-F062-F063-F064-F065-F066-F067-F068-F069-F070-F071-F072-F073-F074-F075-F076-F077-F078-F079-F080-F081-F082-F083-F084-F085-F086-F087-F088-F089-F090-F091-F092-F093-F094-F095-F096-F097-F098-F099-F100-F101-F102-F103-F104-F105-F106-F107-F108-F109-F110-F111-F112-F113-F114-F115-F116-F117-F118-F119-F120-F121-F122-F123-F124-F125-F126-F127-F128-F129-F130-F131-F132-F133-F134-F135-F136-F137-F138-F139-F140-F141-F142-F143-F144-F145-F146-F147-F148-F149-F150-F151-F152-F153-F154-F155-F156-F157-F158-F159-F160-F161-F162-F163-F164-F165-F166-F167-F168-F169-F170-F171-F172-F173-F174-F175-F176-F177-F178-F179-F180-F181-F182-F183-F184-F185-F186-F187-F188-F189-F190-F191-F192-F193-F194-F195-F196-F197-F198-F199-F200-F201-F202-F203-F204-F205-F206-F207-F208-F209-F210-F211-F212-F213-F214-F215-F216-F217-F218-F219-F220-F221-F222-F223-F224-F225-F226-F227-F228-F229-F230-F231-F232-F233-F234-F235-F236-F237-F238-F239-F240-F241-F242-F243-F244-F245-F246-F247-F248-F249-F250-F251-F252-F253-F254-F255-F256-F257-F258-F259-F260-F261-F262-F263-F264-F265-F266-F267-F268-F269-F270-F271-F272-F273-F274-F275-F276-F277-F278-F279-F280-F281-F282-F283-F284-F285-F286-F287-F288-F289-F290-F291-F292-F293-F294-F295-F296-F297-F298-F299-F300-F301-F302-F303-F304-F305-F306-F307-F308-F309-F310-F311-F312-F313-F314-F315-F316-F317-F318-F319-F320-F321-F322-F323-F324-F325-F326-F327-F328-F329-F330-F331-F332-F333-F334-F335-F336-F337-F338-F339-F340-F341-F342-F343-F344-F345-F346-F347-F348-F349-F350-F351-F352-F353-F354-F355-F356-F357-F358-F359-F360-F361-F362-F363-F364-F365-F366-F367-F368-F369-F370-F371-F372-F373-F374-F375-F376-F377-F378-F379-F380-F381-F382-F383-F384-F385-F386-F387-F388-F389-F390-F391-F392-F393-F394-F395-F396-F397-F398-F399-F400-F401-F402-F403-F404-F405-F406-F407-F408-F409-F410-F411-F412-F413-F414-F415-F416-F417-F418-F419-F420-F421-F422-F423-F424-F425-F426-F427-F428-F429-F430-F431-F432-F433-F434-F435-F436-F437-F438-F439-F440-F441-F442-F443-F444-F445-F446-F447-F448-F449-F450-F451-F452-F453-F454-F455-F456-F457-F458-F459-F460-F461-F462-F463-F464-F465-F466-F467-F468-F469-F470-F471-F472-F473-F474-F475-F476-F477-F478-F479-F480-F481-F482-F483-F484-F485-F486-F487-F488-F489-F490-F491-F492-F493-F494-F495-F496-E498507-E500511-E507512

## Summary

Number of input bits: 512  
Number of free input bits: 13  
Number of output bits: 160

Number of direct occurrences: 53135  
Number of assignments: 32190  
Number of operations: 11406489
(xor: 11377851,
and: 14901,
or: 13737)

Total complexity: 9.318205698229392 × 10^302

Least occurring input variable: iv_502 (3910)  
Most occurring input variable: iv_498 (4463)

Most co-occurring input variables: iv_499-iv_510 (2044)  
Least co-occurring input variables: iv_500-iv_502 (1786)

Potentially most occurring input variable: iv_498/iv_500 (4748)  
Potentially least occurring input variable: iv_499/iv_508 (4109)

Least output occurring input variable: iv_498 (68)  
Most output occurring input variable: iv_497 (93)

Most output co-occurring input variables: iv_497-iv_502 (52)  
Least output co-occurring input variables: iv_502-iv_508 (30)

Potentially most output occurring input variable: iv_497/iv_498 (97)  
Potentially least output occurring input variable: iv_498/iv_499 (67)

Least complex input bit: iv_497 (6.569157708369242 × 10^299)  
Most complex input bit: iv_510 (2.286458510795506 × 10^302)

Least complex output bit: aaa_76_29 (1.5334086074752457 × 10^278)  
Most complex output bit: ov_001 (1.4498704628540243 × 10^302)

Least complex input/output complexity: iv_497/aaa_76_29 (1.081023890231337 × 10^275)  
Most complex input/output complexity: iv_510/ov_001 (3.5576255415498287 × 10^301)

## Input Bits

### Input Bits in Regular Order

| Input Bit | Complexity | Occurrences | Output Occurrences |
|:---------:|:----------:|:-----------:|:------------------:|
| iv_497 | 6.569157708369242 × 10^299 | 4156 | 93 |
| iv_498 | 1.6786643503485445 × 10^302 | 4463 | 68 |
| iv_499 | 2.3593322227698687 × 10^300 | 4136 | 81 |
| iv_500 | 7.170893494408991 × 10^301 | 4201 | 80 |
| iv_501 | 6.814095109297496 × 10^300 | 4116 | 83 |
| iv_502 | 1.1075543949334741 × 10^301 | 3910 | 82 |
| iv_503 | 1.7475039593014564 × 10^301 | 4059 | 74 |
| iv_504 | 2.69213847297387 × 10^301 | 3956 | 78 |
| iv_505 | 4.0682932294275354 × 10^301 | 3947 | 79 |
| iv_506 | 6.044267438398661 × 10^301 | 3980 | 82 |
| iv_508 | 1.2532804502692392 × 10^302 | 4025 | 70 |
| iv_509 | 1.718433856842658 × 10^302 | 4029 | 78 |
| iv_510 | 2.286458510795506 × 10^302 | 4157 | 79 |

### Input Bits Sorted by Complexity

| Input Bit | Complexity | Occurrences | Output Occurrences |
|:---------:|:----------:|:-----------:|:------------------:|
| iv_497 | 6.569157708369242 × 10^299 | 4156 | 93 |
| iv_499 | 2.3593322227698687 × 10^300 | 4136 | 81 |
| iv_501 | 6.814095109297496 × 10^300 | 4116 | 83 |
| iv_502 | 1.1075543949334741 × 10^301 | 3910 | 82 |
| iv_503 | 1.7475039593014564 × 10^301 | 4059 | 74 |
| iv_504 | 2.69213847297387 × 10^301 | 3956 | 78 |
| iv_505 | 4.0682932294275354 × 10^301 | 3947 | 79 |
| iv_506 | 6.044267438398661 × 10^301 | 3980 | 82 |
| iv_500 | 7.170893494408991 × 10^301 | 4201 | 80 |
| iv_508 | 1.2532804502692392 × 10^302 | 4025 | 70 |
| iv_498 | 1.6786643503485445 × 10^302 | 4463 | 68 |
| iv_509 | 1.718433856842658 × 10^302 | 4029 | 78 |
| iv_510 | 2.286458510795506 × 10^302 | 4157 | 79 |

### Input Bits Sorted by Occurrences

| Input Bit | Complexity | Occurrences | Output Occurrences |
|:---------:|:----------:|:-----------:|:------------------:|
| iv_502 | 1.1075543949334741 × 10^301 | 3910 | 82 |
| iv_505 | 4.0682932294275354 × 10^301 | 3947 | 79 |
| iv_504 | 2.69213847297387 × 10^301 | 3956 | 78 |
| iv_506 | 6.044267438398661 × 10^301 | 3980 | 82 |
| iv_508 | 1.2532804502692392 × 10^302 | 4025 | 70 |
| iv_509 | 1.718433856842658 × 10^302 | 4029 | 78 |
| iv_503 | 1.7475039593014564 × 10^301 | 4059 | 74 |
| iv_501 | 6.814095109297496 × 10^300 | 4116 | 83 |
| iv_499 | 2.3593322227698687 × 10^300 | 4136 | 81 |
| iv_497 | 6.569157708369242 × 10^299 | 4156 | 93 |
| iv_510 | 2.286458510795506 × 10^302 | 4157 | 79 |
| iv_500 | 7.170893494408991 × 10^301 | 4201 | 80 |
| iv_498 | 1.6786643503485445 × 10^302 | 4463 | 68 |

### Input Bits Sorted by Output Occurrences

| Input Bit | Complexity | Occurrences | Output Occurrences |
|:---------:|:----------:|:-----------:|:------------------:|
| iv_498 | 1.6786643503485445 × 10^302 | 4463 | 68 |
| iv_508 | 1.2532804502692392 × 10^302 | 4025 | 70 |
| iv_503 | 1.7475039593014564 × 10^301 | 4059 | 74 |
| iv_504 | 2.69213847297387 × 10^301 | 3956 | 78 |
| iv_509 | 1.718433856842658 × 10^302 | 4029 | 78 |
| iv_505 | 4.0682932294275354 × 10^301 | 3947 | 79 |
| iv_510 | 2.286458510795506 × 10^302 | 4157 | 79 |
| iv_500 | 7.170893494408991 × 10^301 | 4201 | 80 |
| iv_499 | 2.3593322227698687 × 10^300 | 4136 | 81 |
| iv_502 | 1.1075543949334741 × 10^301 | 3910 | 82 |
| iv_506 | 6.044267438398661 × 10^301 | 3980 | 82 |
| iv_501 | 6.814095109297496 × 10^300 | 4116 | 83 |
| iv_497 | 6.569157708369242 × 10^299 | 4156 | 93 |

## Input Bit Co-occurrences

### Input Bit Co-occurrences Sorted by Co-occurrences

| Input Bits | Co-occurrences | Potential Occurrences | Output Co-occurrences | Potential Output Occurrences |
|:----------:|:--------------:|:---------------------:|:---------------------:|:----------------------------:|
| iv_499-iv_510 | 2044 | 4205 | 43 | 74 |
| iv_499-iv_508 | 2026 | 4109 | 38 | 75 |
| iv_497-iv_501 | 2018 | 4236 | 48 | 80 |
| iv_498-iv_510 | 2011 | 4598 | 39 | 69 |
| iv_497-iv_503 | 2006 | 4203 | 38 | 91 |
| iv_498-iv_501 | 2005 | 4569 | 36 | 79 |
| iv_497-iv_499 | 2005 | 4282 | 43 | 88 |
| iv_499-iv_500 | 2004 | 4329 | 41 | 79 |
| iv_499-iv_501 | 1991 | 4270 | 43 | 78 |
| iv_500-iv_510 | 1987 | 4384 | 43 | 73 |
| iv_499-iv_509 | 1987 | 4191 | 41 | 77 |
| iv_497-iv_498 | 1984 | 4651 | 32 | 97 |
| iv_501-iv_510 | 1977 | 4319 | 40 | 82 |

### Input Bit Co-occurrences Sorted by Potential Occurrences

| Input Bits | Co-occurrences | Potential Occurrences | Output Co-occurrences | Potential Output Occurrences |
|:----------:|:--------------:|:---------------------:|:---------------------:|:----------------------------:|
| iv_499-iv_508 | 2026 | 4109 | 38 | 75 |
| iv_504-iv_506 | 1885 | 4166 | 42 | 76 |
| iv_506-iv_509 | 1920 | 4169 | 43 | 74 |
| iv_501-iv_505 | 1945 | 4173 | 45 | 72 |
| iv_499-iv_502 | 1934 | 4178 | 41 | 81 |
| iv_506-iv_508 | 1913 | 4179 | 37 | 78 |
| iv_502-iv_505 | 1839 | 4179 | 36 | 89 |
| iv_504-iv_505 | 1861 | 4181 | 41 | 75 |
| iv_508-iv_509 | 1934 | 4186 | 35 | 78 |
| iv_499-iv_509 | 1987 | 4191 | 41 | 77 |
| iv_503-iv_506 | 1923 | 4193 | 38 | 80 |
| iv_499-iv_506 | 1957 | 4202 | 39 | 85 |
| iv_497-iv_503 | 2006 | 4203 | 38 | 91 |

### Input Bit Output Co-occurrences Sorted by Output Co-occurrences

| Input Bits | Co-occurrences | Potential Occurrences | Output Co-occurrences | Potential Output Occurrences |
|:----------:|:--------------:|:---------------------:|:---------------------:|:----------------------------:|
| iv_497-iv_502 | 1909 | 4248 | 52 | 71 |
| iv_497-iv_506 | 1960 | 4216 | 51 | 73 |
| iv_497-iv_504 | 1936 | 4240 | 50 | 71 |
| iv_497-iv_501 | 2018 | 4236 | 48 | 80 |
| iv_497-iv_500 | 1952 | 4453 | 48 | 77 |
| iv_497-iv_510 | 1949 | 4415 | 48 | 76 |
| iv_497-iv_509 | 1941 | 4303 | 48 | 75 |
| iv_497-iv_505 | 1916 | 4271 | 47 | 78 |
| iv_501-iv_505 | 1945 | 4173 | 45 | 72 |
| iv_501-iv_506 | 1874 | 4348 | 44 | 77 |
| iv_502-iv_506 | 1826 | 4238 | 44 | 76 |
| iv_506-iv_510 | 1957 | 4223 | 44 | 73 |
| iv_501-iv_509 | 1925 | 4295 | 43 | 75 |

### Input Bit Output Co-occurrences Sorted by Potential Output Occurrences

| Input Bits | Co-occurrences | Potential Occurrences | Output Co-occurrences | Potential Output Occurrences |
|:----------:|:--------------:|:---------------------:|:---------------------:|:----------------------------:|
| iv_498-iv_499 | 1957 | 4685 | 41 | 67 |
| iv_498-iv_510 | 2011 | 4598 | 39 | 69 |
| iv_503-iv_504 | 1871 | 4273 | 41 | 70 |
| iv_498-iv_503 | 1948 | 4626 | 36 | 70 |
| iv_498-iv_508 | 1961 | 4566 | 34 | 70 |
| iv_500-iv_508 | 1930 | 4366 | 40 | 70 |
| iv_497-iv_504 | 1936 | 4240 | 50 | 71 |
| iv_497-iv_502 | 1909 | 4248 | 52 | 71 |
| iv_501-iv_505 | 1945 | 4173 | 45 | 72 |
| iv_498-iv_509 | 1936 | 4620 | 37 | 72 |
| iv_501-iv_503 | 1963 | 4249 | 42 | 73 |
| iv_503-iv_505 | 1890 | 4226 | 40 | 73 |
| iv_506-iv_510 | 1957 | 4223 | 44 | 73 |

## Output Bits

### Output Bits in Regular Order

| Rank | Output Bit | Complexity |
|:----:|:----------:|:----------:|
| 1 | ov_001 | 1.4498704628540243 × 10^302 |
| 2 | ov_002 | 1.262356360369766 × 10^302 |
| 3 | ov_003 | 1.093969644670274 × 10^302 |
| 4 | ov_004 | 9.432737100240693 × 10^301 |
| 5 | ov_005 | 8.089112769578188 × 10^301 |
| 6 | ov_006 | 6.895988154997574 × 10^301 |
| 7 | ov_007 | 5.841216711656011 × 10^301 |
| 8 | ov_008 | 4.913298269363511 × 10^301 |
| 9 | ov_009 | 4.1013424158106833 × 10^301 |
| 10 | ov_010 | 3.395037151707634 × 10^301 |
| 11 | ov_011 | 2.7846223597375916 × 10^301 |
| 12 | ov_012 | 2.2608675913838808 × 10^301 |
| 13 | ov_013 | 1.8150536723441272 × 10^301 |
| 14 | ov_014 | 1.438957658550224 × 10^301 |
| 15 | ov_015 | 1.1248407056886827 × 10^301 |
| 16 | ov_016 | 8.654384456686099 × 10^300 |
| 17 | ov_017 | 6.539534937997312 × 10^300 |
| 18 | ov_018 | 4.840497405893588 × 10^300 |
| 19 | ov_019 | 3.498481120984223 × 10^300 |
| 20 | ov_020 | 2.4592351275262246 × 10^300 |
| 21 | ov_021 | 1.673026944138757 × 10^300 |
| 22 | ov_022 | 1.0946282539856812 × 10^300 |
| 23 | ov_023 | 6.833056299470415 × 10^299 |
| 24 | ov_024 | 4.028146956738213 × 10^299 |
| 25 | ov_025 | 2.213966037013089 × 10^299 |
| 26 | ov_026 | 1.1177610534471943 × 10^299 |
| 27 | ov_027 | 5.116064208896826 × 10^298 |
| 28 | ov_028 | 2.1239987112980517 × 10^298 |
| 29 | ov_029 | 8.186129829032963 × 10^297 |
| 30 | ov_030 | 2.5030880813160237 × 10^297 |
| 31 | ov_031 | 4.883369487488532 × 10^296 |
| 32 | lv_80_m31 | 9.5253836265573 × 10^295 |
| 33 | ov_033 | 1.1580224121143108 × 10^297 |
| 34 | ov_034 | 1.0078634450575091 × 10^297 |
| 35 | ov_035 | 8.731521840773706 × 10^296 |
| 36 | ov_036 | 7.526983126033006 × 10^296 |
| 37 | ov_037 | 6.453767089433263 × 10^296 |
| 38 | ov_038 | 5.50122872670978 × 10^296 |
| 39 | ov_039 | 4.659289453733938 × 10^296 |
| 40 | ov_040 | 3.918402697765745 × 10^296 |
| 41 | ov_041 | 3.2695243467693188 × 10^296 |
| 42 | ov_042 | 2.7040875634453515 × 10^296 |
| 43 | ov_043 | 2.2139815014393545 × 10^296 |
| 44 | ov_044 | 1.7915334906286285 × 10^296 |
| 45 | ov_045 | 1.4330147169039592 × 10^296 |
| 46 | ov_046 | 1.1315872978929474 × 10^296 |
| 47 | ov_047 | 8.808149849398064 × 10^295 |
| 48 | ov_048 | 6.746554448993286 × 10^295 |
| 49 | ov_049 | 5.074542516545178 × 10^295 |
| 50 | ov_050 | 3.7394031168092797 × 10^295 |
| 51 | ov_051 | 2.6922247227919933 × 10^295 |
| 52 | ov_052 | 1.8878708512350736 × 10^295 |
| 53 | ov_053 | 1.2849632160289268 × 10^295 |
| 54 | ov_054 | 8.458706012650328 × 10^294 |
| 55 | ov_055 | 5.367018917111196 × 10^294 |
| 56 | ov_056 | 3.273019340550615 × 10^294 |
| 57 | ov_057 | 1.912491763713248 × 10^294 |
| 58 | ov_058 | 1.0585437018483839 × 10^294 |
| 59 | ov_059 | 5.215991136455959 × 10^293 |
| 60 | ov_060 | 2.1619856706596425 × 10^293 |
| 61 | ov_061 | 7.553903717848417 × 10^292 |
| 62 | ov_062 | 2.0727936524782334 × 10^292 |
| 63 | ov_063 | 4.0414120764005364 × 10^291 |
| 64 | lv_79_m31 | 7.878176308628221 × 10^290 |
| 65 | ov_065 | 9.521192949981826 × 10^291 |
| 66 | ov_066 | 9.521165222949304 × 10^291 |
| 67 | ov_067 | 9.521158437546447 × 10^291 |
| 68 | ov_068 | 8.266053476067091 × 10^291 |
| 69 | ov_069 | 7.142892310101185 × 10^291 |
| 70 | ov_070 | 6.141170310662235 × 10^291 |
| 71 | ov_071 | 5.251028760284208 × 10^291 |
| 72 | ov_072 | 4.46321112852678 × 10^291 |
| 73 | ov_073 | 3.7690232228109086 × 10^291 |
| 74 | ov_074 | 3.1602970072119764 × 10^291 |
| 75 | ov_075 | 2.6293578901174162 × 10^291 |
| 76 | ov_076 | 2.168995288527333 × 10^291 |
| 77 | ov_077 | 1.772436282411084 × 10^291 |
| 78 | ov_078 | 1.4333221770896065 × 10^291 |
| 79 | ov_079 | 1.1456877952407576 × 10^291 |
| 80 | ov_080 | 9.039433229605658 × 10^290 |
| 81 | ov_081 | 7.028585364833471 × 10^290 |
| 82 | ov_082 | 5.3754923778363 × 10^290 |
| 83 | ov_083 | 4.0346572845719815 × 10^290 |
| 84 | ov_084 | 2.963831521009646 × 10^290 |
| 85 | ov_085 | 2.123935359644681 × 10^290 |
| 86 | ov_086 | 1.478993630013767 × 10^290 |
| 87 | ov_087 | 9.960850566792062 × 10^289 |
| 88 | ov_088 | 6.453035294419813 × 10^289 |
| 89 | ov_089 | 3.9972962127216254 × 10^289 |
| 90 | ov_090 | 2.354106698296712 × 10^289 |
| 91 | ov_091 | 1.3134773863274023 × 10^289 |
| 92 | ov_092 | 6.948778810751238 × 10^288 |
| 93 | ov_093 | 3.471946990544804 × 10^288 |
| 94 | ov_094 | 1.487117338799309 × 10^288 |
| 95 | aaa_78_28 | 4.591885964965114 × 10^287 |
| 96 | aaa_78_29 | 1.4101011599149162 × 10^287 |
| 97 | ov_097 | 9.3067727705768 × 10^286 |
| 98 | ov_098 | 9.306492993885489 × 10^286 |
| 99 | ov_099 | 9.306403519144607 × 10^286 |
| 100 | ov_100 | 8.372723607576424 × 10^286 |
| 101 | ov_101 | 7.508332611545796 × 10^286 |
| 102 | ov_102 | 6.709381216189066 × 10^286 |
| 103 | ov_103 | 5.972298824205593 × 10^286 |
| 104 | ov_104 | 5.293758537706084 × 10^286 |
| 105 | ov_105 | 4.67064526128514 × 10^286 |
| 106 | ov_106 | 4.1000267606018984 × 10^286 |
| 107 | ov_107 | 3.579127517277116 × 10^286 |
| 108 | ov_108 | 3.105305226294969 × 10^286 |
| 109 | ov_109 | 2.676029786478485 × 10^286 |
| 110 | ov_110 | 2.288864638116802 × 10^286 |
| 111 | ov_111 | 1.9414503045831522 × 10^286 |
| 112 | ov_112 | 1.6314899969084613 × 10^286 |
| 113 | ov_113 | 1.356737141871307 × 10^286 |
| 114 | ov_114 | 1.1149846953263467 × 10^286 |
| 115 | ov_115 | 9.040561033067823 × 10^285 |
| 116 | ov_116 | 7.217977739794222 × 10^285 |
| 117 | ov_117 | 5.660729238720088 × 10^285 |
| 118 | ov_118 | 4.347566619910139 × 10^285 |
| 119 | ov_119 | 3.2573217555421786 × 10^285 |
| 120 | ov_120 | 2.3688788111507544 × 10^285 |
| 121 | ov_121 | 1.6611540488140436 × 10^285 |
| 122 | ov_122 | 1.1130825604342991 × 10^285 |
| 123 | ov_123 | 7.036101286248624 × 10^284 |
| 124 | ov_124 | 4.116881422629127 × 10^284 |
| 125 | ov_125 | 2.162704420836184 × 10^284 |
| 126 | ov_126 | 9.631170904903148 × 10^283 |
| 127 | aaa_77_28 | 3.0766844600749214 × 10^283 |
| 128 | aaa_77_29 | 1.1541326911198923 × 10^283 |
| 129 | ov_129 | 1.083259354436961 × 10^283 |
| 130 | ov_130 | 1.08325636363816 × 10^283 |
| 131 | ov_131 | 1.0832556391982195 × 10^283 |
| 132 | ov_132 | 9.423351006416812 × 10^282 |
| 133 | ov_133 | 8.158422460364494 × 10^282 |
| 134 | ov_134 | 7.026940480008405 × 10^282 |
| 135 | ov_135 | 6.018668384702174 × 10^282 |
| 136 | ov_136 | 5.123920975820656 × 10^282 |
| 137 | ov_137 | 4.333527905012788 × 10^282 |
| 138 | ov_138 | 3.6388020214800694 × 10^282 |
| 139 | ov_139 | 3.0315122241783863 × 10^282 |
| 140 | ov_140 | 2.503860370216329 × 10^282 |
| 141 | ov_141 | 2.0484618153748076 × 10^282 |
| 142 | ov_142 | 1.65832918675188 × 10^282 |
| 143 | ov_143 | 1.3268590111725047 × 10^282 |
| 144 | ov_144 | 1.0478208463038788 × 10^282 |
| 145 | ov_145 | 8.153485844728805 × 10^281 |
| 146 | ov_146 | 6.239336220651286 × 10^281 |
| 147 | ov_147 | 4.684196101518035 × 10^281 |
| 148 | ov_148 | 3.439985246829887 × 10^281 |
| 149 | ov_149 | 2.462078172345446 × 10^281 |
| 150 | ov_150 | 1.7092842991854053 × 10^281 |
| 151 | ov_151 | 1.1438348067602308 × 10^281 |
| 152 | ov_152 | 7.313744777131199 × 10^280 |
| 153 | ov_153 | 4.409570490240482 × 10^280 |
| 154 | ov_154 | 2.450428093455144 × 10^280 |
| 155 | ov_155 | 1.1949744122417932 × 10^280 |
| 156 | aaa_76_25 | 4.3591480739051987 × 10^279 |
| 157 | aaa_76_26 | 2.519748576432569 × 10^279 |
| 158 | aaa_76_27 | 1.291263738848827 × 10^279 |
| 159 | aaa_76_28 | 5.0347523066708565 × 10^278 |
| 160 | aaa_76_29 | 1.5334086074752457 × 10^278 |

### Output Bits Sorted by Complexity

| Rank | Output Bit | Complexity |
|:----:|:----------:|:----------:|
| 160 | aaa_76_29 | 1.5334086074752457 × 10^278 |
| 159 | aaa_76_28 | 5.0347523066708565 × 10^278 |
| 158 | aaa_76_27 | 1.291263738848827 × 10^279 |
| 157 | aaa_76_26 | 2.519748576432569 × 10^279 |
| 156 | aaa_76_25 | 4.3591480739051987 × 10^279 |
| 155 | ov_155 | 1.1949744122417932 × 10^280 |
| 154 | ov_154 | 2.450428093455144 × 10^280 |
| 153 | ov_153 | 4.409570490240482 × 10^280 |
| 152 | ov_152 | 7.313744777131199 × 10^280 |
| 151 | ov_151 | 1.1438348067602308 × 10^281 |
| 150 | ov_150 | 1.7092842991854053 × 10^281 |
| 149 | ov_149 | 2.462078172345446 × 10^281 |
| 148 | ov_148 | 3.439985246829887 × 10^281 |
| 147 | ov_147 | 4.684196101518035 × 10^281 |
| 146 | ov_146 | 6.239336220651286 × 10^281 |
| 145 | ov_145 | 8.153485844728805 × 10^281 |
| 144 | ov_144 | 1.0478208463038788 × 10^282 |
| 143 | ov_143 | 1.3268590111725047 × 10^282 |
| 142 | ov_142 | 1.65832918675188 × 10^282 |
| 141 | ov_141 | 2.0484618153748076 × 10^282 |
| 140 | ov_140 | 2.503860370216329 × 10^282 |
| 139 | ov_139 | 3.0315122241783863 × 10^282 |
| 138 | ov_138 | 3.6388020214800694 × 10^282 |
| 137 | ov_137 | 4.333527905012788 × 10^282 |
| 136 | ov_136 | 5.123920975820656 × 10^282 |
| 135 | ov_135 | 6.018668384702174 × 10^282 |
| 134 | ov_134 | 7.026940480008405 × 10^282 |
| 133 | ov_133 | 8.158422460364494 × 10^282 |
| 132 | ov_132 | 9.423351006416812 × 10^282 |
| 131 | ov_131 | 1.0832556391982195 × 10^283 |
| 130 | ov_130 | 1.08325636363816 × 10^283 |
| 129 | ov_129 | 1.083259354436961 × 10^283 |
| 128 | aaa_77_29 | 1.1541326911198923 × 10^283 |
| 127 | aaa_77_28 | 3.0766844600749214 × 10^283 |
| 126 | ov_126 | 9.631170904903148 × 10^283 |
| 125 | ov_125 | 2.162704420836184 × 10^284 |
| 124 | ov_124 | 4.116881422629127 × 10^284 |
| 123 | ov_123 | 7.036101286248624 × 10^284 |
| 122 | ov_122 | 1.1130825604342991 × 10^285 |
| 121 | ov_121 | 1.6611540488140436 × 10^285 |
| 120 | ov_120 | 2.3688788111507544 × 10^285 |
| 119 | ov_119 | 3.2573217555421786 × 10^285 |
| 118 | ov_118 | 4.347566619910139 × 10^285 |
| 117 | ov_117 | 5.660729238720088 × 10^285 |
| 116 | ov_116 | 7.217977739794222 × 10^285 |
| 115 | ov_115 | 9.040561033067823 × 10^285 |
| 114 | ov_114 | 1.1149846953263467 × 10^286 |
| 113 | ov_113 | 1.356737141871307 × 10^286 |
| 112 | ov_112 | 1.6314899969084613 × 10^286 |
| 111 | ov_111 | 1.9414503045831522 × 10^286 |
| 110 | ov_110 | 2.288864638116802 × 10^286 |
| 109 | ov_109 | 2.676029786478485 × 10^286 |
| 108 | ov_108 | 3.105305226294969 × 10^286 |
| 107 | ov_107 | 3.579127517277116 × 10^286 |
| 106 | ov_106 | 4.1000267606018984 × 10^286 |
| 105 | ov_105 | 4.67064526128514 × 10^286 |
| 104 | ov_104 | 5.293758537706084 × 10^286 |
| 103 | ov_103 | 5.972298824205593 × 10^286 |
| 102 | ov_102 | 6.709381216189066 × 10^286 |
| 101 | ov_101 | 7.508332611545796 × 10^286 |
| 100 | ov_100 | 8.372723607576424 × 10^286 |
| 99 | ov_099 | 9.306403519144607 × 10^286 |
| 98 | ov_098 | 9.306492993885489 × 10^286 |
| 97 | ov_097 | 9.3067727705768 × 10^286 |
| 96 | aaa_78_29 | 1.4101011599149162 × 10^287 |
| 95 | aaa_78_28 | 4.591885964965114 × 10^287 |
| 94 | ov_094 | 1.487117338799309 × 10^288 |
| 93 | ov_093 | 3.471946990544804 × 10^288 |
| 92 | ov_092 | 6.948778810751238 × 10^288 |
| 91 | ov_091 | 1.3134773863274023 × 10^289 |
| 90 | ov_090 | 2.354106698296712 × 10^289 |
| 89 | ov_089 | 3.9972962127216254 × 10^289 |
| 88 | ov_088 | 6.453035294419813 × 10^289 |
| 87 | ov_087 | 9.960850566792062 × 10^289 |
| 86 | ov_086 | 1.478993630013767 × 10^290 |
| 85 | ov_085 | 2.123935359644681 × 10^290 |
| 84 | ov_084 | 2.963831521009646 × 10^290 |
| 83 | ov_083 | 4.0346572845719815 × 10^290 |
| 82 | ov_082 | 5.3754923778363 × 10^290 |
| 81 | ov_081 | 7.028585364833471 × 10^290 |
| 64 | lv_79_m31 | 7.878176308628221 × 10^290 |
| 80 | ov_080 | 9.039433229605658 × 10^290 |
| 79 | ov_079 | 1.1456877952407576 × 10^291 |
| 78 | ov_078 | 1.4333221770896065 × 10^291 |
| 77 | ov_077 | 1.772436282411084 × 10^291 |
| 76 | ov_076 | 2.168995288527333 × 10^291 |
| 75 | ov_075 | 2.6293578901174162 × 10^291 |
| 74 | ov_074 | 3.1602970072119764 × 10^291 |
| 73 | ov_073 | 3.7690232228109086 × 10^291 |
| 63 | ov_063 | 4.0414120764005364 × 10^291 |
| 72 | ov_072 | 4.46321112852678 × 10^291 |
| 71 | ov_071 | 5.251028760284208 × 10^291 |
| 70 | ov_070 | 6.141170310662235 × 10^291 |
| 69 | ov_069 | 7.142892310101185 × 10^291 |
| 68 | ov_068 | 8.266053476067091 × 10^291 |
| 67 | ov_067 | 9.521158437546447 × 10^291 |
| 66 | ov_066 | 9.521165222949304 × 10^291 |
| 65 | ov_065 | 9.521192949981826 × 10^291 |
| 62 | ov_062 | 2.0727936524782334 × 10^292 |
| 61 | ov_061 | 7.553903717848417 × 10^292 |
| 60 | ov_060 | 2.1619856706596425 × 10^293 |
| 59 | ov_059 | 5.215991136455959 × 10^293 |
| 58 | ov_058 | 1.0585437018483839 × 10^294 |
| 57 | ov_057 | 1.912491763713248 × 10^294 |
| 56 | ov_056 | 3.273019340550615 × 10^294 |
| 55 | ov_055 | 5.367018917111196 × 10^294 |
| 54 | ov_054 | 8.458706012650328 × 10^294 |
| 53 | ov_053 | 1.2849632160289268 × 10^295 |
| 52 | ov_052 | 1.8878708512350736 × 10^295 |
| 51 | ov_051 | 2.6922247227919933 × 10^295 |
| 50 | ov_050 | 3.7394031168092797 × 10^295 |
| 49 | ov_049 | 5.074542516545178 × 10^295 |
| 48 | ov_048 | 6.746554448993286 × 10^295 |
| 47 | ov_047 | 8.808149849398064 × 10^295 |
| 32 | lv_80_m31 | 9.5253836265573 × 10^295 |
| 46 | ov_046 | 1.1315872978929474 × 10^296 |
| 45 | ov_045 | 1.4330147169039592 × 10^296 |
| 44 | ov_044 | 1.7915334906286285 × 10^296 |
| 43 | ov_043 | 2.2139815014393545 × 10^296 |
| 42 | ov_042 | 2.7040875634453515 × 10^296 |
| 41 | ov_041 | 3.2695243467693188 × 10^296 |
| 40 | ov_040 | 3.918402697765745 × 10^296 |
| 39 | ov_039 | 4.659289453733938 × 10^296 |
| 31 | ov_031 | 4.883369487488532 × 10^296 |
| 38 | ov_038 | 5.50122872670978 × 10^296 |
| 37 | ov_037 | 6.453767089433263 × 10^296 |
| 36 | ov_036 | 7.526983126033006 × 10^296 |
| 35 | ov_035 | 8.731521840773706 × 10^296 |
| 34 | ov_034 | 1.0078634450575091 × 10^297 |
| 33 | ov_033 | 1.1580224121143108 × 10^297 |
| 30 | ov_030 | 2.5030880813160237 × 10^297 |
| 29 | ov_029 | 8.186129829032963 × 10^297 |
| 28 | ov_028 | 2.1239987112980517 × 10^298 |
| 27 | ov_027 | 5.116064208896826 × 10^298 |
| 26 | ov_026 | 1.1177610534471943 × 10^299 |
| 25 | ov_025 | 2.213966037013089 × 10^299 |
| 24 | ov_024 | 4.028146956738213 × 10^299 |
| 23 | ov_023 | 6.833056299470415 × 10^299 |
| 22 | ov_022 | 1.0946282539856812 × 10^300 |
| 21 | ov_021 | 1.673026944138757 × 10^300 |
| 20 | ov_020 | 2.4592351275262246 × 10^300 |
| 19 | ov_019 | 3.498481120984223 × 10^300 |
| 18 | ov_018 | 4.840497405893588 × 10^300 |
| 17 | ov_017 | 6.539534937997312 × 10^300 |
| 16 | ov_016 | 8.654384456686099 × 10^300 |
| 15 | ov_015 | 1.1248407056886827 × 10^301 |
| 14 | ov_014 | 1.438957658550224 × 10^301 |
| 13 | ov_013 | 1.8150536723441272 × 10^301 |
| 12 | ov_012 | 2.2608675913838808 × 10^301 |
| 11 | ov_011 | 2.7846223597375916 × 10^301 |
| 10 | ov_010 | 3.395037151707634 × 10^301 |
| 9 | ov_009 | 4.1013424158106833 × 10^301 |
| 8 | ov_008 | 4.913298269363511 × 10^301 |
| 7 | ov_007 | 5.841216711656011 × 10^301 |
| 6 | ov_006 | 6.895988154997574 × 10^301 |
| 5 | ov_005 | 8.089112769578188 × 10^301 |
| 4 | ov_004 | 9.432737100240693 × 10^301 |
| 3 | ov_003 | 1.093969644670274 × 10^302 |
| 2 | ov_002 | 1.262356360369766 × 10^302 |
| 1 | ov_001 | 1.4498704628540243 × 10^302 |

