# Results for E002007-E005015-T014-F017-F018-F019-F020-F021-F022-F023-F024-F025-F026-F027-F028-F029-F030-F031-F032-F033-F034-F035-F036-F037-F038-F039-F040-F041-F042-F043-F044-F045-F046-F047-F048-F049-F050-F051-F052-F053-F054-F055-F056-F057-F058-F059-F060-F061-F062-F063-F064-F065-F066-F067-F068-F069-F070-F071-F072-F073-F074-F075-F076-F077-F078-F079-F080-F081-F082-F083-F084-F085-F086-F087-F088-F089-F090-F091-F092-F093-F094-F095-F096-F097-F098-F099-F100-F101-F102-F103-F104-F105-F106-F107-F108-F109-F110-F111-F112-F113-F114-F115-F116-F117-F118-F119-F120-F121-F122-F123-F124-F125-F126-F127-F128-F129-F130-F131-F132-F133-F134-F135-F136-F137-F138-F139-F140-F141-F142-F143-F144-F145-F146-F147-F148-F149-F150-F151-F152-F153-F154-F155-F156-F157-F158-F159-F160-F161-F162-F163-F164-F165-F166-F167-F168-F169-F170-F171-F172-F173-F174-F175-F176-F177-F178-F179-F180-F181-F182-F183-F184-F185-F186-F187-F188-F189-F190-F191-F192-F193-F194-F195-F196-F197-F198-F199-F200-F201-F202-F203-F204-F205-F206-F207-F208-F209-F210-F211-F212-F213-F214-F215-F216-F217-F218-F219-F220-F221-F222-F223-F224-F225-F226-F227-F228-F229-F230-F231-F232-F233-F234-F235-F236-F237-F238-F239-F240-F241-F242-F243-F244-F245-F246-F247-F248-F249-F250-F251-F252-F253-F254-F255-F256-F257-F258-F259-F260-F261-F262-F263-F264-F265-F266-F267-F268-F269-F270-F271-F272-F273-F274-F275-F276-F277-F278-F279-F280-F281-F282-F283-F284-F285-F286-F287-F288-F289-F290-F291-F292-F293-F294-F295-F296-F297-F298-F299-F300-F301-F302-F303-F304-F305-F306-F307-F308-F309-F310-F311-F312-F313-F314-F315-F316-F317-F318-F319-F320-F321-F322-F323-F324-F325-F326-F327-F328-F329-F330-F331-F332-F333-F334-F335-F336-F337-F338-F339-F340-F341-F342-F343-F344-F345-F346-F347-F348-F349-F350-F351-F352-F353-F354-F355-F356-F357-F358-F359-F360-F361-F362-F363-F364-F365-F366-F367-F368-F369-F370-F371-F372-F373-F374-F375-F376-F377-F378-F379-F380-F381-F382-F383-F384-F385-F386-F387-F388-F389-F390-F391-F392-F393-F394-F395-F396-F397-F398-F399-F400-F401-F402-F403-F404-F405-F406-F407-F408-F409-F410-F411-F412-F413-F414-F415-F416-F417-F418-F419-F420-F421-F422-F423-F424-F425-F426-F427-F428-F429-F430-F431-F432-F433-F434-F435-F436-F437-F438-F439-F440-F441-F442-F443-F444-F445-F446-F447-F448-F449-F450-F451-F452-F453-F454-F455-F456-F457-F458-F459-F460-F461-F462-F463-F464-F465-F466-F467-F468-F469-F470-F471-F472-F473-F474-F475-F476-F477-F478-F479-F480-F481-F482-F483-F484-F485-F486-F487-F488-F489-F490-F491-F492-F493-F494-F495-F496-F497-F498-F499-F500-F501-F502-F503-F504-F505-F506-F507-F508-F509-F510-F511-F512

## Summary

Number of input bits: 512  
Number of free input bits: 13  
Number of output bits: 160

Number of direct occurrences: 59436  
Number of assignments: 39247  
Number of operations: 19641406
(xor: 19603434,
and: 21301,
or: 16671)

Total complexity: 3.445675809973319 × 10^359

Least occurring input variable: iv_012 (4339)  
Most occurring input variable: iv_005 (4850)

Most co-occurring input variables: iv_003-iv_013 (2350)  
Least co-occurring input variables: iv_005-iv_006 (1928)

Potentially most occurring input variable: iv_005/iv_006 (5437)  
Potentially least occurring input variable: iv_003/iv_012 (4536)

Least output occurring input variable: iv_005 (66)  
Most output occurring input variable: iv_002 (94)

Most output co-occurring input variables: iv_002-iv_013 (56)  
Least output co-occurring input variables: iv_005-iv_010 (28)

Potentially most output occurring input variable: iv_002/iv_012 (95)  
Potentially least output occurring input variable: iv_011/iv_013 (64)

Least complex input bit: iv_016 (7.305292354984564 × 10^355)  
Most complex input bit: iv_005 (7.616919799362299 × 10^358)

Least complex output bit: aaa_76_29 (8.537253704548004 × 10^333)  
Most complex output bit: ov_001 (5.2901347560957354 × 10^358)

Least complex input/output complexity: iv_016/aaa_76_29 (1.8100116685347988 × 10^330)  
Most complex input/output complexity: iv_005/ov_001 (1.169423195541782 × 10^358)

## Input Bits

### Input Bits in Regular Order

| Input Bit | Complexity | Occurrences | Output Occurrences |
|:---------:|:----------:|:-----------:|:------------------:|
| iv_001 | 2.1640288729243994 × 10^356 | 4668 | 78 |
| iv_002 | 1.7581560404967638 × 10^358 | 4533 | 94 |
| iv_003 | 2.677852707852792 × 10^357 | 4533 | 82 |
| iv_004 | 5.812305187030026 × 10^357 | 4566 | 82 |
| iv_005 | 7.616919799362299 × 10^358 | 4850 | 66 |
| iv_006 | 1.284200538554637 × 10^358 | 4443 | 74 |
| iv_008 | 2.095427436543736 × 10^358 | 4532 | 85 |
| iv_009 | 2.6293271241217727 × 10^358 | 4520 | 75 |
| iv_010 | 3.292580837494898 × 10^358 | 4476 | 70 |
| iv_011 | 4.111475106162864 × 10^358 | 4684 | 73 |
| iv_012 | 4.957420128504246 × 10^358 | 4339 | 81 |
| iv_013 | 5.833289717919535 × 10^358 | 4725 | 91 |
| iv_016 | 7.305292354984564 × 10^355 | 4567 | 73 |

### Input Bits Sorted by Complexity

| Input Bit | Complexity | Occurrences | Output Occurrences |
|:---------:|:----------:|:-----------:|:------------------:|
| iv_016 | 7.305292354984564 × 10^355 | 4567 | 73 |
| iv_001 | 2.1640288729243994 × 10^356 | 4668 | 78 |
| iv_003 | 2.677852707852792 × 10^357 | 4533 | 82 |
| iv_004 | 5.812305187030026 × 10^357 | 4566 | 82 |
| iv_006 | 1.284200538554637 × 10^358 | 4443 | 74 |
| iv_002 | 1.7581560404967638 × 10^358 | 4533 | 94 |
| iv_008 | 2.095427436543736 × 10^358 | 4532 | 85 |
| iv_009 | 2.6293271241217727 × 10^358 | 4520 | 75 |
| iv_010 | 3.292580837494898 × 10^358 | 4476 | 70 |
| iv_011 | 4.111475106162864 × 10^358 | 4684 | 73 |
| iv_012 | 4.957420128504246 × 10^358 | 4339 | 81 |
| iv_013 | 5.833289717919535 × 10^358 | 4725 | 91 |
| iv_005 | 7.616919799362299 × 10^358 | 4850 | 66 |

### Input Bits Sorted by Occurrences

| Input Bit | Complexity | Occurrences | Output Occurrences |
|:---------:|:----------:|:-----------:|:------------------:|
| iv_012 | 4.957420128504246 × 10^358 | 4339 | 81 |
| iv_006 | 1.284200538554637 × 10^358 | 4443 | 74 |
| iv_010 | 3.292580837494898 × 10^358 | 4476 | 70 |
| iv_009 | 2.6293271241217727 × 10^358 | 4520 | 75 |
| iv_008 | 2.095427436543736 × 10^358 | 4532 | 85 |
| iv_002 | 1.7581560404967638 × 10^358 | 4533 | 94 |
| iv_003 | 2.677852707852792 × 10^357 | 4533 | 82 |
| iv_004 | 5.812305187030026 × 10^357 | 4566 | 82 |
| iv_016 | 7.305292354984564 × 10^355 | 4567 | 73 |
| iv_001 | 2.1640288729243994 × 10^356 | 4668 | 78 |
| iv_011 | 4.111475106162864 × 10^358 | 4684 | 73 |
| iv_013 | 5.833289717919535 × 10^358 | 4725 | 91 |
| iv_005 | 7.616919799362299 × 10^358 | 4850 | 66 |

### Input Bits Sorted by Output Occurrences

| Input Bit | Complexity | Occurrences | Output Occurrences |
|:---------:|:----------:|:-----------:|:------------------:|
| iv_005 | 7.616919799362299 × 10^358 | 4850 | 66 |
| iv_010 | 3.292580837494898 × 10^358 | 4476 | 70 |
| iv_016 | 7.305292354984564 × 10^355 | 4567 | 73 |
| iv_011 | 4.111475106162864 × 10^358 | 4684 | 73 |
| iv_006 | 1.284200538554637 × 10^358 | 4443 | 74 |
| iv_009 | 2.6293271241217727 × 10^358 | 4520 | 75 |
| iv_001 | 2.1640288729243994 × 10^356 | 4668 | 78 |
| iv_012 | 4.957420128504246 × 10^358 | 4339 | 81 |
| iv_004 | 5.812305187030026 × 10^357 | 4566 | 82 |
| iv_003 | 2.677852707852792 × 10^357 | 4533 | 82 |
| iv_008 | 2.095427436543736 × 10^358 | 4532 | 85 |
| iv_013 | 5.833289717919535 × 10^358 | 4725 | 91 |
| iv_002 | 1.7581560404967638 × 10^358 | 4533 | 94 |

## Input Bit Co-occurrences

### Input Bit Co-occurrences Sorted by Co-occurrences

| Input Bits | Co-occurrences | Potential Occurrences | Output Co-occurrences | Potential Output Occurrences |
|:----------:|:--------------:|:---------------------:|:---------------------:|:----------------------------:|
| iv_003-iv_013 | 2350 | 4558 | 51 | 71 |
| iv_008-iv_013 | 2286 | 4685 | 44 | 88 |
| iv_003-iv_004 | 2249 | 4601 | 46 | 72 |
| iv_001-iv_006 | 2238 | 4635 | 38 | 76 |
| iv_001-iv_016 | 2225 | 4785 | 42 | 67 |
| iv_001-iv_011 | 2225 | 4902 | 39 | 73 |
| iv_009-iv_013 | 2225 | 4795 | 40 | 86 |
| iv_004-iv_008 | 2222 | 4654 | 43 | 81 |
| iv_002-iv_013 | 2216 | 4826 | 56 | 73 |
| iv_004-iv_013 | 2214 | 4863 | 45 | 83 |
| iv_001-iv_013 | 2214 | 4965 | 44 | 81 |
| iv_004-iv_009 | 2200 | 4686 | 38 | 81 |
| iv_011-iv_016 | 2195 | 4861 | 34 | 78 |

### Input Bit Co-occurrences Sorted by Potential Occurrences

| Input Bits | Co-occurrences | Potential Occurrences | Output Co-occurrences | Potential Output Occurrences |
|:----------:|:--------------:|:---------------------:|:---------------------:|:----------------------------:|
| iv_003-iv_012 | 2168 | 4536 | 44 | 75 |
| iv_003-iv_013 | 2350 | 4558 | 51 | 71 |
| iv_003-iv_004 | 2249 | 4601 | 46 | 72 |
| iv_002-iv_012 | 2119 | 4634 | 40 | 95 |
| iv_001-iv_006 | 2238 | 4635 | 38 | 76 |
| iv_004-iv_008 | 2222 | 4654 | 43 | 81 |
| iv_006-iv_016 | 2177 | 4656 | 39 | 69 |
| iv_008-iv_013 | 2286 | 4685 | 44 | 88 |
| iv_004-iv_009 | 2200 | 4686 | 38 | 81 |
| iv_008-iv_012 | 2089 | 4693 | 37 | 92 |
| iv_009-iv_010 | 2149 | 4698 | 31 | 83 |
| iv_003-iv_008 | 2166 | 4733 | 40 | 87 |
| iv_006-iv_008 | 2119 | 4737 | 38 | 83 |

### Input Bit Output Co-occurrences Sorted by Output Co-occurrences

| Input Bits | Co-occurrences | Potential Occurrences | Output Co-occurrences | Potential Output Occurrences |
|:----------:|:--------------:|:---------------------:|:---------------------:|:----------------------------:|
| iv_002-iv_013 | 2216 | 4826 | 56 | 73 |
| iv_003-iv_013 | 2350 | 4558 | 51 | 71 |
| iv_011-iv_013 | 2176 | 5057 | 50 | 64 |
| iv_002-iv_006 | 2042 | 4892 | 49 | 70 |
| iv_012-iv_013 | 2152 | 4760 | 47 | 78 |
| iv_001-iv_002 | 2101 | 4999 | 47 | 78 |
| iv_013-iv_016 | 2166 | 4960 | 46 | 72 |
| iv_002-iv_008 | 2068 | 4929 | 46 | 87 |
| iv_002-iv_004 | 2101 | 4897 | 46 | 84 |
| iv_003-iv_004 | 2249 | 4601 | 46 | 72 |
| iv_002-iv_003 | 2135 | 4796 | 46 | 84 |
| iv_004-iv_013 | 2214 | 4863 | 45 | 83 |
| iv_008-iv_013 | 2286 | 4685 | 44 | 88 |

### Input Bit Output Co-occurrences Sorted by Potential Output Occurrences

| Input Bits | Co-occurrences | Potential Occurrences | Output Co-occurrences | Potential Output Occurrences |
|:----------:|:--------------:|:---------------------:|:---------------------:|:----------------------------:|
| iv_011-iv_013 | 2176 | 5057 | 50 | 64 |
| iv_006-iv_010 | 2006 | 4907 | 39 | 66 |
| iv_008-iv_010 | 2023 | 4962 | 44 | 67 |
| iv_001-iv_016 | 2225 | 4785 | 42 | 67 |
| iv_005-iv_009 | 2183 | 5004 | 36 | 69 |
| iv_006-iv_016 | 2177 | 4656 | 39 | 69 |
| iv_002-iv_006 | 2042 | 4892 | 49 | 70 |
| iv_003-iv_013 | 2350 | 4558 | 51 | 71 |
| iv_006-iv_011 | 2154 | 4819 | 38 | 71 |
| iv_013-iv_016 | 2166 | 4960 | 46 | 72 |
| iv_003-iv_004 | 2249 | 4601 | 46 | 72 |
| iv_002-iv_013 | 2216 | 4826 | 56 | 73 |
| iv_001-iv_011 | 2225 | 4902 | 39 | 73 |

## Output Bits

### Output Bits in Regular Order

| Rank | Output Bit | Complexity |
|:----:|:----------:|:----------:|
| 1 | ov_001 | 5.2901347560957354 × 10^358 |
| 2 | ov_002 | 4.620258643655589 × 10^358 |
| 3 | ov_003 | 4.017780125566028 × 10^358 |
| 4 | ov_004 | 3.4771475104284656 × 10^358 |
| 5 | ov_005 | 2.9931203747515163 × 10^358 |
| 6 | ov_006 | 2.5607478153484544 × 10^358 |
| 7 | ov_007 | 2.1753492698017186 × 10^358 |
| 8 | ov_008 | 1.834649796727639 × 10^358 |
| 9 | ov_009 | 1.5344610672656813 × 10^358 |
| 10 | ov_010 | 1.2708207689604439 × 10^358 |
| 11 | ov_011 | 1.041802778679285 × 10^358 |
| 12 | ov_012 | 8.455860555956909 × 10^357 |
| 13 | ov_013 | 6.788277959662271 × 10^357 |
| 14 | ov_014 | 5.383772841705742 × 10^357 |
| 15 | ov_015 | 4.212707891295851 × 10^357 |
| 16 | ov_016 | 3.247274772281161 × 10^357 |
| 17 | ov_017 | 2.461461946041078 × 10^357 |
| 18 | ov_018 | 1.8310298348189634 × 10^357 |
| 19 | ov_019 | 1.3334920898504583 × 10^357 |
| 20 | ov_020 | 9.481018458084461 × 10^356 |
| 21 | ov_021 | 6.558419599910396 × 10^356 |
| 22 | ov_022 | 4.394183514221665 × 10^356 |
| 23 | ov_023 | 2.8325567168534818 × 10^356 |
| 24 | ov_024 | 1.7349465591441213 × 10^356 |
| 25 | ov_025 | 9.79906189458648 × 10^355 |
| 26 | ov_026 | 5.109973181815356 × 10^355 |
| 27 | ov_027 | 2.410455605916549 × 10^355 |
| 28 | ov_028 | 1.000095656904694 × 10^355 |
| 29 | ov_029 | 3.4980560849943326 × 10^354 |
| 30 | ov_030 | 9.609674710463244 × 10^353 |
| 31 | ov_031 | 1.876057500691188 × 10^353 |
| 32 | lv_80_m31 | 3.6620413904109826 × 10^352 |
| 33 | ov_033 | 4.534104830949121 × 10^353 |
| 34 | ov_034 | 3.961541597149778 × 10^353 |
| 35 | ov_035 | 3.447373891610052 × 10^353 |
| 36 | ov_036 | 2.9868929624330886 × 10^353 |
| 37 | ov_037 | 2.5756520180406582 × 10^353 |
| 38 | ov_038 | 2.2094478789528373 × 10^353 |
| 39 | ov_039 | 1.8843049130565113 × 10^353 |
| 40 | ov_040 | 1.59646105124965 × 10^353 |
| 41 | ov_041 | 1.3423556913511513 × 10^353 |
| 42 | ov_042 | 1.1186193087130955 × 10^353 |
| 43 | ov_043 | 9.220646021385861 × 10^352 |
| 44 | ov_044 | 7.51142460888254 × 10^352 |
| 45 | ov_045 | 6.043894376334502 × 10^352 |
| 46 | ov_046 | 4.804249062495063 × 10^352 |
| 47 | ov_047 | 3.767271705871621 × 10^352 |
| 48 | ov_048 | 2.9093019471677107 × 10^352 |
| 49 | ov_049 | 2.2082089755750123 × 10^352 |
| 50 | ov_050 | 1.6433704753551126 × 10^352 |
| 51 | ov_051 | 1.1956565979877284 × 10^352 |
| 52 | ov_052 | 8.474180735187569 × 10^351 |
| 53 | ov_053 | 5.824776628697268 × 10^351 |
| 54 | ov_054 | 3.8612424085759864 × 10^351 |
| 55 | ov_055 | 2.451088875769619 × 10^351 |
| 56 | ov_056 | 1.4764245365411142 × 10^351 |
| 57 | ov_057 | 8.339415272020234 × 10^350 |
| 58 | ov_058 | 4.349082228075659 × 10^350 |
| 59 | ov_059 | 2.051658125024878 × 10^350 |
| 60 | ov_060 | 8.51269517377354 × 10^349 |
| 61 | ov_061 | 2.9775326607286867 × 10^349 |
| 62 | ov_062 | 8.179392182665612 × 10^348 |
| 63 | ov_063 | 1.596673499477371 × 10^348 |
| 64 | lv_79_m31 | 3.1162389695416783 × 10^347 |
| 65 | ov_065 | 3.8203494244088095 × 10^348 |
| 66 | ov_066 | 3.8203348198091273 × 10^348 |
| 67 | ov_067 | 3.820330146757416 × 10^348 |
| 68 | ov_068 | 3.334186735303936 × 10^348 |
| 69 | ov_069 | 2.896946678963459 × 10^348 |
| 70 | ov_070 | 2.5049601414476436 × 10^348 |
| 71 | ov_071 | 2.1547822299398803 × 10^348 |
| 72 | ov_072 | 1.843158332946237 × 10^348 |
| 73 | ov_073 | 1.5670112172610898 × 10^348 |
| 74 | ov_074 | 1.3234297098713 × 10^348 |
| 75 | ov_075 | 1.1096588191103622 × 10^348 |
| 76 | ov_076 | 9.23091195189145 × 10^347 |
| 77 | ov_077 | 7.612598380048523 × 10^347 |
| 78 | ov_078 | 6.21831932090624 × 10^347 |
| 79 | ov_079 | 5.0260367910987733 × 10^347 |
| 80 | ov_080 | 4.014960063838648 × 10^347 |
| 81 | ov_081 | 3.165510378581674 × 10^347 |
| 82 | ov_082 | 2.4592922170144915 × 10^347 |
| 83 | ov_083 | 1.8790702725600503 × 10^347 |
| 84 | ov_084 | 1.4087514251321994 × 10^347 |
| 85 | ov_085 | 1.0333710001471462 × 10^347 |
| 86 | ov_086 | 7.390825577214853 × 10^346 |
| 87 | ov_087 | 5.131505330473572 × 10^346 |
| 88 | ov_088 | 3.4394512385217956 × 10^346 |
| 89 | ov_089 | 2.2093889568293354 × 10^346 |
| 90 | ov_090 | 1.3470465054246387 × 10^346 |
| 91 | ov_091 | 7.691417917270202 × 10^345 |
| 92 | ov_092 | 4.0337592039416977 × 10^345 |
| 93 | ov_093 | 1.8842998199346936 × 10^345 |
| 94 | ov_094 | 7.396371642090325 × 10^344 |
| 95 | aaa_78_28 | 2.061505494590744 × 10^344 |
| 96 | aaa_78_29 | 6.022929186718229 × 10^343 |
| 97 | ov_097 | 5.758897616169576 × 10^343 |
| 98 | ov_098 | 5.758881320275168 × 10^343 |
| 99 | ov_099 | 5.7588773719242854 × 10^343 |
| 100 | ov_100 | 5.023347268884495 × 10^343 |
| 101 | ov_101 | 4.363718887728655 × 10^343 |
| 102 | ov_102 | 3.773868858117948 × 10^343 |
| 103 | ov_103 | 3.248019232314731 × 10^343 |
| 104 | ov_104 | 2.7807140611583604 × 10^343 |
| 105 | ov_105 | 2.36679872292877 × 10^343 |
| 106 | ov_106 | 2.00140172739978 × 10^343 |
| 107 | ov_107 | 1.679918711734317 × 10^343 |
| 108 | ov_108 | 1.3979983944653308 × 10^343 |
| 109 | ov_109 | 1.1515303208748868 × 10^343 |
| 110 | ov_110 | 9.385180459476816 × 10^342 |
| 111 | ov_111 | 7.570777844355706 × 10^342 |
| 112 | ov_112 | 6.037639119680278 × 10^342 |
| 113 | ov_113 | 4.753378690932238 × 10^342 |
| 114 | ov_114 | 3.687629417677486 × 10^342 |
| 115 | ov_115 | 2.8120011055581195 × 10^342 |
| 116 | ov_116 | 2.100048382202403 × 10^342 |
| 117 | ov_117 | 1.527246468410436 × 10^342 |
| 118 | ov_118 | 1.0818105401626556 × 10^342 |
| 119 | ov_119 | 7.43008818332521 × 10^341 |
| 120 | ov_120 | 4.9199109367907543 × 10^341 |
| 121 | ov_121 | 3.1178312581422085 × 10^341 |
| 122 | ov_122 | 1.8728321548165584 × 10^341 |
| 123 | ov_123 | 1.052602582612857 × 10^341 |
| 124 | ov_124 | 5.435273792069961 × 10^340 |
| 125 | ov_125 | 2.5068263398056167 × 10^340 |
| 126 | ov_126 | 9.783385828175414 × 10^339 |
| 127 | aaa_77_28 | 2.7435395015212354 × 10^339 |
| 128 | aaa_77_29 | 8.354459311408325 × 10^338 |
| 129 | ov_129 | 5.007700165637513 × 10^338 |
| 130 | ov_130 | 5.007683482995799 × 10^338 |
| 131 | ov_131 | 5.0076794314199914 × 10^338 |
| 132 | ov_132 | 4.37740855991488 × 10^338 |
| 133 | ov_133 | 3.814948831981322 × 10^338 |
| 134 | ov_134 | 3.314099810711861 × 10^338 |
| 135 | ov_135 | 2.8690156352229196 × 10^338 |
| 136 | ov_136 | 2.474180546850652 × 10^338 |
| 137 | ov_137 | 2.1243871080924472 × 10^338 |
| 138 | ov_138 | 1.8147168569490225 × 10^338 |
| 139 | ov_139 | 1.5405232127568213 × 10^338 |
| 140 | ov_140 | 1.2995488545158816 × 10^338 |
| 141 | ov_141 | 1.0876479264868241 × 10^338 |
| 142 | ov_142 | 9.00907183962768 × 10^337 |
| 143 | ov_143 | 7.37426862999345 × 10^337 |
| 144 | ov_144 | 5.954165510802394 × 10^337 |
| 145 | ov_145 | 4.731915752578393 × 10^337 |
| 146 | ov_146 | 3.6917007746818826 × 10^337 |
| 147 | ov_147 | 2.8187069192575275 × 10^337 |
| 148 | ov_148 | 2.0991073435434053 × 10^337 |
| 149 | ov_149 | 1.5200482031430794 × 10^337 |
| 150 | ov_150 | 1.0696383736208795 × 10^337 |
| 151 | ov_151 | 7.269563500877494 × 10^336 |
| 152 | ov_152 | 4.729774743568536 × 10^336 |
| 153 | ov_153 | 2.905683396360489 × 10^336 |
| 154 | ov_154 | 1.6448336010843855 × 10^336 |
| 155 | ov_155 | 8.136281545255989 × 10^335 |
| 156 | aaa_76_25 | 2.9731855613365115 × 10^335 |
| 157 | aaa_76_26 | 1.5539013560312736 × 10^335 |
| 158 | aaa_76_27 | 7.168292078925623 × 10^334 |
| 159 | aaa_76_28 | 2.798500351282481 × 10^334 |
| 160 | aaa_76_29 | 8.537253704548004 × 10^333 |

### Output Bits Sorted by Complexity

| Rank | Output Bit | Complexity |
|:----:|:----------:|:----------:|
| 160 | aaa_76_29 | 8.537253704548004 × 10^333 |
| 159 | aaa_76_28 | 2.798500351282481 × 10^334 |
| 158 | aaa_76_27 | 7.168292078925623 × 10^334 |
| 157 | aaa_76_26 | 1.5539013560312736 × 10^335 |
| 156 | aaa_76_25 | 2.9731855613365115 × 10^335 |
| 155 | ov_155 | 8.136281545255989 × 10^335 |
| 154 | ov_154 | 1.6448336010843855 × 10^336 |
| 153 | ov_153 | 2.905683396360489 × 10^336 |
| 152 | ov_152 | 4.729774743568536 × 10^336 |
| 151 | ov_151 | 7.269563500877494 × 10^336 |
| 150 | ov_150 | 1.0696383736208795 × 10^337 |
| 149 | ov_149 | 1.5200482031430794 × 10^337 |
| 148 | ov_148 | 2.0991073435434053 × 10^337 |
| 147 | ov_147 | 2.8187069192575275 × 10^337 |
| 146 | ov_146 | 3.6917007746818826 × 10^337 |
| 145 | ov_145 | 4.731915752578393 × 10^337 |
| 144 | ov_144 | 5.954165510802394 × 10^337 |
| 143 | ov_143 | 7.37426862999345 × 10^337 |
| 142 | ov_142 | 9.00907183962768 × 10^337 |
| 141 | ov_141 | 1.0876479264868241 × 10^338 |
| 140 | ov_140 | 1.2995488545158816 × 10^338 |
| 139 | ov_139 | 1.5405232127568213 × 10^338 |
| 138 | ov_138 | 1.8147168569490225 × 10^338 |
| 137 | ov_137 | 2.1243871080924472 × 10^338 |
| 136 | ov_136 | 2.474180546850652 × 10^338 |
| 135 | ov_135 | 2.8690156352229196 × 10^338 |
| 134 | ov_134 | 3.314099810711861 × 10^338 |
| 133 | ov_133 | 3.814948831981322 × 10^338 |
| 132 | ov_132 | 4.37740855991488 × 10^338 |
| 131 | ov_131 | 5.0076794314199914 × 10^338 |
| 130 | ov_130 | 5.007683482995799 × 10^338 |
| 129 | ov_129 | 5.007700165637513 × 10^338 |
| 128 | aaa_77_29 | 8.354459311408325 × 10^338 |
| 127 | aaa_77_28 | 2.7435395015212354 × 10^339 |
| 126 | ov_126 | 9.783385828175414 × 10^339 |
| 125 | ov_125 | 2.5068263398056167 × 10^340 |
| 124 | ov_124 | 5.435273792069961 × 10^340 |
| 123 | ov_123 | 1.052602582612857 × 10^341 |
| 122 | ov_122 | 1.8728321548165584 × 10^341 |
| 121 | ov_121 | 3.1178312581422085 × 10^341 |
| 120 | ov_120 | 4.9199109367907543 × 10^341 |
| 119 | ov_119 | 7.43008818332521 × 10^341 |
| 118 | ov_118 | 1.0818105401626556 × 10^342 |
| 117 | ov_117 | 1.527246468410436 × 10^342 |
| 116 | ov_116 | 2.100048382202403 × 10^342 |
| 115 | ov_115 | 2.8120011055581195 × 10^342 |
| 114 | ov_114 | 3.687629417677486 × 10^342 |
| 113 | ov_113 | 4.753378690932238 × 10^342 |
| 112 | ov_112 | 6.037639119680278 × 10^342 |
| 111 | ov_111 | 7.570777844355706 × 10^342 |
| 110 | ov_110 | 9.385180459476816 × 10^342 |
| 109 | ov_109 | 1.1515303208748868 × 10^343 |
| 108 | ov_108 | 1.3979983944653308 × 10^343 |
| 107 | ov_107 | 1.679918711734317 × 10^343 |
| 106 | ov_106 | 2.00140172739978 × 10^343 |
| 105 | ov_105 | 2.36679872292877 × 10^343 |
| 104 | ov_104 | 2.7807140611583604 × 10^343 |
| 103 | ov_103 | 3.248019232314731 × 10^343 |
| 102 | ov_102 | 3.773868858117948 × 10^343 |
| 101 | ov_101 | 4.363718887728655 × 10^343 |
| 100 | ov_100 | 5.023347268884495 × 10^343 |
| 99 | ov_099 | 5.7588773719242854 × 10^343 |
| 98 | ov_098 | 5.758881320275168 × 10^343 |
| 97 | ov_097 | 5.758897616169576 × 10^343 |
| 96 | aaa_78_29 | 6.022929186718229 × 10^343 |
| 95 | aaa_78_28 | 2.061505494590744 × 10^344 |
| 94 | ov_094 | 7.396371642090325 × 10^344 |
| 93 | ov_093 | 1.8842998199346936 × 10^345 |
| 92 | ov_092 | 4.0337592039416977 × 10^345 |
| 91 | ov_091 | 7.691417917270202 × 10^345 |
| 90 | ov_090 | 1.3470465054246387 × 10^346 |
| 89 | ov_089 | 2.2093889568293354 × 10^346 |
| 88 | ov_088 | 3.4394512385217956 × 10^346 |
| 87 | ov_087 | 5.131505330473572 × 10^346 |
| 86 | ov_086 | 7.390825577214853 × 10^346 |
| 85 | ov_085 | 1.0333710001471462 × 10^347 |
| 84 | ov_084 | 1.4087514251321994 × 10^347 |
| 83 | ov_083 | 1.8790702725600503 × 10^347 |
| 82 | ov_082 | 2.4592922170144915 × 10^347 |
| 64 | lv_79_m31 | 3.1162389695416783 × 10^347 |
| 81 | ov_081 | 3.165510378581674 × 10^347 |
| 80 | ov_080 | 4.014960063838648 × 10^347 |
| 79 | ov_079 | 5.0260367910987733 × 10^347 |
| 78 | ov_078 | 6.21831932090624 × 10^347 |
| 77 | ov_077 | 7.612598380048523 × 10^347 |
| 76 | ov_076 | 9.23091195189145 × 10^347 |
| 75 | ov_075 | 1.1096588191103622 × 10^348 |
| 74 | ov_074 | 1.3234297098713 × 10^348 |
| 73 | ov_073 | 1.5670112172610898 × 10^348 |
| 63 | ov_063 | 1.596673499477371 × 10^348 |
| 72 | ov_072 | 1.843158332946237 × 10^348 |
| 71 | ov_071 | 2.1547822299398803 × 10^348 |
| 70 | ov_070 | 2.5049601414476436 × 10^348 |
| 69 | ov_069 | 2.896946678963459 × 10^348 |
| 68 | ov_068 | 3.334186735303936 × 10^348 |
| 67 | ov_067 | 3.820330146757416 × 10^348 |
| 66 | ov_066 | 3.8203348198091273 × 10^348 |
| 65 | ov_065 | 3.8203494244088095 × 10^348 |
| 62 | ov_062 | 8.179392182665612 × 10^348 |
| 61 | ov_061 | 2.9775326607286867 × 10^349 |
| 60 | ov_060 | 8.51269517377354 × 10^349 |
| 59 | ov_059 | 2.051658125024878 × 10^350 |
| 58 | ov_058 | 4.349082228075659 × 10^350 |
| 57 | ov_057 | 8.339415272020234 × 10^350 |
| 56 | ov_056 | 1.4764245365411142 × 10^351 |
| 55 | ov_055 | 2.451088875769619 × 10^351 |
| 54 | ov_054 | 3.8612424085759864 × 10^351 |
| 53 | ov_053 | 5.824776628697268 × 10^351 |
| 52 | ov_052 | 8.474180735187569 × 10^351 |
| 51 | ov_051 | 1.1956565979877284 × 10^352 |
| 50 | ov_050 | 1.6433704753551126 × 10^352 |
| 49 | ov_049 | 2.2082089755750123 × 10^352 |
| 48 | ov_048 | 2.9093019471677107 × 10^352 |
| 32 | lv_80_m31 | 3.6620413904109826 × 10^352 |
| 47 | ov_047 | 3.767271705871621 × 10^352 |
| 46 | ov_046 | 4.804249062495063 × 10^352 |
| 45 | ov_045 | 6.043894376334502 × 10^352 |
| 44 | ov_044 | 7.51142460888254 × 10^352 |
| 43 | ov_043 | 9.220646021385861 × 10^352 |
| 42 | ov_042 | 1.1186193087130955 × 10^353 |
| 41 | ov_041 | 1.3423556913511513 × 10^353 |
| 40 | ov_040 | 1.59646105124965 × 10^353 |
| 31 | ov_031 | 1.876057500691188 × 10^353 |
| 39 | ov_039 | 1.8843049130565113 × 10^353 |
| 38 | ov_038 | 2.2094478789528373 × 10^353 |
| 37 | ov_037 | 2.5756520180406582 × 10^353 |
| 36 | ov_036 | 2.9868929624330886 × 10^353 |
| 35 | ov_035 | 3.447373891610052 × 10^353 |
| 34 | ov_034 | 3.961541597149778 × 10^353 |
| 33 | ov_033 | 4.534104830949121 × 10^353 |
| 30 | ov_030 | 9.609674710463244 × 10^353 |
| 29 | ov_029 | 3.4980560849943326 × 10^354 |
| 28 | ov_028 | 1.000095656904694 × 10^355 |
| 27 | ov_027 | 2.410455605916549 × 10^355 |
| 26 | ov_026 | 5.109973181815356 × 10^355 |
| 25 | ov_025 | 9.79906189458648 × 10^355 |
| 24 | ov_024 | 1.7349465591441213 × 10^356 |
| 23 | ov_023 | 2.8325567168534818 × 10^356 |
| 22 | ov_022 | 4.394183514221665 × 10^356 |
| 21 | ov_021 | 6.558419599910396 × 10^356 |
| 20 | ov_020 | 9.481018458084461 × 10^356 |
| 19 | ov_019 | 1.3334920898504583 × 10^357 |
| 18 | ov_018 | 1.8310298348189634 × 10^357 |
| 17 | ov_017 | 2.461461946041078 × 10^357 |
| 16 | ov_016 | 3.247274772281161 × 10^357 |
| 15 | ov_015 | 4.212707891295851 × 10^357 |
| 14 | ov_014 | 5.383772841705742 × 10^357 |
| 13 | ov_013 | 6.788277959662271 × 10^357 |
| 12 | ov_012 | 8.455860555956909 × 10^357 |
| 11 | ov_011 | 1.041802778679285 × 10^358 |
| 10 | ov_010 | 1.2708207689604439 × 10^358 |
| 9 | ov_009 | 1.5344610672656813 × 10^358 |
| 8 | ov_008 | 1.834649796727639 × 10^358 |
| 7 | ov_007 | 2.1753492698017186 × 10^358 |
| 6 | ov_006 | 2.5607478153484544 × 10^358 |
| 5 | ov_005 | 2.9931203747515163 × 10^358 |
| 4 | ov_004 | 3.4771475104284656 × 10^358 |
| 3 | ov_003 | 4.017780125566028 × 10^358 |
| 2 | ov_002 | 4.620258643655589 × 10^358 |
| 1 | ov_001 | 5.2901347560957354 × 10^358 |

