# Results for F001-F002-F003-F004-F005-F006-F007-F008-F009-F010-F011-F012-F013-F014-F015-F016-F017-F018-F019-F020-F021-F022-F023-F024-F025-F026-F027-F028-F029-F030-F031-F032-F033-F034-F035-F036-F037-F038-F039-F040-F041-F042-F043-F044-F045-F046-F047-F048-F049-F050-F051-F052-F053-F054-F055-F056-F057-F058-F059-F060-F061-F062-F063-F064-F065-F066-F067-F068-F069-F070-F071-F072-F073-F074-F075-F076-F077-F078-F079-F080-F081-F082-F083-F084-F085-F086-F087-F088-F089-F090-F091-F092-F093-F094-F095-F096-F097-F098-F099-F100-F101-F102-F103-F104-F105-F106-F107-F108-F109-F110-F111-F112-F113-F114-F115-F116-F117-F118-F119-F120-F121-F122-F123-F124-F125-F126-F127-F128-F129-F130-F131-F132-F133-F134-F135-F136-F137-F138-F139-F140-F141-F142-F143-F144-F145-F146-F147-F148-F149-F150-F151-F152-F153-F154-F155-F156-F157-F158-F159-F160-F161-F162-F163-F164-F165-F166-F167-F168-F169-F170-F171-F172-F173-F174-F175-F176-F177-F178-F179-F180-F181-F182-F183-F184-F185-F186-F187-F188-F189-F190-F191-F192-F193-F194-F195-F196-F197-F198-F199-F200-F201-F202-F203-F204-F205-F206-F207-F208-F209-F210-F211-F212-F213-F214-F215-F216-F217-F218-F219-F220-F221-F222-F223-F224-F225-F226-F227-F228-F229-F230-F231-F232-F233-F234-F235-F236-F237-F238-F239-F240-F241-F242-F243-F244-F245-F246-F247-F248-F249-F250-F251-F252-F253-F254-F255-F256-F257-F258-F259-F260-F261-F262-F263-F264-F265-F266-F267-F268-F269-F270-F271-F272-F273-F274-F275-F276-F277-F278-F279-F280-F281-F282-F283-F284-F285-F286-F287-F288-F289-F290-F291-F292-F293-F294-F295-F296-F297-F298-F299-F300-F301-F302-F303-F304-F305-F306-F307-F308-F309-F310-F311-F312-F313-F314-F315-F316-F317-F318-F319-F320-F321-F322-F323-F324-F325-F326-F327-F328-F329-F330-F331-F332-F333-F334-F335-F336-F337-F338-F339-F340-F341-F342-F343-F344-F345-F346-F347-F348-F349-F350-F351-F352-F353-F354-F355-F356-F357-F358-F359-F360-F361-F362-F363-F364-F365-F366-F367-F368-F369-F370-F371-F372-F373-F374-F375-F376-F377-F378-F379-F380-F381-F382-F383-F384-F385-F386-F387-F388-F389-F390-F391-F392-F393-F394-F395-F396-F397-F398-F399-F400-F401-F402-F403-F404-F405-F406-F407-F408-F409-F410-F411-F412-F413-F414-F415-F416-F417-F418-F419-F420-F421-F422-F423-F424-F425-F426-F427-F428-F429-F430-F431-F432-F433-F434-F435-F436-F437-F438-F439-F440-F441-F442-F443-F444-F445-F446-F447-F448-F449-F450-F451-F452-F453-F454-F455-F456-F457-F458-F459-F460-F461-F462-F463-F464-F465-F466-F467-F468-F469-F470-F471-F472-F473-F474-F475-F476-F477-F478-F479-F480-F481-F482-F483-F484-F485-F486-F487-F488-F489-F490-F491-F492-F493-F494-F495-F496-O500505-T510-F512

## Summary

Number of input bits: 512  
Number of free input bits: 13  
Number of output bits: 160

Number of direct occurrences: 54637  
Number of assignments: 32164  
Number of operations: 11950908
(xor: 11921225,
and: 16040,
or: 13643)

Total complexity: 7.401559453779959 × 10^308

Least occurring input variable: iv_498 (4005)  
Most occurring input variable: iv_500 (4493)

Most co-occurring input variables: iv_500-iv_508 (2192)  
Least co-occurring input variables: iv_498-iv_509 (1823)

Potentially most occurring input variable: iv_503/iv_509 (4598)  
Potentially least occurring input variable: iv_501/iv_504 (4248)

Least output occurring input variable: iv_501 (65)  
Most output occurring input variable: iv_500 (90)

Most output co-occurring input variables: iv_500-iv_508 (54)  
Least output co-occurring input variables: iv_501-iv_504 (25)

Potentially most output occurring input variable: iv_497/iv_508 (92)  
Potentially least output occurring input variable: iv_497/iv_503 (66)

Least complex input bit: iv_511 (1.709946158332085 × 10^305)  
Most complex input bit: iv_509 (2.086031468896141 × 10^308)

Least complex output bit: aaa_76_29 (1.6319389095508475 × 10^283)  
Most complex output bit: ov_001 (1.157128913457456 × 10^308)

Least complex input/output complexity: iv_511/aaa_76_29 (3.7701888182415465 × 10^279)  
Most complex input/output complexity: iv_509/ov_001 (3.261214534741225 × 10^307)

## Input Bits

### Input Bits in Regular Order

| Input Bit | Complexity | Occurrences | Output Occurrences |
|:---------:|:----------:|:-----------:|:------------------:|
| iv_497 | 9.141473748490127 × 10^305 | 4150 | 88 |
| iv_498 | 1.8477355103681746 × 10^306 | 4005 | 79 |
| iv_499 | 3.297339205983538 × 10^306 | 4147 | 82 |
| iv_500 | 6.216705537040783 × 10^307 | 4493 | 90 |
| iv_501 | 9.411015107651164 × 10^306 | 4153 | 65 |
| iv_502 | 1.5263299732248886 × 10^307 | 4184 | 81 |
| iv_503 | 2.4135458907375297 × 10^307 | 4210 | 84 |
| iv_504 | 3.730867217485481 × 10^307 | 4095 | 68 |
| iv_506 | 8.428550721371268 × 10^307 | 4027 | 80 |
| iv_507 | 1.2360925311427272 × 10^308 | 4329 | 83 |
| iv_508 | 1.6914232016082462 × 10^308 | 4382 | 90 |
| iv_509 | 2.086031468896141 × 10^308 | 4234 | 89 |
| iv_511 | 1.709946158332085 × 10^305 | 4228 | 90 |

### Input Bits Sorted by Complexity

| Input Bit | Complexity | Occurrences | Output Occurrences |
|:---------:|:----------:|:-----------:|:------------------:|
| iv_511 | 1.709946158332085 × 10^305 | 4228 | 90 |
| iv_497 | 9.141473748490127 × 10^305 | 4150 | 88 |
| iv_498 | 1.8477355103681746 × 10^306 | 4005 | 79 |
| iv_499 | 3.297339205983538 × 10^306 | 4147 | 82 |
| iv_501 | 9.411015107651164 × 10^306 | 4153 | 65 |
| iv_502 | 1.5263299732248886 × 10^307 | 4184 | 81 |
| iv_503 | 2.4135458907375297 × 10^307 | 4210 | 84 |
| iv_504 | 3.730867217485481 × 10^307 | 4095 | 68 |
| iv_500 | 6.216705537040783 × 10^307 | 4493 | 90 |
| iv_506 | 8.428550721371268 × 10^307 | 4027 | 80 |
| iv_507 | 1.2360925311427272 × 10^308 | 4329 | 83 |
| iv_508 | 1.6914232016082462 × 10^308 | 4382 | 90 |
| iv_509 | 2.086031468896141 × 10^308 | 4234 | 89 |

### Input Bits Sorted by Occurrences

| Input Bit | Complexity | Occurrences | Output Occurrences |
|:---------:|:----------:|:-----------:|:------------------:|
| iv_498 | 1.8477355103681746 × 10^306 | 4005 | 79 |
| iv_506 | 8.428550721371268 × 10^307 | 4027 | 80 |
| iv_504 | 3.730867217485481 × 10^307 | 4095 | 68 |
| iv_499 | 3.297339205983538 × 10^306 | 4147 | 82 |
| iv_497 | 9.141473748490127 × 10^305 | 4150 | 88 |
| iv_501 | 9.411015107651164 × 10^306 | 4153 | 65 |
| iv_502 | 1.5263299732248886 × 10^307 | 4184 | 81 |
| iv_503 | 2.4135458907375297 × 10^307 | 4210 | 84 |
| iv_511 | 1.709946158332085 × 10^305 | 4228 | 90 |
| iv_509 | 2.086031468896141 × 10^308 | 4234 | 89 |
| iv_507 | 1.2360925311427272 × 10^308 | 4329 | 83 |
| iv_508 | 1.6914232016082462 × 10^308 | 4382 | 90 |
| iv_500 | 6.216705537040783 × 10^307 | 4493 | 90 |

### Input Bits Sorted by Output Occurrences

| Input Bit | Complexity | Occurrences | Output Occurrences |
|:---------:|:----------:|:-----------:|:------------------:|
| iv_501 | 9.411015107651164 × 10^306 | 4153 | 65 |
| iv_504 | 3.730867217485481 × 10^307 | 4095 | 68 |
| iv_498 | 1.8477355103681746 × 10^306 | 4005 | 79 |
| iv_506 | 8.428550721371268 × 10^307 | 4027 | 80 |
| iv_502 | 1.5263299732248886 × 10^307 | 4184 | 81 |
| iv_499 | 3.297339205983538 × 10^306 | 4147 | 82 |
| iv_507 | 1.2360925311427272 × 10^308 | 4329 | 83 |
| iv_503 | 2.4135458907375297 × 10^307 | 4210 | 84 |
| iv_497 | 9.141473748490127 × 10^305 | 4150 | 88 |
| iv_509 | 2.086031468896141 × 10^308 | 4234 | 89 |
| iv_508 | 1.6914232016082462 × 10^308 | 4382 | 90 |
| iv_511 | 1.709946158332085 × 10^305 | 4228 | 90 |
| iv_500 | 6.216705537040783 × 10^307 | 4493 | 90 |

## Input Bit Co-occurrences

### Input Bit Co-occurrences Sorted by Co-occurrences

| Input Bits | Co-occurrences | Potential Occurrences | Output Co-occurrences | Potential Output Occurrences |
|:----------:|:--------------:|:---------------------:|:---------------------:|:----------------------------:|
| iv_500-iv_508 | 2192 | 4491 | 54 | 72 |
| iv_500-iv_507 | 2171 | 4480 | 44 | 85 |
| iv_500-iv_504 | 2138 | 4312 | 44 | 70 |
| iv_507-iv_508 | 2125 | 4461 | 44 | 85 |
| iv_500-iv_502 | 2116 | 4445 | 41 | 89 |
| iv_499-iv_500 | 2112 | 4416 | 45 | 82 |
| iv_508-iv_509 | 2111 | 4394 | 53 | 73 |
| iv_500-iv_509 | 2107 | 4513 | 52 | 75 |
| iv_499-iv_508 | 2100 | 4329 | 46 | 80 |
| iv_500-iv_503 | 2097 | 4509 | 50 | 74 |
| iv_499-iv_507 | 2092 | 4292 | 42 | 81 |
| iv_502-iv_508 | 2090 | 4386 | 47 | 77 |
| iv_503-iv_508 | 2087 | 4418 | 43 | 88 |

### Input Bit Co-occurrences Sorted by Potential Occurrences

| Input Bits | Co-occurrences | Potential Occurrences | Output Co-occurrences | Potential Output Occurrences |
|:----------:|:--------------:|:---------------------:|:---------------------:|:----------------------------:|
| iv_501-iv_504 | 2000 | 4248 | 25 | 83 |
| iv_499-iv_504 | 1989 | 4264 | 31 | 88 |
| iv_498-iv_506 | 1882 | 4268 | 36 | 87 |
| iv_499-iv_501 | 2004 | 4292 | 30 | 87 |
| iv_499-iv_507 | 2092 | 4292 | 42 | 81 |
| iv_504-iv_511 | 2015 | 4293 | 43 | 72 |
| iv_502-iv_504 | 1986 | 4307 | 36 | 77 |
| iv_502-iv_506 | 1950 | 4311 | 47 | 67 |
| iv_498-iv_501 | 1923 | 4312 | 30 | 84 |
| iv_500-iv_504 | 2138 | 4312 | 44 | 70 |
| iv_506-iv_511 | 1968 | 4319 | 47 | 76 |
| iv_498-iv_504 | 1890 | 4320 | 35 | 77 |
| iv_504-iv_506 | 1899 | 4324 | 32 | 84 |

### Input Bit Output Co-occurrences Sorted by Output Co-occurrences

| Input Bits | Co-occurrences | Potential Occurrences | Output Co-occurrences | Potential Output Occurrences |
|:----------:|:--------------:|:---------------------:|:---------------------:|:----------------------------:|
| iv_500-iv_508 | 2192 | 4491 | 54 | 72 |
| iv_508-iv_509 | 2111 | 4394 | 53 | 73 |
| iv_509-iv_511 | 1991 | 4480 | 53 | 73 |
| iv_497-iv_503 | 2008 | 4344 | 53 | 66 |
| iv_507-iv_511 | 2046 | 4465 | 52 | 69 |
| iv_508-iv_511 | 2056 | 4498 | 52 | 76 |
| iv_500-iv_509 | 2107 | 4513 | 52 | 75 |
| iv_500-iv_511 | 2064 | 4593 | 52 | 76 |
| iv_497-iv_509 | 2018 | 4348 | 50 | 77 |
| iv_500-iv_503 | 2097 | 4509 | 50 | 74 |
| iv_497-iv_511 | 1945 | 4488 | 49 | 80 |
| iv_499-iv_503 | 2014 | 4329 | 49 | 68 |
| iv_499-iv_509 | 1954 | 4473 | 49 | 73 |

### Input Bit Output Co-occurrences Sorted by Potential Output Occurrences

| Input Bits | Co-occurrences | Potential Occurrences | Output Co-occurrences | Potential Output Occurrences |
|:----------:|:--------------:|:---------------------:|:---------------------:|:----------------------------:|
| iv_497-iv_503 | 2008 | 4344 | 53 | 66 |
| iv_502-iv_506 | 1950 | 4311 | 47 | 67 |
| iv_504-iv_508 | 2066 | 4345 | 45 | 68 |
| iv_499-iv_503 | 2014 | 4329 | 49 | 68 |
| iv_507-iv_511 | 2046 | 4465 | 52 | 69 |
| iv_497-iv_501 | 1979 | 4345 | 42 | 69 |
| iv_500-iv_504 | 2138 | 4312 | 44 | 70 |
| iv_504-iv_511 | 2015 | 4293 | 43 | 72 |
| iv_503-iv_506 | 1928 | 4381 | 46 | 72 |
| iv_500-iv_508 | 2192 | 4491 | 54 | 72 |
| iv_508-iv_509 | 2111 | 4394 | 53 | 73 |
| iv_509-iv_511 | 1991 | 4480 | 53 | 73 |
| iv_503-iv_507 | 2065 | 4409 | 47 | 73 |

## Output Bits

### Output Bits in Regular Order

| Rank | Output Bit | Complexity |
|:----:|:----------:|:----------:|
| 1 | ov_001 | 1.157128913457456 × 10^308 |
| 2 | ov_002 | 1.0068958010950842 × 10^308 |
| 3 | ov_003 | 8.720194758048981 × 10^307 |
| 4 | ov_004 | 7.513484631416773 × 10^307 |
| 5 | ov_005 | 6.437943523505716 × 10^307 |
| 6 | ov_006 | 5.483273341197006 × 10^307 |
| 7 | ov_007 | 4.639723101857622 × 10^307 |
| 8 | ov_008 | 3.8980552908946596 × 10^307 |
| 9 | ov_009 | 3.2495170535408714 × 10^307 |
| 10 | ov_010 | 2.685815756628885 × 10^307 |
| 11 | ov_011 | 2.1990984510648887 × 10^307 |
| 12 | ov_012 | 1.781934792764927 × 10^307 |
| 13 | ov_013 | 1.4273030062907513 × 10^307 |
| 14 | ov_014 | 1.1285785014431007 × 10^307 |
| 15 | ov_015 | 8.795247787440125 × 10^306 |
| 16 | ov_016 | 6.742862851540443 × 10^306 |
| 17 | ov_017 | 5.073829065960613 × 10^306 |
| 18 | ov_018 | 3.7370580895077746 × 10^306 |
| 19 | ov_019 | 2.6851436419343566 × 10^306 |
| 20 | ov_020 | 1.874339232872556 × 10^306 |
| 21 | ov_021 | 1.2645423259086788 × 10^306 |
| 22 | ov_022 | 8.192833588821718 × 10^305 |
| 23 | ov_023 | 5.057183614814728 × 10^305 |
| 24 | ov_024 | 2.946241534243283 × 10^305 |
| 25 | ov_025 | 1.603954043895526 × 10^305 |
| 26 | ov_026 | 8.104302230196435 × 10^304 |
| 27 | ov_027 | 3.819339434752412 × 10^304 |
| 28 | ov_028 | 1.7088087418469012 × 10^304 |
| 29 | ov_029 | 6.583751596574173 × 10^303 |
| 30 | ov_030 | 2.0124777038397936 × 10^303 |
| 31 | ov_031 | 3.924791356260644 × 10^302 |
| 32 | lv_80_m31 | 7.652797415308708 × 10^301 |
| 33 | ov_033 | 9.217838854436035 × 10^302 |
| 34 | ov_034 | 8.003789432524203 × 10^302 |
| 35 | ov_035 | 6.91625604188651 × 10^302 |
| 36 | ov_036 | 5.945333989894485 × 10^302 |
| 37 | ov_037 | 5.081661599964314 × 10^302 |
| 38 | ov_038 | 4.316381858379896 × 10^302 |
| 39 | ov_039 | 3.6411090359288817 × 10^302 |
| 40 | ov_040 | 3.0478998303613484 × 10^302 |
| 41 | ov_041 | 2.529228599410427 × 10^302 |
| 42 | ov_042 | 2.0779662770554533 × 10^302 |
| 43 | ov_043 | 1.69064505670742 × 10^302 |
| 44 | ov_044 | 1.360878603366851 × 10^302 |
| 45 | ov_045 | 1.0826322651276185 × 10^302 |
| 46 | ov_046 | 8.502130886604618 × 10^301 |
| 47 | ov_047 | 6.582618076968151 × 10^301 |
| 48 | ov_048 | 5.017465256414393 × 10^301 |
| 49 | ov_049 | 3.759578341402639 × 10^301 |
| 50 | ov_050 | 2.765051300621382 × 10^301 |
| 51 | ov_051 | 1.993139139418211 × 10^301 |
| 52 | ov_052 | 1.4062387349036763 × 10^301 |
| 53 | ov_053 | 9.698757631711804 × 10^300 |
| 54 | ov_054 | 6.526961653139747 × 10^300 |
| 55 | ov_055 | 4.264608040684476 × 10^300 |
| 56 | ov_056 | 2.6604221381618523 × 10^300 |
| 57 | ov_057 | 1.5965427459067577 × 10^300 |
| 58 | ov_058 | 8.838794077051872 × 10^299 |
| 59 | ov_059 | 4.35657649707179 × 10^299 |
| 60 | ov_060 | 1.8064280009749795 × 10^299 |
| 61 | ov_061 | 6.313936540549804 × 10^298 |
| 62 | ov_062 | 1.7331638419902657 × 10^298 |
| 63 | ov_063 | 3.380448184443633 × 10^297 |
| 64 | lv_79_m31 | 6.592013356558676 × 10^296 |
| 65 | ov_065 | 7.936903502236384 × 10^297 |
| 66 | ov_066 | 7.936881351846678 × 10^297 |
| 67 | ov_067 | 7.936875996063147 × 10^297 |
| 68 | ov_068 | 6.895144005513181 × 10^297 |
| 69 | ov_069 | 5.960649680525929 × 10^297 |
| 70 | ov_070 | 5.125375366511853 × 10^297 |
| 71 | ov_071 | 4.381732524962685 × 10^297 |
| 72 | ov_072 | 3.722531189212665 × 10^297 |
| 73 | ov_073 | 3.1409536463522796 × 10^297 |
| 74 | ov_074 | 2.6305319407496783 × 10^297 |
| 75 | ov_075 | 2.1851288162171584 × 10^297 |
| 76 | ov_076 | 1.7989217345833502 × 10^297 |
| 77 | ov_077 | 1.466389628443979 × 10^297 |
| 78 | ov_078 | 1.1823020652970905 × 10^297 |
| 79 | ov_079 | 9.41710519235377 × 10^296 |
| 80 | ov_080 | 7.399414649654619 × 10^296 |
| 81 | ov_081 | 5.725910272342788 × 10^296 |
| 82 | ov_082 | 4.355209368349968 × 10^296 |
| 83 | ov_083 | 3.248555622960222 × 10^296 |
| 84 | ov_084 | 2.369798041719444 × 10^296 |
| 85 | ov_085 | 1.6853765659042713 × 10^296 |
| 86 | ov_086 | 1.1643125839064307 × 10^296 |
| 87 | ov_087 | 7.782027383598257 × 10^295 |
| 88 | ov_088 | 5.012147280552122 × 10^295 |
| 89 | ov_089 | 3.100843266980844 × 10^295 |
| 90 | ov_090 | 1.841132975046615 × 10^295 |
| 91 | ov_091 | 1.0516802761395348 × 10^295 |
| 92 | ov_092 | 5.767870777103658 × 10^294 |
| 93 | ov_093 | 2.8638891402320957 × 10^294 |
| 94 | ov_094 | 1.2186159528857784 × 10^294 |
| 95 | aaa_78_28 | 3.73964229380186 × 10^293 |
| 96 | aaa_78_29 | 1.1372553360501636 × 10^293 |
| 97 | ov_097 | 6.290032553702046 × 10^292 |
| 98 | ov_098 | 6.290003146824593 × 10^292 |
| 99 | ov_099 | 6.289993729969919 × 10^292 |
| 100 | ov_100 | 5.423257623910208 × 10^292 |
| 101 | ov_101 | 4.649761627137852 × 10^292 |
| 102 | ov_102 | 3.962275885927085 × 10^292 |
| 103 | ov_103 | 3.3539719745330344 × 10^292 |
| 104 | ov_104 | 2.8183936214327645 × 10^292 |
| 105 | ov_105 | 2.3494311463782985 × 10^292 |
| 106 | ov_106 | 1.9412992762082577 × 10^292 |
| 107 | ov_107 | 1.588518024765789 × 10^292 |
| 108 | ov_108 | 1.285896339012325 × 10^292 |
| 109 | ov_109 | 1.0285182296315112 × 10^292 |
| 110 | ov_110 | 8.117311201909142 × 10^291 |
| 111 | ov_111 | 6.311361643624737 × 10^291 |
| 112 | ov_112 | 4.825802958739279 × 10^291 |
| 113 | ov_113 | 3.6214979083776 × 10^291 |
| 114 | ov_114 | 2.661651369352089 × 10^291 |
| 115 | ov_115 | 1.9117701866340393 × 10^291 |
| 116 | ov_116 | 1.3396324251706454 × 10^291 |
| 117 | ov_117 | 9.152644059709658 × 10^290 |
| 118 | ov_118 | 6.109240573394849 × 10^290 |
| 119 | ov_119 | 4.010892579470635 × 10^290 |
| 120 | ov_120 | 2.6244999416017256 × 10^290 |
| 121 | ov_121 | 1.7390329973584884 × 10^290 |
| 122 | ov_122 | 1.1655009165147196 × 10^290 |
| 123 | ov_123 | 7.369322675043536 × 10^289 |
| 124 | ov_124 | 4.3132502555976436 × 10^289 |
| 125 | ov_125 | 2.266797776689477 × 10^289 |
| 126 | ov_126 | 1.0099800530925577 × 10^289 |
| 127 | aaa_77_28 | 3.228142453399416 × 10^288 |
| 128 | aaa_77_29 | 1.2119917868830344 × 10^288 |
| 129 | ov_129 | 1.1307401168357168 × 10^288 |
| 130 | ov_130 | 1.1307369359153567 × 10^288 |
| 131 | ov_131 | 1.1307361660627177 × 10^288 |
| 132 | ov_132 | 9.83916030064535 × 10^287 |
| 133 | ov_133 | 8.519184973346139 × 10^287 |
| 134 | ov_134 | 7.335963962934044 × 10^287 |
| 135 | ov_135 | 6.278647152288903 × 10^287 |
| 136 | ov_136 | 5.336961684944507 × 10^287 |
| 137 | ov_137 | 4.505910295284036 × 10^287 |
| 138 | ov_138 | 3.7762648838911336 × 10^287 |
| 139 | ov_139 | 3.1392751161078348 × 10^287 |
| 140 | ov_140 | 2.586644677097339 × 10^287 |
| 141 | ov_141 | 2.1105114299615 × 10^287 |
| 142 | ov_142 | 1.7034310326742755 × 10^287 |
| 143 | ov_143 | 1.3583635956359846 × 10^287 |
| 144 | ov_144 | 1.0686629873933432 × 10^287 |
| 145 | ov_145 | 8.280684215970051 × 10^286 |
| 146 | ov_146 | 6.306979836514106 × 10^286 |
| 147 | ov_147 | 4.710437808023012 × 10^286 |
| 148 | ov_148 | 3.4396842464046274 × 10^286 |
| 149 | ov_149 | 2.447025801983749 × 10^286 |
| 150 | ov_150 | 1.688433409927421 × 10^286 |
| 151 | ov_151 | 1.1235321452812113 × 10^286 |
| 152 | ov_152 | 7.155952792989745 × 10^285 |
| 153 | ov_153 | 4.315409570308452 × 10^285 |
| 154 | ov_154 | 2.419303672895185 × 10^285 |
| 155 | ov_155 | 1.209667164032479 × 10^285 |
| 156 | aaa_76_25 | 4.649466966107591 × 10^284 |
| 157 | aaa_76_26 | 2.6864138361034727 × 10^284 |
| 158 | aaa_76_27 | 1.3759983551845029 × 10^284 |
| 159 | aaa_76_28 | 5.361745071210111 × 10^283 |
| 160 | aaa_76_29 | 1.6319389095508475 × 10^283 |

### Output Bits Sorted by Complexity

| Rank | Output Bit | Complexity |
|:----:|:----------:|:----------:|
| 160 | aaa_76_29 | 1.6319389095508475 × 10^283 |
| 159 | aaa_76_28 | 5.361745071210111 × 10^283 |
| 158 | aaa_76_27 | 1.3759983551845029 × 10^284 |
| 157 | aaa_76_26 | 2.6864138361034727 × 10^284 |
| 156 | aaa_76_25 | 4.649466966107591 × 10^284 |
| 155 | ov_155 | 1.209667164032479 × 10^285 |
| 154 | ov_154 | 2.419303672895185 × 10^285 |
| 153 | ov_153 | 4.315409570308452 × 10^285 |
| 152 | ov_152 | 7.155952792989745 × 10^285 |
| 151 | ov_151 | 1.1235321452812113 × 10^286 |
| 150 | ov_150 | 1.688433409927421 × 10^286 |
| 149 | ov_149 | 2.447025801983749 × 10^286 |
| 148 | ov_148 | 3.4396842464046274 × 10^286 |
| 147 | ov_147 | 4.710437808023012 × 10^286 |
| 146 | ov_146 | 6.306979836514106 × 10^286 |
| 145 | ov_145 | 8.280684215970051 × 10^286 |
| 144 | ov_144 | 1.0686629873933432 × 10^287 |
| 143 | ov_143 | 1.3583635956359846 × 10^287 |
| 142 | ov_142 | 1.7034310326742755 × 10^287 |
| 141 | ov_141 | 2.1105114299615 × 10^287 |
| 140 | ov_140 | 2.586644677097339 × 10^287 |
| 139 | ov_139 | 3.1392751161078348 × 10^287 |
| 138 | ov_138 | 3.7762648838911336 × 10^287 |
| 137 | ov_137 | 4.505910295284036 × 10^287 |
| 136 | ov_136 | 5.336961684944507 × 10^287 |
| 135 | ov_135 | 6.278647152288903 × 10^287 |
| 134 | ov_134 | 7.335963962934044 × 10^287 |
| 133 | ov_133 | 8.519184973346139 × 10^287 |
| 132 | ov_132 | 9.83916030064535 × 10^287 |
| 131 | ov_131 | 1.1307361660627177 × 10^288 |
| 130 | ov_130 | 1.1307369359153567 × 10^288 |
| 129 | ov_129 | 1.1307401168357168 × 10^288 |
| 128 | aaa_77_29 | 1.2119917868830344 × 10^288 |
| 127 | aaa_77_28 | 3.228142453399416 × 10^288 |
| 126 | ov_126 | 1.0099800530925577 × 10^289 |
| 125 | ov_125 | 2.266797776689477 × 10^289 |
| 124 | ov_124 | 4.3132502555976436 × 10^289 |
| 123 | ov_123 | 7.369322675043536 × 10^289 |
| 122 | ov_122 | 1.1655009165147196 × 10^290 |
| 121 | ov_121 | 1.7390329973584884 × 10^290 |
| 120 | ov_120 | 2.6244999416017256 × 10^290 |
| 119 | ov_119 | 4.010892579470635 × 10^290 |
| 118 | ov_118 | 6.109240573394849 × 10^290 |
| 117 | ov_117 | 9.152644059709658 × 10^290 |
| 116 | ov_116 | 1.3396324251706454 × 10^291 |
| 115 | ov_115 | 1.9117701866340393 × 10^291 |
| 114 | ov_114 | 2.661651369352089 × 10^291 |
| 113 | ov_113 | 3.6214979083776 × 10^291 |
| 112 | ov_112 | 4.825802958739279 × 10^291 |
| 111 | ov_111 | 6.311361643624737 × 10^291 |
| 110 | ov_110 | 8.117311201909142 × 10^291 |
| 109 | ov_109 | 1.0285182296315112 × 10^292 |
| 108 | ov_108 | 1.285896339012325 × 10^292 |
| 107 | ov_107 | 1.588518024765789 × 10^292 |
| 106 | ov_106 | 1.9412992762082577 × 10^292 |
| 105 | ov_105 | 2.3494311463782985 × 10^292 |
| 104 | ov_104 | 2.8183936214327645 × 10^292 |
| 103 | ov_103 | 3.3539719745330344 × 10^292 |
| 102 | ov_102 | 3.962275885927085 × 10^292 |
| 101 | ov_101 | 4.649761627137852 × 10^292 |
| 100 | ov_100 | 5.423257623910208 × 10^292 |
| 99 | ov_099 | 6.289993729969919 × 10^292 |
| 98 | ov_098 | 6.290003146824593 × 10^292 |
| 97 | ov_097 | 6.290032553702046 × 10^292 |
| 96 | aaa_78_29 | 1.1372553360501636 × 10^293 |
| 95 | aaa_78_28 | 3.73964229380186 × 10^293 |
| 94 | ov_094 | 1.2186159528857784 × 10^294 |
| 93 | ov_093 | 2.8638891402320957 × 10^294 |
| 92 | ov_092 | 5.767870777103658 × 10^294 |
| 91 | ov_091 | 1.0516802761395348 × 10^295 |
| 90 | ov_090 | 1.841132975046615 × 10^295 |
| 89 | ov_089 | 3.100843266980844 × 10^295 |
| 88 | ov_088 | 5.012147280552122 × 10^295 |
| 87 | ov_087 | 7.782027383598257 × 10^295 |
| 86 | ov_086 | 1.1643125839064307 × 10^296 |
| 85 | ov_085 | 1.6853765659042713 × 10^296 |
| 84 | ov_084 | 2.369798041719444 × 10^296 |
| 83 | ov_083 | 3.248555622960222 × 10^296 |
| 82 | ov_082 | 4.355209368349968 × 10^296 |
| 81 | ov_081 | 5.725910272342788 × 10^296 |
| 64 | lv_79_m31 | 6.592013356558676 × 10^296 |
| 80 | ov_080 | 7.399414649654619 × 10^296 |
| 79 | ov_079 | 9.41710519235377 × 10^296 |
| 78 | ov_078 | 1.1823020652970905 × 10^297 |
| 77 | ov_077 | 1.466389628443979 × 10^297 |
| 76 | ov_076 | 1.7989217345833502 × 10^297 |
| 75 | ov_075 | 2.1851288162171584 × 10^297 |
| 74 | ov_074 | 2.6305319407496783 × 10^297 |
| 73 | ov_073 | 3.1409536463522796 × 10^297 |
| 63 | ov_063 | 3.380448184443633 × 10^297 |
| 72 | ov_072 | 3.722531189212665 × 10^297 |
| 71 | ov_071 | 4.381732524962685 × 10^297 |
| 70 | ov_070 | 5.125375366511853 × 10^297 |
| 69 | ov_069 | 5.960649680525929 × 10^297 |
| 68 | ov_068 | 6.895144005513181 × 10^297 |
| 67 | ov_067 | 7.936875996063147 × 10^297 |
| 66 | ov_066 | 7.936881351846678 × 10^297 |
| 65 | ov_065 | 7.936903502236384 × 10^297 |
| 62 | ov_062 | 1.7331638419902657 × 10^298 |
| 61 | ov_061 | 6.313936540549804 × 10^298 |
| 60 | ov_060 | 1.8064280009749795 × 10^299 |
| 59 | ov_059 | 4.35657649707179 × 10^299 |
| 58 | ov_058 | 8.838794077051872 × 10^299 |
| 57 | ov_057 | 1.5965427459067577 × 10^300 |
| 56 | ov_056 | 2.6604221381618523 × 10^300 |
| 55 | ov_055 | 4.264608040684476 × 10^300 |
| 54 | ov_054 | 6.526961653139747 × 10^300 |
| 53 | ov_053 | 9.698757631711804 × 10^300 |
| 52 | ov_052 | 1.4062387349036763 × 10^301 |
| 51 | ov_051 | 1.993139139418211 × 10^301 |
| 50 | ov_050 | 2.765051300621382 × 10^301 |
| 49 | ov_049 | 3.759578341402639 × 10^301 |
| 48 | ov_048 | 5.017465256414393 × 10^301 |
| 47 | ov_047 | 6.582618076968151 × 10^301 |
| 32 | lv_80_m31 | 7.652797415308708 × 10^301 |
| 46 | ov_046 | 8.502130886604618 × 10^301 |
| 45 | ov_045 | 1.0826322651276185 × 10^302 |
| 44 | ov_044 | 1.360878603366851 × 10^302 |
| 43 | ov_043 | 1.69064505670742 × 10^302 |
| 42 | ov_042 | 2.0779662770554533 × 10^302 |
| 41 | ov_041 | 2.529228599410427 × 10^302 |
| 40 | ov_040 | 3.0478998303613484 × 10^302 |
| 39 | ov_039 | 3.6411090359288817 × 10^302 |
| 31 | ov_031 | 3.924791356260644 × 10^302 |
| 38 | ov_038 | 4.316381858379896 × 10^302 |
| 37 | ov_037 | 5.081661599964314 × 10^302 |
| 36 | ov_036 | 5.945333989894485 × 10^302 |
| 35 | ov_035 | 6.91625604188651 × 10^302 |
| 34 | ov_034 | 8.003789432524203 × 10^302 |
| 33 | ov_033 | 9.217838854436035 × 10^302 |
| 30 | ov_030 | 2.0124777038397936 × 10^303 |
| 29 | ov_029 | 6.583751596574173 × 10^303 |
| 28 | ov_028 | 1.7088087418469012 × 10^304 |
| 27 | ov_027 | 3.819339434752412 × 10^304 |
| 26 | ov_026 | 8.104302230196435 × 10^304 |
| 25 | ov_025 | 1.603954043895526 × 10^305 |
| 24 | ov_024 | 2.946241534243283 × 10^305 |
| 23 | ov_023 | 5.057183614814728 × 10^305 |
| 22 | ov_022 | 8.192833588821718 × 10^305 |
| 21 | ov_021 | 1.2645423259086788 × 10^306 |
| 20 | ov_020 | 1.874339232872556 × 10^306 |
| 19 | ov_019 | 2.6851436419343566 × 10^306 |
| 18 | ov_018 | 3.7370580895077746 × 10^306 |
| 17 | ov_017 | 5.073829065960613 × 10^306 |
| 16 | ov_016 | 6.742862851540443 × 10^306 |
| 15 | ov_015 | 8.795247787440125 × 10^306 |
| 14 | ov_014 | 1.1285785014431007 × 10^307 |
| 13 | ov_013 | 1.4273030062907513 × 10^307 |
| 12 | ov_012 | 1.781934792764927 × 10^307 |
| 11 | ov_011 | 2.1990984510648887 × 10^307 |
| 10 | ov_010 | 2.685815756628885 × 10^307 |
| 9 | ov_009 | 3.2495170535408714 × 10^307 |
| 8 | ov_008 | 3.8980552908946596 × 10^307 |
| 7 | ov_007 | 4.639723101857622 × 10^307 |
| 6 | ov_006 | 5.483273341197006 × 10^307 |
| 5 | ov_005 | 6.437943523505716 × 10^307 |
| 4 | ov_004 | 7.513484631416773 × 10^307 |
| 3 | ov_003 | 8.720194758048981 × 10^307 |
| 2 | ov_002 | 1.0068958010950842 × 10^308 |
| 1 | ov_001 | 1.157128913457456 × 10^308 |

