# Results for F001-F002-F003-F004-F005-F006-F007-F008-F009-F010-F011-F012-F013-F014-F015-F016-F017-F018-F019-F020-F021-F022-F023-F024-F025-F026-F027-F028-F029-F030-F031-F032-F033-F034-F035-F036-F037-F038-F039-F040-F041-F042-F043-F044-F045-F046-F047-F048-F049-F050-F051-F052-F053-F054-F055-F056-F057-F058-F059-F060-F061-F062-F063-F064-F065-F066-F067-F068-F069-F070-F071-F072-F073-F074-F075-F076-F077-F078-F079-F080-F081-F082-F083-F084-F085-F086-F087-F088-F089-F090-F091-F092-F093-F094-F095-F096-F097-F098-F099-F100-F101-F102-F103-F104-F105-F106-F107-F108-F109-F110-F111-F112-F113-F114-F115-F116-F117-F118-F119-F120-F121-F122-F123-F124-F125-F126-F127-F128-F129-F130-F131-F132-F133-F134-F135-F136-F137-F138-F139-F140-F141-F142-F143-F144-F145-F146-F147-F148-F149-F150-F151-F152-F153-F154-F155-F156-F157-F158-F159-F160-F161-F162-F163-F164-F165-F166-F167-F168-F169-F170-F171-F172-F173-F174-F175-F176-F177-F178-F179-F180-F181-F182-F183-F184-F185-F186-F187-F188-F189-F190-F191-F192-F193-F194-F195-F196-F197-F198-F199-F200-F201-F202-F203-F204-F205-F206-F207-F208-F209-F210-F211-F212-F213-F214-F215-F216-F217-F218-F219-F220-F221-F222-F223-F224-F225-F226-F227-F228-F229-F230-F231-F232-F233-F234-F235-F236-F237-F238-F239-F240-F241-F242-F243-F244-F245-F246-F247-F248-F249-F250-F251-F252-F253-F254-F255-F256-F257-F258-F259-F260-F261-F262-F263-F264-F265-F266-F267-F268-F269-F270-F271-F272-F273-F274-F275-F276-F277-F278-F279-F280-F281-F282-F283-F284-F285-F286-F287-F288-F289-F290-F291-F292-F293-F294-F295-F296-F297-F298-F299-F300-F301-F302-F303-F304-F305-F306-F307-F308-F309-F310-F311-F312-F313-F314-F315-F316-F317-F318-F319-F320-F321-F322-F323-F324-F325-F326-F327-F328-F329-F330-F331-F332-F333-F334-F335-F336-F337-F338-F339-F340-F341-F342-F343-F344-F345-F346-F347-F348-F349-F350-F351-F352-F353-F354-F355-F356-F357-F358-F359-F360-F361-F362-F363-F364-F365-F366-F367-F368-F369-F370-F371-F372-F373-F374-F375-F376-F377-F378-F379-F380-F381-F382-F383-F384-F385-F386-F387-F388-F389-F390-F391-F392-F393-F394-F395-F396-F397-F398-F399-F400-F401-F402-F403-F404-F405-F406-F407-F408-F409-F410-F411-F412-F413-F414-F415-F416-F417-F418-F419-F420-F421-F422-F423-F424-F425-F426-F427-F428-F429-F430-F431-F432-F433-F434-F435-F436-F437-F438-F439-F440-F441-F442-F443-F444-F445-F446-F447-F448-F449-F450-F451-F452-F453-F454-F455-F456-F457-F458-F459-F460-F461-F462-F463-F464-F465-F466-F467-F468-F469-F470-F471-F472-F473-F474-F475-F476-F477-F478-F479-F480-F481-F482-F483-F484-F485-F486-F487-F488-F489-F490-F491-F492-F493-F494-F495-F496-E500511-E507512-F509

## Summary

Number of input bits: 512  
Number of free input bits: 13  
Number of output bits: 160

Number of direct occurrences: 53164  
Number of assignments: 32070  
Number of operations: 11387582
(xor: 11359017,
and: 14891,
or: 13674)

Total complexity: 2.279304836010248 × 10^302

Least occurring input variable: iv_502 (3910)  
Most occurring input variable: iv_507 (4362)

Most co-occurring input variables: iv_499-iv_510 (2044)  
Least co-occurring input variables: iv_498-iv_502 (1775)

Potentially most occurring input variable: iv_500/iv_507 (4619)  
Potentially least occurring input variable: iv_499/iv_508 (4110)

Least output occurring input variable: iv_508 (70)  
Most output occurring input variable: iv_497 (93)

Most output co-occurring input variables: iv_497-iv_502 (52)  
Least output co-occurring input variables: iv_502-iv_508 (30)

Potentially most output occurring input variable: iv_500/iv_502 (94)  
Potentially least output occurring input variable: iv_501/iv_505 (62)

Least complex input bit: iv_497 (3.365565772134666 × 10^299)  
Most complex input bit: iv_507 (5.432172251915727 × 10^301)

Least complex output bit: aaa_76_29 (3.8061661150785688 × 10^277)  
Most complex output bit: ov_001 (3.546230119516856 × 10^301)

Least complex input/output complexity: iv_497/aaa_76_29 (5.620091791842104 × 10^274)  
Most complex input/output complexity: iv_507/ov_001 (8.451582495594136 × 10^300)

## Input Bits

### Input Bits in Regular Order

| Input Bit | Complexity | Occurrences | Output Occurrences |
|:---------:|:----------:|:-----------:|:------------------:|
| iv_497 | 3.365565772134666 × 10^299 | 4158 | 93 |
| iv_498 | 6.790241237404916 × 10^299 | 3966 | 88 |
| iv_499 | 1.2091562751757165 × 10^300 | 4138 | 81 |
| iv_500 | 3.6714908785932356 × 10^301 | 4205 | 80 |
| iv_501 | 3.492313110088726 × 10^300 | 4116 | 83 |
| iv_502 | 5.676028090315345 × 10^300 | 3910 | 82 |
| iv_503 | 8.954989292249366 × 10^300 | 4059 | 74 |
| iv_504 | 1.379448694704079 × 10^301 | 3953 | 78 |
| iv_505 | 2.0843769932665217 × 10^301 | 4146 | 79 |
| iv_506 | 1.0120451815606702 × 10^301 | 3976 | 82 |
| iv_507 | 5.432172251915727 × 10^301 | 4362 | 72 |
| iv_508 | 1.888764153670979 × 10^301 | 4024 | 70 |
| iv_510 | 5.289943459512924 × 10^301 | 4151 | 79 |

### Input Bits Sorted by Complexity

| Input Bit | Complexity | Occurrences | Output Occurrences |
|:---------:|:----------:|:-----------:|:------------------:|
| iv_497 | 3.365565772134666 × 10^299 | 4158 | 93 |
| iv_498 | 6.790241237404916 × 10^299 | 3966 | 88 |
| iv_499 | 1.2091562751757165 × 10^300 | 4138 | 81 |
| iv_501 | 3.492313110088726 × 10^300 | 4116 | 83 |
| iv_502 | 5.676028090315345 × 10^300 | 3910 | 82 |
| iv_503 | 8.954989292249366 × 10^300 | 4059 | 74 |
| iv_506 | 1.0120451815606702 × 10^301 | 3976 | 82 |
| iv_504 | 1.379448694704079 × 10^301 | 3953 | 78 |
| iv_508 | 1.888764153670979 × 10^301 | 4024 | 70 |
| iv_505 | 2.0843769932665217 × 10^301 | 4146 | 79 |
| iv_500 | 3.6714908785932356 × 10^301 | 4205 | 80 |
| iv_510 | 5.289943459512924 × 10^301 | 4151 | 79 |
| iv_507 | 5.432172251915727 × 10^301 | 4362 | 72 |

### Input Bits Sorted by Occurrences

| Input Bit | Complexity | Occurrences | Output Occurrences |
|:---------:|:----------:|:-----------:|:------------------:|
| iv_502 | 5.676028090315345 × 10^300 | 3910 | 82 |
| iv_504 | 1.379448694704079 × 10^301 | 3953 | 78 |
| iv_498 | 6.790241237404916 × 10^299 | 3966 | 88 |
| iv_506 | 1.0120451815606702 × 10^301 | 3976 | 82 |
| iv_508 | 1.888764153670979 × 10^301 | 4024 | 70 |
| iv_503 | 8.954989292249366 × 10^300 | 4059 | 74 |
| iv_501 | 3.492313110088726 × 10^300 | 4116 | 83 |
| iv_499 | 1.2091562751757165 × 10^300 | 4138 | 81 |
| iv_505 | 2.0843769932665217 × 10^301 | 4146 | 79 |
| iv_510 | 5.289943459512924 × 10^301 | 4151 | 79 |
| iv_497 | 3.365565772134666 × 10^299 | 4158 | 93 |
| iv_500 | 3.6714908785932356 × 10^301 | 4205 | 80 |
| iv_507 | 5.432172251915727 × 10^301 | 4362 | 72 |

### Input Bits Sorted by Output Occurrences

| Input Bit | Complexity | Occurrences | Output Occurrences |
|:---------:|:----------:|:-----------:|:------------------:|
| iv_508 | 1.888764153670979 × 10^301 | 4024 | 70 |
| iv_507 | 5.432172251915727 × 10^301 | 4362 | 72 |
| iv_503 | 8.954989292249366 × 10^300 | 4059 | 74 |
| iv_504 | 1.379448694704079 × 10^301 | 3953 | 78 |
| iv_505 | 2.0843769932665217 × 10^301 | 4146 | 79 |
| iv_510 | 5.289943459512924 × 10^301 | 4151 | 79 |
| iv_500 | 3.6714908785932356 × 10^301 | 4205 | 80 |
| iv_499 | 1.2091562751757165 × 10^300 | 4138 | 81 |
| iv_502 | 5.676028090315345 × 10^300 | 3910 | 82 |
| iv_506 | 1.0120451815606702 × 10^301 | 3976 | 82 |
| iv_501 | 3.492313110088726 × 10^300 | 4116 | 83 |
| iv_498 | 6.790241237404916 × 10^299 | 3966 | 88 |
| iv_497 | 3.365565772134666 × 10^299 | 4158 | 93 |

## Input Bit Co-occurrences

### Input Bit Co-occurrences Sorted by Co-occurrences

| Input Bits | Co-occurrences | Potential Occurrences | Output Co-occurrences | Potential Output Occurrences |
|:----------:|:--------------:|:---------------------:|:---------------------:|:----------------------------:|
| iv_499-iv_510 | 2044 | 4201 | 43 | 74 |
| iv_501-iv_505 | 2037 | 4188 | 50 | 62 |
| iv_499-iv_508 | 2026 | 4110 | 38 | 75 |
| iv_499-iv_507 | 2025 | 4450 | 37 | 79 |
| iv_499-iv_505 | 2019 | 4246 | 43 | 74 |
| iv_497-iv_501 | 2018 | 4238 | 48 | 80 |
| iv_501-iv_507 | 2016 | 4446 | 36 | 83 |
| iv_497-iv_503 | 2006 | 4205 | 38 | 91 |
| iv_497-iv_499 | 2005 | 4286 | 43 | 88 |
| iv_499-iv_500 | 2004 | 4335 | 41 | 79 |
| iv_497-iv_507 | 1996 | 4528 | 44 | 77 |
| iv_505-iv_510 | 1996 | 4305 | 42 | 74 |
| iv_507-iv_510 | 1992 | 4529 | 33 | 85 |

### Input Bit Co-occurrences Sorted by Potential Occurrences

| Input Bits | Co-occurrences | Potential Occurrences | Output Co-occurrences | Potential Output Occurrences |
|:----------:|:--------------:|:---------------------:|:---------------------:|:----------------------------:|
| iv_499-iv_508 | 2026 | 4110 | 38 | 75 |
| iv_504-iv_506 | 1885 | 4159 | 42 | 76 |
| iv_502-iv_505 | 1943 | 4170 | 43 | 75 |
| iv_499-iv_502 | 1934 | 4180 | 41 | 81 |
| iv_506-iv_508 | 1910 | 4180 | 37 | 78 |
| iv_501-iv_505 | 2037 | 4188 | 50 | 62 |
| iv_503-iv_506 | 1923 | 4189 | 38 | 80 |
| iv_498-iv_508 | 1897 | 4196 | 37 | 84 |
| iv_499-iv_506 | 1957 | 4200 | 39 | 85 |
| iv_499-iv_510 | 2044 | 4201 | 43 | 74 |
| iv_497-iv_503 | 2006 | 4205 | 38 | 91 |
| iv_498-iv_504 | 1855 | 4209 | 46 | 74 |
| iv_498-iv_510 | 1953 | 4211 | 48 | 71 |

### Input Bit Output Co-occurrences Sorted by Output Co-occurrences

| Input Bits | Co-occurrences | Potential Occurrences | Output Co-occurrences | Potential Output Occurrences |
|:----------:|:--------------:|:---------------------:|:---------------------:|:----------------------------:|
| iv_497-iv_502 | 1910 | 4248 | 52 | 71 |
| iv_497-iv_506 | 1960 | 4214 | 51 | 73 |
| iv_501-iv_505 | 2037 | 4188 | 50 | 62 |
| iv_497-iv_504 | 1936 | 4239 | 50 | 71 |
| iv_497-iv_498 | 1903 | 4318 | 50 | 81 |
| iv_498-iv_501 | 1887 | 4308 | 48 | 75 |
| iv_498-iv_510 | 1953 | 4211 | 48 | 71 |
| iv_497-iv_501 | 2018 | 4238 | 48 | 80 |
| iv_497-iv_500 | 1952 | 4459 | 48 | 77 |
| iv_497-iv_510 | 1949 | 4411 | 48 | 76 |
| iv_498-iv_502 | 1775 | 4326 | 46 | 78 |
| iv_498-iv_504 | 1855 | 4209 | 46 | 74 |
| iv_498-iv_507 | 1925 | 4478 | 46 | 68 |

### Input Bit Output Co-occurrences Sorted by Potential Output Occurrences

| Input Bits | Co-occurrences | Potential Occurrences | Output Co-occurrences | Potential Output Occurrences |
|:----------:|:--------------:|:---------------------:|:---------------------:|:----------------------------:|
| iv_501-iv_505 | 2037 | 4188 | 50 | 62 |
| iv_498-iv_507 | 1925 | 4478 | 46 | 68 |
| iv_503-iv_504 | 1871 | 4270 | 41 | 70 |
| iv_500-iv_508 | 1929 | 4371 | 40 | 70 |
| iv_498-iv_510 | 1953 | 4211 | 48 | 71 |
| iv_497-iv_504 | 1936 | 4239 | 50 | 71 |
| iv_497-iv_502 | 1910 | 4248 | 52 | 71 |
| iv_501-iv_503 | 1963 | 4249 | 42 | 73 |
| iv_506-iv_510 | 1954 | 4219 | 44 | 73 |
| iv_497-iv_506 | 1960 | 4214 | 51 | 73 |
| iv_500-iv_510 | 1983 | 4390 | 43 | 73 |
| iv_504-iv_508 | 1880 | 4217 | 37 | 74 |
| iv_498-iv_504 | 1855 | 4209 | 46 | 74 |

## Output Bits

### Output Bits in Regular Order

| Rank | Output Bit | Complexity |
|:----:|:----------:|:----------:|
| 1 | ov_001 | 3.546230119516856 × 10^301 |
| 2 | ov_002 | 3.087683844472866 × 10^301 |
| 3 | ov_003 | 2.675884441309443 × 10^301 |
| 4 | ov_004 | 2.307326960648038 × 10^301 |
| 5 | ov_005 | 1.9786992307886245 × 10^301 |
| 6 | ov_006 | 1.6868682071758257 × 10^301 |
| 7 | ov_007 | 1.4288680695027463 × 10^301 |
| 8 | ov_008 | 1.201889931574686 × 10^301 |
| 9 | ov_009 | 1.003273017243453 × 10^301 |
| 10 | ov_010 | 8.304971539458225 × 10^300 |
| 11 | ov_011 | 6.811764436942508 × 10^300 |
| 12 | ov_012 | 5.5305397946405676 × 10^300 |
| 13 | ov_013 | 4.439974828423502 × 10^300 |
| 14 | ov_014 | 3.519957465870848 × 10^300 |
| 15 | ov_015 | 2.7515577342117107 × 10^300 |
| 16 | ov_016 | 2.1170050998270074 × 10^300 |
| 17 | ov_017 | 1.599670823894374 × 10^300 |
| 18 | ov_018 | 1.1840544737087152 × 10^300 |
| 19 | ov_019 | 8.557738038763794 × 10^299 |
| 20 | ov_020 | 6.015573312240345 × 10^299 |
| 21 | ov_021 | 4.092390719553897 × 10^299 |
| 22 | ov_022 | 2.677549838812341 × 10^299 |
| 23 | ov_023 | 1.6714066047065422 × 10^299 |
| 24 | ov_024 | 9.852987914671667 × 10^298 |
| 25 | ov_025 | 5.415372565948525 × 10^298 |
| 26 | ov_026 | 2.734011421496387 × 10^298 |
| 27 | ov_027 | 1.2513561572419134 × 10^298 |
| 28 | ov_028 | 5.195097918575747 × 10^297 |
| 29 | ov_029 | 2.0022381612794827 × 10^297 |
| 30 | ov_030 | 6.122299934443488 × 10^296 |
| 31 | ov_031 | 1.194439653299362 × 10^296 |
| 32 | lv_80_m31 | 2.3298972826068303 × 10^295 |
| 33 | ov_033 | 2.817025642874116 × 10^296 |
| 34 | ov_034 | 2.449577971652419 × 10^296 |
| 35 | ov_035 | 2.120024664792074 × 10^296 |
| 36 | ov_036 | 1.8254063048219144 × 10^296 |
| 37 | ov_037 | 1.5629255646313857 × 10^296 |
| 38 | ov_038 | 1.3299358363538577 × 10^296 |
| 39 | ov_039 | 1.1239313379772289 × 10^296 |
| 40 | ov_040 | 9.425385584916633 × 10^295 |
| 41 | ov_041 | 7.835089108703815 × 10^295 |
| 42 | ov_042 | 6.457484857523672 × 10^295 |
| 43 | ov_043 | 5.272407287208145 × 10^295 |
| 44 | ov_044 | 4.2607802665939183 × 10^295 |
| 45 | ov_045 | 3.4045804042863035 × 10^295 |
| 46 | ov_046 | 2.6868070551614453 × 10^295 |
| 47 | ov_047 | 2.0914581335366144 × 10^295 |
| 48 | ov_048 | 1.6035109238382992 × 10^295 |
| 49 | ov_049 | 1.2089071420586923 × 10^295 |
| 50 | ov_050 | 8.945415626004597 × 10^294 |
| 51 | ov_051 | 6.482535855216378 × 10^294 |
| 52 | ov_052 | 4.588211789275718 × 10^294 |
| 53 | ov_053 | 3.1595669050216995 × 10^294 |
| 54 | ov_054 | 2.103040810799835 × 10^294 |
| 55 | ov_055 | 1.3343719185420358 × 10^294 |
| 56 | ov_056 | 8.137525029248601 × 10^293 |
| 57 | ov_057 | 4.754921343100409 × 10^293 |
| 58 | ov_058 | 2.631798008666084 × 10^293 |
| 59 | ov_059 | 1.2968226987443264 × 10^293 |
| 60 | ov_060 | 5.375223990886256 × 10^292 |
| 61 | ov_061 | 1.8780847944686101 × 10^292 |
| 62 | ov_062 | 5.15347077729689 × 10^291 |
| 63 | ov_063 | 1.0047936421832818 × 10^291 |
| 64 | lv_79_m31 | 1.9587068185152938 × 10^290 |
| 65 | ov_065 | 2.3672006717695663 × 10^291 |
| 66 | ov_066 | 2.3671937781691986 × 10^291 |
| 67 | ov_067 | 2.3671920911568352 × 10^291 |
| 68 | ov_068 | 2.0551423283852437 × 10^291 |
| 69 | ov_069 | 1.775897027827052 × 10^291 |
| 70 | ov_070 | 1.526844480347257 × 10^291 |
| 71 | ov_071 | 1.3055335662094602 × 10^291 |
| 72 | ov_072 | 1.1096628841354803 × 10^291 |
| 73 | ov_073 | 9.370708438631086 × 10^290 |
| 74 | ov_074 | 7.857266706427415 × 10^290 |
| 75 | ov_075 | 6.537222721727099 × 10^290 |
| 76 | ov_076 | 5.392649201820473 × 10^290 |
| 77 | ov_077 | 4.406707002706471 × 10^290 |
| 78 | ov_078 | 3.563586847499511 × 10^290 |
| 79 | ov_079 | 2.8484578412937283 × 10^290 |
| 80 | ov_080 | 2.2474223359877907 × 10^290 |
| 81 | ov_081 | 1.7474767139694993 × 10^290 |
| 82 | ov_082 | 1.3364776635873168 × 10^290 |
| 83 | ov_083 | 1.0031135222558071 × 10^290 |
| 84 | ov_084 | 7.368802650865021 × 10^289 |
| 85 | ov_085 | 5.280617183106026 × 10^289 |
| 86 | ov_086 | 3.6771357764376845 × 10^289 |
| 87 | ov_087 | 2.4765081228635163 × 10^289 |
| 88 | ov_088 | 1.6043803557303262 × 10^289 |
| 89 | ov_089 | 9.938242346696399 × 10^288 |
| 90 | ov_090 | 5.852876218901955 × 10^288 |
| 91 | ov_091 | 3.265620631852878 × 10^288 |
| 92 | ov_092 | 1.7276332225960053 × 10^288 |
| 93 | ov_093 | 8.632092369629522 × 10^287 |
| 94 | ov_094 | 3.697329565246761 × 10^287 |
| 95 | aaa_78_28 | 1.1416525771293333 × 10^287 |
| 96 | aaa_78_29 | 3.505847768261742 × 10^286 |
| 97 | ov_097 | 2.313890239745683 × 10^286 |
| 98 | ov_098 | 2.3138206724370593 × 10^286 |
| 99 | ov_099 | 2.3137984238453365 × 10^286 |
| 100 | ov_100 | 2.08166239526972 × 10^286 |
| 101 | ov_101 | 1.8667536298621595 × 10^286 |
| 102 | ov_102 | 1.6681149946654014 × 10^286 |
| 103 | ov_103 | 1.4848586675931948 × 10^286 |
| 104 | ov_104 | 1.316157431082925 × 10^286 |
| 105 | ov_105 | 1.1612367410308878 × 10^286 |
| 106 | ov_106 | 1.0193675300402565 × 10^286 |
| 107 | ov_107 | 8.898597055973732 × 10^285 |
| 108 | ov_108 | 7.720563050940572 × 10^285 |
| 109 | ov_109 | 6.653282706689182 × 10^285 |
| 110 | ov_110 | 5.690698076816191 × 10^285 |
| 111 | ov_111 | 4.8269429129175924 × 10^285 |
| 112 | ov_112 | 4.0563068611738775 × 10^285 |
| 113 | ov_113 | 3.373204443235908 × 10^285 |
| 114 | ov_114 | 2.7721484776337906 × 10^285 |
| 115 | ov_115 | 2.2477275998313455 × 10^285 |
| 116 | ov_116 | 1.7945875403260848 × 10^285 |
| 117 | ov_117 | 1.407415821012377 × 10^285 |
| 118 | ov_118 | 1.0809295305142108 × 10^285 |
| 119 | ov_119 | 8.098658394605787 × 10^284 |
| 120 | ov_120 | 5.889749168098579 × 10^284 |
| 121 | ov_121 | 4.1301490839415976 × 10^284 |
| 122 | ov_122 | 2.7674863888623972 × 10^284 |
| 123 | ov_123 | 1.7494158884964664 × 10^284 |
| 124 | ov_124 | 1.0236063132849795 × 10^284 |
| 125 | ov_125 | 5.377324821915152 × 10^283 |
| 126 | ov_126 | 2.3947130011442297 × 10^283 |
| 127 | aaa_77_28 | 7.650021916583853 × 10^282 |
| 128 | aaa_77_29 | 2.8697413087214544 × 10^282 |
| 129 | ov_129 | 2.69354770893124 × 10^282 |
| 130 | ov_130 | 2.6935402874689445 × 10^282 |
| 131 | ov_131 | 2.693538490496442 × 10^282 |
| 132 | ov_132 | 2.3432186611261218 × 10^282 |
| 133 | ov_133 | 2.0287417575329487 × 10^282 |
| 134 | ov_134 | 1.7474222111971354 × 10^282 |
| 135 | ov_135 | 1.4967209594642985 × 10^282 |
| 136 | ov_136 | 1.2742350422204059 × 10^282 |
| 137 | ov_137 | 1.0776885703967724 × 10^282 |
| 138 | ov_138 | 9.049249396514062 × 10^281 |
| 139 | ov_139 | 7.539001691954813 × 10^281 |
| 140 | ov_140 | 6.226772521354717 × 10^281 |
| 141 | ov_141 | 5.0942140992641865 × 10^281 |
| 142 | ov_142 | 4.1239614961758266 × 10^281 |
| 143 | ov_143 | 3.2996002855025316 × 10^281 |
| 144 | ov_144 | 2.6056403706540486 × 10^281 |
| 145 | ov_145 | 2.027495156178652 × 10^281 |
| 146 | ov_146 | 1.5514652849093311 × 10^281 |
| 147 | ov_147 | 1.1647262207423925 × 10^281 |
| 148 | ov_148 | 8.553190141801143 × 10^280 |
| 149 | ov_149 | 6.1214364515987655 × 10^280 |
| 150 | ov_150 | 4.249543950177308 × 10^280 |
| 151 | ov_151 | 2.8435675672298674 × 10^280 |
| 152 | ov_152 | 1.8180546973041383 × 10^280 |
| 153 | ov_153 | 1.0960336293676011 × 10^280 |
| 154 | ov_154 | 6.090074647468808 × 10^279 |
| 155 | ov_155 | 2.969511870663626 × 10^279 |
| 156 | aaa_76_25 | 1.083102951020153 × 10^279 |
| 157 | aaa_76_26 | 6.259500968760598 × 10^278 |
| 158 | aaa_76_27 | 3.2070048522746605 × 10^278 |
| 159 | aaa_76_28 | 1.2500769547183078 × 10^278 |
| 160 | aaa_76_29 | 3.8061661150785688 × 10^277 |

### Output Bits Sorted by Complexity

| Rank | Output Bit | Complexity |
|:----:|:----------:|:----------:|
| 160 | aaa_76_29 | 3.8061661150785688 × 10^277 |
| 159 | aaa_76_28 | 1.2500769547183078 × 10^278 |
| 158 | aaa_76_27 | 3.2070048522746605 × 10^278 |
| 157 | aaa_76_26 | 6.259500968760598 × 10^278 |
| 156 | aaa_76_25 | 1.083102951020153 × 10^279 |
| 155 | ov_155 | 2.969511870663626 × 10^279 |
| 154 | ov_154 | 6.090074647468808 × 10^279 |
| 153 | ov_153 | 1.0960336293676011 × 10^280 |
| 152 | ov_152 | 1.8180546973041383 × 10^280 |
| 151 | ov_151 | 2.8435675672298674 × 10^280 |
| 150 | ov_150 | 4.249543950177308 × 10^280 |
| 149 | ov_149 | 6.1214364515987655 × 10^280 |
| 148 | ov_148 | 8.553190141801143 × 10^280 |
| 147 | ov_147 | 1.1647262207423925 × 10^281 |
| 146 | ov_146 | 1.5514652849093311 × 10^281 |
| 145 | ov_145 | 2.027495156178652 × 10^281 |
| 144 | ov_144 | 2.6056403706540486 × 10^281 |
| 143 | ov_143 | 3.2996002855025316 × 10^281 |
| 142 | ov_142 | 4.1239614961758266 × 10^281 |
| 141 | ov_141 | 5.0942140992641865 × 10^281 |
| 140 | ov_140 | 6.226772521354717 × 10^281 |
| 139 | ov_139 | 7.539001691954813 × 10^281 |
| 138 | ov_138 | 9.049249396514062 × 10^281 |
| 137 | ov_137 | 1.0776885703967724 × 10^282 |
| 136 | ov_136 | 1.2742350422204059 × 10^282 |
| 135 | ov_135 | 1.4967209594642985 × 10^282 |
| 134 | ov_134 | 1.7474222111971354 × 10^282 |
| 133 | ov_133 | 2.0287417575329487 × 10^282 |
| 132 | ov_132 | 2.3432186611261218 × 10^282 |
| 131 | ov_131 | 2.693538490496442 × 10^282 |
| 130 | ov_130 | 2.6935402874689445 × 10^282 |
| 129 | ov_129 | 2.69354770893124 × 10^282 |
| 128 | aaa_77_29 | 2.8697413087214544 × 10^282 |
| 127 | aaa_77_28 | 7.650021916583853 × 10^282 |
| 126 | ov_126 | 2.3947130011442297 × 10^283 |
| 125 | ov_125 | 5.377324821915152 × 10^283 |
| 124 | ov_124 | 1.0236063132849795 × 10^284 |
| 123 | ov_123 | 1.7494158884964664 × 10^284 |
| 122 | ov_122 | 2.7674863888623972 × 10^284 |
| 121 | ov_121 | 4.1301490839415976 × 10^284 |
| 120 | ov_120 | 5.889749168098579 × 10^284 |
| 119 | ov_119 | 8.098658394605787 × 10^284 |
| 118 | ov_118 | 1.0809295305142108 × 10^285 |
| 117 | ov_117 | 1.407415821012377 × 10^285 |
| 116 | ov_116 | 1.7945875403260848 × 10^285 |
| 115 | ov_115 | 2.2477275998313455 × 10^285 |
| 114 | ov_114 | 2.7721484776337906 × 10^285 |
| 113 | ov_113 | 3.373204443235908 × 10^285 |
| 112 | ov_112 | 4.0563068611738775 × 10^285 |
| 111 | ov_111 | 4.8269429129175924 × 10^285 |
| 110 | ov_110 | 5.690698076816191 × 10^285 |
| 109 | ov_109 | 6.653282706689182 × 10^285 |
| 108 | ov_108 | 7.720563050940572 × 10^285 |
| 107 | ov_107 | 8.898597055973732 × 10^285 |
| 106 | ov_106 | 1.0193675300402565 × 10^286 |
| 105 | ov_105 | 1.1612367410308878 × 10^286 |
| 104 | ov_104 | 1.316157431082925 × 10^286 |
| 103 | ov_103 | 1.4848586675931948 × 10^286 |
| 102 | ov_102 | 1.6681149946654014 × 10^286 |
| 101 | ov_101 | 1.8667536298621595 × 10^286 |
| 100 | ov_100 | 2.08166239526972 × 10^286 |
| 99 | ov_099 | 2.3137984238453365 × 10^286 |
| 98 | ov_098 | 2.3138206724370593 × 10^286 |
| 97 | ov_097 | 2.313890239745683 × 10^286 |
| 96 | aaa_78_29 | 3.505847768261742 × 10^286 |
| 95 | aaa_78_28 | 1.1416525771293333 × 10^287 |
| 94 | ov_094 | 3.697329565246761 × 10^287 |
| 93 | ov_093 | 8.632092369629522 × 10^287 |
| 92 | ov_092 | 1.7276332225960053 × 10^288 |
| 91 | ov_091 | 3.265620631852878 × 10^288 |
| 90 | ov_090 | 5.852876218901955 × 10^288 |
| 89 | ov_089 | 9.938242346696399 × 10^288 |
| 88 | ov_088 | 1.6043803557303262 × 10^289 |
| 87 | ov_087 | 2.4765081228635163 × 10^289 |
| 86 | ov_086 | 3.6771357764376845 × 10^289 |
| 85 | ov_085 | 5.280617183106026 × 10^289 |
| 84 | ov_084 | 7.368802650865021 × 10^289 |
| 83 | ov_083 | 1.0031135222558071 × 10^290 |
| 82 | ov_082 | 1.3364776635873168 × 10^290 |
| 81 | ov_081 | 1.7474767139694993 × 10^290 |
| 64 | lv_79_m31 | 1.9587068185152938 × 10^290 |
| 80 | ov_080 | 2.2474223359877907 × 10^290 |
| 79 | ov_079 | 2.8484578412937283 × 10^290 |
| 78 | ov_078 | 3.563586847499511 × 10^290 |
| 77 | ov_077 | 4.406707002706471 × 10^290 |
| 76 | ov_076 | 5.392649201820473 × 10^290 |
| 75 | ov_075 | 6.537222721727099 × 10^290 |
| 74 | ov_074 | 7.857266706427415 × 10^290 |
| 73 | ov_073 | 9.370708438631086 × 10^290 |
| 63 | ov_063 | 1.0047936421832818 × 10^291 |
| 72 | ov_072 | 1.1096628841354803 × 10^291 |
| 71 | ov_071 | 1.3055335662094602 × 10^291 |
| 70 | ov_070 | 1.526844480347257 × 10^291 |
| 69 | ov_069 | 1.775897027827052 × 10^291 |
| 68 | ov_068 | 2.0551423283852437 × 10^291 |
| 67 | ov_067 | 2.3671920911568352 × 10^291 |
| 66 | ov_066 | 2.3671937781691986 × 10^291 |
| 65 | ov_065 | 2.3672006717695663 × 10^291 |
| 62 | ov_062 | 5.15347077729689 × 10^291 |
| 61 | ov_061 | 1.8780847944686101 × 10^292 |
| 60 | ov_060 | 5.375223990886256 × 10^292 |
| 59 | ov_059 | 1.2968226987443264 × 10^293 |
| 58 | ov_058 | 2.631798008666084 × 10^293 |
| 57 | ov_057 | 4.754921343100409 × 10^293 |
| 56 | ov_056 | 8.137525029248601 × 10^293 |
| 55 | ov_055 | 1.3343719185420358 × 10^294 |
| 54 | ov_054 | 2.103040810799835 × 10^294 |
| 53 | ov_053 | 3.1595669050216995 × 10^294 |
| 52 | ov_052 | 4.588211789275718 × 10^294 |
| 51 | ov_051 | 6.482535855216378 × 10^294 |
| 50 | ov_050 | 8.945415626004597 × 10^294 |
| 49 | ov_049 | 1.2089071420586923 × 10^295 |
| 48 | ov_048 | 1.6035109238382992 × 10^295 |
| 47 | ov_047 | 2.0914581335366144 × 10^295 |
| 32 | lv_80_m31 | 2.3298972826068303 × 10^295 |
| 46 | ov_046 | 2.6868070551614453 × 10^295 |
| 45 | ov_045 | 3.4045804042863035 × 10^295 |
| 44 | ov_044 | 4.2607802665939183 × 10^295 |
| 43 | ov_043 | 5.272407287208145 × 10^295 |
| 42 | ov_042 | 6.457484857523672 × 10^295 |
| 41 | ov_041 | 7.835089108703815 × 10^295 |
| 40 | ov_040 | 9.425385584916633 × 10^295 |
| 39 | ov_039 | 1.1239313379772289 × 10^296 |
| 31 | ov_031 | 1.194439653299362 × 10^296 |
| 38 | ov_038 | 1.3299358363538577 × 10^296 |
| 37 | ov_037 | 1.5629255646313857 × 10^296 |
| 36 | ov_036 | 1.8254063048219144 × 10^296 |
| 35 | ov_035 | 2.120024664792074 × 10^296 |
| 34 | ov_034 | 2.449577971652419 × 10^296 |
| 33 | ov_033 | 2.817025642874116 × 10^296 |
| 30 | ov_030 | 6.122299934443488 × 10^296 |
| 29 | ov_029 | 2.0022381612794827 × 10^297 |
| 28 | ov_028 | 5.195097918575747 × 10^297 |
| 27 | ov_027 | 1.2513561572419134 × 10^298 |
| 26 | ov_026 | 2.734011421496387 × 10^298 |
| 25 | ov_025 | 5.415372565948525 × 10^298 |
| 24 | ov_024 | 9.852987914671667 × 10^298 |
| 23 | ov_023 | 1.6714066047065422 × 10^299 |
| 22 | ov_022 | 2.677549838812341 × 10^299 |
| 21 | ov_021 | 4.092390719553897 × 10^299 |
| 20 | ov_020 | 6.015573312240345 × 10^299 |
| 19 | ov_019 | 8.557738038763794 × 10^299 |
| 18 | ov_018 | 1.1840544737087152 × 10^300 |
| 17 | ov_017 | 1.599670823894374 × 10^300 |
| 16 | ov_016 | 2.1170050998270074 × 10^300 |
| 15 | ov_015 | 2.7515577342117107 × 10^300 |
| 14 | ov_014 | 3.519957465870848 × 10^300 |
| 13 | ov_013 | 4.439974828423502 × 10^300 |
| 12 | ov_012 | 5.5305397946405676 × 10^300 |
| 11 | ov_011 | 6.811764436942508 × 10^300 |
| 10 | ov_010 | 8.304971539458225 × 10^300 |
| 9 | ov_009 | 1.003273017243453 × 10^301 |
| 8 | ov_008 | 1.201889931574686 × 10^301 |
| 7 | ov_007 | 1.4288680695027463 × 10^301 |
| 6 | ov_006 | 1.6868682071758257 × 10^301 |
| 5 | ov_005 | 1.9786992307886245 × 10^301 |
| 4 | ov_004 | 2.307326960648038 × 10^301 |
| 3 | ov_003 | 2.675884441309443 × 10^301 |
| 2 | ov_002 | 3.087683844472866 × 10^301 |
| 1 | ov_001 | 3.546230119516856 × 10^301 |

