# Results for F001-F002-F003-F004-F005-F006-F007-F008-F009-F010-F011-F012-F013-F014-F015-F016-F017-F018-F019-F020-F021-F022-F023-F024-F025-F026-F027-F028-F029-F030-F031-F032-F033-F034-F035-F036-F037-F038-F039-F040-F041-F042-F043-F044-F045-F046-F047-F048-F049-F050-F051-F052-F053-F054-F055-F056-F057-F058-F059-F060-F061-F062-F063-F064-F065-F066-F067-F068-F069-F070-F071-F072-F073-F074-F075-F076-F077-F078-F079-F080-F081-F082-F083-F084-F085-F086-F087-F088-F089-F090-F091-F092-F093-F094-F095-F096-F097-F098-F099-F100-F101-F102-F103-F104-F105-F106-F107-F108-F109-F110-F111-F112-F113-F114-F115-F116-F117-F118-F119-F120-F121-F122-F123-F124-F125-F126-F127-F128-F129-F130-F131-F132-F133-F134-F135-F136-F137-F138-F139-F140-F141-F142-F143-F144-F145-F146-F147-F148-F149-F150-F151-F152-F153-F154-F155-F156-F157-F158-F159-F160-F161-F162-F163-F164-F165-F166-F167-F168-F169-F170-F171-F172-F173-F174-F175-F176-F177-F178-F179-F180-F181-F182-F183-F184-F185-F186-F187-F188-F189-F190-F191-F192-F193-F194-F195-F196-F197-F198-F199-F200-F201-F202-F203-F204-F205-F206-F207-F208-F209-F210-F211-F212-F213-F214-F215-F216-F217-F218-F219-F220-F221-F222-F223-F224-F225-F226-F227-F228-F229-F230-F231-F232-F233-F234-F235-F236-F237-F238-F239-F240-F241-F242-F243-F244-F245-F246-F247-F248-F249-F250-F251-F252-F253-F254-F255-F256-F257-F258-F259-F260-F261-F262-F263-F264-F265-F266-F267-F268-F269-F270-F271-F272-F273-F274-F275-F276-F277-F278-F279-F280-F281-F282-F283-F284-F285-F286-F287-F288-F289-F290-F291-F292-F293-F294-F295-F296-F297-F298-F299-F300-F301-F302-F303-F304-F305-F306-F307-F308-F309-F310-F311-F312-F313-F314-F315-F316-F317-F318-F319-F320-F321-F322-F323-F324-F325-F326-F327-F328-F329-F330-F331-F332-F333-F334-F335-F336-F337-F338-F339-F340-F341-F342-F343-F344-F345-F346-F347-F348-F349-F350-F351-F352-F353-F354-F355-F356-F357-F358-F359-F360-F361-F362-F363-F364-F365-F366-F367-F368-F369-F370-F371-F372-F373-F374-F375-F376-F377-F378-F379-F380-F381-F382-F383-F384-F385-F386-F387-F388-F389-F390-F391-F392-F393-F394-F395-F396-F397-F398-F399-F400-F401-F402-F403-F404-F405-F406-F407-F408-F409-F410-F411-F412-F413-F414-F415-F416-F417-F418-F419-F420-F421-F422-F423-F424-F425-F426-F427-F428-F429-F430-F431-F432-F433-F434-F435-F436-F437-F438-F439-F440-F441-F442-F443-F444-F445-F446-F447-F448-F449-F450-F451-F452-F453-F454-F455-F456-F457-F458-F459-F460-F461-F462-F463-F464-F465-F466-F467-F468-F469-F470-F471-F472-F473-F474-F475-F476-F477-F478-F479-F480-F481-F482-F483-F484-F485-F486-F487-F488-F489-F490-F491-F492-F493-F494-F495-F496-E504505-F510-F512

## Summary

Number of input bits: 512  
Number of free input bits: 13  
Number of output bits: 160

Number of direct occurrences: 53345  
Number of assignments: 31703  
Number of operations: 11174910
(xor: 11146543,
and: 14846,
or: 13521)

Total complexity: 5.4627986666371774 × 10^300

Least occurring input variable: iv_502 (3893)  
Most occurring input variable: iv_504 (4338)

Most co-occurring input variables: iv_504-iv_511 (2120)  
Least co-occurring input variables: iv_498-iv_502 (1769)

Potentially most occurring input variable: iv_509/iv_511 (4527)  
Potentially least occurring input variable: iv_506/iv_507 (4163)

Least output occurring input variable: iv_503 (72)  
Most output occurring input variable: iv_497 (93)

Most output co-occurring input variables: iv_497-iv_502 (52)  
Least output co-occurring input variables: iv_503-iv_508 (32)

Potentially most output occurring input variable: iv_497/iv_500 (91)  
Potentially least output occurring input variable: iv_498/iv_508 (68)

Least complex input bit: iv_511 (7.860438422945328 × 10^296)  
Most complex input bit: iv_509 (1.0691563908453124 × 10^300)

Least complex output bit: aaa_76_29 (9.903108127108543 × 10^275)  
Most complex output bit: ov_001 (8.540271250027688 × 10^299)

Least complex input/output complexity: iv_511/aaa_76_29 (1.4249613866297748 × 10^272)  
Most complex input/output complexity: iv_509/ov_001 (1.6714666133102095 × 10^299)

## Input Bits

### Input Bits in Regular Order

| Input Bit | Complexity | Occurrences | Output Occurrences |
|:---------:|:----------:|:-----------:|:------------------:|
| iv_497 | 1.8282221427218148 × 10^298 | 4145 | 93 |
| iv_498 | 3.6448370245785906 × 10^298 | 3946 | 88 |
| iv_499 | 6.417354517958051 × 10^298 | 3956 | 81 |
| iv_500 | 1.0798109767217563 × 10^299 | 4124 | 76 |
| iv_501 | 1.783934229136387 × 10^299 | 4095 | 83 |
| iv_502 | 2.886580893556659 × 10^299 | 3893 | 82 |
| iv_503 | 4.588201788651698 × 10^299 | 4058 | 72 |
| iv_504 | 8.388205503905358 × 10^299 | 4338 | 85 |
| iv_506 | 5.534814241115791 × 10^299 | 3969 | 82 |
| iv_507 | 7.940108055832679 × 10^299 | 4184 | 76 |
| iv_508 | 1.0537865262049616 × 10^300 | 4148 | 74 |
| iv_509 | 1.0691563908453124 × 10^300 | 4225 | 87 |
| iv_511 | 7.860438422945328 × 10^296 | 4264 | 80 |

### Input Bits Sorted by Complexity

| Input Bit | Complexity | Occurrences | Output Occurrences |
|:---------:|:----------:|:-----------:|:------------------:|
| iv_511 | 7.860438422945328 × 10^296 | 4264 | 80 |
| iv_497 | 1.8282221427218148 × 10^298 | 4145 | 93 |
| iv_498 | 3.6448370245785906 × 10^298 | 3946 | 88 |
| iv_499 | 6.417354517958051 × 10^298 | 3956 | 81 |
| iv_500 | 1.0798109767217563 × 10^299 | 4124 | 76 |
| iv_501 | 1.783934229136387 × 10^299 | 4095 | 83 |
| iv_502 | 2.886580893556659 × 10^299 | 3893 | 82 |
| iv_503 | 4.588201788651698 × 10^299 | 4058 | 72 |
| iv_506 | 5.534814241115791 × 10^299 | 3969 | 82 |
| iv_507 | 7.940108055832679 × 10^299 | 4184 | 76 |
| iv_504 | 8.388205503905358 × 10^299 | 4338 | 85 |
| iv_508 | 1.0537865262049616 × 10^300 | 4148 | 74 |
| iv_509 | 1.0691563908453124 × 10^300 | 4225 | 87 |

### Input Bits Sorted by Occurrences

| Input Bit | Complexity | Occurrences | Output Occurrences |
|:---------:|:----------:|:-----------:|:------------------:|
| iv_502 | 2.886580893556659 × 10^299 | 3893 | 82 |
| iv_498 | 3.6448370245785906 × 10^298 | 3946 | 88 |
| iv_499 | 6.417354517958051 × 10^298 | 3956 | 81 |
| iv_506 | 5.534814241115791 × 10^299 | 3969 | 82 |
| iv_503 | 4.588201788651698 × 10^299 | 4058 | 72 |
| iv_501 | 1.783934229136387 × 10^299 | 4095 | 83 |
| iv_500 | 1.0798109767217563 × 10^299 | 4124 | 76 |
| iv_497 | 1.8282221427218148 × 10^298 | 4145 | 93 |
| iv_508 | 1.0537865262049616 × 10^300 | 4148 | 74 |
| iv_507 | 7.940108055832679 × 10^299 | 4184 | 76 |
| iv_509 | 1.0691563908453124 × 10^300 | 4225 | 87 |
| iv_511 | 7.860438422945328 × 10^296 | 4264 | 80 |
| iv_504 | 8.388205503905358 × 10^299 | 4338 | 85 |

### Input Bits Sorted by Output Occurrences

| Input Bit | Complexity | Occurrences | Output Occurrences |
|:---------:|:----------:|:-----------:|:------------------:|
| iv_503 | 4.588201788651698 × 10^299 | 4058 | 72 |
| iv_508 | 1.0537865262049616 × 10^300 | 4148 | 74 |
| iv_500 | 1.0798109767217563 × 10^299 | 4124 | 76 |
| iv_507 | 7.940108055832679 × 10^299 | 4184 | 76 |
| iv_511 | 7.860438422945328 × 10^296 | 4264 | 80 |
| iv_499 | 6.417354517958051 × 10^298 | 3956 | 81 |
| iv_502 | 2.886580893556659 × 10^299 | 3893 | 82 |
| iv_506 | 5.534814241115791 × 10^299 | 3969 | 82 |
| iv_501 | 1.783934229136387 × 10^299 | 4095 | 83 |
| iv_504 | 8.388205503905358 × 10^299 | 4338 | 85 |
| iv_509 | 1.0691563908453124 × 10^300 | 4225 | 87 |
| iv_498 | 3.6448370245785906 × 10^298 | 3946 | 88 |
| iv_497 | 1.8282221427218148 × 10^298 | 4145 | 93 |

## Input Bit Co-occurrences

### Input Bit Co-occurrences Sorted by Co-occurrences

| Input Bits | Co-occurrences | Potential Occurrences | Output Co-occurrences | Potential Output Occurrences |
|:----------:|:--------------:|:---------------------:|:---------------------:|:----------------------------:|
| iv_504-iv_511 | 2120 | 4362 | 42 | 81 |
| iv_501-iv_504 | 2119 | 4195 | 45 | 78 |
| iv_500-iv_511 | 2081 | 4226 | 38 | 80 |
| iv_508-iv_509 | 2076 | 4221 | 40 | 81 |
| iv_507-iv_509 | 2064 | 4281 | 44 | 75 |
| iv_504-iv_509 | 2054 | 4455 | 50 | 72 |
| iv_497-iv_507 | 2050 | 4229 | 44 | 81 |
| iv_503-iv_504 | 2049 | 4298 | 38 | 81 |
| iv_500-iv_504 | 2044 | 4374 | 40 | 81 |
| iv_503-iv_511 | 2035 | 4252 | 35 | 82 |
| iv_497-iv_504 | 2035 | 4413 | 49 | 80 |
| iv_501-iv_511 | 2034 | 4291 | 39 | 85 |
| iv_501-iv_509 | 2034 | 4252 | 49 | 72 |

### Input Bit Co-occurrences Sorted by Potential Occurrences

| Input Bits | Co-occurrences | Potential Occurrences | Output Co-occurrences | Potential Output Occurrences |
|:----------:|:--------------:|:---------------------:|:---------------------:|:----------------------------:|
| iv_506-iv_507 | 1995 | 4163 | 39 | 80 |
| iv_500-iv_503 | 1998 | 4186 | 35 | 78 |
| iv_499-iv_501 | 1932 | 4187 | 44 | 76 |
| iv_501-iv_504 | 2119 | 4195 | 45 | 78 |
| iv_503-iv_506 | 1912 | 4203 | 39 | 76 |
| iv_497-iv_506 | 1955 | 4204 | 51 | 73 |
| iv_498-iv_506 | 1850 | 4215 | 41 | 88 |
| iv_499-iv_508 | 1944 | 4216 | 41 | 73 |
| iv_508-iv_509 | 2076 | 4221 | 40 | 81 |
| iv_497-iv_501 | 2008 | 4224 | 48 | 80 |
| iv_502-iv_506 | 1818 | 4226 | 44 | 76 |
| iv_500-iv_511 | 2081 | 4226 | 38 | 80 |
| iv_497-iv_502 | 1905 | 4228 | 52 | 71 |

### Input Bit Output Co-occurrences Sorted by Output Co-occurrences

| Input Bits | Co-occurrences | Potential Occurrences | Output Co-occurrences | Potential Output Occurrences |
|:----------:|:--------------:|:---------------------:|:---------------------:|:----------------------------:|
| iv_498-iv_509 | 1881 | 4409 | 52 | 71 |
| iv_497-iv_502 | 1905 | 4228 | 52 | 71 |
| iv_497-iv_506 | 1955 | 4204 | 51 | 73 |
| iv_498-iv_504 | 1987 | 4310 | 51 | 71 |
| iv_504-iv_509 | 2054 | 4455 | 50 | 72 |
| iv_497-iv_498 | 1893 | 4305 | 50 | 81 |
| iv_497-iv_509 | 2020 | 4330 | 50 | 80 |
| iv_501-iv_509 | 2034 | 4252 | 49 | 72 |
| iv_497-iv_504 | 2035 | 4413 | 49 | 80 |
| iv_498-iv_499 | 1833 | 4236 | 48 | 73 |
| iv_498-iv_501 | 1873 | 4295 | 48 | 75 |
| iv_497-iv_501 | 2008 | 4224 | 48 | 80 |
| iv_498-iv_508 | 1878 | 4338 | 47 | 68 |

### Input Bit Output Co-occurrences Sorted by Potential Output Occurrences

| Input Bits | Co-occurrences | Potential Occurrences | Output Co-occurrences | Potential Output Occurrences |
|:----------:|:--------------:|:---------------------:|:---------------------:|:----------------------------:|
| iv_498-iv_508 | 1878 | 4338 | 47 | 68 |
| iv_501-iv_508 | 1941 | 4361 | 43 | 71 |
| iv_503-iv_509 | 1921 | 4441 | 44 | 71 |
| iv_498-iv_504 | 1987 | 4310 | 51 | 71 |
| iv_498-iv_509 | 1881 | 4409 | 52 | 71 |
| iv_497-iv_502 | 1905 | 4228 | 52 | 71 |
| iv_501-iv_509 | 2034 | 4252 | 49 | 72 |
| iv_504-iv_509 | 2054 | 4455 | 50 | 72 |
| iv_502-iv_511 | 1924 | 4309 | 45 | 72 |
| iv_498-iv_499 | 1833 | 4236 | 48 | 73 |
| iv_499-iv_500 | 1899 | 4282 | 42 | 73 |
| iv_499-iv_508 | 1944 | 4216 | 41 | 73 |
| iv_497-iv_506 | 1955 | 4204 | 51 | 73 |

## Output Bits

### Output Bits in Regular Order

| Rank | Output Bit | Complexity |
|:----:|:----------:|:----------:|
| 1 | ov_001 | 8.540271250027688 × 10^299 |
| 2 | ov_002 | 7.431475222430279 × 10^299 |
| 3 | ov_003 | 6.436017854306025 × 10^299 |
| 4 | ov_004 | 5.5454012228193106 × 10^299 |
| 5 | ov_005 | 4.751592776951137 × 10^299 |
| 6 | ov_006 | 4.046992406218416 × 10^299 |
| 7 | ov_007 | 3.4244037308965124 × 10^299 |
| 8 | ov_008 | 2.8770092763049824 × 10^299 |
| 9 | ov_009 | 2.398349215655403 × 10^299 |
| 10 | ov_010 | 1.9823033386377983 × 10^299 |
| 11 | ov_011 | 1.6230758991940867 × 10^299 |
| 12 | ov_012 | 1.3151830159127401 × 10^299 |
| 13 | ov_013 | 1.0534423180422522 × 10^299 |
| 14 | ov_014 | 8.329645493506904 × 10^298 |
| 15 | ov_015 | 6.491468610305753 × 10^298 |
| 16 | ov_016 | 4.976675436268488 × 10^298 |
| 17 | ov_017 | 3.7448196660341953 × 10^298 |
| 18 | ov_018 | 2.758195127024493 × 10^298 |
| 19 | ov_019 | 1.9818131272212974 × 10^298 |
| 20 | ov_020 | 1.3833860476658022 × 10^298 |
| 21 | ov_021 | 9.333156797105133 × 10^297 |
| 22 | ov_022 | 6.046851418755941 × 10^297 |
| 23 | ov_023 | 3.7325344743238725 × 10^297 |
| 24 | ov_024 | 2.1745197265962218 × 10^297 |
| 25 | ov_025 | 1.1838229557202395 × 10^297 |
| 26 | ov_026 | 5.981501188218519 × 10^296 |
| 27 | ov_027 | 2.81891778402135 × 10^296 |
| 28 | ov_028 | 1.2612090521290714 × 10^296 |
| 29 | ov_029 | 4.859217092304682 × 10^295 |
| 30 | ov_030 | 1.485329985823549 × 10^295 |
| 31 | ov_031 | 2.8967234237392503 × 10^294 |
| 32 | lv_80_m31 | 5.648186758336575 × 10^293 |
| 33 | ov_033 | 6.802332264195152 × 10^294 |
| 34 | ov_034 | 5.906291971793901 × 10^294 |
| 35 | ov_035 | 5.10361597743747 × 10^294 |
| 36 | ov_036 | 4.387004696418481 × 10^294 |
| 37 | ov_037 | 3.749555976183805 × 10^294 |
| 38 | ov_038 | 3.184737300306842 × 10^294 |
| 39 | ov_039 | 2.6863616752112995 × 10^294 |
| 40 | ov_040 | 2.2485668418764743 × 10^294 |
| 41 | ov_041 | 1.8657974765710156 × 10^294 |
| 42 | ov_042 | 1.5327900653473156 × 10^294 |
| 43 | ov_043 | 1.2469840705621384 × 10^294 |
| 44 | ov_044 | 1.0036634572836594 × 10^294 |
| 45 | ov_045 | 7.983718039582087 × 10^293 |
| 46 | ov_046 | 6.2690510068383574 × 10^293 |
| 47 | ov_047 | 4.853059245387817 × 10^293 |
| 48 | ov_048 | 3.698587949953584 × 10^293 |
| 49 | ov_049 | 2.7708655050948517 × 10^293 |
| 50 | ov_050 | 2.0374760313398024 × 10^293 |
| 51 | ov_051 | 1.4683392152500642 × 10^293 |
| 52 | ov_052 | 1.035695970611106 × 10^293 |
| 53 | ov_053 | 7.140986302121416 × 10^292 |
| 54 | ov_054 | 4.80404519083779 × 10^292 |
| 55 | ov_055 | 3.137719109117465 × 10^292 |
| 56 | ov_056 | 1.956575540631897 × 10^292 |
| 57 | ov_057 | 1.173642082409445 × 10^292 |
| 58 | ov_058 | 6.494179290990903 × 10^291 |
| 59 | ov_059 | 3.198923856866175 × 10^291 |
| 60 | ov_060 | 1.325328373723844 × 10^291 |
| 61 | ov_061 | 4.628425735713508 × 10^290 |
| 62 | ov_062 | 1.2694137027220543 × 10^290 |
| 63 | ov_063 | 2.4736972532035654 × 10^289 |
| 64 | lv_79_m31 | 4.8195005529041486 × 10^288 |
| 65 | ov_065 | 5.804810308198616 × 10^289 |
| 66 | ov_066 | 5.804792586152975 × 10^289 |
| 67 | ov_067 | 5.804788249048723 × 10^289 |
| 68 | ov_068 | 5.02998721236465 × 10^289 |
| 69 | ov_069 | 4.338063636678183 × 10^289 |
| 70 | ov_070 | 3.7223037555169717 × 10^289 |
| 71 | ov_071 | 3.176406725116679 × 10^289 |
| 72 | ov_072 | 2.6944566692549114 × 10^289 |
| 73 | ov_073 | 2.2708971993767284 × 10^289 |
| 74 | ov_074 | 1.9005082780808644 × 10^289 |
| 75 | ov_075 | 1.5783852992463898 × 10^289 |
| 76 | ov_076 | 1.2999202623897335 × 10^289 |
| 77 | ov_077 | 1.0607849223626318 × 10^289 |
| 78 | ov_078 | 8.56915798335907 × 10^288 |
| 79 | ov_079 | 6.845009282583353 × 10^288 |
| 80 | ov_080 | 5.399682567232984 × 10^288 |
| 81 | ov_081 | 4.199755455003883 × 10^288 |
| 82 | ov_082 | 3.214016969695497 × 10^288 |
| 83 | ov_083 | 2.4133938139948824 × 10^288 |
| 84 | ov_084 | 1.7708885950065208 × 10^288 |
| 85 | ov_085 | 1.2615289200976168 × 10^288 |
| 86 | ov_086 | 8.733291256072387 × 10^287 |
| 87 | ov_087 | 5.852521879446316 × 10^287 |
| 88 | ov_088 | 3.7818779610348275 × 10^287 |
| 89 | ov_089 | 2.3493413639272587 × 10^287 |
| 90 | ov_090 | 1.4018515478014033 × 10^287 |
| 91 | ov_091 | 8.052221949480723 × 10^286 |
| 92 | ov_092 | 4.440911561334892 × 10^286 |
| 93 | ov_093 | 2.218935660177798 × 10^286 |
| 94 | ov_094 | 9.504409704681856 × 10^285 |
| 95 | aaa_78_28 | 2.9348009858854 × 10^285 |
| 96 | aaa_78_29 | 9.01258899616875 × 10^284 |
| 97 | ov_097 | 5.949663818246395 × 10^284 |
| 98 | ov_098 | 5.949485080814723 × 10^284 |
| 99 | ov_099 | 5.9494279364391 × 10^284 |
| 100 | ov_100 | 5.35293473258178 × 10^284 |
| 101 | ov_101 | 4.800636439983396 × 10^284 |
| 102 | ov_102 | 4.2900855724262754 × 10^284 |
| 103 | ov_103 | 3.819012285881719 × 10^284 |
| 104 | ov_104 | 3.385301860159639 × 10^284 |
| 105 | ov_105 | 2.9869741955601475 × 10^284 |
| 106 | ov_106 | 2.6221652189325858 × 10^284 |
| 107 | ov_107 | 2.2891100975468424 × 10^284 |
| 108 | ov_108 | 1.986128162441541 × 10^284 |
| 109 | ov_109 | 1.7116094455318623 × 10^284 |
| 110 | ov_110 | 1.4640027368226716 × 10^284 |
| 111 | ov_111 | 1.2418050696631256 × 10^284 |
| 112 | ov_112 | 1.0435525431738589 × 10^284 |
| 113 | ov_113 | 8.678123918478163 × 10^283 |
| 114 | ov_114 | 7.131762129353321 × 10^283 |
| 115 | ov_115 | 5.782542626315784 × 10^283 |
| 116 | ov_116 | 4.616707323423194 × 10^283 |
| 117 | ov_117 | 3.6205991645776626 × 10^283 |
| 118 | ov_118 | 2.780631831518431 × 10^283 |
| 119 | ov_119 | 2.0832665977274001 × 10^283 |
| 120 | ov_120 | 1.514995444176627 × 10^283 |
| 121 | ov_121 | 1.062329552998012 × 10^283 |
| 122 | ov_122 | 7.11791899196297 × 10^282 |
| 123 | ov_123 | 4.4991237499663394 × 10^282 |
| 124 | ov_124 | 2.6322449841705695 × 10^282 |
| 125 | ov_125 | 1.3826337236938305 × 10^282 |
| 126 | ov_126 | 6.156464256913122 × 10^281 |
| 127 | aaa_77_28 | 1.966409707973671 × 10^281 |
| 128 | aaa_77_29 | 7.374860296757909 × 10^280 |
| 129 | ov_129 | 6.890423286012835 × 10^280 |
| 130 | ov_130 | 6.890403983208001 × 10^280 |
| 131 | ov_131 | 6.890399311504985 × 10^280 |
| 132 | ov_132 | 5.987951944981281 × 10^280 |
| 133 | ov_133 | 5.178327088118513 × 10^280 |
| 134 | ov_134 | 4.454563350311847 × 10^280 |
| 135 | ov_135 | 3.8100765461849976 × 10^280 |
| 136 | ov_136 | 3.238632789912731 × 10^280 |
| 137 | ov_137 | 2.734325200774611 × 10^280 |
| 138 | ov_138 | 2.2915538837137343 × 10^280 |
| 139 | ov_139 | 1.9050088660492074 × 10^280 |
| 140 | ov_140 | 1.5696556883166287 × 10^280 |
| 141 | ov_141 | 1.2807233636024228 × 10^280 |
| 142 | ov_142 | 1.0336944357942687 × 10^280 |
| 143 | ov_143 | 8.242968829739256 × 10^279 |
| 144 | ov_144 | 6.48497627798643 × 10^279 |
| 145 | ov_145 | 5.0249743220777934 × 10^279 |
| 146 | ov_146 | 3.8272696919447576 × 10^279 |
| 147 | ov_147 | 2.8584387972932776 × 10^279 |
| 148 | ov_148 | 2.0873063823527687 × 10^279 |
| 149 | ov_149 | 1.4849306530394227 × 10^279 |
| 150 | ov_150 | 1.024593416213608 × 10^279 |
| 151 | ov_151 | 6.81793923403299 × 10^278 |
| 152 | ov_152 | 4.3424526400184784 × 10^278 |
| 153 | ov_153 | 2.618723491260068 × 10^278 |
| 154 | ov_154 | 1.4681080109508245 × 10^278 |
| 155 | ov_155 | 7.340633067263453 × 10^277 |
| 156 | aaa_76_25 | 2.8214398118231823 × 10^277 |
| 157 | aaa_76_26 | 1.630198688036509 × 10^277 |
| 158 | aaa_76_27 | 8.34998198422277 × 10^276 |
| 159 | aaa_76_28 | 3.253672112320179 × 10^276 |
| 160 | aaa_76_29 | 9.903108127108543 × 10^275 |

### Output Bits Sorted by Complexity

| Rank | Output Bit | Complexity |
|:----:|:----------:|:----------:|
| 160 | aaa_76_29 | 9.903108127108543 × 10^275 |
| 159 | aaa_76_28 | 3.253672112320179 × 10^276 |
| 158 | aaa_76_27 | 8.34998198422277 × 10^276 |
| 157 | aaa_76_26 | 1.630198688036509 × 10^277 |
| 156 | aaa_76_25 | 2.8214398118231823 × 10^277 |
| 155 | ov_155 | 7.340633067263453 × 10^277 |
| 154 | ov_154 | 1.4681080109508245 × 10^278 |
| 153 | ov_153 | 2.618723491260068 × 10^278 |
| 152 | ov_152 | 4.3424526400184784 × 10^278 |
| 151 | ov_151 | 6.81793923403299 × 10^278 |
| 150 | ov_150 | 1.024593416213608 × 10^279 |
| 149 | ov_149 | 1.4849306530394227 × 10^279 |
| 148 | ov_148 | 2.0873063823527687 × 10^279 |
| 147 | ov_147 | 2.8584387972932776 × 10^279 |
| 146 | ov_146 | 3.8272696919447576 × 10^279 |
| 145 | ov_145 | 5.0249743220777934 × 10^279 |
| 144 | ov_144 | 6.48497627798643 × 10^279 |
| 143 | ov_143 | 8.242968829739256 × 10^279 |
| 142 | ov_142 | 1.0336944357942687 × 10^280 |
| 141 | ov_141 | 1.2807233636024228 × 10^280 |
| 140 | ov_140 | 1.5696556883166287 × 10^280 |
| 139 | ov_139 | 1.9050088660492074 × 10^280 |
| 138 | ov_138 | 2.2915538837137343 × 10^280 |
| 137 | ov_137 | 2.734325200774611 × 10^280 |
| 136 | ov_136 | 3.238632789912731 × 10^280 |
| 135 | ov_135 | 3.8100765461849976 × 10^280 |
| 134 | ov_134 | 4.454563350311847 × 10^280 |
| 133 | ov_133 | 5.178327088118513 × 10^280 |
| 132 | ov_132 | 5.987951944981281 × 10^280 |
| 131 | ov_131 | 6.890399311504985 × 10^280 |
| 130 | ov_130 | 6.890403983208001 × 10^280 |
| 129 | ov_129 | 6.890423286012835 × 10^280 |
| 128 | aaa_77_29 | 7.374860296757909 × 10^280 |
| 127 | aaa_77_28 | 1.966409707973671 × 10^281 |
| 126 | ov_126 | 6.156464256913122 × 10^281 |
| 125 | ov_125 | 1.3826337236938305 × 10^282 |
| 124 | ov_124 | 2.6322449841705695 × 10^282 |
| 123 | ov_123 | 4.4991237499663394 × 10^282 |
| 122 | ov_122 | 7.11791899196297 × 10^282 |
| 121 | ov_121 | 1.062329552998012 × 10^283 |
| 120 | ov_120 | 1.514995444176627 × 10^283 |
| 119 | ov_119 | 2.0832665977274001 × 10^283 |
| 118 | ov_118 | 2.780631831518431 × 10^283 |
| 117 | ov_117 | 3.6205991645776626 × 10^283 |
| 116 | ov_116 | 4.616707323423194 × 10^283 |
| 115 | ov_115 | 5.782542626315784 × 10^283 |
| 114 | ov_114 | 7.131762129353321 × 10^283 |
| 113 | ov_113 | 8.678123918478163 × 10^283 |
| 112 | ov_112 | 1.0435525431738589 × 10^284 |
| 111 | ov_111 | 1.2418050696631256 × 10^284 |
| 110 | ov_110 | 1.4640027368226716 × 10^284 |
| 109 | ov_109 | 1.7116094455318623 × 10^284 |
| 108 | ov_108 | 1.986128162441541 × 10^284 |
| 107 | ov_107 | 2.2891100975468424 × 10^284 |
| 106 | ov_106 | 2.6221652189325858 × 10^284 |
| 105 | ov_105 | 2.9869741955601475 × 10^284 |
| 104 | ov_104 | 3.385301860159639 × 10^284 |
| 103 | ov_103 | 3.819012285881719 × 10^284 |
| 102 | ov_102 | 4.2900855724262754 × 10^284 |
| 101 | ov_101 | 4.800636439983396 × 10^284 |
| 100 | ov_100 | 5.35293473258178 × 10^284 |
| 99 | ov_099 | 5.9494279364391 × 10^284 |
| 98 | ov_098 | 5.949485080814723 × 10^284 |
| 97 | ov_097 | 5.949663818246395 × 10^284 |
| 96 | aaa_78_29 | 9.01258899616875 × 10^284 |
| 95 | aaa_78_28 | 2.9348009858854 × 10^285 |
| 94 | ov_094 | 9.504409704681856 × 10^285 |
| 93 | ov_093 | 2.218935660177798 × 10^286 |
| 92 | ov_092 | 4.440911561334892 × 10^286 |
| 91 | ov_091 | 8.052221949480723 × 10^286 |
| 90 | ov_090 | 1.4018515478014033 × 10^287 |
| 89 | ov_089 | 2.3493413639272587 × 10^287 |
| 88 | ov_088 | 3.7818779610348275 × 10^287 |
| 87 | ov_087 | 5.852521879446316 × 10^287 |
| 86 | ov_086 | 8.733291256072387 × 10^287 |
| 85 | ov_085 | 1.2615289200976168 × 10^288 |
| 84 | ov_084 | 1.7708885950065208 × 10^288 |
| 83 | ov_083 | 2.4133938139948824 × 10^288 |
| 82 | ov_082 | 3.214016969695497 × 10^288 |
| 81 | ov_081 | 4.199755455003883 × 10^288 |
| 64 | lv_79_m31 | 4.8195005529041486 × 10^288 |
| 80 | ov_080 | 5.399682567232984 × 10^288 |
| 79 | ov_079 | 6.845009282583353 × 10^288 |
| 78 | ov_078 | 8.56915798335907 × 10^288 |
| 77 | ov_077 | 1.0607849223626318 × 10^289 |
| 76 | ov_076 | 1.2999202623897335 × 10^289 |
| 75 | ov_075 | 1.5783852992463898 × 10^289 |
| 74 | ov_074 | 1.9005082780808644 × 10^289 |
| 73 | ov_073 | 2.2708971993767284 × 10^289 |
| 63 | ov_063 | 2.4736972532035654 × 10^289 |
| 72 | ov_072 | 2.6944566692549114 × 10^289 |
| 71 | ov_071 | 3.176406725116679 × 10^289 |
| 70 | ov_070 | 3.7223037555169717 × 10^289 |
| 69 | ov_069 | 4.338063636678183 × 10^289 |
| 68 | ov_068 | 5.02998721236465 × 10^289 |
| 67 | ov_067 | 5.804788249048723 × 10^289 |
| 66 | ov_066 | 5.804792586152975 × 10^289 |
| 65 | ov_065 | 5.804810308198616 × 10^289 |
| 62 | ov_062 | 1.2694137027220543 × 10^290 |
| 61 | ov_061 | 4.628425735713508 × 10^290 |
| 60 | ov_060 | 1.325328373723844 × 10^291 |
| 59 | ov_059 | 3.198923856866175 × 10^291 |
| 58 | ov_058 | 6.494179290990903 × 10^291 |
| 57 | ov_057 | 1.173642082409445 × 10^292 |
| 56 | ov_056 | 1.956575540631897 × 10^292 |
| 55 | ov_055 | 3.137719109117465 × 10^292 |
| 54 | ov_054 | 4.80404519083779 × 10^292 |
| 53 | ov_053 | 7.140986302121416 × 10^292 |
| 52 | ov_052 | 1.035695970611106 × 10^293 |
| 51 | ov_051 | 1.4683392152500642 × 10^293 |
| 50 | ov_050 | 2.0374760313398024 × 10^293 |
| 49 | ov_049 | 2.7708655050948517 × 10^293 |
| 48 | ov_048 | 3.698587949953584 × 10^293 |
| 47 | ov_047 | 4.853059245387817 × 10^293 |
| 32 | lv_80_m31 | 5.648186758336575 × 10^293 |
| 46 | ov_046 | 6.2690510068383574 × 10^293 |
| 45 | ov_045 | 7.983718039582087 × 10^293 |
| 44 | ov_044 | 1.0036634572836594 × 10^294 |
| 43 | ov_043 | 1.2469840705621384 × 10^294 |
| 42 | ov_042 | 1.5327900653473156 × 10^294 |
| 41 | ov_041 | 1.8657974765710156 × 10^294 |
| 40 | ov_040 | 2.2485668418764743 × 10^294 |
| 39 | ov_039 | 2.6863616752112995 × 10^294 |
| 31 | ov_031 | 2.8967234237392503 × 10^294 |
| 38 | ov_038 | 3.184737300306842 × 10^294 |
| 37 | ov_037 | 3.749555976183805 × 10^294 |
| 36 | ov_036 | 4.387004696418481 × 10^294 |
| 35 | ov_035 | 5.10361597743747 × 10^294 |
| 34 | ov_034 | 5.906291971793901 × 10^294 |
| 33 | ov_033 | 6.802332264195152 × 10^294 |
| 30 | ov_030 | 1.485329985823549 × 10^295 |
| 29 | ov_029 | 4.859217092304682 × 10^295 |
| 28 | ov_028 | 1.2612090521290714 × 10^296 |
| 27 | ov_027 | 2.81891778402135 × 10^296 |
| 26 | ov_026 | 5.981501188218519 × 10^296 |
| 25 | ov_025 | 1.1838229557202395 × 10^297 |
| 24 | ov_024 | 2.1745197265962218 × 10^297 |
| 23 | ov_023 | 3.7325344743238725 × 10^297 |
| 22 | ov_022 | 6.046851418755941 × 10^297 |
| 21 | ov_021 | 9.333156797105133 × 10^297 |
| 20 | ov_020 | 1.3833860476658022 × 10^298 |
| 19 | ov_019 | 1.9818131272212974 × 10^298 |
| 18 | ov_018 | 2.758195127024493 × 10^298 |
| 17 | ov_017 | 3.7448196660341953 × 10^298 |
| 16 | ov_016 | 4.976675436268488 × 10^298 |
| 15 | ov_015 | 6.491468610305753 × 10^298 |
| 14 | ov_014 | 8.329645493506904 × 10^298 |
| 13 | ov_013 | 1.0534423180422522 × 10^299 |
| 12 | ov_012 | 1.3151830159127401 × 10^299 |
| 11 | ov_011 | 1.6230758991940867 × 10^299 |
| 10 | ov_010 | 1.9823033386377983 × 10^299 |
| 9 | ov_009 | 2.398349215655403 × 10^299 |
| 8 | ov_008 | 2.8770092763049824 × 10^299 |
| 7 | ov_007 | 3.4244037308965124 × 10^299 |
| 6 | ov_006 | 4.046992406218416 × 10^299 |
| 5 | ov_005 | 4.751592776951137 × 10^299 |
| 4 | ov_004 | 5.5454012228193106 × 10^299 |
| 3 | ov_003 | 6.436017854306025 × 10^299 |
| 2 | ov_002 | 7.431475222430279 × 10^299 |
| 1 | ov_001 | 8.540271250027688 × 10^299 |

