# Results for F014-F015-F016-F017-F018-F019-F020-F021-F022-F023-F024-F025-F026-F027-F028-F029-F030-F031-F032-F033-F034-F035-F036-F037-F038-F039-F040-F041-F042-F043-F044-F045-F046-F047-F048-F049-F050-F051-F052-F053-F054-F055-F056-F057-F058-F059-F060-F061-F062-F063-F064-F065-F066-F067-F068-F069-F070-F071-F072-F073-F074-F075-F076-F077-F078-F079-F080-F081-F082-F083-F084-F085-F086-F087-F088-F089-F090-F091-F092-F093-F094-F095-F096-F097-F098-F099-F100-F101-F102-F103-F104-F105-F106-F107-F108-F109-F110-F111-F112-F113-F114-F115-F116-F117-F118-F119-F120-F121-F122-F123-F124-F125-F126-F127-F128-F129-F130-F131-F132-F133-F134-F135-F136-F137-F138-F139-F140-F141-F142-F143-F144-F145-F146-F147-F148-F149-F150-F151-F152-F153-F154-F155-F156-F157-F158-F159-F160-F161-F162-F163-F164-F165-F166-F167-F168-F169-F170-F171-F172-F173-F174-F175-F176-F177-F178-F179-F180-F181-F182-F183-F184-F185-F186-F187-F188-F189-F190-F191-F192-F193-F194-F195-F196-F197-F198-F199-F200-F201-F202-F203-F204-F205-F206-F207-F208-F209-F210-F211-F212-F213-F214-F215-F216-F217-F218-F219-F220-F221-F222-F223-F224-F225-F226-F227-F228-F229-F230-F231-F232-F233-F234-F235-F236-F237-F238-F239-F240-F241-F242-F243-F244-F245-F246-F247-F248-F249-F250-F251-F252-F253-F254-F255-F256-F257-F258-F259-F260-F261-F262-F263-F264-F265-F266-F267-F268-F269-F270-F271-F272-F273-F274-F275-F276-F277-F278-F279-F280-F281-F282-F283-F284-F285-F286-F287-F288-F289-F290-F291-F292-F293-F294-F295-F296-F297-F298-F299-F300-F301-F302-F303-F304-F305-F306-F307-F308-F309-F310-F311-F312-F313-F314-F315-F316-F317-F318-F319-F320-F321-F322-F323-F324-F325-F326-F327-F328-F329-F330-F331-F332-F333-F334-F335-F336-F337-F338-F339-F340-F341-F342-F343-F344-F345-F346-F347-F348-F349-F350-F351-F352-F353-F354-F355-F356-F357-F358-F359-F360-F361-F362-F363-F364-F365-F366-F367-F368-F369-F370-F371-F372-F373-F374-F375-F376-F377-F378-F379-F380-F381-F382-F383-F384-F385-F386-F387-F388-F389-F390-F391-F392-F393-F394-F395-F396-F397-F398-F399-F400-F401-F402-F403-F404-F405-F406-F407-F408-F409-F410-F411-F412-F413-F414-F415-F416-F417-F418-F419-F420-F421-F422-F423-F424-F425-F426-F427-F428-F429-F430-F431-F432-F433-F434-F435-F436-F437-F438-F439-F440-F441-F442-F443-F444-F445-F446-F447-F448-F449-F450-F451-F452-F453-F454-F455-F456-F457-F458-F459-F460-F461-F462-F463-F464-F465-F466-F467-F468-F469-F470-F471-F472-F473-F474-F475-F476-F477-F478-F479-F480-F481-F482-F483-F484-F485-F486-F487-F488-F489-F490-F491-F492-F493-F494-F495-F496-F497-F498-F499-F500-F501-F502-F503-F504-F505-F506-F507-F508-F509-F510-F511-F512

## Summary

Number of input bits: 512  
Number of free input bits: 13  
Number of output bits: 160

Number of direct occurrences: 59752  
Number of assignments: 38529  
Number of operations: 18897793
(xor: 18859091,
and: 22398,
or: 16304)

Total complexity: 6.13623515581157 × 10^353

Least occurring input variable: iv_007 (4328)  
Most occurring input variable: iv_012 (4937)

Most co-occurring input variables: iv_011-iv_012 (2451)  
Least co-occurring input variables: iv_006-iv_007 (1927)

Potentially most occurring input variable: iv_011/iv_013 (5223)  
Potentially least occurring input variable: iv_004/iv_005 (4442)

Least output occurring input variable: iv_011 (63)  
Most output occurring input variable: iv_003 (87)

Most output co-occurring input variables: iv_002-iv_012 (48)  
Least output co-occurring input variables: iv_005-iv_011 (20)

Potentially most output occurring input variable: iv_002/iv_005 (100)  
Potentially least output occurring input variable: iv_005/iv_012 (66)

Least complex input bit: iv_001 (7.471397238388986 × 10^350)  
Most complex input bit: iv_012 (9.910308884863146 × 10^352)

Least complex output bit: aaa_76_29 (1.627537112514828 × 10^329)  
Most complex output bit: ov_001 (9.323669609988158 × 10^352)

Least complex input/output complexity: iv_001/aaa_76_29 (1.9816672567221065 × 10^326)  
Most complex input/output complexity: iv_012/ov_001 (1.5058165704077131 × 10^352)

## Input Bits

### Input Bits in Regular Order

| Input Bit | Complexity | Occurrences | Output Occurrences |
|:---------:|:----------:|:-----------:|:------------------:|
| iv_001 | 7.471397238388986 × 10^350 | 4572 | 75 |
| iv_002 | 3.206479110708362 × 10^351 | 4622 | 85 |
| iv_003 | 9.149963413874525 × 10^351 | 4671 | 87 |
| iv_004 | 1.9795356771399464 × 10^352 | 4564 | 78 |
| iv_005 | 3.16275203936823 × 10^352 | 4616 | 73 |
| iv_006 | 4.361843066489073 × 10^352 | 4399 | 80 |
| iv_007 | 5.62806289899429 × 10^352 | 4328 | 70 |
| iv_008 | 7.0724310265813425 × 10^352 | 4523 | 81 |
| iv_009 | 8.77651391722141 × 10^352 | 4677 | 74 |
| iv_010 | 9.243553951125858 × 10^352 | 4484 | 83 |
| iv_011 | 9.808877473782616 × 10^352 | 4648 | 63 |
| iv_012 | 9.910308884863146 × 10^352 | 4937 | 83 |
| iv_013 | 1.0811439770760437 × 10^351 | 4711 | 82 |

### Input Bits Sorted by Complexity

| Input Bit | Complexity | Occurrences | Output Occurrences |
|:---------:|:----------:|:-----------:|:------------------:|
| iv_001 | 7.471397238388986 × 10^350 | 4572 | 75 |
| iv_013 | 1.0811439770760437 × 10^351 | 4711 | 82 |
| iv_002 | 3.206479110708362 × 10^351 | 4622 | 85 |
| iv_003 | 9.149963413874525 × 10^351 | 4671 | 87 |
| iv_004 | 1.9795356771399464 × 10^352 | 4564 | 78 |
| iv_005 | 3.16275203936823 × 10^352 | 4616 | 73 |
| iv_006 | 4.361843066489073 × 10^352 | 4399 | 80 |
| iv_007 | 5.62806289899429 × 10^352 | 4328 | 70 |
| iv_008 | 7.0724310265813425 × 10^352 | 4523 | 81 |
| iv_009 | 8.77651391722141 × 10^352 | 4677 | 74 |
| iv_010 | 9.243553951125858 × 10^352 | 4484 | 83 |
| iv_011 | 9.808877473782616 × 10^352 | 4648 | 63 |
| iv_012 | 9.910308884863146 × 10^352 | 4937 | 83 |

### Input Bits Sorted by Occurrences

| Input Bit | Complexity | Occurrences | Output Occurrences |
|:---------:|:----------:|:-----------:|:------------------:|
| iv_007 | 5.62806289899429 × 10^352 | 4328 | 70 |
| iv_006 | 4.361843066489073 × 10^352 | 4399 | 80 |
| iv_010 | 9.243553951125858 × 10^352 | 4484 | 83 |
| iv_008 | 7.0724310265813425 × 10^352 | 4523 | 81 |
| iv_004 | 1.9795356771399464 × 10^352 | 4564 | 78 |
| iv_001 | 7.471397238388986 × 10^350 | 4572 | 75 |
| iv_005 | 3.16275203936823 × 10^352 | 4616 | 73 |
| iv_002 | 3.206479110708362 × 10^351 | 4622 | 85 |
| iv_011 | 9.808877473782616 × 10^352 | 4648 | 63 |
| iv_003 | 9.149963413874525 × 10^351 | 4671 | 87 |
| iv_009 | 8.77651391722141 × 10^352 | 4677 | 74 |
| iv_013 | 1.0811439770760437 × 10^351 | 4711 | 82 |
| iv_012 | 9.910308884863146 × 10^352 | 4937 | 83 |

### Input Bits Sorted by Output Occurrences

| Input Bit | Complexity | Occurrences | Output Occurrences |
|:---------:|:----------:|:-----------:|:------------------:|
| iv_011 | 9.808877473782616 × 10^352 | 4648 | 63 |
| iv_007 | 5.62806289899429 × 10^352 | 4328 | 70 |
| iv_005 | 3.16275203936823 × 10^352 | 4616 | 73 |
| iv_009 | 8.77651391722141 × 10^352 | 4677 | 74 |
| iv_001 | 7.471397238388986 × 10^350 | 4572 | 75 |
| iv_004 | 1.9795356771399464 × 10^352 | 4564 | 78 |
| iv_006 | 4.361843066489073 × 10^352 | 4399 | 80 |
| iv_008 | 7.0724310265813425 × 10^352 | 4523 | 81 |
| iv_013 | 1.0811439770760437 × 10^351 | 4711 | 82 |
| iv_010 | 9.243553951125858 × 10^352 | 4484 | 83 |
| iv_012 | 9.910308884863146 × 10^352 | 4937 | 83 |
| iv_002 | 3.206479110708362 × 10^351 | 4622 | 85 |
| iv_003 | 9.149963413874525 × 10^351 | 4671 | 87 |

## Input Bit Co-occurrences

### Input Bit Co-occurrences Sorted by Co-occurrences

| Input Bits | Co-occurrences | Potential Occurrences | Output Co-occurrences | Potential Output Occurrences |
|:----------:|:--------------:|:---------------------:|:---------------------:|:----------------------------:|
| iv_011-iv_012 | 2451 | 4683 | 32 | 82 |
| iv_003-iv_013 | 2438 | 4506 | 43 | 83 |
| iv_004-iv_005 | 2369 | 4442 | 42 | 67 |
| iv_012-iv_013 | 2348 | 4952 | 48 | 69 |
| iv_008-iv_009 | 2341 | 4518 | 34 | 87 |
| iv_002-iv_003 | 2316 | 4661 | 43 | 86 |
| iv_002-iv_013 | 2277 | 4779 | 45 | 77 |
| iv_003-iv_012 | 2276 | 5056 | 46 | 78 |
| iv_001-iv_012 | 2253 | 5003 | 42 | 74 |
| iv_005-iv_012 | 2248 | 5057 | 45 | 66 |
| iv_008-iv_013 | 2247 | 4740 | 45 | 73 |
| iv_002-iv_012 | 2242 | 5075 | 48 | 72 |
| iv_001-iv_006 | 2239 | 4493 | 39 | 77 |

### Input Bit Co-occurrences Sorted by Potential Occurrences

| Input Bits | Co-occurrences | Potential Occurrences | Output Co-occurrences | Potential Output Occurrences |
|:----------:|:--------------:|:---------------------:|:---------------------:|:----------------------------:|
| iv_004-iv_005 | 2369 | 4442 | 42 | 67 |
| iv_001-iv_006 | 2239 | 4493 | 39 | 77 |
| iv_003-iv_013 | 2438 | 4506 | 43 | 83 |
| iv_008-iv_009 | 2341 | 4518 | 34 | 87 |
| iv_002-iv_007 | 2202 | 4546 | 43 | 69 |
| iv_002-iv_003 | 2316 | 4661 | 43 | 86 |
| iv_002-iv_006 | 2178 | 4665 | 42 | 81 |
| iv_011-iv_012 | 2451 | 4683 | 32 | 82 |
| iv_005-iv_010 | 2199 | 4702 | 34 | 88 |
| iv_004-iv_006 | 2129 | 4705 | 41 | 76 |
| iv_001-iv_007 | 2086 | 4728 | 34 | 77 |
| iv_008-iv_013 | 2247 | 4740 | 45 | 73 |
| iv_006-iv_011 | 2149 | 4749 | 31 | 81 |

### Input Bit Output Co-occurrences Sorted by Output Co-occurrences

| Input Bits | Co-occurrences | Potential Occurrences | Output Co-occurrences | Potential Output Occurrences |
|:----------:|:--------------:|:---------------------:|:---------------------:|:----------------------------:|
| iv_012-iv_013 | 2348 | 4952 | 48 | 69 |
| iv_002-iv_012 | 2242 | 5075 | 48 | 72 |
| iv_008-iv_010 | 2067 | 4873 | 46 | 72 |
| iv_003-iv_012 | 2276 | 5056 | 46 | 78 |
| iv_008-iv_012 | 2139 | 5182 | 46 | 72 |
| iv_002-iv_010 | 2116 | 4874 | 46 | 76 |
| iv_008-iv_013 | 2247 | 4740 | 45 | 73 |
| iv_005-iv_012 | 2248 | 5057 | 45 | 66 |
| iv_002-iv_013 | 2277 | 4779 | 45 | 77 |
| iv_010-iv_013 | 2084 | 5027 | 44 | 77 |
| iv_001-iv_003 | 2229 | 4785 | 44 | 74 |
| iv_001-iv_010 | 2110 | 4836 | 44 | 70 |
| iv_002-iv_008 | 2163 | 4819 | 44 | 78 |

### Input Bit Output Co-occurrences Sorted by Potential Output Occurrences

| Input Bits | Co-occurrences | Potential Occurrences | Output Co-occurrences | Potential Output Occurrences |
|:----------:|:--------------:|:---------------------:|:---------------------:|:----------------------------:|
| iv_005-iv_012 | 2248 | 5057 | 45 | 66 |
| iv_004-iv_005 | 2369 | 4442 | 42 | 67 |
| iv_005-iv_009 | 2173 | 4947 | 40 | 67 |
| iv_002-iv_007 | 2202 | 4546 | 43 | 69 |
| iv_012-iv_013 | 2348 | 4952 | 48 | 69 |
| iv_001-iv_010 | 2110 | 4836 | 44 | 70 |
| iv_002-iv_011 | 2127 | 5016 | 39 | 70 |
| iv_008-iv_010 | 2067 | 4873 | 46 | 72 |
| iv_008-iv_012 | 2139 | 5182 | 46 | 72 |
| iv_002-iv_012 | 2242 | 5075 | 48 | 72 |
| iv_008-iv_013 | 2247 | 4740 | 45 | 73 |
| iv_009-iv_010 | 2178 | 4805 | 42 | 73 |
| iv_006-iv_009 | 2125 | 4826 | 40 | 74 |

## Output Bits

### Output Bits in Regular Order

| Rank | Output Bit | Complexity |
|:----:|:----------:|:----------:|
| 1 | ov_001 | 9.323669609988158 × 10^352 |
| 2 | ov_002 | 8.166855788421395 × 10^352 |
| 3 | ov_003 | 7.124094954074051 × 10^352 |
| 4 | ov_004 | 6.185368511344885 × 10^352 |
| 5 | ov_005 | 5.341227002581099 × 10^352 |
| 6 | ov_006 | 4.582749759194633 × 10^352 |
| 7 | ov_007 | 3.901509052519739 × 10^352 |
| 8 | ov_008 | 3.293410044764148 × 10^352 |
| 9 | ov_009 | 2.7545811708439362 × 10^352 |
| 10 | ov_010 | 2.281361290967443 × 10^352 |
| 11 | ov_011 | 1.870288663147963 × 10^352 |
| 12 | ov_012 | 1.5180916064854136 × 10^352 |
| 13 | ov_013 | 1.2187670339905373 × 10^352 |
| 14 | ov_014 | 9.666581249234323 × 10^351 |
| 15 | ov_015 | 7.564447634960081 × 10^351 |
| 16 | ov_016 | 5.831358783874009 × 10^351 |
| 17 | ov_017 | 4.42063407578983 × 10^351 |
| 18 | ov_018 | 3.288776356353429 × 10^351 |
| 19 | ov_019 | 2.3954367284732626 × 10^351 |
| 20 | ov_020 | 1.7033886769392012 × 10^351 |
| 21 | ov_021 | 1.1785096594020685 × 10^351 |
| 22 | ov_022 | 7.897685142523702 × 10^350 |
| 23 | ov_023 | 5.092172525080568 × 10^350 |
| 24 | ov_024 | 3.119860169235705 × 10^350 |
| 25 | ov_025 | 1.7628020738623035 × 10^350 |
| 26 | ov_026 | 9.197108628267876 × 10^349 |
| 27 | ov_027 | 4.341088773527008 × 10^349 |
| 28 | ov_028 | 1.8024642491634768 × 10^349 |
| 29 | ov_029 | 6.310088667909429 × 10^348 |
| 30 | ov_030 | 1.7352424369589393 × 10^348 |
| 31 | ov_031 | 3.3918017626568125 × 10^347 |
| 32 | lv_80_m31 | 6.629631678599297 × 10^346 |
| 33 | ov_033 | 8.290864743904937 × 10^347 |
| 34 | ov_034 | 7.266796856475139 × 10^347 |
| 35 | ov_035 | 6.346866761086832 × 10^347 |
| 36 | ov_036 | 5.521445814301038 × 10^347 |
| 37 | ov_037 | 4.7814967254809464 × 10^347 |
| 38 | ov_038 | 4.1185335567903935 × 10^347 |
| 39 | ov_039 | 3.5245852823920373 × 10^347 |
| 40 | ov_040 | 2.992162712559716 × 10^347 |
| 41 | ov_041 | 2.5176377813519417 × 10^347 |
| 42 | ov_042 | 2.0976013043051753 × 10^347 |
| 43 | ov_043 | 1.7288502583519517 × 10^347 |
| 44 | ov_044 | 1.4083764328718276 × 10^347 |
| 45 | ov_045 | 1.1333563688417784 × 10^347 |
| 46 | ov_046 | 9.011425047318689 × 10^346 |
| 47 | ov_047 | 7.069375480076376 × 10^346 |
| 48 | ov_048 | 5.462614764299661 × 10^346 |
| 49 | ov_049 | 4.1494100885390106 × 10^346 |
| 50 | ov_050 | 3.0910078181167956 × 10^346 |
| 51 | ov_051 | 2.2515607735770247 × 10^346 |
| 52 | ov_052 | 1.5980694806824636 × 10^346 |
| 53 | ov_053 | 1.1003358534675001 × 10^346 |
| 54 | ov_054 | 7.309277733574316 × 10^345 |
| 55 | ov_055 | 4.651530281748663 × 10^345 |
| 56 | ov_056 | 2.8104107525515377 × 10^345 |
| 57 | ov_057 | 1.593310930766492 × 10^345 |
| 58 | ov_058 | 8.346479864792265 × 10^344 |
| 59 | ov_059 | 3.9582583187581616 × 10^344 |
| 60 | ov_060 | 1.6521713932650806 × 10^344 |
| 61 | ov_061 | 5.815644864832957 × 10^343 |
| 62 | ov_062 | 1.6080468037540512 × 10^343 |
| 63 | ov_063 | 3.16142489138988 × 10^342 |
| 64 | lv_79_m31 | 6.214779444388614 × 10^341 |
| 65 | ov_065 | 8.520434435276883 × 10^342 |
| 66 | ov_066 | 8.520175628420575 × 10^342 |
| 67 | ov_067 | 8.520092552122996 × 10^342 |
| 68 | ov_068 | 7.662487528635146 × 10^342 |
| 69 | ov_069 | 6.869163237570215 × 10^342 |
| 70 | ov_070 | 6.136447230886664 × 10^342 |
| 71 | ov_071 | 5.460934120016674 × 10^342 |
| 72 | ov_072 | 4.839456174865085 × 10^342 |
| 73 | ov_073 | 4.269055535034817 × 10^342 |
| 74 | ov_074 | 3.7469579434968886 × 10^342 |
| 75 | ov_075 | 3.270547917242482 × 10^342 |
| 76 | ov_076 | 2.8373455732169864 × 10^342 |
| 77 | ov_077 | 2.444985612640343 × 10^342 |
| 78 | ov_078 | 2.0911986330679262 × 10^342 |
| 79 | ov_079 | 1.7737946225264065 × 10^342 |
| 80 | ov_080 | 1.4906484932270347 × 10^342 |
| 81 | ov_081 | 1.2396875148167736 × 10^342 |
| 82 | ov_082 | 1.0188805089881309 × 10^342 |
| 83 | ov_083 | 8.262286686385269 × 10^341 |
| 84 | ov_084 | 6.597578657475353 × 10^341 |
| 85 | ov_085 | 5.175123128116574 × 10^341 |
| 86 | ov_086 | 3.975494431166344 × 10^341 |
| 87 | ov_087 | 2.979358754002595 × 10^341 |
| 88 | ov_088 | 2.167443286184642 × 10^341 |
| 89 | ov_089 | 1.5205135261311466 × 10^341 |
| 90 | ov_090 | 1.0193574051791207 × 10^341 |
| 91 | ov_091 | 6.447748875361816 × 10^340 |
| 92 | ov_092 | 3.775717159849293 × 10^340 |
| 93 | ov_093 | 1.9855603972524436 × 10^340 |
| 94 | ov_094 | 8.853683298027587 × 10^339 |
| 95 | aaa_78_28 | 2.832328669023843 × 10^339 |
| 96 | aaa_78_29 | 1.064945992088386 × 10^339 |
| 97 | ov_097 | 1.0321122507653461 × 10^339 |
| 98 | ov_098 | 1.0321093116341467 × 10^339 |
| 99 | ov_099 | 1.0321085987536039 × 10^339 |
| 100 | ov_100 | 9.045721561067837 × 10^338 |
| 101 | ov_101 | 7.897489580884418 × 10^338 |
| 102 | ov_102 | 6.865320573284887 × 10^338 |
| 103 | ov_103 | 5.938777962128677 × 10^338 |
| 104 | ov_104 | 5.108014986245403 × 10^338 |
| 105 | ov_105 | 4.3637362646564625 × 10^338 |
| 106 | ov_106 | 3.6971636345188064 × 10^338 |
| 107 | ov_107 | 3.104033305644279 × 10^338 |
| 108 | ov_108 | 2.580317920413469 × 10^338 |
| 109 | ov_109 | 2.1222141634957302 × 10^338 |
| 110 | ov_110 | 1.7261319958176238 × 10^338 |
| 111 | ov_111 | 1.3886853854406192 × 10^338 |
| 112 | ov_112 | 1.1036839883194685 × 10^338 |
| 113 | ov_113 | 8.653109732208317 × 10^337 |
| 114 | ov_114 | 6.681131549571208 × 10^337 |
| 115 | ov_115 | 5.0699314672109434 × 10^337 |
| 116 | ov_116 | 3.7720328546761666 × 10^337 |
| 117 | ov_117 | 2.743410492611447 × 10^337 |
| 118 | ov_118 | 1.9434569346298 × 10^337 |
| 119 | ov_119 | 1.3349586116113952 × 10^337 |
| 120 | ov_120 | 8.840795172989198 × 10^336 |
| 121 | ov_121 | 5.603505986562225 × 10^336 |
| 122 | ov_122 | 3.366632589266188 × 10^336 |
| 123 | ov_123 | 1.892656657376736 × 10^336 |
| 124 | ov_124 | 9.776083980650655 × 10^335 |
| 125 | ov_125 | 4.5105774861084056 × 10^335 |
| 126 | ov_126 | 1.7611089437769742 × 10^335 |
| 127 | aaa_77_28 | 4.9409143852889344 × 10^334 |
| 128 | aaa_77_29 | 1.5056549683219986 × 10^334 |
| 129 | ov_129 | 9.165052334545637 × 10^333 |
| 130 | ov_130 | 9.165020482990017 × 10^333 |
| 131 | ov_131 | 9.16501273206898 × 10^333 |
| 132 | ov_132 | 8.036366029181336 × 10^333 |
| 133 | ov_133 | 7.028651498422502 × 10^333 |
| 134 | ov_134 | 6.130095326230023 × 10^333 |
| 135 | ov_135 | 5.3296057555969 × 10^333 |
| 136 | ov_136 | 4.6167252127503035 × 10^333 |
| 137 | ov_137 | 3.981587510976604 × 10^333 |
| 138 | ov_138 | 3.414879795951717 × 10^333 |
| 139 | ov_139 | 2.9078089148089245 × 10^333 |
| 140 | ov_140 | 2.456104279438743 × 10^333 |
| 141 | ov_141 | 2.0557335186890927 × 10^333 |
| 142 | ov_142 | 1.7028905691171406 × 10^333 |
| 143 | ov_143 | 1.3939854860435312 × 10^333 |
| 144 | ov_144 | 1.1256358524902187 × 10^333 |
| 145 | ov_145 | 8.946596711770436 × 10^332 |
| 146 | ov_146 | 6.980696091318735 × 10^332 |
| 147 | ov_147 | 5.330684275023946 × 10^332 |
| 148 | ov_148 | 3.970454189463825 × 10^332 |
| 149 | ov_149 | 2.875736896918282 × 10^332 |
| 150 | ov_150 | 2.0240813804813184 × 10^332 |
| 151 | ov_151 | 1.375985465884521 × 10^332 |
| 152 | ov_152 | 8.955266106460303 × 10^331 |
| 153 | ov_153 | 5.503509122080727 × 10^331 |
| 154 | ov_154 | 3.116663724967019 × 10^331 |
| 155 | ov_155 | 1.5423906096764012 × 10^331 |
| 156 | aaa_76_25 | 5.6391163181744245 × 10^330 |
| 157 | aaa_76_26 | 2.950226815863607 × 10^330 |
| 158 | aaa_76_27 | 1.3626523292314334 × 10^330 |
| 159 | aaa_76_28 | 5.327201078427556 × 10^329 |
| 160 | aaa_76_29 | 1.627537112514828 × 10^329 |

### Output Bits Sorted by Complexity

| Rank | Output Bit | Complexity |
|:----:|:----------:|:----------:|
| 160 | aaa_76_29 | 1.627537112514828 × 10^329 |
| 159 | aaa_76_28 | 5.327201078427556 × 10^329 |
| 158 | aaa_76_27 | 1.3626523292314334 × 10^330 |
| 157 | aaa_76_26 | 2.950226815863607 × 10^330 |
| 156 | aaa_76_25 | 5.6391163181744245 × 10^330 |
| 155 | ov_155 | 1.5423906096764012 × 10^331 |
| 154 | ov_154 | 3.116663724967019 × 10^331 |
| 153 | ov_153 | 5.503509122080727 × 10^331 |
| 152 | ov_152 | 8.955266106460303 × 10^331 |
| 151 | ov_151 | 1.375985465884521 × 10^332 |
| 150 | ov_150 | 2.0240813804813184 × 10^332 |
| 149 | ov_149 | 2.875736896918282 × 10^332 |
| 148 | ov_148 | 3.970454189463825 × 10^332 |
| 147 | ov_147 | 5.330684275023946 × 10^332 |
| 146 | ov_146 | 6.980696091318735 × 10^332 |
| 145 | ov_145 | 8.946596711770436 × 10^332 |
| 144 | ov_144 | 1.1256358524902187 × 10^333 |
| 143 | ov_143 | 1.3939854860435312 × 10^333 |
| 142 | ov_142 | 1.7028905691171406 × 10^333 |
| 141 | ov_141 | 2.0557335186890927 × 10^333 |
| 140 | ov_140 | 2.456104279438743 × 10^333 |
| 139 | ov_139 | 2.9078089148089245 × 10^333 |
| 138 | ov_138 | 3.414879795951717 × 10^333 |
| 137 | ov_137 | 3.981587510976604 × 10^333 |
| 136 | ov_136 | 4.6167252127503035 × 10^333 |
| 135 | ov_135 | 5.3296057555969 × 10^333 |
| 134 | ov_134 | 6.130095326230023 × 10^333 |
| 133 | ov_133 | 7.028651498422502 × 10^333 |
| 132 | ov_132 | 8.036366029181336 × 10^333 |
| 131 | ov_131 | 9.16501273206898 × 10^333 |
| 130 | ov_130 | 9.165020482990017 × 10^333 |
| 129 | ov_129 | 9.165052334545637 × 10^333 |
| 128 | aaa_77_29 | 1.5056549683219986 × 10^334 |
| 127 | aaa_77_28 | 4.9409143852889344 × 10^334 |
| 126 | ov_126 | 1.7611089437769742 × 10^335 |
| 125 | ov_125 | 4.5105774861084056 × 10^335 |
| 124 | ov_124 | 9.776083980650655 × 10^335 |
| 123 | ov_123 | 1.892656657376736 × 10^336 |
| 122 | ov_122 | 3.366632589266188 × 10^336 |
| 121 | ov_121 | 5.603505986562225 × 10^336 |
| 120 | ov_120 | 8.840795172989198 × 10^336 |
| 119 | ov_119 | 1.3349586116113952 × 10^337 |
| 118 | ov_118 | 1.9434569346298 × 10^337 |
| 117 | ov_117 | 2.743410492611447 × 10^337 |
| 116 | ov_116 | 3.7720328546761666 × 10^337 |
| 115 | ov_115 | 5.0699314672109434 × 10^337 |
| 114 | ov_114 | 6.681131549571208 × 10^337 |
| 113 | ov_113 | 8.653109732208317 × 10^337 |
| 112 | ov_112 | 1.1036839883194685 × 10^338 |
| 111 | ov_111 | 1.3886853854406192 × 10^338 |
| 110 | ov_110 | 1.7261319958176238 × 10^338 |
| 109 | ov_109 | 2.1222141634957302 × 10^338 |
| 108 | ov_108 | 2.580317920413469 × 10^338 |
| 107 | ov_107 | 3.104033305644279 × 10^338 |
| 106 | ov_106 | 3.6971636345188064 × 10^338 |
| 105 | ov_105 | 4.3637362646564625 × 10^338 |
| 104 | ov_104 | 5.108014986245403 × 10^338 |
| 103 | ov_103 | 5.938777962128677 × 10^338 |
| 102 | ov_102 | 6.865320573284887 × 10^338 |
| 101 | ov_101 | 7.897489580884418 × 10^338 |
| 100 | ov_100 | 9.045721561067837 × 10^338 |
| 99 | ov_099 | 1.0321085987536039 × 10^339 |
| 98 | ov_098 | 1.0321093116341467 × 10^339 |
| 97 | ov_097 | 1.0321122507653461 × 10^339 |
| 96 | aaa_78_29 | 1.064945992088386 × 10^339 |
| 95 | aaa_78_28 | 2.832328669023843 × 10^339 |
| 94 | ov_094 | 8.853683298027587 × 10^339 |
| 93 | ov_093 | 1.9855603972524436 × 10^340 |
| 92 | ov_092 | 3.775717159849293 × 10^340 |
| 91 | ov_091 | 6.447748875361816 × 10^340 |
| 90 | ov_090 | 1.0193574051791207 × 10^341 |
| 89 | ov_089 | 1.5205135261311466 × 10^341 |
| 88 | ov_088 | 2.167443286184642 × 10^341 |
| 87 | ov_087 | 2.979358754002595 × 10^341 |
| 86 | ov_086 | 3.975494431166344 × 10^341 |
| 85 | ov_085 | 5.175123128116574 × 10^341 |
| 64 | lv_79_m31 | 6.214779444388614 × 10^341 |
| 84 | ov_084 | 6.597578657475353 × 10^341 |
| 83 | ov_083 | 8.262286686385269 × 10^341 |
| 82 | ov_082 | 1.0188805089881309 × 10^342 |
| 81 | ov_081 | 1.2396875148167736 × 10^342 |
| 80 | ov_080 | 1.4906484932270347 × 10^342 |
| 79 | ov_079 | 1.7737946225264065 × 10^342 |
| 78 | ov_078 | 2.0911986330679262 × 10^342 |
| 77 | ov_077 | 2.444985612640343 × 10^342 |
| 76 | ov_076 | 2.8373455732169864 × 10^342 |
| 63 | ov_063 | 3.16142489138988 × 10^342 |
| 75 | ov_075 | 3.270547917242482 × 10^342 |
| 74 | ov_074 | 3.7469579434968886 × 10^342 |
| 73 | ov_073 | 4.269055535034817 × 10^342 |
| 72 | ov_072 | 4.839456174865085 × 10^342 |
| 71 | ov_071 | 5.460934120016674 × 10^342 |
| 70 | ov_070 | 6.136447230886664 × 10^342 |
| 69 | ov_069 | 6.869163237570215 × 10^342 |
| 68 | ov_068 | 7.662487528635146 × 10^342 |
| 67 | ov_067 | 8.520092552122996 × 10^342 |
| 66 | ov_066 | 8.520175628420575 × 10^342 |
| 65 | ov_065 | 8.520434435276883 × 10^342 |
| 62 | ov_062 | 1.6080468037540512 × 10^343 |
| 61 | ov_061 | 5.815644864832957 × 10^343 |
| 60 | ov_060 | 1.6521713932650806 × 10^344 |
| 59 | ov_059 | 3.9582583187581616 × 10^344 |
| 58 | ov_058 | 8.346479864792265 × 10^344 |
| 57 | ov_057 | 1.593310930766492 × 10^345 |
| 56 | ov_056 | 2.8104107525515377 × 10^345 |
| 55 | ov_055 | 4.651530281748663 × 10^345 |
| 54 | ov_054 | 7.309277733574316 × 10^345 |
| 53 | ov_053 | 1.1003358534675001 × 10^346 |
| 52 | ov_052 | 1.5980694806824636 × 10^346 |
| 51 | ov_051 | 2.2515607735770247 × 10^346 |
| 50 | ov_050 | 3.0910078181167956 × 10^346 |
| 49 | ov_049 | 4.1494100885390106 × 10^346 |
| 48 | ov_048 | 5.462614764299661 × 10^346 |
| 32 | lv_80_m31 | 6.629631678599297 × 10^346 |
| 47 | ov_047 | 7.069375480076376 × 10^346 |
| 46 | ov_046 | 9.011425047318689 × 10^346 |
| 45 | ov_045 | 1.1333563688417784 × 10^347 |
| 44 | ov_044 | 1.4083764328718276 × 10^347 |
| 43 | ov_043 | 1.7288502583519517 × 10^347 |
| 42 | ov_042 | 2.0976013043051753 × 10^347 |
| 41 | ov_041 | 2.5176377813519417 × 10^347 |
| 40 | ov_040 | 2.992162712559716 × 10^347 |
| 31 | ov_031 | 3.3918017626568125 × 10^347 |
| 39 | ov_039 | 3.5245852823920373 × 10^347 |
| 38 | ov_038 | 4.1185335567903935 × 10^347 |
| 37 | ov_037 | 4.7814967254809464 × 10^347 |
| 36 | ov_036 | 5.521445814301038 × 10^347 |
| 35 | ov_035 | 6.346866761086832 × 10^347 |
| 34 | ov_034 | 7.266796856475139 × 10^347 |
| 33 | ov_033 | 8.290864743904937 × 10^347 |
| 30 | ov_030 | 1.7352424369589393 × 10^348 |
| 29 | ov_029 | 6.310088667909429 × 10^348 |
| 28 | ov_028 | 1.8024642491634768 × 10^349 |
| 27 | ov_027 | 4.341088773527008 × 10^349 |
| 26 | ov_026 | 9.197108628267876 × 10^349 |
| 25 | ov_025 | 1.7628020738623035 × 10^350 |
| 24 | ov_024 | 3.119860169235705 × 10^350 |
| 23 | ov_023 | 5.092172525080568 × 10^350 |
| 22 | ov_022 | 7.897685142523702 × 10^350 |
| 21 | ov_021 | 1.1785096594020685 × 10^351 |
| 20 | ov_020 | 1.7033886769392012 × 10^351 |
| 19 | ov_019 | 2.3954367284732626 × 10^351 |
| 18 | ov_018 | 3.288776356353429 × 10^351 |
| 17 | ov_017 | 4.42063407578983 × 10^351 |
| 16 | ov_016 | 5.831358783874009 × 10^351 |
| 15 | ov_015 | 7.564447634960081 × 10^351 |
| 14 | ov_014 | 9.666581249234323 × 10^351 |
| 13 | ov_013 | 1.2187670339905373 × 10^352 |
| 12 | ov_012 | 1.5180916064854136 × 10^352 |
| 11 | ov_011 | 1.870288663147963 × 10^352 |
| 10 | ov_010 | 2.281361290967443 × 10^352 |
| 9 | ov_009 | 2.7545811708439362 × 10^352 |
| 8 | ov_008 | 3.293410044764148 × 10^352 |
| 7 | ov_007 | 3.901509052519739 × 10^352 |
| 6 | ov_006 | 4.582749759194633 × 10^352 |
| 5 | ov_005 | 5.341227002581099 × 10^352 |
| 4 | ov_004 | 6.185368511344885 × 10^352 |
| 3 | ov_003 | 7.124094954074051 × 10^352 |
| 2 | ov_002 | 8.166855788421395 × 10^352 |
| 1 | ov_001 | 9.323669609988158 × 10^352 |

