# Results for F001-F002-F003-F004-F005-F006-F007-F008-F009-F010-F011-F012-F013-F014-F015-F016-F017-F018-F019-F020-F021-F022-F023-F024-F025-F026-F027-F028-F029-F030-F031-F032-F033-F034-F035-F036-F037-F038-F039-F040-F041-F042-F043-F044-F045-F046-F047-F048-F049-F050-F051-F052-F053-F054-F055-F056-F057-F058-F059-F060-F061-F062-F063-F064-F065-F066-F067-F068-F069-F070-F071-F072-F073-F074-F075-F076-F077-F078-F079-F080-F081-F082-F083-F084-F085-F086-F087-F088-F089-F090-F091-F092-F093-F094-F095-F096-F097-F098-F099-F100-F101-F102-F103-F104-F105-F106-F107-F108-F109-F110-F111-F112-F113-F114-F115-F116-F117-F118-F119-F120-F121-F122-F123-F124-F125-F126-F127-F128-F129-F130-F131-F132-F133-F134-F135-F136-F137-F138-F139-F140-F141-F142-F143-F144-F145-F146-F147-F148-F149-F150-F151-F152-F153-F154-F155-F156-F157-F158-F159-F160-F161-F162-F163-F164-F165-F166-F167-F168-F169-F170-F171-F172-F173-F174-F175-F176-F177-F178-F179-F180-F181-F182-F183-F184-F185-F186-F187-F188-F189-F190-F191-F192-F193-F194-F195-F196-F197-F198-F199-F200-F201-F202-F203-F204-F205-F206-F207-F208-F209-F210-F211-F212-F213-F214-F215-F216-F217-F218-F219-F220-F221-F222-F223-F224-F225-F226-F227-F228-F229-F230-F231-F232-F233-F234-F235-F236-F237-F238-F239-F240-F241-F242-F243-F244-F245-F246-F247-F248-F249-F250-F251-F252-F253-F254-F255-F256-F257-F258-F259-F260-F261-F262-F263-F264-F265-F266-F267-F268-F269-F270-F271-F272-F273-F274-F275-F276-F277-F278-F279-F280-F281-F282-F283-F284-F285-F286-F287-F288-F289-F290-F291-F292-F293-F294-F295-F296-F297-F298-F299-F300-F301-F302-F303-F304-F305-F306-F307-F308-F309-F310-F311-F312-F313-F314-F315-F316-F317-F318-F319-F320-F321-F322-F323-F324-F325-F326-F327-F328-F329-F330-F331-F332-F333-F334-F335-F336-F337-F338-F339-F340-F341-F342-F343-F344-F345-F346-F347-F348-F349-F350-F351-F352-F353-F354-F355-F356-F357-F358-F359-F360-F361-F362-F363-F364-F365-F366-F367-F368-F369-F370-F371-F372-F373-F374-F375-F376-F377-F378-F379-F380-F381-F382-F383-F384-F385-F386-F387-F388-F389-F390-F391-F392-F393-F394-F395-F396-F397-F398-F399-F400-F401-F402-F403-F404-F405-F406-F407-F408-F409-F410-F411-F412-F413-F414-F415-F416-F417-F418-F419-F420-F421-F422-F423-F424-F425-F426-F427-F428-F429-F430-F431-F432-F433-F434-F435-F436-F437-F438-F439-F440-F441-F442-F443-F444-F445-F446-F447-F448-F449-F450-F451-F452-F453-F454-F455-F456-F457-F458-F459-F460-F461-F462-F463-F464-F465-F466-F467-F468-F469-F470-F471-F472-F473-F474-F475-F476-F477-F478-F479-F480-F481-F482-F483-F484-F485-F486-F487-F488-F489-F490-F491-F492-F493-F494-F495-F496-F497-F510-F512

## Summary

Number of input bits: 512  
Number of free input bits: 13  
Number of output bits: 160

Number of direct occurrences: 52845  
Number of assignments: 31512  
Number of operations: 11115412
(xor: 11086909,
and: 15065,
or: 13438)

Total complexity: 2.5915292942435368 × 10^300

Least occurring input variable: iv_502 (3891)  
Most occurring input variable: iv_511 (4264)

Most co-occurring input variables: iv_500-iv_511 (2078)  
Least co-occurring input variables: iv_498-iv_502 (1763)

Potentially most occurring input variable: iv_509/iv_511 (4525)  
Potentially least occurring input variable: iv_504/iv_505 (4017)

Least output occurring input variable: iv_503 (72)  
Most output occurring input variable: iv_498 (88)

Most output co-occurring input variables: iv_498-iv_509 (52)  
Least output co-occurring input variables: iv_505-iv_507 (31)

Potentially most output occurring input variable: iv_501/iv_502 (93)  
Potentially least output occurring input variable: iv_499/iv_505 (57)

Least complex input bit: iv_511 (3.3638990656514188 × 10^296)  
Most complex input bit: iv_505 (4.4622780021958775 × 10^299)

Least complex output bit: aaa_76_29 (4.666421627258392 × 10^275)  
Most complex output bit: ov_001 (4.05365989533977 × 10^299)

Least complex input/output complexity: iv_511/aaa_76_29 (6.057184607844505 × 10^271)  
Most complex input/output complexity: iv_505/ov_001 (6.979877641953614 × 10^298)

## Input Bits

### Input Bits in Regular Order

| Input Bit | Complexity | Occurrences | Output Occurrences |
|:---------:|:----------:|:-----------:|:------------------:|
| iv_498 | 9.484887420371333 × 10^297 | 3960 | 88 |
| iv_499 | 1.9380254301794657 × 10^298 | 3970 | 81 |
| iv_500 | 3.6089862132889915 × 10^298 | 4117 | 76 |
| iv_501 | 6.410655611578946 × 10^298 | 4056 | 79 |
| iv_502 | 1.0908604307194314 × 10^299 | 3891 | 82 |
| iv_503 | 1.7958849307112742 × 10^299 | 4053 | 72 |
| iv_504 | 2.868785792178061 × 10^299 | 3937 | 78 |
| iv_505 | 4.4622780021958775 × 10^299 | 4086 | 72 |
| iv_506 | 2.31412618076082 × 10^299 | 3969 | 82 |
| iv_507 | 3.3014391952980964 × 10^299 | 4181 | 76 |
| iv_508 | 4.364422783104559 × 10^299 | 4142 | 74 |
| iv_509 | 4.4235161286931524 × 10^299 | 4219 | 87 |
| iv_511 | 3.3638990656514188 × 10^296 | 4264 | 80 |

### Input Bits Sorted by Complexity

| Input Bit | Complexity | Occurrences | Output Occurrences |
|:---------:|:----------:|:-----------:|:------------------:|
| iv_511 | 3.3638990656514188 × 10^296 | 4264 | 80 |
| iv_498 | 9.484887420371333 × 10^297 | 3960 | 88 |
| iv_499 | 1.9380254301794657 × 10^298 | 3970 | 81 |
| iv_500 | 3.6089862132889915 × 10^298 | 4117 | 76 |
| iv_501 | 6.410655611578946 × 10^298 | 4056 | 79 |
| iv_502 | 1.0908604307194314 × 10^299 | 3891 | 82 |
| iv_503 | 1.7958849307112742 × 10^299 | 4053 | 72 |
| iv_506 | 2.31412618076082 × 10^299 | 3969 | 82 |
| iv_504 | 2.868785792178061 × 10^299 | 3937 | 78 |
| iv_507 | 3.3014391952980964 × 10^299 | 4181 | 76 |
| iv_508 | 4.364422783104559 × 10^299 | 4142 | 74 |
| iv_509 | 4.4235161286931524 × 10^299 | 4219 | 87 |
| iv_505 | 4.4622780021958775 × 10^299 | 4086 | 72 |

### Input Bits Sorted by Occurrences

| Input Bit | Complexity | Occurrences | Output Occurrences |
|:---------:|:----------:|:-----------:|:------------------:|
| iv_502 | 1.0908604307194314 × 10^299 | 3891 | 82 |
| iv_504 | 2.868785792178061 × 10^299 | 3937 | 78 |
| iv_498 | 9.484887420371333 × 10^297 | 3960 | 88 |
| iv_506 | 2.31412618076082 × 10^299 | 3969 | 82 |
| iv_499 | 1.9380254301794657 × 10^298 | 3970 | 81 |
| iv_503 | 1.7958849307112742 × 10^299 | 4053 | 72 |
| iv_501 | 6.410655611578946 × 10^298 | 4056 | 79 |
| iv_505 | 4.4622780021958775 × 10^299 | 4086 | 72 |
| iv_500 | 3.6089862132889915 × 10^298 | 4117 | 76 |
| iv_508 | 4.364422783104559 × 10^299 | 4142 | 74 |
| iv_507 | 3.3014391952980964 × 10^299 | 4181 | 76 |
| iv_509 | 4.4235161286931524 × 10^299 | 4219 | 87 |
| iv_511 | 3.3638990656514188 × 10^296 | 4264 | 80 |

### Input Bits Sorted by Output Occurrences

| Input Bit | Complexity | Occurrences | Output Occurrences |
|:---------:|:----------:|:-----------:|:------------------:|
| iv_503 | 1.7958849307112742 × 10^299 | 4053 | 72 |
| iv_505 | 4.4622780021958775 × 10^299 | 4086 | 72 |
| iv_508 | 4.364422783104559 × 10^299 | 4142 | 74 |
| iv_500 | 3.6089862132889915 × 10^298 | 4117 | 76 |
| iv_507 | 3.3014391952980964 × 10^299 | 4181 | 76 |
| iv_504 | 2.868785792178061 × 10^299 | 3937 | 78 |
| iv_501 | 6.410655611578946 × 10^298 | 4056 | 79 |
| iv_511 | 3.3638990656514188 × 10^296 | 4264 | 80 |
| iv_499 | 1.9380254301794657 × 10^298 | 3970 | 81 |
| iv_502 | 1.0908604307194314 × 10^299 | 3891 | 82 |
| iv_506 | 2.31412618076082 × 10^299 | 3969 | 82 |
| iv_509 | 4.4235161286931524 × 10^299 | 4219 | 87 |
| iv_498 | 9.484887420371333 × 10^297 | 3960 | 88 |

## Input Bit Co-occurrences

### Input Bit Co-occurrences Sorted by Co-occurrences

| Input Bits | Co-occurrences | Potential Occurrences | Output Co-occurrences | Potential Output Occurrences |
|:----------:|:--------------:|:---------------------:|:---------------------:|:----------------------------:|
| iv_500-iv_511 | 2078 | 4225 | 38 | 80 |
| iv_508-iv_509 | 2070 | 4221 | 40 | 81 |
| iv_507-iv_509 | 2063 | 4274 | 44 | 75 |
| iv_501-iv_511 | 2054 | 4212 | 41 | 77 |
| iv_505-iv_507 | 2051 | 4165 | 31 | 86 |
| iv_503-iv_511 | 2032 | 4253 | 35 | 82 |
| iv_507-iv_511 | 2014 | 4417 | 39 | 78 |
| iv_504-iv_505 | 2003 | 4017 | 39 | 72 |
| iv_505-iv_511 | 1997 | 4356 | 36 | 80 |
| iv_500-iv_503 | 1997 | 4176 | 35 | 78 |
| iv_506-iv_507 | 1995 | 4160 | 39 | 80 |
| iv_500-iv_507 | 1989 | 4320 | 35 | 82 |
| iv_505-iv_509 | 1983 | 4339 | 36 | 87 |

### Input Bit Co-occurrences Sorted by Potential Occurrences

| Input Bits | Co-occurrences | Potential Occurrences | Output Co-occurrences | Potential Output Occurrences |
|:----------:|:--------------:|:---------------------:|:---------------------:|:----------------------------:|
| iv_504-iv_505 | 2003 | 4017 | 39 | 72 |
| iv_502-iv_505 | 1921 | 4135 | 37 | 80 |
| iv_504-iv_506 | 1876 | 4154 | 42 | 76 |
| iv_506-iv_507 | 1995 | 4160 | 39 | 80 |
| iv_505-iv_507 | 2051 | 4165 | 31 | 86 |
| iv_499-iv_504 | 1867 | 4173 | 38 | 83 |
| iv_500-iv_503 | 1997 | 4176 | 35 | 78 |
| iv_498-iv_501 | 1918 | 4180 | 40 | 87 |
| iv_503-iv_506 | 1912 | 4198 | 39 | 76 |
| iv_499-iv_501 | 1913 | 4200 | 37 | 86 |
| iv_501-iv_503 | 1954 | 4201 | 44 | 63 |
| iv_499-iv_505 | 1926 | 4204 | 48 | 57 |
| iv_498-iv_504 | 1845 | 4207 | 46 | 74 |

### Input Bit Output Co-occurrences Sorted by Output Co-occurrences

| Input Bits | Co-occurrences | Potential Occurrences | Output Co-occurrences | Potential Output Occurrences |
|:----------:|:--------------:|:---------------------:|:---------------------:|:----------------------------:|
| iv_498-iv_509 | 1876 | 4427 | 52 | 71 |
| iv_498-iv_499 | 1830 | 4270 | 48 | 73 |
| iv_498-iv_505 | 1898 | 4250 | 48 | 64 |
| iv_499-iv_505 | 1926 | 4204 | 48 | 57 |
| iv_501-iv_509 | 1948 | 4379 | 47 | 72 |
| iv_498-iv_508 | 1873 | 4356 | 47 | 68 |
| iv_502-iv_509 | 1869 | 4372 | 46 | 77 |
| iv_498-iv_502 | 1763 | 4325 | 46 | 78 |
| iv_498-iv_504 | 1845 | 4207 | 46 | 74 |
| iv_502-iv_511 | 1921 | 4313 | 45 | 72 |
| iv_501-iv_503 | 1954 | 4201 | 44 | 63 |
| iv_503-iv_509 | 1918 | 4436 | 44 | 71 |
| iv_502-iv_506 | 1816 | 4228 | 44 | 76 |

### Input Bit Output Co-occurrences Sorted by Potential Output Occurrences

| Input Bits | Co-occurrences | Potential Occurrences | Output Co-occurrences | Potential Output Occurrences |
|:----------:|:--------------:|:---------------------:|:---------------------:|:----------------------------:|
| iv_499-iv_505 | 1926 | 4204 | 48 | 57 |
| iv_501-iv_503 | 1954 | 4201 | 44 | 63 |
| iv_498-iv_505 | 1898 | 4250 | 48 | 64 |
| iv_505-iv_508 | 1983 | 4262 | 40 | 66 |
| iv_498-iv_508 | 1873 | 4356 | 47 | 68 |
| iv_503-iv_509 | 1918 | 4436 | 44 | 71 |
| iv_498-iv_509 | 1876 | 4427 | 52 | 71 |
| iv_501-iv_509 | 1948 | 4379 | 47 | 72 |
| iv_504-iv_508 | 1912 | 4255 | 40 | 72 |
| iv_502-iv_511 | 1921 | 4313 | 45 | 72 |
| iv_504-iv_505 | 2003 | 4017 | 39 | 72 |
| iv_498-iv_499 | 1830 | 4270 | 48 | 73 |
| iv_499-iv_500 | 1896 | 4295 | 42 | 73 |

## Output Bits

### Output Bits in Regular Order

| Rank | Output Bit | Complexity |
|:----:|:----------:|:----------:|
| 1 | ov_001 | 4.05365989533977 × 10^299 |
| 2 | ov_002 | 3.527224576870744 × 10^299 |
| 3 | ov_003 | 3.054592532214376 × 10^299 |
| 4 | ov_004 | 2.631733451256659 × 10^299 |
| 5 | ov_005 | 2.254837265283362 × 10^299 |
| 6 | ov_006 | 1.9202985385749727 × 10^299 |
| 7 | ov_007 | 1.624702872089615 × 10^299 |
| 8 | ov_008 | 1.364815157923559 × 10^299 |
| 9 | ov_009 | 1.137569533713247 × 10^299 |
| 10 | ov_010 | 9.400608730636778 × 10^298 |
| 11 | ov_011 | 7.695376462880344 × 10^298 |
| 12 | ov_012 | 6.233959952814984 × 10^298 |
| 13 | ov_013 | 4.991748756909257 × 10^298 |
| 14 | ov_014 | 3.945521287248717 × 10^298 |
| 15 | ov_015 | 3.073413540118632 × 10^298 |
| 16 | ov_016 | 2.354894638890613 × 10^298 |
| 17 | ov_017 | 1.7707480841307287 × 10^298 |
| 18 | ov_018 | 1.3030576924900213 × 10^298 |
| 19 | ov_019 | 9.351972942770689 × 10^297 |
| 20 | ov_020 | 6.518233477542579 × 10^297 |
| 21 | ov_021 | 4.3886975234868776 × 10^297 |
| 22 | ov_022 | 2.835443031740125 × 10^297 |
| 23 | ov_023 | 1.7432634230958246 × 10^297 |
| 24 | ov_024 | 1.0096524785113837 × 10^297 |
| 25 | ov_025 | 5.447950695886566 × 10^296 |
| 26 | ov_026 | 2.7156193699583903 × 10^296 |
| 27 | ov_027 | 1.2550711051875615 × 10^296 |
| 28 | ov_028 | 5.486685576778975 × 10^295 |
| 29 | ov_029 | 2.0559335007410525 × 10^295 |
| 30 | ov_030 | 6.214085914268596 × 10^294 |
| 31 | ov_031 | 1.3753625471978913 × 10^294 |
| 32 | lv_80_m31 | 2.6814347255848683 × 10^293 |
| 33 | ov_033 | 3.220418298892545 × 10^294 |
| 34 | ov_034 | 2.7942357950705083 × 10^294 |
| 35 | ov_035 | 2.41261125320546 × 10^294 |
| 36 | ov_036 | 2.0720545538026702 × 10^294 |
| 37 | ov_037 | 1.7692658969181006 × 10^294 |
| 38 | ov_038 | 1.5011224243393873 × 10^294 |
| 39 | ov_039 | 1.2646666012088746 × 10^294 |
| 40 | ov_040 | 1.0570961900027907 × 10^294 |
| 41 | ov_041 | 8.75755659970714 × 10^293 |
| 42 | ov_042 | 7.181288848007283 × 10^293 |
| 43 | ov_043 | 5.829918157147531 × 10^293 |
| 44 | ov_044 | 4.680896997705433 × 10^293 |
| 45 | ov_045 | 3.712916740181982 × 10^293 |
| 46 | ov_046 | 2.905873218612747 × 10^293 |
| 47 | ov_047 | 2.2408391207167204 × 10^293 |
| 48 | ov_048 | 1.7000422333448241 × 10^293 |
| 49 | ov_049 | 1.2668486469644775 × 10^293 |
| 50 | ov_050 | 9.25750096506926 × 10^292 |
| 51 | ov_051 | 6.623546884157232 × 10^292 |
| 52 | ov_052 | 4.633803354329757 × 10^292 |
| 53 | ov_053 | 3.1665029176965527 × 10^292 |
| 54 | ov_054 | 2.1109025201205754 × 10^292 |
| 55 | ov_055 | 1.3672654756319847 × 10^292 |
| 56 | ov_056 | 8.468506068126508 × 10^291 |
| 57 | ov_057 | 5.0803519037241985 × 10^291 |
| 58 | ov_058 | 2.8405288639056998 × 10^291 |
| 59 | ov_059 | 1.4426664618465683 × 10^291 |
| 60 | ov_060 | 6.353111723406641 × 10^290 |
| 61 | ov_061 | 2.2192432583520225 × 10^290 |
| 62 | ov_062 | 6.088149930871189 × 10^289 |
| 63 | ov_063 | 1.1867186932056308 × 10^289 |
| 64 | lv_79_m31 | 2.3127199731360584 × 10^288 |
| 65 | ov_065 | 2.78111896715479 × 10^289 |
| 66 | ov_066 | 2.7811106901147294 × 10^289 |
| 67 | ov_067 | 2.781108664453135 × 10^289 |
| 68 | ov_068 | 2.411091931025862 × 10^289 |
| 69 | ov_069 | 2.0802752061687245 × 10^289 |
| 70 | ov_070 | 1.7855228662965286 × 10^289 |
| 71 | ov_071 | 1.5238921631118196 × 10^289 |
| 72 | ov_072 | 1.2926201655314074 × 10^289 |
| 73 | ov_073 | 1.08911185732191 × 10^289 |
| 74 | ov_074 | 9.109293289429094 × 10^288 |
| 75 | ov_075 | 7.557820045169756 × 10^288 |
| 76 | ov_076 | 6.215178468457783 × 10^288 |
| 77 | ov_077 | 5.061154850226528 × 10^288 |
| 78 | ov_078 | 4.076772105028081 × 10^288 |
| 79 | ov_079 | 3.2442278852796985 × 10^288 |
| 80 | ov_080 | 2.5468403260441904 × 10^288 |
| 81 | ov_081 | 1.969000903405466 × 10^288 |
| 82 | ov_082 | 1.4961338939732008 × 10^288 |
| 83 | ov_083 | 1.114661926242244 × 10^288 |
| 84 | ov_084 | 8.119771167279044 × 10^287 |
| 85 | ov_085 | 5.764172852489601 × 10^287 |
| 86 | ov_086 | 3.972467446529323 × 10^287 |
| 87 | ov_087 | 2.6464116084728204 × 10^287 |
| 88 | ov_088 | 1.6967597934188782 × 10^287 |
| 89 | ov_089 | 1.0431791470496373 × 10^287 |
| 90 | ov_090 | 6.141899944064594 × 10^286 |
| 91 | ov_091 | 3.4712688849253005 × 10^286 |
| 92 | ov_092 | 1.8811522675064923 × 10^286 |
| 93 | ov_093 | 9.205869237419127 × 10^285 |
| 94 | ov_094 | 3.860266335087503 × 10^285 |
| 95 | aaa_78_28 | 1.1777898722929262 × 10^285 |
| 96 | aaa_78_29 | 4.209263095554569 × 10^284 |
| 97 | ov_097 | 2.7790598440575162 × 10^284 |
| 98 | ov_098 | 2.7789763688469688 × 10^284 |
| 99 | ov_099 | 2.7789496838847374 × 10^284 |
| 100 | ov_100 | 2.500412561103552 × 10^284 |
| 101 | ov_101 | 2.242499176227273 × 10^284 |
| 102 | ov_102 | 2.004068691995215 × 10^284 |
| 103 | ov_103 | 1.784063164950187 × 10^284 |
| 104 | ov_104 | 1.5814970053381931 × 10^284 |
| 105 | ov_105 | 1.395447381788616 × 10^284 |
| 106 | ov_106 | 1.2250455212370475 × 10^284 |
| 107 | ov_107 | 1.0694688564404673 × 10^284 |
| 108 | ov_108 | 9.279339749710034 × 10^283 |
| 109 | ov_109 | 7.996903248074209 × 10^283 |
| 110 | ov_110 | 6.840146326158618 × 10^283 |
| 111 | ov_111 | 5.802059915611075 × 10^283 |
| 112 | ov_112 | 4.8758157605290135 × 10^283 |
| 113 | ov_113 | 4.054729412419655 × 10^283 |
| 114 | ov_114 | 3.332228653676889 × 10^283 |
| 115 | ov_115 | 2.7018269325157436 × 10^283 |
| 116 | ov_116 | 2.1571013935207333 × 10^283 |
| 117 | ov_117 | 1.6916750886898184 × 10^283 |
| 118 | ov_118 | 1.2992029542682525 × 10^283 |
| 119 | ov_119 | 9.733611388956685 × 10^282 |
| 120 | ov_120 | 7.078392687172031 × 10^282 |
| 121 | ov_121 | 4.963352351807526 × 10^282 |
| 122 | ov_122 | 3.325519053950662 × 10^282 |
| 123 | ov_123 | 2.1019502083206363 × 10^282 |
| 124 | ov_124 | 1.229718396019711 × 10^282 |
| 125 | ov_125 | 6.45903186371556 × 10^281 |
| 126 | ov_126 | 2.875867057600273 × 10^281 |
| 127 | aaa_77_28 | 9.18517513769892 × 10^280 |
| 128 | aaa_77_29 | 3.4445416523039464 × 10^280 |
| 129 | ov_129 | 3.2124922611145647 × 10^280 |
| 130 | ov_130 | 3.2124831631019096 × 10^280 |
| 131 | ov_131 | 3.2124809611807766 × 10^280 |
| 132 | ov_132 | 2.790606515139991 × 10^280 |
| 133 | ov_133 | 2.412212108197169 × 10^280 |
| 134 | ov_134 | 2.07403249416453 × 10^280 |
| 135 | ov_135 | 1.7729796333739258 × 10^280 |
| 136 | ov_136 | 1.5061300110412837 × 10^280 |
| 137 | ov_137 | 1.2707136576763029 × 10^280 |
| 138 | ov_138 | 1.0641047130728857 × 10^280 |
| 139 | ov_139 | 8.838133836049893 × 10^279 |
| 140 | ov_140 | 7.274791504826684 × 10^279 |
| 141 | ov_141 | 5.928650943483523 × 10^279 |
| 142 | ov_142 | 4.778532091605309 × 10^279 |
| 143 | ov_143 | 3.8044058576006035 × 10^279 |
| 144 | ov_144 | 2.9873635287542354 × 10^279 |
| 145 | ov_145 | 2.3095927062332553 × 10^279 |
| 146 | ov_146 | 1.7543587881988134 × 10^279 |
| 147 | ov_147 | 1.3059910965004963 × 10^279 |
| 148 | ov_148 | 9.4987281458932 × 10^278 |
| 149 | ov_149 | 6.724339763447615 × 10^278 |
| 150 | ov_150 | 4.611468175079237 × 10^278 |
| 151 | ov_151 | 3.045228733693803 × 10^278 |
| 152 | ov_152 | 1.9211127829034838 × 10^278 |
| 153 | ov_153 | 1.1449781509289763 × 10^278 |
| 154 | ov_154 | 6.3304391396077445 × 10^277 |
| 155 | ov_155 | 3.118874591514345 × 10^277 |
| 156 | aaa_76_25 | 1.1844288587206502 × 10^277 |
| 157 | aaa_76_26 | 6.720739512529031 × 10^276 |
| 158 | aaa_76_27 | 3.456048980181222 × 10^276 |
| 159 | aaa_76_28 | 1.5324584798055257 × 10^276 |
| 160 | aaa_76_29 | 4.666421627258392 × 10^275 |

### Output Bits Sorted by Complexity

| Rank | Output Bit | Complexity |
|:----:|:----------:|:----------:|
| 160 | aaa_76_29 | 4.666421627258392 × 10^275 |
| 159 | aaa_76_28 | 1.5324584798055257 × 10^276 |
| 158 | aaa_76_27 | 3.456048980181222 × 10^276 |
| 157 | aaa_76_26 | 6.720739512529031 × 10^276 |
| 156 | aaa_76_25 | 1.1844288587206502 × 10^277 |
| 155 | ov_155 | 3.118874591514345 × 10^277 |
| 154 | ov_154 | 6.3304391396077445 × 10^277 |
| 153 | ov_153 | 1.1449781509289763 × 10^278 |
| 152 | ov_152 | 1.9211127829034838 × 10^278 |
| 151 | ov_151 | 3.045228733693803 × 10^278 |
| 150 | ov_150 | 4.611468175079237 × 10^278 |
| 149 | ov_149 | 6.724339763447615 × 10^278 |
| 148 | ov_148 | 9.4987281458932 × 10^278 |
| 147 | ov_147 | 1.3059910965004963 × 10^279 |
| 146 | ov_146 | 1.7543587881988134 × 10^279 |
| 145 | ov_145 | 2.3095927062332553 × 10^279 |
| 144 | ov_144 | 2.9873635287542354 × 10^279 |
| 143 | ov_143 | 3.8044058576006035 × 10^279 |
| 142 | ov_142 | 4.778532091605309 × 10^279 |
| 141 | ov_141 | 5.928650943483523 × 10^279 |
| 140 | ov_140 | 7.274791504826684 × 10^279 |
| 139 | ov_139 | 8.838133836049893 × 10^279 |
| 138 | ov_138 | 1.0641047130728857 × 10^280 |
| 137 | ov_137 | 1.2707136576763029 × 10^280 |
| 136 | ov_136 | 1.5061300110412837 × 10^280 |
| 135 | ov_135 | 1.7729796333739258 × 10^280 |
| 134 | ov_134 | 2.07403249416453 × 10^280 |
| 133 | ov_133 | 2.412212108197169 × 10^280 |
| 132 | ov_132 | 2.790606515139991 × 10^280 |
| 131 | ov_131 | 3.2124809611807766 × 10^280 |
| 130 | ov_130 | 3.2124831631019096 × 10^280 |
| 129 | ov_129 | 3.2124922611145647 × 10^280 |
| 128 | aaa_77_29 | 3.4445416523039464 × 10^280 |
| 127 | aaa_77_28 | 9.18517513769892 × 10^280 |
| 126 | ov_126 | 2.875867057600273 × 10^281 |
| 125 | ov_125 | 6.45903186371556 × 10^281 |
| 124 | ov_124 | 1.229718396019711 × 10^282 |
| 123 | ov_123 | 2.1019502083206363 × 10^282 |
| 122 | ov_122 | 3.325519053950662 × 10^282 |
| 121 | ov_121 | 4.963352351807526 × 10^282 |
| 120 | ov_120 | 7.078392687172031 × 10^282 |
| 119 | ov_119 | 9.733611388956685 × 10^282 |
| 118 | ov_118 | 1.2992029542682525 × 10^283 |
| 117 | ov_117 | 1.6916750886898184 × 10^283 |
| 116 | ov_116 | 2.1571013935207333 × 10^283 |
| 115 | ov_115 | 2.7018269325157436 × 10^283 |
| 114 | ov_114 | 3.332228653676889 × 10^283 |
| 113 | ov_113 | 4.054729412419655 × 10^283 |
| 112 | ov_112 | 4.8758157605290135 × 10^283 |
| 111 | ov_111 | 5.802059915611075 × 10^283 |
| 110 | ov_110 | 6.840146326158618 × 10^283 |
| 109 | ov_109 | 7.996903248074209 × 10^283 |
| 108 | ov_108 | 9.279339749710034 × 10^283 |
| 107 | ov_107 | 1.0694688564404673 × 10^284 |
| 106 | ov_106 | 1.2250455212370475 × 10^284 |
| 105 | ov_105 | 1.395447381788616 × 10^284 |
| 104 | ov_104 | 1.5814970053381931 × 10^284 |
| 103 | ov_103 | 1.784063164950187 × 10^284 |
| 102 | ov_102 | 2.004068691995215 × 10^284 |
| 101 | ov_101 | 2.242499176227273 × 10^284 |
| 100 | ov_100 | 2.500412561103552 × 10^284 |
| 99 | ov_099 | 2.7789496838847374 × 10^284 |
| 98 | ov_098 | 2.7789763688469688 × 10^284 |
| 97 | ov_097 | 2.7790598440575162 × 10^284 |
| 96 | aaa_78_29 | 4.209263095554569 × 10^284 |
| 95 | aaa_78_28 | 1.1777898722929262 × 10^285 |
| 94 | ov_094 | 3.860266335087503 × 10^285 |
| 93 | ov_093 | 9.205869237419127 × 10^285 |
| 92 | ov_092 | 1.8811522675064923 × 10^286 |
| 91 | ov_091 | 3.4712688849253005 × 10^286 |
| 90 | ov_090 | 6.141899944064594 × 10^286 |
| 89 | ov_089 | 1.0431791470496373 × 10^287 |
| 88 | ov_088 | 1.6967597934188782 × 10^287 |
| 87 | ov_087 | 2.6464116084728204 × 10^287 |
| 86 | ov_086 | 3.972467446529323 × 10^287 |
| 85 | ov_085 | 5.764172852489601 × 10^287 |
| 84 | ov_084 | 8.119771167279044 × 10^287 |
| 83 | ov_083 | 1.114661926242244 × 10^288 |
| 82 | ov_082 | 1.4961338939732008 × 10^288 |
| 81 | ov_081 | 1.969000903405466 × 10^288 |
| 64 | lv_79_m31 | 2.3127199731360584 × 10^288 |
| 80 | ov_080 | 2.5468403260441904 × 10^288 |
| 79 | ov_079 | 3.2442278852796985 × 10^288 |
| 78 | ov_078 | 4.076772105028081 × 10^288 |
| 77 | ov_077 | 5.061154850226528 × 10^288 |
| 76 | ov_076 | 6.215178468457783 × 10^288 |
| 75 | ov_075 | 7.557820045169756 × 10^288 |
| 74 | ov_074 | 9.109293289429094 × 10^288 |
| 73 | ov_073 | 1.08911185732191 × 10^289 |
| 63 | ov_063 | 1.1867186932056308 × 10^289 |
| 72 | ov_072 | 1.2926201655314074 × 10^289 |
| 71 | ov_071 | 1.5238921631118196 × 10^289 |
| 70 | ov_070 | 1.7855228662965286 × 10^289 |
| 69 | ov_069 | 2.0802752061687245 × 10^289 |
| 68 | ov_068 | 2.411091931025862 × 10^289 |
| 67 | ov_067 | 2.781108664453135 × 10^289 |
| 66 | ov_066 | 2.7811106901147294 × 10^289 |
| 65 | ov_065 | 2.78111896715479 × 10^289 |
| 62 | ov_062 | 6.088149930871189 × 10^289 |
| 61 | ov_061 | 2.2192432583520225 × 10^290 |
| 60 | ov_060 | 6.353111723406641 × 10^290 |
| 59 | ov_059 | 1.4426664618465683 × 10^291 |
| 58 | ov_058 | 2.8405288639056998 × 10^291 |
| 57 | ov_057 | 5.0803519037241985 × 10^291 |
| 56 | ov_056 | 8.468506068126508 × 10^291 |
| 55 | ov_055 | 1.3672654756319847 × 10^292 |
| 54 | ov_054 | 2.1109025201205754 × 10^292 |
| 53 | ov_053 | 3.1665029176965527 × 10^292 |
| 52 | ov_052 | 4.633803354329757 × 10^292 |
| 51 | ov_051 | 6.623546884157232 × 10^292 |
| 50 | ov_050 | 9.25750096506926 × 10^292 |
| 49 | ov_049 | 1.2668486469644775 × 10^293 |
| 48 | ov_048 | 1.7000422333448241 × 10^293 |
| 47 | ov_047 | 2.2408391207167204 × 10^293 |
| 32 | lv_80_m31 | 2.6814347255848683 × 10^293 |
| 46 | ov_046 | 2.905873218612747 × 10^293 |
| 45 | ov_045 | 3.712916740181982 × 10^293 |
| 44 | ov_044 | 4.680896997705433 × 10^293 |
| 43 | ov_043 | 5.829918157147531 × 10^293 |
| 42 | ov_042 | 7.181288848007283 × 10^293 |
| 41 | ov_041 | 8.75755659970714 × 10^293 |
| 40 | ov_040 | 1.0570961900027907 × 10^294 |
| 39 | ov_039 | 1.2646666012088746 × 10^294 |
| 31 | ov_031 | 1.3753625471978913 × 10^294 |
| 38 | ov_038 | 1.5011224243393873 × 10^294 |
| 37 | ov_037 | 1.7692658969181006 × 10^294 |
| 36 | ov_036 | 2.0720545538026702 × 10^294 |
| 35 | ov_035 | 2.41261125320546 × 10^294 |
| 34 | ov_034 | 2.7942357950705083 × 10^294 |
| 33 | ov_033 | 3.220418298892545 × 10^294 |
| 30 | ov_030 | 6.214085914268596 × 10^294 |
| 29 | ov_029 | 2.0559335007410525 × 10^295 |
| 28 | ov_028 | 5.486685576778975 × 10^295 |
| 27 | ov_027 | 1.2550711051875615 × 10^296 |
| 26 | ov_026 | 2.7156193699583903 × 10^296 |
| 25 | ov_025 | 5.447950695886566 × 10^296 |
| 24 | ov_024 | 1.0096524785113837 × 10^297 |
| 23 | ov_023 | 1.7432634230958246 × 10^297 |
| 22 | ov_022 | 2.835443031740125 × 10^297 |
| 21 | ov_021 | 4.3886975234868776 × 10^297 |
| 20 | ov_020 | 6.518233477542579 × 10^297 |
| 19 | ov_019 | 9.351972942770689 × 10^297 |
| 18 | ov_018 | 1.3030576924900213 × 10^298 |
| 17 | ov_017 | 1.7707480841307287 × 10^298 |
| 16 | ov_016 | 2.354894638890613 × 10^298 |
| 15 | ov_015 | 3.073413540118632 × 10^298 |
| 14 | ov_014 | 3.945521287248717 × 10^298 |
| 13 | ov_013 | 4.991748756909257 × 10^298 |
| 12 | ov_012 | 6.233959952814984 × 10^298 |
| 11 | ov_011 | 7.695376462880344 × 10^298 |
| 10 | ov_010 | 9.400608730636778 × 10^298 |
| 9 | ov_009 | 1.137569533713247 × 10^299 |
| 8 | ov_008 | 1.364815157923559 × 10^299 |
| 7 | ov_007 | 1.624702872089615 × 10^299 |
| 6 | ov_006 | 1.9202985385749727 × 10^299 |
| 5 | ov_005 | 2.254837265283362 × 10^299 |
| 4 | ov_004 | 2.631733451256659 × 10^299 |
| 3 | ov_003 | 3.054592532214376 × 10^299 |
| 2 | ov_002 | 3.527224576870744 × 10^299 |
| 1 | ov_001 | 4.05365989533977 × 10^299 |

