# Results for E002007-T005-T015-F017-F018-F019-F020-F021-F022-F023-F024-F025-F026-F027-F028-F029-F030-F031-F032-F033-F034-F035-F036-F037-F038-F039-F040-F041-F042-F043-F044-F045-F046-F047-F048-F049-F050-F051-F052-F053-F054-F055-F056-F057-F058-F059-F060-F061-F062-F063-F064-F065-F066-F067-F068-F069-F070-F071-F072-F073-F074-F075-F076-F077-F078-F079-F080-F081-F082-F083-F084-F085-F086-F087-F088-F089-F090-F091-F092-F093-F094-F095-F096-F097-F098-F099-F100-F101-F102-F103-F104-F105-F106-F107-F108-F109-F110-F111-F112-F113-F114-F115-F116-F117-F118-F119-F120-F121-F122-F123-F124-F125-F126-F127-F128-F129-F130-F131-F132-F133-F134-F135-F136-F137-F138-F139-F140-F141-F142-F143-F144-F145-F146-F147-F148-F149-F150-F151-F152-F153-F154-F155-F156-F157-F158-F159-F160-F161-F162-F163-F164-F165-F166-F167-F168-F169-F170-F171-F172-F173-F174-F175-F176-F177-F178-F179-F180-F181-F182-F183-F184-F185-F186-F187-F188-F189-F190-F191-F192-F193-F194-F195-F196-F197-F198-F199-F200-F201-F202-F203-F204-F205-F206-F207-F208-F209-F210-F211-F212-F213-F214-F215-F216-F217-F218-F219-F220-F221-F222-F223-F224-F225-F226-F227-F228-F229-F230-F231-F232-F233-F234-F235-F236-F237-F238-F239-F240-F241-F242-F243-F244-F245-F246-F247-F248-F249-F250-F251-F252-F253-F254-F255-F256-F257-F258-F259-F260-F261-F262-F263-F264-F265-F266-F267-F268-F269-F270-F271-F272-F273-F274-F275-F276-F277-F278-F279-F280-F281-F282-F283-F284-F285-F286-F287-F288-F289-F290-F291-F292-F293-F294-F295-F296-F297-F298-F299-F300-F301-F302-F303-F304-F305-F306-F307-F308-F309-F310-F311-F312-F313-F314-F315-F316-F317-F318-F319-F320-F321-F322-F323-F324-F325-F326-F327-F328-F329-F330-F331-F332-F333-F334-F335-F336-F337-F338-F339-F340-F341-F342-F343-F344-F345-F346-F347-F348-F349-F350-F351-F352-F353-F354-F355-F356-F357-F358-F359-F360-F361-F362-F363-F364-F365-F366-F367-F368-F369-F370-F371-F372-F373-F374-F375-F376-F377-F378-F379-F380-F381-F382-F383-F384-F385-F386-F387-F388-F389-F390-F391-F392-F393-F394-F395-F396-F397-F398-F399-F400-F401-F402-F403-F404-F405-F406-F407-F408-F409-F410-F411-F412-F413-F414-F415-F416-F417-F418-F419-F420-F421-F422-F423-F424-F425-F426-F427-F428-F429-F430-F431-F432-F433-F434-F435-F436-F437-F438-F439-F440-F441-F442-F443-F444-F445-F446-F447-F448-F449-F450-F451-F452-F453-F454-F455-F456-F457-F458-F459-F460-F461-F462-F463-F464-F465-F466-F467-F468-F469-F470-F471-F472-F473-F474-F475-F476-F477-F478-F479-F480-F481-F482-F483-F484-F485-F486-F487-F488-F489-F490-F491-F492-F493-F494-F495-F496-F497-F498-F499-F500-F501-F502-F503-F504-F505-F506-F507-F508-F509-F510-F511-F512

## Summary

Number of input bits: 512  
Number of free input bits: 13  
Number of output bits: 160

Number of direct occurrences: 59969  
Number of assignments: 39352  
Number of operations: 19952386
(xor: 19913981,
and: 21678,
or: 16727)

Total complexity: 3.1585850421315576 × 10^362

Least occurring input variable: iv_006 (4469)  
Most occurring input variable: iv_011 (4862)

Most co-occurring input variables: iv_003-iv_013 (2360)  
Least co-occurring input variables: iv_004-iv_006 (1933)

Potentially most occurring input variable: iv_004/iv_011 (5263)  
Potentially least occurring input variable: iv_001/iv_006 (4592)

Least output occurring input variable: iv_014 (70)  
Most output occurring input variable: iv_013 (91)

Most output co-occurring input variables: iv_003-iv_006 (50)  
Least output co-occurring input variables: iv_009-iv_016 (29)

Potentially most output occurring input variable: iv_010/iv_011 (94)  
Potentially least output occurring input variable: iv_004/iv_014 (61)

Least complex input bit: iv_016 (1.1370443089508752 × 10^359)  
Most complex input bit: iv_014 (4.649065314583002 × 10^361)

Least complex output bit: aaa_76_29 (8.274084025524051 × 10^336)  
Most complex output bit: ov_001 (4.8056424205526625 × 10^361)

Least complex input/output complexity: iv_016/aaa_76_29 (2.9785489475548536 × 10^333)  
Most complex input/output complexity: iv_014/ov_001 (7.073339863790025 × 10^360)

## Input Bits

### Input Bits in Regular Order

| Input Bit | Complexity | Occurrences | Output Occurrences |
|:---------:|:----------:|:-----------:|:------------------:|
| iv_001 | 2.6595238755333575 × 10^359 | 4599 | 78 |
| iv_002 | 2.1636603964301395 × 10^361 | 4533 | 72 |
| iv_003 | 3.3163713568396364 × 10^360 | 4575 | 88 |
| iv_004 | 7.205302381292243 × 10^360 | 4485 | 77 |
| iv_006 | 1.5685463291988149 × 10^361 | 4469 | 85 |
| iv_008 | 2.6006467541708045 × 10^361 | 4577 | 83 |
| iv_009 | 3.3005693507869212 × 10^361 | 4609 | 71 |
| iv_010 | 3.5713965176712376 × 10^361 | 4515 | 73 |
| iv_011 | 4.0002233345031365 × 10^361 | 4862 | 85 |
| iv_012 | 4.198648512256078 × 10^361 | 4542 | 74 |
| iv_013 | 4.442960856057464 × 10^361 | 4826 | 91 |
| iv_014 | 4.649065314583002 × 10^361 | 4723 | 70 |
| iv_016 | 1.1370443089508752 × 10^359 | 4654 | 80 |

### Input Bits Sorted by Complexity

| Input Bit | Complexity | Occurrences | Output Occurrences |
|:---------:|:----------:|:-----------:|:------------------:|
| iv_016 | 1.1370443089508752 × 10^359 | 4654 | 80 |
| iv_001 | 2.6595238755333575 × 10^359 | 4599 | 78 |
| iv_003 | 3.3163713568396364 × 10^360 | 4575 | 88 |
| iv_004 | 7.205302381292243 × 10^360 | 4485 | 77 |
| iv_006 | 1.5685463291988149 × 10^361 | 4469 | 85 |
| iv_002 | 2.1636603964301395 × 10^361 | 4533 | 72 |
| iv_008 | 2.6006467541708045 × 10^361 | 4577 | 83 |
| iv_009 | 3.3005693507869212 × 10^361 | 4609 | 71 |
| iv_010 | 3.5713965176712376 × 10^361 | 4515 | 73 |
| iv_011 | 4.0002233345031365 × 10^361 | 4862 | 85 |
| iv_012 | 4.198648512256078 × 10^361 | 4542 | 74 |
| iv_013 | 4.442960856057464 × 10^361 | 4826 | 91 |
| iv_014 | 4.649065314583002 × 10^361 | 4723 | 70 |

### Input Bits Sorted by Occurrences

| Input Bit | Complexity | Occurrences | Output Occurrences |
|:---------:|:----------:|:-----------:|:------------------:|
| iv_006 | 1.5685463291988149 × 10^361 | 4469 | 85 |
| iv_004 | 7.205302381292243 × 10^360 | 4485 | 77 |
| iv_010 | 3.5713965176712376 × 10^361 | 4515 | 73 |
| iv_002 | 2.1636603964301395 × 10^361 | 4533 | 72 |
| iv_012 | 4.198648512256078 × 10^361 | 4542 | 74 |
| iv_003 | 3.3163713568396364 × 10^360 | 4575 | 88 |
| iv_008 | 2.6006467541708045 × 10^361 | 4577 | 83 |
| iv_001 | 2.6595238755333575 × 10^359 | 4599 | 78 |
| iv_009 | 3.3005693507869212 × 10^361 | 4609 | 71 |
| iv_016 | 1.1370443089508752 × 10^359 | 4654 | 80 |
| iv_014 | 4.649065314583002 × 10^361 | 4723 | 70 |
| iv_013 | 4.442960856057464 × 10^361 | 4826 | 91 |
| iv_011 | 4.0002233345031365 × 10^361 | 4862 | 85 |

### Input Bits Sorted by Output Occurrences

| Input Bit | Complexity | Occurrences | Output Occurrences |
|:---------:|:----------:|:-----------:|:------------------:|
| iv_014 | 4.649065314583002 × 10^361 | 4723 | 70 |
| iv_009 | 3.3005693507869212 × 10^361 | 4609 | 71 |
| iv_002 | 2.1636603964301395 × 10^361 | 4533 | 72 |
| iv_010 | 3.5713965176712376 × 10^361 | 4515 | 73 |
| iv_012 | 4.198648512256078 × 10^361 | 4542 | 74 |
| iv_004 | 7.205302381292243 × 10^360 | 4485 | 77 |
| iv_001 | 2.6595238755333575 × 10^359 | 4599 | 78 |
| iv_016 | 1.1370443089508752 × 10^359 | 4654 | 80 |
| iv_008 | 2.6006467541708045 × 10^361 | 4577 | 83 |
| iv_006 | 1.5685463291988149 × 10^361 | 4469 | 85 |
| iv_011 | 4.0002233345031365 × 10^361 | 4862 | 85 |
| iv_003 | 3.3163713568396364 × 10^360 | 4575 | 88 |
| iv_013 | 4.442960856057464 × 10^361 | 4826 | 91 |

## Input Bit Co-occurrences

### Input Bit Co-occurrences Sorted by Co-occurrences

| Input Bits | Co-occurrences | Potential Occurrences | Output Co-occurrences | Potential Output Occurrences |
|:----------:|:--------------:|:---------------------:|:---------------------:|:----------------------------:|
| iv_003-iv_013 | 2360 | 4681 | 50 | 79 |
| iv_013-iv_014 | 2349 | 4851 | 35 | 91 |
| iv_011-iv_016 | 2322 | 4872 | 42 | 81 |
| iv_008-iv_013 | 2307 | 4789 | 50 | 74 |
| iv_009-iv_013 | 2294 | 4847 | 46 | 70 |
| iv_009-iv_011 | 2288 | 4895 | 37 | 82 |
| iv_001-iv_011 | 2275 | 4911 | 47 | 69 |
| iv_006-iv_011 | 2272 | 4787 | 40 | 90 |
| iv_011-iv_013 | 2257 | 5174 | 46 | 84 |
| iv_012-iv_013 | 2248 | 4872 | 41 | 83 |
| iv_001-iv_006 | 2238 | 4592 | 42 | 79 |
| iv_006-iv_016 | 2233 | 4657 | 43 | 79 |
| iv_011-iv_012 | 2224 | 4956 | 45 | 69 |

### Input Bit Co-occurrences Sorted by Potential Occurrences

| Input Bits | Co-occurrences | Potential Occurrences | Output Co-occurrences | Potential Output Occurrences |
|:----------:|:--------------:|:---------------------:|:---------------------:|:----------------------------:|
| iv_001-iv_006 | 2238 | 4592 | 42 | 79 |
| iv_006-iv_016 | 2233 | 4657 | 43 | 79 |
| iv_002-iv_012 | 2198 | 4679 | 36 | 74 |
| iv_003-iv_013 | 2360 | 4681 | 50 | 79 |
| iv_009-iv_012 | 2209 | 4733 | 33 | 79 |
| iv_003-iv_012 | 2192 | 4733 | 44 | 74 |
| iv_008-iv_012 | 2189 | 4741 | 37 | 83 |
| iv_006-iv_011 | 2272 | 4787 | 40 | 90 |
| iv_008-iv_013 | 2307 | 4789 | 50 | 74 |
| iv_009-iv_010 | 2160 | 4804 | 35 | 74 |
| iv_003-iv_008 | 2174 | 4804 | 41 | 89 |
| iv_010-iv_012 | 2122 | 4813 | 34 | 79 |
| iv_004-iv_009 | 2140 | 4814 | 36 | 76 |

### Input Bit Output Co-occurrences Sorted by Output Co-occurrences

| Input Bits | Co-occurrences | Potential Occurrences | Output Co-occurrences | Potential Output Occurrences |
|:----------:|:--------------:|:---------------------:|:---------------------:|:----------------------------:|
| iv_006-iv_013 | 2134 | 5027 | 50 | 76 |
| iv_008-iv_013 | 2307 | 4789 | 50 | 74 |
| iv_003-iv_013 | 2360 | 4681 | 50 | 79 |
| iv_003-iv_006 | 2029 | 4986 | 50 | 73 |
| iv_004-iv_013 | 2197 | 4917 | 49 | 70 |
| iv_008-iv_011 | 2171 | 5097 | 48 | 72 |
| iv_010-iv_013 | 2087 | 5167 | 48 | 68 |
| iv_001-iv_011 | 2275 | 4911 | 47 | 69 |
| iv_011-iv_013 | 2257 | 5174 | 46 | 84 |
| iv_009-iv_013 | 2294 | 4847 | 46 | 70 |
| iv_011-iv_014 | 2180 | 5225 | 45 | 65 |
| iv_001-iv_013 | 2188 | 5049 | 45 | 79 |
| iv_011-iv_012 | 2224 | 4956 | 45 | 69 |

### Input Bit Output Co-occurrences Sorted by Potential Output Occurrences

| Input Bits | Co-occurrences | Potential Occurrences | Output Co-occurrences | Potential Output Occurrences |
|:----------:|:--------------:|:---------------------:|:---------------------:|:----------------------------:|
| iv_004-iv_014 | 2111 | 4986 | 43 | 61 |
| iv_011-iv_014 | 2180 | 5225 | 45 | 65 |
| iv_010-iv_013 | 2087 | 5167 | 48 | 68 |
| iv_001-iv_012 | 2105 | 4931 | 42 | 68 |
| iv_001-iv_011 | 2275 | 4911 | 47 | 69 |
| iv_002-iv_004 | 2023 | 4972 | 40 | 69 |
| iv_011-iv_012 | 2224 | 4956 | 45 | 69 |
| iv_004-iv_013 | 2197 | 4917 | 49 | 70 |
| iv_009-iv_013 | 2294 | 4847 | 46 | 70 |
| iv_002-iv_014 | 2040 | 5176 | 35 | 72 |
| iv_008-iv_011 | 2171 | 5097 | 48 | 72 |
| iv_002-iv_011 | 2152 | 5091 | 42 | 73 |
| iv_002-iv_009 | 2111 | 4920 | 35 | 73 |

## Output Bits

### Output Bits in Regular Order

| Rank | Output Bit | Complexity |
|:----:|:----------:|:----------:|
| 1 | ov_001 | 4.8056424205526625 × 10^361 |
| 2 | ov_002 | 4.201526584995562 × 10^361 |
| 3 | ov_003 | 3.6584631263300122 × 10^361 |
| 4 | ov_004 | 3.171368380367275 × 10^361 |
| 5 | ov_005 | 2.735443054879706 × 10^361 |
| 6 | ov_006 | 2.3461524386618177 × 10^361 |
| 7 | ov_007 | 1.999208968049526 × 10^361 |
| 8 | ov_008 | 1.6905569179157148 × 10^361 |
| 9 | ov_009 | 1.4182245978488854 × 10^361 |
| 10 | ov_010 | 1.178581686569109 × 10^361 |
| 11 | ov_011 | 9.698634225485882 × 10^360 |
| 12 | ov_012 | 7.904013278104552 × 10^360 |
| 13 | ov_013 | 6.37132824745621 × 10^360 |
| 14 | ov_014 | 5.071715057798532 × 10^360 |
| 15 | ov_015 | 3.9780247690948645 × 10^360 |
| 16 | ov_016 | 3.0647859950437395 × 10^360 |
| 17 | ov_017 | 2.319678249599519 × 10^360 |
| 18 | ov_018 | 1.7205021370479902 × 10^360 |
| 19 | ov_019 | 1.2466649856153188 × 10^360 |
| 20 | ov_020 | 8.791679151652669 × 10^359 |
| 21 | ov_021 | 6.00596654036583 × 10^359 |
| 22 | ov_022 | 3.951152724743632 × 10^359 |
| 23 | ov_023 | 2.4846210986620352 × 10^359 |
| 24 | ov_024 | 1.4794728271138118 × 10^359 |
| 25 | ov_025 | 8.245126995095037 × 10^358 |
| 26 | ov_026 | 4.24241815215363 × 10^358 |
| 27 | ov_027 | 1.9885422070574795 × 10^358 |
| 28 | ov_028 | 8.423558142257218 × 10^357 |
| 29 | ov_029 | 3.196275353736023 × 10^357 |
| 30 | ov_030 | 8.778210894057561 × 10^356 |
| 31 | ov_031 | 1.7132238401954317 × 10^356 |
| 32 | lv_80_m31 | 3.34319113310858 × 10^355 |
| 33 | ov_033 | 4.141073142605613 × 10^356 |
| 34 | ov_034 | 3.6156071586261525 × 10^356 |
| 35 | ov_035 | 3.1443236027671404 × 10^356 |
| 36 | ov_036 | 2.722797617689689 × 10^356 |
| 37 | ov_037 | 2.3468502308641332 × 10^356 |
| 38 | ov_038 | 2.0125311175092907 × 10^356 |
| 39 | ov_039 | 1.7161035155575033 × 10^356 |
| 40 | ov_040 | 1.454031100769625 × 10^356 |
| 41 | ov_041 | 1.2229666405471687 × 10^356 |
| 42 | ov_042 | 1.0197422549793855 × 10^356 |
| 43 | ov_043 | 8.413611232902121 × 10^355 |
| 44 | ov_044 | 6.863666486091391 × 10^355 |
| 45 | ov_045 | 5.533826655013638 × 10^355 |
| 46 | ov_046 | 4.411107843565603 × 10^355 |
| 47 | ov_047 | 3.4717924473041057 × 10^355 |
| 48 | ov_048 | 2.6936253433562884 × 10^355 |
| 49 | ov_049 | 2.055788765430761 × 10^355 |
| 50 | ov_050 | 1.538882805388928 × 10^355 |
| 51 | ov_051 | 1.1249106216294232 × 10^355 |
| 52 | ov_052 | 7.972675179388493 × 10^354 |
| 53 | ov_053 | 5.47998034483149 × 10^354 |
| 54 | ov_054 | 3.632608014268089 × 10^354 |
| 55 | ov_055 | 2.3058993707221636 × 10^354 |
| 56 | ov_056 | 1.3889290687657253 × 10^354 |
| 57 | ov_057 | 7.844931682244971 × 10^353 |
| 58 | ov_058 | 4.091030266028022 × 10^353 |
| 59 | ov_059 | 1.929825872978246 × 10^353 |
| 60 | ov_060 | 8.00673245381002 × 10^352 |
| 61 | ov_061 | 2.8003875939538504 × 10^352 |
| 62 | ov_062 | 7.692279524211359 × 10^351 |
| 63 | ov_063 | 1.5014812159206064 × 10^351 |
| 64 | lv_79_m31 | 2.930243438845858 × 10^350 |
| 65 | ov_065 | 3.586630680860802 × 10^351 |
| 66 | ov_066 | 3.5866169274376486 × 10^351 |
| 67 | ov_067 | 3.586612528249855 × 10^351 |
| 68 | ov_068 | 3.12896092514097 × 10^351 |
| 69 | ov_069 | 2.7174502770481415 × 10^351 |
| 70 | ov_070 | 2.348630978627602 × 10^351 |
| 71 | ov_071 | 2.019247138393516 × 10^351 |
| 72 | ov_072 | 1.726222794470675 × 10^351 |
| 73 | ov_073 | 1.4666497881855304 × 10^351 |
| 74 | ov_074 | 1.2377771264300558 × 10^351 |
| 75 | ov_075 | 1.037001691387536 × 10^351 |
| 76 | ov_076 | 8.61860200680968 × 10^350 |
| 77 | ov_077 | 7.100223285536319 × 10^350 |
| 78 | ov_078 | 5.792848714786166 × 10^350 |
| 79 | ov_079 | 4.6756683241559006 × 10^350 |
| 80 | ov_080 | 3.729053057812761 × 10^350 |
| 81 | ov_081 | 2.9345206524985406 × 10^350 |
| 82 | ov_082 | 2.2747077642297973 × 10^350 |
| 83 | ov_083 | 1.7333476202550765 × 10^350 |
| 84 | ov_084 | 1.295252528287656 × 10^350 |
| 85 | ov_085 | 9.463005432805406 × 10^349 |
| 86 | ov_086 | 6.734255599139128 × 10^349 |
| 87 | ov_087 | 4.646101718192962 × 10^349 |
| 88 | ov_088 | 3.0888071127878797 × 10^349 |
| 89 | ov_089 | 1.9630395576997487 × 10^349 |
| 90 | ov_090 | 1.179850603155762 × 10^349 |
| 91 | ov_091 | 6.606634716590538 × 10^348 |
| 92 | ov_092 | 3.372665690374668 × 10^348 |
| 93 | ov_093 | 1.5181037007435037 × 10^348 |
| 94 | ov_094 | 3.790216439843852 × 10^347 |
| 95 | aaa_78_28 | 1.5125402781655304 × 10^347 |
| 96 | aaa_78_29 | 5.673423751102917 × 10^346 |
| 97 | ov_097 | 5.440555502781615 × 10^346 |
| 98 | ov_098 | 5.440539707243667 × 10^346 |
| 99 | ov_099 | 5.440535880922521 × 10^346 |
| 100 | ov_100 | 4.745220204002363 × 10^346 |
| 101 | ov_101 | 4.122341074458964 × 10^346 |
| 102 | ov_102 | 3.565953782827843 × 10^346 |
| 103 | ov_103 | 3.07044902652683 × 10^346 |
| 104 | ov_104 | 2.6305302470518295 × 10^346 |
| 105 | ov_105 | 2.2411935925434 × 10^346 |
| 106 | ov_106 | 1.8977102319027265 × 10^346 |
| 107 | ov_107 | 1.5956107826348402 × 10^346 |
| 108 | ov_108 | 1.3306716444237938 × 10^346 |
| 109 | ov_109 | 1.0989030761387846 × 10^346 |
| 110 | ov_110 | 8.983672862403316 × 10^345 |
| 111 | ov_111 | 7.272358693469936 × 10^345 |
| 112 | ov_112 | 5.82164575671275 × 10^345 |
| 113 | ov_113 | 4.6001016959450925 × 10^345 |
| 114 | ov_114 | 3.578253526026196 × 10^345 |
| 115 | ov_115 | 2.7285472605623597 × 10^345 |
| 116 | ov_116 | 2.037681224386698 × 10^345 |
| 117 | ov_117 | 1.4818533825156515 × 10^345 |
| 118 | ov_118 | 1.0496262548252048 × 10^345 |
| 119 | ov_119 | 7.208793453625779 × 10^344 |
| 120 | ov_120 | 4.7731841440261536 × 10^344 |
| 121 | ov_121 | 3.024700354608035 × 10^344 |
| 122 | ov_122 | 1.8167826522891823 × 10^344 |
| 123 | ov_123 | 1.0210275338146952 × 10^344 |
| 124 | ov_124 | 5.271776534485519 × 10^343 |
| 125 | ov_125 | 2.431173301877597 × 10^343 |
| 126 | ov_126 | 9.48707731720694 × 10^342 |
| 127 | aaa_77_28 | 2.6601509340198133 × 10^342 |
| 128 | aaa_77_29 | 8.09923727139927 × 10^341 |
| 129 | ov_129 | 4.860501979692508 × 10^341 |
| 130 | ov_130 | 4.860485820139308 × 10^341 |
| 131 | ov_131 | 4.8604818982974655 × 10^341 |
| 132 | ov_132 | 4.248241649643721 × 10^341 |
| 133 | ov_133 | 3.70211232243596 × 10^341 |
| 134 | ov_134 | 3.2160625813418075 × 10^341 |
| 135 | ov_135 | 2.784405131181417 × 10^341 |
| 136 | ov_136 | 2.4017730163540203 × 10^341 |
| 137 | ov_137 | 2.0630985401317552 × 10^341 |
| 138 | ov_138 | 1.7635945671874948 × 10^341 |
| 139 | ov_139 | 1.4987380243580795 × 10^341 |
| 140 | ov_140 | 1.2642554447910279 × 10^341 |
| 141 | ov_141 | 1.0580708126674015 × 10^341 |
| 142 | ov_142 | 8.763739575564499 × 10^340 |
| 143 | ov_143 | 7.173151123417523 × 10^340 |
| 144 | ov_144 | 5.7915095347621474 × 10^340 |
| 145 | ov_145 | 4.602411332641233 × 10^340 |
| 146 | ov_146 | 3.590454703727689 × 10^340 |
| 147 | ov_147 | 2.74121713068156 × 10^340 |
| 148 | ov_148 | 2.0412378449804012 × 10^340 |
| 149 | ov_149 | 1.4780042688700863 × 10^340 |
| 150 | ov_150 | 1.0399417706865638 × 10^340 |
| 151 | ov_151 | 7.066873858938001 × 10^339 |
| 152 | ov_152 | 4.597253205393134 × 10^339 |
| 153 | ov_153 | 2.8238133131664856 × 10^339 |
| 154 | ov_154 | 1.5981928026826656 × 10^339 |
| 155 | ov_155 | 7.903917098010254 × 10^338 |
| 156 | aaa_76_25 | 2.887614919773379 × 10^338 |
| 157 | aaa_76_26 | 1.5085003853990348 × 10^338 |
| 158 | aaa_76_27 | 6.955175181465764 × 10^337 |
| 159 | aaa_76_28 | 2.713762391176076 × 10^337 |
| 160 | aaa_76_29 | 8.274084025524051 × 10^336 |

### Output Bits Sorted by Complexity

| Rank | Output Bit | Complexity |
|:----:|:----------:|:----------:|
| 160 | aaa_76_29 | 8.274084025524051 × 10^336 |
| 159 | aaa_76_28 | 2.713762391176076 × 10^337 |
| 158 | aaa_76_27 | 6.955175181465764 × 10^337 |
| 157 | aaa_76_26 | 1.5085003853990348 × 10^338 |
| 156 | aaa_76_25 | 2.887614919773379 × 10^338 |
| 155 | ov_155 | 7.903917098010254 × 10^338 |
| 154 | ov_154 | 1.5981928026826656 × 10^339 |
| 153 | ov_153 | 2.8238133131664856 × 10^339 |
| 152 | ov_152 | 4.597253205393134 × 10^339 |
| 151 | ov_151 | 7.066873858938001 × 10^339 |
| 150 | ov_150 | 1.0399417706865638 × 10^340 |
| 149 | ov_149 | 1.4780042688700863 × 10^340 |
| 148 | ov_148 | 2.0412378449804012 × 10^340 |
| 147 | ov_147 | 2.74121713068156 × 10^340 |
| 146 | ov_146 | 3.590454703727689 × 10^340 |
| 145 | ov_145 | 4.602411332641233 × 10^340 |
| 144 | ov_144 | 5.7915095347621474 × 10^340 |
| 143 | ov_143 | 7.173151123417523 × 10^340 |
| 142 | ov_142 | 8.763739575564499 × 10^340 |
| 141 | ov_141 | 1.0580708126674015 × 10^341 |
| 140 | ov_140 | 1.2642554447910279 × 10^341 |
| 139 | ov_139 | 1.4987380243580795 × 10^341 |
| 138 | ov_138 | 1.7635945671874948 × 10^341 |
| 137 | ov_137 | 2.0630985401317552 × 10^341 |
| 136 | ov_136 | 2.4017730163540203 × 10^341 |
| 135 | ov_135 | 2.784405131181417 × 10^341 |
| 134 | ov_134 | 3.2160625813418075 × 10^341 |
| 133 | ov_133 | 3.70211232243596 × 10^341 |
| 132 | ov_132 | 4.248241649643721 × 10^341 |
| 131 | ov_131 | 4.8604818982974655 × 10^341 |
| 130 | ov_130 | 4.860485820139308 × 10^341 |
| 129 | ov_129 | 4.860501979692508 × 10^341 |
| 128 | aaa_77_29 | 8.09923727139927 × 10^341 |
| 127 | aaa_77_28 | 2.6601509340198133 × 10^342 |
| 126 | ov_126 | 9.48707731720694 × 10^342 |
| 125 | ov_125 | 2.431173301877597 × 10^343 |
| 124 | ov_124 | 5.271776534485519 × 10^343 |
| 123 | ov_123 | 1.0210275338146952 × 10^344 |
| 122 | ov_122 | 1.8167826522891823 × 10^344 |
| 121 | ov_121 | 3.024700354608035 × 10^344 |
| 120 | ov_120 | 4.7731841440261536 × 10^344 |
| 119 | ov_119 | 7.208793453625779 × 10^344 |
| 118 | ov_118 | 1.0496262548252048 × 10^345 |
| 117 | ov_117 | 1.4818533825156515 × 10^345 |
| 116 | ov_116 | 2.037681224386698 × 10^345 |
| 115 | ov_115 | 2.7285472605623597 × 10^345 |
| 114 | ov_114 | 3.578253526026196 × 10^345 |
| 113 | ov_113 | 4.6001016959450925 × 10^345 |
| 112 | ov_112 | 5.82164575671275 × 10^345 |
| 111 | ov_111 | 7.272358693469936 × 10^345 |
| 110 | ov_110 | 8.983672862403316 × 10^345 |
| 109 | ov_109 | 1.0989030761387846 × 10^346 |
| 108 | ov_108 | 1.3306716444237938 × 10^346 |
| 107 | ov_107 | 1.5956107826348402 × 10^346 |
| 106 | ov_106 | 1.8977102319027265 × 10^346 |
| 105 | ov_105 | 2.2411935925434 × 10^346 |
| 104 | ov_104 | 2.6305302470518295 × 10^346 |
| 103 | ov_103 | 3.07044902652683 × 10^346 |
| 102 | ov_102 | 3.565953782827843 × 10^346 |
| 101 | ov_101 | 4.122341074458964 × 10^346 |
| 100 | ov_100 | 4.745220204002363 × 10^346 |
| 99 | ov_099 | 5.440535880922521 × 10^346 |
| 98 | ov_098 | 5.440539707243667 × 10^346 |
| 97 | ov_097 | 5.440555502781615 × 10^346 |
| 96 | aaa_78_29 | 5.673423751102917 × 10^346 |
| 95 | aaa_78_28 | 1.5125402781655304 × 10^347 |
| 94 | ov_094 | 3.790216439843852 × 10^347 |
| 93 | ov_093 | 1.5181037007435037 × 10^348 |
| 92 | ov_092 | 3.372665690374668 × 10^348 |
| 91 | ov_091 | 6.606634716590538 × 10^348 |
| 90 | ov_090 | 1.179850603155762 × 10^349 |
| 89 | ov_089 | 1.9630395576997487 × 10^349 |
| 88 | ov_088 | 3.0888071127878797 × 10^349 |
| 87 | ov_087 | 4.646101718192962 × 10^349 |
| 86 | ov_086 | 6.734255599139128 × 10^349 |
| 85 | ov_085 | 9.463005432805406 × 10^349 |
| 84 | ov_084 | 1.295252528287656 × 10^350 |
| 83 | ov_083 | 1.7333476202550765 × 10^350 |
| 82 | ov_082 | 2.2747077642297973 × 10^350 |
| 64 | lv_79_m31 | 2.930243438845858 × 10^350 |
| 81 | ov_081 | 2.9345206524985406 × 10^350 |
| 80 | ov_080 | 3.729053057812761 × 10^350 |
| 79 | ov_079 | 4.6756683241559006 × 10^350 |
| 78 | ov_078 | 5.792848714786166 × 10^350 |
| 77 | ov_077 | 7.100223285536319 × 10^350 |
| 76 | ov_076 | 8.61860200680968 × 10^350 |
| 75 | ov_075 | 1.037001691387536 × 10^351 |
| 74 | ov_074 | 1.2377771264300558 × 10^351 |
| 73 | ov_073 | 1.4666497881855304 × 10^351 |
| 63 | ov_063 | 1.5014812159206064 × 10^351 |
| 72 | ov_072 | 1.726222794470675 × 10^351 |
| 71 | ov_071 | 2.019247138393516 × 10^351 |
| 70 | ov_070 | 2.348630978627602 × 10^351 |
| 69 | ov_069 | 2.7174502770481415 × 10^351 |
| 68 | ov_068 | 3.12896092514097 × 10^351 |
| 67 | ov_067 | 3.586612528249855 × 10^351 |
| 66 | ov_066 | 3.5866169274376486 × 10^351 |
| 65 | ov_065 | 3.586630680860802 × 10^351 |
| 62 | ov_062 | 7.692279524211359 × 10^351 |
| 61 | ov_061 | 2.8003875939538504 × 10^352 |
| 60 | ov_060 | 8.00673245381002 × 10^352 |
| 59 | ov_059 | 1.929825872978246 × 10^353 |
| 58 | ov_058 | 4.091030266028022 × 10^353 |
| 57 | ov_057 | 7.844931682244971 × 10^353 |
| 56 | ov_056 | 1.3889290687657253 × 10^354 |
| 55 | ov_055 | 2.3058993707221636 × 10^354 |
| 54 | ov_054 | 3.632608014268089 × 10^354 |
| 53 | ov_053 | 5.47998034483149 × 10^354 |
| 52 | ov_052 | 7.972675179388493 × 10^354 |
| 51 | ov_051 | 1.1249106216294232 × 10^355 |
| 50 | ov_050 | 1.538882805388928 × 10^355 |
| 49 | ov_049 | 2.055788765430761 × 10^355 |
| 48 | ov_048 | 2.6936253433562884 × 10^355 |
| 32 | lv_80_m31 | 3.34319113310858 × 10^355 |
| 47 | ov_047 | 3.4717924473041057 × 10^355 |
| 46 | ov_046 | 4.411107843565603 × 10^355 |
| 45 | ov_045 | 5.533826655013638 × 10^355 |
| 44 | ov_044 | 6.863666486091391 × 10^355 |
| 43 | ov_043 | 8.413611232902121 × 10^355 |
| 42 | ov_042 | 1.0197422549793855 × 10^356 |
| 41 | ov_041 | 1.2229666405471687 × 10^356 |
| 40 | ov_040 | 1.454031100769625 × 10^356 |
| 31 | ov_031 | 1.7132238401954317 × 10^356 |
| 39 | ov_039 | 1.7161035155575033 × 10^356 |
| 38 | ov_038 | 2.0125311175092907 × 10^356 |
| 37 | ov_037 | 2.3468502308641332 × 10^356 |
| 36 | ov_036 | 2.722797617689689 × 10^356 |
| 35 | ov_035 | 3.1443236027671404 × 10^356 |
| 34 | ov_034 | 3.6156071586261525 × 10^356 |
| 33 | ov_033 | 4.141073142605613 × 10^356 |
| 30 | ov_030 | 8.778210894057561 × 10^356 |
| 29 | ov_029 | 3.196275353736023 × 10^357 |
| 28 | ov_028 | 8.423558142257218 × 10^357 |
| 27 | ov_027 | 1.9885422070574795 × 10^358 |
| 26 | ov_026 | 4.24241815215363 × 10^358 |
| 25 | ov_025 | 8.245126995095037 × 10^358 |
| 24 | ov_024 | 1.4794728271138118 × 10^359 |
| 23 | ov_023 | 2.4846210986620352 × 10^359 |
| 22 | ov_022 | 3.951152724743632 × 10^359 |
| 21 | ov_021 | 6.00596654036583 × 10^359 |
| 20 | ov_020 | 8.791679151652669 × 10^359 |
| 19 | ov_019 | 1.2466649856153188 × 10^360 |
| 18 | ov_018 | 1.7205021370479902 × 10^360 |
| 17 | ov_017 | 2.319678249599519 × 10^360 |
| 16 | ov_016 | 3.0647859950437395 × 10^360 |
| 15 | ov_015 | 3.9780247690948645 × 10^360 |
| 14 | ov_014 | 5.071715057798532 × 10^360 |
| 13 | ov_013 | 6.37132824745621 × 10^360 |
| 12 | ov_012 | 7.904013278104552 × 10^360 |
| 11 | ov_011 | 9.698634225485882 × 10^360 |
| 10 | ov_010 | 1.178581686569109 × 10^361 |
| 9 | ov_009 | 1.4182245978488854 × 10^361 |
| 8 | ov_008 | 1.6905569179157148 × 10^361 |
| 7 | ov_007 | 1.999208968049526 × 10^361 |
| 6 | ov_006 | 2.3461524386618177 × 10^361 |
| 5 | ov_005 | 2.735443054879706 × 10^361 |
| 4 | ov_004 | 3.171368380367275 × 10^361 |
| 3 | ov_003 | 3.6584631263300122 × 10^361 |
| 2 | ov_002 | 4.201526584995562 × 10^361 |
| 1 | ov_001 | 4.8056424205526625 × 10^361 |

