# Results for F001-F002-F003-F004-F005-F006-F007-F008-F009-F010-F011-F012-F013-F014-F015-F016-F017-F018-F019-F020-F021-F022-F023-F024-F025-F026-F027-F028-F029-F030-F031-F032-F033-F034-F035-F036-F037-F038-F039-F040-F041-F042-F043-F044-F045-F046-F047-F048-F049-F050-F051-F052-F053-F054-F055-F056-F057-F058-F059-F060-F061-F062-F063-F064-F065-F066-F067-F068-F069-F070-F071-F072-F073-F074-F075-F076-F077-F078-F079-F080-F081-F082-F083-F084-F085-F086-F087-F088-F089-F090-F091-F092-F093-F094-F095-F096-F097-F098-F099-F100-F101-F102-F103-F104-F105-F106-F107-F108-F109-F110-F111-F112-F113-F114-F115-F116-F117-F118-F119-F120-F121-F122-F123-F124-F125-F126-F127-F128-F129-F130-F131-F132-F133-F134-F135-F136-F137-F138-F139-F140-F141-F142-F143-F144-F145-F146-F147-F148-F149-F150-F151-F152-F153-F154-F155-F156-F157-F158-F159-F160-F161-F162-F163-F164-F165-F166-F167-F168-F169-F170-F171-F172-F173-F174-F175-F176-F177-F178-F179-F180-F181-F182-F183-F184-F185-F186-F187-F188-F189-F190-F191-F192-F193-F194-F195-F196-F197-F198-F199-F200-F201-F202-F203-F204-F205-F206-F207-F208-F209-F210-F211-F212-F213-F214-F215-F216-F217-F218-F219-F220-F221-F222-F223-F224-F225-F226-F227-F228-F229-F230-F231-F232-F233-F234-F235-F236-F237-F238-F239-F240-F241-F242-F243-F244-F245-F246-F247-F248-F249-F250-F251-F252-F253-F254-F255-F256-F257-F258-F259-F260-F261-F262-F263-F264-F265-F266-F267-F268-F269-F270-F271-F272-F273-F274-F275-F276-F277-F278-F279-F280-F281-F282-F283-F284-F285-F286-F287-F288-F289-F290-F291-F292-F293-F294-F295-F296-F297-F298-F299-F300-F301-F302-F303-F304-F305-F306-F307-F308-F309-F310-F311-F312-F313-F314-F315-F316-F317-F318-F319-F320-F321-F322-F323-F324-F325-F326-F327-F328-F329-F330-F331-F332-F333-F334-F335-F336-F337-F338-F339-F340-F341-F342-F343-F344-F345-F346-F347-F348-F349-F350-F351-F352-F353-F354-F355-F356-F357-F358-F359-F360-F361-F362-F363-F364-F365-F366-F367-F368-F369-F370-F371-F372-F373-F374-F375-F376-F377-F378-F379-F380-F381-F382-F383-F384-F385-F386-F387-F388-F389-F390-F391-F392-F393-F394-F395-F396-F397-F398-F399-F400-F401-F402-F403-F404-F405-F406-F407-F408-F409-F410-F411-F412-F413-F414-F415-F416-F417-F418-F419-F420-F421-F422-F423-F424-F425-F426-F427-F428-F429-F430-F431-F432-F433-F434-F435-F436-F437-F438-F439-F440-F441-F442-F443-F444-F445-F446-F447-F448-F449-F450-F451-F452-F453-F454-F455-F456-F457-F458-F459-F460-F461-F462-F463-F464-F465-F466-F467-F468-F469-F470-F471-F472-F473-F474-F475-F476-F477-F478-F479-F480-F481-F482-F483-F484-F485-F486-F487-F488-F489-F490-F491-F492-F493-F494-F495-F496-E497506-E500511-E507512

## Summary

Number of input bits: 512  
Number of free input bits: 13  
Number of output bits: 160

Number of direct occurrences: 53054  
Number of assignments: 32191  
Number of operations: 11406370
(xor: 11377730,
and: 14901,
or: 13739)

Total complexity: 9.53330394781861 × 10^302

Least occurring input variable: iv_502 (3905)  
Most occurring input variable: iv_507 (4351)

Most co-occurring input variables: iv_499-iv_510 (2044)  
Least co-occurring input variables: iv_498-iv_502 (1775)

Potentially most occurring input variable: iv_500/iv_507 (4597)  
Potentially least occurring input variable: iv_499/iv_508 (4110)

Least output occurring input variable: iv_508 (70)  
Most output occurring input variable: iv_498 (88)

Most output co-occurring input variables: iv_498-iv_510 (48)  
Least output co-occurring input variables: iv_502-iv_508 (30)

Potentially most output occurring input variable: iv_500/iv_502 (94)  
Potentially least output occurring input variable: iv_497/iv_503 (67)

Least complex input bit: iv_498 (1.3557290612885483 × 10^300)  
Most complex input bit: iv_510 (2.339238331148188 × 10^302)

Least complex output bit: aaa_76_29 (1.5334086075222838 × 10^278)  
Most complex output bit: ov_001 (1.4832304999629927 × 10^302)

Least complex input/output complexity: iv_498/aaa_76_29 (2.1806570140078745 × 10^275)  
Most complex input/output complexity: iv_510/ov_001 (3.6394828680936266 × 10^301)

## Input Bits

### Input Bits in Regular Order

| Input Bit | Complexity | Occurrences | Output Occurrences |
|:---------:|:----------:|:-----------:|:------------------:|
| iv_497 | 6.250999203912063 × 10^301 | 4209 | 73 |
| iv_498 | 1.3557290612885483 × 10^300 | 3965 | 88 |
| iv_499 | 2.4137942347775852 × 10^300 | 4136 | 81 |
| iv_500 | 7.336423928753687 × 10^301 | 4198 | 80 |
| iv_501 | 6.971389332672526 × 10^300 | 4119 | 83 |
| iv_502 | 1.1331207989243658 × 10^301 | 3905 | 82 |
| iv_503 | 1.7878427385104615 × 10^301 | 4059 | 74 |
| iv_504 | 2.754282869776705 × 10^301 | 3955 | 78 |
| iv_505 | 4.1622043084072755 × 10^301 | 3947 | 79 |
| iv_507 | 1.703856769426072 × 10^302 | 4351 | 72 |
| iv_508 | 1.2822107443044986 × 10^302 | 4026 | 70 |
| iv_509 | 1.7581015918240216 × 10^302 | 4028 | 78 |
| iv_510 | 2.339238331148188 × 10^302 | 4156 | 79 |

### Input Bits Sorted by Complexity

| Input Bit | Complexity | Occurrences | Output Occurrences |
|:---------:|:----------:|:-----------:|:------------------:|
| iv_498 | 1.3557290612885483 × 10^300 | 3965 | 88 |
| iv_499 | 2.4137942347775852 × 10^300 | 4136 | 81 |
| iv_501 | 6.971389332672526 × 10^300 | 4119 | 83 |
| iv_502 | 1.1331207989243658 × 10^301 | 3905 | 82 |
| iv_503 | 1.7878427385104615 × 10^301 | 4059 | 74 |
| iv_504 | 2.754282869776705 × 10^301 | 3955 | 78 |
| iv_505 | 4.1622043084072755 × 10^301 | 3947 | 79 |
| iv_497 | 6.250999203912063 × 10^301 | 4209 | 73 |
| iv_500 | 7.336423928753687 × 10^301 | 4198 | 80 |
| iv_508 | 1.2822107443044986 × 10^302 | 4026 | 70 |
| iv_507 | 1.703856769426072 × 10^302 | 4351 | 72 |
| iv_509 | 1.7581015918240216 × 10^302 | 4028 | 78 |
| iv_510 | 2.339238331148188 × 10^302 | 4156 | 79 |

### Input Bits Sorted by Occurrences

| Input Bit | Complexity | Occurrences | Output Occurrences |
|:---------:|:----------:|:-----------:|:------------------:|
| iv_502 | 1.1331207989243658 × 10^301 | 3905 | 82 |
| iv_505 | 4.1622043084072755 × 10^301 | 3947 | 79 |
| iv_504 | 2.754282869776705 × 10^301 | 3955 | 78 |
| iv_498 | 1.3557290612885483 × 10^300 | 3965 | 88 |
| iv_508 | 1.2822107443044986 × 10^302 | 4026 | 70 |
| iv_509 | 1.7581015918240216 × 10^302 | 4028 | 78 |
| iv_503 | 1.7878427385104615 × 10^301 | 4059 | 74 |
| iv_501 | 6.971389332672526 × 10^300 | 4119 | 83 |
| iv_499 | 2.4137942347775852 × 10^300 | 4136 | 81 |
| iv_510 | 2.339238331148188 × 10^302 | 4156 | 79 |
| iv_500 | 7.336423928753687 × 10^301 | 4198 | 80 |
| iv_497 | 6.250999203912063 × 10^301 | 4209 | 73 |
| iv_507 | 1.703856769426072 × 10^302 | 4351 | 72 |

### Input Bits Sorted by Output Occurrences

| Input Bit | Complexity | Occurrences | Output Occurrences |
|:---------:|:----------:|:-----------:|:------------------:|
| iv_508 | 1.2822107443044986 × 10^302 | 4026 | 70 |
| iv_507 | 1.703856769426072 × 10^302 | 4351 | 72 |
| iv_497 | 6.250999203912063 × 10^301 | 4209 | 73 |
| iv_503 | 1.7878427385104615 × 10^301 | 4059 | 74 |
| iv_504 | 2.754282869776705 × 10^301 | 3955 | 78 |
| iv_509 | 1.7581015918240216 × 10^302 | 4028 | 78 |
| iv_505 | 4.1622043084072755 × 10^301 | 3947 | 79 |
| iv_510 | 2.339238331148188 × 10^302 | 4156 | 79 |
| iv_500 | 7.336423928753687 × 10^301 | 4198 | 80 |
| iv_499 | 2.4137942347775852 × 10^300 | 4136 | 81 |
| iv_502 | 1.1331207989243658 × 10^301 | 3905 | 82 |
| iv_501 | 6.971389332672526 × 10^300 | 4119 | 83 |
| iv_498 | 1.3557290612885483 × 10^300 | 3965 | 88 |

## Input Bit Co-occurrences

### Input Bit Co-occurrences Sorted by Co-occurrences

| Input Bits | Co-occurrences | Potential Occurrences | Output Co-occurrences | Potential Output Occurrences |
|:----------:|:--------------:|:---------------------:|:---------------------:|:----------------------------:|
| iv_499-iv_510 | 2044 | 4204 | 43 | 74 |
| iv_499-iv_508 | 2026 | 4110 | 38 | 75 |
| iv_499-iv_507 | 2025 | 4437 | 37 | 79 |
| iv_501-iv_507 | 2016 | 4438 | 36 | 83 |
| iv_497-iv_510 | 2014 | 4337 | 40 | 72 |
| iv_497-iv_499 | 2005 | 4335 | 36 | 82 |
| iv_499-iv_500 | 2004 | 4326 | 41 | 79 |
| iv_507-iv_510 | 1997 | 4513 | 33 | 85 |
| iv_499-iv_501 | 1991 | 4273 | 43 | 78 |
| iv_499-iv_509 | 1987 | 4190 | 41 | 77 |
| iv_497-iv_507 | 1986 | 4588 | 33 | 79 |
| iv_500-iv_510 | 1986 | 4382 | 43 | 73 |
| iv_501-iv_510 | 1977 | 4321 | 40 | 82 |

### Input Bit Co-occurrences Sorted by Potential Occurrences

| Input Bits | Co-occurrences | Potential Occurrences | Output Co-occurrences | Potential Output Occurrences |
|:----------:|:--------------:|:---------------------:|:---------------------:|:----------------------------:|
| iv_499-iv_508 | 2026 | 4110 | 38 | 75 |
| iv_499-iv_502 | 1934 | 4173 | 41 | 81 |
| iv_502-iv_505 | 1839 | 4174 | 36 | 89 |
| iv_501-iv_505 | 1945 | 4176 | 45 | 72 |
| iv_504-iv_505 | 1861 | 4180 | 41 | 75 |
| iv_508-iv_509 | 1934 | 4186 | 35 | 78 |
| iv_499-iv_509 | 1987 | 4190 | 41 | 77 |
| iv_498-iv_508 | 1897 | 4197 | 37 | 84 |
| iv_499-iv_510 | 2044 | 4204 | 43 | 74 |
| iv_498-iv_504 | 1855 | 4210 | 46 | 74 |
| iv_498-iv_510 | 1953 | 4215 | 48 | 71 |
| iv_498-iv_503 | 1902 | 4220 | 43 | 76 |
| iv_504-iv_508 | 1880 | 4221 | 37 | 74 |

### Input Bit Output Co-occurrences Sorted by Output Co-occurrences

| Input Bits | Co-occurrences | Potential Occurrences | Output Co-occurrences | Potential Output Occurrences |
|:----------:|:--------------:|:---------------------:|:---------------------:|:----------------------------:|
| iv_498-iv_501 | 1886 | 4312 | 48 | 75 |
| iv_498-iv_510 | 1953 | 4215 | 48 | 71 |
| iv_498-iv_502 | 1775 | 4320 | 46 | 78 |
| iv_498-iv_504 | 1855 | 4210 | 46 | 74 |
| iv_498-iv_507 | 1925 | 4466 | 46 | 68 |
| iv_501-iv_505 | 1945 | 4176 | 45 | 72 |
| iv_498-iv_500 | 1857 | 4449 | 44 | 80 |
| iv_501-iv_509 | 1925 | 4297 | 43 | 75 |
| iv_498-iv_503 | 1902 | 4220 | 43 | 76 |
| iv_499-iv_501 | 1991 | 4273 | 43 | 78 |
| iv_499-iv_510 | 2044 | 4204 | 43 | 74 |
| iv_500-iv_510 | 1986 | 4382 | 43 | 73 |
| iv_501-iv_503 | 1963 | 4252 | 42 | 73 |

### Input Bit Output Co-occurrences Sorted by Potential Output Occurrences

| Input Bits | Co-occurrences | Potential Occurrences | Output Co-occurrences | Potential Output Occurrences |
|:----------:|:--------------:|:---------------------:|:---------------------:|:----------------------------:|
| iv_497-iv_503 | 1919 | 4430 | 40 | 67 |
| iv_498-iv_507 | 1925 | 4466 | 46 | 68 |
| iv_503-iv_504 | 1871 | 4272 | 41 | 70 |
| iv_500-iv_508 | 1930 | 4364 | 40 | 70 |
| iv_498-iv_510 | 1953 | 4215 | 48 | 71 |
| iv_501-iv_505 | 1945 | 4176 | 45 | 72 |
| iv_497-iv_510 | 2014 | 4337 | 40 | 72 |
| iv_501-iv_503 | 1963 | 4252 | 42 | 73 |
| iv_503-iv_505 | 1890 | 4226 | 40 | 73 |
| iv_500-iv_510 | 1986 | 4382 | 43 | 73 |
| iv_504-iv_508 | 1880 | 4221 | 37 | 74 |
| iv_498-iv_504 | 1855 | 4210 | 46 | 74 |
| iv_499-iv_510 | 2044 | 4204 | 43 | 74 |

## Output Bits

### Output Bits in Regular Order

| Rank | Output Bit | Complexity |
|:----:|:----------:|:----------:|
| 1 | ov_001 | 1.4832304999629927 × 10^302 |
| 2 | ov_002 | 1.2914375151735426 × 10^302 |
| 3 | ov_003 | 1.1191983609668594 × 10^302 |
| 4 | ov_004 | 9.650467297414352 × 10^301 |
| 5 | ov_005 | 8.27596914549659 × 10^301 |
| 6 | ov_006 | 7.055381337691925 × 10^301 |
| 7 | ov_007 | 5.976295866802776 × 10^301 |
| 8 | ov_008 | 5.026961731983776 × 10^301 |
| 9 | ov_009 | 4.1962481459480063 × 10^301 |
| 10 | ov_010 | 3.473613154901594 × 10^301 |
| 11 | ov_011 | 2.849077107497327 × 10^301 |
| 12 | ov_012 | 2.3132004416616372 × 10^301 |
| 13 | ov_013 | 1.8570652900088018 × 10^301 |
| 14 | ov_014 | 1.472260435860907 × 10^301 |
| 15 | ov_015 | 1.1508691827682014 × 10^301 |
| 16 | ov_016 | 8.854597309770709 × 10^300 |
| 17 | ov_017 | 6.69077684608063 × 10^300 |
| 18 | ov_018 | 4.952403434528534 × 10^300 |
| 19 | ov_019 | 3.5793246333027784 × 10^300 |
| 20 | ov_020 | 2.5160319889748503 × 10^300 |
| 21 | ov_021 | 1.7116397272138107 × 10^300 |
| 22 | ov_022 | 1.1198704429688384 × 10^300 |
| 23 | ov_023 | 6.990458256407118 × 10^299 |
| 24 | ov_024 | 4.120808201365678 × 10^299 |
| 25 | ov_025 | 2.264801049832658 × 10^299 |
| 26 | ov_026 | 1.1433616222300997 × 10^299 |
| 27 | ov_027 | 5.232836880312239 × 10^298 |
| 28 | ov_028 | 2.1722638100353109 × 10^298 |
| 29 | ov_029 | 8.371304460221544 × 10^297 |
| 30 | ov_030 | 2.5594149653281584 × 10^297 |
| 31 | ov_031 | 4.992502825263076 × 10^296 |
| 32 | lv_80_m31 | 9.736609441607065 × 10^295 |
| 33 | ov_033 | 1.1773847785026108 × 10^297 |
| 34 | ov_034 | 1.0237053811952433 × 10^297 |
| 35 | ov_035 | 8.85825732989609 × 10^296 |
| 36 | ov_036 | 7.625555173150765 × 10^296 |
| 37 | ov_037 | 6.527696124796384 × 10^296 |
| 38 | ov_038 | 5.554035180567926 × 10^296 |
| 39 | ov_039 | 4.694493756336458 × 10^296 |
| 40 | ov_040 | 3.9395252793617 × 10^296 |
| 41 | ov_041 | 3.2800856376074917 × 10^296 |
| 42 | ov_042 | 2.7076079937742603 × 10^296 |
| 43 | ov_043 | 2.2139815015072696 × 10^296 |
| 44 | ov_044 | 1.7915334906835843 × 10^296 |
| 45 | ov_045 | 1.4330147169479175 × 10^296 |
| 46 | ov_046 | 1.1315872979276594 × 10^296 |
| 47 | ov_047 | 8.808149849668258 × 10^295 |
| 48 | ov_048 | 6.74655444920024 × 10^295 |
| 49 | ov_049 | 5.074542516700842 × 10^295 |
| 50 | ov_050 | 3.7394031169239873 × 10^295 |
| 51 | ov_051 | 2.6922247228745785 × 10^295 |
| 52 | ov_052 | 1.8878708512929848 × 10^295 |
| 53 | ov_053 | 1.2849632160683435 × 10^295 |
| 54 | ov_054 | 8.458706012909803 × 10^294 |
| 55 | ov_055 | 5.367018917275831 × 10^294 |
| 56 | ov_056 | 3.2730193406510164 × 10^294 |
| 57 | ov_057 | 1.9124917637719145 × 10^294 |
| 58 | ov_058 | 1.0585437018808555 × 10^294 |
| 59 | ov_059 | 5.2159911366159614 × 10^293 |
| 60 | ov_060 | 2.1619856707259626 × 10^293 |
| 61 | ov_061 | 7.553903718080135 × 10^292 |
| 62 | ov_062 | 2.0727936525418174 × 10^292 |
| 63 | ov_063 | 4.041412076524508 × 10^291 |
| 64 | lv_79_m31 | 7.878176308869888 × 10^290 |
| 65 | ov_065 | 9.521192950273893 × 10^291 |
| 66 | ov_066 | 9.52116522324137 × 10^291 |
| 67 | ov_067 | 9.521158437838513 × 10^291 |
| 68 | ov_068 | 8.266053476320655 × 10^291 |
| 69 | ov_069 | 7.142892310320296 × 10^291 |
| 70 | ov_070 | 6.141170310850618 × 10^291 |
| 71 | ov_071 | 5.251028760445285 × 10^291 |
| 72 | ov_072 | 4.463211128663691 × 10^291 |
| 73 | ov_073 | 3.769023222926525 × 10^291 |
| 74 | ov_074 | 3.16029700730892 × 10^291 |
| 75 | ov_075 | 2.6293578901980726 × 10^291 |
| 76 | ov_076 | 2.168995288593868 × 10^291 |
| 77 | ov_077 | 1.7724362824654542 × 10^291 |
| 78 | ov_078 | 1.4333221771335745 × 10^291 |
| 79 | ov_079 | 1.1456877952759021 × 10^291 |
| 80 | ov_080 | 9.039433229882946 × 10^290 |
| 81 | ov_081 | 7.028585365049077 × 10^290 |
| 82 | ov_082 | 5.375492378001195 × 10^290 |
| 83 | ov_083 | 4.034657284695746 × 10^290 |
| 84 | ov_084 | 2.9638315211005627 × 10^290 |
| 85 | ov_085 | 2.1239353597098336 × 10^290 |
| 86 | ov_086 | 1.4789936300591358 × 10^290 |
| 87 | ov_087 | 9.960850567097616 × 10^289 |
| 88 | ov_088 | 6.453035294617764 × 10^289 |
| 89 | ov_089 | 3.997296212844245 × 10^289 |
| 90 | ov_090 | 2.3541066983689257 × 10^289 |
| 91 | ov_091 | 1.313477386367694 × 10^289 |
| 92 | ov_092 | 6.948778810964396 × 10^288 |
| 93 | ov_093 | 3.471946990651308 × 10^288 |
| 94 | ov_094 | 1.4871173388449274 × 10^288 |
| 95 | aaa_78_28 | 4.591885965105973 × 10^287 |
| 96 | aaa_78_29 | 1.4101011599581718 × 10^287 |
| 97 | ov_097 | 9.30677277086229 × 10^286 |
| 98 | ov_098 | 9.30649299417097 × 10^286 |
| 99 | ov_099 | 9.306403519430087 × 10^286 |
| 100 | ov_100 | 8.372723607833262 × 10^286 |
| 101 | ov_101 | 7.508332611776118 × 10^286 |
| 102 | ov_102 | 6.70938121639488 × 10^286 |
| 103 | ov_103 | 5.972298824388797 × 10^286 |
| 104 | ov_104 | 5.293758537868473 × 10^286 |
| 105 | ov_105 | 4.670645261428414 × 10^286 |
| 106 | ov_106 | 4.100026760727669 × 10^286 |
| 107 | ov_107 | 3.5791275173869085 × 10^286 |
| 108 | ov_108 | 3.105305226390226 × 10^286 |
| 109 | ov_109 | 2.6760297865605737 × 10^286 |
| 110 | ov_110 | 2.2888646381870144 × 10^286 |
| 111 | ov_111 | 1.9414503046427071 × 10^286 |
| 112 | ov_112 | 1.631489996958508 × 10^286 |
| 113 | ov_113 | 1.3567371419129256 × 10^286 |
| 114 | ov_114 | 1.1149846953605496 × 10^286 |
| 115 | ov_115 | 9.040561033345146 × 10^285 |
| 116 | ov_116 | 7.217977740015636 × 10^285 |
| 117 | ov_117 | 5.660729238893734 × 10^285 |
| 118 | ov_118 | 4.3475666200435023 × 10^285 |
| 119 | ov_119 | 3.2573217556420987 × 10^285 |
| 120 | ov_120 | 2.368878811223421 × 10^285 |
| 121 | ov_121 | 1.6611540488650002 × 10^285 |
| 122 | ov_122 | 1.1130825604684433 × 10^285 |
| 123 | ov_123 | 7.036101286464458 × 10^284 |
| 124 | ov_124 | 4.116881422755414 × 10^284 |
| 125 | ov_125 | 2.162704420902526 × 10^284 |
| 126 | ov_126 | 9.631170905198591 × 10^283 |
| 127 | aaa_77_28 | 3.0766844601692997 × 10^283 |
| 128 | aaa_77_29 | 1.1541326911552958 × 10^283 |
| 129 | ov_129 | 1.0832593544701908 × 10^283 |
| 130 | ov_130 | 1.0832563636713894 × 10^283 |
| 131 | ov_131 | 1.083255639231449 × 10^283 |
| 132 | ov_132 | 9.423351006705879 × 10^282 |
| 133 | ov_133 | 8.158422460614759 × 10^282 |
| 134 | ov_134 | 7.02694048022396 × 10^282 |
| 135 | ov_135 | 6.0186683848868 × 10^282 |
| 136 | ov_136 | 5.1239209759778354 × 10^282 |
| 137 | ov_137 | 4.3335279051457214 × 10^282 |
| 138 | ov_138 | 3.6388020215916914 × 10^282 |
| 139 | ov_139 | 3.0315122242713797 × 10^282 |
| 140 | ov_140 | 2.5038603702931363 × 10^282 |
| 141 | ov_141 | 2.0484618154376453 × 10^282 |
| 142 | ov_142 | 1.6583291868027504 × 10^282 |
| 143 | ov_143 | 1.3268590112132069 × 10^282 |
| 144 | ov_144 | 1.0478208463360213 × 10^282 |
| 145 | ov_145 | 8.153485844978919 × 10^281 |
| 146 | ov_146 | 6.239336220842682 × 10^281 |
| 147 | ov_147 | 4.6841961016617254 × 10^281 |
| 148 | ov_148 | 3.43998524693541 × 10^281 |
| 149 | ov_149 | 2.4620781724209716 × 10^281 |
| 150 | ov_150 | 1.7092842992378383 × 10^281 |
| 151 | ov_151 | 1.1438348067953185 × 10^281 |
| 152 | ov_152 | 7.313744777355551 × 10^280 |
| 153 | ov_153 | 4.409570490375748 × 10^280 |
| 154 | ov_154 | 2.4504280935303124 × 10^280 |
| 155 | ov_155 | 1.1949744122784497 × 10^280 |
| 156 | aaa_76_25 | 4.3591480740389176 × 10^279 |
| 157 | aaa_76_26 | 2.5197485765098634 × 10^279 |
| 158 | aaa_76_27 | 1.291263738888437 × 10^279 |
| 159 | aaa_76_28 | 5.034752306825301 × 10^278 |
| 160 | aaa_76_29 | 1.5334086075222838 × 10^278 |

### Output Bits Sorted by Complexity

| Rank | Output Bit | Complexity |
|:----:|:----------:|:----------:|
| 160 | aaa_76_29 | 1.5334086075222838 × 10^278 |
| 159 | aaa_76_28 | 5.034752306825301 × 10^278 |
| 158 | aaa_76_27 | 1.291263738888437 × 10^279 |
| 157 | aaa_76_26 | 2.5197485765098634 × 10^279 |
| 156 | aaa_76_25 | 4.3591480740389176 × 10^279 |
| 155 | ov_155 | 1.1949744122784497 × 10^280 |
| 154 | ov_154 | 2.4504280935303124 × 10^280 |
| 153 | ov_153 | 4.409570490375748 × 10^280 |
| 152 | ov_152 | 7.313744777355551 × 10^280 |
| 151 | ov_151 | 1.1438348067953185 × 10^281 |
| 150 | ov_150 | 1.7092842992378383 × 10^281 |
| 149 | ov_149 | 2.4620781724209716 × 10^281 |
| 148 | ov_148 | 3.43998524693541 × 10^281 |
| 147 | ov_147 | 4.6841961016617254 × 10^281 |
| 146 | ov_146 | 6.239336220842682 × 10^281 |
| 145 | ov_145 | 8.153485844978919 × 10^281 |
| 144 | ov_144 | 1.0478208463360213 × 10^282 |
| 143 | ov_143 | 1.3268590112132069 × 10^282 |
| 142 | ov_142 | 1.6583291868027504 × 10^282 |
| 141 | ov_141 | 2.0484618154376453 × 10^282 |
| 140 | ov_140 | 2.5038603702931363 × 10^282 |
| 139 | ov_139 | 3.0315122242713797 × 10^282 |
| 138 | ov_138 | 3.6388020215916914 × 10^282 |
| 137 | ov_137 | 4.3335279051457214 × 10^282 |
| 136 | ov_136 | 5.1239209759778354 × 10^282 |
| 135 | ov_135 | 6.0186683848868 × 10^282 |
| 134 | ov_134 | 7.02694048022396 × 10^282 |
| 133 | ov_133 | 8.158422460614759 × 10^282 |
| 132 | ov_132 | 9.423351006705879 × 10^282 |
| 131 | ov_131 | 1.083255639231449 × 10^283 |
| 130 | ov_130 | 1.0832563636713894 × 10^283 |
| 129 | ov_129 | 1.0832593544701908 × 10^283 |
| 128 | aaa_77_29 | 1.1541326911552958 × 10^283 |
| 127 | aaa_77_28 | 3.0766844601692997 × 10^283 |
| 126 | ov_126 | 9.631170905198591 × 10^283 |
| 125 | ov_125 | 2.162704420902526 × 10^284 |
| 124 | ov_124 | 4.116881422755414 × 10^284 |
| 123 | ov_123 | 7.036101286464458 × 10^284 |
| 122 | ov_122 | 1.1130825604684433 × 10^285 |
| 121 | ov_121 | 1.6611540488650002 × 10^285 |
| 120 | ov_120 | 2.368878811223421 × 10^285 |
| 119 | ov_119 | 3.2573217556420987 × 10^285 |
| 118 | ov_118 | 4.3475666200435023 × 10^285 |
| 117 | ov_117 | 5.660729238893734 × 10^285 |
| 116 | ov_116 | 7.217977740015636 × 10^285 |
| 115 | ov_115 | 9.040561033345146 × 10^285 |
| 114 | ov_114 | 1.1149846953605496 × 10^286 |
| 113 | ov_113 | 1.3567371419129256 × 10^286 |
| 112 | ov_112 | 1.631489996958508 × 10^286 |
| 111 | ov_111 | 1.9414503046427071 × 10^286 |
| 110 | ov_110 | 2.2888646381870144 × 10^286 |
| 109 | ov_109 | 2.6760297865605737 × 10^286 |
| 108 | ov_108 | 3.105305226390226 × 10^286 |
| 107 | ov_107 | 3.5791275173869085 × 10^286 |
| 106 | ov_106 | 4.100026760727669 × 10^286 |
| 105 | ov_105 | 4.670645261428414 × 10^286 |
| 104 | ov_104 | 5.293758537868473 × 10^286 |
| 103 | ov_103 | 5.972298824388797 × 10^286 |
| 102 | ov_102 | 6.70938121639488 × 10^286 |
| 101 | ov_101 | 7.508332611776118 × 10^286 |
| 100 | ov_100 | 8.372723607833262 × 10^286 |
| 99 | ov_099 | 9.306403519430087 × 10^286 |
| 98 | ov_098 | 9.30649299417097 × 10^286 |
| 97 | ov_097 | 9.30677277086229 × 10^286 |
| 96 | aaa_78_29 | 1.4101011599581718 × 10^287 |
| 95 | aaa_78_28 | 4.591885965105973 × 10^287 |
| 94 | ov_094 | 1.4871173388449274 × 10^288 |
| 93 | ov_093 | 3.471946990651308 × 10^288 |
| 92 | ov_092 | 6.948778810964396 × 10^288 |
| 91 | ov_091 | 1.313477386367694 × 10^289 |
| 90 | ov_090 | 2.3541066983689257 × 10^289 |
| 89 | ov_089 | 3.997296212844245 × 10^289 |
| 88 | ov_088 | 6.453035294617764 × 10^289 |
| 87 | ov_087 | 9.960850567097616 × 10^289 |
| 86 | ov_086 | 1.4789936300591358 × 10^290 |
| 85 | ov_085 | 2.1239353597098336 × 10^290 |
| 84 | ov_084 | 2.9638315211005627 × 10^290 |
| 83 | ov_083 | 4.034657284695746 × 10^290 |
| 82 | ov_082 | 5.375492378001195 × 10^290 |
| 81 | ov_081 | 7.028585365049077 × 10^290 |
| 64 | lv_79_m31 | 7.878176308869888 × 10^290 |
| 80 | ov_080 | 9.039433229882946 × 10^290 |
| 79 | ov_079 | 1.1456877952759021 × 10^291 |
| 78 | ov_078 | 1.4333221771335745 × 10^291 |
| 77 | ov_077 | 1.7724362824654542 × 10^291 |
| 76 | ov_076 | 2.168995288593868 × 10^291 |
| 75 | ov_075 | 2.6293578901980726 × 10^291 |
| 74 | ov_074 | 3.16029700730892 × 10^291 |
| 73 | ov_073 | 3.769023222926525 × 10^291 |
| 63 | ov_063 | 4.041412076524508 × 10^291 |
| 72 | ov_072 | 4.463211128663691 × 10^291 |
| 71 | ov_071 | 5.251028760445285 × 10^291 |
| 70 | ov_070 | 6.141170310850618 × 10^291 |
| 69 | ov_069 | 7.142892310320296 × 10^291 |
| 68 | ov_068 | 8.266053476320655 × 10^291 |
| 67 | ov_067 | 9.521158437838513 × 10^291 |
| 66 | ov_066 | 9.52116522324137 × 10^291 |
| 65 | ov_065 | 9.521192950273893 × 10^291 |
| 62 | ov_062 | 2.0727936525418174 × 10^292 |
| 61 | ov_061 | 7.553903718080135 × 10^292 |
| 60 | ov_060 | 2.1619856707259626 × 10^293 |
| 59 | ov_059 | 5.2159911366159614 × 10^293 |
| 58 | ov_058 | 1.0585437018808555 × 10^294 |
| 57 | ov_057 | 1.9124917637719145 × 10^294 |
| 56 | ov_056 | 3.2730193406510164 × 10^294 |
| 55 | ov_055 | 5.367018917275831 × 10^294 |
| 54 | ov_054 | 8.458706012909803 × 10^294 |
| 53 | ov_053 | 1.2849632160683435 × 10^295 |
| 52 | ov_052 | 1.8878708512929848 × 10^295 |
| 51 | ov_051 | 2.6922247228745785 × 10^295 |
| 50 | ov_050 | 3.7394031169239873 × 10^295 |
| 49 | ov_049 | 5.074542516700842 × 10^295 |
| 48 | ov_048 | 6.74655444920024 × 10^295 |
| 47 | ov_047 | 8.808149849668258 × 10^295 |
| 32 | lv_80_m31 | 9.736609441607065 × 10^295 |
| 46 | ov_046 | 1.1315872979276594 × 10^296 |
| 45 | ov_045 | 1.4330147169479175 × 10^296 |
| 44 | ov_044 | 1.7915334906835843 × 10^296 |
| 43 | ov_043 | 2.2139815015072696 × 10^296 |
| 42 | ov_042 | 2.7076079937742603 × 10^296 |
| 41 | ov_041 | 3.2800856376074917 × 10^296 |
| 40 | ov_040 | 3.9395252793617 × 10^296 |
| 39 | ov_039 | 4.694493756336458 × 10^296 |
| 31 | ov_031 | 4.992502825263076 × 10^296 |
| 38 | ov_038 | 5.554035180567926 × 10^296 |
| 37 | ov_037 | 6.527696124796384 × 10^296 |
| 36 | ov_036 | 7.625555173150765 × 10^296 |
| 35 | ov_035 | 8.85825732989609 × 10^296 |
| 34 | ov_034 | 1.0237053811952433 × 10^297 |
| 33 | ov_033 | 1.1773847785026108 × 10^297 |
| 30 | ov_030 | 2.5594149653281584 × 10^297 |
| 29 | ov_029 | 8.371304460221544 × 10^297 |
| 28 | ov_028 | 2.1722638100353109 × 10^298 |
| 27 | ov_027 | 5.232836880312239 × 10^298 |
| 26 | ov_026 | 1.1433616222300997 × 10^299 |
| 25 | ov_025 | 2.264801049832658 × 10^299 |
| 24 | ov_024 | 4.120808201365678 × 10^299 |
| 23 | ov_023 | 6.990458256407118 × 10^299 |
| 22 | ov_022 | 1.1198704429688384 × 10^300 |
| 21 | ov_021 | 1.7116397272138107 × 10^300 |
| 20 | ov_020 | 2.5160319889748503 × 10^300 |
| 19 | ov_019 | 3.5793246333027784 × 10^300 |
| 18 | ov_018 | 4.952403434528534 × 10^300 |
| 17 | ov_017 | 6.69077684608063 × 10^300 |
| 16 | ov_016 | 8.854597309770709 × 10^300 |
| 15 | ov_015 | 1.1508691827682014 × 10^301 |
| 14 | ov_014 | 1.472260435860907 × 10^301 |
| 13 | ov_013 | 1.8570652900088018 × 10^301 |
| 12 | ov_012 | 2.3132004416616372 × 10^301 |
| 11 | ov_011 | 2.849077107497327 × 10^301 |
| 10 | ov_010 | 3.473613154901594 × 10^301 |
| 9 | ov_009 | 4.1962481459480063 × 10^301 |
| 8 | ov_008 | 5.026961731983776 × 10^301 |
| 7 | ov_007 | 5.976295866802776 × 10^301 |
| 6 | ov_006 | 7.055381337691925 × 10^301 |
| 5 | ov_005 | 8.27596914549659 × 10^301 |
| 4 | ov_004 | 9.650467297414352 × 10^301 |
| 3 | ov_003 | 1.1191983609668594 × 10^302 |
| 2 | ov_002 | 1.2914375151735426 × 10^302 |
| 1 | ov_001 | 1.4832304999629927 × 10^302 |

