# Results for F001-F002-F003-F004-F005-F006-F007-F008-F009-F010-F011-F012-F013-F014-F015-F016-F017-F018-F019-F020-F021-F022-F023-F024-F025-F026-F027-F028-F029-F030-F031-F032-F033-F034-F035-F036-F037-F038-F039-F040-F041-F042-F043-F044-F045-F046-F047-F048-F049-F050-F051-F052-F053-F054-F055-F056-F057-F058-F059-F060-F061-F062-F063-F064-F065-F066-F067-F068-F069-F070-F071-F072-F073-F074-F075-F076-F077-F078-F079-F080-F081-F082-F083-F084-F085-F086-F087-F088-F089-F090-F091-F092-F093-F094-F095-F096-F097-F098-F099-F100-F101-F102-F103-F104-F105-F106-F107-F108-F109-F110-F111-F112-F113-F114-F115-F116-F117-F118-F119-F120-F121-F122-F123-F124-F125-F126-F127-F128-F129-F130-F131-F132-F133-F134-F135-F136-F137-F138-F139-F140-F141-F142-F143-F144-F145-F146-F147-F148-F149-F150-F151-F152-F153-F154-F155-F156-F157-F158-F159-F160-F161-F162-F163-F164-F165-F166-F167-F168-F169-F170-F171-F172-F173-F174-F175-F176-F177-F178-F179-F180-F181-F182-F183-F184-F185-F186-F187-F188-F189-F190-F191-F192-F193-F194-F195-F196-F197-F198-F199-F200-F201-F202-F203-F204-F205-F206-F207-F208-F209-F210-F211-F212-F213-F214-F215-F216-F217-F218-F219-F220-F221-F222-F223-F224-F225-F226-F227-F228-F229-F230-F231-F232-F233-F234-F235-F236-F237-F238-F239-F240-F241-F242-F243-F244-F245-F246-F247-F248-F249-F250-F251-F252-F253-F254-F255-F256-F257-F258-F259-F260-F261-F262-F263-F264-F265-F266-F267-F268-F269-F270-F271-F272-F273-F274-F275-F276-F277-F278-F279-F280-F281-F282-F283-F284-F285-F286-F287-F288-F289-F290-F291-F292-F293-F294-F295-F296-F297-F298-F299-F300-F301-F302-F303-F304-F305-F306-F307-F308-F309-F310-F311-F312-F313-F314-F315-F316-F317-F318-F319-F320-F321-F322-F323-F324-F325-F326-F327-F328-F329-F330-F331-F332-F333-F334-F335-F336-F337-F338-F339-F340-F341-F342-F343-F344-F345-F346-F347-F348-F349-F350-F351-F352-F353-F354-F355-F356-F357-F358-F359-F360-F361-F362-F363-F364-F365-F366-F367-F368-F369-F370-F371-F372-F373-F374-F375-F376-F377-F378-F379-F380-F381-F382-F383-F384-F385-F386-F387-F388-F389-F390-F391-F392-F393-F394-F395-F396-F397-F398-F399-F400-F401-F402-F403-F404-F405-F406-F407-F408-F409-F410-F411-F412-F413-F414-F415-F416-F417-F418-F419-F420-F421-F422-F423-F424-F425-F426-F427-F428-F429-F430-F431-F432-F433-F434-F435-F436-F437-F438-F439-F440-F441-F442-F443-F444-F445-F446-F447-F448-F449-F450-F451-F452-F453-F454-F455-F456-F457-F458-F459-F460-F461-F462-F463-F464-F465-F466-F467-F468-F469-F470-F471-F472-F473-F474-F475-F476-F477-F478-F479-F480-F481-F482-F483-F484-F485-F486-F487-F488-F489-F490-F491-F492-F493-F494-F495-F496-E500511-F510-F512

## Summary

Number of input bits: 512  
Number of free input bits: 13  
Number of output bits: 160

Number of direct occurrences: 52891  
Number of assignments: 31724  
Number of operations: 11182323
(xor: 11153951,
and: 14845,
or: 13527)

Total complexity: 6.771067240127703 × 10^300

Least occurring input variable: iv_502 (3896)  
Most occurring input variable: iv_509 (4228)

Most co-occurring input variables: iv_508-iv_509 (2077)  
Least co-occurring input variables: iv_498-iv_502 (1769)

Potentially most occurring input variable: iv_500/iv_501 (4571)  
Potentially least occurring input variable: iv_504/iv_505 (4017)

Least output occurring input variable: iv_503 (72)  
Most output occurring input variable: iv_497 (93)

Most output co-occurring input variables: iv_497-iv_502 (52)  
Least output co-occurring input variables: iv_505-iv_507 (31)

Potentially most output occurring input variable: iv_500/iv_502 (94)  
Potentially least output occurring input variable: iv_499/iv_505 (57)

Least complex input bit: iv_497 (1.9238546237025353 × 10^298)  
Most complex input bit: iv_505 (1.1525455940636096 × 10^300)

Least complex output bit: aaa_76_29 (1.195968423632556 × 10^276)  
Most complex output bit: ov_001 (1.058556653543228 × 10^300)

Least complex input/output complexity: iv_497/aaa_76_29 (3.398089695479563 × 10^273)  
Most complex input/output complexity: iv_505/ov_001 (1.8018353146422956 × 10^299)

## Input Bits

### Input Bits in Regular Order

| Input Bit | Complexity | Occurrences | Output Occurrences |
|:---------:|:----------:|:-----------:|:------------------:|
| iv_497 | 1.9238546237025353 × 10^298 | 4146 | 93 |
| iv_498 | 3.835494822274824 × 10^298 | 3946 | 88 |
| iv_499 | 6.753039946738327 × 10^298 | 3956 | 81 |
| iv_500 | 1.144566424504578 × 10^299 | 4225 | 80 |
| iv_501 | 1.8772500534293605 × 10^299 | 4090 | 83 |
| iv_502 | 3.037575067596904 × 10^299 | 3896 | 82 |
| iv_503 | 4.8282060583930395 × 10^299 | 4062 | 72 |
| iv_504 | 7.526678359813168 × 10^299 | 3938 | 78 |
| iv_505 | 1.1525455940636096 × 10^300 | 4093 | 72 |
| iv_506 | 5.824334866250452 × 10^299 | 3975 | 82 |
| iv_507 | 8.355447206853113 × 10^299 | 4186 | 76 |
| iv_508 | 1.108909050744048 × 10^300 | 4150 | 74 |
| iv_509 | 1.125082897708839 × 10^300 | 4228 | 87 |

### Input Bits Sorted by Complexity

| Input Bit | Complexity | Occurrences | Output Occurrences |
|:---------:|:----------:|:-----------:|:------------------:|
| iv_497 | 1.9238546237025353 × 10^298 | 4146 | 93 |
| iv_498 | 3.835494822274824 × 10^298 | 3946 | 88 |
| iv_499 | 6.753039946738327 × 10^298 | 3956 | 81 |
| iv_500 | 1.144566424504578 × 10^299 | 4225 | 80 |
| iv_501 | 1.8772500534293605 × 10^299 | 4090 | 83 |
| iv_502 | 3.037575067596904 × 10^299 | 3896 | 82 |
| iv_503 | 4.8282060583930395 × 10^299 | 4062 | 72 |
| iv_506 | 5.824334866250452 × 10^299 | 3975 | 82 |
| iv_504 | 7.526678359813168 × 10^299 | 3938 | 78 |
| iv_507 | 8.355447206853113 × 10^299 | 4186 | 76 |
| iv_508 | 1.108909050744048 × 10^300 | 4150 | 74 |
| iv_509 | 1.125082897708839 × 10^300 | 4228 | 87 |
| iv_505 | 1.1525455940636096 × 10^300 | 4093 | 72 |

### Input Bits Sorted by Occurrences

| Input Bit | Complexity | Occurrences | Output Occurrences |
|:---------:|:----------:|:-----------:|:------------------:|
| iv_502 | 3.037575067596904 × 10^299 | 3896 | 82 |
| iv_504 | 7.526678359813168 × 10^299 | 3938 | 78 |
| iv_498 | 3.835494822274824 × 10^298 | 3946 | 88 |
| iv_499 | 6.753039946738327 × 10^298 | 3956 | 81 |
| iv_506 | 5.824334866250452 × 10^299 | 3975 | 82 |
| iv_503 | 4.8282060583930395 × 10^299 | 4062 | 72 |
| iv_501 | 1.8772500534293605 × 10^299 | 4090 | 83 |
| iv_505 | 1.1525455940636096 × 10^300 | 4093 | 72 |
| iv_497 | 1.9238546237025353 × 10^298 | 4146 | 93 |
| iv_508 | 1.108909050744048 × 10^300 | 4150 | 74 |
| iv_507 | 8.355447206853113 × 10^299 | 4186 | 76 |
| iv_500 | 1.144566424504578 × 10^299 | 4225 | 80 |
| iv_509 | 1.125082897708839 × 10^300 | 4228 | 87 |

### Input Bits Sorted by Output Occurrences

| Input Bit | Complexity | Occurrences | Output Occurrences |
|:---------:|:----------:|:-----------:|:------------------:|
| iv_503 | 4.8282060583930395 × 10^299 | 4062 | 72 |
| iv_505 | 1.1525455940636096 × 10^300 | 4093 | 72 |
| iv_508 | 1.108909050744048 × 10^300 | 4150 | 74 |
| iv_507 | 8.355447206853113 × 10^299 | 4186 | 76 |
| iv_504 | 7.526678359813168 × 10^299 | 3938 | 78 |
| iv_500 | 1.144566424504578 × 10^299 | 4225 | 80 |
| iv_499 | 6.753039946738327 × 10^298 | 3956 | 81 |
| iv_502 | 3.037575067596904 × 10^299 | 3896 | 82 |
| iv_506 | 5.824334866250452 × 10^299 | 3975 | 82 |
| iv_501 | 1.8772500534293605 × 10^299 | 4090 | 83 |
| iv_509 | 1.125082897708839 × 10^300 | 4228 | 87 |
| iv_498 | 3.835494822274824 × 10^298 | 3946 | 88 |
| iv_497 | 1.9238546237025353 × 10^298 | 4146 | 93 |

## Input Bit Co-occurrences

### Input Bit Co-occurrences Sorted by Co-occurrences

| Input Bits | Co-occurrences | Potential Occurrences | Output Co-occurrences | Potential Output Occurrences |
|:----------:|:--------------:|:---------------------:|:---------------------:|:----------------------------:|
| iv_508-iv_509 | 2077 | 4224 | 40 | 81 |
| iv_507-iv_509 | 2065 | 4284 | 44 | 75 |
| iv_505-iv_507 | 2052 | 4175 | 31 | 86 |
| iv_497-iv_507 | 2050 | 4232 | 44 | 81 |
| iv_501-iv_505 | 2039 | 4105 | 41 | 73 |
| iv_501-iv_509 | 2034 | 4250 | 49 | 72 |
| iv_497-iv_509 | 2020 | 4334 | 50 | 80 |
| iv_497-iv_501 | 2008 | 4220 | 48 | 80 |
| iv_504-iv_505 | 2007 | 4017 | 39 | 72 |
| iv_506-iv_507 | 1997 | 4167 | 39 | 80 |
| iv_505-iv_508 | 1987 | 4269 | 40 | 66 |
| iv_497-iv_505 | 1986 | 4267 | 38 | 89 |
| iv_505-iv_509 | 1986 | 4349 | 36 | 87 |

### Input Bit Co-occurrences Sorted by Potential Occurrences

| Input Bits | Co-occurrences | Potential Occurrences | Output Co-occurrences | Potential Output Occurrences |
|:----------:|:--------------:|:---------------------:|:---------------------:|:----------------------------:|
| iv_504-iv_505 | 2007 | 4017 | 39 | 72 |
| iv_501-iv_505 | 2039 | 4105 | 41 | 73 |
| iv_502-iv_505 | 1924 | 4141 | 37 | 80 |
| iv_504-iv_506 | 1878 | 4157 | 42 | 76 |
| iv_499-iv_504 | 1868 | 4158 | 38 | 83 |
| iv_506-iv_507 | 1997 | 4167 | 39 | 80 |
| iv_505-iv_507 | 2052 | 4175 | 31 | 86 |
| iv_499-iv_501 | 1932 | 4182 | 44 | 76 |
| iv_499-iv_505 | 1930 | 4189 | 48 | 57 |
| iv_498-iv_504 | 1847 | 4190 | 46 | 74 |
| iv_503-iv_506 | 1913 | 4211 | 39 | 76 |
| iv_497-iv_506 | 1955 | 4211 | 51 | 73 |
| iv_502-iv_504 | 1809 | 4216 | 42 | 76 |

### Input Bit Output Co-occurrences Sorted by Output Co-occurrences

| Input Bits | Co-occurrences | Potential Occurrences | Output Co-occurrences | Potential Output Occurrences |
|:----------:|:--------------:|:---------------------:|:---------------------:|:----------------------------:|
| iv_498-iv_509 | 1881 | 4412 | 52 | 71 |
| iv_497-iv_502 | 1905 | 4232 | 52 | 71 |
| iv_497-iv_506 | 1955 | 4211 | 51 | 73 |
| iv_497-iv_504 | 1929 | 4226 | 50 | 71 |
| iv_497-iv_498 | 1893 | 4306 | 50 | 81 |
| iv_497-iv_509 | 2020 | 4334 | 50 | 80 |
| iv_501-iv_509 | 2034 | 4250 | 49 | 72 |
| iv_498-iv_499 | 1833 | 4236 | 48 | 73 |
| iv_498-iv_501 | 1873 | 4290 | 48 | 75 |
| iv_498-iv_505 | 1901 | 4237 | 48 | 64 |
| iv_499-iv_505 | 1930 | 4189 | 48 | 57 |
| iv_497-iv_501 | 2008 | 4220 | 48 | 80 |
| iv_497-iv_500 | 1944 | 4483 | 48 | 77 |

### Input Bit Output Co-occurrences Sorted by Potential Output Occurrences

| Input Bits | Co-occurrences | Potential Occurrences | Output Co-occurrences | Potential Output Occurrences |
|:----------:|:--------------:|:---------------------:|:---------------------:|:----------------------------:|
| iv_499-iv_505 | 1930 | 4189 | 48 | 57 |
| iv_498-iv_505 | 1901 | 4237 | 48 | 64 |
| iv_505-iv_508 | 1987 | 4269 | 40 | 66 |
| iv_498-iv_508 | 1878 | 4340 | 47 | 68 |
| iv_501-iv_508 | 1940 | 4360 | 43 | 71 |
| iv_503-iv_509 | 1921 | 4448 | 44 | 71 |
| iv_497-iv_504 | 1929 | 4226 | 50 | 71 |
| iv_498-iv_509 | 1881 | 4412 | 52 | 71 |
| iv_497-iv_502 | 1905 | 4232 | 52 | 71 |
| iv_501-iv_509 | 2034 | 4250 | 49 | 72 |
| iv_504-iv_508 | 1916 | 4256 | 40 | 72 |
| iv_504-iv_505 | 2007 | 4017 | 39 | 72 |
| iv_500-iv_503 | 1899 | 4489 | 40 | 72 |

## Output Bits

### Output Bits in Regular Order

| Rank | Output Bit | Complexity |
|:----:|:----------:|:----------:|
| 1 | ov_001 | 1.058556653543228 × 10^300 |
| 2 | ov_002 | 9.211222388135373 × 10^299 |
| 3 | ov_003 | 7.977361822602143 × 10^299 |
| 4 | ov_004 | 6.873451390598432 × 10^299 |
| 5 | ov_005 | 5.889534523279236 × 10^299 |
| 6 | ov_006 | 5.01619070893492 × 10^299 |
| 7 | ov_007 | 4.244499902810019 × 10^299 |
| 8 | ov_008 | 3.5660117509309426 × 10^299 |
| 9 | ov_009 | 2.9727192370477976 × 10^299 |
| 10 | ov_010 | 2.45703632792264 × 10^299 |
| 11 | ov_011 | 2.01177918755046 × 10^299 |
| 12 | ov_012 | 1.6301505556326355 × 10^299 |
| 13 | ov_013 | 1.305726909836487 × 10^299 |
| 14 | ov_014 | 1.0324480551813819 × 10^299 |
| 15 | ov_015 | 8.046088073863734 × 10^298 |
| 16 | ov_016 | 6.168524602751612 × 10^298 |
| 17 | ov_017 | 4.641657504249045 × 10^298 |
| 18 | ov_018 | 3.418750552165589 × 10^298 |
| 19 | ov_019 | 2.4564358333451817 × 10^298 |
| 20 | ov_020 | 1.7146933960067843 × 10^298 |
| 21 | ov_021 | 1.1568367819156576 × 10^298 |
| 22 | ov_022 | 7.495029978984767 × 10^297 |
| 23 | ov_023 | 4.6264577507703 × 10^297 |
| 24 | ov_024 | 2.6953118585979346 × 10^297 |
| 25 | ov_025 | 1.46734961280457 × 10^297 |
| 26 | ov_026 | 7.414102102277954 × 10^296 |
| 27 | ov_027 | 3.494078154003467 × 10^296 |
| 28 | ov_028 | 1.5632883140893849 × 10^296 |
| 29 | ov_029 | 6.0231021046467 × 10^295 |
| 30 | ov_030 | 1.8411059979610357 × 10^295 |
| 31 | ov_031 | 3.5905841451723573 × 10^294 |
| 32 | lv_80_m31 | 7.001150606412026 × 10^293 |
| 33 | ov_033 | 8.432200709626952 × 10^294 |
| 34 | ov_034 | 7.321609248733508 × 10^294 |
| 35 | ov_035 | 6.32672351031355 × 10^294 |
| 36 | ov_036 | 5.438495722596955 × 10^294 |
| 37 | ov_037 | 4.648371820194643 × 10^294 |
| 38 | ov_038 | 3.948256759501141 × 10^294 |
| 39 | ov_039 | 3.330484387947171 × 10^294 |
| 40 | ov_040 | 2.7877914350342727 × 10^294 |
| 41 | ov_041 | 2.3132952194311372 × 10^294 |
| 42 | ov_042 | 1.900474691392221 × 10^294 |
| 43 | ov_043 | 1.5461575611833638 × 10^294 |
| 44 | ov_044 | 1.2445007486917868 × 10^294 |
| 45 | ov_045 | 9.899824876825253 × 10^293 |
| 46 | ov_046 | 7.773933627351655 × 10^293 |
| 47 | ov_047 | 6.018291155105587 × 10^293 |
| 48 | ov_048 | 4.58684969185602 × 10^293 |
| 49 | ov_049 | 3.436512392821843 × 10^293 |
| 50 | ov_050 | 2.5271001814667496 × 10^293 |
| 51 | ov_051 | 1.8213273908779655 × 10^293 |
| 52 | ov_052 | 1.2847844472194631 × 10^293 |
| 53 | ov_053 | 8.85926024641138 × 10^292 |
| 54 | ov_054 | 5.960632838722436 × 10^292 |
| 55 | ov_055 | 3.8935898890452057 × 10^292 |
| 56 | ov_056 | 2.4282451924896196 × 10^292 |
| 57 | ov_057 | 1.4567743697135475 × 10^292 |
| 58 | ov_058 | 8.062178972470536 × 10^291 |
| 59 | ov_059 | 3.9720972760988775 × 10^291 |
| 60 | ov_060 | 1.6460962946166352 × 10^291 |
| 61 | ov_061 | 5.750259316966617 × 10^290 |
| 62 | ov_062 | 1.5775466765391055 × 10^290 |
| 63 | ov_063 | 3.0751088575505454 × 10^289 |
| 64 | lv_79_m31 | 5.99310649456863 × 10^288 |
| 65 | ov_065 | 7.213597233831916 × 10^289 |
| 66 | ov_066 | 7.213575831453271 × 10^289 |
| 67 | ov_067 | 7.21357059366361 × 10^289 |
| 68 | ov_068 | 6.255277548911812 × 10^289 |
| 69 | ov_069 | 5.398401887832967 × 10^289 |
| 70 | ov_070 | 4.634835597668345 × 10^289 |
| 71 | ov_071 | 3.9569693399277783 × 10^289 |
| 72 | ov_072 | 3.3576586897809105 × 10^289 |
| 73 | ov_073 | 2.83019336478323 × 10^289 |
| 74 | ov_074 | 2.3682692836079837 × 10^289 |
| 75 | ov_075 | 1.9659633017477097 × 10^289 |
| 76 | ov_076 | 1.6177104763544664 × 10^289 |
| 77 | ov_077 | 1.3182837166395617 × 10^289 |
| 78 | ov_078 | 1.0627756796765556 × 10^289 |
| 79 | ov_079 | 8.46582774161755 × 10^288 |
| 80 | ov_080 | 6.653911367918933 × 10^288 |
| 81 | ov_081 | 5.1516444751823353 × 10^288 |
| 82 | ov_082 | 3.921334511203438 × 10^288 |
| 83 | ov_083 | 2.927870533931654 × 10^288 |
| 84 | ov_084 | 2.1386486083104113 × 10^288 |
| 85 | ov_085 | 1.5235103308687634 × 10^288 |
| 86 | ov_086 | 1.054693177393235 × 10^288 |
| 87 | ov_087 | 7.067913706078167 × 10^287 |
| 88 | ov_088 | 4.5672596576506654 × 10^287 |
| 89 | ov_089 | 2.837228526162943 × 10^287 |
| 90 | ov_090 | 1.692973725290849 × 10^287 |
| 91 | ov_091 | 9.724424966439003 × 10^286 |
| 92 | ov_092 | 5.3631546089682235 × 10^286 |
| 93 | ov_093 | 2.679741500933952 × 10^286 |
| 94 | ov_094 | 1.147818820734738 × 10^286 |
| 95 | aaa_78_28 | 3.5442704085565146 × 10^285 |
| 96 | aaa_78_29 | 1.0884231209281153 × 10^285 |
| 97 | ov_097 | 7.18522908820281 × 10^284 |
| 98 | ov_098 | 7.185013232411219 × 10^284 |
| 99 | ov_099 | 7.184944220876701 × 10^284 |
| 100 | ov_100 | 6.464577415255382 × 10^284 |
| 101 | ov_101 | 5.797583467602 × 10^284 |
| 102 | ov_102 | 5.181006622818214 × 10^284 |
| 103 | ov_103 | 4.612105658905791 × 10^284 |
| 104 | ov_104 | 4.08832669223577 × 10^284 |
| 105 | ov_105 | 3.607278416274569 × 10^284 |
| 106 | ov_106 | 3.1667096462437204 × 10^284 |
| 107 | ov_107 | 2.7644890470198312 × 10^284 |
| 108 | ov_108 | 2.3985869255180767 × 10^284 |
| 109 | ov_109 | 2.0670589719644076 × 10^284 |
| 110 | ov_110 | 1.768031836952968 × 10^284 |
| 111 | ov_111 | 1.4996904331060292 × 10^284 |
| 112 | ov_112 | 1.2602668515968088 × 10^284 |
| 113 | ov_113 | 1.0480307848461963 × 10^284 |
| 114 | ov_114 | 8.61281347440504 × 10^283 |
| 115 | ov_115 | 6.983401878095188 × 10^283 |
| 116 | ov_116 | 5.575457835154866 × 10^283 |
| 117 | ov_117 | 4.372488131894793 × 10^283 |
| 118 | ov_118 | 3.3580849825726195 × 10^283 |
| 119 | ov_119 | 2.5158980765545353 × 10^283 |
| 120 | ov_120 | 1.8296141877140648 × 10^283 |
| 121 | ov_121 | 1.28294327858487 × 10^283 |
| 122 | ov_122 | 8.596095535965546 × 10^282 |
| 123 | ov_123 | 5.433455708966492 × 10^282 |
| 124 | ov_124 | 3.1788826739311175 × 10^282 |
| 125 | ov_125 | 1.6697649402219818 × 10^282 |
| 126 | ov_126 | 7.434975724778191 × 10^281 |
| 127 | aaa_77_28 | 2.3747735443010672 × 10^281 |
| 128 | aaa_77_29 | 8.906395780411549 × 10^280 |
| 129 | ov_129 | 8.321355850872558 × 10^280 |
| 130 | ov_130 | 8.321332539458838 × 10^280 |
| 131 | ov_131 | 8.32132689758437 × 10^280 |
| 132 | ov_132 | 7.231468501109568 × 10^280 |
| 133 | ov_133 | 6.253709042798358 × 10^280 |
| 134 | ov_134 | 5.379641461714827 × 10^280 |
| 135 | ov_135 | 4.601314236271695 × 10^280 |
| 136 | ov_136 | 3.911198891057188 × 10^280 |
| 137 | ov_137 | 3.3021618648366613 × 10^280 |
| 138 | ov_138 | 2.767440333678726 × 10^280 |
| 139 | ov_139 | 2.30062160413887 × 10^280 |
| 140 | ov_140 | 1.8956257117532102 × 10^280 |
| 141 | ov_141 | 1.5466908798906483 × 10^280 |
| 142 | ov_142 | 1.2483615134025347 × 10^280 |
| 143 | ov_143 | 9.954784205950034 × 10^279 |
| 144 | ov_144 | 7.831709759128377 × 10^279 |
| 145 | ov_145 | 6.06850954431024 × 10^279 |
| 146 | ov_146 | 4.6220778785218455 × 10^279 |
| 147 | ov_147 | 3.45205010242287 × 10^279 |
| 148 | ov_148 | 2.5207768022921564 × 10^279 |
| 149 | ov_149 | 1.7933058485525665 × 10^279 |
| 150 | ov_150 | 1.2373704872503139 × 10^279 |
| 151 | ov_151 | 8.233819053059017 × 10^278 |
| 152 | ov_152 | 5.244248746881331 × 10^278 |
| 153 | ov_153 | 3.162553175804095 × 10^278 |
| 154 | ov_154 | 1.772989652382839 × 10^278 |
| 155 | ov_155 | 8.865060590309214 × 10^277 |
| 156 | aaa_76_25 | 3.407367546440728 × 10^277 |
| 157 | aaa_76_26 | 1.9687416618242436 × 10^277 |
| 158 | aaa_76_27 | 1.0084020756771136 × 10^277 |
| 159 | aaa_76_28 | 3.9293614259717577 × 10^276 |
| 160 | aaa_76_29 | 1.195968423632556 × 10^276 |

### Output Bits Sorted by Complexity

| Rank | Output Bit | Complexity |
|:----:|:----------:|:----------:|
| 160 | aaa_76_29 | 1.195968423632556 × 10^276 |
| 159 | aaa_76_28 | 3.9293614259717577 × 10^276 |
| 158 | aaa_76_27 | 1.0084020756771136 × 10^277 |
| 157 | aaa_76_26 | 1.9687416618242436 × 10^277 |
| 156 | aaa_76_25 | 3.407367546440728 × 10^277 |
| 155 | ov_155 | 8.865060590309214 × 10^277 |
| 154 | ov_154 | 1.772989652382839 × 10^278 |
| 153 | ov_153 | 3.162553175804095 × 10^278 |
| 152 | ov_152 | 5.244248746881331 × 10^278 |
| 151 | ov_151 | 8.233819053059017 × 10^278 |
| 150 | ov_150 | 1.2373704872503139 × 10^279 |
| 149 | ov_149 | 1.7933058485525665 × 10^279 |
| 148 | ov_148 | 2.5207768022921564 × 10^279 |
| 147 | ov_147 | 3.45205010242287 × 10^279 |
| 146 | ov_146 | 4.6220778785218455 × 10^279 |
| 145 | ov_145 | 6.06850954431024 × 10^279 |
| 144 | ov_144 | 7.831709759128377 × 10^279 |
| 143 | ov_143 | 9.954784205950034 × 10^279 |
| 142 | ov_142 | 1.2483615134025347 × 10^280 |
| 141 | ov_141 | 1.5466908798906483 × 10^280 |
| 140 | ov_140 | 1.8956257117532102 × 10^280 |
| 139 | ov_139 | 2.30062160413887 × 10^280 |
| 138 | ov_138 | 2.767440333678726 × 10^280 |
| 137 | ov_137 | 3.3021618648366613 × 10^280 |
| 136 | ov_136 | 3.911198891057188 × 10^280 |
| 135 | ov_135 | 4.601314236271695 × 10^280 |
| 134 | ov_134 | 5.379641461714827 × 10^280 |
| 133 | ov_133 | 6.253709042798358 × 10^280 |
| 132 | ov_132 | 7.231468501109568 × 10^280 |
| 131 | ov_131 | 8.32132689758437 × 10^280 |
| 130 | ov_130 | 8.321332539458838 × 10^280 |
| 129 | ov_129 | 8.321355850872558 × 10^280 |
| 128 | aaa_77_29 | 8.906395780411549 × 10^280 |
| 127 | aaa_77_28 | 2.3747735443010672 × 10^281 |
| 126 | ov_126 | 7.434975724778191 × 10^281 |
| 125 | ov_125 | 1.6697649402219818 × 10^282 |
| 124 | ov_124 | 3.1788826739311175 × 10^282 |
| 123 | ov_123 | 5.433455708966492 × 10^282 |
| 122 | ov_122 | 8.596095535965546 × 10^282 |
| 121 | ov_121 | 1.28294327858487 × 10^283 |
| 120 | ov_120 | 1.8296141877140648 × 10^283 |
| 119 | ov_119 | 2.5158980765545353 × 10^283 |
| 118 | ov_118 | 3.3580849825726195 × 10^283 |
| 117 | ov_117 | 4.372488131894793 × 10^283 |
| 116 | ov_116 | 5.575457835154866 × 10^283 |
| 115 | ov_115 | 6.983401878095188 × 10^283 |
| 114 | ov_114 | 8.61281347440504 × 10^283 |
| 113 | ov_113 | 1.0480307848461963 × 10^284 |
| 112 | ov_112 | 1.2602668515968088 × 10^284 |
| 111 | ov_111 | 1.4996904331060292 × 10^284 |
| 110 | ov_110 | 1.768031836952968 × 10^284 |
| 109 | ov_109 | 2.0670589719644076 × 10^284 |
| 108 | ov_108 | 2.3985869255180767 × 10^284 |
| 107 | ov_107 | 2.7644890470198312 × 10^284 |
| 106 | ov_106 | 3.1667096462437204 × 10^284 |
| 105 | ov_105 | 3.607278416274569 × 10^284 |
| 104 | ov_104 | 4.08832669223577 × 10^284 |
| 103 | ov_103 | 4.612105658905791 × 10^284 |
| 102 | ov_102 | 5.181006622818214 × 10^284 |
| 101 | ov_101 | 5.797583467602 × 10^284 |
| 100 | ov_100 | 6.464577415255382 × 10^284 |
| 99 | ov_099 | 7.184944220876701 × 10^284 |
| 98 | ov_098 | 7.185013232411219 × 10^284 |
| 97 | ov_097 | 7.18522908820281 × 10^284 |
| 96 | aaa_78_29 | 1.0884231209281153 × 10^285 |
| 95 | aaa_78_28 | 3.5442704085565146 × 10^285 |
| 94 | ov_094 | 1.147818820734738 × 10^286 |
| 93 | ov_093 | 2.679741500933952 × 10^286 |
| 92 | ov_092 | 5.3631546089682235 × 10^286 |
| 91 | ov_091 | 9.724424966439003 × 10^286 |
| 90 | ov_090 | 1.692973725290849 × 10^287 |
| 89 | ov_089 | 2.837228526162943 × 10^287 |
| 88 | ov_088 | 4.5672596576506654 × 10^287 |
| 87 | ov_087 | 7.067913706078167 × 10^287 |
| 86 | ov_086 | 1.054693177393235 × 10^288 |
| 85 | ov_085 | 1.5235103308687634 × 10^288 |
| 84 | ov_084 | 2.1386486083104113 × 10^288 |
| 83 | ov_083 | 2.927870533931654 × 10^288 |
| 82 | ov_082 | 3.921334511203438 × 10^288 |
| 81 | ov_081 | 5.1516444751823353 × 10^288 |
| 64 | lv_79_m31 | 5.99310649456863 × 10^288 |
| 80 | ov_080 | 6.653911367918933 × 10^288 |
| 79 | ov_079 | 8.46582774161755 × 10^288 |
| 78 | ov_078 | 1.0627756796765556 × 10^289 |
| 77 | ov_077 | 1.3182837166395617 × 10^289 |
| 76 | ov_076 | 1.6177104763544664 × 10^289 |
| 75 | ov_075 | 1.9659633017477097 × 10^289 |
| 74 | ov_074 | 2.3682692836079837 × 10^289 |
| 73 | ov_073 | 2.83019336478323 × 10^289 |
| 63 | ov_063 | 3.0751088575505454 × 10^289 |
| 72 | ov_072 | 3.3576586897809105 × 10^289 |
| 71 | ov_071 | 3.9569693399277783 × 10^289 |
| 70 | ov_070 | 4.634835597668345 × 10^289 |
| 69 | ov_069 | 5.398401887832967 × 10^289 |
| 68 | ov_068 | 6.255277548911812 × 10^289 |
| 67 | ov_067 | 7.21357059366361 × 10^289 |
| 66 | ov_066 | 7.213575831453271 × 10^289 |
| 65 | ov_065 | 7.213597233831916 × 10^289 |
| 62 | ov_062 | 1.5775466765391055 × 10^290 |
| 61 | ov_061 | 5.750259316966617 × 10^290 |
| 60 | ov_060 | 1.6460962946166352 × 10^291 |
| 59 | ov_059 | 3.9720972760988775 × 10^291 |
| 58 | ov_058 | 8.062178972470536 × 10^291 |
| 57 | ov_057 | 1.4567743697135475 × 10^292 |
| 56 | ov_056 | 2.4282451924896196 × 10^292 |
| 55 | ov_055 | 3.8935898890452057 × 10^292 |
| 54 | ov_054 | 5.960632838722436 × 10^292 |
| 53 | ov_053 | 8.85926024641138 × 10^292 |
| 52 | ov_052 | 1.2847844472194631 × 10^293 |
| 51 | ov_051 | 1.8213273908779655 × 10^293 |
| 50 | ov_050 | 2.5271001814667496 × 10^293 |
| 49 | ov_049 | 3.436512392821843 × 10^293 |
| 48 | ov_048 | 4.58684969185602 × 10^293 |
| 47 | ov_047 | 6.018291155105587 × 10^293 |
| 32 | lv_80_m31 | 7.001150606412026 × 10^293 |
| 46 | ov_046 | 7.773933627351655 × 10^293 |
| 45 | ov_045 | 9.899824876825253 × 10^293 |
| 44 | ov_044 | 1.2445007486917868 × 10^294 |
| 43 | ov_043 | 1.5461575611833638 × 10^294 |
| 42 | ov_042 | 1.900474691392221 × 10^294 |
| 41 | ov_041 | 2.3132952194311372 × 10^294 |
| 40 | ov_040 | 2.7877914350342727 × 10^294 |
| 39 | ov_039 | 3.330484387947171 × 10^294 |
| 31 | ov_031 | 3.5905841451723573 × 10^294 |
| 38 | ov_038 | 3.948256759501141 × 10^294 |
| 37 | ov_037 | 4.648371820194643 × 10^294 |
| 36 | ov_036 | 5.438495722596955 × 10^294 |
| 35 | ov_035 | 6.32672351031355 × 10^294 |
| 34 | ov_034 | 7.321609248733508 × 10^294 |
| 33 | ov_033 | 8.432200709626952 × 10^294 |
| 30 | ov_030 | 1.8411059979610357 × 10^295 |
| 29 | ov_029 | 6.0231021046467 × 10^295 |
| 28 | ov_028 | 1.5632883140893849 × 10^296 |
| 27 | ov_027 | 3.494078154003467 × 10^296 |
| 26 | ov_026 | 7.414102102277954 × 10^296 |
| 25 | ov_025 | 1.46734961280457 × 10^297 |
| 24 | ov_024 | 2.6953118585979346 × 10^297 |
| 23 | ov_023 | 4.6264577507703 × 10^297 |
| 22 | ov_022 | 7.495029978984767 × 10^297 |
| 21 | ov_021 | 1.1568367819156576 × 10^298 |
| 20 | ov_020 | 1.7146933960067843 × 10^298 |
| 19 | ov_019 | 2.4564358333451817 × 10^298 |
| 18 | ov_018 | 3.418750552165589 × 10^298 |
| 17 | ov_017 | 4.641657504249045 × 10^298 |
| 16 | ov_016 | 6.168524602751612 × 10^298 |
| 15 | ov_015 | 8.046088073863734 × 10^298 |
| 14 | ov_014 | 1.0324480551813819 × 10^299 |
| 13 | ov_013 | 1.305726909836487 × 10^299 |
| 12 | ov_012 | 1.6301505556326355 × 10^299 |
| 11 | ov_011 | 2.01177918755046 × 10^299 |
| 10 | ov_010 | 2.45703632792264 × 10^299 |
| 9 | ov_009 | 2.9727192370477976 × 10^299 |
| 8 | ov_008 | 3.5660117509309426 × 10^299 |
| 7 | ov_007 | 4.244499902810019 × 10^299 |
| 6 | ov_006 | 5.01619070893492 × 10^299 |
| 5 | ov_005 | 5.889534523279236 × 10^299 |
| 4 | ov_004 | 6.873451390598432 × 10^299 |
| 3 | ov_003 | 7.977361822602143 × 10^299 |
| 2 | ov_002 | 9.211222388135373 × 10^299 |
| 1 | ov_001 | 1.058556653543228 × 10^300 |

