# Results for F001-F002-F003-F004-F005-F006-F007-F008-F009-F010-F011-F012-F013-F014-F015-F016-F017-F018-F019-F020-F021-F022-F023-F024-F025-F026-F027-F028-F029-F030-F031-F032-F033-F034-F035-F036-F037-F038-F039-F040-F041-F042-F043-F044-F045-F046-F047-F048-F049-F050-F051-F052-F053-F054-F055-F056-F057-F058-F059-F060-F061-F062-F063-F064-F065-F066-F067-F068-F069-F070-F071-F072-F073-F074-F075-F076-F077-F078-F079-F080-F081-F082-F083-F084-F085-F086-F087-F088-F089-F090-F091-F092-F093-F094-F095-F096-F097-F098-F099-F100-F101-F102-F103-F104-F105-F106-F107-F108-F109-F110-F111-F112-F113-F114-F115-F116-F117-F118-F119-F120-F121-F122-F123-F124-F125-F126-F127-F128-F129-F130-F131-F132-F133-F134-F135-F136-F137-F138-F139-F140-F141-F142-F143-F144-F145-F146-F147-F148-F149-F150-F151-F152-F153-F154-F155-F156-F157-F158-F159-F160-F161-F162-F163-F164-F165-F166-F167-F168-F169-F170-F171-F172-F173-F174-F175-F176-F177-F178-F179-F180-F181-F182-F183-F184-F185-F186-F187-F188-F189-F190-F191-F192-F193-F194-F195-F196-F197-F198-F199-F200-F201-F202-F203-F204-F205-F206-F207-F208-F209-F210-F211-F212-F213-F214-F215-F216-F217-F218-F219-F220-F221-F222-F223-F224-F225-F226-F227-F228-F229-F230-F231-F232-F233-F234-F235-F236-F237-F238-F239-F240-F241-F242-F243-F244-F245-F246-F247-F248-F249-F250-F251-F252-F253-F254-F255-F256-F257-F258-F259-F260-F261-F262-F263-F264-F265-F266-F267-F268-F269-F270-F271-F272-F273-F274-F275-F276-F277-F278-F279-F280-F281-F282-F283-F284-F285-F286-F287-F288-F289-F290-F291-F292-F293-F294-F295-F296-F297-F298-F299-F300-F301-F302-F303-F304-F305-F306-F307-F308-F309-F310-F311-F312-F313-F314-F315-F316-F317-F318-F319-F320-F321-F322-F323-F324-F325-F326-F327-F328-F329-F330-F331-F332-F333-F334-F335-F336-F337-F338-F339-F340-F341-F342-F343-F344-F345-F346-F347-F348-F349-F350-F351-F352-F353-F354-F355-F356-F357-F358-F359-F360-F361-F362-F363-F364-F365-F366-F367-F368-F369-F370-F371-F372-F373-F374-F375-F376-F377-F378-F379-F380-F381-F382-F383-F384-F385-F386-F387-F388-F389-F390-F391-F392-F393-F394-F395-F396-F397-F398-F399-F400-F401-F402-F403-F404-F405-F406-F407-F408-F409-F410-F411-F412-F413-F414-F415-F416-F417-F418-F419-F420-F421-F422-F423-F424-F425-F426-F427-F428-F429-F430-F431-F432-F433-F434-F435-F436-F437-F438-F439-F440-F441-F442-F443-F444-F445-F446-F447-F448-F449-F450-F451-F452-F453-F454-F455-F456-F457-F458-F459-F460-F461-F462-F463-F464-F465-F466-F467-F468-F469-F470-F471-F472-F473-F474-F475-F476-F477-F478-F479-F480-F481-F482-F483-F484-F485-F486-F487-F488-F489-F490-F491-F492-F493-F494-F495-F496-O500505-O504508-F512

## Summary

Number of input bits: 512  
Number of free input bits: 13  
Number of output bits: 160

Number of direct occurrences: 53723  
Number of assignments: 31999  
Number of operations: 11418612
(xor: 11389999,
and: 14971,
or: 13642)

Total complexity: 8.954725336735283 × 10^303

Least occurring input variable: iv_502 (3899)  
Most occurring input variable: iv_510 (4334)

Most co-occurring input variables: iv_509-iv_510 (2134)  
Least co-occurring input variables: iv_498-iv_502 (1755)

Potentially most occurring input variable: iv_500/iv_504 (4687)  
Potentially least occurring input variable: iv_506/iv_507 (4176)

Least output occurring input variable: iv_503 (69)  
Most output occurring input variable: iv_506 (90)

Most output co-occurring input variables: iv_497-iv_498 (49)  
Least output co-occurring input variables: iv_502-iv_503 (24)

Potentially most output occurring input variable: iv_502/iv_503 (96)  
Potentially least output occurring input variable: iv_501/iv_511 (66)

Least complex input bit: iv_511 (1.6890228507550008 × 10^300)  
Most complex input bit: iv_510 (2.223213251311163 × 10^303)

Least complex output bit: aaa_76_29 (2.7051309927792914 × 10^278)  
Most complex output bit: ov_001 (1.3999608462033355 × 10^303)

Least complex input/output complexity: iv_511/aaa_76_29 (5.102365387295692 × 10^274)  
Most complex input/output complexity: iv_510/ov_001 (3.475719675988153 × 10^302)

## Input Bits

### Input Bits in Regular Order

| Input Bit | Complexity | Occurrences | Output Occurrences |
|:---------:|:----------:|:-----------:|:------------------:|
| iv_497 | 7.923588372719048 × 10^300 | 4157 | 84 |
| iv_498 | 1.5789481393237317 × 10^301 | 3975 | 90 |
| iv_499 | 2.7787844738681537 × 10^301 | 3999 | 79 |
| iv_500 | 5.279369087295224 × 10^302 | 4242 | 70 |
| iv_501 | 7.856765998425868 × 10^301 | 4117 | 81 |
| iv_502 | 1.276542010643555 × 10^302 | 3899 | 75 |
| iv_503 | 2.026999160438719 × 10^302 | 4141 | 69 |
| iv_504 | 1.8420809492278953 × 10^303 | 4153 | 78 |
| iv_506 | 7.225039012211715 × 10^302 | 4041 | 90 |
| iv_507 | 1.0682049026864865 × 10^303 | 4211 | 76 |
| iv_509 | 2.108673709111163 × 10^303 | 4216 | 73 |
| iv_510 | 2.223213251311163 × 10^303 | 4334 | 79 |
| iv_511 | 1.6890228507550008 × 10^300 | 4238 | 79 |

### Input Bits Sorted by Complexity

| Input Bit | Complexity | Occurrences | Output Occurrences |
|:---------:|:----------:|:-----------:|:------------------:|
| iv_511 | 1.6890228507550008 × 10^300 | 4238 | 79 |
| iv_497 | 7.923588372719048 × 10^300 | 4157 | 84 |
| iv_498 | 1.5789481393237317 × 10^301 | 3975 | 90 |
| iv_499 | 2.7787844738681537 × 10^301 | 3999 | 79 |
| iv_501 | 7.856765998425868 × 10^301 | 4117 | 81 |
| iv_502 | 1.276542010643555 × 10^302 | 3899 | 75 |
| iv_503 | 2.026999160438719 × 10^302 | 4141 | 69 |
| iv_500 | 5.279369087295224 × 10^302 | 4242 | 70 |
| iv_506 | 7.225039012211715 × 10^302 | 4041 | 90 |
| iv_507 | 1.0682049026864865 × 10^303 | 4211 | 76 |
| iv_504 | 1.8420809492278953 × 10^303 | 4153 | 78 |
| iv_509 | 2.108673709111163 × 10^303 | 4216 | 73 |
| iv_510 | 2.223213251311163 × 10^303 | 4334 | 79 |

### Input Bits Sorted by Occurrences

| Input Bit | Complexity | Occurrences | Output Occurrences |
|:---------:|:----------:|:-----------:|:------------------:|
| iv_502 | 1.276542010643555 × 10^302 | 3899 | 75 |
| iv_498 | 1.5789481393237317 × 10^301 | 3975 | 90 |
| iv_499 | 2.7787844738681537 × 10^301 | 3999 | 79 |
| iv_506 | 7.225039012211715 × 10^302 | 4041 | 90 |
| iv_501 | 7.856765998425868 × 10^301 | 4117 | 81 |
| iv_503 | 2.026999160438719 × 10^302 | 4141 | 69 |
| iv_504 | 1.8420809492278953 × 10^303 | 4153 | 78 |
| iv_497 | 7.923588372719048 × 10^300 | 4157 | 84 |
| iv_507 | 1.0682049026864865 × 10^303 | 4211 | 76 |
| iv_509 | 2.108673709111163 × 10^303 | 4216 | 73 |
| iv_511 | 1.6890228507550008 × 10^300 | 4238 | 79 |
| iv_500 | 5.279369087295224 × 10^302 | 4242 | 70 |
| iv_510 | 2.223213251311163 × 10^303 | 4334 | 79 |

### Input Bits Sorted by Output Occurrences

| Input Bit | Complexity | Occurrences | Output Occurrences |
|:---------:|:----------:|:-----------:|:------------------:|
| iv_503 | 2.026999160438719 × 10^302 | 4141 | 69 |
| iv_500 | 5.279369087295224 × 10^302 | 4242 | 70 |
| iv_509 | 2.108673709111163 × 10^303 | 4216 | 73 |
| iv_502 | 1.276542010643555 × 10^302 | 3899 | 75 |
| iv_507 | 1.0682049026864865 × 10^303 | 4211 | 76 |
| iv_504 | 1.8420809492278953 × 10^303 | 4153 | 78 |
| iv_499 | 2.7787844738681537 × 10^301 | 3999 | 79 |
| iv_510 | 2.223213251311163 × 10^303 | 4334 | 79 |
| iv_511 | 1.6890228507550008 × 10^300 | 4238 | 79 |
| iv_501 | 7.856765998425868 × 10^301 | 4117 | 81 |
| iv_497 | 7.923588372719048 × 10^300 | 4157 | 84 |
| iv_498 | 1.5789481393237317 × 10^301 | 3975 | 90 |
| iv_506 | 7.225039012211715 × 10^302 | 4041 | 90 |

## Input Bit Co-occurrences

### Input Bit Co-occurrences Sorted by Co-occurrences

| Input Bits | Co-occurrences | Potential Occurrences | Output Co-occurrences | Potential Output Occurrences |
|:----------:|:--------------:|:---------------------:|:---------------------:|:----------------------------:|
| iv_509-iv_510 | 2134 | 4282 | 39 | 74 |
| iv_500-iv_510 | 2101 | 4374 | 38 | 73 |
| iv_510-iv_511 | 2096 | 4380 | 41 | 76 |
| iv_504-iv_511 | 2092 | 4207 | 40 | 77 |
| iv_497-iv_507 | 2069 | 4230 | 41 | 78 |
| iv_501-iv_511 | 2067 | 4221 | 47 | 66 |
| iv_504-iv_510 | 2059 | 4369 | 37 | 83 |
| iv_509-iv_511 | 2057 | 4340 | 36 | 80 |
| iv_501-iv_510 | 2046 | 4359 | 41 | 78 |
| iv_504-iv_509 | 2039 | 4291 | 36 | 79 |
| iv_506-iv_507 | 2038 | 4176 | 45 | 76 |
| iv_507-iv_510 | 2035 | 4475 | 41 | 73 |
| iv_503-iv_510 | 2030 | 4415 | 36 | 76 |

### Input Bit Co-occurrences Sorted by Potential Occurrences

| Input Bits | Co-occurrences | Potential Occurrences | Output Co-occurrences | Potential Output Occurrences |
|:----------:|:--------------:|:---------------------:|:---------------------:|:----------------------------:|
| iv_506-iv_507 | 2038 | 4176 | 45 | 76 |
| iv_499-iv_509 | 2014 | 4187 | 41 | 70 |
| iv_502-iv_506 | 1870 | 4200 | 46 | 73 |
| iv_504-iv_511 | 2092 | 4207 | 40 | 77 |
| iv_501-iv_511 | 2067 | 4221 | 47 | 66 |
| iv_497-iv_507 | 2069 | 4230 | 41 | 78 |
| iv_499-iv_501 | 1932 | 4252 | 39 | 82 |
| iv_499-iv_502 | 1821 | 4256 | 36 | 82 |
| iv_497-iv_506 | 1971 | 4256 | 46 | 82 |
| iv_497-iv_502 | 1896 | 4264 | 43 | 73 |
| iv_497-iv_501 | 2003 | 4268 | 37 | 91 |
| iv_498-iv_506 | 1874 | 4268 | 45 | 90 |
| iv_509-iv_510 | 2134 | 4282 | 39 | 74 |

### Input Bit Output Co-occurrences Sorted by Output Co-occurrences

| Input Bits | Co-occurrences | Potential Occurrences | Output Co-occurrences | Potential Output Occurrences |
|:----------:|:--------------:|:---------------------:|:---------------------:|:----------------------------:|
| iv_497-iv_498 | 1902 | 4328 | 49 | 76 |
| iv_498-iv_499 | 1843 | 4288 | 48 | 73 |
| iv_498-iv_501 | 1889 | 4314 | 48 | 75 |
| iv_501-iv_511 | 2067 | 4221 | 47 | 66 |
| iv_504-iv_506 | 1887 | 4420 | 47 | 74 |
| iv_497-iv_506 | 1971 | 4256 | 46 | 82 |
| iv_502-iv_506 | 1870 | 4200 | 46 | 73 |
| iv_498-iv_506 | 1874 | 4268 | 45 | 90 |
| iv_499-iv_506 | 1840 | 4360 | 45 | 79 |
| iv_506-iv_507 | 2038 | 4176 | 45 | 76 |
| iv_498-iv_510 | 1973 | 4363 | 45 | 79 |
| iv_498-iv_507 | 1911 | 4364 | 44 | 78 |
| iv_497-iv_502 | 1896 | 4264 | 43 | 73 |

### Input Bit Output Co-occurrences Sorted by Potential Output Occurrences

| Input Bits | Co-occurrences | Potential Occurrences | Output Co-occurrences | Potential Output Occurrences |
|:----------:|:--------------:|:---------------------:|:---------------------:|:----------------------------:|
| iv_501-iv_511 | 2067 | 4221 | 47 | 66 |
| iv_500-iv_502 | 1906 | 4329 | 39 | 67 |
| iv_502-iv_504 | 1831 | 4390 | 42 | 69 |
| iv_499-iv_509 | 2014 | 4187 | 41 | 70 |
| iv_497-iv_503 | 1972 | 4354 | 41 | 71 |
| iv_504-iv_507 | 1991 | 4382 | 41 | 72 |
| iv_498-iv_499 | 1843 | 4288 | 48 | 73 |
| iv_502-iv_506 | 1870 | 4200 | 46 | 73 |
| iv_497-iv_502 | 1896 | 4264 | 43 | 73 |
| iv_507-iv_510 | 2035 | 4475 | 41 | 73 |
| iv_500-iv_510 | 2101 | 4374 | 38 | 73 |
| iv_501-iv_509 | 2015 | 4303 | 40 | 74 |
| iv_509-iv_510 | 2134 | 4282 | 39 | 74 |

## Output Bits

### Output Bits in Regular Order

| Rank | Output Bit | Complexity |
|:----:|:----------:|:----------:|
| 1 | ov_001 | 1.3999608462033355 × 10^303 |
| 2 | ov_002 | 1.2181906434932102 × 10^303 |
| 3 | ov_003 | 1.055003682094653 × 10^303 |
| 4 | ov_004 | 9.090061637300379 × 10^302 |
| 5 | ov_005 | 7.788805918980548 × 10^302 |
| 6 | ov_006 | 6.633803925737983 × 10^302 |
| 7 | ov_007 | 5.613252356935081 × 10^302 |
| 8 | ov_008 | 4.715969928744908 × 10^302 |
| 9 | ov_009 | 3.931362702783663 × 10^302 |
| 10 | ov_010 | 3.2493945885666292 × 10^302 |
| 11 | ov_011 | 2.6605624744466284 × 10^302 |
| 12 | ov_012 | 2.1558754731205436 × 10^302 |
| 13 | ov_013 | 1.7268377985452442 × 10^302 |
| 14 | ov_014 | 1.3654348213350136 × 10^302 |
| 15 | ov_015 | 1.0641218795415204 × 10^302 |
| 16 | ov_016 | 8.158154512460316 × 10^301 |
| 17 | ov_017 | 6.138863247045914 × 10^301 |
| 18 | ov_018 | 4.521544309453002 × 10^301 |
| 19 | ov_019 | 3.248850327724396 × 10^301 |
| 20 | ov_020 | 2.2678599312123277 × 10^301 |
| 21 | ov_021 | 1.5300587465461582 × 10^301 |
| 22 | ov_022 | 9.913265141595493 × 10^300 |
| 23 | ov_023 | 6.1192850539614825 × 10^300 |
| 24 | ov_024 | 3.565099395531058 × 10^300 |
| 25 | ov_025 | 1.9409256534714575 × 10^300 |
| 26 | ov_026 | 9.80727867894237 × 10^299 |
| 27 | ov_027 | 4.622078056155954 × 10^299 |
| 28 | ov_028 | 2.0680147635701572 × 10^299 |
| 29 | ov_029 | 7.967801018564404 × 10^298 |
| 30 | ov_030 | 2.4355193875749094 × 10^298 |
| 31 | ov_031 | 4.7496360678063434 × 10^297 |
| 32 | lv_80_m31 | 9.260583266765102 × 10^296 |
| 33 | ov_033 | 1.1151177595215284 × 10^298 |
| 34 | ov_034 | 9.683603049959699 × 10^297 |
| 35 | ov_035 | 8.368050910432744 × 10^297 |
| 36 | ov_036 | 7.193012351218742 × 10^297 |
| 37 | ov_037 | 6.14760959034244 × 10^297 |
| 38 | ov_038 | 5.2215512636074483 × 10^297 |
| 39 | ov_039 | 4.405093589592112 × 10^297 |
| 40 | ov_040 | 3.6890067993172514 × 10^297 |
| 41 | ov_041 | 3.0645463308301915 × 10^297 |
| 42 | ov_042 | 2.5234283146600037 × 10^297 |
| 43 | ov_043 | 2.05780890142341 × 10^297 |
| 44 | ov_044 | 1.6602670078970524 × 10^297 |
| 45 | ov_045 | 1.323790082685981 × 10^297 |
| 46 | ov_046 | 1.0417625172538057 × 10^297 |
| 47 | ov_047 | 8.079563525678056 × 10^296 |
| 48 | ov_048 | 6.1652395597747615 × 10^296 |
| 49 | ov_049 | 4.619923672099615 × 10^296 |
| 50 | ov_050 | 3.3925903655055245 × 10^296 |
| 51 | ov_051 | 2.4358870239863357 × 10^296 |
| 52 | ov_052 | 1.7061117946451123 × 10^296 |
| 53 | ov_053 | 1.1631985291388263 × 10^296 |
| 54 | ov_054 | 7.707069778541474 × 10^295 |
| 55 | ov_055 | 4.958166701045974 × 10^295 |
| 56 | ov_056 | 3.093232065152754 × 10^295 |
| 57 | ov_057 | 1.8563607347197113 × 10^295 |
| 58 | ov_058 | 1.0277742822790812 × 10^295 |
| 59 | ov_059 | 5.066141269625719 × 10^294 |
| 60 | ov_060 | 2.1008104246942832 × 10^294 |
| 61 | ov_061 | 7.343446245589735 × 10^293 |
| 62 | ov_062 | 2.0159054557181654 × 10^293 |
| 63 | ov_063 | 3.932192819180448 × 10^292 |
| 64 | lv_79_m31 | 7.66842605987712 × 10^291 |
| 65 | ov_065 | 9.225109768131084 × 10^292 |
| 66 | ov_066 | 9.225085362961582 × 10^292 |
| 67 | ov_067 | 9.225079512965644 × 10^292 |
| 68 | ov_068 | 8.015479016019579 × 10^292 |
| 69 | ov_069 | 6.929707690119114 × 10^292 |
| 70 | ov_070 | 5.958713991957109 × 10^292 |
| 71 | ov_071 | 5.093891597176032 × 10^292 |
| 72 | ov_072 | 4.3270489910324844 × 10^292 |
| 73 | ov_073 | 3.6503844654040296 × 10^292 |
| 74 | ov_074 | 3.056465852468249 × 10^292 |
| 75 | ov_075 | 2.5382143611089226 × 10^292 |
| 76 | ov_076 | 2.0888919164075637 × 10^292 |
| 77 | ov_077 | 1.702091435705551 × 10^292 |
| 78 | ov_078 | 1.3717295068905352 × 10^292 |
| 79 | ov_079 | 1.0920409659576514 × 10^292 |
| 80 | ov_080 | 8.575749016814879 × 10^291 |
| 81 | ov_081 | 6.631916455452584 × 10^291 |
| 82 | ov_082 | 5.040603772721295 × 10^291 |
| 83 | ov_083 | 3.756571290707566 × 10^291 |
| 84 | ov_084 | 2.7376311330527835 × 10^291 |
| 85 | ov_085 | 1.9446334431271782 × 10^291 |
| 86 | ov_086 | 1.3414552514827772 × 10^291 |
| 87 | ov_087 | 8.949917007515019 × 10^290 |
| 88 | ov_088 | 5.7514933637492764 × 10^290 |
| 89 | ov_089 | 3.54841171679925 × 10^290 |
| 90 | ov_090 | 2.099832358822805 × 10^290 |
| 91 | ov_091 | 1.194923136329353 × 10^290 |
| 92 | ov_092 | 6.528458716706014 × 10^289 |
| 93 | ov_093 | 3.227490646275141 × 10^289 |
| 94 | ov_094 | 1.3670303256410206 × 10^289 |
| 95 | aaa_78_28 | 4.176924305031659 × 10^288 |
| 96 | aaa_78_29 | 1.2615346341315416 × 10^288 |
| 97 | ov_097 | 6.5397881292900624 × 10^287 |
| 98 | ov_098 | 6.539739456094424 × 10^287 |
| 99 | ov_099 | 6.539723869972978 × 10^287 |
| 100 | ov_100 | 5.486013891639295 × 10^287 |
| 101 | ov_101 | 4.566780728274436 × 10^287 |
| 102 | ov_102 | 3.770056694701559 × 10^287 |
| 103 | ov_103 | 3.0845385263993455 × 10^287 |
| 104 | ov_104 | 2.4995389325856817 × 10^287 |
| 105 | ov_105 | 2.0049442923531802 × 10^287 |
| 106 | ov_106 | 1.5911779435598655 × 10^287 |
| 107 | ov_107 | 1.2491685431603788 × 10^287 |
| 108 | ov_108 | 9.703230055292055 × 10^286 |
| 109 | ov_109 | 7.465035522797558 × 10^286 |
| 110 | ov_110 | 5.700084332974689 × 10^286 |
| 111 | ov_111 | 4.3355590433423823 × 10^286 |
| 112 | ov_112 | 3.3027107168576357 × 10^286 |
| 113 | ov_113 | 2.536752393028394 × 10^286 |
| 114 | ov_114 | 1.9767741826299052 × 10^286 |
| 115 | ov_115 | 1.565676829238754 × 10^286 |
| 116 | ov_116 | 1.2501208235244647 × 10^286 |
| 117 | ov_117 | 9.804883981788309 × 10^285 |
| 118 | ov_118 | 7.531046607985648 × 10^285 |
| 119 | ov_119 | 5.643077013419627 × 10^285 |
| 120 | ov_120 | 4.1044398733004985 × 10^285 |
| 121 | ov_121 | 2.87865225468177 × 10^285 |
| 122 | ov_122 | 1.9292634074381628 × 10^285 |
| 123 | ov_123 | 1.219841461704936 × 10^285 |
| 124 | ov_124 | 7.139644459167591 × 10^284 |
| 125 | ov_125 | 3.7521471613499695 × 10^284 |
| 126 | ov_126 | 1.671761109236544 × 10^284 |
| 127 | aaa_77_28 | 5.343285771848914 × 10^283 |
| 128 | aaa_77_29 | 2.006077226772618 × 10^283 |
| 129 | ov_129 | 1.8715248314070452 × 10^283 |
| 130 | ov_130 | 1.8715195572342326 × 10^283 |
| 131 | ov_131 | 1.871518280326352 × 10^283 |
| 132 | ov_132 | 1.628444509919011 × 10^283 |
| 133 | ov_133 | 1.4099286827508404 × 10^283 |
| 134 | ov_134 | 1.2140663801156047 × 10^283 |
| 135 | ov_135 | 1.039056852691389 × 10^283 |
| 136 | ov_136 | 8.831956382193404 × 10^282 |
| 137 | ov_137 | 7.456537185933982 × 10^282 |
| 138 | ov_138 | 6.249008820757584 × 10^282 |
| 139 | ov_139 | 5.194865709902936 × 10^282 |
| 140 | ov_140 | 4.2803588983936504 × 10^282 |
| 141 | ov_141 | 3.4924625817954305 × 10^282 |
| 142 | ov_142 | 2.8188463591966543 × 10^282 |
| 143 | ov_143 | 2.2478525295512505 × 10^282 |
| 144 | ov_144 | 1.768477792495616 × 10^282 |
| 145 | ov_145 | 1.3703587563457307 × 10^282 |
| 146 | ov_146 | 1.0437606973171515 × 10^282 |
| 147 | ov_147 | 7.795690551802988 × 10^281 |
| 148 | ov_148 | 5.692831916309489 × 10^281 |
| 149 | ov_149 | 4.0501197866290785 × 10^281 |
| 150 | ov_150 | 2.7947082520094963 × 10^281 |
| 151 | ov_151 | 1.8597979120065604 × 10^281 |
| 152 | ov_152 | 1.1846247935568333 × 10^281 |
| 153 | ov_153 | 7.144543547756988 × 10^280 |
| 154 | ov_154 | 4.005783866866375 × 10^280 |
| 155 | ov_155 | 2.0031334087331045 × 10^280 |
| 156 | aaa_76_25 | 7.699941903707455 × 10^279 |
| 157 | aaa_76_26 | 4.449744745812949 × 10^279 |
| 158 | aaa_76_27 | 2.2796556445529435 × 10^279 |
| 159 | aaa_76_28 | 8.885310246664472 × 10^278 |
| 160 | aaa_76_29 | 2.7051309927792914 × 10^278 |

### Output Bits Sorted by Complexity

| Rank | Output Bit | Complexity |
|:----:|:----------:|:----------:|
| 160 | aaa_76_29 | 2.7051309927792914 × 10^278 |
| 159 | aaa_76_28 | 8.885310246664472 × 10^278 |
| 158 | aaa_76_27 | 2.2796556445529435 × 10^279 |
| 157 | aaa_76_26 | 4.449744745812949 × 10^279 |
| 156 | aaa_76_25 | 7.699941903707455 × 10^279 |
| 155 | ov_155 | 2.0031334087331045 × 10^280 |
| 154 | ov_154 | 4.005783866866375 × 10^280 |
| 153 | ov_153 | 7.144543547756988 × 10^280 |
| 152 | ov_152 | 1.1846247935568333 × 10^281 |
| 151 | ov_151 | 1.8597979120065604 × 10^281 |
| 150 | ov_150 | 2.7947082520094963 × 10^281 |
| 149 | ov_149 | 4.0501197866290785 × 10^281 |
| 148 | ov_148 | 5.692831916309489 × 10^281 |
| 147 | ov_147 | 7.795690551802988 × 10^281 |
| 146 | ov_146 | 1.0437606973171515 × 10^282 |
| 145 | ov_145 | 1.3703587563457307 × 10^282 |
| 144 | ov_144 | 1.768477792495616 × 10^282 |
| 143 | ov_143 | 2.2478525295512505 × 10^282 |
| 142 | ov_142 | 2.8188463591966543 × 10^282 |
| 141 | ov_141 | 3.4924625817954305 × 10^282 |
| 140 | ov_140 | 4.2803588983936504 × 10^282 |
| 139 | ov_139 | 5.194865709902936 × 10^282 |
| 138 | ov_138 | 6.249008820757584 × 10^282 |
| 137 | ov_137 | 7.456537185933982 × 10^282 |
| 136 | ov_136 | 8.831956382193404 × 10^282 |
| 135 | ov_135 | 1.039056852691389 × 10^283 |
| 134 | ov_134 | 1.2140663801156047 × 10^283 |
| 133 | ov_133 | 1.4099286827508404 × 10^283 |
| 132 | ov_132 | 1.628444509919011 × 10^283 |
| 131 | ov_131 | 1.871518280326352 × 10^283 |
| 130 | ov_130 | 1.8715195572342326 × 10^283 |
| 129 | ov_129 | 1.8715248314070452 × 10^283 |
| 128 | aaa_77_29 | 2.006077226772618 × 10^283 |
| 127 | aaa_77_28 | 5.343285771848914 × 10^283 |
| 126 | ov_126 | 1.671761109236544 × 10^284 |
| 125 | ov_125 | 3.7521471613499695 × 10^284 |
| 124 | ov_124 | 7.139644459167591 × 10^284 |
| 123 | ov_123 | 1.219841461704936 × 10^285 |
| 122 | ov_122 | 1.9292634074381628 × 10^285 |
| 121 | ov_121 | 2.87865225468177 × 10^285 |
| 120 | ov_120 | 4.1044398733004985 × 10^285 |
| 119 | ov_119 | 5.643077013419627 × 10^285 |
| 118 | ov_118 | 7.531046607985648 × 10^285 |
| 117 | ov_117 | 9.804883981788309 × 10^285 |
| 116 | ov_116 | 1.2501208235244647 × 10^286 |
| 115 | ov_115 | 1.565676829238754 × 10^286 |
| 114 | ov_114 | 1.9767741826299052 × 10^286 |
| 113 | ov_113 | 2.536752393028394 × 10^286 |
| 112 | ov_112 | 3.3027107168576357 × 10^286 |
| 111 | ov_111 | 4.3355590433423823 × 10^286 |
| 110 | ov_110 | 5.700084332974689 × 10^286 |
| 109 | ov_109 | 7.465035522797558 × 10^286 |
| 108 | ov_108 | 9.703230055292055 × 10^286 |
| 107 | ov_107 | 1.2491685431603788 × 10^287 |
| 106 | ov_106 | 1.5911779435598655 × 10^287 |
| 105 | ov_105 | 2.0049442923531802 × 10^287 |
| 104 | ov_104 | 2.4995389325856817 × 10^287 |
| 103 | ov_103 | 3.0845385263993455 × 10^287 |
| 102 | ov_102 | 3.770056694701559 × 10^287 |
| 101 | ov_101 | 4.566780728274436 × 10^287 |
| 100 | ov_100 | 5.486013891639295 × 10^287 |
| 99 | ov_099 | 6.539723869972978 × 10^287 |
| 98 | ov_098 | 6.539739456094424 × 10^287 |
| 97 | ov_097 | 6.5397881292900624 × 10^287 |
| 96 | aaa_78_29 | 1.2615346341315416 × 10^288 |
| 95 | aaa_78_28 | 4.176924305031659 × 10^288 |
| 94 | ov_094 | 1.3670303256410206 × 10^289 |
| 93 | ov_093 | 3.227490646275141 × 10^289 |
| 92 | ov_092 | 6.528458716706014 × 10^289 |
| 91 | ov_091 | 1.194923136329353 × 10^290 |
| 90 | ov_090 | 2.099832358822805 × 10^290 |
| 89 | ov_089 | 3.54841171679925 × 10^290 |
| 88 | ov_088 | 5.7514933637492764 × 10^290 |
| 87 | ov_087 | 8.949917007515019 × 10^290 |
| 86 | ov_086 | 1.3414552514827772 × 10^291 |
| 85 | ov_085 | 1.9446334431271782 × 10^291 |
| 84 | ov_084 | 2.7376311330527835 × 10^291 |
| 83 | ov_083 | 3.756571290707566 × 10^291 |
| 82 | ov_082 | 5.040603772721295 × 10^291 |
| 81 | ov_081 | 6.631916455452584 × 10^291 |
| 64 | lv_79_m31 | 7.66842605987712 × 10^291 |
| 80 | ov_080 | 8.575749016814879 × 10^291 |
| 79 | ov_079 | 1.0920409659576514 × 10^292 |
| 78 | ov_078 | 1.3717295068905352 × 10^292 |
| 77 | ov_077 | 1.702091435705551 × 10^292 |
| 76 | ov_076 | 2.0888919164075637 × 10^292 |
| 75 | ov_075 | 2.5382143611089226 × 10^292 |
| 74 | ov_074 | 3.056465852468249 × 10^292 |
| 73 | ov_073 | 3.6503844654040296 × 10^292 |
| 63 | ov_063 | 3.932192819180448 × 10^292 |
| 72 | ov_072 | 4.3270489910324844 × 10^292 |
| 71 | ov_071 | 5.093891597176032 × 10^292 |
| 70 | ov_070 | 5.958713991957109 × 10^292 |
| 69 | ov_069 | 6.929707690119114 × 10^292 |
| 68 | ov_068 | 8.015479016019579 × 10^292 |
| 67 | ov_067 | 9.225079512965644 × 10^292 |
| 66 | ov_066 | 9.225085362961582 × 10^292 |
| 65 | ov_065 | 9.225109768131084 × 10^292 |
| 62 | ov_062 | 2.0159054557181654 × 10^293 |
| 61 | ov_061 | 7.343446245589735 × 10^293 |
| 60 | ov_060 | 2.1008104246942832 × 10^294 |
| 59 | ov_059 | 5.066141269625719 × 10^294 |
| 58 | ov_058 | 1.0277742822790812 × 10^295 |
| 57 | ov_057 | 1.8563607347197113 × 10^295 |
| 56 | ov_056 | 3.093232065152754 × 10^295 |
| 55 | ov_055 | 4.958166701045974 × 10^295 |
| 54 | ov_054 | 7.707069778541474 × 10^295 |
| 53 | ov_053 | 1.1631985291388263 × 10^296 |
| 52 | ov_052 | 1.7061117946451123 × 10^296 |
| 51 | ov_051 | 2.4358870239863357 × 10^296 |
| 50 | ov_050 | 3.3925903655055245 × 10^296 |
| 49 | ov_049 | 4.619923672099615 × 10^296 |
| 48 | ov_048 | 6.1652395597747615 × 10^296 |
| 47 | ov_047 | 8.079563525678056 × 10^296 |
| 32 | lv_80_m31 | 9.260583266765102 × 10^296 |
| 46 | ov_046 | 1.0417625172538057 × 10^297 |
| 45 | ov_045 | 1.323790082685981 × 10^297 |
| 44 | ov_044 | 1.6602670078970524 × 10^297 |
| 43 | ov_043 | 2.05780890142341 × 10^297 |
| 42 | ov_042 | 2.5234283146600037 × 10^297 |
| 41 | ov_041 | 3.0645463308301915 × 10^297 |
| 40 | ov_040 | 3.6890067993172514 × 10^297 |
| 39 | ov_039 | 4.405093589592112 × 10^297 |
| 31 | ov_031 | 4.7496360678063434 × 10^297 |
| 38 | ov_038 | 5.2215512636074483 × 10^297 |
| 37 | ov_037 | 6.14760959034244 × 10^297 |
| 36 | ov_036 | 7.193012351218742 × 10^297 |
| 35 | ov_035 | 8.368050910432744 × 10^297 |
| 34 | ov_034 | 9.683603049959699 × 10^297 |
| 33 | ov_033 | 1.1151177595215284 × 10^298 |
| 30 | ov_030 | 2.4355193875749094 × 10^298 |
| 29 | ov_029 | 7.967801018564404 × 10^298 |
| 28 | ov_028 | 2.0680147635701572 × 10^299 |
| 27 | ov_027 | 4.622078056155954 × 10^299 |
| 26 | ov_026 | 9.80727867894237 × 10^299 |
| 25 | ov_025 | 1.9409256534714575 × 10^300 |
| 24 | ov_024 | 3.565099395531058 × 10^300 |
| 23 | ov_023 | 6.1192850539614825 × 10^300 |
| 22 | ov_022 | 9.913265141595493 × 10^300 |
| 21 | ov_021 | 1.5300587465461582 × 10^301 |
| 20 | ov_020 | 2.2678599312123277 × 10^301 |
| 19 | ov_019 | 3.248850327724396 × 10^301 |
| 18 | ov_018 | 4.521544309453002 × 10^301 |
| 17 | ov_017 | 6.138863247045914 × 10^301 |
| 16 | ov_016 | 8.158154512460316 × 10^301 |
| 15 | ov_015 | 1.0641218795415204 × 10^302 |
| 14 | ov_014 | 1.3654348213350136 × 10^302 |
| 13 | ov_013 | 1.7268377985452442 × 10^302 |
| 12 | ov_012 | 2.1558754731205436 × 10^302 |
| 11 | ov_011 | 2.6605624744466284 × 10^302 |
| 10 | ov_010 | 3.2493945885666292 × 10^302 |
| 9 | ov_009 | 3.931362702783663 × 10^302 |
| 8 | ov_008 | 4.715969928744908 × 10^302 |
| 7 | ov_007 | 5.613252356935081 × 10^302 |
| 6 | ov_006 | 6.633803925737983 × 10^302 |
| 5 | ov_005 | 7.788805918980548 × 10^302 |
| 4 | ov_004 | 9.090061637300379 × 10^302 |
| 3 | ov_003 | 1.055003682094653 × 10^303 |
| 2 | ov_002 | 1.2181906434932102 × 10^303 |
| 1 | ov_001 | 1.3999608462033355 × 10^303 |

