# Results for F001-F002-F003-F004-F005-F006-F007-F008-F009-F010-F011-F012-F013-F014-F015-F016-F017-F018-F019-F020-F021-F022-F023-F024-F025-F026-F027-F028-F029-F030-F031-F032-F033-F034-F035-F036-F037-F038-F039-F040-F041-F042-F043-F044-F045-F046-F047-F048-F049-F050-F051-F052-F053-F054-F055-F056-F057-F058-F059-F060-F061-F062-F063-F064-F065-F066-F067-F068-F069-F070-F071-F072-F073-F074-F075-F076-F077-F078-F079-F080-F081-F082-F083-F084-F085-F086-F087-F088-F089-F090-F091-F092-F093-F094-F095-F096-F097-F098-F099-F100-F101-F102-F103-F104-F105-F106-F107-F108-F109-F110-F111-F112-F113-F114-F115-F116-F117-F118-F119-F120-F121-F122-F123-F124-F125-F126-F127-F128-F129-F130-F131-F132-F133-F134-F135-F136-F137-F138-F139-F140-F141-F142-F143-F144-F145-F146-F147-F148-F149-F150-F151-F152-F153-F154-F155-F156-F157-F158-F159-F160-F161-F162-F163-F164-F165-F166-F167-F168-F169-F170-F171-F172-F173-F174-F175-F176-F177-F178-F179-F180-F181-F182-F183-F184-F185-F186-F187-F188-F189-F190-F191-F192-F193-F194-F195-F196-F197-F198-F199-F200-F201-F202-F203-F204-F205-F206-F207-F208-F209-F210-F211-F212-F213-F214-F215-F216-F217-F218-F219-F220-F221-F222-F223-F224-F225-F226-F227-F228-F229-F230-F231-F232-F233-F234-F235-F236-F237-F238-F239-F240-F241-F242-F243-F244-F245-F246-F247-F248-F249-F250-F251-F252-F253-F254-F255-F256-F257-F258-F259-F260-F261-F262-F263-F264-F265-F266-F267-F268-F269-F270-F271-F272-F273-F274-F275-F276-F277-F278-F279-F280-F281-F282-F283-F284-F285-F286-F287-F288-F289-F290-F291-F292-F293-F294-F295-F296-F297-F298-F299-F300-F301-F302-F303-F304-F305-F306-F307-F308-F309-F310-F311-F312-F313-F314-F315-F316-F317-F318-F319-F320-F321-F322-F323-F324-F325-F326-F327-F328-F329-F330-F331-F332-F333-F334-F335-F336-F337-F338-F339-F340-F341-F342-F343-F344-F345-F346-F347-F348-F349-F350-F351-F352-F353-F354-F355-F356-F357-F358-F359-F360-F361-F362-F363-F364-F365-F366-F367-F368-F369-F370-F371-F372-F373-F374-F375-F376-F377-F378-F379-F380-F381-F382-F383-F384-F385-F386-F387-F388-F389-F390-F391-F392-F393-F394-F395-F396-F397-F398-F399-F400-F401-F402-F403-F404-F405-F406-F407-F408-F409-F410-F411-F412-F413-F414-F415-F416-F417-F418-F419-F420-F421-F422-F423-F424-F425-F426-F427-F428-F429-F430-F431-F432-F433-F434-F435-F436-F437-F438-F439-F440-F441-F442-F443-F444-F445-F446-F447-F448-F449-F450-F451-F452-F453-F454-F455-F456-F457-F458-F459-F460-F461-F462-F463-F464-F465-F466-F467-F468-F469-F470-F471-F472-F473-F474-F475-F476-F477-F478-F479-F480-F481-F482-F483-F484-F485-F486-F487-F488-F489-F490-F491-F492-F493-F494-F495-F496-O501505-F510-F512

## Summary

Number of input bits: 512  
Number of free input bits: 13  
Number of output bits: 160

Number of direct occurrences: 53146  
Number of assignments: 31800  
Number of operations: 11327778
(xor: 11299284,
and: 14953,
or: 13541)

Total complexity: 5.185382634050718 × 10^302

Least occurring input variable: iv_502 (3854)  
Most occurring input variable: iv_511 (4289)

Most co-occurring input variables: iv_508-iv_509 (2108)  
Least co-occurring input variables: iv_499-iv_502 (1742)

Potentially most occurring input variable: iv_501/iv_509 (4573)  
Potentially least occurring input variable: iv_506/iv_507 (4187)

Least output occurring input variable: iv_504 (70)  
Most output occurring input variable: iv_498 (90)

Most output co-occurring input variables: iv_497-iv_511 (46)  
Least output co-occurring input variables: iv_499-iv_504 (29)

Potentially most output occurring input variable: iv_503/iv_511 (96)  
Potentially least output occurring input variable: iv_497/iv_511 (68)

Least complex input bit: iv_511 (6.33452039793402 × 10^298)  
Most complex input bit: iv_501 (1.026398888775456 × 10^302)

Least complex output bit: aaa_76_29 (1.9198057154792128 × 10^277)  
Most complex output bit: ov_001 (8.10661184379483 × 10^301)

Least complex input/output complexity: iv_511/aaa_76_29 (2.3452557550749968 × 10^273)  
Most complex input/output complexity: iv_501/ov_001 (1.6046293929335486 × 10^301)

## Input Bits

### Input Bits in Regular Order

| Input Bit | Complexity | Occurrences | Output Occurrences |
|:---------:|:----------:|:-----------:|:------------------:|
| iv_497 | 1.4733160966213187 × 10^300 | 4083 | 81 |
| iv_498 | 2.9372782072742395 × 10^300 | 3989 | 90 |
| iv_499 | 5.171577068286153 × 10^300 | 3931 | 72 |
| iv_500 | 8.701912399682758 × 10^300 | 4149 | 72 |
| iv_501 | 1.026398888775456 × 10^302 | 4138 | 78 |
| iv_502 | 2.326219552480115 × 10^301 | 3854 | 71 |
| iv_503 | 3.697511036434189 × 10^301 | 4081 | 75 |
| iv_504 | 5.764040715437491 × 10^301 | 3963 | 70 |
| iv_506 | 4.460361092172831 × 10^301 | 4006 | 80 |
| iv_507 | 6.398724057764209 × 10^301 | 4203 | 75 |
| iv_508 | 8.492188203940331 × 10^301 | 4219 | 77 |
| iv_509 | 8.616049896939062 × 10^301 | 4241 | 74 |
| iv_511 | 6.33452039793402 × 10^298 | 4289 | 79 |

### Input Bits Sorted by Complexity

| Input Bit | Complexity | Occurrences | Output Occurrences |
|:---------:|:----------:|:-----------:|:------------------:|
| iv_511 | 6.33452039793402 × 10^298 | 4289 | 79 |
| iv_497 | 1.4733160966213187 × 10^300 | 4083 | 81 |
| iv_498 | 2.9372782072742395 × 10^300 | 3989 | 90 |
| iv_499 | 5.171577068286153 × 10^300 | 3931 | 72 |
| iv_500 | 8.701912399682758 × 10^300 | 4149 | 72 |
| iv_502 | 2.326219552480115 × 10^301 | 3854 | 71 |
| iv_503 | 3.697511036434189 × 10^301 | 4081 | 75 |
| iv_506 | 4.460361092172831 × 10^301 | 4006 | 80 |
| iv_504 | 5.764040715437491 × 10^301 | 3963 | 70 |
| iv_507 | 6.398724057764209 × 10^301 | 4203 | 75 |
| iv_508 | 8.492188203940331 × 10^301 | 4219 | 77 |
| iv_509 | 8.616049896939062 × 10^301 | 4241 | 74 |
| iv_501 | 1.026398888775456 × 10^302 | 4138 | 78 |

### Input Bits Sorted by Occurrences

| Input Bit | Complexity | Occurrences | Output Occurrences |
|:---------:|:----------:|:-----------:|:------------------:|
| iv_502 | 2.326219552480115 × 10^301 | 3854 | 71 |
| iv_499 | 5.171577068286153 × 10^300 | 3931 | 72 |
| iv_504 | 5.764040715437491 × 10^301 | 3963 | 70 |
| iv_498 | 2.9372782072742395 × 10^300 | 3989 | 90 |
| iv_506 | 4.460361092172831 × 10^301 | 4006 | 80 |
| iv_503 | 3.697511036434189 × 10^301 | 4081 | 75 |
| iv_497 | 1.4733160966213187 × 10^300 | 4083 | 81 |
| iv_501 | 1.026398888775456 × 10^302 | 4138 | 78 |
| iv_500 | 8.701912399682758 × 10^300 | 4149 | 72 |
| iv_507 | 6.398724057764209 × 10^301 | 4203 | 75 |
| iv_508 | 8.492188203940331 × 10^301 | 4219 | 77 |
| iv_509 | 8.616049896939062 × 10^301 | 4241 | 74 |
| iv_511 | 6.33452039793402 × 10^298 | 4289 | 79 |

### Input Bits Sorted by Output Occurrences

| Input Bit | Complexity | Occurrences | Output Occurrences |
|:---------:|:----------:|:-----------:|:------------------:|
| iv_504 | 5.764040715437491 × 10^301 | 3963 | 70 |
| iv_502 | 2.326219552480115 × 10^301 | 3854 | 71 |
| iv_500 | 8.701912399682758 × 10^300 | 4149 | 72 |
| iv_499 | 5.171577068286153 × 10^300 | 3931 | 72 |
| iv_509 | 8.616049896939062 × 10^301 | 4241 | 74 |
| iv_503 | 3.697511036434189 × 10^301 | 4081 | 75 |
| iv_507 | 6.398724057764209 × 10^301 | 4203 | 75 |
| iv_508 | 8.492188203940331 × 10^301 | 4219 | 77 |
| iv_501 | 1.026398888775456 × 10^302 | 4138 | 78 |
| iv_511 | 6.33452039793402 × 10^298 | 4289 | 79 |
| iv_506 | 4.460361092172831 × 10^301 | 4006 | 80 |
| iv_497 | 1.4733160966213187 × 10^300 | 4083 | 81 |
| iv_498 | 2.9372782072742395 × 10^300 | 3989 | 90 |

## Input Bit Co-occurrences

### Input Bit Co-occurrences Sorted by Co-occurrences

| Input Bits | Co-occurrences | Potential Occurrences | Output Co-occurrences | Potential Output Occurrences |
|:----------:|:--------------:|:---------------------:|:---------------------:|:----------------------------:|
| iv_508-iv_509 | 2108 | 4244 | 35 | 81 |
| iv_500-iv_511 | 2101 | 4236 | 34 | 83 |
| iv_507-iv_509 | 2077 | 4290 | 35 | 79 |
| iv_507-iv_511 | 2026 | 4440 | 38 | 78 |
| iv_506-iv_507 | 2011 | 4187 | 38 | 79 |
| iv_501-iv_511 | 2011 | 4405 | 39 | 79 |
| iv_503-iv_511 | 2007 | 4356 | 29 | 96 |
| iv_500-iv_507 | 2007 | 4338 | 33 | 81 |
| iv_500-iv_503 | 2002 | 4226 | 34 | 79 |
| iv_507-iv_508 | 1994 | 4434 | 40 | 72 |
| iv_497-iv_507 | 1993 | 4300 | 33 | 90 |
| iv_497-iv_511 | 1991 | 4390 | 46 | 68 |
| iv_497-iv_509 | 1987 | 4350 | 34 | 87 |

### Input Bit Co-occurrences Sorted by Potential Occurrences

| Input Bits | Co-occurrences | Potential Occurrences | Output Co-occurrences | Potential Output Occurrences |
|:----------:|:--------------:|:---------------------:|:---------------------:|:----------------------------:|
| iv_506-iv_507 | 2011 | 4187 | 38 | 79 |
| iv_499-iv_504 | 1853 | 4188 | 29 | 84 |
| iv_504-iv_506 | 1890 | 4189 | 37 | 76 |
| iv_498-iv_504 | 1875 | 4202 | 42 | 76 |
| iv_500-iv_506 | 1968 | 4219 | 37 | 78 |
| iv_500-iv_502 | 1889 | 4225 | 32 | 79 |
| iv_500-iv_503 | 2002 | 4226 | 34 | 79 |
| iv_498-iv_506 | 1884 | 4227 | 43 | 84 |
| iv_499-iv_508 | 1959 | 4232 | 37 | 75 |
| iv_500-iv_511 | 2101 | 4236 | 34 | 83 |
| iv_508-iv_509 | 2108 | 4244 | 35 | 81 |
| iv_502-iv_506 | 1808 | 4244 | 39 | 73 |
| iv_502-iv_504 | 1786 | 4245 | 34 | 73 |

### Input Bit Output Co-occurrences Sorted by Output Co-occurrences

| Input Bits | Co-occurrences | Potential Occurrences | Output Co-occurrences | Potential Output Occurrences |
|:----------:|:--------------:|:---------------------:|:---------------------:|:----------------------------:|
| iv_497-iv_511 | 1991 | 4390 | 46 | 68 |
| iv_497-iv_498 | 1875 | 4322 | 45 | 81 |
| iv_498-iv_501 | 1862 | 4403 | 44 | 80 |
| iv_498-iv_503 | 1882 | 4306 | 44 | 77 |
| iv_498-iv_508 | 1900 | 4408 | 44 | 79 |
| iv_498-iv_511 | 1925 | 4428 | 44 | 81 |
| iv_497-iv_506 | 1916 | 4257 | 43 | 75 |
| iv_498-iv_499 | 1837 | 4246 | 43 | 76 |
| iv_498-iv_506 | 1884 | 4227 | 43 | 84 |
| iv_498-iv_509 | 1905 | 4420 | 43 | 78 |
| iv_501-iv_503 | 1957 | 4305 | 42 | 69 |
| iv_498-iv_504 | 1875 | 4202 | 42 | 76 |
| iv_501-iv_506 | 1923 | 4298 | 41 | 76 |

### Input Bit Output Co-occurrences Sorted by Potential Output Occurrences

| Input Bits | Co-occurrences | Potential Occurrences | Output Co-occurrences | Potential Output Occurrences |
|:----------:|:--------------:|:---------------------:|:---------------------:|:----------------------------:|
| iv_497-iv_511 | 1991 | 4390 | 46 | 68 |
| iv_501-iv_503 | 1957 | 4305 | 42 | 69 |
| iv_499-iv_507 | 1930 | 4274 | 39 | 69 |
| iv_499-iv_503 | 1857 | 4298 | 38 | 71 |
| iv_507-iv_508 | 1994 | 4434 | 40 | 72 |
| iv_499-iv_506 | 1801 | 4335 | 40 | 72 |
| iv_502-iv_507 | 1897 | 4263 | 37 | 72 |
| iv_502-iv_504 | 1786 | 4245 | 34 | 73 |
| iv_502-iv_506 | 1808 | 4244 | 39 | 73 |
| iv_501-iv_509 | 1903 | 4573 | 39 | 74 |
| iv_499-iv_500 | 1892 | 4296 | 35 | 74 |
| iv_501-iv_508 | 1985 | 4387 | 40 | 75 |
| iv_502-iv_509 | 1849 | 4397 | 35 | 75 |

## Output Bits

### Output Bits in Regular Order

| Rank | Output Bit | Complexity |
|:----:|:----------:|:----------:|
| 1 | ov_001 | 8.10661184379483 × 10^301 |
| 2 | ov_002 | 7.054107892693079 × 10^301 |
| 3 | ov_003 | 6.109190967901941 × 10^301 |
| 4 | ov_004 | 5.263793948809341 × 10^301 |
| 5 | ov_005 | 4.5102915474084354 × 10^301 |
| 6 | ov_006 | 3.841469044667313 × 10^301 |
| 7 | ov_007 | 3.250495033101222 × 10^301 |
| 8 | ov_008 | 2.7308978454355363 × 10^301 |
| 9 | ov_009 | 2.2765453700816495 × 10^301 |
| 10 | ov_010 | 1.8816279282352907 × 10^301 |
| 11 | ov_011 | 1.540643883860584 × 10^301 |
| 12 | ov_012 | 1.2483876767626285 × 10^301 |
| 13 | ov_013 | 9.999399874875506 × 10^300 |
| 14 | ov_014 | 7.906597610098248 × 10^300 |
| 15 | ov_015 | 6.161778341460199 × 10^300 |
| 16 | ov_016 | 4.723919294333787 × 10^300 |
| 17 | ov_017 | 3.554627958802321 × 10^300 |
| 18 | ov_018 | 2.618112945724264 × 10^300 |
| 19 | ov_019 | 1.8811624463553546 × 10^300 |
| 20 | ov_020 | 1.313128625284435 × 10^300 |
| 21 | ov_021 | 8.859165226404955 × 10^299 |
| 22 | ov_022 | 5.739763592724613 × 10^299 |
| 23 | ov_023 | 3.5429836279377505 × 10^299 |
| 24 | ov_024 | 2.064094020888823 × 10^299 |
| 25 | ov_025 | 1.123709265910617 × 10^299 |
| 26 | ov_026 | 5.677783655942155 × 10^298 |
| 27 | ov_027 | 2.675795104265782 × 10^298 |
| 28 | ov_028 | 1.1971797883998925 × 10^298 |
| 29 | ov_029 | 4.612546057667047 × 10^297 |
| 30 | ov_030 | 1.409936816750217 × 10^297 |
| 31 | ov_031 | 2.749708038508869 × 10^296 |
| 32 | lv_80_m31 | 5.361565969973737 × 10^295 |
| 33 | ov_033 | 6.458139259487077 × 10^296 |
| 34 | ov_034 | 5.607626205004323 × 10^296 |
| 35 | ov_035 | 4.8457330476587714 × 10^296 |
| 36 | ov_036 | 4.165523636810406 × 10^296 |
| 37 | ov_037 | 3.5604419864200024 × 10^296 |
| 38 | ov_038 | 3.0242853893885874 × 10^296 |
| 39 | ov_039 | 2.5511810251134384 × 10^296 |
| 40 | ov_040 | 2.1355657423417634 × 10^296 |
| 41 | ov_041 | 1.7721687152655744 × 10^296 |
| 42 | ov_042 | 1.4559966864004879 × 10^296 |
| 43 | ov_043 | 1.1846207274092092 × 10^296 |
| 44 | ov_044 | 9.535674531133194 × 10^295 |
| 45 | ov_045 | 7.586096612808781 × 10^295 |
| 46 | ov_046 | 5.957593634532133 × 10^295 |
| 47 | ov_047 | 4.6126219805198277 × 10^295 |
| 48 | ov_048 | 3.5159302953456345 × 10^295 |
| 49 | ov_049 | 2.634525520481708 × 10^295 |
| 50 | ov_050 | 1.9376473065802444 × 10^295 |
| 51 | ov_051 | 1.3967492780539091 × 10^295 |
| 52 | ov_052 | 9.854857719877905 × 10^294 |
| 53 | ov_053 | 6.797028186450495 × 10^294 |
| 54 | ov_054 | 4.574322758823857 × 10^294 |
| 55 | ov_055 | 2.9888817473401565 × 10^294 |
| 56 | ov_056 | 1.8646451006351404 × 10^294 |
| 57 | ov_057 | 1.1190306372351154 × 10^294 |
| 58 | ov_058 | 6.195443926084071 × 10^293 |
| 59 | ov_059 | 3.053836268456206 × 10^293 |
| 60 | ov_060 | 1.2663295714022778 × 10^293 |
| 61 | ov_061 | 4.4263949188565515 × 10^292 |
| 62 | ov_062 | 1.2150938817516903 × 10^292 |
| 63 | ov_063 | 2.370076598767614 × 10^291 |
| 64 | lv_79_m31 | 4.621905904864414 × 10^290 |
| 65 | ov_065 | 5.557800499697335 × 10^291 |
| 66 | ov_066 | 5.55778622660731 × 10^291 |
| 67 | ov_067 | 5.557782821249631 × 10^291 |
| 68 | ov_068 | 4.8284811921211643 × 10^291 |
| 69 | ov_069 | 4.173863379695171 × 10^291 |
| 70 | ov_070 | 3.5884879055204226 × 10^291 |
| 71 | ov_071 | 3.067173669016816 × 10^291 |
| 72 | ov_072 | 2.6049830784196126 × 10^291 |
| 73 | ov_073 | 2.1972085075523817 × 10^291 |
| 74 | ov_074 | 1.839361598689577 × 10^291 |
| 75 | ov_075 | 1.5271649573362177 × 10^291 |
| 76 | ov_076 | 1.2565458093090964 × 10^291 |
| 77 | ov_077 | 1.0236312142257003 × 10^291 |
| 78 | ov_078 | 8.247444525468482 × 10^290 |
| 79 | ov_079 | 6.564022258096913 × 10^290 |
| 80 | ov_080 | 5.153123672944508 × 10^290 |
| 81 | ov_081 | 3.983718860911026 × 10^290 |
| 82 | ov_082 | 3.0266528506980516 × 10^290 |
| 83 | ov_083 | 2.254631316131521 × 10^290 |
| 84 | ov_084 | 1.642208600630451 × 10^290 |
| 85 | ov_085 | 1.1657778489831595 × 10^290 |
| 86 | ov_086 | 8.0356303700110165 × 10^289 |
| 87 | ov_087 | 5.356126898771323 × 10^289 |
| 88 | ov_088 | 3.437950802315405 × 10^289 |
| 89 | ov_089 | 2.1179469691987267 × 10^289 |
| 90 | ov_090 | 1.251097757247881 × 10^289 |
| 91 | ov_091 | 7.10506830772851 × 10^288 |
| 92 | ov_092 | 3.873894571266074 × 10^288 |
| 93 | ov_093 | 1.9106729488952875 × 10^288 |
| 94 | ov_094 | 8.072734159491163 × 10^287 |
| 95 | aaa_78_28 | 2.460822909769782 × 10^287 |
| 96 | aaa_78_29 | 7.404861818416895 × 10^286 |
| 97 | ov_097 | 3.811173600620074 × 10^286 |
| 98 | ov_098 | 3.8111389507769587 × 10^286 |
| 99 | ov_099 | 3.8111278728307675 × 10^286 |
| 100 | ov_100 | 3.162215342880632 × 10^286 |
| 101 | ov_101 | 2.6027825115754664 × 10^286 |
| 102 | ov_102 | 2.1242618017305129 × 10^286 |
| 103 | ov_103 | 1.7185601031636887 × 10^286 |
| 104 | ov_104 | 1.3780243351750204 × 10^286 |
| 105 | ov_105 | 1.0954113744088657 × 10^286 |
| 106 | ov_106 | 8.638619574728443 × 10^285 |
| 107 | ov_107 | 6.768781881578405 × 10^285 |
| 108 | ov_108 | 5.2830429879856004 × 10^285 |
| 109 | ov_109 | 4.1231033437732854 × 10^285 |
| 110 | ov_110 | 3.233784465294487 × 10^285 |
| 111 | ov_111 | 2.5629150276416627 × 10^285 |
| 112 | ov_112 | 2.061237340626832 × 10^285 |
| 113 | ov_113 | 1.6823316163040423 × 10^285 |
| 114 | ov_114 | 1.3825556102769673 × 10^285 |
| 115 | ov_115 | 1.1209973923237583 × 10^285 |
| 116 | ov_116 | 8.94989834943347 × 10^284 |
| 117 | ov_117 | 7.018853961698743 × 10^284 |
| 118 | ov_118 | 5.3905024719725876 × 10^284 |
| 119 | ov_119 | 4.038597853026242 × 10^284 |
| 120 | ov_120 | 2.9369536068356827 × 10^284 |
| 121 | ov_121 | 2.0594204585354516 × 10^284 |
| 122 | ov_122 | 1.3798719947944673 × 10^284 |
| 123 | ov_123 | 8.72195211929517 × 10^283 |
| 124 | ov_124 | 5.102841351798319 × 10^283 |
| 125 | ov_125 | 2.680358622424055 × 10^283 |
| 126 | ov_126 | 1.1934854308755373 × 10^283 |
| 127 | aaa_77_28 | 3.812060363970695 × 10^282 |
| 128 | aaa_77_29 | 1.429682355263055 × 10^282 |
| 129 | ov_129 | 1.335769925918566 × 10^282 |
| 130 | ov_130 | 1.3357661838979233 × 10^282 |
| 131 | ov_131 | 1.3357652782466836 × 10^282 |
| 132 | ov_132 | 1.1608178182865172 × 10^282 |
| 133 | ov_133 | 1.0038648285801075 × 10^282 |
| 134 | ov_134 | 8.635567815546516 × 10^281 |
| 135 | ov_135 | 7.386172742306052 × 10^281 |
| 136 | ov_136 | 6.278378123164577 × 10^281 |
| 137 | ov_137 | 5.300732943728474 × 10^281 |
| 138 | ov_138 | 4.4423813086556295 × 10^281 |
| 139 | ov_139 | 3.693029362952785 × 10^281 |
| 140 | ov_140 | 3.0429173585364155 × 10^281 |
| 141 | ov_141 | 2.4827963123298986 × 10^281 |
| 142 | ov_142 | 2.003908733296478 × 10^281 |
| 143 | ov_143 | 1.5979729264450952 × 10^281 |
| 144 | ov_144 | 1.2571704121267419 × 10^281 |
| 145 | ov_145 | 9.741360289685099 × 10^280 |
| 146 | ov_146 | 7.419503186530993 × 10^280 |
| 147 | ov_147 | 5.541338205032157 × 10^280 |
| 148 | ov_148 | 4.046429335145262 × 10^280 |
| 149 | ov_149 | 2.878670331237943 × 10^280 |
| 150 | ov_150 | 1.98626559616096 × 10^280 |
| 151 | ov_151 | 1.3217182467577154 × 10^280 |
| 152 | ov_152 | 8.418231217568599 × 10^279 |
| 153 | ov_153 | 5.0766287330148165 × 10^279 |
| 154 | ov_154 | 2.8460581410552156 × 10^279 |
| 155 | ov_155 | 1.4230471018133033 × 10^279 |
| 156 | aaa_76_25 | 5.4696123758301256 × 10^278 |
| 157 | aaa_76_26 | 3.160285355584542 × 10^278 |
| 158 | aaa_76_27 | 1.6187183793734856 × 10^278 |
| 159 | aaa_76_28 | 6.307533188072178 × 10^277 |
| 160 | aaa_76_29 | 1.9198057154792128 × 10^277 |

### Output Bits Sorted by Complexity

| Rank | Output Bit | Complexity |
|:----:|:----------:|:----------:|
| 160 | aaa_76_29 | 1.9198057154792128 × 10^277 |
| 159 | aaa_76_28 | 6.307533188072178 × 10^277 |
| 158 | aaa_76_27 | 1.6187183793734856 × 10^278 |
| 157 | aaa_76_26 | 3.160285355584542 × 10^278 |
| 156 | aaa_76_25 | 5.4696123758301256 × 10^278 |
| 155 | ov_155 | 1.4230471018133033 × 10^279 |
| 154 | ov_154 | 2.8460581410552156 × 10^279 |
| 153 | ov_153 | 5.0766287330148165 × 10^279 |
| 152 | ov_152 | 8.418231217568599 × 10^279 |
| 151 | ov_151 | 1.3217182467577154 × 10^280 |
| 150 | ov_150 | 1.98626559616096 × 10^280 |
| 149 | ov_149 | 2.878670331237943 × 10^280 |
| 148 | ov_148 | 4.046429335145262 × 10^280 |
| 147 | ov_147 | 5.541338205032157 × 10^280 |
| 146 | ov_146 | 7.419503186530993 × 10^280 |
| 145 | ov_145 | 9.741360289685099 × 10^280 |
| 144 | ov_144 | 1.2571704121267419 × 10^281 |
| 143 | ov_143 | 1.5979729264450952 × 10^281 |
| 142 | ov_142 | 2.003908733296478 × 10^281 |
| 141 | ov_141 | 2.4827963123298986 × 10^281 |
| 140 | ov_140 | 3.0429173585364155 × 10^281 |
| 139 | ov_139 | 3.693029362952785 × 10^281 |
| 138 | ov_138 | 4.4423813086556295 × 10^281 |
| 137 | ov_137 | 5.300732943728474 × 10^281 |
| 136 | ov_136 | 6.278378123164577 × 10^281 |
| 135 | ov_135 | 7.386172742306052 × 10^281 |
| 134 | ov_134 | 8.635567815546516 × 10^281 |
| 133 | ov_133 | 1.0038648285801075 × 10^282 |
| 132 | ov_132 | 1.1608178182865172 × 10^282 |
| 131 | ov_131 | 1.3357652782466836 × 10^282 |
| 130 | ov_130 | 1.3357661838979233 × 10^282 |
| 129 | ov_129 | 1.335769925918566 × 10^282 |
| 128 | aaa_77_29 | 1.429682355263055 × 10^282 |
| 127 | aaa_77_28 | 3.812060363970695 × 10^282 |
| 126 | ov_126 | 1.1934854308755373 × 10^283 |
| 125 | ov_125 | 2.680358622424055 × 10^283 |
| 124 | ov_124 | 5.102841351798319 × 10^283 |
| 123 | ov_123 | 8.72195211929517 × 10^283 |
| 122 | ov_122 | 1.3798719947944673 × 10^284 |
| 121 | ov_121 | 2.0594204585354516 × 10^284 |
| 120 | ov_120 | 2.9369536068356827 × 10^284 |
| 119 | ov_119 | 4.038597853026242 × 10^284 |
| 118 | ov_118 | 5.3905024719725876 × 10^284 |
| 117 | ov_117 | 7.018853961698743 × 10^284 |
| 116 | ov_116 | 8.94989834943347 × 10^284 |
| 115 | ov_115 | 1.1209973923237583 × 10^285 |
| 114 | ov_114 | 1.3825556102769673 × 10^285 |
| 113 | ov_113 | 1.6823316163040423 × 10^285 |
| 112 | ov_112 | 2.061237340626832 × 10^285 |
| 111 | ov_111 | 2.5629150276416627 × 10^285 |
| 110 | ov_110 | 3.233784465294487 × 10^285 |
| 109 | ov_109 | 4.1231033437732854 × 10^285 |
| 108 | ov_108 | 5.2830429879856004 × 10^285 |
| 107 | ov_107 | 6.768781881578405 × 10^285 |
| 106 | ov_106 | 8.638619574728443 × 10^285 |
| 105 | ov_105 | 1.0954113744088657 × 10^286 |
| 104 | ov_104 | 1.3780243351750204 × 10^286 |
| 103 | ov_103 | 1.7185601031636887 × 10^286 |
| 102 | ov_102 | 2.1242618017305129 × 10^286 |
| 101 | ov_101 | 2.6027825115754664 × 10^286 |
| 100 | ov_100 | 3.162215342880632 × 10^286 |
| 99 | ov_099 | 3.8111278728307675 × 10^286 |
| 98 | ov_098 | 3.8111389507769587 × 10^286 |
| 97 | ov_097 | 3.811173600620074 × 10^286 |
| 96 | aaa_78_29 | 7.404861818416895 × 10^286 |
| 95 | aaa_78_28 | 2.460822909769782 × 10^287 |
| 94 | ov_094 | 8.072734159491163 × 10^287 |
| 93 | ov_093 | 1.9106729488952875 × 10^288 |
| 92 | ov_092 | 3.873894571266074 × 10^288 |
| 91 | ov_091 | 7.10506830772851 × 10^288 |
| 90 | ov_090 | 1.251097757247881 × 10^289 |
| 89 | ov_089 | 2.1179469691987267 × 10^289 |
| 88 | ov_088 | 3.437950802315405 × 10^289 |
| 87 | ov_087 | 5.356126898771323 × 10^289 |
| 86 | ov_086 | 8.0356303700110165 × 10^289 |
| 85 | ov_085 | 1.1657778489831595 × 10^290 |
| 84 | ov_084 | 1.642208600630451 × 10^290 |
| 83 | ov_083 | 2.254631316131521 × 10^290 |
| 82 | ov_082 | 3.0266528506980516 × 10^290 |
| 81 | ov_081 | 3.983718860911026 × 10^290 |
| 64 | lv_79_m31 | 4.621905904864414 × 10^290 |
| 80 | ov_080 | 5.153123672944508 × 10^290 |
| 79 | ov_079 | 6.564022258096913 × 10^290 |
| 78 | ov_078 | 8.247444525468482 × 10^290 |
| 77 | ov_077 | 1.0236312142257003 × 10^291 |
| 76 | ov_076 | 1.2565458093090964 × 10^291 |
| 75 | ov_075 | 1.5271649573362177 × 10^291 |
| 74 | ov_074 | 1.839361598689577 × 10^291 |
| 73 | ov_073 | 2.1972085075523817 × 10^291 |
| 63 | ov_063 | 2.370076598767614 × 10^291 |
| 72 | ov_072 | 2.6049830784196126 × 10^291 |
| 71 | ov_071 | 3.067173669016816 × 10^291 |
| 70 | ov_070 | 3.5884879055204226 × 10^291 |
| 69 | ov_069 | 4.173863379695171 × 10^291 |
| 68 | ov_068 | 4.8284811921211643 × 10^291 |
| 67 | ov_067 | 5.557782821249631 × 10^291 |
| 66 | ov_066 | 5.55778622660731 × 10^291 |
| 65 | ov_065 | 5.557800499697335 × 10^291 |
| 62 | ov_062 | 1.2150938817516903 × 10^292 |
| 61 | ov_061 | 4.4263949188565515 × 10^292 |
| 60 | ov_060 | 1.2663295714022778 × 10^293 |
| 59 | ov_059 | 3.053836268456206 × 10^293 |
| 58 | ov_058 | 6.195443926084071 × 10^293 |
| 57 | ov_057 | 1.1190306372351154 × 10^294 |
| 56 | ov_056 | 1.8646451006351404 × 10^294 |
| 55 | ov_055 | 2.9888817473401565 × 10^294 |
| 54 | ov_054 | 4.574322758823857 × 10^294 |
| 53 | ov_053 | 6.797028186450495 × 10^294 |
| 52 | ov_052 | 9.854857719877905 × 10^294 |
| 51 | ov_051 | 1.3967492780539091 × 10^295 |
| 50 | ov_050 | 1.9376473065802444 × 10^295 |
| 49 | ov_049 | 2.634525520481708 × 10^295 |
| 48 | ov_048 | 3.5159302953456345 × 10^295 |
| 47 | ov_047 | 4.6126219805198277 × 10^295 |
| 32 | lv_80_m31 | 5.361565969973737 × 10^295 |
| 46 | ov_046 | 5.957593634532133 × 10^295 |
| 45 | ov_045 | 7.586096612808781 × 10^295 |
| 44 | ov_044 | 9.535674531133194 × 10^295 |
| 43 | ov_043 | 1.1846207274092092 × 10^296 |
| 42 | ov_042 | 1.4559966864004879 × 10^296 |
| 41 | ov_041 | 1.7721687152655744 × 10^296 |
| 40 | ov_040 | 2.1355657423417634 × 10^296 |
| 39 | ov_039 | 2.5511810251134384 × 10^296 |
| 31 | ov_031 | 2.749708038508869 × 10^296 |
| 38 | ov_038 | 3.0242853893885874 × 10^296 |
| 37 | ov_037 | 3.5604419864200024 × 10^296 |
| 36 | ov_036 | 4.165523636810406 × 10^296 |
| 35 | ov_035 | 4.8457330476587714 × 10^296 |
| 34 | ov_034 | 5.607626205004323 × 10^296 |
| 33 | ov_033 | 6.458139259487077 × 10^296 |
| 30 | ov_030 | 1.409936816750217 × 10^297 |
| 29 | ov_029 | 4.612546057667047 × 10^297 |
| 28 | ov_028 | 1.1971797883998925 × 10^298 |
| 27 | ov_027 | 2.675795104265782 × 10^298 |
| 26 | ov_026 | 5.677783655942155 × 10^298 |
| 25 | ov_025 | 1.123709265910617 × 10^299 |
| 24 | ov_024 | 2.064094020888823 × 10^299 |
| 23 | ov_023 | 3.5429836279377505 × 10^299 |
| 22 | ov_022 | 5.739763592724613 × 10^299 |
| 21 | ov_021 | 8.859165226404955 × 10^299 |
| 20 | ov_020 | 1.313128625284435 × 10^300 |
| 19 | ov_019 | 1.8811624463553546 × 10^300 |
| 18 | ov_018 | 2.618112945724264 × 10^300 |
| 17 | ov_017 | 3.554627958802321 × 10^300 |
| 16 | ov_016 | 4.723919294333787 × 10^300 |
| 15 | ov_015 | 6.161778341460199 × 10^300 |
| 14 | ov_014 | 7.906597610098248 × 10^300 |
| 13 | ov_013 | 9.999399874875506 × 10^300 |
| 12 | ov_012 | 1.2483876767626285 × 10^301 |
| 11 | ov_011 | 1.540643883860584 × 10^301 |
| 10 | ov_010 | 1.8816279282352907 × 10^301 |
| 9 | ov_009 | 2.2765453700816495 × 10^301 |
| 8 | ov_008 | 2.7308978454355363 × 10^301 |
| 7 | ov_007 | 3.250495033101222 × 10^301 |
| 6 | ov_006 | 3.841469044667313 × 10^301 |
| 5 | ov_005 | 4.5102915474084354 × 10^301 |
| 4 | ov_004 | 5.263793948809341 × 10^301 |
| 3 | ov_003 | 6.109190967901941 × 10^301 |
| 2 | ov_002 | 7.054107892693079 × 10^301 |
| 1 | ov_001 | 8.10661184379483 × 10^301 |

