# Results for F001-F002-F003-F004-F005-F006-F007-F008-F009-F010-F011-F012-F013-F014-F015-F016-F017-F018-F019-F020-F021-F022-F023-F024-F025-F026-F027-F028-F029-F030-F031-F032-F033-F034-F035-F036-F037-F038-F039-F040-F041-F042-F043-F044-F045-F046-F047-F048-F049-F050-F051-F052-F053-F054-F055-F056-F057-F058-F059-F060-F061-F062-F063-F064-F065-F066-F067-F068-F069-F070-F071-F072-F073-F074-F075-F076-F077-F078-F079-F080-F081-F082-F083-F084-F085-F086-F087-F088-F089-F090-F091-F092-F093-F094-F095-F096-F097-F098-F099-F100-F101-F102-F103-F104-F105-F106-F107-F108-F109-F110-F111-F112-F113-F114-F115-F116-F117-F118-F119-F120-F121-F122-F123-F124-F125-F126-F127-F128-F129-F130-F131-F132-F133-F134-F135-F136-F137-F138-F139-F140-F141-F142-F143-F144-F145-F146-F147-F148-F149-F150-F151-F152-F153-F154-F155-F156-F157-F158-F159-F160-F161-F162-F163-F164-F165-F166-F167-F168-F169-F170-F171-F172-F173-F174-F175-F176-F177-F178-F179-F180-F181-F182-F183-F184-F185-F186-F187-F188-F189-F190-F191-F192-F193-F194-F195-F196-F197-F198-F199-F200-F201-F202-F203-F204-F205-F206-F207-F208-F209-F210-F211-F212-F213-F214-F215-F216-F217-F218-F219-F220-F221-F222-F223-F224-F225-F226-F227-F228-F229-F230-F231-F232-F233-F234-F235-F236-F237-F238-F239-F240-F241-F242-F243-F244-F245-F246-F247-F248-F249-F250-F251-F252-F253-F254-F255-F256-F257-F258-F259-F260-F261-F262-F263-F264-F265-F266-F267-F268-F269-F270-F271-F272-F273-F274-F275-F276-F277-F278-F279-F280-F281-F282-F283-F284-F285-F286-F287-F288-F289-F290-F291-F292-F293-F294-F295-F296-F297-F298-F299-F300-F301-F302-F303-F304-F305-F306-F307-F308-F309-F310-F311-F312-F313-F314-F315-F316-F317-F318-F319-F320-F321-F322-F323-F324-F325-F326-F327-F328-F329-F330-F331-F332-F333-F334-F335-F336-F337-F338-F339-F340-F341-F342-F343-F344-F345-F346-F347-F348-F349-F350-F351-F352-F353-F354-F355-F356-F357-F358-F359-F360-F361-F362-F363-F364-F365-F366-F367-F368-F369-F370-F371-F372-F373-F374-F375-F376-F377-F378-F379-F380-F381-F382-F383-F384-F385-F386-F387-F388-F389-F390-F391-F392-F393-F394-F395-F396-F397-F398-F399-F400-F401-F402-F403-F404-F405-F406-F407-F408-F409-F410-F411-F412-F413-F414-F415-F416-F417-F418-F419-F420-F421-F422-F423-F424-F425-F426-F427-F428-F429-F430-F431-F432-F433-F434-F435-F436-F437-F438-F439-F440-F441-F442-F443-F444-F445-F446-F447-F448-F449-F450-F451-F452-F453-F454-F455-F456-F457-F458-F459-F460-F461-F462-F463-F464-F465-F466-F467-F468-F469-F470-F471-F472-F473-F474-F475-F476-F477-F478-F479-F480-F481-F482-F483-F484-F485-F486-F487-F488-F489-F490-F491-F492-F493-F494-F495-F496-T505-F510-F512

## Summary

Number of input bits: 512  
Number of free input bits: 13  
Number of output bits: 160

Number of direct occurrences: 54208  
Number of assignments: 31943  
Number of operations: 11793256
(xor: 11764127,
and: 15551,
or: 13578)

Total complexity: 8.934185656660531 × 10^306

Least occurring input variable: iv_499 (4006)  
Most occurring input variable: iv_503 (4337)

Most co-occurring input variables: iv_503-iv_511 (2170)  
Least co-occurring input variables: iv_498-iv_499 (1805)

Potentially most occurring input variable: iv_504/iv_507 (4588)  
Potentially least occurring input variable: iv_500/iv_506 (4216)

Least output occurring input variable: iv_506 (62)  
Most output occurring input variable: iv_502 (93)

Most output co-occurring input variables: iv_502-iv_508 (54)  
Least output co-occurring input variables: iv_506-iv_509 (25)

Potentially most output occurring input variable: iv_498/iv_501 (95)  
Potentially least output occurring input variable: iv_498/iv_504 (68)

Least complex input bit: iv_511 (1.3176217516509715 × 10^303)  
Most complex input bit: iv_509 (1.789195009091273 × 10^306)

Least complex output bit: aaa_76_29 (3.4187662095261195 × 10^281)  
Most complex output bit: ov_001 (1.3967132575175757 × 10^306)

Least complex input/output complexity: iv_511/aaa_76_29 (5.042027213887928 × 10^277)  
Most complex input/output complexity: iv_509/ov_001 (2.7971126698257435 × 10^305)

## Input Bits

### Input Bits in Regular Order

| Input Bit | Complexity | Occurrences | Output Occurrences |
|:---------:|:----------:|:-----------:|:------------------:|
| iv_497 | 3.0592157193014084 × 10^304 | 4203 | 88 |
| iv_498 | 6.098646775660176 × 10^304 | 4028 | 84 |
| iv_499 | 1.0737054946280057 × 10^305 | 4006 | 86 |
| iv_500 | 1.8065857779504236 × 10^305 | 4017 | 76 |
| iv_501 | 2.9845928663854323 × 10^305 | 4107 | 75 |
| iv_502 | 4.829378578633535 × 10^305 | 4011 | 93 |
| iv_503 | 7.6763998165062405 × 10^305 | 4337 | 85 |
| iv_504 | 1.1967015284277086 × 10^306 | 4226 | 82 |
| iv_506 | 9.261587174333757 × 10^305 | 4059 | 62 |
| iv_507 | 1.3287024971402515 × 10^306 | 4246 | 74 |
| iv_508 | 1.7634654044562936 × 10^306 | 4319 | 90 |
| iv_509 | 1.789195009091273 × 10^306 | 4316 | 78 |
| iv_511 | 1.3176217516509715 × 10^303 | 4333 | 92 |

### Input Bits Sorted by Complexity

| Input Bit | Complexity | Occurrences | Output Occurrences |
|:---------:|:----------:|:-----------:|:------------------:|
| iv_511 | 1.3176217516509715 × 10^303 | 4333 | 92 |
| iv_497 | 3.0592157193014084 × 10^304 | 4203 | 88 |
| iv_498 | 6.098646775660176 × 10^304 | 4028 | 84 |
| iv_499 | 1.0737054946280057 × 10^305 | 4006 | 86 |
| iv_500 | 1.8065857779504236 × 10^305 | 4017 | 76 |
| iv_501 | 2.9845928663854323 × 10^305 | 4107 | 75 |
| iv_502 | 4.829378578633535 × 10^305 | 4011 | 93 |
| iv_503 | 7.6763998165062405 × 10^305 | 4337 | 85 |
| iv_506 | 9.261587174333757 × 10^305 | 4059 | 62 |
| iv_504 | 1.1967015284277086 × 10^306 | 4226 | 82 |
| iv_507 | 1.3287024971402515 × 10^306 | 4246 | 74 |
| iv_508 | 1.7634654044562936 × 10^306 | 4319 | 90 |
| iv_509 | 1.789195009091273 × 10^306 | 4316 | 78 |

### Input Bits Sorted by Occurrences

| Input Bit | Complexity | Occurrences | Output Occurrences |
|:---------:|:----------:|:-----------:|:------------------:|
| iv_499 | 1.0737054946280057 × 10^305 | 4006 | 86 |
| iv_502 | 4.829378578633535 × 10^305 | 4011 | 93 |
| iv_500 | 1.8065857779504236 × 10^305 | 4017 | 76 |
| iv_498 | 6.098646775660176 × 10^304 | 4028 | 84 |
| iv_506 | 9.261587174333757 × 10^305 | 4059 | 62 |
| iv_501 | 2.9845928663854323 × 10^305 | 4107 | 75 |
| iv_497 | 3.0592157193014084 × 10^304 | 4203 | 88 |
| iv_504 | 1.1967015284277086 × 10^306 | 4226 | 82 |
| iv_507 | 1.3287024971402515 × 10^306 | 4246 | 74 |
| iv_509 | 1.789195009091273 × 10^306 | 4316 | 78 |
| iv_508 | 1.7634654044562936 × 10^306 | 4319 | 90 |
| iv_511 | 1.3176217516509715 × 10^303 | 4333 | 92 |
| iv_503 | 7.6763998165062405 × 10^305 | 4337 | 85 |

### Input Bits Sorted by Output Occurrences

| Input Bit | Complexity | Occurrences | Output Occurrences |
|:---------:|:----------:|:-----------:|:------------------:|
| iv_506 | 9.261587174333757 × 10^305 | 4059 | 62 |
| iv_507 | 1.3287024971402515 × 10^306 | 4246 | 74 |
| iv_501 | 2.9845928663854323 × 10^305 | 4107 | 75 |
| iv_500 | 1.8065857779504236 × 10^305 | 4017 | 76 |
| iv_509 | 1.789195009091273 × 10^306 | 4316 | 78 |
| iv_504 | 1.1967015284277086 × 10^306 | 4226 | 82 |
| iv_498 | 6.098646775660176 × 10^304 | 4028 | 84 |
| iv_503 | 7.6763998165062405 × 10^305 | 4337 | 85 |
| iv_499 | 1.0737054946280057 × 10^305 | 4006 | 86 |
| iv_497 | 3.0592157193014084 × 10^304 | 4203 | 88 |
| iv_508 | 1.7634654044562936 × 10^306 | 4319 | 90 |
| iv_511 | 1.3176217516509715 × 10^303 | 4333 | 92 |
| iv_502 | 4.829378578633535 × 10^305 | 4011 | 93 |

## Input Bit Co-occurrences

### Input Bit Co-occurrences Sorted by Co-occurrences

| Input Bits | Co-occurrences | Potential Occurrences | Output Co-occurrences | Potential Output Occurrences |
|:----------:|:--------------:|:---------------------:|:---------------------:|:----------------------------:|
| iv_503-iv_511 | 2170 | 4330 | 49 | 79 |
| iv_508-iv_509 | 2125 | 4385 | 39 | 90 |
| iv_503-iv_504 | 2120 | 4323 | 44 | 79 |
| iv_497-iv_507 | 2112 | 4225 | 40 | 82 |
| iv_497-iv_509 | 2098 | 4323 | 46 | 74 |
| iv_508-iv_511 | 2083 | 4486 | 52 | 78 |
| iv_504-iv_511 | 2078 | 4403 | 45 | 84 |
| iv_503-iv_508 | 2077 | 4502 | 49 | 77 |
| iv_509-iv_511 | 2076 | 4497 | 47 | 76 |
| iv_503-iv_509 | 2075 | 4503 | 39 | 85 |
| iv_501-iv_511 | 2065 | 4310 | 46 | 75 |
| iv_507-iv_508 | 2061 | 4443 | 42 | 80 |
| iv_507-iv_509 | 2041 | 4480 | 35 | 82 |

### Input Bit Co-occurrences Sorted by Potential Occurrences

| Input Bits | Co-occurrences | Potential Occurrences | Output Co-occurrences | Potential Output Occurrences |
|:----------:|:--------------:|:---------------------:|:---------------------:|:----------------------------:|
| iv_500-iv_506 | 1930 | 4216 | 30 | 78 |
| iv_497-iv_507 | 2112 | 4225 | 40 | 82 |
| iv_498-iv_506 | 1912 | 4263 | 32 | 82 |
| iv_501-iv_502 | 1919 | 4280 | 42 | 84 |
| iv_506-iv_507 | 2010 | 4285 | 28 | 80 |
| iv_499-iv_503 | 2028 | 4287 | 46 | 79 |
| iv_497-iv_500 | 1959 | 4302 | 45 | 74 |
| iv_502-iv_506 | 1881 | 4308 | 37 | 81 |
| iv_501-iv_511 | 2065 | 4310 | 46 | 75 |
| iv_499-iv_508 | 2005 | 4315 | 49 | 78 |
| iv_498-iv_502 | 1861 | 4317 | 50 | 77 |
| iv_498-iv_500 | 1863 | 4319 | 41 | 78 |
| iv_497-iv_502 | 1946 | 4322 | 50 | 81 |

### Input Bit Output Co-occurrences Sorted by Output Co-occurrences

| Input Bits | Co-occurrences | Potential Occurrences | Output Co-occurrences | Potential Output Occurrences |
|:----------:|:--------------:|:---------------------:|:---------------------:|:----------------------------:|
| iv_502-iv_508 | 1964 | 4402 | 54 | 75 |
| iv_502-iv_503 | 1956 | 4436 | 52 | 74 |
| iv_508-iv_511 | 2083 | 4486 | 52 | 78 |
| iv_499-iv_511 | 1986 | 4367 | 51 | 76 |
| iv_497-iv_502 | 1946 | 4322 | 50 | 81 |
| iv_498-iv_502 | 1861 | 4317 | 50 | 77 |
| iv_503-iv_508 | 2077 | 4502 | 49 | 77 |
| iv_498-iv_504 | 1951 | 4352 | 49 | 68 |
| iv_502-iv_511 | 1909 | 4526 | 49 | 87 |
| iv_503-iv_511 | 2170 | 4330 | 49 | 79 |
| iv_499-iv_508 | 2005 | 4315 | 49 | 78 |
| iv_502-iv_504 | 1921 | 4395 | 48 | 79 |
| iv_499-iv_502 | 1821 | 4375 | 48 | 83 |

### Input Bit Output Co-occurrences Sorted by Potential Output Occurrences

| Input Bits | Co-occurrences | Potential Occurrences | Output Co-occurrences | Potential Output Occurrences |
|:----------:|:--------------:|:---------------------:|:---------------------:|:----------------------------:|
| iv_498-iv_504 | 1951 | 4352 | 49 | 68 |
| iv_501-iv_508 | 1998 | 4430 | 48 | 69 |
| iv_499-iv_501 | 1872 | 4369 | 45 | 71 |
| iv_500-iv_508 | 1992 | 4352 | 47 | 72 |
| iv_503-iv_506 | 2023 | 4350 | 37 | 73 |
| iv_497-iv_500 | 1959 | 4302 | 45 | 74 |
| iv_497-iv_509 | 2098 | 4323 | 46 | 74 |
| iv_502-iv_503 | 1956 | 4436 | 52 | 74 |
| iv_498-iv_507 | 1938 | 4398 | 42 | 74 |
| iv_497-iv_504 | 1978 | 4473 | 48 | 74 |
| iv_502-iv_508 | 1964 | 4402 | 54 | 75 |
| iv_501-iv_511 | 2065 | 4310 | 46 | 75 |
| iv_500-iv_509 | 1904 | 4525 | 39 | 76 |

## Output Bits

### Output Bits in Regular Order

| Rank | Output Bit | Complexity |
|:----:|:----------:|:----------:|
| 1 | ov_001 | 1.3967132575175757 × 10^306 |
| 2 | ov_002 | 1.21536831174891 × 10^306 |
| 3 | ov_003 | 1.0525624417885665 × 10^306 |
| 4 | ov_004 | 9.069053631433399 × 10^305 |
| 5 | ov_005 | 7.770828902301974 × 10^305 |
| 6 | ov_006 | 6.618515578095559 × 10^305 |
| 7 | ov_007 | 5.6003393785564475 × 10^305 |
| 8 | ov_008 | 4.705145948586877 × 10^305 |
| 9 | ov_009 | 3.922366262637167 × 10^305 |
| 10 | ov_010 | 3.2419873013632744 × 10^305 |
| 11 | ov_011 | 2.654527415141837 × 10^305 |
| 12 | ov_012 | 2.1510158227579924 × 10^305 |
| 13 | ov_013 | 1.722975726590415 × 10^305 |
| 14 | ov_014 | 1.3624105580654769 × 10^305 |
| 15 | ov_015 | 1.0617928991700358 × 10^305 |
| 16 | ov_016 | 8.14055679989831 × 10^304 |
| 17 | ov_017 | 6.125853286660806 × 10^304 |
| 18 | ov_018 | 4.512165814641832 × 10^304 |
| 19 | ov_019 | 3.242286468785836 × 10^304 |
| 20 | ov_020 | 2.263424263379098 × 10^304 |
| 21 | ov_021 | 1.5271853791791688 × 10^304 |
| 22 | ov_022 | 9.895594605338797 × 10^303 |
| 23 | ov_023 | 6.10910401638432 × 10^303 |
| 24 | ov_024 | 3.559703532885336 × 10^303 |
| 25 | ov_025 | 1.938360531610524 × 10^303 |
| 26 | ov_026 | 9.796681401134508 × 10^302 |
| 27 | ov_027 | 4.6183576226911465 × 10^302 |
| 28 | ov_028 | 2.0668533869696527 × 10^302 |
| 29 | ov_029 | 7.965014181343401 × 10^301 |
| 30 | ov_030 | 2.4349578149565505 × 10^301 |
| 31 | ov_031 | 4.748287546589138 × 10^300 |
| 32 | lv_80_m31 | 9.255588754568264 × 10^299 |
| 33 | ov_033 | 1.1124425932915244 × 10^301 |
| 34 | ov_034 | 9.664169118378475 × 10^300 |
| 35 | ov_035 | 8.354106743315278 × 10^300 |
| 36 | ov_036 | 7.181886960116758 × 10^300 |
| 37 | ov_037 | 6.135834915584596 × 10^300 |
| 38 | ov_038 | 5.21027604006715 × 10^300 |
| 39 | ov_039 | 4.394752056504541 × 10^300 |
| 40 | ov_040 | 3.6793561448073625 × 10^300 |
| 41 | ov_041 | 3.0547020559540912 × 10^300 |
| 42 | ov_042 | 2.5118978326148896 × 10^300 |
| 43 | ov_043 | 2.0466180565231976 × 10^300 |
| 44 | ov_044 | 1.6508965552451286 × 10^300 |
| 45 | ov_045 | 1.3172055571827094 × 10^300 |
| 46 | ov_046 | 1.0384432809199293 × 10^300 |
| 47 | ov_047 | 8.079239861236411 × 10^299 |
| 48 | ov_048 | 6.193701365508662 × 10^299 |
| 49 | ov_049 | 4.66906351860278 × 10^299 |
| 50 | ov_050 | 3.4505485096956972 × 10^299 |
| 51 | ov_051 | 2.487321156653044 × 10^299 |
| 52 | ov_052 | 1.754946037022431 × 10^299 |
| 53 | ov_053 | 1.2104099336937278 × 10^299 |
| 54 | ov_054 | 8.145921357522538 × 10^298 |
| 55 | ov_055 | 5.322579307208193 × 10^298 |
| 56 | ov_056 | 3.320546701682939 × 10^298 |
| 57 | ov_057 | 1.992761780919115 × 10^298 |
| 58 | ov_058 | 1.1032802374487652 × 10^298 |
| 59 | ov_059 | 5.438249855135996 × 10^297 |
| 60 | ov_060 | 2.2550706726684445 × 10^297 |
| 61 | ov_061 | 7.88249251412798 × 10^296 |
| 62 | ov_062 | 2.1638305217422245 × 10^296 |
| 63 | ov_063 | 4.2206155097999563 × 10^295 |
| 64 | lv_79_m31 | 8.23065708368985 × 10^294 |
| 65 | ov_065 | 9.89729150366131 × 10^295 |
| 66 | ov_066 | 9.89726608624471 × 10^295 |
| 67 | ov_067 | 9.897260022008128 × 10^295 |
| 68 | ov_068 | 8.598524879987588 × 10^295 |
| 69 | ov_069 | 7.432786146411299 × 10^295 |
| 70 | ov_070 | 6.390353675237791 × 10^295 |
| 71 | ov_071 | 5.462000999480497 × 10^295 |
| 72 | ov_072 | 4.638935290914268 × 10^295 |
| 73 | ov_073 | 3.912773242393807 × 10^295 |
| 74 | ov_074 | 3.27552201846813 × 10^295 |
| 75 | ov_075 | 2.7195644655038374 × 10^295 |
| 76 | ov_076 | 2.237647816260809 × 10^295 |
| 77 | ov_077 | 1.8228751661075912 × 10^295 |
| 78 | ov_078 | 1.468699039092765 × 10^295 |
| 79 | ov_079 | 1.1689164021398724 × 10^295 |
| 80 | ov_080 | 9.176645882190568 × 10^294 |
| 81 | ov_081 | 7.094178132349298 × 10^294 |
| 82 | ov_082 | 5.389841806802545 × 10^294 |
| 83 | ov_083 | 4.015031364060622 × 10^294 |
| 84 | ov_084 | 2.92443336027505 × 10^294 |
| 85 | ov_085 | 2.0760088759751156 × 10^294 |
| 86 | ov_086 | 1.4309793225313027 × 10^294 |
| 87 | ov_087 | 9.538152558515007 × 10^293 |
| 88 | ov_088 | 6.122278250946546 × 10^293 |
| 89 | ov_089 | 3.771624843480017 × 10^293 |
| 90 | ov_090 | 2.227945952999009 × 10^293 |
| 91 | ov_091 | 1.265265489814044 × 10^293 |
| 92 | ov_092 | 6.898603778394971 × 10^292 |
| 93 | ov_093 | 3.402512734257168 × 10^292 |
| 94 | ov_094 | 1.4375867289244502 × 10^292 |
| 95 | aaa_78_28 | 4.3822158438165246 × 10^291 |
| 96 | aaa_78_29 | 1.3186524965105985 × 10^291 |
| 97 | ov_097 | 6.7869107358649616 × 10^290 |
| 98 | ov_098 | 6.78684903162542 × 10^290 |
| 99 | ov_099 | 6.78682930408057 × 10^290 |
| 100 | ov_100 | 5.631250482922353 × 10^290 |
| 101 | ov_101 | 4.6350164815315744 × 10^290 |
| 102 | ov_102 | 3.782870216116987 × 10^290 |
| 103 | ov_103 | 3.0603995310688866 × 10^290 |
| 104 | ov_104 | 2.4539758727792967 × 10^290 |
| 105 | ov_105 | 1.9507007373029056 × 10^290 |
| 106 | ov_106 | 1.5383591962387708 × 10^290 |
| 107 | ov_107 | 1.2053798416651793 × 10^290 |
| 108 | ov_108 | 9.408005260319973 × 10^289 |
| 109 | ov_109 | 7.342393068616262 × 10^289 |
| 110 | ov_110 | 5.7587003915279005 × 10^289 |
| 111 | ov_111 | 4.564020907124864 × 10^289 |
| 112 | ov_112 | 3.6706368742358984 × 10^289 |
| 113 | ov_113 | 2.9958842682534243 × 10^289 |
| 114 | ov_114 | 2.462045294534839 × 10^289 |
| 115 | ov_115 | 1.996264282459195 × 10^289 |
| 116 | ov_116 | 1.5937916306526057 × 10^289 |
| 117 | ov_117 | 1.2499126156011931 × 10^289 |
| 118 | ov_118 | 9.599369341395736 × 10^288 |
| 119 | ov_119 | 7.191907128766773 × 10^288 |
| 120 | ov_120 | 5.2301067935682246 × 10^288 |
| 121 | ov_121 | 3.667401898060938 × 10^288 |
| 122 | ov_122 | 2.4572667161964405 × 10^288 |
| 123 | ov_123 | 1.5531994017394473 × 10^288 |
| 124 | ov_124 | 9.087106255059588 × 10^287 |
| 125 | ov_125 | 4.7731652971662805 × 10^287 |
| 126 | ov_126 | 2.1253513046863393 × 10^287 |
| 127 | aaa_77_28 | 6.788493527440374 × 10^286 |
| 128 | aaa_77_29 | 2.5459697813770725 × 10^286 |
| 129 | ov_129 | 2.378731675062139 × 10^286 |
| 130 | ov_130 | 2.3787250113286704 × 10^286 |
| 131 | ov_131 | 2.3787233985623934 × 10^286 |
| 132 | ov_132 | 2.0671784602668518 × 10^286 |
| 133 | ov_133 | 1.7876777865977458 × 10^286 |
| 134 | ov_134 | 1.5378181883655218 × 10^286 |
| 135 | ov_135 | 1.3153266900001394 × 10^286 |
| 136 | ov_136 | 1.1180512414863158 × 10^286 |
| 137 | ov_137 | 9.439526770669768 × 10^285 |
| 138 | ov_138 | 7.910978046152194 × 10^285 |
| 139 | ov_139 | 6.576535155716825 × 10^285 |
| 140 | ov_140 | 5.4188181115460603 × 10^285 |
| 141 | ov_141 | 4.421356462128601 × 10^285 |
| 142 | ov_142 | 3.5685549764065126 × 10^285 |
| 143 | ov_143 | 2.8456656973388336 × 10^285 |
| 144 | ov_144 | 2.2387655426501508 × 10^285 |
| 145 | ov_145 | 1.734738684043471 × 10^285 |
| 146 | ov_146 | 1.3212629893578881 × 10^285 |
| 147 | ov_147 | 9.867998651529993 × 10^284 |
| 148 | ov_148 | 7.205868900796102 × 10^284 |
| 149 | ov_149 | 5.126326821981321 × 10^284 |
| 150 | ov_150 | 3.537134961607623 × 10^284 |
| 151 | ov_151 | 2.3537109889824094 × 10^284 |
| 152 | ov_152 | 1.4991152515713208 × 10^284 |
| 153 | ov_153 | 9.040438196245382 × 10^283 |
| 154 | ov_154 | 5.068246558298856 × 10^283 |
| 155 | ov_155 | 2.5341546796063253 × 10^283 |
| 156 | aaa_76_25 | 9.740254045606821 × 10^282 |
| 157 | aaa_76_26 | 5.627814869709256 × 10^282 |
| 158 | aaa_76_27 | 2.8826007782451926 × 10^282 |
| 159 | aaa_76_28 | 1.1232392331288878 × 10^282 |
| 160 | aaa_76_29 | 3.4187662095261195 × 10^281 |

### Output Bits Sorted by Complexity

| Rank | Output Bit | Complexity |
|:----:|:----------:|:----------:|
| 160 | aaa_76_29 | 3.4187662095261195 × 10^281 |
| 159 | aaa_76_28 | 1.1232392331288878 × 10^282 |
| 158 | aaa_76_27 | 2.8826007782451926 × 10^282 |
| 157 | aaa_76_26 | 5.627814869709256 × 10^282 |
| 156 | aaa_76_25 | 9.740254045606821 × 10^282 |
| 155 | ov_155 | 2.5341546796063253 × 10^283 |
| 154 | ov_154 | 5.068246558298856 × 10^283 |
| 153 | ov_153 | 9.040438196245382 × 10^283 |
| 152 | ov_152 | 1.4991152515713208 × 10^284 |
| 151 | ov_151 | 2.3537109889824094 × 10^284 |
| 150 | ov_150 | 3.537134961607623 × 10^284 |
| 149 | ov_149 | 5.126326821981321 × 10^284 |
| 148 | ov_148 | 7.205868900796102 × 10^284 |
| 147 | ov_147 | 9.867998651529993 × 10^284 |
| 146 | ov_146 | 1.3212629893578881 × 10^285 |
| 145 | ov_145 | 1.734738684043471 × 10^285 |
| 144 | ov_144 | 2.2387655426501508 × 10^285 |
| 143 | ov_143 | 2.8456656973388336 × 10^285 |
| 142 | ov_142 | 3.5685549764065126 × 10^285 |
| 141 | ov_141 | 4.421356462128601 × 10^285 |
| 140 | ov_140 | 5.4188181115460603 × 10^285 |
| 139 | ov_139 | 6.576535155716825 × 10^285 |
| 138 | ov_138 | 7.910978046152194 × 10^285 |
| 137 | ov_137 | 9.439526770669768 × 10^285 |
| 136 | ov_136 | 1.1180512414863158 × 10^286 |
| 135 | ov_135 | 1.3153266900001394 × 10^286 |
| 134 | ov_134 | 1.5378181883655218 × 10^286 |
| 133 | ov_133 | 1.7876777865977458 × 10^286 |
| 132 | ov_132 | 2.0671784602668518 × 10^286 |
| 131 | ov_131 | 2.3787233985623934 × 10^286 |
| 130 | ov_130 | 2.3787250113286704 × 10^286 |
| 129 | ov_129 | 2.378731675062139 × 10^286 |
| 128 | aaa_77_29 | 2.5459697813770725 × 10^286 |
| 127 | aaa_77_28 | 6.788493527440374 × 10^286 |
| 126 | ov_126 | 2.1253513046863393 × 10^287 |
| 125 | ov_125 | 4.7731652971662805 × 10^287 |
| 124 | ov_124 | 9.087106255059588 × 10^287 |
| 123 | ov_123 | 1.5531994017394473 × 10^288 |
| 122 | ov_122 | 2.4572667161964405 × 10^288 |
| 121 | ov_121 | 3.667401898060938 × 10^288 |
| 120 | ov_120 | 5.2301067935682246 × 10^288 |
| 119 | ov_119 | 7.191907128766773 × 10^288 |
| 118 | ov_118 | 9.599369341395736 × 10^288 |
| 117 | ov_117 | 1.2499126156011931 × 10^289 |
| 116 | ov_116 | 1.5937916306526057 × 10^289 |
| 115 | ov_115 | 1.996264282459195 × 10^289 |
| 114 | ov_114 | 2.462045294534839 × 10^289 |
| 113 | ov_113 | 2.9958842682534243 × 10^289 |
| 112 | ov_112 | 3.6706368742358984 × 10^289 |
| 111 | ov_111 | 4.564020907124864 × 10^289 |
| 110 | ov_110 | 5.7587003915279005 × 10^289 |
| 109 | ov_109 | 7.342393068616262 × 10^289 |
| 108 | ov_108 | 9.408005260319973 × 10^289 |
| 107 | ov_107 | 1.2053798416651793 × 10^290 |
| 106 | ov_106 | 1.5383591962387708 × 10^290 |
| 105 | ov_105 | 1.9507007373029056 × 10^290 |
| 104 | ov_104 | 2.4539758727792967 × 10^290 |
| 103 | ov_103 | 3.0603995310688866 × 10^290 |
| 102 | ov_102 | 3.782870216116987 × 10^290 |
| 101 | ov_101 | 4.6350164815315744 × 10^290 |
| 100 | ov_100 | 5.631250482922353 × 10^290 |
| 99 | ov_099 | 6.78682930408057 × 10^290 |
| 98 | ov_098 | 6.78684903162542 × 10^290 |
| 97 | ov_097 | 6.7869107358649616 × 10^290 |
| 96 | aaa_78_29 | 1.3186524965105985 × 10^291 |
| 95 | aaa_78_28 | 4.3822158438165246 × 10^291 |
| 94 | ov_094 | 1.4375867289244502 × 10^292 |
| 93 | ov_093 | 3.402512734257168 × 10^292 |
| 92 | ov_092 | 6.898603778394971 × 10^292 |
| 91 | ov_091 | 1.265265489814044 × 10^293 |
| 90 | ov_090 | 2.227945952999009 × 10^293 |
| 89 | ov_089 | 3.771624843480017 × 10^293 |
| 88 | ov_088 | 6.122278250946546 × 10^293 |
| 87 | ov_087 | 9.538152558515007 × 10^293 |
| 86 | ov_086 | 1.4309793225313027 × 10^294 |
| 85 | ov_085 | 2.0760088759751156 × 10^294 |
| 84 | ov_084 | 2.92443336027505 × 10^294 |
| 83 | ov_083 | 4.015031364060622 × 10^294 |
| 82 | ov_082 | 5.389841806802545 × 10^294 |
| 81 | ov_081 | 7.094178132349298 × 10^294 |
| 64 | lv_79_m31 | 8.23065708368985 × 10^294 |
| 80 | ov_080 | 9.176645882190568 × 10^294 |
| 79 | ov_079 | 1.1689164021398724 × 10^295 |
| 78 | ov_078 | 1.468699039092765 × 10^295 |
| 77 | ov_077 | 1.8228751661075912 × 10^295 |
| 76 | ov_076 | 2.237647816260809 × 10^295 |
| 75 | ov_075 | 2.7195644655038374 × 10^295 |
| 74 | ov_074 | 3.27552201846813 × 10^295 |
| 73 | ov_073 | 3.912773242393807 × 10^295 |
| 63 | ov_063 | 4.2206155097999563 × 10^295 |
| 72 | ov_072 | 4.638935290914268 × 10^295 |
| 71 | ov_071 | 5.462000999480497 × 10^295 |
| 70 | ov_070 | 6.390353675237791 × 10^295 |
| 69 | ov_069 | 7.432786146411299 × 10^295 |
| 68 | ov_068 | 8.598524879987588 × 10^295 |
| 67 | ov_067 | 9.897260022008128 × 10^295 |
| 66 | ov_066 | 9.89726608624471 × 10^295 |
| 65 | ov_065 | 9.89729150366131 × 10^295 |
| 62 | ov_062 | 2.1638305217422245 × 10^296 |
| 61 | ov_061 | 7.88249251412798 × 10^296 |
| 60 | ov_060 | 2.2550706726684445 × 10^297 |
| 59 | ov_059 | 5.438249855135996 × 10^297 |
| 58 | ov_058 | 1.1032802374487652 × 10^298 |
| 57 | ov_057 | 1.992761780919115 × 10^298 |
| 56 | ov_056 | 3.320546701682939 × 10^298 |
| 55 | ov_055 | 5.322579307208193 × 10^298 |
| 54 | ov_054 | 8.145921357522538 × 10^298 |
| 53 | ov_053 | 1.2104099336937278 × 10^299 |
| 52 | ov_052 | 1.754946037022431 × 10^299 |
| 51 | ov_051 | 2.487321156653044 × 10^299 |
| 50 | ov_050 | 3.4505485096956972 × 10^299 |
| 49 | ov_049 | 4.66906351860278 × 10^299 |
| 48 | ov_048 | 6.193701365508662 × 10^299 |
| 47 | ov_047 | 8.079239861236411 × 10^299 |
| 32 | lv_80_m31 | 9.255588754568264 × 10^299 |
| 46 | ov_046 | 1.0384432809199293 × 10^300 |
| 45 | ov_045 | 1.3172055571827094 × 10^300 |
| 44 | ov_044 | 1.6508965552451286 × 10^300 |
| 43 | ov_043 | 2.0466180565231976 × 10^300 |
| 42 | ov_042 | 2.5118978326148896 × 10^300 |
| 41 | ov_041 | 3.0547020559540912 × 10^300 |
| 40 | ov_040 | 3.6793561448073625 × 10^300 |
| 39 | ov_039 | 4.394752056504541 × 10^300 |
| 31 | ov_031 | 4.748287546589138 × 10^300 |
| 38 | ov_038 | 5.21027604006715 × 10^300 |
| 37 | ov_037 | 6.135834915584596 × 10^300 |
| 36 | ov_036 | 7.181886960116758 × 10^300 |
| 35 | ov_035 | 8.354106743315278 × 10^300 |
| 34 | ov_034 | 9.664169118378475 × 10^300 |
| 33 | ov_033 | 1.1124425932915244 × 10^301 |
| 30 | ov_030 | 2.4349578149565505 × 10^301 |
| 29 | ov_029 | 7.965014181343401 × 10^301 |
| 28 | ov_028 | 2.0668533869696527 × 10^302 |
| 27 | ov_027 | 4.6183576226911465 × 10^302 |
| 26 | ov_026 | 9.796681401134508 × 10^302 |
| 25 | ov_025 | 1.938360531610524 × 10^303 |
| 24 | ov_024 | 3.559703532885336 × 10^303 |
| 23 | ov_023 | 6.10910401638432 × 10^303 |
| 22 | ov_022 | 9.895594605338797 × 10^303 |
| 21 | ov_021 | 1.5271853791791688 × 10^304 |
| 20 | ov_020 | 2.263424263379098 × 10^304 |
| 19 | ov_019 | 3.242286468785836 × 10^304 |
| 18 | ov_018 | 4.512165814641832 × 10^304 |
| 17 | ov_017 | 6.125853286660806 × 10^304 |
| 16 | ov_016 | 8.14055679989831 × 10^304 |
| 15 | ov_015 | 1.0617928991700358 × 10^305 |
| 14 | ov_014 | 1.3624105580654769 × 10^305 |
| 13 | ov_013 | 1.722975726590415 × 10^305 |
| 12 | ov_012 | 2.1510158227579924 × 10^305 |
| 11 | ov_011 | 2.654527415141837 × 10^305 |
| 10 | ov_010 | 3.2419873013632744 × 10^305 |
| 9 | ov_009 | 3.922366262637167 × 10^305 |
| 8 | ov_008 | 4.705145948586877 × 10^305 |
| 7 | ov_007 | 5.6003393785564475 × 10^305 |
| 6 | ov_006 | 6.618515578095559 × 10^305 |
| 5 | ov_005 | 7.770828902301974 × 10^305 |
| 4 | ov_004 | 9.069053631433399 × 10^305 |
| 3 | ov_003 | 1.0525624417885665 × 10^306 |
| 2 | ov_002 | 1.21536831174891 × 10^306 |
| 1 | ov_001 | 1.3967132575175757 × 10^306 |

