# Results for F001-F002-F003-F004-F005-F006-F007-F008-F009-F010-F011-F012-F013-F014-F015-F016-F017-F018-F019-F020-F021-F022-F023-F024-F025-F026-F027-F028-F029-F030-F031-F032-F033-F034-F035-F036-F037-F038-F039-F040-F041-F042-F043-F044-F045-F046-F047-F048-F049-F050-F051-F052-F053-F054-F055-F056-F057-F058-F059-F060-F061-F062-F063-F064-F065-F066-F067-F068-F069-F070-F071-F072-F073-F074-F075-F076-F077-F078-F079-F080-F081-F082-F083-F084-F085-F086-F087-F088-F089-F090-F091-F092-F093-F094-F095-F096-F097-F098-F099-F100-F101-F102-F103-F104-F105-F106-F107-F108-F109-F110-F111-F112-F113-F114-F115-F116-F117-F118-F119-F120-F121-F122-F123-F124-F125-F126-F127-F128-F129-F130-F131-F132-F133-F134-F135-F136-F137-F138-F139-F140-F141-F142-F143-F144-F145-F146-F147-F148-F149-F150-F151-F152-F153-F154-F155-F156-F157-F158-F159-F160-F161-F162-F163-F164-F165-F166-F167-F168-F169-F170-F171-F172-F173-F174-F175-F176-F177-F178-F179-F180-F181-F182-F183-F184-F185-F186-F187-F188-F189-F190-F191-F192-F193-F194-F195-F196-F197-F198-F199-F200-F201-F202-F203-F204-F205-F206-F207-F208-F209-F210-F211-F212-F213-F214-F215-F216-F217-F218-F219-F220-F221-F222-F223-F224-F225-F226-F227-F228-F229-F230-F231-F232-F233-F234-F235-F236-F237-F238-F239-F240-F241-F242-F243-F244-F245-F246-F247-F248-F249-F250-F251-F252-F253-F254-F255-F256-F257-F258-F259-F260-F261-F262-F263-F264-F265-F266-F267-F268-F269-F270-F271-F272-F273-F274-F275-F276-F277-F278-F279-F280-F281-F282-F283-F284-F285-F286-F287-F288-F289-F290-F291-F292-F293-F294-F295-F296-F297-F298-F299-F300-F301-F302-F303-F304-F305-F306-F307-F308-F309-F310-F311-F312-F313-F314-F315-F316-F317-F318-F319-F320-F321-F322-F323-F324-F325-F326-F327-F328-F329-F330-F331-F332-F333-F334-F335-F336-F337-F338-F339-F340-F341-F342-F343-F344-F345-F346-F347-F348-F349-F350-F351-F352-F353-F354-F355-F356-F357-F358-F359-F360-F361-F362-F363-F364-F365-F366-F367-F368-F369-F370-F371-F372-F373-F374-F375-F376-F377-F378-F379-F380-F381-F382-F383-F384-F385-F386-F387-F388-F389-F390-F391-F392-F393-F394-F395-F396-F397-F398-F399-F400-F401-F402-F403-F404-F405-F406-F407-F408-F409-F410-F411-F412-F413-F414-F415-F416-F417-F418-F419-F420-F421-F422-F423-F424-F425-F426-F427-F428-F429-F430-F431-F432-F433-F434-F435-F436-F437-F438-F439-F440-F441-F442-F443-F444-F445-F446-F447-F448-F449-F450-F451-F452-F453-F454-F455-F456-F457-F458-F459-F460-F461-F462-F463-F464-F465-F466-F467-F468-F469-F470-F471-F472-F473-F474-F475-F476-F477-F478-F479-F480-F481-F482-F483-F484-F485-F486-F487-F488-F489-F490-F491-F492-F493-F494-F495-F496-F497-T510-F512

## Summary

Number of input bits: 512  
Number of free input bits: 13  
Number of output bits: 160

Number of direct occurrences: 54172  
Number of assignments: 31951  
Number of operations: 11881114
(xor: 11851273,
and: 16285,
or: 13556)

Total complexity: 3.134851409951306 × 10^308

Least occurring input variable: iv_505 (4006)  
Most occurring input variable: iv_508 (4372)

Most co-occurring input variables: iv_507-iv_508 (2123)  
Least co-occurring input variables: iv_505-iv_506 (1790)

Potentially most occurring input variable: iv_498/iv_509 (4604)  
Potentially least occurring input variable: iv_498/iv_500 (4232)

Least output occurring input variable: iv_504 (68)  
Most output occurring input variable: iv_511 (90)

Most output co-occurring input variables: iv_501-iv_511 (55)  
Least output co-occurring input variables: iv_498-iv_505 (31)

Potentially most output occurring input variable: iv_498/iv_505 (92)  
Potentially least output occurring input variable: iv_501/iv_504 (66)

Least complex input bit: iv_511 (7.58063833065993 × 10^304)  
Most complex input bit: iv_509 (8.960146231049585 × 10^307)

Least complex output bit: aaa_76_29 (6.987882074403075 × 10^282)  
Most complex output bit: ov_001 (4.903538556591936 × 10^307)

Least complex input/output complexity: iv_511/aaa_76_29 (1.689796413801129 × 10^279)  
Most complex input/output complexity: iv_509/ov_001 (1.401547211366422 × 10^307)

## Input Bits

### Input Bits in Regular Order

| Input Bit | Complexity | Occurrences | Output Occurrences |
|:---------:|:----------:|:-----------:|:------------------:|
| iv_498 | 5.06256389150532 × 10^305 | 4017 | 79 |
| iv_499 | 1.0485053785614703 × 10^306 | 4161 | 82 |
| iv_500 | 1.9638096793585164 × 10^306 | 4209 | 87 |
| iv_501 | 3.5450905532279356 × 10^306 | 4182 | 86 |
| iv_502 | 6.024968395463425 × 10^306 | 4171 | 81 |
| iv_503 | 9.837355205426403 × 10^306 | 4190 | 84 |
| iv_504 | 1.5549146979468618 × 10^307 | 4090 | 68 |
| iv_505 | 2.3919936480417226 × 10^307 | 4006 | 75 |
| iv_506 | 3.5936052074655777 × 10^307 | 4014 | 80 |
| iv_507 | 5.289992085989117 × 10^307 | 4318 | 83 |
| iv_508 | 7.257683030570757 × 10^307 | 4372 | 90 |
| iv_509 | 8.960146231049585 × 10^307 | 4227 | 89 |
| iv_511 | 7.58063833065993 × 10^304 | 4215 | 90 |

### Input Bits Sorted by Complexity

| Input Bit | Complexity | Occurrences | Output Occurrences |
|:---------:|:----------:|:-----------:|:------------------:|
| iv_511 | 7.58063833065993 × 10^304 | 4215 | 90 |
| iv_498 | 5.06256389150532 × 10^305 | 4017 | 79 |
| iv_499 | 1.0485053785614703 × 10^306 | 4161 | 82 |
| iv_500 | 1.9638096793585164 × 10^306 | 4209 | 87 |
| iv_501 | 3.5450905532279356 × 10^306 | 4182 | 86 |
| iv_502 | 6.024968395463425 × 10^306 | 4171 | 81 |
| iv_503 | 9.837355205426403 × 10^306 | 4190 | 84 |
| iv_504 | 1.5549146979468618 × 10^307 | 4090 | 68 |
| iv_505 | 2.3919936480417226 × 10^307 | 4006 | 75 |
| iv_506 | 3.5936052074655777 × 10^307 | 4014 | 80 |
| iv_507 | 5.289992085989117 × 10^307 | 4318 | 83 |
| iv_508 | 7.257683030570757 × 10^307 | 4372 | 90 |
| iv_509 | 8.960146231049585 × 10^307 | 4227 | 89 |

### Input Bits Sorted by Occurrences

| Input Bit | Complexity | Occurrences | Output Occurrences |
|:---------:|:----------:|:-----------:|:------------------:|
| iv_505 | 2.3919936480417226 × 10^307 | 4006 | 75 |
| iv_506 | 3.5936052074655777 × 10^307 | 4014 | 80 |
| iv_498 | 5.06256389150532 × 10^305 | 4017 | 79 |
| iv_504 | 1.5549146979468618 × 10^307 | 4090 | 68 |
| iv_499 | 1.0485053785614703 × 10^306 | 4161 | 82 |
| iv_502 | 6.024968395463425 × 10^306 | 4171 | 81 |
| iv_501 | 3.5450905532279356 × 10^306 | 4182 | 86 |
| iv_503 | 9.837355205426403 × 10^306 | 4190 | 84 |
| iv_500 | 1.9638096793585164 × 10^306 | 4209 | 87 |
| iv_511 | 7.58063833065993 × 10^304 | 4215 | 90 |
| iv_509 | 8.960146231049585 × 10^307 | 4227 | 89 |
| iv_507 | 5.289992085989117 × 10^307 | 4318 | 83 |
| iv_508 | 7.257683030570757 × 10^307 | 4372 | 90 |

### Input Bits Sorted by Output Occurrences

| Input Bit | Complexity | Occurrences | Output Occurrences |
|:---------:|:----------:|:-----------:|:------------------:|
| iv_504 | 1.5549146979468618 × 10^307 | 4090 | 68 |
| iv_505 | 2.3919936480417226 × 10^307 | 4006 | 75 |
| iv_498 | 5.06256389150532 × 10^305 | 4017 | 79 |
| iv_506 | 3.5936052074655777 × 10^307 | 4014 | 80 |
| iv_502 | 6.024968395463425 × 10^306 | 4171 | 81 |
| iv_499 | 1.0485053785614703 × 10^306 | 4161 | 82 |
| iv_507 | 5.289992085989117 × 10^307 | 4318 | 83 |
| iv_503 | 9.837355205426403 × 10^306 | 4190 | 84 |
| iv_501 | 3.5450905532279356 × 10^306 | 4182 | 86 |
| iv_500 | 1.9638096793585164 × 10^306 | 4209 | 87 |
| iv_509 | 8.960146231049585 × 10^307 | 4227 | 89 |
| iv_508 | 7.257683030570757 × 10^307 | 4372 | 90 |
| iv_511 | 7.58063833065993 × 10^304 | 4215 | 90 |

## Input Bit Co-occurrences

### Input Bit Co-occurrences Sorted by Co-occurrences

| Input Bits | Co-occurrences | Potential Occurrences | Output Co-occurrences | Potential Output Occurrences |
|:----------:|:--------------:|:---------------------:|:---------------------:|:----------------------------:|
| iv_507-iv_508 | 2123 | 4444 | 44 | 85 |
| iv_508-iv_509 | 2107 | 4385 | 53 | 73 |
| iv_499-iv_508 | 2096 | 4341 | 46 | 80 |
| iv_500-iv_508 | 2093 | 4395 | 50 | 77 |
| iv_499-iv_507 | 2090 | 4299 | 42 | 81 |
| iv_501-iv_507 | 2089 | 4322 | 46 | 77 |
| iv_502-iv_508 | 2085 | 4373 | 47 | 77 |
| iv_503-iv_508 | 2082 | 4398 | 43 | 88 |
| iv_501-iv_511 | 2065 | 4267 | 55 | 66 |
| iv_504-iv_508 | 2061 | 4340 | 45 | 68 |
| iv_500-iv_502 | 2058 | 4264 | 43 | 82 |
| iv_503-iv_507 | 2057 | 4394 | 47 | 73 |
| iv_502-iv_507 | 2053 | 4383 | 39 | 86 |

### Input Bit Co-occurrences Sorted by Potential Occurrences

| Input Bits | Co-occurrences | Potential Occurrences | Output Co-occurrences | Potential Output Occurrences |
|:----------:|:--------------:|:---------------------:|:---------------------:|:----------------------------:|
| iv_498-iv_500 | 1997 | 4232 | 46 | 74 |
| iv_501-iv_505 | 1963 | 4262 | 41 | 79 |
| iv_500-iv_502 | 2058 | 4264 | 43 | 82 |
| iv_501-iv_511 | 2065 | 4267 | 55 | 66 |
| iv_498-iv_506 | 1881 | 4269 | 36 | 87 |
| iv_500-iv_504 | 2014 | 4271 | 39 | 77 |
| iv_504-iv_505 | 1912 | 4272 | 33 | 77 |
| iv_498-iv_501 | 1962 | 4275 | 45 | 75 |
| iv_499-iv_504 | 1986 | 4279 | 31 | 88 |
| iv_499-iv_505 | 1943 | 4281 | 42 | 73 |
| iv_501-iv_506 | 1954 | 4288 | 48 | 70 |
| iv_504-iv_511 | 2008 | 4289 | 43 | 72 |
| iv_500-iv_506 | 1964 | 4295 | 46 | 75 |

### Input Bit Output Co-occurrences Sorted by Output Co-occurrences

| Input Bits | Co-occurrences | Potential Occurrences | Output Co-occurrences | Potential Output Occurrences |
|:----------:|:--------------:|:---------------------:|:---------------------:|:----------------------------:|
| iv_501-iv_511 | 2065 | 4267 | 55 | 66 |
| iv_508-iv_509 | 2107 | 4385 | 53 | 73 |
| iv_509-iv_511 | 1986 | 4470 | 53 | 73 |
| iv_501-iv_508 | 2051 | 4452 | 52 | 72 |
| iv_507-iv_511 | 2042 | 4449 | 52 | 69 |
| iv_508-iv_511 | 2049 | 4489 | 52 | 76 |
| iv_500-iv_508 | 2093 | 4395 | 50 | 77 |
| iv_500-iv_511 | 2028 | 4368 | 49 | 79 |
| iv_499-iv_503 | 2009 | 4333 | 49 | 68 |
| iv_499-iv_509 | 1950 | 4488 | 49 | 73 |
| iv_501-iv_506 | 1954 | 4288 | 48 | 70 |
| iv_500-iv_507 | 2051 | 4425 | 47 | 76 |
| iv_500-iv_509 | 1997 | 4442 | 47 | 82 |

### Input Bit Output Co-occurrences Sorted by Potential Output Occurrences

| Input Bits | Co-occurrences | Potential Occurrences | Output Co-occurrences | Potential Output Occurrences |
|:----------:|:--------------:|:---------------------:|:---------------------:|:----------------------------:|
| iv_501-iv_504 | 1981 | 4310 | 44 | 66 |
| iv_501-iv_511 | 2065 | 4267 | 55 | 66 |
| iv_502-iv_506 | 1941 | 4303 | 47 | 67 |
| iv_504-iv_508 | 2061 | 4340 | 45 | 68 |
| iv_499-iv_503 | 2009 | 4333 | 49 | 68 |
| iv_507-iv_511 | 2042 | 4449 | 52 | 69 |
| iv_505-iv_509 | 1938 | 4357 | 47 | 70 |
| iv_501-iv_506 | 1954 | 4288 | 48 | 70 |
| iv_501-iv_508 | 2051 | 4452 | 52 | 72 |
| iv_504-iv_511 | 2008 | 4289 | 43 | 72 |
| iv_503-iv_506 | 1921 | 4362 | 46 | 72 |
| iv_508-iv_509 | 2107 | 4385 | 53 | 73 |
| iv_509-iv_511 | 1986 | 4470 | 53 | 73 |

## Output Bits

### Output Bits in Regular Order

| Rank | Output Bit | Complexity |
|:----:|:----------:|:----------:|
| 1 | ov_001 | 4.903538556591936 × 10^307 |
| 2 | ov_002 | 4.2667288966768707 × 10^307 |
| 3 | ov_003 | 3.6950037277230816 × 10^307 |
| 4 | ov_004 | 3.183487594880026 × 10^307 |
| 5 | ov_005 | 2.7275714737387773 × 10^307 |
| 6 | ov_006 | 2.3228938901506646 × 10^307 |
| 7 | ov_007 | 1.965324473679215 × 10^307 |
| 8 | ov_008 | 1.6509497495340675 × 10^307 |
| 9 | ov_009 | 1.3760609865347135 × 10^307 |
| 10 | ov_010 | 1.1371439028528736 × 10^307 |
| 11 | ov_011 | 9.308700291189124 × 10^306 |
| 12 | ov_012 | 7.54089540022732 × 10^306 |
| 13 | ov_013 | 6.038253768388942 × 10^306 |
| 14 | ov_014 | 4.7726849441298986 × 10^306 |
| 15 | ov_015 | 3.717740771065548 × 10^306 |
| 16 | ov_016 | 2.8485857904851874 × 10^306 |
| 17 | ov_017 | 2.141974548125163 × 10^306 |
| 18 | ov_018 | 1.5762345735527793 × 10^306 |
| 19 | ov_019 | 1.1312539072999897 × 10^306 |
| 20 | ov_020 | 7.884721574332569 × 10^305 |
| 21 | ov_021 | 5.308742173529841 × 10^305 |
| 22 | ov_022 | 3.429859703422919 × 10^305 |
| 23 | ov_023 | 2.108714430757011 × 10^305 |
| 24 | ov_024 | 1.2213097376830969 × 10^305 |
| 25 | ov_025 | 6.590008789550705 × 10^304 |
| 26 | ov_026 | 3.2848864590289614 × 10^304 |
| 27 | ov_027 | 1.5181623430668225 × 10^304 |
| 28 | ov_028 | 6.636796499856166 × 10^303 |
| 29 | ov_029 | 2.4868871656545373 × 10^303 |
| 30 | ov_030 | 7.516627908471834 × 10^302 |
| 31 | ov_031 | 1.6636498559831672 × 10^302 |
| 32 | lv_80_m31 | 3.2434791290335654 × 10^301 |
| 33 | ov_033 | 3.895751225684128 × 10^302 |
| 34 | ov_034 | 3.3801974011137107 × 10^302 |
| 35 | ov_035 | 2.918559718455854 × 10^302 |
| 36 | ov_036 | 2.5066100215678335 × 10^302 |
| 37 | ov_037 | 2.140351817286674 × 10^302 |
| 38 | ov_038 | 1.8160039043604024 × 10^302 |
| 39 | ov_039 | 1.5299861293300714 × 10^302 |
| 40 | ov_040 | 1.2789070750978194 × 10^302 |
| 41 | ov_041 | 1.0595534980703893 × 10^302 |
| 42 | ov_042 | 8.688813395842666 × 10^301 |
| 43 | ov_043 | 7.054098360652233 × 10^301 |
| 44 | ov_044 | 5.664118157100542 × 10^301 |
| 45 | ov_045 | 4.493101706493726 × 10^301 |
| 46 | ov_046 | 3.516736106008677 × 10^301 |
| 47 | ov_047 | 2.7121325898329395 × 10^301 |
| 48 | ov_048 | 2.0577997216050763 × 10^301 |
| 49 | ov_049 | 1.533622713415239 × 10^301 |
| 50 | ov_050 | 1.1208478549115273 × 10^301 |
| 51 | ov_051 | 8.020711241569285 × 10^300 |
| 52 | ov_052 | 5.612301398533021 × 10^300 |
| 53 | ov_053 | 3.8359870243179345 × 10^300 |
| 54 | ov_054 | 2.5578325933151665 × 10^300 |
| 55 | ov_055 | 1.6572071757196346 × 10^300 |
| 56 | ov_056 | 1.0267713408754084 × 10^300 |
| 57 | ov_057 | 6.161770328697087 × 10^299 |
| 58 | ov_058 | 3.4464846300276126 × 10^299 |
| 59 | ov_059 | 1.7511732180412349 × 10^299 |
| 60 | ov_060 | 7.715382939092542 × 10^298 |
| 61 | ov_061 | 2.69664910899202 × 10^298 |
| 62 | ov_062 | 7.402027483696279 × 10^297 |
| 63 | ov_063 | 1.4436796532601754 × 10^297 |
| 64 | lv_79_m31 | 2.815138278360604 × 10^296 |
| 65 | ov_065 | 3.386463993669343 × 10^297 |
| 66 | ov_066 | 3.3864545145605424 × 10^297 |
| 67 | ov_067 | 3.3864522225662373 × 10^297 |
| 68 | ov_068 | 2.9413411389156817 × 10^297 |
| 69 | ov_069 | 2.542095266934157 × 10^297 |
| 70 | ov_070 | 2.1852837642974623 × 10^297 |
| 71 | ov_071 | 1.8676594224963106 × 10^297 |
| 72 | ov_072 | 1.5861455946202966 × 10^297 |
| 73 | ov_073 | 1.3378249315991973 × 10^297 |
| 74 | ov_074 | 1.1199297538790417 × 10^297 |
| 75 | ov_075 | 9.298338947166933 × 10^296 |
| 76 | ov_076 | 7.650458601206968 × 10^296 |
| 77 | ov_077 | 6.23203159010816 × 10^296 |
| 78 | ov_078 | 5.020676654692557 × 10^296 |
| 79 | ov_079 | 3.9952188306100914 × 10^296 |
| 80 | ov_080 | 3.135659891502618 × 10^296 |
| 81 | ov_081 | 2.423155449693011 × 10^296 |
| 82 | ov_082 | 1.8399976493511493 × 10^296 |
| 83 | ov_083 | 1.3696024638074771 × 10^296 |
| 84 | ov_084 | 9.965006849270405 × 10^295 |
| 85 | ov_085 | 7.063317683716239 × 10^295 |
| 86 | ov_086 | 4.858397742763906 × 10^295 |
| 87 | ov_087 | 3.2287071842924935 × 10^295 |
| 88 | ov_088 | 2.0637077713114852 × 10^295 |
| 89 | ov_089 | 1.2638501275747674 × 10^295 |
| 90 | ov_090 | 7.405648258823382 × 10^294 |
| 91 | ov_091 | 4.1625655517892464 × 10^294 |
| 92 | ov_092 | 2.2430061891378 × 10^294 |
| 93 | ov_093 | 1.0904105439969142 × 10^294 |
| 94 | ov_094 | 4.539190876257591 × 10^293 |
| 95 | aaa_78_28 | 1.3751032734252864 × 10^293 |
| 96 | aaa_78_29 | 4.866766136933458 × 10^292 |
| 97 | ov_097 | 2.691750029756824 × 10^292 |
| 98 | ov_098 | 2.691737529494868 × 10^292 |
| 99 | ov_099 | 2.6917335334699874 × 10^292 |
| 100 | ov_100 | 2.3208807332410057 × 10^292 |
| 101 | ov_101 | 1.9899060916516368 × 10^292 |
| 102 | ov_102 | 1.6957212412133671 × 10^292 |
| 103 | ov_103 | 1.4354086527562168 × 10^292 |
| 104 | ov_104 | 1.2062092222314415 × 10^292 |
| 105 | ov_105 | 1.0055114358752033 × 10^292 |
| 106 | ov_106 | 8.308419722540538 × 10^291 |
| 107 | ov_107 | 6.798576071312489 × 10^291 |
| 108 | ov_108 | 5.5033829422848224 × 10^291 |
| 109 | ov_109 | 4.4018130186305954 × 10^291 |
| 110 | ov_110 | 3.4739629216137744 × 10^291 |
| 111 | ov_111 | 2.7010123612477522 × 10^291 |
| 112 | ov_112 | 2.0651906428677557 × 10^291 |
| 113 | ov_113 | 1.5497495907932013 × 10^291 |
| 114 | ov_114 | 1.1389420134279102 × 10^291 |
| 115 | ov_115 | 8.180048968876063 × 10^290 |
| 116 | ov_116 | 5.731465766979828 × 10^290 |
| 117 | ov_117 | 3.915371993784564 × 10^290 |
| 118 | ov_118 | 2.613018478899485 × 10^290 |
| 119 | ov_119 | 1.7151576702646154 × 10^290 |
| 120 | ov_120 | 1.1220118689734721 × 10^290 |
| 121 | ov_121 | 7.43253046952078 × 10^289 |
| 122 | ov_122 | 4.979904698174198 × 10^289 |
| 123 | ov_123 | 3.147632459152194 × 10^289 |
| 124 | ov_124 | 1.8414810796211685 × 10^289 |
| 125 | ov_125 | 9.672283514828261 × 10^288 |
| 126 | ov_126 | 4.30655895790296 × 10^288 |
| 127 | aaa_77_28 | 1.3754633811958043 × 10^288 |
| 128 | aaa_77_29 | 5.1581388887209864 × 10^287 |
| 129 | ov_129 | 4.810649118057958 × 10^287 |
| 130 | ov_130 | 4.810635493948391 × 10^287 |
| 131 | ov_131 | 4.8106321966112784 × 10^287 |
| 132 | ov_132 | 4.1788828360468876 × 10^287 |
| 133 | ov_133 | 3.612244048439056 × 10^287 |
| 134 | ov_134 | 3.105826186617701 × 10^287 |
| 135 | ov_135 | 2.65500496697414 × 10^287 |
| 136 | ov_136 | 2.255402478940975 × 10^287 |
| 137 | ov_137 | 1.902870743253993 × 10^287 |
| 138 | ov_138 | 1.5934775816983203 × 10^287 |
| 139 | ov_139 | 1.3234945733042806 × 10^287 |
| 140 | ov_140 | 1.0893868838335287 × 10^287 |
| 141 | ov_141 | 8.878047669645187 × 10^286 |
| 142 | ov_142 | 7.15576546917993 × 10^286 |
| 143 | ov_143 | 5.697029034164783 × 10^286 |
| 144 | ov_144 | 4.473522908949342 × 10^286 |
| 145 | ov_145 | 3.458573348113752 × 10^286 |
| 146 | ov_146 | 2.627120587763295 × 10^286 |
| 147 | ov_147 | 1.9556980705038344 × 10^286 |
| 148 | ov_148 | 1.4224173776483154 × 10^286 |
| 149 | ov_149 | 1.0069577301119245 × 10^286 |
| 150 | ov_150 | 6.905590272672431 × 10^285 |
| 151 | ov_151 | 4.56017500784234 × 10^285 |
| 152 | ov_152 | 2.8768316819392184 × 10^285 |
| 153 | ov_153 | 1.7145840936740696 × 10^285 |
| 154 | ov_154 | 9.479718233867726 × 10^284 |
| 155 | ov_155 | 4.6704583493006324 × 10^284 |
| 156 | aaa_76_25 | 1.7736608158001493 × 10^284 |
| 157 | aaa_76_26 | 1.0064185990406178 × 10^284 |
| 158 | aaa_76_27 | 5.175370904294625 × 10^283 |
| 159 | aaa_76_28 | 2.2948288852105797 × 10^283 |
| 160 | aaa_76_29 | 6.987882074403075 × 10^282 |

### Output Bits Sorted by Complexity

| Rank | Output Bit | Complexity |
|:----:|:----------:|:----------:|
| 160 | aaa_76_29 | 6.987882074403075 × 10^282 |
| 159 | aaa_76_28 | 2.2948288852105797 × 10^283 |
| 158 | aaa_76_27 | 5.175370904294625 × 10^283 |
| 157 | aaa_76_26 | 1.0064185990406178 × 10^284 |
| 156 | aaa_76_25 | 1.7736608158001493 × 10^284 |
| 155 | ov_155 | 4.6704583493006324 × 10^284 |
| 154 | ov_154 | 9.479718233867726 × 10^284 |
| 153 | ov_153 | 1.7145840936740696 × 10^285 |
| 152 | ov_152 | 2.8768316819392184 × 10^285 |
| 151 | ov_151 | 4.56017500784234 × 10^285 |
| 150 | ov_150 | 6.905590272672431 × 10^285 |
| 149 | ov_149 | 1.0069577301119245 × 10^286 |
| 148 | ov_148 | 1.4224173776483154 × 10^286 |
| 147 | ov_147 | 1.9556980705038344 × 10^286 |
| 146 | ov_146 | 2.627120587763295 × 10^286 |
| 145 | ov_145 | 3.458573348113752 × 10^286 |
| 144 | ov_144 | 4.473522908949342 × 10^286 |
| 143 | ov_143 | 5.697029034164783 × 10^286 |
| 142 | ov_142 | 7.15576546917993 × 10^286 |
| 141 | ov_141 | 8.878047669645187 × 10^286 |
| 140 | ov_140 | 1.0893868838335287 × 10^287 |
| 139 | ov_139 | 1.3234945733042806 × 10^287 |
| 138 | ov_138 | 1.5934775816983203 × 10^287 |
| 137 | ov_137 | 1.902870743253993 × 10^287 |
| 136 | ov_136 | 2.255402478940975 × 10^287 |
| 135 | ov_135 | 2.65500496697414 × 10^287 |
| 134 | ov_134 | 3.105826186617701 × 10^287 |
| 133 | ov_133 | 3.612244048439056 × 10^287 |
| 132 | ov_132 | 4.1788828360468876 × 10^287 |
| 131 | ov_131 | 4.8106321966112784 × 10^287 |
| 130 | ov_130 | 4.810635493948391 × 10^287 |
| 129 | ov_129 | 4.810649118057958 × 10^287 |
| 128 | aaa_77_29 | 5.1581388887209864 × 10^287 |
| 127 | aaa_77_28 | 1.3754633811958043 × 10^288 |
| 126 | ov_126 | 4.30655895790296 × 10^288 |
| 125 | ov_125 | 9.672283514828261 × 10^288 |
| 124 | ov_124 | 1.8414810796211685 × 10^289 |
| 123 | ov_123 | 3.147632459152194 × 10^289 |
| 122 | ov_122 | 4.979904698174198 × 10^289 |
| 121 | ov_121 | 7.43253046952078 × 10^289 |
| 120 | ov_120 | 1.1220118689734721 × 10^290 |
| 119 | ov_119 | 1.7151576702646154 × 10^290 |
| 118 | ov_118 | 2.613018478899485 × 10^290 |
| 117 | ov_117 | 3.915371993784564 × 10^290 |
| 116 | ov_116 | 5.731465766979828 × 10^290 |
| 115 | ov_115 | 8.180048968876063 × 10^290 |
| 114 | ov_114 | 1.1389420134279102 × 10^291 |
| 113 | ov_113 | 1.5497495907932013 × 10^291 |
| 112 | ov_112 | 2.0651906428677557 × 10^291 |
| 111 | ov_111 | 2.7010123612477522 × 10^291 |
| 110 | ov_110 | 3.4739629216137744 × 10^291 |
| 109 | ov_109 | 4.4018130186305954 × 10^291 |
| 108 | ov_108 | 5.5033829422848224 × 10^291 |
| 107 | ov_107 | 6.798576071312489 × 10^291 |
| 106 | ov_106 | 8.308419722540538 × 10^291 |
| 105 | ov_105 | 1.0055114358752033 × 10^292 |
| 104 | ov_104 | 1.2062092222314415 × 10^292 |
| 103 | ov_103 | 1.4354086527562168 × 10^292 |
| 102 | ov_102 | 1.6957212412133671 × 10^292 |
| 101 | ov_101 | 1.9899060916516368 × 10^292 |
| 100 | ov_100 | 2.3208807332410057 × 10^292 |
| 99 | ov_099 | 2.6917335334699874 × 10^292 |
| 98 | ov_098 | 2.691737529494868 × 10^292 |
| 97 | ov_097 | 2.691750029756824 × 10^292 |
| 96 | aaa_78_29 | 4.866766136933458 × 10^292 |
| 95 | aaa_78_28 | 1.3751032734252864 × 10^293 |
| 94 | ov_094 | 4.539190876257591 × 10^293 |
| 93 | ov_093 | 1.0904105439969142 × 10^294 |
| 92 | ov_092 | 2.2430061891378 × 10^294 |
| 91 | ov_091 | 4.1625655517892464 × 10^294 |
| 90 | ov_090 | 7.405648258823382 × 10^294 |
| 89 | ov_089 | 1.2638501275747674 × 10^295 |
| 88 | ov_088 | 2.0637077713114852 × 10^295 |
| 87 | ov_087 | 3.2287071842924935 × 10^295 |
| 86 | ov_086 | 4.858397742763906 × 10^295 |
| 85 | ov_085 | 7.063317683716239 × 10^295 |
| 84 | ov_084 | 9.965006849270405 × 10^295 |
| 83 | ov_083 | 1.3696024638074771 × 10^296 |
| 82 | ov_082 | 1.8399976493511493 × 10^296 |
| 81 | ov_081 | 2.423155449693011 × 10^296 |
| 64 | lv_79_m31 | 2.815138278360604 × 10^296 |
| 80 | ov_080 | 3.135659891502618 × 10^296 |
| 79 | ov_079 | 3.9952188306100914 × 10^296 |
| 78 | ov_078 | 5.020676654692557 × 10^296 |
| 77 | ov_077 | 6.23203159010816 × 10^296 |
| 76 | ov_076 | 7.650458601206968 × 10^296 |
| 75 | ov_075 | 9.298338947166933 × 10^296 |
| 74 | ov_074 | 1.1199297538790417 × 10^297 |
| 73 | ov_073 | 1.3378249315991973 × 10^297 |
| 63 | ov_063 | 1.4436796532601754 × 10^297 |
| 72 | ov_072 | 1.5861455946202966 × 10^297 |
| 71 | ov_071 | 1.8676594224963106 × 10^297 |
| 70 | ov_070 | 2.1852837642974623 × 10^297 |
| 69 | ov_069 | 2.542095266934157 × 10^297 |
| 68 | ov_068 | 2.9413411389156817 × 10^297 |
| 67 | ov_067 | 3.3864522225662373 × 10^297 |
| 66 | ov_066 | 3.3864545145605424 × 10^297 |
| 65 | ov_065 | 3.386463993669343 × 10^297 |
| 62 | ov_062 | 7.402027483696279 × 10^297 |
| 61 | ov_061 | 2.69664910899202 × 10^298 |
| 60 | ov_060 | 7.715382939092542 × 10^298 |
| 59 | ov_059 | 1.7511732180412349 × 10^299 |
| 58 | ov_058 | 3.4464846300276126 × 10^299 |
| 57 | ov_057 | 6.161770328697087 × 10^299 |
| 56 | ov_056 | 1.0267713408754084 × 10^300 |
| 55 | ov_055 | 1.6572071757196346 × 10^300 |
| 54 | ov_054 | 2.5578325933151665 × 10^300 |
| 53 | ov_053 | 3.8359870243179345 × 10^300 |
| 52 | ov_052 | 5.612301398533021 × 10^300 |
| 51 | ov_051 | 8.020711241569285 × 10^300 |
| 50 | ov_050 | 1.1208478549115273 × 10^301 |
| 49 | ov_049 | 1.533622713415239 × 10^301 |
| 48 | ov_048 | 2.0577997216050763 × 10^301 |
| 47 | ov_047 | 2.7121325898329395 × 10^301 |
| 32 | lv_80_m31 | 3.2434791290335654 × 10^301 |
| 46 | ov_046 | 3.516736106008677 × 10^301 |
| 45 | ov_045 | 4.493101706493726 × 10^301 |
| 44 | ov_044 | 5.664118157100542 × 10^301 |
| 43 | ov_043 | 7.054098360652233 × 10^301 |
| 42 | ov_042 | 8.688813395842666 × 10^301 |
| 41 | ov_041 | 1.0595534980703893 × 10^302 |
| 40 | ov_040 | 1.2789070750978194 × 10^302 |
| 39 | ov_039 | 1.5299861293300714 × 10^302 |
| 31 | ov_031 | 1.6636498559831672 × 10^302 |
| 38 | ov_038 | 1.8160039043604024 × 10^302 |
| 37 | ov_037 | 2.140351817286674 × 10^302 |
| 36 | ov_036 | 2.5066100215678335 × 10^302 |
| 35 | ov_035 | 2.918559718455854 × 10^302 |
| 34 | ov_034 | 3.3801974011137107 × 10^302 |
| 33 | ov_033 | 3.895751225684128 × 10^302 |
| 30 | ov_030 | 7.516627908471834 × 10^302 |
| 29 | ov_029 | 2.4868871656545373 × 10^303 |
| 28 | ov_028 | 6.636796499856166 × 10^303 |
| 27 | ov_027 | 1.5181623430668225 × 10^304 |
| 26 | ov_026 | 3.2848864590289614 × 10^304 |
| 25 | ov_025 | 6.590008789550705 × 10^304 |
| 24 | ov_024 | 1.2213097376830969 × 10^305 |
| 23 | ov_023 | 2.108714430757011 × 10^305 |
| 22 | ov_022 | 3.429859703422919 × 10^305 |
| 21 | ov_021 | 5.308742173529841 × 10^305 |
| 20 | ov_020 | 7.884721574332569 × 10^305 |
| 19 | ov_019 | 1.1312539072999897 × 10^306 |
| 18 | ov_018 | 1.5762345735527793 × 10^306 |
| 17 | ov_017 | 2.141974548125163 × 10^306 |
| 16 | ov_016 | 2.8485857904851874 × 10^306 |
| 15 | ov_015 | 3.717740771065548 × 10^306 |
| 14 | ov_014 | 4.7726849441298986 × 10^306 |
| 13 | ov_013 | 6.038253768388942 × 10^306 |
| 12 | ov_012 | 7.54089540022732 × 10^306 |
| 11 | ov_011 | 9.308700291189124 × 10^306 |
| 10 | ov_010 | 1.1371439028528736 × 10^307 |
| 9 | ov_009 | 1.3760609865347135 × 10^307 |
| 8 | ov_008 | 1.6509497495340675 × 10^307 |
| 7 | ov_007 | 1.965324473679215 × 10^307 |
| 6 | ov_006 | 2.3228938901506646 × 10^307 |
| 5 | ov_005 | 2.7275714737387773 × 10^307 |
| 4 | ov_004 | 3.183487594880026 × 10^307 |
| 3 | ov_003 | 3.6950037277230816 × 10^307 |
| 2 | ov_002 | 4.2667288966768707 × 10^307 |
| 1 | ov_001 | 4.903538556591936 × 10^307 |

