# Results for F001-F002-F003-F004-F005-F006-F007-F008-F009-F010-F011-F012-F013-F014-F015-F016-F017-F018-F019-F020-F021-F022-F023-F024-F025-F026-F027-F028-F029-F030-F031-F032-F033-F034-F035-F036-F037-F038-F039-F040-F041-F042-F043-F044-F045-F046-F047-F048-F049-F050-F051-F052-F053-F054-F055-F056-F057-F058-F059-F060-F061-F062-F063-F064-F065-F066-F067-F068-F069-F070-F071-F072-F073-F074-F075-F076-F077-F078-F079-F080-F081-F082-F083-F084-F085-F086-F087-F088-F089-F090-F091-F092-F093-F094-F095-F096-F097-F098-F099-F100-F101-F102-F103-F104-F105-F106-F107-F108-F109-F110-F111-F112-F113-F114-F115-F116-F117-F118-F119-F120-F121-F122-F123-F124-F125-F126-F127-F128-F129-F130-F131-F132-F133-F134-F135-F136-F137-F138-F139-F140-F141-F142-F143-F144-F145-F146-F147-F148-F149-F150-F151-F152-F153-F154-F155-F156-F157-F158-F159-F160-F161-F162-F163-F164-F165-F166-F167-F168-F169-F170-F171-F172-F173-F174-F175-F176-F177-F178-F179-F180-F181-F182-F183-F184-F185-F186-F187-F188-F189-F190-F191-F192-F193-F194-F195-F196-F197-F198-F199-F200-F201-F202-F203-F204-F205-F206-F207-F208-F209-F210-F211-F212-F213-F214-F215-F216-F217-F218-F219-F220-F221-F222-F223-F224-F225-F226-F227-F228-F229-F230-F231-F232-F233-F234-F235-F236-F237-F238-F239-F240-F241-F242-F243-F244-F245-F246-F247-F248-F249-F250-F251-F252-F253-F254-F255-F256-F257-F258-F259-F260-F261-F262-F263-F264-F265-F266-F267-F268-F269-F270-F271-F272-F273-F274-F275-F276-F277-F278-F279-F280-F281-F282-F283-F284-F285-F286-F287-F288-F289-F290-F291-F292-F293-F294-F295-F296-F297-F298-F299-F300-F301-F302-F303-F304-F305-F306-F307-F308-F309-F310-F311-F312-F313-F314-F315-F316-F317-F318-F319-F320-F321-F322-F323-F324-F325-F326-F327-F328-F329-F330-F331-F332-F333-F334-F335-F336-F337-F338-F339-F340-F341-F342-F343-F344-F345-F346-F347-F348-F349-F350-F351-F352-F353-F354-F355-F356-F357-F358-F359-F360-F361-F362-F363-F364-F365-F366-F367-F368-F369-F370-F371-F372-F373-F374-F375-F376-F377-F378-F379-F380-F381-F382-F383-F384-F385-F386-F387-F388-F389-F390-F391-F392-F393-F394-F395-F396-F397-F398-F399-F400-F401-F402-F403-F404-F405-F406-F407-F408-F409-F410-F411-F412-F413-F414-F415-F416-F417-F418-F419-F420-F421-F422-F423-F424-F425-F426-F427-F428-F429-F430-F431-F432-F433-F434-F435-F436-F437-F438-F439-F440-F441-F442-F443-F444-F445-F446-F447-F448-F449-F450-F451-F452-F453-F454-F455-F456-F457-F458-F459-F460-F461-F462-F463-F464-F465-F466-F467-F468-F469-F470-F471-F472-F473-F474-F475-F476-F477-F478-F479-F480-F481-F482-F483-F484-F485-F486-F487-F488-F489-F490-F491-F492-F493-F494-F495-F496-E497502-F510-F512

## Summary

Number of input bits: 512  
Number of free input bits: 13  
Number of output bits: 160

Number of direct occurrences: 53245  
Number of assignments: 31711  
Number of operations: 11182663
(xor: 11154300,
and: 14844,
or: 13519)

Total complexity: 6.376708927931979 × 10^300

Least occurring input variable: iv_504 (3938)  
Most occurring input variable: iv_511 (4267)

Most co-occurring input variables: iv_500-iv_511 (2081)  
Least co-occurring input variables: iv_499-iv_506 (1800)

Potentially most occurring input variable: iv_497/iv_509 (4553)  
Potentially least occurring input variable: iv_504/iv_505 (4017)

Least output occurring input variable: iv_497 (71)  
Most output occurring input variable: iv_498 (88)

Most output co-occurring input variables: iv_498-iv_509 (52)  
Least output co-occurring input variables: iv_505-iv_507 (31)

Potentially most output occurring input variable: iv_506/iv_511 (90)  
Potentially least output occurring input variable: iv_499/iv_505 (57)

Least complex input bit: iv_511 (7.789857687728311 × 10^296)  
Most complex input bit: iv_505 (1.0854194056675097 × 10^300)

Least complex output bit: aaa_76_29 (1.127274543921353 × 10^276)  
Most complex output bit: ov_001 (9.969045377496647 × 10^299)

Least complex input/output complexity: iv_511/aaa_76_29 (1.3770909683020527 × 10^272)  
Most complex input/output complexity: iv_505/ov_001 (1.696893402381477 × 10^299)

## Input Bits

### Input Bits in Regular Order

| Input Bit | Complexity | Occurrences | Output Occurrences |
|:---------:|:----------:|:-----------:|:------------------:|
| iv_497 | 3.041842211556081 × 10^299 | 4225 | 71 |
| iv_498 | 3.6121091711054624 × 10^298 | 3945 | 88 |
| iv_499 | 6.359731574344205 × 10^298 | 3955 | 81 |
| iv_500 | 1.0701150986381817 × 10^299 | 4132 | 76 |
| iv_501 | 1.7679158618779418 × 10^299 | 4089 | 83 |
| iv_503 | 4.547003239901351 × 10^299 | 4062 | 72 |
| iv_504 | 7.088311988729899 × 10^299 | 3938 | 78 |
| iv_505 | 1.0854194056675097 × 10^300 | 4093 | 72 |
| iv_506 | 5.4851158353265246 × 10^299 | 3974 | 82 |
| iv_507 | 7.868811948144237 × 10^299 | 4185 | 76 |
| iv_508 | 1.0443243278161354 × 10^300 | 4152 | 74 |
| iv_509 | 1.0595561828076445 × 10^300 | 4228 | 87 |
| iv_511 | 7.789857687728311 × 10^296 | 4267 | 80 |

### Input Bits Sorted by Complexity

| Input Bit | Complexity | Occurrences | Output Occurrences |
|:---------:|:----------:|:-----------:|:------------------:|
| iv_511 | 7.789857687728311 × 10^296 | 4267 | 80 |
| iv_498 | 3.6121091711054624 × 10^298 | 3945 | 88 |
| iv_499 | 6.359731574344205 × 10^298 | 3955 | 81 |
| iv_500 | 1.0701150986381817 × 10^299 | 4132 | 76 |
| iv_501 | 1.7679158618779418 × 10^299 | 4089 | 83 |
| iv_497 | 3.041842211556081 × 10^299 | 4225 | 71 |
| iv_503 | 4.547003239901351 × 10^299 | 4062 | 72 |
| iv_506 | 5.4851158353265246 × 10^299 | 3974 | 82 |
| iv_504 | 7.088311988729899 × 10^299 | 3938 | 78 |
| iv_507 | 7.868811948144237 × 10^299 | 4185 | 76 |
| iv_508 | 1.0443243278161354 × 10^300 | 4152 | 74 |
| iv_509 | 1.0595561828076445 × 10^300 | 4228 | 87 |
| iv_505 | 1.0854194056675097 × 10^300 | 4093 | 72 |

### Input Bits Sorted by Occurrences

| Input Bit | Complexity | Occurrences | Output Occurrences |
|:---------:|:----------:|:-----------:|:------------------:|
| iv_504 | 7.088311988729899 × 10^299 | 3938 | 78 |
| iv_498 | 3.6121091711054624 × 10^298 | 3945 | 88 |
| iv_499 | 6.359731574344205 × 10^298 | 3955 | 81 |
| iv_506 | 5.4851158353265246 × 10^299 | 3974 | 82 |
| iv_503 | 4.547003239901351 × 10^299 | 4062 | 72 |
| iv_501 | 1.7679158618779418 × 10^299 | 4089 | 83 |
| iv_505 | 1.0854194056675097 × 10^300 | 4093 | 72 |
| iv_500 | 1.0701150986381817 × 10^299 | 4132 | 76 |
| iv_508 | 1.0443243278161354 × 10^300 | 4152 | 74 |
| iv_507 | 7.868811948144237 × 10^299 | 4185 | 76 |
| iv_497 | 3.041842211556081 × 10^299 | 4225 | 71 |
| iv_509 | 1.0595561828076445 × 10^300 | 4228 | 87 |
| iv_511 | 7.789857687728311 × 10^296 | 4267 | 80 |

### Input Bits Sorted by Output Occurrences

| Input Bit | Complexity | Occurrences | Output Occurrences |
|:---------:|:----------:|:-----------:|:------------------:|
| iv_497 | 3.041842211556081 × 10^299 | 4225 | 71 |
| iv_503 | 4.547003239901351 × 10^299 | 4062 | 72 |
| iv_505 | 1.0854194056675097 × 10^300 | 4093 | 72 |
| iv_508 | 1.0443243278161354 × 10^300 | 4152 | 74 |
| iv_500 | 1.0701150986381817 × 10^299 | 4132 | 76 |
| iv_507 | 7.868811948144237 × 10^299 | 4185 | 76 |
| iv_504 | 7.088311988729899 × 10^299 | 3938 | 78 |
| iv_511 | 7.789857687728311 × 10^296 | 4267 | 80 |
| iv_499 | 6.359731574344205 × 10^298 | 3955 | 81 |
| iv_506 | 5.4851158353265246 × 10^299 | 3974 | 82 |
| iv_501 | 1.7679158618779418 × 10^299 | 4089 | 83 |
| iv_509 | 1.0595561828076445 × 10^300 | 4228 | 87 |
| iv_498 | 3.6121091711054624 × 10^298 | 3945 | 88 |

## Input Bit Co-occurrences

### Input Bit Co-occurrences Sorted by Co-occurrences

| Input Bits | Co-occurrences | Potential Occurrences | Output Co-occurrences | Potential Output Occurrences |
|:----------:|:--------------:|:---------------------:|:---------------------:|:----------------------------:|
| iv_500-iv_511 | 2081 | 4237 | 38 | 80 |
| iv_508-iv_509 | 2077 | 4226 | 40 | 81 |
| iv_507-iv_509 | 2065 | 4283 | 44 | 75 |
| iv_505-iv_507 | 2051 | 4176 | 31 | 86 |
| iv_501-iv_505 | 2038 | 4106 | 41 | 73 |
| iv_497-iv_507 | 2037 | 4336 | 34 | 79 |
| iv_503-iv_511 | 2035 | 4259 | 35 | 82 |
| iv_501-iv_511 | 2034 | 4288 | 39 | 85 |
| iv_501-iv_509 | 2034 | 4249 | 49 | 72 |
| iv_497-iv_505 | 2021 | 4276 | 35 | 73 |
| iv_507-iv_511 | 2016 | 4420 | 39 | 78 |
| iv_497-iv_501 | 2013 | 4288 | 36 | 82 |
| iv_497-iv_500 | 2008 | 4341 | 38 | 71 |

### Input Bit Co-occurrences Sorted by Potential Occurrences

| Input Bits | Co-occurrences | Potential Occurrences | Output Co-occurrences | Potential Output Occurrences |
|:----------:|:--------------:|:---------------------:|:---------------------:|:----------------------------:|
| iv_504-iv_505 | 2007 | 4017 | 39 | 72 |
| iv_501-iv_505 | 2038 | 4106 | 41 | 73 |
| iv_504-iv_506 | 1878 | 4156 | 42 | 76 |
| iv_499-iv_504 | 1868 | 4157 | 38 | 83 |
| iv_506-iv_507 | 1997 | 4165 | 39 | 80 |
| iv_505-iv_507 | 2051 | 4176 | 31 | 86 |
| iv_499-iv_501 | 1932 | 4180 | 44 | 76 |
| iv_499-iv_505 | 1930 | 4188 | 48 | 57 |
| iv_498-iv_504 | 1847 | 4189 | 46 | 74 |
| iv_500-iv_503 | 1999 | 4196 | 35 | 78 |
| iv_503-iv_506 | 1913 | 4210 | 39 | 76 |
| iv_499-iv_508 | 1944 | 4219 | 41 | 73 |
| iv_498-iv_506 | 1850 | 4219 | 41 | 88 |

### Input Bit Output Co-occurrences Sorted by Output Co-occurrences

| Input Bits | Co-occurrences | Potential Occurrences | Output Co-occurrences | Potential Output Occurrences |
|:----------:|:--------------:|:---------------------:|:---------------------:|:----------------------------:|
| iv_498-iv_509 | 1881 | 4411 | 52 | 71 |
| iv_501-iv_509 | 2034 | 4249 | 49 | 72 |
| iv_498-iv_499 | 1833 | 4234 | 48 | 73 |
| iv_498-iv_501 | 1873 | 4288 | 48 | 75 |
| iv_498-iv_505 | 1901 | 4236 | 48 | 64 |
| iv_499-iv_505 | 1930 | 4188 | 48 | 57 |
| iv_498-iv_508 | 1878 | 4341 | 47 | 68 |
| iv_498-iv_504 | 1847 | 4189 | 46 | 74 |
| iv_503-iv_509 | 1921 | 4448 | 44 | 71 |
| iv_499-iv_501 | 1932 | 4180 | 44 | 76 |
| iv_501-iv_506 | 1865 | 4333 | 44 | 77 |
| iv_507-iv_509 | 2065 | 4283 | 44 | 75 |
| iv_501-iv_508 | 1941 | 4359 | 43 | 71 |

### Input Bit Output Co-occurrences Sorted by Potential Output Occurrences

| Input Bits | Co-occurrences | Potential Occurrences | Output Co-occurrences | Potential Output Occurrences |
|:----------:|:--------------:|:---------------------:|:---------------------:|:----------------------------:|
| iv_499-iv_505 | 1930 | 4188 | 48 | 57 |
| iv_498-iv_505 | 1901 | 4236 | 48 | 64 |
| iv_505-iv_508 | 1987 | 4271 | 40 | 66 |
| iv_498-iv_508 | 1878 | 4341 | 47 | 68 |
| iv_501-iv_508 | 1941 | 4359 | 43 | 71 |
| iv_503-iv_509 | 1921 | 4448 | 44 | 71 |
| iv_497-iv_500 | 2008 | 4341 | 38 | 71 |
| iv_498-iv_509 | 1881 | 4411 | 52 | 71 |
| iv_501-iv_509 | 2034 | 4249 | 49 | 72 |
| iv_504-iv_508 | 1916 | 4258 | 40 | 72 |
| iv_504-iv_505 | 2007 | 4017 | 39 | 72 |
| iv_497-iv_504 | 1919 | 4325 | 38 | 73 |
| iv_497-iv_505 | 2021 | 4276 | 35 | 73 |

## Output Bits

### Output Bits in Regular Order

| Rank | Output Bit | Complexity |
|:----:|:----------:|:----------:|
| 1 | ov_001 | 9.969045377496647 × 10^299 |
| 2 | ov_002 | 8.674745341109633 × 10^299 |
| 3 | ov_003 | 7.512746886572744 × 10^299 |
| 4 | ov_004 | 6.473130051394969 × 10^299 |
| 5 | ov_005 | 5.546518154051775 × 10^299 |
| 6 | ov_006 | 4.724039349286619 × 10^299 |
| 7 | ov_007 | 3.997293110760502 × 10^299 |
| 8 | ov_008 | 3.3583212473346708 × 10^299 |
| 9 | ov_009 | 2.799583084858034 × 10^299 |
| 10 | ov_010 | 2.313934413430832 × 10^299 |
| 11 | ov_011 | 1.8946097957406026 × 10^299 |
| 12 | ov_012 | 1.5352078553594276 × 10^299 |
| 13 | ov_013 | 1.229679186695067 × 10^299 |
| 14 | ov_014 | 9.723165507088468 × 10^298 |
| 15 | ov_015 | 7.577470426393521 × 10^298 |
| 16 | ov_016 | 5.809259398770154 × 10^298 |
| 17 | ov_017 | 4.371319598806089 × 10^298 |
| 18 | ov_018 | 3.219636796599014 × 10^298 |
| 19 | ov_019 | 2.3133688990570437 × 10^298 |
| 20 | ov_020 | 1.6148267835577918 × 10^298 |
| 21 | ov_021 | 1.0894606727535792 × 10^298 |
| 22 | ov_022 | 7.05850690165174 × 10^297 |
| 23 | ov_023 | 4.357005120113874 × 10^297 |
| 24 | ov_024 | 2.538332394762532 × 10^297 |
| 25 | ov_025 | 1.3818887229159828 × 10^297 |
| 26 | ov_026 | 6.982292437658515 × 10^296 |
| 27 | ov_027 | 3.2905772253928796 × 10^296 |
| 28 | ov_028 | 1.4722398030982673 × 10^296 |
| 29 | ov_029 | 5.672306633600036 × 10^295 |
| 30 | ov_030 | 1.73387692961576 × 10^295 |
| 31 | ov_031 | 3.381462572767055 × 10^294 |
| 32 | lv_80_m31 | 6.5933920013539595 × 10^293 |
| 33 | ov_033 | 7.941095235798239 × 10^294 |
| 34 | ov_034 | 6.895186507305055 × 10^294 |
| 35 | ov_035 | 5.958244590083371 × 10^294 |
| 36 | ov_036 | 5.1217486746249206 × 10^294 |
| 37 | ov_037 | 4.377642902592731 × 10^294 |
| 38 | ov_038 | 3.718303702408081 × 10^294 |
| 39 | ov_039 | 3.136511413468226 × 10^294 |
| 40 | ov_040 | 2.625425792087175 × 10^294 |
| 41 | ov_041 | 2.1785650170657863 × 10^294 |
| 42 | ov_042 | 1.789787836324059 × 10^294 |
| 43 | ov_043 | 1.4561067199001536 × 10^294 |
| 44 | ov_044 | 1.172018898632391 × 10^294 |
| 45 | ov_045 | 9.323242031707931 × 10^293 |
| 46 | ov_046 | 7.32116622995892 × 10^293 |
| 47 | ov_047 | 5.667775317095333 × 10^293 |
| 48 | ov_048 | 4.3197034206430995 × 10^293 |
| 49 | ov_049 | 3.2363637245733502 × 10^293 |
| 50 | ov_050 | 2.379917245361566 × 10^293 |
| 51 | ov_051 | 1.7152498922407373 × 10^293 |
| 52 | ov_052 | 1.2099561593350998 × 10^293 |
| 53 | ov_053 | 8.343279705416423 × 10^292 |
| 54 | ov_054 | 5.613473702236431 × 10^292 |
| 55 | ov_055 | 3.666819243464189 × 10^292 |
| 56 | ov_056 | 2.286819067701118 × 10^292 |
| 57 | ov_057 | 1.3719286623041863 × 10^292 |
| 58 | ov_058 | 7.592619526986193 × 10^291 |
| 59 | ov_059 | 3.740753025713501 × 10^291 |
| 60 | ov_060 | 1.5502235910916638 × 10^291 |
| 61 | ov_061 | 5.415349319211076 × 10^290 |
| 62 | ov_062 | 1.485666069999612 × 10^290 |
| 63 | ov_063 | 2.8960057387923294 × 10^289 |
| 64 | lv_79_m31 | 5.64405004469549 × 10^288 |
| 65 | ov_065 | 6.793451685795117 × 10^289 |
| 66 | ov_066 | 6.793431530113054 × 10^289 |
| 67 | ov_067 | 6.793426597425845 × 10^289 |
| 68 | ov_068 | 5.890945016088981 × 10^289 |
| 69 | ov_069 | 5.083974753993285 × 10^289 |
| 70 | ov_070 | 4.3648798986026907 × 10^289 |
| 71 | ov_071 | 3.7264941795572116 × 10^289 |
| 72 | ov_072 | 3.162089174437291 × 10^289 |
| 73 | ov_073 | 2.6653453296320454 × 10^289 |
| 74 | ov_074 | 2.2303256462610804 × 10^289 |
| 75 | ov_075 | 1.8514518870268937 × 10^289 |
| 76 | ov_076 | 1.523483164781279 × 10^289 |
| 77 | ov_077 | 1.2414967775966273 × 10^289 |
| 78 | ov_078 | 1.0008711583593987 × 10^289 |
| 79 | ov_079 | 7.972708094577931 × 10^288 |
| 80 | ov_080 | 6.266330951201999 × 10^288 |
| 81 | ov_081 | 4.851567654686606 × 10^288 |
| 82 | ov_082 | 3.6929208746759996 × 10^288 |
| 83 | ov_083 | 2.7573245874959732 × 10^288 |
| 84 | ov_084 | 2.0140738085612865 × 10^288 |
| 85 | ov_085 | 1.434766688030563 × 10^288 |
| 86 | ov_086 | 9.932577412073309 × 10^287 |
| 87 | ov_087 | 6.656209866929849 × 10^287 |
| 88 | ov_088 | 4.301217662165324 × 10^287 |
| 89 | ov_089 | 2.6719602059853386 × 10^287 |
| 90 | ov_090 | 1.59435796589676 × 10^287 |
| 91 | ov_091 | 9.157975946013068 × 10^286 |
| 92 | ov_092 | 5.050749651183856 × 10^286 |
| 93 | ov_093 | 2.523645710447923 × 10^286 |
| 94 | ov_094 | 1.0809579210037665 × 10^286 |
| 95 | aaa_78_28 | 3.337815086691686 × 10^285 |
| 96 | aaa_78_29 | 1.0250219976823671 × 10^285 |
| 97 | ov_097 | 6.766885940416286 × 10^284 |
| 98 | ov_098 | 6.766682482921748 × 10^284 |
| 99 | ov_099 | 6.766617435262829 × 10^284 |
| 100 | ov_100 | 6.088209568073334 × 10^284 |
| 101 | ov_101 | 5.460067348541929 × 10^284 |
| 102 | ov_102 | 4.879406334108532 × 10^284 |
| 103 | ov_103 | 4.343644292988694 × 10^284 |
| 104 | ov_104 | 3.850375571450217 × 10^284 |
| 105 | ov_105 | 3.3973477547740772 × 10^284 |
| 106 | ov_106 | 2.982440501701118 × 10^284 |
| 107 | ov_107 | 2.6036464367182614 × 10^284 |
| 108 | ov_108 | 2.2590539882487242 × 10^284 |
| 109 | ov_109 | 1.946832063790933 × 10^284 |
| 110 | ov_110 | 1.665216455399053 × 10^284 |
| 111 | ov_111 | 1.4124978707085353 × 10^284 |
| 112 | ov_112 | 1.1870114860702675 × 10^284 |
| 113 | ov_113 | 9.871279193472078 × 10^283 |
| 114 | ov_114 | 8.112455206212011 × 10^283 |
| 115 | ov_115 | 6.577838795215785 × 10^283 |
| 116 | ov_116 | 5.251784481805965 × 10^283 |
| 117 | ov_117 | 4.118761789959229 × 10^283 |
| 118 | ov_118 | 3.163320764799818 × 10^283 |
| 119 | ov_119 | 2.370065625312656 × 10^283 |
| 120 | ov_120 | 1.7236355449348622 × 10^283 |
| 121 | ov_121 | 1.208691553856432 × 10^283 |
| 122 | ov_122 | 8.099081061391236 × 10^282 |
| 123 | ov_123 | 5.119675297428524 × 10^282 |
| 124 | ov_124 | 2.9955627988128515 × 10^282 |
| 125 | ov_125 | 1.5736261585867672 × 10^282 |
| 126 | ov_126 | 7.007541485478909 × 10^281 |
| 127 | aaa_77_28 | 2.2383716084555725 × 10^281 |
| 128 | aaa_77_29 | 8.394831370925156 × 10^280 |
| 129 | ov_129 | 7.839544241682332 × 10^280 |
| 130 | ov_130 | 7.839522269226579 × 10^280 |
| 131 | ov_131 | 7.839516951409366 × 10^280 |
| 132 | ov_132 | 6.816108348170283 × 10^280 |
| 133 | ov_133 | 5.89450931122849 × 10^280 |
| 134 | ov_134 | 5.070646310874642 × 10^280 |
| 135 | ov_135 | 4.337024543990482 × 10^280 |
| 136 | ov_136 | 3.6865479547617163 × 10^280 |
| 137 | ov_137 | 3.112492718521721 × 10^280 |
| 138 | ov_138 | 2.608484453545835 × 10^280 |
| 139 | ov_139 | 2.1684787978466315 × 10^280 |
| 140 | ov_140 | 1.7867450071731313 × 10^280 |
| 141 | ov_141 | 1.457852249075537 × 10^280 |
| 142 | ov_142 | 1.1766582861740905 × 10^280 |
| 143 | ov_143 | 9.383002597604982 × 10^279 |
| 144 | ov_144 | 7.381873026405482 × 10^279 |
| 145 | ov_145 | 5.719947277593394 × 10^279 |
| 146 | ov_146 | 4.35659556684123 × 10^279 |
| 147 | ov_147 | 3.253771694893827 × 10^279 |
| 148 | ov_148 | 2.3759887501883239 × 10^279 |
| 149 | ov_149 | 1.6903021790478982 × 10^279 |
| 150 | ov_150 | 1.1662985611611677 × 10^279 |
| 151 | ov_151 | 7.760886018692866 × 10^278 |
| 152 | ov_152 | 4.943030265293246 × 10^278 |
| 153 | ov_153 | 2.980902855322293 × 10^278 |
| 154 | ov_154 | 1.67115290192745 × 10^278 |
| 155 | ov_155 | 8.355870386128433 × 10^277 |
| 156 | aaa_76_25 | 3.211655609785977 × 10^277 |
| 157 | aaa_76_26 | 1.8556613327558404 × 10^277 |
| 158 | aaa_76_27 | 9.504816076126711 × 10^276 |
| 159 | aaa_76_28 | 3.703667272343773 × 10^276 |
| 160 | aaa_76_29 | 1.127274543921353 × 10^276 |

### Output Bits Sorted by Complexity

| Rank | Output Bit | Complexity |
|:----:|:----------:|:----------:|
| 160 | aaa_76_29 | 1.127274543921353 × 10^276 |
| 159 | aaa_76_28 | 3.703667272343773 × 10^276 |
| 158 | aaa_76_27 | 9.504816076126711 × 10^276 |
| 157 | aaa_76_26 | 1.8556613327558404 × 10^277 |
| 156 | aaa_76_25 | 3.211655609785977 × 10^277 |
| 155 | ov_155 | 8.355870386128433 × 10^277 |
| 154 | ov_154 | 1.67115290192745 × 10^278 |
| 153 | ov_153 | 2.980902855322293 × 10^278 |
| 152 | ov_152 | 4.943030265293246 × 10^278 |
| 151 | ov_151 | 7.760886018692866 × 10^278 |
| 150 | ov_150 | 1.1662985611611677 × 10^279 |
| 149 | ov_149 | 1.6903021790478982 × 10^279 |
| 148 | ov_148 | 2.3759887501883239 × 10^279 |
| 147 | ov_147 | 3.253771694893827 × 10^279 |
| 146 | ov_146 | 4.35659556684123 × 10^279 |
| 145 | ov_145 | 5.719947277593394 × 10^279 |
| 144 | ov_144 | 7.381873026405482 × 10^279 |
| 143 | ov_143 | 9.383002597604982 × 10^279 |
| 142 | ov_142 | 1.1766582861740905 × 10^280 |
| 141 | ov_141 | 1.457852249075537 × 10^280 |
| 140 | ov_140 | 1.7867450071731313 × 10^280 |
| 139 | ov_139 | 2.1684787978466315 × 10^280 |
| 138 | ov_138 | 2.608484453545835 × 10^280 |
| 137 | ov_137 | 3.112492718521721 × 10^280 |
| 136 | ov_136 | 3.6865479547617163 × 10^280 |
| 135 | ov_135 | 4.337024543990482 × 10^280 |
| 134 | ov_134 | 5.070646310874642 × 10^280 |
| 133 | ov_133 | 5.89450931122849 × 10^280 |
| 132 | ov_132 | 6.816108348170283 × 10^280 |
| 131 | ov_131 | 7.839516951409366 × 10^280 |
| 130 | ov_130 | 7.839522269226579 × 10^280 |
| 129 | ov_129 | 7.839544241682332 × 10^280 |
| 128 | aaa_77_29 | 8.394831370925156 × 10^280 |
| 127 | aaa_77_28 | 2.2383716084555725 × 10^281 |
| 126 | ov_126 | 7.007541485478909 × 10^281 |
| 125 | ov_125 | 1.5736261585867672 × 10^282 |
| 124 | ov_124 | 2.9955627988128515 × 10^282 |
| 123 | ov_123 | 5.119675297428524 × 10^282 |
| 122 | ov_122 | 8.099081061391236 × 10^282 |
| 121 | ov_121 | 1.208691553856432 × 10^283 |
| 120 | ov_120 | 1.7236355449348622 × 10^283 |
| 119 | ov_119 | 2.370065625312656 × 10^283 |
| 118 | ov_118 | 3.163320764799818 × 10^283 |
| 117 | ov_117 | 4.118761789959229 × 10^283 |
| 116 | ov_116 | 5.251784481805965 × 10^283 |
| 115 | ov_115 | 6.577838795215785 × 10^283 |
| 114 | ov_114 | 8.112455206212011 × 10^283 |
| 113 | ov_113 | 9.871279193472078 × 10^283 |
| 112 | ov_112 | 1.1870114860702675 × 10^284 |
| 111 | ov_111 | 1.4124978707085353 × 10^284 |
| 110 | ov_110 | 1.665216455399053 × 10^284 |
| 109 | ov_109 | 1.946832063790933 × 10^284 |
| 108 | ov_108 | 2.2590539882487242 × 10^284 |
| 107 | ov_107 | 2.6036464367182614 × 10^284 |
| 106 | ov_106 | 2.982440501701118 × 10^284 |
| 105 | ov_105 | 3.3973477547740772 × 10^284 |
| 104 | ov_104 | 3.850375571450217 × 10^284 |
| 103 | ov_103 | 4.343644292988694 × 10^284 |
| 102 | ov_102 | 4.879406334108532 × 10^284 |
| 101 | ov_101 | 5.460067348541929 × 10^284 |
| 100 | ov_100 | 6.088209568073334 × 10^284 |
| 99 | ov_099 | 6.766617435262829 × 10^284 |
| 98 | ov_098 | 6.766682482921748 × 10^284 |
| 97 | ov_097 | 6.766885940416286 × 10^284 |
| 96 | aaa_78_29 | 1.0250219976823671 × 10^285 |
| 95 | aaa_78_28 | 3.337815086691686 × 10^285 |
| 94 | ov_094 | 1.0809579210037665 × 10^286 |
| 93 | ov_093 | 2.523645710447923 × 10^286 |
| 92 | ov_092 | 5.050749651183856 × 10^286 |
| 91 | ov_091 | 9.157975946013068 × 10^286 |
| 90 | ov_090 | 1.59435796589676 × 10^287 |
| 89 | ov_089 | 2.6719602059853386 × 10^287 |
| 88 | ov_088 | 4.301217662165324 × 10^287 |
| 87 | ov_087 | 6.656209866929849 × 10^287 |
| 86 | ov_086 | 9.932577412073309 × 10^287 |
| 85 | ov_085 | 1.434766688030563 × 10^288 |
| 84 | ov_084 | 2.0140738085612865 × 10^288 |
| 83 | ov_083 | 2.7573245874959732 × 10^288 |
| 82 | ov_082 | 3.6929208746759996 × 10^288 |
| 81 | ov_081 | 4.851567654686606 × 10^288 |
| 64 | lv_79_m31 | 5.64405004469549 × 10^288 |
| 80 | ov_080 | 6.266330951201999 × 10^288 |
| 79 | ov_079 | 7.972708094577931 × 10^288 |
| 78 | ov_078 | 1.0008711583593987 × 10^289 |
| 77 | ov_077 | 1.2414967775966273 × 10^289 |
| 76 | ov_076 | 1.523483164781279 × 10^289 |
| 75 | ov_075 | 1.8514518870268937 × 10^289 |
| 74 | ov_074 | 2.2303256462610804 × 10^289 |
| 73 | ov_073 | 2.6653453296320454 × 10^289 |
| 63 | ov_063 | 2.8960057387923294 × 10^289 |
| 72 | ov_072 | 3.162089174437291 × 10^289 |
| 71 | ov_071 | 3.7264941795572116 × 10^289 |
| 70 | ov_070 | 4.3648798986026907 × 10^289 |
| 69 | ov_069 | 5.083974753993285 × 10^289 |
| 68 | ov_068 | 5.890945016088981 × 10^289 |
| 67 | ov_067 | 6.793426597425845 × 10^289 |
| 66 | ov_066 | 6.793431530113054 × 10^289 |
| 65 | ov_065 | 6.793451685795117 × 10^289 |
| 62 | ov_062 | 1.485666069999612 × 10^290 |
| 61 | ov_061 | 5.415349319211076 × 10^290 |
| 60 | ov_060 | 1.5502235910916638 × 10^291 |
| 59 | ov_059 | 3.740753025713501 × 10^291 |
| 58 | ov_058 | 7.592619526986193 × 10^291 |
| 57 | ov_057 | 1.3719286623041863 × 10^292 |
| 56 | ov_056 | 2.286819067701118 × 10^292 |
| 55 | ov_055 | 3.666819243464189 × 10^292 |
| 54 | ov_054 | 5.613473702236431 × 10^292 |
| 53 | ov_053 | 8.343279705416423 × 10^292 |
| 52 | ov_052 | 1.2099561593350998 × 10^293 |
| 51 | ov_051 | 1.7152498922407373 × 10^293 |
| 50 | ov_050 | 2.379917245361566 × 10^293 |
| 49 | ov_049 | 3.2363637245733502 × 10^293 |
| 48 | ov_048 | 4.3197034206430995 × 10^293 |
| 47 | ov_047 | 5.667775317095333 × 10^293 |
| 32 | lv_80_m31 | 6.5933920013539595 × 10^293 |
| 46 | ov_046 | 7.32116622995892 × 10^293 |
| 45 | ov_045 | 9.323242031707931 × 10^293 |
| 44 | ov_044 | 1.172018898632391 × 10^294 |
| 43 | ov_043 | 1.4561067199001536 × 10^294 |
| 42 | ov_042 | 1.789787836324059 × 10^294 |
| 41 | ov_041 | 2.1785650170657863 × 10^294 |
| 40 | ov_040 | 2.625425792087175 × 10^294 |
| 39 | ov_039 | 3.136511413468226 × 10^294 |
| 31 | ov_031 | 3.381462572767055 × 10^294 |
| 38 | ov_038 | 3.718303702408081 × 10^294 |
| 37 | ov_037 | 4.377642902592731 × 10^294 |
| 36 | ov_036 | 5.1217486746249206 × 10^294 |
| 35 | ov_035 | 5.958244590083371 × 10^294 |
| 34 | ov_034 | 6.895186507305055 × 10^294 |
| 33 | ov_033 | 7.941095235798239 × 10^294 |
| 30 | ov_030 | 1.73387692961576 × 10^295 |
| 29 | ov_029 | 5.672306633600036 × 10^295 |
| 28 | ov_028 | 1.4722398030982673 × 10^296 |
| 27 | ov_027 | 3.2905772253928796 × 10^296 |
| 26 | ov_026 | 6.982292437658515 × 10^296 |
| 25 | ov_025 | 1.3818887229159828 × 10^297 |
| 24 | ov_024 | 2.538332394762532 × 10^297 |
| 23 | ov_023 | 4.357005120113874 × 10^297 |
| 22 | ov_022 | 7.05850690165174 × 10^297 |
| 21 | ov_021 | 1.0894606727535792 × 10^298 |
| 20 | ov_020 | 1.6148267835577918 × 10^298 |
| 19 | ov_019 | 2.3133688990570437 × 10^298 |
| 18 | ov_018 | 3.219636796599014 × 10^298 |
| 17 | ov_017 | 4.371319598806089 × 10^298 |
| 16 | ov_016 | 5.809259398770154 × 10^298 |
| 15 | ov_015 | 7.577470426393521 × 10^298 |
| 14 | ov_014 | 9.723165507088468 × 10^298 |
| 13 | ov_013 | 1.229679186695067 × 10^299 |
| 12 | ov_012 | 1.5352078553594276 × 10^299 |
| 11 | ov_011 | 1.8946097957406026 × 10^299 |
| 10 | ov_010 | 2.313934413430832 × 10^299 |
| 9 | ov_009 | 2.799583084858034 × 10^299 |
| 8 | ov_008 | 3.3583212473346708 × 10^299 |
| 7 | ov_007 | 3.997293110760502 × 10^299 |
| 6 | ov_006 | 4.724039349286619 × 10^299 |
| 5 | ov_005 | 5.546518154051775 × 10^299 |
| 4 | ov_004 | 6.473130051394969 × 10^299 |
| 3 | ov_003 | 7.512746886572744 × 10^299 |
| 2 | ov_002 | 8.674745341109633 × 10^299 |
| 1 | ov_001 | 9.969045377496647 × 10^299 |

