# Results for F001-F002-F003-F004-F005-F006-F007-F008-F009-F010-F011-F012-F013-F014-F015-F016-F017-F018-F019-F020-F021-F022-F023-F024-F025-F026-F027-F028-F029-F030-F031-F032-F033-F034-F035-F036-F037-F038-F039-F040-F041-F042-F043-F044-F045-F046-F047-F048-F049-F050-F051-F052-F053-F054-F055-F056-F057-F058-F059-F060-F061-F062-F063-F064-F065-F066-F067-F068-F069-F070-F071-F072-F073-F074-F075-F076-F077-F078-F079-F080-F081-F082-F083-F084-F085-F086-F087-F088-F089-F090-F091-F092-F093-F094-F095-F096-F097-F098-F099-F100-F101-F102-F103-F104-F105-F106-F107-F108-F109-F110-F111-F112-F113-F114-F115-F116-F117-F118-F119-F120-F121-F122-F123-F124-F125-F126-F127-F128-F129-F130-F131-F132-F133-F134-F135-F136-F137-F138-F139-F140-F141-F142-F143-F144-F145-F146-F147-F148-F149-F150-F151-F152-F153-F154-F155-F156-F157-F158-F159-F160-F161-F162-F163-F164-F165-F166-F167-F168-F169-F170-F171-F172-F173-F174-F175-F176-F177-F178-F179-F180-F181-F182-F183-F184-F185-F186-F187-F188-F189-F190-F191-F192-F193-F194-F195-F196-F197-F198-F199-F200-F201-F202-F203-F204-F205-F206-F207-F208-F209-F210-F211-F212-F213-F214-F215-F216-F217-F218-F219-F220-F221-F222-F223-F224-F225-F226-F227-F228-F229-F230-F231-F232-F233-F234-F235-F236-F237-F238-F239-F240-F241-F242-F243-F244-F245-F246-F247-F248-F249-F250-F251-F252-F253-F254-F255-F256-F257-F258-F259-F260-F261-F262-F263-F264-F265-F266-F267-F268-F269-F270-F271-F272-F273-F274-F275-F276-F277-F278-F279-F280-F281-F282-F283-F284-F285-F286-F287-F288-F289-F290-F291-F292-F293-F294-F295-F296-F297-F298-F299-F300-F301-F302-F303-F304-F305-F306-F307-F308-F309-F310-F311-F312-F313-F314-F315-F316-F317-F318-F319-F320-F321-F322-F323-F324-F325-F326-F327-F328-F329-F330-F331-F332-F333-F334-F335-F336-F337-F338-F339-F340-F341-F342-F343-F344-F345-F346-F347-F348-F349-F350-F351-F352-F353-F354-F355-F356-F357-F358-F359-F360-F361-F362-F363-F364-F365-F366-F367-F368-F369-F370-F371-F372-F373-F374-F375-F376-F377-F378-F379-F380-F381-F382-F383-F384-F385-F386-F387-F388-F389-F390-F391-F392-F393-F394-F395-F396-F397-F398-F399-F400-F401-F402-F403-F404-F405-F406-F407-F408-F409-F410-F411-F412-F413-F414-F415-F416-F417-F418-F419-F420-F421-F422-F423-F424-F425-F426-F427-F428-F429-F430-F431-F432-F433-F434-F435-F436-F437-F438-F439-F440-F441-F442-F443-F444-F445-F446-F447-F448-F449-F450-F451-F452-F453-F454-F455-F456-F457-F458-F459-F460-F461-F462-F463-F464-F465-F466-F467-F468-F469-F470-F471-F472-F473-F474-F475-F476-F477-F478-F479-F480-F481-F482-F483-F484-F485-F486-F487-F488-F489-F490-F491-F492-F493-F494-F495-F496-F497-E506508-F512

## Summary

Number of input bits: 512  
Number of free input bits: 13  
Number of output bits: 160

Number of direct occurrences: 53099  
Number of assignments: 31663  
Number of operations: 11163648
(xor: 11135081,
and: 15045,
or: 13522)

Total complexity: 1.746346829968993 × 10^301

Least occurring input variable: iv_502 (3891)  
Most occurring input variable: iv_510 (4268)

Most co-occurring input variables: iv_509-iv_510 (2128)  
Least co-occurring input variables: iv_498-iv_502 (1762)

Potentially most occurring input variable: iv_507/iv_510 (4497)  
Potentially least occurring input variable: iv_502/iv_505 (4154)

Least output occurring input variable: iv_506 (72)  
Most output occurring input variable: iv_498 (88)

Most output co-occurring input variables: iv_498-iv_499 (48)  
Least output co-occurring input variables: iv_506-iv_510 (31)

Potentially most output occurring input variable: iv_502/iv_503 (96)  
Potentially least output occurring input variable: iv_502/iv_506 (68)

Least complex input bit: iv_511 (3.636724801948889 × 10^297)  
Most complex input bit: iv_510 (4.620698597735673 × 10^300)

Least complex output bit: aaa_76_29 (3.023688269750871 × 10^276)  
Most complex output bit: ov_001 (2.731672448976632 × 10^300)

Least complex input/output complexity: iv_511/aaa_76_29 (6.296757285126543 × 10^272)  
Most complex input/output complexity: iv_510/ov_001 (7.227793951264313 × 10^299)

## Input Bits

### Input Bits in Regular Order

| Input Bit | Complexity | Occurrences | Output Occurrences |
|:---------:|:----------:|:-----------:|:------------------:|
| iv_498 | 2.067722337656886 × 10^298 | 3958 | 88 |
| iv_499 | 4.222938537824255 × 10^298 | 3970 | 81 |
| iv_500 | 7.862310814694799 × 10^298 | 4116 | 76 |
| iv_501 | 1.4256246145910368 × 10^299 | 4055 | 79 |
| iv_502 | 2.4348900644510684 × 10^299 | 3891 | 82 |
| iv_503 | 4.000949343275012 × 10^299 | 4154 | 78 |
| iv_504 | 6.369843496352565 × 10^299 | 3937 | 78 |
| iv_505 | 9.875243021686205 × 10^299 | 3919 | 79 |
| iv_506 | 3.683303358575814 × 10^300 | 4188 | 72 |
| iv_507 | 2.2190110520967557 × 10^300 | 4179 | 76 |
| iv_509 | 4.384633795542395 × 10^300 | 4245 | 80 |
| iv_510 | 4.620698597735673 × 10^300 | 4268 | 74 |
| iv_511 | 3.636724801948889 × 10^297 | 4219 | 80 |

### Input Bits Sorted by Complexity

| Input Bit | Complexity | Occurrences | Output Occurrences |
|:---------:|:----------:|:-----------:|:------------------:|
| iv_511 | 3.636724801948889 × 10^297 | 4219 | 80 |
| iv_498 | 2.067722337656886 × 10^298 | 3958 | 88 |
| iv_499 | 4.222938537824255 × 10^298 | 3970 | 81 |
| iv_500 | 7.862310814694799 × 10^298 | 4116 | 76 |
| iv_501 | 1.4256246145910368 × 10^299 | 4055 | 79 |
| iv_502 | 2.4348900644510684 × 10^299 | 3891 | 82 |
| iv_503 | 4.000949343275012 × 10^299 | 4154 | 78 |
| iv_504 | 6.369843496352565 × 10^299 | 3937 | 78 |
| iv_505 | 9.875243021686205 × 10^299 | 3919 | 79 |
| iv_507 | 2.2190110520967557 × 10^300 | 4179 | 76 |
| iv_506 | 3.683303358575814 × 10^300 | 4188 | 72 |
| iv_509 | 4.384633795542395 × 10^300 | 4245 | 80 |
| iv_510 | 4.620698597735673 × 10^300 | 4268 | 74 |

### Input Bits Sorted by Occurrences

| Input Bit | Complexity | Occurrences | Output Occurrences |
|:---------:|:----------:|:-----------:|:------------------:|
| iv_502 | 2.4348900644510684 × 10^299 | 3891 | 82 |
| iv_505 | 9.875243021686205 × 10^299 | 3919 | 79 |
| iv_504 | 6.369843496352565 × 10^299 | 3937 | 78 |
| iv_498 | 2.067722337656886 × 10^298 | 3958 | 88 |
| iv_499 | 4.222938537824255 × 10^298 | 3970 | 81 |
| iv_501 | 1.4256246145910368 × 10^299 | 4055 | 79 |
| iv_500 | 7.862310814694799 × 10^298 | 4116 | 76 |
| iv_503 | 4.000949343275012 × 10^299 | 4154 | 78 |
| iv_507 | 2.2190110520967557 × 10^300 | 4179 | 76 |
| iv_506 | 3.683303358575814 × 10^300 | 4188 | 72 |
| iv_511 | 3.636724801948889 × 10^297 | 4219 | 80 |
| iv_509 | 4.384633795542395 × 10^300 | 4245 | 80 |
| iv_510 | 4.620698597735673 × 10^300 | 4268 | 74 |

### Input Bits Sorted by Output Occurrences

| Input Bit | Complexity | Occurrences | Output Occurrences |
|:---------:|:----------:|:-----------:|:------------------:|
| iv_506 | 3.683303358575814 × 10^300 | 4188 | 72 |
| iv_510 | 4.620698597735673 × 10^300 | 4268 | 74 |
| iv_500 | 7.862310814694799 × 10^298 | 4116 | 76 |
| iv_507 | 2.2190110520967557 × 10^300 | 4179 | 76 |
| iv_503 | 4.000949343275012 × 10^299 | 4154 | 78 |
| iv_504 | 6.369843496352565 × 10^299 | 3937 | 78 |
| iv_501 | 1.4256246145910368 × 10^299 | 4055 | 79 |
| iv_505 | 9.875243021686205 × 10^299 | 3919 | 79 |
| iv_509 | 4.384633795542395 × 10^300 | 4245 | 80 |
| iv_511 | 3.636724801948889 × 10^297 | 4219 | 80 |
| iv_499 | 4.222938537824255 × 10^298 | 3970 | 81 |
| iv_502 | 2.4348900644510684 × 10^299 | 3891 | 82 |
| iv_498 | 2.067722337656886 × 10^298 | 3958 | 88 |

## Input Bit Co-occurrences

### Input Bit Co-occurrences Sorted by Co-occurrences

| Input Bits | Co-occurrences | Potential Occurrences | Output Co-occurrences | Potential Output Occurrences |
|:----------:|:--------------:|:---------------------:|:---------------------:|:----------------------------:|
| iv_509-iv_510 | 2128 | 4257 | 37 | 80 |
| iv_506-iv_509 | 2080 | 4273 | 38 | 76 |
| iv_509-iv_511 | 2078 | 4308 | 37 | 86 |
| iv_500-iv_511 | 2078 | 4179 | 38 | 80 |
| iv_510-iv_511 | 2076 | 4335 | 39 | 76 |
| iv_500-iv_510 | 2059 | 4266 | 38 | 74 |
| iv_501-iv_511 | 2054 | 4166 | 41 | 77 |
| iv_506-iv_510 | 2045 | 4366 | 31 | 84 |
| iv_507-iv_509 | 2032 | 4360 | 38 | 80 |
| iv_506-iv_511 | 2028 | 4351 | 35 | 82 |
| iv_503-iv_509 | 2028 | 4343 | 38 | 82 |
| iv_503-iv_511 | 2026 | 4321 | 37 | 84 |
| iv_503-iv_510 | 2025 | 4372 | 38 | 76 |

### Input Bit Co-occurrences Sorted by Potential Occurrences

| Input Bits | Co-occurrences | Potential Occurrences | Output Co-occurrences | Potential Output Occurrences |
|:----------:|:--------------:|:---------------------:|:---------------------:|:----------------------------:|
| iv_502-iv_505 | 1828 | 4154 | 36 | 89 |
| iv_501-iv_505 | 1906 | 4162 | 36 | 86 |
| iv_504-iv_505 | 1847 | 4162 | 41 | 75 |
| iv_501-iv_511 | 2054 | 4166 | 41 | 77 |
| iv_499-iv_504 | 1866 | 4175 | 38 | 83 |
| iv_498-iv_501 | 1917 | 4179 | 40 | 87 |
| iv_500-iv_511 | 2078 | 4179 | 38 | 80 |
| iv_499-iv_505 | 1853 | 4183 | 42 | 76 |
| iv_500-iv_505 | 1922 | 4191 | 42 | 71 |
| iv_499-iv_501 | 1913 | 4199 | 37 | 86 |
| iv_499-iv_509 | 2007 | 4201 | 43 | 75 |
| iv_505-iv_510 | 1991 | 4205 | 40 | 73 |
| iv_498-iv_504 | 1845 | 4205 | 46 | 74 |

### Input Bit Output Co-occurrences Sorted by Output Co-occurrences

| Input Bits | Co-occurrences | Potential Occurrences | Output Co-occurrences | Potential Output Occurrences |
|:----------:|:--------------:|:---------------------:|:---------------------:|:----------------------------:|
| iv_498-iv_499 | 1830 | 4268 | 48 | 73 |
| iv_498-iv_502 | 1762 | 4325 | 46 | 78 |
| iv_498-iv_504 | 1845 | 4205 | 46 | 74 |
| iv_502-iv_511 | 1921 | 4268 | 45 | 72 |
| iv_502-iv_506 | 1840 | 4399 | 43 | 68 |
| iv_498-iv_503 | 1874 | 4364 | 43 | 80 |
| iv_498-iv_507 | 1900 | 4337 | 43 | 78 |
| iv_498-iv_511 | 1893 | 4391 | 43 | 82 |
| iv_499-iv_509 | 2007 | 4201 | 43 | 75 |
| iv_502-iv_504 | 1807 | 4214 | 42 | 76 |
| iv_503-iv_505 | 1924 | 4225 | 42 | 73 |
| iv_498-iv_510 | 1953 | 4320 | 42 | 78 |
| iv_499-iv_500 | 1895 | 4296 | 42 | 73 |

### Input Bit Output Co-occurrences Sorted by Potential Output Occurrences

| Input Bits | Co-occurrences | Potential Occurrences | Output Co-occurrences | Potential Output Occurrences |
|:----------:|:--------------:|:---------------------:|:---------------------:|:----------------------------:|
| iv_502-iv_506 | 1840 | 4399 | 43 | 68 |
| iv_500-iv_505 | 1922 | 4191 | 42 | 71 |
| iv_502-iv_511 | 1921 | 4268 | 45 | 72 |
| iv_503-iv_505 | 1924 | 4225 | 42 | 73 |
| iv_498-iv_499 | 1830 | 4268 | 48 | 73 |
| iv_499-iv_500 | 1895 | 4296 | 42 | 73 |
| iv_500-iv_501 | 1961 | 4249 | 41 | 73 |
| iv_501-iv_510 | 1939 | 4445 | 40 | 73 |
| iv_505-iv_510 | 1991 | 4205 | 40 | 73 |
| iv_498-iv_504 | 1845 | 4205 | 46 | 74 |
| iv_500-iv_510 | 2059 | 4266 | 38 | 74 |
| iv_502-iv_507 | 1899 | 4272 | 42 | 74 |
| iv_504-iv_505 | 1847 | 4162 | 41 | 75 |

## Output Bits

### Output Bits in Regular Order

| Rank | Output Bit | Complexity |
|:----:|:----------:|:----------:|
| 1 | ov_001 | 2.731672448976632 × 10^300 |
| 2 | ov_002 | 2.3768975991644094 × 10^300 |
| 3 | ov_003 | 2.0583877954893266 × 10^300 |
| 4 | ov_004 | 1.773425600191809 × 10^300 |
| 5 | ov_005 | 1.5194420175292797 × 10^300 |
| 6 | ov_006 | 1.2940060130972999 × 10^300 |
| 7 | ov_007 | 1.09481540644512 × 10^300 |
| 8 | ov_008 | 9.196890100982701 × 10^299 |
| 9 | ov_009 | 7.665598948790783 × 10^299 |
| 10 | ov_010 | 6.3346966795046875 × 10^299 |
| 11 | ov_011 | 5.185636563427124 × 10^299 |
| 12 | ov_012 | 4.200868948952584 × 10^299 |
| 13 | ov_013 | 3.3638082358919377 × 10^299 |
| 14 | ov_014 | 2.6588060518842085 × 10^299 |
| 15 | ov_015 | 2.071129799728997 × 10^299 |
| 16 | ov_016 | 1.5869458015487232 × 10^299 |
| 17 | ov_017 | 1.1933063233471595 × 10^299 |
| 18 | ov_018 | 8.781398208951188 × 10^298 |
| 19 | ov_019 | 6.302438050413533 × 10^298 |
| 20 | ov_020 | 4.392797815866605 × 10^298 |
| 21 | ov_021 | 2.9576977782011367 × 10^298 |
| 22 | ov_022 | 1.910940247299393 × 10^298 |
| 23 | ov_023 | 1.1748943706037332 × 10^298 |
| 24 | ov_024 | 6.804863552111818 × 10^297 |
| 25 | ov_025 | 3.671934692284097 × 10^297 |
| 26 | ov_026 | 1.8304066269758646 × 10^297 |
| 27 | ov_027 | 8.459889801720287 × 10^296 |
| 28 | ov_028 | 3.6984468317596434 × 10^296 |
| 29 | ov_029 | 1.3858777971332396 × 10^296 |
| 30 | ov_030 | 4.188795573281387 × 10^295 |
| 31 | ov_031 | 9.270719922512782 × 10^294 |
| 32 | lv_80_m31 | 1.807336205584911 × 10^294 |
| 33 | ov_033 | 2.1702003328569186 × 10^295 |
| 34 | ov_034 | 1.8832589807853562 × 10^295 |
| 35 | ov_035 | 1.6261364391884586 × 10^295 |
| 36 | ov_036 | 1.3965741240408858 × 10^295 |
| 37 | ov_037 | 1.1924366140749377 × 10^295 |
| 38 | ov_038 | 1.0117029935033577 × 10^295 |
| 39 | ov_039 | 8.524593333412331 × 10^294 |
| 40 | ov_040 | 7.128922031996778 × 10^294 |
| 41 | ov_041 | 5.912831120182958 × 10^294 |
| 42 | ov_042 | 4.860037824556058 × 10^294 |
| 43 | ov_043 | 3.955121696074244 × 10^294 |
| 44 | ov_044 | 3.183491404109305 × 10^294 |
| 45 | ov_045 | 2.5313573555218798 × 10^294 |
| 46 | ov_046 | 1.9857094096020555 × 10^294 |
| 47 | ov_047 | 1.5342990107136248 × 10^294 |
| 48 | ov_048 | 1.165625110118394 × 10^294 |
| 49 | ov_049 | 8.689232969755837 × 10^293 |
| 50 | ov_050 | 6.341576061342827 × 10^293 |
| 51 | ov_051 | 4.52014517261838 × 10^293 |
| 52 | ov_052 | 3.1389870624958293 × 10^293 |
| 53 | ov_053 | 2.119301558549457 × 10^293 |
| 54 | ov_054 | 1.3894227829528175 × 10^293 |
| 55 | ov_055 | 8.848074809739668 × 10^292 |
| 56 | ov_056 | 5.480279933089727 × 10^292 |
| 57 | ov_057 | 3.287681495637901 × 10^292 |
| 58 | ov_058 | 1.8382101085428277 × 10^292 |
| 59 | ov_059 | 9.336022317378452 × 10^291 |
| 60 | ov_060 | 4.1113309793897286 × 10^291 |
| 61 | ov_061 | 1.4361534979376157 × 10^291 |
| 62 | ov_062 | 3.9398645694864425 × 10^290 |
| 63 | ov_063 | 7.679690915865618 × 10^289 |
| 64 | lv_79_m31 | 1.496645735851089 × 10^289 |
| 65 | ov_065 | 1.799764016813747 × 10^290 |
| 66 | ov_066 | 1.7997586604191182 × 10^290 |
| 67 | ov_067 | 1.799757349534251 × 10^290 |
| 68 | ov_068 | 1.560306010499813 × 10^290 |
| 69 | ov_069 | 1.3462224227216323 × 10^290 |
| 70 | ov_070 | 1.1554774101005619 × 10^290 |
| 71 | ov_071 | 9.861666133503746 × 10^289 |
| 72 | ov_072 | 8.365020395926327 × 10^289 |
| 73 | ov_073 | 7.048043598551992 × 10^289 |
| 74 | ov_074 | 5.894959146764423 × 10^289 |
| 75 | ov_075 | 4.890943895830499 × 10^289 |
| 76 | ov_076 | 4.022071235030988 × 10^289 |
| 77 | ov_077 | 3.2752601423119294 × 10^289 |
| 78 | ov_078 | 2.6382298591044217 × 10^289 |
| 79 | ov_079 | 2.0994598416599515 × 10^289 |
| 80 | ov_080 | 1.6481546504378612 × 10^289 |
| 81 | ov_081 | 1.2742134430095548 × 10^289 |
| 82 | ov_082 | 9.682037388377878 × 10^288 |
| 83 | ov_083 | 7.213391263544793 × 10^288 |
| 84 | ov_084 | 5.254605841810582 × 10^288 |
| 85 | ov_085 | 3.7302108927416546 × 10^288 |
| 86 | ov_086 | 2.570731853766643 × 10^288 |
| 87 | ov_087 | 1.7125918552230185 × 10^288 |
| 88 | ov_088 | 1.0980368256356346 × 10^288 |
| 89 | ov_089 | 6.750804181968065 × 10^287 |
| 90 | ov_090 | 3.974655001044183 × 10^287 |
| 91 | ov_091 | 2.246389467562844 × 10^287 |
| 92 | ov_092 | 1.2173651026651552 × 10^287 |
| 93 | ov_093 | 5.957469286961393 × 10^286 |
| 94 | ov_094 | 2.4981263453538495 × 10^286 |
| 95 | aaa_78_28 | 7.621931782525037 × 10^285 |
| 96 | aaa_78_29 | 2.723977113441833 × 10^285 |
| 97 | ov_097 | 1.798434486006132 × 10^285 |
| 98 | ov_098 | 1.7983804733066323 × 10^285 |
| 99 | ov_099 | 1.798363207191134 × 10^285 |
| 100 | ov_100 | 1.6181121957825653 × 10^285 |
| 101 | ov_101 | 1.4512071504985544 × 10^285 |
| 102 | ov_102 | 1.296909898460762 × 10^285 |
| 103 | ov_103 | 1.1545358964024913 × 10^285 |
| 104 | ov_104 | 1.023447409512804 × 10^285 |
| 105 | ov_105 | 9.030473023792767 × 10^284 |
| 106 | ov_106 | 7.92773409774116 × 10^284 |
| 107 | ov_107 | 6.920934562776354 × 10^284 |
| 108 | ov_108 | 6.005004947548708 × 10^284 |
| 109 | ov_109 | 5.175088345254601 × 10^284 |
| 110 | ov_110 | 4.426504307213079 × 10^284 |
| 111 | ov_111 | 3.754717068350962 × 10^284 |
| 112 | ov_112 | 3.1553078284837484 × 10^284 |
| 113 | ov_113 | 2.6239508161199225 × 10^284 |
| 114 | ov_114 | 2.156392863533412 × 10^284 |
| 115 | ov_115 | 1.748436223218179 × 10^284 |
| 116 | ov_116 | 1.3959243567172436 × 10^284 |
| 117 | ov_117 | 1.0947304273442815 × 10^284 |
| 118 | ov_118 | 8.407482286087035 × 10^283 |
| 119 | ov_119 | 6.298852803101337 × 10^283 |
| 120 | ov_120 | 4.58057824350694 × 10^283 |
| 121 | ov_121 | 3.2118745235892873 × 10^283 |
| 122 | ov_122 | 2.1519897698032533 × 10^283 |
| 123 | ov_123 | 1.360190719205307 × 10^283 |
| 124 | ov_124 | 7.957539306082584 × 10^282 |
| 125 | ov_125 | 4.179604893643084 × 10^282 |
| 126 | ov_126 | 1.8609313747885476 × 10^282 |
| 127 | aaa_77_28 | 5.94350516569123 × 10^281 |
| 128 | aaa_77_29 | 2.2288348572819533 × 10^281 |
| 129 | ov_129 | 2.078612015780588 × 10^281 |
| 130 | ov_130 | 2.0786061189996317 × 10^281 |
| 131 | ov_131 | 2.0786046913533068 × 10^281 |
| 132 | ov_132 | 1.805554310576655 × 10^281 |
| 133 | ov_133 | 1.5606664219025448 × 10^281 |
| 134 | ov_134 | 1.341821919769709 × 10^281 |
| 135 | ov_135 | 1.1470172347752026 × 10^281 |
| 136 | ov_136 | 9.743560797800948 × 10^280 |
| 137 | ov_137 | 8.2204228990513885 × 10^280 |
| 138 | ov_138 | 6.883736554549377 × 10^280 |
| 139 | ov_139 | 5.717366520547079 × 10^280 |
| 140 | ov_140 | 4.706019773582496 × 10^280 |
| 141 | ov_141 | 3.8352080862405694 × 10^280 |
| 142 | ov_142 | 3.0912170028879627 × 10^280 |
| 143 | ov_143 | 2.4610804541901244 × 10^280 |
| 144 | ov_144 | 1.9325602961406899 × 10^280 |
| 145 | ov_145 | 1.4941301058308288 × 10^280 |
| 146 | ov_146 | 1.134962612395232 × 10^280 |
| 147 | ov_147 | 8.449201875937163 × 10^279 |
| 148 | ov_148 | 6.145478663952753 × 10^279 |
| 149 | ov_149 | 4.350684137716411 × 10^279 |
| 150 | ov_150 | 2.9837899970737755 × 10^279 |
| 151 | ov_151 | 1.9704909020824912 × 10^279 |
| 152 | ov_152 | 1.2431920784791111 × 10^279 |
| 153 | ov_153 | 7.410026114086512 × 10^278 |
| 154 | ov_154 | 4.097319798959662 × 10^278 |
| 155 | ov_155 | 2.0188818599686584 × 10^278 |
| 156 | aaa_76_25 | 7.667673615293747 × 10^277 |
| 157 | aaa_76_26 | 4.35166385308089 × 10^277 |
| 158 | aaa_76_27 | 2.238287971140077 × 10^277 |
| 159 | aaa_76_28 | 9.927199105129057 × 10^276 |
| 160 | aaa_76_29 | 3.023688269750871 × 10^276 |

### Output Bits Sorted by Complexity

| Rank | Output Bit | Complexity |
|:----:|:----------:|:----------:|
| 160 | aaa_76_29 | 3.023688269750871 × 10^276 |
| 159 | aaa_76_28 | 9.927199105129057 × 10^276 |
| 158 | aaa_76_27 | 2.238287971140077 × 10^277 |
| 157 | aaa_76_26 | 4.35166385308089 × 10^277 |
| 156 | aaa_76_25 | 7.667673615293747 × 10^277 |
| 155 | ov_155 | 2.0188818599686584 × 10^278 |
| 154 | ov_154 | 4.097319798959662 × 10^278 |
| 153 | ov_153 | 7.410026114086512 × 10^278 |
| 152 | ov_152 | 1.2431920784791111 × 10^279 |
| 151 | ov_151 | 1.9704909020824912 × 10^279 |
| 150 | ov_150 | 2.9837899970737755 × 10^279 |
| 149 | ov_149 | 4.350684137716411 × 10^279 |
| 148 | ov_148 | 6.145478663952753 × 10^279 |
| 147 | ov_147 | 8.449201875937163 × 10^279 |
| 146 | ov_146 | 1.134962612395232 × 10^280 |
| 145 | ov_145 | 1.4941301058308288 × 10^280 |
| 144 | ov_144 | 1.9325602961406899 × 10^280 |
| 143 | ov_143 | 2.4610804541901244 × 10^280 |
| 142 | ov_142 | 3.0912170028879627 × 10^280 |
| 141 | ov_141 | 3.8352080862405694 × 10^280 |
| 140 | ov_140 | 4.706019773582496 × 10^280 |
| 139 | ov_139 | 5.717366520547079 × 10^280 |
| 138 | ov_138 | 6.883736554549377 × 10^280 |
| 137 | ov_137 | 8.2204228990513885 × 10^280 |
| 136 | ov_136 | 9.743560797800948 × 10^280 |
| 135 | ov_135 | 1.1470172347752026 × 10^281 |
| 134 | ov_134 | 1.341821919769709 × 10^281 |
| 133 | ov_133 | 1.5606664219025448 × 10^281 |
| 132 | ov_132 | 1.805554310576655 × 10^281 |
| 131 | ov_131 | 2.0786046913533068 × 10^281 |
| 130 | ov_130 | 2.0786061189996317 × 10^281 |
| 129 | ov_129 | 2.078612015780588 × 10^281 |
| 128 | aaa_77_29 | 2.2288348572819533 × 10^281 |
| 127 | aaa_77_28 | 5.94350516569123 × 10^281 |
| 126 | ov_126 | 1.8609313747885476 × 10^282 |
| 125 | ov_125 | 4.179604893643084 × 10^282 |
| 124 | ov_124 | 7.957539306082584 × 10^282 |
| 123 | ov_123 | 1.360190719205307 × 10^283 |
| 122 | ov_122 | 2.1519897698032533 × 10^283 |
| 121 | ov_121 | 3.2118745235892873 × 10^283 |
| 120 | ov_120 | 4.58057824350694 × 10^283 |
| 119 | ov_119 | 6.298852803101337 × 10^283 |
| 118 | ov_118 | 8.407482286087035 × 10^283 |
| 117 | ov_117 | 1.0947304273442815 × 10^284 |
| 116 | ov_116 | 1.3959243567172436 × 10^284 |
| 115 | ov_115 | 1.748436223218179 × 10^284 |
| 114 | ov_114 | 2.156392863533412 × 10^284 |
| 113 | ov_113 | 2.6239508161199225 × 10^284 |
| 112 | ov_112 | 3.1553078284837484 × 10^284 |
| 111 | ov_111 | 3.754717068350962 × 10^284 |
| 110 | ov_110 | 4.426504307213079 × 10^284 |
| 109 | ov_109 | 5.175088345254601 × 10^284 |
| 108 | ov_108 | 6.005004947548708 × 10^284 |
| 107 | ov_107 | 6.920934562776354 × 10^284 |
| 106 | ov_106 | 7.92773409774116 × 10^284 |
| 105 | ov_105 | 9.030473023792767 × 10^284 |
| 104 | ov_104 | 1.023447409512804 × 10^285 |
| 103 | ov_103 | 1.1545358964024913 × 10^285 |
| 102 | ov_102 | 1.296909898460762 × 10^285 |
| 101 | ov_101 | 1.4512071504985544 × 10^285 |
| 100 | ov_100 | 1.6181121957825653 × 10^285 |
| 99 | ov_099 | 1.798363207191134 × 10^285 |
| 98 | ov_098 | 1.7983804733066323 × 10^285 |
| 97 | ov_097 | 1.798434486006132 × 10^285 |
| 96 | aaa_78_29 | 2.723977113441833 × 10^285 |
| 95 | aaa_78_28 | 7.621931782525037 × 10^285 |
| 94 | ov_094 | 2.4981263453538495 × 10^286 |
| 93 | ov_093 | 5.957469286961393 × 10^286 |
| 92 | ov_092 | 1.2173651026651552 × 10^287 |
| 91 | ov_091 | 2.246389467562844 × 10^287 |
| 90 | ov_090 | 3.974655001044183 × 10^287 |
| 89 | ov_089 | 6.750804181968065 × 10^287 |
| 88 | ov_088 | 1.0980368256356346 × 10^288 |
| 87 | ov_087 | 1.7125918552230185 × 10^288 |
| 86 | ov_086 | 2.570731853766643 × 10^288 |
| 85 | ov_085 | 3.7302108927416546 × 10^288 |
| 84 | ov_084 | 5.254605841810582 × 10^288 |
| 83 | ov_083 | 7.213391263544793 × 10^288 |
| 82 | ov_082 | 9.682037388377878 × 10^288 |
| 81 | ov_081 | 1.2742134430095548 × 10^289 |
| 64 | lv_79_m31 | 1.496645735851089 × 10^289 |
| 80 | ov_080 | 1.6481546504378612 × 10^289 |
| 79 | ov_079 | 2.0994598416599515 × 10^289 |
| 78 | ov_078 | 2.6382298591044217 × 10^289 |
| 77 | ov_077 | 3.2752601423119294 × 10^289 |
| 76 | ov_076 | 4.022071235030988 × 10^289 |
| 75 | ov_075 | 4.890943895830499 × 10^289 |
| 74 | ov_074 | 5.894959146764423 × 10^289 |
| 73 | ov_073 | 7.048043598551992 × 10^289 |
| 63 | ov_063 | 7.679690915865618 × 10^289 |
| 72 | ov_072 | 8.365020395926327 × 10^289 |
| 71 | ov_071 | 9.861666133503746 × 10^289 |
| 70 | ov_070 | 1.1554774101005619 × 10^290 |
| 69 | ov_069 | 1.3462224227216323 × 10^290 |
| 68 | ov_068 | 1.560306010499813 × 10^290 |
| 67 | ov_067 | 1.799757349534251 × 10^290 |
| 66 | ov_066 | 1.7997586604191182 × 10^290 |
| 65 | ov_065 | 1.799764016813747 × 10^290 |
| 62 | ov_062 | 3.9398645694864425 × 10^290 |
| 61 | ov_061 | 1.4361534979376157 × 10^291 |
| 60 | ov_060 | 4.1113309793897286 × 10^291 |
| 59 | ov_059 | 9.336022317378452 × 10^291 |
| 58 | ov_058 | 1.8382101085428277 × 10^292 |
| 57 | ov_057 | 3.287681495637901 × 10^292 |
| 56 | ov_056 | 5.480279933089727 × 10^292 |
| 55 | ov_055 | 8.848074809739668 × 10^292 |
| 54 | ov_054 | 1.3894227829528175 × 10^293 |
| 53 | ov_053 | 2.119301558549457 × 10^293 |
| 52 | ov_052 | 3.1389870624958293 × 10^293 |
| 51 | ov_051 | 4.52014517261838 × 10^293 |
| 50 | ov_050 | 6.341576061342827 × 10^293 |
| 49 | ov_049 | 8.689232969755837 × 10^293 |
| 48 | ov_048 | 1.165625110118394 × 10^294 |
| 47 | ov_047 | 1.5342990107136248 × 10^294 |
| 32 | lv_80_m31 | 1.807336205584911 × 10^294 |
| 46 | ov_046 | 1.9857094096020555 × 10^294 |
| 45 | ov_045 | 2.5313573555218798 × 10^294 |
| 44 | ov_044 | 3.183491404109305 × 10^294 |
| 43 | ov_043 | 3.955121696074244 × 10^294 |
| 42 | ov_042 | 4.860037824556058 × 10^294 |
| 41 | ov_041 | 5.912831120182958 × 10^294 |
| 40 | ov_040 | 7.128922031996778 × 10^294 |
| 39 | ov_039 | 8.524593333412331 × 10^294 |
| 31 | ov_031 | 9.270719922512782 × 10^294 |
| 38 | ov_038 | 1.0117029935033577 × 10^295 |
| 37 | ov_037 | 1.1924366140749377 × 10^295 |
| 36 | ov_036 | 1.3965741240408858 × 10^295 |
| 35 | ov_035 | 1.6261364391884586 × 10^295 |
| 34 | ov_034 | 1.8832589807853562 × 10^295 |
| 33 | ov_033 | 2.1702003328569186 × 10^295 |
| 30 | ov_030 | 4.188795573281387 × 10^295 |
| 29 | ov_029 | 1.3858777971332396 × 10^296 |
| 28 | ov_028 | 3.6984468317596434 × 10^296 |
| 27 | ov_027 | 8.459889801720287 × 10^296 |
| 26 | ov_026 | 1.8304066269758646 × 10^297 |
| 25 | ov_025 | 3.671934692284097 × 10^297 |
| 24 | ov_024 | 6.804863552111818 × 10^297 |
| 23 | ov_023 | 1.1748943706037332 × 10^298 |
| 22 | ov_022 | 1.910940247299393 × 10^298 |
| 21 | ov_021 | 2.9576977782011367 × 10^298 |
| 20 | ov_020 | 4.392797815866605 × 10^298 |
| 19 | ov_019 | 6.302438050413533 × 10^298 |
| 18 | ov_018 | 8.781398208951188 × 10^298 |
| 17 | ov_017 | 1.1933063233471595 × 10^299 |
| 16 | ov_016 | 1.5869458015487232 × 10^299 |
| 15 | ov_015 | 2.071129799728997 × 10^299 |
| 14 | ov_014 | 2.6588060518842085 × 10^299 |
| 13 | ov_013 | 3.3638082358919377 × 10^299 |
| 12 | ov_012 | 4.200868948952584 × 10^299 |
| 11 | ov_011 | 5.185636563427124 × 10^299 |
| 10 | ov_010 | 6.3346966795046875 × 10^299 |
| 9 | ov_009 | 7.665598948790783 × 10^299 |
| 8 | ov_008 | 9.196890100982701 × 10^299 |
| 7 | ov_007 | 1.09481540644512 × 10^300 |
| 6 | ov_006 | 1.2940060130972999 × 10^300 |
| 5 | ov_005 | 1.5194420175292797 × 10^300 |
| 4 | ov_004 | 1.773425600191809 × 10^300 |
| 3 | ov_003 | 2.0583877954893266 × 10^300 |
| 2 | ov_002 | 2.3768975991644094 × 10^300 |
| 1 | ov_001 | 2.731672448976632 × 10^300 |

