# Results for F001-F002-F003-F004-F005-F006-F007-F008-F009-F010-F011-F012-F013-F014-F015-F016-F017-F018-F019-F020-F021-F022-F023-F024-F025-F026-F027-F028-F029-F030-F031-F032-F033-F034-F035-F036-F037-F038-F039-F040-F041-F042-F043-F044-F045-F046-F047-F048-F049-F050-F051-F052-F053-F054-F055-F056-F057-F058-F059-F060-F061-F062-F063-F064-F065-F066-F067-F068-F069-F070-F071-F072-F073-F074-F075-F076-F077-F078-F079-F080-F081-F082-F083-F084-F085-F086-F087-F088-F089-F090-F091-F092-F093-F094-F095-F096-F097-F098-F099-F100-F101-F102-F103-F104-F105-F106-F107-F108-F109-F110-F111-F112-F113-F114-F115-F116-F117-F118-F119-F120-F121-F122-F123-F124-F125-F126-F127-F128-F129-F130-F131-F132-F133-F134-F135-F136-F137-F138-F139-F140-F141-F142-F143-F144-F145-F146-F147-F148-F149-F150-F151-F152-F153-F154-F155-F156-F157-F158-F159-F160-F161-F162-F163-F164-F165-F166-F167-F168-F169-F170-F171-F172-F173-F174-F175-F176-F177-F178-F179-F180-F181-F182-F183-F184-F185-F186-F187-F188-F189-F190-F191-F192-F193-F194-F195-F196-F197-F198-F199-F200-F201-F202-F203-F204-F205-F206-F207-F208-F209-F210-F211-F212-F213-F214-F215-F216-F217-F218-F219-F220-F221-F222-F223-F224-F225-F226-F227-F228-F229-F230-F231-F232-F233-F234-F235-F236-F237-F238-F239-F240-F241-F242-F243-F244-F245-F246-F247-F248-F249-F250-F251-F252-F253-F254-F255-F256-F257-F258-F259-F260-F261-F262-F263-F264-F265-F266-F267-F268-F269-F270-F271-F272-F273-F274-F275-F276-F277-F278-F279-F280-F281-F282-F283-F284-F285-F286-F287-F288-F289-F290-F291-F292-F293-F294-F295-F296-F297-F298-F299-F300-F301-F302-F303-F304-F305-F306-F307-F308-F309-F310-F311-F312-F313-F314-F315-F316-F317-F318-F319-F320-F321-F322-F323-F324-F325-F326-F327-F328-F329-F330-F331-F332-F333-F334-F335-F336-F337-F338-F339-F340-F341-F342-F343-F344-F345-F346-F347-F348-F349-F350-F351-F352-F353-F354-F355-F356-F357-F358-F359-F360-F361-F362-F363-F364-F365-F366-F367-F368-F369-F370-F371-F372-F373-F374-F375-F376-F377-F378-F379-F380-F381-F382-F383-F384-F385-F386-F387-F388-F389-F390-F391-F392-F393-F394-F395-F396-F397-F398-F399-F400-F401-F402-F403-F404-F405-F406-F407-F408-F409-F410-F411-F412-F413-F414-F415-F416-F417-F418-F419-F420-F421-F422-F423-F424-F425-F426-F427-F428-F429-F430-F431-F432-F433-F434-F435-F436-F437-F438-F439-F440-F441-F442-F443-F444-F445-F446-F447-F448-F449-F450-F451-F452-F453-F454-F455-F456-F457-F458-F459-F460-F461-F462-F463-F464-F465-F466-F467-F468-F469-F470-F471-F472-F473-F474-F475-F476-F477-F478-F479-F480-F481-F482-F483-F484-F485-F486-F487-F488-F489-F490-F491-F492-F493-F494-F495-F496-E500511-O504506-E507512

## Summary

Number of input bits: 512  
Number of free input bits: 13  
Number of output bits: 160

Number of direct occurrences: 54485  
Number of assignments: 32505  
Number of operations: 12023064
(xor: 11993499,
and: 15804,
or: 13761)

Total complexity: 4.987678212516754 × 10^309

Least occurring input variable: iv_502 (3940)  
Most occurring input variable: iv_507 (4495)

Most co-occurring input variables: iv_500-iv_504 (2151)  
Least co-occurring input variables: iv_498-iv_502 (1795)

Potentially most occurring input variable: iv_504/iv_507 (4712)  
Potentially least occurring input variable: iv_497/iv_499 (4196)

Least output occurring input variable: iv_498 (77)  
Most output occurring input variable: iv_501 (90)

Most output co-occurring input variables: iv_497-iv_507 (51)  
Least output co-occurring input variables: iv_502-iv_510 (34)

Potentially most output occurring input variable: iv_497/iv_510 (92)  
Potentially least output occurring input variable: iv_498/iv_509 (64)

Least complex input bit: iv_497 (3.5162182330703994 × 10^306)  
Most complex input bit: iv_510 (1.2238535687117733 × 10^309)

Least complex output bit: aaa_76_29 (1.312570873265365 × 10^284)  
Most complex output bit: ov_001 (7.760063288605946 × 10^308)

Least complex input/output complexity: iv_497/aaa_76_29 (9.253374897343202 × 10^280)  
Most complex input/output complexity: iv_510/ov_001 (1.9041286836340185 × 10^308)

## Input Bits

### Input Bits in Regular Order

| Input Bit | Complexity | Occurrences | Output Occurrences |
|:---------:|:----------:|:-----------:|:------------------:|
| iv_497 | 3.5162182330703994 × 10^306 | 4139 | 88 |
| iv_498 | 7.09296623508151 × 10^306 | 4033 | 77 |
| iv_499 | 1.2628600724572018 × 10^307 | 4277 | 87 |
| iv_500 | 3.838304326340505 × 10^308 | 4341 | 80 |
| iv_501 | 3.647323831891348 × 10^307 | 4175 | 90 |
| iv_502 | 5.928313994685781 × 10^307 | 3940 | 79 |
| iv_503 | 9.353718630061447 × 10^307 | 4170 | 84 |
| iv_504 | 4.676263095028913 × 10^308 | 4377 | 87 |
| iv_505 | 2.177601370806653 × 10^308 | 4009 | 83 |
| iv_507 | 8.914316938421104 × 10^308 | 4495 | 83 |
| iv_508 | 6.708329691602662 × 10^308 | 4156 | 79 |
| iv_509 | 9.198117518258897 × 10^308 | 4162 | 83 |
| iv_510 | 1.2238535687117733 × 10^309 | 4211 | 80 |

### Input Bits Sorted by Complexity

| Input Bit | Complexity | Occurrences | Output Occurrences |
|:---------:|:----------:|:-----------:|:------------------:|
| iv_497 | 3.5162182330703994 × 10^306 | 4139 | 88 |
| iv_498 | 7.09296623508151 × 10^306 | 4033 | 77 |
| iv_499 | 1.2628600724572018 × 10^307 | 4277 | 87 |
| iv_501 | 3.647323831891348 × 10^307 | 4175 | 90 |
| iv_502 | 5.928313994685781 × 10^307 | 3940 | 79 |
| iv_503 | 9.353718630061447 × 10^307 | 4170 | 84 |
| iv_505 | 2.177601370806653 × 10^308 | 4009 | 83 |
| iv_500 | 3.838304326340505 × 10^308 | 4341 | 80 |
| iv_504 | 4.676263095028913 × 10^308 | 4377 | 87 |
| iv_508 | 6.708329691602662 × 10^308 | 4156 | 79 |
| iv_507 | 8.914316938421104 × 10^308 | 4495 | 83 |
| iv_509 | 9.198117518258897 × 10^308 | 4162 | 83 |
| iv_510 | 1.2238535687117733 × 10^309 | 4211 | 80 |

### Input Bits Sorted by Occurrences

| Input Bit | Complexity | Occurrences | Output Occurrences |
|:---------:|:----------:|:-----------:|:------------------:|
| iv_502 | 5.928313994685781 × 10^307 | 3940 | 79 |
| iv_505 | 2.177601370806653 × 10^308 | 4009 | 83 |
| iv_498 | 7.09296623508151 × 10^306 | 4033 | 77 |
| iv_497 | 3.5162182330703994 × 10^306 | 4139 | 88 |
| iv_508 | 6.708329691602662 × 10^308 | 4156 | 79 |
| iv_509 | 9.198117518258897 × 10^308 | 4162 | 83 |
| iv_503 | 9.353718630061447 × 10^307 | 4170 | 84 |
| iv_501 | 3.647323831891348 × 10^307 | 4175 | 90 |
| iv_510 | 1.2238535687117733 × 10^309 | 4211 | 80 |
| iv_499 | 1.2628600724572018 × 10^307 | 4277 | 87 |
| iv_500 | 3.838304326340505 × 10^308 | 4341 | 80 |
| iv_504 | 4.676263095028913 × 10^308 | 4377 | 87 |
| iv_507 | 8.914316938421104 × 10^308 | 4495 | 83 |

### Input Bits Sorted by Output Occurrences

| Input Bit | Complexity | Occurrences | Output Occurrences |
|:---------:|:----------:|:-----------:|:------------------:|
| iv_498 | 7.09296623508151 × 10^306 | 4033 | 77 |
| iv_502 | 5.928313994685781 × 10^307 | 3940 | 79 |
| iv_508 | 6.708329691602662 × 10^308 | 4156 | 79 |
| iv_500 | 3.838304326340505 × 10^308 | 4341 | 80 |
| iv_510 | 1.2238535687117733 × 10^309 | 4211 | 80 |
| iv_505 | 2.177601370806653 × 10^308 | 4009 | 83 |
| iv_509 | 9.198117518258897 × 10^308 | 4162 | 83 |
| iv_507 | 8.914316938421104 × 10^308 | 4495 | 83 |
| iv_503 | 9.353718630061447 × 10^307 | 4170 | 84 |
| iv_499 | 1.2628600724572018 × 10^307 | 4277 | 87 |
| iv_504 | 4.676263095028913 × 10^308 | 4377 | 87 |
| iv_497 | 3.5162182330703994 × 10^306 | 4139 | 88 |
| iv_501 | 3.647323831891348 × 10^307 | 4175 | 90 |

## Input Bit Co-occurrences

### Input Bit Co-occurrences Sorted by Co-occurrences

| Input Bits | Co-occurrences | Potential Occurrences | Output Co-occurrences | Potential Output Occurrences |
|:----------:|:--------------:|:---------------------:|:---------------------:|:----------------------------:|
| iv_500-iv_504 | 2151 | 4416 | 46 | 75 |
| iv_497-iv_499 | 2110 | 4196 | 48 | 79 |
| iv_499-iv_500 | 2107 | 4404 | 41 | 85 |
| iv_499-iv_510 | 2103 | 4282 | 46 | 75 |
| iv_500-iv_507 | 2093 | 4650 | 41 | 81 |
| iv_499-iv_507 | 2090 | 4592 | 40 | 90 |
| iv_499-iv_509 | 2081 | 4277 | 43 | 84 |
| iv_504-iv_507 | 2080 | 4712 | 44 | 82 |
| iv_499-iv_504 | 2079 | 4496 | 46 | 82 |
| iv_499-iv_508 | 2078 | 4277 | 44 | 78 |
| iv_497-iv_507 | 2065 | 4504 | 51 | 69 |
| iv_507-iv_510 | 2054 | 4598 | 40 | 83 |
| iv_501-iv_507 | 2050 | 4570 | 46 | 81 |

### Input Bit Co-occurrences Sorted by Potential Occurrences

| Input Bits | Co-occurrences | Potential Occurrences | Output Co-occurrences | Potential Output Occurrences |
|:----------:|:--------------:|:---------------------:|:---------------------:|:----------------------------:|
| iv_497-iv_499 | 2110 | 4196 | 48 | 79 |
| iv_502-iv_505 | 1874 | 4201 | 39 | 84 |
| iv_501-iv_502 | 1937 | 4241 | 41 | 87 |
| iv_498-iv_510 | 1998 | 4248 | 38 | 81 |
| iv_498-iv_509 | 1960 | 4275 | 48 | 64 |
| iv_499-iv_509 | 2081 | 4277 | 43 | 84 |
| iv_499-iv_508 | 2078 | 4277 | 44 | 78 |
| iv_497-iv_501 | 2017 | 4280 | 50 | 78 |
| iv_499-iv_510 | 2103 | 4282 | 46 | 75 |
| iv_499-iv_502 | 1965 | 4287 | 46 | 74 |
| iv_498-iv_503 | 1953 | 4297 | 46 | 69 |
| iv_498-iv_508 | 1945 | 4299 | 40 | 76 |
| iv_501-iv_510 | 2042 | 4302 | 47 | 76 |

### Input Bit Output Co-occurrences Sorted by Output Co-occurrences

| Input Bits | Co-occurrences | Potential Occurrences | Output Co-occurrences | Potential Output Occurrences |
|:----------:|:--------------:|:---------------------:|:---------------------:|:----------------------------:|
| iv_497-iv_507 | 2065 | 4504 | 51 | 69 |
| iv_497-iv_501 | 2017 | 4280 | 50 | 78 |
| iv_501-iv_503 | 1979 | 4387 | 50 | 74 |
| iv_504-iv_505 | 1978 | 4430 | 49 | 72 |
| iv_497-iv_503 | 1997 | 4315 | 49 | 74 |
| iv_499-iv_501 | 2027 | 4398 | 49 | 79 |
| iv_497-iv_499 | 2110 | 4196 | 48 | 79 |
| iv_497-iv_509 | 1998 | 4305 | 48 | 75 |
| iv_498-iv_509 | 1960 | 4275 | 48 | 64 |
| iv_497-iv_502 | 1872 | 4335 | 47 | 73 |
| iv_498-iv_499 | 1977 | 4356 | 47 | 70 |
| iv_502-iv_504 | 1975 | 4367 | 47 | 72 |
| iv_501-iv_510 | 2042 | 4302 | 47 | 76 |

### Input Bit Output Co-occurrences Sorted by Potential Output Occurrences

| Input Bits | Co-occurrences | Potential Occurrences | Output Co-occurrences | Potential Output Occurrences |
|:----------:|:--------------:|:---------------------:|:---------------------:|:----------------------------:|
| iv_498-iv_509 | 1960 | 4275 | 48 | 64 |
| iv_498-iv_502 | 1795 | 4383 | 45 | 66 |
| iv_505-iv_508 | 1922 | 4321 | 47 | 68 |
| iv_497-iv_507 | 2065 | 4504 | 51 | 69 |
| iv_498-iv_503 | 1953 | 4297 | 46 | 69 |
| iv_498-iv_499 | 1977 | 4356 | 47 | 70 |
| iv_503-iv_508 | 1983 | 4360 | 46 | 71 |
| iv_498-iv_505 | 1860 | 4322 | 44 | 72 |
| iv_502-iv_504 | 1975 | 4367 | 47 | 72 |
| iv_504-iv_505 | 1978 | 4430 | 49 | 72 |
| iv_497-iv_502 | 1872 | 4335 | 47 | 73 |
| iv_498-iv_500 | 1958 | 4458 | 42 | 73 |
| iv_500-iv_508 | 1993 | 4511 | 43 | 73 |

## Output Bits

### Output Bits in Regular Order

| Rank | Output Bit | Complexity |
|:----:|:----------:|:----------:|
| 1 | ov_001 | 7.760063288605946 × 10^308 |
| 2 | ov_002 | 6.756621466449083 × 10^308 |
| 3 | ov_003 | 5.855484657858377 × 10^308 |
| 4 | ov_004 | 5.0489809806307215 × 10^308 |
| 5 | ov_005 | 4.329860281892624 × 10^308 |
| 6 | ov_006 | 3.691264445292319 × 10^308 |
| 7 | ov_007 | 3.126701521624532 × 10^308 |
| 8 | ov_008 | 2.6300233336761302 × 10^308 |
| 9 | ov_009 | 2.195406224864691 × 10^308 |
| 10 | ov_010 | 1.8173346393273227 × 10^308 |
| 11 | ov_011 | 1.4905872386271017 × 10^308 |
| 12 | ov_012 | 1.2102252772867048 × 10^308 |
| 13 | ov_013 | 9.715829760263685 × 10^307 |
| 14 | ov_014 | 7.702596479560085 × 10^307 |
| 15 | ov_015 | 6.021133491165842 × 10^307 |
| 16 | ov_016 | 4.632558407397659 × 10^307 |
| 17 | ov_017 | 3.5004866644350223 × 10^307 |
| 18 | ov_018 | 2.5910016334079173 × 10^307 |
| 19 | ov_019 | 1.8726324173823035 × 10^307 |
| 20 | ov_020 | 1.3163378376090137 × 10^307 |
| 21 | ov_021 | 8.954952687591236 × 10^306 |
| 22 | ov_022 | 5.858931390836793 × 10^306 |
| 23 | ov_023 | 3.657260675702706 × 10^306 |
| 24 | ov_024 | 2.1559180124147225 × 10^306 |
| 25 | ov_025 | 1.1848936699952605 × 10^306 |
| 26 | ov_026 | 5.981805828525044 × 10^305 |
| 27 | ov_027 | 2.73769577628029 × 10^305 |
| 28 | ov_028 | 1.1364748882444163 × 10^305 |
| 29 | ov_029 | 4.379655149993564 × 10^304 |
| 30 | ov_030 | 1.3390204135517623 × 10^304 |
| 31 | ov_031 | 2.6119491144195737 × 10^303 |
| 32 | lv_80_m31 | 5.093944332405486 × 10^302 |
| 33 | ov_033 | 6.160376206814553 × 10^303 |
| 34 | ov_034 | 5.356330828449511 × 10^303 |
| 35 | ov_035 | 4.634965087568227 × 10^303 |
| 36 | ov_036 | 3.990042936047903 × 10^303 |
| 37 | ov_037 | 3.41567155471202 × 10^303 |
| 38 | ov_038 | 2.9062771214398164 × 10^303 |
| 39 | ov_039 | 2.4565836905666783 × 10^303 |
| 40 | ov_040 | 2.061594903103429 × 10^303 |
| 41 | ov_041 | 1.7165782613426805 × 10^303 |
| 42 | ov_042 | 1.4170517151501597 × 10^303 |
| 43 | ov_043 | 1.1587723207377587 × 10^303 |
| 44 | ov_044 | 9.377267460443416 × 10^302 |
| 45 | ov_045 | 7.501234100547942 × 10^302 |
| 46 | ov_046 | 5.9238605649772475 × 10^302 |
| 47 | ov_047 | 4.611485753974111 × 10^302 |
| 48 | ov_048 | 3.532508989299541 × 10^302 |
| 49 | ov_049 | 2.6573581095842107 × 10^302 |
| 50 | ov_050 | 1.9584652250692713 × 10^302 |
| 51 | ov_051 | 1.4102487828787738 × 10^302 |
| 52 | ov_052 | 9.891007222755686 × 10^301 |
| 53 | ov_053 | 6.733776274936385 × 10^301 |
| 54 | ov_054 | 4.4339491376701933 × 10^301 |
| 55 | ov_055 | 2.8142321013211264 × 10^301 |
| 56 | ov_056 | 1.7168623049250302 × 10^301 |
| 57 | ov_057 | 1.0035957262550654 × 10^301 |
| 58 | ov_058 | 5.557006560586042 × 10^300 |
| 59 | ov_059 | 2.739544238199574 × 10^300 |
| 60 | ov_060 | 1.1362269679438158 × 10^300 |
| 61 | ov_061 | 3.972477292424564 × 10^299 |
| 62 | ov_062 | 1.0907339112624058 × 10^299 |
| 63 | ov_063 | 2.128040421053748 × 10^298 |
| 64 | lv_79_m31 | 4.150977114912767 × 10^297 |
| 65 | ov_065 | 5.015041686638146 × 10^298 |
| 66 | ov_066 | 5.015028502604446 × 10^298 |
| 67 | ov_067 | 5.015025336227318 × 10^298 |
| 68 | ov_068 | 4.362536804296088 × 10^298 |
| 69 | ov_069 | 3.776425327258743 × 10^298 |
| 70 | ov_070 | 3.2518461998842535 × 10^298 |
| 71 | ov_071 | 2.784196625015704 × 10^298 |
| 72 | ov_072 | 2.369098913447851 × 10^298 |
| 73 | ov_073 | 2.002386526575059 × 10^298 |
| 74 | ov_074 | 1.6800926301692873 × 10^298 |
| 75 | ov_075 | 1.3984408453920716 × 10^298 |
| 76 | ov_076 | 1.1538379001803527 × 10^298 |
| 77 | ov_077 | 9.428679005940354 × 10^297 |
| 78 | ov_078 | 7.622879576791768 × 10^297 |
| 79 | ov_079 | 6.090249209769832 × 10^297 |
| 80 | ov_080 | 4.801729850748207 × 10^297 |
| 81 | ov_081 | 3.72991950619037 × 10^297 |
| 82 | ov_082 | 2.849059360474654 × 10^297 |
| 83 | ov_083 | 2.1350237008053554 × 10^297 |
| 84 | ov_084 | 1.5653116504592902 × 10^297 |
| 85 | ov_085 | 1.119040356579056 × 10^297 |
| 86 | ov_086 | 7.769394879618622 × 10^296 |
| 87 | ov_087 | 5.2134689847984505 × 10^296 |
| 88 | ov_088 | 3.3620531187823393 × 10^296 |
| 89 | ov_089 | 2.070598837601496 × 10^296 |
| 90 | ov_090 | 1.2105649659971704 × 10^296 |
| 91 | ov_091 | 6.694064364095459 × 10^295 |
| 92 | ov_092 | 3.5056758753350873 × 10^295 |
| 93 | ov_093 | 1.734785643281147 × 10^295 |
| 94 | ov_094 | 7.355364584172663 × 10^294 |
| 95 | aaa_78_28 | 2.2495883829506226 × 10^294 |
| 96 | aaa_78_29 | 6.804722802592581 × 10^293 |
| 97 | ov_097 | 3.5556788117516204 × 10^293 |
| 98 | ov_098 | 3.5556548633575497 × 10^293 |
| 99 | ov_099 | 3.5556472044766614 × 10^293 |
| 100 | ov_100 | 2.9985777442276802 × 10^293 |
| 101 | ov_101 | 2.5101892051119715 × 10^293 |
| 102 | ov_102 | 2.084550577486588 × 10^293 |
| 103 | ov_103 | 1.71606034630953 × 10^293 |
| 104 | ov_104 | 1.3994226334051975 × 10^293 |
| 105 | ov_105 | 1.129626337222209 × 10^293 |
| 106 | ov_106 | 9.019270029122635 × 10^292 |
| 107 | ov_107 | 7.118311697437392 × 10^292 |
| 108 | ov_108 | 5.550829564902463 × 10^292 |
| 109 | ov_109 | 4.2765265860036406 × 10^292 |
| 110 | ov_110 | 3.257271437458301 × 10^292 |
| 111 | ov_111 | 2.457018448361067 × 10^292 |
| 112 | ov_112 | 1.8417416184157918 × 10^292 |
| 113 | ov_113 | 1.3793809584000615 × 10^292 |
| 114 | ov_114 | 1.0397995063659517 × 10^292 |
| 115 | ov_115 | 7.947494914442085 × 10^291 |
| 116 | ov_116 | 6.178462347861888 × 10^291 |
| 117 | ov_117 | 4.845484943802292 × 10^291 |
| 118 | ov_118 | 3.721440773894912 × 10^291 |
| 119 | ov_119 | 2.788210291995525 × 10^291 |
| 120 | ov_120 | 2.0277187141560984 × 10^291 |
| 121 | ov_121 | 1.4219187305070029 × 10^291 |
| 122 | ov_122 | 9.52779149177756 × 10^290 |
| 123 | ov_123 | 6.022779293590603 × 10^290 |
| 124 | ov_124 | 3.523978291051357 × 10^290 |
| 125 | ov_125 | 1.85123705217636 × 10^290 |
| 126 | ov_126 | 8.244113371769122 × 10^289 |
| 127 | aaa_77_28 | 2.633587935305483 × 10^289 |
| 128 | aaa_77_29 | 9.879173410590877 × 10^288 |
| 129 | ov_129 | 9.272510079185809 × 10^288 |
| 130 | ov_130 | 9.272484478472633 × 10^288 |
| 131 | ov_131 | 9.272478277393804 × 10^288 |
| 132 | ov_132 | 8.06622318365514 × 10^288 |
| 133 | ov_133 | 6.983466534042306 × 10^288 |
| 134 | ov_134 | 6.014937804122219 × 10^288 |
| 135 | ov_135 | 5.151874574804577 × 10^288 |
| 136 | ov_136 | 4.385986485936697 × 10^288 |
| 137 | ov_137 | 3.709423880170461 × 10^288 |
| 138 | ov_138 | 3.114750708787853 × 10^288 |
| 139 | ov_139 | 2.5949212936618672 × 10^288 |
| 140 | ov_140 | 2.1432605612504842 × 10^288 |
| 141 | ov_141 | 1.75344738562276 × 10^288 |
| 142 | ov_142 | 1.4195006981274154 × 10^288 |
| 143 | ov_143 | 1.1357680415461123 × 10^288 |
| 144 | ov_144 | 8.969162665188116 × 10^287 |
| 145 | ov_145 | 6.979240877640319 × 10^287 |
| 146 | ov_146 | 5.340762372042446 × 10^287 |
| 147 | ov_147 | 4.0095897059450425 × 10^287 |
| 148 | ov_148 | 2.9445670367687424 × 10^287 |
| 149 | ov_149 | 2.10749573269724 × 10^287 |
| 150 | ov_150 | 1.46311738065876 × 10^287 |
| 151 | ov_151 | 9.79102532662745 × 10^286 |
| 152 | ov_152 | 6.260437252140599 × 10^286 |
| 153 | ov_153 | 3.7745149993959475 × 10^286 |
| 154 | ov_154 | 2.0975234694980212 × 10^286 |
| 155 | ov_155 | 1.0228771380072789 × 10^286 |
| 156 | aaa_76_25 | 3.7313542953775605 × 10^285 |
| 157 | aaa_76_26 | 2.1568605870999675 × 10^285 |
| 158 | aaa_76_27 | 1.105299112745615 × 10^285 |
| 159 | aaa_76_28 | 4.309659669073346 × 10^284 |
| 160 | aaa_76_29 | 1.312570873265365 × 10^284 |

### Output Bits Sorted by Complexity

| Rank | Output Bit | Complexity |
|:----:|:----------:|:----------:|
| 160 | aaa_76_29 | 1.312570873265365 × 10^284 |
| 159 | aaa_76_28 | 4.309659669073346 × 10^284 |
| 158 | aaa_76_27 | 1.105299112745615 × 10^285 |
| 157 | aaa_76_26 | 2.1568605870999675 × 10^285 |
| 156 | aaa_76_25 | 3.7313542953775605 × 10^285 |
| 155 | ov_155 | 1.0228771380072789 × 10^286 |
| 154 | ov_154 | 2.0975234694980212 × 10^286 |
| 153 | ov_153 | 3.7745149993959475 × 10^286 |
| 152 | ov_152 | 6.260437252140599 × 10^286 |
| 151 | ov_151 | 9.79102532662745 × 10^286 |
| 150 | ov_150 | 1.46311738065876 × 10^287 |
| 149 | ov_149 | 2.10749573269724 × 10^287 |
| 148 | ov_148 | 2.9445670367687424 × 10^287 |
| 147 | ov_147 | 4.0095897059450425 × 10^287 |
| 146 | ov_146 | 5.340762372042446 × 10^287 |
| 145 | ov_145 | 6.979240877640319 × 10^287 |
| 144 | ov_144 | 8.969162665188116 × 10^287 |
| 143 | ov_143 | 1.1357680415461123 × 10^288 |
| 142 | ov_142 | 1.4195006981274154 × 10^288 |
| 141 | ov_141 | 1.75344738562276 × 10^288 |
| 140 | ov_140 | 2.1432605612504842 × 10^288 |
| 139 | ov_139 | 2.5949212936618672 × 10^288 |
| 138 | ov_138 | 3.114750708787853 × 10^288 |
| 137 | ov_137 | 3.709423880170461 × 10^288 |
| 136 | ov_136 | 4.385986485936697 × 10^288 |
| 135 | ov_135 | 5.151874574804577 × 10^288 |
| 134 | ov_134 | 6.014937804122219 × 10^288 |
| 133 | ov_133 | 6.983466534042306 × 10^288 |
| 132 | ov_132 | 8.06622318365514 × 10^288 |
| 131 | ov_131 | 9.272478277393804 × 10^288 |
| 130 | ov_130 | 9.272484478472633 × 10^288 |
| 129 | ov_129 | 9.272510079185809 × 10^288 |
| 128 | aaa_77_29 | 9.879173410590877 × 10^288 |
| 127 | aaa_77_28 | 2.633587935305483 × 10^289 |
| 126 | ov_126 | 8.244113371769122 × 10^289 |
| 125 | ov_125 | 1.85123705217636 × 10^290 |
| 124 | ov_124 | 3.523978291051357 × 10^290 |
| 123 | ov_123 | 6.022779293590603 × 10^290 |
| 122 | ov_122 | 9.52779149177756 × 10^290 |
| 121 | ov_121 | 1.4219187305070029 × 10^291 |
| 120 | ov_120 | 2.0277187141560984 × 10^291 |
| 119 | ov_119 | 2.788210291995525 × 10^291 |
| 118 | ov_118 | 3.721440773894912 × 10^291 |
| 117 | ov_117 | 4.845484943802292 × 10^291 |
| 116 | ov_116 | 6.178462347861888 × 10^291 |
| 115 | ov_115 | 7.947494914442085 × 10^291 |
| 114 | ov_114 | 1.0397995063659517 × 10^292 |
| 113 | ov_113 | 1.3793809584000615 × 10^292 |
| 112 | ov_112 | 1.8417416184157918 × 10^292 |
| 111 | ov_111 | 2.457018448361067 × 10^292 |
| 110 | ov_110 | 3.257271437458301 × 10^292 |
| 109 | ov_109 | 4.2765265860036406 × 10^292 |
| 108 | ov_108 | 5.550829564902463 × 10^292 |
| 107 | ov_107 | 7.118311697437392 × 10^292 |
| 106 | ov_106 | 9.019270029122635 × 10^292 |
| 105 | ov_105 | 1.129626337222209 × 10^293 |
| 104 | ov_104 | 1.3994226334051975 × 10^293 |
| 103 | ov_103 | 1.71606034630953 × 10^293 |
| 102 | ov_102 | 2.084550577486588 × 10^293 |
| 101 | ov_101 | 2.5101892051119715 × 10^293 |
| 100 | ov_100 | 2.9985777442276802 × 10^293 |
| 99 | ov_099 | 3.5556472044766614 × 10^293 |
| 98 | ov_098 | 3.5556548633575497 × 10^293 |
| 97 | ov_097 | 3.5556788117516204 × 10^293 |
| 96 | aaa_78_29 | 6.804722802592581 × 10^293 |
| 95 | aaa_78_28 | 2.2495883829506226 × 10^294 |
| 94 | ov_094 | 7.355364584172663 × 10^294 |
| 93 | ov_093 | 1.734785643281147 × 10^295 |
| 92 | ov_092 | 3.5056758753350873 × 10^295 |
| 91 | ov_091 | 6.694064364095459 × 10^295 |
| 90 | ov_090 | 1.2105649659971704 × 10^296 |
| 89 | ov_089 | 2.070598837601496 × 10^296 |
| 88 | ov_088 | 3.3620531187823393 × 10^296 |
| 87 | ov_087 | 5.2134689847984505 × 10^296 |
| 86 | ov_086 | 7.769394879618622 × 10^296 |
| 85 | ov_085 | 1.119040356579056 × 10^297 |
| 84 | ov_084 | 1.5653116504592902 × 10^297 |
| 83 | ov_083 | 2.1350237008053554 × 10^297 |
| 82 | ov_082 | 2.849059360474654 × 10^297 |
| 81 | ov_081 | 3.72991950619037 × 10^297 |
| 64 | lv_79_m31 | 4.150977114912767 × 10^297 |
| 80 | ov_080 | 4.801729850748207 × 10^297 |
| 79 | ov_079 | 6.090249209769832 × 10^297 |
| 78 | ov_078 | 7.622879576791768 × 10^297 |
| 77 | ov_077 | 9.428679005940354 × 10^297 |
| 76 | ov_076 | 1.1538379001803527 × 10^298 |
| 75 | ov_075 | 1.3984408453920716 × 10^298 |
| 74 | ov_074 | 1.6800926301692873 × 10^298 |
| 73 | ov_073 | 2.002386526575059 × 10^298 |
| 63 | ov_063 | 2.128040421053748 × 10^298 |
| 72 | ov_072 | 2.369098913447851 × 10^298 |
| 71 | ov_071 | 2.784196625015704 × 10^298 |
| 70 | ov_070 | 3.2518461998842535 × 10^298 |
| 69 | ov_069 | 3.776425327258743 × 10^298 |
| 68 | ov_068 | 4.362536804296088 × 10^298 |
| 67 | ov_067 | 5.015025336227318 × 10^298 |
| 66 | ov_066 | 5.015028502604446 × 10^298 |
| 65 | ov_065 | 5.015041686638146 × 10^298 |
| 62 | ov_062 | 1.0907339112624058 × 10^299 |
| 61 | ov_061 | 3.972477292424564 × 10^299 |
| 60 | ov_060 | 1.1362269679438158 × 10^300 |
| 59 | ov_059 | 2.739544238199574 × 10^300 |
| 58 | ov_058 | 5.557006560586042 × 10^300 |
| 57 | ov_057 | 1.0035957262550654 × 10^301 |
| 56 | ov_056 | 1.7168623049250302 × 10^301 |
| 55 | ov_055 | 2.8142321013211264 × 10^301 |
| 54 | ov_054 | 4.4339491376701933 × 10^301 |
| 53 | ov_053 | 6.733776274936385 × 10^301 |
| 52 | ov_052 | 9.891007222755686 × 10^301 |
| 51 | ov_051 | 1.4102487828787738 × 10^302 |
| 50 | ov_050 | 1.9584652250692713 × 10^302 |
| 49 | ov_049 | 2.6573581095842107 × 10^302 |
| 48 | ov_048 | 3.532508989299541 × 10^302 |
| 47 | ov_047 | 4.611485753974111 × 10^302 |
| 32 | lv_80_m31 | 5.093944332405486 × 10^302 |
| 46 | ov_046 | 5.9238605649772475 × 10^302 |
| 45 | ov_045 | 7.501234100547942 × 10^302 |
| 44 | ov_044 | 9.377267460443416 × 10^302 |
| 43 | ov_043 | 1.1587723207377587 × 10^303 |
| 42 | ov_042 | 1.4170517151501597 × 10^303 |
| 41 | ov_041 | 1.7165782613426805 × 10^303 |
| 40 | ov_040 | 2.061594903103429 × 10^303 |
| 39 | ov_039 | 2.4565836905666783 × 10^303 |
| 31 | ov_031 | 2.6119491144195737 × 10^303 |
| 38 | ov_038 | 2.9062771214398164 × 10^303 |
| 37 | ov_037 | 3.41567155471202 × 10^303 |
| 36 | ov_036 | 3.990042936047903 × 10^303 |
| 35 | ov_035 | 4.634965087568227 × 10^303 |
| 34 | ov_034 | 5.356330828449511 × 10^303 |
| 33 | ov_033 | 6.160376206814553 × 10^303 |
| 30 | ov_030 | 1.3390204135517623 × 10^304 |
| 29 | ov_029 | 4.379655149993564 × 10^304 |
| 28 | ov_028 | 1.1364748882444163 × 10^305 |
| 27 | ov_027 | 2.73769577628029 × 10^305 |
| 26 | ov_026 | 5.981805828525044 × 10^305 |
| 25 | ov_025 | 1.1848936699952605 × 10^306 |
| 24 | ov_024 | 2.1559180124147225 × 10^306 |
| 23 | ov_023 | 3.657260675702706 × 10^306 |
| 22 | ov_022 | 5.858931390836793 × 10^306 |
| 21 | ov_021 | 8.954952687591236 × 10^306 |
| 20 | ov_020 | 1.3163378376090137 × 10^307 |
| 19 | ov_019 | 1.8726324173823035 × 10^307 |
| 18 | ov_018 | 2.5910016334079173 × 10^307 |
| 17 | ov_017 | 3.5004866644350223 × 10^307 |
| 16 | ov_016 | 4.632558407397659 × 10^307 |
| 15 | ov_015 | 6.021133491165842 × 10^307 |
| 14 | ov_014 | 7.702596479560085 × 10^307 |
| 13 | ov_013 | 9.715829760263685 × 10^307 |
| 12 | ov_012 | 1.2102252772867048 × 10^308 |
| 11 | ov_011 | 1.4905872386271017 × 10^308 |
| 10 | ov_010 | 1.8173346393273227 × 10^308 |
| 9 | ov_009 | 2.195406224864691 × 10^308 |
| 8 | ov_008 | 2.6300233336761302 × 10^308 |
| 7 | ov_007 | 3.126701521624532 × 10^308 |
| 6 | ov_006 | 3.691264445292319 × 10^308 |
| 5 | ov_005 | 4.329860281892624 × 10^308 |
| 4 | ov_004 | 5.0489809806307215 × 10^308 |
| 3 | ov_003 | 5.855484657858377 × 10^308 |
| 2 | ov_002 | 6.756621466449083 × 10^308 |
| 1 | ov_001 | 7.760063288605946 × 10^308 |

