# Results for F001-F002-F003-F004-F005-F006-F007-F008-F009-F010-F011-F012-F013-F014-F015-F016-F017-F018-F019-F020-F021-F022-F023-F024-F025-F026-F027-F028-F029-F030-F031-F032-F033-F034-F035-F036-F037-F038-F039-F040-F041-F042-F043-F044-F045-F046-F047-F048-F049-F050-F051-F052-F053-F054-F055-F056-F057-F058-F059-F060-F061-F062-F063-F064-F065-F066-F067-F068-F069-F070-F071-F072-F073-F074-F075-F076-F077-F078-F079-F080-F081-F082-F083-F084-F085-F086-F087-F088-F089-F090-F091-F092-F093-F094-F095-F096-F097-F098-F099-F100-F101-F102-F103-F104-F105-F106-F107-F108-F109-F110-F111-F112-F113-F114-F115-F116-F117-F118-F119-F120-F121-F122-F123-F124-F125-F126-F127-F128-F129-F130-F131-F132-F133-F134-F135-F136-F137-F138-F139-F140-F141-F142-F143-F144-F145-F146-F147-F148-F149-F150-F151-F152-F153-F154-F155-F156-F157-F158-F159-F160-F161-F162-F163-F164-F165-F166-F167-F168-F169-F170-F171-F172-F173-F174-F175-F176-F177-F178-F179-F180-F181-F182-F183-F184-F185-F186-F187-F188-F189-F190-F191-F192-F193-F194-F195-F196-F197-F198-F199-F200-F201-F202-F203-F204-F205-F206-F207-F208-F209-F210-F211-F212-F213-F214-F215-F216-F217-F218-F219-F220-F221-F222-F223-F224-F225-F226-F227-F228-F229-F230-F231-F232-F233-F234-F235-F236-F237-F238-F239-F240-F241-F242-F243-F244-F245-F246-F247-F248-F249-F250-F251-F252-F253-F254-F255-F256-F257-F258-F259-F260-F261-F262-F263-F264-F265-F266-F267-F268-F269-F270-F271-F272-F273-F274-F275-F276-F277-F278-F279-F280-F281-F282-F283-F284-F285-F286-F287-F288-F289-F290-F291-F292-F293-F294-F295-F296-F297-F298-F299-F300-F301-F302-F303-F304-F305-F306-F307-F308-F309-F310-F311-F312-F313-F314-F315-F316-F317-F318-F319-F320-F321-F322-F323-F324-F325-F326-F327-F328-F329-F330-F331-F332-F333-F334-F335-F336-F337-F338-F339-F340-F341-F342-F343-F344-F345-F346-F347-F348-F349-F350-F351-F352-F353-F354-F355-F356-F357-F358-F359-F360-F361-F362-F363-F364-F365-F366-F367-F368-F369-F370-F371-F372-F373-F374-F375-F376-F377-F378-F379-F380-F381-F382-F383-F384-F385-F386-F387-F388-F389-F390-F391-F392-F393-F394-F395-F396-F397-F398-F399-F400-F401-F402-F403-F404-F405-F406-F407-F408-F409-F410-F411-F412-F413-F414-F415-F416-F417-F418-F419-F420-F421-F422-F423-F424-F425-F426-F427-F428-F429-F430-F431-F432-F433-F434-F435-F436-F437-F438-F439-F440-F441-F442-F443-F444-F445-F446-F447-F448-F449-F450-F451-F452-F453-F454-F455-F456-F457-F458-F459-F460-F461-F462-F463-F464-F465-F466-F467-F468-F469-F470-F471-F472-F473-F474-F475-F476-F477-F478-F479-F480-F481-F482-F483-F484-F485-F486-F487-F488-F489-F490-F491-F492-F493-F494-F495-F496-O508509-F510-F512

## Summary

Number of input bits: 512  
Number of free input bits: 13  
Number of output bits: 160

Number of direct occurrences: 53948  
Number of assignments: 31938  
Number of operations: 11655431
(xor: 11626398,
and: 15491,
or: 13542)

Total complexity: 1.9305239995097512 × 10^305

Least occurring input variable: iv_498 (3939)  
Most occurring input variable: iv_508 (4350)

Most co-occurring input variables: iv_506-iv_507 (2114)  
Least co-occurring input variables: iv_498-iv_502 (1756)

Potentially most occurring input variable: iv_506/iv_508 (4677)  
Potentially least occurring input variable: iv_499/iv_500 (4193)

Least output occurring input variable: iv_507 (68)  
Most output occurring input variable: iv_503 (92)

Most output co-occurring input variables: iv_503-iv_505 (56)  
Least output co-occurring input variables: iv_498-iv_507 (27)

Potentially most output occurring input variable: iv_501/iv_508 (99)  
Potentially least output occurring input variable: iv_506/iv_507 (62)

Least complex input bit: iv_511 (3.675145033875389 × 10^301)  
Most complex input bit: iv_505 (5.11656046808477 × 10^304)

Least complex output bit: aaa_76_29 (4.843145832772347 × 10^279)  
Most complex output bit: ov_001 (3.0180932712141235 × 10^304)

Least complex input/output complexity: iv_511/aaa_76_29 (9.219913018521203 × 10^275)  
Most complex input/output complexity: iv_505/ov_001 (7.998997538703656 × 10^303)

## Input Bits

### Input Bits in Regular Order

| Input Bit | Complexity | Occurrences | Output Occurrences |
|:---------:|:----------:|:-----------:|:------------------:|
| iv_497 | 8.541469405035107 × 10^302 | 4137 | 77 |
| iv_498 | 1.7028112897152857 × 10^303 | 3939 | 69 |
| iv_499 | 2.9979754272626924 × 10^303 | 4137 | 83 |
| iv_500 | 5.044378866161775 × 10^303 | 4138 | 84 |
| iv_501 | 8.333513709502968 × 10^303 | 4155 | 79 |
| iv_502 | 1.3484372463505005 × 10^304 | 3941 | 84 |
| iv_503 | 2.1433475982141358 × 10^304 | 4178 | 92 |
| iv_504 | 3.341303641273731 × 10^304 | 4019 | 72 |
| iv_505 | 5.11656046808477 × 10^304 | 4237 | 91 |
| iv_506 | 2.585776939476584 × 10^304 | 4229 | 84 |
| iv_507 | 2.781170420708415 × 10^304 | 4325 | 68 |
| iv_508 | 9.168591264086583 × 10^302 | 4350 | 76 |
| iv_511 | 3.675145033875389 × 10^301 | 4163 | 72 |

### Input Bits Sorted by Complexity

| Input Bit | Complexity | Occurrences | Output Occurrences |
|:---------:|:----------:|:-----------:|:------------------:|
| iv_511 | 3.675145033875389 × 10^301 | 4163 | 72 |
| iv_497 | 8.541469405035107 × 10^302 | 4137 | 77 |
| iv_508 | 9.168591264086583 × 10^302 | 4350 | 76 |
| iv_498 | 1.7028112897152857 × 10^303 | 3939 | 69 |
| iv_499 | 2.9979754272626924 × 10^303 | 4137 | 83 |
| iv_500 | 5.044378866161775 × 10^303 | 4138 | 84 |
| iv_501 | 8.333513709502968 × 10^303 | 4155 | 79 |
| iv_502 | 1.3484372463505005 × 10^304 | 3941 | 84 |
| iv_503 | 2.1433475982141358 × 10^304 | 4178 | 92 |
| iv_506 | 2.585776939476584 × 10^304 | 4229 | 84 |
| iv_507 | 2.781170420708415 × 10^304 | 4325 | 68 |
| iv_504 | 3.341303641273731 × 10^304 | 4019 | 72 |
| iv_505 | 5.11656046808477 × 10^304 | 4237 | 91 |

### Input Bits Sorted by Occurrences

| Input Bit | Complexity | Occurrences | Output Occurrences |
|:---------:|:----------:|:-----------:|:------------------:|
| iv_498 | 1.7028112897152857 × 10^303 | 3939 | 69 |
| iv_502 | 1.3484372463505005 × 10^304 | 3941 | 84 |
| iv_504 | 3.341303641273731 × 10^304 | 4019 | 72 |
| iv_499 | 2.9979754272626924 × 10^303 | 4137 | 83 |
| iv_497 | 8.541469405035107 × 10^302 | 4137 | 77 |
| iv_500 | 5.044378866161775 × 10^303 | 4138 | 84 |
| iv_501 | 8.333513709502968 × 10^303 | 4155 | 79 |
| iv_511 | 3.675145033875389 × 10^301 | 4163 | 72 |
| iv_503 | 2.1433475982141358 × 10^304 | 4178 | 92 |
| iv_506 | 2.585776939476584 × 10^304 | 4229 | 84 |
| iv_505 | 5.11656046808477 × 10^304 | 4237 | 91 |
| iv_507 | 2.781170420708415 × 10^304 | 4325 | 68 |
| iv_508 | 9.168591264086583 × 10^302 | 4350 | 76 |

### Input Bits Sorted by Output Occurrences

| Input Bit | Complexity | Occurrences | Output Occurrences |
|:---------:|:----------:|:-----------:|:------------------:|
| iv_507 | 2.781170420708415 × 10^304 | 4325 | 68 |
| iv_498 | 1.7028112897152857 × 10^303 | 3939 | 69 |
| iv_504 | 3.341303641273731 × 10^304 | 4019 | 72 |
| iv_511 | 3.675145033875389 × 10^301 | 4163 | 72 |
| iv_508 | 9.168591264086583 × 10^302 | 4350 | 76 |
| iv_497 | 8.541469405035107 × 10^302 | 4137 | 77 |
| iv_501 | 8.333513709502968 × 10^303 | 4155 | 79 |
| iv_499 | 2.9979754272626924 × 10^303 | 4137 | 83 |
| iv_502 | 1.3484372463505005 × 10^304 | 3941 | 84 |
| iv_500 | 5.044378866161775 × 10^303 | 4138 | 84 |
| iv_506 | 2.585776939476584 × 10^304 | 4229 | 84 |
| iv_505 | 5.11656046808477 × 10^304 | 4237 | 91 |
| iv_503 | 2.1433475982141358 × 10^304 | 4178 | 92 |

## Input Bit Co-occurrences

### Input Bit Co-occurrences Sorted by Co-occurrences

| Input Bits | Co-occurrences | Potential Occurrences | Output Co-occurrences | Potential Output Occurrences |
|:----------:|:--------------:|:---------------------:|:---------------------:|:----------------------------:|
| iv_506-iv_507 | 2114 | 4326 | 45 | 62 |
| iv_505-iv_506 | 2086 | 4294 | 48 | 79 |
| iv_497-iv_508 | 2086 | 4315 | 39 | 75 |
| iv_507-iv_508 | 2069 | 4537 | 33 | 78 |
| iv_497-iv_505 | 2069 | 4236 | 45 | 78 |
| iv_500-iv_507 | 2068 | 4327 | 33 | 86 |
| iv_505-iv_507 | 2064 | 4434 | 35 | 89 |
| iv_503-iv_506 | 2054 | 4299 | 46 | 84 |
| iv_500-iv_506 | 2049 | 4269 | 42 | 84 |
| iv_503-iv_505 | 2047 | 4321 | 56 | 71 |
| iv_499-iv_507 | 2047 | 4368 | 31 | 89 |
| iv_501-iv_507 | 2043 | 4394 | 32 | 83 |
| iv_499-iv_500 | 2041 | 4193 | 51 | 65 |

### Input Bit Co-occurrences Sorted by Potential Occurrences

| Input Bits | Co-occurrences | Potential Occurrences | Output Co-occurrences | Potential Output Occurrences |
|:----------:|:--------------:|:---------------------:|:---------------------:|:----------------------------:|
| iv_499-iv_500 | 2041 | 4193 | 51 | 65 |
| iv_498-iv_504 | 1879 | 4200 | 38 | 65 |
| iv_498-iv_501 | 1942 | 4210 | 37 | 74 |
| iv_504-iv_505 | 2022 | 4212 | 34 | 95 |
| iv_500-iv_502 | 1926 | 4227 | 45 | 78 |
| iv_497-iv_501 | 2032 | 4228 | 38 | 80 |
| iv_497-iv_505 | 2069 | 4236 | 45 | 78 |
| iv_500-iv_503 | 2040 | 4236 | 52 | 72 |
| iv_504-iv_506 | 1993 | 4262 | 46 | 64 |
| iv_502-iv_504 | 1846 | 4268 | 34 | 88 |
| iv_500-iv_506 | 2049 | 4269 | 42 | 84 |
| iv_502-iv_505 | 1953 | 4272 | 50 | 75 |
| iv_501-iv_502 | 1908 | 4280 | 41 | 81 |

### Input Bit Output Co-occurrences Sorted by Output Co-occurrences

| Input Bits | Co-occurrences | Potential Occurrences | Output Co-occurrences | Potential Output Occurrences |
|:----------:|:--------------:|:---------------------:|:---------------------:|:----------------------------:|
| iv_503-iv_505 | 2047 | 4321 | 56 | 71 |
| iv_497-iv_503 | 1970 | 4375 | 52 | 65 |
| iv_500-iv_503 | 2040 | 4236 | 52 | 72 |
| iv_499-iv_500 | 2041 | 4193 | 51 | 65 |
| iv_499-iv_503 | 1983 | 4349 | 51 | 73 |
| iv_502-iv_505 | 1953 | 4272 | 50 | 75 |
| iv_501-iv_505 | 2032 | 4328 | 49 | 72 |
| iv_502-iv_503 | 1876 | 4367 | 48 | 80 |
| iv_505-iv_506 | 2086 | 4294 | 48 | 79 |
| iv_501-iv_506 | 2001 | 4382 | 47 | 69 |
| iv_503-iv_506 | 2054 | 4299 | 46 | 84 |
| iv_504-iv_506 | 1993 | 4262 | 46 | 64 |
| iv_497-iv_505 | 2069 | 4236 | 45 | 78 |

### Input Bit Output Co-occurrences Sorted by Potential Output Occurrences

| Input Bits | Co-occurrences | Potential Occurrences | Output Co-occurrences | Potential Output Occurrences |
|:----------:|:--------------:|:---------------------:|:---------------------:|:----------------------------:|
| iv_506-iv_507 | 2114 | 4326 | 45 | 62 |
| iv_504-iv_506 | 1993 | 4262 | 46 | 64 |
| iv_497-iv_503 | 1970 | 4375 | 52 | 65 |
| iv_498-iv_504 | 1879 | 4200 | 38 | 65 |
| iv_499-iv_500 | 2041 | 4193 | 51 | 65 |
| iv_501-iv_506 | 2001 | 4382 | 47 | 69 |
| iv_503-iv_505 | 2047 | 4321 | 56 | 71 |
| iv_499-iv_508 | 2031 | 4425 | 44 | 71 |
| iv_501-iv_505 | 2032 | 4328 | 49 | 72 |
| iv_500-iv_503 | 2040 | 4236 | 52 | 72 |
| iv_497-iv_500 | 1972 | 4331 | 44 | 73 |
| iv_498-iv_508 | 1915 | 4459 | 36 | 73 |
| iv_499-iv_503 | 1983 | 4349 | 51 | 73 |

## Output Bits

### Output Bits in Regular Order

| Rank | Output Bit | Complexity |
|:----:|:----------:|:----------:|
| 1 | ov_001 | 3.0180932712141235 × 10^304 |
| 2 | ov_002 | 2.6262472844801264 × 10^304 |
| 3 | ov_003 | 2.2744555864725016 × 10^304 |
| 4 | ov_004 | 1.9597148425655728 × 10^304 |
| 5 | ov_005 | 1.679186209458826 × 10^304 |
| 6 | ov_006 | 1.4301836950021304 × 10^304 |
| 7 | ov_007 | 1.2101640096925855 × 10^304 |
| 8 | ov_008 | 1.0167177906904319 × 10^304 |
| 9 | ov_009 | 8.475620869355641 × 10^303 |
| 10 | ov_010 | 7.005339842825639 × 10^303 |
| 11 | ov_011 | 5.735852482409604 × 10^303 |
| 12 | ov_012 | 4.647778689525003 × 10^303 |
| 13 | ov_013 | 3.722803999362411 × 10^303 |
| 14 | ov_014 | 2.943649889171092 × 10^303 |
| 15 | ov_015 | 2.294050057508024 × 10^303 |
| 16 | ov_016 | 1.7587317908930016 × 10^303 |
| 17 | ov_017 | 1.3234016001426044 × 10^303 |
| 18 | ov_018 | 9.747343741414015 × 10^302 |
| 19 | ov_019 | 7.00365364058461 × 10^302 |
| 20 | ov_020 | 4.888843761129863 × 10^302 |
| 21 | ov_021 | 3.2983164268189824 × 10^302 |
| 22 | ov_022 | 2.1369495986250842 × 10^302 |
| 23 | ov_023 | 1.3190776309019442 × 10^302 |
| 24 | ov_024 | 7.684787560454193 × 10^301 |
| 25 | ov_025 | 4.183674226786917 × 10^301 |
| 26 | ov_026 | 2.113900962533078 × 10^301 |
| 27 | ov_027 | 9.962328190265962 × 10^300 |
| 28 | ov_028 | 4.457274429804935 × 10^300 |
| 29 | ov_029 | 1.7173256348348573 × 10^300 |
| 30 | ov_030 | 5.249443509239367 × 10^299 |
| 31 | ov_031 | 1.023768743416759 × 10^299 |
| 32 | lv_80_m31 | 1.9962202599818255 × 10^298 |
| 33 | ov_033 | 2.4043498422572203 × 10^299 |
| 34 | ov_034 | 2.0877198778205902 × 10^299 |
| 35 | ov_035 | 1.8040710373151887 × 10^299 |
| 36 | ov_036 | 1.5508250596542493 × 10^299 |
| 37 | ov_037 | 1.3255444202845133 × 10^299 |
| 38 | ov_038 | 1.125922394272254 × 10^299 |
| 39 | ov_039 | 9.497744259572803 × 10^298 |
| 40 | ov_040 | 7.95030684420115 × 10^298 |
| 41 | ov_041 | 6.597296901945491 × 10^298 |
| 42 | ov_042 | 5.420129046634715 × 10^298 |
| 43 | ov_043 | 4.409761742728119 × 10^298 |
| 44 | ov_044 | 3.549539532945483 × 10^298 |
| 45 | ov_045 | 2.8237218287043457 × 10^298 |
| 46 | ov_046 | 2.2174576136613387 × 10^298 |
| 47 | ov_047 | 1.7167652080717477 × 10^298 |
| 48 | ov_048 | 1.3085163488813796 × 10^298 |
| 49 | ov_049 | 9.804238957881904 × 10^297 |
| 50 | ov_050 | 7.210325286877056 × 10^297 |
| 51 | ov_051 | 5.197118569819342 × 10^297 |
| 52 | ov_052 | 3.666514421335789 × 10^297 |
| 53 | ov_053 | 2.5285734160896615 × 10^297 |
| 54 | ov_054 | 1.701498372339464 × 10^297 |
| 55 | ov_055 | 1.1116201400185723 × 10^297 |
| 56 | ov_056 | 6.933889650285632 × 10^296 |
| 57 | ov_057 | 4.160590092363878 × 10^296 |
| 58 | ov_058 | 2.3030624614149456 × 10^296 |
| 59 | ov_059 | 1.134962766594759 × 10^296 |
| 60 | ov_060 | 4.704947865135582 × 10^295 |
| 61 | ov_061 | 1.64408421756945 × 10^295 |
| 62 | ov_062 | 4.511779061757885 × 10^294 |
| 63 | ov_063 | 8.797400760362162 × 10^293 |
| 64 | lv_79_m31 | 1.7150090775790419 × 10^293 |
| 65 | ov_065 | 2.0576872210080967 × 10^294 |
| 66 | ov_066 | 2.057681385419761 × 10^294 |
| 67 | ov_067 | 2.0576799774296232 × 10^294 |
| 68 | ov_068 | 1.78541310896376 × 10^294 |
| 69 | ov_069 | 1.5414001054939067 × 10^294 |
| 70 | ov_070 | 1.323527128141738 × 10^294 |
| 71 | ov_071 | 1.1297906832153734 × 10^294 |
| 72 | ov_072 | 9.582897754302238 × 10^293 |
| 73 | ov_073 | 8.072192249065985 × 10^293 |
| 74 | ov_074 | 6.748640296289638 × 10^293 |
| 75 | ov_075 | 5.595946613342949 × 10^293 |
| 76 | ov_076 | 4.598631888359577 × 10^293 |
| 77 | ov_077 | 3.742001286276893 × 10^293 |
| 78 | ov_078 | 3.012119282868615 × 10^293 |
| 79 | ov_079 | 2.3957899373951795 × 10^293 |
| 80 | ov_080 | 1.8805417688922375 × 10^293 |
| 81 | ov_081 | 1.4546164547074304 × 10^293 |
| 82 | ov_082 | 1.1069606228713388 × 10^293 |
| 83 | ov_083 | 8.272200624057635 × 10^292 |
| 84 | ov_084 | 6.057357278557492 × 10^292 |
| 85 | ov_085 | 4.3354096627982764 × 10^292 |
| 86 | ov_086 | 3.0235949557859475 × 10^292 |
| 87 | ov_087 | 2.046038548514042 × 10^292 |
| 88 | ov_088 | 1.3337421988108992 × 10^292 |
| 89 | ov_089 | 8.24575321747464 × 10^291 |
| 90 | ov_090 | 4.891886303296717 × 10^291 |
| 91 | ov_091 | 2.7917068965111444 × 10^291 |
| 92 | ov_092 | 1.5296525526532233 × 10^291 |
| 93 | ov_093 | 7.586998884382987 × 10^290 |
| 94 | ov_094 | 3.224709192038039 × 10^290 |
| 95 | aaa_78_28 | 9.88533449643589 × 10^289 |
| 96 | aaa_78_29 | 3.001130586492097 × 10^289 |
| 97 | ov_097 | 1.6205188410701205 × 10^289 |
| 98 | ov_098 | 1.6205103129602901 × 10^289 |
| 99 | ov_099 | 1.620507587964088 × 10^289 |
| 100 | ov_100 | 1.3865057277187083 × 10^289 |
| 101 | ov_101 | 1.1788545976451737 × 10^289 |
| 102 | ov_102 | 9.954447216780224 × 10^288 |
| 103 | ov_103 | 8.342829297191343 × 10^288 |
| 104 | ov_104 | 6.934839158756791 × 10^288 |
| 105 | ov_105 | 5.712628815726978 × 10^288 |
| 106 | ov_106 | 4.659291649960179 × 10^288 |
| 107 | ov_107 | 3.758807634853381 × 10^288 |
| 108 | ov_108 | 2.995996604658608 × 10^288 |
| 109 | ov_109 | 2.3564787331597343 × 10^288 |
| 110 | ov_110 | 1.826641432495634 × 10^288 |
| 111 | ov_111 | 1.3936119287174118 × 10^288 |
| 112 | ov_112 | 1.0452348156916168 × 10^288 |
| 113 | ov_113 | 7.700539334010095 × 10^287 |
| 114 | ov_114 | 5.572979607087414 × 10^287 |
| 115 | ov_115 | 3.968691563679559 × 10^287 |
| 116 | ov_116 | 2.7933472557568915 × 10^287 |
| 117 | ov_117 | 1.9592033276072613 × 10^287 |
| 118 | ov_118 | 1.3850532461060198 × 10^287 |
| 119 | ov_119 | 9.961931159641759 × 10^286 |
| 120 | ov_120 | 7.243984048384901 × 10^286 |
| 121 | ov_121 | 5.079089257382673 × 10^286 |
| 122 | ov_122 | 3.4027549103929756 × 10^286 |
| 123 | ov_123 | 2.150522960055286 × 10^286 |
| 124 | ov_124 | 1.2579530910619486 × 10^286 |
| 125 | ov_125 | 6.606127390776501 × 10^285 |
| 126 | ov_126 | 2.940719943654665 × 10^285 |
| 127 | aaa_77_28 | 9.390164334538522 × 10^284 |
| 128 | aaa_77_29 | 3.520229000407075 × 10^284 |
| 129 | ov_129 | 3.2751174249552926 × 10^284 |
| 130 | ov_130 | 3.2751079848585487 × 10^284 |
| 131 | ov_131 | 3.275105700147658 × 10^284 |
| 132 | ov_132 | 2.842366964473187 × 10^284 |
| 133 | ov_133 | 2.4546135584428965 × 10^284 |
| 134 | ov_134 | 2.1084409923283674 × 10^284 |
| 135 | ov_135 | 1.8006292497914846 × 10^284 |
| 136 | ov_136 | 1.5281296295791651 × 10^284 |
| 137 | ov_137 | 1.2880533533019661 × 10^284 |
| 138 | ov_138 | 1.0776617748640578 × 10^284 |
| 139 | ov_139 | 8.943580356093911 × 10^283 |
| 140 | ov_140 | 7.3568001747741435 × 10^283 |
| 141 | ov_141 | 5.992944544780775 × 10^283 |
| 142 | ov_142 | 4.829920706482815 × 10^283 |
| 143 | ov_143 | 3.8468362038095536 × 10^283 |
| 144 | ov_144 | 3.0239671465689865 × 10^283 |
| 145 | ov_145 | 2.342733242851742 × 10^283 |
| 146 | ov_146 | 1.7856785879082653 × 10^283 |
| 147 | ov_147 | 1.3364572709424898 × 10^283 |
| 148 | ov_148 | 9.798229361504044 × 10^282 |
| 149 | ov_149 | 7.016215091130083 × 10^282 |
| 150 | ov_150 | 4.88786374369475 × 10^282 |
| 151 | ov_151 | 3.2933536467094516 × 10^282 |
| 152 | ov_152 | 2.1236899706267816 × 10^282 |
| 153 | ov_153 | 1.2806948688354706 × 10^282 |
| 154 | ov_154 | 7.179827892466258 × 10^281 |
| 155 | ov_155 | 3.58995943428932 × 10^281 |
| 156 | aaa_76_25 | 1.379833915946999 × 10^281 |
| 157 | aaa_76_26 | 7.972537390513043 × 10^280 |
| 158 | aaa_76_27 | 4.0835846616634916 × 10^280 |
| 159 | aaa_76_28 | 1.591218466944109 × 10^280 |
| 160 | aaa_76_29 | 4.843145832772347 × 10^279 |

### Output Bits Sorted by Complexity

| Rank | Output Bit | Complexity |
|:----:|:----------:|:----------:|
| 160 | aaa_76_29 | 4.843145832772347 × 10^279 |
| 159 | aaa_76_28 | 1.591218466944109 × 10^280 |
| 158 | aaa_76_27 | 4.0835846616634916 × 10^280 |
| 157 | aaa_76_26 | 7.972537390513043 × 10^280 |
| 156 | aaa_76_25 | 1.379833915946999 × 10^281 |
| 155 | ov_155 | 3.58995943428932 × 10^281 |
| 154 | ov_154 | 7.179827892466258 × 10^281 |
| 153 | ov_153 | 1.2806948688354706 × 10^282 |
| 152 | ov_152 | 2.1236899706267816 × 10^282 |
| 151 | ov_151 | 3.2933536467094516 × 10^282 |
| 150 | ov_150 | 4.88786374369475 × 10^282 |
| 149 | ov_149 | 7.016215091130083 × 10^282 |
| 148 | ov_148 | 9.798229361504044 × 10^282 |
| 147 | ov_147 | 1.3364572709424898 × 10^283 |
| 146 | ov_146 | 1.7856785879082653 × 10^283 |
| 145 | ov_145 | 2.342733242851742 × 10^283 |
| 144 | ov_144 | 3.0239671465689865 × 10^283 |
| 143 | ov_143 | 3.8468362038095536 × 10^283 |
| 142 | ov_142 | 4.829920706482815 × 10^283 |
| 141 | ov_141 | 5.992944544780775 × 10^283 |
| 140 | ov_140 | 7.3568001747741435 × 10^283 |
| 139 | ov_139 | 8.943580356093911 × 10^283 |
| 138 | ov_138 | 1.0776617748640578 × 10^284 |
| 137 | ov_137 | 1.2880533533019661 × 10^284 |
| 136 | ov_136 | 1.5281296295791651 × 10^284 |
| 135 | ov_135 | 1.8006292497914846 × 10^284 |
| 134 | ov_134 | 2.1084409923283674 × 10^284 |
| 133 | ov_133 | 2.4546135584428965 × 10^284 |
| 132 | ov_132 | 2.842366964473187 × 10^284 |
| 131 | ov_131 | 3.275105700147658 × 10^284 |
| 130 | ov_130 | 3.2751079848585487 × 10^284 |
| 129 | ov_129 | 3.2751174249552926 × 10^284 |
| 128 | aaa_77_29 | 3.520229000407075 × 10^284 |
| 127 | aaa_77_28 | 9.390164334538522 × 10^284 |
| 126 | ov_126 | 2.940719943654665 × 10^285 |
| 125 | ov_125 | 6.606127390776501 × 10^285 |
| 124 | ov_124 | 1.2579530910619486 × 10^286 |
| 123 | ov_123 | 2.150522960055286 × 10^286 |
| 122 | ov_122 | 3.4027549103929756 × 10^286 |
| 121 | ov_121 | 5.079089257382673 × 10^286 |
| 120 | ov_120 | 7.243984048384901 × 10^286 |
| 119 | ov_119 | 9.961931159641759 × 10^286 |
| 118 | ov_118 | 1.3850532461060198 × 10^287 |
| 117 | ov_117 | 1.9592033276072613 × 10^287 |
| 116 | ov_116 | 2.7933472557568915 × 10^287 |
| 115 | ov_115 | 3.968691563679559 × 10^287 |
| 114 | ov_114 | 5.572979607087414 × 10^287 |
| 113 | ov_113 | 7.700539334010095 × 10^287 |
| 112 | ov_112 | 1.0452348156916168 × 10^288 |
| 111 | ov_111 | 1.3936119287174118 × 10^288 |
| 110 | ov_110 | 1.826641432495634 × 10^288 |
| 109 | ov_109 | 2.3564787331597343 × 10^288 |
| 108 | ov_108 | 2.995996604658608 × 10^288 |
| 107 | ov_107 | 3.758807634853381 × 10^288 |
| 106 | ov_106 | 4.659291649960179 × 10^288 |
| 105 | ov_105 | 5.712628815726978 × 10^288 |
| 104 | ov_104 | 6.934839158756791 × 10^288 |
| 103 | ov_103 | 8.342829297191343 × 10^288 |
| 102 | ov_102 | 9.954447216780224 × 10^288 |
| 101 | ov_101 | 1.1788545976451737 × 10^289 |
| 100 | ov_100 | 1.3865057277187083 × 10^289 |
| 99 | ov_099 | 1.620507587964088 × 10^289 |
| 98 | ov_098 | 1.6205103129602901 × 10^289 |
| 97 | ov_097 | 1.6205188410701205 × 10^289 |
| 96 | aaa_78_29 | 3.001130586492097 × 10^289 |
| 95 | aaa_78_28 | 9.88533449643589 × 10^289 |
| 94 | ov_094 | 3.224709192038039 × 10^290 |
| 93 | ov_093 | 7.586998884382987 × 10^290 |
| 92 | ov_092 | 1.5296525526532233 × 10^291 |
| 91 | ov_091 | 2.7917068965111444 × 10^291 |
| 90 | ov_090 | 4.891886303296717 × 10^291 |
| 89 | ov_089 | 8.24575321747464 × 10^291 |
| 88 | ov_088 | 1.3337421988108992 × 10^292 |
| 87 | ov_087 | 2.046038548514042 × 10^292 |
| 86 | ov_086 | 3.0235949557859475 × 10^292 |
| 85 | ov_085 | 4.3354096627982764 × 10^292 |
| 84 | ov_084 | 6.057357278557492 × 10^292 |
| 83 | ov_083 | 8.272200624057635 × 10^292 |
| 82 | ov_082 | 1.1069606228713388 × 10^293 |
| 81 | ov_081 | 1.4546164547074304 × 10^293 |
| 64 | lv_79_m31 | 1.7150090775790419 × 10^293 |
| 80 | ov_080 | 1.8805417688922375 × 10^293 |
| 79 | ov_079 | 2.3957899373951795 × 10^293 |
| 78 | ov_078 | 3.012119282868615 × 10^293 |
| 77 | ov_077 | 3.742001286276893 × 10^293 |
| 76 | ov_076 | 4.598631888359577 × 10^293 |
| 75 | ov_075 | 5.595946613342949 × 10^293 |
| 74 | ov_074 | 6.748640296289638 × 10^293 |
| 73 | ov_073 | 8.072192249065985 × 10^293 |
| 63 | ov_063 | 8.797400760362162 × 10^293 |
| 72 | ov_072 | 9.582897754302238 × 10^293 |
| 71 | ov_071 | 1.1297906832153734 × 10^294 |
| 70 | ov_070 | 1.323527128141738 × 10^294 |
| 69 | ov_069 | 1.5414001054939067 × 10^294 |
| 68 | ov_068 | 1.78541310896376 × 10^294 |
| 67 | ov_067 | 2.0576799774296232 × 10^294 |
| 66 | ov_066 | 2.057681385419761 × 10^294 |
| 65 | ov_065 | 2.0576872210080967 × 10^294 |
| 62 | ov_062 | 4.511779061757885 × 10^294 |
| 61 | ov_061 | 1.64408421756945 × 10^295 |
| 60 | ov_060 | 4.704947865135582 × 10^295 |
| 59 | ov_059 | 1.134962766594759 × 10^296 |
| 58 | ov_058 | 2.3030624614149456 × 10^296 |
| 57 | ov_057 | 4.160590092363878 × 10^296 |
| 56 | ov_056 | 6.933889650285632 × 10^296 |
| 55 | ov_055 | 1.1116201400185723 × 10^297 |
| 54 | ov_054 | 1.701498372339464 × 10^297 |
| 53 | ov_053 | 2.5285734160896615 × 10^297 |
| 52 | ov_052 | 3.666514421335789 × 10^297 |
| 51 | ov_051 | 5.197118569819342 × 10^297 |
| 50 | ov_050 | 7.210325286877056 × 10^297 |
| 49 | ov_049 | 9.804238957881904 × 10^297 |
| 48 | ov_048 | 1.3085163488813796 × 10^298 |
| 47 | ov_047 | 1.7167652080717477 × 10^298 |
| 32 | lv_80_m31 | 1.9962202599818255 × 10^298 |
| 46 | ov_046 | 2.2174576136613387 × 10^298 |
| 45 | ov_045 | 2.8237218287043457 × 10^298 |
| 44 | ov_044 | 3.549539532945483 × 10^298 |
| 43 | ov_043 | 4.409761742728119 × 10^298 |
| 42 | ov_042 | 5.420129046634715 × 10^298 |
| 41 | ov_041 | 6.597296901945491 × 10^298 |
| 40 | ov_040 | 7.95030684420115 × 10^298 |
| 39 | ov_039 | 9.497744259572803 × 10^298 |
| 31 | ov_031 | 1.023768743416759 × 10^299 |
| 38 | ov_038 | 1.125922394272254 × 10^299 |
| 37 | ov_037 | 1.3255444202845133 × 10^299 |
| 36 | ov_036 | 1.5508250596542493 × 10^299 |
| 35 | ov_035 | 1.8040710373151887 × 10^299 |
| 34 | ov_034 | 2.0877198778205902 × 10^299 |
| 33 | ov_033 | 2.4043498422572203 × 10^299 |
| 30 | ov_030 | 5.249443509239367 × 10^299 |
| 29 | ov_029 | 1.7173256348348573 × 10^300 |
| 28 | ov_028 | 4.457274429804935 × 10^300 |
| 27 | ov_027 | 9.962328190265962 × 10^300 |
| 26 | ov_026 | 2.113900962533078 × 10^301 |
| 25 | ov_025 | 4.183674226786917 × 10^301 |
| 24 | ov_024 | 7.684787560454193 × 10^301 |
| 23 | ov_023 | 1.3190776309019442 × 10^302 |
| 22 | ov_022 | 2.1369495986250842 × 10^302 |
| 21 | ov_021 | 3.2983164268189824 × 10^302 |
| 20 | ov_020 | 4.888843761129863 × 10^302 |
| 19 | ov_019 | 7.00365364058461 × 10^302 |
| 18 | ov_018 | 9.747343741414015 × 10^302 |
| 17 | ov_017 | 1.3234016001426044 × 10^303 |
| 16 | ov_016 | 1.7587317908930016 × 10^303 |
| 15 | ov_015 | 2.294050057508024 × 10^303 |
| 14 | ov_014 | 2.943649889171092 × 10^303 |
| 13 | ov_013 | 3.722803999362411 × 10^303 |
| 12 | ov_012 | 4.647778689525003 × 10^303 |
| 11 | ov_011 | 5.735852482409604 × 10^303 |
| 10 | ov_010 | 7.005339842825639 × 10^303 |
| 9 | ov_009 | 8.475620869355641 × 10^303 |
| 8 | ov_008 | 1.0167177906904319 × 10^304 |
| 7 | ov_007 | 1.2101640096925855 × 10^304 |
| 6 | ov_006 | 1.4301836950021304 × 10^304 |
| 5 | ov_005 | 1.679186209458826 × 10^304 |
| 4 | ov_004 | 1.9597148425655728 × 10^304 |
| 3 | ov_003 | 2.2744555864725016 × 10^304 |
| 2 | ov_002 | 2.6262472844801264 × 10^304 |
| 1 | ov_001 | 3.0180932712141235 × 10^304 |

