# Results for F001-F002-F003-F004-F005-F006-F007-F008-F009-F010-F011-F012-F013-F014-F015-F016-F017-F018-F019-F020-F021-F022-F023-F024-F025-F026-F027-F028-F029-F030-F031-F032-F033-F034-F035-F036-F037-F038-F039-F040-F041-F042-F043-F044-F045-F046-F047-F048-F049-F050-F051-F052-F053-F054-F055-F056-F057-F058-F059-F060-F061-F062-F063-F064-F065-F066-F067-F068-F069-F070-F071-F072-F073-F074-F075-F076-F077-F078-F079-F080-F081-F082-F083-F084-F085-F086-F087-F088-F089-F090-F091-F092-F093-F094-F095-F096-F097-F098-F099-F100-F101-F102-F103-F104-F105-F106-F107-F108-F109-F110-F111-F112-F113-F114-F115-F116-F117-F118-F119-F120-F121-F122-F123-F124-F125-F126-F127-F128-F129-F130-F131-F132-F133-F134-F135-F136-F137-F138-F139-F140-F141-F142-F143-F144-F145-F146-F147-F148-F149-F150-F151-F152-F153-F154-F155-F156-F157-F158-F159-F160-F161-F162-F163-F164-F165-F166-F167-F168-F169-F170-F171-F172-F173-F174-F175-F176-F177-F178-F179-F180-F181-F182-F183-F184-F185-F186-F187-F188-F189-F190-F191-F192-F193-F194-F195-F196-F197-F198-F199-F200-F201-F202-F203-F204-F205-F206-F207-F208-F209-F210-F211-F212-F213-F214-F215-F216-F217-F218-F219-F220-F221-F222-F223-F224-F225-F226-F227-F228-F229-F230-F231-F232-F233-F234-F235-F236-F237-F238-F239-F240-F241-F242-F243-F244-F245-F246-F247-F248-F249-F250-F251-F252-F253-F254-F255-F256-F257-F258-F259-F260-F261-F262-F263-F264-F265-F266-F267-F268-F269-F270-F271-F272-F273-F274-F275-F276-F277-F278-F279-F280-F281-F282-F283-F284-F285-F286-F287-F288-F289-F290-F291-F292-F293-F294-F295-F296-F297-F298-F299-F300-F301-F302-F303-F304-F305-F306-F307-F308-F309-F310-F311-F312-F313-F314-F315-F316-F317-F318-F319-F320-F321-F322-F323-F324-F325-F326-F327-F328-F329-F330-F331-F332-F333-F334-F335-F336-F337-F338-F339-F340-F341-F342-F343-F344-F345-F346-F347-F348-F349-F350-F351-F352-F353-F354-F355-F356-F357-F358-F359-F360-F361-F362-F363-F364-F365-F366-F367-F368-F369-F370-F371-F372-F373-F374-F375-F376-F377-F378-F379-F380-F381-F382-F383-F384-F385-F386-F387-F388-F389-F390-F391-F392-F393-F394-F395-F396-F397-F398-F399-F400-F401-F402-F403-F404-F405-F406-F407-F408-F409-F410-F411-F412-F413-F414-F415-F416-F417-F418-F419-F420-F421-F422-F423-F424-F425-F426-F427-F428-F429-F430-F431-F432-F433-F434-F435-F436-F437-F438-F439-F440-F441-F442-F443-F444-F445-F446-F447-F448-F449-F450-F451-F452-F453-F454-F455-F456-F457-F458-F459-F460-F461-F462-F463-F464-F465-F466-F467-F468-F469-F470-F471-F472-F473-F474-F475-F476-F477-F478-F479-F480-F481-F482-F483-F484-F485-F486-F487-F488-F489-F490-F491-F492-F493-F494-F495-F496-F510-T511-F512

## Summary

Number of input bits: 512  
Number of free input bits: 13  
Number of output bits: 160

Number of direct occurrences: 54286  
Number of assignments: 31952  
Number of operations: 12143412
(xor: 12114143,
and: 15728,
or: 13541)

Total complexity: 3.440958182986651 × 10^306

Least occurring input variable: iv_497 (4008)  
Most occurring input variable: iv_507 (4341)

Most co-occurring input variables: iv_508-iv_509 (2145)  
Least co-occurring input variables: iv_497-iv_498 (1797)

Potentially most occurring input variable: iv_503/iv_509 (4611)  
Potentially least occurring input variable: iv_498/iv_505 (4192)

Least output occurring input variable: iv_505 (74)  
Most output occurring input variable: iv_499 (89)

Most output co-occurring input variables: iv_499-iv_508 (51)  
Least output co-occurring input variables: iv_502-iv_505 (29)

Potentially most output occurring input variable: iv_502/iv_505 (94)  
Potentially least output occurring input variable: iv_505/iv_507 (70)

Least complex input bit: iv_497 (9.80451579163027 × 10^303)  
Most complex input bit: iv_505 (5.8488627027295285 × 10^305)

Least complex output bit: aaa_76_29 (8.300110547079252 × 10^280)  
Most complex output bit: ov_001 (5.457411719954606 × 10^305)

Least complex input/output complexity: iv_497/aaa_76_29 (2.3649972072744355 × 10^278)  
Most complex input/output complexity: iv_505/ov_001 (9.276384705894965 × 10^304)

## Input Bits

### Input Bits in Regular Order

| Input Bit | Complexity | Occurrences | Output Occurrences |
|:---------:|:----------:|:-----------:|:------------------:|
| iv_497 | 9.80451579163027 × 10^303 | 4008 | 78 |
| iv_498 | 1.9546783312131308 × 10^304 | 4087 | 82 |
| iv_499 | 3.4415431183149276 × 10^304 | 4088 | 89 |
| iv_500 | 5.790884724789126 × 10^304 | 4157 | 81 |
| iv_501 | 9.528774438148699 × 10^304 | 4124 | 78 |
| iv_502 | 1.5403892958142303 × 10^305 | 4098 | 78 |
| iv_503 | 2.4472147896971194 × 10^305 | 4294 | 78 |
| iv_504 | 3.8167022882402493 × 10^305 | 4107 | 83 |
| iv_505 | 5.8488627027295285 × 10^305 | 4147 | 74 |
| iv_506 | 2.962516840301294 × 10^305 | 4229 | 78 |
| iv_507 | 4.252444390164493 × 10^305 | 4341 | 80 |
| iv_508 | 5.645587536227094 × 10^305 | 4331 | 84 |
| iv_509 | 5.7262307675296315 × 10^305 | 4275 | 82 |

### Input Bits Sorted by Complexity

| Input Bit | Complexity | Occurrences | Output Occurrences |
|:---------:|:----------:|:-----------:|:------------------:|
| iv_497 | 9.80451579163027 × 10^303 | 4008 | 78 |
| iv_498 | 1.9546783312131308 × 10^304 | 4087 | 82 |
| iv_499 | 3.4415431183149276 × 10^304 | 4088 | 89 |
| iv_500 | 5.790884724789126 × 10^304 | 4157 | 81 |
| iv_501 | 9.528774438148699 × 10^304 | 4124 | 78 |
| iv_502 | 1.5403892958142303 × 10^305 | 4098 | 78 |
| iv_503 | 2.4472147896971194 × 10^305 | 4294 | 78 |
| iv_506 | 2.962516840301294 × 10^305 | 4229 | 78 |
| iv_504 | 3.8167022882402493 × 10^305 | 4107 | 83 |
| iv_507 | 4.252444390164493 × 10^305 | 4341 | 80 |
| iv_508 | 5.645587536227094 × 10^305 | 4331 | 84 |
| iv_509 | 5.7262307675296315 × 10^305 | 4275 | 82 |
| iv_505 | 5.8488627027295285 × 10^305 | 4147 | 74 |

### Input Bits Sorted by Occurrences

| Input Bit | Complexity | Occurrences | Output Occurrences |
|:---------:|:----------:|:-----------:|:------------------:|
| iv_497 | 9.80451579163027 × 10^303 | 4008 | 78 |
| iv_498 | 1.9546783312131308 × 10^304 | 4087 | 82 |
| iv_499 | 3.4415431183149276 × 10^304 | 4088 | 89 |
| iv_502 | 1.5403892958142303 × 10^305 | 4098 | 78 |
| iv_504 | 3.8167022882402493 × 10^305 | 4107 | 83 |
| iv_501 | 9.528774438148699 × 10^304 | 4124 | 78 |
| iv_505 | 5.8488627027295285 × 10^305 | 4147 | 74 |
| iv_500 | 5.790884724789126 × 10^304 | 4157 | 81 |
| iv_506 | 2.962516840301294 × 10^305 | 4229 | 78 |
| iv_509 | 5.7262307675296315 × 10^305 | 4275 | 82 |
| iv_503 | 2.4472147896971194 × 10^305 | 4294 | 78 |
| iv_508 | 5.645587536227094 × 10^305 | 4331 | 84 |
| iv_507 | 4.252444390164493 × 10^305 | 4341 | 80 |

### Input Bits Sorted by Output Occurrences

| Input Bit | Complexity | Occurrences | Output Occurrences |
|:---------:|:----------:|:-----------:|:------------------:|
| iv_505 | 5.8488627027295285 × 10^305 | 4147 | 74 |
| iv_502 | 1.5403892958142303 × 10^305 | 4098 | 78 |
| iv_506 | 2.962516840301294 × 10^305 | 4229 | 78 |
| iv_497 | 9.80451579163027 × 10^303 | 4008 | 78 |
| iv_501 | 9.528774438148699 × 10^304 | 4124 | 78 |
| iv_503 | 2.4472147896971194 × 10^305 | 4294 | 78 |
| iv_507 | 4.252444390164493 × 10^305 | 4341 | 80 |
| iv_500 | 5.790884724789126 × 10^304 | 4157 | 81 |
| iv_498 | 1.9546783312131308 × 10^304 | 4087 | 82 |
| iv_509 | 5.7262307675296315 × 10^305 | 4275 | 82 |
| iv_504 | 3.8167022882402493 × 10^305 | 4107 | 83 |
| iv_508 | 5.645587536227094 × 10^305 | 4331 | 84 |
| iv_499 | 3.4415431183149276 × 10^304 | 4088 | 89 |

## Input Bit Co-occurrences

### Input Bit Co-occurrences Sorted by Co-occurrences

| Input Bits | Co-occurrences | Potential Occurrences | Output Co-occurrences | Potential Output Occurrences |
|:----------:|:--------------:|:---------------------:|:---------------------:|:----------------------------:|
| iv_508-iv_509 | 2145 | 4316 | 43 | 80 |
| iv_506-iv_507 | 2115 | 4340 | 41 | 76 |
| iv_507-iv_509 | 2108 | 4400 | 44 | 74 |
| iv_507-iv_508 | 2101 | 4470 | 42 | 80 |
| iv_503-iv_508 | 2099 | 4427 | 42 | 78 |
| iv_503-iv_506 | 2097 | 4329 | 34 | 88 |
| iv_502-iv_507 | 2090 | 4259 | 39 | 80 |
| iv_501-iv_507 | 2078 | 4309 | 38 | 82 |
| iv_506-iv_508 | 2073 | 4414 | 40 | 82 |
| iv_502-iv_508 | 2069 | 4291 | 39 | 84 |
| iv_500-iv_506 | 2063 | 4260 | 40 | 79 |
| iv_500-iv_508 | 2062 | 4364 | 45 | 75 |
| iv_499-iv_508 | 2052 | 4315 | 51 | 71 |

### Input Bit Co-occurrences Sorted by Potential Occurrences

| Input Bits | Co-occurrences | Potential Occurrences | Output Co-occurrences | Potential Output Occurrences |
|:----------:|:--------------:|:---------------------:|:---------------------:|:----------------------------:|
| iv_498-iv_505 | 2021 | 4192 | 41 | 74 |
| iv_504-iv_505 | 2024 | 4206 | 33 | 91 |
| iv_499-iv_502 | 1989 | 4208 | 40 | 87 |
| iv_500-iv_502 | 2022 | 4211 | 39 | 81 |
| iv_499-iv_504 | 1979 | 4237 | 46 | 80 |
| iv_504-iv_506 | 2048 | 4240 | 38 | 85 |
| iv_497-iv_507 | 2050 | 4249 | 36 | 86 |
| iv_501-iv_502 | 1984 | 4254 | 37 | 82 |
| iv_502-iv_507 | 2090 | 4259 | 39 | 80 |
| iv_500-iv_506 | 2063 | 4260 | 40 | 79 |
| iv_501-iv_504 | 1981 | 4269 | 39 | 83 |
| iv_502-iv_508 | 2069 | 4291 | 39 | 84 |
| iv_501-iv_507 | 2078 | 4309 | 38 | 82 |

### Input Bit Output Co-occurrences Sorted by Output Co-occurrences

| Input Bits | Co-occurrences | Potential Occurrences | Output Co-occurrences | Potential Output Occurrences |
|:----------:|:--------------:|:---------------------:|:---------------------:|:----------------------------:|
| iv_499-iv_508 | 2052 | 4315 | 51 | 71 |
| iv_499-iv_500 | 1937 | 4371 | 49 | 72 |
| iv_499-iv_507 | 2046 | 4337 | 47 | 75 |
| iv_497-iv_499 | 1844 | 4408 | 46 | 75 |
| iv_499-iv_509 | 1960 | 4443 | 46 | 79 |
| iv_499-iv_504 | 1979 | 4237 | 46 | 80 |
| iv_504-iv_508 | 2034 | 4370 | 46 | 75 |
| iv_499-iv_503 | 2036 | 4310 | 46 | 75 |
| iv_500-iv_508 | 2062 | 4364 | 45 | 75 |
| iv_500-iv_509 | 1991 | 4450 | 45 | 73 |
| iv_497-iv_504 | 1858 | 4399 | 45 | 71 |
| iv_500-iv_507 | 2045 | 4408 | 44 | 73 |
| iv_507-iv_509 | 2108 | 4400 | 44 | 74 |

### Input Bit Output Co-occurrences Sorted by Potential Output Occurrences

| Input Bits | Co-occurrences | Potential Occurrences | Output Co-occurrences | Potential Output Occurrences |
|:----------:|:--------------:|:---------------------:|:---------------------:|:----------------------------:|
| iv_505-iv_507 | 2038 | 4412 | 42 | 70 |
| iv_499-iv_508 | 2052 | 4315 | 51 | 71 |
| iv_500-iv_505 | 1909 | 4486 | 42 | 71 |
| iv_497-iv_504 | 1858 | 4399 | 45 | 71 |
| iv_499-iv_500 | 1937 | 4371 | 49 | 72 |
| iv_500-iv_507 | 2045 | 4408 | 44 | 73 |
| iv_500-iv_509 | 1991 | 4450 | 45 | 73 |
| iv_498-iv_501 | 1931 | 4349 | 43 | 74 |
| iv_498-iv_505 | 2021 | 4192 | 41 | 74 |
| iv_497-iv_505 | 1893 | 4369 | 39 | 74 |
| iv_505-iv_509 | 1987 | 4448 | 41 | 74 |
| iv_507-iv_509 | 2108 | 4400 | 44 | 74 |
| iv_499-iv_507 | 2046 | 4337 | 47 | 75 |

## Output Bits

### Output Bits in Regular Order

| Rank | Output Bit | Complexity |
|:----:|:----------:|:----------:|
| 1 | ov_001 | 5.457411719954606 × 10^305 |
| 2 | ov_002 | 4.73915826751897 × 10^305 |
| 3 | ov_003 | 4.095142545929333 × 10^305 |
| 4 | ov_004 | 3.5197680576673516 × 10^305 |
| 5 | ov_005 | 3.007743360104857 × 10^305 |
| 6 | ov_006 | 2.5540604569475587 × 10^305 |
| 7 | ov_007 | 2.1539759962949933 × 10^305 |
| 8 | ov_008 | 1.802995048690584 × 10^305 |
| 9 | ov_009 | 1.4968572531633087 × 10^305 |
| 10 | ov_010 | 1.2315251007987975 × 10^305 |
| 11 | ov_011 | 1.0031741227817452 × 10^305 |
| 12 | ov_012 | 8.081847632064978 × 10^304 |
| 13 | ov_013 | 6.431357300421774 × 10^304 |
| 14 | ov_014 | 5.047986305230224 × 10^304 |
| 15 | ov_015 | 3.90133709963784 × 10^304 |
| 16 | ov_016 | 2.9628652561482573 × 10^304 |
| 17 | ov_017 | 2.2058539970423497 × 10^304 |
| 18 | ov_018 | 1.6053950828942078 × 10^304 |
| 19 | ov_019 | 1.1383747497642108 × 10^304 |
| 20 | ov_020 | 7.834635097434232 × 10^303 |
| 21 | ov_021 | 5.211088043054495 × 10^303 |
| 22 | ov_022 | 3.3352976859148014 × 10^303 |
| 23 | ov_023 | 2.047136101661618 × 10^303 |
| 24 | ov_024 | 1.2041322623876204 × 10^303 |
| 25 | ov_025 | 6.814574519124538 × 10^302 |
| 26 | ov_026 | 3.719172736217661 × 10^302 |
| 27 | ov_027 | 1.8594788856031925 × 10^302 |
| 28 | ov_028 | 8.317474031920332 × 10^301 |
| 29 | ov_029 | 3.203762004672828 × 10^301 |
| 30 | ov_030 | 9.790567141746775 × 10^300 |
| 31 | ov_031 | 1.9088253181235506 × 10^300 |
| 32 | lv_80_m31 | 3.7208268826426716 × 10^299 |
| 33 | ov_033 | 4.461148418030309 × 10^300 |
| 34 | ov_034 | 3.86812449835036 × 10^300 |
| 35 | ov_035 | 3.337415699738757 × 10^300 |
| 36 | ov_036 | 2.864128091172531 × 10^300 |
| 37 | ov_037 | 2.4436335262131916 × 10^300 |
| 38 | ov_038 | 2.0715508379212326 × 10^300 |
| 39 | ov_039 | 1.7437295381202022 × 10^300 |
| 40 | ov_040 | 1.4562357871579685 × 10^300 |
| 41 | ov_041 | 1.2053404126578227 × 10^300 |
| 42 | ov_042 | 9.875087676672061 × 10^299 |
| 43 | ov_043 | 8.010210009302207 × 10^299 |
| 44 | ov_044 | 6.4270746954496815 × 10^299 |
| 45 | ov_045 | 5.0957174285240996 × 10^299 |
| 46 | ov_046 | 3.987859498021624 × 10^299 |
| 47 | ov_047 | 3.0768708658395957 × 10^299 |
| 48 | ov_048 | 2.33774141262445 × 10^299 |
| 49 | ov_049 | 1.747059027923182 × 10^299 |
| 50 | ov_050 | 1.2829933238984404 × 10^299 |
| 51 | ov_051 | 9.252838580972734 × 10^298 |
| 52 | ov_052 | 6.552318563275821 × 10^298 |
| 53 | ov_053 | 4.556945321527816 × 10^298 |
| 54 | ov_054 | 3.110812416155383 × 10^298 |
| 55 | ov_055 | 2.0735092070499643 × 10^298 |
| 56 | ov_056 | 1.3201044221625307 × 10^298 |
| 57 | ov_057 | 7.920006963882979 × 10^297 |
| 58 | ov_058 | 4.383335793400496 × 10^297 |
| 59 | ov_059 | 2.1596962333475678 × 10^297 |
| 60 | ov_060 | 8.950550313645787 × 10^296 |
| 61 | ov_061 | 3.1267694055347036 × 10^296 |
| 62 | ov_062 | 8.57814502253912 × 10^295 |
| 63 | ov_063 | 1.6721022274916252 × 10^295 |
| 64 | lv_79_m31 | 3.25863650116215 × 10^294 |
| 65 | ov_065 | 3.88850209557419 × 10^295 |
| 66 | ov_066 | 3.8884906507499026 × 10^295 |
| 67 | ov_067 | 3.888487881053949 × 10^295 |
| 68 | ov_068 | 3.368354826610481 × 10^295 |
| 69 | ov_069 | 2.902788857198898 × 10^295 |
| 70 | ov_070 | 2.487643253143584 × 10^295 |
| 71 | ov_071 | 2.1189956262490077 × 10^295 |
| 72 | ov_072 | 1.793131976086737 × 10^295 |
| 73 | ov_073 | 1.5065328886691865 × 10^295 |
| 74 | ov_074 | 1.2558616775009817 × 10^295 |
| 75 | ov_075 | 1.0379542775590327 × 10^295 |
| 76 | ov_076 | 8.498107129090174 × 10^294 |
| 77 | ov_077 | 6.885879684915775 × 10^294 |
| 78 | ov_078 | 5.515941061691918 × 10^294 |
| 79 | ov_079 | 4.362834744689432 × 10^294 |
| 80 | ov_080 | 3.402528706336629 × 10^294 |
| 81 | ov_081 | 2.612385226431717 × 10^294 |
| 82 | ov_082 | 1.971137678206517 × 10^294 |
| 83 | ov_083 | 1.4588731352238652 × 10^294 |
| 84 | ov_084 | 1.0570197424234188 × 10^294 |
| 85 | ov_085 | 7.483378826142896 × 10^293 |
| 86 | ov_086 | 5.169142574570136 × 10^293 |
| 87 | ov_087 | 3.4815808955961452 × 10^293 |
| 88 | ov_088 | 2.2879873978872576 × 10^293 |
| 89 | ov_089 | 1.4688417131653088 × 10^293 |
| 90 | ov_090 | 9.177991840738216 × 10^292 |
| 91 | ov_091 | 5.416841165918904 × 10^292 |
| 92 | ov_092 | 2.9720025658063966 × 10^292 |
| 93 | ov_093 | 1.4763307826759503 × 10^292 |
| 94 | ov_094 | 6.28490678874551 × 10^291 |
| 95 | aaa_78_28 | 1.929543112110994 × 10^291 |
| 96 | aaa_78_29 | 5.8720109209947115 × 10^290 |
| 97 | ov_097 | 3.2848806802359097 × 10^290 |
| 98 | ov_098 | 3.2848662585816644 × 10^290 |
| 99 | ov_099 | 3.28486165229028 × 10^290 |
| 100 | ov_100 | 2.8416415172781102 × 10^290 |
| 101 | ov_101 | 2.445130869217168 × 10^290 |
| 102 | ov_102 | 2.0917705919468484 × 10^290 |
| 103 | ov_103 | 1.778196949368167 × 10^290 |
| 104 | ov_104 | 1.5012273539940888 × 10^290 |
| 105 | ov_105 | 1.257847985167292 × 10^290 |
| 106 | ov_106 | 1.045203088061803 × 10^290 |
| 107 | ov_107 | 8.605857934351425 × 10^289 |
| 108 | ov_108 | 7.014303066126268 × 10^289 |
| 109 | ov_109 | 5.653053224272521 × 10^289 |
| 110 | ov_110 | 4.49908530860958 × 10^289 |
| 111 | ov_111 | 3.5306208598250927 × 10^289 |
| 112 | ov_112 | 2.727089184934014 × 10^289 |
| 113 | ov_113 | 2.0690977980918716 × 10^289 |
| 114 | ov_114 | 1.538409131467174 × 10^289 |
| 115 | ov_115 | 1.117922545797899 × 10^289 |
| 116 | ov_116 | 7.916607448354571 × 10^288 |
| 117 | ov_117 | 5.447597722419424 × 10^288 |
| 118 | ov_118 | 3.634618437398997 × 10^288 |
| 119 | ov_119 | 2.3511034147395465 × 10^288 |
| 120 | ov_120 | 1.4814637166302636 × 10^288 |
| 121 | ov_121 | 9.210641243019913 × 10^287 |
| 122 | ov_122 | 5.7620746945410755 × 10^287 |
| 123 | ov_123 | 3.64124750275493 × 10^287 |
| 124 | ov_124 | 2.12969333903325 × 10^287 |
| 125 | ov_125 | 1.1182321863103944 × 10^287 |
| 126 | ov_126 | 4.976885769313038 × 10^286 |
| 127 | aaa_77_28 | 1.588882363041876 × 10^286 |
| 128 | aaa_77_29 | 5.954720538495627 × 10^285 |
| 129 | ov_129 | 5.50499737883364 × 10^285 |
| 130 | ov_130 | 5.504981200536465 × 10^285 |
| 131 | ov_131 | 5.504977285032643 × 10^285 |
| 132 | ov_132 | 4.770690297029373 × 10^285 |
| 133 | ov_133 | 4.113259096822068 × 10^285 |
| 134 | ov_134 | 3.526849127638444 × 10^285 |
| 135 | ov_135 | 3.0059419800757696 × 10^285 |
| 136 | ov_136 | 2.5453128415881103 × 10^285 |
| 137 | ov_137 | 2.1400109726649336 × 10^285 |
| 138 | ov_138 | 1.7853429279001787 × 10^285 |
| 139 | ov_139 | 1.4768582547126684 × 10^285 |
| 140 | ov_140 | 1.2103374165801455 × 10^285 |
| 141 | ov_141 | 9.817817013871877 × 10^284 |
| 142 | ov_142 | 7.874048889444211 × 10^284 |
| 143 | ov_143 | 6.236264649822313 × 10^284 |
| 144 | ov_144 | 4.870661820137208 × 10^284 |
| 145 | ov_145 | 3.7453978044473586 × 10^284 |
| 146 | ov_146 | 2.8305569621884245 × 10^284 |
| 147 | ov_147 | 2.098125941481584 × 10^284 |
| 148 | ov_148 | 1.5219757891482165 × 10^284 |
| 149 | ov_149 | 1.077849485439223 × 10^284 |
| 150 | ov_150 | 7.433536795367953 × 10^283 |
| 151 | ov_151 | 4.979535298645855 × 10^283 |
| 152 | ov_152 | 3.229696811735946 × 10^283 |
| 153 | ov_153 | 2.0157657479521911 × 10^283 |
| 154 | ov_154 | 1.1880151791265403 × 10^283 |
| 155 | ov_155 | 6.152416163382435 × 10^282 |
| 156 | aaa_76_25 | 2.364737815467163 × 10^282 |
| 157 | aaa_76_26 | 1.3663211108280774 × 10^282 |
| 158 | aaa_76_27 | 6.998384731243198 × 10^281 |
| 159 | aaa_76_28 | 2.7270060566900688 × 10^281 |
| 160 | aaa_76_29 | 8.300110547079252 × 10^280 |

### Output Bits Sorted by Complexity

| Rank | Output Bit | Complexity |
|:----:|:----------:|:----------:|
| 160 | aaa_76_29 | 8.300110547079252 × 10^280 |
| 159 | aaa_76_28 | 2.7270060566900688 × 10^281 |
| 158 | aaa_76_27 | 6.998384731243198 × 10^281 |
| 157 | aaa_76_26 | 1.3663211108280774 × 10^282 |
| 156 | aaa_76_25 | 2.364737815467163 × 10^282 |
| 155 | ov_155 | 6.152416163382435 × 10^282 |
| 154 | ov_154 | 1.1880151791265403 × 10^283 |
| 153 | ov_153 | 2.0157657479521911 × 10^283 |
| 152 | ov_152 | 3.229696811735946 × 10^283 |
| 151 | ov_151 | 4.979535298645855 × 10^283 |
| 150 | ov_150 | 7.433536795367953 × 10^283 |
| 149 | ov_149 | 1.077849485439223 × 10^284 |
| 148 | ov_148 | 1.5219757891482165 × 10^284 |
| 147 | ov_147 | 2.098125941481584 × 10^284 |
| 146 | ov_146 | 2.8305569621884245 × 10^284 |
| 145 | ov_145 | 3.7453978044473586 × 10^284 |
| 144 | ov_144 | 4.870661820137208 × 10^284 |
| 143 | ov_143 | 6.236264649822313 × 10^284 |
| 142 | ov_142 | 7.874048889444211 × 10^284 |
| 141 | ov_141 | 9.817817013871877 × 10^284 |
| 140 | ov_140 | 1.2103374165801455 × 10^285 |
| 139 | ov_139 | 1.4768582547126684 × 10^285 |
| 138 | ov_138 | 1.7853429279001787 × 10^285 |
| 137 | ov_137 | 2.1400109726649336 × 10^285 |
| 136 | ov_136 | 2.5453128415881103 × 10^285 |
| 135 | ov_135 | 3.0059419800757696 × 10^285 |
| 134 | ov_134 | 3.526849127638444 × 10^285 |
| 133 | ov_133 | 4.113259096822068 × 10^285 |
| 132 | ov_132 | 4.770690297029373 × 10^285 |
| 131 | ov_131 | 5.504977285032643 × 10^285 |
| 130 | ov_130 | 5.504981200536465 × 10^285 |
| 129 | ov_129 | 5.50499737883364 × 10^285 |
| 128 | aaa_77_29 | 5.954720538495627 × 10^285 |
| 127 | aaa_77_28 | 1.588882363041876 × 10^286 |
| 126 | ov_126 | 4.976885769313038 × 10^286 |
| 125 | ov_125 | 1.1182321863103944 × 10^287 |
| 124 | ov_124 | 2.12969333903325 × 10^287 |
| 123 | ov_123 | 3.64124750275493 × 10^287 |
| 122 | ov_122 | 5.7620746945410755 × 10^287 |
| 121 | ov_121 | 9.210641243019913 × 10^287 |
| 120 | ov_120 | 1.4814637166302636 × 10^288 |
| 119 | ov_119 | 2.3511034147395465 × 10^288 |
| 118 | ov_118 | 3.634618437398997 × 10^288 |
| 117 | ov_117 | 5.447597722419424 × 10^288 |
| 116 | ov_116 | 7.916607448354571 × 10^288 |
| 115 | ov_115 | 1.117922545797899 × 10^289 |
| 114 | ov_114 | 1.538409131467174 × 10^289 |
| 113 | ov_113 | 2.0690977980918716 × 10^289 |
| 112 | ov_112 | 2.727089184934014 × 10^289 |
| 111 | ov_111 | 3.5306208598250927 × 10^289 |
| 110 | ov_110 | 4.49908530860958 × 10^289 |
| 109 | ov_109 | 5.653053224272521 × 10^289 |
| 108 | ov_108 | 7.014303066126268 × 10^289 |
| 107 | ov_107 | 8.605857934351425 × 10^289 |
| 106 | ov_106 | 1.045203088061803 × 10^290 |
| 105 | ov_105 | 1.257847985167292 × 10^290 |
| 104 | ov_104 | 1.5012273539940888 × 10^290 |
| 103 | ov_103 | 1.778196949368167 × 10^290 |
| 102 | ov_102 | 2.0917705919468484 × 10^290 |
| 101 | ov_101 | 2.445130869217168 × 10^290 |
| 100 | ov_100 | 2.8416415172781102 × 10^290 |
| 99 | ov_099 | 3.28486165229028 × 10^290 |
| 98 | ov_098 | 3.2848662585816644 × 10^290 |
| 97 | ov_097 | 3.2848806802359097 × 10^290 |
| 96 | aaa_78_29 | 5.8720109209947115 × 10^290 |
| 95 | aaa_78_28 | 1.929543112110994 × 10^291 |
| 94 | ov_094 | 6.28490678874551 × 10^291 |
| 93 | ov_093 | 1.4763307826759503 × 10^292 |
| 92 | ov_092 | 2.9720025658063966 × 10^292 |
| 91 | ov_091 | 5.416841165918904 × 10^292 |
| 90 | ov_090 | 9.177991840738216 × 10^292 |
| 89 | ov_089 | 1.4688417131653088 × 10^293 |
| 88 | ov_088 | 2.2879873978872576 × 10^293 |
| 87 | ov_087 | 3.4815808955961452 × 10^293 |
| 86 | ov_086 | 5.169142574570136 × 10^293 |
| 85 | ov_085 | 7.483378826142896 × 10^293 |
| 84 | ov_084 | 1.0570197424234188 × 10^294 |
| 83 | ov_083 | 1.4588731352238652 × 10^294 |
| 82 | ov_082 | 1.971137678206517 × 10^294 |
| 81 | ov_081 | 2.612385226431717 × 10^294 |
| 64 | lv_79_m31 | 3.25863650116215 × 10^294 |
| 80 | ov_080 | 3.402528706336629 × 10^294 |
| 79 | ov_079 | 4.362834744689432 × 10^294 |
| 78 | ov_078 | 5.515941061691918 × 10^294 |
| 77 | ov_077 | 6.885879684915775 × 10^294 |
| 76 | ov_076 | 8.498107129090174 × 10^294 |
| 75 | ov_075 | 1.0379542775590327 × 10^295 |
| 74 | ov_074 | 1.2558616775009817 × 10^295 |
| 73 | ov_073 | 1.5065328886691865 × 10^295 |
| 63 | ov_063 | 1.6721022274916252 × 10^295 |
| 72 | ov_072 | 1.793131976086737 × 10^295 |
| 71 | ov_071 | 2.1189956262490077 × 10^295 |
| 70 | ov_070 | 2.487643253143584 × 10^295 |
| 69 | ov_069 | 2.902788857198898 × 10^295 |
| 68 | ov_068 | 3.368354826610481 × 10^295 |
| 67 | ov_067 | 3.888487881053949 × 10^295 |
| 66 | ov_066 | 3.8884906507499026 × 10^295 |
| 65 | ov_065 | 3.88850209557419 × 10^295 |
| 62 | ov_062 | 8.57814502253912 × 10^295 |
| 61 | ov_061 | 3.1267694055347036 × 10^296 |
| 60 | ov_060 | 8.950550313645787 × 10^296 |
| 59 | ov_059 | 2.1596962333475678 × 10^297 |
| 58 | ov_058 | 4.383335793400496 × 10^297 |
| 57 | ov_057 | 7.920006963882979 × 10^297 |
| 56 | ov_056 | 1.3201044221625307 × 10^298 |
| 55 | ov_055 | 2.0735092070499643 × 10^298 |
| 54 | ov_054 | 3.110812416155383 × 10^298 |
| 53 | ov_053 | 4.556945321527816 × 10^298 |
| 52 | ov_052 | 6.552318563275821 × 10^298 |
| 51 | ov_051 | 9.252838580972734 × 10^298 |
| 50 | ov_050 | 1.2829933238984404 × 10^299 |
| 49 | ov_049 | 1.747059027923182 × 10^299 |
| 48 | ov_048 | 2.33774141262445 × 10^299 |
| 47 | ov_047 | 3.0768708658395957 × 10^299 |
| 32 | lv_80_m31 | 3.7208268826426716 × 10^299 |
| 46 | ov_046 | 3.987859498021624 × 10^299 |
| 45 | ov_045 | 5.0957174285240996 × 10^299 |
| 44 | ov_044 | 6.4270746954496815 × 10^299 |
| 43 | ov_043 | 8.010210009302207 × 10^299 |
| 42 | ov_042 | 9.875087676672061 × 10^299 |
| 41 | ov_041 | 1.2053404126578227 × 10^300 |
| 40 | ov_040 | 1.4562357871579685 × 10^300 |
| 39 | ov_039 | 1.7437295381202022 × 10^300 |
| 31 | ov_031 | 1.9088253181235506 × 10^300 |
| 38 | ov_038 | 2.0715508379212326 × 10^300 |
| 37 | ov_037 | 2.4436335262131916 × 10^300 |
| 36 | ov_036 | 2.864128091172531 × 10^300 |
| 35 | ov_035 | 3.337415699738757 × 10^300 |
| 34 | ov_034 | 3.86812449835036 × 10^300 |
| 33 | ov_033 | 4.461148418030309 × 10^300 |
| 30 | ov_030 | 9.790567141746775 × 10^300 |
| 29 | ov_029 | 3.203762004672828 × 10^301 |
| 28 | ov_028 | 8.317474031920332 × 10^301 |
| 27 | ov_027 | 1.8594788856031925 × 10^302 |
| 26 | ov_026 | 3.719172736217661 × 10^302 |
| 25 | ov_025 | 6.814574519124538 × 10^302 |
| 24 | ov_024 | 1.2041322623876204 × 10^303 |
| 23 | ov_023 | 2.047136101661618 × 10^303 |
| 22 | ov_022 | 3.3352976859148014 × 10^303 |
| 21 | ov_021 | 5.211088043054495 × 10^303 |
| 20 | ov_020 | 7.834635097434232 × 10^303 |
| 19 | ov_019 | 1.1383747497642108 × 10^304 |
| 18 | ov_018 | 1.6053950828942078 × 10^304 |
| 17 | ov_017 | 2.2058539970423497 × 10^304 |
| 16 | ov_016 | 2.9628652561482573 × 10^304 |
| 15 | ov_015 | 3.90133709963784 × 10^304 |
| 14 | ov_014 | 5.047986305230224 × 10^304 |
| 13 | ov_013 | 6.431357300421774 × 10^304 |
| 12 | ov_012 | 8.081847632064978 × 10^304 |
| 11 | ov_011 | 1.0031741227817452 × 10^305 |
| 10 | ov_010 | 1.2315251007987975 × 10^305 |
| 9 | ov_009 | 1.4968572531633087 × 10^305 |
| 8 | ov_008 | 1.802995048690584 × 10^305 |
| 7 | ov_007 | 2.1539759962949933 × 10^305 |
| 6 | ov_006 | 2.5540604569475587 × 10^305 |
| 5 | ov_005 | 3.007743360104857 × 10^305 |
| 4 | ov_004 | 3.5197680576673516 × 10^305 |
| 3 | ov_003 | 4.095142545929333 × 10^305 |
| 2 | ov_002 | 4.73915826751897 × 10^305 |
| 1 | ov_001 | 5.457411719954606 × 10^305 |

