# Results for F001-F002-F003-F004-F005-F006-F007-F008-F009-F010-F011-F012-F013-F014-F015-F016-F017-F018-F019-F020-F021-F022-F023-F024-F025-F026-F027-F028-F029-F030-F031-F032-F033-F034-F035-F036-F037-F038-F039-F040-F041-F042-F043-F044-F045-F046-F047-F048-F049-F050-F051-F052-F053-F054-F055-F056-F057-F058-F059-F060-F061-F062-F063-F064-F065-F066-F067-F068-F069-F070-F071-F072-F073-F074-F075-F076-F077-F078-F079-F080-F081-F082-F083-F084-F085-F086-F087-F088-F089-F090-F091-F092-F093-F094-F095-F096-F097-F098-F099-F100-F101-F102-F103-F104-F105-F106-F107-F108-F109-F110-F111-F112-F113-F114-F115-F116-F117-F118-F119-F120-F121-F122-F123-F124-F125-F126-F127-F128-F129-F130-F131-F132-F133-F134-F135-F136-F137-F138-F139-F140-F141-F142-F143-F144-F145-F146-F147-F148-F149-F150-F151-F152-F153-F154-F155-F156-F157-F158-F159-F160-F161-F162-F163-F164-F165-F166-F167-F168-F169-F170-F171-F172-F173-F174-F175-F176-F177-F178-F179-F180-F181-F182-F183-F184-F185-F186-F187-F188-F189-F190-F191-F192-F193-F194-F195-F196-F197-F198-F199-F200-F201-F202-F203-F204-F205-F206-F207-F208-F209-F210-F211-F212-F213-F214-F215-F216-F217-F218-F219-F220-F221-F222-F223-F224-F225-F226-F227-F228-F229-F230-F231-F232-F233-F234-F235-F236-F237-F238-F239-F240-F241-F242-F243-F244-F245-F246-F247-F248-F249-F250-F251-F252-F253-F254-F255-F256-F257-F258-F259-F260-F261-F262-F263-F264-F265-F266-F267-F268-F269-F270-F271-F272-F273-F274-F275-F276-F277-F278-F279-F280-F281-F282-F283-F284-F285-F286-F287-F288-F289-F290-F291-F292-F293-F294-F295-F296-F297-F298-F299-F300-F301-F302-F303-F304-F305-F306-F307-F308-F309-F310-F311-F312-F313-F314-F315-F316-F317-F318-F319-F320-F321-F322-F323-F324-F325-F326-F327-F328-F329-F330-F331-F332-F333-F334-F335-F336-F337-F338-F339-F340-F341-F342-F343-F344-F345-F346-F347-F348-F349-F350-F351-F352-F353-F354-F355-F356-F357-F358-F359-F360-F361-F362-F363-F364-F365-F366-F367-F368-F369-F370-F371-F372-F373-F374-F375-F376-F377-F378-F379-F380-F381-F382-F383-F384-F385-F386-F387-F388-F389-F390-F391-F392-F393-F394-F395-F396-F397-F398-F399-F400-F401-F402-F403-F404-F405-F406-F407-F408-F409-F410-F411-F412-F413-F414-F415-F416-F417-F418-F419-F420-F421-F422-F423-F424-F425-F426-F427-F428-F429-F430-F431-F432-F433-F434-F435-F436-F437-F438-F439-F440-F441-F442-F443-F444-F445-F446-F447-F448-F449-F450-F451-F452-F453-F454-F455-F456-F457-F458-F459-F460-F461-F462-F463-F464-F465-F466-F467-F468-F469-F470-F471-F472-F473-F474-F475-F476-F477-F478-F479-F480-F481-F482-F483-F484-F485-F486-F487-F488-F489-F490-F491-F492-F493-F494-F495-F496-E497503-O500505-F512

## Summary

Number of input bits: 512  
Number of free input bits: 13  
Number of output bits: 160

Number of direct occurrences: 53667  
Number of assignments: 31987  
Number of operations: 11415817
(xor: 11387135,
and: 15058,
or: 13624)

Total complexity: 4.814581579771165 × 10^303

Least occurring input variable: iv_502 (3854)  
Most occurring input variable: iv_497 (4332)

Most co-occurring input variables: iv_509-iv_510 (2144)  
Least co-occurring input variables: iv_499-iv_502 (1741)

Potentially most occurring input variable: iv_497/iv_506 (4531)  
Potentially least occurring input variable: iv_504/iv_508 (4125)

Least output occurring input variable: iv_497 (70)  
Most output occurring input variable: iv_498 (91)

Most output co-occurring input variables: iv_498-iv_506 (52)  
Least output co-occurring input variables: iv_497-iv_499 (27)

Potentially most output occurring input variable: iv_510/iv_511 (92)  
Potentially least output occurring input variable: iv_497/iv_502 (63)

Least complex input bit: iv_511 (9.081169995592552 × 10^299)  
Most complex input bit: iv_510 (1.1953288531641759 × 10^303)

Least complex output bit: aaa_76_29 (1.7284948965210383 × 10^278)  
Most complex output bit: ov_001 (7.527002952979266 × 10^302)

Least complex input/output complexity: iv_511/aaa_76_29 (3.26025340556546 × 10^274)  
Most complex input/output complexity: iv_510/ov_001 (1.8687488535557635 × 10^302)

## Input Bits

### Input Bits in Regular Order

| Input Bit | Complexity | Occurrences | Output Occurrences |
|:---------:|:----------:|:-----------:|:------------------:|
| iv_497 | 1.1324345542389618 × 10^302 | 4332 | 70 |
| iv_498 | 8.48934427442107 × 10^300 | 3975 | 91 |
| iv_499 | 1.494036281216081 × 10^301 | 3932 | 72 |
| iv_500 | 2.8384961239436997 × 10^302 | 4230 | 72 |
| iv_501 | 4.224254729022972 × 10^301 | 4115 | 84 |
| iv_502 | 6.863432901448103 × 10^301 | 3854 | 71 |
| iv_504 | 1.694426099438438 × 10^302 | 3961 | 70 |
| iv_506 | 3.884601529538445 × 10^302 | 4057 | 87 |
| iv_507 | 5.743291339773855 × 10^302 | 4219 | 88 |
| iv_508 | 8.209673333868385 × 10^302 | 4188 | 87 |
| iv_509 | 1.1337457281359665 × 10^303 | 4258 | 80 |
| iv_510 | 1.1953288531641759 × 10^303 | 4322 | 76 |
| iv_511 | 9.081169995592552 × 10^299 | 4224 | 74 |

### Input Bits Sorted by Complexity

| Input Bit | Complexity | Occurrences | Output Occurrences |
|:---------:|:----------:|:-----------:|:------------------:|
| iv_511 | 9.081169995592552 × 10^299 | 4224 | 74 |
| iv_498 | 8.48934427442107 × 10^300 | 3975 | 91 |
| iv_499 | 1.494036281216081 × 10^301 | 3932 | 72 |
| iv_501 | 4.224254729022972 × 10^301 | 4115 | 84 |
| iv_502 | 6.863432901448103 × 10^301 | 3854 | 71 |
| iv_497 | 1.1324345542389618 × 10^302 | 4332 | 70 |
| iv_504 | 1.694426099438438 × 10^302 | 3961 | 70 |
| iv_500 | 2.8384961239436997 × 10^302 | 4230 | 72 |
| iv_506 | 3.884601529538445 × 10^302 | 4057 | 87 |
| iv_507 | 5.743291339773855 × 10^302 | 4219 | 88 |
| iv_508 | 8.209673333868385 × 10^302 | 4188 | 87 |
| iv_509 | 1.1337457281359665 × 10^303 | 4258 | 80 |
| iv_510 | 1.1953288531641759 × 10^303 | 4322 | 76 |

### Input Bits Sorted by Occurrences

| Input Bit | Complexity | Occurrences | Output Occurrences |
|:---------:|:----------:|:-----------:|:------------------:|
| iv_502 | 6.863432901448103 × 10^301 | 3854 | 71 |
| iv_499 | 1.494036281216081 × 10^301 | 3932 | 72 |
| iv_504 | 1.694426099438438 × 10^302 | 3961 | 70 |
| iv_498 | 8.48934427442107 × 10^300 | 3975 | 91 |
| iv_506 | 3.884601529538445 × 10^302 | 4057 | 87 |
| iv_501 | 4.224254729022972 × 10^301 | 4115 | 84 |
| iv_508 | 8.209673333868385 × 10^302 | 4188 | 87 |
| iv_507 | 5.743291339773855 × 10^302 | 4219 | 88 |
| iv_511 | 9.081169995592552 × 10^299 | 4224 | 74 |
| iv_500 | 2.8384961239436997 × 10^302 | 4230 | 72 |
| iv_509 | 1.1337457281359665 × 10^303 | 4258 | 80 |
| iv_510 | 1.1953288531641759 × 10^303 | 4322 | 76 |
| iv_497 | 1.1324345542389618 × 10^302 | 4332 | 70 |

### Input Bits Sorted by Output Occurrences

| Input Bit | Complexity | Occurrences | Output Occurrences |
|:---------:|:----------:|:-----------:|:------------------:|
| iv_497 | 1.1324345542389618 × 10^302 | 4332 | 70 |
| iv_504 | 1.694426099438438 × 10^302 | 3961 | 70 |
| iv_502 | 6.863432901448103 × 10^301 | 3854 | 71 |
| iv_500 | 2.8384961239436997 × 10^302 | 4230 | 72 |
| iv_499 | 1.494036281216081 × 10^301 | 3932 | 72 |
| iv_511 | 9.081169995592552 × 10^299 | 4224 | 74 |
| iv_510 | 1.1953288531641759 × 10^303 | 4322 | 76 |
| iv_509 | 1.1337457281359665 × 10^303 | 4258 | 80 |
| iv_501 | 4.224254729022972 × 10^301 | 4115 | 84 |
| iv_508 | 8.209673333868385 × 10^302 | 4188 | 87 |
| iv_506 | 3.884601529538445 × 10^302 | 4057 | 87 |
| iv_507 | 5.743291339773855 × 10^302 | 4219 | 88 |
| iv_498 | 8.48934427442107 × 10^300 | 3975 | 91 |

## Input Bit Co-occurrences

### Input Bit Co-occurrences Sorted by Co-occurrences

| Input Bits | Co-occurrences | Potential Occurrences | Output Co-occurrences | Potential Output Occurrences |
|:----------:|:--------------:|:---------------------:|:---------------------:|:----------------------------:|
| iv_509-iv_510 | 2144 | 4292 | 38 | 80 |
| iv_508-iv_510 | 2093 | 4324 | 40 | 83 |
| iv_497-iv_510 | 2086 | 4482 | 32 | 82 |
| iv_500-iv_510 | 2079 | 4394 | 35 | 78 |
| iv_508-iv_511 | 2076 | 4260 | 40 | 81 |
| iv_507-iv_508 | 2075 | 4257 | 47 | 81 |
| iv_507-iv_509 | 2068 | 4341 | 47 | 74 |
| iv_501-iv_509 | 2068 | 4237 | 47 | 70 |
| iv_509-iv_511 | 2066 | 4350 | 33 | 88 |
| iv_497-iv_511 | 2065 | 4426 | 34 | 76 |
| iv_508-iv_509 | 2063 | 4320 | 38 | 91 |
| iv_497-iv_509 | 2055 | 4480 | 37 | 76 |
| iv_497-iv_507 | 2052 | 4447 | 38 | 82 |

### Input Bit Co-occurrences Sorted by Potential Occurrences

| Input Bits | Co-occurrences | Potential Occurrences | Output Co-occurrences | Potential Output Occurrences |
|:----------:|:--------------:|:---------------------:|:---------------------:|:----------------------------:|
| iv_504-iv_508 | 2012 | 4125 | 39 | 79 |
| iv_499-iv_508 | 1978 | 4164 | 43 | 73 |
| iv_498-iv_506 | 1927 | 4178 | 52 | 74 |
| iv_504-iv_506 | 1918 | 4182 | 41 | 75 |
| iv_506-iv_507 | 2045 | 4186 | 48 | 79 |
| iv_497-iv_502 | 2000 | 4186 | 39 | 63 |
| iv_502-iv_508 | 1928 | 4186 | 42 | 74 |
| iv_499-iv_504 | 1853 | 4187 | 29 | 84 |
| iv_499-iv_509 | 1998 | 4194 | 41 | 70 |
| iv_502-iv_506 | 1853 | 4205 | 41 | 76 |
| iv_500-iv_504 | 1987 | 4217 | 32 | 78 |
| iv_499-iv_501 | 1914 | 4219 | 38 | 80 |
| iv_498-iv_504 | 1855 | 4226 | 41 | 79 |

### Input Bit Output Co-occurrences Sorted by Output Co-occurrences

| Input Bits | Co-occurrences | Potential Occurrences | Output Co-occurrences | Potential Output Occurrences |
|:----------:|:--------------:|:---------------------:|:---------------------:|:----------------------------:|
| iv_498-iv_507 | 1937 | 4320 | 52 | 75 |
| iv_498-iv_506 | 1927 | 4178 | 52 | 74 |
| iv_498-iv_508 | 1965 | 4233 | 49 | 80 |
| iv_501-iv_507 | 1963 | 4408 | 48 | 76 |
| iv_506-iv_507 | 2045 | 4186 | 48 | 79 |
| iv_507-iv_510 | 2020 | 4501 | 48 | 68 |
| iv_499-iv_507 | 1939 | 4273 | 48 | 64 |
| iv_501-iv_509 | 2068 | 4237 | 47 | 70 |
| iv_507-iv_508 | 2075 | 4257 | 47 | 81 |
| iv_507-iv_509 | 2068 | 4341 | 47 | 74 |
| iv_501-iv_506 | 1913 | 4346 | 47 | 77 |
| iv_498-iv_501 | 1877 | 4336 | 46 | 83 |
| iv_501-iv_508 | 1954 | 4395 | 45 | 81 |

### Input Bit Output Co-occurrences Sorted by Potential Output Occurrences

| Input Bits | Co-occurrences | Potential Occurrences | Output Co-occurrences | Potential Output Occurrences |
|:----------:|:--------------:|:---------------------:|:---------------------:|:----------------------------:|
| iv_497-iv_502 | 2000 | 4186 | 39 | 63 |
| iv_499-iv_507 | 1939 | 4273 | 48 | 64 |
| iv_507-iv_510 | 2020 | 4501 | 48 | 68 |
| iv_501-iv_502 | 1856 | 4257 | 43 | 69 |
| iv_501-iv_509 | 2068 | 4237 | 47 | 70 |
| iv_499-iv_509 | 1998 | 4194 | 41 | 70 |
| iv_502-iv_504 | 1786 | 4243 | 34 | 73 |
| iv_499-iv_508 | 1978 | 4164 | 43 | 73 |
| iv_502-iv_510 | 1913 | 4350 | 37 | 73 |
| iv_497-iv_501 | 2032 | 4383 | 40 | 74 |
| iv_501-iv_504 | 1892 | 4292 | 40 | 74 |
| iv_502-iv_508 | 1928 | 4186 | 42 | 74 |
| iv_500-iv_511 | 1986 | 4482 | 36 | 74 |

## Output Bits

### Output Bits in Regular Order

| Rank | Output Bit | Complexity |
|:----:|:----------:|:----------:|
| 1 | ov_001 | 7.527002952979266 × 10^302 |
| 2 | ov_002 | 6.549700771718629 × 10^302 |
| 3 | ov_003 | 5.672312933662174 × 10^302 |
| 4 | ov_004 | 4.887345548708051 × 10^302 |
| 5 | ov_005 | 4.187714974541215 × 10^302 |
| 6 | ov_006 | 3.5667188936925393 × 10^302 |
| 7 | ov_007 | 3.0180111584233744 × 10^302 |
| 8 | ov_008 | 2.535580056408744 × 10^302 |
| 9 | ov_009 | 2.1137296687740464 × 10^302 |
| 10 | ov_010 | 1.7470640099417945 × 10^302 |
| 11 | ov_011 | 1.430473656088597 × 10^302 |
| 12 | ov_012 | 1.1591245859046553 × 10^302 |
| 13 | ov_013 | 9.284489738804586 × 10^301 |
| 14 | ov_014 | 7.341376925964453 × 10^301 |
| 15 | ov_015 | 5.721342965272222 × 10^301 |
| 16 | ov_016 | 4.386302757470222 × 10^301 |
| 17 | ov_017 | 3.300613836816824 × 10^301 |
| 18 | ov_018 | 2.4310485872949417 × 10^301 |
| 19 | ov_019 | 1.746773751954042 × 10^301 |
| 20 | ov_020 | 1.2193357456970323 × 10^301 |
| 21 | ov_021 | 8.22650437469074 × 10^300 |
| 22 | ov_022 | 5.329962233181768 × 10^300 |
| 23 | ov_023 | 3.2900941175275084 × 10^300 |
| 24 | ov_024 | 1.9168122206358584 × 10^300 |
| 25 | ov_025 | 1.0435594636933806 × 10^300 |
| 26 | ov_026 | 5.272994201863673 × 10^299 |
| 27 | ov_027 | 2.485115706797604 × 10^299 |
| 28 | ov_028 | 1.1118942987548508 × 10^299 |
| 29 | ov_029 | 4.2839943122783165 × 10^298 |
| 30 | ov_030 | 1.309490939209748 × 10^298 |
| 31 | ov_031 | 2.55371121812765 × 10^297 |
| 32 | lv_80_m31 | 4.979093989015284 × 10^296 |
| 33 | ov_033 | 5.995600683239598 × 10^297 |
| 34 | ov_034 | 5.2065569589101616 × 10^297 |
| 35 | ov_035 | 4.4992432517791664 × 10^297 |
| 36 | ov_036 | 3.867473222760779 × 10^297 |
| 37 | ov_037 | 3.305399600354267 × 10^297 |
| 38 | ov_038 | 2.807490201422378 × 10^297 |
| 39 | ov_039 | 2.3685070675690663 × 10^297 |
| 40 | ov_040 | 1.9834884335625164 × 10^297 |
| 41 | ov_041 | 1.647733258397551 × 10^297 |
| 42 | ov_042 | 1.3567880635048197 × 10^297 |
| 43 | ov_043 | 1.1064358363416532 × 10^297 |
| 44 | ov_044 | 8.926867711733126 × 10^296 |
| 45 | ov_045 | 7.117706322966825 × 10^296 |
| 46 | ov_046 | 5.6013053829031475 × 10^296 |
| 47 | ov_047 | 4.34417979112495 × 10^296 |
| 48 | ov_048 | 3.3148889102838432 × 10^296 |
| 49 | ov_049 | 2.4840062744263927 × 10^296 |
| 50 | ov_050 | 1.8240967675798342 × 10^296 |
| 51 | ov_051 | 1.309699913846558 × 10^296 |
| 52 | ov_052 | 9.173180500057303 × 10^295 |
| 53 | ov_053 | 6.254082811508245 × 10^295 |
| 54 | ov_054 | 4.143772492654139 × 10^295 |
| 55 | ov_055 | 2.66577873913676 × 10^295 |
| 56 | ov_056 | 1.6630738176711435 × 10^295 |
| 57 | ov_057 | 9.980614778629184 × 10^294 |
| 58 | ov_058 | 5.525705274104495 × 10^294 |
| 59 | ov_059 | 2.7237108347825742 × 10^294 |
| 60 | ov_060 | 1.1294368418115907 × 10^294 |
| 61 | ov_061 | 3.947892416768467 × 10^293 |
| 62 | ov_062 | 1.083739575469812 × 10^293 |
| 63 | ov_063 | 2.113865863818033 × 10^292 |
| 64 | lv_79_m31 | 4.1222667089827714 × 10^291 |
| 65 | ov_065 | 4.956984603242397 × 10^292 |
| 66 | ov_066 | 4.956971873628423 × 10^292 |
| 67 | ov_067 | 4.956968836533578 × 10^292 |
| 68 | ov_068 | 4.3065049944091013 × 10^292 |
| 69 | ov_069 | 3.722651940752538 × 10^292 |
| 70 | ov_070 | 3.2005563631076734 × 10^292 |
| 71 | ov_071 | 2.7355971831693416 × 10^292 |
| 72 | ov_072 | 2.3233705121714903 × 10^292 |
| 73 | ov_073 | 1.9596775723768027 × 10^292 |
| 74 | ov_074 | 1.6405151567694319 × 10^292 |
| 75 | ov_075 | 1.3620682218795699 × 10^292 |
| 76 | ov_076 | 1.120704230587341 × 10^292 |
| 77 | ov_077 | 9.12968882920638 × 10^291 |
| 78 | ov_078 | 7.355828934161541 × 10^291 |
| 79 | ov_079 | 5.85439493674488 × 10^291 |
| 80 | ov_080 | 4.596023901153337 × 10^291 |
| 81 | ov_081 | 3.553040190584182 × 10^291 |
| 82 | ov_082 | 2.699440460759488 × 10^291 |
| 83 | ov_083 | 2.0108809076734148 × 10^291 |
| 84 | ov_084 | 1.4646665819215844 × 10^291 |
| 85 | ov_085 | 1.0397425825412494 × 10^291 |
| 86 | ov_086 | 7.166869436586325 × 10^290 |
| 87 | ov_087 | 4.777050274706739 × 10^290 |
| 88 | ov_088 | 3.066252372292098 × 10^290 |
| 89 | ov_089 | 1.888958639771963 × 10^290 |
| 90 | ov_090 | 1.115828808299711 × 10^290 |
| 91 | ov_091 | 6.336849861533167 × 10^289 |
| 92 | ov_092 | 3.4550298248861833 × 10^289 |
| 93 | ov_093 | 1.7040764387950046 × 10^289 |
| 94 | ov_094 | 7.199826838232543 × 10^288 |
| 95 | aaa_78_28 | 2.1947274373230113 × 10^288 |
| 96 | aaa_78_29 | 6.604129671715072 × 10^287 |
| 97 | ov_097 | 3.3991964775126214 × 10^287 |
| 98 | ov_098 | 3.3991653768485657 × 10^287 |
| 99 | ov_099 | 3.39915541779984 × 10^287 |
| 100 | ov_100 | 2.82037370317717 × 10^287 |
| 101 | ov_101 | 2.3214137109410372 × 10^287 |
| 102 | ov_102 | 1.8946284610373937 × 10^287 |
| 103 | ov_103 | 1.5327955176264835 × 10^287 |
| 104 | ov_104 | 1.2290860330042612 × 10^287 |
| 105 | ov_105 | 9.770377167436183 × 10^286 |
| 106 | ov_106 | 7.705313784328868 × 10^286 |
| 107 | ov_107 | 6.037707109077145 × 10^286 |
| 108 | ov_108 | 4.712649986780154 × 10^286 |
| 109 | ov_109 | 3.6781445347338444 × 10^286 |
| 110 | ov_110 | 2.884978955805391 × 10^286 |
| 111 | ov_111 | 2.2866251602255116 × 10^286 |
| 112 | ov_112 | 1.8391547071524277 × 10^286 |
| 113 | ov_113 | 1.5011707360133991 × 10^286 |
| 114 | ov_114 | 1.2337537146589438 × 10^286 |
| 115 | ov_115 | 1.0004189872414302 × 10^286 |
| 116 | ov_116 | 7.987884759128839 × 10^285 |
| 117 | ov_117 | 6.265017096694975 × 10^285 |
| 118 | ov_118 | 4.8121054611836744 × 10^285 |
| 119 | ov_119 | 3.605751381934332 × 10^285 |
| 120 | ov_120 | 2.622609918316706 × 10^285 |
| 121 | ov_121 | 1.8393696064652402 × 10^285 |
| 122 | ov_122 | 1.2327395463400699 × 10^285 |
| 123 | ov_123 | 7.794409018028814 × 10^284 |
| 124 | ov_124 | 4.562011614220242 × 10^284 |
| 125 | ov_125 | 2.397505789852314 × 10^284 |
| 126 | ov_126 | 1.0682035555349359 × 10^284 |
| 127 | aaa_77_28 | 3.414194066480368 × 10^283 |
| 128 | aaa_77_29 | 1.2818211971055477 × 10^283 |
| 129 | ov_129 | 1.1958463850752693 × 10^283 |
| 130 | ov_130 | 1.1958430150422416 × 10^283 |
| 131 | ov_131 | 1.1958421991376659 × 10^283 |
| 132 | ov_132 | 1.0405255905790914 × 10^283 |
| 133 | ov_133 | 9.009007469144383 × 10^282 |
| 134 | ov_134 | 7.757508035916423 × 10^282 |
| 135 | ov_135 | 6.63925137583429 × 10^282 |
| 136 | ov_136 | 5.643346503127445 × 10^282 |
| 137 | ov_137 | 4.764496248938265 × 10^282 |
| 138 | ov_138 | 3.9929230343409474 × 10^282 |
| 139 | ov_139 | 3.3193582451860435 × 10^282 |
| 140 | ov_140 | 2.73501672520362 × 10^282 |
| 141 | ov_141 | 2.2315753889160634 × 10^282 |
| 142 | ov_142 | 1.8011554921523024 × 10^282 |
| 143 | ov_143 | 1.4363081251142784 × 10^282 |
| 144 | ov_144 | 1.1300025197658771 × 10^282 |
| 145 | ov_145 | 8.756167898920613 × 10^281 |
| 146 | ov_146 | 6.669307485886912 × 10^281 |
| 147 | ov_147 | 4.9812047424972795 × 10^281 |
| 148 | ov_148 | 3.637543223593472 × 10^281 |
| 149 | ov_149 | 2.5879010659875444 × 10^281 |
| 150 | ov_150 | 1.7857319895675073 × 10^281 |
| 151 | ov_151 | 1.1883532469795784 × 10^281 |
| 152 | ov_152 | 7.569385419809764 × 10^280 |
| 153 | ov_153 | 4.565141980526646 × 10^280 |
| 154 | ov_154 | 2.5595717870034977 × 10^280 |
| 155 | ov_155 | 1.2799401887597574 × 10^280 |
| 156 | aaa_76_25 | 4.9200243233184876 × 10^279 |
| 157 | aaa_76_26 | 2.843249034391405 × 10^279 |
| 158 | aaa_76_27 | 1.4566293305759247 × 10^279 |
| 159 | aaa_76_28 | 5.677437970945628 × 10^278 |
| 160 | aaa_76_29 | 1.7284948965210383 × 10^278 |

### Output Bits Sorted by Complexity

| Rank | Output Bit | Complexity |
|:----:|:----------:|:----------:|
| 160 | aaa_76_29 | 1.7284948965210383 × 10^278 |
| 159 | aaa_76_28 | 5.677437970945628 × 10^278 |
| 158 | aaa_76_27 | 1.4566293305759247 × 10^279 |
| 157 | aaa_76_26 | 2.843249034391405 × 10^279 |
| 156 | aaa_76_25 | 4.9200243233184876 × 10^279 |
| 155 | ov_155 | 1.2799401887597574 × 10^280 |
| 154 | ov_154 | 2.5595717870034977 × 10^280 |
| 153 | ov_153 | 4.565141980526646 × 10^280 |
| 152 | ov_152 | 7.569385419809764 × 10^280 |
| 151 | ov_151 | 1.1883532469795784 × 10^281 |
| 150 | ov_150 | 1.7857319895675073 × 10^281 |
| 149 | ov_149 | 2.5879010659875444 × 10^281 |
| 148 | ov_148 | 3.637543223593472 × 10^281 |
| 147 | ov_147 | 4.9812047424972795 × 10^281 |
| 146 | ov_146 | 6.669307485886912 × 10^281 |
| 145 | ov_145 | 8.756167898920613 × 10^281 |
| 144 | ov_144 | 1.1300025197658771 × 10^282 |
| 143 | ov_143 | 1.4363081251142784 × 10^282 |
| 142 | ov_142 | 1.8011554921523024 × 10^282 |
| 141 | ov_141 | 2.2315753889160634 × 10^282 |
| 140 | ov_140 | 2.73501672520362 × 10^282 |
| 139 | ov_139 | 3.3193582451860435 × 10^282 |
| 138 | ov_138 | 3.9929230343409474 × 10^282 |
| 137 | ov_137 | 4.764496248938265 × 10^282 |
| 136 | ov_136 | 5.643346503127445 × 10^282 |
| 135 | ov_135 | 6.63925137583429 × 10^282 |
| 134 | ov_134 | 7.757508035916423 × 10^282 |
| 133 | ov_133 | 9.009007469144383 × 10^282 |
| 132 | ov_132 | 1.0405255905790914 × 10^283 |
| 131 | ov_131 | 1.1958421991376659 × 10^283 |
| 130 | ov_130 | 1.1958430150422416 × 10^283 |
| 129 | ov_129 | 1.1958463850752693 × 10^283 |
| 128 | aaa_77_29 | 1.2818211971055477 × 10^283 |
| 127 | aaa_77_28 | 3.414194066480368 × 10^283 |
| 126 | ov_126 | 1.0682035555349359 × 10^284 |
| 125 | ov_125 | 2.397505789852314 × 10^284 |
| 124 | ov_124 | 4.562011614220242 × 10^284 |
| 123 | ov_123 | 7.794409018028814 × 10^284 |
| 122 | ov_122 | 1.2327395463400699 × 10^285 |
| 121 | ov_121 | 1.8393696064652402 × 10^285 |
| 120 | ov_120 | 2.622609918316706 × 10^285 |
| 119 | ov_119 | 3.605751381934332 × 10^285 |
| 118 | ov_118 | 4.8121054611836744 × 10^285 |
| 117 | ov_117 | 6.265017096694975 × 10^285 |
| 116 | ov_116 | 7.987884759128839 × 10^285 |
| 115 | ov_115 | 1.0004189872414302 × 10^286 |
| 114 | ov_114 | 1.2337537146589438 × 10^286 |
| 113 | ov_113 | 1.5011707360133991 × 10^286 |
| 112 | ov_112 | 1.8391547071524277 × 10^286 |
| 111 | ov_111 | 2.2866251602255116 × 10^286 |
| 110 | ov_110 | 2.884978955805391 × 10^286 |
| 109 | ov_109 | 3.6781445347338444 × 10^286 |
| 108 | ov_108 | 4.712649986780154 × 10^286 |
| 107 | ov_107 | 6.037707109077145 × 10^286 |
| 106 | ov_106 | 7.705313784328868 × 10^286 |
| 105 | ov_105 | 9.770377167436183 × 10^286 |
| 104 | ov_104 | 1.2290860330042612 × 10^287 |
| 103 | ov_103 | 1.5327955176264835 × 10^287 |
| 102 | ov_102 | 1.8946284610373937 × 10^287 |
| 101 | ov_101 | 2.3214137109410372 × 10^287 |
| 100 | ov_100 | 2.82037370317717 × 10^287 |
| 99 | ov_099 | 3.39915541779984 × 10^287 |
| 98 | ov_098 | 3.3991653768485657 × 10^287 |
| 97 | ov_097 | 3.3991964775126214 × 10^287 |
| 96 | aaa_78_29 | 6.604129671715072 × 10^287 |
| 95 | aaa_78_28 | 2.1947274373230113 × 10^288 |
| 94 | ov_094 | 7.199826838232543 × 10^288 |
| 93 | ov_093 | 1.7040764387950046 × 10^289 |
| 92 | ov_092 | 3.4550298248861833 × 10^289 |
| 91 | ov_091 | 6.336849861533167 × 10^289 |
| 90 | ov_090 | 1.115828808299711 × 10^290 |
| 89 | ov_089 | 1.888958639771963 × 10^290 |
| 88 | ov_088 | 3.066252372292098 × 10^290 |
| 87 | ov_087 | 4.777050274706739 × 10^290 |
| 86 | ov_086 | 7.166869436586325 × 10^290 |
| 85 | ov_085 | 1.0397425825412494 × 10^291 |
| 84 | ov_084 | 1.4646665819215844 × 10^291 |
| 83 | ov_083 | 2.0108809076734148 × 10^291 |
| 82 | ov_082 | 2.699440460759488 × 10^291 |
| 81 | ov_081 | 3.553040190584182 × 10^291 |
| 64 | lv_79_m31 | 4.1222667089827714 × 10^291 |
| 80 | ov_080 | 4.596023901153337 × 10^291 |
| 79 | ov_079 | 5.85439493674488 × 10^291 |
| 78 | ov_078 | 7.355828934161541 × 10^291 |
| 77 | ov_077 | 9.12968882920638 × 10^291 |
| 76 | ov_076 | 1.120704230587341 × 10^292 |
| 75 | ov_075 | 1.3620682218795699 × 10^292 |
| 74 | ov_074 | 1.6405151567694319 × 10^292 |
| 73 | ov_073 | 1.9596775723768027 × 10^292 |
| 63 | ov_063 | 2.113865863818033 × 10^292 |
| 72 | ov_072 | 2.3233705121714903 × 10^292 |
| 71 | ov_071 | 2.7355971831693416 × 10^292 |
| 70 | ov_070 | 3.2005563631076734 × 10^292 |
| 69 | ov_069 | 3.722651940752538 × 10^292 |
| 68 | ov_068 | 4.3065049944091013 × 10^292 |
| 67 | ov_067 | 4.956968836533578 × 10^292 |
| 66 | ov_066 | 4.956971873628423 × 10^292 |
| 65 | ov_065 | 4.956984603242397 × 10^292 |
| 62 | ov_062 | 1.083739575469812 × 10^293 |
| 61 | ov_061 | 3.947892416768467 × 10^293 |
| 60 | ov_060 | 1.1294368418115907 × 10^294 |
| 59 | ov_059 | 2.7237108347825742 × 10^294 |
| 58 | ov_058 | 5.525705274104495 × 10^294 |
| 57 | ov_057 | 9.980614778629184 × 10^294 |
| 56 | ov_056 | 1.6630738176711435 × 10^295 |
| 55 | ov_055 | 2.66577873913676 × 10^295 |
| 54 | ov_054 | 4.143772492654139 × 10^295 |
| 53 | ov_053 | 6.254082811508245 × 10^295 |
| 52 | ov_052 | 9.173180500057303 × 10^295 |
| 51 | ov_051 | 1.309699913846558 × 10^296 |
| 50 | ov_050 | 1.8240967675798342 × 10^296 |
| 49 | ov_049 | 2.4840062744263927 × 10^296 |
| 48 | ov_048 | 3.3148889102838432 × 10^296 |
| 47 | ov_047 | 4.34417979112495 × 10^296 |
| 32 | lv_80_m31 | 4.979093989015284 × 10^296 |
| 46 | ov_046 | 5.6013053829031475 × 10^296 |
| 45 | ov_045 | 7.117706322966825 × 10^296 |
| 44 | ov_044 | 8.926867711733126 × 10^296 |
| 43 | ov_043 | 1.1064358363416532 × 10^297 |
| 42 | ov_042 | 1.3567880635048197 × 10^297 |
| 41 | ov_041 | 1.647733258397551 × 10^297 |
| 40 | ov_040 | 1.9834884335625164 × 10^297 |
| 39 | ov_039 | 2.3685070675690663 × 10^297 |
| 31 | ov_031 | 2.55371121812765 × 10^297 |
| 38 | ov_038 | 2.807490201422378 × 10^297 |
| 37 | ov_037 | 3.305399600354267 × 10^297 |
| 36 | ov_036 | 3.867473222760779 × 10^297 |
| 35 | ov_035 | 4.4992432517791664 × 10^297 |
| 34 | ov_034 | 5.2065569589101616 × 10^297 |
| 33 | ov_033 | 5.995600683239598 × 10^297 |
| 30 | ov_030 | 1.309490939209748 × 10^298 |
| 29 | ov_029 | 4.2839943122783165 × 10^298 |
| 28 | ov_028 | 1.1118942987548508 × 10^299 |
| 27 | ov_027 | 2.485115706797604 × 10^299 |
| 26 | ov_026 | 5.272994201863673 × 10^299 |
| 25 | ov_025 | 1.0435594636933806 × 10^300 |
| 24 | ov_024 | 1.9168122206358584 × 10^300 |
| 23 | ov_023 | 3.2900941175275084 × 10^300 |
| 22 | ov_022 | 5.329962233181768 × 10^300 |
| 21 | ov_021 | 8.22650437469074 × 10^300 |
| 20 | ov_020 | 1.2193357456970323 × 10^301 |
| 19 | ov_019 | 1.746773751954042 × 10^301 |
| 18 | ov_018 | 2.4310485872949417 × 10^301 |
| 17 | ov_017 | 3.300613836816824 × 10^301 |
| 16 | ov_016 | 4.386302757470222 × 10^301 |
| 15 | ov_015 | 5.721342965272222 × 10^301 |
| 14 | ov_014 | 7.341376925964453 × 10^301 |
| 13 | ov_013 | 9.284489738804586 × 10^301 |
| 12 | ov_012 | 1.1591245859046553 × 10^302 |
| 11 | ov_011 | 1.430473656088597 × 10^302 |
| 10 | ov_010 | 1.7470640099417945 × 10^302 |
| 9 | ov_009 | 2.1137296687740464 × 10^302 |
| 8 | ov_008 | 2.535580056408744 × 10^302 |
| 7 | ov_007 | 3.0180111584233744 × 10^302 |
| 6 | ov_006 | 3.5667188936925393 × 10^302 |
| 5 | ov_005 | 4.187714974541215 × 10^302 |
| 4 | ov_004 | 4.887345548708051 × 10^302 |
| 3 | ov_003 | 5.672312933662174 × 10^302 |
| 2 | ov_002 | 6.549700771718629 × 10^302 |
| 1 | ov_001 | 7.527002952979266 × 10^302 |

