# Results for F001-F002-F003-F004-F005-F006-F007-F008-F009-F010-F011-F012-F013-F014-F015-F016-F017-F018-F019-F020-F021-F022-F023-F024-F025-F026-F027-F028-F029-F030-F031-F032-F033-F034-F035-F036-F037-F038-F039-F040-F041-F042-F043-F044-F045-F046-F047-F048-F049-F050-F051-F052-F053-F054-F055-F056-F057-F058-F059-F060-F061-F062-F063-F064-F065-F066-F067-F068-F069-F070-F071-F072-F073-F074-F075-F076-F077-F078-F079-F080-F081-F082-F083-F084-F085-F086-F087-F088-F089-F090-F091-F092-F093-F094-F095-F096-F097-F098-F099-F100-F101-F102-F103-F104-F105-F106-F107-F108-F109-F110-F111-F112-F113-F114-F115-F116-F117-F118-F119-F120-F121-F122-F123-F124-F125-F126-F127-F128-F129-F130-F131-F132-F133-F134-F135-F136-F137-F138-F139-F140-F141-F142-F143-F144-F145-F146-F147-F148-F149-F150-F151-F152-F153-F154-F155-F156-F157-F158-F159-F160-F161-F162-F163-F164-F165-F166-F167-F168-F169-F170-F171-F172-F173-F174-F175-F176-F177-F178-F179-F180-F181-F182-F183-F184-F185-F186-F187-F188-F189-F190-F191-F192-F193-F194-F195-F196-F197-F198-F199-F200-F201-F202-F203-F204-F205-F206-F207-F208-F209-F210-F211-F212-F213-F214-F215-F216-F217-F218-F219-F220-F221-F222-F223-F224-F225-F226-F227-F228-F229-F230-F231-F232-F233-F234-F235-F236-F237-F238-F239-F240-F241-F242-F243-F244-F245-F246-F247-F248-F249-F250-F251-F252-F253-F254-F255-F256-F257-F258-F259-F260-F261-F262-F263-F264-F265-F266-F267-F268-F269-F270-F271-F272-F273-F274-F275-F276-F277-F278-F279-F280-F281-F282-F283-F284-F285-F286-F287-F288-F289-F290-F291-F292-F293-F294-F295-F296-F297-F298-F299-F300-F301-F302-F303-F304-F305-F306-F307-F308-F309-F310-F311-F312-F313-F314-F315-F316-F317-F318-F319-F320-F321-F322-F323-F324-F325-F326-F327-F328-F329-F330-F331-F332-F333-F334-F335-F336-F337-F338-F339-F340-F341-F342-F343-F344-F345-F346-F347-F348-F349-F350-F351-F352-F353-F354-F355-F356-F357-F358-F359-F360-F361-F362-F363-F364-F365-F366-F367-F368-F369-F370-F371-F372-F373-F374-F375-F376-F377-F378-F379-F380-F381-F382-F383-F384-F385-F386-F387-F388-F389-F390-F391-F392-F393-F394-F395-F396-F397-F398-F399-F400-F401-F402-F403-F404-F405-F406-F407-F408-F409-F410-F411-F412-F413-F414-F415-F416-F417-F418-F419-F420-F421-F422-F423-F424-F425-F426-F427-F428-F429-F430-F431-F432-F433-F434-F435-F436-F437-F438-F439-F440-F441-F442-F443-F444-F445-F446-F447-F448-F449-F450-F451-F452-F453-F454-F455-F456-F457-F458-F459-F460-F461-F462-F463-F464-F465-F466-F467-F468-F469-F470-F471-F472-F473-F474-F475-F476-F477-F478-F479-F480-F481-F482-F483-F484-F485-F486-F487-F488-F489-F490-F491-F492-F493-F494-F495-F496-E500511-T507-T512

## Summary

Number of input bits: 512  
Number of free input bits: 13  
Number of output bits: 160

Number of direct occurrences: 54373  
Number of assignments: 32440  
Number of operations: 12577535
(xor: 12548013,
and: 15733,
or: 13789)

Total complexity: 2.1669715652208792 × 10^310

Least occurring input variable: iv_504 (4069)  
Most occurring input variable: iv_509 (4300)

Most co-occurring input variables: iv_498-iv_503 (2070)  
Least co-occurring input variables: iv_497-iv_499 (1854)

Potentially most occurring input variable: iv_500/iv_505 (4613)  
Potentially least occurring input variable: iv_497/iv_505 (4212)

Least output occurring input variable: iv_504 (71)  
Most output occurring input variable: iv_503 (86)

Most output co-occurring input variables: iv_497-iv_503 (48)  
Least output co-occurring input variables: iv_499-iv_508 (27)

Potentially most output occurring input variable: iv_497/iv_502 (96)  
Potentially least output occurring input variable: iv_503/iv_505 (64)

Least complex input bit: iv_497 (1.8716280877510757 × 10^307)  
Most complex input bit: iv_510 (6.486601234875351 × 10^309)

Least complex output bit: aaa_76_29 (4.552557386646682 × 10^284)  
Most complex output bit: ov_001 (3.387755794231207 × 10^309)

Least complex input/output complexity: iv_497/aaa_76_29 (3.9320747963197475 × 10^281)  
Most complex input/output complexity: iv_510/ov_001 (1.014089029639683 × 10^309)

## Input Bits

### Input Bits in Regular Order

| Input Bit | Complexity | Occurrences | Output Occurrences |
|:---------:|:----------:|:-----------:|:------------------:|
| iv_497 | 1.8716280877510757 × 10^307 | 4115 | 82 |
| iv_498 | 3.77574040878532 × 10^307 | 4200 | 81 |
| iv_499 | 6.722911436629621 × 10^307 | 4099 | 74 |
| iv_500 | 1.9935246876297953 × 10^309 | 4298 | 81 |
| iv_501 | 1.9416828738092224 × 10^308 | 4175 | 74 |
| iv_502 | 3.1558990271544803 × 10^308 | 4165 | 86 |
| iv_503 | 4.975732061267724 × 10^308 | 4229 | 86 |
| iv_504 | 7.66350554862261 × 10^308 | 4069 | 71 |
| iv_505 | 1.158044483215226 × 10^309 | 4135 | 74 |
| iv_506 | 1.7205855821993187 × 10^309 | 4200 | 77 |
| iv_508 | 3.5445069536969846 × 10^309 | 4183 | 72 |
| iv_509 | 4.869067960175049 × 10^309 | 4300 | 74 |
| iv_510 | 6.486601234875351 × 10^309 | 4205 | 79 |

### Input Bits Sorted by Complexity

| Input Bit | Complexity | Occurrences | Output Occurrences |
|:---------:|:----------:|:-----------:|:------------------:|
| iv_497 | 1.8716280877510757 × 10^307 | 4115 | 82 |
| iv_498 | 3.77574040878532 × 10^307 | 4200 | 81 |
| iv_499 | 6.722911436629621 × 10^307 | 4099 | 74 |
| iv_501 | 1.9416828738092224 × 10^308 | 4175 | 74 |
| iv_502 | 3.1558990271544803 × 10^308 | 4165 | 86 |
| iv_503 | 4.975732061267724 × 10^308 | 4229 | 86 |
| iv_504 | 7.66350554862261 × 10^308 | 4069 | 71 |
| iv_505 | 1.158044483215226 × 10^309 | 4135 | 74 |
| iv_506 | 1.7205855821993187 × 10^309 | 4200 | 77 |
| iv_500 | 1.9935246876297953 × 10^309 | 4298 | 81 |
| iv_508 | 3.5445069536969846 × 10^309 | 4183 | 72 |
| iv_509 | 4.869067960175049 × 10^309 | 4300 | 74 |
| iv_510 | 6.486601234875351 × 10^309 | 4205 | 79 |

### Input Bits Sorted by Occurrences

| Input Bit | Complexity | Occurrences | Output Occurrences |
|:---------:|:----------:|:-----------:|:------------------:|
| iv_504 | 7.66350554862261 × 10^308 | 4069 | 71 |
| iv_499 | 6.722911436629621 × 10^307 | 4099 | 74 |
| iv_497 | 1.8716280877510757 × 10^307 | 4115 | 82 |
| iv_505 | 1.158044483215226 × 10^309 | 4135 | 74 |
| iv_502 | 3.1558990271544803 × 10^308 | 4165 | 86 |
| iv_501 | 1.9416828738092224 × 10^308 | 4175 | 74 |
| iv_508 | 3.5445069536969846 × 10^309 | 4183 | 72 |
| iv_506 | 1.7205855821993187 × 10^309 | 4200 | 77 |
| iv_498 | 3.77574040878532 × 10^307 | 4200 | 81 |
| iv_510 | 6.486601234875351 × 10^309 | 4205 | 79 |
| iv_503 | 4.975732061267724 × 10^308 | 4229 | 86 |
| iv_500 | 1.9935246876297953 × 10^309 | 4298 | 81 |
| iv_509 | 4.869067960175049 × 10^309 | 4300 | 74 |

### Input Bits Sorted by Output Occurrences

| Input Bit | Complexity | Occurrences | Output Occurrences |
|:---------:|:----------:|:-----------:|:------------------:|
| iv_504 | 7.66350554862261 × 10^308 | 4069 | 71 |
| iv_508 | 3.5445069536969846 × 10^309 | 4183 | 72 |
| iv_501 | 1.9416828738092224 × 10^308 | 4175 | 74 |
| iv_505 | 1.158044483215226 × 10^309 | 4135 | 74 |
| iv_499 | 6.722911436629621 × 10^307 | 4099 | 74 |
| iv_509 | 4.869067960175049 × 10^309 | 4300 | 74 |
| iv_506 | 1.7205855821993187 × 10^309 | 4200 | 77 |
| iv_510 | 6.486601234875351 × 10^309 | 4205 | 79 |
| iv_498 | 3.77574040878532 × 10^307 | 4200 | 81 |
| iv_500 | 1.9935246876297953 × 10^309 | 4298 | 81 |
| iv_497 | 1.8716280877510757 × 10^307 | 4115 | 82 |
| iv_502 | 3.1558990271544803 × 10^308 | 4165 | 86 |
| iv_503 | 4.975732061267724 × 10^308 | 4229 | 86 |

## Input Bit Co-occurrences

### Input Bit Co-occurrences Sorted by Co-occurrences

| Input Bits | Co-occurrences | Potential Occurrences | Output Co-occurrences | Potential Output Occurrences |
|:----------:|:--------------:|:---------------------:|:---------------------:|:----------------------------:|
| iv_498-iv_503 | 2070 | 4289 | 46 | 75 |
| iv_498-iv_510 | 2063 | 4279 | 38 | 84 |
| iv_503-iv_509 | 2060 | 4409 | 40 | 80 |
| iv_506-iv_509 | 2058 | 4384 | 35 | 81 |
| iv_498-iv_509 | 2054 | 4392 | 41 | 73 |
| iv_500-iv_509 | 2036 | 4526 | 42 | 71 |
| iv_502-iv_509 | 2030 | 4405 | 42 | 76 |
| iv_501-iv_503 | 2030 | 4344 | 39 | 82 |
| iv_501-iv_509 | 2030 | 4415 | 32 | 84 |
| iv_502-iv_506 | 2029 | 4307 | 44 | 75 |
| iv_503-iv_505 | 2025 | 4314 | 48 | 64 |
| iv_499-iv_509 | 2021 | 4357 | 29 | 90 |
| iv_497-iv_505 | 2019 | 4212 | 39 | 78 |

### Input Bit Co-occurrences Sorted by Potential Occurrences

| Input Bits | Co-occurrences | Potential Occurrences | Output Co-occurrences | Potential Output Occurrences |
|:----------:|:--------------:|:---------------------:|:---------------------:|:----------------------------:|
| iv_497-iv_505 | 2019 | 4212 | 39 | 78 |
| iv_504-iv_510 | 2004 | 4266 | 35 | 80 |
| iv_498-iv_510 | 2063 | 4279 | 38 | 84 |
| iv_505-iv_508 | 2017 | 4284 | 35 | 76 |
| iv_498-iv_503 | 2070 | 4289 | 46 | 75 |
| iv_499-iv_506 | 2002 | 4295 | 37 | 77 |
| iv_502-iv_505 | 2001 | 4298 | 45 | 70 |
| iv_502-iv_506 | 2029 | 4307 | 44 | 75 |
| iv_501-iv_505 | 2000 | 4310 | 34 | 80 |
| iv_497-iv_503 | 2016 | 4312 | 48 | 72 |
| iv_504-iv_506 | 1978 | 4313 | 31 | 86 |
| iv_503-iv_505 | 2025 | 4314 | 48 | 64 |
| iv_499-iv_502 | 1974 | 4316 | 38 | 84 |

### Input Bit Output Co-occurrences Sorted by Output Co-occurrences

| Input Bits | Co-occurrences | Potential Occurrences | Output Co-occurrences | Potential Output Occurrences |
|:----------:|:--------------:|:---------------------:|:---------------------:|:----------------------------:|
| iv_503-iv_505 | 2025 | 4314 | 48 | 64 |
| iv_497-iv_503 | 2016 | 4312 | 48 | 72 |
| iv_498-iv_503 | 2070 | 4289 | 46 | 75 |
| iv_503-iv_506 | 2006 | 4417 | 46 | 71 |
| iv_502-iv_503 | 1983 | 4428 | 45 | 82 |
| iv_502-iv_505 | 2001 | 4298 | 45 | 70 |
| iv_500-iv_503 | 1991 | 4545 | 45 | 77 |
| iv_502-iv_506 | 2029 | 4307 | 44 | 75 |
| iv_497-iv_498 | 1955 | 4405 | 44 | 75 |
| iv_503-iv_508 | 1975 | 4462 | 44 | 70 |
| iv_502-iv_510 | 1973 | 4424 | 43 | 79 |
| iv_503-iv_510 | 1937 | 4560 | 43 | 79 |
| iv_500-iv_509 | 2036 | 4526 | 42 | 71 |

### Input Bit Output Co-occurrences Sorted by Potential Output Occurrences

| Input Bits | Co-occurrences | Potential Occurrences | Output Co-occurrences | Potential Output Occurrences |
|:----------:|:--------------:|:---------------------:|:---------------------:|:----------------------------:|
| iv_503-iv_505 | 2025 | 4314 | 48 | 64 |
| iv_505-iv_506 | 2001 | 4333 | 41 | 69 |
| iv_499-iv_504 | 1894 | 4380 | 38 | 69 |
| iv_502-iv_505 | 2001 | 4298 | 45 | 70 |
| iv_503-iv_508 | 1975 | 4462 | 44 | 70 |
| iv_500-iv_509 | 2036 | 4526 | 42 | 71 |
| iv_503-iv_506 | 2006 | 4417 | 46 | 71 |
| iv_498-iv_505 | 1984 | 4367 | 42 | 71 |
| iv_498-iv_504 | 1956 | 4357 | 40 | 72 |
| iv_497-iv_503 | 2016 | 4312 | 48 | 72 |
| iv_504-iv_505 | 1903 | 4398 | 36 | 73 |
| iv_498-iv_509 | 2054 | 4392 | 41 | 73 |
| iv_508-iv_509 | 1991 | 4501 | 36 | 74 |

## Output Bits

### Output Bits in Regular Order

| Rank | Output Bit | Complexity |
|:----:|:----------:|:----------:|
| 1 | ov_001 | 3.387755794231207 × 10^309 |
| 2 | ov_002 | 2.947889854021027 × 10^309 |
| 3 | ov_003 | 2.552993667401613 × 10^309 |
| 4 | ov_004 | 2.1996946459048034 × 10^309 |
| 5 | ov_005 | 1.8848048037297497 × 10^309 |
| 6 | ov_006 | 1.6053076879332432 × 10^309 |
| 7 | ov_007 | 1.3583470332638127 × 10^309 |
| 8 | ov_008 | 1.1412169795594328 × 10^309 |
| 9 | ov_009 | 9.513536983126932 × 10^308 |
| 10 | ov_010 | 7.863282833731913 × 10^308 |
| 11 | ov_011 | 6.438407688615801 × 10^308 |
| 12 | ov_012 | 5.217151452627663 × 10^308 |
| 13 | ov_013 | 4.178952523901034 × 10^308 |
| 14 | ov_014 | 3.3044143550467705 × 10^308 |
| 15 | ov_015 | 2.57527858364789 × 10^308 |
| 16 | ov_016 | 1.974403743960451 × 10^308 |
| 17 | ov_017 | 1.485748645327829 × 10^308 |
| 18 | ov_018 | 1.0943596195001286 × 10^308 |
| 19 | ov_019 | 7.863609989413373 × 10^307 |
| 20 | ov_020 | 5.48948260994243 × 10^307 |
| 21 | ov_021 | 3.7038325852051875 × 10^307 |
| 22 | ov_022 | 2.399909867837782 × 10^307 |
| 23 | ov_023 | 1.4815742970700828 × 10^307 |
| 24 | ov_024 | 8.632815901188928 × 10^306 |
| 25 | ov_025 | 4.700747651162653 × 10^306 |
| 26 | ov_026 | 2.3757943934245378 × 10^306 |
| 27 | ov_027 | 1.120016151347236 × 10^306 |
| 28 | ov_028 | 5.012680605671619 × 10^305 |
| 29 | ov_029 | 1.9319755356798892 × 10^305 |
| 30 | ov_030 | 5.907627448039093 × 10^304 |
| 31 | ov_031 | 1.1526066511509923 × 10^304 |
| 32 | lv_80_m31 | 2.2484092821848737 × 10^303 |
| 33 | ov_033 | 2.699963870771528 × 10^304 |
| 34 | ov_034 | 2.3454100043654987 × 10^304 |
| 35 | ov_035 | 2.0274634049401557 × 10^304 |
| 36 | ov_036 | 1.7432343148516988 × 10^304 |
| 37 | ov_037 | 1.489991376635429 × 10^304 |
| 38 | ov_038 | 1.265150448401234 × 10^304 |
| 39 | ov_039 | 1.066264870580979 × 10^304 |
| 40 | ov_040 | 8.921445537658834 × 10^303 |
| 41 | ov_041 | 7.405937522316595 × 10^303 |
| 42 | ov_042 | 6.095324187984024 × 10^303 |
| 43 | ov_043 | 4.969910189465551 × 10^303 |
| 44 | ov_044 | 4.011062006609187 × 10^303 |
| 45 | ov_045 | 3.2011722032960335 × 10^303 |
| 46 | ov_046 | 2.5236303121526602 × 10^303 |
| 47 | ov_047 | 1.962799471372082 × 10^303 |
| 48 | ov_048 | 1.5039980007439434 × 10^303 |
| 49 | ov_049 | 1.13348516436534 × 10^303 |
| 50 | ov_050 | 8.384504276455738 × 10^302 |
| 51 | ov_051 | 6.070055762125594 × 10^302 |
| 52 | ov_052 | 4.2817912422891415 × 10^302 |
| 53 | ov_053 | 2.919124994650583 × 10^302 |
| 54 | ov_054 | 1.9340426330381614 × 10^302 |
| 55 | ov_055 | 1.2441512848492826 × 10^302 |
| 56 | ov_056 | 7.761372079987529 × 10^301 |
| 57 | ov_057 | 4.657601677540841 × 10^301 |
| 58 | ov_058 | 2.5785029425812023 × 10^301 |
| 59 | ov_059 | 1.270899726239562 × 10^301 |
| 60 | ov_060 | 5.269572868158692 × 10^300 |
| 61 | ov_061 | 1.8418046369672567 × 10^300 |
| 62 | ov_062 | 5.055589941086042 × 10^299 |
| 63 | ov_063 | 9.860410592716191 × 10^298 |
| 64 | lv_79_m31 | 1.9227711772344534 × 10^298 |
| 65 | ov_065 | 2.3151706857489618 × 10^299 |
| 66 | ov_066 | 2.315164193627091 × 10^299 |
| 67 | ov_067 | 2.315162622562259 × 10^299 |
| 68 | ov_068 | 2.0111379884355733 × 10^299 |
| 69 | ov_069 | 1.7384543737702543 × 10^299 |
| 70 | ov_070 | 1.4947590235152784 × 10^299 |
| 71 | ov_071 | 1.2778264352128354 × 10^299 |
| 72 | ov_072 | 1.0855493174631478 × 10^299 |
| 73 | ov_073 | 9.15930763965255 × 10^298 |
| 74 | ov_074 | 7.670775294326995 × 10^298 |
| 75 | ov_075 | 6.371942997414966 × 10^298 |
| 76 | ov_076 | 5.245788544871974 × 10^298 |
| 77 | ov_077 | 4.276180257495941 × 10^298 |
| 78 | ov_078 | 3.447843623238867 × 10^298 |
| 79 | ov_079 | 2.746334140074382 × 10^298 |
| 80 | ov_080 | 2.1580155575864246 × 10^298 |
| 81 | ov_081 | 1.6700427669191563 × 10^298 |
| 82 | ov_082 | 1.2703486395960477 × 10^298 |
| 83 | ov_083 | 9.476341661348561 × 10^297 |
| 84 | ov_084 | 6.91361295481622 × 10^297 |
| 85 | ov_085 | 4.917479261597907 × 10^297 |
| 86 | ov_086 | 3.3976454975443205 × 10^297 |
| 87 | ov_087 | 2.271320969793522 × 10^297 |
| 88 | ov_088 | 1.4632058614275844 × 10^297 |
| 89 | ov_089 | 9.054825171937323 × 10^296 |
| 90 | ov_090 | 5.378095914311542 × 10^296 |
| 91 | ov_091 | 3.0731821770202265 × 10^296 |
| 92 | ov_092 | 1.6860970927343009 × 10^296 |
| 93 | ov_093 | 8.375432406906939 × 10^295 |
| 94 | ov_094 | 3.565432542373106 × 10^295 |
| 95 | aaa_78_28 | 1.0946079037291471 × 10^295 |
| 96 | aaa_78_29 | 3.331019670228644 × 10^294 |
| 97 | ov_097 | 1.8633157366595225 × 10^294 |
| 98 | ov_098 | 1.8633075267774386 × 10^294 |
| 99 | ov_099 | 1.863304902132514 × 10^294 |
| 100 | ov_100 | 1.611745930306603 × 10^294 |
| 101 | ov_101 | 1.3867352786765003 × 10^294 |
| 102 | ov_102 | 1.1862425691196932 × 10^294 |
| 103 | ov_103 | 1.0083498318731861 × 10^294 |
| 104 | ov_104 | 8.51243348598509 × 10^293 |
| 105 | ov_105 | 7.132065303081649 × 10^293 |
| 106 | ov_106 | 5.92613737319724 × 10^293 |
| 107 | ov_107 | 4.87924953313685 × 10^293 |
| 108 | ov_108 | 3.976812302915716 × 10^293 |
| 109 | ov_109 | 3.2050082579522496 × 10^293 |
| 110 | ov_110 | 2.5507595818629756 × 10^293 |
| 111 | ov_111 | 2.001701101219806 × 10^293 |
| 112 | ov_112 | 1.546158146207544 × 10^293 |
| 113 | ov_113 | 1.173128623086882 × 10^293 |
| 114 | ov_114 | 8.722687258762849 × 10^292 |
| 115 | ov_115 | 6.338817558369408 × 10^292 |
| 116 | ov_116 | 4.4890955827593586 × 10^292 |
| 117 | ov_117 | 3.0892612695086506 × 10^292 |
| 118 | ov_118 | 2.0613296702378283 × 10^292 |
| 119 | ov_119 | 1.3335584811669253 × 10^292 |
| 120 | ov_120 | 8.404261959281707 × 10^291 |
| 121 | ov_121 | 5.226180074390738 × 10^291 |
| 122 | ov_122 | 3.2701699112101895 × 10^291 |
| 123 | ov_123 | 2.0669868895593535 × 10^291 |
| 124 | ov_124 | 1.2092793215254825 × 10^291 |
| 125 | ov_125 | 6.35178256002074 × 10^290 |
| 126 | ov_126 | 2.8281723696156302 × 10^290 |
| 127 | aaa_77_28 | 9.033046288646488 × 10^289 |
| 128 | aaa_77_29 | 3.3876146543564647 × 10^289 |
| 129 | ov_129 | 3.164614836206157 × 10^289 |
| 130 | ov_130 | 3.1646059599286137 × 10^289 |
| 131 | ov_131 | 3.164603810859396 × 10^289 |
| 132 | ov_132 | 2.749830222538088 × 10^289 |
| 133 | ov_133 | 2.377785660983135 × 10^289 |
| 134 | ov_134 | 2.045254078739691 × 10^289 |
| 135 | ov_135 | 1.7491948553948638 × 10^289 |
| 136 | ov_136 | 1.48673036288181 × 10^289 |
| 137 | ov_137 | 1.2551351724472848 × 10^289 |
| 138 | ov_138 | 1.0518267508507662 × 10^289 |
| 139 | ov_139 | 8.743575013869076 × 10^288 |
| 140 | ov_140 | 7.20408013073466 × 10^288 |
| 141 | ov_141 | 5.877813888764872 × 10^288 |
| 142 | ov_142 | 4.7439853119852066 × 10^288 |
| 143 | ov_143 | 3.7829427007230844 × 10^288 |
| 144 | ov_144 | 2.9761422661376403 × 10^288 |
| 145 | ov_145 | 2.3061231132053123 × 10^288 |
| 146 | ov_146 | 1.756487637776012 × 10^288 |
| 147 | ov_147 | 1.3118864726682635 × 10^288 |
| 148 | ov_148 | 9.58007186863285 × 10^287 |
| 149 | ov_149 | 6.815660107873588 × 10^287 |
| 150 | ov_150 | 4.703019620454753 × 10^287 |
| 151 | ov_151 | 3.1297287982868515 × 10^287 |
| 152 | ov_152 | 1.993529449686075 × 10^287 |
| 153 | ov_153 | 1.2023126626868699 × 10^287 |
| 154 | ov_154 | 6.741114992852474 × 10^286 |
| 155 | ov_155 | 3.370974753394193 × 10^286 |
| 156 | aaa_76_25 | 1.2957891785682595 × 10^286 |
| 157 | aaa_76_26 | 7.488325515085339 × 10^285 |
| 158 | aaa_76_27 | 3.836387859057174 × 10^285 |
| 159 | aaa_76_28 | 1.495312252159634 × 10^285 |
| 160 | aaa_76_29 | 4.552557386646682 × 10^284 |

### Output Bits Sorted by Complexity

| Rank | Output Bit | Complexity |
|:----:|:----------:|:----------:|
| 160 | aaa_76_29 | 4.552557386646682 × 10^284 |
| 159 | aaa_76_28 | 1.495312252159634 × 10^285 |
| 158 | aaa_76_27 | 3.836387859057174 × 10^285 |
| 157 | aaa_76_26 | 7.488325515085339 × 10^285 |
| 156 | aaa_76_25 | 1.2957891785682595 × 10^286 |
| 155 | ov_155 | 3.370974753394193 × 10^286 |
| 154 | ov_154 | 6.741114992852474 × 10^286 |
| 153 | ov_153 | 1.2023126626868699 × 10^287 |
| 152 | ov_152 | 1.993529449686075 × 10^287 |
| 151 | ov_151 | 3.1297287982868515 × 10^287 |
| 150 | ov_150 | 4.703019620454753 × 10^287 |
| 149 | ov_149 | 6.815660107873588 × 10^287 |
| 148 | ov_148 | 9.58007186863285 × 10^287 |
| 147 | ov_147 | 1.3118864726682635 × 10^288 |
| 146 | ov_146 | 1.756487637776012 × 10^288 |
| 145 | ov_145 | 2.3061231132053123 × 10^288 |
| 144 | ov_144 | 2.9761422661376403 × 10^288 |
| 143 | ov_143 | 3.7829427007230844 × 10^288 |
| 142 | ov_142 | 4.7439853119852066 × 10^288 |
| 141 | ov_141 | 5.877813888764872 × 10^288 |
| 140 | ov_140 | 7.20408013073466 × 10^288 |
| 139 | ov_139 | 8.743575013869076 × 10^288 |
| 138 | ov_138 | 1.0518267508507662 × 10^289 |
| 137 | ov_137 | 1.2551351724472848 × 10^289 |
| 136 | ov_136 | 1.48673036288181 × 10^289 |
| 135 | ov_135 | 1.7491948553948638 × 10^289 |
| 134 | ov_134 | 2.045254078739691 × 10^289 |
| 133 | ov_133 | 2.377785660983135 × 10^289 |
| 132 | ov_132 | 2.749830222538088 × 10^289 |
| 131 | ov_131 | 3.164603810859396 × 10^289 |
| 130 | ov_130 | 3.1646059599286137 × 10^289 |
| 129 | ov_129 | 3.164614836206157 × 10^289 |
| 128 | aaa_77_29 | 3.3876146543564647 × 10^289 |
| 127 | aaa_77_28 | 9.033046288646488 × 10^289 |
| 126 | ov_126 | 2.8281723696156302 × 10^290 |
| 125 | ov_125 | 6.35178256002074 × 10^290 |
| 124 | ov_124 | 1.2092793215254825 × 10^291 |
| 123 | ov_123 | 2.0669868895593535 × 10^291 |
| 122 | ov_122 | 3.2701699112101895 × 10^291 |
| 121 | ov_121 | 5.226180074390738 × 10^291 |
| 120 | ov_120 | 8.404261959281707 × 10^291 |
| 119 | ov_119 | 1.3335584811669253 × 10^292 |
| 118 | ov_118 | 2.0613296702378283 × 10^292 |
| 117 | ov_117 | 3.0892612695086506 × 10^292 |
| 116 | ov_116 | 4.4890955827593586 × 10^292 |
| 115 | ov_115 | 6.338817558369408 × 10^292 |
| 114 | ov_114 | 8.722687258762849 × 10^292 |
| 113 | ov_113 | 1.173128623086882 × 10^293 |
| 112 | ov_112 | 1.546158146207544 × 10^293 |
| 111 | ov_111 | 2.001701101219806 × 10^293 |
| 110 | ov_110 | 2.5507595818629756 × 10^293 |
| 109 | ov_109 | 3.2050082579522496 × 10^293 |
| 108 | ov_108 | 3.976812302915716 × 10^293 |
| 107 | ov_107 | 4.87924953313685 × 10^293 |
| 106 | ov_106 | 5.92613737319724 × 10^293 |
| 105 | ov_105 | 7.132065303081649 × 10^293 |
| 104 | ov_104 | 8.51243348598509 × 10^293 |
| 103 | ov_103 | 1.0083498318731861 × 10^294 |
| 102 | ov_102 | 1.1862425691196932 × 10^294 |
| 101 | ov_101 | 1.3867352786765003 × 10^294 |
| 100 | ov_100 | 1.611745930306603 × 10^294 |
| 99 | ov_099 | 1.863304902132514 × 10^294 |
| 98 | ov_098 | 1.8633075267774386 × 10^294 |
| 97 | ov_097 | 1.8633157366595225 × 10^294 |
| 96 | aaa_78_29 | 3.331019670228644 × 10^294 |
| 95 | aaa_78_28 | 1.0946079037291471 × 10^295 |
| 94 | ov_094 | 3.565432542373106 × 10^295 |
| 93 | ov_093 | 8.375432406906939 × 10^295 |
| 92 | ov_092 | 1.6860970927343009 × 10^296 |
| 91 | ov_091 | 3.0731821770202265 × 10^296 |
| 90 | ov_090 | 5.378095914311542 × 10^296 |
| 89 | ov_089 | 9.054825171937323 × 10^296 |
| 88 | ov_088 | 1.4632058614275844 × 10^297 |
| 87 | ov_087 | 2.271320969793522 × 10^297 |
| 86 | ov_086 | 3.3976454975443205 × 10^297 |
| 85 | ov_085 | 4.917479261597907 × 10^297 |
| 84 | ov_084 | 6.91361295481622 × 10^297 |
| 83 | ov_083 | 9.476341661348561 × 10^297 |
| 82 | ov_082 | 1.2703486395960477 × 10^298 |
| 81 | ov_081 | 1.6700427669191563 × 10^298 |
| 64 | lv_79_m31 | 1.9227711772344534 × 10^298 |
| 80 | ov_080 | 2.1580155575864246 × 10^298 |
| 79 | ov_079 | 2.746334140074382 × 10^298 |
| 78 | ov_078 | 3.447843623238867 × 10^298 |
| 77 | ov_077 | 4.276180257495941 × 10^298 |
| 76 | ov_076 | 5.245788544871974 × 10^298 |
| 75 | ov_075 | 6.371942997414966 × 10^298 |
| 74 | ov_074 | 7.670775294326995 × 10^298 |
| 73 | ov_073 | 9.15930763965255 × 10^298 |
| 63 | ov_063 | 9.860410592716191 × 10^298 |
| 72 | ov_072 | 1.0855493174631478 × 10^299 |
| 71 | ov_071 | 1.2778264352128354 × 10^299 |
| 70 | ov_070 | 1.4947590235152784 × 10^299 |
| 69 | ov_069 | 1.7384543737702543 × 10^299 |
| 68 | ov_068 | 2.0111379884355733 × 10^299 |
| 67 | ov_067 | 2.315162622562259 × 10^299 |
| 66 | ov_066 | 2.315164193627091 × 10^299 |
| 65 | ov_065 | 2.3151706857489618 × 10^299 |
| 62 | ov_062 | 5.055589941086042 × 10^299 |
| 61 | ov_061 | 1.8418046369672567 × 10^300 |
| 60 | ov_060 | 5.269572868158692 × 10^300 |
| 59 | ov_059 | 1.270899726239562 × 10^301 |
| 58 | ov_058 | 2.5785029425812023 × 10^301 |
| 57 | ov_057 | 4.657601677540841 × 10^301 |
| 56 | ov_056 | 7.761372079987529 × 10^301 |
| 55 | ov_055 | 1.2441512848492826 × 10^302 |
| 54 | ov_054 | 1.9340426330381614 × 10^302 |
| 53 | ov_053 | 2.919124994650583 × 10^302 |
| 52 | ov_052 | 4.2817912422891415 × 10^302 |
| 51 | ov_051 | 6.070055762125594 × 10^302 |
| 50 | ov_050 | 8.384504276455738 × 10^302 |
| 49 | ov_049 | 1.13348516436534 × 10^303 |
| 48 | ov_048 | 1.5039980007439434 × 10^303 |
| 47 | ov_047 | 1.962799471372082 × 10^303 |
| 32 | lv_80_m31 | 2.2484092821848737 × 10^303 |
| 46 | ov_046 | 2.5236303121526602 × 10^303 |
| 45 | ov_045 | 3.2011722032960335 × 10^303 |
| 44 | ov_044 | 4.011062006609187 × 10^303 |
| 43 | ov_043 | 4.969910189465551 × 10^303 |
| 42 | ov_042 | 6.095324187984024 × 10^303 |
| 41 | ov_041 | 7.405937522316595 × 10^303 |
| 40 | ov_040 | 8.921445537658834 × 10^303 |
| 39 | ov_039 | 1.066264870580979 × 10^304 |
| 31 | ov_031 | 1.1526066511509923 × 10^304 |
| 38 | ov_038 | 1.265150448401234 × 10^304 |
| 37 | ov_037 | 1.489991376635429 × 10^304 |
| 36 | ov_036 | 1.7432343148516988 × 10^304 |
| 35 | ov_035 | 2.0274634049401557 × 10^304 |
| 34 | ov_034 | 2.3454100043654987 × 10^304 |
| 33 | ov_033 | 2.699963870771528 × 10^304 |
| 30 | ov_030 | 5.907627448039093 × 10^304 |
| 29 | ov_029 | 1.9319755356798892 × 10^305 |
| 28 | ov_028 | 5.012680605671619 × 10^305 |
| 27 | ov_027 | 1.120016151347236 × 10^306 |
| 26 | ov_026 | 2.3757943934245378 × 10^306 |
| 25 | ov_025 | 4.700747651162653 × 10^306 |
| 24 | ov_024 | 8.632815901188928 × 10^306 |
| 23 | ov_023 | 1.4815742970700828 × 10^307 |
| 22 | ov_022 | 2.399909867837782 × 10^307 |
| 21 | ov_021 | 3.7038325852051875 × 10^307 |
| 20 | ov_020 | 5.48948260994243 × 10^307 |
| 19 | ov_019 | 7.863609989413373 × 10^307 |
| 18 | ov_018 | 1.0943596195001286 × 10^308 |
| 17 | ov_017 | 1.485748645327829 × 10^308 |
| 16 | ov_016 | 1.974403743960451 × 10^308 |
| 15 | ov_015 | 2.57527858364789 × 10^308 |
| 14 | ov_014 | 3.3044143550467705 × 10^308 |
| 13 | ov_013 | 4.178952523901034 × 10^308 |
| 12 | ov_012 | 5.217151452627663 × 10^308 |
| 11 | ov_011 | 6.438407688615801 × 10^308 |
| 10 | ov_010 | 7.863282833731913 × 10^308 |
| 9 | ov_009 | 9.513536983126932 × 10^308 |
| 8 | ov_008 | 1.1412169795594328 × 10^309 |
| 7 | ov_007 | 1.3583470332638127 × 10^309 |
| 6 | ov_006 | 1.6053076879332432 × 10^309 |
| 5 | ov_005 | 1.8848048037297497 × 10^309 |
| 4 | ov_004 | 2.1996946459048034 × 10^309 |
| 3 | ov_003 | 2.552993667401613 × 10^309 |
| 2 | ov_002 | 2.947889854021027 × 10^309 |
| 1 | ov_001 | 3.387755794231207 × 10^309 |

