# Results for F001-F002-F003-F004-F005-F006-F007-F008-F009-F010-F011-F012-F013-F014-F015-F016-F017-F018-F019-F020-F021-F022-F023-F024-F025-F026-F027-F028-F029-F030-F031-F032-F033-F034-F035-F036-F037-F038-F039-F040-F041-F042-F043-F044-F045-F046-F047-F048-F049-F050-F051-F052-F053-F054-F055-F056-F057-F058-F059-F060-F061-F062-F063-F064-F065-F066-F067-F068-F069-F070-F071-F072-F073-F074-F075-F076-F077-F078-F079-F080-F081-F082-F083-F084-F085-F086-F087-F088-F089-F090-F091-F092-F093-F094-F095-F096-F097-F098-F099-F100-F101-F102-F103-F104-F105-F106-F107-F108-F109-F110-F111-F112-F113-F114-F115-F116-F117-F118-F119-F120-F121-F122-F123-F124-F125-F126-F127-F128-F129-F130-F131-F132-F133-F134-F135-F136-F137-F138-F139-F140-F141-F142-F143-F144-F145-F146-F147-F148-F149-F150-F151-F152-F153-F154-F155-F156-F157-F158-F159-F160-F161-F162-F163-F164-F165-F166-F167-F168-F169-F170-F171-F172-F173-F174-F175-F176-F177-F178-F179-F180-F181-F182-F183-F184-F185-F186-F187-F188-F189-F190-F191-F192-F193-F194-F195-F196-F197-F198-F199-F200-F201-F202-F203-F204-F205-F206-F207-F208-F209-F210-F211-F212-F213-F214-F215-F216-F217-F218-F219-F220-F221-F222-F223-F224-F225-F226-F227-F228-F229-F230-F231-F232-F233-F234-F235-F236-F237-F238-F239-F240-F241-F242-F243-F244-F245-F246-F247-F248-F249-F250-F251-F252-F253-F254-F255-F256-F257-F258-F259-F260-F261-F262-F263-F264-F265-F266-F267-F268-F269-F270-F271-F272-F273-F274-F275-F276-F277-F278-F279-F280-F281-F282-F283-F284-F285-F286-F287-F288-F289-F290-F291-F292-F293-F294-F295-F296-F297-F298-F299-F300-F301-F302-F303-F304-F305-F306-F307-F308-F309-F310-F311-F312-F313-F314-F315-F316-F317-F318-F319-F320-F321-F322-F323-F324-F325-F326-F327-F328-F329-F330-F331-F332-F333-F334-F335-F336-F337-F338-F339-F340-F341-F342-F343-F344-F345-F346-F347-F348-F349-F350-F351-F352-F353-F354-F355-F356-F357-F358-F359-F360-F361-F362-F363-F364-F365-F366-F367-F368-F369-F370-F371-F372-F373-F374-F375-F376-F377-F378-F379-F380-F381-F382-F383-F384-F385-F386-F387-F388-F389-F390-F391-F392-F393-F394-F395-F396-F397-F398-F399-F400-F401-F402-F403-F404-F405-F406-F407-F408-F409-F410-F411-F412-F413-F414-F415-F416-F417-F418-F419-F420-F421-F422-F423-F424-F425-F426-F427-F428-F429-F430-F431-F432-F433-F434-F435-F436-F437-F438-F439-F440-F441-F442-F443-F444-F445-F446-F447-F448-F449-F450-F451-F452-F453-F454-F455-F456-F457-F458-F459-F460-F461-F462-F463-F464-F465-F466-F467-F468-F469-F470-F471-F472-F473-F474-F475-F476-F477-F478-F479-F480-F481-F482-F483-F484-F485-F486-F487-F488-F489-F490-F491-F492-F493-F494-F495-F496-O498505-F510-F512

## Summary

Number of input bits: 512  
Number of free input bits: 13  
Number of output bits: 160

Number of direct occurrences: 53343  
Number of assignments: 31772  
Number of operations: 11287733
(xor: 11259279,
and: 14924,
or: 13530)

Total complexity: 5.647254369552227 × 10^301

Least occurring input variable: iv_502 (3892)  
Most occurring input variable: iv_511 (4278)

Most co-occurring input variables: iv_508-iv_509 (2082)  
Least co-occurring input variables: iv_499-iv_502 (1782)

Potentially most occurring input variable: iv_498/iv_511 (4553)  
Potentially least occurring input variable: iv_504/iv_506 (4158)

Least output occurring input variable: iv_498 (70)  
Most output occurring input variable: iv_509 (87)

Most output co-occurring input variables: iv_502-iv_509 (51)  
Least output co-occurring input variables: iv_497-iv_498 (31)

Potentially most output occurring input variable: iv_504/iv_509 (91)  
Potentially least output occurring input variable: iv_497/iv_502 (69)

Least complex input bit: iv_511 (6.898747984641089 × 10^297)  
Most complex input bit: iv_498 (9.932434655606374 × 10^300)

Least complex output bit: aaa_76_29 (4.306848182243736 × 10^276)  
Most complex output bit: ov_001 (8.828666504143657 × 10^300)

Least complex input/output complexity: iv_511/aaa_76_29 (5.261293059084386 × 10^272)  
Most complex input/output complexity: iv_498/ov_001 (1.552792691990968 × 10^300)

## Input Bits

### Input Bits in Regular Order

| Input Bit | Complexity | Occurrences | Output Occurrences |
|:---------:|:----------:|:-----------:|:------------------:|
| iv_497 | 1.60454711861383 × 10^299 | 4108 | 77 |
| iv_498 | 9.932434655606374 × 10^300 | 4251 | 70 |
| iv_499 | 5.632219116208258 × 10^299 | 3967 | 81 |
| iv_500 | 9.47700802248803 × 10^299 | 4143 | 84 |
| iv_501 | 1.5656776385477394 × 10^300 | 4094 | 75 |
| iv_502 | 2.5334202814689667 × 10^300 | 3892 | 84 |
| iv_503 | 4.0268552642293034 × 10^300 | 4077 | 84 |
| iv_504 | 6.277454609189136 × 10^300 | 3943 | 76 |
| iv_506 | 4.857653802083363 × 10^300 | 3995 | 82 |
| iv_507 | 6.968670384607554 × 10^300 | 4197 | 76 |
| iv_508 | 9.24860330013838 × 10^300 | 4159 | 74 |
| iv_509 | 9.383497585935825 × 10^300 | 4239 | 87 |
| iv_511 | 6.898747984641089 × 10^297 | 4278 | 78 |

### Input Bits Sorted by Complexity

| Input Bit | Complexity | Occurrences | Output Occurrences |
|:---------:|:----------:|:-----------:|:------------------:|
| iv_511 | 6.898747984641089 × 10^297 | 4278 | 78 |
| iv_497 | 1.60454711861383 × 10^299 | 4108 | 77 |
| iv_499 | 5.632219116208258 × 10^299 | 3967 | 81 |
| iv_500 | 9.47700802248803 × 10^299 | 4143 | 84 |
| iv_501 | 1.5656776385477394 × 10^300 | 4094 | 75 |
| iv_502 | 2.5334202814689667 × 10^300 | 3892 | 84 |
| iv_503 | 4.0268552642293034 × 10^300 | 4077 | 84 |
| iv_506 | 4.857653802083363 × 10^300 | 3995 | 82 |
| iv_504 | 6.277454609189136 × 10^300 | 3943 | 76 |
| iv_507 | 6.968670384607554 × 10^300 | 4197 | 76 |
| iv_508 | 9.24860330013838 × 10^300 | 4159 | 74 |
| iv_509 | 9.383497585935825 × 10^300 | 4239 | 87 |
| iv_498 | 9.932434655606374 × 10^300 | 4251 | 70 |

### Input Bits Sorted by Occurrences

| Input Bit | Complexity | Occurrences | Output Occurrences |
|:---------:|:----------:|:-----------:|:------------------:|
| iv_502 | 2.5334202814689667 × 10^300 | 3892 | 84 |
| iv_504 | 6.277454609189136 × 10^300 | 3943 | 76 |
| iv_499 | 5.632219116208258 × 10^299 | 3967 | 81 |
| iv_506 | 4.857653802083363 × 10^300 | 3995 | 82 |
| iv_503 | 4.0268552642293034 × 10^300 | 4077 | 84 |
| iv_501 | 1.5656776385477394 × 10^300 | 4094 | 75 |
| iv_497 | 1.60454711861383 × 10^299 | 4108 | 77 |
| iv_500 | 9.47700802248803 × 10^299 | 4143 | 84 |
| iv_508 | 9.24860330013838 × 10^300 | 4159 | 74 |
| iv_507 | 6.968670384607554 × 10^300 | 4197 | 76 |
| iv_509 | 9.383497585935825 × 10^300 | 4239 | 87 |
| iv_498 | 9.932434655606374 × 10^300 | 4251 | 70 |
| iv_511 | 6.898747984641089 × 10^297 | 4278 | 78 |

### Input Bits Sorted by Output Occurrences

| Input Bit | Complexity | Occurrences | Output Occurrences |
|:---------:|:----------:|:-----------:|:------------------:|
| iv_498 | 9.932434655606374 × 10^300 | 4251 | 70 |
| iv_508 | 9.24860330013838 × 10^300 | 4159 | 74 |
| iv_501 | 1.5656776385477394 × 10^300 | 4094 | 75 |
| iv_504 | 6.277454609189136 × 10^300 | 3943 | 76 |
| iv_507 | 6.968670384607554 × 10^300 | 4197 | 76 |
| iv_497 | 1.60454711861383 × 10^299 | 4108 | 77 |
| iv_511 | 6.898747984641089 × 10^297 | 4278 | 78 |
| iv_499 | 5.632219116208258 × 10^299 | 3967 | 81 |
| iv_506 | 4.857653802083363 × 10^300 | 3995 | 82 |
| iv_500 | 9.47700802248803 × 10^299 | 4143 | 84 |
| iv_502 | 2.5334202814689667 × 10^300 | 3892 | 84 |
| iv_503 | 4.0268552642293034 × 10^300 | 4077 | 84 |
| iv_509 | 9.383497585935825 × 10^300 | 4239 | 87 |

## Input Bit Co-occurrences

### Input Bit Co-occurrences Sorted by Co-occurrences

| Input Bits | Co-occurrences | Potential Occurrences | Output Co-occurrences | Potential Output Occurrences |
|:----------:|:--------------:|:---------------------:|:---------------------:|:----------------------------:|
| iv_508-iv_509 | 2082 | 4234 | 40 | 81 |
| iv_507-iv_509 | 2070 | 4296 | 44 | 75 |
| iv_500-iv_511 | 2061 | 4299 | 38 | 86 |
| iv_497-iv_507 | 2058 | 4189 | 42 | 69 |
| iv_503-iv_511 | 2058 | 4239 | 44 | 74 |
| iv_498-iv_509 | 2041 | 4408 | 41 | 75 |
| iv_501-iv_511 | 2037 | 4298 | 37 | 79 |
| iv_501-iv_509 | 2026 | 4281 | 41 | 80 |
| iv_507-iv_511 | 2022 | 4431 | 38 | 78 |
| iv_506-iv_507 | 2016 | 4160 | 42 | 74 |
| iv_497-iv_509 | 2016 | 4315 | 44 | 76 |
| iv_498-iv_500 | 2011 | 4372 | 36 | 82 |
| iv_500-iv_503 | 2006 | 4208 | 45 | 78 |

### Input Bit Co-occurrences Sorted by Potential Occurrences

| Input Bits | Co-occurrences | Potential Occurrences | Output Co-occurrences | Potential Output Occurrences |
|:----------:|:--------------:|:---------------------:|:---------------------:|:----------------------------:|
| iv_504-iv_506 | 1890 | 4158 | 42 | 74 |
| iv_506-iv_507 | 2016 | 4160 | 42 | 74 |
| iv_502-iv_506 | 1852 | 4183 | 48 | 70 |
| iv_497-iv_507 | 2058 | 4189 | 42 | 69 |
| iv_500-iv_503 | 2006 | 4208 | 45 | 78 |
| iv_499-iv_504 | 1847 | 4216 | 38 | 81 |
| iv_499-iv_501 | 1921 | 4219 | 38 | 80 |
| iv_499-iv_508 | 1948 | 4230 | 41 | 73 |
| iv_497-iv_499 | 1922 | 4231 | 37 | 84 |
| iv_503-iv_506 | 1920 | 4232 | 46 | 74 |
| iv_497-iv_504 | 1909 | 4233 | 40 | 73 |
| iv_508-iv_509 | 2082 | 4234 | 40 | 81 |
| iv_497-iv_501 | 1983 | 4236 | 36 | 80 |

### Input Bit Output Co-occurrences Sorted by Output Co-occurrences

| Input Bits | Co-occurrences | Potential Occurrences | Output Co-occurrences | Potential Output Occurrences |
|:----------:|:--------------:|:---------------------:|:---------------------:|:----------------------------:|
| iv_502-iv_509 | 1882 | 4367 | 51 | 69 |
| iv_502-iv_506 | 1852 | 4183 | 48 | 70 |
| iv_503-iv_506 | 1920 | 4232 | 46 | 74 |
| iv_497-iv_502 | 1879 | 4242 | 46 | 69 |
| iv_500-iv_503 | 2006 | 4208 | 45 | 78 |
| iv_497-iv_509 | 2016 | 4315 | 44 | 76 |
| iv_500-iv_509 | 1936 | 4510 | 44 | 83 |
| iv_503-iv_511 | 2058 | 4239 | 44 | 74 |
| iv_507-iv_509 | 2070 | 4296 | 44 | 75 |
| iv_500-iv_504 | 1921 | 4244 | 43 | 74 |
| iv_499-iv_500 | 1892 | 4326 | 42 | 81 |
| iv_499-iv_502 | 1782 | 4295 | 42 | 81 |
| iv_499-iv_506 | 1813 | 4336 | 42 | 79 |

### Input Bit Output Co-occurrences Sorted by Potential Output Occurrences

| Input Bits | Co-occurrences | Potential Occurrences | Output Co-occurrences | Potential Output Occurrences |
|:----------:|:--------------:|:---------------------:|:---------------------:|:----------------------------:|
| iv_497-iv_502 | 1879 | 4242 | 46 | 69 |
| iv_502-iv_509 | 1882 | 4367 | 51 | 69 |
| iv_497-iv_507 | 2058 | 4189 | 42 | 69 |
| iv_502-iv_506 | 1852 | 4183 | 48 | 70 |
| iv_498-iv_503 | 1966 | 4396 | 42 | 70 |
| iv_499-iv_508 | 1948 | 4230 | 41 | 73 |
| iv_501-iv_507 | 1951 | 4389 | 39 | 73 |
| iv_497-iv_504 | 1909 | 4233 | 40 | 73 |
| iv_498-iv_508 | 1973 | 4464 | 35 | 74 |
| iv_500-iv_504 | 1921 | 4244 | 43 | 74 |
| iv_503-iv_506 | 1920 | 4232 | 46 | 74 |
| iv_503-iv_511 | 2058 | 4239 | 44 | 74 |
| iv_504-iv_506 | 1890 | 4158 | 42 | 74 |

## Output Bits

### Output Bits in Regular Order

| Rank | Output Bit | Complexity |
|:----:|:----------:|:----------:|
| 1 | ov_001 | 8.828666504143657 × 10^300 |
| 2 | ov_002 | 7.68241851284322 × 10^300 |
| 3 | ov_003 | 6.653339876889066 × 10^300 |
| 4 | ov_004 | 5.73264494815863 × 10^300 |
| 5 | ov_005 | 4.912029278790275 × 10^300 |
| 6 | ov_006 | 4.183635569480671 × 10^300 |
| 7 | ov_007 | 3.540023981003819 × 10^300 |
| 8 | ov_008 | 2.9741464604569273 × 10^300 |
| 9 | ov_009 | 2.4793247563736187 × 10^300 |
| 10 | ov_010 | 2.0492317685912418 × 10^300 |
| 11 | ov_011 | 1.6778758748675442 × 10^300 |
| 12 | ov_012 | 1.3595878968418731 × 10^300 |
| 13 | ov_013 | 1.0890103881037888 × 10^300 |
| 14 | ov_014 | 8.610889469624057 × 10^299 |
| 15 | ov_015 | 6.71065276082445 × 10^299 |
| 16 | ov_016 | 5.1447173053370914 × 10^299 |
| 17 | ov_017 | 3.871271150426709 × 10^299 |
| 18 | ov_018 | 2.851335103800535 × 10^299 |
| 19 | ov_019 | 2.0487392789854725 × 10^299 |
| 20 | ov_020 | 1.4301061027339073 × 10^299 |
| 21 | ov_021 | 9.648382332039493 × 10^298 |
| 22 | ov_022 | 6.251101838149534 × 10^298 |
| 23 | ov_023 | 3.858626919287018 × 10^298 |
| 24 | ov_024 | 2.2479905639176031 × 10^298 |
| 25 | ov_025 | 1.2238289533910818 × 10^298 |
| 26 | ov_026 | 6.183691721857741 × 10^297 |
| 27 | ov_027 | 2.9142342146055073 × 10^297 |
| 28 | ov_028 | 1.3038673573691135 × 10^297 |
| 29 | ov_029 | 5.0236247372039604 × 10^296 |
| 30 | ov_030 | 1.5356008783384098 × 10^296 |
| 31 | ov_031 | 2.994798755624109 × 10^295 |
| 32 | lv_80_m31 | 5.839490913532852 × 10^294 |
| 33 | ov_033 | 7.033619546090261 × 10^295 |
| 34 | ov_034 | 6.107404256507696 × 10^295 |
| 35 | ov_035 | 5.277666532635557 × 10^295 |
| 36 | ov_036 | 4.5368623331145573 × 10^295 |
| 37 | ov_037 | 3.877859943022954 × 10^295 |
| 38 | ov_038 | 3.2939108516377406 × 10^295 |
| 39 | ov_039 | 2.7786244423701117 × 10^295 |
| 40 | ov_040 | 2.3259461421678702 × 10^295 |
| 41 | ov_041 | 1.9301386964382354 × 10^295 |
| 42 | ov_042 | 1.5857662538131553 × 10^295 |
| 43 | ov_043 | 1.290184416042506 × 10^295 |
| 44 | ov_044 | 1.0385221601163291 × 10^295 |
| 45 | ov_045 | 8.261760881294551 × 10^294 |
| 46 | ov_046 | 6.48802945972508 × 10^294 |
| 47 | ov_047 | 5.023136341898176 × 10^294 |
| 48 | ov_048 | 3.8286849763268224 × 10^294 |
| 49 | ov_049 | 2.8687369679027226 × 10^294 |
| 50 | ov_050 | 2.109784798054825 × 10^294 |
| 51 | ov_051 | 1.5207319020766227 × 10^294 |
| 52 | ov_052 | 1.0728786134305007 × 10^294 |
| 53 | ov_053 | 7.399126437786065 × 10^293 |
| 54 | ov_054 | 4.979029260549159 × 10^293 |
| 55 | ov_055 | 3.2529580621721735 × 10^293 |
| 56 | ov_056 | 2.0291276124913094 × 10^293 |
| 57 | ov_057 | 1.2175810036434399 × 10^293 |
| 58 | ov_058 | 6.740017664508911 × 10^292 |
| 59 | ov_059 | 3.321637307896865 × 10^292 |
| 60 | ov_060 | 1.3770373878293757 × 10^292 |
| 61 | ov_061 | 4.8121245123539313 × 10^291 |
| 62 | ov_062 | 1.3206374466766692 × 10^291 |
| 63 | ov_063 | 2.5752295198280685 × 10^290 |
| 64 | lv_79_m31 | 5.020591486291181 × 10^289 |
| 65 | ov_065 | 6.0282514935158285 × 10^290 |
| 66 | ov_066 | 6.028237856001072 × 10^290 |
| 67 | ov_067 | 6.028234660325668 × 10^290 |
| 68 | ov_068 | 5.231939806808397 × 10^290 |
| 69 | ov_069 | 4.5181204422325375 × 10^290 |
| 70 | ov_070 | 3.880635510660384 × 10^290 |
| 71 | ov_071 | 3.3136425860627234 × 10^290 |
| 72 | ov_072 | 2.811583437185125 × 10^290 |
| 73 | ov_073 | 2.3691721966667527 × 10^290 |
| 74 | ov_074 | 1.981385175216021 × 10^290 |
| 75 | ov_075 | 1.643451763586281 × 10^290 |
| 76 | ov_076 | 1.350846245329437 × 10^290 |
| 77 | ov_077 | 1.0992804686226248 × 10^290 |
| 78 | ov_078 | 8.846973266957588 × 10^289 |
| 79 | ov_079 | 7.032649973638052 × 10^289 |
| 80 | ov_080 | 5.51371892925867 × 10^289 |
| 81 | ov_081 | 4.2562227226917864 × 10^289 |
| 82 | ov_082 | 3.2283246744247736 × 10^289 |
| 83 | ov_083 | 2.40027677269466 × 10^289 |
| 84 | ov_084 | 1.7443928078555154 × 10^289 |
| 85 | ov_085 | 1.235026234231185 × 10^289 |
| 86 | ov_086 | 8.485522896232146 × 10^288 |
| 87 | ov_087 | 5.6335390321962 × 10^288 |
| 88 | ov_088 | 3.5981092300131386 × 10^288 |
| 89 | ov_089 | 2.202921939464402 × 10^288 |
| 90 | ov_090 | 1.2915001844102375 × 10^288 |
| 91 | ov_091 | 7.271653035618001 × 10^287 |
| 92 | ov_092 | 3.930151820051506 × 10^287 |
| 93 | ov_093 | 1.9191255913352242 × 10^287 |
| 94 | ov_094 | 8.022905454685772 × 10^286 |
| 95 | aaa_78_28 | 2.42152124318322 × 10^286 |
| 96 | aaa_78_29 | 7.177851384442065 × 10^285 |
| 97 | ov_097 | 4.2290348081067155 × 10^285 |
| 98 | ov_098 | 4.2289570754421 × 10^285 |
| 99 | ov_099 | 4.228932223431285 × 10^285 |
| 100 | ov_100 | 3.460401088120581 × 10^285 |
| 101 | ov_101 | 2.8318962168922235 × 10^285 |
| 102 | ov_102 | 2.324197303275016 × 10^285 |
| 103 | ov_103 | 1.9191484492069594 × 10^285 |
| 104 | ov_104 | 1.5995809086901876 × 10^285 |
| 105 | ov_105 | 1.34924562464568 × 10^285 |
| 106 | ov_106 | 1.152754682646169 × 10^285 |
| 107 | ov_107 | 9.95530851128539 × 10^284 |
| 108 | ov_108 | 8.637644218706387 × 10^284 |
| 109 | ov_109 | 7.443766072833531 × 10^284 |
| 110 | ov_110 | 6.366927882610345 × 10^284 |
| 111 | ov_111 | 5.400593266624965 × 10^284 |
| 112 | ov_112 | 4.538395739971473 × 10^284 |
| 113 | ov_113 | 3.774104225052352 × 10^284 |
| 114 | ov_114 | 3.101593597568824 × 10^284 |
| 115 | ov_115 | 2.5148198807180566 × 10^284 |
| 116 | ov_116 | 2.0077997017375176 × 10^284 |
| 117 | ov_117 | 1.5745936256058798 × 10^284 |
| 118 | ov_118 | 1.2092929810904547 × 10^284 |
| 119 | ov_119 | 9.060097945423535 × 10^283 |
| 120 | ov_120 | 6.588694469581654 × 10^283 |
| 121 | ov_121 | 4.6200566989263805 × 10^283 |
| 122 | ov_122 | 3.095573236047918 × 10^283 |
| 123 | ov_123 | 1.9566627664334424 × 10^283 |
| 124 | ov_124 | 1.144759744093792 × 10^283 |
| 125 | ov_125 | 6.013055157211927 × 10^282 |
| 126 | ov_126 | 2.677437886537486 × 10^282 |
| 127 | aaa_77_28 | 8.55188892987048 × 10^281 |
| 128 | aaa_77_29 | 3.207316658143271 × 10^281 |
| 129 | ov_129 | 2.996635664624383 × 10^281 |
| 130 | ov_130 | 2.996627269860958 × 10^281 |
| 131 | ov_131 | 2.9966252381437044 × 10^281 |
| 132 | ov_132 | 2.604152112514327 × 10^281 |
| 133 | ov_133 | 2.252047369404262 × 10^281 |
| 134 | ov_134 | 1.937283509558981 × 10^281 |
| 135 | ov_135 | 1.6569970797620326 × 10^281 |
| 136 | ov_136 | 1.4084769715926927 × 10^281 |
| 137 | ov_137 | 1.189154290703143 × 10^281 |
| 138 | ov_138 | 9.965936503908392 × 10^280 |
| 139 | ov_139 | 8.284857507981032 × 10^280 |
| 140 | ov_140 | 6.82641112388352 × 10^280 |
| 141 | ov_141 | 5.569848394770641 × 10^280 |
| 142 | ov_142 | 4.49552296578488 × 10^280 |
| 143 | ov_143 | 3.5848558720225258 × 10^280 |
| 144 | ov_144 | 2.8203073152711667 × 10^280 |
| 145 | ov_145 | 2.185354461158598 × 10^280 |
| 146 | ov_146 | 1.6644743553415464 × 10^280 |
| 147 | ov_147 | 1.243131124106959 × 10^280 |
| 148 | ov_148 | 9.077666913515041 × 10^279 |
| 149 | ov_149 | 6.457943104052295 × 10^279 |
| 150 | ov_150 | 4.455942756080941 × 10^279 |
| 151 | ov_151 | 2.9651124495370443 × 10^279 |
| 152 | ov_152 | 1.8885267149595863 × 10^279 |
| 153 | ov_153 | 1.1388792653165693 × 10^279 |
| 154 | ov_154 | 6.38478166365046 × 10^278 |
| 155 | ov_155 | 3.1924312828378538 × 10^278 |
| 156 | aaa_76_25 | 1.2270403159199372 × 10^278 |
| 157 | aaa_76_26 | 7.089711801746678 × 10^277 |
| 158 | aaa_76_27 | 3.631395746563948 × 10^277 |
| 159 | aaa_76_28 | 1.4150175523389007 × 10^277 |
| 160 | aaa_76_29 | 4.306848182243736 × 10^276 |

### Output Bits Sorted by Complexity

| Rank | Output Bit | Complexity |
|:----:|:----------:|:----------:|
| 160 | aaa_76_29 | 4.306848182243736 × 10^276 |
| 159 | aaa_76_28 | 1.4150175523389007 × 10^277 |
| 158 | aaa_76_27 | 3.631395746563948 × 10^277 |
| 157 | aaa_76_26 | 7.089711801746678 × 10^277 |
| 156 | aaa_76_25 | 1.2270403159199372 × 10^278 |
| 155 | ov_155 | 3.1924312828378538 × 10^278 |
| 154 | ov_154 | 6.38478166365046 × 10^278 |
| 153 | ov_153 | 1.1388792653165693 × 10^279 |
| 152 | ov_152 | 1.8885267149595863 × 10^279 |
| 151 | ov_151 | 2.9651124495370443 × 10^279 |
| 150 | ov_150 | 4.455942756080941 × 10^279 |
| 149 | ov_149 | 6.457943104052295 × 10^279 |
| 148 | ov_148 | 9.077666913515041 × 10^279 |
| 147 | ov_147 | 1.243131124106959 × 10^280 |
| 146 | ov_146 | 1.6644743553415464 × 10^280 |
| 145 | ov_145 | 2.185354461158598 × 10^280 |
| 144 | ov_144 | 2.8203073152711667 × 10^280 |
| 143 | ov_143 | 3.5848558720225258 × 10^280 |
| 142 | ov_142 | 4.49552296578488 × 10^280 |
| 141 | ov_141 | 5.569848394770641 × 10^280 |
| 140 | ov_140 | 6.82641112388352 × 10^280 |
| 139 | ov_139 | 8.284857507981032 × 10^280 |
| 138 | ov_138 | 9.965936503908392 × 10^280 |
| 137 | ov_137 | 1.189154290703143 × 10^281 |
| 136 | ov_136 | 1.4084769715926927 × 10^281 |
| 135 | ov_135 | 1.6569970797620326 × 10^281 |
| 134 | ov_134 | 1.937283509558981 × 10^281 |
| 133 | ov_133 | 2.252047369404262 × 10^281 |
| 132 | ov_132 | 2.604152112514327 × 10^281 |
| 131 | ov_131 | 2.9966252381437044 × 10^281 |
| 130 | ov_130 | 2.996627269860958 × 10^281 |
| 129 | ov_129 | 2.996635664624383 × 10^281 |
| 128 | aaa_77_29 | 3.207316658143271 × 10^281 |
| 127 | aaa_77_28 | 8.55188892987048 × 10^281 |
| 126 | ov_126 | 2.677437886537486 × 10^282 |
| 125 | ov_125 | 6.013055157211927 × 10^282 |
| 124 | ov_124 | 1.144759744093792 × 10^283 |
| 123 | ov_123 | 1.9566627664334424 × 10^283 |
| 122 | ov_122 | 3.095573236047918 × 10^283 |
| 121 | ov_121 | 4.6200566989263805 × 10^283 |
| 120 | ov_120 | 6.588694469581654 × 10^283 |
| 119 | ov_119 | 9.060097945423535 × 10^283 |
| 118 | ov_118 | 1.2092929810904547 × 10^284 |
| 117 | ov_117 | 1.5745936256058798 × 10^284 |
| 116 | ov_116 | 2.0077997017375176 × 10^284 |
| 115 | ov_115 | 2.5148198807180566 × 10^284 |
| 114 | ov_114 | 3.101593597568824 × 10^284 |
| 113 | ov_113 | 3.774104225052352 × 10^284 |
| 112 | ov_112 | 4.538395739971473 × 10^284 |
| 111 | ov_111 | 5.400593266624965 × 10^284 |
| 110 | ov_110 | 6.366927882610345 × 10^284 |
| 109 | ov_109 | 7.443766072833531 × 10^284 |
| 108 | ov_108 | 8.637644218706387 × 10^284 |
| 107 | ov_107 | 9.95530851128539 × 10^284 |
| 106 | ov_106 | 1.152754682646169 × 10^285 |
| 105 | ov_105 | 1.34924562464568 × 10^285 |
| 104 | ov_104 | 1.5995809086901876 × 10^285 |
| 103 | ov_103 | 1.9191484492069594 × 10^285 |
| 102 | ov_102 | 2.324197303275016 × 10^285 |
| 101 | ov_101 | 2.8318962168922235 × 10^285 |
| 100 | ov_100 | 3.460401088120581 × 10^285 |
| 99 | ov_099 | 4.228932223431285 × 10^285 |
| 98 | ov_098 | 4.2289570754421 × 10^285 |
| 97 | ov_097 | 4.2290348081067155 × 10^285 |
| 96 | aaa_78_29 | 7.177851384442065 × 10^285 |
| 95 | aaa_78_28 | 2.42152124318322 × 10^286 |
| 94 | ov_094 | 8.022905454685772 × 10^286 |
| 93 | ov_093 | 1.9191255913352242 × 10^287 |
| 92 | ov_092 | 3.930151820051506 × 10^287 |
| 91 | ov_091 | 7.271653035618001 × 10^287 |
| 90 | ov_090 | 1.2915001844102375 × 10^288 |
| 89 | ov_089 | 2.202921939464402 × 10^288 |
| 88 | ov_088 | 3.5981092300131386 × 10^288 |
| 87 | ov_087 | 5.6335390321962 × 10^288 |
| 86 | ov_086 | 8.485522896232146 × 10^288 |
| 85 | ov_085 | 1.235026234231185 × 10^289 |
| 84 | ov_084 | 1.7443928078555154 × 10^289 |
| 83 | ov_083 | 2.40027677269466 × 10^289 |
| 82 | ov_082 | 3.2283246744247736 × 10^289 |
| 81 | ov_081 | 4.2562227226917864 × 10^289 |
| 64 | lv_79_m31 | 5.020591486291181 × 10^289 |
| 80 | ov_080 | 5.51371892925867 × 10^289 |
| 79 | ov_079 | 7.032649973638052 × 10^289 |
| 78 | ov_078 | 8.846973266957588 × 10^289 |
| 77 | ov_077 | 1.0992804686226248 × 10^290 |
| 76 | ov_076 | 1.350846245329437 × 10^290 |
| 75 | ov_075 | 1.643451763586281 × 10^290 |
| 74 | ov_074 | 1.981385175216021 × 10^290 |
| 73 | ov_073 | 2.3691721966667527 × 10^290 |
| 63 | ov_063 | 2.5752295198280685 × 10^290 |
| 72 | ov_072 | 2.811583437185125 × 10^290 |
| 71 | ov_071 | 3.3136425860627234 × 10^290 |
| 70 | ov_070 | 3.880635510660384 × 10^290 |
| 69 | ov_069 | 4.5181204422325375 × 10^290 |
| 68 | ov_068 | 5.231939806808397 × 10^290 |
| 67 | ov_067 | 6.028234660325668 × 10^290 |
| 66 | ov_066 | 6.028237856001072 × 10^290 |
| 65 | ov_065 | 6.0282514935158285 × 10^290 |
| 62 | ov_062 | 1.3206374466766692 × 10^291 |
| 61 | ov_061 | 4.8121245123539313 × 10^291 |
| 60 | ov_060 | 1.3770373878293757 × 10^292 |
| 59 | ov_059 | 3.321637307896865 × 10^292 |
| 58 | ov_058 | 6.740017664508911 × 10^292 |
| 57 | ov_057 | 1.2175810036434399 × 10^293 |
| 56 | ov_056 | 2.0291276124913094 × 10^293 |
| 55 | ov_055 | 3.2529580621721735 × 10^293 |
| 54 | ov_054 | 4.979029260549159 × 10^293 |
| 53 | ov_053 | 7.399126437786065 × 10^293 |
| 52 | ov_052 | 1.0728786134305007 × 10^294 |
| 51 | ov_051 | 1.5207319020766227 × 10^294 |
| 50 | ov_050 | 2.109784798054825 × 10^294 |
| 49 | ov_049 | 2.8687369679027226 × 10^294 |
| 48 | ov_048 | 3.8286849763268224 × 10^294 |
| 47 | ov_047 | 5.023136341898176 × 10^294 |
| 32 | lv_80_m31 | 5.839490913532852 × 10^294 |
| 46 | ov_046 | 6.48802945972508 × 10^294 |
| 45 | ov_045 | 8.261760881294551 × 10^294 |
| 44 | ov_044 | 1.0385221601163291 × 10^295 |
| 43 | ov_043 | 1.290184416042506 × 10^295 |
| 42 | ov_042 | 1.5857662538131553 × 10^295 |
| 41 | ov_041 | 1.9301386964382354 × 10^295 |
| 40 | ov_040 | 2.3259461421678702 × 10^295 |
| 39 | ov_039 | 2.7786244423701117 × 10^295 |
| 31 | ov_031 | 2.994798755624109 × 10^295 |
| 38 | ov_038 | 3.2939108516377406 × 10^295 |
| 37 | ov_037 | 3.877859943022954 × 10^295 |
| 36 | ov_036 | 4.5368623331145573 × 10^295 |
| 35 | ov_035 | 5.277666532635557 × 10^295 |
| 34 | ov_034 | 6.107404256507696 × 10^295 |
| 33 | ov_033 | 7.033619546090261 × 10^295 |
| 30 | ov_030 | 1.5356008783384098 × 10^296 |
| 29 | ov_029 | 5.0236247372039604 × 10^296 |
| 28 | ov_028 | 1.3038673573691135 × 10^297 |
| 27 | ov_027 | 2.9142342146055073 × 10^297 |
| 26 | ov_026 | 6.183691721857741 × 10^297 |
| 25 | ov_025 | 1.2238289533910818 × 10^298 |
| 24 | ov_024 | 2.2479905639176031 × 10^298 |
| 23 | ov_023 | 3.858626919287018 × 10^298 |
| 22 | ov_022 | 6.251101838149534 × 10^298 |
| 21 | ov_021 | 9.648382332039493 × 10^298 |
| 20 | ov_020 | 1.4301061027339073 × 10^299 |
| 19 | ov_019 | 2.0487392789854725 × 10^299 |
| 18 | ov_018 | 2.851335103800535 × 10^299 |
| 17 | ov_017 | 3.871271150426709 × 10^299 |
| 16 | ov_016 | 5.1447173053370914 × 10^299 |
| 15 | ov_015 | 6.71065276082445 × 10^299 |
| 14 | ov_014 | 8.610889469624057 × 10^299 |
| 13 | ov_013 | 1.0890103881037888 × 10^300 |
| 12 | ov_012 | 1.3595878968418731 × 10^300 |
| 11 | ov_011 | 1.6778758748675442 × 10^300 |
| 10 | ov_010 | 2.0492317685912418 × 10^300 |
| 9 | ov_009 | 2.4793247563736187 × 10^300 |
| 8 | ov_008 | 2.9741464604569273 × 10^300 |
| 7 | ov_007 | 3.540023981003819 × 10^300 |
| 6 | ov_006 | 4.183635569480671 × 10^300 |
| 5 | ov_005 | 4.912029278790275 × 10^300 |
| 4 | ov_004 | 5.73264494815863 × 10^300 |
| 3 | ov_003 | 6.653339876889066 × 10^300 |
| 2 | ov_002 | 7.68241851284322 × 10^300 |
| 1 | ov_001 | 8.828666504143657 × 10^300 |

