# Results for F001-F002-F003-F004-F005-F006-F007-F008-F009-F010-F011-F012-F013-F014-F015-F016-F017-F018-F019-F020-F021-F022-F023-F024-F025-F026-F027-F028-F029-F030-F031-F032-F033-F034-F035-F036-F037-F038-F039-F040-F041-F042-F043-F044-F045-F046-F047-F048-F049-F050-F051-F052-F053-F054-F055-F056-F057-F058-F059-F060-F061-F062-F063-F064-F065-F066-F067-F068-F069-F070-F071-F072-F073-F074-F075-F076-F077-F078-F079-F080-F081-F082-F083-F084-F085-F086-F087-F088-F089-F090-F091-F092-F093-F094-F095-F096-F097-F098-F099-F100-F101-F102-F103-F104-F105-F106-F107-F108-F109-F110-F111-F112-F113-F114-F115-F116-F117-F118-F119-F120-F121-F122-F123-F124-F125-F126-F127-F128-F129-F130-F131-F132-F133-F134-F135-F136-F137-F138-F139-F140-F141-F142-F143-F144-F145-F146-F147-F148-F149-F150-F151-F152-F153-F154-F155-F156-F157-F158-F159-F160-F161-F162-F163-F164-F165-F166-F167-F168-F169-F170-F171-F172-F173-F174-F175-F176-F177-F178-F179-F180-F181-F182-F183-F184-F185-F186-F187-F188-F189-F190-F191-F192-F193-F194-F195-F196-F197-F198-F199-F200-F201-F202-F203-F204-F205-F206-F207-F208-F209-F210-F211-F212-F213-F214-F215-F216-F217-F218-F219-F220-F221-F222-F223-F224-F225-F226-F227-F228-F229-F230-F231-F232-F233-F234-F235-F236-F237-F238-F239-F240-F241-F242-F243-F244-F245-F246-F247-F248-F249-F250-F251-F252-F253-F254-F255-F256-F257-F258-F259-F260-F261-F262-F263-F264-F265-F266-F267-F268-F269-F270-F271-F272-F273-F274-F275-F276-F277-F278-F279-F280-F281-F282-F283-F284-F285-F286-F287-F288-F289-F290-F291-F292-F293-F294-F295-F296-F297-F298-F299-F300-F301-F302-F303-F304-F305-F306-F307-F308-F309-F310-F311-F312-F313-F314-F315-F316-F317-F318-F319-F320-F321-F322-F323-F324-F325-F326-F327-F328-F329-F330-F331-F332-F333-F334-F335-F336-F337-F338-F339-F340-F341-F342-F343-F344-F345-F346-F347-F348-F349-F350-F351-F352-F353-F354-F355-F356-F357-F358-F359-F360-F361-F362-F363-F364-F365-F366-F367-F368-F369-F370-F371-F372-F373-F374-F375-F376-F377-F378-F379-F380-F381-F382-F383-F384-F385-F386-F387-F388-F389-F390-F391-F392-F393-F394-F395-F396-F397-F398-F399-F400-F401-F402-F403-F404-F405-F406-F407-F408-F409-F410-F411-F412-F413-F414-F415-F416-F417-F418-F419-F420-F421-F422-F423-F424-F425-F426-F427-F428-F429-F430-F431-F432-F433-F434-F435-F436-F437-F438-F439-F440-F441-F442-F443-F444-F445-F446-F447-F448-F449-F450-F451-F452-F453-F454-F455-F456-F457-F458-F459-F460-F461-F462-F463-F464-F465-F466-F467-F468-F469-F470-F471-F472-F473-F474-F475-F476-F477-F478-F479-F480-F481-F482-F483-F484-F485-F486-F487-F488-F489-F490-F491-F492-F493-F494-F495-F496-F497-T509-F512

## Summary

Number of input bits: 512  
Number of free input bits: 13  
Number of output bits: 160

Number of direct occurrences: 53963  
Number of assignments: 31960  
Number of operations: 11838023
(xor: 11808249,
and: 16201,
or: 13573)

Total complexity: 2.28701010822419 × 10^308

Least occurring input variable: iv_505 (3950)  
Most occurring input variable: iv_501 (4257)

Most co-occurring input variables: iv_501-iv_511 (2154)  
Least co-occurring input variables: iv_498-iv_505 (1773)

Potentially most occurring input variable: iv_505/iv_511 (4588)  
Potentially least occurring input variable: iv_501/iv_511 (4201)

Least output occurring input variable: iv_501 (68)  
Most output occurring input variable: iv_510 (90)

Most output co-occurring input variables: iv_507-iv_510 (49)  
Least output co-occurring input variables: iv_501-iv_503 (23)

Potentially most output occurring input variable: iv_500/iv_510 (93)  
Potentially least output occurring input variable: iv_506/iv_511 (64)

Least complex input bit: iv_511 (1.8819823062770466 × 10^304)  
Most complex input bit: iv_510 (6.416428951768228 × 10^307)

Least complex output bit: aaa_76_29 (6.284461057781546 × 10^282)  
Most complex output bit: ov_001 (3.577369547704254 × 10^307)

Least complex input/output complexity: iv_511/aaa_76_29 (5.171487643496056 × 10^278)  
Most complex input/output complexity: iv_510/ov_001 (1.0036657666933841 × 10^307)

## Input Bits

### Input Bits in Regular Order

| Input Bit | Complexity | Occurrences | Output Occurrences |
|:---------:|:----------:|:-----------:|:------------------:|
| iv_498 | 3.6438781846198455 × 10^305 | 4009 | 69 |
| iv_499 | 7.443597769697771 × 10^305 | 4099 | 78 |
| iv_500 | 1.3859506051428618 × 10^306 | 4127 | 75 |
| iv_501 | 2.467616812184652 × 10^306 | 4257 | 68 |
| iv_502 | 4.200823283647549 × 10^306 | 4127 | 80 |
| iv_503 | 6.91457051016895 × 10^306 | 4251 | 69 |
| iv_504 | 1.104183827528315 × 10^307 | 4072 | 87 |
| iv_505 | 1.7169719858341368 × 10^307 | 3950 | 75 |
| iv_506 | 2.606734928021159 × 10^307 | 4110 | 78 |
| iv_507 | 3.8760210403278885 × 10^307 | 4228 | 88 |
| iv_508 | 5.540107485798386 × 10^307 | 4225 | 78 |
| iv_510 | 6.416428951768228 × 10^307 | 4256 | 90 |
| iv_511 | 1.8819823062770466 × 10^304 | 4252 | 80 |

### Input Bits Sorted by Complexity

| Input Bit | Complexity | Occurrences | Output Occurrences |
|:---------:|:----------:|:-----------:|:------------------:|
| iv_511 | 1.8819823062770466 × 10^304 | 4252 | 80 |
| iv_498 | 3.6438781846198455 × 10^305 | 4009 | 69 |
| iv_499 | 7.443597769697771 × 10^305 | 4099 | 78 |
| iv_500 | 1.3859506051428618 × 10^306 | 4127 | 75 |
| iv_501 | 2.467616812184652 × 10^306 | 4257 | 68 |
| iv_502 | 4.200823283647549 × 10^306 | 4127 | 80 |
| iv_503 | 6.91457051016895 × 10^306 | 4251 | 69 |
| iv_504 | 1.104183827528315 × 10^307 | 4072 | 87 |
| iv_505 | 1.7169719858341368 × 10^307 | 3950 | 75 |
| iv_506 | 2.606734928021159 × 10^307 | 4110 | 78 |
| iv_507 | 3.8760210403278885 × 10^307 | 4228 | 88 |
| iv_508 | 5.540107485798386 × 10^307 | 4225 | 78 |
| iv_510 | 6.416428951768228 × 10^307 | 4256 | 90 |

### Input Bits Sorted by Occurrences

| Input Bit | Complexity | Occurrences | Output Occurrences |
|:---------:|:----------:|:-----------:|:------------------:|
| iv_505 | 1.7169719858341368 × 10^307 | 3950 | 75 |
| iv_498 | 3.6438781846198455 × 10^305 | 4009 | 69 |
| iv_504 | 1.104183827528315 × 10^307 | 4072 | 87 |
| iv_499 | 7.443597769697771 × 10^305 | 4099 | 78 |
| iv_506 | 2.606734928021159 × 10^307 | 4110 | 78 |
| iv_502 | 4.200823283647549 × 10^306 | 4127 | 80 |
| iv_500 | 1.3859506051428618 × 10^306 | 4127 | 75 |
| iv_508 | 5.540107485798386 × 10^307 | 4225 | 78 |
| iv_507 | 3.8760210403278885 × 10^307 | 4228 | 88 |
| iv_503 | 6.91457051016895 × 10^306 | 4251 | 69 |
| iv_511 | 1.8819823062770466 × 10^304 | 4252 | 80 |
| iv_510 | 6.416428951768228 × 10^307 | 4256 | 90 |
| iv_501 | 2.467616812184652 × 10^306 | 4257 | 68 |

### Input Bits Sorted by Output Occurrences

| Input Bit | Complexity | Occurrences | Output Occurrences |
|:---------:|:----------:|:-----------:|:------------------:|
| iv_501 | 2.467616812184652 × 10^306 | 4257 | 68 |
| iv_503 | 6.91457051016895 × 10^306 | 4251 | 69 |
| iv_498 | 3.6438781846198455 × 10^305 | 4009 | 69 |
| iv_500 | 1.3859506051428618 × 10^306 | 4127 | 75 |
| iv_505 | 1.7169719858341368 × 10^307 | 3950 | 75 |
| iv_506 | 2.606734928021159 × 10^307 | 4110 | 78 |
| iv_508 | 5.540107485798386 × 10^307 | 4225 | 78 |
| iv_499 | 7.443597769697771 × 10^305 | 4099 | 78 |
| iv_502 | 4.200823283647549 × 10^306 | 4127 | 80 |
| iv_511 | 1.8819823062770466 × 10^304 | 4252 | 80 |
| iv_504 | 1.104183827528315 × 10^307 | 4072 | 87 |
| iv_507 | 3.8760210403278885 × 10^307 | 4228 | 88 |
| iv_510 | 6.416428951768228 × 10^307 | 4256 | 90 |

## Input Bit Co-occurrences

### Input Bit Co-occurrences Sorted by Co-occurrences

| Input Bits | Co-occurrences | Potential Occurrences | Output Co-occurrences | Potential Output Occurrences |
|:----------:|:--------------:|:---------------------:|:---------------------:|:----------------------------:|
| iv_501-iv_511 | 2154 | 4201 | 38 | 72 |
| iv_501-iv_507 | 2101 | 4283 | 40 | 76 |
| iv_507-iv_508 | 2083 | 4287 | 42 | 82 |
| iv_503-iv_511 | 2068 | 4367 | 32 | 85 |
| iv_501-iv_502 | 2057 | 4270 | 31 | 86 |
| iv_501-iv_510 | 2040 | 4433 | 39 | 80 |
| iv_503-iv_510 | 2035 | 4437 | 42 | 75 |
| iv_501-iv_503 | 2034 | 4440 | 23 | 91 |
| iv_500-iv_501 | 2031 | 4322 | 28 | 87 |
| iv_506-iv_507 | 2027 | 4284 | 42 | 82 |
| iv_499-iv_503 | 2027 | 4296 | 33 | 81 |
| iv_506-iv_510 | 2026 | 4314 | 45 | 78 |
| iv_510-iv_511 | 2024 | 4460 | 45 | 80 |

### Input Bit Co-occurrences Sorted by Potential Occurrences

| Input Bits | Co-occurrences | Potential Occurrences | Output Co-occurrences | Potential Output Occurrences |
|:----------:|:--------------:|:---------------------:|:---------------------:|:----------------------------:|
| iv_501-iv_511 | 2154 | 4201 | 38 | 72 |
| iv_501-iv_505 | 2000 | 4207 | 33 | 77 |
| iv_498-iv_506 | 1934 | 4251 | 32 | 83 |
| iv_499-iv_505 | 1895 | 4259 | 42 | 69 |
| iv_501-iv_502 | 2057 | 4270 | 31 | 86 |
| iv_500-iv_505 | 1903 | 4271 | 37 | 76 |
| iv_500-iv_506 | 1981 | 4275 | 38 | 77 |
| iv_502-iv_504 | 1960 | 4279 | 44 | 79 |
| iv_501-iv_507 | 2101 | 4283 | 40 | 76 |
| iv_506-iv_507 | 2027 | 4284 | 42 | 82 |
| iv_507-iv_508 | 2083 | 4287 | 42 | 82 |
| iv_498-iv_501 | 1986 | 4294 | 32 | 73 |
| iv_499-iv_503 | 2027 | 4296 | 33 | 81 |

### Input Bit Output Co-occurrences Sorted by Output Co-occurrences

| Input Bits | Co-occurrences | Potential Occurrences | Output Co-occurrences | Potential Output Occurrences |
|:----------:|:--------------:|:---------------------:|:---------------------:|:----------------------------:|
| iv_507-iv_510 | 2010 | 4464 | 49 | 80 |
| iv_504-iv_507 | 1994 | 4312 | 48 | 79 |
| iv_499-iv_507 | 1995 | 4337 | 47 | 72 |
| iv_500-iv_504 | 1950 | 4299 | 47 | 68 |
| iv_507-iv_511 | 1999 | 4482 | 47 | 74 |
| iv_506-iv_511 | 1954 | 4454 | 47 | 64 |
| iv_504-iv_510 | 1995 | 4338 | 46 | 85 |
| iv_504-iv_508 | 1994 | 4309 | 45 | 75 |
| iv_499-iv_510 | 1973 | 4409 | 45 | 78 |
| iv_502-iv_510 | 2022 | 4339 | 45 | 80 |
| iv_508-iv_510 | 1956 | 4569 | 45 | 78 |
| iv_510-iv_511 | 2024 | 4460 | 45 | 80 |
| iv_506-iv_510 | 2026 | 4314 | 45 | 78 |

### Input Bit Output Co-occurrences Sorted by Potential Output Occurrences

| Input Bits | Co-occurrences | Potential Occurrences | Output Co-occurrences | Potential Output Occurrences |
|:----------:|:--------------:|:---------------------:|:---------------------:|:----------------------------:|
| iv_506-iv_511 | 1954 | 4454 | 47 | 64 |
| iv_500-iv_504 | 1950 | 4299 | 47 | 68 |
| iv_499-iv_505 | 1895 | 4259 | 42 | 69 |
| iv_501-iv_508 | 2010 | 4462 | 38 | 70 |
| iv_501-iv_506 | 2003 | 4361 | 37 | 72 |
| iv_499-iv_507 | 1995 | 4337 | 47 | 72 |
| iv_499-iv_511 | 1992 | 4367 | 43 | 72 |
| iv_501-iv_511 | 2154 | 4201 | 38 | 72 |
| iv_498-iv_501 | 1986 | 4294 | 32 | 73 |
| iv_498-iv_511 | 1882 | 4497 | 38 | 73 |
| iv_507-iv_511 | 1999 | 4482 | 47 | 74 |
| iv_504-iv_508 | 1994 | 4309 | 45 | 75 |
| iv_503-iv_510 | 2035 | 4437 | 42 | 75 |

## Output Bits

### Output Bits in Regular Order

| Rank | Output Bit | Complexity |
|:----:|:----------:|:----------:|
| 1 | ov_001 | 3.577369547704254 × 10^307 |
| 2 | ov_002 | 3.1127745180619725 × 10^307 |
| 3 | ov_003 | 2.6956653810322975 × 10^307 |
| 4 | ov_004 | 2.3224847671381164 × 10^307 |
| 5 | ov_005 | 1.9898697062404595 × 10^307 |
| 6 | ov_006 | 1.6946378220428964 × 10^307 |
| 7 | ov_007 | 1.4337753256262208 × 10^307 |
| 8 | ov_008 | 1.2044266674508068 × 10^307 |
| 9 | ov_009 | 1.0038856949294268 × 10^307 |
| 10 | ov_010 | 8.295881607966133 × 10^306 |
| 11 | ov_011 | 6.791054361426276 × 10^306 |
| 12 | ov_012 | 5.501392903971331 × 10^306 |
| 13 | ov_013 | 4.4051760878557915 × 10^306 |
| 14 | ov_014 | 3.481909258792434 × 10^306 |
| 15 | ov_015 | 2.71229661850772 × 10^306 |
| 16 | ov_016 | 2.0782195595815725 × 10^306 |
| 17 | ov_017 | 1.5627199963347277 × 10^306 |
| 18 | ov_018 | 1.149987793657543 × 10^306 |
| 19 | ov_019 | 8.25351473534683 × 10^305 |
| 20 | ov_020 | 5.7527149342191115 × 10^305 |
| 21 | ov_021 | 3.873355416408835 × 10^305 |
| 22 | ov_022 | 2.502553724741 × 10^305 |
| 23 | ov_023 | 1.5386472988381603 × 10^305 |
| 24 | ov_024 | 8.911801125838316 × 10^304 |
| 25 | ov_025 | 4.8089447253608627 × 10^304 |
| 26 | ov_026 | 2.397263955302024 × 10^304 |
| 27 | ov_027 | 1.1080332351164263 × 10^304 |
| 28 | ov_028 | 4.844319003668624 × 10^303 |
| 29 | ov_029 | 1.8154119490015076 × 10^303 |
| 30 | ov_030 | 5.487706138398162 × 10^302 |
| 31 | ov_031 | 1.2147415500875145 × 10^302 |
| 32 | lv_80_m31 | 2.3685760389710593 × 10^301 |
| 33 | ov_033 | 2.8431874017309005 × 10^302 |
| 34 | ov_034 | 2.467333164250105 × 10^302 |
| 35 | ov_035 | 2.1306867133758854 × 10^302 |
| 36 | ov_036 | 1.8301649712792937 × 10^302 |
| 37 | ov_037 | 1.5628538368422465 × 10^302 |
| 38 | ov_038 | 1.3259962329290055 × 10^302 |
| 39 | ov_039 | 1.1169817059853738 × 10^302 |
| 40 | ov_040 | 9.333374368591331 × 10^301 |
| 41 | ov_041 | 7.727205288428676 × 10^301 |
| 42 | ov_042 | 6.33991125947864 × 10^301 |
| 43 | ov_043 | 5.150475208458748 × 10^301 |
| 44 | ov_044 | 4.139012193662597 × 10^301 |
| 45 | ov_045 | 3.2867313432363477 × 10^301 |
| 46 | ov_046 | 2.5759048840744623 × 10^301 |
| 47 | ov_047 | 1.989843323354928 × 10^301 |
| 48 | ov_048 | 1.5128759098933317 × 10^301 |
| 49 | ov_049 | 1.1303355674203732 × 10^301 |
| 50 | ov_050 | 8.285475566261029 × 10^300 |
| 51 | ov_051 | 5.948211874075601 × 10^300 |
| 52 | ov_052 | 4.174439672402767 × 10^300 |
| 53 | ov_053 | 2.8567763599860697 × 10^300 |
| 54 | ov_054 | 1.8975560189991795 × 10^300 |
| 55 | ov_055 | 1.2088135756365729 × 10^300 |
| 56 | ov_056 | 7.489902151284486 × 10^299 |
| 57 | ov_057 | 4.494981458927459 × 10^299 |
| 58 | ov_058 | 2.5143249545555564 × 10^299 |
| 59 | ov_059 | 1.2776130512058857 × 10^299 |
| 60 | ov_060 | 5.629311386218086 × 10^298 |
| 61 | ov_061 | 1.9676784338879577 × 10^298 |
| 62 | ov_062 | 5.401453255541297 × 10^297 |
| 63 | ov_063 | 1.0535645032677072 × 10^297 |
| 64 | lv_79_m31 | 2.054560030061327 × 10^296 |
| 65 | ov_065 | 2.4703936505319938 × 10^297 |
| 66 | ov_066 | 2.470386942406212 × 10^297 |
| 67 | ov_067 | 2.4703853284985682 × 10^297 |
| 68 | ov_068 | 2.1460712486291423 × 10^297 |
| 69 | ov_069 | 1.8550214842787877 × 10^297 |
| 70 | ov_070 | 1.594788207100533 × 10^297 |
| 71 | ov_071 | 1.3630477159606185 × 10^297 |
| 72 | ov_072 | 1.1575917129185418 × 10^297 |
| 73 | ov_073 | 9.763199868745869 × 10^296 |
| 74 | ov_074 | 8.172343492256426 × 10^296 |
| 75 | ov_075 | 6.784336741524357 × 10^296 |
| 76 | ov_076 | 5.5810990411769395 × 10^296 |
| 77 | ov_077 | 4.545448888418688 × 10^296 |
| 78 | ov_078 | 3.6610793349060285 × 10^296 |
| 79 | ov_079 | 2.9125393909921494 × 10^296 |
| 80 | ov_080 | 2.2852202541121093 × 10^296 |
| 81 | ov_081 | 1.7653453335162064 × 10^296 |
| 82 | ov_082 | 1.3399631131809786 × 10^296 |
| 83 | ov_083 | 9.969419637472068 × 10^295 |
| 84 | ov_084 | 7.24966164189198 × 10^295 |
| 85 | ov_085 | 5.135326975169283 × 10^295 |
| 86 | ov_086 | 3.529486627515604 × 10^295 |
| 87 | ov_087 | 2.343292352565392 × 10^295 |
| 88 | ov_088 | 1.4959610755249353 × 10^295 |
| 89 | ov_089 | 9.147634277067907 × 10^294 |
| 90 | ov_090 | 5.3501572913986716 × 10^294 |
| 91 | ov_091 | 3.000747410164547 × 10^294 |
| 92 | ov_092 | 1.6133451545490082 × 10^294 |
| 93 | ov_093 | 7.822470359024233 × 10^293 |
| 94 | ov_094 | 3.246889130260025 × 10^293 |
| 95 | aaa_78_28 | 9.807957187977898 × 10^292 |
| 96 | aaa_78_29 | 3.4575431821932306 × 10^292 |
| 97 | ov_097 | 1.8246972297005214 × 10^292 |
| 98 | ov_098 | 1.8246859839591468 × 10^292 |
| 99 | ov_099 | 1.82468238898217 × 10^292 |
| 100 | ov_100 | 1.5468190311990835 × 10^292 |
| 101 | ov_101 | 1.3020905565334901 × 10^292 |
| 102 | ov_102 | 1.0877185426360101 × 10^292 |
| 103 | ov_103 | 9.010782577125185 × 10^291 |
| 104 | ov_104 | 7.396874933013526 × 10^291 |
| 105 | ov_105 | 6.011968170635581 × 10^291 |
| 106 | ov_106 | 4.833811182892633 × 10^291 |
| 107 | ov_107 | 3.8413232549774785 × 10^291 |
| 108 | ov_108 | 3.014531819294695 × 10^291 |
| 109 | ov_109 | 2.334519709424849 × 10^291 |
| 110 | ov_110 | 1.7833808937411797 × 10^291 |
| 111 | ov_111 | 1.3441837284640293 × 10^291 |
| 112 | ov_112 | 1.0009408281062896 × 10^291 |
| 113 | ov_113 | 7.385847086722218 × 10^290 |
| 114 | ov_114 | 5.429484158271477 × 10^290 |
| 115 | ov_115 | 4.007504067205354 × 10^290 |
| 116 | ov_116 | 2.995830103465441 × 10^290 |
| 117 | ov_117 | 2.2790384735789347 × 10^290 |
| 118 | ov_118 | 1.7502964617692174 × 10^290 |
| 119 | ov_119 | 1.3113194811597786 × 10^290 |
| 120 | ov_120 | 9.536061300646875 × 10^289 |
| 121 | ov_121 | 6.686661398071236 × 10^289 |
| 122 | ov_122 | 4.480159435605636 × 10^289 |
| 123 | ov_123 | 2.8317584596063096 × 10^289 |
| 124 | ov_124 | 1.6566819433949767 × 10^289 |
| 125 | ov_125 | 8.701627721848973 × 10^288 |
| 126 | ov_126 | 3.874372749891371 × 10^288 |
| 127 | aaa_77_28 | 1.237426842143216 × 10^288 |
| 128 | aaa_77_29 | 4.640478564544295 × 10^287 |
| 129 | ov_129 | 4.327788336154284 × 10^287 |
| 130 | ov_130 | 4.3277760839474 × 10^287 |
| 131 | ov_131 | 4.327773118784888 × 10^287 |
| 132 | ov_132 | 3.759414542438261 × 10^287 |
| 133 | ov_133 | 3.2496354816324985 × 10^287 |
| 134 | ov_134 | 2.794036813874741 × 10^287 |
| 135 | ov_135 | 2.3884580718753725 × 10^287 |
| 136 | ov_136 | 2.02896037414965 × 10^287 |
| 137 | ov_137 | 1.7118116496540703 × 10^287 |
| 138 | ov_138 | 1.4334739423809338 × 10^287 |
| 139 | ov_139 | 1.1905925929049724 × 10^287 |
| 140 | ov_140 | 9.799871045960891 × 10^286 |
| 141 | ov_141 | 7.986435126554533 × 10^286 |
| 142 | ov_142 | 6.437080843611349 × 10^286 |
| 143 | ov_143 | 5.12482188976644 × 10^286 |
| 144 | ov_144 | 4.02418185724427 × 10^286 |
| 145 | ov_145 | 3.111161880910626 × 10^286 |
| 146 | ov_146 | 2.3632157253833407 × 10^286 |
| 147 | ov_147 | 1.759231094642307 × 10^286 |
| 148 | ov_148 | 1.2795160400421288 × 10^286 |
| 149 | ov_149 | 9.057894399499216 × 10^285 |
| 150 | ov_150 | 6.211746214628726 × 10^285 |
| 151 | ov_151 | 4.101952918373969 × 10^285 |
| 152 | ov_152 | 2.5877307821512757 × 10^285 |
| 153 | ov_153 | 1.5422613897360163 × 10^285 |
| 154 | ov_154 | 8.52684288101534 × 10^284 |
| 155 | ov_155 | 4.200930212329374 × 10^284 |
| 156 | aaa_76_25 | 1.5953297118232952 × 10^284 |
| 157 | aaa_76_26 | 9.052037670672662 × 10^283 |
| 158 | aaa_76_27 | 4.654735342761112 × 10^283 |
| 159 | aaa_76_28 | 2.0639023436936026 × 10^283 |
| 160 | aaa_76_29 | 6.284461057781546 × 10^282 |

### Output Bits Sorted by Complexity

| Rank | Output Bit | Complexity |
|:----:|:----------:|:----------:|
| 160 | aaa_76_29 | 6.284461057781546 × 10^282 |
| 159 | aaa_76_28 | 2.0639023436936026 × 10^283 |
| 158 | aaa_76_27 | 4.654735342761112 × 10^283 |
| 157 | aaa_76_26 | 9.052037670672662 × 10^283 |
| 156 | aaa_76_25 | 1.5953297118232952 × 10^284 |
| 155 | ov_155 | 4.200930212329374 × 10^284 |
| 154 | ov_154 | 8.52684288101534 × 10^284 |
| 153 | ov_153 | 1.5422613897360163 × 10^285 |
| 152 | ov_152 | 2.5877307821512757 × 10^285 |
| 151 | ov_151 | 4.101952918373969 × 10^285 |
| 150 | ov_150 | 6.211746214628726 × 10^285 |
| 149 | ov_149 | 9.057894399499216 × 10^285 |
| 148 | ov_148 | 1.2795160400421288 × 10^286 |
| 147 | ov_147 | 1.759231094642307 × 10^286 |
| 146 | ov_146 | 2.3632157253833407 × 10^286 |
| 145 | ov_145 | 3.111161880910626 × 10^286 |
| 144 | ov_144 | 4.02418185724427 × 10^286 |
| 143 | ov_143 | 5.12482188976644 × 10^286 |
| 142 | ov_142 | 6.437080843611349 × 10^286 |
| 141 | ov_141 | 7.986435126554533 × 10^286 |
| 140 | ov_140 | 9.799871045960891 × 10^286 |
| 139 | ov_139 | 1.1905925929049724 × 10^287 |
| 138 | ov_138 | 1.4334739423809338 × 10^287 |
| 137 | ov_137 | 1.7118116496540703 × 10^287 |
| 136 | ov_136 | 2.02896037414965 × 10^287 |
| 135 | ov_135 | 2.3884580718753725 × 10^287 |
| 134 | ov_134 | 2.794036813874741 × 10^287 |
| 133 | ov_133 | 3.2496354816324985 × 10^287 |
| 132 | ov_132 | 3.759414542438261 × 10^287 |
| 131 | ov_131 | 4.327773118784888 × 10^287 |
| 130 | ov_130 | 4.3277760839474 × 10^287 |
| 129 | ov_129 | 4.327788336154284 × 10^287 |
| 128 | aaa_77_29 | 4.640478564544295 × 10^287 |
| 127 | aaa_77_28 | 1.237426842143216 × 10^288 |
| 126 | ov_126 | 3.874372749891371 × 10^288 |
| 125 | ov_125 | 8.701627721848973 × 10^288 |
| 124 | ov_124 | 1.6566819433949767 × 10^289 |
| 123 | ov_123 | 2.8317584596063096 × 10^289 |
| 122 | ov_122 | 4.480159435605636 × 10^289 |
| 121 | ov_121 | 6.686661398071236 × 10^289 |
| 120 | ov_120 | 9.536061300646875 × 10^289 |
| 119 | ov_119 | 1.3113194811597786 × 10^290 |
| 118 | ov_118 | 1.7502964617692174 × 10^290 |
| 117 | ov_117 | 2.2790384735789347 × 10^290 |
| 116 | ov_116 | 2.995830103465441 × 10^290 |
| 115 | ov_115 | 4.007504067205354 × 10^290 |
| 114 | ov_114 | 5.429484158271477 × 10^290 |
| 113 | ov_113 | 7.385847086722218 × 10^290 |
| 112 | ov_112 | 1.0009408281062896 × 10^291 |
| 111 | ov_111 | 1.3441837284640293 × 10^291 |
| 110 | ov_110 | 1.7833808937411797 × 10^291 |
| 109 | ov_109 | 2.334519709424849 × 10^291 |
| 108 | ov_108 | 3.014531819294695 × 10^291 |
| 107 | ov_107 | 3.8413232549774785 × 10^291 |
| 106 | ov_106 | 4.833811182892633 × 10^291 |
| 105 | ov_105 | 6.011968170635581 × 10^291 |
| 104 | ov_104 | 7.396874933013526 × 10^291 |
| 103 | ov_103 | 9.010782577125185 × 10^291 |
| 102 | ov_102 | 1.0877185426360101 × 10^292 |
| 101 | ov_101 | 1.3020905565334901 × 10^292 |
| 100 | ov_100 | 1.5468190311990835 × 10^292 |
| 99 | ov_099 | 1.82468238898217 × 10^292 |
| 98 | ov_098 | 1.8246859839591468 × 10^292 |
| 97 | ov_097 | 1.8246972297005214 × 10^292 |
| 96 | aaa_78_29 | 3.4575431821932306 × 10^292 |
| 95 | aaa_78_28 | 9.807957187977898 × 10^292 |
| 94 | ov_094 | 3.246889130260025 × 10^293 |
| 93 | ov_093 | 7.822470359024233 × 10^293 |
| 92 | ov_092 | 1.6133451545490082 × 10^294 |
| 91 | ov_091 | 3.000747410164547 × 10^294 |
| 90 | ov_090 | 5.3501572913986716 × 10^294 |
| 89 | ov_089 | 9.147634277067907 × 10^294 |
| 88 | ov_088 | 1.4959610755249353 × 10^295 |
| 87 | ov_087 | 2.343292352565392 × 10^295 |
| 86 | ov_086 | 3.529486627515604 × 10^295 |
| 85 | ov_085 | 5.135326975169283 × 10^295 |
| 84 | ov_084 | 7.24966164189198 × 10^295 |
| 83 | ov_083 | 9.969419637472068 × 10^295 |
| 82 | ov_082 | 1.3399631131809786 × 10^296 |
| 81 | ov_081 | 1.7653453335162064 × 10^296 |
| 64 | lv_79_m31 | 2.054560030061327 × 10^296 |
| 80 | ov_080 | 2.2852202541121093 × 10^296 |
| 79 | ov_079 | 2.9125393909921494 × 10^296 |
| 78 | ov_078 | 3.6610793349060285 × 10^296 |
| 77 | ov_077 | 4.545448888418688 × 10^296 |
| 76 | ov_076 | 5.5810990411769395 × 10^296 |
| 75 | ov_075 | 6.784336741524357 × 10^296 |
| 74 | ov_074 | 8.172343492256426 × 10^296 |
| 73 | ov_073 | 9.763199868745869 × 10^296 |
| 63 | ov_063 | 1.0535645032677072 × 10^297 |
| 72 | ov_072 | 1.1575917129185418 × 10^297 |
| 71 | ov_071 | 1.3630477159606185 × 10^297 |
| 70 | ov_070 | 1.594788207100533 × 10^297 |
| 69 | ov_069 | 1.8550214842787877 × 10^297 |
| 68 | ov_068 | 2.1460712486291423 × 10^297 |
| 67 | ov_067 | 2.4703853284985682 × 10^297 |
| 66 | ov_066 | 2.470386942406212 × 10^297 |
| 65 | ov_065 | 2.4703936505319938 × 10^297 |
| 62 | ov_062 | 5.401453255541297 × 10^297 |
| 61 | ov_061 | 1.9676784338879577 × 10^298 |
| 60 | ov_060 | 5.629311386218086 × 10^298 |
| 59 | ov_059 | 1.2776130512058857 × 10^299 |
| 58 | ov_058 | 2.5143249545555564 × 10^299 |
| 57 | ov_057 | 4.494981458927459 × 10^299 |
| 56 | ov_056 | 7.489902151284486 × 10^299 |
| 55 | ov_055 | 1.2088135756365729 × 10^300 |
| 54 | ov_054 | 1.8975560189991795 × 10^300 |
| 53 | ov_053 | 2.8567763599860697 × 10^300 |
| 52 | ov_052 | 4.174439672402767 × 10^300 |
| 51 | ov_051 | 5.948211874075601 × 10^300 |
| 50 | ov_050 | 8.285475566261029 × 10^300 |
| 49 | ov_049 | 1.1303355674203732 × 10^301 |
| 48 | ov_048 | 1.5128759098933317 × 10^301 |
| 47 | ov_047 | 1.989843323354928 × 10^301 |
| 32 | lv_80_m31 | 2.3685760389710593 × 10^301 |
| 46 | ov_046 | 2.5759048840744623 × 10^301 |
| 45 | ov_045 | 3.2867313432363477 × 10^301 |
| 44 | ov_044 | 4.139012193662597 × 10^301 |
| 43 | ov_043 | 5.150475208458748 × 10^301 |
| 42 | ov_042 | 6.33991125947864 × 10^301 |
| 41 | ov_041 | 7.727205288428676 × 10^301 |
| 40 | ov_040 | 9.333374368591331 × 10^301 |
| 39 | ov_039 | 1.1169817059853738 × 10^302 |
| 31 | ov_031 | 1.2147415500875145 × 10^302 |
| 38 | ov_038 | 1.3259962329290055 × 10^302 |
| 37 | ov_037 | 1.5628538368422465 × 10^302 |
| 36 | ov_036 | 1.8301649712792937 × 10^302 |
| 35 | ov_035 | 2.1306867133758854 × 10^302 |
| 34 | ov_034 | 2.467333164250105 × 10^302 |
| 33 | ov_033 | 2.8431874017309005 × 10^302 |
| 30 | ov_030 | 5.487706138398162 × 10^302 |
| 29 | ov_029 | 1.8154119490015076 × 10^303 |
| 28 | ov_028 | 4.844319003668624 × 10^303 |
| 27 | ov_027 | 1.1080332351164263 × 10^304 |
| 26 | ov_026 | 2.397263955302024 × 10^304 |
| 25 | ov_025 | 4.8089447253608627 × 10^304 |
| 24 | ov_024 | 8.911801125838316 × 10^304 |
| 23 | ov_023 | 1.5386472988381603 × 10^305 |
| 22 | ov_022 | 2.502553724741 × 10^305 |
| 21 | ov_021 | 3.873355416408835 × 10^305 |
| 20 | ov_020 | 5.7527149342191115 × 10^305 |
| 19 | ov_019 | 8.25351473534683 × 10^305 |
| 18 | ov_018 | 1.149987793657543 × 10^306 |
| 17 | ov_017 | 1.5627199963347277 × 10^306 |
| 16 | ov_016 | 2.0782195595815725 × 10^306 |
| 15 | ov_015 | 2.71229661850772 × 10^306 |
| 14 | ov_014 | 3.481909258792434 × 10^306 |
| 13 | ov_013 | 4.4051760878557915 × 10^306 |
| 12 | ov_012 | 5.501392903971331 × 10^306 |
| 11 | ov_011 | 6.791054361426276 × 10^306 |
| 10 | ov_010 | 8.295881607966133 × 10^306 |
| 9 | ov_009 | 1.0038856949294268 × 10^307 |
| 8 | ov_008 | 1.2044266674508068 × 10^307 |
| 7 | ov_007 | 1.4337753256262208 × 10^307 |
| 6 | ov_006 | 1.6946378220428964 × 10^307 |
| 5 | ov_005 | 1.9898697062404595 × 10^307 |
| 4 | ov_004 | 2.3224847671381164 × 10^307 |
| 3 | ov_003 | 2.6956653810322975 × 10^307 |
| 2 | ov_002 | 3.1127745180619725 × 10^307 |
| 1 | ov_001 | 3.577369547704254 × 10^307 |

