# Results for F001-F002-F003-F004-F005-F006-F007-F008-F009-F010-F011-F012-F013-F014-F015-F016-F017-F018-F019-F020-F021-F022-F023-F024-F025-F026-F027-F028-F029-F030-F031-F032-F033-F034-F035-F036-F037-F038-F039-F040-F041-F042-F043-F044-F045-F046-F047-F048-F049-F050-F051-F052-F053-F054-F055-F056-F057-F058-F059-F060-F061-F062-F063-F064-F065-F066-F067-F068-F069-F070-F071-F072-F073-F074-F075-F076-F077-F078-F079-F080-F081-F082-F083-F084-F085-F086-F087-F088-F089-F090-F091-F092-F093-F094-F095-F096-F097-F098-F099-F100-F101-F102-F103-F104-F105-F106-F107-F108-F109-F110-F111-F112-F113-F114-F115-F116-F117-F118-F119-F120-F121-F122-F123-F124-F125-F126-F127-F128-F129-F130-F131-F132-F133-F134-F135-F136-F137-F138-F139-F140-F141-F142-F143-F144-F145-F146-F147-F148-F149-F150-F151-F152-F153-F154-F155-F156-F157-F158-F159-F160-F161-F162-F163-F164-F165-F166-F167-F168-F169-F170-F171-F172-F173-F174-F175-F176-F177-F178-F179-F180-F181-F182-F183-F184-F185-F186-F187-F188-F189-F190-F191-F192-F193-F194-F195-F196-F197-F198-F199-F200-F201-F202-F203-F204-F205-F206-F207-F208-F209-F210-F211-F212-F213-F214-F215-F216-F217-F218-F219-F220-F221-F222-F223-F224-F225-F226-F227-F228-F229-F230-F231-F232-F233-F234-F235-F236-F237-F238-F239-F240-F241-F242-F243-F244-F245-F246-F247-F248-F249-F250-F251-F252-F253-F254-F255-F256-F257-F258-F259-F260-F261-F262-F263-F264-F265-F266-F267-F268-F269-F270-F271-F272-F273-F274-F275-F276-F277-F278-F279-F280-F281-F282-F283-F284-F285-F286-F287-F288-F289-F290-F291-F292-F293-F294-F295-F296-F297-F298-F299-F300-F301-F302-F303-F304-F305-F306-F307-F308-F309-F310-F311-F312-F313-F314-F315-F316-F317-F318-F319-F320-F321-F322-F323-F324-F325-F326-F327-F328-F329-F330-F331-F332-F333-F334-F335-F336-F337-F338-F339-F340-F341-F342-F343-F344-F345-F346-F347-F348-F349-F350-F351-F352-F353-F354-F355-F356-F357-F358-F359-F360-F361-F362-F363-F364-F365-F366-F367-F368-F369-F370-F371-F372-F373-F374-F375-F376-F377-F378-F379-F380-F381-F382-F383-F384-F385-F386-F387-F388-F389-F390-F391-F392-F393-F394-F395-F396-F397-F398-F399-F400-F401-F402-F403-F404-F405-F406-F407-F408-F409-F410-F411-F412-F413-F414-F415-F416-F417-F418-F419-F420-F421-F422-F423-F424-F425-F426-F427-F428-F429-F430-F431-F432-F433-F434-F435-F436-F437-F438-F439-F440-F441-F442-F443-F444-F445-F446-F447-F448-F449-F450-F451-F452-F453-F454-F455-F456-F457-F458-F459-F460-F461-F462-F463-F464-F465-F466-F467-F468-F469-F470-F471-F472-F473-F474-F475-F476-F477-F478-F479-F480-F481-F482-F483-F484-F485-F486-F487-F488-F489-F490-F491-F492-F493-F494-F495-F496-F497-O504508-F512

## Summary

Number of input bits: 512  
Number of free input bits: 13  
Number of output bits: 160

Number of direct occurrences: 53307  
Number of assignments: 31783  
Number of operations: 11351091
(xor: 11322336,
and: 15204,
or: 13551)

Total complexity: 3.8203603252381474 × 10^303

Least occurring input variable: iv_502 (3890)  
Most occurring input variable: iv_510 (4327)

Most co-occurring input variables: iv_509-iv_510 (2133)  
Least co-occurring input variables: iv_498-iv_502 (1749)

Potentially most occurring input variable: iv_501/iv_504 (4563)  
Potentially least occurring input variable: iv_502/iv_505 (4121)

Least output occurring input variable: iv_503 (69)  
Most output occurring input variable: iv_506 (90)

Most output co-occurring input variables: iv_498-iv_499 (48)  
Least output co-occurring input variables: iv_502-iv_503 (24)

Potentially most output occurring input variable: iv_502/iv_503 (96)  
Potentially least output occurring input variable: iv_502/iv_504 (69)

Least complex input bit: iv_511 (7.5300009537990795 × 10^299)  
Most complex input bit: iv_510 (9.56736259766537 × 10^302)

Least complex output bit: aaa_76_29 (1.1664166042677541 × 10^278)  
Most complex output bit: ov_001 (5.975908986572966 × 10^302)

Least complex input/output complexity: iv_511/aaa_76_29 (2.299028728949999 × 10^274)  
Most complex input/output complexity: iv_510/ov_001 (1.496552242663825 × 10^302)

## Input Bits

### Input Bits in Regular Order

| Input Bit | Complexity | Occurrences | Output Occurrences |
|:---------:|:----------:|:-----------:|:------------------:|
| iv_498 | 4.281311350917793 × 10^300 | 3989 | 90 |
| iv_499 | 8.743782647675429 × 10^300 | 4013 | 79 |
| iv_500 | 1.6279265316416064 × 10^301 | 4138 | 77 |
| iv_501 | 2.9518193683165773 × 10^301 | 4059 | 77 |
| iv_502 | 5.041548510320917 × 10^301 | 3890 | 75 |
| iv_503 | 8.28414411638127 × 10^301 | 4120 | 69 |
| iv_504 | 7.893699139516404 × 10^302 | 4146 | 78 |
| iv_505 | 2.0447131257346026 × 10^302 | 3951 | 79 |
| iv_506 | 3.096362319228842 × 10^302 | 4031 | 90 |
| iv_507 | 4.594561383865228 × 10^302 | 4201 | 76 |
| iv_509 | 9.078579892765305 × 10^302 | 4211 | 73 |
| iv_510 | 9.56736259766537 × 10^302 | 4327 | 79 |
| iv_511 | 7.5300009537990795 × 10^299 | 4231 | 79 |

### Input Bits Sorted by Complexity

| Input Bit | Complexity | Occurrences | Output Occurrences |
|:---------:|:----------:|:-----------:|:------------------:|
| iv_511 | 7.5300009537990795 × 10^299 | 4231 | 79 |
| iv_498 | 4.281311350917793 × 10^300 | 3989 | 90 |
| iv_499 | 8.743782647675429 × 10^300 | 4013 | 79 |
| iv_500 | 1.6279265316416064 × 10^301 | 4138 | 77 |
| iv_501 | 2.9518193683165773 × 10^301 | 4059 | 77 |
| iv_502 | 5.041548510320917 × 10^301 | 3890 | 75 |
| iv_503 | 8.28414411638127 × 10^301 | 4120 | 69 |
| iv_505 | 2.0447131257346026 × 10^302 | 3951 | 79 |
| iv_506 | 3.096362319228842 × 10^302 | 4031 | 90 |
| iv_507 | 4.594561383865228 × 10^302 | 4201 | 76 |
| iv_504 | 7.893699139516404 × 10^302 | 4146 | 78 |
| iv_509 | 9.078579892765305 × 10^302 | 4211 | 73 |
| iv_510 | 9.56736259766537 × 10^302 | 4327 | 79 |

### Input Bits Sorted by Occurrences

| Input Bit | Complexity | Occurrences | Output Occurrences |
|:---------:|:----------:|:-----------:|:------------------:|
| iv_502 | 5.041548510320917 × 10^301 | 3890 | 75 |
| iv_505 | 2.0447131257346026 × 10^302 | 3951 | 79 |
| iv_498 | 4.281311350917793 × 10^300 | 3989 | 90 |
| iv_499 | 8.743782647675429 × 10^300 | 4013 | 79 |
| iv_506 | 3.096362319228842 × 10^302 | 4031 | 90 |
| iv_501 | 2.9518193683165773 × 10^301 | 4059 | 77 |
| iv_503 | 8.28414411638127 × 10^301 | 4120 | 69 |
| iv_500 | 1.6279265316416064 × 10^301 | 4138 | 77 |
| iv_504 | 7.893699139516404 × 10^302 | 4146 | 78 |
| iv_507 | 4.594561383865228 × 10^302 | 4201 | 76 |
| iv_509 | 9.078579892765305 × 10^302 | 4211 | 73 |
| iv_511 | 7.5300009537990795 × 10^299 | 4231 | 79 |
| iv_510 | 9.56736259766537 × 10^302 | 4327 | 79 |

### Input Bits Sorted by Output Occurrences

| Input Bit | Complexity | Occurrences | Output Occurrences |
|:---------:|:----------:|:-----------:|:------------------:|
| iv_503 | 8.28414411638127 × 10^301 | 4120 | 69 |
| iv_509 | 9.078579892765305 × 10^302 | 4211 | 73 |
| iv_502 | 5.041548510320917 × 10^301 | 3890 | 75 |
| iv_507 | 4.594561383865228 × 10^302 | 4201 | 76 |
| iv_501 | 2.9518193683165773 × 10^301 | 4059 | 77 |
| iv_500 | 1.6279265316416064 × 10^301 | 4138 | 77 |
| iv_504 | 7.893699139516404 × 10^302 | 4146 | 78 |
| iv_505 | 2.0447131257346026 × 10^302 | 3951 | 79 |
| iv_499 | 8.743782647675429 × 10^300 | 4013 | 79 |
| iv_510 | 9.56736259766537 × 10^302 | 4327 | 79 |
| iv_511 | 7.5300009537990795 × 10^299 | 4231 | 79 |
| iv_498 | 4.281311350917793 × 10^300 | 3989 | 90 |
| iv_506 | 3.096362319228842 × 10^302 | 4031 | 90 |

## Input Bit Co-occurrences

### Input Bit Co-occurrences Sorted by Co-occurrences

| Input Bits | Co-occurrences | Potential Occurrences | Output Co-occurrences | Potential Output Occurrences |
|:----------:|:--------------:|:---------------------:|:---------------------:|:----------------------------:|
| iv_509-iv_510 | 2133 | 4272 | 39 | 74 |
| iv_510-iv_511 | 2093 | 4372 | 41 | 76 |
| iv_504-iv_511 | 2086 | 4205 | 40 | 77 |
| iv_500-iv_511 | 2085 | 4199 | 38 | 80 |
| iv_500-iv_510 | 2082 | 4301 | 40 | 76 |
| iv_504-iv_510 | 2056 | 4361 | 37 | 83 |
| iv_509-iv_511 | 2055 | 4332 | 36 | 80 |
| iv_501-iv_511 | 2049 | 4192 | 41 | 74 |
| iv_504-iv_509 | 2036 | 4285 | 36 | 79 |
| iv_506-iv_507 | 2035 | 4162 | 45 | 76 |
| iv_507-iv_510 | 2034 | 4460 | 41 | 73 |
| iv_503-iv_510 | 2025 | 4397 | 36 | 76 |
| iv_505-iv_510 | 2015 | 4248 | 38 | 82 |

### Input Bit Co-occurrences Sorted by Potential Occurrences

| Input Bits | Co-occurrences | Potential Occurrences | Output Co-occurrences | Potential Output Occurrences |
|:----------:|:--------------:|:---------------------:|:---------------------:|:----------------------------:|
| iv_502-iv_505 | 1860 | 4121 | 40 | 74 |
| iv_506-iv_507 | 2035 | 4162 | 45 | 76 |
| iv_501-iv_511 | 2049 | 4192 | 41 | 74 |
| iv_502-iv_506 | 1864 | 4193 | 46 | 73 |
| iv_501-iv_505 | 1908 | 4194 | 33 | 90 |
| iv_500-iv_511 | 2085 | 4199 | 38 | 80 |
| iv_499-iv_509 | 2010 | 4204 | 41 | 70 |
| iv_499-iv_505 | 1880 | 4204 | 41 | 76 |
| iv_504-iv_511 | 2086 | 4205 | 40 | 77 |
| iv_500-iv_505 | 1930 | 4229 | 43 | 70 |
| iv_499-iv_501 | 1921 | 4230 | 35 | 86 |
| iv_505-iv_510 | 2015 | 4248 | 38 | 82 |
| iv_501-iv_503 | 1964 | 4251 | 36 | 74 |

### Input Bit Output Co-occurrences Sorted by Output Co-occurrences

| Input Bits | Co-occurrences | Potential Occurrences | Output Co-occurrences | Potential Output Occurrences |
|:----------:|:--------------:|:---------------------:|:---------------------:|:----------------------------:|
| iv_498-iv_499 | 1840 | 4322 | 48 | 73 |
| iv_504-iv_506 | 1884 | 4409 | 47 | 74 |
| iv_502-iv_506 | 1864 | 4193 | 46 | 73 |
| iv_498-iv_506 | 1872 | 4276 | 45 | 90 |
| iv_499-iv_506 | 1838 | 4368 | 45 | 79 |
| iv_506-iv_507 | 2035 | 4162 | 45 | 76 |
| iv_498-iv_510 | 1970 | 4376 | 45 | 79 |
| iv_498-iv_507 | 1908 | 4374 | 44 | 78 |
| iv_505-iv_506 | 1835 | 4312 | 44 | 81 |
| iv_500-iv_505 | 1930 | 4229 | 43 | 70 |
| iv_505-iv_511 | 1890 | 4402 | 43 | 72 |
| iv_504-iv_505 | 1842 | 4413 | 43 | 71 |
| iv_498-iv_504 | 1875 | 4385 | 43 | 82 |

### Input Bit Output Co-occurrences Sorted by Potential Output Occurrences

| Input Bits | Co-occurrences | Potential Occurrences | Output Co-occurrences | Potential Output Occurrences |
|:----------:|:--------------:|:---------------------:|:---------------------:|:----------------------------:|
| iv_502-iv_504 | 1827 | 4382 | 42 | 69 |
| iv_499-iv_509 | 2010 | 4204 | 41 | 70 |
| iv_500-iv_505 | 1930 | 4229 | 43 | 70 |
| iv_504-iv_505 | 1842 | 4413 | 43 | 71 |
| iv_505-iv_511 | 1890 | 4402 | 43 | 72 |
| iv_504-iv_507 | 1987 | 4373 | 41 | 72 |
| iv_498-iv_499 | 1840 | 4322 | 48 | 73 |
| iv_502-iv_506 | 1864 | 4193 | 46 | 73 |
| iv_507-iv_510 | 2034 | 4460 | 41 | 73 |
| iv_501-iv_503 | 1964 | 4251 | 36 | 74 |
| iv_502-iv_505 | 1860 | 4121 | 40 | 74 |
| iv_501-iv_511 | 2049 | 4192 | 41 | 74 |
| iv_509-iv_510 | 2133 | 4272 | 39 | 74 |

## Output Bits

### Output Bits in Regular Order

| Rank | Output Bit | Complexity |
|:----:|:----------:|:----------:|
| 1 | ov_001 | 5.975908986572966 × 10^302 |
| 2 | ov_002 | 5.199785450947397 × 10^302 |
| 3 | ov_003 | 4.502998131891416 × 10^302 |
| 4 | ov_004 | 3.8796020013785764 × 10^302 |
| 5 | ov_005 | 3.3239767959483854 × 10^302 |
| 6 | ov_006 | 2.830804088626083 × 10^302 |
| 7 | ov_007 | 2.3950473646847254 × 10^302 |
| 8 | ov_008 | 2.0119348236812143 × 10^302 |
| 9 | ov_009 | 1.6769446450542579 × 10^302 |
| 10 | ov_010 | 1.3857924688851417 × 10^302 |
| 11 | ov_011 | 1.134420857289246 × 10^302 |
| 12 | ov_012 | 9.189905154128276 × 10^301 |
| 13 | ov_013 | 7.358730642290941 × 10^301 |
| 14 | ov_014 | 5.816451703229496 × 10^301 |
| 15 | ov_015 | 4.5308385067770336 × 10^301 |
| 16 | ov_016 | 3.4716278317323174 × 10^301 |
| 17 | ov_017 | 2.6104946610892464 × 10^301 |
| 18 | ov_018 | 1.9210308260415692 × 10^301 |
| 19 | ov_019 | 1.3787293822524913 × 10^301 |
| 20 | ov_020 | 9.609735265641185 × 10^300 |
| 21 | ov_021 | 6.47028986836344 × 10^300 |
| 22 | ov_022 | 4.180389420181294 × 10^300 |
| 23 | ov_023 | 2.570206895282231 × 10^300 |
| 24 | ov_024 | 1.4886350043356872 × 10^300 |
| 25 | ov_025 | 8.032730300360824 × 10^299 |
| 26 | ov_026 | 4.004194075920676 × 10^299 |
| 27 | ov_027 | 1.8506805673242904 × 10^299 |
| 28 | ov_028 | 8.09068833091889 × 10^298 |
| 29 | ov_029 | 3.031729649855655 × 10^298 |
| 30 | ov_030 | 9.16335162701392 × 10^297 |
| 31 | ov_031 | 2.028049245483405 × 10^297 |
| 32 | lv_80_m31 | 3.953702654031158 × 10^296 |
| 33 | ov_033 | 4.747942254730309 × 10^297 |
| 34 | ov_034 | 4.120206242852918 × 10^297 |
| 35 | ov_035 | 3.557716717216691 × 10^297 |
| 36 | ov_036 | 3.0555260933344834 × 10^297 |
| 37 | ov_037 | 2.6089579095600726 × 10^297 |
| 38 | ov_038 | 2.213587644131755 × 10^297 |
| 39 | ov_039 | 1.8652260252896425 × 10^297 |
| 40 | ov_040 | 1.5599046078290864 × 10^297 |
| 41 | ov_041 | 1.293863400754675 × 10^297 |
| 42 | ov_042 | 1.0635403417774444 × 10^297 |
| 43 | ov_043 | 8.655624253097597 × 10^296 |
| 44 | ov_044 | 6.9673830139989045 × 10^296 |
| 45 | ov_045 | 5.54052173740181 × 10^296 |
| 46 | ov_046 | 4.346588354976329 × 10^296 |
| 47 | ov_047 | 3.358796922669752 × 10^296 |
| 48 | ov_048 | 2.5519963194471237 × 10^296 |
| 49 | ov_049 | 1.902646117778756 × 10^296 |
| 50 | ov_050 | 1.3887984326187828 × 10^296 |
| 51 | ov_051 | 9.900846595562438 × 10^295 |
| 52 | ov_052 | 6.877061165545999 × 10^295 |
| 53 | ov_053 | 4.6442770728486314 × 10^295 |
| 54 | ov_054 | 3.0457382754946364 × 10^295 |
| 55 | ov_055 | 1.9402583972078352 × 10^295 |
| 56 | ov_056 | 1.2022056631368629 × 10^295 |
| 57 | ov_057 | 7.214941914705369 × 10^294 |
| 58 | ov_058 | 4.035792649786136 × 10^294 |
| 59 | ov_059 | 2.0507341685155448 × 10^294 |
| 60 | ov_060 | 9.035824166550533 × 10^293 |
| 61 | ov_061 | 3.1584121391204736 × 10^293 |
| 62 | ov_062 | 8.670147416336805 × 10^292 |
| 63 | ov_063 | 1.6911310245293026 × 10^292 |
| 64 | lv_79_m31 | 3.297876969827965 × 10^291 |
| 65 | ov_065 | 3.963948247781505 × 10^292 |
| 66 | ov_066 | 3.9639377308283807 × 10^292 |
| 67 | ov_067 | 3.963935209848318 × 10^292 |
| 68 | ov_068 | 3.4434716969042327 × 10^292 |
| 69 | ov_069 | 2.9763388503850727 × 10^292 |
| 70 | ov_070 | 2.558636479149939 × 10^292 |
| 71 | ov_071 | 2.1866562427431354 × 10^292 |
| 72 | ov_072 | 1.8568685456937443 × 10^292 |
| 73 | ov_073 | 1.5659117614923708 × 10^292 |
| 74 | ov_074 | 1.310583497805442 × 10^292 |
| 75 | ov_075 | 1.0878336298341616 × 10^292 |
| 76 | ov_076 | 8.947588434682309 × 10^291 |
| 77 | ov_077 | 7.285984441286314 × 10^291 |
| 78 | ov_078 | 5.867312010312053 × 10^291 |
| 79 | ov_079 | 4.66673010113342 × 10^291 |
| 80 | ov_080 | 3.660751721184577 × 10^291 |
| 81 | ov_081 | 2.827230953853926 × 10^291 |
| 82 | ov_082 | 2.1453526400335227 × 10^291 |
| 83 | ov_083 | 1.595623778411608 × 10^291 |
| 84 | ov_084 | 1.159866319955104 × 10^291 |
| 85 | ov_085 | 8.212112303549415 × 10^290 |
| 86 | ov_086 | 5.640936944374015 × 10^290 |
| 87 | ov_087 | 3.742493366867951 × 10^290 |
| 88 | ov_088 | 2.387113321101122 × 10^290 |
| 89 | ov_089 | 1.4580828172343438 × 10^290 |
| 90 | ov_090 | 8.516272696640299 × 10^289 |
| 91 | ov_091 | 4.769017736421282 × 10^289 |
| 92 | ov_092 | 2.5598526816191504 × 10^289 |
| 93 | ov_093 | 1.238774010460728 × 10^289 |
| 94 | ov_094 | 5.130791504721819 × 10^288 |
| 95 | aaa_78_28 | 1.5465968322995526 × 10^288 |
| 96 | aaa_78_29 | 5.436289217365661 × 10^287 |
| 97 | ov_097 | 2.8181219911051695 × 10^287 |
| 98 | ov_098 | 2.8181011551909044 × 10^287 |
| 99 | ov_099 | 2.8180944946220835 × 10^287 |
| 100 | ov_100 | 2.3641093321596973 × 10^287 |
| 101 | ov_101 | 1.9680388742003132 × 10^287 |
| 102 | ov_102 | 1.6247347869533514 × 10^287 |
| 103 | ov_103 | 1.3293334938602952 × 10^287 |
| 104 | ov_104 | 1.077235487460223 × 10^287 |
| 105 | ov_105 | 8.640872725813143 × 10^286 |
| 106 | ov_106 | 6.857657047354402 × 10^286 |
| 107 | ov_107 | 5.383645000357299 × 10^286 |
| 108 | ov_108 | 4.1818270491785934 × 10^286 |
| 109 | ov_109 | 3.2171492551251714 × 10^286 |
| 110 | ov_110 | 2.4564312776519584 × 10^286 |
| 111 | ov_111 | 1.86829830395719 × 10^286 |
| 112 | ov_112 | 1.4231252359000285 × 10^286 |
| 113 | ov_113 | 1.0929915696785816 × 10^286 |
| 114 | ov_114 | 8.516455091238288 × 10^285 |
| 115 | ov_115 | 6.744759581042569 × 10^285 |
| 116 | ov_116 | 5.384911416471196 × 10^285 |
| 117 | ov_117 | 4.223027091545124 × 10^285 |
| 118 | ov_118 | 3.243266522879359 × 10^285 |
| 119 | ov_119 | 2.4298425775632746 × 10^285 |
| 120 | ov_120 | 1.7670017690289594 × 10^285 |
| 121 | ov_121 | 1.2390112477886894 × 10^285 |
| 122 | ov_122 | 8.301505897349744 × 10^284 |
| 123 | ov_123 | 5.247065499774831 × 10^284 |
| 124 | ov_124 | 3.069696724621214 × 10^284 |
| 125 | ov_125 | 1.6123224729055937 × 10^284 |
| 126 | ov_126 | 7.178720363424768 × 10^283 |
| 127 | aaa_77_28 | 2.292763835416212 × 10^283 |
| 128 | aaa_77_29 | 8.597943155478425 × 10^282 |
| 129 | ov_129 | 8.018444208872901 × 10^282 |
| 130 | ov_130 | 8.018421461477651 × 10^282 |
| 131 | ov_131 | 8.018415954195717 × 10^282 |
| 132 | ov_132 | 6.965098053665665 × 10^282 |
| 133 | ov_133 | 6.020419653914627 × 10^282 |
| 134 | ov_134 | 5.1762061030180156 × 10^282 |
| 135 | ov_135 | 4.424728440807287 × 10^282 |
| 136 | ov_136 | 3.758671558684996 × 10^282 |
| 137 | ov_137 | 3.171106579224857 × 10^282 |
| 138 | ov_138 | 2.6554670660882024 × 10^282 |
| 139 | ov_139 | 2.2055286950236774 × 10^282 |
| 140 | ov_140 | 1.815392036292315 × 10^282 |
| 141 | ov_141 | 1.4794681179102637 × 10^282 |
| 142 | ov_142 | 1.1924664577424225 × 10^282 |
| 143 | ov_143 | 9.493852708101587 × 10^281 |
| 144 | ov_144 | 7.455035762766443 × 10^281 |
| 145 | ov_145 | 5.7637494651025295 × 10^281 |
| 146 | ov_146 | 4.378226584520309 × 10^281 |
| 147 | ov_147 | 3.2593602526680454 × 10^281 |
| 148 | ov_148 | 2.3706770396687595 × 10^281 |
| 149 | ov_149 | 1.6783179238056187 × 10^281 |
| 150 | ov_150 | 1.1510254650560748 × 10^281 |
| 151 | ov_151 | 7.601356694553833 × 10^280 |
| 152 | ov_152 | 4.795732077871773 × 10^280 |
| 153 | ov_153 | 2.8584882857564476 × 10^280 |
| 154 | ov_154 | 1.5805802122478586 × 10^280 |
| 155 | ov_155 | 7.788029432060149 × 10^279 |
| 156 | aaa_76_25 | 2.9578782678992364 × 10^279 |
| 157 | aaa_76_26 | 1.6786958581844837 × 10^279 |
| 158 | aaa_76_27 | 8.6344094427427 × 10^278 |
| 159 | aaa_76_28 | 3.829511787403525 × 10^278 |
| 160 | aaa_76_29 | 1.1664166042677541 × 10^278 |

### Output Bits Sorted by Complexity

| Rank | Output Bit | Complexity |
|:----:|:----------:|:----------:|
| 160 | aaa_76_29 | 1.1664166042677541 × 10^278 |
| 159 | aaa_76_28 | 3.829511787403525 × 10^278 |
| 158 | aaa_76_27 | 8.6344094427427 × 10^278 |
| 157 | aaa_76_26 | 1.6786958581844837 × 10^279 |
| 156 | aaa_76_25 | 2.9578782678992364 × 10^279 |
| 155 | ov_155 | 7.788029432060149 × 10^279 |
| 154 | ov_154 | 1.5805802122478586 × 10^280 |
| 153 | ov_153 | 2.8584882857564476 × 10^280 |
| 152 | ov_152 | 4.795732077871773 × 10^280 |
| 151 | ov_151 | 7.601356694553833 × 10^280 |
| 150 | ov_150 | 1.1510254650560748 × 10^281 |
| 149 | ov_149 | 1.6783179238056187 × 10^281 |
| 148 | ov_148 | 2.3706770396687595 × 10^281 |
| 147 | ov_147 | 3.2593602526680454 × 10^281 |
| 146 | ov_146 | 4.378226584520309 × 10^281 |
| 145 | ov_145 | 5.7637494651025295 × 10^281 |
| 144 | ov_144 | 7.455035762766443 × 10^281 |
| 143 | ov_143 | 9.493852708101587 × 10^281 |
| 142 | ov_142 | 1.1924664577424225 × 10^282 |
| 141 | ov_141 | 1.4794681179102637 × 10^282 |
| 140 | ov_140 | 1.815392036292315 × 10^282 |
| 139 | ov_139 | 2.2055286950236774 × 10^282 |
| 138 | ov_138 | 2.6554670660882024 × 10^282 |
| 137 | ov_137 | 3.171106579224857 × 10^282 |
| 136 | ov_136 | 3.758671558684996 × 10^282 |
| 135 | ov_135 | 4.424728440807287 × 10^282 |
| 134 | ov_134 | 5.1762061030180156 × 10^282 |
| 133 | ov_133 | 6.020419653914627 × 10^282 |
| 132 | ov_132 | 6.965098053665665 × 10^282 |
| 131 | ov_131 | 8.018415954195717 × 10^282 |
| 130 | ov_130 | 8.018421461477651 × 10^282 |
| 129 | ov_129 | 8.018444208872901 × 10^282 |
| 128 | aaa_77_29 | 8.597943155478425 × 10^282 |
| 127 | aaa_77_28 | 2.292763835416212 × 10^283 |
| 126 | ov_126 | 7.178720363424768 × 10^283 |
| 125 | ov_125 | 1.6123224729055937 × 10^284 |
| 124 | ov_124 | 3.069696724621214 × 10^284 |
| 123 | ov_123 | 5.247065499774831 × 10^284 |
| 122 | ov_122 | 8.301505897349744 × 10^284 |
| 121 | ov_121 | 1.2390112477886894 × 10^285 |
| 120 | ov_120 | 1.7670017690289594 × 10^285 |
| 119 | ov_119 | 2.4298425775632746 × 10^285 |
| 118 | ov_118 | 3.243266522879359 × 10^285 |
| 117 | ov_117 | 4.223027091545124 × 10^285 |
| 116 | ov_116 | 5.384911416471196 × 10^285 |
| 115 | ov_115 | 6.744759581042569 × 10^285 |
| 114 | ov_114 | 8.516455091238288 × 10^285 |
| 113 | ov_113 | 1.0929915696785816 × 10^286 |
| 112 | ov_112 | 1.4231252359000285 × 10^286 |
| 111 | ov_111 | 1.86829830395719 × 10^286 |
| 110 | ov_110 | 2.4564312776519584 × 10^286 |
| 109 | ov_109 | 3.2171492551251714 × 10^286 |
| 108 | ov_108 | 4.1818270491785934 × 10^286 |
| 107 | ov_107 | 5.383645000357299 × 10^286 |
| 106 | ov_106 | 6.857657047354402 × 10^286 |
| 105 | ov_105 | 8.640872725813143 × 10^286 |
| 104 | ov_104 | 1.077235487460223 × 10^287 |
| 103 | ov_103 | 1.3293334938602952 × 10^287 |
| 102 | ov_102 | 1.6247347869533514 × 10^287 |
| 101 | ov_101 | 1.9680388742003132 × 10^287 |
| 100 | ov_100 | 2.3641093321596973 × 10^287 |
| 99 | ov_099 | 2.8180944946220835 × 10^287 |
| 98 | ov_098 | 2.8181011551909044 × 10^287 |
| 97 | ov_097 | 2.8181219911051695 × 10^287 |
| 96 | aaa_78_29 | 5.436289217365661 × 10^287 |
| 95 | aaa_78_28 | 1.5465968322995526 × 10^288 |
| 94 | ov_094 | 5.130791504721819 × 10^288 |
| 93 | ov_093 | 1.238774010460728 × 10^289 |
| 92 | ov_092 | 2.5598526816191504 × 10^289 |
| 91 | ov_091 | 4.769017736421282 × 10^289 |
| 90 | ov_090 | 8.516272696640299 × 10^289 |
| 89 | ov_089 | 1.4580828172343438 × 10^290 |
| 88 | ov_088 | 2.387113321101122 × 10^290 |
| 87 | ov_087 | 3.742493366867951 × 10^290 |
| 86 | ov_086 | 5.640936944374015 × 10^290 |
| 85 | ov_085 | 8.212112303549415 × 10^290 |
| 84 | ov_084 | 1.159866319955104 × 10^291 |
| 83 | ov_083 | 1.595623778411608 × 10^291 |
| 82 | ov_082 | 2.1453526400335227 × 10^291 |
| 81 | ov_081 | 2.827230953853926 × 10^291 |
| 64 | lv_79_m31 | 3.297876969827965 × 10^291 |
| 80 | ov_080 | 3.660751721184577 × 10^291 |
| 79 | ov_079 | 4.66673010113342 × 10^291 |
| 78 | ov_078 | 5.867312010312053 × 10^291 |
| 77 | ov_077 | 7.285984441286314 × 10^291 |
| 76 | ov_076 | 8.947588434682309 × 10^291 |
| 75 | ov_075 | 1.0878336298341616 × 10^292 |
| 74 | ov_074 | 1.310583497805442 × 10^292 |
| 73 | ov_073 | 1.5659117614923708 × 10^292 |
| 63 | ov_063 | 1.6911310245293026 × 10^292 |
| 72 | ov_072 | 1.8568685456937443 × 10^292 |
| 71 | ov_071 | 2.1866562427431354 × 10^292 |
| 70 | ov_070 | 2.558636479149939 × 10^292 |
| 69 | ov_069 | 2.9763388503850727 × 10^292 |
| 68 | ov_068 | 3.4434716969042327 × 10^292 |
| 67 | ov_067 | 3.963935209848318 × 10^292 |
| 66 | ov_066 | 3.9639377308283807 × 10^292 |
| 65 | ov_065 | 3.963948247781505 × 10^292 |
| 62 | ov_062 | 8.670147416336805 × 10^292 |
| 61 | ov_061 | 3.1584121391204736 × 10^293 |
| 60 | ov_060 | 9.035824166550533 × 10^293 |
| 59 | ov_059 | 2.0507341685155448 × 10^294 |
| 58 | ov_058 | 4.035792649786136 × 10^294 |
| 57 | ov_057 | 7.214941914705369 × 10^294 |
| 56 | ov_056 | 1.2022056631368629 × 10^295 |
| 55 | ov_055 | 1.9402583972078352 × 10^295 |
| 54 | ov_054 | 3.0457382754946364 × 10^295 |
| 53 | ov_053 | 4.6442770728486314 × 10^295 |
| 52 | ov_052 | 6.877061165545999 × 10^295 |
| 51 | ov_051 | 9.900846595562438 × 10^295 |
| 50 | ov_050 | 1.3887984326187828 × 10^296 |
| 49 | ov_049 | 1.902646117778756 × 10^296 |
| 48 | ov_048 | 2.5519963194471237 × 10^296 |
| 47 | ov_047 | 3.358796922669752 × 10^296 |
| 32 | lv_80_m31 | 3.953702654031158 × 10^296 |
| 46 | ov_046 | 4.346588354976329 × 10^296 |
| 45 | ov_045 | 5.54052173740181 × 10^296 |
| 44 | ov_044 | 6.9673830139989045 × 10^296 |
| 43 | ov_043 | 8.655624253097597 × 10^296 |
| 42 | ov_042 | 1.0635403417774444 × 10^297 |
| 41 | ov_041 | 1.293863400754675 × 10^297 |
| 40 | ov_040 | 1.5599046078290864 × 10^297 |
| 39 | ov_039 | 1.8652260252896425 × 10^297 |
| 31 | ov_031 | 2.028049245483405 × 10^297 |
| 38 | ov_038 | 2.213587644131755 × 10^297 |
| 37 | ov_037 | 2.6089579095600726 × 10^297 |
| 36 | ov_036 | 3.0555260933344834 × 10^297 |
| 35 | ov_035 | 3.557716717216691 × 10^297 |
| 34 | ov_034 | 4.120206242852918 × 10^297 |
| 33 | ov_033 | 4.747942254730309 × 10^297 |
| 30 | ov_030 | 9.16335162701392 × 10^297 |
| 29 | ov_029 | 3.031729649855655 × 10^298 |
| 28 | ov_028 | 8.09068833091889 × 10^298 |
| 27 | ov_027 | 1.8506805673242904 × 10^299 |
| 26 | ov_026 | 4.004194075920676 × 10^299 |
| 25 | ov_025 | 8.032730300360824 × 10^299 |
| 24 | ov_024 | 1.4886350043356872 × 10^300 |
| 23 | ov_023 | 2.570206895282231 × 10^300 |
| 22 | ov_022 | 4.180389420181294 × 10^300 |
| 21 | ov_021 | 6.47028986836344 × 10^300 |
| 20 | ov_020 | 9.609735265641185 × 10^300 |
| 19 | ov_019 | 1.3787293822524913 × 10^301 |
| 18 | ov_018 | 1.9210308260415692 × 10^301 |
| 17 | ov_017 | 2.6104946610892464 × 10^301 |
| 16 | ov_016 | 3.4716278317323174 × 10^301 |
| 15 | ov_015 | 4.5308385067770336 × 10^301 |
| 14 | ov_014 | 5.816451703229496 × 10^301 |
| 13 | ov_013 | 7.358730642290941 × 10^301 |
| 12 | ov_012 | 9.189905154128276 × 10^301 |
| 11 | ov_011 | 1.134420857289246 × 10^302 |
| 10 | ov_010 | 1.3857924688851417 × 10^302 |
| 9 | ov_009 | 1.6769446450542579 × 10^302 |
| 8 | ov_008 | 2.0119348236812143 × 10^302 |
| 7 | ov_007 | 2.3950473646847254 × 10^302 |
| 6 | ov_006 | 2.830804088626083 × 10^302 |
| 5 | ov_005 | 3.3239767959483854 × 10^302 |
| 4 | ov_004 | 3.8796020013785764 × 10^302 |
| 3 | ov_003 | 4.502998131891416 × 10^302 |
| 2 | ov_002 | 5.199785450947397 × 10^302 |
| 1 | ov_001 | 5.975908986572966 × 10^302 |

