# Results for F001-F002-F003-F004-F005-F006-F007-F008-F009-F010-F011-F012-F013-F014-F015-F016-F017-F018-F019-F020-F021-F022-F023-F024-F025-F026-F027-F028-F029-F030-F031-F032-F033-F034-F035-F036-F037-F038-F039-F040-F041-F042-F043-F044-F045-F046-F047-F048-F049-F050-F051-F052-F053-F054-F055-F056-F057-F058-F059-F060-F061-F062-F063-F064-F065-F066-F067-F068-F069-F070-F071-F072-F073-F074-F075-F076-F077-F078-F079-F080-F081-F082-F083-F084-F085-F086-F087-F088-F089-F090-F091-F092-F093-F094-F095-F096-F097-F098-F099-F100-F101-F102-F103-F104-F105-F106-F107-F108-F109-F110-F111-F112-F113-F114-F115-F116-F117-F118-F119-F120-F121-F122-F123-F124-F125-F126-F127-F128-F129-F130-F131-F132-F133-F134-F135-F136-F137-F138-F139-F140-F141-F142-F143-F144-F145-F146-F147-F148-F149-F150-F151-F152-F153-F154-F155-F156-F157-F158-F159-F160-F161-F162-F163-F164-F165-F166-F167-F168-F169-F170-F171-F172-F173-F174-F175-F176-F177-F178-F179-F180-F181-F182-F183-F184-F185-F186-F187-F188-F189-F190-F191-F192-F193-F194-F195-F196-F197-F198-F199-F200-F201-F202-F203-F204-F205-F206-F207-F208-F209-F210-F211-F212-F213-F214-F215-F216-F217-F218-F219-F220-F221-F222-F223-F224-F225-F226-F227-F228-F229-F230-F231-F232-F233-F234-F235-F236-F237-F238-F239-F240-F241-F242-F243-F244-F245-F246-F247-F248-F249-F250-F251-F252-F253-F254-F255-F256-F257-F258-F259-F260-F261-F262-F263-F264-F265-F266-F267-F268-F269-F270-F271-F272-F273-F274-F275-F276-F277-F278-F279-F280-F281-F282-F283-F284-F285-F286-F287-F288-F289-F290-F291-F292-F293-F294-F295-F296-F297-F298-F299-F300-F301-F302-F303-F304-F305-F306-F307-F308-F309-F310-F311-F312-F313-F314-F315-F316-F317-F318-F319-F320-F321-F322-F323-F324-F325-F326-F327-F328-F329-F330-F331-F332-F333-F334-F335-F336-F337-F338-F339-F340-F341-F342-F343-F344-F345-F346-F347-F348-F349-F350-F351-F352-F353-F354-F355-F356-F357-F358-F359-F360-F361-F362-F363-F364-F365-F366-F367-F368-F369-F370-F371-F372-F373-F374-F375-F376-F377-F378-F379-F380-F381-F382-F383-F384-F385-F386-F387-F388-F389-F390-F391-F392-F393-F394-F395-F396-F397-F398-F399-F400-F401-F402-F403-F404-F405-F406-F407-F408-F409-F410-F411-F412-F413-F414-F415-F416-F417-F418-F419-F420-F421-F422-F423-F424-F425-F426-F427-F428-F429-F430-F431-F432-F433-F434-F435-F436-F437-F438-F439-F440-F441-F442-F443-F444-F445-F446-F447-F448-F449-F450-F451-F452-F453-F454-F455-F456-F457-F458-F459-F460-F461-F462-F463-F464-F465-F466-F467-F468-F469-F470-F471-F472-F473-F474-F475-F476-F477-F478-F479-F480-F481-F482-F483-F484-F485-F486-F487-F488-F489-F490-F491-F492-F493-F494-F495-F496-E498505-F510-F512

## Summary

Number of input bits: 512  
Number of free input bits: 13  
Number of output bits: 160

Number of direct occurrences: 53250  
Number of assignments: 31715  
Number of operations: 11182678
(xor: 11154312,
and: 14845,
or: 13521)

Total complexity: 6.331886026379493 × 10^300

Least occurring input variable: iv_502 (3895)  
Most occurring input variable: iv_511 (4267)

Most co-occurring input variables: iv_500-iv_511 (2081)  
Least co-occurring input variables: iv_499-iv_502 (1784)

Potentially most occurring input variable: iv_509/iv_511 (4531)  
Potentially least occurring input variable: iv_504/iv_506 (4157)

Least output occurring input variable: iv_498 (64)  
Most output occurring input variable: iv_497 (93)

Most output co-occurring input variables: iv_497-iv_502 (52)  
Least output co-occurring input variables: iv_498-iv_508 (25)

Potentially most output occurring input variable: iv_497/iv_500 (91)  
Potentially least output occurring input variable: iv_501/iv_508 (71)

Least complex input bit: iv_511 (7.735101538719305 × 10^296)  
Most complex input bit: iv_498 (1.113657010791745 × 10^300)

Least complex output bit: aaa_76_29 (1.1183961820219198 × 10^276)  
Most complex output bit: ov_001 (9.898971380728744 × 10^299)

Least complex input/output complexity: iv_511/aaa_76_29 (1.3662450638584895 × 10^272)  
Most complex input/output complexity: iv_498/ov_001 (1.7410387413556815 × 10^299)

## Input Bits

### Input Bits in Regular Order

| Input Bit | Complexity | Occurrences | Output Occurrences |
|:---------:|:----------:|:-----------:|:------------------:|
| iv_497 | 1.7990706304635637 × 10^298 | 4145 | 93 |
| iv_498 | 1.113657010791745 × 10^300 | 4232 | 64 |
| iv_499 | 6.315028009311064 × 10^298 | 3955 | 81 |
| iv_500 | 1.0625930893606327 × 10^299 | 4125 | 76 |
| iv_501 | 1.7554889000194586 × 10^299 | 4092 | 83 |
| iv_502 | 2.8405535556656146 × 10^299 | 3895 | 82 |
| iv_503 | 4.5150416307257735 × 10^299 | 4061 | 72 |
| iv_504 | 7.038487116051041 × 10^299 | 3939 | 78 |
| iv_506 | 5.44656008346932 × 10^299 | 3974 | 82 |
| iv_507 | 7.813500817077575 × 10^299 | 4186 | 76 |
| iv_508 | 1.036983605969866 × 10^300 | 4151 | 74 |
| iv_509 | 1.0521083938293375 × 10^300 | 4228 | 87 |
| iv_511 | 7.735101538719305 × 10^296 | 4267 | 80 |

### Input Bits Sorted by Complexity

| Input Bit | Complexity | Occurrences | Output Occurrences |
|:---------:|:----------:|:-----------:|:------------------:|
| iv_511 | 7.735101538719305 × 10^296 | 4267 | 80 |
| iv_497 | 1.7990706304635637 × 10^298 | 4145 | 93 |
| iv_499 | 6.315028009311064 × 10^298 | 3955 | 81 |
| iv_500 | 1.0625930893606327 × 10^299 | 4125 | 76 |
| iv_501 | 1.7554889000194586 × 10^299 | 4092 | 83 |
| iv_502 | 2.8405535556656146 × 10^299 | 3895 | 82 |
| iv_503 | 4.5150416307257735 × 10^299 | 4061 | 72 |
| iv_506 | 5.44656008346932 × 10^299 | 3974 | 82 |
| iv_504 | 7.038487116051041 × 10^299 | 3939 | 78 |
| iv_507 | 7.813500817077575 × 10^299 | 4186 | 76 |
| iv_508 | 1.036983605969866 × 10^300 | 4151 | 74 |
| iv_509 | 1.0521083938293375 × 10^300 | 4228 | 87 |
| iv_498 | 1.113657010791745 × 10^300 | 4232 | 64 |

### Input Bits Sorted by Occurrences

| Input Bit | Complexity | Occurrences | Output Occurrences |
|:---------:|:----------:|:-----------:|:------------------:|
| iv_502 | 2.8405535556656146 × 10^299 | 3895 | 82 |
| iv_504 | 7.038487116051041 × 10^299 | 3939 | 78 |
| iv_499 | 6.315028009311064 × 10^298 | 3955 | 81 |
| iv_506 | 5.44656008346932 × 10^299 | 3974 | 82 |
| iv_503 | 4.5150416307257735 × 10^299 | 4061 | 72 |
| iv_501 | 1.7554889000194586 × 10^299 | 4092 | 83 |
| iv_500 | 1.0625930893606327 × 10^299 | 4125 | 76 |
| iv_497 | 1.7990706304635637 × 10^298 | 4145 | 93 |
| iv_508 | 1.036983605969866 × 10^300 | 4151 | 74 |
| iv_507 | 7.813500817077575 × 10^299 | 4186 | 76 |
| iv_509 | 1.0521083938293375 × 10^300 | 4228 | 87 |
| iv_498 | 1.113657010791745 × 10^300 | 4232 | 64 |
| iv_511 | 7.735101538719305 × 10^296 | 4267 | 80 |

### Input Bits Sorted by Output Occurrences

| Input Bit | Complexity | Occurrences | Output Occurrences |
|:---------:|:----------:|:-----------:|:------------------:|
| iv_498 | 1.113657010791745 × 10^300 | 4232 | 64 |
| iv_503 | 4.5150416307257735 × 10^299 | 4061 | 72 |
| iv_508 | 1.036983605969866 × 10^300 | 4151 | 74 |
| iv_500 | 1.0625930893606327 × 10^299 | 4125 | 76 |
| iv_507 | 7.813500817077575 × 10^299 | 4186 | 76 |
| iv_504 | 7.038487116051041 × 10^299 | 3939 | 78 |
| iv_511 | 7.735101538719305 × 10^296 | 4267 | 80 |
| iv_499 | 6.315028009311064 × 10^298 | 3955 | 81 |
| iv_502 | 2.8405535556656146 × 10^299 | 3895 | 82 |
| iv_506 | 5.44656008346932 × 10^299 | 3974 | 82 |
| iv_501 | 1.7554889000194586 × 10^299 | 4092 | 83 |
| iv_509 | 1.0521083938293375 × 10^300 | 4228 | 87 |
| iv_497 | 1.7990706304635637 × 10^298 | 4145 | 93 |

## Input Bit Co-occurrences

### Input Bit Co-occurrences Sorted by Co-occurrences

| Input Bits | Co-occurrences | Potential Occurrences | Output Co-occurrences | Potential Output Occurrences |
|:----------:|:--------------:|:---------------------:|:---------------------:|:----------------------------:|
| iv_500-iv_511 | 2081 | 4230 | 38 | 80 |
| iv_508-iv_509 | 2077 | 4225 | 40 | 81 |
| iv_507-iv_509 | 2065 | 4284 | 44 | 75 |
| iv_497-iv_507 | 2050 | 4231 | 44 | 81 |
| iv_498-iv_509 | 2037 | 4386 | 40 | 71 |
| iv_503-iv_511 | 2035 | 4258 | 35 | 82 |
| iv_501-iv_511 | 2034 | 4291 | 39 | 85 |
| iv_501-iv_509 | 2034 | 4252 | 49 | 72 |
| iv_497-iv_509 | 2020 | 4333 | 50 | 80 |
| iv_507-iv_511 | 2016 | 4421 | 39 | 78 |
| iv_497-iv_511 | 2010 | 4392 | 47 | 79 |
| iv_497-iv_501 | 2008 | 4221 | 48 | 80 |
| iv_498-iv_500 | 2005 | 4347 | 30 | 80 |

### Input Bit Co-occurrences Sorted by Potential Occurrences

| Input Bits | Co-occurrences | Potential Occurrences | Output Co-occurrences | Potential Output Occurrences |
|:----------:|:--------------:|:---------------------:|:---------------------:|:----------------------------:|
| iv_504-iv_506 | 1878 | 4157 | 42 | 76 |
| iv_499-iv_504 | 1868 | 4158 | 38 | 83 |
| iv_506-iv_507 | 1997 | 4166 | 39 | 80 |
| iv_499-iv_501 | 1932 | 4183 | 44 | 76 |
| iv_500-iv_503 | 1999 | 4188 | 35 | 78 |
| iv_503-iv_506 | 1913 | 4209 | 39 | 76 |
| iv_497-iv_506 | 1955 | 4209 | 51 | 73 |
| iv_502-iv_504 | 1809 | 4216 | 42 | 76 |
| iv_499-iv_508 | 1944 | 4218 | 41 | 73 |
| iv_497-iv_501 | 2008 | 4221 | 48 | 80 |
| iv_508-iv_509 | 2077 | 4225 | 40 | 81 |
| iv_497-iv_504 | 1929 | 4226 | 50 | 71 |
| iv_502-iv_506 | 1820 | 4229 | 44 | 76 |

### Input Bit Output Co-occurrences Sorted by Output Co-occurrences

| Input Bits | Co-occurrences | Potential Occurrences | Output Co-occurrences | Potential Output Occurrences |
|:----------:|:--------------:|:---------------------:|:---------------------:|:----------------------------:|
| iv_497-iv_502 | 1905 | 4230 | 52 | 71 |
| iv_497-iv_506 | 1955 | 4209 | 51 | 73 |
| iv_497-iv_504 | 1929 | 4226 | 50 | 71 |
| iv_497-iv_509 | 2020 | 4333 | 50 | 80 |
| iv_501-iv_509 | 2034 | 4252 | 49 | 72 |
| iv_497-iv_501 | 2008 | 4221 | 48 | 80 |
| iv_497-iv_511 | 2010 | 4392 | 47 | 79 |
| iv_502-iv_509 | 1874 | 4375 | 46 | 77 |
| iv_502-iv_511 | 1924 | 4314 | 45 | 72 |
| iv_497-iv_499 | 1925 | 4250 | 45 | 84 |
| iv_503-iv_509 | 1921 | 4447 | 44 | 71 |
| iv_499-iv_501 | 1932 | 4183 | 44 | 76 |
| iv_501-iv_506 | 1866 | 4334 | 44 | 77 |

### Input Bit Output Co-occurrences Sorted by Potential Output Occurrences

| Input Bits | Co-occurrences | Potential Occurrences | Output Co-occurrences | Potential Output Occurrences |
|:----------:|:--------------:|:---------------------:|:---------------------:|:----------------------------:|
| iv_501-iv_508 | 1941 | 4361 | 43 | 71 |
| iv_503-iv_509 | 1921 | 4447 | 44 | 71 |
| iv_497-iv_504 | 1929 | 4226 | 50 | 71 |
| iv_498-iv_509 | 2037 | 4386 | 40 | 71 |
| iv_497-iv_502 | 1905 | 4230 | 52 | 71 |
| iv_501-iv_509 | 2034 | 4252 | 49 | 72 |
| iv_504-iv_508 | 1916 | 4258 | 40 | 72 |
| iv_502-iv_511 | 1924 | 4314 | 45 | 72 |
| iv_499-iv_500 | 1899 | 4282 | 42 | 73 |
| iv_499-iv_508 | 1944 | 4218 | 41 | 73 |
| iv_497-iv_506 | 1955 | 4209 | 51 | 73 |
| iv_498-iv_499 | 1869 | 4449 | 36 | 73 |
| iv_502-iv_507 | 1902 | 4277 | 42 | 74 |

## Output Bits

### Output Bits in Regular Order

| Rank | Output Bit | Complexity |
|:----:|:----------:|:----------:|
| 1 | ov_001 | 9.898971380728744 × 10^299 |
| 2 | ov_002 | 8.613769182449938 × 10^299 |
| 3 | ov_003 | 7.459938597649363 × 10^299 |
| 4 | ov_004 | 6.427629392779166 × 10^299 |
| 5 | ov_005 | 5.507530796449172 × 10^299 |
| 6 | ov_006 | 4.690833324963504 × 10^299 |
| 7 | ov_007 | 3.969195500570013 × 10^299 |
| 8 | ov_008 | 3.334715071475035 × 10^299 |
| 9 | ov_009 | 2.77990436808267 × 10^299 |
| 10 | ov_010 | 2.297669398241973 × 10^299 |
| 11 | ov_011 | 1.8812922799407338 × 10^299 |
| 12 | ov_012 | 1.5244166330137323 × 10^299 |
| 13 | ov_013 | 1.2210355740767103 × 10^299 |
| 14 | ov_014 | 9.654819811599426 × 10^298 |
| 15 | ov_015 | 7.524207164859825 × 10^298 |
| 16 | ov_016 | 5.76842517588179 × 10^298 |
| 17 | ov_017 | 4.3405928855965326 × 10^298 |
| 18 | ov_018 | 3.1970054470358814 × 10^298 |
| 19 | ov_019 | 2.2971078526112646 × 10^298 |
| 20 | ov_020 | 1.6034759024924098 × 10^298 |
| 21 | ov_021 | 1.0818026751829197 × 10^298 |
| 22 | ov_022 | 7.008891494974136 × 10^297 |
| 23 | ov_023 | 4.326379010110832 × 10^297 |
| 24 | ov_024 | 2.520490033395287 × 10^297 |
| 25 | ov_025 | 1.3721751947858947 × 10^297 |
| 26 | ov_026 | 6.9332127173912434 × 10^296 |
| 27 | ov_027 | 3.2674471916771513 × 10^296 |
| 28 | ov_028 | 1.4618911731554817 × 10^296 |
| 29 | ov_029 | 5.632434991319049 × 10^295 |
| 30 | ov_030 | 1.721689200261596 × 10^295 |
| 31 | ov_031 | 3.3576936646884975 × 10^294 |
| 32 | lv_80_m31 | 6.547045852772031 × 10^293 |
| 33 | ov_033 | 7.885275976657884 × 10^294 |
| 34 | ov_034 | 6.846719084094081 × 10^294 |
| 35 | ov_035 | 5.916363073506483 × 10^294 |
| 36 | ov_036 | 5.085747024687183 × 10^294 |
| 37 | ov_037 | 4.346871701299421 × 10^294 |
| 38 | ov_038 | 3.692167115973311 × 10^294 |
| 39 | ov_039 | 3.1144643538822747 × 10^294 |
| 40 | ov_040 | 2.6069712507567772 × 10^294 |
| 41 | ov_041 | 2.1632515459306316 × 10^294 |
| 42 | ov_042 | 1.7772071543757608 × 10^294 |
| 43 | ov_043 | 1.4458715456580377 × 10^294 |
| 44 | ov_044 | 1.1637806302912638 × 10^294 |
| 45 | ov_045 | 9.257707917842462 × 10^293 |
| 46 | ov_046 | 7.269705049347768 × 10^293 |
| 47 | ov_047 | 5.6279360869229365 × 10^293 |
| 48 | ov_048 | 4.289339987180288 × 10^293 |
| 49 | ov_049 | 3.213615229019378 × 10^293 |
| 50 | ov_050 | 2.3631888089164243 × 10^293 |
| 51 | ov_051 | 1.7031934622384454 × 10^293 |
| 52 | ov_052 | 1.2014514698727457 × 10^293 |
| 53 | ov_053 | 8.284635814258082 × 10^292 |
| 54 | ov_054 | 5.574017572327863 × 10^292 |
| 55 | ov_055 | 3.641046017796282 × 10^292 |
| 56 | ov_056 | 2.2707456974918818 × 10^292 |
| 57 | ov_057 | 1.3622858772560415 × 10^292 |
| 58 | ov_058 | 7.53925438451177 × 10^291 |
| 59 | ov_059 | 3.714461302185532 × 10^291 |
| 60 | ov_060 | 1.539328108305946 × 10^291 |
| 61 | ov_061 | 5.377289181442648 × 10^290 |
| 62 | ov_062 | 1.4752247175957728 × 10^290 |
| 63 | ov_063 | 2.8756528497201705 × 10^289 |
| 64 | lv_79_m31 | 5.60438493989134 × 10^288 |
| 65 | ov_065 | 6.745712884689747 × 10^289 |
| 66 | ov_066 | 6.745692870500337 × 10^289 |
| 67 | ov_067 | 6.745687972441287 × 10^289 |
| 68 | ov_068 | 5.849551200488904 × 10^289 |
| 69 | ov_069 | 5.048253734031089 × 10^289 |
| 70 | ov_070 | 4.3342134577427356 × 10^289 |
| 71 | ov_071 | 3.7003145858330384 × 10^289 |
| 72 | ov_072 | 3.139876091198655 × 10^289 |
| 73 | ov_073 | 2.6466229300190674 × 10^289 |
| 74 | ov_074 | 2.2146599127995588 × 10^289 |
| 75 | ov_075 | 1.8384480787516802 × 10^289 |
| 76 | ov_076 | 1.5127834352688213 × 10^289 |
| 77 | ov_077 | 1.232777928230445 × 10^289 |
| 78 | ov_078 | 9.93842512069491 × 10^288 |
| 79 | ov_079 | 7.916721910720982 × 10^288 |
| 80 | ov_080 | 6.222329053477092 × 10^288 |
| 81 | ov_081 | 4.8175013640341496 × 10^288 |
| 82 | ov_082 | 3.66699108363609 × 10^288 |
| 83 | ov_083 | 2.737964616712396 × 10^288 |
| 84 | ov_084 | 1.9999327665872137 × 10^288 |
| 85 | ov_085 | 1.4246932474548554 × 10^288 |
| 86 | ov_086 | 9.862842525734632 × 10^287 |
| 87 | ov_087 | 6.609478601238703 × 10^287 |
| 88 | ov_088 | 4.271020590925281 × 10^287 |
| 89 | ov_089 | 2.6532017806571957 × 10^287 |
| 90 | ov_090 | 1.5831650010308546 × 10^287 |
| 91 | ov_091 | 9.093684699313323 × 10^286 |
| 92 | ov_092 | 5.015292644649353 × 10^286 |
| 93 | ov_093 | 2.5059295916477834 × 10^286 |
| 94 | ov_094 | 1.0733696320062835 × 10^286 |
| 95 | aaa_78_28 | 3.314383904010097 × 10^285 |
| 96 | aaa_78_29 | 1.0178264231892501 × 10^285 |
| 97 | ov_097 | 6.719184738013156 × 10^284 |
| 98 | ov_098 | 6.718982882940385 × 10^284 |
| 99 | ov_099 | 6.718918347593804 × 10^284 |
| 100 | ov_100 | 6.045275574804673 × 10^284 |
| 101 | ov_101 | 5.4215438192259914 × 10^284 |
| 102 | ov_102 | 4.8449590403098136 × 10^284 |
| 103 | ov_103 | 4.3129578156811595 × 10^284 |
| 104 | ov_104 | 3.8231519102967614 × 10^284 |
| 105 | ov_105 | 3.373305121223193 × 10^284 |
| 106 | ov_106 | 2.9613122787824614 × 10^284 |
| 107 | ov_107 | 2.5851802893296887 × 10^284 |
| 108 | ov_108 | 2.2430111086089432 × 10^284 |
| 109 | ov_109 | 1.932986537590051 × 10^284 |
| 110 | ov_110 | 1.6533547350189218 × 10^284 |
| 111 | ov_111 | 1.4024183427101891 × 10^284 |
| 112 | ov_112 | 1.1785241209603874 × 10^284 |
| 113 | ov_113 | 9.800539924424186 × 10^283 |
| 114 | ov_114 | 8.054173936304067 × 10^283 |
| 115 | ov_115 | 6.530448332642724 × 10^283 |
| 116 | ov_116 | 5.213825576545268 × 10^283 |
| 117 | ov_117 | 4.088882228015364 × 10^283 |
| 118 | ov_118 | 3.140274734023422 × 10^283 |
| 119 | ov_119 | 2.3527132887297307 × 10^283 |
| 120 | ov_120 | 1.7109427654471345 × 10^283 |
| 121 | ov_121 | 1.1997297220985815 × 10^283 |
| 122 | ov_122 | 8.038540347529953 × 10^282 |
| 123 | ov_123 | 5.08103391362999 × 10^282 |
| 124 | ov_124 | 2.9726957462890944 × 10^282 |
| 125 | ov_125 | 1.561461571326976 × 10^282 |
| 126 | ov_126 | 6.95273244654831 × 10^281 |
| 127 | aaa_77_28 | 2.2207422977375317 × 10^281 |
| 128 | aaa_77_29 | 8.328714069354528 × 10^280 |
| 129 | ov_129 | 7.781620675750494 × 10^280 |
| 130 | ov_130 | 7.781598876348781 × 10^280 |
| 131 | ov_131 | 7.78159360041445 × 10^280 |
| 132 | ov_132 | 6.762424995726298 × 10^280 |
| 133 | ov_133 | 5.848084429950998 × 10^280 |
| 134 | ov_134 | 5.030710136283539 × 10^280 |
| 135 | ov_135 | 4.302866340326577 × 10^280 |
| 136 | ov_136 | 3.6575128744714986 × 10^280 |
| 137 | ov_137 | 3.0879788705821483 × 10^280 |
| 138 | ov_138 | 2.587940151267967 × 10^280 |
| 139 | ov_139 | 2.1513999596555195 × 10^280 |
| 140 | ov_140 | 1.7726726865691094 × 10^280 |
| 141 | ov_141 | 1.4463702725428158 × 10^280 |
| 142 | ov_142 | 1.1673909802194027 × 10^280 |
| 143 | ov_143 | 9.309102505396732 × 10^279 |
| 144 | ov_144 | 7.323733737659894 × 10^279 |
| 145 | ov_145 | 5.674897238776242 × 10^279 |
| 146 | ov_146 | 4.322283222710616 × 10^279 |
| 147 | ov_147 | 3.228145140304272 × 10^279 |
| 148 | ov_148 | 2.3572755732598918 × 10^279 |
| 149 | ov_149 | 1.6769894376736888 × 10^279 |
| 150 | ov_150 | 1.1571128479186138 × 10^279 |
| 151 | ov_151 | 7.699761641238698 × 10^278 |
| 152 | ov_152 | 4.904099188740964 × 10^278 |
| 153 | ov_153 | 2.95742540302503 × 10^278 |
| 154 | ov_154 | 1.657990979368616 × 10^278 |
| 155 | ov_155 | 8.290059939454668 × 10^277 |
| 156 | aaa_76_25 | 3.1863607595215783 × 10^277 |
| 157 | aaa_76_26 | 1.8410462303731375 × 10^277 |
| 158 | aaa_76_27 | 9.429956586609757 × 10^276 |
| 159 | aaa_76_28 | 3.6744973610965974 × 10^276 |
| 160 | aaa_76_29 | 1.1183961820219198 × 10^276 |

### Output Bits Sorted by Complexity

| Rank | Output Bit | Complexity |
|:----:|:----------:|:----------:|
| 160 | aaa_76_29 | 1.1183961820219198 × 10^276 |
| 159 | aaa_76_28 | 3.6744973610965974 × 10^276 |
| 158 | aaa_76_27 | 9.429956586609757 × 10^276 |
| 157 | aaa_76_26 | 1.8410462303731375 × 10^277 |
| 156 | aaa_76_25 | 3.1863607595215783 × 10^277 |
| 155 | ov_155 | 8.290059939454668 × 10^277 |
| 154 | ov_154 | 1.657990979368616 × 10^278 |
| 153 | ov_153 | 2.95742540302503 × 10^278 |
| 152 | ov_152 | 4.904099188740964 × 10^278 |
| 151 | ov_151 | 7.699761641238698 × 10^278 |
| 150 | ov_150 | 1.1571128479186138 × 10^279 |
| 149 | ov_149 | 1.6769894376736888 × 10^279 |
| 148 | ov_148 | 2.3572755732598918 × 10^279 |
| 147 | ov_147 | 3.228145140304272 × 10^279 |
| 146 | ov_146 | 4.322283222710616 × 10^279 |
| 145 | ov_145 | 5.674897238776242 × 10^279 |
| 144 | ov_144 | 7.323733737659894 × 10^279 |
| 143 | ov_143 | 9.309102505396732 × 10^279 |
| 142 | ov_142 | 1.1673909802194027 × 10^280 |
| 141 | ov_141 | 1.4463702725428158 × 10^280 |
| 140 | ov_140 | 1.7726726865691094 × 10^280 |
| 139 | ov_139 | 2.1513999596555195 × 10^280 |
| 138 | ov_138 | 2.587940151267967 × 10^280 |
| 137 | ov_137 | 3.0879788705821483 × 10^280 |
| 136 | ov_136 | 3.6575128744714986 × 10^280 |
| 135 | ov_135 | 4.302866340326577 × 10^280 |
| 134 | ov_134 | 5.030710136283539 × 10^280 |
| 133 | ov_133 | 5.848084429950998 × 10^280 |
| 132 | ov_132 | 6.762424995726298 × 10^280 |
| 131 | ov_131 | 7.78159360041445 × 10^280 |
| 130 | ov_130 | 7.781598876348781 × 10^280 |
| 129 | ov_129 | 7.781620675750494 × 10^280 |
| 128 | aaa_77_29 | 8.328714069354528 × 10^280 |
| 127 | aaa_77_28 | 2.2207422977375317 × 10^281 |
| 126 | ov_126 | 6.95273244654831 × 10^281 |
| 125 | ov_125 | 1.561461571326976 × 10^282 |
| 124 | ov_124 | 2.9726957462890944 × 10^282 |
| 123 | ov_123 | 5.08103391362999 × 10^282 |
| 122 | ov_122 | 8.038540347529953 × 10^282 |
| 121 | ov_121 | 1.1997297220985815 × 10^283 |
| 120 | ov_120 | 1.7109427654471345 × 10^283 |
| 119 | ov_119 | 2.3527132887297307 × 10^283 |
| 118 | ov_118 | 3.140274734023422 × 10^283 |
| 117 | ov_117 | 4.088882228015364 × 10^283 |
| 116 | ov_116 | 5.213825576545268 × 10^283 |
| 115 | ov_115 | 6.530448332642724 × 10^283 |
| 114 | ov_114 | 8.054173936304067 × 10^283 |
| 113 | ov_113 | 9.800539924424186 × 10^283 |
| 112 | ov_112 | 1.1785241209603874 × 10^284 |
| 111 | ov_111 | 1.4024183427101891 × 10^284 |
| 110 | ov_110 | 1.6533547350189218 × 10^284 |
| 109 | ov_109 | 1.932986537590051 × 10^284 |
| 108 | ov_108 | 2.2430111086089432 × 10^284 |
| 107 | ov_107 | 2.5851802893296887 × 10^284 |
| 106 | ov_106 | 2.9613122787824614 × 10^284 |
| 105 | ov_105 | 3.373305121223193 × 10^284 |
| 104 | ov_104 | 3.8231519102967614 × 10^284 |
| 103 | ov_103 | 4.3129578156811595 × 10^284 |
| 102 | ov_102 | 4.8449590403098136 × 10^284 |
| 101 | ov_101 | 5.4215438192259914 × 10^284 |
| 100 | ov_100 | 6.045275574804673 × 10^284 |
| 99 | ov_099 | 6.718918347593804 × 10^284 |
| 98 | ov_098 | 6.718982882940385 × 10^284 |
| 97 | ov_097 | 6.719184738013156 × 10^284 |
| 96 | aaa_78_29 | 1.0178264231892501 × 10^285 |
| 95 | aaa_78_28 | 3.314383904010097 × 10^285 |
| 94 | ov_094 | 1.0733696320062835 × 10^286 |
| 93 | ov_093 | 2.5059295916477834 × 10^286 |
| 92 | ov_092 | 5.015292644649353 × 10^286 |
| 91 | ov_091 | 9.093684699313323 × 10^286 |
| 90 | ov_090 | 1.5831650010308546 × 10^287 |
| 89 | ov_089 | 2.6532017806571957 × 10^287 |
| 88 | ov_088 | 4.271020590925281 × 10^287 |
| 87 | ov_087 | 6.609478601238703 × 10^287 |
| 86 | ov_086 | 9.862842525734632 × 10^287 |
| 85 | ov_085 | 1.4246932474548554 × 10^288 |
| 84 | ov_084 | 1.9999327665872137 × 10^288 |
| 83 | ov_083 | 2.737964616712396 × 10^288 |
| 82 | ov_082 | 3.66699108363609 × 10^288 |
| 81 | ov_081 | 4.8175013640341496 × 10^288 |
| 64 | lv_79_m31 | 5.60438493989134 × 10^288 |
| 80 | ov_080 | 6.222329053477092 × 10^288 |
| 79 | ov_079 | 7.916721910720982 × 10^288 |
| 78 | ov_078 | 9.93842512069491 × 10^288 |
| 77 | ov_077 | 1.232777928230445 × 10^289 |
| 76 | ov_076 | 1.5127834352688213 × 10^289 |
| 75 | ov_075 | 1.8384480787516802 × 10^289 |
| 74 | ov_074 | 2.2146599127995588 × 10^289 |
| 73 | ov_073 | 2.6466229300190674 × 10^289 |
| 63 | ov_063 | 2.8756528497201705 × 10^289 |
| 72 | ov_072 | 3.139876091198655 × 10^289 |
| 71 | ov_071 | 3.7003145858330384 × 10^289 |
| 70 | ov_070 | 4.3342134577427356 × 10^289 |
| 69 | ov_069 | 5.048253734031089 × 10^289 |
| 68 | ov_068 | 5.849551200488904 × 10^289 |
| 67 | ov_067 | 6.745687972441287 × 10^289 |
| 66 | ov_066 | 6.745692870500337 × 10^289 |
| 65 | ov_065 | 6.745712884689747 × 10^289 |
| 62 | ov_062 | 1.4752247175957728 × 10^290 |
| 61 | ov_061 | 5.377289181442648 × 10^290 |
| 60 | ov_060 | 1.539328108305946 × 10^291 |
| 59 | ov_059 | 3.714461302185532 × 10^291 |
| 58 | ov_058 | 7.53925438451177 × 10^291 |
| 57 | ov_057 | 1.3622858772560415 × 10^292 |
| 56 | ov_056 | 2.2707456974918818 × 10^292 |
| 55 | ov_055 | 3.641046017796282 × 10^292 |
| 54 | ov_054 | 5.574017572327863 × 10^292 |
| 53 | ov_053 | 8.284635814258082 × 10^292 |
| 52 | ov_052 | 1.2014514698727457 × 10^293 |
| 51 | ov_051 | 1.7031934622384454 × 10^293 |
| 50 | ov_050 | 2.3631888089164243 × 10^293 |
| 49 | ov_049 | 3.213615229019378 × 10^293 |
| 48 | ov_048 | 4.289339987180288 × 10^293 |
| 47 | ov_047 | 5.6279360869229365 × 10^293 |
| 32 | lv_80_m31 | 6.547045852772031 × 10^293 |
| 46 | ov_046 | 7.269705049347768 × 10^293 |
| 45 | ov_045 | 9.257707917842462 × 10^293 |
| 44 | ov_044 | 1.1637806302912638 × 10^294 |
| 43 | ov_043 | 1.4458715456580377 × 10^294 |
| 42 | ov_042 | 1.7772071543757608 × 10^294 |
| 41 | ov_041 | 2.1632515459306316 × 10^294 |
| 40 | ov_040 | 2.6069712507567772 × 10^294 |
| 39 | ov_039 | 3.1144643538822747 × 10^294 |
| 31 | ov_031 | 3.3576936646884975 × 10^294 |
| 38 | ov_038 | 3.692167115973311 × 10^294 |
| 37 | ov_037 | 4.346871701299421 × 10^294 |
| 36 | ov_036 | 5.085747024687183 × 10^294 |
| 35 | ov_035 | 5.916363073506483 × 10^294 |
| 34 | ov_034 | 6.846719084094081 × 10^294 |
| 33 | ov_033 | 7.885275976657884 × 10^294 |
| 30 | ov_030 | 1.721689200261596 × 10^295 |
| 29 | ov_029 | 5.632434991319049 × 10^295 |
| 28 | ov_028 | 1.4618911731554817 × 10^296 |
| 27 | ov_027 | 3.2674471916771513 × 10^296 |
| 26 | ov_026 | 6.9332127173912434 × 10^296 |
| 25 | ov_025 | 1.3721751947858947 × 10^297 |
| 24 | ov_024 | 2.520490033395287 × 10^297 |
| 23 | ov_023 | 4.326379010110832 × 10^297 |
| 22 | ov_022 | 7.008891494974136 × 10^297 |
| 21 | ov_021 | 1.0818026751829197 × 10^298 |
| 20 | ov_020 | 1.6034759024924098 × 10^298 |
| 19 | ov_019 | 2.2971078526112646 × 10^298 |
| 18 | ov_018 | 3.1970054470358814 × 10^298 |
| 17 | ov_017 | 4.3405928855965326 × 10^298 |
| 16 | ov_016 | 5.76842517588179 × 10^298 |
| 15 | ov_015 | 7.524207164859825 × 10^298 |
| 14 | ov_014 | 9.654819811599426 × 10^298 |
| 13 | ov_013 | 1.2210355740767103 × 10^299 |
| 12 | ov_012 | 1.5244166330137323 × 10^299 |
| 11 | ov_011 | 1.8812922799407338 × 10^299 |
| 10 | ov_010 | 2.297669398241973 × 10^299 |
| 9 | ov_009 | 2.77990436808267 × 10^299 |
| 8 | ov_008 | 3.334715071475035 × 10^299 |
| 7 | ov_007 | 3.969195500570013 × 10^299 |
| 6 | ov_006 | 4.690833324963504 × 10^299 |
| 5 | ov_005 | 5.507530796449172 × 10^299 |
| 4 | ov_004 | 6.427629392779166 × 10^299 |
| 3 | ov_003 | 7.459938597649363 × 10^299 |
| 2 | ov_002 | 8.613769182449938 × 10^299 |
| 1 | ov_001 | 9.898971380728744 × 10^299 |

