# Results for F001-F002-F003-F004-F005-F006-F007-F008-F009-F010-F011-F012-F013-F014-F015-F016-F017-F018-F019-F020-F021-F022-F023-F024-F025-F026-F027-F028-F029-F030-F031-F032-F033-F034-F035-F036-F037-F038-F039-F040-F041-F042-F043-F044-F045-F046-F047-F048-F049-F050-F051-F052-F053-F054-F055-F056-F057-F058-F059-F060-F061-F062-F063-F064-F065-F066-F067-F068-F069-F070-F071-F072-F073-F074-F075-F076-F077-F078-F079-F080-F081-F082-F083-F084-F085-F086-F087-F088-F089-F090-F091-F092-F093-F094-F095-F096-F097-F098-F099-F100-F101-F102-F103-F104-F105-F106-F107-F108-F109-F110-F111-F112-F113-F114-F115-F116-F117-F118-F119-F120-F121-F122-F123-F124-F125-F126-F127-F128-F129-F130-F131-F132-F133-F134-F135-F136-F137-F138-F139-F140-F141-F142-F143-F144-F145-F146-F147-F148-F149-F150-F151-F152-F153-F154-F155-F156-F157-F158-F159-F160-F161-F162-F163-F164-F165-F166-F167-F168-F169-F170-F171-F172-F173-F174-F175-F176-F177-F178-F179-F180-F181-F182-F183-F184-F185-F186-F187-F188-F189-F190-F191-F192-F193-F194-F195-F196-F197-F198-F199-F200-F201-F202-F203-F204-F205-F206-F207-F208-F209-F210-F211-F212-F213-F214-F215-F216-F217-F218-F219-F220-F221-F222-F223-F224-F225-F226-F227-F228-F229-F230-F231-F232-F233-F234-F235-F236-F237-F238-F239-F240-F241-F242-F243-F244-F245-F246-F247-F248-F249-F250-F251-F252-F253-F254-F255-F256-F257-F258-F259-F260-F261-F262-F263-F264-F265-F266-F267-F268-F269-F270-F271-F272-F273-F274-F275-F276-F277-F278-F279-F280-F281-F282-F283-F284-F285-F286-F287-F288-F289-F290-F291-F292-F293-F294-F295-F296-F297-F298-F299-F300-F301-F302-F303-F304-F305-F306-F307-F308-F309-F310-F311-F312-F313-F314-F315-F316-F317-F318-F319-F320-F321-F322-F323-F324-F325-F326-F327-F328-F329-F330-F331-F332-F333-F334-F335-F336-F337-F338-F339-F340-F341-F342-F343-F344-F345-F346-F347-F348-F349-F350-F351-F352-F353-F354-F355-F356-F357-F358-F359-F360-F361-F362-F363-F364-F365-F366-F367-F368-F369-F370-F371-F372-F373-F374-F375-F376-F377-F378-F379-F380-F381-F382-F383-F384-F385-F386-F387-F388-F389-F390-F391-F392-F393-F394-F395-F396-F397-F398-F399-F400-F401-F402-F403-F404-F405-F406-F407-F408-F409-F410-F411-F412-F413-F414-F415-F416-F417-F418-F419-F420-F421-F422-F423-F424-F425-F426-F427-F428-F429-F430-F431-F432-F433-F434-F435-F436-F437-F438-F439-F440-F441-F442-F443-F444-F445-F446-F447-F448-F449-F450-F451-F452-F453-F454-F455-F456-F457-F458-F459-F460-F461-F462-F463-F464-F465-F466-F467-F468-F469-F470-F471-F472-F473-F474-F475-F476-F477-F478-F479-F480-F481-F482-F483-F484-F485-F486-F487-F488-F489-F490-F491-F492-F493-F494-F495-F496-O500511-F510-F512

## Summary

Number of input bits: 512  
Number of free input bits: 13  
Number of output bits: 160

Number of direct occurrences: 53097  
Number of assignments: 31784  
Number of operations: 11308972
(xor: 11280431,
and: 15014,
or: 13527)

Total complexity: 1.3968294658340904 × 10^302

Least occurring input variable: iv_502 (3920)  
Most occurring input variable: iv_509 (4257)

Most co-occurring input variables: iv_508-iv_509 (2080)  
Least co-occurring input variables: iv_498-iv_502 (1786)

Potentially most occurring input variable: iv_500/iv_501 (4599)  
Potentially least occurring input variable: iv_504/iv_505 (4034)

Least output occurring input variable: iv_503 (70)  
Most output occurring input variable: iv_498 (90)

Most output co-occurring input variables: iv_499-iv_505 (54)  
Least output co-occurring input variables: iv_502-iv_508 (30)

Potentially most output occurring input variable: iv_502/iv_508 (95)  
Potentially least output occurring input variable: iv_499/iv_505 (57)

Least complex input bit: iv_497 (3.968793590533249 × 10^299)  
Most complex input bit: iv_505 (2.3776305705021146 × 10^301)

Least complex output bit: aaa_76_29 (5.705237977565432 × 10^276)  
Most complex output bit: ov_001 (2.1837447951643024 × 10^301)

Least complex input/output complexity: iv_497/aaa_76_29 (1.6210219265605047 × 10^274)  
Most complex input/output complexity: iv_505/ov_001 (3.7170882417325995 × 10^300)

## Input Bits

### Input Bits in Regular Order

| Input Bit | Complexity | Occurrences | Output Occurrences |
|:---------:|:----------:|:-----------:|:------------------:|
| iv_497 | 3.968793590533249 × 10^299 | 4121 | 86 |
| iv_498 | 7.912389574359777 × 10^299 | 3964 | 90 |
| iv_499 | 1.3931105462454156 × 10^300 | 3988 | 86 |
| iv_500 | 2.361170035171895 × 10^300 | 4248 | 79 |
| iv_501 | 3.872651232627969 × 10^300 | 4105 | 84 |
| iv_502 | 6.266330267637839 × 10^300 | 3920 | 79 |
| iv_503 | 9.960291709279894 × 10^300 | 4074 | 70 |
| iv_504 | 1.5527073857037235 × 10^301 | 3963 | 81 |
| iv_505 | 2.3776305705021146 × 10^301 | 4105 | 79 |
| iv_506 | 1.2015244084195568 × 10^301 | 3986 | 82 |
| iv_507 | 1.723677294117878 × 10^301 | 4192 | 85 |
| iv_508 | 2.2876110693890908 × 10^301 | 4174 | 76 |
| iv_509 | 2.3209767194632997 × 10^301 | 4257 | 82 |

### Input Bits Sorted by Complexity

| Input Bit | Complexity | Occurrences | Output Occurrences |
|:---------:|:----------:|:-----------:|:------------------:|
| iv_497 | 3.968793590533249 × 10^299 | 4121 | 86 |
| iv_498 | 7.912389574359777 × 10^299 | 3964 | 90 |
| iv_499 | 1.3931105462454156 × 10^300 | 3988 | 86 |
| iv_500 | 2.361170035171895 × 10^300 | 4248 | 79 |
| iv_501 | 3.872651232627969 × 10^300 | 4105 | 84 |
| iv_502 | 6.266330267637839 × 10^300 | 3920 | 79 |
| iv_503 | 9.960291709279894 × 10^300 | 4074 | 70 |
| iv_506 | 1.2015244084195568 × 10^301 | 3986 | 82 |
| iv_504 | 1.5527073857037235 × 10^301 | 3963 | 81 |
| iv_507 | 1.723677294117878 × 10^301 | 4192 | 85 |
| iv_508 | 2.2876110693890908 × 10^301 | 4174 | 76 |
| iv_509 | 2.3209767194632997 × 10^301 | 4257 | 82 |
| iv_505 | 2.3776305705021146 × 10^301 | 4105 | 79 |

### Input Bits Sorted by Occurrences

| Input Bit | Complexity | Occurrences | Output Occurrences |
|:---------:|:----------:|:-----------:|:------------------:|
| iv_502 | 6.266330267637839 × 10^300 | 3920 | 79 |
| iv_504 | 1.5527073857037235 × 10^301 | 3963 | 81 |
| iv_498 | 7.912389574359777 × 10^299 | 3964 | 90 |
| iv_506 | 1.2015244084195568 × 10^301 | 3986 | 82 |
| iv_499 | 1.3931105462454156 × 10^300 | 3988 | 86 |
| iv_503 | 9.960291709279894 × 10^300 | 4074 | 70 |
| iv_505 | 2.3776305705021146 × 10^301 | 4105 | 79 |
| iv_501 | 3.872651232627969 × 10^300 | 4105 | 84 |
| iv_497 | 3.968793590533249 × 10^299 | 4121 | 86 |
| iv_508 | 2.2876110693890908 × 10^301 | 4174 | 76 |
| iv_507 | 1.723677294117878 × 10^301 | 4192 | 85 |
| iv_500 | 2.361170035171895 × 10^300 | 4248 | 79 |
| iv_509 | 2.3209767194632997 × 10^301 | 4257 | 82 |

### Input Bits Sorted by Output Occurrences

| Input Bit | Complexity | Occurrences | Output Occurrences |
|:---------:|:----------:|:-----------:|:------------------:|
| iv_503 | 9.960291709279894 × 10^300 | 4074 | 70 |
| iv_508 | 2.2876110693890908 × 10^301 | 4174 | 76 |
| iv_502 | 6.266330267637839 × 10^300 | 3920 | 79 |
| iv_505 | 2.3776305705021146 × 10^301 | 4105 | 79 |
| iv_500 | 2.361170035171895 × 10^300 | 4248 | 79 |
| iv_504 | 1.5527073857037235 × 10^301 | 3963 | 81 |
| iv_509 | 2.3209767194632997 × 10^301 | 4257 | 82 |
| iv_506 | 1.2015244084195568 × 10^301 | 3986 | 82 |
| iv_501 | 3.872651232627969 × 10^300 | 4105 | 84 |
| iv_507 | 1.723677294117878 × 10^301 | 4192 | 85 |
| iv_499 | 1.3931105462454156 × 10^300 | 3988 | 86 |
| iv_497 | 3.968793590533249 × 10^299 | 4121 | 86 |
| iv_498 | 7.912389574359777 × 10^299 | 3964 | 90 |

## Input Bit Co-occurrences

### Input Bit Co-occurrences Sorted by Co-occurrences

| Input Bits | Co-occurrences | Potential Occurrences | Output Co-occurrences | Potential Output Occurrences |
|:----------:|:--------------:|:---------------------:|:---------------------:|:----------------------------:|
| iv_508-iv_509 | 2080 | 4271 | 37 | 84 |
| iv_507-iv_509 | 2078 | 4293 | 47 | 73 |
| iv_505-iv_507 | 2052 | 4193 | 39 | 86 |
| iv_501-iv_509 | 2048 | 4266 | 47 | 72 |
| iv_501-iv_505 | 2045 | 4120 | 45 | 73 |
| iv_497-iv_507 | 2025 | 4263 | 43 | 85 |
| iv_504-iv_505 | 2017 | 4034 | 44 | 72 |
| iv_497-iv_509 | 2014 | 4350 | 44 | 80 |
| iv_506-iv_507 | 2003 | 4172 | 44 | 79 |
| iv_505-iv_509 | 1998 | 4366 | 37 | 87 |
| iv_497-iv_501 | 1995 | 4236 | 45 | 80 |
| iv_500-iv_509 | 1989 | 4527 | 42 | 77 |
| iv_500-iv_505 | 1982 | 4389 | 39 | 80 |

### Input Bit Co-occurrences Sorted by Potential Occurrences

| Input Bits | Co-occurrences | Potential Occurrences | Output Co-occurrences | Potential Output Occurrences |
|:----------:|:--------------:|:---------------------:|:---------------------:|:----------------------------:|
| iv_504-iv_505 | 2017 | 4034 | 44 | 72 |
| iv_501-iv_505 | 2045 | 4120 | 45 | 73 |
| iv_502-iv_505 | 1939 | 4147 | 40 | 78 |
| iv_506-iv_507 | 2003 | 4172 | 44 | 79 |
| iv_499-iv_504 | 1889 | 4173 | 42 | 83 |
| iv_504-iv_506 | 1888 | 4173 | 44 | 75 |
| iv_498-iv_504 | 1870 | 4187 | 46 | 79 |
| iv_505-iv_507 | 2052 | 4193 | 39 | 86 |
| iv_499-iv_501 | 1947 | 4199 | 47 | 76 |
| iv_499-iv_505 | 1946 | 4201 | 54 | 57 |
| iv_502-iv_506 | 1850 | 4206 | 43 | 75 |
| iv_499-iv_508 | 1977 | 4208 | 43 | 76 |
| iv_503-iv_506 | 1917 | 4226 | 38 | 76 |

### Input Bit Output Co-occurrences Sorted by Output Co-occurrences

| Input Bits | Co-occurrences | Potential Occurrences | Output Co-occurrences | Potential Output Occurrences |
|:----------:|:--------------:|:---------------------:|:---------------------:|:----------------------------:|
| iv_499-iv_505 | 1946 | 4201 | 54 | 57 |
| iv_498-iv_507 | 1924 | 4308 | 50 | 75 |
| iv_497-iv_498 | 1905 | 4275 | 50 | 76 |
| iv_498-iv_500 | 1854 | 4504 | 50 | 69 |
| iv_498-iv_508 | 1893 | 4352 | 49 | 68 |
| iv_501-iv_506 | 1897 | 4297 | 48 | 70 |
| iv_497-iv_504 | 1921 | 4242 | 48 | 71 |
| iv_501-iv_509 | 2048 | 4266 | 47 | 72 |
| iv_499-iv_501 | 1947 | 4199 | 47 | 76 |
| iv_507-iv_509 | 2078 | 4293 | 47 | 73 |
| iv_498-iv_509 | 1905 | 4411 | 47 | 78 |
| iv_498-iv_499 | 1812 | 4328 | 46 | 84 |
| iv_498-iv_504 | 1870 | 4187 | 46 | 79 |

### Input Bit Output Co-occurrences Sorted by Potential Output Occurrences

| Input Bits | Co-occurrences | Potential Occurrences | Output Co-occurrences | Potential Output Occurrences |
|:----------:|:--------------:|:---------------------:|:---------------------:|:----------------------------:|
| iv_499-iv_505 | 1946 | 4201 | 54 | 57 |
| iv_498-iv_508 | 1893 | 4352 | 49 | 68 |
| iv_500-iv_508 | 1924 | 4574 | 43 | 69 |
| iv_498-iv_500 | 1854 | 4504 | 50 | 69 |
| iv_501-iv_506 | 1897 | 4297 | 48 | 70 |
| iv_497-iv_504 | 1921 | 4242 | 48 | 71 |
| iv_501-iv_509 | 2048 | 4266 | 47 | 72 |
| iv_499-iv_503 | 1884 | 4294 | 42 | 72 |
| iv_504-iv_505 | 2017 | 4034 | 44 | 72 |
| iv_502-iv_509 | 1900 | 4377 | 44 | 73 |
| iv_501-iv_505 | 2045 | 4120 | 45 | 73 |
| iv_507-iv_509 | 2078 | 4293 | 47 | 73 |
| iv_502-iv_504 | 1827 | 4229 | 43 | 74 |

## Output Bits

### Output Bits in Regular Order

| Rank | Output Bit | Complexity |
|:----:|:----------:|:----------:|
| 1 | ov_001 | 2.1837447951643024 × 10^301 |
| 2 | ov_002 | 1.9002231753833445 × 10^301 |
| 3 | ov_003 | 1.6456831567485913 × 10^301 |
| 4 | ov_004 | 1.4179516306511624 × 10^301 |
| 5 | ov_005 | 1.2149745092636605 × 10^301 |
| 6 | ov_006 | 1.0348083036813322 × 10^301 |
| 7 | ov_007 | 8.756127812500417 × 10^300 |
| 8 | ov_008 | 7.356446158543353 × 10^300 |
| 9 | ov_009 | 6.132519505494221 × 10^300 |
| 10 | ov_010 | 5.068697849396762 × 10^300 |
| 11 | ov_011 | 4.1501609875009664 × 10^300 |
| 12 | ov_012 | 3.3628862813819196 × 10^300 |
| 13 | ov_013 | 2.693622162863457 × 10^300 |
| 14 | ov_014 | 2.1298666472253502 × 10^300 |
| 15 | ov_015 | 1.6598501666022364 × 10^300 |
| 16 | ov_016 | 1.2725220844277606 × 10^300 |
| 17 | ov_017 | 9.575402993720754 × 10^299 |
| 18 | ov_018 | 7.052633945699424 × 10^299 |
| 19 | ov_019 | 5.067448351206901 × 10^299 |
| 20 | ov_020 | 3.537287639185976 × 10^299 |
| 21 | ov_021 | 2.386470121958752 × 10^299 |
| 22 | ov_022 | 1.546170267567319 × 10^299 |
| 23 | ov_023 | 9.544047627548204 × 10^298 |
| 24 | ov_024 | 5.560234474826546 × 10^298 |
| 25 | ov_025 | 3.0270376412434223 × 10^298 |
| 26 | ov_026 | 1.5294771446609783 × 10^298 |
| 27 | ov_027 | 7.208042665194608 × 10^297 |
| 28 | ov_028 | 3.2249589568541434 × 10^297 |
| 29 | ov_029 | 1.2425270599721793 × 10^297 |
| 30 | ov_030 | 3.798088589799602 × 10^296 |
| 31 | ov_031 | 7.407170539932994 × 10^295 |
| 32 | lv_80_m31 | 1.444301049332689 × 10^295 |
| 33 | ov_033 | 1.7396935924536292 × 10^296 |
| 34 | ov_034 | 1.5105855993023352 × 10^296 |
| 35 | ov_035 | 1.305348763730817 × 10^296 |
| 36 | ov_036 | 1.1221149270870464 × 10^296 |
| 37 | ov_037 | 9.591182928609479 × 10^295 |
| 38 | ov_038 | 8.146881879186985 × 10^295 |
| 39 | ov_039 | 6.872427650639012 × 10^295 |
| 40 | ov_040 | 5.752835611152047 × 10^295 |
| 41 | ov_041 | 4.773908289915012 × 10^295 |
| 42 | ov_042 | 3.9221956652736707 × 10^295 |
| 43 | ov_043 | 3.1911550366729023 × 10^295 |
| 44 | ov_044 | 2.5687364004566944 × 10^295 |
| 45 | ov_045 | 2.0435527656756082 × 10^295 |
| 46 | ov_046 | 1.6048614111879894 × 10^295 |
| 47 | ov_047 | 1.2425488630933207 × 10^295 |
| 48 | ov_048 | 9.471190638557167 × 10^294 |
| 49 | ov_049 | 7.096842441103601 × 10^294 |
| 50 | ov_050 | 5.2195804761103536 × 10^294 |
| 51 | ov_051 | 3.7625049911139594 × 10^294 |
| 52 | ov_052 | 2.6546444420655568 × 10^294 |
| 53 | ov_053 | 1.830931293204747 × 10^294 |
| 54 | ov_054 | 1.232186291324483 × 10^294 |
| 55 | ov_055 | 8.0510867811917 × 10^293 |
| 56 | ov_056 | 5.022702801806923 × 10^293 |
| 57 | ov_057 | 3.014246050105617 × 10^293 |
| 58 | ov_058 | 1.6687978601073209 × 10^293 |
| 59 | ov_059 | 8.225652341026985 × 10^292 |
| 60 | ov_060 | 3.4108484624569326 × 10^292 |
| 61 | ov_061 | 1.1922195787355748 × 10^292 |
| 62 | ov_062 | 3.272698238945415 × 10^291 |
| 63 | ov_063 | 6.383334317836648 × 10^290 |
| 64 | lv_79_m31 | 1.2447874116887503 × 10^290 |
| 65 | ov_065 | 1.496504966266346 × 10^291 |
| 66 | ov_066 | 1.496501190276408 × 10^291 |
| 67 | ov_067 | 1.4965002918542364 × 10^291 |
| 68 | ov_068 | 1.3000031367384418 × 10^291 |
| 69 | ov_069 | 1.12364274795961 × 10^291 |
| 70 | ov_070 | 9.659521048740271 × 10^290 |
| 71 | ov_071 | 8.255336378604368 × 10^290 |
| 72 | ov_072 | 7.010548966586459 × 10^290 |
| 73 | ov_073 | 5.912451162110131 × 10^290 |
| 74 | ov_074 | 4.948925374389776 × 10^290 |
| 75 | ov_075 | 4.108423479845997 × 10^290 |
| 76 | ov_076 | 3.3799511524485937 × 10^290 |
| 77 | ov_077 | 2.7530559107605715 × 10^290 |
| 78 | ov_078 | 2.2178177439257 × 10^290 |
| 79 | ov_079 | 1.7648413592542993 × 10^290 |
| 80 | ov_080 | 1.3852494924059303 × 10^290 |
| 81 | ov_081 | 1.0706770947881877 × 10^290 |
| 82 | ov_082 | 8.132663349368295 × 10^289 |
| 83 | ov_083 | 6.056623510481473 × 10^289 |
| 84 | ov_084 | 4.410096921159411 × 10^289 |
| 85 | ov_085 | 3.129493853136702 × 10^289 |
| 86 | ov_086 | 2.1561656738385546 × 10^289 |
| 87 | ov_087 | 1.436386178730897 × 10^289 |
| 88 | ov_088 | 9.213373209752404 × 10^288 |
| 89 | ov_089 | 5.670987175065459 × 10^288 |
| 90 | ov_090 | 3.346403107955604 × 10^288 |
| 91 | ov_091 | 1.8981756562577883 × 10^288 |
| 92 | ov_092 | 1.0336858544557181 × 10^288 |
| 93 | ov_093 | 5.0912563531866015 × 10^287 |
| 94 | ov_094 | 2.1479241323419736 × 10^287 |
| 95 | aaa_78_28 | 6.538441191801265 × 10^286 |
| 96 | aaa_78_29 | 1.9631897965580252 × 10^286 |
| 97 | ov_097 | 1.0133429470000099 × 10^286 |
| 98 | ov_098 | 1.0133326498329983 × 10^286 |
| 99 | ov_099 | 1.0133293577124053 × 10^286 |
| 100 | ov_100 | 8.363873799084193 × 10^285 |
| 101 | ov_101 | 6.849010413544809 × 10^285 |
| 102 | ov_102 | 5.563242476033295 × 10^285 |
| 103 | ov_103 | 4.482519053069489 × 10^285 |
| 104 | ov_104 | 3.584096881471242 × 10^285 |
| 105 | ov_105 | 2.84645100061208 × 10^285 |
| 106 | ov_106 | 2.2491971967767273 × 10^285 |
| 107 | ov_107 | 1.77302515959375 × 10^285 |
| 108 | ov_108 | 1.3996413090542084 × 10^285 |
| 109 | ov_109 | 1.1117203082767895 × 10^285 |
| 110 | ov_110 | 8.928643323231301 × 10^284 |
| 111 | ov_111 | 7.275692173218626 × 10^284 |
| 112 | ov_112 | 6.011966671984145 × 10^284 |
| 113 | ov_113 | 4.9995174765768466 × 10^284 |
| 114 | ov_114 | 4.1086494891563546 × 10^284 |
| 115 | ov_115 | 3.3313563151315497 × 10^284 |
| 116 | ov_116 | 2.6597118414670283 × 10^284 |
| 117 | ov_117 | 2.0858481590062294 × 10^284 |
| 118 | ov_118 | 1.601938111070465 × 10^284 |
| 119 | ov_119 | 1.200181958859773 × 10^284 |
| 120 | ov_120 | 8.727976543372117 × 10^283 |
| 121 | ov_121 | 6.120142113652895 × 10^283 |
| 122 | ov_122 | 4.1006743774889523 × 10^283 |
| 123 | ov_123 | 2.591971263436795 × 10^283 |
| 124 | ov_124 | 1.5164515884558234 × 10^283 |
| 125 | ov_125 | 7.965433001703613 × 10^282 |
| 126 | ov_126 | 3.546774733283145 × 10^282 |
| 127 | aaa_77_28 | 1.1328600275218244 × 10^282 |
| 128 | aaa_77_29 | 4.2486997520796826 × 10^281 |
| 129 | ov_129 | 3.969612783021156 × 10^281 |
| 130 | ov_130 | 3.969601662563438 × 10^281 |
| 131 | ov_131 | 3.9695989711682596 × 10^281 |
| 132 | ov_132 | 3.449693813900463 × 10^281 |
| 133 | ov_133 | 2.9832642423270945 × 10^281 |
| 134 | ov_134 | 2.5662997589815306 × 10^281 |
| 135 | ov_135 | 2.1950071765151037 × 10^281 |
| 136 | ov_136 | 1.865795117180391 × 10^281 |
| 137 | ov_137 | 1.5752605927657387 × 10^281 |
| 138 | ov_138 | 1.3201774712791425 × 10^281 |
| 139 | ov_139 | 1.0974866466894326 × 10^281 |
| 140 | ov_140 | 9.04287737725976 × 10^280 |
| 141 | ov_141 | 7.378321511814141 × 10^280 |
| 142 | ov_142 | 5.955173544121276 × 10^280 |
| 143 | ov_143 | 4.748822108359239 × 10^280 |
| 144 | ov_144 | 3.7360324122516266 × 10^280 |
| 145 | ov_145 | 2.8949168251765575 × 10^280 |
| 146 | ov_146 | 2.204912247415652 × 10^280 |
| 147 | ov_147 | 1.646763154920761 × 10^280 |
| 148 | ov_148 | 1.202509302191131 × 10^280 |
| 149 | ov_149 | 8.554771539460057 × 10^279 |
| 150 | ov_150 | 5.902742042936729 × 10^279 |
| 151 | ov_151 | 3.9278543006486105 × 10^279 |
| 152 | ov_152 | 2.5017121291307323 × 10^279 |
| 153 | ov_153 | 1.5086617780351234 × 10^279 |
| 154 | ov_154 | 8.45785532355855 × 10^278 |
| 155 | ov_155 | 4.228981246823884 × 10^278 |
| 156 | aaa_76_25 | 1.6254478249909655 × 10^278 |
| 157 | aaa_76_26 | 9.391669106911678 × 10^277 |
| 158 | aaa_76_27 | 4.810473006754369 × 10^277 |
| 159 | aaa_76_28 | 1.8744593579616174 × 10^277 |
| 160 | aaa_76_29 | 5.705237977565432 × 10^276 |

### Output Bits Sorted by Complexity

| Rank | Output Bit | Complexity |
|:----:|:----------:|:----------:|
| 160 | aaa_76_29 | 5.705237977565432 × 10^276 |
| 159 | aaa_76_28 | 1.8744593579616174 × 10^277 |
| 158 | aaa_76_27 | 4.810473006754369 × 10^277 |
| 157 | aaa_76_26 | 9.391669106911678 × 10^277 |
| 156 | aaa_76_25 | 1.6254478249909655 × 10^278 |
| 155 | ov_155 | 4.228981246823884 × 10^278 |
| 154 | ov_154 | 8.45785532355855 × 10^278 |
| 153 | ov_153 | 1.5086617780351234 × 10^279 |
| 152 | ov_152 | 2.5017121291307323 × 10^279 |
| 151 | ov_151 | 3.9278543006486105 × 10^279 |
| 150 | ov_150 | 5.902742042936729 × 10^279 |
| 149 | ov_149 | 8.554771539460057 × 10^279 |
| 148 | ov_148 | 1.202509302191131 × 10^280 |
| 147 | ov_147 | 1.646763154920761 × 10^280 |
| 146 | ov_146 | 2.204912247415652 × 10^280 |
| 145 | ov_145 | 2.8949168251765575 × 10^280 |
| 144 | ov_144 | 3.7360324122516266 × 10^280 |
| 143 | ov_143 | 4.748822108359239 × 10^280 |
| 142 | ov_142 | 5.955173544121276 × 10^280 |
| 141 | ov_141 | 7.378321511814141 × 10^280 |
| 140 | ov_140 | 9.04287737725976 × 10^280 |
| 139 | ov_139 | 1.0974866466894326 × 10^281 |
| 138 | ov_138 | 1.3201774712791425 × 10^281 |
| 137 | ov_137 | 1.5752605927657387 × 10^281 |
| 136 | ov_136 | 1.865795117180391 × 10^281 |
| 135 | ov_135 | 2.1950071765151037 × 10^281 |
| 134 | ov_134 | 2.5662997589815306 × 10^281 |
| 133 | ov_133 | 2.9832642423270945 × 10^281 |
| 132 | ov_132 | 3.449693813900463 × 10^281 |
| 131 | ov_131 | 3.9695989711682596 × 10^281 |
| 130 | ov_130 | 3.969601662563438 × 10^281 |
| 129 | ov_129 | 3.969612783021156 × 10^281 |
| 128 | aaa_77_29 | 4.2486997520796826 × 10^281 |
| 127 | aaa_77_28 | 1.1328600275218244 × 10^282 |
| 126 | ov_126 | 3.546774733283145 × 10^282 |
| 125 | ov_125 | 7.965433001703613 × 10^282 |
| 124 | ov_124 | 1.5164515884558234 × 10^283 |
| 123 | ov_123 | 2.591971263436795 × 10^283 |
| 122 | ov_122 | 4.1006743774889523 × 10^283 |
| 121 | ov_121 | 6.120142113652895 × 10^283 |
| 120 | ov_120 | 8.727976543372117 × 10^283 |
| 119 | ov_119 | 1.200181958859773 × 10^284 |
| 118 | ov_118 | 1.601938111070465 × 10^284 |
| 117 | ov_117 | 2.0858481590062294 × 10^284 |
| 116 | ov_116 | 2.6597118414670283 × 10^284 |
| 115 | ov_115 | 3.3313563151315497 × 10^284 |
| 114 | ov_114 | 4.1086494891563546 × 10^284 |
| 113 | ov_113 | 4.9995174765768466 × 10^284 |
| 112 | ov_112 | 6.011966671984145 × 10^284 |
| 111 | ov_111 | 7.275692173218626 × 10^284 |
| 110 | ov_110 | 8.928643323231301 × 10^284 |
| 109 | ov_109 | 1.1117203082767895 × 10^285 |
| 108 | ov_108 | 1.3996413090542084 × 10^285 |
| 107 | ov_107 | 1.77302515959375 × 10^285 |
| 106 | ov_106 | 2.2491971967767273 × 10^285 |
| 105 | ov_105 | 2.84645100061208 × 10^285 |
| 104 | ov_104 | 3.584096881471242 × 10^285 |
| 103 | ov_103 | 4.482519053069489 × 10^285 |
| 102 | ov_102 | 5.563242476033295 × 10^285 |
| 101 | ov_101 | 6.849010413544809 × 10^285 |
| 100 | ov_100 | 8.363873799084193 × 10^285 |
| 99 | ov_099 | 1.0133293577124053 × 10^286 |
| 98 | ov_098 | 1.0133326498329983 × 10^286 |
| 97 | ov_097 | 1.0133429470000099 × 10^286 |
| 96 | aaa_78_29 | 1.9631897965580252 × 10^286 |
| 95 | aaa_78_28 | 6.538441191801265 × 10^286 |
| 94 | ov_094 | 2.1479241323419736 × 10^287 |
| 93 | ov_093 | 5.0912563531866015 × 10^287 |
| 92 | ov_092 | 1.0336858544557181 × 10^288 |
| 91 | ov_091 | 1.8981756562577883 × 10^288 |
| 90 | ov_090 | 3.346403107955604 × 10^288 |
| 89 | ov_089 | 5.670987175065459 × 10^288 |
| 88 | ov_088 | 9.213373209752404 × 10^288 |
| 87 | ov_087 | 1.436386178730897 × 10^289 |
| 86 | ov_086 | 2.1561656738385546 × 10^289 |
| 85 | ov_085 | 3.129493853136702 × 10^289 |
| 84 | ov_084 | 4.410096921159411 × 10^289 |
| 83 | ov_083 | 6.056623510481473 × 10^289 |
| 82 | ov_082 | 8.132663349368295 × 10^289 |
| 81 | ov_081 | 1.0706770947881877 × 10^290 |
| 64 | lv_79_m31 | 1.2447874116887503 × 10^290 |
| 80 | ov_080 | 1.3852494924059303 × 10^290 |
| 79 | ov_079 | 1.7648413592542993 × 10^290 |
| 78 | ov_078 | 2.2178177439257 × 10^290 |
| 77 | ov_077 | 2.7530559107605715 × 10^290 |
| 76 | ov_076 | 3.3799511524485937 × 10^290 |
| 75 | ov_075 | 4.108423479845997 × 10^290 |
| 74 | ov_074 | 4.948925374389776 × 10^290 |
| 73 | ov_073 | 5.912451162110131 × 10^290 |
| 63 | ov_063 | 6.383334317836648 × 10^290 |
| 72 | ov_072 | 7.010548966586459 × 10^290 |
| 71 | ov_071 | 8.255336378604368 × 10^290 |
| 70 | ov_070 | 9.659521048740271 × 10^290 |
| 69 | ov_069 | 1.12364274795961 × 10^291 |
| 68 | ov_068 | 1.3000031367384418 × 10^291 |
| 67 | ov_067 | 1.4965002918542364 × 10^291 |
| 66 | ov_066 | 1.496501190276408 × 10^291 |
| 65 | ov_065 | 1.496504966266346 × 10^291 |
| 62 | ov_062 | 3.272698238945415 × 10^291 |
| 61 | ov_061 | 1.1922195787355748 × 10^292 |
| 60 | ov_060 | 3.4108484624569326 × 10^292 |
| 59 | ov_059 | 8.225652341026985 × 10^292 |
| 58 | ov_058 | 1.6687978601073209 × 10^293 |
| 57 | ov_057 | 3.014246050105617 × 10^293 |
| 56 | ov_056 | 5.022702801806923 × 10^293 |
| 55 | ov_055 | 8.0510867811917 × 10^293 |
| 54 | ov_054 | 1.232186291324483 × 10^294 |
| 53 | ov_053 | 1.830931293204747 × 10^294 |
| 52 | ov_052 | 2.6546444420655568 × 10^294 |
| 51 | ov_051 | 3.7625049911139594 × 10^294 |
| 50 | ov_050 | 5.2195804761103536 × 10^294 |
| 49 | ov_049 | 7.096842441103601 × 10^294 |
| 48 | ov_048 | 9.471190638557167 × 10^294 |
| 47 | ov_047 | 1.2425488630933207 × 10^295 |
| 32 | lv_80_m31 | 1.444301049332689 × 10^295 |
| 46 | ov_046 | 1.6048614111879894 × 10^295 |
| 45 | ov_045 | 2.0435527656756082 × 10^295 |
| 44 | ov_044 | 2.5687364004566944 × 10^295 |
| 43 | ov_043 | 3.1911550366729023 × 10^295 |
| 42 | ov_042 | 3.9221956652736707 × 10^295 |
| 41 | ov_041 | 4.773908289915012 × 10^295 |
| 40 | ov_040 | 5.752835611152047 × 10^295 |
| 39 | ov_039 | 6.872427650639012 × 10^295 |
| 31 | ov_031 | 7.407170539932994 × 10^295 |
| 38 | ov_038 | 8.146881879186985 × 10^295 |
| 37 | ov_037 | 9.591182928609479 × 10^295 |
| 36 | ov_036 | 1.1221149270870464 × 10^296 |
| 35 | ov_035 | 1.305348763730817 × 10^296 |
| 34 | ov_034 | 1.5105855993023352 × 10^296 |
| 33 | ov_033 | 1.7396935924536292 × 10^296 |
| 30 | ov_030 | 3.798088589799602 × 10^296 |
| 29 | ov_029 | 1.2425270599721793 × 10^297 |
| 28 | ov_028 | 3.2249589568541434 × 10^297 |
| 27 | ov_027 | 7.208042665194608 × 10^297 |
| 26 | ov_026 | 1.5294771446609783 × 10^298 |
| 25 | ov_025 | 3.0270376412434223 × 10^298 |
| 24 | ov_024 | 5.560234474826546 × 10^298 |
| 23 | ov_023 | 9.544047627548204 × 10^298 |
| 22 | ov_022 | 1.546170267567319 × 10^299 |
| 21 | ov_021 | 2.386470121958752 × 10^299 |
| 20 | ov_020 | 3.537287639185976 × 10^299 |
| 19 | ov_019 | 5.067448351206901 × 10^299 |
| 18 | ov_018 | 7.052633945699424 × 10^299 |
| 17 | ov_017 | 9.575402993720754 × 10^299 |
| 16 | ov_016 | 1.2725220844277606 × 10^300 |
| 15 | ov_015 | 1.6598501666022364 × 10^300 |
| 14 | ov_014 | 2.1298666472253502 × 10^300 |
| 13 | ov_013 | 2.693622162863457 × 10^300 |
| 12 | ov_012 | 3.3628862813819196 × 10^300 |
| 11 | ov_011 | 4.1501609875009664 × 10^300 |
| 10 | ov_010 | 5.068697849396762 × 10^300 |
| 9 | ov_009 | 6.132519505494221 × 10^300 |
| 8 | ov_008 | 7.356446158543353 × 10^300 |
| 7 | ov_007 | 8.756127812500417 × 10^300 |
| 6 | ov_006 | 1.0348083036813322 × 10^301 |
| 5 | ov_005 | 1.2149745092636605 × 10^301 |
| 4 | ov_004 | 1.4179516306511624 × 10^301 |
| 3 | ov_003 | 1.6456831567485913 × 10^301 |
| 2 | ov_002 | 1.9002231753833445 × 10^301 |
| 1 | ov_001 | 2.1837447951643024 × 10^301 |

