# Results for F001-F002-F003-F004-F005-F006-F007-F008-F009-F010-F011-F012-F013-F014-F015-F016-F017-F018-F019-F020-F021-F022-F023-F024-F025-F026-F027-F028-F029-F030-F031-F032-F033-F034-F035-F036-F037-F038-F039-F040-F041-F042-F043-F044-F045-F046-F047-F048-F049-F050-F051-F052-F053-F054-F055-F056-F057-F058-F059-F060-F061-F062-F063-F064-F065-F066-F067-F068-F069-F070-F071-F072-F073-F074-F075-F076-F077-F078-F079-F080-F081-F082-F083-F084-F085-F086-F087-F088-F089-F090-F091-F092-F093-F094-F095-F096-F097-F098-F099-F100-F101-F102-F103-F104-F105-F106-F107-F108-F109-F110-F111-F112-F113-F114-F115-F116-F117-F118-F119-F120-F121-F122-F123-F124-F125-F126-F127-F128-F129-F130-F131-F132-F133-F134-F135-F136-F137-F138-F139-F140-F141-F142-F143-F144-F145-F146-F147-F148-F149-F150-F151-F152-F153-F154-F155-F156-F157-F158-F159-F160-F161-F162-F163-F164-F165-F166-F167-F168-F169-F170-F171-F172-F173-F174-F175-F176-F177-F178-F179-F180-F181-F182-F183-F184-F185-F186-F187-F188-F189-F190-F191-F192-F193-F194-F195-F196-F197-F198-F199-F200-F201-F202-F203-F204-F205-F206-F207-F208-F209-F210-F211-F212-F213-F214-F215-F216-F217-F218-F219-F220-F221-F222-F223-F224-F225-F226-F227-F228-F229-F230-F231-F232-F233-F234-F235-F236-F237-F238-F239-F240-F241-F242-F243-F244-F245-F246-F247-F248-F249-F250-F251-F252-F253-F254-F255-F256-F257-F258-F259-F260-F261-F262-F263-F264-F265-F266-F267-F268-F269-F270-F271-F272-F273-F274-F275-F276-F277-F278-F279-F280-F281-F282-F283-F284-F285-F286-F287-F288-F289-F290-F291-F292-F293-F294-F295-F296-F297-F298-F299-F300-F301-F302-F303-F304-F305-F306-F307-F308-F309-F310-F311-F312-F313-F314-F315-F316-F317-F318-F319-F320-F321-F322-F323-F324-F325-F326-F327-F328-F329-F330-F331-F332-F333-F334-F335-F336-F337-F338-F339-F340-F341-F342-F343-F344-F345-F346-F347-F348-F349-F350-F351-F352-F353-F354-F355-F356-F357-F358-F359-F360-F361-F362-F363-F364-F365-F366-F367-F368-F369-F370-F371-F372-F373-F374-F375-F376-F377-F378-F379-F380-F381-F382-F383-F384-F385-F386-F387-F388-F389-F390-F391-F392-F393-F394-F395-F396-F397-F398-F399-F400-F401-F402-F403-F404-F405-F406-F407-F408-F409-F410-F411-F412-F413-F414-F415-F416-F417-F418-F419-F420-F421-F422-F423-F424-F425-F426-F427-F428-F429-F430-F431-F432-F433-F434-F435-F436-F437-F438-F439-F440-F441-F442-F443-F444-F445-F446-F447-F448-F449-F450-F451-F452-F453-F454-F455-F456-F457-F458-F459-F460-F461-F462-F463-F464-F465-F466-F467-F468-F469-F470-F471-F472-F473-F474-F475-F476-F477-F478-F479-F480-F481-F482-F483-F484-F485-F486-F487-F488-F489-F490-F491-F492-F493-F494-F495-F496-F497-E509510-F512

## Summary

Number of input bits: 512  
Number of free input bits: 13  
Number of output bits: 160

Number of direct occurrences: 53066  
Number of assignments: 31642  
Number of operations: 11134356
(xor: 11105811,
and: 15029,
or: 13516)

Total complexity: 1.1381846971532686 × 10^301

Least occurring input variable: iv_502 (3891)  
Most occurring input variable: iv_509 (4494)

Most co-occurring input variables: iv_508-iv_509 (2249)  
Least co-occurring input variables: iv_498-iv_502 (1763)

Potentially most occurring input variable: iv_509/iv_511 (4555)  
Potentially least occurring input variable: iv_504/iv_506 (4153)

Least output occurring input variable: iv_509 (76)  
Most output occurring input variable: iv_498 (88)

Most output co-occurring input variables: iv_498-iv_499 (48)  
Least output co-occurring input variables: iv_502-iv_503 (32)

Potentially most output occurring input variable: iv_502/iv_503 (96)  
Potentially least output occurring input variable: iv_507/iv_509 (70)

Least complex input bit: iv_511 (3.220301032570013 × 10^297)  
Most complex input bit: iv_509 (2.8042966458758025 × 10^300)

Least complex output bit: aaa_76_29 (2.053059158718989 × 10^276)  
Most complex output bit: ov_001 (1.780367780652989 × 10^300)

Least complex input/output complexity: iv_511/aaa_76_29 (5.808783535120546 × 10^272)  
Most complex input/output complexity: iv_509/ov_001 (4.38652830968276 × 10^299)

## Input Bits

### Input Bits in Regular Order

| Input Bit | Complexity | Occurrences | Output Occurrences |
|:---------:|:----------:|:-----------:|:------------------:|
| iv_498 | 1.9214930795883474 × 10^298 | 3960 | 88 |
| iv_499 | 3.9391984402734844 × 10^298 | 3971 | 81 |
| iv_500 | 7.342234804636804 × 10^298 | 4116 | 76 |
| iv_501 | 1.3284594347271005 × 10^299 | 4057 | 79 |
| iv_502 | 2.263818012266851 × 10^299 | 3891 | 82 |
| iv_503 | 3.7102486650757367 × 10^299 | 4150 | 78 |
| iv_504 | 5.890863249429469 × 10^299 | 3937 | 78 |
| iv_505 | 9.107274853995253 × 10^299 | 3919 | 79 |
| iv_506 | 1.375371980605928 × 10^300 | 3968 | 82 |
| iv_507 | 2.035457518306657 × 10^300 | 4181 | 76 |
| iv_508 | 2.801404840917325 × 10^300 | 4203 | 78 |
| iv_509 | 2.8042966458758025 × 10^300 | 4494 | 76 |
| iv_511 | 3.220301032570013 × 10^297 | 4219 | 80 |

### Input Bits Sorted by Complexity

| Input Bit | Complexity | Occurrences | Output Occurrences |
|:---------:|:----------:|:-----------:|:------------------:|
| iv_511 | 3.220301032570013 × 10^297 | 4219 | 80 |
| iv_498 | 1.9214930795883474 × 10^298 | 3960 | 88 |
| iv_499 | 3.9391984402734844 × 10^298 | 3971 | 81 |
| iv_500 | 7.342234804636804 × 10^298 | 4116 | 76 |
| iv_501 | 1.3284594347271005 × 10^299 | 4057 | 79 |
| iv_502 | 2.263818012266851 × 10^299 | 3891 | 82 |
| iv_503 | 3.7102486650757367 × 10^299 | 4150 | 78 |
| iv_504 | 5.890863249429469 × 10^299 | 3937 | 78 |
| iv_505 | 9.107274853995253 × 10^299 | 3919 | 79 |
| iv_506 | 1.375371980605928 × 10^300 | 3968 | 82 |
| iv_507 | 2.035457518306657 × 10^300 | 4181 | 76 |
| iv_508 | 2.801404840917325 × 10^300 | 4203 | 78 |
| iv_509 | 2.8042966458758025 × 10^300 | 4494 | 76 |

### Input Bits Sorted by Occurrences

| Input Bit | Complexity | Occurrences | Output Occurrences |
|:---------:|:----------:|:-----------:|:------------------:|
| iv_502 | 2.263818012266851 × 10^299 | 3891 | 82 |
| iv_505 | 9.107274853995253 × 10^299 | 3919 | 79 |
| iv_504 | 5.890863249429469 × 10^299 | 3937 | 78 |
| iv_498 | 1.9214930795883474 × 10^298 | 3960 | 88 |
| iv_506 | 1.375371980605928 × 10^300 | 3968 | 82 |
| iv_499 | 3.9391984402734844 × 10^298 | 3971 | 81 |
| iv_501 | 1.3284594347271005 × 10^299 | 4057 | 79 |
| iv_500 | 7.342234804636804 × 10^298 | 4116 | 76 |
| iv_503 | 3.7102486650757367 × 10^299 | 4150 | 78 |
| iv_507 | 2.035457518306657 × 10^300 | 4181 | 76 |
| iv_508 | 2.801404840917325 × 10^300 | 4203 | 78 |
| iv_511 | 3.220301032570013 × 10^297 | 4219 | 80 |
| iv_509 | 2.8042966458758025 × 10^300 | 4494 | 76 |

### Input Bits Sorted by Output Occurrences

| Input Bit | Complexity | Occurrences | Output Occurrences |
|:---------:|:----------:|:-----------:|:------------------:|
| iv_509 | 2.8042966458758025 × 10^300 | 4494 | 76 |
| iv_500 | 7.342234804636804 × 10^298 | 4116 | 76 |
| iv_507 | 2.035457518306657 × 10^300 | 4181 | 76 |
| iv_503 | 3.7102486650757367 × 10^299 | 4150 | 78 |
| iv_504 | 5.890863249429469 × 10^299 | 3937 | 78 |
| iv_508 | 2.801404840917325 × 10^300 | 4203 | 78 |
| iv_501 | 1.3284594347271005 × 10^299 | 4057 | 79 |
| iv_505 | 9.107274853995253 × 10^299 | 3919 | 79 |
| iv_511 | 3.220301032570013 × 10^297 | 4219 | 80 |
| iv_499 | 3.9391984402734844 × 10^298 | 3971 | 81 |
| iv_502 | 2.263818012266851 × 10^299 | 3891 | 82 |
| iv_506 | 1.375371980605928 × 10^300 | 3968 | 82 |
| iv_498 | 1.9214930795883474 × 10^298 | 3960 | 88 |

## Input Bit Co-occurrences

### Input Bit Co-occurrences Sorted by Co-occurrences

| Input Bits | Co-occurrences | Potential Occurrences | Output Co-occurrences | Potential Output Occurrences |
|:----------:|:--------------:|:---------------------:|:---------------------:|:----------------------------:|
| iv_508-iv_509 | 2249 | 4199 | 36 | 82 |
| iv_507-iv_509 | 2181 | 4313 | 41 | 70 |
| iv_507-iv_508 | 2102 | 4180 | 34 | 86 |
| iv_503-iv_509 | 2098 | 4448 | 37 | 80 |
| iv_508-iv_511 | 2082 | 4258 | 38 | 82 |
| iv_509-iv_511 | 2079 | 4555 | 35 | 86 |
| iv_500-iv_511 | 2078 | 4179 | 38 | 80 |
| iv_501-iv_511 | 2054 | 4168 | 41 | 77 |
| iv_501-iv_509 | 2043 | 4465 | 37 | 81 |
| iv_500-iv_509 | 2030 | 4550 | 37 | 78 |
| iv_499-iv_509 | 2027 | 4411 | 38 | 81 |
| iv_503-iv_511 | 2025 | 4319 | 37 | 84 |
| iv_506-iv_509 | 2018 | 4426 | 35 | 88 |

### Input Bit Co-occurrences Sorted by Potential Occurrences

| Input Bits | Co-occurrences | Potential Occurrences | Output Co-occurrences | Potential Output Occurrences |
|:----------:|:--------------:|:---------------------:|:---------------------:|:----------------------------:|
| iv_504-iv_506 | 1876 | 4153 | 42 | 76 |
| iv_502-iv_505 | 1828 | 4154 | 36 | 89 |
| iv_506-iv_507 | 1995 | 4159 | 39 | 80 |
| iv_504-iv_505 | 1847 | 4162 | 41 | 75 |
| iv_501-iv_505 | 1906 | 4164 | 36 | 86 |
| iv_501-iv_511 | 2054 | 4168 | 41 | 77 |
| iv_499-iv_504 | 1867 | 4174 | 38 | 83 |
| iv_500-iv_511 | 2078 | 4179 | 38 | 80 |
| iv_507-iv_508 | 2102 | 4180 | 34 | 86 |
| iv_498-iv_501 | 1918 | 4181 | 40 | 87 |
| iv_499-iv_505 | 1853 | 4184 | 42 | 76 |
| iv_500-iv_505 | 1922 | 4191 | 42 | 71 |
| iv_508-iv_509 | 2249 | 4199 | 36 | 82 |

### Input Bit Output Co-occurrences Sorted by Output Co-occurrences

| Input Bits | Co-occurrences | Potential Occurrences | Output Co-occurrences | Potential Output Occurrences |
|:----------:|:--------------:|:---------------------:|:---------------------:|:----------------------------:|
| iv_498-iv_499 | 1830 | 4271 | 48 | 73 |
| iv_498-iv_502 | 1763 | 4325 | 46 | 78 |
| iv_498-iv_504 | 1845 | 4207 | 46 | 74 |
| iv_498-iv_509 | 1997 | 4460 | 46 | 72 |
| iv_502-iv_511 | 1921 | 4268 | 45 | 72 |
| iv_502-iv_506 | 1817 | 4225 | 44 | 76 |
| iv_498-iv_503 | 1874 | 4362 | 43 | 80 |
| iv_498-iv_507 | 1900 | 4341 | 43 | 78 |
| iv_498-iv_508 | 1948 | 4267 | 43 | 80 |
| iv_498-iv_511 | 1893 | 4393 | 43 | 82 |
| iv_502-iv_504 | 1807 | 4214 | 42 | 76 |
| iv_503-iv_505 | 1924 | 4221 | 42 | 73 |
| iv_499-iv_500 | 1896 | 4295 | 42 | 73 |

### Input Bit Output Co-occurrences Sorted by Potential Output Occurrences

| Input Bits | Co-occurrences | Potential Occurrences | Output Co-occurrences | Potential Output Occurrences |
|:----------:|:--------------:|:---------------------:|:---------------------:|:----------------------------:|
| iv_507-iv_509 | 2181 | 4313 | 41 | 70 |
| iv_500-iv_505 | 1922 | 4191 | 42 | 71 |
| iv_498-iv_509 | 1997 | 4460 | 46 | 72 |
| iv_502-iv_511 | 1921 | 4268 | 45 | 72 |
| iv_503-iv_505 | 1924 | 4221 | 42 | 73 |
| iv_498-iv_499 | 1830 | 4271 | 48 | 73 |
| iv_499-iv_500 | 1896 | 4295 | 42 | 73 |
| iv_500-iv_501 | 1961 | 4251 | 41 | 73 |
| iv_498-iv_504 | 1845 | 4207 | 46 | 74 |
| iv_500-iv_508 | 1957 | 4405 | 40 | 74 |
| iv_502-iv_507 | 1899 | 4274 | 42 | 74 |
| iv_504-iv_505 | 1847 | 4162 | 41 | 75 |
| iv_502-iv_504 | 1807 | 4214 | 42 | 76 |

## Output Bits

### Output Bits in Regular Order

| Rank | Output Bit | Complexity |
|:----:|:----------:|:----------:|
| 1 | ov_001 | 1.780367780652989 × 10^300 |
| 2 | ov_002 | 1.549143820204314 × 10^300 |
| 3 | ov_003 | 1.3415555211278413 × 10^300 |
| 4 | ov_004 | 1.155831786310422 × 10^300 |
| 5 | ov_005 | 9.902982713606252 × 10^299 |
| 6 | ov_006 | 8.43370552619448 × 10^299 |
| 7 | ov_007 | 7.135481902796611 × 10^299 |
| 8 | ov_008 | 5.994096039635088 × 10^299 |
| 9 | ov_009 | 4.9960768250591385 × 10^299 |
| 10 | ov_010 | 4.1286605393284576 × 10^299 |
| 11 | ov_011 | 3.3797594574041014 × 10^299 |
| 12 | ov_012 | 2.7379356959404234 × 10^299 |
| 13 | ov_013 | 2.192379685000723 × 10^299 |
| 14 | ov_014 | 1.7328926837171916 × 10^299 |
| 15 | ov_015 | 1.3498727973319429 × 10^299 |
| 16 | ov_016 | 1.0343039909125783 × 10^299 |
| 17 | ov_017 | 7.777476326303523 × 10^298 |
| 18 | ov_018 | 5.723361368978635 × 10^298 |
| 19 | ov_019 | 4.107683149447144 × 10^298 |
| 20 | ov_020 | 2.8630607760744456 × 10^298 |
| 21 | ov_021 | 1.9277217225552065 × 10^298 |
| 22 | ov_022 | 1.245486728891534 × 10^298 |
| 23 | ov_023 | 7.657599014666286 × 10^297 |
| 24 | ov_024 | 4.4352234546037204 × 10^297 |
| 25 | ov_025 | 2.3932825915268234 × 10^297 |
| 26 | ov_026 | 1.1930273429742775 × 10^297 |
| 27 | ov_027 | 5.514066955981667 × 10^296 |
| 28 | ov_028 | 2.4106327032052334 × 10^296 |
| 29 | ov_029 | 9.033189468243969 × 10^295 |
| 30 | ov_030 | 2.730295996377906 × 10^295 |
| 31 | ov_031 | 6.042802574640535 × 10^294 |
| 32 | lv_80_m31 | 1.1780613382513929 × 10^294 |
| 33 | ov_033 | 1.4145279071485288 × 10^295 |
| 34 | ov_034 | 1.227532893208701 × 10^295 |
| 35 | ov_035 | 1.0599596273355168 × 10^295 |
| 36 | ov_036 | 9.103395597828864 × 10^294 |
| 37 | ov_037 | 7.772838376535552 × 10^294 |
| 38 | ov_038 | 6.5947770381971 × 10^294 |
| 39 | ov_039 | 5.556756429102587 × 10^294 |
| 40 | ov_040 | 4.646972024653196 × 10^294 |
| 41 | ov_041 | 3.8542342174398943 × 10^294 |
| 42 | ov_042 | 3.167938048292915 × 10^294 |
| 43 | ov_043 | 2.578037786315535 × 10^294 |
| 44 | ov_044 | 2.075025801737103 × 10^294 |
| 45 | ov_045 | 1.6499152117282208 × 10^294 |
| 46 | ov_046 | 1.2942258143328745 × 10^294 |
| 47 | ov_047 | 9.999728595895269 × 10^293 |
| 48 | ov_048 | 7.596582399192594 × 10^293 |
| 49 | ov_049 | 5.662637141204192 × 10^293 |
| 50 | ov_050 | 4.132458109746835 × 10^293 |
| 51 | ov_051 | 2.9453208967063394 × 10^293 |
| 52 | ov_052 | 2.04518465101966 × 10^293 |
| 53 | ov_053 | 1.380673492312319 × 10^293 |
| 54 | ov_054 | 9.050641520602904 × 10^292 |
| 55 | ov_055 | 5.762782122702227 × 10^292 |
| 56 | ov_056 | 3.5687743213781084 × 10^292 |
| 57 | ov_057 | 2.1406101719232887 × 10^292 |
| 58 | ov_058 | 1.1966411808092755 × 10^292 |
| 59 | ov_059 | 6.076316842674752 × 10^291 |
| 60 | ov_060 | 2.6752083295818653 × 10^291 |
| 61 | ov_061 | 9.342168558537932 × 10^290 |
| 62 | ov_062 | 2.562094673109406 × 10^290 |
| 63 | ov_063 | 4.992428427190707 × 10^289 |
| 64 | lv_79_m31 | 9.726090987572977 × 10^288 |
| 65 | ov_065 | 1.1650155675813067 × 10^290 |
| 66 | ov_066 | 1.1650120050872191 × 10^290 |
| 67 | ov_067 | 1.1650111332015317 × 10^290 |
| 68 | ov_068 | 1.0085478752966897 × 10^290 |
| 69 | ov_069 | 8.688277091221455 × 10^289 |
| 70 | ov_070 | 7.445012207729924 × 10^289 |
| 71 | ov_071 | 6.343020178856365 × 10^289 |
| 72 | ov_072 | 5.370411078953878 × 10^289 |
| 73 | ov_073 | 4.51601773480057 × 10^289 |
| 74 | ov_074 | 3.7693491884566553 × 10^289 |
| 75 | ov_075 | 3.120548615280287 × 10^289 |
| 76 | ov_076 | 2.560355452216372 × 10^289 |
| 77 | ov_077 | 2.0800714982774835 × 10^289 |
| 78 | ov_078 | 1.671530754581797 × 10^289 |
| 79 | ov_079 | 1.3270727755981108 × 10^289 |
| 80 | ov_080 | 1.0395193065557655 × 10^289 |
| 81 | ov_081 | 8.021539844765356 × 10^288 |
| 82 | ov_082 | 6.08704882130501 × 10^288 |
| 83 | ov_083 | 4.5332967554664436 × 10^288 |
| 84 | ov_084 | 3.306032166390199 × 10^288 |
| 85 | ov_085 | 2.3550729313628737 × 10^288 |
| 86 | ov_086 | 1.6342235840635342 × 10^288 |
| 87 | ov_087 | 1.1012101401799788 × 10^288 |
| 88 | ov_088 | 7.176302803155444 × 10^287 |
| 89 | ov_089 | 4.489167209723047 × 10^287 |
| 90 | ov_090 | 2.6431160486291428 × 10^287 |
| 91 | ov_091 | 1.4938577962492514 × 10^287 |
| 92 | ov_092 | 8.095666439914563 × 10^286 |
| 93 | ov_093 | 3.961888708145525 × 10^286 |
| 94 | ov_094 | 1.6613618837369285 × 10^286 |
| 95 | aaa_78_28 | 5.069018259268302 × 10^285 |
| 96 | aaa_78_29 | 1.8116488309711148 × 10^285 |
| 97 | ov_097 | 1.1962332207666215 × 10^285 |
| 98 | ov_098 | 1.1961973708446346 × 10^285 |
| 99 | ov_099 | 1.1961859170509278 × 10^285 |
| 100 | ov_100 | 1.076361196787424 × 10^285 |
| 101 | ov_101 | 9.653925882478159 × 10^284 |
| 102 | ov_102 | 8.627925008191039 × 10^284 |
| 103 | ov_103 | 7.681087988193349 × 10^284 |
| 104 | ov_104 | 6.809202299350977 × 10^284 |
| 105 | ov_105 | 6.00832269268897 × 10^284 |
| 106 | ov_106 | 5.274733570953419 × 10^284 |
| 107 | ov_107 | 4.604915092733339 × 10^284 |
| 108 | ov_108 | 3.9955127995521414 × 10^284 |
| 109 | ov_109 | 3.443310567935595 × 10^284 |
| 110 | ov_110 | 2.945206692906464 × 10^284 |
| 111 | ov_111 | 2.4981929128089082 × 10^284 |
| 112 | ov_112 | 2.0993361879844633 × 10^284 |
| 113 | ov_113 | 1.745763047749916 × 10^284 |
| 114 | ov_114 | 1.434646321497018 × 10^284 |
| 115 | ov_115 | 1.1631940706636788 × 10^284 |
| 116 | ov_116 | 9.286405389226496 × 10^283 |
| 117 | ov_117 | 7.282389382907495 × 10^283 |
| 118 | ov_118 | 5.592558890604796 × 10^283 |
| 119 | ov_119 | 4.189671816972415 × 10^283 |
| 120 | ov_120 | 3.0465452890141008 × 10^283 |
| 121 | ov_121 | 2.1360327579305643 × 10^283 |
| 122 | ov_122 | 1.4310095453593715 × 10^283 |
| 123 | ov_123 | 9.043636093816063 × 10^282 |
| 124 | ov_124 | 5.2898957696913125 × 10^282 |
| 125 | ov_125 | 2.7778514857636444 × 10^282 |
| 126 | ov_126 | 1.236491495114512 × 10^282 |
| 127 | aaa_77_28 | 3.948070023995713 × 10^281 |
| 128 | aaa_77_29 | 1.479940668660055 × 10^281 |
| 129 | ov_129 | 1.3734446942315774 × 10^281 |
| 130 | ov_130 | 1.3734406903664072 × 10^281 |
| 131 | ov_131 | 1.3734397210064398 × 10^281 |
| 132 | ov_132 | 1.1913377909535839 × 10^281 |
| 133 | ov_133 | 1.0282080946839867 × 10^281 |
| 134 | ov_134 | 8.826117771660713 × 10^280 |
| 135 | ov_135 | 7.531884314577605 × 10^280 |
| 136 | ov_136 | 6.386504943809678 × 10^280 |
| 137 | ov_137 | 5.3777838493827475 × 10^280 |
| 138 | ov_138 | 4.4941631691978735 × 10^280 |
| 139 | ov_139 | 3.7246872070987927 × 10^280 |
| 140 | ov_140 | 3.058972127490654 × 10^280 |
| 141 | ov_141 | 2.487180544593432 × 10^280 |
| 142 | ov_142 | 2.0000004572241488 × 10^280 |
| 143 | ov_143 | 1.588628012265343 × 10^280 |
| 144 | ov_144 | 1.244753611836389 × 10^280 |
| 145 | ov_145 | 9.605509107558137 × 10^279 |
| 146 | ov_146 | 7.286682822582745 × 10^279 |
| 147 | ov_147 | 5.422223611786472 × 10^279 |
| 148 | ov_148 | 3.947933049867116 × 10^279 |
| 149 | ov_149 | 2.8042144418105463 × 10^279 |
| 150 | ov_150 | 1.9360502464860908 × 10^279 |
| 151 | ov_151 | 1.2929877567689709 × 10^279 |
| 152 | ov_152 | 8.291306837555178 × 10^278 |
| 153 | ov_153 | 5.031346032613889 × 10^278 |
| 154 | ov_154 | 2.782046027564828 × 10^278 |
| 155 | ov_155 | 1.370803972898234 × 10^278 |
| 156 | aaa_76_25 | 5.206286540657118 × 10^277 |
| 157 | aaa_76_26 | 2.9547435225424864 × 10^277 |
| 158 | aaa_76_27 | 1.5197788955203044 × 10^277 |
| 159 | aaa_76_28 | 6.740485534539382 × 10^276 |
| 160 | aaa_76_29 | 2.053059158718989 × 10^276 |

### Output Bits Sorted by Complexity

| Rank | Output Bit | Complexity |
|:----:|:----------:|:----------:|
| 160 | aaa_76_29 | 2.053059158718989 × 10^276 |
| 159 | aaa_76_28 | 6.740485534539382 × 10^276 |
| 158 | aaa_76_27 | 1.5197788955203044 × 10^277 |
| 157 | aaa_76_26 | 2.9547435225424864 × 10^277 |
| 156 | aaa_76_25 | 5.206286540657118 × 10^277 |
| 155 | ov_155 | 1.370803972898234 × 10^278 |
| 154 | ov_154 | 2.782046027564828 × 10^278 |
| 153 | ov_153 | 5.031346032613889 × 10^278 |
| 152 | ov_152 | 8.291306837555178 × 10^278 |
| 151 | ov_151 | 1.2929877567689709 × 10^279 |
| 150 | ov_150 | 1.9360502464860908 × 10^279 |
| 149 | ov_149 | 2.8042144418105463 × 10^279 |
| 148 | ov_148 | 3.947933049867116 × 10^279 |
| 147 | ov_147 | 5.422223611786472 × 10^279 |
| 146 | ov_146 | 7.286682822582745 × 10^279 |
| 145 | ov_145 | 9.605509107558137 × 10^279 |
| 144 | ov_144 | 1.244753611836389 × 10^280 |
| 143 | ov_143 | 1.588628012265343 × 10^280 |
| 142 | ov_142 | 2.0000004572241488 × 10^280 |
| 141 | ov_141 | 2.487180544593432 × 10^280 |
| 140 | ov_140 | 3.058972127490654 × 10^280 |
| 139 | ov_139 | 3.7246872070987927 × 10^280 |
| 138 | ov_138 | 4.4941631691978735 × 10^280 |
| 137 | ov_137 | 5.3777838493827475 × 10^280 |
| 136 | ov_136 | 6.386504943809678 × 10^280 |
| 135 | ov_135 | 7.531884314577605 × 10^280 |
| 134 | ov_134 | 8.826117771660713 × 10^280 |
| 133 | ov_133 | 1.0282080946839867 × 10^281 |
| 132 | ov_132 | 1.1913377909535839 × 10^281 |
| 131 | ov_131 | 1.3734397210064398 × 10^281 |
| 130 | ov_130 | 1.3734406903664072 × 10^281 |
| 129 | ov_129 | 1.3734446942315774 × 10^281 |
| 128 | aaa_77_29 | 1.479940668660055 × 10^281 |
| 127 | aaa_77_28 | 3.948070023995713 × 10^281 |
| 126 | ov_126 | 1.236491495114512 × 10^282 |
| 125 | ov_125 | 2.7778514857636444 × 10^282 |
| 124 | ov_124 | 5.2898957696913125 × 10^282 |
| 123 | ov_123 | 9.043636093816063 × 10^282 |
| 122 | ov_122 | 1.4310095453593715 × 10^283 |
| 121 | ov_121 | 2.1360327579305643 × 10^283 |
| 120 | ov_120 | 3.0465452890141008 × 10^283 |
| 119 | ov_119 | 4.189671816972415 × 10^283 |
| 118 | ov_118 | 5.592558890604796 × 10^283 |
| 117 | ov_117 | 7.282389382907495 × 10^283 |
| 116 | ov_116 | 9.286405389226496 × 10^283 |
| 115 | ov_115 | 1.1631940706636788 × 10^284 |
| 114 | ov_114 | 1.434646321497018 × 10^284 |
| 113 | ov_113 | 1.745763047749916 × 10^284 |
| 112 | ov_112 | 2.0993361879844633 × 10^284 |
| 111 | ov_111 | 2.4981929128089082 × 10^284 |
| 110 | ov_110 | 2.945206692906464 × 10^284 |
| 109 | ov_109 | 3.443310567935595 × 10^284 |
| 108 | ov_108 | 3.9955127995521414 × 10^284 |
| 107 | ov_107 | 4.604915092733339 × 10^284 |
| 106 | ov_106 | 5.274733570953419 × 10^284 |
| 105 | ov_105 | 6.00832269268897 × 10^284 |
| 104 | ov_104 | 6.809202299350977 × 10^284 |
| 103 | ov_103 | 7.681087988193349 × 10^284 |
| 102 | ov_102 | 8.627925008191039 × 10^284 |
| 101 | ov_101 | 9.653925882478159 × 10^284 |
| 100 | ov_100 | 1.076361196787424 × 10^285 |
| 99 | ov_099 | 1.1961859170509278 × 10^285 |
| 98 | ov_098 | 1.1961973708446346 × 10^285 |
| 97 | ov_097 | 1.1962332207666215 × 10^285 |
| 96 | aaa_78_29 | 1.8116488309711148 × 10^285 |
| 95 | aaa_78_28 | 5.069018259268302 × 10^285 |
| 94 | ov_094 | 1.6613618837369285 × 10^286 |
| 93 | ov_093 | 3.961888708145525 × 10^286 |
| 92 | ov_092 | 8.095666439914563 × 10^286 |
| 91 | ov_091 | 1.4938577962492514 × 10^287 |
| 90 | ov_090 | 2.6431160486291428 × 10^287 |
| 89 | ov_089 | 4.489167209723047 × 10^287 |
| 88 | ov_088 | 7.176302803155444 × 10^287 |
| 87 | ov_087 | 1.1012101401799788 × 10^288 |
| 86 | ov_086 | 1.6342235840635342 × 10^288 |
| 85 | ov_085 | 2.3550729313628737 × 10^288 |
| 84 | ov_084 | 3.306032166390199 × 10^288 |
| 83 | ov_083 | 4.5332967554664436 × 10^288 |
| 82 | ov_082 | 6.08704882130501 × 10^288 |
| 81 | ov_081 | 8.021539844765356 × 10^288 |
| 64 | lv_79_m31 | 9.726090987572977 × 10^288 |
| 80 | ov_080 | 1.0395193065557655 × 10^289 |
| 79 | ov_079 | 1.3270727755981108 × 10^289 |
| 78 | ov_078 | 1.671530754581797 × 10^289 |
| 77 | ov_077 | 2.0800714982774835 × 10^289 |
| 76 | ov_076 | 2.560355452216372 × 10^289 |
| 75 | ov_075 | 3.120548615280287 × 10^289 |
| 74 | ov_074 | 3.7693491884566553 × 10^289 |
| 73 | ov_073 | 4.51601773480057 × 10^289 |
| 63 | ov_063 | 4.992428427190707 × 10^289 |
| 72 | ov_072 | 5.370411078953878 × 10^289 |
| 71 | ov_071 | 6.343020178856365 × 10^289 |
| 70 | ov_070 | 7.445012207729924 × 10^289 |
| 69 | ov_069 | 8.688277091221455 × 10^289 |
| 68 | ov_068 | 1.0085478752966897 × 10^290 |
| 67 | ov_067 | 1.1650111332015317 × 10^290 |
| 66 | ov_066 | 1.1650120050872191 × 10^290 |
| 65 | ov_065 | 1.1650155675813067 × 10^290 |
| 62 | ov_062 | 2.562094673109406 × 10^290 |
| 61 | ov_061 | 9.342168558537932 × 10^290 |
| 60 | ov_060 | 2.6752083295818653 × 10^291 |
| 59 | ov_059 | 6.076316842674752 × 10^291 |
| 58 | ov_058 | 1.1966411808092755 × 10^292 |
| 57 | ov_057 | 2.1406101719232887 × 10^292 |
| 56 | ov_056 | 3.5687743213781084 × 10^292 |
| 55 | ov_055 | 5.762782122702227 × 10^292 |
| 54 | ov_054 | 9.050641520602904 × 10^292 |
| 53 | ov_053 | 1.380673492312319 × 10^293 |
| 52 | ov_052 | 2.04518465101966 × 10^293 |
| 51 | ov_051 | 2.9453208967063394 × 10^293 |
| 50 | ov_050 | 4.132458109746835 × 10^293 |
| 49 | ov_049 | 5.662637141204192 × 10^293 |
| 48 | ov_048 | 7.596582399192594 × 10^293 |
| 47 | ov_047 | 9.999728595895269 × 10^293 |
| 32 | lv_80_m31 | 1.1780613382513929 × 10^294 |
| 46 | ov_046 | 1.2942258143328745 × 10^294 |
| 45 | ov_045 | 1.6499152117282208 × 10^294 |
| 44 | ov_044 | 2.075025801737103 × 10^294 |
| 43 | ov_043 | 2.578037786315535 × 10^294 |
| 42 | ov_042 | 3.167938048292915 × 10^294 |
| 41 | ov_041 | 3.8542342174398943 × 10^294 |
| 40 | ov_040 | 4.646972024653196 × 10^294 |
| 39 | ov_039 | 5.556756429102587 × 10^294 |
| 31 | ov_031 | 6.042802574640535 × 10^294 |
| 38 | ov_038 | 6.5947770381971 × 10^294 |
| 37 | ov_037 | 7.772838376535552 × 10^294 |
| 36 | ov_036 | 9.103395597828864 × 10^294 |
| 35 | ov_035 | 1.0599596273355168 × 10^295 |
| 34 | ov_034 | 1.227532893208701 × 10^295 |
| 33 | ov_033 | 1.4145279071485288 × 10^295 |
| 30 | ov_030 | 2.730295996377906 × 10^295 |
| 29 | ov_029 | 9.033189468243969 × 10^295 |
| 28 | ov_028 | 2.4106327032052334 × 10^296 |
| 27 | ov_027 | 5.514066955981667 × 10^296 |
| 26 | ov_026 | 1.1930273429742775 × 10^297 |
| 25 | ov_025 | 2.3932825915268234 × 10^297 |
| 24 | ov_024 | 4.4352234546037204 × 10^297 |
| 23 | ov_023 | 7.657599014666286 × 10^297 |
| 22 | ov_022 | 1.245486728891534 × 10^298 |
| 21 | ov_021 | 1.9277217225552065 × 10^298 |
| 20 | ov_020 | 2.8630607760744456 × 10^298 |
| 19 | ov_019 | 4.107683149447144 × 10^298 |
| 18 | ov_018 | 5.723361368978635 × 10^298 |
| 17 | ov_017 | 7.777476326303523 × 10^298 |
| 16 | ov_016 | 1.0343039909125783 × 10^299 |
| 15 | ov_015 | 1.3498727973319429 × 10^299 |
| 14 | ov_014 | 1.7328926837171916 × 10^299 |
| 13 | ov_013 | 2.192379685000723 × 10^299 |
| 12 | ov_012 | 2.7379356959404234 × 10^299 |
| 11 | ov_011 | 3.3797594574041014 × 10^299 |
| 10 | ov_010 | 4.1286605393284576 × 10^299 |
| 9 | ov_009 | 4.9960768250591385 × 10^299 |
| 8 | ov_008 | 5.994096039635088 × 10^299 |
| 7 | ov_007 | 7.135481902796611 × 10^299 |
| 6 | ov_006 | 8.43370552619448 × 10^299 |
| 5 | ov_005 | 9.902982713606252 × 10^299 |
| 4 | ov_004 | 1.155831786310422 × 10^300 |
| 3 | ov_003 | 1.3415555211278413 × 10^300 |
| 2 | ov_002 | 1.549143820204314 × 10^300 |
| 1 | ov_001 | 1.780367780652989 × 10^300 |

