# Results for F001-F002-F003-F004-F005-F006-F007-F008-F009-F010-F011-F012-F013-F014-F015-F016-F017-F018-F019-F020-F021-F022-F023-F024-F025-F026-F027-F028-F029-F030-F031-F032-F033-F034-F035-F036-F037-F038-F039-F040-F041-F042-F043-F044-F045-F046-F047-F048-F049-F050-F051-F052-F053-F054-F055-F056-F057-F058-F059-F060-F061-F062-F063-F064-F065-F066-F067-F068-F069-F070-F071-F072-F073-F074-F075-F076-F077-F078-F079-F080-F081-F082-F083-F084-F085-F086-F087-F088-F089-F090-F091-F092-F093-F094-F095-F096-F097-F098-F099-F100-F101-F102-F103-F104-F105-F106-F107-F108-F109-F110-F111-F112-F113-F114-F115-F116-F117-F118-F119-F120-F121-F122-F123-F124-F125-F126-F127-F128-F129-F130-F131-F132-F133-F134-F135-F136-F137-F138-F139-F140-F141-F142-F143-F144-F145-F146-F147-F148-F149-F150-F151-F152-F153-F154-F155-F156-F157-F158-F159-F160-F161-F162-F163-F164-F165-F166-F167-F168-F169-F170-F171-F172-F173-F174-F175-F176-F177-F178-F179-F180-F181-F182-F183-F184-F185-F186-F187-F188-F189-F190-F191-F192-F193-F194-F195-F196-F197-F198-F199-F200-F201-F202-F203-F204-F205-F206-F207-F208-F209-F210-F211-F212-F213-F214-F215-F216-F217-F218-F219-F220-F221-F222-F223-F224-F225-F226-F227-F228-F229-F230-F231-F232-F233-F234-F235-F236-F237-F238-F239-F240-F241-F242-F243-F244-F245-F246-F247-F248-F249-F250-F251-F252-F253-F254-F255-F256-F257-F258-F259-F260-F261-F262-F263-F264-F265-F266-F267-F268-F269-F270-F271-F272-F273-F274-F275-F276-F277-F278-F279-F280-F281-F282-F283-F284-F285-F286-F287-F288-F289-F290-F291-F292-F293-F294-F295-F296-F297-F298-F299-F300-F301-F302-F303-F304-F305-F306-F307-F308-F309-F310-F311-F312-F313-F314-F315-F316-F317-F318-F319-F320-F321-F322-F323-F324-F325-F326-F327-F328-F329-F330-F331-F332-F333-F334-F335-F336-F337-F338-F339-F340-F341-F342-F343-F344-F345-F346-F347-F348-F349-F350-F351-F352-F353-F354-F355-F356-F357-F358-F359-F360-F361-F362-F363-F364-F365-F366-F367-F368-F369-F370-F371-F372-F373-F374-F375-F376-F377-F378-F379-F380-F381-F382-F383-F384-F385-F386-F387-F388-F389-F390-F391-F392-F393-F394-F395-F396-F397-F398-F399-F400-F401-F402-F403-F404-F405-F406-F407-F408-F409-F410-F411-F412-F413-F414-F415-F416-F417-F418-F419-F420-F421-F422-F423-F424-F425-F426-F427-F428-F429-F430-F431-F432-F433-F434-F435-F436-F437-F438-F439-F440-F441-F442-F443-F444-F445-F446-F447-F448-F449-F450-F451-F452-F453-F454-F455-F456-F457-F458-F459-F460-F461-F462-F463-F464-F465-F466-F467-F468-F469-F470-F471-F472-F473-F474-F475-F476-F477-F478-F479-F480-F481-F482-F483-F484-F485-F486-F487-F488-F489-F490-F491-F492-F493-F494-F495-F496-F497-E504508-F512

## Summary

Number of input bits: 512  
Number of free input bits: 13  
Number of output bits: 160

Number of direct occurrences: 53054  
Number of assignments: 31668  
Number of operations: 11166954
(xor: 11138383,
and: 15049,
or: 13522)

Total complexity: 1.8331784887851225 × 10^301

Least occurring input variable: iv_502 (3891)  
Most occurring input variable: iv_510 (4271)

Most co-occurring input variables: iv_509-iv_510 (2132)  
Least co-occurring input variables: iv_498-iv_502 (1763)

Potentially most occurring input variable: iv_501/iv_504 (4506)  
Potentially least occurring input variable: iv_502/iv_505 (4155)

Least output occurring input variable: iv_510 (74)  
Most output occurring input variable: iv_498 (88)

Most output co-occurring input variables: iv_498-iv_499 (48)  
Least output co-occurring input variables: iv_502-iv_503 (32)

Potentially most output occurring input variable: iv_502/iv_503 (96)  
Potentially least output occurring input variable: iv_500/iv_505 (71)

Least complex input bit: iv_511 (3.6132287517082406 × 10^297)  
Most complex input bit: iv_510 (4.5908453170197255 × 10^300)

Least complex output bit: aaa_76_29 (3.1740317538777574 × 10^276)  
Most complex output bit: ov_001 (2.8674963563565732 × 10^300)

Least complex input/output complexity: iv_511/aaa_76_29 (6.256075369696492 × 10^272)  
Most complex input/output complexity: iv_510/ov_001 (7.181096821551099 × 10^299)

## Input Bits

### Input Bits in Regular Order

| Input Bit | Complexity | Occurrences | Output Occurrences |
|:---------:|:----------:|:-----------:|:------------------:|
| iv_498 | 2.0543632548076027 × 10^298 | 3960 | 88 |
| iv_499 | 4.1956550942173294 × 10^298 | 3970 | 81 |
| iv_500 | 7.811514216115052 × 10^298 | 4113 | 76 |
| iv_501 | 1.4164139788149249 × 10^299 | 4057 | 79 |
| iv_502 | 2.4191587945859153 × 10^299 | 3891 | 82 |
| iv_503 | 3.975100121269129 × 10^299 | 4151 | 78 |
| iv_504 | 3.787747287581061 × 10^300 | 4105 | 78 |
| iv_505 | 9.811441326806328 × 10^299 | 3920 | 79 |
| iv_506 | 1.4857721036408509 × 10^300 | 3964 | 82 |
| iv_507 | 2.2046745273378096 × 10^300 | 4187 | 76 |
| iv_509 | 4.3563056757210536 × 10^300 | 4246 | 80 |
| iv_510 | 4.5908453170197255 × 10^300 | 4271 | 74 |
| iv_511 | 3.6132287517082406 × 10^297 | 4219 | 80 |

### Input Bits Sorted by Complexity

| Input Bit | Complexity | Occurrences | Output Occurrences |
|:---------:|:----------:|:-----------:|:------------------:|
| iv_511 | 3.6132287517082406 × 10^297 | 4219 | 80 |
| iv_498 | 2.0543632548076027 × 10^298 | 3960 | 88 |
| iv_499 | 4.1956550942173294 × 10^298 | 3970 | 81 |
| iv_500 | 7.811514216115052 × 10^298 | 4113 | 76 |
| iv_501 | 1.4164139788149249 × 10^299 | 4057 | 79 |
| iv_502 | 2.4191587945859153 × 10^299 | 3891 | 82 |
| iv_503 | 3.975100121269129 × 10^299 | 4151 | 78 |
| iv_505 | 9.811441326806328 × 10^299 | 3920 | 79 |
| iv_506 | 1.4857721036408509 × 10^300 | 3964 | 82 |
| iv_507 | 2.2046745273378096 × 10^300 | 4187 | 76 |
| iv_504 | 3.787747287581061 × 10^300 | 4105 | 78 |
| iv_509 | 4.3563056757210536 × 10^300 | 4246 | 80 |
| iv_510 | 4.5908453170197255 × 10^300 | 4271 | 74 |

### Input Bits Sorted by Occurrences

| Input Bit | Complexity | Occurrences | Output Occurrences |
|:---------:|:----------:|:-----------:|:------------------:|
| iv_502 | 2.4191587945859153 × 10^299 | 3891 | 82 |
| iv_505 | 9.811441326806328 × 10^299 | 3920 | 79 |
| iv_498 | 2.0543632548076027 × 10^298 | 3960 | 88 |
| iv_506 | 1.4857721036408509 × 10^300 | 3964 | 82 |
| iv_499 | 4.1956550942173294 × 10^298 | 3970 | 81 |
| iv_501 | 1.4164139788149249 × 10^299 | 4057 | 79 |
| iv_504 | 3.787747287581061 × 10^300 | 4105 | 78 |
| iv_500 | 7.811514216115052 × 10^298 | 4113 | 76 |
| iv_503 | 3.975100121269129 × 10^299 | 4151 | 78 |
| iv_507 | 2.2046745273378096 × 10^300 | 4187 | 76 |
| iv_511 | 3.6132287517082406 × 10^297 | 4219 | 80 |
| iv_509 | 4.3563056757210536 × 10^300 | 4246 | 80 |
| iv_510 | 4.5908453170197255 × 10^300 | 4271 | 74 |

### Input Bits Sorted by Output Occurrences

| Input Bit | Complexity | Occurrences | Output Occurrences |
|:---------:|:----------:|:-----------:|:------------------:|
| iv_510 | 4.5908453170197255 × 10^300 | 4271 | 74 |
| iv_500 | 7.811514216115052 × 10^298 | 4113 | 76 |
| iv_507 | 2.2046745273378096 × 10^300 | 4187 | 76 |
| iv_503 | 3.975100121269129 × 10^299 | 4151 | 78 |
| iv_504 | 3.787747287581061 × 10^300 | 4105 | 78 |
| iv_501 | 1.4164139788149249 × 10^299 | 4057 | 79 |
| iv_505 | 9.811441326806328 × 10^299 | 3920 | 79 |
| iv_509 | 4.3563056757210536 × 10^300 | 4246 | 80 |
| iv_511 | 3.6132287517082406 × 10^297 | 4219 | 80 |
| iv_499 | 4.1956550942173294 × 10^298 | 3970 | 81 |
| iv_502 | 2.4191587945859153 × 10^299 | 3891 | 82 |
| iv_506 | 1.4857721036408509 × 10^300 | 3964 | 82 |
| iv_498 | 2.0543632548076027 × 10^298 | 3960 | 88 |

## Input Bit Co-occurrences

### Input Bit Co-occurrences Sorted by Co-occurrences

| Input Bits | Co-occurrences | Potential Occurrences | Output Co-occurrences | Potential Output Occurrences |
|:----------:|:--------------:|:---------------------:|:---------------------:|:----------------------------:|
| iv_509-iv_510 | 2132 | 4253 | 37 | 80 |
| iv_509-iv_511 | 2078 | 4309 | 37 | 86 |
| iv_500-iv_511 | 2078 | 4176 | 38 | 80 |
| iv_510-iv_511 | 2075 | 4340 | 39 | 76 |
| iv_504-iv_511 | 2059 | 4206 | 39 | 80 |
| iv_500-iv_510 | 2059 | 4266 | 38 | 74 |
| iv_501-iv_511 | 2054 | 4168 | 41 | 77 |
| iv_507-iv_509 | 2034 | 4365 | 38 | 80 |
| iv_504-iv_510 | 2033 | 4310 | 38 | 76 |
| iv_503-iv_509 | 2028 | 4341 | 38 | 82 |
| iv_504-iv_509 | 2027 | 4297 | 32 | 94 |
| iv_503-iv_511 | 2026 | 4318 | 37 | 84 |
| iv_503-iv_510 | 2025 | 4372 | 38 | 76 |

### Input Bit Co-occurrences Sorted by Potential Occurrences

| Input Bits | Co-occurrences | Potential Occurrences | Output Co-occurrences | Potential Output Occurrences |
|:----------:|:--------------:|:---------------------:|:---------------------:|:----------------------------:|
| iv_502-iv_505 | 1828 | 4155 | 36 | 89 |
| iv_506-iv_507 | 1994 | 4163 | 39 | 80 |
| iv_501-iv_505 | 1906 | 4165 | 36 | 86 |
| iv_501-iv_511 | 2054 | 4168 | 41 | 77 |
| iv_500-iv_511 | 2078 | 4176 | 38 | 80 |
| iv_498-iv_501 | 1918 | 4181 | 40 | 87 |
| iv_499-iv_505 | 1853 | 4184 | 42 | 76 |
| iv_500-iv_505 | 1922 | 4189 | 42 | 71 |
| iv_499-iv_501 | 1913 | 4201 | 37 | 86 |
| iv_499-iv_509 | 2007 | 4202 | 43 | 75 |
| iv_504-iv_511 | 2059 | 4206 | 39 | 80 |
| iv_505-iv_510 | 1992 | 4207 | 40 | 73 |
| iv_502-iv_506 | 1817 | 4221 | 44 | 76 |

### Input Bit Output Co-occurrences Sorted by Output Co-occurrences

| Input Bits | Co-occurrences | Potential Occurrences | Output Co-occurrences | Potential Output Occurrences |
|:----------:|:--------------:|:---------------------:|:---------------------:|:----------------------------:|
| iv_498-iv_499 | 1830 | 4270 | 48 | 73 |
| iv_498-iv_502 | 1763 | 4325 | 46 | 78 |
| iv_502-iv_511 | 1921 | 4268 | 45 | 72 |
| iv_498-iv_504 | 1866 | 4333 | 45 | 76 |
| iv_502-iv_506 | 1817 | 4221 | 44 | 76 |
| iv_498-iv_503 | 1874 | 4363 | 43 | 80 |
| iv_498-iv_507 | 1900 | 4347 | 43 | 78 |
| iv_498-iv_511 | 1893 | 4393 | 43 | 82 |
| iv_499-iv_509 | 2007 | 4202 | 43 | 75 |
| iv_504-iv_505 | 1824 | 4377 | 43 | 71 |
| iv_503-iv_505 | 1924 | 4223 | 42 | 73 |
| iv_498-iv_510 | 1953 | 4325 | 42 | 78 |
| iv_499-iv_500 | 1895 | 4293 | 42 | 73 |

### Input Bit Output Co-occurrences Sorted by Potential Output Occurrences

| Input Bits | Co-occurrences | Potential Occurrences | Output Co-occurrences | Potential Output Occurrences |
|:----------:|:--------------:|:---------------------:|:---------------------:|:----------------------------:|
| iv_500-iv_505 | 1922 | 4189 | 42 | 71 |
| iv_504-iv_505 | 1824 | 4377 | 43 | 71 |
| iv_502-iv_511 | 1921 | 4268 | 45 | 72 |
| iv_504-iv_507 | 1977 | 4338 | 41 | 72 |
| iv_503-iv_505 | 1924 | 4223 | 42 | 73 |
| iv_498-iv_499 | 1830 | 4270 | 48 | 73 |
| iv_499-iv_500 | 1895 | 4293 | 42 | 73 |
| iv_500-iv_501 | 1961 | 4248 | 41 | 73 |
| iv_501-iv_510 | 1939 | 4450 | 40 | 73 |
| iv_505-iv_510 | 1992 | 4207 | 40 | 73 |
| iv_500-iv_510 | 2059 | 4266 | 38 | 74 |
| iv_502-iv_507 | 1899 | 4280 | 42 | 74 |
| iv_500-iv_504 | 1988 | 4242 | 40 | 74 |

## Output Bits

### Output Bits in Regular Order

| Rank | Output Bit | Complexity |
|:----:|:----------:|:----------:|
| 1 | ov_001 | 2.8674963563565732 × 10^300 |
| 2 | ov_002 | 2.4950814317397448 × 10^300 |
| 3 | ov_003 | 2.160734719766899 × 10^300 |
| 4 | ov_004 | 1.861603666546692 × 10^300 |
| 5 | ov_005 | 1.594991541021894 × 10^300 |
| 6 | ov_006 | 1.3583464331714044 × 10^300 |
| 7 | ov_007 | 1.1492516937894694 × 10^300 |
| 8 | ov_008 | 9.654176826456445 × 10^299 |
| 9 | ov_009 | 8.046746989443456 × 10^299 |
| 10 | ov_010 | 6.649669748621887 × 10^299 |
| 11 | ov_011 | 5.443476195906058 × 10^299 |
| 12 | ov_012 | 4.409744077905751 × 10^299 |
| 13 | ov_013 | 3.531063127102204 × 10^299 |
| 14 | ov_014 | 2.7910069045404773 × 10^299 |
| 15 | ov_015 | 2.1741102804947695 × 10^299 |
| 16 | ov_016 | 1.6658517405266157 × 10^299 |
| 17 | ov_017 | 1.2526397648799915 × 10^299 |
| 18 | ov_018 | 9.218025893740335 × 10^298 |
| 19 | ov_019 | 6.6158071596374 × 10^298 |
| 20 | ov_020 | 4.611216010150695 × 10^298 |
| 21 | ov_021 | 3.104760091340016 × 10^298 |
| 22 | ov_022 | 2.0059558013256562 × 10^298 |
| 23 | ov_023 | 1.2333123351125744 × 10^298 |
| 24 | ov_024 | 7.14321420509052 × 10^297 |
| 25 | ov_025 | 3.8545102121773524 × 10^297 |
| 26 | ov_026 | 1.9214178974754216 × 10^297 |
| 27 | ov_027 | 8.880531481986103 × 10^296 |
| 28 | ov_028 | 3.882340585241965 × 10^296 |
| 29 | ov_029 | 1.4547862556229317 × 10^296 |
| 30 | ov_030 | 4.3970703912201257 × 10^295 |
| 31 | ov_031 | 9.73167760599071 × 10^294 |
| 32 | lv_80_m31 | 1.8972003712112625 × 10^294 |
| 33 | ov_033 | 2.2781067874233516 × 10^295 |
| 34 | ov_034 | 1.976898170020675 × 10^295 |
| 35 | ov_035 | 1.7069910106017416 × 10^295 |
| 36 | ov_036 | 1.4660144240827204 × 10^295 |
| 37 | ov_037 | 1.2517268120220746 × 10^295 |
| 38 | ov_038 | 1.0620067748872083 × 10^295 |
| 39 | ov_039 | 8.948452195335113 × 10^294 |
| 40 | ov_040 | 7.4833854839218 × 10^294 |
| 41 | ov_041 | 6.206828237854156 × 10^294 |
| 42 | ov_042 | 5.10168807350622 × 10^294 |
| 43 | ov_043 | 4.1517778080195935 × 10^294 |
| 44 | ov_044 | 3.34178060228113 × 10^294 |
| 45 | ov_045 | 2.6572212185669294 × 10^294 |
| 46 | ov_046 | 2.0844426274277515 × 10^294 |
| 47 | ov_047 | 1.610587251934628 × 10^294 |
| 48 | ov_048 | 1.2235821895097251 × 10^294 |
| 49 | ov_049 | 9.121278024985266 × 10^293 |
| 50 | ov_050 | 6.656891186302753 × 10^293 |
| 51 | ov_051 | 4.744895317717068 × 10^293 |
| 52 | ov_052 | 3.295063420846544 × 10^293 |
| 53 | ov_053 | 2.224677230038333 × 10^293 |
| 54 | ov_054 | 1.4585075048249632 × 10^293 |
| 55 | ov_055 | 9.28801778090337 × 10^292 |
| 56 | ov_056 | 5.752769789744004 × 10^292 |
| 57 | ov_057 | 3.4511512217119494 × 10^292 |
| 58 | ov_058 | 1.929609382866917 × 10^292 |
| 59 | ov_059 | 9.80022695912004 × 10^291 |
| 60 | ov_060 | 4.315754111585558 × 10^291 |
| 61 | ov_061 | 1.507561759114871 × 10^291 |
| 62 | ov_062 | 4.135762068315719 × 10^290 |
| 63 | ov_063 | 8.061539635705264 × 10^289 |
| 64 | lv_79_m31 | 1.5710617852141615 × 10^289 |
| 65 | ov_065 | 1.8892516789296814 × 10^290 |
| 66 | ov_066 | 1.8892460562050075 × 10^290 |
| 67 | ov_067 | 1.8892446801404714 × 10^290 |
| 68 | ov_068 | 1.6378873688115858 × 10^290 |
| 69 | ov_069 | 1.4131591411869097 × 10^290 |
| 70 | ov_070 | 1.2129299267036672 × 10^290 |
| 71 | ov_071 | 1.0352006777394034 × 10^290 |
| 72 | ov_072 | 8.780944990367705 × 10^289 |
| 73 | ov_073 | 7.39848562219134 × 10^289 |
| 74 | ov_074 | 6.188067636202233 × 10^289 |
| 75 | ov_075 | 5.134130852947718 × 10^289 |
| 76 | ov_076 | 4.222056204351474 × 10^289 |
| 77 | ov_077 | 3.4381122552660714 × 10^289 |
| 78 | ov_078 | 2.7694076246392823 × 10^289 |
| 79 | ov_079 | 2.2038489455542642 × 10^289 |
| 80 | ov_080 | 1.7301040088511312 × 10^289 |
| 81 | ov_081 | 1.3375697391608042 × 10^289 |
| 82 | ov_082 | 1.0163446552196413 × 10^289 |
| 83 | ov_083 | 7.572054685010984 × 10^288 |
| 84 | ov_084 | 5.5158747569191743 × 10^288 |
| 85 | ov_085 | 3.915684015257945 × 10^288 |
| 86 | ov_086 | 2.698553491143235 × 10^288 |
| 87 | ov_087 | 1.7977451530170712 × 10^288 |
| 88 | ov_088 | 1.1526332880192692 × 10^288 |
| 89 | ov_089 | 7.086466901082072 × 10^287 |
| 90 | ov_090 | 4.172282345761795 × 10^287 |
| 91 | ov_091 | 2.358084189635462 × 10^287 |
| 92 | ov_092 | 1.2778947920919162 × 10^287 |
| 93 | ov_093 | 6.253685898493864 × 10^286 |
| 94 | ov_094 | 2.6223378998843135 × 10^286 |
| 95 | aaa_78_28 | 8.0009086092951 × 10^285 |
| 96 | aaa_78_29 | 2.85941839422235 × 10^285 |
| 97 | ov_097 | 1.8878560413428072 × 10^285 |
| 98 | ov_098 | 1.887799343029995 × 10^285 |
| 99 | ov_099 | 1.8877812184106623 × 10^285 |
| 100 | ov_100 | 1.6985677866768586 × 10^285 |
| 101 | ov_101 | 1.5233639076800643 × 10^285 |
| 102 | ov_102 | 1.361394705193891 × 10^285 |
| 103 | ov_103 | 1.2119415991690543 × 10^285 |
| 104 | ov_104 | 1.0743351454167516 × 10^285 |
| 105 | ov_105 | 9.479485178253795 × 10^284 |
| 106 | ov_106 | 8.321915992515123 × 10^284 |
| 107 | ov_107 | 7.265056485374776 × 10^284 |
| 108 | ov_108 | 6.303585121804232 × 10^284 |
| 109 | ov_109 | 5.432403500431198 × 10^284 |
| 110 | ov_110 | 4.6465984518367925 × 10^284 |
| 111 | ov_111 | 3.941408684151828 × 10^284 |
| 112 | ov_112 | 3.312195686110705 × 10^284 |
| 113 | ov_113 | 2.7544186007029217 × 10^284 |
| 114 | ov_114 | 2.2636127846795976 × 10^284 |
| 115 | ov_115 | 1.8353717706097766 × 10^284 |
| 116 | ov_116 | 1.4653323491032165 × 10^284 |
| 117 | ov_117 | 1.1491624893683961 × 10^284 |
| 118 | ov_118 | 8.825518165817811 × 10^283 |
| 119 | ov_119 | 6.612043647070912 × 10^283 |
| 120 | ov_120 | 4.808333234899344 × 10^283 |
| 121 | ov_121 | 3.3715749840083025 × 10^283 |
| 122 | ov_122 | 2.2589907608227967 × 10^283 |
| 123 | ov_123 | 1.4278219677236473 × 10^283 |
| 124 | ov_124 | 8.353203172042686 × 10^282 |
| 125 | ov_125 | 4.3874227336554125 × 10^282 |
| 126 | ov_126 | 1.953460393334662 × 10^282 |
| 127 | aaa_77_28 | 6.2390274547745504 × 10^281 |
| 128 | aaa_77_29 | 2.3396567310162014 × 10^281 |
| 129 | ov_129 | 2.1819645264361012 × 10^281 |
| 130 | ov_130 | 2.181958336456074 × 10^281 |
| 131 | ov_131 | 2.181956837824481 × 10^281 |
| 132 | ov_132 | 1.895329877014105 × 10^281 |
| 133 | ov_133 | 1.6382657005412807 × 10^281 |
| 134 | ov_134 | 1.4085398369186717 × 10^281 |
| 135 | ov_135 | 1.2040490954929889 × 10^281 |
| 136 | ov_136 | 1.0228029021514888 × 10^281 |
| 137 | ov_137 | 8.629157833087269 × 10^280 |
| 138 | ov_138 | 7.226008921920804 × 10^280 |
| 139 | ov_139 | 6.001644769509763 × 10^280 |
| 140 | ov_140 | 4.940011954415625 × 10^280 |
| 141 | ov_141 | 4.0259018672244643 × 10^280 |
| 142 | ov_142 | 3.2449181436967423 × 10^280 |
| 143 | ov_143 | 2.5834500170703 × 10^280 |
| 144 | ov_144 | 2.028650839731697 × 10^280 |
| 145 | ov_145 | 1.5684210732806575 × 10^280 |
| 146 | ov_146 | 1.1913950945189829 × 10^280 |
| 147 | ov_147 | 8.869312132059335 × 10^279 |
| 148 | ov_148 | 6.45104345612556 × 10^279 |
| 149 | ov_149 | 4.56700836026912 × 10^279 |
| 150 | ov_150 | 3.132149664394002 × 10^279 |
| 151 | ov_151 | 2.0684674268808225 × 10^279 |
| 152 | ov_152 | 1.305005933774138 × 10^279 |
| 153 | ov_153 | 7.778466590635809 × 10^278 |
| 154 | ov_154 | 4.301046268426011 × 10^278 |
| 155 | ov_155 | 2.1192644743744233 × 10^278 |
| 156 | aaa_76_25 | 8.048924811299638 × 10^277 |
| 157 | aaa_76_26 | 4.568036788467288 × 10^277 |
| 158 | aaa_76_27 | 2.3495798711155673 × 10^277 |
| 159 | aaa_76_28 | 1.0420798169872926 × 10^277 |
| 160 | aaa_76_29 | 3.1740317538777574 × 10^276 |

### Output Bits Sorted by Complexity

| Rank | Output Bit | Complexity |
|:----:|:----------:|:----------:|
| 160 | aaa_76_29 | 3.1740317538777574 × 10^276 |
| 159 | aaa_76_28 | 1.0420798169872926 × 10^277 |
| 158 | aaa_76_27 | 2.3495798711155673 × 10^277 |
| 157 | aaa_76_26 | 4.568036788467288 × 10^277 |
| 156 | aaa_76_25 | 8.048924811299638 × 10^277 |
| 155 | ov_155 | 2.1192644743744233 × 10^278 |
| 154 | ov_154 | 4.301046268426011 × 10^278 |
| 153 | ov_153 | 7.778466590635809 × 10^278 |
| 152 | ov_152 | 1.305005933774138 × 10^279 |
| 151 | ov_151 | 2.0684674268808225 × 10^279 |
| 150 | ov_150 | 3.132149664394002 × 10^279 |
| 149 | ov_149 | 4.56700836026912 × 10^279 |
| 148 | ov_148 | 6.45104345612556 × 10^279 |
| 147 | ov_147 | 8.869312132059335 × 10^279 |
| 146 | ov_146 | 1.1913950945189829 × 10^280 |
| 145 | ov_145 | 1.5684210732806575 × 10^280 |
| 144 | ov_144 | 2.028650839731697 × 10^280 |
| 143 | ov_143 | 2.5834500170703 × 10^280 |
| 142 | ov_142 | 3.2449181436967423 × 10^280 |
| 141 | ov_141 | 4.0259018672244643 × 10^280 |
| 140 | ov_140 | 4.940011954415625 × 10^280 |
| 139 | ov_139 | 6.001644769509763 × 10^280 |
| 138 | ov_138 | 7.226008921920804 × 10^280 |
| 137 | ov_137 | 8.629157833087269 × 10^280 |
| 136 | ov_136 | 1.0228029021514888 × 10^281 |
| 135 | ov_135 | 1.2040490954929889 × 10^281 |
| 134 | ov_134 | 1.4085398369186717 × 10^281 |
| 133 | ov_133 | 1.6382657005412807 × 10^281 |
| 132 | ov_132 | 1.895329877014105 × 10^281 |
| 131 | ov_131 | 2.181956837824481 × 10^281 |
| 130 | ov_130 | 2.181958336456074 × 10^281 |
| 129 | ov_129 | 2.1819645264361012 × 10^281 |
| 128 | aaa_77_29 | 2.3396567310162014 × 10^281 |
| 127 | aaa_77_28 | 6.2390274547745504 × 10^281 |
| 126 | ov_126 | 1.953460393334662 × 10^282 |
| 125 | ov_125 | 4.3874227336554125 × 10^282 |
| 124 | ov_124 | 8.353203172042686 × 10^282 |
| 123 | ov_123 | 1.4278219677236473 × 10^283 |
| 122 | ov_122 | 2.2589907608227967 × 10^283 |
| 121 | ov_121 | 3.3715749840083025 × 10^283 |
| 120 | ov_120 | 4.808333234899344 × 10^283 |
| 119 | ov_119 | 6.612043647070912 × 10^283 |
| 118 | ov_118 | 8.825518165817811 × 10^283 |
| 117 | ov_117 | 1.1491624893683961 × 10^284 |
| 116 | ov_116 | 1.4653323491032165 × 10^284 |
| 115 | ov_115 | 1.8353717706097766 × 10^284 |
| 114 | ov_114 | 2.2636127846795976 × 10^284 |
| 113 | ov_113 | 2.7544186007029217 × 10^284 |
| 112 | ov_112 | 3.312195686110705 × 10^284 |
| 111 | ov_111 | 3.941408684151828 × 10^284 |
| 110 | ov_110 | 4.6465984518367925 × 10^284 |
| 109 | ov_109 | 5.432403500431198 × 10^284 |
| 108 | ov_108 | 6.303585121804232 × 10^284 |
| 107 | ov_107 | 7.265056485374776 × 10^284 |
| 106 | ov_106 | 8.321915992515123 × 10^284 |
| 105 | ov_105 | 9.479485178253795 × 10^284 |
| 104 | ov_104 | 1.0743351454167516 × 10^285 |
| 103 | ov_103 | 1.2119415991690543 × 10^285 |
| 102 | ov_102 | 1.361394705193891 × 10^285 |
| 101 | ov_101 | 1.5233639076800643 × 10^285 |
| 100 | ov_100 | 1.6985677866768586 × 10^285 |
| 99 | ov_099 | 1.8877812184106623 × 10^285 |
| 98 | ov_098 | 1.887799343029995 × 10^285 |
| 97 | ov_097 | 1.8878560413428072 × 10^285 |
| 96 | aaa_78_29 | 2.85941839422235 × 10^285 |
| 95 | aaa_78_28 | 8.0009086092951 × 10^285 |
| 94 | ov_094 | 2.6223378998843135 × 10^286 |
| 93 | ov_093 | 6.253685898493864 × 10^286 |
| 92 | ov_092 | 1.2778947920919162 × 10^287 |
| 91 | ov_091 | 2.358084189635462 × 10^287 |
| 90 | ov_090 | 4.172282345761795 × 10^287 |
| 89 | ov_089 | 7.086466901082072 × 10^287 |
| 88 | ov_088 | 1.1526332880192692 × 10^288 |
| 87 | ov_087 | 1.7977451530170712 × 10^288 |
| 86 | ov_086 | 2.698553491143235 × 10^288 |
| 85 | ov_085 | 3.915684015257945 × 10^288 |
| 84 | ov_084 | 5.5158747569191743 × 10^288 |
| 83 | ov_083 | 7.572054685010984 × 10^288 |
| 82 | ov_082 | 1.0163446552196413 × 10^289 |
| 81 | ov_081 | 1.3375697391608042 × 10^289 |
| 64 | lv_79_m31 | 1.5710617852141615 × 10^289 |
| 80 | ov_080 | 1.7301040088511312 × 10^289 |
| 79 | ov_079 | 2.2038489455542642 × 10^289 |
| 78 | ov_078 | 2.7694076246392823 × 10^289 |
| 77 | ov_077 | 3.4381122552660714 × 10^289 |
| 76 | ov_076 | 4.222056204351474 × 10^289 |
| 75 | ov_075 | 5.134130852947718 × 10^289 |
| 74 | ov_074 | 6.188067636202233 × 10^289 |
| 73 | ov_073 | 7.39848562219134 × 10^289 |
| 63 | ov_063 | 8.061539635705264 × 10^289 |
| 72 | ov_072 | 8.780944990367705 × 10^289 |
| 71 | ov_071 | 1.0352006777394034 × 10^290 |
| 70 | ov_070 | 1.2129299267036672 × 10^290 |
| 69 | ov_069 | 1.4131591411869097 × 10^290 |
| 68 | ov_068 | 1.6378873688115858 × 10^290 |
| 67 | ov_067 | 1.8892446801404714 × 10^290 |
| 66 | ov_066 | 1.8892460562050075 × 10^290 |
| 65 | ov_065 | 1.8892516789296814 × 10^290 |
| 62 | ov_062 | 4.135762068315719 × 10^290 |
| 61 | ov_061 | 1.507561759114871 × 10^291 |
| 60 | ov_060 | 4.315754111585558 × 10^291 |
| 59 | ov_059 | 9.80022695912004 × 10^291 |
| 58 | ov_058 | 1.929609382866917 × 10^292 |
| 57 | ov_057 | 3.4511512217119494 × 10^292 |
| 56 | ov_056 | 5.752769789744004 × 10^292 |
| 55 | ov_055 | 9.28801778090337 × 10^292 |
| 54 | ov_054 | 1.4585075048249632 × 10^293 |
| 53 | ov_053 | 2.224677230038333 × 10^293 |
| 52 | ov_052 | 3.295063420846544 × 10^293 |
| 51 | ov_051 | 4.744895317717068 × 10^293 |
| 50 | ov_050 | 6.656891186302753 × 10^293 |
| 49 | ov_049 | 9.121278024985266 × 10^293 |
| 48 | ov_048 | 1.2235821895097251 × 10^294 |
| 47 | ov_047 | 1.610587251934628 × 10^294 |
| 32 | lv_80_m31 | 1.8972003712112625 × 10^294 |
| 46 | ov_046 | 2.0844426274277515 × 10^294 |
| 45 | ov_045 | 2.6572212185669294 × 10^294 |
| 44 | ov_044 | 3.34178060228113 × 10^294 |
| 43 | ov_043 | 4.1517778080195935 × 10^294 |
| 42 | ov_042 | 5.10168807350622 × 10^294 |
| 41 | ov_041 | 6.206828237854156 × 10^294 |
| 40 | ov_040 | 7.4833854839218 × 10^294 |
| 39 | ov_039 | 8.948452195335113 × 10^294 |
| 31 | ov_031 | 9.73167760599071 × 10^294 |
| 38 | ov_038 | 1.0620067748872083 × 10^295 |
| 37 | ov_037 | 1.2517268120220746 × 10^295 |
| 36 | ov_036 | 1.4660144240827204 × 10^295 |
| 35 | ov_035 | 1.7069910106017416 × 10^295 |
| 34 | ov_034 | 1.976898170020675 × 10^295 |
| 33 | ov_033 | 2.2781067874233516 × 10^295 |
| 30 | ov_030 | 4.3970703912201257 × 10^295 |
| 29 | ov_029 | 1.4547862556229317 × 10^296 |
| 28 | ov_028 | 3.882340585241965 × 10^296 |
| 27 | ov_027 | 8.880531481986103 × 10^296 |
| 26 | ov_026 | 1.9214178974754216 × 10^297 |
| 25 | ov_025 | 3.8545102121773524 × 10^297 |
| 24 | ov_024 | 7.14321420509052 × 10^297 |
| 23 | ov_023 | 1.2333123351125744 × 10^298 |
| 22 | ov_022 | 2.0059558013256562 × 10^298 |
| 21 | ov_021 | 3.104760091340016 × 10^298 |
| 20 | ov_020 | 4.611216010150695 × 10^298 |
| 19 | ov_019 | 6.6158071596374 × 10^298 |
| 18 | ov_018 | 9.218025893740335 × 10^298 |
| 17 | ov_017 | 1.2526397648799915 × 10^299 |
| 16 | ov_016 | 1.6658517405266157 × 10^299 |
| 15 | ov_015 | 2.1741102804947695 × 10^299 |
| 14 | ov_014 | 2.7910069045404773 × 10^299 |
| 13 | ov_013 | 3.531063127102204 × 10^299 |
| 12 | ov_012 | 4.409744077905751 × 10^299 |
| 11 | ov_011 | 5.443476195906058 × 10^299 |
| 10 | ov_010 | 6.649669748621887 × 10^299 |
| 9 | ov_009 | 8.046746989443456 × 10^299 |
| 8 | ov_008 | 9.654176826456445 × 10^299 |
| 7 | ov_007 | 1.1492516937894694 × 10^300 |
| 6 | ov_006 | 1.3583464331714044 × 10^300 |
| 5 | ov_005 | 1.594991541021894 × 10^300 |
| 4 | ov_004 | 1.861603666546692 × 10^300 |
| 3 | ov_003 | 2.160734719766899 × 10^300 |
| 2 | ov_002 | 2.4950814317397448 × 10^300 |
| 1 | ov_001 | 2.8674963563565732 × 10^300 |

