# Results for E001009-E002007-E005015-F017-F018-F019-F020-F021-F022-F023-F024-F025-F026-F027-F028-F029-F030-F031-F032-F033-F034-F035-F036-F037-F038-F039-F040-F041-F042-F043-F044-F045-F046-F047-F048-F049-F050-F051-F052-F053-F054-F055-F056-F057-F058-F059-F060-F061-F062-F063-F064-F065-F066-F067-F068-F069-F070-F071-F072-F073-F074-F075-F076-F077-F078-F079-F080-F081-F082-F083-F084-F085-F086-F087-F088-F089-F090-F091-F092-F093-F094-F095-F096-F097-F098-F099-F100-F101-F102-F103-F104-F105-F106-F107-F108-F109-F110-F111-F112-F113-F114-F115-F116-F117-F118-F119-F120-F121-F122-F123-F124-F125-F126-F127-F128-F129-F130-F131-F132-F133-F134-F135-F136-F137-F138-F139-F140-F141-F142-F143-F144-F145-F146-F147-F148-F149-F150-F151-F152-F153-F154-F155-F156-F157-F158-F159-F160-F161-F162-F163-F164-F165-F166-F167-F168-F169-F170-F171-F172-F173-F174-F175-F176-F177-F178-F179-F180-F181-F182-F183-F184-F185-F186-F187-F188-F189-F190-F191-F192-F193-F194-F195-F196-F197-F198-F199-F200-F201-F202-F203-F204-F205-F206-F207-F208-F209-F210-F211-F212-F213-F214-F215-F216-F217-F218-F219-F220-F221-F222-F223-F224-F225-F226-F227-F228-F229-F230-F231-F232-F233-F234-F235-F236-F237-F238-F239-F240-F241-F242-F243-F244-F245-F246-F247-F248-F249-F250-F251-F252-F253-F254-F255-F256-F257-F258-F259-F260-F261-F262-F263-F264-F265-F266-F267-F268-F269-F270-F271-F272-F273-F274-F275-F276-F277-F278-F279-F280-F281-F282-F283-F284-F285-F286-F287-F288-F289-F290-F291-F292-F293-F294-F295-F296-F297-F298-F299-F300-F301-F302-F303-F304-F305-F306-F307-F308-F309-F310-F311-F312-F313-F314-F315-F316-F317-F318-F319-F320-F321-F322-F323-F324-F325-F326-F327-F328-F329-F330-F331-F332-F333-F334-F335-F336-F337-F338-F339-F340-F341-F342-F343-F344-F345-F346-F347-F348-F349-F350-F351-F352-F353-F354-F355-F356-F357-F358-F359-F360-F361-F362-F363-F364-F365-F366-F367-F368-F369-F370-F371-F372-F373-F374-F375-F376-F377-F378-F379-F380-F381-F382-F383-F384-F385-F386-F387-F388-F389-F390-F391-F392-F393-F394-F395-F396-F397-F398-F399-F400-F401-F402-F403-F404-F405-F406-F407-F408-F409-F410-F411-F412-F413-F414-F415-F416-F417-F418-F419-F420-F421-F422-F423-F424-F425-F426-F427-F428-F429-F430-F431-F432-F433-F434-F435-F436-F437-F438-F439-F440-F441-F442-F443-F444-F445-F446-F447-F448-F449-F450-F451-F452-F453-F454-F455-F456-F457-F458-F459-F460-F461-F462-F463-F464-F465-F466-F467-F468-F469-F470-F471-F472-F473-F474-F475-F476-F477-F478-F479-F480-F481-F482-F483-F484-F485-F486-F487-F488-F489-F490-F491-F492-F493-F494-F495-F496-F497-F498-F499-F500-F501-F502-F503-F504-F505-F506-F507-F508-F509-F510-F511-F512

## Summary

Number of input bits: 512  
Number of free input bits: 13  
Number of output bits: 160

Number of direct occurrences: 58786  
Number of assignments: 39139  
Number of operations: 19113092
(xor: 19075556,
and: 20890,
or: 16646)

Total complexity: 9.054781722788456 × 10^355

Least occurring input variable: iv_012 (4184)  
Most occurring input variable: iv_001 (4858)

Most co-occurring input variables: iv_001-iv_005 (2276)  
Least co-occurring input variables: iv_002-iv_005 (1912)

Potentially most occurring input variable: iv_005/iv_016 (5350)  
Potentially least occurring input variable: iv_003/iv_012 (4483)

Least output occurring input variable: iv_005 (59)  
Most output occurring input variable: iv_012 (86)

Most output co-occurring input variables: iv_002-iv_012 (45)  
Least output co-occurring input variables: iv_008-iv_011 (24)

Potentially most output occurring input variable: iv_001/iv_012 (93)  
Potentially least output occurring input variable: iv_008/iv_014 (66)

Least complex input bit: iv_016 (1.323917082049624 × 10^352)  
Most complex input bit: iv_005 (2.017190380414699 × 10^355)

Least complex output bit: aaa_76_29 (1.9490785652306046 × 10^331)  
Most complex output bit: ov_001 (1.3861752387403466 × 10^355)

Least complex input/output complexity: iv_016/aaa_76_29 (2.8497853242241494 × 10^327)  
Most complex input/output complexity: iv_005/ov_001 (3.088069312724386 × 10^354)

## Input Bits

### Input Bits in Regular Order

| Input Bit | Complexity | Occurrences | Output Occurrences |
|:---------:|:----------:|:-----------:|:------------------:|
| iv_001 | 5.018634544897231 × 10^354 | 4858 | 67 |
| iv_002 | 3.31924734922903 × 10^354 | 4374 | 77 |
| iv_003 | 5.033903900425529 × 10^353 | 4373 | 75 |
| iv_004 | 1.0949657235722873 × 10^354 | 4539 | 77 |
| iv_005 | 2.017190380414699 × 10^355 | 4761 | 59 |
| iv_006 | 2.4244348856849733 × 10^354 | 4400 | 80 |
| iv_008 | 3.9601197065245787 × 10^354 | 4445 | 69 |
| iv_010 | 6.354445291557455 × 10^354 | 4482 | 83 |
| iv_011 | 8.294876060913066 × 10^354 | 4644 | 63 |
| iv_012 | 1.0492799142666749 × 10^355 | 4184 | 86 |
| iv_013 | 1.3004879060411692 × 10^355 | 4537 | 78 |
| iv_014 | 1.5894882097417723 × 10^355 | 4684 | 83 |
| iv_016 | 1.323917082049624 × 10^352 | 4505 | 79 |

### Input Bits Sorted by Complexity

| Input Bit | Complexity | Occurrences | Output Occurrences |
|:---------:|:----------:|:-----------:|:------------------:|
| iv_016 | 1.323917082049624 × 10^352 | 4505 | 79 |
| iv_003 | 5.033903900425529 × 10^353 | 4373 | 75 |
| iv_004 | 1.0949657235722873 × 10^354 | 4539 | 77 |
| iv_006 | 2.4244348856849733 × 10^354 | 4400 | 80 |
| iv_002 | 3.31924734922903 × 10^354 | 4374 | 77 |
| iv_008 | 3.9601197065245787 × 10^354 | 4445 | 69 |
| iv_001 | 5.018634544897231 × 10^354 | 4858 | 67 |
| iv_010 | 6.354445291557455 × 10^354 | 4482 | 83 |
| iv_011 | 8.294876060913066 × 10^354 | 4644 | 63 |
| iv_012 | 1.0492799142666749 × 10^355 | 4184 | 86 |
| iv_013 | 1.3004879060411692 × 10^355 | 4537 | 78 |
| iv_014 | 1.5894882097417723 × 10^355 | 4684 | 83 |
| iv_005 | 2.017190380414699 × 10^355 | 4761 | 59 |

### Input Bits Sorted by Occurrences

| Input Bit | Complexity | Occurrences | Output Occurrences |
|:---------:|:----------:|:-----------:|:------------------:|
| iv_012 | 1.0492799142666749 × 10^355 | 4184 | 86 |
| iv_003 | 5.033903900425529 × 10^353 | 4373 | 75 |
| iv_002 | 3.31924734922903 × 10^354 | 4374 | 77 |
| iv_006 | 2.4244348856849733 × 10^354 | 4400 | 80 |
| iv_008 | 3.9601197065245787 × 10^354 | 4445 | 69 |
| iv_010 | 6.354445291557455 × 10^354 | 4482 | 83 |
| iv_016 | 1.323917082049624 × 10^352 | 4505 | 79 |
| iv_013 | 1.3004879060411692 × 10^355 | 4537 | 78 |
| iv_004 | 1.0949657235722873 × 10^354 | 4539 | 77 |
| iv_011 | 8.294876060913066 × 10^354 | 4644 | 63 |
| iv_014 | 1.5894882097417723 × 10^355 | 4684 | 83 |
| iv_005 | 2.017190380414699 × 10^355 | 4761 | 59 |
| iv_001 | 5.018634544897231 × 10^354 | 4858 | 67 |

### Input Bits Sorted by Output Occurrences

| Input Bit | Complexity | Occurrences | Output Occurrences |
|:---------:|:----------:|:-----------:|:------------------:|
| iv_005 | 2.017190380414699 × 10^355 | 4761 | 59 |
| iv_011 | 8.294876060913066 × 10^354 | 4644 | 63 |
| iv_001 | 5.018634544897231 × 10^354 | 4858 | 67 |
| iv_008 | 3.9601197065245787 × 10^354 | 4445 | 69 |
| iv_003 | 5.033903900425529 × 10^353 | 4373 | 75 |
| iv_004 | 1.0949657235722873 × 10^354 | 4539 | 77 |
| iv_002 | 3.31924734922903 × 10^354 | 4374 | 77 |
| iv_013 | 1.3004879060411692 × 10^355 | 4537 | 78 |
| iv_016 | 1.323917082049624 × 10^352 | 4505 | 79 |
| iv_006 | 2.4244348856849733 × 10^354 | 4400 | 80 |
| iv_010 | 6.354445291557455 × 10^354 | 4482 | 83 |
| iv_014 | 1.5894882097417723 × 10^355 | 4684 | 83 |
| iv_012 | 1.0492799142666749 × 10^355 | 4184 | 86 |

## Input Bit Co-occurrences

### Input Bit Co-occurrences Sorted by Co-occurrences

| Input Bits | Co-occurrences | Potential Occurrences | Output Co-occurrences | Potential Output Occurrences |
|:----------:|:--------------:|:---------------------:|:---------------------:|:----------------------------:|
| iv_001-iv_005 | 2276 | 5067 | 25 | 76 |
| iv_001-iv_011 | 2275 | 4952 | 31 | 68 |
| iv_001-iv_010 | 2243 | 4854 | 37 | 76 |
| iv_001-iv_004 | 2220 | 4957 | 28 | 88 |
| iv_013-iv_014 | 2203 | 4815 | 40 | 81 |
| iv_004-iv_014 | 2203 | 4817 | 41 | 78 |
| iv_008-iv_014 | 2197 | 4735 | 43 | 66 |
| iv_003-iv_004 | 2188 | 4536 | 38 | 76 |
| iv_003-iv_013 | 2188 | 4534 | 36 | 81 |
| iv_001-iv_014 | 2187 | 5168 | 41 | 68 |
| iv_001-iv_016 | 2184 | 4995 | 37 | 72 |
| iv_001-iv_008 | 2180 | 4943 | 25 | 86 |
| iv_008-iv_013 | 2180 | 4622 | 34 | 79 |

### Input Bit Co-occurrences Sorted by Potential Occurrences

| Input Bits | Co-occurrences | Potential Occurrences | Output Co-occurrences | Potential Output Occurrences |
|:----------:|:--------------:|:---------------------:|:---------------------:|:----------------------------:|
| iv_003-iv_012 | 2037 | 4483 | 42 | 77 |
| iv_003-iv_013 | 2188 | 4534 | 36 | 81 |
| iv_003-iv_004 | 2188 | 4536 | 38 | 76 |
| iv_003-iv_008 | 2141 | 4536 | 34 | 76 |
| iv_002-iv_012 | 2005 | 4548 | 45 | 73 |
| iv_008-iv_012 | 2031 | 4567 | 37 | 81 |
| iv_008-iv_013 | 2180 | 4622 | 34 | 79 |
| iv_012-iv_013 | 2047 | 4627 | 42 | 80 |
| iv_006-iv_016 | 2113 | 4679 | 37 | 85 |
| iv_006-iv_012 | 1931 | 4722 | 44 | 78 |
| iv_010-iv_012 | 1970 | 4726 | 40 | 89 |
| iv_008-iv_014 | 2197 | 4735 | 43 | 66 |
| iv_006-iv_011 | 2150 | 4744 | 31 | 81 |

### Input Bit Output Co-occurrences Sorted by Output Co-occurrences

| Input Bits | Co-occurrences | Potential Occurrences | Output Co-occurrences | Potential Output Occurrences |
|:----------:|:--------------:|:---------------------:|:---------------------:|:----------------------------:|
| iv_002-iv_012 | 2005 | 4548 | 45 | 73 |
| iv_010-iv_014 | 2178 | 4810 | 44 | 78 |
| iv_004-iv_010 | 2128 | 4765 | 44 | 72 |
| iv_006-iv_012 | 1931 | 4722 | 44 | 78 |
| iv_004-iv_012 | 1968 | 4787 | 43 | 77 |
| iv_008-iv_014 | 2197 | 4735 | 43 | 66 |
| iv_012-iv_014 | 2042 | 4784 | 43 | 83 |
| iv_003-iv_012 | 2037 | 4483 | 42 | 77 |
| iv_004-iv_013 | 2141 | 4794 | 42 | 71 |
| iv_002-iv_004 | 2061 | 4791 | 42 | 70 |
| iv_012-iv_013 | 2047 | 4627 | 42 | 80 |
| iv_001-iv_014 | 2187 | 5168 | 41 | 68 |
| iv_006-iv_010 | 1994 | 4894 | 41 | 81 |

### Input Bit Output Co-occurrences Sorted by Potential Output Occurrences

| Input Bits | Co-occurrences | Potential Occurrences | Output Co-occurrences | Potential Output Occurrences |
|:----------:|:--------------:|:---------------------:|:---------------------:|:----------------------------:|
| iv_008-iv_014 | 2197 | 4735 | 43 | 66 |
| iv_001-iv_014 | 2187 | 5168 | 41 | 68 |
| iv_004-iv_011 | 2066 | 5051 | 36 | 68 |
| iv_001-iv_011 | 2275 | 4952 | 31 | 68 |
| iv_002-iv_004 | 2061 | 4791 | 42 | 70 |
| iv_005-iv_011 | 2057 | 5291 | 26 | 70 |
| iv_004-iv_013 | 2141 | 4794 | 42 | 71 |
| iv_004-iv_010 | 2128 | 4765 | 44 | 72 |
| iv_001-iv_016 | 2184 | 4995 | 37 | 72 |
| iv_006-iv_008 | 2015 | 4815 | 38 | 73 |
| iv_002-iv_012 | 2005 | 4548 | 45 | 73 |
| iv_004-iv_008 | 2115 | 4754 | 36 | 74 |
| iv_008-iv_010 | 2015 | 4897 | 39 | 74 |

## Output Bits

### Output Bits in Regular Order

| Rank | Output Bit | Complexity |
|:----:|:----------:|:----------:|
| 1 | ov_001 | 1.3861752387403466 × 10^355 |
| 2 | ov_002 | 1.2104015038141192 × 10^355 |
| 3 | ov_003 | 1.052421430933858 × 10^355 |
| 4 | ov_004 | 9.108256097751495 × 10^354 |
| 5 | ov_005 | 7.842833797100248 × 10^354 |
| 6 | ov_006 | 6.715373502162526 × 10^354 |
| 7 | ov_007 | 5.71398574004833 × 10^354 |
| 8 | ov_008 | 4.827423078746307 × 10^354 |
| 9 | ov_009 | 4.0450431160385606 × 10^354 |
| 10 | ov_010 | 3.356776495755912 × 10^354 |
| 11 | ov_011 | 2.7577281081036783 × 10^354 |
| 12 | ov_012 | 2.243269471928734 × 10^354 |
| 13 | ov_013 | 1.8049034436473005 × 10^354 |
| 14 | ov_014 | 1.434620781307682 × 10^354 |
| 15 | ov_015 | 1.1248873354530624 × 10^354 |
| 16 | ov_016 | 8.686337863783756 × 10^353 |
| 17 | ov_017 | 6.592475587390559 × 10^353 |
| 18 | ov_018 | 4.90566574767781 × 10^353 |
| 19 | ov_019 | 3.56874537211657 × 10^353 |
| 20 | ov_020 | 2.528974626253161 × 10^353 |
| 21 | ov_021 | 1.7380121493723478 × 10^353 |
| 22 | ov_022 | 1.1518981832288048 × 10^353 |
| 23 | ov_023 | 7.3104357428389544 × 10^352 |
| 24 | ov_024 | 4.4022301936000546 × 10^352 |
| 25 | ov_025 | 2.4857121376853175 × 10^352 |
| 26 | ov_026 | 1.295808488097445 × 10^352 |
| 27 | ov_027 | 6.110168537287607 × 10^351 |
| 28 | ov_028 | 2.5340185595893315 × 10^351 |
| 29 | ov_029 | 8.859393240910883 × 10^350 |
| 30 | ov_030 | 2.432750694785546 × 10^350 |
| 31 | ov_031 | 4.747210148864801 × 10^349 |
| 32 | lv_80_m31 | 9.262385161491374 × 10^348 |
| 33 | ov_033 | 1.1467781092494327 × 10^350 |
| 34 | ov_034 | 1.000625296973147 × 10^350 |
| 35 | ov_035 | 8.697117791167505 × 10^349 |
| 36 | ov_036 | 7.527475785570424 × 10^349 |
| 37 | ov_037 | 6.485219704456296 × 10^349 |
| 38 | ov_038 | 5.558981187210385 × 10^349 |
| 39 | ov_039 | 4.738081894705407 × 10^349 |
| 40 | ov_040 | 4.012489153063802 × 10^349 |
| 41 | ov_041 | 3.3727758599168105 × 10^349 |
| 42 | ov_042 | 2.8100844144554436 × 10^349 |
| 43 | ov_043 | 2.316094439968076 × 10^349 |
| 44 | ov_044 | 1.8867762493469604 × 10^349 |
| 45 | ov_045 | 1.5183476668651204 × 10^349 |
| 46 | ov_046 | 1.2072621559732792 × 10^349 |
| 47 | ov_047 | 9.47093524019394 × 10^348 |
| 48 | ov_048 | 7.318405704115682 × 10^348 |
| 49 | ov_049 | 5.559129732361762 × 10^348 |
| 50 | ov_050 | 4.141194640900199 × 10^348 |
| 51 | ov_051 | 3.0165808369059916 × 10^348 |
| 52 | ov_052 | 2.141083113703357 × 10^348 |
| 53 | ov_053 | 1.4742486189980113 × 10^348 |
| 54 | ov_054 | 9.793294328601075 × 10^347 |
| 55 | ov_055 | 6.23247692974125 × 10^347 |
| 56 | ov_056 | 3.765712051437425 × 10^347 |
| 57 | ov_057 | 2.1349747725372175 × 10^347 |
| 58 | ov_058 | 1.1184413226091606 × 10^347 |
| 59 | ov_059 | 5.304375763664671 × 10^346 |
| 60 | ov_060 | 2.2141512601694566 × 10^346 |
| 61 | ov_061 | 7.794212574202063 × 10^345 |
| 62 | ov_062 | 2.15523371026715 × 10^345 |
| 63 | ov_063 | 4.237407510133735 × 10^344 |
| 64 | lv_79_m31 | 8.330360598348999 × 10^343 |
| 65 | ov_065 | 1.1419528031065368 × 10^345 |
| 66 | ov_066 | 1.1419185206478734 × 10^345 |
| 67 | ov_067 | 1.1419075510999313 × 10^345 |
| 68 | ov_068 | 1.0270896764792164 × 10^345 |
| 69 | ov_069 | 9.208385705633566 × 10^344 |
| 70 | ov_070 | 8.226731740665063 × 10^344 |
| 71 | ov_071 | 7.321468473442323 × 10^344 |
| 72 | ov_072 | 6.488432412684817 × 10^344 |
| 73 | ov_073 | 5.723725766832632 × 10^344 |
| 74 | ov_074 | 5.023682656736299 × 10^344 |
| 75 | ov_075 | 4.384837671885931 × 10^344 |
| 76 | ov_076 | 3.80389658818421 × 10^344 |
| 77 | ov_077 | 3.2777099057683174 × 10^344 |
| 78 | ov_078 | 2.803249429186658 × 10^344 |
| 79 | ov_079 | 2.377587700358006 × 10^344 |
| 80 | ov_080 | 1.9978800985837657 × 10^344 |
| 81 | ov_081 | 1.661349424868155 × 10^344 |
| 82 | ov_082 | 1.3652725356030142 × 10^344 |
| 83 | ov_083 | 1.1069685923422412 × 10^344 |
| 84 | ov_084 | 8.83789004504088 × 10^343 |
| 85 | ov_085 | 6.931091426539014 × 10^343 |
| 86 | ov_086 | 5.3232164609014476 × 10^343 |
| 87 | ov_087 | 3.988311487869971 × 10^343 |
| 88 | ov_088 | 2.900502479400656 × 10^343 |
| 89 | ov_089 | 2.033965394651685 × 10^343 |
| 90 | ov_090 | 1.3629054484585372 × 10^343 |
| 91 | ov_091 | 8.615435374311913 × 10^342 |
| 92 | ov_092 | 5.041080827130336 × 10^342 |
| 93 | ov_093 | 2.6483063585273477 × 10^342 |
| 94 | ov_094 | 1.1794382046804286 × 10^342 |
| 95 | aaa_78_28 | 3.768054144475717 × 10^341 |
| 96 | aaa_78_29 | 1.4137912232321953 × 10^341 |
| 97 | ov_097 | 1.3517848030685458 × 10^341 |
| 98 | ov_098 | 1.351780991529804 × 10^341 |
| 99 | ov_099 | 1.351780068742617 × 10^341 |
| 100 | ov_100 | 1.179156108329698 × 10^341 |
| 101 | ov_101 | 1.0243359178261734 × 10^341 |
| 102 | ov_102 | 8.85885710227058 × 10^340 |
| 103 | ov_103 | 7.624520824699526 × 10^340 |
| 104 | ov_104 | 6.527566030391579 × 10^340 |
| 105 | ov_105 | 5.5559105228725226 × 10^340 |
| 106 | ov_106 | 4.698132369778379 × 10^340 |
| 107 | ov_107 | 3.943433090298366 × 10^340 |
| 108 | ov_108 | 3.281605347276553 × 10^340 |
| 109 | ov_109 | 2.7030047606899116 × 10^340 |
| 110 | ov_110 | 2.2029466037816088 × 10^340 |
| 111 | ov_111 | 1.7770097953989654 × 10^340 |
| 112 | ov_112 | 1.417106237875032 × 10^340 |
| 113 | ov_113 | 1.11563314542546 × 10^340 |
| 114 | ov_114 | 8.654610429884212 × 10^339 |
| 115 | ov_115 | 6.599242235435169 × 10^339 |
| 116 | ov_116 | 4.928133639588373 × 10^339 |
| 117 | ov_117 | 3.5836995673794456 × 10^339 |
| 118 | ov_118 | 2.538268585560991 × 10^339 |
| 119 | ov_119 | 1.743161223886271 × 10^339 |
| 120 | ov_120 | 1.1541165262308778 × 10^339 |
| 121 | ov_121 | 7.312791947082389 × 10^338 |
| 122 | ov_122 | 4.391917262945906 × 10^338 |
| 123 | ov_123 | 2.467899508609176 × 10^338 |
| 124 | ov_124 | 1.2740072522281122 × 10^338 |
| 125 | ov_125 | 5.8740873469418716 × 10^337 |
| 126 | ov_126 | 2.2916768618906704 × 10^337 |
| 127 | aaa_77_28 | 6.424197765608114 × 10^336 |
| 128 | aaa_77_29 | 1.955190046064324 × 10^336 |
| 129 | ov_129 | 1.1653236394099344 × 10^336 |
| 130 | ov_130 | 1.1653198353560404 × 10^336 |
| 131 | ov_131 | 1.1653189129706502 × 10^336 |
| 132 | ov_132 | 1.0169905482314236 × 10^336 |
| 133 | ov_133 | 8.847257822989354 × 10^335 |
| 134 | ov_134 | 7.671043868835018 × 10^335 |
| 135 | ov_135 | 6.627866689585058 × 10^335 |
| 136 | ov_136 | 5.705079502180876 × 10^335 |
| 137 | ov_137 | 4.890736611172739 × 10^335 |
| 138 | ov_138 | 4.173549900407098 × 10^335 |
| 139 | ov_139 | 3.5428504510895995 × 10^335 |
| 140 | ov_140 | 2.98855493045441 × 10^335 |
| 141 | ov_141 | 2.5011364152352694 × 10^335 |
| 142 | ov_142 | 2.0715993334315982 × 10^335 |
| 143 | ov_143 | 1.6955758523797562 × 10^335 |
| 144 | ov_144 | 1.3689483463229054 × 10^335 |
| 145 | ov_145 | 1.0878413996266084 × 10^335 |
| 146 | ov_146 | 8.486153595676145 × 10^334 |
| 147 | ov_147 | 6.47861241943578 × 10^334 |
| 148 | ov_148 | 4.823967808272104 × 10^334 |
| 149 | ov_149 | 3.492634311227986 × 10^334 |
| 150 | ov_150 | 2.4572414985764985 × 10^334 |
| 151 | ov_151 | 1.6696345253580824 × 10^334 |
| 152 | ov_152 | 1.0860268165819091 × 10^334 |
| 153 | ov_153 | 6.66987620865099 × 10^333 |
| 154 | ov_154 | 3.7743417472229547 × 10^333 |
| 155 | ov_155 | 1.8662717932376946 × 10^333 |
| 156 | aaa_76_25 | 6.816849843054299 × 10^332 |
| 157 | aaa_76_26 | 3.55967931865957 × 10^332 |
| 158 | aaa_76_27 | 1.640408800869486 × 10^332 |
| 159 | aaa_76_28 | 6.396759520049345 × 10^331 |
| 160 | aaa_76_29 | 1.9490785652306046 × 10^331 |

### Output Bits Sorted by Complexity

| Rank | Output Bit | Complexity |
|:----:|:----------:|:----------:|
| 160 | aaa_76_29 | 1.9490785652306046 × 10^331 |
| 159 | aaa_76_28 | 6.396759520049345 × 10^331 |
| 158 | aaa_76_27 | 1.640408800869486 × 10^332 |
| 157 | aaa_76_26 | 3.55967931865957 × 10^332 |
| 156 | aaa_76_25 | 6.816849843054299 × 10^332 |
| 155 | ov_155 | 1.8662717932376946 × 10^333 |
| 154 | ov_154 | 3.7743417472229547 × 10^333 |
| 153 | ov_153 | 6.66987620865099 × 10^333 |
| 152 | ov_152 | 1.0860268165819091 × 10^334 |
| 151 | ov_151 | 1.6696345253580824 × 10^334 |
| 150 | ov_150 | 2.4572414985764985 × 10^334 |
| 149 | ov_149 | 3.492634311227986 × 10^334 |
| 148 | ov_148 | 4.823967808272104 × 10^334 |
| 147 | ov_147 | 6.47861241943578 × 10^334 |
| 146 | ov_146 | 8.486153595676145 × 10^334 |
| 145 | ov_145 | 1.0878413996266084 × 10^335 |
| 144 | ov_144 | 1.3689483463229054 × 10^335 |
| 143 | ov_143 | 1.6955758523797562 × 10^335 |
| 142 | ov_142 | 2.0715993334315982 × 10^335 |
| 141 | ov_141 | 2.5011364152352694 × 10^335 |
| 140 | ov_140 | 2.98855493045441 × 10^335 |
| 139 | ov_139 | 3.5428504510895995 × 10^335 |
| 138 | ov_138 | 4.173549900407098 × 10^335 |
| 137 | ov_137 | 4.890736611172739 × 10^335 |
| 136 | ov_136 | 5.705079502180876 × 10^335 |
| 135 | ov_135 | 6.627866689585058 × 10^335 |
| 134 | ov_134 | 7.671043868835018 × 10^335 |
| 133 | ov_133 | 8.847257822989354 × 10^335 |
| 132 | ov_132 | 1.0169905482314236 × 10^336 |
| 131 | ov_131 | 1.1653189129706502 × 10^336 |
| 130 | ov_130 | 1.1653198353560404 × 10^336 |
| 129 | ov_129 | 1.1653236394099344 × 10^336 |
| 128 | aaa_77_29 | 1.955190046064324 × 10^336 |
| 127 | aaa_77_28 | 6.424197765608114 × 10^336 |
| 126 | ov_126 | 2.2916768618906704 × 10^337 |
| 125 | ov_125 | 5.8740873469418716 × 10^337 |
| 124 | ov_124 | 1.2740072522281122 × 10^338 |
| 123 | ov_123 | 2.467899508609176 × 10^338 |
| 122 | ov_122 | 4.391917262945906 × 10^338 |
| 121 | ov_121 | 7.312791947082389 × 10^338 |
| 120 | ov_120 | 1.1541165262308778 × 10^339 |
| 119 | ov_119 | 1.743161223886271 × 10^339 |
| 118 | ov_118 | 2.538268585560991 × 10^339 |
| 117 | ov_117 | 3.5836995673794456 × 10^339 |
| 116 | ov_116 | 4.928133639588373 × 10^339 |
| 115 | ov_115 | 6.599242235435169 × 10^339 |
| 114 | ov_114 | 8.654610429884212 × 10^339 |
| 113 | ov_113 | 1.11563314542546 × 10^340 |
| 112 | ov_112 | 1.417106237875032 × 10^340 |
| 111 | ov_111 | 1.7770097953989654 × 10^340 |
| 110 | ov_110 | 2.2029466037816088 × 10^340 |
| 109 | ov_109 | 2.7030047606899116 × 10^340 |
| 108 | ov_108 | 3.281605347276553 × 10^340 |
| 107 | ov_107 | 3.943433090298366 × 10^340 |
| 106 | ov_106 | 4.698132369778379 × 10^340 |
| 105 | ov_105 | 5.5559105228725226 × 10^340 |
| 104 | ov_104 | 6.527566030391579 × 10^340 |
| 103 | ov_103 | 7.624520824699526 × 10^340 |
| 102 | ov_102 | 8.85885710227058 × 10^340 |
| 101 | ov_101 | 1.0243359178261734 × 10^341 |
| 100 | ov_100 | 1.179156108329698 × 10^341 |
| 99 | ov_099 | 1.351780068742617 × 10^341 |
| 98 | ov_098 | 1.351780991529804 × 10^341 |
| 97 | ov_097 | 1.3517848030685458 × 10^341 |
| 96 | aaa_78_29 | 1.4137912232321953 × 10^341 |
| 95 | aaa_78_28 | 3.768054144475717 × 10^341 |
| 94 | ov_094 | 1.1794382046804286 × 10^342 |
| 93 | ov_093 | 2.6483063585273477 × 10^342 |
| 92 | ov_092 | 5.041080827130336 × 10^342 |
| 91 | ov_091 | 8.615435374311913 × 10^342 |
| 90 | ov_090 | 1.3629054484585372 × 10^343 |
| 89 | ov_089 | 2.033965394651685 × 10^343 |
| 88 | ov_088 | 2.900502479400656 × 10^343 |
| 87 | ov_087 | 3.988311487869971 × 10^343 |
| 86 | ov_086 | 5.3232164609014476 × 10^343 |
| 85 | ov_085 | 6.931091426539014 × 10^343 |
| 64 | lv_79_m31 | 8.330360598348999 × 10^343 |
| 84 | ov_084 | 8.83789004504088 × 10^343 |
| 83 | ov_083 | 1.1069685923422412 × 10^344 |
| 82 | ov_082 | 1.3652725356030142 × 10^344 |
| 81 | ov_081 | 1.661349424868155 × 10^344 |
| 80 | ov_080 | 1.9978800985837657 × 10^344 |
| 79 | ov_079 | 2.377587700358006 × 10^344 |
| 78 | ov_078 | 2.803249429186658 × 10^344 |
| 77 | ov_077 | 3.2777099057683174 × 10^344 |
| 76 | ov_076 | 3.80389658818421 × 10^344 |
| 63 | ov_063 | 4.237407510133735 × 10^344 |
| 75 | ov_075 | 4.384837671885931 × 10^344 |
| 74 | ov_074 | 5.023682656736299 × 10^344 |
| 73 | ov_073 | 5.723725766832632 × 10^344 |
| 72 | ov_072 | 6.488432412684817 × 10^344 |
| 71 | ov_071 | 7.321468473442323 × 10^344 |
| 70 | ov_070 | 8.226731740665063 × 10^344 |
| 69 | ov_069 | 9.208385705633566 × 10^344 |
| 68 | ov_068 | 1.0270896764792164 × 10^345 |
| 67 | ov_067 | 1.1419075510999313 × 10^345 |
| 66 | ov_066 | 1.1419185206478734 × 10^345 |
| 65 | ov_065 | 1.1419528031065368 × 10^345 |
| 62 | ov_062 | 2.15523371026715 × 10^345 |
| 61 | ov_061 | 7.794212574202063 × 10^345 |
| 60 | ov_060 | 2.2141512601694566 × 10^346 |
| 59 | ov_059 | 5.304375763664671 × 10^346 |
| 58 | ov_058 | 1.1184413226091606 × 10^347 |
| 57 | ov_057 | 2.1349747725372175 × 10^347 |
| 56 | ov_056 | 3.765712051437425 × 10^347 |
| 55 | ov_055 | 6.23247692974125 × 10^347 |
| 54 | ov_054 | 9.793294328601075 × 10^347 |
| 53 | ov_053 | 1.4742486189980113 × 10^348 |
| 52 | ov_052 | 2.141083113703357 × 10^348 |
| 51 | ov_051 | 3.0165808369059916 × 10^348 |
| 50 | ov_050 | 4.141194640900199 × 10^348 |
| 49 | ov_049 | 5.559129732361762 × 10^348 |
| 48 | ov_048 | 7.318405704115682 × 10^348 |
| 32 | lv_80_m31 | 9.262385161491374 × 10^348 |
| 47 | ov_047 | 9.47093524019394 × 10^348 |
| 46 | ov_046 | 1.2072621559732792 × 10^349 |
| 45 | ov_045 | 1.5183476668651204 × 10^349 |
| 44 | ov_044 | 1.8867762493469604 × 10^349 |
| 43 | ov_043 | 2.316094439968076 × 10^349 |
| 42 | ov_042 | 2.8100844144554436 × 10^349 |
| 41 | ov_041 | 3.3727758599168105 × 10^349 |
| 40 | ov_040 | 4.012489153063802 × 10^349 |
| 39 | ov_039 | 4.738081894705407 × 10^349 |
| 31 | ov_031 | 4.747210148864801 × 10^349 |
| 38 | ov_038 | 5.558981187210385 × 10^349 |
| 37 | ov_037 | 6.485219704456296 × 10^349 |
| 36 | ov_036 | 7.527475785570424 × 10^349 |
| 35 | ov_035 | 8.697117791167505 × 10^349 |
| 34 | ov_034 | 1.000625296973147 × 10^350 |
| 33 | ov_033 | 1.1467781092494327 × 10^350 |
| 30 | ov_030 | 2.432750694785546 × 10^350 |
| 29 | ov_029 | 8.859393240910883 × 10^350 |
| 28 | ov_028 | 2.5340185595893315 × 10^351 |
| 27 | ov_027 | 6.110168537287607 × 10^351 |
| 26 | ov_026 | 1.295808488097445 × 10^352 |
| 25 | ov_025 | 2.4857121376853175 × 10^352 |
| 24 | ov_024 | 4.4022301936000546 × 10^352 |
| 23 | ov_023 | 7.3104357428389544 × 10^352 |
| 22 | ov_022 | 1.1518981832288048 × 10^353 |
| 21 | ov_021 | 1.7380121493723478 × 10^353 |
| 20 | ov_020 | 2.528974626253161 × 10^353 |
| 19 | ov_019 | 3.56874537211657 × 10^353 |
| 18 | ov_018 | 4.90566574767781 × 10^353 |
| 17 | ov_017 | 6.592475587390559 × 10^353 |
| 16 | ov_016 | 8.686337863783756 × 10^353 |
| 15 | ov_015 | 1.1248873354530624 × 10^354 |
| 14 | ov_014 | 1.434620781307682 × 10^354 |
| 13 | ov_013 | 1.8049034436473005 × 10^354 |
| 12 | ov_012 | 2.243269471928734 × 10^354 |
| 11 | ov_011 | 2.7577281081036783 × 10^354 |
| 10 | ov_010 | 3.356776495755912 × 10^354 |
| 9 | ov_009 | 4.0450431160385606 × 10^354 |
| 8 | ov_008 | 4.827423078746307 × 10^354 |
| 7 | ov_007 | 5.71398574004833 × 10^354 |
| 6 | ov_006 | 6.715373502162526 × 10^354 |
| 5 | ov_005 | 7.842833797100248 × 10^354 |
| 4 | ov_004 | 9.108256097751495 × 10^354 |
| 3 | ov_003 | 1.052421430933858 × 10^355 |
| 2 | ov_002 | 1.2104015038141192 × 10^355 |
| 1 | ov_001 | 1.3861752387403466 × 10^355 |

