# Results for F001-F002-F003-F004-F005-F006-F007-F008-F009-F010-F011-F012-F013-F014-F015-F016-F017-F018-F019-F020-F021-F022-F023-F024-F025-F026-F027-F028-F029-F030-F031-F032-F033-F034-F035-F036-F037-F038-F039-F040-F041-F042-F043-F044-F045-F046-F047-F048-F049-F050-F051-F052-F053-F054-F055-F056-F057-F058-F059-F060-F061-F062-F063-F064-F065-F066-F067-F068-F069-F070-F071-F072-F073-F074-F075-F076-F077-F078-F079-F080-F081-F082-F083-F084-F085-F086-F087-F088-F089-F090-F091-F092-F093-F094-F095-F096-F097-F098-F099-F100-F101-F102-F103-F104-F105-F106-F107-F108-F109-F110-F111-F112-F113-F114-F115-F116-F117-F118-F119-F120-F121-F122-F123-F124-F125-F126-F127-F128-F129-F130-F131-F132-F133-F134-F135-F136-F137-F138-F139-F140-F141-F142-F143-F144-F145-F146-F147-F148-F149-F150-F151-F152-F153-F154-F155-F156-F157-F158-F159-F160-F161-F162-F163-F164-F165-F166-F167-F168-F169-F170-F171-F172-F173-F174-F175-F176-F177-F178-F179-F180-F181-F182-F183-F184-F185-F186-F187-F188-F189-F190-F191-F192-F193-F194-F195-F196-F197-F198-F199-F200-F201-F202-F203-F204-F205-F206-F207-F208-F209-F210-F211-F212-F213-F214-F215-F216-F217-F218-F219-F220-F221-F222-F223-F224-F225-F226-F227-F228-F229-F230-F231-F232-F233-F234-F235-F236-F237-F238-F239-F240-F241-F242-F243-F244-F245-F246-F247-F248-F249-F250-F251-F252-F253-F254-F255-F256-F257-F258-F259-F260-F261-F262-F263-F264-F265-F266-F267-F268-F269-F270-F271-F272-F273-F274-F275-F276-F277-F278-F279-F280-F281-F282-F283-F284-F285-F286-F287-F288-F289-F290-F291-F292-F293-F294-F295-F296-F297-F298-F299-F300-F301-F302-F303-F304-F305-F306-F307-F308-F309-F310-F311-F312-F313-F314-F315-F316-F317-F318-F319-F320-F321-F322-F323-F324-F325-F326-F327-F328-F329-F330-F331-F332-F333-F334-F335-F336-F337-F338-F339-F340-F341-F342-F343-F344-F345-F346-F347-F348-F349-F350-F351-F352-F353-F354-F355-F356-F357-F358-F359-F360-F361-F362-F363-F364-F365-F366-F367-F368-F369-F370-F371-F372-F373-F374-F375-F376-F377-F378-F379-F380-F381-F382-F383-F384-F385-F386-F387-F388-F389-F390-F391-F392-F393-F394-F395-F396-F397-F398-F399-F400-F401-F402-F403-F404-F405-F406-F407-F408-F409-F410-F411-F412-F413-F414-F415-F416-F417-F418-F419-F420-F421-F422-F423-F424-F425-F426-F427-F428-F429-F430-F431-F432-F433-F434-F435-F436-F437-F438-F439-F440-F441-F442-F443-F444-F445-F446-F447-F448-F449-F450-F451-F452-F453-F454-F455-F456-F457-F458-F459-F460-F461-F462-F463-F464-F465-F466-F467-F468-F469-F470-F471-F472-F473-F474-F475-F476-F477-F478-F479-F480-F481-F482-F483-F484-F485-F486-F487-F488-F489-F490-F491-F492-F493-F494-F495-F496-F497-F509-F512

## Summary

Number of input bits: 512  
Number of free input bits: 13  
Number of output bits: 160

Number of direct occurrences: 53003  
Number of assignments: 31547  
Number of operations: 11136997
(xor: 11108503,
and: 15039,
or: 13455)

Total complexity: 2.9428506003856127 × 10^300

Least occurring input variable: iv_502 (3892)  
Most occurring input variable: iv_510 (4273)

Most co-occurring input variables: iv_500-iv_511 (2078)  
Least co-occurring input variables: iv_498-iv_502 (1762)

Potentially most occurring input variable: iv_507/iv_510 (4514)  
Potentially least occurring input variable: iv_499/iv_508 (4104)

Least output occurring input variable: iv_510 (74)  
Most output occurring input variable: iv_498 (88)

Most output co-occurring input variables: iv_506-iv_508 (48)  
Least output co-occurring input variables: iv_502-iv_503 (32)

Potentially most output occurring input variable: iv_502/iv_503 (96)  
Potentially least output occurring input variable: iv_505/iv_507 (61)

Least complex input bit: iv_511 (1.8048069943028063 × 10^297)  
Most complex input bit: iv_510 (5.842025592771097 × 10^299)

Least complex output bit: aaa_76_29 (5.294627946255219 × 10^275)  
Most complex output bit: ov_001 (4.603226417187398 × 10^299)

Least complex input/output complexity: iv_511/aaa_76_29 (3.247117454205925 × 10^272)  
Most complex input/output complexity: iv_510/ov_001 (9.13813515881674 × 10^298)

## Input Bits

### Input Bits in Regular Order

| Input Bit | Complexity | Occurrences | Output Occurrences |
|:---------:|:----------:|:-----------:|:------------------:|
| iv_498 | 1.0287328583211592 × 10^298 | 3959 | 88 |
| iv_499 | 2.1014625686816139 × 10^298 | 3972 | 81 |
| iv_500 | 3.912789767612091 × 10^298 | 4115 | 76 |
| iv_501 | 7.093989546267634 × 10^298 | 4057 | 79 |
| iv_502 | 1.211460558575845 × 10^299 | 3892 | 82 |
| iv_503 | 1.990346590385681 × 10^299 | 4150 | 78 |
| iv_504 | 3.168295090886141 × 10^299 | 3936 | 78 |
| iv_505 | 4.911053134147157 × 10^299 | 4124 | 79 |
| iv_506 | 2.524708329153849 × 10^299 | 3960 | 82 |
| iv_507 | 3.5961710469402715 × 10^299 | 4187 | 76 |
| iv_508 | 4.752700116964868 × 10^299 | 4148 | 86 |
| iv_510 | 5.842025592771097 × 10^299 | 4273 | 74 |
| iv_511 | 1.8048069943028063 × 10^297 | 4230 | 80 |

### Input Bits Sorted by Complexity

| Input Bit | Complexity | Occurrences | Output Occurrences |
|:---------:|:----------:|:-----------:|:------------------:|
| iv_511 | 1.8048069943028063 × 10^297 | 4230 | 80 |
| iv_498 | 1.0287328583211592 × 10^298 | 3959 | 88 |
| iv_499 | 2.1014625686816139 × 10^298 | 3972 | 81 |
| iv_500 | 3.912789767612091 × 10^298 | 4115 | 76 |
| iv_501 | 7.093989546267634 × 10^298 | 4057 | 79 |
| iv_502 | 1.211460558575845 × 10^299 | 3892 | 82 |
| iv_503 | 1.990346590385681 × 10^299 | 4150 | 78 |
| iv_506 | 2.524708329153849 × 10^299 | 3960 | 82 |
| iv_504 | 3.168295090886141 × 10^299 | 3936 | 78 |
| iv_507 | 3.5961710469402715 × 10^299 | 4187 | 76 |
| iv_508 | 4.752700116964868 × 10^299 | 4148 | 86 |
| iv_505 | 4.911053134147157 × 10^299 | 4124 | 79 |
| iv_510 | 5.842025592771097 × 10^299 | 4273 | 74 |

### Input Bits Sorted by Occurrences

| Input Bit | Complexity | Occurrences | Output Occurrences |
|:---------:|:----------:|:-----------:|:------------------:|
| iv_502 | 1.211460558575845 × 10^299 | 3892 | 82 |
| iv_504 | 3.168295090886141 × 10^299 | 3936 | 78 |
| iv_498 | 1.0287328583211592 × 10^298 | 3959 | 88 |
| iv_506 | 2.524708329153849 × 10^299 | 3960 | 82 |
| iv_499 | 2.1014625686816139 × 10^298 | 3972 | 81 |
| iv_501 | 7.093989546267634 × 10^298 | 4057 | 79 |
| iv_500 | 3.912789767612091 × 10^298 | 4115 | 76 |
| iv_505 | 4.911053134147157 × 10^299 | 4124 | 79 |
| iv_508 | 4.752700116964868 × 10^299 | 4148 | 86 |
| iv_503 | 1.990346590385681 × 10^299 | 4150 | 78 |
| iv_507 | 3.5961710469402715 × 10^299 | 4187 | 76 |
| iv_511 | 1.8048069943028063 × 10^297 | 4230 | 80 |
| iv_510 | 5.842025592771097 × 10^299 | 4273 | 74 |

### Input Bits Sorted by Output Occurrences

| Input Bit | Complexity | Occurrences | Output Occurrences |
|:---------:|:----------:|:-----------:|:------------------:|
| iv_510 | 5.842025592771097 × 10^299 | 4273 | 74 |
| iv_500 | 3.912789767612091 × 10^298 | 4115 | 76 |
| iv_507 | 3.5961710469402715 × 10^299 | 4187 | 76 |
| iv_503 | 1.990346590385681 × 10^299 | 4150 | 78 |
| iv_504 | 3.168295090886141 × 10^299 | 3936 | 78 |
| iv_501 | 7.093989546267634 × 10^298 | 4057 | 79 |
| iv_505 | 4.911053134147157 × 10^299 | 4124 | 79 |
| iv_511 | 1.8048069943028063 × 10^297 | 4230 | 80 |
| iv_499 | 2.1014625686816139 × 10^298 | 3972 | 81 |
| iv_502 | 1.211460558575845 × 10^299 | 3892 | 82 |
| iv_506 | 2.524708329153849 × 10^299 | 3960 | 82 |
| iv_508 | 4.752700116964868 × 10^299 | 4148 | 86 |
| iv_498 | 1.0287328583211592 × 10^298 | 3959 | 88 |

## Input Bit Co-occurrences

### Input Bit Co-occurrences Sorted by Co-occurrences

| Input Bits | Co-occurrences | Potential Occurrences | Output Co-occurrences | Potential Output Occurrences |
|:----------:|:--------------:|:---------------------:|:---------------------:|:----------------------------:|
| iv_500-iv_511 | 2078 | 4189 | 38 | 80 |
| iv_510-iv_511 | 2073 | 4357 | 39 | 76 |
| iv_508-iv_511 | 2068 | 4242 | 43 | 80 |
| iv_507-iv_508 | 2067 | 4201 | 44 | 74 |
| iv_500-iv_510 | 2059 | 4270 | 38 | 74 |
| iv_505-iv_510 | 2055 | 4287 | 34 | 85 |
| iv_501-iv_511 | 2054 | 4179 | 41 | 77 |
| iv_508-iv_510 | 2046 | 4329 | 36 | 88 |
| iv_503-iv_508 | 2028 | 4242 | 42 | 80 |
| iv_500-iv_508 | 2026 | 4211 | 38 | 86 |
| iv_503-iv_511 | 2025 | 4330 | 37 | 84 |
| iv_503-iv_510 | 2025 | 4373 | 38 | 76 |
| iv_505-iv_511 | 2014 | 4326 | 40 | 79 |

### Input Bit Co-occurrences Sorted by Potential Occurrences

| Input Bits | Co-occurrences | Potential Occurrences | Output Co-occurrences | Potential Output Occurrences |
|:----------:|:--------------:|:---------------------:|:---------------------:|:----------------------------:|
| iv_499-iv_508 | 2008 | 4104 | 46 | 75 |
| iv_504-iv_508 | 1988 | 4108 | 43 | 78 |
| iv_502-iv_505 | 1936 | 4144 | 43 | 75 |
| iv_504-iv_506 | 1876 | 4144 | 42 | 76 |
| iv_506-iv_507 | 1995 | 4157 | 39 | 80 |
| iv_499-iv_504 | 1867 | 4174 | 38 | 83 |
| iv_501-iv_511 | 2054 | 4179 | 41 | 77 |
| iv_498-iv_501 | 1918 | 4180 | 40 | 87 |
| iv_502-iv_508 | 1928 | 4184 | 41 | 86 |
| iv_500-iv_511 | 2078 | 4189 | 38 | 80 |
| iv_506-iv_508 | 1957 | 4194 | 48 | 72 |
| iv_507-iv_508 | 2067 | 4201 | 44 | 74 |
| iv_499-iv_501 | 1913 | 4203 | 37 | 86 |

### Input Bit Output Co-occurrences Sorted by Output Co-occurrences

| Input Bits | Co-occurrences | Potential Occurrences | Output Co-occurrences | Potential Output Occurrences |
|:----------:|:--------------:|:---------------------:|:---------------------:|:----------------------------:|
| iv_498-iv_499 | 1830 | 4271 | 48 | 73 |
| iv_506-iv_508 | 1957 | 4194 | 48 | 72 |
| iv_498-iv_508 | 1939 | 4229 | 47 | 80 |
| iv_505-iv_507 | 1947 | 4417 | 47 | 61 |
| iv_498-iv_502 | 1762 | 4327 | 46 | 78 |
| iv_498-iv_504 | 1845 | 4205 | 46 | 74 |
| iv_499-iv_508 | 2008 | 4104 | 46 | 75 |
| iv_502-iv_511 | 1921 | 4280 | 45 | 72 |
| iv_498-iv_505 | 1886 | 4311 | 44 | 79 |
| iv_502-iv_506 | 1817 | 4218 | 44 | 76 |
| iv_507-iv_508 | 2067 | 4201 | 44 | 74 |
| iv_502-iv_505 | 1936 | 4144 | 43 | 75 |
| iv_504-iv_508 | 1988 | 4108 | 43 | 78 |

### Input Bit Output Co-occurrences Sorted by Potential Output Occurrences

| Input Bits | Co-occurrences | Potential Occurrences | Output Co-occurrences | Potential Output Occurrences |
|:----------:|:--------------:|:---------------------:|:---------------------:|:----------------------------:|
| iv_505-iv_507 | 1947 | 4417 | 47 | 61 |
| iv_502-iv_511 | 1921 | 4280 | 45 | 72 |
| iv_506-iv_508 | 1957 | 4194 | 48 | 72 |
| iv_498-iv_499 | 1830 | 4271 | 48 | 73 |
| iv_499-iv_500 | 1896 | 4295 | 42 | 73 |
| iv_500-iv_501 | 1961 | 4250 | 41 | 73 |
| iv_501-iv_510 | 1939 | 4452 | 40 | 73 |
| iv_498-iv_504 | 1845 | 4205 | 46 | 74 |
| iv_500-iv_510 | 2059 | 4270 | 38 | 74 |
| iv_502-iv_507 | 1899 | 4281 | 42 | 74 |
| iv_507-iv_508 | 2067 | 4201 | 44 | 74 |
| iv_502-iv_505 | 1936 | 4144 | 43 | 75 |
| iv_499-iv_508 | 2008 | 4104 | 46 | 75 |

## Output Bits

### Output Bits in Regular Order

| Rank | Output Bit | Complexity |
|:----:|:----------:|:----------:|
| 1 | ov_001 | 4.603226417187398 × 10^299 |
| 2 | ov_002 | 4.005406499112315 × 10^299 |
| 3 | ov_003 | 3.468688565897184 × 10^299 |
| 4 | ov_004 | 2.988495317869925 × 10^299 |
| 5 | ov_005 | 2.560499582491981 × 10^299 |
| 6 | ov_006 | 2.180606549745869 × 10^299 |
| 7 | ov_007 | 1.8449383227809166 × 10^299 |
| 8 | ov_008 | 1.5498206029484885 × 10^299 |
| 9 | ov_009 | 1.2917713124601697 × 10^299 |
| 10 | ov_010 | 1.0674909554700138 × 10^299 |
| 11 | ov_011 | 8.738545294917904 × 10^298 |
| 12 | ov_012 | 7.079048098880158 × 10^298 |
| 13 | ov_013 | 5.668468407671383 × 10^298 |
| 14 | ov_014 | 4.4804347604788216 × 10^298 |
| 15 | ov_015 | 3.4901182473684703 × 10^298 |
| 16 | ov_016 | 2.674204646513703 × 10^298 |
| 17 | ov_017 | 2.0108729893218843 × 10^298 |
| 18 | ov_018 | 1.4797793975159075 × 10^298 |
| 19 | ov_019 | 1.0620451364932663 × 10^298 |
| 20 | ov_020 | 7.402479765701632 × 10^297 |
| 21 | ov_021 | 4.984161481068562 × 10^297 |
| 22 | ov_022 | 3.2202427633136856 × 10^297 |
| 23 | ov_023 | 1.9799071550732114 × 10^297 |
| 24 | ov_024 | 1.1467583398460491 × 10^297 |
| 25 | ov_025 | 6.188096209550908 × 10^296 |
| 26 | ov_026 | 3.0847799498051493 × 10^296 |
| 27 | ov_027 | 1.425812234806699 × 10^296 |
| 28 | ov_028 | 6.233663748920012 × 10^295 |
| 29 | ov_029 | 2.3360752551659166 × 10^295 |
| 30 | ov_030 | 7.061602570859448 × 10^294 |
| 31 | ov_031 | 1.5631365041123612 × 10^294 |
| 32 | lv_80_m31 | 3.0479001980795593 × 10^293 |
| 33 | ov_033 | 3.658289295464299 × 10^294 |
| 34 | ov_034 | 3.174668210302664 × 10^294 |
| 35 | ov_035 | 2.7414846762827038 × 10^294 |
| 36 | ov_036 | 2.3547773572382044 × 10^294 |
| 37 | ov_037 | 2.0108009324477577 × 10^294 |
| 38 | ov_038 | 1.7060109126168446 × 10^294 |
| 39 | ov_039 | 1.4370504528520872 × 10^294 |
| 40 | ov_040 | 1.2007389729827381 × 10^294 |
| 41 | ov_041 | 9.940624071503206 × 10^293 |
| 42 | ov_042 | 8.15554228642396 × 10^293 |
| 43 | ov_043 | 6.625098409368115 × 10^293 |
| 44 | ov_044 | 5.323700667921432 × 10^293 |
| 45 | ov_045 | 4.227163459028384 × 10^293 |
| 46 | ov_046 | 3.3126682631921254 × 10^293 |
| 47 | ov_047 | 2.5587323068933536 × 10^293 |
| 48 | ov_048 | 1.9451838708588423 × 10^293 |
| 49 | ov_049 | 1.4531432269075967 × 10^293 |
| 50 | ov_050 | 1.0650082696285691 × 10^293 |
| 51 | ov_051 | 7.64443991445696 × 10^292 |
| 52 | ov_052 | 5.363750310045509 × 10^292 |
| 53 | ov_053 | 3.669806055253826 × 10^292 |
| 54 | ov_054 | 2.436912180194135 × 10^292 |
| 55 | ov_055 | 1.5518661022328048 × 10^292 |
| 56 | ov_056 | 9.611876937266075 × 10^291 |
| 57 | ov_057 | 5.766272924811536 × 10^291 |
| 58 | ov_058 | 3.2240413605911136 × 10^291 |
| 59 | ov_059 | 1.637447306571107 × 10^291 |
| 60 | ov_060 | 7.210873713691981 × 10^290 |
| 61 | ov_061 | 2.5188731995217613 × 10^290 |
| 62 | ov_062 | 6.910138227310363 × 10^289 |
| 63 | ov_063 | 1.3469428790616416 × 10^289 |
| 64 | lv_79_m31 | 2.6249706126307994 × 10^288 |
| 65 | ov_065 | 3.156610275352553 × 10^289 |
| 66 | ov_066 | 3.156600880784847 × 10^289 |
| 67 | ov_067 | 3.1565985816275564 × 10^289 |
| 68 | ov_068 | 2.7366242254720125 × 10^289 |
| 69 | ov_069 | 2.3611424509607404 × 10^289 |
| 70 | ov_070 | 2.0265942786260646 × 10^289 |
| 71 | ov_071 | 1.7296396454867182 × 10^289 |
| 72 | ov_072 | 1.4671425839208126 × 10^289 |
| 73 | ov_073 | 1.236157712284144 × 10^289 |
| 74 | ov_074 | 1.0339179674698858 × 10^289 |
| 75 | ov_075 | 8.57823512352953 × 10^288 |
| 76 | ov_076 | 7.054317533321398 × 10^288 |
| 77 | ov_077 | 5.744484050343253 × 10^288 |
| 78 | ov_078 | 4.627195407326973 × 10^288 |
| 79 | ov_079 | 3.682245682062546 × 10^288 |
| 80 | ov_080 | 2.890700716782117 × 10^288 |
| 81 | ov_081 | 2.234844611599948 × 10^288 |
| 82 | ov_082 | 1.6981337103511075 × 10^288 |
| 83 | ov_083 | 1.265157500793938 × 10^288 |
| 84 | ov_084 | 9.216058536328334 × 10^287 |
| 85 | ov_085 | 6.542420264642917 × 10^287 |
| 86 | ov_086 | 4.5088085979622865 × 10^287 |
| 87 | ov_087 | 3.0037159293642925 × 10^287 |
| 88 | ov_088 | 1.9258472793375315 × 10^287 |
| 89 | ov_089 | 1.1840236997903058 × 10^287 |
| 90 | ov_090 | 6.971147279295863 × 10^286 |
| 91 | ov_091 | 3.9399417588187423 × 10^286 |
| 92 | ov_092 | 2.1351359009661 × 10^286 |
| 93 | ov_093 | 1.0448799709184924 × 10^286 |
| 94 | ov_094 | 4.381460535531439 × 10^285 |
| 95 | aaa_78_28 | 1.3368093707130906 × 10^285 |
| 96 | aaa_78_29 | 4.777577906096229 × 10^284 |
| 97 | ov_097 | 3.154276723000018 × 10^284 |
| 98 | ov_098 | 3.1541819781746283 × 10^284 |
| 99 | ov_099 | 3.1541516906680414 × 10^284 |
| 100 | ov_100 | 2.838008310646296 × 10^284 |
| 101 | ov_101 | 2.5452730040969276 × 10^284 |
| 102 | ov_102 | 2.27465093554965 × 10^284 |
| 103 | ov_103 | 2.0249413528443235 × 10^284 |
| 104 | ov_104 | 1.795025623590008 × 10^284 |
| 105 | ov_105 | 1.583856344094301 × 10^284 |
| 106 | ov_106 | 1.3904474645308627 × 10^284 |
| 107 | ov_107 | 1.2138653762509776 × 10^284 |
| 108 | ov_108 | 1.0532209088851394 × 10^284 |
| 109 | ov_109 | 9.076621862769896 × 10^283 |
| 110 | ov_110 | 7.763682913934967 × 10^283 |
| 111 | ov_111 | 6.585436912051396 × 10^283 |
| 112 | ov_112 | 5.534133731692027 × 10^283 |
| 113 | ov_113 | 4.602186454160037 × 10^283 |
| 114 | ov_114 | 3.782135530665517 × 10^283 |
| 115 | ov_115 | 3.0666186333210067 × 10^283 |
| 116 | ov_116 | 2.4483457218908503 × 10^283 |
| 117 | ov_117 | 1.920078855103662 × 10^283 |
| 118 | ov_118 | 1.474616275840342 × 10^283 |
| 119 | ov_119 | 1.104780299784257 × 10^283 |
| 120 | ov_120 | 8.034085372675109 × 10^282 |
| 121 | ov_121 | 5.633479781283617 × 10^282 |
| 122 | ov_122 | 3.774512584814219 × 10^282 |
| 123 | ov_123 | 2.3857427612937667 × 10^282 |
| 124 | ov_124 | 1.3957464983684148 × 10^282 |
| 125 | ov_125 | 7.33107913157268 × 10^281 |
| 126 | ov_126 | 3.264140241640566 × 10^281 |
| 127 | aaa_77_28 | 1.042526109972023 × 10^281 |
| 128 | aaa_77_29 | 3.9095806730067515 × 10^280 |
| 129 | ov_129 | 3.646140672897346 × 10^280 |
| 130 | ov_130 | 3.6461303504725003 × 10^280 |
| 131 | ov_131 | 3.6461278523374717 × 10^280 |
| 132 | ov_132 | 3.167288509688593 × 10^280 |
| 133 | ov_133 | 2.7378021246296056 × 10^280 |
| 134 | ov_134 | 2.3539624578067247 × 10^280 |
| 135 | ov_135 | 2.0122643357168446 × 10^280 |
| 136 | ov_136 | 1.709389269822231 × 10^280 |
| 137 | ov_137 | 1.4421930083783657 × 10^280 |
| 138 | ov_138 | 1.207694840616461 × 10^280 |
| 139 | ov_139 | 1.0030684822489957 × 10^280 |
| 140 | ov_140 | 8.256343802982655 × 10^279 |
| 141 | ov_141 | 6.728532840463245 × 10^279 |
| 142 | ov_142 | 5.423209375224995 × 10^279 |
| 143 | ov_143 | 4.317637574262291 × 10^279 |
| 144 | ov_144 | 3.3903536876468595 × 10^279 |
| 145 | ov_145 | 2.621138787956069 × 10^279 |
| 146 | ov_146 | 1.990997781284596 × 10^279 |
| 147 | ov_147 | 1.482143660681552 × 10^279 |
| 148 | ov_148 | 1.0779860549670988 × 10^279 |
| 149 | ov_149 | 7.631232078734937 × 10^278 |
| 150 | ov_150 | 5.233366043730831 × 10^278 |
| 151 | ov_151 | 3.455875429271071 × 10^278 |
| 152 | ov_152 | 2.180150627167864 × 10^278 |
| 153 | ov_153 | 1.2993477371301267 × 10^278 |
| 154 | ov_154 | 7.183823751309533 × 10^277 |
| 155 | ov_155 | 3.5392633191497693 × 10^277 |
| 156 | aaa_76_25 | 1.344057540978772 × 10^277 |
| 157 | aaa_76_26 | 7.6262978131275 × 10^276 |
| 158 | aaa_76_27 | 3.921591939482204 × 10^276 |
| 159 | aaa_76_28 | 1.7388277096134844 × 10^276 |
| 160 | aaa_76_29 | 5.294627946255219 × 10^275 |

### Output Bits Sorted by Complexity

| Rank | Output Bit | Complexity |
|:----:|:----------:|:----------:|
| 160 | aaa_76_29 | 5.294627946255219 × 10^275 |
| 159 | aaa_76_28 | 1.7388277096134844 × 10^276 |
| 158 | aaa_76_27 | 3.921591939482204 × 10^276 |
| 157 | aaa_76_26 | 7.6262978131275 × 10^276 |
| 156 | aaa_76_25 | 1.344057540978772 × 10^277 |
| 155 | ov_155 | 3.5392633191497693 × 10^277 |
| 154 | ov_154 | 7.183823751309533 × 10^277 |
| 153 | ov_153 | 1.2993477371301267 × 10^278 |
| 152 | ov_152 | 2.180150627167864 × 10^278 |
| 151 | ov_151 | 3.455875429271071 × 10^278 |
| 150 | ov_150 | 5.233366043730831 × 10^278 |
| 149 | ov_149 | 7.631232078734937 × 10^278 |
| 148 | ov_148 | 1.0779860549670988 × 10^279 |
| 147 | ov_147 | 1.482143660681552 × 10^279 |
| 146 | ov_146 | 1.990997781284596 × 10^279 |
| 145 | ov_145 | 2.621138787956069 × 10^279 |
| 144 | ov_144 | 3.3903536876468595 × 10^279 |
| 143 | ov_143 | 4.317637574262291 × 10^279 |
| 142 | ov_142 | 5.423209375224995 × 10^279 |
| 141 | ov_141 | 6.728532840463245 × 10^279 |
| 140 | ov_140 | 8.256343802982655 × 10^279 |
| 139 | ov_139 | 1.0030684822489957 × 10^280 |
| 138 | ov_138 | 1.207694840616461 × 10^280 |
| 137 | ov_137 | 1.4421930083783657 × 10^280 |
| 136 | ov_136 | 1.709389269822231 × 10^280 |
| 135 | ov_135 | 2.0122643357168446 × 10^280 |
| 134 | ov_134 | 2.3539624578067247 × 10^280 |
| 133 | ov_133 | 2.7378021246296056 × 10^280 |
| 132 | ov_132 | 3.167288509688593 × 10^280 |
| 131 | ov_131 | 3.6461278523374717 × 10^280 |
| 130 | ov_130 | 3.6461303504725003 × 10^280 |
| 129 | ov_129 | 3.646140672897346 × 10^280 |
| 128 | aaa_77_29 | 3.9095806730067515 × 10^280 |
| 127 | aaa_77_28 | 1.042526109972023 × 10^281 |
| 126 | ov_126 | 3.264140241640566 × 10^281 |
| 125 | ov_125 | 7.33107913157268 × 10^281 |
| 124 | ov_124 | 1.3957464983684148 × 10^282 |
| 123 | ov_123 | 2.3857427612937667 × 10^282 |
| 122 | ov_122 | 3.774512584814219 × 10^282 |
| 121 | ov_121 | 5.633479781283617 × 10^282 |
| 120 | ov_120 | 8.034085372675109 × 10^282 |
| 119 | ov_119 | 1.104780299784257 × 10^283 |
| 118 | ov_118 | 1.474616275840342 × 10^283 |
| 117 | ov_117 | 1.920078855103662 × 10^283 |
| 116 | ov_116 | 2.4483457218908503 × 10^283 |
| 115 | ov_115 | 3.0666186333210067 × 10^283 |
| 114 | ov_114 | 3.782135530665517 × 10^283 |
| 113 | ov_113 | 4.602186454160037 × 10^283 |
| 112 | ov_112 | 5.534133731692027 × 10^283 |
| 111 | ov_111 | 6.585436912051396 × 10^283 |
| 110 | ov_110 | 7.763682913934967 × 10^283 |
| 109 | ov_109 | 9.076621862769896 × 10^283 |
| 108 | ov_108 | 1.0532209088851394 × 10^284 |
| 107 | ov_107 | 1.2138653762509776 × 10^284 |
| 106 | ov_106 | 1.3904474645308627 × 10^284 |
| 105 | ov_105 | 1.583856344094301 × 10^284 |
| 104 | ov_104 | 1.795025623590008 × 10^284 |
| 103 | ov_103 | 2.0249413528443235 × 10^284 |
| 102 | ov_102 | 2.27465093554965 × 10^284 |
| 101 | ov_101 | 2.5452730040969276 × 10^284 |
| 100 | ov_100 | 2.838008310646296 × 10^284 |
| 99 | ov_099 | 3.1541516906680414 × 10^284 |
| 98 | ov_098 | 3.1541819781746283 × 10^284 |
| 97 | ov_097 | 3.154276723000018 × 10^284 |
| 96 | aaa_78_29 | 4.777577906096229 × 10^284 |
| 95 | aaa_78_28 | 1.3368093707130906 × 10^285 |
| 94 | ov_094 | 4.381460535531439 × 10^285 |
| 93 | ov_093 | 1.0448799709184924 × 10^286 |
| 92 | ov_092 | 2.1351359009661 × 10^286 |
| 91 | ov_091 | 3.9399417588187423 × 10^286 |
| 90 | ov_090 | 6.971147279295863 × 10^286 |
| 89 | ov_089 | 1.1840236997903058 × 10^287 |
| 88 | ov_088 | 1.9258472793375315 × 10^287 |
| 87 | ov_087 | 3.0037159293642925 × 10^287 |
| 86 | ov_086 | 4.5088085979622865 × 10^287 |
| 85 | ov_085 | 6.542420264642917 × 10^287 |
| 84 | ov_084 | 9.216058536328334 × 10^287 |
| 83 | ov_083 | 1.265157500793938 × 10^288 |
| 82 | ov_082 | 1.6981337103511075 × 10^288 |
| 81 | ov_081 | 2.234844611599948 × 10^288 |
| 64 | lv_79_m31 | 2.6249706126307994 × 10^288 |
| 80 | ov_080 | 2.890700716782117 × 10^288 |
| 79 | ov_079 | 3.682245682062546 × 10^288 |
| 78 | ov_078 | 4.627195407326973 × 10^288 |
| 77 | ov_077 | 5.744484050343253 × 10^288 |
| 76 | ov_076 | 7.054317533321398 × 10^288 |
| 75 | ov_075 | 8.57823512352953 × 10^288 |
| 74 | ov_074 | 1.0339179674698858 × 10^289 |
| 73 | ov_073 | 1.236157712284144 × 10^289 |
| 63 | ov_063 | 1.3469428790616416 × 10^289 |
| 72 | ov_072 | 1.4671425839208126 × 10^289 |
| 71 | ov_071 | 1.7296396454867182 × 10^289 |
| 70 | ov_070 | 2.0265942786260646 × 10^289 |
| 69 | ov_069 | 2.3611424509607404 × 10^289 |
| 68 | ov_068 | 2.7366242254720125 × 10^289 |
| 67 | ov_067 | 3.1565985816275564 × 10^289 |
| 66 | ov_066 | 3.156600880784847 × 10^289 |
| 65 | ov_065 | 3.156610275352553 × 10^289 |
| 62 | ov_062 | 6.910138227310363 × 10^289 |
| 61 | ov_061 | 2.5188731995217613 × 10^290 |
| 60 | ov_060 | 7.210873713691981 × 10^290 |
| 59 | ov_059 | 1.637447306571107 × 10^291 |
| 58 | ov_058 | 3.2240413605911136 × 10^291 |
| 57 | ov_057 | 5.766272924811536 × 10^291 |
| 56 | ov_056 | 9.611876937266075 × 10^291 |
| 55 | ov_055 | 1.5518661022328048 × 10^292 |
| 54 | ov_054 | 2.436912180194135 × 10^292 |
| 53 | ov_053 | 3.669806055253826 × 10^292 |
| 52 | ov_052 | 5.363750310045509 × 10^292 |
| 51 | ov_051 | 7.64443991445696 × 10^292 |
| 50 | ov_050 | 1.0650082696285691 × 10^293 |
| 49 | ov_049 | 1.4531432269075967 × 10^293 |
| 48 | ov_048 | 1.9451838708588423 × 10^293 |
| 47 | ov_047 | 2.5587323068933536 × 10^293 |
| 32 | lv_80_m31 | 3.0479001980795593 × 10^293 |
| 46 | ov_046 | 3.3126682631921254 × 10^293 |
| 45 | ov_045 | 4.227163459028384 × 10^293 |
| 44 | ov_044 | 5.323700667921432 × 10^293 |
| 43 | ov_043 | 6.625098409368115 × 10^293 |
| 42 | ov_042 | 8.15554228642396 × 10^293 |
| 41 | ov_041 | 9.940624071503206 × 10^293 |
| 40 | ov_040 | 1.2007389729827381 × 10^294 |
| 39 | ov_039 | 1.4370504528520872 × 10^294 |
| 31 | ov_031 | 1.5631365041123612 × 10^294 |
| 38 | ov_038 | 1.7060109126168446 × 10^294 |
| 37 | ov_037 | 2.0108009324477577 × 10^294 |
| 36 | ov_036 | 2.3547773572382044 × 10^294 |
| 35 | ov_035 | 2.7414846762827038 × 10^294 |
| 34 | ov_034 | 3.174668210302664 × 10^294 |
| 33 | ov_033 | 3.658289295464299 × 10^294 |
| 30 | ov_030 | 7.061602570859448 × 10^294 |
| 29 | ov_029 | 2.3360752551659166 × 10^295 |
| 28 | ov_028 | 6.233663748920012 × 10^295 |
| 27 | ov_027 | 1.425812234806699 × 10^296 |
| 26 | ov_026 | 3.0847799498051493 × 10^296 |
| 25 | ov_025 | 6.188096209550908 × 10^296 |
| 24 | ov_024 | 1.1467583398460491 × 10^297 |
| 23 | ov_023 | 1.9799071550732114 × 10^297 |
| 22 | ov_022 | 3.2202427633136856 × 10^297 |
| 21 | ov_021 | 4.984161481068562 × 10^297 |
| 20 | ov_020 | 7.402479765701632 × 10^297 |
| 19 | ov_019 | 1.0620451364932663 × 10^298 |
| 18 | ov_018 | 1.4797793975159075 × 10^298 |
| 17 | ov_017 | 2.0108729893218843 × 10^298 |
| 16 | ov_016 | 2.674204646513703 × 10^298 |
| 15 | ov_015 | 3.4901182473684703 × 10^298 |
| 14 | ov_014 | 4.4804347604788216 × 10^298 |
| 13 | ov_013 | 5.668468407671383 × 10^298 |
| 12 | ov_012 | 7.079048098880158 × 10^298 |
| 11 | ov_011 | 8.738545294917904 × 10^298 |
| 10 | ov_010 | 1.0674909554700138 × 10^299 |
| 9 | ov_009 | 1.2917713124601697 × 10^299 |
| 8 | ov_008 | 1.5498206029484885 × 10^299 |
| 7 | ov_007 | 1.8449383227809166 × 10^299 |
| 6 | ov_006 | 2.180606549745869 × 10^299 |
| 5 | ov_005 | 2.560499582491981 × 10^299 |
| 4 | ov_004 | 2.988495317869925 × 10^299 |
| 3 | ov_003 | 3.468688565897184 × 10^299 |
| 2 | ov_002 | 4.005406499112315 × 10^299 |
| 1 | ov_001 | 4.603226417187398 × 10^299 |

