# Results for F001-F002-F003-F004-F005-F006-F007-F008-F009-F010-F011-F012-F013-F014-F015-F016-F017-F018-F019-F020-F021-F022-F023-F024-F025-F026-F027-F028-F029-F030-F031-F032-F033-F034-F035-F036-F037-F038-F039-F040-F041-F042-F043-F044-F045-F046-F047-F048-F049-F050-F051-F052-F053-F054-F055-F056-F057-F058-F059-F060-F061-F062-F063-F064-F065-F066-F067-F068-F069-F070-F071-F072-F073-F074-F075-F076-F077-F078-F079-F080-F081-F082-F083-F084-F085-F086-F087-F088-F089-F090-F091-F092-F093-F094-F095-F096-F097-F098-F099-F100-F101-F102-F103-F104-F105-F106-F107-F108-F109-F110-F111-F112-F113-F114-F115-F116-F117-F118-F119-F120-F121-F122-F123-F124-F125-F126-F127-F128-F129-F130-F131-F132-F133-F134-F135-F136-F137-F138-F139-F140-F141-F142-F143-F144-F145-F146-F147-F148-F149-F150-F151-F152-F153-F154-F155-F156-F157-F158-F159-F160-F161-F162-F163-F164-F165-F166-F167-F168-F169-F170-F171-F172-F173-F174-F175-F176-F177-F178-F179-F180-F181-F182-F183-F184-F185-F186-F187-F188-F189-F190-F191-F192-F193-F194-F195-F196-F197-F198-F199-F200-F201-F202-F203-F204-F205-F206-F207-F208-F209-F210-F211-F212-F213-F214-F215-F216-F217-F218-F219-F220-F221-F222-F223-F224-F225-F226-F227-F228-F229-F230-F231-F232-F233-F234-F235-F236-F237-F238-F239-F240-F241-F242-F243-F244-F245-F246-F247-F248-F249-F250-F251-F252-F253-F254-F255-F256-F257-F258-F259-F260-F261-F262-F263-F264-F265-F266-F267-F268-F269-F270-F271-F272-F273-F274-F275-F276-F277-F278-F279-F280-F281-F282-F283-F284-F285-F286-F287-F288-F289-F290-F291-F292-F293-F294-F295-F296-F297-F298-F299-F300-F301-F302-F303-F304-F305-F306-F307-F308-F309-F310-F311-F312-F313-F314-F315-F316-F317-F318-F319-F320-F321-F322-F323-F324-F325-F326-F327-F328-F329-F330-F331-F332-F333-F334-F335-F336-F337-F338-F339-F340-F341-F342-F343-F344-F345-F346-F347-F348-F349-F350-F351-F352-F353-F354-F355-F356-F357-F358-F359-F360-F361-F362-F363-F364-F365-F366-F367-F368-F369-F370-F371-F372-F373-F374-F375-F376-F377-F378-F379-F380-F381-F382-F383-F384-F385-F386-F387-F388-F389-F390-F391-F392-F393-F394-F395-F396-F397-F398-F399-F400-F401-F402-F403-F404-F405-F406-F407-F408-F409-F410-F411-F412-F413-F414-F415-F416-F417-F418-F419-F420-F421-F422-F423-F424-F425-F426-F427-F428-F429-F430-F431-F432-F433-F434-F435-F436-F437-F438-F439-F440-F441-F442-F443-F444-F445-F446-F447-F448-F449-F450-F451-F452-F453-F454-F455-F456-F457-F458-F459-F460-F461-F462-F463-F464-F465-F466-F467-F468-F469-F470-F471-F472-F473-F474-F475-F476-F477-F478-F479-F480-F481-F482-F483-F484-F485-F486-F487-F488-F489-F490-F491-F492-F493-F494-F495-F496-E500511-E507512-T509

## Summary

Number of input bits: 512  
Number of free input bits: 13  
Number of output bits: 160

Number of direct occurrences: 54597  
Number of assignments: 32494  
Number of operations: 12105780
(xor: 12075922,
and: 16058,
or: 13800)

Total complexity: 1.287847789912456 × 10^310

Least occurring input variable: iv_505 (3987)  
Most occurring input variable: iv_507 (4544)

Most co-occurring input variables: iv_499-iv_500 (2137)  
Least co-occurring input variables: iv_498-iv_505 (1790)

Potentially most occurring input variable: iv_500/iv_507 (4750)  
Potentially least occurring input variable: iv_499/iv_506 (4224)

Least output occurring input variable: iv_498 (63)  
Most output occurring input variable: iv_504 (91)

Most output co-occurring input variables: iv_502-iv_507 (49)  
Least output co-occurring input variables: iv_498-iv_503 (27)

Potentially most output occurring input variable: iv_503/iv_504 (96)  
Potentially least output occurring input variable: iv_501/iv_508 (68)

Least complex input bit: iv_497 (1.1135601727853386 × 10^307)  
Most complex input bit: iv_510 (3.874147320477933 × 10^309)

Least complex output bit: aaa_76_29 (2.7816399201325852 × 10^284)  
Most complex output bit: ov_001 (2.0036905024263337 × 10^309)

Least complex input/output complexity: iv_497/aaa_76_29 (2.4051937304640586 × 10^281)  
Most complex input/output complexity: iv_510/ov_001 (6.027569602437051 × 10^308)

## Input Bits

### Input Bits in Regular Order

| Input Bit | Complexity | Occurrences | Output Occurrences |
|:---------:|:----------:|:-----------:|:------------------:|
| iv_497 | 1.1135601727853386 × 10^307 | 4190 | 77 |
| iv_498 | 2.246677889400716 × 10^307 | 4000 | 63 |
| iv_499 | 4.000718933670207 × 10^307 | 4266 | 79 |
| iv_500 | 1.2147811969673566 × 10^309 | 4456 | 81 |
| iv_501 | 1.155496892228116 × 10^308 | 4233 | 80 |
| iv_502 | 1.8780196997835136 × 10^308 | 4166 | 84 |
| iv_503 | 2.9629251361334445 × 10^308 | 4155 | 79 |
| iv_504 | 4.564163147668598 × 10^308 | 4103 | 91 |
| iv_505 | 6.896549828231384 × 10^308 | 3987 | 77 |
| iv_506 | 1.0245089860577722 × 10^309 | 4130 | 78 |
| iv_507 | 2.8218444248552466 × 10^309 | 4544 | 82 |
| iv_508 | 2.123870930403198 × 10^309 | 4094 | 78 |
| iv_510 | 3.874147320477933 × 10^309 | 4273 | 77 |

### Input Bits Sorted by Complexity

| Input Bit | Complexity | Occurrences | Output Occurrences |
|:---------:|:----------:|:-----------:|:------------------:|
| iv_497 | 1.1135601727853386 × 10^307 | 4190 | 77 |
| iv_498 | 2.246677889400716 × 10^307 | 4000 | 63 |
| iv_499 | 4.000718933670207 × 10^307 | 4266 | 79 |
| iv_501 | 1.155496892228116 × 10^308 | 4233 | 80 |
| iv_502 | 1.8780196997835136 × 10^308 | 4166 | 84 |
| iv_503 | 2.9629251361334445 × 10^308 | 4155 | 79 |
| iv_504 | 4.564163147668598 × 10^308 | 4103 | 91 |
| iv_505 | 6.896549828231384 × 10^308 | 3987 | 77 |
| iv_506 | 1.0245089860577722 × 10^309 | 4130 | 78 |
| iv_500 | 1.2147811969673566 × 10^309 | 4456 | 81 |
| iv_508 | 2.123870930403198 × 10^309 | 4094 | 78 |
| iv_507 | 2.8218444248552466 × 10^309 | 4544 | 82 |
| iv_510 | 3.874147320477933 × 10^309 | 4273 | 77 |

### Input Bits Sorted by Occurrences

| Input Bit | Complexity | Occurrences | Output Occurrences |
|:---------:|:----------:|:-----------:|:------------------:|
| iv_505 | 6.896549828231384 × 10^308 | 3987 | 77 |
| iv_498 | 2.246677889400716 × 10^307 | 4000 | 63 |
| iv_508 | 2.123870930403198 × 10^309 | 4094 | 78 |
| iv_504 | 4.564163147668598 × 10^308 | 4103 | 91 |
| iv_506 | 1.0245089860577722 × 10^309 | 4130 | 78 |
| iv_503 | 2.9629251361334445 × 10^308 | 4155 | 79 |
| iv_502 | 1.8780196997835136 × 10^308 | 4166 | 84 |
| iv_497 | 1.1135601727853386 × 10^307 | 4190 | 77 |
| iv_501 | 1.155496892228116 × 10^308 | 4233 | 80 |
| iv_499 | 4.000718933670207 × 10^307 | 4266 | 79 |
| iv_510 | 3.874147320477933 × 10^309 | 4273 | 77 |
| iv_500 | 1.2147811969673566 × 10^309 | 4456 | 81 |
| iv_507 | 2.8218444248552466 × 10^309 | 4544 | 82 |

### Input Bits Sorted by Output Occurrences

| Input Bit | Complexity | Occurrences | Output Occurrences |
|:---------:|:----------:|:-----------:|:------------------:|
| iv_498 | 2.246677889400716 × 10^307 | 4000 | 63 |
| iv_497 | 1.1135601727853386 × 10^307 | 4190 | 77 |
| iv_510 | 3.874147320477933 × 10^309 | 4273 | 77 |
| iv_505 | 6.896549828231384 × 10^308 | 3987 | 77 |
| iv_506 | 1.0245089860577722 × 10^309 | 4130 | 78 |
| iv_508 | 2.123870930403198 × 10^309 | 4094 | 78 |
| iv_503 | 2.9629251361334445 × 10^308 | 4155 | 79 |
| iv_499 | 4.000718933670207 × 10^307 | 4266 | 79 |
| iv_501 | 1.155496892228116 × 10^308 | 4233 | 80 |
| iv_500 | 1.2147811969673566 × 10^309 | 4456 | 81 |
| iv_507 | 2.8218444248552466 × 10^309 | 4544 | 82 |
| iv_502 | 1.8780196997835136 × 10^308 | 4166 | 84 |
| iv_504 | 4.564163147668598 × 10^308 | 4103 | 91 |

## Input Bit Co-occurrences

### Input Bit Co-occurrences Sorted by Co-occurrences

| Input Bits | Co-occurrences | Potential Occurrences | Output Co-occurrences | Potential Output Occurrences |
|:----------:|:--------------:|:---------------------:|:---------------------:|:----------------------------:|
| iv_499-iv_500 | 2137 | 4448 | 36 | 88 |
| iv_500-iv_507 | 2125 | 4750 | 43 | 77 |
| iv_499-iv_507 | 2118 | 4574 | 38 | 85 |
| iv_502-iv_507 | 2115 | 4480 | 49 | 68 |
| iv_501-iv_507 | 2095 | 4587 | 40 | 82 |
| iv_500-iv_510 | 2092 | 4545 | 37 | 84 |
| iv_499-iv_506 | 2086 | 4224 | 38 | 81 |
| iv_507-iv_510 | 2073 | 4671 | 40 | 79 |
| iv_499-iv_501 | 2062 | 4375 | 41 | 77 |
| iv_499-iv_510 | 2061 | 4417 | 38 | 80 |
| iv_499-iv_502 | 2059 | 4314 | 44 | 75 |
| iv_507-iv_508 | 2054 | 4530 | 40 | 80 |
| iv_500-iv_503 | 2054 | 4503 | 39 | 82 |

### Input Bit Co-occurrences Sorted by Potential Occurrences

| Input Bits | Co-occurrences | Potential Occurrences | Output Co-occurrences | Potential Output Occurrences |
|:----------:|:--------------:|:---------------------:|:---------------------:|:----------------------------:|
| iv_499-iv_506 | 2086 | 4224 | 38 | 81 |
| iv_498-iv_506 | 1941 | 4248 | 30 | 81 |
| iv_499-iv_508 | 2052 | 4256 | 41 | 75 |
| iv_504-iv_508 | 1962 | 4273 | 47 | 75 |
| iv_503-iv_506 | 2005 | 4275 | 40 | 77 |
| iv_498-iv_508 | 1904 | 4286 | 28 | 85 |
| iv_498-iv_501 | 1969 | 4295 | 36 | 71 |
| iv_508-iv_510 | 2035 | 4297 | 38 | 79 |
| iv_501-iv_504 | 2019 | 4298 | 45 | 81 |
| iv_502-iv_504 | 1985 | 4299 | 47 | 81 |
| iv_498-iv_499 | 1983 | 4300 | 31 | 80 |
| iv_499-iv_502 | 2059 | 4314 | 44 | 75 |
| iv_497-iv_504 | 1989 | 4315 | 42 | 84 |

### Input Bit Output Co-occurrences Sorted by Output Co-occurrences

| Input Bits | Co-occurrences | Potential Occurrences | Output Co-occurrences | Potential Output Occurrences |
|:----------:|:--------------:|:---------------------:|:---------------------:|:----------------------------:|
| iv_502-iv_507 | 2115 | 4480 | 49 | 68 |
| iv_500-iv_504 | 1990 | 4579 | 48 | 76 |
| iv_504-iv_507 | 2001 | 4645 | 48 | 77 |
| iv_502-iv_504 | 1985 | 4299 | 47 | 81 |
| iv_504-iv_508 | 1962 | 4273 | 47 | 75 |
| iv_497-iv_502 | 2015 | 4326 | 46 | 69 |
| iv_501-iv_504 | 2019 | 4298 | 45 | 81 |
| iv_501-iv_508 | 1990 | 4347 | 45 | 68 |
| iv_499-iv_502 | 2059 | 4314 | 44 | 75 |
| iv_500-iv_501 | 2051 | 4587 | 44 | 73 |
| iv_500-iv_502 | 2007 | 4608 | 44 | 77 |
| iv_504-iv_505 | 1877 | 4336 | 44 | 80 |
| iv_504-iv_506 | 1928 | 4377 | 43 | 83 |

### Input Bit Output Co-occurrences Sorted by Potential Output Occurrences

| Input Bits | Co-occurrences | Potential Occurrences | Output Co-occurrences | Potential Output Occurrences |
|:----------:|:--------------:|:---------------------:|:---------------------:|:----------------------------:|
| iv_501-iv_508 | 1990 | 4347 | 45 | 68 |
| iv_502-iv_507 | 2115 | 4480 | 49 | 68 |
| iv_497-iv_502 | 2015 | 4326 | 46 | 69 |
| iv_503-iv_505 | 1876 | 4390 | 43 | 70 |
| iv_498-iv_501 | 1969 | 4295 | 36 | 71 |
| iv_500-iv_501 | 2051 | 4587 | 44 | 73 |
| iv_501-iv_510 | 2010 | 4486 | 42 | 73 |
| iv_497-iv_506 | 1952 | 4416 | 40 | 75 |
| iv_504-iv_508 | 1962 | 4273 | 47 | 75 |
| iv_499-iv_502 | 2059 | 4314 | 44 | 75 |
| iv_499-iv_508 | 2052 | 4256 | 41 | 75 |
| iv_497-iv_507 | 2026 | 4682 | 42 | 75 |
| iv_505-iv_506 | 1878 | 4361 | 40 | 75 |

## Output Bits

### Output Bits in Regular Order

| Rank | Output Bit | Complexity |
|:----:|:----------:|:----------:|
| 1 | ov_001 | 2.0036905024263337 × 10^309 |
| 2 | ov_002 | 1.7446011574219528 × 10^309 |
| 3 | ov_003 | 1.5119251840838086 × 10^309 |
| 4 | ov_004 | 1.3036821380230793 × 10^309 |
| 5 | ov_005 | 1.118000505402458 × 10^309 |
| 6 | ov_006 | 9.531099902672791 × 10^308 |
| 7 | ov_007 | 8.0733478919094415 × 10^308 |
| 8 | ov_008 | 6.790877770220477 × 10^308 |
| 9 | ov_009 | 5.668655208579637 × 10^308 |
| 10 | ov_010 | 4.6924403837328815 × 10^308 |
| 11 | ov_011 | 3.848752213344328 × 10^308 |
| 12 | ov_012 | 3.124838497088238 × 10^308 |
| 13 | ov_013 | 2.508651262535878 × 10^308 |
| 14 | ov_014 | 1.9888266586570166 × 10^308 |
| 15 | ov_015 | 1.5546687831146773 × 10^308 |
| 16 | ov_016 | 1.1961368724292285 × 10^308 |
| 17 | ov_017 | 9.03835326647293 × 10^307 |
| 18 | ov_018 | 6.690060824706821 × 10^307 |
| 19 | ov_019 | 4.8352289095702317 × 10^307 |
| 20 | ov_020 | 3.3988711782232504 × 10^307 |
| 21 | ov_021 | 2.3122476609694345 × 10^307 |
| 22 | ov_022 | 1.5128446283210585 × 10^307 |
| 23 | ov_023 | 9.443615374128608 × 10^306 |
| 24 | ov_024 | 5.567028109564662 × 10^306 |
| 25 | ov_025 | 3.059728765370185 × 10^306 |
| 26 | ov_026 | 1.5447344678452301 × 10^306 |
| 27 | ov_027 | 7.070223831440014 × 10^305 |
| 28 | ov_028 | 2.935246601051121 × 10^305 |
| 29 | ov_029 | 1.1312680047679848 × 10^305 |
| 30 | ov_030 | 3.459103254417106 × 10^304 |
| 31 | ov_031 | 6.748580210376278 × 10^303 |
| 32 | lv_80_m31 | 1.3163894978020056 × 10^303 |
| 33 | ov_033 | 1.591759386467244 × 10^304 |
| 34 | ov_034 | 1.3841374727103175 × 10^304 |
| 35 | ov_035 | 1.1979326802982723 × 10^304 |
| 36 | ov_036 | 1.0314703978340336 × 10^304 |
| 37 | ov_037 | 8.831681759514013 × 10^303 |
| 38 | ov_038 | 7.515292261623457 × 10^303 |
| 39 | ov_039 | 6.351367541875489 × 10^303 |
| 40 | ov_040 | 5.326490523006374 × 10^303 |
| 41 | ov_041 | 4.427952791214201 × 10^303 |
| 42 | ov_042 | 3.6495724380961535 × 10^303 |
| 43 | ov_043 | 2.979955916271532 × 10^303 |
| 44 | ov_044 | 2.4083263878606743 × 10^303 |
| 45 | ov_045 | 1.9245026071528914 × 10^303 |
| 46 | ov_046 | 1.5188816506164063 × 10^303 |
| 47 | ov_047 | 1.1824249948994127 × 10^303 |
| 48 | ov_048 | 9.066474781011251 × 10^302 |
| 49 | ov_049 | 6.836087140822214 × 10^302 |
| 50 | ov_050 | 5.059065639787436 × 10^302 |
| 51 | ov_051 | 3.6667230340994297 × 10^302 |
| 52 | ov_052 | 2.5956715814721903 × 10^302 |
| 53 | ov_053 | 1.7877991525217543 × 10^302 |
| 54 | ov_054 | 1.1902535090811702 × 10^302 |
| 55 | ov_055 | 7.554325036985586 × 10^301 |
| 56 | ov_056 | 4.6084666550112013 × 10^301 |
| 57 | ov_057 | 2.693791892555818 × 10^301 |
| 58 | ov_058 | 1.491525198278854 × 10^301 |
| 59 | ov_059 | 7.35274536366645 × 10^300 |
| 60 | ov_060 | 3.0493906022958975 × 10^300 |
| 61 | ov_061 | 1.066072321747622 × 10^300 |
| 62 | ov_062 | 2.9270029685748915 × 10^299 |
| 63 | ov_063 | 5.710365628125847 × 10^298 |
| 64 | lv_79_m31 | 1.113821733368643 × 10^298 |
| 65 | ov_065 | 1.3464566407446369 × 10^299 |
| 66 | ov_066 | 1.3464529740164182 × 10^299 |
| 67 | ov_067 | 1.3464520883267542 × 10^299 |
| 68 | ov_068 | 1.1711513770111592 × 10^299 |
| 69 | ov_069 | 1.0137519154390239 × 10^299 |
| 70 | ov_070 | 8.729266761193408 × 10^298 |
| 71 | ov_071 | 7.474188067009402 × 10^298 |
| 72 | ov_072 | 6.360366333478184 × 10^298 |
| 73 | ov_073 | 5.376493787642794 × 10^298 |
| 74 | ov_074 | 4.511835244722791 × 10^298 |
| 75 | ov_075 | 3.756197507100953 × 10^298 |
| 76 | ov_076 | 3.099903909377216 × 10^298 |
| 77 | ov_077 | 2.533773414258756 × 10^298 |
| 78 | ov_078 | 2.0491036979463356 × 10^298 |
| 79 | ov_079 | 1.6376576967409115 × 10^298 |
| 80 | ov_080 | 1.291653118999585 × 10^298 |
| 81 | ov_081 | 1.0037544584603827 × 10^298 |
| 82 | ov_082 | 7.670670764519132 × 10^297 |
| 83 | ov_083 | 5.751329517067055 × 10^297 |
| 84 | ov_084 | 4.219277274868954 × 10^297 |
| 85 | ov_085 | 3.018587165719041 × 10^297 |
| 86 | ov_086 | 2.097635553987567 × 10^297 |
| 87 | ov_087 | 1.4090925450624102 × 10^297 |
| 88 | ov_088 | 9.09914947982714 × 10^296 |
| 89 | ov_089 | 5.613411001000348 × 10^296 |
| 90 | ov_090 | 3.288872477638469 × 10^296 |
| 91 | ov_091 | 1.823451770617323 × 10^296 |
| 92 | ov_092 | 9.578079122005299 × 10^295 |
| 93 | ov_093 | 4.753334637823586 × 10^295 |
| 94 | ov_094 | 2.0215096604996272 × 10^295 |
| 95 | aaa_78_28 | 6.200392667953685 × 10^294 |
| 96 | aaa_78_29 | 1.8840761113700814 × 10^294 |
| 97 | ov_097 | 1.0296649502503364 × 10^294 |
| 98 | ov_098 | 1.0296598661001193 × 10^294 |
| 99 | ov_099 | 1.0296582401182511 × 10^294 |
| 100 | ov_100 | 8.84491784933893 × 10^293 |
| 101 | ov_101 | 7.552945348790386 × 10^293 |
| 102 | ov_102 | 6.4080747914085805 × 10^293 |
| 103 | ov_103 | 5.398415565398874 × 10^293 |
| 104 | ov_104 | 4.512725901209035 × 10^293 |
| 105 | ov_105 | 3.7403685802510416 × 10^293 |
| 106 | ov_106 | 3.0712724398402798 × 10^293 |
| 107 | ov_107 | 2.4958991376983296 × 10^293 |
| 108 | ov_108 | 2.0052146681486293 × 10^293 |
| 109 | ov_109 | 1.5906651499657596 × 10^293 |
| 110 | ov_110 | 1.2441564328993607 × 10^293 |
| 111 | ov_111 | 9.580370963393522 × 10^292 |
| 112 | ov_112 | 7.250844395541 × 10^292 |
| 113 | ov_113 | 5.384930885303078 × 10^292 |
| 114 | ov_114 | 3.918658697661466 × 10^292 |
| 115 | ov_115 | 2.792066264932733 × 10^292 |
| 116 | ov_116 | 1.9491467778862293 × 10^292 |
| 117 | ov_117 | 1.3378064592875515 × 10^292 |
| 118 | ov_118 | 9.098340217166478 × 10^291 |
| 119 | ov_119 | 6.208790594737572 × 10^291 |
| 120 | ov_120 | 4.304373721556532 × 10^291 |
| 121 | ov_121 | 3.018414651564582 × 10^291 |
| 122 | ov_122 | 2.022547199718947 × 10^291 |
| 123 | ov_123 | 1.2785162090270747 × 10^291 |
| 124 | ov_124 | 7.480766990872934 × 10^290 |
| 125 | ov_125 | 3.9298813914002825 × 10^290 |
| 126 | ov_126 | 1.7501152287819929 × 10^290 |
| 127 | aaa_77_28 | 5.590824391203603 × 10^289 |
| 128 | aaa_77_29 | 2.0972776130828753 × 10^289 |
| 129 | ov_129 | 1.9685109917551433 × 10^289 |
| 130 | ov_130 | 1.9685055679677518 × 10^289 |
| 131 | ov_131 | 1.9685042546959984 × 10^289 |
| 132 | ov_132 | 1.712481897097297 × 10^289 |
| 133 | ov_133 | 1.4826544322547078 × 10^289 |
| 134 | ov_134 | 1.2770591805643881 × 10^289 |
| 135 | ov_135 | 1.0938405325164982 × 10^289 |
| 136 | ov_136 | 9.31242345689085 × 10^288 |
| 137 | ov_137 | 7.876013443091362 × 10^288 |
| 138 | ov_138 | 6.613414288191818 × 10^288 |
| 139 | ov_139 | 5.5096880772765315 × 10^288 |
| 140 | ov_140 | 4.55067868699797 × 10^288 |
| 141 | ov_141 | 3.7229771039526946 × 10^288 |
| 142 | ov_142 | 3.0138926100617175 × 10^288 |
| 143 | ov_143 | 2.4114291381854333 × 10^288 |
| 144 | ov_144 | 1.904266144306686 × 10^288 |
| 145 | ov_145 | 1.4817433852882174 × 10^288 |
| 146 | ov_146 | 1.133849033578642 × 10^288 |
| 147 | ov_147 | 8.512106024012894 × 10^287 |
| 148 | ov_148 | 6.2508819698538564 × 10^287 |
| 149 | ov_149 | 4.47369649341654 × 10^287 |
| 150 | ov_150 | 3.1056713597933384 × 10^287 |
| 151 | ov_151 | 2.0781491982953126 × 10^287 |
| 152 | ov_152 | 1.328679140668196 × 10^287 |
| 153 | ov_153 | 8.010083651337216 × 10^286 |
| 154 | ov_154 | 4.45077651469939 × 10^286 |
| 155 | ov_155 | 2.1701923965020624 × 10^286 |
| 156 | aaa_76_25 | 7.915583069909836 × 10^285 |
| 157 | aaa_76_26 | 4.5745974422574147 × 10^285 |
| 158 | aaa_76_27 | 2.343758115500365 × 10^285 |
| 159 | aaa_76_28 | 9.1358702046895 × 10^284 |
| 160 | aaa_76_29 | 2.7816399201325852 × 10^284 |

### Output Bits Sorted by Complexity

| Rank | Output Bit | Complexity |
|:----:|:----------:|:----------:|
| 160 | aaa_76_29 | 2.7816399201325852 × 10^284 |
| 159 | aaa_76_28 | 9.1358702046895 × 10^284 |
| 158 | aaa_76_27 | 2.343758115500365 × 10^285 |
| 157 | aaa_76_26 | 4.5745974422574147 × 10^285 |
| 156 | aaa_76_25 | 7.915583069909836 × 10^285 |
| 155 | ov_155 | 2.1701923965020624 × 10^286 |
| 154 | ov_154 | 4.45077651469939 × 10^286 |
| 153 | ov_153 | 8.010083651337216 × 10^286 |
| 152 | ov_152 | 1.328679140668196 × 10^287 |
| 151 | ov_151 | 2.0781491982953126 × 10^287 |
| 150 | ov_150 | 3.1056713597933384 × 10^287 |
| 149 | ov_149 | 4.47369649341654 × 10^287 |
| 148 | ov_148 | 6.2508819698538564 × 10^287 |
| 147 | ov_147 | 8.512106024012894 × 10^287 |
| 146 | ov_146 | 1.133849033578642 × 10^288 |
| 145 | ov_145 | 1.4817433852882174 × 10^288 |
| 144 | ov_144 | 1.904266144306686 × 10^288 |
| 143 | ov_143 | 2.4114291381854333 × 10^288 |
| 142 | ov_142 | 3.0138926100617175 × 10^288 |
| 141 | ov_141 | 3.7229771039526946 × 10^288 |
| 140 | ov_140 | 4.55067868699797 × 10^288 |
| 139 | ov_139 | 5.5096880772765315 × 10^288 |
| 138 | ov_138 | 6.613414288191818 × 10^288 |
| 137 | ov_137 | 7.876013443091362 × 10^288 |
| 136 | ov_136 | 9.31242345689085 × 10^288 |
| 135 | ov_135 | 1.0938405325164982 × 10^289 |
| 134 | ov_134 | 1.2770591805643881 × 10^289 |
| 133 | ov_133 | 1.4826544322547078 × 10^289 |
| 132 | ov_132 | 1.712481897097297 × 10^289 |
| 131 | ov_131 | 1.9685042546959984 × 10^289 |
| 130 | ov_130 | 1.9685055679677518 × 10^289 |
| 129 | ov_129 | 1.9685109917551433 × 10^289 |
| 128 | aaa_77_29 | 2.0972776130828753 × 10^289 |
| 127 | aaa_77_28 | 5.590824391203603 × 10^289 |
| 126 | ov_126 | 1.7501152287819929 × 10^290 |
| 125 | ov_125 | 3.9298813914002825 × 10^290 |
| 124 | ov_124 | 7.480766990872934 × 10^290 |
| 123 | ov_123 | 1.2785162090270747 × 10^291 |
| 122 | ov_122 | 2.022547199718947 × 10^291 |
| 121 | ov_121 | 3.018414651564582 × 10^291 |
| 120 | ov_120 | 4.304373721556532 × 10^291 |
| 119 | ov_119 | 6.208790594737572 × 10^291 |
| 118 | ov_118 | 9.098340217166478 × 10^291 |
| 117 | ov_117 | 1.3378064592875515 × 10^292 |
| 116 | ov_116 | 1.9491467778862293 × 10^292 |
| 115 | ov_115 | 2.792066264932733 × 10^292 |
| 114 | ov_114 | 3.918658697661466 × 10^292 |
| 113 | ov_113 | 5.384930885303078 × 10^292 |
| 112 | ov_112 | 7.250844395541 × 10^292 |
| 111 | ov_111 | 9.580370963393522 × 10^292 |
| 110 | ov_110 | 1.2441564328993607 × 10^293 |
| 109 | ov_109 | 1.5906651499657596 × 10^293 |
| 108 | ov_108 | 2.0052146681486293 × 10^293 |
| 107 | ov_107 | 2.4958991376983296 × 10^293 |
| 106 | ov_106 | 3.0712724398402798 × 10^293 |
| 105 | ov_105 | 3.7403685802510416 × 10^293 |
| 104 | ov_104 | 4.512725901209035 × 10^293 |
| 103 | ov_103 | 5.398415565398874 × 10^293 |
| 102 | ov_102 | 6.4080747914085805 × 10^293 |
| 101 | ov_101 | 7.552945348790386 × 10^293 |
| 100 | ov_100 | 8.84491784933893 × 10^293 |
| 99 | ov_099 | 1.0296582401182511 × 10^294 |
| 98 | ov_098 | 1.0296598661001193 × 10^294 |
| 97 | ov_097 | 1.0296649502503364 × 10^294 |
| 96 | aaa_78_29 | 1.8840761113700814 × 10^294 |
| 95 | aaa_78_28 | 6.200392667953685 × 10^294 |
| 94 | ov_094 | 2.0215096604996272 × 10^295 |
| 93 | ov_093 | 4.753334637823586 × 10^295 |
| 92 | ov_092 | 9.578079122005299 × 10^295 |
| 91 | ov_091 | 1.823451770617323 × 10^296 |
| 90 | ov_090 | 3.288872477638469 × 10^296 |
| 89 | ov_089 | 5.613411001000348 × 10^296 |
| 88 | ov_088 | 9.09914947982714 × 10^296 |
| 87 | ov_087 | 1.4090925450624102 × 10^297 |
| 86 | ov_086 | 2.097635553987567 × 10^297 |
| 85 | ov_085 | 3.018587165719041 × 10^297 |
| 84 | ov_084 | 4.219277274868954 × 10^297 |
| 83 | ov_083 | 5.751329517067055 × 10^297 |
| 82 | ov_082 | 7.670670764519132 × 10^297 |
| 81 | ov_081 | 1.0037544584603827 × 10^298 |
| 64 | lv_79_m31 | 1.113821733368643 × 10^298 |
| 80 | ov_080 | 1.291653118999585 × 10^298 |
| 79 | ov_079 | 1.6376576967409115 × 10^298 |
| 78 | ov_078 | 2.0491036979463356 × 10^298 |
| 77 | ov_077 | 2.533773414258756 × 10^298 |
| 76 | ov_076 | 3.099903909377216 × 10^298 |
| 75 | ov_075 | 3.756197507100953 × 10^298 |
| 74 | ov_074 | 4.511835244722791 × 10^298 |
| 73 | ov_073 | 5.376493787642794 × 10^298 |
| 63 | ov_063 | 5.710365628125847 × 10^298 |
| 72 | ov_072 | 6.360366333478184 × 10^298 |
| 71 | ov_071 | 7.474188067009402 × 10^298 |
| 70 | ov_070 | 8.729266761193408 × 10^298 |
| 69 | ov_069 | 1.0137519154390239 × 10^299 |
| 68 | ov_068 | 1.1711513770111592 × 10^299 |
| 67 | ov_067 | 1.3464520883267542 × 10^299 |
| 66 | ov_066 | 1.3464529740164182 × 10^299 |
| 65 | ov_065 | 1.3464566407446369 × 10^299 |
| 62 | ov_062 | 2.9270029685748915 × 10^299 |
| 61 | ov_061 | 1.066072321747622 × 10^300 |
| 60 | ov_060 | 3.0493906022958975 × 10^300 |
| 59 | ov_059 | 7.35274536366645 × 10^300 |
| 58 | ov_058 | 1.491525198278854 × 10^301 |
| 57 | ov_057 | 2.693791892555818 × 10^301 |
| 56 | ov_056 | 4.6084666550112013 × 10^301 |
| 55 | ov_055 | 7.554325036985586 × 10^301 |
| 54 | ov_054 | 1.1902535090811702 × 10^302 |
| 53 | ov_053 | 1.7877991525217543 × 10^302 |
| 52 | ov_052 | 2.5956715814721903 × 10^302 |
| 51 | ov_051 | 3.6667230340994297 × 10^302 |
| 50 | ov_050 | 5.059065639787436 × 10^302 |
| 49 | ov_049 | 6.836087140822214 × 10^302 |
| 48 | ov_048 | 9.066474781011251 × 10^302 |
| 47 | ov_047 | 1.1824249948994127 × 10^303 |
| 32 | lv_80_m31 | 1.3163894978020056 × 10^303 |
| 46 | ov_046 | 1.5188816506164063 × 10^303 |
| 45 | ov_045 | 1.9245026071528914 × 10^303 |
| 44 | ov_044 | 2.4083263878606743 × 10^303 |
| 43 | ov_043 | 2.979955916271532 × 10^303 |
| 42 | ov_042 | 3.6495724380961535 × 10^303 |
| 41 | ov_041 | 4.427952791214201 × 10^303 |
| 40 | ov_040 | 5.326490523006374 × 10^303 |
| 39 | ov_039 | 6.351367541875489 × 10^303 |
| 31 | ov_031 | 6.748580210376278 × 10^303 |
| 38 | ov_038 | 7.515292261623457 × 10^303 |
| 37 | ov_037 | 8.831681759514013 × 10^303 |
| 36 | ov_036 | 1.0314703978340336 × 10^304 |
| 35 | ov_035 | 1.1979326802982723 × 10^304 |
| 34 | ov_034 | 1.3841374727103175 × 10^304 |
| 33 | ov_033 | 1.591759386467244 × 10^304 |
| 30 | ov_030 | 3.459103254417106 × 10^304 |
| 29 | ov_029 | 1.1312680047679848 × 10^305 |
| 28 | ov_028 | 2.935246601051121 × 10^305 |
| 27 | ov_027 | 7.070223831440014 × 10^305 |
| 26 | ov_026 | 1.5447344678452301 × 10^306 |
| 25 | ov_025 | 3.059728765370185 × 10^306 |
| 24 | ov_024 | 5.567028109564662 × 10^306 |
| 23 | ov_023 | 9.443615374128608 × 10^306 |
| 22 | ov_022 | 1.5128446283210585 × 10^307 |
| 21 | ov_021 | 2.3122476609694345 × 10^307 |
| 20 | ov_020 | 3.3988711782232504 × 10^307 |
| 19 | ov_019 | 4.8352289095702317 × 10^307 |
| 18 | ov_018 | 6.690060824706821 × 10^307 |
| 17 | ov_017 | 9.03835326647293 × 10^307 |
| 16 | ov_016 | 1.1961368724292285 × 10^308 |
| 15 | ov_015 | 1.5546687831146773 × 10^308 |
| 14 | ov_014 | 1.9888266586570166 × 10^308 |
| 13 | ov_013 | 2.508651262535878 × 10^308 |
| 12 | ov_012 | 3.124838497088238 × 10^308 |
| 11 | ov_011 | 3.848752213344328 × 10^308 |
| 10 | ov_010 | 4.6924403837328815 × 10^308 |
| 9 | ov_009 | 5.668655208579637 × 10^308 |
| 8 | ov_008 | 6.790877770220477 × 10^308 |
| 7 | ov_007 | 8.0733478919094415 × 10^308 |
| 6 | ov_006 | 9.531099902672791 × 10^308 |
| 5 | ov_005 | 1.118000505402458 × 10^309 |
| 4 | ov_004 | 1.3036821380230793 × 10^309 |
| 3 | ov_003 | 1.5119251840838086 × 10^309 |
| 2 | ov_002 | 1.7446011574219528 × 10^309 |
| 1 | ov_001 | 2.0036905024263337 × 10^309 |

