# Results for F001-F002-F003-F004-F005-F006-F007-F008-F009-F010-F011-F012-F013-F014-F015-F016-F017-F018-F019-F020-F021-F022-F023-F024-F025-F026-F027-F028-F029-F030-F031-F032-F033-F034-F035-F036-F037-F038-F039-F040-F041-F042-F043-F044-F045-F046-F047-F048-F049-F050-F051-F052-F053-F054-F055-F056-F057-F058-F059-F060-F061-F062-F063-F064-F065-F066-F067-F068-F069-F070-F071-F072-F073-F074-F075-F076-F077-F078-F079-F080-F081-F082-F083-F084-F085-F086-F087-F088-F089-F090-F091-F092-F093-F094-F095-F096-F097-F098-F099-F100-F101-F102-F103-F104-F105-F106-F107-F108-F109-F110-F111-F112-F113-F114-F115-F116-F117-F118-F119-F120-F121-F122-F123-F124-F125-F126-F127-F128-F129-F130-F131-F132-F133-F134-F135-F136-F137-F138-F139-F140-F141-F142-F143-F144-F145-F146-F147-F148-F149-F150-F151-F152-F153-F154-F155-F156-F157-F158-F159-F160-F161-F162-F163-F164-F165-F166-F167-F168-F169-F170-F171-F172-F173-F174-F175-F176-F177-F178-F179-F180-F181-F182-F183-F184-F185-F186-F187-F188-F189-F190-F191-F192-F193-F194-F195-F196-F197-F198-F199-F200-F201-F202-F203-F204-F205-F206-F207-F208-F209-F210-F211-F212-F213-F214-F215-F216-F217-F218-F219-F220-F221-F222-F223-F224-F225-F226-F227-F228-F229-F230-F231-F232-F233-F234-F235-F236-F237-F238-F239-F240-F241-F242-F243-F244-F245-F246-F247-F248-F249-F250-F251-F252-F253-F254-F255-F256-F257-F258-F259-F260-F261-F262-F263-F264-F265-F266-F267-F268-F269-F270-F271-F272-F273-F274-F275-F276-F277-F278-F279-F280-F281-F282-F283-F284-F285-F286-F287-F288-F289-F290-F291-F292-F293-F294-F295-F296-F297-F298-F299-F300-F301-F302-F303-F304-F305-F306-F307-F308-F309-F310-F311-F312-F313-F314-F315-F316-F317-F318-F319-F320-F321-F322-F323-F324-F325-F326-F327-F328-F329-F330-F331-F332-F333-F334-F335-F336-F337-F338-F339-F340-F341-F342-F343-F344-F345-F346-F347-F348-F349-F350-F351-F352-F353-F354-F355-F356-F357-F358-F359-F360-F361-F362-F363-F364-F365-F366-F367-F368-F369-F370-F371-F372-F373-F374-F375-F376-F377-F378-F379-F380-F381-F382-F383-F384-F385-F386-F387-F388-F389-F390-F391-F392-F393-F394-F395-F396-F397-F398-F399-F400-F401-F402-F403-F404-F405-F406-F407-F408-F409-F410-F411-F412-F413-F414-F415-F416-F417-F418-F419-F420-F421-F422-F423-F424-F425-F426-F427-F428-F429-F430-F431-F432-F433-F434-F435-F436-F437-F438-F439-F440-F441-F442-F443-F444-F445-F446-F447-F448-F449-F450-F451-F452-F453-F454-F455-F456-F457-F458-F459-F460-F461-F462-F463-F464-F465-F466-F467-F468-F469-F470-F471-F472-F473-F474-F475-F476-F477-F478-F479-F480-F481-F482-F483-F484-F485-F486-F487-F488-F489-F490-F491-F492-F493-F494-F495-F496-F497-E499508-F512

## Summary

Number of input bits: 512  
Number of free input bits: 13  
Number of output bits: 160

Number of direct occurrences: 53017  
Number of assignments: 31688  
Number of operations: 11166928
(xor: 11138347,
and: 15049,
or: 13532)

Total complexity: 2.1053354792185338 × 10^301

Least occurring input variable: iv_502 (3892)  
Most occurring input variable: iv_510 (4273)

Most co-occurring input variables: iv_509-iv_510 (2132)  
Least co-occurring input variables: iv_499-iv_502 (1747)

Potentially most occurring input variable: iv_499/iv_500 (4523)  
Potentially least occurring input variable: iv_504/iv_506 (4148)

Least output occurring input variable: iv_510 (74)  
Most output occurring input variable: iv_498 (88)

Most output co-occurring input variables: iv_498-iv_504 (46)  
Least output co-occurring input variables: iv_502-iv_503 (32)

Potentially most output occurring input variable: iv_502/iv_503 (96)  
Potentially least output occurring input variable: iv_499/iv_503 (69)

Least complex input bit: iv_511 (4.149655219452642 × 10^297)  
Most complex input bit: iv_510 (5.272410506105926 × 10^300)

Least complex output bit: aaa_76_29 (3.6452542434061826 × 10^276)  
Most complex output bit: ov_001 (3.2932100461031535 × 10^300)

Least complex input/output complexity: iv_511/aaa_76_29 (7.184863622303586 × 10^272)  
Most complex input/output complexity: iv_510/ov_001 (8.247215428266452 × 10^299)

## Input Bits

### Input Bits in Regular Order

| Input Bit | Complexity | Occurrences | Output Occurrences |
|:---------:|:----------:|:-----------:|:------------------:|
| iv_498 | 2.3593577348053808 × 10^298 | 3958 | 88 |
| iv_499 | 3.671442787548721 × 10^300 | 4099 | 75 |
| iv_500 | 8.971225728070833 × 10^298 | 4114 | 76 |
| iv_501 | 1.6266973568491028 × 10^299 | 4056 | 79 |
| iv_502 | 2.7783114794191 × 10^299 | 3892 | 82 |
| iv_503 | 4.565250666255971 × 10^299 | 4152 | 78 |
| iv_504 | 7.268258048442589 × 10^299 | 3936 | 78 |
| iv_505 | 1.126806563046595 × 10^300 | 3921 | 79 |
| iv_506 | 1.7063525141815302 × 10^300 | 3964 | 82 |
| iv_507 | 2.5319844903914088 × 10^300 | 4183 | 76 |
| iv_509 | 5.003050685966271 × 10^300 | 4248 | 80 |
| iv_510 | 5.272410506105926 × 10^300 | 4273 | 74 |
| iv_511 | 4.149655219452642 × 10^297 | 4221 | 80 |

### Input Bits Sorted by Complexity

| Input Bit | Complexity | Occurrences | Output Occurrences |
|:---------:|:----------:|:-----------:|:------------------:|
| iv_511 | 4.149655219452642 × 10^297 | 4221 | 80 |
| iv_498 | 2.3593577348053808 × 10^298 | 3958 | 88 |
| iv_500 | 8.971225728070833 × 10^298 | 4114 | 76 |
| iv_501 | 1.6266973568491028 × 10^299 | 4056 | 79 |
| iv_502 | 2.7783114794191 × 10^299 | 3892 | 82 |
| iv_503 | 4.565250666255971 × 10^299 | 4152 | 78 |
| iv_504 | 7.268258048442589 × 10^299 | 3936 | 78 |
| iv_505 | 1.126806563046595 × 10^300 | 3921 | 79 |
| iv_506 | 1.7063525141815302 × 10^300 | 3964 | 82 |
| iv_507 | 2.5319844903914088 × 10^300 | 4183 | 76 |
| iv_499 | 3.671442787548721 × 10^300 | 4099 | 75 |
| iv_509 | 5.003050685966271 × 10^300 | 4248 | 80 |
| iv_510 | 5.272410506105926 × 10^300 | 4273 | 74 |

### Input Bits Sorted by Occurrences

| Input Bit | Complexity | Occurrences | Output Occurrences |
|:---------:|:----------:|:-----------:|:------------------:|
| iv_502 | 2.7783114794191 × 10^299 | 3892 | 82 |
| iv_505 | 1.126806563046595 × 10^300 | 3921 | 79 |
| iv_504 | 7.268258048442589 × 10^299 | 3936 | 78 |
| iv_498 | 2.3593577348053808 × 10^298 | 3958 | 88 |
| iv_506 | 1.7063525141815302 × 10^300 | 3964 | 82 |
| iv_501 | 1.6266973568491028 × 10^299 | 4056 | 79 |
| iv_499 | 3.671442787548721 × 10^300 | 4099 | 75 |
| iv_500 | 8.971225728070833 × 10^298 | 4114 | 76 |
| iv_503 | 4.565250666255971 × 10^299 | 4152 | 78 |
| iv_507 | 2.5319844903914088 × 10^300 | 4183 | 76 |
| iv_511 | 4.149655219452642 × 10^297 | 4221 | 80 |
| iv_509 | 5.003050685966271 × 10^300 | 4248 | 80 |
| iv_510 | 5.272410506105926 × 10^300 | 4273 | 74 |

### Input Bits Sorted by Output Occurrences

| Input Bit | Complexity | Occurrences | Output Occurrences |
|:---------:|:----------:|:-----------:|:------------------:|
| iv_510 | 5.272410506105926 × 10^300 | 4273 | 74 |
| iv_499 | 3.671442787548721 × 10^300 | 4099 | 75 |
| iv_500 | 8.971225728070833 × 10^298 | 4114 | 76 |
| iv_507 | 2.5319844903914088 × 10^300 | 4183 | 76 |
| iv_503 | 4.565250666255971 × 10^299 | 4152 | 78 |
| iv_504 | 7.268258048442589 × 10^299 | 3936 | 78 |
| iv_501 | 1.6266973568491028 × 10^299 | 4056 | 79 |
| iv_505 | 1.126806563046595 × 10^300 | 3921 | 79 |
| iv_509 | 5.003050685966271 × 10^300 | 4248 | 80 |
| iv_511 | 4.149655219452642 × 10^297 | 4221 | 80 |
| iv_502 | 2.7783114794191 × 10^299 | 3892 | 82 |
| iv_506 | 1.7063525141815302 × 10^300 | 3964 | 82 |
| iv_498 | 2.3593577348053808 × 10^298 | 3958 | 88 |

## Input Bit Co-occurrences

### Input Bit Co-occurrences Sorted by Co-occurrences

| Input Bits | Co-occurrences | Potential Occurrences | Output Co-occurrences | Potential Output Occurrences |
|:----------:|:--------------:|:---------------------:|:---------------------:|:----------------------------:|
| iv_509-iv_510 | 2132 | 4257 | 37 | 80 |
| iv_509-iv_511 | 2078 | 4313 | 37 | 86 |
| iv_500-iv_511 | 2078 | 4179 | 38 | 80 |
| iv_510-iv_511 | 2076 | 4342 | 39 | 76 |
| iv_500-iv_510 | 2059 | 4269 | 38 | 74 |
| iv_501-iv_511 | 2054 | 4169 | 41 | 77 |
| iv_507-iv_509 | 2035 | 4361 | 38 | 80 |
| iv_503-iv_509 | 2028 | 4344 | 38 | 82 |
| iv_503-iv_511 | 2026 | 4321 | 37 | 84 |
| iv_503-iv_510 | 2025 | 4375 | 38 | 76 |
| iv_500-iv_509 | 2019 | 4324 | 34 | 88 |
| iv_507-iv_511 | 2016 | 4372 | 39 | 78 |
| iv_503-iv_507 | 2009 | 4317 | 37 | 80 |

### Input Bit Co-occurrences Sorted by Potential Occurrences

| Input Bits | Co-occurrences | Potential Occurrences | Output Co-occurrences | Potential Output Occurrences |
|:----------:|:--------------:|:---------------------:|:---------------------:|:----------------------------:|
| iv_504-iv_506 | 1876 | 4148 | 42 | 76 |
| iv_506-iv_507 | 1995 | 4157 | 39 | 80 |
| iv_502-iv_505 | 1828 | 4157 | 36 | 89 |
| iv_504-iv_505 | 1847 | 4163 | 41 | 75 |
| iv_501-iv_505 | 1906 | 4165 | 36 | 86 |
| iv_501-iv_511 | 2054 | 4169 | 41 | 77 |
| iv_498-iv_501 | 1918 | 4178 | 40 | 87 |
| iv_500-iv_511 | 2078 | 4179 | 38 | 80 |
| iv_500-iv_505 | 1922 | 4191 | 42 | 71 |
| iv_498-iv_504 | 1845 | 4204 | 46 | 74 |
| iv_505-iv_510 | 1992 | 4210 | 40 | 73 |
| iv_502-iv_504 | 1807 | 4214 | 42 | 76 |
| iv_502-iv_506 | 1817 | 4222 | 44 | 76 |

### Input Bit Output Co-occurrences Sorted by Output Co-occurrences

| Input Bits | Co-occurrences | Potential Occurrences | Output Co-occurrences | Potential Output Occurrences |
|:----------:|:--------------:|:---------------------:|:---------------------:|:----------------------------:|
| iv_498-iv_502 | 1763 | 4324 | 46 | 78 |
| iv_498-iv_504 | 1845 | 4204 | 46 | 74 |
| iv_502-iv_511 | 1921 | 4271 | 45 | 72 |
| iv_502-iv_506 | 1817 | 4222 | 44 | 76 |
| iv_498-iv_503 | 1873 | 4364 | 43 | 80 |
| iv_498-iv_507 | 1900 | 4341 | 43 | 78 |
| iv_498-iv_511 | 1893 | 4393 | 43 | 82 |
| iv_499-iv_501 | 1874 | 4407 | 42 | 70 |
| iv_499-iv_503 | 1937 | 4377 | 42 | 69 |
| iv_502-iv_504 | 1807 | 4214 | 42 | 76 |
| iv_503-iv_505 | 1924 | 4225 | 42 | 73 |
| iv_498-iv_510 | 1953 | 4325 | 42 | 78 |
| iv_502-iv_507 | 1899 | 4277 | 42 | 74 |

### Input Bit Output Co-occurrences Sorted by Potential Output Occurrences

| Input Bits | Co-occurrences | Potential Occurrences | Output Co-occurrences | Potential Output Occurrences |
|:----------:|:--------------:|:---------------------:|:---------------------:|:----------------------------:|
| iv_499-iv_503 | 1937 | 4377 | 42 | 69 |
| iv_499-iv_501 | 1874 | 4407 | 42 | 70 |
| iv_500-iv_505 | 1922 | 4191 | 42 | 71 |
| iv_502-iv_511 | 1921 | 4271 | 45 | 72 |
| iv_503-iv_505 | 1924 | 4225 | 42 | 73 |
| iv_500-iv_501 | 1961 | 4248 | 41 | 73 |
| iv_501-iv_510 | 1939 | 4451 | 40 | 73 |
| iv_505-iv_510 | 1992 | 4210 | 40 | 73 |
| iv_498-iv_504 | 1845 | 4204 | 46 | 74 |
| iv_500-iv_510 | 2059 | 4269 | 38 | 74 |
| iv_502-iv_507 | 1899 | 4277 | 42 | 74 |
| iv_504-iv_505 | 1847 | 4163 | 41 | 75 |
| iv_499-iv_507 | 1915 | 4452 | 38 | 75 |

## Output Bits

### Output Bits in Regular Order

| Rank | Output Bit | Complexity |
|:----:|:----------:|:----------:|
| 1 | ov_001 | 3.2932100461031535 × 10^300 |
| 2 | ov_002 | 2.865505728938755 × 10^300 |
| 3 | ov_003 | 2.4815213000449894 × 10^300 |
| 4 | ov_004 | 2.1379807102261175 × 10^300 |
| 5 | ov_005 | 1.8317868668599924 × 10^300 |
| 6 | ov_006 | 1.560008998753265 × 10^300 |
| 7 | ov_007 | 1.3198716765929568 × 10^300 |
| 8 | ov_008 | 1.1087453360233365 × 10^300 |
| 9 | ov_009 | 9.241381585487274 × 10^299 |
| 10 | ov_010 | 7.636891733405472 × 10^299 |
| 11 | ov_011 | 6.251624506633563 × 10^299 |
| 12 | ov_012 | 5.064422650759686 × 10^299 |
| 13 | ov_013 | 4.055291138494261 × 10^299 |
| 14 | ov_014 | 3.20536483207758 × 10^299 |
| 15 | ov_015 | 2.4968826206840328 × 10^299 |
| 16 | ov_016 | 1.9131670996057193 × 10^299 |
| 17 | ov_017 | 1.438608927507948 × 10^299 |
| 18 | ov_018 | 1.0586550672055945 × 10^299 |
| 19 | ov_019 | 7.598001843281088 × 10^298 |
| 20 | ov_020 | 5.295805470063385 × 10^298 |
| 21 | ov_021 | 3.565698383844659 × 10^298 |
| 22 | ov_022 | 2.303763623734171 × 10^298 |
| 23 | ov_023 | 1.4164121125985528 × 10^298 |
| 24 | ov_024 | 8.203708691564113 × 10^297 |
| 25 | ov_025 | 4.426757762188831 × 10^297 |
| 26 | ov_026 | 2.2066750699444006 × 10^297 |
| 27 | ov_027 | 1.0198951230184327 × 10^297 |
| 28 | ov_028 | 4.45871988271952 × 10^296 |
| 29 | ov_029 | 1.6707664514829731 × 10^296 |
| 30 | ov_030 | 5.04986740565127 × 10^295 |
| 31 | ov_031 | 1.11764600455173 × 10^295 |
| 32 | lv_80_m31 | 2.178862165977461 × 10^294 |
| 33 | ov_033 | 2.61631863692086 × 10^295 |
| 34 | ov_034 | 2.270392043987471 × 10^295 |
| 35 | ov_035 | 1.9604139800421767 × 10^295 |
| 36 | ov_036 | 1.6836615741181418 × 10^295 |
| 37 | ov_037 | 1.4375604360193209 × 10^295 |
| 38 | ov_038 | 1.219674219405795 × 10^295 |
| 39 | ov_039 | 1.0276955575348924 × 10^295 |
| 40 | ov_040 | 8.594382413035317 × 10^294 |
| 41 | ov_041 | 7.128305171871082 × 10^294 |
| 42 | ov_042 | 5.859093902076482 × 10^294 |
| 43 | ov_043 | 4.768158242380713 × 10^294 |
| 44 | ov_044 | 3.837907388063083 × 10^294 |
| 45 | ov_045 | 3.051717081454913 × 10^294 |
| 46 | ov_046 | 2.3939027458408826 × 10^294 |
| 47 | ov_047 | 1.8496979451914733 × 10^294 |
| 48 | ov_048 | 1.405237412000133 × 10^294 |
| 49 | ov_049 | 1.047543943991194 × 10^294 |
| 50 | ov_050 | 7.645185278771358 × 10^293 |
| 51 | ov_051 | 5.449331049148366 × 10^293 |
| 52 | ov_052 | 3.784254489469179 × 10^293 |
| 53 | ov_053 | 2.5549568309157274 × 10^293 |
| 54 | ov_054 | 1.6750401640646926 × 10^293 |
| 55 | ov_055 | 1.0666933681240995 × 10^293 |
| 56 | ov_056 | 6.606836386210881 × 10^292 |
| 57 | ov_057 | 3.9635153672536055 × 10^292 |
| 58 | ov_058 | 2.2160826780566142 × 10^292 |
| 59 | ov_059 | 1.1255186359459807 × 10^292 |
| 60 | ov_060 | 4.95647876422873 × 10^291 |
| 61 | ov_061 | 1.7313771015723992 × 10^291 |
| 62 | ov_062 | 4.749764777024925 × 10^290 |
| 63 | ov_063 | 9.258370374738921 × 10^289 |
| 64 | lv_79_m31 | 1.8043044562713652 × 10^289 |
| 65 | ov_065 | 2.1697333964789332 × 10^290 |
| 66 | ov_066 | 2.1697269389943957 × 10^290 |
| 67 | ov_067 | 2.1697253586368325 × 10^290 |
| 68 | ov_068 | 1.881051086742893 × 10^290 |
| 69 | ov_069 | 1.6229593004304332 × 10^290 |
| 70 | ov_070 | 1.3930036950125471 × 10^290 |
| 71 | ov_071 | 1.188888440645088 × 10^290 |
| 72 | ov_072 | 1.0084579948098308 × 10^290 |
| 73 | ov_073 | 8.496878164444591 × 10^289 |
| 74 | ov_074 | 7.10675933740339 × 10^289 |
| 75 | ov_075 | 5.896353195168047 × 10^289 |
| 76 | ov_076 | 4.848870296403487 × 10^289 |
| 77 | ov_077 | 3.9485406122918206 × 10^289 |
| 78 | ov_078 | 3.180558884059056 × 10^289 |
| 79 | ov_079 | 2.5310363416868914 × 10^289 |
| 80 | ov_080 | 1.9869583757697539 × 10^289 |
| 81 | ov_081 | 1.5361477592127846 × 10^289 |
| 82 | ov_082 | 1.1672330189550156 × 10^289 |
| 83 | ov_083 | 8.696215603916147 × 10^288 |
| 84 | ov_084 | 6.334771488816577 × 10^288 |
| 85 | ov_085 | 4.49701353859696 × 10^288 |
| 86 | ov_086 | 3.0991856178925465 × 10^288 |
| 87 | ov_087 | 2.0646416464052154 × 10^288 |
| 88 | ov_088 | 1.3237553084115836 × 10^288 |
| 89 | ov_089 | 8.138536580277449 × 10^287 |
| 90 | ov_090 | 4.7917069208413036 × 10^287 |
| 91 | ov_091 | 2.708169628759745 × 10^287 |
| 92 | ov_092 | 1.4676133616877067 × 10^287 |
| 93 | ov_093 | 7.182119405466125 × 10^286 |
| 94 | ov_094 | 3.011654922256979 × 10^286 |
| 95 | aaa_78_28 | 9.188737956605235 × 10^285 |
| 96 | aaa_78_29 | 3.2839328151156567 × 10^285 |
| 97 | ov_097 | 2.168130560013719 × 10^285 |
| 98 | ov_098 | 2.1680654441669506 × 10^285 |
| 99 | ov_099 | 2.168044628733886 × 10^285 |
| 100 | ov_100 | 1.9507402290744997 × 10^285 |
| 101 | ov_101 | 1.7495252656624246 × 10^285 |
| 102 | ov_102 | 1.5635098227467375 × 10^285 |
| 103 | ov_103 | 1.3918686385857814 × 10^285 |
| 104 | ov_104 | 1.2338328820970016 × 10^285 |
| 105 | ov_105 | 1.088682667431781 × 10^285 |
| 106 | ov_106 | 9.557402675894192 × 10^284 |
| 107 | ov_107 | 8.343639896904999 × 10^284 |
| 108 | ov_108 | 7.23942675761698 × 10^284 |
| 109 | ov_109 | 6.238907938778857 × 10^284 |
| 110 | ov_110 | 5.336440852963221 × 10^284 |
| 111 | ov_111 | 4.526557338307783 × 10^284 |
| 112 | ov_112 | 3.803930241784085 × 10^284 |
| 113 | ov_113 | 3.163344562545909 × 10^284 |
| 114 | ov_114 | 2.599672828341406 × 10^284 |
| 115 | ov_115 | 2.1078543796236886 × 10^284 |
| 116 | ov_116 | 1.6828782370534618 × 10^284 |
| 117 | ov_117 | 1.3197692287212527 × 10^284 |
| 118 | ov_118 | 1.013577053769706 × 10^284 |
| 119 | ov_119 | 7.593679592833122 × 10^283 |
| 120 | ov_120 | 5.5221870741237 × 10^283 |
| 121 | ov_121 | 3.8721250975275693 × 10^283 |
| 122 | ov_122 | 2.59436461047234 × 10^283 |
| 123 | ov_123 | 1.6397989966847255 × 10^283 |
| 124 | ov_124 | 9.593334806619801 × 10^282 |
| 125 | ov_125 | 5.0387874394105464 × 10^282 |
| 126 | ov_126 | 2.2434746526283178 × 10^282 |
| 127 | aaa_77_28 | 7.165284742705174 × 10^281 |
| 128 | aaa_77_29 | 2.687006396339946 × 10^281 |
| 129 | ov_129 | 2.5059029221764184 × 10^281 |
| 130 | ov_130 | 2.5058958132207708 × 10^281 |
| 131 | ov_131 | 2.5058940920996238 × 10^281 |
| 132 | ov_132 | 2.1767139748411165 × 10^281 |
| 133 | ov_133 | 1.8814855862937644 × 10^281 |
| 134 | ov_134 | 1.617654205914212 × 10^281 |
| 135 | ov_135 | 1.3828043995649165 × 10^281 |
| 136 | ov_136 | 1.1746500689039756 × 10^281 |
| 137 | ov_137 | 9.91025819530972 × 10^280 |
| 138 | ov_138 | 8.298795261731411 × 10^280 |
| 139 | ov_139 | 6.892659795200995 × 10^280 |
| 140 | ov_140 | 5.673415054329792 × 10^280 |
| 141 | ov_141 | 4.623594532073247 × 10^280 |
| 142 | ov_142 | 3.726664553947259 × 10^280 |
| 143 | ov_143 | 2.9669936741659317 × 10^280 |
| 144 | ov_144 | 2.329828008601425 × 10^280 |
| 145 | ov_145 | 1.801271699522619 × 10^280 |
| 146 | ov_146 | 1.368271762777306 × 10^280 |
| 147 | ov_147 | 1.0186066235654998 × 10^280 |
| 148 | ov_148 | 7.40877702296397 × 10^279 |
| 149 | ov_149 | 5.245034672849199 × 10^279 |
| 150 | ov_150 | 3.5971542625861546 × 10^279 |
| 151 | ov_151 | 2.3755558383011806 × 10^279 |
| 152 | ov_152 | 1.4987494725500636 × 10^279 |
| 153 | ov_153 | 8.933271794697946 × 10^278 |
| 154 | ov_154 | 4.939587368568409 × 10^278 |
| 155 | ov_155 | 2.4338943073628656 × 10^278 |
| 156 | aaa_76_25 | 9.243882731835339 × 10^277 |
| 157 | aaa_76_26 | 5.246215783886808 × 10^277 |
| 158 | aaa_76_27 | 2.6984027442205976 × 10^277 |
| 159 | aaa_76_28 | 1.1967888695778582 × 10^277 |
| 160 | aaa_76_29 | 3.6452542434061826 × 10^276 |

### Output Bits Sorted by Complexity

| Rank | Output Bit | Complexity |
|:----:|:----------:|:----------:|
| 160 | aaa_76_29 | 3.6452542434061826 × 10^276 |
| 159 | aaa_76_28 | 1.1967888695778582 × 10^277 |
| 158 | aaa_76_27 | 2.6984027442205976 × 10^277 |
| 157 | aaa_76_26 | 5.246215783886808 × 10^277 |
| 156 | aaa_76_25 | 9.243882731835339 × 10^277 |
| 155 | ov_155 | 2.4338943073628656 × 10^278 |
| 154 | ov_154 | 4.939587368568409 × 10^278 |
| 153 | ov_153 | 8.933271794697946 × 10^278 |
| 152 | ov_152 | 1.4987494725500636 × 10^279 |
| 151 | ov_151 | 2.3755558383011806 × 10^279 |
| 150 | ov_150 | 3.5971542625861546 × 10^279 |
| 149 | ov_149 | 5.245034672849199 × 10^279 |
| 148 | ov_148 | 7.40877702296397 × 10^279 |
| 147 | ov_147 | 1.0186066235654998 × 10^280 |
| 146 | ov_146 | 1.368271762777306 × 10^280 |
| 145 | ov_145 | 1.801271699522619 × 10^280 |
| 144 | ov_144 | 2.329828008601425 × 10^280 |
| 143 | ov_143 | 2.9669936741659317 × 10^280 |
| 142 | ov_142 | 3.726664553947259 × 10^280 |
| 141 | ov_141 | 4.623594532073247 × 10^280 |
| 140 | ov_140 | 5.673415054329792 × 10^280 |
| 139 | ov_139 | 6.892659795200995 × 10^280 |
| 138 | ov_138 | 8.298795261731411 × 10^280 |
| 137 | ov_137 | 9.91025819530972 × 10^280 |
| 136 | ov_136 | 1.1746500689039756 × 10^281 |
| 135 | ov_135 | 1.3828043995649165 × 10^281 |
| 134 | ov_134 | 1.617654205914212 × 10^281 |
| 133 | ov_133 | 1.8814855862937644 × 10^281 |
| 132 | ov_132 | 2.1767139748411165 × 10^281 |
| 131 | ov_131 | 2.5058940920996238 × 10^281 |
| 130 | ov_130 | 2.5058958132207708 × 10^281 |
| 129 | ov_129 | 2.5059029221764184 × 10^281 |
| 128 | aaa_77_29 | 2.687006396339946 × 10^281 |
| 127 | aaa_77_28 | 7.165284742705174 × 10^281 |
| 126 | ov_126 | 2.2434746526283178 × 10^282 |
| 125 | ov_125 | 5.0387874394105464 × 10^282 |
| 124 | ov_124 | 9.593334806619801 × 10^282 |
| 123 | ov_123 | 1.6397989966847255 × 10^283 |
| 122 | ov_122 | 2.59436461047234 × 10^283 |
| 121 | ov_121 | 3.8721250975275693 × 10^283 |
| 120 | ov_120 | 5.5221870741237 × 10^283 |
| 119 | ov_119 | 7.593679592833122 × 10^283 |
| 118 | ov_118 | 1.013577053769706 × 10^284 |
| 117 | ov_117 | 1.3197692287212527 × 10^284 |
| 116 | ov_116 | 1.6828782370534618 × 10^284 |
| 115 | ov_115 | 2.1078543796236886 × 10^284 |
| 114 | ov_114 | 2.599672828341406 × 10^284 |
| 113 | ov_113 | 3.163344562545909 × 10^284 |
| 112 | ov_112 | 3.803930241784085 × 10^284 |
| 111 | ov_111 | 4.526557338307783 × 10^284 |
| 110 | ov_110 | 5.336440852963221 × 10^284 |
| 109 | ov_109 | 6.238907938778857 × 10^284 |
| 108 | ov_108 | 7.23942675761698 × 10^284 |
| 107 | ov_107 | 8.343639896904999 × 10^284 |
| 106 | ov_106 | 9.557402675894192 × 10^284 |
| 105 | ov_105 | 1.088682667431781 × 10^285 |
| 104 | ov_104 | 1.2338328820970016 × 10^285 |
| 103 | ov_103 | 1.3918686385857814 × 10^285 |
| 102 | ov_102 | 1.5635098227467375 × 10^285 |
| 101 | ov_101 | 1.7495252656624246 × 10^285 |
| 100 | ov_100 | 1.9507402290744997 × 10^285 |
| 99 | ov_099 | 2.168044628733886 × 10^285 |
| 98 | ov_098 | 2.1680654441669506 × 10^285 |
| 97 | ov_097 | 2.168130560013719 × 10^285 |
| 96 | aaa_78_29 | 3.2839328151156567 × 10^285 |
| 95 | aaa_78_28 | 9.188737956605235 × 10^285 |
| 94 | ov_094 | 3.011654922256979 × 10^286 |
| 93 | ov_093 | 7.182119405466125 × 10^286 |
| 92 | ov_092 | 1.4676133616877067 × 10^287 |
| 91 | ov_091 | 2.708169628759745 × 10^287 |
| 90 | ov_090 | 4.7917069208413036 × 10^287 |
| 89 | ov_089 | 8.138536580277449 × 10^287 |
| 88 | ov_088 | 1.3237553084115836 × 10^288 |
| 87 | ov_087 | 2.0646416464052154 × 10^288 |
| 86 | ov_086 | 3.0991856178925465 × 10^288 |
| 85 | ov_085 | 4.49701353859696 × 10^288 |
| 84 | ov_084 | 6.334771488816577 × 10^288 |
| 83 | ov_083 | 8.696215603916147 × 10^288 |
| 82 | ov_082 | 1.1672330189550156 × 10^289 |
| 81 | ov_081 | 1.5361477592127846 × 10^289 |
| 64 | lv_79_m31 | 1.8043044562713652 × 10^289 |
| 80 | ov_080 | 1.9869583757697539 × 10^289 |
| 79 | ov_079 | 2.5310363416868914 × 10^289 |
| 78 | ov_078 | 3.180558884059056 × 10^289 |
| 77 | ov_077 | 3.9485406122918206 × 10^289 |
| 76 | ov_076 | 4.848870296403487 × 10^289 |
| 75 | ov_075 | 5.896353195168047 × 10^289 |
| 74 | ov_074 | 7.10675933740339 × 10^289 |
| 73 | ov_073 | 8.496878164444591 × 10^289 |
| 63 | ov_063 | 9.258370374738921 × 10^289 |
| 72 | ov_072 | 1.0084579948098308 × 10^290 |
| 71 | ov_071 | 1.188888440645088 × 10^290 |
| 70 | ov_070 | 1.3930036950125471 × 10^290 |
| 69 | ov_069 | 1.6229593004304332 × 10^290 |
| 68 | ov_068 | 1.881051086742893 × 10^290 |
| 67 | ov_067 | 2.1697253586368325 × 10^290 |
| 66 | ov_066 | 2.1697269389943957 × 10^290 |
| 65 | ov_065 | 2.1697333964789332 × 10^290 |
| 62 | ov_062 | 4.749764777024925 × 10^290 |
| 61 | ov_061 | 1.7313771015723992 × 10^291 |
| 60 | ov_060 | 4.95647876422873 × 10^291 |
| 59 | ov_059 | 1.1255186359459807 × 10^292 |
| 58 | ov_058 | 2.2160826780566142 × 10^292 |
| 57 | ov_057 | 3.9635153672536055 × 10^292 |
| 56 | ov_056 | 6.606836386210881 × 10^292 |
| 55 | ov_055 | 1.0666933681240995 × 10^293 |
| 54 | ov_054 | 1.6750401640646926 × 10^293 |
| 53 | ov_053 | 2.5549568309157274 × 10^293 |
| 52 | ov_052 | 3.784254489469179 × 10^293 |
| 51 | ov_051 | 5.449331049148366 × 10^293 |
| 50 | ov_050 | 7.645185278771358 × 10^293 |
| 49 | ov_049 | 1.047543943991194 × 10^294 |
| 48 | ov_048 | 1.405237412000133 × 10^294 |
| 47 | ov_047 | 1.8496979451914733 × 10^294 |
| 32 | lv_80_m31 | 2.178862165977461 × 10^294 |
| 46 | ov_046 | 2.3939027458408826 × 10^294 |
| 45 | ov_045 | 3.051717081454913 × 10^294 |
| 44 | ov_044 | 3.837907388063083 × 10^294 |
| 43 | ov_043 | 4.768158242380713 × 10^294 |
| 42 | ov_042 | 5.859093902076482 × 10^294 |
| 41 | ov_041 | 7.128305171871082 × 10^294 |
| 40 | ov_040 | 8.594382413035317 × 10^294 |
| 39 | ov_039 | 1.0276955575348924 × 10^295 |
| 31 | ov_031 | 1.11764600455173 × 10^295 |
| 38 | ov_038 | 1.219674219405795 × 10^295 |
| 37 | ov_037 | 1.4375604360193209 × 10^295 |
| 36 | ov_036 | 1.6836615741181418 × 10^295 |
| 35 | ov_035 | 1.9604139800421767 × 10^295 |
| 34 | ov_034 | 2.270392043987471 × 10^295 |
| 33 | ov_033 | 2.61631863692086 × 10^295 |
| 30 | ov_030 | 5.04986740565127 × 10^295 |
| 29 | ov_029 | 1.6707664514829731 × 10^296 |
| 28 | ov_028 | 4.45871988271952 × 10^296 |
| 27 | ov_027 | 1.0198951230184327 × 10^297 |
| 26 | ov_026 | 2.2066750699444006 × 10^297 |
| 25 | ov_025 | 4.426757762188831 × 10^297 |
| 24 | ov_024 | 8.203708691564113 × 10^297 |
| 23 | ov_023 | 1.4164121125985528 × 10^298 |
| 22 | ov_022 | 2.303763623734171 × 10^298 |
| 21 | ov_021 | 3.565698383844659 × 10^298 |
| 20 | ov_020 | 5.295805470063385 × 10^298 |
| 19 | ov_019 | 7.598001843281088 × 10^298 |
| 18 | ov_018 | 1.0586550672055945 × 10^299 |
| 17 | ov_017 | 1.438608927507948 × 10^299 |
| 16 | ov_016 | 1.9131670996057193 × 10^299 |
| 15 | ov_015 | 2.4968826206840328 × 10^299 |
| 14 | ov_014 | 3.20536483207758 × 10^299 |
| 13 | ov_013 | 4.055291138494261 × 10^299 |
| 12 | ov_012 | 5.064422650759686 × 10^299 |
| 11 | ov_011 | 6.251624506633563 × 10^299 |
| 10 | ov_010 | 7.636891733405472 × 10^299 |
| 9 | ov_009 | 9.241381585487274 × 10^299 |
| 8 | ov_008 | 1.1087453360233365 × 10^300 |
| 7 | ov_007 | 1.3198716765929568 × 10^300 |
| 6 | ov_006 | 1.560008998753265 × 10^300 |
| 5 | ov_005 | 1.8317868668599924 × 10^300 |
| 4 | ov_004 | 2.1379807102261175 × 10^300 |
| 3 | ov_003 | 2.4815213000449894 × 10^300 |
| 2 | ov_002 | 2.865505728938755 × 10^300 |
| 1 | ov_001 | 3.2932100461031535 × 10^300 |

