# Results for F001-F002-F003-F004-F005-F006-F007-F008-F009-F010-F011-F012-F013-F014-F015-F016-F017-F018-F019-F020-F021-F022-F023-F024-F025-F026-F027-F028-F029-F030-F031-F032-F033-F034-F035-F036-F037-F038-F039-F040-F041-F042-F043-F044-F045-F046-F047-F048-F049-F050-F051-F052-F053-F054-F055-F056-F057-F058-F059-F060-F061-F062-F063-F064-F065-F066-F067-F068-F069-F070-F071-F072-F073-F074-F075-F076-F077-F078-F079-F080-F081-F082-F083-F084-F085-F086-F087-F088-F089-F090-F091-F092-F093-F094-F095-F096-F097-F098-F099-F100-F101-F102-F103-F104-F105-F106-F107-F108-F109-F110-F111-F112-F113-F114-F115-F116-F117-F118-F119-F120-F121-F122-F123-F124-F125-F126-F127-F128-F129-F130-F131-F132-F133-F134-F135-F136-F137-F138-F139-F140-F141-F142-F143-F144-F145-F146-F147-F148-F149-F150-F151-F152-F153-F154-F155-F156-F157-F158-F159-F160-F161-F162-F163-F164-F165-F166-F167-F168-F169-F170-F171-F172-F173-F174-F175-F176-F177-F178-F179-F180-F181-F182-F183-F184-F185-F186-F187-F188-F189-F190-F191-F192-F193-F194-F195-F196-F197-F198-F199-F200-F201-F202-F203-F204-F205-F206-F207-F208-F209-F210-F211-F212-F213-F214-F215-F216-F217-F218-F219-F220-F221-F222-F223-F224-F225-F226-F227-F228-F229-F230-F231-F232-F233-F234-F235-F236-F237-F238-F239-F240-F241-F242-F243-F244-F245-F246-F247-F248-F249-F250-F251-F252-F253-F254-F255-F256-F257-F258-F259-F260-F261-F262-F263-F264-F265-F266-F267-F268-F269-F270-F271-F272-F273-F274-F275-F276-F277-F278-F279-F280-F281-F282-F283-F284-F285-F286-F287-F288-F289-F290-F291-F292-F293-F294-F295-F296-F297-F298-F299-F300-F301-F302-F303-F304-F305-F306-F307-F308-F309-F310-F311-F312-F313-F314-F315-F316-F317-F318-F319-F320-F321-F322-F323-F324-F325-F326-F327-F328-F329-F330-F331-F332-F333-F334-F335-F336-F337-F338-F339-F340-F341-F342-F343-F344-F345-F346-F347-F348-F349-F350-F351-F352-F353-F354-F355-F356-F357-F358-F359-F360-F361-F362-F363-F364-F365-F366-F367-F368-F369-F370-F371-F372-F373-F374-F375-F376-F377-F378-F379-F380-F381-F382-F383-F384-F385-F386-F387-F388-F389-F390-F391-F392-F393-F394-F395-F396-F397-F398-F399-F400-F401-F402-F403-F404-F405-F406-F407-F408-F409-F410-F411-F412-F413-F414-F415-F416-F417-F418-F419-F420-F421-F422-F423-F424-F425-F426-F427-F428-F429-F430-F431-F432-F433-F434-F435-F436-F437-F438-F439-F440-F441-F442-F443-F444-F445-F446-F447-F448-F449-F450-F451-F452-F453-F454-F455-F456-F457-F458-F459-F460-F461-F462-F463-F464-F465-F466-F467-F468-F469-F470-F471-F472-F473-F474-F475-F476-F477-F478-F479-F480-F481-F482-F483-F484-F485-F486-F487-F488-F489-F490-F491-F492-F493-F494-F495-F496-O500505-E507510-F512

## Summary

Number of input bits: 512  
Number of free input bits: 13  
Number of output bits: 160

Number of direct occurrences: 53497  
Number of assignments: 31948  
Number of operations: 11330450
(xor: 11301843,
and: 14988,
or: 13619)

Total complexity: 9.008418900102984 × 10^302

Least occurring input variable: iv_502 (3848)  
Most occurring input variable: iv_507 (4483)

Most co-occurring input variables: iv_507-iv_508 (2187)  
Least co-occurring input variables: iv_499-iv_502 (1737)

Potentially most occurring input variable: iv_497/iv_507 (4666)  
Potentially least occurring input variable: iv_504/iv_508 (4114)

Least output occurring input variable: iv_507 (63)  
Most output occurring input variable: iv_498 (91)

Most output co-occurring input variables: iv_506-iv_508 (52)  
Least output co-occurring input variables: iv_502-iv_507 (26)

Potentially most output occurring input variable: iv_502/iv_503 (93)  
Potentially least output occurring input variable: iv_506/iv_508 (63)

Least complex input bit: iv_511 (1.8556922239473863 × 10^299)  
Most complex input bit: iv_507 (2.8103623649186584 × 10^302)

Least complex output bit: aaa_76_29 (3.2341348540094326 × 10^277)  
Most complex output bit: ov_001 (1.408354901444461 × 10^302)

Least complex input/output complexity: iv_511/aaa_76_29 (6.662166764596063 × 10^273)  
Most complex input/output complexity: iv_507/ov_001 (4.393654042245957 × 10^301)

## Input Bits

### Input Bits in Regular Order

| Input Bit | Complexity | Occurrences | Output Occurrences |
|:---------:|:----------:|:-----------:|:------------------:|
| iv_497 | 8.7054721151001 × 10^299 | 4145 | 88 |
| iv_498 | 1.7347555616843684 × 10^300 | 3969 | 91 |
| iv_499 | 3.0529893292312927 × 10^300 | 3925 | 72 |
| iv_500 | 5.800326596092304 × 10^301 | 4222 | 72 |
| iv_501 | 8.632055843493076 × 10^300 | 4108 | 83 |
| iv_502 | 1.4025086052770052 × 10^301 | 3848 | 71 |
| iv_503 | 2.2270193551807868 × 10^301 | 4186 | 82 |
| iv_504 | 3.46247602270134 × 10^301 | 3955 | 70 |
| iv_506 | 7.937991310587981 × 10^301 | 3993 | 80 |
| iv_507 | 2.8103623649186584 × 10^302 | 4483 | 63 |
| iv_508 | 1.6655589886824546 × 10^302 | 4175 | 87 |
| iv_509 | 2.3047061858348044 × 10^302 | 4245 | 80 |
| iv_511 | 1.8556922239473863 × 10^299 | 4243 | 79 |

### Input Bits Sorted by Complexity

| Input Bit | Complexity | Occurrences | Output Occurrences |
|:---------:|:----------:|:-----------:|:------------------:|
| iv_511 | 1.8556922239473863 × 10^299 | 4243 | 79 |
| iv_497 | 8.7054721151001 × 10^299 | 4145 | 88 |
| iv_498 | 1.7347555616843684 × 10^300 | 3969 | 91 |
| iv_499 | 3.0529893292312927 × 10^300 | 3925 | 72 |
| iv_501 | 8.632055843493076 × 10^300 | 4108 | 83 |
| iv_502 | 1.4025086052770052 × 10^301 | 3848 | 71 |
| iv_503 | 2.2270193551807868 × 10^301 | 4186 | 82 |
| iv_504 | 3.46247602270134 × 10^301 | 3955 | 70 |
| iv_500 | 5.800326596092304 × 10^301 | 4222 | 72 |
| iv_506 | 7.937991310587981 × 10^301 | 3993 | 80 |
| iv_508 | 1.6655589886824546 × 10^302 | 4175 | 87 |
| iv_509 | 2.3047061858348044 × 10^302 | 4245 | 80 |
| iv_507 | 2.8103623649186584 × 10^302 | 4483 | 63 |

### Input Bits Sorted by Occurrences

| Input Bit | Complexity | Occurrences | Output Occurrences |
|:---------:|:----------:|:-----------:|:------------------:|
| iv_502 | 1.4025086052770052 × 10^301 | 3848 | 71 |
| iv_499 | 3.0529893292312927 × 10^300 | 3925 | 72 |
| iv_504 | 3.46247602270134 × 10^301 | 3955 | 70 |
| iv_498 | 1.7347555616843684 × 10^300 | 3969 | 91 |
| iv_506 | 7.937991310587981 × 10^301 | 3993 | 80 |
| iv_501 | 8.632055843493076 × 10^300 | 4108 | 83 |
| iv_497 | 8.7054721151001 × 10^299 | 4145 | 88 |
| iv_508 | 1.6655589886824546 × 10^302 | 4175 | 87 |
| iv_503 | 2.2270193551807868 × 10^301 | 4186 | 82 |
| iv_500 | 5.800326596092304 × 10^301 | 4222 | 72 |
| iv_511 | 1.8556922239473863 × 10^299 | 4243 | 79 |
| iv_509 | 2.3047061858348044 × 10^302 | 4245 | 80 |
| iv_507 | 2.8103623649186584 × 10^302 | 4483 | 63 |

### Input Bits Sorted by Output Occurrences

| Input Bit | Complexity | Occurrences | Output Occurrences |
|:---------:|:----------:|:-----------:|:------------------:|
| iv_507 | 2.8103623649186584 × 10^302 | 4483 | 63 |
| iv_504 | 3.46247602270134 × 10^301 | 3955 | 70 |
| iv_502 | 1.4025086052770052 × 10^301 | 3848 | 71 |
| iv_500 | 5.800326596092304 × 10^301 | 4222 | 72 |
| iv_499 | 3.0529893292312927 × 10^300 | 3925 | 72 |
| iv_511 | 1.8556922239473863 × 10^299 | 4243 | 79 |
| iv_509 | 2.3047061858348044 × 10^302 | 4245 | 80 |
| iv_506 | 7.937991310587981 × 10^301 | 3993 | 80 |
| iv_503 | 2.2270193551807868 × 10^301 | 4186 | 82 |
| iv_501 | 8.632055843493076 × 10^300 | 4108 | 83 |
| iv_508 | 1.6655589886824546 × 10^302 | 4175 | 87 |
| iv_497 | 8.7054721151001 × 10^299 | 4145 | 88 |
| iv_498 | 1.7347555616843684 × 10^300 | 3969 | 91 |

## Input Bit Co-occurrences

### Input Bit Co-occurrences Sorted by Co-occurrences

| Input Bits | Co-occurrences | Potential Occurrences | Output Co-occurrences | Potential Output Occurrences |
|:----------:|:--------------:|:---------------------:|:---------------------:|:----------------------------:|
| iv_507-iv_508 | 2187 | 4284 | 36 | 78 |
| iv_507-iv_509 | 2146 | 4436 | 32 | 79 |
| iv_507-iv_511 | 2141 | 4444 | 33 | 76 |
| iv_503-iv_507 | 2117 | 4435 | 31 | 83 |
| iv_501-iv_507 | 2086 | 4419 | 28 | 90 |
| iv_508-iv_511 | 2086 | 4246 | 43 | 80 |
| iv_509-iv_511 | 2076 | 4336 | 36 | 87 |
| iv_500-iv_507 | 2071 | 4563 | 28 | 79 |
| iv_503-iv_511 | 2057 | 4315 | 41 | 79 |
| iv_508-iv_509 | 2055 | 4310 | 38 | 91 |
| iv_503-iv_508 | 2053 | 4255 | 44 | 81 |
| iv_501-iv_511 | 2043 | 4265 | 39 | 84 |
| iv_501-iv_509 | 2041 | 4271 | 44 | 75 |

### Input Bit Co-occurrences Sorted by Potential Occurrences

| Input Bits | Co-occurrences | Potential Occurrences | Output Co-occurrences | Potential Output Occurrences |
|:----------:|:--------------:|:---------------------:|:---------------------:|:----------------------------:|
| iv_504-iv_508 | 2008 | 4114 | 39 | 79 |
| iv_499-iv_508 | 1972 | 4156 | 43 | 73 |
| iv_504-iv_506 | 1889 | 4170 | 37 | 76 |
| iv_502-iv_508 | 1924 | 4175 | 42 | 74 |
| iv_499-iv_509 | 1995 | 4180 | 41 | 70 |
| iv_499-iv_504 | 1849 | 4182 | 29 | 84 |
| iv_506-iv_508 | 1985 | 4198 | 52 | 63 |
| iv_500-iv_504 | 1982 | 4213 | 32 | 78 |
| iv_498-iv_504 | 1851 | 4222 | 41 | 79 |
| iv_498-iv_508 | 1960 | 4224 | 49 | 80 |
| iv_497-iv_504 | 1938 | 4224 | 41 | 76 |
| iv_498-iv_506 | 1869 | 4224 | 42 | 87 |
| iv_502-iv_506 | 1806 | 4229 | 39 | 73 |

### Input Bit Output Co-occurrences Sorted by Output Co-occurrences

| Input Bits | Co-occurrences | Potential Occurrences | Output Co-occurrences | Potential Output Occurrences |
|:----------:|:--------------:|:---------------------:|:---------------------:|:----------------------------:|
| iv_506-iv_508 | 1985 | 4198 | 52 | 63 |
| iv_497-iv_503 | 2001 | 4329 | 50 | 70 |
| iv_498-iv_508 | 1960 | 4224 | 49 | 80 |
| iv_497-iv_509 | 2040 | 4310 | 49 | 70 |
| iv_497-iv_498 | 1899 | 4316 | 49 | 81 |
| iv_498-iv_501 | 1883 | 4311 | 48 | 78 |
| iv_497-iv_506 | 1949 | 4240 | 48 | 72 |
| iv_498-iv_503 | 1893 | 4369 | 48 | 77 |
| iv_497-iv_501 | 2007 | 4239 | 46 | 79 |
| iv_501-iv_508 | 1932 | 4419 | 44 | 82 |
| iv_501-iv_509 | 2041 | 4271 | 44 | 75 |
| iv_503-iv_508 | 2053 | 4255 | 44 | 81 |
| iv_498-iv_511 | 1912 | 4388 | 44 | 82 |

### Input Bit Output Co-occurrences Sorted by Potential Output Occurrences

| Input Bits | Co-occurrences | Potential Occurrences | Output Co-occurrences | Potential Output Occurrences |
|:----------:|:--------------:|:---------------------:|:---------------------:|:----------------------------:|
| iv_506-iv_508 | 1985 | 4198 | 52 | 63 |
| iv_497-iv_503 | 2001 | 4329 | 50 | 70 |
| iv_497-iv_509 | 2040 | 4310 | 49 | 70 |
| iv_499-iv_509 | 1995 | 4180 | 41 | 70 |
| iv_497-iv_506 | 1949 | 4240 | 48 | 72 |
| iv_499-iv_506 | 1797 | 4324 | 40 | 72 |
| iv_502-iv_504 | 1783 | 4237 | 34 | 73 |
| iv_499-iv_508 | 1972 | 4156 | 43 | 73 |
| iv_502-iv_506 | 1806 | 4229 | 39 | 73 |
| iv_502-iv_508 | 1924 | 4175 | 42 | 74 |
| iv_501-iv_509 | 2041 | 4271 | 44 | 75 |
| iv_500-iv_511 | 1973 | 4519 | 38 | 75 |
| iv_504-iv_507 | 1925 | 4588 | 29 | 75 |

## Output Bits

### Output Bits in Regular Order

| Rank | Output Bit | Complexity |
|:----:|:----------:|:----------:|
| 1 | ov_001 | 1.408354901444461 × 10^302 |
| 2 | ov_002 | 1.2254948274191155 × 10^302 |
| 3 | ov_003 | 1.0613294258756667 × 10^302 |
| 4 | ov_004 | 9.144565375587296 × 10^301 |
| 5 | ov_005 | 7.83550763443381 × 10^301 |
| 6 | ov_006 | 6.673580530506123 × 10^301 |
| 7 | ov_007 | 5.646909977492795 × 10^301 |
| 8 | ov_008 | 4.744247641134033 × 10^301 |
| 9 | ov_009 | 3.9549360588044204 × 10^301 |
| 10 | ov_010 | 3.26887896405681 × 10^301 |
| 11 | ov_011 | 2.6765162675300245 × 10^301 |
| 12 | ov_012 | 2.1688031772293358 × 10^301 |
| 13 | ov_013 | 1.7371929721218834 × 10^301 |
| 14 | ov_014 | 1.373622973396193 × 10^301 |
| 15 | ov_015 | 1.0705032877390605 × 10^301 |
| 16 | ov_016 | 8.207079266864688 × 10^300 |
| 17 | ov_017 | 6.175679355906833 × 10^300 |
| 18 | ov_018 | 4.5486619507852016 × 10^300 |
| 19 | ov_019 | 3.2683358710591196 × 10^300 |
| 20 | ov_020 | 2.2814624687760273 × 10^300 |
| 21 | ov_021 | 1.5392365102320323 × 10^300 |
| 22 | ov_022 | 9.972732151837758 × 10^299 |
| 23 | ov_023 | 6.155996225296312 × 10^299 |
| 24 | ov_024 | 3.58648973960166 × 10^299 |
| 25 | ov_025 | 1.952572750166921 × 10^299 |
| 26 | ov_026 | 9.86614098051276 × 10^298 |
| 27 | ov_027 | 4.649825313194165 × 10^298 |
| 28 | ov_028 | 2.0804320063667974 × 10^298 |
| 29 | ov_029 | 8.015653009767033 × 10^297 |
| 30 | ov_030 | 2.450149141901419 × 10^297 |
| 31 | ov_031 | 4.778172312926005 × 10^296 |
| 32 | lv_80_m31 | 9.316233124907672 × 10^295 |
| 33 | ov_033 | 1.1218188251144566 × 10^297 |
| 34 | ov_034 | 9.74183225187728 × 10^296 |
| 35 | ov_035 | 8.418398831537644 × 10^296 |
| 36 | ov_036 | 7.2363129169817306 × 10^296 |
| 37 | ov_037 | 6.18463385423401 × 10^296 |
| 38 | ov_038 | 5.253010541686438 × 10^296 |
| 39 | ov_039 | 4.431642392801822 × 10^296 |
| 40 | ov_040 | 3.711245597772068 × 10^296 |
| 41 | ov_041 | 3.083024180053932 × 10^296 |
| 42 | ov_042 | 2.5386453697377936 × 10^296 |
| 43 | ov_043 | 2.070218841389979 × 10^296 |
| 44 | ov_044 | 1.6702793894068344 × 10^296 |
| 45 | ov_045 | 1.331772639072083 × 10^296 |
| 46 | ov_046 | 1.0480434164538873 × 10^296 |
| 47 | ov_047 | 8.128264250467938 × 10^295 |
| 48 | ov_048 | 6.20238901685867 × 10^295 |
| 49 | ov_049 | 4.6477494876264336 × 10^295 |
| 50 | ov_050 | 3.4130126417888937 × 10^295 |
| 51 | ov_051 | 2.4505401480639874 × 10^295 |
| 52 | ov_052 | 1.7163662349802768 × 10^295 |
| 53 | ov_053 | 1.170182639312092 × 10^295 |
| 54 | ov_054 | 7.753288177189138 × 10^294 |
| 55 | ov_055 | 4.9878584834933196 × 10^294 |
| 56 | ov_056 | 3.111727439477142 × 10^294 |
| 57 | ov_057 | 1.8674428362417238 × 10^294 |
| 58 | ov_058 | 1.0338981072994417 × 10^294 |
| 59 | ov_059 | 5.0962534866086536 × 10^293 |
| 60 | ov_060 | 2.113255331469892 × 10^293 |
| 61 | ov_061 | 7.386782854031654 × 10^292 |
| 62 | ov_062 | 2.027752549768998 × 10^292 |
| 63 | ov_063 | 3.9551908892581184 × 10^291 |
| 64 | lv_79_m31 | 7.713049351680258 × 10^290 |
| 65 | ov_065 | 9.274864917646837 × 10^291 |
| 66 | ov_066 | 9.274841099648698 × 10^291 |
| 67 | ov_067 | 9.274835417031808 × 10^291 |
| 68 | ov_068 | 8.057772070582862 × 10^291 |
| 69 | ov_069 | 6.965342168565788 × 10^291 |
| 70 | ov_070 | 5.988464823901557 × 10^291 |
| 71 | ov_071 | 5.118493675851777 × 10^291 |
| 72 | ov_072 | 4.34718874049744 × 10^291 |
| 73 | ov_073 | 3.6666938110011575 × 10^291 |
| 74 | ov_074 | 3.069518607024945 × 10^291 |
| 75 | ov_075 | 2.5485249153868867 × 10^291 |
| 76 | ov_076 | 2.0969160050515156 × 10^291 |
| 77 | ov_077 | 1.708228639153951 × 10^291 |
| 78 | ov_078 | 1.3763270452169732 × 10^291 |
| 79 | ov_079 | 1.0953982422569397 × 10^291 |
| 80 | ov_080 | 8.599482196008938 × 10^290 |
| 81 | ov_081 | 6.6479867202095064 × 10^290 |
| 82 | ov_082 | 5.050841919177587 × 10^290 |
| 83 | ov_083 | 3.762498832848192 × 10^290 |
| 84 | ov_084 | 2.7404936234476985 × 10^290 |
| 85 | ov_085 | 1.9454310985528363 × 10^290 |
| 86 | ov_086 | 1.3409714015103094 × 10^290 |
| 87 | ov_087 | 8.938195203134487 × 10^289 |
| 88 | ov_088 | 5.73717266295747 × 10^289 |
| 89 | ov_089 | 3.5343737415377516 × 10^289 |
| 90 | ov_090 | 2.0877937489313977 × 10^289 |
| 91 | ov_091 | 1.1856689333003989 × 10^289 |
| 92 | ov_092 | 6.464602470481656 × 10^288 |
| 93 | ov_093 | 3.188446211600117 × 10^288 |
| 94 | ov_094 | 1.3471379618846409 × 10^288 |
| 95 | aaa_78_28 | 4.106488549290481 × 10^287 |
| 96 | aaa_78_29 | 1.2356788553209333 × 10^287 |
| 97 | ov_097 | 6.360134372184325 × 10^286 |
| 98 | ov_098 | 6.360076180666487 × 10^286 |
| 99 | ov_099 | 6.360057546589717 × 10^286 |
| 100 | ov_100 | 5.277116474628758 × 10^286 |
| 101 | ov_101 | 4.343527428523354 × 10^286 |
| 102 | ov_102 | 3.5449823737109484 × 10^286 |
| 103 | ov_103 | 2.867967627549424 × 10^286 |
| 104 | ov_104 | 2.299705938328781 × 10^286 |
| 105 | ov_105 | 1.8281059086436634 × 10^286 |
| 106 | ov_106 | 1.4417181052163366 × 10^286 |
| 107 | ov_107 | 1.1296972319094304 × 10^286 |
| 108 | ov_108 | 8.817697759832694 × 10^285 |
| 109 | ov_109 | 6.882065698756177 × 10^285 |
| 110 | ov_110 | 5.39799742122379 × 10^285 |
| 111 | ov_111 | 4.27843561678838 × 10^285 |
| 112 | ov_112 | 3.4411870999831545 × 10^285 |
| 113 | ov_113 | 2.8087954491005114 × 10^285 |
| 114 | ov_114 | 2.3084394971938472 × 10^285 |
| 115 | ov_115 | 1.871853901189016 × 10^285 |
| 116 | ov_116 | 1.49458911109363 × 10^285 |
| 117 | ov_117 | 1.1722285205522835 × 10^285 |
| 118 | ov_118 | 9.003785909029156 × 10^284 |
| 119 | ov_119 | 6.746613046202218 × 10^284 |
| 120 | ov_120 | 4.907086600220027 × 10^284 |
| 121 | ov_121 | 3.441589191628909 × 10^284 |
| 122 | ov_122 | 2.306541917331435 × 10^284 |
| 123 | ov_123 | 1.4583884466338063 × 10^284 |
| 124 | ov_124 | 8.535842828107832 × 10^283 |
| 125 | ov_125 | 4.485901030560119 × 10^283 |
| 126 | ov_126 | 1.9986835697766189 × 10^283 |
| 127 | aaa_77_28 | 6.388195910175412 × 10^282 |
| 128 | aaa_77_29 | 2.3983771190157284 × 10^282 |
| 129 | ov_129 | 2.2375122320481988 × 10^282 |
| 130 | ov_130 | 2.237505926480681 × 10^282 |
| 131 | ov_131 | 2.2375043998661504 × 10^282 |
| 132 | ov_132 | 1.946896161360511 × 10^282 |
| 133 | ov_133 | 1.6856483125594183 × 10^282 |
| 134 | ov_134 | 1.4514840147702317 × 10^282 |
| 135 | ov_135 | 1.2422503718265739 × 10^282 |
| 136 | ov_136 | 1.055909604111865 × 10^282 |
| 137 | ov_137 | 8.91470574280866 × 10^281 |
| 138 | ov_138 | 7.471038289255685 × 10^281 |
| 139 | ov_139 | 6.210751455076631 × 10^281 |
| 140 | ov_140 | 5.117407598397287 × 10^281 |
| 141 | ov_141 | 4.175433644116231 × 10^281 |
| 142 | ov_142 | 3.37008791079681 × 10^281 |
| 143 | ov_143 | 2.6874329671798016 × 10^281 |
| 144 | ov_144 | 2.114313754490237 × 10^281 |
| 145 | ov_145 | 1.6383402604403437 × 10^281 |
| 146 | ov_146 | 1.2478740802505975 × 10^281 |
| 147 | ov_147 | 9.320182492316937 × 10^280 |
| 148 | ov_148 | 6.806097805686275 × 10^280 |
| 149 | ov_149 | 4.842143909743734 × 10^280 |
| 150 | ov_150 | 3.34122945863862 × 10^280 |
| 151 | ov_151 | 2.223492046552414 × 10^280 |
| 152 | ov_152 | 1.4162849574415154 × 10^280 |
| 153 | ov_153 | 8.541699962436852 × 10^279 |
| 154 | ov_154 | 4.7891378472274517 × 10^279 |
| 155 | ov_155 | 2.3948576208344675 × 10^279 |
| 156 | aaa_76_25 | 9.205709648674966 × 10^278 |
| 157 | aaa_76_26 | 5.319917819397805 × 10^278 |
| 158 | aaa_76_27 | 2.7254553640076576 × 10^278 |
| 159 | aaa_76_28 | 1.0622883562027878 × 10^278 |
| 160 | aaa_76_29 | 3.2341348540094326 × 10^277 |

### Output Bits Sorted by Complexity

| Rank | Output Bit | Complexity |
|:----:|:----------:|:----------:|
| 160 | aaa_76_29 | 3.2341348540094326 × 10^277 |
| 159 | aaa_76_28 | 1.0622883562027878 × 10^278 |
| 158 | aaa_76_27 | 2.7254553640076576 × 10^278 |
| 157 | aaa_76_26 | 5.319917819397805 × 10^278 |
| 156 | aaa_76_25 | 9.205709648674966 × 10^278 |
| 155 | ov_155 | 2.3948576208344675 × 10^279 |
| 154 | ov_154 | 4.7891378472274517 × 10^279 |
| 153 | ov_153 | 8.541699962436852 × 10^279 |
| 152 | ov_152 | 1.4162849574415154 × 10^280 |
| 151 | ov_151 | 2.223492046552414 × 10^280 |
| 150 | ov_150 | 3.34122945863862 × 10^280 |
| 149 | ov_149 | 4.842143909743734 × 10^280 |
| 148 | ov_148 | 6.806097805686275 × 10^280 |
| 147 | ov_147 | 9.320182492316937 × 10^280 |
| 146 | ov_146 | 1.2478740802505975 × 10^281 |
| 145 | ov_145 | 1.6383402604403437 × 10^281 |
| 144 | ov_144 | 2.114313754490237 × 10^281 |
| 143 | ov_143 | 2.6874329671798016 × 10^281 |
| 142 | ov_142 | 3.37008791079681 × 10^281 |
| 141 | ov_141 | 4.175433644116231 × 10^281 |
| 140 | ov_140 | 5.117407598397287 × 10^281 |
| 139 | ov_139 | 6.210751455076631 × 10^281 |
| 138 | ov_138 | 7.471038289255685 × 10^281 |
| 137 | ov_137 | 8.91470574280866 × 10^281 |
| 136 | ov_136 | 1.055909604111865 × 10^282 |
| 135 | ov_135 | 1.2422503718265739 × 10^282 |
| 134 | ov_134 | 1.4514840147702317 × 10^282 |
| 133 | ov_133 | 1.6856483125594183 × 10^282 |
| 132 | ov_132 | 1.946896161360511 × 10^282 |
| 131 | ov_131 | 2.2375043998661504 × 10^282 |
| 130 | ov_130 | 2.237505926480681 × 10^282 |
| 129 | ov_129 | 2.2375122320481988 × 10^282 |
| 128 | aaa_77_29 | 2.3983771190157284 × 10^282 |
| 127 | aaa_77_28 | 6.388195910175412 × 10^282 |
| 126 | ov_126 | 1.9986835697766189 × 10^283 |
| 125 | ov_125 | 4.485901030560119 × 10^283 |
| 124 | ov_124 | 8.535842828107832 × 10^283 |
| 123 | ov_123 | 1.4583884466338063 × 10^284 |
| 122 | ov_122 | 2.306541917331435 × 10^284 |
| 121 | ov_121 | 3.441589191628909 × 10^284 |
| 120 | ov_120 | 4.907086600220027 × 10^284 |
| 119 | ov_119 | 6.746613046202218 × 10^284 |
| 118 | ov_118 | 9.003785909029156 × 10^284 |
| 117 | ov_117 | 1.1722285205522835 × 10^285 |
| 116 | ov_116 | 1.49458911109363 × 10^285 |
| 115 | ov_115 | 1.871853901189016 × 10^285 |
| 114 | ov_114 | 2.3084394971938472 × 10^285 |
| 113 | ov_113 | 2.8087954491005114 × 10^285 |
| 112 | ov_112 | 3.4411870999831545 × 10^285 |
| 111 | ov_111 | 4.27843561678838 × 10^285 |
| 110 | ov_110 | 5.39799742122379 × 10^285 |
| 109 | ov_109 | 6.882065698756177 × 10^285 |
| 108 | ov_108 | 8.817697759832694 × 10^285 |
| 107 | ov_107 | 1.1296972319094304 × 10^286 |
| 106 | ov_106 | 1.4417181052163366 × 10^286 |
| 105 | ov_105 | 1.8281059086436634 × 10^286 |
| 104 | ov_104 | 2.299705938328781 × 10^286 |
| 103 | ov_103 | 2.867967627549424 × 10^286 |
| 102 | ov_102 | 3.5449823737109484 × 10^286 |
| 101 | ov_101 | 4.343527428523354 × 10^286 |
| 100 | ov_100 | 5.277116474628758 × 10^286 |
| 99 | ov_099 | 6.360057546589717 × 10^286 |
| 98 | ov_098 | 6.360076180666487 × 10^286 |
| 97 | ov_097 | 6.360134372184325 × 10^286 |
| 96 | aaa_78_29 | 1.2356788553209333 × 10^287 |
| 95 | aaa_78_28 | 4.106488549290481 × 10^287 |
| 94 | ov_094 | 1.3471379618846409 × 10^288 |
| 93 | ov_093 | 3.188446211600117 × 10^288 |
| 92 | ov_092 | 6.464602470481656 × 10^288 |
| 91 | ov_091 | 1.1856689333003989 × 10^289 |
| 90 | ov_090 | 2.0877937489313977 × 10^289 |
| 89 | ov_089 | 3.5343737415377516 × 10^289 |
| 88 | ov_088 | 5.73717266295747 × 10^289 |
| 87 | ov_087 | 8.938195203134487 × 10^289 |
| 86 | ov_086 | 1.3409714015103094 × 10^290 |
| 85 | ov_085 | 1.9454310985528363 × 10^290 |
| 84 | ov_084 | 2.7404936234476985 × 10^290 |
| 83 | ov_083 | 3.762498832848192 × 10^290 |
| 82 | ov_082 | 5.050841919177587 × 10^290 |
| 81 | ov_081 | 6.6479867202095064 × 10^290 |
| 64 | lv_79_m31 | 7.713049351680258 × 10^290 |
| 80 | ov_080 | 8.599482196008938 × 10^290 |
| 79 | ov_079 | 1.0953982422569397 × 10^291 |
| 78 | ov_078 | 1.3763270452169732 × 10^291 |
| 77 | ov_077 | 1.708228639153951 × 10^291 |
| 76 | ov_076 | 2.0969160050515156 × 10^291 |
| 75 | ov_075 | 2.5485249153868867 × 10^291 |
| 74 | ov_074 | 3.069518607024945 × 10^291 |
| 73 | ov_073 | 3.6666938110011575 × 10^291 |
| 63 | ov_063 | 3.9551908892581184 × 10^291 |
| 72 | ov_072 | 4.34718874049744 × 10^291 |
| 71 | ov_071 | 5.118493675851777 × 10^291 |
| 70 | ov_070 | 5.988464823901557 × 10^291 |
| 69 | ov_069 | 6.965342168565788 × 10^291 |
| 68 | ov_068 | 8.057772070582862 × 10^291 |
| 67 | ov_067 | 9.274835417031808 × 10^291 |
| 66 | ov_066 | 9.274841099648698 × 10^291 |
| 65 | ov_065 | 9.274864917646837 × 10^291 |
| 62 | ov_062 | 2.027752549768998 × 10^292 |
| 61 | ov_061 | 7.386782854031654 × 10^292 |
| 60 | ov_060 | 2.113255331469892 × 10^293 |
| 59 | ov_059 | 5.0962534866086536 × 10^293 |
| 58 | ov_058 | 1.0338981072994417 × 10^294 |
| 57 | ov_057 | 1.8674428362417238 × 10^294 |
| 56 | ov_056 | 3.111727439477142 × 10^294 |
| 55 | ov_055 | 4.9878584834933196 × 10^294 |
| 54 | ov_054 | 7.753288177189138 × 10^294 |
| 53 | ov_053 | 1.170182639312092 × 10^295 |
| 52 | ov_052 | 1.7163662349802768 × 10^295 |
| 51 | ov_051 | 2.4505401480639874 × 10^295 |
| 50 | ov_050 | 3.4130126417888937 × 10^295 |
| 49 | ov_049 | 4.6477494876264336 × 10^295 |
| 48 | ov_048 | 6.20238901685867 × 10^295 |
| 47 | ov_047 | 8.128264250467938 × 10^295 |
| 32 | lv_80_m31 | 9.316233124907672 × 10^295 |
| 46 | ov_046 | 1.0480434164538873 × 10^296 |
| 45 | ov_045 | 1.331772639072083 × 10^296 |
| 44 | ov_044 | 1.6702793894068344 × 10^296 |
| 43 | ov_043 | 2.070218841389979 × 10^296 |
| 42 | ov_042 | 2.5386453697377936 × 10^296 |
| 41 | ov_041 | 3.083024180053932 × 10^296 |
| 40 | ov_040 | 3.711245597772068 × 10^296 |
| 39 | ov_039 | 4.431642392801822 × 10^296 |
| 31 | ov_031 | 4.778172312926005 × 10^296 |
| 38 | ov_038 | 5.253010541686438 × 10^296 |
| 37 | ov_037 | 6.18463385423401 × 10^296 |
| 36 | ov_036 | 7.2363129169817306 × 10^296 |
| 35 | ov_035 | 8.418398831537644 × 10^296 |
| 34 | ov_034 | 9.74183225187728 × 10^296 |
| 33 | ov_033 | 1.1218188251144566 × 10^297 |
| 30 | ov_030 | 2.450149141901419 × 10^297 |
| 29 | ov_029 | 8.015653009767033 × 10^297 |
| 28 | ov_028 | 2.0804320063667974 × 10^298 |
| 27 | ov_027 | 4.649825313194165 × 10^298 |
| 26 | ov_026 | 9.86614098051276 × 10^298 |
| 25 | ov_025 | 1.952572750166921 × 10^299 |
| 24 | ov_024 | 3.58648973960166 × 10^299 |
| 23 | ov_023 | 6.155996225296312 × 10^299 |
| 22 | ov_022 | 9.972732151837758 × 10^299 |
| 21 | ov_021 | 1.5392365102320323 × 10^300 |
| 20 | ov_020 | 2.2814624687760273 × 10^300 |
| 19 | ov_019 | 3.2683358710591196 × 10^300 |
| 18 | ov_018 | 4.5486619507852016 × 10^300 |
| 17 | ov_017 | 6.175679355906833 × 10^300 |
| 16 | ov_016 | 8.207079266864688 × 10^300 |
| 15 | ov_015 | 1.0705032877390605 × 10^301 |
| 14 | ov_014 | 1.373622973396193 × 10^301 |
| 13 | ov_013 | 1.7371929721218834 × 10^301 |
| 12 | ov_012 | 2.1688031772293358 × 10^301 |
| 11 | ov_011 | 2.6765162675300245 × 10^301 |
| 10 | ov_010 | 3.26887896405681 × 10^301 |
| 9 | ov_009 | 3.9549360588044204 × 10^301 |
| 8 | ov_008 | 4.744247641134033 × 10^301 |
| 7 | ov_007 | 5.646909977492795 × 10^301 |
| 6 | ov_006 | 6.673580530506123 × 10^301 |
| 5 | ov_005 | 7.83550763443381 × 10^301 |
| 4 | ov_004 | 9.144565375587296 × 10^301 |
| 3 | ov_003 | 1.0613294258756667 × 10^302 |
| 2 | ov_002 | 1.2254948274191155 × 10^302 |
| 1 | ov_001 | 1.408354901444461 × 10^302 |

