# Results for F001-F002-F003-F004-F005-F006-F007-F008-F009-F010-F011-F012-F013-F014-F015-F016-F017-F018-F019-F020-F021-F022-F023-F024-F025-F026-F027-F028-F029-F030-F031-F032-F033-F034-F035-F036-F037-F038-F039-F040-F041-F042-F043-F044-F045-F046-F047-F048-F049-F050-F051-F052-F053-F054-F055-F056-F057-F058-F059-F060-F061-F062-F063-F064-F065-F066-F067-F068-F069-F070-F071-F072-F073-F074-F075-F076-F077-F078-F079-F080-F081-F082-F083-F084-F085-F086-F087-F088-F089-F090-F091-F092-F093-F094-F095-F096-F097-F098-F099-F100-F101-F102-F103-F104-F105-F106-F107-F108-F109-F110-F111-F112-F113-F114-F115-F116-F117-F118-F119-F120-F121-F122-F123-F124-F125-F126-F127-F128-F129-F130-F131-F132-F133-F134-F135-F136-F137-F138-F139-F140-F141-F142-F143-F144-F145-F146-F147-F148-F149-F150-F151-F152-F153-F154-F155-F156-F157-F158-F159-F160-F161-F162-F163-F164-F165-F166-F167-F168-F169-F170-F171-F172-F173-F174-F175-F176-F177-F178-F179-F180-F181-F182-F183-F184-F185-F186-F187-F188-F189-F190-F191-F192-F193-F194-F195-F196-F197-F198-F199-F200-F201-F202-F203-F204-F205-F206-F207-F208-F209-F210-F211-F212-F213-F214-F215-F216-F217-F218-F219-F220-F221-F222-F223-F224-F225-F226-F227-F228-F229-F230-F231-F232-F233-F234-F235-F236-F237-F238-F239-F240-F241-F242-F243-F244-F245-F246-F247-F248-F249-F250-F251-F252-F253-F254-F255-F256-F257-F258-F259-F260-F261-F262-F263-F264-F265-F266-F267-F268-F269-F270-F271-F272-F273-F274-F275-F276-F277-F278-F279-F280-F281-F282-F283-F284-F285-F286-F287-F288-F289-F290-F291-F292-F293-F294-F295-F296-F297-F298-F299-F300-F301-F302-F303-F304-F305-F306-F307-F308-F309-F310-F311-F312-F313-F314-F315-F316-F317-F318-F319-F320-F321-F322-F323-F324-F325-F326-F327-F328-F329-F330-F331-F332-F333-F334-F335-F336-F337-F338-F339-F340-F341-F342-F343-F344-F345-F346-F347-F348-F349-F350-F351-F352-F353-F354-F355-F356-F357-F358-F359-F360-F361-F362-F363-F364-F365-F366-F367-F368-F369-F370-F371-F372-F373-F374-F375-F376-F377-F378-F379-F380-F381-F382-F383-F384-F385-F386-F387-F388-F389-F390-F391-F392-F393-F394-F395-F396-F397-F398-F399-F400-F401-F402-F403-F404-F405-F406-F407-F408-F409-F410-F411-F412-F413-F414-F415-F416-F417-F418-F419-F420-F421-F422-F423-F424-F425-F426-F427-F428-F429-F430-F431-F432-F433-F434-F435-F436-F437-F438-F439-F440-F441-F442-F443-F444-F445-F446-F447-F448-F449-F450-F451-F452-F453-F454-F455-F456-F457-F458-F459-F460-F461-F462-F463-F464-F465-F466-F467-F468-F469-F470-F471-F472-F473-F474-F475-F476-F477-F478-F479-F480-F481-F482-F483-F484-F485-F486-F487-F488-F489-F490-F491-F492-F493-F494-F495-F496-F499-O500505-F512

## Summary

Number of input bits: 512  
Number of free input bits: 13  
Number of output bits: 160

Number of direct occurrences: 53685  
Number of assignments: 31856  
Number of operations: 11327500
(xor: 11299007,
and: 14937,
or: 13556)

Total complexity: 5.288963021463004 × 10^302

Least occurring input variable: iv_502 (3844)  
Most occurring input variable: iv_510 (4316)

Most co-occurring input variables: iv_509-iv_510 (2141)  
Least co-occurring input variables: iv_498-iv_502 (1752)

Potentially most occurring input variable: iv_497/iv_510 (4564)  
Potentially least occurring input variable: iv_504/iv_508 (4122)

Least output occurring input variable: iv_504 (70)  
Most output occurring input variable: iv_498 (91)

Most output co-occurring input variables: iv_506-iv_508 (52)  
Least output co-occurring input variables: iv_500-iv_502 (29)

Potentially most output occurring input variable: iv_502/iv_503 (93)  
Potentially least output occurring input variable: iv_506/iv_508 (63)

Least complex input bit: iv_511 (1.0013813954229543 × 10^299)  
Most complex input bit: iv_510 (1.3172402261081902 × 10^302)

Least complex output bit: aaa_76_29 (1.6627432725691837 × 10^277)  
Most complex output bit: ov_001 (8.26905770214528 × 10^301)

Least complex input/output complexity: iv_511/aaa_76_29 (3.1481410850455877 × 10^273)  
Most complex input/output complexity: iv_510/ov_001 (2.059446321154751 × 10^301)

## Input Bits

### Input Bits in Regular Order

| Input Bit | Complexity | Occurrences | Output Occurrences |
|:---------:|:----------:|:-----------:|:------------------:|
| iv_497 | 4.694484644687327 × 10^299 | 4164 | 88 |
| iv_498 | 9.354323788421333 × 10^299 | 3974 | 91 |
| iv_500 | 3.127648587666333 × 10^301 | 4235 | 72 |
| iv_501 | 4.6542879633996385 × 10^300 | 4128 | 83 |
| iv_502 | 7.562191956516272 × 10^300 | 3844 | 71 |
| iv_503 | 1.2008060958752939 × 10^301 | 4190 | 82 |
| iv_504 | 1.8670007882235954 × 10^301 | 3959 | 70 |
| iv_506 | 4.2804589753589587 × 10^301 | 4002 | 80 |
| iv_507 | 6.328731564137708 × 10^301 | 4201 | 75 |
| iv_508 | 9.046740378684575 × 10^301 | 4179 | 87 |
| iv_509 | 1.2493691673324874 × 10^302 | 4252 | 80 |
| iv_510 | 1.3172402261081902 × 10^302 | 4316 | 76 |
| iv_511 | 1.0013813954229543 × 10^299 | 4241 | 79 |

### Input Bits Sorted by Complexity

| Input Bit | Complexity | Occurrences | Output Occurrences |
|:---------:|:----------:|:-----------:|:------------------:|
| iv_511 | 1.0013813954229543 × 10^299 | 4241 | 79 |
| iv_497 | 4.694484644687327 × 10^299 | 4164 | 88 |
| iv_498 | 9.354323788421333 × 10^299 | 3974 | 91 |
| iv_501 | 4.6542879633996385 × 10^300 | 4128 | 83 |
| iv_502 | 7.562191956516272 × 10^300 | 3844 | 71 |
| iv_503 | 1.2008060958752939 × 10^301 | 4190 | 82 |
| iv_504 | 1.8670007882235954 × 10^301 | 3959 | 70 |
| iv_500 | 3.127648587666333 × 10^301 | 4235 | 72 |
| iv_506 | 4.2804589753589587 × 10^301 | 4002 | 80 |
| iv_507 | 6.328731564137708 × 10^301 | 4201 | 75 |
| iv_508 | 9.046740378684575 × 10^301 | 4179 | 87 |
| iv_509 | 1.2493691673324874 × 10^302 | 4252 | 80 |
| iv_510 | 1.3172402261081902 × 10^302 | 4316 | 76 |

### Input Bits Sorted by Occurrences

| Input Bit | Complexity | Occurrences | Output Occurrences |
|:---------:|:----------:|:-----------:|:------------------:|
| iv_502 | 7.562191956516272 × 10^300 | 3844 | 71 |
| iv_504 | 1.8670007882235954 × 10^301 | 3959 | 70 |
| iv_498 | 9.354323788421333 × 10^299 | 3974 | 91 |
| iv_506 | 4.2804589753589587 × 10^301 | 4002 | 80 |
| iv_501 | 4.6542879633996385 × 10^300 | 4128 | 83 |
| iv_497 | 4.694484644687327 × 10^299 | 4164 | 88 |
| iv_508 | 9.046740378684575 × 10^301 | 4179 | 87 |
| iv_503 | 1.2008060958752939 × 10^301 | 4190 | 82 |
| iv_507 | 6.328731564137708 × 10^301 | 4201 | 75 |
| iv_500 | 3.127648587666333 × 10^301 | 4235 | 72 |
| iv_511 | 1.0013813954229543 × 10^299 | 4241 | 79 |
| iv_509 | 1.2493691673324874 × 10^302 | 4252 | 80 |
| iv_510 | 1.3172402261081902 × 10^302 | 4316 | 76 |

### Input Bits Sorted by Output Occurrences

| Input Bit | Complexity | Occurrences | Output Occurrences |
|:---------:|:----------:|:-----------:|:------------------:|
| iv_504 | 1.8670007882235954 × 10^301 | 3959 | 70 |
| iv_502 | 7.562191956516272 × 10^300 | 3844 | 71 |
| iv_500 | 3.127648587666333 × 10^301 | 4235 | 72 |
| iv_507 | 6.328731564137708 × 10^301 | 4201 | 75 |
| iv_510 | 1.3172402261081902 × 10^302 | 4316 | 76 |
| iv_511 | 1.0013813954229543 × 10^299 | 4241 | 79 |
| iv_509 | 1.2493691673324874 × 10^302 | 4252 | 80 |
| iv_506 | 4.2804589753589587 × 10^301 | 4002 | 80 |
| iv_503 | 1.2008060958752939 × 10^301 | 4190 | 82 |
| iv_501 | 4.6542879633996385 × 10^300 | 4128 | 83 |
| iv_508 | 9.046740378684575 × 10^301 | 4179 | 87 |
| iv_497 | 4.694484644687327 × 10^299 | 4164 | 88 |
| iv_498 | 9.354323788421333 × 10^299 | 3974 | 91 |

## Input Bit Co-occurrences

### Input Bit Co-occurrences Sorted by Co-occurrences

| Input Bits | Co-occurrences | Potential Occurrences | Output Co-occurrences | Potential Output Occurrences |
|:----------:|:--------------:|:---------------------:|:---------------------:|:----------------------------:|
| iv_509-iv_510 | 2141 | 4286 | 38 | 80 |
| iv_508-iv_510 | 2090 | 4315 | 40 | 83 |
| iv_508-iv_511 | 2086 | 4248 | 43 | 80 |
| iv_507-iv_508 | 2080 | 4220 | 44 | 74 |
| iv_510-iv_511 | 2079 | 4399 | 37 | 81 |
| iv_509-iv_511 | 2078 | 4337 | 36 | 87 |
| iv_500-iv_510 | 2078 | 4395 | 35 | 78 |
| iv_508-iv_509 | 2059 | 4313 | 38 | 91 |
| iv_503-iv_511 | 2057 | 4317 | 41 | 79 |
| iv_503-iv_508 | 2052 | 4265 | 44 | 81 |
| iv_503-iv_510 | 2049 | 4408 | 41 | 76 |
| iv_497-iv_507 | 2045 | 4275 | 41 | 81 |
| iv_501-iv_511 | 2043 | 4283 | 39 | 84 |

### Input Bit Co-occurrences Sorted by Potential Occurrences

| Input Bits | Co-occurrences | Potential Occurrences | Output Co-occurrences | Potential Output Occurrences |
|:----------:|:--------------:|:---------------------:|:---------------------:|:----------------------------:|
| iv_504-iv_508 | 2008 | 4122 | 39 | 79 |
| iv_502-iv_508 | 1924 | 4175 | 42 | 74 |
| iv_504-iv_506 | 1889 | 4183 | 37 | 76 |
| iv_506-iv_507 | 2008 | 4187 | 38 | 79 |
| iv_506-iv_508 | 1986 | 4209 | 52 | 63 |
| iv_507-iv_508 | 2080 | 4220 | 44 | 74 |
| iv_500-iv_504 | 1982 | 4230 | 32 | 78 |
| iv_498-iv_508 | 1960 | 4233 | 49 | 80 |
| iv_498-iv_504 | 1849 | 4235 | 41 | 79 |
| iv_502-iv_506 | 1805 | 4236 | 39 | 73 |
| iv_498-iv_506 | 1869 | 4238 | 42 | 87 |
| iv_502-iv_504 | 1781 | 4241 | 34 | 73 |
| iv_508-iv_511 | 2086 | 4248 | 43 | 80 |

### Input Bit Output Co-occurrences Sorted by Output Co-occurrences

| Input Bits | Co-occurrences | Potential Occurrences | Output Co-occurrences | Potential Output Occurrences |
|:----------:|:--------------:|:---------------------:|:---------------------:|:----------------------------:|
| iv_506-iv_508 | 1986 | 4209 | 52 | 63 |
| iv_497-iv_503 | 2001 | 4352 | 50 | 70 |
| iv_498-iv_508 | 1960 | 4233 | 49 | 80 |
| iv_497-iv_509 | 2039 | 4338 | 49 | 70 |
| iv_497-iv_498 | 1897 | 4344 | 49 | 81 |
| iv_498-iv_501 | 1883 | 4336 | 48 | 78 |
| iv_497-iv_506 | 1949 | 4268 | 48 | 72 |
| iv_498-iv_503 | 1893 | 4378 | 48 | 77 |
| iv_497-iv_501 | 2007 | 4278 | 46 | 79 |
| iv_498-iv_510 | 1991 | 4308 | 45 | 77 |
| iv_501-iv_508 | 1932 | 4443 | 44 | 82 |
| iv_501-iv_509 | 2041 | 4298 | 44 | 75 |
| iv_503-iv_508 | 2052 | 4265 | 44 | 81 |

### Input Bit Output Co-occurrences Sorted by Potential Output Occurrences

| Input Bits | Co-occurrences | Potential Occurrences | Output Co-occurrences | Potential Output Occurrences |
|:----------:|:--------------:|:---------------------:|:---------------------:|:----------------------------:|
| iv_506-iv_508 | 1986 | 4209 | 52 | 63 |
| iv_507-iv_510 | 2012 | 4493 | 44 | 63 |
| iv_497-iv_503 | 2001 | 4352 | 50 | 70 |
| iv_497-iv_509 | 2039 | 4338 | 49 | 70 |
| iv_497-iv_506 | 1949 | 4268 | 48 | 72 |
| iv_502-iv_507 | 1894 | 4257 | 37 | 72 |
| iv_502-iv_504 | 1781 | 4241 | 34 | 73 |
| iv_502-iv_506 | 1805 | 4236 | 39 | 73 |
| iv_502-iv_510 | 1911 | 4338 | 37 | 73 |
| iv_502-iv_508 | 1924 | 4175 | 42 | 74 |
| iv_507-iv_508 | 2080 | 4220 | 44 | 74 |
| iv_501-iv_509 | 2041 | 4298 | 44 | 75 |
| iv_500-iv_511 | 1973 | 4530 | 38 | 75 |

## Output Bits

### Output Bits in Regular Order

| Rank | Output Bit | Complexity |
|:----:|:----------:|:----------:|
| 1 | ov_001 | 8.26905770214528 × 10^301 |
| 2 | ov_002 | 7.195271531441008 × 10^301 |
| 3 | ov_003 | 6.231303740488872 × 10^301 |
| 4 | ov_004 | 5.368907979346549 × 10^301 |
| 5 | ov_005 | 4.600290786315721 × 10^301 |
| 6 | ov_006 | 3.918079746502258 × 10^301 |
| 7 | ov_007 | 3.315295740983865 × 10^301 |
| 8 | ov_008 | 2.7853288951510165 × 10^301 |
| 9 | ov_009 | 2.321917855746516 × 10^301 |
| 10 | ov_010 | 1.9191320657878413 × 10^301 |
| 11 | ov_011 | 1.5713567650522612 × 10^301 |
| 12 | ov_012 | 1.273280462858383 × 10^301 |
| 13 | ov_013 | 1.019884609592996 × 10^301 |
| 14 | ov_014 | 8.064351922963744 × 10^300 |
| 15 | ov_015 | 6.284759977070303 × 10^300 |
| 16 | ov_016 | 4.8182330407347105 × 10^300 |
| 17 | ov_017 | 3.62561780815668 × 10^300 |
| 18 | ov_018 | 2.6704139280212295 × 10^300 |
| 19 | ov_019 | 1.9187512362964646 × 10^300 |
| 20 | ov_020 | 1.3393734987415999 × 10^300 |
| 21 | ov_021 | 9.036271583712941 × 10^299 |
| 22 | ov_022 | 5.854537585353844 × 10^299 |
| 23 | ov_023 | 3.613849378157413 × 10^299 |
| 24 | ov_024 | 2.1053920791753756 × 10^299 |
| 25 | ov_025 | 1.1462000782684074 × 10^299 |
| 26 | ov_026 | 5.791465820831099 × 10^298 |
| 27 | ov_027 | 2.7293880720597806 × 10^298 |
| 28 | ov_028 | 1.221160948829716 × 10^298 |
| 29 | ov_029 | 4.7049275770740535 × 10^297 |
| 30 | ov_030 | 1.4381602170523892 × 10^297 |
| 31 | ov_031 | 2.804689507477554 × 10^296 |
| 32 | lv_80_m31 | 5.468613205812208 × 10^295 |
| 33 | ov_033 | 6.6145725694742815 × 10^296 |
| 34 | ov_034 | 5.74729028852655 × 10^296 |
| 35 | ov_035 | 4.97020451590047 × 10^296 |
| 36 | ov_036 | 4.276337276441551 × 10^296 |
| 37 | ov_037 | 3.6590930514186265 × 10^296 |
| 38 | ov_038 | 3.1122317308031605 × 10^296 |
| 39 | ov_039 | 2.6298450798353503 × 10^296 |
| 40 | ov_040 | 2.2063364000377274 × 10^296 |
| 41 | ov_041 | 1.8364030807956271 × 10^296 |
| 42 | ov_042 | 1.5150217533177794 × 10^296 |
| 43 | ov_043 | 1.2374357742744122 × 10^296 |
| 44 | ov_044 | 9.991447817211716 × 10^295 |
| 45 | ov_045 | 7.958960810807734 × 10^295 |
| 46 | ov_046 | 6.25624272198898 × 10^295 |
| 47 | ov_047 | 4.845523523891182 × 10^295 |
| 48 | ov_048 | 3.691339272919079 × 10^295 |
| 49 | ov_049 | 2.7604979407693634 × 10^295 |
| 50 | ov_050 | 2.0220536726456383 × 10^295 |
| 51 | ov_051 | 1.4472879390430915 × 10^295 |
| 52 | ov_052 | 1.0096961948328628 × 10^295 |
| 53 | ov_053 | 6.849788054815912 × 10^294 |
| 54 | ov_054 | 4.510351461702589 × 10^294 |
| 55 | ov_055 | 2.8795992539284654 × 10^294 |
| 56 | ov_056 | 1.7804096232039247 × 10^294 |
| 57 | ov_057 | 1.0575787968647887 × 10^294 |
| 58 | ov_058 | 5.778137908708657 × 10^293 |
| 59 | ov_059 | 2.7994518860963762 × 10^293 |
| 60 | ov_060 | 1.1375658990014005 × 10^293 |
| 61 | ov_061 | 3.998419993910154 × 10^292 |
| 62 | ov_062 | 1.2224203131837572 × 10^292 |
| 63 | ov_063 | 2.384366687893788 × 10^291 |
| 64 | lv_79_m31 | 4.649772477632115 × 10^290 |
| 65 | ov_065 | 5.5913057792123945 × 10^291 |
| 66 | ov_066 | 5.591291420451297 × 10^291 |
| 67 | ov_067 | 5.5912879946593257 × 10^291 |
| 68 | ov_068 | 4.8575873571766456 × 10^291 |
| 69 | ov_069 | 4.199021437088632 × 10^291 |
| 70 | ov_070 | 3.6101158451842566 × 10^291 |
| 71 | ov_071 | 3.085658148666578 × 10^291 |
| 72 | ov_072 | 2.6206809007910443 × 10^291 |
| 73 | ov_073 | 2.210448016173205 × 10^291 |
| 74 | ov_074 | 1.8504440091358023 × 10^291 |
| 75 | ov_075 | 1.5363656382046325 × 10^291 |
| 76 | ov_076 | 1.2641155245781078 × 10^291 |
| 77 | ov_077 | 1.0297973362642212 × 10^291 |
| 78 | ov_078 | 8.297121527573853 × 10^290 |
| 79 | ov_079 | 6.603556477513122 × 10^290 |
| 80 | ov_080 | 5.184157853319443 × 10^290 |
| 81 | ov_081 | 4.007708515665506 × 10^290 |
| 82 | ov_082 | 3.0448776164474493 × 10^290 |
| 83 | ov_083 | 2.268206213109385 × 10^290 |
| 84 | ov_084 | 1.6520952142308357 × 10^290 |
| 85 | ov_085 | 1.1727954453613377 × 10^290 |
| 86 | ov_086 | 8.083996244955882 × 10^289 |
| 87 | ov_087 | 5.388360368379498 × 10^289 |
| 88 | ov_088 | 3.4586369865992343 × 10^289 |
| 89 | ov_089 | 2.1306880014305943 × 10^289 |
| 90 | ov_090 | 1.2586221714642184 × 10^289 |
| 91 | ov_091 | 7.147788185978541 × 10^288 |
| 92 | ov_092 | 3.897180406604925 × 10^288 |
| 93 | ov_093 | 1.9221545078221525 × 10^288 |
| 94 | ov_094 | 8.121230052483097 × 10^287 |
| 95 | aaa_78_28 | 2.475602166951686 × 10^287 |
| 96 | aaa_78_29 | 7.4493196091077225 × 10^286 |
| 97 | ov_097 | 3.8342430184654463 × 10^286 |
| 98 | ov_098 | 3.8342079365393513 × 10^286 |
| 99 | ov_099 | 3.834196702815993 × 10^286 |
| 100 | ov_100 | 3.181359471812201 × 10^286 |
| 101 | ov_101 | 2.6185531892487695 × 10^286 |
| 102 | ov_102 | 2.1371535746872398 × 10^286 |
| 103 | ov_103 | 1.7290150567965266 × 10^286 |
| 104 | ov_104 | 1.386435859562086 × 10^286 |
| 105 | ov_105 | 1.1021275179184405 × 10^286 |
| 106 | ov_106 | 8.691884259092626 × 10^285 |
| 107 | ov_107 | 6.81081041382994 × 10^285 |
| 108 | ov_108 | 5.316123913307577 × 10^285 |
| 109 | ov_109 | 4.1491754141289813 × 10^285 |
| 110 | ov_110 | 3.254457121276932 × 10^285 |
| 111 | ov_111 | 2.579487425607703 × 10^285 |
| 112 | ov_112 | 2.074716208106416 × 10^285 |
| 113 | ov_113 | 1.6934481809378537 × 10^285 |
| 114 | ov_114 | 1.3917818125745395 × 10^285 |
| 115 | ov_115 | 1.1285615602296901 × 10^285 |
| 116 | ov_116 | 9.011052807274965 × 10^284 |
| 117 | ov_117 | 7.067505891636776 × 10^284 |
| 118 | ov_118 | 5.4284891267639265 × 10^284 |
| 119 | ov_119 | 4.067609494421907 × 10^284 |
| 120 | ov_120 | 2.958533590833986 × 10^284 |
| 121 | ov_121 | 2.0749651070271998 × 10^284 |
| 122 | ov_122 | 1.3906303687590814 × 10^284 |
| 123 | ov_123 | 8.792688575969966 × 10^283 |
| 124 | ov_124 | 5.146268481483299 × 10^283 |
| 125 | ov_125 | 2.704535056206459 × 10^283 |
| 126 | ov_126 | 1.2049894913764886 × 10^283 |
| 127 | aaa_77_28 | 3.851354946234307 × 10^282 |
| 128 | aaa_77_29 | 1.445929060676469 × 10^282 |
| 129 | ov_129 | 1.348492841821219 × 10^282 |
| 130 | ov_130 | 1.3484890378848994 × 10^282 |
| 131 | ov_131 | 1.34848811692768 × 10^282 |
| 132 | ov_132 | 1.1732615029459721 × 10^282 |
| 133 | ov_133 | 1.015744130641201 × 10^282 |
| 134 | ov_134 | 8.745624404336597 × 10^281 |
| 135 | ov_135 | 7.48417646680309 × 10^281 |
| 136 | ov_136 | 6.36080413085528 × 10^281 |
| 137 | ov_137 | 5.369528144548884 × 10^281 |
| 138 | ov_138 | 4.499311967759974 × 10^281 |
| 139 | ov_139 | 3.739693582273996 × 10^281 |
| 140 | ov_140 | 3.0807566975808087 × 10^281 |
| 141 | ov_141 | 2.5131066068179046 × 10^281 |
| 142 | ov_142 | 2.0278501712408113 × 10^281 |
| 143 | ov_143 | 1.6165794422462972 × 10^281 |
| 144 | ov_144 | 1.2713584602349614 × 10^281 |
| 145 | ov_145 | 9.847127995863351 × 10^280 |
| 146 | ov_146 | 7.496214588190717 × 10^280 |
| 147 | ov_147 | 5.595107246873517 × 10^280 |
| 148 | ov_148 | 4.0824966856896355 × 10^280 |
| 149 | ov_149 | 2.9014696306109043 × 10^280 |
| 150 | ov_150 | 1.9994873623427367 × 10^280 |
| 151 | ov_151 | 1.3283721051313884 × 10^280 |
| 152 | ov_152 | 8.442990265993359 × 10^279 |
| 153 | ov_153 | 5.077919083765448 × 10^279 |
| 154 | ov_154 | 2.837209082228694 × 10^279 |
| 155 | ov_155 | 1.41301351406931 × 10^279 |
| 156 | aaa_76_25 | 5.409307237670001 × 10^278 |
| 157 | aaa_76_26 | 3.0939888450470244 × 10^278 |
| 158 | aaa_76_27 | 1.5576779912278573 × 10^278 |
| 159 | aaa_76_28 | 5.831810224308677 × 10^277 |
| 160 | aaa_76_29 | 1.6627432725691837 × 10^277 |

### Output Bits Sorted by Complexity

| Rank | Output Bit | Complexity |
|:----:|:----------:|:----------:|
| 160 | aaa_76_29 | 1.6627432725691837 × 10^277 |
| 159 | aaa_76_28 | 5.831810224308677 × 10^277 |
| 158 | aaa_76_27 | 1.5576779912278573 × 10^278 |
| 157 | aaa_76_26 | 3.0939888450470244 × 10^278 |
| 156 | aaa_76_25 | 5.409307237670001 × 10^278 |
| 155 | ov_155 | 1.41301351406931 × 10^279 |
| 154 | ov_154 | 2.837209082228694 × 10^279 |
| 153 | ov_153 | 5.077919083765448 × 10^279 |
| 152 | ov_152 | 8.442990265993359 × 10^279 |
| 151 | ov_151 | 1.3283721051313884 × 10^280 |
| 150 | ov_150 | 1.9994873623427367 × 10^280 |
| 149 | ov_149 | 2.9014696306109043 × 10^280 |
| 148 | ov_148 | 4.0824966856896355 × 10^280 |
| 147 | ov_147 | 5.595107246873517 × 10^280 |
| 146 | ov_146 | 7.496214588190717 × 10^280 |
| 145 | ov_145 | 9.847127995863351 × 10^280 |
| 144 | ov_144 | 1.2713584602349614 × 10^281 |
| 143 | ov_143 | 1.6165794422462972 × 10^281 |
| 142 | ov_142 | 2.0278501712408113 × 10^281 |
| 141 | ov_141 | 2.5131066068179046 × 10^281 |
| 140 | ov_140 | 3.0807566975808087 × 10^281 |
| 139 | ov_139 | 3.739693582273996 × 10^281 |
| 138 | ov_138 | 4.499311967759974 × 10^281 |
| 137 | ov_137 | 5.369528144548884 × 10^281 |
| 136 | ov_136 | 6.36080413085528 × 10^281 |
| 135 | ov_135 | 7.48417646680309 × 10^281 |
| 134 | ov_134 | 8.745624404336597 × 10^281 |
| 133 | ov_133 | 1.015744130641201 × 10^282 |
| 132 | ov_132 | 1.1732615029459721 × 10^282 |
| 131 | ov_131 | 1.34848811692768 × 10^282 |
| 130 | ov_130 | 1.3484890378848994 × 10^282 |
| 129 | ov_129 | 1.348492841821219 × 10^282 |
| 128 | aaa_77_29 | 1.445929060676469 × 10^282 |
| 127 | aaa_77_28 | 3.851354946234307 × 10^282 |
| 126 | ov_126 | 1.2049894913764886 × 10^283 |
| 125 | ov_125 | 2.704535056206459 × 10^283 |
| 124 | ov_124 | 5.146268481483299 × 10^283 |
| 123 | ov_123 | 8.792688575969966 × 10^283 |
| 122 | ov_122 | 1.3906303687590814 × 10^284 |
| 121 | ov_121 | 2.0749651070271998 × 10^284 |
| 120 | ov_120 | 2.958533590833986 × 10^284 |
| 119 | ov_119 | 4.067609494421907 × 10^284 |
| 118 | ov_118 | 5.4284891267639265 × 10^284 |
| 117 | ov_117 | 7.067505891636776 × 10^284 |
| 116 | ov_116 | 9.011052807274965 × 10^284 |
| 115 | ov_115 | 1.1285615602296901 × 10^285 |
| 114 | ov_114 | 1.3917818125745395 × 10^285 |
| 113 | ov_113 | 1.6934481809378537 × 10^285 |
| 112 | ov_112 | 2.074716208106416 × 10^285 |
| 111 | ov_111 | 2.579487425607703 × 10^285 |
| 110 | ov_110 | 3.254457121276932 × 10^285 |
| 109 | ov_109 | 4.1491754141289813 × 10^285 |
| 108 | ov_108 | 5.316123913307577 × 10^285 |
| 107 | ov_107 | 6.81081041382994 × 10^285 |
| 106 | ov_106 | 8.691884259092626 × 10^285 |
| 105 | ov_105 | 1.1021275179184405 × 10^286 |
| 104 | ov_104 | 1.386435859562086 × 10^286 |
| 103 | ov_103 | 1.7290150567965266 × 10^286 |
| 102 | ov_102 | 2.1371535746872398 × 10^286 |
| 101 | ov_101 | 2.6185531892487695 × 10^286 |
| 100 | ov_100 | 3.181359471812201 × 10^286 |
| 99 | ov_099 | 3.834196702815993 × 10^286 |
| 98 | ov_098 | 3.8342079365393513 × 10^286 |
| 97 | ov_097 | 3.8342430184654463 × 10^286 |
| 96 | aaa_78_29 | 7.4493196091077225 × 10^286 |
| 95 | aaa_78_28 | 2.475602166951686 × 10^287 |
| 94 | ov_094 | 8.121230052483097 × 10^287 |
| 93 | ov_093 | 1.9221545078221525 × 10^288 |
| 92 | ov_092 | 3.897180406604925 × 10^288 |
| 91 | ov_091 | 7.147788185978541 × 10^288 |
| 90 | ov_090 | 1.2586221714642184 × 10^289 |
| 89 | ov_089 | 2.1306880014305943 × 10^289 |
| 88 | ov_088 | 3.4586369865992343 × 10^289 |
| 87 | ov_087 | 5.388360368379498 × 10^289 |
| 86 | ov_086 | 8.083996244955882 × 10^289 |
| 85 | ov_085 | 1.1727954453613377 × 10^290 |
| 84 | ov_084 | 1.6520952142308357 × 10^290 |
| 83 | ov_083 | 2.268206213109385 × 10^290 |
| 82 | ov_082 | 3.0448776164474493 × 10^290 |
| 81 | ov_081 | 4.007708515665506 × 10^290 |
| 64 | lv_79_m31 | 4.649772477632115 × 10^290 |
| 80 | ov_080 | 5.184157853319443 × 10^290 |
| 79 | ov_079 | 6.603556477513122 × 10^290 |
| 78 | ov_078 | 8.297121527573853 × 10^290 |
| 77 | ov_077 | 1.0297973362642212 × 10^291 |
| 76 | ov_076 | 1.2641155245781078 × 10^291 |
| 75 | ov_075 | 1.5363656382046325 × 10^291 |
| 74 | ov_074 | 1.8504440091358023 × 10^291 |
| 73 | ov_073 | 2.210448016173205 × 10^291 |
| 63 | ov_063 | 2.384366687893788 × 10^291 |
| 72 | ov_072 | 2.6206809007910443 × 10^291 |
| 71 | ov_071 | 3.085658148666578 × 10^291 |
| 70 | ov_070 | 3.6101158451842566 × 10^291 |
| 69 | ov_069 | 4.199021437088632 × 10^291 |
| 68 | ov_068 | 4.8575873571766456 × 10^291 |
| 67 | ov_067 | 5.5912879946593257 × 10^291 |
| 66 | ov_066 | 5.591291420451297 × 10^291 |
| 65 | ov_065 | 5.5913057792123945 × 10^291 |
| 62 | ov_062 | 1.2224203131837572 × 10^292 |
| 61 | ov_061 | 3.998419993910154 × 10^292 |
| 60 | ov_060 | 1.1375658990014005 × 10^293 |
| 59 | ov_059 | 2.7994518860963762 × 10^293 |
| 58 | ov_058 | 5.778137908708657 × 10^293 |
| 57 | ov_057 | 1.0575787968647887 × 10^294 |
| 56 | ov_056 | 1.7804096232039247 × 10^294 |
| 55 | ov_055 | 2.8795992539284654 × 10^294 |
| 54 | ov_054 | 4.510351461702589 × 10^294 |
| 53 | ov_053 | 6.849788054815912 × 10^294 |
| 52 | ov_052 | 1.0096961948328628 × 10^295 |
| 51 | ov_051 | 1.4472879390430915 × 10^295 |
| 50 | ov_050 | 2.0220536726456383 × 10^295 |
| 49 | ov_049 | 2.7604979407693634 × 10^295 |
| 48 | ov_048 | 3.691339272919079 × 10^295 |
| 47 | ov_047 | 4.845523523891182 × 10^295 |
| 32 | lv_80_m31 | 5.468613205812208 × 10^295 |
| 46 | ov_046 | 6.25624272198898 × 10^295 |
| 45 | ov_045 | 7.958960810807734 × 10^295 |
| 44 | ov_044 | 9.991447817211716 × 10^295 |
| 43 | ov_043 | 1.2374357742744122 × 10^296 |
| 42 | ov_042 | 1.5150217533177794 × 10^296 |
| 41 | ov_041 | 1.8364030807956271 × 10^296 |
| 40 | ov_040 | 2.2063364000377274 × 10^296 |
| 39 | ov_039 | 2.6298450798353503 × 10^296 |
| 31 | ov_031 | 2.804689507477554 × 10^296 |
| 38 | ov_038 | 3.1122317308031605 × 10^296 |
| 37 | ov_037 | 3.6590930514186265 × 10^296 |
| 36 | ov_036 | 4.276337276441551 × 10^296 |
| 35 | ov_035 | 4.97020451590047 × 10^296 |
| 34 | ov_034 | 5.74729028852655 × 10^296 |
| 33 | ov_033 | 6.6145725694742815 × 10^296 |
| 30 | ov_030 | 1.4381602170523892 × 10^297 |
| 29 | ov_029 | 4.7049275770740535 × 10^297 |
| 28 | ov_028 | 1.221160948829716 × 10^298 |
| 27 | ov_027 | 2.7293880720597806 × 10^298 |
| 26 | ov_026 | 5.791465820831099 × 10^298 |
| 25 | ov_025 | 1.1462000782684074 × 10^299 |
| 24 | ov_024 | 2.1053920791753756 × 10^299 |
| 23 | ov_023 | 3.613849378157413 × 10^299 |
| 22 | ov_022 | 5.854537585353844 × 10^299 |
| 21 | ov_021 | 9.036271583712941 × 10^299 |
| 20 | ov_020 | 1.3393734987415999 × 10^300 |
| 19 | ov_019 | 1.9187512362964646 × 10^300 |
| 18 | ov_018 | 2.6704139280212295 × 10^300 |
| 17 | ov_017 | 3.62561780815668 × 10^300 |
| 16 | ov_016 | 4.8182330407347105 × 10^300 |
| 15 | ov_015 | 6.284759977070303 × 10^300 |
| 14 | ov_014 | 8.064351922963744 × 10^300 |
| 13 | ov_013 | 1.019884609592996 × 10^301 |
| 12 | ov_012 | 1.273280462858383 × 10^301 |
| 11 | ov_011 | 1.5713567650522612 × 10^301 |
| 10 | ov_010 | 1.9191320657878413 × 10^301 |
| 9 | ov_009 | 2.321917855746516 × 10^301 |
| 8 | ov_008 | 2.7853288951510165 × 10^301 |
| 7 | ov_007 | 3.315295740983865 × 10^301 |
| 6 | ov_006 | 3.918079746502258 × 10^301 |
| 5 | ov_005 | 4.600290786315721 × 10^301 |
| 4 | ov_004 | 5.368907979346549 × 10^301 |
| 3 | ov_003 | 6.231303740488872 × 10^301 |
| 2 | ov_002 | 7.195271531441008 × 10^301 |
| 1 | ov_001 | 8.26905770214528 × 10^301 |

