# Results for O001009-E002007-E005015-F017-F018-F019-F020-F021-F022-F023-F024-F025-F026-F027-F028-F029-F030-F031-F032-F033-F034-F035-F036-F037-F038-F039-F040-F041-F042-F043-F044-F045-F046-F047-F048-F049-F050-F051-F052-F053-F054-F055-F056-F057-F058-F059-F060-F061-F062-F063-F064-F065-F066-F067-F068-F069-F070-F071-F072-F073-F074-F075-F076-F077-F078-F079-F080-F081-F082-F083-F084-F085-F086-F087-F088-F089-F090-F091-F092-F093-F094-F095-F096-F097-F098-F099-F100-F101-F102-F103-F104-F105-F106-F107-F108-F109-F110-F111-F112-F113-F114-F115-F116-F117-F118-F119-F120-F121-F122-F123-F124-F125-F126-F127-F128-F129-F130-F131-F132-F133-F134-F135-F136-F137-F138-F139-F140-F141-F142-F143-F144-F145-F146-F147-F148-F149-F150-F151-F152-F153-F154-F155-F156-F157-F158-F159-F160-F161-F162-F163-F164-F165-F166-F167-F168-F169-F170-F171-F172-F173-F174-F175-F176-F177-F178-F179-F180-F181-F182-F183-F184-F185-F186-F187-F188-F189-F190-F191-F192-F193-F194-F195-F196-F197-F198-F199-F200-F201-F202-F203-F204-F205-F206-F207-F208-F209-F210-F211-F212-F213-F214-F215-F216-F217-F218-F219-F220-F221-F222-F223-F224-F225-F226-F227-F228-F229-F230-F231-F232-F233-F234-F235-F236-F237-F238-F239-F240-F241-F242-F243-F244-F245-F246-F247-F248-F249-F250-F251-F252-F253-F254-F255-F256-F257-F258-F259-F260-F261-F262-F263-F264-F265-F266-F267-F268-F269-F270-F271-F272-F273-F274-F275-F276-F277-F278-F279-F280-F281-F282-F283-F284-F285-F286-F287-F288-F289-F290-F291-F292-F293-F294-F295-F296-F297-F298-F299-F300-F301-F302-F303-F304-F305-F306-F307-F308-F309-F310-F311-F312-F313-F314-F315-F316-F317-F318-F319-F320-F321-F322-F323-F324-F325-F326-F327-F328-F329-F330-F331-F332-F333-F334-F335-F336-F337-F338-F339-F340-F341-F342-F343-F344-F345-F346-F347-F348-F349-F350-F351-F352-F353-F354-F355-F356-F357-F358-F359-F360-F361-F362-F363-F364-F365-F366-F367-F368-F369-F370-F371-F372-F373-F374-F375-F376-F377-F378-F379-F380-F381-F382-F383-F384-F385-F386-F387-F388-F389-F390-F391-F392-F393-F394-F395-F396-F397-F398-F399-F400-F401-F402-F403-F404-F405-F406-F407-F408-F409-F410-F411-F412-F413-F414-F415-F416-F417-F418-F419-F420-F421-F422-F423-F424-F425-F426-F427-F428-F429-F430-F431-F432-F433-F434-F435-F436-F437-F438-F439-F440-F441-F442-F443-F444-F445-F446-F447-F448-F449-F450-F451-F452-F453-F454-F455-F456-F457-F458-F459-F460-F461-F462-F463-F464-F465-F466-F467-F468-F469-F470-F471-F472-F473-F474-F475-F476-F477-F478-F479-F480-F481-F482-F483-F484-F485-F486-F487-F488-F489-F490-F491-F492-F493-F494-F495-F496-F497-F498-F499-F500-F501-F502-F503-F504-F505-F506-F507-F508-F509-F510-F511-F512

## Summary

Number of input bits: 512  
Number of free input bits: 13  
Number of output bits: 160

Number of direct occurrences: 58930  
Number of assignments: 39198  
Number of operations: 19217920
(xor: 19180108,
and: 21164,
or: 16648)

Total complexity: 7.824429547449665 × 10^356

Least occurring input variable: iv_012 (4184)  
Most occurring input variable: iv_001 (4873)

Most co-occurring input variables: iv_001-iv_005 (2280)  
Least co-occurring input variables: iv_012-iv_016 (1914)

Potentially most occurring input variable: iv_005/iv_016 (5353)  
Potentially least occurring input variable: iv_003/iv_012 (4505)

Least output occurring input variable: iv_005 (59)  
Most output occurring input variable: iv_012 (84)

Most output co-occurring input variables: iv_002-iv_012 (45)  
Least output co-occurring input variables: iv_008-iv_011 (24)

Potentially most output occurring input variable: iv_010/iv_012 (91)  
Potentially least output occurring input variable: iv_008/iv_014 (66)

Least complex input bit: iv_016 (1.1440249199041248 × 10^353)  
Most complex input bit: iv_005 (1.743097127965602 × 10^356)

Least complex output bit: aaa_76_29 (1.9490785652306046 × 10^331)  
Most complex output bit: ov_001 (1.197707243155111 × 10^356)

Least complex input/output complexity: iv_016/aaa_76_29 (2.8497853242241494 × 10^327)  
Most complex input/output complexity: iv_005/ov_001 (2.6682073664625836 × 10^355)

## Input Bits

### Input Bits in Regular Order

| Input Bit | Complexity | Occurrences | Output Occurrences |
|:---------:|:----------:|:-----------:|:------------------:|
| iv_001 | 4.336708892950844 × 10^355 | 4873 | 67 |
| iv_002 | 2.868232258900171 × 10^355 | 4399 | 79 |
| iv_003 | 4.349903467952627 × 10^354 | 4385 | 75 |
| iv_004 | 9.461831795902415 × 10^354 | 4554 | 77 |
| iv_005 | 1.743097127965602 × 10^356 | 4776 | 59 |
| iv_006 | 2.0950057700098162 × 10^355 | 4399 | 78 |
| iv_008 | 3.4220236988359382 × 10^355 | 4455 | 69 |
| iv_010 | 5.491011381509372 × 10^355 | 4493 | 83 |
| iv_011 | 7.167778896325948 × 10^355 | 4654 | 63 |
| iv_012 | 9.067050997012093 × 10^355 | 4184 | 84 |
| iv_013 | 1.1237792704069567 × 10^356 | 4560 | 80 |
| iv_014 | 1.3735105819642458 × 10^356 | 4695 | 83 |
| iv_016 | 1.1440249199041248 × 10^353 | 4503 | 75 |

### Input Bits Sorted by Complexity

| Input Bit | Complexity | Occurrences | Output Occurrences |
|:---------:|:----------:|:-----------:|:------------------:|
| iv_016 | 1.1440249199041248 × 10^353 | 4503 | 75 |
| iv_003 | 4.349903467952627 × 10^354 | 4385 | 75 |
| iv_004 | 9.461831795902415 × 10^354 | 4554 | 77 |
| iv_006 | 2.0950057700098162 × 10^355 | 4399 | 78 |
| iv_002 | 2.868232258900171 × 10^355 | 4399 | 79 |
| iv_008 | 3.4220236988359382 × 10^355 | 4455 | 69 |
| iv_001 | 4.336708892950844 × 10^355 | 4873 | 67 |
| iv_010 | 5.491011381509372 × 10^355 | 4493 | 83 |
| iv_011 | 7.167778896325948 × 10^355 | 4654 | 63 |
| iv_012 | 9.067050997012093 × 10^355 | 4184 | 84 |
| iv_013 | 1.1237792704069567 × 10^356 | 4560 | 80 |
| iv_014 | 1.3735105819642458 × 10^356 | 4695 | 83 |
| iv_005 | 1.743097127965602 × 10^356 | 4776 | 59 |

### Input Bits Sorted by Occurrences

| Input Bit | Complexity | Occurrences | Output Occurrences |
|:---------:|:----------:|:-----------:|:------------------:|
| iv_012 | 9.067050997012093 × 10^355 | 4184 | 84 |
| iv_003 | 4.349903467952627 × 10^354 | 4385 | 75 |
| iv_002 | 2.868232258900171 × 10^355 | 4399 | 79 |
| iv_006 | 2.0950057700098162 × 10^355 | 4399 | 78 |
| iv_008 | 3.4220236988359382 × 10^355 | 4455 | 69 |
| iv_010 | 5.491011381509372 × 10^355 | 4493 | 83 |
| iv_016 | 1.1440249199041248 × 10^353 | 4503 | 75 |
| iv_004 | 9.461831795902415 × 10^354 | 4554 | 77 |
| iv_013 | 1.1237792704069567 × 10^356 | 4560 | 80 |
| iv_011 | 7.167778896325948 × 10^355 | 4654 | 63 |
| iv_014 | 1.3735105819642458 × 10^356 | 4695 | 83 |
| iv_005 | 1.743097127965602 × 10^356 | 4776 | 59 |
| iv_001 | 4.336708892950844 × 10^355 | 4873 | 67 |

### Input Bits Sorted by Output Occurrences

| Input Bit | Complexity | Occurrences | Output Occurrences |
|:---------:|:----------:|:-----------:|:------------------:|
| iv_005 | 1.743097127965602 × 10^356 | 4776 | 59 |
| iv_011 | 7.167778896325948 × 10^355 | 4654 | 63 |
| iv_001 | 4.336708892950844 × 10^355 | 4873 | 67 |
| iv_008 | 3.4220236988359382 × 10^355 | 4455 | 69 |
| iv_016 | 1.1440249199041248 × 10^353 | 4503 | 75 |
| iv_003 | 4.349903467952627 × 10^354 | 4385 | 75 |
| iv_004 | 9.461831795902415 × 10^354 | 4554 | 77 |
| iv_006 | 2.0950057700098162 × 10^355 | 4399 | 78 |
| iv_002 | 2.868232258900171 × 10^355 | 4399 | 79 |
| iv_013 | 1.1237792704069567 × 10^356 | 4560 | 80 |
| iv_010 | 5.491011381509372 × 10^355 | 4493 | 83 |
| iv_014 | 1.3735105819642458 × 10^356 | 4695 | 83 |
| iv_012 | 9.067050997012093 × 10^355 | 4184 | 84 |

## Input Bit Co-occurrences

### Input Bit Co-occurrences Sorted by Co-occurrences

| Input Bits | Co-occurrences | Potential Occurrences | Output Co-occurrences | Potential Output Occurrences |
|:----------:|:--------------:|:---------------------:|:---------------------:|:----------------------------:|
| iv_001-iv_005 | 2280 | 5089 | 25 | 76 |
| iv_001-iv_011 | 2279 | 4969 | 31 | 68 |
| iv_001-iv_010 | 2247 | 4872 | 37 | 76 |
| iv_001-iv_004 | 2225 | 4977 | 28 | 88 |
| iv_013-iv_014 | 2213 | 4829 | 41 | 81 |
| iv_004-iv_014 | 2209 | 4831 | 41 | 78 |
| iv_003-iv_013 | 2201 | 4543 | 38 | 79 |
| iv_008-iv_014 | 2201 | 4748 | 43 | 66 |
| iv_008-iv_013 | 2195 | 4625 | 36 | 77 |
| iv_003-iv_004 | 2193 | 4553 | 38 | 76 |
| iv_001-iv_014 | 2192 | 5184 | 41 | 68 |
| iv_001-iv_008 | 2186 | 4956 | 25 | 86 |
| iv_001-iv_016 | 2184 | 5008 | 36 | 70 |

### Input Bit Co-occurrences Sorted by Potential Occurrences

| Input Bits | Co-occurrences | Potential Occurrences | Output Co-occurrences | Potential Output Occurrences |
|:----------:|:--------------:|:---------------------:|:---------------------:|:----------------------------:|
| iv_003-iv_012 | 2032 | 4505 | 40 | 79 |
| iv_003-iv_013 | 2201 | 4543 | 38 | 79 |
| iv_003-iv_004 | 2193 | 4553 | 38 | 76 |
| iv_003-iv_008 | 2143 | 4554 | 34 | 76 |
| iv_002-iv_012 | 2010 | 4563 | 45 | 73 |
| iv_008-iv_012 | 2025 | 4589 | 35 | 83 |
| iv_008-iv_013 | 2195 | 4625 | 36 | 77 |
| iv_012-iv_013 | 2053 | 4638 | 42 | 80 |
| iv_006-iv_016 | 2104 | 4694 | 34 | 85 |
| iv_006-iv_012 | 1924 | 4735 | 42 | 78 |
| iv_010-iv_012 | 1965 | 4747 | 38 | 91 |
| iv_008-iv_014 | 2201 | 4748 | 43 | 66 |
| iv_006-iv_011 | 2150 | 4753 | 30 | 81 |

### Input Bit Output Co-occurrences Sorted by Output Co-occurrences

| Input Bits | Co-occurrences | Potential Occurrences | Output Co-occurrences | Potential Output Occurrences |
|:----------:|:--------------:|:---------------------:|:---------------------:|:----------------------------:|
| iv_002-iv_004 | 2079 | 4795 | 45 | 66 |
| iv_002-iv_012 | 2010 | 4563 | 45 | 73 |
| iv_010-iv_014 | 2183 | 4822 | 44 | 78 |
| iv_004-iv_010 | 2134 | 4779 | 44 | 72 |
| iv_010-iv_013 | 2028 | 4997 | 43 | 77 |
| iv_008-iv_014 | 2201 | 4748 | 43 | 66 |
| iv_004-iv_013 | 2154 | 4806 | 43 | 71 |
| iv_004-iv_012 | 1972 | 4794 | 42 | 77 |
| iv_006-iv_012 | 1924 | 4735 | 42 | 78 |
| iv_012-iv_014 | 2040 | 4799 | 42 | 83 |
| iv_012-iv_013 | 2053 | 4638 | 42 | 80 |
| iv_001-iv_014 | 2192 | 5184 | 41 | 68 |
| iv_013-iv_014 | 2213 | 4829 | 41 | 81 |

### Input Bit Output Co-occurrences Sorted by Potential Output Occurrences

| Input Bits | Co-occurrences | Potential Occurrences | Output Co-occurrences | Potential Output Occurrences |
|:----------:|:--------------:|:---------------------:|:---------------------:|:----------------------------:|
| iv_008-iv_014 | 2201 | 4748 | 43 | 66 |
| iv_002-iv_004 | 2079 | 4795 | 45 | 66 |
| iv_001-iv_014 | 2192 | 5184 | 41 | 68 |
| iv_004-iv_011 | 2070 | 5068 | 36 | 68 |
| iv_001-iv_011 | 2279 | 4969 | 31 | 68 |
| iv_001-iv_016 | 2184 | 5008 | 36 | 70 |
| iv_005-iv_011 | 2059 | 5312 | 26 | 70 |
| iv_004-iv_013 | 2154 | 4806 | 43 | 71 |
| iv_004-iv_010 | 2134 | 4779 | 44 | 72 |
| iv_002-iv_012 | 2010 | 4563 | 45 | 73 |
| iv_004-iv_008 | 2122 | 4765 | 36 | 74 |
| iv_008-iv_010 | 2020 | 4908 | 39 | 74 |
| iv_006-iv_008 | 2010 | 4834 | 36 | 75 |

## Output Bits

### Output Bits in Regular Order

| Rank | Output Bit | Complexity |
|:----:|:----------:|:----------:|
| 1 | ov_001 | 1.197707243155111 × 10^356 |
| 2 | ov_002 | 1.045835797767492 × 10^356 |
| 3 | ov_003 | 9.09341753261581 × 10^355 |
| 4 | ov_004 | 7.870058102161667 × 10^355 |
| 5 | ov_005 | 6.776770782668131 × 10^355 |
| 6 | ov_006 | 5.8026829284790796 × 10^355 |
| 7 | ov_007 | 4.937515957866224 × 10^355 |
| 8 | ov_008 | 4.171548256784797 × 10^355 |
| 9 | ov_009 | 3.495582764537489 × 10^355 |
| 10 | ov_010 | 2.9009189438510706 × 10^355 |
| 11 | ov_011 | 2.383327419220861 × 10^355 |
| 12 | ov_012 | 1.9388096307857103 × 10^355 |
| 13 | ov_013 | 1.5600257523022362 × 10^355 |
| 14 | ov_014 | 1.2400577959103328 × 10^355 |
| 15 | ov_015 | 9.723983776451926 × 10^354 |
| 16 | ov_016 | 7.509417212216846 × 10^354 |
| 17 | ov_017 | 5.699765761873501 × 10^354 |
| 18 | ov_018 | 4.241807524405871 × 10^354 |
| 19 | ov_019 | 3.0861699893423747 × 10^354 |
| 20 | ov_020 | 2.1872998016069052 × 10^354 |
| 21 | ov_021 | 1.503441297615624 × 10^354 |
| 22 | ov_022 | 9.966218633428803 × 10^353 |
| 23 | ov_023 | 6.326424222651105 × 10^353 |
| 24 | ov_024 | 3.810716182144658 × 10^353 |
| 25 | ov_025 | 2.1524251526363005 × 10^353 |
| 26 | ov_026 | 1.1225089275825032 × 10^353 |
| 27 | ov_027 | 5.295446215863417 × 10^352 |
| 28 | ov_028 | 2.1972558038811564 × 10^352 |
| 29 | ov_029 | 7.686038558309084 × 10^351 |
| 30 | ov_030 | 2.1116441358379722 × 10^351 |
| 31 | ov_031 | 4.1228364875729625 × 10^350 |
| 32 | lv_80_m31 | 8.04841639138152 × 10^349 |
| 33 | ov_033 | 9.965371208089287 × 10^350 |
| 34 | ov_034 | 8.709206494961243 × 10^350 |
| 35 | ov_035 | 7.580611153896588 × 10^350 |
| 36 | ov_036 | 6.56939547086275 × 10^350 |
| 37 | ov_037 | 5.6659255401578085 × 10^350 |
| 38 | ov_038 | 4.8610839009099794 × 10^350 |
| 39 | ov_039 | 4.146235344592871 × 10^350 |
| 40 | ov_040 | 3.513197416821928 × 10^350 |
| 41 | ov_041 | 2.9542151625229054 × 10^350 |
| 42 | ov_042 | 2.4619396883184552 × 10^350 |
| 43 | ov_043 | 2.0294101398405723 × 10^350 |
| 44 | ov_044 | 1.6532410480493783 × 10^350 |
| 45 | ov_045 | 1.330230079694217 × 10^350 |
| 46 | ov_046 | 1.0573525099832829 × 10^350 |
| 47 | ov_047 | 8.290749108061201 × 10^349 |
| 48 | ov_048 | 6.402005110688671 × 10^349 |
| 49 | ov_049 | 4.8586447397273784 × 10^349 |
| 50 | ov_050 | 3.615303939866953 × 10^349 |
| 51 | ov_051 | 2.6298778473137683 × 10^349 |
| 52 | ov_052 | 1.8635034972977878 × 10^349 |
| 53 | ov_053 | 1.2805484866508435 × 10^349 |
| 54 | ov_054 | 8.486039243785188 × 10^348 |
| 55 | ov_055 | 5.384802094686411 × 10^348 |
| 56 | ov_056 | 3.242044737837623 × 10^348 |
| 57 | ov_057 | 1.8301898545734685 × 10^348 |
| 58 | ov_058 | 9.538019019287214 × 10^347 |
| 59 | ov_059 | 4.4958196208066674 × 10^347 |
| 60 | ov_060 | 1.863653495840902 × 10^347 |
| 61 | ov_061 | 6.5120695819180506 × 10^346 |
| 62 | ov_062 | 1.787023152371744 × 10^346 |
| 63 | ov_063 | 3.4843849379669795 × 10^345 |
| 64 | lv_79_m31 | 6.792502770527817 × 10^344 |
| 65 | ov_065 | 8.129736332234162 × 10^345 |
| 66 | ov_066 | 8.129702049775498 × 10^345 |
| 67 | ov_067 | 8.129691080227556 × 10^345 |
| 68 | ov_068 | 7.050251197201228 × 10^345 |
| 69 | ov_069 | 6.08323641432701 × 10^345 |
| 70 | ov_070 | 5.220079962900049 × 10^345 |
| 71 | ov_071 | 4.452696133501337 × 10^345 |
| 72 | ov_072 | 3.773445856356295 × 10^345 |
| 73 | ov_073 | 3.1751064108184003 × 10^345 |
| 74 | ov_074 | 2.6508448553971204 × 10^345 |
| 75 | ov_075 | 2.194194836516872 × 10^345 |
| 76 | ov_076 | 1.799036541653057 × 10^345 |
| 77 | ov_077 | 1.4595795806908115 × 10^345 |
| 78 | ov_078 | 1.1703485135015519 × 10^345 |
| 79 | ov_079 | 9.26170719501855 × 10^344 |
| 80 | ov_080 | 7.221663239164207 × 10^344 |
| 81 | ov_081 | 5.537399140398072 × 10^344 |
| 82 | ov_082 | 4.165737970661519 × 10^344 |
| 83 | ov_083 | 3.0662259455040773 × 10^344 |
| 84 | ov_084 | 2.201090118921378 × 10^344 |
| 85 | ov_085 | 1.5352061354908025 × 10^344 |
| 86 | ov_086 | 1.0360742692243836 × 10^344 |
| 87 | ov_087 | 6.7380215483569174 × 10^343 |
| 88 | ov_088 | 4.210927930641176 × 10^343 |
| 89 | ov_089 | 2.53236587453445 × 10^343 |
| 90 | ov_090 | 1.4810634563163964 × 10^343 |
| 91 | ov_091 | 8.615435374311913 × 10^342 |
| 92 | ov_092 | 5.041080827130336 × 10^342 |
| 93 | ov_093 | 2.6483063585273477 × 10^342 |
| 94 | ov_094 | 1.1794382046804286 × 10^342 |
| 95 | aaa_78_28 | 3.768054144475717 × 10^341 |
| 96 | aaa_78_29 | 1.4137912232321953 × 10^341 |
| 97 | ov_097 | 1.3517848030685458 × 10^341 |
| 98 | ov_098 | 1.351780991529804 × 10^341 |
| 99 | ov_099 | 1.351780068742617 × 10^341 |
| 100 | ov_100 | 1.179156108329698 × 10^341 |
| 101 | ov_101 | 1.0243359178261734 × 10^341 |
| 102 | ov_102 | 8.85885710227058 × 10^340 |
| 103 | ov_103 | 7.624520824699526 × 10^340 |
| 104 | ov_104 | 6.527566030391579 × 10^340 |
| 105 | ov_105 | 5.5559105228725226 × 10^340 |
| 106 | ov_106 | 4.698132369778379 × 10^340 |
| 107 | ov_107 | 3.943433090298366 × 10^340 |
| 108 | ov_108 | 3.281605347276553 × 10^340 |
| 109 | ov_109 | 2.7030047606899116 × 10^340 |
| 110 | ov_110 | 2.2029466037816088 × 10^340 |
| 111 | ov_111 | 1.7770097953989654 × 10^340 |
| 112 | ov_112 | 1.417106237875032 × 10^340 |
| 113 | ov_113 | 1.11563314542546 × 10^340 |
| 114 | ov_114 | 8.654610429884212 × 10^339 |
| 115 | ov_115 | 6.599242235435169 × 10^339 |
| 116 | ov_116 | 4.928133639588373 × 10^339 |
| 117 | ov_117 | 3.5836995673794456 × 10^339 |
| 118 | ov_118 | 2.538268585560991 × 10^339 |
| 119 | ov_119 | 1.743161223886271 × 10^339 |
| 120 | ov_120 | 1.1541165262308778 × 10^339 |
| 121 | ov_121 | 7.312791947082389 × 10^338 |
| 122 | ov_122 | 4.391917262945906 × 10^338 |
| 123 | ov_123 | 2.467899508609176 × 10^338 |
| 124 | ov_124 | 1.2740072522281122 × 10^338 |
| 125 | ov_125 | 5.8740873469418716 × 10^337 |
| 126 | ov_126 | 2.2916768618906704 × 10^337 |
| 127 | aaa_77_28 | 6.424197765608114 × 10^336 |
| 128 | aaa_77_29 | 1.955190046064324 × 10^336 |
| 129 | ov_129 | 1.1653236394099344 × 10^336 |
| 130 | ov_130 | 1.1653198353560404 × 10^336 |
| 131 | ov_131 | 1.1653189129706502 × 10^336 |
| 132 | ov_132 | 1.0169905482314236 × 10^336 |
| 133 | ov_133 | 8.847257822989354 × 10^335 |
| 134 | ov_134 | 7.671043868835018 × 10^335 |
| 135 | ov_135 | 6.627866689585058 × 10^335 |
| 136 | ov_136 | 5.705079502180876 × 10^335 |
| 137 | ov_137 | 4.890736611172739 × 10^335 |
| 138 | ov_138 | 4.173549900407098 × 10^335 |
| 139 | ov_139 | 3.5428504510895995 × 10^335 |
| 140 | ov_140 | 2.98855493045441 × 10^335 |
| 141 | ov_141 | 2.5011364152352694 × 10^335 |
| 142 | ov_142 | 2.0715993334315982 × 10^335 |
| 143 | ov_143 | 1.6955758523797562 × 10^335 |
| 144 | ov_144 | 1.3689483463229054 × 10^335 |
| 145 | ov_145 | 1.0878413996266084 × 10^335 |
| 146 | ov_146 | 8.486153595676145 × 10^334 |
| 147 | ov_147 | 6.47861241943578 × 10^334 |
| 148 | ov_148 | 4.823967808272104 × 10^334 |
| 149 | ov_149 | 3.492634311227986 × 10^334 |
| 150 | ov_150 | 2.4572414985764985 × 10^334 |
| 151 | ov_151 | 1.6696345253580824 × 10^334 |
| 152 | ov_152 | 1.0860268165819091 × 10^334 |
| 153 | ov_153 | 6.66987620865099 × 10^333 |
| 154 | ov_154 | 3.7743417472229547 × 10^333 |
| 155 | ov_155 | 1.8662717932376946 × 10^333 |
| 156 | aaa_76_25 | 6.816849843054299 × 10^332 |
| 157 | aaa_76_26 | 3.55967931865957 × 10^332 |
| 158 | aaa_76_27 | 1.640408800869486 × 10^332 |
| 159 | aaa_76_28 | 6.396759520049345 × 10^331 |
| 160 | aaa_76_29 | 1.9490785652306046 × 10^331 |

### Output Bits Sorted by Complexity

| Rank | Output Bit | Complexity |
|:----:|:----------:|:----------:|
| 160 | aaa_76_29 | 1.9490785652306046 × 10^331 |
| 159 | aaa_76_28 | 6.396759520049345 × 10^331 |
| 158 | aaa_76_27 | 1.640408800869486 × 10^332 |
| 157 | aaa_76_26 | 3.55967931865957 × 10^332 |
| 156 | aaa_76_25 | 6.816849843054299 × 10^332 |
| 155 | ov_155 | 1.8662717932376946 × 10^333 |
| 154 | ov_154 | 3.7743417472229547 × 10^333 |
| 153 | ov_153 | 6.66987620865099 × 10^333 |
| 152 | ov_152 | 1.0860268165819091 × 10^334 |
| 151 | ov_151 | 1.6696345253580824 × 10^334 |
| 150 | ov_150 | 2.4572414985764985 × 10^334 |
| 149 | ov_149 | 3.492634311227986 × 10^334 |
| 148 | ov_148 | 4.823967808272104 × 10^334 |
| 147 | ov_147 | 6.47861241943578 × 10^334 |
| 146 | ov_146 | 8.486153595676145 × 10^334 |
| 145 | ov_145 | 1.0878413996266084 × 10^335 |
| 144 | ov_144 | 1.3689483463229054 × 10^335 |
| 143 | ov_143 | 1.6955758523797562 × 10^335 |
| 142 | ov_142 | 2.0715993334315982 × 10^335 |
| 141 | ov_141 | 2.5011364152352694 × 10^335 |
| 140 | ov_140 | 2.98855493045441 × 10^335 |
| 139 | ov_139 | 3.5428504510895995 × 10^335 |
| 138 | ov_138 | 4.173549900407098 × 10^335 |
| 137 | ov_137 | 4.890736611172739 × 10^335 |
| 136 | ov_136 | 5.705079502180876 × 10^335 |
| 135 | ov_135 | 6.627866689585058 × 10^335 |
| 134 | ov_134 | 7.671043868835018 × 10^335 |
| 133 | ov_133 | 8.847257822989354 × 10^335 |
| 132 | ov_132 | 1.0169905482314236 × 10^336 |
| 131 | ov_131 | 1.1653189129706502 × 10^336 |
| 130 | ov_130 | 1.1653198353560404 × 10^336 |
| 129 | ov_129 | 1.1653236394099344 × 10^336 |
| 128 | aaa_77_29 | 1.955190046064324 × 10^336 |
| 127 | aaa_77_28 | 6.424197765608114 × 10^336 |
| 126 | ov_126 | 2.2916768618906704 × 10^337 |
| 125 | ov_125 | 5.8740873469418716 × 10^337 |
| 124 | ov_124 | 1.2740072522281122 × 10^338 |
| 123 | ov_123 | 2.467899508609176 × 10^338 |
| 122 | ov_122 | 4.391917262945906 × 10^338 |
| 121 | ov_121 | 7.312791947082389 × 10^338 |
| 120 | ov_120 | 1.1541165262308778 × 10^339 |
| 119 | ov_119 | 1.743161223886271 × 10^339 |
| 118 | ov_118 | 2.538268585560991 × 10^339 |
| 117 | ov_117 | 3.5836995673794456 × 10^339 |
| 116 | ov_116 | 4.928133639588373 × 10^339 |
| 115 | ov_115 | 6.599242235435169 × 10^339 |
| 114 | ov_114 | 8.654610429884212 × 10^339 |
| 113 | ov_113 | 1.11563314542546 × 10^340 |
| 112 | ov_112 | 1.417106237875032 × 10^340 |
| 111 | ov_111 | 1.7770097953989654 × 10^340 |
| 110 | ov_110 | 2.2029466037816088 × 10^340 |
| 109 | ov_109 | 2.7030047606899116 × 10^340 |
| 108 | ov_108 | 3.281605347276553 × 10^340 |
| 107 | ov_107 | 3.943433090298366 × 10^340 |
| 106 | ov_106 | 4.698132369778379 × 10^340 |
| 105 | ov_105 | 5.5559105228725226 × 10^340 |
| 104 | ov_104 | 6.527566030391579 × 10^340 |
| 103 | ov_103 | 7.624520824699526 × 10^340 |
| 102 | ov_102 | 8.85885710227058 × 10^340 |
| 101 | ov_101 | 1.0243359178261734 × 10^341 |
| 100 | ov_100 | 1.179156108329698 × 10^341 |
| 99 | ov_099 | 1.351780068742617 × 10^341 |
| 98 | ov_098 | 1.351780991529804 × 10^341 |
| 97 | ov_097 | 1.3517848030685458 × 10^341 |
| 96 | aaa_78_29 | 1.4137912232321953 × 10^341 |
| 95 | aaa_78_28 | 3.768054144475717 × 10^341 |
| 94 | ov_094 | 1.1794382046804286 × 10^342 |
| 93 | ov_093 | 2.6483063585273477 × 10^342 |
| 92 | ov_092 | 5.041080827130336 × 10^342 |
| 91 | ov_091 | 8.615435374311913 × 10^342 |
| 90 | ov_090 | 1.4810634563163964 × 10^343 |
| 89 | ov_089 | 2.53236587453445 × 10^343 |
| 88 | ov_088 | 4.210927930641176 × 10^343 |
| 87 | ov_087 | 6.7380215483569174 × 10^343 |
| 86 | ov_086 | 1.0360742692243836 × 10^344 |
| 85 | ov_085 | 1.5352061354908025 × 10^344 |
| 84 | ov_084 | 2.201090118921378 × 10^344 |
| 83 | ov_083 | 3.0662259455040773 × 10^344 |
| 82 | ov_082 | 4.165737970661519 × 10^344 |
| 81 | ov_081 | 5.537399140398072 × 10^344 |
| 64 | lv_79_m31 | 6.792502770527817 × 10^344 |
| 80 | ov_080 | 7.221663239164207 × 10^344 |
| 79 | ov_079 | 9.26170719501855 × 10^344 |
| 78 | ov_078 | 1.1703485135015519 × 10^345 |
| 77 | ov_077 | 1.4595795806908115 × 10^345 |
| 76 | ov_076 | 1.799036541653057 × 10^345 |
| 75 | ov_075 | 2.194194836516872 × 10^345 |
| 74 | ov_074 | 2.6508448553971204 × 10^345 |
| 73 | ov_073 | 3.1751064108184003 × 10^345 |
| 63 | ov_063 | 3.4843849379669795 × 10^345 |
| 72 | ov_072 | 3.773445856356295 × 10^345 |
| 71 | ov_071 | 4.452696133501337 × 10^345 |
| 70 | ov_070 | 5.220079962900049 × 10^345 |
| 69 | ov_069 | 6.08323641432701 × 10^345 |
| 68 | ov_068 | 7.050251197201228 × 10^345 |
| 67 | ov_067 | 8.129691080227556 × 10^345 |
| 66 | ov_066 | 8.129702049775498 × 10^345 |
| 65 | ov_065 | 8.129736332234162 × 10^345 |
| 62 | ov_062 | 1.787023152371744 × 10^346 |
| 61 | ov_061 | 6.5120695819180506 × 10^346 |
| 60 | ov_060 | 1.863653495840902 × 10^347 |
| 59 | ov_059 | 4.4958196208066674 × 10^347 |
| 58 | ov_058 | 9.538019019287214 × 10^347 |
| 57 | ov_057 | 1.8301898545734685 × 10^348 |
| 56 | ov_056 | 3.242044737837623 × 10^348 |
| 55 | ov_055 | 5.384802094686411 × 10^348 |
| 54 | ov_054 | 8.486039243785188 × 10^348 |
| 53 | ov_053 | 1.2805484866508435 × 10^349 |
| 52 | ov_052 | 1.8635034972977878 × 10^349 |
| 51 | ov_051 | 2.6298778473137683 × 10^349 |
| 50 | ov_050 | 3.615303939866953 × 10^349 |
| 49 | ov_049 | 4.8586447397273784 × 10^349 |
| 48 | ov_048 | 6.402005110688671 × 10^349 |
| 32 | lv_80_m31 | 8.04841639138152 × 10^349 |
| 47 | ov_047 | 8.290749108061201 × 10^349 |
| 46 | ov_046 | 1.0573525099832829 × 10^350 |
| 45 | ov_045 | 1.330230079694217 × 10^350 |
| 44 | ov_044 | 1.6532410480493783 × 10^350 |
| 43 | ov_043 | 2.0294101398405723 × 10^350 |
| 42 | ov_042 | 2.4619396883184552 × 10^350 |
| 41 | ov_041 | 2.9542151625229054 × 10^350 |
| 40 | ov_040 | 3.513197416821928 × 10^350 |
| 31 | ov_031 | 4.1228364875729625 × 10^350 |
| 39 | ov_039 | 4.146235344592871 × 10^350 |
| 38 | ov_038 | 4.8610839009099794 × 10^350 |
| 37 | ov_037 | 5.6659255401578085 × 10^350 |
| 36 | ov_036 | 6.56939547086275 × 10^350 |
| 35 | ov_035 | 7.580611153896588 × 10^350 |
| 34 | ov_034 | 8.709206494961243 × 10^350 |
| 33 | ov_033 | 9.965371208089287 × 10^350 |
| 30 | ov_030 | 2.1116441358379722 × 10^351 |
| 29 | ov_029 | 7.686038558309084 × 10^351 |
| 28 | ov_028 | 2.1972558038811564 × 10^352 |
| 27 | ov_027 | 5.295446215863417 × 10^352 |
| 26 | ov_026 | 1.1225089275825032 × 10^353 |
| 25 | ov_025 | 2.1524251526363005 × 10^353 |
| 24 | ov_024 | 3.810716182144658 × 10^353 |
| 23 | ov_023 | 6.326424222651105 × 10^353 |
| 22 | ov_022 | 9.966218633428803 × 10^353 |
| 21 | ov_021 | 1.503441297615624 × 10^354 |
| 20 | ov_020 | 2.1872998016069052 × 10^354 |
| 19 | ov_019 | 3.0861699893423747 × 10^354 |
| 18 | ov_018 | 4.241807524405871 × 10^354 |
| 17 | ov_017 | 5.699765761873501 × 10^354 |
| 16 | ov_016 | 7.509417212216846 × 10^354 |
| 15 | ov_015 | 9.723983776451926 × 10^354 |
| 14 | ov_014 | 1.2400577959103328 × 10^355 |
| 13 | ov_013 | 1.5600257523022362 × 10^355 |
| 12 | ov_012 | 1.9388096307857103 × 10^355 |
| 11 | ov_011 | 2.383327419220861 × 10^355 |
| 10 | ov_010 | 2.9009189438510706 × 10^355 |
| 9 | ov_009 | 3.495582764537489 × 10^355 |
| 8 | ov_008 | 4.171548256784797 × 10^355 |
| 7 | ov_007 | 4.937515957866224 × 10^355 |
| 6 | ov_006 | 5.8026829284790796 × 10^355 |
| 5 | ov_005 | 6.776770782668131 × 10^355 |
| 4 | ov_004 | 7.870058102161667 × 10^355 |
| 3 | ov_003 | 9.09341753261581 × 10^355 |
| 2 | ov_002 | 1.045835797767492 × 10^356 |
| 1 | ov_001 | 1.197707243155111 × 10^356 |

