# Results for F001-F002-F003-F004-F005-F006-F007-F008-F009-F010-F011-F012-F013-F014-F015-F016-F017-F018-F019-F020-F021-F022-F023-F024-F025-F026-F027-F028-F029-F030-F031-F032-F033-F034-F035-F036-F037-F038-F039-F040-F041-F042-F043-F044-F045-F046-F047-F048-F049-F050-F051-F052-F053-F054-F055-F056-F057-F058-F059-F060-F061-F062-F063-F064-F065-F066-F067-F068-F069-F070-F071-F072-F073-F074-F075-F076-F077-F078-F079-F080-F081-F082-F083-F084-F085-F086-F087-F088-F089-F090-F091-F092-F093-F094-F095-F096-F097-F098-F099-F100-F101-F102-F103-F104-F105-F106-F107-F108-F109-F110-F111-F112-F113-F114-F115-F116-F117-F118-F119-F120-F121-F122-F123-F124-F125-F126-F127-F128-F129-F130-F131-F132-F133-F134-F135-F136-F137-F138-F139-F140-F141-F142-F143-F144-F145-F146-F147-F148-F149-F150-F151-F152-F153-F154-F155-F156-F157-F158-F159-F160-F161-F162-F163-F164-F165-F166-F167-F168-F169-F170-F171-F172-F173-F174-F175-F176-F177-F178-F179-F180-F181-F182-F183-F184-F185-F186-F187-F188-F189-F190-F191-F192-F193-F194-F195-F196-F197-F198-F199-F200-F201-F202-F203-F204-F205-F206-F207-F208-F209-F210-F211-F212-F213-F214-F215-F216-F217-F218-F219-F220-F221-F222-F223-F224-F225-F226-F227-F228-F229-F230-F231-F232-F233-F234-F235-F236-F237-F238-F239-F240-F241-F242-F243-F244-F245-F246-F247-F248-F249-F250-F251-F252-F253-F254-F255-F256-F257-F258-F259-F260-F261-F262-F263-F264-F265-F266-F267-F268-F269-F270-F271-F272-F273-F274-F275-F276-F277-F278-F279-F280-F281-F282-F283-F284-F285-F286-F287-F288-F289-F290-F291-F292-F293-F294-F295-F296-F297-F298-F299-F300-F301-F302-F303-F304-F305-F306-F307-F308-F309-F310-F311-F312-F313-F314-F315-F316-F317-F318-F319-F320-F321-F322-F323-F324-F325-F326-F327-F328-F329-F330-F331-F332-F333-F334-F335-F336-F337-F338-F339-F340-F341-F342-F343-F344-F345-F346-F347-F348-F349-F350-F351-F352-F353-F354-F355-F356-F357-F358-F359-F360-F361-F362-F363-F364-F365-F366-F367-F368-F369-F370-F371-F372-F373-F374-F375-F376-F377-F378-F379-F380-F381-F382-F383-F384-F385-F386-F387-F388-F389-F390-F391-F392-F393-F394-F395-F396-F397-F398-F399-F400-F401-F402-F403-F404-F405-F406-F407-F408-F409-F410-F411-F412-F413-F414-F415-F416-F417-F418-F419-F420-F421-F422-F423-F424-F425-F426-F427-F428-F429-F430-F431-F432-F433-F434-F435-F436-F437-F438-F439-F440-F441-F442-F443-F444-F445-F446-F447-F448-F449-F450-F451-F452-F453-F454-F455-F456-F457-F458-F459-F460-F461-F462-F463-F464-F465-F466-F467-F468-F469-F470-F471-F472-F473-F474-F475-F476-F477-F478-F479-F480-F481-F482-F483-F484-F485-F486-F487-F488-F489-F490-F491-F492-F493-F494-F495-F496-O498509-F510-F512

## Summary

Number of input bits: 512  
Number of free input bits: 13  
Number of output bits: 160

Number of direct occurrences: 53425  
Number of assignments: 31779  
Number of operations: 11293087
(xor: 11264594,
and: 14966,
or: 13527)

Total complexity: 9.091858085260515 × 10^301

Least occurring input variable: iv_502 (3909)  
Most occurring input variable: iv_498 (4405)

Most co-occurring input variables: iv_498-iv_508 (2092)  
Least co-occurring input variables: iv_499-iv_502 (1785)

Potentially most occurring input variable: iv_498/iv_511 (4673)  
Potentially least occurring input variable: iv_504/iv_505 (4041)

Least output occurring input variable: iv_498 (69)  
Most output occurring input variable: iv_497 (89)

Most output co-occurring input variables: iv_497-iv_501 (52)  
Least output co-occurring input variables: iv_498-iv_508 (27)

Potentially most output occurring input variable: iv_507/iv_508 (92)  
Potentially least output occurring input variable: iv_504/iv_508 (66)

Least complex input bit: iv_511 (1.1106713729909173 × 10^298)  
Most complex input bit: iv_498 (1.5622074646269182 × 10^301)

Least complex output bit: aaa_76_29 (4.638513045371673 × 10^276)  
Most complex output bit: ov_001 (1.421382374844995 × 10^301)

Least complex input/output complexity: iv_511/aaa_76_29 (5.66645849993117 × 10^272)  
Most complex input/output complexity: iv_498/ov_001 (2.4422886226873616 × 10^300)

## Input Bits

### Input Bits in Regular Order

| Input Bit | Complexity | Occurrences | Output Occurrences |
|:---------:|:----------:|:-----------:|:------------------:|
| iv_497 | 2.58325794075541 × 10^299 | 4139 | 89 |
| iv_498 | 1.5622074646269182 × 10^301 | 4405 | 69 |
| iv_499 | 9.067651917002439 × 10^299 | 3978 | 83 |
| iv_500 | 1.525761128775355 × 10^300 | 4138 | 76 |
| iv_501 | 2.520679602064743 × 10^300 | 4108 | 87 |
| iv_502 | 4.078707308408167 × 10^300 | 3909 | 80 |
| iv_503 | 6.483079067556248 × 10^300 | 4075 | 72 |
| iv_504 | 1.0106455758637198 × 10^301 | 3955 | 80 |
| iv_505 | 1.5475818813260978 × 10^301 | 4110 | 82 |
| iv_506 | 7.820632134825202 × 10^300 | 3975 | 80 |
| iv_507 | 1.1219286051939882 × 10^301 | 4197 | 76 |
| iv_508 | 1.4889888641362525 × 10^301 | 4156 | 72 |
| iv_511 | 1.1106713729909173 × 10^298 | 4280 | 80 |

### Input Bits Sorted by Complexity

| Input Bit | Complexity | Occurrences | Output Occurrences |
|:---------:|:----------:|:-----------:|:------------------:|
| iv_511 | 1.1106713729909173 × 10^298 | 4280 | 80 |
| iv_497 | 2.58325794075541 × 10^299 | 4139 | 89 |
| iv_499 | 9.067651917002439 × 10^299 | 3978 | 83 |
| iv_500 | 1.525761128775355 × 10^300 | 4138 | 76 |
| iv_501 | 2.520679602064743 × 10^300 | 4108 | 87 |
| iv_502 | 4.078707308408167 × 10^300 | 3909 | 80 |
| iv_503 | 6.483079067556248 × 10^300 | 4075 | 72 |
| iv_506 | 7.820632134825202 × 10^300 | 3975 | 80 |
| iv_504 | 1.0106455758637198 × 10^301 | 3955 | 80 |
| iv_507 | 1.1219286051939882 × 10^301 | 4197 | 76 |
| iv_508 | 1.4889888641362525 × 10^301 | 4156 | 72 |
| iv_505 | 1.5475818813260978 × 10^301 | 4110 | 82 |
| iv_498 | 1.5622074646269182 × 10^301 | 4405 | 69 |

### Input Bits Sorted by Occurrences

| Input Bit | Complexity | Occurrences | Output Occurrences |
|:---------:|:----------:|:-----------:|:------------------:|
| iv_502 | 4.078707308408167 × 10^300 | 3909 | 80 |
| iv_504 | 1.0106455758637198 × 10^301 | 3955 | 80 |
| iv_506 | 7.820632134825202 × 10^300 | 3975 | 80 |
| iv_499 | 9.067651917002439 × 10^299 | 3978 | 83 |
| iv_503 | 6.483079067556248 × 10^300 | 4075 | 72 |
| iv_501 | 2.520679602064743 × 10^300 | 4108 | 87 |
| iv_505 | 1.5475818813260978 × 10^301 | 4110 | 82 |
| iv_500 | 1.525761128775355 × 10^300 | 4138 | 76 |
| iv_497 | 2.58325794075541 × 10^299 | 4139 | 89 |
| iv_508 | 1.4889888641362525 × 10^301 | 4156 | 72 |
| iv_507 | 1.1219286051939882 × 10^301 | 4197 | 76 |
| iv_511 | 1.1106713729909173 × 10^298 | 4280 | 80 |
| iv_498 | 1.5622074646269182 × 10^301 | 4405 | 69 |

### Input Bits Sorted by Output Occurrences

| Input Bit | Complexity | Occurrences | Output Occurrences |
|:---------:|:----------:|:-----------:|:------------------:|
| iv_498 | 1.5622074646269182 × 10^301 | 4405 | 69 |
| iv_503 | 6.483079067556248 × 10^300 | 4075 | 72 |
| iv_508 | 1.4889888641362525 × 10^301 | 4156 | 72 |
| iv_500 | 1.525761128775355 × 10^300 | 4138 | 76 |
| iv_507 | 1.1219286051939882 × 10^301 | 4197 | 76 |
| iv_504 | 1.0106455758637198 × 10^301 | 3955 | 80 |
| iv_506 | 7.820632134825202 × 10^300 | 3975 | 80 |
| iv_502 | 4.078707308408167 × 10^300 | 3909 | 80 |
| iv_511 | 1.1106713729909173 × 10^298 | 4280 | 80 |
| iv_505 | 1.5475818813260978 × 10^301 | 4110 | 82 |
| iv_499 | 9.067651917002439 × 10^299 | 3978 | 83 |
| iv_501 | 2.520679602064743 × 10^300 | 4108 | 87 |
| iv_497 | 2.58325794075541 × 10^299 | 4139 | 89 |

## Input Bit Co-occurrences

### Input Bit Co-occurrences Sorted by Co-occurrences

| Input Bits | Co-occurrences | Potential Occurrences | Output Co-occurrences | Potential Output Occurrences |
|:----------:|:--------------:|:---------------------:|:---------------------:|:----------------------------:|
| iv_498-iv_508 | 2092 | 4377 | 27 | 87 |
| iv_500-iv_511 | 2090 | 4238 | 38 | 80 |
| iv_498-iv_507 | 2076 | 4450 | 35 | 75 |
| iv_505-iv_507 | 2065 | 4177 | 39 | 80 |
| iv_498-iv_501 | 2055 | 4403 | 35 | 86 |
| iv_498-iv_505 | 2051 | 4413 | 39 | 73 |
| iv_501-iv_505 | 2049 | 4120 | 48 | 73 |
| iv_497-iv_507 | 2041 | 4254 | 42 | 81 |
| iv_503-iv_511 | 2034 | 4287 | 34 | 84 |
| iv_497-iv_501 | 2034 | 4179 | 52 | 72 |
| iv_501-iv_511 | 2031 | 4326 | 42 | 83 |
| iv_507-iv_511 | 2023 | 4431 | 39 | 78 |
| iv_498-iv_500 | 2017 | 4509 | 31 | 83 |

### Input Bit Co-occurrences Sorted by Potential Occurrences

| Input Bits | Co-occurrences | Potential Occurrences | Output Co-occurrences | Potential Output Occurrences |
|:----------:|:--------------:|:---------------------:|:---------------------:|:----------------------------:|
| iv_504-iv_505 | 2012 | 4041 | 43 | 76 |
| iv_501-iv_505 | 2049 | 4120 | 48 | 73 |
| iv_502-iv_505 | 1939 | 4141 | 43 | 76 |
| iv_504-iv_506 | 1884 | 4162 | 43 | 74 |
| iv_499-iv_504 | 1880 | 4173 | 40 | 83 |
| iv_505-iv_507 | 2065 | 4177 | 39 | 80 |
| iv_497-iv_501 | 2034 | 4179 | 52 | 72 |
| iv_506-iv_507 | 1982 | 4208 | 33 | 90 |
| iv_500-iv_503 | 1999 | 4215 | 34 | 80 |
| iv_499-iv_501 | 1934 | 4218 | 41 | 88 |
| iv_499-iv_508 | 1956 | 4222 | 41 | 73 |
| iv_503-iv_506 | 1912 | 4226 | 37 | 78 |
| iv_502-iv_504 | 1816 | 4232 | 45 | 70 |

### Input Bit Output Co-occurrences Sorted by Output Co-occurrences

| Input Bits | Co-occurrences | Potential Occurrences | Output Co-occurrences | Potential Output Occurrences |
|:----------:|:--------------:|:---------------------:|:---------------------:|:----------------------------:|
| iv_497-iv_501 | 2034 | 4179 | 52 | 72 |
| iv_497-iv_504 | 1927 | 4240 | 49 | 71 |
| iv_501-iv_505 | 2049 | 4120 | 48 | 73 |
| iv_497-iv_502 | 1895 | 4258 | 48 | 73 |
| iv_497-iv_505 | 2008 | 4233 | 46 | 79 |
| iv_502-iv_504 | 1816 | 4232 | 45 | 70 |
| iv_497-iv_506 | 1925 | 4264 | 45 | 79 |
| iv_499-iv_506 | 1800 | 4353 | 44 | 75 |
| iv_501-iv_508 | 1945 | 4374 | 44 | 71 |
| iv_505-iv_508 | 1991 | 4284 | 44 | 66 |
| iv_497-iv_499 | 1927 | 4263 | 44 | 84 |
| iv_504-iv_505 | 2012 | 4041 | 43 | 76 |
| iv_504-iv_506 | 1884 | 4162 | 43 | 74 |

### Input Bit Output Co-occurrences Sorted by Potential Output Occurrences

| Input Bits | Co-occurrences | Potential Occurrences | Output Co-occurrences | Potential Output Occurrences |
|:----------:|:--------------:|:---------------------:|:---------------------:|:----------------------------:|
| iv_504-iv_508 | 1933 | 4245 | 43 | 66 |
| iv_505-iv_508 | 1991 | 4284 | 44 | 66 |
| iv_502-iv_504 | 1816 | 4232 | 45 | 70 |
| iv_508-iv_511 | 1962 | 4512 | 41 | 70 |
| iv_501-iv_508 | 1945 | 4374 | 44 | 71 |
| iv_497-iv_504 | 1927 | 4240 | 49 | 71 |
| iv_497-iv_501 | 2034 | 4179 | 52 | 72 |
| iv_498-iv_505 | 2051 | 4413 | 39 | 73 |
| iv_498-iv_506 | 1985 | 4410 | 38 | 73 |
| iv_499-iv_500 | 1910 | 4296 | 43 | 73 |
| iv_499-iv_508 | 1956 | 4222 | 41 | 73 |
| iv_501-iv_505 | 2049 | 4120 | 48 | 73 |
| iv_497-iv_502 | 1895 | 4258 | 48 | 73 |

## Output Bits

### Output Bits in Regular Order

| Rank | Output Bit | Complexity |
|:----:|:----------:|:----------:|
| 1 | ov_001 | 1.421382374844995 × 10^301 |
| 2 | ov_002 | 1.2368404644611846 × 10^301 |
| 3 | ov_003 | 1.0711624376140666 × 10^301 |
| 4 | ov_004 | 9.229338339529426 × 10^300 |
| 5 | ov_005 | 7.908176636670191 × 10^300 |
| 6 | ov_006 | 6.735489255893913 × 10^300 |
| 7 | ov_007 | 5.699298277425176 × 10^300 |
| 8 | ov_008 | 4.788256542074376 × 10^300 |
| 9 | ov_009 | 3.991612258482643 × 10^300 |
| 10 | ov_010 | 3.299178978778957 × 10^300 |
| 11 | ov_011 | 2.7013103662712717 × 10^300 |
| 12 | ov_012 | 2.1888792119824056 × 10^300 |
| 13 | ov_013 | 1.7532601893280444 × 10^300 |
| 14 | ov_014 | 1.3863158681719114 × 10^300 |
| 15 | ov_015 | 1.0803855410110301 × 10^300 |
| 16 | ov_016 | 8.282764452489102 × 10^299 |
| 17 | ov_017 | 6.232569964927841 × 10^299 |
| 18 | ov_018 | 4.590516786309211 × 10^299 |
| 19 | ov_019 | 3.2983726715951984 × 10^299 |
| 20 | ov_020 | 2.3024009287354435 × 10^299 |
| 21 | ov_021 | 1.553340962093201 × 10^299 |
| 22 | ov_022 | 1.0063947824576947 × 10^299 |
| 23 | ov_023 | 6.212179368559701 × 10^298 |
| 24 | ov_024 | 3.6191360897330733 × 10^298 |
| 25 | ov_025 | 1.9702900698225792 × 10^298 |
| 26 | ov_026 | 9.95533834171442 × 10^297 |
| 27 | ov_027 | 4.691710271965922 × 10^297 |
| 28 | ov_028 | 2.0991273231823042 × 10^297 |
| 29 | ov_029 | 8.087628629572912 × 10^296 |
| 30 | ov_030 | 2.4721859224352567 × 10^296 |
| 31 | ov_031 | 4.821355129096738 × 10^295 |
| 32 | lv_80_m31 | 9.401025257942132 × 10^294 |
| 33 | ov_033 | 1.1323676812932904 × 10^296 |
| 34 | ov_034 | 9.832457012975195 × 10^295 |
| 35 | ov_035 | 8.496595314173865 × 10^295 |
| 36 | ov_036 | 7.303936710781115 × 10^295 |
| 37 | ov_037 | 6.242991685071391 × 10^295 |
| 38 | ov_038 | 5.302889159221495 × 10^295 |
| 39 | ov_039 | 4.4733355784480265 × 10^295 |
| 40 | ov_040 | 3.7445795639628285 × 10^295 |
| 41 | ov_041 | 3.1073816029328816 × 10^295 |
| 42 | ov_042 | 2.5529882707254544 × 10^295 |
| 43 | ov_043 | 2.077141422785346 × 10^295 |
| 44 | ov_044 | 1.6719982485193794 × 10^295 |
| 45 | ov_045 | 1.3301472508138783 × 10^295 |
| 46 | ov_046 | 1.0445960969931729 × 10^295 |
| 47 | ov_047 | 8.087618855295125 × 10^294 |
| 48 | ov_048 | 6.164634844759815 × 10^294 |
| 49 | ov_049 | 4.619156235222289 × 10^294 |
| 50 | ov_050 | 3.3972444736204717 × 10^294 |
| 51 | ov_051 | 2.4488426374063294 × 10^294 |
| 52 | ov_052 | 1.7277524514548512 × 10^294 |
| 53 | ov_053 | 1.1916186864201103 × 10^294 |
| 54 | ov_054 | 8.019190385154763 × 10^293 |
| 55 | ov_055 | 5.2395784540151466 × 10^293 |
| 56 | ov_056 | 3.2686230253399368 × 10^293 |
| 57 | ov_057 | 1.961513693717701 × 10^293 |
| 58 | ov_058 | 1.085923053718143 × 10^293 |
| 59 | ov_059 | 5.352349112099451 × 10^292 |
| 60 | ov_060 | 2.2192619541280603 × 10^292 |
| 61 | ov_061 | 7.756627667127112 × 10^291 |
| 62 | ov_062 | 2.12908366931121 × 10^291 |
| 63 | ov_063 | 4.1524287675424804 × 10^290 |
| 64 | lv_79_m31 | 8.096876542372814 × 10^289 |
| 65 | ov_065 | 9.729481826679948 × 10^290 |
| 66 | ov_066 | 9.729458263970668 × 10^290 |
| 67 | ov_067 | 9.729452692759381 × 10^290 |
| 68 | ov_068 | 8.449633333847055 × 10^290 |
| 69 | ov_069 | 7.301327562490034 × 10^290 |
| 70 | ov_070 | 6.2749185442994946 × 10^290 |
| 71 | ov_071 | 5.3612403944750556 × 10^290 |
| 72 | ov_072 | 4.551552739970159 × 10^290 |
| 73 | ov_073 | 3.8375209442434986 × 10^290 |
| 74 | ov_074 | 3.2112008354813003 × 10^290 |
| 75 | ov_075 | 2.6650268409475492 × 10^290 |
| 76 | ov_076 | 2.191802489452169 × 10^290 |
| 77 | ov_077 | 1.784692406687907 × 10^290 |
| 78 | ov_078 | 1.4372152935939482 × 10^290 |
| 79 | ov_079 | 1.1432377222819512 × 10^290 |
| 80 | ov_080 | 8.969686970333308 × 10^289 |
| 81 | ov_081 | 6.929549284969941 × 10^289 |
| 82 | ov_082 | 5.260767696759646 × 10^289 |
| 83 | ov_083 | 3.915447626211218 × 10^289 |
| 84 | ov_084 | 2.8489674497914406 × 10^289 |
| 85 | ov_085 | 2.0199546569474416 × 10^289 |
| 86 | ov_086 | 1.3902665926608296 × 10^289 |
| 87 | ov_087 | 9.249752801425618 × 10^288 |
| 88 | ov_088 | 5.923558186557326 × 10^288 |
| 89 | ov_089 | 3.63877851672571 × 10^288 |
| 90 | ov_090 | 2.14199600688408 × 10^288 |
| 91 | ov_091 | 1.2116396007121504 × 10^288 |
| 92 | ov_092 | 6.5796152577758645 × 10^287 |
| 93 | ov_093 | 3.23024701077103 × 10^287 |
| 94 | ov_094 | 1.3581222108159311 × 10^287 |
| 95 | aaa_78_28 | 4.120875368143487 × 10^286 |
| 96 | aaa_78_29 | 1.2310991182982579 × 10^286 |
| 97 | ov_097 | 6.516752572980022 × 10^285 |
| 98 | ov_098 | 6.516668854222451 × 10^285 |
| 99 | ov_099 | 6.516642088390108 × 10^285 |
| 100 | ov_100 | 5.333094085535745 × 10^285 |
| 101 | ov_101 | 4.3360778819373476 × 10^285 |
| 102 | ov_102 | 3.5048930399360355 × 10^285 |
| 103 | ov_103 | 2.819985499010633 × 10^285 |
| 104 | ov_104 | 2.2628643700203947 × 10^285 |
| 105 | ov_105 | 1.8160292768093076 × 10^285 |
| 106 | ov_106 | 1.4629073013659336 × 10^285 |
| 107 | ov_107 | 1.18779863819219 × 10^285 |
| 108 | ov_108 | 9.758301111205503 × 10^284 |
| 109 | ov_109 | 8.129157518784508 × 10^284 |
| 110 | ov_110 | 6.857236845316364 × 10^284 |
| 111 | ov_111 | 5.8164860380490336 × 10^284 |
| 112 | ov_112 | 4.887891784004329 × 10^284 |
| 113 | ov_113 | 4.064743158278517 × 10^284 |
| 114 | ov_114 | 3.3404433485944443 × 10^284 |
| 115 | ov_115 | 2.708482939235656 × 10^284 |
| 116 | ov_116 | 2.162417785565525 × 10^284 |
| 117 | ov_117 | 1.6958510642778185 × 10^284 |
| 118 | ov_118 | 1.3024190849349026 × 10^284 |
| 119 | ov_119 | 9.757804485773702 × 10^283 |
| 120 | ov_120 | 7.096081393154373 × 10^283 |
| 121 | ov_121 | 4.975841348832684 × 10^283 |
| 122 | ov_122 | 3.3339593667424874 × 10^283 |
| 123 | ov_123 | 2.1073428603599802 × 10^283 |
| 124 | ov_124 | 1.2329162259988345 × 10^283 |
| 125 | ov_125 | 6.47611283450679 × 10^282 |
| 126 | ov_126 | 2.883623949433349 × 10^282 |
| 127 | aaa_77_28 | 9.210458944748714 × 10^281 |
| 128 | aaa_77_29 | 3.454308006673836 × 10^281 |
| 129 | ov_129 | 3.2274027396435166 × 10^281 |
| 130 | ov_130 | 3.2273936984101104 × 10^281 |
| 131 | ov_131 | 3.2273915102329136 × 10^281 |
| 132 | ov_132 | 2.804694531802706 × 10^281 |
| 133 | ov_133 | 2.425474653333598 × 10^281 |
| 134 | ov_134 | 2.0864712317305046 × 10^281 |
| 135 | ov_135 | 1.7846003029117308 × 10^281 |
| 136 | ov_136 | 1.5169419794689342 × 10^281 |
| 137 | ov_137 | 1.280729539790314 × 10^281 |
| 138 | ov_138 | 1.0733400511621342 × 10^281 |
| 139 | ov_139 | 8.922863775019816 × 10^280 |
| 140 | ov_140 | 7.352104302580223 × 10^280 |
| 141 | ov_141 | 5.998775286861958 × 10^280 |
| 142 | ov_142 | 4.841717432379185 × 10^280 |
| 143 | ov_143 | 3.8609210319333035 × 10^280 |
| 144 | ov_144 | 3.037495569913157 × 10^280 |
| 145 | ov_145 | 2.3536458096307964 × 10^280 |
| 146 | ov_146 | 1.7926533939077798 × 10^280 |
| 147 | ov_147 | 1.3388630600111573 × 10^280 |
| 148 | ov_148 | 9.776726417594513 × 10^279 |
| 149 | ov_149 | 6.955261032403368 × 10^279 |
| 150 | ov_150 | 4.7990892014117375 × 10^279 |
| 151 | ov_151 | 3.19345196212967 × 10^279 |
| 152 | ov_152 | 2.0339597388164295 × 10^279 |
| 153 | ov_153 | 1.2265828990807693 × 10^279 |
| 154 | ov_154 | 6.876465523165672 × 10^278 |
| 155 | ov_155 | 3.438276327675925 × 10^278 |
| 156 | aaa_76_25 | 1.3215331192911272 × 10^278 |
| 157 | aaa_76_26 | 7.63568142845587 × 10^277 |
| 158 | aaa_76_27 | 3.9110448826111363 × 10^277 |
| 159 | aaa_76_28 | 1.523986241961063 × 10^277 |
| 160 | aaa_76_29 | 4.638513045371673 × 10^276 |

### Output Bits Sorted by Complexity

| Rank | Output Bit | Complexity |
|:----:|:----------:|:----------:|
| 160 | aaa_76_29 | 4.638513045371673 × 10^276 |
| 159 | aaa_76_28 | 1.523986241961063 × 10^277 |
| 158 | aaa_76_27 | 3.9110448826111363 × 10^277 |
| 157 | aaa_76_26 | 7.63568142845587 × 10^277 |
| 156 | aaa_76_25 | 1.3215331192911272 × 10^278 |
| 155 | ov_155 | 3.438276327675925 × 10^278 |
| 154 | ov_154 | 6.876465523165672 × 10^278 |
| 153 | ov_153 | 1.2265828990807693 × 10^279 |
| 152 | ov_152 | 2.0339597388164295 × 10^279 |
| 151 | ov_151 | 3.19345196212967 × 10^279 |
| 150 | ov_150 | 4.7990892014117375 × 10^279 |
| 149 | ov_149 | 6.955261032403368 × 10^279 |
| 148 | ov_148 | 9.776726417594513 × 10^279 |
| 147 | ov_147 | 1.3388630600111573 × 10^280 |
| 146 | ov_146 | 1.7926533939077798 × 10^280 |
| 145 | ov_145 | 2.3536458096307964 × 10^280 |
| 144 | ov_144 | 3.037495569913157 × 10^280 |
| 143 | ov_143 | 3.8609210319333035 × 10^280 |
| 142 | ov_142 | 4.841717432379185 × 10^280 |
| 141 | ov_141 | 5.998775286861958 × 10^280 |
| 140 | ov_140 | 7.352104302580223 × 10^280 |
| 139 | ov_139 | 8.922863775019816 × 10^280 |
| 138 | ov_138 | 1.0733400511621342 × 10^281 |
| 137 | ov_137 | 1.280729539790314 × 10^281 |
| 136 | ov_136 | 1.5169419794689342 × 10^281 |
| 135 | ov_135 | 1.7846003029117308 × 10^281 |
| 134 | ov_134 | 2.0864712317305046 × 10^281 |
| 133 | ov_133 | 2.425474653333598 × 10^281 |
| 132 | ov_132 | 2.804694531802706 × 10^281 |
| 131 | ov_131 | 3.2273915102329136 × 10^281 |
| 130 | ov_130 | 3.2273936984101104 × 10^281 |
| 129 | ov_129 | 3.2274027396435166 × 10^281 |
| 128 | aaa_77_29 | 3.454308006673836 × 10^281 |
| 127 | aaa_77_28 | 9.210458944748714 × 10^281 |
| 126 | ov_126 | 2.883623949433349 × 10^282 |
| 125 | ov_125 | 6.47611283450679 × 10^282 |
| 124 | ov_124 | 1.2329162259988345 × 10^283 |
| 123 | ov_123 | 2.1073428603599802 × 10^283 |
| 122 | ov_122 | 3.3339593667424874 × 10^283 |
| 121 | ov_121 | 4.975841348832684 × 10^283 |
| 120 | ov_120 | 7.096081393154373 × 10^283 |
| 119 | ov_119 | 9.757804485773702 × 10^283 |
| 118 | ov_118 | 1.3024190849349026 × 10^284 |
| 117 | ov_117 | 1.6958510642778185 × 10^284 |
| 116 | ov_116 | 2.162417785565525 × 10^284 |
| 115 | ov_115 | 2.708482939235656 × 10^284 |
| 114 | ov_114 | 3.3404433485944443 × 10^284 |
| 113 | ov_113 | 4.064743158278517 × 10^284 |
| 112 | ov_112 | 4.887891784004329 × 10^284 |
| 111 | ov_111 | 5.8164860380490336 × 10^284 |
| 110 | ov_110 | 6.857236845316364 × 10^284 |
| 109 | ov_109 | 8.129157518784508 × 10^284 |
| 108 | ov_108 | 9.758301111205503 × 10^284 |
| 107 | ov_107 | 1.18779863819219 × 10^285 |
| 106 | ov_106 | 1.4629073013659336 × 10^285 |
| 105 | ov_105 | 1.8160292768093076 × 10^285 |
| 104 | ov_104 | 2.2628643700203947 × 10^285 |
| 103 | ov_103 | 2.819985499010633 × 10^285 |
| 102 | ov_102 | 3.5048930399360355 × 10^285 |
| 101 | ov_101 | 4.3360778819373476 × 10^285 |
| 100 | ov_100 | 5.333094085535745 × 10^285 |
| 99 | ov_099 | 6.516642088390108 × 10^285 |
| 98 | ov_098 | 6.516668854222451 × 10^285 |
| 97 | ov_097 | 6.516752572980022 × 10^285 |
| 96 | aaa_78_29 | 1.2310991182982579 × 10^286 |
| 95 | aaa_78_28 | 4.120875368143487 × 10^286 |
| 94 | ov_094 | 1.3581222108159311 × 10^287 |
| 93 | ov_093 | 3.23024701077103 × 10^287 |
| 92 | ov_092 | 6.5796152577758645 × 10^287 |
| 91 | ov_091 | 1.2116396007121504 × 10^288 |
| 90 | ov_090 | 2.14199600688408 × 10^288 |
| 89 | ov_089 | 3.63877851672571 × 10^288 |
| 88 | ov_088 | 5.923558186557326 × 10^288 |
| 87 | ov_087 | 9.249752801425618 × 10^288 |
| 86 | ov_086 | 1.3902665926608296 × 10^289 |
| 85 | ov_085 | 2.0199546569474416 × 10^289 |
| 84 | ov_084 | 2.8489674497914406 × 10^289 |
| 83 | ov_083 | 3.915447626211218 × 10^289 |
| 82 | ov_082 | 5.260767696759646 × 10^289 |
| 81 | ov_081 | 6.929549284969941 × 10^289 |
| 64 | lv_79_m31 | 8.096876542372814 × 10^289 |
| 80 | ov_080 | 8.969686970333308 × 10^289 |
| 79 | ov_079 | 1.1432377222819512 × 10^290 |
| 78 | ov_078 | 1.4372152935939482 × 10^290 |
| 77 | ov_077 | 1.784692406687907 × 10^290 |
| 76 | ov_076 | 2.191802489452169 × 10^290 |
| 75 | ov_075 | 2.6650268409475492 × 10^290 |
| 74 | ov_074 | 3.2112008354813003 × 10^290 |
| 73 | ov_073 | 3.8375209442434986 × 10^290 |
| 63 | ov_063 | 4.1524287675424804 × 10^290 |
| 72 | ov_072 | 4.551552739970159 × 10^290 |
| 71 | ov_071 | 5.3612403944750556 × 10^290 |
| 70 | ov_070 | 6.2749185442994946 × 10^290 |
| 69 | ov_069 | 7.301327562490034 × 10^290 |
| 68 | ov_068 | 8.449633333847055 × 10^290 |
| 67 | ov_067 | 9.729452692759381 × 10^290 |
| 66 | ov_066 | 9.729458263970668 × 10^290 |
| 65 | ov_065 | 9.729481826679948 × 10^290 |
| 62 | ov_062 | 2.12908366931121 × 10^291 |
| 61 | ov_061 | 7.756627667127112 × 10^291 |
| 60 | ov_060 | 2.2192619541280603 × 10^292 |
| 59 | ov_059 | 5.352349112099451 × 10^292 |
| 58 | ov_058 | 1.085923053718143 × 10^293 |
| 57 | ov_057 | 1.961513693717701 × 10^293 |
| 56 | ov_056 | 3.2686230253399368 × 10^293 |
| 55 | ov_055 | 5.2395784540151466 × 10^293 |
| 54 | ov_054 | 8.019190385154763 × 10^293 |
| 53 | ov_053 | 1.1916186864201103 × 10^294 |
| 52 | ov_052 | 1.7277524514548512 × 10^294 |
| 51 | ov_051 | 2.4488426374063294 × 10^294 |
| 50 | ov_050 | 3.3972444736204717 × 10^294 |
| 49 | ov_049 | 4.619156235222289 × 10^294 |
| 48 | ov_048 | 6.164634844759815 × 10^294 |
| 47 | ov_047 | 8.087618855295125 × 10^294 |
| 32 | lv_80_m31 | 9.401025257942132 × 10^294 |
| 46 | ov_046 | 1.0445960969931729 × 10^295 |
| 45 | ov_045 | 1.3301472508138783 × 10^295 |
| 44 | ov_044 | 1.6719982485193794 × 10^295 |
| 43 | ov_043 | 2.077141422785346 × 10^295 |
| 42 | ov_042 | 2.5529882707254544 × 10^295 |
| 41 | ov_041 | 3.1073816029328816 × 10^295 |
| 40 | ov_040 | 3.7445795639628285 × 10^295 |
| 39 | ov_039 | 4.4733355784480265 × 10^295 |
| 31 | ov_031 | 4.821355129096738 × 10^295 |
| 38 | ov_038 | 5.302889159221495 × 10^295 |
| 37 | ov_037 | 6.242991685071391 × 10^295 |
| 36 | ov_036 | 7.303936710781115 × 10^295 |
| 35 | ov_035 | 8.496595314173865 × 10^295 |
| 34 | ov_034 | 9.832457012975195 × 10^295 |
| 33 | ov_033 | 1.1323676812932904 × 10^296 |
| 30 | ov_030 | 2.4721859224352567 × 10^296 |
| 29 | ov_029 | 8.087628629572912 × 10^296 |
| 28 | ov_028 | 2.0991273231823042 × 10^297 |
| 27 | ov_027 | 4.691710271965922 × 10^297 |
| 26 | ov_026 | 9.95533834171442 × 10^297 |
| 25 | ov_025 | 1.9702900698225792 × 10^298 |
| 24 | ov_024 | 3.6191360897330733 × 10^298 |
| 23 | ov_023 | 6.212179368559701 × 10^298 |
| 22 | ov_022 | 1.0063947824576947 × 10^299 |
| 21 | ov_021 | 1.553340962093201 × 10^299 |
| 20 | ov_020 | 2.3024009287354435 × 10^299 |
| 19 | ov_019 | 3.2983726715951984 × 10^299 |
| 18 | ov_018 | 4.590516786309211 × 10^299 |
| 17 | ov_017 | 6.232569964927841 × 10^299 |
| 16 | ov_016 | 8.282764452489102 × 10^299 |
| 15 | ov_015 | 1.0803855410110301 × 10^300 |
| 14 | ov_014 | 1.3863158681719114 × 10^300 |
| 13 | ov_013 | 1.7532601893280444 × 10^300 |
| 12 | ov_012 | 2.1888792119824056 × 10^300 |
| 11 | ov_011 | 2.7013103662712717 × 10^300 |
| 10 | ov_010 | 3.299178978778957 × 10^300 |
| 9 | ov_009 | 3.991612258482643 × 10^300 |
| 8 | ov_008 | 4.788256542074376 × 10^300 |
| 7 | ov_007 | 5.699298277425176 × 10^300 |
| 6 | ov_006 | 6.735489255893913 × 10^300 |
| 5 | ov_005 | 7.908176636670191 × 10^300 |
| 4 | ov_004 | 9.229338339529426 × 10^300 |
| 3 | ov_003 | 1.0711624376140666 × 10^301 |
| 2 | ov_002 | 1.2368404644611846 × 10^301 |
| 1 | ov_001 | 1.421382374844995 × 10^301 |

