# Results for F001-F002-F003-F004-F005-F006-F007-F008-F009-F010-F011-F012-F013-F014-F015-F016-F017-F018-F019-F020-F021-F022-F023-F024-F025-F026-F027-F028-F029-F030-F031-F032-F033-F034-F035-F036-F037-F038-F039-F040-F041-F042-F043-F044-F045-F046-F047-F048-F049-F050-F051-F052-F053-F054-F055-F056-F057-F058-F059-F060-F061-F062-F063-F064-F065-F066-F067-F068-F069-F070-F071-F072-F073-F074-F075-F076-F077-F078-F079-F080-F081-F082-F083-F084-F085-F086-F087-F088-F089-F090-F091-F092-F093-F094-F095-F096-F097-F098-F099-F100-F101-F102-F103-F104-F105-F106-F107-F108-F109-F110-F111-F112-F113-F114-F115-F116-F117-F118-F119-F120-F121-F122-F123-F124-F125-F126-F127-F128-F129-F130-F131-F132-F133-F134-F135-F136-F137-F138-F139-F140-F141-F142-F143-F144-F145-F146-F147-F148-F149-F150-F151-F152-F153-F154-F155-F156-F157-F158-F159-F160-F161-F162-F163-F164-F165-F166-F167-F168-F169-F170-F171-F172-F173-F174-F175-F176-F177-F178-F179-F180-F181-F182-F183-F184-F185-F186-F187-F188-F189-F190-F191-F192-F193-F194-F195-F196-F197-F198-F199-F200-F201-F202-F203-F204-F205-F206-F207-F208-F209-F210-F211-F212-F213-F214-F215-F216-F217-F218-F219-F220-F221-F222-F223-F224-F225-F226-F227-F228-F229-F230-F231-F232-F233-F234-F235-F236-F237-F238-F239-F240-F241-F242-F243-F244-F245-F246-F247-F248-F249-F250-F251-F252-F253-F254-F255-F256-F257-F258-F259-F260-F261-F262-F263-F264-F265-F266-F267-F268-F269-F270-F271-F272-F273-F274-F275-F276-F277-F278-F279-F280-F281-F282-F283-F284-F285-F286-F287-F288-F289-F290-F291-F292-F293-F294-F295-F296-F297-F298-F299-F300-F301-F302-F303-F304-F305-F306-F307-F308-F309-F310-F311-F312-F313-F314-F315-F316-F317-F318-F319-F320-F321-F322-F323-F324-F325-F326-F327-F328-F329-F330-F331-F332-F333-F334-F335-F336-F337-F338-F339-F340-F341-F342-F343-F344-F345-F346-F347-F348-F349-F350-F351-F352-F353-F354-F355-F356-F357-F358-F359-F360-F361-F362-F363-F364-F365-F366-F367-F368-F369-F370-F371-F372-F373-F374-F375-F376-F377-F378-F379-F380-F381-F382-F383-F384-F385-F386-F387-F388-F389-F390-F391-F392-F393-F394-F395-F396-F397-F398-F399-F400-F401-F402-F403-F404-F405-F406-F407-F408-F409-F410-F411-F412-F413-F414-F415-F416-F417-F418-F419-F420-F421-F422-F423-F424-F425-F426-F427-F428-F429-F430-F431-F432-F433-F434-F435-F436-F437-F438-F439-F440-F441-F442-F443-F444-F445-F446-F447-F448-F449-F450-F451-F452-F453-F454-F455-F456-F457-F458-F459-F460-F461-F462-F463-F464-F465-F466-F467-F468-F469-F470-F471-F472-F473-F474-F475-F476-F477-F478-F479-F480-F481-F482-F483-F484-F485-F486-F487-F488-F489-F490-F491-F492-F493-F494-F495-F496-O497502-F510-F512

## Summary

Number of input bits: 512  
Number of free input bits: 13  
Number of output bits: 160

Number of direct occurrences: 53471  
Number of assignments: 31782  
Number of operations: 11259321
(xor: 11230883,
and: 14910,
or: 13528)

Total complexity: 5.171526173811275 × 10^301

Least occurring input variable: iv_504 (3954)  
Most occurring input variable: iv_511 (4276)

Most co-occurring input variables: iv_500-iv_511 (2088)  
Least co-occurring input variables: iv_499-iv_506 (1828)

Potentially most occurring input variable: iv_509/iv_511 (4559)  
Potentially least occurring input variable: iv_504/iv_505 (4035)

Least output occurring input variable: iv_505 (70)  
Most output occurring input variable: iv_509 (93)

Most output co-occurring input variables: iv_498-iv_509 (54)  
Least output co-occurring input variables: iv_505-iv_507 (29)

Potentially most output occurring input variable: iv_506/iv_511 (90)  
Potentially least output occurring input variable: iv_499/iv_505 (57)

Least complex input bit: iv_511 (6.317593193863545 × 10^297)  
Most complex input bit: iv_505 (8.802777309442989 × 10^300)

Least complex output bit: aaa_76_29 (3.4217717028524293 × 10^276)  
Most complex output bit: ov_001 (8.084937878753063 × 10^300)

Least complex input/output complexity: iv_511/aaa_76_29 (4.180073907460074 × 10^272)  
Most complex input/output complexity: iv_505/ov_001 (1.3761877116227211 × 10^300)

## Input Bits

### Input Bits in Regular Order

| Input Bit | Complexity | Occurrences | Output Occurrences |
|:---------:|:----------:|:-----------:|:------------------:|
| iv_497 | 2.4669413001994988 × 10^300 | 4255 | 71 |
| iv_498 | 2.929429166699282 × 10^299 | 4006 | 86 |
| iv_499 | 5.1577574994945586 × 10^299 | 3962 | 77 |
| iv_500 | 8.678659013832 × 10^299 | 4151 | 76 |
| iv_501 | 1.4337839873401612 × 10^300 | 4060 | 81 |
| iv_503 | 3.687630489852173 × 10^300 | 4080 | 72 |
| iv_504 | 5.7486379560600825 × 10^300 | 3954 | 78 |
| iv_505 | 8.802777309442989 × 10^300 | 4099 | 70 |
| iv_506 | 4.4484420457901143 × 10^300 | 3998 | 82 |
| iv_507 | 6.38162528767394 × 10^300 | 4199 | 76 |
| iv_508 | 8.469495246351974 × 10^300 | 4162 | 74 |
| iv_509 | 8.593025954205456 × 10^300 | 4269 | 93 |
| iv_511 | 6.317593193863545 × 10^297 | 4276 | 78 |

### Input Bits Sorted by Complexity

| Input Bit | Complexity | Occurrences | Output Occurrences |
|:---------:|:----------:|:-----------:|:------------------:|
| iv_511 | 6.317593193863545 × 10^297 | 4276 | 78 |
| iv_498 | 2.929429166699282 × 10^299 | 4006 | 86 |
| iv_499 | 5.1577574994945586 × 10^299 | 3962 | 77 |
| iv_500 | 8.678659013832 × 10^299 | 4151 | 76 |
| iv_501 | 1.4337839873401612 × 10^300 | 4060 | 81 |
| iv_497 | 2.4669413001994988 × 10^300 | 4255 | 71 |
| iv_503 | 3.687630489852173 × 10^300 | 4080 | 72 |
| iv_506 | 4.4484420457901143 × 10^300 | 3998 | 82 |
| iv_504 | 5.7486379560600825 × 10^300 | 3954 | 78 |
| iv_507 | 6.38162528767394 × 10^300 | 4199 | 76 |
| iv_508 | 8.469495246351974 × 10^300 | 4162 | 74 |
| iv_509 | 8.593025954205456 × 10^300 | 4269 | 93 |
| iv_505 | 8.802777309442989 × 10^300 | 4099 | 70 |

### Input Bits Sorted by Occurrences

| Input Bit | Complexity | Occurrences | Output Occurrences |
|:---------:|:----------:|:-----------:|:------------------:|
| iv_504 | 5.7486379560600825 × 10^300 | 3954 | 78 |
| iv_499 | 5.1577574994945586 × 10^299 | 3962 | 77 |
| iv_506 | 4.4484420457901143 × 10^300 | 3998 | 82 |
| iv_498 | 2.929429166699282 × 10^299 | 4006 | 86 |
| iv_501 | 1.4337839873401612 × 10^300 | 4060 | 81 |
| iv_503 | 3.687630489852173 × 10^300 | 4080 | 72 |
| iv_505 | 8.802777309442989 × 10^300 | 4099 | 70 |
| iv_500 | 8.678659013832 × 10^299 | 4151 | 76 |
| iv_508 | 8.469495246351974 × 10^300 | 4162 | 74 |
| iv_507 | 6.38162528767394 × 10^300 | 4199 | 76 |
| iv_497 | 2.4669413001994988 × 10^300 | 4255 | 71 |
| iv_509 | 8.593025954205456 × 10^300 | 4269 | 93 |
| iv_511 | 6.317593193863545 × 10^297 | 4276 | 78 |

### Input Bits Sorted by Output Occurrences

| Input Bit | Complexity | Occurrences | Output Occurrences |
|:---------:|:----------:|:-----------:|:------------------:|
| iv_505 | 8.802777309442989 × 10^300 | 4099 | 70 |
| iv_497 | 2.4669413001994988 × 10^300 | 4255 | 71 |
| iv_503 | 3.687630489852173 × 10^300 | 4080 | 72 |
| iv_508 | 8.469495246351974 × 10^300 | 4162 | 74 |
| iv_500 | 8.678659013832 × 10^299 | 4151 | 76 |
| iv_507 | 6.38162528767394 × 10^300 | 4199 | 76 |
| iv_499 | 5.1577574994945586 × 10^299 | 3962 | 77 |
| iv_504 | 5.7486379560600825 × 10^300 | 3954 | 78 |
| iv_511 | 6.317593193863545 × 10^297 | 4276 | 78 |
| iv_501 | 1.4337839873401612 × 10^300 | 4060 | 81 |
| iv_506 | 4.4484420457901143 × 10^300 | 3998 | 82 |
| iv_498 | 2.929429166699282 × 10^299 | 4006 | 86 |
| iv_509 | 8.593025954205456 × 10^300 | 4269 | 93 |

## Input Bit Co-occurrences

### Input Bit Co-occurrences Sorted by Co-occurrences

| Input Bits | Co-occurrences | Potential Occurrences | Output Co-occurrences | Potential Output Occurrences |
|:----------:|:--------------:|:---------------------:|:---------------------:|:----------------------------:|
| iv_500-iv_511 | 2088 | 4251 | 37 | 80 |
| iv_508-iv_509 | 2084 | 4263 | 45 | 77 |
| iv_507-iv_509 | 2076 | 4316 | 49 | 71 |
| iv_505-iv_507 | 2047 | 4204 | 29 | 88 |
| iv_497-iv_507 | 2045 | 4364 | 34 | 79 |
| iv_501-iv_511 | 2034 | 4268 | 46 | 67 |
| iv_503-iv_511 | 2033 | 4290 | 33 | 84 |
| iv_501-iv_509 | 2025 | 4279 | 50 | 74 |
| iv_497-iv_505 | 2020 | 4314 | 33 | 75 |
| iv_507-iv_511 | 2020 | 4435 | 39 | 76 |
| iv_497-iv_501 | 2013 | 4289 | 41 | 70 |
| iv_497-iv_500 | 2010 | 4386 | 36 | 75 |
| iv_504-iv_505 | 2009 | 4035 | 38 | 72 |

### Input Bit Co-occurrences Sorted by Potential Occurrences

| Input Bits | Co-occurrences | Potential Occurrences | Output Co-occurrences | Potential Output Occurrences |
|:----------:|:--------------:|:---------------------:|:---------------------:|:----------------------------:|
| iv_504-iv_505 | 2009 | 4035 | 38 | 72 |
| iv_501-iv_505 | 2006 | 4147 | 37 | 77 |
| iv_506-iv_507 | 2008 | 4181 | 38 | 82 |
| iv_504-iv_506 | 1884 | 4184 | 39 | 82 |
| iv_499-iv_504 | 1865 | 4186 | 35 | 85 |
| iv_505-iv_507 | 2047 | 4204 | 29 | 88 |
| iv_499-iv_505 | 1927 | 4207 | 45 | 57 |
| iv_498-iv_506 | 1892 | 4220 | 42 | 84 |
| iv_499-iv_501 | 1894 | 4234 | 39 | 80 |
| iv_500-iv_503 | 1994 | 4243 | 33 | 82 |
| iv_500-iv_504 | 1927 | 4251 | 39 | 76 |
| iv_500-iv_511 | 2088 | 4251 | 37 | 80 |
| iv_499-iv_508 | 1936 | 4252 | 37 | 77 |

### Input Bit Output Co-occurrences Sorted by Output Co-occurrences

| Input Bits | Co-occurrences | Potential Occurrences | Output Co-occurrences | Potential Output Occurrences |
|:----------:|:--------------:|:---------------------:|:---------------------:|:----------------------------:|
| iv_498-iv_509 | 1927 | 4421 | 54 | 71 |
| iv_501-iv_509 | 2025 | 4279 | 50 | 74 |
| iv_497-iv_509 | 1995 | 4534 | 49 | 66 |
| iv_507-iv_509 | 2076 | 4316 | 49 | 71 |
| iv_500-iv_509 | 1965 | 4490 | 47 | 75 |
| iv_499-iv_506 | 1828 | 4304 | 47 | 65 |
| iv_506-iv_509 | 1990 | 4287 | 47 | 81 |
| iv_503-iv_509 | 1932 | 4485 | 46 | 73 |
| iv_509-iv_511 | 1993 | 4559 | 46 | 79 |
| iv_501-iv_511 | 2034 | 4268 | 46 | 67 |
| iv_498-iv_501 | 1881 | 4304 | 46 | 75 |
| iv_498-iv_508 | 1915 | 4338 | 46 | 68 |
| iv_498-iv_507 | 1931 | 4343 | 46 | 70 |

### Input Bit Output Co-occurrences Sorted by Potential Output Occurrences

| Input Bits | Co-occurrences | Potential Occurrences | Output Co-occurrences | Potential Output Occurrences |
|:----------:|:--------------:|:---------------------:|:---------------------:|:----------------------------:|
| iv_499-iv_505 | 1927 | 4207 | 45 | 57 |
| iv_499-iv_506 | 1828 | 4304 | 47 | 65 |
| iv_497-iv_509 | 1995 | 4534 | 49 | 66 |
| iv_501-iv_508 | 1941 | 4340 | 44 | 67 |
| iv_501-iv_511 | 2034 | 4268 | 46 | 67 |
| iv_505-iv_508 | 1984 | 4293 | 38 | 68 |
| iv_498-iv_508 | 1915 | 4338 | 46 | 68 |
| iv_497-iv_501 | 2013 | 4289 | 41 | 70 |
| iv_498-iv_507 | 1931 | 4343 | 46 | 70 |
| iv_501-iv_504 | 1856 | 4302 | 44 | 71 |
| iv_507-iv_509 | 2076 | 4316 | 49 | 71 |
| iv_498-iv_509 | 1927 | 4421 | 54 | 71 |
| iv_504-iv_508 | 1920 | 4276 | 40 | 72 |

## Output Bits

### Output Bits in Regular Order

| Rank | Output Bit | Complexity |
|:----:|:----------:|:----------:|
| 1 | ov_001 | 8.084937878753063 × 10^300 |
| 2 | ov_002 | 7.035249447301617 × 10^300 |
| 3 | ov_003 | 6.092860135859828 × 10^300 |
| 4 | ov_004 | 5.249724388521742 × 10^300 |
| 5 | ov_005 | 4.498237312022069 × 10^300 |
| 6 | ov_006 | 3.831203493136209 × 10^300 |
| 7 | ov_007 | 3.241809811694727 × 10^300 |
| 8 | ov_008 | 2.7236019300527935 × 10^300 |
| 9 | ov_009 | 2.2704641605939605 × 10^300 |
| 10 | ov_010 | 1.8766023869805914 × 10^300 |
| 11 | ov_011 | 1.5365297113051592 × 10^300 |
| 12 | ov_012 | 1.2450545181659053 × 10^300 |
| 13 | ov_013 | 9.972706651624913 × 10^299 |
| 14 | ov_014 | 7.885495274693313 × 10^299 |
| 15 | ov_015 | 6.14533642069315 × 10^299 |
| 16 | ov_016 | 4.711317149790885 × 10^299 |
| 17 | ov_017 | 3.545147724178114 × 10^299 |
| 18 | ov_018 | 2.611132544028977 × 10^299 |
| 19 | ov_019 | 1.87614866728041 × 10^299 |
| 20 | ov_020 | 1.3096302471212432 × 10^299 |
| 21 | ov_021 | 8.835574666812762 × 10^298 |
| 22 | ov_022 | 5.724488673842465 × 10^298 |
| 23 | ov_023 | 3.5335619108389284 × 10^298 |
| 24 | ov_024 | 2.058610253997931 × 10^298 |
| 25 | ov_025 | 1.120727498694525 × 10^298 |
| 26 | ov_026 | 5.6627410152993974 × 10^297 |
| 27 | ov_027 | 2.66871879376158 × 10^297 |
| 28 | ov_028 | 1.194019174925372 × 10^297 |
| 29 | ov_029 | 4.600389562166057 × 10^296 |
| 30 | ov_030 | 1.4062267235744155 × 10^296 |
| 31 | ov_031 | 2.742484583554396 × 10^295 |
| 32 | lv_80_m31 | 5.347503953578891 × 10^294 |
| 33 | ov_033 | 6.441076161021212 × 10^295 |
| 34 | ov_034 | 5.592875978401719 × 10^295 |
| 35 | ov_035 | 4.833032673260165 × 10^295 |
| 36 | ov_036 | 4.154635780713333 × 10^295 |
| 37 | ov_037 | 3.551152778702896 × 10^295 |
| 38 | ov_038 | 3.0164023833150174 × 10^295 |
| 39 | ov_039 | 2.5445313340032514 × 10^295 |
| 40 | ov_040 | 2.129994347113389 × 10^295 |
| 41 | ov_041 | 1.7675369329338853 × 10^295 |
| 42 | ov_042 | 1.4521807879298133 × 10^295 |
| 43 | ov_043 | 1.181504133099312 × 10^295 |
| 44 | ov_044 | 9.510461692268881 × 10^294 |
| 45 | ov_045 | 7.565912672462844 × 10^294 |
| 46 | ov_046 | 5.941620953252137 × 10^294 |
| 47 | ov_047 | 4.6001411536056666 × 10^294 |
| 48 | ov_048 | 3.5063125334729614 × 10^294 |
| 49 | ov_049 | 2.627225629198856 × 10^294 |
| 50 | ov_050 | 1.932197160978083 × 10^294 |
| 51 | ov_051 | 1.3927516991914816 × 10^294 |
| 52 | ov_052 | 9.826087223920592 × 10^293 |
| 53 | ov_053 | 6.776738452005444 × 10^293 |
| 54 | ov_054 | 4.560331395629489 × 10^293 |
| 55 | ov_055 | 2.979496178239254 × 10^293 |
| 56 | ov_056 | 1.8586112202194727 × 10^293 |
| 57 | ov_057 | 1.115300842721527 × 10^293 |
| 58 | ov_058 | 6.174086745338261 × 10^292 |
| 59 | ov_059 | 3.0428825933465354 × 10^292 |
| 60 | ov_060 | 1.2615555900918682 × 10^292 |
| 61 | ov_061 | 4.4088580551411293 × 10^291 |
| 62 | ov_062 | 1.2100442483862778 × 10^291 |
| 63 | ov_063 | 2.3597358652311817 × 10^290 |
| 64 | lv_79_m31 | 4.600783918672442 × 10^289 |
| 65 | ov_065 | 5.525593752764042 × 10^290 |
| 66 | ov_066 | 5.5255809763540675 × 10^290 |
| 67 | ov_067 | 5.525577975112994 × 10^290 |
| 68 | ov_068 | 4.796853579866617 × 10^290 |
| 69 | ov_069 | 4.143366179729793 × 10^290 |
| 70 | ov_070 | 3.55955783605202 × 10^290 |
| 71 | ov_071 | 3.040135353049899 × 10^290 |
| 72 | ov_072 | 2.5800569609852386 × 10^290 |
| 73 | ov_073 | 2.1745218097767734 × 10^290 |
| 74 | ov_074 | 1.818961418748997 × 10^290 |
| 75 | ov_075 | 1.5090323614667593 × 10^290 |
| 76 | ov_076 | 1.240609766427889 × 10^290 |
| 77 | ov_077 | 1.0097814996683927 × 10^290 |
| 78 | ov_078 | 8.128429892176954 × 10^289 |
| 79 | ov_079 | 6.462926521168684 × 10^289 |
| 80 | ov_080 | 5.068278853151854 × 10^289 |
| 81 | ov_081 | 3.9134158221799186 × 10^289 |
| 82 | ov_082 | 2.969191369976291 × 10^289 |
| 83 | ov_083 | 2.2083589902245275 × 10^289 |
| 84 | ov_084 | 1.6055503992780318 × 10^289 |
| 85 | ov_085 | 1.137257959656565 × 10^289 |
| 86 | ov_086 | 7.818204834256326 × 10^288 |
| 87 | ov_087 | 5.194120430122905 × 10^288 |
| 88 | ov_088 | 3.320334172898894 × 10^288 |
| 89 | ov_089 | 2.0350580092594186 × 10^288 |
| 90 | ov_090 | 1.1946640507319358 × 10^288 |
| 91 | ov_091 | 6.736557752518497 × 10^287 |
| 92 | ov_092 | 3.646507358286623 × 10^287 |
| 93 | ov_093 | 1.783712721852981 × 10^287 |
| 94 | ov_094 | 7.470398525651614 × 10^286 |
| 95 | aaa_78_28 | 2.2585086618460737 × 10^286 |
| 96 | aaa_78_29 | 6.710412065723838 × 10^285 |
| 97 | ov_097 | 3.7751395614216055 × 10^285 |
| 98 | ov_098 | 3.775077803165705 × 10^285 |
| 99 | ov_099 | 3.775058058353775 × 10^285 |
| 100 | ov_100 | 3.081386196321733 × 10^285 |
| 101 | ov_101 | 2.5081581543321043 × 10^285 |
| 102 | ov_102 | 2.0401161079525474 × 10^285 |
| 103 | ov_103 | 1.6628474329560916 × 10^285 |
| 104 | ov_104 | 1.3627233254989944 × 10^285 |
| 105 | ov_105 | 1.1268452029522227 × 10^285 |
| 106 | ov_106 | 9.42998189152944 × 10^284 |
| 107 | ov_107 | 7.996110243279715 × 10^284 |
| 108 | ov_108 | 6.857217750447766 × 10^284 |
| 109 | ov_109 | 5.909487535230259 × 10^284 |
| 110 | ov_110 | 5.05466088712302 × 10^284 |
| 111 | ov_111 | 4.2875493555605196 × 10^284 |
| 112 | ov_112 | 3.603099471994665 × 10^284 |
| 113 | ov_113 | 2.996365348380942 × 10^284 |
| 114 | ov_114 | 2.4624852760988813 × 10^284 |
| 115 | ov_115 | 1.9966620178522013 × 10^284 |
| 116 | ov_116 | 1.594146485984776 × 10^284 |
| 117 | ov_117 | 1.2502245011802183 × 10^284 |
| 118 | ov_118 | 9.60206325815222 × 10^283 |
| 119 | ov_119 | 7.194186664046497 × 10^283 |
| 120 | ov_120 | 5.231988396697281 × 10^283 |
| 121 | ov_121 | 3.668907968129564 × 10^283 |
| 122 | ov_122 | 2.4584256376954106 × 10^283 |
| 123 | ov_123 | 1.5540455654745747 × 10^283 |
| 124 | ov_124 | 9.092844395686424 × 10^282 |
| 125 | ov_125 | 4.7766442428387164 × 10^282 |
| 126 | ov_126 | 2.1270955944915848 × 10^282 |
| 127 | aaa_77_28 | 6.79443767410747 × 10^281 |
| 128 | aaa_77_29 | 2.5481988030463014 × 10^281 |
| 129 | ov_129 | 2.3796448517442825 × 10^281 |
| 130 | ov_130 | 2.3796381821421213 × 10^281 |
| 131 | ov_131 | 2.3796365679518105 × 10^281 |
| 132 | ov_132 | 2.0689872573732565 × 10^281 |
| 133 | ov_133 | 1.789241606858196 × 10^281 |
| 134 | ov_134 | 1.5391631218219383 × 10^281 |
| 135 | ov_135 | 1.3164768014346703 × 10^281 |
| 136 | ov_136 | 1.119028682128408 × 10^281 |
| 137 | ov_137 | 9.44777788782827 × 10^280 |
| 138 | ov_138 | 7.9178921750727835 × 10^280 |
| 139 | ov_139 | 6.582282398479082 × 10^280 |
| 140 | ov_140 | 5.423553240624254 × 10^280 |
| 141 | ov_141 | 4.425219747687725 × 10^280 |
| 142 | ov_142 | 3.571672978218374 × 10^280 |
| 143 | ov_143 | 2.848152027330403 × 10^280 |
| 144 | ov_144 | 2.2407216034469555 × 10^280 |
| 145 | ov_145 | 1.7362543882337843 × 10^280 |
| 146 | ov_146 | 1.3224174635872645 × 10^280 |
| 147 | ov_147 | 9.876621425691176 × 10^279 |
| 148 | ov_148 | 7.212165940879557 × 10^279 |
| 149 | ov_149 | 5.130807039619819 × 10^279 |
| 150 | ov_150 | 3.5402266778564053 × 10^279 |
| 151 | ov_151 | 2.3557686378198777 × 10^279 |
| 152 | ov_152 | 1.500426065622538 × 10^279 |
| 153 | ov_153 | 9.04834504983327 × 10^278 |
| 154 | ov_154 | 5.0726806010036344 × 10^278 |
| 155 | ov_155 | 2.5363724386516142 × 10^278 |
| 156 | aaa_76_25 | 9.748780671161535 × 10^277 |
| 157 | aaa_76_26 | 5.632744456743768 × 10^277 |
| 158 | aaa_76_27 | 2.885127750421046 × 10^277 |
| 159 | aaa_76_28 | 1.124225144409074 × 10^277 |
| 160 | aaa_76_29 | 3.4217717028524293 × 10^276 |

### Output Bits Sorted by Complexity

| Rank | Output Bit | Complexity |
|:----:|:----------:|:----------:|
| 160 | aaa_76_29 | 3.4217717028524293 × 10^276 |
| 159 | aaa_76_28 | 1.124225144409074 × 10^277 |
| 158 | aaa_76_27 | 2.885127750421046 × 10^277 |
| 157 | aaa_76_26 | 5.632744456743768 × 10^277 |
| 156 | aaa_76_25 | 9.748780671161535 × 10^277 |
| 155 | ov_155 | 2.5363724386516142 × 10^278 |
| 154 | ov_154 | 5.0726806010036344 × 10^278 |
| 153 | ov_153 | 9.04834504983327 × 10^278 |
| 152 | ov_152 | 1.500426065622538 × 10^279 |
| 151 | ov_151 | 2.3557686378198777 × 10^279 |
| 150 | ov_150 | 3.5402266778564053 × 10^279 |
| 149 | ov_149 | 5.130807039619819 × 10^279 |
| 148 | ov_148 | 7.212165940879557 × 10^279 |
| 147 | ov_147 | 9.876621425691176 × 10^279 |
| 146 | ov_146 | 1.3224174635872645 × 10^280 |
| 145 | ov_145 | 1.7362543882337843 × 10^280 |
| 144 | ov_144 | 2.2407216034469555 × 10^280 |
| 143 | ov_143 | 2.848152027330403 × 10^280 |
| 142 | ov_142 | 3.571672978218374 × 10^280 |
| 141 | ov_141 | 4.425219747687725 × 10^280 |
| 140 | ov_140 | 5.423553240624254 × 10^280 |
| 139 | ov_139 | 6.582282398479082 × 10^280 |
| 138 | ov_138 | 7.9178921750727835 × 10^280 |
| 137 | ov_137 | 9.44777788782827 × 10^280 |
| 136 | ov_136 | 1.119028682128408 × 10^281 |
| 135 | ov_135 | 1.3164768014346703 × 10^281 |
| 134 | ov_134 | 1.5391631218219383 × 10^281 |
| 133 | ov_133 | 1.789241606858196 × 10^281 |
| 132 | ov_132 | 2.0689872573732565 × 10^281 |
| 131 | ov_131 | 2.3796365679518105 × 10^281 |
| 130 | ov_130 | 2.3796381821421213 × 10^281 |
| 129 | ov_129 | 2.3796448517442825 × 10^281 |
| 128 | aaa_77_29 | 2.5481988030463014 × 10^281 |
| 127 | aaa_77_28 | 6.79443767410747 × 10^281 |
| 126 | ov_126 | 2.1270955944915848 × 10^282 |
| 125 | ov_125 | 4.7766442428387164 × 10^282 |
| 124 | ov_124 | 9.092844395686424 × 10^282 |
| 123 | ov_123 | 1.5540455654745747 × 10^283 |
| 122 | ov_122 | 2.4584256376954106 × 10^283 |
| 121 | ov_121 | 3.668907968129564 × 10^283 |
| 120 | ov_120 | 5.231988396697281 × 10^283 |
| 119 | ov_119 | 7.194186664046497 × 10^283 |
| 118 | ov_118 | 9.60206325815222 × 10^283 |
| 117 | ov_117 | 1.2502245011802183 × 10^284 |
| 116 | ov_116 | 1.594146485984776 × 10^284 |
| 115 | ov_115 | 1.9966620178522013 × 10^284 |
| 114 | ov_114 | 2.4624852760988813 × 10^284 |
| 113 | ov_113 | 2.996365348380942 × 10^284 |
| 112 | ov_112 | 3.603099471994665 × 10^284 |
| 111 | ov_111 | 4.2875493555605196 × 10^284 |
| 110 | ov_110 | 5.05466088712302 × 10^284 |
| 109 | ov_109 | 5.909487535230259 × 10^284 |
| 108 | ov_108 | 6.857217750447766 × 10^284 |
| 107 | ov_107 | 7.996110243279715 × 10^284 |
| 106 | ov_106 | 9.42998189152944 × 10^284 |
| 105 | ov_105 | 1.1268452029522227 × 10^285 |
| 104 | ov_104 | 1.3627233254989944 × 10^285 |
| 103 | ov_103 | 1.6628474329560916 × 10^285 |
| 102 | ov_102 | 2.0401161079525474 × 10^285 |
| 101 | ov_101 | 2.5081581543321043 × 10^285 |
| 100 | ov_100 | 3.081386196321733 × 10^285 |
| 99 | ov_099 | 3.775058058353775 × 10^285 |
| 98 | ov_098 | 3.775077803165705 × 10^285 |
| 97 | ov_097 | 3.7751395614216055 × 10^285 |
| 96 | aaa_78_29 | 6.710412065723838 × 10^285 |
| 95 | aaa_78_28 | 2.2585086618460737 × 10^286 |
| 94 | ov_094 | 7.470398525651614 × 10^286 |
| 93 | ov_093 | 1.783712721852981 × 10^287 |
| 92 | ov_092 | 3.646507358286623 × 10^287 |
| 91 | ov_091 | 6.736557752518497 × 10^287 |
| 90 | ov_090 | 1.1946640507319358 × 10^288 |
| 89 | ov_089 | 2.0350580092594186 × 10^288 |
| 88 | ov_088 | 3.320334172898894 × 10^288 |
| 87 | ov_087 | 5.194120430122905 × 10^288 |
| 86 | ov_086 | 7.818204834256326 × 10^288 |
| 85 | ov_085 | 1.137257959656565 × 10^289 |
| 84 | ov_084 | 1.6055503992780318 × 10^289 |
| 83 | ov_083 | 2.2083589902245275 × 10^289 |
| 82 | ov_082 | 2.969191369976291 × 10^289 |
| 81 | ov_081 | 3.9134158221799186 × 10^289 |
| 64 | lv_79_m31 | 4.600783918672442 × 10^289 |
| 80 | ov_080 | 5.068278853151854 × 10^289 |
| 79 | ov_079 | 6.462926521168684 × 10^289 |
| 78 | ov_078 | 8.128429892176954 × 10^289 |
| 77 | ov_077 | 1.0097814996683927 × 10^290 |
| 76 | ov_076 | 1.240609766427889 × 10^290 |
| 75 | ov_075 | 1.5090323614667593 × 10^290 |
| 74 | ov_074 | 1.818961418748997 × 10^290 |
| 73 | ov_073 | 2.1745218097767734 × 10^290 |
| 63 | ov_063 | 2.3597358652311817 × 10^290 |
| 72 | ov_072 | 2.5800569609852386 × 10^290 |
| 71 | ov_071 | 3.040135353049899 × 10^290 |
| 70 | ov_070 | 3.55955783605202 × 10^290 |
| 69 | ov_069 | 4.143366179729793 × 10^290 |
| 68 | ov_068 | 4.796853579866617 × 10^290 |
| 67 | ov_067 | 5.525577975112994 × 10^290 |
| 66 | ov_066 | 5.5255809763540675 × 10^290 |
| 65 | ov_065 | 5.525593752764042 × 10^290 |
| 62 | ov_062 | 1.2100442483862778 × 10^291 |
| 61 | ov_061 | 4.4088580551411293 × 10^291 |
| 60 | ov_060 | 1.2615555900918682 × 10^292 |
| 59 | ov_059 | 3.0428825933465354 × 10^292 |
| 58 | ov_058 | 6.174086745338261 × 10^292 |
| 57 | ov_057 | 1.115300842721527 × 10^293 |
| 56 | ov_056 | 1.8586112202194727 × 10^293 |
| 55 | ov_055 | 2.979496178239254 × 10^293 |
| 54 | ov_054 | 4.560331395629489 × 10^293 |
| 53 | ov_053 | 6.776738452005444 × 10^293 |
| 52 | ov_052 | 9.826087223920592 × 10^293 |
| 51 | ov_051 | 1.3927516991914816 × 10^294 |
| 50 | ov_050 | 1.932197160978083 × 10^294 |
| 49 | ov_049 | 2.627225629198856 × 10^294 |
| 48 | ov_048 | 3.5063125334729614 × 10^294 |
| 47 | ov_047 | 4.6001411536056666 × 10^294 |
| 32 | lv_80_m31 | 5.347503953578891 × 10^294 |
| 46 | ov_046 | 5.941620953252137 × 10^294 |
| 45 | ov_045 | 7.565912672462844 × 10^294 |
| 44 | ov_044 | 9.510461692268881 × 10^294 |
| 43 | ov_043 | 1.181504133099312 × 10^295 |
| 42 | ov_042 | 1.4521807879298133 × 10^295 |
| 41 | ov_041 | 1.7675369329338853 × 10^295 |
| 40 | ov_040 | 2.129994347113389 × 10^295 |
| 39 | ov_039 | 2.5445313340032514 × 10^295 |
| 31 | ov_031 | 2.742484583554396 × 10^295 |
| 38 | ov_038 | 3.0164023833150174 × 10^295 |
| 37 | ov_037 | 3.551152778702896 × 10^295 |
| 36 | ov_036 | 4.154635780713333 × 10^295 |
| 35 | ov_035 | 4.833032673260165 × 10^295 |
| 34 | ov_034 | 5.592875978401719 × 10^295 |
| 33 | ov_033 | 6.441076161021212 × 10^295 |
| 30 | ov_030 | 1.4062267235744155 × 10^296 |
| 29 | ov_029 | 4.600389562166057 × 10^296 |
| 28 | ov_028 | 1.194019174925372 × 10^297 |
| 27 | ov_027 | 2.66871879376158 × 10^297 |
| 26 | ov_026 | 5.6627410152993974 × 10^297 |
| 25 | ov_025 | 1.120727498694525 × 10^298 |
| 24 | ov_024 | 2.058610253997931 × 10^298 |
| 23 | ov_023 | 3.5335619108389284 × 10^298 |
| 22 | ov_022 | 5.724488673842465 × 10^298 |
| 21 | ov_021 | 8.835574666812762 × 10^298 |
| 20 | ov_020 | 1.3096302471212432 × 10^299 |
| 19 | ov_019 | 1.87614866728041 × 10^299 |
| 18 | ov_018 | 2.611132544028977 × 10^299 |
| 17 | ov_017 | 3.545147724178114 × 10^299 |
| 16 | ov_016 | 4.711317149790885 × 10^299 |
| 15 | ov_015 | 6.14533642069315 × 10^299 |
| 14 | ov_014 | 7.885495274693313 × 10^299 |
| 13 | ov_013 | 9.972706651624913 × 10^299 |
| 12 | ov_012 | 1.2450545181659053 × 10^300 |
| 11 | ov_011 | 1.5365297113051592 × 10^300 |
| 10 | ov_010 | 1.8766023869805914 × 10^300 |
| 9 | ov_009 | 2.2704641605939605 × 10^300 |
| 8 | ov_008 | 2.7236019300527935 × 10^300 |
| 7 | ov_007 | 3.241809811694727 × 10^300 |
| 6 | ov_006 | 3.831203493136209 × 10^300 |
| 5 | ov_005 | 4.498237312022069 × 10^300 |
| 4 | ov_004 | 5.249724388521742 × 10^300 |
| 3 | ov_003 | 6.092860135859828 × 10^300 |
| 2 | ov_002 | 7.035249447301617 × 10^300 |
| 1 | ov_001 | 8.084937878753063 × 10^300 |

