# Results for F001-F002-F003-F004-F005-F006-F007-F008-F009-F010-F011-F012-F013-F014-F015-F016-F017-F018-F019-F020-F021-F022-F023-F024-F025-F026-F027-F028-F029-F030-F031-F032-F033-F034-F035-F036-F037-F038-F039-F040-F041-F042-F043-F044-F045-F046-F047-F048-F049-F050-F051-F052-F053-F054-F055-F056-F057-F058-F059-F060-F061-F062-F063-F064-F065-F066-F067-F068-F069-F070-F071-F072-F073-F074-F075-F076-F077-F078-F079-F080-F081-F082-F083-F084-F085-F086-F087-F088-F089-F090-F091-F092-F093-F094-F095-F096-F097-F098-F099-F100-F101-F102-F103-F104-F105-F106-F107-F108-F109-F110-F111-F112-F113-F114-F115-F116-F117-F118-F119-F120-F121-F122-F123-F124-F125-F126-F127-F128-F129-F130-F131-F132-F133-F134-F135-F136-F137-F138-F139-F140-F141-F142-F143-F144-F145-F146-F147-F148-F149-F150-F151-F152-F153-F154-F155-F156-F157-F158-F159-F160-F161-F162-F163-F164-F165-F166-F167-F168-F169-F170-F171-F172-F173-F174-F175-F176-F177-F178-F179-F180-F181-F182-F183-F184-F185-F186-F187-F188-F189-F190-F191-F192-F193-F194-F195-F196-F197-F198-F199-F200-F201-F202-F203-F204-F205-F206-F207-F208-F209-F210-F211-F212-F213-F214-F215-F216-F217-F218-F219-F220-F221-F222-F223-F224-F225-F226-F227-F228-F229-F230-F231-F232-F233-F234-F235-F236-F237-F238-F239-F240-F241-F242-F243-F244-F245-F246-F247-F248-F249-F250-F251-F252-F253-F254-F255-F256-F257-F258-F259-F260-F261-F262-F263-F264-F265-F266-F267-F268-F269-F270-F271-F272-F273-F274-F275-F276-F277-F278-F279-F280-F281-F282-F283-F284-F285-F286-F287-F288-F289-F290-F291-F292-F293-F294-F295-F296-F297-F298-F299-F300-F301-F302-F303-F304-F305-F306-F307-F308-F309-F310-F311-F312-F313-F314-F315-F316-F317-F318-F319-F320-F321-F322-F323-F324-F325-F326-F327-F328-F329-F330-F331-F332-F333-F334-F335-F336-F337-F338-F339-F340-F341-F342-F343-F344-F345-F346-F347-F348-F349-F350-F351-F352-F353-F354-F355-F356-F357-F358-F359-F360-F361-F362-F363-F364-F365-F366-F367-F368-F369-F370-F371-F372-F373-F374-F375-F376-F377-F378-F379-F380-F381-F382-F383-F384-F385-F386-F387-F388-F389-F390-F391-F392-F393-F394-F395-F396-F397-F398-F399-F400-F401-F402-F403-F404-F405-F406-F407-F408-F409-F410-F411-F412-F413-F414-F415-F416-F417-F418-F419-F420-F421-F422-F423-F424-F425-F426-F427-F428-F429-F430-F431-F432-F433-F434-F435-F436-F437-F438-F439-F440-F441-F442-F443-F444-F445-F446-F447-F448-F449-F450-F451-F452-F453-F454-F455-F456-F457-F458-F459-F460-F461-F462-F463-F464-F465-F466-F467-F468-F469-F470-F471-F472-F473-F474-F475-F476-F477-F478-F479-F480-F481-F482-F483-F484-F485-F486-F487-F488-F489-F490-F491-F492-F493-F494-F495-F496-O497502-E500511-E507512

## Summary

Number of input bits: 512  
Number of free input bits: 13  
Number of output bits: 160

Number of direct occurrences: 53442  
Number of assignments: 32253  
Number of operations: 11483832
(xor: 11455126,
and: 14966,
or: 13740)

Total complexity: 7.314466189427889 × 10^303

Least occurring input variable: iv_505 (3963)  
Most occurring input variable: iv_507 (4414)

Most co-occurring input variables: iv_499-iv_510 (2050)  
Least co-occurring input variables: iv_498-iv_505 (1807)

Potentially most occurring input variable: iv_497/iv_507 (4672)  
Potentially least occurring input variable: iv_499/iv_508 (4125)

Least output occurring input variable: iv_508 (70)  
Most output occurring input variable: iv_498 (86)

Most output co-occurring input variables: iv_498-iv_507 (52)  
Least output co-occurring input variables: iv_497-iv_508 (28)

Potentially most output occurring input variable: iv_498/iv_505 (93)  
Potentially least output occurring input variable: iv_498/iv_507 (68)

Least complex input bit: iv_498 (1.0401886308354728 × 10^301)  
Most complex input bit: iv_510 (1.7947901143036812 × 10^303)

Least complex output bit: aaa_76_29 (4.4068121660814764 × 10^278)  
Most complex output bit: ov_001 (1.1380170011030682 × 10^303)

Least complex input/output complexity: iv_498/aaa_76_29 (6.266917905794482 × 10^275)  
Most complex input/output complexity: iv_510/ov_001 (2.7924138420948327 × 10^302)

## Input Bits

### Input Bits in Regular Order

| Input Bit | Complexity | Occurrences | Output Occurrences |
|:---------:|:----------:|:-----------:|:------------------:|
| iv_497 | 9.20957131861659 × 10^301 | 4270 | 71 |
| iv_498 | 1.0401886308354728 × 10^301 | 4026 | 86 |
| iv_499 | 1.8519934342968787 × 10^301 | 4153 | 81 |
| iv_500 | 5.628901068496517 × 10^302 | 4221 | 80 |
| iv_501 | 5.348826791454542 × 10^301 | 4084 | 81 |
| iv_503 | 1.3717296054366542 × 10^302 | 4081 | 76 |
| iv_504 | 2.1132347229642094 × 10^302 | 3970 | 78 |
| iv_505 | 3.193468167382022 × 10^302 | 3963 | 79 |
| iv_506 | 4.7445389432722445 × 10^302 | 4004 | 82 |
| iv_507 | 1.3072910294071328 × 10^303 | 4414 | 86 |
| iv_508 | 9.8378140341182 × 10^302 | 4038 | 70 |
| iv_509 | 1.3489105897980554 × 10^303 | 4050 | 72 |
| iv_510 | 1.7947901143036812 × 10^303 | 4168 | 79 |

### Input Bits Sorted by Complexity

| Input Bit | Complexity | Occurrences | Output Occurrences |
|:---------:|:----------:|:-----------:|:------------------:|
| iv_498 | 1.0401886308354728 × 10^301 | 4026 | 86 |
| iv_499 | 1.8519934342968787 × 10^301 | 4153 | 81 |
| iv_501 | 5.348826791454542 × 10^301 | 4084 | 81 |
| iv_497 | 9.20957131861659 × 10^301 | 4270 | 71 |
| iv_503 | 1.3717296054366542 × 10^302 | 4081 | 76 |
| iv_504 | 2.1132347229642094 × 10^302 | 3970 | 78 |
| iv_505 | 3.193468167382022 × 10^302 | 3963 | 79 |
| iv_506 | 4.7445389432722445 × 10^302 | 4004 | 82 |
| iv_500 | 5.628901068496517 × 10^302 | 4221 | 80 |
| iv_508 | 9.8378140341182 × 10^302 | 4038 | 70 |
| iv_507 | 1.3072910294071328 × 10^303 | 4414 | 86 |
| iv_509 | 1.3489105897980554 × 10^303 | 4050 | 72 |
| iv_510 | 1.7947901143036812 × 10^303 | 4168 | 79 |

### Input Bits Sorted by Occurrences

| Input Bit | Complexity | Occurrences | Output Occurrences |
|:---------:|:----------:|:-----------:|:------------------:|
| iv_505 | 3.193468167382022 × 10^302 | 3963 | 79 |
| iv_504 | 2.1132347229642094 × 10^302 | 3970 | 78 |
| iv_506 | 4.7445389432722445 × 10^302 | 4004 | 82 |
| iv_498 | 1.0401886308354728 × 10^301 | 4026 | 86 |
| iv_508 | 9.8378140341182 × 10^302 | 4038 | 70 |
| iv_509 | 1.3489105897980554 × 10^303 | 4050 | 72 |
| iv_503 | 1.3717296054366542 × 10^302 | 4081 | 76 |
| iv_501 | 5.348826791454542 × 10^301 | 4084 | 81 |
| iv_499 | 1.8519934342968787 × 10^301 | 4153 | 81 |
| iv_510 | 1.7947901143036812 × 10^303 | 4168 | 79 |
| iv_500 | 5.628901068496517 × 10^302 | 4221 | 80 |
| iv_497 | 9.20957131861659 × 10^301 | 4270 | 71 |
| iv_507 | 1.3072910294071328 × 10^303 | 4414 | 86 |

### Input Bits Sorted by Output Occurrences

| Input Bit | Complexity | Occurrences | Output Occurrences |
|:---------:|:----------:|:-----------:|:------------------:|
| iv_508 | 9.8378140341182 × 10^302 | 4038 | 70 |
| iv_497 | 9.20957131861659 × 10^301 | 4270 | 71 |
| iv_509 | 1.3489105897980554 × 10^303 | 4050 | 72 |
| iv_503 | 1.3717296054366542 × 10^302 | 4081 | 76 |
| iv_504 | 2.1132347229642094 × 10^302 | 3970 | 78 |
| iv_505 | 3.193468167382022 × 10^302 | 3963 | 79 |
| iv_510 | 1.7947901143036812 × 10^303 | 4168 | 79 |
| iv_500 | 5.628901068496517 × 10^302 | 4221 | 80 |
| iv_501 | 5.348826791454542 × 10^301 | 4084 | 81 |
| iv_499 | 1.8519934342968787 × 10^301 | 4153 | 81 |
| iv_506 | 4.7445389432722445 × 10^302 | 4004 | 82 |
| iv_507 | 1.3072910294071328 × 10^303 | 4414 | 86 |
| iv_498 | 1.0401886308354728 × 10^301 | 4026 | 86 |

## Input Bit Co-occurrences

### Input Bit Co-occurrences Sorted by Co-occurrences

| Input Bits | Co-occurrences | Potential Occurrences | Output Co-occurrences | Potential Output Occurrences |
|:----------:|:--------------:|:---------------------:|:---------------------:|:----------------------------:|
| iv_499-iv_510 | 2050 | 4221 | 40 | 80 |
| iv_499-iv_507 | 2046 | 4475 | 47 | 73 |
| iv_499-iv_508 | 2033 | 4125 | 38 | 75 |
| iv_501-iv_507 | 2032 | 4434 | 44 | 79 |
| iv_507-iv_510 | 2027 | 4528 | 40 | 85 |
| iv_497-iv_501 | 2024 | 4306 | 41 | 70 |
| iv_499-iv_500 | 2008 | 4358 | 41 | 79 |
| iv_500-iv_507 | 2007 | 4621 | 40 | 86 |
| iv_497-iv_507 | 2006 | 4672 | 39 | 79 |
| iv_497-iv_499 | 2003 | 4417 | 38 | 76 |
| iv_499-iv_509 | 2000 | 4203 | 40 | 73 |
| iv_500-iv_510 | 1991 | 4407 | 42 | 75 |
| iv_503-iv_507 | 1989 | 4517 | 44 | 74 |

### Input Bit Co-occurrences Sorted by Potential Occurrences

| Input Bits | Co-occurrences | Potential Occurrences | Output Co-occurrences | Potential Output Occurrences |
|:----------:|:--------------:|:---------------------:|:---------------------:|:----------------------------:|
| iv_499-iv_508 | 2033 | 4125 | 38 | 75 |
| iv_498-iv_508 | 1944 | 4176 | 38 | 80 |
| iv_503-iv_506 | 1954 | 4177 | 40 | 78 |
| iv_506-iv_509 | 1936 | 4182 | 40 | 74 |
| iv_501-iv_505 | 1929 | 4189 | 45 | 70 |
| iv_504-iv_506 | 1891 | 4192 | 39 | 82 |
| iv_499-iv_506 | 1981 | 4195 | 44 | 75 |
| iv_504-iv_505 | 1866 | 4201 | 41 | 75 |
| iv_499-iv_509 | 2000 | 4203 | 40 | 73 |
| iv_508-iv_509 | 1934 | 4220 | 31 | 80 |
| iv_499-iv_510 | 2050 | 4221 | 40 | 80 |
| iv_498-iv_506 | 1903 | 4224 | 42 | 84 |
| iv_506-iv_508 | 1908 | 4226 | 39 | 74 |

### Input Bit Output Co-occurrences Sorted by Output Co-occurrences

| Input Bits | Co-occurrences | Potential Occurrences | Output Co-occurrences | Potential Output Occurrences |
|:----------:|:--------------:|:---------------------:|:---------------------:|:----------------------------:|
| iv_498-iv_507 | 1979 | 4482 | 52 | 68 |
| iv_498-iv_499 | 1907 | 4365 | 48 | 71 |
| iv_499-iv_507 | 2046 | 4475 | 47 | 73 |
| iv_498-iv_501 | 1895 | 4320 | 46 | 75 |
| iv_501-iv_505 | 1929 | 4189 | 45 | 70 |
| iv_498-iv_510 | 1979 | 4236 | 45 | 75 |
| iv_501-iv_503 | 1944 | 4277 | 44 | 69 |
| iv_501-iv_504 | 1862 | 4330 | 44 | 71 |
| iv_503-iv_507 | 1989 | 4517 | 44 | 74 |
| iv_501-iv_507 | 2032 | 4434 | 44 | 79 |
| iv_506-iv_507 | 1937 | 4544 | 44 | 80 |
| iv_499-iv_506 | 1981 | 4195 | 44 | 75 |
| iv_506-iv_510 | 1967 | 4238 | 44 | 73 |

### Input Bit Output Co-occurrences Sorted by Potential Output Occurrences

| Input Bits | Co-occurrences | Potential Occurrences | Output Co-occurrences | Potential Output Occurrences |
|:----------:|:--------------:|:---------------------:|:---------------------:|:----------------------------:|
| iv_498-iv_507 | 1979 | 4482 | 52 | 68 |
| iv_501-iv_503 | 1944 | 4277 | 44 | 69 |
| iv_497-iv_501 | 2024 | 4306 | 41 | 70 |
| iv_501-iv_505 | 1929 | 4189 | 45 | 70 |
| iv_503-iv_504 | 1879 | 4293 | 42 | 70 |
| iv_500-iv_508 | 1933 | 4393 | 40 | 70 |
| iv_501-iv_504 | 1862 | 4330 | 44 | 71 |
| iv_498-iv_499 | 1907 | 4365 | 48 | 71 |
| iv_497-iv_504 | 1934 | 4372 | 38 | 73 |
| iv_499-iv_507 | 2046 | 4475 | 47 | 73 |
| iv_499-iv_509 | 2000 | 4203 | 40 | 73 |
| iv_506-iv_510 | 1967 | 4238 | 44 | 73 |
| iv_504-iv_508 | 1883 | 4242 | 37 | 74 |

## Output Bits

### Output Bits in Regular Order

| Rank | Output Bit | Complexity |
|:----:|:----------:|:----------:|
| 1 | ov_001 | 1.1380170011030682 × 10^303 |
| 2 | ov_002 | 9.908619812042694 × 10^302 |
| 3 | ov_003 | 8.587100215589348 × 10^302 |
| 4 | ov_004 | 7.404360299323199 × 10^302 |
| 5 | ov_005 | 6.349767638663016 × 10^302 |
| 6 | ov_006 | 5.413264756949263 × 10^302 |
| 7 | ov_007 | 4.585331182802766 × 10^302 |
| 8 | ov_008 | 3.8569506027796233 × 10^302 |
| 9 | ov_009 | 3.219582624890223 × 10^302 |
| 10 | ov_010 | 2.66513869501363 × 10^302 |
| 11 | ov_011 | 2.1859617338695593 × 10^302 |
| 12 | ov_012 | 1.774809087165503 × 10^302 |
| 13 | ov_013 | 1.424838405951623 × 10^302 |
| 14 | ov_014 | 1.1295960982066008 × 10^302 |
| 15 | ov_015 | 8.830080163415454 × 10^301 |
| 16 | ov_016 | 6.793720687275529 × 10^301 |
| 17 | ov_017 | 5.133524665917854 × 10^301 |
| 18 | ov_018 | 3.7997534073981627 × 10^301 |
| 19 | ov_019 | 2.746254855892031 × 10^301 |
| 20 | ov_020 | 1.9304401097118923 × 10^301 |
| 21 | ov_021 | 1.3132670509546514 × 10^301 |
| 22 | ov_022 | 8.592293499123834 × 10^300 |
| 23 | ov_023 | 5.3634933645213705 × 10^300 |
| 24 | ov_024 | 3.161735108865117 × 10^300 |
| 25 | ov_025 | 1.7376983543338893 × 10^300 |
| 26 | ov_026 | 8.7726249358824 × 10^299 |
| 27 | ov_027 | 4.014996969672119 × 10^299 |
| 28 | ov_028 | 1.666721524342543 × 10^299 |
| 29 | ov_029 | 6.423117625158342 × 10^298 |
| 30 | ov_030 | 1.9637929852992425 × 10^298 |
| 31 | ov_031 | 3.8306806881724774 × 10^297 |
| 32 | lv_80_m31 | 7.470816896174478 × 10^296 |
| 33 | ov_033 | 9.034714191182542 × 10^297 |
| 34 | ov_034 | 7.85565323382413 × 10^297 |
| 35 | ov_035 | 6.797793271933957 × 10^297 |
| 36 | ov_036 | 5.8520018910779005 × 10^297 |
| 37 | ov_037 | 5.009647961521508 × 10^297 |
| 38 | ov_038 | 4.2625662718650254 × 10^297 |
| 39 | ov_039 | 3.603026738660787 × 10^297 |
| 40 | ov_040 | 3.0237077733168764 × 10^297 |
| 41 | ov_041 | 2.517673409493041 × 10^297 |
| 42 | ov_042 | 2.0783538155886315 × 10^297 |
| 43 | ov_043 | 1.6995288378688246 × 10^297 |
| 44 | ov_044 | 1.3753142403310752 × 10^297 |
| 45 | ov_045 | 1.1001503276314313 × 10^297 |
| 46 | ov_046 | 8.687926573199717 × 10^296 |
| 47 | ov_047 | 6.7630456732212695 × 10^296 |
| 48 | ov_048 | 5.180512640865915 × 10^296 |
| 49 | ov_049 | 3.896952361357525 × 10^296 |
| 50 | ov_050 | 2.8719277693557367 × 10^296 |
| 51 | ov_051 | 2.06791420079187 × 10^296 |
| 52 | ov_052 | 1.4502810877759243 × 10^296 |
| 53 | ov_053 | 9.872794059341905 × 10^295 |
| 54 | ov_054 | 6.500334725742467 × 10^295 |
| 55 | ov_055 | 4.125358828621405 × 10^295 |
| 56 | ov_056 | 2.5164455983777515 × 10^295 |
| 57 | ov_057 | 1.4708111131822616 × 10^295 |
| 58 | ov_058 | 8.14299494650978 × 10^294 |
| 59 | ov_059 | 4.013785525581726 × 10^294 |
| 60 | ov_060 | 1.6643777526789945 × 10^294 |
| 61 | ov_061 | 5.8177332444865285 × 10^293 |
| 62 | ov_062 | 1.5970351615864792 × 10^293 |
| 63 | ov_063 | 3.1150915115089154 × 10^292 |
| 64 | lv_79_m31 | 6.07485183678804 × 10^291 |
| 65 | ov_065 | 7.325387167244039 × 10^292 |
| 66 | ov_066 | 7.325370537284439 × 10^292 |
| 67 | ov_067 | 7.325366630976172 × 10^292 |
| 68 | ov_068 | 6.366509743313913 × 10^292 |
| 69 | ov_069 | 5.506008786299086 × 10^292 |
| 70 | ov_070 | 4.736628260495962 × 10^292 |
| 71 | ov_071 | 4.05147724262018 × 10^292 |
| 72 | ov_072 | 3.4439920586842785 × 10^292 |
| 73 | ov_073 | 2.90792261594717 × 10^292 |
| 74 | ov_074 | 2.4373212812150493 × 10^292 |
| 75 | ov_075 | 2.0265333667015156 × 10^292 |
| 76 | ov_076 | 1.670188677615068 × 10^292 |
| 77 | ov_077 | 1.363193946989215 × 10^292 |
| 78 | ov_078 | 1.1007261054905265 × 10^292 |
| 79 | ov_079 | 8.782263349824382 × 10^291 |
| 80 | ov_080 | 6.913948554375434 × 10^291 |
| 81 | ov_081 | 5.361863954147566 × 10^291 |
| 82 | ov_082 | 4.0880629678328894 × 10^291 |
| 83 | ov_083 | 3.057072047128809 × 10^291 |
| 84 | ov_084 | 2.2358629418607867 × 10^291 |
| 85 | ov_085 | 1.59382984447293 × 10^291 |
| 86 | ov_086 | 1.1027709290556842 × 10^291 |
| 87 | ov_087 | 7.368738007079796 × 10^290 |
| 88 | ov_088 | 4.72704371401961 × 10^290 |
| 89 | ov_089 | 2.8919867872799487 × 10^290 |
| 90 | ov_090 | 1.6765716400810934 × 10^290 |
| 91 | ov_091 | 9.174092631899941 × 10^289 |
| 92 | ov_092 | 4.746947302463588 × 10^289 |
| 93 | ov_093 | 2.321951124004428 × 10^289 |
| 94 | ov_094 | 9.724386432129253 × 10^288 |
| 95 | aaa_78_28 | 2.939890200078873 × 10^288 |
| 96 | aaa_78_29 | 8.73463562369185 × 10^287 |
| 97 | ov_097 | 4.913456916442567 × 10^287 |
| 98 | ov_098 | 4.913376512346682 × 10^287 |
| 99 | ov_099 | 4.9133507984975 × 10^287 |
| 100 | ov_100 | 4.010055864038075 × 10^287 |
| 101 | ov_101 | 3.2636859180083673 × 10^287 |
| 102 | ov_102 | 2.65434457798503 × 10^287 |
| 103 | ov_103 | 2.1632410985933937 × 10^287 |
| 104 | ov_104 | 1.7726102717909553 × 10^287 |
| 105 | ov_105 | 1.465642390901387 × 10^287 |
| 106 | ov_106 | 1.2264223814007948 × 10^287 |
| 107 | ov_107 | 1.039877249082548 × 10^287 |
| 108 | ov_108 | 8.917310419765641 × 10^286 |
| 109 | ov_109 | 7.684665666023886 × 10^286 |
| 110 | ov_110 | 6.57293142079888 × 10^286 |
| 111 | ov_111 | 5.575332910326201 × 10^286 |
| 112 | ov_112 | 4.685275516822837 × 10^286 |
| 113 | ov_113 | 3.896308935878351 × 10^286 |
| 114 | ov_114 | 3.2020964643837065 × 10^286 |
| 115 | ov_115 | 2.5963890239432615 × 10^286 |
| 116 | ov_116 | 2.0730035262759802 × 10^286 |
| 117 | ov_117 | 1.6258051880921307 × 10^286 |
| 118 | ov_118 | 1.2486934035023803 × 10^286 |
| 119 | ov_119 | 9.355907823210901 × 10^285 |
| 120 | ov_120 | 6.804349627770693 × 10^285 |
| 121 | ov_121 | 4.7717280721840413 × 10^285 |
| 122 | ov_122 | 3.1975658943390265 × 10^285 |
| 123 | ov_123 | 2.0214165558039407 × 10^285 |
| 124 | ov_124 | 1.1828496298028789 × 10^285 |
| 125 | ov_125 | 6.2144173587333314 × 10^284 |
| 126 | ov_126 | 2.7677190825298387 × 10^284 |
| 127 | aaa_77_28 | 8.841981480836873 × 10^283 |
| 128 | aaa_77_29 | 3.316823682680158 × 10^283 |
| 129 | ov_129 | 3.1116311750204485 × 10^283 |
| 130 | ov_130 | 3.1116225798629155 × 10^283 |
| 131 | ov_131 | 3.111620497918986 × 10^283 |
| 132 | ov_132 | 2.7081456082803503 × 10^283 |
| 133 | ov_133 | 2.3446219865403373 × 10^283 |
| 134 | ov_134 | 2.0194491309539202 × 10^283 |
| 135 | ov_135 | 1.7296851558036965 × 10^283 |
| 136 | ov_136 | 1.4725466639622381 × 10^283 |
| 137 | ov_137 | 1.245398219415709 × 10^283 |
| 138 | ov_138 | 1.0457432506931531 × 10^283 |
| 139 | ov_139 | 8.712162489507673 × 10^282 |
| 140 | ov_140 | 7.19576131753044 × 10^282 |
| 141 | ov_141 | 5.887006506772057 × 10^282 |
| 142 | ov_142 | 4.7658172778739674 × 10^282 |
| 143 | ov_143 | 3.813216128176864 × 10^282 |
| 144 | ov_144 | 3.0112975959933533 × 10^282 |
| 145 | ov_145 | 2.3432032689371776 × 10^282 |
| 146 | ov_146 | 1.793102153685594 × 10^282 |
| 147 | ov_147 | 1.3461755899798117 × 10^282 |
| 148 | ov_148 | 9.886059568839 × 10^281 |
| 149 | ov_149 | 7.075684844106832 × 10^281 |
| 150 | ov_150 | 4.912255486386327 × 10^281 |
| 151 | ov_151 | 3.287228934183359 × 10^281 |
| 152 | ov_152 | 2.101872867176854 × 10^281 |
| 153 | ov_153 | 1.2672518459108311 × 10^281 |
| 154 | ov_154 | 7.042204068572304 × 10^280 |
| 155 | ov_155 | 3.434197351150715 × 10^280 |
| 156 | aaa_76_25 | 1.252761114825435 × 10^280 |
| 157 | aaa_76_26 | 7.241421906697353 × 10^279 |
| 158 | aaa_76_27 | 3.7109200549930564 × 10^279 |
| 159 | aaa_76_28 | 1.4469207757203808 × 10^279 |
| 160 | aaa_76_29 | 4.4068121660814764 × 10^278 |

### Output Bits Sorted by Complexity

| Rank | Output Bit | Complexity |
|:----:|:----------:|:----------:|
| 160 | aaa_76_29 | 4.4068121660814764 × 10^278 |
| 159 | aaa_76_28 | 1.4469207757203808 × 10^279 |
| 158 | aaa_76_27 | 3.7109200549930564 × 10^279 |
| 157 | aaa_76_26 | 7.241421906697353 × 10^279 |
| 156 | aaa_76_25 | 1.252761114825435 × 10^280 |
| 155 | ov_155 | 3.434197351150715 × 10^280 |
| 154 | ov_154 | 7.042204068572304 × 10^280 |
| 153 | ov_153 | 1.2672518459108311 × 10^281 |
| 152 | ov_152 | 2.101872867176854 × 10^281 |
| 151 | ov_151 | 3.287228934183359 × 10^281 |
| 150 | ov_150 | 4.912255486386327 × 10^281 |
| 149 | ov_149 | 7.075684844106832 × 10^281 |
| 148 | ov_148 | 9.886059568839 × 10^281 |
| 147 | ov_147 | 1.3461755899798117 × 10^282 |
| 146 | ov_146 | 1.793102153685594 × 10^282 |
| 145 | ov_145 | 2.3432032689371776 × 10^282 |
| 144 | ov_144 | 3.0112975959933533 × 10^282 |
| 143 | ov_143 | 3.813216128176864 × 10^282 |
| 142 | ov_142 | 4.7658172778739674 × 10^282 |
| 141 | ov_141 | 5.887006506772057 × 10^282 |
| 140 | ov_140 | 7.19576131753044 × 10^282 |
| 139 | ov_139 | 8.712162489507673 × 10^282 |
| 138 | ov_138 | 1.0457432506931531 × 10^283 |
| 137 | ov_137 | 1.245398219415709 × 10^283 |
| 136 | ov_136 | 1.4725466639622381 × 10^283 |
| 135 | ov_135 | 1.7296851558036965 × 10^283 |
| 134 | ov_134 | 2.0194491309539202 × 10^283 |
| 133 | ov_133 | 2.3446219865403373 × 10^283 |
| 132 | ov_132 | 2.7081456082803503 × 10^283 |
| 131 | ov_131 | 3.111620497918986 × 10^283 |
| 130 | ov_130 | 3.1116225798629155 × 10^283 |
| 129 | ov_129 | 3.1116311750204485 × 10^283 |
| 128 | aaa_77_29 | 3.316823682680158 × 10^283 |
| 127 | aaa_77_28 | 8.841981480836873 × 10^283 |
| 126 | ov_126 | 2.7677190825298387 × 10^284 |
| 125 | ov_125 | 6.2144173587333314 × 10^284 |
| 124 | ov_124 | 1.1828496298028789 × 10^285 |
| 123 | ov_123 | 2.0214165558039407 × 10^285 |
| 122 | ov_122 | 3.1975658943390265 × 10^285 |
| 121 | ov_121 | 4.7717280721840413 × 10^285 |
| 120 | ov_120 | 6.804349627770693 × 10^285 |
| 119 | ov_119 | 9.355907823210901 × 10^285 |
| 118 | ov_118 | 1.2486934035023803 × 10^286 |
| 117 | ov_117 | 1.6258051880921307 × 10^286 |
| 116 | ov_116 | 2.0730035262759802 × 10^286 |
| 115 | ov_115 | 2.5963890239432615 × 10^286 |
| 114 | ov_114 | 3.2020964643837065 × 10^286 |
| 113 | ov_113 | 3.896308935878351 × 10^286 |
| 112 | ov_112 | 4.685275516822837 × 10^286 |
| 111 | ov_111 | 5.575332910326201 × 10^286 |
| 110 | ov_110 | 6.57293142079888 × 10^286 |
| 109 | ov_109 | 7.684665666023886 × 10^286 |
| 108 | ov_108 | 8.917310419765641 × 10^286 |
| 107 | ov_107 | 1.039877249082548 × 10^287 |
| 106 | ov_106 | 1.2264223814007948 × 10^287 |
| 105 | ov_105 | 1.465642390901387 × 10^287 |
| 104 | ov_104 | 1.7726102717909553 × 10^287 |
| 103 | ov_103 | 2.1632410985933937 × 10^287 |
| 102 | ov_102 | 2.65434457798503 × 10^287 |
| 101 | ov_101 | 3.2636859180083673 × 10^287 |
| 100 | ov_100 | 4.010055864038075 × 10^287 |
| 99 | ov_099 | 4.9133507984975 × 10^287 |
| 98 | ov_098 | 4.913376512346682 × 10^287 |
| 97 | ov_097 | 4.913456916442567 × 10^287 |
| 96 | aaa_78_29 | 8.73463562369185 × 10^287 |
| 95 | aaa_78_28 | 2.939890200078873 × 10^288 |
| 94 | ov_094 | 9.724386432129253 × 10^288 |
| 93 | ov_093 | 2.321951124004428 × 10^289 |
| 92 | ov_092 | 4.746947302463588 × 10^289 |
| 91 | ov_091 | 9.174092631899941 × 10^289 |
| 90 | ov_090 | 1.6765716400810934 × 10^290 |
| 89 | ov_089 | 2.8919867872799487 × 10^290 |
| 88 | ov_088 | 4.72704371401961 × 10^290 |
| 87 | ov_087 | 7.368738007079796 × 10^290 |
| 86 | ov_086 | 1.1027709290556842 × 10^291 |
| 85 | ov_085 | 1.59382984447293 × 10^291 |
| 84 | ov_084 | 2.2358629418607867 × 10^291 |
| 83 | ov_083 | 3.057072047128809 × 10^291 |
| 82 | ov_082 | 4.0880629678328894 × 10^291 |
| 81 | ov_081 | 5.361863954147566 × 10^291 |
| 64 | lv_79_m31 | 6.07485183678804 × 10^291 |
| 80 | ov_080 | 6.913948554375434 × 10^291 |
| 79 | ov_079 | 8.782263349824382 × 10^291 |
| 78 | ov_078 | 1.1007261054905265 × 10^292 |
| 77 | ov_077 | 1.363193946989215 × 10^292 |
| 76 | ov_076 | 1.670188677615068 × 10^292 |
| 75 | ov_075 | 2.0265333667015156 × 10^292 |
| 74 | ov_074 | 2.4373212812150493 × 10^292 |
| 73 | ov_073 | 2.90792261594717 × 10^292 |
| 63 | ov_063 | 3.1150915115089154 × 10^292 |
| 72 | ov_072 | 3.4439920586842785 × 10^292 |
| 71 | ov_071 | 4.05147724262018 × 10^292 |
| 70 | ov_070 | 4.736628260495962 × 10^292 |
| 69 | ov_069 | 5.506008786299086 × 10^292 |
| 68 | ov_068 | 6.366509743313913 × 10^292 |
| 67 | ov_067 | 7.325366630976172 × 10^292 |
| 66 | ov_066 | 7.325370537284439 × 10^292 |
| 65 | ov_065 | 7.325387167244039 × 10^292 |
| 62 | ov_062 | 1.5970351615864792 × 10^293 |
| 61 | ov_061 | 5.8177332444865285 × 10^293 |
| 60 | ov_060 | 1.6643777526789945 × 10^294 |
| 59 | ov_059 | 4.013785525581726 × 10^294 |
| 58 | ov_058 | 8.14299494650978 × 10^294 |
| 57 | ov_057 | 1.4708111131822616 × 10^295 |
| 56 | ov_056 | 2.5164455983777515 × 10^295 |
| 55 | ov_055 | 4.125358828621405 × 10^295 |
| 54 | ov_054 | 6.500334725742467 × 10^295 |
| 53 | ov_053 | 9.872794059341905 × 10^295 |
| 52 | ov_052 | 1.4502810877759243 × 10^296 |
| 51 | ov_051 | 2.06791420079187 × 10^296 |
| 50 | ov_050 | 2.8719277693557367 × 10^296 |
| 49 | ov_049 | 3.896952361357525 × 10^296 |
| 48 | ov_048 | 5.180512640865915 × 10^296 |
| 47 | ov_047 | 6.7630456732212695 × 10^296 |
| 32 | lv_80_m31 | 7.470816896174478 × 10^296 |
| 46 | ov_046 | 8.687926573199717 × 10^296 |
| 45 | ov_045 | 1.1001503276314313 × 10^297 |
| 44 | ov_044 | 1.3753142403310752 × 10^297 |
| 43 | ov_043 | 1.6995288378688246 × 10^297 |
| 42 | ov_042 | 2.0783538155886315 × 10^297 |
| 41 | ov_041 | 2.517673409493041 × 10^297 |
| 40 | ov_040 | 3.0237077733168764 × 10^297 |
| 39 | ov_039 | 3.603026738660787 × 10^297 |
| 31 | ov_031 | 3.8306806881724774 × 10^297 |
| 38 | ov_038 | 4.2625662718650254 × 10^297 |
| 37 | ov_037 | 5.009647961521508 × 10^297 |
| 36 | ov_036 | 5.8520018910779005 × 10^297 |
| 35 | ov_035 | 6.797793271933957 × 10^297 |
| 34 | ov_034 | 7.85565323382413 × 10^297 |
| 33 | ov_033 | 9.034714191182542 × 10^297 |
| 30 | ov_030 | 1.9637929852992425 × 10^298 |
| 29 | ov_029 | 6.423117625158342 × 10^298 |
| 28 | ov_028 | 1.666721524342543 × 10^299 |
| 27 | ov_027 | 4.014996969672119 × 10^299 |
| 26 | ov_026 | 8.7726249358824 × 10^299 |
| 25 | ov_025 | 1.7376983543338893 × 10^300 |
| 24 | ov_024 | 3.161735108865117 × 10^300 |
| 23 | ov_023 | 5.3634933645213705 × 10^300 |
| 22 | ov_022 | 8.592293499123834 × 10^300 |
| 21 | ov_021 | 1.3132670509546514 × 10^301 |
| 20 | ov_020 | 1.9304401097118923 × 10^301 |
| 19 | ov_019 | 2.746254855892031 × 10^301 |
| 18 | ov_018 | 3.7997534073981627 × 10^301 |
| 17 | ov_017 | 5.133524665917854 × 10^301 |
| 16 | ov_016 | 6.793720687275529 × 10^301 |
| 15 | ov_015 | 8.830080163415454 × 10^301 |
| 14 | ov_014 | 1.1295960982066008 × 10^302 |
| 13 | ov_013 | 1.424838405951623 × 10^302 |
| 12 | ov_012 | 1.774809087165503 × 10^302 |
| 11 | ov_011 | 2.1859617338695593 × 10^302 |
| 10 | ov_010 | 2.66513869501363 × 10^302 |
| 9 | ov_009 | 3.219582624890223 × 10^302 |
| 8 | ov_008 | 3.8569506027796233 × 10^302 |
| 7 | ov_007 | 4.585331182802766 × 10^302 |
| 6 | ov_006 | 5.413264756949263 × 10^302 |
| 5 | ov_005 | 6.349767638663016 × 10^302 |
| 4 | ov_004 | 7.404360299323199 × 10^302 |
| 3 | ov_003 | 8.587100215589348 × 10^302 |
| 2 | ov_002 | 9.908619812042694 × 10^302 |
| 1 | ov_001 | 1.1380170011030682 × 10^303 |

