# Results for F001-F002-F003-F004-F005-F006-F007-F008-F009-F010-F011-F012-F013-F014-F015-F016-F017-F018-F019-F020-F021-F022-F023-F024-F025-F026-F027-F028-F029-F030-F031-F032-F033-F034-F035-F036-F037-F038-F039-F040-F041-F042-F043-F044-F045-F046-F047-F048-F049-F050-F051-F052-F053-F054-F055-F056-F057-F058-F059-F060-F061-F062-F063-F064-F065-F066-F067-F068-F069-F070-F071-F072-F073-F074-F075-F076-F077-F078-F079-F080-F081-F082-F083-F084-F085-F086-F087-F088-F089-F090-F091-F092-F093-F094-F095-F096-F097-F098-F099-F100-F101-F102-F103-F104-F105-F106-F107-F108-F109-F110-F111-F112-F113-F114-F115-F116-F117-F118-F119-F120-F121-F122-F123-F124-F125-F126-F127-F128-F129-F130-F131-F132-F133-F134-F135-F136-F137-F138-F139-F140-F141-F142-F143-F144-F145-F146-F147-F148-F149-F150-F151-F152-F153-F154-F155-F156-F157-F158-F159-F160-F161-F162-F163-F164-F165-F166-F167-F168-F169-F170-F171-F172-F173-F174-F175-F176-F177-F178-F179-F180-F181-F182-F183-F184-F185-F186-F187-F188-F189-F190-F191-F192-F193-F194-F195-F196-F197-F198-F199-F200-F201-F202-F203-F204-F205-F206-F207-F208-F209-F210-F211-F212-F213-F214-F215-F216-F217-F218-F219-F220-F221-F222-F223-F224-F225-F226-F227-F228-F229-F230-F231-F232-F233-F234-F235-F236-F237-F238-F239-F240-F241-F242-F243-F244-F245-F246-F247-F248-F249-F250-F251-F252-F253-F254-F255-F256-F257-F258-F259-F260-F261-F262-F263-F264-F265-F266-F267-F268-F269-F270-F271-F272-F273-F274-F275-F276-F277-F278-F279-F280-F281-F282-F283-F284-F285-F286-F287-F288-F289-F290-F291-F292-F293-F294-F295-F296-F297-F298-F299-F300-F301-F302-F303-F304-F305-F306-F307-F308-F309-F310-F311-F312-F313-F314-F315-F316-F317-F318-F319-F320-F321-F322-F323-F324-F325-F326-F327-F328-F329-F330-F331-F332-F333-F334-F335-F336-F337-F338-F339-F340-F341-F342-F343-F344-F345-F346-F347-F348-F349-F350-F351-F352-F353-F354-F355-F356-F357-F358-F359-F360-F361-F362-F363-F364-F365-F366-F367-F368-F369-F370-F371-F372-F373-F374-F375-F376-F377-F378-F379-F380-F381-F382-F383-F384-F385-F386-F387-F388-F389-F390-F391-F392-F393-F394-F395-F396-F397-F398-F399-F400-F401-F402-F403-F404-F405-F406-F407-F408-F409-F410-F411-F412-F413-F414-F415-F416-F417-F418-F419-F420-F421-F422-F423-F424-F425-F426-F427-F428-F429-F430-F431-F432-F433-F434-F435-F436-F437-F438-F439-F440-F441-F442-F443-F444-F445-F446-F447-F448-F449-F450-F451-F452-F453-F454-F455-F456-F457-F458-F459-F460-F461-F462-F463-F464-F465-F466-F467-F468-F469-F470-F471-F472-F473-F474-F475-F476-F477-F478-F479-F480-F481-F482-F483-F484-F485-F486-F487-F488-F489-F490-F491-F492-F493-F494-F495-F496-F497-E500505-F512

## Summary

Number of input bits: 512  
Number of free input bits: 13  
Number of output bits: 160

Number of direct occurrences: 53189  
Number of assignments: 31677  
Number of operations: 11167091
(xor: 11138518,
and: 15049,
or: 13524)

Total complexity: 1.944509195544969 × 10^301

Least occurring input variable: iv_502 (3892)  
Most occurring input variable: iv_510 (4271)

Most co-occurring input variables: iv_509-iv_510 (2132)  
Least co-occurring input variables: iv_498-iv_502 (1763)

Potentially most occurring input variable: iv_507/iv_510 (4500)  
Potentially least occurring input variable: iv_499/iv_508 (4106)

Least output occurring input variable: iv_500 (71)  
Most output occurring input variable: iv_498 (88)

Most output co-occurring input variables: iv_506-iv_508 (48)  
Least output co-occurring input variables: iv_500-iv_503 (31)

Potentially most output occurring input variable: iv_502/iv_503 (96)  
Potentially least output occurring input variable: iv_500/iv_502 (67)

Least complex input bit: iv_511 (3.8326636358931225 × 10^297)  
Most complex input bit: iv_510 (4.869651802763149 × 10^300)

Least complex output bit: aaa_76_29 (3.3937098794532516 × 10^276)  
Most complex output bit: ov_001 (3.0416421823545336 × 10^300)

Least complex input/output complexity: iv_511/aaa_76_29 (6.689065022449729 × 10^272)  
Most complex input/output complexity: iv_510/ov_001 (7.617211772820675 × 10^299)

## Input Bits

### Input Bits in Regular Order

| Input Bit | Complexity | Occurrences | Output Occurrences |
|:---------:|:----------:|:-----------:|:------------------:|
| iv_498 | 2.1791267264475348 × 10^298 | 3959 | 88 |
| iv_499 | 4.4504612946949476 × 10^298 | 3971 | 81 |
| iv_500 | 1.123589117281641 × 10^300 | 4186 | 71 |
| iv_501 | 1.5024341725964926 × 10^299 | 4055 | 79 |
| iv_502 | 2.566076652931792 × 10^299 | 3892 | 82 |
| iv_503 | 4.216511804468432 × 10^299 | 4153 | 78 |
| iv_504 | 6.713036829654497 × 10^299 | 3935 | 78 |
| iv_506 | 1.5760044835679193 × 10^300 | 3965 | 82 |
| iv_507 | 2.3385665482465345 × 10^300 | 4183 | 76 |
| iv_508 | 3.346477172055267 × 10^300 | 4151 | 86 |
| iv_509 | 4.6208683417227364 × 10^300 | 4247 | 80 |
| iv_510 | 4.869651802763149 × 10^300 | 4271 | 74 |
| iv_511 | 3.8326636358931225 × 10^297 | 4221 | 80 |

### Input Bits Sorted by Complexity

| Input Bit | Complexity | Occurrences | Output Occurrences |
|:---------:|:----------:|:-----------:|:------------------:|
| iv_511 | 3.8326636358931225 × 10^297 | 4221 | 80 |
| iv_498 | 2.1791267264475348 × 10^298 | 3959 | 88 |
| iv_499 | 4.4504612946949476 × 10^298 | 3971 | 81 |
| iv_501 | 1.5024341725964926 × 10^299 | 4055 | 79 |
| iv_502 | 2.566076652931792 × 10^299 | 3892 | 82 |
| iv_503 | 4.216511804468432 × 10^299 | 4153 | 78 |
| iv_504 | 6.713036829654497 × 10^299 | 3935 | 78 |
| iv_500 | 1.123589117281641 × 10^300 | 4186 | 71 |
| iv_506 | 1.5760044835679193 × 10^300 | 3965 | 82 |
| iv_507 | 2.3385665482465345 × 10^300 | 4183 | 76 |
| iv_508 | 3.346477172055267 × 10^300 | 4151 | 86 |
| iv_509 | 4.6208683417227364 × 10^300 | 4247 | 80 |
| iv_510 | 4.869651802763149 × 10^300 | 4271 | 74 |

### Input Bits Sorted by Occurrences

| Input Bit | Complexity | Occurrences | Output Occurrences |
|:---------:|:----------:|:-----------:|:------------------:|
| iv_502 | 2.566076652931792 × 10^299 | 3892 | 82 |
| iv_504 | 6.713036829654497 × 10^299 | 3935 | 78 |
| iv_498 | 2.1791267264475348 × 10^298 | 3959 | 88 |
| iv_506 | 1.5760044835679193 × 10^300 | 3965 | 82 |
| iv_499 | 4.4504612946949476 × 10^298 | 3971 | 81 |
| iv_501 | 1.5024341725964926 × 10^299 | 4055 | 79 |
| iv_508 | 3.346477172055267 × 10^300 | 4151 | 86 |
| iv_503 | 4.216511804468432 × 10^299 | 4153 | 78 |
| iv_507 | 2.3385665482465345 × 10^300 | 4183 | 76 |
| iv_500 | 1.123589117281641 × 10^300 | 4186 | 71 |
| iv_511 | 3.8326636358931225 × 10^297 | 4221 | 80 |
| iv_509 | 4.6208683417227364 × 10^300 | 4247 | 80 |
| iv_510 | 4.869651802763149 × 10^300 | 4271 | 74 |

### Input Bits Sorted by Output Occurrences

| Input Bit | Complexity | Occurrences | Output Occurrences |
|:---------:|:----------:|:-----------:|:------------------:|
| iv_500 | 1.123589117281641 × 10^300 | 4186 | 71 |
| iv_510 | 4.869651802763149 × 10^300 | 4271 | 74 |
| iv_507 | 2.3385665482465345 × 10^300 | 4183 | 76 |
| iv_503 | 4.216511804468432 × 10^299 | 4153 | 78 |
| iv_504 | 6.713036829654497 × 10^299 | 3935 | 78 |
| iv_501 | 1.5024341725964926 × 10^299 | 4055 | 79 |
| iv_509 | 4.6208683417227364 × 10^300 | 4247 | 80 |
| iv_511 | 3.8326636358931225 × 10^297 | 4221 | 80 |
| iv_499 | 4.4504612946949476 × 10^298 | 3971 | 81 |
| iv_502 | 2.566076652931792 × 10^299 | 3892 | 82 |
| iv_506 | 1.5760044835679193 × 10^300 | 3965 | 82 |
| iv_508 | 3.346477172055267 × 10^300 | 4151 | 86 |
| iv_498 | 2.1791267264475348 × 10^298 | 3959 | 88 |

## Input Bit Co-occurrences

### Input Bit Co-occurrences Sorted by Co-occurrences

| Input Bits | Co-occurrences | Potential Occurrences | Output Co-occurrences | Potential Output Occurrences |
|:----------:|:--------------:|:---------------------:|:---------------------:|:----------------------------:|
| iv_509-iv_510 | 2132 | 4254 | 37 | 80 |
| iv_509-iv_511 | 2078 | 4312 | 37 | 86 |
| iv_510-iv_511 | 2076 | 4340 | 39 | 76 |
| iv_507-iv_508 | 2070 | 4194 | 44 | 74 |
| iv_508-iv_511 | 2069 | 4234 | 43 | 80 |
| iv_500-iv_510 | 2069 | 4319 | 36 | 73 |
| iv_508-iv_509 | 2055 | 4288 | 41 | 84 |
| iv_501-iv_511 | 2054 | 4168 | 41 | 77 |
| iv_508-iv_510 | 2051 | 4320 | 36 | 88 |
| iv_507-iv_509 | 2035 | 4360 | 38 | 80 |
| iv_503-iv_509 | 2028 | 4344 | 38 | 82 |
| iv_503-iv_508 | 2027 | 4250 | 42 | 80 |
| iv_503-iv_511 | 2026 | 4322 | 37 | 84 |

### Input Bit Co-occurrences Sorted by Potential Occurrences

| Input Bits | Co-occurrences | Potential Occurrences | Output Co-occurrences | Potential Output Occurrences |
|:----------:|:--------------:|:---------------------:|:---------------------:|:----------------------------:|
| iv_499-iv_508 | 2008 | 4106 | 46 | 75 |
| iv_504-iv_508 | 1987 | 4112 | 43 | 78 |
| iv_504-iv_506 | 1876 | 4148 | 42 | 76 |
| iv_500-iv_504 | 1983 | 4155 | 35 | 79 |
| iv_506-iv_507 | 1995 | 4158 | 39 | 80 |
| iv_501-iv_511 | 2054 | 4168 | 41 | 77 |
| iv_499-iv_504 | 1867 | 4172 | 38 | 83 |
| iv_498-iv_501 | 1918 | 4178 | 40 | 87 |
| iv_502-iv_508 | 1929 | 4185 | 41 | 86 |
| iv_507-iv_508 | 2070 | 4194 | 44 | 74 |
| iv_506-iv_508 | 1960 | 4196 | 48 | 72 |
| iv_499-iv_501 | 1913 | 4200 | 37 | 86 |
| iv_499-iv_509 | 2007 | 4204 | 43 | 75 |

### Input Bit Output Co-occurrences Sorted by Output Co-occurrences

| Input Bits | Co-occurrences | Potential Occurrences | Output Co-occurrences | Potential Output Occurrences |
|:----------:|:--------------:|:---------------------:|:---------------------:|:----------------------------:|
| iv_498-iv_499 | 1830 | 4270 | 48 | 73 |
| iv_506-iv_508 | 1960 | 4196 | 48 | 72 |
| iv_498-iv_508 | 1939 | 4232 | 47 | 80 |
| iv_498-iv_502 | 1763 | 4325 | 46 | 78 |
| iv_498-iv_504 | 1845 | 4204 | 46 | 74 |
| iv_499-iv_508 | 2008 | 4106 | 46 | 75 |
| iv_502-iv_511 | 1921 | 4271 | 45 | 72 |
| iv_502-iv_506 | 1817 | 4223 | 44 | 76 |
| iv_507-iv_508 | 2070 | 4194 | 44 | 74 |
| iv_500-iv_502 | 1892 | 4294 | 43 | 67 |
| iv_504-iv_508 | 1987 | 4112 | 43 | 78 |
| iv_498-iv_503 | 1874 | 4364 | 43 | 80 |
| iv_498-iv_507 | 1900 | 4342 | 43 | 78 |

### Input Bit Output Co-occurrences Sorted by Potential Output Occurrences

| Input Bits | Co-occurrences | Potential Occurrences | Output Co-occurrences | Potential Output Occurrences |
|:----------:|:--------------:|:---------------------:|:---------------------:|:----------------------------:|
| iv_500-iv_502 | 1892 | 4294 | 43 | 67 |
| iv_499-iv_500 | 1929 | 4299 | 42 | 68 |
| iv_502-iv_511 | 1921 | 4271 | 45 | 72 |
| iv_506-iv_508 | 1960 | 4196 | 48 | 72 |
| iv_498-iv_499 | 1830 | 4270 | 48 | 73 |
| iv_500-iv_510 | 2069 | 4319 | 36 | 73 |
| iv_501-iv_510 | 1939 | 4448 | 40 | 73 |
| iv_498-iv_504 | 1845 | 4204 | 46 | 74 |
| iv_502-iv_507 | 1899 | 4277 | 42 | 74 |
| iv_507-iv_508 | 2070 | 4194 | 44 | 74 |
| iv_499-iv_508 | 2008 | 4106 | 46 | 75 |
| iv_500-iv_511 | 1961 | 4485 | 38 | 75 |
| iv_499-iv_509 | 2007 | 4204 | 43 | 75 |

## Output Bits

### Output Bits in Regular Order

| Rank | Output Bit | Complexity |
|:----:|:----------:|:----------:|
| 1 | ov_001 | 3.0416421823545336 × 10^300 |
| 2 | ov_002 | 2.646610140341436 × 10^300 |
| 3 | ov_003 | 2.2919582301542744 × 10^300 |
| 4 | ov_004 | 1.974660659544367 × 10^300 |
| 5 | ov_005 | 1.6918569223759725 × 10^300 |
| 6 | ov_006 | 1.4408401286767481 × 10^300 |
| 7 | ov_007 | 1.2190468638138797 × 10^300 |
| 8 | ov_008 | 1.0240484355103378 × 10^300 |
| 9 | ov_009 | 8.535433749631235 × 10^299 |
| 10 | ov_010 | 7.053510656012575 × 10^299 |
| 11 | ov_011 | 5.7740638007437445 × 10^299 |
| 12 | ov_012 | 4.677552129356043 × 10^299 |
| 13 | ov_013 | 3.7455080321161137 × 10^299 |
| 14 | ov_014 | 2.9605074766950842 × 10^299 |
| 15 | ov_015 | 2.3061461212116047 × 10^299 |
| 16 | ov_016 | 1.7670205457196742 × 10^299 |
| 17 | ov_017 | 1.3287138044119183 × 10^299 |
| 18 | ov_018 | 9.77784564682697 × 10^298 |
| 19 | ov_019 | 7.017591628495481 × 10^298 |
| 20 | ov_020 | 4.891259698438931 × 10^298 |
| 21 | ov_021 | 3.293315236063999 × 10^298 |
| 22 | ov_022 | 2.1277794829416352 × 10^298 |
| 23 | ov_023 | 1.3082126186723212 × 10^298 |
| 24 | ov_024 | 7.577028734688045 × 10^297 |
| 25 | ov_025 | 4.088598488385583 × 10^297 |
| 26 | ov_026 | 2.0381075508359464 × 10^297 |
| 27 | ov_027 | 9.41985522734745 × 10^296 |
| 28 | ov_028 | 4.118119127688504 × 10^296 |
| 29 | ov_029 | 1.5431369366618876 × 10^296 |
| 30 | ov_030 | 4.6641090843565486 × 10^295 |
| 31 | ov_031 | 1.0322692672423412 × 10^295 |
| 32 | lv_80_m31 | 2.0124193703063407 × 10^294 |
| 33 | ov_033 | 2.416458550388775 × 10^295 |
| 34 | ov_034 | 2.0969572693611542 × 10^295 |
| 35 | ov_035 | 1.810658395985583 × 10^295 |
| 36 | ov_036 | 1.5550470641122554 × 10^295 |
| 37 | ov_037 | 1.3277455450496397 × 10^295 |
| 38 | ov_038 | 1.1265036080044328 × 10^295 |
| 39 | ov_039 | 9.491901483262792 × 10^294 |
| 40 | ov_040 | 7.937859631569818 × 10^294 |
| 41 | ov_041 | 6.58377561427034 × 10^294 |
| 42 | ov_042 | 5.4115190210444586 × 10^294 |
| 43 | ov_043 | 4.403919612274307 × 10^294 |
| 44 | ov_044 | 3.544730345861119 × 10^294 |
| 45 | ov_045 | 2.8185968899850773 × 10^294 |
| 46 | ov_046 | 2.211032809892277 × 10^294 |
| 47 | ov_047 | 1.7083996735923708 × 10^294 |
| 48 | ov_048 | 1.2978913766243336 × 10^294 |
| 49 | ov_049 | 9.675220400746282 × 10^293 |
| 50 | ov_050 | 7.061168890609765 × 10^293 |
| 51 | ov_051 | 5.033055711460849 × 10^293 |
| 52 | ov_052 | 3.4951742581013456 × 10^293 |
| 53 | ov_053 | 2.3597826735073605 × 10^293 |
| 54 | ov_054 | 1.547082945274555 × 10^293 |
| 55 | ov_055 | 9.852079102940046 × 10^292 |
| 56 | ov_056 | 6.102134300201682 × 10^292 |
| 57 | ov_057 | 3.660738182209496 × 10^292 |
| 58 | ov_058 | 2.0467932757285298 × 10^292 |
| 59 | ov_059 | 1.0395385487575624 × 10^292 |
| 60 | ov_060 | 4.577844416418801 × 10^291 |
| 61 | ov_061 | 1.5991134968655882 × 10^291 |
| 62 | ov_062 | 4.386918427282548 × 10^290 |
| 63 | ov_063 | 8.551096952754576 × 10^289 |
| 64 | lv_79_m31 | 1.66646778960583 × 10^289 |
| 65 | ov_065 | 2.0039750418791496 × 10^290 |
| 66 | ov_066 | 2.0039690781776953 × 10^290 |
| 67 | ov_067 | 2.003967618673558 × 10^290 |
| 68 | ov_068 | 1.7373442480534168 × 10^290 |
| 69 | ov_069 | 1.498967651443525 × 10^290 |
| 70 | ov_070 | 1.286578324710863 × 10^290 |
| 71 | ov_071 | 1.0980557458353474 × 10^290 |
| 72 | ov_072 | 9.314089666810056 × 10^289 |
| 73 | ov_073 | 7.847680374390386 × 10^289 |
| 74 | ov_074 | 6.563762193894267 × 10^289 |
| 75 | ov_075 | 5.445829433871751 × 10^289 |
| 76 | ov_076 | 4.478374729313495 × 10^289 |
| 77 | ov_077 | 3.646832318573781 × 10^289 |
| 78 | ov_078 | 2.937527576438458 × 10^289 |
| 79 | ov_079 | 2.3376324207693266 × 10^289 |
| 80 | ov_080 | 1.8351262159809635 × 10^289 |
| 81 | ov_081 | 1.418761801014698 × 10^289 |
| 82 | ov_082 | 1.0780362727223369 × 10^289 |
| 83 | ov_083 | 8.031661578899989 × 10^288 |
| 84 | ov_084 | 5.850666087268602 × 10^288 |
| 85 | ov_085 | 4.1533425769731686 × 10^288 |
| 86 | ov_086 | 2.8623336824524756 × 10^288 |
| 87 | ov_087 | 1.9068491837255524 × 10^288 |
| 88 | ov_088 | 1.2225825428242185 × 10^288 |
| 89 | ov_089 | 7.516495144072713 × 10^287 |
| 90 | ov_090 | 4.425452048617497 × 10^287 |
| 91 | ov_091 | 2.501159545802565 × 10^287 |
| 92 | ov_092 | 1.3554244853985908 × 10^287 |
| 93 | ov_093 | 6.633063886663051 × 10^286 |
| 94 | ov_094 | 2.7814069853312664 × 10^286 |
| 95 | aaa_78_28 | 8.48619764945575 × 10^285 |
| 96 | aaa_78_29 | 3.032836542851987 × 10^285 |
| 97 | ov_097 | 2.0025029798579928 × 10^285 |
| 98 | ov_098 | 2.0024424554766844 × 10^285 |
| 99 | ov_099 | 2.002423076433106 × 10^285 |
| 100 | ov_100 | 1.8017097791800957 × 10^285 |
| 101 | ov_101 | 1.6158657986528952 × 10^285 |
| 102 | ov_102 | 1.4440665519040977 × 10^285 |
| 103 | ov_103 | 1.2855476484818935 × 10^285 |
| 104 | ov_104 | 1.1395972345402918 × 10^285 |
| 105 | ov_105 | 1.0055490239531033 × 10^285 |
| 106 | ov_106 | 8.827759802291783 × 10^284 |
| 107 | ov_107 | 7.706846144285755 × 10^284 |
| 108 | ov_108 | 6.687098654261375 × 10^284 |
| 109 | ov_109 | 5.763105297941755 × 10^284 |
| 110 | ov_110 | 4.929652093104591 × 10^284 |
| 111 | ov_111 | 4.181687446684551 × 10^284 |
| 112 | ov_112 | 3.5142910439965015 × 10^284 |
| 113 | ov_113 | 2.9226469833656055 × 10^284 |
| 114 | ov_114 | 2.4020208517144257 × 10^284 |
| 115 | ov_115 | 1.9477404381938898 × 10^284 |
| 116 | ov_116 | 1.5551797839307992 × 10^284 |
| 117 | ov_117 | 1.219746266554769 × 10^284 |
| 118 | ov_118 | 9.368704184960546 × 10^283 |
| 119 | ov_119 | 7.019981782197096 × 10^283 |
| 120 | ov_120 | 5.105852736541105 × 10^283 |
| 121 | ov_121 | 3.580934371228603 × 10^283 |
| 122 | ov_122 | 2.3998801613606477 × 10^283 |
| 123 | ov_123 | 1.5173644700984577 × 10^283 |
| 124 | ov_124 | 8.880726842897432 × 10^282 |
| 125 | ov_125 | 4.666952712535058 × 10^282 |
| 126 | ov_126 | 2.0792455769365066 × 10^282 |
| 127 | aaa_77_28 | 6.645335820974332 × 10^281 |
| 128 | aaa_77_29 | 2.4947211134480386 × 10^281 |
| 129 | ov_129 | 2.32317239599175 × 10^281 |
| 130 | ov_130 | 2.323165777596597 × 10^281 |
| 131 | ov_131 | 2.323164175243112 × 10^281 |
| 132 | ov_132 | 2.0206227461124723 × 10^281 |
| 133 | ov_133 | 1.7487093507944903 × 10^281 |
| 134 | ov_134 | 1.505045559756326 × 10^281 |
| 135 | ov_135 | 1.2873826182751572 × 10^281 |
| 136 | ov_136 | 1.0935921824796756 × 10^281 |
| 137 | ov_137 | 9.226391055217145 × 10^280 |
| 138 | ov_138 | 7.7261287105672815 × 10^280 |
| 139 | ov_139 | 6.417025008611273 × 10^280 |
| 140 | ov_140 | 5.281915453481966 × 10^280 |
| 141 | ov_141 | 4.304538831678574 × 10^280 |
| 142 | ov_142 | 3.4695023912300006 × 10^280 |
| 143 | ov_143 | 2.762253349682267 × 10^280 |
| 144 | ov_144 | 2.1690559292317977 × 10^280 |
| 145 | ov_145 | 1.676973169514065 × 10^280 |
| 146 | ov_146 | 1.2738528204209108 × 10^280 |
| 147 | ov_147 | 9.483166689741279 × 10^279 |
| 148 | ov_148 | 6.897527058086582 × 10^279 |
| 149 | ov_149 | 4.883095882686763 × 10^279 |
| 150 | ov_150 | 3.348929085245079 × 10^279 |
| 151 | ov_151 | 2.2116282649471275 × 10^279 |
| 152 | ov_152 | 1.3953267871559387 × 10^279 |
| 153 | ov_153 | 8.316822564666679 × 10^278 |
| 154 | ov_154 | 4.598726270864718 × 10^278 |
| 155 | ov_155 | 2.2659410304188213 × 10^278 |
| 156 | aaa_76_25 | 8.605999487767771 × 10^277 |
| 157 | aaa_76_26 | 4.8841954899924305 × 10^277 |
| 158 | aaa_76_27 | 2.5121968017375398 × 10^277 |
| 159 | aaa_76_28 | 1.1142032733801544 × 10^277 |
| 160 | aaa_76_29 | 3.3937098794532516 × 10^276 |

### Output Bits Sorted by Complexity

| Rank | Output Bit | Complexity |
|:----:|:----------:|:----------:|
| 160 | aaa_76_29 | 3.3937098794532516 × 10^276 |
| 159 | aaa_76_28 | 1.1142032733801544 × 10^277 |
| 158 | aaa_76_27 | 2.5121968017375398 × 10^277 |
| 157 | aaa_76_26 | 4.8841954899924305 × 10^277 |
| 156 | aaa_76_25 | 8.605999487767771 × 10^277 |
| 155 | ov_155 | 2.2659410304188213 × 10^278 |
| 154 | ov_154 | 4.598726270864718 × 10^278 |
| 153 | ov_153 | 8.316822564666679 × 10^278 |
| 152 | ov_152 | 1.3953267871559387 × 10^279 |
| 151 | ov_151 | 2.2116282649471275 × 10^279 |
| 150 | ov_150 | 3.348929085245079 × 10^279 |
| 149 | ov_149 | 4.883095882686763 × 10^279 |
| 148 | ov_148 | 6.897527058086582 × 10^279 |
| 147 | ov_147 | 9.483166689741279 × 10^279 |
| 146 | ov_146 | 1.2738528204209108 × 10^280 |
| 145 | ov_145 | 1.676973169514065 × 10^280 |
| 144 | ov_144 | 2.1690559292317977 × 10^280 |
| 143 | ov_143 | 2.762253349682267 × 10^280 |
| 142 | ov_142 | 3.4695023912300006 × 10^280 |
| 141 | ov_141 | 4.304538831678574 × 10^280 |
| 140 | ov_140 | 5.281915453481966 × 10^280 |
| 139 | ov_139 | 6.417025008611273 × 10^280 |
| 138 | ov_138 | 7.7261287105672815 × 10^280 |
| 137 | ov_137 | 9.226391055217145 × 10^280 |
| 136 | ov_136 | 1.0935921824796756 × 10^281 |
| 135 | ov_135 | 1.2873826182751572 × 10^281 |
| 134 | ov_134 | 1.505045559756326 × 10^281 |
| 133 | ov_133 | 1.7487093507944903 × 10^281 |
| 132 | ov_132 | 2.0206227461124723 × 10^281 |
| 131 | ov_131 | 2.323164175243112 × 10^281 |
| 130 | ov_130 | 2.323165777596597 × 10^281 |
| 129 | ov_129 | 2.32317239599175 × 10^281 |
| 128 | aaa_77_29 | 2.4947211134480386 × 10^281 |
| 127 | aaa_77_28 | 6.645335820974332 × 10^281 |
| 126 | ov_126 | 2.0792455769365066 × 10^282 |
| 125 | ov_125 | 4.666952712535058 × 10^282 |
| 124 | ov_124 | 8.880726842897432 × 10^282 |
| 123 | ov_123 | 1.5173644700984577 × 10^283 |
| 122 | ov_122 | 2.3998801613606477 × 10^283 |
| 121 | ov_121 | 3.580934371228603 × 10^283 |
| 120 | ov_120 | 5.105852736541105 × 10^283 |
| 119 | ov_119 | 7.019981782197096 × 10^283 |
| 118 | ov_118 | 9.368704184960546 × 10^283 |
| 117 | ov_117 | 1.219746266554769 × 10^284 |
| 116 | ov_116 | 1.5551797839307992 × 10^284 |
| 115 | ov_115 | 1.9477404381938898 × 10^284 |
| 114 | ov_114 | 2.4020208517144257 × 10^284 |
| 113 | ov_113 | 2.9226469833656055 × 10^284 |
| 112 | ov_112 | 3.5142910439965015 × 10^284 |
| 111 | ov_111 | 4.181687446684551 × 10^284 |
| 110 | ov_110 | 4.929652093104591 × 10^284 |
| 109 | ov_109 | 5.763105297941755 × 10^284 |
| 108 | ov_108 | 6.687098654261375 × 10^284 |
| 107 | ov_107 | 7.706846144285755 × 10^284 |
| 106 | ov_106 | 8.827759802291783 × 10^284 |
| 105 | ov_105 | 1.0055490239531033 × 10^285 |
| 104 | ov_104 | 1.1395972345402918 × 10^285 |
| 103 | ov_103 | 1.2855476484818935 × 10^285 |
| 102 | ov_102 | 1.4440665519040977 × 10^285 |
| 101 | ov_101 | 1.6158657986528952 × 10^285 |
| 100 | ov_100 | 1.8017097791800957 × 10^285 |
| 99 | ov_099 | 2.002423076433106 × 10^285 |
| 98 | ov_098 | 2.0024424554766844 × 10^285 |
| 97 | ov_097 | 2.0025029798579928 × 10^285 |
| 96 | aaa_78_29 | 3.032836542851987 × 10^285 |
| 95 | aaa_78_28 | 8.48619764945575 × 10^285 |
| 94 | ov_094 | 2.7814069853312664 × 10^286 |
| 93 | ov_093 | 6.633063886663051 × 10^286 |
| 92 | ov_092 | 1.3554244853985908 × 10^287 |
| 91 | ov_091 | 2.501159545802565 × 10^287 |
| 90 | ov_090 | 4.425452048617497 × 10^287 |
| 89 | ov_089 | 7.516495144072713 × 10^287 |
| 88 | ov_088 | 1.2225825428242185 × 10^288 |
| 87 | ov_087 | 1.9068491837255524 × 10^288 |
| 86 | ov_086 | 2.8623336824524756 × 10^288 |
| 85 | ov_085 | 4.1533425769731686 × 10^288 |
| 84 | ov_084 | 5.850666087268602 × 10^288 |
| 83 | ov_083 | 8.031661578899989 × 10^288 |
| 82 | ov_082 | 1.0780362727223369 × 10^289 |
| 81 | ov_081 | 1.418761801014698 × 10^289 |
| 64 | lv_79_m31 | 1.66646778960583 × 10^289 |
| 80 | ov_080 | 1.8351262159809635 × 10^289 |
| 79 | ov_079 | 2.3376324207693266 × 10^289 |
| 78 | ov_078 | 2.937527576438458 × 10^289 |
| 77 | ov_077 | 3.646832318573781 × 10^289 |
| 76 | ov_076 | 4.478374729313495 × 10^289 |
| 75 | ov_075 | 5.445829433871751 × 10^289 |
| 74 | ov_074 | 6.563762193894267 × 10^289 |
| 73 | ov_073 | 7.847680374390386 × 10^289 |
| 63 | ov_063 | 8.551096952754576 × 10^289 |
| 72 | ov_072 | 9.314089666810056 × 10^289 |
| 71 | ov_071 | 1.0980557458353474 × 10^290 |
| 70 | ov_070 | 1.286578324710863 × 10^290 |
| 69 | ov_069 | 1.498967651443525 × 10^290 |
| 68 | ov_068 | 1.7373442480534168 × 10^290 |
| 67 | ov_067 | 2.003967618673558 × 10^290 |
| 66 | ov_066 | 2.0039690781776953 × 10^290 |
| 65 | ov_065 | 2.0039750418791496 × 10^290 |
| 62 | ov_062 | 4.386918427282548 × 10^290 |
| 61 | ov_061 | 1.5991134968655882 × 10^291 |
| 60 | ov_060 | 4.577844416418801 × 10^291 |
| 59 | ov_059 | 1.0395385487575624 × 10^292 |
| 58 | ov_058 | 2.0467932757285298 × 10^292 |
| 57 | ov_057 | 3.660738182209496 × 10^292 |
| 56 | ov_056 | 6.102134300201682 × 10^292 |
| 55 | ov_055 | 9.852079102940046 × 10^292 |
| 54 | ov_054 | 1.547082945274555 × 10^293 |
| 53 | ov_053 | 2.3597826735073605 × 10^293 |
| 52 | ov_052 | 3.4951742581013456 × 10^293 |
| 51 | ov_051 | 5.033055711460849 × 10^293 |
| 50 | ov_050 | 7.061168890609765 × 10^293 |
| 49 | ov_049 | 9.675220400746282 × 10^293 |
| 48 | ov_048 | 1.2978913766243336 × 10^294 |
| 47 | ov_047 | 1.7083996735923708 × 10^294 |
| 32 | lv_80_m31 | 2.0124193703063407 × 10^294 |
| 46 | ov_046 | 2.211032809892277 × 10^294 |
| 45 | ov_045 | 2.8185968899850773 × 10^294 |
| 44 | ov_044 | 3.544730345861119 × 10^294 |
| 43 | ov_043 | 4.403919612274307 × 10^294 |
| 42 | ov_042 | 5.4115190210444586 × 10^294 |
| 41 | ov_041 | 6.58377561427034 × 10^294 |
| 40 | ov_040 | 7.937859631569818 × 10^294 |
| 39 | ov_039 | 9.491901483262792 × 10^294 |
| 31 | ov_031 | 1.0322692672423412 × 10^295 |
| 38 | ov_038 | 1.1265036080044328 × 10^295 |
| 37 | ov_037 | 1.3277455450496397 × 10^295 |
| 36 | ov_036 | 1.5550470641122554 × 10^295 |
| 35 | ov_035 | 1.810658395985583 × 10^295 |
| 34 | ov_034 | 2.0969572693611542 × 10^295 |
| 33 | ov_033 | 2.416458550388775 × 10^295 |
| 30 | ov_030 | 4.6641090843565486 × 10^295 |
| 29 | ov_029 | 1.5431369366618876 × 10^296 |
| 28 | ov_028 | 4.118119127688504 × 10^296 |
| 27 | ov_027 | 9.41985522734745 × 10^296 |
| 26 | ov_026 | 2.0381075508359464 × 10^297 |
| 25 | ov_025 | 4.088598488385583 × 10^297 |
| 24 | ov_024 | 7.577028734688045 × 10^297 |
| 23 | ov_023 | 1.3082126186723212 × 10^298 |
| 22 | ov_022 | 2.1277794829416352 × 10^298 |
| 21 | ov_021 | 3.293315236063999 × 10^298 |
| 20 | ov_020 | 4.891259698438931 × 10^298 |
| 19 | ov_019 | 7.017591628495481 × 10^298 |
| 18 | ov_018 | 9.77784564682697 × 10^298 |
| 17 | ov_017 | 1.3287138044119183 × 10^299 |
| 16 | ov_016 | 1.7670205457196742 × 10^299 |
| 15 | ov_015 | 2.3061461212116047 × 10^299 |
| 14 | ov_014 | 2.9605074766950842 × 10^299 |
| 13 | ov_013 | 3.7455080321161137 × 10^299 |
| 12 | ov_012 | 4.677552129356043 × 10^299 |
| 11 | ov_011 | 5.7740638007437445 × 10^299 |
| 10 | ov_010 | 7.053510656012575 × 10^299 |
| 9 | ov_009 | 8.535433749631235 × 10^299 |
| 8 | ov_008 | 1.0240484355103378 × 10^300 |
| 7 | ov_007 | 1.2190468638138797 × 10^300 |
| 6 | ov_006 | 1.4408401286767481 × 10^300 |
| 5 | ov_005 | 1.6918569223759725 × 10^300 |
| 4 | ov_004 | 1.974660659544367 × 10^300 |
| 3 | ov_003 | 2.2919582301542744 × 10^300 |
| 2 | ov_002 | 2.646610140341436 × 10^300 |
| 1 | ov_001 | 3.0416421823545336 × 10^300 |

