# Results for T001-T002-F003-F004-F005-T006-T007-F008-T009-F010-F011-T012-F013-F014-F015-T016-F017-F018-F019-F020-T021-F022-F023-T024-F025-T026-F027-T028-T029-F030-F031-F032-F033-F034-T035-F036-T037-T038-F039-F040-T041-T042-T043-F044-F045-F046-F047-F048-F049-F050-F051-F052-F053-F054-F055-F056-T057-F058-T059-F060-F061-T062-T063-T064-F065-T066-T067-T068-T069-T070-F071-T072-T073-T074-T075-T076-T077-T078-F079-F080-F081-F082-F083-F084-F085-F086-F087-T088-T089-F090-T091-F092-F093-F094-F095-T096-T097-F098-T099-F100-T101-F102-F103-T104-T105-T106-T107-F108-T109-T110-T111-T112-T113-T114-T115-T116-F117-T118-F119-T120-T121-F122-F123-F124-F125-T126-F127-F128-F129-T130-F131-F132-T133-F134-T135-T136-F137-F138-T139-T140-F141-T142-F143-T144-T145-T146-F147-F148-T149-T150-T151-F152-T153-T154-F155-F156-F157-T158-F159-T160-F161-F162-F163-T164-F165-T166-T167-F168-T169-F170-T171-T172-F173-F174-T175-F176-T177-T178-T179-T180-T181-F182-T183-T184-T185-F186-T187-F188-F189-T190-F191-T192-T193-F194-F195-F196-T197-F198-F199-T200-F201-T202-F203-F204-F205-F206-T207-F208-F209-F210-F211-T212-F213-T214-T215-T216-F217-T218-T219-F220-F221-F222-F223-F224-T225-F226-T227-T228-T229-T230-F231-F232-F233-F234-F235-T236-T237-T238-T239-T240-F241-T242-F243-F244-T245-T246-T247-T248-F249-T250-F251-T252-F253-T254-F255-F256-T257-F258-F259-F260-T261-F262-F263-T264-F265-F266-F267-T268-T269-F270-T271-F272-T273-F274-F275-F276-T277-F278-F279-T280-F281-F282-F283-T284-F285-T286-T287-F288-T289-T290-T291-F292-F293-T294-T295-F296-T297-F298-T299-T300-T301-T302-T303-F304-F305-F306-F307-F308-T309-T310-F311-T312-F313-T314-T315-F316-T317-F318-T319-F320-F321-F322-T323-F324-F325-F326-F327-F328-F329-T330-F331-F332-T333-T334-T335-F336-F337-T338-F339-T340-F341-F342-T343-T344-F345-T346-F347-T348-F349-F350-T351-T352-F353-T354-F355-F356-T357-F358-F359-F360-F361-T362-T363-T364-T365-T366-T367-F368-F369-T370-F371-F372-T373-F374-T375-T376-F377-T378-F379-F380-T381-F382-F383-F384-T385-F386-T387-F388-T389-F390-F391-F392-F393-T394-F395-T396-T397-T398-T399-T400-T401-T402-T403-F404-T405-F406-F407-F408-F409-F410-F411-T412-T413-F414-T415-F416-T417-T418-T419-T420-F421-F422-T423-F424-F425-T426-F427-F428-T429-F430-F431-T432-F433-T434-T435-T436-F437-F438-F439-F440-F441-T442-T443-T444-F445-F446-F447-F448-F449-F450-T451-F452-T453-T454-F456-T457-T458-F459-F460-F461-T462-F463-F464-F465-T466-F467-T468-F469-F470-F471-F472-F473-T474-T475-T476-F477-F478-F479-F480-F484-F487-T489-T491-F494-F496-F497-F500-F503-T504-T505-T507-T509-F511-T512

## Summary

Number of input bits: 512  
Number of free input bits: 18  
Number of output bits: 160

Number of assignments: 19239  
Number of operations: 45269
(xor: 18898,
and: 13529,
or: 12842)

Total complexity: 6.28613 × 10^320

Least complex input bit: iv_488 (1.30962 × 10^318)  
Most complex input bit: iv_483 (8.33371 × 10^319)

Least complex output bit: aaa_76_29 (5.36297 × 10^294)  
Most complex output bit: ov_001 (9.73515 × 10^319)

Least complex input/output complexity: iv_488/aaa_76_29 (1.11730 × 10^292)  
Most complex input/output complexity: iv_483/ov_001 (1.29061 × 10^319)

## Input Bits

| Input Bit | Complexity | Occurrences |
|:---------:|:----------:|:-----------:|
| iv_455 | 7.99127 × 10^319 | 47 |
| iv_481 | 2.06167 × 10^319 | 81 |
| iv_482 | 7.99098 × 10^319 | 75 |
| iv_483 | 8.33371 × 10^319 | 69 |
| iv_485 | 3.80839 × 10^319 | 68 |
| iv_486 | 3.81807 × 10^319 | 71 |
| iv_488 | 1.30962 × 10^318 | 79 |
| iv_490 | 4.64123 × 10^318 | 67 |
| iv_492 | 2.44931 × 10^319 | 84 |
| iv_493 | 4.84068 × 10^319 | 70 |
| iv_495 | 7.77324 × 10^319 | 92 |
| iv_498 | 3.68825 × 10^319 | 110 |
| iv_499 | 2.03223 × 10^319 | 98 |
| iv_501 | 4.96537 × 10^318 | 109 |
| iv_502 | 5.28006 × 10^318 | 103 |
| iv_506 | 5.11495 × 10^318 | 115 |
| iv_508 | 2.81944 × 10^319 | 108 |
| iv_510 | 3.12290 × 10^319 | 119 |

## Input Bits Sorted by Complexity

| Input Bit | Complexity | Occurrences |
|:---------:|:----------:|:-----------:|
| iv_488 | 1.30962 × 10^318 | 79 |
| iv_490 | 4.64123 × 10^318 | 67 |
| iv_501 | 4.96537 × 10^318 | 109 |
| iv_506 | 5.11495 × 10^318 | 115 |
| iv_502 | 5.28006 × 10^318 | 103 |
| iv_499 | 2.03223 × 10^319 | 98 |
| iv_481 | 2.06167 × 10^319 | 81 |
| iv_492 | 2.44931 × 10^319 | 84 |
| iv_508 | 2.81944 × 10^319 | 108 |
| iv_510 | 3.12290 × 10^319 | 119 |
| iv_498 | 3.68825 × 10^319 | 110 |
| iv_485 | 3.80839 × 10^319 | 68 |
| iv_486 | 3.81807 × 10^319 | 71 |
| iv_493 | 4.84068 × 10^319 | 70 |
| iv_495 | 7.77324 × 10^319 | 92 |
| iv_482 | 7.99098 × 10^319 | 75 |
| iv_455 | 7.99127 × 10^319 | 47 |
| iv_483 | 8.33371 × 10^319 | 69 |

## Input Bits Sorted by Occurrences

| Input Bit | Complexity | Occurrences |
|:---------:|:----------:|:-----------:|
| iv_455 | 7.99127 × 10^319 | 47 |
| iv_490 | 4.64123 × 10^318 | 67 |
| iv_485 | 3.80839 × 10^319 | 68 |
| iv_483 | 8.33371 × 10^319 | 69 |
| iv_493 | 4.84068 × 10^319 | 70 |
| iv_486 | 3.81807 × 10^319 | 71 |
| iv_482 | 7.99098 × 10^319 | 75 |
| iv_488 | 1.30962 × 10^318 | 79 |
| iv_481 | 2.06167 × 10^319 | 81 |
| iv_492 | 2.44931 × 10^319 | 84 |
| iv_495 | 7.77324 × 10^319 | 92 |
| iv_499 | 2.03223 × 10^319 | 98 |
| iv_502 | 5.28006 × 10^318 | 103 |
| iv_508 | 2.81944 × 10^319 | 108 |
| iv_501 | 4.96537 × 10^318 | 109 |
| iv_498 | 3.68825 × 10^319 | 110 |
| iv_506 | 5.11495 × 10^318 | 115 |
| iv_510 | 3.12290 × 10^319 | 119 |

## Output Bits

| Rank | Output Bit | Complexity |
|:----:|:----------:|:----------:|
| 1 | ov_001 | 9.73515 × 10^319 |
| 2 | ov_002 | 8.48072 × 10^319 |
| 3 | ov_003 | 7.35397 × 10^319 |
| 4 | ov_004 | 6.34529 × 10^319 |
| 5 | ov_005 | 5.44564 × 10^319 |
| 6 | ov_006 | 4.64645 × 10^319 |
| 7 | ov_007 | 3.93962 × 10^319 |
| 8 | ov_008 | 3.31748 × 10^319 |
| 9 | ov_009 | 2.77276 × 10^319 |
| 10 | ov_010 | 2.29860 × 10^319 |
| 11 | ov_011 | 1.88847 × 10^319 |
| 12 | ov_012 | 1.53624 × 10^319 |
| 13 | ov_013 | 1.23609 × 10^319 |
| 14 | ov_014 | 9.82545 × 10^318 |
| 15 | ov_015 | 7.70449 × 10^318 |
| 16 | ov_016 | 5.94965 × 10^318 |
| 17 | ov_017 | 4.51570 × 10^318 |
| 18 | ov_018 | 3.36046 × 10^318 |
| 19 | ov_019 | 2.44480 × 10^318 |
| 20 | ov_020 | 1.73262 × 10^318 |
| 21 | ov_021 | 1.19082 × 10^318 |
| 22 | ov_022 | 7.89313 × 10^317 |
| 23 | ov_023 | 5.00986 × 10^317 |
| 24 | ov_024 | 3.01724 × 10^317 |
| 25 | ov_025 | 1.70393 × 10^317 |
| 26 | ov_026 | 8.88416 × 10^316 |
| 27 | ov_027 | 4.18992 × 10^316 |
| 28 | ov_028 | 1.73793 × 10^316 |
| 29 | ov_029 | 6.07686 × 10^315 |
| 30 | ov_030 | 1.66876 × 10^315 |
| 31 | ov_031 | 3.25630 × 10^314 |
| 32 | lv_80_m31 | 6.35288 × 10^313 |
| 33 | ov_033 | 7.73864 × 10^314 |
| 34 | ov_034 | 6.74147 × 10^314 |
| 35 | ov_035 | 5.84579 × 10^314 |
| 36 | ov_036 | 5.04398 × 10^314 |
| 37 | ov_037 | 4.32883 × 10^314 |
| 38 | ov_038 | 3.69354 × 10^314 |
| 39 | ov_039 | 3.13167 × 10^314 |
| 40 | ov_040 | 2.63712 × 10^314 |
| 41 | ov_041 | 2.20412 × 10^314 |
| 42 | ov_042 | 1.82719 × 10^314 |
| 43 | ov_043 | 1.50118 × 10^314 |
| 44 | ov_044 | 1.22118 × 10^314 |
| 45 | ov_045 | 9.82591 × 10^313 |
| 46 | ov_046 | 7.81042 × 10^313 |
| 47 | ov_047 | 6.12443 × 10^313 |
| 48 | ov_048 | 4.72948 × 10^313 |
| 49 | ov_049 | 3.58961 × 10^313 |
| 50 | ov_050 | 2.67129 × 10^313 |
| 51 | ov_051 | 1.94341 × 10^313 |
| 52 | ov_052 | 1.37729 × 10^313 |
| 53 | ov_053 | 9.46605 × 10^312 |
| 54 | ov_054 | 6.27438 × 10^312 |
| 55 | ov_055 | 3.98242 × 10^312 |
| 56 | ov_056 | 2.39846 × 10^312 |
| 57 | ov_057 | 1.35448 × 10^312 |
| 58 | ov_058 | 7.06217 × 10^311 |
| 59 | ov_059 | 3.33064 × 10^311 |
| 60 | ov_060 | 1.38151 × 10^311 |
| 61 | ov_061 | 4.83060 × 10^310 |
| 62 | ov_062 | 1.32652 × 10^310 |
| 63 | ov_063 | 2.58848 × 10^309 |
| 64 | lv_79_m31 | 5.05001 × 10^308 |
| 65 | ov_065 | 6.15149 × 10^309 |
| 66 | ov_066 | 6.15147 × 10^309 |
| 67 | ov_067 | 6.15147 × 10^309 |
| 68 | ov_068 | 5.35880 × 10^309 |
| 69 | ov_069 | 4.64681 × 10^309 |
| 70 | ov_070 | 4.00944 × 10^309 |
| 71 | ov_071 | 3.44096 × 10^309 |
| 72 | ov_072 | 2.93595 × 10^309 |
| 73 | ov_073 | 2.48931 × 10^309 |
| 74 | ov_074 | 2.09619 × 10^309 |
| 75 | ov_075 | 1.75198 × 10^309 |
| 76 | ov_076 | 1.45236 × 10^309 |
| 77 | ov_077 | 1.19321 × 10^309 |
| 78 | ov_078 | 9.70636 × 10^308 |
| 79 | ov_079 | 7.80973 × 10^308 |
| 80 | ov_080 | 6.20758 × 10^308 |
| 81 | ov_081 | 4.86736 × 10^308 |
| 82 | ov_082 | 3.75849 × 10^308 |
| 83 | ov_083 | 2.85239 × 10^308 |
| 84 | ov_084 | 2.12240 × 10^308 |
| 85 | ov_085 | 1.54380 × 10^308 |
| 86 | ov_086 | 1.09377 × 10^308 |
| 87 | ov_087 | 7.51418 × 10^307 |
| 88 | ov_088 | 4.97707 × 10^307 |
| 89 | ov_089 | 3.15515 × 10^307 |
| 90 | ov_090 | 1.89603 × 10^307 |
| 91 | ov_091 | 1.06616 × 10^307 |
| 92 | ov_092 | 5.50839 × 10^306 |
| 93 | ov_093 | 2.54213 × 10^306 |
| 94 | ov_094 | 9.92742 × 10^305 |
| 95 | aaa_78_28 | 2.78544 × 10^305 |
| 96 | aaa_78_29 | 8.48715 × 10^304 |
| 97 | ov_097 | 4.88992 × 10^304 |
| 98 | ov_098 | 4.88991 × 10^304 |
| 99 | ov_099 | 4.88991 × 10^304 |
| 100 | ov_100 | 4.25981 × 10^304 |
| 101 | ov_101 | 3.69383 × 10^304 |
| 102 | ov_102 | 3.18717 × 10^304 |
| 103 | ov_103 | 2.73527 × 10^304 |
| 104 | ov_104 | 2.33384 × 10^304 |
| 105 | ov_105 | 1.97880 × 10^304 |
| 106 | ov_106 | 1.66629 × 10^304 |
| 107 | ov_107 | 1.39268 × 10^304 |
| 108 | ov_108 | 1.15451 × 10^304 |
| 109 | ov_109 | 9.48503 × 10^303 |
| 110 | ov_110 | 7.71575 × 10^303 |
| 111 | ov_111 | 6.20809 × 10^303 |
| 112 | ov_112 | 4.93451 × 10^303 |
| 113 | ov_113 | 3.86914 × 10^303 |
| 114 | ov_114 | 2.98769 × 10^303 |
| 115 | ov_115 | 2.26741 × 10^303 |
| 116 | ov_116 | 1.68713 × 10^303 |
| 117 | ov_117 | 1.22719 × 10^303 |
| 118 | ov_118 | 8.69462 × 10^302 |
| 119 | ov_119 | 5.97315 × 10^302 |
| 120 | ov_120 | 3.95636 × 10^302 |
| 121 | ov_121 | 2.50808 × 10^302 |
| 122 | ov_122 | 1.50719 × 10^302 |
| 123 | ov_123 | 8.47510 × 10^301 |
| 124 | ov_124 | 4.37871 × 10^301 |
| 125 | ov_125 | 2.02078 × 10^301 |
| 126 | ov_126 | 7.89147 × 10^300 |
| 127 | aaa_77_28 | 2.21420 × 10^300 |
| 128 | aaa_77_29 | 6.74658 × 10^299 |
| 129 | ov_129 | 3.88548 × 10^299 |
| 130 | ov_130 | 3.88547 × 10^299 |
| 131 | ov_131 | 3.88546 × 10^299 |
| 132 | ov_132 | 3.38458 × 10^299 |
| 133 | ov_133 | 2.93468 × 10^299 |
| 134 | ov_134 | 2.53193 × 10^299 |
| 135 | ov_135 | 2.17271 × 10^299 |
| 136 | ov_136 | 1.85360 × 10^299 |
| 137 | ov_137 | 1.57137 × 10^299 |
| 138 | ov_138 | 1.32296 × 10^299 |
| 139 | ov_139 | 1.10546 × 10^299 |
| 140 | ov_140 | 9.16133 × 10^298 |
| 141 | ov_141 | 7.52375 × 10^298 |
| 142 | ov_142 | 6.11732 × 10^298 |
| 143 | ov_143 | 4.91885 × 10^298 |
| 144 | ov_144 | 3.90646 × 10^298 |
| 145 | ov_145 | 3.05958 × 10^298 |
| 146 | ov_146 | 2.35890 × 10^298 |
| 147 | ov_147 | 1.78634 × 10^298 |
| 148 | ov_148 | 1.32506 × 10^298 |
| 149 | ov_149 | 9.59454 × 10^297 |
| 150 | ov_150 | 6.75087 × 10^297 |
| 151 | ov_151 | 4.58752 × 10^297 |
| 152 | ov_152 | 2.98434 × 10^297 |
| 153 | ov_153 | 1.83308 × 10^297 |
| 154 | ov_154 | 1.03745 × 10^297 |
| 155 | ov_155 | 5.13064 × 10^296 |
| 156 | aaa_76_25 | 1.87435 × 10^296 |
| 157 | aaa_76_26 | 9.79051 × 10^295 |
| 158 | aaa_76_27 | 4.51296 × 10^295 |
| 159 | aaa_76_28 | 1.76010 × 10^295 |
| 160 | aaa_76_29 | 5.36297 × 10^294 |

## Output Bits Sorted by Complexity

| Rank | Output Bit | Complexity |
|:----:|:----------:|:----------:|
| 160 | aaa_76_29 | 5.36297 × 10^294 |
| 159 | aaa_76_28 | 1.76010 × 10^295 |
| 158 | aaa_76_27 | 4.51296 × 10^295 |
| 157 | aaa_76_26 | 9.79051 × 10^295 |
| 156 | aaa_76_25 | 1.87435 × 10^296 |
| 155 | ov_155 | 5.13064 × 10^296 |
| 154 | ov_154 | 1.03745 × 10^297 |
| 153 | ov_153 | 1.83308 × 10^297 |
| 152 | ov_152 | 2.98434 × 10^297 |
| 151 | ov_151 | 4.58752 × 10^297 |
| 150 | ov_150 | 6.75087 × 10^297 |
| 149 | ov_149 | 9.59454 × 10^297 |
| 148 | ov_148 | 1.32506 × 10^298 |
| 147 | ov_147 | 1.78634 × 10^298 |
| 146 | ov_146 | 2.35890 × 10^298 |
| 145 | ov_145 | 3.05958 × 10^298 |
| 144 | ov_144 | 3.90646 × 10^298 |
| 143 | ov_143 | 4.91885 × 10^298 |
| 142 | ov_142 | 6.11732 × 10^298 |
| 141 | ov_141 | 7.52375 × 10^298 |
| 140 | ov_140 | 9.16133 × 10^298 |
| 139 | ov_139 | 1.10546 × 10^299 |
| 138 | ov_138 | 1.32296 × 10^299 |
| 137 | ov_137 | 1.57137 × 10^299 |
| 136 | ov_136 | 1.85360 × 10^299 |
| 135 | ov_135 | 2.17271 × 10^299 |
| 134 | ov_134 | 2.53193 × 10^299 |
| 133 | ov_133 | 2.93468 × 10^299 |
| 132 | ov_132 | 3.38458 × 10^299 |
| 131 | ov_131 | 3.88546 × 10^299 |
| 130 | ov_130 | 3.88547 × 10^299 |
| 129 | ov_129 | 3.88548 × 10^299 |
| 128 | aaa_77_29 | 6.74658 × 10^299 |
| 127 | aaa_77_28 | 2.21420 × 10^300 |
| 126 | ov_126 | 7.89147 × 10^300 |
| 125 | ov_125 | 2.02078 × 10^301 |
| 124 | ov_124 | 4.37871 × 10^301 |
| 123 | ov_123 | 8.47510 × 10^301 |
| 122 | ov_122 | 1.50719 × 10^302 |
| 121 | ov_121 | 2.50808 × 10^302 |
| 120 | ov_120 | 3.95636 × 10^302 |
| 119 | ov_119 | 5.97315 × 10^302 |
| 118 | ov_118 | 8.69462 × 10^302 |
| 117 | ov_117 | 1.22719 × 10^303 |
| 116 | ov_116 | 1.68713 × 10^303 |
| 115 | ov_115 | 2.26741 × 10^303 |
| 114 | ov_114 | 2.98769 × 10^303 |
| 113 | ov_113 | 3.86914 × 10^303 |
| 112 | ov_112 | 4.93451 × 10^303 |
| 111 | ov_111 | 6.20809 × 10^303 |
| 110 | ov_110 | 7.71575 × 10^303 |
| 109 | ov_109 | 9.48503 × 10^303 |
| 108 | ov_108 | 1.15451 × 10^304 |
| 107 | ov_107 | 1.39268 × 10^304 |
| 106 | ov_106 | 1.66629 × 10^304 |
| 105 | ov_105 | 1.97880 × 10^304 |
| 104 | ov_104 | 2.33384 × 10^304 |
| 103 | ov_103 | 2.73527 × 10^304 |
| 102 | ov_102 | 3.18717 × 10^304 |
| 101 | ov_101 | 3.69383 × 10^304 |
| 100 | ov_100 | 4.25981 × 10^304 |
| 99 | ov_099 | 4.88991 × 10^304 |
| 98 | ov_098 | 4.88991 × 10^304 |
| 97 | ov_097 | 4.88992 × 10^304 |
| 96 | aaa_78_29 | 8.48715 × 10^304 |
| 95 | aaa_78_28 | 2.78544 × 10^305 |
| 94 | ov_094 | 9.92742 × 10^305 |
| 93 | ov_093 | 2.54213 × 10^306 |
| 92 | ov_092 | 5.50839 × 10^306 |
| 91 | ov_091 | 1.06616 × 10^307 |
| 90 | ov_090 | 1.89603 × 10^307 |
| 89 | ov_089 | 3.15515 × 10^307 |
| 88 | ov_088 | 4.97707 × 10^307 |
| 87 | ov_087 | 7.51418 × 10^307 |
| 86 | ov_086 | 1.09377 × 10^308 |
| 85 | ov_085 | 1.54380 × 10^308 |
| 84 | ov_084 | 2.12240 × 10^308 |
| 83 | ov_083 | 2.85239 × 10^308 |
| 82 | ov_082 | 3.75849 × 10^308 |
| 81 | ov_081 | 4.86736 × 10^308 |
| 64 | lv_79_m31 | 5.05001 × 10^308 |
| 80 | ov_080 | 6.20758 × 10^308 |
| 79 | ov_079 | 7.80973 × 10^308 |
| 78 | ov_078 | 9.70636 × 10^308 |
| 77 | ov_077 | 1.19321 × 10^309 |
| 76 | ov_076 | 1.45236 × 10^309 |
| 75 | ov_075 | 1.75198 × 10^309 |
| 74 | ov_074 | 2.09619 × 10^309 |
| 73 | ov_073 | 2.48931 × 10^309 |
| 63 | ov_063 | 2.58848 × 10^309 |
| 72 | ov_072 | 2.93595 × 10^309 |
| 71 | ov_071 | 3.44096 × 10^309 |
| 70 | ov_070 | 4.00944 × 10^309 |
| 69 | ov_069 | 4.64681 × 10^309 |
| 68 | ov_068 | 5.35880 × 10^309 |
| 67 | ov_067 | 6.15147 × 10^309 |
| 66 | ov_066 | 6.15147 × 10^309 |
| 65 | ov_065 | 6.15149 × 10^309 |
| 62 | ov_062 | 1.32652 × 10^310 |
| 61 | ov_061 | 4.83060 × 10^310 |
| 60 | ov_060 | 1.38151 × 10^311 |
| 59 | ov_059 | 3.33064 × 10^311 |
| 58 | ov_058 | 7.06217 × 10^311 |
| 57 | ov_057 | 1.35448 × 10^312 |
| 56 | ov_056 | 2.39846 × 10^312 |
| 55 | ov_055 | 3.98242 × 10^312 |
| 54 | ov_054 | 6.27438 × 10^312 |
| 53 | ov_053 | 9.46605 × 10^312 |
| 52 | ov_052 | 1.37729 × 10^313 |
| 51 | ov_051 | 1.94341 × 10^313 |
| 50 | ov_050 | 2.67129 × 10^313 |
| 49 | ov_049 | 3.58961 × 10^313 |
| 48 | ov_048 | 4.72948 × 10^313 |
| 47 | ov_047 | 6.12443 × 10^313 |
| 32 | lv_80_m31 | 6.35288 × 10^313 |
| 46 | ov_046 | 7.81042 × 10^313 |
| 45 | ov_045 | 9.82591 × 10^313 |
| 44 | ov_044 | 1.22118 × 10^314 |
| 43 | ov_043 | 1.50118 × 10^314 |
| 42 | ov_042 | 1.82719 × 10^314 |
| 41 | ov_041 | 2.20412 × 10^314 |
| 40 | ov_040 | 2.63712 × 10^314 |
| 39 | ov_039 | 3.13167 × 10^314 |
| 31 | ov_031 | 3.25630 × 10^314 |
| 38 | ov_038 | 3.69354 × 10^314 |
| 37 | ov_037 | 4.32883 × 10^314 |
| 36 | ov_036 | 5.04398 × 10^314 |
| 35 | ov_035 | 5.84579 × 10^314 |
| 34 | ov_034 | 6.74147 × 10^314 |
| 33 | ov_033 | 7.73864 × 10^314 |
| 30 | ov_030 | 1.66876 × 10^315 |
| 29 | ov_029 | 6.07686 × 10^315 |
| 28 | ov_028 | 1.73793 × 10^316 |
| 27 | ov_027 | 4.18992 × 10^316 |
| 26 | ov_026 | 8.88416 × 10^316 |
| 25 | ov_025 | 1.70393 × 10^317 |
| 24 | ov_024 | 3.01724 × 10^317 |
| 23 | ov_023 | 5.00986 × 10^317 |
| 22 | ov_022 | 7.89313 × 10^317 |
| 21 | ov_021 | 1.19082 × 10^318 |
| 20 | ov_020 | 1.73262 × 10^318 |
| 19 | ov_019 | 2.44480 × 10^318 |
| 18 | ov_018 | 3.36046 × 10^318 |
| 17 | ov_017 | 4.51570 × 10^318 |
| 16 | ov_016 | 5.94965 × 10^318 |
| 15 | ov_015 | 7.70449 × 10^318 |
| 14 | ov_014 | 9.82545 × 10^318 |
| 13 | ov_013 | 1.23609 × 10^319 |
| 12 | ov_012 | 1.53624 × 10^319 |
| 11 | ov_011 | 1.88847 × 10^319 |
| 10 | ov_010 | 2.29860 × 10^319 |
| 9 | ov_009 | 2.77276 × 10^319 |
| 8 | ov_008 | 3.31748 × 10^319 |
| 7 | ov_007 | 3.93962 × 10^319 |
| 6 | ov_006 | 4.64645 × 10^319 |
| 5 | ov_005 | 5.44564 × 10^319 |
| 4 | ov_004 | 6.34529 × 10^319 |
| 3 | ov_003 | 7.35397 × 10^319 |
| 2 | ov_002 | 8.48072 × 10^319 |
| 1 | ov_001 | 9.73515 × 10^319 |

