# Results for T001-T002-F003-F004-F005-T006-T007-F008-T009-F010-F011-T012-F013-F014-F015-T016-F017-F018-F019-F020-T021-F022-F023-T024-F025-T026-F027-T028-T029-F030-F031-F032-F033-F034-T035-F036-T037-T038-F039-F040-T041-T042-T043-F044-F045-F046-F047-F048-F049-F050-F051-F052-F053-F054-F055-F056-T057-F058-T059-F060-F061-T062-T063-T064-F065-T066-T067-T068-T069-T070-F071-T072-T073-T074-T075-T076-T077-T078-F079-F080-F081-F082-F083-F084-F085-F086-F087-T088-T089-F090-T091-F092-F093-F094-F095-T096-T097-F098-T099-F100-T101-F102-F103-T104-T105-T106-T107-F108-T109-T110-T111-T112-T113-T114-T115-T116-F117-T118-F119-T120-T121-F122-F123-F124-F125-T126-F127-F128-F129-T130-F131-F132-T133-F134-T135-T136-F137-F138-T139-T140-F141-T142-F143-T144-T145-T146-F147-F148-T149-T150-T151-F152-T153-T154-F155-F156-F157-T158-F159-T160-F161-F162-F163-T164-F165-T166-T167-F168-T169-F170-T171-T172-F173-F174-T175-F176-T177-T178-T179-T180-T181-F182-T183-T184-T185-F186-T187-F188-F189-T190-F191-T192-T193-F194-F195-F196-T197-F198-F199-T200-F201-T202-F203-F204-F205-F206-T207-F208-F209-F210-F211-T212-F213-T214-T215-T216-F217-T218-T219-F220-F221-F222-F223-F224-T225-F226-T227-T228-T229-T230-F231-F232-F233-F234-F235-T236-T237-T238-T239-T240-F241-T242-F243-F244-T245-T246-T247-T248-F249-T250-F251-T252-F253-T254-F255-F256-T257-F258-F259-F260-T261-F262-F263-T264-F265-F266-F267-T268-T269-F270-T271-F272-T273-F274-F275-F276-T277-F278-F279-T280-F281-F282-F283-T284-F285-T286-T287-F288-T289-T290-T291-F292-F293-T294-T295-F296-T297-F298-T299-T300-T301-T302-T303-F304-F305-F306-F307-F308-T309-T310-F311-T312-F313-T314-T315-F316-T317-F318-T319-F320-F321-F322-T323-F324-F325-F326-F327-F328-F329-T330-F331-F332-T333-T334-T335-F336-F337-T338-F339-T340-F341-F342-T343-T344-F345-T346-F347-T348-F349-F350-T351-T352-F353-T354-F355-F356-T357-F358-F359-F360-F361-T362-T363-T364-T365-T366-T367-F368-F369-T370-F371-F372-T373-F374-T375-T376-F377-T378-F379-F380-T381-F382-F383-F384-T385-F386-T387-F388-T389-F390-F391-F392-F393-T394-F395-T396-T397-T398-T399-T400-T401-T402-T403-F404-T405-F406-F407-F408-F409-F410-F411-T412-T413-F414-T415-F416-T417-T418-T419-T420-F421-F422-T423-F424-F425-T426-F427-F428-T429-F430-F431-T432-F433-T434-T435-T436-F437-F438-F439-F440-F441-T442-T443-T444-F445-F446-F447-F448-F449-F450-T451-F452-T453-T454-F456-T457-T458-F459-F460-F461-T462-F463-F464-F465-T466-F467-T468-F469-F470-F471-F472-F473-T474-T475-T476-F477-F478-F479-F480-F484-F487-T489-T491-F494-F496-T497-F500-F503-T504-T505-T507-T509-F511-T512

## Summary

Number of input bits: 512  
Number of free input bits: 18  
Number of output bits: 160

Number of assignments: 19224  
Number of operations: 45253
(xor: 18892,
and: 13527,
or: 12834)

Total complexity: 4.81284 × 10^320

Least complex input bit: iv_488 (1.28995 × 10^318)  
Most complex input bit: iv_483 (8.20908 × 10^319)

Least complex output bit: aaa_76_29 (4.10604 × 10^294)  
Most complex output bit: ov_001 (7.45351 × 10^319)

Least complex input/output complexity: iv_488/aaa_76_29 (1.10051 × 10^292)  
Most complex input/output complexity: iv_483/ov_001 (1.27131 × 10^319)

## Input Bits

| Input Bit | Complexity | Occurrences |
|:---------:|:----------:|:-----------:|
| iv_455 | 7.87182 × 10^319 | 47 |
| iv_481 | 2.03086 × 10^319 | 81 |
| iv_482 | 7.87154 × 10^319 | 75 |
| iv_483 | 8.20908 × 10^319 | 69 |
| iv_485 | 3.75129 × 10^319 | 68 |
| iv_486 | 3.76083 × 10^319 | 71 |
| iv_488 | 1.28995 × 10^318 | 79 |
| iv_490 | 4.57202 × 10^318 | 69 |
| iv_492 | 1.06039 × 10^319 | 84 |
| iv_493 | 1.89912 × 10^319 | 79 |
| iv_495 | 5.33185 × 10^318 | 85 |
| iv_498 | 1.71771 × 10^319 | 108 |
| iv_499 | 1.46898 × 10^319 | 98 |
| iv_501 | 4.89188 × 10^318 | 109 |
| iv_502 | 5.20195 × 10^318 | 103 |
| iv_506 | 5.03906 × 10^318 | 115 |
| iv_508 | 2.77758 × 10^319 | 108 |
| iv_510 | 3.07651 × 10^319 | 119 |

## Input Bits Sorted by Complexity

| Input Bit | Complexity | Occurrences |
|:---------:|:----------:|:-----------:|
| iv_488 | 1.28995 × 10^318 | 79 |
| iv_490 | 4.57202 × 10^318 | 69 |
| iv_501 | 4.89188 × 10^318 | 109 |
| iv_506 | 5.03906 × 10^318 | 115 |
| iv_502 | 5.20195 × 10^318 | 103 |
| iv_495 | 5.33185 × 10^318 | 85 |
| iv_492 | 1.06039 × 10^319 | 84 |
| iv_499 | 1.46898 × 10^319 | 98 |
| iv_498 | 1.71771 × 10^319 | 108 |
| iv_493 | 1.89912 × 10^319 | 79 |
| iv_481 | 2.03086 × 10^319 | 81 |
| iv_508 | 2.77758 × 10^319 | 108 |
| iv_510 | 3.07651 × 10^319 | 119 |
| iv_485 | 3.75129 × 10^319 | 68 |
| iv_486 | 3.76083 × 10^319 | 71 |
| iv_482 | 7.87154 × 10^319 | 75 |
| iv_455 | 7.87182 × 10^319 | 47 |
| iv_483 | 8.20908 × 10^319 | 69 |

## Input Bits Sorted by Occurrences

| Input Bit | Complexity | Occurrences |
|:---------:|:----------:|:-----------:|
| iv_455 | 7.87182 × 10^319 | 47 |
| iv_485 | 3.75129 × 10^319 | 68 |
| iv_483 | 8.20908 × 10^319 | 69 |
| iv_490 | 4.57202 × 10^318 | 69 |
| iv_486 | 3.76083 × 10^319 | 71 |
| iv_482 | 7.87154 × 10^319 | 75 |
| iv_493 | 1.89912 × 10^319 | 79 |
| iv_488 | 1.28995 × 10^318 | 79 |
| iv_481 | 2.03086 × 10^319 | 81 |
| iv_492 | 1.06039 × 10^319 | 84 |
| iv_495 | 5.33185 × 10^318 | 85 |
| iv_499 | 1.46898 × 10^319 | 98 |
| iv_502 | 5.20195 × 10^318 | 103 |
| iv_498 | 1.71771 × 10^319 | 108 |
| iv_508 | 2.77758 × 10^319 | 108 |
| iv_501 | 4.89188 × 10^318 | 109 |
| iv_506 | 5.03906 × 10^318 | 115 |
| iv_510 | 3.07651 × 10^319 | 119 |

## Output Bits

| Rank | Output Bit | Complexity |
|:----:|:----------:|:----------:|
| 1 | ov_001 | 7.45351 × 10^319 |
| 2 | ov_002 | 6.49309 × 10^319 |
| 3 | ov_003 | 5.63041 × 10^319 |
| 4 | ov_004 | 4.85814 × 10^319 |
| 5 | ov_005 | 4.16934 × 10^319 |
| 6 | ov_006 | 3.55746 × 10^319 |
| 7 | ov_007 | 3.01629 × 10^319 |
| 8 | ov_008 | 2.53996 × 10^319 |
| 9 | ov_009 | 2.12291 × 10^319 |
| 10 | ov_010 | 1.75987 × 10^319 |
| 11 | ov_011 | 1.44587 × 10^319 |
| 12 | ov_012 | 1.17619 × 10^319 |
| 13 | ov_013 | 9.46388 × 10^318 |
| 14 | ov_014 | 7.52265 × 10^318 |
| 15 | ov_015 | 5.89878 × 10^318 |
| 16 | ov_016 | 4.55523 × 10^318 |
| 17 | ov_017 | 3.45735 × 10^318 |
| 18 | ov_018 | 2.57286 × 10^318 |
| 19 | ov_019 | 1.87181 × 10^318 |
| 20 | ov_020 | 1.32654 × 10^318 |
| 21 | ov_021 | 9.11728 × 10^317 |
| 22 | ov_022 | 6.04321 × 10^317 |
| 23 | ov_023 | 3.83569 × 10^317 |
| 24 | ov_024 | 2.31009 × 10^317 |
| 25 | ov_025 | 1.30458 × 10^317 |
| 26 | ov_026 | 6.80197 × 10^316 |
| 27 | ov_027 | 3.20792 × 10^316 |
| 28 | ov_028 | 1.33061 × 10^316 |
| 29 | ov_029 | 4.65262 × 10^315 |
| 30 | ov_030 | 1.27765 × 10^315 |
| 31 | ov_031 | 2.49311 × 10^314 |
| 32 | lv_80_m31 | 4.86395 × 10^313 |
| 33 | ov_033 | 5.92492 × 10^314 |
| 34 | ov_034 | 5.16146 × 10^314 |
| 35 | ov_035 | 4.47571 × 10^314 |
| 36 | ov_036 | 3.86182 × 10^314 |
| 37 | ov_037 | 3.31428 × 10^314 |
| 38 | ov_038 | 2.82788 × 10^314 |
| 39 | ov_039 | 2.39770 × 10^314 |
| 40 | ov_040 | 2.01906 × 10^314 |
| 41 | ov_041 | 1.68753 × 10^314 |
| 42 | ov_042 | 1.39895 × 10^314 |
| 43 | ov_043 | 1.14934 × 10^314 |
| 44 | ov_044 | 9.34975 × 10^313 |
| 45 | ov_045 | 7.52300 × 10^313 |
| 46 | ov_046 | 5.97988 × 10^313 |
| 47 | ov_047 | 4.68904 × 10^313 |
| 48 | ov_048 | 3.62103 × 10^313 |
| 49 | ov_049 | 2.74831 × 10^313 |
| 50 | ov_050 | 2.04521 × 10^313 |
| 51 | ov_051 | 1.48793 × 10^313 |
| 52 | ov_052 | 1.05449 × 10^313 |
| 53 | ov_053 | 7.24748 × 10^312 |
| 54 | ov_054 | 4.80385 × 10^312 |
| 55 | ov_055 | 3.04906 × 10^312 |
| 56 | ov_056 | 1.83633 × 10^312 |
| 57 | ov_057 | 1.03703 × 10^312 |
| 58 | ov_058 | 5.40700 × 10^311 |
| 59 | ov_059 | 2.55003 × 10^311 |
| 60 | ov_060 | 1.05772 × 10^311 |
| 61 | ov_061 | 3.69844 × 10^310 |
| 62 | ov_062 | 1.01562 × 10^310 |
| 63 | ov_063 | 1.98182 × 10^309 |
| 64 | lv_79_m31 | 3.86643 × 10^308 |
| 65 | ov_065 | 4.70976 × 10^309 |
| 66 | ov_066 | 4.70974 × 10^309 |
| 67 | ov_067 | 4.70974 × 10^309 |
| 68 | ov_068 | 4.10286 × 10^309 |
| 69 | ov_069 | 3.55773 × 10^309 |
| 70 | ov_070 | 3.06974 × 10^309 |
| 71 | ov_071 | 2.63449 × 10^309 |
| 72 | ov_072 | 2.24785 × 10^309 |
| 73 | ov_073 | 1.90589 × 10^309 |
| 74 | ov_074 | 1.60490 × 10^309 |
| 75 | ov_075 | 1.34137 × 10^309 |
| 76 | ov_076 | 1.11197 × 10^309 |
| 77 | ov_077 | 9.13556 × 10^308 |
| 78 | ov_078 | 7.43147 × 10^308 |
| 79 | ov_079 | 5.97935 × 10^308 |
| 80 | ov_080 | 4.75270 × 10^308 |
| 81 | ov_081 | 3.72659 × 10^308 |
| 82 | ov_082 | 2.87761 × 10^308 |
| 83 | ov_083 | 2.18387 × 10^308 |
| 84 | ov_084 | 1.62497 × 10^308 |
| 85 | ov_085 | 1.18197 × 10^308 |
| 86 | ov_086 | 8.37427 × 10^307 |
| 87 | ov_087 | 5.75307 × 10^307 |
| 88 | ov_088 | 3.81059 × 10^307 |
| 89 | ov_089 | 2.41567 × 10^307 |
| 90 | ov_090 | 1.45165 × 10^307 |
| 91 | ov_091 | 8.16284 × 10^306 |
| 92 | ov_092 | 4.21738 × 10^306 |
| 93 | ov_093 | 1.94633 × 10^306 |
| 94 | ov_094 | 7.60072 × 10^305 |
| 95 | aaa_78_28 | 2.13262 × 10^305 |
| 96 | aaa_78_29 | 6.49801 × 10^304 |
| 97 | ov_097 | 3.74387 × 10^304 |
| 98 | ov_098 | 3.74386 × 10^304 |
| 99 | ov_099 | 3.74385 × 10^304 |
| 100 | ov_100 | 3.26143 × 10^304 |
| 101 | ov_101 | 2.82810 × 10^304 |
| 102 | ov_102 | 2.44019 × 10^304 |
| 103 | ov_103 | 2.09420 × 10^304 |
| 104 | ov_104 | 1.78685 × 10^304 |
| 105 | ov_105 | 1.51502 × 10^304 |
| 106 | ov_106 | 1.27576 × 10^304 |
| 107 | ov_107 | 1.06628 × 10^304 |
| 108 | ov_108 | 8.83926 × 10^303 |
| 109 | ov_109 | 7.26201 × 10^303 |
| 110 | ov_110 | 5.90740 × 10^303 |
| 111 | ov_111 | 4.75309 × 10^303 |
| 112 | ov_112 | 3.77800 × 10^303 |
| 113 | ov_113 | 2.96233 × 10^303 |
| 114 | ov_114 | 2.28746 × 10^303 |
| 115 | ov_115 | 1.73599 × 10^303 |
| 116 | ov_116 | 1.29171 × 10^303 |
| 117 | ov_117 | 9.39575 × 10^302 |
| 118 | ov_118 | 6.65685 × 10^302 |
| 119 | ov_119 | 4.57322 × 10^302 |
| 120 | ov_120 | 3.02910 × 10^302 |
| 121 | ov_121 | 1.92026 × 10^302 |
| 122 | ov_122 | 1.15394 × 10^302 |
| 123 | ov_123 | 6.48878 × 10^301 |
| 124 | ov_124 | 3.35247 × 10^301 |
| 125 | ov_125 | 1.54717 × 10^301 |
| 126 | ov_126 | 6.04194 × 10^300 |
| 127 | aaa_77_28 | 1.69525 × 10^300 |
| 128 | aaa_77_29 | 5.16538 × 10^299 |
| 129 | ov_129 | 2.97483 × 10^299 |
| 130 | ov_130 | 2.97482 × 10^299 |
| 131 | ov_131 | 2.97482 × 10^299 |
| 132 | ov_132 | 2.59134 × 10^299 |
| 133 | ov_133 | 2.24688 × 10^299 |
| 134 | ov_134 | 1.93852 × 10^299 |
| 135 | ov_135 | 1.66349 × 10^299 |
| 136 | ov_136 | 1.41917 × 10^299 |
| 137 | ov_137 | 1.20309 × 10^299 |
| 138 | ov_138 | 1.01289 × 10^299 |
| 139 | ov_139 | 8.46374 × 10^298 |
| 140 | ov_140 | 7.01418 × 10^298 |
| 141 | ov_141 | 5.76040 × 10^298 |
| 142 | ov_142 | 4.68360 × 10^298 |
| 143 | ov_143 | 3.76601 × 10^298 |
| 144 | ov_144 | 2.99090 × 10^298 |
| 145 | ov_145 | 2.34251 × 10^298 |
| 146 | ov_146 | 1.80604 × 10^298 |
| 147 | ov_147 | 1.36767 × 10^298 |
| 148 | ov_148 | 1.01451 × 10^298 |
| 149 | ov_149 | 7.34585 × 10^297 |
| 150 | ov_150 | 5.16866 × 10^297 |
| 151 | ov_151 | 3.51234 × 10^297 |
| 152 | ov_152 | 2.28489 × 10^297 |
| 153 | ov_153 | 1.40346 × 10^297 |
| 154 | ov_154 | 7.94306 × 10^296 |
| 155 | ov_155 | 3.92817 × 10^296 |
| 156 | aaa_76_25 | 1.43506 × 10^296 |
| 157 | aaa_76_26 | 7.49590 × 10^295 |
| 158 | aaa_76_27 | 3.45525 × 10^295 |
| 159 | aaa_76_28 | 1.34758 × 10^295 |
| 160 | aaa_76_29 | 4.10604 × 10^294 |

## Output Bits Sorted by Complexity

| Rank | Output Bit | Complexity |
|:----:|:----------:|:----------:|
| 160 | aaa_76_29 | 4.10604 × 10^294 |
| 159 | aaa_76_28 | 1.34758 × 10^295 |
| 158 | aaa_76_27 | 3.45525 × 10^295 |
| 157 | aaa_76_26 | 7.49590 × 10^295 |
| 156 | aaa_76_25 | 1.43506 × 10^296 |
| 155 | ov_155 | 3.92817 × 10^296 |
| 154 | ov_154 | 7.94306 × 10^296 |
| 153 | ov_153 | 1.40346 × 10^297 |
| 152 | ov_152 | 2.28489 × 10^297 |
| 151 | ov_151 | 3.51234 × 10^297 |
| 150 | ov_150 | 5.16866 × 10^297 |
| 149 | ov_149 | 7.34585 × 10^297 |
| 148 | ov_148 | 1.01451 × 10^298 |
| 147 | ov_147 | 1.36767 × 10^298 |
| 146 | ov_146 | 1.80604 × 10^298 |
| 145 | ov_145 | 2.34251 × 10^298 |
| 144 | ov_144 | 2.99090 × 10^298 |
| 143 | ov_143 | 3.76601 × 10^298 |
| 142 | ov_142 | 4.68360 × 10^298 |
| 141 | ov_141 | 5.76040 × 10^298 |
| 140 | ov_140 | 7.01418 × 10^298 |
| 139 | ov_139 | 8.46374 × 10^298 |
| 138 | ov_138 | 1.01289 × 10^299 |
| 137 | ov_137 | 1.20309 × 10^299 |
| 136 | ov_136 | 1.41917 × 10^299 |
| 135 | ov_135 | 1.66349 × 10^299 |
| 134 | ov_134 | 1.93852 × 10^299 |
| 133 | ov_133 | 2.24688 × 10^299 |
| 132 | ov_132 | 2.59134 × 10^299 |
| 131 | ov_131 | 2.97482 × 10^299 |
| 130 | ov_130 | 2.97482 × 10^299 |
| 129 | ov_129 | 2.97483 × 10^299 |
| 128 | aaa_77_29 | 5.16538 × 10^299 |
| 127 | aaa_77_28 | 1.69525 × 10^300 |
| 126 | ov_126 | 6.04194 × 10^300 |
| 125 | ov_125 | 1.54717 × 10^301 |
| 124 | ov_124 | 3.35247 × 10^301 |
| 123 | ov_123 | 6.48878 × 10^301 |
| 122 | ov_122 | 1.15394 × 10^302 |
| 121 | ov_121 | 1.92026 × 10^302 |
| 120 | ov_120 | 3.02910 × 10^302 |
| 119 | ov_119 | 4.57322 × 10^302 |
| 118 | ov_118 | 6.65685 × 10^302 |
| 117 | ov_117 | 9.39575 × 10^302 |
| 116 | ov_116 | 1.29171 × 10^303 |
| 115 | ov_115 | 1.73599 × 10^303 |
| 114 | ov_114 | 2.28746 × 10^303 |
| 113 | ov_113 | 2.96233 × 10^303 |
| 112 | ov_112 | 3.77800 × 10^303 |
| 111 | ov_111 | 4.75309 × 10^303 |
| 110 | ov_110 | 5.90740 × 10^303 |
| 109 | ov_109 | 7.26201 × 10^303 |
| 108 | ov_108 | 8.83926 × 10^303 |
| 107 | ov_107 | 1.06628 × 10^304 |
| 106 | ov_106 | 1.27576 × 10^304 |
| 105 | ov_105 | 1.51502 × 10^304 |
| 104 | ov_104 | 1.78685 × 10^304 |
| 103 | ov_103 | 2.09420 × 10^304 |
| 102 | ov_102 | 2.44019 × 10^304 |
| 101 | ov_101 | 2.82810 × 10^304 |
| 100 | ov_100 | 3.26143 × 10^304 |
| 99 | ov_099 | 3.74385 × 10^304 |
| 98 | ov_098 | 3.74386 × 10^304 |
| 97 | ov_097 | 3.74387 × 10^304 |
| 96 | aaa_78_29 | 6.49801 × 10^304 |
| 95 | aaa_78_28 | 2.13262 × 10^305 |
| 94 | ov_094 | 7.60072 × 10^305 |
| 93 | ov_093 | 1.94633 × 10^306 |
| 92 | ov_092 | 4.21738 × 10^306 |
| 91 | ov_091 | 8.16284 × 10^306 |
| 90 | ov_090 | 1.45165 × 10^307 |
| 89 | ov_089 | 2.41567 × 10^307 |
| 88 | ov_088 | 3.81059 × 10^307 |
| 87 | ov_087 | 5.75307 × 10^307 |
| 86 | ov_086 | 8.37427 × 10^307 |
| 85 | ov_085 | 1.18197 × 10^308 |
| 84 | ov_084 | 1.62497 × 10^308 |
| 83 | ov_083 | 2.18387 × 10^308 |
| 82 | ov_082 | 2.87761 × 10^308 |
| 81 | ov_081 | 3.72659 × 10^308 |
| 64 | lv_79_m31 | 3.86643 × 10^308 |
| 80 | ov_080 | 4.75270 × 10^308 |
| 79 | ov_079 | 5.97935 × 10^308 |
| 78 | ov_078 | 7.43147 × 10^308 |
| 77 | ov_077 | 9.13556 × 10^308 |
| 76 | ov_076 | 1.11197 × 10^309 |
| 75 | ov_075 | 1.34137 × 10^309 |
| 74 | ov_074 | 1.60490 × 10^309 |
| 73 | ov_073 | 1.90589 × 10^309 |
| 63 | ov_063 | 1.98182 × 10^309 |
| 72 | ov_072 | 2.24785 × 10^309 |
| 71 | ov_071 | 2.63449 × 10^309 |
| 70 | ov_070 | 3.06974 × 10^309 |
| 69 | ov_069 | 3.55773 × 10^309 |
| 68 | ov_068 | 4.10286 × 10^309 |
| 67 | ov_067 | 4.70974 × 10^309 |
| 66 | ov_066 | 4.70974 × 10^309 |
| 65 | ov_065 | 4.70976 × 10^309 |
| 62 | ov_062 | 1.01562 × 10^310 |
| 61 | ov_061 | 3.69844 × 10^310 |
| 60 | ov_060 | 1.05772 × 10^311 |
| 59 | ov_059 | 2.55003 × 10^311 |
| 58 | ov_058 | 5.40700 × 10^311 |
| 57 | ov_057 | 1.03703 × 10^312 |
| 56 | ov_056 | 1.83633 × 10^312 |
| 55 | ov_055 | 3.04906 × 10^312 |
| 54 | ov_054 | 4.80385 × 10^312 |
| 53 | ov_053 | 7.24748 × 10^312 |
| 52 | ov_052 | 1.05449 × 10^313 |
| 51 | ov_051 | 1.48793 × 10^313 |
| 50 | ov_050 | 2.04521 × 10^313 |
| 49 | ov_049 | 2.74831 × 10^313 |
| 48 | ov_048 | 3.62103 × 10^313 |
| 47 | ov_047 | 4.68904 × 10^313 |
| 32 | lv_80_m31 | 4.86395 × 10^313 |
| 46 | ov_046 | 5.97988 × 10^313 |
| 45 | ov_045 | 7.52300 × 10^313 |
| 44 | ov_044 | 9.34975 × 10^313 |
| 43 | ov_043 | 1.14934 × 10^314 |
| 42 | ov_042 | 1.39895 × 10^314 |
| 41 | ov_041 | 1.68753 × 10^314 |
| 40 | ov_040 | 2.01906 × 10^314 |
| 39 | ov_039 | 2.39770 × 10^314 |
| 31 | ov_031 | 2.49311 × 10^314 |
| 38 | ov_038 | 2.82788 × 10^314 |
| 37 | ov_037 | 3.31428 × 10^314 |
| 36 | ov_036 | 3.86182 × 10^314 |
| 35 | ov_035 | 4.47571 × 10^314 |
| 34 | ov_034 | 5.16146 × 10^314 |
| 33 | ov_033 | 5.92492 × 10^314 |
| 30 | ov_030 | 1.27765 × 10^315 |
| 29 | ov_029 | 4.65262 × 10^315 |
| 28 | ov_028 | 1.33061 × 10^316 |
| 27 | ov_027 | 3.20792 × 10^316 |
| 26 | ov_026 | 6.80197 × 10^316 |
| 25 | ov_025 | 1.30458 × 10^317 |
| 24 | ov_024 | 2.31009 × 10^317 |
| 23 | ov_023 | 3.83569 × 10^317 |
| 22 | ov_022 | 6.04321 × 10^317 |
| 21 | ov_021 | 9.11728 × 10^317 |
| 20 | ov_020 | 1.32654 × 10^318 |
| 19 | ov_019 | 1.87181 × 10^318 |
| 18 | ov_018 | 2.57286 × 10^318 |
| 17 | ov_017 | 3.45735 × 10^318 |
| 16 | ov_016 | 4.55523 × 10^318 |
| 15 | ov_015 | 5.89878 × 10^318 |
| 14 | ov_014 | 7.52265 × 10^318 |
| 13 | ov_013 | 9.46388 × 10^318 |
| 12 | ov_012 | 1.17619 × 10^319 |
| 11 | ov_011 | 1.44587 × 10^319 |
| 10 | ov_010 | 1.75987 × 10^319 |
| 9 | ov_009 | 2.12291 × 10^319 |
| 8 | ov_008 | 2.53996 × 10^319 |
| 7 | ov_007 | 3.01629 × 10^319 |
| 6 | ov_006 | 3.55746 × 10^319 |
| 5 | ov_005 | 4.16934 × 10^319 |
| 4 | ov_004 | 4.85814 × 10^319 |
| 3 | ov_003 | 5.63041 × 10^319 |
| 2 | ov_002 | 6.49309 × 10^319 |
| 1 | ov_001 | 7.45351 × 10^319 |

