# Results for T001-T002-T003-T004-T005-T006-T007-T008-T009-T010-T011-T012-T013-T014-T015-T016-T017-T018-T019-T020-T021-T022-T023-T024-T025-T026-T027-T028-T029-T030-T031-T032-T033-T034-T035-T036-T037-T038-T039-T040-T041-T042-T043-T044-T045-T046-T047-T048-T049-T050-T051-T052-T053-T054-T055-T056-T057-T058-T059-T060-T061-T062-T063-T064-T065-T066-T067-T068-T069-T070-T071-T072-T073-T074-T075-T076-T077-T078-T079-T080-T081-T082-T083-T084-T085-T086-T087-T088-T089-T090-T091-T092-T093-T094-T095-T096-T097-T098-T099-T100-T101-T102-T103-T104-T105-T106-T107-T108-T109-T110-T111-T112-T113-T114-T115-T116-T117-T118-T119-T120-T121-T122-T123-T124-T125-T126-T127-T128-T129-T130-T131-T132-T133-T134-T135-T136-T137-T138-T139-T140-T141-T142-T143-T144-T145-T146-T147-T148-T149-T150-T151-T152-T153-T154-T155-T156-T157-T158-T159-T160-T161-T162-T163-T164-T165-T166-T167-T168-T169-T170-T171-T172-T173-T174-T175-T176-T177-T178-T179-T180-T181-T182-T183-T184-T185-T186-T187-T188-T189-T190-T191-T192-T193-T194-T195-T196-T197-T198-T199-T200-T201-T202-T203-T204-T205-T206-T207-T208-T209-T210-T211-T212-T213-T214-T215-T216-T217-T218-T219-T220-T221-T222-T223-T224-T225-T226-T227-T228-T229-T230-T231-T232-T233-T234-T235-T236-T237-T238-T239-T240-T241-T242-T243-T244-T245-T246-T247-T248-T249-T250-T251-T252-T253-T254-T255-T256-T257-T258-T259-T260-T261-T262-T263-T264-T265-T266-T267-T268-T269-T270-T271-T272-T273-T274-T275-T276-T277-T278-T279-T280-T281-T282-T283-T284-T285-T286-T287-T288-T289-T290-T291-T292-T293-T294-T295-T296-T297-T298-T299-T300-T301-T302-T303-T304-T305-T306-T307-T308-T309-T310-T311-T312-T313-T314-T315-T316-T317-T318-T319-T320-T321-T322-T323-T324-T325-T326-T327-T328-T329-T330-T331-T332-T333-T334-T335-T336-T337-T338-T339-T340-T341-T342-T343-T344-T345-T346-T347-T348-T349-T350-T351-T352-T353-T354-T355-T356-T357-T358-T359-T360-T361-T362-T363-T364-T365-T366-T367-T368-T369-T370-T371-T372-T373-T374-T375-T376-T377-T378-T379-T380-T381-T382-T383-T384-T385-T386-T387-T388-T389-T390-T391-T392-T393-T394-T395-T396-T397-T398-T399-T400-T401-T402-T403-T404-T405-T406-T407-T408-T409-T410-T411-T412-T413-T414-T415-T416-T417-T418-T419-T420-T421-T422-T423-T424-T425-T426-T427-T428-T429-T430-T431-T432-T433-T434-T435-T436-T437-T438-T439-T440-T441-T442-T443-T444-T445-T446-T447-T448-T449-T450-T451-T452-T453-T454-T455-T456-T457-T458-T459-T460-T461-T462-T463-T464-T465-T466-T467-T468-T469-T470-T471-T472-T473-T474-T475-T476-T477-T478-T479-T480-T481-T482-T483-T484-T485-T486-T487-T488-T489-T490-T491-T492-T493-T494-T495-T496-T497-T498-T499-T500-T501-T502-T503-T504-T505

## Summary

Number of input bits: 512  
Number of free input bits: 7  
Number of output bits: 160

Number of direct occurrences: 30170  
Number of assignments: 31427  
Number of operations: 12566816
(xor: 12532604,
and: 16803,
or: 17409)

Total complexity: 3.418749348210744 × 10^308

Least occurring input variable: iv_508 (4191)  
Most occurring input variable: iv_506 (4433)

Most co-occurring input variables: iv_506-iv_511 (2171)  
Least co-occurring input variables: iv_508-iv_510 (1952)

Potentially most occurring input variable: iv_510/iv_512 (4611)  
Potentially least occurring input variable: iv_509/iv_510 (4364)

Least output occurring input variable: iv_510 (73)  
Most output occurring input variable: iv_512 (89)

Most output co-occurring input variables: iv_511-iv_512 (52)  
Least output co-occurring input variables: iv_507-iv_510 (35)

Potentially most output occurring input variable: iv_510/iv_512 (90)  
Potentially least output occurring input variable: iv_509/iv_510 (64)

Least complex input bit: iv_506 (6.520514230392374 × 10^306)  
Most complex input bit: iv_512 (1.0731849321647523 × 10^308)

Least complex output bit: aaa_76_29 (7.370102456018213 × 10^282)  
Most complex output bit: ov_001 (5.246956936391079 × 10^307)

Least complex input/output complexity: iv_506/aaa_76_29 (1.4056853266843846 × 10^281)  
Most complex input/output complexity: iv_512/ov_001 (1.6470804233715697 × 10^307)

Input variable with highest collision probability: iv_509 (½^160.00000000000034)

## Input Bits

### Input Bits in Regular Order

| Input Bit | Complexity | Occurrences | Output Occurrences | Collision Probability |
|:---------:|:----------:|:-----------:|:------------------:|:---------------------:|
| iv_506 | 6.520514230392374 × 10^306 | 4433 | 86 | ½^160.00000000000085 |
| iv_507 | 1.321187372373216 × 10^307 | 4277 | 74 | ½^160.0000000000007 |
| iv_508 | 2.3524779723173782 × 10^307 | 4191 | 88 | ½^160.00000000000074 |
| iv_509 | 3.882122011834003 × 10^307 | 4294 | 87 | ½^160.00000000000034 |
| iv_510 | 6.082075785670398 × 10^307 | 4280 | 73 | ½^160.0000000000008 |
| iv_511 | 9.165729595225725 × 10^307 | 4424 | 83 | ½^160.00000000000085 |
| iv_512 | 1.0731849321647523 × 10^308 | 4271 | 89 | ½^160.00000000000065 |

### Input Bits Sorted by Complexity

| Input Bit | Complexity | Occurrences | Output Occurrences | Collision Probability |
|:---------:|:----------:|:-----------:|:------------------:|:---------------------:|
| iv_506 | 6.520514230392374 × 10^306 | 4433 | 86 | ½^160.00000000000085 |
| iv_507 | 1.321187372373216 × 10^307 | 4277 | 74 | ½^160.0000000000007 |
| iv_508 | 2.3524779723173782 × 10^307 | 4191 | 88 | ½^160.00000000000074 |
| iv_509 | 3.882122011834003 × 10^307 | 4294 | 87 | ½^160.00000000000034 |
| iv_510 | 6.082075785670398 × 10^307 | 4280 | 73 | ½^160.0000000000008 |
| iv_511 | 9.165729595225725 × 10^307 | 4424 | 83 | ½^160.00000000000085 |
| iv_512 | 1.0731849321647523 × 10^308 | 4271 | 89 | ½^160.00000000000065 |

### Input Bits Sorted by Occurrences

| Input Bit | Complexity | Occurrences | Output Occurrences | Collision Probability |
|:---------:|:----------:|:-----------:|:------------------:|:---------------------:|
| iv_508 | 2.3524779723173782 × 10^307 | 4191 | 88 | ½^160.00000000000074 |
| iv_512 | 1.0731849321647523 × 10^308 | 4271 | 89 | ½^160.00000000000065 |
| iv_507 | 1.321187372373216 × 10^307 | 4277 | 74 | ½^160.0000000000007 |
| iv_510 | 6.082075785670398 × 10^307 | 4280 | 73 | ½^160.0000000000008 |
| iv_509 | 3.882122011834003 × 10^307 | 4294 | 87 | ½^160.00000000000034 |
| iv_511 | 9.165729595225725 × 10^307 | 4424 | 83 | ½^160.00000000000085 |
| iv_506 | 6.520514230392374 × 10^306 | 4433 | 86 | ½^160.00000000000085 |

### Input Bits Sorted by Output Occurrences

| Input Bit | Complexity | Occurrences | Output Occurrences | Collision Probability |
|:---------:|:----------:|:-----------:|:------------------:|:---------------------:|
| iv_510 | 6.082075785670398 × 10^307 | 4280 | 73 | ½^160.0000000000008 |
| iv_507 | 1.321187372373216 × 10^307 | 4277 | 74 | ½^160.0000000000007 |
| iv_511 | 9.165729595225725 × 10^307 | 4424 | 83 | ½^160.00000000000085 |
| iv_506 | 6.520514230392374 × 10^306 | 4433 | 86 | ½^160.00000000000085 |
| iv_509 | 3.882122011834003 × 10^307 | 4294 | 87 | ½^160.00000000000034 |
| iv_508 | 2.3524779723173782 × 10^307 | 4191 | 88 | ½^160.00000000000074 |
| iv_512 | 1.0731849321647523 × 10^308 | 4271 | 89 | ½^160.00000000000065 |

### Input Bits Sorted by Collision Probability

| Input Bit | Complexity | Occurrences | Output Occurrences | Collision Probability |
|:---------:|:----------:|:-----------:|:------------------:|:---------------------:|
| iv_509 | 3.882122011834003 × 10^307 | 4294 | 87 | ½^160.00000000000034 |
| iv_512 | 1.0731849321647523 × 10^308 | 4271 | 89 | ½^160.00000000000065 |
| iv_507 | 1.321187372373216 × 10^307 | 4277 | 74 | ½^160.0000000000007 |
| iv_508 | 2.3524779723173782 × 10^307 | 4191 | 88 | ½^160.00000000000074 |
| iv_510 | 6.082075785670398 × 10^307 | 4280 | 73 | ½^160.0000000000008 |
| iv_511 | 9.165729595225725 × 10^307 | 4424 | 83 | ½^160.00000000000085 |
| iv_506 | 6.520514230392374 × 10^306 | 4433 | 86 | ½^160.00000000000085 |

## Input Bit/Output Bit Collision Probabilities

| Input Bit | Output Bit | Collision Probability |
|:---------:|:----------:|:---------------------:|
| iv_509 | ov_003 | 0.500000000000004 |
| iv_509 | ov_152 | 0.5000000000000022 |
| iv_509 | ov_026 | 0.500000000000002 |
| iv_509 | ov_086 | 0.500000000000002 |
| iv_509 | ov_129 | 0.500000000000002 |
| iv_507 | ov_086 | 0.5000000000000018 |
| iv_509 | ov_010 | 0.5000000000000018 |

## Input Bit Co-occurrences

### Input Bit Co-occurrences Sorted by Co-occurrences

| Input Bits | Co-occurrences | Potential Occurrences | Output Co-occurrences | Potential Output Occurrences |
|:----------:|:--------------:|:---------------------:|:---------------------:|:----------------------------:|
| iv_506-iv_511 | 2171 | 4515 | 44 | 81 |
| iv_509-iv_511 | 2148 | 4422 | 45 | 80 |
| iv_506-iv_509 | 2145 | 4437 | 46 | 81 |
| iv_510-iv_511 | 2135 | 4434 | 36 | 84 |
| iv_507-iv_511 | 2123 | 4455 | 40 | 77 |
| iv_506-iv_512 | 2119 | 4466 | 46 | 83 |
| iv_509-iv_510 | 2105 | 4364 | 48 | 64 |

### Input Bit Co-occurrences Sorted by Potential Occurrences

| Input Bits | Co-occurrences | Potential Occurrences | Output Co-occurrences | Potential Output Occurrences |
|:----------:|:--------------:|:---------------------:|:---------------------:|:----------------------------:|
| iv_509-iv_510 | 2105 | 4364 | 48 | 64 |
| iv_507-iv_512 | 2064 | 4420 | 46 | 71 |
| iv_509-iv_511 | 2148 | 4422 | 45 | 80 |
| iv_510-iv_511 | 2135 | 4434 | 36 | 84 |
| iv_506-iv_509 | 2145 | 4437 | 46 | 81 |
| iv_507-iv_511 | 2123 | 4455 | 40 | 77 |
| iv_506-iv_512 | 2119 | 4466 | 46 | 83 |

### Input Bit Output Co-occurrences Sorted by Output Co-occurrences

| Input Bits | Co-occurrences | Potential Occurrences | Output Co-occurrences | Potential Output Occurrences |
|:----------:|:--------------:|:---------------------:|:---------------------:|:----------------------------:|
| iv_511-iv_512 | 2056 | 4583 | 52 | 68 |
| iv_508-iv_512 | 1953 | 4556 | 48 | 81 |
| iv_506-iv_508 | 2067 | 4490 | 48 | 78 |
| iv_509-iv_510 | 2105 | 4364 | 48 | 64 |
| iv_508-iv_509 | 1961 | 4563 | 47 | 81 |
| iv_509-iv_512 | 2035 | 4495 | 47 | 82 |
| iv_507-iv_512 | 2064 | 4420 | 46 | 71 |

### Input Bit Output Co-occurrences Sorted by Potential Output Occurrences

| Input Bits | Co-occurrences | Potential Occurrences | Output Co-occurrences | Potential Output Occurrences |
|:----------:|:--------------:|:---------------------:|:---------------------:|:----------------------------:|
| iv_509-iv_510 | 2105 | 4364 | 48 | 64 |
| iv_511-iv_512 | 2056 | 4583 | 52 | 68 |
| iv_507-iv_512 | 2064 | 4420 | 46 | 71 |
| iv_507-iv_510 | 2024 | 4509 | 35 | 77 |
| iv_507-iv_511 | 2123 | 4455 | 40 | 77 |
| iv_506-iv_508 | 2067 | 4490 | 48 | 78 |
| iv_506-iv_510 | 2075 | 4563 | 40 | 79 |

## Output Bits

### Output Bits in Regular Order

| Rank | Output Bit | Complexity |
|:----:|:----------:|:----------:|
| 1 | ov_001 | 5.246956936391079 × 10^307 |
| 2 | ov_002 | 4.5977046946074735 × 10^307 |
| 3 | ov_003 | 4.005832487245799 × 10^307 |
| 4 | ov_004 | 3.4685864842910675 × 10^307 |
| 5 | ov_005 | 2.9833664385749904 × 10^307 |
| 6 | ov_006 | 2.547714866695059 × 10^307 |
| 7 | ov_007 | 2.1593076031010272 × 10^307 |
| 8 | ov_008 | 1.815945572862087 × 10^307 |
| 9 | ov_009 | 1.5155476367852112 × 10^307 |
| 10 | ov_010 | 1.25428125753074 × 10^307 |
| 11 | ov_011 | 1.0285218563330814 × 10^307 |
| 12 | ov_012 | 8.348441621561288 × 10^306 |
| 13 | ov_013 | 6.700148613998 × 10^306 |
| 14 | ov_014 | 5.309864388604249 × 10^306 |
| 15 | ov_015 | 4.148921076135218 × 10^306 |
| 16 | ov_016 | 3.1904173238042766 × 10^306 |
| 17 | ov_017 | 2.409186488293834 × 10^306 |
| 18 | ov_018 | 1.7817726205705112 × 10^306 |
| 19 | ov_019 | 1.2864129080513353 × 10^306 |
| 20 | ov_020 | 9.03025277004199 × 10^305 |
| 21 | ov_021 | 6.131999932738796 × 10^305 |
| 22 | ov_022 | 4.00194234571884 × 10^305 |
| 23 | ov_023 | 2.4892874268239055 × 10^305 |
| 24 | ov_024 | 1.4598582943077831 × 10^305 |
| 25 | ov_025 | 7.960822810017517 × 10^304 |
| 26 | ov_026 | 3.969847448875464 × 10^304 |
| 27 | ov_027 | 1.7818607625851976 × 10^304 |
| 28 | ov_028 | 7.190043861621591 × 10^303 |
| 29 | ov_029 | 2.6935328293298894 × 10^303 |
| 30 | ov_030 | 8.13694200735572 × 10^302 |
| 31 | ov_031 | 1.0985244874754091 × 10^302 |
| 32 | lv_80_k31 | 3.50447745513948 × 10^301 |
| 33 | ov_033 | 4.312972369800829 × 10^302 |
| 34 | ov_034 | 3.7584618175916474 × 10^302 |
| 35 | ov_035 | 3.2589481829507844 × 10^302 |
| 36 | ov_036 | 2.8116775881995807 × 10^302 |
| 37 | ov_037 | 2.41404859184175 × 10^302 |
| 38 | ov_038 | 2.0636008462966147 × 10^302 |
| 39 | ov_039 | 1.755798817033446 × 10^302 |
| 40 | ov_040 | 1.4863450680984612 × 10^302 |
| 41 | ov_041 | 1.251166735870526 × 10^302 |
| 42 | ov_042 | 1.04640407582264 × 10^302 |
| 43 | ov_043 | 8.68400860895334 × 10^301 |
| 44 | ov_044 | 7.136964229290717 × 10^301 |
| 45 | ov_045 | 5.790191411515148 × 10^301 |
| 46 | ov_046 | 4.6277973759405005 × 10^301 |
| 47 | ov_047 | 3.634796686956436 × 10^301 |
| 48 | ov_048 | 2.797092994054424 × 10^301 |
| 49 | ov_049 | 2.1014650502803349 × 10^301 |
| 50 | ov_050 | 1.5355562995355476 × 10^301 |
| 51 | ov_051 | 1.0878673831512659 × 10^301 |
| 52 | ov_052 | 7.477509749680563 × 10^300 |
| 53 | ov_053 | 4.964563691525382 × 10^300 |
| 54 | ov_054 | 3.1692495930701544 × 10^300 |
| 55 | ov_055 | 1.9378851519755253 × 10^300 |
| 56 | ov_056 | 1.1336829135516341 × 10^300 |
| 57 | ov_057 | 6.367454709837925 × 10^299 |
| 58 | ov_058 | 3.440627404540073 × 10^299 |
| 59 | ov_059 | 1.695104969895651 × 10^299 |
| 60 | ov_060 | 7.424797210080451 × 10^298 |
| 61 | ov_061 | 2.787688787864907 × 10^298 |
| 62 | ov_062 | 8.441394111892434 × 10^297 |
| 63 | ov_063 | 1.140715964661197 × 10^297 |
| 64 | lv_79_m31 | 3.6544097615340954 × 10^296 |
| 65 | ov_065 | 4.306532563222828 × 10^297 |
| 66 | ov_066 | 4.306522813728805 × 10^297 |
| 67 | ov_067 | 4.306519694366276 × 10^297 |
| 68 | ov_068 | 3.7500653422665187 × 10^297 |
| 69 | ov_069 | 3.244854420179734 × 10^297 |
| 70 | ov_070 | 2.788472061346907 × 10^297 |
| 71 | ov_071 | 2.378638049132698 × 10^297 |
| 72 | ov_072 | 2.0131970729305888 × 10^297 |
| 73 | ov_073 | 1.6901101946543678 × 10^297 |
| 74 | ov_074 | 1.4074474192539474 × 10^297 |
| 75 | ov_075 | 1.1616507879847323 × 10^297 |
| 76 | ov_076 | 9.493516368038477 × 10^296 |
| 77 | ov_077 | 7.673619260313198 × 10^296 |
| 78 | ov_078 | 6.126669541749164 × 10^296 |
| 79 | ov_079 | 4.824193001791675 × 10^296 |
| 80 | ov_080 | 3.739338478947356 × 10^296 |
| 81 | ov_081 | 2.8468375594920048 × 10^296 |
| 82 | ov_082 | 2.1229724547055285 × 10^296 |
| 83 | ov_083 | 1.5455508729996042 × 10^296 |
| 84 | ov_084 | 1.0938867945469228 × 10^296 |
| 85 | ov_085 | 7.487861468435061 × 10^295 |
| 86 | ov_086 | 4.925364701811045 × 10^295 |
| 87 | ov_087 | 3.0889975237931734 × 10^295 |
| 88 | ov_088 | 1.8310770239784877 × 10^295 |
| 89 | ov_089 | 1.0185882266318899 × 10^295 |
| 90 | ov_090 | 5.3316730127647 × 10^294 |
| 91 | ov_091 | 2.7109266247323087 × 10^294 |
| 92 | ov_092 | 1.4328045001419501 × 10^294 |
| 93 | ov_093 | 7.528225447497435 × 10^293 |
| 94 | ov_094 | 3.3532546122362152 × 10^293 |
| 95 | aaa_78_28 | 1.0714380439130142 × 10^293 |
| 96 | aaa_78_29 | 4.020533052720509 × 10^292 |
| 97 | ov_097 | 3.789778667414669 × 10^292 |
| 98 | ov_098 | 3.789763458353545 × 10^292 |
| 99 | ov_099 | 3.7897585877293494 × 10^292 |
| 100 | ov_100 | 3.3005964919799686 × 10^292 |
| 101 | ov_101 | 2.8611060099972944 × 10^292 |
| 102 | ov_102 | 2.4675749574870944 × 10^292 |
| 103 | ov_103 | 2.116498061212366 × 10^292 |
| 104 | ov_104 | 1.8045618082470673 × 10^292 |
| 105 | ov_105 | 1.5286312091740723 × 10^292 |
| 106 | ov_106 | 1.2857383035804567 × 10^292 |
| 107 | ov_107 | 1.0730722455273569 × 10^292 |
| 108 | ov_108 | 8.879708155784043 × 10^291 |
| 109 | ov_109 | 7.279132145331823 × 10^291 |
| 110 | ov_110 | 5.905140022943359 × 10^291 |
| 111 | ov_111 | 4.735180533546119 × 10^291 |
| 112 | ov_112 | 3.747964082710612 × 10^291 |
| 113 | ov_113 | 2.9234290823845956 × 10^291 |
| 114 | ov_114 | 2.24271507516642 × 10^291 |
| 115 | ov_115 | 1.6881416603450183 × 10^291 |
| 116 | ov_116 | 1.2431923200918973 × 10^291 |
| 117 | ov_117 | 8.92502319001644 × 10^290 |
| 118 | ov_118 | 6.218499247713281 × 10^290 |
| 119 | ov_119 | 4.18150272275424 × 10^290 |
| 120 | ov_120 | 2.694512676908923 × 10^290 |
| 121 | ov_121 | 1.6493100369106656 × 10^290 |
| 122 | ov_122 | 9.489623107448845 × 10^289 |
| 123 | ov_123 | 5.078150653421191 × 10^289 |
| 124 | ov_124 | 2.5148734915218333 × 10^289 |
| 125 | ov_125 | 1.1686937963138 × 10^289 |
| 126 | ov_126 | 5.212150902755389 × 10^288 |
| 127 | aaa_77_28 | 1.667386729772107 × 10^288 |
| 128 | aaa_77_29 | 6.265540617087153 × 10^287 |
| 129 | ov_129 | 5.831264427056564 × 10^287 |
| 130 | ov_130 | 5.831247478757951 × 10^287 |
| 131 | ov_131 | 5.83124335131848 × 10^287 |
| 132 | ov_132 | 5.088073596618359 × 10^287 |
| 133 | ov_133 | 4.413410555532746 × 10^287 |
| 134 | ov_134 | 3.804150822355737 × 10^287 |
| 135 | ov_135 | 3.257369549211378 × 10^287 |
| 136 | ov_136 | 2.7703071296263575 × 10^287 |
| 137 | ov_137 | 2.340357355143168 × 10^287 |
| 138 | ov_138 | 1.9627274922995036 × 10^287 |
| 139 | ov_139 | 1.6328844882727351 × 10^287 |
| 140 | ov_140 | 1.3465403052758025 × 10^287 |
| 141 | ov_141 | 1.0996394945614394 × 10^287 |
| 142 | ov_142 | 8.883488193806442 × 10^286 |
| 143 | ov_143 | 7.090487025653207 × 10^286 |
| 144 | ov_144 | 5.583262733592657 × 10^286 |
| 145 | ov_145 | 4.329698028504944 × 10^286 |
| 146 | ov_146 | 3.2996433195928034 × 10^286 |
| 147 | ov_147 | 2.4648831045215355 × 10^286 |
| 148 | ov_148 | 1.7991107991343726 × 10^286 |
| 149 | ov_149 | 1.2779104803448096 × 10^286 |
| 150 | ov_150 | 8.787441599063515 × 10^285 |
| 151 | ov_151 | 5.809433507543681 × 10^285 |
| 152 | ov_152 | 3.657038315481218 × 10^285 |
| 153 | ov_153 | 2.1608265893490495 × 10^285 |
| 154 | ov_154 | 1.1699662092827287 × 10^285 |
| 155 | ov_155 | 5.522148963891636 × 10^284 |
| 156 | aaa_76_25 | 1.9391671436057616 × 10^284 |
| 157 | aaa_76_26 | 1.0602324138499357 × 10^284 |
| 158 | aaa_76_27 | 5.172794718973797 × 10^283 |
| 159 | aaa_76_28 | 2.1739249034119093 × 10^283 |
| 160 | aaa_76_29 | 7.370102456018213 × 10^282 |

### Output Bits Sorted by Complexity

| Rank | Output Bit | Complexity |
|:----:|:----------:|:----------:|
| 160 | aaa_76_29 | 7.370102456018213 × 10^282 |
| 159 | aaa_76_28 | 2.1739249034119093 × 10^283 |
| 158 | aaa_76_27 | 5.172794718973797 × 10^283 |
| 157 | aaa_76_26 | 1.0602324138499357 × 10^284 |
| 156 | aaa_76_25 | 1.9391671436057616 × 10^284 |
| 155 | ov_155 | 5.522148963891636 × 10^284 |
| 154 | ov_154 | 1.1699662092827287 × 10^285 |
| 153 | ov_153 | 2.1608265893490495 × 10^285 |
| 152 | ov_152 | 3.657038315481218 × 10^285 |
| 151 | ov_151 | 5.809433507543681 × 10^285 |
| 150 | ov_150 | 8.787441599063515 × 10^285 |
| 149 | ov_149 | 1.2779104803448096 × 10^286 |
| 148 | ov_148 | 1.7991107991343726 × 10^286 |
| 147 | ov_147 | 2.4648831045215355 × 10^286 |
| 146 | ov_146 | 3.2996433195928034 × 10^286 |
| 145 | ov_145 | 4.329698028504944 × 10^286 |
| 144 | ov_144 | 5.583262733592657 × 10^286 |
| 143 | ov_143 | 7.090487025653207 × 10^286 |
| 142 | ov_142 | 8.883488193806442 × 10^286 |
| 141 | ov_141 | 1.0996394945614394 × 10^287 |
| 140 | ov_140 | 1.3465403052758025 × 10^287 |
| 139 | ov_139 | 1.6328844882727351 × 10^287 |
| 138 | ov_138 | 1.9627274922995036 × 10^287 |
| 137 | ov_137 | 2.340357355143168 × 10^287 |
| 136 | ov_136 | 2.7703071296263575 × 10^287 |
| 135 | ov_135 | 3.257369549211378 × 10^287 |
| 134 | ov_134 | 3.804150822355737 × 10^287 |
| 133 | ov_133 | 4.413410555532746 × 10^287 |
| 132 | ov_132 | 5.088073596618359 × 10^287 |
| 131 | ov_131 | 5.83124335131848 × 10^287 |
| 130 | ov_130 | 5.831247478757951 × 10^287 |
| 129 | ov_129 | 5.831264427056564 × 10^287 |
| 128 | aaa_77_29 | 6.265540617087153 × 10^287 |
| 127 | aaa_77_28 | 1.667386729772107 × 10^288 |
| 126 | ov_126 | 5.212150902755389 × 10^288 |
| 125 | ov_125 | 1.1686937963138 × 10^289 |
| 124 | ov_124 | 2.5148734915218333 × 10^289 |
| 123 | ov_123 | 5.078150653421191 × 10^289 |
| 122 | ov_122 | 9.489623107448845 × 10^289 |
| 121 | ov_121 | 1.6493100369106656 × 10^290 |
| 120 | ov_120 | 2.694512676908923 × 10^290 |
| 119 | ov_119 | 4.18150272275424 × 10^290 |
| 118 | ov_118 | 6.218499247713281 × 10^290 |
| 117 | ov_117 | 8.92502319001644 × 10^290 |
| 116 | ov_116 | 1.2431923200918973 × 10^291 |
| 115 | ov_115 | 1.6881416603450183 × 10^291 |
| 114 | ov_114 | 2.24271507516642 × 10^291 |
| 113 | ov_113 | 2.9234290823845956 × 10^291 |
| 112 | ov_112 | 3.747964082710612 × 10^291 |
| 111 | ov_111 | 4.735180533546119 × 10^291 |
| 110 | ov_110 | 5.905140022943359 × 10^291 |
| 109 | ov_109 | 7.279132145331823 × 10^291 |
| 108 | ov_108 | 8.879708155784043 × 10^291 |
| 107 | ov_107 | 1.0730722455273569 × 10^292 |
| 106 | ov_106 | 1.2857383035804567 × 10^292 |
| 105 | ov_105 | 1.5286312091740723 × 10^292 |
| 104 | ov_104 | 1.8045618082470673 × 10^292 |
| 103 | ov_103 | 2.116498061212366 × 10^292 |
| 102 | ov_102 | 2.4675749574870944 × 10^292 |
| 101 | ov_101 | 2.8611060099972944 × 10^292 |
| 100 | ov_100 | 3.3005964919799686 × 10^292 |
| 99 | ov_099 | 3.7897585877293494 × 10^292 |
| 98 | ov_098 | 3.789763458353545 × 10^292 |
| 97 | ov_097 | 3.789778667414669 × 10^292 |
| 96 | aaa_78_29 | 4.020533052720509 × 10^292 |
| 95 | aaa_78_28 | 1.0714380439130142 × 10^293 |
| 94 | ov_094 | 3.3532546122362152 × 10^293 |
| 93 | ov_093 | 7.528225447497435 × 10^293 |
| 92 | ov_092 | 1.4328045001419501 × 10^294 |
| 91 | ov_091 | 2.7109266247323087 × 10^294 |
| 90 | ov_090 | 5.3316730127647 × 10^294 |
| 89 | ov_089 | 1.0185882266318899 × 10^295 |
| 88 | ov_088 | 1.8310770239784877 × 10^295 |
| 87 | ov_087 | 3.0889975237931734 × 10^295 |
| 86 | ov_086 | 4.925364701811045 × 10^295 |
| 85 | ov_085 | 7.487861468435061 × 10^295 |
| 84 | ov_084 | 1.0938867945469228 × 10^296 |
| 83 | ov_083 | 1.5455508729996042 × 10^296 |
| 82 | ov_082 | 2.1229724547055285 × 10^296 |
| 81 | ov_081 | 2.8468375594920048 × 10^296 |
| 64 | lv_79_m31 | 3.6544097615340954 × 10^296 |
| 80 | ov_080 | 3.739338478947356 × 10^296 |
| 79 | ov_079 | 4.824193001791675 × 10^296 |
| 78 | ov_078 | 6.126669541749164 × 10^296 |
| 77 | ov_077 | 7.673619260313198 × 10^296 |
| 76 | ov_076 | 9.493516368038477 × 10^296 |
| 63 | ov_063 | 1.140715964661197 × 10^297 |
| 75 | ov_075 | 1.1616507879847323 × 10^297 |
| 74 | ov_074 | 1.4074474192539474 × 10^297 |
| 73 | ov_073 | 1.6901101946543678 × 10^297 |
| 72 | ov_072 | 2.0131970729305888 × 10^297 |
| 71 | ov_071 | 2.378638049132698 × 10^297 |
| 70 | ov_070 | 2.788472061346907 × 10^297 |
| 69 | ov_069 | 3.244854420179734 × 10^297 |
| 68 | ov_068 | 3.7500653422665187 × 10^297 |
| 67 | ov_067 | 4.306519694366276 × 10^297 |
| 66 | ov_066 | 4.306522813728805 × 10^297 |
| 65 | ov_065 | 4.306532563222828 × 10^297 |
| 62 | ov_062 | 8.441394111892434 × 10^297 |
| 61 | ov_061 | 2.787688787864907 × 10^298 |
| 60 | ov_060 | 7.424797210080451 × 10^298 |
| 59 | ov_059 | 1.695104969895651 × 10^299 |
| 58 | ov_058 | 3.440627404540073 × 10^299 |
| 57 | ov_057 | 6.367454709837925 × 10^299 |
| 56 | ov_056 | 1.1336829135516341 × 10^300 |
| 55 | ov_055 | 1.9378851519755253 × 10^300 |
| 54 | ov_054 | 3.1692495930701544 × 10^300 |
| 53 | ov_053 | 4.964563691525382 × 10^300 |
| 52 | ov_052 | 7.477509749680563 × 10^300 |
| 51 | ov_051 | 1.0878673831512659 × 10^301 |
| 50 | ov_050 | 1.5355562995355476 × 10^301 |
| 49 | ov_049 | 2.1014650502803349 × 10^301 |
| 48 | ov_048 | 2.797092994054424 × 10^301 |
| 32 | lv_80_k31 | 3.50447745513948 × 10^301 |
| 47 | ov_047 | 3.634796686956436 × 10^301 |
| 46 | ov_046 | 4.6277973759405005 × 10^301 |
| 45 | ov_045 | 5.790191411515148 × 10^301 |
| 44 | ov_044 | 7.136964229290717 × 10^301 |
| 43 | ov_043 | 8.68400860895334 × 10^301 |
| 42 | ov_042 | 1.04640407582264 × 10^302 |
| 31 | ov_031 | 1.0985244874754091 × 10^302 |
| 41 | ov_041 | 1.251166735870526 × 10^302 |
| 40 | ov_040 | 1.4863450680984612 × 10^302 |
| 39 | ov_039 | 1.755798817033446 × 10^302 |
| 38 | ov_038 | 2.0636008462966147 × 10^302 |
| 37 | ov_037 | 2.41404859184175 × 10^302 |
| 36 | ov_036 | 2.8116775881995807 × 10^302 |
| 35 | ov_035 | 3.2589481829507844 × 10^302 |
| 34 | ov_034 | 3.7584618175916474 × 10^302 |
| 33 | ov_033 | 4.312972369800829 × 10^302 |
| 30 | ov_030 | 8.13694200735572 × 10^302 |
| 29 | ov_029 | 2.6935328293298894 × 10^303 |
| 28 | ov_028 | 7.190043861621591 × 10^303 |
| 27 | ov_027 | 1.7818607625851976 × 10^304 |
| 26 | ov_026 | 3.969847448875464 × 10^304 |
| 25 | ov_025 | 7.960822810017517 × 10^304 |
| 24 | ov_024 | 1.4598582943077831 × 10^305 |
| 23 | ov_023 | 2.4892874268239055 × 10^305 |
| 22 | ov_022 | 4.00194234571884 × 10^305 |
| 21 | ov_021 | 6.131999932738796 × 10^305 |
| 20 | ov_020 | 9.03025277004199 × 10^305 |
| 19 | ov_019 | 1.2864129080513353 × 10^306 |
| 18 | ov_018 | 1.7817726205705112 × 10^306 |
| 17 | ov_017 | 2.409186488293834 × 10^306 |
| 16 | ov_016 | 3.1904173238042766 × 10^306 |
| 15 | ov_015 | 4.148921076135218 × 10^306 |
| 14 | ov_014 | 5.309864388604249 × 10^306 |
| 13 | ov_013 | 6.700148613998 × 10^306 |
| 12 | ov_012 | 8.348441621561288 × 10^306 |
| 11 | ov_011 | 1.0285218563330814 × 10^307 |
| 10 | ov_010 | 1.25428125753074 × 10^307 |
| 9 | ov_009 | 1.5155476367852112 × 10^307 |
| 8 | ov_008 | 1.815945572862087 × 10^307 |
| 7 | ov_007 | 2.1593076031010272 × 10^307 |
| 6 | ov_006 | 2.547714866695059 × 10^307 |
| 5 | ov_005 | 2.9833664385749904 × 10^307 |
| 4 | ov_004 | 3.4685864842910675 × 10^307 |
| 3 | ov_003 | 4.005832487245799 × 10^307 |
| 2 | ov_002 | 4.5977046946074735 × 10^307 |
| 1 | ov_001 | 5.246956936391079 × 10^307 |

