# Results for F001-F002-F003-F004-F005-F006-F007-F008-F009-F010-F011-F012-F013-F014-F015-F016-F017-F018-F019-F020-F021-F022-F023-F024-F025-F026-F027-F028-F029-F030-F031-F032-F033-F034-F035-F036-F037-F038-F039-F040-F041-F042-F043-F044-F045-F046-F047-F048-F049-F050-F051-F052-F053-F054-F055-F056-F057-F058-F059-F060-F061-F062-F063-F064-F065-F066-F067-F068-F069-F070-F071-F072-F073-F074-F075-F076-F077-F078-F079-F080-F081-F082-F083-F084-F085-F086-F087-F088-F089-F090-F091-F092-F093-F094-F095-F096-F097-F098-F099-F100-F101-F102-F103-F104-F105-F106-F107-F108-F109-F110-F111-F112-F113-F114-F115-F116-F117-F118-F119-F120-F121-F122-F123-F124-F125-F126-F127-F128-F129-F130-F131-F132-F133-F134-F135-F136-F137-F138-F139-F140-F141-F142-F143-F144-F145-F146-F147-F148-F149-F150-F151-F152-F153-F154-F155-F156-F157-F158-F159-F160-F161-F162-F163-F164-F165-F166-F167-F168-F169-F170-F171-F172-F173-F174-F175-F176-F177-F178-F179-F180-F181-F182-F183-F184-F185-F186-F187-F188-F189-F190-F191-F192-F193-F194-F195-F196-F197-F198-F199-F200-F201-F202-F203-F204-F205-F206-F207-F208-F209-F210-F211-F212-F213-F214-F215-F216-F217-F218-F219-F220-F221-F222-F223-F224-F225-F226-F227-F228-F229-F230-F231-F232-F233-F234-F235-F236-F237-F238-F239-F240-F241-F242-F243-F244-F245-F246-F247-F248-F249-F250-F251-F252-F253-F254-F255-F256-F257-F258-F259-F260-F261-F262-F263-F264-F265-F266-F267-F268-F269-F270-F271-F272-F273-F274-F275-F276-F277-F278-F279-F280-F281-F282-F283-F284-F285-F286-F287-F288-F289-F290-F291-F292-F293-F294-F295-F296-F297-F298-F299-F300-F301-F302-F303-F304-F305-F306-F307-F308-F309-F310-F311-F312-F313-F314-F315-F316-F317-F318-F319-F320-F321-F322-F323-F324-F325-F326-F327-F328-F329-F330-F331-F332-F333-F334-F335-F336-F337-F338-F339-F340-F341-F342-F343-F344-F345-F346-F347-F348-F349-F350-F351-F352-F353-F354-F355-F356-F357-F358-F359-F360-F361-F362-F363-F364-F365-F366-F367-F368-F369-F370-F371-F372-F373-F374-F375-F376-F377-F378-F379-F380-F381-F382-F383-F384-F385-F386-F387-F388-F389-F390-F391-F392-F393-F394-F395-F396-F397-F398-F399-F400-F401-F402-F403-F404-F405-F406-F407-F408-F409-F410-F411-F412-F413-F414-F415-F416-F417-F418-F419-F420-F421-F422-F423-F424-F425-F426-F427-F428-F429-F430-F431-F432-F433-F434-F435-F436-F437-F438-F439-F440-F441-F442-F443-F444-F445-F446-F447-F448-F449-F450-F451-F452-F453-F454-F455-F456-F457-F458-F459-F460-F461-F462-F463-F464-F465-F466-F467-F468-F469-F470-F471-F472-F473-F474-F475-F476-F477-F478-F479-F480-F481-F482-F483-F484-F485-F486-F487-F488-F489-F490-F491-F492-F493-F494-F495-F496-F497-F498-F499-F500-F501-F502-F503-F504-F505

## Summary

Number of input bits: 512  
Number of free input bits: 7  
Number of output bits: 160

Number of direct occurrences: 28444  
Number of assignments: 30333  
Number of operations: 10906428
(xor: 10875694,
and: 17951,
or: 12783)

Total complexity: 4.597135988729581 × 10^296

Least occurring input variable: iv_506 (3979)  
Most occurring input variable: iv_512 (4233)

Most co-occurring input variables: iv_511-iv_512 (2019)  
Least co-occurring input variables: iv_506-iv_511 (1860)

Potentially most occurring input variable: iv_507/iv_512 (4418)  
Potentially least occurring input variable: iv_506/iv_507 (4096)

Least output occurring input variable: iv_508 (70)  
Most output occurring input variable: iv_506 (82)

Most output co-occurring input variables: iv_506-iv_512 (45)  
Least output co-occurring input variables: iv_508-iv_512 (29)

Potentially most output occurring input variable: iv_508/iv_512 (90)  
Potentially least output occurring input variable: iv_506/iv_512 (70)

Least complex input bit: iv_506 (1.9535014176333935 × 10^295)  
Most complex input bit: iv_510 (1.3584446154937937 × 10^296)

Least complex output bit: aaa_76_29 (7.334331459251813 × 10^271)  
Most complex output bit: ov_001 (7.127018422208958 × 10^295)

Least complex input/output complexity: iv_506/aaa_76_29 (3.116641956680732 × 10^270)  
Most complex input/output complexity: iv_510/ov_001 (2.106019883664644 × 10^295)

Input variable with highest collision probability: iv_511 (½^160.0000000000006)

## Input Bits

### Input Bits in Regular Order

| Input Bit | Complexity | Occurrences | Output Occurrences | Collision Probability |
|:---------:|:----------:|:-----------:|:------------------:|:---------------------:|
| iv_506 | 1.9535014176333935 × 10^295 | 3979 | 82 | ½^160.00000000000065 |
| iv_507 | 3.67568546452576 × 10^295 | 4027 | 72 | ½^160.00000000000077 |
| iv_508 | 6.134301175445653 × 10^295 | 4001 | 70 | ½^160.00000000000085 |
| iv_509 | 9.413543988652181 × 10^295 | 4016 | 78 | ½^160.0000000000008 |
| iv_510 | 1.3584446154937937 × 10^296 | 4120 | 79 | ½^160.00000000000082 |
| iv_511 | 5.142790406757771 × 10^295 | 4068 | 74 | ½^160.0000000000006 |
| iv_512 | 6.067091279343199 × 10^295 | 4233 | 78 | ½^160.0000000000007 |

### Input Bits Sorted by Complexity

| Input Bit | Complexity | Occurrences | Output Occurrences | Collision Probability |
|:---------:|:----------:|:-----------:|:------------------:|:---------------------:|
| iv_506 | 1.9535014176333935 × 10^295 | 3979 | 82 | ½^160.00000000000065 |
| iv_507 | 3.67568546452576 × 10^295 | 4027 | 72 | ½^160.00000000000077 |
| iv_511 | 5.142790406757771 × 10^295 | 4068 | 74 | ½^160.0000000000006 |
| iv_512 | 6.067091279343199 × 10^295 | 4233 | 78 | ½^160.0000000000007 |
| iv_508 | 6.134301175445653 × 10^295 | 4001 | 70 | ½^160.00000000000085 |
| iv_509 | 9.413543988652181 × 10^295 | 4016 | 78 | ½^160.0000000000008 |
| iv_510 | 1.3584446154937937 × 10^296 | 4120 | 79 | ½^160.00000000000082 |

### Input Bits Sorted by Occurrences

| Input Bit | Complexity | Occurrences | Output Occurrences | Collision Probability |
|:---------:|:----------:|:-----------:|:------------------:|:---------------------:|
| iv_506 | 1.9535014176333935 × 10^295 | 3979 | 82 | ½^160.00000000000065 |
| iv_508 | 6.134301175445653 × 10^295 | 4001 | 70 | ½^160.00000000000085 |
| iv_509 | 9.413543988652181 × 10^295 | 4016 | 78 | ½^160.0000000000008 |
| iv_507 | 3.67568546452576 × 10^295 | 4027 | 72 | ½^160.00000000000077 |
| iv_511 | 5.142790406757771 × 10^295 | 4068 | 74 | ½^160.0000000000006 |
| iv_510 | 1.3584446154937937 × 10^296 | 4120 | 79 | ½^160.00000000000082 |
| iv_512 | 6.067091279343199 × 10^295 | 4233 | 78 | ½^160.0000000000007 |

### Input Bits Sorted by Output Occurrences

| Input Bit | Complexity | Occurrences | Output Occurrences | Collision Probability |
|:---------:|:----------:|:-----------:|:------------------:|:---------------------:|
| iv_508 | 6.134301175445653 × 10^295 | 4001 | 70 | ½^160.00000000000085 |
| iv_507 | 3.67568546452576 × 10^295 | 4027 | 72 | ½^160.00000000000077 |
| iv_511 | 5.142790406757771 × 10^295 | 4068 | 74 | ½^160.0000000000006 |
| iv_509 | 9.413543988652181 × 10^295 | 4016 | 78 | ½^160.0000000000008 |
| iv_512 | 6.067091279343199 × 10^295 | 4233 | 78 | ½^160.0000000000007 |
| iv_510 | 1.3584446154937937 × 10^296 | 4120 | 79 | ½^160.00000000000082 |
| iv_506 | 1.9535014176333935 × 10^295 | 3979 | 82 | ½^160.00000000000065 |

### Input Bits Sorted by Collision Probability

| Input Bit | Complexity | Occurrences | Output Occurrences | Collision Probability |
|:---------:|:----------:|:-----------:|:------------------:|:---------------------:|
| iv_511 | 5.142790406757771 × 10^295 | 4068 | 74 | ½^160.0000000000006 |
| iv_506 | 1.9535014176333935 × 10^295 | 3979 | 82 | ½^160.00000000000065 |
| iv_512 | 6.067091279343199 × 10^295 | 4233 | 78 | ½^160.0000000000007 |
| iv_507 | 3.67568546452576 × 10^295 | 4027 | 72 | ½^160.00000000000077 |
| iv_509 | 9.413543988652181 × 10^295 | 4016 | 78 | ½^160.0000000000008 |
| iv_510 | 1.3584446154937937 × 10^296 | 4120 | 79 | ½^160.00000000000082 |
| iv_508 | 6.134301175445653 × 10^295 | 4001 | 70 | ½^160.00000000000085 |

## Input Bit/Output Bit Collision Probabilities

| Input Bit | Output Bit | Collision Probability |
|:---------:|:----------:|:---------------------:|
| iv_509 | ov_007 | 0.5000000000000023 |
| iv_508 | ov_084 | 0.5000000000000021 |
| iv_506 | ov_141 | 0.500000000000002 |
| iv_511 | ov_022 | 0.500000000000002 |
| iv_511 | ov_073 | 0.5000000000000019 |
| iv_511 | ov_123 | 0.5000000000000019 |
| iv_506 | ov_060 | 0.5000000000000018 |

## Input Bit Co-occurrences

### Input Bit Co-occurrences Sorted by Co-occurrences

| Input Bits | Co-occurrences | Potential Occurrences | Output Co-occurrences | Potential Output Occurrences |
|:----------:|:--------------:|:---------------------:|:---------------------:|:----------------------------:|
| iv_511-iv_512 | 2019 | 4263 | 39 | 74 |
| iv_510-iv_512 | 1982 | 4389 | 42 | 73 |
| iv_509-iv_512 | 1974 | 4301 | 37 | 82 |
| iv_506-iv_507 | 1955 | 4096 | 39 | 76 |
| iv_506-iv_512 | 1948 | 4316 | 45 | 70 |
| iv_510-iv_511 | 1943 | 4302 | 38 | 77 |
| iv_506-iv_510 | 1937 | 4225 | 44 | 73 |

### Input Bit Co-occurrences Sorted by Potential Occurrences

| Input Bits | Co-occurrences | Potential Occurrences | Output Co-occurrences | Potential Output Occurrences |
|:----------:|:--------------:|:---------------------:|:---------------------:|:----------------------------:|
| iv_506-iv_507 | 1955 | 4096 | 39 | 76 |
| iv_508-iv_509 | 1922 | 4173 | 35 | 78 |
| iv_506-iv_509 | 1908 | 4179 | 43 | 74 |
| iv_506-iv_508 | 1895 | 4190 | 37 | 78 |
| iv_506-iv_510 | 1937 | 4225 | 44 | 73 |
| iv_509-iv_511 | 1922 | 4240 | 39 | 74 |
| iv_507-iv_508 | 1893 | 4242 | 35 | 72 |

### Input Bit Output Co-occurrences Sorted by Output Co-occurrences

| Input Bits | Co-occurrences | Potential Occurrences | Output Co-occurrences | Potential Output Occurrences |
|:----------:|:--------------:|:---------------------:|:---------------------:|:----------------------------:|
| iv_506-iv_512 | 1948 | 4316 | 45 | 70 |
| iv_506-iv_510 | 1937 | 4225 | 44 | 73 |
| iv_506-iv_509 | 1908 | 4179 | 43 | 74 |
| iv_510-iv_512 | 1982 | 4389 | 42 | 73 |
| iv_509-iv_511 | 1922 | 4240 | 39 | 74 |
| iv_511-iv_512 | 2019 | 4263 | 39 | 74 |
| iv_506-iv_507 | 1955 | 4096 | 39 | 76 |

### Input Bit Output Co-occurrences Sorted by Potential Output Occurrences

| Input Bits | Co-occurrences | Potential Occurrences | Output Co-occurrences | Potential Output Occurrences |
|:----------:|:--------------:|:---------------------:|:---------------------:|:----------------------------:|
| iv_506-iv_512 | 1948 | 4316 | 45 | 70 |
| iv_507-iv_508 | 1893 | 4242 | 35 | 72 |
| iv_506-iv_510 | 1937 | 4225 | 44 | 73 |
| iv_510-iv_512 | 1982 | 4389 | 42 | 73 |
| iv_508-iv_511 | 1899 | 4271 | 35 | 74 |
| iv_509-iv_511 | 1922 | 4240 | 39 | 74 |
| iv_511-iv_512 | 2019 | 4263 | 39 | 74 |

## Output Bits

### Output Bits in Regular Order

| Rank | Output Bit | Complexity |
|:----:|:----------:|:----------:|
| 1 | ov_001 | 7.127018422208958 × 10^295 |
| 2 | ov_002 | 6.238399234125286 × 10^295 |
| 3 | ov_003 | 5.428609064735735 × 10^295 |
| 4 | ov_004 | 4.693888524953003 × 10^295 |
| 5 | ov_005 | 4.0306840119272977 × 10^295 |
| 6 | ov_006 | 3.4356330592458203 × 10^295 |
| 7 | ov_007 | 2.9055516493934643 × 10^295 |
| 8 | ov_008 | 2.4374232599046614 × 10^295 |
| 9 | ov_009 | 2.0283894266797307 × 10^295 |
| 10 | ov_010 | 1.673176039378542 × 10^295 |
| 11 | ov_011 | 1.3667889269557762 × 10^295 |
| 12 | ov_012 | 1.1045028702314731 × 10^295 |
| 13 | ov_013 | 8.818523994700236 × 10^294 |
| 14 | ov_014 | 6.94624215190206 × 10^294 |
| 15 | ov_015 | 5.388510807372905 × 10^294 |
| 16 | ov_016 | 4.108070453505969 × 10^294 |
| 17 | ov_017 | 3.0700385333681616 × 10^294 |
| 18 | ov_018 | 2.2418836653685282 × 10^294 |
| 19 | ov_019 | 1.5934080257292466 × 10^294 |
| 20 | ov_020 | 1.0967359689416676 × 10^294 |
| 21 | ov_021 | 7.263071665706437 × 10^293 |
| 22 | ov_022 | 4.588727448611381 × 10^293 |
| 23 | ov_023 | 2.734931591098995 × 10^293 |
| 24 | ov_024 | 1.5153694764842995 × 10^293 |
| 25 | ov_025 | 7.667995309010928 × 10^292 |
| 26 | ov_026 | 3.49048541910418 × 10^292 |
| 27 | ov_027 | 1.4500914023642807 × 10^292 |
| 28 | ov_028 | 6.06386284589018 × 10^291 |
| 29 | ov_029 | 2.495853244485827 × 10^291 |
| 30 | ov_030 | 8.245643844952487 × 10^290 |
| 31 | ov_031 | 1.9924354991115827 × 10^290 |
| 32 | lv_80_k31 | 4.810923461359157 × 10^289 |
| 33 | ov_033 | 5.791129769453082 × 10^290 |
| 34 | ov_034 | 5.015100896354691 × 10^290 |
| 35 | ov_035 | 4.31869026934982 × 10^290 |
| 36 | ov_036 | 3.697828304263085 × 10^290 |
| 37 | ov_037 | 3.1486698437015415 × 10^290 |
| 38 | ov_038 | 2.6675774975169502 × 10^290 |
| 39 | ov_039 | 2.2478439125818134 × 10^290 |
| 40 | ov_040 | 1.883112696231631 × 10^290 |
| 41 | ov_041 | 1.5673586529966291 × 10^290 |
| 42 | ov_042 | 1.294871068668803 × 10^290 |
| 43 | ov_043 | 1.060239709627665 × 10^290 |
| 44 | ov_044 | 8.583432265056867 × 10^289 |
| 45 | ov_045 | 6.843396715827226 × 10^289 |
| 46 | ov_046 | 5.358768594225057 × 10^289 |
| 47 | ov_047 | 4.1073678948269586 × 10^289 |
| 48 | ov_048 | 3.0683298880044486 × 10^289 |
| 49 | ov_049 | 2.2220847707041387 × 10^289 |
| 50 | ov_050 | 1.5503425079391563 × 10^289 |
| 51 | ov_051 | 1.0360819195566637 × 10^289 |
| 52 | ov_052 | 6.635431534924528 × 10^288 |
| 53 | ov_053 | 4.049727626849299 × 10^288 |
| 54 | ov_054 | 2.3512249013818994 × 10^288 |
| 55 | ov_055 | 1.3124674408738194 × 10^288 |
| 56 | ov_056 | 7.310128668391568 × 10^287 |
| 57 | ov_057 | 4.294252381171231 × 10^287 |
| 58 | ov_058 | 2.5527099180215764 × 10^287 |
| 59 | ov_059 | 1.3858357383967525 × 10^287 |
| 60 | ov_060 | 6.686355951386019 × 10^286 |
| 61 | ov_061 | 2.761162110087151 × 10^286 |
| 62 | ov_062 | 9.154747343606424 × 10^285 |
| 63 | ov_063 | 2.2213022107634602 × 10^285 |
| 64 | lv_79_k31 | 5.386937256966306 × 10^284 |
| 65 | ov_065 | 6.340210637159125 × 10^285 |
| 66 | ov_066 | 6.340195594131444 × 10^285 |
| 67 | ov_067 | 6.340190719140121 × 10^285 |
| 68 | ov_068 | 5.513899410408493 × 10^285 |
| 69 | ov_069 | 4.765111885959598 × 10^285 |
| 70 | ov_070 | 4.089934281447682 × 10^285 |
| 71 | ov_071 | 3.484713249647115 × 10^285 |
| 72 | ov_072 | 2.9460195232989463 × 10^285 |
| 73 | ov_073 | 2.470632902655735 × 10^285 |
| 74 | ov_074 | 2.055528593010062 × 10^285 |
| 75 | ov_075 | 1.6951948930951318 × 10^285 |
| 76 | ov_076 | 1.3844537618067933 × 10^285 |
| 77 | ov_077 | 1.1184418307330277 × 10^285 |
| 78 | ov_078 | 8.92593507004529 × 10^284 |
| 79 | ov_079 | 7.02626039550714 × 10^284 |
| 80 | ov_080 | 5.445264236071185 × 10^284 |
| 81 | ov_081 | 4.1454001961854464 × 10^284 |
| 82 | ov_082 | 3.091607636055259 × 10^284 |
| 83 | ov_083 | 2.2512284668943572 × 10^284 |
| 84 | ov_084 | 1.5939374187529573 × 10^284 |
| 85 | ov_085 | 1.0916845643419568 × 10^284 |
| 86 | ov_086 | 7.186488836357993 × 10^283 |
| 87 | ov_087 | 4.512016547702869 × 10^283 |
| 88 | ov_088 | 2.678784571533258 × 10^283 |
| 89 | ov_089 | 1.4935857293811486 × 10^283 |
| 90 | ov_090 | 7.845057314340169 × 10^282 |
| 91 | ov_091 | 4.0082874782076526 × 10^282 |
| 92 | ov_092 | 2.1298065439763763 × 10^282 |
| 93 | ov_093 | 1.1249851049515944 × 10^282 |
| 94 | ov_094 | 5.04261236748524 × 10^281 |
| 95 | aaa_78_28 | 1.6218371363810888 × 10^281 |
| 96 | aaa_78_29 | 6.14497512666481 × 10^280 |
| 97 | ov_097 | 6.693671673320657 × 10^280 |
| 98 | ov_098 | 6.693467991720367 × 10^280 |
| 99 | ov_099 | 6.693402831334069 × 10^280 |
| 100 | ov_100 | 6.023868137866641 × 10^280 |
| 101 | ov_101 | 5.403734014070438 × 10^280 |
| 102 | ov_102 | 4.830276203980974 × 10^280 |
| 103 | ov_103 | 4.30097170214214 × 10^280 |
| 104 | ov_104 | 3.813472569228499 × 10^280 |
| 105 | ov_105 | 3.3655821398926667 × 10^280 |
| 106 | ov_106 | 2.955233492886804 × 10^280 |
| 107 | ov_107 | 2.580470059323782 × 10^280 |
| 108 | ov_108 | 2.2394282497431964 × 10^280 |
| 109 | ov_109 | 1.9303219845532528 × 10^280 |
| 110 | ov_110 | 1.6514290155493366 × 10^280 |
| 111 | ov_111 | 1.401078928672928 × 10^280 |
| 112 | ov_112 | 1.1776427200717144 × 10^280 |
| 113 | ov_113 | 9.795238389464149 × 10^279 |
| 114 | ov_114 | 8.051505917091541 × 10^279 |
| 115 | ov_115 | 6.52969802707014 × 10^279 |
| 116 | ov_116 | 5.214416272475735 × 10^279 |
| 117 | ov_117 | 4.090354129662019 × 10^279 |
| 118 | ov_118 | 3.1422650575273326 × 10^279 |
| 119 | ov_119 | 2.3549389655031598 × 10^279 |
| 120 | ov_120 | 1.7131860538661834 × 10^279 |
| 121 | ov_121 | 1.2018269902060029 × 10^279 |
| 122 | ov_122 | 8.056879177414659 × 10^278 |
| 123 | ov_123 | 5.095981137176735 × 10^278 |
| 124 | ov_124 | 2.983886256929744 × 10^278 |
| 125 | ov_125 | 1.5689137605401134 × 10^278 |
| 126 | ov_126 | 6.993864639634105 × 10^277 |
| 127 | aaa_77_28 | 2.2362833218233367 × 10^277 |
| 128 | aaa_77_29 | 8.397123303662276 × 10^276 |
| 129 | ov_129 | 7.690257519200454 × 10^276 |
| 130 | ov_130 | 7.690239650884837 × 10^276 |
| 131 | ov_131 | 7.690233898501857 × 10^276 |
| 132 | ov_132 | 6.686596323161131 × 10^276 |
| 133 | ov_133 | 5.777210769243335 × 10^276 |
| 134 | ov_134 | 4.9577520286487155 × 10^276 |
| 135 | ov_135 | 4.22414375187277 × 10^276 |
| 136 | ov_136 | 3.5725398888325324 × 10^276 |
| 137 | ov_137 | 2.999308182592699 × 10^276 |
| 138 | ov_138 | 2.4977690382215052 × 10^276 |
| 139 | ov_139 | 2.0616047811219475 × 10^276 |
| 140 | ov_140 | 1.6848392169519743 × 10^276 |
| 141 | ov_141 | 1.3618203128413686 × 10^276 |
| 142 | ov_142 | 1.0872057342148976 × 10^276 |
| 143 | ov_143 | 8.559509245982609 × 10^275 |
| 144 | ov_144 | 6.632994143227716 × 10^275 |
| 145 | ov_145 | 5.047750645674035 × 10^275 |
| 146 | ov_146 | 3.761759735223129 × 10^275 |
| 147 | ov_147 | 2.7356979168462343 × 10^275 |
| 148 | ov_148 | 1.9329021344831807 × 10^275 |
| 149 | ov_149 | 1.3193443225580681 × 10^275 |
| 150 | ov_150 | 8.63613666586983 × 10^274 |
| 151 | ov_151 | 5.369048470091895 × 10^274 |
| 152 | ov_152 | 3.13010740946568 × 10^274 |
| 153 | ov_153 | 1.6831825711603937 × 10^274 |
| 154 | ov_154 | 8.180617960767762 × 10^273 |
| 155 | ov_155 | 3.5044125972395904 × 10^273 |
| 156 | aaa_76_25 | 1.2192059386104458 × 10^273 |
| 157 | aaa_76_26 | 7.509535197034141 × 10^272 |
| 158 | aaa_76_27 | 4.121962241318174 × 10^272 |
| 159 | aaa_76_28 | 1.9450874503292873 × 10^272 |
| 160 | aaa_76_29 | 7.334331459251813 × 10^271 |

### Output Bits Sorted by Complexity

| Rank | Output Bit | Complexity |
|:----:|:----------:|:----------:|
| 160 | aaa_76_29 | 7.334331459251813 × 10^271 |
| 159 | aaa_76_28 | 1.9450874503292873 × 10^272 |
| 158 | aaa_76_27 | 4.121962241318174 × 10^272 |
| 157 | aaa_76_26 | 7.509535197034141 × 10^272 |
| 156 | aaa_76_25 | 1.2192059386104458 × 10^273 |
| 155 | ov_155 | 3.5044125972395904 × 10^273 |
| 154 | ov_154 | 8.180617960767762 × 10^273 |
| 153 | ov_153 | 1.6831825711603937 × 10^274 |
| 152 | ov_152 | 3.13010740946568 × 10^274 |
| 151 | ov_151 | 5.369048470091895 × 10^274 |
| 150 | ov_150 | 8.63613666586983 × 10^274 |
| 149 | ov_149 | 1.3193443225580681 × 10^275 |
| 148 | ov_148 | 1.9329021344831807 × 10^275 |
| 147 | ov_147 | 2.7356979168462343 × 10^275 |
| 146 | ov_146 | 3.761759735223129 × 10^275 |
| 145 | ov_145 | 5.047750645674035 × 10^275 |
| 144 | ov_144 | 6.632994143227716 × 10^275 |
| 143 | ov_143 | 8.559509245982609 × 10^275 |
| 142 | ov_142 | 1.0872057342148976 × 10^276 |
| 141 | ov_141 | 1.3618203128413686 × 10^276 |
| 140 | ov_140 | 1.6848392169519743 × 10^276 |
| 139 | ov_139 | 2.0616047811219475 × 10^276 |
| 138 | ov_138 | 2.4977690382215052 × 10^276 |
| 137 | ov_137 | 2.999308182592699 × 10^276 |
| 136 | ov_136 | 3.5725398888325324 × 10^276 |
| 135 | ov_135 | 4.22414375187277 × 10^276 |
| 134 | ov_134 | 4.9577520286487155 × 10^276 |
| 133 | ov_133 | 5.777210769243335 × 10^276 |
| 132 | ov_132 | 6.686596323161131 × 10^276 |
| 131 | ov_131 | 7.690233898501857 × 10^276 |
| 130 | ov_130 | 7.690239650884837 × 10^276 |
| 129 | ov_129 | 7.690257519200454 × 10^276 |
| 128 | aaa_77_29 | 8.397123303662276 × 10^276 |
| 127 | aaa_77_28 | 2.2362833218233367 × 10^277 |
| 126 | ov_126 | 6.993864639634105 × 10^277 |
| 125 | ov_125 | 1.5689137605401134 × 10^278 |
| 124 | ov_124 | 2.983886256929744 × 10^278 |
| 123 | ov_123 | 5.095981137176735 × 10^278 |
| 122 | ov_122 | 8.056879177414659 × 10^278 |
| 121 | ov_121 | 1.2018269902060029 × 10^279 |
| 120 | ov_120 | 1.7131860538661834 × 10^279 |
| 119 | ov_119 | 2.3549389655031598 × 10^279 |
| 118 | ov_118 | 3.1422650575273326 × 10^279 |
| 117 | ov_117 | 4.090354129662019 × 10^279 |
| 116 | ov_116 | 5.214416272475735 × 10^279 |
| 115 | ov_115 | 6.52969802707014 × 10^279 |
| 114 | ov_114 | 8.051505917091541 × 10^279 |
| 113 | ov_113 | 9.795238389464149 × 10^279 |
| 112 | ov_112 | 1.1776427200717144 × 10^280 |
| 111 | ov_111 | 1.401078928672928 × 10^280 |
| 110 | ov_110 | 1.6514290155493366 × 10^280 |
| 109 | ov_109 | 1.9303219845532528 × 10^280 |
| 108 | ov_108 | 2.2394282497431964 × 10^280 |
| 107 | ov_107 | 2.580470059323782 × 10^280 |
| 106 | ov_106 | 2.955233492886804 × 10^280 |
| 105 | ov_105 | 3.3655821398926667 × 10^280 |
| 104 | ov_104 | 3.813472569228499 × 10^280 |
| 103 | ov_103 | 4.30097170214214 × 10^280 |
| 102 | ov_102 | 4.830276203980974 × 10^280 |
| 101 | ov_101 | 5.403734014070438 × 10^280 |
| 100 | ov_100 | 6.023868137866641 × 10^280 |
| 96 | aaa_78_29 | 6.14497512666481 × 10^280 |
| 99 | ov_099 | 6.693402831334069 × 10^280 |
| 98 | ov_098 | 6.693467991720367 × 10^280 |
| 97 | ov_097 | 6.693671673320657 × 10^280 |
| 95 | aaa_78_28 | 1.6218371363810888 × 10^281 |
| 94 | ov_094 | 5.04261236748524 × 10^281 |
| 93 | ov_093 | 1.1249851049515944 × 10^282 |
| 92 | ov_092 | 2.1298065439763763 × 10^282 |
| 91 | ov_091 | 4.0082874782076526 × 10^282 |
| 90 | ov_090 | 7.845057314340169 × 10^282 |
| 89 | ov_089 | 1.4935857293811486 × 10^283 |
| 88 | ov_088 | 2.678784571533258 × 10^283 |
| 87 | ov_087 | 4.512016547702869 × 10^283 |
| 86 | ov_086 | 7.186488836357993 × 10^283 |
| 85 | ov_085 | 1.0916845643419568 × 10^284 |
| 84 | ov_084 | 1.5939374187529573 × 10^284 |
| 83 | ov_083 | 2.2512284668943572 × 10^284 |
| 82 | ov_082 | 3.091607636055259 × 10^284 |
| 81 | ov_081 | 4.1454001961854464 × 10^284 |
| 64 | lv_79_k31 | 5.386937256966306 × 10^284 |
| 80 | ov_080 | 5.445264236071185 × 10^284 |
| 79 | ov_079 | 7.02626039550714 × 10^284 |
| 78 | ov_078 | 8.92593507004529 × 10^284 |
| 77 | ov_077 | 1.1184418307330277 × 10^285 |
| 76 | ov_076 | 1.3844537618067933 × 10^285 |
| 75 | ov_075 | 1.6951948930951318 × 10^285 |
| 74 | ov_074 | 2.055528593010062 × 10^285 |
| 63 | ov_063 | 2.2213022107634602 × 10^285 |
| 73 | ov_073 | 2.470632902655735 × 10^285 |
| 72 | ov_072 | 2.9460195232989463 × 10^285 |
| 71 | ov_071 | 3.484713249647115 × 10^285 |
| 70 | ov_070 | 4.089934281447682 × 10^285 |
| 69 | ov_069 | 4.765111885959598 × 10^285 |
| 68 | ov_068 | 5.513899410408493 × 10^285 |
| 67 | ov_067 | 6.340190719140121 × 10^285 |
| 66 | ov_066 | 6.340195594131444 × 10^285 |
| 65 | ov_065 | 6.340210637159125 × 10^285 |
| 62 | ov_062 | 9.154747343606424 × 10^285 |
| 61 | ov_061 | 2.761162110087151 × 10^286 |
| 60 | ov_060 | 6.686355951386019 × 10^286 |
| 59 | ov_059 | 1.3858357383967525 × 10^287 |
| 58 | ov_058 | 2.5527099180215764 × 10^287 |
| 57 | ov_057 | 4.294252381171231 × 10^287 |
| 56 | ov_056 | 7.310128668391568 × 10^287 |
| 55 | ov_055 | 1.3124674408738194 × 10^288 |
| 54 | ov_054 | 2.3512249013818994 × 10^288 |
| 53 | ov_053 | 4.049727626849299 × 10^288 |
| 52 | ov_052 | 6.635431534924528 × 10^288 |
| 51 | ov_051 | 1.0360819195566637 × 10^289 |
| 50 | ov_050 | 1.5503425079391563 × 10^289 |
| 49 | ov_049 | 2.2220847707041387 × 10^289 |
| 48 | ov_048 | 3.0683298880044486 × 10^289 |
| 47 | ov_047 | 4.1073678948269586 × 10^289 |
| 32 | lv_80_k31 | 4.810923461359157 × 10^289 |
| 46 | ov_046 | 5.358768594225057 × 10^289 |
| 45 | ov_045 | 6.843396715827226 × 10^289 |
| 44 | ov_044 | 8.583432265056867 × 10^289 |
| 43 | ov_043 | 1.060239709627665 × 10^290 |
| 42 | ov_042 | 1.294871068668803 × 10^290 |
| 41 | ov_041 | 1.5673586529966291 × 10^290 |
| 40 | ov_040 | 1.883112696231631 × 10^290 |
| 31 | ov_031 | 1.9924354991115827 × 10^290 |
| 39 | ov_039 | 2.2478439125818134 × 10^290 |
| 38 | ov_038 | 2.6675774975169502 × 10^290 |
| 37 | ov_037 | 3.1486698437015415 × 10^290 |
| 36 | ov_036 | 3.697828304263085 × 10^290 |
| 35 | ov_035 | 4.31869026934982 × 10^290 |
| 34 | ov_034 | 5.015100896354691 × 10^290 |
| 33 | ov_033 | 5.791129769453082 × 10^290 |
| 30 | ov_030 | 8.245643844952487 × 10^290 |
| 29 | ov_029 | 2.495853244485827 × 10^291 |
| 28 | ov_028 | 6.06386284589018 × 10^291 |
| 27 | ov_027 | 1.4500914023642807 × 10^292 |
| 26 | ov_026 | 3.49048541910418 × 10^292 |
| 25 | ov_025 | 7.667995309010928 × 10^292 |
| 24 | ov_024 | 1.5153694764842995 × 10^293 |
| 23 | ov_023 | 2.734931591098995 × 10^293 |
| 22 | ov_022 | 4.588727448611381 × 10^293 |
| 21 | ov_021 | 7.263071665706437 × 10^293 |
| 20 | ov_020 | 1.0967359689416676 × 10^294 |
| 19 | ov_019 | 1.5934080257292466 × 10^294 |
| 18 | ov_018 | 2.2418836653685282 × 10^294 |
| 17 | ov_017 | 3.0700385333681616 × 10^294 |
| 16 | ov_016 | 4.108070453505969 × 10^294 |
| 15 | ov_015 | 5.388510807372905 × 10^294 |
| 14 | ov_014 | 6.94624215190206 × 10^294 |
| 13 | ov_013 | 8.818523994700236 × 10^294 |
| 12 | ov_012 | 1.1045028702314731 × 10^295 |
| 11 | ov_011 | 1.3667889269557762 × 10^295 |
| 10 | ov_010 | 1.673176039378542 × 10^295 |
| 9 | ov_009 | 2.0283894266797307 × 10^295 |
| 8 | ov_008 | 2.4374232599046614 × 10^295 |
| 7 | ov_007 | 2.9055516493934643 × 10^295 |
| 6 | ov_006 | 3.4356330592458203 × 10^295 |
| 5 | ov_005 | 4.0306840119272977 × 10^295 |
| 4 | ov_004 | 4.693888524953003 × 10^295 |
| 3 | ov_003 | 5.428609064735735 × 10^295 |
| 2 | ov_002 | 6.238399234125286 × 10^295 |
| 1 | ov_001 | 7.127018422208958 × 10^295 |

