# Results for F001-F002-F003-F004-F005-F006-F007-F008-F009-F010-F011-F012-F013-F014-F015-F016-F017-F018-F019-F020-F021-F022-F023-F024-F025-F026-F027-F028-F029-F030-F031-F032-F033-F034-F035-F036-F037-F038-F039-F040-F041-F042-F043-F044-F045-F046-F047-F048-F049-F050-F051-F052-F053-F054-F055-F056-F057-F058-F059-F060-F061-F062-F063-F064-F065-F066-F067-F068-F069-F070-F071-F072-F073-F074-F075-F076-F077-F078-F079-F080-F081-F082-F083-F084-F085-F086-F087-F088-F089-F090-F091-F092-F093-F094-F095-F096-F097-F098-F099-F100-F101-F102-F103-F104-F105-F106-F107-F108-F109-F110-F111-F112-F113-F114-F115-F116-F117-F118-F119-F120-F121-F122-F123-F124-F125-F126-F127-F128-F129-F130-F131-F132-F133-F134-F135-F136-F137-F138-F139-F140-F141-F142-F143-F144-F145-F146-F147-F148-F149-F150-F151-F152-F153-F154-F155-F156-F157-F158-F159-F160-F161-F162-F163-F164-F165-F166-F167-F168-F169-F170-F171-F172-F173-F174-F175-F176-F177-F178-F179-F180-F181-F182-F183-F184-F185-F186-F187-F188-F189-F190-F191-F192-F193-F194-F195-F196-F197-F198-F199-F200-F201-F202-F203-F204-F205-F206-F207-F208-F209-F210-F211-F212-F213-F214-F215-F216-F217-F218-F219-F220-F221-F222-F223-F224-F225-F226-F227-F228-F229-F230-F231-F232-F233-F234-F235-F236-F237-F238-F239-F240-F241-F242-F243-F244-F245-F246-F247-F248-F249-F250-F251-F252-F253-F254-F255-F256-F257-F258-F259-F260-F261-F262-F263-F264-F265-F266-F267-F268-F269-F270-F271-F272-F273-F274-F275-F276-F277-F278-F279-F280-F281-F282-F283-F284-F285-F286-F287-F288-F289-F290-F291-F292-F293-F294-F295-F296-F297-F298-F299-F300-F301-F302-F303-F304-F305-F306-F307-F308-F309-F310-F311-F312-F313-F314-F315-F316-F317-F318-F319-F320-F321-F322-F323-F324-F325-F326-F327-F328-F329-F330-F331-F332-F333-F334-F335-F336-F337-F338-F339-F340-F341-F342-F343-F344-F345-F346-F347-F348-F349-F350-F351-F352-F353-F354-F355-F356-F357-F358-F359-F360-F361-F362-F363-F364-F365-F366-F367-F368-F369-F370-F371-F372-F373-F374-F375-F376-F377-F378-F379-F380-F381-F382-F383-F384-F385-F386-F387-F388-F389-F390-F391-F392-F393-F394-F395-F396-F397-F398-F399-F400-F401-F402-F403-F404-F405-F406-F407-F408-F409-F410-F411-F412-F413-F414-F415-F416-F417-F418-F419-F420-F421-F422-F423-F424-F425-F426-F427-F428-F429-F430-F431-F432-F433-F434-F435-F436-F437-F438-F439-F440-F441-F442-F443-F444-F445-F446-F447-F448-F449-F450-F451-F452-F453-F454-F455-F456-F457-F458-F459-F460-F461-F462-F463-F464-F465-F466-F467-F468-F469-F470-F471-F472-F473-F474-F475-F476-F477-F478-F479-F480-F481-F482-F483-F484-F485-F486-F487-F488-F489-F490-F491-F492-F493-F494-F495-F496-F497-F498-F499-F500-F501-E502511-E502508-E507509-F512

## Summary

Number of input bits: 512  
Number of free input bits: 7  
Number of output bits: 160

Number of direct occurrences: 28824  
Number of assignments: 30829  
Number of operations: 10934791
(xor: 10905708,
and: 15974,
or: 13109)

Total complexity: 7.212668779412584 × 10^298

Least occurring input variable: iv_505 (3885)  
Most occurring input variable: iv_502 (4467)

Most co-occurring input variables: iv_507-iv_510 (2078)  
Least co-occurring input variables: iv_505-iv_506 (1776)

Potentially most occurring input variable: iv_502/iv_507 (4623)  
Potentially least occurring input variable: iv_504/iv_506 (4123)

Least output occurring input variable: iv_502 (70)  
Most output occurring input variable: iv_506 (82)

Most output co-occurring input variables: iv_506-iv_507 (42)  
Least output co-occurring input variables: iv_502-iv_507 (30)

Potentially most output occurring input variable: iv_503/iv_507 (92)  
Potentially least output occurring input variable: iv_502/iv_510 (66)

Least complex input bit: iv_503 (1.5854413431321354 × 10^297)  
Most complex input bit: iv_507 (2.2366643319484476 × 10^298)

Least complex output bit: aaa_76_29 (1.1385484847401939 × 10^274)  
Most complex output bit: ov_001 (1.1464762781952815 × 10^298)

Least complex input/output complexity: iv_503/aaa_76_29 (2.5026822859520806 × 10^272)  
Most complex input/output complexity: iv_507/ov_001 (3.555247963394248 × 10^297)

Input variable with highest collision probability: iv_503 (½^160.00000000000048)

## Input Bits

### Input Bits in Regular Order

| Input Bit | Complexity | Occurrences | Output Occurrences | Collision Probability |
|:---------:|:----------:|:-----------:|:------------------:|:---------------------:|
| iv_502 | 1.4704468691250269 × 10^298 | 4467 | 70 | ½^160.00000000000074 |
| iv_503 | 1.5854413431321354 × 10^297 | 4129 | 78 | ½^160.00000000000048 |
| iv_504 | 2.6352142654908177 × 10^297 | 3894 | 78 | ½^160.00000000000054 |
| iv_505 | 4.1888534785309655 × 10^297 | 3885 | 79 | ½^160.00000000000077 |
| iv_506 | 6.440294727270445 × 10^297 | 3931 | 82 | ½^160.0000000000007 |
| iv_507 | 2.2366643319484476 × 10^298 | 4298 | 80 | ½^160.00000000000077 |
| iv_510 | 2.0205771968966877 × 10^298 | 4220 | 74 | ½^160.00000000000077 |

### Input Bits Sorted by Complexity

| Input Bit | Complexity | Occurrences | Output Occurrences | Collision Probability |
|:---------:|:----------:|:-----------:|:------------------:|:---------------------:|
| iv_503 | 1.5854413431321354 × 10^297 | 4129 | 78 | ½^160.00000000000048 |
| iv_504 | 2.6352142654908177 × 10^297 | 3894 | 78 | ½^160.00000000000054 |
| iv_505 | 4.1888534785309655 × 10^297 | 3885 | 79 | ½^160.00000000000077 |
| iv_506 | 6.440294727270445 × 10^297 | 3931 | 82 | ½^160.0000000000007 |
| iv_502 | 1.4704468691250269 × 10^298 | 4467 | 70 | ½^160.00000000000074 |
| iv_510 | 2.0205771968966877 × 10^298 | 4220 | 74 | ½^160.00000000000077 |
| iv_507 | 2.2366643319484476 × 10^298 | 4298 | 80 | ½^160.00000000000077 |

### Input Bits Sorted by Occurrences

| Input Bit | Complexity | Occurrences | Output Occurrences | Collision Probability |
|:---------:|:----------:|:-----------:|:------------------:|:---------------------:|
| iv_505 | 4.1888534785309655 × 10^297 | 3885 | 79 | ½^160.00000000000077 |
| iv_504 | 2.6352142654908177 × 10^297 | 3894 | 78 | ½^160.00000000000054 |
| iv_506 | 6.440294727270445 × 10^297 | 3931 | 82 | ½^160.0000000000007 |
| iv_503 | 1.5854413431321354 × 10^297 | 4129 | 78 | ½^160.00000000000048 |
| iv_510 | 2.0205771968966877 × 10^298 | 4220 | 74 | ½^160.00000000000077 |
| iv_507 | 2.2366643319484476 × 10^298 | 4298 | 80 | ½^160.00000000000077 |
| iv_502 | 1.4704468691250269 × 10^298 | 4467 | 70 | ½^160.00000000000074 |

### Input Bits Sorted by Output Occurrences

| Input Bit | Complexity | Occurrences | Output Occurrences | Collision Probability |
|:---------:|:----------:|:-----------:|:------------------:|:---------------------:|
| iv_502 | 1.4704468691250269 × 10^298 | 4467 | 70 | ½^160.00000000000074 |
| iv_510 | 2.0205771968966877 × 10^298 | 4220 | 74 | ½^160.00000000000077 |
| iv_503 | 1.5854413431321354 × 10^297 | 4129 | 78 | ½^160.00000000000048 |
| iv_504 | 2.6352142654908177 × 10^297 | 3894 | 78 | ½^160.00000000000054 |
| iv_505 | 4.1888534785309655 × 10^297 | 3885 | 79 | ½^160.00000000000077 |
| iv_507 | 2.2366643319484476 × 10^298 | 4298 | 80 | ½^160.00000000000077 |
| iv_506 | 6.440294727270445 × 10^297 | 3931 | 82 | ½^160.0000000000007 |

### Input Bits Sorted by Collision Probability

| Input Bit | Complexity | Occurrences | Output Occurrences | Collision Probability |
|:---------:|:----------:|:-----------:|:------------------:|:---------------------:|
| iv_503 | 1.5854413431321354 × 10^297 | 4129 | 78 | ½^160.00000000000048 |
| iv_504 | 2.6352142654908177 × 10^297 | 3894 | 78 | ½^160.00000000000054 |
| iv_506 | 6.440294727270445 × 10^297 | 3931 | 82 | ½^160.0000000000007 |
| iv_502 | 1.4704468691250269 × 10^298 | 4467 | 70 | ½^160.00000000000074 |
| iv_510 | 2.0205771968966877 × 10^298 | 4220 | 74 | ½^160.00000000000077 |
| iv_505 | 4.1888534785309655 × 10^297 | 3885 | 79 | ½^160.00000000000077 |
| iv_507 | 2.2366643319484476 × 10^298 | 4298 | 80 | ½^160.00000000000077 |

## Input Bit/Output Bit Collision Probabilities

| Input Bit | Output Bit | Collision Probability |
|:---------:|:----------:|:---------------------:|
| iv_503 | ov_031 | 0.500000000000004 |
| iv_504 | ov_074 | 0.5000000000000027 |
| iv_504 | lv_79_k31 | 0.5000000000000019 |
| iv_503 | ov_007 | 0.5000000000000018 |
| iv_503 | ov_038 | 0.5000000000000018 |
| iv_504 | ov_039 | 0.5000000000000018 |
| iv_504 | ov_041 | 0.5000000000000018 |

## Input Bit Co-occurrences

### Input Bit Co-occurrences Sorted by Co-occurrences

| Input Bits | Co-occurrences | Potential Occurrences | Output Co-occurrences | Potential Output Occurrences |
|:----------:|:--------------:|:---------------------:|:---------------------:|:----------------------------:|
| iv_507-iv_510 | 2078 | 4362 | 36 | 82 |
| iv_502-iv_510 | 2076 | 4535 | 39 | 66 |
| iv_502-iv_507 | 2071 | 4623 | 30 | 90 |
| iv_502-iv_503 | 2039 | 4518 | 33 | 82 |
| iv_503-iv_507 | 2013 | 4401 | 33 | 92 |
| iv_503-iv_510 | 2001 | 4347 | 38 | 76 |
| iv_502-iv_504 | 1986 | 4389 | 39 | 70 |

### Input Bit Co-occurrences Sorted by Potential Occurrences

| Input Bits | Co-occurrences | Potential Occurrences | Output Co-occurrences | Potential Output Occurrences |
|:----------:|:--------------:|:---------------------:|:---------------------:|:----------------------------:|
| iv_504-iv_506 | 1851 | 4123 | 42 | 76 |
| iv_504-iv_505 | 1820 | 4139 | 41 | 75 |
| iv_505-iv_510 | 1967 | 4171 | 40 | 73 |
| iv_503-iv_505 | 1901 | 4212 | 42 | 73 |
| iv_504-iv_510 | 1928 | 4258 | 34 | 84 |
| iv_505-iv_506 | 1776 | 4264 | 39 | 83 |
| iv_503-iv_504 | 1863 | 4297 | 33 | 90 |

### Input Bit Output Co-occurrences Sorted by Output Co-occurrences

| Input Bits | Co-occurrences | Potential Occurrences | Output Co-occurrences | Potential Output Occurrences |
|:----------:|:--------------:|:---------------------:|:---------------------:|:----------------------------:|
| iv_503-iv_505 | 1901 | 4212 | 42 | 73 |
| iv_504-iv_506 | 1851 | 4123 | 42 | 76 |
| iv_506-iv_507 | 1965 | 4299 | 42 | 78 |
| iv_504-iv_505 | 1820 | 4139 | 41 | 75 |
| iv_502-iv_505 | 1916 | 4520 | 40 | 69 |
| iv_505-iv_510 | 1967 | 4171 | 40 | 73 |
| iv_502-iv_504 | 1986 | 4389 | 39 | 70 |

### Input Bit Output Co-occurrences Sorted by Potential Output Occurrences

| Input Bits | Co-occurrences | Potential Occurrences | Output Co-occurrences | Potential Output Occurrences |
|:----------:|:--------------:|:---------------------:|:---------------------:|:----------------------------:|
| iv_502-iv_510 | 2076 | 4535 | 39 | 66 |
| iv_502-iv_505 | 1916 | 4520 | 40 | 69 |
| iv_502-iv_504 | 1986 | 4389 | 39 | 70 |
| iv_503-iv_505 | 1901 | 4212 | 42 | 73 |
| iv_505-iv_510 | 1967 | 4171 | 40 | 73 |
| iv_504-iv_505 | 1820 | 4139 | 41 | 75 |
| iv_502-iv_506 | 1911 | 4576 | 38 | 76 |

## Output Bits

### Output Bits in Regular Order

| Rank | Output Bit | Complexity |
|:----:|:----------:|:----------:|
| 1 | ov_001 | 1.1464762781952815 × 10^298 |
| 2 | ov_002 | 9.967790867753118 × 10^297 |
| 3 | ov_003 | 8.615897480820131 × 10^297 |
| 4 | ov_004 | 7.403062208935245 × 10^297 |
| 5 | ov_005 | 6.323592829028669 × 10^297 |
| 6 | ov_006 | 5.366997410139843 × 10^297 |
| 7 | ov_007 | 4.5233335728612284 × 10^297 |
| 8 | ov_008 | 3.7831751531085564 × 10^297 |
| 9 | ov_009 | 3.137583500727865 × 10^297 |
| 10 | ov_010 | 2.5780829541146846 × 10^297 |
| 11 | ov_011 | 2.096640162822183 × 10^297 |
| 12 | ov_012 | 1.6856469837059596 × 10^297 |
| 13 | ov_013 | 1.3379066645676036 × 10^297 |
| 14 | ov_014 | 1.0466229643724277 × 10^297 |
| 15 | ov_015 | 8.053917997409832 × 10^296 |
| 16 | ov_016 | 6.081950085257491 × 10^296 |
| 17 | ov_017 | 4.493958516308375 × 10^296 |
| 18 | ov_018 | 3.2373590447921633 × 10^296 |
| 19 | ov_019 | 2.263330197180526 × 10^296 |
| 20 | ov_020 | 1.5268007290402083 × 10^296 |
| 21 | ov_021 | 9.864423304244005 × 10^295 |
| 22 | ov_022 | 6.046654046100948 × 10^295 |
| 23 | ov_023 | 3.4761642793907394 × 10^295 |
| 24 | ov_024 | 1.8517617825255465 × 10^295 |
| 25 | ov_025 | 9.095857650031267 × 10^294 |
| 26 | ov_026 | 4.2309992245116016 × 10^294 |
| 27 | ov_027 | 2.030887129029853 × 10^294 |
| 28 | ov_028 | 9.765563092644497 × 10^293 |
| 29 | ov_029 | 4.0182057966214905 × 10^293 |
| 30 | ov_030 | 1.3276474468173616 × 10^293 |
| 31 | ov_031 | 3.2100266271062413 × 10^292 |
| 32 | lv_80_k31 | 7.758947377736657 × 10^291 |
| 33 | ov_033 | 9.250341744442042 × 10^292 |
| 34 | ov_034 | 7.98279206773801 × 10^292 |
| 35 | ov_035 | 6.855233533678158 × 10^292 |
| 36 | ov_036 | 5.855866188826015 × 10^292 |
| 37 | ov_037 | 4.973523775260318 × 10^292 |
| 38 | ov_038 | 4.197629037411553 × 10^292 |
| 39 | ov_039 | 3.5181551579494933 × 10^292 |
| 40 | ov_040 | 2.92559270296384 × 10^292 |
| 41 | ov_041 | 2.4109214945199313 × 10^292 |
| 42 | ov_042 | 1.965586864540902 × 10^292 |
| 43 | ov_043 | 1.5814797781017053 × 10^292 |
| 44 | ov_044 | 1.2509203729219483 × 10^292 |
| 45 | ov_045 | 9.70174154122467 × 10^291 |
| 46 | ov_046 | 7.357115128986666 × 10^291 |
| 47 | ov_047 | 5.4420300582450026 × 10^291 |
| 48 | ov_048 | 3.925157128255993 × 10^291 |
| 49 | ov_049 | 2.7496316458584397 × 10^291 |
| 50 | ov_050 | 1.8624109618936374 × 10^291 |
| 51 | ov_051 | 1.2142513646365029 × 10^291 |
| 52 | ov_052 | 7.596931458197287 × 10^290 |
| 53 | ov_053 | 4.570515873022288 × 10^290 |
| 54 | ov_054 | 2.684118785672756 × 10^290 |
| 55 | ov_055 | 1.596263118852013 × 10^290 |
| 56 | ov_056 | 1.003126319787115 × 10^290 |
| 57 | ov_057 | 6.385300014595423 × 10^289 |
| 58 | ov_058 | 3.787950131606317 × 10^289 |
| 59 | ov_059 | 2.051046586857398 × 10^289 |
| 60 | ov_060 | 9.864270607431742 × 10^288 |
| 61 | ov_061 | 4.059307297645841 × 10^288 |
| 62 | ov_062 | 1.3412744558611216 × 10^288 |
| 63 | ov_063 | 3.2429741911934884 × 10^287 |
| 64 | lv_79_k31 | 7.83831326446964 × 10^286 |
| 65 | ov_065 | 9.275972699434252 × 10^287 |
| 66 | ov_066 | 9.275949493748859 × 10^287 |
| 67 | ov_067 | 9.275941972677716 × 10^287 |
| 68 | ov_068 | 8.002913263740017 × 10^287 |
| 69 | ov_069 | 6.8647103182029 × 10^287 |
| 70 | ov_070 | 5.8553289775260335 × 10^287 |
| 71 | ov_071 | 4.963848768498852 × 10^287 |
| 72 | ov_072 | 4.180017441066373 × 10^287 |
| 73 | ov_073 | 3.494206694523463 × 10^287 |
| 74 | ov_074 | 2.897371955896404 × 10^287 |
| 75 | ov_075 | 2.3810159959044033 × 10^287 |
| 76 | ov_076 | 1.93715617461272 × 10^287 |
| 77 | ov_077 | 1.558295114253004 × 10^287 |
| 78 | ov_078 | 1.237394600885593 × 10^287 |
| 79 | ov_079 | 9.678525197903193 × 10^286 |
| 80 | ov_080 | 7.434826318608101 × 10^286 |
| 81 | ov_081 | 5.58496999993474 × 10^286 |
| 82 | ov_082 | 4.10099194113603 × 10^286 |
| 83 | ov_083 | 2.9325481190664123 × 10^286 |
| 84 | ov_084 | 2.0328903749149907 × 10^286 |
| 85 | ov_085 | 1.3587777585458902 × 10^286 |
| 86 | ov_086 | 8.704049336601612 × 10^285 |
| 87 | ov_087 | 5.313457632128813 × 10^285 |
| 88 | ov_088 | 3.0851019508595164 × 10^285 |
| 89 | ov_089 | 1.721125683711401 × 10^285 |
| 90 | ov_090 | 9.564946082864631 × 10^284 |
| 91 | ov_091 | 5.588519820598711 × 10^284 |
| 92 | ov_092 | 3.284316201779708 × 10^284 |
| 93 | ov_093 | 1.7349025104254143 × 10^284 |
| 94 | ov_094 | 7.776986535813077 × 10^283 |
| 95 | aaa_78_28 | 2.501444699523732 × 10^283 |
| 96 | aaa_78_29 | 9.478570351230659 × 10^282 |
| 97 | ov_097 | 1.0327307551062855 × 10^283 |
| 98 | ov_098 | 1.0326998693486222 × 10^283 |
| 99 | ov_099 | 1.0326900131996221 × 10^283 |
| 100 | ov_100 | 9.295386428599614 × 10^282 |
| 101 | ov_101 | 8.339611448531056 × 10^282 |
| 102 | ov_102 | 7.455455345713888 × 10^282 |
| 103 | ov_103 | 6.639101037283195 × 10^282 |
| 104 | ov_104 | 5.886993922124654 × 10^282 |
| 105 | ov_105 | 5.195805325467287 × 10^282 |
| 106 | ov_106 | 4.562399471289157 × 10^282 |
| 107 | ov_107 | 3.9838037923397996 × 10^282 |
| 108 | ov_108 | 3.457182394214811 × 10^282 |
| 109 | ov_109 | 2.9798124953122045 × 10^282 |
| 110 | ov_110 | 2.5490636688116616 × 10^282 |
| 111 | ov_111 | 2.1623797161808123 × 10^282 |
| 112 | ov_112 | 1.8172630042585186 × 10^282 |
| 113 | ov_113 | 1.5112610998394247 × 10^282 |
| 114 | ov_114 | 1.2419555370184254 × 10^282 |
| 115 | ov_115 | 1.0069525534598212 × 10^282 |
| 116 | ov_116 | 8.038756323373439 × 10^281 |
| 117 | ov_117 | 6.303596870369887 × 10^281 |
| 118 | ov_118 | 4.840467259086614 × 10^281 |
| 119 | ov_119 | 3.625828344606671 × 10^281 |
| 120 | ov_120 | 2.6361631244592716 × 10^281 |
| 121 | ov_121 | 1.8479670974214416 × 10^281 |
| 122 | ov_122 | 1.2377435841933238 × 10^281 |
| 123 | ov_123 | 7.820007964298572 × 10^280 |
| 124 | ov_124 | 4.572497050441107 × 10^280 |
| 125 | ov_125 | 2.4000264237496374 × 10^280 |
| 126 | ov_126 | 1.067724988272058 × 10^280 |
| 127 | aaa_77_28 | 3.4072342991334475 × 10^279 |
| 128 | aaa_77_29 | 1.2761072190898174 × 10^279 |
| 129 | ov_129 | 1.162733925180039 × 10^279 |
| 130 | ov_130 | 1.162731156907676 × 10^279 |
| 131 | ov_131 | 1.1627302682589277 × 10^279 |
| 132 | ov_132 | 1.0042591641446263 × 10^279 |
| 133 | ov_133 | 8.626389812900573 × 10^278 |
| 134 | ov_134 | 7.365736854400112 × 10^278 |
| 135 | ov_135 | 6.248390888309991 × 10^278 |
| 136 | ov_136 | 5.2627759882178495 × 10^278 |
| 137 | ov_137 | 4.397936471147399 × 10^278 |
| 138 | ov_138 | 3.643497497973348 × 10^278 |
| 139 | ov_139 | 2.989631391978211 × 10^278 |
| 140 | ov_140 | 2.4270290774282083 × 10^278 |
| 141 | ov_141 | 1.9468760726579364 × 10^278 |
| 142 | ov_142 | 1.5408325040443894 × 10^278 |
| 143 | ov_143 | 1.2010166385945613 × 10^278 |
| 144 | ov_144 | 9.199914894458301 × 10^277 |
| 145 | ov_145 | 6.907541305009792 × 10^277 |
| 146 | ov_146 | 5.06727386876541 × 10^277 |
| 147 | ov_147 | 3.6175354690345565 × 10^277 |
| 148 | ov_148 | 2.500897460373013 × 10^277 |
| 149 | ov_149 | 1.6640470324334907 × 10^277 |
| 150 | ov_150 | 1.0577652060283403 × 10^277 |
| 151 | ov_151 | 6.369128705127268 × 10^276 |
| 152 | ov_152 | 3.6042257313344226 × 10^276 |
| 153 | ov_153 | 1.9129407245788775 × 10^276 |
| 154 | ov_154 | 9.659203715431456 × 10^275 |
| 155 | ov_155 | 4.744480098083184 × 10^275 |
| 156 | aaa_76_25 | 1.904368358273465 × 10^275 |
| 157 | aaa_76_26 | 1.1717424511141154 × 10^275 |
| 158 | aaa_76_27 | 6.422328948856978 × 10^274 |
| 159 | aaa_76_28 | 3.025223072455949 × 10^274 |
| 160 | aaa_76_29 | 1.1385484847401939 × 10^274 |

### Output Bits Sorted by Complexity

| Rank | Output Bit | Complexity |
|:----:|:----------:|:----------:|
| 160 | aaa_76_29 | 1.1385484847401939 × 10^274 |
| 159 | aaa_76_28 | 3.025223072455949 × 10^274 |
| 158 | aaa_76_27 | 6.422328948856978 × 10^274 |
| 157 | aaa_76_26 | 1.1717424511141154 × 10^275 |
| 156 | aaa_76_25 | 1.904368358273465 × 10^275 |
| 155 | ov_155 | 4.744480098083184 × 10^275 |
| 154 | ov_154 | 9.659203715431456 × 10^275 |
| 153 | ov_153 | 1.9129407245788775 × 10^276 |
| 152 | ov_152 | 3.6042257313344226 × 10^276 |
| 151 | ov_151 | 6.369128705127268 × 10^276 |
| 150 | ov_150 | 1.0577652060283403 × 10^277 |
| 149 | ov_149 | 1.6640470324334907 × 10^277 |
| 148 | ov_148 | 2.500897460373013 × 10^277 |
| 147 | ov_147 | 3.6175354690345565 × 10^277 |
| 146 | ov_146 | 5.06727386876541 × 10^277 |
| 145 | ov_145 | 6.907541305009792 × 10^277 |
| 144 | ov_144 | 9.199914894458301 × 10^277 |
| 143 | ov_143 | 1.2010166385945613 × 10^278 |
| 142 | ov_142 | 1.5408325040443894 × 10^278 |
| 141 | ov_141 | 1.9468760726579364 × 10^278 |
| 140 | ov_140 | 2.4270290774282083 × 10^278 |
| 139 | ov_139 | 2.989631391978211 × 10^278 |
| 138 | ov_138 | 3.643497497973348 × 10^278 |
| 137 | ov_137 | 4.397936471147399 × 10^278 |
| 136 | ov_136 | 5.2627759882178495 × 10^278 |
| 135 | ov_135 | 6.248390888309991 × 10^278 |
| 134 | ov_134 | 7.365736854400112 × 10^278 |
| 133 | ov_133 | 8.626389812900573 × 10^278 |
| 132 | ov_132 | 1.0042591641446263 × 10^279 |
| 131 | ov_131 | 1.1627302682589277 × 10^279 |
| 130 | ov_130 | 1.162731156907676 × 10^279 |
| 129 | ov_129 | 1.162733925180039 × 10^279 |
| 128 | aaa_77_29 | 1.2761072190898174 × 10^279 |
| 127 | aaa_77_28 | 3.4072342991334475 × 10^279 |
| 126 | ov_126 | 1.067724988272058 × 10^280 |
| 125 | ov_125 | 2.4000264237496374 × 10^280 |
| 124 | ov_124 | 4.572497050441107 × 10^280 |
| 123 | ov_123 | 7.820007964298572 × 10^280 |
| 122 | ov_122 | 1.2377435841933238 × 10^281 |
| 121 | ov_121 | 1.8479670974214416 × 10^281 |
| 120 | ov_120 | 2.6361631244592716 × 10^281 |
| 119 | ov_119 | 3.625828344606671 × 10^281 |
| 118 | ov_118 | 4.840467259086614 × 10^281 |
| 117 | ov_117 | 6.303596870369887 × 10^281 |
| 116 | ov_116 | 8.038756323373439 × 10^281 |
| 115 | ov_115 | 1.0069525534598212 × 10^282 |
| 114 | ov_114 | 1.2419555370184254 × 10^282 |
| 113 | ov_113 | 1.5112610998394247 × 10^282 |
| 112 | ov_112 | 1.8172630042585186 × 10^282 |
| 111 | ov_111 | 2.1623797161808123 × 10^282 |
| 110 | ov_110 | 2.5490636688116616 × 10^282 |
| 109 | ov_109 | 2.9798124953122045 × 10^282 |
| 108 | ov_108 | 3.457182394214811 × 10^282 |
| 107 | ov_107 | 3.9838037923397996 × 10^282 |
| 106 | ov_106 | 4.562399471289157 × 10^282 |
| 105 | ov_105 | 5.195805325467287 × 10^282 |
| 104 | ov_104 | 5.886993922124654 × 10^282 |
| 103 | ov_103 | 6.639101037283195 × 10^282 |
| 102 | ov_102 | 7.455455345713888 × 10^282 |
| 101 | ov_101 | 8.339611448531056 × 10^282 |
| 100 | ov_100 | 9.295386428599614 × 10^282 |
| 96 | aaa_78_29 | 9.478570351230659 × 10^282 |
| 99 | ov_099 | 1.0326900131996221 × 10^283 |
| 98 | ov_098 | 1.0326998693486222 × 10^283 |
| 97 | ov_097 | 1.0327307551062855 × 10^283 |
| 95 | aaa_78_28 | 2.501444699523732 × 10^283 |
| 94 | ov_094 | 7.776986535813077 × 10^283 |
| 93 | ov_093 | 1.7349025104254143 × 10^284 |
| 92 | ov_092 | 3.284316201779708 × 10^284 |
| 91 | ov_091 | 5.588519820598711 × 10^284 |
| 90 | ov_090 | 9.564946082864631 × 10^284 |
| 89 | ov_089 | 1.721125683711401 × 10^285 |
| 88 | ov_088 | 3.0851019508595164 × 10^285 |
| 87 | ov_087 | 5.313457632128813 × 10^285 |
| 86 | ov_086 | 8.704049336601612 × 10^285 |
| 85 | ov_085 | 1.3587777585458902 × 10^286 |
| 84 | ov_084 | 2.0328903749149907 × 10^286 |
| 83 | ov_083 | 2.9325481190664123 × 10^286 |
| 82 | ov_082 | 4.10099194113603 × 10^286 |
| 81 | ov_081 | 5.58496999993474 × 10^286 |
| 80 | ov_080 | 7.434826318608101 × 10^286 |
| 64 | lv_79_k31 | 7.83831326446964 × 10^286 |
| 79 | ov_079 | 9.678525197903193 × 10^286 |
| 78 | ov_078 | 1.237394600885593 × 10^287 |
| 77 | ov_077 | 1.558295114253004 × 10^287 |
| 76 | ov_076 | 1.93715617461272 × 10^287 |
| 75 | ov_075 | 2.3810159959044033 × 10^287 |
| 74 | ov_074 | 2.897371955896404 × 10^287 |
| 63 | ov_063 | 3.2429741911934884 × 10^287 |
| 73 | ov_073 | 3.494206694523463 × 10^287 |
| 72 | ov_072 | 4.180017441066373 × 10^287 |
| 71 | ov_071 | 4.963848768498852 × 10^287 |
| 70 | ov_070 | 5.8553289775260335 × 10^287 |
| 69 | ov_069 | 6.8647103182029 × 10^287 |
| 68 | ov_068 | 8.002913263740017 × 10^287 |
| 67 | ov_067 | 9.275941972677716 × 10^287 |
| 66 | ov_066 | 9.275949493748859 × 10^287 |
| 65 | ov_065 | 9.275972699434252 × 10^287 |
| 62 | ov_062 | 1.3412744558611216 × 10^288 |
| 61 | ov_061 | 4.059307297645841 × 10^288 |
| 60 | ov_060 | 9.864270607431742 × 10^288 |
| 59 | ov_059 | 2.051046586857398 × 10^289 |
| 58 | ov_058 | 3.787950131606317 × 10^289 |
| 57 | ov_057 | 6.385300014595423 × 10^289 |
| 56 | ov_056 | 1.003126319787115 × 10^290 |
| 55 | ov_055 | 1.596263118852013 × 10^290 |
| 54 | ov_054 | 2.684118785672756 × 10^290 |
| 53 | ov_053 | 4.570515873022288 × 10^290 |
| 52 | ov_052 | 7.596931458197287 × 10^290 |
| 51 | ov_051 | 1.2142513646365029 × 10^291 |
| 50 | ov_050 | 1.8624109618936374 × 10^291 |
| 49 | ov_049 | 2.7496316458584397 × 10^291 |
| 48 | ov_048 | 3.925157128255993 × 10^291 |
| 47 | ov_047 | 5.4420300582450026 × 10^291 |
| 46 | ov_046 | 7.357115128986666 × 10^291 |
| 32 | lv_80_k31 | 7.758947377736657 × 10^291 |
| 45 | ov_045 | 9.70174154122467 × 10^291 |
| 44 | ov_044 | 1.2509203729219483 × 10^292 |
| 43 | ov_043 | 1.5814797781017053 × 10^292 |
| 42 | ov_042 | 1.965586864540902 × 10^292 |
| 41 | ov_041 | 2.4109214945199313 × 10^292 |
| 40 | ov_040 | 2.92559270296384 × 10^292 |
| 31 | ov_031 | 3.2100266271062413 × 10^292 |
| 39 | ov_039 | 3.5181551579494933 × 10^292 |
| 38 | ov_038 | 4.197629037411553 × 10^292 |
| 37 | ov_037 | 4.973523775260318 × 10^292 |
| 36 | ov_036 | 5.855866188826015 × 10^292 |
| 35 | ov_035 | 6.855233533678158 × 10^292 |
| 34 | ov_034 | 7.98279206773801 × 10^292 |
| 33 | ov_033 | 9.250341744442042 × 10^292 |
| 30 | ov_030 | 1.3276474468173616 × 10^293 |
| 29 | ov_029 | 4.0182057966214905 × 10^293 |
| 28 | ov_028 | 9.765563092644497 × 10^293 |
| 27 | ov_027 | 2.030887129029853 × 10^294 |
| 26 | ov_026 | 4.2309992245116016 × 10^294 |
| 25 | ov_025 | 9.095857650031267 × 10^294 |
| 24 | ov_024 | 1.8517617825255465 × 10^295 |
| 23 | ov_023 | 3.4761642793907394 × 10^295 |
| 22 | ov_022 | 6.046654046100948 × 10^295 |
| 21 | ov_021 | 9.864423304244005 × 10^295 |
| 20 | ov_020 | 1.5268007290402083 × 10^296 |
| 19 | ov_019 | 2.263330197180526 × 10^296 |
| 18 | ov_018 | 3.2373590447921633 × 10^296 |
| 17 | ov_017 | 4.493958516308375 × 10^296 |
| 16 | ov_016 | 6.081950085257491 × 10^296 |
| 15 | ov_015 | 8.053917997409832 × 10^296 |
| 14 | ov_014 | 1.0466229643724277 × 10^297 |
| 13 | ov_013 | 1.3379066645676036 × 10^297 |
| 12 | ov_012 | 1.6856469837059596 × 10^297 |
| 11 | ov_011 | 2.096640162822183 × 10^297 |
| 10 | ov_010 | 2.5780829541146846 × 10^297 |
| 9 | ov_009 | 3.137583500727865 × 10^297 |
| 8 | ov_008 | 3.7831751531085564 × 10^297 |
| 7 | ov_007 | 4.5233335728612284 × 10^297 |
| 6 | ov_006 | 5.366997410139843 × 10^297 |
| 5 | ov_005 | 6.323592829028669 × 10^297 |
| 4 | ov_004 | 7.403062208935245 × 10^297 |
| 3 | ov_003 | 8.615897480820131 × 10^297 |
| 2 | ov_002 | 9.967790867753118 × 10^297 |
| 1 | ov_001 | 1.1464762781952815 × 10^298 |

