# Results for F008-F009-F010-F011-F012-F013-F014-F015-F016-F017-F018-F019-F020-F021-F022-F023-F024-F025-F026-F027-F028-F029-F030-F031-F032-F033-F034-F035-F036-F037-F038-F039-F040-F041-F042-F043-F044-F045-F046-F047-F048-F049-F050-F051-F052-F053-F054-F055-F056-F057-F058-F059-F060-F061-F062-F063-F064-F065-F066-F067-F068-F069-F070-F071-F072-F073-F074-F075-F076-F077-F078-F079-F080-F081-F082-F083-F084-F085-F086-F087-F088-F089-F090-F091-F092-F093-F094-F095-F096-F097-F098-F099-F100-F101-F102-F103-F104-F105-F106-F107-F108-F109-F110-F111-F112-F113-F114-F115-F116-F117-F118-F119-F120-F121-F122-F123-F124-F125-F126-F127-F128-F129-F130-F131-F132-F133-F134-F135-F136-F137-F138-F139-F140-F141-F142-F143-F144-F145-F146-F147-F148-F149-F150-F151-F152-F153-F154-F155-F156-F157-F158-F159-F160-F161-F162-F163-F164-F165-F166-F167-F168-F169-F170-F171-F172-F173-F174-F175-F176-F177-F178-F179-F180-F181-F182-F183-F184-F185-F186-F187-F188-F189-F190-F191-F192-F193-F194-F195-F196-F197-F198-F199-F200-F201-F202-F203-F204-F205-F206-F207-F208-F209-F210-F211-F212-F213-F214-F215-F216-F217-F218-F219-F220-F221-F222-F223-F224-F225-F226-F227-F228-F229-F230-F231-F232-F233-F234-F235-F236-F237-F238-F239-F240-F241-F242-F243-F244-F245-F246-F247-F248-F249-F250-F251-F252-F253-F254-F255-F256-F257-F258-F259-F260-F261-F262-F263-F264-F265-F266-F267-F268-F269-F270-F271-F272-F273-F274-F275-F276-F277-F278-F279-F280-F281-F282-F283-F284-F285-F286-F287-F288-F289-F290-F291-F292-F293-F294-F295-F296-F297-F298-F299-F300-F301-F302-F303-F304-F305-F306-F307-F308-F309-F310-F311-F312-F313-F314-F315-F316-F317-F318-F319-F320-F321-F322-F323-F324-F325-F326-F327-F328-F329-F330-F331-F332-F333-F334-F335-F336-F337-F338-F339-F340-F341-F342-F343-F344-F345-F346-F347-F348-F349-F350-F351-F352-F353-F354-F355-F356-F357-F358-F359-F360-F361-F362-F363-F364-F365-F366-F367-F368-F369-F370-F371-F372-F373-F374-F375-F376-F377-F378-F379-F380-F381-F382-F383-F384-F385-F386-F387-F388-F389-F390-F391-F392-F393-F394-F395-F396-F397-F398-F399-F400-F401-F402-F403-F404-F405-F406-F407-F408-F409-F410-F411-F412-F413-F414-F415-F416-F417-F418-F419-F420-F421-F422-F423-F424-F425-F426-F427-F428-F429-F430-F431-F432-F433-F434-F435-F436-F437-F438-F439-F440-F441-F442-F443-F444-F445-F446-F447-F448-F449-F450-F451-F452-F453-F454-F455-F456-F457-F458-F459-F460-F461-F462-F463-F464-F465-F466-F467-F468-F469-F470-F471-F472-F473-F474-F475-F476-F477-F478-F479-F480-F481-F482-F483-F484-F485-F486-F487-F488-F489-F490-F491-F492-F493-F494-F495-F496-F497-F498-F499-F500-F501-F502-F503-F504-F505-F506-F507-F508-F509-F510-F511-F512

## Summary

Number of input bits: 512  
Number of free input bits: 7  
Number of output bits: 160

Number of direct occurrences: 32992  
Number of assignments: 37205  
Number of operations: 18403005
(xor: 18361893,
and: 25507,
or: 15605)

Total complexity: 1.785505770227757 × 10^350

Least occurring input variable: iv_001 (4550)  
Most occurring input variable: iv_006 (4949)

Most co-occurring input variables: iv_005-iv_006 (2505)  
Least co-occurring input variables: iv_001-iv_005 (2018)

Potentially most occurring input variable: iv_002/iv_004 (5219)  
Potentially least occurring input variable: iv_005/iv_006 (4530)

Least output occurring input variable: iv_005 (73)  
Most output occurring input variable: iv_006 (88)

Most output co-occurring input variables: iv_003-iv_006 (47)  
Least output co-occurring input variables: iv_001-iv_005 (30)

Potentially most output occurring input variable: iv_002/iv_004 (96)  
Potentially least output occurring input variable: iv_002/iv_006 (72)

Least complex input bit: iv_001 (1.1174549560443587 × 10^348)  
Most complex input bit: iv_006 (6.4522994868832655 × 10^349)

Least complex output bit: aaa_76_29 (6.726769625117531 × 10^325)  
Most complex output bit: ov_001 (2.7426956294974286 × 10^349)

Least complex input/output complexity: iv_001/aaa_76_29 (4.209934339667465 × 10^323)  
Most complex input/output complexity: iv_006/ov_001 (9.911305747629067 × 10^348)

Input variable with highest collision probability: iv_005 (½^160.00000000000065)

## Input Bits

### Input Bits in Regular Order

| Input Bit | Complexity | Occurrences | Output Occurrences | Collision Probability |
|:---------:|:----------:|:-----------:|:------------------:|:---------------------:|
| iv_001 | 1.1174549560443587 × 10^348 | 4550 | 75 | ½^160.00000000000077 |
| iv_002 | 4.840070406471982 × 10^348 | 4705 | 78 | ½^160.00000000000074 |
| iv_003 | 1.3784682528307036 × 10^349 | 4689 | 83 | ½^160.00000000000074 |
| iv_004 | 2.9708703691593155 × 10^349 | 4812 | 86 | ½^160.00000000000105 |
| iv_005 | 4.708438347101235 × 10^349 | 4591 | 73 | ½^160.00000000000065 |
| iv_006 | 6.4522994868832655 × 10^349 | 4949 | 88 | ½^160.00000000000077 |
| iv_007 | 1.749228710051424 × 10^349 | 4696 | 77 | ½^160.00000000000088 |

### Input Bits Sorted by Complexity

| Input Bit | Complexity | Occurrences | Output Occurrences | Collision Probability |
|:---------:|:----------:|:-----------:|:------------------:|:---------------------:|
| iv_001 | 1.1174549560443587 × 10^348 | 4550 | 75 | ½^160.00000000000077 |
| iv_002 | 4.840070406471982 × 10^348 | 4705 | 78 | ½^160.00000000000074 |
| iv_003 | 1.3784682528307036 × 10^349 | 4689 | 83 | ½^160.00000000000074 |
| iv_007 | 1.749228710051424 × 10^349 | 4696 | 77 | ½^160.00000000000088 |
| iv_004 | 2.9708703691593155 × 10^349 | 4812 | 86 | ½^160.00000000000105 |
| iv_005 | 4.708438347101235 × 10^349 | 4591 | 73 | ½^160.00000000000065 |
| iv_006 | 6.4522994868832655 × 10^349 | 4949 | 88 | ½^160.00000000000077 |

### Input Bits Sorted by Occurrences

| Input Bit | Complexity | Occurrences | Output Occurrences | Collision Probability |
|:---------:|:----------:|:-----------:|:------------------:|:---------------------:|
| iv_001 | 1.1174549560443587 × 10^348 | 4550 | 75 | ½^160.00000000000077 |
| iv_005 | 4.708438347101235 × 10^349 | 4591 | 73 | ½^160.00000000000065 |
| iv_003 | 1.3784682528307036 × 10^349 | 4689 | 83 | ½^160.00000000000074 |
| iv_007 | 1.749228710051424 × 10^349 | 4696 | 77 | ½^160.00000000000088 |
| iv_002 | 4.840070406471982 × 10^348 | 4705 | 78 | ½^160.00000000000074 |
| iv_004 | 2.9708703691593155 × 10^349 | 4812 | 86 | ½^160.00000000000105 |
| iv_006 | 6.4522994868832655 × 10^349 | 4949 | 88 | ½^160.00000000000077 |

### Input Bits Sorted by Output Occurrences

| Input Bit | Complexity | Occurrences | Output Occurrences | Collision Probability |
|:---------:|:----------:|:-----------:|:------------------:|:---------------------:|
| iv_005 | 4.708438347101235 × 10^349 | 4591 | 73 | ½^160.00000000000065 |
| iv_001 | 1.1174549560443587 × 10^348 | 4550 | 75 | ½^160.00000000000077 |
| iv_007 | 1.749228710051424 × 10^349 | 4696 | 77 | ½^160.00000000000088 |
| iv_002 | 4.840070406471982 × 10^348 | 4705 | 78 | ½^160.00000000000074 |
| iv_003 | 1.3784682528307036 × 10^349 | 4689 | 83 | ½^160.00000000000074 |
| iv_004 | 2.9708703691593155 × 10^349 | 4812 | 86 | ½^160.00000000000105 |
| iv_006 | 6.4522994868832655 × 10^349 | 4949 | 88 | ½^160.00000000000077 |

### Input Bits Sorted by Collision Probability

| Input Bit | Complexity | Occurrences | Output Occurrences | Collision Probability |
|:---------:|:----------:|:-----------:|:------------------:|:---------------------:|
| iv_005 | 4.708438347101235 × 10^349 | 4591 | 73 | ½^160.00000000000065 |
| iv_002 | 4.840070406471982 × 10^348 | 4705 | 78 | ½^160.00000000000074 |
| iv_003 | 1.3784682528307036 × 10^349 | 4689 | 83 | ½^160.00000000000074 |
| iv_001 | 1.1174549560443587 × 10^348 | 4550 | 75 | ½^160.00000000000077 |
| iv_006 | 6.4522994868832655 × 10^349 | 4949 | 88 | ½^160.00000000000077 |
| iv_007 | 1.749228710051424 × 10^349 | 4696 | 77 | ½^160.00000000000088 |
| iv_004 | 2.9708703691593155 × 10^349 | 4812 | 86 | ½^160.00000000000105 |

## Input Bit/Output Bit Collision Probabilities

| Input Bit | Output Bit | Collision Probability |
|:---------:|:----------:|:---------------------:|
| iv_006 | aaa_76_25 | 0.500000000000002 |
| iv_002 | ov_028 | 0.5000000000000018 |
| iv_002 | ov_105 | 0.5000000000000018 |
| iv_005 | ov_025 | 0.5000000000000018 |
| iv_001 | ov_117 | 0.5000000000000017 |
| iv_001 | ov_153 | 0.5000000000000016 |
| iv_002 | ov_150 | 0.5000000000000016 |

## Input Bit Co-occurrences

### Input Bit Co-occurrences Sorted by Co-occurrences

| Input Bits | Co-occurrences | Potential Occurrences | Output Co-occurrences | Potential Output Occurrences |
|:----------:|:--------------:|:---------------------:|:---------------------:|:----------------------------:|
| iv_005-iv_006 | 2505 | 4530 | 40 | 81 |
| iv_004-iv_005 | 2420 | 4563 | 39 | 81 |
| iv_004-iv_006 | 2392 | 4977 | 46 | 82 |
| iv_003-iv_004 | 2392 | 4717 | 42 | 85 |
| iv_002-iv_006 | 2310 | 5034 | 47 | 72 |
| iv_003-iv_006 | 2273 | 5092 | 47 | 77 |
| iv_006-iv_007 | 2251 | 5143 | 41 | 83 |

### Input Bit Co-occurrences Sorted by Potential Occurrences

| Input Bits | Co-occurrences | Potential Occurrences | Output Co-occurrences | Potential Output Occurrences |
|:----------:|:--------------:|:---------------------:|:---------------------:|:----------------------------:|
| iv_005-iv_006 | 2505 | 4530 | 40 | 81 |
| iv_004-iv_005 | 2420 | 4563 | 39 | 81 |
| iv_003-iv_004 | 2392 | 4717 | 42 | 85 |
| iv_001-iv_002 | 2251 | 4753 | 40 | 73 |
| iv_003-iv_005 | 2211 | 4858 | 38 | 80 |
| iv_002-iv_007 | 2251 | 4899 | 39 | 77 |
| iv_003-iv_007 | 2243 | 4899 | 41 | 78 |

### Input Bit Output Co-occurrences Sorted by Output Co-occurrences

| Input Bits | Co-occurrences | Potential Occurrences | Output Co-occurrences | Potential Output Occurrences |
|:----------:|:--------------:|:---------------------:|:---------------------:|:----------------------------:|
| iv_002-iv_006 | 2310 | 5034 | 47 | 72 |
| iv_003-iv_006 | 2273 | 5092 | 47 | 77 |
| iv_004-iv_006 | 2392 | 4977 | 46 | 82 |
| iv_001-iv_006 | 2197 | 5105 | 45 | 73 |
| iv_002-iv_003 | 2233 | 4928 | 43 | 75 |
| iv_003-iv_004 | 2392 | 4717 | 42 | 85 |
| iv_001-iv_004 | 2217 | 4928 | 42 | 77 |

### Input Bit Output Co-occurrences Sorted by Potential Output Occurrences

| Input Bits | Co-occurrences | Potential Occurrences | Output Co-occurrences | Potential Output Occurrences |
|:----------:|:--------------:|:---------------------:|:---------------------:|:----------------------------:|
| iv_002-iv_006 | 2310 | 5034 | 47 | 72 |
| iv_001-iv_006 | 2197 | 5105 | 45 | 73 |
| iv_001-iv_002 | 2251 | 4753 | 40 | 73 |
| iv_002-iv_003 | 2233 | 4928 | 43 | 75 |
| iv_002-iv_005 | 2154 | 4988 | 38 | 75 |
| iv_003-iv_006 | 2273 | 5092 | 47 | 77 |
| iv_001-iv_004 | 2217 | 4928 | 42 | 77 |

## Output Bits

### Output Bits in Regular Order

| Rank | Output Bit | Complexity |
|:----:|:----------:|:----------:|
| 1 | ov_001 | 2.7426956294974286 × 10^349 |
| 2 | ov_002 | 2.3989933716702166 × 10^349 |
| 3 | ov_003 | 2.086986872346985 × 10^349 |
| 4 | ov_004 | 1.8048084826650625 × 10^349 |
| 5 | ov_005 | 1.5506986707980961 × 10^349 |
| 6 | ov_006 | 1.3229980653877071 × 10^349 |
| 7 | ov_007 | 1.120140363584617 × 10^349 |
| 8 | ov_008 | 9.406460527833505 × 10^348 |
| 9 | ov_009 | 7.831168982161777 × 10^348 |
| 10 | ov_010 | 6.462311514838893 × 10^348 |
| 11 | ov_011 | 5.287394378626075 × 10^348 |
| 12 | ov_012 | 4.2946127420935417 × 10^348 |
| 13 | ov_013 | 3.462312148475443 × 10^348 |
| 14 | ov_014 | 2.770089709971527 × 10^348 |
| 15 | ov_015 | 2.1987584502509987 × 10^348 |
| 16 | ov_016 | 1.7303187360020774 × 10^348 |
| 17 | ov_017 | 1.3479357700180705 × 10^348 |
| 18 | ov_018 | 1.0359222026913137 × 10^348 |
| 19 | ov_019 | 7.797250019324403 × 10^347 |
| 20 | ov_020 | 5.723498303841615 × 10^347 |
| 21 | ov_021 | 4.073626614086759 × 10^347 |
| 22 | ov_022 | 2.7888696074542046 × 10^347 |
| 23 | ov_023 | 1.81601809125767 × 10^347 |
| 24 | ov_024 | 1.1074071881922236 × 10^347 |
| 25 | ov_025 | 6.20909373532974 × 10^346 |
| 26 | ov_026 | 3.1993071885987528 × 10^346 |
| 27 | ov_027 | 1.4787794679273905 × 10^346 |
| 28 | ov_028 | 5.921955423490041 × 10^345 |
| 29 | ov_029 | 1.94854795766609 × 10^345 |
| 30 | ov_030 | 4.9071969398611865 × 10^344 |
| 31 | ov_031 | 1.0095576804625043 × 10^344 |
| 32 | lv_80_k31 | 2.4590909025896123 × 10^343 |
| 33 | ov_033 | 3.0416356775455827 × 10^344 |
| 34 | ov_034 | 2.681813900253088 × 10^344 |
| 35 | ov_035 | 2.3531374264870116 × 10^344 |
| 36 | ov_036 | 2.0537533500475055 × 10^344 |
| 37 | ov_037 | 1.781922941281594 × 10^344 |
| 38 | ov_038 | 1.5360138507050398 × 10^344 |
| 39 | ov_039 | 1.3144929947570265 × 10^344 |
| 40 | ov_040 | 1.1159200864114424 × 10^344 |
| 41 | ov_041 | 9.389417751414373 × 10^343 |
| 42 | ov_042 | 7.822863622190854 × 10^343 |
| 43 | ov_043 | 6.447590585628799 × 10^343 |
| 44 | ov_044 | 5.252377533537631 × 10^343 |
| 45 | ov_045 | 4.226692624545722 × 10^343 |
| 46 | ov_046 | 3.360660263152269 × 10^343 |
| 47 | ov_047 | 2.6363866015954445 × 10^343 |
| 48 | ov_048 | 2.037161481284357 × 10^343 |
| 49 | ov_049 | 1.5474191332077584 × 10^343 |
| 50 | ov_050 | 1.152705233983926 × 10^343 |
| 51 | ov_051 | 8.396497428244507 × 10^342 |
| 52 | ov_052 | 5.95944946295883 × 10^342 |
| 53 | ov_053 | 4.103281387669316 × 10^342 |
| 54 | ov_054 | 2.725683670146163 × 10^342 |
| 55 | ov_055 | 1.7345666777933873 × 10^342 |
| 56 | ov_056 | 1.0479922721599398 × 10^342 |
| 57 | ov_057 | 5.941289126032087 × 10^341 |
| 58 | ov_058 | 3.112246059802619 × 10^341 |
| 59 | ov_059 | 1.4759231360311355 × 10^341 |
| 60 | ov_060 | 6.1603141027285654 × 10^340 |
| 61 | ov_061 | 2.1683720461939593 × 10^340 |
| 62 | ov_062 | 5.9954714211663925 × 10^339 |
| 63 | ov_063 | 1.1786806842372115 × 10^339 |
| 64 | lv_79_m31 | 2.3170118400376523 × 10^338 |
| 65 | ov_065 | 3.1776493898223955 × 10^339 |
| 66 | ov_066 | 3.1775507517846923 × 10^339 |
| 67 | ov_067 | 3.1775189868680186 × 10^339 |
| 68 | ov_068 | 2.857576970393293 × 10^339 |
| 69 | ov_069 | 2.5616776099785914 × 10^339 |
| 70 | ov_070 | 2.288432722902574 × 10^339 |
| 71 | ov_071 | 2.0365567757888409 × 10^339 |
| 72 | ov_072 | 1.804855591500572 × 10^339 |
| 73 | ov_073 | 1.5922156761156192 × 10^339 |
| 74 | ov_074 | 1.3975941310697042 × 10^339 |
| 75 | ov_075 | 1.220009117313485 × 10^339 |
| 76 | ov_076 | 1.0585309549754858 × 10^339 |
| 77 | ov_077 | 9.122740513627364 × 10^338 |
| 78 | ov_078 | 7.803897220979614 × 10^338 |
| 79 | ov_079 | 6.620598493718239 × 10^338 |
| 80 | ov_080 | 5.564913225780502 × 10^338 |
| 81 | ov_081 | 4.6291120760136944 × 10^338 |
| 82 | ov_082 | 3.8056259178703485 × 10^338 |
| 83 | ov_083 | 3.0870105217981595 × 10^338 |
| 84 | ov_084 | 2.4659169501952442 × 10^338 |
| 85 | ov_085 | 1.935067147545323 × 10^338 |
| 86 | ov_086 | 1.487234210148754 × 10^338 |
| 87 | ov_087 | 1.1152268209833203 × 10^338 |
| 88 | ov_088 | 8.11877335884068 × 10^337 |
| 89 | ov_089 | 5.7003300758324235 × 10^337 |
| 90 | ov_090 | 3.825498343076756 × 10^337 |
| 91 | ov_091 | 2.422885196922017 × 10^337 |
| 92 | ov_092 | 1.4211203497740711 × 10^337 |
| 93 | ov_093 | 7.4884299206312 × 10^336 |
| 94 | ov_094 | 3.3469557527005512 × 10^336 |
| 95 | aaa_78_28 | 1.0732141039786356 × 10^336 |
| 96 | aaa_78_29 | 4.047775387434077 × 10^335 |
| 97 | ov_097 | 3.907786696938528 × 10^335 |
| 98 | ov_098 | 3.907775013584415 × 10^335 |
| 99 | ov_099 | 3.9077721679182034 × 10^335 |
| 100 | ov_100 | 3.444170440648097 × 10^335 |
| 101 | ov_101 | 3.020236817106742 × 10^335 |
| 102 | ov_102 | 2.6337666484233666 × 10^335 |
| 103 | ov_103 | 2.2826846049707687 × 10^335 |
| 104 | ov_104 | 1.9650354382082603 × 10^335 |
| 105 | ov_105 | 1.6789757128174507 × 10^335 |
| 106 | ov_106 | 1.4227664397709364 × 10^335 |
| 107 | ov_107 | 1.1947665448433192 × 10^335 |
| 108 | ov_108 | 9.934271107480323 × 10^334 |
| 109 | ov_109 | 8.172863345908672 × 10^334 |
| 110 | ov_110 | 6.649651456985092 × 10^334 |
| 111 | ov_111 | 5.3516343213220814 × 10^334 |
| 112 | ov_112 | 4.255055075947301 × 10^334 |
| 113 | ov_113 | 3.337595530029898 × 10^334 |
| 114 | ov_114 | 2.5783359666206803 × 10^334 |
| 115 | ov_115 | 1.9577231599479955 × 10^334 |
| 116 | ov_116 | 1.4575456086418213 × 10^334 |
| 117 | ov_117 | 1.0609148427741534 × 10^334 |
| 118 | ov_118 | 7.522516947330285 × 10^333 |
| 119 | ov_119 | 5.172765396560914 × 10^333 |
| 120 | ov_120 | 3.4300262667581015 × 10^333 |
| 121 | ov_121 | 2.1773173765546206 × 10^333 |
| 122 | ov_122 | 1.310515254721381 × 10^333 |
| 123 | ov_123 | 7.383399925742738 × 10^332 |
| 124 | ov_124 | 3.823473888359175 × 10^332 |
| 125 | ov_125 | 1.7692532618144337 × 10^332 |
| 126 | ov_126 | 6.929233516471521 × 10^331 |
| 127 | aaa_77_28 | 1.949712956230155 × 10^331 |
| 128 | aaa_77_29 | 5.964136484997688 × 10^330 |
| 129 | ov_129 | 3.623208311199348 × 10^330 |
| 130 | ov_130 | 3.6231951294074205 × 10^330 |
| 131 | ov_131 | 3.6231919175008487 × 10^330 |
| 132 | ov_132 | 3.2047021481974335 × 10^330 |
| 133 | ov_133 | 2.8232439145972196 × 10^330 |
| 134 | ov_134 | 2.476355718631664 × 10^330 |
| 135 | ov_135 | 2.1617201709226637 × 10^330 |
| 136 | ov_136 | 1.8771535497218239 × 10^330 |
| 137 | ov_137 | 1.6205964578480768 × 10^330 |
| 138 | ov_138 | 1.3901055053510264 × 10^330 |
| 139 | ov_139 | 1.183845949168063 × 10^330 |
| 140 | ov_140 | 1.0000852244680848 × 10^330 |
| 141 | ov_141 | 8.371873057145227 × 10^329 |
| 142 | ov_142 | 6.936078387600536 × 10^329 |
| 143 | ov_143 | 5.678899885241046 × 10^329 |
| 144 | ov_144 | 4.586609500158654 × 10^329 |
| 145 | ov_145 | 3.6462907365902977 × 10^329 |
| 146 | ov_146 | 2.845815491732733 × 10^329 |
| 147 | ov_147 | 2.173825764631132 × 10^329 |
| 148 | ov_148 | 1.619719476107028 × 10^329 |
| 149 | ov_149 | 1.1736397037616002 × 10^329 |
| 150 | ov_150 | 8.264666990749299 × 10^328 |
| 151 | ov_151 | 5.621511080361641 × 10^328 |
| 152 | ov_152 | 3.66095488891651 × 10^328 |
| 153 | ov_153 | 2.25149798940924 × 10^328 |
| 154 | ov_154 | 1.2760862696365662 × 10^328 |
| 155 | ov_155 | 6.320963840325758 × 10^327 |
| 156 | aaa_76_25 | 2.3132798192402143 × 10^327 |
| 157 | aaa_76_26 | 1.2125044069624265 × 10^327 |
| 158 | aaa_76_27 | 5.611808779672168 × 10^326 |
| 159 | aaa_76_28 | 2.1981890151969397 × 10^326 |
| 160 | aaa_76_29 | 6.726769625117531 × 10^325 |

### Output Bits Sorted by Complexity

| Rank | Output Bit | Complexity |
|:----:|:----------:|:----------:|
| 160 | aaa_76_29 | 6.726769625117531 × 10^325 |
| 159 | aaa_76_28 | 2.1981890151969397 × 10^326 |
| 158 | aaa_76_27 | 5.611808779672168 × 10^326 |
| 157 | aaa_76_26 | 1.2125044069624265 × 10^327 |
| 156 | aaa_76_25 | 2.3132798192402143 × 10^327 |
| 155 | ov_155 | 6.320963840325758 × 10^327 |
| 154 | ov_154 | 1.2760862696365662 × 10^328 |
| 153 | ov_153 | 2.25149798940924 × 10^328 |
| 152 | ov_152 | 3.66095488891651 × 10^328 |
| 151 | ov_151 | 5.621511080361641 × 10^328 |
| 150 | ov_150 | 8.264666990749299 × 10^328 |
| 149 | ov_149 | 1.1736397037616002 × 10^329 |
| 148 | ov_148 | 1.619719476107028 × 10^329 |
| 147 | ov_147 | 2.173825764631132 × 10^329 |
| 146 | ov_146 | 2.845815491732733 × 10^329 |
| 145 | ov_145 | 3.6462907365902977 × 10^329 |
| 144 | ov_144 | 4.586609500158654 × 10^329 |
| 143 | ov_143 | 5.678899885241046 × 10^329 |
| 142 | ov_142 | 6.936078387600536 × 10^329 |
| 141 | ov_141 | 8.371873057145227 × 10^329 |
| 140 | ov_140 | 1.0000852244680848 × 10^330 |
| 139 | ov_139 | 1.183845949168063 × 10^330 |
| 138 | ov_138 | 1.3901055053510264 × 10^330 |
| 137 | ov_137 | 1.6205964578480768 × 10^330 |
| 136 | ov_136 | 1.8771535497218239 × 10^330 |
| 135 | ov_135 | 2.1617201709226637 × 10^330 |
| 134 | ov_134 | 2.476355718631664 × 10^330 |
| 133 | ov_133 | 2.8232439145972196 × 10^330 |
| 132 | ov_132 | 3.2047021481974335 × 10^330 |
| 131 | ov_131 | 3.6231919175008487 × 10^330 |
| 130 | ov_130 | 3.6231951294074205 × 10^330 |
| 129 | ov_129 | 3.623208311199348 × 10^330 |
| 128 | aaa_77_29 | 5.964136484997688 × 10^330 |
| 127 | aaa_77_28 | 1.949712956230155 × 10^331 |
| 126 | ov_126 | 6.929233516471521 × 10^331 |
| 125 | ov_125 | 1.7692532618144337 × 10^332 |
| 124 | ov_124 | 3.823473888359175 × 10^332 |
| 123 | ov_123 | 7.383399925742738 × 10^332 |
| 122 | ov_122 | 1.310515254721381 × 10^333 |
| 121 | ov_121 | 2.1773173765546206 × 10^333 |
| 120 | ov_120 | 3.4300262667581015 × 10^333 |
| 119 | ov_119 | 5.172765396560914 × 10^333 |
| 118 | ov_118 | 7.522516947330285 × 10^333 |
| 117 | ov_117 | 1.0609148427741534 × 10^334 |
| 116 | ov_116 | 1.4575456086418213 × 10^334 |
| 115 | ov_115 | 1.9577231599479955 × 10^334 |
| 114 | ov_114 | 2.5783359666206803 × 10^334 |
| 113 | ov_113 | 3.337595530029898 × 10^334 |
| 112 | ov_112 | 4.255055075947301 × 10^334 |
| 111 | ov_111 | 5.3516343213220814 × 10^334 |
| 110 | ov_110 | 6.649651456985092 × 10^334 |
| 109 | ov_109 | 8.172863345908672 × 10^334 |
| 108 | ov_108 | 9.934271107480323 × 10^334 |
| 107 | ov_107 | 1.1947665448433192 × 10^335 |
| 106 | ov_106 | 1.4227664397709364 × 10^335 |
| 105 | ov_105 | 1.6789757128174507 × 10^335 |
| 104 | ov_104 | 1.9650354382082603 × 10^335 |
| 103 | ov_103 | 2.2826846049707687 × 10^335 |
| 102 | ov_102 | 2.6337666484233666 × 10^335 |
| 101 | ov_101 | 3.020236817106742 × 10^335 |
| 100 | ov_100 | 3.444170440648097 × 10^335 |
| 99 | ov_099 | 3.9077721679182034 × 10^335 |
| 98 | ov_098 | 3.907775013584415 × 10^335 |
| 97 | ov_097 | 3.907786696938528 × 10^335 |
| 96 | aaa_78_29 | 4.047775387434077 × 10^335 |
| 95 | aaa_78_28 | 1.0732141039786356 × 10^336 |
| 94 | ov_094 | 3.3469557527005512 × 10^336 |
| 93 | ov_093 | 7.4884299206312 × 10^336 |
| 92 | ov_092 | 1.4211203497740711 × 10^337 |
| 91 | ov_091 | 2.422885196922017 × 10^337 |
| 90 | ov_090 | 3.825498343076756 × 10^337 |
| 89 | ov_089 | 5.7003300758324235 × 10^337 |
| 88 | ov_088 | 8.11877335884068 × 10^337 |
| 87 | ov_087 | 1.1152268209833203 × 10^338 |
| 86 | ov_086 | 1.487234210148754 × 10^338 |
| 85 | ov_085 | 1.935067147545323 × 10^338 |
| 64 | lv_79_m31 | 2.3170118400376523 × 10^338 |
| 84 | ov_084 | 2.4659169501952442 × 10^338 |
| 83 | ov_083 | 3.0870105217981595 × 10^338 |
| 82 | ov_082 | 3.8056259178703485 × 10^338 |
| 81 | ov_081 | 4.6291120760136944 × 10^338 |
| 80 | ov_080 | 5.564913225780502 × 10^338 |
| 79 | ov_079 | 6.620598493718239 × 10^338 |
| 78 | ov_078 | 7.803897220979614 × 10^338 |
| 77 | ov_077 | 9.122740513627364 × 10^338 |
| 76 | ov_076 | 1.0585309549754858 × 10^339 |
| 63 | ov_063 | 1.1786806842372115 × 10^339 |
| 75 | ov_075 | 1.220009117313485 × 10^339 |
| 74 | ov_074 | 1.3975941310697042 × 10^339 |
| 73 | ov_073 | 1.5922156761156192 × 10^339 |
| 72 | ov_072 | 1.804855591500572 × 10^339 |
| 71 | ov_071 | 2.0365567757888409 × 10^339 |
| 70 | ov_070 | 2.288432722902574 × 10^339 |
| 69 | ov_069 | 2.5616776099785914 × 10^339 |
| 68 | ov_068 | 2.857576970393293 × 10^339 |
| 67 | ov_067 | 3.1775189868680186 × 10^339 |
| 66 | ov_066 | 3.1775507517846923 × 10^339 |
| 65 | ov_065 | 3.1776493898223955 × 10^339 |
| 62 | ov_062 | 5.9954714211663925 × 10^339 |
| 61 | ov_061 | 2.1683720461939593 × 10^340 |
| 60 | ov_060 | 6.1603141027285654 × 10^340 |
| 59 | ov_059 | 1.4759231360311355 × 10^341 |
| 58 | ov_058 | 3.112246059802619 × 10^341 |
| 57 | ov_057 | 5.941289126032087 × 10^341 |
| 56 | ov_056 | 1.0479922721599398 × 10^342 |
| 55 | ov_055 | 1.7345666777933873 × 10^342 |
| 54 | ov_054 | 2.725683670146163 × 10^342 |
| 53 | ov_053 | 4.103281387669316 × 10^342 |
| 52 | ov_052 | 5.95944946295883 × 10^342 |
| 51 | ov_051 | 8.396497428244507 × 10^342 |
| 50 | ov_050 | 1.152705233983926 × 10^343 |
| 49 | ov_049 | 1.5474191332077584 × 10^343 |
| 48 | ov_048 | 2.037161481284357 × 10^343 |
| 32 | lv_80_k31 | 2.4590909025896123 × 10^343 |
| 47 | ov_047 | 2.6363866015954445 × 10^343 |
| 46 | ov_046 | 3.360660263152269 × 10^343 |
| 45 | ov_045 | 4.226692624545722 × 10^343 |
| 44 | ov_044 | 5.252377533537631 × 10^343 |
| 43 | ov_043 | 6.447590585628799 × 10^343 |
| 42 | ov_042 | 7.822863622190854 × 10^343 |
| 41 | ov_041 | 9.389417751414373 × 10^343 |
| 31 | ov_031 | 1.0095576804625043 × 10^344 |
| 40 | ov_040 | 1.1159200864114424 × 10^344 |
| 39 | ov_039 | 1.3144929947570265 × 10^344 |
| 38 | ov_038 | 1.5360138507050398 × 10^344 |
| 37 | ov_037 | 1.781922941281594 × 10^344 |
| 36 | ov_036 | 2.0537533500475055 × 10^344 |
| 35 | ov_035 | 2.3531374264870116 × 10^344 |
| 34 | ov_034 | 2.681813900253088 × 10^344 |
| 33 | ov_033 | 3.0416356775455827 × 10^344 |
| 30 | ov_030 | 4.9071969398611865 × 10^344 |
| 29 | ov_029 | 1.94854795766609 × 10^345 |
| 28 | ov_028 | 5.921955423490041 × 10^345 |
| 27 | ov_027 | 1.4787794679273905 × 10^346 |
| 26 | ov_026 | 3.1993071885987528 × 10^346 |
| 25 | ov_025 | 6.20909373532974 × 10^346 |
| 24 | ov_024 | 1.1074071881922236 × 10^347 |
| 23 | ov_023 | 1.81601809125767 × 10^347 |
| 22 | ov_022 | 2.7888696074542046 × 10^347 |
| 21 | ov_021 | 4.073626614086759 × 10^347 |
| 20 | ov_020 | 5.723498303841615 × 10^347 |
| 19 | ov_019 | 7.797250019324403 × 10^347 |
| 18 | ov_018 | 1.0359222026913137 × 10^348 |
| 17 | ov_017 | 1.3479357700180705 × 10^348 |
| 16 | ov_016 | 1.7303187360020774 × 10^348 |
| 15 | ov_015 | 2.1987584502509987 × 10^348 |
| 14 | ov_014 | 2.770089709971527 × 10^348 |
| 13 | ov_013 | 3.462312148475443 × 10^348 |
| 12 | ov_012 | 4.2946127420935417 × 10^348 |
| 11 | ov_011 | 5.287394378626075 × 10^348 |
| 10 | ov_010 | 6.462311514838893 × 10^348 |
| 9 | ov_009 | 7.831168982161777 × 10^348 |
| 8 | ov_008 | 9.406460527833505 × 10^348 |
| 7 | ov_007 | 1.120140363584617 × 10^349 |
| 6 | ov_006 | 1.3229980653877071 × 10^349 |
| 5 | ov_005 | 1.5506986707980961 × 10^349 |
| 4 | ov_004 | 1.8048084826650625 × 10^349 |
| 3 | ov_003 | 2.086986872346985 × 10^349 |
| 2 | ov_002 | 2.3989933716702166 × 10^349 |
| 1 | ov_001 | 2.7426956294974286 × 10^349 |

