# Results for F001-F002-F003-F004-F005-F006-F007-F008-F009-F010-F011-F012-F013-F014-F015-F016-F017-F018-F019-F020-F021-F022-F023-F024-F025-F026-F027-F028-F029-F030-F031-F032-F033-F034-F035-F036-F037-F038-F039-F040-F041-F042-F043-F044-F045-F046-F047-F048-F049-F050-F051-F052-F053-F054-F055-F056-F057-F058-F059-F060-F061-F062-F063-F064-F065-F066-F067-F068-F069-F070-F071-F072-F073-F074-F075-F076-F077-F078-F079-F080-F081-F082-F083-F084-F085-F086-F087-F088-F089-F090-F091-F092-F093-F094-F095-F096-F097-F098-F099-F100-F101-F102-F103-F104-F105-F106-F107-F108-F109-F110-F111-F112-F113-F114-F115-F116-F117-F118-F119-F120-F121-F122-F123-F124-F125-F126-F127-F128-F129-F130-F131-F132-F133-F134-F135-F136-F137-F138-F139-F140-F141-F142-F143-F144-F145-F146-F147-F148-F149-F150-F151-F152-F153-F154-F155-F156-F157-F158-F159-F160-F161-F162-F163-F164-F165-F166-F167-F168-F169-F170-F171-F172-F173-F174-F175-F176-F177-F178-F179-F180-F181-F182-F183-F184-F185-F186-F187-F188-F189-F190-F191-F192-F193-F194-F195-F196-F197-F198-F199-F200-F201-F202-F203-F204-F205-F206-F207-F208-F209-F210-F211-F212-F213-F214-F215-F216-F217-F218-F219-F220-F221-F222-F223-F224-F225-F226-F227-F228-F229-F230-F231-F232-F233-F234-F235-F236-F237-F238-F239-F240-F241-F242-F243-F244-F245-F246-F247-F248-F249-F250-F251-F252-F253-F254-F255-F256-F257-F258-F259-F260-F261-F262-F263-F264-F265-F266-F267-F268-F269-F270-F271-F272-F273-F274-F275-F276-F277-F278-F279-F280-F281-F282-F283-F284-F285-F286-F287-F288-F289-F290-F291-F292-F293-F294-F295-F296-F297-F298-F299-F300-F301-F302-F303-F304-F305-F306-F307-F308-F309-F310-F311-F312-F313-F314-F315-F316-F317-F318-F319-F320-F321-F322-F323-F324-F325-F326-F327-F328-F329-F330-F331-F332-F333-F334-F335-F336-F337-F338-F339-F340-F341-F342-F343-F344-F345-F346-F347-F348-F349-F350-F351-F352-F353-F354-F355-F356-F357-F358-F359-F360-F361-F362-F363-F364-F365-F366-F367-F368-F369-F370-F371-F372-F373-F374-F375-F376-F377-F378-F379-F380-F381-F382-F383-F384-F385-F386-F387-F388-F389-F390-F391-F392-F393-F394-F395-F396-F397-F398-F399-F400-F401-F402-F403-F404-F405-F406-F407-F408-F409-F410-F411-F412-F413-F414-F415-F416-F417-F418-F419-F420-F421-F422-F423-F424-F425-F426-F427-F428-F429-F430-F431-F432-F433-F434-F435-F436-F437-F438-F439-F440-F441-F442-F443-F444-F445-F446-F447-F448-F449-F450-F451-F452-F453-F454-F455-F456-F457-F458-F459-F460-F461-F462-F463-F464-F465-F466-F467-F468-F469-F470-F471-F472-F473-F474-F475-F476-F477-F478-F479-F480-F481-F482-F483-F484-F485-F486-F487-F488-F489-F490-F491-F492-F493-F494-F495-F496-F497-F498-F499-F500-F501-F502-F503-F504-E508509

## Summary

Number of input bits: 512  
Number of free input bits: 7  
Number of output bits: 160

Number of direct occurrences: 28840  
Number of assignments: 30651  
Number of operations: 10913067
(xor: 10882832,
and: 17370,
or: 12865)

Total complexity: 2.0263991219875423 × 10^297

Least occurring input variable: iv_505 (3987)  
Most occurring input variable: iv_512 (4273)

Most co-occurring input variables: iv_511-iv_512 (2032)  
Least co-occurring input variables: iv_505-iv_506 (1790)

Potentially most occurring input variable: iv_508/iv_512 (4589)  
Potentially least occurring input variable: iv_506/iv_507 (4142)

Least output occurring input variable: iv_507 (72)  
Most output occurring input variable: iv_506 (82)

Most output co-occurring input variables: iv_506-iv_512 (45)  
Least output co-occurring input variables: iv_507-iv_512 (31)

Potentially most output occurring input variable: iv_507/iv_512 (88)  
Potentially least output occurring input variable: iv_508/iv_511 (68)

Least complex input bit: iv_505 (4.2168193054517795 × 10^295)  
Most complex input bit: iv_510 (6.372955643900193 × 10^296)

Least complex output bit: aaa_76_29 (3.173174065638719 × 10^272)  
Most complex output bit: ov_001 (3.156251777467339 × 10^296)

Least complex input/output complexity: iv_505/aaa_76_29 (6.603191599500962 × 10^270)  
Most complex input/output complexity: iv_510/ov_001 (9.926303441669236 × 10^295)

Input variable with highest collision probability: iv_510 (½^160.00000000000057)

## Input Bits

### Input Bits in Regular Order

| Input Bit | Complexity | Occurrences | Output Occurrences | Collision Probability |
|:---------:|:----------:|:-----------:|:------------------:|:---------------------:|
| iv_505 | 4.2168193054517795 × 10^295 | 3987 | 79 | ½^160.0000000000007 |
| iv_506 | 9.164808101650632 × 10^295 | 4009 | 82 | ½^160.00000000000065 |
| iv_507 | 1.724433013398111 × 10^296 | 4055 | 72 | ½^160.00000000000077 |
| iv_508 | 5.569702985070555 × 10^296 | 4242 | 78 | ½^160.00000000000077 |
| iv_510 | 6.372955643900193 × 10^296 | 4163 | 79 | ½^160.00000000000057 |
| iv_511 | 2.412576705532161 × 10^296 | 4111 | 74 | ½^160.00000000000065 |
| iv_512 | 2.846160131264196 × 10^296 | 4273 | 78 | ½^160.0000000000007 |

### Input Bits Sorted by Complexity

| Input Bit | Complexity | Occurrences | Output Occurrences | Collision Probability |
|:---------:|:----------:|:-----------:|:------------------:|:---------------------:|
| iv_505 | 4.2168193054517795 × 10^295 | 3987 | 79 | ½^160.0000000000007 |
| iv_506 | 9.164808101650632 × 10^295 | 4009 | 82 | ½^160.00000000000065 |
| iv_507 | 1.724433013398111 × 10^296 | 4055 | 72 | ½^160.00000000000077 |
| iv_511 | 2.412576705532161 × 10^296 | 4111 | 74 | ½^160.00000000000065 |
| iv_512 | 2.846160131264196 × 10^296 | 4273 | 78 | ½^160.0000000000007 |
| iv_508 | 5.569702985070555 × 10^296 | 4242 | 78 | ½^160.00000000000077 |
| iv_510 | 6.372955643900193 × 10^296 | 4163 | 79 | ½^160.00000000000057 |

### Input Bits Sorted by Occurrences

| Input Bit | Complexity | Occurrences | Output Occurrences | Collision Probability |
|:---------:|:----------:|:-----------:|:------------------:|:---------------------:|
| iv_505 | 4.2168193054517795 × 10^295 | 3987 | 79 | ½^160.0000000000007 |
| iv_506 | 9.164808101650632 × 10^295 | 4009 | 82 | ½^160.00000000000065 |
| iv_507 | 1.724433013398111 × 10^296 | 4055 | 72 | ½^160.00000000000077 |
| iv_511 | 2.412576705532161 × 10^296 | 4111 | 74 | ½^160.00000000000065 |
| iv_510 | 6.372955643900193 × 10^296 | 4163 | 79 | ½^160.00000000000057 |
| iv_508 | 5.569702985070555 × 10^296 | 4242 | 78 | ½^160.00000000000077 |
| iv_512 | 2.846160131264196 × 10^296 | 4273 | 78 | ½^160.0000000000007 |

### Input Bits Sorted by Output Occurrences

| Input Bit | Complexity | Occurrences | Output Occurrences | Collision Probability |
|:---------:|:----------:|:-----------:|:------------------:|:---------------------:|
| iv_507 | 1.724433013398111 × 10^296 | 4055 | 72 | ½^160.00000000000077 |
| iv_511 | 2.412576705532161 × 10^296 | 4111 | 74 | ½^160.00000000000065 |
| iv_512 | 2.846160131264196 × 10^296 | 4273 | 78 | ½^160.0000000000007 |
| iv_508 | 5.569702985070555 × 10^296 | 4242 | 78 | ½^160.00000000000077 |
| iv_505 | 4.2168193054517795 × 10^295 | 3987 | 79 | ½^160.0000000000007 |
| iv_510 | 6.372955643900193 × 10^296 | 4163 | 79 | ½^160.00000000000057 |
| iv_506 | 9.164808101650632 × 10^295 | 4009 | 82 | ½^160.00000000000065 |

### Input Bits Sorted by Collision Probability

| Input Bit | Complexity | Occurrences | Output Occurrences | Collision Probability |
|:---------:|:----------:|:-----------:|:------------------:|:---------------------:|
| iv_510 | 6.372955643900193 × 10^296 | 4163 | 79 | ½^160.00000000000057 |
| iv_506 | 9.164808101650632 × 10^295 | 4009 | 82 | ½^160.00000000000065 |
| iv_511 | 2.412576705532161 × 10^296 | 4111 | 74 | ½^160.00000000000065 |
| iv_505 | 4.2168193054517795 × 10^295 | 3987 | 79 | ½^160.0000000000007 |
| iv_512 | 2.846160131264196 × 10^296 | 4273 | 78 | ½^160.0000000000007 |
| iv_508 | 5.569702985070555 × 10^296 | 4242 | 78 | ½^160.00000000000077 |
| iv_507 | 1.724433013398111 × 10^296 | 4055 | 72 | ½^160.00000000000077 |

## Input Bit/Output Bit Collision Probabilities

| Input Bit | Output Bit | Collision Probability |
|:---------:|:----------:|:---------------------:|
| iv_505 | ov_020 | 0.5000000000000018 |
| iv_510 | ov_094 | 0.5000000000000018 |
| iv_511 | lv_80_m31 | 0.5000000000000018 |
| iv_511 | ov_113 | 0.5000000000000018 |
| iv_511 | aaa_76_25 | 0.5000000000000018 |
| iv_511 | ov_140 | 0.5000000000000017 |
| iv_512 | ov_003 | 0.5000000000000017 |

## Input Bit Co-occurrences

### Input Bit Co-occurrences Sorted by Co-occurrences

| Input Bits | Co-occurrences | Potential Occurrences | Output Co-occurrences | Potential Output Occurrences |
|:----------:|:--------------:|:---------------------:|:---------------------:|:----------------------------:|
| iv_511-iv_512 | 2032 | 4320 | 39 | 74 |
| iv_508-iv_510 | 2012 | 4381 | 44 | 69 |
| iv_510-iv_512 | 1995 | 4446 | 42 | 73 |
| iv_508-iv_512 | 1963 | 4589 | 40 | 76 |
| iv_506-iv_507 | 1961 | 4142 | 39 | 76 |
| iv_510-iv_511 | 1952 | 4370 | 38 | 77 |
| iv_506-iv_512 | 1951 | 4380 | 45 | 70 |

### Input Bit Co-occurrences Sorted by Potential Occurrences

| Input Bits | Co-occurrences | Potential Occurrences | Output Co-occurrences | Potential Output Occurrences |
|:----------:|:--------------:|:---------------------:|:---------------------:|:----------------------------:|
| iv_506-iv_507 | 1961 | 4142 | 39 | 76 |
| iv_506-iv_510 | 1946 | 4280 | 44 | 73 |
| iv_511-iv_512 | 2032 | 4320 | 39 | 74 |
| iv_507-iv_511 | 1919 | 4328 | 32 | 82 |
| iv_505-iv_507 | 1857 | 4328 | 33 | 85 |
| iv_507-iv_510 | 1924 | 4370 | 37 | 77 |
| iv_510-iv_511 | 1952 | 4370 | 38 | 77 |

### Input Bit Output Co-occurrences Sorted by Output Co-occurrences

| Input Bits | Co-occurrences | Potential Occurrences | Output Co-occurrences | Potential Output Occurrences |
|:----------:|:--------------:|:---------------------:|:---------------------:|:----------------------------:|
| iv_506-iv_512 | 1951 | 4380 | 45 | 70 |
| iv_506-iv_510 | 1946 | 4280 | 44 | 73 |
| iv_508-iv_510 | 2012 | 4381 | 44 | 69 |
| iv_508-iv_511 | 1932 | 4489 | 42 | 68 |
| iv_510-iv_512 | 1995 | 4446 | 42 | 73 |
| iv_506-iv_508 | 1931 | 4389 | 40 | 80 |
| iv_505-iv_508 | 1899 | 4431 | 40 | 77 |

### Input Bit Output Co-occurrences Sorted by Potential Output Occurrences

| Input Bits | Co-occurrences | Potential Occurrences | Output Co-occurrences | Potential Output Occurrences |
|:----------:|:--------------:|:---------------------:|:---------------------:|:----------------------------:|
| iv_508-iv_511 | 1932 | 4489 | 42 | 68 |
| iv_508-iv_510 | 2012 | 4381 | 44 | 69 |
| iv_506-iv_512 | 1951 | 4380 | 45 | 70 |
| iv_506-iv_510 | 1946 | 4280 | 44 | 73 |
| iv_510-iv_512 | 1995 | 4446 | 42 | 73 |
| iv_511-iv_512 | 2032 | 4320 | 39 | 74 |
| iv_506-iv_507 | 1961 | 4142 | 39 | 76 |

## Output Bits

### Output Bits in Regular Order

| Rank | Output Bit | Complexity |
|:----:|:----------:|:----------:|
| 1 | ov_001 | 3.156251777467339 × 10^296 |
| 2 | ov_002 | 2.758706932219543 × 10^296 |
| 3 | ov_003 | 2.3969816191243706 × 10^296 |
| 4 | ov_004 | 2.0694244774029738 × 10^296 |
| 5 | ov_005 | 1.774474647565585 × 10^296 |
| 6 | ov_006 | 1.5106553181472929 × 10^296 |
| 7 | ov_007 | 1.2765681251216915 × 10^296 |
| 8 | ov_008 | 1.070888307592654 × 10^296 |
| 9 | ov_009 | 8.911710140828656 × 10^295 |
| 10 | ov_010 | 7.350999438251912 × 10^295 |
| 11 | ov_011 | 6.004816132934298 × 10^295 |
| 12 | ov_012 | 4.852404979871632 × 10^295 |
| 13 | ov_013 | 3.874149767539135 × 10^295 |
| 14 | ov_014 | 3.0515401033994236 × 10^295 |
| 15 | ov_015 | 2.367144902115974 × 10^295 |
| 16 | ov_016 | 1.8045919187367924 × 10^295 |
| 17 | ov_017 | 1.3485525334793406 × 10^295 |
| 18 | ov_018 | 9.847308747823255 × 10^294 |
| 19 | ov_019 | 6.998563855177872 × 10^294 |
| 20 | ov_020 | 4.8167902189704 × 10^294 |
| 21 | ov_021 | 3.1896635917222 × 10^294 |
| 22 | ov_022 | 2.015019627649963 × 10^294 |
| 23 | ov_023 | 1.200844922044012 × 10^294 |
| 24 | ov_024 | 6.652717615793928 × 10^293 |
| 25 | ov_025 | 3.3657484536836416 × 10^293 |
| 26 | ov_026 | 1.5316931536416076 × 10^293 |
| 27 | ov_027 | 6.360969787855437 × 10^292 |
| 28 | ov_028 | 2.6589411800089417 × 10^292 |
| 29 | ov_029 | 1.0940580480353363 × 10^292 |
| 30 | ov_030 | 3.6139303553613335 × 10^291 |
| 31 | ov_031 | 8.734088466390165 × 10^290 |
| 32 | lv_80_m31 | 2.110201332007847 × 10^290 |
| 33 | ov_033 | 2.5465806368230723 × 10^291 |
| 34 | ov_034 | 2.204355040998575 × 10^291 |
| 35 | ov_035 | 1.897768698668134 × 10^291 |
| 36 | ov_036 | 1.6251102245127315 × 10^291 |
| 37 | ov_037 | 1.3847617775367585 × 10^291 |
| 38 | ov_038 | 1.1737416443152133 × 10^291 |
| 39 | ov_039 | 9.892243159379915 × 10^290 |
| 40 | ov_040 | 8.28530955425045 × 10^290 |
| 41 | ov_041 | 6.891212878828141 × 10^290 |
| 42 | ov_042 | 5.6858676238472746 × 10^290 |
| 43 | ov_043 | 4.646448439975657 × 10^290 |
| 44 | ov_044 | 3.751343033957986 × 10^290 |
| 45 | ov_045 | 2.9801138016408714 × 10^290 |
| 46 | ov_046 | 2.3228313260142816 × 10^290 |
| 47 | ov_047 | 1.770131323426265 × 10^290 |
| 48 | ov_048 | 1.3132040014568216 × 10^290 |
| 49 | ov_049 | 9.437859328783065 × 10^289 |
| 50 | ov_050 | 6.541540051910313 × 10^289 |
| 51 | ov_051 | 4.3712104264479226 × 10^289 |
| 52 | ov_052 | 2.7990922857495685 × 10^289 |
| 53 | ov_053 | 1.7080108176651292 × 10^289 |
| 54 | ov_054 | 9.913747288240785 × 10^288 |
| 55 | ov_055 | 5.5316547918458403 × 10^288 |
| 56 | ov_056 | 3.0793169071369244 × 10^288 |
| 57 | ov_057 | 1.8078611915326346 × 10^288 |
| 58 | ov_058 | 1.0740392317524969 × 10^288 |
| 59 | ov_059 | 5.826312628038654 × 10^287 |
| 60 | ov_060 | 2.8083279408769824 × 10^287 |
| 61 | ov_061 | 1.158397486399055 × 10^287 |
| 62 | ov_062 | 3.835943289193551 × 10^286 |
| 63 | ov_063 | 9.293886927718523 × 10^285 |
| 64 | lv_79_m31 | 2.2503927303876478 × 10^285 |
| 65 | ov_065 | 2.6419170446922343 × 10^286 |
| 66 | ov_066 | 2.6419106291843193 × 10^286 |
| 67 | ov_067 | 2.641908550018891 × 10^286 |
| 68 | ov_068 | 2.29078093952141 × 10^286 |
| 69 | ov_069 | 1.973564963170751 × 10^286 |
| 70 | ov_070 | 1.688600375712181 × 10^286 |
| 71 | ov_071 | 1.434329502844585 × 10^286 |
| 72 | ov_072 | 1.2092902295310424 × 10^286 |
| 73 | ov_073 | 1.0121095956277539 × 10^286 |
| 74 | ov_074 | 8.402863758654526 × 10^285 |
| 75 | ov_075 | 6.914706627999535 × 10^285 |
| 76 | ov_076 | 5.634548191479195 × 10^285 |
| 77 | ov_077 | 4.5416537721599585 × 10^285 |
| 78 | ov_078 | 3.6165583036956024 × 10^285 |
| 79 | ov_079 | 2.8410026243083834 × 10^285 |
| 80 | ov_080 | 2.1978776161101142 × 10^285 |
| 81 | ov_081 | 1.6711756610891957 × 10^285 |
| 82 | ov_082 | 1.2459488888773747 × 10^285 |
| 83 | ov_083 | 9.082736940296099 × 10^284 |
| 84 | ov_084 | 6.452210022684184 × 10^284 |
| 85 | ov_085 | 4.448317661911985 × 10^284 |
| 86 | ov_086 | 2.960971715292669 × 10^284 |
| 87 | ov_087 | 1.8894303536498606 × 10^284 |
| 88 | ov_088 | 1.1421787788723446 × 10^284 |
| 89 | ov_089 | 6.368414936568873 × 10^283 |
| 90 | ov_090 | 3.3450641832024794 × 10^283 |
| 91 | ov_091 | 1.709137624779967 × 10^283 |
| 92 | ov_092 | 9.081737771321316 × 10^282 |
| 93 | ov_093 | 4.7971797186734603 × 10^282 |
| 94 | ov_094 | 2.1503389583462025 × 10^282 |
| 95 | aaa_78_28 | 6.916251933151086 × 10^281 |
| 96 | aaa_78_29 | 2.6205985875206926 × 10^281 |
| 97 | ov_097 | 2.8546386581517263 × 10^281 |
| 98 | ov_098 | 2.8545525621932196 × 10^281 |
| 99 | ov_099 | 2.8545250815596688 × 10^281 |
| 100 | ov_100 | 2.56914754070171 × 10^281 |
| 101 | ov_101 | 2.304778317043019 × 10^281 |
| 102 | ov_102 | 2.060267518069307 × 10^281 |
| 103 | ov_103 | 1.8345498128994904 × 10^281 |
| 104 | ov_104 | 1.6266332698300541 × 10^281 |
| 105 | ov_105 | 1.4355892284869786 × 10^281 |
| 106 | ov_106 | 1.2605431506285433 × 10^281 |
| 107 | ov_107 | 1.1006663960926847 × 10^281 |
| 108 | ov_108 | 9.551688724037577 × 10^280 |
| 109 | ov_109 | 8.232925081983884 × 10^280 |
| 110 | ov_110 | 7.043055019481222 × 10^280 |
| 111 | ov_111 | 5.974972984937164 × 10^280 |
| 112 | ov_112 | 5.021742467048934 × 10^280 |
| 113 | ov_113 | 4.17655892180248 × 10^280 |
| 114 | ov_114 | 3.4327185933968935 × 10^280 |
| 115 | ov_115 | 2.7835927756684118 × 10^280 |
| 116 | ov_116 | 2.2226070626229313 × 10^280 |
| 117 | ov_117 | 1.7432251379712107 × 10^280 |
| 118 | ov_118 | 1.3389362272852171 × 10^280 |
| 119 | ov_119 | 1.0032453367948453 × 10^280 |
| 120 | ov_120 | 7.296662570931677 × 10^279 |
| 121 | ov_121 | 5.1171731011536426 × 10^279 |
| 122 | ov_122 | 3.4291918806145984 × 10^279 |
| 123 | ov_123 | 2.1679393966267086 × 10^279 |
| 124 | ov_124 | 1.268643798368974 × 10^279 |
| 125 | ov_125 | 6.665370207749123 × 10^278 |
| 126 | ov_126 | 2.9685255299855154 × 10^278 |
| 127 | aaa_77_28 | 9.482438126595722 × 10^277 |
| 128 | aaa_77_29 | 3.555121048237845 × 10^277 |
| 129 | ov_129 | 3.245156912527118 × 10^277 |
| 130 | ov_130 | 3.245149183375527 × 10^277 |
| 131 | ov_131 | 3.245146695855687 × 10^277 |
| 132 | ov_132 | 2.813808594523933 × 10^277 |
| 133 | ov_133 | 2.4242987026285034 × 10^277 |
| 134 | ov_134 | 2.0747502378822702 × 10^277 |
| 135 | ov_135 | 1.7634033239050703 × 10^277 |
| 136 | ov_136 | 1.488596988370537 × 10^277 |
| 137 | ov_137 | 1.2472784502706296 × 10^277 |
| 138 | ov_138 | 1.0365605976688972 × 10^277 |
| 139 | ov_139 | 8.537118631614817 × 10^276 |
| 140 | ov_140 | 6.961475696918819 × 10^276 |
| 141 | ov_141 | 5.614226281001718 × 10^276 |
| 142 | ov_142 | 4.4722544648898107 × 10^276 |
| 143 | ov_143 | 3.513729104338885 × 10^276 |
| 144 | ov_144 | 2.718063017975776 × 10^276 |
| 145 | ov_145 | 2.065880325386334 × 10^276 |
| 146 | ov_146 | 1.5389907846701842 × 10^276 |
| 147 | ov_147 | 1.1203700641206529 × 10^276 |
| 148 | ov_148 | 7.941449675244945 × 10^275 |
| 149 | ov_149 | 5.455827172319971 × 10^275 |
| 150 | ov_150 | 3.6108348370158256 × 10^275 |
| 151 | ov_151 | 2.2817543471899834 × 10^275 |
| 152 | ov_152 | 1.3551166195370516 × 10^275 |
| 153 | ov_153 | 7.28684269575693 × 10^274 |
| 154 | ov_154 | 3.54145000771881 × 10^274 |
| 155 | ov_155 | 1.5170227821196355 × 10^274 |
| 156 | aaa_76_25 | 5.277574363684816 × 10^273 |
| 157 | aaa_76_26 | 3.250394179893492 × 10^273 |
| 158 | aaa_76_27 | 1.7839295274132172 × 10^273 |
| 159 | aaa_76_28 | 8.416826132185195 × 10^272 |
| 160 | aaa_76_29 | 3.173174065638719 × 10^272 |

### Output Bits Sorted by Complexity

| Rank | Output Bit | Complexity |
|:----:|:----------:|:----------:|
| 160 | aaa_76_29 | 3.173174065638719 × 10^272 |
| 159 | aaa_76_28 | 8.416826132185195 × 10^272 |
| 158 | aaa_76_27 | 1.7839295274132172 × 10^273 |
| 157 | aaa_76_26 | 3.250394179893492 × 10^273 |
| 156 | aaa_76_25 | 5.277574363684816 × 10^273 |
| 155 | ov_155 | 1.5170227821196355 × 10^274 |
| 154 | ov_154 | 3.54145000771881 × 10^274 |
| 153 | ov_153 | 7.28684269575693 × 10^274 |
| 152 | ov_152 | 1.3551166195370516 × 10^275 |
| 151 | ov_151 | 2.2817543471899834 × 10^275 |
| 150 | ov_150 | 3.6108348370158256 × 10^275 |
| 149 | ov_149 | 5.455827172319971 × 10^275 |
| 148 | ov_148 | 7.941449675244945 × 10^275 |
| 147 | ov_147 | 1.1203700641206529 × 10^276 |
| 146 | ov_146 | 1.5389907846701842 × 10^276 |
| 145 | ov_145 | 2.065880325386334 × 10^276 |
| 144 | ov_144 | 2.718063017975776 × 10^276 |
| 143 | ov_143 | 3.513729104338885 × 10^276 |
| 142 | ov_142 | 4.4722544648898107 × 10^276 |
| 141 | ov_141 | 5.614226281001718 × 10^276 |
| 140 | ov_140 | 6.961475696918819 × 10^276 |
| 139 | ov_139 | 8.537118631614817 × 10^276 |
| 138 | ov_138 | 1.0365605976688972 × 10^277 |
| 137 | ov_137 | 1.2472784502706296 × 10^277 |
| 136 | ov_136 | 1.488596988370537 × 10^277 |
| 135 | ov_135 | 1.7634033239050703 × 10^277 |
| 134 | ov_134 | 2.0747502378822702 × 10^277 |
| 133 | ov_133 | 2.4242987026285034 × 10^277 |
| 132 | ov_132 | 2.813808594523933 × 10^277 |
| 131 | ov_131 | 3.245146695855687 × 10^277 |
| 130 | ov_130 | 3.245149183375527 × 10^277 |
| 129 | ov_129 | 3.245156912527118 × 10^277 |
| 128 | aaa_77_29 | 3.555121048237845 × 10^277 |
| 127 | aaa_77_28 | 9.482438126595722 × 10^277 |
| 126 | ov_126 | 2.9685255299855154 × 10^278 |
| 125 | ov_125 | 6.665370207749123 × 10^278 |
| 124 | ov_124 | 1.268643798368974 × 10^279 |
| 123 | ov_123 | 2.1679393966267086 × 10^279 |
| 122 | ov_122 | 3.4291918806145984 × 10^279 |
| 121 | ov_121 | 5.1171731011536426 × 10^279 |
| 120 | ov_120 | 7.296662570931677 × 10^279 |
| 119 | ov_119 | 1.0032453367948453 × 10^280 |
| 118 | ov_118 | 1.3389362272852171 × 10^280 |
| 117 | ov_117 | 1.7432251379712107 × 10^280 |
| 116 | ov_116 | 2.2226070626229313 × 10^280 |
| 115 | ov_115 | 2.7835927756684118 × 10^280 |
| 114 | ov_114 | 3.4327185933968935 × 10^280 |
| 113 | ov_113 | 4.17655892180248 × 10^280 |
| 112 | ov_112 | 5.021742467048934 × 10^280 |
| 111 | ov_111 | 5.974972984937164 × 10^280 |
| 110 | ov_110 | 7.043055019481222 × 10^280 |
| 109 | ov_109 | 8.232925081983884 × 10^280 |
| 108 | ov_108 | 9.551688724037577 × 10^280 |
| 107 | ov_107 | 1.1006663960926847 × 10^281 |
| 106 | ov_106 | 1.2605431506285433 × 10^281 |
| 105 | ov_105 | 1.4355892284869786 × 10^281 |
| 104 | ov_104 | 1.6266332698300541 × 10^281 |
| 103 | ov_103 | 1.8345498128994904 × 10^281 |
| 102 | ov_102 | 2.060267518069307 × 10^281 |
| 101 | ov_101 | 2.304778317043019 × 10^281 |
| 100 | ov_100 | 2.56914754070171 × 10^281 |
| 96 | aaa_78_29 | 2.6205985875206926 × 10^281 |
| 99 | ov_099 | 2.8545250815596688 × 10^281 |
| 98 | ov_098 | 2.8545525621932196 × 10^281 |
| 97 | ov_097 | 2.8546386581517263 × 10^281 |
| 95 | aaa_78_28 | 6.916251933151086 × 10^281 |
| 94 | ov_094 | 2.1503389583462025 × 10^282 |
| 93 | ov_093 | 4.7971797186734603 × 10^282 |
| 92 | ov_092 | 9.081737771321316 × 10^282 |
| 91 | ov_091 | 1.709137624779967 × 10^283 |
| 90 | ov_090 | 3.3450641832024794 × 10^283 |
| 89 | ov_089 | 6.368414936568873 × 10^283 |
| 88 | ov_088 | 1.1421787788723446 × 10^284 |
| 87 | ov_087 | 1.8894303536498606 × 10^284 |
| 86 | ov_086 | 2.960971715292669 × 10^284 |
| 85 | ov_085 | 4.448317661911985 × 10^284 |
| 84 | ov_084 | 6.452210022684184 × 10^284 |
| 83 | ov_083 | 9.082736940296099 × 10^284 |
| 82 | ov_082 | 1.2459488888773747 × 10^285 |
| 81 | ov_081 | 1.6711756610891957 × 10^285 |
| 80 | ov_080 | 2.1978776161101142 × 10^285 |
| 64 | lv_79_m31 | 2.2503927303876478 × 10^285 |
| 79 | ov_079 | 2.8410026243083834 × 10^285 |
| 78 | ov_078 | 3.6165583036956024 × 10^285 |
| 77 | ov_077 | 4.5416537721599585 × 10^285 |
| 76 | ov_076 | 5.634548191479195 × 10^285 |
| 75 | ov_075 | 6.914706627999535 × 10^285 |
| 74 | ov_074 | 8.402863758654526 × 10^285 |
| 63 | ov_063 | 9.293886927718523 × 10^285 |
| 73 | ov_073 | 1.0121095956277539 × 10^286 |
| 72 | ov_072 | 1.2092902295310424 × 10^286 |
| 71 | ov_071 | 1.434329502844585 × 10^286 |
| 70 | ov_070 | 1.688600375712181 × 10^286 |
| 69 | ov_069 | 1.973564963170751 × 10^286 |
| 68 | ov_068 | 2.29078093952141 × 10^286 |
| 67 | ov_067 | 2.641908550018891 × 10^286 |
| 66 | ov_066 | 2.6419106291843193 × 10^286 |
| 65 | ov_065 | 2.6419170446922343 × 10^286 |
| 62 | ov_062 | 3.835943289193551 × 10^286 |
| 61 | ov_061 | 1.158397486399055 × 10^287 |
| 60 | ov_060 | 2.8083279408769824 × 10^287 |
| 59 | ov_059 | 5.826312628038654 × 10^287 |
| 58 | ov_058 | 1.0740392317524969 × 10^288 |
| 57 | ov_057 | 1.8078611915326346 × 10^288 |
| 56 | ov_056 | 3.0793169071369244 × 10^288 |
| 55 | ov_055 | 5.5316547918458403 × 10^288 |
| 54 | ov_054 | 9.913747288240785 × 10^288 |
| 53 | ov_053 | 1.7080108176651292 × 10^289 |
| 52 | ov_052 | 2.7990922857495685 × 10^289 |
| 51 | ov_051 | 4.3712104264479226 × 10^289 |
| 50 | ov_050 | 6.541540051910313 × 10^289 |
| 49 | ov_049 | 9.437859328783065 × 10^289 |
| 48 | ov_048 | 1.3132040014568216 × 10^290 |
| 47 | ov_047 | 1.770131323426265 × 10^290 |
| 32 | lv_80_m31 | 2.110201332007847 × 10^290 |
| 46 | ov_046 | 2.3228313260142816 × 10^290 |
| 45 | ov_045 | 2.9801138016408714 × 10^290 |
| 44 | ov_044 | 3.751343033957986 × 10^290 |
| 43 | ov_043 | 4.646448439975657 × 10^290 |
| 42 | ov_042 | 5.6858676238472746 × 10^290 |
| 41 | ov_041 | 6.891212878828141 × 10^290 |
| 40 | ov_040 | 8.28530955425045 × 10^290 |
| 31 | ov_031 | 8.734088466390165 × 10^290 |
| 39 | ov_039 | 9.892243159379915 × 10^290 |
| 38 | ov_038 | 1.1737416443152133 × 10^291 |
| 37 | ov_037 | 1.3847617775367585 × 10^291 |
| 36 | ov_036 | 1.6251102245127315 × 10^291 |
| 35 | ov_035 | 1.897768698668134 × 10^291 |
| 34 | ov_034 | 2.204355040998575 × 10^291 |
| 33 | ov_033 | 2.5465806368230723 × 10^291 |
| 30 | ov_030 | 3.6139303553613335 × 10^291 |
| 29 | ov_029 | 1.0940580480353363 × 10^292 |
| 28 | ov_028 | 2.6589411800089417 × 10^292 |
| 27 | ov_027 | 6.360969787855437 × 10^292 |
| 26 | ov_026 | 1.5316931536416076 × 10^293 |
| 25 | ov_025 | 3.3657484536836416 × 10^293 |
| 24 | ov_024 | 6.652717615793928 × 10^293 |
| 23 | ov_023 | 1.200844922044012 × 10^294 |
| 22 | ov_022 | 2.015019627649963 × 10^294 |
| 21 | ov_021 | 3.1896635917222 × 10^294 |
| 20 | ov_020 | 4.8167902189704 × 10^294 |
| 19 | ov_019 | 6.998563855177872 × 10^294 |
| 18 | ov_018 | 9.847308747823255 × 10^294 |
| 17 | ov_017 | 1.3485525334793406 × 10^295 |
| 16 | ov_016 | 1.8045919187367924 × 10^295 |
| 15 | ov_015 | 2.367144902115974 × 10^295 |
| 14 | ov_014 | 3.0515401033994236 × 10^295 |
| 13 | ov_013 | 3.874149767539135 × 10^295 |
| 12 | ov_012 | 4.852404979871632 × 10^295 |
| 11 | ov_011 | 6.004816132934298 × 10^295 |
| 10 | ov_010 | 7.350999438251912 × 10^295 |
| 9 | ov_009 | 8.911710140828656 × 10^295 |
| 8 | ov_008 | 1.070888307592654 × 10^296 |
| 7 | ov_007 | 1.2765681251216915 × 10^296 |
| 6 | ov_006 | 1.5106553181472929 × 10^296 |
| 5 | ov_005 | 1.774474647565585 × 10^296 |
| 4 | ov_004 | 2.0694244774029738 × 10^296 |
| 3 | ov_003 | 2.3969816191243706 × 10^296 |
| 2 | ov_002 | 2.758706932219543 × 10^296 |
| 1 | ov_001 | 3.156251777467339 × 10^296 |

