# Results for F001-F002-F003-F004-F005-F006-F007-F008-F009-F010-F011-F012-F013-F014-F015-F016-F017-F018-F019-F020-F021-F022-F023-F024-F025-F026-F027-F028-F029-F030-F031-F032-F033-F034-F035-F036-F037-F038-F039-F040-F041-F042-F043-F044-F045-F046-F047-F048-F049-F050-F051-F052-F053-F054-F055-F056-F057-F058-F059-F060-F061-F062-F063-F064-F065-F066-F067-F068-F069-F070-F071-F072-F073-F074-F075-F076-F077-F078-F079-F080-F081-F082-F083-F084-F085-F086-F087-F088-F089-F090-F091-F092-F093-F094-F095-F096-F097-F098-F099-F100-F101-F102-F103-F104-F105-F106-F107-F108-F109-F110-F111-F112-F113-F114-F115-F116-F117-F118-F119-F120-F121-F122-F123-F124-F125-F126-F127-F128-F129-F130-F131-F132-F133-F134-F135-F136-F137-F138-F139-F140-F141-F142-F143-F144-F145-F146-F147-F148-F149-F150-F151-F152-F153-F154-F155-F156-F157-F158-F159-F160-F161-F162-F163-F164-F165-F166-F167-F168-F169-F170-F171-F172-F173-F174-F175-F176-F177-F178-F179-F180-F181-F182-F183-F184-F185-F186-F187-F188-F189-F190-F191-F192-F193-F194-F195-F196-F197-F198-F199-F200-F201-F202-F203-F204-F205-F206-F207-F208-F209-F210-F211-F212-F213-F214-F215-F216-F217-F218-F219-F220-F221-F222-F223-F224-F225-F226-F227-F228-F229-F230-F231-F232-F233-F234-F235-F236-F237-F238-F239-F240-F241-F242-F243-F244-F245-F246-F247-F248-F249-F250-F251-F252-F253-F254-F255-F256-F257-F258-F259-F260-F261-F262-F263-F264-F265-F266-F267-F268-F269-F270-F271-F272-F273-F274-F275-F276-F277-F278-F279-F280-F281-F282-F283-F284-F285-F286-F287-F288-F289-F290-F291-F292-F293-F294-F295-F296-F297-F298-F299-F300-F301-F302-F303-F304-F305-F306-F307-F308-F309-F310-F311-F312-F313-F314-F315-F316-F317-F318-F319-F320-F321-F322-F323-F324-F325-F326-F327-F328-F329-F330-F331-F332-F333-F334-F335-F336-F337-F338-F339-F340-F341-F342-F343-F344-F345-F346-F347-F348-F349-F350-F351-F352-F353-F354-F355-F356-F357-F358-F359-F360-F361-F362-F363-F364-F365-F366-F367-F368-F369-F370-F371-F372-F373-F374-F375-F376-F377-F378-F379-F380-F381-F382-F383-F384-F385-F386-F387-F388-F389-F390-F391-F392-F393-F394-F395-F396-F397-F398-F399-F400-F401-F402-F403-F404-F405-F406-F407-F408-F409-F410-F411-F412-F413-F414-F415-F416-F417-F418-F419-F420-F421-F422-F423-F424-F425-F426-F427-F428-F429-F430-F431-F432-F433-F434-F435-F436-F437-F438-F439-F440-F441-F442-F443-F444-F445-F446-F447-F448-F449-F450-F451-F452-F453-F454-F455-F456-F457-F458-F459-F460-F461-F462-F463-F464-F465-F466-F467-F468-F469-F470-F471-F472-F473-F474-F475-F476-F477-F478-F479-F480-F481-F482-F483-F484-F485-F486-F487-F488-F489-F490-F491-F492-F493-F494-F495-F496-F497-F498-F499-F500-F501-F502-F503-F504-E506509

## Summary

Number of input bits: 512  
Number of free input bits: 7  
Number of output bits: 160

Number of direct occurrences: 28868  
Number of assignments: 30665  
Number of operations: 10913100
(xor: 10882857,
and: 17372,
or: 12871)

Total complexity: 2.2960251785713585 × 10^297

Least occurring input variable: iv_505 (3982)  
Most occurring input variable: iv_512 (4273)

Most co-occurring input variables: iv_511-iv_512 (2032)  
Least co-occurring input variables: iv_505-iv_511 (1830)

Potentially most occurring input variable: iv_506/iv_510 (4604)  
Potentially least occurring input variable: iv_507/iv_508 (4304)

Least output occurring input variable: iv_508 (70)  
Most output occurring input variable: iv_510 (79)

Most output co-occurring input variables: iv_510-iv_512 (42)  
Least output co-occurring input variables: iv_506-iv_507 (27)

Potentially most output occurring input variable: iv_506/iv_507 (92)  
Potentially least output occurring input variable: iv_507/iv_508 (72)

Least complex input bit: iv_505 (4.489284098495455 × 10^295)  
Most complex input bit: iv_510 (6.784736636826959 × 10^296)

Least complex output bit: aaa_76_29 (3.433117000881853 × 10^272)  
Most complex output bit: ov_001 (3.576217941170091 × 10^296)

Least complex input/output complexity: iv_505/aaa_76_29 (6.712573409113559 × 10^270)  
Most complex input/output complexity: iv_510/ov_001 (1.056769634461589 × 10^296)

Input variable with highest collision probability: iv_507 (½^160.00000000000054)

## Input Bits

### Input Bits in Regular Order

| Input Bit | Complexity | Occurrences | Output Occurrences | Collision Probability |
|:---------:|:----------:|:-----------:|:------------------:|:---------------------:|
| iv_505 | 4.489284098495455 × 10^295 | 3982 | 79 | ½^160.00000000000068 |
| iv_506 | 5.228391187161448 × 10^296 | 4238 | 74 | ½^160.00000000000085 |
| iv_507 | 1.8358552134211804 × 10^296 | 4055 | 72 | ½^160.00000000000054 |
| iv_508 | 3.0638164393914467 × 10^296 | 4043 | 70 | ½^160.00000000000057 |
| iv_510 | 6.784736636826959 × 10^296 | 4164 | 79 | ½^160.00000000000077 |
| iv_511 | 2.568462496494298 × 10^296 | 4113 | 74 | ½^160.00000000000063 |
| iv_512 | 3.0300614025687206 × 10^296 | 4273 | 78 | ½^160.0000000000007 |

### Input Bits Sorted by Complexity

| Input Bit | Complexity | Occurrences | Output Occurrences | Collision Probability |
|:---------:|:----------:|:-----------:|:------------------:|:---------------------:|
| iv_505 | 4.489284098495455 × 10^295 | 3982 | 79 | ½^160.00000000000068 |
| iv_507 | 1.8358552134211804 × 10^296 | 4055 | 72 | ½^160.00000000000054 |
| iv_511 | 2.568462496494298 × 10^296 | 4113 | 74 | ½^160.00000000000063 |
| iv_512 | 3.0300614025687206 × 10^296 | 4273 | 78 | ½^160.0000000000007 |
| iv_508 | 3.0638164393914467 × 10^296 | 4043 | 70 | ½^160.00000000000057 |
| iv_506 | 5.228391187161448 × 10^296 | 4238 | 74 | ½^160.00000000000085 |
| iv_510 | 6.784736636826959 × 10^296 | 4164 | 79 | ½^160.00000000000077 |

### Input Bits Sorted by Occurrences

| Input Bit | Complexity | Occurrences | Output Occurrences | Collision Probability |
|:---------:|:----------:|:-----------:|:------------------:|:---------------------:|
| iv_505 | 4.489284098495455 × 10^295 | 3982 | 79 | ½^160.00000000000068 |
| iv_508 | 3.0638164393914467 × 10^296 | 4043 | 70 | ½^160.00000000000057 |
| iv_507 | 1.8358552134211804 × 10^296 | 4055 | 72 | ½^160.00000000000054 |
| iv_511 | 2.568462496494298 × 10^296 | 4113 | 74 | ½^160.00000000000063 |
| iv_510 | 6.784736636826959 × 10^296 | 4164 | 79 | ½^160.00000000000077 |
| iv_506 | 5.228391187161448 × 10^296 | 4238 | 74 | ½^160.00000000000085 |
| iv_512 | 3.0300614025687206 × 10^296 | 4273 | 78 | ½^160.0000000000007 |

### Input Bits Sorted by Output Occurrences

| Input Bit | Complexity | Occurrences | Output Occurrences | Collision Probability |
|:---------:|:----------:|:-----------:|:------------------:|:---------------------:|
| iv_508 | 3.0638164393914467 × 10^296 | 4043 | 70 | ½^160.00000000000057 |
| iv_507 | 1.8358552134211804 × 10^296 | 4055 | 72 | ½^160.00000000000054 |
| iv_506 | 5.228391187161448 × 10^296 | 4238 | 74 | ½^160.00000000000085 |
| iv_511 | 2.568462496494298 × 10^296 | 4113 | 74 | ½^160.00000000000063 |
| iv_512 | 3.0300614025687206 × 10^296 | 4273 | 78 | ½^160.0000000000007 |
| iv_505 | 4.489284098495455 × 10^295 | 3982 | 79 | ½^160.00000000000068 |
| iv_510 | 6.784736636826959 × 10^296 | 4164 | 79 | ½^160.00000000000077 |

### Input Bits Sorted by Collision Probability

| Input Bit | Complexity | Occurrences | Output Occurrences | Collision Probability |
|:---------:|:----------:|:-----------:|:------------------:|:---------------------:|
| iv_507 | 1.8358552134211804 × 10^296 | 4055 | 72 | ½^160.00000000000054 |
| iv_508 | 3.0638164393914467 × 10^296 | 4043 | 70 | ½^160.00000000000057 |
| iv_511 | 2.568462496494298 × 10^296 | 4113 | 74 | ½^160.00000000000063 |
| iv_505 | 4.489284098495455 × 10^295 | 3982 | 79 | ½^160.00000000000068 |
| iv_512 | 3.0300614025687206 × 10^296 | 4273 | 78 | ½^160.0000000000007 |
| iv_510 | 6.784736636826959 × 10^296 | 4164 | 79 | ½^160.00000000000077 |
| iv_506 | 5.228391187161448 × 10^296 | 4238 | 74 | ½^160.00000000000085 |

## Input Bit/Output Bit Collision Probabilities

| Input Bit | Output Bit | Collision Probability |
|:---------:|:----------:|:---------------------:|
| iv_507 | ov_026 | 0.500000000000002 |
| iv_508 | lv_79_m31 | 0.5000000000000019 |
| iv_511 | ov_081 | 0.5000000000000019 |
| iv_507 | ov_020 | 0.5000000000000018 |
| iv_507 | ov_057 | 0.5000000000000018 |
| iv_507 | ov_144 | 0.5000000000000018 |
| iv_508 | ov_060 | 0.5000000000000018 |

## Input Bit Co-occurrences

### Input Bit Co-occurrences Sorted by Co-occurrences

| Input Bits | Co-occurrences | Potential Occurrences | Output Co-occurrences | Potential Output Occurrences |
|:----------:|:--------------:|:---------------------:|:---------------------:|:----------------------------:|
| iv_511-iv_512 | 2032 | 4322 | 39 | 74 |
| iv_510-iv_512 | 1995 | 4447 | 42 | 73 |
| iv_506-iv_512 | 1954 | 4603 | 36 | 80 |
| iv_510-iv_511 | 1952 | 4373 | 38 | 77 |
| iv_506-iv_508 | 1947 | 4387 | 32 | 80 |
| iv_506-iv_507 | 1947 | 4399 | 27 | 92 |
| iv_508-iv_512 | 1944 | 4428 | 29 | 90 |

### Input Bit Co-occurrences Sorted by Potential Occurrences

| Input Bits | Co-occurrences | Potential Occurrences | Output Co-occurrences | Potential Output Occurrences |
|:----------:|:--------------:|:---------------------:|:---------------------:|:----------------------------:|
| iv_507-iv_508 | 1897 | 4304 | 35 | 72 |
| iv_511-iv_512 | 2032 | 4322 | 39 | 74 |
| iv_505-iv_507 | 1857 | 4323 | 33 | 85 |
| iv_507-iv_511 | 1919 | 4330 | 32 | 82 |
| iv_508-iv_510 | 1933 | 4341 | 31 | 87 |
| iv_508-iv_511 | 1906 | 4344 | 35 | 74 |
| iv_505-iv_508 | 1832 | 4361 | 31 | 87 |

### Input Bit Output Co-occurrences Sorted by Output Co-occurrences

| Input Bits | Co-occurrences | Potential Occurrences | Output Co-occurrences | Potential Output Occurrences |
|:----------:|:--------------:|:---------------------:|:---------------------:|:----------------------------:|
| iv_510-iv_512 | 1995 | 4447 | 42 | 73 |
| iv_511-iv_512 | 2032 | 4322 | 39 | 74 |
| iv_505-iv_510 | 1884 | 4378 | 39 | 80 |
| iv_505-iv_506 | 1913 | 4394 | 38 | 77 |
| iv_505-iv_512 | 1843 | 4569 | 38 | 81 |
| iv_510-iv_511 | 1952 | 4373 | 38 | 77 |
| iv_507-iv_510 | 1924 | 4371 | 37 | 77 |

### Input Bit Output Co-occurrences Sorted by Potential Output Occurrences

| Input Bits | Co-occurrences | Potential Occurrences | Output Co-occurrences | Potential Output Occurrences |
|:----------:|:--------------:|:---------------------:|:---------------------:|:----------------------------:|
| iv_507-iv_508 | 1897 | 4304 | 35 | 72 |
| iv_510-iv_512 | 1995 | 4447 | 42 | 73 |
| iv_508-iv_511 | 1906 | 4344 | 35 | 74 |
| iv_511-iv_512 | 2032 | 4322 | 39 | 74 |
| iv_505-iv_506 | 1913 | 4394 | 38 | 77 |
| iv_507-iv_510 | 1924 | 4371 | 37 | 77 |
| iv_510-iv_511 | 1952 | 4373 | 38 | 77 |

## Output Bits

### Output Bits in Regular Order

| Rank | Output Bit | Complexity |
|:----:|:----------:|:----------:|
| 1 | ov_001 | 3.576217941170091 × 10^296 |
| 2 | ov_002 | 3.125775873403973 × 10^296 |
| 3 | ov_003 | 2.7159194381267922 × 10^296 |
| 4 | ov_004 | 2.344777576672577 × 10^296 |
| 5 | ov_005 | 2.0105817652630375 × 10^296 |
| 6 | ov_006 | 1.711658704393313 × 10^296 |
| 7 | ov_007 | 1.4464239743214275 × 10^296 |
| 8 | ov_008 | 1.2133765473738783 × 10^296 |
| 9 | ov_009 | 1.009746262011196 × 10^296 |
| 10 | ov_010 | 8.329086077680803 × 10^295 |
| 11 | ov_011 | 6.803782303382986 × 10^295 |
| 12 | ov_012 | 5.498034281172683 × 10^295 |
| 13 | ov_013 | 4.389615578306969 × 10^295 |
| 14 | ov_014 | 3.4575527187571117 × 10^295 |
| 15 | ov_015 | 2.682095149309616 × 10^295 |
| 16 | ov_016 | 2.0446920533592978 × 10^295 |
| 17 | ov_017 | 1.5279751137505497 × 10^295 |
| 18 | ov_018 | 1.1157461901171138 × 10^295 |
| 19 | ov_019 | 7.929688967959774 × 10^294 |
| 20 | ov_020 | 5.457631632439829 × 10^294 |
| 21 | ov_021 | 3.6140195465900545 × 10^294 |
| 22 | ov_022 | 2.283094262383195 × 10^294 |
| 23 | ov_023 | 1.3605990768120933 × 10^294 |
| 24 | ov_024 | 7.53773081442754 × 10^293 |
| 25 | ov_025 | 3.813474450478861 × 10^293 |
| 26 | ov_026 | 1.735431801364763 × 10^293 |
| 27 | ov_027 | 7.206994230753787 × 10^292 |
| 28 | ov_028 | 3.0125472230747397 × 10^292 |
| 29 | ov_029 | 1.2395382121793384 × 10^292 |
| 30 | ov_030 | 4.094433081873627 × 10^291 |
| 31 | ov_031 | 9.895226134257468 × 10^290 |
| 32 | lv_80_m31 | 2.3907074176151144 × 10^290 |
| 33 | ov_033 | 2.885169385252858 × 10^291 |
| 34 | ov_034 | 2.4973703542261805 × 10^291 |
| 35 | ov_035 | 2.149975648366672 × 10^291 |
| 36 | ov_036 | 1.8410415713920276 × 10^291 |
| 37 | ov_037 | 1.5687311833180134 × 10^291 |
| 38 | ov_038 | 1.3296604415335143 × 10^291 |
| 39 | ov_039 | 1.1206235280243835 × 10^291 |
| 40 | ov_040 | 9.385819105025216 × 10^290 |
| 41 | ov_041 | 7.806550097937219 × 10^290 |
| 42 | ov_042 | 6.441123062229365 × 10^290 |
| 43 | ov_043 | 5.2636672818911596 × 10^290 |
| 44 | ov_044 | 4.249691761118393 × 10^290 |
| 45 | ov_045 | 3.376040445210047 × 10^290 |
| 46 | ov_046 | 2.631464027128279 × 10^290 |
| 47 | ov_047 | 2.005354622812503 × 10^290 |
| 48 | ov_048 | 1.4877332226608147 × 10^290 |
| 49 | ov_049 | 1.0692400820936187 × 10^290 |
| 50 | ov_050 | 7.411275632974709 × 10^289 |
| 51 | ov_051 | 4.952549816957052 × 10^289 |
| 52 | ov_052 | 3.1714884464817265 × 10^289 |
| 53 | ov_053 | 1.9353640618021011 × 10^289 |
| 54 | ov_054 | 1.123434700979354 × 10^289 |
| 55 | ov_055 | 6.269319768267161 × 10^288 |
| 56 | ov_056 | 3.4905488444935497 × 10^288 |
| 57 | ov_057 | 2.0496644750582932 × 10^288 |
| 58 | ov_058 | 1.2179180136111025 × 10^288 |
| 59 | ov_059 | 6.608386823408769 × 10^287 |
| 60 | ov_060 | 3.18624255005132 × 10^287 |
| 61 | ov_061 | 1.314729634003572 × 10^287 |
| 62 | ov_062 | 4.35521000451097 × 10^286 |
| 63 | ov_063 | 1.0556410875714046 × 10^286 |
| 64 | lv_79_m31 | 2.5572112374001667 × 10^285 |
| 65 | ov_065 | 3.01407911290068 × 10^286 |
| 66 | ov_066 | 3.0140720088174705 × 10^286 |
| 67 | ov_067 | 3.0140697065827824 × 10^286 |
| 68 | ov_068 | 2.617175514899345 × 10^286 |
| 69 | ov_069 | 2.2582209570706026 × 10^286 |
| 70 | ov_070 | 1.935367367047654 × 10^286 |
| 71 | ov_071 | 1.6468896515719107 × 10^286 |
| 72 | ov_072 | 1.3911685275267528 × 10^286 |
| 73 | ov_073 | 1.1666834321238807 × 10^286 |
| 74 | ov_074 | 9.706641956703444 × 10^285 |
| 75 | ov_075 | 8.005082106198559 × 10^285 |
| 76 | ov_076 | 6.537704167601899 × 10^285 |
| 77 | ov_077 | 5.281543347889545 × 10^285 |
| 78 | ov_078 | 4.2150408724300805 × 10^285 |
| 79 | ov_079 | 3.317973468341225 × 10^285 |
| 80 | ov_080 | 2.5713915306867395 × 10^285 |
| 81 | ov_081 | 1.957565386373318 × 10^285 |
| 82 | ov_082 | 1.4599390749316 × 10^285 |
| 83 | ov_083 | 1.063091068305858 × 10^285 |
| 84 | ov_084 | 7.527013536680435 × 10^284 |
| 85 | ov_085 | 5.155243044093437 × 10^284 |
| 86 | ov_086 | 3.3936676510102735 × 10^284 |
| 87 | ov_087 | 2.1307077656000458 × 10^284 |
| 88 | ov_088 | 1.2650036734264876 × 10^284 |
| 89 | ov_089 | 7.053183809885441 × 10^283 |
| 90 | ov_090 | 3.7046965281575223 × 10^283 |
| 91 | ov_091 | 1.8928550742976505 × 10^283 |
| 92 | ov_092 | 1.0057748532696341 × 10^283 |
| 93 | ov_093 | 5.312628352488272 × 10^282 |
| 94 | ov_094 | 2.3813355272855116 × 10^282 |
| 95 | aaa_78_28 | 7.659043630048308 × 10^281 |
| 96 | aaa_78_29 | 2.901953066105109 × 10^281 |
| 97 | ov_097 | 3.160810417521096 × 10^281 |
| 98 | ov_098 | 3.1607148662445485 × 10^281 |
| 99 | ov_099 | 3.160684349017322 × 10^281 |
| 100 | ov_100 | 2.8445327379076683 × 10^281 |
| 101 | ov_101 | 2.551695414382695 × 10^281 |
| 102 | ov_102 | 2.28089008009251 × 10^281 |
| 103 | ov_103 | 2.030928697553095 × 10^281 |
| 104 | ov_104 | 1.8007052284721196 × 10^281 |
| 105 | ov_105 | 1.5891844914362477 × 10^281 |
| 106 | ov_106 | 1.3953920784193085 × 10^281 |
| 107 | ov_107 | 1.2184052722218658 × 10^281 |
| 108 | ov_108 | 1.0573449091393937 × 10^281 |
| 109 | ov_109 | 9.113681329359127 × 10^280 |
| 110 | ov_110 | 7.796619876258725 × 10^280 |
| 111 | ov_111 | 6.614377976892176 × 10^280 |
| 112 | ov_112 | 5.559262852089598 × 10^280 |
| 113 | ov_113 | 4.623733740706967 × 10^280 |
| 114 | ov_114 | 3.800366318370558 × 10^280 |
| 115 | ov_115 | 3.0818230024007093 × 10^280 |
| 116 | ov_116 | 2.460828654546398 × 10^280 |
| 117 | ov_117 | 1.9301511945526104 × 10^280 |
| 118 | ov_118 | 1.4825866383928544 × 10^280 |
| 119 | ov_119 | 1.110948075432734 × 10^280 |
| 120 | ov_120 | 8.080580990064175 × 10^279 |
| 121 | ov_121 | 5.667442049927516 × 10^279 |
| 122 | ov_122 | 3.7983645370492046 × 10^279 |
| 123 | ov_123 | 2.4016637311284594 × 10^279 |
| 124 | ov_124 | 1.405663201383052 × 10^279 |
| 125 | ov_125 | 7.386906129101244 × 10^278 |
| 126 | ov_126 | 3.290753123473671 × 10^278 |
| 127 | aaa_77_28 | 1.0514718412410312 × 10^278 |
| 128 | aaa_77_29 | 3.9438359453792576 × 10^277 |
| 129 | ov_129 | 3.6177200097691513 × 10^277 |
| 130 | ov_130 | 3.617711647453948 × 10^277 |
| 131 | ov_131 | 3.6177089561592147 × 10^277 |
| 132 | ov_132 | 3.14133398334673 × 10^277 |
| 133 | ov_133 | 2.7106757470468457 × 10^277 |
| 134 | ov_134 | 2.3237145402172413 × 10^277 |
| 135 | ov_135 | 1.9785463193370725 × 10^277 |
| 136 | ov_136 | 1.6733740470507796 × 10^277 |
| 137 | ov_137 | 1.4048948618821635 × 10^277 |
| 138 | ov_138 | 1.169985142855051 × 10^277 |
| 139 | ov_139 | 9.656895555631801 × 10^276 |
| 140 | ov_140 | 7.892116890436124 × 10^276 |
| 141 | ov_141 | 6.379061551172022 × 10^276 |
| 142 | ov_142 | 5.092719988165242 × 10^276 |
| 143 | ov_143 | 4.009472673806156 × 10^276 |
| 144 | ov_144 | 3.107045947428683 × 10^276 |
| 145 | ov_145 | 2.3644766777702837 × 10^276 |
| 146 | ov_146 | 1.7620844982873842 × 10^276 |
| 147 | ov_147 | 1.2814504627129857 × 10^276 |
| 148 | ov_148 | 9.054010600291679 × 10^275 |
| 149 | ov_149 | 6.1799661961806404 × 10^275 |
| 150 | ov_150 | 4.0452322883495756 × 10^275 |
| 151 | ov_151 | 2.51487376664947 × 10^275 |
| 152 | ov_152 | 1.466126285062069 × 10^275 |
| 153 | ov_153 | 7.883772848281914 × 10^274 |
| 154 | ov_154 | 3.831561703762168 × 10^274 |
| 155 | ov_155 | 1.6412956227069377 × 10^274 |
| 156 | aaa_76_25 | 5.709907460666688 × 10^273 |
| 157 | aaa_76_26 | 3.5166629021070153 × 10^273 |
| 158 | aaa_76_27 | 1.9300670755055715 × 10^273 |
| 159 | aaa_76_28 | 9.106323287076047 × 10^272 |
| 160 | aaa_76_29 | 3.433117000881853 × 10^272 |

### Output Bits Sorted by Complexity

| Rank | Output Bit | Complexity |
|:----:|:----------:|:----------:|
| 160 | aaa_76_29 | 3.433117000881853 × 10^272 |
| 159 | aaa_76_28 | 9.106323287076047 × 10^272 |
| 158 | aaa_76_27 | 1.9300670755055715 × 10^273 |
| 157 | aaa_76_26 | 3.5166629021070153 × 10^273 |
| 156 | aaa_76_25 | 5.709907460666688 × 10^273 |
| 155 | ov_155 | 1.6412956227069377 × 10^274 |
| 154 | ov_154 | 3.831561703762168 × 10^274 |
| 153 | ov_153 | 7.883772848281914 × 10^274 |
| 152 | ov_152 | 1.466126285062069 × 10^275 |
| 151 | ov_151 | 2.51487376664947 × 10^275 |
| 150 | ov_150 | 4.0452322883495756 × 10^275 |
| 149 | ov_149 | 6.1799661961806404 × 10^275 |
| 148 | ov_148 | 9.054010600291679 × 10^275 |
| 147 | ov_147 | 1.2814504627129857 × 10^276 |
| 146 | ov_146 | 1.7620844982873842 × 10^276 |
| 145 | ov_145 | 2.3644766777702837 × 10^276 |
| 144 | ov_144 | 3.107045947428683 × 10^276 |
| 143 | ov_143 | 4.009472673806156 × 10^276 |
| 142 | ov_142 | 5.092719988165242 × 10^276 |
| 141 | ov_141 | 6.379061551172022 × 10^276 |
| 140 | ov_140 | 7.892116890436124 × 10^276 |
| 139 | ov_139 | 9.656895555631801 × 10^276 |
| 138 | ov_138 | 1.169985142855051 × 10^277 |
| 137 | ov_137 | 1.4048948618821635 × 10^277 |
| 136 | ov_136 | 1.6733740470507796 × 10^277 |
| 135 | ov_135 | 1.9785463193370725 × 10^277 |
| 134 | ov_134 | 2.3237145402172413 × 10^277 |
| 133 | ov_133 | 2.7106757470468457 × 10^277 |
| 132 | ov_132 | 3.14133398334673 × 10^277 |
| 131 | ov_131 | 3.6177089561592147 × 10^277 |
| 130 | ov_130 | 3.617711647453948 × 10^277 |
| 129 | ov_129 | 3.6177200097691513 × 10^277 |
| 128 | aaa_77_29 | 3.9438359453792576 × 10^277 |
| 127 | aaa_77_28 | 1.0514718412410312 × 10^278 |
| 126 | ov_126 | 3.290753123473671 × 10^278 |
| 125 | ov_125 | 7.386906129101244 × 10^278 |
| 124 | ov_124 | 1.405663201383052 × 10^279 |
| 123 | ov_123 | 2.4016637311284594 × 10^279 |
| 122 | ov_122 | 3.7983645370492046 × 10^279 |
| 121 | ov_121 | 5.667442049927516 × 10^279 |
| 120 | ov_120 | 8.080580990064175 × 10^279 |
| 119 | ov_119 | 1.110948075432734 × 10^280 |
| 118 | ov_118 | 1.4825866383928544 × 10^280 |
| 117 | ov_117 | 1.9301511945526104 × 10^280 |
| 116 | ov_116 | 2.460828654546398 × 10^280 |
| 115 | ov_115 | 3.0818230024007093 × 10^280 |
| 114 | ov_114 | 3.800366318370558 × 10^280 |
| 113 | ov_113 | 4.623733740706967 × 10^280 |
| 112 | ov_112 | 5.559262852089598 × 10^280 |
| 111 | ov_111 | 6.614377976892176 × 10^280 |
| 110 | ov_110 | 7.796619876258725 × 10^280 |
| 109 | ov_109 | 9.113681329359127 × 10^280 |
| 108 | ov_108 | 1.0573449091393937 × 10^281 |
| 107 | ov_107 | 1.2184052722218658 × 10^281 |
| 106 | ov_106 | 1.3953920784193085 × 10^281 |
| 105 | ov_105 | 1.5891844914362477 × 10^281 |
| 104 | ov_104 | 1.8007052284721196 × 10^281 |
| 103 | ov_103 | 2.030928697553095 × 10^281 |
| 102 | ov_102 | 2.28089008009251 × 10^281 |
| 101 | ov_101 | 2.551695414382695 × 10^281 |
| 100 | ov_100 | 2.8445327379076683 × 10^281 |
| 96 | aaa_78_29 | 2.901953066105109 × 10^281 |
| 99 | ov_099 | 3.160684349017322 × 10^281 |
| 98 | ov_098 | 3.1607148662445485 × 10^281 |
| 97 | ov_097 | 3.160810417521096 × 10^281 |
| 95 | aaa_78_28 | 7.659043630048308 × 10^281 |
| 94 | ov_094 | 2.3813355272855116 × 10^282 |
| 93 | ov_093 | 5.312628352488272 × 10^282 |
| 92 | ov_092 | 1.0057748532696341 × 10^283 |
| 91 | ov_091 | 1.8928550742976505 × 10^283 |
| 90 | ov_090 | 3.7046965281575223 × 10^283 |
| 89 | ov_089 | 7.053183809885441 × 10^283 |
| 88 | ov_088 | 1.2650036734264876 × 10^284 |
| 87 | ov_087 | 2.1307077656000458 × 10^284 |
| 86 | ov_086 | 3.3936676510102735 × 10^284 |
| 85 | ov_085 | 5.155243044093437 × 10^284 |
| 84 | ov_084 | 7.527013536680435 × 10^284 |
| 83 | ov_083 | 1.063091068305858 × 10^285 |
| 82 | ov_082 | 1.4599390749316 × 10^285 |
| 81 | ov_081 | 1.957565386373318 × 10^285 |
| 64 | lv_79_m31 | 2.5572112374001667 × 10^285 |
| 80 | ov_080 | 2.5713915306867395 × 10^285 |
| 79 | ov_079 | 3.317973468341225 × 10^285 |
| 78 | ov_078 | 4.2150408724300805 × 10^285 |
| 77 | ov_077 | 5.281543347889545 × 10^285 |
| 76 | ov_076 | 6.537704167601899 × 10^285 |
| 75 | ov_075 | 8.005082106198559 × 10^285 |
| 74 | ov_074 | 9.706641956703444 × 10^285 |
| 63 | ov_063 | 1.0556410875714046 × 10^286 |
| 73 | ov_073 | 1.1666834321238807 × 10^286 |
| 72 | ov_072 | 1.3911685275267528 × 10^286 |
| 71 | ov_071 | 1.6468896515719107 × 10^286 |
| 70 | ov_070 | 1.935367367047654 × 10^286 |
| 69 | ov_069 | 2.2582209570706026 × 10^286 |
| 68 | ov_068 | 2.617175514899345 × 10^286 |
| 67 | ov_067 | 3.0140697065827824 × 10^286 |
| 66 | ov_066 | 3.0140720088174705 × 10^286 |
| 65 | ov_065 | 3.01407911290068 × 10^286 |
| 62 | ov_062 | 4.35521000451097 × 10^286 |
| 61 | ov_061 | 1.314729634003572 × 10^287 |
| 60 | ov_060 | 3.18624255005132 × 10^287 |
| 59 | ov_059 | 6.608386823408769 × 10^287 |
| 58 | ov_058 | 1.2179180136111025 × 10^288 |
| 57 | ov_057 | 2.0496644750582932 × 10^288 |
| 56 | ov_056 | 3.4905488444935497 × 10^288 |
| 55 | ov_055 | 6.269319768267161 × 10^288 |
| 54 | ov_054 | 1.123434700979354 × 10^289 |
| 53 | ov_053 | 1.9353640618021011 × 10^289 |
| 52 | ov_052 | 3.1714884464817265 × 10^289 |
| 51 | ov_051 | 4.952549816957052 × 10^289 |
| 50 | ov_050 | 7.411275632974709 × 10^289 |
| 49 | ov_049 | 1.0692400820936187 × 10^290 |
| 48 | ov_048 | 1.4877332226608147 × 10^290 |
| 47 | ov_047 | 2.005354622812503 × 10^290 |
| 32 | lv_80_m31 | 2.3907074176151144 × 10^290 |
| 46 | ov_046 | 2.631464027128279 × 10^290 |
| 45 | ov_045 | 3.376040445210047 × 10^290 |
| 44 | ov_044 | 4.249691761118393 × 10^290 |
| 43 | ov_043 | 5.2636672818911596 × 10^290 |
| 42 | ov_042 | 6.441123062229365 × 10^290 |
| 41 | ov_041 | 7.806550097937219 × 10^290 |
| 40 | ov_040 | 9.385819105025216 × 10^290 |
| 31 | ov_031 | 9.895226134257468 × 10^290 |
| 39 | ov_039 | 1.1206235280243835 × 10^291 |
| 38 | ov_038 | 1.3296604415335143 × 10^291 |
| 37 | ov_037 | 1.5687311833180134 × 10^291 |
| 36 | ov_036 | 1.8410415713920276 × 10^291 |
| 35 | ov_035 | 2.149975648366672 × 10^291 |
| 34 | ov_034 | 2.4973703542261805 × 10^291 |
| 33 | ov_033 | 2.885169385252858 × 10^291 |
| 30 | ov_030 | 4.094433081873627 × 10^291 |
| 29 | ov_029 | 1.2395382121793384 × 10^292 |
| 28 | ov_028 | 3.0125472230747397 × 10^292 |
| 27 | ov_027 | 7.206994230753787 × 10^292 |
| 26 | ov_026 | 1.735431801364763 × 10^293 |
| 25 | ov_025 | 3.813474450478861 × 10^293 |
| 24 | ov_024 | 7.53773081442754 × 10^293 |
| 23 | ov_023 | 1.3605990768120933 × 10^294 |
| 22 | ov_022 | 2.283094262383195 × 10^294 |
| 21 | ov_021 | 3.6140195465900545 × 10^294 |
| 20 | ov_020 | 5.457631632439829 × 10^294 |
| 19 | ov_019 | 7.929688967959774 × 10^294 |
| 18 | ov_018 | 1.1157461901171138 × 10^295 |
| 17 | ov_017 | 1.5279751137505497 × 10^295 |
| 16 | ov_016 | 2.0446920533592978 × 10^295 |
| 15 | ov_015 | 2.682095149309616 × 10^295 |
| 14 | ov_014 | 3.4575527187571117 × 10^295 |
| 13 | ov_013 | 4.389615578306969 × 10^295 |
| 12 | ov_012 | 5.498034281172683 × 10^295 |
| 11 | ov_011 | 6.803782303382986 × 10^295 |
| 10 | ov_010 | 8.329086077680803 × 10^295 |
| 9 | ov_009 | 1.009746262011196 × 10^296 |
| 8 | ov_008 | 1.2133765473738783 × 10^296 |
| 7 | ov_007 | 1.4464239743214275 × 10^296 |
| 6 | ov_006 | 1.711658704393313 × 10^296 |
| 5 | ov_005 | 2.0105817652630375 × 10^296 |
| 4 | ov_004 | 2.344777576672577 × 10^296 |
| 3 | ov_003 | 2.7159194381267922 × 10^296 |
| 2 | ov_002 | 3.125775873403973 × 10^296 |
| 1 | ov_001 | 3.576217941170091 × 10^296 |

