# Results for F001-F002-F003-F004-F005-F006-F007-F008-F009-F010-F011-F012-F013-F014-F015-F016-F017-F018-F019-F020-F021-F022-F023-F024-F025-F026-F027-F028-F029-F030-F031-F032-F033-F034-F035-F036-F037-F038-F039-F040-F041-F042-F043-F044-F045-F046-F047-F048-F049-F050-F051-F052-F053-F054-F055-F056-F057-F058-F059-F060-F061-F062-F063-F064-F065-F066-F067-F068-F069-F070-F071-F072-F073-F074-F075-F076-F077-F078-F079-F080-F081-F082-F083-F084-F085-F086-F087-F088-F089-F090-F091-F092-F093-F094-F095-F096-F097-F098-F099-F100-F101-F102-F103-F104-F105-F106-F107-F108-F109-F110-F111-F112-F113-F114-F115-F116-F117-F118-F119-F120-F121-F122-F123-F124-F125-F126-F127-F128-F129-F130-F131-F132-F133-F134-F135-F136-F137-F138-F139-F140-F141-F142-F143-F144-F145-F146-F147-F148-F149-F150-F151-F152-F153-F154-F155-F156-F157-F158-F159-F160-F161-F162-F163-F164-F165-F166-F167-F168-F169-F170-F171-F172-F173-F174-F175-F176-F177-F178-F179-F180-F181-F182-F183-F184-F185-F186-F187-F188-F189-F190-F191-F192-F193-F194-F195-F196-F197-F198-F199-F200-F201-F202-F203-F204-F205-F206-F207-F208-F209-F210-F211-F212-F213-F214-F215-F216-F217-F218-F219-F220-F221-F222-F223-F224-F225-F226-F227-F228-F229-F230-F231-F232-F233-F234-F235-F236-F237-F238-F239-F240-F241-F242-F243-F244-F245-F246-F247-F248-F249-F250-F251-F252-F253-F254-F255-F256-F257-F258-F259-F260-F261-F262-F263-F264-F265-F266-F267-F268-F269-F270-F271-F272-F273-F274-F275-F276-F277-F278-F279-F280-F281-F282-F283-F284-F285-F286-F287-F288-F289-F290-F291-F292-F293-F294-F295-F296-F297-F298-F299-F300-F301-F302-F303-F304-F305-F306-F307-F308-F309-F310-F311-F312-F313-F314-F315-F316-F317-F318-F319-F320-F321-F322-F323-F324-F325-F326-F327-F328-F329-F330-F331-F332-F333-F334-F335-F336-F337-F338-F339-F340-F341-F342-F343-F344-F345-F346-F347-F348-F349-F350-F351-F352-F353-F354-F355-F356-F357-F358-F359-F360-F361-F362-F363-F364-F365-F366-F367-F368-F369-F370-F371-F372-F373-F374-F375-F376-F377-F378-F379-F380-F381-F382-F383-F384-F385-F386-F387-F388-F389-F390-F391-F392-F393-F394-F395-F396-F397-F398-F399-F400-F401-F402-F403-F404-F405-F406-F407-F408-F409-F410-F411-F412-F413-F414-F415-F416-F417-F418-F419-F420-F421-F422-F423-F424-F425-F426-F427-F428-F429-F430-F431-F432-F433-F434-F435-F436-F437-F438-F439-F440-F441-F442-F443-F444-F445-F446-F447-F448-F449-F450-F451-F452-F453-F454-F455-F456-F457-F458-F459-F460-F461-F462-F463-F464-F465-F466-F467-F468-F469-F470-F471-F472-F473-F474-F475-F476-F477-F478-F479-F480-F481-F482-F483-F484-F485-F486-F487-F488-F489-F490-F491-F492-F493-F494-F495-F496-F497-F498-F499-F500-F501-E504505-E506508-F510-F512

## Summary

Number of input bits: 512  
Number of free input bits: 7  
Number of output bits: 160

Number of direct occurrences: 29410  
Number of assignments: 30847  
Number of operations: 10894435
(xor: 10865425,
and: 15998,
or: 13012)

Total complexity: 6.219982865274335 × 10^297

Least occurring input variable: iv_502 (3920)  
Most occurring input variable: iv_504 (4407)

Most co-occurring input variables: iv_504-iv_511 (2106)  
Least co-occurring input variables: iv_502-iv_503 (1812)

Potentially most occurring input variable: iv_504/iv_507 (4604)  
Potentially least occurring input variable: iv_507/iv_509 (4310)

Least output occurring input variable: iv_503 (72)  
Most output occurring input variable: iv_509 (87)

Most output co-occurring input variables: iv_504-iv_509 (50)  
Least output co-occurring input variables: iv_503-iv_506 (33)

Potentially most output occurring input variable: iv_506/iv_507 (90)  
Potentially least output occurring input variable: iv_502/iv_506 (70)

Least complex input bit: iv_511 (1.0515313798473881 × 10^294)  
Most complex input bit: iv_506 (2.04713508865194 × 10^297)

Least complex output bit: aaa_76_29 (1.0342418193223315 × 10^273)  
Most complex output bit: ov_001 (9.840803406347169 × 10^296)

Least complex input/output complexity: iv_511/aaa_76_29 (1.7484577545052704 × 10^269)  
Most complex input/output complexity: iv_506/ov_001 (3.238827885865936 × 10^296)

Input variable with highest collision probability: iv_502 (½^160.00000000000045)

## Input Bits

### Input Bits in Regular Order

| Input Bit | Complexity | Occurrences | Output Occurrences | Collision Probability |
|:---------:|:----------:|:-----------:|:------------------:|:---------------------:|
| iv_502 | 2.787289320433109 × 10^296 | 3920 | 82 | ½^160.00000000000045 |
| iv_503 | 4.97837333893564 × 10^296 | 4083 | 72 | ½^160.00000000000068 |
| iv_504 | 9.931861599803113 × 10^296 | 4407 | 85 | ½^160.00000000000057 |
| iv_506 | 2.04713508865194 × 10^297 | 4319 | 80 | ½^160.00000000000082 |
| iv_507 | 1.0265151322449635 × 10^297 | 4193 | 76 | ½^160.00000000000082 |
| iv_509 | 1.3755286870804043 × 10^297 | 4229 | 87 | ½^160.00000000000077 |
| iv_511 | 1.0515313798473881 × 10^294 | 4259 | 80 | ½^160.00000000000054 |

### Input Bits Sorted by Complexity

| Input Bit | Complexity | Occurrences | Output Occurrences | Collision Probability |
|:---------:|:----------:|:-----------:|:------------------:|:---------------------:|
| iv_511 | 1.0515313798473881 × 10^294 | 4259 | 80 | ½^160.00000000000054 |
| iv_502 | 2.787289320433109 × 10^296 | 3920 | 82 | ½^160.00000000000045 |
| iv_503 | 4.97837333893564 × 10^296 | 4083 | 72 | ½^160.00000000000068 |
| iv_504 | 9.931861599803113 × 10^296 | 4407 | 85 | ½^160.00000000000057 |
| iv_507 | 1.0265151322449635 × 10^297 | 4193 | 76 | ½^160.00000000000082 |
| iv_509 | 1.3755286870804043 × 10^297 | 4229 | 87 | ½^160.00000000000077 |
| iv_506 | 2.04713508865194 × 10^297 | 4319 | 80 | ½^160.00000000000082 |

### Input Bits Sorted by Occurrences

| Input Bit | Complexity | Occurrences | Output Occurrences | Collision Probability |
|:---------:|:----------:|:-----------:|:------------------:|:---------------------:|
| iv_502 | 2.787289320433109 × 10^296 | 3920 | 82 | ½^160.00000000000045 |
| iv_503 | 4.97837333893564 × 10^296 | 4083 | 72 | ½^160.00000000000068 |
| iv_507 | 1.0265151322449635 × 10^297 | 4193 | 76 | ½^160.00000000000082 |
| iv_509 | 1.3755286870804043 × 10^297 | 4229 | 87 | ½^160.00000000000077 |
| iv_511 | 1.0515313798473881 × 10^294 | 4259 | 80 | ½^160.00000000000054 |
| iv_506 | 2.04713508865194 × 10^297 | 4319 | 80 | ½^160.00000000000082 |
| iv_504 | 9.931861599803113 × 10^296 | 4407 | 85 | ½^160.00000000000057 |

### Input Bits Sorted by Output Occurrences

| Input Bit | Complexity | Occurrences | Output Occurrences | Collision Probability |
|:---------:|:----------:|:-----------:|:------------------:|:---------------------:|
| iv_503 | 4.97837333893564 × 10^296 | 4083 | 72 | ½^160.00000000000068 |
| iv_507 | 1.0265151322449635 × 10^297 | 4193 | 76 | ½^160.00000000000082 |
| iv_506 | 2.04713508865194 × 10^297 | 4319 | 80 | ½^160.00000000000082 |
| iv_511 | 1.0515313798473881 × 10^294 | 4259 | 80 | ½^160.00000000000054 |
| iv_502 | 2.787289320433109 × 10^296 | 3920 | 82 | ½^160.00000000000045 |
| iv_504 | 9.931861599803113 × 10^296 | 4407 | 85 | ½^160.00000000000057 |
| iv_509 | 1.3755286870804043 × 10^297 | 4229 | 87 | ½^160.00000000000077 |

### Input Bits Sorted by Collision Probability

| Input Bit | Complexity | Occurrences | Output Occurrences | Collision Probability |
|:---------:|:----------:|:-----------:|:------------------:|:---------------------:|
| iv_502 | 2.787289320433109 × 10^296 | 3920 | 82 | ½^160.00000000000045 |
| iv_511 | 1.0515313798473881 × 10^294 | 4259 | 80 | ½^160.00000000000054 |
| iv_504 | 9.931861599803113 × 10^296 | 4407 | 85 | ½^160.00000000000057 |
| iv_503 | 4.97837333893564 × 10^296 | 4083 | 72 | ½^160.00000000000068 |
| iv_509 | 1.3755286870804043 × 10^297 | 4229 | 87 | ½^160.00000000000077 |
| iv_507 | 1.0265151322449635 × 10^297 | 4193 | 76 | ½^160.00000000000082 |
| iv_506 | 2.04713508865194 × 10^297 | 4319 | 80 | ½^160.00000000000082 |

## Input Bit/Output Bit Collision Probabilities

| Input Bit | Output Bit | Collision Probability |
|:---------:|:----------:|:---------------------:|
| iv_511 | ov_009 | 0.500000000000004 |
| iv_507 | ov_033 | 0.5000000000000038 |
| iv_502 | ov_058 | 0.500000000000002 |
| iv_502 | ov_059 | 0.500000000000002 |
| iv_511 | ov_028 | 0.500000000000002 |
| iv_502 | ov_055 | 0.5000000000000018 |
| iv_502 | ov_079 | 0.5000000000000018 |

## Input Bit Co-occurrences

### Input Bit Co-occurrences Sorted by Co-occurrences

| Input Bits | Co-occurrences | Potential Occurrences | Output Co-occurrences | Potential Output Occurrences |
|:----------:|:--------------:|:---------------------:|:---------------------:|:----------------------------:|
| iv_504-iv_511 | 2106 | 4454 | 42 | 81 |
| iv_504-iv_506 | 2065 | 4596 | 44 | 77 |
| iv_507-iv_509 | 2056 | 4310 | 44 | 75 |
| iv_503-iv_504 | 2042 | 4406 | 38 | 81 |
| iv_504-iv_509 | 2041 | 4554 | 50 | 72 |
| iv_506-iv_511 | 2028 | 4522 | 44 | 72 |
| iv_506-iv_509 | 2027 | 4494 | 43 | 81 |

### Input Bit Co-occurrences Sorted by Potential Occurrences

| Input Bits | Co-occurrences | Potential Occurrences | Output Co-occurrences | Potential Output Occurrences |
|:----------:|:--------------:|:---------------------:|:---------------------:|:----------------------------:|
| iv_507-iv_509 | 2056 | 4310 | 44 | 75 |
| iv_503-iv_511 | 2010 | 4322 | 35 | 82 |
| iv_502-iv_507 | 1891 | 4331 | 42 | 74 |
| iv_502-iv_506 | 1952 | 4335 | 46 | 70 |
| iv_502-iv_511 | 1902 | 4375 | 45 | 72 |
| iv_502-iv_503 | 1812 | 4379 | 34 | 86 |
| iv_503-iv_504 | 2042 | 4406 | 38 | 81 |

### Input Bit Output Co-occurrences Sorted by Output Co-occurrences

| Input Bits | Co-occurrences | Potential Occurrences | Output Co-occurrences | Potential Output Occurrences |
|:----------:|:--------------:|:---------------------:|:---------------------:|:----------------------------:|
| iv_504-iv_509 | 2041 | 4554 | 50 | 72 |
| iv_502-iv_504 | 1919 | 4489 | 46 | 75 |
| iv_502-iv_506 | 1952 | 4335 | 46 | 70 |
| iv_502-iv_509 | 1856 | 4437 | 46 | 77 |
| iv_502-iv_511 | 1902 | 4375 | 45 | 72 |
| iv_503-iv_509 | 1903 | 4506 | 44 | 71 |
| iv_504-iv_506 | 2065 | 4596 | 44 | 77 |

### Input Bit Output Co-occurrences Sorted by Potential Output Occurrences

| Input Bits | Co-occurrences | Potential Occurrences | Output Co-occurrences | Potential Output Occurrences |
|:----------:|:--------------:|:---------------------:|:---------------------:|:----------------------------:|
| iv_502-iv_506 | 1952 | 4335 | 46 | 70 |
| iv_503-iv_509 | 1903 | 4506 | 44 | 71 |
| iv_504-iv_509 | 2041 | 4554 | 50 | 72 |
| iv_502-iv_511 | 1902 | 4375 | 45 | 72 |
| iv_506-iv_511 | 2028 | 4522 | 44 | 72 |
| iv_502-iv_507 | 1891 | 4331 | 42 | 74 |
| iv_502-iv_504 | 1919 | 4489 | 46 | 75 |

## Output Bits

### Output Bits in Regular Order

| Rank | Output Bit | Complexity |
|:----:|:----------:|:----------:|
| 1 | ov_001 | 9.840803406347169 × 10^296 |
| 2 | ov_002 | 8.568304874503934 × 10^296 |
| 3 | ov_003 | 7.41751808679514 × 10^296 |
| 4 | ov_004 | 6.383240149147996 × 10^296 |
| 5 | ov_005 | 5.460551790343241 × 10^296 |
| 6 | ov_006 | 4.640385491694902 × 10^296 |
| 7 | ov_007 | 3.914148181000883 × 10^296 |
| 8 | ov_008 | 3.2736921772098435 × 10^296 |
| 9 | ov_009 | 2.7150516243585263 × 10^296 |
| 10 | ov_010 | 2.2308984271000243 × 10^296 |
| 11 | ov_011 | 1.8142857993394933 × 10^296 |
| 12 | ov_012 | 1.4586335699982322 × 10^296 |
| 13 | ov_013 | 1.1577163874810204 × 10^296 |
| 14 | ov_014 | 9.056545038133508 × 10^295 |
| 15 | ov_015 | 6.969067654368341 × 10^295 |
| 16 | ov_016 | 5.262654386637052 × 10^295 |
| 17 | ov_017 | 3.8885252538171243 × 10^295 |
| 18 | ov_018 | 2.8011725210007575 × 10^295 |
| 19 | ov_019 | 1.958344428720326 × 10^295 |
| 20 | ov_020 | 1.321035140431254 × 10^295 |
| 21 | ov_021 | 8.534786741332985 × 10^294 |
| 22 | ov_022 | 5.231451780464411 × 10^294 |
| 23 | ov_023 | 3.007385311118363 × 10^294 |
| 24 | ov_024 | 1.6019473303727087 × 10^294 |
| 25 | ov_025 | 7.86808516819492 × 10^293 |
| 26 | ov_026 | 3.659439205878879 × 10^293 |
| 27 | ov_027 | 1.7562958063578165 × 10^293 |
| 28 | ov_028 | 8.444095722899561 × 10^292 |
| 29 | ov_029 | 3.4740522337714113 × 10^292 |
| 30 | ov_030 | 1.1477605675776236 × 10^292 |
| 31 | ov_031 | 2.7749711030025944 × 10^291 |
| 32 | lv_80_m31 | 6.707352946041041 × 10^290 |
| 33 | ov_033 | 7.995104034129332 × 10^291 |
| 34 | ov_034 | 6.896471391904718 × 10^291 |
| 35 | ov_035 | 5.920309664307652 × 10^291 |
| 36 | ov_036 | 5.055912955698156 × 10^291 |
| 37 | ov_037 | 4.29314773670743 × 10^291 |
| 38 | ov_038 | 3.622412442035065 × 10^291 |
| 39 | ov_039 | 3.034602690399723 × 10^291 |
| 40 | ov_040 | 2.521081563311935 × 10^291 |
| 41 | ov_041 | 2.0736544137323238 × 10^291 |
| 42 | ov_042 | 1.6845477082822064 × 10^291 |
| 43 | ov_043 | 1.3499775510466609 × 10^291 |
| 44 | ov_044 | 1.0629629999246135 × 10^291 |
| 45 | ov_045 | 8.20109226161806 × 10^290 |
| 46 | ov_046 | 6.182074520017851 × 10^290 |
| 47 | ov_047 | 4.542307983316468 × 10^290 |
| 48 | ov_048 | 3.2533104351913393 × 10^290 |
| 49 | ov_049 | 2.263384980794515 × 10^290 |
| 50 | ov_050 | 1.5243096697988344 × 10^290 |
| 51 | ov_051 | 9.913164936160177 × 10^289 |
| 52 | ov_052 | 6.230778111175316 × 10^289 |
| 53 | ov_053 | 3.8169815594240784 × 10^289 |
| 54 | ov_054 | 2.327096167440123 × 10^289 |
| 55 | ov_055 | 1.4506928772644696 × 10^289 |
| 56 | ov_056 | 9.115776856928272 × 10^288 |
| 57 | ov_057 | 5.802109086197296 × 10^288 |
| 58 | ov_058 | 3.4416386607821114 × 10^288 |
| 59 | ov_059 | 1.863286347257867 × 10^288 |
| 60 | ov_060 | 8.959771319489152 × 10^287 |
| 61 | ov_061 | 3.686373610659788 × 10^287 |
| 62 | ov_062 | 1.2177879161626802 × 10^287 |
| 63 | ov_063 | 2.943653104448109 × 10^286 |
| 64 | lv_79_m31 | 7.112915310017011 × 10^285 |
| 65 | ov_065 | 8.382221814284248 × 10^286 |
| 66 | ov_066 | 8.382200721480085 × 10^286 |
| 67 | ov_067 | 8.382193885207313 × 10^286 |
| 68 | ov_068 | 7.223688079573134 × 10^286 |
| 69 | ov_069 | 6.188371773781891 × 10^286 |
| 70 | ov_070 | 5.270787467824472 × 10^286 |
| 71 | ov_071 | 4.461008958950117 × 10^286 |
| 72 | ov_072 | 3.749717427052487 × 10^286 |
| 73 | ov_073 | 3.1281611921327116 × 10^286 |
| 74 | ov_074 | 2.5881191549926705 × 10^286 |
| 75 | ov_075 | 2.1218677260824686 × 10^286 |
| 76 | ov_076 | 1.7221510535364464 × 10^286 |
| 77 | ov_077 | 1.3821543663100036 × 10^286 |
| 78 | ov_078 | 1.0954802521482905 × 10^286 |
| 79 | ov_079 | 8.561276930386002 × 10^285 |
| 80 | ov_080 | 6.584736829703476 × 10^285 |
| 81 | ov_081 | 4.9725725438718614 × 10^285 |
| 82 | ov_082 | 3.6756574079056066 × 10^285 |
| 83 | ov_083 | 2.6482310365646765 × 10^285 |
| 84 | ov_084 | 1.8478015225916088 × 10^285 |
| 85 | ov_085 | 1.2350648524611549 × 10^285 |
| 86 | ov_086 | 7.911569424490313 × 10^284 |
| 87 | ov_087 | 4.829681339250024 × 10^284 |
| 88 | ov_088 | 2.80421116753649 × 10^284 |
| 89 | ov_089 | 1.5644212054514018 × 10^284 |
| 90 | ov_090 | 8.694077842127362 × 10^283 |
| 91 | ov_091 | 5.079695512439716 × 10^283 |
| 92 | ov_092 | 2.98528457614131 × 10^283 |
| 93 | ov_093 | 1.5769419757037841 × 10^283 |
| 94 | ov_094 | 7.068899827370004 × 10^282 |
| 95 | aaa_78_28 | 2.2736898802611288 × 10^282 |
| 96 | aaa_78_29 | 8.615548834203821 × 10^281 |
| 97 | ov_097 | 9.387016980093582 × 10^281 |
| 98 | ov_098 | 9.386736205282818 × 10^281 |
| 99 | ov_099 | 9.38664660319219 × 10^281 |
| 100 | ov_100 | 8.449045264745664 × 10^281 |
| 101 | ov_101 | 7.580289342849811 × 10^281 |
| 102 | ov_102 | 6.776633489158055 × 10^281 |
| 103 | ov_103 | 6.034607629322042 × 10^281 |
| 104 | ov_104 | 5.350980351416795 × 10^281 |
| 105 | ov_105 | 4.722725677251208 × 10^281 |
| 106 | ov_106 | 4.1469930373689106 × 10^281 |
| 107 | ov_107 | 3.6210802777592576 × 10^281 |
| 108 | ov_108 | 3.1424095322235352 × 10^281 |
| 109 | ov_109 | 2.7085057991265123 × 10^281 |
| 110 | ov_110 | 2.3169780650493348 × 10^281 |
| 111 | ov_111 | 1.9655028207819078 × 10^281 |
| 112 | ov_112 | 1.6518098172820607 × 10^281 |
| 113 | ov_113 | 1.3736699108221496 × 10^281 |
| 114 | ov_114 | 1.1288848476630726 × 10^281 |
| 115 | ov_115 | 9.152788393443938 × 10^280 |
| 116 | ov_116 | 7.306917801505431 × 10^280 |
| 117 | ov_117 | 5.729739585960883 × 10^280 |
| 118 | ov_118 | 4.3998211493926 × 10^280 |
| 119 | ov_119 | 3.2957669682247683 × 10^280 |
| 120 | ov_120 | 2.396201651860039 × 10^280 |
| 121 | ov_121 | 1.6797611753894038 × 10^280 |
| 122 | ov_122 | 1.1250886245679924 × 10^280 |
| 123 | ov_123 | 7.10831530815528 × 10^279 |
| 124 | ov_124 | 4.1563993319430573 × 10^279 |
| 125 | ov_125 | 2.1816510781441567 × 10^279 |
| 126 | ov_126 | 9.705883777465127 × 10^278 |
| 127 | aaa_77_28 | 3.0973068021337136 × 10^278 |
| 128 | aaa_77_29 | 1.1600548369772374 × 10^278 |
| 129 | ov_129 | 1.057046306423624 × 10^278 |
| 130 | ov_130 | 1.057043792313749 × 10^278 |
| 131 | ov_131 | 1.0570429854972182 × 10^278 |
| 132 | ov_132 | 9.130214675090655 × 10^277 |
| 133 | ov_133 | 7.843036652923062 × 10^277 |
| 134 | ov_134 | 6.697145196754901 × 10^277 |
| 135 | ov_135 | 5.6814389019368165 × 10^277 |
| 136 | ov_136 | 4.785417995565563 × 10^277 |
| 137 | ov_137 | 3.9991429994819756 × 10^277 |
| 138 | ov_138 | 3.3131991515707343 × 10^277 |
| 139 | ov_139 | 2.7186660398237 × 10^277 |
| 140 | ov_140 | 2.207091896036329 × 10^277 |
| 141 | ov_141 | 1.770472026045594 × 10^277 |
| 142 | ov_142 | 1.40123088282269 × 10^277 |
| 143 | ov_143 | 1.0922073431474534 × 10^277 |
| 144 | ov_144 | 8.366428281423887 × 10^276 |
| 145 | ov_145 | 6.281719362817189 × 10^276 |
| 146 | ov_146 | 4.6081523469477705 × 10^276 |
| 147 | ov_147 | 3.2897385716628263 × 10^276 |
| 148 | ov_148 | 2.2742558523883867 × 10^276 |
| 149 | ov_149 | 1.5132211678611336 × 10^276 |
| 150 | ov_150 | 9.618725436382676 × 10^275 |
| 151 | ov_151 | 5.791577356866347 × 10^275 |
| 152 | ov_152 | 3.277275954809495 × 10^275 |
| 153 | ov_153 | 1.739323571959905 × 10^275 |
| 154 | ov_154 | 8.78195894385268 × 10^274 |
| 155 | ov_155 | 4.313304404595411 × 10^274 |
| 156 | aaa_76_25 | 1.731202819344497 × 10^274 |
| 157 | aaa_76_26 | 1.065052421341479 × 10^274 |
| 158 | aaa_76_27 | 5.836493540035861 × 10^273 |
| 159 | aaa_76_28 | 2.7486741251180395 × 10^273 |
| 160 | aaa_76_29 | 1.0342418193223315 × 10^273 |

### Output Bits Sorted by Complexity

| Rank | Output Bit | Complexity |
|:----:|:----------:|:----------:|
| 160 | aaa_76_29 | 1.0342418193223315 × 10^273 |
| 159 | aaa_76_28 | 2.7486741251180395 × 10^273 |
| 158 | aaa_76_27 | 5.836493540035861 × 10^273 |
| 157 | aaa_76_26 | 1.065052421341479 × 10^274 |
| 156 | aaa_76_25 | 1.731202819344497 × 10^274 |
| 155 | ov_155 | 4.313304404595411 × 10^274 |
| 154 | ov_154 | 8.78195894385268 × 10^274 |
| 153 | ov_153 | 1.739323571959905 × 10^275 |
| 152 | ov_152 | 3.277275954809495 × 10^275 |
| 151 | ov_151 | 5.791577356866347 × 10^275 |
| 150 | ov_150 | 9.618725436382676 × 10^275 |
| 149 | ov_149 | 1.5132211678611336 × 10^276 |
| 148 | ov_148 | 2.2742558523883867 × 10^276 |
| 147 | ov_147 | 3.2897385716628263 × 10^276 |
| 146 | ov_146 | 4.6081523469477705 × 10^276 |
| 145 | ov_145 | 6.281719362817189 × 10^276 |
| 144 | ov_144 | 8.366428281423887 × 10^276 |
| 143 | ov_143 | 1.0922073431474534 × 10^277 |
| 142 | ov_142 | 1.40123088282269 × 10^277 |
| 141 | ov_141 | 1.770472026045594 × 10^277 |
| 140 | ov_140 | 2.207091896036329 × 10^277 |
| 139 | ov_139 | 2.7186660398237 × 10^277 |
| 138 | ov_138 | 3.3131991515707343 × 10^277 |
| 137 | ov_137 | 3.9991429994819756 × 10^277 |
| 136 | ov_136 | 4.785417995565563 × 10^277 |
| 135 | ov_135 | 5.6814389019368165 × 10^277 |
| 134 | ov_134 | 6.697145196754901 × 10^277 |
| 133 | ov_133 | 7.843036652923062 × 10^277 |
| 132 | ov_132 | 9.130214675090655 × 10^277 |
| 131 | ov_131 | 1.0570429854972182 × 10^278 |
| 130 | ov_130 | 1.057043792313749 × 10^278 |
| 129 | ov_129 | 1.057046306423624 × 10^278 |
| 128 | aaa_77_29 | 1.1600548369772374 × 10^278 |
| 127 | aaa_77_28 | 3.0973068021337136 × 10^278 |
| 126 | ov_126 | 9.705883777465127 × 10^278 |
| 125 | ov_125 | 2.1816510781441567 × 10^279 |
| 124 | ov_124 | 4.1563993319430573 × 10^279 |
| 123 | ov_123 | 7.10831530815528 × 10^279 |
| 122 | ov_122 | 1.1250886245679924 × 10^280 |
| 121 | ov_121 | 1.6797611753894038 × 10^280 |
| 120 | ov_120 | 2.396201651860039 × 10^280 |
| 119 | ov_119 | 3.2957669682247683 × 10^280 |
| 118 | ov_118 | 4.3998211493926 × 10^280 |
| 117 | ov_117 | 5.729739585960883 × 10^280 |
| 116 | ov_116 | 7.306917801505431 × 10^280 |
| 115 | ov_115 | 9.152788393443938 × 10^280 |
| 114 | ov_114 | 1.1288848476630726 × 10^281 |
| 113 | ov_113 | 1.3736699108221496 × 10^281 |
| 112 | ov_112 | 1.6518098172820607 × 10^281 |
| 111 | ov_111 | 1.9655028207819078 × 10^281 |
| 110 | ov_110 | 2.3169780650493348 × 10^281 |
| 109 | ov_109 | 2.7085057991265123 × 10^281 |
| 108 | ov_108 | 3.1424095322235352 × 10^281 |
| 107 | ov_107 | 3.6210802777592576 × 10^281 |
| 106 | ov_106 | 4.1469930373689106 × 10^281 |
| 105 | ov_105 | 4.722725677251208 × 10^281 |
| 104 | ov_104 | 5.350980351416795 × 10^281 |
| 103 | ov_103 | 6.034607629322042 × 10^281 |
| 102 | ov_102 | 6.776633489158055 × 10^281 |
| 101 | ov_101 | 7.580289342849811 × 10^281 |
| 100 | ov_100 | 8.449045264745664 × 10^281 |
| 96 | aaa_78_29 | 8.615548834203821 × 10^281 |
| 99 | ov_099 | 9.38664660319219 × 10^281 |
| 98 | ov_098 | 9.386736205282818 × 10^281 |
| 97 | ov_097 | 9.387016980093582 × 10^281 |
| 95 | aaa_78_28 | 2.2736898802611288 × 10^282 |
| 94 | ov_094 | 7.068899827370004 × 10^282 |
| 93 | ov_093 | 1.5769419757037841 × 10^283 |
| 92 | ov_092 | 2.98528457614131 × 10^283 |
| 91 | ov_091 | 5.079695512439716 × 10^283 |
| 90 | ov_090 | 8.694077842127362 × 10^283 |
| 89 | ov_089 | 1.5644212054514018 × 10^284 |
| 88 | ov_088 | 2.80421116753649 × 10^284 |
| 87 | ov_087 | 4.829681339250024 × 10^284 |
| 86 | ov_086 | 7.911569424490313 × 10^284 |
| 85 | ov_085 | 1.2350648524611549 × 10^285 |
| 84 | ov_084 | 1.8478015225916088 × 10^285 |
| 83 | ov_083 | 2.6482310365646765 × 10^285 |
| 82 | ov_082 | 3.6756574079056066 × 10^285 |
| 81 | ov_081 | 4.9725725438718614 × 10^285 |
| 80 | ov_080 | 6.584736829703476 × 10^285 |
| 64 | lv_79_m31 | 7.112915310017011 × 10^285 |
| 79 | ov_079 | 8.561276930386002 × 10^285 |
| 78 | ov_078 | 1.0954802521482905 × 10^286 |
| 77 | ov_077 | 1.3821543663100036 × 10^286 |
| 76 | ov_076 | 1.7221510535364464 × 10^286 |
| 75 | ov_075 | 2.1218677260824686 × 10^286 |
| 74 | ov_074 | 2.5881191549926705 × 10^286 |
| 63 | ov_063 | 2.943653104448109 × 10^286 |
| 73 | ov_073 | 3.1281611921327116 × 10^286 |
| 72 | ov_072 | 3.749717427052487 × 10^286 |
| 71 | ov_071 | 4.461008958950117 × 10^286 |
| 70 | ov_070 | 5.270787467824472 × 10^286 |
| 69 | ov_069 | 6.188371773781891 × 10^286 |
| 68 | ov_068 | 7.223688079573134 × 10^286 |
| 67 | ov_067 | 8.382193885207313 × 10^286 |
| 66 | ov_066 | 8.382200721480085 × 10^286 |
| 65 | ov_065 | 8.382221814284248 × 10^286 |
| 62 | ov_062 | 1.2177879161626802 × 10^287 |
| 61 | ov_061 | 3.686373610659788 × 10^287 |
| 60 | ov_060 | 8.959771319489152 × 10^287 |
| 59 | ov_059 | 1.863286347257867 × 10^288 |
| 58 | ov_058 | 3.4416386607821114 × 10^288 |
| 57 | ov_057 | 5.802109086197296 × 10^288 |
| 56 | ov_056 | 9.115776856928272 × 10^288 |
| 55 | ov_055 | 1.4506928772644696 × 10^289 |
| 54 | ov_054 | 2.327096167440123 × 10^289 |
| 53 | ov_053 | 3.8169815594240784 × 10^289 |
| 52 | ov_052 | 6.230778111175316 × 10^289 |
| 51 | ov_051 | 9.913164936160177 × 10^289 |
| 50 | ov_050 | 1.5243096697988344 × 10^290 |
| 49 | ov_049 | 2.263384980794515 × 10^290 |
| 48 | ov_048 | 3.2533104351913393 × 10^290 |
| 47 | ov_047 | 4.542307983316468 × 10^290 |
| 46 | ov_046 | 6.182074520017851 × 10^290 |
| 32 | lv_80_m31 | 6.707352946041041 × 10^290 |
| 45 | ov_045 | 8.20109226161806 × 10^290 |
| 44 | ov_044 | 1.0629629999246135 × 10^291 |
| 43 | ov_043 | 1.3499775510466609 × 10^291 |
| 42 | ov_042 | 1.6845477082822064 × 10^291 |
| 41 | ov_041 | 2.0736544137323238 × 10^291 |
| 40 | ov_040 | 2.521081563311935 × 10^291 |
| 31 | ov_031 | 2.7749711030025944 × 10^291 |
| 39 | ov_039 | 3.034602690399723 × 10^291 |
| 38 | ov_038 | 3.622412442035065 × 10^291 |
| 37 | ov_037 | 4.29314773670743 × 10^291 |
| 36 | ov_036 | 5.055912955698156 × 10^291 |
| 35 | ov_035 | 5.920309664307652 × 10^291 |
| 34 | ov_034 | 6.896471391904718 × 10^291 |
| 33 | ov_033 | 7.995104034129332 × 10^291 |
| 30 | ov_030 | 1.1477605675776236 × 10^292 |
| 29 | ov_029 | 3.4740522337714113 × 10^292 |
| 28 | ov_028 | 8.444095722899561 × 10^292 |
| 27 | ov_027 | 1.7562958063578165 × 10^293 |
| 26 | ov_026 | 3.659439205878879 × 10^293 |
| 25 | ov_025 | 7.86808516819492 × 10^293 |
| 24 | ov_024 | 1.6019473303727087 × 10^294 |
| 23 | ov_023 | 3.007385311118363 × 10^294 |
| 22 | ov_022 | 5.231451780464411 × 10^294 |
| 21 | ov_021 | 8.534786741332985 × 10^294 |
| 20 | ov_020 | 1.321035140431254 × 10^295 |
| 19 | ov_019 | 1.958344428720326 × 10^295 |
| 18 | ov_018 | 2.8011725210007575 × 10^295 |
| 17 | ov_017 | 3.8885252538171243 × 10^295 |
| 16 | ov_016 | 5.262654386637052 × 10^295 |
| 15 | ov_015 | 6.969067654368341 × 10^295 |
| 14 | ov_014 | 9.056545038133508 × 10^295 |
| 13 | ov_013 | 1.1577163874810204 × 10^296 |
| 12 | ov_012 | 1.4586335699982322 × 10^296 |
| 11 | ov_011 | 1.8142857993394933 × 10^296 |
| 10 | ov_010 | 2.2308984271000243 × 10^296 |
| 9 | ov_009 | 2.7150516243585263 × 10^296 |
| 8 | ov_008 | 3.2736921772098435 × 10^296 |
| 7 | ov_007 | 3.914148181000883 × 10^296 |
| 6 | ov_006 | 4.640385491694902 × 10^296 |
| 5 | ov_005 | 5.460551790343241 × 10^296 |
| 4 | ov_004 | 6.383240149147996 × 10^296 |
| 3 | ov_003 | 7.41751808679514 × 10^296 |
| 2 | ov_002 | 8.568304874503934 × 10^296 |
| 1 | ov_001 | 9.840803406347169 × 10^296 |

