# Results for F001-F002-F003-F004-F005-F006-F007-F008-F009-F010-F011-F012-F013-F014-F015-F016-F017-F018-F019-F020-F021-F022-F023-F024-F025-F026-F027-F028-F029-F030-F031-F032-F033-F034-F035-F036-F037-F038-F039-F040-F041-F042-F043-F044-F045-F046-F047-F048-F049-F050-F051-F052-F053-F054-F055-F056-F057-F058-F059-F060-F061-F062-F063-F064-F065-F066-F067-F068-F069-F070-F071-F072-F073-F074-F075-F076-F077-F078-F079-F080-F081-F082-F083-F084-F085-F086-F087-F088-F089-F090-F091-F092-F093-F094-F095-F096-F097-F098-F099-F100-F101-F102-F103-F104-F105-F106-F107-F108-F109-F110-F111-F112-F113-F114-F115-F116-F117-F118-F119-F120-F121-F122-F123-F124-F125-F126-F127-F128-F129-F130-F131-F132-F133-F134-F135-F136-F137-F138-F139-F140-F141-F142-F143-F144-F145-F146-F147-F148-F149-F150-F151-F152-F153-F154-F155-F156-F157-F158-F159-F160-F161-F162-F163-F164-F165-F166-F167-F168-F169-F170-F171-F172-F173-F174-F175-F176-F177-F178-F179-F180-F181-F182-F183-F184-F185-F186-F187-F188-F189-F190-F191-F192-F193-F194-F195-F196-F197-F198-F199-F200-F201-F202-F203-F204-F205-F206-F207-F208-F209-F210-F211-F212-F213-F214-F215-F216-F217-F218-F219-F220-F221-F222-F223-F224-F225-F226-F227-F228-F229-F230-F231-F232-F233-F234-F235-F236-F237-F238-F239-F240-F241-F242-F243-F244-F245-F246-F247-F248-F249-F250-F251-F252-F253-F254-F255-F256-F257-F258-F259-F260-F261-F262-F263-F264-F265-F266-F267-F268-F269-F270-F271-F272-F273-F274-F275-F276-F277-F278-F279-F280-F281-F282-F283-F284-F285-F286-F287-F288-F289-F290-F291-F292-F293-F294-F295-F296-F297-F298-F299-F300-F301-F302-F303-F304-F305-F306-F307-F308-F309-F310-F311-F312-F313-F314-F315-F316-F317-F318-F319-F320-F321-F322-F323-F324-F325-F326-F327-F328-F329-F330-F331-F332-F333-F334-F335-F336-F337-F338-F339-F340-F341-F342-F343-F344-F345-F346-F347-F348-F349-F350-F351-F352-F353-F354-F355-F356-F357-F358-F359-F360-F361-F362-F363-F364-F365-F366-F367-F368-F369-F370-F371-F372-F373-F374-F375-F376-F377-F378-F379-F380-F381-F382-F383-F384-F385-F386-F387-F388-F389-F390-F391-F392-F393-F394-F395-F396-F397-F398-F399-F400-F401-F402-F403-F404-F405-F406-F407-F408-F409-F410-F411-F412-F413-F414-F415-F416-F417-F418-F419-F420-F421-F422-F423-F424-F425-F426-F427-F428-F429-F430-F431-F432-F433-F434-F435-F436-F437-F438-F439-F440-F441-F442-F443-F444-F445-F446-F447-F448-F449-F450-F451-F452-F453-F454-F455-F456-F457-F458-F459-F460-F461-F462-F463-F464-F465-F466-F467-F468-F469-F470-F471-F472-F473-F474-F475-F476-F477-F478-F479-F480-F481-F482-F483-F484-F485-F486-F487-F488-F489-F490-F491-F492-F493-F494-F495-F496-F497-F498-F499-F500-F501-F502-F503-F504-E506507

## Summary

Number of input bits: 512  
Number of free input bits: 7  
Number of output bits: 160

Number of direct occurrences: 28763  
Number of assignments: 30644  
Number of operations: 10912992
(xor: 10882761,
and: 17372,
or: 12859)

Total complexity: 1.9576616045348235 × 10^297

Least occurring input variable: iv_505 (3982)  
Most occurring input variable: iv_512 (4273)

Most co-occurring input variables: iv_511-iv_512 (2032)  
Least co-occurring input variables: iv_506-iv_508 (1804)

Potentially most occurring input variable: iv_506/iv_510 (4642)  
Potentially least occurring input variable: iv_508/iv_509 (4239)

Least output occurring input variable: iv_508 (70)  
Most output occurring input variable: iv_510 (79)

Most output co-occurring input variables: iv_510-iv_512 (42)  
Least output co-occurring input variables: iv_508-iv_512 (29)

Potentially most output occurring input variable: iv_506/iv_510 (97)  
Potentially least output occurring input variable: iv_510/iv_512 (73)

Least complex input bit: iv_505 (3.8350887146108587 × 10^295)  
Most complex input bit: iv_510 (5.796039265196505 × 10^296)

Least complex output bit: aaa_76_29 (3.0218949853594574 × 10^272)  
Most complex output bit: ov_001 (3.0312394478957173 × 10^296)

Least complex input/output complexity: iv_505/aaa_76_29 (5.919938015970349 × 10^270)  
Most complex input/output complexity: iv_510/ov_001 (8.974576005126741 × 10^295)

Input variable with highest collision probability: iv_506 (½^160.0000000000006)

## Input Bits

### Input Bits in Regular Order

| Input Bit | Complexity | Occurrences | Output Occurrences | Collision Probability |
|:---------:|:----------:|:-----------:|:------------------:|:---------------------:|
| iv_505 | 3.8350887146108587 × 10^295 | 3982 | 79 | ½^160.00000000000088 |
| iv_506 | 1.9805531993689386 × 10^296 | 4143 | 76 | ½^160.0000000000006 |
| iv_508 | 2.617345570597164 × 10^296 | 4043 | 70 | ½^160.00000000000068 |
| iv_509 | 4.01648322428855 × 10^296 | 4048 | 78 | ½^160.00000000000074 |
| iv_510 | 5.796039265196505 × 10^296 | 4161 | 79 | ½^160.00000000000065 |
| iv_511 | 2.1941764695862674 × 10^296 | 4113 | 74 | ½^160.00000000000085 |
| iv_512 | 2.5885094448497417 × 10^296 | 4273 | 78 | ½^160.00000000000082 |

### Input Bits Sorted by Complexity

| Input Bit | Complexity | Occurrences | Output Occurrences | Collision Probability |
|:---------:|:----------:|:-----------:|:------------------:|:---------------------:|
| iv_505 | 3.8350887146108587 × 10^295 | 3982 | 79 | ½^160.00000000000088 |
| iv_506 | 1.9805531993689386 × 10^296 | 4143 | 76 | ½^160.0000000000006 |
| iv_511 | 2.1941764695862674 × 10^296 | 4113 | 74 | ½^160.00000000000085 |
| iv_512 | 2.5885094448497417 × 10^296 | 4273 | 78 | ½^160.00000000000082 |
| iv_508 | 2.617345570597164 × 10^296 | 4043 | 70 | ½^160.00000000000068 |
| iv_509 | 4.01648322428855 × 10^296 | 4048 | 78 | ½^160.00000000000074 |
| iv_510 | 5.796039265196505 × 10^296 | 4161 | 79 | ½^160.00000000000065 |

### Input Bits Sorted by Occurrences

| Input Bit | Complexity | Occurrences | Output Occurrences | Collision Probability |
|:---------:|:----------:|:-----------:|:------------------:|:---------------------:|
| iv_505 | 3.8350887146108587 × 10^295 | 3982 | 79 | ½^160.00000000000088 |
| iv_508 | 2.617345570597164 × 10^296 | 4043 | 70 | ½^160.00000000000068 |
| iv_509 | 4.01648322428855 × 10^296 | 4048 | 78 | ½^160.00000000000074 |
| iv_511 | 2.1941764695862674 × 10^296 | 4113 | 74 | ½^160.00000000000085 |
| iv_506 | 1.9805531993689386 × 10^296 | 4143 | 76 | ½^160.0000000000006 |
| iv_510 | 5.796039265196505 × 10^296 | 4161 | 79 | ½^160.00000000000065 |
| iv_512 | 2.5885094448497417 × 10^296 | 4273 | 78 | ½^160.00000000000082 |

### Input Bits Sorted by Output Occurrences

| Input Bit | Complexity | Occurrences | Output Occurrences | Collision Probability |
|:---------:|:----------:|:-----------:|:------------------:|:---------------------:|
| iv_508 | 2.617345570597164 × 10^296 | 4043 | 70 | ½^160.00000000000068 |
| iv_511 | 2.1941764695862674 × 10^296 | 4113 | 74 | ½^160.00000000000085 |
| iv_506 | 1.9805531993689386 × 10^296 | 4143 | 76 | ½^160.0000000000006 |
| iv_509 | 4.01648322428855 × 10^296 | 4048 | 78 | ½^160.00000000000074 |
| iv_512 | 2.5885094448497417 × 10^296 | 4273 | 78 | ½^160.00000000000082 |
| iv_505 | 3.8350887146108587 × 10^295 | 3982 | 79 | ½^160.00000000000088 |
| iv_510 | 5.796039265196505 × 10^296 | 4161 | 79 | ½^160.00000000000065 |

### Input Bits Sorted by Collision Probability

| Input Bit | Complexity | Occurrences | Output Occurrences | Collision Probability |
|:---------:|:----------:|:-----------:|:------------------:|:---------------------:|
| iv_506 | 1.9805531993689386 × 10^296 | 4143 | 76 | ½^160.0000000000006 |
| iv_510 | 5.796039265196505 × 10^296 | 4161 | 79 | ½^160.00000000000065 |
| iv_508 | 2.617345570597164 × 10^296 | 4043 | 70 | ½^160.00000000000068 |
| iv_509 | 4.01648322428855 × 10^296 | 4048 | 78 | ½^160.00000000000074 |
| iv_512 | 2.5885094448497417 × 10^296 | 4273 | 78 | ½^160.00000000000082 |
| iv_511 | 2.1941764695862674 × 10^296 | 4113 | 74 | ½^160.00000000000085 |
| iv_505 | 3.8350887146108587 × 10^295 | 3982 | 79 | ½^160.00000000000088 |

## Input Bit/Output Bit Collision Probabilities

| Input Bit | Output Bit | Collision Probability |
|:---------:|:----------:|:---------------------:|
| iv_508 | ov_074 | 0.5000000000000022 |
| iv_506 | ov_005 | 0.5000000000000018 |
| iv_508 | ov_073 | 0.5000000000000018 |
| iv_505 | ov_089 | 0.5000000000000016 |
| iv_506 | ov_016 | 0.5000000000000016 |
| iv_506 | ov_070 | 0.5000000000000016 |
| iv_506 | ov_080 | 0.5000000000000016 |

## Input Bit Co-occurrences

### Input Bit Co-occurrences Sorted by Co-occurrences

| Input Bits | Co-occurrences | Potential Occurrences | Output Co-occurrences | Potential Output Occurrences |
|:----------:|:--------------:|:---------------------:|:---------------------:|:----------------------------:|
| iv_511-iv_512 | 2032 | 4322 | 39 | 74 |
| iv_510-iv_512 | 1995 | 4444 | 42 | 73 |
| iv_509-iv_512 | 1981 | 4359 | 37 | 82 |
| iv_510-iv_511 | 1952 | 4370 | 38 | 77 |
| iv_508-iv_512 | 1944 | 4428 | 29 | 90 |
| iv_509-iv_510 | 1934 | 4341 | 37 | 83 |
| iv_509-iv_511 | 1934 | 4293 | 39 | 74 |

### Input Bit Co-occurrences Sorted by Potential Occurrences

| Input Bits | Co-occurrences | Potential Occurrences | Output Co-occurrences | Potential Output Occurrences |
|:----------:|:--------------:|:---------------------:|:---------------------:|:----------------------------:|
| iv_508-iv_509 | 1926 | 4239 | 35 | 78 |
| iv_509-iv_511 | 1934 | 4293 | 39 | 74 |
| iv_511-iv_512 | 2032 | 4322 | 39 | 74 |
| iv_505-iv_509 | 1849 | 4332 | 37 | 83 |
| iv_508-iv_510 | 1933 | 4338 | 31 | 87 |
| iv_509-iv_510 | 1934 | 4341 | 37 | 83 |
| iv_508-iv_511 | 1906 | 4344 | 35 | 74 |

### Input Bit Output Co-occurrences Sorted by Output Co-occurrences

| Input Bits | Co-occurrences | Potential Occurrences | Output Co-occurrences | Potential Output Occurrences |
|:----------:|:--------------:|:---------------------:|:---------------------:|:----------------------------:|
| iv_510-iv_512 | 1995 | 4444 | 42 | 73 |
| iv_505-iv_506 | 1843 | 4439 | 40 | 75 |
| iv_509-iv_511 | 1934 | 4293 | 39 | 74 |
| iv_511-iv_512 | 2032 | 4322 | 39 | 74 |
| iv_505-iv_510 | 1884 | 4375 | 39 | 80 |
| iv_505-iv_512 | 1843 | 4569 | 38 | 81 |
| iv_510-iv_511 | 1952 | 4370 | 38 | 77 |

### Input Bit Output Co-occurrences Sorted by Potential Output Occurrences

| Input Bits | Co-occurrences | Potential Occurrences | Output Co-occurrences | Potential Output Occurrences |
|:----------:|:--------------:|:---------------------:|:---------------------:|:----------------------------:|
| iv_510-iv_512 | 1995 | 4444 | 42 | 73 |
| iv_508-iv_511 | 1906 | 4344 | 35 | 74 |
| iv_509-iv_511 | 1934 | 4293 | 39 | 74 |
| iv_511-iv_512 | 2032 | 4322 | 39 | 74 |
| iv_505-iv_506 | 1843 | 4439 | 40 | 75 |
| iv_510-iv_511 | 1952 | 4370 | 38 | 77 |
| iv_508-iv_509 | 1926 | 4239 | 35 | 78 |

## Output Bits

### Output Bits in Regular Order

| Rank | Output Bit | Complexity |
|:----:|:----------:|:----------:|
| 1 | ov_001 | 3.0312394478957173 × 10^296 |
| 2 | ov_002 | 2.653034643105847 × 10^296 |
| 3 | ov_003 | 2.308617170917195 × 10^296 |
| 4 | ov_004 | 1.9963815789688874 × 10^296 |
| 5 | ov_005 | 1.7148103948943085 × 10^296 |
| 6 | ov_006 | 1.4624678531725675 × 10^296 |
| 7 | ov_007 | 1.2379944510048055 × 10^296 |
| 8 | ov_008 | 1.0401022394488308 × 10^296 |
| 9 | ov_009 | 8.664142946877964 × 10^295 |
| 10 | ov_010 | 7.14678667159595 × 10^295 |
| 11 | ov_011 | 5.837998735815712 × 10^295 |
| 12 | ov_012 | 4.717600448963761 × 10^295 |
| 13 | ov_013 | 3.7665204913740466 × 10^295 |
| 14 | ov_014 | 2.966762630142582 × 10^295 |
| 15 | ov_015 | 2.301379949962593 × 10^295 |
| 16 | ov_016 | 1.7544549596116345 × 10^295 |
| 17 | ov_017 | 1.311084802938956 × 10^295 |
| 18 | ov_018 | 9.573706865998946 × 10^294 |
| 19 | ov_019 | 6.804106545024355 × 10^294 |
| 20 | ov_020 | 4.682949212009736 × 10^294 |
| 21 | ov_021 | 3.1010305867208486 × 10^294 |
| 22 | ov_022 | 1.9590241306946022 × 10^294 |
| 23 | ov_023 | 1.167472337599521 × 10^294 |
| 24 | ov_024 | 6.467816305856526 × 10^293 |
| 25 | ov_025 | 3.2721917518782892 × 10^293 |
| 26 | ov_026 | 1.4891096491212695 × 10^293 |
| 27 | ov_027 | 6.184079241265181 × 10^292 |
| 28 | ov_028 | 2.584977149023352 × 10^292 |
| 29 | ov_029 | 1.0636154249895163 × 10^292 |
| 30 | ov_030 | 3.5133402828416 × 10^291 |
| 31 | ov_031 | 8.490902104321859 × 10^290 |
| 32 | lv_80_m31 | 2.051426659050598 × 10^290 |
| 33 | ov_033 | 2.4756298925699858 × 10^291 |
| 34 | ov_034 | 2.1428911823378602 × 10^291 |
| 35 | ov_035 | 1.8448130395123727 × 10^291 |
| 36 | ov_036 | 1.579730026292725 × 10^291 |
| 37 | ov_037 | 1.3460678136348681 × 10^291 |
| 38 | ov_038 | 1.140925147709574 × 10^291 |
| 39 | ov_039 | 9.615529649306813 × 10^290 |
| 40 | ov_040 | 8.053451192848542 × 10^290 |
| 41 | ov_041 | 6.698304896225954 × 10^290 |
| 42 | ov_042 | 5.526663196838782 × 10^290 |
| 43 | ov_043 | 4.516326528331539 × 10^290 |
| 44 | ov_044 | 3.6462773227191984 × 10^290 |
| 45 | ov_045 | 2.8966424593750517 × 10^290 |
| 46 | ov_046 | 2.2577672874237254 × 10^290 |
| 47 | ov_047 | 1.7205475537931819 × 10^290 |
| 48 | ov_048 | 1.276418866244379 × 10^290 |
| 49 | ov_049 | 9.173485739454892 × 10^289 |
| 50 | ov_050 | 6.358296361300498 × 10^289 |
| 51 | ov_051 | 4.248761282351314 × 10^289 |
| 52 | ov_052 | 2.7206812168801075 × 10^289 |
| 53 | ov_053 | 1.6601633680927074 × 10^289 |
| 54 | ov_054 | 9.636020907303343 × 10^288 |
| 55 | ov_055 | 5.3766839616878184 × 10^288 |
| 56 | ov_056 | 2.993045016970578 × 10^288 |
| 57 | ov_057 | 1.757208784928271 × 10^288 |
| 58 | ov_058 | 1.0439456437718432 × 10^288 |
| 59 | ov_059 | 5.663056730017835 × 10^287 |
| 60 | ov_060 | 2.7296337364095893 × 10^287 |
| 61 | ov_061 | 1.1259364988686619 × 10^287 |
| 62 | ov_062 | 3.7284540291702134 × 10^286 |
| 63 | ov_063 | 9.033479283198848 × 10^285 |
| 64 | lv_79_m31 | 2.187346701137199 × 10^285 |
| 65 | ov_065 | 2.572541349826759 × 10^286 |
| 66 | ov_066 | 2.572535096677384 × 10^286 |
| 67 | ov_067 | 2.572533070206554 × 10^286 |
| 68 | ov_068 | 2.2312300921995266 × 10^286 |
| 69 | ov_069 | 1.9228985736973026 × 10^286 |
| 70 | ov_070 | 1.6459200858168873 × 10^286 |
| 71 | ov_071 | 1.3987761686088928 × 10^286 |
| 72 | ov_072 | 1.1800414982265812 × 10^286 |
| 73 | ov_073 | 9.883776463368373 × 10^285 |
| 74 | ov_074 | 8.213462568039471 × 10^285 |
| 75 | ov_075 | 6.766564648857638 × 10^285 |
| 76 | ov_076 | 5.521560820048728 × 10^285 |
| 77 | ov_077 | 4.458237033311743 × 10^285 |
| 78 | ov_078 | 3.5576168445195423 × 10^285 |
| 79 | ov_079 | 2.801899343626004 × 10^285 |
| 80 | ov_080 | 2.1744047273745928 × 10^285 |
| 81 | ov_081 | 1.6595269997567387 × 10^285 |
| 82 | ov_082 | 1.2426932889747944 × 10^285 |
| 83 | ov_083 | 9.103292722526321 × 10^284 |
| 84 | ov_084 | 6.4983020150148974 × 10^284 |
| 85 | ov_085 | 4.495370238499289 × 10^284 |
| 86 | ov_086 | 2.9871709160888838 × 10^284 |
| 87 | ov_087 | 1.875489565453008 × 10^284 |
| 88 | ov_088 | 1.1134803317821312 × 10^284 |
| 89 | ov_089 | 6.208346753238094 × 10^283 |
| 90 | ov_090 | 3.260944458881578 × 10^283 |
| 91 | ov_091 | 1.6661270954537816 × 10^283 |
| 92 | ov_092 | 8.853021859480608 × 10^282 |
| 93 | ov_093 | 4.67627668190132 × 10^282 |
| 94 | ov_094 | 2.0960968957696357 × 10^282 |
| 95 | aaa_78_28 | 6.741636108628739 × 10^281 |
| 96 | aaa_78_29 | 2.5543543712489193 × 10^281 |
| 97 | ov_097 | 2.7822055432207657 × 10^281 |
| 98 | ov_098 | 2.782121437166888 × 10^281 |
| 99 | ov_099 | 2.782094575322128 × 10^281 |
| 100 | ov_100 | 2.5038119045071883 × 10^281 |
| 101 | ov_101 | 2.2460509137635307 × 10^281 |
| 102 | ov_102 | 2.0076828996556813 × 10^281 |
| 103 | ov_103 | 1.7876621289579884 × 10^281 |
| 104 | ov_104 | 1.5850150456954163 × 10^281 |
| 105 | ov_105 | 1.3988304634676473 × 10^281 |
| 106 | ov_106 | 1.2282506897674877 × 10^281 |
| 107 | ov_107 | 1.0724635313381485 × 10^281 |
| 108 | ov_108 | 9.306951315387597 × 10^280 |
| 109 | ov_109 | 8.022035922539265 × 10^280 |
| 110 | ov_110 | 6.8627333413828345 × 10^280 |
| 111 | ov_111 | 5.822101499747397 × 10^280 |
| 112 | ov_112 | 4.8933690668594915 × 10^280 |
| 113 | ov_113 | 4.0698985211079814 × 10^280 |
| 114 | ov_114 | 3.3451548307450776 × 10^280 |
| 115 | ov_115 | 2.71267931571454 × 10^280 |
| 116 | ov_116 | 2.1660682607357904 × 10^280 |
| 117 | ov_117 | 1.6989558509965947 × 10^280 |
| 118 | ov_118 | 1.3050010025203006 × 10^280 |
| 119 | ov_119 | 9.778776596552281 × 10^279 |
| 120 | ov_120 | 7.112681323238786 × 10^279 |
| 121 | ov_121 | 4.9885904576197365 × 10^279 |
| 122 | ov_122 | 3.3433928246919105 × 10^279 |
| 123 | ov_123 | 2.113990168046284 × 10^279 |
| 124 | ov_124 | 1.2372915278659775 × 10^279 |
| 125 | ov_125 | 6.502095496051613 × 10^278 |
| 126 | ov_126 | 2.8965835884202915 × 10^278 |
| 127 | aaa_77_28 | 9.255255452921568 × 10^277 |
| 128 | aaa_77_29 | 3.4714395295472504 × 10^277 |
| 129 | ov_129 | 3.1843860704857475 × 10^277 |
| 130 | ov_130 | 3.1843787098166026 × 10^277 |
| 131 | ov_131 | 3.1843763408877086 × 10^277 |
| 132 | ov_132 | 2.7650620148326914 × 10^277 |
| 133 | ov_133 | 2.385988431163949 × 10^277 |
| 134 | ov_134 | 2.045377805267232 × 10^277 |
| 135 | ov_135 | 1.7415541617632962 × 10^277 |
| 136 | ov_136 | 1.4729357141380572 × 10^277 |
| 137 | ov_137 | 1.23661522080036 × 10^277 |
| 138 | ov_138 | 1.0298432110617205 × 10^277 |
| 139 | ov_139 | 8.500183432783646 × 10^276 |
| 140 | ov_140 | 6.946791632488369 × 10^276 |
| 141 | ov_141 | 5.614971499029743 × 10^276 |
| 142 | ov_142 | 4.48270915035035 × 10^276 |
| 143 | ov_143 | 3.529214228294102 × 10^276 |
| 144 | ov_144 | 2.734881032427502 × 10^276 |
| 145 | ov_145 | 2.0812574152637542 × 10^276 |
| 146 | ov_146 | 1.551020343258478 × 10^276 |
| 147 | ov_147 | 1.1279571090249005 × 10^276 |
| 148 | ov_148 | 7.969512610081416 × 10^275 |
| 149 | ov_149 | 5.4397239747821635 × 10^275 |
| 150 | ov_150 | 3.560690522239047 × 10^275 |
| 151 | ov_151 | 2.2136397979730916 × 10^275 |
| 152 | ov_152 | 1.2905122859473529 × 10^275 |
| 153 | ov_153 | 6.93944704762949 × 10^274 |
| 154 | ov_154 | 3.37261360324163 × 10^274 |
| 155 | ov_155 | 1.4446996739337793 × 10^274 |
| 156 | aaa_76_25 | 5.025969321122193 × 10^273 |
| 157 | aaa_76_26 | 3.0954336791746726 × 10^273 |
| 158 | aaa_76_27 | 1.6988818078089144 × 10^273 |
| 159 | aaa_76_28 | 8.015559233550332 × 10^272 |
| 160 | aaa_76_29 | 3.0218949853594574 × 10^272 |

### Output Bits Sorted by Complexity

| Rank | Output Bit | Complexity |
|:----:|:----------:|:----------:|
| 160 | aaa_76_29 | 3.0218949853594574 × 10^272 |
| 159 | aaa_76_28 | 8.015559233550332 × 10^272 |
| 158 | aaa_76_27 | 1.6988818078089144 × 10^273 |
| 157 | aaa_76_26 | 3.0954336791746726 × 10^273 |
| 156 | aaa_76_25 | 5.025969321122193 × 10^273 |
| 155 | ov_155 | 1.4446996739337793 × 10^274 |
| 154 | ov_154 | 3.37261360324163 × 10^274 |
| 153 | ov_153 | 6.93944704762949 × 10^274 |
| 152 | ov_152 | 1.2905122859473529 × 10^275 |
| 151 | ov_151 | 2.2136397979730916 × 10^275 |
| 150 | ov_150 | 3.560690522239047 × 10^275 |
| 149 | ov_149 | 5.4397239747821635 × 10^275 |
| 148 | ov_148 | 7.969512610081416 × 10^275 |
| 147 | ov_147 | 1.1279571090249005 × 10^276 |
| 146 | ov_146 | 1.551020343258478 × 10^276 |
| 145 | ov_145 | 2.0812574152637542 × 10^276 |
| 144 | ov_144 | 2.734881032427502 × 10^276 |
| 143 | ov_143 | 3.529214228294102 × 10^276 |
| 142 | ov_142 | 4.48270915035035 × 10^276 |
| 141 | ov_141 | 5.614971499029743 × 10^276 |
| 140 | ov_140 | 6.946791632488369 × 10^276 |
| 139 | ov_139 | 8.500183432783646 × 10^276 |
| 138 | ov_138 | 1.0298432110617205 × 10^277 |
| 137 | ov_137 | 1.23661522080036 × 10^277 |
| 136 | ov_136 | 1.4729357141380572 × 10^277 |
| 135 | ov_135 | 1.7415541617632962 × 10^277 |
| 134 | ov_134 | 2.045377805267232 × 10^277 |
| 133 | ov_133 | 2.385988431163949 × 10^277 |
| 132 | ov_132 | 2.7650620148326914 × 10^277 |
| 131 | ov_131 | 3.1843763408877086 × 10^277 |
| 130 | ov_130 | 3.1843787098166026 × 10^277 |
| 129 | ov_129 | 3.1843860704857475 × 10^277 |
| 128 | aaa_77_29 | 3.4714395295472504 × 10^277 |
| 127 | aaa_77_28 | 9.255255452921568 × 10^277 |
| 126 | ov_126 | 2.8965835884202915 × 10^278 |
| 125 | ov_125 | 6.502095496051613 × 10^278 |
| 124 | ov_124 | 1.2372915278659775 × 10^279 |
| 123 | ov_123 | 2.113990168046284 × 10^279 |
| 122 | ov_122 | 3.3433928246919105 × 10^279 |
| 121 | ov_121 | 4.9885904576197365 × 10^279 |
| 120 | ov_120 | 7.112681323238786 × 10^279 |
| 119 | ov_119 | 9.778776596552281 × 10^279 |
| 118 | ov_118 | 1.3050010025203006 × 10^280 |
| 117 | ov_117 | 1.6989558509965947 × 10^280 |
| 116 | ov_116 | 2.1660682607357904 × 10^280 |
| 115 | ov_115 | 2.71267931571454 × 10^280 |
| 114 | ov_114 | 3.3451548307450776 × 10^280 |
| 113 | ov_113 | 4.0698985211079814 × 10^280 |
| 112 | ov_112 | 4.8933690668594915 × 10^280 |
| 111 | ov_111 | 5.822101499747397 × 10^280 |
| 110 | ov_110 | 6.8627333413828345 × 10^280 |
| 109 | ov_109 | 8.022035922539265 × 10^280 |
| 108 | ov_108 | 9.306951315387597 × 10^280 |
| 107 | ov_107 | 1.0724635313381485 × 10^281 |
| 106 | ov_106 | 1.2282506897674877 × 10^281 |
| 105 | ov_105 | 1.3988304634676473 × 10^281 |
| 104 | ov_104 | 1.5850150456954163 × 10^281 |
| 103 | ov_103 | 1.7876621289579884 × 10^281 |
| 102 | ov_102 | 2.0076828996556813 × 10^281 |
| 101 | ov_101 | 2.2460509137635307 × 10^281 |
| 100 | ov_100 | 2.5038119045071883 × 10^281 |
| 96 | aaa_78_29 | 2.5543543712489193 × 10^281 |
| 99 | ov_099 | 2.782094575322128 × 10^281 |
| 98 | ov_098 | 2.782121437166888 × 10^281 |
| 97 | ov_097 | 2.7822055432207657 × 10^281 |
| 95 | aaa_78_28 | 6.741636108628739 × 10^281 |
| 94 | ov_094 | 2.0960968957696357 × 10^282 |
| 93 | ov_093 | 4.67627668190132 × 10^282 |
| 92 | ov_092 | 8.853021859480608 × 10^282 |
| 91 | ov_091 | 1.6661270954537816 × 10^283 |
| 90 | ov_090 | 3.260944458881578 × 10^283 |
| 89 | ov_089 | 6.208346753238094 × 10^283 |
| 88 | ov_088 | 1.1134803317821312 × 10^284 |
| 87 | ov_087 | 1.875489565453008 × 10^284 |
| 86 | ov_086 | 2.9871709160888838 × 10^284 |
| 85 | ov_085 | 4.495370238499289 × 10^284 |
| 84 | ov_084 | 6.4983020150148974 × 10^284 |
| 83 | ov_083 | 9.103292722526321 × 10^284 |
| 82 | ov_082 | 1.2426932889747944 × 10^285 |
| 81 | ov_081 | 1.6595269997567387 × 10^285 |
| 80 | ov_080 | 2.1744047273745928 × 10^285 |
| 64 | lv_79_m31 | 2.187346701137199 × 10^285 |
| 79 | ov_079 | 2.801899343626004 × 10^285 |
| 78 | ov_078 | 3.5576168445195423 × 10^285 |
| 77 | ov_077 | 4.458237033311743 × 10^285 |
| 76 | ov_076 | 5.521560820048728 × 10^285 |
| 75 | ov_075 | 6.766564648857638 × 10^285 |
| 74 | ov_074 | 8.213462568039471 × 10^285 |
| 63 | ov_063 | 9.033479283198848 × 10^285 |
| 73 | ov_073 | 9.883776463368373 × 10^285 |
| 72 | ov_072 | 1.1800414982265812 × 10^286 |
| 71 | ov_071 | 1.3987761686088928 × 10^286 |
| 70 | ov_070 | 1.6459200858168873 × 10^286 |
| 69 | ov_069 | 1.9228985736973026 × 10^286 |
| 68 | ov_068 | 2.2312300921995266 × 10^286 |
| 67 | ov_067 | 2.572533070206554 × 10^286 |
| 66 | ov_066 | 2.572535096677384 × 10^286 |
| 65 | ov_065 | 2.572541349826759 × 10^286 |
| 62 | ov_062 | 3.7284540291702134 × 10^286 |
| 61 | ov_061 | 1.1259364988686619 × 10^287 |
| 60 | ov_060 | 2.7296337364095893 × 10^287 |
| 59 | ov_059 | 5.663056730017835 × 10^287 |
| 58 | ov_058 | 1.0439456437718432 × 10^288 |
| 57 | ov_057 | 1.757208784928271 × 10^288 |
| 56 | ov_056 | 2.993045016970578 × 10^288 |
| 55 | ov_055 | 5.3766839616878184 × 10^288 |
| 54 | ov_054 | 9.636020907303343 × 10^288 |
| 53 | ov_053 | 1.6601633680927074 × 10^289 |
| 52 | ov_052 | 2.7206812168801075 × 10^289 |
| 51 | ov_051 | 4.248761282351314 × 10^289 |
| 50 | ov_050 | 6.358296361300498 × 10^289 |
| 49 | ov_049 | 9.173485739454892 × 10^289 |
| 48 | ov_048 | 1.276418866244379 × 10^290 |
| 47 | ov_047 | 1.7205475537931819 × 10^290 |
| 32 | lv_80_m31 | 2.051426659050598 × 10^290 |
| 46 | ov_046 | 2.2577672874237254 × 10^290 |
| 45 | ov_045 | 2.8966424593750517 × 10^290 |
| 44 | ov_044 | 3.6462773227191984 × 10^290 |
| 43 | ov_043 | 4.516326528331539 × 10^290 |
| 42 | ov_042 | 5.526663196838782 × 10^290 |
| 41 | ov_041 | 6.698304896225954 × 10^290 |
| 40 | ov_040 | 8.053451192848542 × 10^290 |
| 31 | ov_031 | 8.490902104321859 × 10^290 |
| 39 | ov_039 | 9.615529649306813 × 10^290 |
| 38 | ov_038 | 1.140925147709574 × 10^291 |
| 37 | ov_037 | 1.3460678136348681 × 10^291 |
| 36 | ov_036 | 1.579730026292725 × 10^291 |
| 35 | ov_035 | 1.8448130395123727 × 10^291 |
| 34 | ov_034 | 2.1428911823378602 × 10^291 |
| 33 | ov_033 | 2.4756298925699858 × 10^291 |
| 30 | ov_030 | 3.5133402828416 × 10^291 |
| 29 | ov_029 | 1.0636154249895163 × 10^292 |
| 28 | ov_028 | 2.584977149023352 × 10^292 |
| 27 | ov_027 | 6.184079241265181 × 10^292 |
| 26 | ov_026 | 1.4891096491212695 × 10^293 |
| 25 | ov_025 | 3.2721917518782892 × 10^293 |
| 24 | ov_024 | 6.467816305856526 × 10^293 |
| 23 | ov_023 | 1.167472337599521 × 10^294 |
| 22 | ov_022 | 1.9590241306946022 × 10^294 |
| 21 | ov_021 | 3.1010305867208486 × 10^294 |
| 20 | ov_020 | 4.682949212009736 × 10^294 |
| 19 | ov_019 | 6.804106545024355 × 10^294 |
| 18 | ov_018 | 9.573706865998946 × 10^294 |
| 17 | ov_017 | 1.311084802938956 × 10^295 |
| 16 | ov_016 | 1.7544549596116345 × 10^295 |
| 15 | ov_015 | 2.301379949962593 × 10^295 |
| 14 | ov_014 | 2.966762630142582 × 10^295 |
| 13 | ov_013 | 3.7665204913740466 × 10^295 |
| 12 | ov_012 | 4.717600448963761 × 10^295 |
| 11 | ov_011 | 5.837998735815712 × 10^295 |
| 10 | ov_010 | 7.14678667159595 × 10^295 |
| 9 | ov_009 | 8.664142946877964 × 10^295 |
| 8 | ov_008 | 1.0401022394488308 × 10^296 |
| 7 | ov_007 | 1.2379944510048055 × 10^296 |
| 6 | ov_006 | 1.4624678531725675 × 10^296 |
| 5 | ov_005 | 1.7148103948943085 × 10^296 |
| 4 | ov_004 | 1.9963815789688874 × 10^296 |
| 3 | ov_003 | 2.308617170917195 × 10^296 |
| 2 | ov_002 | 2.653034643105847 × 10^296 |
| 1 | ov_001 | 3.0312394478957173 × 10^296 |

