# Results for F001-F002-F003-F004-F005-F006-F007-F008-F009-F010-F011-F012-F013-F014-F015-F016-F017-F018-F019-F020-F021-F022-F023-F024-F025-F026-F027-F028-F029-F030-F031-F032-F033-F034-F035-F036-F037-F038-F039-F040-F041-F042-F043-F044-F045-F046-F047-F048-F049-F050-F051-F052-F053-F054-F055-F056-F057-F058-F059-F060-F061-F062-F063-F064-F065-F066-F067-F068-F069-F070-F071-F072-F073-F074-F075-F076-F077-F078-F079-F080-F081-F082-F083-F084-F085-F086-F087-F088-F089-F090-F091-F092-F093-F094-F095-F096-F097-F098-F099-F100-F101-F102-F103-F104-F105-F106-F107-F108-F109-F110-F111-F112-F113-F114-F115-F116-F117-F118-F119-F120-F121-F122-F123-F124-F125-F126-F127-F128-F129-F130-F131-F132-F133-F134-F135-F136-F137-F138-F139-F140-F141-F142-F143-F144-F145-F146-F147-F148-F149-F150-F151-F152-F153-F154-F155-F156-F157-F158-F159-F160-F161-F162-F163-F164-F165-F166-F167-F168-F169-F170-F171-F172-F173-F174-F175-F176-F177-F178-F179-F180-F181-F182-F183-F184-F185-F186-F187-F188-F189-F190-F191-F192-F193-F194-F195-F196-F197-F198-F199-F200-F201-F202-F203-F204-F205-F206-F207-F208-F209-F210-F211-F212-F213-F214-F215-F216-F217-F218-F219-F220-F221-F222-F223-F224-F225-F226-F227-F228-F229-F230-F231-F232-F233-F234-F235-F236-F237-F238-F239-F240-F241-F242-F243-F244-F245-F246-F247-F248-F249-F250-F251-F252-F253-F254-F255-F256-F257-F258-F259-F260-F261-F262-F263-F264-F265-F266-F267-F268-F269-F270-F271-F272-F273-F274-F275-F276-F277-F278-F279-F280-F281-F282-F283-F284-F285-F286-F287-F288-F289-F290-F291-F292-F293-F294-F295-F296-F297-F298-F299-F300-F301-F302-F303-F304-F305-F306-F307-F308-F309-F310-F311-F312-F313-F314-F315-F316-F317-F318-F319-F320-F321-F322-F323-F324-F325-F326-F327-F328-F329-F330-F331-F332-F333-F334-F335-F336-F337-F338-F339-F340-F341-F342-F343-F344-F345-F346-F347-F348-F349-F350-F351-F352-F353-F354-F355-F356-F357-F358-F359-F360-F361-F362-F363-F364-F365-F366-F367-F368-F369-F370-F371-F372-F373-F374-F375-F376-F377-F378-F379-F380-F381-F382-F383-F384-F385-F386-F387-F388-F389-F390-F391-F392-F393-F394-F395-F396-F397-F398-F399-F400-F401-F402-F403-F404-F405-F406-F407-F408-F409-F410-F411-F412-F413-F414-F415-F416-F417-F418-F419-F420-F421-F422-F423-F424-F425-F426-F427-F428-F429-F430-F431-F432-F433-F434-F435-F436-F437-F438-F439-F440-F441-F442-F443-F444-F445-F446-F447-F448-F449-F450-F451-F452-F453-F454-F455-F456-F457-F458-F459-F460-F461-F462-F463-F464-F465-F466-F467-F468-F469-F470-F471-F472-F473-F474-F475-F476-F477-F478-F479-F480-F481-F482-F483-F484-F485-F486-F487-F488-F489-F490-F491-F492-F493-F494-F495-F496-F497-F498-F499-F500-F501-E502511-E503504-E507509-E510512

## Summary

Number of input bits: 512  
Number of free input bits: 7  
Number of output bits: 160

Number of direct occurrences: 28977  
Number of assignments: 31120  
Number of operations: 11117657
(xor: 11088346,
and: 16098,
or: 13213)

Total complexity: 1.3941455443000226 × 10^300

Least occurring input variable: iv_505 (3905)  
Most occurring input variable: iv_510 (4342)

Most co-occurring input variables: iv_507-iv_510 (2054)  
Least co-occurring input variables: iv_505-iv_506 (1780)

Potentially most occurring input variable: iv_502/iv_510 (4645)  
Potentially least occurring input variable: iv_506/iv_508 (4138)

Least output occurring input variable: iv_508 (70)  
Most output occurring input variable: iv_507 (88)

Most output co-occurring input variables: iv_506-iv_507 (49)  
Least output co-occurring input variables: iv_502-iv_503 (26)

Potentially most output occurring input variable: iv_503/iv_510 (93)  
Potentially least output occurring input variable: iv_503/iv_508 (68)

Least complex input bit: iv_502 (5.96420936090146 × 10^298)  
Most complex input bit: iv_510 (4.270862697683101 × 10^299)

Least complex output bit: aaa_76_29 (1.8226543120131855 × 10^275)  
Most complex output bit: ov_001 (2.181513804902492 × 10^299)

Least complex input/output complexity: iv_502/aaa_76_29 (7.797386688815515 × 10^273)  
Most complex input/output complexity: iv_510/ov_001 (6.682907657619539 × 10^298)

Input variable with highest collision probability: iv_506 (½^160.00000000000068)

## Input Bits

### Input Bits in Regular Order

| Input Bit | Complexity | Occurrences | Output Occurrences | Collision Probability |
|:---------:|:----------:|:-----------:|:------------------:|:---------------------:|
| iv_502 | 5.96420936090146 × 10^298 | 4265 | 72 | ½^160.00000000000068 |
| iv_503 | 6.243368356595439 × 10^298 | 4258 | 70 | ½^160.0000000000008 |
| iv_505 | 7.771261813607076 × 10^298 | 3905 | 79 | ½^160.00000000000077 |
| iv_506 | 1.182126319143335 × 10^299 | 3946 | 82 | ½^160.00000000000068 |
| iv_507 | 4.00255821836013 × 10^299 | 4285 | 88 | ½^160.00000000000068 |
| iv_508 | 2.4880242547032634 × 10^299 | 3976 | 70 | ½^160.00000000000068 |
| iv_510 | 4.270862697683101 × 10^299 | 4342 | 77 | ½^160.00000000000088 |

### Input Bits Sorted by Complexity

| Input Bit | Complexity | Occurrences | Output Occurrences | Collision Probability |
|:---------:|:----------:|:-----------:|:------------------:|:---------------------:|
| iv_502 | 5.96420936090146 × 10^298 | 4265 | 72 | ½^160.00000000000068 |
| iv_503 | 6.243368356595439 × 10^298 | 4258 | 70 | ½^160.0000000000008 |
| iv_505 | 7.771261813607076 × 10^298 | 3905 | 79 | ½^160.00000000000077 |
| iv_506 | 1.182126319143335 × 10^299 | 3946 | 82 | ½^160.00000000000068 |
| iv_508 | 2.4880242547032634 × 10^299 | 3976 | 70 | ½^160.00000000000068 |
| iv_507 | 4.00255821836013 × 10^299 | 4285 | 88 | ½^160.00000000000068 |
| iv_510 | 4.270862697683101 × 10^299 | 4342 | 77 | ½^160.00000000000088 |

### Input Bits Sorted by Occurrences

| Input Bit | Complexity | Occurrences | Output Occurrences | Collision Probability |
|:---------:|:----------:|:-----------:|:------------------:|:---------------------:|
| iv_505 | 7.771261813607076 × 10^298 | 3905 | 79 | ½^160.00000000000077 |
| iv_506 | 1.182126319143335 × 10^299 | 3946 | 82 | ½^160.00000000000068 |
| iv_508 | 2.4880242547032634 × 10^299 | 3976 | 70 | ½^160.00000000000068 |
| iv_503 | 6.243368356595439 × 10^298 | 4258 | 70 | ½^160.0000000000008 |
| iv_502 | 5.96420936090146 × 10^298 | 4265 | 72 | ½^160.00000000000068 |
| iv_507 | 4.00255821836013 × 10^299 | 4285 | 88 | ½^160.00000000000068 |
| iv_510 | 4.270862697683101 × 10^299 | 4342 | 77 | ½^160.00000000000088 |

### Input Bits Sorted by Output Occurrences

| Input Bit | Complexity | Occurrences | Output Occurrences | Collision Probability |
|:---------:|:----------:|:-----------:|:------------------:|:---------------------:|
| iv_508 | 2.4880242547032634 × 10^299 | 3976 | 70 | ½^160.00000000000068 |
| iv_503 | 6.243368356595439 × 10^298 | 4258 | 70 | ½^160.0000000000008 |
| iv_502 | 5.96420936090146 × 10^298 | 4265 | 72 | ½^160.00000000000068 |
| iv_510 | 4.270862697683101 × 10^299 | 4342 | 77 | ½^160.00000000000088 |
| iv_505 | 7.771261813607076 × 10^298 | 3905 | 79 | ½^160.00000000000077 |
| iv_506 | 1.182126319143335 × 10^299 | 3946 | 82 | ½^160.00000000000068 |
| iv_507 | 4.00255821836013 × 10^299 | 4285 | 88 | ½^160.00000000000068 |

### Input Bits Sorted by Collision Probability

| Input Bit | Complexity | Occurrences | Output Occurrences | Collision Probability |
|:---------:|:----------:|:-----------:|:------------------:|:---------------------:|
| iv_506 | 1.182126319143335 × 10^299 | 3946 | 82 | ½^160.00000000000068 |
| iv_502 | 5.96420936090146 × 10^298 | 4265 | 72 | ½^160.00000000000068 |
| iv_508 | 2.4880242547032634 × 10^299 | 3976 | 70 | ½^160.00000000000068 |
| iv_507 | 4.00255821836013 × 10^299 | 4285 | 88 | ½^160.00000000000068 |
| iv_505 | 7.771261813607076 × 10^298 | 3905 | 79 | ½^160.00000000000077 |
| iv_503 | 6.243368356595439 × 10^298 | 4258 | 70 | ½^160.0000000000008 |
| iv_510 | 4.270862697683101 × 10^299 | 4342 | 77 | ½^160.00000000000088 |

## Input Bit/Output Bit Collision Probabilities

| Input Bit | Output Bit | Collision Probability |
|:---------:|:----------:|:---------------------:|
| iv_508 | ov_072 | 0.5000000000000022 |
| iv_502 | ov_132 | 0.5000000000000018 |
| iv_506 | ov_083 | 0.5000000000000018 |
| iv_507 | ov_075 | 0.5000000000000018 |
| iv_508 | ov_098 | 0.5000000000000018 |
| iv_506 | ov_089 | 0.5000000000000017 |
| iv_502 | ov_060 | 0.5000000000000016 |

## Input Bit Co-occurrences

### Input Bit Co-occurrences Sorted by Co-occurrences

| Input Bits | Co-occurrences | Potential Occurrences | Output Co-occurrences | Potential Output Occurrences |
|:----------:|:--------------:|:---------------------:|:---------------------:|:----------------------------:|
| iv_507-iv_510 | 2054 | 4519 | 39 | 87 |
| iv_502-iv_503 | 2023 | 4477 | 26 | 90 |
| iv_503-iv_510 | 2003 | 4594 | 27 | 93 |
| iv_508-iv_510 | 1999 | 4320 | 36 | 75 |
| iv_502-iv_510 | 1981 | 4645 | 35 | 79 |
| iv_507-iv_508 | 1978 | 4305 | 41 | 76 |
| iv_506-iv_507 | 1976 | 4279 | 49 | 72 |

### Input Bit Co-occurrences Sorted by Potential Occurrences

| Input Bits | Co-occurrences | Potential Occurrences | Output Co-occurrences | Potential Output Occurrences |
|:----------:|:--------------:|:---------------------:|:---------------------:|:----------------------------:|
| iv_506-iv_508 | 1892 | 4138 | 37 | 78 |
| iv_505-iv_508 | 1825 | 4231 | 31 | 87 |
| iv_506-iv_507 | 1976 | 4279 | 49 | 72 |
| iv_505-iv_506 | 1780 | 4291 | 39 | 83 |
| iv_502-iv_505 | 1935 | 4300 | 36 | 79 |
| iv_507-iv_508 | 1978 | 4305 | 41 | 76 |
| iv_508-iv_510 | 1999 | 4320 | 36 | 75 |

### Input Bit Output Co-occurrences Sorted by Output Co-occurrences

| Input Bits | Co-occurrences | Potential Occurrences | Output Co-occurrences | Potential Output Occurrences |
|:----------:|:--------------:|:---------------------:|:---------------------:|:----------------------------:|
| iv_506-iv_507 | 1976 | 4279 | 49 | 72 |
| iv_505-iv_507 | 1901 | 4388 | 45 | 77 |
| iv_506-iv_510 | 1916 | 4456 | 43 | 73 |
| iv_507-iv_508 | 1978 | 4305 | 41 | 76 |
| iv_503-iv_507 | 1959 | 4625 | 41 | 76 |
| iv_505-iv_506 | 1780 | 4291 | 39 | 83 |
| iv_507-iv_510 | 2054 | 4519 | 39 | 87 |

### Input Bit Output Co-occurrences Sorted by Potential Output Occurrences

| Input Bits | Co-occurrences | Potential Occurrences | Output Co-occurrences | Potential Output Occurrences |
|:----------:|:--------------:|:---------------------:|:---------------------:|:----------------------------:|
| iv_503-iv_508 | 1949 | 4336 | 36 | 68 |
| iv_506-iv_507 | 1976 | 4279 | 49 | 72 |
| iv_506-iv_510 | 1916 | 4456 | 43 | 73 |
| iv_502-iv_508 | 1960 | 4321 | 34 | 74 |
| iv_503-iv_505 | 1890 | 4383 | 37 | 75 |
| iv_508-iv_510 | 1999 | 4320 | 36 | 75 |
| iv_507-iv_508 | 1978 | 4305 | 41 | 76 |

## Output Bits

### Output Bits in Regular Order

| Rank | Output Bit | Complexity |
|:----:|:----------:|:----------:|
| 1 | ov_001 | 2.181513804902492 × 10^299 |
| 2 | ov_002 | 1.9022170812933453 × 10^299 |
| 3 | ov_003 | 1.6493435684715407 × 10^299 |
| 4 | ov_004 | 1.4217635901188913 × 10^299 |
| 5 | ov_005 | 1.2184094096729116 × 10^299 |
| 6 | ov_006 | 1.0373140116244725 × 10^299 |
| 7 | ov_007 | 8.766141017734006 × 10^298 |
| 8 | ov_008 | 7.354031184111133 × 10^298 |
| 9 | ov_009 | 6.120072102878204 × 10^298 |
| 10 | ov_010 | 5.04839907599857 × 10^298 |
| 11 | ov_011 | 4.123981935008039 × 10^298 |
| 12 | ov_012 | 3.3325922616908736 × 10^298 |
| 13 | ov_013 | 2.66077661464552 × 10^298 |
| 14 | ov_014 | 2.09583514890933 × 10^298 |
| 15 | ov_015 | 1.6258049122626884 × 10^298 |
| 16 | ov_016 | 1.239447103870925 × 10^298 |
| 17 | ov_017 | 9.262376339637067 × 10^297 |
| 18 | ov_018 | 6.7636037607897 × 10^297 |
| 19 | ov_019 | 4.807025560918595 × 10^297 |
| 20 | ov_020 | 3.30851774864335 × 10^297 |
| 21 | ov_021 | 2.190942139233544 × 10^297 |
| 22 | ov_022 | 1.3841362612490061 × 10^297 |
| 23 | ov_023 | 8.249078082582254 × 10^296 |
| 24 | ov_024 | 4.570313916115862 × 10^296 |
| 25 | ov_025 | 2.3124651455838956 × 10^296 |
| 26 | ov_026 | 1.0525635698446222 × 10^296 |
| 27 | ov_027 | 4.3727123368276137 × 10^295 |
| 28 | ov_028 | 1.8287740341985482 × 10^295 |
| 29 | ov_029 | 7.529741179102208 × 10^294 |
| 30 | ov_030 | 2.4895372111380502 × 10^294 |
| 31 | ov_031 | 6.0236062829592565 × 10^293 |
| 32 | lv_80_k31 | 1.4570011020141382 × 10^293 |
| 33 | ov_033 | 1.7451918156086508 × 10^294 |
| 34 | ov_034 | 1.509702978994637 × 10^294 |
| 35 | ov_035 | 1.2996563699741757 × 10^294 |
| 36 | ov_036 | 1.1129819369056922 × 10^294 |
| 37 | ov_037 | 9.477216392502138 × 10^293 |
| 38 | ov_038 | 8.02021529036414 × 10^293 |
| 39 | ov_039 | 6.74124895989874 × 10^293 |
| 40 | ov_040 | 5.623663740615046 × 10^293 |
| 41 | ov_041 | 4.651669133310325 × 10^293 |
| 42 | ov_042 | 3.810295271779107 × 10^293 |
| 43 | ov_043 | 3.085357302427244 × 10^293 |
| 44 | ov_044 | 2.463425880832783 × 10^293 |
| 45 | ov_045 | 1.931803045947446 × 10^293 |
| 46 | ov_046 | 1.4843199611563741 × 10^293 |
| 47 | ov_047 | 1.1151594477400306 × 10^293 |
| 48 | ov_048 | 8.188492240179552 × 10^292 |
| 49 | ov_049 | 5.854600289543974 × 10^292 |
| 50 | ov_050 | 4.0573155081485577 × 10^292 |
| 51 | ov_051 | 2.7106773553339064 × 10^292 |
| 52 | ov_052 | 1.7353362163340937 × 10^292 |
| 53 | ov_053 | 1.0585333005705788 × 10^292 |
| 54 | ov_054 | 6.140888052135118 × 10^291 |
| 55 | ov_055 | 3.4239549123296086 × 10^291 |
| 56 | ov_056 | 1.9041534699449042 × 10^291 |
| 57 | ov_057 | 1.1167778131001316 × 10^291 |
| 58 | ov_058 | 6.627859066337079 × 10^290 |
| 59 | ov_059 | 3.590717679370906 × 10^290 |
| 60 | ov_060 | 1.7280794800296277 × 10^290 |
| 61 | ov_061 | 7.116724460821227 × 10^289 |
| 62 | ov_062 | 2.353356974059775 × 10^289 |
| 63 | ov_063 | 5.694998258030198 × 10^288 |
| 64 | lv_79_k31 | 1.3777081627757279 × 10^288 |
| 65 | ov_065 | 1.6390816690986002 × 10^289 |
| 66 | ov_066 | 1.6390778414454931 × 10^289 |
| 67 | ov_067 | 1.6390766010077777 × 10^289 |
| 68 | ov_068 | 1.4179715807071934 × 10^289 |
| 69 | ov_069 | 1.2197666274281458 × 10^289 |
| 70 | ov_070 | 1.0434712631403382 × 10^289 |
| 71 | ov_071 | 8.872838866378388 × 10^288 |
| 72 | ov_072 | 7.495130701972462 × 10^288 |
| 73 | ov_073 | 6.285702635082758 × 10^288 |
| 74 | ov_074 | 5.2296316663213934 × 10^288 |
| 75 | ov_075 | 4.312897362336607 × 10^288 |
| 76 | ov_076 | 3.5223279049987596 × 10^288 |
| 77 | ov_077 | 2.8455517909964525 × 10^288 |
| 78 | ov_078 | 2.2709548528593416 × 10^288 |
| 79 | ov_079 | 1.78764227823288 × 10^288 |
| 80 | ov_080 | 1.3854053086381389 × 10^288 |
| 81 | ov_081 | 1.0546923021984971 × 10^288 |
| 82 | ov_082 | 7.865838471246645 × 10^287 |
| 83 | ov_083 | 5.727716143198805 × 10^287 |
| 84 | ov_084 | 4.055406384769571 × 10^287 |
| 85 | ov_085 | 2.777547176461432 × 10^287 |
| 86 | ov_086 | 1.8284462159367063 × 10^287 |
| 87 | ov_087 | 1.1479879945419688 × 10^287 |
| 88 | ov_088 | 6.815627728068546 × 10^286 |
| 89 | ov_089 | 3.8001436153055135 × 10^286 |
| 90 | ov_090 | 1.9960361540631167 × 10^286 |
| 91 | ov_091 | 1.019845463255117 × 10^286 |
| 92 | ov_092 | 5.4189989617085044 × 10^285 |
| 93 | ov_093 | 2.86239098505235 × 10^285 |
| 94 | ov_094 | 1.2830437754895237 × 10^285 |
| 95 | aaa_78_28 | 4.126641039029398 × 10^284 |
| 96 | aaa_78_29 | 1.5635577817594524 × 10^284 |
| 97 | ov_097 | 1.702697807350797 × 10^284 |
| 98 | ov_098 | 1.70264676126372 × 10^284 |
| 99 | ov_099 | 1.7026304576876585 × 10^284 |
| 100 | ov_100 | 1.532301601301105 × 10^284 |
| 101 | ov_101 | 1.3745283793727771 × 10^284 |
| 102 | ov_102 | 1.2286220662752218 × 10^284 |
| 103 | ov_103 | 1.0939442990596197 × 10^284 |
| 104 | ov_104 | 9.699005273710736 × 10^283 |
| 105 | ov_105 | 8.55934060647 × 10^283 |
| 106 | ov_106 | 7.5152068055032225 × 10^283 |
| 107 | ov_107 | 6.561637879175237 × 10^283 |
| 108 | ov_108 | 5.693900546040193 × 10^283 |
| 109 | ov_109 | 4.907455515131558 × 10^283 |
| 110 | ov_110 | 4.1979232482449683 × 10^283 |
| 111 | ov_111 | 3.5610539301286227 × 10^283 |
| 112 | ov_112 | 2.992701376922739 × 10^283 |
| 113 | ov_113 | 2.4888006165122017 × 10^283 |
| 114 | ov_114 | 2.0453488768799532 × 10^283 |
| 115 | ov_115 | 1.6583897202466767 × 10^283 |
| 116 | ov_116 | 1.3240000619163405 × 10^283 |
| 117 | ov_117 | 1.0382798134558294 × 10^283 |
| 118 | ov_118 | 7.973438902520735 × 10^282 |
| 119 | ov_119 | 5.973163237201416 × 10^282 |
| 120 | ov_120 | 4.3432621854623476 × 10^282 |
| 121 | ov_121 | 3.045052953991785 × 10^282 |
| 122 | ov_122 | 2.0398664249306095 × 10^282 |
| 123 | ov_123 | 1.2890413012115742 × 10^282 |
| 124 | ov_124 | 7.539206992273042 × 10^281 |
| 125 | ov_125 | 3.95849913773189 × 10^281 |
| 126 | ov_126 | 1.7617513294813107 × 10^281 |
| 127 | aaa_77_28 | 5.624283018877165 × 10^280 |
| 128 | aaa_77_29 | 2.107763413892819 × 10^280 |
| 129 | ov_129 | 1.9419186066148125 × 10^280 |
| 130 | ov_130 | 1.941914173198474 × 10^280 |
| 131 | ov_131 | 1.9419127492135903 × 10^280 |
| 132 | ov_132 | 1.6818679316063883 × 10^280 |
| 133 | ov_133 | 1.4490860974167005 × 10^280 |
| 134 | ov_134 | 1.2414839949792484 × 10^280 |
| 135 | ov_135 | 1.057094645492494 × 10^280 |
| 136 | ov_136 | 8.940588848586105 × 10^279 |
| 137 | ov_137 | 7.506179811870049 × 10^279 |
| 138 | ov_138 | 6.251072501934761 × 10^279 |
| 139 | ov_139 | 5.159505763521881 × 10^279 |
| 140 | ov_140 | 4.216557464465296 × 10^279 |
| 141 | ov_141 | 3.4081050729880875 × 10^279 |
| 142 | ov_142 | 2.72079264469749 × 10^279 |
| 143 | ov_143 | 2.1420034363481353 × 10^279 |
| 144 | ov_144 | 1.6598374518182465 × 10^279 |
| 145 | ov_145 | 1.2630933535237692 × 10^279 |
| 146 | ov_146 | 9.41254220044457 × 10^278 |
| 147 | ov_147 | 6.844765981750502 × 10^278 |
| 148 | ov_148 | 4.83582304826614 × 10^278 |
| 149 | ov_149 | 3.300524812515169 × 10^278 |
| 150 | ov_150 | 2.1602344906045382 × 10^278 |
| 151 | ov_151 | 1.3428396446486673 × 10^278 |
| 152 | ov_152 | 7.827351412566266 × 10^277 |
| 153 | ov_153 | 4.208134292631718 × 10^277 |
| 154 | ov_154 | 2.0445950919694187 × 10^277 |
| 155 | ov_155 | 8.754850458166222 × 10^276 |
| 156 | aaa_76_25 | 3.044452589141219 × 10^276 |
| 157 | aaa_76_26 | 1.8736797733608367 × 10^276 |
| 158 | aaa_76_27 | 1.0273048492180901 × 10^276 |
| 159 | aaa_76_28 | 4.840995947604711 × 10^275 |
| 160 | aaa_76_29 | 1.8226543120131855 × 10^275 |

### Output Bits Sorted by Complexity

| Rank | Output Bit | Complexity |
|:----:|:----------:|:----------:|
| 160 | aaa_76_29 | 1.8226543120131855 × 10^275 |
| 159 | aaa_76_28 | 4.840995947604711 × 10^275 |
| 158 | aaa_76_27 | 1.0273048492180901 × 10^276 |
| 157 | aaa_76_26 | 1.8736797733608367 × 10^276 |
| 156 | aaa_76_25 | 3.044452589141219 × 10^276 |
| 155 | ov_155 | 8.754850458166222 × 10^276 |
| 154 | ov_154 | 2.0445950919694187 × 10^277 |
| 153 | ov_153 | 4.208134292631718 × 10^277 |
| 152 | ov_152 | 7.827351412566266 × 10^277 |
| 151 | ov_151 | 1.3428396446486673 × 10^278 |
| 150 | ov_150 | 2.1602344906045382 × 10^278 |
| 149 | ov_149 | 3.300524812515169 × 10^278 |
| 148 | ov_148 | 4.83582304826614 × 10^278 |
| 147 | ov_147 | 6.844765981750502 × 10^278 |
| 146 | ov_146 | 9.41254220044457 × 10^278 |
| 145 | ov_145 | 1.2630933535237692 × 10^279 |
| 144 | ov_144 | 1.6598374518182465 × 10^279 |
| 143 | ov_143 | 2.1420034363481353 × 10^279 |
| 142 | ov_142 | 2.72079264469749 × 10^279 |
| 141 | ov_141 | 3.4081050729880875 × 10^279 |
| 140 | ov_140 | 4.216557464465296 × 10^279 |
| 139 | ov_139 | 5.159505763521881 × 10^279 |
| 138 | ov_138 | 6.251072501934761 × 10^279 |
| 137 | ov_137 | 7.506179811870049 × 10^279 |
| 136 | ov_136 | 8.940588848586105 × 10^279 |
| 135 | ov_135 | 1.057094645492494 × 10^280 |
| 134 | ov_134 | 1.2414839949792484 × 10^280 |
| 133 | ov_133 | 1.4490860974167005 × 10^280 |
| 132 | ov_132 | 1.6818679316063883 × 10^280 |
| 131 | ov_131 | 1.9419127492135903 × 10^280 |
| 130 | ov_130 | 1.941914173198474 × 10^280 |
| 129 | ov_129 | 1.9419186066148125 × 10^280 |
| 128 | aaa_77_29 | 2.107763413892819 × 10^280 |
| 127 | aaa_77_28 | 5.624283018877165 × 10^280 |
| 126 | ov_126 | 1.7617513294813107 × 10^281 |
| 125 | ov_125 | 3.95849913773189 × 10^281 |
| 124 | ov_124 | 7.539206992273042 × 10^281 |
| 123 | ov_123 | 1.2890413012115742 × 10^282 |
| 122 | ov_122 | 2.0398664249306095 × 10^282 |
| 121 | ov_121 | 3.045052953991785 × 10^282 |
| 120 | ov_120 | 4.3432621854623476 × 10^282 |
| 119 | ov_119 | 5.973163237201416 × 10^282 |
| 118 | ov_118 | 7.973438902520735 × 10^282 |
| 117 | ov_117 | 1.0382798134558294 × 10^283 |
| 116 | ov_116 | 1.3240000619163405 × 10^283 |
| 115 | ov_115 | 1.6583897202466767 × 10^283 |
| 114 | ov_114 | 2.0453488768799532 × 10^283 |
| 113 | ov_113 | 2.4888006165122017 × 10^283 |
| 112 | ov_112 | 2.992701376922739 × 10^283 |
| 111 | ov_111 | 3.5610539301286227 × 10^283 |
| 110 | ov_110 | 4.1979232482449683 × 10^283 |
| 109 | ov_109 | 4.907455515131558 × 10^283 |
| 108 | ov_108 | 5.693900546040193 × 10^283 |
| 107 | ov_107 | 6.561637879175237 × 10^283 |
| 106 | ov_106 | 7.5152068055032225 × 10^283 |
| 105 | ov_105 | 8.55934060647 × 10^283 |
| 104 | ov_104 | 9.699005273710736 × 10^283 |
| 103 | ov_103 | 1.0939442990596197 × 10^284 |
| 102 | ov_102 | 1.2286220662752218 × 10^284 |
| 101 | ov_101 | 1.3745283793727771 × 10^284 |
| 100 | ov_100 | 1.532301601301105 × 10^284 |
| 96 | aaa_78_29 | 1.5635577817594524 × 10^284 |
| 99 | ov_099 | 1.7026304576876585 × 10^284 |
| 98 | ov_098 | 1.70264676126372 × 10^284 |
| 97 | ov_097 | 1.702697807350797 × 10^284 |
| 95 | aaa_78_28 | 4.126641039029398 × 10^284 |
| 94 | ov_094 | 1.2830437754895237 × 10^285 |
| 93 | ov_093 | 2.86239098505235 × 10^285 |
| 92 | ov_092 | 5.4189989617085044 × 10^285 |
| 91 | ov_091 | 1.019845463255117 × 10^286 |
| 90 | ov_090 | 1.9960361540631167 × 10^286 |
| 89 | ov_089 | 3.8001436153055135 × 10^286 |
| 88 | ov_088 | 6.815627728068546 × 10^286 |
| 87 | ov_087 | 1.1479879945419688 × 10^287 |
| 86 | ov_086 | 1.8284462159367063 × 10^287 |
| 85 | ov_085 | 2.777547176461432 × 10^287 |
| 84 | ov_084 | 4.055406384769571 × 10^287 |
| 83 | ov_083 | 5.727716143198805 × 10^287 |
| 82 | ov_082 | 7.865838471246645 × 10^287 |
| 81 | ov_081 | 1.0546923021984971 × 10^288 |
| 64 | lv_79_k31 | 1.3777081627757279 × 10^288 |
| 80 | ov_080 | 1.3854053086381389 × 10^288 |
| 79 | ov_079 | 1.78764227823288 × 10^288 |
| 78 | ov_078 | 2.2709548528593416 × 10^288 |
| 77 | ov_077 | 2.8455517909964525 × 10^288 |
| 76 | ov_076 | 3.5223279049987596 × 10^288 |
| 75 | ov_075 | 4.312897362336607 × 10^288 |
| 74 | ov_074 | 5.2296316663213934 × 10^288 |
| 63 | ov_063 | 5.694998258030198 × 10^288 |
| 73 | ov_073 | 6.285702635082758 × 10^288 |
| 72 | ov_072 | 7.495130701972462 × 10^288 |
| 71 | ov_071 | 8.872838866378388 × 10^288 |
| 70 | ov_070 | 1.0434712631403382 × 10^289 |
| 69 | ov_069 | 1.2197666274281458 × 10^289 |
| 68 | ov_068 | 1.4179715807071934 × 10^289 |
| 67 | ov_067 | 1.6390766010077777 × 10^289 |
| 66 | ov_066 | 1.6390778414454931 × 10^289 |
| 65 | ov_065 | 1.6390816690986002 × 10^289 |
| 62 | ov_062 | 2.353356974059775 × 10^289 |
| 61 | ov_061 | 7.116724460821227 × 10^289 |
| 60 | ov_060 | 1.7280794800296277 × 10^290 |
| 59 | ov_059 | 3.590717679370906 × 10^290 |
| 58 | ov_058 | 6.627859066337079 × 10^290 |
| 57 | ov_057 | 1.1167778131001316 × 10^291 |
| 56 | ov_056 | 1.9041534699449042 × 10^291 |
| 55 | ov_055 | 3.4239549123296086 × 10^291 |
| 54 | ov_054 | 6.140888052135118 × 10^291 |
| 53 | ov_053 | 1.0585333005705788 × 10^292 |
| 52 | ov_052 | 1.7353362163340937 × 10^292 |
| 51 | ov_051 | 2.7106773553339064 × 10^292 |
| 50 | ov_050 | 4.0573155081485577 × 10^292 |
| 49 | ov_049 | 5.854600289543974 × 10^292 |
| 48 | ov_048 | 8.188492240179552 × 10^292 |
| 47 | ov_047 | 1.1151594477400306 × 10^293 |
| 32 | lv_80_k31 | 1.4570011020141382 × 10^293 |
| 46 | ov_046 | 1.4843199611563741 × 10^293 |
| 45 | ov_045 | 1.931803045947446 × 10^293 |
| 44 | ov_044 | 2.463425880832783 × 10^293 |
| 43 | ov_043 | 3.085357302427244 × 10^293 |
| 42 | ov_042 | 3.810295271779107 × 10^293 |
| 41 | ov_041 | 4.651669133310325 × 10^293 |
| 40 | ov_040 | 5.623663740615046 × 10^293 |
| 31 | ov_031 | 6.0236062829592565 × 10^293 |
| 39 | ov_039 | 6.74124895989874 × 10^293 |
| 38 | ov_038 | 8.02021529036414 × 10^293 |
| 37 | ov_037 | 9.477216392502138 × 10^293 |
| 36 | ov_036 | 1.1129819369056922 × 10^294 |
| 35 | ov_035 | 1.2996563699741757 × 10^294 |
| 34 | ov_034 | 1.509702978994637 × 10^294 |
| 33 | ov_033 | 1.7451918156086508 × 10^294 |
| 30 | ov_030 | 2.4895372111380502 × 10^294 |
| 29 | ov_029 | 7.529741179102208 × 10^294 |
| 28 | ov_028 | 1.8287740341985482 × 10^295 |
| 27 | ov_027 | 4.3727123368276137 × 10^295 |
| 26 | ov_026 | 1.0525635698446222 × 10^296 |
| 25 | ov_025 | 2.3124651455838956 × 10^296 |
| 24 | ov_024 | 4.570313916115862 × 10^296 |
| 23 | ov_023 | 8.249078082582254 × 10^296 |
| 22 | ov_022 | 1.3841362612490061 × 10^297 |
| 21 | ov_021 | 2.190942139233544 × 10^297 |
| 20 | ov_020 | 3.30851774864335 × 10^297 |
| 19 | ov_019 | 4.807025560918595 × 10^297 |
| 18 | ov_018 | 6.7636037607897 × 10^297 |
| 17 | ov_017 | 9.262376339637067 × 10^297 |
| 16 | ov_016 | 1.239447103870925 × 10^298 |
| 15 | ov_015 | 1.6258049122626884 × 10^298 |
| 14 | ov_014 | 2.09583514890933 × 10^298 |
| 13 | ov_013 | 2.66077661464552 × 10^298 |
| 12 | ov_012 | 3.3325922616908736 × 10^298 |
| 11 | ov_011 | 4.123981935008039 × 10^298 |
| 10 | ov_010 | 5.04839907599857 × 10^298 |
| 9 | ov_009 | 6.120072102878204 × 10^298 |
| 8 | ov_008 | 7.354031184111133 × 10^298 |
| 7 | ov_007 | 8.766141017734006 × 10^298 |
| 6 | ov_006 | 1.0373140116244725 × 10^299 |
| 5 | ov_005 | 1.2184094096729116 × 10^299 |
| 4 | ov_004 | 1.4217635901188913 × 10^299 |
| 3 | ov_003 | 1.6493435684715407 × 10^299 |
| 2 | ov_002 | 1.9022170812933453 × 10^299 |
| 1 | ov_001 | 2.181513804902492 × 10^299 |

