# Results for T008-T009-T010-T011-T012-T013-T014-T015-T016-T017-T018-T019-T020-T021-T022-T023-T024-T025-T026-T027-T028-T029-T030-T031-T032-T033-T034-T035-T036-T037-T038-T039-T040-T041-T042-T043-T044-T045-T046-T047-T048-T049-T050-T051-T052-T053-T054-T055-T056-T057-T058-T059-T060-T061-T062-T063-T064-T065-T066-T067-T068-T069-T070-T071-T072-T073-T074-T075-T076-T077-T078-T079-T080-T081-T082-T083-T084-T085-T086-T087-T088-T089-T090-T091-T092-T093-T094-T095-T096-T097-T098-T099-T100-T101-T102-T103-T104-T105-T106-T107-T108-T109-T110-T111-T112-T113-T114-T115-T116-T117-T118-T119-T120-T121-T122-T123-T124-T125-T126-T127-T128-T129-T130-T131-T132-T133-T134-T135-T136-T137-T138-T139-T140-T141-T142-T143-T144-T145-T146-T147-T148-T149-T150-T151-T152-T153-T154-T155-T156-T157-T158-T159-T160-T161-T162-T163-T164-T165-T166-T167-T168-T169-T170-T171-T172-T173-T174-T175-T176-T177-T178-T179-T180-T181-T182-T183-T184-T185-T186-T187-T188-T189-T190-T191-T192-T193-T194-T195-T196-T197-T198-T199-T200-T201-T202-T203-T204-T205-T206-T207-T208-T209-T210-T211-T212-T213-T214-T215-T216-T217-T218-T219-T220-T221-T222-T223-T224-T225-T226-T227-T228-T229-T230-T231-T232-T233-T234-T235-T236-T237-T238-T239-T240-T241-T242-T243-T244-T245-T246-T247-T248-T249-T250-T251-T252-T253-T254-T255-T256-T257-T258-T259-T260-T261-T262-T263-T264-T265-T266-T267-T268-T269-T270-T271-T272-T273-T274-T275-T276-T277-T278-T279-T280-T281-T282-T283-T284-T285-T286-T287-T288-T289-T290-T291-T292-T293-T294-T295-T296-T297-T298-T299-T300-T301-T302-T303-T304-T305-T306-T307-T308-T309-T310-T311-T312-T313-T314-T315-T316-T317-T318-T319-T320-T321-T322-T323-T324-T325-T326-T327-T328-T329-T330-T331-T332-T333-T334-T335-T336-T337-T338-T339-T340-T341-T342-T343-T344-T345-T346-T347-T348-T349-T350-T351-T352-T353-T354-T355-T356-T357-T358-T359-T360-T361-T362-T363-T364-T365-T366-T367-T368-T369-T370-T371-T372-T373-T374-T375-T376-T377-T378-T379-T380-T381-T382-T383-T384-T385-T386-T387-T388-T389-T390-T391-T392-T393-T394-T395-T396-T397-T398-T399-T400-T401-T402-T403-T404-T405-T406-T407-T408-T409-T410-T411-T412-T413-T414-T415-T416-T417-T418-T419-T420-T421-T422-T423-T424-T425-T426-T427-T428-T429-T430-T431-T432-T433-T434-T435-T436-T437-T438-T439-T440-T441-T442-T443-T444-T445-T446-T447-T448-T449-T450-T451-T452-T453-T454-T455-T456-T457-T458-T459-T460-T461-T462-T463-T464-T465-T466-T467-T468-T469-T470-T471-T472-T473-T474-T475-T476-T477-T478-T479-T480-T481-T482-T483-T484-T485-T486-T487-T488-T489-T490-T491-T492-T493-T494-T495-T496-T497-T498-T499-T500-T501-T502-T503-T504-T505-T506-T507-T508-T509-T510-T511-T512

## Summary

Number of input bits: 512  
Number of free input bits: 7  
Number of output bits: 160

Number of direct occurrences: 33073  
Number of assignments: 38550  
Number of operations: 21032498
(xor: 20982827,
and: 21320,
or: 28351)

Total complexity: 3.062709045384864 × 10^369

Least occurring input variable: iv_005 (4345)  
Most occurring input variable: iv_002 (4952)

Most co-occurring input variables: iv_003-iv_004 (2374)  
Least co-occurring input variables: iv_004-iv_005 (1986)

Potentially most occurring input variable: iv_002/iv_004 (5489)  
Potentially least occurring input variable: iv_001/iv_006 (4818)

Least output occurring input variable: iv_006 (70)  
Most output occurring input variable: iv_004 (85)

Most output co-occurring input variables: iv_001-iv_002 (46)  
Least output co-occurring input variables: iv_002-iv_006 (33)

Potentially most output occurring input variable: iv_003/iv_004 (88)  
Potentially least output occurring input variable: iv_003/iv_007 (67)

Least complex input bit: iv_001 (1.3529436957058514 × 10^367)  
Most complex input bit: iv_007 (1.0448948272622977 × 10^369)

Least complex output bit: aaa_76_29 (1.2395059016078506 × 10^344)  
Most complex output bit: ov_001 (4.698929244161054 × 10^368)

Least complex input/output complexity: iv_001/aaa_76_29 (5.475484842079757 × 10^341)  
Most complex input/output complexity: iv_007/ov_001 (1.6031189342957755 × 10^368)

Input variable with highest collision probability: iv_007 (½^160.0000000000008)

## Input Bits

### Input Bits in Regular Order

| Input Bit | Complexity | Occurrences | Output Occurrences | Collision Probability |
|:---------:|:----------:|:-----------:|:------------------:|:---------------------:|
| iv_001 | 1.3529436957058514 × 10^367 | 4600 | 83 | ½^160.0000000000009 |
| iv_002 | 5.835885894093568 × 10^367 | 4952 | 78 | ½^160.00000000000085 |
| iv_003 | 1.6775598613970354 × 10^368 | 4952 | 79 | ½^160.0000000000008 |
| iv_004 | 3.666766284340258 × 10^368 | 4869 | 85 | ½^160.0000000000009 |
| iv_005 | 5.926012747019859 × 10^368 | 4345 | 83 | ½^160.0000000000011 |
| iv_006 | 8.188920329488606 × 10^368 | 4706 | 70 | ½^160.00000000000082 |
| iv_007 | 1.0448948272622977 × 10^369 | 4649 | 76 | ½^160.0000000000008 |

### Input Bits Sorted by Complexity

| Input Bit | Complexity | Occurrences | Output Occurrences | Collision Probability |
|:---------:|:----------:|:-----------:|:------------------:|:---------------------:|
| iv_001 | 1.3529436957058514 × 10^367 | 4600 | 83 | ½^160.0000000000009 |
| iv_002 | 5.835885894093568 × 10^367 | 4952 | 78 | ½^160.00000000000085 |
| iv_003 | 1.6775598613970354 × 10^368 | 4952 | 79 | ½^160.0000000000008 |
| iv_004 | 3.666766284340258 × 10^368 | 4869 | 85 | ½^160.0000000000009 |
| iv_005 | 5.926012747019859 × 10^368 | 4345 | 83 | ½^160.0000000000011 |
| iv_006 | 8.188920329488606 × 10^368 | 4706 | 70 | ½^160.00000000000082 |
| iv_007 | 1.0448948272622977 × 10^369 | 4649 | 76 | ½^160.0000000000008 |

### Input Bits Sorted by Occurrences

| Input Bit | Complexity | Occurrences | Output Occurrences | Collision Probability |
|:---------:|:----------:|:-----------:|:------------------:|:---------------------:|
| iv_005 | 5.926012747019859 × 10^368 | 4345 | 83 | ½^160.0000000000011 |
| iv_001 | 1.3529436957058514 × 10^367 | 4600 | 83 | ½^160.0000000000009 |
| iv_007 | 1.0448948272622977 × 10^369 | 4649 | 76 | ½^160.0000000000008 |
| iv_006 | 8.188920329488606 × 10^368 | 4706 | 70 | ½^160.00000000000082 |
| iv_004 | 3.666766284340258 × 10^368 | 4869 | 85 | ½^160.0000000000009 |
| iv_003 | 1.6775598613970354 × 10^368 | 4952 | 79 | ½^160.0000000000008 |
| iv_002 | 5.835885894093568 × 10^367 | 4952 | 78 | ½^160.00000000000085 |

### Input Bits Sorted by Output Occurrences

| Input Bit | Complexity | Occurrences | Output Occurrences | Collision Probability |
|:---------:|:----------:|:-----------:|:------------------:|:---------------------:|
| iv_006 | 8.188920329488606 × 10^368 | 4706 | 70 | ½^160.00000000000082 |
| iv_007 | 1.0448948272622977 × 10^369 | 4649 | 76 | ½^160.0000000000008 |
| iv_002 | 5.835885894093568 × 10^367 | 4952 | 78 | ½^160.00000000000085 |
| iv_003 | 1.6775598613970354 × 10^368 | 4952 | 79 | ½^160.0000000000008 |
| iv_001 | 1.3529436957058514 × 10^367 | 4600 | 83 | ½^160.0000000000009 |
| iv_005 | 5.926012747019859 × 10^368 | 4345 | 83 | ½^160.0000000000011 |
| iv_004 | 3.666766284340258 × 10^368 | 4869 | 85 | ½^160.0000000000009 |

### Input Bits Sorted by Collision Probability

| Input Bit | Complexity | Occurrences | Output Occurrences | Collision Probability |
|:---------:|:----------:|:-----------:|:------------------:|:---------------------:|
| iv_007 | 1.0448948272622977 × 10^369 | 4649 | 76 | ½^160.0000000000008 |
| iv_003 | 1.6775598613970354 × 10^368 | 4952 | 79 | ½^160.0000000000008 |
| iv_006 | 8.188920329488606 × 10^368 | 4706 | 70 | ½^160.00000000000082 |
| iv_002 | 5.835885894093568 × 10^367 | 4952 | 78 | ½^160.00000000000085 |
| iv_001 | 1.3529436957058514 × 10^367 | 4600 | 83 | ½^160.0000000000009 |
| iv_004 | 3.666766284340258 × 10^368 | 4869 | 85 | ½^160.0000000000009 |
| iv_005 | 5.926012747019859 × 10^368 | 4345 | 83 | ½^160.0000000000011 |

## Input Bit/Output Bit Collision Probabilities

| Input Bit | Output Bit | Collision Probability |
|:---------:|:----------:|:---------------------:|
| iv_006 | ov_075 | 0.5000000000000044 |
| iv_006 | ov_004 | 0.500000000000004 |
| iv_006 | ov_124 | 0.5000000000000038 |
| iv_004 | ov_053 | 0.5000000000000024 |
| iv_006 | ov_057 | 0.5000000000000019 |
| iv_001 | ov_015 | 0.5000000000000018 |
| iv_001 | ov_132 | 0.5000000000000018 |

## Input Bit Co-occurrences

### Input Bit Co-occurrences Sorted by Co-occurrences

| Input Bits | Co-occurrences | Potential Occurrences | Output Co-occurrences | Potential Output Occurrences |
|:----------:|:--------------:|:---------------------:|:---------------------:|:----------------------------:|
| iv_003-iv_004 | 2374 | 5073 | 38 | 88 |
| iv_002-iv_003 | 2330 | 5244 | 40 | 77 |
| iv_002-iv_007 | 2311 | 4979 | 39 | 76 |
| iv_001-iv_002 | 2291 | 4970 | 46 | 69 |
| iv_001-iv_003 | 2254 | 5044 | 43 | 76 |
| iv_003-iv_006 | 2252 | 5154 | 40 | 69 |
| iv_001-iv_006 | 2244 | 4818 | 35 | 83 |

### Input Bit Co-occurrences Sorted by Potential Occurrences

| Input Bits | Co-occurrences | Potential Occurrences | Output Co-occurrences | Potential Output Occurrences |
|:----------:|:--------------:|:---------------------:|:---------------------:|:----------------------------:|
| iv_001-iv_006 | 2244 | 4818 | 35 | 83 |
| iv_001-iv_005 | 2059 | 4827 | 43 | 80 |
| iv_005-iv_006 | 2041 | 4969 | 34 | 85 |
| iv_001-iv_002 | 2291 | 4970 | 46 | 69 |
| iv_002-iv_007 | 2311 | 4979 | 39 | 76 |
| iv_003-iv_005 | 2158 | 4981 | 42 | 78 |
| iv_006-iv_007 | 2186 | 4983 | 34 | 78 |

### Input Bit Output Co-occurrences Sorted by Output Co-occurrences

| Input Bits | Co-occurrences | Potential Occurrences | Output Co-occurrences | Potential Output Occurrences |
|:----------:|:--------------:|:---------------------:|:---------------------:|:----------------------------:|
| iv_001-iv_002 | 2291 | 4970 | 46 | 69 |
| iv_001-iv_004 | 2144 | 5181 | 45 | 78 |
| iv_002-iv_004 | 2166 | 5489 | 44 | 75 |
| iv_003-iv_007 | 2226 | 5149 | 44 | 67 |
| iv_004-iv_005 | 1986 | 5242 | 44 | 80 |
| iv_001-iv_003 | 2254 | 5044 | 43 | 76 |
| iv_001-iv_005 | 2059 | 4827 | 43 | 80 |

### Input Bit Output Co-occurrences Sorted by Potential Output Occurrences

| Input Bits | Co-occurrences | Potential Occurrences | Output Co-occurrences | Potential Output Occurrences |
|:----------:|:--------------:|:---------------------:|:---------------------:|:----------------------------:|
| iv_003-iv_007 | 2226 | 5149 | 44 | 67 |
| iv_001-iv_002 | 2291 | 4970 | 46 | 69 |
| iv_003-iv_006 | 2252 | 5154 | 40 | 69 |
| iv_002-iv_004 | 2166 | 5489 | 44 | 75 |
| iv_001-iv_003 | 2254 | 5044 | 43 | 76 |
| iv_002-iv_007 | 2311 | 4979 | 39 | 76 |
| iv_002-iv_003 | 2330 | 5244 | 40 | 77 |

## Output Bits

### Output Bits in Regular Order

| Rank | Output Bit | Complexity |
|:----:|:----------:|:----------:|
| 1 | ov_001 | 4.698929244161054 × 10^368 |
| 2 | ov_002 | 4.110599679582787 × 10^368 |
| 3 | ov_003 | 3.576500292258145 × 10^368 |
| 4 | ov_004 | 3.0934340937590567 × 10^368 |
| 5 | ov_005 | 2.6583896295039254 × 10^368 |
| 6 | ov_006 | 2.268527299483057 × 10^368 |
| 7 | ov_007 | 1.9211671540962877 × 10^368 |
| 8 | ov_008 | 1.613778081489174 × 10^368 |
| 9 | ov_009 | 1.3439683072819041 × 10^368 |
| 10 | ov_010 | 1.1094771318954418 × 10^368 |
| 11 | ov_011 | 9.081678348235689 × 10^367 |
| 12 | ov_012 | 7.380216644713652 × 10^367 |
| 13 | ov_013 | 5.953357672582756 × 10^367 |
| 14 | ov_014 | 4.7662142895897305 × 10^367 |
| 15 | ov_015 | 3.785979203613966 × 10^367 |
| 16 | ov_016 | 2.981875687415983 × 10^367 |
| 17 | ov_017 | 2.325118777077419 × 10^367 |
| 18 | ov_018 | 1.7888853222041185 × 10^367 |
| 19 | ov_019 | 1.3482913977849375 × 10^367 |
| 20 | ov_020 | 9.913774398913118 × 10^366 |
| 21 | ov_021 | 7.071417375523513 × 10^366 |
| 22 | ov_022 | 4.855356067579025 × 10^366 |
| 23 | ov_023 | 3.174601843394769 × 10^366 |
| 24 | ov_024 | 1.9476441372367615 × 10^366 |
| 25 | ov_025 | 1.1024386484851943 × 10^366 |
| 26 | ov_026 | 5.7640100820249776 × 10^365 |
| 27 | ov_027 | 2.7273187577388353 × 10^365 |
| 28 | ov_028 | 1.1354271660134625 × 10^365 |
| 29 | ov_029 | 3.985525299715813 × 10^364 |
| 30 | ov_030 | 1.0987790272834823 × 10^364 |
| 31 | ov_031 | 1.3094516138213862 × 10^363 |
| 32 | lv_80_k31 | 4.218665546252341 × 10^362 |
| 33 | ov_033 | 5.219954941373178 × 10^363 |
| 34 | ov_034 | 4.6064183506168427 × 10^363 |
| 35 | ov_035 | 4.045022972690496 × 10^363 |
| 36 | ov_036 | 3.532845610990887 × 10^363 |
| 37 | ov_037 | 3.0671271065896346 × 10^363 |
| 38 | ov_038 | 2.6452605519058124 × 10^363 |
| 39 | ov_039 | 2.264780942342118 × 10^363 |
| 40 | ov_040 | 1.923356140073217 × 10^363 |
| 41 | ov_041 | 1.6187790310500058 × 10^363 |
| 42 | ov_042 | 1.3489607628317264 × 10^363 |
| 43 | ov_043 | 1.1119249571321212 × 10^363 |
| 44 | ov_044 | 9.058027970130947 × 10^362 |
| 45 | ov_045 | 7.288288945207465 × 10^362 |
| 46 | ov_046 | 5.7933785026989425 × 10^362 |
| 47 | ov_047 | 4.542880373633518 × 10^362 |
| 48 | ov_048 | 3.5082570379168994 × 10^362 |
| 49 | ov_049 | 2.6628168537778528 × 10^362 |
| 50 | ov_050 | 1.9816884358229965 × 10^362 |
| 51 | ov_051 | 1.4418011094535627 × 10^362 |
| 52 | ov_052 | 1.0218703753926473 × 10^362 |
| 53 | ov_053 | 7.023874237720147 × 10^361 |
| 54 | ov_054 | 4.656118427448863 × 10^361 |
| 55 | ov_055 | 2.9556677200236287 × 10^361 |
| 56 | ov_056 | 1.7803585692586853 × 10^361 |
| 57 | ov_057 | 1.0056146443566133 × 10^361 |
| 58 | ov_058 | 5.244372691171 × 10^360 |
| 59 | ov_059 | 2.4740088659477995 × 10^360 |
| 60 | ov_060 | 1.0265128790692574 × 10^360 |
| 61 | ov_061 | 3.590509107005534 × 10^359 |
| 62 | ov_062 | 9.863341407035448 × 10^358 |
| 63 | ov_063 | 1.9254146536666514 × 10^358 |
| 64 | lv_79_m31 | 3.7578988798309733 × 10^357 |
| 65 | ov_065 | 4.611956293613946 × 10^358 |
| 66 | ov_066 | 4.611938097197072 × 10^358 |
| 67 | ov_067 | 4.611932237310404 × 10^358 |
| 68 | ov_068 | 4.025661537190331 × 10^358 |
| 69 | ov_069 | 3.498412648815426 × 10^358 |
| 70 | ov_070 | 3.0257502641681975 × 10^358 |
| 71 | ov_071 | 2.6034951626384113 × 10^358 |
| 72 | ov_072 | 2.22770527460283 × 10^358 |
| 73 | ov_073 | 1.8946588283169442 × 10^358 |
| 74 | ov_074 | 1.6008394657293461 × 10^358 |
| 75 | ov_075 | 1.3429232192696883 × 10^358 |
| 76 | ov_076 | 1.1177672477771905 × 10^358 |
| 77 | ov_077 | 9.224002143342287 × 10^357 |
| 78 | ov_078 | 7.540141531965245 × 10^357 |
| 79 | ov_079 | 6.099576610574453 × 10^357 |
| 80 | ov_080 | 4.877302582184267 × 10^357 |
| 81 | ov_081 | 3.849777753341921 × 10^357 |
| 82 | ov_082 | 2.994886313132915 × 10^357 |
| 83 | ov_083 | 2.2919087772635732 × 10^357 |
| 84 | ov_084 | 1.7214989474324623 × 10^357 |
| 85 | ov_085 | 1.2656663321537304 × 10^357 |
| 86 | ov_086 | 9.077630706409193 × 10^356 |
| 87 | ov_087 | 6.324744964730219 × 10^356 |
| 88 | ov_088 | 4.258125726716923 × 10^356 |
| 89 | ov_089 | 2.751115246047981 × 10^356 |
| 90 | ov_090 | 1.69025091852926 × 10^356 |
| 91 | ov_091 | 9.752491486808877 × 10^355 |
| 92 | ov_092 | 5.1899666935213876 × 10^355 |
| 93 | ov_093 | 2.4754635851743226 × 10^355 |
| 94 | ov_094 | 1.001154908028394 × 10^355 |
| 95 | aaa_78_28 | 2.9085135899056806 × 10^354 |
| 96 | aaa_78_29 | 5.647559051273045 × 10^353 |
| 97 | ov_097 | 7.208957051450818 × 10^353 |
| 98 | ov_098 | 7.20893549843505 × 10^353 |
| 99 | ov_099 | 7.208930248861652 × 10^353 |
| 100 | ov_100 | 6.353694170315568 × 10^353 |
| 101 | ov_101 | 5.5716361464675484 × 10^353 |
| 102 | ov_102 | 4.8586891787951653 × 10^353 |
| 103 | ov_103 | 4.2110248252750916 × 10^353 |
| 104 | ov_104 | 3.625036158376047 × 10^353 |
| 105 | ov_105 | 3.0973225130933695 × 10^353 |
| 106 | ov_106 | 2.6246758970626574 × 10^353 |
| 107 | ov_107 | 2.2040689419258458 × 10^353 |
| 108 | ov_108 | 1.832644281899734 × 10^353 |
| 109 | ov_109 | 1.5077052519671356 × 10^353 |
| 110 | ov_110 | 1.2267078043232217 × 10^353 |
| 111 | ov_111 | 9.872535477093538 × 10^352 |
| 112 | ov_112 | 7.849599094717598 × 10^352 |
| 113 | ov_113 | 6.1570971319066176 × 10^352 |
| 114 | ov_114 | 4.75643763994399 × 10^352 |
| 115 | ov_115 | 3.6115494938640207 × 10^352 |
| 116 | ov_116 | 2.688836711649306 × 10^352 |
| 117 | ov_117 | 1.957143977317409 × 10^352 |
| 118 | ov_118 | 1.3877313201623758 × 10^352 |
| 119 | ov_119 | 9.542561159121072 × 10^351 |
| 120 | ov_120 | 6.32760788719061 × 10^351 |
| 121 | ov_121 | 4.016648058734 × 10^351 |
| 122 | ov_122 | 2.4175977000613657 × 10^351 |
| 123 | ov_123 | 1.3620662638571833 × 10^351 |
| 124 | ov_124 | 7.053421486542082 × 10^350 |
| 125 | ov_125 | 3.263860200419631 × 10^350 |
| 126 | ov_126 | 1.2782816401917835 × 10^350 |
| 127 | aaa_77_28 | 3.596763074711783 × 10^349 |
| 128 | aaa_77_29 | 1.1002424906414455 × 10^349 |
| 129 | ov_129 | 6.683788565905597 × 10^348 |
| 130 | ov_130 | 6.683764279638496 × 10^348 |
| 131 | ov_131 | 6.683758362894364 × 10^348 |
| 132 | ov_132 | 5.911738662297278 × 10^348 |
| 133 | ov_133 | 5.208033876350939 × 10^348 |
| 134 | ov_134 | 4.56810395107449 × 10^348 |
| 135 | ov_135 | 3.98767439353983 × 10^348 |
| 136 | ov_136 | 3.462717053778425 × 10^348 |
| 137 | ov_137 | 2.989432932802519 × 10^348 |
| 138 | ov_138 | 2.5642368812878664 × 10^348 |
| 139 | ov_139 | 2.1837440606101117 × 10^348 |
| 140 | ov_140 | 1.8447580447616363 × 10^348 |
| 141 | ov_141 | 1.544260448258597 × 10^348 |
| 142 | ov_142 | 1.2794019715294188 × 10^348 |
| 143 | ov_143 | 1.0474947614986964 × 10^348 |
| 144 | ov_144 | 8.460059911795748 × 10^347 |
| 145 | ov_145 | 6.725525680916405 × 10^347 |
| 146 | ov_146 | 5.248968691191185 × 10^347 |
| 147 | ov_147 | 4.0094337048312566 × 10^347 |
| 148 | ov_148 | 2.98736033547283 × 10^347 |
| 149 | ov_149 | 2.1645631876064034 × 10^347 |
| 150 | ov_150 | 1.5242171159017708 × 10^347 |
| 151 | ov_151 | 1.0367130546614062 × 10^347 |
| 152 | ov_152 | 6.75120937752011 × 10^346 |
| 153 | ov_153 | 4.15181329678394 × 10^346 |
| 154 | ov_154 | 2.35300283838117 × 10^346 |
| 155 | ov_155 | 1.1654644681015083 × 10^346 |
| 156 | aaa_76_25 | 4.2649607111537664 × 10^345 |
| 157 | aaa_76_26 | 2.235189955171392 × 10^345 |
| 158 | aaa_76_27 | 1.0343570580986709 × 10^345 |
| 159 | aaa_76_28 | 4.0510519730812626 × 10^344 |
| 160 | aaa_76_29 | 1.2395059016078506 × 10^344 |

### Output Bits Sorted by Complexity

| Rank | Output Bit | Complexity |
|:----:|:----------:|:----------:|
| 160 | aaa_76_29 | 1.2395059016078506 × 10^344 |
| 159 | aaa_76_28 | 4.0510519730812626 × 10^344 |
| 158 | aaa_76_27 | 1.0343570580986709 × 10^345 |
| 157 | aaa_76_26 | 2.235189955171392 × 10^345 |
| 156 | aaa_76_25 | 4.2649607111537664 × 10^345 |
| 155 | ov_155 | 1.1654644681015083 × 10^346 |
| 154 | ov_154 | 2.35300283838117 × 10^346 |
| 153 | ov_153 | 4.15181329678394 × 10^346 |
| 152 | ov_152 | 6.75120937752011 × 10^346 |
| 151 | ov_151 | 1.0367130546614062 × 10^347 |
| 150 | ov_150 | 1.5242171159017708 × 10^347 |
| 149 | ov_149 | 2.1645631876064034 × 10^347 |
| 148 | ov_148 | 2.98736033547283 × 10^347 |
| 147 | ov_147 | 4.0094337048312566 × 10^347 |
| 146 | ov_146 | 5.248968691191185 × 10^347 |
| 145 | ov_145 | 6.725525680916405 × 10^347 |
| 144 | ov_144 | 8.460059911795748 × 10^347 |
| 143 | ov_143 | 1.0474947614986964 × 10^348 |
| 142 | ov_142 | 1.2794019715294188 × 10^348 |
| 141 | ov_141 | 1.544260448258597 × 10^348 |
| 140 | ov_140 | 1.8447580447616363 × 10^348 |
| 139 | ov_139 | 2.1837440606101117 × 10^348 |
| 138 | ov_138 | 2.5642368812878664 × 10^348 |
| 137 | ov_137 | 2.989432932802519 × 10^348 |
| 136 | ov_136 | 3.462717053778425 × 10^348 |
| 135 | ov_135 | 3.98767439353983 × 10^348 |
| 134 | ov_134 | 4.56810395107449 × 10^348 |
| 133 | ov_133 | 5.208033876350939 × 10^348 |
| 132 | ov_132 | 5.911738662297278 × 10^348 |
| 131 | ov_131 | 6.683758362894364 × 10^348 |
| 130 | ov_130 | 6.683764279638496 × 10^348 |
| 129 | ov_129 | 6.683788565905597 × 10^348 |
| 128 | aaa_77_29 | 1.1002424906414455 × 10^349 |
| 127 | aaa_77_28 | 3.596763074711783 × 10^349 |
| 126 | ov_126 | 1.2782816401917835 × 10^350 |
| 125 | ov_125 | 3.263860200419631 × 10^350 |
| 124 | ov_124 | 7.053421486542082 × 10^350 |
| 123 | ov_123 | 1.3620662638571833 × 10^351 |
| 122 | ov_122 | 2.4175977000613657 × 10^351 |
| 121 | ov_121 | 4.016648058734 × 10^351 |
| 120 | ov_120 | 6.32760788719061 × 10^351 |
| 119 | ov_119 | 9.542561159121072 × 10^351 |
| 118 | ov_118 | 1.3877313201623758 × 10^352 |
| 117 | ov_117 | 1.957143977317409 × 10^352 |
| 116 | ov_116 | 2.688836711649306 × 10^352 |
| 115 | ov_115 | 3.6115494938640207 × 10^352 |
| 114 | ov_114 | 4.75643763994399 × 10^352 |
| 113 | ov_113 | 6.1570971319066176 × 10^352 |
| 112 | ov_112 | 7.849599094717598 × 10^352 |
| 111 | ov_111 | 9.872535477093538 × 10^352 |
| 110 | ov_110 | 1.2267078043232217 × 10^353 |
| 109 | ov_109 | 1.5077052519671356 × 10^353 |
| 108 | ov_108 | 1.832644281899734 × 10^353 |
| 107 | ov_107 | 2.2040689419258458 × 10^353 |
| 106 | ov_106 | 2.6246758970626574 × 10^353 |
| 105 | ov_105 | 3.0973225130933695 × 10^353 |
| 104 | ov_104 | 3.625036158376047 × 10^353 |
| 103 | ov_103 | 4.2110248252750916 × 10^353 |
| 102 | ov_102 | 4.8586891787951653 × 10^353 |
| 101 | ov_101 | 5.5716361464675484 × 10^353 |
| 96 | aaa_78_29 | 5.647559051273045 × 10^353 |
| 100 | ov_100 | 6.353694170315568 × 10^353 |
| 99 | ov_099 | 7.208930248861652 × 10^353 |
| 98 | ov_098 | 7.20893549843505 × 10^353 |
| 97 | ov_097 | 7.208957051450818 × 10^353 |
| 95 | aaa_78_28 | 2.9085135899056806 × 10^354 |
| 94 | ov_094 | 1.001154908028394 × 10^355 |
| 93 | ov_093 | 2.4754635851743226 × 10^355 |
| 92 | ov_092 | 5.1899666935213876 × 10^355 |
| 91 | ov_091 | 9.752491486808877 × 10^355 |
| 90 | ov_090 | 1.69025091852926 × 10^356 |
| 89 | ov_089 | 2.751115246047981 × 10^356 |
| 88 | ov_088 | 4.258125726716923 × 10^356 |
| 87 | ov_087 | 6.324744964730219 × 10^356 |
| 86 | ov_086 | 9.077630706409193 × 10^356 |
| 85 | ov_085 | 1.2656663321537304 × 10^357 |
| 84 | ov_084 | 1.7214989474324623 × 10^357 |
| 83 | ov_083 | 2.2919087772635732 × 10^357 |
| 82 | ov_082 | 2.994886313132915 × 10^357 |
| 64 | lv_79_m31 | 3.7578988798309733 × 10^357 |
| 81 | ov_081 | 3.849777753341921 × 10^357 |
| 80 | ov_080 | 4.877302582184267 × 10^357 |
| 79 | ov_079 | 6.099576610574453 × 10^357 |
| 78 | ov_078 | 7.540141531965245 × 10^357 |
| 77 | ov_077 | 9.224002143342287 × 10^357 |
| 76 | ov_076 | 1.1177672477771905 × 10^358 |
| 75 | ov_075 | 1.3429232192696883 × 10^358 |
| 74 | ov_074 | 1.6008394657293461 × 10^358 |
| 73 | ov_073 | 1.8946588283169442 × 10^358 |
| 63 | ov_063 | 1.9254146536666514 × 10^358 |
| 72 | ov_072 | 2.22770527460283 × 10^358 |
| 71 | ov_071 | 2.6034951626384113 × 10^358 |
| 70 | ov_070 | 3.0257502641681975 × 10^358 |
| 69 | ov_069 | 3.498412648815426 × 10^358 |
| 68 | ov_068 | 4.025661537190331 × 10^358 |
| 67 | ov_067 | 4.611932237310404 × 10^358 |
| 66 | ov_066 | 4.611938097197072 × 10^358 |
| 65 | ov_065 | 4.611956293613946 × 10^358 |
| 62 | ov_062 | 9.863341407035448 × 10^358 |
| 61 | ov_061 | 3.590509107005534 × 10^359 |
| 60 | ov_060 | 1.0265128790692574 × 10^360 |
| 59 | ov_059 | 2.4740088659477995 × 10^360 |
| 58 | ov_058 | 5.244372691171 × 10^360 |
| 57 | ov_057 | 1.0056146443566133 × 10^361 |
| 56 | ov_056 | 1.7803585692586853 × 10^361 |
| 55 | ov_055 | 2.9556677200236287 × 10^361 |
| 54 | ov_054 | 4.656118427448863 × 10^361 |
| 53 | ov_053 | 7.023874237720147 × 10^361 |
| 52 | ov_052 | 1.0218703753926473 × 10^362 |
| 51 | ov_051 | 1.4418011094535627 × 10^362 |
| 50 | ov_050 | 1.9816884358229965 × 10^362 |
| 49 | ov_049 | 2.6628168537778528 × 10^362 |
| 48 | ov_048 | 3.5082570379168994 × 10^362 |
| 32 | lv_80_k31 | 4.218665546252341 × 10^362 |
| 47 | ov_047 | 4.542880373633518 × 10^362 |
| 46 | ov_046 | 5.7933785026989425 × 10^362 |
| 45 | ov_045 | 7.288288945207465 × 10^362 |
| 44 | ov_044 | 9.058027970130947 × 10^362 |
| 43 | ov_043 | 1.1119249571321212 × 10^363 |
| 31 | ov_031 | 1.3094516138213862 × 10^363 |
| 42 | ov_042 | 1.3489607628317264 × 10^363 |
| 41 | ov_041 | 1.6187790310500058 × 10^363 |
| 40 | ov_040 | 1.923356140073217 × 10^363 |
| 39 | ov_039 | 2.264780942342118 × 10^363 |
| 38 | ov_038 | 2.6452605519058124 × 10^363 |
| 37 | ov_037 | 3.0671271065896346 × 10^363 |
| 36 | ov_036 | 3.532845610990887 × 10^363 |
| 35 | ov_035 | 4.045022972690496 × 10^363 |
| 34 | ov_034 | 4.6064183506168427 × 10^363 |
| 33 | ov_033 | 5.219954941373178 × 10^363 |
| 30 | ov_030 | 1.0987790272834823 × 10^364 |
| 29 | ov_029 | 3.985525299715813 × 10^364 |
| 28 | ov_028 | 1.1354271660134625 × 10^365 |
| 27 | ov_027 | 2.7273187577388353 × 10^365 |
| 26 | ov_026 | 5.7640100820249776 × 10^365 |
| 25 | ov_025 | 1.1024386484851943 × 10^366 |
| 24 | ov_024 | 1.9476441372367615 × 10^366 |
| 23 | ov_023 | 3.174601843394769 × 10^366 |
| 22 | ov_022 | 4.855356067579025 × 10^366 |
| 21 | ov_021 | 7.071417375523513 × 10^366 |
| 20 | ov_020 | 9.913774398913118 × 10^366 |
| 19 | ov_019 | 1.3482913977849375 × 10^367 |
| 18 | ov_018 | 1.7888853222041185 × 10^367 |
| 17 | ov_017 | 2.325118777077419 × 10^367 |
| 16 | ov_016 | 2.981875687415983 × 10^367 |
| 15 | ov_015 | 3.785979203613966 × 10^367 |
| 14 | ov_014 | 4.7662142895897305 × 10^367 |
| 13 | ov_013 | 5.953357672582756 × 10^367 |
| 12 | ov_012 | 7.380216644713652 × 10^367 |
| 11 | ov_011 | 9.081678348235689 × 10^367 |
| 10 | ov_010 | 1.1094771318954418 × 10^368 |
| 9 | ov_009 | 1.3439683072819041 × 10^368 |
| 8 | ov_008 | 1.613778081489174 × 10^368 |
| 7 | ov_007 | 1.9211671540962877 × 10^368 |
| 6 | ov_006 | 2.268527299483057 × 10^368 |
| 5 | ov_005 | 2.6583896295039254 × 10^368 |
| 4 | ov_004 | 3.0934340937590567 × 10^368 |
| 3 | ov_003 | 3.576500292258145 × 10^368 |
| 2 | ov_002 | 4.110599679582787 × 10^368 |
| 1 | ov_001 | 4.698929244161054 × 10^368 |

