# Results for F001-F002-F003-F004-F005-F006-F007-F008-F009-F010-F011-F012-F013-F014-F015-F016-F017-F018-F019-F020-F021-F022-F023-F024-F025-F026-F027-F028-F029-F030-F031-F032-F033-F034-F035-F036-F037-F038-F039-F040-F041-F042-F043-F044-F045-F046-F047-F048-F049-F050-F051-F052-F053-F054-F055-F056-F057-F058-F059-F060-F061-F062-F063-F064-F065-F066-F067-F068-F069-F070-F071-F072-F073-F074-F075-F076-F077-F078-F079-F080-F081-F082-F083-F084-F085-F086-F087-F088-F089-F090-F091-F092-F093-F094-F095-F096-F097-F098-F099-F100-F101-F102-F103-F104-F105-F106-F107-F108-F109-F110-F111-F112-F113-F114-F115-F116-F117-F118-F119-F120-F121-F122-F123-F124-F125-F126-F127-F128-F129-F130-F131-F132-F133-F134-F135-F136-F137-F138-F139-F140-F141-F142-F143-F144-F145-F146-F147-F148-F149-F150-F151-F152-F153-F154-F155-F156-F157-F158-F159-F160-F161-F162-F163-F164-F165-F166-F167-F168-F169-F170-F171-F172-F173-F174-F175-F176-F177-F178-F179-F180-F181-F182-F183-F184-F185-F186-F187-F188-F189-F190-F191-F192-F193-F194-F195-F196-F197-F198-F199-F200-F201-F202-F203-F204-F205-F206-F207-F208-F209-F210-F211-F212-F213-F214-F215-F216-F217-F218-F219-F220-F221-F222-F223-F224-F225-F226-F227-F228-F229-F230-F231-F232-F233-F234-F235-F236-F237-F238-F239-F240-F241-F242-F243-F244-F245-F246-F247-F248-F249-F250-F251-F252-F253-F254-F255-F256-F257-F258-F259-F260-F261-F262-F263-F264-F265-F266-F267-F268-F269-F270-F271-F272-F273-F274-F275-F276-F277-F278-F279-F280-F281-F282-F283-F284-F285-F286-F287-F288-F289-F290-F291-F292-F293-F294-F295-F296-F297-F298-F299-F300-F301-F302-F303-F304-F305-F306-F307-F308-F309-F310-F311-F312-F313-F314-F315-F316-F317-F318-F319-F320-F321-F322-F323-F324-F325-F326-F327-F328-F329-F330-F331-F332-F333-F334-F335-F336-F337-F338-F339-F340-F341-F342-F343-F344-F345-F346-F347-F348-F349-F350-F351-F352-F353-F354-F355-F356-F357-F358-F359-F360-F361-F362-F363-F364-F365-F366-F367-F368-F369-F370-F371-F372-F373-F374-F375-F376-F377-F378-F379-F380-F381-F382-F383-F384-F385-F386-F387-F388-F389-F390-F391-F392-F393-F394-F395-F396-F397-F398-F399-F400-F401-F402-F403-F404-F405-F406-F407-F408-F409-F410-F411-F412-F413-F414-F415-F416-F417-F418-F419-F420-F421-F422-F423-F424-F425-F426-F427-F428-F429-F430-F431-F432-F433-F434-F435-F436-F437-F438-F439-F440-F441-F442-F443-F444-F445-F446-F447-F448-F449-F450-F451-F452-F453-F454-F455-F456-F457-F458-F459-F460-F461-F462-F463-F464-F465-F466-F467-F468-F469-F470-F471-F472-F473-F474-F475-F476-F477-F478-F479-F480-F481-F482-F483-F484-F485-F486-F487-F488-F489-F490-F491-F492-F493-F494-F495-F496-F497-F498-F499-F500-F501-F502-F503-F504-E508511

## Summary

Number of input bits: 512  
Number of free input bits: 7  
Number of output bits: 160

Number of direct occurrences: 28874  
Number of assignments: 30658  
Number of operations: 10913105
(xor: 10882865,
and: 17373,
or: 12867)

Total complexity: 2.217099253926905 × 10^297

Least occurring input variable: iv_505 (3982)  
Most occurring input variable: iv_508 (4342)

Most co-occurring input variables: iv_508-iv_512 (2068)  
Least co-occurring input variables: iv_505-iv_506 (1790)

Potentially most occurring input variable: iv_505/iv_512 (4572)  
Potentially least occurring input variable: iv_506/iv_507 (4142)

Least output occurring input variable: iv_507 (72)  
Most output occurring input variable: iv_506 (82)

Most output co-occurring input variables: iv_506-iv_512 (45)  
Least output co-occurring input variables: iv_507-iv_508 (31)

Potentially most output occurring input variable: iv_508/iv_510 (91)  
Potentially least output occurring input variable: iv_508/iv_509 (68)

Least complex input bit: iv_505 (4.2518313195952837 × 10^295)  
Most complex input bit: iv_510 (6.4258699371096815 × 10^296)

Least complex output bit: aaa_76_29 (3.406312342828762 × 10^272)  
Most complex output bit: ov_001 (3.4532882293678082 × 10^296)

Least complex input/output complexity: iv_505/aaa_76_29 (6.532438941518299 × 10^270)  
Most complex input/output complexity: iv_510/ov_001 (1.0008744975203928 × 10^296)

Input variable with highest collision probability: iv_508 (½^160.00000000000023)

## Input Bits

### Input Bits in Regular Order

| Input Bit | Complexity | Occurrences | Output Occurrences | Collision Probability |
|:---------:|:----------:|:-----------:|:------------------:|:---------------------:|
| iv_505 | 4.2518313195952837 × 10^295 | 3982 | 79 | ½^160.00000000000074 |
| iv_506 | 9.240902989203114 × 10^295 | 4009 | 82 | ½^160.00000000000077 |
| iv_507 | 1.7387508839733462 × 10^296 | 4055 | 72 | ½^160.00000000000068 |
| iv_508 | 5.33436945724083 × 10^296 | 4342 | 74 | ½^160.00000000000023 |
| iv_509 | 4.452937190891518 × 10^296 | 4048 | 78 | ½^160.00000000000077 |
| iv_510 | 6.4258699371096815 × 10^296 | 4162 | 79 | ½^160.00000000000065 |
| iv_512 | 2.8697916391738773 × 10^296 | 4276 | 78 | ½^160.00000000000094 |

### Input Bits Sorted by Complexity

| Input Bit | Complexity | Occurrences | Output Occurrences | Collision Probability |
|:---------:|:----------:|:-----------:|:------------------:|:---------------------:|
| iv_505 | 4.2518313195952837 × 10^295 | 3982 | 79 | ½^160.00000000000074 |
| iv_506 | 9.240902989203114 × 10^295 | 4009 | 82 | ½^160.00000000000077 |
| iv_507 | 1.7387508839733462 × 10^296 | 4055 | 72 | ½^160.00000000000068 |
| iv_512 | 2.8697916391738773 × 10^296 | 4276 | 78 | ½^160.00000000000094 |
| iv_509 | 4.452937190891518 × 10^296 | 4048 | 78 | ½^160.00000000000077 |
| iv_508 | 5.33436945724083 × 10^296 | 4342 | 74 | ½^160.00000000000023 |
| iv_510 | 6.4258699371096815 × 10^296 | 4162 | 79 | ½^160.00000000000065 |

### Input Bits Sorted by Occurrences

| Input Bit | Complexity | Occurrences | Output Occurrences | Collision Probability |
|:---------:|:----------:|:-----------:|:------------------:|:---------------------:|
| iv_505 | 4.2518313195952837 × 10^295 | 3982 | 79 | ½^160.00000000000074 |
| iv_506 | 9.240902989203114 × 10^295 | 4009 | 82 | ½^160.00000000000077 |
| iv_509 | 4.452937190891518 × 10^296 | 4048 | 78 | ½^160.00000000000077 |
| iv_507 | 1.7387508839733462 × 10^296 | 4055 | 72 | ½^160.00000000000068 |
| iv_510 | 6.4258699371096815 × 10^296 | 4162 | 79 | ½^160.00000000000065 |
| iv_512 | 2.8697916391738773 × 10^296 | 4276 | 78 | ½^160.00000000000094 |
| iv_508 | 5.33436945724083 × 10^296 | 4342 | 74 | ½^160.00000000000023 |

### Input Bits Sorted by Output Occurrences

| Input Bit | Complexity | Occurrences | Output Occurrences | Collision Probability |
|:---------:|:----------:|:-----------:|:------------------:|:---------------------:|
| iv_507 | 1.7387508839733462 × 10^296 | 4055 | 72 | ½^160.00000000000068 |
| iv_508 | 5.33436945724083 × 10^296 | 4342 | 74 | ½^160.00000000000023 |
| iv_509 | 4.452937190891518 × 10^296 | 4048 | 78 | ½^160.00000000000077 |
| iv_512 | 2.8697916391738773 × 10^296 | 4276 | 78 | ½^160.00000000000094 |
| iv_505 | 4.2518313195952837 × 10^295 | 3982 | 79 | ½^160.00000000000074 |
| iv_510 | 6.4258699371096815 × 10^296 | 4162 | 79 | ½^160.00000000000065 |
| iv_506 | 9.240902989203114 × 10^295 | 4009 | 82 | ½^160.00000000000077 |

### Input Bits Sorted by Collision Probability

| Input Bit | Complexity | Occurrences | Output Occurrences | Collision Probability |
|:---------:|:----------:|:-----------:|:------------------:|:---------------------:|
| iv_508 | 5.33436945724083 × 10^296 | 4342 | 74 | ½^160.00000000000023 |
| iv_510 | 6.4258699371096815 × 10^296 | 4162 | 79 | ½^160.00000000000065 |
| iv_507 | 1.7387508839733462 × 10^296 | 4055 | 72 | ½^160.00000000000068 |
| iv_505 | 4.2518313195952837 × 10^295 | 3982 | 79 | ½^160.00000000000074 |
| iv_509 | 4.452937190891518 × 10^296 | 4048 | 78 | ½^160.00000000000077 |
| iv_506 | 9.240902989203114 × 10^295 | 4009 | 82 | ½^160.00000000000077 |
| iv_512 | 2.8697916391738773 × 10^296 | 4276 | 78 | ½^160.00000000000094 |

## Input Bit/Output Bit Collision Probabilities

| Input Bit | Output Bit | Collision Probability |
|:---------:|:----------:|:---------------------:|
| iv_510 | ov_041 | 0.5000000000000038 |
| iv_508 | ov_052 | 0.5000000000000036 |
| iv_508 | ov_031 | 0.5000000000000021 |
| iv_508 | ov_093 | 0.500000000000002 |
| iv_512 | ov_152 | 0.500000000000002 |
| iv_508 | lv_80_m31 | 0.5000000000000019 |
| iv_508 | ov_003 | 0.5000000000000018 |

## Input Bit Co-occurrences

### Input Bit Co-occurrences Sorted by Co-occurrences

| Input Bits | Co-occurrences | Potential Occurrences | Output Co-occurrences | Potential Output Occurrences |
|:----------:|:--------------:|:---------------------:|:---------------------:|:----------------------------:|
| iv_508-iv_512 | 2068 | 4482 | 34 | 84 |
| iv_508-iv_510 | 2015 | 4474 | 31 | 91 |
| iv_510-iv_512 | 1995 | 4448 | 42 | 73 |
| iv_509-iv_512 | 1981 | 4362 | 37 | 82 |
| iv_506-iv_507 | 1961 | 4142 | 39 | 76 |
| iv_508-iv_509 | 1952 | 4486 | 42 | 68 |
| iv_507-iv_508 | 1952 | 4493 | 31 | 84 |

### Input Bit Co-occurrences Sorted by Potential Occurrences

| Input Bits | Co-occurrences | Potential Occurrences | Output Co-occurrences | Potential Output Occurrences |
|:----------:|:--------------:|:---------------------:|:---------------------:|:----------------------------:|
| iv_506-iv_507 | 1961 | 4142 | 39 | 76 |
| iv_506-iv_509 | 1910 | 4237 | 43 | 74 |
| iv_506-iv_510 | 1946 | 4279 | 44 | 73 |
| iv_507-iv_509 | 1893 | 4317 | 36 | 78 |
| iv_505-iv_507 | 1857 | 4323 | 33 | 85 |
| iv_505-iv_509 | 1849 | 4332 | 37 | 83 |
| iv_509-iv_510 | 1934 | 4342 | 37 | 83 |

### Input Bit Output Co-occurrences Sorted by Output Co-occurrences

| Input Bits | Co-occurrences | Potential Occurrences | Output Co-occurrences | Potential Output Occurrences |
|:----------:|:--------------:|:---------------------:|:---------------------:|:----------------------------:|
| iv_506-iv_512 | 1951 | 4383 | 45 | 70 |
| iv_506-iv_510 | 1946 | 4279 | 44 | 73 |
| iv_506-iv_509 | 1910 | 4237 | 43 | 74 |
| iv_510-iv_512 | 1995 | 4448 | 42 | 73 |
| iv_508-iv_509 | 1952 | 4486 | 42 | 68 |
| iv_506-iv_507 | 1961 | 4142 | 39 | 76 |
| iv_505-iv_510 | 1884 | 4376 | 39 | 80 |

### Input Bit Output Co-occurrences Sorted by Potential Output Occurrences

| Input Bits | Co-occurrences | Potential Occurrences | Output Co-occurrences | Potential Output Occurrences |
|:----------:|:--------------:|:---------------------:|:---------------------:|:----------------------------:|
| iv_508-iv_509 | 1952 | 4486 | 42 | 68 |
| iv_506-iv_512 | 1951 | 4383 | 45 | 70 |
| iv_506-iv_510 | 1946 | 4279 | 44 | 73 |
| iv_510-iv_512 | 1995 | 4448 | 42 | 73 |
| iv_506-iv_509 | 1910 | 4237 | 43 | 74 |
| iv_506-iv_507 | 1961 | 4142 | 39 | 76 |
| iv_507-iv_510 | 1924 | 4369 | 37 | 77 |

## Output Bits

### Output Bits in Regular Order

| Rank | Output Bit | Complexity |
|:----:|:----------:|:----------:|
| 1 | ov_001 | 3.4532882293678082 × 10^296 |
| 2 | ov_002 | 3.0183298358349533 × 10^296 |
| 3 | ov_003 | 2.6225618255198258 × 10^296 |
| 4 | ov_004 | 2.264177509673869 × 10^296 |
| 5 | ov_005 | 1.941469198770352 × 10^296 |
| 6 | ov_006 | 1.6528211445278706 × 10^296 |
| 7 | ov_007 | 1.3967034148549611 × 10^296 |
| 8 | ov_008 | 1.171666596118926 × 10^296 |
| 9 | ov_009 | 9.750357673456948 × 10^295 |
| 10 | ov_010 | 8.042766436237172 × 10^295 |
| 11 | ov_011 | 6.569893063507099 × 10^295 |
| 12 | ov_012 | 5.309028906092442 × 10^295 |
| 13 | ov_013 | 4.2387115013637036 × 10^295 |
| 14 | ov_014 | 3.3386882518340805 × 10^295 |
| 15 | ov_015 | 2.5898874332548317 × 10^295 |
| 16 | ov_016 | 1.9743958129821924 × 10^295 |
| 17 | ov_017 | 1.4754420110870968 × 10^295 |
| 18 | ov_018 | 1.0773846054983294 × 10^295 |
| 19 | ov_019 | 7.657040023933558 × 10^294 |
| 20 | ov_020 | 5.2699718559187816 × 10^294 |
| 21 | ov_021 | 3.489745511697387 × 10^294 |
| 22 | ov_022 | 2.2045812593193137 × 10^294 |
| 23 | ov_023 | 1.3138058729363049 × 10^294 |
| 24 | ov_024 | 7.278468900435251 × 10^293 |
| 25 | ov_025 | 3.6822902413337686 × 10^293 |
| 26 | ov_026 | 1.6757200953852092 × 10^293 |
| 27 | ov_027 | 6.958944301142049 × 10^292 |
| 28 | ov_028 | 2.9088245393587223 × 10^292 |
| 29 | ov_029 | 1.196845564818981 × 10^292 |
| 30 | ov_030 | 3.953360351480233 × 10^291 |
| 31 | ov_031 | 9.554155846639831 × 10^290 |
| 32 | lv_80_m31 | 2.308272780589953 × 10^290 |
| 33 | ov_033 | 2.785671319044546 × 10^291 |
| 34 | ov_034 | 2.4111687635343215 × 10^291 |
| 35 | ov_035 | 2.0757012912131716 × 10^291 |
| 36 | ov_036 | 1.777388945382437 × 10^291 |
| 37 | ov_037 | 1.5144551949621135 × 10^291 |
| 38 | ov_038 | 1.2836279168803098 × 10^291 |
| 39 | ov_039 | 1.0818078098298897 × 10^291 |
| 40 | ov_040 | 9.060578261945208 × 10^290 |
| 41 | ov_041 | 7.535941342723859 × 10^290 |
| 42 | ov_042 | 6.2177844484212455 × 10^290 |
| 43 | ov_043 | 5.081115464874723 × 10^290 |
| 44 | ov_044 | 4.10227911936605 × 10^290 |
| 45 | ov_045 | 3.25891263041389 × 10^290 |
| 46 | ov_046 | 2.540152754278864 × 10^290 |
| 47 | ov_047 | 1.9357566486366736 × 10^290 |
| 48 | ov_048 | 1.4360894220342663 × 10^290 |
| 49 | ov_049 | 1.0321145994808083 × 10^290 |
| 50 | ov_050 | 7.153870200808558 × 10^289 |
| 51 | ov_051 | 4.780477237420601 × 10^289 |
| 52 | ov_052 | 3.061245108604256 × 10^289 |
| 53 | ov_053 | 1.8680452637756442 × 10^289 |
| 54 | ov_054 | 1.0843208004855255 × 10^289 |
| 55 | ov_055 | 6.05074634454865 × 10^288 |
| 56 | ov_056 | 3.368633554634272 × 10^288 |
| 57 | ov_057 | 1.9779389979612877 × 10^288 |
| 58 | ov_058 | 1.1752164836217467 × 10^288 |
| 59 | ov_059 | 6.3761230735814926 × 10^287 |
| 60 | ov_060 | 3.073925132828298 × 10^287 |
| 61 | ov_061 | 1.2682359997087694 × 10^287 |
| 62 | ov_062 | 4.2007080147243594 × 10^286 |
| 63 | ov_063 | 1.0180672531694109 × 10^286 |
| 64 | lv_79_m31 | 2.4658979072319978 × 10^285 |
| 65 | ov_065 | 2.918405957797541 × 10^286 |
| 66 | ov_066 | 2.918398909180697 × 10^286 |
| 67 | ov_067 | 2.9183966249211065 × 10^286 |
| 68 | ov_068 | 2.534906997698766 × 10^286 |
| 69 | ov_069 | 2.18826803450048 × 10^286 |
| 70 | ov_070 | 1.8766554249822956 × 10^286 |
| 71 | ov_071 | 1.5983575448512594 × 10^286 |
| 72 | ov_072 | 1.3517677538253003 × 10^286 |
| 73 | ov_073 | 1.1353773611745376 × 10^286 |
| 74 | ov_074 | 9.464378257876707 × 10^285 |
| 75 | ov_075 | 7.823668604294607 × 10^285 |
| 76 | ov_076 | 6.4073849512052 × 10^285 |
| 77 | ov_077 | 5.192741807200016 × 10^285 |
| 78 | ov_078 | 4.158348721529957 × 10^285 |
| 79 | ov_079 | 3.2841403180328885 × 10^285 |
| 80 | ov_080 | 2.5513149441087208 × 10^285 |
| 81 | ov_081 | 1.942281354170272 × 10^285 |
| 82 | ov_082 | 1.4485403466995486 × 10^285 |
| 83 | ov_083 | 1.0547907999031458 × 10^285 |
| 84 | ov_084 | 7.468245069436272 × 10^284 |
| 85 | ov_085 | 5.114992587455343 × 10^284 |
| 86 | ov_086 | 3.3671710006171173 × 10^284 |
| 87 | ov_087 | 2.1140718941592225 × 10^284 |
| 88 | ov_088 | 1.2551269372437735 × 10^284 |
| 89 | ov_089 | 6.998114850639072 × 10^283 |
| 90 | ov_090 | 3.675771465713618 × 10^283 |
| 91 | ov_091 | 1.878076279110194 × 10^283 |
| 92 | ov_092 | 9.979220911839361 × 10^282 |
| 93 | ov_093 | 5.271149082683302 × 10^282 |
| 94 | ov_094 | 2.3627428360075356 × 10^282 |
| 95 | aaa_78_28 | 7.599244314888231 × 10^281 |
| 96 | aaa_78_29 | 2.8792955628498782 × 10^281 |
| 97 | ov_097 | 3.1361318404756473 × 10^281 |
| 98 | ov_098 | 3.1360370352323094 × 10^281 |
| 99 | ov_099 | 3.136006756273642 × 10^281 |
| 100 | ov_100 | 2.822323553851065 × 10^281 |
| 101 | ov_101 | 2.5317726086581595 × 10^281 |
| 102 | ov_102 | 2.26308163411241 × 10^281 |
| 103 | ov_103 | 2.0150718685390715 × 10^281 |
| 104 | ov_104 | 1.7866459092321375 × 10^281 |
| 105 | ov_105 | 1.5767766571371887 × 10^281 |
| 106 | ov_106 | 1.3844973120881835 × 10^281 |
| 107 | ov_107 | 1.2088923611606926 × 10^281 |
| 108 | ov_108 | 1.049089504873714 × 10^281 |
| 109 | ov_109 | 9.042524677379143 × 10^280 |
| 110 | ov_110 | 7.73574641062986 × 10^280 |
| 111 | ov_111 | 6.562735070501585 × 10^280 |
| 112 | ov_112 | 5.515857940535685 × 10^280 |
| 113 | ov_113 | 4.587633135392219 × 10^280 |
| 114 | ov_114 | 3.770694297401205 × 10^280 |
| 115 | ov_115 | 3.0577611333358676 × 10^280 |
| 116 | ov_116 | 2.4416153068523284 × 10^280 |
| 117 | ov_117 | 1.9150812034199287 × 10^280 |
| 118 | ov_118 | 1.4710110853703403 × 10^280 |
| 119 | ov_119 | 1.102274155123853 × 10^280 |
| 120 | ov_120 | 8.01749044865433 × 10^279 |
| 121 | ov_121 | 5.623192510472555 × 10^279 |
| 122 | ov_122 | 3.768708145335657 × 10^279 |
| 123 | ov_123 | 2.382912323863612 × 10^279 |
| 124 | ov_124 | 1.3946882414730904 × 10^279 |
| 125 | ov_125 | 7.329231574808459 × 10^278 |
| 126 | ov_126 | 3.2650599961525815 × 10^278 |
| 127 | aaa_77_28 | 1.0432622919743792 × 10^278 |
| 128 | aaa_77_29 | 3.913043760345591 × 10^277 |
| 129 | ov_129 | 3.5894740316190396 × 10^277 |
| 130 | ov_130 | 3.589465734594067 × 10^277 |
| 131 | ov_131 | 3.589463064312085 × 10^277 |
| 132 | ov_132 | 3.116807471948332 × 10^277 |
| 133 | ov_133 | 2.6895116747260557 × 10^277 |
| 134 | ov_134 | 2.3055717348169246 × 10^277 |
| 135 | ov_135 | 1.963098474851024 × 10^277 |
| 136 | ov_136 | 1.6603088881544787 × 10^277 |
| 137 | ov_137 | 1.3939259009164804 × 10^277 |
| 138 | ov_138 | 1.1608502803748702 × 10^277 |
| 139 | ov_139 | 9.581497664107383 × 10^276 |
| 140 | ov_140 | 7.830497815260759 × 10^276 |
| 141 | ov_141 | 6.32925591870017 × 10^276 |
| 142 | ov_142 | 5.052957691159969 × 10^276 |
| 143 | ov_143 | 3.97816801860012 × 10^276 |
| 144 | ov_144 | 3.0827871458338997 × 10^276 |
| 145 | ov_145 | 2.3460156148918962 × 10^276 |
| 146 | ov_146 | 1.748326717115023 × 10^276 |
| 147 | ov_147 | 1.2714453153625827 × 10^276 |
| 148 | ov_148 | 8.983319837906496 × 10^275 |
| 149 | ov_149 | 6.131715035318445 × 10^275 |
| 150 | ov_150 | 4.013648433733878 × 10^275 |
| 151 | ov_151 | 2.4952384523434293 × 10^275 |
| 152 | ov_152 | 1.4546792491108789 × 10^275 |
| 153 | ov_153 | 7.822218920666819 × 10^274 |
| 154 | ov_154 | 3.8016461193960425 × 10^274 |
| 155 | ov_155 | 1.628480921687604 × 10^274 |
| 156 | aaa_76_25 | 5.665326365132033 × 10^273 |
| 157 | aaa_76_26 | 3.489205944900268 × 10^273 |
| 158 | aaa_76_27 | 1.9149977411469787 × 10^273 |
| 159 | aaa_76_28 | 9.035224084290858 × 10^272 |
| 160 | aaa_76_29 | 3.406312342828762 × 10^272 |

### Output Bits Sorted by Complexity

| Rank | Output Bit | Complexity |
|:----:|:----------:|:----------:|
| 160 | aaa_76_29 | 3.406312342828762 × 10^272 |
| 159 | aaa_76_28 | 9.035224084290858 × 10^272 |
| 158 | aaa_76_27 | 1.9149977411469787 × 10^273 |
| 157 | aaa_76_26 | 3.489205944900268 × 10^273 |
| 156 | aaa_76_25 | 5.665326365132033 × 10^273 |
| 155 | ov_155 | 1.628480921687604 × 10^274 |
| 154 | ov_154 | 3.8016461193960425 × 10^274 |
| 153 | ov_153 | 7.822218920666819 × 10^274 |
| 152 | ov_152 | 1.4546792491108789 × 10^275 |
| 151 | ov_151 | 2.4952384523434293 × 10^275 |
| 150 | ov_150 | 4.013648433733878 × 10^275 |
| 149 | ov_149 | 6.131715035318445 × 10^275 |
| 148 | ov_148 | 8.983319837906496 × 10^275 |
| 147 | ov_147 | 1.2714453153625827 × 10^276 |
| 146 | ov_146 | 1.748326717115023 × 10^276 |
| 145 | ov_145 | 2.3460156148918962 × 10^276 |
| 144 | ov_144 | 3.0827871458338997 × 10^276 |
| 143 | ov_143 | 3.97816801860012 × 10^276 |
| 142 | ov_142 | 5.052957691159969 × 10^276 |
| 141 | ov_141 | 6.32925591870017 × 10^276 |
| 140 | ov_140 | 7.830497815260759 × 10^276 |
| 139 | ov_139 | 9.581497664107383 × 10^276 |
| 138 | ov_138 | 1.1608502803748702 × 10^277 |
| 137 | ov_137 | 1.3939259009164804 × 10^277 |
| 136 | ov_136 | 1.6603088881544787 × 10^277 |
| 135 | ov_135 | 1.963098474851024 × 10^277 |
| 134 | ov_134 | 2.3055717348169246 × 10^277 |
| 133 | ov_133 | 2.6895116747260557 × 10^277 |
| 132 | ov_132 | 3.116807471948332 × 10^277 |
| 131 | ov_131 | 3.589463064312085 × 10^277 |
| 130 | ov_130 | 3.589465734594067 × 10^277 |
| 129 | ov_129 | 3.5894740316190396 × 10^277 |
| 128 | aaa_77_29 | 3.913043760345591 × 10^277 |
| 127 | aaa_77_28 | 1.0432622919743792 × 10^278 |
| 126 | ov_126 | 3.2650599961525815 × 10^278 |
| 125 | ov_125 | 7.329231574808459 × 10^278 |
| 124 | ov_124 | 1.3946882414730904 × 10^279 |
| 123 | ov_123 | 2.382912323863612 × 10^279 |
| 122 | ov_122 | 3.768708145335657 × 10^279 |
| 121 | ov_121 | 5.623192510472555 × 10^279 |
| 120 | ov_120 | 8.01749044865433 × 10^279 |
| 119 | ov_119 | 1.102274155123853 × 10^280 |
| 118 | ov_118 | 1.4710110853703403 × 10^280 |
| 117 | ov_117 | 1.9150812034199287 × 10^280 |
| 116 | ov_116 | 2.4416153068523284 × 10^280 |
| 115 | ov_115 | 3.0577611333358676 × 10^280 |
| 114 | ov_114 | 3.770694297401205 × 10^280 |
| 113 | ov_113 | 4.587633135392219 × 10^280 |
| 112 | ov_112 | 5.515857940535685 × 10^280 |
| 111 | ov_111 | 6.562735070501585 × 10^280 |
| 110 | ov_110 | 7.73574641062986 × 10^280 |
| 109 | ov_109 | 9.042524677379143 × 10^280 |
| 108 | ov_108 | 1.049089504873714 × 10^281 |
| 107 | ov_107 | 1.2088923611606926 × 10^281 |
| 106 | ov_106 | 1.3844973120881835 × 10^281 |
| 105 | ov_105 | 1.5767766571371887 × 10^281 |
| 104 | ov_104 | 1.7866459092321375 × 10^281 |
| 103 | ov_103 | 2.0150718685390715 × 10^281 |
| 102 | ov_102 | 2.26308163411241 × 10^281 |
| 101 | ov_101 | 2.5317726086581595 × 10^281 |
| 100 | ov_100 | 2.822323553851065 × 10^281 |
| 96 | aaa_78_29 | 2.8792955628498782 × 10^281 |
| 99 | ov_099 | 3.136006756273642 × 10^281 |
| 98 | ov_098 | 3.1360370352323094 × 10^281 |
| 97 | ov_097 | 3.1361318404756473 × 10^281 |
| 95 | aaa_78_28 | 7.599244314888231 × 10^281 |
| 94 | ov_094 | 2.3627428360075356 × 10^282 |
| 93 | ov_093 | 5.271149082683302 × 10^282 |
| 92 | ov_092 | 9.979220911839361 × 10^282 |
| 91 | ov_091 | 1.878076279110194 × 10^283 |
| 90 | ov_090 | 3.675771465713618 × 10^283 |
| 89 | ov_089 | 6.998114850639072 × 10^283 |
| 88 | ov_088 | 1.2551269372437735 × 10^284 |
| 87 | ov_087 | 2.1140718941592225 × 10^284 |
| 86 | ov_086 | 3.3671710006171173 × 10^284 |
| 85 | ov_085 | 5.114992587455343 × 10^284 |
| 84 | ov_084 | 7.468245069436272 × 10^284 |
| 83 | ov_083 | 1.0547907999031458 × 10^285 |
| 82 | ov_082 | 1.4485403466995486 × 10^285 |
| 81 | ov_081 | 1.942281354170272 × 10^285 |
| 64 | lv_79_m31 | 2.4658979072319978 × 10^285 |
| 80 | ov_080 | 2.5513149441087208 × 10^285 |
| 79 | ov_079 | 3.2841403180328885 × 10^285 |
| 78 | ov_078 | 4.158348721529957 × 10^285 |
| 77 | ov_077 | 5.192741807200016 × 10^285 |
| 76 | ov_076 | 6.4073849512052 × 10^285 |
| 75 | ov_075 | 7.823668604294607 × 10^285 |
| 74 | ov_074 | 9.464378257876707 × 10^285 |
| 63 | ov_063 | 1.0180672531694109 × 10^286 |
| 73 | ov_073 | 1.1353773611745376 × 10^286 |
| 72 | ov_072 | 1.3517677538253003 × 10^286 |
| 71 | ov_071 | 1.5983575448512594 × 10^286 |
| 70 | ov_070 | 1.8766554249822956 × 10^286 |
| 69 | ov_069 | 2.18826803450048 × 10^286 |
| 68 | ov_068 | 2.534906997698766 × 10^286 |
| 67 | ov_067 | 2.9183966249211065 × 10^286 |
| 66 | ov_066 | 2.918398909180697 × 10^286 |
| 65 | ov_065 | 2.918405957797541 × 10^286 |
| 62 | ov_062 | 4.2007080147243594 × 10^286 |
| 61 | ov_061 | 1.2682359997087694 × 10^287 |
| 60 | ov_060 | 3.073925132828298 × 10^287 |
| 59 | ov_059 | 6.3761230735814926 × 10^287 |
| 58 | ov_058 | 1.1752164836217467 × 10^288 |
| 57 | ov_057 | 1.9779389979612877 × 10^288 |
| 56 | ov_056 | 3.368633554634272 × 10^288 |
| 55 | ov_055 | 6.05074634454865 × 10^288 |
| 54 | ov_054 | 1.0843208004855255 × 10^289 |
| 53 | ov_053 | 1.8680452637756442 × 10^289 |
| 52 | ov_052 | 3.061245108604256 × 10^289 |
| 51 | ov_051 | 4.780477237420601 × 10^289 |
| 50 | ov_050 | 7.153870200808558 × 10^289 |
| 49 | ov_049 | 1.0321145994808083 × 10^290 |
| 48 | ov_048 | 1.4360894220342663 × 10^290 |
| 47 | ov_047 | 1.9357566486366736 × 10^290 |
| 32 | lv_80_m31 | 2.308272780589953 × 10^290 |
| 46 | ov_046 | 2.540152754278864 × 10^290 |
| 45 | ov_045 | 3.25891263041389 × 10^290 |
| 44 | ov_044 | 4.10227911936605 × 10^290 |
| 43 | ov_043 | 5.081115464874723 × 10^290 |
| 42 | ov_042 | 6.2177844484212455 × 10^290 |
| 41 | ov_041 | 7.535941342723859 × 10^290 |
| 40 | ov_040 | 9.060578261945208 × 10^290 |
| 31 | ov_031 | 9.554155846639831 × 10^290 |
| 39 | ov_039 | 1.0818078098298897 × 10^291 |
| 38 | ov_038 | 1.2836279168803098 × 10^291 |
| 37 | ov_037 | 1.5144551949621135 × 10^291 |
| 36 | ov_036 | 1.777388945382437 × 10^291 |
| 35 | ov_035 | 2.0757012912131716 × 10^291 |
| 34 | ov_034 | 2.4111687635343215 × 10^291 |
| 33 | ov_033 | 2.785671319044546 × 10^291 |
| 30 | ov_030 | 3.953360351480233 × 10^291 |
| 29 | ov_029 | 1.196845564818981 × 10^292 |
| 28 | ov_028 | 2.9088245393587223 × 10^292 |
| 27 | ov_027 | 6.958944301142049 × 10^292 |
| 26 | ov_026 | 1.6757200953852092 × 10^293 |
| 25 | ov_025 | 3.6822902413337686 × 10^293 |
| 24 | ov_024 | 7.278468900435251 × 10^293 |
| 23 | ov_023 | 1.3138058729363049 × 10^294 |
| 22 | ov_022 | 2.2045812593193137 × 10^294 |
| 21 | ov_021 | 3.489745511697387 × 10^294 |
| 20 | ov_020 | 5.2699718559187816 × 10^294 |
| 19 | ov_019 | 7.657040023933558 × 10^294 |
| 18 | ov_018 | 1.0773846054983294 × 10^295 |
| 17 | ov_017 | 1.4754420110870968 × 10^295 |
| 16 | ov_016 | 1.9743958129821924 × 10^295 |
| 15 | ov_015 | 2.5898874332548317 × 10^295 |
| 14 | ov_014 | 3.3386882518340805 × 10^295 |
| 13 | ov_013 | 4.2387115013637036 × 10^295 |
| 12 | ov_012 | 5.309028906092442 × 10^295 |
| 11 | ov_011 | 6.569893063507099 × 10^295 |
| 10 | ov_010 | 8.042766436237172 × 10^295 |
| 9 | ov_009 | 9.750357673456948 × 10^295 |
| 8 | ov_008 | 1.171666596118926 × 10^296 |
| 7 | ov_007 | 1.3967034148549611 × 10^296 |
| 6 | ov_006 | 1.6528211445278706 × 10^296 |
| 5 | ov_005 | 1.941469198770352 × 10^296 |
| 4 | ov_004 | 2.264177509673869 × 10^296 |
| 3 | ov_003 | 2.6225618255198258 × 10^296 |
| 2 | ov_002 | 3.0183298358349533 × 10^296 |
| 1 | ov_001 | 3.4532882293678082 × 10^296 |

