# Results for F001-F002-F003-F004-F005-F006-F007-F008-F009-F010-F011-F012-F013-F014-F015-F016-F017-F018-F019-F020-F021-F022-F023-F024-F025-F026-F027-F028-F029-F030-F031-F032-F033-F034-F035-F036-F037-F038-F039-F040-F041-F042-F043-F044-F045-F046-F047-F048-F049-F050-F051-F052-F053-F054-F055-F056-F057-F058-F059-F060-F061-F062-F063-F064-F065-F066-F067-F068-F069-F070-F071-F072-F073-F074-F075-F076-F077-F078-F079-F080-F081-F082-F083-F084-F085-F086-F087-F088-F089-F090-F091-F092-F093-F094-F095-F096-F097-F098-F099-F100-F101-F102-F103-F104-F105-F106-F107-F108-F109-F110-F111-F112-F113-F114-F115-F116-F117-F118-F119-F120-F121-F122-F123-F124-F125-F126-F127-F128-F129-F130-F131-F132-F133-F134-F135-F136-F137-F138-F139-F140-F141-F142-F143-F144-F145-F146-F147-F148-F149-F150-F151-F152-F153-F154-F155-F156-F157-F158-F159-F160-F161-F162-F163-F164-F165-F166-F167-F168-F169-F170-F171-F172-F173-F174-F175-F176-F177-F178-F179-F180-F181-F182-F183-F184-F185-F186-F187-F188-F189-F190-F191-F192-F193-F194-F195-F196-F197-F198-F199-F200-F201-F202-F203-F204-F205-F206-F207-F208-F209-F210-F211-F212-F213-F214-F215-F216-F217-F218-F219-F220-F221-F222-F223-F224-F225-F226-F227-F228-F229-F230-F231-F232-F233-F234-F235-F236-F237-F238-F239-F240-F241-F242-F243-F244-F245-F246-F247-F248-F249-F250-F251-F252-F253-F254-F255-F256-F257-F258-F259-F260-F261-F262-F263-F264-F265-F266-F267-F268-F269-F270-F271-F272-F273-F274-F275-F276-F277-F278-F279-F280-F281-F282-F283-F284-F285-F286-F287-F288-F289-F290-F291-F292-F293-F294-F295-F296-F297-F298-F299-F300-F301-F302-F303-F304-F305-F306-F307-F308-F309-F310-F311-F312-F313-F314-F315-F316-F317-F318-F319-F320-F321-F322-F323-F324-F325-F326-F327-F328-F329-F330-F331-F332-F333-F334-F335-F336-F337-F338-F339-F340-F341-F342-F343-F344-F345-F346-F347-F348-F349-F350-F351-F352-F353-F354-F355-F356-F357-F358-F359-F360-F361-F362-F363-F364-F365-F366-F367-F368-F369-F370-F371-F372-F373-F374-F375-F376-F377-F378-F379-F380-F381-F382-F383-F384-F385-F386-F387-F388-F389-F390-F391-F392-F393-F394-F395-F396-F397-F398-F399-F400-F401-F402-F403-F404-F405-F406-F407-F408-F409-F410-F411-F412-F413-F414-F415-F416-F417-F418-F419-F420-F421-F422-F423-F424-F425-F426-F427-F428-F429-F430-F431-F432-F433-F434-F435-F436-F437-F438-F439-F440-F441-F442-F443-F444-F445-F446-F447-F448-F449-F450-F451-F452-F453-F454-F455-F456-F457-F458-F459-F460-F461-F462-F463-F464-F465-F466-F467-F468-F469-F470-F471-F472-F473-F474-F475-F476-F477-F478-F479-F480-F481-F482-F483-F484-F485-F486-F487-F488-F489-F490-F491-F492-F493-F494-F495-F496-F497-F498-F499-F500-F501-E502505-E504508-E507509-F512

## Summary

Number of input bits: 512  
Number of free input bits: 7  
Number of output bits: 160

Number of direct occurrences: 29412  
Number of assignments: 31032  
Number of operations: 10949407
(xor: 10920320,
and: 15976,
or: 13111)

Total complexity: 6.878881343190765 × 10^298

Least occurring input variable: iv_506 (3982)  
Most occurring input variable: iv_507 (4400)

Most co-occurring input variables: iv_507-iv_510 (2098)  
Least co-occurring input variables: iv_504-iv_506 (1845)

Potentially most occurring input variable: iv_502/iv_507 (4653)  
Potentially least occurring input variable: iv_504/iv_511 (4262)

Least output occurring input variable: iv_510 (74)  
Most output occurring input variable: iv_502 (89)

Most output co-occurring input variables: iv_502-iv_503 (48)  
Least output co-occurring input variables: iv_504-iv_507 (29)

Potentially most output occurring input variable: iv_504/iv_507 (100)  
Potentially least output occurring input variable: iv_502/iv_503 (71)

Least complex input bit: iv_511 (1.5364813846323272 × 10^295)  
Most complex input bit: iv_507 (2.133764378497099 × 10^298)

Least complex output bit: aaa_76_29 (1.084717693090356 × 10^274)  
Most complex output bit: ov_001 (1.0934190789112209 × 10^298)

Least complex input/output complexity: iv_511/aaa_76_29 (2.422848221774351 × 10^270)  
Most complex input/output complexity: iv_507/ov_001 (3.39168327661204 × 10^297)

Input variable with highest collision probability: iv_503 (½^160.00000000000065)

## Input Bits

### Input Bits in Regular Order

| Input Bit | Complexity | Occurrences | Output Occurrences | Collision Probability |
|:---------:|:----------:|:-----------:|:------------------:|:---------------------:|
| iv_502 | 4.826841419585061 × 10^297 | 4217 | 89 | ½^160.00000000000077 |
| iv_503 | 1.506315037425336 × 10^297 | 4180 | 78 | ½^160.00000000000065 |
| iv_504 | 1.5699158944222092 × 10^298 | 4156 | 78 | ½^160.00000000000077 |
| iv_506 | 6.118872094559698 × 10^297 | 3982 | 82 | ½^160.00000000000068 |
| iv_507 | 2.133764378497099 × 10^298 | 4400 | 80 | ½^160.00000000000065 |
| iv_510 | 1.928461733729823 × 10^298 | 4265 | 74 | ½^160.0000000000008 |
| iv_511 | 1.5364813846323272 × 10^295 | 4212 | 80 | ½^160.00000000000082 |

### Input Bits Sorted by Complexity

| Input Bit | Complexity | Occurrences | Output Occurrences | Collision Probability |
|:---------:|:----------:|:-----------:|:------------------:|:---------------------:|
| iv_511 | 1.5364813846323272 × 10^295 | 4212 | 80 | ½^160.00000000000082 |
| iv_503 | 1.506315037425336 × 10^297 | 4180 | 78 | ½^160.00000000000065 |
| iv_502 | 4.826841419585061 × 10^297 | 4217 | 89 | ½^160.00000000000077 |
| iv_506 | 6.118872094559698 × 10^297 | 3982 | 82 | ½^160.00000000000068 |
| iv_504 | 1.5699158944222092 × 10^298 | 4156 | 78 | ½^160.00000000000077 |
| iv_510 | 1.928461733729823 × 10^298 | 4265 | 74 | ½^160.0000000000008 |
| iv_507 | 2.133764378497099 × 10^298 | 4400 | 80 | ½^160.00000000000065 |

### Input Bits Sorted by Occurrences

| Input Bit | Complexity | Occurrences | Output Occurrences | Collision Probability |
|:---------:|:----------:|:-----------:|:------------------:|:---------------------:|
| iv_506 | 6.118872094559698 × 10^297 | 3982 | 82 | ½^160.00000000000068 |
| iv_504 | 1.5699158944222092 × 10^298 | 4156 | 78 | ½^160.00000000000077 |
| iv_503 | 1.506315037425336 × 10^297 | 4180 | 78 | ½^160.00000000000065 |
| iv_511 | 1.5364813846323272 × 10^295 | 4212 | 80 | ½^160.00000000000082 |
| iv_502 | 4.826841419585061 × 10^297 | 4217 | 89 | ½^160.00000000000077 |
| iv_510 | 1.928461733729823 × 10^298 | 4265 | 74 | ½^160.0000000000008 |
| iv_507 | 2.133764378497099 × 10^298 | 4400 | 80 | ½^160.00000000000065 |

### Input Bits Sorted by Output Occurrences

| Input Bit | Complexity | Occurrences | Output Occurrences | Collision Probability |
|:---------:|:----------:|:-----------:|:------------------:|:---------------------:|
| iv_510 | 1.928461733729823 × 10^298 | 4265 | 74 | ½^160.0000000000008 |
| iv_503 | 1.506315037425336 × 10^297 | 4180 | 78 | ½^160.00000000000065 |
| iv_504 | 1.5699158944222092 × 10^298 | 4156 | 78 | ½^160.00000000000077 |
| iv_507 | 2.133764378497099 × 10^298 | 4400 | 80 | ½^160.00000000000065 |
| iv_511 | 1.5364813846323272 × 10^295 | 4212 | 80 | ½^160.00000000000082 |
| iv_506 | 6.118872094559698 × 10^297 | 3982 | 82 | ½^160.00000000000068 |
| iv_502 | 4.826841419585061 × 10^297 | 4217 | 89 | ½^160.00000000000077 |

### Input Bits Sorted by Collision Probability

| Input Bit | Complexity | Occurrences | Output Occurrences | Collision Probability |
|:---------:|:----------:|:-----------:|:------------------:|:---------------------:|
| iv_503 | 1.506315037425336 × 10^297 | 4180 | 78 | ½^160.00000000000065 |
| iv_507 | 2.133764378497099 × 10^298 | 4400 | 80 | ½^160.00000000000065 |
| iv_506 | 6.118872094559698 × 10^297 | 3982 | 82 | ½^160.00000000000068 |
| iv_502 | 4.826841419585061 × 10^297 | 4217 | 89 | ½^160.00000000000077 |
| iv_504 | 1.5699158944222092 × 10^298 | 4156 | 78 | ½^160.00000000000077 |
| iv_510 | 1.928461733729823 × 10^298 | 4265 | 74 | ½^160.0000000000008 |
| iv_511 | 1.5364813846323272 × 10^295 | 4212 | 80 | ½^160.00000000000082 |

## Input Bit/Output Bit Collision Probabilities

| Input Bit | Output Bit | Collision Probability |
|:---------:|:----------:|:---------------------:|
| iv_504 | ov_133 | 0.5000000000000036 |
| iv_504 | ov_092 | 0.5000000000000024 |
| iv_503 | ov_153 | 0.5000000000000019 |
| iv_502 | ov_132 | 0.5000000000000018 |
| iv_503 | ov_020 | 0.5000000000000018 |
| iv_503 | ov_049 | 0.5000000000000018 |
| iv_506 | ov_034 | 0.5000000000000018 |

## Input Bit Co-occurrences

### Input Bit Co-occurrences Sorted by Co-occurrences

| Input Bits | Co-occurrences | Potential Occurrences | Output Co-occurrences | Potential Output Occurrences |
|:----------:|:--------------:|:---------------------:|:---------------------:|:----------------------------:|
| iv_507-iv_510 | 2098 | 4469 | 36 | 82 |
| iv_507-iv_511 | 2068 | 4476 | 40 | 80 |
| iv_510-iv_511 | 2059 | 4359 | 39 | 76 |
| iv_504-iv_511 | 2053 | 4262 | 39 | 80 |
| iv_503-iv_507 | 2027 | 4526 | 33 | 92 |
| iv_504-iv_510 | 2026 | 4369 | 38 | 76 |
| iv_502-iv_511 | 2013 | 4403 | 45 | 79 |

### Input Bit Co-occurrences Sorted by Potential Occurrences

| Input Bits | Co-occurrences | Potential Occurrences | Output Co-occurrences | Potential Output Occurrences |
|:----------:|:--------------:|:---------------------:|:---------------------:|:----------------------------:|
| iv_504-iv_511 | 2053 | 4262 | 39 | 80 |
| iv_510-iv_511 | 2059 | 4359 | 39 | 76 |
| iv_504-iv_510 | 2026 | 4369 | 38 | 76 |
| iv_503-iv_511 | 2008 | 4376 | 37 | 84 |
| iv_503-iv_506 | 1885 | 4392 | 38 | 84 |
| iv_502-iv_504 | 1987 | 4399 | 44 | 79 |
| iv_502-iv_511 | 2013 | 4403 | 45 | 79 |

### Input Bit Output Co-occurrences Sorted by Output Co-occurrences

| Input Bits | Co-occurrences | Potential Occurrences | Output Co-occurrences | Potential Output Occurrences |
|:----------:|:--------------:|:---------------------:|:---------------------:|:----------------------------:|
| iv_502-iv_503 | 1935 | 4527 | 48 | 71 |
| iv_502-iv_511 | 2013 | 4403 | 45 | 79 |
| iv_502-iv_504 | 1987 | 4399 | 44 | 79 |
| iv_502-iv_510 | 1959 | 4564 | 42 | 79 |
| iv_506-iv_507 | 1981 | 4420 | 42 | 78 |
| iv_504-iv_506 | 1845 | 4448 | 42 | 76 |
| iv_502-iv_506 | 1865 | 4469 | 41 | 89 |

### Input Bit Output Co-occurrences Sorted by Potential Output Occurrences

| Input Bits | Co-occurrences | Potential Occurrences | Output Co-occurrences | Potential Output Occurrences |
|:----------:|:--------------:|:---------------------:|:---------------------:|:----------------------------:|
| iv_502-iv_503 | 1935 | 4527 | 48 | 71 |
| iv_503-iv_510 | 2007 | 4431 | 38 | 76 |
| iv_510-iv_511 | 2059 | 4359 | 39 | 76 |
| iv_504-iv_506 | 1845 | 4448 | 42 | 76 |
| iv_504-iv_510 | 2026 | 4369 | 38 | 76 |
| iv_506-iv_507 | 1981 | 4420 | 42 | 78 |
| iv_502-iv_510 | 1959 | 4564 | 42 | 79 |

## Output Bits

### Output Bits in Regular Order

| Rank | Output Bit | Complexity |
|:----:|:----------:|:----------:|
| 1 | ov_001 | 1.0934190789112209 × 10^298 |
| 2 | ov_002 | 9.506495961466187 × 10^297 |
| 3 | ov_003 | 8.217166149335005 × 10^297 |
| 4 | ov_004 | 7.060459413056086 × 10^297 |
| 5 | ov_005 | 6.030946844802433 × 10^297 |
| 6 | ov_006 | 5.118621916476424 × 10^297 |
| 7 | ov_007 | 4.314002261095462 × 10^297 |
| 8 | ov_008 | 3.608097871936041 × 10^297 |
| 9 | ov_009 | 2.99238372263154 × 10^297 |
| 10 | ov_010 | 2.4587763707375213 × 10^297 |
| 11 | ov_011 | 1.9996142319631393 × 10^297 |
| 12 | ov_012 | 1.6076412633246114 × 10^297 |
| 13 | ov_013 | 1.2759937824029413 × 10^297 |
| 14 | ov_014 | 9.981900879769488 × 10^296 |
| 15 | ov_015 | 7.681224906515626 × 10^296 |
| 16 | ov_016 | 5.80051363151305 × 10^296 |
| 17 | ov_017 | 4.286008488883896 × 10^296 |
| 18 | ov_018 | 3.087558962615045 × 10^296 |
| 19 | ov_019 | 2.1586031493229793 × 10^296 |
| 20 | ov_020 | 1.4561557908567367 × 10^296 |
| 21 | ov_021 | 9.408013142100592 × 10^295 |
| 22 | ov_022 | 5.766898035641533 × 10^295 |
| 23 | ov_023 | 3.315344808124331 × 10^295 |
| 24 | ov_024 | 1.7661001481554043 × 10^295 |
| 25 | ov_025 | 8.67514157307076 × 10^294 |
| 26 | ov_026 | 4.035337202439788 × 10^294 |
| 27 | ov_027 | 1.9369894929003553 × 10^294 |
| 28 | ov_028 | 9.314153623289844 × 10^293 |
| 29 | ov_029 | 3.832510246690475 × 10^293 |
| 30 | ov_030 | 1.2663067054687518 × 10^293 |
| 31 | ov_031 | 3.0617525549801304 × 10^292 |
| 32 | lv_80_m31 | 7.400642950951879 × 10^291 |
| 33 | ov_033 | 8.823152317685789 × 10^292 |
| 34 | ov_034 | 7.614372454772951 × 10^292 |
| 35 | ov_035 | 6.539036196749376 × 10^292 |
| 36 | ov_036 | 5.585905816686235 × 10^292 |
| 37 | ov_037 | 4.744346147195334 × 10^292 |
| 38 | ov_038 | 4.004281852030477 × 10^292 |
| 39 | ov_039 | 3.356160578268051 × 10^292 |
| 40 | ov_040 | 2.7909214140318805 × 10^292 |
| 41 | ov_041 | 2.299968111831586 × 10^292 |
| 42 | ov_042 | 1.8751465708606748 × 10^292 |
| 43 | ov_043 | 1.508726103268401 × 10^292 |
| 44 | ov_044 | 1.193384039681707 × 10^292 |
| 45 | ov_045 | 9.255593209918793 × 10^291 |
| 46 | ov_046 | 7.018858845069534 × 10^291 |
| 47 | ov_047 | 5.191882836866467 × 10^291 |
| 48 | ov_048 | 3.7447830876047716 × 10^291 |
| 49 | ov_049 | 2.623317868018888 × 10^291 |
| 50 | ov_050 | 1.7768895803022468 × 10^291 |
| 51 | ov_051 | 1.1585233179654099 × 10^291 |
| 52 | ov_052 | 7.248530089219246 × 10^290 |
| 53 | ov_053 | 4.3611305224431775 × 10^290 |
| 54 | ov_054 | 2.5613360226714142 × 10^290 |
| 55 | ov_055 | 1.5233796609017802 × 10^290 |
| 56 | ov_056 | 9.574107231861836 × 10^289 |
| 57 | ov_057 | 6.094850994082821 × 10^289 |
| 58 | ov_058 | 3.616064589063533 × 10^289 |
| 59 | ov_059 | 1.9582649756422533 × 10^289 |
| 60 | ov_060 | 9.4197341972986 × 10^288 |
| 61 | ov_061 | 3.877125752291559 × 10^288 |
| 62 | ov_062 | 1.2813206014664705 × 10^288 |
| 63 | ov_063 | 3.0986207815789976 × 10^287 |
| 64 | lv_79_m31 | 7.490795127784333 × 10^286 |
| 65 | ov_065 | 8.827181124913742 × 10^287 |
| 66 | ov_066 | 8.827159596372048 × 10^287 |
| 67 | ov_067 | 8.827152619096997 × 10^287 |
| 68 | ov_068 | 7.614492210541156 × 10^287 |
| 69 | ov_069 | 6.529348768354256 × 10^287 |
| 70 | ov_070 | 5.566151836308259 × 10^287 |
| 71 | ov_071 | 4.7147695956820165 × 10^287 |
| 72 | ov_072 | 3.9656900819905344 × 10^287 |
| 73 | ov_073 | 3.3099801222515376 × 10^287 |
| 74 | ov_074 | 2.739248032346091 × 10^287 |
| 75 | ov_075 | 2.2456098747757274 × 10^287 |
| 76 | ov_076 | 1.8216590835167357 × 10^287 |
| 77 | ov_077 | 1.4604392677824932 × 10^287 |
| 78 | ov_078 | 1.1554200105053987 × 10^287 |
| 79 | ov_079 | 9.004754804098755 × 10^286 |
| 80 | ov_080 | 6.898656788234493 × 10^286 |
| 81 | ov_081 | 5.182201440079464 × 10^286 |
| 82 | ov_082 | 3.8052393692209547 × 10^286 |
| 83 | ov_083 | 2.721057330692504 × 10^286 |
| 84 | ov_084 | 1.8862784553655136 × 10^286 |
| 85 | ov_085 | 1.260780045879191 × 10^286 |
| 86 | ov_086 | 8.07627193185386 × 10^285 |
| 87 | ov_087 | 4.930204696548401 × 10^285 |
| 88 | ov_088 | 2.8625595523140353 × 10^285 |
| 89 | ov_089 | 1.5969585345809027 × 10^285 |
| 90 | ov_090 | 8.874795439960161 × 10^284 |
| 91 | ov_091 | 5.185220159981963 × 10^284 |
| 92 | ov_092 | 3.0472634988031788 × 10^284 |
| 93 | ov_093 | 1.609657394306356 × 10^284 |
| 94 | ov_094 | 7.215424393677293 × 10^283 |
| 95 | aaa_78_28 | 2.320776955327802 × 10^283 |
| 96 | aaa_78_29 | 8.793745420277889 × 10^282 |
| 97 | ov_097 | 9.579717969071595 × 10^282 |
| 98 | ov_098 | 9.579431798464254 × 10^282 |
| 99 | ov_099 | 9.579340483900027 × 10^282 |
| 100 | ov_100 | 8.622032186774861 × 10^282 |
| 101 | ov_101 | 7.735104781188818 × 10^282 |
| 102 | ov_102 | 6.914720193350901 × 10^282 |
| 103 | ov_103 | 6.157321037220233 × 10^282 |
| 104 | ov_104 | 5.459593531019956 × 10^282 |
| 105 | ov_105 | 4.818433963636441 × 10^282 |
| 106 | ov_106 | 4.230918522035772 × 10^282 |
| 107 | ov_107 | 3.6942762984938233 × 10^282 |
| 108 | ov_108 | 3.2058653027542785 × 10^282 |
| 109 | ov_109 | 2.7631509860032234 × 10^282 |
| 110 | ov_110 | 2.3636867876565566 × 10^282 |
| 111 | ov_111 | 2.005096865890384 × 10^282 |
| 112 | ov_112 | 1.6850611752700184 × 10^282 |
| 113 | ov_113 | 1.4013027332539435 × 10^282 |
| 114 | ov_114 | 1.1515769186204001 × 10^282 |
| 115 | ov_115 | 9.336626457275185 × 10^281 |
| 116 | ov_116 | 7.453552590718537 × 10^281 |
| 117 | ov_117 | 5.844609929395885 × 10^281 |
| 118 | ov_118 | 4.487928411295571 × 10^281 |
| 119 | ov_119 | 3.361676818301584 × 10^281 |
| 120 | ov_120 | 2.444045027844962 × 10^281 |
| 121 | ov_121 | 1.713234827543151 × 10^281 |
| 122 | ov_122 | 1.1474554571146847 × 10^281 |
| 123 | ov_123 | 7.249208159876065 × 10^280 |
| 124 | ov_124 | 4.238474323898345 × 10^280 |
| 125 | ov_125 | 2.2245313160662334 × 10^280 |
| 126 | ov_126 | 9.895627060367352 × 10^279 |
| 127 | aaa_77_28 | 3.1575376107739296 × 10^279 |
| 128 | aaa_77_29 | 1.182466034833271 × 10^279 |
| 129 | ov_129 | 1.0825371756988523 × 10^279 |
| 130 | ov_130 | 1.0825345383109399 × 10^279 |
| 131 | ov_131 | 1.0825336916776753 × 10^279 |
| 132 | ov_132 | 9.354355112064726 × 10^278 |
| 133 | ov_133 | 8.040681722493134 × 10^278 |
| 134 | ov_134 | 6.87196917300116 × 10^278 |
| 135 | ov_135 | 5.836554384285469 × 10^278 |
| 136 | ov_136 | 4.923408741963146 × 10^278 |
| 137 | ov_137 | 4.1220945498581905 × 10^278 |
| 138 | ov_138 | 3.422727493236433 × 10^278 |
| 139 | ov_139 | 2.815944549827469 × 10^278 |
| 140 | ov_140 | 2.2928767787902104 × 10^278 |
| 141 | ov_141 | 1.84512644884914 × 10^278 |
| 142 | ov_142 | 1.4647479972115042 × 10^278 |
| 143 | ov_143 | 1.1442323407373493 × 10^278 |
| 144 | ov_144 | 8.764941147344374 × 10^277 |
| 145 | ov_145 | 6.580951422461461 × 10^277 |
| 146 | ov_146 | 4.827692184834972 × 10^277 |
| 147 | ov_147 | 3.446497695704002 × 10^277 |
| 148 | ov_148 | 2.3826545470349814 × 10^277 |
| 149 | ov_149 | 1.5853705684156686 × 10^277 |
| 150 | ov_150 | 1.0077538634682658 × 10^277 |
| 151 | ov_151 | 6.067995073878157 × 10^276 |
| 152 | ov_152 | 3.433817244921837 × 10^276 |
| 153 | ov_153 | 1.8224965188577725 × 10^276 |
| 154 | ov_154 | 9.202514704190044 × 10^275 |
| 155 | ov_155 | 4.520160165612129 × 10^275 |
| 156 | aaa_76_25 | 1.814329455643296 × 10^275 |
| 157 | aaa_76_26 | 1.1163422424115004 × 10^275 |
| 158 | aaa_76_27 | 6.118679999442161 × 10^274 |
| 159 | aaa_76_28 | 2.8821899429750704 × 10^274 |
| 160 | aaa_76_29 | 1.084717693090356 × 10^274 |

### Output Bits Sorted by Complexity

| Rank | Output Bit | Complexity |
|:----:|:----------:|:----------:|
| 160 | aaa_76_29 | 1.084717693090356 × 10^274 |
| 159 | aaa_76_28 | 2.8821899429750704 × 10^274 |
| 158 | aaa_76_27 | 6.118679999442161 × 10^274 |
| 157 | aaa_76_26 | 1.1163422424115004 × 10^275 |
| 156 | aaa_76_25 | 1.814329455643296 × 10^275 |
| 155 | ov_155 | 4.520160165612129 × 10^275 |
| 154 | ov_154 | 9.202514704190044 × 10^275 |
| 153 | ov_153 | 1.8224965188577725 × 10^276 |
| 152 | ov_152 | 3.433817244921837 × 10^276 |
| 151 | ov_151 | 6.067995073878157 × 10^276 |
| 150 | ov_150 | 1.0077538634682658 × 10^277 |
| 149 | ov_149 | 1.5853705684156686 × 10^277 |
| 148 | ov_148 | 2.3826545470349814 × 10^277 |
| 147 | ov_147 | 3.446497695704002 × 10^277 |
| 146 | ov_146 | 4.827692184834972 × 10^277 |
| 145 | ov_145 | 6.580951422461461 × 10^277 |
| 144 | ov_144 | 8.764941147344374 × 10^277 |
| 143 | ov_143 | 1.1442323407373493 × 10^278 |
| 142 | ov_142 | 1.4647479972115042 × 10^278 |
| 141 | ov_141 | 1.84512644884914 × 10^278 |
| 140 | ov_140 | 2.2928767787902104 × 10^278 |
| 139 | ov_139 | 2.815944549827469 × 10^278 |
| 138 | ov_138 | 3.422727493236433 × 10^278 |
| 137 | ov_137 | 4.1220945498581905 × 10^278 |
| 136 | ov_136 | 4.923408741963146 × 10^278 |
| 135 | ov_135 | 5.836554384285469 × 10^278 |
| 134 | ov_134 | 6.87196917300116 × 10^278 |
| 133 | ov_133 | 8.040681722493134 × 10^278 |
| 132 | ov_132 | 9.354355112064726 × 10^278 |
| 131 | ov_131 | 1.0825336916776753 × 10^279 |
| 130 | ov_130 | 1.0825345383109399 × 10^279 |
| 129 | ov_129 | 1.0825371756988523 × 10^279 |
| 128 | aaa_77_29 | 1.182466034833271 × 10^279 |
| 127 | aaa_77_28 | 3.1575376107739296 × 10^279 |
| 126 | ov_126 | 9.895627060367352 × 10^279 |
| 125 | ov_125 | 2.2245313160662334 × 10^280 |
| 124 | ov_124 | 4.238474323898345 × 10^280 |
| 123 | ov_123 | 7.249208159876065 × 10^280 |
| 122 | ov_122 | 1.1474554571146847 × 10^281 |
| 121 | ov_121 | 1.713234827543151 × 10^281 |
| 120 | ov_120 | 2.444045027844962 × 10^281 |
| 119 | ov_119 | 3.361676818301584 × 10^281 |
| 118 | ov_118 | 4.487928411295571 × 10^281 |
| 117 | ov_117 | 5.844609929395885 × 10^281 |
| 116 | ov_116 | 7.453552590718537 × 10^281 |
| 115 | ov_115 | 9.336626457275185 × 10^281 |
| 114 | ov_114 | 1.1515769186204001 × 10^282 |
| 113 | ov_113 | 1.4013027332539435 × 10^282 |
| 112 | ov_112 | 1.6850611752700184 × 10^282 |
| 111 | ov_111 | 2.005096865890384 × 10^282 |
| 110 | ov_110 | 2.3636867876565566 × 10^282 |
| 109 | ov_109 | 2.7631509860032234 × 10^282 |
| 108 | ov_108 | 3.2058653027542785 × 10^282 |
| 107 | ov_107 | 3.6942762984938233 × 10^282 |
| 106 | ov_106 | 4.230918522035772 × 10^282 |
| 105 | ov_105 | 4.818433963636441 × 10^282 |
| 104 | ov_104 | 5.459593531019956 × 10^282 |
| 103 | ov_103 | 6.157321037220233 × 10^282 |
| 102 | ov_102 | 6.914720193350901 × 10^282 |
| 101 | ov_101 | 7.735104781188818 × 10^282 |
| 100 | ov_100 | 8.622032186774861 × 10^282 |
| 96 | aaa_78_29 | 8.793745420277889 × 10^282 |
| 99 | ov_099 | 9.579340483900027 × 10^282 |
| 98 | ov_098 | 9.579431798464254 × 10^282 |
| 97 | ov_097 | 9.579717969071595 × 10^282 |
| 95 | aaa_78_28 | 2.320776955327802 × 10^283 |
| 94 | ov_094 | 7.215424393677293 × 10^283 |
| 93 | ov_093 | 1.609657394306356 × 10^284 |
| 92 | ov_092 | 3.0472634988031788 × 10^284 |
| 91 | ov_091 | 5.185220159981963 × 10^284 |
| 90 | ov_090 | 8.874795439960161 × 10^284 |
| 89 | ov_089 | 1.5969585345809027 × 10^285 |
| 88 | ov_088 | 2.8625595523140353 × 10^285 |
| 87 | ov_087 | 4.930204696548401 × 10^285 |
| 86 | ov_086 | 8.07627193185386 × 10^285 |
| 85 | ov_085 | 1.260780045879191 × 10^286 |
| 84 | ov_084 | 1.8862784553655136 × 10^286 |
| 83 | ov_083 | 2.721057330692504 × 10^286 |
| 82 | ov_082 | 3.8052393692209547 × 10^286 |
| 81 | ov_081 | 5.182201440079464 × 10^286 |
| 80 | ov_080 | 6.898656788234493 × 10^286 |
| 64 | lv_79_m31 | 7.490795127784333 × 10^286 |
| 79 | ov_079 | 9.004754804098755 × 10^286 |
| 78 | ov_078 | 1.1554200105053987 × 10^287 |
| 77 | ov_077 | 1.4604392677824932 × 10^287 |
| 76 | ov_076 | 1.8216590835167357 × 10^287 |
| 75 | ov_075 | 2.2456098747757274 × 10^287 |
| 74 | ov_074 | 2.739248032346091 × 10^287 |
| 63 | ov_063 | 3.0986207815789976 × 10^287 |
| 73 | ov_073 | 3.3099801222515376 × 10^287 |
| 72 | ov_072 | 3.9656900819905344 × 10^287 |
| 71 | ov_071 | 4.7147695956820165 × 10^287 |
| 70 | ov_070 | 5.566151836308259 × 10^287 |
| 69 | ov_069 | 6.529348768354256 × 10^287 |
| 68 | ov_068 | 7.614492210541156 × 10^287 |
| 67 | ov_067 | 8.827152619096997 × 10^287 |
| 66 | ov_066 | 8.827159596372048 × 10^287 |
| 65 | ov_065 | 8.827181124913742 × 10^287 |
| 62 | ov_062 | 1.2813206014664705 × 10^288 |
| 61 | ov_061 | 3.877125752291559 × 10^288 |
| 60 | ov_060 | 9.4197341972986 × 10^288 |
| 59 | ov_059 | 1.9582649756422533 × 10^289 |
| 58 | ov_058 | 3.616064589063533 × 10^289 |
| 57 | ov_057 | 6.094850994082821 × 10^289 |
| 56 | ov_056 | 9.574107231861836 × 10^289 |
| 55 | ov_055 | 1.5233796609017802 × 10^290 |
| 54 | ov_054 | 2.5613360226714142 × 10^290 |
| 53 | ov_053 | 4.3611305224431775 × 10^290 |
| 52 | ov_052 | 7.248530089219246 × 10^290 |
| 51 | ov_051 | 1.1585233179654099 × 10^291 |
| 50 | ov_050 | 1.7768895803022468 × 10^291 |
| 49 | ov_049 | 2.623317868018888 × 10^291 |
| 48 | ov_048 | 3.7447830876047716 × 10^291 |
| 47 | ov_047 | 5.191882836866467 × 10^291 |
| 46 | ov_046 | 7.018858845069534 × 10^291 |
| 32 | lv_80_m31 | 7.400642950951879 × 10^291 |
| 45 | ov_045 | 9.255593209918793 × 10^291 |
| 44 | ov_044 | 1.193384039681707 × 10^292 |
| 43 | ov_043 | 1.508726103268401 × 10^292 |
| 42 | ov_042 | 1.8751465708606748 × 10^292 |
| 41 | ov_041 | 2.299968111831586 × 10^292 |
| 40 | ov_040 | 2.7909214140318805 × 10^292 |
| 31 | ov_031 | 3.0617525549801304 × 10^292 |
| 39 | ov_039 | 3.356160578268051 × 10^292 |
| 38 | ov_038 | 4.004281852030477 × 10^292 |
| 37 | ov_037 | 4.744346147195334 × 10^292 |
| 36 | ov_036 | 5.585905816686235 × 10^292 |
| 35 | ov_035 | 6.539036196749376 × 10^292 |
| 34 | ov_034 | 7.614372454772951 × 10^292 |
| 33 | ov_033 | 8.823152317685789 × 10^292 |
| 30 | ov_030 | 1.2663067054687518 × 10^293 |
| 29 | ov_029 | 3.832510246690475 × 10^293 |
| 28 | ov_028 | 9.314153623289844 × 10^293 |
| 27 | ov_027 | 1.9369894929003553 × 10^294 |
| 26 | ov_026 | 4.035337202439788 × 10^294 |
| 25 | ov_025 | 8.67514157307076 × 10^294 |
| 24 | ov_024 | 1.7661001481554043 × 10^295 |
| 23 | ov_023 | 3.315344808124331 × 10^295 |
| 22 | ov_022 | 5.766898035641533 × 10^295 |
| 21 | ov_021 | 9.408013142100592 × 10^295 |
| 20 | ov_020 | 1.4561557908567367 × 10^296 |
| 19 | ov_019 | 2.1586031493229793 × 10^296 |
| 18 | ov_018 | 3.087558962615045 × 10^296 |
| 17 | ov_017 | 4.286008488883896 × 10^296 |
| 16 | ov_016 | 5.80051363151305 × 10^296 |
| 15 | ov_015 | 7.681224906515626 × 10^296 |
| 14 | ov_014 | 9.981900879769488 × 10^296 |
| 13 | ov_013 | 1.2759937824029413 × 10^297 |
| 12 | ov_012 | 1.6076412633246114 × 10^297 |
| 11 | ov_011 | 1.9996142319631393 × 10^297 |
| 10 | ov_010 | 2.4587763707375213 × 10^297 |
| 9 | ov_009 | 2.99238372263154 × 10^297 |
| 8 | ov_008 | 3.608097871936041 × 10^297 |
| 7 | ov_007 | 4.314002261095462 × 10^297 |
| 6 | ov_006 | 5.118621916476424 × 10^297 |
| 5 | ov_005 | 6.030946844802433 × 10^297 |
| 4 | ov_004 | 7.060459413056086 × 10^297 |
| 3 | ov_003 | 8.217166149335005 × 10^297 |
| 2 | ov_002 | 9.506495961466187 × 10^297 |
| 1 | ov_001 | 1.0934190789112209 × 10^298 |

