# Results for F001-F002-F003-F004-F005-F006-F007-F008-F009-F010-F011-F012-F013-F014-F015-F016-F017-F018-F019-F020-F021-F022-F023-F024-F025-F026-F027-F028-F029-F030-F031-F032-F033-F034-F035-F036-F037-F038-F039-F040-F041-F042-F043-F044-F045-F046-F047-F048-F049-F050-F051-F052-F053-F054-F055-F056-F057-F058-F059-F060-F061-F062-F063-F064-F065-F066-F067-F068-F069-F070-F071-F072-F073-F074-F075-F076-F077-F078-F079-F080-F081-F082-F083-F084-F085-F086-F087-F088-F089-F090-F091-F092-F093-F094-F095-F096-F097-F098-F099-F100-F101-F102-F103-F104-F105-F106-F107-F108-F109-F110-F111-F112-F113-F114-F115-F116-F117-F118-F119-F120-F121-F122-F123-F124-F125-F126-F127-F128-F129-F130-F131-F132-F133-F134-F135-F136-F137-F138-F139-F140-F141-F142-F143-F144-F145-F146-F147-F148-F149-F150-F151-F152-F153-F154-F155-F156-F157-F158-F159-F160-F161-F162-F163-F164-F165-F166-F167-F168-F169-F170-F171-F172-F173-F174-F175-F176-F177-F178-F179-F180-F181-F182-F183-F184-F185-F186-F187-F188-F189-F190-F191-F192-F193-F194-F195-F196-F197-F198-F199-F200-F201-F202-F203-F204-F205-F206-F207-F208-F209-F210-F211-F212-F213-F214-F215-F216-F217-F218-F219-F220-F221-F222-F223-F224-F225-F226-F227-F228-F229-F230-F231-F232-F233-F234-F235-F236-F237-F238-F239-F240-F241-F242-F243-F244-F245-F246-F247-F248-F249-F250-F251-F252-F253-F254-F255-F256-F257-F258-F259-F260-F261-F262-F263-F264-F265-F266-F267-F268-F269-F270-F271-F272-F273-F274-F275-F276-F277-F278-F279-F280-F281-F282-F283-F284-F285-F286-F287-F288-F289-F290-F291-F292-F293-F294-F295-F296-F297-F298-F299-F300-F301-F302-F303-F304-F305-F306-F307-F308-F309-F310-F311-F312-F313-F314-F315-F316-F317-F318-F319-F320-F321-F322-F323-F324-F325-F326-F327-F328-F329-F330-F331-F332-F333-F334-F335-F336-F337-F338-F339-F340-F341-F342-F343-F344-F345-F346-F347-F348-F349-F350-F351-F352-F353-F354-F355-F356-F357-F358-F359-F360-F361-F362-F363-F364-F365-F366-F367-F368-F369-F370-F371-F372-F373-F374-F375-F376-F377-F378-F379-F380-F381-F382-F383-F384-F385-F386-F387-F388-F389-F390-F391-F392-F393-F394-F395-F396-F397-F398-F399-F400-F401-F402-F403-F404-F405-F406-F407-F408-F409-F410-F411-F412-F413-F414-F415-F416-F417-F418-F419-F420-F421-F422-F423-F424-F425-F426-F427-F428-F429-F430-F431-F432-F433-F434-F435-F436-F437-F438-F439-F440-F441-F442-F443-F444-F445-F446-F447-F448-F449-F450-F451-F452-F453-F454-F455-F456-F457-F458-F459-F460-F461-F462-F463-F464-F465-F466-F467-F468-F469-F470-F471-F472-F473-F474-F475-F476-F477-F478-F479-F480-F481-F482-F483-F484-F485-F486-F487-F488-F489-F490-F491-F492-F493-F494-F495-F496-F497-F498-F499-F500-F501-F502-F503-F504-E505510

## Summary

Number of input bits: 512  
Number of free input bits: 7  
Number of output bits: 160

Number of direct occurrences: 28920  
Number of assignments: 30648  
Number of operations: 10913147
(xor: 10882911,
and: 17373,
or: 12863)

Total complexity: 2.1044239459082934 × 10^297

Least occurring input variable: iv_506 (4011)  
Most occurring input variable: iv_505 (4375)

Most co-occurring input variables: iv_505-iv_512 (2056)  
Least co-occurring input variables: iv_506-iv_511 (1871)

Potentially most occurring input variable: iv_505/iv_511 (4566)  
Potentially least occurring input variable: iv_506/iv_507 (4144)

Least output occurring input variable: iv_508 (70)  
Most output occurring input variable: iv_506 (82)

Most output co-occurring input variables: iv_506-iv_512 (45)  
Least output co-occurring input variables: iv_508-iv_512 (29)

Potentially most output occurring input variable: iv_508/iv_512 (90)  
Potentially least output occurring input variable: iv_506/iv_512 (70)

Least complex input bit: iv_506 (8.771270613064267 × 10^295)  
Most complex input bit: iv_505 (6.502875370889466 × 10^296)

Least complex output bit: aaa_76_29 (3.21530134652812 × 10^272)  
Most complex output bit: ov_001 (3.2777857771175146 × 10^296)

Least complex input/output complexity: iv_506/aaa_76_29 (1.3401424303207886 × 10^271)  
Most complex input/output complexity:  (1.01286779417773 × 10^296)

Input variable with highest collision probability: iv_506 (½^160.0000000000006)

## Input Bits

### Input Bits in Regular Order

| Input Bit | Complexity | Occurrences | Output Occurrences | Collision Probability |
|:---------:|:----------:|:-----------:|:------------------:|:---------------------:|
| iv_505 | 6.502875370889466 × 10^296 | 4375 | 80 | ½^160.0000000000007 |
| iv_506 | 8.771270613064267 × 10^295 | 4011 | 82 | ½^160.0000000000006 |
| iv_507 | 1.650385741507504 × 10^296 | 4055 | 72 | ½^160.00000000000074 |
| iv_508 | 2.7542907137785697 × 10^296 | 4047 | 70 | ½^160.00000000000063 |
| iv_509 | 4.2266342553235414 × 10^296 | 4048 | 78 | ½^160.00000000000063 |
| iv_511 | 2.308980496294972 × 10^296 | 4111 | 74 | ½^160.00000000000082 |
| iv_512 | 2.7239458199824612 × 10^296 | 4273 | 78 | ½^160.00000000000085 |

### Input Bits Sorted by Complexity

| Input Bit | Complexity | Occurrences | Output Occurrences | Collision Probability |
|:---------:|:----------:|:-----------:|:------------------:|:---------------------:|
| iv_506 | 8.771270613064267 × 10^295 | 4011 | 82 | ½^160.0000000000006 |
| iv_507 | 1.650385741507504 × 10^296 | 4055 | 72 | ½^160.00000000000074 |
| iv_511 | 2.308980496294972 × 10^296 | 4111 | 74 | ½^160.00000000000082 |
| iv_512 | 2.7239458199824612 × 10^296 | 4273 | 78 | ½^160.00000000000085 |
| iv_508 | 2.7542907137785697 × 10^296 | 4047 | 70 | ½^160.00000000000063 |
| iv_509 | 4.2266342553235414 × 10^296 | 4048 | 78 | ½^160.00000000000063 |
| iv_505 | 6.502875370889466 × 10^296 | 4375 | 80 | ½^160.0000000000007 |

### Input Bits Sorted by Occurrences

| Input Bit | Complexity | Occurrences | Output Occurrences | Collision Probability |
|:---------:|:----------:|:-----------:|:------------------:|:---------------------:|
| iv_506 | 8.771270613064267 × 10^295 | 4011 | 82 | ½^160.0000000000006 |
| iv_508 | 2.7542907137785697 × 10^296 | 4047 | 70 | ½^160.00000000000063 |
| iv_509 | 4.2266342553235414 × 10^296 | 4048 | 78 | ½^160.00000000000063 |
| iv_507 | 1.650385741507504 × 10^296 | 4055 | 72 | ½^160.00000000000074 |
| iv_511 | 2.308980496294972 × 10^296 | 4111 | 74 | ½^160.00000000000082 |
| iv_512 | 2.7239458199824612 × 10^296 | 4273 | 78 | ½^160.00000000000085 |
| iv_505 | 6.502875370889466 × 10^296 | 4375 | 80 | ½^160.0000000000007 |

### Input Bits Sorted by Output Occurrences

| Input Bit | Complexity | Occurrences | Output Occurrences | Collision Probability |
|:---------:|:----------:|:-----------:|:------------------:|:---------------------:|
| iv_508 | 2.7542907137785697 × 10^296 | 4047 | 70 | ½^160.00000000000063 |
| iv_507 | 1.650385741507504 × 10^296 | 4055 | 72 | ½^160.00000000000074 |
| iv_511 | 2.308980496294972 × 10^296 | 4111 | 74 | ½^160.00000000000082 |
| iv_509 | 4.2266342553235414 × 10^296 | 4048 | 78 | ½^160.00000000000063 |
| iv_512 | 2.7239458199824612 × 10^296 | 4273 | 78 | ½^160.00000000000085 |
| iv_505 | 6.502875370889466 × 10^296 | 4375 | 80 | ½^160.0000000000007 |
| iv_506 | 8.771270613064267 × 10^295 | 4011 | 82 | ½^160.0000000000006 |

### Input Bits Sorted by Collision Probability

| Input Bit | Complexity | Occurrences | Output Occurrences | Collision Probability |
|:---------:|:----------:|:-----------:|:------------------:|:---------------------:|
| iv_506 | 8.771270613064267 × 10^295 | 4011 | 82 | ½^160.0000000000006 |
| iv_509 | 4.2266342553235414 × 10^296 | 4048 | 78 | ½^160.00000000000063 |
| iv_508 | 2.7542907137785697 × 10^296 | 4047 | 70 | ½^160.00000000000063 |
| iv_505 | 6.502875370889466 × 10^296 | 4375 | 80 | ½^160.0000000000007 |
| iv_507 | 1.650385741507504 × 10^296 | 4055 | 72 | ½^160.00000000000074 |
| iv_511 | 2.308980496294972 × 10^296 | 4111 | 74 | ½^160.00000000000082 |
| iv_512 | 2.7239458199824612 × 10^296 | 4273 | 78 | ½^160.00000000000085 |

## Input Bit/Output Bit Collision Probabilities

| Input Bit | Output Bit | Collision Probability |
|:---------:|:----------:|:---------------------:|
| iv_509 | ov_110 | 0.5000000000000022 |
| iv_508 | ov_054 | 0.500000000000002 |
| iv_508 | ov_140 | 0.500000000000002 |
| iv_506 | ov_067 | 0.5000000000000019 |
| iv_508 | ov_048 | 0.5000000000000019 |
| iv_506 | ov_003 | 0.5000000000000018 |
| iv_506 | ov_040 | 0.5000000000000018 |

## Input Bit Co-occurrences

### Input Bit Co-occurrences Sorted by Co-occurrences

| Input Bits | Co-occurrences | Potential Occurrences | Output Co-occurrences | Potential Output Occurrences |
|:----------:|:--------------:|:---------------------:|:---------------------:|:----------------------------:|
| iv_505-iv_512 | 2056 | 4536 | 34 | 90 |
| iv_511-iv_512 | 2032 | 4320 | 39 | 74 |
| iv_505-iv_508 | 2005 | 4412 | 34 | 82 |
| iv_509-iv_512 | 1981 | 4359 | 37 | 82 |
| iv_506-iv_507 | 1961 | 4144 | 39 | 76 |
| iv_505-iv_511 | 1960 | 4566 | 38 | 78 |
| iv_505-iv_509 | 1951 | 4521 | 40 | 78 |

### Input Bit Co-occurrences Sorted by Potential Occurrences

| Input Bits | Co-occurrences | Potential Occurrences | Output Co-occurrences | Potential Output Occurrences |
|:----------:|:--------------:|:---------------------:|:---------------------:|:----------------------------:|
| iv_506-iv_507 | 1961 | 4144 | 39 | 76 |
| iv_506-iv_509 | 1910 | 4239 | 43 | 74 |
| iv_508-iv_509 | 1926 | 4243 | 35 | 78 |
| iv_506-iv_508 | 1902 | 4254 | 37 | 78 |
| iv_509-iv_511 | 1934 | 4291 | 39 | 74 |
| iv_507-iv_508 | 1897 | 4308 | 35 | 72 |
| iv_507-iv_509 | 1893 | 4317 | 36 | 78 |

### Input Bit Output Co-occurrences Sorted by Output Co-occurrences

| Input Bits | Co-occurrences | Potential Occurrences | Output Co-occurrences | Potential Output Occurrences |
|:----------:|:--------------:|:---------------------:|:---------------------:|:----------------------------:|
| iv_506-iv_512 | 1951 | 4382 | 45 | 70 |
| iv_505-iv_506 | 1928 | 4530 | 43 | 76 |
| iv_506-iv_509 | 1910 | 4239 | 43 | 74 |
| iv_505-iv_509 | 1951 | 4521 | 40 | 78 |
| iv_509-iv_511 | 1934 | 4291 | 39 | 74 |
| iv_511-iv_512 | 2032 | 4320 | 39 | 74 |
| iv_506-iv_507 | 1961 | 4144 | 39 | 76 |

### Input Bit Output Co-occurrences Sorted by Potential Output Occurrences

| Input Bits | Co-occurrences | Potential Occurrences | Output Co-occurrences | Potential Output Occurrences |
|:----------:|:--------------:|:---------------------:|:---------------------:|:----------------------------:|
| iv_506-iv_512 | 1951 | 4382 | 45 | 70 |
| iv_507-iv_508 | 1897 | 4308 | 35 | 72 |
| iv_508-iv_511 | 1906 | 4346 | 35 | 74 |
| iv_509-iv_511 | 1934 | 4291 | 39 | 74 |
| iv_511-iv_512 | 2032 | 4320 | 39 | 74 |
| iv_506-iv_509 | 1910 | 4239 | 43 | 74 |
| iv_505-iv_506 | 1928 | 4530 | 43 | 76 |

## Output Bits

### Output Bits in Regular Order

| Rank | Output Bit | Complexity |
|:----:|:----------:|:----------:|
| 1 | ov_001 | 3.2777857771175146 × 10^296 |
| 2 | ov_002 | 2.864932693550866 × 10^296 |
| 3 | ov_003 | 2.4892784081453986 × 10^296 |
| 4 | ov_004 | 2.1491080003705123 × 10^296 |
| 5 | ov_005 | 1.842800528142845 × 10^296 |
| 6 | ov_006 | 1.5688223272759562 × 10^296 |
| 7 | ov_007 | 1.3257211964132043 × 10^296 |
| 8 | ov_008 | 1.1121213672761882 × 10^296 |
| 9 | ov_009 | 9.254838457933013 × 10^295 |
| 10 | ov_010 | 7.634031345201127 × 10^295 |
| 11 | ov_011 | 6.236012797184731 × 10^295 |
| 12 | ov_012 | 5.039228271570963 × 10^295 |
| 13 | ov_013 | 4.0233061113582985 × 10^295 |
| 14 | ov_014 | 3.1690230581680764 × 10^295 |
| 15 | ov_015 | 2.458276724643215 × 10^295 |
| 16 | ov_016 | 1.874064343105814 × 10^295 |
| 17 | ov_017 | 1.4004669668208238 × 10^295 |
| 18 | ov_018 | 1.0226381756483175 × 10^295 |
| 19 | ov_019 | 7.26796356771019 × 10^294 |
| 20 | ov_020 | 5.002197190378523 × 10^294 |
| 21 | ov_021 | 3.312432872453225 × 10^294 |
| 22 | ov_022 | 2.0925721042065152 × 10^294 |
| 23 | ov_023 | 1.2470583106621835 × 10^294 |
| 24 | ov_024 | 6.9087139770411426 × 10^293 |
| 25 | ov_025 | 3.495243449175481 × 10^293 |
| 26 | ov_026 | 1.5906115849736236 × 10^293 |
| 27 | ov_027 | 6.605577079306759 × 10^292 |
| 28 | ov_028 | 2.761152885475573 × 10^292 |
| 29 | ov_029 | 1.1360998726484674 × 10^292 |
| 30 | ov_030 | 3.752756361520043 × 10^291 |
| 31 | ov_031 | 9.069478523957228 × 10^290 |
| 32 | lv_80_m31 | 2.191205065674957 × 10^290 |
| 33 | ov_033 | 2.644404694323302 × 10^291 |
| 34 | ov_034 | 2.2889671458760955 × 10^291 |
| 35 | ov_035 | 1.970562217119703 × 10^291 |
| 36 | ov_036 | 1.6874084110480838 × 10^291 |
| 37 | ov_037 | 1.4378220784164233 × 10^291 |
| 38 | ov_038 | 1.2187015718278629 × 10^291 |
| 39 | ov_039 | 1.027108595991215 × 10^291 |
| 40 | ov_040 | 8.602581816296557 × 10^290 |
| 41 | ov_041 | 7.155101316156215 × 10^290 |
| 42 | ov_042 | 5.903617860292034 × 10^290 |
| 43 | ov_043 | 4.824419624177206 × 10^290 |
| 44 | ov_044 | 3.8950593668995455 × 10^290 |
| 45 | ov_045 | 3.094313388670125 × 10^290 |
| 46 | ov_046 | 2.411871128390284 × 10^290 |
| 47 | ov_047 | 1.8380099215286542 × 10^290 |
| 48 | ov_048 | 1.3635834987537263 × 10^290 |
| 49 | ov_049 | 9.800131784016535 × 10^289 |
| 50 | ov_050 | 6.792813055864989 × 10^289 |
| 51 | ov_051 | 4.539265287506199 × 10^289 |
| 52 | ov_052 | 2.9068315509854347 × 10^289 |
| 53 | ov_053 | 1.7738603697234938 × 10^289 |
| 54 | ov_054 | 1.029685583312309 × 10^289 |
| 55 | ov_055 | 5.746154197142633 × 10^288 |
| 56 | ov_056 | 3.19926819781762 × 10^288 |
| 57 | ov_057 | 1.878623635644175 × 10^288 |
| 58 | ov_058 | 1.1162851356132005 × 10^288 |
| 59 | ov_059 | 6.056931272844425 × 10^287 |
| 60 | ov_060 | 2.9203583450727106 × 10^287 |
| 61 | ov_061 | 1.2050190087558154 × 10^287 |
| 62 | ov_062 | 3.991780749647081 × 10^286 |
| 63 | ov_063 | 9.675513108050335 × 10^285 |
| 64 | lv_79_m31 | 2.34382112421443 × 10^285 |
| 65 | ov_065 | 2.762562630628859 × 10^286 |
| 66 | ov_066 | 2.7625561205796925 × 10^286 |
| 67 | ov_067 | 2.7625540109222913 × 10^286 |
| 68 | ov_068 | 2.39878114658022 × 10^286 |
| 69 | ov_069 | 2.0697813119731335 × 10^286 |
| 70 | ov_070 | 1.7738694178569674 × 10^286 |
| 71 | ov_071 | 1.5094644451203887 × 10^286 |
| 72 | ov_072 | 1.2750823324188541 × 10^286 |
| 73 | ov_073 | 1.0693294806128954 × 10^286 |
| 74 | ov_074 | 8.896669866682985 × 10^285 |
| 75 | ov_075 | 7.337094994893416 × 10^285 |
| 76 | ov_076 | 5.992160454446469 × 10^285 |
| 77 | ov_077 | 4.8408181440752934 × 10^285 |
| 78 | ov_078 | 3.8633085033203497 × 10^285 |
| 79 | ov_079 | 3.041095914053406 × 10^285 |
| 80 | ov_080 | 2.356812055922897 × 10^285 |
| 81 | ov_081 | 1.7942066795744152 × 10^285 |
| 82 | ov_082 | 1.3381052655273994 × 10^285 |
| 83 | ov_083 | 9.743730393315796 × 10^284 |
| 84 | ov_084 | 6.89884815397876 × 10^284 |
| 85 | ov_085 | 4.725001429637567 × 10^284 |
| 86 | ov_086 | 3.1104322825115713 × 10^284 |
| 87 | ov_087 | 1.9528710719692066 × 10^284 |
| 88 | ov_088 | 1.1594154331189604 × 10^284 |
| 89 | ov_089 | 6.4644125326382 × 10^283 |
| 90 | ov_090 | 3.39540393388613 × 10^283 |
| 91 | ov_091 | 1.7347990218580558 × 10^283 |
| 92 | ov_092 | 9.217751390924726 × 10^282 |
| 93 | ov_093 | 4.86884788488387 × 10^282 |
| 94 | ov_094 | 2.182371521396449 × 10^282 |
| 95 | aaa_78_28 | 7.018977965015005 × 10^281 |
| 96 | aaa_78_29 | 2.6593632585884018 × 10^281 |
| 97 | ov_097 | 2.8963320505752733 × 10^281 |
| 98 | ov_098 | 2.896244382428144 × 10^281 |
| 99 | ov_099 | 2.896216370391282 × 10^281 |
| 100 | ov_100 | 2.6063822631619655 × 10^281 |
| 101 | ov_101 | 2.337956044478322 × 10^281 |
| 102 | ov_102 | 2.0897544113320893 × 10^281 |
| 103 | ov_103 | 1.860680975531059 × 10^281 |
| 104 | ov_104 | 1.6497152351812426 × 10^281 |
| 105 | ov_105 | 1.4559025945121308 × 10^281 |
| 106 | ov_106 | 1.2783452615432353 × 10^281 |
| 107 | ov_107 | 1.1161938555730168 × 10^281 |
| 108 | ov_108 | 9.686397861237467 × 10^280 |
| 109 | ov_109 | 8.349084666425482 × 10^280 |
| 110 | ov_110 | 7.142533137921191 × 10^280 |
| 111 | ov_111 | 6.059504842155828 × 10^280 |
| 112 | ov_112 | 5.09294301469466 × 10^280 |
| 113 | ov_113 | 4.235933264276708 × 10^280 |
| 114 | ov_114 | 3.4816702490279525 × 10^280 |
| 115 | ov_115 | 2.8234298654025913 × 10^280 |
| 116 | ov_116 | 2.2545464924685607 × 10^280 |
| 117 | ov_117 | 1.7683948354558562 × 10^280 |
| 118 | ov_118 | 1.3583759132451243 × 10^280 |
| 119 | ov_119 | 1.0179067348800555 × 10^280 |
| 120 | ov_120 | 7.404132103893377 × 10^279 |
| 121 | ov_121 | 5.19325841302183 × 10^279 |
| 122 | ov_122 | 3.480775308804493 × 10^279 |
| 123 | ov_123 | 2.2010255692658883 × 10^279 |
| 124 | ov_124 | 1.2883597360168599 × 10^279 |
| 125 | ov_125 | 6.771321866827093 × 10^278 |
| 126 | ov_126 | 3.01698873743188 × 10^278 |
| 127 | aaa_77_28 | 9.641625334924828 × 10^277 |
| 128 | aaa_77_29 | 3.617370005020379 × 10^277 |
| 129 | ov_129 | 3.336981131914659 × 10^277 |
| 130 | ov_130 | 3.336973300150311 × 10^277 |
| 131 | ov_131 | 3.336970779605983 × 10^277 |
| 132 | ov_132 | 2.9010618319886974 × 10^277 |
| 133 | ov_133 | 2.506831079668859 × 10^277 |
| 134 | ov_134 | 2.152386956827098 × 10^277 |
| 135 | ov_135 | 1.835946222841307 × 10^277 |
| 136 | ov_136 | 1.5558258542003138 × 10^277 |
| 137 | ov_137 | 1.308932540961843 × 10^277 |
| 138 | ov_138 | 1.092340841689395 × 10^277 |
| 139 | ov_139 | 9.032829244991584 × 10^276 |
| 140 | ov_140 | 7.391397979812067 × 10^276 |
| 141 | ov_141 | 5.974339118008698 × 10^276 |
| 142 | ov_142 | 4.76961007481897 × 10^276 |
| 143 | ov_143 | 3.755089874200384 × 10^276 |
| 144 | ov_144 | 2.909918017919594 × 10^276 |
| 145 | ov_145 | 2.2144613900185458 × 10^276 |
| 146 | ov_146 | 1.6502882536728117 × 10^276 |
| 147 | ov_147 | 1.2001482609569649 × 10^276 |
| 148 | ov_148 | 8.479574819943502 × 10^275 |
| 149 | ov_149 | 5.787875457484794 × 10^275 |
| 150 | ov_150 | 3.788580703893415 × 10^275 |
| 151 | ov_151 | 2.3553164678568324 × 10^275 |
| 152 | ov_152 | 1.3731072425814392 × 10^275 |
| 153 | ov_153 | 7.383583329170383 × 10^274 |
| 154 | ov_154 | 3.588466545779704 × 10^274 |
| 155 | ov_155 | 1.5371628827053594 × 10^274 |
| 156 | aaa_76_25 | 5.347639810154074 × 10^273 |
| 157 | aaa_76_26 | 3.2935466404220276 × 10^273 |
| 158 | aaa_76_27 | 1.807613100622147 × 10^273 |
| 159 | aaa_76_28 | 8.528568504753855 × 10^272 |
| 160 | aaa_76_29 | 3.21530134652812 × 10^272 |

### Output Bits Sorted by Complexity

| Rank | Output Bit | Complexity |
|:----:|:----------:|:----------:|
| 160 | aaa_76_29 | 3.21530134652812 × 10^272 |
| 159 | aaa_76_28 | 8.528568504753855 × 10^272 |
| 158 | aaa_76_27 | 1.807613100622147 × 10^273 |
| 157 | aaa_76_26 | 3.2935466404220276 × 10^273 |
| 156 | aaa_76_25 | 5.347639810154074 × 10^273 |
| 155 | ov_155 | 1.5371628827053594 × 10^274 |
| 154 | ov_154 | 3.588466545779704 × 10^274 |
| 153 | ov_153 | 7.383583329170383 × 10^274 |
| 152 | ov_152 | 1.3731072425814392 × 10^275 |
| 151 | ov_151 | 2.3553164678568324 × 10^275 |
| 150 | ov_150 | 3.788580703893415 × 10^275 |
| 149 | ov_149 | 5.787875457484794 × 10^275 |
| 148 | ov_148 | 8.479574819943502 × 10^275 |
| 147 | ov_147 | 1.2001482609569649 × 10^276 |
| 146 | ov_146 | 1.6502882536728117 × 10^276 |
| 145 | ov_145 | 2.2144613900185458 × 10^276 |
| 144 | ov_144 | 2.909918017919594 × 10^276 |
| 143 | ov_143 | 3.755089874200384 × 10^276 |
| 142 | ov_142 | 4.76961007481897 × 10^276 |
| 141 | ov_141 | 5.974339118008698 × 10^276 |
| 140 | ov_140 | 7.391397979812067 × 10^276 |
| 139 | ov_139 | 9.032829244991584 × 10^276 |
| 138 | ov_138 | 1.092340841689395 × 10^277 |
| 137 | ov_137 | 1.308932540961843 × 10^277 |
| 136 | ov_136 | 1.5558258542003138 × 10^277 |
| 135 | ov_135 | 1.835946222841307 × 10^277 |
| 134 | ov_134 | 2.152386956827098 × 10^277 |
| 133 | ov_133 | 2.506831079668859 × 10^277 |
| 132 | ov_132 | 2.9010618319886974 × 10^277 |
| 131 | ov_131 | 3.336970779605983 × 10^277 |
| 130 | ov_130 | 3.336973300150311 × 10^277 |
| 129 | ov_129 | 3.336981131914659 × 10^277 |
| 128 | aaa_77_29 | 3.617370005020379 × 10^277 |
| 127 | aaa_77_28 | 9.641625334924828 × 10^277 |
| 126 | ov_126 | 3.01698873743188 × 10^278 |
| 125 | ov_125 | 6.771321866827093 × 10^278 |
| 124 | ov_124 | 1.2883597360168599 × 10^279 |
| 123 | ov_123 | 2.2010255692658883 × 10^279 |
| 122 | ov_122 | 3.480775308804493 × 10^279 |
| 121 | ov_121 | 5.19325841302183 × 10^279 |
| 120 | ov_120 | 7.404132103893377 × 10^279 |
| 119 | ov_119 | 1.0179067348800555 × 10^280 |
| 118 | ov_118 | 1.3583759132451243 × 10^280 |
| 117 | ov_117 | 1.7683948354558562 × 10^280 |
| 116 | ov_116 | 2.2545464924685607 × 10^280 |
| 115 | ov_115 | 2.8234298654025913 × 10^280 |
| 114 | ov_114 | 3.4816702490279525 × 10^280 |
| 113 | ov_113 | 4.235933264276708 × 10^280 |
| 112 | ov_112 | 5.09294301469466 × 10^280 |
| 111 | ov_111 | 6.059504842155828 × 10^280 |
| 110 | ov_110 | 7.142533137921191 × 10^280 |
| 109 | ov_109 | 8.349084666425482 × 10^280 |
| 108 | ov_108 | 9.686397861237467 × 10^280 |
| 107 | ov_107 | 1.1161938555730168 × 10^281 |
| 106 | ov_106 | 1.2783452615432353 × 10^281 |
| 105 | ov_105 | 1.4559025945121308 × 10^281 |
| 104 | ov_104 | 1.6497152351812426 × 10^281 |
| 103 | ov_103 | 1.860680975531059 × 10^281 |
| 102 | ov_102 | 2.0897544113320893 × 10^281 |
| 101 | ov_101 | 2.337956044478322 × 10^281 |
| 100 | ov_100 | 2.6063822631619655 × 10^281 |
| 96 | aaa_78_29 | 2.6593632585884018 × 10^281 |
| 99 | ov_099 | 2.896216370391282 × 10^281 |
| 98 | ov_098 | 2.896244382428144 × 10^281 |
| 97 | ov_097 | 2.8963320505752733 × 10^281 |
| 95 | aaa_78_28 | 7.018977965015005 × 10^281 |
| 94 | ov_094 | 2.182371521396449 × 10^282 |
| 93 | ov_093 | 4.86884788488387 × 10^282 |
| 92 | ov_092 | 9.217751390924726 × 10^282 |
| 91 | ov_091 | 1.7347990218580558 × 10^283 |
| 90 | ov_090 | 3.39540393388613 × 10^283 |
| 89 | ov_089 | 6.4644125326382 × 10^283 |
| 88 | ov_088 | 1.1594154331189604 × 10^284 |
| 87 | ov_087 | 1.9528710719692066 × 10^284 |
| 86 | ov_086 | 3.1104322825115713 × 10^284 |
| 85 | ov_085 | 4.725001429637567 × 10^284 |
| 84 | ov_084 | 6.89884815397876 × 10^284 |
| 83 | ov_083 | 9.743730393315796 × 10^284 |
| 82 | ov_082 | 1.3381052655273994 × 10^285 |
| 81 | ov_081 | 1.7942066795744152 × 10^285 |
| 64 | lv_79_m31 | 2.34382112421443 × 10^285 |
| 80 | ov_080 | 2.356812055922897 × 10^285 |
| 79 | ov_079 | 3.041095914053406 × 10^285 |
| 78 | ov_078 | 3.8633085033203497 × 10^285 |
| 77 | ov_077 | 4.8408181440752934 × 10^285 |
| 76 | ov_076 | 5.992160454446469 × 10^285 |
| 75 | ov_075 | 7.337094994893416 × 10^285 |
| 74 | ov_074 | 8.896669866682985 × 10^285 |
| 63 | ov_063 | 9.675513108050335 × 10^285 |
| 73 | ov_073 | 1.0693294806128954 × 10^286 |
| 72 | ov_072 | 1.2750823324188541 × 10^286 |
| 71 | ov_071 | 1.5094644451203887 × 10^286 |
| 70 | ov_070 | 1.7738694178569674 × 10^286 |
| 69 | ov_069 | 2.0697813119731335 × 10^286 |
| 68 | ov_068 | 2.39878114658022 × 10^286 |
| 67 | ov_067 | 2.7625540109222913 × 10^286 |
| 66 | ov_066 | 2.7625561205796925 × 10^286 |
| 65 | ov_065 | 2.762562630628859 × 10^286 |
| 62 | ov_062 | 3.991780749647081 × 10^286 |
| 61 | ov_061 | 1.2050190087558154 × 10^287 |
| 60 | ov_060 | 2.9203583450727106 × 10^287 |
| 59 | ov_059 | 6.056931272844425 × 10^287 |
| 58 | ov_058 | 1.1162851356132005 × 10^288 |
| 57 | ov_057 | 1.878623635644175 × 10^288 |
| 56 | ov_056 | 3.19926819781762 × 10^288 |
| 55 | ov_055 | 5.746154197142633 × 10^288 |
| 54 | ov_054 | 1.029685583312309 × 10^289 |
| 53 | ov_053 | 1.7738603697234938 × 10^289 |
| 52 | ov_052 | 2.9068315509854347 × 10^289 |
| 51 | ov_051 | 4.539265287506199 × 10^289 |
| 50 | ov_050 | 6.792813055864989 × 10^289 |
| 49 | ov_049 | 9.800131784016535 × 10^289 |
| 48 | ov_048 | 1.3635834987537263 × 10^290 |
| 47 | ov_047 | 1.8380099215286542 × 10^290 |
| 32 | lv_80_m31 | 2.191205065674957 × 10^290 |
| 46 | ov_046 | 2.411871128390284 × 10^290 |
| 45 | ov_045 | 3.094313388670125 × 10^290 |
| 44 | ov_044 | 3.8950593668995455 × 10^290 |
| 43 | ov_043 | 4.824419624177206 × 10^290 |
| 42 | ov_042 | 5.903617860292034 × 10^290 |
| 41 | ov_041 | 7.155101316156215 × 10^290 |
| 40 | ov_040 | 8.602581816296557 × 10^290 |
| 31 | ov_031 | 9.069478523957228 × 10^290 |
| 39 | ov_039 | 1.027108595991215 × 10^291 |
| 38 | ov_038 | 1.2187015718278629 × 10^291 |
| 37 | ov_037 | 1.4378220784164233 × 10^291 |
| 36 | ov_036 | 1.6874084110480838 × 10^291 |
| 35 | ov_035 | 1.970562217119703 × 10^291 |
| 34 | ov_034 | 2.2889671458760955 × 10^291 |
| 33 | ov_033 | 2.644404694323302 × 10^291 |
| 30 | ov_030 | 3.752756361520043 × 10^291 |
| 29 | ov_029 | 1.1360998726484674 × 10^292 |
| 28 | ov_028 | 2.761152885475573 × 10^292 |
| 27 | ov_027 | 6.605577079306759 × 10^292 |
| 26 | ov_026 | 1.5906115849736236 × 10^293 |
| 25 | ov_025 | 3.495243449175481 × 10^293 |
| 24 | ov_024 | 6.9087139770411426 × 10^293 |
| 23 | ov_023 | 1.2470583106621835 × 10^294 |
| 22 | ov_022 | 2.0925721042065152 × 10^294 |
| 21 | ov_021 | 3.312432872453225 × 10^294 |
| 20 | ov_020 | 5.002197190378523 × 10^294 |
| 19 | ov_019 | 7.26796356771019 × 10^294 |
| 18 | ov_018 | 1.0226381756483175 × 10^295 |
| 17 | ov_017 | 1.4004669668208238 × 10^295 |
| 16 | ov_016 | 1.874064343105814 × 10^295 |
| 15 | ov_015 | 2.458276724643215 × 10^295 |
| 14 | ov_014 | 3.1690230581680764 × 10^295 |
| 13 | ov_013 | 4.0233061113582985 × 10^295 |
| 12 | ov_012 | 5.039228271570963 × 10^295 |
| 11 | ov_011 | 6.236012797184731 × 10^295 |
| 10 | ov_010 | 7.634031345201127 × 10^295 |
| 9 | ov_009 | 9.254838457933013 × 10^295 |
| 8 | ov_008 | 1.1121213672761882 × 10^296 |
| 7 | ov_007 | 1.3257211964132043 × 10^296 |
| 6 | ov_006 | 1.5688223272759562 × 10^296 |
| 5 | ov_005 | 1.842800528142845 × 10^296 |
| 4 | ov_004 | 2.1491080003705123 × 10^296 |
| 3 | ov_003 | 2.4892784081453986 × 10^296 |
| 2 | ov_002 | 2.864932693550866 × 10^296 |
| 1 | ov_001 | 3.2777857771175146 × 10^296 |

