# Results for F001-F002-F003-F004-F005-F006-F007-F008-F009-F010-F011-F012-F013-F014-F015-F016-F017-F018-F019-F020-F021-F022-F023-F024-F025-F026-F027-F028-F029-F030-F031-F032-F033-F034-F035-F036-F037-F038-F039-F040-F041-F042-F043-F044-F045-F046-F047-F048-F049-F050-F051-F052-F053-F054-F055-F056-F057-F058-F059-F060-F061-F062-F063-F064-F065-F066-F067-F068-F069-F070-F071-F072-F073-F074-F075-F076-F077-F078-F079-F080-F081-F082-F083-F084-F085-F086-F087-F088-F089-F090-F091-F092-F093-F094-F095-F096-F097-F098-F099-F100-F101-F102-F103-F104-F105-F106-F107-F108-F109-F110-F111-F112-F113-F114-F115-F116-F117-F118-F119-F120-F121-F122-F123-F124-F125-F126-F127-F128-F129-F130-F131-F132-F133-F134-F135-F136-F137-F138-F139-F140-F141-F142-F143-F144-F145-F146-F147-F148-F149-F150-F151-F152-F153-F154-F155-F156-F157-F158-F159-F160-F161-F162-F163-F164-F165-F166-F167-F168-F169-F170-F171-F172-F173-F174-F175-F176-F177-F178-F179-F180-F181-F182-F183-F184-F185-F186-F187-F188-F189-F190-F191-F192-F193-F194-F195-F196-F197-F198-F199-F200-F201-F202-F203-F204-F205-F206-F207-F208-F209-F210-F211-F212-F213-F214-F215-F216-F217-F218-F219-F220-F221-F222-F223-F224-F225-F226-F227-F228-F229-F230-F231-F232-F233-F234-F235-F236-F237-F238-F239-F240-F241-F242-F243-F244-F245-F246-F247-F248-F249-F250-F251-F252-F253-F254-F255-F256-F257-F258-F259-F260-F261-F262-F263-F264-F265-F266-F267-F268-F269-F270-F271-F272-F273-F274-F275-F276-F277-F278-F279-F280-F281-F282-F283-F284-F285-F286-F287-F288-F289-F290-F291-F292-F293-F294-F295-F296-F297-F298-F299-F300-F301-F302-F303-F304-F305-F306-F307-F308-F309-F310-F311-F312-F313-F314-F315-F316-F317-F318-F319-F320-F321-F322-F323-F324-F325-F326-F327-F328-F329-F330-F331-F332-F333-F334-F335-F336-F337-F338-F339-F340-F341-F342-F343-F344-F345-F346-F347-F348-F349-F350-F351-F352-F353-F354-F355-F356-F357-F358-F359-F360-F361-F362-F363-F364-F365-F366-F367-F368-F369-F370-F371-F372-F373-F374-F375-F376-F377-F378-F379-F380-F381-F382-F383-F384-F385-F386-F387-F388-F389-F390-F391-F392-F393-F394-F395-F396-F397-F398-F399-F400-F401-F402-F403-F404-F405-F406-F407-F408-F409-F410-F411-F412-F413-F414-F415-F416-F417-F418-F419-F420-F421-F422-F423-F424-F425-F426-F427-F428-F429-F430-F431-F432-F433-F434-F435-F436-F437-F438-F439-F440-F441-F442-F443-F444-F445-F446-F447-F448-F449-F450-F451-F452-F453-F454-F455-F456-F457-F458-F459-F460-F461-F462-F463-F464-F465-F466-F467-F468-F469-F470-F471-F472-F473-F474-F475-F476-F477-F478-F479-F480-F481-F482-F483-F484-F485-F486-F487-F488-F489-F490-F491-F492-F493-F494-F495-F496-F497-F498-F499-F500-F501-F502-F503-F504-E506510

## Summary

Number of input bits: 512  
Number of free input bits: 7  
Number of output bits: 160

Number of direct occurrences: 28797  
Number of assignments: 30636  
Number of operations: 10913021
(xor: 10882792,
and: 17372,
or: 12857)

Total complexity: 1.8757002708979647 × 10^297

Least occurring input variable: iv_505 (3984)  
Most occurring input variable: iv_506 (4279)

Most co-occurring input variables: iv_511-iv_512 (2032)  
Least co-occurring input variables: iv_505-iv_511 (1830)

Potentially most occurring input variable: iv_506/iv_507 (4642)  
Potentially least occurring input variable: iv_508/iv_509 (4243)

Least output occurring input variable: iv_508 (70)  
Most output occurring input variable: iv_505 (79)

Most output co-occurring input variables: iv_511-iv_512 (39)  
Least output co-occurring input variables: iv_506-iv_507 (24)

Potentially most output occurring input variable: iv_506/iv_507 (97)  
Potentially least output occurring input variable: iv_507/iv_508 (72)

Least complex input bit: iv_505 (3.6674473210553685 × 10^295)  
Most complex input bit: iv_506 (5.9730159676397445 × 10^296)

Least complex output bit: aaa_76_29 (2.882064948529891 × 10^272)  
Most complex output bit: ov_001 (2.9215328438667606 × 10^296)

Least complex input/output complexity: iv_505/aaa_76_29 (5.635133469130104 × 10^270)  
Most complex input/output complexity: iv_506/ov_001 (9.303385299425264 × 10^295)

Input variable with highest collision probability: iv_507 (½^160.00000000000068)

## Input Bits

### Input Bits in Regular Order

| Input Bit | Complexity | Occurrences | Output Occurrences | Collision Probability |
|:---------:|:----------:|:-----------:|:------------------:|:---------------------:|
| iv_505 | 3.6674473210553685 × 10^295 | 3984 | 79 | ½^160.00000000000077 |
| iv_506 | 5.9730159676397445 × 10^296 | 4279 | 73 | ½^160.00000000000085 |
| iv_507 | 1.4997719316902912 × 10^296 | 4055 | 72 | ½^160.00000000000068 |
| iv_508 | 2.50293479902894 × 10^296 | 4044 | 70 | ½^160.0000000000007 |
| iv_509 | 3.840912619533875 × 10^296 | 4051 | 78 | ½^160.00000000000068 |
| iv_511 | 2.0982634859656327 × 10^296 | 4111 | 74 | ½^160.00000000000077 |
| iv_512 | 2.4753591730156292 × 10^296 | 4273 | 78 | ½^160.00000000000085 |

### Input Bits Sorted by Complexity

| Input Bit | Complexity | Occurrences | Output Occurrences | Collision Probability |
|:---------:|:----------:|:-----------:|:------------------:|:---------------------:|
| iv_505 | 3.6674473210553685 × 10^295 | 3984 | 79 | ½^160.00000000000077 |
| iv_507 | 1.4997719316902912 × 10^296 | 4055 | 72 | ½^160.00000000000068 |
| iv_511 | 2.0982634859656327 × 10^296 | 4111 | 74 | ½^160.00000000000077 |
| iv_512 | 2.4753591730156292 × 10^296 | 4273 | 78 | ½^160.00000000000085 |
| iv_508 | 2.50293479902894 × 10^296 | 4044 | 70 | ½^160.0000000000007 |
| iv_509 | 3.840912619533875 × 10^296 | 4051 | 78 | ½^160.00000000000068 |
| iv_506 | 5.9730159676397445 × 10^296 | 4279 | 73 | ½^160.00000000000085 |

### Input Bits Sorted by Occurrences

| Input Bit | Complexity | Occurrences | Output Occurrences | Collision Probability |
|:---------:|:----------:|:-----------:|:------------------:|:---------------------:|
| iv_505 | 3.6674473210553685 × 10^295 | 3984 | 79 | ½^160.00000000000077 |
| iv_508 | 2.50293479902894 × 10^296 | 4044 | 70 | ½^160.0000000000007 |
| iv_509 | 3.840912619533875 × 10^296 | 4051 | 78 | ½^160.00000000000068 |
| iv_507 | 1.4997719316902912 × 10^296 | 4055 | 72 | ½^160.00000000000068 |
| iv_511 | 2.0982634859656327 × 10^296 | 4111 | 74 | ½^160.00000000000077 |
| iv_512 | 2.4753591730156292 × 10^296 | 4273 | 78 | ½^160.00000000000085 |
| iv_506 | 5.9730159676397445 × 10^296 | 4279 | 73 | ½^160.00000000000085 |

### Input Bits Sorted by Output Occurrences

| Input Bit | Complexity | Occurrences | Output Occurrences | Collision Probability |
|:---------:|:----------:|:-----------:|:------------------:|:---------------------:|
| iv_508 | 2.50293479902894 × 10^296 | 4044 | 70 | ½^160.0000000000007 |
| iv_507 | 1.4997719316902912 × 10^296 | 4055 | 72 | ½^160.00000000000068 |
| iv_506 | 5.9730159676397445 × 10^296 | 4279 | 73 | ½^160.00000000000085 |
| iv_511 | 2.0982634859656327 × 10^296 | 4111 | 74 | ½^160.00000000000077 |
| iv_509 | 3.840912619533875 × 10^296 | 4051 | 78 | ½^160.00000000000068 |
| iv_512 | 2.4753591730156292 × 10^296 | 4273 | 78 | ½^160.00000000000085 |
| iv_505 | 3.6674473210553685 × 10^295 | 3984 | 79 | ½^160.00000000000077 |

### Input Bits Sorted by Collision Probability

| Input Bit | Complexity | Occurrences | Output Occurrences | Collision Probability |
|:---------:|:----------:|:-----------:|:------------------:|:---------------------:|
| iv_507 | 1.4997719316902912 × 10^296 | 4055 | 72 | ½^160.00000000000068 |
| iv_509 | 3.840912619533875 × 10^296 | 4051 | 78 | ½^160.00000000000068 |
| iv_508 | 2.50293479902894 × 10^296 | 4044 | 70 | ½^160.0000000000007 |
| iv_511 | 2.0982634859656327 × 10^296 | 4111 | 74 | ½^160.00000000000077 |
| iv_505 | 3.6674473210553685 × 10^295 | 3984 | 79 | ½^160.00000000000077 |
| iv_512 | 2.4753591730156292 × 10^296 | 4273 | 78 | ½^160.00000000000085 |
| iv_506 | 5.9730159676397445 × 10^296 | 4279 | 73 | ½^160.00000000000085 |

## Input Bit/Output Bit Collision Probabilities

| Input Bit | Output Bit | Collision Probability |
|:---------:|:----------:|:---------------------:|
| iv_511 | ov_113 | 0.5000000000000018 |
| iv_511 | ov_140 | 0.5000000000000017 |
| iv_511 | ov_147 | 0.5000000000000017 |
| iv_508 | ov_036 | 0.5000000000000014 |
| iv_511 | ov_132 | 0.5000000000000014 |
| iv_506 | aaa_76_28 | 0.5000000000000013 |
| iv_507 | ov_101 | 0.5000000000000013 |

## Input Bit Co-occurrences

### Input Bit Co-occurrences Sorted by Co-occurrences

| Input Bits | Co-occurrences | Potential Occurrences | Output Co-occurrences | Potential Output Occurrences |
|:----------:|:--------------:|:---------------------:|:---------------------:|:----------------------------:|
| iv_511-iv_512 | 2032 | 4320 | 39 | 74 |
| iv_506-iv_512 | 2018 | 4516 | 35 | 81 |
| iv_509-iv_512 | 1981 | 4362 | 37 | 82 |
| iv_506-iv_508 | 1976 | 4371 | 28 | 87 |
| iv_508-iv_512 | 1944 | 4429 | 29 | 90 |
| iv_509-iv_511 | 1934 | 4294 | 39 | 74 |
| iv_506-iv_511 | 1931 | 4528 | 31 | 85 |

### Input Bit Co-occurrences Sorted by Potential Occurrences

| Input Bits | Co-occurrences | Potential Occurrences | Output Co-occurrences | Potential Output Occurrences |
|:----------:|:--------------:|:---------------------:|:---------------------:|:----------------------------:|
| iv_508-iv_509 | 1926 | 4243 | 35 | 78 |
| iv_509-iv_511 | 1934 | 4294 | 39 | 74 |
| iv_507-iv_508 | 1897 | 4305 | 35 | 72 |
| iv_507-iv_509 | 1893 | 4320 | 36 | 78 |
| iv_511-iv_512 | 2032 | 4320 | 39 | 74 |
| iv_505-iv_507 | 1857 | 4325 | 33 | 85 |
| iv_507-iv_511 | 1919 | 4328 | 32 | 82 |

### Input Bit Output Co-occurrences Sorted by Output Co-occurrences

| Input Bits | Co-occurrences | Potential Occurrences | Output Co-occurrences | Potential Output Occurrences |
|:----------:|:--------------:|:---------------------:|:---------------------:|:----------------------------:|
| iv_509-iv_511 | 1934 | 4294 | 39 | 74 |
| iv_511-iv_512 | 2032 | 4320 | 39 | 74 |
| iv_505-iv_512 | 1843 | 4571 | 38 | 81 |
| iv_505-iv_506 | 1866 | 4531 | 38 | 76 |
| iv_505-iv_509 | 1849 | 4337 | 37 | 83 |
| iv_509-iv_512 | 1981 | 4362 | 37 | 82 |
| iv_507-iv_509 | 1893 | 4320 | 36 | 78 |

### Input Bit Output Co-occurrences Sorted by Potential Output Occurrences

| Input Bits | Co-occurrences | Potential Occurrences | Output Co-occurrences | Potential Output Occurrences |
|:----------:|:--------------:|:---------------------:|:---------------------:|:----------------------------:|
| iv_507-iv_508 | 1897 | 4305 | 35 | 72 |
| iv_508-iv_511 | 1906 | 4343 | 35 | 74 |
| iv_509-iv_511 | 1934 | 4294 | 39 | 74 |
| iv_511-iv_512 | 2032 | 4320 | 39 | 74 |
| iv_505-iv_506 | 1866 | 4531 | 38 | 76 |
| iv_508-iv_509 | 1926 | 4243 | 35 | 78 |
| iv_507-iv_509 | 1893 | 4320 | 36 | 78 |

## Output Bits

### Output Bits in Regular Order

| Rank | Output Bit | Complexity |
|:----:|:----------:|:----------:|
| 1 | ov_001 | 2.9215328438667606 × 10^296 |
| 2 | ov_002 | 2.553551552219631 × 10^296 |
| 3 | ov_003 | 2.2187260303358636 × 10^296 |
| 4 | ov_004 | 1.9155277473891405 × 10^296 |
| 5 | ov_005 | 1.6425119367540473 × 10^296 |
| 6 | ov_006 | 1.3983116237195605 × 10^296 |
| 7 | ov_007 | 1.1816324424451513 × 10^296 |
| 8 | ov_008 | 9.912481528787671 × 10^295 |
| 9 | ov_009 | 8.248957167762883 × 10^295 |
| 10 | ov_010 | 6.804310831610419 × 10^295 |
| 11 | ov_011 | 5.558238824091922 × 10^295 |
| 12 | ov_012 | 4.4915293029020274 × 10^295 |
| 13 | ov_013 | 3.586024746702314 × 10^295 |
| 14 | ov_014 | 2.8245912166939613 × 10^295 |
| 15 | ov_015 | 2.1910938209138276 × 10^295 |
| 16 | ov_016 | 1.6703777726403336 × 10^295 |
| 17 | ov_017 | 1.2482543087769062 × 10^295 |
| 18 | ov_018 | 9.114906230546597 × 10^294 |
| 19 | ov_019 | 6.478029857454695 × 10^294 |
| 20 | ov_020 | 4.458522998820652 × 10^294 |
| 21 | ov_021 | 2.952414222221455 × 10^294 |
| 22 | ov_022 | 1.865136553991585 × 10^294 |
| 23 | ov_023 | 1.1115191832769092 × 10^294 |
| 24 | ov_024 | 6.157826009091802 × 10^293 |
| 25 | ov_025 | 3.1153556255996875 × 10^293 |
| 26 | ov_026 | 1.4177326414014647 × 10^293 |
| 27 | ov_027 | 5.887636094923687 × 10^292 |
| 28 | ov_028 | 2.461051180927999 × 10^292 |
| 29 | ov_029 | 1.0126204628746906 × 10^292 |
| 30 | ov_030 | 3.3448801005916527 × 10^291 |
| 31 | ov_031 | 8.083743009623845 × 10^290 |
| 32 | lv_80_m31 | 1.953049280027207 × 10^290 |
| 33 | ov_033 | 2.3569919679982137 × 10^291 |
| 34 | ov_034 | 2.0401858682787838 × 10^291 |
| 35 | ov_035 | 1.756387431768922 × 10^291 |
| 36 | ov_036 | 1.504008785088917 × 10^291 |
| 37 | ov_037 | 1.2815492681895822 × 10^291 |
| 38 | ov_038 | 1.0862443401680845 × 10^291 |
| 39 | ov_039 | 9.154750585128273 × 10^290 |
| 40 | ov_040 | 7.667591426477129 × 10^290 |
| 41 | ov_041 | 6.3774334969147275 × 10^290 |
| 42 | ov_042 | 5.261970257934068 × 10^290 |
| 43 | ov_043 | 4.3000670494551276 × 10^290 |
| 44 | ov_044 | 3.471716353312444 × 10^290 |
| 45 | ov_045 | 2.7580012110403147 × 10^290 |
| 46 | ov_046 | 2.1497316863644145 × 10^290 |
| 47 | ov_047 | 1.6382418433346313 × 10^290 |
| 48 | ov_048 | 1.2153794948347193 × 10^290 |
| 49 | ov_049 | 8.734983521738994 × 10^289 |
| 50 | ov_050 | 6.05452177169308 × 10^289 |
| 51 | ov_051 | 4.045905719889478 × 10^289 |
| 52 | ov_052 | 2.590896554648799 × 10^289 |
| 53 | ov_053 | 1.581064763021779 × 10^289 |
| 54 | ov_054 | 9.177721835593302 × 10^288 |
| 55 | ov_055 | 5.121622659422692 × 10^288 |
| 56 | ov_056 | 2.8515501218264936 × 10^288 |
| 57 | ov_057 | 1.6744423689174432 × 10^288 |
| 58 | ov_058 | 9.949600139383831 × 10^287 |
| 59 | ov_059 | 5.39862563870005 × 10^287 |
| 60 | ov_060 | 2.6029559169407672 × 10^287 |
| 61 | ov_061 | 1.0740504454202786 × 10^287 |
| 62 | ov_062 | 3.5579314871273862 × 10^286 |
| 63 | ov_063 | 8.623926422739064 × 10^285 |
| 64 | lv_79_m31 | 2.089082736432297 × 10^285 |
| 65 | ov_065 | 2.4623176001228746 × 10^286 |
| 66 | ov_066 | 2.4623117971773123 × 10^286 |
| 67 | ov_067 | 2.4623099166542696 × 10^286 |
| 68 | ov_068 | 2.1380750883760494 × 10^286 |
| 69 | ov_069 | 1.8448335773412277 × 10^286 |
| 70 | ov_070 | 1.5810834832864316 × 10^286 |
| 71 | ov_071 | 1.3454156626556228 × 10^286 |
| 72 | ov_072 | 1.1365073887636984 × 10^286 |
| 73 | ov_073 | 9.531165618517606 × 10^285 |
| 74 | ov_074 | 7.929802807206598 × 10^285 |
| 75 | ov_075 | 6.539724998656974 × 10^285 |
| 76 | ov_076 | 5.3409585219785805 × 10^285 |
| 77 | ov_077 | 4.314743280305825 × 10^285 |
| 78 | ov_078 | 3.443467604085369 × 10^285 |
| 79 | ov_079 | 2.7106106776761972 × 10^285 |
| 80 | ov_080 | 2.100692056081896 × 10^285 |
| 81 | ov_081 | 1.5992277937405598 × 10^285 |
| 82 | ov_082 | 1.1926927109281203 × 10^285 |
| 83 | ov_083 | 8.684883257993222 × 10^284 |
| 84 | ov_084 | 6.149159816856093 × 10^284 |
| 85 | ov_085 | 4.21154700239033 × 10^284 |
| 86 | ov_086 | 2.7724329154740538 × 10^284 |
| 87 | ov_087 | 1.7406625261947013 × 10^284 |
| 88 | ov_088 | 1.033429857893242 × 10^284 |
| 89 | ov_089 | 5.761986868034821 × 10^283 |
| 90 | ov_090 | 3.02647074220141 × 10^283 |
| 91 | ov_091 | 1.546310484307079 × 10^283 |
| 92 | ov_092 | 8.216279276467779 × 10^282 |
| 93 | ov_093 | 4.339892613699438 × 10^282 |
| 94 | ov_094 | 1.9452900793728025 × 10^282 |
| 95 | aaa_78_28 | 6.2565127466393064 × 10^281 |
| 96 | aaa_78_29 | 2.3704968839214968 × 10^281 |
| 97 | ov_097 | 2.5815042502353813 × 10^281 |
| 98 | ov_098 | 2.581426351181341 × 10^281 |
| 99 | ov_099 | 2.5814014791408484 × 10^281 |
| 100 | ov_100 | 2.323087253614001 × 10^281 |
| 101 | ov_101 | 2.0838380897957294 × 10^281 |
| 102 | ov_102 | 1.8626047717946855 × 10^281 |
| 103 | ov_103 | 1.6584148248031343 × 10^281 |
| 104 | ov_104 | 1.4703625202907706 × 10^281 |
| 105 | ov_105 | 1.297599820890508 × 10^281 |
| 106 | ov_106 | 1.1393282141530598 × 10^281 |
| 107 | ov_107 | 9.947913865726868 × 10^280 |
| 108 | ov_108 | 8.63268691122253 × 10^280 |
| 109 | ov_109 | 7.440693630296579 × 10^280 |
| 110 | ov_110 | 6.3652743972480965 × 10^280 |
| 111 | ov_111 | 5.399972671438356 × 10^280 |
| 112 | ov_112 | 4.538494753028617 × 10^280 |
| 113 | ov_113 | 3.77467455968453 × 10^280 |
| 114 | ov_114 | 3.1024437564932174 × 10^280 |
| 115 | ov_115 | 2.5158068272648438 × 10^280 |
| 116 | ov_116 | 2.0088206772385452 × 10^280 |
| 117 | ov_117 | 1.5755783583799032 × 10^280 |
| 118 | ov_118 | 1.2101965091373897 × 10^280 |
| 119 | ov_119 | 9.068061008892645 × 10^279 |
| 120 | ov_120 | 6.595460834935945 × 10^279 |
| 121 | ov_121 | 4.6255952244219214 × 10^279 |
| 122 | ov_122 | 3.099916360420269 × 10^279 |
| 123 | ov_123 | 1.9598887468217915 × 10^279 |
| 124 | ov_124 | 1.146983846479325 × 10^279 |
| 125 | ov_125 | 6.026765606925644 × 10^278 |
| 126 | ov_126 | 2.6844320239648263 × 10^278 |
| 127 | aaa_77_28 | 8.576053599636806 × 10^277 |
| 128 | aaa_77_29 | 3.215958732174942 × 10^277 |
| 129 | ov_129 | 2.9586184847939666 × 10^277 |
| 130 | ov_130 | 2.958611464719927 × 10^277 |
| 131 | ov_131 | 2.9586092054068254 × 10^277 |
| 132 | ov_132 | 2.5691533467166614 × 10^277 |
| 133 | ov_133 | 2.2173293537568096 × 10^277 |
| 134 | ov_134 | 1.9014417040991896 × 10^277 |
| 135 | ov_135 | 1.619891973603066 × 10^277 |
| 136 | ov_136 | 1.371171568657259 × 10^277 |
| 137 | ov_137 | 1.1525077724307828 × 10^277 |
| 138 | ov_138 | 9.612783385724859 × 10^276 |
| 139 | ov_139 | 7.950022955040555 × 10^276 |
| 140 | ov_140 | 6.513320861755425 × 10^276 |
| 141 | ov_141 | 5.280469355463154 × 10^276 |
| 142 | ov_142 | 4.2304731870989287 × 10^276 |
| 143 | ov_143 | 3.34350401623206 × 10^276 |
| 144 | ov_144 | 2.6008633433148146 × 10^276 |
| 145 | ov_145 | 1.9849528441961257 × 10^276 |
| 146 | ov_146 | 1.479251061966302 × 10^276 |
| 147 | ov_147 | 1.0757639373513303 × 10^276 |
| 148 | ov_148 | 7.600744918034253 × 10^275 |
| 149 | ov_149 | 5.188015425745259 × 10^275 |
| 150 | ov_150 | 3.395929176054916 × 10^275 |
| 151 | ov_151 | 2.1112095893324867 × 10^275 |
| 152 | ov_152 | 1.2307973120695914 × 10^275 |
| 153 | ov_153 | 6.618342859997035 × 10^274 |
| 154 | ov_154 | 3.216555008953522 × 10^274 |
| 155 | ov_155 | 1.377850094693333 × 10^274 |
| 156 | aaa_76_25 | 4.793406152105466 × 10^273 |
| 157 | aaa_76_26 | 2.9522008378823075 × 10^273 |
| 158 | aaa_76_27 | 1.6202706361075037 × 10^273 |
| 159 | aaa_76_28 | 7.644660857593128 × 10^272 |
| 160 | aaa_76_29 | 2.882064948529891 × 10^272 |

### Output Bits Sorted by Complexity

| Rank | Output Bit | Complexity |
|:----:|:----------:|:----------:|
| 160 | aaa_76_29 | 2.882064948529891 × 10^272 |
| 159 | aaa_76_28 | 7.644660857593128 × 10^272 |
| 158 | aaa_76_27 | 1.6202706361075037 × 10^273 |
| 157 | aaa_76_26 | 2.9522008378823075 × 10^273 |
| 156 | aaa_76_25 | 4.793406152105466 × 10^273 |
| 155 | ov_155 | 1.377850094693333 × 10^274 |
| 154 | ov_154 | 3.216555008953522 × 10^274 |
| 153 | ov_153 | 6.618342859997035 × 10^274 |
| 152 | ov_152 | 1.2307973120695914 × 10^275 |
| 151 | ov_151 | 2.1112095893324867 × 10^275 |
| 150 | ov_150 | 3.395929176054916 × 10^275 |
| 149 | ov_149 | 5.188015425745259 × 10^275 |
| 148 | ov_148 | 7.600744918034253 × 10^275 |
| 147 | ov_147 | 1.0757639373513303 × 10^276 |
| 146 | ov_146 | 1.479251061966302 × 10^276 |
| 145 | ov_145 | 1.9849528441961257 × 10^276 |
| 144 | ov_144 | 2.6008633433148146 × 10^276 |
| 143 | ov_143 | 3.34350401623206 × 10^276 |
| 142 | ov_142 | 4.2304731870989287 × 10^276 |
| 141 | ov_141 | 5.280469355463154 × 10^276 |
| 140 | ov_140 | 6.513320861755425 × 10^276 |
| 139 | ov_139 | 7.950022955040555 × 10^276 |
| 138 | ov_138 | 9.612783385724859 × 10^276 |
| 137 | ov_137 | 1.1525077724307828 × 10^277 |
| 136 | ov_136 | 1.371171568657259 × 10^277 |
| 135 | ov_135 | 1.619891973603066 × 10^277 |
| 134 | ov_134 | 1.9014417040991896 × 10^277 |
| 133 | ov_133 | 2.2173293537568096 × 10^277 |
| 132 | ov_132 | 2.5691533467166614 × 10^277 |
| 131 | ov_131 | 2.9586092054068254 × 10^277 |
| 130 | ov_130 | 2.958611464719927 × 10^277 |
| 129 | ov_129 | 2.9586184847939666 × 10^277 |
| 128 | aaa_77_29 | 3.215958732174942 × 10^277 |
| 127 | aaa_77_28 | 8.576053599636806 × 10^277 |
| 126 | ov_126 | 2.6844320239648263 × 10^278 |
| 125 | ov_125 | 6.026765606925644 × 10^278 |
| 124 | ov_124 | 1.146983846479325 × 10^279 |
| 123 | ov_123 | 1.9598887468217915 × 10^279 |
| 122 | ov_122 | 3.099916360420269 × 10^279 |
| 121 | ov_121 | 4.6255952244219214 × 10^279 |
| 120 | ov_120 | 6.595460834935945 × 10^279 |
| 119 | ov_119 | 9.068061008892645 × 10^279 |
| 118 | ov_118 | 1.2101965091373897 × 10^280 |
| 117 | ov_117 | 1.5755783583799032 × 10^280 |
| 116 | ov_116 | 2.0088206772385452 × 10^280 |
| 115 | ov_115 | 2.5158068272648438 × 10^280 |
| 114 | ov_114 | 3.1024437564932174 × 10^280 |
| 113 | ov_113 | 3.77467455968453 × 10^280 |
| 112 | ov_112 | 4.538494753028617 × 10^280 |
| 111 | ov_111 | 5.399972671438356 × 10^280 |
| 110 | ov_110 | 6.3652743972480965 × 10^280 |
| 109 | ov_109 | 7.440693630296579 × 10^280 |
| 108 | ov_108 | 8.63268691122253 × 10^280 |
| 107 | ov_107 | 9.947913865726868 × 10^280 |
| 106 | ov_106 | 1.1393282141530598 × 10^281 |
| 105 | ov_105 | 1.297599820890508 × 10^281 |
| 104 | ov_104 | 1.4703625202907706 × 10^281 |
| 103 | ov_103 | 1.6584148248031343 × 10^281 |
| 102 | ov_102 | 1.8626047717946855 × 10^281 |
| 101 | ov_101 | 2.0838380897957294 × 10^281 |
| 100 | ov_100 | 2.323087253614001 × 10^281 |
| 96 | aaa_78_29 | 2.3704968839214968 × 10^281 |
| 99 | ov_099 | 2.5814014791408484 × 10^281 |
| 98 | ov_098 | 2.581426351181341 × 10^281 |
| 97 | ov_097 | 2.5815042502353813 × 10^281 |
| 95 | aaa_78_28 | 6.2565127466393064 × 10^281 |
| 94 | ov_094 | 1.9452900793728025 × 10^282 |
| 93 | ov_093 | 4.339892613699438 × 10^282 |
| 92 | ov_092 | 8.216279276467779 × 10^282 |
| 91 | ov_091 | 1.546310484307079 × 10^283 |
| 90 | ov_090 | 3.02647074220141 × 10^283 |
| 89 | ov_089 | 5.761986868034821 × 10^283 |
| 88 | ov_088 | 1.033429857893242 × 10^284 |
| 87 | ov_087 | 1.7406625261947013 × 10^284 |
| 86 | ov_086 | 2.7724329154740538 × 10^284 |
| 85 | ov_085 | 4.21154700239033 × 10^284 |
| 84 | ov_084 | 6.149159816856093 × 10^284 |
| 83 | ov_083 | 8.684883257993222 × 10^284 |
| 82 | ov_082 | 1.1926927109281203 × 10^285 |
| 81 | ov_081 | 1.5992277937405598 × 10^285 |
| 64 | lv_79_m31 | 2.089082736432297 × 10^285 |
| 80 | ov_080 | 2.100692056081896 × 10^285 |
| 79 | ov_079 | 2.7106106776761972 × 10^285 |
| 78 | ov_078 | 3.443467604085369 × 10^285 |
| 77 | ov_077 | 4.314743280305825 × 10^285 |
| 76 | ov_076 | 5.3409585219785805 × 10^285 |
| 75 | ov_075 | 6.539724998656974 × 10^285 |
| 74 | ov_074 | 7.929802807206598 × 10^285 |
| 63 | ov_063 | 8.623926422739064 × 10^285 |
| 73 | ov_073 | 9.531165618517606 × 10^285 |
| 72 | ov_072 | 1.1365073887636984 × 10^286 |
| 71 | ov_071 | 1.3454156626556228 × 10^286 |
| 70 | ov_070 | 1.5810834832864316 × 10^286 |
| 69 | ov_069 | 1.8448335773412277 × 10^286 |
| 68 | ov_068 | 2.1380750883760494 × 10^286 |
| 67 | ov_067 | 2.4623099166542696 × 10^286 |
| 66 | ov_066 | 2.4623117971773123 × 10^286 |
| 65 | ov_065 | 2.4623176001228746 × 10^286 |
| 62 | ov_062 | 3.5579314871273862 × 10^286 |
| 61 | ov_061 | 1.0740504454202786 × 10^287 |
| 60 | ov_060 | 2.6029559169407672 × 10^287 |
| 59 | ov_059 | 5.39862563870005 × 10^287 |
| 58 | ov_058 | 9.949600139383831 × 10^287 |
| 57 | ov_057 | 1.6744423689174432 × 10^288 |
| 56 | ov_056 | 2.8515501218264936 × 10^288 |
| 55 | ov_055 | 5.121622659422692 × 10^288 |
| 54 | ov_054 | 9.177721835593302 × 10^288 |
| 53 | ov_053 | 1.581064763021779 × 10^289 |
| 52 | ov_052 | 2.590896554648799 × 10^289 |
| 51 | ov_051 | 4.045905719889478 × 10^289 |
| 50 | ov_050 | 6.05452177169308 × 10^289 |
| 49 | ov_049 | 8.734983521738994 × 10^289 |
| 48 | ov_048 | 1.2153794948347193 × 10^290 |
| 47 | ov_047 | 1.6382418433346313 × 10^290 |
| 32 | lv_80_m31 | 1.953049280027207 × 10^290 |
| 46 | ov_046 | 2.1497316863644145 × 10^290 |
| 45 | ov_045 | 2.7580012110403147 × 10^290 |
| 44 | ov_044 | 3.471716353312444 × 10^290 |
| 43 | ov_043 | 4.3000670494551276 × 10^290 |
| 42 | ov_042 | 5.261970257934068 × 10^290 |
| 41 | ov_041 | 6.3774334969147275 × 10^290 |
| 40 | ov_040 | 7.667591426477129 × 10^290 |
| 31 | ov_031 | 8.083743009623845 × 10^290 |
| 39 | ov_039 | 9.154750585128273 × 10^290 |
| 38 | ov_038 | 1.0862443401680845 × 10^291 |
| 37 | ov_037 | 1.2815492681895822 × 10^291 |
| 36 | ov_036 | 1.504008785088917 × 10^291 |
| 35 | ov_035 | 1.756387431768922 × 10^291 |
| 34 | ov_034 | 2.0401858682787838 × 10^291 |
| 33 | ov_033 | 2.3569919679982137 × 10^291 |
| 30 | ov_030 | 3.3448801005916527 × 10^291 |
| 29 | ov_029 | 1.0126204628746906 × 10^292 |
| 28 | ov_028 | 2.461051180927999 × 10^292 |
| 27 | ov_027 | 5.887636094923687 × 10^292 |
| 26 | ov_026 | 1.4177326414014647 × 10^293 |
| 25 | ov_025 | 3.1153556255996875 × 10^293 |
| 24 | ov_024 | 6.157826009091802 × 10^293 |
| 23 | ov_023 | 1.1115191832769092 × 10^294 |
| 22 | ov_022 | 1.865136553991585 × 10^294 |
| 21 | ov_021 | 2.952414222221455 × 10^294 |
| 20 | ov_020 | 4.458522998820652 × 10^294 |
| 19 | ov_019 | 6.478029857454695 × 10^294 |
| 18 | ov_018 | 9.114906230546597 × 10^294 |
| 17 | ov_017 | 1.2482543087769062 × 10^295 |
| 16 | ov_016 | 1.6703777726403336 × 10^295 |
| 15 | ov_015 | 2.1910938209138276 × 10^295 |
| 14 | ov_014 | 2.8245912166939613 × 10^295 |
| 13 | ov_013 | 3.586024746702314 × 10^295 |
| 12 | ov_012 | 4.4915293029020274 × 10^295 |
| 11 | ov_011 | 5.558238824091922 × 10^295 |
| 10 | ov_010 | 6.804310831610419 × 10^295 |
| 9 | ov_009 | 8.248957167762883 × 10^295 |
| 8 | ov_008 | 9.912481528787671 × 10^295 |
| 7 | ov_007 | 1.1816324424451513 × 10^296 |
| 6 | ov_006 | 1.3983116237195605 × 10^296 |
| 5 | ov_005 | 1.6425119367540473 × 10^296 |
| 4 | ov_004 | 1.9155277473891405 × 10^296 |
| 3 | ov_003 | 2.2187260303358636 × 10^296 |
| 2 | ov_002 | 2.553551552219631 × 10^296 |
| 1 | ov_001 | 2.9215328438667606 × 10^296 |

