# Results for F001-F002-F003-F004-F005-F006-F007-F008-F009-F010-F011-F012-F013-F014-F015-F016-F017-F018-F019-F020-F021-F022-F023-F024-F025-F026-F027-F028-F029-F030-F031-F032-F033-F034-F035-F036-F037-F038-F039-F040-F041-F042-F043-F044-F045-F046-F047-F048-F049-F050-F051-F052-F053-F054-F055-F056-F057-F058-F059-F060-F061-F062-F063-F064-F065-F066-F067-F068-F069-F070-F071-F072-F073-F074-F075-F076-F077-F078-F079-F080-F081-F082-F083-F084-F085-F086-F087-F088-F089-F090-F091-F092-F093-F094-F095-F096-F097-F098-F099-F100-F101-F102-F103-F104-F105-F106-F107-F108-F109-F110-F111-F112-F113-F114-F115-F116-F117-F118-F119-F120-F121-F122-F123-F124-F125-F126-F127-F128-F129-F130-F131-F132-F133-F134-F135-F136-F137-F138-F139-F140-F141-F142-F143-F144-F145-F146-F147-F148-F149-F150-F151-F152-F153-F154-F155-F156-F157-F158-F159-F160-F161-F162-F163-F164-F165-F166-F167-F168-F169-F170-F171-F172-F173-F174-F175-F176-F177-F178-F179-F180-F181-F182-F183-F184-F185-F186-F187-F188-F189-F190-F191-F192-F193-F194-F195-F196-F197-F198-F199-F200-F201-F202-F203-F204-F205-F206-F207-F208-F209-F210-F211-F212-F213-F214-F215-F216-F217-F218-F219-F220-F221-F222-F223-F224-F225-F226-F227-F228-F229-F230-F231-F232-F233-F234-F235-F236-F237-F238-F239-F240-F241-F242-F243-F244-F245-F246-F247-F248-F249-F250-F251-F252-F253-F254-F255-F256-F257-F258-F259-F260-F261-F262-F263-F264-F265-F266-F267-F268-F269-F270-F271-F272-F273-F274-F275-F276-F277-F278-F279-F280-F281-F282-F283-F284-F285-F286-F287-F288-F289-F290-F291-F292-F293-F294-F295-F296-F297-F298-F299-F300-F301-F302-F303-F304-F305-F306-F307-F308-F309-F310-F311-F312-F313-F314-F315-F316-F317-F318-F319-F320-F321-F322-F323-F324-F325-F326-F327-F328-F329-F330-F331-F332-F333-F334-F335-F336-F337-F338-F339-F340-F341-F342-F343-F344-F345-F346-F347-F348-F349-F350-F351-F352-F353-F354-F355-F356-F357-F358-F359-F360-F361-F362-F363-F364-F365-F366-F367-F368-F369-F370-F371-F372-F373-F374-F375-F376-F377-F378-F379-F380-F381-F382-F383-F384-F385-F386-F387-F388-F389-F390-F391-F392-F393-F394-F395-F396-F397-F398-F399-F400-F401-F402-F403-F404-F405-F406-F407-F408-F409-F410-F411-F412-F413-F414-F415-F416-F417-F418-F419-F420-F421-F422-F423-F424-F425-F426-F427-F428-F429-F430-F431-F432-F433-F434-F435-F436-F437-F438-F439-F440-F441-F442-F443-F444-F445-F446-F447-F448-F449-F450-F451-F452-F453-F454-F455-F456-F457-F458-F459-F460-F461-F462-F463-F464-F465-F466-F467-F468-F469-F470-F471-F472-F473-F474-F475-F476-F477-F478-F479-F480-F481-F482-F483-F484-F485-F486-F487-F488-F489-F490-F491-F492-F493-F494-F495-F496-F497-F498-F499-F500-F501-F502-F503-F504-E506512

## Summary

Number of input bits: 512  
Number of free input bits: 7  
Number of output bits: 160

Number of direct occurrences: 28781  
Number of assignments: 30661  
Number of operations: 10913015
(xor: 10882775,
and: 17373,
or: 12867)

Total complexity: 2.2259756412620902 × 10^297

Least occurring input variable: iv_505 (3982)  
Most occurring input variable: iv_506 (4380)

Most co-occurring input variables: iv_506-iv_510 (2013)  
Least co-occurring input variables: iv_505-iv_511 (1830)

Potentially most occurring input variable: iv_506/iv_508 (4640)  
Potentially least occurring input variable: iv_508/iv_509 (4240)

Least output occurring input variable: iv_506 (70)  
Most output occurring input variable: iv_510 (79)

Most output co-occurring input variables: iv_505-iv_510 (39)  
Least output co-occurring input variables: iv_506-iv_508 (30)

Potentially most output occurring input variable: iv_508/iv_510 (87)  
Potentially least output occurring input variable: iv_506/iv_511 (72)

Least complex input bit: iv_505 (4.268853972120998 × 10^295)  
Most complex input bit: iv_510 (6.451596581205514 × 10^296)

Least complex output bit: aaa_76_29 (3.3225863750845695 × 10^272)  
Most complex output bit: ov_001 (3.4671109441977223 × 10^296)

Least complex input/output complexity: iv_505/aaa_76_29 (6.371873879515132 × 10^270)  
Most complex input/output complexity: iv_510/ov_001 (1.0048807677681385 × 10^296)

Input variable with highest collision probability: iv_508 (½^160.00000000000057)

## Input Bits

### Input Bits in Regular Order

| Input Bit | Complexity | Occurrences | Output Occurrences | Collision Probability |
|:---------:|:----------:|:-----------:|:------------------:|:---------------------:|
| iv_505 | 4.268853972120998 × 10^295 | 3982 | 79 | ½^160.0000000000007 |
| iv_506 | 3.809071122080188 × 10^296 | 4380 | 70 | ½^160.0000000000007 |
| iv_507 | 1.7457121554589376 × 10^296 | 4055 | 72 | ½^160.0000000000008 |
| iv_508 | 2.913378768238143 × 10^296 | 4044 | 70 | ½^160.00000000000057 |
| iv_509 | 4.470764991860489 × 10^296 | 4048 | 78 | ½^160.0000000000008 |
| iv_510 | 6.451596581205514 × 10^296 | 4161 | 79 | ½^160.00000000000068 |
| iv_511 | 2.442347396565548 × 10^296 | 4111 | 74 | ½^160.0000000000008 |

### Input Bits Sorted by Complexity

| Input Bit | Complexity | Occurrences | Output Occurrences | Collision Probability |
|:---------:|:----------:|:-----------:|:------------------:|:---------------------:|
| iv_505 | 4.268853972120998 × 10^295 | 3982 | 79 | ½^160.0000000000007 |
| iv_507 | 1.7457121554589376 × 10^296 | 4055 | 72 | ½^160.0000000000008 |
| iv_511 | 2.442347396565548 × 10^296 | 4111 | 74 | ½^160.0000000000008 |
| iv_508 | 2.913378768238143 × 10^296 | 4044 | 70 | ½^160.00000000000057 |
| iv_506 | 3.809071122080188 × 10^296 | 4380 | 70 | ½^160.0000000000007 |
| iv_509 | 4.470764991860489 × 10^296 | 4048 | 78 | ½^160.0000000000008 |
| iv_510 | 6.451596581205514 × 10^296 | 4161 | 79 | ½^160.00000000000068 |

### Input Bits Sorted by Occurrences

| Input Bit | Complexity | Occurrences | Output Occurrences | Collision Probability |
|:---------:|:----------:|:-----------:|:------------------:|:---------------------:|
| iv_505 | 4.268853972120998 × 10^295 | 3982 | 79 | ½^160.0000000000007 |
| iv_508 | 2.913378768238143 × 10^296 | 4044 | 70 | ½^160.00000000000057 |
| iv_509 | 4.470764991860489 × 10^296 | 4048 | 78 | ½^160.0000000000008 |
| iv_507 | 1.7457121554589376 × 10^296 | 4055 | 72 | ½^160.0000000000008 |
| iv_511 | 2.442347396565548 × 10^296 | 4111 | 74 | ½^160.0000000000008 |
| iv_510 | 6.451596581205514 × 10^296 | 4161 | 79 | ½^160.00000000000068 |
| iv_506 | 3.809071122080188 × 10^296 | 4380 | 70 | ½^160.0000000000007 |

### Input Bits Sorted by Output Occurrences

| Input Bit | Complexity | Occurrences | Output Occurrences | Collision Probability |
|:---------:|:----------:|:-----------:|:------------------:|:---------------------:|
| iv_506 | 3.809071122080188 × 10^296 | 4380 | 70 | ½^160.0000000000007 |
| iv_508 | 2.913378768238143 × 10^296 | 4044 | 70 | ½^160.00000000000057 |
| iv_507 | 1.7457121554589376 × 10^296 | 4055 | 72 | ½^160.0000000000008 |
| iv_511 | 2.442347396565548 × 10^296 | 4111 | 74 | ½^160.0000000000008 |
| iv_509 | 4.470764991860489 × 10^296 | 4048 | 78 | ½^160.0000000000008 |
| iv_505 | 4.268853972120998 × 10^295 | 3982 | 79 | ½^160.0000000000007 |
| iv_510 | 6.451596581205514 × 10^296 | 4161 | 79 | ½^160.00000000000068 |

### Input Bits Sorted by Collision Probability

| Input Bit | Complexity | Occurrences | Output Occurrences | Collision Probability |
|:---------:|:----------:|:-----------:|:------------------:|:---------------------:|
| iv_508 | 2.913378768238143 × 10^296 | 4044 | 70 | ½^160.00000000000057 |
| iv_510 | 6.451596581205514 × 10^296 | 4161 | 79 | ½^160.00000000000068 |
| iv_505 | 4.268853972120998 × 10^295 | 3982 | 79 | ½^160.0000000000007 |
| iv_506 | 3.809071122080188 × 10^296 | 4380 | 70 | ½^160.0000000000007 |
| iv_507 | 1.7457121554589376 × 10^296 | 4055 | 72 | ½^160.0000000000008 |
| iv_511 | 2.442347396565548 × 10^296 | 4111 | 74 | ½^160.0000000000008 |
| iv_509 | 4.470764991860489 × 10^296 | 4048 | 78 | ½^160.0000000000008 |

## Input Bit/Output Bit Collision Probabilities

| Input Bit | Output Bit | Collision Probability |
|:---------:|:----------:|:---------------------:|
| iv_508 | ov_135 | 0.5000000000000024 |
| iv_508 | ov_034 | 0.5000000000000022 |
| iv_510 | ov_088 | 0.5000000000000019 |
| iv_505 | ov_044 | 0.5000000000000018 |
| iv_507 | ov_062 | 0.5000000000000018 |
| iv_508 | ov_063 | 0.5000000000000018 |
| iv_508 | aaa_78_29 | 0.5000000000000018 |

## Input Bit Co-occurrences

### Input Bit Co-occurrences Sorted by Co-occurrences

| Input Bits | Co-occurrences | Potential Occurrences | Output Co-occurrences | Potential Output Occurrences |
|:----------:|:--------------:|:---------------------:|:---------------------:|:----------------------------:|
| iv_506-iv_510 | 2013 | 4515 | 34 | 81 |
| iv_506-iv_511 | 1997 | 4497 | 36 | 72 |
| iv_510-iv_511 | 1952 | 4368 | 38 | 77 |
| iv_506-iv_507 | 1942 | 4551 | 32 | 78 |
| iv_509-iv_510 | 1934 | 4341 | 37 | 83 |
| iv_509-iv_511 | 1934 | 4291 | 39 | 74 |
| iv_508-iv_510 | 1933 | 4339 | 31 | 87 |

### Input Bit Co-occurrences Sorted by Potential Occurrences

| Input Bits | Co-occurrences | Potential Occurrences | Output Co-occurrences | Potential Output Occurrences |
|:----------:|:--------------:|:---------------------:|:---------------------:|:----------------------------:|
| iv_508-iv_509 | 1926 | 4240 | 35 | 78 |
| iv_509-iv_511 | 1934 | 4291 | 39 | 74 |
| iv_507-iv_508 | 1897 | 4305 | 35 | 72 |
| iv_507-iv_509 | 1893 | 4317 | 36 | 78 |
| iv_505-iv_507 | 1857 | 4323 | 33 | 85 |
| iv_507-iv_511 | 1919 | 4328 | 32 | 82 |
| iv_505-iv_509 | 1849 | 4332 | 37 | 83 |

### Input Bit Output Co-occurrences Sorted by Output Co-occurrences

| Input Bits | Co-occurrences | Potential Occurrences | Output Co-occurrences | Potential Output Occurrences |
|:----------:|:--------------:|:---------------------:|:---------------------:|:----------------------------:|
| iv_509-iv_511 | 1934 | 4291 | 39 | 74 |
| iv_505-iv_510 | 1884 | 4375 | 39 | 80 |
| iv_510-iv_511 | 1952 | 4368 | 38 | 77 |
| iv_505-iv_509 | 1849 | 4332 | 37 | 83 |
| iv_507-iv_510 | 1924 | 4368 | 37 | 77 |
| iv_509-iv_510 | 1934 | 4341 | 37 | 83 |
| iv_506-iv_511 | 1997 | 4497 | 36 | 72 |

### Input Bit Output Co-occurrences Sorted by Potential Output Occurrences

| Input Bits | Co-occurrences | Potential Occurrences | Output Co-occurrences | Potential Output Occurrences |
|:----------:|:--------------:|:---------------------:|:---------------------:|:----------------------------:|
| iv_506-iv_511 | 1997 | 4497 | 36 | 72 |
| iv_507-iv_508 | 1897 | 4305 | 35 | 72 |
| iv_508-iv_511 | 1906 | 4343 | 35 | 74 |
| iv_509-iv_511 | 1934 | 4291 | 39 | 74 |
| iv_507-iv_510 | 1924 | 4368 | 37 | 77 |
| iv_510-iv_511 | 1952 | 4368 | 38 | 77 |
| iv_508-iv_509 | 1926 | 4240 | 35 | 78 |

## Output Bits

### Output Bits in Regular Order

| Rank | Output Bit | Complexity |
|:----:|:----------:|:----------:|
| 1 | ov_001 | 3.4671109441977223 × 10^296 |
| 2 | ov_002 | 3.030411434114518 × 10^296 |
| 3 | ov_003 | 2.633059327599118 × 10^296 |
| 4 | ov_004 | 2.273240650199953 × 10^296 |
| 5 | ov_005 | 1.9492408341116056 × 10^296 |
| 6 | ov_006 | 1.6594376306004062 × 10^296 |
| 7 | ov_007 | 1.402294959058849 × 10^296 |
| 8 | ov_008 | 1.1763575867354905 × 10^296 |
| 9 | ov_009 | 9.7893986707623 × 10^295 |
| 10 | ov_010 | 8.074973609258642 × 10^295 |
| 11 | ov_011 | 6.596205397666363 × 10^295 |
| 12 | ov_012 | 5.330294501660465 × 10^295 |
| 13 | ov_013 | 4.2556925957537205 × 10^295 |
| 14 | ov_014 | 3.352066084659249 × 10^295 |
| 15 | ov_015 | 2.600266985697127 × 10^295 |
| 16 | ov_016 | 1.9823104499764935 × 10^295 |
| 17 | ov_017 | 1.4813580511260776 × 10^295 |
| 18 | ov_018 | 1.0817058385865706 × 10^295 |
| 19 | ov_019 | 7.687761724743374 × 10^294 |
| 20 | ov_020 | 5.291124499545303 × 10^294 |
| 21 | ov_021 | 3.5037592591298765 × 10^294 |
| 22 | ov_022 | 2.2134392352642455 × 10^294 |
| 23 | ov_023 | 1.3190884974690399 × 10^294 |
| 24 | ov_024 | 7.30776184113929 × 10^293 |
| 25 | ov_025 | 3.69712898464512 × 10^293 |
| 26 | ov_026 | 1.6824854335297206 × 10^293 |
| 27 | ov_027 | 6.987115716242039 × 10^292 |
| 28 | ov_028 | 2.9206372832183404 × 10^292 |
| 29 | ov_029 | 1.2017210847591118 × 10^292 |
| 30 | ov_030 | 3.9695158380181256 × 10^291 |
| 31 | ov_031 | 9.593332234044471 × 10^290 |
| 32 | lv_80_m31 | 2.3177692174473227 × 10^290 |
| 33 | ov_033 | 2.797145621929153 × 10^291 |
| 34 | ov_034 | 2.4211779695690494 × 10^291 |
| 35 | ov_035 | 2.0843819448015685 × 10^291 |
| 36 | ov_036 | 1.784873151699596 × 10^291 |
| 37 | ov_037 | 1.5208706935944932 × 10^291 |
| 38 | ov_038 | 1.2890937718274749 × 10^291 |
| 39 | ov_039 | 1.0864343748642853 × 10^291 |
| 40 | ov_040 | 9.09946673160275 × 10^290 |
| 41 | ov_041 | 7.568379712787627 × 10^290 |
| 42 | ov_042 | 6.244610551042876 × 10^290 |
| 43 | ov_043 | 5.1030778212693944 × 10^290 |
| 44 | ov_044 | 4.120037724592302 × 10^290 |
| 45 | ov_045 | 3.2730406754349022 × 10^290 |
| 46 | ov_046 | 2.551180572373087 × 10^290 |
| 47 | ov_047 | 1.9441731677498883 × 10^290 |
| 48 | ov_048 | 1.4423439020031584 × 10^290 |
| 49 | ov_049 | 1.0366185874062226 × 10^290 |
| 50 | ov_050 | 7.185164682050305 × 10^289 |
| 51 | ov_051 | 4.801452243193201 × 10^289 |
| 52 | ov_052 | 3.074729355209652 × 10^289 |
| 53 | ov_053 | 1.8763179461779944 × 10^289 |
| 54 | ov_054 | 1.0891597759430485 × 10^289 |
| 55 | ov_055 | 6.078048768242362 × 10^288 |
| 56 | ov_056 | 3.3840555008289845 × 10^288 |
| 57 | ov_057 | 1.9871311450379452 × 10^288 |
| 58 | ov_058 | 1.1807604802963532 × 10^288 |
| 59 | ov_059 | 6.40677113210631 × 10^287 |
| 60 | ov_060 | 3.0890332606932493 × 10^287 |
| 61 | ov_061 | 1.2746184522563405 × 10^287 |
| 62 | ov_062 | 4.2223365644466144 × 10^286 |
| 63 | ov_063 | 1.0234344456815203 × 10^286 |
| 64 | lv_79_m31 | 2.4791930518833592 × 10^285 |
| 65 | ov_065 | 2.9221222439160915 × 10^286 |
| 66 | ov_066 | 2.9221153565719133 × 10^286 |
| 67 | ov_067 | 2.922113124576127 × 10^286 |
| 68 | ov_068 | 2.537327781468101 × 10^286 |
| 69 | ov_069 | 2.189324578419466 × 10^286 |
| 70 | ov_070 | 1.8763209440038007 × 10^286 |
| 71 | ov_071 | 1.596644414736232 × 10^286 |
| 72 | ov_072 | 1.3487251092520497 × 10^286 |
| 73 | ov_073 | 1.1310888547908212 × 10^286 |
| 74 | ov_074 | 9.410499954971755 × 10^285 |
| 75 | ov_075 | 7.760853257392625 × 10^285 |
| 76 | ov_076 | 6.338243808196653 × 10^285 |
| 77 | ov_077 | 5.120407440883848 × 10^285 |
| 78 | ov_078 | 4.086443112857323 × 10^285 |
| 79 | ov_079 | 3.2167445399706213 × 10^285 |
| 80 | ov_080 | 2.4929402490121957 × 10^285 |
| 81 | ov_081 | 1.8978414808415772 × 10^285 |
| 82 | ov_082 | 1.4153973810837953 × 10^285 |
| 83 | ov_083 | 1.0306569181388889 × 10^285 |
| 84 | ov_084 | 7.297369700964615 × 10^284 |
| 85 | ov_085 | 4.997960232477596 × 10^284 |
| 86 | ov_086 | 3.2901292550671352 × 10^284 |
| 87 | ov_087 | 2.065701383844177 × 10^284 |
| 88 | ov_088 | 1.2264093134381208 × 10^284 |
| 89 | ov_089 | 6.837996246637648 × 10^283 |
| 90 | ov_090 | 3.5916689423936936 × 10^283 |
| 91 | ov_091 | 1.8351054783451631 × 10^283 |
| 92 | ov_092 | 9.750894310849175 × 10^282 |
| 93 | ov_093 | 5.150544219359984 × 10^282 |
| 94 | ov_094 | 2.3086828987174697 × 10^282 |
| 95 | aaa_78_28 | 7.425372575782297 × 10^281 |
| 96 | aaa_78_29 | 2.8134170163389713 × 10^281 |
| 97 | ov_097 | 3.064380875847128 × 10^281 |
| 98 | ov_098 | 3.064288235968677 × 10^281 |
| 99 | ov_099 | 3.0642586483936463 × 10^281 |
| 100 | ov_100 | 2.757752652331105 × 10^281 |
| 101 | ov_101 | 2.4738496307845157 × 10^281 |
| 102 | ov_102 | 2.2113063910383035 × 10^281 |
| 103 | ov_103 | 1.968971131283534 × 10^281 |
| 104 | ov_104 | 1.7457715523937445 × 10^281 |
| 105 | ov_105 | 1.5407040546275893 × 10^281 |
| 106 | ov_106 | 1.3528239607425827 × 10^281 |
| 107 | ov_107 | 1.1812367095277371 × 10^281 |
| 108 | ov_108 | 1.0250899658394375 × 10^281 |
| 109 | ov_109 | 8.835665949115316 × 10^280 |
| 110 | ov_110 | 7.5587845006064545 × 10^280 |
| 111 | ov_111 | 6.412609239707423 × 10^280 |
| 112 | ov_112 | 5.3896821456287685 × 10^280 |
| 113 | ov_113 | 4.482692570797437 × 10^280 |
| 114 | ov_114 | 3.6844427447507904 × 10^280 |
| 115 | ov_115 | 2.9878189852332873 × 10^280 |
| 116 | ov_116 | 2.3857681428379808 × 10^280 |
| 117 | ov_117 | 1.871278806920234 × 10^280 |
| 118 | ov_118 | 1.437366801318284 × 10^280 |
| 119 | ov_119 | 1.077064498847219 × 10^280 |
| 120 | ov_120 | 7.834134837480335 × 10^279 |
| 121 | ov_121 | 5.494600913779201 × 10^279 |
| 122 | ov_122 | 3.6825314190131876 × 10^279 |
| 123 | ov_123 | 2.3284287727427622 × 10^279 |
| 124 | ov_124 | 1.3628034230864687 × 10^279 |
| 125 | ov_125 | 7.161697839933701 × 10^278 |
| 126 | ov_126 | 3.190438970943311 × 10^278 |
| 127 | aaa_77_28 | 1.0194232443524522 × 10^278 |
| 128 | aaa_77_29 | 3.823649876879565 × 10^277 |
| 129 | ov_129 | 3.5074101166496474 × 10^277 |
| 130 | ov_130 | 3.507402026147546 × 10^277 |
| 131 | ov_131 | 3.5073994234582426 × 10^277 |
| 132 | ov_132 | 3.0455755407983837 × 10^277 |
| 133 | ov_133 | 2.6280615708336206 × 10^277 |
| 134 | ov_134 | 2.2529026154539967 × 10^277 |
| 135 | ov_135 | 1.918255331638112 × 10^277 |
| 136 | ov_136 | 1.62237958130626 × 10^277 |
| 137 | ov_137 | 1.3620760103697147 × 10^277 |
| 138 | ov_138 | 1.1343182300873156 × 10^277 |
| 139 | ov_139 | 9.362423161914604 × 10^276 |
| 140 | ov_140 | 7.651378535789696 × 10^276 |
| 141 | ov_141 | 6.184403987202975 × 10^276 |
| 142 | ov_142 | 4.9372520898540355 × 10^276 |
| 143 | ov_143 | 3.887020869479192 × 10^276 |
| 144 | ov_144 | 3.0121119714015834 × 10^276 |
| 145 | ov_145 | 2.2921972203449014 × 10^276 |
| 146 | ov_146 | 1.708192332537124 × 10^276 |
| 147 | ov_147 | 1.2422366318913764 × 10^276 |
| 148 | ov_148 | 8.776777134865986 × 10^275 |
| 149 | ov_149 | 5.990601377686615 × 10^275 |
| 150 | ov_150 | 3.9211742793695276 × 10^275 |
| 151 | ov_151 | 2.437667340502391 × 10^275 |
| 152 | ov_152 | 1.4210552050478462 × 10^275 |
| 153 | ov_153 | 7.640967559207968 × 10^274 |
| 154 | ov_154 | 3.7132532842274073 × 10^274 |
| 155 | ov_155 | 1.5904398131341092 × 10^274 |
| 156 | aaa_76_25 | 5.532328269043433 × 10^273 |
| 157 | aaa_76_26 | 3.406596648000501 × 10^273 |
| 158 | aaa_76_27 | 1.869139934663922 × 10^273 |
| 159 | aaa_76_28 | 8.816003639141637 × 10^272 |
| 160 | aaa_76_29 | 3.3225863750845695 × 10^272 |

### Output Bits Sorted by Complexity

| Rank | Output Bit | Complexity |
|:----:|:----------:|:----------:|
| 160 | aaa_76_29 | 3.3225863750845695 × 10^272 |
| 159 | aaa_76_28 | 8.816003639141637 × 10^272 |
| 158 | aaa_76_27 | 1.869139934663922 × 10^273 |
| 157 | aaa_76_26 | 3.406596648000501 × 10^273 |
| 156 | aaa_76_25 | 5.532328269043433 × 10^273 |
| 155 | ov_155 | 1.5904398131341092 × 10^274 |
| 154 | ov_154 | 3.7132532842274073 × 10^274 |
| 153 | ov_153 | 7.640967559207968 × 10^274 |
| 152 | ov_152 | 1.4210552050478462 × 10^275 |
| 151 | ov_151 | 2.437667340502391 × 10^275 |
| 150 | ov_150 | 3.9211742793695276 × 10^275 |
| 149 | ov_149 | 5.990601377686615 × 10^275 |
| 148 | ov_148 | 8.776777134865986 × 10^275 |
| 147 | ov_147 | 1.2422366318913764 × 10^276 |
| 146 | ov_146 | 1.708192332537124 × 10^276 |
| 145 | ov_145 | 2.2921972203449014 × 10^276 |
| 144 | ov_144 | 3.0121119714015834 × 10^276 |
| 143 | ov_143 | 3.887020869479192 × 10^276 |
| 142 | ov_142 | 4.9372520898540355 × 10^276 |
| 141 | ov_141 | 6.184403987202975 × 10^276 |
| 140 | ov_140 | 7.651378535789696 × 10^276 |
| 139 | ov_139 | 9.362423161914604 × 10^276 |
| 138 | ov_138 | 1.1343182300873156 × 10^277 |
| 137 | ov_137 | 1.3620760103697147 × 10^277 |
| 136 | ov_136 | 1.62237958130626 × 10^277 |
| 135 | ov_135 | 1.918255331638112 × 10^277 |
| 134 | ov_134 | 2.2529026154539967 × 10^277 |
| 133 | ov_133 | 2.6280615708336206 × 10^277 |
| 132 | ov_132 | 3.0455755407983837 × 10^277 |
| 131 | ov_131 | 3.5073994234582426 × 10^277 |
| 130 | ov_130 | 3.507402026147546 × 10^277 |
| 129 | ov_129 | 3.5074101166496474 × 10^277 |
| 128 | aaa_77_29 | 3.823649876879565 × 10^277 |
| 127 | aaa_77_28 | 1.0194232443524522 × 10^278 |
| 126 | ov_126 | 3.190438970943311 × 10^278 |
| 125 | ov_125 | 7.161697839933701 × 10^278 |
| 124 | ov_124 | 1.3628034230864687 × 10^279 |
| 123 | ov_123 | 2.3284287727427622 × 10^279 |
| 122 | ov_122 | 3.6825314190131876 × 10^279 |
| 121 | ov_121 | 5.494600913779201 × 10^279 |
| 120 | ov_120 | 7.834134837480335 × 10^279 |
| 119 | ov_119 | 1.077064498847219 × 10^280 |
| 118 | ov_118 | 1.437366801318284 × 10^280 |
| 117 | ov_117 | 1.871278806920234 × 10^280 |
| 116 | ov_116 | 2.3857681428379808 × 10^280 |
| 115 | ov_115 | 2.9878189852332873 × 10^280 |
| 114 | ov_114 | 3.6844427447507904 × 10^280 |
| 113 | ov_113 | 4.482692570797437 × 10^280 |
| 112 | ov_112 | 5.3896821456287685 × 10^280 |
| 111 | ov_111 | 6.412609239707423 × 10^280 |
| 110 | ov_110 | 7.5587845006064545 × 10^280 |
| 109 | ov_109 | 8.835665949115316 × 10^280 |
| 108 | ov_108 | 1.0250899658394375 × 10^281 |
| 107 | ov_107 | 1.1812367095277371 × 10^281 |
| 106 | ov_106 | 1.3528239607425827 × 10^281 |
| 105 | ov_105 | 1.5407040546275893 × 10^281 |
| 104 | ov_104 | 1.7457715523937445 × 10^281 |
| 103 | ov_103 | 1.968971131283534 × 10^281 |
| 102 | ov_102 | 2.2113063910383035 × 10^281 |
| 101 | ov_101 | 2.4738496307845157 × 10^281 |
| 100 | ov_100 | 2.757752652331105 × 10^281 |
| 96 | aaa_78_29 | 2.8134170163389713 × 10^281 |
| 99 | ov_099 | 3.0642586483936463 × 10^281 |
| 98 | ov_098 | 3.064288235968677 × 10^281 |
| 97 | ov_097 | 3.064380875847128 × 10^281 |
| 95 | aaa_78_28 | 7.425372575782297 × 10^281 |
| 94 | ov_094 | 2.3086828987174697 × 10^282 |
| 93 | ov_093 | 5.150544219359984 × 10^282 |
| 92 | ov_092 | 9.750894310849175 × 10^282 |
| 91 | ov_091 | 1.8351054783451631 × 10^283 |
| 90 | ov_090 | 3.5916689423936936 × 10^283 |
| 89 | ov_089 | 6.837996246637648 × 10^283 |
| 88 | ov_088 | 1.2264093134381208 × 10^284 |
| 87 | ov_087 | 2.065701383844177 × 10^284 |
| 86 | ov_086 | 3.2901292550671352 × 10^284 |
| 85 | ov_085 | 4.997960232477596 × 10^284 |
| 84 | ov_084 | 7.297369700964615 × 10^284 |
| 83 | ov_083 | 1.0306569181388889 × 10^285 |
| 82 | ov_082 | 1.4153973810837953 × 10^285 |
| 81 | ov_081 | 1.8978414808415772 × 10^285 |
| 64 | lv_79_m31 | 2.4791930518833592 × 10^285 |
| 80 | ov_080 | 2.4929402490121957 × 10^285 |
| 79 | ov_079 | 3.2167445399706213 × 10^285 |
| 78 | ov_078 | 4.086443112857323 × 10^285 |
| 77 | ov_077 | 5.120407440883848 × 10^285 |
| 76 | ov_076 | 6.338243808196653 × 10^285 |
| 75 | ov_075 | 7.760853257392625 × 10^285 |
| 74 | ov_074 | 9.410499954971755 × 10^285 |
| 63 | ov_063 | 1.0234344456815203 × 10^286 |
| 73 | ov_073 | 1.1310888547908212 × 10^286 |
| 72 | ov_072 | 1.3487251092520497 × 10^286 |
| 71 | ov_071 | 1.596644414736232 × 10^286 |
| 70 | ov_070 | 1.8763209440038007 × 10^286 |
| 69 | ov_069 | 2.189324578419466 × 10^286 |
| 68 | ov_068 | 2.537327781468101 × 10^286 |
| 67 | ov_067 | 2.922113124576127 × 10^286 |
| 66 | ov_066 | 2.9221153565719133 × 10^286 |
| 65 | ov_065 | 2.9221222439160915 × 10^286 |
| 62 | ov_062 | 4.2223365644466144 × 10^286 |
| 61 | ov_061 | 1.2746184522563405 × 10^287 |
| 60 | ov_060 | 3.0890332606932493 × 10^287 |
| 59 | ov_059 | 6.40677113210631 × 10^287 |
| 58 | ov_058 | 1.1807604802963532 × 10^288 |
| 57 | ov_057 | 1.9871311450379452 × 10^288 |
| 56 | ov_056 | 3.3840555008289845 × 10^288 |
| 55 | ov_055 | 6.078048768242362 × 10^288 |
| 54 | ov_054 | 1.0891597759430485 × 10^289 |
| 53 | ov_053 | 1.8763179461779944 × 10^289 |
| 52 | ov_052 | 3.074729355209652 × 10^289 |
| 51 | ov_051 | 4.801452243193201 × 10^289 |
| 50 | ov_050 | 7.185164682050305 × 10^289 |
| 49 | ov_049 | 1.0366185874062226 × 10^290 |
| 48 | ov_048 | 1.4423439020031584 × 10^290 |
| 47 | ov_047 | 1.9441731677498883 × 10^290 |
| 32 | lv_80_m31 | 2.3177692174473227 × 10^290 |
| 46 | ov_046 | 2.551180572373087 × 10^290 |
| 45 | ov_045 | 3.2730406754349022 × 10^290 |
| 44 | ov_044 | 4.120037724592302 × 10^290 |
| 43 | ov_043 | 5.1030778212693944 × 10^290 |
| 42 | ov_042 | 6.244610551042876 × 10^290 |
| 41 | ov_041 | 7.568379712787627 × 10^290 |
| 40 | ov_040 | 9.09946673160275 × 10^290 |
| 31 | ov_031 | 9.593332234044471 × 10^290 |
| 39 | ov_039 | 1.0864343748642853 × 10^291 |
| 38 | ov_038 | 1.2890937718274749 × 10^291 |
| 37 | ov_037 | 1.5208706935944932 × 10^291 |
| 36 | ov_036 | 1.784873151699596 × 10^291 |
| 35 | ov_035 | 2.0843819448015685 × 10^291 |
| 34 | ov_034 | 2.4211779695690494 × 10^291 |
| 33 | ov_033 | 2.797145621929153 × 10^291 |
| 30 | ov_030 | 3.9695158380181256 × 10^291 |
| 29 | ov_029 | 1.2017210847591118 × 10^292 |
| 28 | ov_028 | 2.9206372832183404 × 10^292 |
| 27 | ov_027 | 6.987115716242039 × 10^292 |
| 26 | ov_026 | 1.6824854335297206 × 10^293 |
| 25 | ov_025 | 3.69712898464512 × 10^293 |
| 24 | ov_024 | 7.30776184113929 × 10^293 |
| 23 | ov_023 | 1.3190884974690399 × 10^294 |
| 22 | ov_022 | 2.2134392352642455 × 10^294 |
| 21 | ov_021 | 3.5037592591298765 × 10^294 |
| 20 | ov_020 | 5.291124499545303 × 10^294 |
| 19 | ov_019 | 7.687761724743374 × 10^294 |
| 18 | ov_018 | 1.0817058385865706 × 10^295 |
| 17 | ov_017 | 1.4813580511260776 × 10^295 |
| 16 | ov_016 | 1.9823104499764935 × 10^295 |
| 15 | ov_015 | 2.600266985697127 × 10^295 |
| 14 | ov_014 | 3.352066084659249 × 10^295 |
| 13 | ov_013 | 4.2556925957537205 × 10^295 |
| 12 | ov_012 | 5.330294501660465 × 10^295 |
| 11 | ov_011 | 6.596205397666363 × 10^295 |
| 10 | ov_010 | 8.074973609258642 × 10^295 |
| 9 | ov_009 | 9.7893986707623 × 10^295 |
| 8 | ov_008 | 1.1763575867354905 × 10^296 |
| 7 | ov_007 | 1.402294959058849 × 10^296 |
| 6 | ov_006 | 1.6594376306004062 × 10^296 |
| 5 | ov_005 | 1.9492408341116056 × 10^296 |
| 4 | ov_004 | 2.273240650199953 × 10^296 |
| 3 | ov_003 | 2.633059327599118 × 10^296 |
| 2 | ov_002 | 3.030411434114518 × 10^296 |
| 1 | ov_001 | 3.4671109441977223 × 10^296 |

