# Results for F001-F002-F003-F004-F005-F006-F007-F008-F009-F010-F011-F012-F013-F014-F015-F016-F017-F018-F019-F020-F021-F022-F023-F024-F025-F026-F027-F028-F029-F030-F031-F032-F033-F034-F035-F036-F037-F038-F039-F040-F041-F042-F043-F044-F045-F046-F047-F048-F049-F050-F051-F052-F053-F054-F055-F056-F057-F058-F059-F060-F061-F062-F063-F064-F065-F066-F067-F068-F069-F070-F071-F072-F073-F074-F075-F076-F077-F078-F079-F080-F081-F082-F083-F084-F085-F086-F087-F088-F089-F090-F091-F092-F093-F094-F095-F096-F097-F098-F099-F100-F101-F102-F103-F104-F105-F106-F107-F108-F109-F110-F111-F112-F113-F114-F115-F116-F117-F118-F119-F120-F121-F122-F123-F124-F125-F126-F127-F128-F129-F130-F131-F132-F133-F134-F135-F136-F137-F138-F139-F140-F141-F142-F143-F144-F145-F146-F147-F148-F149-F150-F151-F152-F153-F154-F155-F156-F157-F158-F159-F160-F161-F162-F163-F164-F165-F166-F167-F168-F169-F170-F171-F172-F173-F174-F175-F176-F177-F178-F179-F180-F181-F182-F183-F184-F185-F186-F187-F188-F189-F190-F191-F192-F193-F194-F195-F196-F197-F198-F199-F200-F201-F202-F203-F204-F205-F206-F207-F208-F209-F210-F211-F212-F213-F214-F215-F216-F217-F218-F219-F220-F221-F222-F223-F224-F225-F226-F227-F228-F229-F230-F231-F232-F233-F234-F235-F236-F237-F238-F239-F240-F241-F242-F243-F244-F245-F246-F247-F248-F249-F250-F251-F252-F253-F254-F255-F256-F257-F258-F259-F260-F261-F262-F263-F264-F265-F266-F267-F268-F269-F270-F271-F272-F273-F274-F275-F276-F277-F278-F279-F280-F281-F282-F283-F284-F285-F286-F287-F288-F289-F290-F291-F292-F293-F294-F295-F296-F297-F298-F299-F300-F301-F302-F303-F304-F305-F306-F307-F308-F309-F310-F311-F312-F313-F314-F315-F316-F317-F318-F319-F320-F321-F322-F323-F324-F325-F326-F327-F328-F329-F330-F331-F332-F333-F334-F335-F336-F337-F338-F339-F340-F341-F342-F343-F344-F345-F346-F347-F348-F349-F350-F351-F352-F353-F354-F355-F356-F357-F358-F359-F360-F361-F362-F363-F364-F365-F366-F367-F368-F369-F370-F371-F372-F373-F374-F375-F376-F377-F378-F379-F380-F381-F382-F383-F384-F385-F386-F387-F388-F389-F390-F391-F392-F393-F394-F395-F396-F397-F398-F399-F400-F401-F402-F403-F404-F405-F406-F407-F408-F409-F410-F411-F412-F413-F414-F415-F416-F417-F418-F419-F420-F421-F422-F423-F424-F425-F426-F427-F428-F429-F430-F431-F432-F433-F434-F435-F436-F437-F438-F439-F440-F441-F442-F443-F444-F445-F446-F447-F448-F449-F450-F451-F452-F453-F454-F455-F456-F457-F458-F459-F460-F461-F462-F463-F464-F465-F466-F467-F468-F469-F470-F471-F472-F473-F474-F475-F476-F477-F478-F479-F480-F481-F482-F483-F484-F485-F486-F487-F488-F489-F490-F491-F492-F493-F494-F495-F496-F497-F498-F499-F500-F501-E503504-E506508-T510-F512

## Summary

Number of input bits: 512  
Number of free input bits: 7  
Number of output bits: 160

Number of direct occurrences: 29942  
Number of assignments: 31302  
Number of operations: 11820284
(xor: 11789720,
and: 17463,
or: 13101)

Total complexity: 2.137847735206698 × 10^306

Least occurring input variable: iv_505 (4012)  
Most occurring input variable: iv_506 (4524)

Most co-occurring input variables: iv_506-iv_507 (2094)  
Least co-occurring input variables: iv_505-iv_511 (1880)

Potentially most occurring input variable: iv_503/iv_506 (4816)  
Potentially least occurring input variable: iv_502/iv_505 (4342)

Least output occurring input variable: iv_505 (64)  
Most output occurring input variable: iv_502 (81)

Most output co-occurring input variables: iv_509-iv_511 (43)  
Least output co-occurring input variables: iv_502-iv_505 (30)

Potentially most output occurring input variable: iv_507/iv_511 (92)  
Potentially least output occurring input variable: iv_505/iv_509 (70)

Least complex input bit: iv_511 (5.905204519749612 × 10^302)  
Most complex input bit: iv_509 (7.076917712311999 × 10^305)

Least complex output bit: aaa_76_29 (4.456225704041231 × 10^280)  
Most complex output bit: ov_001 (3.3851470657123036 × 10^305)

Least complex input/output complexity: iv_511/aaa_76_29 (1.230907315575699 × 10^277)  
Most complex input/output complexity: iv_509/ov_001 (1.1205852892888153 × 10^305)

Input variable with highest collision probability: iv_505 (½^160.00000000000054)

## Input Bits

### Input Bits in Regular Order

| Input Bit | Complexity | Occurrences | Output Occurrences | Collision Probability |
|:---------:|:----------:|:-----------:|:------------------:|:---------------------:|
| iv_502 | 3.861721495630347 × 10^304 | 4144 | 81 | ½^160.00000000000068 |
| iv_503 | 1.4212754067122671 × 10^305 | 4470 | 76 | ½^160.0000000000006 |
| iv_505 | 1.7751720025667627 × 10^305 | 4012 | 64 | ½^160.00000000000054 |
| iv_506 | 6.687954198729136 × 10^305 | 4524 | 79 | ½^160.00000000000108 |
| iv_507 | 4.025080677664056 × 10^305 | 4292 | 78 | ½^160.00000000000088 |
| iv_509 | 7.076917712311999 × 10^305 | 4271 | 76 | ½^160.00000000000077 |
| iv_511 | 5.905204519749612 × 10^302 | 4229 | 80 | ½^160.00000000000077 |

### Input Bits Sorted by Complexity

| Input Bit | Complexity | Occurrences | Output Occurrences | Collision Probability |
|:---------:|:----------:|:-----------:|:------------------:|:---------------------:|
| iv_511 | 5.905204519749612 × 10^302 | 4229 | 80 | ½^160.00000000000077 |
| iv_502 | 3.861721495630347 × 10^304 | 4144 | 81 | ½^160.00000000000068 |
| iv_503 | 1.4212754067122671 × 10^305 | 4470 | 76 | ½^160.0000000000006 |
| iv_505 | 1.7751720025667627 × 10^305 | 4012 | 64 | ½^160.00000000000054 |
| iv_507 | 4.025080677664056 × 10^305 | 4292 | 78 | ½^160.00000000000088 |
| iv_506 | 6.687954198729136 × 10^305 | 4524 | 79 | ½^160.00000000000108 |
| iv_509 | 7.076917712311999 × 10^305 | 4271 | 76 | ½^160.00000000000077 |

### Input Bits Sorted by Occurrences

| Input Bit | Complexity | Occurrences | Output Occurrences | Collision Probability |
|:---------:|:----------:|:-----------:|:------------------:|:---------------------:|
| iv_505 | 1.7751720025667627 × 10^305 | 4012 | 64 | ½^160.00000000000054 |
| iv_502 | 3.861721495630347 × 10^304 | 4144 | 81 | ½^160.00000000000068 |
| iv_511 | 5.905204519749612 × 10^302 | 4229 | 80 | ½^160.00000000000077 |
| iv_509 | 7.076917712311999 × 10^305 | 4271 | 76 | ½^160.00000000000077 |
| iv_507 | 4.025080677664056 × 10^305 | 4292 | 78 | ½^160.00000000000088 |
| iv_503 | 1.4212754067122671 × 10^305 | 4470 | 76 | ½^160.0000000000006 |
| iv_506 | 6.687954198729136 × 10^305 | 4524 | 79 | ½^160.00000000000108 |

### Input Bits Sorted by Output Occurrences

| Input Bit | Complexity | Occurrences | Output Occurrences | Collision Probability |
|:---------:|:----------:|:-----------:|:------------------:|:---------------------:|
| iv_505 | 1.7751720025667627 × 10^305 | 4012 | 64 | ½^160.00000000000054 |
| iv_509 | 7.076917712311999 × 10^305 | 4271 | 76 | ½^160.00000000000077 |
| iv_503 | 1.4212754067122671 × 10^305 | 4470 | 76 | ½^160.0000000000006 |
| iv_507 | 4.025080677664056 × 10^305 | 4292 | 78 | ½^160.00000000000088 |
| iv_506 | 6.687954198729136 × 10^305 | 4524 | 79 | ½^160.00000000000108 |
| iv_511 | 5.905204519749612 × 10^302 | 4229 | 80 | ½^160.00000000000077 |
| iv_502 | 3.861721495630347 × 10^304 | 4144 | 81 | ½^160.00000000000068 |

### Input Bits Sorted by Collision Probability

| Input Bit | Complexity | Occurrences | Output Occurrences | Collision Probability |
|:---------:|:----------:|:-----------:|:------------------:|:---------------------:|
| iv_505 | 1.7751720025667627 × 10^305 | 4012 | 64 | ½^160.00000000000054 |
| iv_503 | 1.4212754067122671 × 10^305 | 4470 | 76 | ½^160.0000000000006 |
| iv_502 | 3.861721495630347 × 10^304 | 4144 | 81 | ½^160.00000000000068 |
| iv_509 | 7.076917712311999 × 10^305 | 4271 | 76 | ½^160.00000000000077 |
| iv_511 | 5.905204519749612 × 10^302 | 4229 | 80 | ½^160.00000000000077 |
| iv_507 | 4.025080677664056 × 10^305 | 4292 | 78 | ½^160.00000000000088 |
| iv_506 | 6.687954198729136 × 10^305 | 4524 | 79 | ½^160.00000000000108 |

## Input Bit/Output Bit Collision Probabilities

| Input Bit | Output Bit | Collision Probability |
|:---------:|:----------:|:---------------------:|
| iv_505 | ov_063 | 0.5000000000000024 |
| iv_502 | ov_058 | 0.5000000000000023 |
| iv_505 | ov_071 | 0.500000000000002 |
| iv_505 | ov_052 | 0.5000000000000019 |
| iv_502 | ov_042 | 0.5000000000000018 |
| iv_502 | ov_094 | 0.5000000000000018 |
| iv_503 | ov_016 | 0.5000000000000018 |

## Input Bit Co-occurrences

### Input Bit Co-occurrences Sorted by Co-occurrences

| Input Bits | Co-occurrences | Potential Occurrences | Output Co-occurrences | Potential Output Occurrences |
|:----------:|:--------------:|:---------------------:|:---------------------:|:----------------------------:|
| iv_506-iv_507 | 2094 | 4628 | 38 | 81 |
| iv_503-iv_506 | 2089 | 4816 | 34 | 87 |
| iv_503-iv_509 | 2067 | 4607 | 37 | 78 |
| iv_503-iv_507 | 2055 | 4652 | 35 | 84 |
| iv_503-iv_511 | 2054 | 4591 | 37 | 82 |
| iv_507-iv_509 | 2049 | 4465 | 39 | 76 |
| iv_506-iv_511 | 2048 | 4657 | 39 | 81 |

### Input Bit Co-occurrences Sorted by Potential Occurrences

| Input Bits | Co-occurrences | Potential Occurrences | Output Co-occurrences | Potential Output Occurrences |
|:----------:|:--------------:|:---------------------:|:---------------------:|:----------------------------:|
| iv_502-iv_505 | 1907 | 4342 | 30 | 85 |
| iv_502-iv_511 | 1990 | 4393 | 40 | 81 |
| iv_502-iv_507 | 2010 | 4416 | 40 | 79 |
| iv_505-iv_509 | 1928 | 4427 | 35 | 70 |
| iv_507-iv_509 | 2049 | 4465 | 39 | 76 |
| iv_505-iv_507 | 1918 | 4468 | 33 | 76 |
| iv_505-iv_511 | 1880 | 4481 | 32 | 80 |

### Input Bit Output Co-occurrences Sorted by Output Co-occurrences

| Input Bits | Co-occurrences | Potential Occurrences | Output Co-occurrences | Potential Output Occurrences |
|:----------:|:--------------:|:---------------------:|:---------------------:|:----------------------------:|
| iv_502-iv_509 | 1947 | 4521 | 43 | 71 |
| iv_509-iv_511 | 2002 | 4496 | 43 | 70 |
| iv_502-iv_507 | 2010 | 4416 | 40 | 79 |
| iv_502-iv_511 | 1990 | 4393 | 40 | 81 |
| iv_507-iv_509 | 2049 | 4465 | 39 | 76 |
| iv_506-iv_511 | 2048 | 4657 | 39 | 81 |
| iv_506-iv_507 | 2094 | 4628 | 38 | 81 |

### Input Bit Output Co-occurrences Sorted by Potential Output Occurrences

| Input Bits | Co-occurrences | Potential Occurrences | Output Co-occurrences | Potential Output Occurrences |
|:----------:|:--------------:|:---------------------:|:---------------------:|:----------------------------:|
| iv_505-iv_509 | 1928 | 4427 | 35 | 70 |
| iv_509-iv_511 | 2002 | 4496 | 43 | 70 |
| iv_502-iv_509 | 1947 | 4521 | 43 | 71 |
| iv_503-iv_505 | 1972 | 4538 | 34 | 72 |
| iv_505-iv_507 | 1918 | 4468 | 33 | 76 |
| iv_507-iv_509 | 2049 | 4465 | 39 | 76 |
| iv_503-iv_509 | 2067 | 4607 | 37 | 78 |

## Output Bits

### Output Bits in Regular Order

| Rank | Output Bit | Complexity |
|:----:|:----------:|:----------:|
| 1 | ov_001 | 3.3851470657123036 × 10^305 |
| 2 | ov_002 | 2.9473431838742913 × 10^305 |
| 3 | ov_003 | 2.551254364496113 × 10^305 |
| 4 | ov_004 | 2.1950943659316456 × 10^305 |
| 5 | ov_005 | 1.8771743195067997 × 10^305 |
| 6 | ov_006 | 1.5943811965078611 × 10^305 |
| 7 | ov_007 | 1.343764856484541 × 10^305 |
| 8 | ov_008 | 1.1238896121849398 × 10^305 |
| 9 | ov_009 | 9.321025781451032 × 10^304 |
| 10 | ov_010 | 7.658879110686394 × 10^304 |
| 11 | ov_011 | 6.228606803485752 × 10^304 |
| 12 | ov_012 | 5.0076182293238737 × 10^304 |
| 13 | ov_013 | 3.9745409328472983 × 10^304 |
| 14 | ov_014 | 3.109188989521315 × 10^304 |
| 15 | ov_015 | 2.3925389370256124 × 10^304 |
| 16 | ov_016 | 1.8067120055480073 × 10^304 |
| 17 | ov_017 | 1.334961464766166 × 10^304 |
| 18 | ov_018 | 9.616639996378922 × 10^303 |
| 19 | ov_019 | 6.723141212654928 × 10^303 |
| 20 | ov_020 | 4.535207131388762 × 10^303 |
| 21 | ov_021 | 2.9300494565592705 × 10^303 |
| 22 | ov_022 | 1.795989957375757 × 10^303 |
| 23 | ov_023 | 1.0324522152194616 × 10^303 |
| 24 | ov_024 | 5.499560832532004 × 10^302 |
| 25 | ov_025 | 2.70114061659934 × 10^302 |
| 26 | ov_026 | 1.2562912288723286 × 10^302 |
| 27 | ov_027 | 6.029354455369087 × 10^301 |
| 28 | ov_028 | 2.898836799912959 × 10^301 |
| 29 | ov_029 | 1.1926265588413363 × 10^301 |
| 30 | ov_030 | 3.940192036524029 × 10^300 |
| 31 | ov_031 | 9.526268344611583 × 10^299 |
| 32 | lv_80_m31 | 2.3025768354433175 × 10^299 |
| 33 | ov_033 | 2.744842283697992 × 10^300 |
| 34 | ov_034 | 2.3676467582104782 × 10^300 |
| 35 | ov_035 | 2.0325155080541595 × 10^300 |
| 36 | ov_036 | 1.7357653265882835 × 10^300 |
| 37 | ov_037 | 1.4739115428208202 × 10^300 |
| 38 | ov_038 | 1.2436538592552779 × 10^300 |
| 39 | ov_039 | 1.0418641130154628 × 10^300 |
| 40 | ov_040 | 8.655757796698902 × 10^299 |
| 41 | ov_041 | 7.119750485242167 × 10^299 |
| 42 | ov_042 | 5.78393307202521 × 10^299 |
| 43 | ov_043 | 4.635316928209665 × 10^299 |
| 44 | ov_044 | 3.6499432238489133 × 10^299 |
| 45 | ov_045 | 2.8161612356222683 × 10^299 |
| 46 | ov_046 | 2.1229590296187587 × 10^299 |
| 47 | ov_047 | 1.5599487943198217 × 10^299 |
| 48 | ov_048 | 1.11735552385267 × 10^299 |
| 49 | ov_049 | 7.774359372828604 × 10^298 |
| 50 | ov_050 | 5.236386867939749 × 10^298 |
| 51 | ov_051 | 3.405971877348087 × 10^298 |
| 52 | ov_052 | 2.141249895653133 × 10^298 |
| 53 | ov_053 | 1.3121298666798477 × 10^298 |
| 54 | ov_054 | 8.002784985168025 × 10^297 |
| 55 | ov_055 | 4.9911164556894724 × 10^297 |
| 56 | ov_056 | 3.137892678723275 × 10^297 |
| 57 | ov_057 | 1.9982688777620742 × 10^297 |
| 58 | ov_058 | 1.1860990597486232 × 10^297 |
| 59 | ov_059 | 6.426945382628352 × 10^296 |
| 60 | ov_060 | 3.093679818207863 × 10^296 |
| 61 | ov_061 | 1.2743248925970122 × 10^296 |
| 62 | ov_062 | 4.2146535468875146 × 10^295 |
| 63 | ov_063 | 1.0200686182234498 × 10^295 |
| 64 | lv_79_m31 | 2.4679669788711864 × 10^294 |
| 65 | ov_065 | 2.909577422193953 × 10^295 |
| 66 | ov_066 | 2.909570761917305 × 10^295 |
| 67 | ov_067 | 2.909568640431674 × 10^295 |
| 68 | ov_068 | 2.5150419603895863 × 10^295 |
| 69 | ov_069 | 2.1608883700095058 × 10^295 |
| 70 | ov_070 | 1.845476251823151 × 10^295 |
| 71 | ov_071 | 1.5657977273717333 × 10^295 |
| 72 | ov_072 | 1.3190010294460113 × 10^295 |
| 73 | ov_073 | 1.1023802318127432 × 10^295 |
| 74 | ov_074 | 9.133665213592605 × 10^294 |
| 75 | ov_075 | 7.495208539952112 × 10^294 |
| 76 | ov_076 | 6.08527844052474 × 10^294 |
| 77 | ov_077 | 4.881907450631276 × 10^294 |
| 78 | ov_078 | 3.864273877241909 × 10^294 |
| 79 | ov_079 | 3.012669486223366 × 10^294 |
| 80 | ov_080 | 2.3084743093053805 × 10^294 |
| 81 | ov_081 | 1.7341374583394805 × 10^294 |
| 82 | ov_082 | 1.2731629092052831 × 10^294 |
| 83 | ov_083 | 9.10099292040064 × 10^293 |
| 84 | ov_084 | 6.305327984865659 × 10^293 |
| 85 | ov_085 | 4.21082390488435 × 10^293 |
| 86 | ov_086 | 2.693965688904287 × 10^293 |
| 87 | ov_087 | 1.6415109426979842 × 10^293 |
| 88 | ov_088 | 9.504729836343746 × 10^292 |
| 89 | ov_089 | 5.281084277580459 × 10^292 |
| 90 | ov_090 | 2.919085136236045 × 10^292 |
| 91 | ov_091 | 1.6959342687936155 × 10^292 |
| 92 | ov_092 | 9.9108895826925 × 10^291 |
| 93 | ov_093 | 5.1983864050185694 × 10^291 |
| 94 | ov_094 | 2.3107019977577663 × 10^291 |
| 95 | aaa_78_28 | 7.367130108235464 × 10^290 |
| 96 | aaa_78_29 | 2.7555120569782583 × 10^290 |
| 97 | ov_097 | 2.4665263779034142 × 10^290 |
| 98 | ov_098 | 2.4665142800644095 × 10^290 |
| 99 | ov_099 | 2.466510419348762 × 10^290 |
| 100 | ov_100 | 2.11949119916981 × 10^290 |
| 101 | ov_101 | 1.8104807789710895 × 10^290 |
| 102 | ov_102 | 1.5365127936819464 × 10^290 |
| 103 | ov_103 | 1.2947822553078076 × 10^290 |
| 104 | ov_104 | 1.0826336921045588 × 10^290 |
| 105 | ov_105 | 8.975508652480135 × 10^289 |
| 106 | ov_106 | 7.371479172391832 × 10^289 |
| 107 | ov_107 | 5.99161814007029 × 10^289 |
| 108 | ov_108 | 4.814459500804597 × 10^289 |
| 109 | ov_109 | 3.819647933561615 × 10^289 |
| 110 | ov_110 | 2.9878945293749813 × 10^289 |
| 111 | ov_111 | 2.300940603052544 × 10^289 |
| 112 | ov_112 | 1.7415286074064394 × 10^289 |
| 113 | ov_113 | 1.2933791848632648 × 10^289 |
| 114 | ov_114 | 9.411734562785881 × 10^288 |
| 115 | ov_115 | 6.705397112645661 × 10^288 |
| 116 | ov_116 | 4.680437285014234 × 10^288 |
| 117 | ov_117 | 3.2118201846246144 × 10^288 |
| 118 | ov_118 | 2.1837734481926993 × 10^288 |
| 119 | ov_119 | 1.4897594455920287 × 10^288 |
| 120 | ov_120 | 1.032459305739943 × 10^288 |
| 121 | ov_121 | 7.237642418478604 × 10^287 |
| 122 | ov_122 | 4.847706542612604 × 10^287 |
| 123 | ov_123 | 3.0627833514063342 × 10^287 |
| 124 | ov_124 | 1.790881571162162 × 10^287 |
| 125 | ov_125 | 9.400152582499608 × 10^286 |
| 126 | ov_126 | 4.182006534979126 × 10^286 |
| 127 | aaa_77_28 | 1.3345469508419982 × 10^286 |
| 128 | aaa_77_29 | 4.9983672725781894 × 10^285 |
| 129 | ov_129 | 4.5545308450852047 × 10^285 |
| 130 | ov_130 | 4.554520012588553 × 10^285 |
| 131 | ov_131 | 4.554516536281849 × 10^285 |
| 132 | ov_132 | 3.933966458139058 × 10^285 |
| 133 | ov_133 | 3.3793558972824213 × 10^285 |
| 134 | ov_134 | 2.8856218683221454 × 10^285 |
| 135 | ov_135 | 2.4479810974372582 × 10^285 |
| 136 | ov_136 | 2.0619095326640256 × 10^285 |
| 137 | ov_137 | 1.7231245335250303 × 10^285 |
| 138 | ov_138 | 1.42756954176362 × 10^285 |
| 139 | ov_139 | 1.1714009981007569 × 10^285 |
| 140 | ov_140 | 9.509772666657106 × 10^284 |
| 141 | ov_141 | 7.628493417015427 × 10^284 |
| 142 | ov_142 | 6.0375312382142155 × 10^284 |
| 143 | ov_143 | 4.706030765411945 × 10^284 |
| 144 | ov_144 | 3.60487108092934 × 10^284 |
| 145 | ov_145 | 2.706625357364645 × 10^284 |
| 146 | ov_146 | 1.9855297996572357 × 10^284 |
| 147 | ov_147 | 1.417460371212607 × 10^284 |
| 148 | ov_148 | 9.79915909866696 × 10^283 |
| 149 | ov_149 | 6.520063599583336 × 10^283 |
| 150 | ov_150 | 4.144449671613437 × 10^283 |
| 151 | ov_151 | 2.4954340304091387 × 10^283 |
| 152 | ov_152 | 1.4120890656642486 × 10^283 |
| 153 | ov_153 | 7.494268455679879 × 10^282 |
| 154 | ov_154 | 3.7839029258685085 × 10^282 |
| 155 | ov_155 | 1.858482240449113 × 10^282 |
| 156 | aaa_76_25 | 7.459264719837668 × 10^281 |
| 157 | aaa_76_26 | 4.589004607541955 × 10^281 |
| 158 | aaa_76_27 | 2.514772879632031 × 10^281 |
| 159 | aaa_76_28 | 1.1843202606815778 × 10^281 |
| 160 | aaa_76_29 | 4.456225704041231 × 10^280 |

### Output Bits Sorted by Complexity

| Rank | Output Bit | Complexity |
|:----:|:----------:|:----------:|
| 160 | aaa_76_29 | 4.456225704041231 × 10^280 |
| 159 | aaa_76_28 | 1.1843202606815778 × 10^281 |
| 158 | aaa_76_27 | 2.514772879632031 × 10^281 |
| 157 | aaa_76_26 | 4.589004607541955 × 10^281 |
| 156 | aaa_76_25 | 7.459264719837668 × 10^281 |
| 155 | ov_155 | 1.858482240449113 × 10^282 |
| 154 | ov_154 | 3.7839029258685085 × 10^282 |
| 153 | ov_153 | 7.494268455679879 × 10^282 |
| 152 | ov_152 | 1.4120890656642486 × 10^283 |
| 151 | ov_151 | 2.4954340304091387 × 10^283 |
| 150 | ov_150 | 4.144449671613437 × 10^283 |
| 149 | ov_149 | 6.520063599583336 × 10^283 |
| 148 | ov_148 | 9.79915909866696 × 10^283 |
| 147 | ov_147 | 1.417460371212607 × 10^284 |
| 146 | ov_146 | 1.9855297996572357 × 10^284 |
| 145 | ov_145 | 2.706625357364645 × 10^284 |
| 144 | ov_144 | 3.60487108092934 × 10^284 |
| 143 | ov_143 | 4.706030765411945 × 10^284 |
| 142 | ov_142 | 6.0375312382142155 × 10^284 |
| 141 | ov_141 | 7.628493417015427 × 10^284 |
| 140 | ov_140 | 9.509772666657106 × 10^284 |
| 139 | ov_139 | 1.1714009981007569 × 10^285 |
| 138 | ov_138 | 1.42756954176362 × 10^285 |
| 137 | ov_137 | 1.7231245335250303 × 10^285 |
| 136 | ov_136 | 2.0619095326640256 × 10^285 |
| 135 | ov_135 | 2.4479810974372582 × 10^285 |
| 134 | ov_134 | 2.8856218683221454 × 10^285 |
| 133 | ov_133 | 3.3793558972824213 × 10^285 |
| 132 | ov_132 | 3.933966458139058 × 10^285 |
| 131 | ov_131 | 4.554516536281849 × 10^285 |
| 130 | ov_130 | 4.554520012588553 × 10^285 |
| 129 | ov_129 | 4.5545308450852047 × 10^285 |
| 128 | aaa_77_29 | 4.9983672725781894 × 10^285 |
| 127 | aaa_77_28 | 1.3345469508419982 × 10^286 |
| 126 | ov_126 | 4.182006534979126 × 10^286 |
| 125 | ov_125 | 9.400152582499608 × 10^286 |
| 124 | ov_124 | 1.790881571162162 × 10^287 |
| 123 | ov_123 | 3.0627833514063342 × 10^287 |
| 122 | ov_122 | 4.847706542612604 × 10^287 |
| 121 | ov_121 | 7.237642418478604 × 10^287 |
| 120 | ov_120 | 1.032459305739943 × 10^288 |
| 119 | ov_119 | 1.4897594455920287 × 10^288 |
| 118 | ov_118 | 2.1837734481926993 × 10^288 |
| 117 | ov_117 | 3.2118201846246144 × 10^288 |
| 116 | ov_116 | 4.680437285014234 × 10^288 |
| 115 | ov_115 | 6.705397112645661 × 10^288 |
| 114 | ov_114 | 9.411734562785881 × 10^288 |
| 113 | ov_113 | 1.2933791848632648 × 10^289 |
| 112 | ov_112 | 1.7415286074064394 × 10^289 |
| 111 | ov_111 | 2.300940603052544 × 10^289 |
| 110 | ov_110 | 2.9878945293749813 × 10^289 |
| 109 | ov_109 | 3.819647933561615 × 10^289 |
| 108 | ov_108 | 4.814459500804597 × 10^289 |
| 107 | ov_107 | 5.99161814007029 × 10^289 |
| 106 | ov_106 | 7.371479172391832 × 10^289 |
| 105 | ov_105 | 8.975508652480135 × 10^289 |
| 104 | ov_104 | 1.0826336921045588 × 10^290 |
| 103 | ov_103 | 1.2947822553078076 × 10^290 |
| 102 | ov_102 | 1.5365127936819464 × 10^290 |
| 101 | ov_101 | 1.8104807789710895 × 10^290 |
| 100 | ov_100 | 2.11949119916981 × 10^290 |
| 99 | ov_099 | 2.466510419348762 × 10^290 |
| 98 | ov_098 | 2.4665142800644095 × 10^290 |
| 97 | ov_097 | 2.4665263779034142 × 10^290 |
| 96 | aaa_78_29 | 2.7555120569782583 × 10^290 |
| 95 | aaa_78_28 | 7.367130108235464 × 10^290 |
| 94 | ov_094 | 2.3107019977577663 × 10^291 |
| 93 | ov_093 | 5.1983864050185694 × 10^291 |
| 92 | ov_092 | 9.9108895826925 × 10^291 |
| 91 | ov_091 | 1.6959342687936155 × 10^292 |
| 90 | ov_090 | 2.919085136236045 × 10^292 |
| 89 | ov_089 | 5.281084277580459 × 10^292 |
| 88 | ov_088 | 9.504729836343746 × 10^292 |
| 87 | ov_087 | 1.6415109426979842 × 10^293 |
| 86 | ov_086 | 2.693965688904287 × 10^293 |
| 85 | ov_085 | 4.21082390488435 × 10^293 |
| 84 | ov_084 | 6.305327984865659 × 10^293 |
| 83 | ov_083 | 9.10099292040064 × 10^293 |
| 82 | ov_082 | 1.2731629092052831 × 10^294 |
| 81 | ov_081 | 1.7341374583394805 × 10^294 |
| 80 | ov_080 | 2.3084743093053805 × 10^294 |
| 64 | lv_79_m31 | 2.4679669788711864 × 10^294 |
| 79 | ov_079 | 3.012669486223366 × 10^294 |
| 78 | ov_078 | 3.864273877241909 × 10^294 |
| 77 | ov_077 | 4.881907450631276 × 10^294 |
| 76 | ov_076 | 6.08527844052474 × 10^294 |
| 75 | ov_075 | 7.495208539952112 × 10^294 |
| 74 | ov_074 | 9.133665213592605 × 10^294 |
| 63 | ov_063 | 1.0200686182234498 × 10^295 |
| 73 | ov_073 | 1.1023802318127432 × 10^295 |
| 72 | ov_072 | 1.3190010294460113 × 10^295 |
| 71 | ov_071 | 1.5657977273717333 × 10^295 |
| 70 | ov_070 | 1.845476251823151 × 10^295 |
| 69 | ov_069 | 2.1608883700095058 × 10^295 |
| 68 | ov_068 | 2.5150419603895863 × 10^295 |
| 67 | ov_067 | 2.909568640431674 × 10^295 |
| 66 | ov_066 | 2.909570761917305 × 10^295 |
| 65 | ov_065 | 2.909577422193953 × 10^295 |
| 62 | ov_062 | 4.2146535468875146 × 10^295 |
| 61 | ov_061 | 1.2743248925970122 × 10^296 |
| 60 | ov_060 | 3.093679818207863 × 10^296 |
| 59 | ov_059 | 6.426945382628352 × 10^296 |
| 58 | ov_058 | 1.1860990597486232 × 10^297 |
| 57 | ov_057 | 1.9982688777620742 × 10^297 |
| 56 | ov_056 | 3.137892678723275 × 10^297 |
| 55 | ov_055 | 4.9911164556894724 × 10^297 |
| 54 | ov_054 | 8.002784985168025 × 10^297 |
| 53 | ov_053 | 1.3121298666798477 × 10^298 |
| 52 | ov_052 | 2.141249895653133 × 10^298 |
| 51 | ov_051 | 3.405971877348087 × 10^298 |
| 50 | ov_050 | 5.236386867939749 × 10^298 |
| 49 | ov_049 | 7.774359372828604 × 10^298 |
| 48 | ov_048 | 1.11735552385267 × 10^299 |
| 47 | ov_047 | 1.5599487943198217 × 10^299 |
| 46 | ov_046 | 2.1229590296187587 × 10^299 |
| 32 | lv_80_m31 | 2.3025768354433175 × 10^299 |
| 45 | ov_045 | 2.8161612356222683 × 10^299 |
| 44 | ov_044 | 3.6499432238489133 × 10^299 |
| 43 | ov_043 | 4.635316928209665 × 10^299 |
| 42 | ov_042 | 5.78393307202521 × 10^299 |
| 41 | ov_041 | 7.119750485242167 × 10^299 |
| 40 | ov_040 | 8.655757796698902 × 10^299 |
| 31 | ov_031 | 9.526268344611583 × 10^299 |
| 39 | ov_039 | 1.0418641130154628 × 10^300 |
| 38 | ov_038 | 1.2436538592552779 × 10^300 |
| 37 | ov_037 | 1.4739115428208202 × 10^300 |
| 36 | ov_036 | 1.7357653265882835 × 10^300 |
| 35 | ov_035 | 2.0325155080541595 × 10^300 |
| 34 | ov_034 | 2.3676467582104782 × 10^300 |
| 33 | ov_033 | 2.744842283697992 × 10^300 |
| 30 | ov_030 | 3.940192036524029 × 10^300 |
| 29 | ov_029 | 1.1926265588413363 × 10^301 |
| 28 | ov_028 | 2.898836799912959 × 10^301 |
| 27 | ov_027 | 6.029354455369087 × 10^301 |
| 26 | ov_026 | 1.2562912288723286 × 10^302 |
| 25 | ov_025 | 2.70114061659934 × 10^302 |
| 24 | ov_024 | 5.499560832532004 × 10^302 |
| 23 | ov_023 | 1.0324522152194616 × 10^303 |
| 22 | ov_022 | 1.795989957375757 × 10^303 |
| 21 | ov_021 | 2.9300494565592705 × 10^303 |
| 20 | ov_020 | 4.535207131388762 × 10^303 |
| 19 | ov_019 | 6.723141212654928 × 10^303 |
| 18 | ov_018 | 9.616639996378922 × 10^303 |
| 17 | ov_017 | 1.334961464766166 × 10^304 |
| 16 | ov_016 | 1.8067120055480073 × 10^304 |
| 15 | ov_015 | 2.3925389370256124 × 10^304 |
| 14 | ov_014 | 3.109188989521315 × 10^304 |
| 13 | ov_013 | 3.9745409328472983 × 10^304 |
| 12 | ov_012 | 5.0076182293238737 × 10^304 |
| 11 | ov_011 | 6.228606803485752 × 10^304 |
| 10 | ov_010 | 7.658879110686394 × 10^304 |
| 9 | ov_009 | 9.321025781451032 × 10^304 |
| 8 | ov_008 | 1.1238896121849398 × 10^305 |
| 7 | ov_007 | 1.343764856484541 × 10^305 |
| 6 | ov_006 | 1.5943811965078611 × 10^305 |
| 5 | ov_005 | 1.8771743195067997 × 10^305 |
| 4 | ov_004 | 2.1950943659316456 × 10^305 |
| 3 | ov_003 | 2.551254364496113 × 10^305 |
| 2 | ov_002 | 2.9473431838742913 × 10^305 |
| 1 | ov_001 | 3.3851470657123036 × 10^305 |

