# Results for F001-F002-F003-F004-F005-F006-F007-F008-F009-F010-F011-F012-F013-F014-F015-F016-F017-F018-F019-F020-F021-F022-F023-F024-F025-F026-F027-F028-F029-F030-F031-F032-F033-F034-F035-F036-F037-F038-F039-F040-F041-F042-F043-F044-F045-F046-F047-F048-F049-F050-F051-F052-F053-F054-F055-F056-F057-F058-F059-F060-F061-F062-F063-F064-F065-F066-F067-F068-F069-F070-F071-F072-F073-F074-F075-F076-F077-F078-F079-F080-F081-F082-F083-F084-F085-F086-F087-F088-F089-F090-F091-F092-F093-F094-F095-F096-F097-F098-F099-F100-F101-F102-F103-F104-F105-F106-F107-F108-F109-F110-F111-F112-F113-F114-F115-F116-F117-F118-F119-F120-F121-F122-F123-F124-F125-F126-F127-F128-F129-F130-F131-F132-F133-F134-F135-F136-F137-F138-F139-F140-F141-F142-F143-F144-F145-F146-F147-F148-F149-F150-F151-F152-F153-F154-F155-F156-F157-F158-F159-F160-F161-F162-F163-F164-F165-F166-F167-F168-F169-F170-F171-F172-F173-F174-F175-F176-F177-F178-F179-F180-F181-F182-F183-F184-F185-F186-F187-F188-F189-F190-F191-F192-F193-F194-F195-F196-F197-F198-F199-F200-F201-F202-F203-F204-F205-F206-F207-F208-F209-F210-F211-F212-F213-F214-F215-F216-F217-F218-F219-F220-F221-F222-F223-F224-F225-F226-F227-F228-F229-F230-F231-F232-F233-F234-F235-F236-F237-F238-F239-F240-F241-F242-F243-F244-F245-F246-F247-F248-F249-F250-F251-F252-F253-F254-F255-F256-F257-F258-F259-F260-F261-F262-F263-F264-F265-F266-F267-F268-F269-F270-F271-F272-F273-F274-F275-F276-F277-F278-F279-F280-F281-F282-F283-F284-F285-F286-F287-F288-F289-F290-F291-F292-F293-F294-F295-F296-F297-F298-F299-F300-F301-F302-F303-F304-F305-F306-F307-F308-F309-F310-F311-F312-F313-F314-F315-F316-F317-F318-F319-F320-F321-F322-F323-F324-F325-F326-F327-F328-F329-F330-F331-F332-F333-F334-F335-F336-F337-F338-F339-F340-F341-F342-F343-F344-F345-F346-F347-F348-F349-F350-F351-F352-F353-F354-F355-F356-F357-F358-F359-F360-F361-F362-F363-F364-F365-F366-F367-F368-F369-F370-F371-F372-F373-F374-F375-F376-F377-F378-F379-F380-F381-F382-F383-F384-F385-F386-F387-F388-F389-F390-F391-F392-F393-F394-F395-F396-F397-F398-F399-F400-F401-F402-F403-F404-F405-F406-F407-F408-F409-F410-F411-F412-F413-F414-F415-F416-F417-F418-F419-F420-F421-F422-F423-F424-F425-F426-F427-F428-F429-F430-F431-F432-F433-F434-F435-F436-F437-F438-F439-F440-F441-F442-F443-F444-F445-F446-F447-F448-F449-F450-F451-F452-F453-F454-F455-F456-F457-F458-F459-F460-F461-F462-F463-F464-F465-F466-F467-F468-F469-F470-F471-F472-F473-F474-F475-F476-F477-F478-F479-F480-F481-F482-F483-F484-F485-F486-F487-F488-F489-F490-F491-F492-F493-F494-F495-F496-F497-F498-F499-F500-F501-E502506-E506508-F510-F512

## Summary

Number of input bits: 512  
Number of free input bits: 7  
Number of output bits: 160

Number of direct occurrences: 29170  
Number of assignments: 30836  
Number of operations: 10898239
(xor: 10869231,
and: 15997,
or: 13011)

Total complexity: 6.950613900044765 × 10^297

Least occurring input variable: iv_504 (3950)  
Most occurring input variable: iv_502 (4335)

Most co-occurring input variables: iv_507-iv_509 (2056)  
Least co-occurring input variables: iv_502-iv_503 (1827)

Potentially most occurring input variable: iv_502/iv_511 (4781)  
Potentially least occurring input variable: iv_504/iv_505 (4086)

Least output occurring input variable: iv_502 (70)  
Most output occurring input variable: iv_509 (87)

Most output co-occurring input variables: iv_507-iv_509 (44)  
Least output co-occurring input variables: iv_502-iv_503 (31)

Potentially most output occurring input variable: iv_502/iv_509 (91)  
Potentially least output occurring input variable: iv_502/iv_505 (70)

Least complex input bit: iv_511 (9.897101629069673 × 10^293)  
Most complex input bit: iv_502 (2.1891227432089017 × 10^297)

Least complex output bit: aaa_76_29 (1.1502975870201163 × 10^273)  
Most complex output bit: ov_001 (1.1047615575228696 × 10^297)

Least complex input/output complexity: iv_511/aaa_76_29 (1.6379290068663428 × 10^269)  
Most complex input/output complexity:  (3.4794892741497692 × 10^296)

Input variable with highest collision probability: iv_503 (½^160.0000000000005)

## Input Bits

### Input Bits in Regular Order

| Input Bit | Complexity | Occurrences | Output Occurrences | Collision Probability |
|:---------:|:----------:|:-----------:|:------------------:|:---------------------:|
| iv_502 | 2.1891227432089017 × 10^297 | 4335 | 70 | ½^160.0000000000008 |
| iv_503 | 4.685686782837424 × 10^296 | 4083 | 72 | ½^160.0000000000005 |
| iv_504 | 7.824412795384213 × 10^296 | 3950 | 78 | ½^160.000000000001 |
| iv_505 | 1.2486676795991578 × 10^297 | 4118 | 72 | ½^160.0000000000008 |
| iv_507 | 9.661646606381638 × 10^296 | 4193 | 76 | ½^160.00000000000063 |
| iv_509 | 1.294659148613465 × 10^297 | 4229 | 87 | ½^160.00000000000063 |
| iv_511 | 9.897101629069673 × 10^293 | 4262 | 80 | ½^160.00000000000063 |

### Input Bits Sorted by Complexity

| Input Bit | Complexity | Occurrences | Output Occurrences | Collision Probability |
|:---------:|:----------:|:-----------:|:------------------:|:---------------------:|
| iv_511 | 9.897101629069673 × 10^293 | 4262 | 80 | ½^160.00000000000063 |
| iv_503 | 4.685686782837424 × 10^296 | 4083 | 72 | ½^160.0000000000005 |
| iv_504 | 7.824412795384213 × 10^296 | 3950 | 78 | ½^160.000000000001 |
| iv_507 | 9.661646606381638 × 10^296 | 4193 | 76 | ½^160.00000000000063 |
| iv_505 | 1.2486676795991578 × 10^297 | 4118 | 72 | ½^160.0000000000008 |
| iv_509 | 1.294659148613465 × 10^297 | 4229 | 87 | ½^160.00000000000063 |
| iv_502 | 2.1891227432089017 × 10^297 | 4335 | 70 | ½^160.0000000000008 |

### Input Bits Sorted by Occurrences

| Input Bit | Complexity | Occurrences | Output Occurrences | Collision Probability |
|:---------:|:----------:|:-----------:|:------------------:|:---------------------:|
| iv_504 | 7.824412795384213 × 10^296 | 3950 | 78 | ½^160.000000000001 |
| iv_503 | 4.685686782837424 × 10^296 | 4083 | 72 | ½^160.0000000000005 |
| iv_505 | 1.2486676795991578 × 10^297 | 4118 | 72 | ½^160.0000000000008 |
| iv_507 | 9.661646606381638 × 10^296 | 4193 | 76 | ½^160.00000000000063 |
| iv_509 | 1.294659148613465 × 10^297 | 4229 | 87 | ½^160.00000000000063 |
| iv_511 | 9.897101629069673 × 10^293 | 4262 | 80 | ½^160.00000000000063 |
| iv_502 | 2.1891227432089017 × 10^297 | 4335 | 70 | ½^160.0000000000008 |

### Input Bits Sorted by Output Occurrences

| Input Bit | Complexity | Occurrences | Output Occurrences | Collision Probability |
|:---------:|:----------:|:-----------:|:------------------:|:---------------------:|
| iv_502 | 2.1891227432089017 × 10^297 | 4335 | 70 | ½^160.0000000000008 |
| iv_503 | 4.685686782837424 × 10^296 | 4083 | 72 | ½^160.0000000000005 |
| iv_505 | 1.2486676795991578 × 10^297 | 4118 | 72 | ½^160.0000000000008 |
| iv_507 | 9.661646606381638 × 10^296 | 4193 | 76 | ½^160.00000000000063 |
| iv_504 | 7.824412795384213 × 10^296 | 3950 | 78 | ½^160.000000000001 |
| iv_511 | 9.897101629069673 × 10^293 | 4262 | 80 | ½^160.00000000000063 |
| iv_509 | 1.294659148613465 × 10^297 | 4229 | 87 | ½^160.00000000000063 |

### Input Bits Sorted by Collision Probability

| Input Bit | Complexity | Occurrences | Output Occurrences | Collision Probability |
|:---------:|:----------:|:-----------:|:------------------:|:---------------------:|
| iv_503 | 4.685686782837424 × 10^296 | 4083 | 72 | ½^160.0000000000005 |
| iv_509 | 1.294659148613465 × 10^297 | 4229 | 87 | ½^160.00000000000063 |
| iv_511 | 9.897101629069673 × 10^293 | 4262 | 80 | ½^160.00000000000063 |
| iv_507 | 9.661646606381638 × 10^296 | 4193 | 76 | ½^160.00000000000063 |
| iv_505 | 1.2486676795991578 × 10^297 | 4118 | 72 | ½^160.0000000000008 |
| iv_502 | 2.1891227432089017 × 10^297 | 4335 | 70 | ½^160.0000000000008 |
| iv_504 | 7.824412795384213 × 10^296 | 3950 | 78 | ½^160.000000000001 |

## Input Bit/Output Bit Collision Probabilities

| Input Bit | Output Bit | Collision Probability |
|:---------:|:----------:|:---------------------:|
| iv_507 | ov_103 | 0.5000000000000029 |
| iv_503 | ov_076 | 0.5000000000000018 |
| iv_503 | ov_090 | 0.5000000000000018 |
| iv_503 | ov_098 | 0.5000000000000018 |
| iv_503 | ov_124 | 0.5000000000000018 |
| iv_507 | ov_037 | 0.5000000000000018 |
| iv_507 | ov_046 | 0.5000000000000018 |

## Input Bit Co-occurrences

### Input Bit Co-occurrences Sorted by Co-occurrences

| Input Bits | Co-occurrences | Potential Occurrences | Output Co-occurrences | Potential Output Occurrences |
|:----------:|:--------------:|:---------------------:|:---------------------:|:----------------------------:|
| iv_507-iv_509 | 2056 | 4310 | 44 | 75 |
| iv_505-iv_507 | 2040 | 4231 | 31 | 86 |
| iv_503-iv_511 | 2010 | 4325 | 35 | 82 |
| iv_502-iv_507 | 2002 | 4524 | 33 | 80 |
| iv_507-iv_511 | 2002 | 4451 | 39 | 78 |
| iv_502-iv_509 | 1993 | 4578 | 33 | 91 |
| iv_504-iv_505 | 1991 | 4086 | 39 | 72 |

### Input Bit Co-occurrences Sorted by Potential Occurrences

| Input Bits | Co-occurrences | Potential Occurrences | Output Co-occurrences | Potential Output Occurrences |
|:----------:|:--------------:|:---------------------:|:---------------------:|:----------------------------:|
| iv_504-iv_505 | 1991 | 4086 | 39 | 72 |
| iv_505-iv_507 | 2040 | 4231 | 31 | 86 |
| iv_507-iv_509 | 2056 | 4310 | 44 | 75 |
| iv_503-iv_511 | 2010 | 4325 | 35 | 82 |
| iv_503-iv_505 | 1924 | 4353 | 32 | 80 |
| iv_503-iv_504 | 1835 | 4363 | 35 | 80 |
| iv_504-iv_507 | 1879 | 4385 | 33 | 88 |

### Input Bit Output Co-occurrences Sorted by Output Co-occurrences

| Input Bits | Co-occurrences | Potential Occurrences | Output Co-occurrences | Potential Output Occurrences |
|:----------:|:--------------:|:---------------------:|:---------------------:|:----------------------------:|
| iv_503-iv_509 | 1903 | 4506 | 44 | 71 |
| iv_507-iv_509 | 2056 | 4310 | 44 | 75 |
| iv_509-iv_511 | 1973 | 4545 | 43 | 81 |
| iv_504-iv_509 | 1887 | 4405 | 41 | 83 |
| iv_504-iv_511 | 1906 | 4400 | 40 | 78 |
| iv_504-iv_505 | 1991 | 4086 | 39 | 72 |
| iv_507-iv_511 | 2002 | 4451 | 39 | 78 |

### Input Bit Output Co-occurrences Sorted by Potential Output Occurrences

| Input Bits | Co-occurrences | Potential Occurrences | Output Co-occurrences | Potential Output Occurrences |
|:----------:|:--------------:|:---------------------:|:---------------------:|:----------------------------:|
| iv_502-iv_505 | 1963 | 4527 | 36 | 70 |
| iv_503-iv_509 | 1903 | 4506 | 44 | 71 |
| iv_504-iv_505 | 1991 | 4086 | 39 | 72 |
| iv_507-iv_509 | 2056 | 4310 | 44 | 75 |
| iv_502-iv_504 | 1888 | 4509 | 36 | 76 |
| iv_504-iv_511 | 1906 | 4400 | 40 | 78 |
| iv_507-iv_511 | 2002 | 4451 | 39 | 78 |

## Output Bits

### Output Bits in Regular Order

| Rank | Output Bit | Complexity |
|:----:|:----------:|:----------:|
| 1 | ov_001 | 1.1047615575228696 × 10^297 |
| 2 | ov_002 | 9.605305356817711 × 10^296 |
| 3 | ov_003 | 8.302734417322677 × 10^296 |
| 4 | ov_004 | 7.134108232198829 × 10^296 |
| 5 | ov_005 | 6.09394816055104 × 10^296 |
| 6 | ov_006 | 5.172155644264854 × 10^296 |
| 7 | ov_007 | 4.359160536404376 × 10^296 |
| 8 | ov_008 | 3.6458887396186433 × 10^296 |
| 9 | ov_009 | 3.023734396927646 × 10^296 |
| 10 | ov_010 | 2.484536210456623 × 10^296 |
| 11 | ov_011 | 2.0205575561041154 × 10^296 |
| 12 | ov_012 | 1.6244701163226022 × 10^296 |
| 13 | ov_013 | 1.2893407414366765 × 10^296 |
| 14 | ov_014 | 1.008621184209788 × 10^296 |
| 15 | ov_015 | 7.76140292239834 × 10^295 |
| 16 | ov_016 | 5.860982438783258 × 10^295 |
| 17 | ov_017 | 4.330624440849224 × 10^295 |
| 18 | ov_018 | 3.119647272475996 × 10^295 |
| 19 | ov_019 | 2.180995445581016 × 10^295 |
| 20 | ov_020 | 1.4712284405787382 × 10^295 |
| 21 | ov_021 | 9.505139450043177 × 10^294 |
| 22 | ov_022 | 5.826237033917269 × 10^294 |
| 23 | ov_023 | 3.349308430451073 × 10^294 |
| 24 | ov_024 | 1.7840807944337895 × 10^294 |
| 25 | ov_025 | 8.762654265612582 × 10^293 |
| 26 | ov_026 | 4.075507363363497 × 10^293 |
| 27 | ov_027 | 1.9559846825089897 × 10^293 |
| 28 | ov_028 | 9.404195235314201 × 10^292 |
| 29 | ov_029 | 3.869062335909949 × 10^292 |
| 30 | ov_030 | 1.2782675461829922 × 10^292 |
| 31 | ov_031 | 3.090510896542574 × 10^291 |
| 32 | lv_80_m31 | 7.470066190989878 × 10^290 |
| 33 | ov_033 | 8.904492707486099 × 10^291 |
| 34 | ov_034 | 7.680961014063973 × 10^291 |
| 35 | ov_035 | 6.593824332434714 × 10^291 |
| 36 | ov_036 | 5.631154678606535 × 10^291 |
| 37 | ov_037 | 4.781663639577115 × 10^291 |
| 38 | ov_038 | 4.0346570204041745 × 10^291 |
| 39 | ov_039 | 3.379995733051198 × 10^291 |
| 40 | ov_040 | 2.8080623166544825 × 10^291 |
| 41 | ov_041 | 2.309732516118217 × 10^291 |
| 42 | ov_042 | 1.8763513812653304 × 10^291 |
| 43 | ov_043 | 1.503706041897849 × 10^291 |
| 44 | ov_044 | 1.1840240486754147 × 10^291 |
| 45 | ov_045 | 9.135256117708771 × 10^290 |
| 46 | ov_046 | 6.886379150963169 × 10^290 |
| 47 | ov_047 | 5.0599046697152345 × 10^290 |
| 48 | ov_048 | 3.62411513154997 × 10^290 |
| 49 | ov_049 | 2.521437124463133 × 10^290 |
| 50 | ov_050 | 1.698165201329238 × 10^290 |
| 51 | ov_051 | 1.1044391226912578 × 10^290 |
| 52 | ov_052 | 6.942291486008648 × 10^289 |
| 53 | ov_053 | 4.2532716159845856 × 10^289 |
| 54 | ov_054 | 2.5934166109545824 × 10^289 |
| 55 | ov_055 | 1.6169500098401386 × 10^289 |
| 56 | ov_056 | 1.0162176429164019 × 10^289 |
| 57 | ov_057 | 6.469214312055424 × 10^288 |
| 58 | ov_058 | 3.8381737349666935 × 10^288 |
| 59 | ov_059 | 2.078547299773697 × 10^288 |
| 60 | ov_060 | 9.998321802010363 × 10^287 |
| 61 | ov_061 | 4.115270233002387 × 10^287 |
| 62 | ov_062 | 1.3600231205110097 × 10^287 |
| 63 | ov_063 | 3.288947384959426 × 10^286 |
| 64 | lv_79_m31 | 7.950902569385338 × 10^285 |
| 65 | ov_065 | 9.369378811218516 × 10^286 |
| 66 | ov_066 | 9.369355958959493 × 10^286 |
| 67 | ov_067 | 9.369348552614844 × 10^286 |
| 68 | ov_068 | 8.08220317517737 × 10^286 |
| 69 | ov_069 | 6.930407208972077 × 10^286 |
| 70 | ov_070 | 5.908048009818317 × 10^286 |
| 71 | ov_071 | 5.004371398448847 × 10^286 |
| 72 | ov_072 | 4.209281140542276 × 10^286 |
| 73 | ov_073 | 3.513295357797273 × 10^286 |
| 74 | ov_074 | 2.9075069305607364 × 10^286 |
| 75 | ov_075 | 2.3835476800625843 × 10^286 |
| 76 | ov_076 | 1.9335561250467303 × 10^286 |
| 77 | ov_077 | 1.5501486130001501 × 10^286 |
| 78 | ov_078 | 1.2263936304325115 × 10^286 |
| 79 | ov_079 | 9.557890999121372 × 10^285 |
| 80 | ov_080 | 7.322424739833513 × 10^285 |
| 81 | ov_081 | 5.500534378285849 × 10^285 |
| 82 | ov_082 | 4.038990337356322 × 10^285 |
| 83 | ov_083 | 2.8882102121286936 × 10^285 |
| 84 | ov_084 | 2.0021528707933925 × 10^285 |
| 85 | ov_085 | 1.3382312014170456 × 10^285 |
| 86 | ov_086 | 8.572416522787582 × 10^284 |
| 87 | ov_087 | 5.233087143352816 × 10^284 |
| 88 | ov_088 | 3.038424949207583 × 10^284 |
| 89 | ov_089 | 1.6950753214497785 × 10^284 |
| 90 | ov_090 | 9.420099966726444 × 10^283 |
| 91 | ov_091 | 5.503845164402964 × 10^283 |
| 92 | ov_092 | 3.23452733431693 × 10^283 |
| 93 | ov_093 | 1.7085846268260705 × 10^283 |
| 94 | ov_094 | 7.658919422062046 × 10^282 |
| 95 | aaa_78_28 | 2.4634376825532466 × 10^282 |
| 96 | aaa_78_29 | 9.334379349912874 × 10^281 |
| 97 | ov_097 | 1.0168519830572483 × 10^282 |
| 98 | ov_098 | 1.0168216352736899 × 10^282 |
| 99 | ov_099 | 1.0168119538933025 × 10^282 |
| 100 | ov_100 | 9.152076419021757 × 10^281 |
| 101 | ov_101 | 8.210692354325231 × 10^281 |
| 102 | ov_102 | 7.339904663914357 × 10^281 |
| 103 | ov_103 | 6.535947693910436 × 10^281 |
| 104 | ov_104 | 5.795313228238811 × 10^281 |
| 105 | ov_105 | 5.114714670614747 × 10^281 |
| 106 | ov_106 | 4.491054797710416 × 10^281 |
| 107 | ov_107 | 3.9213968914594555 × 10^281 |
| 108 | ov_108 | 3.402939065062232 × 10^281 |
| 109 | ov_109 | 2.9329916026295707 × 10^281 |
| 110 | ov_110 | 2.508957136694892 × 10^281 |
| 111 | ov_111 | 2.1283131898285026 × 10^281 |
| 112 | ov_112 | 1.788596609100732 × 10^281 |
| 113 | ov_113 | 1.4873900266441475 × 10^281 |
| 114 | ov_114 | 1.2223104808512805 × 10^281 |
| 115 | ov_115 | 9.910000322682924 × 10^280 |
| 116 | ov_116 | 7.911182087865484 × 10^280 |
| 117 | ov_117 | 6.20336115059284 × 10^280 |
| 118 | ov_118 | 4.763320412589783 × 10^280 |
| 119 | ov_119 | 3.5678840639397895 × 10^280 |
| 120 | ov_120 | 2.593898714624093 × 10^280 |
| 121 | ov_121 | 1.8182236298836122 × 10^280 |
| 122 | ov_122 | 1.2177259913523519 × 10^280 |
| 123 | ov_123 | 7.692779292998496 × 10^279 |
| 124 | ov_124 | 4.497543647758084 × 10^279 |
| 125 | ov_125 | 2.360315952237273 × 10^279 |
| 126 | ov_126 | 1.0498648204769288 × 10^279 |
| 127 | aaa_77_28 | 3.3496066643068725 × 10^278 |
| 128 | aaa_77_29 | 1.254191202294216 × 10^278 |
| 129 | ov_129 | 1.14600813778799 × 10^278 |
| 130 | ov_130 | 1.1460053423032179 × 10^278 |
| 131 | ov_131 | 1.1460044455076129 × 10^278 |
| 132 | ov_132 | 9.897480799190613 × 10^277 |
| 133 | ov_133 | 8.502462238029422 × 10^277 |
| 134 | ov_134 | 7.261889840006718 × 10^277 |
| 135 | ov_135 | 6.1633875619082885 × 10^277 |
| 136 | ov_136 | 5.1952495230834075 × 10^277 |
| 137 | ov_137 | 4.346394222969513 × 10^277 |
| 138 | ov_138 | 3.6063251733572503 × 10^277 |
| 139 | ov_139 | 2.965097318530965 × 10^277 |
| 140 | ov_140 | 2.4132886076956726 × 10^277 |
| 141 | ov_141 | 1.941976118618457 × 10^277 |
| 142 | ov_142 | 1.5427161652007782 × 10^277 |
| 143 | ov_143 | 1.2075278842234616 × 10^277 |
| 144 | ov_144 | 9.288798879163603 × 10^276 |
| 145 | ov_145 | 6.996796268148652 × 10^276 |
| 146 | ov_146 | 5.132651316675932 × 10^276 |
| 147 | ov_147 | 3.6641216935876037 × 10^276 |
| 148 | ov_148 | 2.533030133352217 × 10^276 |
| 149 | ov_149 | 1.685366682201964 × 10^276 |
| 150 | ov_150 | 1.0712678809078299 × 10^276 |
| 151 | ov_151 | 6.450037613629235 × 10^275 |
| 152 | ov_152 | 3.6497022257577035 × 10^275 |
| 153 | ov_153 | 1.9368476437179933 × 10^275 |
| 154 | ov_154 | 9.778413377756068 × 10^274 |
| 155 | ov_155 | 4.802300220281268 × 10^274 |
| 156 | aaa_76_25 | 1.9273243943886908 × 10^274 |
| 157 | aaa_76_26 | 1.185499325543421 × 10^274 |
| 158 | aaa_76_27 | 6.494994274911078 × 10^273 |
| 159 | aaa_76_28 | 3.057947413331623 × 10^273 |
| 160 | aaa_76_29 | 1.1502975870201163 × 10^273 |

### Output Bits Sorted by Complexity

| Rank | Output Bit | Complexity |
|:----:|:----------:|:----------:|
| 160 | aaa_76_29 | 1.1502975870201163 × 10^273 |
| 159 | aaa_76_28 | 3.057947413331623 × 10^273 |
| 158 | aaa_76_27 | 6.494994274911078 × 10^273 |
| 157 | aaa_76_26 | 1.185499325543421 × 10^274 |
| 156 | aaa_76_25 | 1.9273243943886908 × 10^274 |
| 155 | ov_155 | 4.802300220281268 × 10^274 |
| 154 | ov_154 | 9.778413377756068 × 10^274 |
| 153 | ov_153 | 1.9368476437179933 × 10^275 |
| 152 | ov_152 | 3.6497022257577035 × 10^275 |
| 151 | ov_151 | 6.450037613629235 × 10^275 |
| 150 | ov_150 | 1.0712678809078299 × 10^276 |
| 149 | ov_149 | 1.685366682201964 × 10^276 |
| 148 | ov_148 | 2.533030133352217 × 10^276 |
| 147 | ov_147 | 3.6641216935876037 × 10^276 |
| 146 | ov_146 | 5.132651316675932 × 10^276 |
| 145 | ov_145 | 6.996796268148652 × 10^276 |
| 144 | ov_144 | 9.288798879163603 × 10^276 |
| 143 | ov_143 | 1.2075278842234616 × 10^277 |
| 142 | ov_142 | 1.5427161652007782 × 10^277 |
| 141 | ov_141 | 1.941976118618457 × 10^277 |
| 140 | ov_140 | 2.4132886076956726 × 10^277 |
| 139 | ov_139 | 2.965097318530965 × 10^277 |
| 138 | ov_138 | 3.6063251733572503 × 10^277 |
| 137 | ov_137 | 4.346394222969513 × 10^277 |
| 136 | ov_136 | 5.1952495230834075 × 10^277 |
| 135 | ov_135 | 6.1633875619082885 × 10^277 |
| 134 | ov_134 | 7.261889840006718 × 10^277 |
| 133 | ov_133 | 8.502462238029422 × 10^277 |
| 132 | ov_132 | 9.897480799190613 × 10^277 |
| 131 | ov_131 | 1.1460044455076129 × 10^278 |
| 130 | ov_130 | 1.1460053423032179 × 10^278 |
| 129 | ov_129 | 1.14600813778799 × 10^278 |
| 128 | aaa_77_29 | 1.254191202294216 × 10^278 |
| 127 | aaa_77_28 | 3.3496066643068725 × 10^278 |
| 126 | ov_126 | 1.0498648204769288 × 10^279 |
| 125 | ov_125 | 2.360315952237273 × 10^279 |
| 124 | ov_124 | 4.497543647758084 × 10^279 |
| 123 | ov_123 | 7.692779292998496 × 10^279 |
| 122 | ov_122 | 1.2177259913523519 × 10^280 |
| 121 | ov_121 | 1.8182236298836122 × 10^280 |
| 120 | ov_120 | 2.593898714624093 × 10^280 |
| 119 | ov_119 | 3.5678840639397895 × 10^280 |
| 118 | ov_118 | 4.763320412589783 × 10^280 |
| 117 | ov_117 | 6.20336115059284 × 10^280 |
| 116 | ov_116 | 7.911182087865484 × 10^280 |
| 115 | ov_115 | 9.910000322682924 × 10^280 |
| 114 | ov_114 | 1.2223104808512805 × 10^281 |
| 113 | ov_113 | 1.4873900266441475 × 10^281 |
| 112 | ov_112 | 1.788596609100732 × 10^281 |
| 111 | ov_111 | 2.1283131898285026 × 10^281 |
| 110 | ov_110 | 2.508957136694892 × 10^281 |
| 109 | ov_109 | 2.9329916026295707 × 10^281 |
| 108 | ov_108 | 3.402939065062232 × 10^281 |
| 107 | ov_107 | 3.9213968914594555 × 10^281 |
| 106 | ov_106 | 4.491054797710416 × 10^281 |
| 105 | ov_105 | 5.114714670614747 × 10^281 |
| 104 | ov_104 | 5.795313228238811 × 10^281 |
| 103 | ov_103 | 6.535947693910436 × 10^281 |
| 102 | ov_102 | 7.339904663914357 × 10^281 |
| 101 | ov_101 | 8.210692354325231 × 10^281 |
| 100 | ov_100 | 9.152076419021757 × 10^281 |
| 96 | aaa_78_29 | 9.334379349912874 × 10^281 |
| 99 | ov_099 | 1.0168119538933025 × 10^282 |
| 98 | ov_098 | 1.0168216352736899 × 10^282 |
| 97 | ov_097 | 1.0168519830572483 × 10^282 |
| 95 | aaa_78_28 | 2.4634376825532466 × 10^282 |
| 94 | ov_094 | 7.658919422062046 × 10^282 |
| 93 | ov_093 | 1.7085846268260705 × 10^283 |
| 92 | ov_092 | 3.23452733431693 × 10^283 |
| 91 | ov_091 | 5.503845164402964 × 10^283 |
| 90 | ov_090 | 9.420099966726444 × 10^283 |
| 89 | ov_089 | 1.6950753214497785 × 10^284 |
| 88 | ov_088 | 3.038424949207583 × 10^284 |
| 87 | ov_087 | 5.233087143352816 × 10^284 |
| 86 | ov_086 | 8.572416522787582 × 10^284 |
| 85 | ov_085 | 1.3382312014170456 × 10^285 |
| 84 | ov_084 | 2.0021528707933925 × 10^285 |
| 83 | ov_083 | 2.8882102121286936 × 10^285 |
| 82 | ov_082 | 4.038990337356322 × 10^285 |
| 81 | ov_081 | 5.500534378285849 × 10^285 |
| 80 | ov_080 | 7.322424739833513 × 10^285 |
| 64 | lv_79_m31 | 7.950902569385338 × 10^285 |
| 79 | ov_079 | 9.557890999121372 × 10^285 |
| 78 | ov_078 | 1.2263936304325115 × 10^286 |
| 77 | ov_077 | 1.5501486130001501 × 10^286 |
| 76 | ov_076 | 1.9335561250467303 × 10^286 |
| 75 | ov_075 | 2.3835476800625843 × 10^286 |
| 74 | ov_074 | 2.9075069305607364 × 10^286 |
| 63 | ov_063 | 3.288947384959426 × 10^286 |
| 73 | ov_073 | 3.513295357797273 × 10^286 |
| 72 | ov_072 | 4.209281140542276 × 10^286 |
| 71 | ov_071 | 5.004371398448847 × 10^286 |
| 70 | ov_070 | 5.908048009818317 × 10^286 |
| 69 | ov_069 | 6.930407208972077 × 10^286 |
| 68 | ov_068 | 8.08220317517737 × 10^286 |
| 67 | ov_067 | 9.369348552614844 × 10^286 |
| 66 | ov_066 | 9.369355958959493 × 10^286 |
| 65 | ov_065 | 9.369378811218516 × 10^286 |
| 62 | ov_062 | 1.3600231205110097 × 10^287 |
| 61 | ov_061 | 4.115270233002387 × 10^287 |
| 60 | ov_060 | 9.998321802010363 × 10^287 |
| 59 | ov_059 | 2.078547299773697 × 10^288 |
| 58 | ov_058 | 3.8381737349666935 × 10^288 |
| 57 | ov_057 | 6.469214312055424 × 10^288 |
| 56 | ov_056 | 1.0162176429164019 × 10^289 |
| 55 | ov_055 | 1.6169500098401386 × 10^289 |
| 54 | ov_054 | 2.5934166109545824 × 10^289 |
| 53 | ov_053 | 4.2532716159845856 × 10^289 |
| 52 | ov_052 | 6.942291486008648 × 10^289 |
| 51 | ov_051 | 1.1044391226912578 × 10^290 |
| 50 | ov_050 | 1.698165201329238 × 10^290 |
| 49 | ov_049 | 2.521437124463133 × 10^290 |
| 48 | ov_048 | 3.62411513154997 × 10^290 |
| 47 | ov_047 | 5.0599046697152345 × 10^290 |
| 46 | ov_046 | 6.886379150963169 × 10^290 |
| 32 | lv_80_m31 | 7.470066190989878 × 10^290 |
| 45 | ov_045 | 9.135256117708771 × 10^290 |
| 44 | ov_044 | 1.1840240486754147 × 10^291 |
| 43 | ov_043 | 1.503706041897849 × 10^291 |
| 42 | ov_042 | 1.8763513812653304 × 10^291 |
| 41 | ov_041 | 2.309732516118217 × 10^291 |
| 40 | ov_040 | 2.8080623166544825 × 10^291 |
| 31 | ov_031 | 3.090510896542574 × 10^291 |
| 39 | ov_039 | 3.379995733051198 × 10^291 |
| 38 | ov_038 | 4.0346570204041745 × 10^291 |
| 37 | ov_037 | 4.781663639577115 × 10^291 |
| 36 | ov_036 | 5.631154678606535 × 10^291 |
| 35 | ov_035 | 6.593824332434714 × 10^291 |
| 34 | ov_034 | 7.680961014063973 × 10^291 |
| 33 | ov_033 | 8.904492707486099 × 10^291 |
| 30 | ov_030 | 1.2782675461829922 × 10^292 |
| 29 | ov_029 | 3.869062335909949 × 10^292 |
| 28 | ov_028 | 9.404195235314201 × 10^292 |
| 27 | ov_027 | 1.9559846825089897 × 10^293 |
| 26 | ov_026 | 4.075507363363497 × 10^293 |
| 25 | ov_025 | 8.762654265612582 × 10^293 |
| 24 | ov_024 | 1.7840807944337895 × 10^294 |
| 23 | ov_023 | 3.349308430451073 × 10^294 |
| 22 | ov_022 | 5.826237033917269 × 10^294 |
| 21 | ov_021 | 9.505139450043177 × 10^294 |
| 20 | ov_020 | 1.4712284405787382 × 10^295 |
| 19 | ov_019 | 2.180995445581016 × 10^295 |
| 18 | ov_018 | 3.119647272475996 × 10^295 |
| 17 | ov_017 | 4.330624440849224 × 10^295 |
| 16 | ov_016 | 5.860982438783258 × 10^295 |
| 15 | ov_015 | 7.76140292239834 × 10^295 |
| 14 | ov_014 | 1.008621184209788 × 10^296 |
| 13 | ov_013 | 1.2893407414366765 × 10^296 |
| 12 | ov_012 | 1.6244701163226022 × 10^296 |
| 11 | ov_011 | 2.0205575561041154 × 10^296 |
| 10 | ov_010 | 2.484536210456623 × 10^296 |
| 9 | ov_009 | 3.023734396927646 × 10^296 |
| 8 | ov_008 | 3.6458887396186433 × 10^296 |
| 7 | ov_007 | 4.359160536404376 × 10^296 |
| 6 | ov_006 | 5.172155644264854 × 10^296 |
| 5 | ov_005 | 6.09394816055104 × 10^296 |
| 4 | ov_004 | 7.134108232198829 × 10^296 |
| 3 | ov_003 | 8.302734417322677 × 10^296 |
| 2 | ov_002 | 9.605305356817711 × 10^296 |
| 1 | ov_001 | 1.1047615575228696 × 10^297 |

