# Results for F001-F002-F003-F004-F005-F006-F007-F008-F009-F010-F011-F012-F013-F014-F015-F016-F017-F018-F019-F020-F021-F022-F023-F024-F025-F026-F027-F028-F029-F030-F031-F032-F033-F034-F035-F036-F037-F038-F039-F040-F041-F042-F043-F044-F045-F046-F047-F048-F049-F050-F051-F052-F053-F054-F055-F056-F057-F058-F059-F060-F061-F062-F063-F064-F065-F066-F067-F068-F069-F070-F071-F072-F073-F074-F075-F076-F077-F078-F079-F080-F081-F082-F083-F084-F085-F086-F087-F088-F089-F090-F091-F092-F093-F094-F095-F096-F097-F098-F099-F100-F101-F102-F103-F104-F105-F106-F107-F108-F109-F110-F111-F112-F113-F114-F115-F116-F117-F118-F119-F120-F121-F122-F123-F124-F125-F126-F127-F128-F129-F130-F131-F132-F133-F134-F135-F136-F137-F138-F139-F140-F141-F142-F143-F144-F145-F146-F147-F148-F149-F150-F151-F152-F153-F154-F155-F156-F157-F158-F159-F160-F161-F162-F163-F164-F165-F166-F167-F168-F169-F170-F171-F172-F173-F174-F175-F176-F177-F178-F179-F180-F181-F182-F183-F184-F185-F186-F187-F188-F189-F190-F191-F192-F193-F194-F195-F196-F197-F198-F199-F200-F201-F202-F203-F204-F205-F206-F207-F208-F209-F210-F211-F212-F213-F214-F215-F216-F217-F218-F219-F220-F221-F222-F223-F224-F225-F226-F227-F228-F229-F230-F231-F232-F233-F234-F235-F236-F237-F238-F239-F240-F241-F242-F243-F244-F245-F246-F247-F248-F249-F250-F251-F252-F253-F254-F255-F256-F257-F258-F259-F260-F261-F262-F263-F264-F265-F266-F267-F268-F269-F270-F271-F272-F273-F274-F275-F276-F277-F278-F279-F280-F281-F282-F283-F284-F285-F286-F287-F288-F289-F290-F291-F292-F293-F294-F295-F296-F297-F298-F299-F300-F301-F302-F303-F304-F305-F306-F307-F308-F309-F310-F311-F312-F313-F314-F315-F316-F317-F318-F319-F320-F321-F322-F323-F324-F325-F326-F327-F328-F329-F330-F331-F332-F333-F334-F335-F336-F337-F338-F339-F340-F341-F342-F343-F344-F345-F346-F347-F348-F349-F350-F351-F352-F353-F354-F355-F356-F357-F358-F359-F360-F361-F362-F363-F364-F365-F366-F367-F368-F369-F370-F371-F372-F373-F374-F375-F376-F377-F378-F379-F380-F381-F382-F383-F384-F385-F386-F387-F388-F389-F390-F391-F392-F393-F394-F395-F396-F397-F398-F399-F400-F401-F402-F403-F404-F405-F406-F407-F408-F409-F410-F411-F412-F413-F414-F415-F416-F417-F418-F419-F420-F421-F422-F423-F424-F425-F426-F427-F428-F429-F430-F431-F432-F433-F434-F435-F436-F437-F438-F439-F440-F441-F442-F443-F444-F445-F446-F447-F448-F449-F450-F451-F452-F453-F454-F455-F456-F457-F458-F459-F460-F461-F462-F463-F464-F465-F466-F467-F468-F469-F470-F471-F472-F473-F474-F475-F476-F477-F478-F479-F480-F481-F482-F483-F484-F485-F486-F487-F488-F489-F490-F491-F492-F493-F494-F495-F496-F497-F498-F499-F500-F501-F502-F503-F504-E507508

## Summary

Number of input bits: 512  
Number of free input bits: 7  
Number of output bits: 160

Number of direct occurrences: 28892  
Number of assignments: 30644  
Number of operations: 10913121
(xor: 10882891,
and: 17371,
or: 12859)

Total complexity: 1.9257107942056852 × 10^297

Least occurring input variable: iv_505 (3982)  
Most occurring input variable: iv_507 (4306)

Most co-occurring input variables: iv_507-iv_512 (2047)  
Least co-occurring input variables: iv_505-iv_506 (1790)

Potentially most occurring input variable: iv_506/iv_507 (4579)  
Potentially least occurring input variable: iv_506/iv_509 (4237)

Least output occurring input variable: iv_507 (72)  
Most output occurring input variable: iv_506 (82)

Most output co-occurring input variables: iv_506-iv_512 (45)  
Least output co-occurring input variables: iv_507-iv_511 (31)

Potentially most output occurring input variable: iv_506/iv_511 (86)  
Potentially least output occurring input variable: iv_506/iv_512 (70)

Least complex input bit: iv_505 (3.853642874128444 × 10^295)  
Most complex input bit: iv_510 (5.824080503639539 × 10^296)

Least complex output bit: aaa_76_29 (2.9745931551373075 × 10^272)  
Most complex output bit: ov_001 (2.9807674189052545 × 10^296)

Least complex input/output complexity: iv_505/aaa_76_29 (5.952617469984309 × 10^270)  
Most complex input/output complexity: iv_510/ov_001 (9.014972270273209 × 10^295)

Input variable with highest collision probability: iv_507 (½^160.00000000000028)

## Input Bits

### Input Bits in Regular Order

| Input Bit | Complexity | Occurrences | Output Occurrences | Collision Probability |
|:---------:|:----------:|:-----------:|:------------------:|:---------------------:|
| iv_505 | 3.853642874128444 × 10^295 | 3982 | 79 | ½^160.00000000000088 |
| iv_506 | 8.375482769209353 × 10^295 | 4009 | 82 | ½^160.00000000000068 |
| iv_507 | 3.368375354340139 × 10^296 | 4306 | 72 | ½^160.00000000000028 |
| iv_509 | 4.035914970458897 × 10^296 | 4048 | 78 | ½^160.0000000000007 |
| iv_510 | 5.824080503639539 × 10^296 | 4161 | 79 | ½^160.00000000000074 |
| iv_511 | 2.2047918955270875 × 10^296 | 4111 | 74 | ½^160.00000000000077 |
| iv_512 | 2.6010326537574016 × 10^296 | 4275 | 78 | ½^160.00000000000065 |

### Input Bits Sorted by Complexity

| Input Bit | Complexity | Occurrences | Output Occurrences | Collision Probability |
|:---------:|:----------:|:-----------:|:------------------:|:---------------------:|
| iv_505 | 3.853642874128444 × 10^295 | 3982 | 79 | ½^160.00000000000088 |
| iv_506 | 8.375482769209353 × 10^295 | 4009 | 82 | ½^160.00000000000068 |
| iv_511 | 2.2047918955270875 × 10^296 | 4111 | 74 | ½^160.00000000000077 |
| iv_512 | 2.6010326537574016 × 10^296 | 4275 | 78 | ½^160.00000000000065 |
| iv_507 | 3.368375354340139 × 10^296 | 4306 | 72 | ½^160.00000000000028 |
| iv_509 | 4.035914970458897 × 10^296 | 4048 | 78 | ½^160.0000000000007 |
| iv_510 | 5.824080503639539 × 10^296 | 4161 | 79 | ½^160.00000000000074 |

### Input Bits Sorted by Occurrences

| Input Bit | Complexity | Occurrences | Output Occurrences | Collision Probability |
|:---------:|:----------:|:-----------:|:------------------:|:---------------------:|
| iv_505 | 3.853642874128444 × 10^295 | 3982 | 79 | ½^160.00000000000088 |
| iv_506 | 8.375482769209353 × 10^295 | 4009 | 82 | ½^160.00000000000068 |
| iv_509 | 4.035914970458897 × 10^296 | 4048 | 78 | ½^160.0000000000007 |
| iv_511 | 2.2047918955270875 × 10^296 | 4111 | 74 | ½^160.00000000000077 |
| iv_510 | 5.824080503639539 × 10^296 | 4161 | 79 | ½^160.00000000000074 |
| iv_512 | 2.6010326537574016 × 10^296 | 4275 | 78 | ½^160.00000000000065 |
| iv_507 | 3.368375354340139 × 10^296 | 4306 | 72 | ½^160.00000000000028 |

### Input Bits Sorted by Output Occurrences

| Input Bit | Complexity | Occurrences | Output Occurrences | Collision Probability |
|:---------:|:----------:|:-----------:|:------------------:|:---------------------:|
| iv_507 | 3.368375354340139 × 10^296 | 4306 | 72 | ½^160.00000000000028 |
| iv_511 | 2.2047918955270875 × 10^296 | 4111 | 74 | ½^160.00000000000077 |
| iv_509 | 4.035914970458897 × 10^296 | 4048 | 78 | ½^160.0000000000007 |
| iv_512 | 2.6010326537574016 × 10^296 | 4275 | 78 | ½^160.00000000000065 |
| iv_505 | 3.853642874128444 × 10^295 | 3982 | 79 | ½^160.00000000000088 |
| iv_510 | 5.824080503639539 × 10^296 | 4161 | 79 | ½^160.00000000000074 |
| iv_506 | 8.375482769209353 × 10^295 | 4009 | 82 | ½^160.00000000000068 |

### Input Bits Sorted by Collision Probability

| Input Bit | Complexity | Occurrences | Output Occurrences | Collision Probability |
|:---------:|:----------:|:-----------:|:------------------:|:---------------------:|
| iv_507 | 3.368375354340139 × 10^296 | 4306 | 72 | ½^160.00000000000028 |
| iv_512 | 2.6010326537574016 × 10^296 | 4275 | 78 | ½^160.00000000000065 |
| iv_506 | 8.375482769209353 × 10^295 | 4009 | 82 | ½^160.00000000000068 |
| iv_509 | 4.035914970458897 × 10^296 | 4048 | 78 | ½^160.0000000000007 |
| iv_510 | 5.824080503639539 × 10^296 | 4161 | 79 | ½^160.00000000000074 |
| iv_511 | 2.2047918955270875 × 10^296 | 4111 | 74 | ½^160.00000000000077 |
| iv_505 | 3.853642874128444 × 10^295 | 3982 | 79 | ½^160.00000000000088 |

## Input Bit/Output Bit Collision Probabilities

| Input Bit | Output Bit | Collision Probability |
|:---------:|:----------:|:---------------------:|
| iv_507 | ov_104 | 0.5000000000000022 |
| iv_507 | ov_068 | 0.5000000000000021 |
| iv_512 | aaa_76_25 | 0.500000000000002 |
| iv_507 | ov_010 | 0.5000000000000019 |
| iv_505 | ov_123 | 0.5000000000000018 |
| iv_507 | ov_004 | 0.5000000000000018 |
| iv_507 | ov_007 | 0.5000000000000018 |

## Input Bit Co-occurrences

### Input Bit Co-occurrences Sorted by Co-occurrences

| Input Bits | Co-occurrences | Potential Occurrences | Output Co-occurrences | Potential Output Occurrences |
|:----------:|:--------------:|:---------------------:|:---------------------:|:----------------------------:|
| iv_507-iv_512 | 2047 | 4487 | 38 | 74 |
| iv_511-iv_512 | 2032 | 4322 | 39 | 74 |
| iv_507-iv_510 | 2027 | 4413 | 34 | 83 |
| iv_510-iv_512 | 1995 | 4446 | 42 | 73 |
| iv_509-iv_512 | 1981 | 4361 | 37 | 82 |
| iv_507-iv_511 | 1961 | 4495 | 31 | 84 |
| iv_510-iv_511 | 1952 | 4368 | 38 | 77 |

### Input Bit Co-occurrences Sorted by Potential Occurrences

| Input Bits | Co-occurrences | Potential Occurrences | Output Co-occurrences | Potential Output Occurrences |
|:----------:|:--------------:|:---------------------:|:---------------------:|:----------------------------:|
| iv_506-iv_509 | 1910 | 4237 | 43 | 74 |
| iv_506-iv_510 | 1946 | 4278 | 44 | 73 |
| iv_509-iv_511 | 1934 | 4291 | 39 | 74 |
| iv_511-iv_512 | 2032 | 4322 | 39 | 74 |
| iv_505-iv_509 | 1849 | 4332 | 37 | 83 |
| iv_509-iv_510 | 1934 | 4341 | 37 | 83 |
| iv_509-iv_512 | 1981 | 4361 | 37 | 82 |

### Input Bit Output Co-occurrences Sorted by Output Co-occurrences

| Input Bits | Co-occurrences | Potential Occurrences | Output Co-occurrences | Potential Output Occurrences |
|:----------:|:--------------:|:---------------------:|:---------------------:|:----------------------------:|
| iv_506-iv_512 | 1951 | 4382 | 45 | 70 |
| iv_506-iv_510 | 1946 | 4278 | 44 | 73 |
| iv_506-iv_509 | 1910 | 4237 | 43 | 74 |
| iv_510-iv_512 | 1995 | 4446 | 42 | 73 |
| iv_505-iv_507 | 1871 | 4546 | 40 | 71 |
| iv_509-iv_511 | 1934 | 4291 | 39 | 74 |
| iv_511-iv_512 | 2032 | 4322 | 39 | 74 |

### Input Bit Output Co-occurrences Sorted by Potential Output Occurrences

| Input Bits | Co-occurrences | Potential Occurrences | Output Co-occurrences | Potential Output Occurrences |
|:----------:|:--------------:|:---------------------:|:---------------------:|:----------------------------:|
| iv_506-iv_512 | 1951 | 4382 | 45 | 70 |
| iv_505-iv_507 | 1871 | 4546 | 40 | 71 |
| iv_506-iv_510 | 1946 | 4278 | 44 | 73 |
| iv_510-iv_512 | 1995 | 4446 | 42 | 73 |
| iv_507-iv_512 | 2047 | 4487 | 38 | 74 |
| iv_509-iv_511 | 1934 | 4291 | 39 | 74 |
| iv_511-iv_512 | 2032 | 4322 | 39 | 74 |

## Output Bits

### Output Bits in Regular Order

| Rank | Output Bit | Complexity |
|:----:|:----------:|:----------:|
| 1 | ov_001 | 2.9807674189052545 × 10^296 |
| 2 | ov_002 | 2.6085465930013822 × 10^296 |
| 3 | ov_003 | 2.2696807331700633 × 10^296 |
| 4 | ov_004 | 1.962587551911564 × 10^296 |
| 5 | ov_005 | 1.6857714748396013 × 10^296 |
| 6 | ov_006 | 1.437817457692707 × 10^296 |
| 7 | ov_007 | 1.2173856203864334 × 10^296 |
| 8 | ov_008 | 1.023206605715715 × 10^296 |
| 9 | ov_009 | 8.529378053548635 × 10^295 |
| 10 | ov_010 | 7.043597832544084 × 10^295 |
| 11 | ov_011 | 5.753707825777194 × 10^295 |
| 12 | ov_012 | 4.649487127311895 × 10^295 |
| 13 | ov_013 | 3.7121398071000977 × 10^295 |
| 14 | ov_014 | 2.92392950462978 × 10^295 |
| 15 | ov_015 | 2.268154028955713 × 10^295 |
| 16 | ov_016 | 1.7291257502025609 × 10^295 |
| 17 | ov_017 | 1.2921570224374748 × 10^295 |
| 18 | ov_018 | 9.435497628775733 × 10^294 |
| 19 | ov_019 | 6.705883298620283 × 10^294 |
| 20 | ov_020 | 4.615349231097246 × 10^294 |
| 21 | ov_021 | 3.056268108056264 × 10^294 |
| 22 | ov_022 | 1.930747690443543 × 10^294 |
| 23 | ov_023 | 1.1506222334957226 × 10^294 |
| 24 | ov_024 | 6.374474572331779 × 10^293 |
| 25 | ov_025 | 3.22497405048656 × 10^293 |
| 26 | ov_026 | 1.4676255673787739 × 10^293 |
| 27 | ov_027 | 6.094881442816091 × 10^292 |
| 28 | ov_028 | 2.5477031432807216 × 10^292 |
| 29 | ov_029 | 1.048283203181998 × 10^292 |
| 30 | ov_030 | 3.4627102279240685 × 10^291 |
| 31 | ov_031 | 8.368582052426425 × 10^290 |
| 32 | lv_80_m31 | 2.0218834666119187 × 10^290 |
| 33 | ov_033 | 2.4399845939787986 × 10^291 |
| 34 | ov_034 | 2.1120603390758055 × 10^291 |
| 35 | ov_035 | 1.8182904266360804 × 10^291 |
| 36 | ov_036 | 1.5570343103887866 × 10^291 |
| 37 | ov_037 | 1.3267411451879428 × 10^291 |
| 38 | ov_038 | 1.1245527985068335 × 10^291 |
| 39 | ov_039 | 9.477609509253802 × 10^290 |
| 40 | ov_040 | 7.937979617893143 × 10^290 |
| 41 | ov_041 | 6.602290967242529 × 10^290 |
| 42 | ov_042 | 5.447459720825952 × 10^290 |
| 43 | ov_043 | 4.451610804585067 × 10^290 |
| 44 | ov_044 | 3.59403270062045 × 10^290 |
| 45 | ov_045 | 2.85514059051841 × 10^290 |
| 46 | ov_046 | 2.225419618825126 × 10^290 |
| 47 | ov_047 | 1.6958969060833087 × 10^290 |
| 48 | ov_048 | 1.2581312737512137 × 10^290 |
| 49 | ov_049 | 9.042053662954807 × 10^289 |
| 50 | ov_050 | 6.267197477195474 × 10^289 |
| 51 | ov_051 | 4.187885857021085 × 10^289 |
| 52 | ov_052 | 2.68169889478151 × 10^289 |
| 53 | ov_053 | 1.636375481202378 × 10^289 |
| 54 | ov_054 | 9.497942706763755 × 10^288 |
| 55 | ov_055 | 5.299633506394922 × 10^288 |
| 56 | ov_056 | 2.9501487616999404 × 10^288 |
| 57 | ov_057 | 1.7320216417201442 × 10^288 |
| 58 | ov_058 | 1.0289803254083587 × 10^288 |
| 59 | ov_059 | 5.581861523951859 × 10^287 |
| 60 | ov_060 | 2.6904883716177434 × 10^287 |
| 61 | ov_061 | 1.1097849105299525 × 10^287 |
| 62 | ov_062 | 3.674949848564422 × 10^286 |
| 63 | ov_063 | 8.903784738317719 × 10^285 |
| 64 | lv_79_m31 | 2.155925597416342 × 10^285 |
| 65 | ov_065 | 2.5331037159000645 × 10^286 |
| 66 | ov_066 | 2.5330975606314604 × 10^286 |
| 67 | ov_067 | 2.5330955658810504 × 10^286 |
| 68 | ov_068 | 2.196678552460565 × 10^286 |
| 69 | ov_069 | 1.8927605730832413 × 10^286 |
| 70 | ov_070 | 1.6197485321912393 × 10^286 |
| 71 | ov_071 | 1.3761477383430357 × 10^286 |
| 72 | ov_072 | 1.1605551783370145 × 10^286 |
| 73 | ov_073 | 9.716533743065988 × 10^285 |
| 74 | ov_074 | 8.070421377918258 × 10^285 |
| 75 | ov_075 | 6.64466463038243 × 10^285 |
| 76 | ov_076 | 5.41807849753167 × 10^285 |
| 77 | ov_077 | 4.370765342285581 × 10^285 |
| 78 | ov_078 | 3.4840457594752506 × 10^285 |
| 79 | ov_079 | 2.740397477335791 × 10^285 |
| 80 | ov_080 | 2.1234017821672568 × 10^285 |
| 81 | ov_081 | 1.617696959174427 × 10^285 |
| 82 | ov_082 | 1.2089382462428053 × 10^285 |
| 83 | ov_083 | 8.837637999558868 × 10^284 |
| 84 | ov_084 | 6.297661747972941 × 10^284 |
| 85 | ov_085 | 4.354688174669328 × 10^284 |
| 86 | ov_086 | 2.9030707879365255 × 10^284 |
| 87 | ov_087 | 1.8461324602464146 × 10^284 |
| 88 | ov_088 | 1.0960509843478763 × 10^284 |
| 89 | ov_089 | 6.111167279595009 × 10^283 |
| 90 | ov_090 | 3.209900778705667 × 10^283 |
| 91 | ov_091 | 1.6400471484736566 × 10^283 |
| 92 | ov_092 | 8.71444519186675 × 10^282 |
| 93 | ov_093 | 4.603078755848047 × 10^282 |
| 94 | ov_094 | 2.0632866161360836 × 10^282 |
| 95 | aaa_78_28 | 6.636109037643529 × 10^281 |
| 96 | aaa_78_29 | 2.514370970971476 × 10^281 |
| 97 | ov_097 | 2.738655580404007 × 10^281 |
| 98 | ov_098 | 2.7385727908651975 × 10^281 |
| 99 | ov_099 | 2.738546349489853 × 10^281 |
| 100 | ov_100 | 2.464619647268272 × 10^281 |
| 101 | ov_101 | 2.210893398526279 × 10^281 |
| 102 | ov_102 | 1.976256567463621 × 10^281 |
| 103 | ov_103 | 1.7596797897542057 × 10^281 |
| 104 | ov_104 | 1.5602047485294742 × 10^281 |
| 105 | ov_105 | 1.3769345202224031 × 10^281 |
| 106 | ov_106 | 1.2090248378172717 × 10^281 |
| 107 | ov_107 | 1.055676221347371 × 10^281 |
| 108 | ov_108 | 9.161269273774918 × 10^280 |
| 109 | ov_109 | 7.896466707499581 × 10^280 |
| 110 | ov_110 | 6.755310731084758 × 10^280 |
| 111 | ov_111 | 5.730967936863373 × 10^280 |
| 112 | ov_112 | 4.816772985944597 × 10^280 |
| 113 | ov_113 | 4.0061922540803307 × 10^280 |
| 114 | ov_114 | 3.2927930026083244 × 10^280 |
| 115 | ov_115 | 2.6702176494221214 × 10^280 |
| 116 | ov_116 | 2.1321627168253273 × 10^280 |
| 117 | ov_117 | 1.672362034332509 × 10^280 |
| 118 | ov_118 | 1.2845737751811588 × 10^280 |
| 119 | ov_119 | 9.625709056948342 × 10^279 |
| 120 | ov_120 | 7.001346268246437 × 10^279 |
| 121 | ov_121 | 4.910503872871624 × 10^279 |
| 122 | ov_122 | 3.29105857729889 × 10^279 |
| 123 | ov_123 | 2.0808998043821994 × 10^279 |
| 124 | ov_124 | 1.2179241593538454 × 10^279 |
| 125 | ov_125 | 6.400317962837348 × 10^278 |
| 126 | ov_126 | 2.851243261973632 × 10^278 |
| 127 | aaa_77_28 | 9.110382608491915 × 10^277 |
| 128 | aaa_77_29 | 3.417100962506155 × 10^277 |
| 129 | ov_129 | 3.134540761499943 × 10^277 |
| 130 | ov_130 | 3.1345335160476156 × 10^277 |
| 131 | ov_131 | 3.13453118419965 × 10^277 |
| 132 | ov_132 | 2.72178040027858 × 10^277 |
| 133 | ov_133 | 2.3486404689648235 × 10^277 |
| 134 | ov_134 | 2.0133614333702464 × 10^277 |
| 135 | ov_135 | 1.7142935522181214 × 10^277 |
| 136 | ov_136 | 1.4498797987552096 × 10^277 |
| 137 | ov_137 | 1.2172584385469002 × 10^277 |
| 138 | ov_138 | 1.0137230384676748 × 10^277 |
| 139 | ov_139 | 8.367129757674934 × 10^276 |
| 140 | ov_140 | 6.838053254754993 × 10^276 |
| 141 | ov_141 | 5.527080149450722 × 10^276 |
| 142 | ov_142 | 4.412541143787433 × 10^276 |
| 143 | ov_143 | 3.4739713118283905 × 10^276 |
| 144 | ov_144 | 2.6920718418697844 × 10^276 |
| 145 | ov_145 | 2.0486794185489917 × 10^276 |
| 146 | ov_146 | 1.526742166384907 × 10^276 |
| 147 | ov_147 | 1.1103011560789988 × 10^276 |
| 148 | ov_148 | 7.84476554432906 × 10^275 |
| 149 | ov_149 | 5.354575780964338 × 10^275 |
| 150 | ov_150 | 3.5049549062191096 × 10^275 |
| 151 | ov_151 | 2.1789896150898292 × 10^275 |
| 152 | ov_152 | 1.2703118510066202 × 10^275 |
| 153 | ov_153 | 6.830823634945436 × 10^274 |
| 154 | ov_154 | 3.3198219619574868 × 10^274 |
| 155 | ov_155 | 1.4220857382975343 × 10^274 |
| 156 | aaa_76_25 | 4.947297643687587 × 10^273 |
| 157 | aaa_76_26 | 3.0469807451496246 × 10^273 |
| 158 | aaa_76_27 | 1.6722891501454922 × 10^273 |
| 159 | aaa_76_28 | 7.8900913983549 × 10^272 |
| 160 | aaa_76_29 | 2.9745931551373075 × 10^272 |

### Output Bits Sorted by Complexity

| Rank | Output Bit | Complexity |
|:----:|:----------:|:----------:|
| 160 | aaa_76_29 | 2.9745931551373075 × 10^272 |
| 159 | aaa_76_28 | 7.8900913983549 × 10^272 |
| 158 | aaa_76_27 | 1.6722891501454922 × 10^273 |
| 157 | aaa_76_26 | 3.0469807451496246 × 10^273 |
| 156 | aaa_76_25 | 4.947297643687587 × 10^273 |
| 155 | ov_155 | 1.4220857382975343 × 10^274 |
| 154 | ov_154 | 3.3198219619574868 × 10^274 |
| 153 | ov_153 | 6.830823634945436 × 10^274 |
| 152 | ov_152 | 1.2703118510066202 × 10^275 |
| 151 | ov_151 | 2.1789896150898292 × 10^275 |
| 150 | ov_150 | 3.5049549062191096 × 10^275 |
| 149 | ov_149 | 5.354575780964338 × 10^275 |
| 148 | ov_148 | 7.84476554432906 × 10^275 |
| 147 | ov_147 | 1.1103011560789988 × 10^276 |
| 146 | ov_146 | 1.526742166384907 × 10^276 |
| 145 | ov_145 | 2.0486794185489917 × 10^276 |
| 144 | ov_144 | 2.6920718418697844 × 10^276 |
| 143 | ov_143 | 3.4739713118283905 × 10^276 |
| 142 | ov_142 | 4.412541143787433 × 10^276 |
| 141 | ov_141 | 5.527080149450722 × 10^276 |
| 140 | ov_140 | 6.838053254754993 × 10^276 |
| 139 | ov_139 | 8.367129757674934 × 10^276 |
| 138 | ov_138 | 1.0137230384676748 × 10^277 |
| 137 | ov_137 | 1.2172584385469002 × 10^277 |
| 136 | ov_136 | 1.4498797987552096 × 10^277 |
| 135 | ov_135 | 1.7142935522181214 × 10^277 |
| 134 | ov_134 | 2.0133614333702464 × 10^277 |
| 133 | ov_133 | 2.3486404689648235 × 10^277 |
| 132 | ov_132 | 2.72178040027858 × 10^277 |
| 131 | ov_131 | 3.13453118419965 × 10^277 |
| 130 | ov_130 | 3.1345335160476156 × 10^277 |
| 129 | ov_129 | 3.134540761499943 × 10^277 |
| 128 | aaa_77_29 | 3.417100962506155 × 10^277 |
| 127 | aaa_77_28 | 9.110382608491915 × 10^277 |
| 126 | ov_126 | 2.851243261973632 × 10^278 |
| 125 | ov_125 | 6.400317962837348 × 10^278 |
| 124 | ov_124 | 1.2179241593538454 × 10^279 |
| 123 | ov_123 | 2.0808998043821994 × 10^279 |
| 122 | ov_122 | 3.29105857729889 × 10^279 |
| 121 | ov_121 | 4.910503872871624 × 10^279 |
| 120 | ov_120 | 7.001346268246437 × 10^279 |
| 119 | ov_119 | 9.625709056948342 × 10^279 |
| 118 | ov_118 | 1.2845737751811588 × 10^280 |
| 117 | ov_117 | 1.672362034332509 × 10^280 |
| 116 | ov_116 | 2.1321627168253273 × 10^280 |
| 115 | ov_115 | 2.6702176494221214 × 10^280 |
| 114 | ov_114 | 3.2927930026083244 × 10^280 |
| 113 | ov_113 | 4.0061922540803307 × 10^280 |
| 112 | ov_112 | 4.816772985944597 × 10^280 |
| 111 | ov_111 | 5.730967936863373 × 10^280 |
| 110 | ov_110 | 6.755310731084758 × 10^280 |
| 109 | ov_109 | 7.896466707499581 × 10^280 |
| 108 | ov_108 | 9.161269273774918 × 10^280 |
| 107 | ov_107 | 1.055676221347371 × 10^281 |
| 106 | ov_106 | 1.2090248378172717 × 10^281 |
| 105 | ov_105 | 1.3769345202224031 × 10^281 |
| 104 | ov_104 | 1.5602047485294742 × 10^281 |
| 103 | ov_103 | 1.7596797897542057 × 10^281 |
| 102 | ov_102 | 1.976256567463621 × 10^281 |
| 101 | ov_101 | 2.210893398526279 × 10^281 |
| 100 | ov_100 | 2.464619647268272 × 10^281 |
| 96 | aaa_78_29 | 2.514370970971476 × 10^281 |
| 99 | ov_099 | 2.738546349489853 × 10^281 |
| 98 | ov_098 | 2.7385727908651975 × 10^281 |
| 97 | ov_097 | 2.738655580404007 × 10^281 |
| 95 | aaa_78_28 | 6.636109037643529 × 10^281 |
| 94 | ov_094 | 2.0632866161360836 × 10^282 |
| 93 | ov_093 | 4.603078755848047 × 10^282 |
| 92 | ov_092 | 8.71444519186675 × 10^282 |
| 91 | ov_091 | 1.6400471484736566 × 10^283 |
| 90 | ov_090 | 3.209900778705667 × 10^283 |
| 89 | ov_089 | 6.111167279595009 × 10^283 |
| 88 | ov_088 | 1.0960509843478763 × 10^284 |
| 87 | ov_087 | 1.8461324602464146 × 10^284 |
| 86 | ov_086 | 2.9030707879365255 × 10^284 |
| 85 | ov_085 | 4.354688174669328 × 10^284 |
| 84 | ov_084 | 6.297661747972941 × 10^284 |
| 83 | ov_083 | 8.837637999558868 × 10^284 |
| 82 | ov_082 | 1.2089382462428053 × 10^285 |
| 81 | ov_081 | 1.617696959174427 × 10^285 |
| 80 | ov_080 | 2.1234017821672568 × 10^285 |
| 64 | lv_79_m31 | 2.155925597416342 × 10^285 |
| 79 | ov_079 | 2.740397477335791 × 10^285 |
| 78 | ov_078 | 3.4840457594752506 × 10^285 |
| 77 | ov_077 | 4.370765342285581 × 10^285 |
| 76 | ov_076 | 5.41807849753167 × 10^285 |
| 75 | ov_075 | 6.64466463038243 × 10^285 |
| 74 | ov_074 | 8.070421377918258 × 10^285 |
| 63 | ov_063 | 8.903784738317719 × 10^285 |
| 73 | ov_073 | 9.716533743065988 × 10^285 |
| 72 | ov_072 | 1.1605551783370145 × 10^286 |
| 71 | ov_071 | 1.3761477383430357 × 10^286 |
| 70 | ov_070 | 1.6197485321912393 × 10^286 |
| 69 | ov_069 | 1.8927605730832413 × 10^286 |
| 68 | ov_068 | 2.196678552460565 × 10^286 |
| 67 | ov_067 | 2.5330955658810504 × 10^286 |
| 66 | ov_066 | 2.5330975606314604 × 10^286 |
| 65 | ov_065 | 2.5331037159000645 × 10^286 |
| 62 | ov_062 | 3.674949848564422 × 10^286 |
| 61 | ov_061 | 1.1097849105299525 × 10^287 |
| 60 | ov_060 | 2.6904883716177434 × 10^287 |
| 59 | ov_059 | 5.581861523951859 × 10^287 |
| 58 | ov_058 | 1.0289803254083587 × 10^288 |
| 57 | ov_057 | 1.7320216417201442 × 10^288 |
| 56 | ov_056 | 2.9501487616999404 × 10^288 |
| 55 | ov_055 | 5.299633506394922 × 10^288 |
| 54 | ov_054 | 9.497942706763755 × 10^288 |
| 53 | ov_053 | 1.636375481202378 × 10^289 |
| 52 | ov_052 | 2.68169889478151 × 10^289 |
| 51 | ov_051 | 4.187885857021085 × 10^289 |
| 50 | ov_050 | 6.267197477195474 × 10^289 |
| 49 | ov_049 | 9.042053662954807 × 10^289 |
| 48 | ov_048 | 1.2581312737512137 × 10^290 |
| 47 | ov_047 | 1.6958969060833087 × 10^290 |
| 32 | lv_80_m31 | 2.0218834666119187 × 10^290 |
| 46 | ov_046 | 2.225419618825126 × 10^290 |
| 45 | ov_045 | 2.85514059051841 × 10^290 |
| 44 | ov_044 | 3.59403270062045 × 10^290 |
| 43 | ov_043 | 4.451610804585067 × 10^290 |
| 42 | ov_042 | 5.447459720825952 × 10^290 |
| 41 | ov_041 | 6.602290967242529 × 10^290 |
| 40 | ov_040 | 7.937979617893143 × 10^290 |
| 31 | ov_031 | 8.368582052426425 × 10^290 |
| 39 | ov_039 | 9.477609509253802 × 10^290 |
| 38 | ov_038 | 1.1245527985068335 × 10^291 |
| 37 | ov_037 | 1.3267411451879428 × 10^291 |
| 36 | ov_036 | 1.5570343103887866 × 10^291 |
| 35 | ov_035 | 1.8182904266360804 × 10^291 |
| 34 | ov_034 | 2.1120603390758055 × 10^291 |
| 33 | ov_033 | 2.4399845939787986 × 10^291 |
| 30 | ov_030 | 3.4627102279240685 × 10^291 |
| 29 | ov_029 | 1.048283203181998 × 10^292 |
| 28 | ov_028 | 2.5477031432807216 × 10^292 |
| 27 | ov_027 | 6.094881442816091 × 10^292 |
| 26 | ov_026 | 1.4676255673787739 × 10^293 |
| 25 | ov_025 | 3.22497405048656 × 10^293 |
| 24 | ov_024 | 6.374474572331779 × 10^293 |
| 23 | ov_023 | 1.1506222334957226 × 10^294 |
| 22 | ov_022 | 1.930747690443543 × 10^294 |
| 21 | ov_021 | 3.056268108056264 × 10^294 |
| 20 | ov_020 | 4.615349231097246 × 10^294 |
| 19 | ov_019 | 6.705883298620283 × 10^294 |
| 18 | ov_018 | 9.435497628775733 × 10^294 |
| 17 | ov_017 | 1.2921570224374748 × 10^295 |
| 16 | ov_016 | 1.7291257502025609 × 10^295 |
| 15 | ov_015 | 2.268154028955713 × 10^295 |
| 14 | ov_014 | 2.92392950462978 × 10^295 |
| 13 | ov_013 | 3.7121398071000977 × 10^295 |
| 12 | ov_012 | 4.649487127311895 × 10^295 |
| 11 | ov_011 | 5.753707825777194 × 10^295 |
| 10 | ov_010 | 7.043597832544084 × 10^295 |
| 9 | ov_009 | 8.529378053548635 × 10^295 |
| 8 | ov_008 | 1.023206605715715 × 10^296 |
| 7 | ov_007 | 1.2173856203864334 × 10^296 |
| 6 | ov_006 | 1.437817457692707 × 10^296 |
| 5 | ov_005 | 1.6857714748396013 × 10^296 |
| 4 | ov_004 | 1.962587551911564 × 10^296 |
| 3 | ov_003 | 2.2696807331700633 × 10^296 |
| 2 | ov_002 | 2.6085465930013822 × 10^296 |
| 1 | ov_001 | 2.9807674189052545 × 10^296 |

