# Results for F001-F002-F003-F004-F005-F006-F007-F008-F009-F010-F011-F012-F013-F014-F015-F016-F017-F018-F019-F020-F021-F022-F023-F024-F025-F026-F027-F028-F029-F030-F031-F032-F033-F034-F035-F036-F037-F038-F039-F040-F041-F042-F043-F044-F045-F046-F047-F048-F049-F050-F051-F052-F053-F054-F055-F056-F057-F058-F059-F060-F061-F062-F063-F064-F065-F066-F067-F068-F069-F070-F071-F072-F073-F074-F075-F076-F077-F078-F079-F080-F081-F082-F083-F084-F085-F086-F087-F088-F089-F090-F091-F092-F093-F094-F095-F096-F097-F098-F099-F100-F101-F102-F103-F104-F105-F106-F107-F108-F109-F110-F111-F112-F113-F114-F115-F116-F117-F118-F119-F120-F121-F122-F123-F124-F125-F126-F127-F128-F129-F130-F131-F132-F133-F134-F135-F136-F137-F138-F139-F140-F141-F142-F143-F144-F145-F146-F147-F148-F149-F150-F151-F152-F153-F154-F155-F156-F157-F158-F159-F160-F161-F162-F163-F164-F165-F166-F167-F168-F169-F170-F171-F172-F173-F174-F175-F176-F177-F178-F179-F180-F181-F182-F183-F184-F185-F186-F187-F188-F189-F190-F191-F192-F193-F194-F195-F196-F197-F198-F199-F200-F201-F202-F203-F204-F205-F206-F207-F208-F209-F210-F211-F212-F213-F214-F215-F216-F217-F218-F219-F220-F221-F222-F223-F224-F225-F226-F227-F228-F229-F230-F231-F232-F233-F234-F235-F236-F237-F238-F239-F240-F241-F242-F243-F244-F245-F246-F247-F248-F249-F250-F251-F252-F253-F254-F255-F256-F257-F258-F259-F260-F261-F262-F263-F264-F265-F266-F267-F268-F269-F270-F271-F272-F273-F274-F275-F276-F277-F278-F279-F280-F281-F282-F283-F284-F285-F286-F287-F288-F289-F290-F291-F292-F293-F294-F295-F296-F297-F298-F299-F300-F301-F302-F303-F304-F305-F306-F307-F308-F309-F310-F311-F312-F313-F314-F315-F316-F317-F318-F319-F320-F321-F322-F323-F324-F325-F326-F327-F328-F329-F330-F331-F332-F333-F334-F335-F336-F337-F338-F339-F340-F341-F342-F343-F344-F345-F346-F347-F348-F349-F350-F351-F352-F353-F354-F355-F356-F357-F358-F359-F360-F361-F362-F363-F364-F365-F366-F367-F368-F369-F370-F371-F372-F373-F374-F375-F376-F377-F378-F379-F380-F381-F382-F383-F384-F385-F386-F387-F388-F389-F390-F391-F392-F393-F394-F395-F396-F397-F398-F399-F400-F401-F402-F403-F404-F405-F406-F407-F408-F409-F410-F411-F412-F413-F414-F415-F416-F417-F418-F419-F420-F421-F422-F423-F424-F425-F426-F427-F428-F429-F430-F431-F432-F433-F434-F435-F436-F437-F438-F439-F440-F441-F442-F443-F444-F445-F446-F447-F448-F449-F450-F451-F452-F453-F454-F455-F456-F457-F458-F459-F460-F461-F462-F463-F464-F465-F466-F467-F468-F469-F470-F471-F472-F473-F474-F475-F476-F477-F478-F479-F480-F481-F482-F483-F484-F485-F486-F487-F488-F489-F490-F491-F492-F493-F494-F495-F496-F497-F498-F499-F500-F501-F502-F503-F504-E507509

## Summary

Number of input bits: 512  
Number of free input bits: 7  
Number of output bits: 160

Number of direct occurrences: 28902  
Number of assignments: 30622  
Number of operations: 10913124
(xor: 10882904,
and: 17371,
or: 12849)

Total complexity: 1.6356305190125417 × 10^297

Least occurring input variable: iv_505 (3983)  
Most occurring input variable: iv_507 (4319)

Most co-occurring input variables: iv_511-iv_512 (2032)  
Least co-occurring input variables: iv_505-iv_506 (1790)

Potentially most occurring input variable: iv_507/iv_512 (4620)  
Potentially least occurring input variable: iv_506/iv_508 (4248)

Least output occurring input variable: iv_508 (70)  
Most output occurring input variable: iv_506 (82)

Most output co-occurring input variables: iv_506-iv_512 (45)  
Least output co-occurring input variables: iv_508-iv_512 (29)

Potentially most output occurring input variable: iv_506/iv_507 (92)  
Potentially least output occurring input variable: iv_506/iv_512 (70)

Least complex input bit: iv_505 (3.2731477194112594 × 10^295)  
Most complex input bit: iv_510 (4.946767627622175 × 10^296)

Least complex output bit: aaa_76_29 (2.498425763852305 × 10^272)  
Most complex output bit: ov_001 (2.5476107039952506 × 10^296)

Least complex input/output complexity: iv_505/aaa_76_29 (4.99973343369047 × 10^270)  
Most complex input/output complexity: iv_510/ov_001 (7.704941924118508 × 10^295)

Input variable with highest collision probability: iv_506 (½^160.00000000000063)

## Input Bits

### Input Bits in Regular Order

| Input Bit | Complexity | Occurrences | Output Occurrences | Collision Probability |
|:---------:|:----------:|:-----------:|:------------------:|:---------------------:|
| iv_505 | 3.2731477194112594 × 10^295 | 3983 | 79 | ½^160.00000000000074 |
| iv_506 | 7.113838313625753 × 10^295 | 4009 | 82 | ½^160.00000000000063 |
| iv_507 | 4.055106004566814 × 10^296 | 4319 | 78 | ½^160.0000000000008 |
| iv_508 | 2.2338358569576287 × 10^296 | 4043 | 70 | ½^160.00000000000074 |
| iv_510 | 4.946767627622175 × 10^296 | 4163 | 79 | ½^160.00000000000082 |
| iv_511 | 1.8726721183921523 × 10^296 | 4112 | 74 | ½^160.00000000000068 |
| iv_512 | 2.2092249792829526 × 10^296 | 4273 | 78 | ½^160.00000000000074 |

### Input Bits Sorted by Complexity

| Input Bit | Complexity | Occurrences | Output Occurrences | Collision Probability |
|:---------:|:----------:|:-----------:|:------------------:|:---------------------:|
| iv_505 | 3.2731477194112594 × 10^295 | 3983 | 79 | ½^160.00000000000074 |
| iv_506 | 7.113838313625753 × 10^295 | 4009 | 82 | ½^160.00000000000063 |
| iv_511 | 1.8726721183921523 × 10^296 | 4112 | 74 | ½^160.00000000000068 |
| iv_512 | 2.2092249792829526 × 10^296 | 4273 | 78 | ½^160.00000000000074 |
| iv_508 | 2.2338358569576287 × 10^296 | 4043 | 70 | ½^160.00000000000074 |
| iv_507 | 4.055106004566814 × 10^296 | 4319 | 78 | ½^160.0000000000008 |
| iv_510 | 4.946767627622175 × 10^296 | 4163 | 79 | ½^160.00000000000082 |

### Input Bits Sorted by Occurrences

| Input Bit | Complexity | Occurrences | Output Occurrences | Collision Probability |
|:---------:|:----------:|:-----------:|:------------------:|:---------------------:|
| iv_505 | 3.2731477194112594 × 10^295 | 3983 | 79 | ½^160.00000000000074 |
| iv_506 | 7.113838313625753 × 10^295 | 4009 | 82 | ½^160.00000000000063 |
| iv_508 | 2.2338358569576287 × 10^296 | 4043 | 70 | ½^160.00000000000074 |
| iv_511 | 1.8726721183921523 × 10^296 | 4112 | 74 | ½^160.00000000000068 |
| iv_510 | 4.946767627622175 × 10^296 | 4163 | 79 | ½^160.00000000000082 |
| iv_512 | 2.2092249792829526 × 10^296 | 4273 | 78 | ½^160.00000000000074 |
| iv_507 | 4.055106004566814 × 10^296 | 4319 | 78 | ½^160.0000000000008 |

### Input Bits Sorted by Output Occurrences

| Input Bit | Complexity | Occurrences | Output Occurrences | Collision Probability |
|:---------:|:----------:|:-----------:|:------------------:|:---------------------:|
| iv_508 | 2.2338358569576287 × 10^296 | 4043 | 70 | ½^160.00000000000074 |
| iv_511 | 1.8726721183921523 × 10^296 | 4112 | 74 | ½^160.00000000000068 |
| iv_507 | 4.055106004566814 × 10^296 | 4319 | 78 | ½^160.0000000000008 |
| iv_512 | 2.2092249792829526 × 10^296 | 4273 | 78 | ½^160.00000000000074 |
| iv_505 | 3.2731477194112594 × 10^295 | 3983 | 79 | ½^160.00000000000074 |
| iv_510 | 4.946767627622175 × 10^296 | 4163 | 79 | ½^160.00000000000082 |
| iv_506 | 7.113838313625753 × 10^295 | 4009 | 82 | ½^160.00000000000063 |

### Input Bits Sorted by Collision Probability

| Input Bit | Complexity | Occurrences | Output Occurrences | Collision Probability |
|:---------:|:----------:|:-----------:|:------------------:|:---------------------:|
| iv_506 | 7.113838313625753 × 10^295 | 4009 | 82 | ½^160.00000000000063 |
| iv_511 | 1.8726721183921523 × 10^296 | 4112 | 74 | ½^160.00000000000068 |
| iv_508 | 2.2338358569576287 × 10^296 | 4043 | 70 | ½^160.00000000000074 |
| iv_512 | 2.2092249792829526 × 10^296 | 4273 | 78 | ½^160.00000000000074 |
| iv_505 | 3.2731477194112594 × 10^295 | 3983 | 79 | ½^160.00000000000074 |
| iv_507 | 4.055106004566814 × 10^296 | 4319 | 78 | ½^160.0000000000008 |
| iv_510 | 4.946767627622175 × 10^296 | 4163 | 79 | ½^160.00000000000082 |

## Input Bit/Output Bit Collision Probabilities

| Input Bit | Output Bit | Collision Probability |
|:---------:|:----------:|:---------------------:|
| iv_511 | ov_020 | 0.5000000000000018 |
| iv_511 | aaa_76_25 | 0.5000000000000018 |
| iv_506 | ov_021 | 0.5000000000000016 |
| iv_506 | ov_085 | 0.5000000000000016 |
| iv_506 | ov_122 | 0.5000000000000016 |
| iv_507 | ov_134 | 0.5000000000000016 |
| iv_512 | ov_011 | 0.5000000000000016 |

## Input Bit Co-occurrences

### Input Bit Co-occurrences Sorted by Co-occurrences

| Input Bits | Co-occurrences | Potential Occurrences | Output Co-occurrences | Potential Output Occurrences |
|:----------:|:--------------:|:---------------------:|:---------------------:|:----------------------------:|
| iv_511-iv_512 | 2032 | 4321 | 39 | 74 |
| iv_507-iv_511 | 1999 | 4433 | 33 | 86 |
| iv_510-iv_512 | 1995 | 4446 | 42 | 73 |
| iv_507-iv_512 | 1986 | 4620 | 34 | 88 |
| iv_506-iv_507 | 1964 | 4400 | 34 | 92 |
| iv_510-iv_511 | 1952 | 4371 | 38 | 77 |
| iv_506-iv_512 | 1951 | 4380 | 45 | 70 |

### Input Bit Co-occurrences Sorted by Potential Occurrences

| Input Bits | Co-occurrences | Potential Occurrences | Output Co-occurrences | Potential Output Occurrences |
|:----------:|:--------------:|:---------------------:|:---------------------:|:----------------------------:|
| iv_506-iv_508 | 1902 | 4248 | 37 | 78 |
| iv_506-iv_510 | 1946 | 4280 | 44 | 73 |
| iv_511-iv_512 | 2032 | 4321 | 39 | 74 |
| iv_508-iv_510 | 1933 | 4340 | 31 | 87 |
| iv_508-iv_511 | 1906 | 4343 | 35 | 74 |
| iv_505-iv_508 | 1832 | 4362 | 31 | 87 |
| iv_510-iv_511 | 1952 | 4371 | 38 | 77 |

### Input Bit Output Co-occurrences Sorted by Output Co-occurrences

| Input Bits | Co-occurrences | Potential Occurrences | Output Co-occurrences | Potential Output Occurrences |
|:----------:|:--------------:|:---------------------:|:---------------------:|:----------------------------:|
| iv_506-iv_512 | 1951 | 4380 | 45 | 70 |
| iv_506-iv_510 | 1946 | 4280 | 44 | 73 |
| iv_510-iv_512 | 1995 | 4446 | 42 | 73 |
| iv_505-iv_507 | 1930 | 4442 | 40 | 77 |
| iv_511-iv_512 | 2032 | 4321 | 39 | 74 |
| iv_505-iv_510 | 1884 | 4378 | 39 | 80 |
| iv_505-iv_506 | 1790 | 4412 | 39 | 83 |

### Input Bit Output Co-occurrences Sorted by Potential Output Occurrences

| Input Bits | Co-occurrences | Potential Occurrences | Output Co-occurrences | Potential Output Occurrences |
|:----------:|:--------------:|:---------------------:|:---------------------:|:----------------------------:|
| iv_506-iv_512 | 1951 | 4380 | 45 | 70 |
| iv_506-iv_510 | 1946 | 4280 | 44 | 73 |
| iv_510-iv_512 | 1995 | 4446 | 42 | 73 |
| iv_508-iv_511 | 1906 | 4343 | 35 | 74 |
| iv_511-iv_512 | 2032 | 4321 | 39 | 74 |
| iv_505-iv_507 | 1930 | 4442 | 40 | 77 |
| iv_510-iv_511 | 1952 | 4371 | 38 | 77 |

## Output Bits

### Output Bits in Regular Order

| Rank | Output Bit | Complexity |
|:----:|:----------:|:----------:|
| 1 | ov_001 | 2.5476107039952506 × 10^296 |
| 2 | ov_002 | 2.226726507199121 × 10^296 |
| 3 | ov_003 | 1.9347545071980983 × 10^296 |
| 4 | ov_004 | 1.6703618296686095 × 10^296 |
| 5 | ov_005 | 1.4322886380501176 × 10^296 |
| 6 | ov_006 | 1.2193429264446094 × 10^296 |
| 7 | ov_007 | 1.0303960007326414 × 10^296 |
| 8 | ov_008 | 8.643785700176135 × 10^295 |
| 9 | ov_009 | 7.193172408731598 × 10^295 |
| 10 | ov_010 | 5.933423747196828 × 10^295 |
| 11 | ov_011 | 4.846834619741549 × 10^295 |
| 12 | ov_012 | 3.916652023394955 × 10^295 |
| 13 | ov_013 | 3.127042325618856 × 10^295 |
| 14 | ov_014 | 2.4630644654723254 × 10^295 |
| 15 | ov_015 | 1.910648562411434 × 10^295 |
| 16 | ov_016 | 1.4565794021332364 × 10^295 |
| 17 | ov_017 | 1.0884841594520617 × 10^295 |
| 18 | ov_018 | 7.948236214055044 × 10^294 |
| 19 | ov_019 | 5.648861884737275 × 10^294 |
| 20 | ov_020 | 3.887840000562128 × 10^294 |
| 21 | ov_021 | 2.5745059855256053 × 10^294 |
| 22 | ov_022 | 1.626396145654285 × 10^294 |
| 23 | ov_023 | 9.692404346306679 × 10^293 |
| 24 | ov_024 | 5.369582142587183 × 10^293 |
| 25 | ov_025 | 2.7165560561473586 × 10^293 |
| 26 | ov_026 | 1.2362389732499848 × 10^293 |
| 27 | ov_027 | 5.133868973855837 × 10^292 |
| 28 | ov_028 | 2.1459497077383762 × 10^292 |
| 29 | ov_029 | 8.82959516178601 × 10^291 |
| 30 | ov_030 | 2.916553104763422 × 10^291 |
| 31 | ov_031 | 7.0485021190041756 × 10^290 |
| 32 | lv_80_m31 | 1.7029142515908198 × 10^290 |
| 33 | ov_033 | 2.055156294303693 × 10^291 |
| 34 | ov_034 | 1.7788742833888467 × 10^291 |
| 35 | ov_035 | 1.5313898016305873 × 10^291 |
| 36 | ov_036 | 1.3113151419822805 × 10^291 |
| 37 | ov_037 | 1.1173392056080724 × 10^291 |
| 38 | ov_038 | 9.470477804322408 × 10^290 |
| 39 | ov_039 | 7.981544931479314 × 10^290 |
| 40 | ov_040 | 6.684928767352169 × 10^290 |
| 41 | ov_041 | 5.560095779445633 × 10^290 |
| 42 | ov_042 | 4.587586056873244 × 10^290 |
| 43 | ov_043 | 3.748965136817264 × 10^290 |
| 44 | ov_044 | 3.026784103769378 × 10^290 |
| 45 | ov_045 | 2.4045469616481786 × 10^290 |
| 46 | ov_046 | 1.8742402881627627 × 10^290 |
| 47 | ov_047 | 1.4283081414090327 × 10^290 |
| 48 | ov_048 | 1.0596429165060884 × 10^290 |
| 49 | ov_049 | 7.61578343767827 × 10^289 |
| 50 | ov_050 | 5.278842729045184 × 10^289 |
| 51 | ov_051 | 3.5276291795022234 × 10^289 |
| 52 | ov_052 | 2.2590633985468483 × 10^289 |
| 53 | ov_053 | 1.378617394393127 × 10^289 |
| 54 | ov_054 | 8.002985665666578 × 10^288 |
| 55 | ov_055 | 4.4664101827493283 × 10^288 |
| 56 | ov_056 | 2.487010443249078 × 10^288 |
| 57 | ov_057 | 1.4605468744979308 × 10^288 |
| 58 | ov_058 | 8.679634161429357 × 10^287 |
| 59 | ov_059 | 4.710266526926913 × 10^287 |
| 60 | ov_060 | 2.271508992468229 × 10^287 |
| 61 | ov_061 | 9.37508046516817 × 10^286 |
| 62 | ov_062 | 3.1064591875975437 × 10^286 |
| 63 | ov_063 | 7.532125426299327 × 10^285 |
| 64 | lv_79_m31 | 1.8252631437654177 × 10^285 |
| 65 | ov_065 | 2.1619582610888383 × 10^286 |
| 66 | ov_066 | 2.161953084749253 × 10^286 |
| 67 | ov_067 | 2.1619514072415975 × 10^286 |
| 68 | ov_068 | 1.8796026516629627 × 10^286 |
| 69 | ov_069 | 1.6241377581960404 × 10^286 |
| 70 | ov_070 | 1.394216998970834 × 10^286 |
| 71 | ov_071 | 1.1885834001084633 × 10^286 |
| 72 | ov_072 | 1.006057085509603 × 10^286 |
| 73 | ov_073 | 8.45530110896789 × 10^285 |
| 74 | ov_074 | 7.049840175977983 × 10^285 |
| 75 | ov_075 | 5.825224397403282 × 10^285 |
| 76 | ov_076 | 4.76363807001303 × 10^285 |
| 77 | ov_077 | 3.848348112603436 × 10^285 |
| 78 | ov_078 | 3.0712509367987833 × 10^285 |
| 79 | ov_079 | 2.4176110455400077 × 10^285 |
| 80 | ov_080 | 1.8736209881391347 × 10^285 |
| 81 | ov_081 | 1.4263622057607637 × 10^285 |
| 82 | ov_082 | 1.063771354064968 × 10^285 |
| 83 | ov_083 | 7.74611681942927 × 10^284 |
| 84 | ov_084 | 5.484490466539377 × 10^284 |
| 85 | ov_085 | 3.756321465009241 × 10^284 |
| 86 | ov_086 | 2.4727655264662994 × 10^284 |
| 87 | ov_087 | 1.5525212192296576 × 10^284 |
| 88 | ov_088 | 9.217337262295848 × 10^283 |
| 89 | ov_089 | 5.139240534370905 × 10^283 |
| 90 | ov_090 | 2.69939509948238 × 10^283 |
| 91 | ov_091 | 1.3792128112919965 × 10^283 |
| 92 | ov_092 | 7.328495109158175 × 10^282 |
| 93 | ov_093 | 3.8710035813648955 × 10^282 |
| 94 | ov_094 | 1.7351413293963933 × 10^282 |
| 95 | aaa_78_28 | 5.580703291480866 × 10^281 |
| 96 | aaa_78_29 | 2.1144866455756884 × 10^281 |
| 97 | ov_097 | 2.3031020064297433 × 10^281 |
| 98 | ov_098 | 2.3030323889853725 × 10^281 |
| 99 | ov_099 | 2.3030101548995357 × 10^281 |
| 100 | ov_100 | 2.072649913085019 × 10^281 |
| 101 | ov_101 | 1.8592769513409553 × 10^281 |
| 102 | ov_102 | 1.6619570377359826 × 10^281 |
| 103 | ov_103 | 1.4798246109248642 × 10^281 |
| 104 | ov_104 | 1.3120738451673518 × 10^281 |
| 105 | ov_105 | 1.157950531633074 × 10^281 |
| 106 | ov_106 | 1.0167447317081911 × 10^281 |
| 107 | ov_107 | 8.87784159964868 × 10^280 |
| 108 | ov_108 | 7.704282560690907 × 10^280 |
| 109 | ov_109 | 6.640629062261161 × 10^280 |
| 110 | ov_110 | 5.680957758302304 × 10^280 |
| 111 | ov_111 | 4.819522158280799 × 10^280 |
| 112 | ov_112 | 4.0507170595435324 × 10^280 |
| 113 | ov_113 | 3.3690479848709112 × 10^280 |
| 114 | ov_114 | 2.769105265257188 × 10^280 |
| 115 | ov_115 | 2.2455424104288168 × 10^280 |
| 116 | ov_116 | 1.7930584112658366 × 10^280 |
| 117 | ov_117 | 1.4063836193302098 × 10^280 |
| 118 | ov_118 | 1.0802688493139782 × 10^280 |
| 119 | ov_119 | 8.094773505575843 × 10^279 |
| 120 | ov_120 | 5.887792939509276 × 10^279 |
| 121 | ov_121 | 4.1294842060272927 × 10^279 |
| 122 | ov_122 | 2.7676033897388893 × 10^279 |
| 123 | ov_123 | 1.7499172611749407 × 10^279 |
| 124 | ov_124 | 1.0241986256803048 × 10^279 |
| 125 | ov_125 | 5.382232700087614 × 10^278 |
| 126 | ov_126 | 2.3976820474939246 × 10^278 |
| 127 | aaa_77_28 | 7.661083185006798 × 10^277 |
| 128 | aaa_77_29 | 2.873464608730583 × 10^277 |
| 129 | ov_129 | 2.6357241640918443 × 10^277 |
| 130 | ov_130 | 2.6357180793119706 × 10^277 |
| 131 | ov_131 | 2.6357161213467515 × 10^277 |
| 132 | ov_132 | 2.2885814594323456 × 10^277 |
| 133 | ov_133 | 1.9747731447546276 × 10^277 |
| 134 | ov_134 | 1.6928173212753956 × 10^277 |
| 135 | ov_135 | 1.4413245943553451 × 10^277 |
| 136 | ov_136 | 1.2189837359674777 × 10^277 |
| 137 | ov_137 | 1.0233851187633969 × 10^277 |
| 138 | ov_138 | 8.522501624682703 × 10^276 |
| 139 | ov_139 | 7.034233601911095 × 10^276 |
| 140 | ov_140 | 5.748654533184053 × 10^276 |
| 141 | ov_141 | 4.646476585584182 × 10^276 |
| 142 | ov_142 | 3.709468333886984 × 10^276 |
| 143 | ov_143 | 2.9204146530201826 × 10^276 |
| 144 | ov_144 | 2.2630838318876775 × 10^276 |
| 145 | ov_145 | 1.7222010789966351 × 10^276 |
| 146 | ov_146 | 1.283427659924971 × 10^276 |
| 147 | ov_147 | 9.333448589930811 × 10^275 |
| 148 | ov_148 | 6.594419680285584 × 10^275 |
| 149 | ov_149 | 4.5010757393448185 × 10^275 |
| 150 | ov_150 | 2.946234855104807 × 10^275 |
| 151 | ov_151 | 1.831607086675884 × 10^275 |
| 152 | ov_152 | 1.067769478425093 × 10^275 |
| 153 | ov_153 | 5.741518006526178 × 10^274 |
| 154 | ov_154 | 2.790291677314343 × 10^274 |
| 155 | ov_155 | 1.1951847114718764 × 10^274 |
| 156 | aaa_76_25 | 4.15767094202017 × 10^273 |
| 157 | aaa_76_26 | 2.56038437607341 × 10^273 |
| 158 | aaa_76_27 | 1.4050273115593242 × 10^273 |
| 159 | aaa_76_28 | 6.628051712571328 × 10^272 |
| 160 | aaa_76_29 | 2.498425763852305 × 10^272 |

### Output Bits Sorted by Complexity

| Rank | Output Bit | Complexity |
|:----:|:----------:|:----------:|
| 160 | aaa_76_29 | 2.498425763852305 × 10^272 |
| 159 | aaa_76_28 | 6.628051712571328 × 10^272 |
| 158 | aaa_76_27 | 1.4050273115593242 × 10^273 |
| 157 | aaa_76_26 | 2.56038437607341 × 10^273 |
| 156 | aaa_76_25 | 4.15767094202017 × 10^273 |
| 155 | ov_155 | 1.1951847114718764 × 10^274 |
| 154 | ov_154 | 2.790291677314343 × 10^274 |
| 153 | ov_153 | 5.741518006526178 × 10^274 |
| 152 | ov_152 | 1.067769478425093 × 10^275 |
| 151 | ov_151 | 1.831607086675884 × 10^275 |
| 150 | ov_150 | 2.946234855104807 × 10^275 |
| 149 | ov_149 | 4.5010757393448185 × 10^275 |
| 148 | ov_148 | 6.594419680285584 × 10^275 |
| 147 | ov_147 | 9.333448589930811 × 10^275 |
| 146 | ov_146 | 1.283427659924971 × 10^276 |
| 145 | ov_145 | 1.7222010789966351 × 10^276 |
| 144 | ov_144 | 2.2630838318876775 × 10^276 |
| 143 | ov_143 | 2.9204146530201826 × 10^276 |
| 142 | ov_142 | 3.709468333886984 × 10^276 |
| 141 | ov_141 | 4.646476585584182 × 10^276 |
| 140 | ov_140 | 5.748654533184053 × 10^276 |
| 139 | ov_139 | 7.034233601911095 × 10^276 |
| 138 | ov_138 | 8.522501624682703 × 10^276 |
| 137 | ov_137 | 1.0233851187633969 × 10^277 |
| 136 | ov_136 | 1.2189837359674777 × 10^277 |
| 135 | ov_135 | 1.4413245943553451 × 10^277 |
| 134 | ov_134 | 1.6928173212753956 × 10^277 |
| 133 | ov_133 | 1.9747731447546276 × 10^277 |
| 132 | ov_132 | 2.2885814594323456 × 10^277 |
| 131 | ov_131 | 2.6357161213467515 × 10^277 |
| 130 | ov_130 | 2.6357180793119706 × 10^277 |
| 129 | ov_129 | 2.6357241640918443 × 10^277 |
| 128 | aaa_77_29 | 2.873464608730583 × 10^277 |
| 127 | aaa_77_28 | 7.661083185006798 × 10^277 |
| 126 | ov_126 | 2.3976820474939246 × 10^278 |
| 125 | ov_125 | 5.382232700087614 × 10^278 |
| 124 | ov_124 | 1.0241986256803048 × 10^279 |
| 123 | ov_123 | 1.7499172611749407 × 10^279 |
| 122 | ov_122 | 2.7676033897388893 × 10^279 |
| 121 | ov_121 | 4.1294842060272927 × 10^279 |
| 120 | ov_120 | 5.887792939509276 × 10^279 |
| 119 | ov_119 | 8.094773505575843 × 10^279 |
| 118 | ov_118 | 1.0802688493139782 × 10^280 |
| 117 | ov_117 | 1.4063836193302098 × 10^280 |
| 116 | ov_116 | 1.7930584112658366 × 10^280 |
| 115 | ov_115 | 2.2455424104288168 × 10^280 |
| 114 | ov_114 | 2.769105265257188 × 10^280 |
| 113 | ov_113 | 3.3690479848709112 × 10^280 |
| 112 | ov_112 | 4.0507170595435324 × 10^280 |
| 111 | ov_111 | 4.819522158280799 × 10^280 |
| 110 | ov_110 | 5.680957758302304 × 10^280 |
| 109 | ov_109 | 6.640629062261161 × 10^280 |
| 108 | ov_108 | 7.704282560690907 × 10^280 |
| 107 | ov_107 | 8.87784159964868 × 10^280 |
| 106 | ov_106 | 1.0167447317081911 × 10^281 |
| 105 | ov_105 | 1.157950531633074 × 10^281 |
| 104 | ov_104 | 1.3120738451673518 × 10^281 |
| 103 | ov_103 | 1.4798246109248642 × 10^281 |
| 102 | ov_102 | 1.6619570377359826 × 10^281 |
| 101 | ov_101 | 1.8592769513409553 × 10^281 |
| 100 | ov_100 | 2.072649913085019 × 10^281 |
| 96 | aaa_78_29 | 2.1144866455756884 × 10^281 |
| 99 | ov_099 | 2.3030101548995357 × 10^281 |
| 98 | ov_098 | 2.3030323889853725 × 10^281 |
| 97 | ov_097 | 2.3031020064297433 × 10^281 |
| 95 | aaa_78_28 | 5.580703291480866 × 10^281 |
| 94 | ov_094 | 1.7351413293963933 × 10^282 |
| 93 | ov_093 | 3.8710035813648955 × 10^282 |
| 92 | ov_092 | 7.328495109158175 × 10^282 |
| 91 | ov_091 | 1.3792128112919965 × 10^283 |
| 90 | ov_090 | 2.69939509948238 × 10^283 |
| 89 | ov_089 | 5.139240534370905 × 10^283 |
| 88 | ov_088 | 9.217337262295848 × 10^283 |
| 87 | ov_087 | 1.5525212192296576 × 10^284 |
| 86 | ov_086 | 2.4727655264662994 × 10^284 |
| 85 | ov_085 | 3.756321465009241 × 10^284 |
| 84 | ov_084 | 5.484490466539377 × 10^284 |
| 83 | ov_083 | 7.74611681942927 × 10^284 |
| 82 | ov_082 | 1.063771354064968 × 10^285 |
| 81 | ov_081 | 1.4263622057607637 × 10^285 |
| 64 | lv_79_m31 | 1.8252631437654177 × 10^285 |
| 80 | ov_080 | 1.8736209881391347 × 10^285 |
| 79 | ov_079 | 2.4176110455400077 × 10^285 |
| 78 | ov_078 | 3.0712509367987833 × 10^285 |
| 77 | ov_077 | 3.848348112603436 × 10^285 |
| 76 | ov_076 | 4.76363807001303 × 10^285 |
| 75 | ov_075 | 5.825224397403282 × 10^285 |
| 74 | ov_074 | 7.049840175977983 × 10^285 |
| 63 | ov_063 | 7.532125426299327 × 10^285 |
| 73 | ov_073 | 8.45530110896789 × 10^285 |
| 72 | ov_072 | 1.006057085509603 × 10^286 |
| 71 | ov_071 | 1.1885834001084633 × 10^286 |
| 70 | ov_070 | 1.394216998970834 × 10^286 |
| 69 | ov_069 | 1.6241377581960404 × 10^286 |
| 68 | ov_068 | 1.8796026516629627 × 10^286 |
| 67 | ov_067 | 2.1619514072415975 × 10^286 |
| 66 | ov_066 | 2.161953084749253 × 10^286 |
| 65 | ov_065 | 2.1619582610888383 × 10^286 |
| 62 | ov_062 | 3.1064591875975437 × 10^286 |
| 61 | ov_061 | 9.37508046516817 × 10^286 |
| 60 | ov_060 | 2.271508992468229 × 10^287 |
| 59 | ov_059 | 4.710266526926913 × 10^287 |
| 58 | ov_058 | 8.679634161429357 × 10^287 |
| 57 | ov_057 | 1.4605468744979308 × 10^288 |
| 56 | ov_056 | 2.487010443249078 × 10^288 |
| 55 | ov_055 | 4.4664101827493283 × 10^288 |
| 54 | ov_054 | 8.002985665666578 × 10^288 |
| 53 | ov_053 | 1.378617394393127 × 10^289 |
| 52 | ov_052 | 2.2590633985468483 × 10^289 |
| 51 | ov_051 | 3.5276291795022234 × 10^289 |
| 50 | ov_050 | 5.278842729045184 × 10^289 |
| 49 | ov_049 | 7.61578343767827 × 10^289 |
| 48 | ov_048 | 1.0596429165060884 × 10^290 |
| 47 | ov_047 | 1.4283081414090327 × 10^290 |
| 32 | lv_80_m31 | 1.7029142515908198 × 10^290 |
| 46 | ov_046 | 1.8742402881627627 × 10^290 |
| 45 | ov_045 | 2.4045469616481786 × 10^290 |
| 44 | ov_044 | 3.026784103769378 × 10^290 |
| 43 | ov_043 | 3.748965136817264 × 10^290 |
| 42 | ov_042 | 4.587586056873244 × 10^290 |
| 41 | ov_041 | 5.560095779445633 × 10^290 |
| 40 | ov_040 | 6.684928767352169 × 10^290 |
| 31 | ov_031 | 7.0485021190041756 × 10^290 |
| 39 | ov_039 | 7.981544931479314 × 10^290 |
| 38 | ov_038 | 9.470477804322408 × 10^290 |
| 37 | ov_037 | 1.1173392056080724 × 10^291 |
| 36 | ov_036 | 1.3113151419822805 × 10^291 |
| 35 | ov_035 | 1.5313898016305873 × 10^291 |
| 34 | ov_034 | 1.7788742833888467 × 10^291 |
| 33 | ov_033 | 2.055156294303693 × 10^291 |
| 30 | ov_030 | 2.916553104763422 × 10^291 |
| 29 | ov_029 | 8.82959516178601 × 10^291 |
| 28 | ov_028 | 2.1459497077383762 × 10^292 |
| 27 | ov_027 | 5.133868973855837 × 10^292 |
| 26 | ov_026 | 1.2362389732499848 × 10^293 |
| 25 | ov_025 | 2.7165560561473586 × 10^293 |
| 24 | ov_024 | 5.369582142587183 × 10^293 |
| 23 | ov_023 | 9.692404346306679 × 10^293 |
| 22 | ov_022 | 1.626396145654285 × 10^294 |
| 21 | ov_021 | 2.5745059855256053 × 10^294 |
| 20 | ov_020 | 3.887840000562128 × 10^294 |
| 19 | ov_019 | 5.648861884737275 × 10^294 |
| 18 | ov_018 | 7.948236214055044 × 10^294 |
| 17 | ov_017 | 1.0884841594520617 × 10^295 |
| 16 | ov_016 | 1.4565794021332364 × 10^295 |
| 15 | ov_015 | 1.910648562411434 × 10^295 |
| 14 | ov_014 | 2.4630644654723254 × 10^295 |
| 13 | ov_013 | 3.127042325618856 × 10^295 |
| 12 | ov_012 | 3.916652023394955 × 10^295 |
| 11 | ov_011 | 4.846834619741549 × 10^295 |
| 10 | ov_010 | 5.933423747196828 × 10^295 |
| 9 | ov_009 | 7.193172408731598 × 10^295 |
| 8 | ov_008 | 8.643785700176135 × 10^295 |
| 7 | ov_007 | 1.0303960007326414 × 10^296 |
| 6 | ov_006 | 1.2193429264446094 × 10^296 |
| 5 | ov_005 | 1.4322886380501176 × 10^296 |
| 4 | ov_004 | 1.6703618296686095 × 10^296 |
| 3 | ov_003 | 1.9347545071980983 × 10^296 |
| 2 | ov_002 | 2.226726507199121 × 10^296 |
| 1 | ov_001 | 2.5476107039952506 × 10^296 |

