# Results for T001-T002-F003-F004-F005-T006-T007-F008-T009-F010-F011-T012-F013-F014-F015-T016-F017-F018-F019-F020-T021-F022-F023-T024-F025-T026-F027-T028-T029-F030-F031-F032-F033-F034-T035-F036-T037-T038-F039-F040-T041-T042-T043-F044-F045-F046-F047-F048-F049-F050-F051-F052-F053-F054-F055-F056-T057-F058-T059-F060-F061-T062-T063-T064-F065-T066-T067-T068-T069-T070-F071-T072-T073-T074-T075-T076-T077-T078-F079-F080-F081-F082-F083-F084-F085-F086-F087-T088-T089-F090-T091-F092-F093-F094-F095-T096-T097-F098-T099-F100-T101-F102-F103-T104-T105-T106-T107-F108-T109-T110-T111-T112-T113-T114-T115-T116-F117-T118-F119-T120-T121-F122-F123-F124-F125-T126-F127-F128-F129-T130-F131-F132-T133-F134-T135-T136-F137-F138-T139-T140-F141-T142-F143-T144-T145-T146-F147-F148-T149-T150-T151-F152-T153-T154-F155-F156-F157-T158-F159-T160-F161-F162-F163-T164-F165-T166-T167-F168-T169-F170-T171-T172-F173-F174-T175-F176-T177-T178-T179-T180-T181-F182-T183-T184-T185-F186-T187-F188-F189-T190-F191-T192-T193-F194-F195-F196-T197-F198-F199-T200-F201-T202-F203-F204-F205-F206-T207-F208-F209-F210-F211-T212-F213-T214-T215-T216-F217-T218-T219-F220-F221-F222-F223-F224-T225-F226-T227-T228-T229-T230-F231-F232-F233-F234-F235-T236-T237-T238-T239-T240-F241-T242-F243-F244-T245-T246-T247-T248-F249-T250-F251-T252-F253-T254-F255-F256-T257-F258-F259-F260-T261-F262-F263-T264-F265-F266-F267-T268-T269-F270-T271-F272-T273-F274-F275-F276-T277-F278-F279-T280-F281-F282-F283-T284-F285-T286-T287-F288-T289-T290-T291-F292-F293-T294-T295-F296-T297-F298-T299-T300-T301-T302-T303-F304-F305-F306-F307-F308-T309-T310-F311-T312-F313-T314-T315-F316-T317-F318-T319-F320-F321-F322-T323-F324-F325-F326-F327-F328-F329-T330-F331-F332-T333-T334-T335-F336-F337-T338-F339-T340-F341-F342-T343-T344-F345-T346-F347-T348-F349-F350-T351-T352-F353-T354-F355-F356-T357-F358-F359-F360-F361-T362-T363-T364-T365-T366-T367-F368-F369-T370-F371-F372-T373-F374-T375-T376-F377-T378-F379-F380-T381-F382-F383-F384-T385-F386-T387-F388-T389-F390-F391-F392-F393-T394-F395-T396-T397-T398-T399-T400-T401-T402-T403-F404-T405-F406-F407-F408-F409-F410-F411-T412-T413-F414-T415-F416-T417-T418-T419-T420-F421-F422-T423-F424-F425-T426-F427-F428-T429-F430-F431-T432-F433-T434-T435-T436-F437-F438-F439-F440-F441-T442-T443-T444-F445-F446-F447-F448-F449-F450-T451-F452-T453-T454-F456-T458-F459-F460-F461-T462-F463-F464-F465-T466-F467-T468-F469-F470-F471-F472-F473-T474-T475-T476-F477-F478-F479-F480-F505-T507-T509

## Summary

Number of input bits: 512  
Number of free input bits: 31  
Number of output bits: 160

Number of assignments: 19707  
Number of operations: 47576
(xor: 20279,
and: 14000,
or: 13297)

Total complexity: 1.74146 × 10^326

Least complex input bit: iv_506 (9.46469 × 10^322)  
Most complex input bit: iv_504 (1.36595 × 10^325)

Least complex output bit: aaa_76_29 (1.48571 × 10^300)  
Most complex output bit: ov_001 (2.69695 × 10^325)

Least complex input/output complexity: iv_506/aaa_76_29 (8.07474 × 10^296)  
Most complex input/output complexity: iv_504/ov_001 (2.11541 × 10^324)

## Input Bits

| Input Bit | Complexity | Occurrences |
|:---------:|:----------:|:-----------:|
| iv_455 | 1.66281 × 10^324 | 28 |
| iv_457 | 6.14613 × 10^324 | 41 |
| iv_481 | 2.33221 × 10^323 | 49 |
| iv_482 | 9.60289 × 10^323 | 60 |
| iv_483 | 1.25055 × 10^324 | 49 |
| iv_484 | 3.05658 × 10^324 | 50 |
| iv_485 | 2.36402 × 10^324 | 45 |
| iv_486 | 2.92203 × 10^324 | 49 |
| iv_487 | 3.48011 × 10^324 | 45 |
| iv_488 | 4.03841 × 10^324 | 50 |
| iv_489 | 4.59724 × 10^324 | 52 |
| iv_490 | 5.15710 × 10^324 | 34 |
| iv_491 | 5.71981 × 10^324 | 34 |
| iv_492 | 6.28550 × 10^324 | 34 |
| iv_493 | 6.85572 × 10^324 | 34 |
| iv_494 | 7.43254 × 10^324 | 52 |
| iv_495 | 8.01856 × 10^324 | 52 |
| iv_496 | 8.61703 × 10^324 | 52 |
| iv_497 | 9.23188 × 10^324 | 52 |
| iv_498 | 9.86781 × 10^324 | 52 |
| iv_499 | 1.05303 × 10^325 | 52 |
| iv_500 | 1.12259 × 10^325 | 52 |
| iv_501 | 1.19619 × 10^325 | 52 |
| iv_502 | 1.27469 × 10^325 | 52 |
| iv_503 | 1.35903 × 10^325 | 62 |
| iv_504 | 1.36595 × 10^325 | 65 |
| iv_506 | 9.46469 × 10^322 | 75 |
| iv_508 | 2.35236 × 10^323 | 78 |
| iv_510 | 5.42186 × 10^323 | 76 |
| iv_511 | 7.26839 × 10^323 | 64 |
| iv_512 | 9.34786 × 10^323 | 73 |

## Input Bits Sorted by Complexity

| Input Bit | Complexity | Occurrences |
|:---------:|:----------:|:-----------:|
| iv_506 | 9.46469 × 10^322 | 75 |
| iv_481 | 2.33221 × 10^323 | 49 |
| iv_508 | 2.35236 × 10^323 | 78 |
| iv_510 | 5.42186 × 10^323 | 76 |
| iv_511 | 7.26839 × 10^323 | 64 |
| iv_512 | 9.34786 × 10^323 | 73 |
| iv_482 | 9.60289 × 10^323 | 60 |
| iv_483 | 1.25055 × 10^324 | 49 |
| iv_455 | 1.66281 × 10^324 | 28 |
| iv_485 | 2.36402 × 10^324 | 45 |
| iv_486 | 2.92203 × 10^324 | 49 |
| iv_484 | 3.05658 × 10^324 | 50 |
| iv_487 | 3.48011 × 10^324 | 45 |
| iv_488 | 4.03841 × 10^324 | 50 |
| iv_489 | 4.59724 × 10^324 | 52 |
| iv_490 | 5.15710 × 10^324 | 34 |
| iv_491 | 5.71981 × 10^324 | 34 |
| iv_457 | 6.14613 × 10^324 | 41 |
| iv_492 | 6.28550 × 10^324 | 34 |
| iv_493 | 6.85572 × 10^324 | 34 |
| iv_494 | 7.43254 × 10^324 | 52 |
| iv_495 | 8.01856 × 10^324 | 52 |
| iv_496 | 8.61703 × 10^324 | 52 |
| iv_497 | 9.23188 × 10^324 | 52 |
| iv_498 | 9.86781 × 10^324 | 52 |
| iv_499 | 1.05303 × 10^325 | 52 |
| iv_500 | 1.12259 × 10^325 | 52 |
| iv_501 | 1.19619 × 10^325 | 52 |
| iv_502 | 1.27469 × 10^325 | 52 |
| iv_503 | 1.35903 × 10^325 | 62 |
| iv_504 | 1.36595 × 10^325 | 65 |

## Input Bits Sorted by Occurrences

| Input Bit | Complexity | Occurrences |
|:---------:|:----------:|:-----------:|
| iv_455 | 1.66281 × 10^324 | 28 |
| iv_490 | 5.15710 × 10^324 | 34 |
| iv_493 | 6.85572 × 10^324 | 34 |
| iv_492 | 6.28550 × 10^324 | 34 |
| iv_491 | 5.71981 × 10^324 | 34 |
| iv_457 | 6.14613 × 10^324 | 41 |
| iv_487 | 3.48011 × 10^324 | 45 |
| iv_485 | 2.36402 × 10^324 | 45 |
| iv_486 | 2.92203 × 10^324 | 49 |
| iv_483 | 1.25055 × 10^324 | 49 |
| iv_481 | 2.33221 × 10^323 | 49 |
| iv_484 | 3.05658 × 10^324 | 50 |
| iv_488 | 4.03841 × 10^324 | 50 |
| iv_501 | 1.19619 × 10^325 | 52 |
| iv_498 | 9.86781 × 10^324 | 52 |
| iv_500 | 1.12259 × 10^325 | 52 |
| iv_494 | 7.43254 × 10^324 | 52 |
| iv_489 | 4.59724 × 10^324 | 52 |
| iv_502 | 1.27469 × 10^325 | 52 |
| iv_495 | 8.01856 × 10^324 | 52 |
| iv_499 | 1.05303 × 10^325 | 52 |
| iv_497 | 9.23188 × 10^324 | 52 |
| iv_496 | 8.61703 × 10^324 | 52 |
| iv_482 | 9.60289 × 10^323 | 60 |
| iv_503 | 1.35903 × 10^325 | 62 |
| iv_511 | 7.26839 × 10^323 | 64 |
| iv_504 | 1.36595 × 10^325 | 65 |
| iv_512 | 9.34786 × 10^323 | 73 |
| iv_506 | 9.46469 × 10^322 | 75 |
| iv_510 | 5.42186 × 10^323 | 76 |
| iv_508 | 2.35236 × 10^323 | 78 |

## Output Bits

| Rank | Output Bit | Complexity |
|:----:|:----------:|:----------:|
| 1 | ov_001 | 2.69695 × 10^325 |
| 2 | ov_002 | 2.34943 × 10^325 |
| 3 | ov_003 | 2.03728 × 10^325 |
| 4 | ov_004 | 1.75785 × 10^325 |
| 5 | ov_005 | 1.50862 × 10^325 |
| 6 | ov_006 | 1.28721 × 10^325 |
| 7 | ov_007 | 1.09140 × 10^325 |
| 8 | ov_008 | 9.19050 × 10^324 |
| 9 | ov_009 | 7.68146 × 10^324 |
| 10 | ov_010 | 6.36786 × 10^324 |
| 11 | ov_011 | 5.23169 × 10^324 |
| 12 | ov_012 | 4.25589 × 10^324 |
| 13 | ov_013 | 3.42437 × 10^324 |
| 14 | ov_014 | 2.72196 × 10^324 |
| 15 | ov_015 | 2.13439 × 10^324 |
| 16 | ov_016 | 1.64824 × 10^324 |
| 17 | ov_017 | 1.25099 × 10^324 |
| 18 | ov_018 | 9.30957 × 10^323 |
| 19 | ov_019 | 6.77290 × 10^323 |
| 20 | ov_020 | 4.79992 × 10^323 |
| 21 | ov_021 | 3.29896 × 10^323 |
| 22 | ov_022 | 2.18665 × 10^323 |
| 23 | ov_023 | 1.38789 × 10^323 |
| 24 | ov_024 | 8.35875 × 10^322 |
| 25 | ov_025 | 4.72045 × 10^322 |
| 26 | ov_026 | 2.46120 × 10^322 |
| 27 | ov_027 | 1.16074 × 10^322 |
| 28 | ov_028 | 4.81464 × 10^321 |
| 29 | ov_029 | 1.68348 × 10^321 |
| 30 | ov_030 | 4.62300 × 10^320 |
| 31 | ov_031 | 9.02100 × 10^319 |
| 32 | lv_80_m31 | 1.75995 × 10^319 |
| 33 | ov_033 | 2.14385 × 10^320 |
| 34 | ov_034 | 1.86760 × 10^320 |
| 35 | ov_035 | 1.61947 × 10^320 |
| 36 | ov_036 | 1.39734 × 10^320 |
| 37 | ov_037 | 1.19922 × 10^320 |
| 38 | ov_038 | 1.02323 × 10^320 |
| 39 | ov_039 | 8.67576 × 10^319 |
| 40 | ov_040 | 7.30569 × 10^319 |
| 41 | ov_041 | 6.10613 × 10^319 |
| 42 | ov_042 | 5.06192 × 10^319 |
| 43 | ov_043 | 4.15876 × 10^319 |
| 44 | ov_044 | 3.38308 × 10^319 |
| 45 | ov_045 | 2.72209 × 10^319 |
| 46 | ov_046 | 2.16374 × 10^319 |
| 47 | ov_047 | 1.69666 × 10^319 |
| 48 | ov_048 | 1.31022 × 10^319 |
| 49 | ov_049 | 9.94439 × 10^318 |
| 50 | ov_050 | 7.40034 × 10^318 |
| 51 | ov_051 | 5.38389 × 10^318 |
| 52 | ov_052 | 3.81554 × 10^318 |
| 53 | ov_053 | 2.62240 × 10^318 |
| 54 | ov_054 | 1.73820 × 10^318 |
| 55 | ov_055 | 1.10326 × 10^318 |
| 56 | ov_056 | 6.64452 × 10^317 |
| 57 | ov_057 | 3.75237 × 10^317 |
| 58 | ov_058 | 1.95645 × 10^317 |
| 59 | ov_059 | 9.22695 × 10^316 |
| 60 | ov_060 | 3.82724 × 10^316 |
| 61 | ov_061 | 1.33823 × 10^316 |
| 62 | ov_062 | 3.67490 × 10^315 |
| 63 | ov_063 | 7.17095 × 10^314 |
| 64 | lv_79_m31 | 1.39901 × 10^314 |
| 65 | ov_065 | 1.70416 × 10^315 |
| 66 | ov_066 | 1.70415 × 10^315 |
| 67 | ov_067 | 1.70415 × 10^315 |
| 68 | ov_068 | 1.48456 × 10^315 |
| 69 | ov_069 | 1.28731 × 10^315 |
| 70 | ov_070 | 1.11074 × 10^315 |
| 71 | ov_071 | 9.53257 × 10^314 |
| 72 | ov_072 | 8.13355 × 10^314 |
| 73 | ov_073 | 6.89621 × 10^314 |
| 74 | ov_074 | 5.80712 × 10^314 |
| 75 | ov_075 | 4.85357 × 10^314 |
| 76 | ov_076 | 4.02352 × 10^314 |
| 77 | ov_077 | 3.30557 × 10^314 |
| 78 | ov_078 | 2.68897 × 10^314 |
| 79 | ov_079 | 2.16354 × 10^314 |
| 80 | ov_080 | 1.71970 × 10^314 |
| 81 | ov_081 | 1.34841 × 10^314 |
| 82 | ov_082 | 1.04122 × 10^314 |
| 83 | ov_083 | 7.90204 × 10^313 |
| 84 | ov_084 | 5.87973 × 10^313 |
| 85 | ov_085 | 4.27682 × 10^313 |
| 86 | ov_086 | 3.03011 × 10^313 |
| 87 | ov_087 | 2.08167 × 10^313 |
| 88 | ov_088 | 1.37881 × 10^313 |
| 89 | ov_089 | 8.74080 × 10^312 |
| 90 | ov_090 | 5.25263 × 10^312 |
| 91 | ov_091 | 2.95361 × 10^312 |
| 92 | ov_092 | 1.52600 × 10^312 |
| 93 | ov_093 | 7.04253 × 10^311 |
| 94 | ov_094 | 2.75021 × 10^311 |
| 95 | aaa_78_28 | 7.71659 × 10^310 |
| 96 | aaa_78_29 | 2.35121 × 10^310 |
| 97 | ov_097 | 1.35466 × 10^310 |
| 98 | ov_098 | 1.35466 × 10^310 |
| 99 | ov_099 | 1.35466 × 10^310 |
| 100 | ov_100 | 1.18010 × 10^310 |
| 101 | ov_101 | 1.02331 × 10^310 |
| 102 | ov_102 | 8.82951 × 10^309 |
| 103 | ov_103 | 7.57760 × 10^309 |
| 104 | ov_104 | 6.46550 × 10^309 |
| 105 | ov_105 | 5.48192 × 10^309 |
| 106 | ov_106 | 4.61618 × 10^309 |
| 107 | ov_107 | 3.85819 × 10^309 |
| 108 | ov_108 | 3.19836 × 10^309 |
| 109 | ov_109 | 2.62766 × 10^309 |
| 110 | ov_110 | 2.13751 × 10^309 |
| 111 | ov_111 | 1.71984 × 10^309 |
| 112 | ov_112 | 1.36702 × 10^309 |
| 113 | ov_113 | 1.07187 × 10^309 |
| 114 | ov_114 | 8.27687 × 10^308 |
| 115 | ov_115 | 6.28147 × 10^308 |
| 116 | ov_116 | 4.67390 × 10^308 |
| 117 | ov_117 | 3.39972 × 10^308 |
| 118 | ov_118 | 2.40869 × 10^308 |
| 119 | ov_119 | 1.65475 × 10^308 |
| 120 | ov_120 | 1.09603 × 10^308 |
| 121 | ov_121 | 6.94821 × 10^307 |
| 122 | ov_122 | 4.17540 × 10^307 |
| 123 | ov_123 | 2.34787 × 10^307 |
| 124 | ov_124 | 1.21304 × 10^307 |
| 125 | ov_125 | 5.59823 × 10^306 |
| 126 | ov_126 | 2.18619 × 10^306 |
| 127 | aaa_77_28 | 6.13405 × 10^305 |
| 128 | aaa_77_29 | 1.86902 × 10^305 |
| 129 | ov_129 | 1.07640 × 10^305 |
| 130 | ov_130 | 1.07640 × 10^305 |
| 131 | ov_131 | 1.07640 × 10^305 |
| 132 | ov_132 | 9.37641 × 10^304 |
| 133 | ov_133 | 8.13003 × 10^304 |
| 134 | ov_134 | 7.01427 × 10^304 |
| 135 | ov_135 | 6.01912 × 10^304 |
| 136 | ov_136 | 5.13509 × 10^304 |
| 137 | ov_137 | 4.35322 × 10^304 |
| 138 | ov_138 | 3.66503 × 10^304 |
| 139 | ov_139 | 3.06249 × 10^304 |
| 140 | ov_140 | 2.53798 × 10^304 |
| 141 | ov_141 | 2.08432 × 10^304 |
| 142 | ov_142 | 1.69469 × 10^304 |
| 143 | ov_143 | 1.36268 × 10^304 |
| 144 | ov_144 | 1.08221 × 10^304 |
| 145 | ov_145 | 8.47605 × 10^303 |
| 146 | ov_146 | 6.53492 × 10^303 |
| 147 | ov_147 | 4.94874 × 10^303 |
| 148 | ov_148 | 3.67086 × 10^303 |
| 149 | ov_149 | 2.65799 × 10^303 |
| 150 | ov_150 | 1.87021 × 10^303 |
| 151 | ov_151 | 1.27089 × 10^303 |
| 152 | ov_152 | 8.26759 × 10^302 |
| 153 | ov_153 | 5.07824 × 10^302 |
| 154 | ov_154 | 2.87408 × 10^302 |
| 155 | ov_155 | 1.42135 × 10^302 |
| 156 | aaa_76_25 | 5.19258 × 10^301 |
| 157 | aaa_76_26 | 2.71228 × 10^301 |
| 158 | aaa_76_27 | 1.25023 × 10^301 |
| 159 | aaa_76_28 | 4.87606 × 10^300 |
| 160 | aaa_76_29 | 1.48571 × 10^300 |

## Output Bits Sorted by Complexity

| Rank | Output Bit | Complexity |
|:----:|:----------:|:----------:|
| 160 | aaa_76_29 | 1.48571 × 10^300 |
| 159 | aaa_76_28 | 4.87606 × 10^300 |
| 158 | aaa_76_27 | 1.25023 × 10^301 |
| 157 | aaa_76_26 | 2.71228 × 10^301 |
| 156 | aaa_76_25 | 5.19258 × 10^301 |
| 155 | ov_155 | 1.42135 × 10^302 |
| 154 | ov_154 | 2.87408 × 10^302 |
| 153 | ov_153 | 5.07824 × 10^302 |
| 152 | ov_152 | 8.26759 × 10^302 |
| 151 | ov_151 | 1.27089 × 10^303 |
| 150 | ov_150 | 1.87021 × 10^303 |
| 149 | ov_149 | 2.65799 × 10^303 |
| 148 | ov_148 | 3.67086 × 10^303 |
| 147 | ov_147 | 4.94874 × 10^303 |
| 146 | ov_146 | 6.53492 × 10^303 |
| 145 | ov_145 | 8.47605 × 10^303 |
| 144 | ov_144 | 1.08221 × 10^304 |
| 143 | ov_143 | 1.36268 × 10^304 |
| 142 | ov_142 | 1.69469 × 10^304 |
| 141 | ov_141 | 2.08432 × 10^304 |
| 140 | ov_140 | 2.53798 × 10^304 |
| 139 | ov_139 | 3.06249 × 10^304 |
| 138 | ov_138 | 3.66503 × 10^304 |
| 137 | ov_137 | 4.35322 × 10^304 |
| 136 | ov_136 | 5.13509 × 10^304 |
| 135 | ov_135 | 6.01912 × 10^304 |
| 134 | ov_134 | 7.01427 × 10^304 |
| 133 | ov_133 | 8.13003 × 10^304 |
| 132 | ov_132 | 9.37641 × 10^304 |
| 131 | ov_131 | 1.07640 × 10^305 |
| 130 | ov_130 | 1.07640 × 10^305 |
| 129 | ov_129 | 1.07640 × 10^305 |
| 128 | aaa_77_29 | 1.86902 × 10^305 |
| 127 | aaa_77_28 | 6.13405 × 10^305 |
| 126 | ov_126 | 2.18619 × 10^306 |
| 125 | ov_125 | 5.59823 × 10^306 |
| 124 | ov_124 | 1.21304 × 10^307 |
| 123 | ov_123 | 2.34787 × 10^307 |
| 122 | ov_122 | 4.17540 × 10^307 |
| 121 | ov_121 | 6.94821 × 10^307 |
| 120 | ov_120 | 1.09603 × 10^308 |
| 119 | ov_119 | 1.65475 × 10^308 |
| 118 | ov_118 | 2.40869 × 10^308 |
| 117 | ov_117 | 3.39972 × 10^308 |
| 116 | ov_116 | 4.67390 × 10^308 |
| 115 | ov_115 | 6.28147 × 10^308 |
| 114 | ov_114 | 8.27687 × 10^308 |
| 113 | ov_113 | 1.07187 × 10^309 |
| 112 | ov_112 | 1.36702 × 10^309 |
| 111 | ov_111 | 1.71984 × 10^309 |
| 110 | ov_110 | 2.13751 × 10^309 |
| 109 | ov_109 | 2.62766 × 10^309 |
| 108 | ov_108 | 3.19836 × 10^309 |
| 107 | ov_107 | 3.85819 × 10^309 |
| 106 | ov_106 | 4.61618 × 10^309 |
| 105 | ov_105 | 5.48192 × 10^309 |
| 104 | ov_104 | 6.46550 × 10^309 |
| 103 | ov_103 | 7.57760 × 10^309 |
| 102 | ov_102 | 8.82951 × 10^309 |
| 101 | ov_101 | 1.02331 × 10^310 |
| 100 | ov_100 | 1.18010 × 10^310 |
| 99 | ov_099 | 1.35466 × 10^310 |
| 98 | ov_098 | 1.35466 × 10^310 |
| 97 | ov_097 | 1.35466 × 10^310 |
| 96 | aaa_78_29 | 2.35121 × 10^310 |
| 95 | aaa_78_28 | 7.71659 × 10^310 |
| 94 | ov_094 | 2.75021 × 10^311 |
| 93 | ov_093 | 7.04253 × 10^311 |
| 92 | ov_092 | 1.52600 × 10^312 |
| 91 | ov_091 | 2.95361 × 10^312 |
| 90 | ov_090 | 5.25263 × 10^312 |
| 89 | ov_089 | 8.74080 × 10^312 |
| 88 | ov_088 | 1.37881 × 10^313 |
| 87 | ov_087 | 2.08167 × 10^313 |
| 86 | ov_086 | 3.03011 × 10^313 |
| 85 | ov_085 | 4.27682 × 10^313 |
| 84 | ov_084 | 5.87973 × 10^313 |
| 83 | ov_083 | 7.90204 × 10^313 |
| 82 | ov_082 | 1.04122 × 10^314 |
| 81 | ov_081 | 1.34841 × 10^314 |
| 64 | lv_79_m31 | 1.39901 × 10^314 |
| 80 | ov_080 | 1.71970 × 10^314 |
| 79 | ov_079 | 2.16354 × 10^314 |
| 78 | ov_078 | 2.68897 × 10^314 |
| 77 | ov_077 | 3.30557 × 10^314 |
| 76 | ov_076 | 4.02352 × 10^314 |
| 75 | ov_075 | 4.85357 × 10^314 |
| 74 | ov_074 | 5.80712 × 10^314 |
| 73 | ov_073 | 6.89621 × 10^314 |
| 63 | ov_063 | 7.17095 × 10^314 |
| 72 | ov_072 | 8.13355 × 10^314 |
| 71 | ov_071 | 9.53257 × 10^314 |
| 70 | ov_070 | 1.11074 × 10^315 |
| 69 | ov_069 | 1.28731 × 10^315 |
| 68 | ov_068 | 1.48456 × 10^315 |
| 67 | ov_067 | 1.70415 × 10^315 |
| 66 | ov_066 | 1.70415 × 10^315 |
| 65 | ov_065 | 1.70416 × 10^315 |
| 62 | ov_062 | 3.67490 × 10^315 |
| 61 | ov_061 | 1.33823 × 10^316 |
| 60 | ov_060 | 3.82724 × 10^316 |
| 59 | ov_059 | 9.22695 × 10^316 |
| 58 | ov_058 | 1.95645 × 10^317 |
| 57 | ov_057 | 3.75237 × 10^317 |
| 56 | ov_056 | 6.64452 × 10^317 |
| 55 | ov_055 | 1.10326 × 10^318 |
| 54 | ov_054 | 1.73820 × 10^318 |
| 53 | ov_053 | 2.62240 × 10^318 |
| 52 | ov_052 | 3.81554 × 10^318 |
| 51 | ov_051 | 5.38389 × 10^318 |
| 50 | ov_050 | 7.40034 × 10^318 |
| 49 | ov_049 | 9.94439 × 10^318 |
| 48 | ov_048 | 1.31022 × 10^319 |
| 47 | ov_047 | 1.69666 × 10^319 |
| 32 | lv_80_m31 | 1.75995 × 10^319 |
| 46 | ov_046 | 2.16374 × 10^319 |
| 45 | ov_045 | 2.72209 × 10^319 |
| 44 | ov_044 | 3.38308 × 10^319 |
| 43 | ov_043 | 4.15876 × 10^319 |
| 42 | ov_042 | 5.06192 × 10^319 |
| 41 | ov_041 | 6.10613 × 10^319 |
| 40 | ov_040 | 7.30569 × 10^319 |
| 39 | ov_039 | 8.67576 × 10^319 |
| 31 | ov_031 | 9.02100 × 10^319 |
| 38 | ov_038 | 1.02323 × 10^320 |
| 37 | ov_037 | 1.19922 × 10^320 |
| 36 | ov_036 | 1.39734 × 10^320 |
| 35 | ov_035 | 1.61947 × 10^320 |
| 34 | ov_034 | 1.86760 × 10^320 |
| 33 | ov_033 | 2.14385 × 10^320 |
| 30 | ov_030 | 4.62300 × 10^320 |
| 29 | ov_029 | 1.68348 × 10^321 |
| 28 | ov_028 | 4.81464 × 10^321 |
| 27 | ov_027 | 1.16074 × 10^322 |
| 26 | ov_026 | 2.46120 × 10^322 |
| 25 | ov_025 | 4.72045 × 10^322 |
| 24 | ov_024 | 8.35875 × 10^322 |
| 23 | ov_023 | 1.38789 × 10^323 |
| 22 | ov_022 | 2.18665 × 10^323 |
| 21 | ov_021 | 3.29896 × 10^323 |
| 20 | ov_020 | 4.79992 × 10^323 |
| 19 | ov_019 | 6.77290 × 10^323 |
| 18 | ov_018 | 9.30957 × 10^323 |
| 17 | ov_017 | 1.25099 × 10^324 |
| 16 | ov_016 | 1.64824 × 10^324 |
| 15 | ov_015 | 2.13439 × 10^324 |
| 14 | ov_014 | 2.72196 × 10^324 |
| 13 | ov_013 | 3.42437 × 10^324 |
| 12 | ov_012 | 4.25589 × 10^324 |
| 11 | ov_011 | 5.23169 × 10^324 |
| 10 | ov_010 | 6.36786 × 10^324 |
| 9 | ov_009 | 7.68146 × 10^324 |
| 8 | ov_008 | 9.19050 × 10^324 |
| 7 | ov_007 | 1.09140 × 10^325 |
| 6 | ov_006 | 1.28721 × 10^325 |
| 5 | ov_005 | 1.50862 × 10^325 |
| 4 | ov_004 | 1.75785 × 10^325 |
| 3 | ov_003 | 2.03728 × 10^325 |
| 2 | ov_002 | 2.34943 × 10^325 |
| 1 | ov_001 | 2.69695 × 10^325 |

