# Results for T001-T002-F003-F004-F005-T006-T007-F008-T009-F010-F011-T012-F013-F014-F015-T016-F017-F018-F019-F020-T021-F022-F023-T024-F025-T026-F027-T028-T029-F030-F031-F032-F033-F034-T035-F036-T037-T038-F039-F040-T041-T042-T043-F044-F045-F046-F047-F048-F049-F050-F051-F052-F053-F054-F055-F056-T057-F058-T059-F060-F061-T062-T063-T064-F065-T066-T067-T068-T069-T070-F071-T072-T073-T074-T075-T076-T077-T078-F079-F080-F081-F082-F083-F084-F085-F086-F087-T088-T089-F090-T091-F092-F093-F094-F095-T096-T097-F098-T099-F100-T101-F102-F103-T104-T105-T106-T107-F108-T109-T110-T111-T112-T113-T114-T115-T116-F117-T118-F119-T120-T121-F122-F123-F124-F125-T126-F127-F128-F129-T130-F131-F132-T133-F134-T135-T136-F137-F138-T139-T140-F141-T142-F143-T144-T145-T146-F147-F148-T149-T150-T151-F152-T153-T154-F155-F156-F157-T158-F159-T160-F161-F162-F163-T164-F165-T166-T167-F168-T169-F170-T171-T172-F173-F174-T175-F176-T177-T178-T179-T180-T181-F182-T183-T184-T185-F186-T187-F188-F189-T190-F191-T192-T193-F194-F195-F196-T197-F198-F199-T200-F201-T202-F203-F204-F205-F206-T207-F208-F209-F210-F211-T212-F213-T214-T215-T216-F217-T218-T219-F220-F221-F222-F223-F224-T225-F226-T227-T228-T229-T230-F231-F232-F233-F234-F235-T236-T237-T238-T239-T240-F241-T242-F243-F244-T245-T246-T247-T248-F249-T250-F251-T252-F253-T254-F255-F256-T257-F258-F259-F260-T261-F262-F263-T264-F265-F266-F267-T268-T269-F270-T271-F272-T273-F274-F275-F276-T277-F278-F279-T280-F281-F282-F283-T284-F285-T286-T287-F288-T289-T290-T291-F292-F293-T294-T295-F296-T297-F298-T299-T300-T301-T302-T303-F304-F305-F306-F307-F308-T309-T310-F311-T312-F313-T314-T315-F316-T317-F318-T319-F320-F321-F322-T323-F324-F325-F326-F327-F328-F329-T330-F331-F332-T333-T334-T335-F336-F337-T338-F339-T340-F341-F342-T343-T344-F345-T346-F347-T348-F349-F350-T351-T352-F353-T354-F355-F356-T357-F358-F359-F360-F361-T362-T363-T364-T365-T366-T367-F368-F369-T370-F371-F372-T373-F374-T375-T376-F377-T378-F379-F380-T381-F382-F383-F384-T385-F386-T387-F388-T389-F390-F391-F392-F393-T394-F395-T396-T397-T398-T399-T400-T401-T402-T403-F404-T405-F406-F407-F408-F409-F410-F411-T412-T413-F414-T415-F416-T417-T418-T419-T420-F421-F422-T423-F424-F425-T426-F427-F428-T429-F430-F431-T432-F433-T434-T435-T436-F437-F438-F439-F440-F441-T442-T443-T444-F445-F446-F447-F448-F449-F450-T451-F452-T453-T454-F456-T458-F459-F460-F461-T462-F463-F464-F465-T466-F467-T468-F469-F470-F471-F472-F473-T474-T475-T476-F477-F478-F479-F480-T505-T507-T509

## Summary

Number of input bits: 512  
Number of free input bits: 31  
Number of output bits: 160

Number of assignments: 19699  
Number of operations: 47565
(xor: 20274,
and: 13999,
or: 13292)

Total complexity: 9.33376 × 10^325

Least complex input bit: iv_506 (2.54086 × 10^322)  
Most complex input bit: iv_500 (8.52563 × 10^324)

Least complex output bit: aaa_76_29 (7.96304 × 10^299)  
Most complex output bit: ov_001 (1.44549 × 10^325)

Least complex input/output complexity: iv_506/aaa_76_29 (2.16771 × 10^296)  
Most complex input/output complexity: iv_500/ov_001 (1.32034 × 10^324)

## Input Bits

| Input Bit | Complexity | Occurrences |
|:---------:|:----------:|:-----------:|
| iv_455 | 1.17814 × 10^324 | 28 |
| iv_457 | 4.41516 × 10^324 | 41 |
| iv_481 | 1.63983 × 10^323 | 49 |
| iv_482 | 6.83334 × 10^323 | 60 |
| iv_483 | 9.04357 × 10^323 | 49 |
| iv_484 | 2.22572 × 10^324 | 50 |
| iv_485 | 1.74087 × 10^324 | 45 |
| iv_486 | 2.16040 × 10^324 | 49 |
| iv_487 | 2.58000 × 10^324 | 45 |
| iv_488 | 2.99983 × 10^324 | 50 |
| iv_489 | 3.42018 × 10^324 | 52 |
| iv_490 | 3.84156 × 10^324 | 34 |
| iv_491 | 4.26580 × 10^324 | 34 |
| iv_492 | 4.69301 × 10^324 | 34 |
| iv_493 | 5.12475 × 10^324 | 34 |
| iv_494 | 5.56309 × 10^324 | 52 |
| iv_495 | 6.01064 × 10^324 | 52 |
| iv_496 | 6.47063 × 10^324 | 52 |
| iv_497 | 6.94700 × 10^324 | 52 |
| iv_498 | 7.44446 × 10^324 | 52 |
| iv_499 | 7.96852 × 10^324 | 52 |
| iv_500 | 8.52563 × 10^324 | 54 |
| iv_501 | 5.97559 × 10^323 | 52 |
| iv_502 | 6.46460 × 10^323 | 52 |
| iv_503 | 7.04933 × 10^323 | 62 |
| iv_504 | 7.74171 × 10^323 | 67 |
| iv_506 | 2.54086 × 10^322 | 75 |
| iv_508 | 9.67594 × 10^322 | 78 |
| iv_510 | 2.65232 × 10^323 | 76 |
| iv_511 | 3.80647 × 10^323 | 64 |
| iv_512 | 5.19355 × 10^323 | 73 |

## Input Bits Sorted by Complexity

| Input Bit | Complexity | Occurrences |
|:---------:|:----------:|:-----------:|
| iv_506 | 2.54086 × 10^322 | 75 |
| iv_508 | 9.67594 × 10^322 | 78 |
| iv_481 | 1.63983 × 10^323 | 49 |
| iv_510 | 2.65232 × 10^323 | 76 |
| iv_511 | 3.80647 × 10^323 | 64 |
| iv_512 | 5.19355 × 10^323 | 73 |
| iv_501 | 5.97559 × 10^323 | 52 |
| iv_502 | 6.46460 × 10^323 | 52 |
| iv_482 | 6.83334 × 10^323 | 60 |
| iv_503 | 7.04933 × 10^323 | 62 |
| iv_504 | 7.74171 × 10^323 | 67 |
| iv_483 | 9.04357 × 10^323 | 49 |
| iv_455 | 1.17814 × 10^324 | 28 |
| iv_485 | 1.74087 × 10^324 | 45 |
| iv_486 | 2.16040 × 10^324 | 49 |
| iv_484 | 2.22572 × 10^324 | 50 |
| iv_487 | 2.58000 × 10^324 | 45 |
| iv_488 | 2.99983 × 10^324 | 50 |
| iv_489 | 3.42018 × 10^324 | 52 |
| iv_490 | 3.84156 × 10^324 | 34 |
| iv_491 | 4.26580 × 10^324 | 34 |
| iv_457 | 4.41516 × 10^324 | 41 |
| iv_492 | 4.69301 × 10^324 | 34 |
| iv_493 | 5.12475 × 10^324 | 34 |
| iv_494 | 5.56309 × 10^324 | 52 |
| iv_495 | 6.01064 × 10^324 | 52 |
| iv_496 | 6.47063 × 10^324 | 52 |
| iv_497 | 6.94700 × 10^324 | 52 |
| iv_498 | 7.44446 × 10^324 | 52 |
| iv_499 | 7.96852 × 10^324 | 52 |
| iv_500 | 8.52563 × 10^324 | 54 |

## Input Bits Sorted by Occurrences

| Input Bit | Complexity | Occurrences |
|:---------:|:----------:|:-----------:|
| iv_455 | 1.17814 × 10^324 | 28 |
| iv_493 | 5.12475 × 10^324 | 34 |
| iv_492 | 4.69301 × 10^324 | 34 |
| iv_491 | 4.26580 × 10^324 | 34 |
| iv_490 | 3.84156 × 10^324 | 34 |
| iv_457 | 4.41516 × 10^324 | 41 |
| iv_485 | 1.74087 × 10^324 | 45 |
| iv_487 | 2.58000 × 10^324 | 45 |
| iv_483 | 9.04357 × 10^323 | 49 |
| iv_481 | 1.63983 × 10^323 | 49 |
| iv_486 | 2.16040 × 10^324 | 49 |
| iv_484 | 2.22572 × 10^324 | 50 |
| iv_488 | 2.99983 × 10^324 | 50 |
| iv_494 | 5.56309 × 10^324 | 52 |
| iv_498 | 7.44446 × 10^324 | 52 |
| iv_499 | 7.96852 × 10^324 | 52 |
| iv_497 | 6.94700 × 10^324 | 52 |
| iv_502 | 6.46460 × 10^323 | 52 |
| iv_495 | 6.01064 × 10^324 | 52 |
| iv_489 | 3.42018 × 10^324 | 52 |
| iv_501 | 5.97559 × 10^323 | 52 |
| iv_496 | 6.47063 × 10^324 | 52 |
| iv_500 | 8.52563 × 10^324 | 54 |
| iv_482 | 6.83334 × 10^323 | 60 |
| iv_503 | 7.04933 × 10^323 | 62 |
| iv_511 | 3.80647 × 10^323 | 64 |
| iv_504 | 7.74171 × 10^323 | 67 |
| iv_512 | 5.19355 × 10^323 | 73 |
| iv_506 | 2.54086 × 10^322 | 75 |
| iv_510 | 2.65232 × 10^323 | 76 |
| iv_508 | 9.67594 × 10^322 | 78 |

## Output Bits

| Rank | Output Bit | Complexity |
|:----:|:----------:|:----------:|
| 1 | ov_001 | 1.44549 × 10^325 |
| 2 | ov_002 | 1.25923 × 10^325 |
| 3 | ov_003 | 1.09193 × 10^325 |
| 4 | ov_004 | 9.42161 × 10^324 |
| 5 | ov_005 | 8.08579 × 10^324 |
| 6 | ov_006 | 6.89914 × 10^324 |
| 7 | ov_007 | 5.84963 × 10^324 |
| 8 | ov_008 | 4.92586 × 10^324 |
| 9 | ov_009 | 4.11705 × 10^324 |
| 10 | ov_010 | 3.41300 × 10^324 |
| 11 | ov_011 | 2.80404 × 10^324 |
| 12 | ov_012 | 2.28104 × 10^324 |
| 13 | ov_013 | 1.83537 × 10^324 |
| 14 | ov_014 | 1.45890 × 10^324 |
| 15 | ov_015 | 1.14397 × 10^324 |
| 16 | ov_016 | 8.83416 × 10^323 |
| 17 | ov_017 | 6.70500 × 10^323 |
| 18 | ov_018 | 4.98968 × 10^323 |
| 19 | ov_019 | 3.63009 × 10^323 |
| 20 | ov_020 | 2.57262 × 10^323 |
| 21 | ov_021 | 1.76815 × 10^323 |
| 22 | ov_022 | 1.17198 × 10^323 |
| 23 | ov_023 | 7.43874 × 10^322 |
| 24 | ov_024 | 4.48006 × 10^322 |
| 25 | ov_025 | 2.53003 × 10^322 |
| 26 | ov_026 | 1.31913 × 10^322 |
| 27 | ov_027 | 6.22127 × 10^321 |
| 28 | ov_028 | 2.58052 × 10^321 |
| 29 | ov_029 | 9.02303 × 10^320 |
| 30 | ov_030 | 2.47780 × 10^320 |
| 31 | ov_031 | 4.83501 × 10^319 |
| 32 | lv_80_m31 | 9.43288 × 10^318 |
| 33 | ov_033 | 1.14904 × 10^320 |
| 34 | ov_034 | 1.00098 × 10^320 |
| 35 | ov_035 | 8.67995 × 10^319 |
| 36 | ov_036 | 7.48940 × 10^319 |
| 37 | ov_037 | 6.42753 × 10^319 |
| 38 | ov_038 | 5.48425 × 10^319 |
| 39 | ov_039 | 4.64997 × 10^319 |
| 40 | ov_040 | 3.91565 × 10^319 |
| 41 | ov_041 | 3.27272 × 10^319 |
| 42 | ov_042 | 2.71305 × 10^319 |
| 43 | ov_043 | 2.22898 × 10^319 |
| 44 | ov_044 | 1.81324 × 10^319 |
| 45 | ov_045 | 1.45897 × 10^319 |
| 46 | ov_046 | 1.15970 × 10^319 |
| 47 | ov_047 | 9.09367 × 10^318 |
| 48 | ov_048 | 7.02243 × 10^318 |
| 49 | ov_049 | 5.32992 × 10^318 |
| 50 | ov_050 | 3.96638 × 10^318 |
| 51 | ov_051 | 2.88562 × 10^318 |
| 52 | ov_052 | 2.04502 × 10^318 |
| 53 | ov_053 | 1.40553 × 10^318 |
| 54 | ov_054 | 9.31632 × 10^317 |
| 55 | ov_055 | 5.91318 × 10^317 |
| 56 | ov_056 | 3.56128 × 10^317 |
| 57 | ov_057 | 2.01117 × 10^317 |
| 58 | ov_058 | 1.04860 × 10^317 |
| 59 | ov_059 | 4.94539 × 10^316 |
| 60 | ov_060 | 2.05130 × 10^316 |
| 61 | ov_061 | 7.17256 × 10^315 |
| 62 | ov_062 | 1.96965 × 10^315 |
| 63 | ov_063 | 3.84343 × 10^314 |
| 64 | lv_79_m31 | 7.49836 × 10^313 |
| 65 | ov_065 | 9.13385 × 10^314 |
| 66 | ov_066 | 9.13383 × 10^314 |
| 67 | ov_067 | 9.13382 × 10^314 |
| 68 | ov_068 | 7.95686 × 10^314 |
| 69 | ov_069 | 6.89968 × 10^314 |
| 70 | ov_070 | 5.95329 × 10^314 |
| 71 | ov_071 | 5.10920 × 10^314 |
| 72 | ov_072 | 4.35936 × 10^314 |
| 73 | ov_073 | 3.69618 × 10^314 |
| 74 | ov_074 | 3.11246 × 10^314 |
| 75 | ov_075 | 2.60138 × 10^314 |
| 76 | ov_076 | 2.15649 × 10^314 |
| 77 | ov_077 | 1.77170 × 10^314 |
| 78 | ov_078 | 1.44121 × 10^314 |
| 79 | ov_079 | 1.15960 × 10^314 |
| 80 | ov_080 | 9.21714 × 10^313 |
| 81 | ov_081 | 7.22715 × 10^313 |
| 82 | ov_082 | 5.58068 × 10^313 |
| 83 | ov_083 | 4.23528 × 10^313 |
| 84 | ov_084 | 3.15138 × 10^313 |
| 85 | ov_085 | 2.29226 × 10^313 |
| 86 | ov_086 | 1.62406 × 10^313 |
| 87 | ov_087 | 1.11572 × 10^313 |
| 88 | ov_088 | 7.39005 × 10^312 |
| 89 | ov_089 | 4.68483 × 10^312 |
| 90 | ov_090 | 2.81526 × 10^312 |
| 91 | ov_091 | 1.58305 × 10^312 |
| 92 | ov_092 | 8.17897 × 10^311 |
| 93 | ov_093 | 3.77461 × 10^311 |
| 94 | ov_094 | 1.47404 × 10^311 |
| 95 | aaa_78_28 | 4.13588 × 10^310 |
| 96 | aaa_78_29 | 1.26018 × 10^310 |
| 97 | ov_097 | 7.26065 × 10^309 |
| 98 | ov_098 | 7.26063 × 10^309 |
| 99 | ov_099 | 7.26063 × 10^309 |
| 100 | ov_100 | 6.32504 × 10^309 |
| 101 | ov_101 | 5.48467 × 10^309 |
| 102 | ov_102 | 4.73237 × 10^309 |
| 103 | ov_103 | 4.06139 × 10^309 |
| 104 | ov_104 | 3.46533 × 10^309 |
| 105 | ov_105 | 2.93816 × 10^309 |
| 106 | ov_106 | 2.47415 × 10^309 |
| 107 | ov_107 | 2.06788 × 10^309 |
| 108 | ov_108 | 1.71423 × 10^309 |
| 109 | ov_109 | 1.40835 × 10^309 |
| 110 | ov_110 | 1.14565 × 10^309 |
| 111 | ov_111 | 9.21789 × 10^308 |
| 112 | ov_112 | 7.32686 × 10^308 |
| 113 | ov_113 | 5.74498 × 10^308 |
| 114 | ov_114 | 4.43618 × 10^308 |
| 115 | ov_115 | 3.36670 × 10^308 |
| 116 | ov_116 | 2.50508 × 10^308 |
| 117 | ov_117 | 1.82216 × 10^308 |
| 118 | ov_118 | 1.29099 × 10^308 |
| 119 | ov_119 | 8.86905 × 10^307 |
| 120 | ov_120 | 5.87447 × 10^307 |
| 121 | ov_121 | 3.72405 × 10^307 |
| 122 | ov_122 | 2.23790 × 10^307 |
| 123 | ov_123 | 1.25839 × 10^307 |
| 124 | ov_124 | 6.50160 × 10^306 |
| 125 | ov_125 | 3.00050 × 10^306 |
| 126 | ov_126 | 1.17174 × 10^306 |
| 127 | aaa_77_28 | 3.28768 × 10^305 |
| 128 | aaa_77_29 | 1.00174 × 10^305 |
| 129 | ov_129 | 5.76923 × 10^304 |
| 130 | ov_130 | 5.76922 × 10^304 |
| 131 | ov_131 | 5.76921 × 10^304 |
| 132 | ov_132 | 5.02550 × 10^304 |
| 133 | ov_133 | 4.35748 × 10^304 |
| 134 | ov_134 | 3.75946 × 10^304 |
| 135 | ov_135 | 3.22608 × 10^304 |
| 136 | ov_136 | 2.75227 × 10^304 |
| 137 | ov_137 | 2.33321 × 10^304 |
| 138 | ov_138 | 1.96436 × 10^304 |
| 139 | ov_139 | 1.64141 × 10^304 |
| 140 | ov_140 | 1.36029 × 10^304 |
| 141 | ov_141 | 1.11714 × 10^304 |
| 142 | ov_142 | 9.08312 × 10^303 |
| 143 | ov_143 | 7.30360 × 10^303 |
| 144 | ov_144 | 5.80039 × 10^303 |
| 145 | ov_145 | 4.54293 × 10^303 |
| 146 | ov_146 | 3.50254 × 10^303 |
| 147 | ov_147 | 2.65239 × 10^303 |
| 148 | ov_148 | 1.96748 × 10^303 |
| 149 | ov_149 | 1.42461 × 10^303 |
| 150 | ov_150 | 1.00238 × 10^303 |
| 151 | ov_151 | 6.81165 × 10^302 |
| 152 | ov_152 | 4.43120 × 10^302 |
| 153 | ov_153 | 2.72180 × 10^302 |
| 154 | ov_154 | 1.54043 × 10^302 |
| 155 | ov_155 | 7.61808 × 10^301 |
| 156 | aaa_76_25 | 2.78308 × 10^301 |
| 157 | aaa_76_26 | 1.45371 × 10^301 |
| 158 | aaa_76_27 | 6.70093 × 10^300 |
| 159 | aaa_76_28 | 2.61343 × 10^300 |
| 160 | aaa_76_29 | 7.96304 × 10^299 |

## Output Bits Sorted by Complexity

| Rank | Output Bit | Complexity |
|:----:|:----------:|:----------:|
| 160 | aaa_76_29 | 7.96304 × 10^299 |
| 159 | aaa_76_28 | 2.61343 × 10^300 |
| 158 | aaa_76_27 | 6.70093 × 10^300 |
| 157 | aaa_76_26 | 1.45371 × 10^301 |
| 156 | aaa_76_25 | 2.78308 × 10^301 |
| 155 | ov_155 | 7.61808 × 10^301 |
| 154 | ov_154 | 1.54043 × 10^302 |
| 153 | ov_153 | 2.72180 × 10^302 |
| 152 | ov_152 | 4.43120 × 10^302 |
| 151 | ov_151 | 6.81165 × 10^302 |
| 150 | ov_150 | 1.00238 × 10^303 |
| 149 | ov_149 | 1.42461 × 10^303 |
| 148 | ov_148 | 1.96748 × 10^303 |
| 147 | ov_147 | 2.65239 × 10^303 |
| 146 | ov_146 | 3.50254 × 10^303 |
| 145 | ov_145 | 4.54293 × 10^303 |
| 144 | ov_144 | 5.80039 × 10^303 |
| 143 | ov_143 | 7.30360 × 10^303 |
| 142 | ov_142 | 9.08312 × 10^303 |
| 141 | ov_141 | 1.11714 × 10^304 |
| 140 | ov_140 | 1.36029 × 10^304 |
| 139 | ov_139 | 1.64141 × 10^304 |
| 138 | ov_138 | 1.96436 × 10^304 |
| 137 | ov_137 | 2.33321 × 10^304 |
| 136 | ov_136 | 2.75227 × 10^304 |
| 135 | ov_135 | 3.22608 × 10^304 |
| 134 | ov_134 | 3.75946 × 10^304 |
| 133 | ov_133 | 4.35748 × 10^304 |
| 132 | ov_132 | 5.02550 × 10^304 |
| 131 | ov_131 | 5.76921 × 10^304 |
| 130 | ov_130 | 5.76922 × 10^304 |
| 129 | ov_129 | 5.76923 × 10^304 |
| 128 | aaa_77_29 | 1.00174 × 10^305 |
| 127 | aaa_77_28 | 3.28768 × 10^305 |
| 126 | ov_126 | 1.17174 × 10^306 |
| 125 | ov_125 | 3.00050 × 10^306 |
| 124 | ov_124 | 6.50160 × 10^306 |
| 123 | ov_123 | 1.25839 × 10^307 |
| 122 | ov_122 | 2.23790 × 10^307 |
| 121 | ov_121 | 3.72405 × 10^307 |
| 120 | ov_120 | 5.87447 × 10^307 |
| 119 | ov_119 | 8.86905 × 10^307 |
| 118 | ov_118 | 1.29099 × 10^308 |
| 117 | ov_117 | 1.82216 × 10^308 |
| 116 | ov_116 | 2.50508 × 10^308 |
| 115 | ov_115 | 3.36670 × 10^308 |
| 114 | ov_114 | 4.43618 × 10^308 |
| 113 | ov_113 | 5.74498 × 10^308 |
| 112 | ov_112 | 7.32686 × 10^308 |
| 111 | ov_111 | 9.21789 × 10^308 |
| 110 | ov_110 | 1.14565 × 10^309 |
| 109 | ov_109 | 1.40835 × 10^309 |
| 108 | ov_108 | 1.71423 × 10^309 |
| 107 | ov_107 | 2.06788 × 10^309 |
| 106 | ov_106 | 2.47415 × 10^309 |
| 105 | ov_105 | 2.93816 × 10^309 |
| 104 | ov_104 | 3.46533 × 10^309 |
| 103 | ov_103 | 4.06139 × 10^309 |
| 102 | ov_102 | 4.73237 × 10^309 |
| 101 | ov_101 | 5.48467 × 10^309 |
| 100 | ov_100 | 6.32504 × 10^309 |
| 99 | ov_099 | 7.26063 × 10^309 |
| 98 | ov_098 | 7.26063 × 10^309 |
| 97 | ov_097 | 7.26065 × 10^309 |
| 96 | aaa_78_29 | 1.26018 × 10^310 |
| 95 | aaa_78_28 | 4.13588 × 10^310 |
| 94 | ov_094 | 1.47404 × 10^311 |
| 93 | ov_093 | 3.77461 × 10^311 |
| 92 | ov_092 | 8.17897 × 10^311 |
| 91 | ov_091 | 1.58305 × 10^312 |
| 90 | ov_090 | 2.81526 × 10^312 |
| 89 | ov_089 | 4.68483 × 10^312 |
| 88 | ov_088 | 7.39005 × 10^312 |
| 87 | ov_087 | 1.11572 × 10^313 |
| 86 | ov_086 | 1.62406 × 10^313 |
| 85 | ov_085 | 2.29226 × 10^313 |
| 84 | ov_084 | 3.15138 × 10^313 |
| 83 | ov_083 | 4.23528 × 10^313 |
| 82 | ov_082 | 5.58068 × 10^313 |
| 81 | ov_081 | 7.22715 × 10^313 |
| 64 | lv_79_m31 | 7.49836 × 10^313 |
| 80 | ov_080 | 9.21714 × 10^313 |
| 79 | ov_079 | 1.15960 × 10^314 |
| 78 | ov_078 | 1.44121 × 10^314 |
| 77 | ov_077 | 1.77170 × 10^314 |
| 76 | ov_076 | 2.15649 × 10^314 |
| 75 | ov_075 | 2.60138 × 10^314 |
| 74 | ov_074 | 3.11246 × 10^314 |
| 73 | ov_073 | 3.69618 × 10^314 |
| 63 | ov_063 | 3.84343 × 10^314 |
| 72 | ov_072 | 4.35936 × 10^314 |
| 71 | ov_071 | 5.10920 × 10^314 |
| 70 | ov_070 | 5.95329 × 10^314 |
| 69 | ov_069 | 6.89968 × 10^314 |
| 68 | ov_068 | 7.95686 × 10^314 |
| 67 | ov_067 | 9.13382 × 10^314 |
| 66 | ov_066 | 9.13383 × 10^314 |
| 65 | ov_065 | 9.13385 × 10^314 |
| 62 | ov_062 | 1.96965 × 10^315 |
| 61 | ov_061 | 7.17256 × 10^315 |
| 60 | ov_060 | 2.05130 × 10^316 |
| 59 | ov_059 | 4.94539 × 10^316 |
| 58 | ov_058 | 1.04860 × 10^317 |
| 57 | ov_057 | 2.01117 × 10^317 |
| 56 | ov_056 | 3.56128 × 10^317 |
| 55 | ov_055 | 5.91318 × 10^317 |
| 54 | ov_054 | 9.31632 × 10^317 |
| 53 | ov_053 | 1.40553 × 10^318 |
| 52 | ov_052 | 2.04502 × 10^318 |
| 51 | ov_051 | 2.88562 × 10^318 |
| 50 | ov_050 | 3.96638 × 10^318 |
| 49 | ov_049 | 5.32992 × 10^318 |
| 48 | ov_048 | 7.02243 × 10^318 |
| 47 | ov_047 | 9.09367 × 10^318 |
| 32 | lv_80_m31 | 9.43288 × 10^318 |
| 46 | ov_046 | 1.15970 × 10^319 |
| 45 | ov_045 | 1.45897 × 10^319 |
| 44 | ov_044 | 1.81324 × 10^319 |
| 43 | ov_043 | 2.22898 × 10^319 |
| 42 | ov_042 | 2.71305 × 10^319 |
| 41 | ov_041 | 3.27272 × 10^319 |
| 40 | ov_040 | 3.91565 × 10^319 |
| 39 | ov_039 | 4.64997 × 10^319 |
| 31 | ov_031 | 4.83501 × 10^319 |
| 38 | ov_038 | 5.48425 × 10^319 |
| 37 | ov_037 | 6.42753 × 10^319 |
| 36 | ov_036 | 7.48940 × 10^319 |
| 35 | ov_035 | 8.67995 × 10^319 |
| 34 | ov_034 | 1.00098 × 10^320 |
| 33 | ov_033 | 1.14904 × 10^320 |
| 30 | ov_030 | 2.47780 × 10^320 |
| 29 | ov_029 | 9.02303 × 10^320 |
| 28 | ov_028 | 2.58052 × 10^321 |
| 27 | ov_027 | 6.22127 × 10^321 |
| 26 | ov_026 | 1.31913 × 10^322 |
| 25 | ov_025 | 2.53003 × 10^322 |
| 24 | ov_024 | 4.48006 × 10^322 |
| 23 | ov_023 | 7.43874 × 10^322 |
| 22 | ov_022 | 1.17198 × 10^323 |
| 21 | ov_021 | 1.76815 × 10^323 |
| 20 | ov_020 | 2.57262 × 10^323 |
| 19 | ov_019 | 3.63009 × 10^323 |
| 18 | ov_018 | 4.98968 × 10^323 |
| 17 | ov_017 | 6.70500 × 10^323 |
| 16 | ov_016 | 8.83416 × 10^323 |
| 15 | ov_015 | 1.14397 × 10^324 |
| 14 | ov_014 | 1.45890 × 10^324 |
| 13 | ov_013 | 1.83537 × 10^324 |
| 12 | ov_012 | 2.28104 × 10^324 |
| 11 | ov_011 | 2.80404 × 10^324 |
| 10 | ov_010 | 3.41300 × 10^324 |
| 9 | ov_009 | 4.11705 × 10^324 |
| 8 | ov_008 | 4.92586 × 10^324 |
| 7 | ov_007 | 5.84963 × 10^324 |
| 6 | ov_006 | 6.89914 × 10^324 |
| 5 | ov_005 | 8.08579 × 10^324 |
| 4 | ov_004 | 9.42161 × 10^324 |
| 3 | ov_003 | 1.09193 × 10^325 |
| 2 | ov_002 | 1.25923 × 10^325 |
| 1 | ov_001 | 1.44549 × 10^325 |

