# Results for T001-T002-F003-F004-F005-T006-T007-F008-T009-F010-F011-T012-F013-F014-F015-T016-F017-F018-F019-F020-T021-F022-F023-T024-F025-T026-F027-T028-T029-F030-F031-F032-F033-F034-T035-F036-T037-T038-F039-F040-T041-T042-T043-F044-F045-F046-F047-F048-F049-F050-F051-F052-F053-F054-F055-F056-T057-F058-T059-F060-F061-T062-T063-T064-F065-T066-T067-T068-T069-T070-F071-T072-T073-T074-T075-T076-T077-T078-F079-F080-F081-F082-F083-F084-F085-F086-F087-T088-T089-F090-T091-F092-F093-F094-F095-T096-T097-F098-T099-F100-T101-F102-F103-T104-T105-T106-T107-F108-T109-T110-T111-T112-T113-T114-T115-T116-F117-T118-F119-T120-T121-F122-F123-F124-F125-T126-F127-F128-F129-T130-F131-F132-T133-F134-T135-T136-F137-F138-T139-T140-F141-T142-F143-T144-T145-T146-F147-F148-T149-T150-T151-F152-T153-T154-F155-F156-F157-T158-F159-T160-F161-F162-F163-T164-F165-T166-T167-F168-T169-F170-T171-T172-F173-F174-T175-F176-T177-T178-T179-T180-T181-F182-T183-T184-T185-F186-T187-F188-F189-T190-F191-T192-T193-F194-F195-F196-T197-F198-F199-T200-F201-T202-F203-F204-F205-F206-T207-F208-F209-F210-F211-T212-F213-T214-T215-T216-F217-T218-T219-F220-F221-F222-F223-F224-T225-F226-T227-T228-T229-T230-F231-F232-F233-F234-F235-T236-T237-T238-T239-T240-F241-T242-F243-F244-T245-T246-T247-T248-F249-T250-F251-T252-F253-T254-F255-F256-T257-F258-F259-F260-T261-F262-F263-T264-F265-F266-F267-T268-T269-F270-T271-F272-T273-F274-F275-F276-T277-F278-F279-T280-F281-F282-F283-T284-F285-T286-T287-F288-T289-T290-T291-F292-F293-T294-T295-F296-T297-F298-T299-T300-T301-T302-T303-F304-F305-F306-F307-F308-T309-T310-F311-T312-F313-T314-T315-F316-T317-F318-T319-F320-F321-F322-T323-F324-F325-F326-F327-F328-F329-T330-F331-F332-T333-T334-T335-F336-F337-T338-F339-T340-F341-F342-T343-T344-F345-T346-F347-T348-F349-F350-T351-T352-F353-T354-F355-F356-T357-F358-F359-F360-F361-T362-T363-T364-T365-T366-T367-F368-F369-T370-F371-F372-T373-F374-T375-T376-F377-T378-F379-F380-T381-F382-F383-F384-T385-F386-T387-F388-T389-F390-F391-F392-F393-T394-F395-T396-T397-T398-T399-T400-T401-T402-T403-F404-T405-F406-F407-F408-F409-F410-F411-T412-T413-F414-T415-F416-T417-T418-T419-T420-F421-F422-T423-F424-F425-T426-F427-F428-T429-F430-F431-T432-F433-T434-T435-T436-F437-F438-F439-F440-F441-T442-T443-T444-F445-F446-F447-F448-F449-F450-T451-F452-T453-T454-F456-T458-F460-F461-F463-F464-F465-T466-F467-T468-F469-F470-F471-F472-T474-T476-F477-F478-F479-F480

## Summary

Number of input bits: 512  
Number of free input bits: 38  
Number of output bits: 160

Number of assignments: 19829  
Number of operations: 48254
(xor: 20655,
and: 14152,
or: 13447)

Total complexity: 3.13557 × 10^327

Least complex input bit: iv_481 (1.84175 × 10^324)  
Most complex input bit: iv_475 (1.98238 × 10^326)

Least complex output bit: aaa_76_29 (2.67509 × 10^301)  
Most complex output bit: ov_001 (4.85597 × 10^326)

Least complex input/output complexity: iv_481/aaa_76_29 (1.57128 × 10^298)  
Most complex input/output complexity: iv_475/ov_001 (3.07005 × 10^325)

## Input Bits

| Input Bit | Complexity | Occurrences |
|:---------:|:----------:|:-----------:|
| iv_455 | 1.31308 × 10^325 | 28 |
| iv_457 | 1.34900 × 10^326 | 36 |
| iv_459 | 1.76347 × 10^326 | 36 |
| iv_462 | 1.27471 × 10^326 | 41 |
| iv_473 | 1.71769 × 10^326 | 39 |
| iv_475 | 1.98238 × 10^326 | 35 |
| iv_481 | 1.84175 × 10^324 | 49 |
| iv_482 | 7.58237 × 10^324 | 48 |
| iv_483 | 1.56128 × 10^325 | 50 |
| iv_484 | 2.41270 × 10^325 | 50 |
| iv_485 | 1.86570 × 10^325 | 45 |
| iv_486 | 4.17163 × 10^325 | 50 |
| iv_487 | 2.74621 × 10^325 | 45 |
| iv_488 | 5.93289 × 10^325 | 51 |
| iv_489 | 6.81425 × 10^325 | 49 |
| iv_490 | 4.06929 × 10^325 | 34 |
| iv_491 | 4.51333 × 10^325 | 34 |
| iv_492 | 4.95977 × 10^325 | 30 |
| iv_493 | 5.40986 × 10^325 | 34 |
| iv_494 | 5.86527 × 10^325 | 34 |
| iv_495 | 6.32806 × 10^325 | 34 |
| iv_496 | 6.80082 × 10^325 | 52 |
| iv_497 | 7.28670 × 10^325 | 34 |
| iv_498 | 7.78941 × 10^325 | 34 |
| iv_499 | 8.31335 × 10^325 | 52 |
| iv_500 | 1.71769 × 10^326 | 53 |
| iv_501 | 9.44609 × 10^325 | 52 |
| iv_502 | 1.95135 × 10^326 | 53 |
| iv_503 | 1.07352 × 10^326 | 48 |
| iv_504 | 1.14580 × 10^326 | 52 |
| iv_505 | 1.22453 × 10^326 | 48 |
| iv_506 | 1.31076 × 10^326 | 52 |
| iv_507 | 1.40566 × 10^326 | 52 |
| iv_508 | 1.51052 × 10^326 | 34 |
| iv_509 | 1.62675 × 10^326 | 36 |
| iv_510 | 1.29144 × 10^325 | 34 |
| iv_511 | 1.43741 × 10^325 | 34 |
| iv_512 | 1.74768 × 10^325 | 62 |

## Input Bits Sorted by Complexity

| Input Bit | Complexity | Occurrences |
|:---------:|:----------:|:-----------:|
| iv_481 | 1.84175 × 10^324 | 49 |
| iv_482 | 7.58237 × 10^324 | 48 |
| iv_510 | 1.29144 × 10^325 | 34 |
| iv_455 | 1.31308 × 10^325 | 28 |
| iv_511 | 1.43741 × 10^325 | 34 |
| iv_483 | 1.56128 × 10^325 | 50 |
| iv_512 | 1.74768 × 10^325 | 62 |
| iv_485 | 1.86570 × 10^325 | 45 |
| iv_484 | 2.41270 × 10^325 | 50 |
| iv_487 | 2.74621 × 10^325 | 45 |
| iv_490 | 4.06929 × 10^325 | 34 |
| iv_486 | 4.17163 × 10^325 | 50 |
| iv_491 | 4.51333 × 10^325 | 34 |
| iv_492 | 4.95977 × 10^325 | 30 |
| iv_493 | 5.40986 × 10^325 | 34 |
| iv_494 | 5.86527 × 10^325 | 34 |
| iv_488 | 5.93289 × 10^325 | 51 |
| iv_495 | 6.32806 × 10^325 | 34 |
| iv_496 | 6.80082 × 10^325 | 52 |
| iv_489 | 6.81425 × 10^325 | 49 |
| iv_497 | 7.28670 × 10^325 | 34 |
| iv_498 | 7.78941 × 10^325 | 34 |
| iv_499 | 8.31335 × 10^325 | 52 |
| iv_501 | 9.44609 × 10^325 | 52 |
| iv_503 | 1.07352 × 10^326 | 48 |
| iv_504 | 1.14580 × 10^326 | 52 |
| iv_505 | 1.22453 × 10^326 | 48 |
| iv_462 | 1.27471 × 10^326 | 41 |
| iv_506 | 1.31076 × 10^326 | 52 |
| iv_457 | 1.34900 × 10^326 | 36 |
| iv_507 | 1.40566 × 10^326 | 52 |
| iv_508 | 1.51052 × 10^326 | 34 |
| iv_509 | 1.62675 × 10^326 | 36 |
| iv_500 | 1.71769 × 10^326 | 53 |
| iv_473 | 1.71769 × 10^326 | 39 |
| iv_459 | 1.76347 × 10^326 | 36 |
| iv_502 | 1.95135 × 10^326 | 53 |
| iv_475 | 1.98238 × 10^326 | 35 |

## Input Bits Sorted by Occurrences

| Input Bit | Complexity | Occurrences |
|:---------:|:----------:|:-----------:|
| iv_455 | 1.31308 × 10^325 | 28 |
| iv_492 | 4.95977 × 10^325 | 30 |
| iv_495 | 6.32806 × 10^325 | 34 |
| iv_508 | 1.51052 × 10^326 | 34 |
| iv_510 | 1.29144 × 10^325 | 34 |
| iv_511 | 1.43741 × 10^325 | 34 |
| iv_490 | 4.06929 × 10^325 | 34 |
| iv_491 | 4.51333 × 10^325 | 34 |
| iv_493 | 5.40986 × 10^325 | 34 |
| iv_498 | 7.78941 × 10^325 | 34 |
| iv_497 | 7.28670 × 10^325 | 34 |
| iv_494 | 5.86527 × 10^325 | 34 |
| iv_475 | 1.98238 × 10^326 | 35 |
| iv_509 | 1.62675 × 10^326 | 36 |
| iv_459 | 1.76347 × 10^326 | 36 |
| iv_457 | 1.34900 × 10^326 | 36 |
| iv_473 | 1.71769 × 10^326 | 39 |
| iv_462 | 1.27471 × 10^326 | 41 |
| iv_487 | 2.74621 × 10^325 | 45 |
| iv_485 | 1.86570 × 10^325 | 45 |
| iv_503 | 1.07352 × 10^326 | 48 |
| iv_482 | 7.58237 × 10^324 | 48 |
| iv_505 | 1.22453 × 10^326 | 48 |
| iv_489 | 6.81425 × 10^325 | 49 |
| iv_481 | 1.84175 × 10^324 | 49 |
| iv_483 | 1.56128 × 10^325 | 50 |
| iv_484 | 2.41270 × 10^325 | 50 |
| iv_486 | 4.17163 × 10^325 | 50 |
| iv_488 | 5.93289 × 10^325 | 51 |
| iv_496 | 6.80082 × 10^325 | 52 |
| iv_501 | 9.44609 × 10^325 | 52 |
| iv_506 | 1.31076 × 10^326 | 52 |
| iv_499 | 8.31335 × 10^325 | 52 |
| iv_504 | 1.14580 × 10^326 | 52 |
| iv_507 | 1.40566 × 10^326 | 52 |
| iv_502 | 1.95135 × 10^326 | 53 |
| iv_500 | 1.71769 × 10^326 | 53 |
| iv_512 | 1.74768 × 10^325 | 62 |

## Output Bits

| Rank | Output Bit | Complexity |
|:----:|:----------:|:----------:|
| 1 | ov_001 | 4.85597 × 10^326 |
| 2 | ov_002 | 4.23026 × 10^326 |
| 3 | ov_003 | 3.66822 × 10^326 |
| 4 | ov_004 | 3.16508 × 10^326 |
| 5 | ov_005 | 2.71633 × 10^326 |
| 6 | ov_006 | 2.31769 × 10^326 |
| 7 | ov_007 | 1.96512 × 10^326 |
| 8 | ov_008 | 1.65479 × 10^326 |
| 9 | ov_009 | 1.38308 × 10^326 |
| 10 | ov_010 | 1.14656 × 10^326 |
| 11 | ov_011 | 9.41988 × 10^325 |
| 12 | ov_012 | 7.66291 × 10^325 |
| 13 | ov_013 | 6.16573 × 10^325 |
| 14 | ov_014 | 4.90102 × 10^325 |
| 15 | ov_015 | 3.84306 × 10^325 |
| 16 | ov_016 | 2.96774 × 10^325 |
| 17 | ov_017 | 2.25247 × 10^325 |
| 18 | ov_018 | 1.67622 × 10^325 |
| 19 | ov_019 | 1.21948 × 10^325 |
| 20 | ov_020 | 8.64246 × 10^324 |
| 21 | ov_021 | 5.93992 × 10^324 |
| 22 | ov_022 | 3.93716 × 10^324 |
| 23 | ov_023 | 2.49896 × 10^324 |
| 24 | ov_024 | 1.50503 × 10^324 |
| 25 | ov_025 | 8.49938 × 10^323 |
| 26 | ov_026 | 4.43149 × 10^323 |
| 27 | ov_027 | 2.08996 × 10^323 |
| 28 | ov_028 | 8.66897 × 10^322 |
| 29 | ov_029 | 3.03119 × 10^322 |
| 30 | ov_030 | 8.32392 × 10^321 |
| 31 | ov_031 | 1.62427 × 10^321 |
| 32 | lv_80_m31 | 3.16887 × 10^320 |
| 33 | ov_033 | 3.86010 × 10^321 |
| 34 | ov_034 | 3.36270 × 10^321 |
| 35 | ov_035 | 2.91593 × 10^321 |
| 36 | ov_036 | 2.51598 × 10^321 |
| 37 | ov_037 | 2.15926 × 10^321 |
| 38 | ov_038 | 1.84237 × 10^321 |
| 39 | ov_039 | 1.56210 × 10^321 |
| 40 | ov_040 | 1.31542 × 10^321 |
| 41 | ov_041 | 1.09943 × 10^321 |
| 42 | ov_042 | 9.11422 × 10^320 |
| 43 | ov_043 | 7.48802 × 10^320 |
| 44 | ov_044 | 6.09138 × 10^320 |
| 45 | ov_045 | 4.90125 × 10^320 |
| 46 | ov_046 | 3.89590 × 10^320 |
| 47 | ov_047 | 3.05491 × 10^320 |
| 48 | ov_048 | 2.35910 × 10^320 |
| 49 | ov_049 | 1.79053 × 10^320 |
| 50 | ov_050 | 1.33246 × 10^320 |
| 51 | ov_051 | 9.69393 × 10^319 |
| 52 | ov_052 | 6.87004 × 10^319 |
| 53 | ov_053 | 4.72175 × 10^319 |
| 54 | ov_054 | 3.12971 × 10^319 |
| 55 | ov_055 | 1.98646 × 10^319 |
| 56 | ov_056 | 1.19637 × 10^319 |
| 57 | ov_057 | 6.75631 × 10^318 |
| 58 | ov_058 | 3.52267 × 10^318 |
| 59 | ov_059 | 1.66135 × 10^318 |
| 60 | ov_060 | 6.89111 × 10^317 |
| 61 | ov_061 | 2.40954 × 10^317 |
| 62 | ov_062 | 6.61682 × 10^316 |
| 63 | ov_063 | 1.29116 × 10^316 |
| 64 | lv_79_m31 | 2.51899 × 10^315 |
| 65 | ov_065 | 3.06841 × 10^316 |
| 66 | ov_066 | 3.06841 × 10^316 |
| 67 | ov_067 | 3.06840 × 10^316 |
| 68 | ov_068 | 2.67302 × 10^316 |
| 69 | ov_069 | 2.31787 × 10^316 |
| 70 | ov_070 | 1.99994 × 10^316 |
| 71 | ov_071 | 1.71638 × 10^316 |
| 72 | ov_072 | 1.46448 × 10^316 |
| 73 | ov_073 | 1.24169 × 10^316 |
| 74 | ov_074 | 1.04559 × 10^316 |
| 75 | ov_075 | 8.73907 × 10^315 |
| 76 | ov_076 | 7.24452 × 10^315 |
| 77 | ov_077 | 5.95183 × 10^315 |
| 78 | ov_078 | 4.84162 × 10^315 |
| 79 | ov_079 | 3.89556 × 10^315 |
| 80 | ov_080 | 3.09639 × 10^315 |
| 81 | ov_081 | 2.42788 × 10^315 |
| 82 | ov_082 | 1.87476 × 10^315 |
| 83 | ov_083 | 1.42279 × 10^315 |
| 84 | ov_084 | 1.05867 × 10^315 |
| 85 | ov_085 | 7.70061 × 10^314 |
| 86 | ov_086 | 5.45585 × 10^314 |
| 87 | ov_087 | 3.74814 × 10^314 |
| 88 | ov_088 | 2.48260 × 10^314 |
| 89 | ov_089 | 1.57381 × 10^314 |
| 90 | ov_090 | 9.45758 × 10^313 |
| 91 | ov_091 | 5.31810 × 10^313 |
| 92 | ov_092 | 2.74763 × 10^313 |
| 93 | ov_093 | 1.26803 × 10^313 |
| 94 | ov_094 | 4.95188 × 10^312 |
| 95 | aaa_78_28 | 1.38940 × 10^312 |
| 96 | aaa_78_29 | 4.23346 × 10^311 |
| 97 | ov_097 | 2.43913 × 10^311 |
| 98 | ov_098 | 2.43913 × 10^311 |
| 99 | ov_099 | 2.43913 × 10^311 |
| 100 | ov_100 | 2.12483 × 10^311 |
| 101 | ov_101 | 1.84251 × 10^311 |
| 102 | ov_102 | 1.58979 × 10^311 |
| 103 | ov_103 | 1.36438 × 10^311 |
| 104 | ov_104 | 1.16414 × 10^311 |
| 105 | ov_105 | 9.87043 × 10^310 |
| 106 | ov_106 | 8.31164 × 10^310 |
| 107 | ov_107 | 6.94683 × 10^310 |
| 108 | ov_108 | 5.75879 × 10^310 |
| 109 | ov_109 | 4.73121 × 10^310 |
| 110 | ov_110 | 3.84868 × 10^310 |
| 111 | ov_111 | 3.09664 × 10^310 |
| 112 | ov_112 | 2.46137 × 10^310 |
| 113 | ov_113 | 1.92996 × 10^310 |
| 114 | ov_114 | 1.49028 × 10^310 |
| 115 | ov_115 | 1.13100 × 10^310 |
| 116 | ov_116 | 8.41556 × 10^309 |
| 117 | ov_117 | 6.12135 × 10^309 |
| 118 | ov_118 | 4.33695 × 10^309 |
| 119 | ov_119 | 2.97946 × 10^309 |
| 120 | ov_120 | 1.97346 × 10^309 |
| 121 | ov_121 | 1.25105 × 10^309 |
| 122 | ov_122 | 7.51799 × 10^308 |
| 123 | ov_123 | 4.22745 × 10^308 |
| 124 | ov_124 | 2.18414 × 10^308 |
| 125 | ov_125 | 1.00798 × 10^308 |
| 126 | ov_126 | 3.93633 × 10^307 |
| 127 | aaa_77_28 | 1.10446 × 10^307 |
| 128 | aaa_77_29 | 3.36525 × 10^306 |
| 129 | ov_129 | 1.93811 × 10^306 |
| 130 | ov_130 | 1.93810 × 10^306 |
| 131 | ov_131 | 1.93810 × 10^306 |
| 132 | ov_132 | 1.68826 × 10^306 |
| 133 | ov_133 | 1.46384 × 10^306 |
| 134 | ov_134 | 1.26295 × 10^306 |
| 135 | ov_135 | 1.08376 × 10^306 |
| 136 | ov_136 | 9.24595 × 10^305 |
| 137 | ov_137 | 7.83816 × 10^305 |
| 138 | ov_138 | 6.59905 × 10^305 |
| 139 | ov_139 | 5.51414 × 10^305 |
| 140 | ov_140 | 4.56975 × 10^305 |
| 141 | ov_141 | 3.75291 × 10^305 |
| 142 | ov_142 | 3.05137 × 10^305 |
| 143 | ov_143 | 2.45356 × 10^305 |
| 144 | ov_144 | 1.94858 × 10^305 |
| 145 | ov_145 | 1.52614 × 10^305 |
| 146 | ov_146 | 1.17664 × 10^305 |
| 147 | ov_147 | 8.91043 × 10^304 |
| 148 | ov_148 | 6.60955 × 10^304 |
| 149 | ov_149 | 4.78584 × 10^304 |
| 150 | ov_150 | 3.36739 × 10^304 |
| 151 | ov_151 | 2.28829 × 10^304 |
| 152 | ov_152 | 1.48861 × 10^304 |
| 153 | ov_153 | 9.14359 × 10^303 |
| 154 | ov_154 | 5.17492 × 10^303 |
| 155 | ov_155 | 2.55921 × 10^303 |
| 156 | aaa_76_25 | 9.34946 × 10^302 |
| 157 | aaa_76_26 | 4.88359 × 10^302 |
| 158 | aaa_76_27 | 2.25110 × 10^302 |
| 159 | aaa_76_28 | 8.77956 × 10^301 |
| 160 | aaa_76_29 | 2.67509 × 10^301 |

## Output Bits Sorted by Complexity

| Rank | Output Bit | Complexity |
|:----:|:----------:|:----------:|
| 160 | aaa_76_29 | 2.67509 × 10^301 |
| 159 | aaa_76_28 | 8.77956 × 10^301 |
| 158 | aaa_76_27 | 2.25110 × 10^302 |
| 157 | aaa_76_26 | 4.88359 × 10^302 |
| 156 | aaa_76_25 | 9.34946 × 10^302 |
| 155 | ov_155 | 2.55921 × 10^303 |
| 154 | ov_154 | 5.17492 × 10^303 |
| 153 | ov_153 | 9.14359 × 10^303 |
| 152 | ov_152 | 1.48861 × 10^304 |
| 151 | ov_151 | 2.28829 × 10^304 |
| 150 | ov_150 | 3.36739 × 10^304 |
| 149 | ov_149 | 4.78584 × 10^304 |
| 148 | ov_148 | 6.60955 × 10^304 |
| 147 | ov_147 | 8.91043 × 10^304 |
| 146 | ov_146 | 1.17664 × 10^305 |
| 145 | ov_145 | 1.52614 × 10^305 |
| 144 | ov_144 | 1.94858 × 10^305 |
| 143 | ov_143 | 2.45356 × 10^305 |
| 142 | ov_142 | 3.05137 × 10^305 |
| 141 | ov_141 | 3.75291 × 10^305 |
| 140 | ov_140 | 4.56975 × 10^305 |
| 139 | ov_139 | 5.51414 × 10^305 |
| 138 | ov_138 | 6.59905 × 10^305 |
| 137 | ov_137 | 7.83816 × 10^305 |
| 136 | ov_136 | 9.24595 × 10^305 |
| 135 | ov_135 | 1.08376 × 10^306 |
| 134 | ov_134 | 1.26295 × 10^306 |
| 133 | ov_133 | 1.46384 × 10^306 |
| 132 | ov_132 | 1.68826 × 10^306 |
| 131 | ov_131 | 1.93810 × 10^306 |
| 130 | ov_130 | 1.93810 × 10^306 |
| 129 | ov_129 | 1.93811 × 10^306 |
| 128 | aaa_77_29 | 3.36525 × 10^306 |
| 127 | aaa_77_28 | 1.10446 × 10^307 |
| 126 | ov_126 | 3.93633 × 10^307 |
| 125 | ov_125 | 1.00798 × 10^308 |
| 124 | ov_124 | 2.18414 × 10^308 |
| 123 | ov_123 | 4.22745 × 10^308 |
| 122 | ov_122 | 7.51799 × 10^308 |
| 121 | ov_121 | 1.25105 × 10^309 |
| 120 | ov_120 | 1.97346 × 10^309 |
| 119 | ov_119 | 2.97946 × 10^309 |
| 118 | ov_118 | 4.33695 × 10^309 |
| 117 | ov_117 | 6.12135 × 10^309 |
| 116 | ov_116 | 8.41556 × 10^309 |
| 115 | ov_115 | 1.13100 × 10^310 |
| 114 | ov_114 | 1.49028 × 10^310 |
| 113 | ov_113 | 1.92996 × 10^310 |
| 112 | ov_112 | 2.46137 × 10^310 |
| 111 | ov_111 | 3.09664 × 10^310 |
| 110 | ov_110 | 3.84868 × 10^310 |
| 109 | ov_109 | 4.73121 × 10^310 |
| 108 | ov_108 | 5.75879 × 10^310 |
| 107 | ov_107 | 6.94683 × 10^310 |
| 106 | ov_106 | 8.31164 × 10^310 |
| 105 | ov_105 | 9.87043 × 10^310 |
| 104 | ov_104 | 1.16414 × 10^311 |
| 103 | ov_103 | 1.36438 × 10^311 |
| 102 | ov_102 | 1.58979 × 10^311 |
| 101 | ov_101 | 1.84251 × 10^311 |
| 100 | ov_100 | 2.12483 × 10^311 |
| 99 | ov_099 | 2.43913 × 10^311 |
| 98 | ov_098 | 2.43913 × 10^311 |
| 97 | ov_097 | 2.43913 × 10^311 |
| 96 | aaa_78_29 | 4.23346 × 10^311 |
| 95 | aaa_78_28 | 1.38940 × 10^312 |
| 94 | ov_094 | 4.95188 × 10^312 |
| 93 | ov_093 | 1.26803 × 10^313 |
| 92 | ov_092 | 2.74763 × 10^313 |
| 91 | ov_091 | 5.31810 × 10^313 |
| 90 | ov_090 | 9.45758 × 10^313 |
| 89 | ov_089 | 1.57381 × 10^314 |
| 88 | ov_088 | 2.48260 × 10^314 |
| 87 | ov_087 | 3.74814 × 10^314 |
| 86 | ov_086 | 5.45585 × 10^314 |
| 85 | ov_085 | 7.70061 × 10^314 |
| 84 | ov_084 | 1.05867 × 10^315 |
| 83 | ov_083 | 1.42279 × 10^315 |
| 82 | ov_082 | 1.87476 × 10^315 |
| 81 | ov_081 | 2.42788 × 10^315 |
| 64 | lv_79_m31 | 2.51899 × 10^315 |
| 80 | ov_080 | 3.09639 × 10^315 |
| 79 | ov_079 | 3.89556 × 10^315 |
| 78 | ov_078 | 4.84162 × 10^315 |
| 77 | ov_077 | 5.95183 × 10^315 |
| 76 | ov_076 | 7.24452 × 10^315 |
| 75 | ov_075 | 8.73907 × 10^315 |
| 74 | ov_074 | 1.04559 × 10^316 |
| 73 | ov_073 | 1.24169 × 10^316 |
| 63 | ov_063 | 1.29116 × 10^316 |
| 72 | ov_072 | 1.46448 × 10^316 |
| 71 | ov_071 | 1.71638 × 10^316 |
| 70 | ov_070 | 1.99994 × 10^316 |
| 69 | ov_069 | 2.31787 × 10^316 |
| 68 | ov_068 | 2.67302 × 10^316 |
| 67 | ov_067 | 3.06840 × 10^316 |
| 66 | ov_066 | 3.06841 × 10^316 |
| 65 | ov_065 | 3.06841 × 10^316 |
| 62 | ov_062 | 6.61682 × 10^316 |
| 61 | ov_061 | 2.40954 × 10^317 |
| 60 | ov_060 | 6.89111 × 10^317 |
| 59 | ov_059 | 1.66135 × 10^318 |
| 58 | ov_058 | 3.52267 × 10^318 |
| 57 | ov_057 | 6.75631 × 10^318 |
| 56 | ov_056 | 1.19637 × 10^319 |
| 55 | ov_055 | 1.98646 × 10^319 |
| 54 | ov_054 | 3.12971 × 10^319 |
| 53 | ov_053 | 4.72175 × 10^319 |
| 52 | ov_052 | 6.87004 × 10^319 |
| 51 | ov_051 | 9.69393 × 10^319 |
| 50 | ov_050 | 1.33246 × 10^320 |
| 49 | ov_049 | 1.79053 × 10^320 |
| 48 | ov_048 | 2.35910 × 10^320 |
| 47 | ov_047 | 3.05491 × 10^320 |
| 32 | lv_80_m31 | 3.16887 × 10^320 |
| 46 | ov_046 | 3.89590 × 10^320 |
| 45 | ov_045 | 4.90125 × 10^320 |
| 44 | ov_044 | 6.09138 × 10^320 |
| 43 | ov_043 | 7.48802 × 10^320 |
| 42 | ov_042 | 9.11422 × 10^320 |
| 41 | ov_041 | 1.09943 × 10^321 |
| 40 | ov_040 | 1.31542 × 10^321 |
| 39 | ov_039 | 1.56210 × 10^321 |
| 31 | ov_031 | 1.62427 × 10^321 |
| 38 | ov_038 | 1.84237 × 10^321 |
| 37 | ov_037 | 2.15926 × 10^321 |
| 36 | ov_036 | 2.51598 × 10^321 |
| 35 | ov_035 | 2.91593 × 10^321 |
| 34 | ov_034 | 3.36270 × 10^321 |
| 33 | ov_033 | 3.86010 × 10^321 |
| 30 | ov_030 | 8.32392 × 10^321 |
| 29 | ov_029 | 3.03119 × 10^322 |
| 28 | ov_028 | 8.66897 × 10^322 |
| 27 | ov_027 | 2.08996 × 10^323 |
| 26 | ov_026 | 4.43149 × 10^323 |
| 25 | ov_025 | 8.49938 × 10^323 |
| 24 | ov_024 | 1.50503 × 10^324 |
| 23 | ov_023 | 2.49896 × 10^324 |
| 22 | ov_022 | 3.93716 × 10^324 |
| 21 | ov_021 | 5.93992 × 10^324 |
| 20 | ov_020 | 8.64246 × 10^324 |
| 19 | ov_019 | 1.21948 × 10^325 |
| 18 | ov_018 | 1.67622 × 10^325 |
| 17 | ov_017 | 2.25247 × 10^325 |
| 16 | ov_016 | 2.96774 × 10^325 |
| 15 | ov_015 | 3.84306 × 10^325 |
| 14 | ov_014 | 4.90102 × 10^325 |
| 13 | ov_013 | 6.16573 × 10^325 |
| 12 | ov_012 | 7.66291 × 10^325 |
| 11 | ov_011 | 9.41988 × 10^325 |
| 10 | ov_010 | 1.14656 × 10^326 |
| 9 | ov_009 | 1.38308 × 10^326 |
| 8 | ov_008 | 1.65479 × 10^326 |
| 7 | ov_007 | 1.96512 × 10^326 |
| 6 | ov_006 | 2.31769 × 10^326 |
| 5 | ov_005 | 2.71633 × 10^326 |
| 4 | ov_004 | 3.16508 × 10^326 |
| 3 | ov_003 | 3.66822 × 10^326 |
| 2 | ov_002 | 4.23026 × 10^326 |
| 1 | ov_001 | 4.85597 × 10^326 |

