# Results for F001-F002-F003-F004-F005-F006-F007-F008-F009-F010-F011-F012-F013-F014-F015-F016-F017-F018-F019-F020-F021-F022-F023-F024-F025-F026-F027-F028-F029-F030-F031-F032-F033-F034-F035-F036-F037-F038-F039-F040-F041-F042-F043-F044-F045-F046-F047-F048-F049-F050-F051-F052-F053-F054-F055-F056-F057-F058-F059-F060-F061-F062-F063-F064-F065-F066-F067-F068-F069-F070-F071-F072-F073-F074-F075-F076-F077-F078-F079-F080-F081-F082-F083-F084-F085-F086-F087-F088-F089-F090-F091-F092-F093-F094-F095-F096-F097-F098-F099-F100-F101-F102-F103-F104-F105-F106-F107-F108-F109-F110-F111-F112-F113-F114-F115-F116-F117-F118-F119-F120-F121-F122-F123-F124-F125-F126-F127-F128-F129-F130-F131-F132-F133-F134-F135-F136-F137-F138-F139-F140-F141-F142-F143-F144-F145-F146-F147-F148-F149-F150-F151-F152-F153-F154-F155-F156-F157-F158-F159-F160-F161-F162-F163-F164-F165-F166-F167-F168-F169-F170-F171-F172-F173-F174-F175-F176-F177-F178-F179-F180-F181-F182-F183-F184-F185-F186-F187-F188-F189-F190-F191-F192-F193-F194-F195-F196-F197-F198-F199-F200-F201-F202-F203-F204-F205-F206-F207-F208-F209-F210-F211-F212-F213-F214-F215-F216-F217-F218-F219-F220-F221-F222-F223-F224-F225-F226-F227-F228-F229-F230-F231-F232-F233-F234-F235-F236-F237-F238-F239-F240-F241-F242-F243-F244-F245-F246-F247-F248-F249-F250-F251-F252-F253-F254-F255-F256-F257-F258-F259-F260-F261-F262-F263-F264-F265-F266-F267-F268-F269-F270-F271-F272-F273-F274-F275-F276-F277-F278-F279-F280-F281-F282-F283-F284-F285-F286-F287-F288-F289-F290-F291-F292-F293-F294-F295-F296-F297-F298-F299-F300-F301-F302-F303-F304-F305-F306-F307-F308-F309-F310-F311-F312-F313-F314-F315-F316-F317-F318-F319-F320-F321-F322-F323-F324-F325-F326-F327-F328-F329-F330-F331-F332-F333-F334-F335-F336-F337-F338-F339-F340-F341-F342-F343-F344-F345-F346-F347-F348-F349-F350-F351-F352-F353-F354-F355-F356-F357-F358-F359-F360-F361-F362-F363-F364-F365-F366-F367-F368-F369-F370-F371-F372-F373-F374-F375-F376-F377-F378-F379-F380-F381-F382-F383-F384-F385-F386-F387-F388-F389-F390-F391-F392-F393-F394-F395-F396-F397-F398-F399-F400-F401-F402-F403-F404-F405-F406-F407-F408-F409-F410-F411-F412-F413-F414-F415-F416-F417-F418-F419-F420-F421-F422-F423-F424-F425-F426-F427-F428-F429-F430-F431-F432-F433-F434-F435-F436-F437-F438-F439-F440-F441-F442-F443-F444-F445-F446-F447-F448-F449-F450-F451-F452-F453-F454-F455-F456-F457-F458-F459-F460-F461-F462-F463-F464-F465-F466-F467-F468-F469-F470-F471-F472-F473-F474-F475-F476-F477-F478-F479-F480-F481-F482-F483-F484-F485-F486-F487-F488-F489-F490-F491-F492-F493-F494-F495-F496-E497502-E499505-F510-F512

## Summary

Number of input bits: 512  
Number of free input bits: 12  
Number of output bits: 160

Number of direct occurrences: 49353  
Number of assignments: 31695  
Number of operations: 11178785
(xor: 11150422,
and: 14844,
or: 13519)

Total complexity: 6.376708927931952 × 10^300

Least occurring input variable: iv_504 (3937)  
Most occurring input variable: iv_511 (4267)

Most co-occurring input variables: iv_500-iv_511 (2081)  
Least co-occurring input variables: iv_499-iv_506 (1830)

Potentially most occurring input variable: iv_497/iv_509 (4547)  
Potentially least occurring input variable: iv_499/iv_504 (4119)

Least output occurring input variable: iv_499 (57)  
Most output occurring input variable: iv_498 (88)

Most output co-occurring input variables: iv_498-iv_509 (52)  
Least output co-occurring input variables: iv_499-iv_503 (23)

Potentially most output occurring input variable: iv_499/iv_501 (90)  
Potentially least output occurring input variable: iv_498/iv_508 (68)

Least complex input bit: iv_511 (7.789857687728311 × 10^296)  
Most complex input bit: iv_499 (1.1490167214109236 × 10^300)

Least complex output bit: aaa_76_29 (1.1272745439213479 × 10^276)  
Most complex output bit: ov_001 (9.969045377496603 × 10^299)

Least complex input/output complexity: iv_511/aaa_76_29 (1.3770909683020527 × 10^272)  
Most complex input/output complexity: iv_499/ov_001 (1.7963184402338312 × 10^299)

## Input Bits

### Input Bits in Regular Order

| Input Bit | Complexity | Occurrences | Output Occurrences |
|:---------:|:----------:|:-----------:|:------------------:|
| iv_497 | 3.041842211556081 × 10^299 | 4220 | 71 |
| iv_498 | 3.6121091711054624 × 10^298 | 3943 | 88 |
| iv_499 | 1.1490167214109236 × 10^300 | 4178 | 57 |
| iv_500 | 1.0701150986381817 × 10^299 | 4130 | 76 |
| iv_501 | 1.7679158618779418 × 10^299 | 4085 | 83 |
| iv_503 | 4.547003239901351 × 10^299 | 4059 | 72 |
| iv_504 | 7.088311988729899 × 10^299 | 3937 | 78 |
| iv_506 | 5.4851158353265246 × 10^299 | 3971 | 82 |
| iv_507 | 7.868811948144237 × 10^299 | 4184 | 76 |
| iv_508 | 1.0443243278161354 × 10^300 | 4152 | 74 |
| iv_509 | 1.0595561828076445 × 10^300 | 4227 | 87 |
| iv_511 | 7.789857687728311 × 10^296 | 4267 | 80 |

### Input Bits Sorted by Complexity

| Input Bit | Complexity | Occurrences | Output Occurrences |
|:---------:|:----------:|:-----------:|:------------------:|
| iv_511 | 7.789857687728311 × 10^296 | 4267 | 80 |
| iv_498 | 3.6121091711054624 × 10^298 | 3943 | 88 |
| iv_500 | 1.0701150986381817 × 10^299 | 4130 | 76 |
| iv_501 | 1.7679158618779418 × 10^299 | 4085 | 83 |
| iv_497 | 3.041842211556081 × 10^299 | 4220 | 71 |
| iv_503 | 4.547003239901351 × 10^299 | 4059 | 72 |
| iv_506 | 5.4851158353265246 × 10^299 | 3971 | 82 |
| iv_504 | 7.088311988729899 × 10^299 | 3937 | 78 |
| iv_507 | 7.868811948144237 × 10^299 | 4184 | 76 |
| iv_508 | 1.0443243278161354 × 10^300 | 4152 | 74 |
| iv_509 | 1.0595561828076445 × 10^300 | 4227 | 87 |
| iv_499 | 1.1490167214109236 × 10^300 | 4178 | 57 |

### Input Bits Sorted by Occurrences

| Input Bit | Complexity | Occurrences | Output Occurrences |
|:---------:|:----------:|:-----------:|:------------------:|
| iv_504 | 7.088311988729899 × 10^299 | 3937 | 78 |
| iv_498 | 3.6121091711054624 × 10^298 | 3943 | 88 |
| iv_506 | 5.4851158353265246 × 10^299 | 3971 | 82 |
| iv_503 | 4.547003239901351 × 10^299 | 4059 | 72 |
| iv_501 | 1.7679158618779418 × 10^299 | 4085 | 83 |
| iv_500 | 1.0701150986381817 × 10^299 | 4130 | 76 |
| iv_508 | 1.0443243278161354 × 10^300 | 4152 | 74 |
| iv_499 | 1.1490167214109236 × 10^300 | 4178 | 57 |
| iv_507 | 7.868811948144237 × 10^299 | 4184 | 76 |
| iv_497 | 3.041842211556081 × 10^299 | 4220 | 71 |
| iv_509 | 1.0595561828076445 × 10^300 | 4227 | 87 |
| iv_511 | 7.789857687728311 × 10^296 | 4267 | 80 |

### Input Bits Sorted by Output Occurrences

| Input Bit | Complexity | Occurrences | Output Occurrences |
|:---------:|:----------:|:-----------:|:------------------:|
| iv_499 | 1.1490167214109236 × 10^300 | 4178 | 57 |
| iv_497 | 3.041842211556081 × 10^299 | 4220 | 71 |
| iv_503 | 4.547003239901351 × 10^299 | 4059 | 72 |
| iv_508 | 1.0443243278161354 × 10^300 | 4152 | 74 |
| iv_500 | 1.0701150986381817 × 10^299 | 4130 | 76 |
| iv_507 | 7.868811948144237 × 10^299 | 4184 | 76 |
| iv_504 | 7.088311988729899 × 10^299 | 3937 | 78 |
| iv_511 | 7.789857687728311 × 10^296 | 4267 | 80 |
| iv_506 | 5.4851158353265246 × 10^299 | 3971 | 82 |
| iv_501 | 1.7679158618779418 × 10^299 | 4085 | 83 |
| iv_509 | 1.0595561828076445 × 10^300 | 4227 | 87 |
| iv_498 | 3.6121091711054624 × 10^298 | 3943 | 88 |

## Input Bit Co-occurrences

### Input Bit Co-occurrences Sorted by Co-occurrences

| Input Bits | Co-occurrences | Potential Occurrences | Output Co-occurrences | Potential Output Occurrences |
|:----------:|:--------------:|:---------------------:|:---------------------:|:----------------------------:|
| iv_500-iv_511 | 2081 | 4235 | 38 | 80 |
| iv_508-iv_509 | 2077 | 4225 | 40 | 81 |
| iv_507-iv_509 | 2065 | 4281 | 44 | 75 |
| iv_497-iv_507 | 2037 | 4330 | 34 | 79 |
| iv_503-iv_511 | 2035 | 4256 | 35 | 82 |
| iv_501-iv_511 | 2034 | 4284 | 39 | 85 |
| iv_501-iv_509 | 2034 | 4244 | 49 | 72 |
| iv_499-iv_509 | 2031 | 4343 | 31 | 82 |
| iv_507-iv_511 | 2016 | 4419 | 39 | 78 |
| iv_497-iv_501 | 2010 | 4285 | 36 | 82 |
| iv_497-iv_500 | 2007 | 4336 | 38 | 71 |
| iv_497-iv_511 | 2002 | 4483 | 36 | 79 |

### Input Bit Co-occurrences Sorted by Potential Occurrences

| Input Bits | Co-occurrences | Potential Occurrences | Output Co-occurrences | Potential Output Occurrences |
|:----------:|:--------------:|:---------------------:|:---------------------:|:----------------------------:|
| iv_499-iv_504 | 1998 | 4119 | 27 | 81 |
| iv_504-iv_506 | 1878 | 4152 | 42 | 76 |
| iv_506-iv_507 | 1996 | 4163 | 39 | 80 |
| iv_498-iv_504 | 1847 | 4186 | 46 | 74 |
| iv_500-iv_503 | 1999 | 4191 | 35 | 78 |
| iv_503-iv_506 | 1913 | 4204 | 39 | 76 |
| iv_498-iv_506 | 1850 | 4214 | 41 | 88 |
| iv_508-iv_509 | 2077 | 4225 | 40 | 81 |
| iv_500-iv_511 | 2081 | 4235 | 38 | 80 |
| iv_500-iv_504 | 1914 | 4239 | 38 | 78 |
| iv_500-iv_506 | 1931 | 4239 | 36 | 86 |
| iv_501-iv_509 | 2034 | 4244 | 49 | 72 |

### Input Bit Output Co-occurrences Sorted by Output Co-occurrences

| Input Bits | Co-occurrences | Potential Occurrences | Output Co-occurrences | Potential Output Occurrences |
|:----------:|:--------------:|:---------------------:|:---------------------:|:----------------------------:|
| iv_498-iv_509 | 1881 | 4408 | 52 | 71 |
| iv_501-iv_509 | 2034 | 4244 | 49 | 72 |
| iv_498-iv_501 | 1873 | 4282 | 48 | 75 |
| iv_498-iv_508 | 1878 | 4339 | 47 | 68 |
| iv_498-iv_504 | 1847 | 4186 | 46 | 74 |
| iv_503-iv_509 | 1921 | 4444 | 44 | 71 |
| iv_501-iv_506 | 1864 | 4328 | 44 | 77 |
| iv_507-iv_509 | 2065 | 4281 | 44 | 75 |
| iv_501-iv_508 | 1941 | 4355 | 43 | 71 |
| iv_498-iv_507 | 1903 | 4321 | 43 | 78 |
| iv_498-iv_511 | 1897 | 4416 | 43 | 82 |
| iv_506-iv_509 | 1964 | 4270 | 43 | 83 |

### Input Bit Output Co-occurrences Sorted by Potential Output Occurrences

| Input Bits | Co-occurrences | Potential Occurrences | Output Co-occurrences | Potential Output Occurrences |
|:----------:|:--------------:|:---------------------:|:---------------------:|:----------------------------:|
| iv_498-iv_508 | 1878 | 4339 | 47 | 68 |
| iv_501-iv_508 | 1941 | 4355 | 43 | 71 |
| iv_503-iv_509 | 1921 | 4444 | 44 | 71 |
| iv_497-iv_500 | 2007 | 4336 | 38 | 71 |
| iv_498-iv_509 | 1881 | 4408 | 52 | 71 |
| iv_501-iv_509 | 2034 | 4244 | 49 | 72 |
| iv_504-iv_508 | 1916 | 4257 | 40 | 72 |
| iv_497-iv_499 | 1939 | 4520 | 28 | 72 |
| iv_497-iv_504 | 1919 | 4319 | 38 | 73 |
| iv_498-iv_499 | 1839 | 4443 | 36 | 73 |
| iv_497-iv_509 | 1950 | 4547 | 42 | 74 |
| iv_498-iv_504 | 1847 | 4186 | 46 | 74 |

## Output Bits

### Output Bits in Regular Order

| Rank | Output Bit | Complexity |
|:----:|:----------:|:----------:|
| 1 | ov_001 | 9.969045377496603 × 10^299 |
| 2 | ov_002 | 8.674745341109597 × 10^299 |
| 3 | ov_003 | 7.512746886572712 × 10^299 |
| 4 | ov_004 | 6.473130051394941 × 10^299 |
| 5 | ov_005 | 5.546518154051751 × 10^299 |
| 6 | ov_006 | 4.7240393492865985 × 10^299 |
| 7 | ov_007 | 3.997293110760485 × 10^299 |
| 8 | ov_008 | 3.3583212473346563 × 10^299 |
| 9 | ov_009 | 2.799583084858022 × 10^299 |
| 10 | ov_010 | 2.3139344134308216 × 10^299 |
| 11 | ov_011 | 1.894609795740594 × 10^299 |
| 12 | ov_012 | 1.5352078553594208 × 10^299 |
| 13 | ov_013 | 1.2296791866950614 × 10^299 |
| 14 | ov_014 | 9.723165507088426 × 10^298 |
| 15 | ov_015 | 7.577470426393487 × 10^298 |
| 16 | ov_016 | 5.809259398770128 × 10^298 |
| 17 | ov_017 | 4.37131959880607 × 10^298 |
| 18 | ov_018 | 3.219636796599 × 10^298 |
| 19 | ov_019 | 2.3133688990570337 × 10^298 |
| 20 | ov_020 | 1.6148267835577846 × 10^298 |
| 21 | ov_021 | 1.0894606727535744 × 10^298 |
| 22 | ov_022 | 7.058506901651709 × 10^297 |
| 23 | ov_023 | 4.3570051201138556 × 10^297 |
| 24 | ov_024 | 2.538332394762521 × 10^297 |
| 25 | ov_025 | 1.3818887229159768 × 10^297 |
| 26 | ov_026 | 6.982292437658484 × 10^296 |
| 27 | ov_027 | 3.2905772253928654 × 10^296 |
| 28 | ov_028 | 1.472239803098261 × 10^296 |
| 29 | ov_029 | 5.672306633600011 × 10^295 |
| 30 | ov_030 | 1.7338769296157524 × 10^295 |
| 31 | ov_031 | 3.3814625727670395 × 10^294 |
| 32 | lv_80_m31 | 6.59339200135393 × 10^293 |
| 33 | ov_033 | 7.941095235798202 × 10^294 |
| 34 | ov_034 | 6.895186507305024 × 10^294 |
| 35 | ov_035 | 5.958244590083344 × 10^294 |
| 36 | ov_036 | 5.121748674624898 × 10^294 |
| 37 | ov_037 | 4.3776429025927113 × 10^294 |
| 38 | ov_038 | 3.7183037024080656 × 10^294 |
| 39 | ov_039 | 3.136511413468212 × 10^294 |
| 40 | ov_040 | 2.6254257920871638 × 10^294 |
| 41 | ov_041 | 2.178565017065777 × 10^294 |
| 42 | ov_042 | 1.7897878363240513 × 10^294 |
| 43 | ov_043 | 1.4561067199001473 × 10^294 |
| 44 | ov_044 | 1.172018898632386 × 10^294 |
| 45 | ov_045 | 9.323242031707891 × 10^293 |
| 46 | ov_046 | 7.321166229958889 × 10^293 |
| 47 | ov_047 | 5.667775317095309 × 10^293 |
| 48 | ov_048 | 4.319703420643081 × 10^293 |
| 49 | ov_049 | 3.236363724573336 × 10^293 |
| 50 | ov_050 | 2.3799172453615554 × 10^293 |
| 51 | ov_051 | 1.71524989224073 × 10^293 |
| 52 | ov_052 | 1.2099561593350946 × 10^293 |
| 53 | ov_053 | 8.343279705416386 × 10^292 |
| 54 | ov_054 | 5.613473702236407 × 10^292 |
| 55 | ov_055 | 3.6668192434641727 × 10^292 |
| 56 | ov_056 | 2.286819067701108 × 10^292 |
| 57 | ov_057 | 1.3719286623041803 × 10^292 |
| 58 | ov_058 | 7.59261952698616 × 10^291 |
| 59 | ov_059 | 3.7407530257134845 × 10^291 |
| 60 | ov_060 | 1.5502235910916568 × 10^291 |
| 61 | ov_061 | 5.415349319211052 × 10^290 |
| 62 | ov_062 | 1.4856660699996057 × 10^290 |
| 63 | ov_063 | 2.896005738792317 × 10^289 |
| 64 | lv_79_m31 | 5.644050044695465 × 10^288 |
| 65 | ov_065 | 6.793451685795087 × 10^289 |
| 66 | ov_066 | 6.793431530113024 × 10^289 |
| 67 | ov_067 | 6.793426597425815 × 10^289 |
| 68 | ov_068 | 5.890945016088956 × 10^289 |
| 69 | ov_069 | 5.083974753993262 × 10^289 |
| 70 | ov_070 | 4.3648798986026715 × 10^289 |
| 71 | ov_071 | 3.7264941795571953 × 10^289 |
| 72 | ov_072 | 3.162089174437277 × 10^289 |
| 73 | ov_073 | 2.665345329632034 × 10^289 |
| 74 | ov_074 | 2.230325646261071 × 10^289 |
| 75 | ov_075 | 1.8514518870268858 × 10^289 |
| 76 | ov_076 | 1.5234831647812724 × 10^289 |
| 77 | ov_077 | 1.2414967775966219 × 10^289 |
| 78 | ov_078 | 1.0008711583593945 × 10^289 |
| 79 | ov_079 | 7.972708094577898 × 10^288 |
| 80 | ov_080 | 6.266330951201974 × 10^288 |
| 81 | ov_081 | 4.8515676546865853 × 10^288 |
| 82 | ov_082 | 3.6929208746759836 × 10^288 |
| 83 | ov_083 | 2.7573245874959612 × 10^288 |
| 84 | ov_084 | 2.0140738085612778 × 10^288 |
| 85 | ov_085 | 1.4347666880305568 × 10^288 |
| 86 | ov_086 | 9.932577412073267 × 10^287 |
| 87 | ov_087 | 6.6562098669298195 × 10^287 |
| 88 | ov_088 | 4.301217662165305 × 10^287 |
| 89 | ov_089 | 2.671960205985327 × 10^287 |
| 90 | ov_090 | 1.594357965896753 × 10^287 |
| 91 | ov_091 | 9.157975946013028 × 10^286 |
| 92 | ov_092 | 5.050749651183835 × 10^286 |
| 93 | ov_093 | 2.5236457104479117 × 10^286 |
| 94 | ov_094 | 1.080957921003762 × 10^286 |
| 95 | aaa_78_28 | 3.3378150866916715 × 10^285 |
| 96 | aaa_78_29 | 1.0250219976823626 × 10^285 |
| 97 | ov_097 | 6.7668859404162556 × 10^284 |
| 98 | ov_098 | 6.766682482921719 × 10^284 |
| 99 | ov_099 | 6.7666174352627995 × 10^284 |
| 100 | ov_100 | 6.088209568073307 × 10^284 |
| 101 | ov_101 | 5.460067348541905 × 10^284 |
| 102 | ov_102 | 4.879406334108511 × 10^284 |
| 103 | ov_103 | 4.3436442929886755 × 10^284 |
| 104 | ov_104 | 3.8503755714502 × 10^284 |
| 105 | ov_105 | 3.3973477547740625 × 10^284 |
| 106 | ov_106 | 2.982440501701105 × 10^284 |
| 107 | ov_107 | 2.60364643671825 × 10^284 |
| 108 | ov_108 | 2.2590539882487137 × 10^284 |
| 109 | ov_109 | 1.9468320637909243 × 10^284 |
| 110 | ov_110 | 1.6652164553990457 × 10^284 |
| 111 | ov_111 | 1.4124978707085289 × 10^284 |
| 112 | ov_112 | 1.1870114860702624 × 10^284 |
| 113 | ov_113 | 9.871279193472035 × 10^283 |
| 114 | ov_114 | 8.112455206211975 × 10^283 |
| 115 | ov_115 | 6.577838795215755 × 10^283 |
| 116 | ov_116 | 5.25178448180594 × 10^283 |
| 117 | ov_117 | 4.1187617899592113 × 10^283 |
| 118 | ov_118 | 3.163320764799804 × 10^283 |
| 119 | ov_119 | 2.3700656253126456 × 10^283 |
| 120 | ov_120 | 1.7236355449348547 × 10^283 |
| 121 | ov_121 | 1.2086915538564263 × 10^283 |
| 122 | ov_122 | 8.0990810613912 × 10^282 |
| 123 | ov_123 | 5.1196752974285016 × 10^282 |
| 124 | ov_124 | 2.9955627988128386 × 10^282 |
| 125 | ov_125 | 1.5736261585867602 × 10^282 |
| 126 | ov_126 | 7.007541485478876 × 10^281 |
| 127 | aaa_77_28 | 2.2383716084555625 × 10^281 |
| 128 | aaa_77_29 | 8.394831370925117 × 10^280 |
| 129 | ov_129 | 7.839544241682297 × 10^280 |
| 130 | ov_130 | 7.839522269226544 × 10^280 |
| 131 | ov_131 | 7.839516951409331 × 10^280 |
| 132 | ov_132 | 6.816108348170251 × 10^280 |
| 133 | ov_133 | 5.894509311228463 × 10^280 |
| 134 | ov_134 | 5.07064631087462 × 10^280 |
| 135 | ov_135 | 4.337024543990463 × 10^280 |
| 136 | ov_136 | 3.6865479547616997 × 10^280 |
| 137 | ov_137 | 3.112492718521707 × 10^280 |
| 138 | ov_138 | 2.608484453545823 × 10^280 |
| 139 | ov_139 | 2.1684787978466213 × 10^280 |
| 140 | ov_140 | 1.7867450071731232 × 10^280 |
| 141 | ov_141 | 1.4578522490755304 × 10^280 |
| 142 | ov_142 | 1.1766582861740852 × 10^280 |
| 143 | ov_143 | 9.383002597604941 × 10^279 |
| 144 | ov_144 | 7.381873026405449 × 10^279 |
| 145 | ov_145 | 5.719947277593369 × 10^279 |
| 146 | ov_146 | 4.3565955668412103 × 10^279 |
| 147 | ov_147 | 3.253771694893812 × 10^279 |
| 148 | ov_148 | 2.3759887501883135 × 10^279 |
| 149 | ov_149 | 1.6903021790478907 × 10^279 |
| 150 | ov_150 | 1.1662985611611622 × 10^279 |
| 151 | ov_151 | 7.76088601869283 × 10^278 |
| 152 | ov_152 | 4.943030265293224 × 10^278 |
| 153 | ov_153 | 2.98090285532228 × 10^278 |
| 154 | ov_154 | 1.6711529019274423 × 10^278 |
| 155 | ov_155 | 8.355870386128397 × 10^277 |
| 156 | aaa_76_25 | 3.2116556097859625 × 10^277 |
| 157 | aaa_76_26 | 1.8556613327558323 × 10^277 |
| 158 | aaa_76_27 | 9.504816076126669 × 10^276 |
| 159 | aaa_76_28 | 3.703667272343756 × 10^276 |
| 160 | aaa_76_29 | 1.1272745439213479 × 10^276 |

### Output Bits Sorted by Complexity

| Rank | Output Bit | Complexity |
|:----:|:----------:|:----------:|
| 160 | aaa_76_29 | 1.1272745439213479 × 10^276 |
| 159 | aaa_76_28 | 3.703667272343756 × 10^276 |
| 158 | aaa_76_27 | 9.504816076126669 × 10^276 |
| 157 | aaa_76_26 | 1.8556613327558323 × 10^277 |
| 156 | aaa_76_25 | 3.2116556097859625 × 10^277 |
| 155 | ov_155 | 8.355870386128397 × 10^277 |
| 154 | ov_154 | 1.6711529019274423 × 10^278 |
| 153 | ov_153 | 2.98090285532228 × 10^278 |
| 152 | ov_152 | 4.943030265293224 × 10^278 |
| 151 | ov_151 | 7.76088601869283 × 10^278 |
| 150 | ov_150 | 1.1662985611611622 × 10^279 |
| 149 | ov_149 | 1.6903021790478907 × 10^279 |
| 148 | ov_148 | 2.3759887501883135 × 10^279 |
| 147 | ov_147 | 3.253771694893812 × 10^279 |
| 146 | ov_146 | 4.3565955668412103 × 10^279 |
| 145 | ov_145 | 5.719947277593369 × 10^279 |
| 144 | ov_144 | 7.381873026405449 × 10^279 |
| 143 | ov_143 | 9.383002597604941 × 10^279 |
| 142 | ov_142 | 1.1766582861740852 × 10^280 |
| 141 | ov_141 | 1.4578522490755304 × 10^280 |
| 140 | ov_140 | 1.7867450071731232 × 10^280 |
| 139 | ov_139 | 2.1684787978466213 × 10^280 |
| 138 | ov_138 | 2.608484453545823 × 10^280 |
| 137 | ov_137 | 3.112492718521707 × 10^280 |
| 136 | ov_136 | 3.6865479547616997 × 10^280 |
| 135 | ov_135 | 4.337024543990463 × 10^280 |
| 134 | ov_134 | 5.07064631087462 × 10^280 |
| 133 | ov_133 | 5.894509311228463 × 10^280 |
| 132 | ov_132 | 6.816108348170251 × 10^280 |
| 131 | ov_131 | 7.839516951409331 × 10^280 |
| 130 | ov_130 | 7.839522269226544 × 10^280 |
| 129 | ov_129 | 7.839544241682297 × 10^280 |
| 128 | aaa_77_29 | 8.394831370925117 × 10^280 |
| 127 | aaa_77_28 | 2.2383716084555625 × 10^281 |
| 126 | ov_126 | 7.007541485478876 × 10^281 |
| 125 | ov_125 | 1.5736261585867602 × 10^282 |
| 124 | ov_124 | 2.9955627988128386 × 10^282 |
| 123 | ov_123 | 5.1196752974285016 × 10^282 |
| 122 | ov_122 | 8.0990810613912 × 10^282 |
| 121 | ov_121 | 1.2086915538564263 × 10^283 |
| 120 | ov_120 | 1.7236355449348547 × 10^283 |
| 119 | ov_119 | 2.3700656253126456 × 10^283 |
| 118 | ov_118 | 3.163320764799804 × 10^283 |
| 117 | ov_117 | 4.1187617899592113 × 10^283 |
| 116 | ov_116 | 5.25178448180594 × 10^283 |
| 115 | ov_115 | 6.577838795215755 × 10^283 |
| 114 | ov_114 | 8.112455206211975 × 10^283 |
| 113 | ov_113 | 9.871279193472035 × 10^283 |
| 112 | ov_112 | 1.1870114860702624 × 10^284 |
| 111 | ov_111 | 1.4124978707085289 × 10^284 |
| 110 | ov_110 | 1.6652164553990457 × 10^284 |
| 109 | ov_109 | 1.9468320637909243 × 10^284 |
| 108 | ov_108 | 2.2590539882487137 × 10^284 |
| 107 | ov_107 | 2.60364643671825 × 10^284 |
| 106 | ov_106 | 2.982440501701105 × 10^284 |
| 105 | ov_105 | 3.3973477547740625 × 10^284 |
| 104 | ov_104 | 3.8503755714502 × 10^284 |
| 103 | ov_103 | 4.3436442929886755 × 10^284 |
| 102 | ov_102 | 4.879406334108511 × 10^284 |
| 101 | ov_101 | 5.460067348541905 × 10^284 |
| 100 | ov_100 | 6.088209568073307 × 10^284 |
| 99 | ov_099 | 6.7666174352627995 × 10^284 |
| 98 | ov_098 | 6.766682482921719 × 10^284 |
| 97 | ov_097 | 6.7668859404162556 × 10^284 |
| 96 | aaa_78_29 | 1.0250219976823626 × 10^285 |
| 95 | aaa_78_28 | 3.3378150866916715 × 10^285 |
| 94 | ov_094 | 1.080957921003762 × 10^286 |
| 93 | ov_093 | 2.5236457104479117 × 10^286 |
| 92 | ov_092 | 5.050749651183835 × 10^286 |
| 91 | ov_091 | 9.157975946013028 × 10^286 |
| 90 | ov_090 | 1.594357965896753 × 10^287 |
| 89 | ov_089 | 2.671960205985327 × 10^287 |
| 88 | ov_088 | 4.301217662165305 × 10^287 |
| 87 | ov_087 | 6.6562098669298195 × 10^287 |
| 86 | ov_086 | 9.932577412073267 × 10^287 |
| 85 | ov_085 | 1.4347666880305568 × 10^288 |
| 84 | ov_084 | 2.0140738085612778 × 10^288 |
| 83 | ov_083 | 2.7573245874959612 × 10^288 |
| 82 | ov_082 | 3.6929208746759836 × 10^288 |
| 81 | ov_081 | 4.8515676546865853 × 10^288 |
| 64 | lv_79_m31 | 5.644050044695465 × 10^288 |
| 80 | ov_080 | 6.266330951201974 × 10^288 |
| 79 | ov_079 | 7.972708094577898 × 10^288 |
| 78 | ov_078 | 1.0008711583593945 × 10^289 |
| 77 | ov_077 | 1.2414967775966219 × 10^289 |
| 76 | ov_076 | 1.5234831647812724 × 10^289 |
| 75 | ov_075 | 1.8514518870268858 × 10^289 |
| 74 | ov_074 | 2.230325646261071 × 10^289 |
| 73 | ov_073 | 2.665345329632034 × 10^289 |
| 63 | ov_063 | 2.896005738792317 × 10^289 |
| 72 | ov_072 | 3.162089174437277 × 10^289 |
| 71 | ov_071 | 3.7264941795571953 × 10^289 |
| 70 | ov_070 | 4.3648798986026715 × 10^289 |
| 69 | ov_069 | 5.083974753993262 × 10^289 |
| 68 | ov_068 | 5.890945016088956 × 10^289 |
| 67 | ov_067 | 6.793426597425815 × 10^289 |
| 66 | ov_066 | 6.793431530113024 × 10^289 |
| 65 | ov_065 | 6.793451685795087 × 10^289 |
| 62 | ov_062 | 1.4856660699996057 × 10^290 |
| 61 | ov_061 | 5.415349319211052 × 10^290 |
| 60 | ov_060 | 1.5502235910916568 × 10^291 |
| 59 | ov_059 | 3.7407530257134845 × 10^291 |
| 58 | ov_058 | 7.59261952698616 × 10^291 |
| 57 | ov_057 | 1.3719286623041803 × 10^292 |
| 56 | ov_056 | 2.286819067701108 × 10^292 |
| 55 | ov_055 | 3.6668192434641727 × 10^292 |
| 54 | ov_054 | 5.613473702236407 × 10^292 |
| 53 | ov_053 | 8.343279705416386 × 10^292 |
| 52 | ov_052 | 1.2099561593350946 × 10^293 |
| 51 | ov_051 | 1.71524989224073 × 10^293 |
| 50 | ov_050 | 2.3799172453615554 × 10^293 |
| 49 | ov_049 | 3.236363724573336 × 10^293 |
| 48 | ov_048 | 4.319703420643081 × 10^293 |
| 47 | ov_047 | 5.667775317095309 × 10^293 |
| 32 | lv_80_m31 | 6.59339200135393 × 10^293 |
| 46 | ov_046 | 7.321166229958889 × 10^293 |
| 45 | ov_045 | 9.323242031707891 × 10^293 |
| 44 | ov_044 | 1.172018898632386 × 10^294 |
| 43 | ov_043 | 1.4561067199001473 × 10^294 |
| 42 | ov_042 | 1.7897878363240513 × 10^294 |
| 41 | ov_041 | 2.178565017065777 × 10^294 |
| 40 | ov_040 | 2.6254257920871638 × 10^294 |
| 39 | ov_039 | 3.136511413468212 × 10^294 |
| 31 | ov_031 | 3.3814625727670395 × 10^294 |
| 38 | ov_038 | 3.7183037024080656 × 10^294 |
| 37 | ov_037 | 4.3776429025927113 × 10^294 |
| 36 | ov_036 | 5.121748674624898 × 10^294 |
| 35 | ov_035 | 5.958244590083344 × 10^294 |
| 34 | ov_034 | 6.895186507305024 × 10^294 |
| 33 | ov_033 | 7.941095235798202 × 10^294 |
| 30 | ov_030 | 1.7338769296157524 × 10^295 |
| 29 | ov_029 | 5.672306633600011 × 10^295 |
| 28 | ov_028 | 1.472239803098261 × 10^296 |
| 27 | ov_027 | 3.2905772253928654 × 10^296 |
| 26 | ov_026 | 6.982292437658484 × 10^296 |
| 25 | ov_025 | 1.3818887229159768 × 10^297 |
| 24 | ov_024 | 2.538332394762521 × 10^297 |
| 23 | ov_023 | 4.3570051201138556 × 10^297 |
| 22 | ov_022 | 7.058506901651709 × 10^297 |
| 21 | ov_021 | 1.0894606727535744 × 10^298 |
| 20 | ov_020 | 1.6148267835577846 × 10^298 |
| 19 | ov_019 | 2.3133688990570337 × 10^298 |
| 18 | ov_018 | 3.219636796599 × 10^298 |
| 17 | ov_017 | 4.37131959880607 × 10^298 |
| 16 | ov_016 | 5.809259398770128 × 10^298 |
| 15 | ov_015 | 7.577470426393487 × 10^298 |
| 14 | ov_014 | 9.723165507088426 × 10^298 |
| 13 | ov_013 | 1.2296791866950614 × 10^299 |
| 12 | ov_012 | 1.5352078553594208 × 10^299 |
| 11 | ov_011 | 1.894609795740594 × 10^299 |
| 10 | ov_010 | 2.3139344134308216 × 10^299 |
| 9 | ov_009 | 2.799583084858022 × 10^299 |
| 8 | ov_008 | 3.3583212473346563 × 10^299 |
| 7 | ov_007 | 3.997293110760485 × 10^299 |
| 6 | ov_006 | 4.7240393492865985 × 10^299 |
| 5 | ov_005 | 5.546518154051751 × 10^299 |
| 4 | ov_004 | 6.473130051394941 × 10^299 |
| 3 | ov_003 | 7.512746886572712 × 10^299 |
| 2 | ov_002 | 8.674745341109597 × 10^299 |
| 1 | ov_001 | 9.969045377496603 × 10^299 |

