# Results for F001-F002-F003-F004-F005-F006-F007-F008-F009-F010-F011-F012-F013-F014-F015-F016-F017-F018-F019-F020-F021-F022-F023-F024-F025-F026-F027-F028-F029-F030-F031-F032-F033-F034-F035-F036-F037-F038-F039-F040-F041-F042-F043-F044-F045-F046-F047-F048-F049-F050-F051-F052-F053-F054-F055-F056-F057-F058-F059-F060-F061-F062-F063-F064-F065-F066-F067-F068-F069-F070-F071-F072-F073-F074-F075-F076-F077-F078-F079-F080-F081-F082-F083-F084-F085-F086-F087-F088-F089-F090-F091-F092-F093-F094-F095-F096-F097-F098-F099-F100-F101-F102-F103-F104-F105-F106-F107-F108-F109-F110-F111-F112-F113-F114-F115-F116-F117-F118-F119-F120-F121-F122-F123-F124-F125-F126-F127-F128-F129-F130-F131-F132-F133-F134-F135-F136-F137-F138-F139-F140-F141-F142-F143-F144-F145-F146-F147-F148-F149-F150-F151-F152-F153-F154-F155-F156-F157-F158-F159-F160-F161-F162-F163-F164-F165-F166-F167-F168-F169-F170-F171-F172-F173-F174-F175-F176-F177-F178-F179-F180-F181-F182-F183-F184-F185-F186-F187-F188-F189-F190-F191-F192-F193-F194-F195-F196-F197-F198-F199-F200-F201-F202-F203-F204-F205-F206-F207-F208-F209-F210-F211-F212-F213-F214-F215-F216-F217-F218-F219-F220-F221-F222-F223-F224-F225-F226-F227-F228-F229-F230-F231-F232-F233-F234-F235-F236-F237-F238-F239-F240-F241-F242-F243-F244-F245-F246-F247-F248-F249-F250-F251-F252-F253-F254-F255-F256-F257-F258-F259-F260-F261-F262-F263-F264-F265-F266-F267-F268-F269-F270-F271-F272-F273-F274-F275-F276-F277-F278-F279-F280-F281-F282-F283-F284-F285-F286-F287-F288-F289-F290-F291-F292-F293-F294-F295-F296-F297-F298-F299-F300-F301-F302-F303-F304-F305-F306-F307-F308-F309-F310-F311-F312-F313-F314-F315-F316-F317-F318-F319-F320-F321-F322-F323-F324-F325-F326-F327-F328-F329-F330-F331-F332-F333-F334-F335-F336-F337-F338-F339-F340-F341-F342-F343-F344-F345-F346-F347-F348-F349-F350-F351-F352-F353-F354-F355-F356-F357-F358-F359-F360-F361-F362-F363-F364-F365-F366-F367-F368-F369-F370-F371-F372-F373-F374-F375-F376-F377-F378-F379-F380-F381-F382-F383-F384-F385-F386-F387-F388-F389-F390-F391-F392-F393-F394-F395-F396-F397-F398-F399-F400-F401-F402-F403-F404-F405-F406-F407-F408-F409-F410-F411-F412-F413-F414-F415-F416-F417-F418-F419-F420-F421-F422-F423-F424-F425-F426-F427-F428-F429-F430-F431-F432-F433-F434-F435-F436-F437-F438-F439-F440-F441-F442-F443-F444-F445-F446-F447-F448-F449-F450-F451-F452-F453-F454-F455-F456-F457-F458-F459-F460-F461-F462-F463-F464-F465-F466-F467-F468-F469-F470-F471-F472-F473-F474-F475-F476-F477-F478-F479-F480-F481-F482-F483-F484-F485-F486-F487-F488-F489-F490-F491-F492-F493-F494-F495-F496-O500505-F510-F511-F512

## Summary

Number of input bits: 512  
Number of free input bits: 12  
Number of output bits: 160

Number of direct occurrences: 48475  
Number of assignments: 31396  
Number of operations: 10999159
(xor: 10970975,
and: 14769,
or: 13415)

Total complexity: 4.4154404361736345 × 10^299

Least occurring input variable: iv_502 (3806)  
Most occurring input variable: iv_500 (4270)

Most co-occurring input variables: iv_508-iv_509 (2067)  
Least co-occurring input variables: iv_499-iv_502 (1719)

Potentially most occurring input variable: iv_500/iv_508 (4539)  
Potentially least occurring input variable: iv_504/iv_506 (4124)

Least output occurring input variable: iv_502 (71)  
Most output occurring input variable: iv_497 (93)

Most output co-occurring input variables: iv_497-iv_506 (51)  
Least output co-occurring input variables: iv_502-iv_508 (30)

Potentially most output occurring input variable: iv_503/iv_509 (98)  
Potentially least output occurring input variable: iv_498/iv_503 (68)

Least complex input bit: iv_497 (1.2625682507965538 × 10^297)  
Most complex input bit: iv_500 (8.249708014184837 × 10^298)

Least complex output bit: aaa_76_29 (8.967097349931489 × 10^274)  
Most complex output bit: ov_001 (7.002931444620703 × 10^298)

Least complex input/output complexity: iv_497/aaa_76_29 (2.564086772199001 × 10^272)  
Most complex input/output complexity: iv_500/ov_001 (1.3084117087884202 × 10^298)

## Input Bits

### Input Bits in Regular Order

| Input Bit | Complexity | Occurrences | Output Occurrences |
|:---------:|:----------:|:-----------:|:------------------:|
| iv_497 | 1.2625682507965538 × 10^297 | 4122 | 93 |
| iv_498 | 2.515008869525305 × 10^297 | 3918 | 88 |
| iv_499 | 4.423128028493147 × 10^297 | 3878 | 72 |
| iv_500 | 8.249708014184837 × 10^298 | 4270 | 82 |
| iv_501 | 1.224468863269466 × 10^298 | 4058 | 83 |
| iv_502 | 1.9786608979575384 × 10^298 | 3806 | 71 |
| iv_503 | 3.143999792815853 × 10^298 | 4046 | 82 |
| iv_504 | 4.901068651056443 × 10^298 | 3910 | 71 |
| iv_506 | 3.797296630810292 × 10^298 | 3946 | 81 |
| iv_507 | 5.452013338926096 × 10^298 | 4163 | 76 |
| iv_508 | 7.240203635014579 × 10^298 | 4167 | 73 |
| iv_509 | 7.346914022819789 × 10^298 | 4191 | 78 |

### Input Bits Sorted by Complexity

| Input Bit | Complexity | Occurrences | Output Occurrences |
|:---------:|:----------:|:-----------:|:------------------:|
| iv_497 | 1.2625682507965538 × 10^297 | 4122 | 93 |
| iv_498 | 2.515008869525305 × 10^297 | 3918 | 88 |
| iv_499 | 4.423128028493147 × 10^297 | 3878 | 72 |
| iv_501 | 1.224468863269466 × 10^298 | 4058 | 83 |
| iv_502 | 1.9786608979575384 × 10^298 | 3806 | 71 |
| iv_503 | 3.143999792815853 × 10^298 | 4046 | 82 |
| iv_506 | 3.797296630810292 × 10^298 | 3946 | 81 |
| iv_504 | 4.901068651056443 × 10^298 | 3910 | 71 |
| iv_507 | 5.452013338926096 × 10^298 | 4163 | 76 |
| iv_508 | 7.240203635014579 × 10^298 | 4167 | 73 |
| iv_509 | 7.346914022819789 × 10^298 | 4191 | 78 |
| iv_500 | 8.249708014184837 × 10^298 | 4270 | 82 |

### Input Bits Sorted by Occurrences

| Input Bit | Complexity | Occurrences | Output Occurrences |
|:---------:|:----------:|:-----------:|:------------------:|
| iv_502 | 1.9786608979575384 × 10^298 | 3806 | 71 |
| iv_499 | 4.423128028493147 × 10^297 | 3878 | 72 |
| iv_504 | 4.901068651056443 × 10^298 | 3910 | 71 |
| iv_498 | 2.515008869525305 × 10^297 | 3918 | 88 |
| iv_506 | 3.797296630810292 × 10^298 | 3946 | 81 |
| iv_503 | 3.143999792815853 × 10^298 | 4046 | 82 |
| iv_501 | 1.224468863269466 × 10^298 | 4058 | 83 |
| iv_497 | 1.2625682507965538 × 10^297 | 4122 | 93 |
| iv_507 | 5.452013338926096 × 10^298 | 4163 | 76 |
| iv_508 | 7.240203635014579 × 10^298 | 4167 | 73 |
| iv_509 | 7.346914022819789 × 10^298 | 4191 | 78 |
| iv_500 | 8.249708014184837 × 10^298 | 4270 | 82 |

### Input Bits Sorted by Output Occurrences

| Input Bit | Complexity | Occurrences | Output Occurrences |
|:---------:|:----------:|:-----------:|:------------------:|
| iv_502 | 1.9786608979575384 × 10^298 | 3806 | 71 |
| iv_504 | 4.901068651056443 × 10^298 | 3910 | 71 |
| iv_499 | 4.423128028493147 × 10^297 | 3878 | 72 |
| iv_508 | 7.240203635014579 × 10^298 | 4167 | 73 |
| iv_507 | 5.452013338926096 × 10^298 | 4163 | 76 |
| iv_509 | 7.346914022819789 × 10^298 | 4191 | 78 |
| iv_506 | 3.797296630810292 × 10^298 | 3946 | 81 |
| iv_503 | 3.143999792815853 × 10^298 | 4046 | 82 |
| iv_500 | 8.249708014184837 × 10^298 | 4270 | 82 |
| iv_501 | 1.224468863269466 × 10^298 | 4058 | 83 |
| iv_498 | 2.515008869525305 × 10^297 | 3918 | 88 |
| iv_497 | 1.2625682507965538 × 10^297 | 4122 | 93 |

## Input Bit Co-occurrences

### Input Bit Co-occurrences Sorted by Co-occurrences

| Input Bits | Co-occurrences | Potential Occurrences | Output Co-occurrences | Potential Output Occurrences |
|:----------:|:--------------:|:---------------------:|:---------------------:|:----------------------------:|
| iv_508-iv_509 | 2067 | 4224 | 35 | 81 |
| iv_497-iv_507 | 2034 | 4217 | 44 | 81 |
| iv_507-iv_509 | 2030 | 4294 | 38 | 78 |
| iv_500-iv_507 | 2028 | 4377 | 34 | 90 |
| iv_497-iv_500 | 2025 | 4342 | 45 | 85 |
| iv_500-iv_501 | 2009 | 4310 | 42 | 81 |
| iv_501-iv_509 | 1997 | 4255 | 38 | 85 |
| iv_497-iv_509 | 1995 | 4323 | 42 | 87 |
| iv_497-iv_501 | 1993 | 4194 | 48 | 80 |
| iv_500-iv_509 | 1988 | 4485 | 37 | 86 |
| iv_506-iv_507 | 1979 | 4151 | 39 | 79 |
| iv_500-iv_506 | 1969 | 4278 | 42 | 79 |

### Input Bit Co-occurrences Sorted by Potential Occurrences

| Input Bits | Co-occurrences | Potential Occurrences | Output Co-occurrences | Potential Output Occurrences |
|:----------:|:--------------:|:---------------------:|:---------------------:|:----------------------------:|
| iv_504-iv_506 | 1866 | 4124 | 38 | 76 |
| iv_499-iv_504 | 1828 | 4132 | 30 | 83 |
| iv_506-iv_507 | 1979 | 4151 | 39 | 79 |
| iv_501-iv_503 | 1963 | 4178 | 48 | 69 |
| iv_498-iv_499 | 1808 | 4180 | 44 | 72 |
| iv_497-iv_504 | 1925 | 4182 | 44 | 76 |
| iv_498-iv_504 | 1822 | 4184 | 40 | 79 |
| iv_498-iv_506 | 1839 | 4186 | 41 | 87 |
| iv_497-iv_501 | 1993 | 4194 | 48 | 80 |
| iv_499-iv_501 | 1870 | 4196 | 33 | 89 |
| iv_502-iv_504 | 1759 | 4198 | 33 | 76 |
| iv_499-iv_508 | 1923 | 4199 | 36 | 73 |

### Input Bit Output Co-occurrences Sorted by Output Co-occurrences

| Input Bits | Co-occurrences | Potential Occurrences | Output Co-occurrences | Potential Output Occurrences |
|:----------:|:--------------:|:---------------------:|:---------------------:|:----------------------------:|
| iv_498-iv_503 | 1860 | 4244 | 51 | 68 |
| iv_497-iv_506 | 1932 | 4204 | 51 | 72 |
| iv_497-iv_498 | 1883 | 4274 | 50 | 81 |
| iv_498-iv_501 | 1859 | 4258 | 48 | 75 |
| iv_501-iv_503 | 1963 | 4178 | 48 | 69 |
| iv_497-iv_501 | 1993 | 4194 | 48 | 80 |
| iv_497-iv_500 | 2025 | 4342 | 45 | 85 |
| iv_498-iv_500 | 1935 | 4318 | 45 | 80 |
| iv_498-iv_509 | 1864 | 4381 | 44 | 78 |
| iv_497-iv_503 | 1968 | 4232 | 44 | 87 |
| iv_497-iv_504 | 1925 | 4182 | 44 | 76 |
| iv_497-iv_507 | 2034 | 4217 | 44 | 81 |

### Input Bit Output Co-occurrences Sorted by Potential Output Occurrences

| Input Bits | Co-occurrences | Potential Occurrences | Output Co-occurrences | Potential Output Occurrences |
|:----------:|:--------------:|:---------------------:|:---------------------:|:----------------------------:|
| iv_498-iv_503 | 1860 | 4244 | 51 | 68 |
| iv_501-iv_503 | 1963 | 4178 | 48 | 69 |
| iv_504-iv_508 | 1922 | 4233 | 36 | 72 |
| iv_497-iv_506 | 1932 | 4204 | 51 | 72 |
| iv_499-iv_500 | 1944 | 4260 | 41 | 72 |
| iv_499-iv_507 | 1903 | 4235 | 38 | 72 |
| iv_498-iv_499 | 1808 | 4180 | 44 | 72 |
| iv_499-iv_508 | 1923 | 4199 | 36 | 73 |
| iv_507-iv_508 | 1960 | 4410 | 38 | 73 |
| iv_503-iv_507 | 1929 | 4351 | 42 | 74 |
| iv_498-iv_501 | 1859 | 4258 | 48 | 75 |
| iv_502-iv_507 | 1870 | 4229 | 36 | 75 |

## Output Bits

### Output Bits in Regular Order

| Rank | Output Bit | Complexity |
|:----:|:----------:|:----------:|
| 1 | ov_001 | 7.002931444620703 × 10^298 |
| 2 | ov_002 | 6.081276351018438 × 10^298 |
| 3 | ov_003 | 5.254881322193366 × 10^298 |
| 4 | ov_004 | 4.516565214949815 × 10^298 |
| 5 | ov_005 | 3.8595383069270174 × 10^298 |
| 6 | ov_006 | 3.277374567997145 × 10^298 |
| 7 | ov_007 | 2.7639875335643717 × 10^298 |
| 8 | ov_008 | 2.3136094889770437 × 10^298 |
| 9 | ov_009 | 1.9207736929964234 × 10^298 |
| 10 | ov_010 | 1.5802993445424155 × 10^298 |
| 11 | ov_011 | 1.287278993587013 × 10^298 |
| 12 | ov_012 | 1.0370681141948987 × 10^298 |
| 13 | ov_013 | 8.252765745048169 × 10^297 |
| 14 | ov_014 | 6.477617549808907 × 10^297 |
| 15 | ov_015 | 5.006230826028214 × 10^297 |
| 16 | ov_016 | 3.8019776485917236 × 10^297 |
| 17 | ov_017 | 2.8305752349917177 × 10^297 |
| 18 | ov_018 | 2.060061440167496 × 10^297 |
| 19 | ov_019 | 1.4607767280859195 × 10^297 |
| 20 | ov_020 | 1.0053510988215254 × 10^297 |
| 21 | ov_021 | 6.686946742769457 × 10^296 |
| 22 | ov_022 | 4.279909905243345 × 10^296 |
| 23 | ov_023 | 2.6269235972378087 × 10^296 |
| 24 | ov_024 | 1.5451681919835373 × 10^296 |
| 25 | ov_025 | 8.744626465967955 × 10^295 |
| 26 | ov_026 | 4.772542767847123 × 10^295 |
| 27 | ov_027 | 2.386139462232467 × 10^295 |
| 28 | ov_028 | 1.0673262050505412 × 10^295 |
| 29 | ov_029 | 4.111184909019013 × 10^294 |
| 30 | ov_030 | 1.256363850940889 × 10^294 |
| 31 | ov_031 | 2.4494832452364847 × 10^293 |
| 32 | lv_80_m31 | 4.774724406982271 × 10^292 |
| 33 | ov_033 | 5.7242510065405205 × 10^293 |
| 34 | ov_034 | 4.963307429280547 × 10^293 |
| 35 | ov_035 | 4.282305474707399 × 10^293 |
| 36 | ov_036 | 3.674973876576906 × 10^293 |
| 37 | ov_037 | 3.135380394281339 × 10^293 |
| 38 | ov_038 | 2.657907953545398 × 10^293 |
| 39 | ov_039 | 2.2372340021848533 × 10^293 |
| 40 | ov_040 | 1.868312769471128 × 10^293 |
| 41 | ov_041 | 1.5463601366461678 × 10^293 |
| 42 | ov_042 | 1.266840844146083 × 10^293 |
| 43 | ov_043 | 1.027548015632661 × 10^293 |
| 44 | ov_044 | 8.244138083399819 × 10^292 |
| 45 | ov_045 | 6.535923889285902 × 10^292 |
| 46 | ov_046 | 5.114540752514541 × 10^292 |
| 47 | ov_047 | 3.945806861067681 × 10^292 |
| 48 | ov_048 | 2.997619179549877 × 10^292 |
| 49 | ov_049 | 2.239925815524256 × 10^292 |
| 50 | ov_050 | 1.644705451702855 × 10^292 |
| 51 | ov_051 | 1.1859524458316461 × 10^292 |
| 52 | ov_052 | 8.396663337431667 × 10^291 |
| 53 | ov_053 | 5.838446035832777 × 10^291 |
| 54 | ov_054 | 3.984777871124026 × 10^291 |
| 55 | ov_055 | 2.6554617544441476 × 10^291 |
| 56 | ov_056 | 1.690177032381199 × 10^291 |
| 57 | ov_057 | 1.0137304573193806 × 10^291 |
| 58 | ov_058 | 5.608582230318691 × 10^290 |
| 59 | ov_059 | 2.762234595246028 × 10^290 |
| 60 | ov_060 | 1.144150705578679 × 10^290 |
| 61 | ov_061 | 3.9947305055361934 × 10^289 |
| 62 | ov_062 | 1.0953315610488456 × 10^289 |
| 63 | ov_063 | 2.1338497892344363 × 10^288 |
| 64 | lv_79_m31 | 4.156133242498764 × 10^287 |
| 65 | ov_065 | 4.958239119750088 × 10^288 |
| 66 | ov_066 | 4.958223687221218 × 10^288 |
| 67 | ov_067 | 4.9582199101875836 × 10^288 |
| 68 | ov_068 | 4.2872031391515883 × 10^288 |
| 69 | ov_069 | 3.688452475214891 × 10^288 |
| 70 | ov_070 | 3.15612199503807 × 10^288 |
| 71 | ov_071 | 2.6847255042407333 × 10^288 |
| 72 | ov_072 | 2.2691121794909352 × 10^288 |
| 73 | ov_073 | 1.9044443632005553 × 10^288 |
| 74 | ov_074 | 1.5861773970301217 × 10^288 |
| 75 | ov_075 | 1.3100413847973091 × 10^288 |
| 76 | ov_076 | 1.0720247789819489 × 10^288 |
| 77 | ov_077 | 8.683596879274213 × 10^287 |
| 78 | ov_078 | 6.955088031557748 × 10^287 |
| 79 | ov_079 | 5.5015384802943496 × 10^287 |
| 80 | ov_080 | 4.291854503844641 × 10^287 |
| 81 | ov_081 | 3.2969434280369206 × 10^287 |
| 82 | ov_082 | 2.4896379496085764 × 10^287 |
| 83 | ov_083 | 1.844631830109374 × 10^287 |
| 84 | ov_084 | 1.3384260138182069 × 10^287 |
| 85 | ov_085 | 9.492842258401736 × 10^286 |
| 86 | ov_086 | 6.571971083226192 × 10^286 |
| 87 | ov_087 | 4.43853953893841 × 10^286 |
| 88 | ov_088 | 2.9262109615681593 × 10^286 |
| 89 | ov_089 | 1.8852601749499307 × 10^286 |
| 90 | ov_090 | 1.1824623467283496 × 10^286 |
| 91 | ov_091 | 7.010202282196231 × 10^285 |
| 92 | ov_092 | 3.866351014185611 × 10^285 |
| 93 | ov_093 | 1.9319232802787228 × 10^285 |
| 94 | ov_094 | 8.27536087718872 × 10^284 |
| 95 | aaa_78_28 | 2.5553818879947574 × 10^284 |
| 96 | aaa_78_29 | 7.847843459881353 × 10^283 |
| 97 | ov_097 | 5.183132720148046 × 10^283 |
| 98 | ov_098 | 5.182976447200768 × 10^283 |
| 99 | ov_099 | 5.182926446707818 × 10^283 |
| 100 | ov_100 | 4.663979688865706 × 10^283 |
| 101 | ov_101 | 4.1833596950022723 × 10^283 |
| 102 | ov_102 | 3.738956178568394 × 10^283 |
| 103 | ov_103 | 3.328813383813812 × 10^283 |
| 104 | ov_104 | 2.9511100198648167 × 10^283 |
| 105 | ov_105 | 2.6041410207311224 × 10^283 |
| 106 | ov_106 | 2.2863010370602563 × 10^283 |
| 107 | ov_107 | 1.9960695688324072 × 10^283 |
| 108 | ov_108 | 1.731997650895197 × 10^283 |
| 109 | ov_109 | 1.4926960053699794 × 10^283 |
| 110 | ov_110 | 1.276824576601708 × 10^283 |
| 111 | ov_111 | 1.083083365552592 × 10^283 |
| 112 | ov_112 | 9.102044814291826 × 10^282 |
| 113 | ov_113 | 7.569453289508603 × 10^282 |
| 114 | ov_114 | 6.220828500767463 × 10^282 |
| 115 | ov_115 | 5.044087392637485 × 10^282 |
| 116 | ov_116 | 4.027255514803679 × 10^282 |
| 117 | ov_117 | 3.158436222898867 × 10^282 |
| 118 | ov_118 | 2.4257871937111554 × 10^282 |
| 119 | ov_119 | 1.8175034488037275 × 10^282 |
| 120 | ov_120 | 1.3218055190360476 × 10^282 |
| 121 | ov_121 | 9.26930921521826 × 10^281 |
| 122 | ov_122 | 6.21127883781409 × 10^281 |
| 123 | ov_123 | 3.926509123412291 × 10^281 |
| 124 | ov_124 | 2.2975780304443987 × 10^281 |
| 125 | ov_125 | 1.2070778858299167 × 10^281 |
| 126 | ov_126 | 5.376059337383243 × 10^280 |
| 127 | aaa_77_28 | 1.717607068802707 × 10^280 |
| 128 | aaa_77_29 | 6.444690087436721 × 10^279 |
| 129 | ov_129 | 5.949356551683848 × 10^279 |
| 130 | ov_130 | 5.949339088289626 × 10^279 |
| 131 | ov_131 | 5.949334866417658 × 10^279 |
| 132 | ov_132 | 5.1634345917845565 × 10^279 |
| 133 | ov_133 | 4.458090246832364 × 10^279 |
| 134 | ov_134 | 3.827027805526188 × 10^279 |
| 135 | ov_135 | 3.264308191890237 × 10^279 |
| 136 | ov_136 | 2.764303262339547 × 10^279 |
| 137 | ov_137 | 2.3242738958981687 × 10^279 |
| 138 | ov_138 | 1.9391548575064425 × 10^279 |
| 139 | ov_139 | 1.604138651184669 × 10^279 |
| 140 | ov_140 | 1.3146630603633417 × 10^279 |
| 141 | ov_141 | 1.066400855796643 × 10^279 |
| 142 | ov_142 | 8.552514131489745 × 10^278 |
| 143 | ov_143 | 6.773339973532533 × 10^278 |
| 144 | ov_144 | 5.2898248571517975 × 10^278 |
| 145 | ov_145 | 4.06741316524441 × 10^278 |
| 146 | ov_146 | 3.0736246466397022 × 10^278 |
| 147 | ov_147 | 2.2780326040302376 × 10^278 |
| 148 | ov_148 | 1.6522488223148122 × 10^278 |
| 149 | ov_149 | 1.1699136924850543 × 10^278 |
| 150 | ov_150 | 8.066901326288198 × 10^277 |
| 151 | ov_151 | 5.402600539826395 × 10^277 |
| 152 | ov_152 | 3.5032231709500095 × 10^277 |
| 153 | ov_153 | 2.185914544582735 × 10^277 |
| 154 | ov_154 | 1.2879681406062634 × 10^277 |
| 155 | ov_155 | 6.668199754880864 × 10^276 |
| 156 | aaa_76_25 | 2.5622324330836353 × 10^276 |
| 157 | aaa_76_26 | 1.4795919099622396 × 10^276 |
| 158 | aaa_76_27 | 7.573642553963215 × 10^275 |
| 159 | aaa_76_28 | 2.9486849800861822 × 10^275 |
| 160 | aaa_76_29 | 8.967097349931489 × 10^274 |

### Output Bits Sorted by Complexity

| Rank | Output Bit | Complexity |
|:----:|:----------:|:----------:|
| 160 | aaa_76_29 | 8.967097349931489 × 10^274 |
| 159 | aaa_76_28 | 2.9486849800861822 × 10^275 |
| 158 | aaa_76_27 | 7.573642553963215 × 10^275 |
| 157 | aaa_76_26 | 1.4795919099622396 × 10^276 |
| 156 | aaa_76_25 | 2.5622324330836353 × 10^276 |
| 155 | ov_155 | 6.668199754880864 × 10^276 |
| 154 | ov_154 | 1.2879681406062634 × 10^277 |
| 153 | ov_153 | 2.185914544582735 × 10^277 |
| 152 | ov_152 | 3.5032231709500095 × 10^277 |
| 151 | ov_151 | 5.402600539826395 × 10^277 |
| 150 | ov_150 | 8.066901326288198 × 10^277 |
| 149 | ov_149 | 1.1699136924850543 × 10^278 |
| 148 | ov_148 | 1.6522488223148122 × 10^278 |
| 147 | ov_147 | 2.2780326040302376 × 10^278 |
| 146 | ov_146 | 3.0736246466397022 × 10^278 |
| 145 | ov_145 | 4.06741316524441 × 10^278 |
| 144 | ov_144 | 5.2898248571517975 × 10^278 |
| 143 | ov_143 | 6.773339973532533 × 10^278 |
| 142 | ov_142 | 8.552514131489745 × 10^278 |
| 141 | ov_141 | 1.066400855796643 × 10^279 |
| 140 | ov_140 | 1.3146630603633417 × 10^279 |
| 139 | ov_139 | 1.604138651184669 × 10^279 |
| 138 | ov_138 | 1.9391548575064425 × 10^279 |
| 137 | ov_137 | 2.3242738958981687 × 10^279 |
| 136 | ov_136 | 2.764303262339547 × 10^279 |
| 135 | ov_135 | 3.264308191890237 × 10^279 |
| 134 | ov_134 | 3.827027805526188 × 10^279 |
| 133 | ov_133 | 4.458090246832364 × 10^279 |
| 132 | ov_132 | 5.1634345917845565 × 10^279 |
| 131 | ov_131 | 5.949334866417658 × 10^279 |
| 130 | ov_130 | 5.949339088289626 × 10^279 |
| 129 | ov_129 | 5.949356551683848 × 10^279 |
| 128 | aaa_77_29 | 6.444690087436721 × 10^279 |
| 127 | aaa_77_28 | 1.717607068802707 × 10^280 |
| 126 | ov_126 | 5.376059337383243 × 10^280 |
| 125 | ov_125 | 1.2070778858299167 × 10^281 |
| 124 | ov_124 | 2.2975780304443987 × 10^281 |
| 123 | ov_123 | 3.926509123412291 × 10^281 |
| 122 | ov_122 | 6.21127883781409 × 10^281 |
| 121 | ov_121 | 9.26930921521826 × 10^281 |
| 120 | ov_120 | 1.3218055190360476 × 10^282 |
| 119 | ov_119 | 1.8175034488037275 × 10^282 |
| 118 | ov_118 | 2.4257871937111554 × 10^282 |
| 117 | ov_117 | 3.158436222898867 × 10^282 |
| 116 | ov_116 | 4.027255514803679 × 10^282 |
| 115 | ov_115 | 5.044087392637485 × 10^282 |
| 114 | ov_114 | 6.220828500767463 × 10^282 |
| 113 | ov_113 | 7.569453289508603 × 10^282 |
| 112 | ov_112 | 9.102044814291826 × 10^282 |
| 111 | ov_111 | 1.083083365552592 × 10^283 |
| 110 | ov_110 | 1.276824576601708 × 10^283 |
| 109 | ov_109 | 1.4926960053699794 × 10^283 |
| 108 | ov_108 | 1.731997650895197 × 10^283 |
| 107 | ov_107 | 1.9960695688324072 × 10^283 |
| 106 | ov_106 | 2.2863010370602563 × 10^283 |
| 105 | ov_105 | 2.6041410207311224 × 10^283 |
| 104 | ov_104 | 2.9511100198648167 × 10^283 |
| 103 | ov_103 | 3.328813383813812 × 10^283 |
| 102 | ov_102 | 3.738956178568394 × 10^283 |
| 101 | ov_101 | 4.1833596950022723 × 10^283 |
| 100 | ov_100 | 4.663979688865706 × 10^283 |
| 99 | ov_099 | 5.182926446707818 × 10^283 |
| 98 | ov_098 | 5.182976447200768 × 10^283 |
| 97 | ov_097 | 5.183132720148046 × 10^283 |
| 96 | aaa_78_29 | 7.847843459881353 × 10^283 |
| 95 | aaa_78_28 | 2.5553818879947574 × 10^284 |
| 94 | ov_094 | 8.27536087718872 × 10^284 |
| 93 | ov_093 | 1.9319232802787228 × 10^285 |
| 92 | ov_092 | 3.866351014185611 × 10^285 |
| 91 | ov_091 | 7.010202282196231 × 10^285 |
| 90 | ov_090 | 1.1824623467283496 × 10^286 |
| 89 | ov_089 | 1.8852601749499307 × 10^286 |
| 88 | ov_088 | 2.9262109615681593 × 10^286 |
| 87 | ov_087 | 4.43853953893841 × 10^286 |
| 86 | ov_086 | 6.571971083226192 × 10^286 |
| 85 | ov_085 | 9.492842258401736 × 10^286 |
| 84 | ov_084 | 1.3384260138182069 × 10^287 |
| 83 | ov_083 | 1.844631830109374 × 10^287 |
| 82 | ov_082 | 2.4896379496085764 × 10^287 |
| 81 | ov_081 | 3.2969434280369206 × 10^287 |
| 64 | lv_79_m31 | 4.156133242498764 × 10^287 |
| 80 | ov_080 | 4.291854503844641 × 10^287 |
| 79 | ov_079 | 5.5015384802943496 × 10^287 |
| 78 | ov_078 | 6.955088031557748 × 10^287 |
| 77 | ov_077 | 8.683596879274213 × 10^287 |
| 76 | ov_076 | 1.0720247789819489 × 10^288 |
| 75 | ov_075 | 1.3100413847973091 × 10^288 |
| 74 | ov_074 | 1.5861773970301217 × 10^288 |
| 73 | ov_073 | 1.9044443632005553 × 10^288 |
| 63 | ov_063 | 2.1338497892344363 × 10^288 |
| 72 | ov_072 | 2.2691121794909352 × 10^288 |
| 71 | ov_071 | 2.6847255042407333 × 10^288 |
| 70 | ov_070 | 3.15612199503807 × 10^288 |
| 69 | ov_069 | 3.688452475214891 × 10^288 |
| 68 | ov_068 | 4.2872031391515883 × 10^288 |
| 67 | ov_067 | 4.9582199101875836 × 10^288 |
| 66 | ov_066 | 4.958223687221218 × 10^288 |
| 65 | ov_065 | 4.958239119750088 × 10^288 |
| 62 | ov_062 | 1.0953315610488456 × 10^289 |
| 61 | ov_061 | 3.9947305055361934 × 10^289 |
| 60 | ov_060 | 1.144150705578679 × 10^290 |
| 59 | ov_059 | 2.762234595246028 × 10^290 |
| 58 | ov_058 | 5.608582230318691 × 10^290 |
| 57 | ov_057 | 1.0137304573193806 × 10^291 |
| 56 | ov_056 | 1.690177032381199 × 10^291 |
| 55 | ov_055 | 2.6554617544441476 × 10^291 |
| 54 | ov_054 | 3.984777871124026 × 10^291 |
| 53 | ov_053 | 5.838446035832777 × 10^291 |
| 52 | ov_052 | 8.396663337431667 × 10^291 |
| 51 | ov_051 | 1.1859524458316461 × 10^292 |
| 50 | ov_050 | 1.644705451702855 × 10^292 |
| 49 | ov_049 | 2.239925815524256 × 10^292 |
| 48 | ov_048 | 2.997619179549877 × 10^292 |
| 47 | ov_047 | 3.945806861067681 × 10^292 |
| 32 | lv_80_m31 | 4.774724406982271 × 10^292 |
| 46 | ov_046 | 5.114540752514541 × 10^292 |
| 45 | ov_045 | 6.535923889285902 × 10^292 |
| 44 | ov_044 | 8.244138083399819 × 10^292 |
| 43 | ov_043 | 1.027548015632661 × 10^293 |
| 42 | ov_042 | 1.266840844146083 × 10^293 |
| 41 | ov_041 | 1.5463601366461678 × 10^293 |
| 40 | ov_040 | 1.868312769471128 × 10^293 |
| 39 | ov_039 | 2.2372340021848533 × 10^293 |
| 31 | ov_031 | 2.4494832452364847 × 10^293 |
| 38 | ov_038 | 2.657907953545398 × 10^293 |
| 37 | ov_037 | 3.135380394281339 × 10^293 |
| 36 | ov_036 | 3.674973876576906 × 10^293 |
| 35 | ov_035 | 4.282305474707399 × 10^293 |
| 34 | ov_034 | 4.963307429280547 × 10^293 |
| 33 | ov_033 | 5.7242510065405205 × 10^293 |
| 30 | ov_030 | 1.256363850940889 × 10^294 |
| 29 | ov_029 | 4.111184909019013 × 10^294 |
| 28 | ov_028 | 1.0673262050505412 × 10^295 |
| 27 | ov_027 | 2.386139462232467 × 10^295 |
| 26 | ov_026 | 4.772542767847123 × 10^295 |
| 25 | ov_025 | 8.744626465967955 × 10^295 |
| 24 | ov_024 | 1.5451681919835373 × 10^296 |
| 23 | ov_023 | 2.6269235972378087 × 10^296 |
| 22 | ov_022 | 4.279909905243345 × 10^296 |
| 21 | ov_021 | 6.686946742769457 × 10^296 |
| 20 | ov_020 | 1.0053510988215254 × 10^297 |
| 19 | ov_019 | 1.4607767280859195 × 10^297 |
| 18 | ov_018 | 2.060061440167496 × 10^297 |
| 17 | ov_017 | 2.8305752349917177 × 10^297 |
| 16 | ov_016 | 3.8019776485917236 × 10^297 |
| 15 | ov_015 | 5.006230826028214 × 10^297 |
| 14 | ov_014 | 6.477617549808907 × 10^297 |
| 13 | ov_013 | 8.252765745048169 × 10^297 |
| 12 | ov_012 | 1.0370681141948987 × 10^298 |
| 11 | ov_011 | 1.287278993587013 × 10^298 |
| 10 | ov_010 | 1.5802993445424155 × 10^298 |
| 9 | ov_009 | 1.9207736929964234 × 10^298 |
| 8 | ov_008 | 2.3136094889770437 × 10^298 |
| 7 | ov_007 | 2.7639875335643717 × 10^298 |
| 6 | ov_006 | 3.277374567997145 × 10^298 |
| 5 | ov_005 | 3.8595383069270174 × 10^298 |
| 4 | ov_004 | 4.516565214949815 × 10^298 |
| 3 | ov_003 | 5.254881322193366 × 10^298 |
| 2 | ov_002 | 6.081276351018438 × 10^298 |
| 1 | ov_001 | 7.002931444620703 × 10^298 |

