# Results for F001-F002-F003-F004-F005-F006-F007-F008-F009-F010-F011-F012-F013-F014-F015-F016-F017-F018-F019-F020-F021-F022-F023-F024-F025-F026-F027-F028-F029-F030-F031-F032-F033-F034-F035-F036-F037-F038-F039-F040-F041-F042-F043-F044-F045-F046-F047-F048-F049-F050-F051-F052-F053-F054-F055-F056-F057-F058-F059-F060-F061-F062-F063-F064-F065-F066-F067-F068-F069-F070-F071-F072-F073-F074-F075-F076-F077-F078-F079-F080-F081-F082-F083-F084-F085-F086-F087-F088-F089-F090-F091-F092-F093-F094-F095-F096-F097-F098-F099-F100-F101-F102-F103-F104-F105-F106-F107-F108-F109-F110-F111-F112-F113-F114-F115-F116-F117-F118-F119-F120-F121-F122-F123-F124-F125-F126-F127-F128-F129-F130-F131-F132-F133-F134-F135-F136-F137-F138-F139-F140-F141-F142-F143-F144-F145-F146-F147-F148-F149-F150-F151-F152-F153-F154-F155-F156-F157-F158-F159-F160-F161-F162-F163-F164-F165-F166-F167-F168-F169-F170-F171-F172-F173-F174-F175-F176-F177-F178-F179-F180-F181-F182-F183-F184-F185-F186-F187-F188-F189-F190-F191-F192-F193-F194-F195-F196-F197-F198-F199-F200-F201-F202-F203-F204-F205-F206-F207-F208-F209-F210-F211-F212-F213-F214-F215-F216-F217-F218-F219-F220-F221-F222-F223-F224-F225-F226-F227-F228-F229-F230-F231-F232-F233-F234-F235-F236-F237-F238-F239-F240-F241-F242-F243-F244-F245-F246-F247-F248-F249-F250-F251-F252-F253-F254-F255-F256-F257-F258-F259-F260-F261-F262-F263-F264-F265-F266-F267-F268-F269-F270-F271-F272-F273-F274-F275-F276-F277-F278-F279-F280-F281-F282-F283-F284-F285-F286-F287-F288-F289-F290-F291-F292-F293-F294-F295-F296-F297-F298-F299-F300-F301-F302-F303-F304-F305-F306-F307-F308-F309-F310-F311-F312-F313-F314-F315-F316-F317-F318-F319-F320-F321-F322-F323-F324-F325-F326-F327-F328-F329-F330-F331-F332-F333-F334-F335-F336-F337-F338-F339-F340-F341-F342-F343-F344-F345-F346-F347-F348-F349-F350-F351-F352-F353-F354-F355-F356-F357-F358-F359-F360-F361-F362-F363-F364-F365-F366-F367-F368-F369-F370-F371-F372-F373-F374-F375-F376-F377-F378-F379-F380-F381-F382-F383-F384-F385-F386-F387-F388-F389-F390-F391-F392-F393-F394-F395-F396-F397-F398-F399-F400-F401-F402-F403-F404-F405-F406-F407-F408-F409-F410-F411-F412-F413-F414-F415-F416-F417-F418-F419-F420-F421-F422-F423-F424-F425-F426-F427-F428-F429-F430-F431-F432-F433-F434-F435-F436-F437-F438-F439-F440-F441-F442-F443-F444-F445-F446-F447-F448-F449-F450-F451-F452-F453-F454-F455-F456-F457-F458-F459-F460-F461-F462-F463-F464-F465-F466-F467-F468-F469-F470-F471-F472-F473-F474-F475-F476-F477-F478-F479-F480-F481-F482-F483-F484-F485-F486-F487-F488-F489-F490-F491-F492-F493-F494-F495-F496-T505-F510-F511-F512

## Summary

Number of input bits: 512  
Number of free input bits: 12  
Number of output bits: 160

Number of direct occurrences: 49202  
Number of assignments: 31597  
Number of operations: 11562483
(xor: 11533605,
and: 15415,
or: 13463)

Total complexity: 2.2581678744218223 × 10^305

Least occurring input variable: iv_499 (3911)  
Most occurring input variable: iv_509 (4280)

Most co-occurring input variables: iv_497-iv_507 (2110)  
Least co-occurring input variables: iv_498-iv_499 (1722)

Potentially most occurring input variable: iv_500/iv_509 (4555)  
Potentially least occurring input variable: iv_497/iv_507 (4181)

Least output occurring input variable: iv_499 (72)  
Most output occurring input variable: iv_497 (91)

Most output co-occurring input variables: iv_497-iv_502 (50)  
Least output co-occurring input variables: iv_500-iv_506 (24)

Potentially most output occurring input variable: iv_500/iv_506 (98)  
Potentially least output occurring input variable: iv_500/iv_507 (65)

Least complex input bit: iv_497 (7.779657866440669 × 10^302)  
Most complex input bit: iv_509 (4.526999335578031 × 10^304)

Least complex output bit: aaa_76_29 (8.985933934077915 × 10^279)  
Most complex output bit: ov_001 (3.581451917224903 × 10^304)

Least complex input/output complexity: iv_497/aaa_76_29 (3.095761498044709 × 10^277)  
Most complex input/output complexity: iv_509/ov_001 (7.179816272000158 × 10^303)

## Input Bits

### Input Bits in Regular Order

| Input Bit | Complexity | Occurrences | Output Occurrences |
|:---------:|:----------:|:-----------:|:------------------:|
| iv_497 | 7.779657866440669 × 10^302 | 4177 | 91 |
| iv_498 | 1.5496911503677275 × 10^303 | 3921 | 73 |
| iv_499 | 2.7254306775756743 × 10^303 | 3911 | 72 |
| iv_500 | 4.58029816313687 × 10^303 | 4049 | 74 |
| iv_501 | 7.544898000348121 × 10^303 | 4097 | 85 |
| iv_502 | 1.2192051881835731 × 10^304 | 3945 | 80 |
| iv_503 | 1.9372598994612738 × 10^304 | 4104 | 77 |
| iv_504 | 3.019925126474042 × 10^304 | 4208 | 74 |
| iv_506 | 2.339807082496075 × 10^304 | 4043 | 72 |
| iv_507 | 3.359405810548474 × 10^304 | 4224 | 73 |
| iv_508 | 4.461247923669508 × 10^304 | 4243 | 88 |
| iv_509 | 4.526999335578031 × 10^304 | 4280 | 80 |

### Input Bits Sorted by Complexity

| Input Bit | Complexity | Occurrences | Output Occurrences |
|:---------:|:----------:|:-----------:|:------------------:|
| iv_497 | 7.779657866440669 × 10^302 | 4177 | 91 |
| iv_498 | 1.5496911503677275 × 10^303 | 3921 | 73 |
| iv_499 | 2.7254306775756743 × 10^303 | 3911 | 72 |
| iv_500 | 4.58029816313687 × 10^303 | 4049 | 74 |
| iv_501 | 7.544898000348121 × 10^303 | 4097 | 85 |
| iv_502 | 1.2192051881835731 × 10^304 | 3945 | 80 |
| iv_503 | 1.9372598994612738 × 10^304 | 4104 | 77 |
| iv_506 | 2.339807082496075 × 10^304 | 4043 | 72 |
| iv_504 | 3.019925126474042 × 10^304 | 4208 | 74 |
| iv_507 | 3.359405810548474 × 10^304 | 4224 | 73 |
| iv_508 | 4.461247923669508 × 10^304 | 4243 | 88 |
| iv_509 | 4.526999335578031 × 10^304 | 4280 | 80 |

### Input Bits Sorted by Occurrences

| Input Bit | Complexity | Occurrences | Output Occurrences |
|:---------:|:----------:|:-----------:|:------------------:|
| iv_499 | 2.7254306775756743 × 10^303 | 3911 | 72 |
| iv_498 | 1.5496911503677275 × 10^303 | 3921 | 73 |
| iv_502 | 1.2192051881835731 × 10^304 | 3945 | 80 |
| iv_506 | 2.339807082496075 × 10^304 | 4043 | 72 |
| iv_500 | 4.58029816313687 × 10^303 | 4049 | 74 |
| iv_501 | 7.544898000348121 × 10^303 | 4097 | 85 |
| iv_503 | 1.9372598994612738 × 10^304 | 4104 | 77 |
| iv_497 | 7.779657866440669 × 10^302 | 4177 | 91 |
| iv_504 | 3.019925126474042 × 10^304 | 4208 | 74 |
| iv_507 | 3.359405810548474 × 10^304 | 4224 | 73 |
| iv_508 | 4.461247923669508 × 10^304 | 4243 | 88 |
| iv_509 | 4.526999335578031 × 10^304 | 4280 | 80 |

### Input Bits Sorted by Output Occurrences

| Input Bit | Complexity | Occurrences | Output Occurrences |
|:---------:|:----------:|:-----------:|:------------------:|
| iv_499 | 2.7254306775756743 × 10^303 | 3911 | 72 |
| iv_506 | 2.339807082496075 × 10^304 | 4043 | 72 |
| iv_507 | 3.359405810548474 × 10^304 | 4224 | 73 |
| iv_498 | 1.5496911503677275 × 10^303 | 3921 | 73 |
| iv_500 | 4.58029816313687 × 10^303 | 4049 | 74 |
| iv_504 | 3.019925126474042 × 10^304 | 4208 | 74 |
| iv_503 | 1.9372598994612738 × 10^304 | 4104 | 77 |
| iv_502 | 1.2192051881835731 × 10^304 | 3945 | 80 |
| iv_509 | 4.526999335578031 × 10^304 | 4280 | 80 |
| iv_501 | 7.544898000348121 × 10^303 | 4097 | 85 |
| iv_508 | 4.461247923669508 × 10^304 | 4243 | 88 |
| iv_497 | 7.779657866440669 × 10^302 | 4177 | 91 |

## Input Bit Co-occurrences

### Input Bit Co-occurrences Sorted by Co-occurrences

| Input Bits | Co-occurrences | Potential Occurrences | Output Co-occurrences | Potential Output Occurrences |
|:----------:|:--------------:|:---------------------:|:---------------------:|:----------------------------:|
| iv_497-iv_507 | 2110 | 4181 | 43 | 78 |
| iv_508-iv_509 | 2109 | 4305 | 47 | 74 |
| iv_497-iv_509 | 2064 | 4329 | 43 | 85 |
| iv_504-iv_507 | 2043 | 4346 | 38 | 71 |
| iv_503-iv_504 | 2039 | 4234 | 42 | 67 |
| iv_506-iv_509 | 2039 | 4245 | 35 | 82 |
| iv_506-iv_507 | 2034 | 4199 | 35 | 75 |
| iv_507-iv_508 | 2031 | 4405 | 41 | 79 |
| iv_507-iv_509 | 2027 | 4450 | 35 | 83 |
| iv_501-iv_504 | 2022 | 4261 | 43 | 73 |
| iv_504-iv_509 | 2017 | 4454 | 38 | 78 |
| iv_503-iv_508 | 2017 | 4313 | 44 | 77 |

### Input Bit Co-occurrences Sorted by Potential Occurrences

| Input Bits | Co-occurrences | Potential Occurrences | Output Co-occurrences | Potential Output Occurrences |
|:----------:|:--------------:|:---------------------:|:---------------------:|:----------------------------:|
| iv_497-iv_507 | 2110 | 4181 | 43 | 78 |
| iv_506-iv_507 | 2034 | 4199 | 35 | 75 |
| iv_500-iv_503 | 1974 | 4205 | 40 | 71 |
| iv_501-iv_502 | 1910 | 4222 | 46 | 73 |
| iv_499-iv_508 | 1963 | 4228 | 44 | 72 |
| iv_498-iv_506 | 1868 | 4228 | 33 | 79 |
| iv_503-iv_504 | 2039 | 4234 | 42 | 67 |
| iv_497-iv_502 | 1942 | 4238 | 50 | 71 |
| iv_497-iv_500 | 1991 | 4244 | 43 | 79 |
| iv_506-iv_509 | 2039 | 4245 | 35 | 82 |
| iv_498-iv_500 | 1862 | 4246 | 38 | 71 |
| iv_502-iv_506 | 1865 | 4258 | 31 | 90 |

### Input Bit Output Co-occurrences Sorted by Output Co-occurrences

| Input Bits | Co-occurrences | Potential Occurrences | Output Co-occurrences | Potential Output Occurrences |
|:----------:|:--------------:|:---------------------:|:---------------------:|:----------------------------:|
| iv_497-iv_502 | 1942 | 4238 | 50 | 71 |
| iv_497-iv_501 | 1971 | 4332 | 48 | 80 |
| iv_497-iv_508 | 1959 | 4502 | 47 | 85 |
| iv_501-iv_508 | 1973 | 4394 | 47 | 79 |
| iv_508-iv_509 | 2109 | 4305 | 47 | 74 |
| iv_501-iv_502 | 1910 | 4222 | 46 | 73 |
| iv_506-iv_508 | 1996 | 4294 | 45 | 70 |
| iv_499-iv_501 | 1847 | 4314 | 44 | 69 |
| iv_499-iv_508 | 1963 | 4228 | 44 | 72 |
| iv_503-iv_508 | 2017 | 4313 | 44 | 77 |
| iv_500-iv_502 | 1862 | 4270 | 44 | 66 |
| iv_497-iv_500 | 1991 | 4244 | 43 | 79 |

### Input Bit Output Co-occurrences Sorted by Potential Output Occurrences

| Input Bits | Co-occurrences | Potential Occurrences | Output Co-occurrences | Potential Output Occurrences |
|:----------:|:--------------:|:---------------------:|:---------------------:|:----------------------------:|
| iv_500-iv_507 | 1982 | 4309 | 41 | 65 |
| iv_500-iv_502 | 1862 | 4270 | 44 | 66 |
| iv_503-iv_504 | 2039 | 4234 | 42 | 67 |
| iv_498-iv_504 | 1911 | 4307 | 40 | 67 |
| iv_499-iv_502 | 1792 | 4272 | 42 | 68 |
| iv_499-iv_501 | 1847 | 4314 | 44 | 69 |
| iv_506-iv_508 | 1996 | 4294 | 45 | 70 |
| iv_502-iv_503 | 1851 | 4347 | 43 | 71 |
| iv_503-iv_509 | 1962 | 4460 | 43 | 71 |
| iv_504-iv_507 | 2043 | 4346 | 38 | 71 |
| iv_498-iv_500 | 1862 | 4246 | 38 | 71 |
| iv_500-iv_503 | 1974 | 4205 | 40 | 71 |

## Output Bits

### Output Bits in Regular Order

| Rank | Output Bit | Complexity |
|:----:|:----------:|:----------:|
| 1 | ov_001 | 3.581451917224903 × 10^304 |
| 2 | ov_002 | 3.1100790245745157 × 10^304 |
| 3 | ov_003 | 2.6874313053183817 × 10^304 |
| 4 | ov_004 | 2.3098352563669522 × 10^304 |
| 5 | ov_005 | 1.9738174572134538 × 10^304 |
| 6 | ov_006 | 1.6760904132336232 × 10^304 |
| 7 | ov_007 | 1.413540255261065 × 10^304 |
| 8 | ov_008 | 1.1832161416462291 × 10^304 |
| 9 | ov_009 | 9.823212189296116 × 10^303 |
| 10 | ov_010 | 8.082049847255394 × 10^303 |
| 11 | ov_011 | 6.583568946474537 × 10^303 |
| 12 | ov_012 | 5.304010641653807 × 10^303 |
| 13 | ov_013 | 4.2209192516646754 × 10^303 |
| 14 | ov_014 | 3.3131070573089454 × 10^303 |
| 15 | ov_015 | 2.5606261027222052 × 10^303 |
| 16 | ov_016 | 1.9447459183257125 × 10^303 |
| 17 | ov_017 | 1.447936289909074 × 10^303 |
| 18 | ov_018 | 1.0538542830843722 × 10^303 |
| 19 | ov_019 | 7.473346951128361 × 10^302 |
| 20 | ov_020 | 5.143831295057046 × 10^302 |
| 21 | ov_021 | 3.421710074316537 × 10^302 |
| 22 | ov_022 | 2.1903201233167134 × 10^302 |
| 23 | ov_023 | 1.3445963072650373 × 10^302 |
| 24 | ov_024 | 7.91055339647058 × 10^301 |
| 25 | ov_025 | 4.4778587636800745 × 10^301 |
| 26 | ov_026 | 2.4444308706532124 × 10^301 |
| 27 | ov_027 | 1.2224609957802229 × 10^301 |
| 28 | ov_028 | 5.46952796345458 × 10^300 |
| 29 | ov_029 | 2.1072339359259576 × 10^300 |
| 30 | ov_030 | 6.44026979427885 × 10^299 |
| 31 | ov_031 | 1.2555000493237613 × 10^299 |
| 32 | lv_80_m31 | 2.4465030401771016 × 10^298 |
| 33 | ov_033 | 2.9264077531606326 × 10^299 |
| 34 | ov_034 | 2.538580504329071 × 10^299 |
| 35 | ov_035 | 2.1909902318273145 × 10^299 |
| 36 | ov_036 | 1.880315968125054 × 10^299 |
| 37 | ov_037 | 1.603417134938179 × 10^299 |
| 38 | ov_038 | 1.358766830903186 × 10^299 |
| 39 | ov_039 | 1.1435486072002236 × 10^299 |
| 40 | ov_040 | 9.5509300365986 × 10^298 |
| 41 | ov_041 | 7.908694080066474 × 10^298 |
| 42 | ov_042 | 6.484791675069136 × 10^298 |
| 43 | ov_043 | 5.267551585770386 × 10^298 |
| 44 | ov_044 | 4.235463252737773 × 10^298 |
| 45 | ov_045 | 3.3681910942542745 × 10^298 |
| 46 | ov_046 | 2.646542982228952 × 10^298 |
| 47 | ov_047 | 2.0524452464180129 × 10^298 |
| 48 | ov_048 | 1.5689232296287848 × 10^298 |
| 49 | ov_049 | 1.180086489573022 × 10^298 |
| 50 | ov_050 | 8.711178157681476 × 10^297 |
| 51 | ov_051 | 6.282653024133495 × 10^297 |
| 52 | ov_052 | 4.449185002974406 × 10^297 |
| 53 | ov_053 | 3.094411942930998 × 10^297 |
| 54 | ov_054 | 2.1125054759701076 × 10^297 |
| 55 | ov_055 | 1.408153985905842 × 10^297 |
| 56 | ov_056 | 8.965517367416452 × 10^296 |
| 57 | ov_057 | 5.379212943669768 × 10^296 |
| 58 | ov_058 | 2.977337154445604 × 10^296 |
| 59 | ov_059 | 1.4670730351174816 × 10^296 |
| 60 | ov_060 | 6.080704066423283 × 10^295 |
| 61 | ov_061 | 2.1244381286085836 × 10^295 |
| 62 | ov_062 | 5.828841451981645 × 10^294 |
| 63 | ov_063 | 1.1362953541703608 × 10^294 |
| 64 | lv_79_m31 | 2.2146281824663013 × 10^293 |
| 65 | ov_065 | 2.6397428973153026 × 10^294 |
| 66 | ov_066 | 2.639735669298892 × 10^294 |
| 67 | ov_067 | 2.639733940441601 × 10^294 |
| 68 | ov_068 | 2.2870960620119107 × 10^294 |
| 69 | ov_069 | 1.9711916002291962 × 10^294 |
| 70 | ov_070 | 1.6893078901118475 × 10^294 |
| 71 | ov_071 | 1.438863809072236 × 10^294 |
| 72 | ov_072 | 1.2174009907753598 × 10^294 |
| 73 | ov_073 | 1.0225766827134389 × 10^294 |
| 74 | ov_074 | 8.521580294125722 × 10^293 |
| 75 | ov_075 | 7.040175747033869 × 10^293 |
| 76 | ov_076 | 5.76129787562948 × 10^293 |
| 77 | ov_077 | 4.665684267490961 × 10^293 |
| 78 | ov_078 | 3.735045698698405 × 10^293 |
| 79 | ov_079 | 2.9520514271895833 × 10^293 |
| 80 | ov_080 | 2.3003179471522358 × 10^293 |
| 81 | ov_081 | 1.7643999115030412 × 10^293 |
| 82 | ov_082 | 1.3297824651472972 × 10^293 |
| 83 | ov_083 | 9.82874730611401 × 10^292 |
| 84 | ov_084 | 7.110043500927646 × 10^292 |
| 85 | ov_085 | 5.024129882343883 × 10^292 |
| 86 | ov_086 | 3.4625270010923194 × 10^292 |
| 87 | ov_087 | 2.3258306901645746 × 10^292 |
| 88 | ov_088 | 1.5236901876475707 × 10^292 |
| 89 | ov_089 | 9.747920516059118 × 10^291 |
| 90 | ov_090 | 6.068489144179779 × 10^291 |
| 91 | ov_091 | 3.565921240788711 × 10^291 |
| 92 | ov_092 | 1.9464132682445725 × 10^291 |
| 93 | ov_093 | 9.61225238657404 × 10^290 |
| 94 | ov_094 | 4.066729003424381 × 10^290 |
| 95 | aaa_78_28 | 1.241245465663052 × 10^290 |
| 96 | aaa_78_29 | 3.742513499783736 × 10^289 |
| 97 | ov_097 | 1.929704172814626 × 10^289 |
| 98 | ov_098 | 1.929688440120909 × 10^289 |
| 99 | ov_099 | 1.9296834146797939 × 10^289 |
| 100 | ov_100 | 1.610134489466043 × 10^289 |
| 101 | ov_101 | 1.332863802552151 × 10^289 |
| 102 | ov_102 | 1.0939902292729942 × 10^289 |
| 103 | ov_103 | 8.898457755958781 × 10^288 |
| 104 | ov_104 | 7.169600464720953 × 10^288 |
| 105 | ov_105 | 5.720467310557703 × 10^288 |
| 106 | ov_106 | 4.5199192131466316 × 10^288 |
| 107 | ov_107 | 3.5384408999207243 × 10^288 |
| 108 | ov_108 | 2.748055629836059 × 10^288 |
| 109 | ov_109 | 2.122253300335019 × 10^288 |
| 110 | ov_110 | 1.635930462888402 × 10^288 |
| 111 | ov_111 | 1.2653408572428852 × 10^288 |
| 112 | ov_112 | 9.880551580469037 × 10^287 |
| 113 | ov_113 | 7.829287102000962 × 10^287 |
| 114 | ov_114 | 6.300761113256403 × 10^287 |
| 115 | ov_115 | 5.108515814027804 × 10^287 |
| 116 | ov_116 | 4.0783414097166795 × 10^287 |
| 117 | ov_117 | 3.1981771569858054 × 10^287 |
| 118 | ov_118 | 2.4560168709995795 × 10^287 |
| 119 | ov_119 | 1.8398918689932258 × 10^287 |
| 120 | ov_120 | 1.3378590806193818 × 10^287 |
| 121 | ov_121 | 9.379924872609017 × 10^286 |
| 122 | ov_122 | 6.2837681957422585 × 10^286 |
| 123 | ov_123 | 3.9710310834862515 × 10^286 |
| 124 | ov_124 | 2.322656837784342 × 10^286 |
| 125 | ov_125 | 1.2196031682894118 × 10^286 |
| 126 | ov_126 | 5.428327134458622 × 10^285 |
| 127 | aaa_77_28 | 1.7330940276709398 × 10^285 |
| 128 | aaa_77_29 | 6.495638526128526 × 10^284 |
| 129 | ov_129 | 6.005335622660638 × 10^284 |
| 130 | ov_130 | 6.005318130003009 × 10^284 |
| 131 | ov_131 | 6.005313903340605 × 10^284 |
| 132 | ov_132 | 5.205056448243563 × 10^284 |
| 133 | ov_133 | 4.488341013055096 × 10^284 |
| 134 | ov_134 | 3.848872899675903 × 10^284 |
| 135 | ov_135 | 3.2806917511252205 × 10^284 |
| 136 | ov_136 | 2.7781476395700704 × 10^284 |
| 137 | ov_137 | 2.3358805481122664 × 10^284 |
| 138 | ov_138 | 1.948802914955398 × 10^284 |
| 139 | ov_139 | 1.6120849253832804 × 10^284 |
| 140 | ov_140 | 1.3211422533252316 × 10^284 |
| 141 | ov_141 | 1.0716259702694565 × 10^284 |
| 142 | ov_142 | 8.594143550025248 × 10^283 |
| 143 | ov_143 | 6.806063531727678 × 10^283 |
| 144 | ov_144 | 5.315164510561573 × 10^283 |
| 145 | ov_145 | 4.0867074319024286 × 10^283 |
| 146 | ov_146 | 3.088039887684402 × 10^283 |
| 147 | ov_147 | 2.288574668757919 × 10^283 |
| 148 | ov_148 | 1.6597746484072136 × 10^283 |
| 149 | ov_149 | 1.1751426718280966 × 10^283 |
| 150 | ov_150 | 8.102152777159739 × 10^282 |
| 151 | ov_151 | 5.425590487941636 × 10^282 |
| 152 | ov_152 | 3.5176850152053636 × 10^282 |
| 153 | ov_153 | 2.1946476746680553 × 10^282 |
| 154 | ov_154 | 1.2929470941813142 × 10^282 |
| 155 | ov_155 | 6.693034169920691 × 10^281 |
| 156 | aaa_76_25 | 2.57139130907979 × 10^281 |
| 157 | aaa_76_26 | 1.4844530091584476 × 10^281 |
| 158 | aaa_76_27 | 7.596025376471483 × 10^280 |
| 159 | aaa_76_28 | 2.9561501229639126 × 10^280 |
| 160 | aaa_76_29 | 8.985933934077915 × 10^279 |

### Output Bits Sorted by Complexity

| Rank | Output Bit | Complexity |
|:----:|:----------:|:----------:|
| 160 | aaa_76_29 | 8.985933934077915 × 10^279 |
| 159 | aaa_76_28 | 2.9561501229639126 × 10^280 |
| 158 | aaa_76_27 | 7.596025376471483 × 10^280 |
| 157 | aaa_76_26 | 1.4844530091584476 × 10^281 |
| 156 | aaa_76_25 | 2.57139130907979 × 10^281 |
| 155 | ov_155 | 6.693034169920691 × 10^281 |
| 154 | ov_154 | 1.2929470941813142 × 10^282 |
| 153 | ov_153 | 2.1946476746680553 × 10^282 |
| 152 | ov_152 | 3.5176850152053636 × 10^282 |
| 151 | ov_151 | 5.425590487941636 × 10^282 |
| 150 | ov_150 | 8.102152777159739 × 10^282 |
| 149 | ov_149 | 1.1751426718280966 × 10^283 |
| 148 | ov_148 | 1.6597746484072136 × 10^283 |
| 147 | ov_147 | 2.288574668757919 × 10^283 |
| 146 | ov_146 | 3.088039887684402 × 10^283 |
| 145 | ov_145 | 4.0867074319024286 × 10^283 |
| 144 | ov_144 | 5.315164510561573 × 10^283 |
| 143 | ov_143 | 6.806063531727678 × 10^283 |
| 142 | ov_142 | 8.594143550025248 × 10^283 |
| 141 | ov_141 | 1.0716259702694565 × 10^284 |
| 140 | ov_140 | 1.3211422533252316 × 10^284 |
| 139 | ov_139 | 1.6120849253832804 × 10^284 |
| 138 | ov_138 | 1.948802914955398 × 10^284 |
| 137 | ov_137 | 2.3358805481122664 × 10^284 |
| 136 | ov_136 | 2.7781476395700704 × 10^284 |
| 135 | ov_135 | 3.2806917511252205 × 10^284 |
| 134 | ov_134 | 3.848872899675903 × 10^284 |
| 133 | ov_133 | 4.488341013055096 × 10^284 |
| 132 | ov_132 | 5.205056448243563 × 10^284 |
| 131 | ov_131 | 6.005313903340605 × 10^284 |
| 130 | ov_130 | 6.005318130003009 × 10^284 |
| 129 | ov_129 | 6.005335622660638 × 10^284 |
| 128 | aaa_77_29 | 6.495638526128526 × 10^284 |
| 127 | aaa_77_28 | 1.7330940276709398 × 10^285 |
| 126 | ov_126 | 5.428327134458622 × 10^285 |
| 125 | ov_125 | 1.2196031682894118 × 10^286 |
| 124 | ov_124 | 2.322656837784342 × 10^286 |
| 123 | ov_123 | 3.9710310834862515 × 10^286 |
| 122 | ov_122 | 6.2837681957422585 × 10^286 |
| 121 | ov_121 | 9.379924872609017 × 10^286 |
| 120 | ov_120 | 1.3378590806193818 × 10^287 |
| 119 | ov_119 | 1.8398918689932258 × 10^287 |
| 118 | ov_118 | 2.4560168709995795 × 10^287 |
| 117 | ov_117 | 3.1981771569858054 × 10^287 |
| 116 | ov_116 | 4.0783414097166795 × 10^287 |
| 115 | ov_115 | 5.108515814027804 × 10^287 |
| 114 | ov_114 | 6.300761113256403 × 10^287 |
| 113 | ov_113 | 7.829287102000962 × 10^287 |
| 112 | ov_112 | 9.880551580469037 × 10^287 |
| 111 | ov_111 | 1.2653408572428852 × 10^288 |
| 110 | ov_110 | 1.635930462888402 × 10^288 |
| 109 | ov_109 | 2.122253300335019 × 10^288 |
| 108 | ov_108 | 2.748055629836059 × 10^288 |
| 107 | ov_107 | 3.5384408999207243 × 10^288 |
| 106 | ov_106 | 4.5199192131466316 × 10^288 |
| 105 | ov_105 | 5.720467310557703 × 10^288 |
| 104 | ov_104 | 7.169600464720953 × 10^288 |
| 103 | ov_103 | 8.898457755958781 × 10^288 |
| 102 | ov_102 | 1.0939902292729942 × 10^289 |
| 101 | ov_101 | 1.332863802552151 × 10^289 |
| 100 | ov_100 | 1.610134489466043 × 10^289 |
| 99 | ov_099 | 1.9296834146797939 × 10^289 |
| 98 | ov_098 | 1.929688440120909 × 10^289 |
| 97 | ov_097 | 1.929704172814626 × 10^289 |
| 96 | aaa_78_29 | 3.742513499783736 × 10^289 |
| 95 | aaa_78_28 | 1.241245465663052 × 10^290 |
| 94 | ov_094 | 4.066729003424381 × 10^290 |
| 93 | ov_093 | 9.61225238657404 × 10^290 |
| 92 | ov_092 | 1.9464132682445725 × 10^291 |
| 91 | ov_091 | 3.565921240788711 × 10^291 |
| 90 | ov_090 | 6.068489144179779 × 10^291 |
| 89 | ov_089 | 9.747920516059118 × 10^291 |
| 88 | ov_088 | 1.5236901876475707 × 10^292 |
| 87 | ov_087 | 2.3258306901645746 × 10^292 |
| 86 | ov_086 | 3.4625270010923194 × 10^292 |
| 85 | ov_085 | 5.024129882343883 × 10^292 |
| 84 | ov_084 | 7.110043500927646 × 10^292 |
| 83 | ov_083 | 9.82874730611401 × 10^292 |
| 82 | ov_082 | 1.3297824651472972 × 10^293 |
| 81 | ov_081 | 1.7643999115030412 × 10^293 |
| 64 | lv_79_m31 | 2.2146281824663013 × 10^293 |
| 80 | ov_080 | 2.3003179471522358 × 10^293 |
| 79 | ov_079 | 2.9520514271895833 × 10^293 |
| 78 | ov_078 | 3.735045698698405 × 10^293 |
| 77 | ov_077 | 4.665684267490961 × 10^293 |
| 76 | ov_076 | 5.76129787562948 × 10^293 |
| 75 | ov_075 | 7.040175747033869 × 10^293 |
| 74 | ov_074 | 8.521580294125722 × 10^293 |
| 73 | ov_073 | 1.0225766827134389 × 10^294 |
| 63 | ov_063 | 1.1362953541703608 × 10^294 |
| 72 | ov_072 | 1.2174009907753598 × 10^294 |
| 71 | ov_071 | 1.438863809072236 × 10^294 |
| 70 | ov_070 | 1.6893078901118475 × 10^294 |
| 69 | ov_069 | 1.9711916002291962 × 10^294 |
| 68 | ov_068 | 2.2870960620119107 × 10^294 |
| 67 | ov_067 | 2.639733940441601 × 10^294 |
| 66 | ov_066 | 2.639735669298892 × 10^294 |
| 65 | ov_065 | 2.6397428973153026 × 10^294 |
| 62 | ov_062 | 5.828841451981645 × 10^294 |
| 61 | ov_061 | 2.1244381286085836 × 10^295 |
| 60 | ov_060 | 6.080704066423283 × 10^295 |
| 59 | ov_059 | 1.4670730351174816 × 10^296 |
| 58 | ov_058 | 2.977337154445604 × 10^296 |
| 57 | ov_057 | 5.379212943669768 × 10^296 |
| 56 | ov_056 | 8.965517367416452 × 10^296 |
| 55 | ov_055 | 1.408153985905842 × 10^297 |
| 54 | ov_054 | 2.1125054759701076 × 10^297 |
| 53 | ov_053 | 3.094411942930998 × 10^297 |
| 52 | ov_052 | 4.449185002974406 × 10^297 |
| 51 | ov_051 | 6.282653024133495 × 10^297 |
| 50 | ov_050 | 8.711178157681476 × 10^297 |
| 49 | ov_049 | 1.180086489573022 × 10^298 |
| 48 | ov_048 | 1.5689232296287848 × 10^298 |
| 47 | ov_047 | 2.0524452464180129 × 10^298 |
| 32 | lv_80_m31 | 2.4465030401771016 × 10^298 |
| 46 | ov_046 | 2.646542982228952 × 10^298 |
| 45 | ov_045 | 3.3681910942542745 × 10^298 |
| 44 | ov_044 | 4.235463252737773 × 10^298 |
| 43 | ov_043 | 5.267551585770386 × 10^298 |
| 42 | ov_042 | 6.484791675069136 × 10^298 |
| 41 | ov_041 | 7.908694080066474 × 10^298 |
| 40 | ov_040 | 9.5509300365986 × 10^298 |
| 39 | ov_039 | 1.1435486072002236 × 10^299 |
| 31 | ov_031 | 1.2555000493237613 × 10^299 |
| 38 | ov_038 | 1.358766830903186 × 10^299 |
| 37 | ov_037 | 1.603417134938179 × 10^299 |
| 36 | ov_036 | 1.880315968125054 × 10^299 |
| 35 | ov_035 | 2.1909902318273145 × 10^299 |
| 34 | ov_034 | 2.538580504329071 × 10^299 |
| 33 | ov_033 | 2.9264077531606326 × 10^299 |
| 30 | ov_030 | 6.44026979427885 × 10^299 |
| 29 | ov_029 | 2.1072339359259576 × 10^300 |
| 28 | ov_028 | 5.46952796345458 × 10^300 |
| 27 | ov_027 | 1.2224609957802229 × 10^301 |
| 26 | ov_026 | 2.4444308706532124 × 10^301 |
| 25 | ov_025 | 4.4778587636800745 × 10^301 |
| 24 | ov_024 | 7.91055339647058 × 10^301 |
| 23 | ov_023 | 1.3445963072650373 × 10^302 |
| 22 | ov_022 | 2.1903201233167134 × 10^302 |
| 21 | ov_021 | 3.421710074316537 × 10^302 |
| 20 | ov_020 | 5.143831295057046 × 10^302 |
| 19 | ov_019 | 7.473346951128361 × 10^302 |
| 18 | ov_018 | 1.0538542830843722 × 10^303 |
| 17 | ov_017 | 1.447936289909074 × 10^303 |
| 16 | ov_016 | 1.9447459183257125 × 10^303 |
| 15 | ov_015 | 2.5606261027222052 × 10^303 |
| 14 | ov_014 | 3.3131070573089454 × 10^303 |
| 13 | ov_013 | 4.2209192516646754 × 10^303 |
| 12 | ov_012 | 5.304010641653807 × 10^303 |
| 11 | ov_011 | 6.583568946474537 × 10^303 |
| 10 | ov_010 | 8.082049847255394 × 10^303 |
| 9 | ov_009 | 9.823212189296116 × 10^303 |
| 8 | ov_008 | 1.1832161416462291 × 10^304 |
| 7 | ov_007 | 1.413540255261065 × 10^304 |
| 6 | ov_006 | 1.6760904132336232 × 10^304 |
| 5 | ov_005 | 1.9738174572134538 × 10^304 |
| 4 | ov_004 | 2.3098352563669522 × 10^304 |
| 3 | ov_003 | 2.6874313053183817 × 10^304 |
| 2 | ov_002 | 3.1100790245745157 × 10^304 |
| 1 | ov_001 | 3.581451917224903 × 10^304 |

