# Results for F001-F002-F003-F004-F005-F006-F007-F008-F009-F010-F011-F012-F013-F014-F015-F016-F017-F018-F019-F020-F021-F022-F023-F024-F025-F026-F027-F028-F029-F030-F031-F032-F033-F034-F035-F036-F037-F038-F039-F040-F041-F042-F043-F044-F045-F046-F047-F048-F049-F050-F051-F052-F053-F054-F055-F056-F057-F058-F059-F060-F061-F062-F063-F064-F065-F066-F067-F068-F069-F070-F071-F072-F073-F074-F075-F076-F077-F078-F079-F080-F081-F082-F083-F084-F085-F086-F087-F088-F089-F090-F091-F092-F093-F094-F095-F096-F097-F098-F099-F100-F101-F102-F103-F104-F105-F106-F107-F108-F109-F110-F111-F112-F113-F114-F115-F116-F117-F118-F119-F120-F121-F122-F123-F124-F125-F126-F127-F128-F129-F130-F131-F132-F133-F134-F135-F136-F137-F138-F139-F140-F141-F142-F143-F144-F145-F146-F147-F148-F149-F150-F151-F152-F153-F154-F155-F156-F157-F158-F159-F160-F161-F162-F163-F164-F165-F166-F167-F168-F169-F170-F171-F172-F173-F174-F175-F176-F177-F178-F179-F180-F181-F182-F183-F184-F185-F186-F187-F188-F189-F190-F191-F192-F193-F194-F195-F196-F197-F198-F199-F200-F201-F202-F203-F204-F205-F206-F207-F208-F209-F210-F211-F212-F213-F214-F215-F216-F217-F218-F219-F220-F221-F222-F223-F224-F225-F226-F227-F228-F229-F230-F231-F232-F233-F234-F235-F236-F237-F238-F239-F240-F241-F242-F243-F244-F245-F246-F247-F248-F249-F250-F251-F252-F253-F254-F255-F256-F257-F258-F259-F260-F261-F262-F263-F264-F265-F266-F267-F268-F269-F270-F271-F272-F273-F274-F275-F276-F277-F278-F279-F280-F281-F282-F283-F284-F285-F286-F287-F288-F289-F290-F291-F292-F293-F294-F295-F296-F297-F298-F299-F300-F301-F302-F303-F304-F305-F306-F307-F308-F309-F310-F311-F312-F313-F314-F315-F316-F317-F318-F319-F320-F321-F322-F323-F324-F325-F326-F327-F328-F329-F330-F331-F332-F333-F334-F335-F336-F337-F338-F339-F340-F341-F342-F343-F344-F345-F346-F347-F348-F349-F350-F351-F352-F353-F354-F355-F356-F357-F358-F359-F360-F361-F362-F363-F364-F365-F366-F367-F368-F369-F370-F371-F372-F373-F374-F375-F376-F377-F378-F379-F380-F381-F382-F383-F384-F385-F386-F387-F388-F389-F390-F391-F392-F393-F394-F395-F396-F397-F398-F399-F400-F401-F402-F403-F404-F405-F406-F407-F408-F409-F410-F411-F412-F413-F414-F415-F416-F417-F418-F419-F420-F421-F422-F423-F424-F425-F426-F427-F428-F429-F430-F431-F432-F433-F434-F435-F436-F437-F438-F439-F440-F441-F442-F443-F444-F445-F446-F447-F448-F449-F450-F451-F452-F453-F454-F455-F456-F457-F458-F459-F460-F461-F462-F463-F464-F465-F466-F467-F468-F469-F470-F471-F472-F473-F474-F475-F476-F477-F478-F479-F480-F481-F482-F483-F484-F485-F486-F487-F488-F489-F490-F491-F492-F493-F494-F495-F496-F505-F509-F510-F512

## Summary

Number of input bits: 512  
Number of free input bits: 12  
Number of output bits: 160

Number of direct occurrences: 49347  
Number of assignments: 31438  
Number of operations: 11134247
(xor: 11105982,
and: 14899,
or: 13366)

Total complexity: 3.6240426073108536 × 10^299

Least occurring input variable: iv_504 (3943)  
Most occurring input variable: iv_511 (4313)

Most co-occurring input variables: iv_502-iv_503 (2084)  
Least co-occurring input variables: iv_499-iv_506 (1800)

Potentially most occurring input variable: iv_503/iv_511 (4560)  
Potentially least occurring input variable: iv_501/iv_502 (4130)

Least output occurring input variable: iv_500 (76)  
Most output occurring input variable: iv_497 (93)

Most output co-occurring input variables: iv_497-iv_506 (51)  
Least output co-occurring input variables: iv_500-iv_502 (32)

Potentially most output occurring input variable: iv_500/iv_502 (95)  
Potentially least output occurring input variable: iv_503/iv_504 (68)

Least complex input bit: iv_511 (1.1266013520616378 × 10^296)  
Most complex input bit: iv_508 (9.703223874685375 × 10^298)

Least complex output bit: aaa_76_29 (7.180558948041919 × 10^274)  
Most complex output bit: ov_001 (5.665519127614879 × 10^298)

Least complex input/output complexity: iv_511/aaa_76_29 (2.2322109025713233 × 10^271)  
Most complex input/output complexity: iv_508/ov_001 (1.5169192644330274 × 10^298)

## Input Bits

### Input Bits in Regular Order

| Input Bit | Complexity | Occurrences | Output Occurrences |
|:---------:|:----------:|:-----------:|:------------------:|
| iv_497 | 2.7333217397607922 × 10^297 | 4146 | 93 |
| iv_498 | 5.4722579693958584 × 10^297 | 3950 | 88 |
| iv_499 | 9.672737080939063 × 10^297 | 3956 | 81 |
| iv_500 | 1.6310995974602835 × 10^298 | 4131 | 76 |
| iv_501 | 2.694820273483141 × 10^298 | 4098 | 83 |
| iv_502 | 4.354891001054462 × 10^298 | 4144 | 83 |
| iv_503 | 2.551815531633853 × 10^298 | 4277 | 80 |
| iv_504 | 1.279269495404654 × 10^298 | 3943 | 78 |
| iv_506 | 4.378626098045651 × 10^298 | 3980 | 82 |
| iv_507 | 7.847582508810981 × 10^298 | 4198 | 76 |
| iv_508 | 9.703223874685375 × 10^298 | 4211 | 81 |
| iv_511 | 1.1266013520616378 × 10^296 | 4313 | 80 |

### Input Bits Sorted by Complexity

| Input Bit | Complexity | Occurrences | Output Occurrences |
|:---------:|:----------:|:-----------:|:------------------:|
| iv_511 | 1.1266013520616378 × 10^296 | 4313 | 80 |
| iv_497 | 2.7333217397607922 × 10^297 | 4146 | 93 |
| iv_498 | 5.4722579693958584 × 10^297 | 3950 | 88 |
| iv_499 | 9.672737080939063 × 10^297 | 3956 | 81 |
| iv_504 | 1.279269495404654 × 10^298 | 3943 | 78 |
| iv_500 | 1.6310995974602835 × 10^298 | 4131 | 76 |
| iv_503 | 2.551815531633853 × 10^298 | 4277 | 80 |
| iv_501 | 2.694820273483141 × 10^298 | 4098 | 83 |
| iv_502 | 4.354891001054462 × 10^298 | 4144 | 83 |
| iv_506 | 4.378626098045651 × 10^298 | 3980 | 82 |
| iv_507 | 7.847582508810981 × 10^298 | 4198 | 76 |
| iv_508 | 9.703223874685375 × 10^298 | 4211 | 81 |

### Input Bits Sorted by Occurrences

| Input Bit | Complexity | Occurrences | Output Occurrences |
|:---------:|:----------:|:-----------:|:------------------:|
| iv_504 | 1.279269495404654 × 10^298 | 3943 | 78 |
| iv_498 | 5.4722579693958584 × 10^297 | 3950 | 88 |
| iv_499 | 9.672737080939063 × 10^297 | 3956 | 81 |
| iv_506 | 4.378626098045651 × 10^298 | 3980 | 82 |
| iv_501 | 2.694820273483141 × 10^298 | 4098 | 83 |
| iv_500 | 1.6310995974602835 × 10^298 | 4131 | 76 |
| iv_502 | 4.354891001054462 × 10^298 | 4144 | 83 |
| iv_497 | 2.7333217397607922 × 10^297 | 4146 | 93 |
| iv_507 | 7.847582508810981 × 10^298 | 4198 | 76 |
| iv_508 | 9.703223874685375 × 10^298 | 4211 | 81 |
| iv_503 | 2.551815531633853 × 10^298 | 4277 | 80 |
| iv_511 | 1.1266013520616378 × 10^296 | 4313 | 80 |

### Input Bits Sorted by Output Occurrences

| Input Bit | Complexity | Occurrences | Output Occurrences |
|:---------:|:----------:|:-----------:|:------------------:|
| iv_500 | 1.6310995974602835 × 10^298 | 4131 | 76 |
| iv_507 | 7.847582508810981 × 10^298 | 4198 | 76 |
| iv_504 | 1.279269495404654 × 10^298 | 3943 | 78 |
| iv_503 | 2.551815531633853 × 10^298 | 4277 | 80 |
| iv_511 | 1.1266013520616378 × 10^296 | 4313 | 80 |
| iv_499 | 9.672737080939063 × 10^297 | 3956 | 81 |
| iv_508 | 9.703223874685375 × 10^298 | 4211 | 81 |
| iv_506 | 4.378626098045651 × 10^298 | 3980 | 82 |
| iv_501 | 2.694820273483141 × 10^298 | 4098 | 83 |
| iv_502 | 4.354891001054462 × 10^298 | 4144 | 83 |
| iv_498 | 5.4722579693958584 × 10^297 | 3950 | 88 |
| iv_497 | 2.7333217397607922 × 10^297 | 4146 | 93 |

## Input Bit Co-occurrences

### Input Bit Co-occurrences Sorted by Co-occurrences

| Input Bits | Co-occurrences | Potential Occurrences | Output Co-occurrences | Potential Output Occurrences |
|:----------:|:--------------:|:---------------------:|:---------------------:|:----------------------------:|
| iv_502-iv_503 | 2084 | 4253 | 37 | 89 |
| iv_500-iv_511 | 2081 | 4282 | 38 | 80 |
| iv_501-iv_502 | 2056 | 4130 | 43 | 80 |
| iv_507-iv_508 | 2053 | 4303 | 43 | 71 |
| iv_497-iv_507 | 2050 | 4244 | 44 | 81 |
| iv_501-iv_511 | 2034 | 4343 | 39 | 85 |
| iv_503-iv_507 | 2032 | 4411 | 37 | 82 |
| iv_500-iv_503 | 2024 | 4360 | 40 | 76 |
| iv_497-iv_503 | 2023 | 4377 | 47 | 79 |
| iv_502-iv_511 | 2020 | 4417 | 40 | 83 |
| iv_503-iv_504 | 2019 | 4182 | 45 | 68 |
| iv_501-iv_503 | 2015 | 4345 | 37 | 89 |

### Input Bit Co-occurrences Sorted by Potential Occurrences

| Input Bits | Co-occurrences | Potential Occurrences | Output Co-occurrences | Potential Output Occurrences |
|:----------:|:--------------:|:---------------------:|:---------------------:|:----------------------------:|
| iv_501-iv_502 | 2056 | 4130 | 43 | 80 |
| iv_499-iv_504 | 1868 | 4163 | 38 | 83 |
| iv_504-iv_506 | 1877 | 4169 | 42 | 76 |
| iv_503-iv_504 | 2019 | 4182 | 45 | 68 |
| iv_506-iv_507 | 1996 | 4186 | 39 | 80 |
| iv_499-iv_501 | 1932 | 4190 | 44 | 76 |
| iv_498-iv_504 | 1847 | 4199 | 46 | 74 |
| iv_497-iv_506 | 1955 | 4216 | 51 | 73 |
| iv_497-iv_501 | 2007 | 4230 | 48 | 80 |
| iv_498-iv_506 | 1850 | 4230 | 41 | 88 |
| iv_499-iv_508 | 1968 | 4231 | 43 | 76 |
| iv_497-iv_504 | 1929 | 4231 | 50 | 71 |

### Input Bit Output Co-occurrences Sorted by Output Co-occurrences

| Input Bits | Co-occurrences | Potential Occurrences | Output Co-occurrences | Potential Output Occurrences |
|:----------:|:--------------:|:---------------------:|:---------------------:|:----------------------------:|
| iv_497-iv_506 | 1955 | 4216 | 51 | 73 |
| iv_497-iv_504 | 1929 | 4231 | 50 | 71 |
| iv_497-iv_498 | 1893 | 4310 | 50 | 81 |
| iv_497-iv_502 | 2006 | 4278 | 49 | 78 |
| iv_498-iv_499 | 1833 | 4240 | 48 | 73 |
| iv_498-iv_501 | 1873 | 4302 | 48 | 75 |
| iv_497-iv_501 | 2007 | 4230 | 48 | 80 |
| iv_498-iv_503 | 1929 | 4369 | 47 | 74 |
| iv_497-iv_503 | 2023 | 4377 | 47 | 79 |
| iv_497-iv_511 | 2010 | 4439 | 47 | 79 |
| iv_498-iv_504 | 1847 | 4199 | 46 | 74 |
| iv_497-iv_508 | 1963 | 4431 | 46 | 82 |

### Input Bit Output Co-occurrences Sorted by Potential Output Occurrences

| Input Bits | Co-occurrences | Potential Occurrences | Output Co-occurrences | Potential Output Occurrences |
|:----------:|:--------------:|:---------------------:|:---------------------:|:----------------------------:|
| iv_503-iv_504 | 2019 | 4182 | 45 | 68 |
| iv_497-iv_504 | 1929 | 4231 | 50 | 71 |
| iv_507-iv_508 | 2053 | 4303 | 43 | 71 |
| iv_498-iv_499 | 1833 | 4240 | 48 | 73 |
| iv_499-iv_500 | 1899 | 4289 | 42 | 73 |
| iv_497-iv_506 | 1955 | 4216 | 51 | 73 |
| iv_498-iv_503 | 1929 | 4369 | 47 | 74 |
| iv_498-iv_504 | 1847 | 4199 | 46 | 74 |
| iv_498-iv_501 | 1873 | 4302 | 48 | 75 |
| iv_499-iv_501 | 1932 | 4190 | 44 | 76 |
| iv_500-iv_503 | 2024 | 4360 | 40 | 76 |
| iv_504-iv_506 | 1877 | 4169 | 42 | 76 |

## Output Bits

### Output Bits in Regular Order

| Rank | Output Bit | Complexity |
|:----:|:----------:|:----------:|
| 1 | ov_001 | 5.665519127614879 × 10^298 |
| 2 | ov_002 | 4.92995633618477 × 10^298 |
| 3 | ov_003 | 4.2695816261679 × 10^298 |
| 4 | ov_004 | 3.6787580431970003 × 10^298 |
| 5 | ov_005 | 3.1521573187929993 × 10^298 |
| 6 | ov_006 | 2.6847379099111385 × 10^298 |
| 7 | ov_007 | 2.2717258604452442 × 10^298 |
| 8 | ov_008 | 1.9085982983772256 × 10^298 |
| 9 | ov_009 | 1.591069361261854 × 10^298 |
| 10 | ov_010 | 1.3150783048270202 × 10^298 |
| 11 | ov_011 | 1.07677954674872 × 10^298 |
| 12 | ov_012 | 8.72534411909063 × 10^297 |
| 13 | ov_013 | 6.989043594055967 × 10^297 |
| 14 | ov_014 | 5.526454853146303 × 10^297 |
| 15 | ov_015 | 4.307041087730914 × 10^297 |
| 16 | ov_016 | 3.302132718991875 × 10^297 |
| 17 | ov_017 | 2.484900164565553 × 10^297 |
| 18 | ov_018 | 1.8303331343752557 × 10^297 |
| 19 | ov_019 | 1.3152251591949193 × 10^297 |
| 20 | ov_020 | 9.181621544621097 × 10^296 |
| 21 | ov_021 | 6.195141321944718 × 10^296 |
| 22 | ov_022 | 4.014294135882026 × 10^296 |
| 23 | ov_023 | 2.478307395019289 × 10^296 |
| 24 | ov_024 | 1.4441274179451428 × 10^296 |
| 25 | ov_025 | 7.864039589918831 × 10^295 |
| 26 | ov_026 | 3.9748173079423486 × 10^295 |
| 27 | ov_027 | 1.8739641517078305 × 10^295 |
| 28 | ov_028 | 8.387309005697745 × 10^294 |
| 29 | ov_029 | 3.232572308556493 × 10^294 |
| 30 | ov_030 | 9.883494194868206 × 10^293 |
| 31 | ov_031 | 1.9276685504676253 × 10^293 |
| 32 | lv_80_m31 | 3.7582350376569845 × 10^292 |
| 33 | ov_033 | 4.514529358726881 × 10^293 |
| 34 | ov_034 | 3.9222435408487925 × 10^293 |
| 35 | ov_035 | 3.3910456067917414 × 10^293 |
| 36 | ov_036 | 2.9157237558694484 × 10^293 |
| 37 | ov_037 | 2.4913492205855455 × 10^293 |
| 38 | ov_038 | 2.115525716789033 × 10^293 |
| 39 | ov_039 | 1.7838335487369459 × 10^293 |
| 40 | ov_040 | 1.4920840985869355 × 10^293 |
| 41 | ov_041 | 1.2363071386371551 × 10^293 |
| 42 | ov_042 | 1.014570693957921 × 10^293 |
| 43 | ov_043 | 8.250441433029115 × 10^292 |
| 44 | ov_044 | 6.6435455633754 × 10^292 |
| 45 | ov_045 | 5.293138970134937 × 10^292 |
| 46 | ov_046 | 4.169140101409889 × 10^292 |
| 47 | ov_047 | 3.24322614671405 × 10^292 |
| 48 | ov_048 | 2.48880155746502 × 10^292 |
| 49 | ov_049 | 1.8809737899072219 × 10^292 |
| 50 | ov_050 | 1.3965350173253409 × 10^292 |
| 51 | ov_051 | 1.0139486688594972 × 10^292 |
| 52 | ov_052 | 7.228628580637653 × 10^291 |
| 53 | ov_053 | 5.050574339561085 × 10^291 |
| 54 | ov_054 | 3.4396254993865784 × 10^291 |
| 55 | ov_055 | 2.2465578709956237 × 10^291 |
| 56 | ov_056 | 1.400875187602757 × 10^291 |
| 57 | ov_057 | 8.40306203014629 × 10^290 |
| 58 | ov_058 | 4.6496987597219345 × 10^290 |
| 59 | ov_059 | 2.2903524532201595 × 10^290 |
| 60 | ov_060 | 9.488951894471808 × 10^289 |
| 61 | ov_061 | 3.3137723540955117 × 10^289 |
| 62 | ov_062 | 9.088351001866769 × 10^288 |
| 63 | ov_063 | 1.7709987518576288 × 10^288 |
| 64 | lv_79_m31 | 3.4503380934801646 × 10^287 |
| 65 | ov_065 | 4.136880701910916 × 10^288 |
| 66 | ov_066 | 4.13686809204339 × 10^288 |
| 67 | ov_067 | 4.136865005945649 × 10^288 |
| 68 | ov_068 | 3.582144438469784 × 10^288 |
| 69 | ov_069 | 3.086721432046817 × 10^288 |
| 70 | ov_070 | 2.645819499081397 × 10^288 |
| 71 | ov_071 | 2.2549559857804215 × 10^288 |
| 72 | ov_072 | 1.9099221760268522 × 10^288 |
| 73 | ov_073 | 1.6067651556797886 × 10^288 |
| 74 | ov_074 | 1.3417713438626127 × 10^288 |
| 75 | ov_075 | 1.111451601426233 × 10^288 |
| 76 | ov_076 | 9.12527829762451 × 10^287 |
| 77 | ov_077 | 7.419209755735713 × 10^287 |
| 78 | ov_078 | 5.967403591537348 × 10^287 |
| 79 | ov_079 | 4.742742452750049 × 10^287 |
| 80 | ov_080 | 3.719815769617281 × 10^287 |
| 81 | ov_081 | 2.874847933396696 × 10^287 |
| 82 | ov_082 | 2.1856365341634028 × 10^287 |
| 83 | ov_083 | 1.6314998813449778 × 10^287 |
| 84 | ov_084 | 1.1932330338351057 × 10^287 |
| 85 | ov_085 | 8.530715688680652 × 10^286 |
| 86 | ov_086 | 5.94662320362563 × 10^286 |
| 87 | ov_087 | 4.030403184046415 × 10^286 |
| 88 | ov_088 | 2.646111621254931 × 10^286 |
| 89 | ov_089 | 1.671380585695587 × 10^286 |
| 90 | ov_090 | 9.973276032872821 × 10^285 |
| 91 | ov_091 | 5.728736698907479 × 10^285 |
| 92 | ov_092 | 3.159530099859403 × 10^285 |
| 93 | ov_093 | 1.5787128394891838 × 10^285 |
| 94 | ov_094 | 6.762260583478896 × 10^284 |
| 95 | aaa_78_28 | 2.0881083627598872 × 10^284 |
| 96 | aaa_78_29 | 6.412619084949688 × 10^283 |
| 97 | ov_097 | 4.233784572987537 × 10^283 |
| 98 | ov_098 | 4.233657636530107 × 10^283 |
| 99 | ov_099 | 4.2336170745863667 × 10^283 |
| 100 | ov_100 | 3.809394237779384 × 10^283 |
| 101 | ov_101 | 3.4165478846017312 × 10^283 |
| 102 | ov_102 | 3.0533481073485505 × 10^283 |
| 103 | ov_103 | 2.7181906780548745 × 10^283 |
| 104 | ov_104 | 2.4095809036883496 × 10^283 |
| 105 | ov_105 | 2.126118943413469 × 10^283 |
| 106 | ov_106 | 1.8664865117100857 × 10^283 |
| 107 | ov_107 | 1.6294348939583796 × 10^283 |
| 108 | ov_108 | 1.413774203396734 × 10^283 |
| 109 | ov_109 | 1.2183638101906584 × 10^283 |
| 110 | ov_110 | 1.0421038747839133 × 10^283 |
| 111 | ov_111 | 8.839279187988165 × 10^282 |
| 112 | ov_112 | 7.427963675681332 × 10^282 |
| 113 | ov_113 | 6.176909989683713 × 10^282 |
| 114 | ov_114 | 5.0761023363145784 × 10^282 |
| 115 | ov_115 | 4.1156520188194124 × 10^282 |
| 116 | ov_116 | 3.285765229184019 × 10^282 |
| 117 | ov_117 | 2.5767173186254998 × 10^282 |
| 118 | ov_118 | 1.9788329036147158 × 10^282 |
| 119 | ov_119 | 1.4824706360391177 × 10^282 |
| 120 | ov_120 | 1.0780114663145779 × 10^282 |
| 121 | ov_121 | 7.558502855683624 × 10^281 |
| 122 | ov_122 | 5.0639054537252505 × 10^281 |
| 123 | ov_123 | 3.2004071752821458 × 10^281 |
| 124 | ov_124 | 1.872119047082376 × 10^281 |
| 125 | ov_125 | 9.831635929825205 × 10^280 |
| 126 | ov_126 | 4.3766727333379705 × 10^280 |
| 127 | aaa_77_28 | 1.3975758051679781 × 10^280 |
| 128 | aaa_77_29 | 5.23949462460095 × 10^279 |
| 129 | ov_129 | 4.871801932433758 × 10^279 |
| 130 | ov_130 | 4.871787940809926 × 10^279 |
| 131 | ov_131 | 4.871784555920405 × 10^279 |
| 132 | ov_132 | 4.2280060252499487 × 10^279 |
| 133 | ov_133 | 3.6510628307944835 × 10^279 |
| 134 | ov_134 | 3.135913328426066 × 10^279 |
| 135 | ov_135 | 2.677787628992916 × 10^279 |
| 136 | ov_136 | 2.2721681915654485 × 10^279 |
| 137 | ov_137 | 1.914773059576234 × 10^279 |
| 138 | ov_138 | 1.6015414910057548 × 10^279 |
| 139 | ov_139 | 1.328621746552937 × 10^279 |
| 140 | ov_140 | 1.092360812133369 × 10^279 |
| 141 | ov_141 | 8.892958441510962 × 10^278 |
| 142 | ov_142 | 7.16147137860637 × 10^278 |
| 143 | ov_143 | 5.6981243083152655 × 10^278 |
| 144 | ov_144 | 4.473623650948627 × 10^278 |
| 145 | ov_145 | 3.4603694302778486 × 10^278 |
| 146 | ov_146 | 2.6324282344679523 × 10^278 |
| 147 | ov_147 | 1.9655131575559853 × 10^278 |
| 148 | ov_148 | 1.4369694134222328 × 10^278 |
| 149 | ov_149 | 1.0257644275301227 × 10^278 |
| 150 | ov_150 | 7.124813249358623 × 10^277 |
| 151 | ov_151 | 4.793148462279229 × 10^277 |
| 152 | ov_152 | 3.100688754884723 × 10^277 |
| 153 | ov_153 | 1.9015498833701268 × 10^277 |
| 154 | ov_154 | 1.065916308684435 × 10^277 |
| 155 | ov_155 | 5.328966889090686 × 10^276 |
| 156 | aaa_76_25 | 2.048011884958991 × 10^276 |
| 157 | aaa_76_26 | 1.1830681445949532 × 10^276 |
| 158 | aaa_76_27 | 6.058274235701902 × 10^275 |
| 159 | aaa_76_28 | 2.359937700826916 × 10^275 |
| 160 | aaa_76_29 | 7.180558948041919 × 10^274 |

### Output Bits Sorted by Complexity

| Rank | Output Bit | Complexity |
|:----:|:----------:|:----------:|
| 160 | aaa_76_29 | 7.180558948041919 × 10^274 |
| 159 | aaa_76_28 | 2.359937700826916 × 10^275 |
| 158 | aaa_76_27 | 6.058274235701902 × 10^275 |
| 157 | aaa_76_26 | 1.1830681445949532 × 10^276 |
| 156 | aaa_76_25 | 2.048011884958991 × 10^276 |
| 155 | ov_155 | 5.328966889090686 × 10^276 |
| 154 | ov_154 | 1.065916308684435 × 10^277 |
| 153 | ov_153 | 1.9015498833701268 × 10^277 |
| 152 | ov_152 | 3.100688754884723 × 10^277 |
| 151 | ov_151 | 4.793148462279229 × 10^277 |
| 150 | ov_150 | 7.124813249358623 × 10^277 |
| 149 | ov_149 | 1.0257644275301227 × 10^278 |
| 148 | ov_148 | 1.4369694134222328 × 10^278 |
| 147 | ov_147 | 1.9655131575559853 × 10^278 |
| 146 | ov_146 | 2.6324282344679523 × 10^278 |
| 145 | ov_145 | 3.4603694302778486 × 10^278 |
| 144 | ov_144 | 4.473623650948627 × 10^278 |
| 143 | ov_143 | 5.6981243083152655 × 10^278 |
| 142 | ov_142 | 7.16147137860637 × 10^278 |
| 141 | ov_141 | 8.892958441510962 × 10^278 |
| 140 | ov_140 | 1.092360812133369 × 10^279 |
| 139 | ov_139 | 1.328621746552937 × 10^279 |
| 138 | ov_138 | 1.6015414910057548 × 10^279 |
| 137 | ov_137 | 1.914773059576234 × 10^279 |
| 136 | ov_136 | 2.2721681915654485 × 10^279 |
| 135 | ov_135 | 2.677787628992916 × 10^279 |
| 134 | ov_134 | 3.135913328426066 × 10^279 |
| 133 | ov_133 | 3.6510628307944835 × 10^279 |
| 132 | ov_132 | 4.2280060252499487 × 10^279 |
| 131 | ov_131 | 4.871784555920405 × 10^279 |
| 130 | ov_130 | 4.871787940809926 × 10^279 |
| 129 | ov_129 | 4.871801932433758 × 10^279 |
| 128 | aaa_77_29 | 5.23949462460095 × 10^279 |
| 127 | aaa_77_28 | 1.3975758051679781 × 10^280 |
| 126 | ov_126 | 4.3766727333379705 × 10^280 |
| 125 | ov_125 | 9.831635929825205 × 10^280 |
| 124 | ov_124 | 1.872119047082376 × 10^281 |
| 123 | ov_123 | 3.2004071752821458 × 10^281 |
| 122 | ov_122 | 5.0639054537252505 × 10^281 |
| 121 | ov_121 | 7.558502855683624 × 10^281 |
| 120 | ov_120 | 1.0780114663145779 × 10^282 |
| 119 | ov_119 | 1.4824706360391177 × 10^282 |
| 118 | ov_118 | 1.9788329036147158 × 10^282 |
| 117 | ov_117 | 2.5767173186254998 × 10^282 |
| 116 | ov_116 | 3.285765229184019 × 10^282 |
| 115 | ov_115 | 4.1156520188194124 × 10^282 |
| 114 | ov_114 | 5.0761023363145784 × 10^282 |
| 113 | ov_113 | 6.176909989683713 × 10^282 |
| 112 | ov_112 | 7.427963675681332 × 10^282 |
| 111 | ov_111 | 8.839279187988165 × 10^282 |
| 110 | ov_110 | 1.0421038747839133 × 10^283 |
| 109 | ov_109 | 1.2183638101906584 × 10^283 |
| 108 | ov_108 | 1.413774203396734 × 10^283 |
| 107 | ov_107 | 1.6294348939583796 × 10^283 |
| 106 | ov_106 | 1.8664865117100857 × 10^283 |
| 105 | ov_105 | 2.126118943413469 × 10^283 |
| 104 | ov_104 | 2.4095809036883496 × 10^283 |
| 103 | ov_103 | 2.7181906780548745 × 10^283 |
| 102 | ov_102 | 3.0533481073485505 × 10^283 |
| 101 | ov_101 | 3.4165478846017312 × 10^283 |
| 100 | ov_100 | 3.809394237779384 × 10^283 |
| 99 | ov_099 | 4.2336170745863667 × 10^283 |
| 98 | ov_098 | 4.233657636530107 × 10^283 |
| 97 | ov_097 | 4.233784572987537 × 10^283 |
| 96 | aaa_78_29 | 6.412619084949688 × 10^283 |
| 95 | aaa_78_28 | 2.0881083627598872 × 10^284 |
| 94 | ov_094 | 6.762260583478896 × 10^284 |
| 93 | ov_093 | 1.5787128394891838 × 10^285 |
| 92 | ov_092 | 3.159530099859403 × 10^285 |
| 91 | ov_091 | 5.728736698907479 × 10^285 |
| 90 | ov_090 | 9.973276032872821 × 10^285 |
| 89 | ov_089 | 1.671380585695587 × 10^286 |
| 88 | ov_088 | 2.646111621254931 × 10^286 |
| 87 | ov_087 | 4.030403184046415 × 10^286 |
| 86 | ov_086 | 5.94662320362563 × 10^286 |
| 85 | ov_085 | 8.530715688680652 × 10^286 |
| 84 | ov_084 | 1.1932330338351057 × 10^287 |
| 83 | ov_083 | 1.6314998813449778 × 10^287 |
| 82 | ov_082 | 2.1856365341634028 × 10^287 |
| 81 | ov_081 | 2.874847933396696 × 10^287 |
| 64 | lv_79_m31 | 3.4503380934801646 × 10^287 |
| 80 | ov_080 | 3.719815769617281 × 10^287 |
| 79 | ov_079 | 4.742742452750049 × 10^287 |
| 78 | ov_078 | 5.967403591537348 × 10^287 |
| 77 | ov_077 | 7.419209755735713 × 10^287 |
| 76 | ov_076 | 9.12527829762451 × 10^287 |
| 75 | ov_075 | 1.111451601426233 × 10^288 |
| 74 | ov_074 | 1.3417713438626127 × 10^288 |
| 73 | ov_073 | 1.6067651556797886 × 10^288 |
| 63 | ov_063 | 1.7709987518576288 × 10^288 |
| 72 | ov_072 | 1.9099221760268522 × 10^288 |
| 71 | ov_071 | 2.2549559857804215 × 10^288 |
| 70 | ov_070 | 2.645819499081397 × 10^288 |
| 69 | ov_069 | 3.086721432046817 × 10^288 |
| 68 | ov_068 | 3.582144438469784 × 10^288 |
| 67 | ov_067 | 4.136865005945649 × 10^288 |
| 66 | ov_066 | 4.13686809204339 × 10^288 |
| 65 | ov_065 | 4.136880701910916 × 10^288 |
| 62 | ov_062 | 9.088351001866769 × 10^288 |
| 61 | ov_061 | 3.3137723540955117 × 10^289 |
| 60 | ov_060 | 9.488951894471808 × 10^289 |
| 59 | ov_059 | 2.2903524532201595 × 10^290 |
| 58 | ov_058 | 4.6496987597219345 × 10^290 |
| 57 | ov_057 | 8.40306203014629 × 10^290 |
| 56 | ov_056 | 1.400875187602757 × 10^291 |
| 55 | ov_055 | 2.2465578709956237 × 10^291 |
| 54 | ov_054 | 3.4396254993865784 × 10^291 |
| 53 | ov_053 | 5.050574339561085 × 10^291 |
| 52 | ov_052 | 7.228628580637653 × 10^291 |
| 51 | ov_051 | 1.0139486688594972 × 10^292 |
| 50 | ov_050 | 1.3965350173253409 × 10^292 |
| 49 | ov_049 | 1.8809737899072219 × 10^292 |
| 48 | ov_048 | 2.48880155746502 × 10^292 |
| 47 | ov_047 | 3.24322614671405 × 10^292 |
| 32 | lv_80_m31 | 3.7582350376569845 × 10^292 |
| 46 | ov_046 | 4.169140101409889 × 10^292 |
| 45 | ov_045 | 5.293138970134937 × 10^292 |
| 44 | ov_044 | 6.6435455633754 × 10^292 |
| 43 | ov_043 | 8.250441433029115 × 10^292 |
| 42 | ov_042 | 1.014570693957921 × 10^293 |
| 41 | ov_041 | 1.2363071386371551 × 10^293 |
| 40 | ov_040 | 1.4920840985869355 × 10^293 |
| 39 | ov_039 | 1.7838335487369459 × 10^293 |
| 31 | ov_031 | 1.9276685504676253 × 10^293 |
| 38 | ov_038 | 2.115525716789033 × 10^293 |
| 37 | ov_037 | 2.4913492205855455 × 10^293 |
| 36 | ov_036 | 2.9157237558694484 × 10^293 |
| 35 | ov_035 | 3.3910456067917414 × 10^293 |
| 34 | ov_034 | 3.9222435408487925 × 10^293 |
| 33 | ov_033 | 4.514529358726881 × 10^293 |
| 30 | ov_030 | 9.883494194868206 × 10^293 |
| 29 | ov_029 | 3.232572308556493 × 10^294 |
| 28 | ov_028 | 8.387309005697745 × 10^294 |
| 27 | ov_027 | 1.8739641517078305 × 10^295 |
| 26 | ov_026 | 3.9748173079423486 × 10^295 |
| 25 | ov_025 | 7.864039589918831 × 10^295 |
| 24 | ov_024 | 1.4441274179451428 × 10^296 |
| 23 | ov_023 | 2.478307395019289 × 10^296 |
| 22 | ov_022 | 4.014294135882026 × 10^296 |
| 21 | ov_021 | 6.195141321944718 × 10^296 |
| 20 | ov_020 | 9.181621544621097 × 10^296 |
| 19 | ov_019 | 1.3152251591949193 × 10^297 |
| 18 | ov_018 | 1.8303331343752557 × 10^297 |
| 17 | ov_017 | 2.484900164565553 × 10^297 |
| 16 | ov_016 | 3.302132718991875 × 10^297 |
| 15 | ov_015 | 4.307041087730914 × 10^297 |
| 14 | ov_014 | 5.526454853146303 × 10^297 |
| 13 | ov_013 | 6.989043594055967 × 10^297 |
| 12 | ov_012 | 8.72534411909063 × 10^297 |
| 11 | ov_011 | 1.07677954674872 × 10^298 |
| 10 | ov_010 | 1.3150783048270202 × 10^298 |
| 9 | ov_009 | 1.591069361261854 × 10^298 |
| 8 | ov_008 | 1.9085982983772256 × 10^298 |
| 7 | ov_007 | 2.2717258604452442 × 10^298 |
| 6 | ov_006 | 2.6847379099111385 × 10^298 |
| 5 | ov_005 | 3.1521573187929993 × 10^298 |
| 4 | ov_004 | 3.6787580431970003 × 10^298 |
| 3 | ov_003 | 4.2695816261679 × 10^298 |
| 2 | ov_002 | 4.92995633618477 × 10^298 |
| 1 | ov_001 | 5.665519127614879 × 10^298 |

