# Results for F001-F002-F003-F004-F005-F006-F007-F008-F009-F010-F011-F012-F013-F014-F015-F016-F017-F018-F019-F020-F021-F022-F023-F024-F025-F026-F027-F028-F029-F030-F031-F032-F033-F034-F035-F036-F037-F038-F039-F040-F041-F042-F043-F044-F045-F046-F047-F048-F049-F050-F051-F052-F053-F054-F055-F056-F057-F058-F059-F060-F061-F062-F063-F064-F065-F066-F067-F068-F069-F070-F071-F072-F073-F074-F075-F076-F077-F078-F079-F080-F081-F082-F083-F084-F085-F086-F087-F088-F089-F090-F091-F092-F093-F094-F095-F096-F097-F098-F099-F100-F101-F102-F103-F104-F105-F106-F107-F108-F109-F110-F111-F112-F113-F114-F115-F116-F117-F118-F119-F120-F121-F122-F123-F124-F125-F126-F127-F128-F129-F130-F131-F132-F133-F134-F135-F136-F137-F138-F139-F140-F141-F142-F143-F144-F145-F146-F147-F148-F149-F150-F151-F152-F153-F154-F155-F156-F157-F158-F159-F160-F161-F162-F163-F164-F165-F166-F167-F168-F169-F170-F171-F172-F173-F174-F175-F176-F177-F178-F179-F180-F181-F182-F183-F184-F185-F186-F187-F188-F189-F190-F191-F192-F193-F194-F195-F196-F197-F198-F199-F200-F201-F202-F203-F204-F205-F206-F207-F208-F209-F210-F211-F212-F213-F214-F215-F216-F217-F218-F219-F220-F221-F222-F223-F224-F225-F226-F227-F228-F229-F230-F231-F232-F233-F234-F235-F236-F237-F238-F239-F240-F241-F242-F243-F244-F245-F246-F247-F248-F249-F250-F251-F252-F253-F254-F255-F256-F257-F258-F259-F260-F261-F262-F263-F264-F265-F266-F267-F268-F269-F270-F271-F272-F273-F274-F275-F276-F277-F278-F279-F280-F281-F282-F283-F284-F285-F286-F287-F288-F289-F290-F291-F292-F293-F294-F295-F296-F297-F298-F299-F300-F301-F302-F303-F304-F305-F306-F307-F308-F309-F310-F311-F312-F313-F314-F315-F316-F317-F318-F319-F320-F321-F322-F323-F324-F325-F326-F327-F328-F329-F330-F331-F332-F333-F334-F335-F336-F337-F338-F339-F340-F341-F342-F343-F344-F345-F346-F347-F348-F349-F350-F351-F352-F353-F354-F355-F356-F357-F358-F359-F360-F361-F362-F363-F364-F365-F366-F367-F368-F369-F370-F371-F372-F373-F374-F375-F376-F377-F378-F379-F380-F381-F382-F383-F384-F385-F386-F387-F388-F389-F390-F391-F392-F393-F394-F395-F396-F397-F398-F399-F400-F401-F402-F403-F404-F405-F406-F407-F408-F409-F410-F411-F412-F413-F414-F415-F416-F417-F418-F419-F420-F421-F422-F423-F424-F425-F426-F427-F428-F429-F430-F431-F432-F433-F434-F435-F436-F437-F438-F439-F440-F441-F442-F443-F444-F445-F446-F447-F448-F449-F450-F451-F452-F453-F454-F455-F456-F457-F458-F459-F460-F461-F462-F463-F464-F465-F466-F467-F468-F469-F470-F471-F472-F473-F474-F475-F476-F477-F478-F479-F480-F481-F482-F483-F484-F485-F486-F487-F488-F489-F490-F491-F492-F493-F494-F495-F496-T500-F510-F511-F512

## Summary

Number of input bits: 512  
Number of free input bits: 12  
Number of output bits: 160

Number of direct occurrences: 49121  
Number of assignments: 31466  
Number of operations: 11361591
(xor: 11333186,
and: 14966,
or: 13439)

Total complexity: 5.2729918976310375 × 10^303

Least occurring input variable: iv_498 (3951)  
Most occurring input variable: iv_509 (4283)

Most co-occurring input variables: iv_503-iv_509 (2081)  
Least co-occurring input variables: iv_497-iv_508 (1784)

Potentially most occurring input variable: iv_497/iv_508 (4641)  
Potentially least occurring input variable: iv_497/iv_499 (4183)

Least output occurring input variable: iv_501 (69)  
Most output occurring input variable: iv_509 (87)

Most output co-occurring input variables: iv_507-iv_509 (48)  
Least output co-occurring input variables: iv_501-iv_504 (28)

Potentially most output occurring input variable: iv_504/iv_509 (95)  
Potentially least output occurring input variable: iv_501/iv_505 (68)

Least complex input bit: iv_497 (9.026150123433995 × 10^300)  
Most complex input bit: iv_509 (9.535814069343762 × 10^302)

Least complex output bit: aaa_76_29 (2.8113699236282552 × 10^278)  
Most complex output bit: ov_001 (8.363826417456242 × 10^302)

Least complex input/output complexity: iv_497/aaa_76_29 (4.812419111543904 × 10^275)  
Most complex input/output complexity: iv_509/ov_001 (1.5125358652828506 × 10^302)

## Input Bits

### Input Bits in Regular Order

| Input Bit | Complexity | Occurrences | Output Occurrences |
|:---------:|:----------:|:-----------:|:------------------:|
| iv_497 | 9.026150123433995 × 10^300 | 4134 | 78 |
| iv_498 | 1.270016811916669 × 10^301 | 3951 | 79 |
| iv_499 | 2.138740778120695 × 10^301 | 4019 | 75 |
| iv_501 | 9.616342484890087 × 10^301 | 4129 | 69 |
| iv_502 | 1.9276050911249543 × 10^302 | 4082 | 79 |
| iv_503 | 3.443398874265238 × 10^302 | 4173 | 71 |
| iv_504 | 5.750855013667389 × 10^302 | 4033 | 76 |
| iv_505 | 9.179277830764105 × 10^302 | 4018 | 73 |
| iv_506 | 4.9814401581459576 × 10^302 | 4016 | 81 |
| iv_507 | 7.1117970278565125 × 10^302 | 4208 | 79 |
| iv_508 | 9.406959402415431 × 10^302 | 4075 | 78 |
| iv_509 | 9.535814069343762 × 10^302 | 4283 | 87 |

### Input Bits Sorted by Complexity

| Input Bit | Complexity | Occurrences | Output Occurrences |
|:---------:|:----------:|:-----------:|:------------------:|
| iv_497 | 9.026150123433995 × 10^300 | 4134 | 78 |
| iv_498 | 1.270016811916669 × 10^301 | 3951 | 79 |
| iv_499 | 2.138740778120695 × 10^301 | 4019 | 75 |
| iv_501 | 9.616342484890087 × 10^301 | 4129 | 69 |
| iv_502 | 1.9276050911249543 × 10^302 | 4082 | 79 |
| iv_503 | 3.443398874265238 × 10^302 | 4173 | 71 |
| iv_506 | 4.9814401581459576 × 10^302 | 4016 | 81 |
| iv_504 | 5.750855013667389 × 10^302 | 4033 | 76 |
| iv_507 | 7.1117970278565125 × 10^302 | 4208 | 79 |
| iv_505 | 9.179277830764105 × 10^302 | 4018 | 73 |
| iv_508 | 9.406959402415431 × 10^302 | 4075 | 78 |
| iv_509 | 9.535814069343762 × 10^302 | 4283 | 87 |

### Input Bits Sorted by Occurrences

| Input Bit | Complexity | Occurrences | Output Occurrences |
|:---------:|:----------:|:-----------:|:------------------:|
| iv_498 | 1.270016811916669 × 10^301 | 3951 | 79 |
| iv_506 | 4.9814401581459576 × 10^302 | 4016 | 81 |
| iv_505 | 9.179277830764105 × 10^302 | 4018 | 73 |
| iv_499 | 2.138740778120695 × 10^301 | 4019 | 75 |
| iv_504 | 5.750855013667389 × 10^302 | 4033 | 76 |
| iv_508 | 9.406959402415431 × 10^302 | 4075 | 78 |
| iv_502 | 1.9276050911249543 × 10^302 | 4082 | 79 |
| iv_501 | 9.616342484890087 × 10^301 | 4129 | 69 |
| iv_497 | 9.026150123433995 × 10^300 | 4134 | 78 |
| iv_503 | 3.443398874265238 × 10^302 | 4173 | 71 |
| iv_507 | 7.1117970278565125 × 10^302 | 4208 | 79 |
| iv_509 | 9.535814069343762 × 10^302 | 4283 | 87 |

### Input Bits Sorted by Output Occurrences

| Input Bit | Complexity | Occurrences | Output Occurrences |
|:---------:|:----------:|:-----------:|:------------------:|
| iv_501 | 9.616342484890087 × 10^301 | 4129 | 69 |
| iv_503 | 3.443398874265238 × 10^302 | 4173 | 71 |
| iv_505 | 9.179277830764105 × 10^302 | 4018 | 73 |
| iv_499 | 2.138740778120695 × 10^301 | 4019 | 75 |
| iv_504 | 5.750855013667389 × 10^302 | 4033 | 76 |
| iv_508 | 9.406959402415431 × 10^302 | 4075 | 78 |
| iv_497 | 9.026150123433995 × 10^300 | 4134 | 78 |
| iv_498 | 1.270016811916669 × 10^301 | 3951 | 79 |
| iv_502 | 1.9276050911249543 × 10^302 | 4082 | 79 |
| iv_507 | 7.1117970278565125 × 10^302 | 4208 | 79 |
| iv_506 | 4.9814401581459576 × 10^302 | 4016 | 81 |
| iv_509 | 9.535814069343762 × 10^302 | 4283 | 87 |

## Input Bit Co-occurrences

### Input Bit Co-occurrences Sorted by Co-occurrences

| Input Bits | Co-occurrences | Potential Occurrences | Output Co-occurrences | Potential Output Occurrences |
|:----------:|:--------------:|:---------------------:|:---------------------:|:----------------------------:|
| iv_503-iv_509 | 2081 | 4294 | 38 | 82 |
| iv_507-iv_509 | 2079 | 4333 | 48 | 70 |
| iv_506-iv_509 | 2043 | 4213 | 43 | 82 |
| iv_501-iv_507 | 2030 | 4277 | 32 | 84 |
| iv_501-iv_503 | 2023 | 4256 | 31 | 78 |
| iv_497-iv_509 | 2020 | 4377 | 44 | 77 |
| iv_508-iv_509 | 2013 | 4332 | 39 | 87 |
| iv_499-iv_509 | 1999 | 4304 | 44 | 74 |
| iv_502-iv_507 | 1997 | 4296 | 34 | 90 |
| iv_503-iv_507 | 1995 | 4391 | 36 | 78 |
| iv_499-iv_507 | 1995 | 4237 | 37 | 80 |
| iv_503-iv_504 | 1994 | 4218 | 37 | 73 |

### Input Bit Co-occurrences Sorted by Potential Occurrences

| Input Bits | Co-occurrences | Potential Occurrences | Output Co-occurrences | Potential Output Occurrences |
|:----------:|:--------------:|:---------------------:|:---------------------:|:----------------------------:|
| iv_497-iv_499 | 1985 | 4183 | 36 | 81 |
| iv_504-iv_505 | 1933 | 4185 | 32 | 85 |
| iv_499-iv_501 | 1974 | 4200 | 32 | 80 |
| iv_506-iv_509 | 2043 | 4213 | 43 | 82 |
| iv_503-iv_504 | 1994 | 4218 | 37 | 73 |
| iv_502-iv_506 | 1934 | 4230 | 41 | 78 |
| iv_502-iv_505 | 1934 | 4232 | 33 | 86 |
| iv_501-iv_502 | 1988 | 4235 | 37 | 74 |
| iv_499-iv_507 | 1995 | 4237 | 37 | 80 |
| iv_501-iv_505 | 1953 | 4241 | 37 | 68 |
| iv_501-iv_506 | 1950 | 4245 | 38 | 74 |
| iv_501-iv_504 | 1956 | 4250 | 28 | 89 |

### Input Bit Output Co-occurrences Sorted by Output Co-occurrences

| Input Bits | Co-occurrences | Potential Occurrences | Output Co-occurrences | Potential Output Occurrences |
|:----------:|:--------------:|:---------------------:|:---------------------:|:----------------------------:|
| iv_507-iv_509 | 2079 | 4333 | 48 | 70 |
| iv_498-iv_509 | 1881 | 4472 | 47 | 72 |
| iv_502-iv_509 | 1985 | 4395 | 46 | 74 |
| iv_499-iv_509 | 1999 | 4304 | 44 | 74 |
| iv_498-iv_507 | 1890 | 4379 | 44 | 70 |
| iv_497-iv_509 | 2020 | 4377 | 44 | 77 |
| iv_504-iv_506 | 1894 | 4261 | 43 | 71 |
| iv_506-iv_509 | 2043 | 4213 | 43 | 82 |
| iv_497-iv_507 | 1970 | 4402 | 42 | 73 |
| iv_504-iv_508 | 1875 | 4358 | 41 | 72 |
| iv_497-iv_505 | 1886 | 4380 | 41 | 69 |
| iv_497-iv_506 | 1925 | 4300 | 41 | 77 |

### Input Bit Output Co-occurrences Sorted by Potential Output Occurrences

| Input Bits | Co-occurrences | Potential Occurrences | Output Co-occurrences | Potential Output Occurrences |
|:----------:|:--------------:|:---------------------:|:---------------------:|:----------------------------:|
| iv_501-iv_505 | 1953 | 4241 | 37 | 68 |
| iv_497-iv_505 | 1886 | 4380 | 41 | 69 |
| iv_507-iv_509 | 2079 | 4333 | 48 | 70 |
| iv_498-iv_507 | 1890 | 4379 | 44 | 70 |
| iv_504-iv_506 | 1894 | 4261 | 43 | 71 |
| iv_498-iv_509 | 1881 | 4472 | 47 | 72 |
| iv_504-iv_508 | 1875 | 4358 | 41 | 72 |
| iv_503-iv_504 | 1994 | 4218 | 37 | 73 |
| iv_497-iv_507 | 1970 | 4402 | 42 | 73 |
| iv_502-iv_509 | 1985 | 4395 | 46 | 74 |
| iv_499-iv_509 | 1999 | 4304 | 44 | 74 |
| iv_501-iv_506 | 1950 | 4245 | 38 | 74 |

## Output Bits

### Output Bits in Regular Order

| Rank | Output Bit | Complexity |
|:----:|:----------:|:----------:|
| 1 | ov_001 | 8.363826417456242 × 10^302 |
| 2 | ov_002 | 7.262845010155478 × 10^302 |
| 3 | ov_003 | 6.275713161419026 × 10^302 |
| 4 | ov_004 | 5.393837088094027 × 10^302 |
| 5 | ov_005 | 4.60909278095339 × 10^302 |
| 6 | ov_006 | 3.9137928739768563 × 10^302 |
| 7 | ov_007 | 3.3006577724514267 × 10^302 |
| 8 | ov_008 | 2.7627906828761745 × 10^302 |
| 9 | ov_009 | 2.2936562106746934 × 10^302 |
| 10 | ov_010 | 1.8870621626058602 × 10^302 |
| 11 | ov_011 | 1.5371442069929274 × 10^302 |
| 12 | ov_012 | 1.238353106593424 × 10^302 |
| 13 | ov_013 | 9.85444259542102 × 10^301 |
| 14 | ov_014 | 7.734692634110211 × 10^301 |
| 15 | ov_015 | 5.977692171404145 × 10^301 |
| 16 | ov_016 | 4.539694954651145 × 10^301 |
| 17 | ov_017 | 3.3797575020547693 × 10^301 |
| 18 | ov_018 | 2.4597091244739447 × 10^301 |
| 19 | ov_019 | 1.7441298923125455 × 10^301 |
| 20 | ov_020 | 1.2003346792454882 × 10^301 |
| 21 | ov_021 | 7.983616899869358 × 10^300 |
| 22 | ov_022 | 5.1096430276287606 × 10^300 |
| 23 | ov_023 | 3.136054439568105 × 10^300 |
| 24 | ov_024 | 1.844539022528511 × 10^300 |
| 25 | ov_025 | 1.0438208707652684 × 10^300 |
| 26 | ov_026 | 5.696481352470307 × 10^299 |
| 27 | ov_027 | 2.8478741383113314 × 10^299 |
| 28 | ov_028 | 1.2737621360434862 × 10^299 |
| 29 | ov_029 | 4.905992536625207 × 10^298 |
| 30 | ov_030 | 1.4991683127373284 × 10^298 |
| 31 | ov_031 | 2.9227258886733286 × 10^297 |
| 32 | lv_80_m31 | 5.696990345160508 × 10^296 |
| 33 | ov_033 | 6.86459357959626 × 10^297 |
| 34 | ov_034 | 5.9549869191967244 × 10^297 |
| 35 | ov_035 | 5.1415068006075536 × 10^297 |
| 36 | ov_036 | 4.41644623096403 × 10^297 |
| 37 | ov_037 | 3.772516480497644 × 10^297 |
| 38 | ov_038 | 3.20281744594391 × 10^297 |
| 39 | ov_039 | 2.700811972484321 × 10^297 |
| 40 | ov_040 | 2.2603037649932574 × 10^297 |
| 41 | ov_041 | 1.875418538008201 × 10^297 |
| 42 | ov_042 | 1.5405880721716026 × 10^297 |
| 43 | ov_043 | 1.2531029529418837 × 10^297 |
| 44 | ov_044 | 1.0079693352129907 × 10^297 |
| 45 | ov_045 | 8.004659950346425 × 10^296 |
| 46 | ov_046 | 6.2613704710943 × 10^296 |
| 47 | ov_047 | 4.828200749787301 × 10^296 |
| 48 | ov_048 | 3.6657384305247642 × 10^296 |
| 49 | ov_049 | 2.737087865253628 × 10^296 |
| 50 | ov_050 | 2.0078448236060914 × 10^296 |
| 51 | ov_051 | 1.446078263485966 × 10^296 |
| 52 | ov_052 | 1.0223175712406608 × 10^296 |
| 53 | ov_053 | 7.095438485007383 × 10^295 |
| 54 | ov_054 | 4.831840482301507 × 10^295 |
| 55 | ov_055 | 3.2110709226590914 × 10^295 |
| 56 | ov_056 | 2.0362140082795822 × 10^295 |
| 57 | ov_057 | 1.2149082369505146 × 10^295 |
| 58 | ov_058 | 6.669795345664692 × 10^294 |
| 59 | ov_059 | 3.24438461963764 × 10^294 |
| 60 | ov_060 | 1.3147894567098737 × 10^294 |
| 61 | ov_061 | 4.447781967981324 × 10^293 |
| 62 | ov_062 | 1.1917868399420026 × 10^293 |
| 63 | ov_063 | 2.636787124144423 × 10^292 |
| 64 | lv_79_m31 | 5.138675490387265 × 10^291 |
| 65 | ov_065 | 6.120995749044559 × 10^292 |
| 66 | ov_066 | 6.120979856296994 × 10^292 |
| 67 | ov_067 | 6.120976086126882 × 10^292 |
| 68 | ov_068 | 5.3017491963325 × 10^292 |
| 69 | ov_069 | 4.56804061215382 × 10^292 |
| 70 | ov_070 | 3.913536396598497 × 10^292 |
| 71 | ov_071 | 3.332219469058882 × 10^292 |
| 72 | ov_072 | 2.8183519198634193 × 10^292 |
| 73 | ov_073 | 2.3664611479359165 × 10^292 |
| 74 | ov_074 | 1.971329141232891 × 10^292 |
| 75 | ov_075 | 1.6279842555546535 × 10^292 |
| 76 | ov_076 | 1.331694881876981 × 10^292 |
| 77 | ov_077 | 1.0779644257738306 × 10^292 |
| 78 | ov_078 | 8.625271131792011 × 10^291 |
| 79 | ov_079 | 6.813443391990665 × 10^291 |
| 80 | ov_080 | 5.306014671498834 × 10^291 |
| 81 | ov_081 | 4.067050473608775 × 10^291 |
| 82 | ov_082 | 3.062804255164618 × 10^291 |
| 83 | ov_083 | 2.2616971048571363 × 10^291 |
| 84 | ov_084 | 1.634300717049668 × 10^291 |
| 85 | ov_085 | 1.1533233626156987 × 10^291 |
| 86 | ov_086 | 7.935985588241038 × 10^290 |
| 87 | ov_087 | 5.320761406733238 × 10^290 |
| 88 | ov_088 | 3.4781543630418506 × 10^290 |
| 89 | ov_089 | 2.2198024925423823 × 10^290 |
| 90 | ov_090 | 1.3783535038721838 × 10^290 |
| 91 | ov_091 | 8.074418236515351 × 10^289 |
| 92 | ov_092 | 4.391291402649859 × 10^289 |
| 93 | ov_093 | 2.1596113387435995 × 10^289 |
| 94 | ov_094 | 9.096503903597745 × 10^288 |
| 95 | aaa_78_28 | 2.7648649215929744 × 10^288 |
| 96 | aaa_78_29 | 8.282026846989146 × 10^287 |
| 97 | ov_097 | 4.3131725918513 × 10^287 |
| 98 | ov_098 | 4.313123515444379 × 10^287 |
| 99 | ov_099 | 4.313107839216497 × 10^287 |
| 100 | ov_100 | 3.543792523910781 × 10^287 |
| 101 | ov_101 | 2.8900603039661068 × 10^287 |
| 102 | ov_102 | 2.3398036551893312 × 10^287 |
| 103 | ov_103 | 1.881579932495431 × 10^287 |
| 104 | ov_104 | 1.5045629212163422 × 10^287 |
| 105 | ov_105 | 1.1985006795156157 × 10^287 |
| 106 | ov_106 | 9.536790994368309 × 10^286 |
| 107 | ov_107 | 7.608906436426384 × 10^286 |
| 108 | ov_108 | 6.1140774337207745 × 10^286 |
| 109 | ov_109 | 4.969603707659009 × 10^286 |
| 110 | ov_110 | 4.0971732566314848 × 10^286 |
| 111 | ov_111 | 3.422708034112742 × 10^286 |
| 112 | ov_112 | 2.8762383628605626 × 10^286 |
| 113 | ov_113 | 2.391802268924924 × 10^286 |
| 114 | ov_114 | 1.9655326089487902 × 10^286 |
| 115 | ov_115 | 1.5936084916940556 × 10^286 |
| 116 | ov_116 | 1.2722430758600702 × 10^286 |
| 117 | ov_117 | 9.9767391390883 × 10^285 |
| 118 | ov_118 | 7.661555890987064 × 10^285 |
| 119 | ov_119 | 5.739543930401061 × 10^285 |
| 120 | ov_120 | 4.1734461502986314 × 10^285 |
| 121 | ov_121 | 2.9260586990284086 × 10^285 |
| 122 | ov_122 | 1.9602113042522525 × 10^285 |
| 123 | ov_123 | 1.2387533795986468 × 10^285 |
| 124 | ov_124 | 7.245446513762449 × 10^284 |
| 125 | ov_125 | 3.804493507090408 × 10^284 |
| 126 | ov_126 | 1.6933325038021753 × 10^284 |
| 127 | aaa_77_28 | 5.406252715750095 × 10^283 |
| 128 | aaa_77_29 | 2.0262525417035194 × 10^283 |
| 129 | ov_129 | 1.873398372169705 × 10^283 |
| 130 | ov_130 | 1.873392897032388 × 10^283 |
| 131 | ov_131 | 1.8733915733864605 × 10^283 |
| 132 | ov_132 | 1.6237354834642564 × 10^283 |
| 133 | ov_133 | 1.400150319209996 × 10^283 |
| 134 | ov_134 | 1.2006690084263041 × 10^283 |
| 135 | ov_135 | 1.0234294968688865 × 10^283 |
| 136 | ov_136 | 8.666672180475286 × 10^282 |
| 137 | ov_137 | 7.287086146307382 × 10^282 |
| 138 | ov_138 | 6.079656109209485 × 10^282 |
| 139 | ov_139 | 5.0293094097584153 × 10^282 |
| 140 | ov_140 | 4.121742419132892 × 10^282 |
| 141 | ov_141 | 3.34338826786624 × 10^282 |
| 142 | ov_142 | 2.6813905618209574 × 10^282 |
| 143 | ov_143 | 2.1235823239478086 × 10^282 |
| 144 | ov_144 | 1.6584694470135116 × 10^282 |
| 145 | ov_145 | 1.275217988821699 × 10^282 |
| 146 | ov_146 | 9.636446876131263 × 10^281 |
| 147 | ov_147 | 7.142101213800381 × 10^281 |
| 148 | ov_148 | 5.1801398080567 × 10^281 |
| 149 | ov_149 | 3.667919714655698 × 10^281 |
| 150 | ov_150 | 2.529139068165614 × 10^281 |
| 151 | ov_151 | 1.693825993621124 × 10^281 |
| 152 | ov_152 | 1.098332191715747 × 10^281 |
| 153 | ov_153 | 6.853289281144784 × 10^280 |
| 154 | ov_154 | 4.038043432516889 × 10^280 |
| 155 | ov_155 | 2.0906168658728907 × 10^280 |
| 156 | aaa_76_25 | 8.033121930444212 × 10^279 |
| 157 | aaa_76_26 | 4.6388226694966697 × 10^279 |
| 158 | aaa_76_27 | 2.3744916327041585 × 10^279 |
| 159 | aaa_76_28 | 9.244731664394235 × 10^278 |
| 160 | aaa_76_29 | 2.8113699236282552 × 10^278 |

### Output Bits Sorted by Complexity

| Rank | Output Bit | Complexity |
|:----:|:----------:|:----------:|
| 160 | aaa_76_29 | 2.8113699236282552 × 10^278 |
| 159 | aaa_76_28 | 9.244731664394235 × 10^278 |
| 158 | aaa_76_27 | 2.3744916327041585 × 10^279 |
| 157 | aaa_76_26 | 4.6388226694966697 × 10^279 |
| 156 | aaa_76_25 | 8.033121930444212 × 10^279 |
| 155 | ov_155 | 2.0906168658728907 × 10^280 |
| 154 | ov_154 | 4.038043432516889 × 10^280 |
| 153 | ov_153 | 6.853289281144784 × 10^280 |
| 152 | ov_152 | 1.098332191715747 × 10^281 |
| 151 | ov_151 | 1.693825993621124 × 10^281 |
| 150 | ov_150 | 2.529139068165614 × 10^281 |
| 149 | ov_149 | 3.667919714655698 × 10^281 |
| 148 | ov_148 | 5.1801398080567 × 10^281 |
| 147 | ov_147 | 7.142101213800381 × 10^281 |
| 146 | ov_146 | 9.636446876131263 × 10^281 |
| 145 | ov_145 | 1.275217988821699 × 10^282 |
| 144 | ov_144 | 1.6584694470135116 × 10^282 |
| 143 | ov_143 | 2.1235823239478086 × 10^282 |
| 142 | ov_142 | 2.6813905618209574 × 10^282 |
| 141 | ov_141 | 3.34338826786624 × 10^282 |
| 140 | ov_140 | 4.121742419132892 × 10^282 |
| 139 | ov_139 | 5.0293094097584153 × 10^282 |
| 138 | ov_138 | 6.079656109209485 × 10^282 |
| 137 | ov_137 | 7.287086146307382 × 10^282 |
| 136 | ov_136 | 8.666672180475286 × 10^282 |
| 135 | ov_135 | 1.0234294968688865 × 10^283 |
| 134 | ov_134 | 1.2006690084263041 × 10^283 |
| 133 | ov_133 | 1.400150319209996 × 10^283 |
| 132 | ov_132 | 1.6237354834642564 × 10^283 |
| 131 | ov_131 | 1.8733915733864605 × 10^283 |
| 130 | ov_130 | 1.873392897032388 × 10^283 |
| 129 | ov_129 | 1.873398372169705 × 10^283 |
| 128 | aaa_77_29 | 2.0262525417035194 × 10^283 |
| 127 | aaa_77_28 | 5.406252715750095 × 10^283 |
| 126 | ov_126 | 1.6933325038021753 × 10^284 |
| 125 | ov_125 | 3.804493507090408 × 10^284 |
| 124 | ov_124 | 7.245446513762449 × 10^284 |
| 123 | ov_123 | 1.2387533795986468 × 10^285 |
| 122 | ov_122 | 1.9602113042522525 × 10^285 |
| 121 | ov_121 | 2.9260586990284086 × 10^285 |
| 120 | ov_120 | 4.1734461502986314 × 10^285 |
| 119 | ov_119 | 5.739543930401061 × 10^285 |
| 118 | ov_118 | 7.661555890987064 × 10^285 |
| 117 | ov_117 | 9.9767391390883 × 10^285 |
| 116 | ov_116 | 1.2722430758600702 × 10^286 |
| 115 | ov_115 | 1.5936084916940556 × 10^286 |
| 114 | ov_114 | 1.9655326089487902 × 10^286 |
| 113 | ov_113 | 2.391802268924924 × 10^286 |
| 112 | ov_112 | 2.8762383628605626 × 10^286 |
| 111 | ov_111 | 3.422708034112742 × 10^286 |
| 110 | ov_110 | 4.0971732566314848 × 10^286 |
| 109 | ov_109 | 4.969603707659009 × 10^286 |
| 108 | ov_108 | 6.1140774337207745 × 10^286 |
| 107 | ov_107 | 7.608906436426384 × 10^286 |
| 106 | ov_106 | 9.536790994368309 × 10^286 |
| 105 | ov_105 | 1.1985006795156157 × 10^287 |
| 104 | ov_104 | 1.5045629212163422 × 10^287 |
| 103 | ov_103 | 1.881579932495431 × 10^287 |
| 102 | ov_102 | 2.3398036551893312 × 10^287 |
| 101 | ov_101 | 2.8900603039661068 × 10^287 |
| 100 | ov_100 | 3.543792523910781 × 10^287 |
| 99 | ov_099 | 4.313107839216497 × 10^287 |
| 98 | ov_098 | 4.313123515444379 × 10^287 |
| 97 | ov_097 | 4.3131725918513 × 10^287 |
| 96 | aaa_78_29 | 8.282026846989146 × 10^287 |
| 95 | aaa_78_28 | 2.7648649215929744 × 10^288 |
| 94 | ov_094 | 9.096503903597745 × 10^288 |
| 93 | ov_093 | 2.1596113387435995 × 10^289 |
| 92 | ov_092 | 4.391291402649859 × 10^289 |
| 91 | ov_091 | 8.074418236515351 × 10^289 |
| 90 | ov_090 | 1.3783535038721838 × 10^290 |
| 89 | ov_089 | 2.2198024925423823 × 10^290 |
| 88 | ov_088 | 3.4781543630418506 × 10^290 |
| 87 | ov_087 | 5.320761406733238 × 10^290 |
| 86 | ov_086 | 7.935985588241038 × 10^290 |
| 85 | ov_085 | 1.1533233626156987 × 10^291 |
| 84 | ov_084 | 1.634300717049668 × 10^291 |
| 83 | ov_083 | 2.2616971048571363 × 10^291 |
| 82 | ov_082 | 3.062804255164618 × 10^291 |
| 81 | ov_081 | 4.067050473608775 × 10^291 |
| 64 | lv_79_m31 | 5.138675490387265 × 10^291 |
| 80 | ov_080 | 5.306014671498834 × 10^291 |
| 79 | ov_079 | 6.813443391990665 × 10^291 |
| 78 | ov_078 | 8.625271131792011 × 10^291 |
| 77 | ov_077 | 1.0779644257738306 × 10^292 |
| 76 | ov_076 | 1.331694881876981 × 10^292 |
| 75 | ov_075 | 1.6279842555546535 × 10^292 |
| 74 | ov_074 | 1.971329141232891 × 10^292 |
| 73 | ov_073 | 2.3664611479359165 × 10^292 |
| 63 | ov_063 | 2.636787124144423 × 10^292 |
| 72 | ov_072 | 2.8183519198634193 × 10^292 |
| 71 | ov_071 | 3.332219469058882 × 10^292 |
| 70 | ov_070 | 3.913536396598497 × 10^292 |
| 69 | ov_069 | 4.56804061215382 × 10^292 |
| 68 | ov_068 | 5.3017491963325 × 10^292 |
| 67 | ov_067 | 6.120976086126882 × 10^292 |
| 66 | ov_066 | 6.120979856296994 × 10^292 |
| 65 | ov_065 | 6.120995749044559 × 10^292 |
| 62 | ov_062 | 1.1917868399420026 × 10^293 |
| 61 | ov_061 | 4.447781967981324 × 10^293 |
| 60 | ov_060 | 1.3147894567098737 × 10^294 |
| 59 | ov_059 | 3.24438461963764 × 10^294 |
| 58 | ov_058 | 6.669795345664692 × 10^294 |
| 57 | ov_057 | 1.2149082369505146 × 10^295 |
| 56 | ov_056 | 2.0362140082795822 × 10^295 |
| 55 | ov_055 | 3.2110709226590914 × 10^295 |
| 54 | ov_054 | 4.831840482301507 × 10^295 |
| 53 | ov_053 | 7.095438485007383 × 10^295 |
| 52 | ov_052 | 1.0223175712406608 × 10^296 |
| 51 | ov_051 | 1.446078263485966 × 10^296 |
| 50 | ov_050 | 2.0078448236060914 × 10^296 |
| 49 | ov_049 | 2.737087865253628 × 10^296 |
| 48 | ov_048 | 3.6657384305247642 × 10^296 |
| 47 | ov_047 | 4.828200749787301 × 10^296 |
| 32 | lv_80_m31 | 5.696990345160508 × 10^296 |
| 46 | ov_046 | 6.2613704710943 × 10^296 |
| 45 | ov_045 | 8.004659950346425 × 10^296 |
| 44 | ov_044 | 1.0079693352129907 × 10^297 |
| 43 | ov_043 | 1.2531029529418837 × 10^297 |
| 42 | ov_042 | 1.5405880721716026 × 10^297 |
| 41 | ov_041 | 1.875418538008201 × 10^297 |
| 40 | ov_040 | 2.2603037649932574 × 10^297 |
| 39 | ov_039 | 2.700811972484321 × 10^297 |
| 31 | ov_031 | 2.9227258886733286 × 10^297 |
| 38 | ov_038 | 3.20281744594391 × 10^297 |
| 37 | ov_037 | 3.772516480497644 × 10^297 |
| 36 | ov_036 | 4.41644623096403 × 10^297 |
| 35 | ov_035 | 5.1415068006075536 × 10^297 |
| 34 | ov_034 | 5.9549869191967244 × 10^297 |
| 33 | ov_033 | 6.86459357959626 × 10^297 |
| 30 | ov_030 | 1.4991683127373284 × 10^298 |
| 29 | ov_029 | 4.905992536625207 × 10^298 |
| 28 | ov_028 | 1.2737621360434862 × 10^299 |
| 27 | ov_027 | 2.8478741383113314 × 10^299 |
| 26 | ov_026 | 5.696481352470307 × 10^299 |
| 25 | ov_025 | 1.0438208707652684 × 10^300 |
| 24 | ov_024 | 1.844539022528511 × 10^300 |
| 23 | ov_023 | 3.136054439568105 × 10^300 |
| 22 | ov_022 | 5.1096430276287606 × 10^300 |
| 21 | ov_021 | 7.983616899869358 × 10^300 |
| 20 | ov_020 | 1.2003346792454882 × 10^301 |
| 19 | ov_019 | 1.7441298923125455 × 10^301 |
| 18 | ov_018 | 2.4597091244739447 × 10^301 |
| 17 | ov_017 | 3.3797575020547693 × 10^301 |
| 16 | ov_016 | 4.539694954651145 × 10^301 |
| 15 | ov_015 | 5.977692171404145 × 10^301 |
| 14 | ov_014 | 7.734692634110211 × 10^301 |
| 13 | ov_013 | 9.85444259542102 × 10^301 |
| 12 | ov_012 | 1.238353106593424 × 10^302 |
| 11 | ov_011 | 1.5371442069929274 × 10^302 |
| 10 | ov_010 | 1.8870621626058602 × 10^302 |
| 9 | ov_009 | 2.2936562106746934 × 10^302 |
| 8 | ov_008 | 2.7627906828761745 × 10^302 |
| 7 | ov_007 | 3.3006577724514267 × 10^302 |
| 6 | ov_006 | 3.9137928739768563 × 10^302 |
| 5 | ov_005 | 4.60909278095339 × 10^302 |
| 4 | ov_004 | 5.393837088094027 × 10^302 |
| 3 | ov_003 | 6.275713161419026 × 10^302 |
| 2 | ov_002 | 7.262845010155478 × 10^302 |
| 1 | ov_001 | 8.363826417456242 × 10^302 |

