# Results for F001-F002-F003-F004-F005-F006-F007-F008-F009-F010-F011-F012-F013-F014-F015-F016-F017-F018-F019-F020-F021-F022-F023-F024-F025-F026-F027-F028-F029-F030-F031-F032-F033-F034-F035-F036-F037-F038-F039-F040-F041-F042-F043-F044-F045-F046-F047-F048-F049-F050-F051-F052-F053-F054-F055-F056-F057-F058-F059-F060-F061-F062-F063-F064-F065-F066-F067-F068-F069-F070-F071-F072-F073-F074-F075-F076-F077-F078-F079-F080-F081-F082-F083-F084-F085-F086-F087-F088-F089-F090-F091-F092-F093-F094-F095-F096-F097-F098-F099-F100-F101-F102-F103-F104-F105-F106-F107-F108-F109-F110-F111-F112-F113-F114-F115-F116-F117-F118-F119-F120-F121-F122-F123-F124-F125-F126-F127-F128-F129-F130-F131-F132-F133-F134-F135-F136-F137-F138-F139-F140-F141-F142-F143-F144-F145-F146-F147-F148-F149-F150-F151-F152-F153-F154-F155-F156-F157-F158-F159-F160-F161-F162-F163-F164-F165-F166-F167-F168-F169-F170-F171-F172-F173-F174-F175-F176-F177-F178-F179-F180-F181-F182-F183-F184-F185-F186-F187-F188-F189-F190-F191-F192-F193-F194-F195-F196-F197-F198-F199-F200-F201-F202-F203-F204-F205-F206-F207-F208-F209-F210-F211-F212-F213-F214-F215-F216-F217-F218-F219-F220-F221-F222-F223-F224-F225-F226-F227-F228-F229-F230-F231-F232-F233-F234-F235-F236-F237-F238-F239-F240-F241-F242-F243-F244-F245-F246-F247-F248-F249-F250-F251-F252-F253-F254-F255-F256-F257-F258-F259-F260-F261-F262-F263-F264-F265-F266-F267-F268-F269-F270-F271-F272-F273-F274-F275-F276-F277-F278-F279-F280-F281-F282-F283-F284-F285-F286-F287-F288-F289-F290-F291-F292-F293-F294-F295-F296-F297-F298-F299-F300-F301-F302-F303-F304-F305-F306-F307-F308-F309-F310-F311-F312-F313-F314-F315-F316-F317-F318-F319-F320-F321-F322-F323-F324-F325-F326-F327-F328-F329-F330-F331-F332-F333-F334-F335-F336-F337-F338-F339-F340-F341-F342-F343-F344-F345-F346-F347-F348-F349-F350-F351-F352-F353-F354-F355-F356-F357-F358-F359-F360-F361-F362-F363-F364-F365-F366-F367-F368-F369-F370-F371-F372-F373-F374-F375-F376-F377-F378-F379-F380-F381-F382-F383-F384-F385-F386-F387-F388-F389-F390-F391-F392-F393-F394-F395-F396-F397-F398-F399-F400-F401-F402-F403-F404-F405-F406-F407-F408-F409-F410-F411-F412-F413-F414-F415-F416-F417-F418-F419-F420-F421-F422-F423-F424-F425-F426-F427-F428-F429-F430-F431-F432-F433-F434-F435-F436-F437-F438-F439-F440-F441-F442-F443-F444-F445-F446-F447-F448-F449-F450-F451-F452-F453-F454-F455-F456-F457-F458-F459-F460-F461-F462-F463-F464-F465-F466-F467-F468-F469-F470-F471-F472-F473-F474-F475-F476-F477-F478-F479-F480-F481-F482-F483-F484-F485-F486-F487-F488-F489-F490-F491-F492-F493-F494-F495-F496-E499505-E504506-F510-F512

## Summary

Number of input bits: 512  
Number of free input bits: 12  
Number of output bits: 160

Number of direct occurrences: 49399  
Number of assignments: 31685  
Number of operations: 11178835
(xor: 11150473,
and: 14845,
or: 13517)

Total complexity: 5.8636512297017226 × 10^300

Least occurring input variable: iv_502 (3894)  
Most occurring input variable: iv_511 (4264)

Most co-occurring input variables: iv_500-iv_511 (2081)  
Least co-occurring input variables: iv_498-iv_502 (1769)

Potentially most occurring input variable: iv_509/iv_511 (4526)  
Potentially least occurring input variable: iv_500/iv_503 (4184)

Least output occurring input variable: iv_499 (57)  
Most output occurring input variable: iv_497 (93)

Most output co-occurring input variables: iv_497-iv_502 (52)  
Least output co-occurring input variables: iv_499-iv_503 (23)

Potentially most output occurring input variable: iv_497/iv_499 (92)  
Potentially least output occurring input variable: iv_498/iv_508 (68)

Least complex input bit: iv_511 (7.163100766567912 × 10^296)  
Most complex input bit: iv_504 (1.156179407831303 × 10^300)

Least complex output bit: aaa_76_29 (1.0356922283030234 × 10^276)  
Most complex output bit: ov_001 (9.166955227490281 × 10^299)

Least complex input/output complexity: iv_511/aaa_76_29 (1.2652130053211218 × 10^272)  
Most complex input/output complexity: iv_504/ov_001 (1.8075162473595665 × 10^299)

## Input Bits

### Input Bits in Regular Order

| Input Bit | Complexity | Occurrences | Output Occurrences |
|:---------:|:----------:|:-----------:|:------------------:|
| iv_497 | 1.6660316800853688 × 10^298 | 4142 | 93 |
| iv_498 | 3.3214858357724154 × 10^298 | 3945 | 88 |
| iv_499 | 1.0565690527188707 × 10^300 | 4176 | 57 |
| iv_500 | 9.84015702295377 × 10^298 | 4123 | 76 |
| iv_501 | 1.6256727623400825 × 10^299 | 4091 | 83 |
| iv_502 | 2.630498287606768 × 10^299 | 3894 | 82 |
| iv_503 | 4.181160131414704 × 10^299 | 4059 | 72 |
| iv_504 | 1.156179407831303 × 10^300 | 4147 | 76 |
| iv_507 | 7.235702519511371 × 10^299 | 4183 | 76 |
| iv_508 | 9.603000071374553 × 10^299 | 4149 | 74 |
| iv_509 | 9.743063364620355 × 10^299 | 4226 | 87 |
| iv_511 | 7.163100766567912 × 10^296 | 4264 | 80 |

### Input Bits Sorted by Complexity

| Input Bit | Complexity | Occurrences | Output Occurrences |
|:---------:|:----------:|:-----------:|:------------------:|
| iv_511 | 7.163100766567912 × 10^296 | 4264 | 80 |
| iv_497 | 1.6660316800853688 × 10^298 | 4142 | 93 |
| iv_498 | 3.3214858357724154 × 10^298 | 3945 | 88 |
| iv_500 | 9.84015702295377 × 10^298 | 4123 | 76 |
| iv_501 | 1.6256727623400825 × 10^299 | 4091 | 83 |
| iv_502 | 2.630498287606768 × 10^299 | 3894 | 82 |
| iv_503 | 4.181160131414704 × 10^299 | 4059 | 72 |
| iv_507 | 7.235702519511371 × 10^299 | 4183 | 76 |
| iv_508 | 9.603000071374553 × 10^299 | 4149 | 74 |
| iv_509 | 9.743063364620355 × 10^299 | 4226 | 87 |
| iv_499 | 1.0565690527188707 × 10^300 | 4176 | 57 |
| iv_504 | 1.156179407831303 × 10^300 | 4147 | 76 |

### Input Bits Sorted by Occurrences

| Input Bit | Complexity | Occurrences | Output Occurrences |
|:---------:|:----------:|:-----------:|:------------------:|
| iv_502 | 2.630498287606768 × 10^299 | 3894 | 82 |
| iv_498 | 3.3214858357724154 × 10^298 | 3945 | 88 |
| iv_503 | 4.181160131414704 × 10^299 | 4059 | 72 |
| iv_501 | 1.6256727623400825 × 10^299 | 4091 | 83 |
| iv_500 | 9.84015702295377 × 10^298 | 4123 | 76 |
| iv_497 | 1.6660316800853688 × 10^298 | 4142 | 93 |
| iv_504 | 1.156179407831303 × 10^300 | 4147 | 76 |
| iv_508 | 9.603000071374553 × 10^299 | 4149 | 74 |
| iv_499 | 1.0565690527188707 × 10^300 | 4176 | 57 |
| iv_507 | 7.235702519511371 × 10^299 | 4183 | 76 |
| iv_509 | 9.743063364620355 × 10^299 | 4226 | 87 |
| iv_511 | 7.163100766567912 × 10^296 | 4264 | 80 |

### Input Bits Sorted by Output Occurrences

| Input Bit | Complexity | Occurrences | Output Occurrences |
|:---------:|:----------:|:-----------:|:------------------:|
| iv_499 | 1.0565690527188707 × 10^300 | 4176 | 57 |
| iv_503 | 4.181160131414704 × 10^299 | 4059 | 72 |
| iv_508 | 9.603000071374553 × 10^299 | 4149 | 74 |
| iv_504 | 1.156179407831303 × 10^300 | 4147 | 76 |
| iv_500 | 9.84015702295377 × 10^298 | 4123 | 76 |
| iv_507 | 7.235702519511371 × 10^299 | 4183 | 76 |
| iv_511 | 7.163100766567912 × 10^296 | 4264 | 80 |
| iv_502 | 2.630498287606768 × 10^299 | 3894 | 82 |
| iv_501 | 1.6256727623400825 × 10^299 | 4091 | 83 |
| iv_509 | 9.743063364620355 × 10^299 | 4226 | 87 |
| iv_498 | 3.3214858357724154 × 10^298 | 3945 | 88 |
| iv_497 | 1.6660316800853688 × 10^298 | 4142 | 93 |

## Input Bit Co-occurrences

### Input Bit Co-occurrences Sorted by Co-occurrences

| Input Bits | Co-occurrences | Potential Occurrences | Output Co-occurrences | Potential Output Occurrences |
|:----------:|:--------------:|:---------------------:|:---------------------:|:----------------------------:|
| iv_500-iv_511 | 2081 | 4225 | 38 | 80 |
| iv_508-iv_509 | 2077 | 4221 | 40 | 81 |
| iv_507-iv_509 | 2065 | 4279 | 44 | 75 |
| iv_497-iv_507 | 2050 | 4225 | 44 | 81 |
| iv_503-iv_511 | 2035 | 4253 | 35 | 82 |
| iv_501-iv_511 | 2034 | 4287 | 39 | 85 |
| iv_501-iv_509 | 2034 | 4249 | 49 | 72 |
| iv_499-iv_509 | 2031 | 4340 | 31 | 82 |
| iv_504-iv_509 | 2024 | 4325 | 40 | 83 |
| iv_497-iv_509 | 2020 | 4328 | 50 | 80 |
| iv_507-iv_511 | 2014 | 4419 | 39 | 78 |
| iv_497-iv_511 | 2010 | 4386 | 47 | 79 |

### Input Bit Co-occurrences Sorted by Potential Occurrences

| Input Bits | Co-occurrences | Potential Occurrences | Output Co-occurrences | Potential Output Occurrences |
|:----------:|:--------------:|:---------------------:|:---------------------:|:----------------------------:|
| iv_500-iv_503 | 1999 | 4184 | 35 | 78 |
| iv_508-iv_509 | 2077 | 4221 | 40 | 81 |
| iv_497-iv_501 | 2006 | 4221 | 48 | 80 |
| iv_497-iv_507 | 2050 | 4225 | 44 | 81 |
| iv_500-iv_511 | 2081 | 4225 | 38 | 80 |
| iv_497-iv_502 | 1905 | 4226 | 52 | 71 |
| iv_501-iv_509 | 2034 | 4249 | 49 | 72 |
| iv_500-iv_502 | 1883 | 4251 | 37 | 84 |
| iv_503-iv_511 | 2035 | 4253 | 35 | 82 |
| iv_500-iv_501 | 1974 | 4266 | 41 | 77 |
| iv_502-iv_507 | 1903 | 4271 | 42 | 74 |
| iv_498-iv_500 | 1898 | 4272 | 39 | 86 |

### Input Bit Output Co-occurrences Sorted by Output Co-occurrences

| Input Bits | Co-occurrences | Potential Occurrences | Output Co-occurrences | Potential Output Occurrences |
|:----------:|:--------------:|:---------------------:|:---------------------:|:----------------------------:|
| iv_498-iv_509 | 1881 | 4409 | 52 | 71 |
| iv_497-iv_502 | 1905 | 4226 | 52 | 71 |
| iv_497-iv_498 | 1893 | 4301 | 50 | 81 |
| iv_497-iv_509 | 2020 | 4328 | 50 | 80 |
| iv_501-iv_509 | 2034 | 4249 | 49 | 72 |
| iv_498-iv_501 | 1873 | 4290 | 48 | 75 |
| iv_497-iv_501 | 2006 | 4221 | 48 | 80 |
| iv_498-iv_508 | 1878 | 4338 | 47 | 68 |
| iv_497-iv_511 | 2010 | 4386 | 47 | 79 |
| iv_502-iv_509 | 1874 | 4372 | 46 | 77 |
| iv_498-iv_502 | 1769 | 4301 | 46 | 78 |
| iv_502-iv_511 | 1924 | 4310 | 45 | 72 |

### Input Bit Output Co-occurrences Sorted by Potential Output Occurrences

| Input Bits | Co-occurrences | Potential Occurrences | Output Co-occurrences | Potential Output Occurrences |
|:----------:|:--------------:|:---------------------:|:---------------------:|:----------------------------:|
| iv_498-iv_508 | 1878 | 4338 | 47 | 68 |
| iv_501-iv_508 | 1941 | 4358 | 43 | 71 |
| iv_503-iv_509 | 1921 | 4443 | 44 | 71 |
| iv_498-iv_509 | 1881 | 4409 | 52 | 71 |
| iv_497-iv_502 | 1905 | 4226 | 52 | 71 |
| iv_501-iv_509 | 2034 | 4249 | 49 | 72 |
| iv_502-iv_511 | 1924 | 4310 | 45 | 72 |
| iv_498-iv_499 | 1839 | 4443 | 36 | 73 |
| iv_499-iv_504 | 1980 | 4363 | 30 | 73 |
| iv_502-iv_507 | 1903 | 4271 | 42 | 74 |
| iv_508-iv_511 | 1961 | 4491 | 40 | 74 |
| iv_501-iv_503 | 1866 | 4418 | 40 | 75 |

## Output Bits

### Output Bits in Regular Order

| Rank | Output Bit | Complexity |
|:----:|:----------:|:----------:|
| 1 | ov_001 | 9.166955227490281 × 10^299 |
| 2 | ov_002 | 7.976792072475019 × 10^299 |
| 3 | ov_003 | 6.90828576973257 × 10^299 |
| 4 | ov_004 | 5.952314497768499 × 10^299 |
| 5 | ov_005 | 5.100256004715985 × 10^299 |
| 6 | ov_006 | 4.3439522568247065 × 10^299 |
| 7 | ov_007 | 3.6756786178527728 × 10^299 |
| 8 | ov_008 | 3.0881171973242184 × 10^299 |
| 9 | ov_009 | 2.574334029142578 × 10^299 |
| 10 | ov_010 | 2.1277597127175566 × 10^299 |
| 11 | ov_011 | 1.7421731447384202 × 10^299 |
| 12 | ov_012 | 1.4116879911465718 × 10^299 |
| 13 | ov_013 | 1.1307415698286494 × 10^299 |
| 14 | ov_014 | 8.940858351678808 × 10^298 |
| 15 | ov_015 | 6.967801759373695 × 10^298 |
| 16 | ov_016 | 5.341857581625139 × 10^298 |
| 17 | ov_017 | 4.0196116457604093 × 10^298 |
| 18 | ov_018 | 2.960591021818164 × 10^298 |
| 19 | ov_019 | 2.1272396926612381 × 10^298 |
| 20 | ov_020 | 1.4849009297191625 × 10^298 |
| 21 | ov_021 | 1.0018047640472091 × 10^298 |
| 22 | ov_022 | 6.49059301796217 × 10^297 |
| 23 | ov_023 | 4.0064488680156236 × 10^297 |
| 24 | ov_024 | 2.334103049580604 × 10^297 |
| 25 | ov_025 | 1.270704610719769 × 10^297 |
| 26 | ov_026 | 6.420510588274158 × 10^296 |
| 27 | ov_027 | 3.025823690389157 × 10^296 |
| 28 | ov_028 | 1.3537862083194525 × 10^296 |
| 29 | ov_029 | 5.215923695636572 × 10^295 |
| 30 | ov_030 | 1.5943725067411713 × 10^295 |
| 31 | ov_031 | 3.109396553236753 × 10^294 |
| 32 | lv_80_m31 | 6.062900264721124 × 10^293 |
| 33 | ov_033 | 7.302169998708099 × 10^294 |
| 34 | ov_034 | 6.340413047489098 × 10^294 |
| 35 | ov_035 | 5.478855662720184 × 10^294 |
| 36 | ov_036 | 4.709662598319097 × 10^294 |
| 37 | ov_037 | 4.025426151148524 × 10^294 |
| 38 | ov_038 | 3.419136124631121 × 10^294 |
| 39 | ov_039 | 2.8841537359360913 × 10^294 |
| 40 | ov_040 | 2.4141890925724028 × 10^294 |
| 41 | ov_041 | 2.0032818870404044 × 10^294 |
| 42 | ov_042 | 1.645784979826727 × 10^294 |
| 43 | ov_043 | 1.3389512115928195 × 10^294 |
| 44 | ov_044 | 1.0777205552154098 × 10^294 |
| 45 | ov_045 | 8.573112369761848 × 10^293 |
| 46 | ov_046 | 6.732119746721101 × 10^293 |
| 47 | ov_047 | 5.211757479412104 × 10^293 |
| 48 | ov_048 | 3.9721488330104414 × 10^293 |
| 49 | ov_049 | 2.975972531868542 × 10^293 |
| 50 | ov_050 | 2.1884340475634483 × 10^293 |
| 51 | ov_051 | 1.5772445046653505 × 10^293 |
| 52 | ov_052 | 1.1126056848459182 × 10^293 |
| 53 | ov_053 | 7.671997691923361 × 10^292 |
| 54 | ov_054 | 5.161826169358209 × 10^292 |
| 55 | ov_055 | 3.371795365662843 × 10^292 |
| 56 | ov_056 | 2.1028269848772763 × 10^292 |
| 57 | ov_057 | 1.2615465954533457 × 10^292 |
| 58 | ov_058 | 6.981736256559548 × 10^291 |
| 59 | ov_059 | 3.439781684556532 × 10^291 |
| 60 | ov_060 | 1.425496782092838 × 10^291 |
| 61 | ov_061 | 4.979645588986816 × 10^290 |
| 62 | ov_062 | 1.3661337543630601 × 10^290 |
| 63 | ov_063 | 2.6630020341819586 × 10^289 |
| 64 | lv_79_m31 | 5.1899479092970746 × 10^288 |
| 65 | ov_065 | 6.246876126123608 × 10^289 |
| 66 | ov_066 | 6.246857591957661 × 10^289 |
| 67 | ov_067 | 6.246853056103756 × 10^289 |
| 68 | ov_068 | 5.416984441452766 × 10^289 |
| 69 | ov_069 | 4.674941888100174 × 10^289 |
| 70 | ov_070 | 4.013703968360048 × 10^289 |
| 71 | ov_071 | 3.42668109961376 × 10^289 |
| 72 | ov_072 | 2.9076863080865176 × 10^289 |
| 73 | ov_073 | 2.4509085813467474 × 10^289 |
| 74 | ov_074 | 2.0508886715517024 × 10^289 |
| 75 | ov_075 | 1.7024972169119957 × 10^289 |
| 76 | ov_076 | 1.4009150533555054 × 10^289 |
| 77 | ov_077 | 1.1416155920530377 × 10^289 |
| 78 | ov_078 | 9.203491414323898 × 10^288 |
| 79 | ov_079 | 7.331290546546458 × 10^288 |
| 80 | ov_080 | 5.762195853498603 × 10^288 |
| 81 | ov_081 | 4.4612533579446823 × 10^288 |
| 82 | ov_082 | 3.395821827380961 × 10^288 |
| 83 | ov_083 | 2.535495668238552 × 10^288 |
| 84 | ov_084 | 1.8520403205717827 × 10^288 |
| 85 | ov_085 | 1.319339021198881 × 10^288 |
| 86 | ov_086 | 9.133498054677737 × 10^287 |
| 87 | ov_087 | 6.120716192044377 × 10^287 |
| 88 | ov_088 | 3.955184132456684 × 10^287 |
| 89 | ov_089 | 2.4570009344740112 × 10^287 |
| 90 | ov_090 | 1.4660919931976866 × 10^287 |
| 91 | ov_091 | 8.421218456475807 × 10^286 |
| 92 | ov_092 | 4.64441822872281 × 10^286 |
| 93 | ov_093 | 2.320619333701631 × 10^286 |
| 94 | ov_094 | 9.939953335257509 × 10^285 |
| 95 | aaa_78_28 | 3.0692894934441464 × 10^285 |
| 96 | aaa_78_29 | 9.425594732899974 × 10^284 |
| 97 | ov_097 | 6.222309701643776 × 10^284 |
| 98 | ov_098 | 6.222122773493025 × 10^284 |
| 99 | ov_099 | 6.2220630104520044 × 10^284 |
| 100 | ov_100 | 5.5982352509837505 × 10^284 |
| 101 | ov_101 | 5.020627653442364 × 10^284 |
| 102 | ov_102 | 4.486680574509817 × 10^284 |
| 103 | ov_103 | 3.9940201535861766 × 10^284 |
| 104 | ov_104 | 3.540434762526225 × 10^284 |
| 105 | ov_105 | 3.1238535627163432 × 10^284 |
| 106 | ov_106 | 2.7423270590582813 × 10^284 |
| 107 | ov_107 | 2.3940095446089585 × 10^284 |
| 108 | ov_108 | 2.0771433330346416 × 10^284 |
| 109 | ov_109 | 1.790044678775996 × 10^284 |
| 110 | ov_110 | 1.5310912869779052 × 10^284 |
| 111 | ov_111 | 1.298711316901384 × 10^284 |
| 112 | ov_112 | 1.0913737837845732 × 10^284 |
| 113 | ov_113 | 9.075802650296461 × 10^283 |
| 114 | ov_114 | 7.458578172299197 × 10^283 |
| 115 | ov_115 | 6.047530109776585 × 10^283 |
| 116 | ov_116 | 4.828269906626909 × 10^283 |
| 117 | ov_117 | 3.7865146663286597 × 10^283 |
| 118 | ov_118 | 2.9080554717890293 × 10^283 |
| 119 | ov_119 | 2.178733178569787 × 10^283 |
| 120 | ov_120 | 1.5844207569066982 × 10^283 |
| 121 | ov_121 | 1.1110112580967142 × 10^283 |
| 122 | ov_122 | 7.444100667230589 × 10^282 |
| 123 | ov_123 | 4.705298015739438 × 10^282 |
| 124 | ov_124 | 2.752868733839679 × 10^282 |
| 125 | ov_125 | 1.445993504099478 × 10^282 |
| 126 | ov_126 | 6.4385868586612686 × 10^281 |
| 127 | aaa_77_28 | 2.056521271976238 × 10^281 |
| 128 | aaa_77_29 | 7.71281641696345 × 10^280 |
| 129 | ov_129 | 7.206179873475043 × 10^280 |
| 130 | ov_130 | 7.206159686110941 × 10^280 |
| 131 | ov_131 | 7.206154800325141 × 10^280 |
| 132 | ov_132 | 6.262352398125148 × 10^280 |
| 133 | ov_133 | 5.415626136701864 × 10^280 |
| 134 | ov_134 | 4.658695616755322 × 10^280 |
| 135 | ov_135 | 3.9846749298046674 × 10^280 |
| 136 | ov_136 | 3.3870445195465134 × 10^280 |
| 137 | ov_137 | 2.8596268199307415 × 10^280 |
| 138 | ov_138 | 2.396565318319796 × 10^280 |
| 139 | ov_139 | 1.992306710268734 × 10^280 |
| 140 | ov_140 | 1.641585830059822 × 10^280 |
| 141 | ov_141 | 1.3394130582682241 × 10^280 |
| 142 | ov_142 | 1.0810639244275194 × 10^280 |
| 143 | ov_143 | 8.620706393920444 × 10^279 |
| 144 | ov_144 | 6.782153083287642 × 10^279 |
| 145 | ov_145 | 5.255245914716428 × 10^279 |
| 146 | ov_146 | 4.002655958805775 × 10^279 |
| 147 | ov_147 | 2.9894279749734164 × 10^279 |
| 148 | ov_148 | 2.1829580880495285 × 10^279 |
| 149 | ov_149 | 1.552978233885951 × 10^279 |
| 150 | ov_150 | 1.071545846740857 × 10^279 |
| 151 | ov_151 | 7.130374208881786 × 10^278 |
| 152 | ov_152 | 4.541447385321261 × 10^278 |
| 153 | ov_153 | 2.738727612746467 × 10^278 |
| 154 | ov_154 | 1.5353846870448422 × 10^278 |
| 155 | ov_155 | 7.677020710071473 × 10^277 |
| 156 | aaa_76_25 | 2.950733495205415 × 10^277 |
| 157 | aaa_76_26 | 1.7049032385776468 × 10^277 |
| 158 | aaa_76_27 | 8.732623471874361 × 10^276 |
| 159 | aaa_76_28 | 3.402773025321079 × 10^276 |
| 160 | aaa_76_29 | 1.0356922283030234 × 10^276 |

### Output Bits Sorted by Complexity

| Rank | Output Bit | Complexity |
|:----:|:----------:|:----------:|
| 160 | aaa_76_29 | 1.0356922283030234 × 10^276 |
| 159 | aaa_76_28 | 3.402773025321079 × 10^276 |
| 158 | aaa_76_27 | 8.732623471874361 × 10^276 |
| 157 | aaa_76_26 | 1.7049032385776468 × 10^277 |
| 156 | aaa_76_25 | 2.950733495205415 × 10^277 |
| 155 | ov_155 | 7.677020710071473 × 10^277 |
| 154 | ov_154 | 1.5353846870448422 × 10^278 |
| 153 | ov_153 | 2.738727612746467 × 10^278 |
| 152 | ov_152 | 4.541447385321261 × 10^278 |
| 151 | ov_151 | 7.130374208881786 × 10^278 |
| 150 | ov_150 | 1.071545846740857 × 10^279 |
| 149 | ov_149 | 1.552978233885951 × 10^279 |
| 148 | ov_148 | 2.1829580880495285 × 10^279 |
| 147 | ov_147 | 2.9894279749734164 × 10^279 |
| 146 | ov_146 | 4.002655958805775 × 10^279 |
| 145 | ov_145 | 5.255245914716428 × 10^279 |
| 144 | ov_144 | 6.782153083287642 × 10^279 |
| 143 | ov_143 | 8.620706393920444 × 10^279 |
| 142 | ov_142 | 1.0810639244275194 × 10^280 |
| 141 | ov_141 | 1.3394130582682241 × 10^280 |
| 140 | ov_140 | 1.641585830059822 × 10^280 |
| 139 | ov_139 | 1.992306710268734 × 10^280 |
| 138 | ov_138 | 2.396565318319796 × 10^280 |
| 137 | ov_137 | 2.8596268199307415 × 10^280 |
| 136 | ov_136 | 3.3870445195465134 × 10^280 |
| 135 | ov_135 | 3.9846749298046674 × 10^280 |
| 134 | ov_134 | 4.658695616755322 × 10^280 |
| 133 | ov_133 | 5.415626136701864 × 10^280 |
| 132 | ov_132 | 6.262352398125148 × 10^280 |
| 131 | ov_131 | 7.206154800325141 × 10^280 |
| 130 | ov_130 | 7.206159686110941 × 10^280 |
| 129 | ov_129 | 7.206179873475043 × 10^280 |
| 128 | aaa_77_29 | 7.71281641696345 × 10^280 |
| 127 | aaa_77_28 | 2.056521271976238 × 10^281 |
| 126 | ov_126 | 6.4385868586612686 × 10^281 |
| 125 | ov_125 | 1.445993504099478 × 10^282 |
| 124 | ov_124 | 2.752868733839679 × 10^282 |
| 123 | ov_123 | 4.705298015739438 × 10^282 |
| 122 | ov_122 | 7.444100667230589 × 10^282 |
| 121 | ov_121 | 1.1110112580967142 × 10^283 |
| 120 | ov_120 | 1.5844207569066982 × 10^283 |
| 119 | ov_119 | 2.178733178569787 × 10^283 |
| 118 | ov_118 | 2.9080554717890293 × 10^283 |
| 117 | ov_117 | 3.7865146663286597 × 10^283 |
| 116 | ov_116 | 4.828269906626909 × 10^283 |
| 115 | ov_115 | 6.047530109776585 × 10^283 |
| 114 | ov_114 | 7.458578172299197 × 10^283 |
| 113 | ov_113 | 9.075802650296461 × 10^283 |
| 112 | ov_112 | 1.0913737837845732 × 10^284 |
| 111 | ov_111 | 1.298711316901384 × 10^284 |
| 110 | ov_110 | 1.5310912869779052 × 10^284 |
| 109 | ov_109 | 1.790044678775996 × 10^284 |
| 108 | ov_108 | 2.0771433330346416 × 10^284 |
| 107 | ov_107 | 2.3940095446089585 × 10^284 |
| 106 | ov_106 | 2.7423270590582813 × 10^284 |
| 105 | ov_105 | 3.1238535627163432 × 10^284 |
| 104 | ov_104 | 3.540434762526225 × 10^284 |
| 103 | ov_103 | 3.9940201535861766 × 10^284 |
| 102 | ov_102 | 4.486680574509817 × 10^284 |
| 101 | ov_101 | 5.020627653442364 × 10^284 |
| 100 | ov_100 | 5.5982352509837505 × 10^284 |
| 99 | ov_099 | 6.2220630104520044 × 10^284 |
| 98 | ov_098 | 6.222122773493025 × 10^284 |
| 97 | ov_097 | 6.222309701643776 × 10^284 |
| 96 | aaa_78_29 | 9.425594732899974 × 10^284 |
| 95 | aaa_78_28 | 3.0692894934441464 × 10^285 |
| 94 | ov_094 | 9.939953335257509 × 10^285 |
| 93 | ov_093 | 2.320619333701631 × 10^286 |
| 92 | ov_092 | 4.64441822872281 × 10^286 |
| 91 | ov_091 | 8.421218456475807 × 10^286 |
| 90 | ov_090 | 1.4660919931976866 × 10^287 |
| 89 | ov_089 | 2.4570009344740112 × 10^287 |
| 88 | ov_088 | 3.955184132456684 × 10^287 |
| 87 | ov_087 | 6.120716192044377 × 10^287 |
| 86 | ov_086 | 9.133498054677737 × 10^287 |
| 85 | ov_085 | 1.319339021198881 × 10^288 |
| 84 | ov_084 | 1.8520403205717827 × 10^288 |
| 83 | ov_083 | 2.535495668238552 × 10^288 |
| 82 | ov_082 | 3.395821827380961 × 10^288 |
| 81 | ov_081 | 4.4612533579446823 × 10^288 |
| 64 | lv_79_m31 | 5.1899479092970746 × 10^288 |
| 80 | ov_080 | 5.762195853498603 × 10^288 |
| 79 | ov_079 | 7.331290546546458 × 10^288 |
| 78 | ov_078 | 9.203491414323898 × 10^288 |
| 77 | ov_077 | 1.1416155920530377 × 10^289 |
| 76 | ov_076 | 1.4009150533555054 × 10^289 |
| 75 | ov_075 | 1.7024972169119957 × 10^289 |
| 74 | ov_074 | 2.0508886715517024 × 10^289 |
| 73 | ov_073 | 2.4509085813467474 × 10^289 |
| 63 | ov_063 | 2.6630020341819586 × 10^289 |
| 72 | ov_072 | 2.9076863080865176 × 10^289 |
| 71 | ov_071 | 3.42668109961376 × 10^289 |
| 70 | ov_070 | 4.013703968360048 × 10^289 |
| 69 | ov_069 | 4.674941888100174 × 10^289 |
| 68 | ov_068 | 5.416984441452766 × 10^289 |
| 67 | ov_067 | 6.246853056103756 × 10^289 |
| 66 | ov_066 | 6.246857591957661 × 10^289 |
| 65 | ov_065 | 6.246876126123608 × 10^289 |
| 62 | ov_062 | 1.3661337543630601 × 10^290 |
| 61 | ov_061 | 4.979645588986816 × 10^290 |
| 60 | ov_060 | 1.425496782092838 × 10^291 |
| 59 | ov_059 | 3.439781684556532 × 10^291 |
| 58 | ov_058 | 6.981736256559548 × 10^291 |
| 57 | ov_057 | 1.2615465954533457 × 10^292 |
| 56 | ov_056 | 2.1028269848772763 × 10^292 |
| 55 | ov_055 | 3.371795365662843 × 10^292 |
| 54 | ov_054 | 5.161826169358209 × 10^292 |
| 53 | ov_053 | 7.671997691923361 × 10^292 |
| 52 | ov_052 | 1.1126056848459182 × 10^293 |
| 51 | ov_051 | 1.5772445046653505 × 10^293 |
| 50 | ov_050 | 2.1884340475634483 × 10^293 |
| 49 | ov_049 | 2.975972531868542 × 10^293 |
| 48 | ov_048 | 3.9721488330104414 × 10^293 |
| 47 | ov_047 | 5.211757479412104 × 10^293 |
| 32 | lv_80_m31 | 6.062900264721124 × 10^293 |
| 46 | ov_046 | 6.732119746721101 × 10^293 |
| 45 | ov_045 | 8.573112369761848 × 10^293 |
| 44 | ov_044 | 1.0777205552154098 × 10^294 |
| 43 | ov_043 | 1.3389512115928195 × 10^294 |
| 42 | ov_042 | 1.645784979826727 × 10^294 |
| 41 | ov_041 | 2.0032818870404044 × 10^294 |
| 40 | ov_040 | 2.4141890925724028 × 10^294 |
| 39 | ov_039 | 2.8841537359360913 × 10^294 |
| 31 | ov_031 | 3.109396553236753 × 10^294 |
| 38 | ov_038 | 3.419136124631121 × 10^294 |
| 37 | ov_037 | 4.025426151148524 × 10^294 |
| 36 | ov_036 | 4.709662598319097 × 10^294 |
| 35 | ov_035 | 5.478855662720184 × 10^294 |
| 34 | ov_034 | 6.340413047489098 × 10^294 |
| 33 | ov_033 | 7.302169998708099 × 10^294 |
| 30 | ov_030 | 1.5943725067411713 × 10^295 |
| 29 | ov_029 | 5.215923695636572 × 10^295 |
| 28 | ov_028 | 1.3537862083194525 × 10^296 |
| 27 | ov_027 | 3.025823690389157 × 10^296 |
| 26 | ov_026 | 6.420510588274158 × 10^296 |
| 25 | ov_025 | 1.270704610719769 × 10^297 |
| 24 | ov_024 | 2.334103049580604 × 10^297 |
| 23 | ov_023 | 4.0064488680156236 × 10^297 |
| 22 | ov_022 | 6.49059301796217 × 10^297 |
| 21 | ov_021 | 1.0018047640472091 × 10^298 |
| 20 | ov_020 | 1.4849009297191625 × 10^298 |
| 19 | ov_019 | 2.1272396926612381 × 10^298 |
| 18 | ov_018 | 2.960591021818164 × 10^298 |
| 17 | ov_017 | 4.0196116457604093 × 10^298 |
| 16 | ov_016 | 5.341857581625139 × 10^298 |
| 15 | ov_015 | 6.967801759373695 × 10^298 |
| 14 | ov_014 | 8.940858351678808 × 10^298 |
| 13 | ov_013 | 1.1307415698286494 × 10^299 |
| 12 | ov_012 | 1.4116879911465718 × 10^299 |
| 11 | ov_011 | 1.7421731447384202 × 10^299 |
| 10 | ov_010 | 2.1277597127175566 × 10^299 |
| 9 | ov_009 | 2.574334029142578 × 10^299 |
| 8 | ov_008 | 3.0881171973242184 × 10^299 |
| 7 | ov_007 | 3.6756786178527728 × 10^299 |
| 6 | ov_006 | 4.3439522568247065 × 10^299 |
| 5 | ov_005 | 5.100256004715985 × 10^299 |
| 4 | ov_004 | 5.952314497768499 × 10^299 |
| 3 | ov_003 | 6.90828576973257 × 10^299 |
| 2 | ov_002 | 7.976792072475019 × 10^299 |
| 1 | ov_001 | 9.166955227490281 × 10^299 |

