# Results for F001-F002-F003-F004-F005-F006-F007-F008-F009-F010-F011-F012-F013-F014-F015-F016-F017-F018-F019-F020-F021-F022-F023-F024-F025-F026-F027-F028-F029-F030-F031-F032-F033-F034-F035-F036-F037-F038-F039-F040-F041-F042-F043-F044-F045-F046-F047-F048-F049-F050-F051-F052-F053-F054-F055-F056-F057-F058-F059-F060-F061-F062-F063-F064-F065-F066-F067-F068-F069-F070-F071-F072-F073-F074-F075-F076-F077-F078-F079-F080-F081-F082-F083-F084-F085-F086-F087-F088-F089-F090-F091-F092-F093-F094-F095-F096-F097-F098-F099-F100-F101-F102-F103-F104-F105-F106-F107-F108-F109-F110-F111-F112-F113-F114-F115-F116-F117-F118-F119-F120-F121-F122-F123-F124-F125-F126-F127-F128-F129-F130-F131-F132-F133-F134-F135-F136-F137-F138-F139-F140-F141-F142-F143-F144-F145-F146-F147-F148-F149-F150-F151-F152-F153-F154-F155-F156-F157-F158-F159-F160-F161-F162-F163-F164-F165-F166-F167-F168-F169-F170-F171-F172-F173-F174-F175-F176-F177-F178-F179-F180-F181-F182-F183-F184-F185-F186-F187-F188-F189-F190-F191-F192-F193-F194-F195-F196-F197-F198-F199-F200-F201-F202-F203-F204-F205-F206-F207-F208-F209-F210-F211-F212-F213-F214-F215-F216-F217-F218-F219-F220-F221-F222-F223-F224-F225-F226-F227-F228-F229-F230-F231-F232-F233-F234-F235-F236-F237-F238-F239-F240-F241-F242-F243-F244-F245-F246-F247-F248-F249-F250-F251-F252-F253-F254-F255-F256-F257-F258-F259-F260-F261-F262-F263-F264-F265-F266-F267-F268-F269-F270-F271-F272-F273-F274-F275-F276-F277-F278-F279-F280-F281-F282-F283-F284-F285-F286-F287-F288-F289-F290-F291-F292-F293-F294-F295-F296-F297-F298-F299-F300-F301-F302-F303-F304-F305-F306-F307-F308-F309-F310-F311-F312-F313-F314-F315-F316-F317-F318-F319-F320-F321-F322-F323-F324-F325-F326-F327-F328-F329-F330-F331-F332-F333-F334-F335-F336-F337-F338-F339-F340-F341-F342-F343-F344-F345-F346-F347-F348-F349-F350-F351-F352-F353-F354-F355-F356-F357-F358-F359-F360-F361-F362-F363-F364-F365-F366-F367-F368-F369-F370-F371-F372-F373-F374-F375-F376-F377-F378-F379-F380-F381-F382-F383-F384-F385-F386-F387-F388-F389-F390-F391-F392-F393-F394-F395-F396-F397-F398-F399-F400-F401-F402-F403-F404-F405-F406-F407-F408-F409-F410-F411-F412-F413-F414-F415-F416-F417-F418-F419-F420-F421-F422-F423-F424-F425-F426-F427-F428-F429-F430-F431-F432-F433-F434-F435-F436-F437-F438-F439-F440-F441-F442-F443-F444-F445-F446-F447-F448-F449-F450-F451-F452-F453-F454-F455-F456-F457-F458-F459-F460-F461-F462-F463-F464-F465-F466-F467-F468-F469-F470-F471-F472-F473-F474-F475-F476-F477-F478-F479-F480-F481-F482-F483-F484-F485-F486-F487-F488-F489-F490-F491-F492-F493-F494-F495-F496-O497504-E499505-F510-F512

## Summary

Number of input bits: 512  
Number of free input bits: 12  
Number of output bits: 160

Number of direct occurrences: 49349  
Number of assignments: 31718  
Number of operations: 11178772
(xor: 11150406,
and: 14839,
or: 13527)

Total complexity: 6.366441190466649 × 10^300

Least occurring input variable: iv_502 (3899)  
Most occurring input variable: iv_511 (4267)

Most co-occurring input variables: iv_500-iv_511 (2081)  
Least co-occurring input variables: iv_498-iv_502 (1768)

Potentially most occurring input variable: iv_497/iv_499 (4637)  
Potentially least occurring input variable: iv_506/iv_507 (4170)

Least output occurring input variable: iv_499 (57)  
Most output occurring input variable: iv_498 (88)

Most output co-occurring input variables: iv_498-iv_509 (52)  
Least output co-occurring input variables: iv_499-iv_503 (23)

Potentially most output occurring input variable: iv_499/iv_501 (90)  
Potentially least output occurring input variable: iv_498/iv_508 (68)

Least complex input bit: iv_511 (7.777314506828285 × 10^296)  
Most complex input bit: iv_499 (1.1471665817586251 × 10^300)

Least complex output bit: aaa_76_29 (1.124499634203617 × 10^276)  
Most complex output bit: ov_001 (9.952993291251144 × 10^299)

Least complex input/output complexity: iv_511/aaa_76_29 (1.373701108102728 × 10^272)  
Most complex input/output complexity: iv_499/ov_001 (1.7934260210065937 × 10^299)

## Input Bits

### Input Bits in Regular Order

| Input Bit | Complexity | Occurrences | Output Occurrences |
|:---------:|:----------:|:-----------:|:------------------:|
| iv_497 | 7.257787306873748 × 10^299 | 4230 | 71 |
| iv_498 | 3.606292975151674 × 10^298 | 3943 | 88 |
| iv_499 | 1.1471665817586251 × 10^300 | 4185 | 57 |
| iv_500 | 1.0683920058932072 × 10^299 | 4128 | 76 |
| iv_501 | 1.7650691746391687 × 10^299 | 4089 | 83 |
| iv_502 | 2.8560553814731982 × 10^299 | 3899 | 82 |
| iv_503 | 4.539681683272528 × 10^299 | 4063 | 72 |
| iv_506 | 5.4762837355709 × 10^299 | 3974 | 82 |
| iv_507 | 7.856141635580078 × 10^299 | 4188 | 76 |
| iv_508 | 1.042642763211597 × 10^300 | 4152 | 74 |
| iv_509 | 1.0578500919639557 × 10^300 | 4231 | 87 |
| iv_511 | 7.777314506828285 × 10^296 | 4267 | 80 |

### Input Bits Sorted by Complexity

| Input Bit | Complexity | Occurrences | Output Occurrences |
|:---------:|:----------:|:-----------:|:------------------:|
| iv_511 | 7.777314506828285 × 10^296 | 4267 | 80 |
| iv_498 | 3.606292975151674 × 10^298 | 3943 | 88 |
| iv_500 | 1.0683920058932072 × 10^299 | 4128 | 76 |
| iv_501 | 1.7650691746391687 × 10^299 | 4089 | 83 |
| iv_502 | 2.8560553814731982 × 10^299 | 3899 | 82 |
| iv_503 | 4.539681683272528 × 10^299 | 4063 | 72 |
| iv_506 | 5.4762837355709 × 10^299 | 3974 | 82 |
| iv_497 | 7.257787306873748 × 10^299 | 4230 | 71 |
| iv_507 | 7.856141635580078 × 10^299 | 4188 | 76 |
| iv_508 | 1.042642763211597 × 10^300 | 4152 | 74 |
| iv_509 | 1.0578500919639557 × 10^300 | 4231 | 87 |
| iv_499 | 1.1471665817586251 × 10^300 | 4185 | 57 |

### Input Bits Sorted by Occurrences

| Input Bit | Complexity | Occurrences | Output Occurrences |
|:---------:|:----------:|:-----------:|:------------------:|
| iv_502 | 2.8560553814731982 × 10^299 | 3899 | 82 |
| iv_498 | 3.606292975151674 × 10^298 | 3943 | 88 |
| iv_506 | 5.4762837355709 × 10^299 | 3974 | 82 |
| iv_503 | 4.539681683272528 × 10^299 | 4063 | 72 |
| iv_501 | 1.7650691746391687 × 10^299 | 4089 | 83 |
| iv_500 | 1.0683920058932072 × 10^299 | 4128 | 76 |
| iv_508 | 1.042642763211597 × 10^300 | 4152 | 74 |
| iv_499 | 1.1471665817586251 × 10^300 | 4185 | 57 |
| iv_507 | 7.856141635580078 × 10^299 | 4188 | 76 |
| iv_497 | 7.257787306873748 × 10^299 | 4230 | 71 |
| iv_509 | 1.0578500919639557 × 10^300 | 4231 | 87 |
| iv_511 | 7.777314506828285 × 10^296 | 4267 | 80 |

### Input Bits Sorted by Output Occurrences

| Input Bit | Complexity | Occurrences | Output Occurrences |
|:---------:|:----------:|:-----------:|:------------------:|
| iv_499 | 1.1471665817586251 × 10^300 | 4185 | 57 |
| iv_497 | 7.257787306873748 × 10^299 | 4230 | 71 |
| iv_503 | 4.539681683272528 × 10^299 | 4063 | 72 |
| iv_508 | 1.042642763211597 × 10^300 | 4152 | 74 |
| iv_500 | 1.0683920058932072 × 10^299 | 4128 | 76 |
| iv_507 | 7.856141635580078 × 10^299 | 4188 | 76 |
| iv_511 | 7.777314506828285 × 10^296 | 4267 | 80 |
| iv_502 | 2.8560553814731982 × 10^299 | 3899 | 82 |
| iv_506 | 5.4762837355709 × 10^299 | 3974 | 82 |
| iv_501 | 1.7650691746391687 × 10^299 | 4089 | 83 |
| iv_509 | 1.0578500919639557 × 10^300 | 4231 | 87 |
| iv_498 | 3.606292975151674 × 10^298 | 3943 | 88 |

## Input Bit Co-occurrences

### Input Bit Co-occurrences Sorted by Co-occurrences

| Input Bits | Co-occurrences | Potential Occurrences | Output Co-occurrences | Potential Output Occurrences |
|:----------:|:--------------:|:---------------------:|:---------------------:|:----------------------------:|
| iv_500-iv_511 | 2081 | 4233 | 38 | 80 |
| iv_508-iv_509 | 2077 | 4229 | 40 | 81 |
| iv_507-iv_509 | 2066 | 4287 | 44 | 75 |
| iv_503-iv_511 | 2035 | 4260 | 35 | 82 |
| iv_501-iv_511 | 2034 | 4288 | 39 | 85 |
| iv_501-iv_509 | 2034 | 4252 | 49 | 72 |
| iv_499-iv_509 | 2032 | 4352 | 31 | 82 |
| iv_497-iv_511 | 2019 | 4459 | 41 | 69 |
| iv_507-iv_511 | 2016 | 4423 | 39 | 78 |
| iv_497-iv_508 | 2003 | 4376 | 31 | 83 |
| iv_499-iv_507 | 2000 | 4373 | 29 | 75 |
| iv_500-iv_503 | 2000 | 4191 | 35 | 78 |

### Input Bit Co-occurrences Sorted by Potential Occurrences

| Input Bits | Co-occurrences | Potential Occurrences | Output Co-occurrences | Potential Output Occurrences |
|:----------:|:--------------:|:---------------------:|:---------------------:|:----------------------------:|
| iv_506-iv_507 | 1996 | 4170 | 39 | 80 |
| iv_500-iv_503 | 2000 | 4191 | 35 | 78 |
| iv_503-iv_506 | 1913 | 4211 | 39 | 76 |
| iv_498-iv_506 | 1850 | 4217 | 41 | 88 |
| iv_508-iv_509 | 2077 | 4229 | 40 | 81 |
| iv_502-iv_506 | 1821 | 4231 | 44 | 76 |
| iv_500-iv_511 | 2081 | 4233 | 38 | 80 |
| iv_500-iv_506 | 1931 | 4240 | 36 | 86 |
| iv_501-iv_509 | 2034 | 4252 | 49 | 72 |
| iv_503-iv_511 | 2035 | 4260 | 35 | 82 |
| iv_500-iv_502 | 1883 | 4261 | 37 | 84 |
| iv_500-iv_501 | 1975 | 4267 | 41 | 77 |

### Input Bit Output Co-occurrences Sorted by Output Co-occurrences

| Input Bits | Co-occurrences | Potential Occurrences | Output Co-occurrences | Potential Output Occurrences |
|:----------:|:--------------:|:---------------------:|:---------------------:|:----------------------------:|
| iv_498-iv_509 | 1881 | 4412 | 52 | 71 |
| iv_501-iv_509 | 2034 | 4252 | 49 | 72 |
| iv_498-iv_501 | 1873 | 4286 | 48 | 75 |
| iv_498-iv_508 | 1878 | 4339 | 47 | 68 |
| iv_502-iv_509 | 1876 | 4378 | 46 | 77 |
| iv_498-iv_502 | 1768 | 4306 | 46 | 78 |
| iv_502-iv_511 | 1924 | 4318 | 45 | 72 |
| iv_503-iv_509 | 1922 | 4450 | 44 | 71 |
| iv_501-iv_506 | 1865 | 4333 | 44 | 77 |
| iv_502-iv_506 | 1821 | 4231 | 44 | 76 |
| iv_507-iv_509 | 2066 | 4287 | 44 | 75 |
| iv_501-iv_508 | 1941 | 4359 | 43 | 71 |

### Input Bit Output Co-occurrences Sorted by Potential Output Occurrences

| Input Bits | Co-occurrences | Potential Occurrences | Output Co-occurrences | Potential Output Occurrences |
|:----------:|:--------------:|:---------------------:|:---------------------:|:----------------------------:|
| iv_498-iv_508 | 1878 | 4339 | 47 | 68 |
| iv_497-iv_500 | 1991 | 4376 | 39 | 69 |
| iv_497-iv_511 | 2019 | 4459 | 41 | 69 |
| iv_501-iv_508 | 1941 | 4359 | 43 | 71 |
| iv_503-iv_509 | 1922 | 4450 | 44 | 71 |
| iv_498-iv_509 | 1881 | 4412 | 52 | 71 |
| iv_501-iv_509 | 2034 | 4252 | 49 | 72 |
| iv_502-iv_511 | 1924 | 4318 | 45 | 72 |
| iv_497-iv_502 | 1898 | 4333 | 40 | 73 |
| iv_498-iv_499 | 1839 | 4450 | 36 | 73 |
| iv_502-iv_507 | 1904 | 4279 | 42 | 74 |
| iv_508-iv_511 | 1962 | 4495 | 40 | 74 |

## Output Bits

### Output Bits in Regular Order

| Rank | Output Bit | Complexity |
|:----:|:----------:|:----------:|
| 1 | ov_001 | 9.952993291251144 × 10^299 |
| 2 | ov_002 | 8.660777326037544 × 10^299 |
| 3 | ov_003 | 7.500649911979391 × 10^299 |
| 4 | ov_004 | 6.462707059596535 × 10^299 |
| 5 | ov_005 | 5.537587185587176 × 10^299 |
| 6 | ov_006 | 4.716432730034014 × 10^299 |
| 7 | ov_007 | 3.990856693024326 × 10^299 |
| 8 | ov_008 | 3.352913697602961 × 10^299 |
| 9 | ov_009 | 2.7950752115226004 × 10^299 |
| 10 | ov_010 | 2.310208528406904 × 10^299 |
| 11 | ov_011 | 1.891559104573775 × 10^299 |
| 12 | ov_012 | 1.5327358710214152 × 10^299 |
| 13 | ov_013 | 1.2276991628467366 × 10^299 |
| 14 | ov_014 | 9.707509307498718 × 10^298 |
| 15 | ov_015 | 7.565269213690814 × 10^298 |
| 16 | ov_016 | 5.799905350611188 × 10^298 |
| 17 | ov_017 | 4.3642809145301615 × 10^298 |
| 18 | ov_018 | 3.214452546896744 × 10^298 |
| 19 | ov_019 | 2.3096439182388163 × 10^298 |
| 20 | ov_020 | 1.61222659268007 × 10^298 |
| 21 | ov_021 | 1.0877064246811149 × 10^298 |
| 22 | ov_022 | 7.047141298376925 × 10^297 |
| 23 | ov_023 | 4.349989469297046 × 10^297 |
| 24 | ov_024 | 2.5342451683299898 × 10^297 |
| 25 | ov_025 | 1.379663601686241 × 10^297 |
| 26 | ov_026 | 6.971049517059221 × 10^296 |
| 27 | ov_027 | 3.2852787150785713 × 10^296 |
| 28 | ov_028 | 1.469869189366685 × 10^296 |
| 29 | ov_029 | 5.663173023324742 × 10^295 |
| 30 | ov_030 | 1.7310850189125104 × 10^295 |
| 31 | ov_031 | 3.3760176924827957 × 10^294 |
| 32 | lv_80_m31 | 6.58277521410073 × 10^293 |
| 33 | ov_033 | 7.928308495580478 × 10^294 |
| 34 | ov_034 | 6.88408385983765 × 10^294 |
| 35 | ov_035 | 5.948650593520655 × 10^294 |
| 36 | ov_036 | 5.113501602424631 × 10^294 |
| 37 | ov_037 | 4.370593995775099 × 10^294 |
| 38 | ov_038 | 3.712316474315851 × 10^294 |
| 39 | ov_039 | 3.131461000117476 × 10^294 |
| 40 | ov_040 | 2.6211983418580834 × 10^294 |
| 41 | ov_041 | 2.175057114100999 × 10^294 |
| 42 | ov_042 | 1.7869059525822457 × 10^294 |
| 43 | ov_043 | 1.4537621375450375 × 10^294 |
| 44 | ov_044 | 1.1701317601874156 × 10^294 |
| 45 | ov_045 | 9.308230244814112 × 10^293 |
| 46 | ov_046 | 7.309378197253283 × 10^293 |
| 47 | ov_047 | 5.6586495669422266 × 10^293 |
| 48 | ov_048 | 4.312748312356245 × 10^293 |
| 49 | ov_049 | 3.2311529738696637 × 10^293 |
| 50 | ov_050 | 2.3760854998424485 × 10^293 |
| 51 | ov_051 | 1.712488343623647 × 10^293 |
| 52 | ov_052 | 1.2080081818083744 × 10^293 |
| 53 | ov_053 | 8.329847769869935 × 10^292 |
| 54 | ov_054 | 5.604436801453911 × 10^292 |
| 55 | ov_055 | 3.66091639165798 × 10^292 |
| 56 | ov_056 | 2.28313789625385 × 10^292 |
| 57 | ov_057 | 1.3697203149300735 × 10^292 |
| 58 | ov_058 | 7.580398550920675 × 10^291 |
| 59 | ov_059 | 3.7347323271625546 × 10^291 |
| 60 | ov_060 | 1.5477287230903678 × 10^291 |
| 61 | ov_061 | 5.406634799673092 × 10^290 |
| 62 | ov_062 | 1.4832754993011869 × 10^290 |
| 63 | ov_063 | 2.891346223805834 × 10^289 |
| 64 | lv_79_m31 | 5.634969893631614 × 10^288 |
| 65 | ov_065 | 6.782526436709499 × 10^289 |
| 66 | ov_066 | 6.782506313296138 × 10^289 |
| 67 | ov_067 | 6.782501388506787 × 10^289 |
| 68 | ov_068 | 5.881474106354071 × 10^289 |
| 69 | ov_069 | 5.075803698671366 × 10^289 |
| 70 | ov_070 | 4.357866672061041 × 10^289 |
| 71 | ov_071 | 3.7205084075719066 × 10^289 |
| 72 | ov_072 | 3.1570114175599743 × 10^289 |
| 73 | ov_073 | 2.661066413247068 × 10^289 |
| 74 | ov_074 | 2.2267460331695716 × 10^289 |
| 75 | ov_075 | 1.8484810886261953 × 10^289 |
| 76 | ov_076 | 1.5210391871279443 × 10^289 |
| 77 | ov_077 | 1.2395055988511017 × 10^289 |
| 78 | ov_078 | 9.992662343124805 × 10^288 |
| 79 | ov_079 | 7.959926040346438 × 10^288 |
| 80 | ov_080 | 6.256286329484805 × 10^288 |
| 81 | ov_081 | 4.8437920378445655 × 10^288 |
| 82 | ov_082 | 3.687003048171342 × 10^288 |
| 83 | ov_083 | 2.752906581271004 × 10^288 |
| 84 | ov_084 | 2.0108470509923302 × 10^288 |
| 85 | ov_085 | 1.4324682624716383 × 10^288 |
| 86 | ov_086 | 9.916667269329609 × 10^287 |
| 87 | ov_087 | 6.645548678407624 × 10^287 |
| 88 | ov_088 | 4.294328941189985 × 10^287 |
| 89 | ov_089 | 2.6676811668155973 × 10^287 |
| 90 | ov_090 | 1.591804848014793 × 10^287 |
| 91 | ov_091 | 9.143311898165683 × 10^286 |
| 92 | ov_092 | 5.042662729890772 × 10^286 |
| 93 | ov_093 | 2.519605265510119 × 10^286 |
| 94 | ov_094 | 1.0792273596415604 × 10^286 |
| 95 | aaa_78_28 | 3.332471576336122 × 10^285 |
| 96 | aaa_78_29 | 1.0233810334458184 × 10^285 |
| 97 | ov_097 | 6.755853517297348 × 10^284 |
| 98 | ov_098 | 6.7556505606357096 × 10^284 |
| 99 | ov_099 | 6.755585673098726 × 10^284 |
| 100 | ov_100 | 6.078266612320064 × 10^284 |
| 101 | ov_101 | 5.451130949426787 × 10^284 |
| 102 | ov_102 | 4.871399559601538 × 10^284 |
| 103 | ov_103 | 4.336495031038633 × 10^284 |
| 104 | ov_104 | 3.8440160953184216 × 10^284 |
| 105 | ov_105 | 3.391714345819832 × 10^284 |
| 106 | ov_106 | 2.977473124268363 × 10^284 |
| 107 | ov_107 | 2.59928846005805 × 10^284 |
| 108 | ov_108 | 2.2552519506873388 × 10^284 |
| 109 | ov_109 | 1.9435354746218327 × 10^284 |
| 110 | ov_110 | 1.6623776302392154 × 10^284 |
| 111 | ov_111 | 1.4100717963177396 × 10^284 |
| 112 | ov_112 | 1.1849557108864851 × 10^284 |
| 113 | ov_113 | 9.854024662434367 × 10^283 |
| 114 | ov_114 | 8.098128186395745 × 10^283 |
| 115 | ov_115 | 6.566087115898932 × 10^283 |
| 116 | ov_116 | 5.242279120650253 × 10^283 |
| 117 | ov_117 | 4.1111965899185095 × 10^283 |
| 118 | ov_118 | 3.1574122359084565 × 10^283 |
| 119 | ov_119 | 2.365552811330636 × 10^283 |
| 120 | ov_120 | 1.7202799373035787 × 10^283 |
| 121 | ov_121 | 1.2062770378958986 × 10^283 |
| 122 | ov_122 | 8.082409280036419 × 10^282 |
| 123 | ov_123 | 5.1087627703855004 × 10^282 |
| 124 | ov_124 | 2.988918715064291 × 10^282 |
| 125 | ov_125 | 1.5699829756270692 × 10^282 |
| 126 | ov_126 | 6.990675771735003 × 10^281 |
| 127 | aaa_77_28 | 2.232861611662908 × 10^281 |
| 128 | aaa_77_29 | 8.374166574358808 × 10^280 |
| 129 | ov_129 | 7.824087513939401 × 10^280 |
| 130 | ov_130 | 7.824065595571254 × 10^280 |
| 131 | ov_131 | 7.824060290844432 × 10^280 |
| 132 | ov_132 | 6.799329751178148 × 10^280 |
| 133 | ov_133 | 5.8799993311713695 × 10^280 |
| 134 | ov_134 | 5.05816435979736 × 10^280 |
| 135 | ov_135 | 4.3263484832163535 × 10^280 |
| 136 | ov_136 | 3.677473113332392 × 10^280 |
| 137 | ov_137 | 3.1048309769094672 × 10^280 |
| 138 | ov_138 | 2.602063383461468 × 10^280 |
| 139 | ov_139 | 2.163140849859793 × 10^280 |
| 140 | ov_140 | 1.7823467387079008 × 10^280 |
| 141 | ov_141 | 1.4542635861446877 × 10^280 |
| 142 | ov_142 | 1.1737618129707284 × 10^280 |
| 143 | ov_143 | 9.359905309368736 × 10^279 |
| 144 | ov_144 | 7.363701737711611 × 10^279 |
| 145 | ov_145 | 5.705867001093837 × 10^279 |
| 146 | ov_146 | 4.3458713298505804 × 10^279 |
| 147 | ov_147 | 3.2457621796118003 × 10^279 |
| 148 | ov_148 | 2.370139993732892 × 10^279 |
| 149 | ov_149 | 1.6861413151629857 × 10^279 |
| 150 | ov_150 | 1.1634275895547424 × 10^279 |
| 151 | ov_151 | 7.741781748017022 × 10^278 |
| 152 | ov_152 | 4.93086245508135 × 10^278 |
| 153 | ov_153 | 2.9735650365635437 × 10^278 |
| 154 | ov_154 | 1.667039176083816 × 10^278 |
| 155 | ov_155 | 8.335301496282287 × 10^277 |
| 156 | aaa_76_25 | 3.203749767855376 × 10^277 |
| 157 | aaa_76_26 | 1.8510934192066897 × 10^277 |
| 158 | aaa_76_27 | 9.481418930658704 × 10^276 |
| 159 | aaa_76_28 | 3.694550289831333 × 10^276 |
| 160 | aaa_76_29 | 1.124499634203617 × 10^276 |

### Output Bits Sorted by Complexity

| Rank | Output Bit | Complexity |
|:----:|:----------:|:----------:|
| 160 | aaa_76_29 | 1.124499634203617 × 10^276 |
| 159 | aaa_76_28 | 3.694550289831333 × 10^276 |
| 158 | aaa_76_27 | 9.481418930658704 × 10^276 |
| 157 | aaa_76_26 | 1.8510934192066897 × 10^277 |
| 156 | aaa_76_25 | 3.203749767855376 × 10^277 |
| 155 | ov_155 | 8.335301496282287 × 10^277 |
| 154 | ov_154 | 1.667039176083816 × 10^278 |
| 153 | ov_153 | 2.9735650365635437 × 10^278 |
| 152 | ov_152 | 4.93086245508135 × 10^278 |
| 151 | ov_151 | 7.741781748017022 × 10^278 |
| 150 | ov_150 | 1.1634275895547424 × 10^279 |
| 149 | ov_149 | 1.6861413151629857 × 10^279 |
| 148 | ov_148 | 2.370139993732892 × 10^279 |
| 147 | ov_147 | 3.2457621796118003 × 10^279 |
| 146 | ov_146 | 4.3458713298505804 × 10^279 |
| 145 | ov_145 | 5.705867001093837 × 10^279 |
| 144 | ov_144 | 7.363701737711611 × 10^279 |
| 143 | ov_143 | 9.359905309368736 × 10^279 |
| 142 | ov_142 | 1.1737618129707284 × 10^280 |
| 141 | ov_141 | 1.4542635861446877 × 10^280 |
| 140 | ov_140 | 1.7823467387079008 × 10^280 |
| 139 | ov_139 | 2.163140849859793 × 10^280 |
| 138 | ov_138 | 2.602063383461468 × 10^280 |
| 137 | ov_137 | 3.1048309769094672 × 10^280 |
| 136 | ov_136 | 3.677473113332392 × 10^280 |
| 135 | ov_135 | 4.3263484832163535 × 10^280 |
| 134 | ov_134 | 5.05816435979736 × 10^280 |
| 133 | ov_133 | 5.8799993311713695 × 10^280 |
| 132 | ov_132 | 6.799329751178148 × 10^280 |
| 131 | ov_131 | 7.824060290844432 × 10^280 |
| 130 | ov_130 | 7.824065595571254 × 10^280 |
| 129 | ov_129 | 7.824087513939401 × 10^280 |
| 128 | aaa_77_29 | 8.374166574358808 × 10^280 |
| 127 | aaa_77_28 | 2.232861611662908 × 10^281 |
| 126 | ov_126 | 6.990675771735003 × 10^281 |
| 125 | ov_125 | 1.5699829756270692 × 10^282 |
| 124 | ov_124 | 2.988918715064291 × 10^282 |
| 123 | ov_123 | 5.1087627703855004 × 10^282 |
| 122 | ov_122 | 8.082409280036419 × 10^282 |
| 121 | ov_121 | 1.2062770378958986 × 10^283 |
| 120 | ov_120 | 1.7202799373035787 × 10^283 |
| 119 | ov_119 | 2.365552811330636 × 10^283 |
| 118 | ov_118 | 3.1574122359084565 × 10^283 |
| 117 | ov_117 | 4.1111965899185095 × 10^283 |
| 116 | ov_116 | 5.242279120650253 × 10^283 |
| 115 | ov_115 | 6.566087115898932 × 10^283 |
| 114 | ov_114 | 8.098128186395745 × 10^283 |
| 113 | ov_113 | 9.854024662434367 × 10^283 |
| 112 | ov_112 | 1.1849557108864851 × 10^284 |
| 111 | ov_111 | 1.4100717963177396 × 10^284 |
| 110 | ov_110 | 1.6623776302392154 × 10^284 |
| 109 | ov_109 | 1.9435354746218327 × 10^284 |
| 108 | ov_108 | 2.2552519506873388 × 10^284 |
| 107 | ov_107 | 2.59928846005805 × 10^284 |
| 106 | ov_106 | 2.977473124268363 × 10^284 |
| 105 | ov_105 | 3.391714345819832 × 10^284 |
| 104 | ov_104 | 3.8440160953184216 × 10^284 |
| 103 | ov_103 | 4.336495031038633 × 10^284 |
| 102 | ov_102 | 4.871399559601538 × 10^284 |
| 101 | ov_101 | 5.451130949426787 × 10^284 |
| 100 | ov_100 | 6.078266612320064 × 10^284 |
| 99 | ov_099 | 6.755585673098726 × 10^284 |
| 98 | ov_098 | 6.7556505606357096 × 10^284 |
| 97 | ov_097 | 6.755853517297348 × 10^284 |
| 96 | aaa_78_29 | 1.0233810334458184 × 10^285 |
| 95 | aaa_78_28 | 3.332471576336122 × 10^285 |
| 94 | ov_094 | 1.0792273596415604 × 10^286 |
| 93 | ov_093 | 2.519605265510119 × 10^286 |
| 92 | ov_092 | 5.042662729890772 × 10^286 |
| 91 | ov_091 | 9.143311898165683 × 10^286 |
| 90 | ov_090 | 1.591804848014793 × 10^287 |
| 89 | ov_089 | 2.6676811668155973 × 10^287 |
| 88 | ov_088 | 4.294328941189985 × 10^287 |
| 87 | ov_087 | 6.645548678407624 × 10^287 |
| 86 | ov_086 | 9.916667269329609 × 10^287 |
| 85 | ov_085 | 1.4324682624716383 × 10^288 |
| 84 | ov_084 | 2.0108470509923302 × 10^288 |
| 83 | ov_083 | 2.752906581271004 × 10^288 |
| 82 | ov_082 | 3.687003048171342 × 10^288 |
| 81 | ov_081 | 4.8437920378445655 × 10^288 |
| 64 | lv_79_m31 | 5.634969893631614 × 10^288 |
| 80 | ov_080 | 6.256286329484805 × 10^288 |
| 79 | ov_079 | 7.959926040346438 × 10^288 |
| 78 | ov_078 | 9.992662343124805 × 10^288 |
| 77 | ov_077 | 1.2395055988511017 × 10^289 |
| 76 | ov_076 | 1.5210391871279443 × 10^289 |
| 75 | ov_075 | 1.8484810886261953 × 10^289 |
| 74 | ov_074 | 2.2267460331695716 × 10^289 |
| 73 | ov_073 | 2.661066413247068 × 10^289 |
| 63 | ov_063 | 2.891346223805834 × 10^289 |
| 72 | ov_072 | 3.1570114175599743 × 10^289 |
| 71 | ov_071 | 3.7205084075719066 × 10^289 |
| 70 | ov_070 | 4.357866672061041 × 10^289 |
| 69 | ov_069 | 5.075803698671366 × 10^289 |
| 68 | ov_068 | 5.881474106354071 × 10^289 |
| 67 | ov_067 | 6.782501388506787 × 10^289 |
| 66 | ov_066 | 6.782506313296138 × 10^289 |
| 65 | ov_065 | 6.782526436709499 × 10^289 |
| 62 | ov_062 | 1.4832754993011869 × 10^290 |
| 61 | ov_061 | 5.406634799673092 × 10^290 |
| 60 | ov_060 | 1.5477287230903678 × 10^291 |
| 59 | ov_059 | 3.7347323271625546 × 10^291 |
| 58 | ov_058 | 7.580398550920675 × 10^291 |
| 57 | ov_057 | 1.3697203149300735 × 10^292 |
| 56 | ov_056 | 2.28313789625385 × 10^292 |
| 55 | ov_055 | 3.66091639165798 × 10^292 |
| 54 | ov_054 | 5.604436801453911 × 10^292 |
| 53 | ov_053 | 8.329847769869935 × 10^292 |
| 52 | ov_052 | 1.2080081818083744 × 10^293 |
| 51 | ov_051 | 1.712488343623647 × 10^293 |
| 50 | ov_050 | 2.3760854998424485 × 10^293 |
| 49 | ov_049 | 3.2311529738696637 × 10^293 |
| 48 | ov_048 | 4.312748312356245 × 10^293 |
| 47 | ov_047 | 5.6586495669422266 × 10^293 |
| 32 | lv_80_m31 | 6.58277521410073 × 10^293 |
| 46 | ov_046 | 7.309378197253283 × 10^293 |
| 45 | ov_045 | 9.308230244814112 × 10^293 |
| 44 | ov_044 | 1.1701317601874156 × 10^294 |
| 43 | ov_043 | 1.4537621375450375 × 10^294 |
| 42 | ov_042 | 1.7869059525822457 × 10^294 |
| 41 | ov_041 | 2.175057114100999 × 10^294 |
| 40 | ov_040 | 2.6211983418580834 × 10^294 |
| 39 | ov_039 | 3.131461000117476 × 10^294 |
| 31 | ov_031 | 3.3760176924827957 × 10^294 |
| 38 | ov_038 | 3.712316474315851 × 10^294 |
| 37 | ov_037 | 4.370593995775099 × 10^294 |
| 36 | ov_036 | 5.113501602424631 × 10^294 |
| 35 | ov_035 | 5.948650593520655 × 10^294 |
| 34 | ov_034 | 6.88408385983765 × 10^294 |
| 33 | ov_033 | 7.928308495580478 × 10^294 |
| 30 | ov_030 | 1.7310850189125104 × 10^295 |
| 29 | ov_029 | 5.663173023324742 × 10^295 |
| 28 | ov_028 | 1.469869189366685 × 10^296 |
| 27 | ov_027 | 3.2852787150785713 × 10^296 |
| 26 | ov_026 | 6.971049517059221 × 10^296 |
| 25 | ov_025 | 1.379663601686241 × 10^297 |
| 24 | ov_024 | 2.5342451683299898 × 10^297 |
| 23 | ov_023 | 4.349989469297046 × 10^297 |
| 22 | ov_022 | 7.047141298376925 × 10^297 |
| 21 | ov_021 | 1.0877064246811149 × 10^298 |
| 20 | ov_020 | 1.61222659268007 × 10^298 |
| 19 | ov_019 | 2.3096439182388163 × 10^298 |
| 18 | ov_018 | 3.214452546896744 × 10^298 |
| 17 | ov_017 | 4.3642809145301615 × 10^298 |
| 16 | ov_016 | 5.799905350611188 × 10^298 |
| 15 | ov_015 | 7.565269213690814 × 10^298 |
| 14 | ov_014 | 9.707509307498718 × 10^298 |
| 13 | ov_013 | 1.2276991628467366 × 10^299 |
| 12 | ov_012 | 1.5327358710214152 × 10^299 |
| 11 | ov_011 | 1.891559104573775 × 10^299 |
| 10 | ov_010 | 2.310208528406904 × 10^299 |
| 9 | ov_009 | 2.7950752115226004 × 10^299 |
| 8 | ov_008 | 3.352913697602961 × 10^299 |
| 7 | ov_007 | 3.990856693024326 × 10^299 |
| 6 | ov_006 | 4.716432730034014 × 10^299 |
| 5 | ov_005 | 5.537587185587176 × 10^299 |
| 4 | ov_004 | 6.462707059596535 × 10^299 |
| 3 | ov_003 | 7.500649911979391 × 10^299 |
| 2 | ov_002 | 8.660777326037544 × 10^299 |
| 1 | ov_001 | 9.952993291251144 × 10^299 |

