# Results for F001-F002-F003-F004-F005-F006-F007-F008-F009-F010-F011-F012-F013-F014-F015-F016-F017-F018-F019-F020-F021-F022-F023-F024-F025-F026-F027-F028-F029-F030-F031-F032-F033-F034-F035-F036-F037-F038-F039-F040-F041-F042-F043-F044-F045-F046-F047-F048-F049-F050-F051-F052-F053-F054-F055-F056-F057-F058-F059-F060-F061-F062-F063-F064-F065-F066-F067-F068-F069-F070-F071-F072-F073-F074-F075-F076-F077-F078-F079-F080-F081-F082-F083-F084-F085-F086-F087-F088-F089-F090-F091-F092-F093-F094-F095-F096-F097-F098-F099-F100-F101-F102-F103-F104-F105-F106-F107-F108-F109-F110-F111-F112-F113-F114-F115-F116-F117-F118-F119-F120-F121-F122-F123-F124-F125-F126-F127-F128-F129-F130-F131-F132-F133-F134-F135-F136-F137-F138-F139-F140-F141-F142-F143-F144-F145-F146-F147-F148-F149-F150-F151-F152-F153-F154-F155-F156-F157-F158-F159-F160-F161-F162-F163-F164-F165-F166-F167-F168-F169-F170-F171-F172-F173-F174-F175-F176-F177-F178-F179-F180-F181-F182-F183-F184-F185-F186-F187-F188-F189-F190-F191-F192-F193-F194-F195-F196-F197-F198-F199-F200-F201-F202-F203-F204-F205-F206-F207-F208-F209-F210-F211-F212-F213-F214-F215-F216-F217-F218-F219-F220-F221-F222-F223-F224-F225-F226-F227-F228-F229-F230-F231-F232-F233-F234-F235-F236-F237-F238-F239-F240-F241-F242-F243-F244-F245-F246-F247-F248-F249-F250-F251-F252-F253-F254-F255-F256-F257-F258-F259-F260-F261-F262-F263-F264-F265-F266-F267-F268-F269-F270-F271-F272-F273-F274-F275-F276-F277-F278-F279-F280-F281-F282-F283-F284-F285-F286-F287-F288-F289-F290-F291-F292-F293-F294-F295-F296-F297-F298-F299-F300-F301-F302-F303-F304-F305-F306-F307-F308-F309-F310-F311-F312-F313-F314-F315-F316-F317-F318-F319-F320-F321-F322-F323-F324-F325-F326-F327-F328-F329-F330-F331-F332-F333-F334-F335-F336-F337-F338-F339-F340-F341-F342-F343-F344-F345-F346-F347-F348-F349-F350-F351-F352-F353-F354-F355-F356-F357-F358-F359-F360-F361-F362-F363-F364-F365-F366-F367-F368-F369-F370-F371-F372-F373-F374-F375-F376-F377-F378-F379-F380-F381-F382-F383-F384-F385-F386-F387-F388-F389-F390-F391-F392-F393-F394-F395-F396-F397-F398-F399-F400-F401-F402-F403-F404-F405-F406-F407-F408-F409-F410-F411-F412-F413-F414-F415-F416-F417-F418-F419-F420-F421-F422-F423-F424-F425-F426-F427-F428-F429-F430-F431-F432-F433-F434-F435-F436-F437-F438-F439-F440-F441-F442-F443-F444-F445-F446-F447-F448-F449-F450-F451-F452-F453-F454-F455-F456-F457-F458-F459-F460-F461-F462-F463-F464-F465-F466-F467-F468-F469-F470-F471-F472-F473-F474-F475-F476-F477-F478-F479-F480-F481-F482-F483-F484-F485-F486-F487-F488-F489-F490-F491-F492-F493-F494-F495-F496-O499504-O500505-F510-F512

## Summary

Number of input bits: 512  
Number of free input bits: 12  
Number of output bits: 160

Number of direct occurrences: 49562  
Number of assignments: 31768  
Number of operations: 11271813
(xor: 11243358,
and: 14920,
or: 13535)

Total complexity: 8.59531915937144 × 10^301

Least occurring input variable: iv_502 (3852)  
Most occurring input variable: iv_500 (4324)

Most co-occurring input variables: iv_500-iv_511 (2104)  
Least co-occurring input variables: iv_498-iv_502 (1748)

Potentially most occurring input variable: iv_499/iv_511 (4594)  
Potentially least occurring input variable: iv_506/iv_507 (4184)

Least output occurring input variable: iv_502 (71)  
Most output occurring input variable: iv_497 (89)

Most output co-occurring input variables: iv_497-iv_506 (51)  
Least output co-occurring input variables: iv_502-iv_503 (33)

Potentially most output occurring input variable: iv_500/iv_507 (90)  
Potentially least output occurring input variable: iv_497/iv_506 (68)

Least complex input bit: iv_511 (1.0500136322487391 × 10^298)  
Most complex input bit: iv_500 (1.6073062782586297 × 10^301)

Least complex output bit: aaa_76_29 (4.44272210903769 × 10^276)  
Most complex output bit: ov_001 (1.3437555906952238 × 10^301)

Least complex input/output complexity: iv_511/aaa_76_29 (5.4272781409126705 × 10^272)  
Most complex input/output complexity: iv_500/ov_001 (2.5127941817200797 × 10^300)

## Input Bits

### Input Bits in Regular Order

| Input Bit | Complexity | Occurrences | Output Occurrences |
|:---------:|:----------:|:-----------:|:------------------:|
| iv_497 | 2.4421769745479494 × 10^299 | 4143 | 89 |
| iv_498 | 4.868848729812227 × 10^299 | 3962 | 88 |
| iv_499 | 1.041174951838415 × 10^301 | 4179 | 83 |
| iv_500 | 1.6073062782586297 × 10^301 | 4324 | 82 |
| iv_501 | 2.3830162630120656 × 10^300 | 4108 | 81 |
| iv_502 | 3.855954497367002 × 10^300 | 3852 | 71 |
| iv_503 | 6.129014905236218 × 10^300 | 4088 | 76 |
| iv_506 | 7.393519410026415 × 10^300 | 3998 | 81 |
| iv_507 | 1.0606560666915948 × 10^301 | 4198 | 76 |
| iv_508 | 1.407669850533196 × 10^301 | 4207 | 75 |
| iv_509 | 1.4282012338095804 × 10^301 | 4220 | 78 |
| iv_511 | 1.0500136322487391 × 10^298 | 4283 | 80 |

### Input Bits Sorted by Complexity

| Input Bit | Complexity | Occurrences | Output Occurrences |
|:---------:|:----------:|:-----------:|:------------------:|
| iv_511 | 1.0500136322487391 × 10^298 | 4283 | 80 |
| iv_497 | 2.4421769745479494 × 10^299 | 4143 | 89 |
| iv_498 | 4.868848729812227 × 10^299 | 3962 | 88 |
| iv_501 | 2.3830162630120656 × 10^300 | 4108 | 81 |
| iv_502 | 3.855954497367002 × 10^300 | 3852 | 71 |
| iv_503 | 6.129014905236218 × 10^300 | 4088 | 76 |
| iv_506 | 7.393519410026415 × 10^300 | 3998 | 81 |
| iv_499 | 1.041174951838415 × 10^301 | 4179 | 83 |
| iv_507 | 1.0606560666915948 × 10^301 | 4198 | 76 |
| iv_508 | 1.407669850533196 × 10^301 | 4207 | 75 |
| iv_509 | 1.4282012338095804 × 10^301 | 4220 | 78 |
| iv_500 | 1.6073062782586297 × 10^301 | 4324 | 82 |

### Input Bits Sorted by Occurrences

| Input Bit | Complexity | Occurrences | Output Occurrences |
|:---------:|:----------:|:-----------:|:------------------:|
| iv_502 | 3.855954497367002 × 10^300 | 3852 | 71 |
| iv_498 | 4.868848729812227 × 10^299 | 3962 | 88 |
| iv_506 | 7.393519410026415 × 10^300 | 3998 | 81 |
| iv_503 | 6.129014905236218 × 10^300 | 4088 | 76 |
| iv_501 | 2.3830162630120656 × 10^300 | 4108 | 81 |
| iv_497 | 2.4421769745479494 × 10^299 | 4143 | 89 |
| iv_499 | 1.041174951838415 × 10^301 | 4179 | 83 |
| iv_507 | 1.0606560666915948 × 10^301 | 4198 | 76 |
| iv_508 | 1.407669850533196 × 10^301 | 4207 | 75 |
| iv_509 | 1.4282012338095804 × 10^301 | 4220 | 78 |
| iv_511 | 1.0500136322487391 × 10^298 | 4283 | 80 |
| iv_500 | 1.6073062782586297 × 10^301 | 4324 | 82 |

### Input Bits Sorted by Output Occurrences

| Input Bit | Complexity | Occurrences | Output Occurrences |
|:---------:|:----------:|:-----------:|:------------------:|
| iv_502 | 3.855954497367002 × 10^300 | 3852 | 71 |
| iv_508 | 1.407669850533196 × 10^301 | 4207 | 75 |
| iv_503 | 6.129014905236218 × 10^300 | 4088 | 76 |
| iv_507 | 1.0606560666915948 × 10^301 | 4198 | 76 |
| iv_509 | 1.4282012338095804 × 10^301 | 4220 | 78 |
| iv_511 | 1.0500136322487391 × 10^298 | 4283 | 80 |
| iv_501 | 2.3830162630120656 × 10^300 | 4108 | 81 |
| iv_506 | 7.393519410026415 × 10^300 | 3998 | 81 |
| iv_500 | 1.6073062782586297 × 10^301 | 4324 | 82 |
| iv_499 | 1.041174951838415 × 10^301 | 4179 | 83 |
| iv_498 | 4.868848729812227 × 10^299 | 3962 | 88 |
| iv_497 | 2.4421769745479494 × 10^299 | 4143 | 89 |

## Input Bit Co-occurrences

### Input Bit Co-occurrences Sorted by Co-occurrences

| Input Bits | Co-occurrences | Potential Occurrences | Output Co-occurrences | Potential Output Occurrences |
|:----------:|:--------------:|:---------------------:|:---------------------:|:----------------------------:|
| iv_500-iv_511 | 2104 | 4399 | 42 | 78 |
| iv_508-iv_509 | 2094 | 4239 | 36 | 81 |
| iv_500-iv_507 | 2059 | 4404 | 34 | 90 |
| iv_507-iv_509 | 2052 | 4314 | 38 | 78 |
| iv_503-iv_511 | 2050 | 4271 | 39 | 78 |
| iv_499-iv_507 | 2043 | 4291 | 43 | 73 |
| iv_497-iv_507 | 2042 | 4257 | 42 | 81 |
| iv_497-iv_500 | 2042 | 4383 | 43 | 85 |
| iv_500-iv_501 | 2041 | 4350 | 41 | 81 |
| iv_501-iv_511 | 2040 | 4311 | 37 | 87 |
| iv_499-iv_500 | 2027 | 4449 | 43 | 79 |
| iv_499-iv_508 | 2024 | 4338 | 40 | 78 |

### Input Bit Co-occurrences Sorted by Potential Occurrences

| Input Bits | Co-occurrences | Potential Occurrences | Output Co-occurrences | Potential Output Occurrences |
|:----------:|:--------------:|:---------------------:|:---------------------:|:----------------------------:|
| iv_506-iv_507 | 2006 | 4184 | 39 | 79 |
| iv_497-iv_506 | 1955 | 4231 | 51 | 68 |
| iv_498-iv_506 | 1864 | 4232 | 41 | 87 |
| iv_508-iv_509 | 2094 | 4239 | 36 | 81 |
| iv_497-iv_501 | 2006 | 4239 | 45 | 80 |
| iv_502-iv_506 | 1800 | 4250 | 38 | 76 |
| iv_503-iv_506 | 1917 | 4252 | 34 | 89 |
| iv_497-iv_507 | 2042 | 4257 | 42 | 81 |
| iv_502-iv_507 | 1890 | 4270 | 36 | 75 |
| iv_503-iv_511 | 2050 | 4271 | 39 | 78 |
| iv_497-iv_502 | 1862 | 4271 | 38 | 84 |
| iv_501-iv_502 | 1835 | 4290 | 37 | 78 |

### Input Bit Output Co-occurrences Sorted by Output Co-occurrences

| Input Bits | Co-occurrences | Potential Occurrences | Output Co-occurrences | Potential Output Occurrences |
|:----------:|:--------------:|:---------------------:|:---------------------:|:----------------------------:|
| iv_497-iv_506 | 1955 | 4231 | 51 | 68 |
| iv_498-iv_499 | 1894 | 4353 | 50 | 71 |
| iv_498-iv_501 | 1885 | 4300 | 48 | 73 |
| iv_497-iv_498 | 1889 | 4327 | 46 | 85 |
| iv_497-iv_501 | 2006 | 4239 | 45 | 80 |
| iv_498-iv_500 | 1956 | 4374 | 45 | 80 |
| iv_498-iv_509 | 1881 | 4420 | 44 | 78 |
| iv_498-iv_503 | 1874 | 4302 | 43 | 78 |
| iv_498-iv_507 | 1907 | 4346 | 43 | 78 |
| iv_498-iv_511 | 1909 | 4427 | 43 | 82 |
| iv_497-iv_500 | 2042 | 4383 | 43 | 85 |
| iv_499-iv_500 | 2027 | 4449 | 43 | 79 |

### Input Bit Output Co-occurrences Sorted by Potential Output Occurrences

| Input Bits | Co-occurrences | Potential Occurrences | Output Co-occurrences | Potential Output Occurrences |
|:----------:|:--------------:|:---------------------:|:---------------------:|:----------------------------:|
| iv_497-iv_506 | 1955 | 4231 | 51 | 68 |
| iv_507-iv_508 | 1989 | 4427 | 40 | 71 |
| iv_498-iv_499 | 1894 | 4353 | 50 | 71 |
| iv_498-iv_501 | 1885 | 4300 | 48 | 73 |
| iv_499-iv_507 | 2043 | 4291 | 43 | 73 |
| iv_503-iv_509 | 1929 | 4450 | 40 | 74 |
| iv_501-iv_503 | 1875 | 4446 | 41 | 75 |
| iv_502-iv_507 | 1890 | 4270 | 36 | 75 |
| iv_501-iv_508 | 1956 | 4403 | 40 | 76 |
| iv_502-iv_506 | 1800 | 4250 | 38 | 76 |
| iv_502-iv_509 | 1837 | 4398 | 36 | 77 |
| iv_499-iv_508 | 2024 | 4338 | 40 | 78 |

## Output Bits

### Output Bits in Regular Order

| Rank | Output Bit | Complexity |
|:----:|:----------:|:----------:|
| 1 | ov_001 | 1.3437555906952238 × 10^301 |
| 2 | ov_002 | 1.169292175676344 × 10^301 |
| 3 | ov_003 | 1.0126624198383554 × 10^301 |
| 4 | ov_004 | 8.725291115827082 × 10^300 |
| 5 | ov_005 | 7.476282789090008 × 10^300 |
| 6 | ov_006 | 6.367640069043668 × 10^300 |
| 7 | ov_007 | 5.3880391931154515 × 10^300 |
| 8 | ov_008 | 4.526752711226972 × 10^300 |
| 9 | ov_009 | 3.773616025960071 × 10^300 |
| 10 | ov_010 | 3.1189990079475667 × 10^300 |
| 11 | ov_011 | 2.553782141588652 × 10^300 |
| 12 | ov_012 | 2.0693366875651636 × 10^300 |
| 13 | ov_013 | 1.65750837934731 × 10^300 |
| 14 | ov_014 | 1.3106042010708788 × 10^300 |
| 15 | ov_015 | 1.021381823964523 × 10^300 |
| 16 | ov_016 | 7.830413080064014 × 10^299 |
| 17 | ov_017 | 5.892187047759111 × 10^299 |
| 18 | ov_018 | 4.339812266029797 × 10^299 |
| 19 | ov_019 | 3.118236761534889 × 10^299 |
| 20 | ov_020 | 2.176658595606513 × 10^299 |
| 21 | ov_021 | 1.4685074702777567 × 10^299 |
| 22 | ov_022 | 9.514319750391732 × 10^298 |
| 23 | ov_023 | 5.872910120125478 × 10^298 |
| 24 | ov_024 | 3.4214821857363615 × 10^298 |
| 25 | ov_025 | 1.862685524585874 × 10^298 |
| 26 | ov_026 | 9.411641978268818 × 10^297 |
| 27 | ov_027 | 4.4354793512051484 × 10^297 |
| 28 | ov_028 | 1.984486555542143 × 10^297 |
| 29 | ov_029 | 7.645934673348315 × 10^296 |
| 30 | ov_030 | 2.337171133676356 × 10^296 |
| 31 | ov_031 | 4.558043955966103 × 10^295 |
| 32 | lv_80_m31 | 8.887602232234604 × 10^294 |
| 33 | ov_033 | 1.0705250644125086 × 10^296 |
| 34 | ov_034 | 9.295471793167953 × 10^295 |
| 35 | ov_035 | 8.032566317423873 × 10^295 |
| 36 | ov_036 | 6.905043057658244 × 10^295 |
| 37 | ov_037 | 5.902039994784647 × 10^295 |
| 38 | ov_038 | 5.013279771508552 × 10^295 |
| 39 | ov_039 | 4.2290310103968835 × 10^295 |
| 40 | ov_040 | 3.5400748975838596 × 10^295 |
| 41 | ov_041 | 2.9376765283880175 × 10^295 |
| 42 | ov_042 | 2.413560537677576 × 10^295 |
| 43 | ov_043 | 1.9637013348665307 × 10^295 |
| 44 | ov_044 | 1.5806844345364216 × 10^295 |
| 45 | ov_045 | 1.257503108325468 × 10^295 |
| 46 | ov_046 | 9.875468995977475 × 10^294 |
| 47 | ov_047 | 7.645924219026169 × 10^294 |
| 48 | ov_048 | 5.8279611598526 × 10^294 |
| 49 | ov_049 | 4.366886646222144 × 10^294 |
| 50 | ov_050 | 3.2117078893716214 × 10^294 |
| 51 | ov_051 | 2.315101741290922 × 10^294 |
| 52 | ov_052 | 1.6333929674346203 × 10^294 |
| 53 | ov_053 | 1.1265394975957445 × 10^294 |
| 54 | ov_054 | 7.581228587156646 × 10^293 |
| 55 | ov_055 | 4.953422341992949 × 10^293 |
| 56 | ov_056 | 3.0901088705850915 × 10^293 |
| 57 | ov_057 | 1.8543863526210145 × 10^293 |
| 58 | ov_058 | 1.0266155837131679 × 10^293 |
| 59 | ov_059 | 5.060030515103298 × 10^292 |
| 60 | ov_060 | 2.0980563307623292 × 10^292 |
| 61 | ov_061 | 7.332994996805204 × 10^291 |
| 62 | ov_062 | 2.0128019200189626 × 10^291 |
| 63 | ov_063 | 3.925638969706648 × 10^290 |
| 64 | lv_79_m31 | 7.65465352833128 × 10^289 |
| 65 | ov_065 | 9.198073928895411 × 10^290 |
| 66 | ov_066 | 9.198051654850978 × 10^290 |
| 67 | ov_067 | 9.198046388365882 × 10^290 |
| 68 | ov_068 | 7.988119019107336 × 10^290 |
| 69 | ov_069 | 6.902524779379388 × 10^290 |
| 70 | ov_070 | 5.932171693783063 × 10^290 |
| 71 | ov_071 | 5.068394136146676 × 10^290 |
| 72 | ov_072 | 4.302928783057229 × 10^290 |
| 73 | ov_073 | 3.627895919823969 × 10^290 |
| 74 | ov_074 | 3.0357850030909776 × 10^290 |
| 75 | ov_075 | 2.519443442809247 × 10^290 |
| 76 | ov_076 | 2.0720676224306346 × 10^290 |
| 77 | ov_077 | 1.6871953300621342 × 10^290 |
| 78 | ov_078 | 1.3586991187010585 × 10^290 |
| 79 | ov_079 | 1.080780439165927 × 10^290 |
| 80 | ov_080 | 8.479644961213815 × 10^289 |
| 81 | ov_081 | 6.550957781896347 × 10^289 |
| 82 | ov_082 | 4.973342135808047 × 10^289 |
| 83 | ov_083 | 3.701519029903639 × 10^289 |
| 84 | ov_084 | 2.693303817311264 × 10^289 |
| 85 | ov_085 | 1.9095836321374705 × 10^289 |
| 86 | ov_086 | 1.3142991598432272 × 10^289 |
| 87 | ov_087 | 8.74430265870887 × 10^288 |
| 88 | ov_088 | 5.599850055642172 × 10^288 |
| 89 | ov_089 | 3.439915386335164 × 10^288 |
| 90 | ov_090 | 2.0249247152937027 × 10^288 |
| 91 | ov_091 | 1.145411511420902 × 10^288 |
| 92 | ov_092 | 6.219943722443127 × 10^287 |
| 93 | ov_093 | 3.0536504294896264 × 10^287 |
| 94 | ov_094 | 1.2838669451906096 × 10^287 |
| 95 | aaa_78_28 | 3.8955476318069883 × 10^286 |
| 96 | aaa_78_29 | 1.1637756316454466 × 10^286 |
| 97 | ov_097 | 6.16111069809832 × 10^285 |
| 98 | ov_098 | 6.161030642047291 × 10^285 |
| 99 | ov_099 | 6.161005005996696 × 10^285 |
| 100 | ov_100 | 5.0420408179944665 × 10^285 |
| 101 | ov_101 | 4.0994737842591605 × 10^285 |
| 102 | ov_102 | 3.3137119868000227 × 10^285 |
| 103 | ov_103 | 2.666253073298447 × 10^285 |
| 104 | ov_104 | 2.1396045634531838 × 10^285 |
| 105 | ov_105 | 1.7172142574845588 × 10^285 |
| 106 | ov_106 | 1.3834098428296222 × 10^285 |
| 107 | ov_107 | 1.1233468424318248 × 10^285 |
| 108 | ov_108 | 9.229640936063585 × 10^284 |
| 109 | ov_109 | 7.68945990577416 × 10^284 |
| 110 | ov_110 | 6.486907667241908 × 10^284 |
| 111 | ov_111 | 5.502841345875512 × 10^284 |
| 112 | ov_112 | 4.624776429909017 × 10^284 |
| 113 | ov_113 | 3.846369492161086 × 10^284 |
| 114 | ov_114 | 3.1613864014002022 × 10^284 |
| 115 | ov_115 | 2.5636767339598873 × 10^284 |
| 116 | ov_116 | 2.047152582171059 × 10^284 |
| 117 | ov_117 | 1.6057713622688036 × 10^284 |
| 118 | ov_118 | 1.23352222482342 × 10^284 |
| 119 | ov_119 | 9.244156709634965 × 10^283 |
| 120 | ov_120 | 6.724759777800461 × 10^283 |
| 121 | ov_121 | 4.717360363685179 × 10^283 |
| 122 | ov_122 | 3.162340283307596 × 10^283 |
| 123 | ov_123 | 2.0001123846487296 × 10^283 |
| 124 | ov_124 | 1.1711057816840676 × 10^283 |
| 125 | ov_125 | 6.157566985231665 × 10^282 |
| 126 | ov_126 | 2.745037943959286 × 10^282 |
| 127 | aaa_77_28 | 8.778636713200312 × 10^281 |
| 128 | aaa_77_29 | 3.2981152234283847 × 10^281 |
| 129 | ov_129 | 3.0701169080767585 × 10^281 |
| 130 | ov_130 | 3.070108248472451 × 10^281 |
| 131 | ov_131 | 3.0701061526578835 × 10^281 |
| 132 | ov_132 | 2.674490470147794 × 10^281 |
| 133 | ov_133 | 2.31786678705432 × 10^281 |
| 134 | ov_134 | 1.997112091535846 × 10^281 |
| 135 | ov_135 | 1.7092725931696295 × 10^281 |
| 136 | ov_136 | 1.4529120872075881 × 10^281 |
| 137 | ov_137 | 1.2266701389967702 × 10^281 |
| 138 | ov_138 | 1.0280345294178575 × 10^281 |
| 139 | ov_139 | 8.546231040275168 × 10^280 |
| 140 | ov_140 | 7.041773088361864 × 10^280 |
| 141 | ov_141 | 5.74556788637115 × 10^280 |
| 142 | ov_142 | 4.637349269489707 × 10^280 |
| 143 | ov_143 | 3.697952137243158 × 10^280 |
| 144 | ov_144 | 2.9092833398363922 × 10^280 |
| 145 | ov_145 | 2.254298774839278 × 10^280 |
| 146 | ov_146 | 1.7169857644094446 × 10^280 |
| 147 | ov_147 | 1.2823498520937392 × 10^280 |
| 148 | ov_148 | 9.364052269438057 × 10^279 |
| 149 | ov_149 | 6.661680512794942 × 10^279 |
| 150 | ov_150 | 4.596520369727314 × 10^279 |
| 151 | ov_151 | 3.058656836251048 × 10^279 |
| 152 | ov_152 | 1.9481066048798197 × 10^279 |
| 153 | ov_153 | 1.1748090198298563 × 10^279 |
| 154 | ov_154 | 6.586210950128188 × 10^278 |
| 155 | ov_155 | 3.2931472022396754 × 10^278 |
| 156 | aaa_76_25 | 1.265751405560575 × 10^278 |
| 157 | aaa_76_26 | 7.313380466520935 × 10^277 |
| 158 | aaa_76_27 | 3.74596026774921 × 10^277 |
| 159 | aaa_76_28 | 1.4596590124463036 × 10^277 |
| 160 | aaa_76_29 | 4.44272210903769 × 10^276 |

### Output Bits Sorted by Complexity

| Rank | Output Bit | Complexity |
|:----:|:----------:|:----------:|
| 160 | aaa_76_29 | 4.44272210903769 × 10^276 |
| 159 | aaa_76_28 | 1.4596590124463036 × 10^277 |
| 158 | aaa_76_27 | 3.74596026774921 × 10^277 |
| 157 | aaa_76_26 | 7.313380466520935 × 10^277 |
| 156 | aaa_76_25 | 1.265751405560575 × 10^278 |
| 155 | ov_155 | 3.2931472022396754 × 10^278 |
| 154 | ov_154 | 6.586210950128188 × 10^278 |
| 153 | ov_153 | 1.1748090198298563 × 10^279 |
| 152 | ov_152 | 1.9481066048798197 × 10^279 |
| 151 | ov_151 | 3.058656836251048 × 10^279 |
| 150 | ov_150 | 4.596520369727314 × 10^279 |
| 149 | ov_149 | 6.661680512794942 × 10^279 |
| 148 | ov_148 | 9.364052269438057 × 10^279 |
| 147 | ov_147 | 1.2823498520937392 × 10^280 |
| 146 | ov_146 | 1.7169857644094446 × 10^280 |
| 145 | ov_145 | 2.254298774839278 × 10^280 |
| 144 | ov_144 | 2.9092833398363922 × 10^280 |
| 143 | ov_143 | 3.697952137243158 × 10^280 |
| 142 | ov_142 | 4.637349269489707 × 10^280 |
| 141 | ov_141 | 5.74556788637115 × 10^280 |
| 140 | ov_140 | 7.041773088361864 × 10^280 |
| 139 | ov_139 | 8.546231040275168 × 10^280 |
| 138 | ov_138 | 1.0280345294178575 × 10^281 |
| 137 | ov_137 | 1.2266701389967702 × 10^281 |
| 136 | ov_136 | 1.4529120872075881 × 10^281 |
| 135 | ov_135 | 1.7092725931696295 × 10^281 |
| 134 | ov_134 | 1.997112091535846 × 10^281 |
| 133 | ov_133 | 2.31786678705432 × 10^281 |
| 132 | ov_132 | 2.674490470147794 × 10^281 |
| 131 | ov_131 | 3.0701061526578835 × 10^281 |
| 130 | ov_130 | 3.070108248472451 × 10^281 |
| 129 | ov_129 | 3.0701169080767585 × 10^281 |
| 128 | aaa_77_29 | 3.2981152234283847 × 10^281 |
| 127 | aaa_77_28 | 8.778636713200312 × 10^281 |
| 126 | ov_126 | 2.745037943959286 × 10^282 |
| 125 | ov_125 | 6.157566985231665 × 10^282 |
| 124 | ov_124 | 1.1711057816840676 × 10^283 |
| 123 | ov_123 | 2.0001123846487296 × 10^283 |
| 122 | ov_122 | 3.162340283307596 × 10^283 |
| 121 | ov_121 | 4.717360363685179 × 10^283 |
| 120 | ov_120 | 6.724759777800461 × 10^283 |
| 119 | ov_119 | 9.244156709634965 × 10^283 |
| 118 | ov_118 | 1.23352222482342 × 10^284 |
| 117 | ov_117 | 1.6057713622688036 × 10^284 |
| 116 | ov_116 | 2.047152582171059 × 10^284 |
| 115 | ov_115 | 2.5636767339598873 × 10^284 |
| 114 | ov_114 | 3.1613864014002022 × 10^284 |
| 113 | ov_113 | 3.846369492161086 × 10^284 |
| 112 | ov_112 | 4.624776429909017 × 10^284 |
| 111 | ov_111 | 5.502841345875512 × 10^284 |
| 110 | ov_110 | 6.486907667241908 × 10^284 |
| 109 | ov_109 | 7.68945990577416 × 10^284 |
| 108 | ov_108 | 9.229640936063585 × 10^284 |
| 107 | ov_107 | 1.1233468424318248 × 10^285 |
| 106 | ov_106 | 1.3834098428296222 × 10^285 |
| 105 | ov_105 | 1.7172142574845588 × 10^285 |
| 104 | ov_104 | 2.1396045634531838 × 10^285 |
| 103 | ov_103 | 2.666253073298447 × 10^285 |
| 102 | ov_102 | 3.3137119868000227 × 10^285 |
| 101 | ov_101 | 4.0994737842591605 × 10^285 |
| 100 | ov_100 | 5.0420408179944665 × 10^285 |
| 99 | ov_099 | 6.161005005996696 × 10^285 |
| 98 | ov_098 | 6.161030642047291 × 10^285 |
| 97 | ov_097 | 6.16111069809832 × 10^285 |
| 96 | aaa_78_29 | 1.1637756316454466 × 10^286 |
| 95 | aaa_78_28 | 3.8955476318069883 × 10^286 |
| 94 | ov_094 | 1.2838669451906096 × 10^287 |
| 93 | ov_093 | 3.0536504294896264 × 10^287 |
| 92 | ov_092 | 6.219943722443127 × 10^287 |
| 91 | ov_091 | 1.145411511420902 × 10^288 |
| 90 | ov_090 | 2.0249247152937027 × 10^288 |
| 89 | ov_089 | 3.439915386335164 × 10^288 |
| 88 | ov_088 | 5.599850055642172 × 10^288 |
| 87 | ov_087 | 8.74430265870887 × 10^288 |
| 86 | ov_086 | 1.3142991598432272 × 10^289 |
| 85 | ov_085 | 1.9095836321374705 × 10^289 |
| 84 | ov_084 | 2.693303817311264 × 10^289 |
| 83 | ov_083 | 3.701519029903639 × 10^289 |
| 82 | ov_082 | 4.973342135808047 × 10^289 |
| 81 | ov_081 | 6.550957781896347 × 10^289 |
| 64 | lv_79_m31 | 7.65465352833128 × 10^289 |
| 80 | ov_080 | 8.479644961213815 × 10^289 |
| 79 | ov_079 | 1.080780439165927 × 10^290 |
| 78 | ov_078 | 1.3586991187010585 × 10^290 |
| 77 | ov_077 | 1.6871953300621342 × 10^290 |
| 76 | ov_076 | 2.0720676224306346 × 10^290 |
| 75 | ov_075 | 2.519443442809247 × 10^290 |
| 74 | ov_074 | 3.0357850030909776 × 10^290 |
| 73 | ov_073 | 3.627895919823969 × 10^290 |
| 63 | ov_063 | 3.925638969706648 × 10^290 |
| 72 | ov_072 | 4.302928783057229 × 10^290 |
| 71 | ov_071 | 5.068394136146676 × 10^290 |
| 70 | ov_070 | 5.932171693783063 × 10^290 |
| 69 | ov_069 | 6.902524779379388 × 10^290 |
| 68 | ov_068 | 7.988119019107336 × 10^290 |
| 67 | ov_067 | 9.198046388365882 × 10^290 |
| 66 | ov_066 | 9.198051654850978 × 10^290 |
| 65 | ov_065 | 9.198073928895411 × 10^290 |
| 62 | ov_062 | 2.0128019200189626 × 10^291 |
| 61 | ov_061 | 7.332994996805204 × 10^291 |
| 60 | ov_060 | 2.0980563307623292 × 10^292 |
| 59 | ov_059 | 5.060030515103298 × 10^292 |
| 58 | ov_058 | 1.0266155837131679 × 10^293 |
| 57 | ov_057 | 1.8543863526210145 × 10^293 |
| 56 | ov_056 | 3.0901088705850915 × 10^293 |
| 55 | ov_055 | 4.953422341992949 × 10^293 |
| 54 | ov_054 | 7.581228587156646 × 10^293 |
| 53 | ov_053 | 1.1265394975957445 × 10^294 |
| 52 | ov_052 | 1.6333929674346203 × 10^294 |
| 51 | ov_051 | 2.315101741290922 × 10^294 |
| 50 | ov_050 | 3.2117078893716214 × 10^294 |
| 49 | ov_049 | 4.366886646222144 × 10^294 |
| 48 | ov_048 | 5.8279611598526 × 10^294 |
| 47 | ov_047 | 7.645924219026169 × 10^294 |
| 32 | lv_80_m31 | 8.887602232234604 × 10^294 |
| 46 | ov_046 | 9.875468995977475 × 10^294 |
| 45 | ov_045 | 1.257503108325468 × 10^295 |
| 44 | ov_044 | 1.5806844345364216 × 10^295 |
| 43 | ov_043 | 1.9637013348665307 × 10^295 |
| 42 | ov_042 | 2.413560537677576 × 10^295 |
| 41 | ov_041 | 2.9376765283880175 × 10^295 |
| 40 | ov_040 | 3.5400748975838596 × 10^295 |
| 39 | ov_039 | 4.2290310103968835 × 10^295 |
| 31 | ov_031 | 4.558043955966103 × 10^295 |
| 38 | ov_038 | 5.013279771508552 × 10^295 |
| 37 | ov_037 | 5.902039994784647 × 10^295 |
| 36 | ov_036 | 6.905043057658244 × 10^295 |
| 35 | ov_035 | 8.032566317423873 × 10^295 |
| 34 | ov_034 | 9.295471793167953 × 10^295 |
| 33 | ov_033 | 1.0705250644125086 × 10^296 |
| 30 | ov_030 | 2.337171133676356 × 10^296 |
| 29 | ov_029 | 7.645934673348315 × 10^296 |
| 28 | ov_028 | 1.984486555542143 × 10^297 |
| 27 | ov_027 | 4.4354793512051484 × 10^297 |
| 26 | ov_026 | 9.411641978268818 × 10^297 |
| 25 | ov_025 | 1.862685524585874 × 10^298 |
| 24 | ov_024 | 3.4214821857363615 × 10^298 |
| 23 | ov_023 | 5.872910120125478 × 10^298 |
| 22 | ov_022 | 9.514319750391732 × 10^298 |
| 21 | ov_021 | 1.4685074702777567 × 10^299 |
| 20 | ov_020 | 2.176658595606513 × 10^299 |
| 19 | ov_019 | 3.118236761534889 × 10^299 |
| 18 | ov_018 | 4.339812266029797 × 10^299 |
| 17 | ov_017 | 5.892187047759111 × 10^299 |
| 16 | ov_016 | 7.830413080064014 × 10^299 |
| 15 | ov_015 | 1.021381823964523 × 10^300 |
| 14 | ov_014 | 1.3106042010708788 × 10^300 |
| 13 | ov_013 | 1.65750837934731 × 10^300 |
| 12 | ov_012 | 2.0693366875651636 × 10^300 |
| 11 | ov_011 | 2.553782141588652 × 10^300 |
| 10 | ov_010 | 3.1189990079475667 × 10^300 |
| 9 | ov_009 | 3.773616025960071 × 10^300 |
| 8 | ov_008 | 4.526752711226972 × 10^300 |
| 7 | ov_007 | 5.3880391931154515 × 10^300 |
| 6 | ov_006 | 6.367640069043668 × 10^300 |
| 5 | ov_005 | 7.476282789090008 × 10^300 |
| 4 | ov_004 | 8.725291115827082 × 10^300 |
| 3 | ov_003 | 1.0126624198383554 × 10^301 |
| 2 | ov_002 | 1.169292175676344 × 10^301 |
| 1 | ov_001 | 1.3437555906952238 × 10^301 |

