# Results for F001-F002-F003-F004-F005-F006-F007-F008-F009-F010-F011-F012-F013-F014-F015-F016-F017-F018-F019-F020-F021-F022-F023-F024-F025-F026-F027-F028-F029-F030-F031-F032-F033-F034-F035-F036-F037-F038-F039-F040-F041-F042-F043-F044-F045-F046-F047-F048-F049-F050-F051-F052-F053-F054-F055-F056-F057-F058-F059-F060-F061-F062-F063-F064-F065-F066-F067-F068-F069-F070-F071-F072-F073-F074-F075-F076-F077-F078-F079-F080-F081-F082-F083-F084-F085-F086-F087-F088-F089-F090-F091-F092-F093-F094-F095-F096-F097-F098-F099-F100-F101-F102-F103-F104-F105-F106-F107-F108-F109-F110-F111-F112-F113-F114-F115-F116-F117-F118-F119-F120-F121-F122-F123-F124-F125-F126-F127-F128-F129-F130-F131-F132-F133-F134-F135-F136-F137-F138-F139-F140-F141-F142-F143-F144-F145-F146-F147-F148-F149-F150-F151-F152-F153-F154-F155-F156-F157-F158-F159-F160-F161-F162-F163-F164-F165-F166-F167-F168-F169-F170-F171-F172-F173-F174-F175-F176-F177-F178-F179-F180-F181-F182-F183-F184-F185-F186-F187-F188-F189-F190-F191-F192-F193-F194-F195-F196-F197-F198-F199-F200-F201-F202-F203-F204-F205-F206-F207-F208-F209-F210-F211-F212-F213-F214-F215-F216-F217-F218-F219-F220-F221-F222-F223-F224-F225-F226-F227-F228-F229-F230-F231-F232-F233-F234-F235-F236-F237-F238-F239-F240-F241-F242-F243-F244-F245-F246-F247-F248-F249-F250-F251-F252-F253-F254-F255-F256-F257-F258-F259-F260-F261-F262-F263-F264-F265-F266-F267-F268-F269-F270-F271-F272-F273-F274-F275-F276-F277-F278-F279-F280-F281-F282-F283-F284-F285-F286-F287-F288-F289-F290-F291-F292-F293-F294-F295-F296-F297-F298-F299-F300-F301-F302-F303-F304-F305-F306-F307-F308-F309-F310-F311-F312-F313-F314-F315-F316-F317-F318-F319-F320-F321-F322-F323-F324-F325-F326-F327-F328-F329-F330-F331-F332-F333-F334-F335-F336-F337-F338-F339-F340-F341-F342-F343-F344-F345-F346-F347-F348-F349-F350-F351-F352-F353-F354-F355-F356-F357-F358-F359-F360-F361-F362-F363-F364-F365-F366-F367-F368-F369-F370-F371-F372-F373-F374-F375-F376-F377-F378-F379-F380-F381-F382-F383-F384-F385-F386-F387-F388-F389-F390-F391-F392-F393-F394-F395-F396-F397-F398-F399-F400-F401-F402-F403-F404-F405-F406-F407-F408-F409-F410-F411-F412-F413-F414-F415-F416-F417-F418-F419-F420-F421-F422-F423-F424-F425-F426-F427-F428-F429-F430-F431-F432-F433-F434-F435-F436-F437-F438-F439-F440-F441-F442-F443-F444-F445-F446-F447-F448-F449-F450-F451-F452-F453-F454-F455-F456-F457-F458-F459-F460-F461-F462-F463-F464-F465-F466-F467-F468-F469-F470-F471-F472-F473-F474-F475-F476-F477-F478-F479-F480-F481-F482-F483-F484-F485-F486-F487-F488-F489-F490-F491-F492-F493-F494-F495-F496-E499504-O500505-F510-F512

## Summary

Number of input bits: 512  
Number of free input bits: 12  
Number of output bits: 160

Number of direct occurrences: 49454  
Number of assignments: 31730  
Number of operations: 11227239
(xor: 11198805,
and: 14915,
or: 13519)

Total complexity: 2.4832455729752693 × 10^301

Least occurring input variable: iv_502 (3844)  
Most occurring input variable: iv_500 (4315)

Most co-occurring input variables: iv_500-iv_511 (2103)  
Least co-occurring input variables: iv_498-iv_502 (1744)

Potentially most occurring input variable: iv_499/iv_511 (4574)  
Potentially least occurring input variable: iv_506/iv_507 (4174)

Least output occurring input variable: iv_502 (71)  
Most output occurring input variable: iv_497 (93)

Most output co-occurring input variables: iv_497-iv_506 (51)  
Least output co-occurring input variables: iv_502-iv_503 (29)

Potentially most output occurring input variable: iv_500/iv_507 (90)  
Potentially least output occurring input variable: iv_498/iv_499 (71)

Least complex input bit: iv_511 (3.03356007554703 × 10^297)  
Most complex input bit: iv_500 (4.643616049497554 × 10^300)

Least complex output bit: aaa_76_29 (4.44272210903769 × 10^276)  
Most complex output bit: ov_001 (3.8821887531583045 × 10^300)

Least complex input/output complexity: iv_511/aaa_76_29 (5.4272781409126705 × 10^272)  
Most complex input/output complexity: iv_500/ov_001 (7.259609841867341 × 10^299)

## Input Bits

### Input Bits in Regular Order

| Input Bit | Complexity | Occurrences | Output Occurrences |
|:---------:|:----------:|:-----------:|:------------------:|
| iv_497 | 7.055613698598053 × 10^298 | 4150 | 93 |
| iv_498 | 1.4066431774799468 × 10^299 | 3954 | 88 |
| iv_499 | 3.008024532779027 × 10^300 | 4160 | 83 |
| iv_500 | 4.643616049497554 × 10^300 | 4315 | 82 |
| iv_501 | 6.884694419986539 × 10^299 | 4099 | 83 |
| iv_502 | 1.1140112144341733 × 10^300 | 3844 | 71 |
| iv_503 | 1.7707136696062264 × 10^300 | 4071 | 72 |
| iv_506 | 2.136037534294133 × 10^300 | 3990 | 81 |
| iv_507 | 3.0643067851524385 × 10^300 | 4194 | 76 |
| iv_508 | 4.066852969311908 × 10^300 | 4195 | 73 |
| iv_509 | 4.1261695178690934 × 10^300 | 4206 | 78 |
| iv_511 | 3.03356007554703 × 10^297 | 4276 | 80 |

### Input Bits Sorted by Complexity

| Input Bit | Complexity | Occurrences | Output Occurrences |
|:---------:|:----------:|:-----------:|:------------------:|
| iv_511 | 3.03356007554703 × 10^297 | 4276 | 80 |
| iv_497 | 7.055613698598053 × 10^298 | 4150 | 93 |
| iv_498 | 1.4066431774799468 × 10^299 | 3954 | 88 |
| iv_501 | 6.884694419986539 × 10^299 | 4099 | 83 |
| iv_502 | 1.1140112144341733 × 10^300 | 3844 | 71 |
| iv_503 | 1.7707136696062264 × 10^300 | 4071 | 72 |
| iv_506 | 2.136037534294133 × 10^300 | 3990 | 81 |
| iv_499 | 3.008024532779027 × 10^300 | 4160 | 83 |
| iv_507 | 3.0643067851524385 × 10^300 | 4194 | 76 |
| iv_508 | 4.066852969311908 × 10^300 | 4195 | 73 |
| iv_509 | 4.1261695178690934 × 10^300 | 4206 | 78 |
| iv_500 | 4.643616049497554 × 10^300 | 4315 | 82 |

### Input Bits Sorted by Occurrences

| Input Bit | Complexity | Occurrences | Output Occurrences |
|:---------:|:----------:|:-----------:|:------------------:|
| iv_502 | 1.1140112144341733 × 10^300 | 3844 | 71 |
| iv_498 | 1.4066431774799468 × 10^299 | 3954 | 88 |
| iv_506 | 2.136037534294133 × 10^300 | 3990 | 81 |
| iv_503 | 1.7707136696062264 × 10^300 | 4071 | 72 |
| iv_501 | 6.884694419986539 × 10^299 | 4099 | 83 |
| iv_497 | 7.055613698598053 × 10^298 | 4150 | 93 |
| iv_499 | 3.008024532779027 × 10^300 | 4160 | 83 |
| iv_507 | 3.0643067851524385 × 10^300 | 4194 | 76 |
| iv_508 | 4.066852969311908 × 10^300 | 4195 | 73 |
| iv_509 | 4.1261695178690934 × 10^300 | 4206 | 78 |
| iv_511 | 3.03356007554703 × 10^297 | 4276 | 80 |
| iv_500 | 4.643616049497554 × 10^300 | 4315 | 82 |

### Input Bits Sorted by Output Occurrences

| Input Bit | Complexity | Occurrences | Output Occurrences |
|:---------:|:----------:|:-----------:|:------------------:|
| iv_502 | 1.1140112144341733 × 10^300 | 3844 | 71 |
| iv_503 | 1.7707136696062264 × 10^300 | 4071 | 72 |
| iv_508 | 4.066852969311908 × 10^300 | 4195 | 73 |
| iv_507 | 3.0643067851524385 × 10^300 | 4194 | 76 |
| iv_509 | 4.1261695178690934 × 10^300 | 4206 | 78 |
| iv_511 | 3.03356007554703 × 10^297 | 4276 | 80 |
| iv_506 | 2.136037534294133 × 10^300 | 3990 | 81 |
| iv_500 | 4.643616049497554 × 10^300 | 4315 | 82 |
| iv_499 | 3.008024532779027 × 10^300 | 4160 | 83 |
| iv_501 | 6.884694419986539 × 10^299 | 4099 | 83 |
| iv_498 | 1.4066431774799468 × 10^299 | 3954 | 88 |
| iv_497 | 7.055613698598053 × 10^298 | 4150 | 93 |

## Input Bit Co-occurrences

### Input Bit Co-occurrences Sorted by Co-occurrences

| Input Bits | Co-occurrences | Potential Occurrences | Output Co-occurrences | Potential Output Occurrences |
|:----------:|:--------------:|:---------------------:|:---------------------:|:----------------------------:|
| iv_500-iv_511 | 2103 | 4385 | 42 | 78 |
| iv_508-iv_509 | 2087 | 4227 | 35 | 81 |
| iv_500-iv_507 | 2060 | 4389 | 34 | 90 |
| iv_497-iv_507 | 2052 | 4240 | 44 | 81 |
| iv_507-iv_509 | 2048 | 4304 | 38 | 78 |
| iv_497-iv_500 | 2047 | 4371 | 45 | 85 |
| iv_499-iv_507 | 2040 | 4274 | 43 | 73 |
| iv_501-iv_511 | 2039 | 4297 | 39 | 85 |
| iv_503-iv_511 | 2039 | 4269 | 35 | 82 |
| iv_500-iv_501 | 2037 | 4340 | 42 | 81 |
| iv_499-iv_500 | 2026 | 4423 | 45 | 75 |
| iv_499-iv_508 | 2019 | 4317 | 40 | 76 |

### Input Bit Co-occurrences Sorted by Potential Occurrences

| Input Bits | Co-occurrences | Potential Occurrences | Output Co-occurrences | Potential Output Occurrences |
|:----------:|:--------------:|:---------------------:|:---------------------:|:----------------------------:|
| iv_506-iv_507 | 2005 | 4174 | 39 | 79 |
| iv_498-iv_506 | 1860 | 4224 | 41 | 87 |
| iv_508-iv_509 | 2087 | 4227 | 35 | 81 |
| iv_497-iv_501 | 2011 | 4227 | 48 | 80 |
| iv_497-iv_506 | 1951 | 4238 | 51 | 72 |
| iv_497-iv_507 | 2052 | 4240 | 44 | 81 |
| iv_502-iv_506 | 1797 | 4240 | 38 | 76 |
| iv_503-iv_506 | 1908 | 4245 | 32 | 89 |
| iv_497-iv_502 | 1868 | 4258 | 40 | 84 |
| iv_502-iv_507 | 1887 | 4264 | 36 | 75 |
| iv_503-iv_511 | 2039 | 4269 | 35 | 82 |
| iv_499-iv_507 | 2040 | 4274 | 43 | 73 |

### Input Bit Output Co-occurrences Sorted by Output Co-occurrences

| Input Bits | Co-occurrences | Potential Occurrences | Output Co-occurrences | Potential Output Occurrences |
|:----------:|:--------------:|:---------------------:|:---------------------:|:----------------------------:|
| iv_497-iv_506 | 1951 | 4238 | 51 | 72 |
| iv_497-iv_498 | 1897 | 4310 | 50 | 81 |
| iv_498-iv_499 | 1888 | 4338 | 50 | 71 |
| iv_498-iv_501 | 1879 | 4295 | 48 | 75 |
| iv_497-iv_501 | 2011 | 4227 | 48 | 80 |
| iv_497-iv_511 | 2014 | 4398 | 47 | 79 |
| iv_497-iv_500 | 2047 | 4371 | 45 | 85 |
| iv_499-iv_500 | 2026 | 4423 | 45 | 75 |
| iv_497-iv_499 | 1947 | 4416 | 45 | 86 |
| iv_498-iv_500 | 1954 | 4361 | 45 | 80 |
| iv_498-iv_509 | 1877 | 4406 | 44 | 78 |
| iv_497-iv_507 | 2052 | 4240 | 44 | 81 |

### Input Bit Output Co-occurrences Sorted by Potential Output Occurrences

| Input Bits | Co-occurrences | Potential Occurrences | Output Co-occurrences | Potential Output Occurrences |
|:----------:|:--------------:|:---------------------:|:---------------------:|:----------------------------:|
| iv_498-iv_499 | 1888 | 4338 | 50 | 71 |
| iv_497-iv_506 | 1951 | 4238 | 51 | 72 |
| iv_507-iv_508 | 1983 | 4423 | 38 | 73 |
| iv_499-iv_507 | 2040 | 4274 | 43 | 73 |
| iv_501-iv_503 | 1868 | 4434 | 40 | 75 |
| iv_498-iv_501 | 1879 | 4295 | 48 | 75 |
| iv_499-iv_500 | 2026 | 4423 | 45 | 75 |
| iv_502-iv_507 | 1887 | 4264 | 36 | 75 |
| iv_499-iv_508 | 2019 | 4317 | 40 | 76 |
| iv_501-iv_508 | 1952 | 4390 | 40 | 76 |
| iv_503-iv_509 | 1920 | 4437 | 37 | 76 |
| iv_502-iv_506 | 1797 | 4240 | 38 | 76 |

## Output Bits

### Output Bits in Regular Order

| Rank | Output Bit | Complexity |
|:----:|:----------:|:----------:|
| 1 | ov_001 | 3.8821887531583045 × 10^300 |
| 2 | ov_002 | 3.3781568396305345 × 10^300 |
| 3 | ov_003 | 2.925646379604772 × 10^300 |
| 4 | ov_004 | 2.520794298419795 × 10^300 |
| 5 | ov_005 | 2.159949088250564 × 10^300 |
| 6 | ov_006 | 1.8396558368038333 × 10^300 |
| 7 | ov_007 | 1.556643174843198 × 10^300 |
| 8 | ov_008 | 1.307811989221527 × 10^300 |
| 9 | ov_009 | 1.090225758062715 × 10^300 |
| 10 | ov_010 | 9.011023523119591 × 10^299 |
| 11 | ov_011 | 7.378071461698312 × 10^299 |
| 12 | ov_012 | 5.978472879962249 × 10^299 |
| 13 | ov_013 | 4.788669921505155 × 10^299 |
| 14 | ov_014 | 3.7864372096525446 × 10^299 |
| 15 | ov_015 | 2.9508513466719356 × 10^299 |
| 16 | ov_016 | 2.2622669559017156 × 10^299 |
| 17 | ov_017 | 1.7022982149278746 × 10^299 |
| 18 | ov_018 | 1.253804912183049 × 10^299 |
| 19 | ov_019 | 9.008821432904193 × 10^298 |
| 20 | ov_020 | 6.288528472295689 × 10^298 |
| 21 | ov_021 | 4.242625003591738 × 10^298 |
| 22 | ov_022 | 2.74875438539944 × 10^298 |
| 23 | ov_023 | 1.6967238500645744 × 10^298 |
| 24 | ov_024 | 9.884884293063785 × 10^297 |
| 25 | ov_025 | 5.381411157559971 × 10^297 |
| 26 | ov_026 | 2.7190747193493526 × 10^297 |
| 27 | ov_027 | 1.2814309283773003 × 10^297 |
| 28 | ov_028 | 5.73326050417452 × 10^296 |
| 29 | ov_029 | 2.208934439718101 × 10^296 |
| 30 | ov_030 | 6.752139403290358 × 10^295 |
| 31 | ov_031 | 1.316823967992397 × 10^295 |
| 32 | lv_80_m31 | 2.5676276293341076 × 10^294 |
| 33 | ov_033 | 3.092455897975727 × 10^295 |
| 34 | ov_034 | 2.6851536578644957 × 10^295 |
| 35 | ov_035 | 2.3202857043122524 × 10^295 |
| 36 | ov_036 | 1.9945338383103777 × 10^295 |
| 37 | ov_037 | 1.7047609221268817 × 10^295 |
| 38 | ov_038 | 1.4479981591742933 × 10^295 |
| 39 | ov_039 | 1.2214340439878512 × 10^295 |
| 40 | ov_040 | 1.0224048238462389 × 10^295 |
| 41 | ov_041 | 8.483863232314971 × 10^294 |
| 42 | ov_042 | 6.969869914878154 × 10^294 |
| 43 | ov_043 | 5.670434126858451 × 10^294 |
| 44 | ov_044 | 4.564126754090132 × 10^294 |
| 45 | ov_045 | 3.630697074334602 × 10^294 |
| 46 | ov_046 | 2.8510398873782575 × 10^294 |
| 47 | ov_047 | 2.207169133813789 × 10^294 |
| 48 | ov_048 | 1.6821970813899266 × 10^294 |
| 49 | ov_049 | 1.260318228925875 × 10^294 |
| 50 | ov_050 | 9.267971475842433 × 10^293 |
| 51 | ov_051 | 6.67959548069924 × 10^293 |
| 52 | ov_052 | 4.711859303233376 × 10^293 |
| 53 | ov_053 | 3.2490723971823565 × 10^293 |
| 54 | ov_054 | 2.1860202083191595 × 10^293 |
| 55 | ov_055 | 1.4279462666680384 × 10^293 |
| 56 | ov_056 | 8.905412301205489 × 10^292 |
| 57 | ov_057 | 5.342611770474372 × 10^292 |
| 58 | ov_058 | 2.9567428857904636 × 10^292 |
| 59 | ov_059 | 1.4567356793276902 × 10^292 |
| 60 | ov_060 | 6.036925237288613 × 10^291 |
| 61 | ov_061 | 2.108859523274363 × 10^291 |
| 62 | ov_062 | 5.785515924768117 × 10^290 |
| 63 | ov_063 | 1.1277685960154568 × 10^290 |
| 64 | lv_79_m31 | 2.1979161634036657 × 10^289 |
| 65 | ov_065 | 2.645506307522144 × 10^290 |
| 66 | ov_066 | 2.6454984594123255 × 10^290 |
| 67 | ov_067 | 2.645496538765373 × 10^290 |
| 68 | ov_068 | 2.2940461810138204 × 10^290 |
| 69 | ov_069 | 1.9797913884603423 × 10^290 |
| 70 | ov_070 | 1.6997583726401884 × 10^290 |
| 71 | ov_071 | 1.4511562427239457 × 10^290 |
| 72 | ov_072 | 1.23136462612726 × 10^290 |
| 73 | ov_073 | 1.0379223851628646 × 10^290 |
| 74 | ov_074 | 8.685173712274548 × 10^289 |
| 75 | ov_075 | 7.209771603560676 × 10^289 |
| 76 | ov_076 | 5.932607159075735 × 10^289 |
| 77 | ov_077 | 4.834509257203494 × 10^289 |
| 78 | ov_078 | 3.8974796234746523 × 10^289 |
| 79 | ov_079 | 3.104634159875711 × 10^289 |
| 80 | ov_080 | 2.4401515050981067 × 10^289 |
| 81 | ov_081 | 1.8892283356527264 × 10^289 |
| 82 | ov_082 | 1.4380409221732318 × 10^289 |
| 83 | ov_083 | 1.0737124583905534 × 10^289 |
| 84 | ov_084 | 7.842856824527702 × 10^288 |
| 85 | ov_085 | 5.587003117300943 × 10^288 |
| 86 | ov_086 | 3.867748131908866 × 10^288 |
| 87 | ov_087 | 2.591920320286177 × 10^288 |
| 88 | ov_088 | 1.6748820158190157 × 10^288 |
| 89 | ov_089 | 1.0404485779961049 × 10^288 |
| 90 | ov_090 | 6.208318161463125 × 10^287 |
| 91 | ov_091 | 3.566029264330401 × 10^287 |
| 92 | ov_092 | 1.9667021608139988 × 10^287 |
| 93 | ov_093 | 9.826712241125523 × 10^286 |
| 94 | ov_094 | 4.209065808355202 × 10^286 |
| 95 | aaa_78_28 | 1.2996805357126314 × 10^286 |
| 96 | aaa_78_29 | 3.991203994345535 × 10^285 |
| 97 | ov_097 | 2.6352254222545497 × 10^285 |
| 98 | ov_098 | 2.6351453662035194 × 10^285 |
| 99 | ov_099 | 2.6351197301529245 × 10^285 |
| 100 | ov_100 | 2.3709160842893515 × 10^285 |
| 101 | ov_101 | 2.126304356416534 × 10^285 |
| 102 | ov_102 | 1.900194980862323 × 10^285 |
| 103 | ov_103 | 1.691578085609361 × 10^285 |
| 104 | ov_104 | 1.499513390136073 × 10^285 |
| 105 | ov_105 | 1.3231210072257352 × 10^285 |
| 106 | ov_106 | 1.1615731013719465 × 10^285 |
| 107 | ov_107 | 1.014086358202966 × 10^285 |
| 108 | ov_108 | 8.799152208097926 × 10^284 |
| 109 | ov_109 | 7.583458500374259 × 10^284 |
| 110 | ov_110 | 6.486907667241908 × 10^284 |
| 111 | ov_111 | 5.502841345875512 × 10^284 |
| 112 | ov_112 | 4.624776429909017 × 10^284 |
| 113 | ov_113 | 3.846369492161086 × 10^284 |
| 114 | ov_114 | 3.1613864014002022 × 10^284 |
| 115 | ov_115 | 2.5636767339598873 × 10^284 |
| 116 | ov_116 | 2.047152582171059 × 10^284 |
| 117 | ov_117 | 1.6057713622688034 × 10^284 |
| 118 | ov_118 | 1.2335222248234199 × 10^284 |
| 119 | ov_119 | 9.244156709634965 × 10^283 |
| 120 | ov_120 | 6.724759777800461 × 10^283 |
| 121 | ov_121 | 4.717360363685179 × 10^283 |
| 122 | ov_122 | 3.162340283307596 × 10^283 |
| 123 | ov_123 | 2.0001123846487296 × 10^283 |
| 124 | ov_124 | 1.1711057816840676 × 10^283 |
| 125 | ov_125 | 6.157566985231665 × 10^282 |
| 126 | ov_126 | 2.745037943959286 × 10^282 |
| 127 | aaa_77_28 | 8.778636713200312 × 10^281 |
| 128 | aaa_77_29 | 3.2981152234283847 × 10^281 |
| 129 | ov_129 | 3.0701169080767585 × 10^281 |
| 130 | ov_130 | 3.0701082484724507 × 10^281 |
| 131 | ov_131 | 3.0701061526578835 × 10^281 |
| 132 | ov_132 | 2.674490470147794 × 10^281 |
| 133 | ov_133 | 2.3178667870543196 × 10^281 |
| 134 | ov_134 | 1.9971120915358455 × 10^281 |
| 135 | ov_135 | 1.7092725931696295 × 10^281 |
| 136 | ov_136 | 1.4529120872075881 × 10^281 |
| 137 | ov_137 | 1.2266701389967702 × 10^281 |
| 138 | ov_138 | 1.0280345294178575 × 10^281 |
| 139 | ov_139 | 8.546231040275168 × 10^280 |
| 140 | ov_140 | 7.041773088361864 × 10^280 |
| 141 | ov_141 | 5.74556788637115 × 10^280 |
| 142 | ov_142 | 4.637349269489707 × 10^280 |
| 143 | ov_143 | 3.697952137243158 × 10^280 |
| 144 | ov_144 | 2.9092833398363922 × 10^280 |
| 145 | ov_145 | 2.254298774839278 × 10^280 |
| 146 | ov_146 | 1.7169857644094446 × 10^280 |
| 147 | ov_147 | 1.2823498520937392 × 10^280 |
| 148 | ov_148 | 9.364052269438057 × 10^279 |
| 149 | ov_149 | 6.661680512794942 × 10^279 |
| 150 | ov_150 | 4.596520369727314 × 10^279 |
| 151 | ov_151 | 3.058656836251048 × 10^279 |
| 152 | ov_152 | 1.9481066048798197 × 10^279 |
| 153 | ov_153 | 1.1748090198298563 × 10^279 |
| 154 | ov_154 | 6.586210950128188 × 10^278 |
| 155 | ov_155 | 3.2931472022396754 × 10^278 |
| 156 | aaa_76_25 | 1.2657514055605746 × 10^278 |
| 157 | aaa_76_26 | 7.313380466520935 × 10^277 |
| 158 | aaa_76_27 | 3.74596026774921 × 10^277 |
| 159 | aaa_76_28 | 1.4596590124463036 × 10^277 |
| 160 | aaa_76_29 | 4.44272210903769 × 10^276 |

### Output Bits Sorted by Complexity

| Rank | Output Bit | Complexity |
|:----:|:----------:|:----------:|
| 160 | aaa_76_29 | 4.44272210903769 × 10^276 |
| 159 | aaa_76_28 | 1.4596590124463036 × 10^277 |
| 158 | aaa_76_27 | 3.74596026774921 × 10^277 |
| 157 | aaa_76_26 | 7.313380466520935 × 10^277 |
| 156 | aaa_76_25 | 1.2657514055605746 × 10^278 |
| 155 | ov_155 | 3.2931472022396754 × 10^278 |
| 154 | ov_154 | 6.586210950128188 × 10^278 |
| 153 | ov_153 | 1.1748090198298563 × 10^279 |
| 152 | ov_152 | 1.9481066048798197 × 10^279 |
| 151 | ov_151 | 3.058656836251048 × 10^279 |
| 150 | ov_150 | 4.596520369727314 × 10^279 |
| 149 | ov_149 | 6.661680512794942 × 10^279 |
| 148 | ov_148 | 9.364052269438057 × 10^279 |
| 147 | ov_147 | 1.2823498520937392 × 10^280 |
| 146 | ov_146 | 1.7169857644094446 × 10^280 |
| 145 | ov_145 | 2.254298774839278 × 10^280 |
| 144 | ov_144 | 2.9092833398363922 × 10^280 |
| 143 | ov_143 | 3.697952137243158 × 10^280 |
| 142 | ov_142 | 4.637349269489707 × 10^280 |
| 141 | ov_141 | 5.74556788637115 × 10^280 |
| 140 | ov_140 | 7.041773088361864 × 10^280 |
| 139 | ov_139 | 8.546231040275168 × 10^280 |
| 138 | ov_138 | 1.0280345294178575 × 10^281 |
| 137 | ov_137 | 1.2266701389967702 × 10^281 |
| 136 | ov_136 | 1.4529120872075881 × 10^281 |
| 135 | ov_135 | 1.7092725931696295 × 10^281 |
| 134 | ov_134 | 1.9971120915358455 × 10^281 |
| 133 | ov_133 | 2.3178667870543196 × 10^281 |
| 132 | ov_132 | 2.674490470147794 × 10^281 |
| 131 | ov_131 | 3.0701061526578835 × 10^281 |
| 130 | ov_130 | 3.0701082484724507 × 10^281 |
| 129 | ov_129 | 3.0701169080767585 × 10^281 |
| 128 | aaa_77_29 | 3.2981152234283847 × 10^281 |
| 127 | aaa_77_28 | 8.778636713200312 × 10^281 |
| 126 | ov_126 | 2.745037943959286 × 10^282 |
| 125 | ov_125 | 6.157566985231665 × 10^282 |
| 124 | ov_124 | 1.1711057816840676 × 10^283 |
| 123 | ov_123 | 2.0001123846487296 × 10^283 |
| 122 | ov_122 | 3.162340283307596 × 10^283 |
| 121 | ov_121 | 4.717360363685179 × 10^283 |
| 120 | ov_120 | 6.724759777800461 × 10^283 |
| 119 | ov_119 | 9.244156709634965 × 10^283 |
| 118 | ov_118 | 1.2335222248234199 × 10^284 |
| 117 | ov_117 | 1.6057713622688034 × 10^284 |
| 116 | ov_116 | 2.047152582171059 × 10^284 |
| 115 | ov_115 | 2.5636767339598873 × 10^284 |
| 114 | ov_114 | 3.1613864014002022 × 10^284 |
| 113 | ov_113 | 3.846369492161086 × 10^284 |
| 112 | ov_112 | 4.624776429909017 × 10^284 |
| 111 | ov_111 | 5.502841345875512 × 10^284 |
| 110 | ov_110 | 6.486907667241908 × 10^284 |
| 109 | ov_109 | 7.583458500374259 × 10^284 |
| 108 | ov_108 | 8.799152208097926 × 10^284 |
| 107 | ov_107 | 1.014086358202966 × 10^285 |
| 106 | ov_106 | 1.1615731013719465 × 10^285 |
| 105 | ov_105 | 1.3231210072257352 × 10^285 |
| 104 | ov_104 | 1.499513390136073 × 10^285 |
| 103 | ov_103 | 1.691578085609361 × 10^285 |
| 102 | ov_102 | 1.900194980862323 × 10^285 |
| 101 | ov_101 | 2.126304356416534 × 10^285 |
| 100 | ov_100 | 2.3709160842893515 × 10^285 |
| 99 | ov_099 | 2.6351197301529245 × 10^285 |
| 98 | ov_098 | 2.6351453662035194 × 10^285 |
| 97 | ov_097 | 2.6352254222545497 × 10^285 |
| 96 | aaa_78_29 | 3.991203994345535 × 10^285 |
| 95 | aaa_78_28 | 1.2996805357126314 × 10^286 |
| 94 | ov_094 | 4.209065808355202 × 10^286 |
| 93 | ov_093 | 9.826712241125523 × 10^286 |
| 92 | ov_092 | 1.9667021608139988 × 10^287 |
| 91 | ov_091 | 3.566029264330401 × 10^287 |
| 90 | ov_090 | 6.208318161463125 × 10^287 |
| 89 | ov_089 | 1.0404485779961049 × 10^288 |
| 88 | ov_088 | 1.6748820158190157 × 10^288 |
| 87 | ov_087 | 2.591920320286177 × 10^288 |
| 86 | ov_086 | 3.867748131908866 × 10^288 |
| 85 | ov_085 | 5.587003117300943 × 10^288 |
| 84 | ov_084 | 7.842856824527702 × 10^288 |
| 83 | ov_083 | 1.0737124583905534 × 10^289 |
| 82 | ov_082 | 1.4380409221732318 × 10^289 |
| 81 | ov_081 | 1.8892283356527264 × 10^289 |
| 64 | lv_79_m31 | 2.1979161634036657 × 10^289 |
| 80 | ov_080 | 2.4401515050981067 × 10^289 |
| 79 | ov_079 | 3.104634159875711 × 10^289 |
| 78 | ov_078 | 3.8974796234746523 × 10^289 |
| 77 | ov_077 | 4.834509257203494 × 10^289 |
| 76 | ov_076 | 5.932607159075735 × 10^289 |
| 75 | ov_075 | 7.209771603560676 × 10^289 |
| 74 | ov_074 | 8.685173712274548 × 10^289 |
| 73 | ov_073 | 1.0379223851628646 × 10^290 |
| 63 | ov_063 | 1.1277685960154568 × 10^290 |
| 72 | ov_072 | 1.23136462612726 × 10^290 |
| 71 | ov_071 | 1.4511562427239457 × 10^290 |
| 70 | ov_070 | 1.6997583726401884 × 10^290 |
| 69 | ov_069 | 1.9797913884603423 × 10^290 |
| 68 | ov_068 | 2.2940461810138204 × 10^290 |
| 67 | ov_067 | 2.645496538765373 × 10^290 |
| 66 | ov_066 | 2.6454984594123255 × 10^290 |
| 65 | ov_065 | 2.645506307522144 × 10^290 |
| 62 | ov_062 | 5.785515924768117 × 10^290 |
| 61 | ov_061 | 2.108859523274363 × 10^291 |
| 60 | ov_060 | 6.036925237288613 × 10^291 |
| 59 | ov_059 | 1.4567356793276902 × 10^292 |
| 58 | ov_058 | 2.9567428857904636 × 10^292 |
| 57 | ov_057 | 5.342611770474372 × 10^292 |
| 56 | ov_056 | 8.905412301205489 × 10^292 |
| 55 | ov_055 | 1.4279462666680384 × 10^293 |
| 54 | ov_054 | 2.1860202083191595 × 10^293 |
| 53 | ov_053 | 3.2490723971823565 × 10^293 |
| 52 | ov_052 | 4.711859303233376 × 10^293 |
| 51 | ov_051 | 6.67959548069924 × 10^293 |
| 50 | ov_050 | 9.267971475842433 × 10^293 |
| 49 | ov_049 | 1.260318228925875 × 10^294 |
| 48 | ov_048 | 1.6821970813899266 × 10^294 |
| 47 | ov_047 | 2.207169133813789 × 10^294 |
| 32 | lv_80_m31 | 2.5676276293341076 × 10^294 |
| 46 | ov_046 | 2.8510398873782575 × 10^294 |
| 45 | ov_045 | 3.630697074334602 × 10^294 |
| 44 | ov_044 | 4.564126754090132 × 10^294 |
| 43 | ov_043 | 5.670434126858451 × 10^294 |
| 42 | ov_042 | 6.969869914878154 × 10^294 |
| 41 | ov_041 | 8.483863232314971 × 10^294 |
| 40 | ov_040 | 1.0224048238462389 × 10^295 |
| 39 | ov_039 | 1.2214340439878512 × 10^295 |
| 31 | ov_031 | 1.316823967992397 × 10^295 |
| 38 | ov_038 | 1.4479981591742933 × 10^295 |
| 37 | ov_037 | 1.7047609221268817 × 10^295 |
| 36 | ov_036 | 1.9945338383103777 × 10^295 |
| 35 | ov_035 | 2.3202857043122524 × 10^295 |
| 34 | ov_034 | 2.6851536578644957 × 10^295 |
| 33 | ov_033 | 3.092455897975727 × 10^295 |
| 30 | ov_030 | 6.752139403290358 × 10^295 |
| 29 | ov_029 | 2.208934439718101 × 10^296 |
| 28 | ov_028 | 5.73326050417452 × 10^296 |
| 27 | ov_027 | 1.2814309283773003 × 10^297 |
| 26 | ov_026 | 2.7190747193493526 × 10^297 |
| 25 | ov_025 | 5.381411157559971 × 10^297 |
| 24 | ov_024 | 9.884884293063785 × 10^297 |
| 23 | ov_023 | 1.6967238500645744 × 10^298 |
| 22 | ov_022 | 2.74875438539944 × 10^298 |
| 21 | ov_021 | 4.242625003591738 × 10^298 |
| 20 | ov_020 | 6.288528472295689 × 10^298 |
| 19 | ov_019 | 9.008821432904193 × 10^298 |
| 18 | ov_018 | 1.253804912183049 × 10^299 |
| 17 | ov_017 | 1.7022982149278746 × 10^299 |
| 16 | ov_016 | 2.2622669559017156 × 10^299 |
| 15 | ov_015 | 2.9508513466719356 × 10^299 |
| 14 | ov_014 | 3.7864372096525446 × 10^299 |
| 13 | ov_013 | 4.788669921505155 × 10^299 |
| 12 | ov_012 | 5.978472879962249 × 10^299 |
| 11 | ov_011 | 7.378071461698312 × 10^299 |
| 10 | ov_010 | 9.011023523119591 × 10^299 |
| 9 | ov_009 | 1.090225758062715 × 10^300 |
| 8 | ov_008 | 1.307811989221527 × 10^300 |
| 7 | ov_007 | 1.556643174843198 × 10^300 |
| 6 | ov_006 | 1.8396558368038333 × 10^300 |
| 5 | ov_005 | 2.159949088250564 × 10^300 |
| 4 | ov_004 | 2.520794298419795 × 10^300 |
| 3 | ov_003 | 2.925646379604772 × 10^300 |
| 2 | ov_002 | 3.3781568396305345 × 10^300 |
| 1 | ov_001 | 3.8821887531583045 × 10^300 |

