# Results for F001-F002-F003-F004-F005-F006-F007-F008-F009-F010-F011-F012-F013-F014-F015-F016-F017-F018-F019-F020-F021-F022-F023-F024-F025-F026-F027-F028-F029-F030-F031-F032-F033-F034-F035-F036-F037-F038-F039-F040-F041-F042-F043-F044-F045-F046-F047-F048-F049-F050-F051-F052-F053-F054-F055-F056-F057-F058-F059-F060-F061-F062-F063-F064-F065-F066-F067-F068-F069-F070-F071-F072-F073-F074-F075-F076-F077-F078-F079-F080-F081-F082-F083-F084-F085-F086-F087-F088-F089-F090-F091-F092-F093-F094-F095-F096-F097-F098-F099-F100-F101-F102-F103-F104-F105-F106-F107-F108-F109-F110-F111-F112-F113-F114-F115-F116-F117-F118-F119-F120-F121-F122-F123-F124-F125-F126-F127-F128-F129-F130-F131-F132-F133-F134-F135-F136-F137-F138-F139-F140-F141-F142-F143-F144-F145-F146-F147-F148-F149-F150-F151-F152-F153-F154-F155-F156-F157-F158-F159-F160-F161-F162-F163-F164-F165-F166-F167-F168-F169-F170-F171-F172-F173-F174-F175-F176-F177-F178-F179-F180-F181-F182-F183-F184-F185-F186-F187-F188-F189-F190-F191-F192-F193-F194-F195-F196-F197-F198-F199-F200-F201-F202-F203-F204-F205-F206-F207-F208-F209-F210-F211-F212-F213-F214-F215-F216-F217-F218-F219-F220-F221-F222-F223-F224-F225-F226-F227-F228-F229-F230-F231-F232-F233-F234-F235-F236-F237-F238-F239-F240-F241-F242-F243-F244-F245-F246-F247-F248-F249-F250-F251-F252-F253-F254-F255-F256-F257-F258-F259-F260-F261-F262-F263-F264-F265-F266-F267-F268-F269-F270-F271-F272-F273-F274-F275-F276-F277-F278-F279-F280-F281-F282-F283-F284-F285-F286-F287-F288-F289-F290-F291-F292-F293-F294-F295-F296-F297-F298-F299-F300-F301-F302-F303-F304-F305-F306-F307-F308-F309-F310-F311-F312-F313-F314-F315-F316-F317-F318-F319-F320-F321-F322-F323-F324-F325-F326-F327-F328-F329-F330-F331-F332-F333-F334-F335-F336-F337-F338-F339-F340-F341-F342-F343-F344-F345-F346-F347-F348-F349-F350-F351-F352-F353-F354-F355-F356-F357-F358-F359-F360-F361-F362-F363-F364-F365-F366-F367-F368-F369-F370-F371-F372-F373-F374-F375-F376-F377-F378-F379-F380-F381-F382-F383-F384-F385-F386-F387-F388-F389-F390-F391-F392-F393-F394-F395-F396-F397-F398-F399-F400-F401-F402-F403-F404-F405-F406-F407-F408-F409-F410-F411-F412-F413-F414-F415-F416-F417-F418-F419-F420-F421-F422-F423-F424-F425-F426-F427-F428-F429-F430-F431-F432-F433-F434-F435-F436-F437-F438-F439-F440-F441-F442-F443-F444-F445-F446-F447-F448-F449-F450-F451-F452-F453-F454-F455-F456-F457-F458-F459-F460-F461-F462-F463-F464-F465-F466-F467-F468-F469-F470-F471-F472-F473-F474-F475-F476-F477-F478-F479-F480-F481-F482-F483-F484-F485-F486-F487-F488-F489-F490-F491-F492-F493-F494-F495-F496-O500505-O504506-F510-F512

## Summary

Number of input bits: 512  
Number of free input bits: 12  
Number of output bits: 160

Number of direct occurrences: 50207  
Number of assignments: 31986  
Number of operations: 11805448
(xor: 11776317,
and: 15567,
or: 13564)

Total complexity: 5.317613331002431 × 10^306

Least occurring input variable: iv_499 (3919)  
Most occurring input variable: iv_504 (4371)

Most co-occurring input variables: iv_504-iv_508 (2123)  
Least co-occurring input variables: iv_498-iv_499 (1792)

Potentially most occurring input variable: iv_500/iv_507 (4575)  
Potentially least occurring input variable: iv_501/iv_502 (4248)

Least output occurring input variable: iv_500 (67)  
Most output occurring input variable: iv_502 (86)

Most output co-occurring input variables: iv_504-iv_511 (49)  
Least output co-occurring input variables: iv_500-iv_503 (29)

Potentially most output occurring input variable: iv_498/iv_501 (93)  
Potentially least output occurring input variable: iv_504/iv_511 (64)

Least complex input bit: iv_511 (6.4960548701586256 × 10^302)  
Most complex input bit: iv_504 (1.048513083617862 × 10^306)

Least complex output bit: aaa_76_29 (1.446524101997292 × 10^281)  
Most complex output bit: ov_001 (8.313337764787709 × 10^305)

Least complex input/output complexity: iv_511/aaa_76_29 (1.7670897360658492 × 10^277)  
Most complex input/output complexity: iv_504/ov_001 (1.6392021894663033 × 10^305)

## Input Bits

### Input Bits in Regular Order

| Input Bit | Complexity | Occurrences | Output Occurrences |
|:---------:|:----------:|:-----------:|:------------------:|
| iv_497 | 1.5108866344264093 × 10^304 | 4174 | 86 |
| iv_498 | 3.012180750037145 × 10^304 | 4038 | 82 |
| iv_499 | 5.303455714152826 × 10^304 | 3919 | 78 |
| iv_500 | 9.943823066713343 × 10^305 | 4337 | 67 |
| iv_501 | 1.4742860402539639 × 10^305 | 4089 | 83 |
| iv_502 | 2.385539694192955 × 10^305 | 3989 | 86 |
| iv_503 | 3.7918000206498886 × 10^305 | 4157 | 70 |
| iv_504 | 1.048513083617862 × 10^306 | 4371 | 81 |
| iv_507 | 6.561895765904678 × 10^305 | 4238 | 78 |
| iv_508 | 8.7087446365319 × 10^305 | 4297 | 80 |
| iv_509 | 8.835764884867163 × 10^305 | 4317 | 81 |
| iv_511 | 6.4960548701586256 × 10^302 | 4281 | 81 |

### Input Bits Sorted by Complexity

| Input Bit | Complexity | Occurrences | Output Occurrences |
|:---------:|:----------:|:-----------:|:------------------:|
| iv_511 | 6.4960548701586256 × 10^302 | 4281 | 81 |
| iv_497 | 1.5108866344264093 × 10^304 | 4174 | 86 |
| iv_498 | 3.012180750037145 × 10^304 | 4038 | 82 |
| iv_499 | 5.303455714152826 × 10^304 | 3919 | 78 |
| iv_501 | 1.4742860402539639 × 10^305 | 4089 | 83 |
| iv_502 | 2.385539694192955 × 10^305 | 3989 | 86 |
| iv_503 | 3.7918000206498886 × 10^305 | 4157 | 70 |
| iv_507 | 6.561895765904678 × 10^305 | 4238 | 78 |
| iv_508 | 8.7087446365319 × 10^305 | 4297 | 80 |
| iv_509 | 8.835764884867163 × 10^305 | 4317 | 81 |
| iv_500 | 9.943823066713343 × 10^305 | 4337 | 67 |
| iv_504 | 1.048513083617862 × 10^306 | 4371 | 81 |

### Input Bits Sorted by Occurrences

| Input Bit | Complexity | Occurrences | Output Occurrences |
|:---------:|:----------:|:-----------:|:------------------:|
| iv_499 | 5.303455714152826 × 10^304 | 3919 | 78 |
| iv_502 | 2.385539694192955 × 10^305 | 3989 | 86 |
| iv_498 | 3.012180750037145 × 10^304 | 4038 | 82 |
| iv_501 | 1.4742860402539639 × 10^305 | 4089 | 83 |
| iv_503 | 3.7918000206498886 × 10^305 | 4157 | 70 |
| iv_497 | 1.5108866344264093 × 10^304 | 4174 | 86 |
| iv_507 | 6.561895765904678 × 10^305 | 4238 | 78 |
| iv_511 | 6.4960548701586256 × 10^302 | 4281 | 81 |
| iv_508 | 8.7087446365319 × 10^305 | 4297 | 80 |
| iv_509 | 8.835764884867163 × 10^305 | 4317 | 81 |
| iv_500 | 9.943823066713343 × 10^305 | 4337 | 67 |
| iv_504 | 1.048513083617862 × 10^306 | 4371 | 81 |

### Input Bits Sorted by Output Occurrences

| Input Bit | Complexity | Occurrences | Output Occurrences |
|:---------:|:----------:|:-----------:|:------------------:|
| iv_500 | 9.943823066713343 × 10^305 | 4337 | 67 |
| iv_503 | 3.7918000206498886 × 10^305 | 4157 | 70 |
| iv_499 | 5.303455714152826 × 10^304 | 3919 | 78 |
| iv_507 | 6.561895765904678 × 10^305 | 4238 | 78 |
| iv_508 | 8.7087446365319 × 10^305 | 4297 | 80 |
| iv_504 | 1.048513083617862 × 10^306 | 4371 | 81 |
| iv_509 | 8.835764884867163 × 10^305 | 4317 | 81 |
| iv_511 | 6.4960548701586256 × 10^302 | 4281 | 81 |
| iv_498 | 3.012180750037145 × 10^304 | 4038 | 82 |
| iv_501 | 1.4742860402539639 × 10^305 | 4089 | 83 |
| iv_497 | 1.5108866344264093 × 10^304 | 4174 | 86 |
| iv_502 | 2.385539694192955 × 10^305 | 3989 | 86 |

## Input Bit Co-occurrences

### Input Bit Co-occurrences Sorted by Co-occurrences

| Input Bits | Co-occurrences | Potential Occurrences | Output Co-occurrences | Potential Output Occurrences |
|:----------:|:--------------:|:---------------------:|:---------------------:|:----------------------------:|
| iv_504-iv_508 | 2123 | 4422 | 39 | 83 |
| iv_508-iv_509 | 2110 | 4394 | 39 | 83 |
| iv_507-iv_509 | 2106 | 4343 | 39 | 81 |
| iv_500-iv_504 | 2096 | 4516 | 34 | 80 |
| iv_504-iv_509 | 2086 | 4516 | 37 | 88 |
| iv_503-iv_504 | 2073 | 4382 | 32 | 87 |
| iv_500-iv_508 | 2072 | 4490 | 30 | 87 |
| iv_504-iv_511 | 2069 | 4514 | 49 | 64 |
| iv_497-iv_509 | 2061 | 4369 | 46 | 75 |
| iv_507-iv_508 | 2060 | 4415 | 43 | 72 |
| iv_497-iv_500 | 2058 | 4395 | 38 | 77 |
| iv_500-iv_509 | 2042 | 4570 | 40 | 68 |

### Input Bit Co-occurrences Sorted by Potential Occurrences

| Input Bits | Co-occurrences | Potential Occurrences | Output Co-occurrences | Potential Output Occurrences |
|:----------:|:--------------:|:---------------------:|:---------------------:|:----------------------------:|
| iv_501-iv_502 | 1915 | 4248 | 43 | 83 |
| iv_499-iv_502 | 1829 | 4250 | 47 | 70 |
| iv_499-iv_503 | 1904 | 4268 | 37 | 74 |
| iv_498-iv_508 | 2020 | 4295 | 48 | 66 |
| iv_499-iv_501 | 1854 | 4300 | 41 | 79 |
| iv_497-iv_501 | 1980 | 4303 | 45 | 79 |
| iv_499-iv_508 | 1952 | 4312 | 44 | 70 |
| iv_502-iv_508 | 1986 | 4314 | 40 | 86 |
| iv_497-iv_502 | 1919 | 4325 | 47 | 78 |
| iv_498-iv_507 | 1974 | 4328 | 38 | 84 |
| iv_502-iv_507 | 1945 | 4337 | 43 | 78 |
| iv_507-iv_509 | 2106 | 4343 | 39 | 81 |

### Input Bit Output Co-occurrences Sorted by Output Co-occurrences

| Input Bits | Co-occurrences | Potential Occurrences | Output Co-occurrences | Potential Output Occurrences |
|:----------:|:--------------:|:---------------------:|:---------------------:|:----------------------------:|
| iv_502-iv_504 | 2006 | 4348 | 49 | 69 |
| iv_504-iv_511 | 2069 | 4514 | 49 | 64 |
| iv_498-iv_502 | 1813 | 4401 | 48 | 72 |
| iv_498-iv_508 | 2020 | 4295 | 48 | 66 |
| iv_499-iv_502 | 1829 | 4250 | 47 | 70 |
| iv_497-iv_502 | 1919 | 4325 | 47 | 78 |
| iv_497-iv_509 | 2061 | 4369 | 46 | 75 |
| iv_502-iv_509 | 1955 | 4396 | 46 | 75 |
| iv_501-iv_511 | 2002 | 4366 | 46 | 72 |
| iv_497-iv_501 | 1980 | 4303 | 45 | 79 |
| iv_497-iv_499 | 1832 | 4429 | 44 | 76 |
| iv_499-iv_508 | 1952 | 4312 | 44 | 70 |

### Input Bit Output Co-occurrences Sorted by Potential Output Occurrences

| Input Bits | Co-occurrences | Potential Occurrences | Output Co-occurrences | Potential Output Occurrences |
|:----------:|:--------------:|:---------------------:|:---------------------:|:----------------------------:|
| iv_504-iv_511 | 2069 | 4514 | 49 | 64 |
| iv_498-iv_508 | 2020 | 4295 | 48 | 66 |
| iv_500-iv_509 | 2042 | 4570 | 40 | 68 |
| iv_502-iv_504 | 2006 | 4348 | 49 | 69 |
| iv_499-iv_502 | 1829 | 4250 | 47 | 70 |
| iv_499-iv_508 | 1952 | 4312 | 44 | 70 |
| iv_501-iv_503 | 1917 | 4412 | 41 | 71 |
| iv_507-iv_511 | 2036 | 4447 | 44 | 71 |
| iv_498-iv_502 | 1813 | 4401 | 48 | 72 |
| iv_507-iv_508 | 2060 | 4415 | 43 | 72 |
| iv_501-iv_511 | 2002 | 4366 | 46 | 72 |
| iv_499-iv_509 | 1893 | 4450 | 43 | 73 |

## Output Bits

### Output Bits in Regular Order

| Rank | Output Bit | Complexity |
|:----:|:----------:|:----------:|
| 1 | ov_001 | 8.313337764787709 × 10^305 |
| 2 | ov_002 | 7.233994134129464 × 10^305 |
| 3 | ov_003 | 6.264980953471561 × 10^305 |
| 4 | ov_004 | 5.398025435285344 × 10^305 |
| 5 | ov_005 | 4.625307880621671 × 10^305 |
| 6 | ov_006 | 3.9394296196084163 × 10^305 |
| 7 | ov_007 | 3.33338506032061 × 10^305 |
| 8 | ov_008 | 2.800537517696945 × 10^305 |
| 9 | ov_009 | 2.334598515557613 × 10^305 |
| 10 | ov_010 | 1.929610228213533 × 10^305 |
| 11 | ov_011 | 1.5799307245292124 × 10^305 |
| 12 | ov_012 | 1.2802216967333318 × 10^305 |
| 13 | ov_013 | 1.0254383752874566 × 10^305 |
| 14 | ov_014 | 8.108213498144793 × 10^304 |
| 15 | ov_015 | 6.318900345304878 × 10^304 |
| 16 | ov_016 | 4.844375348797709 × 10^304 |
| 17 | ov_017 | 3.6452669019362345 × 10^304 |
| 18 | ov_018 | 2.684870852198909 × 10^304 |
| 19 | ov_019 | 1.9291284133257336 × 10^304 |
| 20 | ov_020 | 1.3466101615181627 × 10^304 |
| 21 | ov_021 | 9.085046555107398 × 10^303 |
| 22 | ov_022 | 5.88610546103705 × 10^303 |
| 23 | ov_023 | 3.633312706345655 × 10^303 |
| 24 | ov_024 | 2.1167160188411913 × 10^303 |
| 25 | ov_025 | 1.1523553492779885 × 10^303 |
| 26 | ov_026 | 5.822512866194082 × 10^302 |
| 27 | ov_027 | 2.7439960220915668 × 10^302 |
| 28 | ov_028 | 1.2276909631531543 × 10^302 |
| 29 | ov_029 | 4.730090423901812 × 10^301 |
| 30 | ov_030 | 1.4458641323614658 × 10^301 |
| 31 | ov_031 | 2.8197684213451683 × 10^300 |
| 32 | lv_80_m31 | 5.498162310918048 × 10^299 |
| 33 | ov_033 | 6.622657114550182 × 10^300 |
| 34 | ov_034 | 5.750436333821394 × 10^300 |
| 35 | ov_035 | 4.969107000319757 × 10^300 |
| 36 | ov_036 | 4.271553350569605 × 10^300 |
| 37 | ov_037 | 3.6510498537345005 × 10^300 |
| 38 | ov_038 | 3.101233622605548 × 10^300 |
| 39 | ov_039 | 2.6160804019627597 × 10^300 |
| 40 | ov_040 | 2.1898838093942212 × 10^300 |
| 41 | ov_041 | 1.8172375200238516 × 10^300 |
| 42 | ov_042 | 1.4930201025624469 × 10^300 |
| 43 | ov_043 | 1.2147403260796382 × 10^300 |
| 44 | ov_044 | 9.778102907217778 × 10^299 |
| 45 | ov_045 | 7.77894714097135 × 10^299 |
| 46 | ov_046 | 6.109037569877487 × 10^299 |
| 47 | ov_047 | 4.729872687289677 × 10^299 |
| 48 | ov_048 | 3.605302512795041 × 10^299 |
| 49 | ov_049 | 2.701493559548014 × 10^299 |
| 50 | ov_050 | 1.9869024170352942 × 10^299 |
| 51 | ov_051 | 1.4322563868055184 × 10^299 |
| 52 | ov_052 | 1.0105397571799039 × 10^299 |
| 53 | ov_053 | 6.969844512600921 × 10^298 |
| 54 | ov_054 | 4.6906393072395024 × 10^298 |
| 55 | ov_055 | 3.064893859959386 × 10^298 |
| 56 | ov_056 | 1.912074242632209 × 10^298 |
| 57 | ov_057 | 1.1474998662499464 × 10^298 |
| 58 | ov_058 | 6.353102245802957 × 10^297 |
| 59 | ov_059 | 3.131576368149575 × 10^297 |
| 60 | ov_060 | 1.2985836564743344 × 10^297 |
| 61 | ov_061 | 4.539217969556527 × 10^296 |
| 62 | ov_062 | 1.2460926221290974 × 10^296 |
| 63 | ov_063 | 2.430608191054969 × 10^295 |
| 64 | lv_79_m31 | 4.7400962140417695 × 10^294 |
| 65 | ov_065 | 5.704433399996458 × 10^295 |
| 66 | ov_066 | 5.704417955351632 × 10^295 |
| 67 | ov_067 | 5.704414239570665 × 10^295 |
| 68 | ov_068 | 4.956572274139458 × 10^295 |
| 69 | ov_069 | 4.2853621517538574 × 10^295 |
| 70 | ov_070 | 3.6851475171745226 × 10^295 |
| 71 | ov_071 | 3.1505778119764677 × 10^295 |
| 72 | ov_072 | 2.676568190488835 × 10^295 |
| 73 | ov_073 | 2.2582826768749982 × 10^295 |
| 74 | ov_074 | 1.8911202047710036 × 10^295 |
| 75 | ov_075 | 1.5707032000305572 × 10^295 |
| 76 | ov_076 | 1.2928683854934604 × 10^295 |
| 77 | ov_077 | 1.0536595044329416 × 10^295 |
| 78 | ov_078 | 8.493216765624329 × 10^294 |
| 79 | ov_079 | 6.762971172941582 × 10^294 |
| 80 | ov_080 | 5.3122196742617755 × 10^294 |
| 81 | ov_081 | 4.1092399666445896 × 10^294 |
| 82 | ov_082 | 3.1242096042329054 × 10^294 |
| 83 | ov_083 | 2.3291940524115556 × 10^294 |
| 84 | ov_084 | 1.6981375264574712 × 10^294 |
| 85 | ov_085 | 1.2068556118442589 × 10^294 |
| 86 | ov_086 | 8.330293031285751 × 10^293 |
| 87 | ov_087 | 5.5620030515521855 × 10^293 |
| 88 | ov_088 | 3.577674404358184 × 10^293 |
| 89 | ov_089 | 2.2098400662432076 × 10^293 |
| 90 | ov_090 | 1.3095592804879662 × 10^293 |
| 91 | ov_091 | 7.464054527651024 × 10^292 |
| 92 | ov_092 | 4.084588799851988 × 10^292 |
| 93 | ov_093 | 2.0230284201167378 × 10^292 |
| 94 | ov_094 | 8.585440220327279 × 10^291 |
| 95 | aaa_78_28 | 2.6280943431322692 × 10^291 |
| 96 | aaa_78_29 | 7.96065353028414 × 10^290 |
| 97 | ov_097 | 4.201223080833438 × 10^290 |
| 98 | ov_098 | 4.201197015055637 × 10^290 |
| 99 | ov_099 | 4.2011886681088425 × 10^290 |
| 100 | ov_100 | 3.5613203520051414 × 10^290 |
| 101 | ov_101 | 2.9977878955388373 × 10^290 |
| 102 | ov_102 | 2.5041828739784445 × 10^290 |
| 103 | ov_103 | 2.074452681824546 × 10^290 |
| 104 | ov_104 | 1.7028745850260608 × 10^290 |
| 105 | ov_105 | 1.3840330623998866 × 10^290 |
| 106 | ov_106 | 1.1128001419272192 × 10^290 |
| 107 | ov_107 | 8.843184530238341 × 10^289 |
| 108 | ov_108 | 6.939867307213599 × 10^289 |
| 109 | ov_109 | 5.374475220602199 × 10^289 |
| 110 | ov_110 | 4.1057685897609734 × 10^289 |
| 111 | ov_111 | 3.094756756416599 × 10^289 |
| 112 | ov_112 | 2.3046276167282747 × 10^289 |
| 113 | ov_113 | 1.7006905588187705 × 10^289 |
| 114 | ov_114 | 1.2503309840561373 × 10^289 |
| 115 | ov_115 | 9.229747209374012 × 10^288 |
| 116 | ov_116 | 6.900607703993532 × 10^288 |
| 117 | ov_117 | 5.2502095097870483 × 10^288 |
| 118 | ov_118 | 4.0326514161635 × 10^288 |
| 119 | ov_119 | 3.021709491450848 × 10^288 |
| 120 | ov_120 | 2.19782082660868 × 10^288 |
| 121 | ov_121 | 1.5414505592867115 × 10^288 |
| 122 | ov_122 | 1.0330810527112963 × 10^288 |
| 123 | ov_123 | 6.532047739326723 × 10^287 |
| 124 | ov_124 | 3.8231948611288806 × 10^287 |
| 125 | ov_125 | 2.0092526743168892 × 10^287 |
| 126 | ov_126 | 8.952298892963499 × 10^286 |
| 127 | aaa_77_28 | 2.8613729571595414 × 10^286 |
| 128 | aaa_77_29 | 1.0742898039194712 × 10^286 |
| 129 | ov_129 | 1.0022696453441692 × 10^286 |
| 130 | ov_130 | 1.0022668258281076 × 10^286 |
| 131 | ov_131 | 1.0022661434432521 × 10^286 |
| 132 | ov_132 | 8.721271632785763 × 10^285 |
| 133 | ov_133 | 7.551266975254463 × 10^285 |
| 134 | ov_134 | 6.502479119572656 × 10^285 |
| 135 | ov_135 | 5.565290698428388 × 10^285 |
| 136 | ov_136 | 4.73059601896283 × 10^285 |
| 137 | ov_137 | 3.993965586225828 × 10^285 |
| 138 | ov_138 | 3.347219763012048 × 10^285 |
| 139 | ov_139 | 2.782602395025995 × 10^285 |
| 140 | ov_140 | 2.292759763755925 × 10^285 |
| 141 | ov_141 | 1.870722998951968 × 10^285 |
| 142 | ov_142 | 1.5098935569424422 × 10^285 |
| 143 | ov_143 | 1.2040313941069965 × 10^285 |
| 144 | ov_144 | 9.472454876408199 × 10^284 |
| 145 | ov_145 | 7.339863783706625 × 10^284 |
| 146 | ov_146 | 5.590404328825678 × 10^284 |
| 147 | ov_147 | 4.1752554463833895 × 10^284 |
| 148 | ov_148 | 3.0488801612407885 × 10^284 |
| 149 | ov_149 | 2.1690038640933 × 10^284 |
| 150 | ov_150 | 1.4965999081120735 × 10^284 |
| 151 | ov_151 | 9.958806166131671 × 10^283 |
| 152 | ov_152 | 6.342920146849467 × 10^283 |
| 153 | ov_153 | 3.8251088425612347 × 10^283 |
| 154 | ov_154 | 2.1444314198363665 × 10^283 |
| 155 | ov_155 | 1.0722292960400563 × 10^283 |
| 156 | aaa_76_25 | 4.121211883946837 × 10^282 |
| 157 | aaa_76_26 | 2.3811935233119702 × 10^282 |
| 158 | aaa_76_27 | 1.2196625580984772 × 10^282 |
| 159 | aaa_76_28 | 4.752563609385126 × 10^281 |
| 160 | aaa_76_29 | 1.446524101997292 × 10^281 |

### Output Bits Sorted by Complexity

| Rank | Output Bit | Complexity |
|:----:|:----------:|:----------:|
| 160 | aaa_76_29 | 1.446524101997292 × 10^281 |
| 159 | aaa_76_28 | 4.752563609385126 × 10^281 |
| 158 | aaa_76_27 | 1.2196625580984772 × 10^282 |
| 157 | aaa_76_26 | 2.3811935233119702 × 10^282 |
| 156 | aaa_76_25 | 4.121211883946837 × 10^282 |
| 155 | ov_155 | 1.0722292960400563 × 10^283 |
| 154 | ov_154 | 2.1444314198363665 × 10^283 |
| 153 | ov_153 | 3.8251088425612347 × 10^283 |
| 152 | ov_152 | 6.342920146849467 × 10^283 |
| 151 | ov_151 | 9.958806166131671 × 10^283 |
| 150 | ov_150 | 1.4965999081120735 × 10^284 |
| 149 | ov_149 | 2.1690038640933 × 10^284 |
| 148 | ov_148 | 3.0488801612407885 × 10^284 |
| 147 | ov_147 | 4.1752554463833895 × 10^284 |
| 146 | ov_146 | 5.590404328825678 × 10^284 |
| 145 | ov_145 | 7.339863783706625 × 10^284 |
| 144 | ov_144 | 9.472454876408199 × 10^284 |
| 143 | ov_143 | 1.2040313941069965 × 10^285 |
| 142 | ov_142 | 1.5098935569424422 × 10^285 |
| 141 | ov_141 | 1.870722998951968 × 10^285 |
| 140 | ov_140 | 2.292759763755925 × 10^285 |
| 139 | ov_139 | 2.782602395025995 × 10^285 |
| 138 | ov_138 | 3.347219763012048 × 10^285 |
| 137 | ov_137 | 3.993965586225828 × 10^285 |
| 136 | ov_136 | 4.73059601896283 × 10^285 |
| 135 | ov_135 | 5.565290698428388 × 10^285 |
| 134 | ov_134 | 6.502479119572656 × 10^285 |
| 133 | ov_133 | 7.551266975254463 × 10^285 |
| 132 | ov_132 | 8.721271632785763 × 10^285 |
| 131 | ov_131 | 1.0022661434432521 × 10^286 |
| 130 | ov_130 | 1.0022668258281076 × 10^286 |
| 129 | ov_129 | 1.0022696453441692 × 10^286 |
| 128 | aaa_77_29 | 1.0742898039194712 × 10^286 |
| 127 | aaa_77_28 | 2.8613729571595414 × 10^286 |
| 126 | ov_126 | 8.952298892963499 × 10^286 |
| 125 | ov_125 | 2.0092526743168892 × 10^287 |
| 124 | ov_124 | 3.8231948611288806 × 10^287 |
| 123 | ov_123 | 6.532047739326723 × 10^287 |
| 122 | ov_122 | 1.0330810527112963 × 10^288 |
| 121 | ov_121 | 1.5414505592867115 × 10^288 |
| 120 | ov_120 | 2.19782082660868 × 10^288 |
| 119 | ov_119 | 3.021709491450848 × 10^288 |
| 118 | ov_118 | 4.0326514161635 × 10^288 |
| 117 | ov_117 | 5.2502095097870483 × 10^288 |
| 116 | ov_116 | 6.900607703993532 × 10^288 |
| 115 | ov_115 | 9.229747209374012 × 10^288 |
| 114 | ov_114 | 1.2503309840561373 × 10^289 |
| 113 | ov_113 | 1.7006905588187705 × 10^289 |
| 112 | ov_112 | 2.3046276167282747 × 10^289 |
| 111 | ov_111 | 3.094756756416599 × 10^289 |
| 110 | ov_110 | 4.1057685897609734 × 10^289 |
| 109 | ov_109 | 5.374475220602199 × 10^289 |
| 108 | ov_108 | 6.939867307213599 × 10^289 |
| 107 | ov_107 | 8.843184530238341 × 10^289 |
| 106 | ov_106 | 1.1128001419272192 × 10^290 |
| 105 | ov_105 | 1.3840330623998866 × 10^290 |
| 104 | ov_104 | 1.7028745850260608 × 10^290 |
| 103 | ov_103 | 2.074452681824546 × 10^290 |
| 102 | ov_102 | 2.5041828739784445 × 10^290 |
| 101 | ov_101 | 2.9977878955388373 × 10^290 |
| 100 | ov_100 | 3.5613203520051414 × 10^290 |
| 99 | ov_099 | 4.2011886681088425 × 10^290 |
| 98 | ov_098 | 4.201197015055637 × 10^290 |
| 97 | ov_097 | 4.201223080833438 × 10^290 |
| 96 | aaa_78_29 | 7.96065353028414 × 10^290 |
| 95 | aaa_78_28 | 2.6280943431322692 × 10^291 |
| 94 | ov_094 | 8.585440220327279 × 10^291 |
| 93 | ov_093 | 2.0230284201167378 × 10^292 |
| 92 | ov_092 | 4.084588799851988 × 10^292 |
| 91 | ov_091 | 7.464054527651024 × 10^292 |
| 90 | ov_090 | 1.3095592804879662 × 10^293 |
| 89 | ov_089 | 2.2098400662432076 × 10^293 |
| 88 | ov_088 | 3.577674404358184 × 10^293 |
| 87 | ov_087 | 5.5620030515521855 × 10^293 |
| 86 | ov_086 | 8.330293031285751 × 10^293 |
| 85 | ov_085 | 1.2068556118442589 × 10^294 |
| 84 | ov_084 | 1.6981375264574712 × 10^294 |
| 83 | ov_083 | 2.3291940524115556 × 10^294 |
| 82 | ov_082 | 3.1242096042329054 × 10^294 |
| 81 | ov_081 | 4.1092399666445896 × 10^294 |
| 64 | lv_79_m31 | 4.7400962140417695 × 10^294 |
| 80 | ov_080 | 5.3122196742617755 × 10^294 |
| 79 | ov_079 | 6.762971172941582 × 10^294 |
| 78 | ov_078 | 8.493216765624329 × 10^294 |
| 77 | ov_077 | 1.0536595044329416 × 10^295 |
| 76 | ov_076 | 1.2928683854934604 × 10^295 |
| 75 | ov_075 | 1.5707032000305572 × 10^295 |
| 74 | ov_074 | 1.8911202047710036 × 10^295 |
| 73 | ov_073 | 2.2582826768749982 × 10^295 |
| 63 | ov_063 | 2.430608191054969 × 10^295 |
| 72 | ov_072 | 2.676568190488835 × 10^295 |
| 71 | ov_071 | 3.1505778119764677 × 10^295 |
| 70 | ov_070 | 3.6851475171745226 × 10^295 |
| 69 | ov_069 | 4.2853621517538574 × 10^295 |
| 68 | ov_068 | 4.956572274139458 × 10^295 |
| 67 | ov_067 | 5.704414239570665 × 10^295 |
| 66 | ov_066 | 5.704417955351632 × 10^295 |
| 65 | ov_065 | 5.704433399996458 × 10^295 |
| 62 | ov_062 | 1.2460926221290974 × 10^296 |
| 61 | ov_061 | 4.539217969556527 × 10^296 |
| 60 | ov_060 | 1.2985836564743344 × 10^297 |
| 59 | ov_059 | 3.131576368149575 × 10^297 |
| 58 | ov_058 | 6.353102245802957 × 10^297 |
| 57 | ov_057 | 1.1474998662499464 × 10^298 |
| 56 | ov_056 | 1.912074242632209 × 10^298 |
| 55 | ov_055 | 3.064893859959386 × 10^298 |
| 54 | ov_054 | 4.6906393072395024 × 10^298 |
| 53 | ov_053 | 6.969844512600921 × 10^298 |
| 52 | ov_052 | 1.0105397571799039 × 10^299 |
| 51 | ov_051 | 1.4322563868055184 × 10^299 |
| 50 | ov_050 | 1.9869024170352942 × 10^299 |
| 49 | ov_049 | 2.701493559548014 × 10^299 |
| 48 | ov_048 | 3.605302512795041 × 10^299 |
| 47 | ov_047 | 4.729872687289677 × 10^299 |
| 32 | lv_80_m31 | 5.498162310918048 × 10^299 |
| 46 | ov_046 | 6.109037569877487 × 10^299 |
| 45 | ov_045 | 7.77894714097135 × 10^299 |
| 44 | ov_044 | 9.778102907217778 × 10^299 |
| 43 | ov_043 | 1.2147403260796382 × 10^300 |
| 42 | ov_042 | 1.4930201025624469 × 10^300 |
| 41 | ov_041 | 1.8172375200238516 × 10^300 |
| 40 | ov_040 | 2.1898838093942212 × 10^300 |
| 39 | ov_039 | 2.6160804019627597 × 10^300 |
| 31 | ov_031 | 2.8197684213451683 × 10^300 |
| 38 | ov_038 | 3.101233622605548 × 10^300 |
| 37 | ov_037 | 3.6510498537345005 × 10^300 |
| 36 | ov_036 | 4.271553350569605 × 10^300 |
| 35 | ov_035 | 4.969107000319757 × 10^300 |
| 34 | ov_034 | 5.750436333821394 × 10^300 |
| 33 | ov_033 | 6.622657114550182 × 10^300 |
| 30 | ov_030 | 1.4458641323614658 × 10^301 |
| 29 | ov_029 | 4.730090423901812 × 10^301 |
| 28 | ov_028 | 1.2276909631531543 × 10^302 |
| 27 | ov_027 | 2.7439960220915668 × 10^302 |
| 26 | ov_026 | 5.822512866194082 × 10^302 |
| 25 | ov_025 | 1.1523553492779885 × 10^303 |
| 24 | ov_024 | 2.1167160188411913 × 10^303 |
| 23 | ov_023 | 3.633312706345655 × 10^303 |
| 22 | ov_022 | 5.88610546103705 × 10^303 |
| 21 | ov_021 | 9.085046555107398 × 10^303 |
| 20 | ov_020 | 1.3466101615181627 × 10^304 |
| 19 | ov_019 | 1.9291284133257336 × 10^304 |
| 18 | ov_018 | 2.684870852198909 × 10^304 |
| 17 | ov_017 | 3.6452669019362345 × 10^304 |
| 16 | ov_016 | 4.844375348797709 × 10^304 |
| 15 | ov_015 | 6.318900345304878 × 10^304 |
| 14 | ov_014 | 8.108213498144793 × 10^304 |
| 13 | ov_013 | 1.0254383752874566 × 10^305 |
| 12 | ov_012 | 1.2802216967333318 × 10^305 |
| 11 | ov_011 | 1.5799307245292124 × 10^305 |
| 10 | ov_010 | 1.929610228213533 × 10^305 |
| 9 | ov_009 | 2.334598515557613 × 10^305 |
| 8 | ov_008 | 2.800537517696945 × 10^305 |
| 7 | ov_007 | 3.33338506032061 × 10^305 |
| 6 | ov_006 | 3.9394296196084163 × 10^305 |
| 5 | ov_005 | 4.625307880621671 × 10^305 |
| 4 | ov_004 | 5.398025435285344 × 10^305 |
| 3 | ov_003 | 6.264980953471561 × 10^305 |
| 2 | ov_002 | 7.233994134129464 × 10^305 |
| 1 | ov_001 | 8.313337764787709 × 10^305 |

