# Results for F001-F002-F003-F004-F005-F006-F007-F008-F009-F010-F011-F012-F013-F014-F015-F016-F017-F018-F019-F020-F021-F022-F023-F024-F025-F026-F027-F028-F029-F030-F031-F032-F033-F034-F035-F036-F037-F038-F039-F040-F041-F042-F043-F044-F045-F046-F047-F048-F049-F050-F051-F052-F053-F054-F055-F056-F057-F058-F059-F060-F061-F062-F063-F064-F065-F066-F067-F068-F069-F070-F071-F072-F073-F074-F075-F076-F077-F078-F079-F080-F081-F082-F083-F084-F085-F086-F087-F088-F089-F090-F091-F092-F093-F094-F095-F096-F097-F098-F099-F100-F101-F102-F103-F104-F105-F106-F107-F108-F109-F110-F111-F112-F113-F114-F115-F116-F117-F118-F119-F120-F121-F122-F123-F124-F125-F126-F127-F128-F129-F130-F131-F132-F133-F134-F135-F136-F137-F138-F139-F140-F141-F142-F143-F144-F145-F146-F147-F148-F149-F150-F151-F152-F153-F154-F155-F156-F157-F158-F159-F160-F161-F162-F163-F164-F165-F166-F167-F168-F169-F170-F171-F172-F173-F174-F175-F176-F177-F178-F179-F180-F181-F182-F183-F184-F185-F186-F187-F188-F189-F190-F191-F192-F193-F194-F195-F196-F197-F198-F199-F200-F201-F202-F203-F204-F205-F206-F207-F208-F209-F210-F211-F212-F213-F214-F215-F216-F217-F218-F219-F220-F221-F222-F223-F224-F225-F226-F227-F228-F229-F230-F231-F232-F233-F234-F235-F236-F237-F238-F239-F240-F241-F242-F243-F244-F245-F246-F247-F248-F249-F250-F251-F252-F253-F254-F255-F256-F257-F258-F259-F260-F261-F262-F263-F264-F265-F266-F267-F268-F269-F270-F271-F272-F273-F274-F275-F276-F277-F278-F279-F280-F281-F282-F283-F284-F285-F286-F287-F288-F289-F290-F291-F292-F293-F294-F295-F296-F297-F298-F299-F300-F301-F302-F303-F304-F305-F306-F307-F308-F309-F310-F311-F312-F313-F314-F315-F316-F317-F318-F319-F320-F321-F322-F323-F324-F325-F326-F327-F328-F329-F330-F331-F332-F333-F334-F335-F336-F337-F338-F339-F340-F341-F342-F343-F344-F345-F346-F347-F348-F349-F350-F351-F352-F353-F354-F355-F356-F357-F358-F359-F360-F361-F362-F363-F364-F365-F366-F367-F368-F369-F370-F371-F372-F373-F374-F375-F376-F377-F378-F379-F380-F381-F382-F383-F384-F385-F386-F387-F388-F389-F390-F391-F392-F393-F394-F395-F396-F397-F398-F399-F400-F401-F402-F403-F404-F405-F406-F407-F408-F409-F410-F411-F412-F413-F414-F415-F416-F417-F418-F419-F420-F421-F422-F423-F424-F425-F426-F427-F428-F429-F430-F431-F432-F433-F434-F435-F436-F437-F438-F439-F440-F441-F442-F443-F444-F445-F446-F447-F448-F449-F450-F451-F452-F453-F454-F455-F456-F457-F458-F459-F460-F461-F462-F463-F464-F465-F466-F467-F468-F469-F470-F471-F472-F473-F474-F475-F476-F477-F478-F479-F480-F481-F482-F483-F484-F485-F486-F487-F488-F489-F490-F491-F492-F493-F494-F495-F496-O500505-E508509-F510-F512

## Summary

Number of input bits: 512  
Number of free input bits: 12  
Number of output bits: 160

Number of direct occurrences: 49095  
Number of assignments: 31695  
Number of operations: 11201874
(xor: 11173462,
and: 14901,
or: 13511)

Total complexity: 1.6098525982871534 × 10^301

Least occurring input variable: iv_502 (3844)  
Most occurring input variable: iv_508 (4343)

Most co-occurring input variables: iv_500-iv_511 (2103)  
Least co-occurring input variables: iv_499-iv_502 (1735)

Potentially most occurring input variable: iv_500/iv_508 (4629)  
Potentially least occurring input variable: iv_499/iv_504 (4164)

Least output occurring input variable: iv_502 (71)  
Most output occurring input variable: iv_497 (93)

Most output co-occurring input variables: iv_497-iv_506 (57)  
Least output co-occurring input variables: iv_502-iv_503 (29)

Potentially most output occurring input variable: iv_506/iv_511 (93)  
Potentially least output occurring input variable: iv_501/iv_507 (61)

Least complex input bit: iv_511 (2.5166168584022055 × 10^297)  
Most complex input bit: iv_500 (3.8490738145555946 × 10^300)

Least complex output bit: aaa_76_29 (2.9963699723084594 × 10^276)  
Most complex output bit: ov_001 (2.5167606632777977 × 10^300)

Least complex input/output complexity: iv_511/aaa_76_29 (4.684102876465068 × 10^272)  
Most complex input/output complexity: iv_500/ov_001 (6.017443818665822 × 10^299)

## Input Bits

### Input Bits in Regular Order

| Input Bit | Complexity | Occurrences | Output Occurrences |
|:---------:|:----------:|:-----------:|:------------------:|
| iv_497 | 5.848915829217613 × 10^298 | 4150 | 93 |
| iv_498 | 1.1660288675409641 × 10^299 | 3953 | 88 |
| iv_499 | 2.052914442362317 × 10^299 | 3918 | 72 |
| iv_500 | 3.8490738145555946 × 10^300 | 4318 | 82 |
| iv_501 | 5.706514631022959 × 10^299 | 4097 | 83 |
| iv_502 | 9.233652388529451 × 10^299 | 3844 | 71 |
| iv_503 | 1.4676935638878937 × 10^300 | 4075 | 72 |
| iv_504 | 2.288014252071733 × 10^300 | 3946 | 71 |
| iv_506 | 1.77065455375473 × 10^300 | 4108 | 93 |
| iv_507 | 2.4190961600504026 × 10^300 | 4070 | 82 |
| iv_508 | 2.4270768304550323 × 10^300 | 4343 | 76 |
| iv_511 | 2.5166168584022055 × 10^297 | 4273 | 80 |

### Input Bits Sorted by Complexity

| Input Bit | Complexity | Occurrences | Output Occurrences |
|:---------:|:----------:|:-----------:|:------------------:|
| iv_511 | 2.5166168584022055 × 10^297 | 4273 | 80 |
| iv_497 | 5.848915829217613 × 10^298 | 4150 | 93 |
| iv_498 | 1.1660288675409641 × 10^299 | 3953 | 88 |
| iv_499 | 2.052914442362317 × 10^299 | 3918 | 72 |
| iv_501 | 5.706514631022959 × 10^299 | 4097 | 83 |
| iv_502 | 9.233652388529451 × 10^299 | 3844 | 71 |
| iv_503 | 1.4676935638878937 × 10^300 | 4075 | 72 |
| iv_506 | 1.77065455375473 × 10^300 | 4108 | 93 |
| iv_504 | 2.288014252071733 × 10^300 | 3946 | 71 |
| iv_507 | 2.4190961600504026 × 10^300 | 4070 | 82 |
| iv_508 | 2.4270768304550323 × 10^300 | 4343 | 76 |
| iv_500 | 3.8490738145555946 × 10^300 | 4318 | 82 |

### Input Bits Sorted by Occurrences

| Input Bit | Complexity | Occurrences | Output Occurrences |
|:---------:|:----------:|:-----------:|:------------------:|
| iv_502 | 9.233652388529451 × 10^299 | 3844 | 71 |
| iv_499 | 2.052914442362317 × 10^299 | 3918 | 72 |
| iv_504 | 2.288014252071733 × 10^300 | 3946 | 71 |
| iv_498 | 1.1660288675409641 × 10^299 | 3953 | 88 |
| iv_507 | 2.4190961600504026 × 10^300 | 4070 | 82 |
| iv_503 | 1.4676935638878937 × 10^300 | 4075 | 72 |
| iv_501 | 5.706514631022959 × 10^299 | 4097 | 83 |
| iv_506 | 1.77065455375473 × 10^300 | 4108 | 93 |
| iv_497 | 5.848915829217613 × 10^298 | 4150 | 93 |
| iv_511 | 2.5166168584022055 × 10^297 | 4273 | 80 |
| iv_500 | 3.8490738145555946 × 10^300 | 4318 | 82 |
| iv_508 | 2.4270768304550323 × 10^300 | 4343 | 76 |

### Input Bits Sorted by Output Occurrences

| Input Bit | Complexity | Occurrences | Output Occurrences |
|:---------:|:----------:|:-----------:|:------------------:|
| iv_502 | 9.233652388529451 × 10^299 | 3844 | 71 |
| iv_504 | 2.288014252071733 × 10^300 | 3946 | 71 |
| iv_503 | 1.4676935638878937 × 10^300 | 4075 | 72 |
| iv_499 | 2.052914442362317 × 10^299 | 3918 | 72 |
| iv_508 | 2.4270768304550323 × 10^300 | 4343 | 76 |
| iv_511 | 2.5166168584022055 × 10^297 | 4273 | 80 |
| iv_507 | 2.4190961600504026 × 10^300 | 4070 | 82 |
| iv_500 | 3.8490738145555946 × 10^300 | 4318 | 82 |
| iv_501 | 5.706514631022959 × 10^299 | 4097 | 83 |
| iv_498 | 1.1660288675409641 × 10^299 | 3953 | 88 |
| iv_506 | 1.77065455375473 × 10^300 | 4108 | 93 |
| iv_497 | 5.848915829217613 × 10^298 | 4150 | 93 |

## Input Bit Co-occurrences

### Input Bit Co-occurrences Sorted by Co-occurrences

| Input Bits | Co-occurrences | Potential Occurrences | Output Co-occurrences | Potential Output Occurrences |
|:----------:|:--------------:|:---------------------:|:---------------------:|:----------------------------:|
| iv_500-iv_511 | 2103 | 4385 | 42 | 78 |
| iv_508-iv_511 | 2056 | 4504 | 35 | 86 |
| iv_497-iv_500 | 2046 | 4376 | 45 | 85 |
| iv_501-iv_511 | 2039 | 4292 | 39 | 85 |
| iv_503-iv_511 | 2039 | 4270 | 35 | 82 |
| iv_506-iv_511 | 2037 | 4307 | 40 | 93 |
| iv_500-iv_501 | 2036 | 4343 | 42 | 81 |
| iv_506-iv_508 | 2019 | 4413 | 44 | 81 |
| iv_500-iv_508 | 2016 | 4629 | 38 | 82 |
| iv_497-iv_511 | 2014 | 4395 | 47 | 79 |
| iv_500-iv_507 | 2012 | 4364 | 42 | 80 |
| iv_497-iv_501 | 2010 | 4227 | 48 | 80 |

### Input Bit Co-occurrences Sorted by Potential Occurrences

| Input Bits | Co-occurrences | Potential Occurrences | Output Co-occurrences | Potential Output Occurrences |
|:----------:|:--------------:|:---------------------:|:---------------------:|:----------------------------:|
| iv_499-iv_504 | 1850 | 4164 | 30 | 83 |
| iv_504-iv_506 | 1939 | 4176 | 43 | 78 |
| iv_502-iv_506 | 1874 | 4204 | 41 | 82 |
| iv_498-iv_504 | 1843 | 4213 | 40 | 79 |
| iv_497-iv_504 | 1941 | 4214 | 44 | 76 |
| iv_498-iv_499 | 1827 | 4217 | 44 | 72 |
| iv_497-iv_501 | 2010 | 4227 | 48 | 80 |
| iv_502-iv_504 | 1781 | 4228 | 33 | 76 |
| iv_499-iv_501 | 1892 | 4231 | 33 | 89 |
| iv_498-iv_506 | 1913 | 4235 | 54 | 73 |
| iv_503-iv_507 | 1949 | 4247 | 34 | 86 |
| iv_499-iv_507 | 1870 | 4248 | 36 | 82 |

### Input Bit Output Co-occurrences Sorted by Output Co-occurrences

| Input Bits | Co-occurrences | Potential Occurrences | Output Co-occurrences | Potential Output Occurrences |
|:----------:|:--------------:|:---------------------:|:---------------------:|:----------------------------:|
| iv_497-iv_506 | 1943 | 4372 | 57 | 72 |
| iv_498-iv_506 | 1913 | 4235 | 54 | 73 |
| iv_506-iv_507 | 1921 | 4336 | 53 | 69 |
| iv_501-iv_507 | 1942 | 4283 | 52 | 61 |
| iv_497-iv_498 | 1897 | 4309 | 50 | 81 |
| iv_498-iv_501 | 1879 | 4292 | 48 | 75 |
| iv_497-iv_501 | 2010 | 4227 | 48 | 80 |
| iv_501-iv_506 | 1910 | 4385 | 47 | 82 |
| iv_497-iv_511 | 2014 | 4395 | 47 | 79 |
| iv_498-iv_508 | 1954 | 4388 | 47 | 70 |
| iv_497-iv_500 | 2046 | 4376 | 45 | 85 |
| iv_498-iv_500 | 1954 | 4363 | 45 | 80 |

### Input Bit Output Co-occurrences Sorted by Potential Output Occurrences

| Input Bits | Co-occurrences | Potential Occurrences | Output Co-occurrences | Potential Output Occurrences |
|:----------:|:--------------:|:---------------------:|:---------------------:|:----------------------------:|
| iv_501-iv_507 | 1942 | 4283 | 52 | 61 |
| iv_506-iv_507 | 1921 | 4336 | 53 | 69 |
| iv_498-iv_508 | 1954 | 4388 | 47 | 70 |
| iv_499-iv_500 | 1968 | 4300 | 41 | 72 |
| iv_498-iv_499 | 1827 | 4217 | 44 | 72 |
| iv_497-iv_506 | 1943 | 4372 | 57 | 72 |
| iv_498-iv_506 | 1913 | 4235 | 54 | 73 |
| iv_501-iv_503 | 1868 | 4436 | 40 | 75 |
| iv_503-iv_504 | 1883 | 4255 | 34 | 75 |
| iv_498-iv_501 | 1879 | 4292 | 48 | 75 |
| iv_502-iv_504 | 1781 | 4228 | 33 | 76 |
| iv_497-iv_504 | 1941 | 4214 | 44 | 76 |

## Output Bits

### Output Bits in Regular Order

| Rank | Output Bit | Complexity |
|:----:|:----------:|:----------:|
| 1 | ov_001 | 2.5167606632777977 × 10^300 |
| 2 | ov_002 | 2.1900059336216386 × 10^300 |
| 3 | ov_003 | 1.8966514981150615 × 10^300 |
| 4 | ov_004 | 1.634193009421478 × 10^300 |
| 5 | ov_005 | 1.4002632778045464 × 10^300 |
| 6 | ov_006 | 1.1926225643489528 × 10^300 |
| 7 | ov_007 | 1.0091501182507359 × 10^300 |
| 8 | ov_008 | 8.478368588213919 × 10^299 |
| 9 | ov_009 | 7.067791092853655 × 10^299 |
| 10 | ov_010 | 5.841732813807208 × 10^299 |
| 11 | ov_011 | 4.78311408655968 × 10^299 |
| 12 | ov_012 | 3.875774322279417 × 10^299 |
| 13 | ov_013 | 3.1044414851803673 × 10^299 |
| 14 | ov_014 | 2.4547073414301155 × 10^299 |
| 15 | ov_015 | 1.9130076872363578 × 10^299 |
| 16 | ov_016 | 1.4666068190744986 × 10^299 |
| 17 | ov_017 | 1.1035855639509265 × 10^299 |
| 18 | ov_018 | 8.128322422441505 × 10^298 |
| 19 | ov_019 | 5.840359901183232 × 10^298 |
| 20 | ov_020 | 4.076819228280734 × 10^298 |
| 21 | ov_021 | 2.750476967313727 × 10^298 |
| 22 | ov_022 | 1.7820112652994207 × 10^298 |
| 23 | ov_023 | 1.0999858390881267 × 10^298 |
| 24 | ov_024 | 6.408395646362434 × 10^297 |
| 25 | ov_025 | 3.488801061679747 × 10^297 |
| 26 | ov_026 | 1.7628042600129758 × 10^297 |
| 27 | ov_027 | 8.307714224451994 × 10^296 |
| 28 | ov_028 | 3.7169881180926454 × 10^296 |
| 29 | ov_029 | 1.432106878388271 × 10^296 |
| 30 | ov_030 | 4.3776071344356164 × 10^295 |
| 31 | ov_031 | 8.537406920473071 × 10^294 |
| 32 | lv_80_m31 | 1.6646886389539397 × 10^294 |
| 33 | ov_033 | 2.0048465491379466 × 10^295 |
| 34 | ov_034 | 1.7408194658106647 × 10^295 |
| 35 | ov_035 | 1.50428763093776 × 10^295 |
| 36 | ov_036 | 1.2931042107424177 × 10^295 |
| 37 | ov_037 | 1.1052389743265627 × 10^295 |
| 38 | ov_038 | 9.387701104184595 × 10^294 |
| 39 | ov_039 | 7.918771337708099 × 10^294 |
| 40 | ov_040 | 6.628347762206248 × 10^294 |
| 41 | ov_041 | 5.5000776382520346 × 10^294 |
| 42 | ov_042 | 4.5184638755939155 × 10^294 |
| 43 | ov_043 | 3.67596677276068 × 10^294 |
| 44 | ov_044 | 2.958695119618143 × 10^294 |
| 45 | ov_045 | 2.353519690068796 × 10^294 |
| 46 | ov_046 | 1.8480525593565383 × 10^294 |
| 47 | ov_047 | 1.4306305518937445 × 10^294 |
| 48 | ov_048 | 1.0903022093404138 × 10^294 |
| 49 | ov_049 | 8.168177157758935 × 10^293 |
| 50 | ov_050 | 6.006212630444798 × 10^293 |
| 51 | ov_051 | 4.3284538491896495 × 10^293 |
| 52 | ov_052 | 3.0530685484733476 × 10^293 |
| 53 | ov_053 | 2.105038288686134 × 10^293 |
| 54 | ov_054 | 1.416139597111514 × 10^293 |
| 55 | ov_055 | 9.249321021148642 × 10^292 |
| 56 | ov_056 | 5.767512732453263 × 10^292 |
| 57 | ov_057 | 3.45958121384448 × 10^292 |
| 58 | ov_058 | 1.9142871093180983 × 10^292 |
| 59 | ov_059 | 9.42931330669965 × 10^291 |
| 60 | ov_060 | 3.906520512128748 × 10^291 |
| 61 | ov_061 | 1.364232612772244 × 10^291 |
| 62 | ov_062 | 3.741491506661944 × 10^290 |
| 63 | ov_063 | 7.290738400302219 × 10^289 |
| 64 | lv_79_m31 | 1.4203931996296966 × 10^289 |
| 65 | ov_065 | 1.704097094499344 × 10^290 |
| 66 | ov_066 | 1.7040918934945553 × 10^290 |
| 67 | ov_067 | 1.7040906206315305 × 10^290 |
| 68 | ov_068 | 1.4756655364482079 × 10^290 |
| 69 | ov_069 | 1.2716731899541618 × 10^290 |
| 70 | ov_070 | 1.0901432856204114 × 10^290 |
| 71 | ov_071 | 9.292267259269613 × 10^289 |
| 72 | ov_072 | 7.871874057954286 × 10^289 |
| 73 | ov_073 | 6.623947332086213 × 10^289 |
| 74 | ov_074 | 5.533168374125499 × 10^289 |
| 75 | ov_075 | 4.58514427605681 × 10^289 |
| 76 | ov_076 | 3.766352662635362 × 10^289 |
| 77 | ov_077 | 3.064092222574834 × 10^289 |
| 78 | ov_078 | 2.466438697386707 × 10^289 |
| 79 | ov_079 | 1.9622059940060722 × 10^289 |
| 80 | ov_080 | 1.5409120923300862 × 10^289 |
| 81 | ov_081 | 1.1927494225998876 × 10^289 |
| 82 | ov_082 | 9.085593903989541 × 10^288 |
| 83 | ov_083 | 6.798107291131052 × 10^288 |
| 84 | ov_084 | 4.985813611578775 × 10^288 |
| 85 | ov_085 | 3.5754345026487695 × 10^288 |
| 86 | ov_086 | 2.499513277568718 × 10^288 |
| 87 | ov_087 | 1.6963197614200143 × 10^288 |
| 88 | ov_088 | 1.1097775360177007 × 10^288 |
| 89 | ov_089 | 6.894104308904815 × 10^287 |
| 90 | ov_090 | 4.113748381619359 × 10^287 |
| 91 | ov_091 | 2.3629573008735045 × 10^287 |
| 92 | ov_092 | 1.3032168350628838 × 10^287 |
| 93 | ov_093 | 6.511697254435526 × 10^286 |
| 94 | ov_094 | 2.7892006629432522 × 10^286 |
| 95 | aaa_78_28 | 8.612673608462056 × 10^285 |
| 96 | aaa_78_29 | 2.6449418124101133 × 10^285 |
| 97 | ov_097 | 1.746292865688686 × 10^285 |
| 98 | ov_098 | 1.7462401907284402 × 10^285 |
| 99 | ov_099 | 1.746223331651559 × 10^285 |
| 100 | ov_100 | 1.5712171270212608 × 10^285 |
| 101 | ov_101 | 1.4091644771000378 × 10^285 |
| 102 | ov_102 | 1.2593492959215206 × 10^285 |
| 103 | ov_103 | 1.121107725230825 × 10^285 |
| 104 | ov_104 | 9.938214225541597 × 10^284 |
| 105 | ov_105 | 8.769114589448369 × 10^284 |
| 106 | ov_106 | 7.69832794456104 × 10^284 |
| 107 | ov_107 | 6.720693006012775 × 10^284 |
| 108 | ov_108 | 5.831293000479724 × 10^284 |
| 109 | ov_109 | 5.025415945853935 × 10^284 |
| 110 | ov_110 | 4.298519530278225 × 10^284 |
| 111 | ov_111 | 3.646200311986766 × 10^284 |
| 112 | ov_112 | 3.0641669650105577 × 10^284 |
| 113 | ov_113 | 2.5482172984392747 × 10^284 |
| 114 | ov_114 | 2.0942187787751824 × 10^284 |
| 115 | ov_115 | 1.698092286147851 × 10^284 |
| 116 | ov_116 | 1.3557988359384877 × 10^284 |
| 117 | ov_117 | 1.0633289978282224 × 10^284 |
| 118 | ov_118 | 8.16694491008748 × 10^283 |
| 119 | ov_119 | 6.119214344406792 × 10^283 |
| 120 | ov_120 | 4.450452382082101 × 10^283 |
| 121 | ov_121 | 3.1210712206438287 × 10^283 |
| 122 | ov_122 | 2.0915187391575453 × 10^283 |
| 123 | ov_123 | 1.3222637460286442 × 10^283 |
| 124 | ov_124 | 7.737860201747814 × 10^282 |
| 125 | ov_125 | 4.0657013590520266 × 10^282 |
| 126 | ov_126 | 1.8110230988294033 × 10^282 |
| 127 | aaa_77_28 | 5.786918947118283 × 10^281 |
| 128 | aaa_77_29 | 2.171816476320917 × 10^281 |
| 129 | ov_129 | 2.017561116591432 × 10^281 |
| 130 | ov_130 | 2.0175552761679972 × 10^281 |
| 131 | ov_131 | 2.017553862657162 × 10^281 |
| 132 | ov_132 | 1.753304740261473 × 10^281 |
| 133 | ov_133 | 1.5160175587361176 × 10^281 |
| 134 | ov_134 | 1.3035860195830776 × 10^281 |
| 135 | ov_135 | 1.1140179547778901 × 10^281 |
| 136 | ov_136 | 9.454271859553624 × 10^280 |
| 137 | ov_137 | 7.968961752989597 × 10^280 |
| 138 | ov_138 | 6.667305701689633 × 10^280 |
| 139 | ov_139 | 5.533237393450952 × 10^280 |
| 140 | ov_140 | 4.551524132666963 × 10^280 |
| 141 | ov_141 | 3.7077304090487457 × 10^280 |
| 142 | ov_142 | 2.9881878170084384 × 10^280 |
| 143 | ov_143 | 2.3799705578648977 × 10^280 |
| 144 | ov_144 | 1.8708758042928956 × 10^280 |
| 145 | ov_145 | 1.4494082533062967 × 10^280 |
| 146 | ov_146 | 1.104768240670975 × 10^280 |
| 147 | ov_147 | 8.268428360787507 × 10^279 |
| 148 | ov_148 | 6.061993847437689 × 10^279 |
| 149 | ov_149 | 4.340810073485074 × 10^279 |
| 150 | ov_150 | 3.02403616492286 × 10^279 |
| 151 | ov_151 | 2.0375405399502824 × 10^279 |
| 152 | ov_152 | 1.313889995920101 × 10^279 |
| 153 | ov_153 | 7.923436091252162 × 10^278 |
| 154 | ov_154 | 4.4420344639849396 × 10^278 |
| 155 | ov_155 | 2.2210453746610573 × 10^278 |
| 156 | aaa_76_25 | 8.536792108409495 × 10^277 |
| 157 | aaa_76_26 | 4.932470023585861 × 10^277 |
| 158 | aaa_76_27 | 2.5264427052304454 × 10^277 |
| 159 | aaa_76_28 | 9.844591507999765 × 10^276 |
| 160 | aaa_76_29 | 2.9963699723084594 × 10^276 |

### Output Bits Sorted by Complexity

| Rank | Output Bit | Complexity |
|:----:|:----------:|:----------:|
| 160 | aaa_76_29 | 2.9963699723084594 × 10^276 |
| 159 | aaa_76_28 | 9.844591507999765 × 10^276 |
| 158 | aaa_76_27 | 2.5264427052304454 × 10^277 |
| 157 | aaa_76_26 | 4.932470023585861 × 10^277 |
| 156 | aaa_76_25 | 8.536792108409495 × 10^277 |
| 155 | ov_155 | 2.2210453746610573 × 10^278 |
| 154 | ov_154 | 4.4420344639849396 × 10^278 |
| 153 | ov_153 | 7.923436091252162 × 10^278 |
| 152 | ov_152 | 1.313889995920101 × 10^279 |
| 151 | ov_151 | 2.0375405399502824 × 10^279 |
| 150 | ov_150 | 3.02403616492286 × 10^279 |
| 149 | ov_149 | 4.340810073485074 × 10^279 |
| 148 | ov_148 | 6.061993847437689 × 10^279 |
| 147 | ov_147 | 8.268428360787507 × 10^279 |
| 146 | ov_146 | 1.104768240670975 × 10^280 |
| 145 | ov_145 | 1.4494082533062967 × 10^280 |
| 144 | ov_144 | 1.8708758042928956 × 10^280 |
| 143 | ov_143 | 2.3799705578648977 × 10^280 |
| 142 | ov_142 | 2.9881878170084384 × 10^280 |
| 141 | ov_141 | 3.7077304090487457 × 10^280 |
| 140 | ov_140 | 4.551524132666963 × 10^280 |
| 139 | ov_139 | 5.533237393450952 × 10^280 |
| 138 | ov_138 | 6.667305701689633 × 10^280 |
| 137 | ov_137 | 7.968961752989597 × 10^280 |
| 136 | ov_136 | 9.454271859553624 × 10^280 |
| 135 | ov_135 | 1.1140179547778901 × 10^281 |
| 134 | ov_134 | 1.3035860195830776 × 10^281 |
| 133 | ov_133 | 1.5160175587361176 × 10^281 |
| 132 | ov_132 | 1.753304740261473 × 10^281 |
| 131 | ov_131 | 2.017553862657162 × 10^281 |
| 130 | ov_130 | 2.0175552761679972 × 10^281 |
| 129 | ov_129 | 2.017561116591432 × 10^281 |
| 128 | aaa_77_29 | 2.171816476320917 × 10^281 |
| 127 | aaa_77_28 | 5.786918947118283 × 10^281 |
| 126 | ov_126 | 1.8110230988294033 × 10^282 |
| 125 | ov_125 | 4.0657013590520266 × 10^282 |
| 124 | ov_124 | 7.737860201747814 × 10^282 |
| 123 | ov_123 | 1.3222637460286442 × 10^283 |
| 122 | ov_122 | 2.0915187391575453 × 10^283 |
| 121 | ov_121 | 3.1210712206438287 × 10^283 |
| 120 | ov_120 | 4.450452382082101 × 10^283 |
| 119 | ov_119 | 6.119214344406792 × 10^283 |
| 118 | ov_118 | 8.16694491008748 × 10^283 |
| 117 | ov_117 | 1.0633289978282224 × 10^284 |
| 116 | ov_116 | 1.3557988359384877 × 10^284 |
| 115 | ov_115 | 1.698092286147851 × 10^284 |
| 114 | ov_114 | 2.0942187787751824 × 10^284 |
| 113 | ov_113 | 2.5482172984392747 × 10^284 |
| 112 | ov_112 | 3.0641669650105577 × 10^284 |
| 111 | ov_111 | 3.646200311986766 × 10^284 |
| 110 | ov_110 | 4.298519530278225 × 10^284 |
| 109 | ov_109 | 5.025415945853935 × 10^284 |
| 108 | ov_108 | 5.831293000479724 × 10^284 |
| 107 | ov_107 | 6.720693006012775 × 10^284 |
| 106 | ov_106 | 7.69832794456104 × 10^284 |
| 105 | ov_105 | 8.769114589448369 × 10^284 |
| 104 | ov_104 | 9.938214225541597 × 10^284 |
| 103 | ov_103 | 1.121107725230825 × 10^285 |
| 102 | ov_102 | 1.2593492959215206 × 10^285 |
| 101 | ov_101 | 1.4091644771000378 × 10^285 |
| 100 | ov_100 | 1.5712171270212608 × 10^285 |
| 99 | ov_099 | 1.746223331651559 × 10^285 |
| 98 | ov_098 | 1.7462401907284402 × 10^285 |
| 97 | ov_097 | 1.746292865688686 × 10^285 |
| 96 | aaa_78_29 | 2.6449418124101133 × 10^285 |
| 95 | aaa_78_28 | 8.612673608462056 × 10^285 |
| 94 | ov_094 | 2.7892006629432522 × 10^286 |
| 93 | ov_093 | 6.511697254435526 × 10^286 |
| 92 | ov_092 | 1.3032168350628838 × 10^287 |
| 91 | ov_091 | 2.3629573008735045 × 10^287 |
| 90 | ov_090 | 4.113748381619359 × 10^287 |
| 89 | ov_089 | 6.894104308904815 × 10^287 |
| 88 | ov_088 | 1.1097775360177007 × 10^288 |
| 87 | ov_087 | 1.6963197614200143 × 10^288 |
| 86 | ov_086 | 2.499513277568718 × 10^288 |
| 85 | ov_085 | 3.5754345026487695 × 10^288 |
| 84 | ov_084 | 4.985813611578775 × 10^288 |
| 83 | ov_083 | 6.798107291131052 × 10^288 |
| 82 | ov_082 | 9.085593903989541 × 10^288 |
| 81 | ov_081 | 1.1927494225998876 × 10^289 |
| 64 | lv_79_m31 | 1.4203931996296966 × 10^289 |
| 80 | ov_080 | 1.5409120923300862 × 10^289 |
| 79 | ov_079 | 1.9622059940060722 × 10^289 |
| 78 | ov_078 | 2.466438697386707 × 10^289 |
| 77 | ov_077 | 3.064092222574834 × 10^289 |
| 76 | ov_076 | 3.766352662635362 × 10^289 |
| 75 | ov_075 | 4.58514427605681 × 10^289 |
| 74 | ov_074 | 5.533168374125499 × 10^289 |
| 73 | ov_073 | 6.623947332086213 × 10^289 |
| 63 | ov_063 | 7.290738400302219 × 10^289 |
| 72 | ov_072 | 7.871874057954286 × 10^289 |
| 71 | ov_071 | 9.292267259269613 × 10^289 |
| 70 | ov_070 | 1.0901432856204114 × 10^290 |
| 69 | ov_069 | 1.2716731899541618 × 10^290 |
| 68 | ov_068 | 1.4756655364482079 × 10^290 |
| 67 | ov_067 | 1.7040906206315305 × 10^290 |
| 66 | ov_066 | 1.7040918934945553 × 10^290 |
| 65 | ov_065 | 1.704097094499344 × 10^290 |
| 62 | ov_062 | 3.741491506661944 × 10^290 |
| 61 | ov_061 | 1.364232612772244 × 10^291 |
| 60 | ov_060 | 3.906520512128748 × 10^291 |
| 59 | ov_059 | 9.42931330669965 × 10^291 |
| 58 | ov_058 | 1.9142871093180983 × 10^292 |
| 57 | ov_057 | 3.45958121384448 × 10^292 |
| 56 | ov_056 | 5.767512732453263 × 10^292 |
| 55 | ov_055 | 9.249321021148642 × 10^292 |
| 54 | ov_054 | 1.416139597111514 × 10^293 |
| 53 | ov_053 | 2.105038288686134 × 10^293 |
| 52 | ov_052 | 3.0530685484733476 × 10^293 |
| 51 | ov_051 | 4.3284538491896495 × 10^293 |
| 50 | ov_050 | 6.006212630444798 × 10^293 |
| 49 | ov_049 | 8.168177157758935 × 10^293 |
| 48 | ov_048 | 1.0903022093404138 × 10^294 |
| 47 | ov_047 | 1.4306305518937445 × 10^294 |
| 32 | lv_80_m31 | 1.6646886389539397 × 10^294 |
| 46 | ov_046 | 1.8480525593565383 × 10^294 |
| 45 | ov_045 | 2.353519690068796 × 10^294 |
| 44 | ov_044 | 2.958695119618143 × 10^294 |
| 43 | ov_043 | 3.67596677276068 × 10^294 |
| 42 | ov_042 | 4.5184638755939155 × 10^294 |
| 41 | ov_041 | 5.5000776382520346 × 10^294 |
| 40 | ov_040 | 6.628347762206248 × 10^294 |
| 39 | ov_039 | 7.918771337708099 × 10^294 |
| 31 | ov_031 | 8.537406920473071 × 10^294 |
| 38 | ov_038 | 9.387701104184595 × 10^294 |
| 37 | ov_037 | 1.1052389743265627 × 10^295 |
| 36 | ov_036 | 1.2931042107424177 × 10^295 |
| 35 | ov_035 | 1.50428763093776 × 10^295 |
| 34 | ov_034 | 1.7408194658106647 × 10^295 |
| 33 | ov_033 | 2.0048465491379466 × 10^295 |
| 30 | ov_030 | 4.3776071344356164 × 10^295 |
| 29 | ov_029 | 1.432106878388271 × 10^296 |
| 28 | ov_028 | 3.7169881180926454 × 10^296 |
| 27 | ov_027 | 8.307714224451994 × 10^296 |
| 26 | ov_026 | 1.7628042600129758 × 10^297 |
| 25 | ov_025 | 3.488801061679747 × 10^297 |
| 24 | ov_024 | 6.408395646362434 × 10^297 |
| 23 | ov_023 | 1.0999858390881267 × 10^298 |
| 22 | ov_022 | 1.7820112652994207 × 10^298 |
| 21 | ov_021 | 2.750476967313727 × 10^298 |
| 20 | ov_020 | 4.076819228280734 × 10^298 |
| 19 | ov_019 | 5.840359901183232 × 10^298 |
| 18 | ov_018 | 8.128322422441505 × 10^298 |
| 17 | ov_017 | 1.1035855639509265 × 10^299 |
| 16 | ov_016 | 1.4666068190744986 × 10^299 |
| 15 | ov_015 | 1.9130076872363578 × 10^299 |
| 14 | ov_014 | 2.4547073414301155 × 10^299 |
| 13 | ov_013 | 3.1044414851803673 × 10^299 |
| 12 | ov_012 | 3.875774322279417 × 10^299 |
| 11 | ov_011 | 4.78311408655968 × 10^299 |
| 10 | ov_010 | 5.841732813807208 × 10^299 |
| 9 | ov_009 | 7.067791092853655 × 10^299 |
| 8 | ov_008 | 8.478368588213919 × 10^299 |
| 7 | ov_007 | 1.0091501182507359 × 10^300 |
| 6 | ov_006 | 1.1926225643489528 × 10^300 |
| 5 | ov_005 | 1.4002632778045464 × 10^300 |
| 4 | ov_004 | 1.634193009421478 × 10^300 |
| 3 | ov_003 | 1.8966514981150615 × 10^300 |
| 2 | ov_002 | 2.1900059336216386 × 10^300 |
| 1 | ov_001 | 2.5167606632777977 × 10^300 |

