# Results for F001-F002-F003-F004-F005-F006-F007-F008-F009-F010-F011-F012-F013-F014-F015-F016-F017-F018-F019-F020-F021-F022-F023-F024-F025-F026-F027-F028-F029-F030-F031-F032-F033-F034-F035-F036-F037-F038-F039-F040-F041-F042-F043-F044-F045-F046-F047-F048-F049-F050-F051-F052-F053-F054-F055-F056-F057-F058-F059-F060-F061-F062-F063-F064-F065-F066-F067-F068-F069-F070-F071-F072-F073-F074-F075-F076-F077-F078-F079-F080-F081-F082-F083-F084-F085-F086-F087-F088-F089-F090-F091-F092-F093-F094-F095-F096-F097-F098-F099-F100-F101-F102-F103-F104-F105-F106-F107-F108-F109-F110-F111-F112-F113-F114-F115-F116-F117-F118-F119-F120-F121-F122-F123-F124-F125-F126-F127-F128-F129-F130-F131-F132-F133-F134-F135-F136-F137-F138-F139-F140-F141-F142-F143-F144-F145-F146-F147-F148-F149-F150-F151-F152-F153-F154-F155-F156-F157-F158-F159-F160-F161-F162-F163-F164-F165-F166-F167-F168-F169-F170-F171-F172-F173-F174-F175-F176-F177-F178-F179-F180-F181-F182-F183-F184-F185-F186-F187-F188-F189-F190-F191-F192-F193-F194-F195-F196-F197-F198-F199-F200-F201-F202-F203-F204-F205-F206-F207-F208-F209-F210-F211-F212-F213-F214-F215-F216-F217-F218-F219-F220-F221-F222-F223-F224-F225-F226-F227-F228-F229-F230-F231-F232-F233-F234-F235-F236-F237-F238-F239-F240-F241-F242-F243-F244-F245-F246-F247-F248-F249-F250-F251-F252-F253-F254-F255-F256-F257-F258-F259-F260-F261-F262-F263-F264-F265-F266-F267-F268-F269-F270-F271-F272-F273-F274-F275-F276-F277-F278-F279-F280-F281-F282-F283-F284-F285-F286-F287-F288-F289-F290-F291-F292-F293-F294-F295-F296-F297-F298-F299-F300-F301-F302-F303-F304-F305-F306-F307-F308-F309-F310-F311-F312-F313-F314-F315-F316-F317-F318-F319-F320-F321-F322-F323-F324-F325-F326-F327-F328-F329-F330-F331-F332-F333-F334-F335-F336-F337-F338-F339-F340-F341-F342-F343-F344-F345-F346-F347-F348-F349-F350-F351-F352-F353-F354-F355-F356-F357-F358-F359-F360-F361-F362-F363-F364-F365-F366-F367-F368-F369-F370-F371-F372-F373-F374-F375-F376-F377-F378-F379-F380-F381-F382-F383-F384-F385-F386-F387-F388-F389-F390-F391-F392-F393-F394-F395-F396-F397-F398-F399-F400-F401-F402-F403-F404-F405-F406-F407-F408-F409-F410-F411-F412-F413-F414-F415-F416-F417-F418-F419-F420-F421-F422-F423-F424-F425-F426-F427-F428-F429-F430-F431-F432-F433-F434-F435-F436-F437-F438-F439-F440-F441-F442-F443-F444-F445-F446-F447-F448-F449-F450-F451-F452-F453-F454-F455-F456-F457-F458-F459-F460-F461-F462-F463-F464-F465-F466-F467-F468-F469-F470-F471-F472-F473-F474-F475-F476-F477-F478-F479-F480-F481-F482-F483-F484-F485-F486-F487-F488-F489-F490-F491-F492-F493-F494-F495-F496-O499505-F509-F510-F512

## Summary

Number of input bits: 512  
Number of free input bits: 12  
Number of output bits: 160

Number of direct occurrences: 49218  
Number of assignments: 31619  
Number of operations: 11242581
(xor: 11214189,
and: 14951,
or: 13441)

Total complexity: 2.1881008767228883 × 10^301

Least occurring input variable: iv_502 (3866)  
Most occurring input variable: iv_511 (4322)

Most co-occurring input variables: iv_500-iv_511 (2089)  
Least co-occurring input variables: iv_498-iv_502 (1749)

Potentially most occurring input variable: iv_499/iv_511 (4572)  
Potentially least occurring input variable: iv_499/iv_504 (4155)

Least output occurring input variable: iv_504 (71)  
Most output occurring input variable: iv_497 (93)

Most output co-occurring input variables: iv_497-iv_506 (53)  
Least output co-occurring input variables: iv_500-iv_506 (32)

Potentially most output occurring input variable: iv_500/iv_506 (93)  
Potentially least output occurring input variable: iv_499/iv_508 (64)

Least complex input bit: iv_511 (3.15627561467222 × 10^297)  
Most complex input bit: iv_499 (4.874136233124712 × 10^300)

Least complex output bit: aaa_76_29 (1.5683015328158673 × 10^276)  
Most complex output bit: ov_001 (3.420750488890755 × 10^300)

Least complex input/output complexity: iv_511/aaa_76_29 (2.262232028302725 × 10^272)  
Most complex input/output complexity: iv_499/ov_001 (7.619942974179925 × 10^299)

## Input Bits

### Input Bits in Regular Order

| Input Bit | Complexity | Occurrences | Output Occurrences |
|:---------:|:----------:|:-----------:|:------------------:|
| iv_497 | 7.672924386532264 × 10^298 | 4150 | 93 |
| iv_498 | 1.536245054542326 × 10^299 | 3946 | 84 |
| iv_499 | 4.874136233124712 × 10^300 | 4266 | 78 |
| iv_500 | 4.579487487230271 × 10^299 | 4142 | 76 |
| iv_501 | 7.566091536905809 × 10^299 | 4107 | 83 |
| iv_502 | 1.2226991722805925 × 10^300 | 3866 | 75 |
| iv_503 | 1.9391338054511086 × 10^300 | 4072 | 79 |
| iv_504 | 3.014693700151667 × 10^300 | 3953 | 71 |
| iv_506 | 2.3046624231907926 × 10^300 | 4001 | 81 |
| iv_507 | 3.2783590598989826 × 10^300 | 4202 | 76 |
| iv_508 | 3.79925644578319 × 10^300 | 4191 | 80 |
| iv_511 | 3.15627561467222 × 10^297 | 4322 | 78 |

### Input Bits Sorted by Complexity

| Input Bit | Complexity | Occurrences | Output Occurrences |
|:---------:|:----------:|:-----------:|:------------------:|
| iv_511 | 3.15627561467222 × 10^297 | 4322 | 78 |
| iv_497 | 7.672924386532264 × 10^298 | 4150 | 93 |
| iv_498 | 1.536245054542326 × 10^299 | 3946 | 84 |
| iv_500 | 4.579487487230271 × 10^299 | 4142 | 76 |
| iv_501 | 7.566091536905809 × 10^299 | 4107 | 83 |
| iv_502 | 1.2226991722805925 × 10^300 | 3866 | 75 |
| iv_503 | 1.9391338054511086 × 10^300 | 4072 | 79 |
| iv_506 | 2.3046624231907926 × 10^300 | 4001 | 81 |
| iv_504 | 3.014693700151667 × 10^300 | 3953 | 71 |
| iv_507 | 3.2783590598989826 × 10^300 | 4202 | 76 |
| iv_508 | 3.79925644578319 × 10^300 | 4191 | 80 |
| iv_499 | 4.874136233124712 × 10^300 | 4266 | 78 |

### Input Bits Sorted by Occurrences

| Input Bit | Complexity | Occurrences | Output Occurrences |
|:---------:|:----------:|:-----------:|:------------------:|
| iv_502 | 1.2226991722805925 × 10^300 | 3866 | 75 |
| iv_498 | 1.536245054542326 × 10^299 | 3946 | 84 |
| iv_504 | 3.014693700151667 × 10^300 | 3953 | 71 |
| iv_506 | 2.3046624231907926 × 10^300 | 4001 | 81 |
| iv_503 | 1.9391338054511086 × 10^300 | 4072 | 79 |
| iv_501 | 7.566091536905809 × 10^299 | 4107 | 83 |
| iv_500 | 4.579487487230271 × 10^299 | 4142 | 76 |
| iv_497 | 7.672924386532264 × 10^298 | 4150 | 93 |
| iv_508 | 3.79925644578319 × 10^300 | 4191 | 80 |
| iv_507 | 3.2783590598989826 × 10^300 | 4202 | 76 |
| iv_499 | 4.874136233124712 × 10^300 | 4266 | 78 |
| iv_511 | 3.15627561467222 × 10^297 | 4322 | 78 |

### Input Bits Sorted by Output Occurrences

| Input Bit | Complexity | Occurrences | Output Occurrences |
|:---------:|:----------:|:-----------:|:------------------:|
| iv_504 | 3.014693700151667 × 10^300 | 3953 | 71 |
| iv_502 | 1.2226991722805925 × 10^300 | 3866 | 75 |
| iv_500 | 4.579487487230271 × 10^299 | 4142 | 76 |
| iv_507 | 3.2783590598989826 × 10^300 | 4202 | 76 |
| iv_499 | 4.874136233124712 × 10^300 | 4266 | 78 |
| iv_511 | 3.15627561467222 × 10^297 | 4322 | 78 |
| iv_503 | 1.9391338054511086 × 10^300 | 4072 | 79 |
| iv_508 | 3.79925644578319 × 10^300 | 4191 | 80 |
| iv_506 | 2.3046624231907926 × 10^300 | 4001 | 81 |
| iv_501 | 7.566091536905809 × 10^299 | 4107 | 83 |
| iv_498 | 1.536245054542326 × 10^299 | 3946 | 84 |
| iv_497 | 7.672924386532264 × 10^298 | 4150 | 93 |

## Input Bit Co-occurrences

### Input Bit Co-occurrences Sorted by Co-occurrences

| Input Bits | Co-occurrences | Potential Occurrences | Output Co-occurrences | Potential Output Occurrences |
|:----------:|:--------------:|:---------------------:|:---------------------:|:----------------------------:|
| iv_500-iv_511 | 2089 | 4286 | 37 | 80 |
| iv_497-iv_507 | 2054 | 4244 | 46 | 77 |
| iv_499-iv_500 | 2048 | 4312 | 42 | 70 |
| iv_501-iv_511 | 2042 | 4345 | 39 | 83 |
| iv_499-iv_507 | 2042 | 4384 | 35 | 84 |
| iv_499-iv_504 | 2032 | 4155 | 34 | 81 |
| iv_508-iv_511 | 2032 | 4449 | 47 | 64 |
| iv_503-iv_511 | 2029 | 4336 | 38 | 81 |
| iv_499-iv_508 | 2024 | 4409 | 47 | 64 |
| iv_507-iv_511 | 2020 | 4484 | 39 | 76 |
| iv_497-iv_501 | 2015 | 4227 | 50 | 76 |
| iv_497-iv_511 | 2012 | 4448 | 46 | 79 |

### Input Bit Co-occurrences Sorted by Potential Occurrences

| Input Bits | Co-occurrences | Potential Occurrences | Output Co-occurrences | Potential Output Occurrences |
|:----------:|:--------------:|:---------------------:|:---------------------:|:----------------------------:|
| iv_499-iv_504 | 2032 | 4155 | 34 | 81 |
| iv_504-iv_506 | 1888 | 4178 | 38 | 76 |
| iv_506-iv_507 | 2006 | 4191 | 39 | 79 |
| iv_497-iv_504 | 1947 | 4209 | 47 | 70 |
| iv_500-iv_503 | 1996 | 4222 | 40 | 75 |
| iv_497-iv_501 | 2015 | 4227 | 50 | 76 |
| iv_498-iv_504 | 1836 | 4227 | 37 | 81 |
| iv_500-iv_502 | 1889 | 4230 | 35 | 81 |
| iv_502-iv_504 | 1794 | 4231 | 34 | 78 |
| iv_498-iv_506 | 1858 | 4231 | 39 | 87 |
| iv_497-iv_506 | 1958 | 4235 | 53 | 68 |
| iv_502-iv_506 | 1815 | 4237 | 40 | 76 |

### Input Bit Output Co-occurrences Sorted by Output Co-occurrences

| Input Bits | Co-occurrences | Potential Occurrences | Output Co-occurrences | Potential Output Occurrences |
|:----------:|:--------------:|:---------------------:|:---------------------:|:----------------------------:|
| iv_497-iv_506 | 1958 | 4235 | 53 | 68 |
| iv_497-iv_501 | 2015 | 4227 | 50 | 76 |
| iv_497-iv_498 | 1891 | 4314 | 48 | 81 |
| iv_499-iv_508 | 2024 | 4409 | 47 | 64 |
| iv_508-iv_511 | 2032 | 4449 | 47 | 64 |
| iv_497-iv_504 | 1947 | 4209 | 47 | 70 |
| iv_498-iv_501 | 1876 | 4301 | 46 | 75 |
| iv_497-iv_507 | 2054 | 4244 | 46 | 77 |
| iv_497-iv_511 | 2012 | 4448 | 46 | 79 |
| iv_497-iv_503 | 1944 | 4334 | 45 | 82 |
| iv_497-iv_508 | 1948 | 4445 | 45 | 83 |
| iv_498-iv_503 | 1837 | 4344 | 44 | 75 |

### Input Bit Output Co-occurrences Sorted by Potential Output Occurrences

| Input Bits | Co-occurrences | Potential Occurrences | Output Co-occurrences | Potential Output Occurrences |
|:----------:|:--------------:|:---------------------:|:---------------------:|:----------------------------:|
| iv_499-iv_508 | 2024 | 4409 | 47 | 64 |
| iv_508-iv_511 | 2032 | 4449 | 47 | 64 |
| iv_497-iv_506 | 1958 | 4235 | 53 | 68 |
| iv_499-iv_500 | 2048 | 4312 | 42 | 70 |
| iv_497-iv_504 | 1947 | 4209 | 47 | 70 |
| iv_500-iv_504 | 1924 | 4247 | 37 | 73 |
| iv_498-iv_501 | 1876 | 4301 | 46 | 75 |
| iv_498-iv_503 | 1837 | 4344 | 44 | 75 |
| iv_500-iv_503 | 1996 | 4222 | 40 | 75 |
| iv_502-iv_507 | 1904 | 4260 | 38 | 75 |
| iv_507-iv_511 | 2020 | 4484 | 39 | 76 |
| iv_497-iv_501 | 2015 | 4227 | 50 | 76 |

## Output Bits

### Output Bits in Regular Order

| Rank | Output Bit | Complexity |
|:----:|:----------:|:----------:|
| 1 | ov_001 | 3.420750488890755 × 10^300 |
| 2 | ov_002 | 2.97664112277174 × 10^300 |
| 3 | ov_003 | 2.5779236608822036 × 10^300 |
| 4 | ov_004 | 2.2211953199541036 × 10^300 |
| 5 | ov_005 | 1.9032397889242114 × 10^300 |
| 6 | ov_006 | 1.6210139504152844 × 10^300 |
| 7 | ov_007 | 1.371636292593878 × 10^300 |
| 8 | ov_008 | 1.1523769027733747 × 10^300 |
| 9 | ov_009 | 9.606489218869444 × 10^299 |
| 10 | ov_010 | 7.940013168476644 × 10^299 |
| 11 | ov_011 | 6.501128262212928 × 10^299 |
| 12 | ov_012 | 5.267869429392179 × 10^299 |
| 13 | ov_013 | 4.219478059125472 × 10^299 |
| 14 | ov_014 | 3.3363688041053603 × 10^299 |
| 15 | ov_015 | 2.6001031496886332 × 10^299 |
| 16 | ov_016 | 1.9933687042112933 × 10^299 |
| 17 | ov_017 | 1.499963244207319 × 10^299 |
| 18 | ov_018 | 1.104782625558232 × 10^299 |
| 19 | ov_019 | 7.938117486946676 × 10^298 |
| 20 | ov_020 | 5.541178792293991 × 10^298 |
| 21 | ov_021 | 3.7384580642881325 × 10^298 |
| 22 | ov_022 | 2.422144617640854 × 10^298 |
| 23 | ov_023 | 1.4951464578366043 × 10^298 |
| 24 | ov_024 | 8.710754990019271 × 10^297 |
| 25 | ov_025 | 4.742385152555583 × 10^297 |
| 26 | ov_026 | 2.3963218177603975 × 10^297 |
| 27 | ov_027 | 1.1294074039326171 × 10^297 |
| 28 | ov_028 | 5.053507863267756 × 10^296 |
| 29 | ov_029 | 1.947243311061761 × 10^296 |
| 30 | ov_030 | 5.952993998270136 × 10^295 |
| 31 | ov_031 | 1.1611834439952325 × 10^295 |
| 32 | lv_80_m31 | 2.264624531688664 × 10^294 |
| 33 | ov_033 | 2.7267676138460874 × 10^295 |
| 34 | ov_034 | 2.3678682884893214 × 10^295 |
| 35 | ov_035 | 2.046475852971913 × 10^295 |
| 36 | ov_036 | 1.7595501561815893 × 10^295 |
| 37 | ov_037 | 1.5042165249124197 × 10^295 |
| 38 | ov_038 | 1.2777540717300537 × 10^295 |
| 39 | ov_039 | 1.0775855523135876 × 10^295 |
| 40 | ov_040 | 9.01268627554801 × 10^294 |
| 41 | ov_041 | 7.464883932671929 × 10^294 |
| 42 | ov_042 | 6.12118397358169 × 10^294 |
| 43 | ov_043 | 4.970912902224624 × 10^294 |
| 44 | ov_044 | 3.9944042382131625 × 10^294 |
| 45 | ov_045 | 3.173068927508908 × 10^294 |
| 46 | ov_046 | 2.489365986150387 × 10^294 |
| 47 | ov_047 | 1.926779096686982 × 10^294 |
| 48 | ov_048 | 1.4697982774211025 × 10^294 |
| 49 | ov_049 | 1.1039058113192583 × 10^294 |
| 50 | ov_050 | 8.155656877466563 × 10^293 |
| 51 | ov_051 | 5.922158761151018 × 10^293 |
| 52 | ov_052 | 4.222628161985312 × 10^293 |
| 53 | ov_053 | 2.9507760153737664 × 10^293 |
| 54 | ov_054 | 2.0099345008359167 × 10^293 |
| 55 | ov_055 | 1.3130412148647248 × 10^293 |
| 56 | ov_056 | 8.189648187733928 × 10^292 |
| 57 | ov_057 | 4.913701657869118 × 10^292 |
| 58 | ov_058 | 2.719684815876425 × 10^292 |
| 59 | ov_059 | 1.340119530319655 × 10^292 |
| 60 | ov_060 | 5.554544676649966 × 10^291 |
| 61 | ov_061 | 1.9406341301974757 × 10^291 |
| 62 | ov_062 | 5.324631875791954 × 10^290 |
| 63 | ov_063 | 1.03802992947615 × 10^290 |
| 64 | lv_79_m31 | 2.0231748332583142 × 10^289 |
| 65 | ov_065 | 2.420217119613853 × 10^290 |
| 66 | ov_066 | 2.4202113688766613 × 10^290 |
| 67 | ov_067 | 2.4202100179541873 × 10^290 |
| 68 | ov_068 | 2.0980505500220025 × 10^290 |
| 69 | ov_069 | 1.809485635902532 × 10^290 |
| 70 | ov_070 | 1.5520141327175098 × 10^290 |
| 71 | ov_071 | 1.3232540531461817 × 10^290 |
| 72 | ov_072 | 1.1209365697317738 × 10^290 |
| 73 | ov_073 | 9.429012840913593 × 10^289 |
| 74 | ov_074 | 7.870923766310247 × 10^289 |
| 75 | ov_075 | 6.515553122654518 × 10^289 |
| 76 | ov_076 | 5.344339134706481 × 10^289 |
| 77 | ov_077 | 4.3396774041096093 × 10^289 |
| 78 | ov_078 | 3.484897601337116 × 10^289 |
| 79 | ov_079 | 2.7642428716059174 × 10^289 |
| 80 | ov_080 | 2.1628517806498342 × 10^289 |
| 81 | ov_081 | 1.6667426282157924 × 10^289 |
| 82 | ov_082 | 1.2627999586099816 × 10^289 |
| 83 | ov_083 | 9.387630986814092 × 10^288 |
| 84 | ov_084 | 6.832165543788207 × 10^288 |
| 85 | ov_085 | 4.855820975269967 × 10^288 |
| 86 | ov_086 | 3.3611237480179526 × 10^288 |
| 87 | ov_087 | 2.2588587109324757 × 10^288 |
| 88 | ov_088 | 1.468030595740299 × 10^288 |
| 89 | ov_089 | 9.158357086478826 × 10^287 |
| 90 | ov_090 | 5.376421372720653 × 10^287 |
| 91 | ov_091 | 3.0317487648376293 × 10^287 |
| 92 | ov_092 | 1.6411189527007389 × 10^287 |
| 93 | ov_093 | 8.027804107026532 × 10^286 |
| 94 | ov_094 | 3.362211319876908 × 10^286 |
| 95 | aaa_78_28 | 1.0165100016287848 × 10^286 |
| 96 | aaa_78_29 | 3.0203122293737827 × 10^285 |
| 97 | ov_097 | 1.6991584998688246 × 10^285 |
| 98 | ov_098 | 1.6991307757541296 × 10^285 |
| 99 | ov_099 | 1.6991219166457708 × 10^285 |
| 100 | ov_100 | 1.387033495476954 × 10^285 |
| 101 | ov_101 | 1.1291025353244742 × 10^285 |
| 102 | ov_102 | 9.18476114039394 × 10^284 |
| 103 | ov_103 | 7.486791374994715 × 10^284 |
| 104 | ov_104 | 6.13586889993456 × 10^284 |
| 105 | ov_105 | 5.074011107866312 × 10^284 |
| 106 | ov_106 | 4.24629277535323 × 10^284 |
| 107 | ov_107 | 3.600667938652013 × 10^284 |
| 108 | ov_108 | 3.087817944572585 × 10^284 |
| 109 | ov_109 | 2.6610229651321734 × 10^284 |
| 110 | ov_110 | 2.2760544159986797 × 10^284 |
| 111 | ov_111 | 1.930583006946466 × 10^284 |
| 112 | ov_112 | 1.6223382078572376 × 10^284 |
| 113 | ov_113 | 1.34909612447345 × 10^284 |
| 114 | ov_114 | 1.1086692117988129 × 10^284 |
| 115 | ov_115 | 8.988976839376783 × 10^283 |
| 116 | ov_116 | 7.176424795399276 × 10^283 |
| 117 | ov_117 | 5.627796422470072 × 10^283 |
| 118 | ov_118 | 4.321959756702137 × 10^283 |
| 119 | ov_119 | 3.2378571705885286 × 10^283 |
| 120 | ov_120 | 2.3544797385956353 × 10^283 |
| 121 | ov_121 | 1.65084898294809 × 10^283 |
| 122 | ov_122 | 1.1060051226481591 × 10^283 |
| 123 | ov_123 | 6.989993413295468 × 10^282 |
| 124 | ov_124 | 4.088885686875853 × 10^282 |
| 125 | ov_125 | 2.147322454955969 × 10^282 |
| 126 | ov_126 | 9.559067229397011 × 10^281 |
| 127 | aaa_77_28 | 3.0524375028168753 × 10^281 |
| 128 | aaa_77_29 | 1.1443549629547297 × 10^281 |
| 129 | ov_129 | 1.0640470949030717 × 10^281 |
| 130 | ov_130 | 1.0640440389974124 × 10^281 |
| 131 | ov_131 | 1.064043299703538 × 10^281 |
| 132 | ov_132 | 9.234358022186581 × 10^280 |
| 133 | ov_133 | 7.974258526484128 × 10^280 |
| 134 | ov_134 | 6.849122901498472 × 10^280 |
| 135 | ov_135 | 5.848533103939032 × 10^280 |
| 136 | ov_136 | 4.96262226799512 × 10^280 |
| 137 | ov_137 | 4.182038089578647 × 10^280 |
| 138 | ov_138 | 3.497911439074798 × 10^280 |
| 139 | ov_139 | 2.9018296871480697 × 10^280 |
| 140 | ov_140 | 2.3858142552377067 × 10^280 |
| 141 | ov_141 | 1.9423019287931377 × 10^280 |
| 142 | ov_142 | 1.5641294972031668 × 10^280 |
| 143 | ov_143 | 1.244521309892658 × 10^280 |
| 144 | ov_144 | 9.770793633033014 × 10^279 |
| 145 | ov_145 | 7.557755585243489 × 10^279 |
| 146 | ov_146 | 5.749457942581235 × 10^279 |
| 147 | ov_147 | 4.2928558463890007 × 10^279 |
| 148 | ov_148 | 3.138469162031094 × 10^279 |
| 149 | ov_149 | 2.240360830537956 × 10^279 |
| 150 | ov_150 | 1.5561226398538316 × 10^279 |
| 151 | ov_151 | 1.0468663004380139 × 10^279 |
| 152 | ov_152 | 6.772180428660954 × 10^278 |
| 153 | ov_153 | 4.153154442820333 × 10^278 |
| 154 | ov_154 | 2.328056334323157 × 10^278 |
| 155 | ov_155 | 1.1638939890097347 × 10^278 |
| 156 | aaa_76_25 | 4.473041257260713 × 10^277 |
| 157 | aaa_76_26 | 2.583927161842616 × 10^277 |
| 158 | aaa_76_27 | 1.3231819418502013 × 10^277 |
| 159 | aaa_76_28 | 5.154320858041066 × 10^276 |
| 160 | aaa_76_29 | 1.5683015328158673 × 10^276 |

### Output Bits Sorted by Complexity

| Rank | Output Bit | Complexity |
|:----:|:----------:|:----------:|
| 160 | aaa_76_29 | 1.5683015328158673 × 10^276 |
| 159 | aaa_76_28 | 5.154320858041066 × 10^276 |
| 158 | aaa_76_27 | 1.3231819418502013 × 10^277 |
| 157 | aaa_76_26 | 2.583927161842616 × 10^277 |
| 156 | aaa_76_25 | 4.473041257260713 × 10^277 |
| 155 | ov_155 | 1.1638939890097347 × 10^278 |
| 154 | ov_154 | 2.328056334323157 × 10^278 |
| 153 | ov_153 | 4.153154442820333 × 10^278 |
| 152 | ov_152 | 6.772180428660954 × 10^278 |
| 151 | ov_151 | 1.0468663004380139 × 10^279 |
| 150 | ov_150 | 1.5561226398538316 × 10^279 |
| 149 | ov_149 | 2.240360830537956 × 10^279 |
| 148 | ov_148 | 3.138469162031094 × 10^279 |
| 147 | ov_147 | 4.2928558463890007 × 10^279 |
| 146 | ov_146 | 5.749457942581235 × 10^279 |
| 145 | ov_145 | 7.557755585243489 × 10^279 |
| 144 | ov_144 | 9.770793633033014 × 10^279 |
| 143 | ov_143 | 1.244521309892658 × 10^280 |
| 142 | ov_142 | 1.5641294972031668 × 10^280 |
| 141 | ov_141 | 1.9423019287931377 × 10^280 |
| 140 | ov_140 | 2.3858142552377067 × 10^280 |
| 139 | ov_139 | 2.9018296871480697 × 10^280 |
| 138 | ov_138 | 3.497911439074798 × 10^280 |
| 137 | ov_137 | 4.182038089578647 × 10^280 |
| 136 | ov_136 | 4.96262226799512 × 10^280 |
| 135 | ov_135 | 5.848533103939032 × 10^280 |
| 134 | ov_134 | 6.849122901498472 × 10^280 |
| 133 | ov_133 | 7.974258526484128 × 10^280 |
| 132 | ov_132 | 9.234358022186581 × 10^280 |
| 131 | ov_131 | 1.064043299703538 × 10^281 |
| 130 | ov_130 | 1.0640440389974124 × 10^281 |
| 129 | ov_129 | 1.0640470949030717 × 10^281 |
| 128 | aaa_77_29 | 1.1443549629547297 × 10^281 |
| 127 | aaa_77_28 | 3.0524375028168753 × 10^281 |
| 126 | ov_126 | 9.559067229397011 × 10^281 |
| 125 | ov_125 | 2.147322454955969 × 10^282 |
| 124 | ov_124 | 4.088885686875853 × 10^282 |
| 123 | ov_123 | 6.989993413295468 × 10^282 |
| 122 | ov_122 | 1.1060051226481591 × 10^283 |
| 121 | ov_121 | 1.65084898294809 × 10^283 |
| 120 | ov_120 | 2.3544797385956353 × 10^283 |
| 119 | ov_119 | 3.2378571705885286 × 10^283 |
| 118 | ov_118 | 4.321959756702137 × 10^283 |
| 117 | ov_117 | 5.627796422470072 × 10^283 |
| 116 | ov_116 | 7.176424795399276 × 10^283 |
| 115 | ov_115 | 8.988976839376783 × 10^283 |
| 114 | ov_114 | 1.1086692117988129 × 10^284 |
| 113 | ov_113 | 1.34909612447345 × 10^284 |
| 112 | ov_112 | 1.6223382078572376 × 10^284 |
| 111 | ov_111 | 1.930583006946466 × 10^284 |
| 110 | ov_110 | 2.2760544159986797 × 10^284 |
| 109 | ov_109 | 2.6610229651321734 × 10^284 |
| 108 | ov_108 | 3.087817944572585 × 10^284 |
| 107 | ov_107 | 3.600667938652013 × 10^284 |
| 106 | ov_106 | 4.24629277535323 × 10^284 |
| 105 | ov_105 | 5.074011107866312 × 10^284 |
| 104 | ov_104 | 6.13586889993456 × 10^284 |
| 103 | ov_103 | 7.486791374994715 × 10^284 |
| 102 | ov_102 | 9.18476114039394 × 10^284 |
| 101 | ov_101 | 1.1291025353244742 × 10^285 |
| 100 | ov_100 | 1.387033495476954 × 10^285 |
| 99 | ov_099 | 1.6991219166457708 × 10^285 |
| 98 | ov_098 | 1.6991307757541296 × 10^285 |
| 97 | ov_097 | 1.6991584998688246 × 10^285 |
| 96 | aaa_78_29 | 3.0203122293737827 × 10^285 |
| 95 | aaa_78_28 | 1.0165100016287848 × 10^286 |
| 94 | ov_094 | 3.362211319876908 × 10^286 |
| 93 | ov_093 | 8.027804107026532 × 10^286 |
| 92 | ov_092 | 1.6411189527007389 × 10^287 |
| 91 | ov_091 | 3.0317487648376293 × 10^287 |
| 90 | ov_090 | 5.376421372720653 × 10^287 |
| 89 | ov_089 | 9.158357086478826 × 10^287 |
| 88 | ov_088 | 1.468030595740299 × 10^288 |
| 87 | ov_087 | 2.2588587109324757 × 10^288 |
| 86 | ov_086 | 3.3611237480179526 × 10^288 |
| 85 | ov_085 | 4.855820975269967 × 10^288 |
| 84 | ov_084 | 6.832165543788207 × 10^288 |
| 83 | ov_083 | 9.387630986814092 × 10^288 |
| 82 | ov_082 | 1.2627999586099816 × 10^289 |
| 81 | ov_081 | 1.6667426282157924 × 10^289 |
| 64 | lv_79_m31 | 2.0231748332583142 × 10^289 |
| 80 | ov_080 | 2.1628517806498342 × 10^289 |
| 79 | ov_079 | 2.7642428716059174 × 10^289 |
| 78 | ov_078 | 3.484897601337116 × 10^289 |
| 77 | ov_077 | 4.3396774041096093 × 10^289 |
| 76 | ov_076 | 5.344339134706481 × 10^289 |
| 75 | ov_075 | 6.515553122654518 × 10^289 |
| 74 | ov_074 | 7.870923766310247 × 10^289 |
| 73 | ov_073 | 9.429012840913593 × 10^289 |
| 63 | ov_063 | 1.03802992947615 × 10^290 |
| 72 | ov_072 | 1.1209365697317738 × 10^290 |
| 71 | ov_071 | 1.3232540531461817 × 10^290 |
| 70 | ov_070 | 1.5520141327175098 × 10^290 |
| 69 | ov_069 | 1.809485635902532 × 10^290 |
| 68 | ov_068 | 2.0980505500220025 × 10^290 |
| 67 | ov_067 | 2.4202100179541873 × 10^290 |
| 66 | ov_066 | 2.4202113688766613 × 10^290 |
| 65 | ov_065 | 2.420217119613853 × 10^290 |
| 62 | ov_062 | 5.324631875791954 × 10^290 |
| 61 | ov_061 | 1.9406341301974757 × 10^291 |
| 60 | ov_060 | 5.554544676649966 × 10^291 |
| 59 | ov_059 | 1.340119530319655 × 10^292 |
| 58 | ov_058 | 2.719684815876425 × 10^292 |
| 57 | ov_057 | 4.913701657869118 × 10^292 |
| 56 | ov_056 | 8.189648187733928 × 10^292 |
| 55 | ov_055 | 1.3130412148647248 × 10^293 |
| 54 | ov_054 | 2.0099345008359167 × 10^293 |
| 53 | ov_053 | 2.9507760153737664 × 10^293 |
| 52 | ov_052 | 4.222628161985312 × 10^293 |
| 51 | ov_051 | 5.922158761151018 × 10^293 |
| 50 | ov_050 | 8.155656877466563 × 10^293 |
| 49 | ov_049 | 1.1039058113192583 × 10^294 |
| 48 | ov_048 | 1.4697982774211025 × 10^294 |
| 47 | ov_047 | 1.926779096686982 × 10^294 |
| 32 | lv_80_m31 | 2.264624531688664 × 10^294 |
| 46 | ov_046 | 2.489365986150387 × 10^294 |
| 45 | ov_045 | 3.173068927508908 × 10^294 |
| 44 | ov_044 | 3.9944042382131625 × 10^294 |
| 43 | ov_043 | 4.970912902224624 × 10^294 |
| 42 | ov_042 | 6.12118397358169 × 10^294 |
| 41 | ov_041 | 7.464883932671929 × 10^294 |
| 40 | ov_040 | 9.01268627554801 × 10^294 |
| 39 | ov_039 | 1.0775855523135876 × 10^295 |
| 31 | ov_031 | 1.1611834439952325 × 10^295 |
| 38 | ov_038 | 1.2777540717300537 × 10^295 |
| 37 | ov_037 | 1.5042165249124197 × 10^295 |
| 36 | ov_036 | 1.7595501561815893 × 10^295 |
| 35 | ov_035 | 2.046475852971913 × 10^295 |
| 34 | ov_034 | 2.3678682884893214 × 10^295 |
| 33 | ov_033 | 2.7267676138460874 × 10^295 |
| 30 | ov_030 | 5.952993998270136 × 10^295 |
| 29 | ov_029 | 1.947243311061761 × 10^296 |
| 28 | ov_028 | 5.053507863267756 × 10^296 |
| 27 | ov_027 | 1.1294074039326171 × 10^297 |
| 26 | ov_026 | 2.3963218177603975 × 10^297 |
| 25 | ov_025 | 4.742385152555583 × 10^297 |
| 24 | ov_024 | 8.710754990019271 × 10^297 |
| 23 | ov_023 | 1.4951464578366043 × 10^298 |
| 22 | ov_022 | 2.422144617640854 × 10^298 |
| 21 | ov_021 | 3.7384580642881325 × 10^298 |
| 20 | ov_020 | 5.541178792293991 × 10^298 |
| 19 | ov_019 | 7.938117486946676 × 10^298 |
| 18 | ov_018 | 1.104782625558232 × 10^299 |
| 17 | ov_017 | 1.499963244207319 × 10^299 |
| 16 | ov_016 | 1.9933687042112933 × 10^299 |
| 15 | ov_015 | 2.6001031496886332 × 10^299 |
| 14 | ov_014 | 3.3363688041053603 × 10^299 |
| 13 | ov_013 | 4.219478059125472 × 10^299 |
| 12 | ov_012 | 5.267869429392179 × 10^299 |
| 11 | ov_011 | 6.501128262212928 × 10^299 |
| 10 | ov_010 | 7.940013168476644 × 10^299 |
| 9 | ov_009 | 9.606489218869444 × 10^299 |
| 8 | ov_008 | 1.1523769027733747 × 10^300 |
| 7 | ov_007 | 1.371636292593878 × 10^300 |
| 6 | ov_006 | 1.6210139504152844 × 10^300 |
| 5 | ov_005 | 1.9032397889242114 × 10^300 |
| 4 | ov_004 | 2.2211953199541036 × 10^300 |
| 3 | ov_003 | 2.5779236608822036 × 10^300 |
| 2 | ov_002 | 2.97664112277174 × 10^300 |
| 1 | ov_001 | 3.420750488890755 × 10^300 |

