# Results for F001-F002-F003-F004-F005-F006-F007-F008-F009-F010-F011-F012-F013-F014-F015-F016-F017-F018-F019-F020-F021-F022-F023-F024-F025-F026-F027-F028-F029-F030-F031-F032-F033-F034-F035-F036-F037-F038-F039-F040-F041-F042-F043-F044-F045-F046-F047-F048-F049-F050-F051-F052-F053-F054-F055-F056-F057-F058-F059-F060-F061-F062-F063-F064-F065-F066-F067-F068-F069-F070-F071-F072-F073-F074-F075-F076-F077-F078-F079-F080-F081-F082-F083-F084-F085-F086-F087-F088-F089-F090-F091-F092-F093-F094-F095-F096-F097-F098-F099-F100-F101-F102-F103-F104-F105-F106-F107-F108-F109-F110-F111-F112-F113-F114-F115-F116-F117-F118-F119-F120-F121-F122-F123-F124-F125-F126-F127-F128-F129-F130-F131-F132-F133-F134-F135-F136-F137-F138-F139-F140-F141-F142-F143-F144-F145-F146-F147-F148-F149-F150-F151-F152-F153-F154-F155-F156-F157-F158-F159-F160-F161-F162-F163-F164-F165-F166-F167-F168-F169-F170-F171-F172-F173-F174-F175-F176-F177-F178-F179-F180-F181-F182-F183-F184-F185-F186-F187-F188-F189-F190-F191-F192-F193-F194-F195-F196-F197-F198-F199-F200-F201-F202-F203-F204-F205-F206-F207-F208-F209-F210-F211-F212-F213-F214-F215-F216-F217-F218-F219-F220-F221-F222-F223-F224-F225-F226-F227-F228-F229-F230-F231-F232-F233-F234-F235-F236-F237-F238-F239-F240-F241-F242-F243-F244-F245-F246-F247-F248-F249-F250-F251-F252-F253-F254-F255-F256-F257-F258-F259-F260-F261-F262-F263-F264-F265-F266-F267-F268-F269-F270-F271-F272-F273-F274-F275-F276-F277-F278-F279-F280-F281-F282-F283-F284-F285-F286-F287-F288-F289-F290-F291-F292-F293-F294-F295-F296-F297-F298-F299-F300-F301-F302-F303-F304-F305-F306-F307-F308-F309-F310-F311-F312-F313-F314-F315-F316-F317-F318-F319-F320-F321-F322-F323-F324-F325-F326-F327-F328-F329-F330-F331-F332-F333-F334-F335-F336-F337-F338-F339-F340-F341-F342-F343-F344-F345-F346-F347-F348-F349-F350-F351-F352-F353-F354-F355-F356-F357-F358-F359-F360-F361-F362-F363-F364-F365-F366-F367-F368-F369-F370-F371-F372-F373-F374-F375-F376-F377-F378-F379-F380-F381-F382-F383-F384-F385-F386-F387-F388-F389-F390-F391-F392-F393-F394-F395-F396-F397-F398-F399-F400-F401-F402-F403-F404-F405-F406-F407-F408-F409-F410-F411-F412-F413-F414-F415-F416-F417-F418-F419-F420-F421-F422-F423-F424-F425-F426-F427-F428-F429-F430-F431-F432-F433-F434-F435-F436-F437-F438-F439-F440-F441-F442-F443-F444-F445-F446-F447-F448-F449-F450-F451-F452-F453-F454-F455-F456-F457-F458-F459-F460-F461-F462-F463-F464-F465-F466-F467-F468-F469-F470-F471-F472-F473-F474-F475-F476-F477-F478-F479-F480-F481-F482-F483-F484-F485-F486-F487-F488-F489-F490-F491-F492-F493-F494-F495-F496-E501505-F510-F511-F512

## Summary

Number of input bits: 512  
Number of free input bits: 12  
Number of output bits: 160

Number of direct occurrences: 48269  
Number of assignments: 31345  
Number of operations: 10951642
(xor: 10923485,
and: 14757,
or: 13400)

Total complexity: 9.685969848770126 × 10^298

Least occurring input variable: iv_502 (3857)  
Most occurring input variable: iv_509 (4205)

Most co-occurring input variables: iv_508-iv_509 (2056)  
Least co-occurring input variables: iv_498-iv_502 (1748)

Potentially most occurring input variable: iv_501/iv_509 (4553)  
Potentially least occurring input variable: iv_504/iv_506 (4112)

Least output occurring input variable: iv_501 (73)  
Most output occurring input variable: iv_497 (93)

Most output co-occurring input variables: iv_497-iv_502 (52)  
Least output co-occurring input variables: iv_507-iv_508 (32)

Potentially most output occurring input variable: iv_503/iv_509 (98)  
Potentially least output occurring input variable: iv_498/iv_508 (68)

Least complex input bit: iv_497 (2.769643976859574 × 10^296)  
Most complex input bit: iv_501 (1.9152474982162153 × 10^298)

Least complex output bit: aaa_76_29 (1.951099794123064 × 10^274)  
Most complex output bit: ov_001 (1.5362042357775178 × 10^298)

Least complex input/output complexity: iv_497/aaa_76_29 (5.5790508100033376 × 10^271)  
Most complex input/output complexity: iv_501/ov_001 (3.037601154308391 × 10^297)

## Input Bits

### Input Bits in Regular Order

| Input Bit | Complexity | Occurrences | Output Occurrences |
|:---------:|:----------:|:-----------:|:------------------:|
| iv_497 | 2.769643976859574 × 10^296 | 4116 | 93 |
| iv_498 | 5.517071384326761 × 10^296 | 3909 | 88 |
| iv_499 | 9.702833803452581 × 10^296 | 3915 | 81 |
| iv_500 | 1.6306366696492238 × 10^297 | 4082 | 76 |
| iv_501 | 1.9152474982162153 × 10^298 | 4062 | 73 |
| iv_502 | 4.340506926907297 × 10^297 | 3857 | 82 |
| iv_503 | 6.89686286973116 × 10^297 | 4019 | 75 |
| iv_504 | 1.0751272464684419 × 10^298 | 3904 | 78 |
| iv_506 | 8.329973239258658 × 10^297 | 3926 | 82 |
| iv_507 | 1.1959857137535383 × 10^298 | 4153 | 76 |
| iv_508 | 1.5882536549056726 × 10^298 | 4121 | 74 |
| iv_509 | 1.6116622732252478 × 10^298 | 4205 | 87 |

### Input Bits Sorted by Complexity

| Input Bit | Complexity | Occurrences | Output Occurrences |
|:---------:|:----------:|:-----------:|:------------------:|
| iv_497 | 2.769643976859574 × 10^296 | 4116 | 93 |
| iv_498 | 5.517071384326761 × 10^296 | 3909 | 88 |
| iv_499 | 9.702833803452581 × 10^296 | 3915 | 81 |
| iv_500 | 1.6306366696492238 × 10^297 | 4082 | 76 |
| iv_502 | 4.340506926907297 × 10^297 | 3857 | 82 |
| iv_503 | 6.89686286973116 × 10^297 | 4019 | 75 |
| iv_506 | 8.329973239258658 × 10^297 | 3926 | 82 |
| iv_504 | 1.0751272464684419 × 10^298 | 3904 | 78 |
| iv_507 | 1.1959857137535383 × 10^298 | 4153 | 76 |
| iv_508 | 1.5882536549056726 × 10^298 | 4121 | 74 |
| iv_509 | 1.6116622732252478 × 10^298 | 4205 | 87 |
| iv_501 | 1.9152474982162153 × 10^298 | 4062 | 73 |

### Input Bits Sorted by Occurrences

| Input Bit | Complexity | Occurrences | Output Occurrences |
|:---------:|:----------:|:-----------:|:------------------:|
| iv_502 | 4.340506926907297 × 10^297 | 3857 | 82 |
| iv_504 | 1.0751272464684419 × 10^298 | 3904 | 78 |
| iv_498 | 5.517071384326761 × 10^296 | 3909 | 88 |
| iv_499 | 9.702833803452581 × 10^296 | 3915 | 81 |
| iv_506 | 8.329973239258658 × 10^297 | 3926 | 82 |
| iv_503 | 6.89686286973116 × 10^297 | 4019 | 75 |
| iv_501 | 1.9152474982162153 × 10^298 | 4062 | 73 |
| iv_500 | 1.6306366696492238 × 10^297 | 4082 | 76 |
| iv_497 | 2.769643976859574 × 10^296 | 4116 | 93 |
| iv_508 | 1.5882536549056726 × 10^298 | 4121 | 74 |
| iv_507 | 1.1959857137535383 × 10^298 | 4153 | 76 |
| iv_509 | 1.6116622732252478 × 10^298 | 4205 | 87 |

### Input Bits Sorted by Output Occurrences

| Input Bit | Complexity | Occurrences | Output Occurrences |
|:---------:|:----------:|:-----------:|:------------------:|
| iv_501 | 1.9152474982162153 × 10^298 | 4062 | 73 |
| iv_508 | 1.5882536549056726 × 10^298 | 4121 | 74 |
| iv_503 | 6.89686286973116 × 10^297 | 4019 | 75 |
| iv_500 | 1.6306366696492238 × 10^297 | 4082 | 76 |
| iv_507 | 1.1959857137535383 × 10^298 | 4153 | 76 |
| iv_504 | 1.0751272464684419 × 10^298 | 3904 | 78 |
| iv_499 | 9.702833803452581 × 10^296 | 3915 | 81 |
| iv_502 | 4.340506926907297 × 10^297 | 3857 | 82 |
| iv_506 | 8.329973239258658 × 10^297 | 3926 | 82 |
| iv_509 | 1.6116622732252478 × 10^298 | 4205 | 87 |
| iv_498 | 5.517071384326761 × 10^296 | 3909 | 88 |
| iv_497 | 2.769643976859574 × 10^296 | 4116 | 93 |

## Input Bit Co-occurrences

### Input Bit Co-occurrences Sorted by Co-occurrences

| Input Bits | Co-occurrences | Potential Occurrences | Output Co-occurrences | Potential Output Occurrences |
|:----------:|:--------------:|:---------------------:|:---------------------:|:----------------------------:|
| iv_508-iv_509 | 2056 | 4214 | 40 | 81 |
| iv_507-iv_509 | 2044 | 4270 | 44 | 75 |
| iv_497-iv_507 | 2032 | 4205 | 44 | 81 |
| iv_497-iv_509 | 2003 | 4315 | 50 | 80 |
| iv_506-iv_507 | 1971 | 4137 | 39 | 80 |
| iv_497-iv_500 | 1971 | 4256 | 39 | 91 |
| iv_497-iv_503 | 1970 | 4195 | 46 | 76 |
| iv_500-iv_507 | 1970 | 4295 | 35 | 82 |
| iv_503-iv_509 | 1970 | 4284 | 32 | 98 |
| iv_501-iv_507 | 1952 | 4311 | 36 | 77 |
| iv_506-iv_509 | 1945 | 4241 | 43 | 83 |
| iv_501-iv_503 | 1943 | 4195 | 35 | 78 |

### Input Bit Co-occurrences Sorted by Potential Occurrences

| Input Bits | Co-occurrences | Potential Occurrences | Output Co-occurrences | Potential Output Occurrences |
|:----------:|:--------------:|:---------------------:|:---------------------:|:----------------------------:|
| iv_504-iv_506 | 1859 | 4112 | 42 | 76 |
| iv_499-iv_504 | 1847 | 4125 | 38 | 83 |
| iv_506-iv_507 | 1971 | 4137 | 39 | 80 |
| iv_498-iv_504 | 1825 | 4163 | 46 | 74 |
| iv_497-iv_506 | 1936 | 4170 | 51 | 73 |
| iv_498-iv_506 | 1829 | 4177 | 41 | 88 |
| iv_501-iv_504 | 1894 | 4178 | 34 | 83 |
| iv_502-iv_504 | 1787 | 4187 | 42 | 76 |
| iv_499-iv_508 | 1923 | 4190 | 41 | 73 |
| iv_497-iv_502 | 1891 | 4191 | 52 | 71 |
| iv_502-iv_506 | 1796 | 4191 | 44 | 76 |
| iv_497-iv_504 | 1913 | 4194 | 50 | 71 |

### Input Bit Output Co-occurrences Sorted by Output Co-occurrences

| Input Bits | Co-occurrences | Potential Occurrences | Output Co-occurrences | Potential Output Occurrences |
|:----------:|:--------------:|:---------------------:|:---------------------:|:----------------------------:|
| iv_498-iv_509 | 1868 | 4378 | 52 | 71 |
| iv_497-iv_502 | 1891 | 4191 | 52 | 71 |
| iv_497-iv_506 | 1936 | 4170 | 51 | 73 |
| iv_497-iv_504 | 1913 | 4194 | 50 | 71 |
| iv_497-iv_498 | 1879 | 4267 | 50 | 81 |
| iv_497-iv_509 | 2003 | 4315 | 50 | 80 |
| iv_498-iv_499 | 1814 | 4196 | 48 | 73 |
| iv_498-iv_508 | 1857 | 4316 | 47 | 68 |
| iv_502-iv_509 | 1859 | 4344 | 46 | 77 |
| iv_498-iv_502 | 1748 | 4270 | 46 | 78 |
| iv_498-iv_504 | 1825 | 4163 | 46 | 74 |
| iv_497-iv_503 | 1970 | 4195 | 46 | 76 |

### Input Bit Output Co-occurrences Sorted by Potential Output Occurrences

| Input Bits | Co-occurrences | Potential Occurrences | Output Co-occurrences | Potential Output Occurrences |
|:----------:|:--------------:|:---------------------:|:---------------------:|:----------------------------:|
| iv_498-iv_508 | 1857 | 4316 | 47 | 68 |
| iv_497-iv_504 | 1913 | 4194 | 50 | 71 |
| iv_498-iv_509 | 1868 | 4378 | 52 | 71 |
| iv_497-iv_502 | 1891 | 4191 | 52 | 71 |
| iv_504-iv_508 | 1898 | 4229 | 40 | 72 |
| iv_498-iv_499 | 1814 | 4196 | 48 | 73 |
| iv_499-iv_500 | 1876 | 4245 | 42 | 73 |
| iv_499-iv_508 | 1923 | 4190 | 41 | 73 |
| iv_497-iv_506 | 1936 | 4170 | 51 | 73 |
| iv_500-iv_503 | 1931 | 4239 | 39 | 73 |
| iv_498-iv_504 | 1825 | 4163 | 46 | 74 |
| iv_502-iv_507 | 1885 | 4240 | 42 | 74 |

## Output Bits

### Output Bits in Regular Order

| Rank | Output Bit | Complexity |
|:----:|:----------:|:----------:|
| 1 | ov_001 | 1.5362042357775178 × 10^298 |
| 2 | ov_002 | 1.3340245522868158 × 10^298 |
| 3 | ov_003 | 1.1527416770847288 × 10^298 |
| 4 | ov_004 | 9.907803123520399 × 10^297 |
| 5 | ov_005 | 8.466510246432739 × 10^297 |
| 6 | ov_006 | 7.18944162178337 × 10^297 |
| 7 | ov_007 | 6.06324562268295 × 10^297 |
| 8 | ov_008 | 5.075269850863086 × 10^297 |
| 9 | ov_009 | 4.213522141037861 × 10^297 |
| 10 | ov_010 | 3.466637583077931 × 10^297 |
| 11 | ov_011 | 2.8238509058096656 × 10^297 |
| 12 | ov_012 | 2.274973603826347 × 10^297 |
| 13 | ov_013 | 1.810375225539226 × 10^297 |
| 14 | ov_014 | 1.4209682769696014 × 10^297 |
| 15 | ov_015 | 1.0981962316270131 × 10^297 |
| 16 | ov_016 | 8.340241723454858 × 10^296 |
| 17 | ov_017 | 6.209316262484639 × 10^296 |
| 18 | ov_018 | 4.51907189151697 × 10^296 |
| 19 | ov_019 | 3.204445707418125 × 10^296 |
| 20 | ov_020 | 2.205397268224073 × 10^296 |
| 21 | ov_021 | 1.4668879414106923 × 10^296 |
| 22 | ov_022 | 9.388661895683654 × 10^295 |
| 23 | ov_023 | 5.762573960240697 × 10^295 |
| 24 | ov_024 | 3.389571721454907 × 10^295 |
| 25 | ov_025 | 1.9182726226934672 × 10^295 |
| 26 | ov_026 | 1.0469330061696568 × 10^295 |
| 27 | ov_027 | 5.234375600587766 × 10^294 |
| 28 | ov_028 | 2.3413494005462517 × 10^294 |
| 29 | ov_029 | 9.01853641150643 × 10^293 |
| 30 | ov_030 | 2.756033431246996 × 10^293 |
| 31 | ov_031 | 5.373330070777894 × 10^292 |
| 32 | lv_80_m31 | 1.047411534345649 × 10^292 |
| 33 | ov_033 | 1.2557053125651752 × 10^293 |
| 34 | ov_034 | 1.088780239260044 × 10^293 |
| 35 | ov_035 | 9.39391640187861 × 10^292 |
| 36 | ov_036 | 8.061638107325919 × 10^292 |
| 37 | ov_037 | 6.87795417425533 × 10^292 |
| 38 | ov_038 | 5.830542639826944 × 10^292 |
| 39 | ov_039 | 4.907727626140472 × 10^292 |
| 40 | ov_040 | 4.0984404228364596 × 10^292 |
| 41 | ov_041 | 3.392186297675102 × 10^292 |
| 42 | ov_042 | 2.779016433075382 × 10^292 |
| 43 | ov_043 | 2.2540896931398894 × 10^292 |
| 44 | ov_044 | 1.808482616956693 × 10^292 |
| 45 | ov_045 | 1.433758757824968 × 10^292 |
| 46 | ov_046 | 1.1219558319681303 × 10^292 |
| 47 | ov_047 | 8.655755172038626 × 10^291 |
| 48 | ov_048 | 6.575755044679919 × 10^291 |
| 49 | ov_049 | 4.913634357439387 × 10^291 |
| 50 | ov_050 | 3.6079239203767895 × 10^291 |
| 51 | ov_051 | 2.6015762468495 × 10^291 |
| 52 | ov_052 | 1.841942525913375 × 10^291 |
| 53 | ov_053 | 1.2807567707897944 × 10^291 |
| 54 | ov_054 | 8.741250503779024 × 10^290 |
| 55 | ov_055 | 5.82518284362482 × 10^290 |
| 56 | ov_056 | 3.7076760161295024 × 10^290 |
| 57 | ov_057 | 2.223781735733245 × 10^290 |
| 58 | ov_058 | 1.2303335094206064 × 10^290 |
| 59 | ov_059 | 6.059411409089342 × 10^289 |
| 60 | ov_060 | 2.5098818039067755 × 10^289 |
| 61 | ov_061 | 8.763098428258762 × 10^288 |
| 62 | ov_062 | 2.402790883479208 × 10^288 |
| 63 | ov_063 | 4.6809543105686154 × 10^287 |
| 64 | lv_79_m31 | 9.117173211054696 × 10^286 |
| 65 | ov_065 | 1.087675546240197 × 10^288 |
| 66 | ov_066 | 1.0876721605890637 × 10^288 |
| 67 | ov_067 | 1.0876713319634223 × 10^288 |
| 68 | ov_068 | 9.404736553715685 × 10^287 |
| 69 | ov_069 | 8.091284197047609 × 10^287 |
| 70 | ov_070 | 6.9235327188045735 × 10^287 |
| 71 | ov_071 | 5.8894476957801616 × 10^287 |
| 72 | ov_072 | 4.97773037358694 × 10^287 |
| 73 | ov_073 | 4.177768950537627 × 10^287 |
| 74 | ov_074 | 3.4795943347889013 × 10^287 |
| 75 | ov_075 | 2.8738401348716913 × 10^287 |
| 76 | ov_076 | 2.3517066515617487 × 10^287 |
| 77 | ov_077 | 1.9049286453808583 × 10^287 |
| 78 | ov_078 | 1.525746659067166 × 10^287 |
| 79 | ov_079 | 1.2068816783033908 × 10^287 |
| 80 | ov_080 | 9.415129170206623 × 10^286 |
| 81 | ov_081 | 7.232585158659187 × 10^286 |
| 82 | ov_082 | 5.461589440805852 × 10^286 |
| 83 | ov_083 | 4.0466289622196333 × 10^286 |
| 84 | ov_084 | 2.9361547598558117 × 10^286 |
| 85 | ov_085 | 2.0824845995576486 × 10^286 |
| 86 | ov_086 | 1.441724344972211 × 10^286 |
| 87 | ov_087 | 9.737059925391254 × 10^285 |
| 88 | ov_088 | 6.419403088005328 × 10^285 |
| 89 | ov_089 | 4.135820072045724 × 10^285 |
| 90 | ov_090 | 2.5940540206567786 × 10^285 |
| 91 | ov_091 | 1.5378847758033127 × 10^285 |
| 92 | ov_092 | 8.481961344683526 × 10^284 |
| 93 | ov_093 | 4.238252344882856 × 10^284 |
| 94 | ov_094 | 1.815456390903354 × 10^284 |
| 95 | aaa_78_28 | 5.606042821719007 × 10^283 |
| 96 | aaa_78_29 | 1.7216835404958187 × 10^283 |
| 97 | ov_097 | 1.1370003174472637 × 10^283 |
| 98 | ov_098 | 1.1369662583592281 × 10^283 |
| 99 | ov_099 | 1.1369553790358846 × 10^283 |
| 100 | ov_100 | 1.0231207167974721 × 10^283 |
| 101 | ov_101 | 9.17688687680986 × 10^282 |
| 102 | ov_102 | 8.201978646269487 × 10^282 |
| 103 | ov_103 | 7.30220444054935 × 10^282 |
| 104 | ov_104 | 6.473578798334757 × 10^282 |
| 105 | ov_105 | 5.712369145435267 × 10^282 |
| 106 | ov_106 | 5.0150598754304397 × 10^282 |
| 107 | ov_107 | 4.3783200007447764 × 10^282 |
| 108 | ov_108 | 3.7989741824588585 × 10^282 |
| 109 | ov_109 | 3.273976951802957 × 10^282 |
| 110 | ov_110 | 2.800389939848686 × 10^282 |
| 111 | ov_111 | 2.3753619345866122 × 10^282 |
| 112 | ov_112 | 1.996111586512961 × 10^282 |
| 113 | ov_113 | 1.6599125851939674 × 10^282 |
| 114 | ov_114 | 1.364081130166433 × 10^282 |
| 115 | ov_115 | 1.1059655200894021 × 10^282 |
| 116 | ov_116 | 8.829376843924013 × 10^281 |
| 117 | ov_117 | 6.92386481859335 × 10^281 |
| 118 | ov_118 | 5.317125907058336 × 10^281 |
| 119 | ov_119 | 3.983248147850814 × 10^281 |
| 120 | ov_120 | 2.8963750837319035 × 10^281 |
| 121 | ov_121 | 2.030687216888803 × 10^281 |
| 122 | ov_122 | 1.3603883536743408 × 10^281 |
| 123 | ov_123 | 8.596959625741469 × 10^280 |
| 124 | ov_124 | 5.028346691113238 × 10^280 |
| 125 | ov_125 | 2.6403222516668317 × 10^280 |
| 126 | ov_126 | 1.17517452537537 × 10^280 |
| 127 | aaa_77_28 | 3.751945338755339 × 10^279 |
| 128 | aaa_77_29 | 1.4062216574123634 × 10^279 |
| 129 | ov_129 | 1.3001411900857707 × 10^279 |
| 130 | ov_130 | 1.300137390324985 × 10^279 |
| 131 | ov_131 | 1.3001364717118366 × 10^279 |
| 132 | ov_132 | 1.1268751014362524 × 10^279 |
| 133 | ov_133 | 9.717068865030599 × 10^278 |
| 134 | ov_134 | 8.332666972131214 × 10^278 |
| 135 | ov_135 | 7.102622837487063 × 10^278 |
| 136 | ov_136 | 6.0146905030543164 × 10^278 |
| 137 | ov_137 | 5.0572555908002674 × 10^278 |
| 138 | ov_138 | 4.2192969433776256 × 10^278 |
| 139 | ov_139 | 3.490354203267981 × 10^278 |
| 140 | ov_140 | 2.860500702493869 × 10^278 |
| 141 | ov_141 | 2.32032106865217 × 10^278 |
| 142 | ov_142 | 1.860892986096621 × 10^278 |
| 143 | ov_143 | 1.4737725837543702 × 10^278 |
| 144 | ov_144 | 1.150982953428192 × 10^278 |
| 145 | ov_145 | 8.85005334609655 × 10^277 |
| 146 | ov_146 | 6.687725338790425 × 10^277 |
| 147 | ov_147 | 4.956641789410628 × 10^277 |
| 148 | ov_148 | 3.5950343926858185 × 10^277 |
| 149 | ov_149 | 2.545548772151889 × 10^277 |
| 150 | ov_150 | 1.7552312532083968 × 10^277 |
| 151 | ov_151 | 1.175521173802755 × 10^277 |
| 152 | ov_152 | 7.622464373619523 × 10^276 |
| 153 | ov_153 | 4.756207334398848 × 10^276 |
| 154 | ov_154 | 2.802416742205966 × 10^276 |
| 155 | ov_155 | 1.4508957204856665 × 10^276 |
| 156 | aaa_76_25 | 5.5750160593083685 × 10^275 |
| 157 | aaa_76_26 | 3.219360020815695 × 10^275 |
| 158 | aaa_76_27 | 1.647905877661401 × 10^275 |
| 159 | aaa_76_28 | 6.415876211891949 × 10^274 |
| 160 | aaa_76_29 | 1.951099794123064 × 10^274 |

### Output Bits Sorted by Complexity

| Rank | Output Bit | Complexity |
|:----:|:----------:|:----------:|
| 160 | aaa_76_29 | 1.951099794123064 × 10^274 |
| 159 | aaa_76_28 | 6.415876211891949 × 10^274 |
| 158 | aaa_76_27 | 1.647905877661401 × 10^275 |
| 157 | aaa_76_26 | 3.219360020815695 × 10^275 |
| 156 | aaa_76_25 | 5.5750160593083685 × 10^275 |
| 155 | ov_155 | 1.4508957204856665 × 10^276 |
| 154 | ov_154 | 2.802416742205966 × 10^276 |
| 153 | ov_153 | 4.756207334398848 × 10^276 |
| 152 | ov_152 | 7.622464373619523 × 10^276 |
| 151 | ov_151 | 1.175521173802755 × 10^277 |
| 150 | ov_150 | 1.7552312532083968 × 10^277 |
| 149 | ov_149 | 2.545548772151889 × 10^277 |
| 148 | ov_148 | 3.5950343926858185 × 10^277 |
| 147 | ov_147 | 4.956641789410628 × 10^277 |
| 146 | ov_146 | 6.687725338790425 × 10^277 |
| 145 | ov_145 | 8.85005334609655 × 10^277 |
| 144 | ov_144 | 1.150982953428192 × 10^278 |
| 143 | ov_143 | 1.4737725837543702 × 10^278 |
| 142 | ov_142 | 1.860892986096621 × 10^278 |
| 141 | ov_141 | 2.32032106865217 × 10^278 |
| 140 | ov_140 | 2.860500702493869 × 10^278 |
| 139 | ov_139 | 3.490354203267981 × 10^278 |
| 138 | ov_138 | 4.2192969433776256 × 10^278 |
| 137 | ov_137 | 5.0572555908002674 × 10^278 |
| 136 | ov_136 | 6.0146905030543164 × 10^278 |
| 135 | ov_135 | 7.102622837487063 × 10^278 |
| 134 | ov_134 | 8.332666972131214 × 10^278 |
| 133 | ov_133 | 9.717068865030599 × 10^278 |
| 132 | ov_132 | 1.1268751014362524 × 10^279 |
| 131 | ov_131 | 1.3001364717118366 × 10^279 |
| 130 | ov_130 | 1.300137390324985 × 10^279 |
| 129 | ov_129 | 1.3001411900857707 × 10^279 |
| 128 | aaa_77_29 | 1.4062216574123634 × 10^279 |
| 127 | aaa_77_28 | 3.751945338755339 × 10^279 |
| 126 | ov_126 | 1.17517452537537 × 10^280 |
| 125 | ov_125 | 2.6403222516668317 × 10^280 |
| 124 | ov_124 | 5.028346691113238 × 10^280 |
| 123 | ov_123 | 8.596959625741469 × 10^280 |
| 122 | ov_122 | 1.3603883536743408 × 10^281 |
| 121 | ov_121 | 2.030687216888803 × 10^281 |
| 120 | ov_120 | 2.8963750837319035 × 10^281 |
| 119 | ov_119 | 3.983248147850814 × 10^281 |
| 118 | ov_118 | 5.317125907058336 × 10^281 |
| 117 | ov_117 | 6.92386481859335 × 10^281 |
| 116 | ov_116 | 8.829376843924013 × 10^281 |
| 115 | ov_115 | 1.1059655200894021 × 10^282 |
| 114 | ov_114 | 1.364081130166433 × 10^282 |
| 113 | ov_113 | 1.6599125851939674 × 10^282 |
| 112 | ov_112 | 1.996111586512961 × 10^282 |
| 111 | ov_111 | 2.3753619345866122 × 10^282 |
| 110 | ov_110 | 2.800389939848686 × 10^282 |
| 109 | ov_109 | 3.273976951802957 × 10^282 |
| 108 | ov_108 | 3.7989741824588585 × 10^282 |
| 107 | ov_107 | 4.3783200007447764 × 10^282 |
| 106 | ov_106 | 5.0150598754304397 × 10^282 |
| 105 | ov_105 | 5.712369145435267 × 10^282 |
| 104 | ov_104 | 6.473578798334757 × 10^282 |
| 103 | ov_103 | 7.30220444054935 × 10^282 |
| 102 | ov_102 | 8.201978646269487 × 10^282 |
| 101 | ov_101 | 9.17688687680986 × 10^282 |
| 100 | ov_100 | 1.0231207167974721 × 10^283 |
| 99 | ov_099 | 1.1369553790358846 × 10^283 |
| 98 | ov_098 | 1.1369662583592281 × 10^283 |
| 97 | ov_097 | 1.1370003174472637 × 10^283 |
| 96 | aaa_78_29 | 1.7216835404958187 × 10^283 |
| 95 | aaa_78_28 | 5.606042821719007 × 10^283 |
| 94 | ov_094 | 1.815456390903354 × 10^284 |
| 93 | ov_093 | 4.238252344882856 × 10^284 |
| 92 | ov_092 | 8.481961344683526 × 10^284 |
| 91 | ov_091 | 1.5378847758033127 × 10^285 |
| 90 | ov_090 | 2.5940540206567786 × 10^285 |
| 89 | ov_089 | 4.135820072045724 × 10^285 |
| 88 | ov_088 | 6.419403088005328 × 10^285 |
| 87 | ov_087 | 9.737059925391254 × 10^285 |
| 86 | ov_086 | 1.441724344972211 × 10^286 |
| 85 | ov_085 | 2.0824845995576486 × 10^286 |
| 84 | ov_084 | 2.9361547598558117 × 10^286 |
| 83 | ov_083 | 4.0466289622196333 × 10^286 |
| 82 | ov_082 | 5.461589440805852 × 10^286 |
| 81 | ov_081 | 7.232585158659187 × 10^286 |
| 64 | lv_79_m31 | 9.117173211054696 × 10^286 |
| 80 | ov_080 | 9.415129170206623 × 10^286 |
| 79 | ov_079 | 1.2068816783033908 × 10^287 |
| 78 | ov_078 | 1.525746659067166 × 10^287 |
| 77 | ov_077 | 1.9049286453808583 × 10^287 |
| 76 | ov_076 | 2.3517066515617487 × 10^287 |
| 75 | ov_075 | 2.8738401348716913 × 10^287 |
| 74 | ov_074 | 3.4795943347889013 × 10^287 |
| 73 | ov_073 | 4.177768950537627 × 10^287 |
| 63 | ov_063 | 4.6809543105686154 × 10^287 |
| 72 | ov_072 | 4.97773037358694 × 10^287 |
| 71 | ov_071 | 5.8894476957801616 × 10^287 |
| 70 | ov_070 | 6.9235327188045735 × 10^287 |
| 69 | ov_069 | 8.091284197047609 × 10^287 |
| 68 | ov_068 | 9.404736553715685 × 10^287 |
| 67 | ov_067 | 1.0876713319634223 × 10^288 |
| 66 | ov_066 | 1.0876721605890637 × 10^288 |
| 65 | ov_065 | 1.087675546240197 × 10^288 |
| 62 | ov_062 | 2.402790883479208 × 10^288 |
| 61 | ov_061 | 8.763098428258762 × 10^288 |
| 60 | ov_060 | 2.5098818039067755 × 10^289 |
| 59 | ov_059 | 6.059411409089342 × 10^289 |
| 58 | ov_058 | 1.2303335094206064 × 10^290 |
| 57 | ov_057 | 2.223781735733245 × 10^290 |
| 56 | ov_056 | 3.7076760161295024 × 10^290 |
| 55 | ov_055 | 5.82518284362482 × 10^290 |
| 54 | ov_054 | 8.741250503779024 × 10^290 |
| 53 | ov_053 | 1.2807567707897944 × 10^291 |
| 52 | ov_052 | 1.841942525913375 × 10^291 |
| 51 | ov_051 | 2.6015762468495 × 10^291 |
| 50 | ov_050 | 3.6079239203767895 × 10^291 |
| 49 | ov_049 | 4.913634357439387 × 10^291 |
| 48 | ov_048 | 6.575755044679919 × 10^291 |
| 47 | ov_047 | 8.655755172038626 × 10^291 |
| 32 | lv_80_m31 | 1.047411534345649 × 10^292 |
| 46 | ov_046 | 1.1219558319681303 × 10^292 |
| 45 | ov_045 | 1.433758757824968 × 10^292 |
| 44 | ov_044 | 1.808482616956693 × 10^292 |
| 43 | ov_043 | 2.2540896931398894 × 10^292 |
| 42 | ov_042 | 2.779016433075382 × 10^292 |
| 41 | ov_041 | 3.392186297675102 × 10^292 |
| 40 | ov_040 | 4.0984404228364596 × 10^292 |
| 39 | ov_039 | 4.907727626140472 × 10^292 |
| 31 | ov_031 | 5.373330070777894 × 10^292 |
| 38 | ov_038 | 5.830542639826944 × 10^292 |
| 37 | ov_037 | 6.87795417425533 × 10^292 |
| 36 | ov_036 | 8.061638107325919 × 10^292 |
| 35 | ov_035 | 9.39391640187861 × 10^292 |
| 34 | ov_034 | 1.088780239260044 × 10^293 |
| 33 | ov_033 | 1.2557053125651752 × 10^293 |
| 30 | ov_030 | 2.756033431246996 × 10^293 |
| 29 | ov_029 | 9.01853641150643 × 10^293 |
| 28 | ov_028 | 2.3413494005462517 × 10^294 |
| 27 | ov_027 | 5.234375600587766 × 10^294 |
| 26 | ov_026 | 1.0469330061696568 × 10^295 |
| 25 | ov_025 | 1.9182726226934672 × 10^295 |
| 24 | ov_024 | 3.389571721454907 × 10^295 |
| 23 | ov_023 | 5.762573960240697 × 10^295 |
| 22 | ov_022 | 9.388661895683654 × 10^295 |
| 21 | ov_021 | 1.4668879414106923 × 10^296 |
| 20 | ov_020 | 2.205397268224073 × 10^296 |
| 19 | ov_019 | 3.204445707418125 × 10^296 |
| 18 | ov_018 | 4.51907189151697 × 10^296 |
| 17 | ov_017 | 6.209316262484639 × 10^296 |
| 16 | ov_016 | 8.340241723454858 × 10^296 |
| 15 | ov_015 | 1.0981962316270131 × 10^297 |
| 14 | ov_014 | 1.4209682769696014 × 10^297 |
| 13 | ov_013 | 1.810375225539226 × 10^297 |
| 12 | ov_012 | 2.274973603826347 × 10^297 |
| 11 | ov_011 | 2.8238509058096656 × 10^297 |
| 10 | ov_010 | 3.466637583077931 × 10^297 |
| 9 | ov_009 | 4.213522141037861 × 10^297 |
| 8 | ov_008 | 5.075269850863086 × 10^297 |
| 7 | ov_007 | 6.06324562268295 × 10^297 |
| 6 | ov_006 | 7.18944162178337 × 10^297 |
| 5 | ov_005 | 8.466510246432739 × 10^297 |
| 4 | ov_004 | 9.907803123520399 × 10^297 |
| 3 | ov_003 | 1.1527416770847288 × 10^298 |
| 2 | ov_002 | 1.3340245522868158 × 10^298 |
| 1 | ov_001 | 1.5362042357775178 × 10^298 |

