# Results for F001-F002-F003-F004-F005-F006-F007-F008-F009-F010-F011-F012-F013-F014-F015-F016-F017-F018-F019-F020-F021-F022-F023-F024-F025-F026-F027-F028-F029-F030-F031-F032-F033-F034-F035-F036-F037-F038-F039-F040-F041-F042-F043-F044-F045-F046-F047-F048-F049-F050-F051-F052-F053-F054-F055-F056-F057-F058-F059-F060-F061-F062-F063-F064-F065-F066-F067-F068-F069-F070-F071-F072-F073-F074-F075-F076-F077-F078-F079-F080-F081-F082-F083-F084-F085-F086-F087-F088-F089-F090-F091-F092-F093-F094-F095-F096-F097-F098-F099-F100-F101-F102-F103-F104-F105-F106-F107-F108-F109-F110-F111-F112-F113-F114-F115-F116-F117-F118-F119-F120-F121-F122-F123-F124-F125-F126-F127-F128-F129-F130-F131-F132-F133-F134-F135-F136-F137-F138-F139-F140-F141-F142-F143-F144-F145-F146-F147-F148-F149-F150-F151-F152-F153-F154-F155-F156-F157-F158-F159-F160-F161-F162-F163-F164-F165-F166-F167-F168-F169-F170-F171-F172-F173-F174-F175-F176-F177-F178-F179-F180-F181-F182-F183-F184-F185-F186-F187-F188-F189-F190-F191-F192-F193-F194-F195-F196-F197-F198-F199-F200-F201-F202-F203-F204-F205-F206-F207-F208-F209-F210-F211-F212-F213-F214-F215-F216-F217-F218-F219-F220-F221-F222-F223-F224-F225-F226-F227-F228-F229-F230-F231-F232-F233-F234-F235-F236-F237-F238-F239-F240-F241-F242-F243-F244-F245-F246-F247-F248-F249-F250-F251-F252-F253-F254-F255-F256-F257-F258-F259-F260-F261-F262-F263-F264-F265-F266-F267-F268-F269-F270-F271-F272-F273-F274-F275-F276-F277-F278-F279-F280-F281-F282-F283-F284-F285-F286-F287-F288-F289-F290-F291-F292-F293-F294-F295-F296-F297-F298-F299-F300-F301-F302-F303-F304-F305-F306-F307-F308-F309-F310-F311-F312-F313-F314-F315-F316-F317-F318-F319-F320-F321-F322-F323-F324-F325-F326-F327-F328-F329-F330-F331-F332-F333-F334-F335-F336-F337-F338-F339-F340-F341-F342-F343-F344-F345-F346-F347-F348-F349-F350-F351-F352-F353-F354-F355-F356-F357-F358-F359-F360-F361-F362-F363-F364-F365-F366-F367-F368-F369-F370-F371-F372-F373-F374-F375-F376-F377-F378-F379-F380-F381-F382-F383-F384-F385-F386-F387-F388-F389-F390-F391-F392-F393-F394-F395-F396-F397-F398-F399-F400-F401-F402-F403-F404-F405-F406-F407-F408-F409-F410-F411-F412-F413-F414-F415-F416-F417-F418-F419-F420-F421-F422-F423-F424-F425-F426-F427-F428-F429-F430-F431-F432-F433-F434-F435-F436-F437-F438-F439-F440-F441-F442-F443-F444-F445-F446-F447-F448-F449-F450-F451-F452-F453-F454-F455-F456-F457-F458-F459-F460-F461-F462-F463-F464-F465-F466-F467-F468-F469-F470-F471-F472-F473-F474-F475-F476-F477-F478-F479-F480-F481-F482-F483-F484-F485-F486-F487-F488-F489-F490-F491-F492-F493-F494-F495-F496-E499505-T500-F510-F512

## Summary

Number of input bits: 512  
Number of free input bits: 12  
Number of output bits: 160

Number of direct occurrences: 50069  
Number of assignments: 31818  
Number of operations: 11596712
(xor: 11568058,
and: 15098,
or: 13556)

Total complexity: 3.991778303932456 × 10^305

Least occurring input variable: iv_498 (3972)  
Most occurring input variable: iv_499 (4364)

Most co-occurring input variables: iv_499-iv_504 (2119)  
Least co-occurring input variables: iv_497-iv_508 (1800)

Potentially most occurring input variable: iv_497/iv_508 (4674)  
Potentially least occurring input variable: iv_499/iv_504 (4202)

Least output occurring input variable: iv_501 (69)  
Most output occurring input variable: iv_506 (84)

Most output co-occurring input variables: iv_499-iv_504 (49)  
Least output co-occurring input variables: iv_501-iv_511 (27)

Potentially most output occurring input variable: iv_502/iv_507 (97)  
Potentially least output occurring input variable: iv_499/iv_504 (63)

Least complex input bit: iv_511 (5.483178690703053 × 10^301)  
Most complex input bit: iv_509 (7.208550194492429 × 10^304)

Least complex output bit: aaa_76_29 (1.5190004306723731 × 10^280)  
Most complex output bit: ov_001 (6.241166450605471 × 10^304)

Least complex input/output complexity: iv_511/aaa_76_29 (2.0865263946212502 × 10^276)  
Most complex input/output complexity: iv_509/ov_001 (1.1270606282681211 × 10^304)

## Input Bits

### Input Bits in Regular Order

| Input Bit | Complexity | Occurrences | Output Occurrences |
|:---------:|:----------:|:-----------:|:------------------:|
| iv_497 | 6.774270454609887 × 10^302 | 4172 | 81 |
| iv_498 | 9.556509083922767 × 10^302 | 3972 | 76 |
| iv_499 | 7.116932993538742 × 10^304 | 4364 | 83 |
| iv_501 | 7.288255579192983 × 10^303 | 4159 | 69 |
| iv_502 | 1.4617798166851844 × 10^304 | 4110 | 82 |
| iv_503 | 2.610646050675572 × 10^304 | 4310 | 84 |
| iv_504 | 4.3589919557867637 × 10^304 | 4076 | 78 |
| iv_506 | 3.771039003794587 × 10^304 | 4065 | 84 |
| iv_507 | 5.379981638480105 × 10^304 | 4239 | 79 |
| iv_508 | 7.112244853875844 × 10^304 | 4102 | 78 |
| iv_509 | 7.208550194492429 × 10^304 | 4294 | 82 |
| iv_511 | 5.483178690703053 × 10^301 | 4206 | 76 |

### Input Bits Sorted by Complexity

| Input Bit | Complexity | Occurrences | Output Occurrences |
|:---------:|:----------:|:-----------:|:------------------:|
| iv_511 | 5.483178690703053 × 10^301 | 4206 | 76 |
| iv_497 | 6.774270454609887 × 10^302 | 4172 | 81 |
| iv_498 | 9.556509083922767 × 10^302 | 3972 | 76 |
| iv_501 | 7.288255579192983 × 10^303 | 4159 | 69 |
| iv_502 | 1.4617798166851844 × 10^304 | 4110 | 82 |
| iv_503 | 2.610646050675572 × 10^304 | 4310 | 84 |
| iv_506 | 3.771039003794587 × 10^304 | 4065 | 84 |
| iv_504 | 4.3589919557867637 × 10^304 | 4076 | 78 |
| iv_507 | 5.379981638480105 × 10^304 | 4239 | 79 |
| iv_508 | 7.112244853875844 × 10^304 | 4102 | 78 |
| iv_499 | 7.116932993538742 × 10^304 | 4364 | 83 |
| iv_509 | 7.208550194492429 × 10^304 | 4294 | 82 |

### Input Bits Sorted by Occurrences

| Input Bit | Complexity | Occurrences | Output Occurrences |
|:---------:|:----------:|:-----------:|:------------------:|
| iv_498 | 9.556509083922767 × 10^302 | 3972 | 76 |
| iv_506 | 3.771039003794587 × 10^304 | 4065 | 84 |
| iv_504 | 4.3589919557867637 × 10^304 | 4076 | 78 |
| iv_508 | 7.112244853875844 × 10^304 | 4102 | 78 |
| iv_502 | 1.4617798166851844 × 10^304 | 4110 | 82 |
| iv_501 | 7.288255579192983 × 10^303 | 4159 | 69 |
| iv_497 | 6.774270454609887 × 10^302 | 4172 | 81 |
| iv_511 | 5.483178690703053 × 10^301 | 4206 | 76 |
| iv_507 | 5.379981638480105 × 10^304 | 4239 | 79 |
| iv_509 | 7.208550194492429 × 10^304 | 4294 | 82 |
| iv_503 | 2.610646050675572 × 10^304 | 4310 | 84 |
| iv_499 | 7.116932993538742 × 10^304 | 4364 | 83 |

### Input Bits Sorted by Output Occurrences

| Input Bit | Complexity | Occurrences | Output Occurrences |
|:---------:|:----------:|:-----------:|:------------------:|
| iv_501 | 7.288255579192983 × 10^303 | 4159 | 69 |
| iv_498 | 9.556509083922767 × 10^302 | 3972 | 76 |
| iv_511 | 5.483178690703053 × 10^301 | 4206 | 76 |
| iv_504 | 4.3589919557867637 × 10^304 | 4076 | 78 |
| iv_508 | 7.112244853875844 × 10^304 | 4102 | 78 |
| iv_507 | 5.379981638480105 × 10^304 | 4239 | 79 |
| iv_497 | 6.774270454609887 × 10^302 | 4172 | 81 |
| iv_502 | 1.4617798166851844 × 10^304 | 4110 | 82 |
| iv_509 | 7.208550194492429 × 10^304 | 4294 | 82 |
| iv_499 | 7.116932993538742 × 10^304 | 4364 | 83 |
| iv_503 | 2.610646050675572 × 10^304 | 4310 | 84 |
| iv_506 | 3.771039003794587 × 10^304 | 4065 | 84 |

## Input Bit Co-occurrences

### Input Bit Co-occurrences Sorted by Co-occurrences

| Input Bits | Co-occurrences | Potential Occurrences | Output Co-occurrences | Potential Output Occurrences |
|:----------:|:--------------:|:---------------------:|:---------------------:|:----------------------------:|
| iv_499-iv_504 | 2119 | 4202 | 49 | 63 |
| iv_503-iv_509 | 2116 | 4372 | 42 | 82 |
| iv_497-iv_503 | 2106 | 4270 | 43 | 79 |
| iv_499-iv_509 | 2102 | 4454 | 43 | 79 |
| iv_507-iv_509 | 2092 | 4349 | 44 | 73 |
| iv_499-iv_502 | 2090 | 4294 | 43 | 79 |
| iv_503-iv_507 | 2075 | 4399 | 45 | 73 |
| iv_499-iv_503 | 2069 | 4536 | 42 | 83 |
| iv_503-iv_504 | 2068 | 4250 | 41 | 80 |
| iv_499-iv_507 | 2068 | 4467 | 39 | 84 |
| iv_506-iv_509 | 2060 | 4239 | 42 | 82 |
| iv_501-iv_503 | 2058 | 4353 | 36 | 81 |

### Input Bit Co-occurrences Sorted by Potential Occurrences

| Input Bits | Co-occurrences | Potential Occurrences | Output Co-occurrences | Potential Output Occurrences |
|:----------:|:--------------:|:---------------------:|:---------------------:|:----------------------------:|
| iv_499-iv_504 | 2119 | 4202 | 49 | 63 |
| iv_506-iv_509 | 2060 | 4239 | 42 | 82 |
| iv_503-iv_504 | 2068 | 4250 | 41 | 80 |
| iv_502-iv_506 | 1955 | 4265 | 45 | 76 |
| iv_501-iv_511 | 2048 | 4269 | 27 | 91 |
| iv_497-iv_503 | 2106 | 4270 | 43 | 79 |
| iv_501-iv_502 | 1998 | 4273 | 40 | 71 |
| iv_503-iv_506 | 2051 | 4273 | 39 | 90 |
| iv_501-iv_504 | 1981 | 4273 | 30 | 87 |
| iv_506-iv_507 | 2012 | 4280 | 41 | 81 |
| iv_498-iv_504 | 1882 | 4284 | 34 | 86 |
| iv_501-iv_506 | 1967 | 4290 | 39 | 75 |

### Input Bit Output Co-occurrences Sorted by Output Co-occurrences

| Input Bits | Co-occurrences | Potential Occurrences | Output Co-occurrences | Potential Output Occurrences |
|:----------:|:--------------:|:---------------------:|:---------------------:|:----------------------------:|
| iv_499-iv_504 | 2119 | 4202 | 49 | 63 |
| iv_503-iv_507 | 2075 | 4399 | 45 | 73 |
| iv_504-iv_506 | 1920 | 4301 | 45 | 72 |
| iv_502-iv_506 | 1955 | 4265 | 45 | 76 |
| iv_507-iv_509 | 2092 | 4349 | 44 | 73 |
| iv_497-iv_506 | 1949 | 4339 | 44 | 77 |
| iv_497-iv_507 | 1999 | 4413 | 44 | 72 |
| iv_499-iv_502 | 2090 | 4294 | 43 | 79 |
| iv_499-iv_509 | 2102 | 4454 | 43 | 79 |
| iv_502-iv_509 | 1985 | 4434 | 43 | 78 |
| iv_499-iv_506 | 1966 | 4497 | 43 | 81 |
| iv_497-iv_499 | 2031 | 4474 | 43 | 78 |

### Input Bit Output Co-occurrences Sorted by Potential Output Occurrences

| Input Bits | Co-occurrences | Potential Occurrences | Output Co-occurrences | Potential Output Occurrences |
|:----------:|:--------------:|:---------------------:|:---------------------:|:----------------------------:|
| iv_499-iv_504 | 2119 | 4202 | 49 | 63 |
| iv_508-iv_511 | 1934 | 4440 | 43 | 68 |
| iv_501-iv_502 | 1998 | 4273 | 40 | 71 |
| iv_504-iv_506 | 1920 | 4301 | 45 | 72 |
| iv_497-iv_507 | 1999 | 4413 | 44 | 72 |
| iv_503-iv_507 | 2075 | 4399 | 45 | 73 |
| iv_507-iv_509 | 2092 | 4349 | 44 | 73 |
| iv_504-iv_508 | 1895 | 4388 | 41 | 74 |
| iv_498-iv_511 | 1827 | 4524 | 39 | 74 |
| iv_498-iv_499 | 1901 | 4534 | 42 | 75 |
| iv_501-iv_506 | 1967 | 4290 | 39 | 75 |
| iv_498-iv_509 | 1880 | 4506 | 41 | 76 |

## Output Bits

### Output Bits in Regular Order

| Rank | Output Bit | Complexity |
|:----:|:----------:|:----------:|
| 1 | ov_001 | 6.241166450605471 × 10^304 |
| 2 | ov_002 | 5.430699923713739 × 10^304 |
| 3 | ov_003 | 4.7031189069853416 × 10^304 |
| 4 | ov_004 | 4.0522003237934454 × 10^304 |
| 5 | ov_005 | 3.472062908886705 × 10^304 |
| 6 | ov_006 | 2.957143126613572 × 10^304 |
| 7 | ov_007 | 2.5021741428899137 × 10^304 |
| 8 | ov_008 | 2.1021675976282796 × 10^304 |
| 9 | ov_009 | 1.752397940831577 × 10^304 |
| 10 | ov_010 | 1.4483890750510583 × 10^304 |
| 11 | ov_011 | 1.1859030584982584 × 10^304 |
| 12 | ov_012 | 9.609306668770433 × 10^303 |
| 13 | ov_013 | 7.696836266683329 × 10^303 |
| 14 | ov_014 | 6.085883182257519 × 10^303 |
| 15 | ov_015 | 4.742807468707422 × 10^303 |
| 16 | ov_016 | 3.636025942589188 × 10^303 |
| 17 | ov_017 | 2.7359817626936407 × 10^303 |
| 18 | ov_018 | 2.0151214757612116 × 10^303 |
| 19 | ov_019 | 1.4478780691999284 × 10^303 |
| 20 | ov_020 | 1.0106587092611293 × 10^303 |
| 21 | ov_021 | 6.818360379294949 × 10^302 |
| 22 | ov_022 | 4.417421531921398 × 10^302 |
| 23 | ov_023 | 2.726645747375649 × 10^302 |
| 24 | ov_024 | 1.5884363141075785 × 10^302 |
| 25 | ov_025 | 8.647087188997043 × 10^301 |
| 26 | ov_026 | 4.368820284585394 × 10^301 |
| 27 | ov_027 | 2.058749085657237 × 10^301 |
| 28 | ov_028 | 9.21040998017486 × 10^300 |
| 29 | ov_029 | 3.548393936633732 × 10^300 |
| 30 | ov_030 | 1.0845970048139697 × 10^300 |
| 31 | ov_031 | 2.1151279637128227 × 10^299 |
| 32 | lv_80_m31 | 4.1240869399017887 × 10^298 |
| 33 | ov_033 | 4.992261486730423 × 10^299 |
| 34 | ov_034 | 4.336928884152791 × 10^299 |
| 35 | ov_035 | 3.7502639030533937 × 10^299 |
| 36 | ov_036 | 3.226778461201335 × 10^299 |
| 37 | ov_037 | 2.761285273551273 × 10^299 |
| 38 | ov_038 | 2.3488765795341605 × 10^299 |
| 39 | ov_039 | 1.9849056342815597 × 10^299 |
| 40 | ov_040 | 1.6649707122369736 × 10^299 |
| 41 | ov_041 | 1.3849013841583828 × 10^299 |
| 42 | ov_042 | 1.1407468408587597 × 10^299 |
| 43 | ov_043 | 9.305852442555439 × 10^298 |
| 44 | ov_044 | 7.508771231088329 × 10^298 |
| 45 | ov_045 | 5.982777932190285 × 10^298 |
| 46 | ov_046 | 4.6963184321618563 × 10^298 |
| 47 | ov_047 | 3.6340826973658804 × 10^298 |
| 48 | ov_048 | 2.768178839731933 × 10^298 |
| 49 | ov_049 | 2.0725018007615588 × 10^298 |
| 50 | ov_050 | 1.5227131057882148 × 10^298 |
| 51 | ov_051 | 1.096226039973452 × 10^298 |
| 52 | ov_052 | 7.721951557519207 × 10^297 |
| 53 | ov_053 | 5.315091363475391 × 10^297 |
| 54 | ov_054 | 3.567861547539775 × 10^297 |
| 55 | ov_055 | 2.32370982255391 × 10^297 |
| 56 | ov_056 | 1.44333240326482 × 10^297 |
| 57 | ov_057 | 8.61387888346108 × 10^296 |
| 58 | ov_058 | 4.730432356653621 × 10^296 |
| 59 | ov_059 | 2.301895655673532 × 10^296 |
| 60 | ov_060 | 9.333238902125719 × 10^295 |
| 61 | ov_061 | 3.159128432455439 × 10^295 |
| 62 | ov_062 | 8.470297016832935 × 10^294 |
| 63 | ov_063 | 1.875272891523376 × 10^294 |
| 64 | lv_79_m31 | 3.6569851182290774 × 10^293 |
| 65 | ov_065 | 4.3974918880506625 × 10^294 |
| 66 | ov_066 | 4.3974805947703364 × 10^294 |
| 67 | ov_067 | 4.397477900353156 × 10^294 |
| 68 | ov_068 | 3.8204334389418746 × 10^294 |
| 69 | ov_069 | 3.30248096504544 × 10^294 |
| 70 | ov_070 | 2.83931502413424 × 10^294 |
| 71 | ov_071 | 2.4268361801542968 × 10^294 |
| 72 | ov_072 | 2.061137668243751 × 10^294 |
| 73 | ov_073 | 1.7384946789409005 × 10^294 |
| 74 | ov_074 | 1.4553558943004341 × 10^294 |
| 75 | ov_075 | 1.2083369165634918 × 10^294 |
| 76 | ov_076 | 9.94215249457299 × 10^293 |
| 77 | ov_077 | 8.099265109695153 × 10^293 |
| 78 | ov_078 | 6.525615746721468 × 10^293 |
| 79 | ov_079 | 5.193643544651559 × 10^293 |
| 80 | ov_080 | 4.077299931899747 × 10^293 |
| 81 | ov_081 | 3.1520331503868424 × 10^293 |
| 82 | ov_082 | 2.394774946837439 × 10^293 |
| 83 | ov_083 | 1.7839292640017088 × 10^293 |
| 84 | ov_084 | 1.2993627652701866 × 10^293 |
| 85 | ov_085 | 9.223970266510461 × 10^292 |
| 86 | ov_086 | 6.358022304029079 × 10^292 |
| 87 | ov_087 | 4.237921948193048 × 10^292 |
| 88 | ov_088 | 2.720205747847675 × 10^292 |
| 89 | ov_089 | 1.6757806779426197 × 10^292 |
| 90 | ov_090 | 9.899046016584501 × 10^291 |
| 91 | ov_091 | 5.621734819468993 × 10^291 |
| 92 | ov_092 | 3.0651370389215114 × 10^291 |
| 93 | ov_093 | 1.5117795097423513 × 10^291 |
| 94 | ov_094 | 6.387379964911517 × 10^290 |
| 95 | aaa_78_28 | 1.947074023221438 × 10^290 |
| 96 | aaa_78_29 | 5.858940141872602 × 10^289 |
| 97 | ov_097 | 3.0155104002623884 × 10^289 |
| 98 | ov_098 | 3.015482984333494 × 10^289 |
| 99 | ov_099 | 3.0154742191529034 × 10^289 |
| 100 | ov_100 | 2.502035939479336 × 10^289 |
| 101 | ov_101 | 2.0593965680358661 × 10^289 |
| 102 | ov_102 | 1.6807771932505923 × 10^289 |
| 103 | ov_103 | 1.3597743150437306 × 10^289 |
| 104 | ov_104 | 1.09033259692113 × 10^289 |
| 105 | ov_105 | 8.667210720865435 × 10^288 |
| 106 | ov_106 | 6.835124944955355 × 10^288 |
| 107 | ov_107 | 5.355655419713395 × 10^288 |
| 108 | ov_108 | 4.180095940869009 × 10^288 |
| 109 | ov_109 | 3.2623182260114204 × 10^288 |
| 110 | ov_110 | 2.5586634691963953 × 10^288 |
| 111 | ov_111 | 2.0278522141553515 × 10^288 |
| 112 | ov_112 | 1.630910355681152 × 10^288 |
| 113 | ov_113 | 1.3311092181474835 × 10^288 |
| 114 | ov_114 | 1.0939177981663697 × 10^288 |
| 115 | ov_115 | 8.869653955006268 × 10^287 |
| 116 | ov_116 | 7.081417019041417 × 10^287 |
| 117 | ov_117 | 5.553519057036157 × 10^287 |
| 118 | ov_118 | 4.265120454255609 × 10^287 |
| 119 | ov_119 | 3.1954545950728287 × 10^287 |
| 120 | ov_120 | 2.323801964874899 × 10^287 |
| 121 | ov_121 | 1.629472500954189 × 10^287 |
| 122 | ov_122 | 1.0917942292280223 × 10^287 |
| 123 | ov_123 | 6.901057856672465 × 10^286 |
| 124 | ov_124 | 4.03751367705096 × 10^286 |
| 125 | ov_125 | 2.1207760378221887 × 10^286 |
| 126 | ov_126 | 9.4431954925312 × 10^285 |
| 127 | aaa_77_28 | 3.01621005033452 × 10^285 |
| 128 | aaa_77_29 | 1.1312049796056338 × 10^285 |
| 129 | ov_129 | 1.0568983058913332 × 10^285 |
| 130 | ov_130 | 1.0568953451047859 × 10^285 |
| 131 | ov_131 | 1.056894628528568 × 10^285 |
| 132 | ov_132 | 9.184710144764241 × 10^284 |
| 133 | ov_133 | 7.942852306448574 × 10^284 |
| 134 | ov_134 | 6.832694721703761 × 10^284 |
| 135 | ov_135 | 5.8441379506402476 × 10^284 |
| 136 | ov_136 | 4.967619891484108 × 10^284 |
| 137 | ov_137 | 4.194080048719613 × 10^284 |
| 138 | ov_138 | 3.514928824324478 × 10^284 |
| 139 | ov_139 | 2.9220213430867627 × 10^284 |
| 140 | ov_140 | 2.4076353488097046 × 10^284 |
| 141 | ov_141 | 1.9644527333557294 × 10^284 |
| 142 | ov_142 | 1.5855442851073209 × 10^284 |
| 143 | ov_143 | 1.2643572676586367 × 10^284 |
| 144 | ov_144 | 9.947054635029177 × 10^283 |
| 145 | ov_145 | 7.707613412314672 × 10^283 |
| 146 | ov_146 | 5.870500283757555 × 10^283 |
| 147 | ov_147 | 4.384447955530768 × 10^283 |
| 148 | ov_148 | 3.201637810511798 × 10^283 |
| 149 | ov_149 | 2.277677084293366 × 10^283 |
| 150 | ov_150 | 1.5715837313485494 × 10^283 |
| 151 | ov_151 | 1.0457769754238397 × 10^283 |
| 152 | ov_152 | 6.660717722305891 × 10^282 |
| 153 | ov_153 | 4.016757133325052 × 10^282 |
| 154 | ov_154 | 2.2518732007440055 × 10^282 |
| 155 | ov_155 | 1.1259508628632879 × 10^282 |
| 156 | aaa_76_25 | 4.327695697914494 × 10^281 |
| 157 | aaa_76_26 | 2.5004978538046482 × 10^281 |
| 158 | aaa_76_27 | 1.2807711609653028 × 10^281 |
| 159 | aaa_76_28 | 4.990682368883514 × 10^280 |
| 160 | aaa_76_29 | 1.5190004306723731 × 10^280 |

### Output Bits Sorted by Complexity

| Rank | Output Bit | Complexity |
|:----:|:----------:|:----------:|
| 160 | aaa_76_29 | 1.5190004306723731 × 10^280 |
| 159 | aaa_76_28 | 4.990682368883514 × 10^280 |
| 158 | aaa_76_27 | 1.2807711609653028 × 10^281 |
| 157 | aaa_76_26 | 2.5004978538046482 × 10^281 |
| 156 | aaa_76_25 | 4.327695697914494 × 10^281 |
| 155 | ov_155 | 1.1259508628632879 × 10^282 |
| 154 | ov_154 | 2.2518732007440055 × 10^282 |
| 153 | ov_153 | 4.016757133325052 × 10^282 |
| 152 | ov_152 | 6.660717722305891 × 10^282 |
| 151 | ov_151 | 1.0457769754238397 × 10^283 |
| 150 | ov_150 | 1.5715837313485494 × 10^283 |
| 149 | ov_149 | 2.277677084293366 × 10^283 |
| 148 | ov_148 | 3.201637810511798 × 10^283 |
| 147 | ov_147 | 4.384447955530768 × 10^283 |
| 146 | ov_146 | 5.870500283757555 × 10^283 |
| 145 | ov_145 | 7.707613412314672 × 10^283 |
| 144 | ov_144 | 9.947054635029177 × 10^283 |
| 143 | ov_143 | 1.2643572676586367 × 10^284 |
| 142 | ov_142 | 1.5855442851073209 × 10^284 |
| 141 | ov_141 | 1.9644527333557294 × 10^284 |
| 140 | ov_140 | 2.4076353488097046 × 10^284 |
| 139 | ov_139 | 2.9220213430867627 × 10^284 |
| 138 | ov_138 | 3.514928824324478 × 10^284 |
| 137 | ov_137 | 4.194080048719613 × 10^284 |
| 136 | ov_136 | 4.967619891484108 × 10^284 |
| 135 | ov_135 | 5.8441379506402476 × 10^284 |
| 134 | ov_134 | 6.832694721703761 × 10^284 |
| 133 | ov_133 | 7.942852306448574 × 10^284 |
| 132 | ov_132 | 9.184710144764241 × 10^284 |
| 131 | ov_131 | 1.056894628528568 × 10^285 |
| 130 | ov_130 | 1.0568953451047859 × 10^285 |
| 129 | ov_129 | 1.0568983058913332 × 10^285 |
| 128 | aaa_77_29 | 1.1312049796056338 × 10^285 |
| 127 | aaa_77_28 | 3.01621005033452 × 10^285 |
| 126 | ov_126 | 9.4431954925312 × 10^285 |
| 125 | ov_125 | 2.1207760378221887 × 10^286 |
| 124 | ov_124 | 4.03751367705096 × 10^286 |
| 123 | ov_123 | 6.901057856672465 × 10^286 |
| 122 | ov_122 | 1.0917942292280223 × 10^287 |
| 121 | ov_121 | 1.629472500954189 × 10^287 |
| 120 | ov_120 | 2.323801964874899 × 10^287 |
| 119 | ov_119 | 3.1954545950728287 × 10^287 |
| 118 | ov_118 | 4.265120454255609 × 10^287 |
| 117 | ov_117 | 5.553519057036157 × 10^287 |
| 116 | ov_116 | 7.081417019041417 × 10^287 |
| 115 | ov_115 | 8.869653955006268 × 10^287 |
| 114 | ov_114 | 1.0939177981663697 × 10^288 |
| 113 | ov_113 | 1.3311092181474835 × 10^288 |
| 112 | ov_112 | 1.630910355681152 × 10^288 |
| 111 | ov_111 | 2.0278522141553515 × 10^288 |
| 110 | ov_110 | 2.5586634691963953 × 10^288 |
| 109 | ov_109 | 3.2623182260114204 × 10^288 |
| 108 | ov_108 | 4.180095940869009 × 10^288 |
| 107 | ov_107 | 5.355655419713395 × 10^288 |
| 106 | ov_106 | 6.835124944955355 × 10^288 |
| 105 | ov_105 | 8.667210720865435 × 10^288 |
| 104 | ov_104 | 1.09033259692113 × 10^289 |
| 103 | ov_103 | 1.3597743150437306 × 10^289 |
| 102 | ov_102 | 1.6807771932505923 × 10^289 |
| 101 | ov_101 | 2.0593965680358661 × 10^289 |
| 100 | ov_100 | 2.502035939479336 × 10^289 |
| 99 | ov_099 | 3.0154742191529034 × 10^289 |
| 98 | ov_098 | 3.015482984333494 × 10^289 |
| 97 | ov_097 | 3.0155104002623884 × 10^289 |
| 96 | aaa_78_29 | 5.858940141872602 × 10^289 |
| 95 | aaa_78_28 | 1.947074023221438 × 10^290 |
| 94 | ov_094 | 6.387379964911517 × 10^290 |
| 93 | ov_093 | 1.5117795097423513 × 10^291 |
| 92 | ov_092 | 3.0651370389215114 × 10^291 |
| 91 | ov_091 | 5.621734819468993 × 10^291 |
| 90 | ov_090 | 9.899046016584501 × 10^291 |
| 89 | ov_089 | 1.6757806779426197 × 10^292 |
| 88 | ov_088 | 2.720205747847675 × 10^292 |
| 87 | ov_087 | 4.237921948193048 × 10^292 |
| 86 | ov_086 | 6.358022304029079 × 10^292 |
| 85 | ov_085 | 9.223970266510461 × 10^292 |
| 84 | ov_084 | 1.2993627652701866 × 10^293 |
| 83 | ov_083 | 1.7839292640017088 × 10^293 |
| 82 | ov_082 | 2.394774946837439 × 10^293 |
| 81 | ov_081 | 3.1520331503868424 × 10^293 |
| 64 | lv_79_m31 | 3.6569851182290774 × 10^293 |
| 80 | ov_080 | 4.077299931899747 × 10^293 |
| 79 | ov_079 | 5.193643544651559 × 10^293 |
| 78 | ov_078 | 6.525615746721468 × 10^293 |
| 77 | ov_077 | 8.099265109695153 × 10^293 |
| 76 | ov_076 | 9.94215249457299 × 10^293 |
| 75 | ov_075 | 1.2083369165634918 × 10^294 |
| 74 | ov_074 | 1.4553558943004341 × 10^294 |
| 73 | ov_073 | 1.7384946789409005 × 10^294 |
| 63 | ov_063 | 1.875272891523376 × 10^294 |
| 72 | ov_072 | 2.061137668243751 × 10^294 |
| 71 | ov_071 | 2.4268361801542968 × 10^294 |
| 70 | ov_070 | 2.83931502413424 × 10^294 |
| 69 | ov_069 | 3.30248096504544 × 10^294 |
| 68 | ov_068 | 3.8204334389418746 × 10^294 |
| 67 | ov_067 | 4.397477900353156 × 10^294 |
| 66 | ov_066 | 4.3974805947703364 × 10^294 |
| 65 | ov_065 | 4.3974918880506625 × 10^294 |
| 62 | ov_062 | 8.470297016832935 × 10^294 |
| 61 | ov_061 | 3.159128432455439 × 10^295 |
| 60 | ov_060 | 9.333238902125719 × 10^295 |
| 59 | ov_059 | 2.301895655673532 × 10^296 |
| 58 | ov_058 | 4.730432356653621 × 10^296 |
| 57 | ov_057 | 8.61387888346108 × 10^296 |
| 56 | ov_056 | 1.44333240326482 × 10^297 |
| 55 | ov_055 | 2.32370982255391 × 10^297 |
| 54 | ov_054 | 3.567861547539775 × 10^297 |
| 53 | ov_053 | 5.315091363475391 × 10^297 |
| 52 | ov_052 | 7.721951557519207 × 10^297 |
| 51 | ov_051 | 1.096226039973452 × 10^298 |
| 50 | ov_050 | 1.5227131057882148 × 10^298 |
| 49 | ov_049 | 2.0725018007615588 × 10^298 |
| 48 | ov_048 | 2.768178839731933 × 10^298 |
| 47 | ov_047 | 3.6340826973658804 × 10^298 |
| 32 | lv_80_m31 | 4.1240869399017887 × 10^298 |
| 46 | ov_046 | 4.6963184321618563 × 10^298 |
| 45 | ov_045 | 5.982777932190285 × 10^298 |
| 44 | ov_044 | 7.508771231088329 × 10^298 |
| 43 | ov_043 | 9.305852442555439 × 10^298 |
| 42 | ov_042 | 1.1407468408587597 × 10^299 |
| 41 | ov_041 | 1.3849013841583828 × 10^299 |
| 40 | ov_040 | 1.6649707122369736 × 10^299 |
| 39 | ov_039 | 1.9849056342815597 × 10^299 |
| 31 | ov_031 | 2.1151279637128227 × 10^299 |
| 38 | ov_038 | 2.3488765795341605 × 10^299 |
| 37 | ov_037 | 2.761285273551273 × 10^299 |
| 36 | ov_036 | 3.226778461201335 × 10^299 |
| 35 | ov_035 | 3.7502639030533937 × 10^299 |
| 34 | ov_034 | 4.336928884152791 × 10^299 |
| 33 | ov_033 | 4.992261486730423 × 10^299 |
| 30 | ov_030 | 1.0845970048139697 × 10^300 |
| 29 | ov_029 | 3.548393936633732 × 10^300 |
| 28 | ov_028 | 9.21040998017486 × 10^300 |
| 27 | ov_027 | 2.058749085657237 × 10^301 |
| 26 | ov_026 | 4.368820284585394 × 10^301 |
| 25 | ov_025 | 8.647087188997043 × 10^301 |
| 24 | ov_024 | 1.5884363141075785 × 10^302 |
| 23 | ov_023 | 2.726645747375649 × 10^302 |
| 22 | ov_022 | 4.417421531921398 × 10^302 |
| 21 | ov_021 | 6.818360379294949 × 10^302 |
| 20 | ov_020 | 1.0106587092611293 × 10^303 |
| 19 | ov_019 | 1.4478780691999284 × 10^303 |
| 18 | ov_018 | 2.0151214757612116 × 10^303 |
| 17 | ov_017 | 2.7359817626936407 × 10^303 |
| 16 | ov_016 | 3.636025942589188 × 10^303 |
| 15 | ov_015 | 4.742807468707422 × 10^303 |
| 14 | ov_014 | 6.085883182257519 × 10^303 |
| 13 | ov_013 | 7.696836266683329 × 10^303 |
| 12 | ov_012 | 9.609306668770433 × 10^303 |
| 11 | ov_011 | 1.1859030584982584 × 10^304 |
| 10 | ov_010 | 1.4483890750510583 × 10^304 |
| 9 | ov_009 | 1.752397940831577 × 10^304 |
| 8 | ov_008 | 2.1021675976282796 × 10^304 |
| 7 | ov_007 | 2.5021741428899137 × 10^304 |
| 6 | ov_006 | 2.957143126613572 × 10^304 |
| 5 | ov_005 | 3.472062908886705 × 10^304 |
| 4 | ov_004 | 4.0522003237934454 × 10^304 |
| 3 | ov_003 | 4.7031189069853416 × 10^304 |
| 2 | ov_002 | 5.430699923713739 × 10^304 |
| 1 | ov_001 | 6.241166450605471 × 10^304 |

