# Results for F001-F002-F003-F004-F005-F006-F007-F008-F009-F010-F011-F012-F013-F014-F015-F016-F017-F018-F019-F020-F021-F022-F023-F024-F025-F026-F027-F028-F029-F030-F031-F032-F033-F034-F035-F036-F037-F038-F039-F040-F041-F042-F043-F044-F045-F046-F047-F048-F049-F050-F051-F052-F053-F054-F055-F056-F057-F058-F059-F060-F061-F062-F063-F064-F065-F066-F067-F068-F069-F070-F071-F072-F073-F074-F075-F076-F077-F078-F079-F080-F081-F082-F083-F084-F085-F086-F087-F088-F089-F090-F091-F092-F093-F094-F095-F096-F097-F098-F099-F100-F101-F102-F103-F104-F105-F106-F107-F108-F109-F110-F111-F112-F113-F114-F115-F116-F117-F118-F119-F120-F121-F122-F123-F124-F125-F126-F127-F128-F129-F130-F131-F132-F133-F134-F135-F136-F137-F138-F139-F140-F141-F142-F143-F144-F145-F146-F147-F148-F149-F150-F151-F152-F153-F154-F155-F156-F157-F158-F159-F160-F161-F162-F163-F164-F165-F166-F167-F168-F169-F170-F171-F172-F173-F174-F175-F176-F177-F178-F179-F180-F181-F182-F183-F184-F185-F186-F187-F188-F189-F190-F191-F192-F193-F194-F195-F196-F197-F198-F199-F200-F201-F202-F203-F204-F205-F206-F207-F208-F209-F210-F211-F212-F213-F214-F215-F216-F217-F218-F219-F220-F221-F222-F223-F224-F225-F226-F227-F228-F229-F230-F231-F232-F233-F234-F235-F236-F237-F238-F239-F240-F241-F242-F243-F244-F245-F246-F247-F248-F249-F250-F251-F252-F253-F254-F255-F256-F257-F258-F259-F260-F261-F262-F263-F264-F265-F266-F267-F268-F269-F270-F271-F272-F273-F274-F275-F276-F277-F278-F279-F280-F281-F282-F283-F284-F285-F286-F287-F288-F289-F290-F291-F292-F293-F294-F295-F296-F297-F298-F299-F300-F301-F302-F303-F304-F305-F306-F307-F308-F309-F310-F311-F312-F313-F314-F315-F316-F317-F318-F319-F320-F321-F322-F323-F324-F325-F326-F327-F328-F329-F330-F331-F332-F333-F334-F335-F336-F337-F338-F339-F340-F341-F342-F343-F344-F345-F346-F347-F348-F349-F350-F351-F352-F353-F354-F355-F356-F357-F358-F359-F360-F361-F362-F363-F364-F365-F366-F367-F368-F369-F370-F371-F372-F373-F374-F375-F376-F377-F378-F379-F380-F381-F382-F383-F384-F385-F386-F387-F388-F389-F390-F391-F392-F393-F394-F395-F396-F397-F398-F399-F400-F401-F402-F403-F404-F405-F406-F407-F408-F409-F410-F411-F412-F413-F414-F415-F416-F417-F418-F419-F420-F421-F422-F423-F424-F425-F426-F427-F428-F429-F430-F431-F432-F433-F434-F435-F436-F437-F438-F439-F440-F441-F442-F443-F444-F445-F446-F447-F448-F449-F450-F451-F452-F453-F454-F455-F456-F457-F458-F459-F460-F461-F462-F463-F464-F465-F466-F467-F468-F469-F470-F471-F472-F473-F474-F475-F476-F477-F478-F479-F480-F481-F482-F483-F484-F485-F486-F487-F488-F489-F490-F491-F492-F493-F494-F495-F496-F500-F509-F510-F512

## Summary

Number of input bits: 512  
Number of free input bits: 12  
Number of output bits: 160

Number of direct occurrences: 48848  
Number of assignments: 31443  
Number of operations: 11149693
(xor: 11121430,
and: 14898,
or: 13365)

Total complexity: 8.855543127383926 × 10^299

Least occurring input variable: iv_502 (3906)  
Most occurring input variable: iv_511 (4309)

Most co-occurring input variables: iv_507-iv_508 (2054)  
Least co-occurring input variables: iv_498-iv_502 (1767)

Potentially most occurring input variable: iv_508/iv_511 (4506)  
Potentially least occurring input variable: iv_504/iv_505 (4034)

Least output occurring input variable: iv_505 (72)  
Most output occurring input variable: iv_497 (93)

Most output co-occurring input variables: iv_497-iv_502 (52)  
Least output co-occurring input variables: iv_503-iv_505 (30)

Potentially most output occurring input variable: iv_503/iv_505 (91)  
Potentially least output occurring input variable: iv_499/iv_505 (57)

Least complex input bit: iv_511 (1.3066002152973514 × 10^296)  
Most complex input bit: iv_505 (1.9024922795315963 × 10^299)

Least complex output bit: aaa_76_29 (1.3235233611348202 × 10^275)  
Most complex output bit: ov_001 (1.3845566251864033 × 10^299)

Least complex input/output complexity: iv_511/aaa_76_29 (1.9528061506044463 × 10^271)  
Most complex input/output complexity: iv_505/ov_001 (2.9745304744166594 × 10^298)

## Input Bits

### Input Bits in Regular Order

| Input Bit | Complexity | Occurrences | Output Occurrences |
|:---------:|:----------:|:-----------:|:------------------:|
| iv_497 | 3.1718817651453624 × 10^297 | 4143 | 93 |
| iv_498 | 6.350373176133265 × 10^297 | 3962 | 88 |
| iv_499 | 1.1225055497390406 × 10^298 | 3962 | 81 |
| iv_501 | 3.1273421144661455 × 10^298 | 4090 | 83 |
| iv_502 | 5.053861274681891 × 10^298 | 3906 | 82 |
| iv_503 | 8.015223141579171 × 10^298 | 4054 | 79 |
| iv_504 | 1.2461126742544966 × 10^299 | 3944 | 78 |
| iv_505 | 1.9024922795315963 × 10^299 | 4102 | 72 |
| iv_506 | 9.526998438957175 × 10^298 | 3976 | 82 |
| iv_507 | 1.35524021979553 × 10^299 | 4195 | 76 |
| iv_508 | 1.5705757522318934 × 10^299 | 4205 | 81 |
| iv_511 | 1.3066002152973514 × 10^296 | 4309 | 80 |

### Input Bits Sorted by Complexity

| Input Bit | Complexity | Occurrences | Output Occurrences |
|:---------:|:----------:|:-----------:|:------------------:|
| iv_511 | 1.3066002152973514 × 10^296 | 4309 | 80 |
| iv_497 | 3.1718817651453624 × 10^297 | 4143 | 93 |
| iv_498 | 6.350373176133265 × 10^297 | 3962 | 88 |
| iv_499 | 1.1225055497390406 × 10^298 | 3962 | 81 |
| iv_501 | 3.1273421144661455 × 10^298 | 4090 | 83 |
| iv_502 | 5.053861274681891 × 10^298 | 3906 | 82 |
| iv_503 | 8.015223141579171 × 10^298 | 4054 | 79 |
| iv_506 | 9.526998438957175 × 10^298 | 3976 | 82 |
| iv_504 | 1.2461126742544966 × 10^299 | 3944 | 78 |
| iv_507 | 1.35524021979553 × 10^299 | 4195 | 76 |
| iv_508 | 1.5705757522318934 × 10^299 | 4205 | 81 |
| iv_505 | 1.9024922795315963 × 10^299 | 4102 | 72 |

### Input Bits Sorted by Occurrences

| Input Bit | Complexity | Occurrences | Output Occurrences |
|:---------:|:----------:|:-----------:|:------------------:|
| iv_502 | 5.053861274681891 × 10^298 | 3906 | 82 |
| iv_504 | 1.2461126742544966 × 10^299 | 3944 | 78 |
| iv_499 | 1.1225055497390406 × 10^298 | 3962 | 81 |
| iv_498 | 6.350373176133265 × 10^297 | 3962 | 88 |
| iv_506 | 9.526998438957175 × 10^298 | 3976 | 82 |
| iv_503 | 8.015223141579171 × 10^298 | 4054 | 79 |
| iv_501 | 3.1273421144661455 × 10^298 | 4090 | 83 |
| iv_505 | 1.9024922795315963 × 10^299 | 4102 | 72 |
| iv_497 | 3.1718817651453624 × 10^297 | 4143 | 93 |
| iv_507 | 1.35524021979553 × 10^299 | 4195 | 76 |
| iv_508 | 1.5705757522318934 × 10^299 | 4205 | 81 |
| iv_511 | 1.3066002152973514 × 10^296 | 4309 | 80 |

### Input Bits Sorted by Output Occurrences

| Input Bit | Complexity | Occurrences | Output Occurrences |
|:---------:|:----------:|:-----------:|:------------------:|
| iv_505 | 1.9024922795315963 × 10^299 | 4102 | 72 |
| iv_507 | 1.35524021979553 × 10^299 | 4195 | 76 |
| iv_504 | 1.2461126742544966 × 10^299 | 3944 | 78 |
| iv_503 | 8.015223141579171 × 10^298 | 4054 | 79 |
| iv_511 | 1.3066002152973514 × 10^296 | 4309 | 80 |
| iv_499 | 1.1225055497390406 × 10^298 | 3962 | 81 |
| iv_508 | 1.5705757522318934 × 10^299 | 4205 | 81 |
| iv_502 | 5.053861274681891 × 10^298 | 3906 | 82 |
| iv_506 | 9.526998438957175 × 10^298 | 3976 | 82 |
| iv_501 | 3.1273421144661455 × 10^298 | 4090 | 83 |
| iv_498 | 6.350373176133265 × 10^297 | 3962 | 88 |
| iv_497 | 3.1718817651453624 × 10^297 | 4143 | 93 |

## Input Bit Co-occurrences

### Input Bit Co-occurrences Sorted by Co-occurrences

| Input Bits | Co-occurrences | Potential Occurrences | Output Co-occurrences | Potential Output Occurrences |
|:----------:|:--------------:|:---------------------:|:---------------------:|:----------------------------:|
| iv_507-iv_508 | 2054 | 4292 | 43 | 71 |
| iv_497-iv_507 | 2050 | 4238 | 44 | 81 |
| iv_505-iv_507 | 2050 | 4197 | 31 | 86 |
| iv_501-iv_505 | 2037 | 4118 | 41 | 73 |
| iv_501-iv_511 | 2034 | 4331 | 39 | 85 |
| iv_503-iv_511 | 2028 | 4307 | 41 | 77 |
| iv_507-iv_511 | 2013 | 4478 | 39 | 78 |
| iv_497-iv_511 | 2010 | 4432 | 47 | 79 |
| iv_504-iv_505 | 2006 | 4034 | 39 | 72 |
| iv_497-iv_501 | 2006 | 4221 | 48 | 80 |
| iv_508-iv_511 | 2004 | 4506 | 40 | 81 |
| iv_505-iv_511 | 2000 | 4411 | 36 | 80 |

### Input Bit Co-occurrences Sorted by Potential Occurrences

| Input Bits | Co-occurrences | Potential Occurrences | Output Co-occurrences | Potential Output Occurrences |
|:----------:|:--------------:|:---------------------:|:---------------------:|:----------------------------:|
| iv_504-iv_505 | 2006 | 4034 | 39 | 72 |
| iv_501-iv_505 | 2037 | 4118 | 41 | 73 |
| iv_502-iv_505 | 1923 | 4162 | 37 | 80 |
| iv_504-iv_506 | 1878 | 4164 | 42 | 76 |
| iv_499-iv_504 | 1868 | 4170 | 38 | 83 |
| iv_506-iv_507 | 1996 | 4179 | 39 | 80 |
| iv_499-iv_501 | 1931 | 4190 | 44 | 76 |
| iv_505-iv_507 | 2050 | 4197 | 31 | 86 |
| iv_497-iv_506 | 1955 | 4209 | 51 | 73 |
| iv_499-iv_505 | 1927 | 4210 | 48 | 57 |
| iv_498-iv_504 | 1847 | 4212 | 46 | 74 |
| iv_499-iv_503 | 1900 | 4216 | 44 | 72 |

### Input Bit Output Co-occurrences Sorted by Output Co-occurrences

| Input Bits | Co-occurrences | Potential Occurrences | Output Co-occurrences | Potential Output Occurrences |
|:----------:|:--------------:|:---------------------:|:---------------------:|:----------------------------:|
| iv_497-iv_502 | 1904 | 4241 | 52 | 71 |
| iv_497-iv_506 | 1955 | 4209 | 51 | 73 |
| iv_497-iv_504 | 1929 | 4229 | 50 | 71 |
| iv_497-iv_498 | 1893 | 4319 | 50 | 81 |
| iv_498-iv_499 | 1831 | 4262 | 48 | 73 |
| iv_498-iv_501 | 1873 | 4306 | 48 | 75 |
| iv_498-iv_505 | 1899 | 4266 | 48 | 64 |
| iv_499-iv_505 | 1927 | 4210 | 48 | 57 |
| iv_497-iv_501 | 2006 | 4221 | 48 | 80 |
| iv_497-iv_503 | 1949 | 4299 | 48 | 76 |
| iv_497-iv_511 | 2010 | 4432 | 47 | 79 |
| iv_498-iv_502 | 1767 | 4334 | 46 | 78 |

### Input Bit Output Co-occurrences Sorted by Potential Output Occurrences

| Input Bits | Co-occurrences | Potential Occurrences | Output Co-occurrences | Potential Output Occurrences |
|:----------:|:--------------:|:---------------------:|:---------------------:|:----------------------------:|
| iv_499-iv_505 | 1927 | 4210 | 48 | 57 |
| iv_498-iv_505 | 1899 | 4266 | 48 | 64 |
| iv_497-iv_504 | 1929 | 4229 | 50 | 71 |
| iv_497-iv_502 | 1904 | 4241 | 52 | 71 |
| iv_507-iv_508 | 2054 | 4292 | 43 | 71 |
| iv_499-iv_503 | 1900 | 4216 | 44 | 72 |
| iv_502-iv_511 | 1923 | 4369 | 45 | 72 |
| iv_504-iv_505 | 2006 | 4034 | 39 | 72 |
| iv_498-iv_499 | 1831 | 4262 | 48 | 73 |
| iv_501-iv_505 | 2037 | 4118 | 41 | 73 |
| iv_503-iv_504 | 1857 | 4284 | 42 | 73 |
| iv_503-iv_506 | 1832 | 4366 | 44 | 73 |

## Output Bits

### Output Bits in Regular Order

| Rank | Output Bit | Complexity |
|:----:|:----------:|:----------:|
| 1 | ov_001 | 1.3845566251864033 × 10^299 |
| 2 | ov_002 | 1.2047667885624363 × 10^299 |
| 3 | ov_003 | 1.0433619240143743 × 10^299 |
| 4 | ov_004 | 8.989619846301499 × 10^298 |
| 5 | ov_005 | 7.702627708286315 × 10^298 |
| 6 | ov_006 | 6.560305526393798 × 10^298 |
| 7 | ov_007 | 5.550973691664674 × 10^298 |
| 8 | ov_008 | 4.663569599737405 × 10^298 |
| 9 | ov_009 | 3.887612780279185 × 10^298 |
| 10 | ov_010 | 3.213175246261498 × 10^298 |
| 11 | ov_011 | 2.6308564940823627 × 10^298 |
| 12 | ov_012 | 2.1317626868460394 × 10^298 |
| 13 | ov_013 | 1.707489587025208 × 10^298 |
| 14 | ov_014 | 1.3501087714045774 × 10^298 |
| 15 | ov_015 | 1.0521566608056775 × 10^298 |
| 16 | ov_016 | 8.066259297257395 × 10^297 |
| 17 | ov_017 | 6.069588934272129 × 10^297 |
| 18 | ov_018 | 4.470425022547688 × 10^297 |
| 19 | ov_019 | 3.212046050841745 × 10^297 |
| 20 | ov_020 | 2.2421119098840827 × 10^297 |
| 21 | ov_021 | 1.512643935989634 × 10^297 |
| 22 | ov_022 | 9.800110087864076 × 10^296 |
| 23 | ov_023 | 6.049202386321451 × 10^296 |
| 24 | ov_024 | 3.5241093906263938 × 10^296 |
| 25 | ov_025 | 1.9185096203376123 × 10^296 |
| 26 | ov_026 | 9.693471195234123 × 10^295 |
| 27 | ov_027 | 4.568222908564729 × 10^295 |
| 28 | ov_028 | 2.0438838914865194 × 10^295 |
| 29 | ov_029 | 7.87504223630412 × 10^294 |
| 30 | ov_030 | 2.407377543541384 × 10^294 |
| 31 | ov_031 | 4.695586277342974 × 10^293 |
| 32 | lv_80_m31 | 9.157368768102657 × 10^292 |
| 33 | ov_033 | 1.108227557566767 × 10^294 |
| 34 | ov_034 | 9.628318142945665 × 10^293 |
| 35 | ov_035 | 8.327232542901154 × 10^293 |
| 36 | ov_036 | 7.166357298374895 × 10^293 |
| 37 | ov_037 | 6.133718528566774 × 10^293 |
| 38 | ov_038 | 5.2179816516816445 × 10^293 |
| 39 | ov_039 | 4.408409517979678 × 10^293 |
| 40 | ov_040 | 3.694826354913703 × 10^293 |
| 41 | ov_041 | 3.0675869437476807 × 10^293 |
| 42 | ov_042 | 2.5219977700403266 × 10^293 |
| 43 | ov_043 | 2.05361154655585 × 10^293 |
| 44 | ov_044 | 1.6542341204149125 × 10^293 |
| 45 | ov_045 | 1.3161205184281446 × 10^293 |
| 46 | ov_046 | 1.0319627675785658 × 10^293 |
| 47 | ov_047 | 7.982147734856241 × 10^292 |
| 48 | ov_048 | 6.084154482303069 × 10^292 |
| 49 | ov_049 | 4.565174296882094 × 10^292 |
| 50 | ov_050 | 3.3688263872647436 × 10^292 |
| 51 | ov_051 | 2.4427900896497727 × 10^292 |
| 52 | ov_052 | 1.7387813803172363 × 10^292 |
| 53 | ov_053 | 1.2125364633745646 × 10^292 |
| 54 | ov_054 | 8.238007712101095 × 10^291 |
| 55 | ov_055 | 5.3632197585785026 × 10^291 |
| 56 | ov_056 | 3.3297380724112336 × 10^291 |
| 57 | ov_057 | 1.9862817119814927 × 10^291 |
| 58 | ov_058 | 1.0902010056671409 × 10^291 |
| 59 | ov_059 | 5.301548284791913 × 10^290 |
| 60 | ov_060 | 2.1476716932202148 × 10^290 |
| 61 | ov_061 | 7.26262801739336 × 10^289 |
| 62 | ov_062 | 1.945309930409897 × 10^289 |
| 63 | ov_063 | 4.302435838622404 × 10^288 |
| 64 | lv_79_m31 | 8.382194793056859 × 10^287 |
| 65 | ov_065 | 1.0050071565086252 × 10^289 |
| 66 | ov_066 | 1.0050040930196712 × 10^289 |
| 67 | ov_067 | 1.0050033432686861 × 10^289 |
| 68 | ov_068 | 8.702401044247069 × 10^288 |
| 69 | ov_069 | 7.498826377282568 × 10^288 |
| 70 | ov_070 | 6.427705242028167 × 10^288 |
| 71 | ov_071 | 5.478147323457661 × 10^288 |
| 72 | ov_072 | 4.63992784316666 × 10^288 |
| 73 | ov_073 | 3.903443497708941 × 10^288 |
| 74 | ov_074 | 3.259672446497761 × 10^288 |
| 75 | ov_075 | 2.7001381311796952 × 10^288 |
| 76 | ov_076 | 2.2168767156359544 × 10^288 |
| 77 | ov_077 | 1.8024079416606403 × 10^288 |
| 78 | ov_078 | 1.4497092000894348 × 10^288 |
| 79 | ov_079 | 1.1521926208760731 × 10^288 |
| 80 | ov_080 | 9.036849884948923 × 10^287 |
| 81 | ov_081 | 6.984102912307269 × 10^287 |
| 82 | ov_082 | 5.309747145346821 × 10^287 |
| 83 | ov_083 | 3.963538897944616 × 10^287 |
| 84 | ov_084 | 2.8988221069173452 × 10^287 |
| 85 | ov_085 | 2.0724402987847016 × 10^287 |
| 86 | ov_086 | 1.4446654906796593 × 10^287 |
| 87 | ov_087 | 9.791421586377632 × 10^286 |
| 88 | ov_088 | 6.428444078711164 × 10^286 |
| 89 | ov_089 | 4.0604448041763335 × 10^286 |
| 90 | ov_090 | 2.4229073596506545 × 10^286 |
| 91 | ov_091 | 1.3917416519406062 × 10^286 |
| 92 | ov_092 | 7.675789395950152 × 10^285 |
| 93 | ov_093 | 3.835346247818382 × 10^285 |
| 94 | ov_094 | 1.642836175839233 × 10^285 |
| 95 | aaa_78_28 | 5.0728992873582856 × 10^284 |
| 96 | aaa_78_29 | 1.5579014141420287 × 10^284 |
| 97 | ov_097 | 1.0286038423648884 × 10^284 |
| 98 | ov_098 | 1.0285730029103245 × 10^284 |
| 99 | ov_099 | 1.0285631485722966 × 10^284 |
| 100 | ov_100 | 9.255061198664593 × 10^283 |
| 101 | ov_101 | 8.300701208711726 × 10^283 |
| 102 | ov_102 | 7.418350889195304 × 10^283 |
| 103 | ov_103 | 6.604114892901043 × 10^283 |
| 104 | ov_104 | 5.854363906961157 × 10^283 |
| 105 | ov_105 | 5.165698963056154 × 10^283 |
| 106 | ov_106 | 4.534919117579073 × 10^283 |
| 107 | ov_107 | 3.9589923232967317 × 10^283 |
| 108 | ov_108 | 3.4350293196232726 × 10^283 |
| 109 | ov_109 | 2.9602603730772144 × 10^283 |
| 110 | ov_110 | 2.532014702979399 × 10^283 |
| 111 | ov_111 | 2.14770243011532 × 10^283 |
| 112 | ov_112 | 1.8047988880694335 × 10^283 |
| 113 | ov_113 | 1.5008311383684343 × 10^283 |
| 114 | ov_114 | 1.233366531561427 × 10^283 |
| 115 | ov_115 | 1.0000031570225317 × 10^283 |
| 116 | ov_116 | 7.983620246790754 × 10^282 |
| 117 | ov_117 | 6.260808221237702 × 10^282 |
| 118 | ov_118 | 4.808090907202458 × 10^282 |
| 119 | ov_119 | 3.6020453586107506 × 10^282 |
| 120 | ov_120 | 2.619301865861586 × 10^282 |
| 121 | ov_121 | 1.836523768702572 × 10^282 |
| 122 | ov_122 | 1.230394509441219 × 10^282 |
| 123 | ov_123 | 7.776091605004845 × 10^281 |
| 124 | ov_124 | 4.548687504486473 × 10^281 |
| 125 | ov_125 | 2.388767984419944 × 10^281 |
| 126 | ov_126 | 1.063376118391069 × 10^281 |
| 127 | aaa_77_28 | 3.3955690236824276 × 10^280 |
| 128 | aaa_77_29 | 1.2729699396891162 × 10^280 |
| 129 | ov_129 | 1.1830837203102202 × 10^280 |
| 130 | ov_130 | 1.1830811411217597 × 10^280 |
| 131 | ov_131 | 1.1830803180313202 × 10^280 |
| 132 | ov_132 | 1.0266378706802935 × 10^280 |
| 133 | ov_133 | 8.864442798392655 × 10^279 |
| 134 | ov_134 | 7.612735472915211 × 10^279 |
| 135 | ov_135 | 6.499657622325017 × 10^279 |
| 136 | ov_136 | 5.514223819453965 × 10^279 |
| 137 | ov_137 | 4.6460215504772775 × 10^279 |
| 138 | ov_138 | 3.8851762681574297 × 10^279 |
| 139 | ov_139 | 3.222321692062588 × 10^279 |
| 140 | ov_140 | 2.6485748121228536 × 10^279 |
| 141 | ov_141 | 2.155515081300713 × 10^279 |
| 142 | ov_142 | 1.7351673119885984 × 10^279 |
| 143 | ov_143 | 1.3799878191527562 × 10^279 |
| 144 | ov_144 | 1.0828533813375057 × 10^279 |
| 145 | ov_145 | 8.370526185213134 × 10^278 |
| 146 | ov_146 | 6.3627941354694046 × 10^278 |
| 147 | ov_147 | 4.7462803148306906 × 10^278 |
| 148 | ov_148 | 3.465896188488128 × 10^278 |
| 149 | ov_149 | 2.4704979216785033 × 10^278 |
| 150 | ov_150 | 1.7128705282971833 × 10^278 |
| 151 | ov_151 | 1.1497179273071189 × 10^278 |
| 152 | ov_152 | 7.416569221930672 × 10^277 |
| 153 | ov_153 | 4.532136633588046 × 10^277 |
| 154 | ov_154 | 2.52821646466842 × 10^277 |
| 155 | ov_155 | 1.256742730387562 × 10^277 |
| 156 | aaa_76_25 | 4.80168723317007 × 10^276 |
| 157 | aaa_76_26 | 2.7324769535018725 × 10^276 |
| 158 | aaa_76_27 | 1.362857172202191 × 10^276 |
| 159 | aaa_76_28 | 4.9757683063571216 × 10^275 |
| 160 | aaa_76_29 | 1.3235233611348202 × 10^275 |

### Output Bits Sorted by Complexity

| Rank | Output Bit | Complexity |
|:----:|:----------:|:----------:|
| 160 | aaa_76_29 | 1.3235233611348202 × 10^275 |
| 159 | aaa_76_28 | 4.9757683063571216 × 10^275 |
| 158 | aaa_76_27 | 1.362857172202191 × 10^276 |
| 157 | aaa_76_26 | 2.7324769535018725 × 10^276 |
| 156 | aaa_76_25 | 4.80168723317007 × 10^276 |
| 155 | ov_155 | 1.256742730387562 × 10^277 |
| 154 | ov_154 | 2.52821646466842 × 10^277 |
| 153 | ov_153 | 4.532136633588046 × 10^277 |
| 152 | ov_152 | 7.416569221930672 × 10^277 |
| 151 | ov_151 | 1.1497179273071189 × 10^278 |
| 150 | ov_150 | 1.7128705282971833 × 10^278 |
| 149 | ov_149 | 2.4704979216785033 × 10^278 |
| 148 | ov_148 | 3.465896188488128 × 10^278 |
| 147 | ov_147 | 4.7462803148306906 × 10^278 |
| 146 | ov_146 | 6.3627941354694046 × 10^278 |
| 145 | ov_145 | 8.370526185213134 × 10^278 |
| 144 | ov_144 | 1.0828533813375057 × 10^279 |
| 143 | ov_143 | 1.3799878191527562 × 10^279 |
| 142 | ov_142 | 1.7351673119885984 × 10^279 |
| 141 | ov_141 | 2.155515081300713 × 10^279 |
| 140 | ov_140 | 2.6485748121228536 × 10^279 |
| 139 | ov_139 | 3.222321692062588 × 10^279 |
| 138 | ov_138 | 3.8851762681574297 × 10^279 |
| 137 | ov_137 | 4.6460215504772775 × 10^279 |
| 136 | ov_136 | 5.514223819453965 × 10^279 |
| 135 | ov_135 | 6.499657622325017 × 10^279 |
| 134 | ov_134 | 7.612735472915211 × 10^279 |
| 133 | ov_133 | 8.864442798392655 × 10^279 |
| 132 | ov_132 | 1.0266378706802935 × 10^280 |
| 131 | ov_131 | 1.1830803180313202 × 10^280 |
| 130 | ov_130 | 1.1830811411217597 × 10^280 |
| 129 | ov_129 | 1.1830837203102202 × 10^280 |
| 128 | aaa_77_29 | 1.2729699396891162 × 10^280 |
| 127 | aaa_77_28 | 3.3955690236824276 × 10^280 |
| 126 | ov_126 | 1.063376118391069 × 10^281 |
| 125 | ov_125 | 2.388767984419944 × 10^281 |
| 124 | ov_124 | 4.548687504486473 × 10^281 |
| 123 | ov_123 | 7.776091605004845 × 10^281 |
| 122 | ov_122 | 1.230394509441219 × 10^282 |
| 121 | ov_121 | 1.836523768702572 × 10^282 |
| 120 | ov_120 | 2.619301865861586 × 10^282 |
| 119 | ov_119 | 3.6020453586107506 × 10^282 |
| 118 | ov_118 | 4.808090907202458 × 10^282 |
| 117 | ov_117 | 6.260808221237702 × 10^282 |
| 116 | ov_116 | 7.983620246790754 × 10^282 |
| 115 | ov_115 | 1.0000031570225317 × 10^283 |
| 114 | ov_114 | 1.233366531561427 × 10^283 |
| 113 | ov_113 | 1.5008311383684343 × 10^283 |
| 112 | ov_112 | 1.8047988880694335 × 10^283 |
| 111 | ov_111 | 2.14770243011532 × 10^283 |
| 110 | ov_110 | 2.532014702979399 × 10^283 |
| 109 | ov_109 | 2.9602603730772144 × 10^283 |
| 108 | ov_108 | 3.4350293196232726 × 10^283 |
| 107 | ov_107 | 3.9589923232967317 × 10^283 |
| 106 | ov_106 | 4.534919117579073 × 10^283 |
| 105 | ov_105 | 5.165698963056154 × 10^283 |
| 104 | ov_104 | 5.854363906961157 × 10^283 |
| 103 | ov_103 | 6.604114892901043 × 10^283 |
| 102 | ov_102 | 7.418350889195304 × 10^283 |
| 101 | ov_101 | 8.300701208711726 × 10^283 |
| 100 | ov_100 | 9.255061198664593 × 10^283 |
| 99 | ov_099 | 1.0285631485722966 × 10^284 |
| 98 | ov_098 | 1.0285730029103245 × 10^284 |
| 97 | ov_097 | 1.0286038423648884 × 10^284 |
| 96 | aaa_78_29 | 1.5579014141420287 × 10^284 |
| 95 | aaa_78_28 | 5.0728992873582856 × 10^284 |
| 94 | ov_094 | 1.642836175839233 × 10^285 |
| 93 | ov_093 | 3.835346247818382 × 10^285 |
| 92 | ov_092 | 7.675789395950152 × 10^285 |
| 91 | ov_091 | 1.3917416519406062 × 10^286 |
| 90 | ov_090 | 2.4229073596506545 × 10^286 |
| 89 | ov_089 | 4.0604448041763335 × 10^286 |
| 88 | ov_088 | 6.428444078711164 × 10^286 |
| 87 | ov_087 | 9.791421586377632 × 10^286 |
| 86 | ov_086 | 1.4446654906796593 × 10^287 |
| 85 | ov_085 | 2.0724402987847016 × 10^287 |
| 84 | ov_084 | 2.8988221069173452 × 10^287 |
| 83 | ov_083 | 3.963538897944616 × 10^287 |
| 82 | ov_082 | 5.309747145346821 × 10^287 |
| 81 | ov_081 | 6.984102912307269 × 10^287 |
| 64 | lv_79_m31 | 8.382194793056859 × 10^287 |
| 80 | ov_080 | 9.036849884948923 × 10^287 |
| 79 | ov_079 | 1.1521926208760731 × 10^288 |
| 78 | ov_078 | 1.4497092000894348 × 10^288 |
| 77 | ov_077 | 1.8024079416606403 × 10^288 |
| 76 | ov_076 | 2.2168767156359544 × 10^288 |
| 75 | ov_075 | 2.7001381311796952 × 10^288 |
| 74 | ov_074 | 3.259672446497761 × 10^288 |
| 73 | ov_073 | 3.903443497708941 × 10^288 |
| 63 | ov_063 | 4.302435838622404 × 10^288 |
| 72 | ov_072 | 4.63992784316666 × 10^288 |
| 71 | ov_071 | 5.478147323457661 × 10^288 |
| 70 | ov_070 | 6.427705242028167 × 10^288 |
| 69 | ov_069 | 7.498826377282568 × 10^288 |
| 68 | ov_068 | 8.702401044247069 × 10^288 |
| 67 | ov_067 | 1.0050033432686861 × 10^289 |
| 66 | ov_066 | 1.0050040930196712 × 10^289 |
| 65 | ov_065 | 1.0050071565086252 × 10^289 |
| 62 | ov_062 | 1.945309930409897 × 10^289 |
| 61 | ov_061 | 7.26262801739336 × 10^289 |
| 60 | ov_060 | 2.1476716932202148 × 10^290 |
| 59 | ov_059 | 5.301548284791913 × 10^290 |
| 58 | ov_058 | 1.0902010056671409 × 10^291 |
| 57 | ov_057 | 1.9862817119814927 × 10^291 |
| 56 | ov_056 | 3.3297380724112336 × 10^291 |
| 55 | ov_055 | 5.3632197585785026 × 10^291 |
| 54 | ov_054 | 8.238007712101095 × 10^291 |
| 53 | ov_053 | 1.2125364633745646 × 10^292 |
| 52 | ov_052 | 1.7387813803172363 × 10^292 |
| 51 | ov_051 | 2.4427900896497727 × 10^292 |
| 50 | ov_050 | 3.3688263872647436 × 10^292 |
| 49 | ov_049 | 4.565174296882094 × 10^292 |
| 48 | ov_048 | 6.084154482303069 × 10^292 |
| 47 | ov_047 | 7.982147734856241 × 10^292 |
| 32 | lv_80_m31 | 9.157368768102657 × 10^292 |
| 46 | ov_046 | 1.0319627675785658 × 10^293 |
| 45 | ov_045 | 1.3161205184281446 × 10^293 |
| 44 | ov_044 | 1.6542341204149125 × 10^293 |
| 43 | ov_043 | 2.05361154655585 × 10^293 |
| 42 | ov_042 | 2.5219977700403266 × 10^293 |
| 41 | ov_041 | 3.0675869437476807 × 10^293 |
| 40 | ov_040 | 3.694826354913703 × 10^293 |
| 39 | ov_039 | 4.408409517979678 × 10^293 |
| 31 | ov_031 | 4.695586277342974 × 10^293 |
| 38 | ov_038 | 5.2179816516816445 × 10^293 |
| 37 | ov_037 | 6.133718528566774 × 10^293 |
| 36 | ov_036 | 7.166357298374895 × 10^293 |
| 35 | ov_035 | 8.327232542901154 × 10^293 |
| 34 | ov_034 | 9.628318142945665 × 10^293 |
| 33 | ov_033 | 1.108227557566767 × 10^294 |
| 30 | ov_030 | 2.407377543541384 × 10^294 |
| 29 | ov_029 | 7.87504223630412 × 10^294 |
| 28 | ov_028 | 2.0438838914865194 × 10^295 |
| 27 | ov_027 | 4.568222908564729 × 10^295 |
| 26 | ov_026 | 9.693471195234123 × 10^295 |
| 25 | ov_025 | 1.9185096203376123 × 10^296 |
| 24 | ov_024 | 3.5241093906263938 × 10^296 |
| 23 | ov_023 | 6.049202386321451 × 10^296 |
| 22 | ov_022 | 9.800110087864076 × 10^296 |
| 21 | ov_021 | 1.512643935989634 × 10^297 |
| 20 | ov_020 | 2.2421119098840827 × 10^297 |
| 19 | ov_019 | 3.212046050841745 × 10^297 |
| 18 | ov_018 | 4.470425022547688 × 10^297 |
| 17 | ov_017 | 6.069588934272129 × 10^297 |
| 16 | ov_016 | 8.066259297257395 × 10^297 |
| 15 | ov_015 | 1.0521566608056775 × 10^298 |
| 14 | ov_014 | 1.3501087714045774 × 10^298 |
| 13 | ov_013 | 1.707489587025208 × 10^298 |
| 12 | ov_012 | 2.1317626868460394 × 10^298 |
| 11 | ov_011 | 2.6308564940823627 × 10^298 |
| 10 | ov_010 | 3.213175246261498 × 10^298 |
| 9 | ov_009 | 3.887612780279185 × 10^298 |
| 8 | ov_008 | 4.663569599737405 × 10^298 |
| 7 | ov_007 | 5.550973691664674 × 10^298 |
| 6 | ov_006 | 6.560305526393798 × 10^298 |
| 5 | ov_005 | 7.702627708286315 × 10^298 |
| 4 | ov_004 | 8.989619846301499 × 10^298 |
| 3 | ov_003 | 1.0433619240143743 × 10^299 |
| 2 | ov_002 | 1.2047667885624363 × 10^299 |
| 1 | ov_001 | 1.3845566251864033 × 10^299 |

