# Results for F001-F002-F003-F004-F005-F006-F007-F008-F009-F010-F011-F012-F013-F014-F015-F016-F017-F018-F019-F020-F021-F022-F023-F024-F025-F026-F027-F028-F029-F030-F031-F032-F033-F034-F035-F036-F037-F038-F039-F040-F041-F042-F043-F044-F045-F046-F047-F048-F049-F050-F051-F052-F053-F054-F055-F056-F057-F058-F059-F060-F061-F062-F063-F064-F065-F066-F067-F068-F069-F070-F071-F072-F073-F074-F075-F076-F077-F078-F079-F080-F081-F082-F083-F084-F085-F086-F087-F088-F089-F090-F091-F092-F093-F094-F095-F096-F097-F098-F099-F100-F101-F102-F103-F104-F105-F106-F107-F108-F109-F110-F111-F112-F113-F114-F115-F116-F117-F118-F119-F120-F121-F122-F123-F124-F125-F126-F127-F128-F129-F130-F131-F132-F133-F134-F135-F136-F137-F138-F139-F140-F141-F142-F143-F144-F145-F146-F147-F148-F149-F150-F151-F152-F153-F154-F155-F156-F157-F158-F159-F160-F161-F162-F163-F164-F165-F166-F167-F168-F169-F170-F171-F172-F173-F174-F175-F176-F177-F178-F179-F180-F181-F182-F183-F184-F185-F186-F187-F188-F189-F190-F191-F192-F193-F194-F195-F196-F197-F198-F199-F200-F201-F202-F203-F204-F205-F206-F207-F208-F209-F210-F211-F212-F213-F214-F215-F216-F217-F218-F219-F220-F221-F222-F223-F224-F225-F226-F227-F228-F229-F230-F231-F232-F233-F234-F235-F236-F237-F238-F239-F240-F241-F242-F243-F244-F245-F246-F247-F248-F249-F250-F251-F252-F253-F254-F255-F256-F257-F258-F259-F260-F261-F262-F263-F264-F265-F266-F267-F268-F269-F270-F271-F272-F273-F274-F275-F276-F277-F278-F279-F280-F281-F282-F283-F284-F285-F286-F287-F288-F289-F290-F291-F292-F293-F294-F295-F296-F297-F298-F299-F300-F301-F302-F303-F304-F305-F306-F307-F308-F309-F310-F311-F312-F313-F314-F315-F316-F317-F318-F319-F320-F321-F322-F323-F324-F325-F326-F327-F328-F329-F330-F331-F332-F333-F334-F335-F336-F337-F338-F339-F340-F341-F342-F343-F344-F345-F346-F347-F348-F349-F350-F351-F352-F353-F354-F355-F356-F357-F358-F359-F360-F361-F362-F363-F364-F365-F366-F367-F368-F369-F370-F371-F372-F373-F374-F375-F376-F377-F378-F379-F380-F381-F382-F383-F384-F385-F386-F387-F388-F389-F390-F391-F392-F393-F394-F395-F396-F397-F398-F399-F400-F401-F402-F403-F404-F405-F406-F407-F408-F409-F410-F411-F412-F413-F414-F415-F416-F417-F418-F419-F420-F421-F422-F423-F424-F425-F426-F427-F428-F429-F430-F431-F432-F433-F434-F435-F436-F437-F438-F439-F440-F441-F442-F443-F444-F445-F446-F447-F448-F449-F450-F451-F452-F453-F454-F455-F456-F457-F458-F459-F460-F461-F462-F463-F464-F465-F466-F467-F468-F469-F470-F471-F472-F473-F474-F475-F476-F477-F478-F479-F480-F481-F482-F483-F484-F485-F486-F487-F488-F489-F490-F491-F492-F493-F494-F495-F496-T500-F509-F510-F512

## Summary

Number of input bits: 512  
Number of free input bits: 12  
Number of output bits: 160

Number of direct occurrences: 49597  
Number of assignments: 31655  
Number of operations: 11572792
(xor: 11544173,
and: 15150,
or: 13469)

Total complexity: 1.084800452896451 × 10^305

Least occurring input variable: iv_498 (3972)  
Most occurring input variable: iv_508 (4262)

Most co-occurring input variables: iv_507-iv_508 (2096)  
Least co-occurring input variables: iv_498-iv_499 (1823)

Potentially most occurring input variable: iv_497/iv_508 (4634)  
Potentially least occurring input variable: iv_497/iv_499 (4212)

Least output occurring input variable: iv_501 (69)  
Most output occurring input variable: iv_506 (84)

Most output co-occurring input variables: iv_503-iv_511 (45)  
Least output co-occurring input variables: iv_501-iv_511 (27)

Potentially most output occurring input variable: iv_502/iv_507 (97)  
Potentially least output occurring input variable: iv_505/iv_508 (64)

Least complex input bit: iv_511 (1.7961521131636545 × 10^301)  
Most complex input bit: iv_505 (2.382328075680436 × 10^304)

Least complex output bit: aaa_76_29 (4.480124110261179 × 10^279)  
Most complex output bit: ov_001 (1.6960827045062178 × 10^304)

Least complex input/output complexity: iv_511/aaa_76_29 (7.41793973849787 × 10^275)  
Most complex input/output complexity: iv_505/ov_001 (3.724763789351834 × 10^303)

## Input Bits

### Input Bits in Regular Order

| Input Bit | Complexity | Occurrences | Output Occurrences |
|:---------:|:----------:|:-----------:|:------------------:|
| iv_497 | 2.3392040244865155 × 10^302 | 4174 | 81 |
| iv_498 | 3.3138049370083177 × 10^302 | 3972 | 76 |
| iv_499 | 5.6110207732566 × 10^302 | 4064 | 75 |
| iv_501 | 2.5262460086260627 × 10^303 | 4160 | 69 |
| iv_502 | 5.052964224421553 × 10^303 | 4109 | 82 |
| iv_503 | 8.99694195592904 × 10^303 | 4138 | 80 |
| iv_504 | 1.4975627312198085 × 10^304 | 4082 | 78 |
| iv_505 | 2.382328075680436 × 10^304 | 4074 | 74 |
| iv_506 | 1.2806628466952847 × 10^304 | 4067 | 84 |
| iv_507 | 1.8118137082796745 × 10^304 | 4245 | 79 |
| iv_508 | 2.1035854987309532 × 10^304 | 4262 | 78 |
| iv_511 | 1.7961521131636545 × 10^301 | 4250 | 76 |

### Input Bits Sorted by Complexity

| Input Bit | Complexity | Occurrences | Output Occurrences |
|:---------:|:----------:|:-----------:|:------------------:|
| iv_511 | 1.7961521131636545 × 10^301 | 4250 | 76 |
| iv_497 | 2.3392040244865155 × 10^302 | 4174 | 81 |
| iv_498 | 3.3138049370083177 × 10^302 | 3972 | 76 |
| iv_499 | 5.6110207732566 × 10^302 | 4064 | 75 |
| iv_501 | 2.5262460086260627 × 10^303 | 4160 | 69 |
| iv_502 | 5.052964224421553 × 10^303 | 4109 | 82 |
| iv_503 | 8.99694195592904 × 10^303 | 4138 | 80 |
| iv_506 | 1.2806628466952847 × 10^304 | 4067 | 84 |
| iv_504 | 1.4975627312198085 × 10^304 | 4082 | 78 |
| iv_507 | 1.8118137082796745 × 10^304 | 4245 | 79 |
| iv_508 | 2.1035854987309532 × 10^304 | 4262 | 78 |
| iv_505 | 2.382328075680436 × 10^304 | 4074 | 74 |

### Input Bits Sorted by Occurrences

| Input Bit | Complexity | Occurrences | Output Occurrences |
|:---------:|:----------:|:-----------:|:------------------:|
| iv_498 | 3.3138049370083177 × 10^302 | 3972 | 76 |
| iv_499 | 5.6110207732566 × 10^302 | 4064 | 75 |
| iv_506 | 1.2806628466952847 × 10^304 | 4067 | 84 |
| iv_505 | 2.382328075680436 × 10^304 | 4074 | 74 |
| iv_504 | 1.4975627312198085 × 10^304 | 4082 | 78 |
| iv_502 | 5.052964224421553 × 10^303 | 4109 | 82 |
| iv_503 | 8.99694195592904 × 10^303 | 4138 | 80 |
| iv_501 | 2.5262460086260627 × 10^303 | 4160 | 69 |
| iv_497 | 2.3392040244865155 × 10^302 | 4174 | 81 |
| iv_507 | 1.8118137082796745 × 10^304 | 4245 | 79 |
| iv_511 | 1.7961521131636545 × 10^301 | 4250 | 76 |
| iv_508 | 2.1035854987309532 × 10^304 | 4262 | 78 |

### Input Bits Sorted by Output Occurrences

| Input Bit | Complexity | Occurrences | Output Occurrences |
|:---------:|:----------:|:-----------:|:------------------:|
| iv_501 | 2.5262460086260627 × 10^303 | 4160 | 69 |
| iv_505 | 2.382328075680436 × 10^304 | 4074 | 74 |
| iv_499 | 5.6110207732566 × 10^302 | 4064 | 75 |
| iv_498 | 3.3138049370083177 × 10^302 | 3972 | 76 |
| iv_511 | 1.7961521131636545 × 10^301 | 4250 | 76 |
| iv_504 | 1.4975627312198085 × 10^304 | 4082 | 78 |
| iv_508 | 2.1035854987309532 × 10^304 | 4262 | 78 |
| iv_507 | 1.8118137082796745 × 10^304 | 4245 | 79 |
| iv_503 | 8.99694195592904 × 10^303 | 4138 | 80 |
| iv_497 | 2.3392040244865155 × 10^302 | 4174 | 81 |
| iv_502 | 5.052964224421553 × 10^303 | 4109 | 82 |
| iv_506 | 1.2806628466952847 × 10^304 | 4067 | 84 |

## Input Bit Co-occurrences

### Input Bit Co-occurrences Sorted by Co-occurrences

| Input Bits | Co-occurrences | Potential Occurrences | Output Co-occurrences | Potential Output Occurrences |
|:----------:|:--------------:|:---------------------:|:---------------------:|:----------------------------:|
| iv_507-iv_508 | 2096 | 4315 | 37 | 83 |
| iv_501-iv_507 | 2047 | 4311 | 32 | 84 |
| iv_501-iv_511 | 2046 | 4318 | 27 | 91 |
| iv_499-iv_507 | 2018 | 4273 | 37 | 80 |
| iv_501-iv_508 | 2016 | 4390 | 34 | 79 |
| iv_497-iv_499 | 2013 | 4212 | 38 | 80 |
| iv_506-iv_507 | 2012 | 4288 | 41 | 81 |
| iv_497-iv_507 | 2000 | 4419 | 44 | 72 |
| iv_503-iv_511 | 1998 | 4392 | 45 | 66 |
| iv_502-iv_507 | 1997 | 4360 | 32 | 97 |
| iv_501-iv_502 | 1996 | 4277 | 40 | 71 |
| iv_499-iv_501 | 1989 | 4246 | 32 | 80 |

### Input Bit Co-occurrences Sorted by Potential Occurrences

| Input Bits | Co-occurrences | Potential Occurrences | Output Co-occurrences | Potential Output Occurrences |
|:----------:|:--------------:|:---------------------:|:---------------------:|:----------------------------:|
| iv_497-iv_499 | 2013 | 4212 | 38 | 80 |
| iv_504-iv_505 | 1957 | 4242 | 32 | 88 |
| iv_499-iv_501 | 1989 | 4246 | 32 | 80 |
| iv_502-iv_505 | 1958 | 4267 | 36 | 84 |
| iv_502-iv_506 | 1954 | 4268 | 45 | 76 |
| iv_499-iv_507 | 2018 | 4273 | 37 | 80 |
| iv_501-iv_502 | 1996 | 4277 | 40 | 71 |
| iv_501-iv_504 | 1982 | 4278 | 30 | 87 |
| iv_506-iv_507 | 2012 | 4288 | 41 | 81 |
| iv_498-iv_504 | 1883 | 4288 | 34 | 86 |
| iv_501-iv_505 | 1971 | 4292 | 36 | 71 |
| iv_501-iv_506 | 1966 | 4295 | 39 | 75 |

### Input Bit Output Co-occurrences Sorted by Output Co-occurrences

| Input Bits | Co-occurrences | Potential Occurrences | Output Co-occurrences | Potential Output Occurrences |
|:----------:|:--------------:|:---------------------:|:---------------------:|:----------------------------:|
| iv_504-iv_506 | 1920 | 4309 | 45 | 72 |
| iv_502-iv_506 | 1954 | 4268 | 45 | 76 |
| iv_503-iv_511 | 1998 | 4392 | 45 | 66 |
| iv_505-iv_508 | 1986 | 4364 | 44 | 64 |
| iv_497-iv_506 | 1949 | 4343 | 44 | 77 |
| iv_497-iv_507 | 2000 | 4419 | 44 | 72 |
| iv_497-iv_508 | 1901 | 4634 | 44 | 71 |
| iv_497-iv_505 | 1917 | 4414 | 43 | 69 |
| iv_503-iv_506 | 1940 | 4325 | 43 | 78 |
| iv_506-iv_508 | 1986 | 4357 | 42 | 78 |
| iv_498-iv_506 | 1854 | 4331 | 42 | 76 |
| iv_498-iv_508 | 1922 | 4390 | 41 | 72 |

### Input Bit Output Co-occurrences Sorted by Potential Output Occurrences

| Input Bits | Co-occurrences | Potential Occurrences | Output Co-occurrences | Potential Output Occurrences |
|:----------:|:--------------:|:---------------------:|:---------------------:|:----------------------------:|
| iv_505-iv_508 | 1986 | 4364 | 44 | 64 |
| iv_503-iv_511 | 1998 | 4392 | 45 | 66 |
| iv_497-iv_505 | 1917 | 4414 | 43 | 69 |
| iv_501-iv_502 | 1996 | 4277 | 40 | 71 |
| iv_501-iv_505 | 1971 | 4292 | 36 | 71 |
| iv_497-iv_508 | 1901 | 4634 | 44 | 71 |
| iv_498-iv_508 | 1922 | 4390 | 41 | 72 |
| iv_504-iv_506 | 1920 | 4309 | 45 | 72 |
| iv_497-iv_507 | 2000 | 4419 | 44 | 72 |
| iv_499-iv_511 | 1958 | 4398 | 39 | 73 |
| iv_498-iv_505 | 1843 | 4360 | 38 | 74 |
| iv_498-iv_511 | 1827 | 4568 | 39 | 74 |

## Output Bits

### Output Bits in Regular Order

| Rank | Output Bit | Complexity |
|:----:|:----------:|:----------:|
| 1 | ov_001 | 1.6960827045062178 × 10^304 |
| 2 | ov_002 | 1.4758384839520284 × 10^304 |
| 3 | ov_003 | 1.2781163535228652 × 10^304 |
| 4 | ov_004 | 1.1012256631328535 × 10^304 |
| 5 | ov_005 | 9.435686862253699 × 10^303 |
| 6 | ov_006 | 8.036340317907557 × 10^303 |
| 7 | ov_007 | 6.799908858040081 × 10^303 |
| 8 | ov_008 | 5.712840266448942 × 10^303 |
| 9 | ov_009 | 4.762295528223692 × 10^303 |
| 10 | ov_010 | 3.9361125005049105 × 10^303 |
| 11 | ov_011 | 3.2227752799909 × 10^303 |
| 12 | ov_012 | 2.611388694489848 × 10^303 |
| 13 | ov_013 | 2.0916573873421233 × 10^303 |
| 14 | ov_014 | 1.6538689227181444 × 10^303 |
| 15 | ov_015 | 1.2888803392932554 × 10^303 |
| 16 | ov_016 | 9.881076197436792 × 10^302 |
| 17 | ov_017 | 7.435175831685342 × 10^302 |
| 18 | ov_018 | 5.4762174700420195 × 10^302 |
| 19 | ov_019 | 3.934717443215791 × 10^302 |
| 20 | ov_020 | 2.7465594016483383 × 10^302 |
| 21 | ov_021 | 1.852969829244024 × 10^302 |
| 22 | ov_022 | 1.200500980582296 × 10^302 |
| 23 | ov_023 | 7.410194473178225 × 10^301 |
| 24 | ov_024 | 4.3169875505875613 × 10^301 |
| 25 | ov_025 | 2.3501486045146852 × 10^301 |
| 26 | ov_026 | 1.1874370985491845 × 10^301 |
| 27 | ov_027 | 5.5960111954143154 × 10^300 |
| 28 | ov_028 | 2.5037306199548278 × 10^300 |
| 29 | ov_029 | 9.646827461955254 × 10^299 |
| 30 | ov_030 | 2.949009967262337 × 10^299 |
| 31 | ov_031 | 5.752048453390457 × 10^298 |
| 32 | lv_80_m31 | 1.1217710734111455 × 10^298 |
| 33 | ov_033 | 1.357712841994332 × 10^299 |
| 34 | ov_034 | 1.1796025147279074 × 10^299 |
| 35 | ov_035 | 1.0202211865946045 × 10^299 |
| 36 | ov_036 | 8.780162647106708 × 10^298 |
| 37 | ov_037 | 7.515198487656247 × 10^298 |
| 38 | ov_038 | 6.393427414167132 × 10^298 |
| 39 | ov_039 | 5.401692478454474 × 10^298 |
| 40 | ov_040 | 4.5275269167199947 × 10^298 |
| 41 | ov_041 | 3.759115780558524 × 10^298 |
| 42 | ov_042 | 3.090710136929148 × 10^298 |
| 43 | ov_043 | 2.516863232736822 × 10^298 |
| 44 | ov_044 | 2.0275404416055198 × 10^298 |
| 45 | ov_045 | 1.6132576017223117 × 10^298 |
| 46 | ov_046 | 1.2650658656039502 × 10^298 |
| 47 | ov_047 | 9.786229499773812 × 10^297 |
| 48 | ov_048 | 7.460169660776021 × 10^297 |
| 49 | ov_049 | 5.5984247009224346 × 10^297 |
| 50 | ov_050 | 4.1319498116986525 × 10^297 |
| 51 | ov_051 | 2.996669606999594 × 10^297 |
| 52 | ov_052 | 2.133449373058927 × 10^297 |
| 53 | ov_053 | 1.4880750874230615 × 10^297 |
| 54 | ov_054 | 1.0112401209141026 × 10^297 |
| 55 | ov_055 | 6.585368684440915 × 10^296 |
| 56 | ov_056 | 4.0898549154796584 × 10^296 |
| 57 | ov_057 | 2.44052187873563 × 10^296 |
| 58 | ov_058 | 1.3400364393753348 × 10^296 |
| 59 | ov_059 | 6.519539613860121 × 10^295 |
| 60 | ov_060 | 2.6427108897299323 × 10^295 |
| 61 | ov_061 | 8.942481071861926 × 10^294 |
| 62 | ov_062 | 2.3968918072439002 × 10^294 |
| 63 | ov_063 | 5.304772927798539 × 10^293 |
| 64 | lv_79_m31 | 1.034145461385785 × 10^293 |
| 65 | ov_065 | 1.2386213601638215 × 10^294 |
| 66 | ov_066 | 1.2386180910161594 × 10^294 |
| 67 | ov_067 | 1.238617311026402 × 10^294 |
| 68 | ov_068 | 1.0745731730094964 × 10^294 |
| 69 | ov_069 | 9.274969709691841 × 10^293 |
| 70 | ov_070 | 7.96142567469312 × 10^293 |
| 71 | ov_071 | 6.793234593164336 × 10^293 |
| 72 | ov_072 | 5.759089131525516 × 10^293 |
| 73 | ov_073 | 4.848208627765205 × 10^293 |
| 74 | ov_074 | 4.0503145838376815 × 10^293 |
| 75 | ov_075 | 3.3556116374164845 × 10^293 |
| 76 | ov_076 | 2.75477302919324 × 10^293 |
| 77 | ov_077 | 2.2389296360633917 × 10^293 |
| 78 | ov_078 | 1.7996616931772887 × 10^293 |
| 79 | ov_079 | 1.4289923792566654 × 10^293 |
| 80 | ov_080 | 1.119382571501806 × 10^293 |
| 81 | ov_081 | 8.637263644548492 × 10^292 |
| 82 | ov_082 | 6.553472164906255 × 10^292 |
| 83 | ov_083 | 4.879946754820998 × 10^292 |
| 84 | ov_084 | 3.5584163540131194 × 10^292 |
| 85 | ov_085 | 2.534820757624173 × 10^292 |
| 86 | ov_086 | 1.7592923590865024 × 10^292 |
| 87 | ov_087 | 1.1861417620501736 × 10^292 |
| 88 | ov_088 | 7.738467823508537 × 10^291 |
| 89 | ov_089 | 4.850443612142028 × 10^291 |
| 90 | ov_090 | 2.8652491100489674 × 10^291 |
| 91 | ov_091 | 1.6272143598473708 × 10^291 |
| 92 | ov_092 | 8.872166907717431 × 10^290 |
| 93 | ov_093 | 4.3759700361797875 × 10^290 |
| 94 | ov_094 | 1.848906589239318 × 10^290 |
| 95 | aaa_78_28 | 5.636123164322349 × 10^289 |
| 96 | aaa_78_29 | 1.695998920714294 × 10^289 |
| 97 | ov_097 | 8.728906396949024 × 10^288 |
| 98 | ov_098 | 8.728827198019074 × 10^288 |
| 99 | ov_099 | 8.728801890383874 × 10^288 |
| 100 | ov_100 | 7.24299732112346 × 10^288 |
| 101 | ov_101 | 5.961951652549934 × 10^288 |
| 102 | ov_102 | 4.866088266257215 × 10^288 |
| 103 | ov_103 | 3.936909877334164 × 10^288 |
| 104 | ov_104 | 3.156920119667639 × 10^288 |
| 105 | ov_105 | 2.509555204433007 × 10^288 |
| 106 | ov_106 | 1.9791247395338283 × 10^288 |
| 107 | ov_107 | 1.5507608453097775 × 10^288 |
| 108 | ov_108 | 1.2103747476234275 × 10^288 |
| 109 | ov_109 | 9.446200737960599 × 10^287 |
| 110 | ov_110 | 7.408621200789343 × 10^287 |
| 111 | ov_111 | 5.871524016682084 × 10^287 |
| 112 | ov_112 | 4.7220783790936595 × 10^287 |
| 113 | ov_113 | 3.8539396646560275 × 10^287 |
| 114 | ov_114 | 3.1671162098643775 × 10^287 |
| 115 | ov_115 | 2.5678654732038137 × 10^287 |
| 116 | ov_116 | 2.0500768344860445 × 10^287 |
| 117 | ov_117 | 1.607682823502457 × 10^287 |
| 118 | ov_118 | 1.2346467077285641 × 10^287 |
| 119 | ov_119 | 9.249529900905761 × 10^286 |
| 120 | ov_120 | 6.726000860609626 × 10^286 |
| 121 | ov_121 | 4.715951090315845 × 10^286 |
| 122 | ov_122 | 3.159505134464876 × 10^286 |
| 123 | ov_123 | 1.996818859831085 × 10^286 |
| 124 | ov_124 | 1.1680645477926443 × 10^286 |
| 125 | ov_125 | 6.134216530514919 × 10^285 |
| 126 | ov_126 | 2.7307208638240335 × 10^285 |
| 127 | aaa_77_28 | 8.719840246918605 × 10^284 |
| 128 | aaa_77_29 | 3.269056621125071 × 10^284 |
| 129 | ov_129 | 3.0396412288717083 × 10^284 |
| 130 | ov_130 | 3.0396324991435467 × 10^284 |
| 131 | ov_131 | 3.0396303872191575 × 10^284 |
| 132 | ov_132 | 2.6379589508321584 × 10^284 |
| 133 | ov_133 | 2.277988328930962 × 10^284 |
| 134 | ov_134 | 1.9565727972898355 × 10^284 |
| 135 | ov_135 | 1.670736201891713 × 10^284 |
| 136 | ov_136 | 1.4176598498623658 × 10^284 |
| 137 | ov_137 | 1.194672049143613 × 10^284 |
| 138 | ov_138 | 9.992391416893227 × 10^283 |
| 139 | ov_139 | 8.289578829549472 × 10^283 |
| 140 | ov_140 | 6.815490281917293 × 10^283 |
| 141 | ov_141 | 5.548519936036482 × 10^283 |
| 142 | ov_142 | 4.468204678241879 × 10^283 |
| 143 | ov_143 | 3.555188564586368 × 10^283 |
| 144 | ov_144 | 2.791194496463344 × 10^283 |
| 145 | ov_145 | 2.159002097501926 × 10^283 |
| 146 | ov_146 | 1.642430833961198 × 10^283 |
| 147 | ov_147 | 1.2263274917573715 × 10^283 |
| 148 | ov_148 | 8.965571940084139 × 10^282 |
| 149 | ov_149 | 6.399972136321611 × 10^282 |
| 150 | ov_150 | 4.445329061224309 × 10^282 |
| 151 | ov_151 | 2.9905515817540255 × 10^282 |
| 152 | ov_152 | 1.9345884290949782 × 10^282 |
| 153 | ov_153 | 1.186419121705226 × 10^282 |
| 154 | ov_154 | 6.650488293620069 × 10^281 |
| 155 | ov_155 | 3.324860811975053 × 10^281 |
| 156 | aaa_76_25 | 1.2778001919957289 × 10^281 |
| 157 | aaa_76_26 | 7.381427009596398 × 10^280 |
| 158 | aaa_76_27 | 3.779894497182852 × 10^280 |
| 159 | aaa_76_28 | 1.4724199792517472 × 10^280 |
| 160 | aaa_76_29 | 4.480124110261179 × 10^279 |

### Output Bits Sorted by Complexity

| Rank | Output Bit | Complexity |
|:----:|:----------:|:----------:|
| 160 | aaa_76_29 | 4.480124110261179 × 10^279 |
| 159 | aaa_76_28 | 1.4724199792517472 × 10^280 |
| 158 | aaa_76_27 | 3.779894497182852 × 10^280 |
| 157 | aaa_76_26 | 7.381427009596398 × 10^280 |
| 156 | aaa_76_25 | 1.2778001919957289 × 10^281 |
| 155 | ov_155 | 3.324860811975053 × 10^281 |
| 154 | ov_154 | 6.650488293620069 × 10^281 |
| 153 | ov_153 | 1.186419121705226 × 10^282 |
| 152 | ov_152 | 1.9345884290949782 × 10^282 |
| 151 | ov_151 | 2.9905515817540255 × 10^282 |
| 150 | ov_150 | 4.445329061224309 × 10^282 |
| 149 | ov_149 | 6.399972136321611 × 10^282 |
| 148 | ov_148 | 8.965571940084139 × 10^282 |
| 147 | ov_147 | 1.2263274917573715 × 10^283 |
| 146 | ov_146 | 1.642430833961198 × 10^283 |
| 145 | ov_145 | 2.159002097501926 × 10^283 |
| 144 | ov_144 | 2.791194496463344 × 10^283 |
| 143 | ov_143 | 3.555188564586368 × 10^283 |
| 142 | ov_142 | 4.468204678241879 × 10^283 |
| 141 | ov_141 | 5.548519936036482 × 10^283 |
| 140 | ov_140 | 6.815490281917293 × 10^283 |
| 139 | ov_139 | 8.289578829549472 × 10^283 |
| 138 | ov_138 | 9.992391416893227 × 10^283 |
| 137 | ov_137 | 1.194672049143613 × 10^284 |
| 136 | ov_136 | 1.4176598498623658 × 10^284 |
| 135 | ov_135 | 1.670736201891713 × 10^284 |
| 134 | ov_134 | 1.9565727972898355 × 10^284 |
| 133 | ov_133 | 2.277988328930962 × 10^284 |
| 132 | ov_132 | 2.6379589508321584 × 10^284 |
| 131 | ov_131 | 3.0396303872191575 × 10^284 |
| 130 | ov_130 | 3.0396324991435467 × 10^284 |
| 129 | ov_129 | 3.0396412288717083 × 10^284 |
| 128 | aaa_77_29 | 3.269056621125071 × 10^284 |
| 127 | aaa_77_28 | 8.719840246918605 × 10^284 |
| 126 | ov_126 | 2.7307208638240335 × 10^285 |
| 125 | ov_125 | 6.134216530514919 × 10^285 |
| 124 | ov_124 | 1.1680645477926443 × 10^286 |
| 123 | ov_123 | 1.996818859831085 × 10^286 |
| 122 | ov_122 | 3.159505134464876 × 10^286 |
| 121 | ov_121 | 4.715951090315845 × 10^286 |
| 120 | ov_120 | 6.726000860609626 × 10^286 |
| 119 | ov_119 | 9.249529900905761 × 10^286 |
| 118 | ov_118 | 1.2346467077285641 × 10^287 |
| 117 | ov_117 | 1.607682823502457 × 10^287 |
| 116 | ov_116 | 2.0500768344860445 × 10^287 |
| 115 | ov_115 | 2.5678654732038137 × 10^287 |
| 114 | ov_114 | 3.1671162098643775 × 10^287 |
| 113 | ov_113 | 3.8539396646560275 × 10^287 |
| 112 | ov_112 | 4.7220783790936595 × 10^287 |
| 111 | ov_111 | 5.871524016682084 × 10^287 |
| 110 | ov_110 | 7.408621200789343 × 10^287 |
| 109 | ov_109 | 9.446200737960599 × 10^287 |
| 108 | ov_108 | 1.2103747476234275 × 10^288 |
| 107 | ov_107 | 1.5507608453097775 × 10^288 |
| 106 | ov_106 | 1.9791247395338283 × 10^288 |
| 105 | ov_105 | 2.509555204433007 × 10^288 |
| 104 | ov_104 | 3.156920119667639 × 10^288 |
| 103 | ov_103 | 3.936909877334164 × 10^288 |
| 102 | ov_102 | 4.866088266257215 × 10^288 |
| 101 | ov_101 | 5.961951652549934 × 10^288 |
| 100 | ov_100 | 7.24299732112346 × 10^288 |
| 99 | ov_099 | 8.728801890383874 × 10^288 |
| 98 | ov_098 | 8.728827198019074 × 10^288 |
| 97 | ov_097 | 8.728906396949024 × 10^288 |
| 96 | aaa_78_29 | 1.695998920714294 × 10^289 |
| 95 | aaa_78_28 | 5.636123164322349 × 10^289 |
| 94 | ov_094 | 1.848906589239318 × 10^290 |
| 93 | ov_093 | 4.3759700361797875 × 10^290 |
| 92 | ov_092 | 8.872166907717431 × 10^290 |
| 91 | ov_091 | 1.6272143598473708 × 10^291 |
| 90 | ov_090 | 2.8652491100489674 × 10^291 |
| 89 | ov_089 | 4.850443612142028 × 10^291 |
| 88 | ov_088 | 7.738467823508537 × 10^291 |
| 87 | ov_087 | 1.1861417620501736 × 10^292 |
| 86 | ov_086 | 1.7592923590865024 × 10^292 |
| 85 | ov_085 | 2.534820757624173 × 10^292 |
| 84 | ov_084 | 3.5584163540131194 × 10^292 |
| 83 | ov_083 | 4.879946754820998 × 10^292 |
| 82 | ov_082 | 6.553472164906255 × 10^292 |
| 81 | ov_081 | 8.637263644548492 × 10^292 |
| 64 | lv_79_m31 | 1.034145461385785 × 10^293 |
| 80 | ov_080 | 1.119382571501806 × 10^293 |
| 79 | ov_079 | 1.4289923792566654 × 10^293 |
| 78 | ov_078 | 1.7996616931772887 × 10^293 |
| 77 | ov_077 | 2.2389296360633917 × 10^293 |
| 76 | ov_076 | 2.75477302919324 × 10^293 |
| 75 | ov_075 | 3.3556116374164845 × 10^293 |
| 74 | ov_074 | 4.0503145838376815 × 10^293 |
| 73 | ov_073 | 4.848208627765205 × 10^293 |
| 63 | ov_063 | 5.304772927798539 × 10^293 |
| 72 | ov_072 | 5.759089131525516 × 10^293 |
| 71 | ov_071 | 6.793234593164336 × 10^293 |
| 70 | ov_070 | 7.96142567469312 × 10^293 |
| 69 | ov_069 | 9.274969709691841 × 10^293 |
| 68 | ov_068 | 1.0745731730094964 × 10^294 |
| 67 | ov_067 | 1.238617311026402 × 10^294 |
| 66 | ov_066 | 1.2386180910161594 × 10^294 |
| 65 | ov_065 | 1.2386213601638215 × 10^294 |
| 62 | ov_062 | 2.3968918072439002 × 10^294 |
| 61 | ov_061 | 8.942481071861926 × 10^294 |
| 60 | ov_060 | 2.6427108897299323 × 10^295 |
| 59 | ov_059 | 6.519539613860121 × 10^295 |
| 58 | ov_058 | 1.3400364393753348 × 10^296 |
| 57 | ov_057 | 2.44052187873563 × 10^296 |
| 56 | ov_056 | 4.0898549154796584 × 10^296 |
| 55 | ov_055 | 6.585368684440915 × 10^296 |
| 54 | ov_054 | 1.0112401209141026 × 10^297 |
| 53 | ov_053 | 1.4880750874230615 × 10^297 |
| 52 | ov_052 | 2.133449373058927 × 10^297 |
| 51 | ov_051 | 2.996669606999594 × 10^297 |
| 50 | ov_050 | 4.1319498116986525 × 10^297 |
| 49 | ov_049 | 5.5984247009224346 × 10^297 |
| 48 | ov_048 | 7.460169660776021 × 10^297 |
| 47 | ov_047 | 9.786229499773812 × 10^297 |
| 32 | lv_80_m31 | 1.1217710734111455 × 10^298 |
| 46 | ov_046 | 1.2650658656039502 × 10^298 |
| 45 | ov_045 | 1.6132576017223117 × 10^298 |
| 44 | ov_044 | 2.0275404416055198 × 10^298 |
| 43 | ov_043 | 2.516863232736822 × 10^298 |
| 42 | ov_042 | 3.090710136929148 × 10^298 |
| 41 | ov_041 | 3.759115780558524 × 10^298 |
| 40 | ov_040 | 4.5275269167199947 × 10^298 |
| 39 | ov_039 | 5.401692478454474 × 10^298 |
| 31 | ov_031 | 5.752048453390457 × 10^298 |
| 38 | ov_038 | 6.393427414167132 × 10^298 |
| 37 | ov_037 | 7.515198487656247 × 10^298 |
| 36 | ov_036 | 8.780162647106708 × 10^298 |
| 35 | ov_035 | 1.0202211865946045 × 10^299 |
| 34 | ov_034 | 1.1796025147279074 × 10^299 |
| 33 | ov_033 | 1.357712841994332 × 10^299 |
| 30 | ov_030 | 2.949009967262337 × 10^299 |
| 29 | ov_029 | 9.646827461955254 × 10^299 |
| 28 | ov_028 | 2.5037306199548278 × 10^300 |
| 27 | ov_027 | 5.5960111954143154 × 10^300 |
| 26 | ov_026 | 1.1874370985491845 × 10^301 |
| 25 | ov_025 | 2.3501486045146852 × 10^301 |
| 24 | ov_024 | 4.3169875505875613 × 10^301 |
| 23 | ov_023 | 7.410194473178225 × 10^301 |
| 22 | ov_022 | 1.200500980582296 × 10^302 |
| 21 | ov_021 | 1.852969829244024 × 10^302 |
| 20 | ov_020 | 2.7465594016483383 × 10^302 |
| 19 | ov_019 | 3.934717443215791 × 10^302 |
| 18 | ov_018 | 5.4762174700420195 × 10^302 |
| 17 | ov_017 | 7.435175831685342 × 10^302 |
| 16 | ov_016 | 9.881076197436792 × 10^302 |
| 15 | ov_015 | 1.2888803392932554 × 10^303 |
| 14 | ov_014 | 1.6538689227181444 × 10^303 |
| 13 | ov_013 | 2.0916573873421233 × 10^303 |
| 12 | ov_012 | 2.611388694489848 × 10^303 |
| 11 | ov_011 | 3.2227752799909 × 10^303 |
| 10 | ov_010 | 3.9361125005049105 × 10^303 |
| 9 | ov_009 | 4.762295528223692 × 10^303 |
| 8 | ov_008 | 5.712840266448942 × 10^303 |
| 7 | ov_007 | 6.799908858040081 × 10^303 |
| 6 | ov_006 | 8.036340317907557 × 10^303 |
| 5 | ov_005 | 9.435686862253699 × 10^303 |
| 4 | ov_004 | 1.1012256631328535 × 10^304 |
| 3 | ov_003 | 1.2781163535228652 × 10^304 |
| 2 | ov_002 | 1.4758384839520284 × 10^304 |
| 1 | ov_001 | 1.6960827045062178 × 10^304 |

