# Results for F001-F002-F003-F004-F005-F006-F007-F008-F009-F010-F011-F012-F013-F014-F015-F016-F017-F018-F019-F020-F021-F022-F023-F024-F025-F026-F027-F028-F029-F030-F031-F032-F033-F034-F035-F036-F037-F038-F039-F040-F041-F042-F043-F044-F045-F046-F047-F048-F049-F050-F051-F052-F053-F054-F055-F056-F057-F058-F059-F060-F061-F062-F063-F064-F065-F066-F067-F068-F069-F070-F071-F072-F073-F074-F075-F076-F077-F078-F079-F080-F081-F082-F083-F084-F085-F086-F087-F088-F089-F090-F091-F092-F093-F094-F095-F096-F097-F098-F099-F100-F101-F102-F103-F104-F105-F106-F107-F108-F109-F110-F111-F112-F113-F114-F115-F116-F117-F118-F119-F120-F121-F122-F123-F124-F125-F126-F127-F128-F129-F130-F131-F132-F133-F134-F135-F136-F137-F138-F139-F140-F141-F142-F143-F144-F145-F146-F147-F148-F149-F150-F151-F152-F153-F154-F155-F156-F157-F158-F159-F160-F161-F162-F163-F164-F165-F166-F167-F168-F169-F170-F171-F172-F173-F174-F175-F176-F177-F178-F179-F180-F181-F182-F183-F184-F185-F186-F187-F188-F189-F190-F191-F192-F193-F194-F195-F196-F197-F198-F199-F200-F201-F202-F203-F204-F205-F206-F207-F208-F209-F210-F211-F212-F213-F214-F215-F216-F217-F218-F219-F220-F221-F222-F223-F224-F225-F226-F227-F228-F229-F230-F231-F232-F233-F234-F235-F236-F237-F238-F239-F240-F241-F242-F243-F244-F245-F246-F247-F248-F249-F250-F251-F252-F253-F254-F255-F256-F257-F258-F259-F260-F261-F262-F263-F264-F265-F266-F267-F268-F269-F270-F271-F272-F273-F274-F275-F276-F277-F278-F279-F280-F281-F282-F283-F284-F285-F286-F287-F288-F289-F290-F291-F292-F293-F294-F295-F296-F297-F298-F299-F300-F301-F302-F303-F304-F305-F306-F307-F308-F309-F310-F311-F312-F313-F314-F315-F316-F317-F318-F319-F320-F321-F322-F323-F324-F325-F326-F327-F328-F329-F330-F331-F332-F333-F334-F335-F336-F337-F338-F339-F340-F341-F342-F343-F344-F345-F346-F347-F348-F349-F350-F351-F352-F353-F354-F355-F356-F357-F358-F359-F360-F361-F362-F363-F364-F365-F366-F367-F368-F369-F370-F371-F372-F373-F374-F375-F376-F377-F378-F379-F380-F381-F382-F383-F384-F385-F386-F387-F388-F389-F390-F391-F392-F393-F394-F395-F396-F397-F398-F399-F400-F401-F402-F403-F404-F405-F406-F407-F408-F409-F410-F411-F412-F413-F414-F415-F416-F417-F418-F419-F420-F421-F422-F423-F424-F425-F426-F427-F428-F429-F430-F431-F432-F433-F434-F435-F436-F437-F438-F439-F440-F441-F442-F443-F444-F445-F446-F447-F448-F449-F450-F451-F452-F453-F454-F455-F456-F457-F458-F459-F460-F461-F462-F463-F464-F465-F466-F467-F468-F469-F470-F471-F472-F473-F474-F475-F476-F477-F478-F479-F480-F481-F482-F483-F484-F485-F486-F487-F488-F489-F490-F491-F492-F493-F494-F495-F496-F508-F509-F510-F512

## Summary

Number of input bits: 512  
Number of free input bits: 12  
Number of output bits: 160

Number of direct occurrences: 48777  
Number of assignments: 31375  
Number of operations: 11113805
(xor: 11085499,
and: 14971,
or: 13335)

Total complexity: 3.1969282450754503 × 10^299

Least occurring input variable: iv_502 (3899)  
Most occurring input variable: iv_511 (4347)

Most co-occurring input variables: iv_500-iv_511 (2081)  
Least co-occurring input variables: iv_498-iv_502 (1768)

Potentially most occurring input variable: iv_498/iv_511 (4498)  
Potentially least occurring input variable: iv_500/iv_501 (4132)

Least output occurring input variable: iv_500 (76)  
Most output occurring input variable: iv_497 (93)

Most output co-occurring input variables: iv_497-iv_506 (57)  
Least output co-occurring input variables: iv_504-iv_505 (36)

Potentially most output occurring input variable: iv_498/iv_505 (94)  
Potentially least output occurring input variable: iv_497/iv_501 (65)

Least complex input bit: iv_511 (1.1471042543005683 × 10^294)  
Most complex input bit: iv_505 (9.305264969981307 × 10^298)

Least complex output bit: aaa_76_29 (6.662691818283124 × 10^274)  
Most complex output bit: ov_001 (4.997838498463433 × 10^298)

Least complex input/output complexity: iv_511/aaa_76_29 (2.3906705261899836 × 10^269)  
Most complex input/output complexity: iv_505/ov_001 (1.4547155250360672 × 10^298)

## Input Bits

### Input Bits in Regular Order

| Input Bit | Complexity | Occurrences | Output Occurrences |
|:---------:|:----------:|:-----------:|:------------------:|
| iv_497 | 1.8482582411672194 × 10^297 | 4144 | 93 |
| iv_498 | 3.7001343104492055 × 10^297 | 3945 | 88 |
| iv_499 | 6.540030180267784 × 10^297 | 3955 | 81 |
| iv_500 | 1.10279858077255 × 10^298 | 4125 | 76 |
| iv_501 | 1.8144539978520515 × 10^298 | 4085 | 82 |
| iv_502 | 2.929311394782151 × 10^298 | 3899 | 82 |
| iv_503 | 4.643257970894882 × 10^298 | 4057 | 79 |
| iv_504 | 7.22221087296353 × 10^298 | 3947 | 78 |
| iv_505 | 9.305264969981307 × 10^298 | 3984 | 82 |
| iv_506 | 1.7267776912085937 × 10^298 | 4126 | 93 |
| iv_507 | 2.0162499886856284 × 10^298 | 4163 | 87 |
| iv_511 | 1.1471042543005683 × 10^294 | 4347 | 80 |

### Input Bits Sorted by Complexity

| Input Bit | Complexity | Occurrences | Output Occurrences |
|:---------:|:----------:|:-----------:|:------------------:|
| iv_511 | 1.1471042543005683 × 10^294 | 4347 | 80 |
| iv_497 | 1.8482582411672194 × 10^297 | 4144 | 93 |
| iv_498 | 3.7001343104492055 × 10^297 | 3945 | 88 |
| iv_499 | 6.540030180267784 × 10^297 | 3955 | 81 |
| iv_500 | 1.10279858077255 × 10^298 | 4125 | 76 |
| iv_506 | 1.7267776912085937 × 10^298 | 4126 | 93 |
| iv_501 | 1.8144539978520515 × 10^298 | 4085 | 82 |
| iv_507 | 2.0162499886856284 × 10^298 | 4163 | 87 |
| iv_502 | 2.929311394782151 × 10^298 | 3899 | 82 |
| iv_503 | 4.643257970894882 × 10^298 | 4057 | 79 |
| iv_504 | 7.22221087296353 × 10^298 | 3947 | 78 |
| iv_505 | 9.305264969981307 × 10^298 | 3984 | 82 |

### Input Bits Sorted by Occurrences

| Input Bit | Complexity | Occurrences | Output Occurrences |
|:---------:|:----------:|:-----------:|:------------------:|
| iv_502 | 2.929311394782151 × 10^298 | 3899 | 82 |
| iv_498 | 3.7001343104492055 × 10^297 | 3945 | 88 |
| iv_504 | 7.22221087296353 × 10^298 | 3947 | 78 |
| iv_499 | 6.540030180267784 × 10^297 | 3955 | 81 |
| iv_505 | 9.305264969981307 × 10^298 | 3984 | 82 |
| iv_503 | 4.643257970894882 × 10^298 | 4057 | 79 |
| iv_501 | 1.8144539978520515 × 10^298 | 4085 | 82 |
| iv_500 | 1.10279858077255 × 10^298 | 4125 | 76 |
| iv_506 | 1.7267776912085937 × 10^298 | 4126 | 93 |
| iv_497 | 1.8482582411672194 × 10^297 | 4144 | 93 |
| iv_507 | 2.0162499886856284 × 10^298 | 4163 | 87 |
| iv_511 | 1.1471042543005683 × 10^294 | 4347 | 80 |

### Input Bits Sorted by Output Occurrences

| Input Bit | Complexity | Occurrences | Output Occurrences |
|:---------:|:----------:|:-----------:|:------------------:|
| iv_500 | 1.10279858077255 × 10^298 | 4125 | 76 |
| iv_504 | 7.22221087296353 × 10^298 | 3947 | 78 |
| iv_503 | 4.643257970894882 × 10^298 | 4057 | 79 |
| iv_511 | 1.1471042543005683 × 10^294 | 4347 | 80 |
| iv_499 | 6.540030180267784 × 10^297 | 3955 | 81 |
| iv_502 | 2.929311394782151 × 10^298 | 3899 | 82 |
| iv_501 | 1.8144539978520515 × 10^298 | 4085 | 82 |
| iv_505 | 9.305264969981307 × 10^298 | 3984 | 82 |
| iv_507 | 2.0162499886856284 × 10^298 | 4163 | 87 |
| iv_498 | 3.7001343104492055 × 10^297 | 3945 | 88 |
| iv_506 | 1.7267776912085937 × 10^298 | 4126 | 93 |
| iv_497 | 1.8482582411672194 × 10^297 | 4144 | 93 |

## Input Bit Co-occurrences

### Input Bit Co-occurrences Sorted by Co-occurrences

| Input Bits | Co-occurrences | Potential Occurrences | Output Co-occurrences | Potential Output Occurrences |
|:----------:|:--------------:|:---------------------:|:---------------------:|:----------------------------:|
| iv_500-iv_511 | 2081 | 4310 | 38 | 80 |
| iv_501-iv_511 | 2065 | 4302 | 47 | 68 |
| iv_500-iv_501 | 2039 | 4132 | 39 | 80 |
| iv_507-iv_511 | 2038 | 4434 | 45 | 77 |
| iv_506-iv_511 | 2030 | 4413 | 40 | 93 |
| iv_503-iv_511 | 2029 | 4346 | 41 | 77 |
| iv_497-iv_511 | 2010 | 4471 | 47 | 79 |
| iv_500-iv_506 | 1999 | 4253 | 45 | 79 |
| iv_500-iv_503 | 1988 | 4206 | 41 | 73 |
| iv_497-iv_500 | 1988 | 4293 | 39 | 91 |
| iv_500-iv_507 | 1974 | 4340 | 41 | 81 |
| iv_501-iv_507 | 1974 | 4300 | 40 | 89 |

### Input Bit Co-occurrences Sorted by Potential Occurrences

| Input Bits | Co-occurrences | Potential Occurrences | Output Co-occurrences | Potential Output Occurrences |
|:----------:|:--------------:|:---------------------:|:---------------------:|:----------------------------:|
| iv_500-iv_501 | 2039 | 4132 | 39 | 80 |
| iv_501-iv_504 | 1936 | 4160 | 40 | 80 |
| iv_499-iv_505 | 1887 | 4165 | 37 | 89 |
| iv_499-iv_504 | 1868 | 4166 | 38 | 83 |
| iv_498-iv_504 | 1847 | 4198 | 46 | 74 |
| iv_497-iv_505 | 1964 | 4200 | 49 | 77 |
| iv_500-iv_503 | 1988 | 4206 | 41 | 73 |
| iv_499-iv_503 | 1901 | 4210 | 44 | 72 |
| iv_504-iv_505 | 1857 | 4217 | 36 | 88 |
| iv_503-iv_505 | 1912 | 4217 | 43 | 75 |
| iv_502-iv_506 | 1901 | 4223 | 51 | 73 |
| iv_502-iv_504 | 1809 | 4228 | 42 | 76 |

### Input Bit Output Co-occurrences Sorted by Output Co-occurrences

| Input Bits | Co-occurrences | Potential Occurrences | Output Co-occurrences | Potential Output Occurrences |
|:----------:|:--------------:|:---------------------:|:---------------------:|:----------------------------:|
| iv_497-iv_506 | 1941 | 4388 | 57 | 72 |
| iv_497-iv_501 | 1970 | 4289 | 55 | 65 |
| iv_498-iv_506 | 1908 | 4255 | 54 | 73 |
| iv_497-iv_502 | 1905 | 4233 | 52 | 71 |
| iv_502-iv_506 | 1901 | 4223 | 51 | 73 |
| iv_497-iv_504 | 1929 | 4233 | 50 | 71 |
| iv_497-iv_498 | 1893 | 4303 | 50 | 81 |
| iv_499-iv_506 | 1872 | 4337 | 49 | 76 |
| iv_506-iv_507 | 1959 | 4371 | 49 | 82 |
| iv_497-iv_505 | 1964 | 4200 | 49 | 77 |
| iv_498-iv_499 | 1833 | 4234 | 48 | 73 |
| iv_497-iv_507 | 1967 | 4373 | 48 | 84 |

### Input Bit Output Co-occurrences Sorted by Potential Output Occurrences

| Input Bits | Co-occurrences | Potential Occurrences | Output Co-occurrences | Potential Output Occurrences |
|:----------:|:--------------:|:---------------------:|:---------------------:|:----------------------------:|
| iv_497-iv_501 | 1970 | 4289 | 55 | 65 |
| iv_501-iv_511 | 2065 | 4302 | 47 | 68 |
| iv_497-iv_504 | 1929 | 4233 | 50 | 71 |
| iv_497-iv_502 | 1905 | 4233 | 52 | 71 |
| iv_499-iv_503 | 1901 | 4210 | 44 | 72 |
| iv_502-iv_511 | 1924 | 4398 | 45 | 72 |
| iv_497-iv_506 | 1941 | 4388 | 57 | 72 |
| iv_498-iv_499 | 1833 | 4234 | 48 | 73 |
| iv_498-iv_506 | 1908 | 4255 | 54 | 73 |
| iv_499-iv_500 | 1899 | 4282 | 42 | 73 |
| iv_500-iv_503 | 1988 | 4206 | 41 | 73 |
| iv_502-iv_506 | 1901 | 4223 | 51 | 73 |

## Output Bits

### Output Bits in Regular Order

| Rank | Output Bit | Complexity |
|:----:|:----------:|:----------:|
| 1 | ov_001 | 4.997838498463433 × 10^298 |
| 2 | ov_002 | 4.34899326141781 × 10^298 |
| 3 | ov_003 | 3.7664606582617555 × 10^298 |
| 4 | ov_004 | 3.245270732937949 × 10^298 |
| 5 | ov_005 | 2.780725941386081 × 10^298 |
| 6 | ov_006 | 2.3683816143576548 × 10^298 |
| 7 | ov_007 | 2.0040289289989366 × 10^298 |
| 8 | ov_008 | 1.683680240849208 × 10^298 |
| 9 | ov_009 | 1.4035565920364222 × 10^298 |
| 10 | ov_010 | 1.1600771777282131 × 10^298 |
| 11 | ov_011 | 9.498505504502849 × 10^297 |
| 12 | ov_012 | 7.696673545288302 × 10^297 |
| 13 | ov_013 | 6.164943953103475 × 10^297 |
| 14 | ov_014 | 4.874698600159161 × 10^297 |
| 15 | ov_015 | 3.798995191427106 × 10^297 |
| 16 | ov_016 | 2.9125374926988403 × 10^297 |
| 17 | ov_017 | 2.1916522998780716 × 10^297 |
| 18 | ov_018 | 1.6142717947177562 × 10^297 |
| 19 | ov_019 | 1.1599201124819827 × 10^297 |
| 20 | ov_020 | 8.09703245020668 × 10^296 |
| 21 | ov_021 | 5.463016786385435 × 10^296 |
| 22 | ov_022 | 3.539652539318307 × 10^296 |
| 23 | ov_023 | 2.185097117983915 × 10^296 |
| 24 | ov_024 | 1.2731444830406876 × 10^296 |
| 25 | ov_025 | 6.932114102080828 × 10^295 |
| 26 | ov_026 | 3.5032996646884703 × 10^295 |
| 27 | ov_027 | 1.651439706706623 × 10^295 |
| 28 | ov_028 | 7.390759824164683 × 10^294 |
| 29 | ov_029 | 2.848493214525242 × 10^294 |
| 30 | ov_030 | 8.710467430596077 × 10^293 |
| 31 | ov_031 | 1.6996189842574755 × 10^293 |
| 32 | lv_80_m31 | 3.315945071663074 × 10^292 |
| 33 | ov_033 | 3.986447618175662 × 10^293 |
| 34 | ov_034 | 3.462479106340252 × 10^293 |
| 35 | ov_035 | 2.99329218269756 × 10^293 |
| 36 | ov_036 | 2.574264511914894 × 10^293 |
| 37 | ov_037 | 2.2010235564325654 × 10^293 |
| 38 | ov_038 | 1.8694290492382496 × 10^293 |
| 39 | ov_039 | 1.5755578347951262 × 10^293 |
| 40 | ov_040 | 1.3156908468415987 × 10^293 |
| 41 | ov_041 | 1.0880180733440387 × 10^293 |
| 42 | ov_042 | 8.908234468457188 × 10^292 |
| 43 | ov_043 | 7.224805554757706 × 10^292 |
| 44 | ov_044 | 5.799918807983723 × 10^292 |
| 45 | ov_045 | 4.605237897189897 × 10^292 |
| 46 | ov_046 | 3.6140222004171894 × 10^292 |
| 47 | ov_047 | 2.801092437022885 × 10^292 |
| 48 | ov_048 | 2.1428037324009862 × 10^292 |
| 49 | ov_049 | 1.6170248745020028 × 10^292 |
| 50 | ov_050 | 1.203122623420238 × 10^292 |
| 51 | ov_051 | 8.819500356825534 × 10^291 |
| 52 | ov_052 | 6.358379105286893 × 10^291 |
| 53 | ov_053 | 4.485886970573185 × 10^291 |
| 54 | ov_054 | 3.0547237963152996 × 10^291 |
| 55 | ov_055 | 1.9949042981981327 × 10^291 |
| 56 | ov_056 | 1.2437628141598975 × 10^291 |
| 57 | ov_057 | 7.45947274562223 × 10^290 |
| 58 | ov_058 | 4.126819478088956 × 10^290 |
| 59 | ov_059 | 2.032330825470591 × 10^290 |
| 60 | ov_060 | 8.417429297935318 × 10^289 |
| 61 | ov_061 | 2.938624056498129 × 10^289 |
| 62 | ov_062 | 8.056783620323069 × 10^288 |
| 63 | ov_063 | 1.5694097043791448 × 10^288 |
| 64 | lv_79_m31 | 3.0564552492487527 × 10^287 |
| 65 | ov_065 | 3.6520221241111075 × 10^288 |
| 66 | ov_066 | 3.652010662978425 × 10^288 |
| 67 | ov_067 | 3.652007857944278 × 10^288 |
| 68 | ov_068 | 3.1576717921864545 × 10^288 |
| 69 | ov_069 | 2.7167569486782 × 10^288 |
| 70 | ov_070 | 2.324922567865157 × 10^288 |
| 71 | ov_071 | 1.9780949642402924 × 10^288 |
| 72 | ov_072 | 1.6724494389478776 × 10^288 |
| 73 | ov_073 | 1.40439379190697 × 10^288 |
| 74 | ov_074 | 1.1705533488777733 × 10^288 |
| 75 | ov_075 | 9.67757422112034 × 10^287 |
| 76 | ov_076 | 7.930271258717621 × 10^287 |
| 77 | ov_077 | 6.4356447024380425 × 10^287 |
| 78 | ov_078 | 5.1674265839107215 × 10^287 |
| 79 | ov_079 | 4.1009751372956164 × 10^287 |
| 80 | ov_080 | 3.2131996456394695 × 10^287 |
| 81 | ov_081 | 2.4824951450889864 × 10^287 |
| 82 | ov_082 | 1.888686276184215 × 10^287 |
| 83 | ov_083 | 1.4129795758393948 × 10^287 |
| 84 | ov_084 | 1.0379235067648747 × 10^287 |
| 85 | ov_085 | 7.473755232488875 × 10^286 |
| 86 | ov_086 | 5.264754736364739 × 10^286 |
| 87 | ov_087 | 3.6162464073609333 × 10^286 |
| 88 | ov_088 | 2.4046972192898646 × 10^286 |
| 89 | ov_089 | 1.518910510717626 × 10^286 |
| 90 | ov_090 | 9.063597525530055 × 10^285 |
| 91 | ov_091 | 5.2062883674571014 × 10^285 |
| 92 | ov_092 | 2.871430918062652 × 10^285 |
| 93 | ov_093 | 1.4347830956045485 × 10^285 |
| 94 | ov_094 | 6.145857201701232 × 10^284 |
| 95 | aaa_78_28 | 1.8977997985201054 × 10^284 |
| 96 | aaa_78_29 | 5.82831449015107 × 10^283 |
| 97 | ov_097 | 3.848255835438836 × 10^283 |
| 98 | ov_098 | 3.8481407308624386 × 10^283 |
| 99 | ov_099 | 3.8481039707566114 × 10^283 |
| 100 | ov_100 | 3.4626942487054795 × 10^283 |
| 101 | ov_101 | 3.1057441727681575 × 10^283 |
| 102 | ov_102 | 2.7756918320712582 × 10^283 |
| 103 | ov_103 | 2.4710888093487353 × 10^283 |
| 104 | ov_104 | 2.190585394273782 × 10^283 |
| 105 | ov_105 | 1.9329171551508777 × 10^283 |
| 106 | ov_106 | 1.6968927985205176 × 10^283 |
| 107 | ov_107 | 1.4813832487851011 × 10^283 |
| 108 | ov_108 | 1.2853118820257334 × 10^283 |
| 109 | ov_109 | 1.107645849815295 × 10^283 |
| 110 | ov_110 | 9.473884301038133 × 10^282 |
| 111 | ov_111 | 8.035723432163729 × 10^282 |
| 112 | ov_112 | 6.752539717155586 × 10^282 |
| 113 | ov_113 | 5.61508423389486 × 10^282 |
| 114 | ov_114 | 4.614253769782978 × 10^282 |
| 115 | ov_115 | 3.741056504872414 × 10^282 |
| 116 | ov_116 | 2.9865843208738215 × 10^282 |
| 117 | ov_117 | 2.3419911370155338 × 10^282 |
| 118 | ov_118 | 1.798476107913398 × 10^282 |
| 119 | ov_119 | 1.3472700272718302 × 10^282 |
| 120 | ov_120 | 9.796244142325139 × 10^281 |
| 121 | ov_121 | 6.868037426428845 × 10^281 |
| 122 | ov_122 | 4.60080439643102 × 10^281 |
| 123 | ov_123 | 2.907315955078165 × 10^281 |
| 124 | ov_124 | 1.700367436387299 × 10^281 |
| 125 | ov_125 | 8.927648480232353 × 10^280 |
| 126 | ov_126 | 3.9731785100976965 × 10^280 |
| 127 | aaa_77_28 | 1.2683706385585475 × 10^280 |
| 128 | aaa_77_29 | 4.7531025207691366 × 10^279 |
| 129 | ov_129 | 4.3998072463517905 × 10^279 |
| 130 | ov_130 | 4.399794268523533 × 10^279 |
| 131 | ov_131 | 4.399791130351976 × 10^279 |
| 132 | ov_132 | 3.813120907457732 × 10^279 |
| 133 | ov_133 | 3.2879843093129075 × 10^279 |
| 134 | ov_134 | 2.81970637551045 × 10^279 |
| 135 | ov_135 | 2.4038627281748043 × 10^279 |
| 136 | ov_136 | 2.0362616698729066 × 10^279 |
| 137 | ov_137 | 1.712928758265123 × 10^279 |
| 138 | ov_138 | 1.4300936211301415 × 10^279 |
| 139 | ov_139 | 1.1841787874992075 × 10^279 |
| 140 | ov_140 | 9.717903223792761 × 10^278 |
| 141 | ov_141 | 7.89710064010668 × 10^278 |
| 142 | ov_142 | 6.348892738589902 × 10^278 |
| 143 | ov_143 | 5.04443520638215 × 10^278 |
| 144 | ov_144 | 3.9564863064566124 × 10^278 |
| 145 | ov_145 | 3.0593754759413363 × 10^278 |
| 146 | ov_146 | 2.3289795597667362 × 10^278 |
| 147 | ov_147 | 1.7427053281318098 × 10^278 |
| 148 | ov_148 | 1.279477034180877 × 10^278 |
| 149 | ov_149 | 9.197278760286142 × 10^277 |
| 150 | ov_150 | 6.453943349194576 × 10^277 |
| 151 | ov_151 | 4.3991251298936345 × 10^277 |
| 152 | ov_152 | 2.8821582721335463 × 10^277 |
| 153 | ov_153 | 1.76733629056177 × 10^277 |
| 154 | ov_154 | 9.905445216080078 × 10^276 |
| 155 | ov_155 | 4.951426654443347 × 10^276 |
| 156 | aaa_76_25 | 1.9026772643603796 × 10^276 |
| 157 | aaa_76_26 | 1.098845825499461 × 10^276 |
| 158 | aaa_76_27 | 5.625422123209603 × 10^275 |
| 159 | aaa_76_28 | 2.190539511242323 × 10^275 |
| 160 | aaa_76_29 | 6.662691818283124 × 10^274 |

### Output Bits Sorted by Complexity

| Rank | Output Bit | Complexity |
|:----:|:----------:|:----------:|
| 160 | aaa_76_29 | 6.662691818283124 × 10^274 |
| 159 | aaa_76_28 | 2.190539511242323 × 10^275 |
| 158 | aaa_76_27 | 5.625422123209603 × 10^275 |
| 157 | aaa_76_26 | 1.098845825499461 × 10^276 |
| 156 | aaa_76_25 | 1.9026772643603796 × 10^276 |
| 155 | ov_155 | 4.951426654443347 × 10^276 |
| 154 | ov_154 | 9.905445216080078 × 10^276 |
| 153 | ov_153 | 1.76733629056177 × 10^277 |
| 152 | ov_152 | 2.8821582721335463 × 10^277 |
| 151 | ov_151 | 4.3991251298936345 × 10^277 |
| 150 | ov_150 | 6.453943349194576 × 10^277 |
| 149 | ov_149 | 9.197278760286142 × 10^277 |
| 148 | ov_148 | 1.279477034180877 × 10^278 |
| 147 | ov_147 | 1.7427053281318098 × 10^278 |
| 146 | ov_146 | 2.3289795597667362 × 10^278 |
| 145 | ov_145 | 3.0593754759413363 × 10^278 |
| 144 | ov_144 | 3.9564863064566124 × 10^278 |
| 143 | ov_143 | 5.04443520638215 × 10^278 |
| 142 | ov_142 | 6.348892738589902 × 10^278 |
| 141 | ov_141 | 7.89710064010668 × 10^278 |
| 140 | ov_140 | 9.717903223792761 × 10^278 |
| 139 | ov_139 | 1.1841787874992075 × 10^279 |
| 138 | ov_138 | 1.4300936211301415 × 10^279 |
| 137 | ov_137 | 1.712928758265123 × 10^279 |
| 136 | ov_136 | 2.0362616698729066 × 10^279 |
| 135 | ov_135 | 2.4038627281748043 × 10^279 |
| 134 | ov_134 | 2.81970637551045 × 10^279 |
| 133 | ov_133 | 3.2879843093129075 × 10^279 |
| 132 | ov_132 | 3.813120907457732 × 10^279 |
| 131 | ov_131 | 4.399791130351976 × 10^279 |
| 130 | ov_130 | 4.399794268523533 × 10^279 |
| 129 | ov_129 | 4.3998072463517905 × 10^279 |
| 128 | aaa_77_29 | 4.7531025207691366 × 10^279 |
| 127 | aaa_77_28 | 1.2683706385585475 × 10^280 |
| 126 | ov_126 | 3.9731785100976965 × 10^280 |
| 125 | ov_125 | 8.927648480232353 × 10^280 |
| 124 | ov_124 | 1.700367436387299 × 10^281 |
| 123 | ov_123 | 2.907315955078165 × 10^281 |
| 122 | ov_122 | 4.60080439643102 × 10^281 |
| 121 | ov_121 | 6.868037426428845 × 10^281 |
| 120 | ov_120 | 9.796244142325139 × 10^281 |
| 119 | ov_119 | 1.3472700272718302 × 10^282 |
| 118 | ov_118 | 1.798476107913398 × 10^282 |
| 117 | ov_117 | 2.3419911370155338 × 10^282 |
| 116 | ov_116 | 2.9865843208738215 × 10^282 |
| 115 | ov_115 | 3.741056504872414 × 10^282 |
| 114 | ov_114 | 4.614253769782978 × 10^282 |
| 113 | ov_113 | 5.61508423389486 × 10^282 |
| 112 | ov_112 | 6.752539717155586 × 10^282 |
| 111 | ov_111 | 8.035723432163729 × 10^282 |
| 110 | ov_110 | 9.473884301038133 × 10^282 |
| 109 | ov_109 | 1.107645849815295 × 10^283 |
| 108 | ov_108 | 1.2853118820257334 × 10^283 |
| 107 | ov_107 | 1.4813832487851011 × 10^283 |
| 106 | ov_106 | 1.6968927985205176 × 10^283 |
| 105 | ov_105 | 1.9329171551508777 × 10^283 |
| 104 | ov_104 | 2.190585394273782 × 10^283 |
| 103 | ov_103 | 2.4710888093487353 × 10^283 |
| 102 | ov_102 | 2.7756918320712582 × 10^283 |
| 101 | ov_101 | 3.1057441727681575 × 10^283 |
| 100 | ov_100 | 3.4626942487054795 × 10^283 |
| 99 | ov_099 | 3.8481039707566114 × 10^283 |
| 98 | ov_098 | 3.8481407308624386 × 10^283 |
| 97 | ov_097 | 3.848255835438836 × 10^283 |
| 96 | aaa_78_29 | 5.82831449015107 × 10^283 |
| 95 | aaa_78_28 | 1.8977997985201054 × 10^284 |
| 94 | ov_094 | 6.145857201701232 × 10^284 |
| 93 | ov_093 | 1.4347830956045485 × 10^285 |
| 92 | ov_092 | 2.871430918062652 × 10^285 |
| 91 | ov_091 | 5.2062883674571014 × 10^285 |
| 90 | ov_090 | 9.063597525530055 × 10^285 |
| 89 | ov_089 | 1.518910510717626 × 10^286 |
| 88 | ov_088 | 2.4046972192898646 × 10^286 |
| 87 | ov_087 | 3.6162464073609333 × 10^286 |
| 86 | ov_086 | 5.264754736364739 × 10^286 |
| 85 | ov_085 | 7.473755232488875 × 10^286 |
| 84 | ov_084 | 1.0379235067648747 × 10^287 |
| 83 | ov_083 | 1.4129795758393948 × 10^287 |
| 82 | ov_082 | 1.888686276184215 × 10^287 |
| 81 | ov_081 | 2.4824951450889864 × 10^287 |
| 64 | lv_79_m31 | 3.0564552492487527 × 10^287 |
| 80 | ov_080 | 3.2131996456394695 × 10^287 |
| 79 | ov_079 | 4.1009751372956164 × 10^287 |
| 78 | ov_078 | 5.1674265839107215 × 10^287 |
| 77 | ov_077 | 6.4356447024380425 × 10^287 |
| 76 | ov_076 | 7.930271258717621 × 10^287 |
| 75 | ov_075 | 9.67757422112034 × 10^287 |
| 74 | ov_074 | 1.1705533488777733 × 10^288 |
| 73 | ov_073 | 1.40439379190697 × 10^288 |
| 63 | ov_063 | 1.5694097043791448 × 10^288 |
| 72 | ov_072 | 1.6724494389478776 × 10^288 |
| 71 | ov_071 | 1.9780949642402924 × 10^288 |
| 70 | ov_070 | 2.324922567865157 × 10^288 |
| 69 | ov_069 | 2.7167569486782 × 10^288 |
| 68 | ov_068 | 3.1576717921864545 × 10^288 |
| 67 | ov_067 | 3.652007857944278 × 10^288 |
| 66 | ov_066 | 3.652010662978425 × 10^288 |
| 65 | ov_065 | 3.6520221241111075 × 10^288 |
| 62 | ov_062 | 8.056783620323069 × 10^288 |
| 61 | ov_061 | 2.938624056498129 × 10^289 |
| 60 | ov_060 | 8.417429297935318 × 10^289 |
| 59 | ov_059 | 2.032330825470591 × 10^290 |
| 58 | ov_058 | 4.126819478088956 × 10^290 |
| 57 | ov_057 | 7.45947274562223 × 10^290 |
| 56 | ov_056 | 1.2437628141598975 × 10^291 |
| 55 | ov_055 | 1.9949042981981327 × 10^291 |
| 54 | ov_054 | 3.0547237963152996 × 10^291 |
| 53 | ov_053 | 4.485886970573185 × 10^291 |
| 52 | ov_052 | 6.358379105286893 × 10^291 |
| 51 | ov_051 | 8.819500356825534 × 10^291 |
| 50 | ov_050 | 1.203122623420238 × 10^292 |
| 49 | ov_049 | 1.6170248745020028 × 10^292 |
| 48 | ov_048 | 2.1428037324009862 × 10^292 |
| 47 | ov_047 | 2.801092437022885 × 10^292 |
| 32 | lv_80_m31 | 3.315945071663074 × 10^292 |
| 46 | ov_046 | 3.6140222004171894 × 10^292 |
| 45 | ov_045 | 4.605237897189897 × 10^292 |
| 44 | ov_044 | 5.799918807983723 × 10^292 |
| 43 | ov_043 | 7.224805554757706 × 10^292 |
| 42 | ov_042 | 8.908234468457188 × 10^292 |
| 41 | ov_041 | 1.0880180733440387 × 10^293 |
| 40 | ov_040 | 1.3156908468415987 × 10^293 |
| 39 | ov_039 | 1.5755578347951262 × 10^293 |
| 31 | ov_031 | 1.6996189842574755 × 10^293 |
| 38 | ov_038 | 1.8694290492382496 × 10^293 |
| 37 | ov_037 | 2.2010235564325654 × 10^293 |
| 36 | ov_036 | 2.574264511914894 × 10^293 |
| 35 | ov_035 | 2.99329218269756 × 10^293 |
| 34 | ov_034 | 3.462479106340252 × 10^293 |
| 33 | ov_033 | 3.986447618175662 × 10^293 |
| 30 | ov_030 | 8.710467430596077 × 10^293 |
| 29 | ov_029 | 2.848493214525242 × 10^294 |
| 28 | ov_028 | 7.390759824164683 × 10^294 |
| 27 | ov_027 | 1.651439706706623 × 10^295 |
| 26 | ov_026 | 3.5032996646884703 × 10^295 |
| 25 | ov_025 | 6.932114102080828 × 10^295 |
| 24 | ov_024 | 1.2731444830406876 × 10^296 |
| 23 | ov_023 | 2.185097117983915 × 10^296 |
| 22 | ov_022 | 3.539652539318307 × 10^296 |
| 21 | ov_021 | 5.463016786385435 × 10^296 |
| 20 | ov_020 | 8.09703245020668 × 10^296 |
| 19 | ov_019 | 1.1599201124819827 × 10^297 |
| 18 | ov_018 | 1.6142717947177562 × 10^297 |
| 17 | ov_017 | 2.1916522998780716 × 10^297 |
| 16 | ov_016 | 2.9125374926988403 × 10^297 |
| 15 | ov_015 | 3.798995191427106 × 10^297 |
| 14 | ov_014 | 4.874698600159161 × 10^297 |
| 13 | ov_013 | 6.164943953103475 × 10^297 |
| 12 | ov_012 | 7.696673545288302 × 10^297 |
| 11 | ov_011 | 9.498505504502849 × 10^297 |
| 10 | ov_010 | 1.1600771777282131 × 10^298 |
| 9 | ov_009 | 1.4035565920364222 × 10^298 |
| 8 | ov_008 | 1.683680240849208 × 10^298 |
| 7 | ov_007 | 2.0040289289989366 × 10^298 |
| 6 | ov_006 | 2.3683816143576548 × 10^298 |
| 5 | ov_005 | 2.780725941386081 × 10^298 |
| 4 | ov_004 | 3.245270732937949 × 10^298 |
| 3 | ov_003 | 3.7664606582617555 × 10^298 |
| 2 | ov_002 | 4.34899326141781 × 10^298 |
| 1 | ov_001 | 4.997838498463433 × 10^298 |

