# Results for F001-F002-F003-F004-F005-F006-F007-F008-F009-F010-F011-F012-F013-F014-F015-F016-F017-F018-F019-F020-F021-F022-F023-F024-F025-F026-F027-F028-F029-F030-F031-F032-F033-F034-F035-F036-F037-F038-F039-F040-F041-F042-F043-F044-F045-F046-F047-F048-F049-F050-F051-F052-F053-F054-F055-F056-F057-F058-F059-F060-F061-F062-F063-F064-F065-F066-F067-F068-F069-F070-F071-F072-F073-F074-F075-F076-F077-F078-F079-F080-F081-F082-F083-F084-F085-F086-F087-F088-F089-F090-F091-F092-F093-F094-F095-F096-F097-F098-F099-F100-F101-F102-F103-F104-F105-F106-F107-F108-F109-F110-F111-F112-F113-F114-F115-F116-F117-F118-F119-F120-F121-F122-F123-F124-F125-F126-F127-F128-F129-F130-F131-F132-F133-F134-F135-F136-F137-F138-F139-F140-F141-F142-F143-F144-F145-F146-F147-F148-F149-F150-F151-F152-F153-F154-F155-F156-F157-F158-F159-F160-F161-F162-F163-F164-F165-F166-F167-F168-F169-F170-F171-F172-F173-F174-F175-F176-F177-F178-F179-F180-F181-F182-F183-F184-F185-F186-F187-F188-F189-F190-F191-F192-F193-F194-F195-F196-F197-F198-F199-F200-F201-F202-F203-F204-F205-F206-F207-F208-F209-F210-F211-F212-F213-F214-F215-F216-F217-F218-F219-F220-F221-F222-F223-F224-F225-F226-F227-F228-F229-F230-F231-F232-F233-F234-F235-F236-F237-F238-F239-F240-F241-F242-F243-F244-F245-F246-F247-F248-F249-F250-F251-F252-F253-F254-F255-F256-F257-F258-F259-F260-F261-F262-F263-F264-F265-F266-F267-F268-F269-F270-F271-F272-F273-F274-F275-F276-F277-F278-F279-F280-F281-F282-F283-F284-F285-F286-F287-F288-F289-F290-F291-F292-F293-F294-F295-F296-F297-F298-F299-F300-F301-F302-F303-F304-F305-F306-F307-F308-F309-F310-F311-F312-F313-F314-F315-F316-F317-F318-F319-F320-F321-F322-F323-F324-F325-F326-F327-F328-F329-F330-F331-F332-F333-F334-F335-F336-F337-F338-F339-F340-F341-F342-F343-F344-F345-F346-F347-F348-F349-F350-F351-F352-F353-F354-F355-F356-F357-F358-F359-F360-F361-F362-F363-F364-F365-F366-F367-F368-F369-F370-F371-F372-F373-F374-F375-F376-F377-F378-F379-F380-F381-F382-F383-F384-F385-F386-F387-F388-F389-F390-F391-F392-F393-F394-F395-F396-F397-F398-F399-F400-F401-F402-F403-F404-F405-F406-F407-F408-F409-F410-F411-F412-F413-F414-F415-F416-F417-F418-F419-F420-F421-F422-F423-F424-F425-F426-F427-F428-F429-F430-F431-F432-F433-F434-F435-F436-F437-F438-F439-F440-F441-F442-F443-F444-F445-F446-F447-F448-F449-F450-F451-F452-F453-F454-F455-F456-F457-F458-F459-F460-F461-F462-F463-F464-F465-F466-F467-F468-F469-F470-F471-F472-F473-F474-F475-F476-F477-F478-F479-F480-F481-F482-F483-F484-F485-F486-F487-F488-F489-F490-F491-F492-F493-F494-F495-F496-E497506-F509-F510-F512

## Summary

Number of input bits: 512  
Number of free input bits: 12  
Number of output bits: 160

Number of direct occurrences: 49017  
Number of assignments: 31554  
Number of operations: 11156720
(xor: 11128384,
and: 14900,
or: 13436)

Total complexity: 1.9141102926741154 × 10^300

Least occurring input variable: iv_502 (3895)  
Most occurring input variable: iv_511 (4311)

Most co-occurring input variables: iv_500-iv_511 (2081)  
Least co-occurring input variables: iv_498-iv_502 (1768)

Potentially most occurring input variable: iv_497/iv_508 (4619)  
Potentially least occurring input variable: iv_504/iv_505 (4022)

Least output occurring input variable: iv_505 (72)  
Most output occurring input variable: iv_498 (88)

Most output co-occurring input variables: iv_499-iv_505 (48)  
Least output co-occurring input variables: iv_503-iv_505 (30)

Potentially most output occurring input variable: iv_503/iv_505 (91)  
Potentially least output occurring input variable: iv_499/iv_505 (57)

Least complex input bit: iv_511 (2.761051697766625 × 10^296)  
Most complex input bit: iv_505 (4.026247742726643 × 10^299)

Least complex output bit: aaa_76_29 (3.664153323664854 × 10^275)  
Most complex output bit: ov_001 (2.9924023506792223 × 10^299)

Least complex input/output complexity: iv_511/aaa_76_29 (5.2854408619516864 × 10^271)  
Most complex input/output complexity: iv_505/ov_001 (6.294388184350769 × 10^298)

## Input Bits

### Input Bits in Regular Order

| Input Bit | Complexity | Occurrences | Output Occurrences |
|:---------:|:----------:|:-----------:|:------------------:|
| iv_497 | 2.0831975112716625 × 10^299 | 4205 | 73 |
| iv_498 | 1.3438788413508588 × 10^298 | 3943 | 88 |
| iv_499 | 2.3755674223520357 × 10^298 | 3955 | 81 |
| iv_500 | 4.006051196144121 × 10^298 | 4124 | 76 |
| iv_501 | 6.618677338037524 × 10^298 | 4096 | 83 |
| iv_502 | 1.0695946861515645 × 10^299 | 3895 | 82 |
| iv_503 | 1.6963184903272327 × 10^299 | 4057 | 79 |
| iv_504 | 2.6371984500835575 × 10^299 | 3937 | 78 |
| iv_505 | 4.026247742726643 × 10^299 | 4097 | 72 |
| iv_507 | 2.867848044114075 × 10^299 | 4191 | 76 |
| iv_508 | 3.323519470580169 × 10^299 | 4206 | 81 |
| iv_511 | 2.761051697766625 × 10^296 | 4311 | 80 |

### Input Bits Sorted by Complexity

| Input Bit | Complexity | Occurrences | Output Occurrences |
|:---------:|:----------:|:-----------:|:------------------:|
| iv_511 | 2.761051697766625 × 10^296 | 4311 | 80 |
| iv_498 | 1.3438788413508588 × 10^298 | 3943 | 88 |
| iv_499 | 2.3755674223520357 × 10^298 | 3955 | 81 |
| iv_500 | 4.006051196144121 × 10^298 | 4124 | 76 |
| iv_501 | 6.618677338037524 × 10^298 | 4096 | 83 |
| iv_502 | 1.0695946861515645 × 10^299 | 3895 | 82 |
| iv_503 | 1.6963184903272327 × 10^299 | 4057 | 79 |
| iv_497 | 2.0831975112716625 × 10^299 | 4205 | 73 |
| iv_504 | 2.6371984500835575 × 10^299 | 3937 | 78 |
| iv_507 | 2.867848044114075 × 10^299 | 4191 | 76 |
| iv_508 | 3.323519470580169 × 10^299 | 4206 | 81 |
| iv_505 | 4.026247742726643 × 10^299 | 4097 | 72 |

### Input Bits Sorted by Occurrences

| Input Bit | Complexity | Occurrences | Output Occurrences |
|:---------:|:----------:|:-----------:|:------------------:|
| iv_502 | 1.0695946861515645 × 10^299 | 3895 | 82 |
| iv_504 | 2.6371984500835575 × 10^299 | 3937 | 78 |
| iv_498 | 1.3438788413508588 × 10^298 | 3943 | 88 |
| iv_499 | 2.3755674223520357 × 10^298 | 3955 | 81 |
| iv_503 | 1.6963184903272327 × 10^299 | 4057 | 79 |
| iv_501 | 6.618677338037524 × 10^298 | 4096 | 83 |
| iv_505 | 4.026247742726643 × 10^299 | 4097 | 72 |
| iv_500 | 4.006051196144121 × 10^298 | 4124 | 76 |
| iv_507 | 2.867848044114075 × 10^299 | 4191 | 76 |
| iv_497 | 2.0831975112716625 × 10^299 | 4205 | 73 |
| iv_508 | 3.323519470580169 × 10^299 | 4206 | 81 |
| iv_511 | 2.761051697766625 × 10^296 | 4311 | 80 |

### Input Bits Sorted by Output Occurrences

| Input Bit | Complexity | Occurrences | Output Occurrences |
|:---------:|:----------:|:-----------:|:------------------:|
| iv_505 | 4.026247742726643 × 10^299 | 4097 | 72 |
| iv_497 | 2.0831975112716625 × 10^299 | 4205 | 73 |
| iv_500 | 4.006051196144121 × 10^298 | 4124 | 76 |
| iv_507 | 2.867848044114075 × 10^299 | 4191 | 76 |
| iv_504 | 2.6371984500835575 × 10^299 | 3937 | 78 |
| iv_503 | 1.6963184903272327 × 10^299 | 4057 | 79 |
| iv_511 | 2.761051697766625 × 10^296 | 4311 | 80 |
| iv_499 | 2.3755674223520357 × 10^298 | 3955 | 81 |
| iv_508 | 3.323519470580169 × 10^299 | 4206 | 81 |
| iv_502 | 1.0695946861515645 × 10^299 | 3895 | 82 |
| iv_501 | 6.618677338037524 × 10^298 | 4096 | 83 |
| iv_498 | 1.3438788413508588 × 10^298 | 3943 | 88 |

## Input Bit Co-occurrences

### Input Bit Co-occurrences Sorted by Co-occurrences

| Input Bits | Co-occurrences | Potential Occurrences | Output Co-occurrences | Potential Output Occurrences |
|:----------:|:--------------:|:---------------------:|:---------------------:|:----------------------------:|
| iv_500-iv_511 | 2081 | 4273 | 38 | 80 |
| iv_507-iv_508 | 2054 | 4289 | 43 | 71 |
| iv_505-iv_507 | 2051 | 4186 | 31 | 86 |
| iv_501-iv_505 | 2039 | 4115 | 41 | 73 |
| iv_501-iv_511 | 2034 | 4339 | 39 | 85 |
| iv_503-iv_511 | 2029 | 4310 | 41 | 77 |
| iv_507-iv_511 | 2015 | 4472 | 39 | 78 |
| iv_504-iv_505 | 2006 | 4022 | 39 | 72 |
| iv_508-iv_511 | 2005 | 4507 | 40 | 81 |
| iv_505-iv_511 | 2001 | 4406 | 36 | 80 |
| iv_500-iv_507 | 1991 | 4333 | 35 | 82 |
| iv_500-iv_508 | 1991 | 4348 | 36 | 85 |

### Input Bit Co-occurrences Sorted by Potential Occurrences

| Input Bits | Co-occurrences | Potential Occurrences | Output Co-occurrences | Potential Output Occurrences |
|:----------:|:--------------:|:---------------------:|:---------------------:|:----------------------------:|
| iv_504-iv_505 | 2006 | 4022 | 39 | 72 |
| iv_501-iv_505 | 2039 | 4115 | 41 | 73 |
| iv_502-iv_505 | 1924 | 4144 | 37 | 80 |
| iv_499-iv_504 | 1868 | 4156 | 38 | 83 |
| iv_505-iv_507 | 2051 | 4186 | 31 | 86 |
| iv_498-iv_504 | 1847 | 4186 | 46 | 74 |
| iv_499-iv_501 | 1932 | 4187 | 44 | 76 |
| iv_499-iv_505 | 1929 | 4194 | 48 | 57 |
| iv_500-iv_503 | 1988 | 4205 | 41 | 73 |
| iv_499-iv_503 | 1901 | 4210 | 44 | 72 |
| iv_502-iv_504 | 1809 | 4214 | 42 | 76 |
| iv_499-iv_508 | 1968 | 4225 | 43 | 76 |

### Input Bit Output Co-occurrences Sorted by Output Co-occurrences

| Input Bits | Co-occurrences | Potential Occurrences | Output Co-occurrences | Potential Output Occurrences |
|:----------:|:--------------:|:---------------------:|:---------------------:|:----------------------------:|
| iv_498-iv_499 | 1832 | 4234 | 48 | 73 |
| iv_498-iv_501 | 1873 | 4293 | 48 | 75 |
| iv_498-iv_505 | 1900 | 4240 | 48 | 64 |
| iv_499-iv_505 | 1929 | 4194 | 48 | 57 |
| iv_498-iv_502 | 1768 | 4302 | 46 | 78 |
| iv_498-iv_504 | 1847 | 4186 | 46 | 74 |
| iv_498-iv_503 | 1837 | 4326 | 45 | 77 |
| iv_502-iv_511 | 1924 | 4358 | 45 | 72 |
| iv_498-iv_508 | 1867 | 4415 | 45 | 79 |
| iv_499-iv_501 | 1932 | 4187 | 44 | 76 |
| iv_499-iv_503 | 1901 | 4210 | 44 | 72 |
| iv_498-iv_507 | 1903 | 4328 | 43 | 78 |

### Input Bit Output Co-occurrences Sorted by Potential Output Occurrences

| Input Bits | Co-occurrences | Potential Occurrences | Output Co-occurrences | Potential Output Occurrences |
|:----------:|:--------------:|:---------------------:|:---------------------:|:----------------------------:|
| iv_499-iv_505 | 1929 | 4194 | 48 | 57 |
| iv_498-iv_505 | 1900 | 4240 | 48 | 64 |
| iv_497-iv_500 | 1965 | 4399 | 41 | 67 |
| iv_497-iv_503 | 1888 | 4486 | 42 | 68 |
| iv_507-iv_508 | 2054 | 4289 | 43 | 71 |
| iv_499-iv_503 | 1901 | 4210 | 44 | 72 |
| iv_502-iv_511 | 1924 | 4358 | 45 | 72 |
| iv_504-iv_505 | 2006 | 4022 | 39 | 72 |
| iv_498-iv_499 | 1832 | 4234 | 48 | 73 |
| iv_499-iv_500 | 1898 | 4283 | 42 | 73 |
| iv_500-iv_503 | 1988 | 4205 | 41 | 73 |
| iv_501-iv_505 | 2039 | 4115 | 41 | 73 |

## Output Bits

### Output Bits in Regular Order

| Rank | Output Bit | Complexity |
|:----:|:----------:|:----------:|
| 1 | ov_001 | 2.9924023506792223 × 10^299 |
| 2 | ov_002 | 2.603906766474303 × 10^299 |
| 3 | ov_003 | 2.255118326878917 × 10^299 |
| 4 | ov_004 | 1.9430605096386164 × 10^299 |
| 5 | ov_005 | 1.6649198919211565 × 10^299 |
| 6 | ov_006 | 1.4180345359515756 × 10^299 |
| 7 | ov_007 | 1.1998838535359818 × 10^299 |
| 8 | ov_008 | 1.0080798544007169 × 10^299 |
| 9 | ov_009 | 8.403596725590376 × 10^298 |
| 10 | ov_010 | 6.945792455724939 × 10^298 |
| 11 | ov_011 | 5.68708020185719 × 10^298 |
| 12 | ov_012 | 4.608245650844674 × 10^298 |
| 13 | ov_013 | 3.691129786503546 × 10^298 |
| 14 | ov_014 | 2.9185998659426566 × 10^298 |
| 15 | ov_015 | 2.2745263127084298 × 10^298 |
| 16 | ov_016 | 1.7437646133099173 × 10^298 |
| 17 | ov_017 | 1.3121413717567387 × 10^298 |
| 18 | ov_018 | 9.664437444627674 × 10^297 |
| 19 | ov_019 | 6.94411545351729 × 10^297 |
| 20 | ov_020 | 4.8473141010369636 × 10^297 |
| 21 | ov_021 | 3.270325668422389 × 10^297 |
| 22 | ov_022 | 2.1188388289059002 × 10^297 |
| 23 | ov_023 | 1.3079187999670742 × 10^297 |
| 24 | ov_024 | 7.619944398630248 × 10^296 |
| 25 | ov_025 | 4.1485035129376615 × 10^296 |
| 26 | ov_026 | 2.096225554623368 × 10^296 |
| 27 | ov_027 | 9.8796456473888 × 10^295 |
| 28 | ov_028 | 4.4206038617852455 × 10^295 |
| 29 | ov_029 | 1.7033607947915827 × 10^295 |
| 30 | ov_030 | 5.207384510187507 × 10^294 |
| 31 | ov_031 | 1.0157397596334177 × 10^294 |
| 32 | lv_80_m31 | 1.9809575581357843 × 10^293 |
| 33 | ov_033 | 2.385010760858464 × 10^294 |
| 34 | ov_034 | 2.0710389486645685 × 10^294 |
| 35 | ov_035 | 1.7898835403184604 × 10^294 |
| 36 | ov_036 | 1.5388850144137786 × 10^294 |
| 37 | ov_037 | 1.3155282780963829 × 10^294 |
| 38 | ov_038 | 1.1174325222670799 × 10^294 |
| 39 | ov_039 | 9.423424274797359 × 10^293 |
| 40 | ov_040 | 7.881205906592481 × 10^293 |
| 41 | ov_041 | 6.527410506847996 × 10^293 |
| 42 | ov_042 | 5.352179431708133 × 10^293 |
| 43 | ov_043 | 4.346171233401209 × 10^293 |
| 44 | ov_044 | 3.492174239867643 × 10^293 |
| 45 | ov_045 | 2.773920273133549 × 10^293 |
| 46 | ov_046 | 2.1760590663707097 × 10^293 |
| 47 | ov_047 | 1.684137818082786 × 10^293 |
| 48 | ov_048 | 1.2845851284777438 × 10^293 |
| 49 | ov_049 | 9.646986213629272 × 10^292 |
| 50 | ov_050 | 7.126356120997674 × 10^292 |
| 51 | ov_051 | 5.174062385173504 × 10^292 |
| 52 | ov_052 | 3.688685274141035 × 10^292 |
| 53 | ov_053 | 2.577249471947456 × 10^292 |
| 54 | ov_054 | 1.7552009743893735 × 10^292 |
| 55 | ov_055 | 1.146392409555853 × 10^292 |
| 56 | ov_056 | 7.148503506388709 × 10^291 |
| 57 | ov_057 | 4.287985033844759 × 10^291 |
| 58 | ov_058 | 2.372687315908017 × 10^291 |
| 59 | ov_059 | 1.1687402766474308 × 10^291 |
| 60 | ov_060 | 4.842102029664734 × 10^290 |
| 61 | ov_061 | 1.6909795750159576 × 10^290 |
| 62 | ov_062 | 4.637680043413678 × 10^289 |
| 63 | ov_063 | 9.037201101593063 × 10^288 |
| 64 | lv_79_m31 | 1.760667487047562 × 10^288 |
| 65 | ov_065 | 2.111002213698256 × 10^289 |
| 66 | ov_066 | 2.1109957790290387 × 10^289 |
| 67 | ov_067 | 2.1109942042291332 × 10^289 |
| 68 | ov_068 | 1.8279267363784236 × 10^289 |
| 69 | ov_069 | 1.5751181257636477 × 10^289 |
| 70 | ov_070 | 1.3501309861897377 × 10^289 |
| 71 | ov_071 | 1.150677871443731 × 10^289 |
| 72 | ov_072 | 9.74611122532026 × 10^288 |
| 73 | ov_073 | 8.199136132427306 × 10^288 |
| 74 | ov_074 | 6.84690346352693 × 10^288 |
| 75 | ov_075 | 5.671608546487139 × 10^288 |
| 76 | ov_076 | 4.6565236245717015 × 10^288 |
| 77 | ov_077 | 3.7859366461683784 × 10^288 |
| 78 | ov_078 | 3.045096808244355 × 10^288 |
| 79 | ov_079 | 2.420166440670022 × 10^288 |
| 80 | ov_080 | 1.8981788246271226 × 10^288 |
| 81 | ov_081 | 1.4670015429251266 × 10^288 |
| 82 | ov_082 | 1.1153049634681448 × 10^288 |
| 83 | ov_083 | 8.325354595924942 × 10^287 |
| 84 | ov_084 | 6.088929727438071 × 10^287 |
| 85 | ov_085 | 4.353125241542658 × 10^287 |
| 86 | ov_086 | 3.0344928295938138 × 10^287 |
| 87 | ov_087 | 2.0566679868424636 × 10^287 |
| 88 | ov_088 | 1.3502800632826327 × 10^287 |
| 89 | ov_089 | 8.528861245062177 × 10^286 |
| 90 | ov_090 | 5.089247075087393 × 10^286 |
| 91 | ov_091 | 2.923307892130188 × 10^286 |
| 92 | ov_092 | 1.6122715664737126 × 10^286 |
| 93 | ov_093 | 8.055988539101999 × 10^285 |
| 94 | ov_094 | 3.450703161286465 × 10^285 |
| 95 | aaa_78_28 | 1.0655374858169595 × 10^285 |
| 96 | aaa_78_29 | 3.272285172519655 × 10^284 |
| 97 | ov_097 | 2.1604511794961592 × 10^284 |
| 98 | ov_098 | 2.1603864053408838 × 10^284 |
| 99 | ov_099 | 2.1603657070691175 × 10^284 |
| 100 | ov_100 | 1.9438897217041804 × 10^284 |
| 101 | ov_101 | 1.743424788387228 × 10^284 |
| 102 | ov_102 | 1.5580881560714576 × 10^284 |
| 103 | ov_103 | 1.3870612065305214 × 10^284 |
| 104 | ov_104 | 1.2295812158479627 × 10^284 |
| 105 | ov_105 | 1.0849338619892313 × 10^284 |
| 106 | ov_106 | 9.524464395622405 × 10^283 |
| 107 | ov_107 | 8.314817443164584 × 10^283 |
| 108 | ov_108 | 7.214325911014723 × 10^283 |
| 109 | ov_109 | 6.2171692994081545 × 10^283 |
| 110 | ov_110 | 5.317735256082798 × 10^283 |
| 111 | ov_111 | 4.510581666532317 × 10^283 |
| 112 | ov_112 | 3.7904037023768684 × 10^283 |
| 113 | ov_113 | 3.152005494477288 × 10^283 |
| 114 | ov_114 | 2.590276099497041 × 10^283 |
| 115 | ov_115 | 2.1001694299954458 × 10^283 |
| 116 | ov_116 | 1.6766878190114265 × 10^283 |
| 117 | ov_117 | 1.3148688906321432 × 10^283 |
| 118 | ov_118 | 1.0097754083573423 × 10^283 |
| 119 | ov_119 | 7.564875035135849 × 10^282 |
| 120 | ov_120 | 5.500966860745691 × 10^282 |
| 121 | ov_121 | 3.857015797770181 × 10^282 |
| 122 | ov_122 | 2.584051766413351 × 10^282 |
| 123 | ov_123 | 1.633130304459708 × 10^282 |
| 124 | ov_124 | 9.553203746954999 × 10^281 |
| 125 | ov_125 | 5.01696806747359 × 10^281 |
| 126 | ov_126 | 2.2333643898722893 × 10^281 |
| 127 | aaa_77_28 | 7.131663641968064 × 10^280 |
| 128 | aaa_77_29 | 2.673651688291279 × 10^280 |
| 129 | ov_129 | 2.486021736090964 × 10^280 |
| 130 | ov_130 | 2.48601459632438 × 10^280 |
| 131 | ov_131 | 2.4860128690506063 × 10^280 |
| 132 | ov_132 | 2.1574998768351546 × 10^280 |
| 133 | ov_133 | 1.863092350048107 × 10^280 |
| 134 | ov_134 | 1.6002175550166492 × 10^280 |
| 135 | ov_135 | 1.3664414376287038 × 10^280 |
| 136 | ov_136 | 1.1594587199515594 × 10^280 |
| 137 | ov_137 | 9.770843453879193 × 10^279 |
| 138 | ov_138 | 8.172461454117608 × 10^279 |
| 139 | ov_139 | 6.779786074545223 × 10^279 |
| 140 | ov_140 | 5.574176298406143 × 10^279 |
| 141 | ov_141 | 4.537961558431774 × 10^279 |
| 142 | ov_142 | 3.65440584982972 × 10^279 |
| 143 | ov_143 | 2.90767865655738 × 10^279 |
| 144 | ov_144 | 2.282831790710541 × 10^279 |
| 145 | ov_145 | 1.7657813033820412 × 10^279 |
| 146 | ov_146 | 1.343293683565747 × 10^279 |
| 147 | ov_147 | 1.0029756197022839 × 10^279 |
| 148 | ov_148 | 7.332666563570887 × 10^278 |
| 149 | ov_149 | 5.234341363350577 × 10^278 |
| 150 | ov_150 | 3.635698762987817 × 10^278 |
| 151 | ov_151 | 2.4458808168703397 × 10^278 |
| 152 | ov_152 | 1.5822408450741171 × 10^278 |
| 153 | ov_153 | 9.703360187393432 × 10^277 |
| 154 | ov_154 | 5.43923166342448 × 10^277 |
| 155 | ov_155 | 2.719302340135044 × 10^277 |
| 156 | aaa_76_25 | 1.0450738360405712 × 10^277 |
| 157 | aaa_76_26 | 6.037043961293592 × 10^276 |
| 158 | aaa_76_27 | 3.091460034052628 × 10^276 |
| 159 | aaa_76_28 | 1.2042468561078473 × 10^276 |
| 160 | aaa_76_29 | 3.664153323664854 × 10^275 |

### Output Bits Sorted by Complexity

| Rank | Output Bit | Complexity |
|:----:|:----------:|:----------:|
| 160 | aaa_76_29 | 3.664153323664854 × 10^275 |
| 159 | aaa_76_28 | 1.2042468561078473 × 10^276 |
| 158 | aaa_76_27 | 3.091460034052628 × 10^276 |
| 157 | aaa_76_26 | 6.037043961293592 × 10^276 |
| 156 | aaa_76_25 | 1.0450738360405712 × 10^277 |
| 155 | ov_155 | 2.719302340135044 × 10^277 |
| 154 | ov_154 | 5.43923166342448 × 10^277 |
| 153 | ov_153 | 9.703360187393432 × 10^277 |
| 152 | ov_152 | 1.5822408450741171 × 10^278 |
| 151 | ov_151 | 2.4458808168703397 × 10^278 |
| 150 | ov_150 | 3.635698762987817 × 10^278 |
| 149 | ov_149 | 5.234341363350577 × 10^278 |
| 148 | ov_148 | 7.332666563570887 × 10^278 |
| 147 | ov_147 | 1.0029756197022839 × 10^279 |
| 146 | ov_146 | 1.343293683565747 × 10^279 |
| 145 | ov_145 | 1.7657813033820412 × 10^279 |
| 144 | ov_144 | 2.282831790710541 × 10^279 |
| 143 | ov_143 | 2.90767865655738 × 10^279 |
| 142 | ov_142 | 3.65440584982972 × 10^279 |
| 141 | ov_141 | 4.537961558431774 × 10^279 |
| 140 | ov_140 | 5.574176298406143 × 10^279 |
| 139 | ov_139 | 6.779786074545223 × 10^279 |
| 138 | ov_138 | 8.172461454117608 × 10^279 |
| 137 | ov_137 | 9.770843453879193 × 10^279 |
| 136 | ov_136 | 1.1594587199515594 × 10^280 |
| 135 | ov_135 | 1.3664414376287038 × 10^280 |
| 134 | ov_134 | 1.6002175550166492 × 10^280 |
| 133 | ov_133 | 1.863092350048107 × 10^280 |
| 132 | ov_132 | 2.1574998768351546 × 10^280 |
| 131 | ov_131 | 2.4860128690506063 × 10^280 |
| 130 | ov_130 | 2.48601459632438 × 10^280 |
| 129 | ov_129 | 2.486021736090964 × 10^280 |
| 128 | aaa_77_29 | 2.673651688291279 × 10^280 |
| 127 | aaa_77_28 | 7.131663641968064 × 10^280 |
| 126 | ov_126 | 2.2333643898722893 × 10^281 |
| 125 | ov_125 | 5.01696806747359 × 10^281 |
| 124 | ov_124 | 9.553203746954999 × 10^281 |
| 123 | ov_123 | 1.633130304459708 × 10^282 |
| 122 | ov_122 | 2.584051766413351 × 10^282 |
| 121 | ov_121 | 3.857015797770181 × 10^282 |
| 120 | ov_120 | 5.500966860745691 × 10^282 |
| 119 | ov_119 | 7.564875035135849 × 10^282 |
| 118 | ov_118 | 1.0097754083573423 × 10^283 |
| 117 | ov_117 | 1.3148688906321432 × 10^283 |
| 116 | ov_116 | 1.6766878190114265 × 10^283 |
| 115 | ov_115 | 2.1001694299954458 × 10^283 |
| 114 | ov_114 | 2.590276099497041 × 10^283 |
| 113 | ov_113 | 3.152005494477288 × 10^283 |
| 112 | ov_112 | 3.7904037023768684 × 10^283 |
| 111 | ov_111 | 4.510581666532317 × 10^283 |
| 110 | ov_110 | 5.317735256082798 × 10^283 |
| 109 | ov_109 | 6.2171692994081545 × 10^283 |
| 108 | ov_108 | 7.214325911014723 × 10^283 |
| 107 | ov_107 | 8.314817443164584 × 10^283 |
| 106 | ov_106 | 9.524464395622405 × 10^283 |
| 105 | ov_105 | 1.0849338619892313 × 10^284 |
| 104 | ov_104 | 1.2295812158479627 × 10^284 |
| 103 | ov_103 | 1.3870612065305214 × 10^284 |
| 102 | ov_102 | 1.5580881560714576 × 10^284 |
| 101 | ov_101 | 1.743424788387228 × 10^284 |
| 100 | ov_100 | 1.9438897217041804 × 10^284 |
| 99 | ov_099 | 2.1603657070691175 × 10^284 |
| 98 | ov_098 | 2.1603864053408838 × 10^284 |
| 97 | ov_097 | 2.1604511794961592 × 10^284 |
| 96 | aaa_78_29 | 3.272285172519655 × 10^284 |
| 95 | aaa_78_28 | 1.0655374858169595 × 10^285 |
| 94 | ov_094 | 3.450703161286465 × 10^285 |
| 93 | ov_093 | 8.055988539101999 × 10^285 |
| 92 | ov_092 | 1.6122715664737126 × 10^286 |
| 91 | ov_091 | 2.923307892130188 × 10^286 |
| 90 | ov_090 | 5.089247075087393 × 10^286 |
| 89 | ov_089 | 8.528861245062177 × 10^286 |
| 88 | ov_088 | 1.3502800632826327 × 10^287 |
| 87 | ov_087 | 2.0566679868424636 × 10^287 |
| 86 | ov_086 | 3.0344928295938138 × 10^287 |
| 85 | ov_085 | 4.353125241542658 × 10^287 |
| 84 | ov_084 | 6.088929727438071 × 10^287 |
| 83 | ov_083 | 8.325354595924942 × 10^287 |
| 82 | ov_082 | 1.1153049634681448 × 10^288 |
| 81 | ov_081 | 1.4670015429251266 × 10^288 |
| 64 | lv_79_m31 | 1.760667487047562 × 10^288 |
| 80 | ov_080 | 1.8981788246271226 × 10^288 |
| 79 | ov_079 | 2.420166440670022 × 10^288 |
| 78 | ov_078 | 3.045096808244355 × 10^288 |
| 77 | ov_077 | 3.7859366461683784 × 10^288 |
| 76 | ov_076 | 4.6565236245717015 × 10^288 |
| 75 | ov_075 | 5.671608546487139 × 10^288 |
| 74 | ov_074 | 6.84690346352693 × 10^288 |
| 73 | ov_073 | 8.199136132427306 × 10^288 |
| 63 | ov_063 | 9.037201101593063 × 10^288 |
| 72 | ov_072 | 9.74611122532026 × 10^288 |
| 71 | ov_071 | 1.150677871443731 × 10^289 |
| 70 | ov_070 | 1.3501309861897377 × 10^289 |
| 69 | ov_069 | 1.5751181257636477 × 10^289 |
| 68 | ov_068 | 1.8279267363784236 × 10^289 |
| 67 | ov_067 | 2.1109942042291332 × 10^289 |
| 66 | ov_066 | 2.1109957790290387 × 10^289 |
| 65 | ov_065 | 2.111002213698256 × 10^289 |
| 62 | ov_062 | 4.637680043413678 × 10^289 |
| 61 | ov_061 | 1.6909795750159576 × 10^290 |
| 60 | ov_060 | 4.842102029664734 × 10^290 |
| 59 | ov_059 | 1.1687402766474308 × 10^291 |
| 58 | ov_058 | 2.372687315908017 × 10^291 |
| 57 | ov_057 | 4.287985033844759 × 10^291 |
| 56 | ov_056 | 7.148503506388709 × 10^291 |
| 55 | ov_055 | 1.146392409555853 × 10^292 |
| 54 | ov_054 | 1.7552009743893735 × 10^292 |
| 53 | ov_053 | 2.577249471947456 × 10^292 |
| 52 | ov_052 | 3.688685274141035 × 10^292 |
| 51 | ov_051 | 5.174062385173504 × 10^292 |
| 50 | ov_050 | 7.126356120997674 × 10^292 |
| 49 | ov_049 | 9.646986213629272 × 10^292 |
| 48 | ov_048 | 1.2845851284777438 × 10^293 |
| 47 | ov_047 | 1.684137818082786 × 10^293 |
| 32 | lv_80_m31 | 1.9809575581357843 × 10^293 |
| 46 | ov_046 | 2.1760590663707097 × 10^293 |
| 45 | ov_045 | 2.773920273133549 × 10^293 |
| 44 | ov_044 | 3.492174239867643 × 10^293 |
| 43 | ov_043 | 4.346171233401209 × 10^293 |
| 42 | ov_042 | 5.352179431708133 × 10^293 |
| 41 | ov_041 | 6.527410506847996 × 10^293 |
| 40 | ov_040 | 7.881205906592481 × 10^293 |
| 39 | ov_039 | 9.423424274797359 × 10^293 |
| 31 | ov_031 | 1.0157397596334177 × 10^294 |
| 38 | ov_038 | 1.1174325222670799 × 10^294 |
| 37 | ov_037 | 1.3155282780963829 × 10^294 |
| 36 | ov_036 | 1.5388850144137786 × 10^294 |
| 35 | ov_035 | 1.7898835403184604 × 10^294 |
| 34 | ov_034 | 2.0710389486645685 × 10^294 |
| 33 | ov_033 | 2.385010760858464 × 10^294 |
| 30 | ov_030 | 5.207384510187507 × 10^294 |
| 29 | ov_029 | 1.7033607947915827 × 10^295 |
| 28 | ov_028 | 4.4206038617852455 × 10^295 |
| 27 | ov_027 | 9.8796456473888 × 10^295 |
| 26 | ov_026 | 2.096225554623368 × 10^296 |
| 25 | ov_025 | 4.1485035129376615 × 10^296 |
| 24 | ov_024 | 7.619944398630248 × 10^296 |
| 23 | ov_023 | 1.3079187999670742 × 10^297 |
| 22 | ov_022 | 2.1188388289059002 × 10^297 |
| 21 | ov_021 | 3.270325668422389 × 10^297 |
| 20 | ov_020 | 4.8473141010369636 × 10^297 |
| 19 | ov_019 | 6.94411545351729 × 10^297 |
| 18 | ov_018 | 9.664437444627674 × 10^297 |
| 17 | ov_017 | 1.3121413717567387 × 10^298 |
| 16 | ov_016 | 1.7437646133099173 × 10^298 |
| 15 | ov_015 | 2.2745263127084298 × 10^298 |
| 14 | ov_014 | 2.9185998659426566 × 10^298 |
| 13 | ov_013 | 3.691129786503546 × 10^298 |
| 12 | ov_012 | 4.608245650844674 × 10^298 |
| 11 | ov_011 | 5.68708020185719 × 10^298 |
| 10 | ov_010 | 6.945792455724939 × 10^298 |
| 9 | ov_009 | 8.403596725590376 × 10^298 |
| 8 | ov_008 | 1.0080798544007169 × 10^299 |
| 7 | ov_007 | 1.1998838535359818 × 10^299 |
| 6 | ov_006 | 1.4180345359515756 × 10^299 |
| 5 | ov_005 | 1.6649198919211565 × 10^299 |
| 4 | ov_004 | 1.9430605096386164 × 10^299 |
| 3 | ov_003 | 2.255118326878917 × 10^299 |
| 2 | ov_002 | 2.603906766474303 × 10^299 |
| 1 | ov_001 | 2.9924023506792223 × 10^299 |

