# Results for F001-F002-F003-F004-F005-F006-F007-F008-F009-F010-F011-F012-F013-F014-F015-F016-F017-F018-F019-F020-F021-F022-F023-F024-F025-F026-F027-F028-F029-F030-F031-F032-F033-F034-F035-F036-F037-F038-F039-F040-F041-F042-F043-F044-F045-F046-F047-F048-F049-F050-F051-F052-F053-F054-F055-F056-F057-F058-F059-F060-F061-F062-F063-F064-F065-F066-F067-F068-F069-F070-F071-F072-F073-F074-F075-F076-F077-F078-F079-F080-F081-F082-F083-F084-F085-F086-F087-F088-F089-F090-F091-F092-F093-F094-F095-F096-F097-F098-F099-F100-F101-F102-F103-F104-F105-F106-F107-F108-F109-F110-F111-F112-F113-F114-F115-F116-F117-F118-F119-F120-F121-F122-F123-F124-F125-F126-F127-F128-F129-F130-F131-F132-F133-F134-F135-F136-F137-F138-F139-F140-F141-F142-F143-F144-F145-F146-F147-F148-F149-F150-F151-F152-F153-F154-F155-F156-F157-F158-F159-F160-F161-F162-F163-F164-F165-F166-F167-F168-F169-F170-F171-F172-F173-F174-F175-F176-F177-F178-F179-F180-F181-F182-F183-F184-F185-F186-F187-F188-F189-F190-F191-F192-F193-F194-F195-F196-F197-F198-F199-F200-F201-F202-F203-F204-F205-F206-F207-F208-F209-F210-F211-F212-F213-F214-F215-F216-F217-F218-F219-F220-F221-F222-F223-F224-F225-F226-F227-F228-F229-F230-F231-F232-F233-F234-F235-F236-F237-F238-F239-F240-F241-F242-F243-F244-F245-F246-F247-F248-F249-F250-F251-F252-F253-F254-F255-F256-F257-F258-F259-F260-F261-F262-F263-F264-F265-F266-F267-F268-F269-F270-F271-F272-F273-F274-F275-F276-F277-F278-F279-F280-F281-F282-F283-F284-F285-F286-F287-F288-F289-F290-F291-F292-F293-F294-F295-F296-F297-F298-F299-F300-F301-F302-F303-F304-F305-F306-F307-F308-F309-F310-F311-F312-F313-F314-F315-F316-F317-F318-F319-F320-F321-F322-F323-F324-F325-F326-F327-F328-F329-F330-F331-F332-F333-F334-F335-F336-F337-F338-F339-F340-F341-F342-F343-F344-F345-F346-F347-F348-F349-F350-F351-F352-F353-F354-F355-F356-F357-F358-F359-F360-F361-F362-F363-F364-F365-F366-F367-F368-F369-F370-F371-F372-F373-F374-F375-F376-F377-F378-F379-F380-F381-F382-F383-F384-F385-F386-F387-F388-F389-F390-F391-F392-F393-F394-F395-F396-F397-F398-F399-F400-F401-F402-F403-F404-F405-F406-F407-F408-F409-F410-F411-F412-F413-F414-F415-F416-F417-F418-F419-F420-F421-F422-F423-F424-F425-F426-F427-F428-F429-F430-F431-F432-F433-F434-F435-F436-F437-F438-F439-F440-F441-F442-F443-F444-F445-F446-F447-F448-F449-F450-F451-F452-F453-F454-F455-F456-F457-F458-F459-F460-F461-F462-F463-F464-F465-F466-F467-F468-F469-F470-F471-F472-F473-F474-F475-F476-F477-F478-F479-F480-F481-F482-F483-F484-F485-F486-F487-F488-F489-F490-F491-F492-F493-F494-F495-F496-O500505-O508509-F510-F512

## Summary

Number of input bits: 512  
Number of free input bits: 12  
Number of output bits: 160

Number of direct occurrences: 50023  
Number of assignments: 31923  
Number of operations: 11600665
(xor: 11571709,
and: 15408,
or: 13548)

Total complexity: 1.5285801967453267 × 10^305

Least occurring input variable: iv_502 (3894)  
Most occurring input variable: iv_507 (4386)

Most co-occurring input variables: iv_503-iv_507 (2125)  
Least co-occurring input variables: iv_498-iv_502 (1772)

Potentially most occurring input variable: iv_508/iv_511 (4655)  
Potentially least occurring input variable: iv_498/iv_501 (4208)

Least output occurring input variable: iv_497 (71)  
Most output occurring input variable: iv_503 (92)

Most output co-occurring input variables: iv_499-iv_503 (51)  
Least output co-occurring input variables: iv_497-iv_504 (30)

Potentially most output occurring input variable: iv_501/iv_508 (99)  
Potentially least output occurring input variable: iv_504/iv_506 (64)

Least complex input bit: iv_511 (2.909963264054496 × 10^301)  
Most complex input bit: iv_500 (4.4506811482870305 × 10^304)

Least complex output bit: aaa_76_29 (3.866611947837679 × 10^279)  
Most complex output bit: ov_001 (2.3897126399910467 × 10^304)

Least complex input/output complexity: iv_511/aaa_76_29 (7.360882175838139 × 10^275)  
Most complex input/output complexity: iv_500/ov_001 (6.957992141516268 × 10^303)

## Input Bits

### Input Bits in Regular Order

| Input Bit | Complexity | Occurrences | Output Occurrences |
|:---------:|:----------:|:-----------:|:------------------:|
| iv_497 | 6.763096955520124 × 10^302 | 4098 | 71 |
| iv_498 | 1.3482783000440225 × 10^303 | 4022 | 83 |
| iv_499 | 2.3737834233641488 × 10^303 | 4137 | 83 |
| iv_500 | 4.4506811482870305 × 10^304 | 4368 | 81 |
| iv_501 | 6.598438573613646 × 10^303 | 4198 | 89 |
| iv_502 | 1.0676865306251815 × 10^304 | 3894 | 78 |
| iv_503 | 1.697092962430828 × 10^304 | 4181 | 92 |
| iv_504 | 2.645629154913966 × 10^304 | 4018 | 72 |
| iv_506 | 2.04740651962288 × 10^304 | 4232 | 84 |
| iv_507 | 2.2021181968980408 × 10^304 | 4386 | 80 |
| iv_508 | 7.259649215391351 × 10^302 | 4328 | 80 |
| iv_511 | 2.909963264054496 × 10^301 | 4161 | 72 |

### Input Bits Sorted by Complexity

| Input Bit | Complexity | Occurrences | Output Occurrences |
|:---------:|:----------:|:-----------:|:------------------:|
| iv_511 | 2.909963264054496 × 10^301 | 4161 | 72 |
| iv_497 | 6.763096955520124 × 10^302 | 4098 | 71 |
| iv_508 | 7.259649215391351 × 10^302 | 4328 | 80 |
| iv_498 | 1.3482783000440225 × 10^303 | 4022 | 83 |
| iv_499 | 2.3737834233641488 × 10^303 | 4137 | 83 |
| iv_501 | 6.598438573613646 × 10^303 | 4198 | 89 |
| iv_502 | 1.0676865306251815 × 10^304 | 3894 | 78 |
| iv_503 | 1.697092962430828 × 10^304 | 4181 | 92 |
| iv_506 | 2.04740651962288 × 10^304 | 4232 | 84 |
| iv_507 | 2.2021181968980408 × 10^304 | 4386 | 80 |
| iv_504 | 2.645629154913966 × 10^304 | 4018 | 72 |
| iv_500 | 4.4506811482870305 × 10^304 | 4368 | 81 |

### Input Bits Sorted by Occurrences

| Input Bit | Complexity | Occurrences | Output Occurrences |
|:---------:|:----------:|:-----------:|:------------------:|
| iv_502 | 1.0676865306251815 × 10^304 | 3894 | 78 |
| iv_504 | 2.645629154913966 × 10^304 | 4018 | 72 |
| iv_498 | 1.3482783000440225 × 10^303 | 4022 | 83 |
| iv_497 | 6.763096955520124 × 10^302 | 4098 | 71 |
| iv_499 | 2.3737834233641488 × 10^303 | 4137 | 83 |
| iv_511 | 2.909963264054496 × 10^301 | 4161 | 72 |
| iv_503 | 1.697092962430828 × 10^304 | 4181 | 92 |
| iv_501 | 6.598438573613646 × 10^303 | 4198 | 89 |
| iv_506 | 2.04740651962288 × 10^304 | 4232 | 84 |
| iv_508 | 7.259649215391351 × 10^302 | 4328 | 80 |
| iv_500 | 4.4506811482870305 × 10^304 | 4368 | 81 |
| iv_507 | 2.2021181968980408 × 10^304 | 4386 | 80 |

### Input Bits Sorted by Output Occurrences

| Input Bit | Complexity | Occurrences | Output Occurrences |
|:---------:|:----------:|:-----------:|:------------------:|
| iv_497 | 6.763096955520124 × 10^302 | 4098 | 71 |
| iv_504 | 2.645629154913966 × 10^304 | 4018 | 72 |
| iv_511 | 2.909963264054496 × 10^301 | 4161 | 72 |
| iv_502 | 1.0676865306251815 × 10^304 | 3894 | 78 |
| iv_507 | 2.2021181968980408 × 10^304 | 4386 | 80 |
| iv_508 | 7.259649215391351 × 10^302 | 4328 | 80 |
| iv_500 | 4.4506811482870305 × 10^304 | 4368 | 81 |
| iv_498 | 1.3482783000440225 × 10^303 | 4022 | 83 |
| iv_499 | 2.3737834233641488 × 10^303 | 4137 | 83 |
| iv_506 | 2.04740651962288 × 10^304 | 4232 | 84 |
| iv_501 | 6.598438573613646 × 10^303 | 4198 | 89 |
| iv_503 | 1.697092962430828 × 10^304 | 4181 | 92 |

## Input Bit Co-occurrences

### Input Bit Co-occurrences Sorted by Co-occurrences

| Input Bits | Co-occurrences | Potential Occurrences | Output Co-occurrences | Potential Output Occurrences |
|:----------:|:--------------:|:---------------------:|:---------------------:|:----------------------------:|
| iv_503-iv_507 | 2125 | 4317 | 43 | 86 |
| iv_506-iv_507 | 2121 | 4376 | 45 | 74 |
| iv_500-iv_507 | 2100 | 4554 | 41 | 79 |
| iv_501-iv_507 | 2093 | 4398 | 43 | 83 |
| iv_507-iv_508 | 2088 | 4538 | 41 | 78 |
| iv_507-iv_511 | 2079 | 4389 | 34 | 84 |
| iv_500-iv_501 | 2061 | 4444 | 37 | 96 |
| iv_499-iv_507 | 2061 | 4401 | 39 | 85 |
| iv_497-iv_508 | 2057 | 4312 | 38 | 75 |
| iv_503-iv_506 | 2053 | 4307 | 46 | 84 |
| iv_501-iv_511 | 2051 | 4257 | 43 | 75 |
| iv_500-iv_506 | 2039 | 4522 | 38 | 89 |

### Input Bit Co-occurrences Sorted by Potential Occurrences

| Input Bits | Co-occurrences | Potential Occurrences | Output Co-occurrences | Potential Output Occurrences |
|:----------:|:--------------:|:---------------------:|:---------------------:|:----------------------------:|
| iv_498-iv_501 | 2006 | 4208 | 49 | 74 |
| iv_497-iv_501 | 2034 | 4228 | 40 | 80 |
| iv_501-iv_511 | 2051 | 4257 | 43 | 75 |
| iv_504-iv_506 | 1991 | 4268 | 46 | 64 |
| iv_502-iv_504 | 1820 | 4272 | 33 | 84 |
| iv_498-iv_504 | 1882 | 4276 | 35 | 85 |
| iv_501-iv_502 | 1905 | 4282 | 43 | 81 |
| iv_499-iv_506 | 2033 | 4303 | 45 | 77 |
| iv_503-iv_506 | 2053 | 4307 | 46 | 84 |
| iv_497-iv_508 | 2057 | 4312 | 38 | 75 |
| iv_503-iv_511 | 2013 | 4316 | 44 | 76 |
| iv_503-iv_507 | 2125 | 4317 | 43 | 86 |

### Input Bit Output Co-occurrences Sorted by Output Co-occurrences

| Input Bits | Co-occurrences | Potential Occurrences | Output Co-occurrences | Potential Output Occurrences |
|:----------:|:--------------:|:---------------------:|:---------------------:|:----------------------------:|
| iv_499-iv_503 | 1983 | 4352 | 51 | 73 |
| iv_499-iv_501 | 2001 | 4333 | 50 | 72 |
| iv_501-iv_503 | 1969 | 4441 | 50 | 81 |
| iv_498-iv_503 | 1875 | 4453 | 49 | 77 |
| iv_498-iv_501 | 2006 | 4208 | 49 | 74 |
| iv_506-iv_508 | 1969 | 4622 | 47 | 70 |
| iv_503-iv_506 | 2053 | 4307 | 46 | 84 |
| iv_504-iv_506 | 1991 | 4268 | 46 | 64 |
| iv_498-iv_508 | 1946 | 4458 | 45 | 73 |
| iv_499-iv_506 | 2033 | 4303 | 45 | 77 |
| iv_506-iv_507 | 2121 | 4376 | 45 | 74 |
| iv_501-iv_506 | 1977 | 4476 | 45 | 83 |

### Input Bit Output Co-occurrences Sorted by Potential Output Occurrences

| Input Bits | Co-occurrences | Potential Occurrences | Output Co-occurrences | Potential Output Occurrences |
|:----------:|:--------------:|:---------------------:|:---------------------:|:----------------------------:|
| iv_504-iv_506 | 1991 | 4268 | 46 | 64 |
| iv_506-iv_508 | 1969 | 4622 | 47 | 70 |
| iv_497-iv_506 | 1947 | 4436 | 42 | 71 |
| iv_499-iv_501 | 2001 | 4333 | 50 | 72 |
| iv_498-iv_508 | 1946 | 4458 | 45 | 73 |
| iv_499-iv_503 | 1983 | 4352 | 51 | 73 |
| iv_498-iv_501 | 2006 | 4208 | 49 | 74 |
| iv_506-iv_507 | 2121 | 4376 | 45 | 74 |
| iv_499-iv_511 | 1955 | 4388 | 40 | 75 |
| iv_500-iv_508 | 2039 | 4618 | 43 | 75 |
| iv_497-iv_508 | 2057 | 4312 | 38 | 75 |
| iv_501-iv_511 | 2051 | 4257 | 43 | 75 |

## Output Bits

### Output Bits in Regular Order

| Rank | Output Bit | Complexity |
|:----:|:----------:|:----------:|
| 1 | ov_001 | 2.3897126399910467 × 10^304 |
| 2 | ov_002 | 2.0794507551964466 × 10^304 |
| 3 | ov_003 | 1.8009036755272677 × 10^304 |
| 4 | ov_004 | 1.5516933741725606 × 10^304 |
| 5 | ov_005 | 1.3295720678121305 × 10^304 |
| 6 | ov_006 | 1.1324129999783221 × 10^304 |
| 7 | ov_007 | 9.582024055166901 × 10^303 |
| 8 | ov_008 | 8.050325618010944 × 10^303 |
| 9 | ov_009 | 6.710958384826092 × 10^303 |
| 10 | ov_010 | 5.546796498999934 × 10^303 |
| 11 | ov_011 | 4.541622132254286 × 10^303 |
| 12 | ov_012 | 3.6800902099749595 × 10^303 |
| 13 | ov_013 | 2.9476994215597057 × 10^303 |
| 14 | ov_014 | 2.330768710652152 × 10^303 |
| 15 | ov_015 | 1.8164184931579435 × 10^303 |
| 16 | ov_016 | 1.3925559034462784 × 10^303 |
| 17 | ov_017 | 1.0478634212640997 × 10^303 |
| 18 | ov_018 | 7.717902837413266 × 10^302 |
| 19 | ov_019 | 5.545461385299876 × 10^302 |
| 20 | ov_020 | 3.8709644566261803 × 10^302 |
| 21 | ov_021 | 2.611592083142336 × 10^302 |
| 22 | ov_022 | 1.6920270633770356 × 10^302 |
| 23 | ov_023 | 1.0444397254679662 × 10^302 |
| 24 | ov_024 | 6.084780175755276 × 10^301 |
| 25 | ov_025 | 3.3126144129422033 × 10^301 |
| 26 | ov_026 | 1.6737772658864953 × 10^301 |
| 27 | ov_027 | 7.888126629849412 × 10^300 |
| 28 | ov_028 | 3.529249842437 × 10^300 |
| 29 | ov_029 | 1.35977071494723 × 10^300 |
| 30 | ov_030 | 4.156485771669018 × 10^299 |
| 31 | ov_031 | 8.106154902211413 × 10^298 |
| 32 | lv_80_m31 | 1.5805982337512895 × 10^298 |
| 33 | ov_033 | 1.9037533862285837 × 10^299 |
| 34 | ov_034 | 1.6530472135064083 × 10^299 |
| 35 | ov_035 | 1.4284553425569731 × 10^299 |
| 36 | ov_036 | 1.2279363188254717 × 10^299 |
| 37 | ov_037 | 1.0495601221478337 × 10^299 |
| 38 | ov_038 | 8.91500298761559 × 10^298 |
| 39 | ov_039 | 7.520271278521585 × 10^298 |
| 40 | ov_040 | 6.295017270214757 × 10^298 |
| 41 | ov_041 | 5.223710059631205 × 10^298 |
| 42 | ov_042 | 4.2916338238561604 × 10^298 |
| 43 | ov_043 | 3.491629516649132 × 10^298 |
| 44 | ov_044 | 2.8105094228012285 × 10^298 |
| 45 | ov_045 | 2.2358102155543974 × 10^298 |
| 46 | ov_046 | 1.7557729270854272 × 10^298 |
| 47 | ov_047 | 1.3593269261094545 × 10^298 |
| 48 | ov_048 | 1.0360773126475403 × 10^298 |
| 49 | ov_049 | 7.762951838080694 × 10^297 |
| 50 | ov_050 | 5.7091026812062214 × 10^297 |
| 51 | ov_051 | 4.11505469561921 × 10^297 |
| 52 | ov_052 | 2.9031292647147016 × 10^297 |
| 53 | ov_053 | 2.002112750877661 × 10^297 |
| 54 | ov_054 | 1.3472385089039291 × 10^297 |
| 55 | ov_055 | 8.801756332063907 × 10^296 |
| 56 | ov_056 | 5.490221201995616 × 10^296 |
| 57 | ov_057 | 3.294335521866824 × 10^296 |
| 58 | ov_058 | 1.8235538547542917 × 10^296 |
| 59 | ov_059 | 8.986580422565106 × 10^295 |
| 60 | ov_060 | 3.725354721152313 × 10^295 |
| 61 | ov_061 | 1.3017777378044763 × 10^295 |
| 62 | ov_062 | 3.572404002979559 × 10^294 |
| 63 | ov_063 | 6.965737103262949 × 10^293 |
| 64 | lv_79_m31 | 1.3579353254217362 × 10^293 |
| 65 | ov_065 | 1.6292651407570417 × 10^294 |
| 66 | ov_066 | 1.6292605202918986 × 10^294 |
| 67 | ov_067 | 1.629259405484762 × 10^294 |
| 68 | ov_068 | 1.4136795553043784 × 10^294 |
| 69 | ov_069 | 1.2204710816444503 × 10^294 |
| 70 | ov_070 | 1.047960240793257 × 10^294 |
| 71 | ov_071 | 8.945606606982287 × 10^293 |
| 72 | ov_072 | 7.58767128134303 × 10^293 |
| 73 | ov_073 | 6.391502972989336 × 10^293 |
| 74 | ov_074 | 5.343522261470173 × 10^293 |
| 75 | ov_075 | 4.4308265175911244 × 10^293 |
| 76 | ov_076 | 3.6411592082172486 × 10^293 |
| 77 | ov_077 | 2.962884959233025 × 10^293 |
| 78 | ov_078 | 2.384969628639691 × 10^293 |
| 79 | ov_079 | 1.8969646856671593 × 10^293 |
| 80 | ov_080 | 1.488995234846197 × 10^293 |
| 81 | ov_081 | 1.1517510664117354 × 10^293 |
| 82 | ov_082 | 8.76480156343188 × 10^292 |
| 83 | ov_083 | 6.549840809166191 × 10^292 |
| 84 | ov_084 | 4.796148519458976 × 10^292 |
| 85 | ov_085 | 3.432727200045081 × 10^292 |
| 86 | ov_086 | 2.394045725985644 × 10^292 |
| 87 | ov_087 | 1.620027061392732 × 10^292 |
| 88 | ov_088 | 1.0560388708752296 × 10^292 |
| 89 | ov_089 | 6.528866145632118 × 10^291 |
| 90 | ov_090 | 3.873317507512907 × 10^291 |
| 91 | ov_091 | 2.2104250982066538 × 10^291 |
| 92 | ov_092 | 1.21115027398412 × 10^291 |
| 93 | ov_093 | 6.007232397434972 × 10^290 |
| 94 | ov_094 | 2.553254687852412 × 10^290 |
| 95 | aaa_78_28 | 7.826980011047855 × 10^289 |
| 96 | aaa_78_29 | 2.376220706681165 × 10^289 |
| 97 | ov_097 | 1.2831233786153611 × 10^289 |
| 98 | ov_098 | 1.2831165812694882 × 10^289 |
| 99 | ov_099 | 1.2831144057201174 × 10^289 |
| 100 | ov_100 | 1.097828673012312 × 10^289 |
| 101 | ov_101 | 9.334108263375931 × 10^288 |
| 102 | ov_102 | 7.881892974360952 × 10^288 |
| 103 | ov_103 | 6.605849240785444 × 10^288 |
| 104 | ov_104 | 5.491042104348006 × 10^288 |
| 105 | ov_105 | 4.523334535714332 × 10^288 |
| 106 | ov_106 | 3.689336574037285 × 10^288 |
| 107 | ov_107 | 2.976361595504092 × 10^288 |
| 108 | ov_108 | 2.3723890050606683 × 10^288 |
| 109 | ov_109 | 1.8660326838576248 × 10^288 |
| 110 | ov_110 | 1.4465145623347124 × 10^288 |
| 111 | ov_111 | 1.1036427254272939 × 10^288 |
| 112 | ov_112 | 8.277934923242047 × 10^287 |
| 113 | ov_113 | 6.0989694868561776 × 10^287 |
| 114 | ov_114 | 4.414254443690904 × 10^287 |
| 115 | ov_115 | 3.143846046135553 × 10^287 |
| 116 | ov_116 | 2.213064373734801 × 10^287 |
| 117 | ov_117 | 1.5524415413722672 × 10^287 |
| 118 | ov_118 | 1.097683561453669 × 10^287 |
| 119 | ov_119 | 7.896430518998316 × 10^286 |
| 120 | ov_120 | 5.743006542227723 × 10^286 |
| 121 | ov_121 | 4.0275304396202743 × 10^286 |
| 122 | ov_122 | 2.6989628853312707 × 10^286 |
| 123 | ov_123 | 1.7062915614076166 × 10^286 |
| 124 | ov_124 | 9.985183065972214 × 10^285 |
| 125 | ov_125 | 5.246511477751542 × 10^285 |
| 126 | ov_126 | 2.3370023116250514 × 10^285 |
| 127 | aaa_77_28 | 7.4676258769664 × 10^284 |
| 128 | aaa_77_29 | 2.802581661640944 × 10^284 |
| 129 | ov_129 | 2.6035255963143845 × 10^284 |
| 130 | ov_130 | 2.6035180596446 × 10^284 |
| 131 | ov_131 | 2.6035162356048683 × 10^284 |
| 132 | ov_132 | 2.2625206898922212 × 10^284 |
| 133 | ov_133 | 1.9563176977259973 × 10^284 |
| 134 | ov_134 | 1.6821892239458435 × 10^284 |
| 135 | ov_135 | 1.4375645110162459 × 10^284 |
| 136 | ov_136 | 1.2200095738585838 × 10^284 |
| 137 | ov_137 | 1.028340392236104 × 10^284 |
| 138 | ov_138 | 8.603705191408779 × 10^283 |
| 139 | ov_139 | 7.140267060990764 × 10^283 |
| 140 | ov_140 | 5.873432771970204 × 10^283 |
| 141 | ov_141 | 4.784574278721126 × 10^283 |
| 142 | ov_142 | 3.8560534321356044 × 10^283 |
| 143 | ov_143 | 3.0711903668839463 × 10^283 |
| 144 | ov_144 | 2.4142381630699624 × 10^283 |
| 145 | ov_145 | 1.8703629129048464 × 10^283 |
| 146 | ov_146 | 1.42562838316427 × 10^283 |
| 147 | ov_147 | 1.0669845241151283 × 10^283 |
| 148 | ov_148 | 7.822591353842952 × 10^282 |
| 149 | ov_149 | 5.601520589445734 × 10^282 |
| 150 | ov_150 | 3.9023132904412574 × 10^282 |
| 151 | ov_151 | 2.6293076852348678 × 10^282 |
| 152 | ov_152 | 1.6954858056025308 × 10^282 |
| 153 | ov_153 | 1.0224656147797661 × 10^282 |
| 154 | ov_154 | 5.732143790627252 × 10^281 |
| 155 | ov_155 | 2.8661082115154546 × 10^281 |
| 156 | aaa_76_25 | 1.1016150431254428 × 10^281 |
| 157 | aaa_76_26 | 6.365017571873181 × 10^280 |
| 158 | aaa_76_27 | 3.2602027252514768 × 10^280 |
| 159 | aaa_76_28 | 1.270377673592397 × 10^280 |
| 160 | aaa_76_29 | 3.866611947837679 × 10^279 |

### Output Bits Sorted by Complexity

| Rank | Output Bit | Complexity |
|:----:|:----------:|:----------:|
| 160 | aaa_76_29 | 3.866611947837679 × 10^279 |
| 159 | aaa_76_28 | 1.270377673592397 × 10^280 |
| 158 | aaa_76_27 | 3.2602027252514768 × 10^280 |
| 157 | aaa_76_26 | 6.365017571873181 × 10^280 |
| 156 | aaa_76_25 | 1.1016150431254428 × 10^281 |
| 155 | ov_155 | 2.8661082115154546 × 10^281 |
| 154 | ov_154 | 5.732143790627252 × 10^281 |
| 153 | ov_153 | 1.0224656147797661 × 10^282 |
| 152 | ov_152 | 1.6954858056025308 × 10^282 |
| 151 | ov_151 | 2.6293076852348678 × 10^282 |
| 150 | ov_150 | 3.9023132904412574 × 10^282 |
| 149 | ov_149 | 5.601520589445734 × 10^282 |
| 148 | ov_148 | 7.822591353842952 × 10^282 |
| 147 | ov_147 | 1.0669845241151283 × 10^283 |
| 146 | ov_146 | 1.42562838316427 × 10^283 |
| 145 | ov_145 | 1.8703629129048464 × 10^283 |
| 144 | ov_144 | 2.4142381630699624 × 10^283 |
| 143 | ov_143 | 3.0711903668839463 × 10^283 |
| 142 | ov_142 | 3.8560534321356044 × 10^283 |
| 141 | ov_141 | 4.784574278721126 × 10^283 |
| 140 | ov_140 | 5.873432771970204 × 10^283 |
| 139 | ov_139 | 7.140267060990764 × 10^283 |
| 138 | ov_138 | 8.603705191408779 × 10^283 |
| 137 | ov_137 | 1.028340392236104 × 10^284 |
| 136 | ov_136 | 1.2200095738585838 × 10^284 |
| 135 | ov_135 | 1.4375645110162459 × 10^284 |
| 134 | ov_134 | 1.6821892239458435 × 10^284 |
| 133 | ov_133 | 1.9563176977259973 × 10^284 |
| 132 | ov_132 | 2.2625206898922212 × 10^284 |
| 131 | ov_131 | 2.6035162356048683 × 10^284 |
| 130 | ov_130 | 2.6035180596446 × 10^284 |
| 129 | ov_129 | 2.6035255963143845 × 10^284 |
| 128 | aaa_77_29 | 2.802581661640944 × 10^284 |
| 127 | aaa_77_28 | 7.4676258769664 × 10^284 |
| 126 | ov_126 | 2.3370023116250514 × 10^285 |
| 125 | ov_125 | 5.246511477751542 × 10^285 |
| 124 | ov_124 | 9.985183065972214 × 10^285 |
| 123 | ov_123 | 1.7062915614076166 × 10^286 |
| 122 | ov_122 | 2.6989628853312707 × 10^286 |
| 121 | ov_121 | 4.0275304396202743 × 10^286 |
| 120 | ov_120 | 5.743006542227723 × 10^286 |
| 119 | ov_119 | 7.896430518998316 × 10^286 |
| 118 | ov_118 | 1.097683561453669 × 10^287 |
| 117 | ov_117 | 1.5524415413722672 × 10^287 |
| 116 | ov_116 | 2.213064373734801 × 10^287 |
| 115 | ov_115 | 3.143846046135553 × 10^287 |
| 114 | ov_114 | 4.414254443690904 × 10^287 |
| 113 | ov_113 | 6.0989694868561776 × 10^287 |
| 112 | ov_112 | 8.277934923242047 × 10^287 |
| 111 | ov_111 | 1.1036427254272939 × 10^288 |
| 110 | ov_110 | 1.4465145623347124 × 10^288 |
| 109 | ov_109 | 1.8660326838576248 × 10^288 |
| 108 | ov_108 | 2.3723890050606683 × 10^288 |
| 107 | ov_107 | 2.976361595504092 × 10^288 |
| 106 | ov_106 | 3.689336574037285 × 10^288 |
| 105 | ov_105 | 4.523334535714332 × 10^288 |
| 104 | ov_104 | 5.491042104348006 × 10^288 |
| 103 | ov_103 | 6.605849240785444 × 10^288 |
| 102 | ov_102 | 7.881892974360952 × 10^288 |
| 101 | ov_101 | 9.334108263375931 × 10^288 |
| 100 | ov_100 | 1.097828673012312 × 10^289 |
| 99 | ov_099 | 1.2831144057201174 × 10^289 |
| 98 | ov_098 | 1.2831165812694882 × 10^289 |
| 97 | ov_097 | 1.2831233786153611 × 10^289 |
| 96 | aaa_78_29 | 2.376220706681165 × 10^289 |
| 95 | aaa_78_28 | 7.826980011047855 × 10^289 |
| 94 | ov_094 | 2.553254687852412 × 10^290 |
| 93 | ov_093 | 6.007232397434972 × 10^290 |
| 92 | ov_092 | 1.21115027398412 × 10^291 |
| 91 | ov_091 | 2.2104250982066538 × 10^291 |
| 90 | ov_090 | 3.873317507512907 × 10^291 |
| 89 | ov_089 | 6.528866145632118 × 10^291 |
| 88 | ov_088 | 1.0560388708752296 × 10^292 |
| 87 | ov_087 | 1.620027061392732 × 10^292 |
| 86 | ov_086 | 2.394045725985644 × 10^292 |
| 85 | ov_085 | 3.432727200045081 × 10^292 |
| 84 | ov_084 | 4.796148519458976 × 10^292 |
| 83 | ov_083 | 6.549840809166191 × 10^292 |
| 82 | ov_082 | 8.76480156343188 × 10^292 |
| 81 | ov_081 | 1.1517510664117354 × 10^293 |
| 64 | lv_79_m31 | 1.3579353254217362 × 10^293 |
| 80 | ov_080 | 1.488995234846197 × 10^293 |
| 79 | ov_079 | 1.8969646856671593 × 10^293 |
| 78 | ov_078 | 2.384969628639691 × 10^293 |
| 77 | ov_077 | 2.962884959233025 × 10^293 |
| 76 | ov_076 | 3.6411592082172486 × 10^293 |
| 75 | ov_075 | 4.4308265175911244 × 10^293 |
| 74 | ov_074 | 5.343522261470173 × 10^293 |
| 73 | ov_073 | 6.391502972989336 × 10^293 |
| 63 | ov_063 | 6.965737103262949 × 10^293 |
| 72 | ov_072 | 7.58767128134303 × 10^293 |
| 71 | ov_071 | 8.945606606982287 × 10^293 |
| 70 | ov_070 | 1.047960240793257 × 10^294 |
| 69 | ov_069 | 1.2204710816444503 × 10^294 |
| 68 | ov_068 | 1.4136795553043784 × 10^294 |
| 67 | ov_067 | 1.629259405484762 × 10^294 |
| 66 | ov_066 | 1.6292605202918986 × 10^294 |
| 65 | ov_065 | 1.6292651407570417 × 10^294 |
| 62 | ov_062 | 3.572404002979559 × 10^294 |
| 61 | ov_061 | 1.3017777378044763 × 10^295 |
| 60 | ov_060 | 3.725354721152313 × 10^295 |
| 59 | ov_059 | 8.986580422565106 × 10^295 |
| 58 | ov_058 | 1.8235538547542917 × 10^296 |
| 57 | ov_057 | 3.294335521866824 × 10^296 |
| 56 | ov_056 | 5.490221201995616 × 10^296 |
| 55 | ov_055 | 8.801756332063907 × 10^296 |
| 54 | ov_054 | 1.3472385089039291 × 10^297 |
| 53 | ov_053 | 2.002112750877661 × 10^297 |
| 52 | ov_052 | 2.9031292647147016 × 10^297 |
| 51 | ov_051 | 4.11505469561921 × 10^297 |
| 50 | ov_050 | 5.7091026812062214 × 10^297 |
| 49 | ov_049 | 7.762951838080694 × 10^297 |
| 48 | ov_048 | 1.0360773126475403 × 10^298 |
| 47 | ov_047 | 1.3593269261094545 × 10^298 |
| 32 | lv_80_m31 | 1.5805982337512895 × 10^298 |
| 46 | ov_046 | 1.7557729270854272 × 10^298 |
| 45 | ov_045 | 2.2358102155543974 × 10^298 |
| 44 | ov_044 | 2.8105094228012285 × 10^298 |
| 43 | ov_043 | 3.491629516649132 × 10^298 |
| 42 | ov_042 | 4.2916338238561604 × 10^298 |
| 41 | ov_041 | 5.223710059631205 × 10^298 |
| 40 | ov_040 | 6.295017270214757 × 10^298 |
| 39 | ov_039 | 7.520271278521585 × 10^298 |
| 31 | ov_031 | 8.106154902211413 × 10^298 |
| 38 | ov_038 | 8.91500298761559 × 10^298 |
| 37 | ov_037 | 1.0495601221478337 × 10^299 |
| 36 | ov_036 | 1.2279363188254717 × 10^299 |
| 35 | ov_035 | 1.4284553425569731 × 10^299 |
| 34 | ov_034 | 1.6530472135064083 × 10^299 |
| 33 | ov_033 | 1.9037533862285837 × 10^299 |
| 30 | ov_030 | 4.156485771669018 × 10^299 |
| 29 | ov_029 | 1.35977071494723 × 10^300 |
| 28 | ov_028 | 3.529249842437 × 10^300 |
| 27 | ov_027 | 7.888126629849412 × 10^300 |
| 26 | ov_026 | 1.6737772658864953 × 10^301 |
| 25 | ov_025 | 3.3126144129422033 × 10^301 |
| 24 | ov_024 | 6.084780175755276 × 10^301 |
| 23 | ov_023 | 1.0444397254679662 × 10^302 |
| 22 | ov_022 | 1.6920270633770356 × 10^302 |
| 21 | ov_021 | 2.611592083142336 × 10^302 |
| 20 | ov_020 | 3.8709644566261803 × 10^302 |
| 19 | ov_019 | 5.545461385299876 × 10^302 |
| 18 | ov_018 | 7.717902837413266 × 10^302 |
| 17 | ov_017 | 1.0478634212640997 × 10^303 |
| 16 | ov_016 | 1.3925559034462784 × 10^303 |
| 15 | ov_015 | 1.8164184931579435 × 10^303 |
| 14 | ov_014 | 2.330768710652152 × 10^303 |
| 13 | ov_013 | 2.9476994215597057 × 10^303 |
| 12 | ov_012 | 3.6800902099749595 × 10^303 |
| 11 | ov_011 | 4.541622132254286 × 10^303 |
| 10 | ov_010 | 5.546796498999934 × 10^303 |
| 9 | ov_009 | 6.710958384826092 × 10^303 |
| 8 | ov_008 | 8.050325618010944 × 10^303 |
| 7 | ov_007 | 9.582024055166901 × 10^303 |
| 6 | ov_006 | 1.1324129999783221 × 10^304 |
| 5 | ov_005 | 1.3295720678121305 × 10^304 |
| 4 | ov_004 | 1.5516933741725606 × 10^304 |
| 3 | ov_003 | 1.8009036755272677 × 10^304 |
| 2 | ov_002 | 2.0794507551964466 × 10^304 |
| 1 | ov_001 | 2.3897126399910467 × 10^304 |

