# Results for F001-F002-F003-F004-F005-F006-F007-F008-F009-F010-F011-F012-F013-F014-F015-F016-F017-F018-F019-F020-F021-F022-F023-F024-F025-F026-F027-F028-F029-F030-F031-F032-F033-F034-F035-F036-F037-F038-F039-F040-F041-F042-F043-F044-F045-F046-F047-F048-F049-F050-F051-F052-F053-F054-F055-F056-F057-F058-F059-F060-F061-F062-F063-F064-F065-F066-F067-F068-F069-F070-F071-F072-F073-F074-F075-F076-F077-F078-F079-F080-F081-F082-F083-F084-F085-F086-F087-F088-F089-F090-F091-F092-F093-F094-F095-F096-F097-F098-F099-F100-F101-F102-F103-F104-F105-F106-F107-F108-F109-F110-F111-F112-F113-F114-F115-F116-F117-F118-F119-F120-F121-F122-F123-F124-F125-F126-F127-F128-F129-F130-F131-F132-F133-F134-F135-F136-F137-F138-F139-F140-F141-F142-F143-F144-F145-F146-F147-F148-F149-F150-F151-F152-F153-F154-F155-F156-F157-F158-F159-F160-F161-F162-F163-F164-F165-F166-F167-F168-F169-F170-F171-F172-F173-F174-F175-F176-F177-F178-F179-F180-F181-F182-F183-F184-F185-F186-F187-F188-F189-F190-F191-F192-F193-F194-F195-F196-F197-F198-F199-F200-F201-F202-F203-F204-F205-F206-F207-F208-F209-F210-F211-F212-F213-F214-F215-F216-F217-F218-F219-F220-F221-F222-F223-F224-F225-F226-F227-F228-F229-F230-F231-F232-F233-F234-F235-F236-F237-F238-F239-F240-F241-F242-F243-F244-F245-F246-F247-F248-F249-F250-F251-F252-F253-F254-F255-F256-F257-F258-F259-F260-F261-F262-F263-F264-F265-F266-F267-F268-F269-F270-F271-F272-F273-F274-F275-F276-F277-F278-F279-F280-F281-F282-F283-F284-F285-F286-F287-F288-F289-F290-F291-F292-F293-F294-F295-F296-F297-F298-F299-F300-F301-F302-F303-F304-F305-F306-F307-F308-F309-F310-F311-F312-F313-F314-F315-F316-F317-F318-F319-F320-F321-F322-F323-F324-F325-F326-F327-F328-F329-F330-F331-F332-F333-F334-F335-F336-F337-F338-F339-F340-F341-F342-F343-F344-F345-F346-F347-F348-F349-F350-F351-F352-F353-F354-F355-F356-F357-F358-F359-F360-F361-F362-F363-F364-F365-F366-F367-F368-F369-F370-F371-F372-F373-F374-F375-F376-F377-F378-F379-F380-F381-F382-F383-F384-F385-F386-F387-F388-F389-F390-F391-F392-F393-F394-F395-F396-F397-F398-F399-F400-F401-F402-F403-F404-F405-F406-F407-F408-F409-F410-F411-F412-F413-F414-F415-F416-F417-F418-F419-F420-F421-F422-F423-F424-F425-F426-F427-F428-F429-F430-F431-F432-F433-F434-F435-F436-F437-F438-F439-F440-F441-F442-F443-F444-F445-F446-F447-F448-F449-F450-F451-F452-F453-F454-F455-F456-F457-F458-F459-F460-F461-F462-F463-F464-F465-F466-F467-F468-F469-F470-F471-F472-F473-F474-F475-F476-F477-F478-F479-F480-F481-F482-F483-F484-F485-F486-F487-F488-F489-F490-F491-F492-F493-F494-F495-F496-F500-F510-F511-F512

## Summary

Number of input bits: 512  
Number of free input bits: 12  
Number of output bits: 160

Number of direct occurrences: 48275  
Number of assignments: 31255  
Number of operations: 10944859
(xor: 10916765,
and: 14755,
or: 13339)

Total complexity: 5.228125683305005 × 10^298

Least occurring input variable: iv_502 (3868)  
Most occurring input variable: iv_509 (4209)

Most co-occurring input variables: iv_508-iv_509 (2057)  
Least co-occurring input variables: iv_498-iv_502 (1747)

Potentially most occurring input variable: iv_497/iv_508 (4463)  
Potentially least occurring input variable: iv_504/iv_505 (3994)

Least output occurring input variable: iv_505 (72)  
Most output occurring input variable: iv_497 (93)

Most output co-occurring input variables: iv_497-iv_502 (52)  
Least output co-occurring input variables: iv_505-iv_507 (31)

Potentially most output occurring input variable: iv_503/iv_509 (98)  
Potentially least output occurring input variable: iv_499/iv_505 (57)

Least complex input bit: iv_497 (1.5205751294489259 × 10^296)  
Most complex input bit: iv_505 (9.040187106279825 × 10^297)

Least complex output bit: aaa_76_29 (8.218774954385166 × 10^273)  
Most complex output bit: ov_001 (8.292633434104002 × 10^297)

Least complex input/output complexity: iv_497/aaa_76_29 (2.3903910401548634 × 10^271)  
Most complex input/output complexity: iv_505/ov_001 (1.4339165197861287 × 10^297)

## Input Bits

### Input Bits in Regular Order

| Input Bit | Complexity | Occurrences | Output Occurrences |
|:---------:|:----------:|:-----------:|:------------------:|
| iv_497 | 1.5205751294489259 × 10^296 | 4115 | 93 |
| iv_498 | 3.028937635862136 × 10^296 | 3927 | 88 |
| iv_499 | 5.326932789294208 × 10^296 | 3921 | 81 |
| iv_501 | 1.4746584391491444 × 10^297 | 4050 | 83 |
| iv_502 | 2.3829518370647655 × 10^297 | 3868 | 82 |
| iv_503 | 3.7864074391750464 × 10^297 | 4017 | 75 |
| iv_504 | 5.9025155943444365 × 10^297 | 3907 | 78 |
| iv_505 | 9.040187106279825 × 10^297 | 4057 | 72 |
| iv_506 | 4.5732369194053454 × 10^297 | 3926 | 82 |
| iv_507 | 6.566035213235111 × 10^297 | 4158 | 76 |
| iv_508 | 8.719561128104139 × 10^297 | 4120 | 74 |
| iv_509 | 8.848058600831747 × 10^297 | 4209 | 87 |

### Input Bits Sorted by Complexity

| Input Bit | Complexity | Occurrences | Output Occurrences |
|:---------:|:----------:|:-----------:|:------------------:|
| iv_497 | 1.5205751294489259 × 10^296 | 4115 | 93 |
| iv_498 | 3.028937635862136 × 10^296 | 3927 | 88 |
| iv_499 | 5.326932789294208 × 10^296 | 3921 | 81 |
| iv_501 | 1.4746584391491444 × 10^297 | 4050 | 83 |
| iv_502 | 2.3829518370647655 × 10^297 | 3868 | 82 |
| iv_503 | 3.7864074391750464 × 10^297 | 4017 | 75 |
| iv_506 | 4.5732369194053454 × 10^297 | 3926 | 82 |
| iv_504 | 5.9025155943444365 × 10^297 | 3907 | 78 |
| iv_507 | 6.566035213235111 × 10^297 | 4158 | 76 |
| iv_508 | 8.719561128104139 × 10^297 | 4120 | 74 |
| iv_509 | 8.848058600831747 × 10^297 | 4209 | 87 |
| iv_505 | 9.040187106279825 × 10^297 | 4057 | 72 |

### Input Bits Sorted by Occurrences

| Input Bit | Complexity | Occurrences | Output Occurrences |
|:---------:|:----------:|:-----------:|:------------------:|
| iv_502 | 2.3829518370647655 × 10^297 | 3868 | 82 |
| iv_504 | 5.9025155943444365 × 10^297 | 3907 | 78 |
| iv_499 | 5.326932789294208 × 10^296 | 3921 | 81 |
| iv_506 | 4.5732369194053454 × 10^297 | 3926 | 82 |
| iv_498 | 3.028937635862136 × 10^296 | 3927 | 88 |
| iv_503 | 3.7864074391750464 × 10^297 | 4017 | 75 |
| iv_501 | 1.4746584391491444 × 10^297 | 4050 | 83 |
| iv_505 | 9.040187106279825 × 10^297 | 4057 | 72 |
| iv_497 | 1.5205751294489259 × 10^296 | 4115 | 93 |
| iv_508 | 8.719561128104139 × 10^297 | 4120 | 74 |
| iv_507 | 6.566035213235111 × 10^297 | 4158 | 76 |
| iv_509 | 8.848058600831747 × 10^297 | 4209 | 87 |

### Input Bits Sorted by Output Occurrences

| Input Bit | Complexity | Occurrences | Output Occurrences |
|:---------:|:----------:|:-----------:|:------------------:|
| iv_505 | 9.040187106279825 × 10^297 | 4057 | 72 |
| iv_508 | 8.719561128104139 × 10^297 | 4120 | 74 |
| iv_503 | 3.7864074391750464 × 10^297 | 4017 | 75 |
| iv_507 | 6.566035213235111 × 10^297 | 4158 | 76 |
| iv_504 | 5.9025155943444365 × 10^297 | 3907 | 78 |
| iv_499 | 5.326932789294208 × 10^296 | 3921 | 81 |
| iv_502 | 2.3829518370647655 × 10^297 | 3868 | 82 |
| iv_506 | 4.5732369194053454 × 10^297 | 3926 | 82 |
| iv_501 | 1.4746584391491444 × 10^297 | 4050 | 83 |
| iv_509 | 8.848058600831747 × 10^297 | 4209 | 87 |
| iv_498 | 3.028937635862136 × 10^296 | 3927 | 88 |
| iv_497 | 1.5205751294489259 × 10^296 | 4115 | 93 |

## Input Bit Co-occurrences

### Input Bit Co-occurrences Sorted by Co-occurrences

| Input Bits | Co-occurrences | Potential Occurrences | Output Co-occurrences | Potential Output Occurrences |
|:----------:|:--------------:|:---------------------:|:---------------------:|:----------------------------:|
| iv_508-iv_509 | 2057 | 4215 | 40 | 81 |
| iv_507-iv_509 | 2046 | 4275 | 44 | 75 |
| iv_497-iv_507 | 2032 | 4209 | 44 | 81 |
| iv_505-iv_507 | 2026 | 4163 | 31 | 86 |
| iv_501-iv_505 | 2016 | 4075 | 41 | 73 |
| iv_501-iv_509 | 2015 | 4229 | 49 | 72 |
| iv_497-iv_509 | 2003 | 4318 | 50 | 80 |
| iv_497-iv_501 | 1989 | 4187 | 48 | 80 |
| iv_504-iv_505 | 1985 | 3994 | 39 | 72 |
| iv_505-iv_509 | 1972 | 4322 | 36 | 87 |
| iv_497-iv_503 | 1971 | 4190 | 46 | 76 |
| iv_506-iv_507 | 1970 | 4144 | 39 | 80 |

### Input Bit Co-occurrences Sorted by Potential Occurrences

| Input Bits | Co-occurrences | Potential Occurrences | Output Co-occurrences | Potential Output Occurrences |
|:----------:|:--------------:|:---------------------:|:---------------------:|:----------------------------:|
| iv_504-iv_505 | 1985 | 3994 | 39 | 72 |
| iv_501-iv_505 | 2016 | 4075 | 41 | 73 |
| iv_504-iv_506 | 1859 | 4115 | 42 | 76 |
| iv_502-iv_505 | 1902 | 4121 | 37 | 80 |
| iv_499-iv_504 | 1847 | 4134 | 38 | 83 |
| iv_506-iv_507 | 1970 | 4144 | 39 | 80 |
| iv_499-iv_501 | 1910 | 4151 | 44 | 76 |
| iv_505-iv_507 | 2026 | 4163 | 31 | 86 |
| iv_497-iv_506 | 1936 | 4169 | 51 | 73 |
| iv_499-iv_505 | 1904 | 4170 | 48 | 57 |
| iv_498-iv_504 | 1826 | 4182 | 46 | 74 |
| iv_497-iv_501 | 1989 | 4187 | 48 | 80 |

### Input Bit Output Co-occurrences Sorted by Output Co-occurrences

| Input Bits | Co-occurrences | Potential Occurrences | Output Co-occurrences | Potential Output Occurrences |
|:----------:|:--------------:|:---------------------:|:---------------------:|:----------------------------:|
| iv_498-iv_509 | 1867 | 4402 | 52 | 71 |
| iv_497-iv_502 | 1890 | 4203 | 52 | 71 |
| iv_497-iv_506 | 1936 | 4169 | 51 | 73 |
| iv_497-iv_504 | 1913 | 4196 | 50 | 71 |
| iv_497-iv_498 | 1879 | 4284 | 50 | 81 |
| iv_497-iv_509 | 2003 | 4318 | 50 | 80 |
| iv_501-iv_509 | 2015 | 4229 | 49 | 72 |
| iv_498-iv_499 | 1812 | 4224 | 48 | 73 |
| iv_498-iv_501 | 1853 | 4271 | 48 | 75 |
| iv_498-iv_505 | 1877 | 4230 | 48 | 64 |
| iv_499-iv_505 | 1904 | 4170 | 48 | 57 |
| iv_497-iv_501 | 1989 | 4187 | 48 | 80 |

### Input Bit Output Co-occurrences Sorted by Potential Output Occurrences

| Input Bits | Co-occurrences | Potential Occurrences | Output Co-occurrences | Potential Output Occurrences |
|:----------:|:--------------:|:---------------------:|:---------------------:|:----------------------------:|
| iv_499-iv_505 | 1904 | 4170 | 48 | 57 |
| iv_498-iv_505 | 1877 | 4230 | 48 | 64 |
| iv_505-iv_508 | 1966 | 4245 | 40 | 66 |
| iv_498-iv_508 | 1857 | 4333 | 47 | 68 |
| iv_501-iv_508 | 1923 | 4324 | 43 | 71 |
| iv_497-iv_504 | 1913 | 4196 | 50 | 71 |
| iv_503-iv_505 | 1908 | 4258 | 38 | 71 |
| iv_498-iv_509 | 1867 | 4402 | 52 | 71 |
| iv_497-iv_502 | 1890 | 4203 | 52 | 71 |
| iv_501-iv_509 | 2015 | 4229 | 49 | 72 |
| iv_504-iv_508 | 1897 | 4233 | 40 | 72 |
| iv_504-iv_505 | 1985 | 3994 | 39 | 72 |

## Output Bits

### Output Bits in Regular Order

| Rank | Output Bit | Complexity |
|:----:|:----------:|:----------:|
| 1 | ov_001 | 8.292633434104002 × 10^297 |
| 2 | ov_002 | 7.201030849548652 × 10^297 |
| 3 | ov_003 | 6.222306364645551 × 10^297 |
| 4 | ov_004 | 5.347939815725125 × 10^297 |
| 5 | ov_005 | 4.569876755923976 × 10^297 |
| 6 | ov_006 | 3.880495608954331 × 10^297 |
| 7 | ov_007 | 3.272579046066514 × 10^297 |
| 8 | ov_008 | 2.739289232126904 × 10^297 |
| 9 | ov_009 | 2.274146609542293 × 10^297 |
| 10 | ov_010 | 1.8710118598751665 × 10^297 |
| 11 | ov_011 | 1.524070699088901 × 10^297 |
| 12 | ov_012 | 1.2278212235648112 × 10^297 |
| 13 | ov_013 | 9.770635444824146 × 10^296 |
| 14 | ov_014 | 7.66891427942563 × 10^296 |
| 15 | ov_015 | 5.926856579361198 × 10^296 |
| 16 | ov_016 | 4.501088589809635 × 10^296 |
| 17 | ov_017 | 3.3510153484357 × 10^296 |
| 18 | ov_018 | 2.4387909926604477 × 10^296 |
| 19 | ov_019 | 1.7292969406295113 × 10^296 |
| 20 | ov_020 | 1.1901260935446874 × 10^296 |
| 21 | ov_021 | 7.915714802414742 × 10^295 |
| 22 | ov_022 | 5.066181847887109 × 10^295 |
| 23 | ov_023 | 3.109377814152775 × 10^295 |
| 24 | ov_024 | 1.828846893459117 × 10^295 |
| 25 | ov_025 | 1.0349395682673267 × 10^295 |
| 26 | ov_026 | 5.648006045521117 × 10^294 |
| 27 | ov_027 | 2.8236351137940226 × 10^294 |
| 28 | ov_028 | 1.2629183065826928 × 10^294 |
| 29 | ov_029 | 4.864215358904864 × 10^293 |
| 30 | ov_030 | 1.4863982130712606 × 10^293 |
| 31 | ov_031 | 2.8978201052469966 × 10^292 |
| 32 | lv_80_m31 | 5.648423419827919 × 10^291 |
| 33 | ov_033 | 6.805395509816909 × 10^292 |
| 34 | ov_034 | 5.903517715021145 × 10^292 |
| 35 | ov_035 | 5.096947541380935 × 10^292 |
| 36 | ov_036 | 4.378048781599332 × 10^292 |
| 37 | ov_037 | 3.739598044463746 × 10^292 |
| 38 | ov_038 | 3.1747557024350265 × 10^292 |
| 39 | ov_039 | 2.677040754031806 × 10^292 |
| 40 | ov_040 | 2.2403092217736861 × 10^292 |
| 41 | ov_041 | 1.8587357295826662 × 10^292 |
| 42 | ov_042 | 1.5267979254761464 × 10^292 |
| 43 | ov_043 | 1.241808610045226 × 10^292 |
| 44 | ov_044 | 9.98814582239367 × 10^291 |
| 45 | ov_045 | 7.931329709782069 × 10^291 |
| 46 | ov_046 | 6.203441017310706 × 10^291 |
| 47 | ov_047 | 4.783031437818996 × 10^291 |
| 48 | ov_048 | 3.631010787044209 × 10^291 |
| 49 | ov_049 | 2.7107864522212068 × 10^291 |
| 50 | ov_050 | 1.9882383469486892 × 10^291 |
| 51 | ov_051 | 1.43170076747199 × 10^291 |
| 52 | ov_052 | 1.0119496106122993 × 10^291 |
| 53 | ov_053 | 7.021935749490596 × 10^290 |
| 54 | ov_054 | 4.780681834748527 × 10^290 |
| 55 | ov_055 | 3.176317843162137 × 10^290 |
| 56 | ov_056 | 2.013629742773561 × 10^290 |
| 57 | ov_057 | 1.2010586676003518 × 10^290 |
| 58 | ov_058 | 6.59136307871984 × 10^289 |
| 59 | ov_059 | 3.204818594003707 × 10^289 |
| 60 | ov_060 | 1.298006079723369 × 10^289 |
| 61 | ov_061 | 4.388340742994332 × 10^288 |
| 62 | ov_062 | 1.1751166149793589 × 10^288 |
| 63 | ov_063 | 2.59828311159497 × 10^287 |
| 64 | lv_79_m31 | 5.060718972720326 × 10^286 |
| 65 | ov_065 | 6.037420791880575 × 10^287 |
| 66 | ov_066 | 6.0374019985339655 × 10^287 |
| 67 | ov_067 | 6.037397398914612 × 10^287 |
| 68 | ov_068 | 5.220337157657469 × 10^287 |
| 69 | ov_069 | 4.491270672137644 × 10^287 |
| 70 | ov_070 | 3.8430797470782015 × 10^287 |
| 71 | ov_071 | 3.2690842263044415 × 10^287 |
| 72 | ov_072 | 2.76301232842858 × 10^287 |
| 73 | ov_073 | 2.3189736037929415 × 10^287 |
| 74 | ov_074 | 1.931434374293689 × 10^287 |
| 75 | ov_075 | 1.5951955229969285 × 10^287 |
| 76 | ov_076 | 1.3053725047979748 × 10^287 |
| 77 | ov_077 | 1.0573774528845778 × 10^287 |
| 78 | ov_078 | 8.469032585596593 × 10^286 |
| 79 | ov_079 | 6.699095041646017 × 10^286 |
| 80 | ov_080 | 5.226101305184329 × 10^286 |
| 81 | ov_081 | 4.0146272154163377 × 10^286 |
| 82 | ov_082 | 3.0315928964820415 × 10^286 |
| 83 | ov_083 | 2.246184461407283 × 10^286 |
| 84 | ov_084 | 1.6297884129663893 × 10^286 |
| 85 | ov_085 | 1.1559375914480252 × 10^286 |
| 86 | ov_086 | 8.002675214118711 × 10^285 |
| 87 | ov_087 | 5.4048201089339044 × 10^285 |
| 88 | ov_088 | 3.563268573627648 × 10^285 |
| 89 | ov_089 | 2.295705152322226 × 10^285 |
| 90 | ov_090 | 1.439905799602297 × 10^285 |
| 91 | ov_091 | 8.536494391985149 × 10^284 |
| 92 | ov_092 | 4.7081778220186566 × 10^284 |
| 93 | ov_093 | 2.352579351319858 × 10^284 |
| 94 | ov_094 | 1.0077300966137802 × 10^284 |
| 95 | aaa_78_28 | 3.111828749865385 × 10^283 |
| 96 | aaa_78_29 | 9.55683204555749 × 10^282 |
| 97 | ov_097 | 6.311554589656341 × 10^282 |
| 98 | ov_098 | 6.311365525252287 × 10^282 |
| 99 | ov_099 | 6.311305135005349 × 10^282 |
| 100 | ov_100 | 5.679455487986067 × 10^282 |
| 101 | ov_101 | 5.094237261888272 × 10^282 |
| 102 | ov_102 | 4.553090431104206 × 10^282 |
| 103 | ov_103 | 4.0536415776338955 × 10^282 |
| 104 | ov_104 | 3.593679641783227 × 10^282 |
| 105 | ov_105 | 3.1711338802453386 × 10^282 |
| 106 | ov_106 | 2.7840539177053423 × 10^282 |
| 107 | ov_107 | 2.4305917821885096 × 10^282 |
| 108 | ov_108 | 2.1089858176444424 × 10^282 |
| 109 | ov_109 | 1.8175463698378008 × 10^282 |
| 110 | ov_110 | 1.5546431435996794 × 10^282 |
| 111 | ov_111 | 1.3186941309788918 × 10^282 |
| 112 | ov_112 | 1.1081560109079354 × 10^282 |
| 113 | ov_113 | 9.215159217462166 × 10^281 |
| 114 | ov_114 | 7.572845085578199 × 10^281 |
| 115 | ov_115 | 6.139901472903826 × 10^281 |
| 116 | ov_116 | 4.901742482054363 × 10^281 |
| 117 | ov_117 | 3.843875410182545 × 10^281 |
| 118 | ov_118 | 2.9518724427130606 × 10^281 |
| 119 | ov_119 | 2.2113502150839223 × 10^281 |
| 120 | ov_120 | 1.6079555893125638 × 10^281 |
| 121 | ov_121 | 1.1273554349592503 × 10^281 |
| 122 | ov_122 | 7.552291267184195 × 10^280 |
| 123 | ov_123 | 4.772632717574005 × 10^280 |
| 124 | ov_124 | 2.791481799358998 × 10^280 |
| 125 | ov_125 | 1.4657570880913894 × 10^280 |
| 126 | ov_126 | 6.523820551640097 × 10^279 |
| 127 | aaa_77_28 | 2.0828136545616208 × 10^279 |
| 128 | aaa_77_29 | 7.80619001573087 × 10^278 |
| 129 | ov_129 | 7.213855025875164 × 10^278 |
| 130 | ov_130 | 7.213839018224247 × 10^278 |
| 131 | ov_131 | 7.21383391440493 × 10^278 |
| 132 | ov_132 | 6.251828540579069 × 10^278 |
| 133 | ov_133 | 5.390328405469073 × 10^278 |
| 134 | ov_134 | 4.621748715536216 × 10^278 |
| 135 | ov_135 | 3.938909613823686 × 10^278 |
| 136 | ov_136 | 3.33500714441594 × 10^278 |
| 137 | ov_137 | 2.8035882717550948 × 10^278 |
| 138 | ov_138 | 2.3385295671708782 × 10^278 |
| 139 | ov_139 | 1.9340191946789862 × 10^278 |
| 140 | ov_140 | 1.5845418472353439 × 10^278 |
| 141 | ov_141 | 1.284866303331721 × 10^278 |
| 142 | ov_142 | 1.0300352921920152 × 10^278 |
| 143 | ov_143 | 8.153573739681145 × 10^277 |
| 144 | ov_144 | 6.364005593109419 × 10^277 |
| 145 | ov_145 | 4.889874105606344 × 10^277 |
| 146 | ov_146 | 3.6919138459906693 × 10^277 |
| 147 | ov_147 | 2.733341951638404 × 10^277 |
| 148 | ov_148 | 1.9798399015067223 × 10^277 |
| 149 | ov_149 | 1.3995415713952576 × 10^277 |
| 150 | ov_150 | 9.630258807411727 × 10^276 |
| 151 | ov_151 | 6.433125170863314 × 10^276 |
| 152 | ov_152 | 4.1585946260472876 × 10^276 |
| 153 | ov_153 | 2.5856144762973765 × 10^276 |
| 154 | ov_154 | 1.5174891334456956 × 10^276 |
| 155 | ov_155 | 7.818733093271308 × 10^275 |
| 156 | aaa_76_25 | 2.986813919397218 × 10^275 |
| 157 | aaa_76_26 | 1.6991244652283804 × 10^275 |
| 158 | aaa_76_27 | 8.471371523927024 × 10^274 |
| 159 | aaa_76_28 | 3.0913896164840083 × 10^274 |
| 160 | aaa_76_29 | 8.218774954385166 × 10^273 |

### Output Bits Sorted by Complexity

| Rank | Output Bit | Complexity |
|:----:|:----------:|:----------:|
| 160 | aaa_76_29 | 8.218774954385166 × 10^273 |
| 159 | aaa_76_28 | 3.0913896164840083 × 10^274 |
| 158 | aaa_76_27 | 8.471371523927024 × 10^274 |
| 157 | aaa_76_26 | 1.6991244652283804 × 10^275 |
| 156 | aaa_76_25 | 2.986813919397218 × 10^275 |
| 155 | ov_155 | 7.818733093271308 × 10^275 |
| 154 | ov_154 | 1.5174891334456956 × 10^276 |
| 153 | ov_153 | 2.5856144762973765 × 10^276 |
| 152 | ov_152 | 4.1585946260472876 × 10^276 |
| 151 | ov_151 | 6.433125170863314 × 10^276 |
| 150 | ov_150 | 9.630258807411727 × 10^276 |
| 149 | ov_149 | 1.3995415713952576 × 10^277 |
| 148 | ov_148 | 1.9798399015067223 × 10^277 |
| 147 | ov_147 | 2.733341951638404 × 10^277 |
| 146 | ov_146 | 3.6919138459906693 × 10^277 |
| 145 | ov_145 | 4.889874105606344 × 10^277 |
| 144 | ov_144 | 6.364005593109419 × 10^277 |
| 143 | ov_143 | 8.153573739681145 × 10^277 |
| 142 | ov_142 | 1.0300352921920152 × 10^278 |
| 141 | ov_141 | 1.284866303331721 × 10^278 |
| 140 | ov_140 | 1.5845418472353439 × 10^278 |
| 139 | ov_139 | 1.9340191946789862 × 10^278 |
| 138 | ov_138 | 2.3385295671708782 × 10^278 |
| 137 | ov_137 | 2.8035882717550948 × 10^278 |
| 136 | ov_136 | 3.33500714441594 × 10^278 |
| 135 | ov_135 | 3.938909613823686 × 10^278 |
| 134 | ov_134 | 4.621748715536216 × 10^278 |
| 133 | ov_133 | 5.390328405469073 × 10^278 |
| 132 | ov_132 | 6.251828540579069 × 10^278 |
| 131 | ov_131 | 7.21383391440493 × 10^278 |
| 130 | ov_130 | 7.213839018224247 × 10^278 |
| 129 | ov_129 | 7.213855025875164 × 10^278 |
| 128 | aaa_77_29 | 7.80619001573087 × 10^278 |
| 127 | aaa_77_28 | 2.0828136545616208 × 10^279 |
| 126 | ov_126 | 6.523820551640097 × 10^279 |
| 125 | ov_125 | 1.4657570880913894 × 10^280 |
| 124 | ov_124 | 2.791481799358998 × 10^280 |
| 123 | ov_123 | 4.772632717574005 × 10^280 |
| 122 | ov_122 | 7.552291267184195 × 10^280 |
| 121 | ov_121 | 1.1273554349592503 × 10^281 |
| 120 | ov_120 | 1.6079555893125638 × 10^281 |
| 119 | ov_119 | 2.2113502150839223 × 10^281 |
| 118 | ov_118 | 2.9518724427130606 × 10^281 |
| 117 | ov_117 | 3.843875410182545 × 10^281 |
| 116 | ov_116 | 4.901742482054363 × 10^281 |
| 115 | ov_115 | 6.139901472903826 × 10^281 |
| 114 | ov_114 | 7.572845085578199 × 10^281 |
| 113 | ov_113 | 9.215159217462166 × 10^281 |
| 112 | ov_112 | 1.1081560109079354 × 10^282 |
| 111 | ov_111 | 1.3186941309788918 × 10^282 |
| 110 | ov_110 | 1.5546431435996794 × 10^282 |
| 109 | ov_109 | 1.8175463698378008 × 10^282 |
| 108 | ov_108 | 2.1089858176444424 × 10^282 |
| 107 | ov_107 | 2.4305917821885096 × 10^282 |
| 106 | ov_106 | 2.7840539177053423 × 10^282 |
| 105 | ov_105 | 3.1711338802453386 × 10^282 |
| 104 | ov_104 | 3.593679641783227 × 10^282 |
| 103 | ov_103 | 4.0536415776338955 × 10^282 |
| 102 | ov_102 | 4.553090431104206 × 10^282 |
| 101 | ov_101 | 5.094237261888272 × 10^282 |
| 100 | ov_100 | 5.679455487986067 × 10^282 |
| 99 | ov_099 | 6.311305135005349 × 10^282 |
| 98 | ov_098 | 6.311365525252287 × 10^282 |
| 97 | ov_097 | 6.311554589656341 × 10^282 |
| 96 | aaa_78_29 | 9.55683204555749 × 10^282 |
| 95 | aaa_78_28 | 3.111828749865385 × 10^283 |
| 94 | ov_094 | 1.0077300966137802 × 10^284 |
| 93 | ov_093 | 2.352579351319858 × 10^284 |
| 92 | ov_092 | 4.7081778220186566 × 10^284 |
| 91 | ov_091 | 8.536494391985149 × 10^284 |
| 90 | ov_090 | 1.439905799602297 × 10^285 |
| 89 | ov_089 | 2.295705152322226 × 10^285 |
| 88 | ov_088 | 3.563268573627648 × 10^285 |
| 87 | ov_087 | 5.4048201089339044 × 10^285 |
| 86 | ov_086 | 8.002675214118711 × 10^285 |
| 85 | ov_085 | 1.1559375914480252 × 10^286 |
| 84 | ov_084 | 1.6297884129663893 × 10^286 |
| 83 | ov_083 | 2.246184461407283 × 10^286 |
| 82 | ov_082 | 3.0315928964820415 × 10^286 |
| 81 | ov_081 | 4.0146272154163377 × 10^286 |
| 64 | lv_79_m31 | 5.060718972720326 × 10^286 |
| 80 | ov_080 | 5.226101305184329 × 10^286 |
| 79 | ov_079 | 6.699095041646017 × 10^286 |
| 78 | ov_078 | 8.469032585596593 × 10^286 |
| 77 | ov_077 | 1.0573774528845778 × 10^287 |
| 76 | ov_076 | 1.3053725047979748 × 10^287 |
| 75 | ov_075 | 1.5951955229969285 × 10^287 |
| 74 | ov_074 | 1.931434374293689 × 10^287 |
| 73 | ov_073 | 2.3189736037929415 × 10^287 |
| 63 | ov_063 | 2.59828311159497 × 10^287 |
| 72 | ov_072 | 2.76301232842858 × 10^287 |
| 71 | ov_071 | 3.2690842263044415 × 10^287 |
| 70 | ov_070 | 3.8430797470782015 × 10^287 |
| 69 | ov_069 | 4.491270672137644 × 10^287 |
| 68 | ov_068 | 5.220337157657469 × 10^287 |
| 67 | ov_067 | 6.037397398914612 × 10^287 |
| 66 | ov_066 | 6.0374019985339655 × 10^287 |
| 65 | ov_065 | 6.037420791880575 × 10^287 |
| 62 | ov_062 | 1.1751166149793589 × 10^288 |
| 61 | ov_061 | 4.388340742994332 × 10^288 |
| 60 | ov_060 | 1.298006079723369 × 10^289 |
| 59 | ov_059 | 3.204818594003707 × 10^289 |
| 58 | ov_058 | 6.59136307871984 × 10^289 |
| 57 | ov_057 | 1.2010586676003518 × 10^290 |
| 56 | ov_056 | 2.013629742773561 × 10^290 |
| 55 | ov_055 | 3.176317843162137 × 10^290 |
| 54 | ov_054 | 4.780681834748527 × 10^290 |
| 53 | ov_053 | 7.021935749490596 × 10^290 |
| 52 | ov_052 | 1.0119496106122993 × 10^291 |
| 51 | ov_051 | 1.43170076747199 × 10^291 |
| 50 | ov_050 | 1.9882383469486892 × 10^291 |
| 49 | ov_049 | 2.7107864522212068 × 10^291 |
| 48 | ov_048 | 3.631010787044209 × 10^291 |
| 47 | ov_047 | 4.783031437818996 × 10^291 |
| 32 | lv_80_m31 | 5.648423419827919 × 10^291 |
| 46 | ov_046 | 6.203441017310706 × 10^291 |
| 45 | ov_045 | 7.931329709782069 × 10^291 |
| 44 | ov_044 | 9.98814582239367 × 10^291 |
| 43 | ov_043 | 1.241808610045226 × 10^292 |
| 42 | ov_042 | 1.5267979254761464 × 10^292 |
| 41 | ov_041 | 1.8587357295826662 × 10^292 |
| 40 | ov_040 | 2.2403092217736861 × 10^292 |
| 39 | ov_039 | 2.677040754031806 × 10^292 |
| 31 | ov_031 | 2.8978201052469966 × 10^292 |
| 38 | ov_038 | 3.1747557024350265 × 10^292 |
| 37 | ov_037 | 3.739598044463746 × 10^292 |
| 36 | ov_036 | 4.378048781599332 × 10^292 |
| 35 | ov_035 | 5.096947541380935 × 10^292 |
| 34 | ov_034 | 5.903517715021145 × 10^292 |
| 33 | ov_033 | 6.805395509816909 × 10^292 |
| 30 | ov_030 | 1.4863982130712606 × 10^293 |
| 29 | ov_029 | 4.864215358904864 × 10^293 |
| 28 | ov_028 | 1.2629183065826928 × 10^294 |
| 27 | ov_027 | 2.8236351137940226 × 10^294 |
| 26 | ov_026 | 5.648006045521117 × 10^294 |
| 25 | ov_025 | 1.0349395682673267 × 10^295 |
| 24 | ov_024 | 1.828846893459117 × 10^295 |
| 23 | ov_023 | 3.109377814152775 × 10^295 |
| 22 | ov_022 | 5.066181847887109 × 10^295 |
| 21 | ov_021 | 7.915714802414742 × 10^295 |
| 20 | ov_020 | 1.1901260935446874 × 10^296 |
| 19 | ov_019 | 1.7292969406295113 × 10^296 |
| 18 | ov_018 | 2.4387909926604477 × 10^296 |
| 17 | ov_017 | 3.3510153484357 × 10^296 |
| 16 | ov_016 | 4.501088589809635 × 10^296 |
| 15 | ov_015 | 5.926856579361198 × 10^296 |
| 14 | ov_014 | 7.66891427942563 × 10^296 |
| 13 | ov_013 | 9.770635444824146 × 10^296 |
| 12 | ov_012 | 1.2278212235648112 × 10^297 |
| 11 | ov_011 | 1.524070699088901 × 10^297 |
| 10 | ov_010 | 1.8710118598751665 × 10^297 |
| 9 | ov_009 | 2.274146609542293 × 10^297 |
| 8 | ov_008 | 2.739289232126904 × 10^297 |
| 7 | ov_007 | 3.272579046066514 × 10^297 |
| 6 | ov_006 | 3.880495608954331 × 10^297 |
| 5 | ov_005 | 4.569876755923976 × 10^297 |
| 4 | ov_004 | 5.347939815725125 × 10^297 |
| 3 | ov_003 | 6.222306364645551 × 10^297 |
| 2 | ov_002 | 7.201030849548652 × 10^297 |
| 1 | ov_001 | 8.292633434104002 × 10^297 |

