# Results for T001-T002-T003-T004-T005-T006-T007-T008-T009-T010-T011-T012-T013-T014-T015-T016-T017-T018-T019-T020-T021-T022-T023-T024-T025-T026-T027-T028-T029-T030-T031-T032-T033-T034-T035-T036-T037-T038-T039-T040-T041-T042-T043-T044-T045-T046-T047-T048-T049-T050-T051-T052-T053-T054-T055-T056-T057-T058-T059-T060-T061-T062-T063-T064-T065-T066-T067-T068-T069-T070-T071-T072-T073-T074-T075-T076-T077-T078-T079-T080-T081-T082-T083-T084-T085-T086-T087-T088-T089-T090-T091-T092-T093-T094-T095-T096-T097-T098-T099-T100-T101-T102-T103-T104-T105-T106-T107-T108-T109-T110-T111-T112-T113-T114-T115-T116-T117-T118-T119-T120-T121-T122-T123-T124-T125-T126-T127-T128-T129-T130-T131-T132-T133-T134-T135-T136-T137-T138-T139-T140-T141-T142-T143-T144-T145-T146-T147-T148-T149-T150-T151-T152-T153-T154-T155-T156-T157-T158-T159-T160-T161-T162-T163-T164-T165-T166-T167-T168-T169-T170-T171-T172-T173-T174-T175-T176-T177-T178-T179-T180-T181-T182-T183-T184-T185-T186-T187-T188-T189-T190-T191-T192-T193-T194-T195-T196-T197-T198-T199-T200-T201-T202-T203-T204-T205-T206-T207-T208-T209-T210-T211-T212-T213-T214-T215-T216-T217-T218-T219-T220-T221-T222-T223-T224-T225-T226-T227-T228-T229-T230-T231-T232-T233-T234-T235-T236-T237-T238-T239-T240-T241-T242-T243-T244-T245-T246-T247-T248-T249-T250-T251-T252-T253-T254-T255-T256-T257-T258-T259-T260-T261-T262-T263-T264-T265-T266-T267-T268-T269-T270-T271-T272-T273-T274-T275-T276-T277-T278-T279-T280-T281-T282-T283-T284-T285-T286-T287-T288-T289-T290-T291-T292-T293-T294-T295-T296-T297-T298-T299-T300-T301-T302-T303-T304-T305-T306-T307-T308-T309-T310-T311-T312-T313-T314-T315-T316-T317-T318-T319-T320-T321-T322-T323-T324-T325-T326-T327-T328-T329-T330-T331-T332-T333-T334-T335-T336-T337-T338-T339-T340-T341-T342-T343-T344-T345-T346-T347-T348-T349-T350-T351-T352-T353-T354-T355-T356-T357-T358-T359-T360-T361-T362-T363-T364-T365-T366-T367-T368-T369-T370-T371-T372-T373-T374-T375-T376-T377-T378-T379-T380-T381-T382-T383-T384-T385-T386-T387-T388-T389-T390-T391-T392-T393-T394-T395-T396-T397-T398-T399-T400-T401-T402-T403-T404-T405-T406-T407-T408-T409-T410-T411-T412-T413-T414-T415-T416-T417-T418-T419-T420-T421-T422-T423-T424-T425-T426-T427-T428-T429-T430-T431-T432-T433-T434-T435-T436-T437-T438-T439-T440-T441-T442-T443-T444-T445-T446-T447-T448-T449-T450-T451-T452-T453-T454-T455-T456-T457-T458-T459-T460-T461-T462-T463-T464-T465-T466-T467-T468-T469-T470-T471-T472-T473-T474-T475-T476-T477-T478-T479-T480-T481-T482-T483-T484-T485-T486-T487-T488-T489-T490-T491-T492-T493-T494-T495-T496-T497-T498-T499-T500

## Summary

Number of input bits: 512  
Number of free input bits: 12  
Number of output bits: 160

Number of direct occurrences: 50808  
Number of assignments: 32480  
Number of operations: 12789396
(xor: 12757006,
and: 15753,
or: 16637)

Total complexity: 7.4088694433314775 × 10^311

Least occurring input variable: iv_501 (4100)  
Most occurring input variable: iv_511 (4423)

Most co-occurring input variables: iv_509-iv_511 (2143)  
Least co-occurring input variables: iv_501-iv_502 (1852)

Potentially most occurring input variable: iv_502/iv_507 (4707)  
Potentially least occurring input variable: iv_501/iv_511 (4299)

Least output occurring input variable: iv_504 (66)  
Most output occurring input variable: iv_509 (89)

Most output co-occurring input variables: iv_508-iv_509 (49)  
Least output co-occurring input variables: iv_502-iv_510 (26)

Potentially most output occurring input variable: iv_501/iv_509 (92)  
Potentially least output occurring input variable: iv_510/iv_512 (65)

Least complex input bit: iv_501 (2.437320065362271 × 10^309)  
Most complex input bit: iv_512 (1.8922079881358819 × 10^311)

Least complex output bit: aaa_76_29 (1.2795749213761495 × 10^286)  
Most complex output bit: ov_001 (1.1529280747390504 × 10^311)

Least complex input/output complexity: iv_501/aaa_76_29 (4.2094595604077226 × 10^283)  
Most complex input/output complexity: iv_512/ov_001 (2.944551431839483 × 10^310)

Input variable with highest collision probability: iv_509 (½^160.0000000000005)

## Input Bits

### Input Bits in Regular Order

| Input Bit | Complexity | Occurrences | Output Occurrences | Collision Probability |
|:---------:|:----------:|:-----------:|:------------------:|:---------------------:|
| iv_501 | 2.437320065362271 × 10^309 | 4100 | 83 | ½^160.00000000000063 |
| iv_502 | 4.577349445090078 × 10^309 | 4176 | 67 | ½^160.0000000000008 |
| iv_503 | 7.859635059889202 × 10^309 | 4278 | 75 | ½^160.00000000000094 |
| iv_504 | 1.2662076298445513 × 10^310 | 4132 | 66 | ½^160.00000000000094 |
| iv_505 | 1.9634027935857095 × 10^310 | 4283 | 79 | ½^160.0000000000006 |
| iv_506 | 2.944993730201751 × 10^310 | 4151 | 82 | ½^160.0000000000009 |
| iv_507 | 4.305500326320383 × 10^310 | 4251 | 74 | ½^160.0000000000008 |
| iv_508 | 6.163277645563816 × 10^310 | 4170 | 88 | ½^160.00000000000082 |
| iv_509 | 8.664777300077491 × 10^310 | 4265 | 89 | ½^160.0000000000005 |
| iv_510 | 1.1993939926271995 × 10^311 | 4278 | 73 | ½^160.00000000000068 |
| iv_511 | 1.6377084743056218 × 10^311 | 4423 | 83 | ½^160.00000000000074 |
| iv_512 | 1.8922079881358819 × 10^311 | 4301 | 74 | ½^160.00000000000077 |

### Input Bits Sorted by Complexity

| Input Bit | Complexity | Occurrences | Output Occurrences | Collision Probability |
|:---------:|:----------:|:-----------:|:------------------:|:---------------------:|
| iv_501 | 2.437320065362271 × 10^309 | 4100 | 83 | ½^160.00000000000063 |
| iv_502 | 4.577349445090078 × 10^309 | 4176 | 67 | ½^160.0000000000008 |
| iv_503 | 7.859635059889202 × 10^309 | 4278 | 75 | ½^160.00000000000094 |
| iv_504 | 1.2662076298445513 × 10^310 | 4132 | 66 | ½^160.00000000000094 |
| iv_505 | 1.9634027935857095 × 10^310 | 4283 | 79 | ½^160.0000000000006 |
| iv_506 | 2.944993730201751 × 10^310 | 4151 | 82 | ½^160.0000000000009 |
| iv_507 | 4.305500326320383 × 10^310 | 4251 | 74 | ½^160.0000000000008 |
| iv_508 | 6.163277645563816 × 10^310 | 4170 | 88 | ½^160.00000000000082 |
| iv_509 | 8.664777300077491 × 10^310 | 4265 | 89 | ½^160.0000000000005 |
| iv_510 | 1.1993939926271995 × 10^311 | 4278 | 73 | ½^160.00000000000068 |
| iv_511 | 1.6377084743056218 × 10^311 | 4423 | 83 | ½^160.00000000000074 |
| iv_512 | 1.8922079881358819 × 10^311 | 4301 | 74 | ½^160.00000000000077 |

### Input Bits Sorted by Occurrences

| Input Bit | Complexity | Occurrences | Output Occurrences | Collision Probability |
|:---------:|:----------:|:-----------:|:------------------:|:---------------------:|
| iv_501 | 2.437320065362271 × 10^309 | 4100 | 83 | ½^160.00000000000063 |
| iv_504 | 1.2662076298445513 × 10^310 | 4132 | 66 | ½^160.00000000000094 |
| iv_506 | 2.944993730201751 × 10^310 | 4151 | 82 | ½^160.0000000000009 |
| iv_508 | 6.163277645563816 × 10^310 | 4170 | 88 | ½^160.00000000000082 |
| iv_502 | 4.577349445090078 × 10^309 | 4176 | 67 | ½^160.0000000000008 |
| iv_507 | 4.305500326320383 × 10^310 | 4251 | 74 | ½^160.0000000000008 |
| iv_509 | 8.664777300077491 × 10^310 | 4265 | 89 | ½^160.0000000000005 |
| iv_510 | 1.1993939926271995 × 10^311 | 4278 | 73 | ½^160.00000000000068 |
| iv_503 | 7.859635059889202 × 10^309 | 4278 | 75 | ½^160.00000000000094 |
| iv_505 | 1.9634027935857095 × 10^310 | 4283 | 79 | ½^160.0000000000006 |
| iv_512 | 1.8922079881358819 × 10^311 | 4301 | 74 | ½^160.00000000000077 |
| iv_511 | 1.6377084743056218 × 10^311 | 4423 | 83 | ½^160.00000000000074 |

### Input Bits Sorted by Output Occurrences

| Input Bit | Complexity | Occurrences | Output Occurrences | Collision Probability |
|:---------:|:----------:|:-----------:|:------------------:|:---------------------:|
| iv_504 | 1.2662076298445513 × 10^310 | 4132 | 66 | ½^160.00000000000094 |
| iv_502 | 4.577349445090078 × 10^309 | 4176 | 67 | ½^160.0000000000008 |
| iv_510 | 1.1993939926271995 × 10^311 | 4278 | 73 | ½^160.00000000000068 |
| iv_507 | 4.305500326320383 × 10^310 | 4251 | 74 | ½^160.0000000000008 |
| iv_512 | 1.8922079881358819 × 10^311 | 4301 | 74 | ½^160.00000000000077 |
| iv_503 | 7.859635059889202 × 10^309 | 4278 | 75 | ½^160.00000000000094 |
| iv_505 | 1.9634027935857095 × 10^310 | 4283 | 79 | ½^160.0000000000006 |
| iv_506 | 2.944993730201751 × 10^310 | 4151 | 82 | ½^160.0000000000009 |
| iv_511 | 1.6377084743056218 × 10^311 | 4423 | 83 | ½^160.00000000000074 |
| iv_501 | 2.437320065362271 × 10^309 | 4100 | 83 | ½^160.00000000000063 |
| iv_508 | 6.163277645563816 × 10^310 | 4170 | 88 | ½^160.00000000000082 |
| iv_509 | 8.664777300077491 × 10^310 | 4265 | 89 | ½^160.0000000000005 |

### Input Bits Sorted by Collision Probability

| Input Bit | Complexity | Occurrences | Output Occurrences | Collision Probability |
|:---------:|:----------:|:-----------:|:------------------:|:---------------------:|
| iv_509 | 8.664777300077491 × 10^310 | 4265 | 89 | ½^160.0000000000005 |
| iv_505 | 1.9634027935857095 × 10^310 | 4283 | 79 | ½^160.0000000000006 |
| iv_501 | 2.437320065362271 × 10^309 | 4100 | 83 | ½^160.00000000000063 |
| iv_510 | 1.1993939926271995 × 10^311 | 4278 | 73 | ½^160.00000000000068 |
| iv_511 | 1.6377084743056218 × 10^311 | 4423 | 83 | ½^160.00000000000074 |
| iv_512 | 1.8922079881358819 × 10^311 | 4301 | 74 | ½^160.00000000000077 |
| iv_502 | 4.577349445090078 × 10^309 | 4176 | 67 | ½^160.0000000000008 |
| iv_507 | 4.305500326320383 × 10^310 | 4251 | 74 | ½^160.0000000000008 |
| iv_508 | 6.163277645563816 × 10^310 | 4170 | 88 | ½^160.00000000000082 |
| iv_506 | 2.944993730201751 × 10^310 | 4151 | 82 | ½^160.0000000000009 |
| iv_503 | 7.859635059889202 × 10^309 | 4278 | 75 | ½^160.00000000000094 |
| iv_504 | 1.2662076298445513 × 10^310 | 4132 | 66 | ½^160.00000000000094 |

## Input Bit/Output Bit Collision Probabilities

| Input Bit | Output Bit | Collision Probability |
|:---------:|:----------:|:---------------------:|
| iv_501 | ov_122 | 0.5000000000000022 |
| iv_505 | ov_138 | 0.5000000000000022 |
| iv_509 | ov_073 | 0.500000000000002 |
| iv_501 | ov_153 | 0.5000000000000018 |
| iv_502 | ov_057 | 0.5000000000000018 |
| iv_502 | ov_124 | 0.5000000000000018 |
| iv_505 | ov_049 | 0.5000000000000018 |
| iv_505 | ov_113 | 0.5000000000000018 |
| iv_510 | ov_008 | 0.5000000000000018 |
| iv_510 | ov_048 | 0.5000000000000018 |
| iv_510 | ov_053 | 0.5000000000000018 |
| iv_501 | ov_074 | 0.5000000000000017 |

## Input Bit Co-occurrences

### Input Bit Co-occurrences Sorted by Co-occurrences

| Input Bits | Co-occurrences | Potential Occurrences | Output Co-occurrences | Potential Output Occurrences |
|:----------:|:--------------:|:---------------------:|:---------------------:|:----------------------------:|
| iv_509-iv_511 | 2143 | 4402 | 46 | 80 |
| iv_510-iv_511 | 2134 | 4433 | 36 | 84 |
| iv_507-iv_511 | 2124 | 4426 | 40 | 77 |
| iv_503-iv_511 | 2123 | 4455 | 40 | 78 |
| iv_501-iv_511 | 2112 | 4299 | 45 | 76 |
| iv_505-iv_511 | 2112 | 4482 | 42 | 78 |
| iv_506-iv_511 | 2090 | 4394 | 48 | 69 |
| iv_508-iv_511 | 2065 | 4463 | 45 | 81 |
| iv_505-iv_510 | 2049 | 4463 | 34 | 84 |
| iv_510-iv_512 | 2045 | 4489 | 41 | 65 |
| iv_505-iv_507 | 2044 | 4446 | 40 | 73 |
| iv_503-iv_505 | 2041 | 4479 | 36 | 82 |

### Input Bit Co-occurrences Sorted by Potential Occurrences

| Input Bits | Co-occurrences | Potential Occurrences | Output Co-occurrences | Potential Output Occurrences |
|:----------:|:--------------:|:---------------------:|:---------------------:|:----------------------------:|
| iv_501-iv_511 | 2112 | 4299 | 45 | 76 |
| iv_502-iv_508 | 2016 | 4314 | 39 | 77 |
| iv_501-iv_507 | 2018 | 4315 | 35 | 87 |
| iv_501-iv_509 | 2004 | 4357 | 40 | 92 |
| iv_502-iv_509 | 2036 | 4369 | 41 | 74 |
| iv_506-iv_511 | 2090 | 4394 | 48 | 69 |
| iv_509-iv_511 | 2143 | 4402 | 46 | 80 |
| iv_506-iv_507 | 1997 | 4408 | 40 | 76 |
| iv_504-iv_507 | 1985 | 4413 | 30 | 80 |
| iv_501-iv_506 | 1917 | 4417 | 40 | 85 |
| iv_504-iv_510 | 1995 | 4420 | 29 | 81 |
| iv_506-iv_510 | 2003 | 4423 | 40 | 75 |

### Input Bit Output Co-occurrences Sorted by Output Co-occurrences

| Input Bits | Co-occurrences | Potential Occurrences | Output Co-occurrences | Potential Output Occurrences |
|:----------:|:--------------:|:---------------------:|:---------------------:|:----------------------------:|
| iv_508-iv_509 | 1951 | 4533 | 49 | 79 |
| iv_506-iv_511 | 2090 | 4394 | 48 | 69 |
| iv_506-iv_508 | 1893 | 4535 | 46 | 78 |
| iv_509-iv_511 | 2143 | 4402 | 46 | 80 |
| iv_505-iv_508 | 1967 | 4519 | 46 | 75 |
| iv_506-iv_509 | 1979 | 4458 | 45 | 81 |
| iv_508-iv_511 | 2065 | 4463 | 45 | 81 |
| iv_501-iv_508 | 1916 | 4438 | 45 | 81 |
| iv_501-iv_511 | 2112 | 4299 | 45 | 76 |
| iv_507-iv_509 | 2027 | 4462 | 43 | 77 |
| iv_509-iv_510 | 2002 | 4539 | 43 | 76 |
| iv_503-iv_508 | 1951 | 4546 | 42 | 79 |

### Input Bit Output Co-occurrences Sorted by Potential Output Occurrences

| Input Bits | Co-occurrences | Potential Occurrences | Output Co-occurrences | Potential Output Occurrences |
|:----------:|:--------------:|:---------------------:|:---------------------:|:----------------------------:|
| iv_510-iv_512 | 2045 | 4489 | 41 | 65 |
| iv_506-iv_511 | 2090 | 4394 | 48 | 69 |
| iv_502-iv_512 | 1972 | 4533 | 36 | 69 |
| iv_507-iv_512 | 2041 | 4470 | 39 | 70 |
| iv_502-iv_504 | 1941 | 4426 | 31 | 71 |
| iv_505-iv_507 | 2044 | 4446 | 40 | 73 |
| iv_502-iv_509 | 2036 | 4369 | 41 | 74 |
| iv_505-iv_508 | 1967 | 4519 | 46 | 75 |
| iv_506-iv_510 | 2003 | 4423 | 40 | 75 |
| iv_502-iv_511 | 1989 | 4621 | 37 | 76 |
| iv_501-iv_503 | 1951 | 4476 | 41 | 76 |
| iv_501-iv_511 | 2112 | 4299 | 45 | 76 |

## Output Bits

### Output Bits in Regular Order

| Rank | Output Bit | Complexity |
|:----:|:----------:|:----------:|
| 1 | ov_001 | 1.1529280747390504 × 10^311 |
| 2 | ov_002 | 1.0042600139514071 × 10^311 |
| 3 | ov_003 | 8.702576456806622 × 10^310 |
| 4 | ov_004 | 7.503333330462409 × 10^310 |
| 5 | ov_005 | 6.434074954370152 × 10^310 |
| 6 | ov_006 | 5.484591450971329 × 10^310 |
| 7 | ov_007 | 4.6452202927999384 × 10^310 |
| 8 | ov_008 | 3.9068127676326586 × 10^310 |
| 9 | ov_009 | 3.260704964920853 × 10^310 |
| 10 | ov_010 | 2.698692816867272 × 10^310 |
| 11 | ov_011 | 2.2130108357042554 × 10^310 |
| 12 | ov_012 | 1.79631426712924 × 10^310 |
| 13 | ov_013 | 1.4416643510281553 × 10^310 |
| 14 | ov_014 | 1.142516327156487 × 10^310 |
| 15 | ov_015 | 8.927098230274713 × 10^309 |
| 16 | ov_016 | 6.864612864726004 × 10^309 |
| 17 | ov_017 | 5.183581504006068 × 10^309 |
| 18 | ov_018 | 3.83354442239343 × 10^309 |
| 19 | ov_019 | 2.767675754390466 × 10^309 |
| 20 | ov_020 | 1.9427608527210558 × 10^309 |
| 21 | ov_021 | 1.3191809600057132 × 10^309 |
| 22 | ov_022 | 8.609033130792404 × 10^308 |
| 23 | ov_023 | 5.354750471097504 × 10^308 |
| 24 | ov_024 | 3.1401957036329982 × 10^308 |
| 25 | ov_025 | 1.7123447966600975 × 10^308 |
| 26 | ov_026 | 8.539043929089085 × 10^307 |
| 27 | ov_027 | 3.833064005355996 × 10^307 |
| 28 | ov_028 | 1.54705722739646 × 10^307 |
| 29 | ov_029 | 5.7979465429238624 × 10^306 |
| 30 | ov_030 | 1.7527354015242305 × 10^306 |
| 31 | ov_031 | 2.3668453324381522 × 10^305 |
| 32 | lv_80_k31 | 7.566048141026558 × 10^304 |
| 33 | ov_033 | 9.196637852541372 × 10^305 |
| 34 | ov_034 | 7.997273505468208 × 10^305 |
| 35 | ov_035 | 6.922771328534174 × 10^305 |
| 36 | ov_036 | 5.963334640851548 × 10^305 |
| 37 | ov_037 | 5.109698936778395 × 10^305 |
| 38 | ov_038 | 4.353094122620206 × 10^305 |
| 39 | ov_039 | 3.685211771555449 × 10^305 |
| 40 | ov_040 | 3.0981769295165567 × 10^305 |
| 41 | ov_041 | 2.584524030011258 × 10^305 |
| 42 | ov_042 | 2.1371765001673375 × 10^305 |
| 43 | ov_043 | 1.749429663791653 × 10^305 |
| 44 | ov_044 | 1.4149365700963994 × 10^305 |
| 45 | ov_045 | 1.1276963990879563 × 10^305 |
| 46 | ov_046 | 8.847939746221795 × 10^304 |
| 47 | ov_047 | 6.834804386215758 × 10^304 |
| 48 | ov_048 | 5.187447857579294 × 10^304 |
| 49 | ov_049 | 3.858953109934576 × 10^304 |
| 50 | ov_050 | 2.805564211520919 × 10^304 |
| 51 | ov_051 | 1.986663809287818 × 10^304 |
| 52 | ov_052 | 1.3647579339815842 × 10^304 |
| 53 | ov_053 | 9.05466359701543 × 10^303 |
| 54 | ov_054 | 5.7751693606774536 × 10^303 |
| 55 | ov_055 | 3.52742519703026 × 10^303 |
| 56 | ov_056 | 2.06079386978479 × 10^303 |
| 57 | ov_057 | 1.155663793505974 × 10^303 |
| 58 | ov_058 | 6.234441816159821 × 10^302 |
| 59 | ov_059 | 3.0656243928946384 × 10^302 |
| 60 | ov_060 | 1.3398660210475235 × 10^302 |
| 61 | ov_061 | 5.019302010594256 × 10^301 |
| 62 | ov_062 | 1.516624583364415 × 10^301 |
| 63 | ov_063 | 3.3555441286922764 × 10^300 |
| 64 | lv_79_m31 | 6.539617008475696 × 10^299 |
| 65 | ov_065 | 7.78879172432626 × 10^300 |
| 66 | ov_066 | 7.788774364301029 × 10^300 |
| 67 | ov_067 | 7.78876880997803 × 10^300 |
| 68 | ov_068 | 6.74530713530487 × 10^300 |
| 69 | ov_069 | 5.8113056361851574 × 10^300 |
| 70 | ov_070 | 4.978404892279152 × 10^300 |
| 71 | ov_071 | 4.2387075672223824 × 10^300 |
| 72 | ov_072 | 3.5847458662894675 × 10^300 |
| 73 | ov_073 | 3.0094531164427816 × 10^300 |
| 74 | ov_074 | 2.506139099252136 × 10^300 |
| 75 | ov_075 | 2.0684687868923605 × 10^300 |
| 76 | ov_076 | 1.6904441503633024 × 10^300 |
| 77 | ov_077 | 1.3663887273655752 × 10^300 |
| 78 | ov_078 | 1.0909346550236118 × 10^300 |
| 79 | ov_079 | 8.59011889977774 × 10^299 |
| 80 | ov_080 | 6.658393553581038 × 10^299 |
| 81 | ov_081 | 5.069177708789677 × 10^299 |
| 82 | ov_082 | 3.7802393881962273 × 10^299 |
| 83 | ov_083 | 2.752062750326779 × 10^299 |
| 84 | ov_084 | 1.947813903926569 × 10^299 |
| 85 | ov_085 | 1.333315442934407 × 10^299 |
| 86 | ov_086 | 8.770280795147006 × 10^298 |
| 87 | ov_087 | 5.500379138943052 × 10^298 |
| 88 | ov_088 | 3.2604804075191297 × 10^298 |
| 89 | ov_089 | 1.813733528087471 × 10^298 |
| 90 | ov_090 | 9.493756311765633 × 10^297 |
| 91 | ov_091 | 4.8271628369917404 × 10^297 |
| 92 | ov_092 | 2.551294955172779 × 10^297 |
| 93 | ov_093 | 1.3404970496674093 × 10^297 |
| 94 | ov_094 | 5.970890744544591 × 10^296 |
| 95 | aaa_78_28 | 1.907826359395499 × 10^296 |
| 96 | aaa_78_29 | 7.159024023940194 × 10^295 |
| 97 | ov_097 | 6.747028084585727 × 10^295 |
| 98 | ov_098 | 6.747001389330759 × 10^295 |
| 99 | ov_099 | 6.746992853590617 × 10^295 |
| 100 | ov_100 | 5.875970753233741 × 10^295 |
| 101 | ov_101 | 5.093390805861915 × 10^295 |
| 102 | ov_102 | 4.3926501992321614 × 10^295 |
| 103 | ov_103 | 3.76751227605703 × 10^295 |
| 104 | ov_104 | 3.212079976119332 × 10^295 |
| 105 | ov_105 | 2.720772631468128 × 10^295 |
| 106 | ov_106 | 2.28830581485866 × 10^295 |
| 107 | ov_107 | 1.9096739576039798 × 10^295 |
| 108 | ov_108 | 1.5801354683584958 × 10^295 |
| 109 | ov_109 | 1.295200099168041 × 10^295 |
| 110 | ov_110 | 1.0506183194971153 × 10^295 |
| 111 | ov_111 | 8.423724729688901 × 10^294 |
| 112 | ov_112 | 6.666695053027638 × 10^294 |
| 113 | ov_113 | 5.199350654711346 × 10^294 |
| 114 | ov_114 | 3.9880879547432405 × 10^294 |
| 115 | ov_115 | 3.0014063739361165 × 10^294 |
| 116 | ov_116 | 2.2098799956198538 × 10^294 |
| 117 | ov_117 | 1.5861363681747003 × 10^294 |
| 118 | ov_118 | 1.104841128950052 × 10^294 |
| 119 | ov_119 | 7.426872608405106 × 10^293 |
| 120 | ov_120 | 4.783879233966769 × 10^293 |
| 121 | ov_121 | 2.926719309009214 × 10^293 |
| 122 | ov_122 | 1.6828108036545972 × 10^293 |
| 123 | ov_123 | 8.996866292457089 × 10^292 |
| 124 | ov_124 | 4.449866513286561 × 10^292 |
| 125 | ov_125 | 2.06453659376555 × 10^292 |
| 126 | ov_126 | 9.193156695022108 × 10^291 |
| 127 | aaa_77_28 | 2.936479097138303 × 10^291 |
| 128 | aaa_77_29 | 1.1013833540215738 × 10^291 |
| 129 | ov_129 | 1.0308013153556373 × 10^291 |
| 130 | ov_130 | 1.0307983783464071 × 10^291 |
| 131 | ov_131 | 1.0307976647199643 × 10^291 |
| 132 | ov_132 | 8.961070864041588 × 10^290 |
| 133 | ov_133 | 7.752585722225077 × 10^290 |
| 134 | ov_134 | 6.672083608951868 × 10^290 |
| 135 | ov_135 | 5.709706140975003 × 10^290 |
| 136 | ov_136 | 4.856132126638486 × 10^290 |
| 137 | ov_137 | 4.1025409672001225 × 10^290 |
| 138 | ov_138 | 3.4405810307238604 × 10^290 |
| 139 | ov_139 | 2.8623425252054034 × 10^290 |
| 140 | ov_140 | 2.3603344229533727 × 10^290 |
| 141 | ov_141 | 1.9274650128709845 × 10^290 |
| 142 | ov_142 | 1.5570256813245445 × 10^290 |
| 143 | ov_143 | 1.2426775458759152 × 10^290 |
| 144 | ov_144 | 9.784405894065847 × 10^289 |
| 145 | ov_145 | 7.586849651622202 × 10^289 |
| 146 | ov_146 | 5.781241660720975 × 10^289 |
| 147 | ov_147 | 4.3180977440501 × 10^289 |
| 148 | ov_148 | 3.1512753045519467 × 10^289 |
| 149 | ov_149 | 2.237944815386731 × 10^289 |
| 150 | ov_150 | 1.5385699514158078 × 10^289 |
| 151 | ov_151 | 1.0168944260875302 × 10^289 |
| 152 | ov_152 | 6.399338229903906 × 10^288 |
| 153 | ov_153 | 3.77970936669241 × 10^288 |
| 154 | ov_154 | 2.0455336260181606 × 10^288 |
| 155 | ov_155 | 9.64923342659305 × 10^287 |
| 156 | aaa_76_25 | 3.386217948767786 × 10^287 |
| 157 | aaa_76_26 | 1.8494422298027906 × 10^287 |
| 158 | aaa_76_27 | 9.01111930518721 × 10^286 |
| 159 | aaa_76_28 | 3.7809691804071914 × 10^286 |
| 160 | aaa_76_29 | 1.2795749213761495 × 10^286 |

### Output Bits Sorted by Complexity

| Rank | Output Bit | Complexity |
|:----:|:----------:|:----------:|
| 160 | aaa_76_29 | 1.2795749213761495 × 10^286 |
| 159 | aaa_76_28 | 3.7809691804071914 × 10^286 |
| 158 | aaa_76_27 | 9.01111930518721 × 10^286 |
| 157 | aaa_76_26 | 1.8494422298027906 × 10^287 |
| 156 | aaa_76_25 | 3.386217948767786 × 10^287 |
| 155 | ov_155 | 9.64923342659305 × 10^287 |
| 154 | ov_154 | 2.0455336260181606 × 10^288 |
| 153 | ov_153 | 3.77970936669241 × 10^288 |
| 152 | ov_152 | 6.399338229903906 × 10^288 |
| 151 | ov_151 | 1.0168944260875302 × 10^289 |
| 150 | ov_150 | 1.5385699514158078 × 10^289 |
| 149 | ov_149 | 2.237944815386731 × 10^289 |
| 148 | ov_148 | 3.1512753045519467 × 10^289 |
| 147 | ov_147 | 4.3180977440501 × 10^289 |
| 146 | ov_146 | 5.781241660720975 × 10^289 |
| 145 | ov_145 | 7.586849651622202 × 10^289 |
| 144 | ov_144 | 9.784405894065847 × 10^289 |
| 143 | ov_143 | 1.2426775458759152 × 10^290 |
| 142 | ov_142 | 1.5570256813245445 × 10^290 |
| 141 | ov_141 | 1.9274650128709845 × 10^290 |
| 140 | ov_140 | 2.3603344229533727 × 10^290 |
| 139 | ov_139 | 2.8623425252054034 × 10^290 |
| 138 | ov_138 | 3.4405810307238604 × 10^290 |
| 137 | ov_137 | 4.1025409672001225 × 10^290 |
| 136 | ov_136 | 4.856132126638486 × 10^290 |
| 135 | ov_135 | 5.709706140975003 × 10^290 |
| 134 | ov_134 | 6.672083608951868 × 10^290 |
| 133 | ov_133 | 7.752585722225077 × 10^290 |
| 132 | ov_132 | 8.961070864041588 × 10^290 |
| 131 | ov_131 | 1.0307976647199643 × 10^291 |
| 130 | ov_130 | 1.0307983783464071 × 10^291 |
| 129 | ov_129 | 1.0308013153556373 × 10^291 |
| 128 | aaa_77_29 | 1.1013833540215738 × 10^291 |
| 127 | aaa_77_28 | 2.936479097138303 × 10^291 |
| 126 | ov_126 | 9.193156695022108 × 10^291 |
| 125 | ov_125 | 2.06453659376555 × 10^292 |
| 124 | ov_124 | 4.449866513286561 × 10^292 |
| 123 | ov_123 | 8.996866292457089 × 10^292 |
| 122 | ov_122 | 1.6828108036545972 × 10^293 |
| 121 | ov_121 | 2.926719309009214 × 10^293 |
| 120 | ov_120 | 4.783879233966769 × 10^293 |
| 119 | ov_119 | 7.426872608405106 × 10^293 |
| 118 | ov_118 | 1.104841128950052 × 10^294 |
| 117 | ov_117 | 1.5861363681747003 × 10^294 |
| 116 | ov_116 | 2.2098799956198538 × 10^294 |
| 115 | ov_115 | 3.0014063739361165 × 10^294 |
| 114 | ov_114 | 3.9880879547432405 × 10^294 |
| 113 | ov_113 | 5.199350654711346 × 10^294 |
| 112 | ov_112 | 6.666695053027638 × 10^294 |
| 111 | ov_111 | 8.423724729688901 × 10^294 |
| 110 | ov_110 | 1.0506183194971153 × 10^295 |
| 109 | ov_109 | 1.295200099168041 × 10^295 |
| 108 | ov_108 | 1.5801354683584958 × 10^295 |
| 107 | ov_107 | 1.9096739576039798 × 10^295 |
| 106 | ov_106 | 2.28830581485866 × 10^295 |
| 105 | ov_105 | 2.720772631468128 × 10^295 |
| 104 | ov_104 | 3.212079976119332 × 10^295 |
| 103 | ov_103 | 3.76751227605703 × 10^295 |
| 102 | ov_102 | 4.3926501992321614 × 10^295 |
| 101 | ov_101 | 5.093390805861915 × 10^295 |
| 100 | ov_100 | 5.875970753233741 × 10^295 |
| 99 | ov_099 | 6.746992853590617 × 10^295 |
| 98 | ov_098 | 6.747001389330759 × 10^295 |
| 97 | ov_097 | 6.747028084585727 × 10^295 |
| 96 | aaa_78_29 | 7.159024023940194 × 10^295 |
| 95 | aaa_78_28 | 1.907826359395499 × 10^296 |
| 94 | ov_094 | 5.970890744544591 × 10^296 |
| 93 | ov_093 | 1.3404970496674093 × 10^297 |
| 92 | ov_092 | 2.551294955172779 × 10^297 |
| 91 | ov_091 | 4.8271628369917404 × 10^297 |
| 90 | ov_090 | 9.493756311765633 × 10^297 |
| 89 | ov_089 | 1.813733528087471 × 10^298 |
| 88 | ov_088 | 3.2604804075191297 × 10^298 |
| 87 | ov_087 | 5.500379138943052 × 10^298 |
| 86 | ov_086 | 8.770280795147006 × 10^298 |
| 85 | ov_085 | 1.333315442934407 × 10^299 |
| 84 | ov_084 | 1.947813903926569 × 10^299 |
| 83 | ov_083 | 2.752062750326779 × 10^299 |
| 82 | ov_082 | 3.7802393881962273 × 10^299 |
| 81 | ov_081 | 5.069177708789677 × 10^299 |
| 64 | lv_79_m31 | 6.539617008475696 × 10^299 |
| 80 | ov_080 | 6.658393553581038 × 10^299 |
| 79 | ov_079 | 8.59011889977774 × 10^299 |
| 78 | ov_078 | 1.0909346550236118 × 10^300 |
| 77 | ov_077 | 1.3663887273655752 × 10^300 |
| 76 | ov_076 | 1.6904441503633024 × 10^300 |
| 75 | ov_075 | 2.0684687868923605 × 10^300 |
| 74 | ov_074 | 2.506139099252136 × 10^300 |
| 73 | ov_073 | 3.0094531164427816 × 10^300 |
| 63 | ov_063 | 3.3555441286922764 × 10^300 |
| 72 | ov_072 | 3.5847458662894675 × 10^300 |
| 71 | ov_071 | 4.2387075672223824 × 10^300 |
| 70 | ov_070 | 4.978404892279152 × 10^300 |
| 69 | ov_069 | 5.8113056361851574 × 10^300 |
| 68 | ov_068 | 6.74530713530487 × 10^300 |
| 67 | ov_067 | 7.78876880997803 × 10^300 |
| 66 | ov_066 | 7.788774364301029 × 10^300 |
| 65 | ov_065 | 7.78879172432626 × 10^300 |
| 62 | ov_062 | 1.516624583364415 × 10^301 |
| 61 | ov_061 | 5.019302010594256 × 10^301 |
| 60 | ov_060 | 1.3398660210475235 × 10^302 |
| 59 | ov_059 | 3.0656243928946384 × 10^302 |
| 58 | ov_058 | 6.234441816159821 × 10^302 |
| 57 | ov_057 | 1.155663793505974 × 10^303 |
| 56 | ov_056 | 2.06079386978479 × 10^303 |
| 55 | ov_055 | 3.52742519703026 × 10^303 |
| 54 | ov_054 | 5.7751693606774536 × 10^303 |
| 53 | ov_053 | 9.05466359701543 × 10^303 |
| 52 | ov_052 | 1.3647579339815842 × 10^304 |
| 51 | ov_051 | 1.986663809287818 × 10^304 |
| 50 | ov_050 | 2.805564211520919 × 10^304 |
| 49 | ov_049 | 3.858953109934576 × 10^304 |
| 48 | ov_048 | 5.187447857579294 × 10^304 |
| 47 | ov_047 | 6.834804386215758 × 10^304 |
| 32 | lv_80_k31 | 7.566048141026558 × 10^304 |
| 46 | ov_046 | 8.847939746221795 × 10^304 |
| 45 | ov_045 | 1.1276963990879563 × 10^305 |
| 44 | ov_044 | 1.4149365700963994 × 10^305 |
| 43 | ov_043 | 1.749429663791653 × 10^305 |
| 42 | ov_042 | 2.1371765001673375 × 10^305 |
| 31 | ov_031 | 2.3668453324381522 × 10^305 |
| 41 | ov_041 | 2.584524030011258 × 10^305 |
| 40 | ov_040 | 3.0981769295165567 × 10^305 |
| 39 | ov_039 | 3.685211771555449 × 10^305 |
| 38 | ov_038 | 4.353094122620206 × 10^305 |
| 37 | ov_037 | 5.109698936778395 × 10^305 |
| 36 | ov_036 | 5.963334640851548 × 10^305 |
| 35 | ov_035 | 6.922771328534174 × 10^305 |
| 34 | ov_034 | 7.997273505468208 × 10^305 |
| 33 | ov_033 | 9.196637852541372 × 10^305 |
| 30 | ov_030 | 1.7527354015242305 × 10^306 |
| 29 | ov_029 | 5.7979465429238624 × 10^306 |
| 28 | ov_028 | 1.54705722739646 × 10^307 |
| 27 | ov_027 | 3.833064005355996 × 10^307 |
| 26 | ov_026 | 8.539043929089085 × 10^307 |
| 25 | ov_025 | 1.7123447966600975 × 10^308 |
| 24 | ov_024 | 3.1401957036329982 × 10^308 |
| 23 | ov_023 | 5.354750471097504 × 10^308 |
| 22 | ov_022 | 8.609033130792404 × 10^308 |
| 21 | ov_021 | 1.3191809600057132 × 10^309 |
| 20 | ov_020 | 1.9427608527210558 × 10^309 |
| 19 | ov_019 | 2.767675754390466 × 10^309 |
| 18 | ov_018 | 3.83354442239343 × 10^309 |
| 17 | ov_017 | 5.183581504006068 × 10^309 |
| 16 | ov_016 | 6.864612864726004 × 10^309 |
| 15 | ov_015 | 8.927098230274713 × 10^309 |
| 14 | ov_014 | 1.142516327156487 × 10^310 |
| 13 | ov_013 | 1.4416643510281553 × 10^310 |
| 12 | ov_012 | 1.79631426712924 × 10^310 |
| 11 | ov_011 | 2.2130108357042554 × 10^310 |
| 10 | ov_010 | 2.698692816867272 × 10^310 |
| 9 | ov_009 | 3.260704964920853 × 10^310 |
| 8 | ov_008 | 3.9068127676326586 × 10^310 |
| 7 | ov_007 | 4.6452202927999384 × 10^310 |
| 6 | ov_006 | 5.484591450971329 × 10^310 |
| 5 | ov_005 | 6.434074954370152 × 10^310 |
| 4 | ov_004 | 7.503333330462409 × 10^310 |
| 3 | ov_003 | 8.702576456806622 × 10^310 |
| 2 | ov_002 | 1.0042600139514071 × 10^311 |
| 1 | ov_001 | 1.1529280747390504 × 10^311 |

