# Results for F001-F002-F003-F004-F005-F006-F007-F008-F009-F010-F011-F012-F013-F014-F015-F016-F017-F018-F019-F020-F021-F022-F023-F024-F025-F026-F027-F028-F029-F030-F031-F032-F033-F034-F035-F036-F037-F038-F039-F040-F041-F042-F043-F044-F045-F046-F047-F048-F049-F050-F051-F052-F053-F054-F055-F056-F057-F058-F059-F060-F061-F062-F063-F064-F065-F066-F067-F068-F069-F070-F071-F072-F073-F074-F075-F076-F077-F078-F079-F080-F081-F082-F083-F084-F085-F086-F087-F088-F089-F090-F091-F092-F093-F094-F095-F096-F097-F098-F099-F100-F101-F102-F103-F104-F105-F106-F107-F108-F109-F110-F111-F112-F113-F114-F115-F116-F117-F118-F119-F120-F121-F122-F123-F124-F125-F126-F127-F128-F129-F130-F131-F132-F133-F134-F135-F136-F137-F138-F139-F140-F141-F142-F143-F144-F145-F146-F147-F148-F149-F150-F151-F152-F153-F154-F155-F156-F157-F158-F159-F160-F161-F162-F163-F164-F165-F166-F167-F168-F169-F170-F171-F172-F173-F174-F175-F176-F177-F178-F179-F180-F181-F182-F183-F184-F185-F186-F187-F188-F189-F190-F191-F192-F193-F194-F195-F196-F197-F198-F199-F200-F201-F202-F203-F204-F205-F206-F207-F208-F209-F210-F211-F212-F213-F214-F215-F216-F217-F218-F219-F220-F221-F222-F223-F224-F225-F226-F227-F228-F229-F230-F231-F232-F233-F234-F235-F236-F237-F238-F239-F240-F241-F242-F243-F244-F245-F246-F247-F248-F249-F250-F251-F252-F253-F254-F255-F256-F257-F258-F259-F260-F261-F262-F263-F264-F265-F266-F267-F268-F269-F270-F271-F272-F273-F274-F275-F276-F277-F278-F279-F280-F281-F282-F283-F284-F285-F286-F287-F288-F289-F290-F291-F292-F293-F294-F295-F296-F297-F298-F299-F300-F301-F302-F303-F304-F305-F306-F307-F308-F309-F310-F311-F312-F313-F314-F315-F316-F317-F318-F319-F320-F321-F322-F323-F324-F325-F326-F327-F328-F329-F330-F331-F332-F333-F334-F335-F336-F337-F338-F339-F340-F341-F342-F343-F344-F345-F346-F347-F348-F349-F350-F351-F352-F353-F354-F355-F356-F357-F358-F359-F360-F361-F362-F363-F364-F365-F366-F367-F368-F369-F370-F371-F372-F373-F374-F375-F376-F377-F378-F379-F380-F381-F382-F383-F384-F385-F386-F387-F388-F389-F390-F391-F392-F393-F394-F395-F396-F397-F398-F399-F400-F401-F402-F403-F404-F405-F406-F407-F408-F409-F410-F411-F412-F413-F414-F415-F416-F417-F418-F419-F420-F421-F422-F423-F424-F425-F426-F427-F428-F429-F430-F431-F432-F433-F434-F435-F436-F437-F438-F439-F440-F441-F442-F443-F444-F445-F446-F447-F448-F449-F450-F451-F452-F453-F454-F455-F456-F457-F458-F459-F460-F461-F462-F463-F464-F465-F466-F467-F468-F469-F470-F471-F472-F473-F474-F475-F476-F477-F478-F479-F480-F481-F482-F483-F484-F485-F486-F487-F488-F489-F490-F491-F492-F493-F494-F495-F496-T499-T505-F510-F512

## Summary

Number of input bits: 512  
Number of free input bits: 12  
Number of output bits: 160

Number of direct occurrences: 50396  
Number of assignments: 31817  
Number of operations: 11771057
(xor: 11742468,
and: 14988,
or: 13601)

Total complexity: 4.008848839010661 × 10^306

Least occurring input variable: iv_502 (4011)  
Most occurring input variable: iv_508 (4347)

Most co-occurring input variables: iv_503-iv_511 (2165)  
Least co-occurring input variables: iv_497-iv_498 (1828)

Potentially most occurring input variable: iv_504/iv_507 (4605)  
Potentially least occurring input variable: iv_500/iv_506 (4237)

Least output occurring input variable: iv_497 (68)  
Most output occurring input variable: iv_508 (100)

Most output co-occurring input variables: iv_502-iv_508 (59)  
Least output co-occurring input variables: iv_497-iv_506 (26)

Potentially most output occurring input variable: iv_504/iv_509 (94)  
Potentially least output occurring input variable: iv_497/iv_509 (68)

Least complex input bit: iv_511 (6.4996478707868525 × 10^302)  
Most complex input bit: iv_509 (8.530384087927207 × 10^305)

Least complex output bit: aaa_76_29 (1.3460880151101592 × 10^281)  
Most complex output bit: ov_001 (6.267513962296359 × 10^305)

Least complex input/output complexity: iv_511/aaa_76_29 (2.1824464959027073 × 10^277)  
Most complex input/output complexity: iv_509/ov_001 (1.3336572048954794 × 10^305)

## Input Bits

### Input Bits in Regular Order

| Input Bit | Complexity | Occurrences | Output Occurrences |
|:---------:|:----------:|:-----------:|:------------------:|
| iv_497 | 8.015209710819815 × 10^303 | 4068 | 68 |
| iv_498 | 1.1306208291535158 × 10^304 | 4034 | 84 |
| iv_500 | 5.128733824072248 × 10^304 | 4066 | 88 |
| iv_501 | 1.0529883445678718 × 10^305 | 4262 | 82 |
| iv_502 | 1.9201448147842185 × 10^305 | 4011 | 93 |
| iv_503 | 3.27942435887424 × 10^305 | 4342 | 87 |
| iv_504 | 5.348056187768856 × 10^305 | 4232 | 76 |
| iv_506 | 4.462217018206903 × 10^305 | 4085 | 70 |
| iv_507 | 6.366306031246526 × 10^305 | 4289 | 90 |
| iv_508 | 8.416380336429214 × 10^305 | 4347 | 100 |
| iv_509 | 8.530384087927207 × 10^305 | 4325 | 78 |
| iv_511 | 6.4996478707868525 × 10^302 | 4335 | 92 |

### Input Bits Sorted by Complexity

| Input Bit | Complexity | Occurrences | Output Occurrences |
|:---------:|:----------:|:-----------:|:------------------:|
| iv_511 | 6.4996478707868525 × 10^302 | 4335 | 92 |
| iv_497 | 8.015209710819815 × 10^303 | 4068 | 68 |
| iv_498 | 1.1306208291535158 × 10^304 | 4034 | 84 |
| iv_500 | 5.128733824072248 × 10^304 | 4066 | 88 |
| iv_501 | 1.0529883445678718 × 10^305 | 4262 | 82 |
| iv_502 | 1.9201448147842185 × 10^305 | 4011 | 93 |
| iv_503 | 3.27942435887424 × 10^305 | 4342 | 87 |
| iv_506 | 4.462217018206903 × 10^305 | 4085 | 70 |
| iv_504 | 5.348056187768856 × 10^305 | 4232 | 76 |
| iv_507 | 6.366306031246526 × 10^305 | 4289 | 90 |
| iv_508 | 8.416380336429214 × 10^305 | 4347 | 100 |
| iv_509 | 8.530384087927207 × 10^305 | 4325 | 78 |

### Input Bits Sorted by Occurrences

| Input Bit | Complexity | Occurrences | Output Occurrences |
|:---------:|:----------:|:-----------:|:------------------:|
| iv_502 | 1.9201448147842185 × 10^305 | 4011 | 93 |
| iv_498 | 1.1306208291535158 × 10^304 | 4034 | 84 |
| iv_500 | 5.128733824072248 × 10^304 | 4066 | 88 |
| iv_497 | 8.015209710819815 × 10^303 | 4068 | 68 |
| iv_506 | 4.462217018206903 × 10^305 | 4085 | 70 |
| iv_504 | 5.348056187768856 × 10^305 | 4232 | 76 |
| iv_501 | 1.0529883445678718 × 10^305 | 4262 | 82 |
| iv_507 | 6.366306031246526 × 10^305 | 4289 | 90 |
| iv_509 | 8.530384087927207 × 10^305 | 4325 | 78 |
| iv_511 | 6.4996478707868525 × 10^302 | 4335 | 92 |
| iv_503 | 3.27942435887424 × 10^305 | 4342 | 87 |
| iv_508 | 8.416380336429214 × 10^305 | 4347 | 100 |

### Input Bits Sorted by Output Occurrences

| Input Bit | Complexity | Occurrences | Output Occurrences |
|:---------:|:----------:|:-----------:|:------------------:|
| iv_497 | 8.015209710819815 × 10^303 | 4068 | 68 |
| iv_506 | 4.462217018206903 × 10^305 | 4085 | 70 |
| iv_504 | 5.348056187768856 × 10^305 | 4232 | 76 |
| iv_509 | 8.530384087927207 × 10^305 | 4325 | 78 |
| iv_501 | 1.0529883445678718 × 10^305 | 4262 | 82 |
| iv_498 | 1.1306208291535158 × 10^304 | 4034 | 84 |
| iv_503 | 3.27942435887424 × 10^305 | 4342 | 87 |
| iv_500 | 5.128733824072248 × 10^304 | 4066 | 88 |
| iv_507 | 6.366306031246526 × 10^305 | 4289 | 90 |
| iv_511 | 6.4996478707868525 × 10^302 | 4335 | 92 |
| iv_502 | 1.9201448147842185 × 10^305 | 4011 | 93 |
| iv_508 | 8.416380336429214 × 10^305 | 4347 | 100 |

## Input Bit Co-occurrences

### Input Bit Co-occurrences Sorted by Co-occurrences

| Input Bits | Co-occurrences | Potential Occurrences | Output Co-occurrences | Potential Output Occurrences |
|:----------:|:--------------:|:---------------------:|:---------------------:|:----------------------------:|
| iv_503-iv_511 | 2165 | 4347 | 51 | 77 |
| iv_501-iv_511 | 2139 | 4319 | 49 | 76 |
| iv_508-iv_509 | 2138 | 4396 | 44 | 90 |
| iv_503-iv_504 | 2114 | 4346 | 42 | 79 |
| iv_508-iv_511 | 2095 | 4492 | 56 | 80 |
| iv_501-iv_507 | 2092 | 4367 | 43 | 86 |
| iv_507-iv_508 | 2091 | 4454 | 55 | 80 |
| iv_501-iv_503 | 2088 | 4428 | 46 | 77 |
| iv_503-iv_508 | 2086 | 4517 | 55 | 77 |
| iv_501-iv_508 | 2084 | 4441 | 50 | 82 |
| iv_503-iv_509 | 2074 | 4519 | 40 | 85 |
| iv_504-iv_511 | 2071 | 4425 | 41 | 86 |

### Input Bit Co-occurrences Sorted by Potential Occurrences

| Input Bits | Co-occurrences | Potential Occurrences | Output Co-occurrences | Potential Output Occurrences |
|:----------:|:--------------:|:---------------------:|:---------------------:|:----------------------------:|
| iv_500-iv_506 | 1957 | 4237 | 40 | 78 |
| iv_498-iv_506 | 1921 | 4277 | 39 | 76 |
| iv_500-iv_501 | 2015 | 4298 | 49 | 72 |
| iv_506-iv_507 | 2037 | 4300 | 40 | 80 |
| iv_502-iv_506 | 1895 | 4306 | 40 | 83 |
| iv_501-iv_502 | 1978 | 4317 | 47 | 81 |
| iv_501-iv_511 | 2139 | 4319 | 49 | 76 |
| iv_498-iv_502 | 1861 | 4323 | 50 | 77 |
| iv_497-iv_502 | 1869 | 4341 | 41 | 79 |
| iv_503-iv_504 | 2114 | 4346 | 42 | 79 |
| iv_503-iv_511 | 2165 | 4347 | 51 | 77 |
| iv_498-iv_500 | 1870 | 4360 | 44 | 84 |

### Input Bit Output Co-occurrences Sorted by Output Co-occurrences

| Input Bits | Co-occurrences | Potential Occurrences | Output Co-occurrences | Potential Output Occurrences |
|:----------:|:--------------:|:---------------------:|:---------------------:|:----------------------------:|
| iv_502-iv_508 | 1982 | 4394 | 59 | 75 |
| iv_500-iv_508 | 2021 | 4371 | 58 | 72 |
| iv_508-iv_511 | 2095 | 4492 | 56 | 80 |
| iv_503-iv_508 | 2086 | 4517 | 55 | 77 |
| iv_507-iv_508 | 2091 | 4454 | 55 | 80 |
| iv_502-iv_507 | 1957 | 4386 | 52 | 79 |
| iv_500-iv_507 | 1975 | 4405 | 51 | 76 |
| iv_503-iv_511 | 2165 | 4347 | 51 | 77 |
| iv_498-iv_502 | 1861 | 4323 | 50 | 77 |
| iv_500-iv_502 | 1840 | 4397 | 50 | 81 |
| iv_501-iv_508 | 2084 | 4441 | 50 | 82 |
| iv_500-iv_511 | 1990 | 4421 | 50 | 80 |

### Input Bit Output Co-occurrences Sorted by Potential Output Occurrences

| Input Bits | Co-occurrences | Potential Occurrences | Output Co-occurrences | Potential Output Occurrences |
|:----------:|:--------------:|:---------------------:|:---------------------:|:----------------------------:|
| iv_497-iv_509 | 1935 | 4523 | 39 | 68 |
| iv_497-iv_504 | 1879 | 4542 | 37 | 70 |
| iv_497-iv_507 | 1974 | 4409 | 44 | 70 |
| iv_500-iv_501 | 2015 | 4298 | 49 | 72 |
| iv_500-iv_508 | 2021 | 4371 | 58 | 72 |
| iv_503-iv_506 | 2030 | 4367 | 42 | 73 |
| iv_498-iv_509 | 1927 | 4505 | 44 | 74 |
| iv_501-iv_509 | 2053 | 4481 | 43 | 74 |
| iv_502-iv_508 | 1982 | 4394 | 59 | 75 |
| iv_502-iv_504 | 1920 | 4403 | 47 | 75 |
| iv_498-iv_506 | 1921 | 4277 | 39 | 76 |
| iv_500-iv_509 | 1926 | 4539 | 45 | 76 |

## Output Bits

### Output Bits in Regular Order

| Rank | Output Bit | Complexity |
|:----:|:----------:|:----------:|
| 1 | ov_001 | 6.267513962296359 × 10^305 |
| 2 | ov_002 | 5.453648597119583 × 10^305 |
| 3 | ov_003 | 4.723018112084132 × 10^305 |
| 4 | ov_004 | 4.069372707070457 × 10^305 |
| 5 | ov_005 | 3.486805853966135 × 10^305 |
| 6 | ov_006 | 2.9697301049125467 × 10^305 |
| 7 | ov_007 | 2.5128559809508965 × 10^305 |
| 8 | ov_008 | 2.1111736778902646 × 10^305 |
| 9 | ov_009 | 1.7599373433488131 × 10^305 |
| 10 | ov_010 | 1.4546516735235826 × 10^305 |
| 11 | ov_011 | 1.1910606071452477 × 10^305 |
| 12 | ov_012 | 9.651379096451049 × 10^304 |
| 13 | ov_013 | 7.730794239845697 × 10^304 |
| 14 | ov_014 | 6.112967636693493 × 10^304 |
| 15 | ov_015 | 4.7641223825210136 × 10^304 |
| 16 | ov_016 | 3.652548266395734 × 10^304 |
| 17 | ov_017 | 2.748570488038028 × 10^304 |
| 18 | ov_018 | 2.0245260094787334 × 10^304 |
| 19 | ov_019 | 1.4547461281958393 × 10^304 |
| 20 | ov_020 | 1.0155438985524765 × 10^304 |
| 21 | ov_021 | 6.852052307712009 × 10^303 |
| 22 | ov_022 | 4.439827579101557 × 10^303 |
| 23 | ov_023 | 2.7409174562320066 × 10^303 |
| 24 | ov_024 | 1.5970745900769912 × 10^303 |
| 25 | ov_025 | 8.696357243483994 × 10^302 |
| 26 | ov_026 | 4.395131506871392 × 10^302 |
| 27 | ov_027 | 2.0719078044044774 × 10^302 |
| 28 | ov_028 | 9.272260398381226 × 10^301 |
| 29 | ov_029 | 3.5732171586535124 × 10^301 |
| 30 | ov_030 | 1.0923619443870978 × 10^301 |
| 31 | ov_031 | 2.1301995998963303 × 10^300 |
| 32 | lv_80_m31 | 4.1523985378054174 × 10^299 |
| 33 | ov_033 | 5.0146775011792257 × 10^300 |
| 34 | ov_034 | 4.3590945528857465 × 10^300 |
| 35 | ov_035 | 3.771224176689876 × 10^300 |
| 36 | ov_036 | 3.245363871945513 × 10^300 |
| 37 | ov_037 | 2.7761236872773842 × 10^300 |
| 38 | ov_038 | 2.3608838334688557 × 10^300 |
| 39 | ov_039 | 1.9948160181307627 × 10^300 |
| 40 | ov_040 | 1.6733465410532392 × 10^300 |
| 41 | ov_041 | 1.3921420350560658 × 10^300 |
| 42 | ov_042 | 1.1470973335417568 × 10^300 |
| 43 | ov_043 | 9.362155125595803 × 10^299 |
| 44 | ov_044 | 7.5581881438451685 × 10^299 |
| 45 | ov_045 | 6.024318786390216 × 10^299 |
| 46 | ov_046 | 4.743668320073462 × 10^299 |
| 47 | ov_047 | 3.6853705628445025 × 10^299 |
| 48 | ov_048 | 2.8204438962035548 × 10^299 |
| 49 | ov_049 | 2.1217633423970116 × 10^299 |
| 50 | ov_050 | 1.564039527660314 × 10^299 |
| 51 | ov_051 | 1.1238032790238178 × 10^299 |
| 52 | ov_052 | 7.897734496302676 × 10^298 |
| 53 | ov_053 | 5.42092047748845 × 10^298 |
| 54 | ov_054 | 3.626981422508166 × 10^298 |
| 55 | ov_055 | 2.3532485814959986 × 10^298 |
| 56 | ov_056 | 1.4549756019423302 × 10^298 |
| 57 | ov_057 | 8.642682088988396 × 10^297 |
| 58 | ov_058 | 4.721975577074272 × 10^297 |
| 59 | ov_059 | 2.2877516609027002 × 10^297 |
| 60 | ov_060 | 9.29635048074371 × 10^296 |
| 61 | ov_061 | 3.2675661725913245 × 10^296 |
| 62 | ov_062 | 9.98979528456966 × 10^295 |
| 63 | ov_063 | 1.948539131248692 × 10^295 |
| 64 | lv_79_m31 | 3.799862176200011 × 10^294 |
| 65 | ov_065 | 4.569300879655665 × 10^295 |
| 66 | ov_066 | 4.569289144987371 × 10^295 |
| 67 | ov_067 | 4.5692863452555353 × 10^295 |
| 68 | ov_068 | 3.969696805207545 × 10^295 |
| 69 | ov_069 | 3.4315080200422893 × 10^295 |
| 70 | ov_070 | 2.9502463043514334 × 10^295 |
| 71 | ov_071 | 2.5216520438443804 × 10^295 |
| 72 | ov_072 | 2.1416658261333133 × 10^295 |
| 73 | ov_073 | 1.8064173058298944 × 10^295 |
| 74 | ov_074 | 1.512216409559859 × 10^295 |
| 75 | ov_075 | 1.2555465075138766 × 10^295 |
| 76 | ov_076 | 1.0330591983358438 × 10^295 |
| 77 | ov_077 | 8.415703736467498 × 10^294 |
| 78 | ov_078 | 6.780572474392785 × 10^294 |
| 79 | ov_079 | 5.396560540646684 × 10^294 |
| 80 | ov_080 | 4.236601658930423 × 10^294 |
| 81 | ov_081 | 3.275184850945123 × 10^294 |
| 82 | ov_082 | 2.4883406062599514 × 10^294 |
| 83 | ov_083 | 1.8536291304271265 × 10^294 |
| 84 | ov_084 | 1.3501304983064246 × 10^294 |
| 85 | ov_085 | 9.584365400772648 × 10^293 |
| 86 | ov_086 | 6.606442877479326 × 10^293 |
| 87 | ov_087 | 4.403508101786087 × 10^293 |
| 88 | ov_088 | 2.82649264760254 × 10^293 |
| 89 | ov_089 | 1.741259939634134 × 10^293 |
| 90 | ov_090 | 1.028584950087902 × 10^293 |
| 91 | ov_091 | 5.84140909293128 × 10^292 |
| 92 | ov_092 | 3.1849132740153923 × 10^292 |
| 93 | ov_093 | 1.570857092110733 × 10^292 |
| 94 | ov_094 | 6.636995259641785 × 10^291 |
| 95 | aaa_78_28 | 2.0231669076366393 × 10^291 |
| 96 | aaa_78_29 | 6.087921696871431 × 10^290 |
| 97 | ov_097 | 3.1333805986110195 × 10^290 |
| 98 | ov_098 | 3.133352110443647 × 10^290 |
| 99 | ov_099 | 3.133343002628547 × 10^290 |
| 100 | ov_100 | 2.5998515692390537 × 10^290 |
| 101 | ov_101 | 2.1399209586361164 × 10^290 |
| 102 | ov_102 | 1.7465084171139717 × 10^290 |
| 103 | ov_103 | 1.4129611385596196 × 10^290 |
| 104 | ov_104 | 1.1329879549389672 × 10^290 |
| 105 | ov_105 | 9.00634617273717 × 10^289 |
| 106 | ov_106 | 7.102623457381035 × 10^289 |
| 107 | ov_107 | 5.565293443458922 × 10^289 |
| 108 | ov_108 | 4.3437499190148994 × 10^289 |
| 109 | ov_109 | 3.390064365725663 × 10^289 |
| 110 | ov_110 | 2.658873367075199 × 10^289 |
| 111 | ov_111 | 2.107285054580509 × 10^289 |
| 112 | ov_112 | 1.69480231450324 × 10^289 |
| 113 | ov_113 | 1.383260622408379 × 10^289 |
| 114 | ov_114 | 1.136778516469804 × 10^289 |
| 115 | ov_115 | 9.217188629887871 × 10^288 |
| 116 | ov_116 | 7.358891031278596 × 10^288 |
| 117 | ov_117 | 5.77112697824041 × 10^288 |
| 118 | ov_118 | 4.4322430589312664 × 10^288 |
| 119 | ov_119 | 3.320661018251807 × 10^288 |
| 120 | ov_120 | 2.4148509227209678 × 10^288 |
| 121 | ov_121 | 1.6933129025221188 × 10^288 |
| 122 | ov_122 | 1.1345654294600797 × 10^288 |
| 123 | ov_123 | 7.171376341814587 × 10^287 |
| 124 | ov_124 | 4.1956415005380634 × 10^287 |
| 125 | ov_125 | 2.20381951496875 × 10^287 |
| 126 | ov_126 | 9.812878530323079 × 10^286 |
| 127 | aaa_77_28 | 3.1342601959956513 × 10^286 |
| 128 | aaa_77_29 | 1.1754625953658433 × 10^286 |
| 129 | ov_129 | 1.0978828796137757 × 10^286 |
| 130 | ov_130 | 1.0978798010254258 × 10^286 |
| 131 | ov_131 | 1.0978790559393302 × 10^286 |
| 132 | ov_132 | 9.540188237268049 × 10^285 |
| 133 | ov_133 | 8.249604262963119 × 10^285 |
| 134 | ov_134 | 7.095935955631449 × 10^285 |
| 135 | ov_135 | 6.068682238747271 × 10^285 |
| 136 | ov_136 | 5.157900728611678 × 10^285 |
| 137 | ov_137 | 4.354170582405918 × 10^285 |
| 138 | ov_138 | 3.648560569503217 × 10^285 |
| 139 | ov_139 | 3.032601857459871 × 10^285 |
| 140 | ov_140 | 2.4982650309503138 × 10^285 |
| 141 | ov_141 | 2.0379408880702972 × 10^285 |
| 142 | ov_142 | 1.6444245840598996 × 10^285 |
| 143 | ov_143 | 1.3109027177206108 × 10^285 |
| 144 | ov_144 | 1.0309429807240334 × 10^285 |
| 145 | ov_145 | 7.984860147203495 × 10^284 |
| 146 | ov_146 | 6.07839145721369 × 10^284 |
| 147 | ov_147 | 4.5367168970687625 × 10^284 |
| 148 | ov_148 | 3.310115478193092 × 10^284 |
| 149 | ov_149 | 2.3524283389294627 × 10^284 |
| 150 | ov_150 | 1.6210430142300685 × 10^284 |
| 151 | ov_151 | 1.0768836142535166 × 10^284 |
| 152 | ov_152 | 6.844050697368363 × 10^283 |
| 153 | ov_153 | 4.1158991483012544 × 10^283 |
| 154 | ov_154 | 2.2994651469741826 × 10^283 |
| 155 | ov_155 | 1.1450807132283954 × 10^283 |
| 156 | aaa_76_25 | 4.383208225115629 × 10^282 |
| 157 | aaa_76_26 | 2.5066469305525634 × 10^282 |
| 158 | aaa_76_27 | 1.2617254723980647 × 10^282 |
| 159 | aaa_76_28 | 4.722551850004901 × 10^281 |
| 160 | aaa_76_29 | 1.3460880151101592 × 10^281 |

### Output Bits Sorted by Complexity

| Rank | Output Bit | Complexity |
|:----:|:----------:|:----------:|
| 160 | aaa_76_29 | 1.3460880151101592 × 10^281 |
| 159 | aaa_76_28 | 4.722551850004901 × 10^281 |
| 158 | aaa_76_27 | 1.2617254723980647 × 10^282 |
| 157 | aaa_76_26 | 2.5066469305525634 × 10^282 |
| 156 | aaa_76_25 | 4.383208225115629 × 10^282 |
| 155 | ov_155 | 1.1450807132283954 × 10^283 |
| 154 | ov_154 | 2.2994651469741826 × 10^283 |
| 153 | ov_153 | 4.1158991483012544 × 10^283 |
| 152 | ov_152 | 6.844050697368363 × 10^283 |
| 151 | ov_151 | 1.0768836142535166 × 10^284 |
| 150 | ov_150 | 1.6210430142300685 × 10^284 |
| 149 | ov_149 | 2.3524283389294627 × 10^284 |
| 148 | ov_148 | 3.310115478193092 × 10^284 |
| 147 | ov_147 | 4.5367168970687625 × 10^284 |
| 146 | ov_146 | 6.07839145721369 × 10^284 |
| 145 | ov_145 | 7.984860147203495 × 10^284 |
| 144 | ov_144 | 1.0309429807240334 × 10^285 |
| 143 | ov_143 | 1.3109027177206108 × 10^285 |
| 142 | ov_142 | 1.6444245840598996 × 10^285 |
| 141 | ov_141 | 2.0379408880702972 × 10^285 |
| 140 | ov_140 | 2.4982650309503138 × 10^285 |
| 139 | ov_139 | 3.032601857459871 × 10^285 |
| 138 | ov_138 | 3.648560569503217 × 10^285 |
| 137 | ov_137 | 4.354170582405918 × 10^285 |
| 136 | ov_136 | 5.157900728611678 × 10^285 |
| 135 | ov_135 | 6.068682238747271 × 10^285 |
| 134 | ov_134 | 7.095935955631449 × 10^285 |
| 133 | ov_133 | 8.249604262963119 × 10^285 |
| 132 | ov_132 | 9.540188237268049 × 10^285 |
| 131 | ov_131 | 1.0978790559393302 × 10^286 |
| 130 | ov_130 | 1.0978798010254258 × 10^286 |
| 129 | ov_129 | 1.0978828796137757 × 10^286 |
| 128 | aaa_77_29 | 1.1754625953658433 × 10^286 |
| 127 | aaa_77_28 | 3.1342601959956513 × 10^286 |
| 126 | ov_126 | 9.812878530323079 × 10^286 |
| 125 | ov_125 | 2.20381951496875 × 10^287 |
| 124 | ov_124 | 4.1956415005380634 × 10^287 |
| 123 | ov_123 | 7.171376341814587 × 10^287 |
| 122 | ov_122 | 1.1345654294600797 × 10^288 |
| 121 | ov_121 | 1.6933129025221188 × 10^288 |
| 120 | ov_120 | 2.4148509227209678 × 10^288 |
| 119 | ov_119 | 3.320661018251807 × 10^288 |
| 118 | ov_118 | 4.4322430589312664 × 10^288 |
| 117 | ov_117 | 5.77112697824041 × 10^288 |
| 116 | ov_116 | 7.358891031278596 × 10^288 |
| 115 | ov_115 | 9.217188629887871 × 10^288 |
| 114 | ov_114 | 1.136778516469804 × 10^289 |
| 113 | ov_113 | 1.383260622408379 × 10^289 |
| 112 | ov_112 | 1.69480231450324 × 10^289 |
| 111 | ov_111 | 2.107285054580509 × 10^289 |
| 110 | ov_110 | 2.658873367075199 × 10^289 |
| 109 | ov_109 | 3.390064365725663 × 10^289 |
| 108 | ov_108 | 4.3437499190148994 × 10^289 |
| 107 | ov_107 | 5.565293443458922 × 10^289 |
| 106 | ov_106 | 7.102623457381035 × 10^289 |
| 105 | ov_105 | 9.00634617273717 × 10^289 |
| 104 | ov_104 | 1.1329879549389672 × 10^290 |
| 103 | ov_103 | 1.4129611385596196 × 10^290 |
| 102 | ov_102 | 1.7465084171139717 × 10^290 |
| 101 | ov_101 | 2.1399209586361164 × 10^290 |
| 100 | ov_100 | 2.5998515692390537 × 10^290 |
| 99 | ov_099 | 3.133343002628547 × 10^290 |
| 98 | ov_098 | 3.133352110443647 × 10^290 |
| 97 | ov_097 | 3.1333805986110195 × 10^290 |
| 96 | aaa_78_29 | 6.087921696871431 × 10^290 |
| 95 | aaa_78_28 | 2.0231669076366393 × 10^291 |
| 94 | ov_094 | 6.636995259641785 × 10^291 |
| 93 | ov_093 | 1.570857092110733 × 10^292 |
| 92 | ov_092 | 3.1849132740153923 × 10^292 |
| 91 | ov_091 | 5.84140909293128 × 10^292 |
| 90 | ov_090 | 1.028584950087902 × 10^293 |
| 89 | ov_089 | 1.741259939634134 × 10^293 |
| 88 | ov_088 | 2.82649264760254 × 10^293 |
| 87 | ov_087 | 4.403508101786087 × 10^293 |
| 86 | ov_086 | 6.606442877479326 × 10^293 |
| 85 | ov_085 | 9.584365400772648 × 10^293 |
| 84 | ov_084 | 1.3501304983064246 × 10^294 |
| 83 | ov_083 | 1.8536291304271265 × 10^294 |
| 82 | ov_082 | 2.4883406062599514 × 10^294 |
| 81 | ov_081 | 3.275184850945123 × 10^294 |
| 64 | lv_79_m31 | 3.799862176200011 × 10^294 |
| 80 | ov_080 | 4.236601658930423 × 10^294 |
| 79 | ov_079 | 5.396560540646684 × 10^294 |
| 78 | ov_078 | 6.780572474392785 × 10^294 |
| 77 | ov_077 | 8.415703736467498 × 10^294 |
| 76 | ov_076 | 1.0330591983358438 × 10^295 |
| 75 | ov_075 | 1.2555465075138766 × 10^295 |
| 74 | ov_074 | 1.512216409559859 × 10^295 |
| 73 | ov_073 | 1.8064173058298944 × 10^295 |
| 63 | ov_063 | 1.948539131248692 × 10^295 |
| 72 | ov_072 | 2.1416658261333133 × 10^295 |
| 71 | ov_071 | 2.5216520438443804 × 10^295 |
| 70 | ov_070 | 2.9502463043514334 × 10^295 |
| 69 | ov_069 | 3.4315080200422893 × 10^295 |
| 68 | ov_068 | 3.969696805207545 × 10^295 |
| 67 | ov_067 | 4.5692863452555353 × 10^295 |
| 66 | ov_066 | 4.569289144987371 × 10^295 |
| 65 | ov_065 | 4.569300879655665 × 10^295 |
| 62 | ov_062 | 9.98979528456966 × 10^295 |
| 61 | ov_061 | 3.2675661725913245 × 10^296 |
| 60 | ov_060 | 9.29635048074371 × 10^296 |
| 59 | ov_059 | 2.2877516609027002 × 10^297 |
| 58 | ov_058 | 4.721975577074272 × 10^297 |
| 57 | ov_057 | 8.642682088988396 × 10^297 |
| 56 | ov_056 | 1.4549756019423302 × 10^298 |
| 55 | ov_055 | 2.3532485814959986 × 10^298 |
| 54 | ov_054 | 3.626981422508166 × 10^298 |
| 53 | ov_053 | 5.42092047748845 × 10^298 |
| 52 | ov_052 | 7.897734496302676 × 10^298 |
| 51 | ov_051 | 1.1238032790238178 × 10^299 |
| 50 | ov_050 | 1.564039527660314 × 10^299 |
| 49 | ov_049 | 2.1217633423970116 × 10^299 |
| 48 | ov_048 | 2.8204438962035548 × 10^299 |
| 47 | ov_047 | 3.6853705628445025 × 10^299 |
| 32 | lv_80_m31 | 4.1523985378054174 × 10^299 |
| 46 | ov_046 | 4.743668320073462 × 10^299 |
| 45 | ov_045 | 6.024318786390216 × 10^299 |
| 44 | ov_044 | 7.5581881438451685 × 10^299 |
| 43 | ov_043 | 9.362155125595803 × 10^299 |
| 42 | ov_042 | 1.1470973335417568 × 10^300 |
| 41 | ov_041 | 1.3921420350560658 × 10^300 |
| 40 | ov_040 | 1.6733465410532392 × 10^300 |
| 39 | ov_039 | 1.9948160181307627 × 10^300 |
| 31 | ov_031 | 2.1301995998963303 × 10^300 |
| 38 | ov_038 | 2.3608838334688557 × 10^300 |
| 37 | ov_037 | 2.7761236872773842 × 10^300 |
| 36 | ov_036 | 3.245363871945513 × 10^300 |
| 35 | ov_035 | 3.771224176689876 × 10^300 |
| 34 | ov_034 | 4.3590945528857465 × 10^300 |
| 33 | ov_033 | 5.0146775011792257 × 10^300 |
| 30 | ov_030 | 1.0923619443870978 × 10^301 |
| 29 | ov_029 | 3.5732171586535124 × 10^301 |
| 28 | ov_028 | 9.272260398381226 × 10^301 |
| 27 | ov_027 | 2.0719078044044774 × 10^302 |
| 26 | ov_026 | 4.395131506871392 × 10^302 |
| 25 | ov_025 | 8.696357243483994 × 10^302 |
| 24 | ov_024 | 1.5970745900769912 × 10^303 |
| 23 | ov_023 | 2.7409174562320066 × 10^303 |
| 22 | ov_022 | 4.439827579101557 × 10^303 |
| 21 | ov_021 | 6.852052307712009 × 10^303 |
| 20 | ov_020 | 1.0155438985524765 × 10^304 |
| 19 | ov_019 | 1.4547461281958393 × 10^304 |
| 18 | ov_018 | 2.0245260094787334 × 10^304 |
| 17 | ov_017 | 2.748570488038028 × 10^304 |
| 16 | ov_016 | 3.652548266395734 × 10^304 |
| 15 | ov_015 | 4.7641223825210136 × 10^304 |
| 14 | ov_014 | 6.112967636693493 × 10^304 |
| 13 | ov_013 | 7.730794239845697 × 10^304 |
| 12 | ov_012 | 9.651379096451049 × 10^304 |
| 11 | ov_011 | 1.1910606071452477 × 10^305 |
| 10 | ov_010 | 1.4546516735235826 × 10^305 |
| 9 | ov_009 | 1.7599373433488131 × 10^305 |
| 8 | ov_008 | 2.1111736778902646 × 10^305 |
| 7 | ov_007 | 2.5128559809508965 × 10^305 |
| 6 | ov_006 | 2.9697301049125467 × 10^305 |
| 5 | ov_005 | 3.486805853966135 × 10^305 |
| 4 | ov_004 | 4.069372707070457 × 10^305 |
| 3 | ov_003 | 4.723018112084132 × 10^305 |
| 2 | ov_002 | 5.453648597119583 × 10^305 |
| 1 | ov_001 | 6.267513962296359 × 10^305 |

