# Results for F001-F002-F003-F004-F005-F006-F007-F008-F009-F010-F011-F012-F013-F014-F015-F016-F017-F018-F019-F020-F021-F022-F023-F024-F025-F026-F027-F028-F029-F030-F031-F032-F033-F034-F035-F036-F037-F038-F039-F040-F041-F042-F043-F044-F045-F046-F047-F048-F049-F050-F051-F052-F053-F054-F055-F056-F057-F058-F059-F060-F061-F062-F063-F064-F065-F066-F067-F068-F069-F070-F071-F072-F073-F074-F075-F076-F077-F078-F079-F080-F081-F082-F083-F084-F085-F086-F087-F088-F089-F090-F091-F092-F093-F094-F095-F096-F097-F098-F099-F100-F101-F102-F103-F104-F105-F106-F107-F108-F109-F110-F111-F112-F113-F114-F115-F116-F117-F118-F119-F120-F121-F122-F123-F124-F125-F126-F127-F128-F129-F130-F131-F132-F133-F134-F135-F136-F137-F138-F139-F140-F141-F142-F143-F144-F145-F146-F147-F148-F149-F150-F151-F152-F153-F154-F155-F156-F157-F158-F159-F160-F161-F162-F163-F164-F165-F166-F167-F168-F169-F170-F171-F172-F173-F174-F175-F176-F177-F178-F179-F180-F181-F182-F183-F184-F185-F186-F187-F188-F189-F190-F191-F192-F193-F194-F195-F196-F197-F198-F199-F200-F201-F202-F203-F204-F205-F206-F207-F208-F209-F210-F211-F212-F213-F214-F215-F216-F217-F218-F219-F220-F221-F222-F223-F224-F225-F226-F227-F228-F229-F230-F231-F232-F233-F234-F235-F236-F237-F238-F239-F240-F241-F242-F243-F244-F245-F246-F247-F248-F249-F250-F251-F252-F253-F254-F255-F256-F257-F258-F259-F260-F261-F262-F263-F264-F265-F266-F267-F268-F269-F270-F271-F272-F273-F274-F275-F276-F277-F278-F279-F280-F281-F282-F283-F284-F285-F286-F287-F288-F289-F290-F291-F292-F293-F294-F295-F296-F297-F298-F299-F300-F301-F302-F303-F304-F305-F306-F307-F308-F309-F310-F311-F312-F313-F314-F315-F316-F317-F318-F319-F320-F321-F322-F323-F324-F325-F326-F327-F328-F329-F330-F331-F332-F333-F334-F335-F336-F337-F338-F339-F340-F341-F342-F343-F344-F345-F346-F347-F348-F349-F350-F351-F352-F353-F354-F355-F356-F357-F358-F359-F360-F361-F362-F363-F364-F365-F366-F367-F368-F369-F370-F371-F372-F373-F374-F375-F376-F377-F378-F379-F380-F381-F382-F383-F384-F385-F386-F387-F388-F389-F390-F391-F392-F393-F394-F395-F396-F397-F398-F399-F400-F401-F402-F403-F404-F405-F406-F407-F408-F409-F410-F411-F412-F413-F414-F415-F416-F417-F418-F419-F420-F421-F422-F423-F424-F425-F426-F427-F428-F429-F430-F431-F432-F433-F434-F435-F436-F437-F438-F439-F440-F441-F442-F443-F444-F445-F446-F447-F448-F449-F450-F451-F452-F453-F454-F455-F456-F457-F458-F459-F460-F461-F462-F463-F464-F465-F466-F467-F468-F469-F470-F471-F472-F473-F474-F475-F476-F477-F478-F479-F480-F481-F482-F483-F484-F485-F486-F487-F488-F489-F490-F491-F492-F493-F494-F495-F496-O497502-F510-F511-F512

## Summary

Number of input bits: 512  
Number of free input bits: 12  
Number of output bits: 160

Number of direct occurrences: 48751  
Number of assignments: 31425  
Number of operations: 11026779
(xor: 10998546,
and: 14822,
or: 13411)

Total complexity: 8.533103931478505 × 10^299

Least occurring input variable: iv_504 (3917)  
Most occurring input variable: iv_509 (4249)

Most co-occurring input variables: iv_508-iv_509 (2062)  
Least co-occurring input variables: iv_499-iv_506 (1804)

Potentially most occurring input variable: iv_497/iv_509 (4514)  
Potentially least occurring input variable: iv_504/iv_505 (4002)

Least output occurring input variable: iv_505 (70)  
Most output occurring input variable: iv_509 (93)

Most output co-occurring input variables: iv_498-iv_509 (54)  
Least output co-occurring input variables: iv_505-iv_507 (29)

Potentially most output occurring input variable: iv_503/iv_509 (90)  
Potentially least output occurring input variable: iv_499/iv_505 (57)

Least complex input bit: iv_498 (4.860405747166606 × 10^297)  
Most complex input bit: iv_505 (1.4506505137965421 × 10^299)

Least complex output bit: aaa_76_29 (6.4427719893235824 × 10^274)  
Most complex output bit: ov_001 (1.3533618715395332 × 10^299)

Least complex input/output complexity: iv_498/aaa_76_29 (3.669764983064795 × 10^272)  
Most complex input/output complexity: iv_505/ov_001 (2.3007514148035273 × 10^298)

## Input Bits

### Input Bits in Regular Order

| Input Bit | Complexity | Occurrences | Output Occurrences |
|:---------:|:----------:|:-----------:|:------------------:|
| iv_497 | 4.0678799674701864 × 10^298 | 4217 | 71 |
| iv_498 | 4.860405747166606 × 10^297 | 3969 | 86 |
| iv_499 | 8.547960665522244 × 10^297 | 3922 | 77 |
| iv_500 | 1.43655125855706 × 10^298 | 4109 | 76 |
| iv_501 | 2.3663596468289084 × 10^298 | 4020 | 81 |
| iv_503 | 6.075968497469786 × 10^298 | 4041 | 75 |
| iv_504 | 9.471609634263046 × 10^298 | 3917 | 78 |
| iv_505 | 1.4506505137965421 × 10^299 | 4059 | 70 |
| iv_506 | 7.338503888286638 × 10^298 | 3948 | 82 |
| iv_507 | 1.053634334543997 × 10^299 | 4167 | 76 |
| iv_508 | 1.399212853071313 × 10^299 | 4133 | 74 |
| iv_509 | 1.4198352766522124 × 10^299 | 4249 | 93 |

### Input Bits Sorted by Complexity

| Input Bit | Complexity | Occurrences | Output Occurrences |
|:---------:|:----------:|:-----------:|:------------------:|
| iv_498 | 4.860405747166606 × 10^297 | 3969 | 86 |
| iv_499 | 8.547960665522244 × 10^297 | 3922 | 77 |
| iv_500 | 1.43655125855706 × 10^298 | 4109 | 76 |
| iv_501 | 2.3663596468289084 × 10^298 | 4020 | 81 |
| iv_497 | 4.0678799674701864 × 10^298 | 4217 | 71 |
| iv_503 | 6.075968497469786 × 10^298 | 4041 | 75 |
| iv_506 | 7.338503888286638 × 10^298 | 3948 | 82 |
| iv_504 | 9.471609634263046 × 10^298 | 3917 | 78 |
| iv_507 | 1.053634334543997 × 10^299 | 4167 | 76 |
| iv_508 | 1.399212853071313 × 10^299 | 4133 | 74 |
| iv_509 | 1.4198352766522124 × 10^299 | 4249 | 93 |
| iv_505 | 1.4506505137965421 × 10^299 | 4059 | 70 |

### Input Bits Sorted by Occurrences

| Input Bit | Complexity | Occurrences | Output Occurrences |
|:---------:|:----------:|:-----------:|:------------------:|
| iv_504 | 9.471609634263046 × 10^298 | 3917 | 78 |
| iv_499 | 8.547960665522244 × 10^297 | 3922 | 77 |
| iv_506 | 7.338503888286638 × 10^298 | 3948 | 82 |
| iv_498 | 4.860405747166606 × 10^297 | 3969 | 86 |
| iv_501 | 2.3663596468289084 × 10^298 | 4020 | 81 |
| iv_503 | 6.075968497469786 × 10^298 | 4041 | 75 |
| iv_505 | 1.4506505137965421 × 10^299 | 4059 | 70 |
| iv_500 | 1.43655125855706 × 10^298 | 4109 | 76 |
| iv_508 | 1.399212853071313 × 10^299 | 4133 | 74 |
| iv_507 | 1.053634334543997 × 10^299 | 4167 | 76 |
| iv_497 | 4.0678799674701864 × 10^298 | 4217 | 71 |
| iv_509 | 1.4198352766522124 × 10^299 | 4249 | 93 |

### Input Bits Sorted by Output Occurrences

| Input Bit | Complexity | Occurrences | Output Occurrences |
|:---------:|:----------:|:-----------:|:------------------:|
| iv_505 | 1.4506505137965421 × 10^299 | 4059 | 70 |
| iv_497 | 4.0678799674701864 × 10^298 | 4217 | 71 |
| iv_508 | 1.399212853071313 × 10^299 | 4133 | 74 |
| iv_503 | 6.075968497469786 × 10^298 | 4041 | 75 |
| iv_500 | 1.43655125855706 × 10^298 | 4109 | 76 |
| iv_507 | 1.053634334543997 × 10^299 | 4167 | 76 |
| iv_499 | 8.547960665522244 × 10^297 | 3922 | 77 |
| iv_504 | 9.471609634263046 × 10^298 | 3917 | 78 |
| iv_501 | 2.3663596468289084 × 10^298 | 4020 | 81 |
| iv_506 | 7.338503888286638 × 10^298 | 3948 | 82 |
| iv_498 | 4.860405747166606 × 10^297 | 3969 | 86 |
| iv_509 | 1.4198352766522124 × 10^299 | 4249 | 93 |

## Input Bit Co-occurrences

### Input Bit Co-occurrences Sorted by Co-occurrences

| Input Bits | Co-occurrences | Potential Occurrences | Output Co-occurrences | Potential Output Occurrences |
|:----------:|:--------------:|:---------------------:|:---------------------:|:----------------------------:|
| iv_508-iv_509 | 2062 | 4258 | 45 | 77 |
| iv_507-iv_509 | 2056 | 4304 | 49 | 71 |
| iv_497-iv_507 | 2023 | 4338 | 34 | 79 |
| iv_505-iv_507 | 2022 | 4182 | 29 | 88 |
| iv_501-iv_509 | 2005 | 4259 | 50 | 74 |
| iv_497-iv_505 | 1997 | 4282 | 33 | 75 |
| iv_503-iv_509 | 1993 | 4304 | 39 | 90 |
| iv_497-iv_501 | 1990 | 4257 | 41 | 70 |
| iv_504-iv_505 | 1987 | 4002 | 38 | 72 |
| iv_497-iv_500 | 1986 | 4354 | 36 | 75 |
| iv_505-iv_509 | 1984 | 4340 | 38 | 87 |
| iv_501-iv_505 | 1984 | 4111 | 37 | 77 |

### Input Bit Co-occurrences Sorted by Potential Occurrences

| Input Bits | Co-occurrences | Potential Occurrences | Output Co-occurrences | Potential Output Occurrences |
|:----------:|:--------------:|:---------------------:|:---------------------:|:----------------------------:|
| iv_504-iv_505 | 1987 | 4002 | 38 | 72 |
| iv_501-iv_505 | 1984 | 4111 | 37 | 77 |
| iv_504-iv_506 | 1863 | 4139 | 39 | 82 |
| iv_499-iv_504 | 1844 | 4151 | 35 | 85 |
| iv_506-iv_507 | 1981 | 4153 | 38 | 82 |
| iv_499-iv_505 | 1904 | 4173 | 45 | 57 |
| iv_498-iv_506 | 1869 | 4179 | 42 | 84 |
| iv_505-iv_507 | 2022 | 4182 | 29 | 88 |
| iv_499-iv_501 | 1874 | 4194 | 39 | 80 |
| iv_500-iv_504 | 1907 | 4212 | 39 | 76 |
| iv_503-iv_506 | 1885 | 4219 | 38 | 81 |
| iv_498-iv_504 | 1833 | 4220 | 42 | 80 |

### Input Bit Output Co-occurrences Sorted by Output Co-occurrences

| Input Bits | Co-occurrences | Potential Occurrences | Output Co-occurrences | Potential Output Occurrences |
|:----------:|:--------------:|:---------------------:|:---------------------:|:----------------------------:|
| iv_498-iv_509 | 1913 | 4392 | 54 | 71 |
| iv_501-iv_509 | 2005 | 4259 | 50 | 74 |
| iv_497-iv_509 | 1976 | 4514 | 49 | 66 |
| iv_507-iv_509 | 2056 | 4304 | 49 | 71 |
| iv_500-iv_509 | 1946 | 4466 | 47 | 75 |
| iv_499-iv_506 | 1804 | 4262 | 47 | 65 |
| iv_506-iv_509 | 1969 | 4259 | 47 | 81 |
| iv_498-iv_501 | 1861 | 4267 | 46 | 75 |
| iv_498-iv_508 | 1894 | 4314 | 46 | 68 |
| iv_498-iv_507 | 1915 | 4306 | 46 | 70 |
| iv_508-iv_509 | 2062 | 4258 | 45 | 77 |
| iv_499-iv_505 | 1904 | 4173 | 45 | 57 |

### Input Bit Output Co-occurrences Sorted by Potential Output Occurrences

| Input Bits | Co-occurrences | Potential Occurrences | Output Co-occurrences | Potential Output Occurrences |
|:----------:|:--------------:|:---------------------:|:---------------------:|:----------------------------:|
| iv_499-iv_505 | 1904 | 4173 | 45 | 57 |
| iv_499-iv_506 | 1804 | 4262 | 47 | 65 |
| iv_497-iv_509 | 1976 | 4514 | 49 | 66 |
| iv_501-iv_508 | 1924 | 4305 | 44 | 67 |
| iv_503-iv_505 | 1921 | 4258 | 39 | 67 |
| iv_505-iv_508 | 1963 | 4266 | 38 | 68 |
| iv_498-iv_508 | 1894 | 4314 | 46 | 68 |
| iv_497-iv_501 | 1990 | 4257 | 41 | 70 |
| iv_498-iv_507 | 1915 | 4306 | 46 | 70 |
| iv_501-iv_504 | 1834 | 4269 | 44 | 71 |
| iv_507-iv_509 | 2056 | 4304 | 49 | 71 |
| iv_498-iv_509 | 1913 | 4392 | 54 | 71 |

## Output Bits

### Output Bits in Regular Order

| Rank | Output Bit | Complexity |
|:----:|:----------:|:----------:|
| 1 | ov_001 | 1.3533618715395332 × 10^299 |
| 2 | ov_002 | 1.1752450500420053 × 10^299 |
| 3 | ov_003 | 1.0155382052505416 × 10^299 |
| 4 | ov_004 | 8.728534592471727 × 10^298 |
| 5 | ov_005 | 7.458785893014272 × 10^298 |
| 6 | ov_006 | 6.333716684628564 × 10^298 |
| 7 | ov_007 | 5.341564021581375 × 10^298 |
| 8 | ov_008 | 4.47118104622151 × 10^298 |
| 9 | ov_009 | 3.71200262610219 × 10^298 |
| 10 | ov_010 | 3.054016292546923 × 10^298 |
| 11 | ov_011 | 2.487737902799687 × 10^298 |
| 12 | ov_012 | 2.0041914809633663 × 10^298 |
| 13 | ov_013 | 1.5948927253469035 × 10^298 |
| 14 | ov_014 | 1.2518357017596552 × 10^298 |
| 15 | ov_015 | 9.674822738340226 × 10^297 |
| 16 | ov_016 | 7.34753852724213 × 10^297 |
| 17 | ov_017 | 5.470250795988639 × 10^297 |
| 18 | ov_018 | 3.981190852780726 × 10^297 |
| 19 | ov_019 | 2.823040022050049 × 10^297 |
| 20 | ov_020 | 1.942904347196519 × 10^297 |
| 21 | ov_021 | 1.2922963695674503 × 10^297 |
| 22 | ov_022 | 8.271221433616191 × 10^296 |
| 23 | ov_023 | 5.076722549210286 × 10^296 |
| 24 | ov_024 | 2.986159136905933 × 10^296 |
| 25 | ov_025 | 1.6899733555757521 × 10^296 |
| 26 | ov_026 | 9.223376112142245 × 10^295 |
| 27 | ov_027 | 4.611452297558423 × 10^295 |
| 28 | ov_028 | 2.0627241903921384 × 10^295 |
| 29 | ov_029 | 7.945353818890303 × 10^294 |
| 30 | ov_030 | 2.4280851483091468 × 10^294 |
| 31 | ov_031 | 4.733970849019381 × 10^293 |
| 32 | lv_80_m31 | 9.22788389386777 × 10^292 |
| 33 | ov_033 | 1.1063934268866575 × 10^294 |
| 34 | ov_034 | 9.59342636058665 × 10^293 |
| 35 | ov_035 | 8.277382821945063 × 10^293 |
| 36 | ov_036 | 7.103683901711387 × 10^293 |
| 37 | ov_037 | 6.06086661044428 × 10^293 |
| 38 | ov_038 | 5.138078221002768 × 10^293 |
| 39 | ov_039 | 4.325036004125852 × 10^293 |
| 40 | ov_040 | 3.611992612483366 × 10^293 |
| 41 | ov_041 | 2.9897065572965977 × 10^293 |
| 42 | ov_042 | 2.449417251608274 × 10^293 |
| 43 | ov_043 | 1.9868617772476622 × 10^293 |
| 44 | ov_044 | 1.5941822932690901 × 10^293 |
| 45 | ov_045 | 1.263949568109976 × 10^293 |
| 46 | ov_046 | 9.89151609496616 × 10^292 |
| 47 | ov_047 | 7.631846617782445 × 10^292 |
| 48 | ov_048 | 5.798462140517574 × 10^292 |
| 49 | ov_049 | 4.333296894983113 × 10^292 |
| 50 | ov_050 | 3.1822051322314104 × 10^292 |
| 51 | ov_051 | 2.2949328261440694 × 10^292 |
| 52 | ov_052 | 1.6250979085148892 × 10^292 |
| 53 | ov_053 | 1.1301768072827262 × 10^292 |
| 54 | ov_054 | 7.714954140492816 × 10^291 |
| 55 | ov_055 | 5.142231239868017 × 10^291 |
| 56 | ov_056 | 3.273690584855556 × 10^291 |
| 57 | ov_057 | 1.9639735162838034 × 10^291 |
| 58 | ov_058 | 1.0869047095262246 × 10^291 |
| 59 | ov_059 | 5.3548796824705135 × 10^290 |
| 60 | ov_060 | 2.219043261165525 × 10^290 |
| 61 | ov_061 | 7.75113660017012 × 10^289 |
| 62 | ov_062 | 2.126236814620257 × 10^289 |
| 63 | ov_063 | 4.144020983834077 × 10^288 |
| 64 | lv_79_m31 | 8.074816758111113 × 10^287 |
| 65 | ov_065 | 9.611376424941528 × 10^288 |
| 66 | ov_066 | 9.611353108800926 × 10^288 |
| 67 | ov_067 | 9.611347631274299 × 10^288 |
| 68 | ov_068 | 8.320373684319659 × 10^288 |
| 69 | ov_069 | 7.165003920091543 × 10^288 |
| 70 | ov_070 | 6.135099548464313 × 10^288 |
| 71 | ov_071 | 5.2210049296955204 × 10^288 |
| 72 | ov_072 | 4.413523253525219 × 10^288 |
| 73 | ov_073 | 3.703897345469341 × 10^288 |
| 74 | ov_074 | 3.0837940426514187 × 10^288 |
| 75 | ov_075 | 2.545290823972946 × 10^288 |
| 76 | ov_076 | 2.0808639299535036 × 10^288 |
| 77 | ov_077 | 1.683377728173572 × 10^288 |
| 78 | ov_078 | 1.346075251525017 × 10^288 |
| 79 | ov_079 | 1.0625698377786457 × 10^288 |
| 80 | ov_080 | 8.268377999784398 × 10^287 |
| 81 | ov_081 | 6.3321205792173304 × 10^287 |
| 82 | ov_082 | 4.763766615326593 × 10^287 |
| 83 | ov_083 | 3.513621373270949 × 10^287 |
| 84 | ov_084 | 2.5354158944032674 × 10^287 |
| 85 | ov_085 | 1.786274868765866 × 10^287 |
| 86 | ov_086 | 1.2266906876688673 × 10^287 |
| 87 | ov_087 | 8.205029950530766 × 10^286 |
| 88 | ov_088 | 5.348830568623578 × 10^286 |
| 89 | ov_089 | 3.40322267955657 × 10^286 |
| 90 | ov_090 | 2.106241162509274 × 10^286 |
| 91 | ov_091 | 1.2289892387093338 × 10^286 |
| 92 | ov_092 | 6.652805537766779 × 10^285 |
| 93 | ov_093 | 3.2544146189231904 × 10^285 |
| 94 | ov_094 | 1.3630544032329253 × 10^285 |
| 95 | aaa_78_28 | 4.121080809290041 × 10^284 |
| 96 | aaa_78_29 | 1.224527220540335 × 10^284 |
| 97 | ov_097 | 6.889845716576773 × 10^283 |
| 98 | ov_098 | 6.889733249270386 × 10^283 |
| 99 | ov_099 | 6.889697324403859 × 10^283 |
| 100 | ov_100 | 5.625043267315711 × 10^283 |
| 101 | ov_101 | 4.579703797552972 × 10^283 |
| 102 | ov_102 | 3.7259560524277035 × 10^283 |
| 103 | ov_103 | 3.0375999816985924 × 10^283 |
| 104 | ov_104 | 2.4898473186991065 × 10^283 |
| 105 | ov_105 | 2.0592249686351396 × 10^283 |
| 106 | ov_106 | 1.7234915021398188 × 10^283 |
| 107 | ov_107 | 1.461565509841779 × 10^283 |
| 108 | ov_108 | 1.2534646389471856 × 10^283 |
| 109 | ov_109 | 1.0802541961351657 × 10^283 |
| 110 | ov_110 | 9.240042628337676 × 10^282 |
| 111 | ov_111 | 7.837742102704846 × 10^282 |
| 112 | ov_112 | 6.586464791332156 × 10^282 |
| 113 | ov_113 | 5.477216846891196 × 10^282 |
| 114 | ov_114 | 4.5011447952156135 × 10^282 |
| 115 | ov_115 | 3.649501157396831 × 10^282 |
| 116 | ov_116 | 2.9136164862428374 × 10^282 |
| 117 | ov_117 | 2.2848772373762784 × 10^282 |
| 118 | ov_118 | 1.754708895640074 × 10^282 |
| 119 | ov_119 | 1.3145637777338133 × 10^282 |
| 120 | ov_120 | 9.55912528537667 × 10^281 |
| 121 | ov_121 | 6.702379973898153 × 10^281 |
| 122 | ov_122 | 4.490307289511464 × 10^281 |
| 123 | ov_123 | 2.8378577928718266 × 10^281 |
| 124 | ov_124 | 1.6600056780542888 × 10^281 |
| 125 | ov_125 | 8.717354627523722 × 10^280 |
| 126 | ov_126 | 3.8803519765574524 × 10^280 |
| 127 | aaa_77_28 | 1.2389385925834016 × 10^280 |
| 128 | aaa_77_29 | 4.6435172258485426 × 10^279 |
| 129 | ov_129 | 4.291035015021223 × 10^279 |
| 130 | ov_130 | 4.291022467742797 × 10^279 |
| 131 | ov_131 | 4.291019434368963 × 10^279 |
| 132 | ov_132 | 3.7210804693149605 × 10^279 |
| 133 | ov_133 | 3.208695899537552 × 10^279 |
| 134 | ov_134 | 2.7515493321182845 × 10^279 |
| 135 | ov_135 | 2.3453735988926906 × 10^279 |
| 136 | ov_136 | 1.9861249335865754 × 10^279 |
| 137 | ov_137 | 1.6699681254294768 × 10^279 |
| 138 | ov_138 | 1.393263852432552 × 10^279 |
| 139 | ov_139 | 1.1525579756221629 × 10^279 |
| 140 | ov_140 | 9.445725868886737 × 10^278 |
| 141 | ov_141 | 7.66198614222673 × 10^278 |
| 142 | ov_142 | 6.144897990326516 × 10^278 |
| 143 | ov_143 | 4.866578710219374 × 10^278 |
| 144 | ov_144 | 3.800687567905752 × 10^278 |
| 145 | ov_145 | 2.922396689519922 × 10^278 |
| 146 | ov_146 | 2.208369331377468 × 10^278 |
| 147 | ov_147 | 1.6367442082162756 × 10^278 |
| 148 | ov_148 | 1.1871246643579797 × 10^278 |
| 149 | ov_149 | 8.40571577816808 × 10^277 |
| 150 | ov_150 | 5.795989925998064 × 10^277 |
| 151 | ov_151 | 3.881715795999906 × 10^277 |
| 152 | ov_152 | 2.5170316811959792 × 10^277 |
| 153 | ov_153 | 1.570558280935833 × 10^277 |
| 154 | ov_154 | 9.253925474002588 × 10^276 |
| 155 | ov_155 | 4.791036488556583 × 10^276 |
| 156 | aaa_76_25 | 1.840939013574307 × 10^276 |
| 157 | aaa_76_26 | 1.0630723567651831 × 10^276 |
| 158 | aaa_76_27 | 5.4415883088629696 × 10^275 |
| 159 | aaa_76_28 | 2.1186013995023224 × 10^275 |
| 160 | aaa_76_29 | 6.4427719893235824 × 10^274 |

### Output Bits Sorted by Complexity

| Rank | Output Bit | Complexity |
|:----:|:----------:|:----------:|
| 160 | aaa_76_29 | 6.4427719893235824 × 10^274 |
| 159 | aaa_76_28 | 2.1186013995023224 × 10^275 |
| 158 | aaa_76_27 | 5.4415883088629696 × 10^275 |
| 157 | aaa_76_26 | 1.0630723567651831 × 10^276 |
| 156 | aaa_76_25 | 1.840939013574307 × 10^276 |
| 155 | ov_155 | 4.791036488556583 × 10^276 |
| 154 | ov_154 | 9.253925474002588 × 10^276 |
| 153 | ov_153 | 1.570558280935833 × 10^277 |
| 152 | ov_152 | 2.5170316811959792 × 10^277 |
| 151 | ov_151 | 3.881715795999906 × 10^277 |
| 150 | ov_150 | 5.795989925998064 × 10^277 |
| 149 | ov_149 | 8.40571577816808 × 10^277 |
| 148 | ov_148 | 1.1871246643579797 × 10^278 |
| 147 | ov_147 | 1.6367442082162756 × 10^278 |
| 146 | ov_146 | 2.208369331377468 × 10^278 |
| 145 | ov_145 | 2.922396689519922 × 10^278 |
| 144 | ov_144 | 3.800687567905752 × 10^278 |
| 143 | ov_143 | 4.866578710219374 × 10^278 |
| 142 | ov_142 | 6.144897990326516 × 10^278 |
| 141 | ov_141 | 7.66198614222673 × 10^278 |
| 140 | ov_140 | 9.445725868886737 × 10^278 |
| 139 | ov_139 | 1.1525579756221629 × 10^279 |
| 138 | ov_138 | 1.393263852432552 × 10^279 |
| 137 | ov_137 | 1.6699681254294768 × 10^279 |
| 136 | ov_136 | 1.9861249335865754 × 10^279 |
| 135 | ov_135 | 2.3453735988926906 × 10^279 |
| 134 | ov_134 | 2.7515493321182845 × 10^279 |
| 133 | ov_133 | 3.208695899537552 × 10^279 |
| 132 | ov_132 | 3.7210804693149605 × 10^279 |
| 131 | ov_131 | 4.291019434368963 × 10^279 |
| 130 | ov_130 | 4.291022467742797 × 10^279 |
| 129 | ov_129 | 4.291035015021223 × 10^279 |
| 128 | aaa_77_29 | 4.6435172258485426 × 10^279 |
| 127 | aaa_77_28 | 1.2389385925834016 × 10^280 |
| 126 | ov_126 | 3.8803519765574524 × 10^280 |
| 125 | ov_125 | 8.717354627523722 × 10^280 |
| 124 | ov_124 | 1.6600056780542888 × 10^281 |
| 123 | ov_123 | 2.8378577928718266 × 10^281 |
| 122 | ov_122 | 4.490307289511464 × 10^281 |
| 121 | ov_121 | 6.702379973898153 × 10^281 |
| 120 | ov_120 | 9.55912528537667 × 10^281 |
| 119 | ov_119 | 1.3145637777338133 × 10^282 |
| 118 | ov_118 | 1.754708895640074 × 10^282 |
| 117 | ov_117 | 2.2848772373762784 × 10^282 |
| 116 | ov_116 | 2.9136164862428374 × 10^282 |
| 115 | ov_115 | 3.649501157396831 × 10^282 |
| 114 | ov_114 | 4.5011447952156135 × 10^282 |
| 113 | ov_113 | 5.477216846891196 × 10^282 |
| 112 | ov_112 | 6.586464791332156 × 10^282 |
| 111 | ov_111 | 7.837742102704846 × 10^282 |
| 110 | ov_110 | 9.240042628337676 × 10^282 |
| 109 | ov_109 | 1.0802541961351657 × 10^283 |
| 108 | ov_108 | 1.2534646389471856 × 10^283 |
| 107 | ov_107 | 1.461565509841779 × 10^283 |
| 106 | ov_106 | 1.7234915021398188 × 10^283 |
| 105 | ov_105 | 2.0592249686351396 × 10^283 |
| 104 | ov_104 | 2.4898473186991065 × 10^283 |
| 103 | ov_103 | 3.0375999816985924 × 10^283 |
| 102 | ov_102 | 3.7259560524277035 × 10^283 |
| 101 | ov_101 | 4.579703797552972 × 10^283 |
| 100 | ov_100 | 5.625043267315711 × 10^283 |
| 99 | ov_099 | 6.889697324403859 × 10^283 |
| 98 | ov_098 | 6.889733249270386 × 10^283 |
| 97 | ov_097 | 6.889845716576773 × 10^283 |
| 96 | aaa_78_29 | 1.224527220540335 × 10^284 |
| 95 | aaa_78_28 | 4.121080809290041 × 10^284 |
| 94 | ov_094 | 1.3630544032329253 × 10^285 |
| 93 | ov_093 | 3.2544146189231904 × 10^285 |
| 92 | ov_092 | 6.652805537766779 × 10^285 |
| 91 | ov_091 | 1.2289892387093338 × 10^286 |
| 90 | ov_090 | 2.106241162509274 × 10^286 |
| 89 | ov_089 | 3.40322267955657 × 10^286 |
| 88 | ov_088 | 5.348830568623578 × 10^286 |
| 87 | ov_087 | 8.205029950530766 × 10^286 |
| 86 | ov_086 | 1.2266906876688673 × 10^287 |
| 85 | ov_085 | 1.786274868765866 × 10^287 |
| 84 | ov_084 | 2.5354158944032674 × 10^287 |
| 83 | ov_083 | 3.513621373270949 × 10^287 |
| 82 | ov_082 | 4.763766615326593 × 10^287 |
| 81 | ov_081 | 6.3321205792173304 × 10^287 |
| 64 | lv_79_m31 | 8.074816758111113 × 10^287 |
| 80 | ov_080 | 8.268377999784398 × 10^287 |
| 79 | ov_079 | 1.0625698377786457 × 10^288 |
| 78 | ov_078 | 1.346075251525017 × 10^288 |
| 77 | ov_077 | 1.683377728173572 × 10^288 |
| 76 | ov_076 | 2.0808639299535036 × 10^288 |
| 75 | ov_075 | 2.545290823972946 × 10^288 |
| 74 | ov_074 | 3.0837940426514187 × 10^288 |
| 73 | ov_073 | 3.703897345469341 × 10^288 |
| 63 | ov_063 | 4.144020983834077 × 10^288 |
| 72 | ov_072 | 4.413523253525219 × 10^288 |
| 71 | ov_071 | 5.2210049296955204 × 10^288 |
| 70 | ov_070 | 6.135099548464313 × 10^288 |
| 69 | ov_069 | 7.165003920091543 × 10^288 |
| 68 | ov_068 | 8.320373684319659 × 10^288 |
| 67 | ov_067 | 9.611347631274299 × 10^288 |
| 66 | ov_066 | 9.611353108800926 × 10^288 |
| 65 | ov_065 | 9.611376424941528 × 10^288 |
| 62 | ov_062 | 2.126236814620257 × 10^289 |
| 61 | ov_061 | 7.75113660017012 × 10^289 |
| 60 | ov_060 | 2.219043261165525 × 10^290 |
| 59 | ov_059 | 5.3548796824705135 × 10^290 |
| 58 | ov_058 | 1.0869047095262246 × 10^291 |
| 57 | ov_057 | 1.9639735162838034 × 10^291 |
| 56 | ov_056 | 3.273690584855556 × 10^291 |
| 55 | ov_055 | 5.142231239868017 × 10^291 |
| 54 | ov_054 | 7.714954140492816 × 10^291 |
| 53 | ov_053 | 1.1301768072827262 × 10^292 |
| 52 | ov_052 | 1.6250979085148892 × 10^292 |
| 51 | ov_051 | 2.2949328261440694 × 10^292 |
| 50 | ov_050 | 3.1822051322314104 × 10^292 |
| 49 | ov_049 | 4.333296894983113 × 10^292 |
| 48 | ov_048 | 5.798462140517574 × 10^292 |
| 47 | ov_047 | 7.631846617782445 × 10^292 |
| 32 | lv_80_m31 | 9.22788389386777 × 10^292 |
| 46 | ov_046 | 9.89151609496616 × 10^292 |
| 45 | ov_045 | 1.263949568109976 × 10^293 |
| 44 | ov_044 | 1.5941822932690901 × 10^293 |
| 43 | ov_043 | 1.9868617772476622 × 10^293 |
| 42 | ov_042 | 2.449417251608274 × 10^293 |
| 41 | ov_041 | 2.9897065572965977 × 10^293 |
| 40 | ov_040 | 3.611992612483366 × 10^293 |
| 39 | ov_039 | 4.325036004125852 × 10^293 |
| 31 | ov_031 | 4.733970849019381 × 10^293 |
| 38 | ov_038 | 5.138078221002768 × 10^293 |
| 37 | ov_037 | 6.06086661044428 × 10^293 |
| 36 | ov_036 | 7.103683901711387 × 10^293 |
| 35 | ov_035 | 8.277382821945063 × 10^293 |
| 34 | ov_034 | 9.59342636058665 × 10^293 |
| 33 | ov_033 | 1.1063934268866575 × 10^294 |
| 30 | ov_030 | 2.4280851483091468 × 10^294 |
| 29 | ov_029 | 7.945353818890303 × 10^294 |
| 28 | ov_028 | 2.0627241903921384 × 10^295 |
| 27 | ov_027 | 4.611452297558423 × 10^295 |
| 26 | ov_026 | 9.223376112142245 × 10^295 |
| 25 | ov_025 | 1.6899733555757521 × 10^296 |
| 24 | ov_024 | 2.986159136905933 × 10^296 |
| 23 | ov_023 | 5.076722549210286 × 10^296 |
| 22 | ov_022 | 8.271221433616191 × 10^296 |
| 21 | ov_021 | 1.2922963695674503 × 10^297 |
| 20 | ov_020 | 1.942904347196519 × 10^297 |
| 19 | ov_019 | 2.823040022050049 × 10^297 |
| 18 | ov_018 | 3.981190852780726 × 10^297 |
| 17 | ov_017 | 5.470250795988639 × 10^297 |
| 16 | ov_016 | 7.34753852724213 × 10^297 |
| 15 | ov_015 | 9.674822738340226 × 10^297 |
| 14 | ov_014 | 1.2518357017596552 × 10^298 |
| 13 | ov_013 | 1.5948927253469035 × 10^298 |
| 12 | ov_012 | 2.0041914809633663 × 10^298 |
| 11 | ov_011 | 2.487737902799687 × 10^298 |
| 10 | ov_010 | 3.054016292546923 × 10^298 |
| 9 | ov_009 | 3.71200262610219 × 10^298 |
| 8 | ov_008 | 4.47118104622151 × 10^298 |
| 7 | ov_007 | 5.341564021581375 × 10^298 |
| 6 | ov_006 | 6.333716684628564 × 10^298 |
| 5 | ov_005 | 7.458785893014272 × 10^298 |
| 4 | ov_004 | 8.728534592471727 × 10^298 |
| 3 | ov_003 | 1.0155382052505416 × 10^299 |
| 2 | ov_002 | 1.1752450500420053 × 10^299 |
| 1 | ov_001 | 1.3533618715395332 × 10^299 |

