# Results for F001-F002-F003-F004-F005-F006-F007-F008-F009-F010-F011-F012-F013-F014-F015-F016-F017-F018-F019-F020-F021-F022-F023-F024-F025-F026-F027-F028-F029-F030-F031-F032-F033-F034-F035-F036-F037-F038-F039-F040-F041-F042-F043-F044-F045-F046-F047-F048-F049-F050-F051-F052-F053-F054-F055-F056-F057-F058-F059-F060-F061-F062-F063-F064-F065-F066-F067-F068-F069-F070-F071-F072-F073-F074-F075-F076-F077-F078-F079-F080-F081-F082-F083-F084-F085-F086-F087-F088-F089-F090-F091-F092-F093-F094-F095-F096-F097-F098-F099-F100-F101-F102-F103-F104-F105-F106-F107-F108-F109-F110-F111-F112-F113-F114-F115-F116-F117-F118-F119-F120-F121-F122-F123-F124-F125-F126-F127-F128-F129-F130-F131-F132-F133-F134-F135-F136-F137-F138-F139-F140-F141-F142-F143-F144-F145-F146-F147-F148-F149-F150-F151-F152-F153-F154-F155-F156-F157-F158-F159-F160-F161-F162-F163-F164-F165-F166-F167-F168-F169-F170-F171-F172-F173-F174-F175-F176-F177-F178-F179-F180-F181-F182-F183-F184-F185-F186-F187-F188-F189-F190-F191-F192-F193-F194-F195-F196-F197-F198-F199-F200-F201-F202-F203-F204-F205-F206-F207-F208-F209-F210-F211-F212-F213-F214-F215-F216-F217-F218-F219-F220-F221-F222-F223-F224-F225-F226-F227-F228-F229-F230-F231-F232-F233-F234-F235-F236-F237-F238-F239-F240-F241-F242-F243-F244-F245-F246-F247-F248-F249-F250-F251-F252-F253-F254-F255-F256-F257-F258-F259-F260-F261-F262-F263-F264-F265-F266-F267-F268-F269-F270-F271-F272-F273-F274-F275-F276-F277-F278-F279-F280-F281-F282-F283-F284-F285-F286-F287-F288-F289-F290-F291-F292-F293-F294-F295-F296-F297-F298-F299-F300-F301-F302-F303-F304-F305-F306-F307-F308-F309-F310-F311-F312-F313-F314-F315-F316-F317-F318-F319-F320-F321-F322-F323-F324-F325-F326-F327-F328-F329-F330-F331-F332-F333-F334-F335-F336-F337-F338-F339-F340-F341-F342-F343-F344-F345-F346-F347-F348-F349-F350-F351-F352-F353-F354-F355-F356-F357-F358-F359-F360-F361-F362-F363-F364-F365-F366-F367-F368-F369-F370-F371-F372-F373-F374-F375-F376-F377-F378-F379-F380-F381-F382-F383-F384-F385-F386-F387-F388-F389-F390-F391-F392-F393-F394-F395-F396-F397-F398-F399-F400-F401-F402-F403-F404-F405-F406-F407-F408-F409-F410-F411-F412-F413-F414-F415-F416-F417-F418-F419-F420-F421-F422-F423-F424-F425-F426-F427-F428-F429-F430-F431-F432-F433-F434-F435-F436-F437-F438-F439-F440-F441-F442-F443-F444-F445-F446-F447-F448-F449-F450-F451-F452-F453-F454-F455-F456-F457-F458-F459-F460-F461-F462-F463-F464-F465-F466-F467-F468-F469-F470-F471-F472-F473-F474-F475-F476-F477-F478-F479-F480-F481-F482-F483-F484-F485-F486-F487-F488-F489-F490-F491-F492-F493-F494-F495-F496-E508509-F510-F511-F512

## Summary

Number of input bits: 512  
Number of free input bits: 12  
Number of output bits: 160

Number of direct occurrences: 48440  
Number of assignments: 31318  
Number of operations: 10927037
(xor: 10898898,
and: 14749,
or: 13390)

Total complexity: 6.60177883511311 × 10^298

Least occurring input variable: iv_502 (3858)  
Most occurring input variable: iv_508 (4376)

Most co-occurring input variables: iv_506-iv_508 (2044)  
Least co-occurring input variables: iv_498-iv_502 (1748)

Potentially most occurring input variable: iv_497/iv_508 (4584)  
Potentially least occurring input variable: iv_504/iv_505 (3986)

Least output occurring input variable: iv_505 (72)  
Most output occurring input variable: iv_497 (93)

Most output co-occurring input variables: iv_497-iv_506 (57)  
Least output co-occurring input variables: iv_500-iv_505 (33)

Potentially most output occurring input variable: iv_497/iv_500 (91)  
Potentially least output occurring input variable: iv_499/iv_505 (57)

Least complex input bit: iv_497 (2.4156219362791903 × 10^296)  
Most complex input bit: iv_505 (1.4357755972678146 × 10^298)

Least complex output bit: aaa_76_29 (1.4396280734113802 × 10^274)  
Most complex output bit: ov_001 (1.0557091372080099 × 10^298)

Least complex input/output complexity: iv_497/aaa_76_29 (5.267666853241825 × 10^271)  
Most complex input/output complexity: iv_505/ov_001 (2.295989391456112 × 10^297)

## Input Bits

### Input Bits in Regular Order

| Input Bit | Complexity | Occurrences | Output Occurrences |
|:---------:|:----------:|:-----------:|:------------------:|
| iv_497 | 2.4156219362791903 × 10^296 | 4118 | 93 |
| iv_498 | 4.811633943356095 × 10^296 | 3909 | 88 |
| iv_499 | 8.46167525329985 × 10^296 | 3915 | 81 |
| iv_500 | 1.4219770552298091 × 10^297 | 4084 | 76 |
| iv_501 | 2.3421201463449927 × 10^297 | 4051 | 83 |
| iv_502 | 3.7845763378801185 × 10^297 | 3858 | 82 |
| iv_503 | 6.013488512494086 × 10^297 | 4021 | 75 |
| iv_504 | 9.374314193957687 × 10^297 | 3901 | 78 |
| iv_505 | 1.4357755972678146 × 10^298 | 4055 | 72 |
| iv_506 | 7.263734207954838 × 10^297 | 4055 | 93 |
| iv_507 | 9.928471453032065 × 10^297 | 4097 | 87 |
| iv_508 | 9.962457358265884 × 10^297 | 4376 | 79 |

### Input Bits Sorted by Complexity

| Input Bit | Complexity | Occurrences | Output Occurrences |
|:---------:|:----------:|:-----------:|:------------------:|
| iv_497 | 2.4156219362791903 × 10^296 | 4118 | 93 |
| iv_498 | 4.811633943356095 × 10^296 | 3909 | 88 |
| iv_499 | 8.46167525329985 × 10^296 | 3915 | 81 |
| iv_500 | 1.4219770552298091 × 10^297 | 4084 | 76 |
| iv_501 | 2.3421201463449927 × 10^297 | 4051 | 83 |
| iv_502 | 3.7845763378801185 × 10^297 | 3858 | 82 |
| iv_503 | 6.013488512494086 × 10^297 | 4021 | 75 |
| iv_506 | 7.263734207954838 × 10^297 | 4055 | 93 |
| iv_504 | 9.374314193957687 × 10^297 | 3901 | 78 |
| iv_507 | 9.928471453032065 × 10^297 | 4097 | 87 |
| iv_508 | 9.962457358265884 × 10^297 | 4376 | 79 |
| iv_505 | 1.4357755972678146 × 10^298 | 4055 | 72 |

### Input Bits Sorted by Occurrences

| Input Bit | Complexity | Occurrences | Output Occurrences |
|:---------:|:----------:|:-----------:|:------------------:|
| iv_502 | 3.7845763378801185 × 10^297 | 3858 | 82 |
| iv_504 | 9.374314193957687 × 10^297 | 3901 | 78 |
| iv_498 | 4.811633943356095 × 10^296 | 3909 | 88 |
| iv_499 | 8.46167525329985 × 10^296 | 3915 | 81 |
| iv_503 | 6.013488512494086 × 10^297 | 4021 | 75 |
| iv_501 | 2.3421201463449927 × 10^297 | 4051 | 83 |
| iv_505 | 1.4357755972678146 × 10^298 | 4055 | 72 |
| iv_506 | 7.263734207954838 × 10^297 | 4055 | 93 |
| iv_500 | 1.4219770552298091 × 10^297 | 4084 | 76 |
| iv_507 | 9.928471453032065 × 10^297 | 4097 | 87 |
| iv_497 | 2.4156219362791903 × 10^296 | 4118 | 93 |
| iv_508 | 9.962457358265884 × 10^297 | 4376 | 79 |

### Input Bits Sorted by Output Occurrences

| Input Bit | Complexity | Occurrences | Output Occurrences |
|:---------:|:----------:|:-----------:|:------------------:|
| iv_505 | 1.4357755972678146 × 10^298 | 4055 | 72 |
| iv_503 | 6.013488512494086 × 10^297 | 4021 | 75 |
| iv_500 | 1.4219770552298091 × 10^297 | 4084 | 76 |
| iv_504 | 9.374314193957687 × 10^297 | 3901 | 78 |
| iv_508 | 9.962457358265884 × 10^297 | 4376 | 79 |
| iv_499 | 8.46167525329985 × 10^296 | 3915 | 81 |
| iv_502 | 3.7845763378801185 × 10^297 | 3858 | 82 |
| iv_501 | 2.3421201463449927 × 10^297 | 4051 | 83 |
| iv_507 | 9.928471453032065 × 10^297 | 4097 | 87 |
| iv_498 | 4.811633943356095 × 10^296 | 3909 | 88 |
| iv_506 | 7.263734207954838 × 10^297 | 4055 | 93 |
| iv_497 | 2.4156219362791903 × 10^296 | 4118 | 93 |

## Input Bit Co-occurrences

### Input Bit Co-occurrences Sorted by Co-occurrences

| Input Bits | Co-occurrences | Potential Occurrences | Output Co-occurrences | Potential Output Occurrences |
|:----------:|:--------------:|:---------------------:|:---------------------:|:----------------------------:|
| iv_506-iv_508 | 2044 | 4343 | 48 | 76 |
| iv_500-iv_508 | 2026 | 4408 | 43 | 69 |
| iv_501-iv_505 | 2017 | 4072 | 41 | 73 |
| iv_507-iv_508 | 2011 | 4451 | 42 | 82 |
| iv_497-iv_501 | 1991 | 4187 | 48 | 80 |
| iv_504-iv_505 | 1985 | 3986 | 39 | 72 |
| iv_505-iv_508 | 1977 | 4477 | 34 | 83 |
| iv_501-iv_508 | 1975 | 4477 | 39 | 84 |
| iv_500-iv_506 | 1975 | 4189 | 45 | 79 |
| iv_503-iv_508 | 1974 | 4449 | 43 | 68 |
| iv_497-iv_503 | 1971 | 4197 | 46 | 76 |
| iv_497-iv_500 | 1971 | 4260 | 39 | 91 |

### Input Bit Co-occurrences Sorted by Potential Occurrences

| Input Bits | Co-occurrences | Potential Occurrences | Output Co-occurrences | Potential Output Occurrences |
|:----------:|:--------------:|:---------------------:|:---------------------:|:----------------------------:|
| iv_504-iv_505 | 1985 | 3986 | 39 | 72 |
| iv_501-iv_505 | 2017 | 4072 | 41 | 73 |
| iv_502-iv_505 | 1903 | 4107 | 37 | 80 |
| iv_499-iv_504 | 1847 | 4122 | 38 | 83 |
| iv_499-iv_501 | 1911 | 4144 | 44 | 76 |
| iv_502-iv_506 | 1883 | 4147 | 51 | 73 |
| iv_499-iv_505 | 1907 | 4156 | 48 | 57 |
| iv_504-iv_506 | 1899 | 4158 | 45 | 81 |
| iv_498-iv_504 | 1826 | 4158 | 46 | 74 |
| iv_498-iv_506 | 1892 | 4180 | 54 | 73 |
| iv_502-iv_504 | 1787 | 4185 | 42 | 76 |
| iv_497-iv_501 | 1991 | 4187 | 48 | 80 |

### Input Bit Output Co-occurrences Sorted by Output Co-occurrences

| Input Bits | Co-occurrences | Potential Occurrences | Output Co-occurrences | Potential Output Occurrences |
|:----------:|:--------------:|:---------------------:|:---------------------:|:----------------------------:|
| iv_497-iv_506 | 1924 | 4325 | 57 | 72 |
| iv_498-iv_506 | 1892 | 4180 | 54 | 73 |
| iv_497-iv_502 | 1891 | 4194 | 52 | 71 |
| iv_502-iv_506 | 1883 | 4147 | 51 | 73 |
| iv_497-iv_504 | 1913 | 4193 | 50 | 71 |
| iv_497-iv_498 | 1879 | 4269 | 50 | 81 |
| iv_499-iv_506 | 1853 | 4264 | 49 | 76 |
| iv_501-iv_507 | 1944 | 4260 | 49 | 72 |
| iv_506-iv_507 | 1934 | 4284 | 49 | 82 |
| iv_498-iv_499 | 1814 | 4196 | 48 | 73 |
| iv_498-iv_501 | 1853 | 4254 | 48 | 75 |
| iv_498-iv_505 | 1879 | 4206 | 48 | 64 |

### Input Bit Output Co-occurrences Sorted by Potential Output Occurrences

| Input Bits | Co-occurrences | Potential Occurrences | Output Co-occurrences | Potential Output Occurrences |
|:----------:|:--------------:|:---------------------:|:---------------------:|:----------------------------:|
| iv_499-iv_505 | 1907 | 4156 | 48 | 57 |
| iv_498-iv_505 | 1879 | 4206 | 48 | 64 |
| iv_503-iv_508 | 1974 | 4449 | 43 | 68 |
| iv_500-iv_508 | 2026 | 4408 | 43 | 69 |
| iv_497-iv_504 | 1913 | 4193 | 50 | 71 |
| iv_503-iv_505 | 1911 | 4254 | 38 | 71 |
| iv_497-iv_502 | 1891 | 4194 | 52 | 71 |
| iv_504-iv_505 | 1985 | 3986 | 39 | 72 |
| iv_501-iv_507 | 1944 | 4260 | 49 | 72 |
| iv_497-iv_506 | 1924 | 4325 | 57 | 72 |
| iv_498-iv_499 | 1814 | 4196 | 48 | 73 |
| iv_498-iv_506 | 1892 | 4180 | 54 | 73 |

## Output Bits

### Output Bits in Regular Order

| Rank | Output Bit | Complexity |
|:----:|:----------:|:----------:|
| 1 | ov_001 | 1.0557091372080099 × 10^298 |
| 2 | ov_002 | 9.154676104992921 × 10^297 |
| 3 | ov_003 | 7.898554511395295 × 10^297 |
| 4 | ov_004 | 6.777624746168235 × 10^297 |
| 5 | ov_005 | 5.781390108079587 × 10^297 |
| 6 | ov_006 | 4.899916166039078 × 10^297 |
| 7 | ov_007 | 4.123793454432557 × 10^297 |
| 8 | ov_008 | 3.444105288189432 × 10^297 |
| 9 | ov_009 | 2.8524002770757387 × 10^297 |
| 10 | ov_010 | 2.34066908194865 × 10^297 |
| 11 | ov_011 | 1.9013249504687482 × 10^297 |
| 12 | ov_012 | 1.5271875962032163 × 10^297 |
| 13 | ov_013 | 1.2114700109928195 × 10^297 |
| 14 | ov_014 | 9.477678260114652 × 10^296 |
| 15 | ov_015 | 7.300508622125213 × 10^296 |
| 16 | ov_016 | 5.526565359056365 × 10^296 |
| 17 | ov_017 | 4.102848101000598 × 10^296 |
| 18 | ov_018 | 2.9799440703024165 × 10^296 |
| 19 | ov_019 | 2.112000219807301 × 10^296 |
| 20 | ov_020 | 1.4567030317504503 × 10^296 |
| 21 | ov_021 | 9.752639719616994 × 10^295 |
| 22 | ov_022 | 6.324091273275253 × 10^295 |
| 23 | ov_023 | 3.963720415200054 × 10^295 |
| 24 | ov_024 | 2.388890031261326 × 10^295 |
| 25 | ov_025 | 1.3519616314463955 × 10^295 |
| 26 | ov_026 | 7.378629914978418 × 10^294 |
| 27 | ov_027 | 3.6891387473021637 × 10^294 |
| 28 | ov_028 | 1.6501747140490482 × 10^294 |
| 29 | ov_029 | 6.356284301295914 × 10^293 |
| 30 | ov_030 | 1.942472676724129 × 10^293 |
| 31 | ov_031 | 3.7871914945057313 × 10^292 |
| 32 | lv_80_m31 | 7.382343230708239 × 10^291 |
| 33 | ov_033 | 8.84991937589874 × 10^292 |
| 34 | ov_034 | 7.673614636121892 × 10^292 |
| 35 | ov_035 | 6.62082724814162 × 10^292 |
| 36 | ov_036 | 5.681883268695775 × 10^292 |
| 37 | ov_037 | 4.847629066707452 × 10^292 |
| 38 | ov_038 | 4.109394743576975 × 10^292 |
| 39 | ov_039 | 3.458962557959861 × 10^292 |
| 40 | ov_040 | 2.888539862571599 × 10^292 |
| 41 | ov_041 | 2.3907360906052895 × 10^292 |
| 42 | ov_042 | 1.958543357831983 × 10^292 |
| 43 | ov_043 | 1.5885511808976988 × 10^292 |
| 44 | ov_044 | 1.2744713015632925 × 10^292 |
| 45 | ov_045 | 1.0103577048551636 × 10^292 |
| 46 | ov_046 | 7.905978697237285 × 10^291 |
| 47 | ov_047 | 6.099058507131237 × 10^291 |
| 48 | ov_048 | 4.633169044162394 × 10^291 |
| 49 | ov_049 | 3.4618339658445214 × 10^291 |
| 50 | ov_050 | 2.5417174744825853 × 10^291 |
| 51 | ov_051 | 1.8326019417358093 × 10^291 |
| 52 | ov_052 | 1.2973718038951687 × 10^291 |
| 53 | ov_053 | 9.020022344311607 × 10^290 |
| 54 | ov_054 | 6.155513816459759 × 10^290 |
| 55 | ov_055 | 4.101551750401534 × 10^290 |
| 56 | ov_056 | 2.6102397937471423 × 10^290 |
| 57 | ov_057 | 1.565312648531951 × 10^290 |
| 58 | ov_058 | 8.658633138439889 × 10^289 |
| 59 | ov_059 | 4.2633912391673664 × 10^289 |
| 60 | ov_060 | 1.765399096188331 × 10^289 |
| 61 | ov_061 | 6.161732060245132 × 10^288 |
| 62 | ov_062 | 1.6889292525176197 × 10^288 |
| 63 | ov_063 | 3.289015356218187 × 10^287 |
| 64 | lv_79_m31 | 6.403602217126498 × 10^286 |
| 65 | ov_065 | 7.611640586355358 × 10^287 |
| 66 | ov_066 | 7.611616177392059 × 10^287 |
| 67 | ov_067 | 7.611610203222043 × 10^287 |
| 68 | ov_068 | 6.571365871077196 × 10^287 |
| 69 | ov_069 | 5.64439900959146 × 10^287 |
| 70 | ov_070 | 4.8214657937312175 × 10^287 |
| 71 | ov_071 | 4.0938913266061905 × 10^287 |
| 72 | ov_072 | 3.453531104111767 × 10^287 |
| 73 | ov_073 | 2.8927358831913524 × 10^287 |
| 74 | ov_074 | 2.4043197746830806 × 10^287 |
| 75 | ov_075 | 1.9815313884228464 × 10^287 |
| 76 | ov_076 | 1.6180278637589345 × 10^287 |
| 77 | ov_077 | 1.3078516230541262 × 10^287 |
| 78 | ov_078 | 1.0454096892603201 × 10^287 |
| 79 | ov_079 | 8.254554113889787 × 10^286 |
| 80 | ov_080 | 6.430724437984588 × 10^286 |
| 81 | ov_081 | 4.936608267963175 × 10^286 |
| 82 | ov_082 | 3.7292501721933645 × 10^286 |
| 83 | ov_083 | 2.768637184992351 × 10^286 |
| 84 | ov_084 | 2.017613603235325 × 10^286 |
| 85 | ov_085 | 1.441810784196473 × 10^286 |
| 86 | ov_086 | 1.0095904527478312 × 10^286 |
| 87 | ov_087 | 6.920000279119131 × 10^285 |
| 88 | ov_088 | 4.627384799338487 × 10^285 |
| 89 | ov_089 | 2.981312297205871 × 10^285 |
| 90 | ov_090 | 1.8699498147171392 × 10^285 |
| 91 | ov_091 | 1.108614864386824 × 10^285 |
| 92 | ov_092 | 6.114487448767636 × 10^284 |
| 93 | ov_093 | 3.0553305658225734 × 10^284 |
| 94 | ov_094 | 1.3087752372545026 × 10^284 |
| 95 | aaa_78_28 | 4.0415022588887578 × 10^283 |
| 96 | aaa_78_29 | 1.241224852763319 × 10^283 |
| 97 | ov_097 | 8.197609952032085 × 10^282 |
| 98 | ov_098 | 8.197365016697855 × 10^282 |
| 99 | ov_099 | 8.197286826007007 × 10^282 |
| 100 | ov_100 | 7.376967290128638 × 10^282 |
| 101 | ov_101 | 6.617095578823981 × 10^282 |
| 102 | ov_102 | 5.91436835815659 × 10^282 |
| 103 | ov_103 | 5.265723035173271 × 10^282 |
| 104 | ov_104 | 4.6683060330425267 × 10^282 |
| 105 | ov_105 | 4.119443997642028 × 10^282 |
| 106 | ov_106 | 3.616617784390648 × 10^282 |
| 107 | ov_107 | 3.1574390795382863 × 10^282 |
| 108 | ov_108 | 2.73962951447194 × 10^282 |
| 109 | ov_109 | 2.3610021350195614 × 10^282 |
| 110 | ov_110 | 2.019445090366851 × 10^282 |
| 111 | ov_111 | 1.712907408173955 × 10^282 |
| 112 | ov_112 | 1.4393867239069367 × 10^282 |
| 113 | ov_113 | 1.1969188333916177 × 10^282 |
| 114 | ov_114 | 9.835689382540749 × 10^281 |
| 115 | ov_115 | 7.974244543225964 × 10^281 |
| 116 | ov_116 | 6.365892533097755 × 10^281 |
| 117 | ov_117 | 4.991792082363121 × 10^281 |
| 118 | ov_118 | 3.83318790621948 × 10^281 |
| 119 | ov_119 | 2.871384675259512 × 10^281 |
| 120 | ov_120 | 2.0877280141300596 × 10^281 |
| 121 | ov_121 | 1.4635908181626952 × 10^281 |
| 122 | ov_122 | 9.803631777761734 × 10^280 |
| 123 | ov_123 | 6.194452640575885 × 10^280 |
| 124 | ov_124 | 3.6224252894747964 × 10^280 |
| 125 | ov_125 | 1.9016273118398693 × 10^280 |
| 126 | ov_126 | 8.461441894812523 × 10^279 |
| 127 | aaa_77_28 | 2.7006347290531516 × 10^279 |
| 128 | aaa_77_29 | 1.0117346957126639 × 10^279 |
| 129 | ov_129 | 9.310122542049658 × 10^278 |
| 130 | ov_130 | 9.31009450533767 × 10^278 |
| 131 | ov_131 | 9.310087727307757 × 10^278 |
| 132 | ov_132 | 8.057400616581447 × 10^278 |
| 133 | ov_133 | 6.93698945825819 × 10^278 |
| 134 | ov_134 | 5.938781579252507 × 10^278 |
| 135 | ov_135 | 5.053242054079361 × 10^278 |
| 136 | ov_136 | 4.271335145543186 × 10^278 |
| 137 | ov_137 | 3.584491130702124 × 10^278 |
| 138 | ov_138 | 2.984577997260841 × 10^278 |
| 139 | ov_139 | 2.4638775216904685 × 10^278 |
| 140 | ov_140 | 2.0150652657763443 × 10^278 |
| 141 | ov_141 | 1.6311940531254153 × 10^278 |
| 142 | ov_142 | 1.3056805115697778 × 10^278 |
| 143 | ov_143 | 1.0322942914990458 × 10^278 |
| 144 | ov_144 | 8.051495940361445 × 10^277 |
| 145 | ov_145 | 6.186986667106385 × 10^277 |
| 146 | ov_146 | 4.677269479323047 × 10^277 |
| 147 | ov_147 | 3.4734956515927053 × 10^277 |
| 148 | ov_148 | 2.5300891520971625 × 10^277 |
| 149 | ov_149 | 1.804730786952695 × 10^277 |
| 150 | ov_150 | 1.2583484406481405 × 10^277 |
| 151 | ov_151 | 8.551114024474076 × 10^276 |
| 152 | ov_152 | 5.624270850994388 × 10^276 |
| 153 | ov_153 | 3.509389740799012 × 10^276 |
| 154 | ov_154 | 2.067776249680616 × 10^276 |
| 155 | ov_155 | 1.0705501670855307 × 10^276 |
| 156 | aaa_76_25 | 4.1135515734091255 × 10^275 |
| 157 | aaa_76_26 | 2.375419790430041 × 10^275 |
| 158 | aaa_76_27 | 1.2159150294885347 × 10^275 |
| 159 | aaa_76_28 | 4.733984154873681 × 10^274 |
| 160 | aaa_76_29 | 1.4396280734113802 × 10^274 |

### Output Bits Sorted by Complexity

| Rank | Output Bit | Complexity |
|:----:|:----------:|:----------:|
| 160 | aaa_76_29 | 1.4396280734113802 × 10^274 |
| 159 | aaa_76_28 | 4.733984154873681 × 10^274 |
| 158 | aaa_76_27 | 1.2159150294885347 × 10^275 |
| 157 | aaa_76_26 | 2.375419790430041 × 10^275 |
| 156 | aaa_76_25 | 4.1135515734091255 × 10^275 |
| 155 | ov_155 | 1.0705501670855307 × 10^276 |
| 154 | ov_154 | 2.067776249680616 × 10^276 |
| 153 | ov_153 | 3.509389740799012 × 10^276 |
| 152 | ov_152 | 5.624270850994388 × 10^276 |
| 151 | ov_151 | 8.551114024474076 × 10^276 |
| 150 | ov_150 | 1.2583484406481405 × 10^277 |
| 149 | ov_149 | 1.804730786952695 × 10^277 |
| 148 | ov_148 | 2.5300891520971625 × 10^277 |
| 147 | ov_147 | 3.4734956515927053 × 10^277 |
| 146 | ov_146 | 4.677269479323047 × 10^277 |
| 145 | ov_145 | 6.186986667106385 × 10^277 |
| 144 | ov_144 | 8.051495940361445 × 10^277 |
| 143 | ov_143 | 1.0322942914990458 × 10^278 |
| 142 | ov_142 | 1.3056805115697778 × 10^278 |
| 141 | ov_141 | 1.6311940531254153 × 10^278 |
| 140 | ov_140 | 2.0150652657763443 × 10^278 |
| 139 | ov_139 | 2.4638775216904685 × 10^278 |
| 138 | ov_138 | 2.984577997260841 × 10^278 |
| 137 | ov_137 | 3.584491130702124 × 10^278 |
| 136 | ov_136 | 4.271335145543186 × 10^278 |
| 135 | ov_135 | 5.053242054079361 × 10^278 |
| 134 | ov_134 | 5.938781579252507 × 10^278 |
| 133 | ov_133 | 6.93698945825819 × 10^278 |
| 132 | ov_132 | 8.057400616581447 × 10^278 |
| 131 | ov_131 | 9.310087727307757 × 10^278 |
| 130 | ov_130 | 9.31009450533767 × 10^278 |
| 129 | ov_129 | 9.310122542049658 × 10^278 |
| 128 | aaa_77_29 | 1.0117346957126639 × 10^279 |
| 127 | aaa_77_28 | 2.7006347290531516 × 10^279 |
| 126 | ov_126 | 8.461441894812523 × 10^279 |
| 125 | ov_125 | 1.9016273118398693 × 10^280 |
| 124 | ov_124 | 3.6224252894747964 × 10^280 |
| 123 | ov_123 | 6.194452640575885 × 10^280 |
| 122 | ov_122 | 9.803631777761734 × 10^280 |
| 121 | ov_121 | 1.4635908181626952 × 10^281 |
| 120 | ov_120 | 2.0877280141300596 × 10^281 |
| 119 | ov_119 | 2.871384675259512 × 10^281 |
| 118 | ov_118 | 3.83318790621948 × 10^281 |
| 117 | ov_117 | 4.991792082363121 × 10^281 |
| 116 | ov_116 | 6.365892533097755 × 10^281 |
| 115 | ov_115 | 7.974244543225964 × 10^281 |
| 114 | ov_114 | 9.835689382540749 × 10^281 |
| 113 | ov_113 | 1.1969188333916177 × 10^282 |
| 112 | ov_112 | 1.4393867239069367 × 10^282 |
| 111 | ov_111 | 1.712907408173955 × 10^282 |
| 110 | ov_110 | 2.019445090366851 × 10^282 |
| 109 | ov_109 | 2.3610021350195614 × 10^282 |
| 108 | ov_108 | 2.73962951447194 × 10^282 |
| 107 | ov_107 | 3.1574390795382863 × 10^282 |
| 106 | ov_106 | 3.616617784390648 × 10^282 |
| 105 | ov_105 | 4.119443997642028 × 10^282 |
| 104 | ov_104 | 4.6683060330425267 × 10^282 |
| 103 | ov_103 | 5.265723035173271 × 10^282 |
| 102 | ov_102 | 5.91436835815659 × 10^282 |
| 101 | ov_101 | 6.617095578823981 × 10^282 |
| 100 | ov_100 | 7.376967290128638 × 10^282 |
| 99 | ov_099 | 8.197286826007007 × 10^282 |
| 98 | ov_098 | 8.197365016697855 × 10^282 |
| 97 | ov_097 | 8.197609952032085 × 10^282 |
| 96 | aaa_78_29 | 1.241224852763319 × 10^283 |
| 95 | aaa_78_28 | 4.0415022588887578 × 10^283 |
| 94 | ov_094 | 1.3087752372545026 × 10^284 |
| 93 | ov_093 | 3.0553305658225734 × 10^284 |
| 92 | ov_092 | 6.114487448767636 × 10^284 |
| 91 | ov_091 | 1.108614864386824 × 10^285 |
| 90 | ov_090 | 1.8699498147171392 × 10^285 |
| 89 | ov_089 | 2.981312297205871 × 10^285 |
| 88 | ov_088 | 4.627384799338487 × 10^285 |
| 87 | ov_087 | 6.920000279119131 × 10^285 |
| 86 | ov_086 | 1.0095904527478312 × 10^286 |
| 85 | ov_085 | 1.441810784196473 × 10^286 |
| 84 | ov_084 | 2.017613603235325 × 10^286 |
| 83 | ov_083 | 2.768637184992351 × 10^286 |
| 82 | ov_082 | 3.7292501721933645 × 10^286 |
| 81 | ov_081 | 4.936608267963175 × 10^286 |
| 64 | lv_79_m31 | 6.403602217126498 × 10^286 |
| 80 | ov_080 | 6.430724437984588 × 10^286 |
| 79 | ov_079 | 8.254554113889787 × 10^286 |
| 78 | ov_078 | 1.0454096892603201 × 10^287 |
| 77 | ov_077 | 1.3078516230541262 × 10^287 |
| 76 | ov_076 | 1.6180278637589345 × 10^287 |
| 75 | ov_075 | 1.9815313884228464 × 10^287 |
| 74 | ov_074 | 2.4043197746830806 × 10^287 |
| 73 | ov_073 | 2.8927358831913524 × 10^287 |
| 63 | ov_063 | 3.289015356218187 × 10^287 |
| 72 | ov_072 | 3.453531104111767 × 10^287 |
| 71 | ov_071 | 4.0938913266061905 × 10^287 |
| 70 | ov_070 | 4.8214657937312175 × 10^287 |
| 69 | ov_069 | 5.64439900959146 × 10^287 |
| 68 | ov_068 | 6.571365871077196 × 10^287 |
| 67 | ov_067 | 7.611610203222043 × 10^287 |
| 66 | ov_066 | 7.611616177392059 × 10^287 |
| 65 | ov_065 | 7.611640586355358 × 10^287 |
| 62 | ov_062 | 1.6889292525176197 × 10^288 |
| 61 | ov_061 | 6.161732060245132 × 10^288 |
| 60 | ov_060 | 1.765399096188331 × 10^289 |
| 59 | ov_059 | 4.2633912391673664 × 10^289 |
| 58 | ov_058 | 8.658633138439889 × 10^289 |
| 57 | ov_057 | 1.565312648531951 × 10^290 |
| 56 | ov_056 | 2.6102397937471423 × 10^290 |
| 55 | ov_055 | 4.101551750401534 × 10^290 |
| 54 | ov_054 | 6.155513816459759 × 10^290 |
| 53 | ov_053 | 9.020022344311607 × 10^290 |
| 52 | ov_052 | 1.2973718038951687 × 10^291 |
| 51 | ov_051 | 1.8326019417358093 × 10^291 |
| 50 | ov_050 | 2.5417174744825853 × 10^291 |
| 49 | ov_049 | 3.4618339658445214 × 10^291 |
| 48 | ov_048 | 4.633169044162394 × 10^291 |
| 47 | ov_047 | 6.099058507131237 × 10^291 |
| 32 | lv_80_m31 | 7.382343230708239 × 10^291 |
| 46 | ov_046 | 7.905978697237285 × 10^291 |
| 45 | ov_045 | 1.0103577048551636 × 10^292 |
| 44 | ov_044 | 1.2744713015632925 × 10^292 |
| 43 | ov_043 | 1.5885511808976988 × 10^292 |
| 42 | ov_042 | 1.958543357831983 × 10^292 |
| 41 | ov_041 | 2.3907360906052895 × 10^292 |
| 40 | ov_040 | 2.888539862571599 × 10^292 |
| 39 | ov_039 | 3.458962557959861 × 10^292 |
| 31 | ov_031 | 3.7871914945057313 × 10^292 |
| 38 | ov_038 | 4.109394743576975 × 10^292 |
| 37 | ov_037 | 4.847629066707452 × 10^292 |
| 36 | ov_036 | 5.681883268695775 × 10^292 |
| 35 | ov_035 | 6.62082724814162 × 10^292 |
| 34 | ov_034 | 7.673614636121892 × 10^292 |
| 33 | ov_033 | 8.84991937589874 × 10^292 |
| 30 | ov_030 | 1.942472676724129 × 10^293 |
| 29 | ov_029 | 6.356284301295914 × 10^293 |
| 28 | ov_028 | 1.6501747140490482 × 10^294 |
| 27 | ov_027 | 3.6891387473021637 × 10^294 |
| 26 | ov_026 | 7.378629914978418 × 10^294 |
| 25 | ov_025 | 1.3519616314463955 × 10^295 |
| 24 | ov_024 | 2.388890031261326 × 10^295 |
| 23 | ov_023 | 3.963720415200054 × 10^295 |
| 22 | ov_022 | 6.324091273275253 × 10^295 |
| 21 | ov_021 | 9.752639719616994 × 10^295 |
| 20 | ov_020 | 1.4567030317504503 × 10^296 |
| 19 | ov_019 | 2.112000219807301 × 10^296 |
| 18 | ov_018 | 2.9799440703024165 × 10^296 |
| 17 | ov_017 | 4.102848101000598 × 10^296 |
| 16 | ov_016 | 5.526565359056365 × 10^296 |
| 15 | ov_015 | 7.300508622125213 × 10^296 |
| 14 | ov_014 | 9.477678260114652 × 10^296 |
| 13 | ov_013 | 1.2114700109928195 × 10^297 |
| 12 | ov_012 | 1.5271875962032163 × 10^297 |
| 11 | ov_011 | 1.9013249504687482 × 10^297 |
| 10 | ov_010 | 2.34066908194865 × 10^297 |
| 9 | ov_009 | 2.8524002770757387 × 10^297 |
| 8 | ov_008 | 3.444105288189432 × 10^297 |
| 7 | ov_007 | 4.123793454432557 × 10^297 |
| 6 | ov_006 | 4.899916166039078 × 10^297 |
| 5 | ov_005 | 5.781390108079587 × 10^297 |
| 4 | ov_004 | 6.777624746168235 × 10^297 |
| 3 | ov_003 | 7.898554511395295 × 10^297 |
| 2 | ov_002 | 9.154676104992921 × 10^297 |
| 1 | ov_001 | 1.0557091372080099 × 10^298 |

