# Results for F001-F002-F003-F004-F005-F006-F007-F008-F009-F010-F011-F012-F013-F014-F015-F016-F017-F018-F019-F020-F021-F022-F023-F024-F025-F026-F027-F028-F029-F030-F031-F032-F033-F034-F035-F036-F037-F038-F039-F040-F041-F042-F043-F044-F045-F046-F047-F048-F049-F050-F051-F052-F053-F054-F055-F056-F057-F058-F059-F060-F061-F062-F063-F064-F065-F066-F067-F068-F069-F070-F071-F072-F073-F074-F075-F076-F077-F078-F079-F080-F081-F082-F083-F084-F085-F086-F087-F088-F089-F090-F091-F092-F093-F094-F095-F096-F097-F098-F099-F100-F101-F102-F103-F104-F105-F106-F107-F108-F109-F110-F111-F112-F113-F114-F115-F116-F117-F118-F119-F120-F121-F122-F123-F124-F125-F126-F127-F128-F129-F130-F131-F132-F133-F134-F135-F136-F137-F138-F139-F140-F141-F142-F143-F144-F145-F146-F147-F148-F149-F150-F151-F152-F153-F154-F155-F156-F157-F158-F159-F160-F161-F162-F163-F164-F165-F166-F167-F168-F169-F170-F171-F172-F173-F174-F175-F176-F177-F178-F179-F180-F181-F182-F183-F184-F185-F186-F187-F188-F189-F190-F191-F192-F193-F194-F195-F196-F197-F198-F199-F200-F201-F202-F203-F204-F205-F206-F207-F208-F209-F210-F211-F212-F213-F214-F215-F216-F217-F218-F219-F220-F221-F222-F223-F224-F225-F226-F227-F228-F229-F230-F231-F232-F233-F234-F235-F236-F237-F238-F239-F240-F241-F242-F243-F244-F245-F246-F247-F248-F249-F250-F251-F252-F253-F254-F255-F256-F257-F258-F259-F260-F261-F262-F263-F264-F265-F266-F267-F268-F269-F270-F271-F272-F273-F274-F275-F276-F277-F278-F279-F280-F281-F282-F283-F284-F285-F286-F287-F288-F289-F290-F291-F292-F293-F294-F295-F296-F297-F298-F299-F300-F301-F302-F303-F304-F305-F306-F307-F308-F309-F310-F311-F312-F313-F314-F315-F316-F317-F318-F319-F320-F321-F322-F323-F324-F325-F326-F327-F328-F329-F330-F331-F332-F333-F334-F335-F336-F337-F338-F339-F340-F341-F342-F343-F344-F345-F346-F347-F348-F349-F350-F351-F352-F353-F354-F355-F356-F357-F358-F359-F360-F361-F362-F363-F364-F365-F366-F367-F368-F369-F370-F371-F372-F373-F374-F375-F376-F377-F378-F379-F380-F381-F382-F383-F384-F385-F386-F387-F388-F389-F390-F391-F392-F393-F394-F395-F396-F397-F398-F399-F400-F401-F402-F403-F404-F405-F406-F407-F408-F409-F410-F411-F412-F413-F414-F415-F416-F417-F418-F419-F420-F421-F422-F423-F424-F425-F426-F427-F428-F429-F430-F431-F432-F433-F434-F435-F436-F437-F438-F439-F440-F441-F442-F443-F444-F445-F446-F447-F448-F449-F450-F451-F452-F453-F454-F455-F456-F457-F458-F459-F460-F461-F462-F463-F464-F465-F466-F467-F468-F469-F470-F471-F472-F473-F474-F475-F476-F477-F478-F479-F480-F481-F482-F483-F484-F485-F486-F487-F488-F489-F490-F491-F492-F493-F494-F495-F496-O498509-F510-F511-F512

## Summary

Number of input bits: 512  
Number of free input bits: 12  
Number of output bits: 160

Number of direct occurrences: 48720  
Number of assignments: 31424  
Number of operations: 11060627
(xor: 11032339,
and: 14878,
or: 13410)

Total complexity: 1.5103185420779712 × 10^300

Least occurring input variable: iv_502 (3871)  
Most occurring input variable: iv_498 (4377)

Most co-occurring input variables: iv_498-iv_508 (2069)  
Least co-occurring input variables: iv_499-iv_502 (1769)

Potentially most occurring input variable: iv_497/iv_498 (4574)  
Potentially least occurring input variable: iv_504/iv_505 (4009)

Least output occurring input variable: iv_498 (69)  
Most output occurring input variable: iv_497 (89)

Most output co-occurring input variables: iv_497-iv_501 (52)  
Least output co-occurring input variables: iv_498-iv_508 (27)

Potentially most output occurring input variable: iv_507/iv_508 (92)  
Potentially least output occurring input variable: iv_504/iv_508 (66)

Least complex input bit: iv_497 (4.3186637152502634 × 10^297)  
Most complex input bit: iv_498 (2.5990673169329183 × 10^299)

Least complex output bit: aaa_76_29 (8.791480881914207 × 10^274)  
Most complex output bit: ov_001 (2.3953874053923196 × 10^299)

Least complex input/output complexity: iv_497/aaa_76_29 (2.5138703147881505 × 10^272)  
Most complex input/output complexity: iv_498/ov_001 (4.1221589640170875 × 10^298)

## Input Bits

### Input Bits in Regular Order

| Input Bit | Complexity | Occurrences | Output Occurrences |
|:---------:|:----------:|:-----------:|:------------------:|
| iv_497 | 4.3186637152502634 × 10^297 | 4111 | 89 |
| iv_498 | 2.5990673169329183 × 10^299 | 4377 | 69 |
| iv_499 | 1.5129481129046555 × 10^298 | 3938 | 83 |
| iv_500 | 2.5426269501813657 × 10^298 | 4096 | 76 |
| iv_501 | 4.188343281180499 × 10^298 | 4068 | 87 |
| iv_502 | 6.768086413865215 × 10^298 | 3871 | 80 |
| iv_503 | 1.0754173342646496 × 10^299 | 4050 | 83 |
| iv_504 | 1.676429558236901 × 10^299 | 3919 | 80 |
| iv_505 | 2.5675819569281455 × 10^299 | 4070 | 82 |
| iv_506 | 1.2988800538249102 × 10^299 | 3928 | 80 |
| iv_507 | 1.8648823275118607 × 10^299 | 4165 | 76 |
| iv_508 | 2.476539760114626 × 10^299 | 4127 | 72 |

### Input Bits Sorted by Complexity

| Input Bit | Complexity | Occurrences | Output Occurrences |
|:---------:|:----------:|:-----------:|:------------------:|
| iv_497 | 4.3186637152502634 × 10^297 | 4111 | 89 |
| iv_499 | 1.5129481129046555 × 10^298 | 3938 | 83 |
| iv_500 | 2.5426269501813657 × 10^298 | 4096 | 76 |
| iv_501 | 4.188343281180499 × 10^298 | 4068 | 87 |
| iv_502 | 6.768086413865215 × 10^298 | 3871 | 80 |
| iv_503 | 1.0754173342646496 × 10^299 | 4050 | 83 |
| iv_506 | 1.2988800538249102 × 10^299 | 3928 | 80 |
| iv_504 | 1.676429558236901 × 10^299 | 3919 | 80 |
| iv_507 | 1.8648823275118607 × 10^299 | 4165 | 76 |
| iv_508 | 2.476539760114626 × 10^299 | 4127 | 72 |
| iv_505 | 2.5675819569281455 × 10^299 | 4070 | 82 |
| iv_498 | 2.5990673169329183 × 10^299 | 4377 | 69 |

### Input Bits Sorted by Occurrences

| Input Bit | Complexity | Occurrences | Output Occurrences |
|:---------:|:----------:|:-----------:|:------------------:|
| iv_502 | 6.768086413865215 × 10^298 | 3871 | 80 |
| iv_504 | 1.676429558236901 × 10^299 | 3919 | 80 |
| iv_506 | 1.2988800538249102 × 10^299 | 3928 | 80 |
| iv_499 | 1.5129481129046555 × 10^298 | 3938 | 83 |
| iv_503 | 1.0754173342646496 × 10^299 | 4050 | 83 |
| iv_501 | 4.188343281180499 × 10^298 | 4068 | 87 |
| iv_505 | 2.5675819569281455 × 10^299 | 4070 | 82 |
| iv_500 | 2.5426269501813657 × 10^298 | 4096 | 76 |
| iv_497 | 4.3186637152502634 × 10^297 | 4111 | 89 |
| iv_508 | 2.476539760114626 × 10^299 | 4127 | 72 |
| iv_507 | 1.8648823275118607 × 10^299 | 4165 | 76 |
| iv_498 | 2.5990673169329183 × 10^299 | 4377 | 69 |

### Input Bits Sorted by Output Occurrences

| Input Bit | Complexity | Occurrences | Output Occurrences |
|:---------:|:----------:|:-----------:|:------------------:|
| iv_498 | 2.5990673169329183 × 10^299 | 4377 | 69 |
| iv_508 | 2.476539760114626 × 10^299 | 4127 | 72 |
| iv_500 | 2.5426269501813657 × 10^298 | 4096 | 76 |
| iv_507 | 1.8648823275118607 × 10^299 | 4165 | 76 |
| iv_504 | 1.676429558236901 × 10^299 | 3919 | 80 |
| iv_506 | 1.2988800538249102 × 10^299 | 3928 | 80 |
| iv_502 | 6.768086413865215 × 10^298 | 3871 | 80 |
| iv_505 | 2.5675819569281455 × 10^299 | 4070 | 82 |
| iv_503 | 1.0754173342646496 × 10^299 | 4050 | 83 |
| iv_499 | 1.5129481129046555 × 10^298 | 3938 | 83 |
| iv_501 | 4.188343281180499 × 10^298 | 4068 | 87 |
| iv_497 | 4.3186637152502634 × 10^297 | 4111 | 89 |

## Input Bit Co-occurrences

### Input Bit Co-occurrences Sorted by Co-occurrences

| Input Bits | Co-occurrences | Potential Occurrences | Output Co-occurrences | Potential Output Occurrences |
|:----------:|:--------------:|:---------------------:|:---------------------:|:----------------------------:|
| iv_498-iv_508 | 2069 | 4366 | 27 | 87 |
| iv_498-iv_507 | 2050 | 4442 | 35 | 75 |
| iv_505-iv_507 | 2040 | 4155 | 39 | 80 |
| iv_498-iv_501 | 2032 | 4381 | 35 | 86 |
| iv_498-iv_505 | 2028 | 4391 | 39 | 73 |
| iv_501-iv_505 | 2027 | 4084 | 48 | 73 |
| iv_497-iv_507 | 2023 | 4230 | 42 | 81 |
| iv_497-iv_501 | 2017 | 4145 | 52 | 72 |
| iv_498-iv_503 | 1991 | 4445 | 42 | 68 |
| iv_504-iv_505 | 1990 | 4009 | 43 | 76 |
| iv_498-iv_500 | 1990 | 4493 | 31 | 83 |
| iv_497-iv_505 | 1990 | 4201 | 46 | 79 |

### Input Bit Co-occurrences Sorted by Potential Occurrences

| Input Bits | Co-occurrences | Potential Occurrences | Output Co-occurrences | Potential Output Occurrences |
|:----------:|:--------------:|:---------------------:|:---------------------:|:----------------------------:|
| iv_504-iv_505 | 1990 | 4009 | 43 | 76 |
| iv_501-iv_505 | 2027 | 4084 | 48 | 73 |
| iv_502-iv_505 | 1918 | 4105 | 43 | 76 |
| iv_504-iv_506 | 1865 | 4117 | 43 | 74 |
| iv_499-iv_504 | 1859 | 4139 | 40 | 83 |
| iv_497-iv_501 | 2017 | 4145 | 52 | 72 |
| iv_505-iv_507 | 2040 | 4155 | 39 | 80 |
| iv_499-iv_501 | 1913 | 4180 | 41 | 88 |
| iv_506-iv_507 | 1956 | 4181 | 33 | 90 |
| iv_503-iv_504 | 1889 | 4191 | 45 | 73 |
| iv_497-iv_503 | 1984 | 4193 | 48 | 76 |
| iv_499-iv_508 | 1935 | 4195 | 41 | 73 |

### Input Bit Output Co-occurrences Sorted by Output Co-occurrences

| Input Bits | Co-occurrences | Potential Occurrences | Output Co-occurrences | Potential Output Occurrences |
|:----------:|:--------------:|:---------------------:|:---------------------:|:----------------------------:|
| iv_497-iv_501 | 2017 | 4145 | 52 | 72 |
| iv_497-iv_504 | 1911 | 4208 | 49 | 71 |
| iv_501-iv_505 | 2027 | 4084 | 48 | 73 |
| iv_497-iv_503 | 1984 | 4193 | 48 | 76 |
| iv_497-iv_502 | 1881 | 4220 | 48 | 73 |
| iv_503-iv_505 | 1929 | 4262 | 47 | 71 |
| iv_501-iv_503 | 1930 | 4258 | 47 | 76 |
| iv_497-iv_505 | 1990 | 4201 | 46 | 79 |
| iv_503-iv_504 | 1889 | 4191 | 45 | 73 |
| iv_502-iv_504 | 1794 | 4202 | 45 | 70 |
| iv_497-iv_506 | 1906 | 4227 | 45 | 79 |
| iv_499-iv_506 | 1777 | 4312 | 44 | 75 |

### Input Bit Output Co-occurrences Sorted by Potential Output Occurrences

| Input Bits | Co-occurrences | Potential Occurrences | Output Co-occurrences | Potential Output Occurrences |
|:----------:|:--------------:|:---------------------:|:---------------------:|:----------------------------:|
| iv_504-iv_508 | 1915 | 4216 | 43 | 66 |
| iv_505-iv_508 | 1970 | 4257 | 44 | 66 |
| iv_498-iv_503 | 1991 | 4445 | 42 | 68 |
| iv_502-iv_504 | 1794 | 4202 | 45 | 70 |
| iv_503-iv_505 | 1929 | 4262 | 47 | 71 |
| iv_501-iv_508 | 1928 | 4339 | 44 | 71 |
| iv_497-iv_504 | 1911 | 4208 | 49 | 71 |
| iv_497-iv_501 | 2017 | 4145 | 52 | 72 |
| iv_503-iv_504 | 1889 | 4191 | 45 | 73 |
| iv_498-iv_505 | 2028 | 4391 | 39 | 73 |
| iv_498-iv_506 | 1957 | 4391 | 38 | 73 |
| iv_499-iv_500 | 1887 | 4260 | 43 | 73 |

## Output Bits

### Output Bits in Regular Order

| Rank | Output Bit | Complexity |
|:----:|:----------:|:----------:|
| 1 | ov_001 | 2.3953874053923196 × 10^299 |
| 2 | ov_002 | 2.080128678919759 × 10^299 |
| 3 | ov_003 | 1.79745480657823 × 10^299 |
| 4 | ov_004 | 1.5449093057857754 × 10^299 |
| 5 | ov_005 | 1.320169599051879 × 10^299 |
| 6 | ov_006 | 1.1210375284094316 × 10^299 |
| 7 | ov_007 | 9.454311017198792 × 10^298 |
| 8 | ov_008 | 7.913773714196894 × 10^298 |
| 9 | ov_009 | 6.570063526850853 × 10^298 |
| 10 | ov_010 | 5.405458798819922 × 10^298 |
| 11 | ov_011 | 4.4031729902221315 × 10^298 |
| 12 | ov_012 | 3.54731899801522 × 10^298 |
| 13 | ov_013 | 2.8228799653482514 × 10^298 |
| 14 | ov_014 | 2.21568572954176 × 10^298 |
| 15 | ov_015 | 1.712394114190716 × 10^298 |
| 16 | ov_016 | 1.300476326228702 × 10^298 |
| 17 | ov_017 | 9.68205773783682 × 10^297 |
| 18 | ov_018 | 7.046496754024112 × 10^297 |
| 19 | ov_019 | 4.996628858000276 × 10^297 |
| 20 | ov_020 | 3.438834177590251 × 10^297 |
| 21 | ov_021 | 2.287292165276438 × 10^297 |
| 22 | ov_022 | 1.4639586101618013 × 10^297 |
| 23 | ov_023 | 8.985497382972647 × 10^296 |
| 24 | ov_024 | 5.285317505821013 × 10^296 |
| 25 | ov_025 | 2.9911441896143056 × 10^296 |
| 26 | ov_026 | 1.6324757722471291 × 10^296 |
| 27 | ov_027 | 8.161946921575513 × 10^295 |
| 28 | ov_028 | 3.6508698030988775 × 10^295 |
| 29 | ov_029 | 1.4062662889605408 × 10^295 |
| 30 | ov_030 | 4.29751553193093 × 10^294 |
| 31 | ov_031 | 8.378731946408524 × 10^293 |
| 32 | lv_80_m31 | 1.6332551904021358 × 10^293 |
| 33 | ov_033 | 1.9582432177775318 × 10^294 |
| 34 | ov_034 | 1.6979649801017742 × 10^294 |
| 35 | ov_035 | 1.4650298023985514 × 10^294 |
| 36 | ov_036 | 1.257291523115158 × 10^294 |
| 37 | ov_037 | 1.0727204046737828 × 10^294 |
| 38 | ov_038 | 9.093948856233373 × 10^293 |
| 39 | ov_039 | 7.654944356908647 × 10^293 |
| 40 | ov_040 | 6.392934106132004 × 10^293 |
| 41 | ov_041 | 5.2915580888799395 × 10^293 |
| 42 | ov_042 | 4.335308377439005 × 10^293 |
| 43 | ov_043 | 3.516638964835102 × 10^293 |
| 44 | ov_044 | 2.821641114573583 × 10^293 |
| 45 | ov_045 | 2.2371651965216615 × 10^293 |
| 46 | ov_046 | 1.7508004496583239 × 10^293 |
| 47 | ov_047 | 1.3508589496908334 × 10^293 |
| 48 | ov_048 | 1.0263631496827323 × 10^293 |
| 49 | ov_049 | 7.670364094586575 × 10^292 |
| 50 | ov_050 | 5.632959769160177 × 10^292 |
| 51 | ov_051 | 4.0624793153519853 × 10^292 |
| 52 | ov_052 | 2.87683647389487 × 10^292 |
| 53 | ov_053 | 2.0007737985694815 × 10^292 |
| 54 | ov_054 | 1.3658464302771218 × 10^292 |
| 55 | ov_055 | 9.104113655213702 × 10^291 |
| 56 | ov_056 | 5.796206363723383 × 10^291 |
| 57 | ov_057 | 3.477483698075445 × 10^291 |
| 58 | ov_058 | 1.9246343757212782 × 10^291 |
| 59 | ov_059 | 9.482868879795122 × 10^290 |
| 60 | ov_060 | 3.930060205788689 × 10^290 |
| 61 | ov_061 | 1.372916001639076 × 10^290 |
| 62 | ov_062 | 3.766477186847211 × 10^289 |
| 63 | ov_063 | 7.341646754999498 × 10^288 |
| 64 | lv_79_m31 | 1.430709995719989 × 10^288 |
| 65 | ov_065 | 1.7038008436337464 × 10^289 |
| 66 | ov_066 | 1.7037965139566374 × 10^289 |
| 67 | ov_067 | 1.7037954901732073 × 10^289 |
| 68 | ov_068 | 1.475535848133437 × 10^289 |
| 69 | ov_069 | 1.2711413706672422 × 10^289 |
| 70 | ov_070 | 1.0888455951041633 × 10^289 |
| 71 | ov_071 | 9.269649180328981 × 10^288 |
| 72 | ov_072 | 7.838939184118862 × 10^288 |
| 73 | ov_073 | 6.581017210175178 × 10^288 |
| 74 | ov_074 | 5.48129187483678 × 10^288 |
| 75 | ov_075 | 4.5258673342060776 × 10^288 |
| 76 | ov_076 | 3.701525809055847 × 10^288 |
| 77 | ov_077 | 2.9957128548840176 × 10^288 |
| 78 | ov_078 | 2.3965244400757162 × 10^288 |
| 79 | ov_079 | 1.8926955282544038 × 10^288 |
| 80 | ov_080 | 1.473590068538796 × 10^288 |
| 81 | ov_081 | 1.1291922984451911 × 10^288 |
| 82 | ov_082 | 8.50099264922698 × 10^287 |
| 83 | ov_083 | 6.2751446954223964 × 10^287 |
| 84 | ov_084 | 4.532425442327628 × 10^287 |
| 85 | ov_085 | 3.1968486421446806 × 10^287 |
| 86 | ov_086 | 2.198360049525999 × 10^287 |
| 87 | ov_087 | 1.4728095006955223 × 10^287 |
| 88 | ov_088 | 9.619295722448568 × 10^286 |
| 89 | ov_089 | 6.133198901128927 × 10^286 |
| 90 | ov_090 | 3.8043615947842145 × 10^286 |
| 91 | ov_091 | 2.22582986401355 × 10^286 |
| 92 | ov_092 | 1.2087420978600998 × 10^286 |
| 93 | ov_093 | 5.934518974992889 × 10^285 |
| 94 | ov_094 | 2.4952045428292737 × 10^285 |
| 95 | aaa_78_28 | 7.57134367519812 × 10^284 |
| 96 | aaa_78_29 | 2.2620413823457875 × 10^284 |
| 97 | ov_097 | 1.1974657413032879 × 10^284 |
| 98 | ov_098 | 1.1974503945833423 × 10^284 |
| 99 | ov_099 | 1.1974454924577078 × 10^284 |
| 100 | ov_100 | 9.801507552142356 × 10^283 |
| 101 | ov_101 | 7.970602160437406 × 10^283 |
| 102 | ov_102 | 6.443877237376916 × 10^283 |
| 103 | ov_103 | 5.185550419867977 × 10^283 |
| 104 | ov_104 | 4.1617669894256776 × 10^283 |
| 105 | ov_105 | 3.3404680407291744 × 10^283 |
| 106 | ov_106 | 2.691276532949039 × 10^283 |
| 107 | ov_107 | 2.1853995260138233 × 10^283 |
| 108 | ov_108 | 1.7955449930124681 × 10^283 |
| 109 | ov_109 | 1.4958516863042742 × 10^283 |
| 110 | ov_110 | 1.2618306191929083 × 10^283 |
| 111 | ov_111 | 1.0703168076973652 × 10^283 |
| 112 | ov_112 | 8.994299984250944 × 10^282 |
| 113 | ov_113 | 7.479417403186895 × 10^282 |
| 114 | ov_114 | 6.146427369326507 × 10^282 |
| 115 | ov_115 | 4.9833815539839594 × 10^282 |
| 116 | ov_116 | 3.978438106608234 × 10^282 |
| 117 | ov_117 | 3.1198314588025004 × 10^282 |
| 118 | ov_118 | 2.3958492994704305 × 10^282 |
| 119 | ov_119 | 1.7948159309105675 × 10^282 |
| 120 | ov_120 | 1.3050806651299238 × 10^282 |
| 121 | ov_121 | 9.150094677218024 × 10^281 |
| 122 | ov_122 | 6.129788049277634 × 10^281 |
| 123 | ov_123 | 3.8737129902401475 × 10^281 |
| 124 | ov_124 | 2.2657279718373275 × 10^281 |
| 125 | ov_125 | 1.1897055528886939 × 10^281 |
| 126 | ov_126 | 5.295231131616708 × 10^280 |
| 127 | aaa_77_28 | 1.6905929572936526 × 10^280 |
| 128 | aaa_77_29 | 6.336308809883857 × 10^279 |
| 129 | ov_129 | 5.858319727506056 × 10^279 |
| 130 | ov_130 | 5.858302606124361 × 10^279 |
| 131 | ov_131 | 5.858298466935808 × 10^279 |
| 132 | ov_132 | 5.0775982543485324 × 10^279 |
| 133 | ov_133 | 4.378424178831711 × 10^279 |
| 134 | ov_134 | 3.754625088258178 × 10^279 |
| 135 | ov_135 | 3.200378220717365 × 10^279 |
| 136 | ov_136 | 2.7101656572219865 × 10^279 |
| 137 | ov_137 | 2.2787540630796798 × 10^279 |
| 138 | ov_138 | 1.9011774035244821 × 10^279 |
| 139 | ov_139 | 1.5727223351693194 × 10^279 |
| 140 | ov_140 | 1.28891599035313 × 10^279 |
| 141 | ov_141 | 1.0455158866201298 × 10^279 |
| 142 | ov_142 | 8.385017084720458 × 10^278 |
| 143 | ov_143 | 6.640687232491606 × 10^278 |
| 144 | ov_144 | 5.186226075801494 × 10^278 |
| 145 | ov_145 | 3.9877547533786655 × 10^278 |
| 146 | ov_146 | 3.0134291247990324 × 10^278 |
| 147 | ov_147 | 2.2334183855959604 × 10^278 |
| 148 | ov_148 | 1.6198902907747297 × 10^278 |
| 149 | ov_149 | 1.1470014721182662 × 10^278 |
| 150 | ov_150 | 7.908914782448769 × 10^277 |
| 151 | ov_151 | 5.296793098714344 × 10^277 |
| 152 | ov_152 | 3.434614160042579 × 10^277 |
| 153 | ov_153 | 2.1431044158770356 × 10^277 |
| 154 | ov_154 | 1.2627438782922318 × 10^277 |
| 155 | ov_155 | 6.537606136546726 × 10^276 |
| 156 | aaa_76_25 | 2.512052292003211 × 10^276 |
| 157 | aaa_76_26 | 1.4506147844579632 × 10^276 |
| 158 | aaa_76_27 | 7.425316255787937 × 10^275 |
| 159 | aaa_76_28 | 2.8909363440137894 × 10^275 |
| 160 | aaa_76_29 | 8.791480881914207 × 10^274 |

### Output Bits Sorted by Complexity

| Rank | Output Bit | Complexity |
|:----:|:----------:|:----------:|
| 160 | aaa_76_29 | 8.791480881914207 × 10^274 |
| 159 | aaa_76_28 | 2.8909363440137894 × 10^275 |
| 158 | aaa_76_27 | 7.425316255787937 × 10^275 |
| 157 | aaa_76_26 | 1.4506147844579632 × 10^276 |
| 156 | aaa_76_25 | 2.512052292003211 × 10^276 |
| 155 | ov_155 | 6.537606136546726 × 10^276 |
| 154 | ov_154 | 1.2627438782922318 × 10^277 |
| 153 | ov_153 | 2.1431044158770356 × 10^277 |
| 152 | ov_152 | 3.434614160042579 × 10^277 |
| 151 | ov_151 | 5.296793098714344 × 10^277 |
| 150 | ov_150 | 7.908914782448769 × 10^277 |
| 149 | ov_149 | 1.1470014721182662 × 10^278 |
| 148 | ov_148 | 1.6198902907747297 × 10^278 |
| 147 | ov_147 | 2.2334183855959604 × 10^278 |
| 146 | ov_146 | 3.0134291247990324 × 10^278 |
| 145 | ov_145 | 3.9877547533786655 × 10^278 |
| 144 | ov_144 | 5.186226075801494 × 10^278 |
| 143 | ov_143 | 6.640687232491606 × 10^278 |
| 142 | ov_142 | 8.385017084720458 × 10^278 |
| 141 | ov_141 | 1.0455158866201298 × 10^279 |
| 140 | ov_140 | 1.28891599035313 × 10^279 |
| 139 | ov_139 | 1.5727223351693194 × 10^279 |
| 138 | ov_138 | 1.9011774035244821 × 10^279 |
| 137 | ov_137 | 2.2787540630796798 × 10^279 |
| 136 | ov_136 | 2.7101656572219865 × 10^279 |
| 135 | ov_135 | 3.200378220717365 × 10^279 |
| 134 | ov_134 | 3.754625088258178 × 10^279 |
| 133 | ov_133 | 4.378424178831711 × 10^279 |
| 132 | ov_132 | 5.0775982543485324 × 10^279 |
| 131 | ov_131 | 5.858298466935808 × 10^279 |
| 130 | ov_130 | 5.858302606124361 × 10^279 |
| 129 | ov_129 | 5.858319727506056 × 10^279 |
| 128 | aaa_77_29 | 6.336308809883857 × 10^279 |
| 127 | aaa_77_28 | 1.6905929572936526 × 10^280 |
| 126 | ov_126 | 5.295231131616708 × 10^280 |
| 125 | ov_125 | 1.1897055528886939 × 10^281 |
| 124 | ov_124 | 2.2657279718373275 × 10^281 |
| 123 | ov_123 | 3.8737129902401475 × 10^281 |
| 122 | ov_122 | 6.129788049277634 × 10^281 |
| 121 | ov_121 | 9.150094677218024 × 10^281 |
| 120 | ov_120 | 1.3050806651299238 × 10^282 |
| 119 | ov_119 | 1.7948159309105675 × 10^282 |
| 118 | ov_118 | 2.3958492994704305 × 10^282 |
| 117 | ov_117 | 3.1198314588025004 × 10^282 |
| 116 | ov_116 | 3.978438106608234 × 10^282 |
| 115 | ov_115 | 4.9833815539839594 × 10^282 |
| 114 | ov_114 | 6.146427369326507 × 10^282 |
| 113 | ov_113 | 7.479417403186895 × 10^282 |
| 112 | ov_112 | 8.994299984250944 × 10^282 |
| 111 | ov_111 | 1.0703168076973652 × 10^283 |
| 110 | ov_110 | 1.2618306191929083 × 10^283 |
| 109 | ov_109 | 1.4958516863042742 × 10^283 |
| 108 | ov_108 | 1.7955449930124681 × 10^283 |
| 107 | ov_107 | 2.1853995260138233 × 10^283 |
| 106 | ov_106 | 2.691276532949039 × 10^283 |
| 105 | ov_105 | 3.3404680407291744 × 10^283 |
| 104 | ov_104 | 4.1617669894256776 × 10^283 |
| 103 | ov_103 | 5.185550419867977 × 10^283 |
| 102 | ov_102 | 6.443877237376916 × 10^283 |
| 101 | ov_101 | 7.970602160437406 × 10^283 |
| 100 | ov_100 | 9.801507552142356 × 10^283 |
| 99 | ov_099 | 1.1974454924577078 × 10^284 |
| 98 | ov_098 | 1.1974503945833423 × 10^284 |
| 97 | ov_097 | 1.1974657413032879 × 10^284 |
| 96 | aaa_78_29 | 2.2620413823457875 × 10^284 |
| 95 | aaa_78_28 | 7.57134367519812 × 10^284 |
| 94 | ov_094 | 2.4952045428292737 × 10^285 |
| 93 | ov_093 | 5.934518974992889 × 10^285 |
| 92 | ov_092 | 1.2087420978600998 × 10^286 |
| 91 | ov_091 | 2.22582986401355 × 10^286 |
| 90 | ov_090 | 3.8043615947842145 × 10^286 |
| 89 | ov_089 | 6.133198901128927 × 10^286 |
| 88 | ov_088 | 9.619295722448568 × 10^286 |
| 87 | ov_087 | 1.4728095006955223 × 10^287 |
| 86 | ov_086 | 2.198360049525999 × 10^287 |
| 85 | ov_085 | 3.1968486421446806 × 10^287 |
| 84 | ov_084 | 4.532425442327628 × 10^287 |
| 83 | ov_083 | 6.2751446954223964 × 10^287 |
| 82 | ov_082 | 8.50099264922698 × 10^287 |
| 81 | ov_081 | 1.1291922984451911 × 10^288 |
| 64 | lv_79_m31 | 1.430709995719989 × 10^288 |
| 80 | ov_080 | 1.473590068538796 × 10^288 |
| 79 | ov_079 | 1.8926955282544038 × 10^288 |
| 78 | ov_078 | 2.3965244400757162 × 10^288 |
| 77 | ov_077 | 2.9957128548840176 × 10^288 |
| 76 | ov_076 | 3.701525809055847 × 10^288 |
| 75 | ov_075 | 4.5258673342060776 × 10^288 |
| 74 | ov_074 | 5.48129187483678 × 10^288 |
| 73 | ov_073 | 6.581017210175178 × 10^288 |
| 63 | ov_063 | 7.341646754999498 × 10^288 |
| 72 | ov_072 | 7.838939184118862 × 10^288 |
| 71 | ov_071 | 9.269649180328981 × 10^288 |
| 70 | ov_070 | 1.0888455951041633 × 10^289 |
| 69 | ov_069 | 1.2711413706672422 × 10^289 |
| 68 | ov_068 | 1.475535848133437 × 10^289 |
| 67 | ov_067 | 1.7037954901732073 × 10^289 |
| 66 | ov_066 | 1.7037965139566374 × 10^289 |
| 65 | ov_065 | 1.7038008436337464 × 10^289 |
| 62 | ov_062 | 3.766477186847211 × 10^289 |
| 61 | ov_061 | 1.372916001639076 × 10^290 |
| 60 | ov_060 | 3.930060205788689 × 10^290 |
| 59 | ov_059 | 9.482868879795122 × 10^290 |
| 58 | ov_058 | 1.9246343757212782 × 10^291 |
| 57 | ov_057 | 3.477483698075445 × 10^291 |
| 56 | ov_056 | 5.796206363723383 × 10^291 |
| 55 | ov_055 | 9.104113655213702 × 10^291 |
| 54 | ov_054 | 1.3658464302771218 × 10^292 |
| 53 | ov_053 | 2.0007737985694815 × 10^292 |
| 52 | ov_052 | 2.87683647389487 × 10^292 |
| 51 | ov_051 | 4.0624793153519853 × 10^292 |
| 50 | ov_050 | 5.632959769160177 × 10^292 |
| 49 | ov_049 | 7.670364094586575 × 10^292 |
| 48 | ov_048 | 1.0263631496827323 × 10^293 |
| 47 | ov_047 | 1.3508589496908334 × 10^293 |
| 32 | lv_80_m31 | 1.6332551904021358 × 10^293 |
| 46 | ov_046 | 1.7508004496583239 × 10^293 |
| 45 | ov_045 | 2.2371651965216615 × 10^293 |
| 44 | ov_044 | 2.821641114573583 × 10^293 |
| 43 | ov_043 | 3.516638964835102 × 10^293 |
| 42 | ov_042 | 4.335308377439005 × 10^293 |
| 41 | ov_041 | 5.2915580888799395 × 10^293 |
| 40 | ov_040 | 6.392934106132004 × 10^293 |
| 39 | ov_039 | 7.654944356908647 × 10^293 |
| 31 | ov_031 | 8.378731946408524 × 10^293 |
| 38 | ov_038 | 9.093948856233373 × 10^293 |
| 37 | ov_037 | 1.0727204046737828 × 10^294 |
| 36 | ov_036 | 1.257291523115158 × 10^294 |
| 35 | ov_035 | 1.4650298023985514 × 10^294 |
| 34 | ov_034 | 1.6979649801017742 × 10^294 |
| 33 | ov_033 | 1.9582432177775318 × 10^294 |
| 30 | ov_030 | 4.29751553193093 × 10^294 |
| 29 | ov_029 | 1.4062662889605408 × 10^295 |
| 28 | ov_028 | 3.6508698030988775 × 10^295 |
| 27 | ov_027 | 8.161946921575513 × 10^295 |
| 26 | ov_026 | 1.6324757722471291 × 10^296 |
| 25 | ov_025 | 2.9911441896143056 × 10^296 |
| 24 | ov_024 | 5.285317505821013 × 10^296 |
| 23 | ov_023 | 8.985497382972647 × 10^296 |
| 22 | ov_022 | 1.4639586101618013 × 10^297 |
| 21 | ov_021 | 2.287292165276438 × 10^297 |
| 20 | ov_020 | 3.438834177590251 × 10^297 |
| 19 | ov_019 | 4.996628858000276 × 10^297 |
| 18 | ov_018 | 7.046496754024112 × 10^297 |
| 17 | ov_017 | 9.68205773783682 × 10^297 |
| 16 | ov_016 | 1.300476326228702 × 10^298 |
| 15 | ov_015 | 1.712394114190716 × 10^298 |
| 14 | ov_014 | 2.21568572954176 × 10^298 |
| 13 | ov_013 | 2.8228799653482514 × 10^298 |
| 12 | ov_012 | 3.54731899801522 × 10^298 |
| 11 | ov_011 | 4.4031729902221315 × 10^298 |
| 10 | ov_010 | 5.405458798819922 × 10^298 |
| 9 | ov_009 | 6.570063526850853 × 10^298 |
| 8 | ov_008 | 7.913773714196894 × 10^298 |
| 7 | ov_007 | 9.454311017198792 × 10^298 |
| 6 | ov_006 | 1.1210375284094316 × 10^299 |
| 5 | ov_005 | 1.320169599051879 × 10^299 |
| 4 | ov_004 | 1.5449093057857754 × 10^299 |
| 3 | ov_003 | 1.79745480657823 × 10^299 |
| 2 | ov_002 | 2.080128678919759 × 10^299 |
| 1 | ov_001 | 2.3953874053923196 × 10^299 |

