# Results for F001-F002-F003-F004-F005-F006-F007-F008-F009-F010-F011-F012-F013-F014-F015-F016-F017-F018-F019-F020-F021-F022-F023-F024-F025-F026-F027-F028-F029-F030-F031-F032-F033-F034-F035-F036-F037-F038-F039-F040-F041-F042-F043-F044-F045-F046-F047-F048-F049-F050-F051-F052-F053-F054-F055-F056-F057-F058-F059-F060-F061-F062-F063-F064-F065-F066-F067-F068-F069-F070-F071-F072-F073-F074-F075-F076-F077-F078-F079-F080-F081-F082-F083-F084-F085-F086-F087-F088-F089-F090-F091-F092-F093-F094-F095-F096-F097-F098-F099-F100-F101-F102-F103-F104-F105-F106-F107-F108-F109-F110-F111-F112-F113-F114-F115-F116-F117-F118-F119-F120-F121-F122-F123-F124-F125-F126-F127-F128-F129-F130-F131-F132-F133-F134-F135-F136-F137-F138-F139-F140-F141-F142-F143-F144-F145-F146-F147-F148-F149-F150-F151-F152-F153-F154-F155-F156-F157-F158-F159-F160-F161-F162-F163-F164-F165-F166-F167-F168-F169-F170-F171-F172-F173-F174-F175-F176-F177-F178-F179-F180-F181-F182-F183-F184-F185-F186-F187-F188-F189-F190-F191-F192-F193-F194-F195-F196-F197-F198-F199-F200-F201-F202-F203-F204-F205-F206-F207-F208-F209-F210-F211-F212-F213-F214-F215-F216-F217-F218-F219-F220-F221-F222-F223-F224-F225-F226-F227-F228-F229-F230-F231-F232-F233-F234-F235-F236-F237-F238-F239-F240-F241-F242-F243-F244-F245-F246-F247-F248-F249-F250-F251-F252-F253-F254-F255-F256-F257-F258-F259-F260-F261-F262-F263-F264-F265-F266-F267-F268-F269-F270-F271-F272-F273-F274-F275-F276-F277-F278-F279-F280-F281-F282-F283-F284-F285-F286-F287-F288-F289-F290-F291-F292-F293-F294-F295-F296-F297-F298-F299-F300-F301-F302-F303-F304-F305-F306-F307-F308-F309-F310-F311-F312-F313-F314-F315-F316-F317-F318-F319-F320-F321-F322-F323-F324-F325-F326-F327-F328-F329-F330-F331-F332-F333-F334-F335-F336-F337-F338-F339-F340-F341-F342-F343-F344-F345-F346-F347-F348-F349-F350-F351-F352-F353-F354-F355-F356-F357-F358-F359-F360-F361-F362-F363-F364-F365-F366-F367-F368-F369-F370-F371-F372-F373-F374-F375-F376-F377-F378-F379-F380-F381-F382-F383-F384-F385-F386-F387-F388-F389-F390-F391-F392-F393-F394-F395-F396-F397-F398-F399-F400-F401-F402-F403-F404-F405-F406-F407-F408-F409-F410-F411-F412-F413-F414-F415-F416-F417-F418-F419-F420-F421-F422-F423-F424-F425-F426-F427-F428-F429-F430-F431-F432-F433-F434-F435-F436-F437-F438-F439-F440-F441-F442-F443-F444-F445-F446-F447-F448-F449-F450-F451-F452-F453-F454-F455-F456-F457-F458-F459-F460-F461-F462-F463-F464-F465-F466-F467-F468-F469-F470-F471-F472-F473-F474-F475-F476-F477-F478-F479-F480-F481-F482-F483-F484-F485-F486-F487-F488-F489-F490-F491-F492-F493-F494-F495-F496-E507508-F509-F510-F512

## Summary

Number of input bits: 512  
Number of free input bits: 12  
Number of output bits: 160

Number of direct occurrences: 49139  
Number of assignments: 31490  
Number of operations: 11132337
(xor: 11104056,
and: 14882,
or: 13399)

Total complexity: 9.239186748600751 × 10^299

Least occurring input variable: iv_502 (3895)  
Most occurring input variable: iv_511 (4309)

Most co-occurring input variables: iv_504-iv_505 (2082)  
Least co-occurring input variables: iv_498-iv_502 (1768)

Potentially most occurring input variable: iv_507/iv_511 (4545)  
Potentially least occurring input variable: iv_504/iv_505 (4027)

Least output occurring input variable: iv_505 (71)  
Most output occurring input variable: iv_497 (93)

Most output co-occurring input variables: iv_497-iv_506 (55)  
Least output co-occurring input variables: iv_500-iv_505 (28)

Potentially most output occurring input variable: iv_497/iv_500 (91)  
Potentially least output occurring input variable: iv_502/iv_504 (65)

Least complex input bit: iv_511 (1.8005191661654468 × 10^296)  
Most complex input bit: iv_505 (2.4773883626852905 × 10^299)

Least complex output bit: aaa_76_29 (1.855848771929556 × 10^275)  
Most complex output bit: ov_001 (1.4443938122555184 × 10^299)

Least complex input/output complexity: iv_511/aaa_76_29 (3.616650874461252 × 10^271)  
Most complex input/output complexity: iv_505/ov_001 (3.872986355815772 × 10^298)

## Input Bits

### Input Bits in Regular Order

| Input Bit | Complexity | Occurrences | Output Occurrences |
|:---------:|:----------:|:-----------:|:------------------:|
| iv_497 | 3.753459050192241 × 10^297 | 4146 | 93 |
| iv_498 | 7.489257474789505 × 10^297 | 3945 | 88 |
| iv_499 | 1.3445529317752066 × 10^298 | 3957 | 81 |
| iv_500 | 2.3119802126035486 × 10^298 | 4124 | 76 |
| iv_501 | 3.8923348937148484 × 10^298 | 4092 | 83 |
| iv_502 | 6.388505913045906 × 10^298 | 3895 | 82 |
| iv_503 | 1.0258408924951883 × 10^299 | 4057 | 79 |
| iv_504 | 1.6103575899638433 × 10^299 | 4098 | 83 |
| iv_505 | 2.4773883626852905 × 10^299 | 4093 | 71 |
| iv_506 | 1.2632020051362223 × 10^299 | 4159 | 91 |
| iv_507 | 1.354432818790279 × 10^299 | 4264 | 78 |
| iv_511 | 1.8005191661654468 × 10^296 | 4309 | 80 |

### Input Bits Sorted by Complexity

| Input Bit | Complexity | Occurrences | Output Occurrences |
|:---------:|:----------:|:-----------:|:------------------:|
| iv_511 | 1.8005191661654468 × 10^296 | 4309 | 80 |
| iv_497 | 3.753459050192241 × 10^297 | 4146 | 93 |
| iv_498 | 7.489257474789505 × 10^297 | 3945 | 88 |
| iv_499 | 1.3445529317752066 × 10^298 | 3957 | 81 |
| iv_500 | 2.3119802126035486 × 10^298 | 4124 | 76 |
| iv_501 | 3.8923348937148484 × 10^298 | 4092 | 83 |
| iv_502 | 6.388505913045906 × 10^298 | 3895 | 82 |
| iv_503 | 1.0258408924951883 × 10^299 | 4057 | 79 |
| iv_506 | 1.2632020051362223 × 10^299 | 4159 | 91 |
| iv_507 | 1.354432818790279 × 10^299 | 4264 | 78 |
| iv_504 | 1.6103575899638433 × 10^299 | 4098 | 83 |
| iv_505 | 2.4773883626852905 × 10^299 | 4093 | 71 |

### Input Bits Sorted by Occurrences

| Input Bit | Complexity | Occurrences | Output Occurrences |
|:---------:|:----------:|:-----------:|:------------------:|
| iv_502 | 6.388505913045906 × 10^298 | 3895 | 82 |
| iv_498 | 7.489257474789505 × 10^297 | 3945 | 88 |
| iv_499 | 1.3445529317752066 × 10^298 | 3957 | 81 |
| iv_503 | 1.0258408924951883 × 10^299 | 4057 | 79 |
| iv_501 | 3.8923348937148484 × 10^298 | 4092 | 83 |
| iv_505 | 2.4773883626852905 × 10^299 | 4093 | 71 |
| iv_504 | 1.6103575899638433 × 10^299 | 4098 | 83 |
| iv_500 | 2.3119802126035486 × 10^298 | 4124 | 76 |
| iv_497 | 3.753459050192241 × 10^297 | 4146 | 93 |
| iv_506 | 1.2632020051362223 × 10^299 | 4159 | 91 |
| iv_507 | 1.354432818790279 × 10^299 | 4264 | 78 |
| iv_511 | 1.8005191661654468 × 10^296 | 4309 | 80 |

### Input Bits Sorted by Output Occurrences

| Input Bit | Complexity | Occurrences | Output Occurrences |
|:---------:|:----------:|:-----------:|:------------------:|
| iv_505 | 2.4773883626852905 × 10^299 | 4093 | 71 |
| iv_500 | 2.3119802126035486 × 10^298 | 4124 | 76 |
| iv_507 | 1.354432818790279 × 10^299 | 4264 | 78 |
| iv_503 | 1.0258408924951883 × 10^299 | 4057 | 79 |
| iv_511 | 1.8005191661654468 × 10^296 | 4309 | 80 |
| iv_499 | 1.3445529317752066 × 10^298 | 3957 | 81 |
| iv_502 | 6.388505913045906 × 10^298 | 3895 | 82 |
| iv_501 | 3.8923348937148484 × 10^298 | 4092 | 83 |
| iv_504 | 1.6103575899638433 × 10^299 | 4098 | 83 |
| iv_498 | 7.489257474789505 × 10^297 | 3945 | 88 |
| iv_506 | 1.2632020051362223 × 10^299 | 4159 | 91 |
| iv_497 | 3.753459050192241 × 10^297 | 4146 | 93 |

## Input Bit Co-occurrences

### Input Bit Co-occurrences Sorted by Co-occurrences

| Input Bits | Co-occurrences | Potential Occurrences | Output Co-occurrences | Potential Output Occurrences |
|:----------:|:--------------:|:---------------------:|:---------------------:|:----------------------------:|
| iv_504-iv_505 | 2082 | 4027 | 41 | 72 |
| iv_500-iv_511 | 2081 | 4271 | 38 | 80 |
| iv_506-iv_511 | 2058 | 4352 | 41 | 89 |
| iv_504-iv_507 | 2057 | 4248 | 44 | 73 |
| iv_501-iv_511 | 2034 | 4333 | 39 | 85 |
| iv_504-iv_511 | 2034 | 4339 | 46 | 71 |
| iv_503-iv_511 | 2029 | 4308 | 41 | 77 |
| iv_500-iv_506 | 2021 | 4241 | 48 | 71 |
| iv_506-iv_507 | 2019 | 4385 | 48 | 73 |
| iv_507-iv_511 | 2014 | 4545 | 37 | 84 |
| iv_497-iv_511 | 2010 | 4435 | 47 | 79 |
| iv_497-iv_501 | 2008 | 4222 | 48 | 80 |

### Input Bit Co-occurrences Sorted by Potential Occurrences

| Input Bits | Co-occurrences | Potential Occurrences | Output Co-occurrences | Potential Output Occurrences |
|:----------:|:--------------:|:---------------------:|:---------------------:|:----------------------------:|
| iv_504-iv_505 | 2082 | 4027 | 41 | 72 |
| iv_499-iv_504 | 1968 | 4119 | 42 | 80 |
| iv_498-iv_504 | 1962 | 4119 | 48 | 75 |
| iv_499-iv_501 | 1932 | 4185 | 44 | 76 |
| iv_500-iv_503 | 1989 | 4203 | 41 | 73 |
| iv_502-iv_504 | 1893 | 4207 | 50 | 65 |
| iv_499-iv_503 | 1902 | 4210 | 44 | 72 |
| iv_501-iv_505 | 1985 | 4215 | 40 | 74 |
| iv_497-iv_501 | 2008 | 4222 | 48 | 80 |
| iv_498-iv_506 | 1940 | 4224 | 48 | 83 |
| iv_499-iv_505 | 1910 | 4230 | 34 | 84 |
| iv_497-iv_502 | 1905 | 4231 | 52 | 71 |

### Input Bit Output Co-occurrences Sorted by Output Co-occurrences

| Input Bits | Co-occurrences | Potential Occurrences | Output Co-occurrences | Potential Output Occurrences |
|:----------:|:--------------:|:---------------------:|:---------------------:|:----------------------------:|
| iv_497-iv_506 | 1974 | 4357 | 55 | 74 |
| iv_501-iv_506 | 1977 | 4297 | 52 | 70 |
| iv_497-iv_502 | 1905 | 4231 | 52 | 71 |
| iv_502-iv_506 | 1906 | 4242 | 50 | 73 |
| iv_502-iv_504 | 1893 | 4207 | 50 | 65 |
| iv_497-iv_498 | 1893 | 4305 | 50 | 81 |
| iv_504-iv_506 | 1962 | 4333 | 49 | 76 |
| iv_498-iv_499 | 1833 | 4236 | 48 | 73 |
| iv_498-iv_501 | 1873 | 4291 | 48 | 75 |
| iv_498-iv_504 | 1962 | 4119 | 48 | 75 |
| iv_498-iv_506 | 1940 | 4224 | 48 | 83 |
| iv_499-iv_506 | 1930 | 4256 | 48 | 76 |

### Input Bit Output Co-occurrences Sorted by Potential Output Occurrences

| Input Bits | Co-occurrences | Potential Occurrences | Output Co-occurrences | Potential Output Occurrences |
|:----------:|:--------------:|:---------------------:|:---------------------:|:----------------------------:|
| iv_502-iv_504 | 1893 | 4207 | 50 | 65 |
| iv_501-iv_506 | 1977 | 4297 | 52 | 70 |
| iv_500-iv_506 | 2021 | 4241 | 48 | 71 |
| iv_504-iv_511 | 2034 | 4339 | 46 | 71 |
| iv_505-iv_511 | 1997 | 4408 | 40 | 71 |
| iv_497-iv_502 | 1905 | 4231 | 52 | 71 |
| iv_498-iv_507 | 1877 | 4455 | 47 | 72 |
| iv_499-iv_503 | 1902 | 4210 | 44 | 72 |
| iv_500-iv_507 | 2002 | 4384 | 41 | 72 |
| iv_502-iv_511 | 1924 | 4356 | 45 | 72 |
| iv_503-iv_505 | 1940 | 4270 | 39 | 72 |
| iv_504-iv_505 | 2082 | 4027 | 41 | 72 |

## Output Bits

### Output Bits in Regular Order

| Rank | Output Bit | Complexity |
|:----:|:----------:|:----------:|
| 1 | ov_001 | 1.4443938122555184 × 10^299 |
| 2 | ov_002 | 1.2568727468278758 × 10^299 |
| 3 | ov_003 | 1.0885176165778724 × 10^299 |
| 4 | ov_004 | 9.37891720451526 × 10^298 |
| 5 | ov_005 | 8.036370818170195 × 10^298 |
| 6 | ov_006 | 6.844688420201035 × 10^298 |
| 7 | ov_007 | 5.791703678624175 × 10^298 |
| 8 | ov_008 | 4.865890271215524 × 10^298 |
| 9 | ov_009 | 4.0563258104997045 × 10^298 |
| 10 | ov_010 | 3.352661334448362 × 10^298 |
| 11 | ov_011 | 2.7450957520563095 × 10^298 |
| 12 | ov_012 | 2.2243546680372507 × 10^298 |
| 13 | ov_013 | 1.7816730452621568 × 10^298 |
| 14 | ov_014 | 1.4087811974037852 × 10^298 |
| 15 | ov_015 | 1.0978936376747075 × 10^298 |
| 16 | ov_016 | 8.417003426548005 × 10^297 |
| 17 | ov_017 | 6.333600230789175 × 10^297 |
| 18 | ov_018 | 4.6649502616171 × 10^297 |
| 19 | ov_019 | 3.351875266259579 × 10^297 |
| 20 | ov_020 | 2.339767114510483 × 10^297 |
| 21 | ov_021 | 1.578567398105566 × 10^297 |
| 22 | ov_022 | 1.0227531872605074 × 10^297 |
| 23 | ov_023 | 6.313274596508833 × 10^296 |
| 24 | ov_024 | 3.6781287916012174 × 10^296 |
| 25 | ov_025 | 2.0024798948728872 × 10^296 |
| 26 | ov_026 | 1.011851293283784 × 10^296 |
| 27 | ov_027 | 4.76894516275039 × 10^295 |
| 28 | ov_028 | 2.1338536953279188 × 10^295 |
| 29 | ov_029 | 8.222269072241086 × 10^294 |
| 30 | ov_030 | 2.5136592063767187 × 10^294 |
| 31 | ov_031 | 4.903101503729859 × 10^293 |
| 32 | lv_80_m31 | 9.562360701277324 × 10^292 |
| 33 | ov_033 | 1.1512047292343885 × 10^294 |
| 34 | ov_034 | 9.99662829754865 × 10^293 |
| 35 | ov_035 | 8.639548163840727 × 10^293 |
| 36 | ov_036 | 7.427991009019183 × 10^293 |
| 37 | ov_037 | 6.349833786105319 × 10^293 |
| 38 | ov_038 | 5.393597715899851 × 10^293 |
| 39 | ov_039 | 4.548406278858071 × 10^293 |
| 40 | ov_040 | 3.803949124360087 × 10^293 |
| 41 | ov_041 | 3.15045129460498 × 10^293 |
| 42 | ov_042 | 2.583155625806085 × 10^293 |
| 43 | ov_043 | 2.097553689634103 × 10^293 |
| 44 | ov_044 | 1.6853369219811525 × 10^293 |
| 45 | ov_045 | 1.3386514011065417 × 10^293 |
| 46 | ov_046 | 1.0500858442632843 × 10^293 |
| 47 | ov_047 | 8.126620267889334 × 10^292 |
| 48 | ov_048 | 6.198272505253628 × 10^292 |
| 49 | ov_049 | 4.654485172351643 × 10^292 |
| 50 | ov_050 | 3.4380809095361585 × 10^292 |
| 51 | ov_051 | 2.4960017565116824 × 10^292 |
| 52 | ov_052 | 1.779284912839937 × 10^292 |
| 53 | ov_053 | 1.2430456982149627 × 10^292 |
| 54 | ov_054 | 8.464661323073837 × 10^291 |
| 55 | ov_055 | 5.527876788280243 × 10^291 |
| 56 | ov_056 | 3.4464523915945256 × 10^291 |
| 57 | ov_057 | 2.0670038015856845 × 10^291 |
| 58 | ov_058 | 1.1435279879679354 × 10^291 |
| 59 | ov_059 | 5.631493197646265 × 10^290 |
| 60 | ov_060 | 2.3324153817528232 × 10^290 |
| 61 | ov_061 | 8.142687315206739 × 10^289 |
| 62 | ov_062 | 2.232456228363764 × 10^289 |
| 63 | ov_063 | 4.348657522116066 × 10^288 |
| 64 | lv_79_m31 | 8.469051275461961 × 10^287 |
| 65 | ov_065 | 1.0127757934721535 × 10^289 |
| 66 | ov_066 | 1.0127726125142683 × 10^289 |
| 67 | ov_067 | 1.0127718340015805 × 10^289 |
| 68 | ov_068 | 8.7577799832778 × 10^288 |
| 69 | ov_069 | 7.53594246265725 × 10^288 |
| 70 | ov_070 | 6.450158324295063 × 10^288 |
| 71 | ov_071 | 5.4891213152899864 × 10^288 |
| 72 | ov_072 | 4.642216186724122 × 10^288 |
| 73 | ov_073 | 3.899472936833828 × 10^288 |
| 74 | ov_074 | 3.2515252593575074 × 10^288 |
| 75 | ov_075 | 2.689572971033851 × 10^288 |
| 76 | ov_076 | 2.2053481995761288 × 10^288 |
| 77 | ov_077 | 1.7910851194178892 × 10^288 |
| 78 | ov_078 | 1.4394930273071076 × 10^288 |
| 79 | ov_079 | 1.1437325536001664 × 10^288 |
| 80 | ov_080 | 8.97394808041413 × 10^287 |
| 81 | ov_081 | 6.944832610605469 × 10^287 |
| 82 | ov_082 | 5.2939816331053874 × 10^287 |
| 83 | ov_083 | 3.969233074112716 × 10^287 |
| 84 | ov_084 | 2.9221493674806456 × 10^287 |
| 85 | ov_085 | 2.107926067778072 × 10^287 |
| 86 | ov_086 | 1.485318046899033 × 10^287 |
| 87 | ov_087 | 1.0165813351766614 × 10^287 |
| 88 | ov_088 | 6.674286694727879 × 10^286 |
| 89 | ov_089 | 4.21575834517577 × 10^286 |
| 90 | ov_090 | 2.515607696296238 × 10^286 |
| 91 | ov_091 | 1.445004370531444 × 10^286 |
| 92 | ov_092 | 7.969626233701031 × 10^285 |
| 93 | ov_093 | 3.9822113746425145 × 10^285 |
| 94 | ov_094 | 1.7057639406950765 × 10^285 |
| 95 | aaa_78_28 | 5.267267479587537 × 10^284 |
| 96 | aaa_78_29 | 1.6176166887939683 × 10^284 |
| 97 | ov_097 | 1.067996371304055 × 10^284 |
| 98 | ov_098 | 1.0679644368614062 × 10^284 |
| 99 | ov_099 | 1.0679542384602337 × 10^284 |
| 100 | ov_100 | 9.609771318920537 × 10^283 |
| 101 | ov_101 | 8.619016653403568 × 10^283 |
| 102 | ov_102 | 7.70294078708779 × 10^283 |
| 103 | ov_103 | 6.8575209681915815 × 10^283 |
| 104 | ov_104 | 6.079008279618395 × 10^283 |
| 105 | ov_105 | 5.363890403276635 × 10^283 |
| 106 | ov_106 | 4.708857966222874 × 10^283 |
| 107 | ov_107 | 4.1107742789487295 × 10^283 |
| 108 | ov_108 | 3.5666482820623294 × 10^283 |
| 109 | ov_109 | 3.0736105223503486 × 10^283 |
| 110 | ov_110 | 2.62889198291108 × 10^283 |
| 111 | ov_111 | 2.229805594881871 × 10^283 |
| 112 | ov_112 | 1.8737302603923585 × 10^283 |
| 113 | ov_113 | 1.558097217893619 × 10^283 |
| 114 | ov_114 | 1.280378582066009 × 10^283 |
| 115 | ov_115 | 1.0380778912070373 × 10^283 |
| 116 | ov_116 | 8.287224954441774 × 10^282 |
| 117 | ov_117 | 6.498574412510626 × 10^282 |
| 118 | ov_118 | 4.9904050790583777 × 10^282 |
| 119 | ov_119 | 3.738382712781721 × 10^282 |
| 120 | ov_120 | 2.718230703831185 × 10^282 |
| 121 | ov_121 | 1.9057084726955775 × 10^282 |
| 122 | ov_122 | 1.2765975646854175 × 10^282 |
| 123 | ov_123 | 8.066925001019189 × 10^281 |
| 124 | ov_124 | 4.7179459884521735 × 10^281 |
| 125 | ov_125 | 2.4770815229823383 × 10^281 |
| 126 | ov_126 | 1.1023846924878185 × 10^281 |
| 127 | aaa_77_28 | 3.5191125217649336 × 10^280 |
| 128 | aaa_77_29 | 1.3187224749200624 × 10^280 |
| 129 | ov_129 | 1.2217306906820379 × 10^280 |
| 130 | ov_130 | 1.2217270744777264 × 10^280 |
| 131 | ov_131 | 1.2217261996347193 × 10^280 |
| 132 | ov_132 | 1.0589011424138434 × 10^280 |
| 133 | ov_133 | 9.131719481848653 × 10^279 |
| 134 | ov_134 | 7.832355588589336 × 10^279 |
| 135 | ov_135 | 6.678591558458613 × 10^279 |
| 136 | ov_136 | 5.658751441127803 × 10^279 |
| 137 | ov_137 | 4.761768192604777 × 10^279 |
| 138 | ov_138 | 3.977146533149431 × 10^279 |
| 139 | ov_139 | 3.294931382380658 × 10^279 |
| 140 | ov_140 | 2.7056812936672533 × 10^279 |
| 141 | ov_141 | 2.2004463411551512 × 10^279 |
| 142 | ov_142 | 1.7707499434359342 × 10^279 |
| 143 | ov_143 | 1.4085741380605612 × 10^279 |
| 144 | ov_144 | 1.106347850973414 × 10^279 |
| 145 | ov_145 | 8.56937734583805 × 10^278 |
| 146 | ov_146 | 6.53641177679907 × 10^278 |
| 147 | ov_147 | 4.901811197770894 × 10^278 |
| 148 | ov_148 | 3.607023318153077 × 10^278 |
| 149 | ov_149 | 2.597688544021334 × 10^278 |
| 150 | ov_150 | 1.82362314054114 × 10^278 |
| 151 | ov_151 | 1.2388086712853015 × 10^278 |
| 152 | ov_152 | 8.013856053083012 × 10^277 |
| 153 | ov_153 | 4.914633067088152 × 10^277 |
| 154 | ov_154 | 2.7549042060036827 × 10^277 |
| 155 | ov_155 | 1.377293323358317 × 10^277 |
| 156 | aaa_76_25 | 5.293170956208061 × 10^276 |
| 157 | aaa_76_26 | 3.057688811571202 × 10^276 |
| 158 | aaa_76_27 | 1.5657866363319903 × 10^276 |
| 159 | aaa_76_28 | 6.099362803880841 × 10^275 |
| 160 | aaa_76_29 | 1.855848771929556 × 10^275 |

### Output Bits Sorted by Complexity

| Rank | Output Bit | Complexity |
|:----:|:----------:|:----------:|
| 160 | aaa_76_29 | 1.855848771929556 × 10^275 |
| 159 | aaa_76_28 | 6.099362803880841 × 10^275 |
| 158 | aaa_76_27 | 1.5657866363319903 × 10^276 |
| 157 | aaa_76_26 | 3.057688811571202 × 10^276 |
| 156 | aaa_76_25 | 5.293170956208061 × 10^276 |
| 155 | ov_155 | 1.377293323358317 × 10^277 |
| 154 | ov_154 | 2.7549042060036827 × 10^277 |
| 153 | ov_153 | 4.914633067088152 × 10^277 |
| 152 | ov_152 | 8.013856053083012 × 10^277 |
| 151 | ov_151 | 1.2388086712853015 × 10^278 |
| 150 | ov_150 | 1.82362314054114 × 10^278 |
| 149 | ov_149 | 2.597688544021334 × 10^278 |
| 148 | ov_148 | 3.607023318153077 × 10^278 |
| 147 | ov_147 | 4.901811197770894 × 10^278 |
| 146 | ov_146 | 6.53641177679907 × 10^278 |
| 145 | ov_145 | 8.56937734583805 × 10^278 |
| 144 | ov_144 | 1.106347850973414 × 10^279 |
| 143 | ov_143 | 1.4085741380605612 × 10^279 |
| 142 | ov_142 | 1.7707499434359342 × 10^279 |
| 141 | ov_141 | 2.2004463411551512 × 10^279 |
| 140 | ov_140 | 2.7056812936672533 × 10^279 |
| 139 | ov_139 | 3.294931382380658 × 10^279 |
| 138 | ov_138 | 3.977146533149431 × 10^279 |
| 137 | ov_137 | 4.761768192604777 × 10^279 |
| 136 | ov_136 | 5.658751441127803 × 10^279 |
| 135 | ov_135 | 6.678591558458613 × 10^279 |
| 134 | ov_134 | 7.832355588589336 × 10^279 |
| 133 | ov_133 | 9.131719481848653 × 10^279 |
| 132 | ov_132 | 1.0589011424138434 × 10^280 |
| 131 | ov_131 | 1.2217261996347193 × 10^280 |
| 130 | ov_130 | 1.2217270744777264 × 10^280 |
| 129 | ov_129 | 1.2217306906820379 × 10^280 |
| 128 | aaa_77_29 | 1.3187224749200624 × 10^280 |
| 127 | aaa_77_28 | 3.5191125217649336 × 10^280 |
| 126 | ov_126 | 1.1023846924878185 × 10^281 |
| 125 | ov_125 | 2.4770815229823383 × 10^281 |
| 124 | ov_124 | 4.7179459884521735 × 10^281 |
| 123 | ov_123 | 8.066925001019189 × 10^281 |
| 122 | ov_122 | 1.2765975646854175 × 10^282 |
| 121 | ov_121 | 1.9057084726955775 × 10^282 |
| 120 | ov_120 | 2.718230703831185 × 10^282 |
| 119 | ov_119 | 3.738382712781721 × 10^282 |
| 118 | ov_118 | 4.9904050790583777 × 10^282 |
| 117 | ov_117 | 6.498574412510626 × 10^282 |
| 116 | ov_116 | 8.287224954441774 × 10^282 |
| 115 | ov_115 | 1.0380778912070373 × 10^283 |
| 114 | ov_114 | 1.280378582066009 × 10^283 |
| 113 | ov_113 | 1.558097217893619 × 10^283 |
| 112 | ov_112 | 1.8737302603923585 × 10^283 |
| 111 | ov_111 | 2.229805594881871 × 10^283 |
| 110 | ov_110 | 2.62889198291108 × 10^283 |
| 109 | ov_109 | 3.0736105223503486 × 10^283 |
| 108 | ov_108 | 3.5666482820623294 × 10^283 |
| 107 | ov_107 | 4.1107742789487295 × 10^283 |
| 106 | ov_106 | 4.708857966222874 × 10^283 |
| 105 | ov_105 | 5.363890403276635 × 10^283 |
| 104 | ov_104 | 6.079008279618395 × 10^283 |
| 103 | ov_103 | 6.8575209681915815 × 10^283 |
| 102 | ov_102 | 7.70294078708779 × 10^283 |
| 101 | ov_101 | 8.619016653403568 × 10^283 |
| 100 | ov_100 | 9.609771318920537 × 10^283 |
| 99 | ov_099 | 1.0679542384602337 × 10^284 |
| 98 | ov_098 | 1.0679644368614062 × 10^284 |
| 97 | ov_097 | 1.067996371304055 × 10^284 |
| 96 | aaa_78_29 | 1.6176166887939683 × 10^284 |
| 95 | aaa_78_28 | 5.267267479587537 × 10^284 |
| 94 | ov_094 | 1.7057639406950765 × 10^285 |
| 93 | ov_093 | 3.9822113746425145 × 10^285 |
| 92 | ov_092 | 7.969626233701031 × 10^285 |
| 91 | ov_091 | 1.445004370531444 × 10^286 |
| 90 | ov_090 | 2.515607696296238 × 10^286 |
| 89 | ov_089 | 4.21575834517577 × 10^286 |
| 88 | ov_088 | 6.674286694727879 × 10^286 |
| 87 | ov_087 | 1.0165813351766614 × 10^287 |
| 86 | ov_086 | 1.485318046899033 × 10^287 |
| 85 | ov_085 | 2.107926067778072 × 10^287 |
| 84 | ov_084 | 2.9221493674806456 × 10^287 |
| 83 | ov_083 | 3.969233074112716 × 10^287 |
| 82 | ov_082 | 5.2939816331053874 × 10^287 |
| 81 | ov_081 | 6.944832610605469 × 10^287 |
| 64 | lv_79_m31 | 8.469051275461961 × 10^287 |
| 80 | ov_080 | 8.97394808041413 × 10^287 |
| 79 | ov_079 | 1.1437325536001664 × 10^288 |
| 78 | ov_078 | 1.4394930273071076 × 10^288 |
| 77 | ov_077 | 1.7910851194178892 × 10^288 |
| 76 | ov_076 | 2.2053481995761288 × 10^288 |
| 75 | ov_075 | 2.689572971033851 × 10^288 |
| 74 | ov_074 | 3.2515252593575074 × 10^288 |
| 73 | ov_073 | 3.899472936833828 × 10^288 |
| 63 | ov_063 | 4.348657522116066 × 10^288 |
| 72 | ov_072 | 4.642216186724122 × 10^288 |
| 71 | ov_071 | 5.4891213152899864 × 10^288 |
| 70 | ov_070 | 6.450158324295063 × 10^288 |
| 69 | ov_069 | 7.53594246265725 × 10^288 |
| 68 | ov_068 | 8.7577799832778 × 10^288 |
| 67 | ov_067 | 1.0127718340015805 × 10^289 |
| 66 | ov_066 | 1.0127726125142683 × 10^289 |
| 65 | ov_065 | 1.0127757934721535 × 10^289 |
| 62 | ov_062 | 2.232456228363764 × 10^289 |
| 61 | ov_061 | 8.142687315206739 × 10^289 |
| 60 | ov_060 | 2.3324153817528232 × 10^290 |
| 59 | ov_059 | 5.631493197646265 × 10^290 |
| 58 | ov_058 | 1.1435279879679354 × 10^291 |
| 57 | ov_057 | 2.0670038015856845 × 10^291 |
| 56 | ov_056 | 3.4464523915945256 × 10^291 |
| 55 | ov_055 | 5.527876788280243 × 10^291 |
| 54 | ov_054 | 8.464661323073837 × 10^291 |
| 53 | ov_053 | 1.2430456982149627 × 10^292 |
| 52 | ov_052 | 1.779284912839937 × 10^292 |
| 51 | ov_051 | 2.4960017565116824 × 10^292 |
| 50 | ov_050 | 3.4380809095361585 × 10^292 |
| 49 | ov_049 | 4.654485172351643 × 10^292 |
| 48 | ov_048 | 6.198272505253628 × 10^292 |
| 47 | ov_047 | 8.126620267889334 × 10^292 |
| 32 | lv_80_m31 | 9.562360701277324 × 10^292 |
| 46 | ov_046 | 1.0500858442632843 × 10^293 |
| 45 | ov_045 | 1.3386514011065417 × 10^293 |
| 44 | ov_044 | 1.6853369219811525 × 10^293 |
| 43 | ov_043 | 2.097553689634103 × 10^293 |
| 42 | ov_042 | 2.583155625806085 × 10^293 |
| 41 | ov_041 | 3.15045129460498 × 10^293 |
| 40 | ov_040 | 3.803949124360087 × 10^293 |
| 39 | ov_039 | 4.548406278858071 × 10^293 |
| 31 | ov_031 | 4.903101503729859 × 10^293 |
| 38 | ov_038 | 5.393597715899851 × 10^293 |
| 37 | ov_037 | 6.349833786105319 × 10^293 |
| 36 | ov_036 | 7.427991009019183 × 10^293 |
| 35 | ov_035 | 8.639548163840727 × 10^293 |
| 34 | ov_034 | 9.99662829754865 × 10^293 |
| 33 | ov_033 | 1.1512047292343885 × 10^294 |
| 30 | ov_030 | 2.5136592063767187 × 10^294 |
| 29 | ov_029 | 8.222269072241086 × 10^294 |
| 28 | ov_028 | 2.1338536953279188 × 10^295 |
| 27 | ov_027 | 4.76894516275039 × 10^295 |
| 26 | ov_026 | 1.011851293283784 × 10^296 |
| 25 | ov_025 | 2.0024798948728872 × 10^296 |
| 24 | ov_024 | 3.6781287916012174 × 10^296 |
| 23 | ov_023 | 6.313274596508833 × 10^296 |
| 22 | ov_022 | 1.0227531872605074 × 10^297 |
| 21 | ov_021 | 1.578567398105566 × 10^297 |
| 20 | ov_020 | 2.339767114510483 × 10^297 |
| 19 | ov_019 | 3.351875266259579 × 10^297 |
| 18 | ov_018 | 4.6649502616171 × 10^297 |
| 17 | ov_017 | 6.333600230789175 × 10^297 |
| 16 | ov_016 | 8.417003426548005 × 10^297 |
| 15 | ov_015 | 1.0978936376747075 × 10^298 |
| 14 | ov_014 | 1.4087811974037852 × 10^298 |
| 13 | ov_013 | 1.7816730452621568 × 10^298 |
| 12 | ov_012 | 2.2243546680372507 × 10^298 |
| 11 | ov_011 | 2.7450957520563095 × 10^298 |
| 10 | ov_010 | 3.352661334448362 × 10^298 |
| 9 | ov_009 | 4.0563258104997045 × 10^298 |
| 8 | ov_008 | 4.865890271215524 × 10^298 |
| 7 | ov_007 | 5.791703678624175 × 10^298 |
| 6 | ov_006 | 6.844688420201035 × 10^298 |
| 5 | ov_005 | 8.036370818170195 × 10^298 |
| 4 | ov_004 | 9.37891720451526 × 10^298 |
| 3 | ov_003 | 1.0885176165778724 × 10^299 |
| 2 | ov_002 | 1.2568727468278758 × 10^299 |
| 1 | ov_001 | 1.4443938122555184 × 10^299 |

