# Results for F001-F002-F003-F004-F005-F006-F007-F008-F009-F010-F011-F012-F013-F014-F015-F016-F017-F018-F019-F020-F021-F022-F023-F024-F025-F026-F027-F028-F029-F030-F031-F032-F033-F034-F035-F036-F037-F038-F039-F040-F041-F042-F043-F044-F045-F046-F047-F048-F049-F050-F051-F052-F053-F054-F055-F056-F057-F058-F059-F060-F061-F062-F063-F064-F065-F066-F067-F068-F069-F070-F071-F072-F073-F074-F075-F076-F077-F078-F079-F080-F081-F082-F083-F084-F085-F086-F087-F088-F089-F090-F091-F092-F093-F094-F095-F096-F097-F098-F099-F100-F101-F102-F103-F104-F105-F106-F107-F108-F109-F110-F111-F112-F113-F114-F115-F116-F117-F118-F119-F120-F121-F122-F123-F124-F125-F126-F127-F128-F129-F130-F131-F132-F133-F134-F135-F136-F137-F138-F139-F140-F141-F142-F143-F144-F145-F146-F147-F148-F149-F150-F151-F152-F153-F154-F155-F156-F157-F158-F159-F160-F161-F162-F163-F164-F165-F166-F167-F168-F169-F170-F171-F172-F173-F174-F175-F176-F177-F178-F179-F180-F181-F182-F183-F184-F185-F186-F187-F188-F189-F190-F191-F192-F193-F194-F195-F196-F197-F198-F199-F200-F201-F202-F203-F204-F205-F206-F207-F208-F209-F210-F211-F212-F213-F214-F215-F216-F217-F218-F219-F220-F221-F222-F223-F224-F225-F226-F227-F228-F229-F230-F231-F232-F233-F234-F235-F236-F237-F238-F239-F240-F241-F242-F243-F244-F245-F246-F247-F248-F249-F250-F251-F252-F253-F254-F255-F256-F257-F258-F259-F260-F261-F262-F263-F264-F265-F266-F267-F268-F269-F270-F271-F272-F273-F274-F275-F276-F277-F278-F279-F280-F281-F282-F283-F284-F285-F286-F287-F288-F289-F290-F291-F292-F293-F294-F295-F296-F297-F298-F299-F300-F301-F302-F303-F304-F305-F306-F307-F308-F309-F310-F311-F312-F313-F314-F315-F316-F317-F318-F319-F320-F321-F322-F323-F324-F325-F326-F327-F328-F329-F330-F331-F332-F333-F334-F335-F336-F337-F338-F339-F340-F341-F342-F343-F344-F345-F346-F347-F348-F349-F350-F351-F352-F353-F354-F355-F356-F357-F358-F359-F360-F361-F362-F363-F364-F365-F366-F367-F368-F369-F370-F371-F372-F373-F374-F375-F376-F377-F378-F379-F380-F381-F382-F383-F384-F385-F386-F387-F388-F389-F390-F391-F392-F393-F394-F395-F396-F397-F398-F399-F400-F401-F402-F403-F404-F405-F406-F407-F408-F409-F410-F411-F412-F413-F414-F415-F416-F417-F418-F419-F420-F421-F422-F423-F424-F425-F426-F427-F428-F429-F430-F431-F432-F433-F434-F435-F436-F437-F438-F439-F440-F441-F442-F443-F444-F445-F446-F447-F448-F449-F450-F451-F452-F453-F454-F455-F456-F457-F458-F459-F460-F461-F462-F463-F464-F465-F466-F467-F468-F469-F470-F471-F472-F473-F474-F475-F476-F477-F478-F479-F480-F481-F482-F483-F484-F485-F486-F487-F488-F489-F490-F491-F492-F493-F494-F495-F496-F499-F505-F510-F512

## Summary

Number of input bits: 512  
Number of free input bits: 12  
Number of output bits: 160

Number of direct occurrences: 49585  
Number of assignments: 31500  
Number of operations: 11149130
(xor: 11120889,
and: 14842,
or: 13399)

Total complexity: 8.55128784554307 × 10^299

Least occurring input variable: iv_504 (3945)  
Most occurring input variable: iv_503 (4306)

Most co-occurring input variables: iv_503-iv_507 (2137)  
Least co-occurring input variables: iv_498-iv_504 (1845)

Potentially most occurring input variable: iv_509/iv_511 (4538)  
Potentially least occurring input variable: iv_501/iv_502 (4146)

Least output occurring input variable: iv_508 (74)  
Most output occurring input variable: iv_497 (93)

Most output co-occurring input variables: iv_498-iv_509 (52)  
Least output co-occurring input variables: iv_500-iv_502 (32)

Potentially most output occurring input variable: iv_500/iv_502 (95)  
Potentially least output occurring input variable: iv_502/iv_508 (65)

Least complex input bit: iv_511 (2.02339606785673 × 10^296)  
Most complex input bit: iv_509 (2.086266042803006 × 10^299)

Least complex output bit: aaa_76_29 (1.3698491052610274 × 10^275)  
Most complex output bit: ov_001 (1.3369205796843364 × 10^299)

Least complex input/output complexity: iv_511/aaa_76_29 (3.241321474854634 × 10^271)  
Most complex input/output complexity: iv_509/ov_001 (3.261698188271901 × 10^298)

## Input Bits

### Input Bits in Regular Order

| Input Bit | Complexity | Occurrences | Output Occurrences |
|:---------:|:----------:|:-----------:|:------------------:|
| iv_497 | 4.6920267875216145 × 10^297 | 4162 | 93 |
| iv_498 | 9.353307148007211 × 10^297 | 3955 | 88 |
| iv_500 | 2.7704969192142804 × 10^298 | 4140 | 76 |
| iv_501 | 4.5769984742791894 × 10^298 | 4117 | 83 |
| iv_502 | 7.406074535180384 × 10^298 | 4139 | 83 |
| iv_503 | 4.3661950048849717 × 10^298 | 4306 | 87 |
| iv_504 | 2.21408897022452 × 10^298 | 3945 | 78 |
| iv_506 | 7.62455825735316 × 10^298 | 3980 | 82 |
| iv_507 | 1.3799103319697298 × 10^299 | 4191 | 76 |
| iv_508 | 2.0467935192335617 × 10^299 | 4148 | 74 |
| iv_509 | 2.086266042803006 × 10^299 | 4233 | 87 |
| iv_511 | 2.02339606785673 × 10^296 | 4269 | 80 |

### Input Bits Sorted by Complexity

| Input Bit | Complexity | Occurrences | Output Occurrences |
|:---------:|:----------:|:-----------:|:------------------:|
| iv_511 | 2.02339606785673 × 10^296 | 4269 | 80 |
| iv_497 | 4.6920267875216145 × 10^297 | 4162 | 93 |
| iv_498 | 9.353307148007211 × 10^297 | 3955 | 88 |
| iv_504 | 2.21408897022452 × 10^298 | 3945 | 78 |
| iv_500 | 2.7704969192142804 × 10^298 | 4140 | 76 |
| iv_503 | 4.3661950048849717 × 10^298 | 4306 | 87 |
| iv_501 | 4.5769984742791894 × 10^298 | 4117 | 83 |
| iv_502 | 7.406074535180384 × 10^298 | 4139 | 83 |
| iv_506 | 7.62455825735316 × 10^298 | 3980 | 82 |
| iv_507 | 1.3799103319697298 × 10^299 | 4191 | 76 |
| iv_508 | 2.0467935192335617 × 10^299 | 4148 | 74 |
| iv_509 | 2.086266042803006 × 10^299 | 4233 | 87 |

### Input Bits Sorted by Occurrences

| Input Bit | Complexity | Occurrences | Output Occurrences |
|:---------:|:----------:|:-----------:|:------------------:|
| iv_504 | 2.21408897022452 × 10^298 | 3945 | 78 |
| iv_498 | 9.353307148007211 × 10^297 | 3955 | 88 |
| iv_506 | 7.62455825735316 × 10^298 | 3980 | 82 |
| iv_501 | 4.5769984742791894 × 10^298 | 4117 | 83 |
| iv_502 | 7.406074535180384 × 10^298 | 4139 | 83 |
| iv_500 | 2.7704969192142804 × 10^298 | 4140 | 76 |
| iv_508 | 2.0467935192335617 × 10^299 | 4148 | 74 |
| iv_497 | 4.6920267875216145 × 10^297 | 4162 | 93 |
| iv_507 | 1.3799103319697298 × 10^299 | 4191 | 76 |
| iv_509 | 2.086266042803006 × 10^299 | 4233 | 87 |
| iv_511 | 2.02339606785673 × 10^296 | 4269 | 80 |
| iv_503 | 4.3661950048849717 × 10^298 | 4306 | 87 |

### Input Bits Sorted by Output Occurrences

| Input Bit | Complexity | Occurrences | Output Occurrences |
|:---------:|:----------:|:-----------:|:------------------:|
| iv_508 | 2.0467935192335617 × 10^299 | 4148 | 74 |
| iv_500 | 2.7704969192142804 × 10^298 | 4140 | 76 |
| iv_507 | 1.3799103319697298 × 10^299 | 4191 | 76 |
| iv_504 | 2.21408897022452 × 10^298 | 3945 | 78 |
| iv_511 | 2.02339606785673 × 10^296 | 4269 | 80 |
| iv_506 | 7.62455825735316 × 10^298 | 3980 | 82 |
| iv_501 | 4.5769984742791894 × 10^298 | 4117 | 83 |
| iv_502 | 7.406074535180384 × 10^298 | 4139 | 83 |
| iv_503 | 4.3661950048849717 × 10^298 | 4306 | 87 |
| iv_509 | 2.086266042803006 × 10^299 | 4233 | 87 |
| iv_498 | 9.353307148007211 × 10^297 | 3955 | 88 |
| iv_497 | 4.6920267875216145 × 10^297 | 4162 | 93 |

## Input Bit Co-occurrences

### Input Bit Co-occurrences Sorted by Co-occurrences

| Input Bits | Co-occurrences | Potential Occurrences | Output Co-occurrences | Potential Output Occurrences |
|:----------:|:--------------:|:---------------------:|:---------------------:|:----------------------------:|
| iv_503-iv_507 | 2137 | 4223 | 48 | 67 |
| iv_502-iv_503 | 2131 | 4183 | 48 | 74 |
| iv_503-iv_511 | 2103 | 4369 | 45 | 77 |
| iv_501-iv_503 | 2086 | 4251 | 47 | 76 |
| iv_500-iv_511 | 2081 | 4247 | 38 | 80 |
| iv_503-iv_509 | 2080 | 4379 | 49 | 76 |
| iv_508-iv_509 | 2074 | 4233 | 40 | 81 |
| iv_507-iv_509 | 2062 | 4300 | 44 | 75 |
| iv_501-iv_502 | 2055 | 4146 | 43 | 80 |
| iv_497-iv_507 | 2049 | 4255 | 44 | 81 |
| iv_497-iv_503 | 2048 | 4372 | 52 | 76 |
| iv_500-iv_503 | 2048 | 4350 | 40 | 83 |

### Input Bit Co-occurrences Sorted by Potential Occurrences

| Input Bits | Co-occurrences | Potential Occurrences | Output Co-occurrences | Potential Output Occurrences |
|:----------:|:--------------:|:---------------------:|:---------------------:|:----------------------------:|
| iv_501-iv_502 | 2055 | 4146 | 43 | 80 |
| iv_504-iv_506 | 1877 | 4171 | 42 | 76 |
| iv_506-iv_507 | 1995 | 4181 | 39 | 80 |
| iv_502-iv_503 | 2131 | 4183 | 48 | 74 |
| iv_498-iv_504 | 1845 | 4210 | 46 | 74 |
| iv_503-iv_507 | 2137 | 4223 | 48 | 67 |
| iv_497-iv_506 | 1955 | 4232 | 51 | 73 |
| iv_508-iv_509 | 2074 | 4233 | 40 | 81 |
| iv_498-iv_506 | 1850 | 4235 | 41 | 88 |
| iv_500-iv_511 | 2081 | 4247 | 38 | 80 |
| iv_501-iv_503 | 2086 | 4251 | 47 | 76 |
| iv_497-iv_504 | 1927 | 4253 | 50 | 71 |

### Input Bit Output Co-occurrences Sorted by Output Co-occurrences

| Input Bits | Co-occurrences | Potential Occurrences | Output Co-occurrences | Potential Output Occurrences |
|:----------:|:--------------:|:---------------------:|:---------------------:|:----------------------------:|
| iv_497-iv_503 | 2048 | 4372 | 52 | 76 |
| iv_498-iv_509 | 1881 | 4426 | 52 | 71 |
| iv_498-iv_503 | 1906 | 4449 | 51 | 73 |
| iv_497-iv_506 | 1955 | 4232 | 51 | 73 |
| iv_502-iv_509 | 2001 | 4370 | 50 | 70 |
| iv_497-iv_504 | 1927 | 4253 | 50 | 71 |
| iv_497-iv_498 | 1891 | 4335 | 50 | 81 |
| iv_497-iv_509 | 2020 | 4355 | 50 | 80 |
| iv_501-iv_509 | 2034 | 4282 | 49 | 72 |
| iv_503-iv_509 | 2080 | 4379 | 49 | 76 |
| iv_497-iv_502 | 2005 | 4291 | 49 | 78 |
| iv_502-iv_503 | 2131 | 4183 | 48 | 74 |

### Input Bit Output Co-occurrences Sorted by Potential Output Occurrences

| Input Bits | Co-occurrences | Potential Occurrences | Output Co-occurrences | Potential Output Occurrences |
|:----------:|:--------------:|:---------------------:|:---------------------:|:----------------------------:|
| iv_502-iv_508 | 1983 | 4321 | 46 | 65 |
| iv_503-iv_507 | 2137 | 4223 | 48 | 67 |
| iv_498-iv_508 | 1878 | 4347 | 47 | 68 |
| iv_502-iv_509 | 2001 | 4370 | 50 | 70 |
| iv_501-iv_508 | 1941 | 4383 | 43 | 71 |
| iv_497-iv_504 | 1927 | 4253 | 50 | 71 |
| iv_498-iv_509 | 1881 | 4426 | 52 | 71 |
| iv_501-iv_509 | 2034 | 4282 | 49 | 72 |
| iv_504-iv_508 | 1915 | 4263 | 40 | 72 |
| iv_498-iv_503 | 1906 | 4449 | 51 | 73 |
| iv_497-iv_506 | 1955 | 4232 | 51 | 73 |
| iv_502-iv_503 | 2131 | 4183 | 48 | 74 |

## Output Bits

### Output Bits in Regular Order

| Rank | Output Bit | Complexity |
|:----:|:----------:|:----------:|
| 1 | ov_001 | 1.3369205796843364 × 10^299 |
| 2 | ov_002 | 1.1633164850290206 × 10^299 |
| 3 | ov_003 | 1.0074668216218125 × 10^299 |
| 4 | ov_004 | 8.680385160213126 × 10^298 |
| 5 | ov_005 | 7.437717100863338 × 10^298 |
| 6 | ov_006 | 6.334746008544858 × 10^298 |
| 7 | ov_007 | 5.360189375980771 × 10^298 |
| 8 | ov_008 | 4.5033611991037043 × 10^298 |
| 9 | ov_009 | 3.754138443240684 × 10^298 |
| 10 | ov_010 | 3.1029324580936155 × 10^298 |
| 11 | ov_011 | 2.540664866642016 × 10^298 |
| 12 | ov_012 | 2.0587474863123495 × 10^298 |
| 13 | ov_013 | 1.649065805384932 × 10^298 |
| 14 | ov_014 | 1.303965535635969 × 10^298 |
| 15 | ov_015 | 1.0162417937660368 × 10^298 |
| 16 | ov_016 | 7.791305175492719 × 10^297 |
| 17 | ov_017 | 5.863017979353315 × 10^297 |
| 18 | ov_018 | 4.318548391869681 × 10^297 |
| 19 | ov_019 | 3.103142455917115 × 10^297 |
| 20 | ov_020 | 2.166273418140853 × 10^297 |
| 21 | ov_021 | 1.4616227715117669 × 10^297 |
| 22 | ov_022 | 9.47067196934839 × 10^296 |
| 23 | ov_023 | 5.846698572498443 × 10^296 |
| 24 | ov_024 | 3.406747946645237 × 10^296 |
| 25 | ov_025 | 1.8550354870150155 × 10^296 |
| 26 | ov_026 | 9.3753339718988 × 10^295 |
| 27 | ov_027 | 4.4196234338145844 × 10^295 |
| 28 | ov_028 | 1.9778818346052745 × 10^295 |
| 29 | ov_029 | 7.622086550996823 × 10^294 |
| 30 | ov_030 | 2.3301324806756476 × 10^294 |
| 31 | ov_031 | 4.54395182166972 × 10^293 |
| 32 | lv_80_m31 | 8.85751121085958 × 10^292 |
| 33 | ov_033 | 1.0695781822944018 × 10^294 |
| 34 | ov_034 | 9.297363981604724 × 10^293 |
| 35 | ov_035 | 8.043366663482795 × 10^293 |
| 36 | ov_036 | 6.921638493748449 × 10^293 |
| 37 | ov_037 | 5.920691156698203 × 10^293 |
| 38 | ov_038 | 5.034940035542006 × 10^293 |
| 39 | ov_039 | 4.254089302222616 × 10^293 |
| 40 | ov_040 | 3.5683842087818202 × 10^293 |
| 41 | ov_041 | 2.9685811475154914 × 10^293 |
| 42 | ov_042 | 2.445922190539865 × 10^293 |
| 43 | ov_043 | 1.9961468758084185 × 10^293 |
| 44 | ov_044 | 1.6114078048979486 × 10^293 |
| 45 | ov_045 | 1.284289111670777 × 10^293 |
| 46 | ov_046 | 1.0111890819637343 × 10^293 |
| 47 | ov_047 | 7.855211777014355 × 10^292 |
| 48 | ov_048 | 6.011010717627156 × 10^292 |
| 49 | ov_049 | 4.5214075322686465 × 10^292 |
| 50 | ov_050 | 3.332440745548389 × 10^292 |
| 51 | ov_051 | 2.394034801701656 × 10^292 |
| 52 | ov_052 | 1.6821199743457378 × 10^292 |
| 53 | ov_053 | 1.154330125648396 × 10^292 |
| 54 | ov_054 | 7.721354488484238 × 10^291 |
| 55 | ov_055 | 5.0083590982683456 × 10^291 |
| 56 | ov_056 | 3.095572344799669 × 10^291 |
| 57 | ov_057 | 1.8381834760333177 × 10^291 |
| 58 | ov_058 | 1.0039036700832823 × 10^291 |
| 59 | ov_059 | 4.861424074282865 × 10^290 |
| 60 | ov_060 | 1.9741478591720674 × 10^290 |
| 61 | ov_061 | 6.934072242266711 × 10^289 |
| 62 | ov_062 | 2.1186817993429747 × 10^289 |
| 63 | ov_063 | 4.12994221582195 × 10^288 |
| 64 | lv_79_m31 | 8.048879769017209 × 10^287 |
| 65 | ov_065 | 9.688027786265061 × 10^288 |
| 66 | ov_066 | 9.68799904191623 × 10^288 |
| 67 | ov_067 | 9.687992007312894 × 10^288 |
| 68 | ov_068 | 8.400980182852946 × 10^288 |
| 69 | ov_069 | 7.250175040053255 × 10^288 |
| 70 | ov_070 | 6.224687151007293 × 10^288 |
| 71 | ov_071 | 5.314296845454754 × 10^288 |
| 72 | ov_072 | 4.509408867626299 × 10^288 |
| 73 | ov_073 | 3.801011047634723 × 10^288 |
| 74 | ov_074 | 3.180636773503444 × 10^288 |
| 75 | ov_075 | 2.640331058366822 × 10^288 |
| 76 | ov_076 | 2.1726200043599607 × 10^288 |
| 77 | ov_077 | 1.7704834704179626 × 10^288 |
| 78 | ov_078 | 1.4273307557938534 × 10^288 |
| 79 | ov_079 | 1.1369791147368137 × 10^288 |
| 80 | ov_080 | 8.936349205925 × 10^287 |
| 81 | ov_081 | 6.91877299728198 × 10^287 |
| 82 | ov_082 | 5.266440572688091 × 10^287 |
| 83 | ov_083 | 3.932197177653089 × 10^287 |
| 84 | ov_084 | 2.8722550470384416 × 10^287 |
| 85 | ov_085 | 2.04611083288127 × 10^287 |
| 86 | ov_086 | 1.4164789126517873 × 10^287 |
| 87 | ov_087 | 9.492388277518644 × 10^286 |
| 88 | ov_088 | 6.133951033386154 × 10^286 |
| 89 | ov_089 | 3.8104770128963404 × 10^286 |
| 90 | ov_090 | 2.273713585110774 × 10^286 |
| 91 | ov_091 | 1.3060206297164839 × 10^286 |
| 92 | ov_092 | 7.202893456830692 × 10^285 |
| 93 | ov_093 | 3.598986430728449 × 10^285 |
| 94 | ov_094 | 1.5415631048676934 × 10^285 |
| 95 | aaa_78_28 | 4.760092868469079 × 10^284 |
| 96 | aaa_78_29 | 1.4617977278395129 × 10^284 |
| 97 | ov_097 | 9.650298006862988 × 10^283 |
| 98 | ov_098 | 9.650008096403692 × 10^283 |
| 99 | ov_099 | 9.649915410523872 × 10^283 |
| 100 | ov_100 | 8.68246615721263 × 10^283 |
| 101 | ov_101 | 7.786687641231836 × 10^283 |
| 102 | ov_102 | 6.958611552381102 × 10^283 |
| 103 | ov_103 | 6.1945576728467305 × 10^283 |
| 104 | ov_104 | 5.49109733849364 × 10^283 |
| 105 | ov_105 | 4.84502017059536 × 10^283 |
| 106 | ov_106 | 4.2533039066161905 × 10^283 |
| 107 | ov_107 | 3.7130871651507186 × 10^283 |
| 108 | ov_108 | 3.2216449854168963 × 10^283 |
| 109 | ov_109 | 2.77636698594837 × 10^283 |
| 110 | ov_110 | 2.374737990480215 × 10^283 |
| 111 | ov_111 | 2.0143209716038598 × 10^283 |
| 112 | ov_112 | 1.6927421647066099 × 10^283 |
| 113 | ov_113 | 1.4076782061233794 × 10^283 |
| 114 | ov_114 | 1.1568451504177046 × 10^283 |
| 115 | ov_115 | 9.379892223706747 × 10^282 |
| 116 | ov_116 | 7.488791596749727 × 10^282 |
| 117 | ov_117 | 5.873000025810502 × 10^282 |
| 118 | ov_118 | 4.510481868845419 × 10^282 |
| 119 | ov_119 | 3.379277967229228 × 10^282 |
| 120 | ov_120 | 2.4574783369331748 × 10^282 |
| 121 | ov_121 | 1.7232035882793173 × 10^282 |
| 122 | ov_122 | 1.154592996978685 × 10^282 |
| 123 | ov_123 | 7.297966857344657 × 10^281 |
| 124 | ov_124 | 4.269703771049581 × 10^281 |
| 125 | ov_125 | 2.2427217602491975 × 10^281 |
| 126 | ov_126 | 9.986097343582853 × 10^280 |
| 127 | aaa_77_28 | 3.189586756928432 × 10^280 |
| 128 | aaa_77_29 | 1.1962120855562006 × 10^280 |
| 129 | ov_129 | 1.1172629123751673 × 10^280 |
| 130 | ov_130 | 1.1172597794437864 × 10^280 |
| 131 | ov_131 | 1.1172590212055028 × 10^280 |
| 132 | ov_132 | 9.708593399794273 × 10^279 |
| 133 | ov_133 | 8.395227785929206 × 10^279 |
| 134 | ov_134 | 7.221194702740549 × 10^279 |
| 135 | ov_135 | 6.175807706426685 × 10^279 |
| 136 | ov_136 | 5.248948908144618 × 10^279 |
| 137 | ov_137 | 4.431031166265276 × 10^279 |
| 138 | ov_138 | 3.712965594086637 × 10^279 |
| 139 | ov_139 | 3.0861338654476957 × 10^279 |
| 140 | ov_140 | 2.5423648280042922 × 10^279 |
| 141 | ov_141 | 2.0739149605493062 × 10^279 |
| 142 | ov_142 | 1.6734522368397297 × 10^279 |
| 143 | ov_143 | 1.334042984061002 × 10^279 |
| 144 | ov_144 | 1.0491413494222079 × 10^279 |
| 145 | ov_145 | 8.125810135225758 × 10^278 |
| 146 | ov_146 | 6.185688141299634 × 10^278 |
| 147 | ov_147 | 4.616799689179046 × 10^278 |
| 148 | ov_148 | 3.368546105550482 × 10^278 |
| 149 | ov_149 | 2.3939537235227504 × 10^278 |
| 150 | ov_150 | 1.6496578746193776 × 10^278 |
| 151 | ov_151 | 1.0958928939863185 × 10^278 |
| 152 | ov_152 | 6.964862641663121 × 10^277 |
| 153 | ov_153 | 4.1885534113128015 × 10^277 |
| 154 | ov_154 | 2.340055505870299 × 10^277 |
| 155 | ov_155 | 1.1652937622223021 × 10^277 |
| 156 | aaa_76_25 | 4.46058088893699 × 10^276 |
| 157 | aaa_76_26 | 2.5508943633959985 × 10^276 |
| 158 | aaa_76_27 | 1.283997471108374 × 10^276 |
| 159 | aaa_76_28 | 4.805914275972484 × 10^275 |
| 160 | aaa_76_29 | 1.3698491052610274 × 10^275 |

### Output Bits Sorted by Complexity

| Rank | Output Bit | Complexity |
|:----:|:----------:|:----------:|
| 160 | aaa_76_29 | 1.3698491052610274 × 10^275 |
| 159 | aaa_76_28 | 4.805914275972484 × 10^275 |
| 158 | aaa_76_27 | 1.283997471108374 × 10^276 |
| 157 | aaa_76_26 | 2.5508943633959985 × 10^276 |
| 156 | aaa_76_25 | 4.46058088893699 × 10^276 |
| 155 | ov_155 | 1.1652937622223021 × 10^277 |
| 154 | ov_154 | 2.340055505870299 × 10^277 |
| 153 | ov_153 | 4.1885534113128015 × 10^277 |
| 152 | ov_152 | 6.964862641663121 × 10^277 |
| 151 | ov_151 | 1.0958928939863185 × 10^278 |
| 150 | ov_150 | 1.6496578746193776 × 10^278 |
| 149 | ov_149 | 2.3939537235227504 × 10^278 |
| 148 | ov_148 | 3.368546105550482 × 10^278 |
| 147 | ov_147 | 4.616799689179046 × 10^278 |
| 146 | ov_146 | 6.185688141299634 × 10^278 |
| 145 | ov_145 | 8.125810135225758 × 10^278 |
| 144 | ov_144 | 1.0491413494222079 × 10^279 |
| 143 | ov_143 | 1.334042984061002 × 10^279 |
| 142 | ov_142 | 1.6734522368397297 × 10^279 |
| 141 | ov_141 | 2.0739149605493062 × 10^279 |
| 140 | ov_140 | 2.5423648280042922 × 10^279 |
| 139 | ov_139 | 3.0861338654476957 × 10^279 |
| 138 | ov_138 | 3.712965594086637 × 10^279 |
| 137 | ov_137 | 4.431031166265276 × 10^279 |
| 136 | ov_136 | 5.248948908144618 × 10^279 |
| 135 | ov_135 | 6.175807706426685 × 10^279 |
| 134 | ov_134 | 7.221194702740549 × 10^279 |
| 133 | ov_133 | 8.395227785929206 × 10^279 |
| 132 | ov_132 | 9.708593399794273 × 10^279 |
| 131 | ov_131 | 1.1172590212055028 × 10^280 |
| 130 | ov_130 | 1.1172597794437864 × 10^280 |
| 129 | ov_129 | 1.1172629123751673 × 10^280 |
| 128 | aaa_77_29 | 1.1962120855562006 × 10^280 |
| 127 | aaa_77_28 | 3.189586756928432 × 10^280 |
| 126 | ov_126 | 9.986097343582853 × 10^280 |
| 125 | ov_125 | 2.2427217602491975 × 10^281 |
| 124 | ov_124 | 4.269703771049581 × 10^281 |
| 123 | ov_123 | 7.297966857344657 × 10^281 |
| 122 | ov_122 | 1.154592996978685 × 10^282 |
| 121 | ov_121 | 1.7232035882793173 × 10^282 |
| 120 | ov_120 | 2.4574783369331748 × 10^282 |
| 119 | ov_119 | 3.379277967229228 × 10^282 |
| 118 | ov_118 | 4.510481868845419 × 10^282 |
| 117 | ov_117 | 5.873000025810502 × 10^282 |
| 116 | ov_116 | 7.488791596749727 × 10^282 |
| 115 | ov_115 | 9.379892223706747 × 10^282 |
| 114 | ov_114 | 1.1568451504177046 × 10^283 |
| 113 | ov_113 | 1.4076782061233794 × 10^283 |
| 112 | ov_112 | 1.6927421647066099 × 10^283 |
| 111 | ov_111 | 2.0143209716038598 × 10^283 |
| 110 | ov_110 | 2.374737990480215 × 10^283 |
| 109 | ov_109 | 2.77636698594837 × 10^283 |
| 108 | ov_108 | 3.2216449854168963 × 10^283 |
| 107 | ov_107 | 3.7130871651507186 × 10^283 |
| 106 | ov_106 | 4.2533039066161905 × 10^283 |
| 105 | ov_105 | 4.84502017059536 × 10^283 |
| 104 | ov_104 | 5.49109733849364 × 10^283 |
| 103 | ov_103 | 6.1945576728467305 × 10^283 |
| 102 | ov_102 | 6.958611552381102 × 10^283 |
| 101 | ov_101 | 7.786687641231836 × 10^283 |
| 100 | ov_100 | 8.68246615721263 × 10^283 |
| 99 | ov_099 | 9.649915410523872 × 10^283 |
| 98 | ov_098 | 9.650008096403692 × 10^283 |
| 97 | ov_097 | 9.650298006862988 × 10^283 |
| 96 | aaa_78_29 | 1.4617977278395129 × 10^284 |
| 95 | aaa_78_28 | 4.760092868469079 × 10^284 |
| 94 | ov_094 | 1.5415631048676934 × 10^285 |
| 93 | ov_093 | 3.598986430728449 × 10^285 |
| 92 | ov_092 | 7.202893456830692 × 10^285 |
| 91 | ov_091 | 1.3060206297164839 × 10^286 |
| 90 | ov_090 | 2.273713585110774 × 10^286 |
| 89 | ov_089 | 3.8104770128963404 × 10^286 |
| 88 | ov_088 | 6.133951033386154 × 10^286 |
| 87 | ov_087 | 9.492388277518644 × 10^286 |
| 86 | ov_086 | 1.4164789126517873 × 10^287 |
| 85 | ov_085 | 2.04611083288127 × 10^287 |
| 84 | ov_084 | 2.8722550470384416 × 10^287 |
| 83 | ov_083 | 3.932197177653089 × 10^287 |
| 82 | ov_082 | 5.266440572688091 × 10^287 |
| 81 | ov_081 | 6.91877299728198 × 10^287 |
| 64 | lv_79_m31 | 8.048879769017209 × 10^287 |
| 80 | ov_080 | 8.936349205925 × 10^287 |
| 79 | ov_079 | 1.1369791147368137 × 10^288 |
| 78 | ov_078 | 1.4273307557938534 × 10^288 |
| 77 | ov_077 | 1.7704834704179626 × 10^288 |
| 76 | ov_076 | 2.1726200043599607 × 10^288 |
| 75 | ov_075 | 2.640331058366822 × 10^288 |
| 74 | ov_074 | 3.180636773503444 × 10^288 |
| 73 | ov_073 | 3.801011047634723 × 10^288 |
| 63 | ov_063 | 4.12994221582195 × 10^288 |
| 72 | ov_072 | 4.509408867626299 × 10^288 |
| 71 | ov_071 | 5.314296845454754 × 10^288 |
| 70 | ov_070 | 6.224687151007293 × 10^288 |
| 69 | ov_069 | 7.250175040053255 × 10^288 |
| 68 | ov_068 | 8.400980182852946 × 10^288 |
| 67 | ov_067 | 9.687992007312894 × 10^288 |
| 66 | ov_066 | 9.68799904191623 × 10^288 |
| 65 | ov_065 | 9.688027786265061 × 10^288 |
| 62 | ov_062 | 2.1186817993429747 × 10^289 |
| 61 | ov_061 | 6.934072242266711 × 10^289 |
| 60 | ov_060 | 1.9741478591720674 × 10^290 |
| 59 | ov_059 | 4.861424074282865 × 10^290 |
| 58 | ov_058 | 1.0039036700832823 × 10^291 |
| 57 | ov_057 | 1.8381834760333177 × 10^291 |
| 56 | ov_056 | 3.095572344799669 × 10^291 |
| 55 | ov_055 | 5.0083590982683456 × 10^291 |
| 54 | ov_054 | 7.721354488484238 × 10^291 |
| 53 | ov_053 | 1.154330125648396 × 10^292 |
| 52 | ov_052 | 1.6821199743457378 × 10^292 |
| 51 | ov_051 | 2.394034801701656 × 10^292 |
| 50 | ov_050 | 3.332440745548389 × 10^292 |
| 49 | ov_049 | 4.5214075322686465 × 10^292 |
| 48 | ov_048 | 6.011010717627156 × 10^292 |
| 47 | ov_047 | 7.855211777014355 × 10^292 |
| 32 | lv_80_m31 | 8.85751121085958 × 10^292 |
| 46 | ov_046 | 1.0111890819637343 × 10^293 |
| 45 | ov_045 | 1.284289111670777 × 10^293 |
| 44 | ov_044 | 1.6114078048979486 × 10^293 |
| 43 | ov_043 | 1.9961468758084185 × 10^293 |
| 42 | ov_042 | 2.445922190539865 × 10^293 |
| 41 | ov_041 | 2.9685811475154914 × 10^293 |
| 40 | ov_040 | 3.5683842087818202 × 10^293 |
| 39 | ov_039 | 4.254089302222616 × 10^293 |
| 31 | ov_031 | 4.54395182166972 × 10^293 |
| 38 | ov_038 | 5.034940035542006 × 10^293 |
| 37 | ov_037 | 5.920691156698203 × 10^293 |
| 36 | ov_036 | 6.921638493748449 × 10^293 |
| 35 | ov_035 | 8.043366663482795 × 10^293 |
| 34 | ov_034 | 9.297363981604724 × 10^293 |
| 33 | ov_033 | 1.0695781822944018 × 10^294 |
| 30 | ov_030 | 2.3301324806756476 × 10^294 |
| 29 | ov_029 | 7.622086550996823 × 10^294 |
| 28 | ov_028 | 1.9778818346052745 × 10^295 |
| 27 | ov_027 | 4.4196234338145844 × 10^295 |
| 26 | ov_026 | 9.3753339718988 × 10^295 |
| 25 | ov_025 | 1.8550354870150155 × 10^296 |
| 24 | ov_024 | 3.406747946645237 × 10^296 |
| 23 | ov_023 | 5.846698572498443 × 10^296 |
| 22 | ov_022 | 9.47067196934839 × 10^296 |
| 21 | ov_021 | 1.4616227715117669 × 10^297 |
| 20 | ov_020 | 2.166273418140853 × 10^297 |
| 19 | ov_019 | 3.103142455917115 × 10^297 |
| 18 | ov_018 | 4.318548391869681 × 10^297 |
| 17 | ov_017 | 5.863017979353315 × 10^297 |
| 16 | ov_016 | 7.791305175492719 × 10^297 |
| 15 | ov_015 | 1.0162417937660368 × 10^298 |
| 14 | ov_014 | 1.303965535635969 × 10^298 |
| 13 | ov_013 | 1.649065805384932 × 10^298 |
| 12 | ov_012 | 2.0587474863123495 × 10^298 |
| 11 | ov_011 | 2.540664866642016 × 10^298 |
| 10 | ov_010 | 3.1029324580936155 × 10^298 |
| 9 | ov_009 | 3.754138443240684 × 10^298 |
| 8 | ov_008 | 4.5033611991037043 × 10^298 |
| 7 | ov_007 | 5.360189375980771 × 10^298 |
| 6 | ov_006 | 6.334746008544858 × 10^298 |
| 5 | ov_005 | 7.437717100863338 × 10^298 |
| 4 | ov_004 | 8.680385160213126 × 10^298 |
| 3 | ov_003 | 1.0074668216218125 × 10^299 |
| 2 | ov_002 | 1.1633164850290206 × 10^299 |
| 1 | ov_001 | 1.3369205796843364 × 10^299 |

