# Results for F001-F002-F003-F004-F005-F006-F007-F008-F009-F010-F011-F012-F013-F014-F015-F016-F017-F018-F019-F020-F021-F022-F023-F024-F025-F026-F027-F028-F029-F030-F031-F032-F033-F034-F035-F036-F037-F038-F039-F040-F041-F042-F043-F044-F045-F046-F047-F048-F049-F050-F051-F052-F053-F054-F055-F056-F057-F058-F059-F060-F061-F062-F063-F064-F065-F066-F067-F068-F069-F070-F071-F072-F073-F074-F075-F076-F077-F078-F079-F080-F081-F082-F083-F084-F085-F086-F087-F088-F089-F090-F091-F092-F093-F094-F095-F096-F097-F098-F099-F100-F101-F102-F103-F104-F105-F106-F107-F108-F109-F110-F111-F112-F113-F114-F115-F116-F117-F118-F119-F120-F121-F122-F123-F124-F125-F126-F127-F128-F129-F130-F131-F132-F133-F134-F135-F136-F137-F138-F139-F140-F141-F142-F143-F144-F145-F146-F147-F148-F149-F150-F151-F152-F153-F154-F155-F156-F157-F158-F159-F160-F161-F162-F163-F164-F165-F166-F167-F168-F169-F170-F171-F172-F173-F174-F175-F176-F177-F178-F179-F180-F181-F182-F183-F184-F185-F186-F187-F188-F189-F190-F191-F192-F193-F194-F195-F196-F197-F198-F199-F200-F201-F202-F203-F204-F205-F206-F207-F208-F209-F210-F211-F212-F213-F214-F215-F216-F217-F218-F219-F220-F221-F222-F223-F224-F225-F226-F227-F228-F229-F230-F231-F232-F233-F234-F235-F236-F237-F238-F239-F240-F241-F242-F243-F244-F245-F246-F247-F248-F249-F250-F251-F252-F253-F254-F255-F256-F257-F258-F259-F260-F261-F262-F263-F264-F265-F266-F267-F268-F269-F270-F271-F272-F273-F274-F275-F276-F277-F278-F279-F280-F281-F282-F283-F284-F285-F286-F287-F288-F289-F290-F291-F292-F293-F294-F295-F296-F297-F298-F299-F300-F301-F302-F303-F304-F305-F306-F307-F308-F309-F310-F311-F312-F313-F314-F315-F316-F317-F318-F319-F320-F321-F322-F323-F324-F325-F326-F327-F328-F329-F330-F331-F332-F333-F334-F335-F336-F337-F338-F339-F340-F341-F342-F343-F344-F345-F346-F347-F348-F349-F350-F351-F352-F353-F354-F355-F356-F357-F358-F359-F360-F361-F362-F363-F364-F365-F366-F367-F368-F369-F370-F371-F372-F373-F374-F375-F376-F377-F378-F379-F380-F381-F382-F383-F384-F385-F386-F387-F388-F389-F390-F391-F392-F393-F394-F395-F396-F397-F398-F399-F400-F401-F402-F403-F404-F405-F406-F407-F408-F409-F410-F411-F412-F413-F414-F415-F416-F417-F418-F419-F420-F421-F422-F423-F424-F425-F426-F427-F428-F429-F430-F431-F432-F433-F434-F435-F436-F437-F438-F439-F440-F441-F442-F443-F444-F445-F446-F447-F448-F449-F450-F451-F452-F453-F454-F455-F456-F457-F458-F459-F460-F461-F462-F463-F464-F465-F466-F467-F468-F469-F470-F471-F472-F473-F474-F475-F476-F477-F478-F479-F480-F481-F482-F483-F484-F485-F486-F487-F488-F489-F490-F491-F492-F493-F494-F495-F496-F505-F510-F511-F512

## Summary

Number of input bits: 512  
Number of free input bits: 12  
Number of output bits: 160

Number of direct occurrences: 48610  
Number of assignments: 31257  
Number of operations: 10929225
(xor: 10901122,
and: 14758,
or: 13345)

Total complexity: 2.6628823900767 × 10^298

Least occurring input variable: iv_504 (3903)  
Most occurring input variable: iv_509 (4215)

Most co-occurring input variables: iv_508-iv_509 (2054)  
Least co-occurring input variables: iv_499-iv_506 (1777)

Potentially most occurring input variable: iv_500/iv_509 (4498)  
Potentially least occurring input variable: iv_501/iv_502 (4090)

Least output occurring input variable: iv_503 (72)  
Most output occurring input variable: iv_497 (93)

Most output co-occurring input variables: iv_498-iv_509 (52)  
Least output co-occurring input variables: iv_500-iv_502 (32)

Potentially most output occurring input variable: iv_500/iv_502 (95)  
Potentially least output occurring input variable: iv_502/iv_508 (65)

Least complex input bit: iv_497 (1.4409844885873002 × 10^296)  
Most complex input bit: iv_509 (6.379756292071426 × 10^297)

Least complex output bit: aaa_76_29 (5.531694598227147 × 10^273)  
Most complex output bit: ov_001 (4.223312084912218 × 10^297)

Least complex input/output complexity: iv_497/aaa_76_29 (2.9934052443892852 × 10^271)  
Most complex input/output complexity: iv_509/ov_001 (1.0118247034681811 × 10^297)

## Input Bits

### Input Bits in Regular Order

| Input Bit | Complexity | Occurrences | Output Occurrences |
|:---------:|:----------:|:-----------:|:------------------:|
| iv_497 | 1.4409844885873002 × 10^296 | 4118 | 93 |
| iv_498 | 2.8704101749947417 × 10^296 | 3915 | 88 |
| iv_499 | 5.0481697248510915 × 10^296 | 3915 | 81 |
| iv_500 | 8.483841731210768 × 10^296 | 4091 | 76 |
| iv_501 | 1.3975011720469405 × 10^297 | 4060 | 83 |
| iv_502 | 2.2582686729146443 × 10^297 | 4108 | 83 |
| iv_503 | 1.3300161266235928 × 10^297 | 4082 | 72 |
| iv_504 | 6.753505528844226 × 10^296 | 3903 | 78 |
| iv_506 | 2.328536862686174 × 10^297 | 3929 | 82 |
| iv_507 | 4.217085147109706 × 10^297 | 4156 | 76 |
| iv_508 | 6.257968462465731 × 10^297 | 4118 | 74 |
| iv_509 | 6.379756292071426 × 10^297 | 4215 | 87 |

### Input Bits Sorted by Complexity

| Input Bit | Complexity | Occurrences | Output Occurrences |
|:---------:|:----------:|:-----------:|:------------------:|
| iv_497 | 1.4409844885873002 × 10^296 | 4118 | 93 |
| iv_498 | 2.8704101749947417 × 10^296 | 3915 | 88 |
| iv_499 | 5.0481697248510915 × 10^296 | 3915 | 81 |
| iv_504 | 6.753505528844226 × 10^296 | 3903 | 78 |
| iv_500 | 8.483841731210768 × 10^296 | 4091 | 76 |
| iv_503 | 1.3300161266235928 × 10^297 | 4082 | 72 |
| iv_501 | 1.3975011720469405 × 10^297 | 4060 | 83 |
| iv_502 | 2.2582686729146443 × 10^297 | 4108 | 83 |
| iv_506 | 2.328536862686174 × 10^297 | 3929 | 82 |
| iv_507 | 4.217085147109706 × 10^297 | 4156 | 76 |
| iv_508 | 6.257968462465731 × 10^297 | 4118 | 74 |
| iv_509 | 6.379756292071426 × 10^297 | 4215 | 87 |

### Input Bits Sorted by Occurrences

| Input Bit | Complexity | Occurrences | Output Occurrences |
|:---------:|:----------:|:-----------:|:------------------:|
| iv_504 | 6.753505528844226 × 10^296 | 3903 | 78 |
| iv_499 | 5.0481697248510915 × 10^296 | 3915 | 81 |
| iv_498 | 2.8704101749947417 × 10^296 | 3915 | 88 |
| iv_506 | 2.328536862686174 × 10^297 | 3929 | 82 |
| iv_501 | 1.3975011720469405 × 10^297 | 4060 | 83 |
| iv_503 | 1.3300161266235928 × 10^297 | 4082 | 72 |
| iv_500 | 8.483841731210768 × 10^296 | 4091 | 76 |
| iv_502 | 2.2582686729146443 × 10^297 | 4108 | 83 |
| iv_497 | 1.4409844885873002 × 10^296 | 4118 | 93 |
| iv_508 | 6.257968462465731 × 10^297 | 4118 | 74 |
| iv_507 | 4.217085147109706 × 10^297 | 4156 | 76 |
| iv_509 | 6.379756292071426 × 10^297 | 4215 | 87 |

### Input Bits Sorted by Output Occurrences

| Input Bit | Complexity | Occurrences | Output Occurrences |
|:---------:|:----------:|:-----------:|:------------------:|
| iv_503 | 1.3300161266235928 × 10^297 | 4082 | 72 |
| iv_508 | 6.257968462465731 × 10^297 | 4118 | 74 |
| iv_500 | 8.483841731210768 × 10^296 | 4091 | 76 |
| iv_507 | 4.217085147109706 × 10^297 | 4156 | 76 |
| iv_504 | 6.753505528844226 × 10^296 | 3903 | 78 |
| iv_499 | 5.0481697248510915 × 10^296 | 3915 | 81 |
| iv_506 | 2.328536862686174 × 10^297 | 3929 | 82 |
| iv_501 | 1.3975011720469405 × 10^297 | 4060 | 83 |
| iv_502 | 2.2582686729146443 × 10^297 | 4108 | 83 |
| iv_509 | 6.379756292071426 × 10^297 | 4215 | 87 |
| iv_498 | 2.8704101749947417 × 10^296 | 3915 | 88 |
| iv_497 | 1.4409844885873002 × 10^296 | 4118 | 93 |

## Input Bit Co-occurrences

### Input Bit Co-occurrences Sorted by Co-occurrences

| Input Bits | Co-occurrences | Potential Occurrences | Output Co-occurrences | Potential Output Occurrences |
|:----------:|:--------------:|:---------------------:|:---------------------:|:----------------------------:|
| iv_508-iv_509 | 2054 | 4225 | 40 | 81 |
| iv_507-iv_509 | 2043 | 4285 | 44 | 75 |
| iv_501-iv_502 | 2039 | 4090 | 43 | 80 |
| iv_497-iv_507 | 2032 | 4210 | 44 | 81 |
| iv_501-iv_509 | 2015 | 4245 | 49 | 72 |
| iv_497-iv_509 | 2003 | 4327 | 50 | 80 |
| iv_497-iv_502 | 1993 | 4240 | 49 | 78 |
| iv_497-iv_501 | 1990 | 4198 | 48 | 80 |
| iv_502-iv_509 | 1987 | 4349 | 50 | 70 |
| iv_502-iv_507 | 1983 | 4298 | 38 | 83 |
| iv_500-iv_502 | 1979 | 4241 | 32 | 95 |
| iv_497-iv_500 | 1971 | 4267 | 39 | 91 |

### Input Bit Co-occurrences Sorted by Potential Occurrences

| Input Bits | Co-occurrences | Potential Occurrences | Output Co-occurrences | Potential Output Occurrences |
|:----------:|:--------------:|:---------------------:|:---------------------:|:----------------------------:|
| iv_501-iv_502 | 2039 | 4090 | 43 | 80 |
| iv_504-iv_506 | 1857 | 4118 | 42 | 76 |
| iv_499-iv_504 | 1847 | 4124 | 38 | 83 |
| iv_506-iv_507 | 1969 | 4147 | 39 | 80 |
| iv_499-iv_501 | 1911 | 4153 | 44 | 76 |
| iv_498-iv_504 | 1826 | 4166 | 46 | 74 |
| iv_497-iv_506 | 1936 | 4175 | 51 | 73 |
| iv_503-iv_506 | 1913 | 4185 | 35 | 84 |
| iv_498-iv_506 | 1829 | 4186 | 41 | 88 |
| iv_499-iv_508 | 1923 | 4187 | 41 | 73 |
| iv_497-iv_504 | 1913 | 4195 | 50 | 71 |
| iv_499-iv_503 | 1900 | 4197 | 36 | 81 |

### Input Bit Output Co-occurrences Sorted by Output Co-occurrences

| Input Bits | Co-occurrences | Potential Occurrences | Output Co-occurrences | Potential Output Occurrences |
|:----------:|:--------------:|:---------------------:|:---------------------:|:----------------------------:|
| iv_498-iv_509 | 1868 | 4394 | 52 | 71 |
| iv_497-iv_506 | 1936 | 4175 | 51 | 73 |
| iv_502-iv_509 | 1987 | 4349 | 50 | 70 |
| iv_497-iv_504 | 1913 | 4195 | 50 | 71 |
| iv_497-iv_498 | 1879 | 4275 | 50 | 81 |
| iv_497-iv_509 | 2003 | 4327 | 50 | 80 |
| iv_501-iv_509 | 2015 | 4245 | 49 | 72 |
| iv_497-iv_502 | 1993 | 4240 | 49 | 78 |
| iv_498-iv_499 | 1814 | 4202 | 48 | 73 |
| iv_498-iv_501 | 1853 | 4269 | 48 | 75 |
| iv_497-iv_501 | 1990 | 4198 | 48 | 80 |
| iv_498-iv_508 | 1857 | 4319 | 47 | 68 |

### Input Bit Output Co-occurrences Sorted by Potential Output Occurrences

| Input Bits | Co-occurrences | Potential Occurrences | Output Co-occurrences | Potential Output Occurrences |
|:----------:|:--------------:|:---------------------:|:---------------------:|:----------------------------:|
| iv_502-iv_508 | 1968 | 4290 | 46 | 65 |
| iv_501-iv_503 | 1937 | 4268 | 44 | 67 |
| iv_498-iv_508 | 1857 | 4319 | 47 | 68 |
| iv_502-iv_509 | 1987 | 4349 | 50 | 70 |
| iv_501-iv_508 | 1924 | 4330 | 43 | 71 |
| iv_497-iv_504 | 1913 | 4195 | 50 | 71 |
| iv_498-iv_509 | 1868 | 4394 | 52 | 71 |
| iv_501-iv_509 | 2015 | 4245 | 49 | 72 |
| iv_504-iv_508 | 1896 | 4229 | 40 | 72 |
| iv_498-iv_499 | 1814 | 4202 | 48 | 73 |
| iv_499-iv_500 | 1876 | 4254 | 42 | 73 |
| iv_499-iv_508 | 1923 | 4187 | 41 | 73 |

## Output Bits

### Output Bits in Regular Order

| Rank | Output Bit | Complexity |
|:----:|:----------:|:----------:|
| 1 | ov_001 | 4.223312084912218 × 10^297 |
| 2 | ov_002 | 3.667464784962919 × 10^297 |
| 3 | ov_003 | 3.169073812243792 × 10^297 |
| 4 | ov_004 | 2.723807545051222 × 10^297 |
| 5 | ov_005 | 2.327570275427435 × 10^297 |
| 6 | ov_006 | 1.9764855159803478 × 10^297 |
| 7 | ov_007 | 1.666881496005321 × 10^297 |
| 8 | ov_008 | 1.3952786655296185 × 10^297 |
| 9 | ov_009 | 1.1583790375841716 × 10^297 |
| 10 | ov_010 | 9.530571842099857 × 10^296 |
| 11 | ov_011 | 7.763526996172046 × 10^296 |
| 12 | ov_012 | 6.254639545988841 × 10^296 |
| 13 | ov_013 | 4.977429767769284 × 10^296 |
| 14 | ov_014 | 3.906913015717009 × 10^296 |
| 15 | ov_015 | 3.019566489787695 × 10^296 |
| 16 | ov_016 | 2.293302985111743 × 10^296 |
| 17 | ov_017 | 1.7074505904879563 × 10^296 |
| 18 | ov_018 | 1.2427374032779708 × 10^296 |
| 19 | ov_019 | 8.812802841694097 × 10^295 |
| 20 | ov_020 | 6.06576702933679 × 10^295 |
| 21 | ov_021 | 4.0349886626220547 × 10^295 |
| 22 | ov_022 | 2.582895338588941 × 10^295 |
| 23 | ov_023 | 1.5855912543245903 × 10^295 |
| 24 | ov_024 | 9.32838176788073 × 10^294 |
| 25 | ov_025 | 5.280437987828969 × 10^294 |
| 26 | ov_026 | 2.8825536091567317 × 10^294 |
| 27 | ov_027 | 1.441566509631672 × 10^294 |
| 28 | ov_028 | 6.449847927378335 × 10^293 |
| 29 | ov_029 | 2.4849187443352214 × 10^293 |
| 30 | ov_030 | 7.59456922540803 × 10^292 |
| 31 | ov_031 | 1.480523278191602 × 10^292 |
| 32 | lv_80_m31 | 2.884985121279617 × 10^291 |
| 33 | ov_033 | 3.4505281231681807 × 10^292 |
| 34 | ov_034 | 2.993196801850518 × 10^292 |
| 35 | ov_035 | 2.5833074006101684 × 10^292 |
| 36 | ov_036 | 2.2169482070357449 × 10^292 |
| 37 | ov_037 | 1.8904189774483182 × 10^292 |
| 38 | ov_038 | 1.6019204652968305 × 10^292 |
| 39 | ov_039 | 1.3481327226290808 × 10^292 |
| 40 | ov_040 | 1.1259084449964 × 10^292 |
| 41 | ov_041 | 9.32263534294785 × 10^291 |
| 42 | ov_042 | 7.643691191339705 × 10^291 |
| 43 | ov_043 | 6.208486589605819 × 10^291 |
| 44 | ov_044 | 4.991648348220208 × 10^291 |
| 45 | ov_045 | 3.96918806587207 × 10^291 |
| 46 | ov_046 | 3.118465587814327 × 10^291 |
| 47 | ov_047 | 2.4181599991619423 × 10^291 |
| 48 | ov_048 | 1.8482470240077457 × 10^291 |
| 49 | ov_049 | 1.3899817883880263 × 10^291 |
| 50 | ov_050 | 1.0258859906838167 × 10^291 |
| 51 | ov_051 | 7.397386073421764 × 10^290 |
| 52 | ov_052 | 5.237424793308408 × 10^290 |
| 53 | ov_053 | 3.6417353652086806 × 10^290 |
| 54 | ov_054 | 2.4855086992589015 × 10^290 |
| 55 | ov_055 | 1.6563468304544794 × 10^290 |
| 56 | ov_056 | 1.0542497206067387 × 10^290 |
| 57 | ov_057 | 6.323155661855856 × 10^289 |
| 58 | ov_058 | 3.498360525147491 × 10^289 |
| 59 | ov_059 | 1.7229479107855957 × 10^289 |
| 60 | ov_060 | 7.13665943749925 × 10^288 |
| 61 | ov_061 | 2.4917208562246895 × 10^288 |
| 62 | ov_062 | 6.832154331790554 × 10^287 |
| 63 | ov_063 | 1.3309939746764443 × 10^287 |
| 64 | lv_79_m31 | 2.592399254526517 × 10^286 |
| 65 | ov_065 | 3.0927231294224848 × 10^287 |
| 66 | ov_066 | 3.0927135025692136 × 10^287 |
| 67 | ov_067 | 3.0927111464317995 × 10^287 |
| 68 | ov_068 | 2.6741655857724197 × 10^287 |
| 69 | ov_069 | 2.3006952765880096 × 10^287 |
| 70 | ov_070 | 1.9686539377213202 × 10^287 |
| 71 | ov_071 | 1.674619665743349 × 10^287 |
| 72 | ov_072 | 1.4153797399813847 × 10^287 |
| 73 | ov_073 | 1.1879167703978246 × 10^287 |
| 74 | ov_074 | 9.893961174017206 × 10^286 |
| 75 | ov_075 | 8.171545153881879 × 10^286 |
| 76 | ov_076 | 6.686898340269743 × 10^286 |
| 77 | ov_077 | 5.41651913123044 × 10^286 |
| 78 | ov_078 | 4.3383440830716377 × 10^286 |
| 79 | ov_079 | 3.4316758593747623 × 10^286 |
| 80 | ov_080 | 2.6771200645406898 × 10^286 |
| 81 | ov_081 | 2.0565303607383775 × 10^286 |
| 82 | ov_082 | 1.5529612718467442 × 10^286 |
| 83 | ov_083 | 1.1506280813441286 × 10^286 |
| 84 | ov_084 | 8.348732334489547 × 10^285 |
| 85 | ov_085 | 5.92138648431902 × 10^285 |
| 86 | ov_086 | 4.0994336411495037 × 10^285 |
| 87 | ov_087 | 2.768659162926306 × 10^285 |
| 88 | ov_088 | 1.82530871260991 × 10^285 |
| 89 | ov_089 | 1.1759892390212433 × 10^285 |
| 90 | ov_090 | 7.375997491145004 × 10^284 |
| 91 | ov_091 | 4.372860082175019 × 10^284 |
| 92 | ov_092 | 2.4117823838892917 × 10^284 |
| 93 | ov_093 | 1.2051155558778094 × 10^284 |
| 94 | ov_094 | 5.162115969462645 × 10^283 |
| 95 | aaa_78_28 | 1.5940369992223353 × 10^283 |
| 96 | aaa_78_29 | 4.8954812956795833 × 10^282 |
| 97 | ov_097 | 3.232987170733791 × 10^282 |
| 98 | ov_098 | 3.23289032108245 × 10^282 |
| 99 | ov_099 | 3.232859384726057 × 10^282 |
| 100 | ov_100 | 2.9091797244546347 × 10^282 |
| 101 | ov_101 | 2.6093920675103378 × 10^282 |
| 102 | ov_102 | 2.3321843927089744 × 10^282 |
| 103 | ov_103 | 2.0763402908933577 × 10^282 |
| 104 | ov_104 | 1.840726549202262 × 10^282 |
| 105 | ov_105 | 1.6242818648040629 × 10^282 |
| 106 | ov_106 | 1.426006630016923 × 10^282 |
| 107 | ov_107 | 1.2449537327679184 × 10^282 |
| 108 | ov_108 | 1.08022031796689 × 10^282 |
| 109 | ov_109 | 9.309404566466749 × 10^281 |
| 110 | ov_110 | 7.962786707023257 × 10^281 |
| 111 | ov_111 | 6.75424261798457 × 10^281 |
| 112 | ov_112 | 5.675863935522063 × 10^281 |
| 113 | ov_113 | 4.7198987647968986 × 10^281 |
| 114 | ov_114 | 3.878716054500245 × 10^281 |
| 115 | ov_115 | 3.144775995530063 × 10^281 |
| 116 | ov_116 | 2.5106059438310735 × 10^281 |
| 117 | ov_117 | 1.9687813679902567 × 10^281 |
| 118 | ov_118 | 1.5119113225268889 × 10^281 |
| 119 | ov_119 | 1.132627948041685 × 10^281 |
| 120 | ov_120 | 8.235791520074608 × 10^280 |
| 121 | ov_121 | 5.774233388542351 × 10^280 |
| 122 | ov_122 | 3.8682553020942297 × 10^280 |
| 123 | ov_123 | 2.444546260297265 × 10^280 |
| 124 | ov_124 | 1.4298155736859314 × 10^280 |
| 125 | ov_125 | 7.507814221064056 × 10^279 |
| 126 | ov_126 | 3.341650195435124 × 10^279 |
| 127 | aaa_77_28 | 1.0668837475749504 × 10^279 |
| 128 | aaa_77_29 | 3.998681585073226 × 10^278 |
| 129 | ov_129 | 3.6968536457078 × 10^278 |
| 130 | ov_130 | 3.696842877317956 × 10^278 |
| 131 | ov_131 | 3.696840275406373 × 10^278 |
| 132 | ov_132 | 3.2042059121882413 × 10^278 |
| 133 | ov_133 | 2.762999585681924 × 10^278 |
| 134 | ov_134 | 2.369346312193043 × 10^278 |
| 135 | ov_135 | 2.0195769266959236 × 10^278 |
| 136 | ov_136 | 1.710213362747696 × 10^278 |
| 137 | ov_137 | 1.437956021582162 × 10^278 |
| 138 | ov_138 | 1.1996730263889953 × 10^278 |
| 139 | ov_139 | 9.923911681315082 × 10^277 |
| 140 | ov_140 | 8.132883593174443 × 10^277 |
| 141 | ov_141 | 6.5968742197808265 × 10^277 |
| 142 | ov_142 | 5.290510457860933 × 10^277 |
| 143 | ov_143 | 4.189777617964849 × 10^277 |
| 144 | ov_144 | 3.271987867633108 × 10^277 |
| 145 | ov_145 | 2.5157560239539646 × 10^277 |
| 146 | ov_146 | 1.900981432878405 × 10^277 |
| 147 | ov_147 | 1.4088347661620744 × 10^277 |
| 148 | ov_148 | 1.0217487157366117 × 10^277 |
| 149 | ov_149 | 7.234117697242989 × 10^276 |
| 150 | ov_150 | 4.987643474800106 × 10^276 |
| 151 | ov_151 | 3.3399655299526775 × 10^276 |
| 152 | ov_152 | 2.1654687581252297 × 10^276 |
| 153 | ov_153 | 1.351013792890515 × 10^276 |
| 154 | ov_154 | 7.959315647242486 × 10^275 |
| 155 | ov_155 | 4.120197325623769 × 10^275 |
| 156 | aaa_76_25 | 1.5829352317396695 × 10^275 |
| 157 | aaa_76_26 | 9.138216185776538 × 10^274 |
| 158 | aaa_76_27 | 4.67607405654583 × 10^274 |
| 159 | aaa_76_28 | 1.8197907737474215 × 10^274 |
| 160 | aaa_76_29 | 5.531694598227147 × 10^273 |

### Output Bits Sorted by Complexity

| Rank | Output Bit | Complexity |
|:----:|:----------:|:----------:|
| 160 | aaa_76_29 | 5.531694598227147 × 10^273 |
| 159 | aaa_76_28 | 1.8197907737474215 × 10^274 |
| 158 | aaa_76_27 | 4.67607405654583 × 10^274 |
| 157 | aaa_76_26 | 9.138216185776538 × 10^274 |
| 156 | aaa_76_25 | 1.5829352317396695 × 10^275 |
| 155 | ov_155 | 4.120197325623769 × 10^275 |
| 154 | ov_154 | 7.959315647242486 × 10^275 |
| 153 | ov_153 | 1.351013792890515 × 10^276 |
| 152 | ov_152 | 2.1654687581252297 × 10^276 |
| 151 | ov_151 | 3.3399655299526775 × 10^276 |
| 150 | ov_150 | 4.987643474800106 × 10^276 |
| 149 | ov_149 | 7.234117697242989 × 10^276 |
| 148 | ov_148 | 1.0217487157366117 × 10^277 |
| 147 | ov_147 | 1.4088347661620744 × 10^277 |
| 146 | ov_146 | 1.900981432878405 × 10^277 |
| 145 | ov_145 | 2.5157560239539646 × 10^277 |
| 144 | ov_144 | 3.271987867633108 × 10^277 |
| 143 | ov_143 | 4.189777617964849 × 10^277 |
| 142 | ov_142 | 5.290510457860933 × 10^277 |
| 141 | ov_141 | 6.5968742197808265 × 10^277 |
| 140 | ov_140 | 8.132883593174443 × 10^277 |
| 139 | ov_139 | 9.923911681315082 × 10^277 |
| 138 | ov_138 | 1.1996730263889953 × 10^278 |
| 137 | ov_137 | 1.437956021582162 × 10^278 |
| 136 | ov_136 | 1.710213362747696 × 10^278 |
| 135 | ov_135 | 2.0195769266959236 × 10^278 |
| 134 | ov_134 | 2.369346312193043 × 10^278 |
| 133 | ov_133 | 2.762999585681924 × 10^278 |
| 132 | ov_132 | 3.2042059121882413 × 10^278 |
| 131 | ov_131 | 3.696840275406373 × 10^278 |
| 130 | ov_130 | 3.696842877317956 × 10^278 |
| 129 | ov_129 | 3.6968536457078 × 10^278 |
| 128 | aaa_77_29 | 3.998681585073226 × 10^278 |
| 127 | aaa_77_28 | 1.0668837475749504 × 10^279 |
| 126 | ov_126 | 3.341650195435124 × 10^279 |
| 125 | ov_125 | 7.507814221064056 × 10^279 |
| 124 | ov_124 | 1.4298155736859314 × 10^280 |
| 123 | ov_123 | 2.444546260297265 × 10^280 |
| 122 | ov_122 | 3.8682553020942297 × 10^280 |
| 121 | ov_121 | 5.774233388542351 × 10^280 |
| 120 | ov_120 | 8.235791520074608 × 10^280 |
| 119 | ov_119 | 1.132627948041685 × 10^281 |
| 118 | ov_118 | 1.5119113225268889 × 10^281 |
| 117 | ov_117 | 1.9687813679902567 × 10^281 |
| 116 | ov_116 | 2.5106059438310735 × 10^281 |
| 115 | ov_115 | 3.144775995530063 × 10^281 |
| 114 | ov_114 | 3.878716054500245 × 10^281 |
| 113 | ov_113 | 4.7198987647968986 × 10^281 |
| 112 | ov_112 | 5.675863935522063 × 10^281 |
| 111 | ov_111 | 6.75424261798457 × 10^281 |
| 110 | ov_110 | 7.962786707023257 × 10^281 |
| 109 | ov_109 | 9.309404566466749 × 10^281 |
| 108 | ov_108 | 1.08022031796689 × 10^282 |
| 107 | ov_107 | 1.2449537327679184 × 10^282 |
| 106 | ov_106 | 1.426006630016923 × 10^282 |
| 105 | ov_105 | 1.6242818648040629 × 10^282 |
| 104 | ov_104 | 1.840726549202262 × 10^282 |
| 103 | ov_103 | 2.0763402908933577 × 10^282 |
| 102 | ov_102 | 2.3321843927089744 × 10^282 |
| 101 | ov_101 | 2.6093920675103378 × 10^282 |
| 100 | ov_100 | 2.9091797244546347 × 10^282 |
| 99 | ov_099 | 3.232859384726057 × 10^282 |
| 98 | ov_098 | 3.23289032108245 × 10^282 |
| 97 | ov_097 | 3.232987170733791 × 10^282 |
| 96 | aaa_78_29 | 4.8954812956795833 × 10^282 |
| 95 | aaa_78_28 | 1.5940369992223353 × 10^283 |
| 94 | ov_094 | 5.162115969462645 × 10^283 |
| 93 | ov_093 | 1.2051155558778094 × 10^284 |
| 92 | ov_092 | 2.4117823838892917 × 10^284 |
| 91 | ov_091 | 4.372860082175019 × 10^284 |
| 90 | ov_090 | 7.375997491145004 × 10^284 |
| 89 | ov_089 | 1.1759892390212433 × 10^285 |
| 88 | ov_088 | 1.82530871260991 × 10^285 |
| 87 | ov_087 | 2.768659162926306 × 10^285 |
| 86 | ov_086 | 4.0994336411495037 × 10^285 |
| 85 | ov_085 | 5.92138648431902 × 10^285 |
| 84 | ov_084 | 8.348732334489547 × 10^285 |
| 83 | ov_083 | 1.1506280813441286 × 10^286 |
| 82 | ov_082 | 1.5529612718467442 × 10^286 |
| 81 | ov_081 | 2.0565303607383775 × 10^286 |
| 64 | lv_79_m31 | 2.592399254526517 × 10^286 |
| 80 | ov_080 | 2.6771200645406898 × 10^286 |
| 79 | ov_079 | 3.4316758593747623 × 10^286 |
| 78 | ov_078 | 4.3383440830716377 × 10^286 |
| 77 | ov_077 | 5.41651913123044 × 10^286 |
| 76 | ov_076 | 6.686898340269743 × 10^286 |
| 75 | ov_075 | 8.171545153881879 × 10^286 |
| 74 | ov_074 | 9.893961174017206 × 10^286 |
| 73 | ov_073 | 1.1879167703978246 × 10^287 |
| 63 | ov_063 | 1.3309939746764443 × 10^287 |
| 72 | ov_072 | 1.4153797399813847 × 10^287 |
| 71 | ov_071 | 1.674619665743349 × 10^287 |
| 70 | ov_070 | 1.9686539377213202 × 10^287 |
| 69 | ov_069 | 2.3006952765880096 × 10^287 |
| 68 | ov_068 | 2.6741655857724197 × 10^287 |
| 67 | ov_067 | 3.0927111464317995 × 10^287 |
| 66 | ov_066 | 3.0927135025692136 × 10^287 |
| 65 | ov_065 | 3.0927231294224848 × 10^287 |
| 62 | ov_062 | 6.832154331790554 × 10^287 |
| 61 | ov_061 | 2.4917208562246895 × 10^288 |
| 60 | ov_060 | 7.13665943749925 × 10^288 |
| 59 | ov_059 | 1.7229479107855957 × 10^289 |
| 58 | ov_058 | 3.498360525147491 × 10^289 |
| 57 | ov_057 | 6.323155661855856 × 10^289 |
| 56 | ov_056 | 1.0542497206067387 × 10^290 |
| 55 | ov_055 | 1.6563468304544794 × 10^290 |
| 54 | ov_054 | 2.4855086992589015 × 10^290 |
| 53 | ov_053 | 3.6417353652086806 × 10^290 |
| 52 | ov_052 | 5.237424793308408 × 10^290 |
| 51 | ov_051 | 7.397386073421764 × 10^290 |
| 50 | ov_050 | 1.0258859906838167 × 10^291 |
| 49 | ov_049 | 1.3899817883880263 × 10^291 |
| 48 | ov_048 | 1.8482470240077457 × 10^291 |
| 47 | ov_047 | 2.4181599991619423 × 10^291 |
| 32 | lv_80_m31 | 2.884985121279617 × 10^291 |
| 46 | ov_046 | 3.118465587814327 × 10^291 |
| 45 | ov_045 | 3.96918806587207 × 10^291 |
| 44 | ov_044 | 4.991648348220208 × 10^291 |
| 43 | ov_043 | 6.208486589605819 × 10^291 |
| 42 | ov_042 | 7.643691191339705 × 10^291 |
| 41 | ov_041 | 9.32263534294785 × 10^291 |
| 40 | ov_040 | 1.1259084449964 × 10^292 |
| 39 | ov_039 | 1.3481327226290808 × 10^292 |
| 31 | ov_031 | 1.480523278191602 × 10^292 |
| 38 | ov_038 | 1.6019204652968305 × 10^292 |
| 37 | ov_037 | 1.8904189774483182 × 10^292 |
| 36 | ov_036 | 2.2169482070357449 × 10^292 |
| 35 | ov_035 | 2.5833074006101684 × 10^292 |
| 34 | ov_034 | 2.993196801850518 × 10^292 |
| 33 | ov_033 | 3.4505281231681807 × 10^292 |
| 30 | ov_030 | 7.59456922540803 × 10^292 |
| 29 | ov_029 | 2.4849187443352214 × 10^293 |
| 28 | ov_028 | 6.449847927378335 × 10^293 |
| 27 | ov_027 | 1.441566509631672 × 10^294 |
| 26 | ov_026 | 2.8825536091567317 × 10^294 |
| 25 | ov_025 | 5.280437987828969 × 10^294 |
| 24 | ov_024 | 9.32838176788073 × 10^294 |
| 23 | ov_023 | 1.5855912543245903 × 10^295 |
| 22 | ov_022 | 2.582895338588941 × 10^295 |
| 21 | ov_021 | 4.0349886626220547 × 10^295 |
| 20 | ov_020 | 6.06576702933679 × 10^295 |
| 19 | ov_019 | 8.812802841694097 × 10^295 |
| 18 | ov_018 | 1.2427374032779708 × 10^296 |
| 17 | ov_017 | 1.7074505904879563 × 10^296 |
| 16 | ov_016 | 2.293302985111743 × 10^296 |
| 15 | ov_015 | 3.019566489787695 × 10^296 |
| 14 | ov_014 | 3.906913015717009 × 10^296 |
| 13 | ov_013 | 4.977429767769284 × 10^296 |
| 12 | ov_012 | 6.254639545988841 × 10^296 |
| 11 | ov_011 | 7.763526996172046 × 10^296 |
| 10 | ov_010 | 9.530571842099857 × 10^296 |
| 9 | ov_009 | 1.1583790375841716 × 10^297 |
| 8 | ov_008 | 1.3952786655296185 × 10^297 |
| 7 | ov_007 | 1.666881496005321 × 10^297 |
| 6 | ov_006 | 1.9764855159803478 × 10^297 |
| 5 | ov_005 | 2.327570275427435 × 10^297 |
| 4 | ov_004 | 2.723807545051222 × 10^297 |
| 3 | ov_003 | 3.169073812243792 × 10^297 |
| 2 | ov_002 | 3.667464784962919 × 10^297 |
| 1 | ov_001 | 4.223312084912218 × 10^297 |

