# Results for F001-F002-F003-F004-F005-F006-F007-F008-F009-F010-F011-F012-F013-F014-F015-F016-F017-F018-F019-F020-F021-F022-F023-F024-F025-F026-F027-F028-F029-F030-F031-F032-F033-F034-F035-F036-F037-F038-F039-F040-F041-F042-F043-F044-F045-F046-F047-F048-F049-F050-F051-F052-F053-F054-F055-F056-F057-F058-F059-F060-F061-F062-F063-F064-F065-F066-F067-F068-F069-F070-F071-F072-F073-F074-F075-F076-F077-F078-F079-F080-F081-F082-F083-F084-F085-F086-F087-F088-F089-F090-F091-F092-F093-F094-F095-F096-F097-F098-F099-F100-F101-F102-F103-F104-F105-F106-F107-F108-F109-F110-F111-F112-F113-F114-F115-F116-F117-F118-F119-F120-F121-F122-F123-F124-F125-F126-F127-F128-F129-F130-F131-F132-F133-F134-F135-F136-F137-F138-F139-F140-F141-F142-F143-F144-F145-F146-F147-F148-F149-F150-F151-F152-F153-F154-F155-F156-F157-F158-F159-F160-F161-F162-F163-F164-F165-F166-F167-F168-F169-F170-F171-F172-F173-F174-F175-F176-F177-F178-F179-F180-F181-F182-F183-F184-F185-F186-F187-F188-F189-F190-F191-F192-F193-F194-F195-F196-F197-F198-F199-F200-F201-F202-F203-F204-F205-F206-F207-F208-F209-F210-F211-F212-F213-F214-F215-F216-F217-F218-F219-F220-F221-F222-F223-F224-F225-F226-F227-F228-F229-F230-F231-F232-F233-F234-F235-F236-F237-F238-F239-F240-F241-F242-F243-F244-F245-F246-F247-F248-F249-F250-F251-F252-F253-F254-F255-F256-F257-F258-F259-F260-F261-F262-F263-F264-F265-F266-F267-F268-F269-F270-F271-F272-F273-F274-F275-F276-F277-F278-F279-F280-F281-F282-F283-F284-F285-F286-F287-F288-F289-F290-F291-F292-F293-F294-F295-F296-F297-F298-F299-F300-F301-F302-F303-F304-F305-F306-F307-F308-F309-F310-F311-F312-F313-F314-F315-F316-F317-F318-F319-F320-F321-F322-F323-F324-F325-F326-F327-F328-F329-F330-F331-F332-F333-F334-F335-F336-F337-F338-F339-F340-F341-F342-F343-F344-F345-F346-F347-F348-F349-F350-F351-F352-F353-F354-F355-F356-F357-F358-F359-F360-F361-F362-F363-F364-F365-F366-F367-F368-F369-F370-F371-F372-F373-F374-F375-F376-F377-F378-F379-F380-F381-F382-F383-F384-F385-F386-F387-F388-F389-F390-F391-F392-F393-F394-F395-F396-F397-F398-F399-F400-F401-F402-F403-F404-F405-F406-F407-F408-F409-F410-F411-F412-F413-F414-F415-F416-F417-F418-F419-F420-F421-F422-F423-F424-F425-F426-F427-F428-F429-F430-F431-F432-F433-F434-F435-F436-F437-F438-F439-F440-F441-F442-F443-F444-F445-F446-F447-F448-F449-F450-F451-F452-F453-F454-F455-F456-F457-F458-F459-F460-F461-F462-F463-F464-F465-F466-F467-F468-F469-F470-F471-F472-F473-F474-F475-F476-F477-F478-F479-F480-F481-F482-F483-F484-F485-F486-F487-F488-F489-F490-F491-F492-F493-F494-F495-F496-F500-T505-F510-F512

## Summary

Number of input bits: 512  
Number of free input bits: 12  
Number of output bits: 160

Number of direct occurrences: 50200  
Number of assignments: 31806  
Number of operations: 11770798
(xor: 11741760,
and: 15526,
or: 13512)

Total complexity: 3.1081788592227128 × 10^306

Least occurring input variable: iv_499 (4017)  
Most occurring input variable: iv_503 (4337)

Most co-occurring input variables: iv_503-iv_511 (2166)  
Least co-occurring input variables: iv_498-iv_499 (1804)

Potentially most occurring input variable: iv_504/iv_507 (4578)  
Potentially least occurring input variable: iv_497/iv_507 (4203)

Least output occurring input variable: iv_506 (62)  
Most output occurring input variable: iv_502 (93)

Most output co-occurring input variables: iv_499-iv_511 (51)  
Least output co-occurring input variables: iv_506-iv_509 (25)

Potentially most output occurring input variable: iv_497/iv_511 (99)  
Potentially least output occurring input variable: iv_498/iv_504 (68)

Least complex input bit: iv_511 (4.684867782170017 × 10^302)  
Most complex input bit: iv_509 (6.353450836901623 × 10^305)

Least complex output bit: aaa_76_29 (1.1486101501222356 × 10^281)  
Most complex output bit: ov_001 (4.859595617059866 × 10^305)

Least complex input/output complexity: iv_511/aaa_76_29 (1.7312667418138245 × 10^277)  
Most complex input/output complexity: iv_509/ov_001 (9.933534471028993 × 10^304)

## Input Bits

### Input Bits in Regular Order

| Input Bit | Complexity | Occurrences | Output Occurrences |
|:---------:|:----------:|:-----------:|:------------------:|
| iv_497 | 1.0862691404077358 × 10^304 | 4198 | 88 |
| iv_498 | 2.1654130192686202 × 10^304 | 4043 | 84 |
| iv_499 | 3.812166132319506 × 10^304 | 4017 | 87 |
| iv_501 | 1.0596280871917639 × 10^305 | 4098 | 74 |
| iv_502 | 1.7145914473616982 × 10^305 | 4022 | 93 |
| iv_503 | 2.7254171821560934 × 10^305 | 4337 | 86 |
| iv_504 | 4.248833643725295 × 10^305 | 4227 | 82 |
| iv_506 | 3.2886139604921624 × 10^305 | 4061 | 62 |
| iv_507 | 4.718120068963328 × 10^305 | 4267 | 78 |
| iv_508 | 6.262063668453466 × 10^305 | 4297 | 85 |
| iv_509 | 6.353450836901623 × 10^305 | 4309 | 78 |
| iv_511 | 4.684867782170017 × 10^302 | 4324 | 91 |

### Input Bits Sorted by Complexity

| Input Bit | Complexity | Occurrences | Output Occurrences |
|:---------:|:----------:|:-----------:|:------------------:|
| iv_511 | 4.684867782170017 × 10^302 | 4324 | 91 |
| iv_497 | 1.0862691404077358 × 10^304 | 4198 | 88 |
| iv_498 | 2.1654130192686202 × 10^304 | 4043 | 84 |
| iv_499 | 3.812166132319506 × 10^304 | 4017 | 87 |
| iv_501 | 1.0596280871917639 × 10^305 | 4098 | 74 |
| iv_502 | 1.7145914473616982 × 10^305 | 4022 | 93 |
| iv_503 | 2.7254171821560934 × 10^305 | 4337 | 86 |
| iv_506 | 3.2886139604921624 × 10^305 | 4061 | 62 |
| iv_504 | 4.248833643725295 × 10^305 | 4227 | 82 |
| iv_507 | 4.718120068963328 × 10^305 | 4267 | 78 |
| iv_508 | 6.262063668453466 × 10^305 | 4297 | 85 |
| iv_509 | 6.353450836901623 × 10^305 | 4309 | 78 |

### Input Bits Sorted by Occurrences

| Input Bit | Complexity | Occurrences | Output Occurrences |
|:---------:|:----------:|:-----------:|:------------------:|
| iv_499 | 3.812166132319506 × 10^304 | 4017 | 87 |
| iv_502 | 1.7145914473616982 × 10^305 | 4022 | 93 |
| iv_498 | 2.1654130192686202 × 10^304 | 4043 | 84 |
| iv_506 | 3.2886139604921624 × 10^305 | 4061 | 62 |
| iv_501 | 1.0596280871917639 × 10^305 | 4098 | 74 |
| iv_497 | 1.0862691404077358 × 10^304 | 4198 | 88 |
| iv_504 | 4.248833643725295 × 10^305 | 4227 | 82 |
| iv_507 | 4.718120068963328 × 10^305 | 4267 | 78 |
| iv_508 | 6.262063668453466 × 10^305 | 4297 | 85 |
| iv_509 | 6.353450836901623 × 10^305 | 4309 | 78 |
| iv_511 | 4.684867782170017 × 10^302 | 4324 | 91 |
| iv_503 | 2.7254171821560934 × 10^305 | 4337 | 86 |

### Input Bits Sorted by Output Occurrences

| Input Bit | Complexity | Occurrences | Output Occurrences |
|:---------:|:----------:|:-----------:|:------------------:|
| iv_506 | 3.2886139604921624 × 10^305 | 4061 | 62 |
| iv_501 | 1.0596280871917639 × 10^305 | 4098 | 74 |
| iv_509 | 6.353450836901623 × 10^305 | 4309 | 78 |
| iv_507 | 4.718120068963328 × 10^305 | 4267 | 78 |
| iv_504 | 4.248833643725295 × 10^305 | 4227 | 82 |
| iv_498 | 2.1654130192686202 × 10^304 | 4043 | 84 |
| iv_508 | 6.262063668453466 × 10^305 | 4297 | 85 |
| iv_503 | 2.7254171821560934 × 10^305 | 4337 | 86 |
| iv_499 | 3.812166132319506 × 10^304 | 4017 | 87 |
| iv_497 | 1.0862691404077358 × 10^304 | 4198 | 88 |
| iv_511 | 4.684867782170017 × 10^302 | 4324 | 91 |
| iv_502 | 1.7145914473616982 × 10^305 | 4022 | 93 |

## Input Bit Co-occurrences

### Input Bit Co-occurrences Sorted by Co-occurrences

| Input Bits | Co-occurrences | Potential Occurrences | Output Co-occurrences | Potential Output Occurrences |
|:----------:|:--------------:|:---------------------:|:---------------------:|:----------------------------:|
| iv_503-iv_511 | 2166 | 4329 | 48 | 81 |
| iv_497-iv_507 | 2131 | 4203 | 44 | 78 |
| iv_503-iv_504 | 2127 | 4310 | 46 | 76 |
| iv_508-iv_509 | 2112 | 4382 | 37 | 89 |
| iv_497-iv_509 | 2100 | 4307 | 48 | 70 |
| iv_504-iv_511 | 2067 | 4417 | 43 | 87 |
| iv_503-iv_509 | 2067 | 4512 | 39 | 86 |
| iv_503-iv_508 | 2066 | 4502 | 47 | 77 |
| iv_508-iv_511 | 2063 | 4495 | 48 | 80 |
| iv_509-iv_511 | 2061 | 4511 | 42 | 85 |
| iv_501-iv_511 | 2060 | 4302 | 46 | 73 |
| iv_507-iv_508 | 2056 | 4452 | 42 | 79 |

### Input Bit Co-occurrences Sorted by Potential Occurrences

| Input Bits | Co-occurrences | Potential Occurrences | Output Co-occurrences | Potential Output Occurrences |
|:----------:|:--------------:|:---------------------:|:---------------------:|:----------------------------:|
| iv_497-iv_507 | 2131 | 4203 | 44 | 78 |
| iv_501-iv_502 | 1927 | 4266 | 43 | 81 |
| iv_498-iv_506 | 1912 | 4280 | 32 | 82 |
| iv_499-iv_503 | 2029 | 4296 | 47 | 79 |
| iv_506-iv_507 | 2014 | 4300 | 30 | 80 |
| iv_501-iv_511 | 2060 | 4302 | 46 | 73 |
| iv_497-iv_509 | 2100 | 4307 | 48 | 70 |
| iv_503-iv_504 | 2127 | 4310 | 46 | 76 |
| iv_502-iv_506 | 1882 | 4319 | 37 | 81 |
| iv_503-iv_511 | 2166 | 4329 | 48 | 81 |
| iv_497-iv_502 | 1944 | 4332 | 50 | 81 |
| iv_506-iv_509 | 2015 | 4340 | 25 | 90 |

### Input Bit Output Co-occurrences Sorted by Output Co-occurrences

| Input Bits | Co-occurrences | Potential Occurrences | Output Co-occurrences | Potential Output Occurrences |
|:----------:|:--------------:|:---------------------:|:---------------------:|:----------------------------:|
| iv_502-iv_503 | 1952 | 4455 | 51 | 77 |
| iv_499-iv_511 | 1984 | 4373 | 51 | 76 |
| iv_497-iv_502 | 1944 | 4332 | 50 | 81 |
| iv_498-iv_502 | 1860 | 4345 | 50 | 77 |
| iv_502-iv_508 | 1945 | 4429 | 49 | 80 |
| iv_498-iv_504 | 1951 | 4368 | 49 | 68 |
| iv_498-iv_511 | 1981 | 4405 | 49 | 77 |
| iv_502-iv_511 | 1907 | 4532 | 49 | 86 |
| iv_497-iv_509 | 2100 | 4307 | 48 | 70 |
| iv_502-iv_504 | 1921 | 4407 | 48 | 79 |
| iv_508-iv_511 | 2063 | 4495 | 48 | 80 |
| iv_499-iv_502 | 1825 | 4389 | 48 | 84 |

### Input Bit Output Co-occurrences Sorted by Potential Output Occurrences

| Input Bits | Co-occurrences | Potential Occurrences | Output Co-occurrences | Potential Output Occurrences |
|:----------:|:--------------:|:---------------------:|:---------------------:|:----------------------------:|
| iv_498-iv_504 | 1951 | 4368 | 49 | 68 |
| iv_501-iv_508 | 1984 | 4427 | 45 | 69 |
| iv_497-iv_509 | 2100 | 4307 | 48 | 70 |
| iv_499-iv_501 | 1872 | 4371 | 45 | 71 |
| iv_498-iv_507 | 1953 | 4404 | 45 | 72 |
| iv_499-iv_504 | 1937 | 4370 | 48 | 73 |
| iv_501-iv_511 | 2060 | 4302 | 46 | 73 |
| iv_503-iv_506 | 2024 | 4350 | 37 | 74 |
| iv_497-iv_504 | 1978 | 4469 | 48 | 74 |
| iv_502-iv_507 | 1948 | 4393 | 48 | 75 |
| iv_503-iv_504 | 2127 | 4310 | 46 | 76 |
| iv_499-iv_511 | 1984 | 4373 | 51 | 76 |

## Output Bits

### Output Bits in Regular Order

| Rank | Output Bit | Complexity |
|:----:|:----------:|:----------:|
| 1 | ov_001 | 4.859595617059866 × 10^305 |
| 2 | ov_002 | 4.228512605875402 × 10^305 |
| 3 | ov_003 | 3.6619779161865 × 10^305 |
| 4 | ov_004 | 3.155144355528102 × 10^305 |
| 5 | ov_005 | 2.7034308332251016 × 10^305 |
| 6 | ov_006 | 2.302503636997446 × 10^305 |
| 7 | ov_007 | 1.9482601051086132 × 10^305 |
| 8 | ov_008 | 1.636814490051923 × 10^305 |
| 9 | ov_009 | 1.36448582303959 × 10^305 |
| 10 | ov_010 | 1.1277875720388556 × 10^305 |
| 11 | ov_011 | 9.234188954311389 × 10^304 |
| 12 | ov_012 | 7.482573286299323 × 10^304 |
| 13 | ov_013 | 5.993527528041724 × 10^304 |
| 14 | ov_014 | 4.7392248327202976 × 10^304 |
| 15 | ov_015 | 3.693473149915446 × 10^304 |
| 16 | ov_016 | 2.831683819648326 × 10^304 |
| 17 | ov_017 | 2.1308471472678883 × 10^304 |
| 18 | ov_018 | 1.5695139129236835 × 10^304 |
| 19 | ov_019 | 1.127781720075635 × 10^304 |
| 20 | ov_020 | 7.872851184174884 × 10^303 |
| 21 | ov_021 | 5.31188593522323 × 10^303 |
| 22 | ov_022 | 3.4418171805246426 × 10^303 |
| 23 | ov_023 | 2.1247590227955405 × 10^303 |
| 24 | ov_024 | 1.238022898335269 × 10^303 |
| 25 | ov_025 | 6.74104776345117 × 10^302 |
| 26 | ov_026 | 3.4067821776241894 × 10^302 |
| 27 | ov_027 | 1.6059116927213334 × 10^302 |
| 28 | ov_028 | 7.186473579011594 × 10^301 |
| 29 | ov_029 | 2.7692795401733945 × 10^301 |
| 30 | ov_030 | 8.46546033885073 × 10^300 |
| 31 | ov_031 | 1.6507310851175968 × 10^300 |
| 32 | lv_80_m31 | 3.217552372753805 × 10^299 |
| 33 | ov_033 | 3.886854410136834 × 10^300 |
| 34 | ov_034 | 3.378414356936887 × 10^300 |
| 35 | ov_035 | 2.9225562849838536 × 10^300 |
| 36 | ov_036 | 2.514860830998371 × 10^300 |
| 37 | ov_037 | 2.1511506950609282 × 10^300 |
| 38 | ov_038 | 1.8293954577647877 × 10^300 |
| 39 | ov_039 | 1.545852825563296 × 10^300 |
| 40 | ov_040 | 1.2969777004110046 × 10^300 |
| 41 | ov_041 | 1.0794111473765025 × 10^300 |
| 42 | ov_042 | 8.899710103574367 × 10^299 |
| 43 | ov_043 | 7.2710933041414694 × 10^299 |
| 44 | ov_044 | 5.8797509253528716 × 10^299 |
| 45 | ov_045 | 4.69874113398734 × 10^299 |
| 46 | ov_046 | 3.7026461525364135 × 10^299 |
| 47 | ov_047 | 2.8791331636442023 × 10^299 |
| 48 | ov_048 | 2.2057336387032823 × 10^299 |
| 49 | ov_049 | 1.6614181699184502 × 10^299 |
| 50 | ov_050 | 1.2265802519350756 × 10^299 |
| 51 | ov_051 | 8.830244157224359 × 10^298 |
| 52 | ov_052 | 6.220044457393362 × 10^298 |
| 53 | ov_053 | 4.281244637572417 × 10^298 |
| 54 | ov_054 | 2.8738183611159665 × 10^298 |
| 55 | ov_055 | 1.8716487289134339 × 10^298 |
| 56 | ov_056 | 1.1625144055831974 × 10^298 |
| 57 | ov_057 | 6.937773197080965 × 10^297 |
| 58 | ov_058 | 3.809864970722212 × 10^297 |
| 59 | ov_059 | 1.8538679895384797 × 10^297 |
| 60 | ov_060 | 7.516308402761438 × 10^296 |
| 61 | ov_061 | 2.543995588446912 × 10^296 |
| 62 | ov_062 | 6.820593130713077 × 10^295 |
| 63 | ov_063 | 1.509946179363228 × 10^295 |
| 64 | lv_79_m31 | 2.944384838087527 × 10^294 |
| 65 | ov_065 | 3.5389461400998664 × 10^295 |
| 66 | ov_066 | 3.5389373840469534 × 10^295 |
| 67 | ov_067 | 3.5389353070116217 × 10^295 |
| 68 | ov_068 | 3.073880838414496 × 10^295 |
| 69 | ov_069 | 2.656539307313442 × 10^295 |
| 70 | ov_070 | 2.283430659593712 × 10^295 |
| 71 | ov_071 | 1.9512384157169207 × 10^295 |
| 72 | ov_072 | 1.6567999318208057 × 10^295 |
| 73 | ov_073 | 1.3970987673341005 × 10^295 |
| 74 | ov_074 | 1.16925878379775 × 10^295 |
| 75 | ov_075 | 9.705396195983642 × 10^294 |
| 76 | ov_076 | 7.983332045382074 × 10^294 |
| 77 | ov_077 | 6.501609967259229 × 10^294 |
| 78 | ov_078 | 5.23671674300361 × 10^294 |
| 79 | ov_079 | 4.166391259992516 × 10^294 |
| 80 | ov_080 | 3.269606894426151 × 10^294 |
| 81 | ov_081 | 2.5265562034244198 × 10^294 |
| 82 | ov_082 | 1.9186377599919666 × 10^294 |
| 83 | ov_083 | 1.428444965525331 × 10^294 |
| 84 | ov_084 | 1.03975667527556 × 10^294 |
| 85 | ov_085 | 7.37529472672174 × 10^293 |
| 86 | ov_086 | 5.078914287308161 × 10^293 |
| 87 | ov_087 | 3.381371829640766 × 10^293 |
| 88 | ov_088 | 2.1672418233408436 × 10^293 |
| 89 | ov_089 | 1.3326991485349968 × 10^293 |
| 90 | ov_090 | 7.85499744770105 × 10^292 |
| 91 | ov_091 | 4.4496793942005696 × 10^292 |
| 92 | ov_092 | 2.4198883587116397 × 10^292 |
| 93 | ov_093 | 1.1900422219055717 × 10^292 |
| 94 | ov_094 | 5.012382617924447 × 10^291 |
| 95 | aaa_78_28 | 1.5234491152354338 × 10^291 |
| 96 | aaa_78_29 | 4.5631802151794325 × 10^290 |
| 97 | ov_097 | 2.376524220489583 × 10^290 |
| 98 | ov_098 | 2.376496935214218 × 10^290 |
| 99 | ov_099 | 2.3764881979628604 × 10^290 |
| 100 | ov_100 | 1.9522776560611528 × 10^290 |
| 101 | ov_101 | 1.5918881565205072 × 10^290 |
| 102 | ov_102 | 1.2886131822931478 × 10^290 |
| 103 | ov_103 | 1.0361184908364449 × 10^290 |
| 104 | ov_104 | 8.284149575600763 × 10^289 |
| 105 | ov_105 | 6.598348641555423 × 10^289 |
| 106 | ov_106 | 5.250113234444564 × 10^289 |
| 107 | ov_107 | 4.1886054854162773 × 10^289 |
| 108 | ov_108 | 3.365666896765509 × 10^289 |
| 109 | ov_109 | 2.735689770656466 × 10^289 |
| 110 | ov_110 | 2.2555092287565177 × 10^289 |
| 111 | ov_111 | 1.8843134965090894 × 10^289 |
| 112 | ov_112 | 1.5835702666624376 × 10^289 |
| 113 | ov_113 | 1.3169670957317385 × 10^289 |
| 114 | ov_114 | 1.0823687258036153 × 10^289 |
| 115 | ov_115 | 8.776683087025259 × 10^288 |
| 116 | ov_116 | 7.007801889202553 × 10^288 |
| 117 | ov_117 | 5.4963405085034856 × 10^288 |
| 118 | ov_118 | 4.221702949192506 × 10^288 |
| 119 | ov_119 | 3.163365072803098 × 10^288 |
| 120 | ov_120 | 2.300848877782014 × 10^288 |
| 121 | ov_121 | 1.6137050091448532 × 10^288 |
| 122 | ov_122 | 1.0815015395014623 × 10^288 |
| 123 | ov_123 | 6.838166258543832 × 10^287 |
| 124 | ov_124 | 4.00233590787568 × 10^287 |
| 125 | ov_125 | 2.103379173778472 × 10^287 |
| 126 | ov_126 | 9.371577261373815 × 10^286 |
| 127 | aaa_77_28 | 2.9953490335188956 × 10^286 |
| 128 | aaa_77_29 | 1.124570649476325 × 10^286 |
| 129 | ov_129 | 1.0487031951744364 × 10^286 |
| 130 | ov_130 | 1.0487009561409972 × 10^286 |
| 131 | ov_131 | 1.0487002412199004 × 10^286 |
| 132 | ov_132 | 9.124443517778157 × 10^285 |
| 133 | ov_133 | 7.899506036351603 × 10^285 |
| 134 | ov_134 | 6.801536681576891 × 10^285 |
| 135 | ov_135 | 5.820459416760668 × 10^285 |
| 136 | ov_136 | 4.9467342809512315 × 10^285 |
| 137 | ov_137 | 4.1757205277746045 × 10^285 |
| 138 | ov_138 | 3.4988484170576955 × 10^285 |
| 139 | ov_139 | 2.907991889247066 × 10^285 |
| 140 | ov_140 | 2.39544651503358 × 10^285 |
| 141 | ov_141 | 1.9539110693816697 × 10^285 |
| 142 | ov_142 | 1.5764723174193176 × 10^285 |
| 143 | ov_143 | 1.2565926238490576 × 10^285 |
| 144 | ov_144 | 9.881000214562905 × 10^284 |
| 145 | ov_145 | 7.651803980023771 × 10^284 |
| 146 | ov_146 | 5.823714843625587 × 10^284 |
| 147 | ov_147 | 4.3455835025195 × 10^284 |
| 148 | ov_148 | 3.1697013731064327 × 10^284 |
| 149 | ov_149 | 2.251777827128421 × 10^284 |
| 150 | ov_150 | 1.5509250983774598 × 10^284 |
| 151 | ov_151 | 1.0296488589926468 × 10^284 |
| 152 | ov_152 | 6.538426978226805 × 10^283 |
| 153 | ov_153 | 3.9278503348027775 × 10^283 |
| 154 | ov_154 | 2.191374136476616 × 10^283 |
| 155 | ov_155 | 1.0894356106208903 × 10^283 |
| 156 | aaa_76_25 | 4.16288541319211 × 10^282 |
| 157 | aaa_76_26 | 2.3694324078304726 × 10^282 |
| 158 | aaa_76_27 | 1.182053108981482 × 10^282 |
| 159 | aaa_76_28 | 4.316897992157832 × 10^281 |
| 160 | aaa_76_29 | 1.1486101501222356 × 10^281 |

### Output Bits Sorted by Complexity

| Rank | Output Bit | Complexity |
|:----:|:----------:|:----------:|
| 160 | aaa_76_29 | 1.1486101501222356 × 10^281 |
| 159 | aaa_76_28 | 4.316897992157832 × 10^281 |
| 158 | aaa_76_27 | 1.182053108981482 × 10^282 |
| 157 | aaa_76_26 | 2.3694324078304726 × 10^282 |
| 156 | aaa_76_25 | 4.16288541319211 × 10^282 |
| 155 | ov_155 | 1.0894356106208903 × 10^283 |
| 154 | ov_154 | 2.191374136476616 × 10^283 |
| 153 | ov_153 | 3.9278503348027775 × 10^283 |
| 152 | ov_152 | 6.538426978226805 × 10^283 |
| 151 | ov_151 | 1.0296488589926468 × 10^284 |
| 150 | ov_150 | 1.5509250983774598 × 10^284 |
| 149 | ov_149 | 2.251777827128421 × 10^284 |
| 148 | ov_148 | 3.1697013731064327 × 10^284 |
| 147 | ov_147 | 4.3455835025195 × 10^284 |
| 146 | ov_146 | 5.823714843625587 × 10^284 |
| 145 | ov_145 | 7.651803980023771 × 10^284 |
| 144 | ov_144 | 9.881000214562905 × 10^284 |
| 143 | ov_143 | 1.2565926238490576 × 10^285 |
| 142 | ov_142 | 1.5764723174193176 × 10^285 |
| 141 | ov_141 | 1.9539110693816697 × 10^285 |
| 140 | ov_140 | 2.39544651503358 × 10^285 |
| 139 | ov_139 | 2.907991889247066 × 10^285 |
| 138 | ov_138 | 3.4988484170576955 × 10^285 |
| 137 | ov_137 | 4.1757205277746045 × 10^285 |
| 136 | ov_136 | 4.9467342809512315 × 10^285 |
| 135 | ov_135 | 5.820459416760668 × 10^285 |
| 134 | ov_134 | 6.801536681576891 × 10^285 |
| 133 | ov_133 | 7.899506036351603 × 10^285 |
| 132 | ov_132 | 9.124443517778157 × 10^285 |
| 131 | ov_131 | 1.0487002412199004 × 10^286 |
| 130 | ov_130 | 1.0487009561409972 × 10^286 |
| 129 | ov_129 | 1.0487031951744364 × 10^286 |
| 128 | aaa_77_29 | 1.124570649476325 × 10^286 |
| 127 | aaa_77_28 | 2.9953490335188956 × 10^286 |
| 126 | ov_126 | 9.371577261373815 × 10^286 |
| 125 | ov_125 | 2.103379173778472 × 10^287 |
| 124 | ov_124 | 4.00233590787568 × 10^287 |
| 123 | ov_123 | 6.838166258543832 × 10^287 |
| 122 | ov_122 | 1.0815015395014623 × 10^288 |
| 121 | ov_121 | 1.6137050091448532 × 10^288 |
| 120 | ov_120 | 2.300848877782014 × 10^288 |
| 119 | ov_119 | 3.163365072803098 × 10^288 |
| 118 | ov_118 | 4.221702949192506 × 10^288 |
| 117 | ov_117 | 5.4963405085034856 × 10^288 |
| 116 | ov_116 | 7.007801889202553 × 10^288 |
| 115 | ov_115 | 8.776683087025259 × 10^288 |
| 114 | ov_114 | 1.0823687258036153 × 10^289 |
| 113 | ov_113 | 1.3169670957317385 × 10^289 |
| 112 | ov_112 | 1.5835702666624376 × 10^289 |
| 111 | ov_111 | 1.8843134965090894 × 10^289 |
| 110 | ov_110 | 2.2555092287565177 × 10^289 |
| 109 | ov_109 | 2.735689770656466 × 10^289 |
| 108 | ov_108 | 3.365666896765509 × 10^289 |
| 107 | ov_107 | 4.1886054854162773 × 10^289 |
| 106 | ov_106 | 5.250113234444564 × 10^289 |
| 105 | ov_105 | 6.598348641555423 × 10^289 |
| 104 | ov_104 | 8.284149575600763 × 10^289 |
| 103 | ov_103 | 1.0361184908364449 × 10^290 |
| 102 | ov_102 | 1.2886131822931478 × 10^290 |
| 101 | ov_101 | 1.5918881565205072 × 10^290 |
| 100 | ov_100 | 1.9522776560611528 × 10^290 |
| 99 | ov_099 | 2.3764881979628604 × 10^290 |
| 98 | ov_098 | 2.376496935214218 × 10^290 |
| 97 | ov_097 | 2.376524220489583 × 10^290 |
| 96 | aaa_78_29 | 4.5631802151794325 × 10^290 |
| 95 | aaa_78_28 | 1.5234491152354338 × 10^291 |
| 94 | ov_094 | 5.012382617924447 × 10^291 |
| 93 | ov_093 | 1.1900422219055717 × 10^292 |
| 92 | ov_092 | 2.4198883587116397 × 10^292 |
| 91 | ov_091 | 4.4496793942005696 × 10^292 |
| 90 | ov_090 | 7.85499744770105 × 10^292 |
| 89 | ov_089 | 1.3326991485349968 × 10^293 |
| 88 | ov_088 | 2.1672418233408436 × 10^293 |
| 87 | ov_087 | 3.381371829640766 × 10^293 |
| 86 | ov_086 | 5.078914287308161 × 10^293 |
| 85 | ov_085 | 7.37529472672174 × 10^293 |
| 84 | ov_084 | 1.03975667527556 × 10^294 |
| 83 | ov_083 | 1.428444965525331 × 10^294 |
| 82 | ov_082 | 1.9186377599919666 × 10^294 |
| 81 | ov_081 | 2.5265562034244198 × 10^294 |
| 64 | lv_79_m31 | 2.944384838087527 × 10^294 |
| 80 | ov_080 | 3.269606894426151 × 10^294 |
| 79 | ov_079 | 4.166391259992516 × 10^294 |
| 78 | ov_078 | 5.23671674300361 × 10^294 |
| 77 | ov_077 | 6.501609967259229 × 10^294 |
| 76 | ov_076 | 7.983332045382074 × 10^294 |
| 75 | ov_075 | 9.705396195983642 × 10^294 |
| 74 | ov_074 | 1.16925878379775 × 10^295 |
| 73 | ov_073 | 1.3970987673341005 × 10^295 |
| 63 | ov_063 | 1.509946179363228 × 10^295 |
| 72 | ov_072 | 1.6567999318208057 × 10^295 |
| 71 | ov_071 | 1.9512384157169207 × 10^295 |
| 70 | ov_070 | 2.283430659593712 × 10^295 |
| 69 | ov_069 | 2.656539307313442 × 10^295 |
| 68 | ov_068 | 3.073880838414496 × 10^295 |
| 67 | ov_067 | 3.5389353070116217 × 10^295 |
| 66 | ov_066 | 3.5389373840469534 × 10^295 |
| 65 | ov_065 | 3.5389461400998664 × 10^295 |
| 62 | ov_062 | 6.820593130713077 × 10^295 |
| 61 | ov_061 | 2.543995588446912 × 10^296 |
| 60 | ov_060 | 7.516308402761438 × 10^296 |
| 59 | ov_059 | 1.8538679895384797 × 10^297 |
| 58 | ov_058 | 3.809864970722212 × 10^297 |
| 57 | ov_057 | 6.937773197080965 × 10^297 |
| 56 | ov_056 | 1.1625144055831974 × 10^298 |
| 55 | ov_055 | 1.8716487289134339 × 10^298 |
| 54 | ov_054 | 2.8738183611159665 × 10^298 |
| 53 | ov_053 | 4.281244637572417 × 10^298 |
| 52 | ov_052 | 6.220044457393362 × 10^298 |
| 51 | ov_051 | 8.830244157224359 × 10^298 |
| 50 | ov_050 | 1.2265802519350756 × 10^299 |
| 49 | ov_049 | 1.6614181699184502 × 10^299 |
| 48 | ov_048 | 2.2057336387032823 × 10^299 |
| 47 | ov_047 | 2.8791331636442023 × 10^299 |
| 32 | lv_80_m31 | 3.217552372753805 × 10^299 |
| 46 | ov_046 | 3.7026461525364135 × 10^299 |
| 45 | ov_045 | 4.69874113398734 × 10^299 |
| 44 | ov_044 | 5.8797509253528716 × 10^299 |
| 43 | ov_043 | 7.2710933041414694 × 10^299 |
| 42 | ov_042 | 8.899710103574367 × 10^299 |
| 41 | ov_041 | 1.0794111473765025 × 10^300 |
| 40 | ov_040 | 1.2969777004110046 × 10^300 |
| 39 | ov_039 | 1.545852825563296 × 10^300 |
| 31 | ov_031 | 1.6507310851175968 × 10^300 |
| 38 | ov_038 | 1.8293954577647877 × 10^300 |
| 37 | ov_037 | 2.1511506950609282 × 10^300 |
| 36 | ov_036 | 2.514860830998371 × 10^300 |
| 35 | ov_035 | 2.9225562849838536 × 10^300 |
| 34 | ov_034 | 3.378414356936887 × 10^300 |
| 33 | ov_033 | 3.886854410136834 × 10^300 |
| 30 | ov_030 | 8.46546033885073 × 10^300 |
| 29 | ov_029 | 2.7692795401733945 × 10^301 |
| 28 | ov_028 | 7.186473579011594 × 10^301 |
| 27 | ov_027 | 1.6059116927213334 × 10^302 |
| 26 | ov_026 | 3.4067821776241894 × 10^302 |
| 25 | ov_025 | 6.74104776345117 × 10^302 |
| 24 | ov_024 | 1.238022898335269 × 10^303 |
| 23 | ov_023 | 2.1247590227955405 × 10^303 |
| 22 | ov_022 | 3.4418171805246426 × 10^303 |
| 21 | ov_021 | 5.31188593522323 × 10^303 |
| 20 | ov_020 | 7.872851184174884 × 10^303 |
| 19 | ov_019 | 1.127781720075635 × 10^304 |
| 18 | ov_018 | 1.5695139129236835 × 10^304 |
| 17 | ov_017 | 2.1308471472678883 × 10^304 |
| 16 | ov_016 | 2.831683819648326 × 10^304 |
| 15 | ov_015 | 3.693473149915446 × 10^304 |
| 14 | ov_014 | 4.7392248327202976 × 10^304 |
| 13 | ov_013 | 5.993527528041724 × 10^304 |
| 12 | ov_012 | 7.482573286299323 × 10^304 |
| 11 | ov_011 | 9.234188954311389 × 10^304 |
| 10 | ov_010 | 1.1277875720388556 × 10^305 |
| 9 | ov_009 | 1.36448582303959 × 10^305 |
| 8 | ov_008 | 1.636814490051923 × 10^305 |
| 7 | ov_007 | 1.9482601051086132 × 10^305 |
| 6 | ov_006 | 2.302503636997446 × 10^305 |
| 5 | ov_005 | 2.7034308332251016 × 10^305 |
| 4 | ov_004 | 3.155144355528102 × 10^305 |
| 3 | ov_003 | 3.6619779161865 × 10^305 |
| 2 | ov_002 | 4.228512605875402 × 10^305 |
| 1 | ov_001 | 4.859595617059866 × 10^305 |

