# Results for F001-F002-F003-F004-F005-F006-F007-F008-F009-F010-F011-F012-F013-F014-F015-F016-F017-F018-F019-F020-F021-F022-F023-F024-F025-F026-F027-F028-F029-F030-F031-F032-F033-F034-F035-F036-F037-F038-F039-F040-F041-F042-F043-F044-F045-F046-F047-F048-F049-F050-F051-F052-F053-F054-F055-F056-F057-F058-F059-F060-F061-F062-F063-F064-F065-F066-F067-F068-F069-F070-F071-F072-F073-F074-F075-F076-F077-F078-F079-F080-F081-F082-F083-F084-F085-F086-F087-F088-F089-F090-F091-F092-F093-F094-F095-F096-F097-F098-F099-F100-F101-F102-F103-F104-F105-F106-F107-F108-F109-F110-F111-F112-F113-F114-F115-F116-F117-F118-F119-F120-F121-F122-F123-F124-F125-F126-F127-F128-F129-F130-F131-F132-F133-F134-F135-F136-F137-F138-F139-F140-F141-F142-F143-F144-F145-F146-F147-F148-F149-F150-F151-F152-F153-F154-F155-F156-F157-F158-F159-F160-F161-F162-F163-F164-F165-F166-F167-F168-F169-F170-F171-F172-F173-F174-F175-F176-F177-F178-F179-F180-F181-F182-F183-F184-F185-F186-F187-F188-F189-F190-F191-F192-F193-F194-F195-F196-F197-F198-F199-F200-F201-F202-F203-F204-F205-F206-F207-F208-F209-F210-F211-F212-F213-F214-F215-F216-F217-F218-F219-F220-F221-F222-F223-F224-F225-F226-F227-F228-F229-F230-F231-F232-F233-F234-F235-F236-F237-F238-F239-F240-F241-F242-F243-F244-F245-F246-F247-F248-F249-F250-F251-F252-F253-F254-F255-F256-F257-F258-F259-F260-F261-F262-F263-F264-F265-F266-F267-F268-F269-F270-F271-F272-F273-F274-F275-F276-F277-F278-F279-F280-F281-F282-F283-F284-F285-F286-F287-F288-F289-F290-F291-F292-F293-F294-F295-F296-F297-F298-F299-F300-F301-F302-F303-F304-F305-F306-F307-F308-F309-F310-F311-F312-F313-F314-F315-F316-F317-F318-F319-F320-F321-F322-F323-F324-F325-F326-F327-F328-F329-F330-F331-F332-F333-F334-F335-F336-F337-F338-F339-F340-F341-F342-F343-F344-F345-F346-F347-F348-F349-F350-F351-F352-F353-F354-F355-F356-F357-F358-F359-F360-F361-F362-F363-F364-F365-F366-F367-F368-F369-F370-F371-F372-F373-F374-F375-F376-F377-F378-F379-F380-F381-F382-F383-F384-F385-F386-F387-F388-F389-F390-F391-F392-F393-F394-F395-F396-F397-F398-F399-F400-F401-F402-F403-F404-F405-F406-F407-F408-F409-F410-F411-F412-F413-F414-F415-F416-F417-F418-F419-F420-F421-F422-F423-F424-F425-F426-F427-F428-F429-F430-F431-F432-F433-F434-F435-F436-F437-F438-F439-F440-F441-F442-F443-F444-F445-F446-F447-F448-F449-F450-F451-F452-F453-F454-F455-F456-F457-F458-F459-F460-F461-F462-F463-F464-F465-F466-F467-F468-F469-F470-F471-F472-F473-F474-F475-F476-F477-F478-F479-F480-F481-F482-F483-F484-F485-F486-F487-F488-F489-F490-F491-F492-F493-F494-F495-F496-E499505-O500511-F510-F512

## Summary

Number of input bits: 512  
Number of free input bits: 12  
Number of output bits: 160

Number of direct occurrences: 49173  
Number of assignments: 31768  
Number of operations: 11305062
(xor: 11276521,
and: 15014,
or: 13527)

Total complexity: 1.3968294658340848 × 10^302

Least occurring input variable: iv_502 (3919)  
Most occurring input variable: iv_509 (4256)

Most co-occurring input variables: iv_508-iv_509 (2080)  
Least co-occurring input variables: iv_498-iv_502 (1786)

Potentially most occurring input variable: iv_500/iv_501 (4595)  
Potentially least occurring input variable: iv_499/iv_504 (4107)

Least output occurring input variable: iv_499 (57)  
Most output occurring input variable: iv_498 (90)

Most output co-occurring input variables: iv_498-iv_500 (50)  
Least output co-occurring input variables: iv_499-iv_503 (25)

Potentially most output occurring input variable: iv_502/iv_508 (95)  
Potentially least output occurring input variable: iv_498/iv_508 (68)

Least complex input bit: iv_497 (3.968793590533249 × 10^299)  
Most complex input bit: iv_499 (2.5169416251265984 × 10^301)

Least complex output bit: aaa_76_29 (5.705237977565409 × 10^276)  
Most complex output bit: ov_001 (2.1837447951642937 × 10^301)

Least complex input/output complexity: iv_497/aaa_76_29 (1.6210219265605047 × 10^274)  
Most complex input/output complexity: iv_499/ov_001 (3.9348813209066626 × 10^300)

## Input Bits

### Input Bits in Regular Order

| Input Bit | Complexity | Occurrences | Output Occurrences |
|:---------:|:----------:|:-----------:|:------------------:|
| iv_497 | 3.968793590533249 × 10^299 | 4117 | 86 |
| iv_498 | 7.912389574359777 × 10^299 | 3962 | 90 |
| iv_499 | 2.5169416251265984 × 10^301 | 4191 | 57 |
| iv_500 | 2.361170035171895 × 10^300 | 4246 | 79 |
| iv_501 | 3.872651232627969 × 10^300 | 4101 | 84 |
| iv_502 | 6.266330267637839 × 10^300 | 3919 | 79 |
| iv_503 | 9.960291709279894 × 10^300 | 4071 | 70 |
| iv_504 | 1.5527073857037235 × 10^301 | 3962 | 81 |
| iv_506 | 1.2015244084195568 × 10^301 | 3983 | 82 |
| iv_507 | 1.723677294117878 × 10^301 | 4191 | 85 |
| iv_508 | 2.2876110693890908 × 10^301 | 4174 | 76 |
| iv_509 | 2.3209767194632997 × 10^301 | 4256 | 82 |

### Input Bits Sorted by Complexity

| Input Bit | Complexity | Occurrences | Output Occurrences |
|:---------:|:----------:|:-----------:|:------------------:|
| iv_497 | 3.968793590533249 × 10^299 | 4117 | 86 |
| iv_498 | 7.912389574359777 × 10^299 | 3962 | 90 |
| iv_500 | 2.361170035171895 × 10^300 | 4246 | 79 |
| iv_501 | 3.872651232627969 × 10^300 | 4101 | 84 |
| iv_502 | 6.266330267637839 × 10^300 | 3919 | 79 |
| iv_503 | 9.960291709279894 × 10^300 | 4071 | 70 |
| iv_506 | 1.2015244084195568 × 10^301 | 3983 | 82 |
| iv_504 | 1.5527073857037235 × 10^301 | 3962 | 81 |
| iv_507 | 1.723677294117878 × 10^301 | 4191 | 85 |
| iv_508 | 2.2876110693890908 × 10^301 | 4174 | 76 |
| iv_509 | 2.3209767194632997 × 10^301 | 4256 | 82 |
| iv_499 | 2.5169416251265984 × 10^301 | 4191 | 57 |

### Input Bits Sorted by Occurrences

| Input Bit | Complexity | Occurrences | Output Occurrences |
|:---------:|:----------:|:-----------:|:------------------:|
| iv_502 | 6.266330267637839 × 10^300 | 3919 | 79 |
| iv_504 | 1.5527073857037235 × 10^301 | 3962 | 81 |
| iv_498 | 7.912389574359777 × 10^299 | 3962 | 90 |
| iv_506 | 1.2015244084195568 × 10^301 | 3983 | 82 |
| iv_503 | 9.960291709279894 × 10^300 | 4071 | 70 |
| iv_501 | 3.872651232627969 × 10^300 | 4101 | 84 |
| iv_497 | 3.968793590533249 × 10^299 | 4117 | 86 |
| iv_508 | 2.2876110693890908 × 10^301 | 4174 | 76 |
| iv_499 | 2.5169416251265984 × 10^301 | 4191 | 57 |
| iv_507 | 1.723677294117878 × 10^301 | 4191 | 85 |
| iv_500 | 2.361170035171895 × 10^300 | 4246 | 79 |
| iv_509 | 2.3209767194632997 × 10^301 | 4256 | 82 |

### Input Bits Sorted by Output Occurrences

| Input Bit | Complexity | Occurrences | Output Occurrences |
|:---------:|:----------:|:-----------:|:------------------:|
| iv_499 | 2.5169416251265984 × 10^301 | 4191 | 57 |
| iv_503 | 9.960291709279894 × 10^300 | 4071 | 70 |
| iv_508 | 2.2876110693890908 × 10^301 | 4174 | 76 |
| iv_502 | 6.266330267637839 × 10^300 | 3919 | 79 |
| iv_500 | 2.361170035171895 × 10^300 | 4246 | 79 |
| iv_504 | 1.5527073857037235 × 10^301 | 3962 | 81 |
| iv_509 | 2.3209767194632997 × 10^301 | 4256 | 82 |
| iv_506 | 1.2015244084195568 × 10^301 | 3983 | 82 |
| iv_501 | 3.872651232627969 × 10^300 | 4101 | 84 |
| iv_507 | 1.723677294117878 × 10^301 | 4191 | 85 |
| iv_497 | 3.968793590533249 × 10^299 | 4117 | 86 |
| iv_498 | 7.912389574359777 × 10^299 | 3962 | 90 |

## Input Bit Co-occurrences

### Input Bit Co-occurrences Sorted by Co-occurrences

| Input Bits | Co-occurrences | Potential Occurrences | Output Co-occurrences | Potential Output Occurrences |
|:----------:|:--------------:|:---------------------:|:---------------------:|:----------------------------:|
| iv_508-iv_509 | 2080 | 4270 | 37 | 84 |
| iv_507-iv_509 | 2078 | 4291 | 47 | 73 |
| iv_501-iv_509 | 2048 | 4261 | 47 | 72 |
| iv_499-iv_509 | 2047 | 4353 | 34 | 71 |
| iv_497-iv_507 | 2025 | 4258 | 43 | 85 |
| iv_499-iv_504 | 2023 | 4107 | 30 | 78 |
| iv_497-iv_509 | 2014 | 4345 | 44 | 80 |
| iv_506-iv_507 | 2002 | 4170 | 44 | 79 |
| iv_497-iv_501 | 1993 | 4232 | 45 | 80 |
| iv_499-iv_507 | 1992 | 4398 | 28 | 86 |
| iv_500-iv_509 | 1989 | 4524 | 42 | 77 |
| iv_506-iv_509 | 1979 | 4281 | 45 | 74 |

### Input Bit Co-occurrences Sorted by Potential Occurrences

| Input Bits | Co-occurrences | Potential Occurrences | Output Co-occurrences | Potential Output Occurrences |
|:----------:|:--------------:|:---------------------:|:---------------------:|:----------------------------:|
| iv_499-iv_504 | 2023 | 4107 | 30 | 78 |
| iv_504-iv_506 | 1888 | 4169 | 44 | 75 |
| iv_506-iv_507 | 2002 | 4170 | 44 | 79 |
| iv_498-iv_504 | 1870 | 4184 | 46 | 79 |
| iv_502-iv_506 | 1849 | 4204 | 43 | 75 |
| iv_503-iv_506 | 1917 | 4220 | 38 | 76 |
| iv_497-iv_506 | 1939 | 4222 | 45 | 78 |
| iv_498-iv_506 | 1861 | 4223 | 42 | 88 |
| iv_502-iv_504 | 1827 | 4227 | 43 | 74 |
| iv_497-iv_501 | 1993 | 4232 | 45 | 80 |
| iv_497-iv_504 | 1921 | 4237 | 48 | 71 |
| iv_497-iv_502 | 1890 | 4256 | 44 | 77 |

### Input Bit Output Co-occurrences Sorted by Output Co-occurrences

| Input Bits | Co-occurrences | Potential Occurrences | Output Co-occurrences | Potential Output Occurrences |
|:----------:|:--------------:|:---------------------:|:---------------------:|:----------------------------:|
| iv_498-iv_507 | 1924 | 4305 | 50 | 75 |
| iv_497-iv_498 | 1905 | 4269 | 50 | 76 |
| iv_498-iv_500 | 1854 | 4500 | 50 | 69 |
| iv_498-iv_508 | 1893 | 4350 | 49 | 68 |
| iv_501-iv_506 | 1896 | 4292 | 48 | 70 |
| iv_497-iv_504 | 1921 | 4237 | 48 | 71 |
| iv_501-iv_509 | 2048 | 4261 | 47 | 72 |
| iv_507-iv_509 | 2078 | 4291 | 47 | 73 |
| iv_498-iv_509 | 1905 | 4408 | 47 | 78 |
| iv_498-iv_504 | 1870 | 4184 | 46 | 79 |
| iv_498-iv_501 | 1870 | 4323 | 45 | 84 |
| iv_501-iv_507 | 1948 | 4396 | 45 | 79 |

### Input Bit Output Co-occurrences Sorted by Potential Output Occurrences

| Input Bits | Co-occurrences | Potential Occurrences | Output Co-occurrences | Potential Output Occurrences |
|:----------:|:--------------:|:---------------------:|:---------------------:|:----------------------------:|
| iv_498-iv_508 | 1893 | 4350 | 49 | 68 |
| iv_500-iv_508 | 1924 | 4572 | 43 | 69 |
| iv_498-iv_500 | 1854 | 4500 | 50 | 69 |
| iv_501-iv_506 | 1896 | 4292 | 48 | 70 |
| iv_497-iv_504 | 1921 | 4237 | 48 | 71 |
| iv_499-iv_509 | 2047 | 4353 | 34 | 71 |
| iv_501-iv_509 | 2048 | 4261 | 47 | 72 |
| iv_502-iv_509 | 1900 | 4375 | 44 | 73 |
| iv_507-iv_509 | 2078 | 4291 | 47 | 73 |
| iv_502-iv_504 | 1827 | 4227 | 43 | 74 |
| iv_502-iv_507 | 1912 | 4286 | 45 | 74 |
| iv_506-iv_509 | 1979 | 4281 | 45 | 74 |

## Output Bits

### Output Bits in Regular Order

| Rank | Output Bit | Complexity |
|:----:|:----------:|:----------:|
| 1 | ov_001 | 2.1837447951642937 × 10^301 |
| 2 | ov_002 | 1.9002231753833368 × 10^301 |
| 3 | ov_003 | 1.6456831567485848 × 10^301 |
| 4 | ov_004 | 1.4179516306511565 × 10^301 |
| 5 | ov_005 | 1.2149745092636556 × 10^301 |
| 6 | ov_006 | 1.034808303681328 × 10^301 |
| 7 | ov_007 | 8.756127812500382 × 10^300 |
| 8 | ov_008 | 7.356446158543323 × 10^300 |
| 9 | ov_009 | 6.132519505494196 × 10^300 |
| 10 | ov_010 | 5.068697849396742 × 10^300 |
| 11 | ov_011 | 4.1501609875009494 × 10^300 |
| 12 | ov_012 | 3.362886281381906 × 10^300 |
| 13 | ov_013 | 2.6936221628634463 × 10^300 |
| 14 | ov_014 | 2.1298666472253417 × 10^300 |
| 15 | ov_015 | 1.6598501666022296 × 10^300 |
| 16 | ov_016 | 1.2725220844277555 × 10^300 |
| 17 | ov_017 | 9.575402993720717 × 10^299 |
| 18 | ov_018 | 7.052633945699396 × 10^299 |
| 19 | ov_019 | 5.067448351206881 × 10^299 |
| 20 | ov_020 | 3.5372876391859614 × 10^299 |
| 21 | ov_021 | 2.386470121958742 × 10^299 |
| 22 | ov_022 | 1.5461702675673128 × 10^299 |
| 23 | ov_023 | 9.544047627548165 × 10^298 |
| 24 | ov_024 | 5.560234474826523 × 10^298 |
| 25 | ov_025 | 3.0270376412434106 × 10^298 |
| 26 | ov_026 | 1.529477144660972 × 10^298 |
| 27 | ov_027 | 7.208042665194579 × 10^297 |
| 28 | ov_028 | 3.22495895685413 × 10^297 |
| 29 | ov_029 | 1.2425270599721745 × 10^297 |
| 30 | ov_030 | 3.798088589799587 × 10^296 |
| 31 | ov_031 | 7.407170539932963 × 10^295 |
| 32 | lv_80_m31 | 1.4443010493326834 × 10^295 |
| 33 | ov_033 | 1.7396935924536222 × 10^296 |
| 34 | ov_034 | 1.510585599302329 × 10^296 |
| 35 | ov_035 | 1.3053487637308118 × 10^296 |
| 36 | ov_036 | 1.1221149270870418 × 10^296 |
| 37 | ov_037 | 9.59118292860944 × 10^295 |
| 38 | ov_038 | 8.146881879186952 × 10^295 |
| 39 | ov_039 | 6.872427650638985 × 10^295 |
| 40 | ov_040 | 5.752835611152025 × 10^295 |
| 41 | ov_041 | 4.773908289914991 × 10^295 |
| 42 | ov_042 | 3.9221956652736546 × 10^295 |
| 43 | ov_043 | 3.1911550366728894 × 10^295 |
| 44 | ov_044 | 2.568736400456684 × 10^295 |
| 45 | ov_045 | 2.0435527656756004 × 10^295 |
| 46 | ov_046 | 1.6048614111879832 × 10^295 |
| 47 | ov_047 | 1.2425488630933158 × 10^295 |
| 48 | ov_048 | 9.471190638557131 × 10^294 |
| 49 | ov_049 | 7.096842441103571 × 10^294 |
| 50 | ov_050 | 5.219580476110333 × 10^294 |
| 51 | ov_051 | 3.762504991113944 × 10^294 |
| 52 | ov_052 | 2.6546444420655464 × 10^294 |
| 53 | ov_053 | 1.8309312932047398 × 10^294 |
| 54 | ov_054 | 1.2321862913244783 × 10^294 |
| 55 | ov_055 | 8.051086781191668 × 10^293 |
| 56 | ov_056 | 5.0227028018069035 × 10^293 |
| 57 | ov_057 | 3.0142460501056056 × 10^293 |
| 58 | ov_058 | 1.6687978601073144 × 10^293 |
| 59 | ov_059 | 8.225652341026951 × 10^292 |
| 60 | ov_060 | 3.410848462456919 × 10^292 |
| 61 | ov_061 | 1.19221957873557 × 10^292 |
| 62 | ov_062 | 3.272698238945402 × 10^291 |
| 63 | ov_063 | 6.383334317836622 × 10^290 |
| 64 | lv_79_m31 | 1.2447874116887455 × 10^290 |
| 65 | ov_065 | 1.49650496626634 × 10^291 |
| 66 | ov_066 | 1.496501190276402 × 10^291 |
| 67 | ov_067 | 1.4965002918542307 × 10^291 |
| 68 | ov_068 | 1.3000031367384367 × 10^291 |
| 69 | ov_069 | 1.1236427479596056 × 10^291 |
| 70 | ov_070 | 9.659521048740233 × 10^290 |
| 71 | ov_071 | 8.255336378604336 × 10^290 |
| 72 | ov_072 | 7.010548966586431 × 10^290 |
| 73 | ov_073 | 5.912451162110107 × 10^290 |
| 74 | ov_074 | 4.948925374389757 × 10^290 |
| 75 | ov_075 | 4.108423479845981 × 10^290 |
| 76 | ov_076 | 3.37995115244858 × 10^290 |
| 77 | ov_077 | 2.7530559107605605 × 10^290 |
| 78 | ov_078 | 2.217817743925691 × 10^290 |
| 79 | ov_079 | 1.7648413592542921 × 10^290 |
| 80 | ov_080 | 1.3852494924059248 × 10^290 |
| 81 | ov_081 | 1.0706770947881834 × 10^290 |
| 82 | ov_082 | 8.132663349368262 × 10^289 |
| 83 | ov_083 | 6.05662351048145 × 10^289 |
| 84 | ov_084 | 4.4100969211593934 × 10^289 |
| 85 | ov_085 | 3.12949385313669 × 10^289 |
| 86 | ov_086 | 2.1561656738385462 × 10^289 |
| 87 | ov_087 | 1.4363861787308914 × 10^289 |
| 88 | ov_088 | 9.213373209752367 × 10^288 |
| 89 | ov_089 | 5.670987175065435 × 10^288 |
| 90 | ov_090 | 3.346403107955591 × 10^288 |
| 91 | ov_091 | 1.898175656257781 × 10^288 |
| 92 | ov_092 | 1.0336858544557141 × 10^288 |
| 93 | ov_093 | 5.091256353186581 × 10^287 |
| 94 | ov_094 | 2.147924132341965 × 10^287 |
| 95 | aaa_78_28 | 6.53844119180124 × 10^286 |
| 96 | aaa_78_29 | 1.9631897965580175 × 10^286 |
| 97 | ov_097 | 1.0133429470000061 × 10^286 |
| 98 | ov_098 | 1.0133326498329945 × 10^286 |
| 99 | ov_099 | 1.0133293577124013 × 10^286 |
| 100 | ov_100 | 8.363873799084159 × 10^285 |
| 101 | ov_101 | 6.849010413544783 × 10^285 |
| 102 | ov_102 | 5.563242476033272 × 10^285 |
| 103 | ov_103 | 4.482519053069471 × 10^285 |
| 104 | ov_104 | 3.5840968814712273 × 10^285 |
| 105 | ov_105 | 2.846451000612069 × 10^285 |
| 106 | ov_106 | 2.249197196776719 × 10^285 |
| 107 | ov_107 | 1.7730251595937427 × 10^285 |
| 108 | ov_108 | 1.3996413090542026 × 10^285 |
| 109 | ov_109 | 1.111720308276785 × 10^285 |
| 110 | ov_110 | 8.928643323231265 × 10^284 |
| 111 | ov_111 | 7.275692173218598 × 10^284 |
| 112 | ov_112 | 6.011966671984121 × 10^284 |
| 113 | ov_113 | 4.999517476576826 × 10^284 |
| 114 | ov_114 | 4.108649489156338 × 10^284 |
| 115 | ov_115 | 3.331356315131536 × 10^284 |
| 116 | ov_116 | 2.6597118414670177 × 10^284 |
| 117 | ov_117 | 2.085848159006221 × 10^284 |
| 118 | ov_118 | 1.6019381110704586 × 10^284 |
| 119 | ov_119 | 1.200181958859768 × 10^284 |
| 120 | ov_120 | 8.727976543372081 × 10^283 |
| 121 | ov_121 | 6.120142113652869 × 10^283 |
| 122 | ov_122 | 4.1006743774889353 × 10^283 |
| 123 | ov_123 | 2.591971263436785 × 10^283 |
| 124 | ov_124 | 1.5164515884558173 × 10^283 |
| 125 | ov_125 | 7.96543300170358 × 10^282 |
| 126 | ov_126 | 3.546774733283131 × 10^282 |
| 127 | aaa_77_28 | 1.1328600275218199 × 10^282 |
| 128 | aaa_77_29 | 4.248699752079665 × 10^281 |
| 129 | ov_129 | 3.9696127830211396 × 10^281 |
| 130 | ov_130 | 3.969601662563422 × 10^281 |
| 131 | ov_131 | 3.969598971168243 × 10^281 |
| 132 | ov_132 | 3.449693813900449 × 10^281 |
| 133 | ov_133 | 2.9832642423270827 × 10^281 |
| 134 | ov_134 | 2.56629975898152 × 10^281 |
| 135 | ov_135 | 2.195007176515095 × 10^281 |
| 136 | ov_136 | 1.8657951171803837 × 10^281 |
| 137 | ov_137 | 1.5752605927657322 × 10^281 |
| 138 | ov_138 | 1.3201774712791373 × 10^281 |
| 139 | ov_139 | 1.0974866466894282 × 10^281 |
| 140 | ov_140 | 9.042877377259722 × 10^280 |
| 141 | ov_141 | 7.378321511814112 × 10^280 |
| 142 | ov_142 | 5.955173544121252 × 10^280 |
| 143 | ov_143 | 4.748822108359219 × 10^280 |
| 144 | ov_144 | 3.736032412251611 × 10^280 |
| 145 | ov_145 | 2.8949168251765456 × 10^280 |
| 146 | ov_146 | 2.204912247415643 × 10^280 |
| 147 | ov_147 | 1.646763154920754 × 10^280 |
| 148 | ov_148 | 1.2025093021911262 × 10^280 |
| 149 | ov_149 | 8.554771539460021 × 10^279 |
| 150 | ov_150 | 5.902742042936705 × 10^279 |
| 151 | ov_151 | 3.927854300648593 × 10^279 |
| 152 | ov_152 | 2.501712129130722 × 10^279 |
| 153 | ov_153 | 1.5086617780351174 × 10^279 |
| 154 | ov_154 | 8.457855323558515 × 10^278 |
| 155 | ov_155 | 4.228981246823866 × 10^278 |
| 156 | aaa_76_25 | 1.625447824990959 × 10^278 |
| 157 | aaa_76_26 | 9.391669106911638 × 10^277 |
| 158 | aaa_76_27 | 4.810473006754349 × 10^277 |
| 159 | aaa_76_28 | 1.8744593579616096 × 10^277 |
| 160 | aaa_76_29 | 5.705237977565409 × 10^276 |

### Output Bits Sorted by Complexity

| Rank | Output Bit | Complexity |
|:----:|:----------:|:----------:|
| 160 | aaa_76_29 | 5.705237977565409 × 10^276 |
| 159 | aaa_76_28 | 1.8744593579616096 × 10^277 |
| 158 | aaa_76_27 | 4.810473006754349 × 10^277 |
| 157 | aaa_76_26 | 9.391669106911638 × 10^277 |
| 156 | aaa_76_25 | 1.625447824990959 × 10^278 |
| 155 | ov_155 | 4.228981246823866 × 10^278 |
| 154 | ov_154 | 8.457855323558515 × 10^278 |
| 153 | ov_153 | 1.5086617780351174 × 10^279 |
| 152 | ov_152 | 2.501712129130722 × 10^279 |
| 151 | ov_151 | 3.927854300648593 × 10^279 |
| 150 | ov_150 | 5.902742042936705 × 10^279 |
| 149 | ov_149 | 8.554771539460021 × 10^279 |
| 148 | ov_148 | 1.2025093021911262 × 10^280 |
| 147 | ov_147 | 1.646763154920754 × 10^280 |
| 146 | ov_146 | 2.204912247415643 × 10^280 |
| 145 | ov_145 | 2.8949168251765456 × 10^280 |
| 144 | ov_144 | 3.736032412251611 × 10^280 |
| 143 | ov_143 | 4.748822108359219 × 10^280 |
| 142 | ov_142 | 5.955173544121252 × 10^280 |
| 141 | ov_141 | 7.378321511814112 × 10^280 |
| 140 | ov_140 | 9.042877377259722 × 10^280 |
| 139 | ov_139 | 1.0974866466894282 × 10^281 |
| 138 | ov_138 | 1.3201774712791373 × 10^281 |
| 137 | ov_137 | 1.5752605927657322 × 10^281 |
| 136 | ov_136 | 1.8657951171803837 × 10^281 |
| 135 | ov_135 | 2.195007176515095 × 10^281 |
| 134 | ov_134 | 2.56629975898152 × 10^281 |
| 133 | ov_133 | 2.9832642423270827 × 10^281 |
| 132 | ov_132 | 3.449693813900449 × 10^281 |
| 131 | ov_131 | 3.969598971168243 × 10^281 |
| 130 | ov_130 | 3.969601662563422 × 10^281 |
| 129 | ov_129 | 3.9696127830211396 × 10^281 |
| 128 | aaa_77_29 | 4.248699752079665 × 10^281 |
| 127 | aaa_77_28 | 1.1328600275218199 × 10^282 |
| 126 | ov_126 | 3.546774733283131 × 10^282 |
| 125 | ov_125 | 7.96543300170358 × 10^282 |
| 124 | ov_124 | 1.5164515884558173 × 10^283 |
| 123 | ov_123 | 2.591971263436785 × 10^283 |
| 122 | ov_122 | 4.1006743774889353 × 10^283 |
| 121 | ov_121 | 6.120142113652869 × 10^283 |
| 120 | ov_120 | 8.727976543372081 × 10^283 |
| 119 | ov_119 | 1.200181958859768 × 10^284 |
| 118 | ov_118 | 1.6019381110704586 × 10^284 |
| 117 | ov_117 | 2.085848159006221 × 10^284 |
| 116 | ov_116 | 2.6597118414670177 × 10^284 |
| 115 | ov_115 | 3.331356315131536 × 10^284 |
| 114 | ov_114 | 4.108649489156338 × 10^284 |
| 113 | ov_113 | 4.999517476576826 × 10^284 |
| 112 | ov_112 | 6.011966671984121 × 10^284 |
| 111 | ov_111 | 7.275692173218598 × 10^284 |
| 110 | ov_110 | 8.928643323231265 × 10^284 |
| 109 | ov_109 | 1.111720308276785 × 10^285 |
| 108 | ov_108 | 1.3996413090542026 × 10^285 |
| 107 | ov_107 | 1.7730251595937427 × 10^285 |
| 106 | ov_106 | 2.249197196776719 × 10^285 |
| 105 | ov_105 | 2.846451000612069 × 10^285 |
| 104 | ov_104 | 3.5840968814712273 × 10^285 |
| 103 | ov_103 | 4.482519053069471 × 10^285 |
| 102 | ov_102 | 5.563242476033272 × 10^285 |
| 101 | ov_101 | 6.849010413544783 × 10^285 |
| 100 | ov_100 | 8.363873799084159 × 10^285 |
| 99 | ov_099 | 1.0133293577124013 × 10^286 |
| 98 | ov_098 | 1.0133326498329945 × 10^286 |
| 97 | ov_097 | 1.0133429470000061 × 10^286 |
| 96 | aaa_78_29 | 1.9631897965580175 × 10^286 |
| 95 | aaa_78_28 | 6.53844119180124 × 10^286 |
| 94 | ov_094 | 2.147924132341965 × 10^287 |
| 93 | ov_093 | 5.091256353186581 × 10^287 |
| 92 | ov_092 | 1.0336858544557141 × 10^288 |
| 91 | ov_091 | 1.898175656257781 × 10^288 |
| 90 | ov_090 | 3.346403107955591 × 10^288 |
| 89 | ov_089 | 5.670987175065435 × 10^288 |
| 88 | ov_088 | 9.213373209752367 × 10^288 |
| 87 | ov_087 | 1.4363861787308914 × 10^289 |
| 86 | ov_086 | 2.1561656738385462 × 10^289 |
| 85 | ov_085 | 3.12949385313669 × 10^289 |
| 84 | ov_084 | 4.4100969211593934 × 10^289 |
| 83 | ov_083 | 6.05662351048145 × 10^289 |
| 82 | ov_082 | 8.132663349368262 × 10^289 |
| 81 | ov_081 | 1.0706770947881834 × 10^290 |
| 64 | lv_79_m31 | 1.2447874116887455 × 10^290 |
| 80 | ov_080 | 1.3852494924059248 × 10^290 |
| 79 | ov_079 | 1.7648413592542921 × 10^290 |
| 78 | ov_078 | 2.217817743925691 × 10^290 |
| 77 | ov_077 | 2.7530559107605605 × 10^290 |
| 76 | ov_076 | 3.37995115244858 × 10^290 |
| 75 | ov_075 | 4.108423479845981 × 10^290 |
| 74 | ov_074 | 4.948925374389757 × 10^290 |
| 73 | ov_073 | 5.912451162110107 × 10^290 |
| 63 | ov_063 | 6.383334317836622 × 10^290 |
| 72 | ov_072 | 7.010548966586431 × 10^290 |
| 71 | ov_071 | 8.255336378604336 × 10^290 |
| 70 | ov_070 | 9.659521048740233 × 10^290 |
| 69 | ov_069 | 1.1236427479596056 × 10^291 |
| 68 | ov_068 | 1.3000031367384367 × 10^291 |
| 67 | ov_067 | 1.4965002918542307 × 10^291 |
| 66 | ov_066 | 1.496501190276402 × 10^291 |
| 65 | ov_065 | 1.49650496626634 × 10^291 |
| 62 | ov_062 | 3.272698238945402 × 10^291 |
| 61 | ov_061 | 1.19221957873557 × 10^292 |
| 60 | ov_060 | 3.410848462456919 × 10^292 |
| 59 | ov_059 | 8.225652341026951 × 10^292 |
| 58 | ov_058 | 1.6687978601073144 × 10^293 |
| 57 | ov_057 | 3.0142460501056056 × 10^293 |
| 56 | ov_056 | 5.0227028018069035 × 10^293 |
| 55 | ov_055 | 8.051086781191668 × 10^293 |
| 54 | ov_054 | 1.2321862913244783 × 10^294 |
| 53 | ov_053 | 1.8309312932047398 × 10^294 |
| 52 | ov_052 | 2.6546444420655464 × 10^294 |
| 51 | ov_051 | 3.762504991113944 × 10^294 |
| 50 | ov_050 | 5.219580476110333 × 10^294 |
| 49 | ov_049 | 7.096842441103571 × 10^294 |
| 48 | ov_048 | 9.471190638557131 × 10^294 |
| 47 | ov_047 | 1.2425488630933158 × 10^295 |
| 32 | lv_80_m31 | 1.4443010493326834 × 10^295 |
| 46 | ov_046 | 1.6048614111879832 × 10^295 |
| 45 | ov_045 | 2.0435527656756004 × 10^295 |
| 44 | ov_044 | 2.568736400456684 × 10^295 |
| 43 | ov_043 | 3.1911550366728894 × 10^295 |
| 42 | ov_042 | 3.9221956652736546 × 10^295 |
| 41 | ov_041 | 4.773908289914991 × 10^295 |
| 40 | ov_040 | 5.752835611152025 × 10^295 |
| 39 | ov_039 | 6.872427650638985 × 10^295 |
| 31 | ov_031 | 7.407170539932963 × 10^295 |
| 38 | ov_038 | 8.146881879186952 × 10^295 |
| 37 | ov_037 | 9.59118292860944 × 10^295 |
| 36 | ov_036 | 1.1221149270870418 × 10^296 |
| 35 | ov_035 | 1.3053487637308118 × 10^296 |
| 34 | ov_034 | 1.510585599302329 × 10^296 |
| 33 | ov_033 | 1.7396935924536222 × 10^296 |
| 30 | ov_030 | 3.798088589799587 × 10^296 |
| 29 | ov_029 | 1.2425270599721745 × 10^297 |
| 28 | ov_028 | 3.22495895685413 × 10^297 |
| 27 | ov_027 | 7.208042665194579 × 10^297 |
| 26 | ov_026 | 1.529477144660972 × 10^298 |
| 25 | ov_025 | 3.0270376412434106 × 10^298 |
| 24 | ov_024 | 5.560234474826523 × 10^298 |
| 23 | ov_023 | 9.544047627548165 × 10^298 |
| 22 | ov_022 | 1.5461702675673128 × 10^299 |
| 21 | ov_021 | 2.386470121958742 × 10^299 |
| 20 | ov_020 | 3.5372876391859614 × 10^299 |
| 19 | ov_019 | 5.067448351206881 × 10^299 |
| 18 | ov_018 | 7.052633945699396 × 10^299 |
| 17 | ov_017 | 9.575402993720717 × 10^299 |
| 16 | ov_016 | 1.2725220844277555 × 10^300 |
| 15 | ov_015 | 1.6598501666022296 × 10^300 |
| 14 | ov_014 | 2.1298666472253417 × 10^300 |
| 13 | ov_013 | 2.6936221628634463 × 10^300 |
| 12 | ov_012 | 3.362886281381906 × 10^300 |
| 11 | ov_011 | 4.1501609875009494 × 10^300 |
| 10 | ov_010 | 5.068697849396742 × 10^300 |
| 9 | ov_009 | 6.132519505494196 × 10^300 |
| 8 | ov_008 | 7.356446158543323 × 10^300 |
| 7 | ov_007 | 8.756127812500382 × 10^300 |
| 6 | ov_006 | 1.034808303681328 × 10^301 |
| 5 | ov_005 | 1.2149745092636556 × 10^301 |
| 4 | ov_004 | 1.4179516306511565 × 10^301 |
| 3 | ov_003 | 1.6456831567485848 × 10^301 |
| 2 | ov_002 | 1.9002231753833368 × 10^301 |
| 1 | ov_001 | 2.1837447951642937 × 10^301 |

