# Results for F001-F002-F003-F004-F005-F006-F007-F008-F009-F010-F011-F012-F013-F014-F015-F016-F017-F018-F019-F020-F021-F022-F023-F024-F025-F026-F027-F028-F029-F030-F031-F032-F033-F034-F035-F036-F037-F038-F039-F040-F041-F042-F043-F044-F045-F046-F047-F048-F049-F050-F051-F052-F053-F054-F055-F056-F057-F058-F059-F060-F061-F062-F063-F064-F065-F066-F067-F068-F069-F070-F071-F072-F073-F074-F075-F076-F077-F078-F079-F080-F081-F082-F083-F084-F085-F086-F087-F088-F089-F090-F091-F092-F093-F094-F095-F096-F097-F098-F099-F100-F101-F102-F103-F104-F105-F106-F107-F108-F109-F110-F111-F112-F113-F114-F115-F116-F117-F118-F119-F120-F121-F122-F123-F124-F125-F126-F127-F128-F129-F130-F131-F132-F133-F134-F135-F136-F137-F138-F139-F140-F141-F142-F143-F144-F145-F146-F147-F148-F149-F150-F151-F152-F153-F154-F155-F156-F157-F158-F159-F160-F161-F162-F163-F164-F165-F166-F167-F168-F169-F170-F171-F172-F173-F174-F175-F176-F177-F178-F179-F180-F181-F182-F183-F184-F185-F186-F187-F188-F189-F190-F191-F192-F193-F194-F195-F196-F197-F198-F199-F200-F201-F202-F203-F204-F205-F206-F207-F208-F209-F210-F211-F212-F213-F214-F215-F216-F217-F218-F219-F220-F221-F222-F223-F224-F225-F226-F227-F228-F229-F230-F231-F232-F233-F234-F235-F236-F237-F238-F239-F240-F241-F242-F243-F244-F245-F246-F247-F248-F249-F250-F251-F252-F253-F254-F255-F256-F257-F258-F259-F260-F261-F262-F263-F264-F265-F266-F267-F268-F269-F270-F271-F272-F273-F274-F275-F276-F277-F278-F279-F280-F281-F282-F283-F284-F285-F286-F287-F288-F289-F290-F291-F292-F293-F294-F295-F296-F297-F298-F299-F300-F301-F302-F303-F304-F305-F306-F307-F308-F309-F310-F311-F312-F313-F314-F315-F316-F317-F318-F319-F320-F321-F322-F323-F324-F325-F326-F327-F328-F329-F330-F331-F332-F333-F334-F335-F336-F337-F338-F339-F340-F341-F342-F343-F344-F345-F346-F347-F348-F349-F350-F351-F352-F353-F354-F355-F356-F357-F358-F359-F360-F361-F362-F363-F364-F365-F366-F367-F368-F369-F370-F371-F372-F373-F374-F375-F376-F377-F378-F379-F380-F381-F382-F383-F384-F385-F386-F387-F388-F389-F390-F391-F392-F393-F394-F395-F396-F397-F398-F399-F400-F401-F402-F403-F404-F405-F406-F407-F408-F409-F410-F411-F412-F413-F414-F415-F416-F417-F418-F419-F420-F421-F422-F423-F424-F425-F426-F427-F428-F429-F430-F431-F432-F433-F434-F435-F436-F437-F438-F439-F440-F441-F442-F443-F444-F445-F446-F447-F448-F449-F450-F451-F452-F453-F454-F455-F456-F457-F458-F459-F460-F461-F462-F463-F464-F465-F466-F467-F468-F469-F470-F471-F472-F473-F474-F475-F476-F477-F478-F479-F480-F481-F482-F483-F484-F485-F486-F487-F488-F489-F490-F491-F492-F493-F494-F495-F496-O500505-E504506-F510-F512

## Summary

Number of input bits: 512  
Number of free input bits: 12  
Number of output bits: 160

Number of direct occurrences: 49381  
Number of assignments: 31721  
Number of operations: 11227164
(xor: 11198732,
and: 14911,
or: 13521)

Total complexity: 2.3175158697045432 × 10^301

Least occurring input variable: iv_502 (3843)  
Most occurring input variable: iv_500 (4313)

Most co-occurring input variables: iv_500-iv_511 (2102)  
Least co-occurring input variables: iv_499-iv_502 (1735)

Potentially most occurring input variable: iv_500/iv_508 (4565)  
Potentially least occurring input variable: iv_498/iv_499 (4218)

Least output occurring input variable: iv_502 (71)  
Most output occurring input variable: iv_497 (93)

Most output co-occurring input variables: iv_497-iv_498 (50)  
Least output co-occurring input variables: iv_502-iv_503 (29)

Potentially most output occurring input variable: iv_500/iv_507 (90)  
Potentially least output occurring input variable: iv_499/iv_500 (72)

Least complex input bit: iv_511 (2.831102849147177 × 10^297)  
Most complex input bit: iv_504 (4.569617156460637 × 10^300)

Least complex output bit: aaa_76_29 (4.125940404415277 × 10^276)  
Most complex output bit: ov_001 (3.6230947794371136 × 10^300)

Least complex input/output complexity: iv_511/aaa_76_29 (5.0402941300422394 × 10^272)  
Most complex input/output complexity: iv_504/ov_001 (7.143923491539891 × 10^299)

## Input Bits

### Input Bits in Regular Order

| Input Bit | Complexity | Occurrences | Output Occurrences |
|:---------:|:----------:|:-----------:|:------------------:|
| iv_497 | 6.584728024870513 × 10^298 | 4150 | 93 |
| iv_498 | 1.312765004918783 × 10^299 | 3955 | 88 |
| iv_499 | 2.311345714094525 × 10^299 | 3917 | 72 |
| iv_500 | 4.333705053033274 × 10^300 | 4313 | 82 |
| iv_501 | 6.42521575394112 × 10^299 | 4101 | 83 |
| iv_502 | 1.0396630508785232 × 10^300 | 3843 | 71 |
| iv_503 | 1.6525377412023263 × 10^300 | 4073 | 72 |
| iv_504 | 4.569617156460637 × 10^300 | 4163 | 76 |
| iv_507 | 2.8597975494326385 × 10^300 | 4192 | 76 |
| iv_508 | 3.7954346516132215 × 10^300 | 4194 | 73 |
| iv_509 | 3.8507924640315245 × 10^300 | 4207 | 78 |
| iv_511 | 2.831102849147177 × 10^297 | 4273 | 80 |

### Input Bits Sorted by Complexity

| Input Bit | Complexity | Occurrences | Output Occurrences |
|:---------:|:----------:|:-----------:|:------------------:|
| iv_511 | 2.831102849147177 × 10^297 | 4273 | 80 |
| iv_497 | 6.584728024870513 × 10^298 | 4150 | 93 |
| iv_498 | 1.312765004918783 × 10^299 | 3955 | 88 |
| iv_499 | 2.311345714094525 × 10^299 | 3917 | 72 |
| iv_501 | 6.42521575394112 × 10^299 | 4101 | 83 |
| iv_502 | 1.0396630508785232 × 10^300 | 3843 | 71 |
| iv_503 | 1.6525377412023263 × 10^300 | 4073 | 72 |
| iv_507 | 2.8597975494326385 × 10^300 | 4192 | 76 |
| iv_508 | 3.7954346516132215 × 10^300 | 4194 | 73 |
| iv_509 | 3.8507924640315245 × 10^300 | 4207 | 78 |
| iv_500 | 4.333705053033274 × 10^300 | 4313 | 82 |
| iv_504 | 4.569617156460637 × 10^300 | 4163 | 76 |

### Input Bits Sorted by Occurrences

| Input Bit | Complexity | Occurrences | Output Occurrences |
|:---------:|:----------:|:-----------:|:------------------:|
| iv_502 | 1.0396630508785232 × 10^300 | 3843 | 71 |
| iv_499 | 2.311345714094525 × 10^299 | 3917 | 72 |
| iv_498 | 1.312765004918783 × 10^299 | 3955 | 88 |
| iv_503 | 1.6525377412023263 × 10^300 | 4073 | 72 |
| iv_501 | 6.42521575394112 × 10^299 | 4101 | 83 |
| iv_497 | 6.584728024870513 × 10^298 | 4150 | 93 |
| iv_504 | 4.569617156460637 × 10^300 | 4163 | 76 |
| iv_507 | 2.8597975494326385 × 10^300 | 4192 | 76 |
| iv_508 | 3.7954346516132215 × 10^300 | 4194 | 73 |
| iv_509 | 3.8507924640315245 × 10^300 | 4207 | 78 |
| iv_511 | 2.831102849147177 × 10^297 | 4273 | 80 |
| iv_500 | 4.333705053033274 × 10^300 | 4313 | 82 |

### Input Bits Sorted by Output Occurrences

| Input Bit | Complexity | Occurrences | Output Occurrences |
|:---------:|:----------:|:-----------:|:------------------:|
| iv_502 | 1.0396630508785232 × 10^300 | 3843 | 71 |
| iv_503 | 1.6525377412023263 × 10^300 | 4073 | 72 |
| iv_499 | 2.311345714094525 × 10^299 | 3917 | 72 |
| iv_508 | 3.7954346516132215 × 10^300 | 4194 | 73 |
| iv_504 | 4.569617156460637 × 10^300 | 4163 | 76 |
| iv_507 | 2.8597975494326385 × 10^300 | 4192 | 76 |
| iv_509 | 3.8507924640315245 × 10^300 | 4207 | 78 |
| iv_511 | 2.831102849147177 × 10^297 | 4273 | 80 |
| iv_500 | 4.333705053033274 × 10^300 | 4313 | 82 |
| iv_501 | 6.42521575394112 × 10^299 | 4101 | 83 |
| iv_498 | 1.312765004918783 × 10^299 | 3955 | 88 |
| iv_497 | 6.584728024870513 × 10^298 | 4150 | 93 |

## Input Bit Co-occurrences

### Input Bit Co-occurrences Sorted by Co-occurrences

| Input Bits | Co-occurrences | Potential Occurrences | Output Co-occurrences | Potential Output Occurrences |
|:----------:|:--------------:|:---------------------:|:---------------------:|:----------------------------:|
| iv_500-iv_511 | 2102 | 4382 | 42 | 78 |
| iv_508-iv_509 | 2087 | 4227 | 35 | 81 |
| iv_500-iv_507 | 2059 | 4387 | 34 | 90 |
| iv_497-iv_507 | 2052 | 4238 | 44 | 81 |
| iv_507-iv_509 | 2049 | 4301 | 38 | 78 |
| iv_497-iv_500 | 2046 | 4371 | 45 | 85 |
| iv_501-iv_511 | 2039 | 4296 | 39 | 85 |
| iv_503-iv_511 | 2039 | 4268 | 35 | 82 |
| iv_500-iv_501 | 2036 | 4342 | 42 | 81 |
| iv_504-iv_509 | 2032 | 4306 | 37 | 80 |
| iv_507-iv_511 | 2017 | 4431 | 39 | 78 |
| iv_501-iv_509 | 2015 | 4278 | 38 | 85 |

### Input Bit Co-occurrences Sorted by Potential Occurrences

| Input Bits | Co-occurrences | Potential Occurrences | Output Co-occurrences | Potential Output Occurrences |
|:----------:|:--------------:|:---------------------:|:---------------------:|:----------------------------:|
| iv_498-iv_499 | 1827 | 4218 | 44 | 72 |
| iv_499-iv_508 | 1945 | 4221 | 36 | 73 |
| iv_508-iv_509 | 2087 | 4227 | 35 | 81 |
| iv_497-iv_501 | 2010 | 4231 | 48 | 80 |
| iv_499-iv_501 | 1892 | 4234 | 33 | 89 |
| iv_497-iv_507 | 2052 | 4238 | 44 | 81 |
| iv_497-iv_502 | 1868 | 4257 | 40 | 84 |
| iv_502-iv_507 | 1888 | 4259 | 36 | 75 |
| iv_499-iv_507 | 1923 | 4263 | 38 | 72 |
| iv_503-iv_511 | 2039 | 4268 | 35 | 82 |
| iv_501-iv_509 | 2015 | 4278 | 38 | 85 |
| iv_501-iv_502 | 1830 | 4284 | 37 | 80 |

### Input Bit Output Co-occurrences Sorted by Output Co-occurrences

| Input Bits | Co-occurrences | Potential Occurrences | Output Co-occurrences | Potential Output Occurrences |
|:----------:|:--------------:|:---------------------:|:---------------------:|:----------------------------:|
| iv_497-iv_498 | 1897 | 4311 | 50 | 81 |
| iv_498-iv_501 | 1879 | 4298 | 48 | 75 |
| iv_497-iv_501 | 2010 | 4231 | 48 | 80 |
| iv_497-iv_511 | 2014 | 4395 | 47 | 79 |
| iv_497-iv_500 | 2046 | 4371 | 45 | 85 |
| iv_498-iv_500 | 1954 | 4360 | 45 | 80 |
| iv_498-iv_509 | 1877 | 4408 | 44 | 78 |
| iv_497-iv_507 | 2052 | 4238 | 44 | 81 |
| iv_498-iv_499 | 1827 | 4218 | 44 | 72 |
| iv_498-iv_507 | 1906 | 4335 | 43 | 78 |
| iv_498-iv_511 | 1904 | 4420 | 43 | 82 |
| iv_497-iv_504 | 1966 | 4381 | 43 | 83 |

### Input Bit Output Co-occurrences Sorted by Potential Output Occurrences

| Input Bits | Co-occurrences | Potential Occurrences | Output Co-occurrences | Potential Output Occurrences |
|:----------:|:--------------:|:---------------------:|:---------------------:|:----------------------------:|
| iv_499-iv_500 | 1967 | 4296 | 41 | 72 |
| iv_499-iv_507 | 1923 | 4263 | 38 | 72 |
| iv_498-iv_499 | 1827 | 4218 | 44 | 72 |
| iv_499-iv_508 | 1945 | 4221 | 36 | 73 |
| iv_507-iv_508 | 1981 | 4424 | 38 | 73 |
| iv_501-iv_503 | 1868 | 4438 | 40 | 75 |
| iv_504-iv_508 | 2000 | 4357 | 37 | 75 |
| iv_498-iv_501 | 1879 | 4298 | 48 | 75 |
| iv_502-iv_507 | 1888 | 4259 | 36 | 75 |
| iv_501-iv_508 | 1952 | 4391 | 40 | 76 |
| iv_503-iv_509 | 1921 | 4438 | 37 | 76 |
| iv_504-iv_507 | 1957 | 4441 | 38 | 76 |

## Output Bits

### Output Bits in Regular Order

| Rank | Output Bit | Complexity |
|:----:|:----------:|:----------:|
| 1 | ov_001 | 3.6230947794371136 × 10^300 |
| 2 | ov_002 | 3.1527015251910174 × 10^300 |
| 3 | ov_003 | 2.7303912268557956 × 10^300 |
| 4 | ov_004 | 2.3525586280543962 × 10^300 |
| 5 | ov_005 | 2.0157959194509177 × 10^300 |
| 6 | ov_006 | 1.716878766620141 × 10^300 |
| 7 | ov_007 | 1.452754128685297 × 10^300 |
| 8 | ov_008 | 1.2205297246345498 × 10^300 |
| 9 | ov_009 | 1.0174650135256684 × 10^300 |
| 10 | ov_010 | 8.409635431947814 × 10^299 |
| 11 | ov_011 | 6.885665204948688 × 10^299 |
| 12 | ov_012 | 5.5794746455511605 × 10^299 |
| 13 | ov_013 | 4.469078128398497 × 10^299 |
| 14 | ov_014 | 3.533733579340727 × 10^299 |
| 15 | ov_015 | 2.753914010240307 × 10^299 |
| 16 | ov_016 | 2.1112851600264947 × 10^299 |
| 17 | ov_017 | 1.58868826032898 × 10^299 |
| 18 | ov_018 | 1.1701270226440371 × 10^299 |
| 19 | ov_019 | 8.407580223319209 × 10^298 |
| 20 | ov_020 | 5.868837329090097 × 10^298 |
| 21 | ov_021 | 3.9594757418353725 × 10^298 |
| 22 | ov_022 | 2.5653047983395814 × 10^298 |
| 23 | ov_023 | 1.583485902660303 × 10^298 |
| 24 | ov_024 | 9.225175245327776 × 10^297 |
| 25 | ov_025 | 5.0222601750456434 × 10^297 |
| 26 | ov_026 | 2.537605876967999 × 10^297 |
| 27 | ov_027 | 1.1959092572665254 × 10^297 |
| 28 | ov_028 | 5.350627261319934 × 10^296 |
| 29 | ov_029 | 2.0615118977207743 × 10^296 |
| 30 | ov_030 | 6.30150690285838 × 10^295 |
| 31 | ov_031 | 1.228940157966069 × 10^295 |
| 32 | lv_80_m31 | 2.3962661370285506 × 10^294 |
| 33 | ov_033 | 2.8860679218800194 × 10^295 |
| 34 | ov_034 | 2.5059486565509275 × 10^295 |
| 35 | ov_035 | 2.1654316705347183 × 10^295 |
| 36 | ov_036 | 1.8614202124241528 × 10^295 |
| 37 | ov_037 | 1.5909865093397432 × 10^295 |
| 38 | ov_038 | 1.3513598956189897 × 10^295 |
| 39 | ov_039 | 1.1399165001476386 × 10^295 |
| 40 | ov_040 | 9.541703444459257 × 10^294 |
| 41 | ov_041 | 7.917657126413147 × 10^294 |
| 42 | ov_042 | 6.50470663010028 × 10^294 |
| 43 | ov_043 | 5.291994245758563 × 10^294 |
| 44 | ov_044 | 4.259521016970791 × 10^294 |
| 45 | ov_045 | 3.388387737137084 × 10^294 |
| 46 | ov_046 | 2.660764272553367 × 10^294 |
| 47 | ov_047 | 2.0598649412319846 × 10^294 |
| 48 | ov_048 | 1.569929087820231 × 10^294 |
| 49 | ov_049 | 1.1762060613347256 × 10^294 |
| 50 | ov_050 | 8.649438675665548 × 10^293 |
| 51 | ov_051 | 6.233808321941754 × 10^293 |
| 52 | ov_052 | 4.397396741028671 × 10^293 |
| 53 | ov_053 | 3.0322345134998136 × 10^293 |
| 54 | ov_054 | 2.0401290479783635 × 10^293 |
| 55 | ov_055 | 1.3326478678903577 × 10^293 |
| 56 | ov_056 | 8.311083859030236 × 10^292 |
| 57 | ov_057 | 4.986058169905484 × 10^292 |
| 58 | ov_058 | 2.7594173586853677 × 10^292 |
| 59 | ov_059 | 1.3595172427271417 × 10^292 |
| 60 | ov_060 | 5.6340400871083673 × 10^291 |
| 61 | ov_061 | 1.9681217823957086 × 10^291 |
| 62 | ov_062 | 5.399413577075376 × 10^290 |
| 63 | ov_063 | 1.0525062797129892 × 10^290 |
| 64 | lv_79_m31 | 2.0512378423443134 × 10^289 |
| 65 | ov_065 | 2.4689638327325263 × 10^290 |
| 66 | ov_066 | 2.468956508005545 × 10^290 |
| 67 | ov_067 | 2.4689547154407147 × 10^290 |
| 68 | ov_068 | 2.140961121359397 × 10^290 |
| 69 | ov_069 | 1.8476799797477507 × 10^290 |
| 70 | ov_070 | 1.5863360947324254 × 10^290 |
| 71 | ov_071 | 1.3543249526423054 × 10^290 |
| 72 | ov_072 | 1.1492011681698312 × 10^290 |
| 73 | ov_073 | 9.686679535663796 × 10^289 |
| 74 | ov_074 | 8.105675562896643 × 10^289 |
| 75 | ov_075 | 6.728726126943819 × 10^289 |
| 76 | ov_076 | 5.53678367153105 × 10^289 |
| 77 | ov_077 | 4.511957074588307 × 10^289 |
| 78 | ov_078 | 3.63744968540265 × 10^289 |
| 79 | ov_079 | 2.897504574560025 × 10^289 |
| 80 | ov_080 | 2.2773565336011635 × 10^289 |
| 81 | ov_081 | 1.7631903668349932 × 10^289 |
| 82 | ov_082 | 1.3421050218376652 × 10^289 |
| 83 | ov_083 | 1.002083108098948 × 10^289 |
| 84 | ov_084 | 7.319653553133576 × 10^288 |
| 85 | ov_085 | 5.214295641743566 × 10^288 |
| 86 | ov_086 | 3.609736034087319 × 10^288 |
| 87 | ov_087 | 2.4190200733986638 × 10^288 |
| 88 | ov_088 | 1.5631572860502443 × 10^288 |
| 89 | ov_089 | 9.710460084667601 × 10^287 |
| 90 | ov_090 | 5.794206630148908 × 10^287 |
| 91 | ov_091 | 3.328172326028284 × 10^287 |
| 92 | ov_092 | 1.835525210686706 × 10^287 |
| 93 | ov_093 | 9.171300552557186 × 10^286 |
| 94 | ov_094 | 3.9283423516325105 × 10^286 |
| 95 | aaa_78_28 | 1.2130006412833126 × 10^286 |
| 96 | aaa_78_29 | 3.725026822631509 × 10^285 |
| 97 | ov_097 | 2.459261354204462 × 10^285 |
| 98 | ov_098 | 2.459187006431304 × 10^285 |
| 99 | ov_099 | 2.45916319832124 × 10^285 |
| 100 | ov_100 | 2.2125941515789498 × 10^285 |
| 101 | ov_101 | 1.9843039420103183 × 10^285 |
| 102 | ov_102 | 1.773277661571843 × 10^285 |
| 103 | ov_103 | 1.5785744134370666 × 10^285 |
| 104 | ov_104 | 1.3993179301570157 × 10^285 |
| 105 | ov_105 | 1.2346880313326245 × 10^285 |
| 106 | ov_106 | 1.0839128768052166 × 10^285 |
| 107 | ov_107 | 9.46261973037361 × 10^284 |
| 108 | ov_108 | 8.210398917145397 × 10^284 |
| 109 | ov_109 | 7.075806606888711 × 10^284 |
| 110 | ov_110 | 6.052427882456076 × 10^284 |
| 111 | ov_111 | 5.134048823357729 × 10^284 |
| 112 | ov_112 | 4.3146182691615594 × 10^284 |
| 113 | ov_113 | 3.5882147790032664 × 10^284 |
| 114 | ov_114 | 2.9490184147829147 × 10^284 |
| 115 | ov_115 | 2.391286977321956 × 10^284 |
| 116 | ov_116 | 1.9093363258288477 × 10^284 |
| 117 | ov_117 | 1.4975244116625133 × 10^284 |
| 118 | ov_118 | 1.1502386577474284 × 10^284 |
| 119 | ov_119 | 8.618863151964942 × 10^283 |
| 120 | ov_120 | 6.268874288104865 × 10^283 |
| 121 | ov_121 | 4.396700431858191 × 10^283 |
| 122 | ov_122 | 2.9466711619359923 × 10^283 |
| 123 | ov_123 | 1.8631448763238664 × 10^283 |
| 124 | ov_124 | 1.0904950791792875 × 10^283 |
| 125 | ov_125 | 5.731018778162451 × 10^282 |
| 126 | ov_126 | 2.5534764103643417 × 10^282 |
| 127 | aaa_77_28 | 8.161533070688881 × 10^281 |
| 128 | aaa_77_29 | 3.064211444458586 × 10^281 |
| 129 | ov_129 | 2.8587873649105024 × 10^281 |
| 130 | ov_130 | 2.858779322766425 × 10^281 |
| 131 | ov_131 | 2.8587773763908037 × 10^281 |
| 132 | ov_132 | 2.487580190179116 × 10^281 |
| 133 | ov_133 | 2.1538581676301382 × 10^281 |
| 134 | ov_134 | 1.8547109786254117 × 10^281 |
| 135 | ov_135 | 1.5873954483832926 × 10^281 |
| 136 | ov_136 | 1.349314347723536 × 10^281 |
| 137 | ov_137 | 1.1392042457665102 × 10^281 |
| 138 | ov_138 | 9.547320534477302 × 10^280 |
| 139 | ov_139 | 7.936854723100617 × 10^280 |
| 140 | ov_140 | 6.539669912032728 × 10^280 |
| 141 | ov_141 | 5.335888697712042 × 10^280 |
| 142 | ov_142 | 4.306689964121483 × 10^280 |
| 143 | ov_143 | 3.434275149824803 × 10^280 |
| 144 | ov_144 | 2.7018412102131687 × 10^280 |
| 145 | ov_145 | 2.0935593472777188 × 10^280 |
| 146 | ov_146 | 1.594558643398301 × 10^280 |
| 147 | ov_147 | 1.1909137995794073 × 10^280 |
| 148 | ov_148 | 8.696362423599718 × 10^279 |
| 149 | ov_149 | 6.186679273307067 × 10^279 |
| 150 | ov_150 | 4.268772308444845 × 10^279 |
| 151 | ov_151 | 2.840563851215692 × 10^279 |
| 152 | ov_152 | 1.8091997554451876 × 10^279 |
| 153 | ov_153 | 1.0910410067123087 × 10^279 |
| 154 | ov_154 | 6.116590955769297 × 10^278 |
| 155 | ov_155 | 3.0583342297659197 × 10^278 |
| 156 | aaa_76_25 | 1.1754988806353676 × 10^278 |
| 157 | aaa_76_26 | 6.791910729301974 × 10^277 |
| 158 | aaa_76_27 | 3.47886013185472 × 10^277 |
| 159 | aaa_76_28 | 1.35558019347413 × 10^277 |
| 160 | aaa_76_29 | 4.125940404415277 × 10^276 |

### Output Bits Sorted by Complexity

| Rank | Output Bit | Complexity |
|:----:|:----------:|:----------:|
| 160 | aaa_76_29 | 4.125940404415277 × 10^276 |
| 159 | aaa_76_28 | 1.35558019347413 × 10^277 |
| 158 | aaa_76_27 | 3.47886013185472 × 10^277 |
| 157 | aaa_76_26 | 6.791910729301974 × 10^277 |
| 156 | aaa_76_25 | 1.1754988806353676 × 10^278 |
| 155 | ov_155 | 3.0583342297659197 × 10^278 |
| 154 | ov_154 | 6.116590955769297 × 10^278 |
| 153 | ov_153 | 1.0910410067123087 × 10^279 |
| 152 | ov_152 | 1.8091997554451876 × 10^279 |
| 151 | ov_151 | 2.840563851215692 × 10^279 |
| 150 | ov_150 | 4.268772308444845 × 10^279 |
| 149 | ov_149 | 6.186679273307067 × 10^279 |
| 148 | ov_148 | 8.696362423599718 × 10^279 |
| 147 | ov_147 | 1.1909137995794073 × 10^280 |
| 146 | ov_146 | 1.594558643398301 × 10^280 |
| 145 | ov_145 | 2.0935593472777188 × 10^280 |
| 144 | ov_144 | 2.7018412102131687 × 10^280 |
| 143 | ov_143 | 3.434275149824803 × 10^280 |
| 142 | ov_142 | 4.306689964121483 × 10^280 |
| 141 | ov_141 | 5.335888697712042 × 10^280 |
| 140 | ov_140 | 6.539669912032728 × 10^280 |
| 139 | ov_139 | 7.936854723100617 × 10^280 |
| 138 | ov_138 | 9.547320534477302 × 10^280 |
| 137 | ov_137 | 1.1392042457665102 × 10^281 |
| 136 | ov_136 | 1.349314347723536 × 10^281 |
| 135 | ov_135 | 1.5873954483832926 × 10^281 |
| 134 | ov_134 | 1.8547109786254117 × 10^281 |
| 133 | ov_133 | 2.1538581676301382 × 10^281 |
| 132 | ov_132 | 2.487580190179116 × 10^281 |
| 131 | ov_131 | 2.8587773763908037 × 10^281 |
| 130 | ov_130 | 2.858779322766425 × 10^281 |
| 129 | ov_129 | 2.8587873649105024 × 10^281 |
| 128 | aaa_77_29 | 3.064211444458586 × 10^281 |
| 127 | aaa_77_28 | 8.161533070688881 × 10^281 |
| 126 | ov_126 | 2.5534764103643417 × 10^282 |
| 125 | ov_125 | 5.731018778162451 × 10^282 |
| 124 | ov_124 | 1.0904950791792875 × 10^283 |
| 123 | ov_123 | 1.8631448763238664 × 10^283 |
| 122 | ov_122 | 2.9466711619359923 × 10^283 |
| 121 | ov_121 | 4.396700431858191 × 10^283 |
| 120 | ov_120 | 6.268874288104865 × 10^283 |
| 119 | ov_119 | 8.618863151964942 × 10^283 |
| 118 | ov_118 | 1.1502386577474284 × 10^284 |
| 117 | ov_117 | 1.4975244116625133 × 10^284 |
| 116 | ov_116 | 1.9093363258288477 × 10^284 |
| 115 | ov_115 | 2.391286977321956 × 10^284 |
| 114 | ov_114 | 2.9490184147829147 × 10^284 |
| 113 | ov_113 | 3.5882147790032664 × 10^284 |
| 112 | ov_112 | 4.3146182691615594 × 10^284 |
| 111 | ov_111 | 5.134048823357729 × 10^284 |
| 110 | ov_110 | 6.052427882456076 × 10^284 |
| 109 | ov_109 | 7.075806606888711 × 10^284 |
| 108 | ov_108 | 8.210398917145397 × 10^284 |
| 107 | ov_107 | 9.46261973037361 × 10^284 |
| 106 | ov_106 | 1.0839128768052166 × 10^285 |
| 105 | ov_105 | 1.2346880313326245 × 10^285 |
| 104 | ov_104 | 1.3993179301570157 × 10^285 |
| 103 | ov_103 | 1.5785744134370666 × 10^285 |
| 102 | ov_102 | 1.773277661571843 × 10^285 |
| 101 | ov_101 | 1.9843039420103183 × 10^285 |
| 100 | ov_100 | 2.2125941515789498 × 10^285 |
| 99 | ov_099 | 2.45916319832124 × 10^285 |
| 98 | ov_098 | 2.459187006431304 × 10^285 |
| 97 | ov_097 | 2.459261354204462 × 10^285 |
| 96 | aaa_78_29 | 3.725026822631509 × 10^285 |
| 95 | aaa_78_28 | 1.2130006412833126 × 10^286 |
| 94 | ov_094 | 3.9283423516325105 × 10^286 |
| 93 | ov_093 | 9.171300552557186 × 10^286 |
| 92 | ov_092 | 1.835525210686706 × 10^287 |
| 91 | ov_091 | 3.328172326028284 × 10^287 |
| 90 | ov_090 | 5.794206630148908 × 10^287 |
| 89 | ov_089 | 9.710460084667601 × 10^287 |
| 88 | ov_088 | 1.5631572860502443 × 10^288 |
| 87 | ov_087 | 2.4190200733986638 × 10^288 |
| 86 | ov_086 | 3.609736034087319 × 10^288 |
| 85 | ov_085 | 5.214295641743566 × 10^288 |
| 84 | ov_084 | 7.319653553133576 × 10^288 |
| 83 | ov_083 | 1.002083108098948 × 10^289 |
| 82 | ov_082 | 1.3421050218376652 × 10^289 |
| 81 | ov_081 | 1.7631903668349932 × 10^289 |
| 64 | lv_79_m31 | 2.0512378423443134 × 10^289 |
| 80 | ov_080 | 2.2773565336011635 × 10^289 |
| 79 | ov_079 | 2.897504574560025 × 10^289 |
| 78 | ov_078 | 3.63744968540265 × 10^289 |
| 77 | ov_077 | 4.511957074588307 × 10^289 |
| 76 | ov_076 | 5.53678367153105 × 10^289 |
| 75 | ov_075 | 6.728726126943819 × 10^289 |
| 74 | ov_074 | 8.105675562896643 × 10^289 |
| 73 | ov_073 | 9.686679535663796 × 10^289 |
| 63 | ov_063 | 1.0525062797129892 × 10^290 |
| 72 | ov_072 | 1.1492011681698312 × 10^290 |
| 71 | ov_071 | 1.3543249526423054 × 10^290 |
| 70 | ov_070 | 1.5863360947324254 × 10^290 |
| 69 | ov_069 | 1.8476799797477507 × 10^290 |
| 68 | ov_068 | 2.140961121359397 × 10^290 |
| 67 | ov_067 | 2.4689547154407147 × 10^290 |
| 66 | ov_066 | 2.468956508005545 × 10^290 |
| 65 | ov_065 | 2.4689638327325263 × 10^290 |
| 62 | ov_062 | 5.399413577075376 × 10^290 |
| 61 | ov_061 | 1.9681217823957086 × 10^291 |
| 60 | ov_060 | 5.6340400871083673 × 10^291 |
| 59 | ov_059 | 1.3595172427271417 × 10^292 |
| 58 | ov_058 | 2.7594173586853677 × 10^292 |
| 57 | ov_057 | 4.986058169905484 × 10^292 |
| 56 | ov_056 | 8.311083859030236 × 10^292 |
| 55 | ov_055 | 1.3326478678903577 × 10^293 |
| 54 | ov_054 | 2.0401290479783635 × 10^293 |
| 53 | ov_053 | 3.0322345134998136 × 10^293 |
| 52 | ov_052 | 4.397396741028671 × 10^293 |
| 51 | ov_051 | 6.233808321941754 × 10^293 |
| 50 | ov_050 | 8.649438675665548 × 10^293 |
| 49 | ov_049 | 1.1762060613347256 × 10^294 |
| 48 | ov_048 | 1.569929087820231 × 10^294 |
| 47 | ov_047 | 2.0598649412319846 × 10^294 |
| 32 | lv_80_m31 | 2.3962661370285506 × 10^294 |
| 46 | ov_046 | 2.660764272553367 × 10^294 |
| 45 | ov_045 | 3.388387737137084 × 10^294 |
| 44 | ov_044 | 4.259521016970791 × 10^294 |
| 43 | ov_043 | 5.291994245758563 × 10^294 |
| 42 | ov_042 | 6.50470663010028 × 10^294 |
| 41 | ov_041 | 7.917657126413147 × 10^294 |
| 40 | ov_040 | 9.541703444459257 × 10^294 |
| 39 | ov_039 | 1.1399165001476386 × 10^295 |
| 31 | ov_031 | 1.228940157966069 × 10^295 |
| 38 | ov_038 | 1.3513598956189897 × 10^295 |
| 37 | ov_037 | 1.5909865093397432 × 10^295 |
| 36 | ov_036 | 1.8614202124241528 × 10^295 |
| 35 | ov_035 | 2.1654316705347183 × 10^295 |
| 34 | ov_034 | 2.5059486565509275 × 10^295 |
| 33 | ov_033 | 2.8860679218800194 × 10^295 |
| 30 | ov_030 | 6.30150690285838 × 10^295 |
| 29 | ov_029 | 2.0615118977207743 × 10^296 |
| 28 | ov_028 | 5.350627261319934 × 10^296 |
| 27 | ov_027 | 1.1959092572665254 × 10^297 |
| 26 | ov_026 | 2.537605876967999 × 10^297 |
| 25 | ov_025 | 5.0222601750456434 × 10^297 |
| 24 | ov_024 | 9.225175245327776 × 10^297 |
| 23 | ov_023 | 1.583485902660303 × 10^298 |
| 22 | ov_022 | 2.5653047983395814 × 10^298 |
| 21 | ov_021 | 3.9594757418353725 × 10^298 |
| 20 | ov_020 | 5.868837329090097 × 10^298 |
| 19 | ov_019 | 8.407580223319209 × 10^298 |
| 18 | ov_018 | 1.1701270226440371 × 10^299 |
| 17 | ov_017 | 1.58868826032898 × 10^299 |
| 16 | ov_016 | 2.1112851600264947 × 10^299 |
| 15 | ov_015 | 2.753914010240307 × 10^299 |
| 14 | ov_014 | 3.533733579340727 × 10^299 |
| 13 | ov_013 | 4.469078128398497 × 10^299 |
| 12 | ov_012 | 5.5794746455511605 × 10^299 |
| 11 | ov_011 | 6.885665204948688 × 10^299 |
| 10 | ov_010 | 8.409635431947814 × 10^299 |
| 9 | ov_009 | 1.0174650135256684 × 10^300 |
| 8 | ov_008 | 1.2205297246345498 × 10^300 |
| 7 | ov_007 | 1.452754128685297 × 10^300 |
| 6 | ov_006 | 1.716878766620141 × 10^300 |
| 5 | ov_005 | 2.0157959194509177 × 10^300 |
| 4 | ov_004 | 2.3525586280543962 × 10^300 |
| 3 | ov_003 | 2.7303912268557956 × 10^300 |
| 2 | ov_002 | 3.1527015251910174 × 10^300 |
| 1 | ov_001 | 3.6230947794371136 × 10^300 |

