# Results for F001-F002-F003-F004-F005-F006-F007-F008-F009-F010-F011-F012-F013-F014-F015-F016-F017-F018-F019-F020-F021-F022-F023-F024-F025-F026-F027-F028-F029-F030-F031-F032-F033-F034-F035-F036-F037-F038-F039-F040-F041-F042-F043-F044-F045-F046-F047-F048-F049-F050-F051-F052-F053-F054-F055-F056-F057-F058-F059-F060-F061-F062-F063-F064-F065-F066-F067-F068-F069-F070-F071-F072-F073-F074-F075-F076-F077-F078-F079-F080-F081-F082-F083-F084-F085-F086-F087-F088-F089-F090-F091-F092-F093-F094-F095-F096-F097-F098-F099-F100-F101-F102-F103-F104-F105-F106-F107-F108-F109-F110-F111-F112-F113-F114-F115-F116-F117-F118-F119-F120-F121-F122-F123-F124-F125-F126-F127-F128-F129-F130-F131-F132-F133-F134-F135-F136-F137-F138-F139-F140-F141-F142-F143-F144-F145-F146-F147-F148-F149-F150-F151-F152-F153-F154-F155-F156-F157-F158-F159-F160-F161-F162-F163-F164-F165-F166-F167-F168-F169-F170-F171-F172-F173-F174-F175-F176-F177-F178-F179-F180-F181-F182-F183-F184-F185-F186-F187-F188-F189-F190-F191-F192-F193-F194-F195-F196-F197-F198-F199-F200-F201-F202-F203-F204-F205-F206-F207-F208-F209-F210-F211-F212-F213-F214-F215-F216-F217-F218-F219-F220-F221-F222-F223-F224-F225-F226-F227-F228-F229-F230-F231-F232-F233-F234-F235-F236-F237-F238-F239-F240-F241-F242-F243-F244-F245-F246-F247-F248-F249-F250-F251-F252-F253-F254-F255-F256-F257-F258-F259-F260-F261-F262-F263-F264-F265-F266-F267-F268-F269-F270-F271-F272-F273-F274-F275-F276-F277-F278-F279-F280-F281-F282-F283-F284-F285-F286-F287-F288-F289-F290-F291-F292-F293-F294-F295-F296-F297-F298-F299-F300-F301-F302-F303-F304-F305-F306-F307-F308-F309-F310-F311-F312-F313-F314-F315-F316-F317-F318-F319-F320-F321-F322-F323-F324-F325-F326-F327-F328-F329-F330-F331-F332-F333-F334-F335-F336-F337-F338-F339-F340-F341-F342-F343-F344-F345-F346-F347-F348-F349-F350-F351-F352-F353-F354-F355-F356-F357-F358-F359-F360-F361-F362-F363-F364-F365-F366-F367-F368-F369-F370-F371-F372-F373-F374-F375-F376-F377-F378-F379-F380-F381-F382-F383-F384-F385-F386-F387-F388-F389-F390-F391-F392-F393-F394-F395-F396-F397-F398-F399-F400-F401-F402-F403-F404-F405-F406-F407-F408-F409-F410-F411-F412-F413-F414-F415-F416-F417-F418-F419-F420-F421-F422-F423-F424-F425-F426-F427-F428-F429-F430-F431-F432-F433-F434-F435-F436-F437-F438-F439-F440-F441-F442-F443-F444-F445-F446-F447-F448-F449-F450-F451-F452-F453-F454-F455-F456-F457-F458-F459-F460-F461-F462-F463-F464-F465-F466-F467-F468-F469-F470-F471-F472-F473-F474-F475-F476-F477-F478-F479-F480-F481-F482-F483-F484-F485-F486-F487-F488-F489-F490-F491-F492-F493-F494-F495-F496-E499505-F500-F510-F512

## Summary

Number of input bits: 512  
Number of free input bits: 12  
Number of output bits: 160

Number of direct occurrences: 49082  
Number of assignments: 31596  
Number of operations: 11171670
(xor: 11143371,
and: 14843,
or: 13456)

Total complexity: 3.2012079310999065 × 10^300

Least occurring input variable: iv_502 (3905)  
Most occurring input variable: iv_511 (4264)

Most co-occurring input variables: iv_508-iv_509 (2077)  
Least co-occurring input variables: iv_498-iv_502 (1768)

Potentially most occurring input variable: iv_509/iv_511 (4528)  
Potentially least occurring input variable: iv_499/iv_504 (4138)

Least output occurring input variable: iv_499 (57)  
Most output occurring input variable: iv_497 (93)

Most output co-occurring input variables: iv_497-iv_502 (52)  
Least output co-occurring input variables: iv_499-iv_503 (23)

Potentially most output occurring input variable: iv_497/iv_499 (92)  
Potentially least output occurring input variable: iv_498/iv_508 (68)

Least complex input bit: iv_511 (3.9824011299880754 × 10^296)  
Most complex input bit: iv_499 (5.866392796910235 × 10^299)

Least complex output bit: aaa_76_29 (4.4086933295596784 × 10^275)  
Most complex output bit: ov_001 (5.00508737565848 × 10^299)

Least complex input/output complexity: iv_511/aaa_76_29 (5.48455010586483 × 10^271)  
Most complex input/output complexity: iv_499/ov_001 (9.172102893791336 × 10^298)

## Input Bits

### Input Bits in Regular Order

| Input Bit | Complexity | Occurrences | Output Occurrences |
|:---------:|:----------:|:-----------:|:------------------:|
| iv_497 | 9.250981597592507 × 10^297 | 4140 | 93 |
| iv_498 | 1.84424362141957 × 10^298 | 3961 | 88 |
| iv_499 | 5.866392796910235 × 10^299 | 4195 | 57 |
| iv_501 | 9.025739908120108 × 10^298 | 4088 | 83 |
| iv_502 | 1.4604566635134119 × 10^299 | 3905 | 82 |
| iv_503 | 2.3214163396150683 × 10^299 | 4055 | 72 |
| iv_504 | 3.618915877313128 × 10^299 | 3939 | 78 |
| iv_506 | 2.800670407301466 × 10^299 | 3970 | 82 |
| iv_507 | 4.017890842877219 × 10^299 | 4189 | 76 |
| iv_508 | 5.332526054239399 × 10^299 | 4150 | 74 |
| iv_509 | 5.410319759169279 × 10^299 | 4226 | 87 |
| iv_511 | 3.9824011299880754 × 10^296 | 4264 | 80 |

### Input Bits Sorted by Complexity

| Input Bit | Complexity | Occurrences | Output Occurrences |
|:---------:|:----------:|:-----------:|:------------------:|
| iv_511 | 3.9824011299880754 × 10^296 | 4264 | 80 |
| iv_497 | 9.250981597592507 × 10^297 | 4140 | 93 |
| iv_498 | 1.84424362141957 × 10^298 | 3961 | 88 |
| iv_501 | 9.025739908120108 × 10^298 | 4088 | 83 |
| iv_502 | 1.4604566635134119 × 10^299 | 3905 | 82 |
| iv_503 | 2.3214163396150683 × 10^299 | 4055 | 72 |
| iv_506 | 2.800670407301466 × 10^299 | 3970 | 82 |
| iv_504 | 3.618915877313128 × 10^299 | 3939 | 78 |
| iv_507 | 4.017890842877219 × 10^299 | 4189 | 76 |
| iv_508 | 5.332526054239399 × 10^299 | 4150 | 74 |
| iv_509 | 5.410319759169279 × 10^299 | 4226 | 87 |
| iv_499 | 5.866392796910235 × 10^299 | 4195 | 57 |

### Input Bits Sorted by Occurrences

| Input Bit | Complexity | Occurrences | Output Occurrences |
|:---------:|:----------:|:-----------:|:------------------:|
| iv_502 | 1.4604566635134119 × 10^299 | 3905 | 82 |
| iv_504 | 3.618915877313128 × 10^299 | 3939 | 78 |
| iv_498 | 1.84424362141957 × 10^298 | 3961 | 88 |
| iv_506 | 2.800670407301466 × 10^299 | 3970 | 82 |
| iv_503 | 2.3214163396150683 × 10^299 | 4055 | 72 |
| iv_501 | 9.025739908120108 × 10^298 | 4088 | 83 |
| iv_497 | 9.250981597592507 × 10^297 | 4140 | 93 |
| iv_508 | 5.332526054239399 × 10^299 | 4150 | 74 |
| iv_507 | 4.017890842877219 × 10^299 | 4189 | 76 |
| iv_499 | 5.866392796910235 × 10^299 | 4195 | 57 |
| iv_509 | 5.410319759169279 × 10^299 | 4226 | 87 |
| iv_511 | 3.9824011299880754 × 10^296 | 4264 | 80 |

### Input Bits Sorted by Output Occurrences

| Input Bit | Complexity | Occurrences | Output Occurrences |
|:---------:|:----------:|:-----------:|:------------------:|
| iv_499 | 5.866392796910235 × 10^299 | 4195 | 57 |
| iv_503 | 2.3214163396150683 × 10^299 | 4055 | 72 |
| iv_508 | 5.332526054239399 × 10^299 | 4150 | 74 |
| iv_507 | 4.017890842877219 × 10^299 | 4189 | 76 |
| iv_504 | 3.618915877313128 × 10^299 | 3939 | 78 |
| iv_511 | 3.9824011299880754 × 10^296 | 4264 | 80 |
| iv_502 | 1.4604566635134119 × 10^299 | 3905 | 82 |
| iv_506 | 2.800670407301466 × 10^299 | 3970 | 82 |
| iv_501 | 9.025739908120108 × 10^298 | 4088 | 83 |
| iv_509 | 5.410319759169279 × 10^299 | 4226 | 87 |
| iv_498 | 1.84424362141957 × 10^298 | 3961 | 88 |
| iv_497 | 9.250981597592507 × 10^297 | 4140 | 93 |

## Input Bit Co-occurrences

### Input Bit Co-occurrences Sorted by Co-occurrences

| Input Bits | Co-occurrences | Potential Occurrences | Output Co-occurrences | Potential Output Occurrences |
|:----------:|:--------------:|:---------------------:|:---------------------:|:----------------------------:|
| iv_508-iv_509 | 2077 | 4222 | 40 | 81 |
| iv_507-iv_509 | 2065 | 4285 | 44 | 75 |
| iv_497-iv_507 | 2050 | 4229 | 44 | 81 |
| iv_501-iv_511 | 2034 | 4284 | 39 | 85 |
| iv_503-iv_511 | 2034 | 4251 | 35 | 82 |
| iv_501-iv_509 | 2034 | 4246 | 49 | 72 |
| iv_499-iv_509 | 2031 | 4359 | 31 | 82 |
| iv_497-iv_509 | 2020 | 4326 | 50 | 80 |
| iv_507-iv_511 | 2014 | 4425 | 39 | 78 |
| iv_497-iv_511 | 2010 | 4384 | 47 | 79 |
| iv_497-iv_501 | 2005 | 4218 | 48 | 80 |
| iv_499-iv_504 | 1998 | 4138 | 27 | 81 |

### Input Bit Co-occurrences Sorted by Potential Occurrences

| Input Bits | Co-occurrences | Potential Occurrences | Output Co-occurrences | Potential Output Occurrences |
|:----------:|:--------------:|:---------------------:|:---------------------:|:----------------------------:|
| iv_499-iv_504 | 1998 | 4138 | 27 | 81 |
| iv_504-iv_506 | 1878 | 4153 | 42 | 76 |
| iv_506-iv_507 | 1995 | 4169 | 39 | 80 |
| iv_503-iv_506 | 1913 | 4199 | 39 | 76 |
| iv_497-iv_506 | 1955 | 4200 | 51 | 73 |
| iv_498-iv_504 | 1847 | 4206 | 46 | 74 |
| iv_497-iv_501 | 2005 | 4218 | 48 | 80 |
| iv_497-iv_504 | 1929 | 4221 | 50 | 71 |
| iv_508-iv_509 | 2077 | 4222 | 40 | 81 |
| iv_502-iv_504 | 1809 | 4226 | 42 | 76 |
| iv_497-iv_507 | 2050 | 4229 | 44 | 81 |
| iv_498-iv_506 | 1850 | 4231 | 41 | 88 |

### Input Bit Output Co-occurrences Sorted by Output Co-occurrences

| Input Bits | Co-occurrences | Potential Occurrences | Output Co-occurrences | Potential Output Occurrences |
|:----------:|:--------------:|:---------------------:|:---------------------:|:----------------------------:|
| iv_498-iv_509 | 1880 | 4427 | 52 | 71 |
| iv_497-iv_502 | 1904 | 4237 | 52 | 71 |
| iv_497-iv_506 | 1955 | 4200 | 51 | 73 |
| iv_497-iv_504 | 1929 | 4221 | 50 | 71 |
| iv_497-iv_498 | 1893 | 4315 | 50 | 81 |
| iv_497-iv_509 | 2020 | 4326 | 50 | 80 |
| iv_501-iv_509 | 2034 | 4246 | 49 | 72 |
| iv_498-iv_501 | 1873 | 4303 | 48 | 75 |
| iv_497-iv_501 | 2005 | 4218 | 48 | 80 |
| iv_498-iv_508 | 1878 | 4355 | 47 | 68 |
| iv_497-iv_511 | 2010 | 4384 | 47 | 79 |
| iv_502-iv_509 | 1873 | 4385 | 46 | 77 |

### Input Bit Output Co-occurrences Sorted by Potential Output Occurrences

| Input Bits | Co-occurrences | Potential Occurrences | Output Co-occurrences | Potential Output Occurrences |
|:----------:|:--------------:|:---------------------:|:---------------------:|:----------------------------:|
| iv_498-iv_508 | 1878 | 4355 | 47 | 68 |
| iv_501-iv_508 | 1941 | 4356 | 43 | 71 |
| iv_503-iv_509 | 1920 | 4441 | 44 | 71 |
| iv_497-iv_504 | 1929 | 4221 | 50 | 71 |
| iv_498-iv_509 | 1880 | 4427 | 52 | 71 |
| iv_497-iv_502 | 1904 | 4237 | 52 | 71 |
| iv_501-iv_509 | 2034 | 4246 | 49 | 72 |
| iv_504-iv_508 | 1915 | 4259 | 40 | 72 |
| iv_502-iv_511 | 1923 | 4323 | 45 | 72 |
| iv_497-iv_506 | 1955 | 4200 | 51 | 73 |
| iv_498-iv_499 | 1839 | 4478 | 36 | 73 |
| iv_498-iv_504 | 1847 | 4206 | 46 | 74 |

## Output Bits

### Output Bits in Regular Order

| Rank | Output Bit | Complexity |
|:----:|:----------:|:----------:|
| 1 | ov_001 | 5.00508737565848 × 10^299 |
| 2 | ov_002 | 4.35514021228925 × 10^299 |
| 3 | ov_003 | 3.7716615025879195 × 10^299 |
| 4 | ov_004 | 3.249660923135711 × 10^299 |
| 5 | ov_005 | 2.7844222359075243 × 10^299 |
| 6 | ov_006 | 2.3714839767057505 × 10^299 |
| 7 | ov_007 | 2.0066225929078354 × 10^299 |
| 8 | ov_008 | 1.6858378273768201 × 10^299 |
| 9 | ov_009 | 1.4053401585864111 × 10^299 |
| 10 | ov_010 | 1.1615400905521475 × 10^299 |
| 11 | ov_011 | 9.510390954514534 × 10^298 |
| 12 | ov_012 | 7.706220469318333 × 10^298 |
| 13 | ov_013 | 6.172509938727885 × 10^298 |
| 14 | ov_014 | 4.880601128378397 × 10^298 |
| 15 | ov_015 | 3.8035167732094786 × 10^298 |
| 16 | ov_016 | 2.9159289319481086 × 10^298 |
| 17 | ov_017 | 2.1941346098905003 × 10^298 |
| 18 | ov_018 | 1.6160373678873153 × 10^298 |
| 19 | ov_019 | 1.1611337466671167 × 10^298 |
| 20 | ov_020 | 8.105034466070405 × 10^297 |
| 21 | ov_021 | 5.468023593526542 × 10^297 |
| 22 | ov_022 | 3.542577493639757 × 10^297 |
| 23 | ov_023 | 2.186650257755829 × 10^297 |
| 24 | ov_024 | 1.273856526727295 × 10^297 |
| 25 | ov_025 | 6.934587832619045 × 10^296 |
| 26 | ov_026 | 3.503604641573799 × 10^296 |
| 27 | ov_027 | 1.6510278060072831 × 10^296 |
| 28 | ov_028 | 7.38635014125094 × 10^295 |
| 29 | ov_029 | 2.845657157883417 × 10^295 |
| 30 | ov_030 | 8.697987727896364 × 10^294 |
| 31 | ov_031 | 1.6962366014583658 × 10^294 |
| 32 | lv_80_m31 | 3.3073247723420656 × 10^293 |
| 33 | ov_033 | 4.003158888686698 × 10^294 |
| 34 | ov_034 | 3.477618618860315 × 10^294 |
| 35 | ov_035 | 3.007139510693296 × 10^294 |
| 36 | ov_036 | 2.58732495909274 × 10^294 |
| 37 | ov_037 | 2.2140182666709342 × 10^294 |
| 38 | ov_038 | 1.883285789411313 × 10^294 |
| 39 | ov_039 | 1.5914022951975468 × 10^294 |
| 40 | ov_040 | 1.3348383252483498 × 10^294 |
| 41 | ov_041 | 1.1102493613042744 × 10^294 |
| 42 | ov_042 | 9.144666135521925 × 10^293 |
| 43 | ov_043 | 7.45948563386899 × 10^293 |
| 44 | ov_044 | 6.018558683570811 × 10^293 |
| 45 | ov_045 | 4.795053228366715 × 10^293 |
| 46 | ov_046 | 3.76365502594538 × 10^293 |
| 47 | ov_047 | 2.9120815413348945 × 10^293 |
| 48 | ov_048 | 2.2179566676059306 × 10^293 |
| 49 | ov_049 | 1.6603382474889263 × 10^293 |
| 50 | ov_050 | 1.2197019622123553 × 10^293 |
| 51 | ov_051 | 8.779294948724272 × 10^292 |
| 52 | ov_052 | 6.183001157651698 × 10^292 |
| 53 | ov_053 | 4.2548492646987113 × 10^292 |
| 54 | ov_054 | 2.8554308832350474 × 10^292 |
| 55 | ov_055 | 1.8591944945091734 × 10^292 |
| 56 | ov_056 | 1.154430929159964 × 10^292 |
| 57 | ov_057 | 6.887448216080327 × 10^291 |
| 58 | ov_058 | 3.7808952850767094 × 10^291 |
| 59 | ov_059 | 1.838985133023038 × 10^291 |
| 60 | ov_060 | 7.451802615451221 × 10^290 |
| 61 | ov_061 | 2.520681508746226 × 10^290 |
| 62 | ov_062 | 6.753958211609997 × 10^289 |
| 63 | ov_063 | 1.4942934922540627 × 10^289 |
| 64 | lv_79_m31 | 2.912241298718809 × 10^288 |
| 65 | ov_065 | 3.5053170396857953 × 10^289 |
| 66 | ov_066 | 3.5053066393622283 × 10^289 |
| 67 | ov_067 | 3.5053040940890904 × 10^289 |
| 68 | ov_068 | 3.039637870842158 × 10^289 |
| 69 | ov_069 | 2.623253984264667 × 10^289 |
| 70 | ov_070 | 2.2522124032066937 × 10^289 |
| 71 | ov_071 | 1.9228154314035056 × 10^289 |
| 72 | ov_072 | 1.631591301196305 × 10^289 |
| 73 | ov_073 | 1.3752792197673038 × 10^289 |
| 74 | ov_074 | 1.15081579050204 × 10^289 |
| 75 | ov_075 | 9.553227351460011 × 10^288 |
| 76 | ov_076 | 7.860958449483207 × 10^288 |
| 77 | ov_077 | 6.405950910475228 × 10^288 |
| 78 | ov_078 | 5.164358260138061 × 10^288 |
| 79 | ov_079 | 4.1138100977566996 × 10^288 |
| 80 | ov_080 | 3.233343941781093 × 10^288 |
| 81 | ov_081 | 2.5033460119333343 × 10^288 |
| 82 | ov_082 | 1.9055003037693797 × 10^288 |
| 83 | ov_083 | 1.4227453157252548 × 10^288 |
| 84 | ov_084 | 1.039237791515847 × 10^288 |
| 85 | ov_085 | 7.403228426450683 × 10^287 |
| 86 | ov_086 | 5.125098170006077 × 10^287 |
| 87 | ov_087 | 3.43453280263361 × 10^287 |
| 88 | ov_088 | 2.219384773186853 × 10^287 |
| 89 | ov_089 | 1.3787064111783725 × 10^287 |
| 90 | ov_090 | 8.226751657406796 × 10^286 |
| 91 | ov_091 | 4.725446714146249 × 10^286 |
| 92 | ov_092 | 2.6061537050651393 × 10^286 |
| 93 | ov_093 | 1.3021873430285158 × 10^286 |
| 94 | ov_094 | 5.577695520269787 × 10^285 |
| 95 | aaa_78_28 | 1.7223013387682823 × 10^285 |
| 96 | aaa_78_29 | 5.289094591741731 × 10^284 |
| 97 | ov_097 | 3.4917145788708706 × 10^284 |
| 98 | ov_098 | 3.491609681698164 × 10^284 |
| 99 | ov_099 | 3.4915761457465505 × 10^284 |
| 100 | ov_100 | 3.1415367674922892 × 10^284 |
| 101 | ov_101 | 2.8174279434897592 × 10^284 |
| 102 | ov_102 | 2.5178140292214586 × 10^284 |
| 103 | ov_103 | 2.2413636143621337 × 10^284 |
| 104 | ov_104 | 1.986836300367478 × 10^284 |
| 105 | ov_105 | 1.7530706616541234 × 10^284 |
| 106 | ov_106 | 1.538973328343876 × 10^284 |
| 107 | ov_107 | 1.3435091308945815 × 10^284 |
| 108 | ov_108 | 1.1656922488551071 × 10^284 |
| 109 | ov_109 | 1.0045783075201133 × 10^284 |
| 110 | ov_110 | 8.592573674722943 × 10^283 |
| 111 | ov_111 | 7.288477529342952 × 10^283 |
| 112 | ov_112 | 6.124906655546153 × 10^283 |
| 113 | ov_113 | 5.09345530763034 × 10^283 |
| 114 | ov_114 | 4.185860241892808 × 10^283 |
| 115 | ov_115 | 3.3939672587819237 × 10^283 |
| 116 | ov_116 | 2.709703501861251 × 10^283 |
| 117 | ov_117 | 2.1250549933385855 × 10^283 |
| 118 | ov_118 | 1.6320488864267135 × 10^283 |
| 119 | ov_119 | 1.2227399150885488 × 10^283 |
| 120 | ov_120 | 8.892005218783006 × 10^282 |
| 121 | ov_121 | 6.235141446793864 × 10^282 |
| 122 | ov_122 | 4.1777091056061437 × 10^282 |
| 123 | ov_123 | 2.640648172570912 × 10^282 |
| 124 | ov_124 | 1.5449184519672802 × 10^282 |
| 125 | ov_125 | 8.114880406487026 × 10^281 |
| 126 | ov_126 | 3.613276605151617 × 10^281 |
| 127 | aaa_77_28 | 1.1540867389062777 × 10^281 |
| 128 | aaa_77_29 | 4.328228190868301 × 10^280 |
| 129 | ov_129 | 4.0420923303782796 × 10^280 |
| 130 | ov_130 | 4.0420837363166363 × 10^280 |
| 131 | ov_131 | 4.0420809922332896 × 10^280 |
| 132 | ov_132 | 3.5123393976952603 × 10^280 |
| 133 | ov_133 | 3.03710933614796 × 10^280 |
| 134 | ov_134 | 2.612301716341648 × 10^280 |
| 135 | ov_135 | 2.2340490215893642 × 10^280 |
| 136 | ov_136 | 1.898689505440072 × 10^280 |
| 137 | ov_137 | 1.6027535083896428 × 10^280 |
| 138 | ov_138 | 1.3429516981534435 × 10^280 |
| 139 | ov_139 | 1.1161650462368414 × 10^280 |
| 140 | ov_140 | 9.194363634265216 × 10^279 |
| 141 | ov_141 | 7.499632264546081 × 10^279 |
| 142 | ov_142 | 6.050921375181287 × 10^279 |
| 143 | ov_143 | 4.8231376761746126 × 10^279 |
| 144 | ov_144 | 3.7925914384934014 × 10^279 |
| 145 | ov_145 | 2.936966498852014 × 10^279 |
| 146 | ov_146 | 2.2352971790915274 × 10^279 |
| 147 | ov_147 | 1.6679509930008834 × 10^279 |
| 148 | ov_148 | 1.2166161033207097 × 10^279 |
| 149 | ov_149 | 8.642925814408356 × 10^278 |
| 150 | ov_150 | 5.952866119938577 × 10^278 |
| 151 | ov_151 | 3.952068741878745 × 10^278 |
| 152 | ov_152 | 2.509624213291654 × 10^278 |
| 153 | ov_153 | 1.507614951854721 × 10^278 |
| 154 | ov_154 | 8.411087265679305 × 10^277 |
| 155 | ov_155 | 4.181549918498238 × 10^277 |
| 156 | aaa_76_25 | 1.5978289123508339 × 10^277 |
| 157 | aaa_76_26 | 9.094531890711052 × 10^276 |
| 158 | aaa_76_27 | 4.537047045368618 × 10^276 |
| 159 | aaa_76_28 | 1.6569465436121255 × 10^276 |
| 160 | aaa_76_29 | 4.4086933295596784 × 10^275 |

### Output Bits Sorted by Complexity

| Rank | Output Bit | Complexity |
|:----:|:----------:|:----------:|
| 160 | aaa_76_29 | 4.4086933295596784 × 10^275 |
| 159 | aaa_76_28 | 1.6569465436121255 × 10^276 |
| 158 | aaa_76_27 | 4.537047045368618 × 10^276 |
| 157 | aaa_76_26 | 9.094531890711052 × 10^276 |
| 156 | aaa_76_25 | 1.5978289123508339 × 10^277 |
| 155 | ov_155 | 4.181549918498238 × 10^277 |
| 154 | ov_154 | 8.411087265679305 × 10^277 |
| 153 | ov_153 | 1.507614951854721 × 10^278 |
| 152 | ov_152 | 2.509624213291654 × 10^278 |
| 151 | ov_151 | 3.952068741878745 × 10^278 |
| 150 | ov_150 | 5.952866119938577 × 10^278 |
| 149 | ov_149 | 8.642925814408356 × 10^278 |
| 148 | ov_148 | 1.2166161033207097 × 10^279 |
| 147 | ov_147 | 1.6679509930008834 × 10^279 |
| 146 | ov_146 | 2.2352971790915274 × 10^279 |
| 145 | ov_145 | 2.936966498852014 × 10^279 |
| 144 | ov_144 | 3.7925914384934014 × 10^279 |
| 143 | ov_143 | 4.8231376761746126 × 10^279 |
| 142 | ov_142 | 6.050921375181287 × 10^279 |
| 141 | ov_141 | 7.499632264546081 × 10^279 |
| 140 | ov_140 | 9.194363634265216 × 10^279 |
| 139 | ov_139 | 1.1161650462368414 × 10^280 |
| 138 | ov_138 | 1.3429516981534435 × 10^280 |
| 137 | ov_137 | 1.6027535083896428 × 10^280 |
| 136 | ov_136 | 1.898689505440072 × 10^280 |
| 135 | ov_135 | 2.2340490215893642 × 10^280 |
| 134 | ov_134 | 2.612301716341648 × 10^280 |
| 133 | ov_133 | 3.03710933614796 × 10^280 |
| 132 | ov_132 | 3.5123393976952603 × 10^280 |
| 131 | ov_131 | 4.0420809922332896 × 10^280 |
| 130 | ov_130 | 4.0420837363166363 × 10^280 |
| 129 | ov_129 | 4.0420923303782796 × 10^280 |
| 128 | aaa_77_29 | 4.328228190868301 × 10^280 |
| 127 | aaa_77_28 | 1.1540867389062777 × 10^281 |
| 126 | ov_126 | 3.613276605151617 × 10^281 |
| 125 | ov_125 | 8.114880406487026 × 10^281 |
| 124 | ov_124 | 1.5449184519672802 × 10^282 |
| 123 | ov_123 | 2.640648172570912 × 10^282 |
| 122 | ov_122 | 4.1777091056061437 × 10^282 |
| 121 | ov_121 | 6.235141446793864 × 10^282 |
| 120 | ov_120 | 8.892005218783006 × 10^282 |
| 119 | ov_119 | 1.2227399150885488 × 10^283 |
| 118 | ov_118 | 1.6320488864267135 × 10^283 |
| 117 | ov_117 | 2.1250549933385855 × 10^283 |
| 116 | ov_116 | 2.709703501861251 × 10^283 |
| 115 | ov_115 | 3.3939672587819237 × 10^283 |
| 114 | ov_114 | 4.185860241892808 × 10^283 |
| 113 | ov_113 | 5.09345530763034 × 10^283 |
| 112 | ov_112 | 6.124906655546153 × 10^283 |
| 111 | ov_111 | 7.288477529342952 × 10^283 |
| 110 | ov_110 | 8.592573674722943 × 10^283 |
| 109 | ov_109 | 1.0045783075201133 × 10^284 |
| 108 | ov_108 | 1.1656922488551071 × 10^284 |
| 107 | ov_107 | 1.3435091308945815 × 10^284 |
| 106 | ov_106 | 1.538973328343876 × 10^284 |
| 105 | ov_105 | 1.7530706616541234 × 10^284 |
| 104 | ov_104 | 1.986836300367478 × 10^284 |
| 103 | ov_103 | 2.2413636143621337 × 10^284 |
| 102 | ov_102 | 2.5178140292214586 × 10^284 |
| 101 | ov_101 | 2.8174279434897592 × 10^284 |
| 100 | ov_100 | 3.1415367674922892 × 10^284 |
| 99 | ov_099 | 3.4915761457465505 × 10^284 |
| 98 | ov_098 | 3.491609681698164 × 10^284 |
| 97 | ov_097 | 3.4917145788708706 × 10^284 |
| 96 | aaa_78_29 | 5.289094591741731 × 10^284 |
| 95 | aaa_78_28 | 1.7223013387682823 × 10^285 |
| 94 | ov_094 | 5.577695520269787 × 10^285 |
| 93 | ov_093 | 1.3021873430285158 × 10^286 |
| 92 | ov_092 | 2.6061537050651393 × 10^286 |
| 91 | ov_091 | 4.725446714146249 × 10^286 |
| 90 | ov_090 | 8.226751657406796 × 10^286 |
| 89 | ov_089 | 1.3787064111783725 × 10^287 |
| 88 | ov_088 | 2.219384773186853 × 10^287 |
| 87 | ov_087 | 3.43453280263361 × 10^287 |
| 86 | ov_086 | 5.125098170006077 × 10^287 |
| 85 | ov_085 | 7.403228426450683 × 10^287 |
| 84 | ov_084 | 1.039237791515847 × 10^288 |
| 83 | ov_083 | 1.4227453157252548 × 10^288 |
| 82 | ov_082 | 1.9055003037693797 × 10^288 |
| 81 | ov_081 | 2.5033460119333343 × 10^288 |
| 64 | lv_79_m31 | 2.912241298718809 × 10^288 |
| 80 | ov_080 | 3.233343941781093 × 10^288 |
| 79 | ov_079 | 4.1138100977566996 × 10^288 |
| 78 | ov_078 | 5.164358260138061 × 10^288 |
| 77 | ov_077 | 6.405950910475228 × 10^288 |
| 76 | ov_076 | 7.860958449483207 × 10^288 |
| 75 | ov_075 | 9.553227351460011 × 10^288 |
| 74 | ov_074 | 1.15081579050204 × 10^289 |
| 73 | ov_073 | 1.3752792197673038 × 10^289 |
| 63 | ov_063 | 1.4942934922540627 × 10^289 |
| 72 | ov_072 | 1.631591301196305 × 10^289 |
| 71 | ov_071 | 1.9228154314035056 × 10^289 |
| 70 | ov_070 | 2.2522124032066937 × 10^289 |
| 69 | ov_069 | 2.623253984264667 × 10^289 |
| 68 | ov_068 | 3.039637870842158 × 10^289 |
| 67 | ov_067 | 3.5053040940890904 × 10^289 |
| 66 | ov_066 | 3.5053066393622283 × 10^289 |
| 65 | ov_065 | 3.5053170396857953 × 10^289 |
| 62 | ov_062 | 6.753958211609997 × 10^289 |
| 61 | ov_061 | 2.520681508746226 × 10^290 |
| 60 | ov_060 | 7.451802615451221 × 10^290 |
| 59 | ov_059 | 1.838985133023038 × 10^291 |
| 58 | ov_058 | 3.7808952850767094 × 10^291 |
| 57 | ov_057 | 6.887448216080327 × 10^291 |
| 56 | ov_056 | 1.154430929159964 × 10^292 |
| 55 | ov_055 | 1.8591944945091734 × 10^292 |
| 54 | ov_054 | 2.8554308832350474 × 10^292 |
| 53 | ov_053 | 4.2548492646987113 × 10^292 |
| 52 | ov_052 | 6.183001157651698 × 10^292 |
| 51 | ov_051 | 8.779294948724272 × 10^292 |
| 50 | ov_050 | 1.2197019622123553 × 10^293 |
| 49 | ov_049 | 1.6603382474889263 × 10^293 |
| 48 | ov_048 | 2.2179566676059306 × 10^293 |
| 47 | ov_047 | 2.9120815413348945 × 10^293 |
| 32 | lv_80_m31 | 3.3073247723420656 × 10^293 |
| 46 | ov_046 | 3.76365502594538 × 10^293 |
| 45 | ov_045 | 4.795053228366715 × 10^293 |
| 44 | ov_044 | 6.018558683570811 × 10^293 |
| 43 | ov_043 | 7.45948563386899 × 10^293 |
| 42 | ov_042 | 9.144666135521925 × 10^293 |
| 41 | ov_041 | 1.1102493613042744 × 10^294 |
| 40 | ov_040 | 1.3348383252483498 × 10^294 |
| 39 | ov_039 | 1.5914022951975468 × 10^294 |
| 31 | ov_031 | 1.6962366014583658 × 10^294 |
| 38 | ov_038 | 1.883285789411313 × 10^294 |
| 37 | ov_037 | 2.2140182666709342 × 10^294 |
| 36 | ov_036 | 2.58732495909274 × 10^294 |
| 35 | ov_035 | 3.007139510693296 × 10^294 |
| 34 | ov_034 | 3.477618618860315 × 10^294 |
| 33 | ov_033 | 4.003158888686698 × 10^294 |
| 30 | ov_030 | 8.697987727896364 × 10^294 |
| 29 | ov_029 | 2.845657157883417 × 10^295 |
| 28 | ov_028 | 7.38635014125094 × 10^295 |
| 27 | ov_027 | 1.6510278060072831 × 10^296 |
| 26 | ov_026 | 3.503604641573799 × 10^296 |
| 25 | ov_025 | 6.934587832619045 × 10^296 |
| 24 | ov_024 | 1.273856526727295 × 10^297 |
| 23 | ov_023 | 2.186650257755829 × 10^297 |
| 22 | ov_022 | 3.542577493639757 × 10^297 |
| 21 | ov_021 | 5.468023593526542 × 10^297 |
| 20 | ov_020 | 8.105034466070405 × 10^297 |
| 19 | ov_019 | 1.1611337466671167 × 10^298 |
| 18 | ov_018 | 1.6160373678873153 × 10^298 |
| 17 | ov_017 | 2.1941346098905003 × 10^298 |
| 16 | ov_016 | 2.9159289319481086 × 10^298 |
| 15 | ov_015 | 3.8035167732094786 × 10^298 |
| 14 | ov_014 | 4.880601128378397 × 10^298 |
| 13 | ov_013 | 6.172509938727885 × 10^298 |
| 12 | ov_012 | 7.706220469318333 × 10^298 |
| 11 | ov_011 | 9.510390954514534 × 10^298 |
| 10 | ov_010 | 1.1615400905521475 × 10^299 |
| 9 | ov_009 | 1.4053401585864111 × 10^299 |
| 8 | ov_008 | 1.6858378273768201 × 10^299 |
| 7 | ov_007 | 2.0066225929078354 × 10^299 |
| 6 | ov_006 | 2.3714839767057505 × 10^299 |
| 5 | ov_005 | 2.7844222359075243 × 10^299 |
| 4 | ov_004 | 3.249660923135711 × 10^299 |
| 3 | ov_003 | 3.7716615025879195 × 10^299 |
| 2 | ov_002 | 4.35514021228925 × 10^299 |
| 1 | ov_001 | 5.00508737565848 × 10^299 |

