# Results for F001-F002-F003-F004-F005-F006-F007-F008-F009-F010-F011-F012-F013-F014-F015-F016-F017-F018-F019-F020-F021-F022-F023-F024-F025-F026-F027-F028-F029-F030-F031-F032-F033-F034-F035-F036-F037-F038-F039-F040-F041-F042-F043-F044-F045-F046-F047-F048-F049-F050-F051-F052-F053-F054-F055-F056-F057-F058-F059-F060-F061-F062-F063-F064-F065-F066-F067-F068-F069-F070-F071-F072-F073-F074-F075-F076-F077-F078-F079-F080-F081-F082-F083-F084-F085-F086-F087-F088-F089-F090-F091-F092-F093-F094-F095-F096-F097-F098-F099-F100-F101-F102-F103-F104-F105-F106-F107-F108-F109-F110-F111-F112-F113-F114-F115-F116-F117-F118-F119-F120-F121-F122-F123-F124-F125-F126-F127-F128-F129-F130-F131-F132-F133-F134-F135-F136-F137-F138-F139-F140-F141-F142-F143-F144-F145-F146-F147-F148-F149-F150-F151-F152-F153-F154-F155-F156-F157-F158-F159-F160-F161-F162-F163-F164-F165-F166-F167-F168-F169-F170-F171-F172-F173-F174-F175-F176-F177-F178-F179-F180-F181-F182-F183-F184-F185-F186-F187-F188-F189-F190-F191-F192-F193-F194-F195-F196-F197-F198-F199-F200-F201-F202-F203-F204-F205-F206-F207-F208-F209-F210-F211-F212-F213-F214-F215-F216-F217-F218-F219-F220-F221-F222-F223-F224-F225-F226-F227-F228-F229-F230-F231-F232-F233-F234-F235-F236-F237-F238-F239-F240-F241-F242-F243-F244-F245-F246-F247-F248-F249-F250-F251-F252-F253-F254-F255-F256-F257-F258-F259-F260-F261-F262-F263-F264-F265-F266-F267-F268-F269-F270-F271-F272-F273-F274-F275-F276-F277-F278-F279-F280-F281-F282-F283-F284-F285-F286-F287-F288-F289-F290-F291-F292-F293-F294-F295-F296-F297-F298-F299-F300-F301-F302-F303-F304-F305-F306-F307-F308-F309-F310-F311-F312-F313-F314-F315-F316-F317-F318-F319-F320-F321-F322-F323-F324-F325-F326-F327-F328-F329-F330-F331-F332-F333-F334-F335-F336-F337-F338-F339-F340-F341-F342-F343-F344-F345-F346-F347-F348-F349-F350-F351-F352-F353-F354-F355-F356-F357-F358-F359-F360-F361-F362-F363-F364-F365-F366-F367-F368-F369-F370-F371-F372-F373-F374-F375-F376-F377-F378-F379-F380-F381-F382-F383-F384-F385-F386-F387-F388-F389-F390-F391-F392-F393-F394-F395-F396-F397-F398-F399-F400-F401-F402-F403-F404-F405-F406-F407-F408-F409-F410-F411-F412-F413-F414-F415-F416-F417-F418-F419-F420-F421-F422-F423-F424-F425-F426-F427-F428-F429-F430-F431-F432-F433-F434-F435-F436-F437-F438-F439-F440-F441-F442-F443-F444-F445-F446-F447-F448-F449-F450-F451-F452-F453-F454-F455-F456-F457-F458-F459-F460-F461-F462-F463-F464-F465-F466-F467-F468-F469-F470-F471-F472-F473-F474-F475-F476-F477-F478-F479-F480-F481-F482-F483-F484-F485-F486-F487-F488-F489-F490-F491-F492-F493-F494-F495-F496-O504505-F510-F511-F512

## Summary

Number of input bits: 512  
Number of free input bits: 12  
Number of output bits: 160

Number of direct occurrences: 49272  
Number of assignments: 31556  
Number of operations: 11403481
(xor: 11374911,
and: 15140,
or: 13430)

Total complexity: 8.309470978678393 × 10^302

Least occurring input variable: iv_498 (3951)  
Most occurring input variable: iv_509 (4240)

Most co-occurring input variables: iv_501-iv_502 (2159)  
Least co-occurring input variables: iv_499-iv_506 (1813)

Potentially most occurring input variable: iv_500/iv_509 (4520)  
Potentially least occurring input variable: iv_501/iv_502 (4037)

Least output occurring input variable: iv_500 (68)  
Most output occurring input variable: iv_497 (89)

Most output co-occurring input variables: iv_497-iv_498 (51)  
Least output co-occurring input variables: iv_499-iv_502 (28)

Potentially most output occurring input variable: iv_499/iv_503 (94)  
Potentially least output occurring input variable: iv_501/iv_502 (62)

Least complex input bit: iv_497 (3.951974600623532 × 10^300)  
Most complex input bit: iv_509 (1.93489962182216 × 10^302)

Least complex output bit: aaa_76_29 (3.0348392320626505 × 10^277)  
Most complex output bit: ov_001 (1.3178935852887833 × 10^302)

Least complex input/output complexity: iv_497/aaa_76_29 (1.4433659607046326 × 10^275)  
Most complex input/output complexity: iv_509/ov_001 (3.068777550725242 × 10^301)

## Input Bits

### Input Bits in Regular Order

| Input Bit | Complexity | Occurrences | Output Occurrences |
|:---------:|:----------:|:-----------:|:------------------:|
| iv_497 | 3.951974600623532 × 10^300 | 4140 | 89 |
| iv_498 | 7.872248622152704 × 10^300 | 3951 | 83 |
| iv_499 | 1.3844867089666492 × 10^301 | 3976 | 78 |
| iv_500 | 2.3267375717387508 × 10^301 | 4028 | 68 |
| iv_501 | 3.832719414449363 × 10^301 | 4164 | 77 |
| iv_502 | 6.193421707730888 × 10^301 | 4191 | 69 |
| iv_503 | 3.6476409736006884 × 10^301 | 4115 | 84 |
| iv_504 | 4.507239160786728 × 10^301 | 4072 | 77 |
| iv_506 | 8.238311495789539 × 10^301 | 3993 | 83 |
| iv_507 | 1.3417753001288542 × 10^302 | 4194 | 78 |
| iv_508 | 1.901498121193363 × 10^302 | 4208 | 77 |
| iv_509 | 1.93489962182216 × 10^302 | 4240 | 74 |

### Input Bits Sorted by Complexity

| Input Bit | Complexity | Occurrences | Output Occurrences |
|:---------:|:----------:|:-----------:|:------------------:|
| iv_497 | 3.951974600623532 × 10^300 | 4140 | 89 |
| iv_498 | 7.872248622152704 × 10^300 | 3951 | 83 |
| iv_499 | 1.3844867089666492 × 10^301 | 3976 | 78 |
| iv_500 | 2.3267375717387508 × 10^301 | 4028 | 68 |
| iv_503 | 3.6476409736006884 × 10^301 | 4115 | 84 |
| iv_501 | 3.832719414449363 × 10^301 | 4164 | 77 |
| iv_504 | 4.507239160786728 × 10^301 | 4072 | 77 |
| iv_502 | 6.193421707730888 × 10^301 | 4191 | 69 |
| iv_506 | 8.238311495789539 × 10^301 | 3993 | 83 |
| iv_507 | 1.3417753001288542 × 10^302 | 4194 | 78 |
| iv_508 | 1.901498121193363 × 10^302 | 4208 | 77 |
| iv_509 | 1.93489962182216 × 10^302 | 4240 | 74 |

### Input Bits Sorted by Occurrences

| Input Bit | Complexity | Occurrences | Output Occurrences |
|:---------:|:----------:|:-----------:|:------------------:|
| iv_498 | 7.872248622152704 × 10^300 | 3951 | 83 |
| iv_499 | 1.3844867089666492 × 10^301 | 3976 | 78 |
| iv_506 | 8.238311495789539 × 10^301 | 3993 | 83 |
| iv_500 | 2.3267375717387508 × 10^301 | 4028 | 68 |
| iv_504 | 4.507239160786728 × 10^301 | 4072 | 77 |
| iv_503 | 3.6476409736006884 × 10^301 | 4115 | 84 |
| iv_497 | 3.951974600623532 × 10^300 | 4140 | 89 |
| iv_501 | 3.832719414449363 × 10^301 | 4164 | 77 |
| iv_502 | 6.193421707730888 × 10^301 | 4191 | 69 |
| iv_507 | 1.3417753001288542 × 10^302 | 4194 | 78 |
| iv_508 | 1.901498121193363 × 10^302 | 4208 | 77 |
| iv_509 | 1.93489962182216 × 10^302 | 4240 | 74 |

### Input Bits Sorted by Output Occurrences

| Input Bit | Complexity | Occurrences | Output Occurrences |
|:---------:|:----------:|:-----------:|:------------------:|
| iv_500 | 2.3267375717387508 × 10^301 | 4028 | 68 |
| iv_502 | 6.193421707730888 × 10^301 | 4191 | 69 |
| iv_509 | 1.93489962182216 × 10^302 | 4240 | 74 |
| iv_501 | 3.832719414449363 × 10^301 | 4164 | 77 |
| iv_508 | 1.901498121193363 × 10^302 | 4208 | 77 |
| iv_504 | 4.507239160786728 × 10^301 | 4072 | 77 |
| iv_499 | 1.3844867089666492 × 10^301 | 3976 | 78 |
| iv_507 | 1.3417753001288542 × 10^302 | 4194 | 78 |
| iv_498 | 7.872248622152704 × 10^300 | 3951 | 83 |
| iv_506 | 8.238311495789539 × 10^301 | 3993 | 83 |
| iv_503 | 3.6476409736006884 × 10^301 | 4115 | 84 |
| iv_497 | 3.951974600623532 × 10^300 | 4140 | 89 |

## Input Bit Co-occurrences

### Input Bit Co-occurrences Sorted by Co-occurrences

| Input Bits | Co-occurrences | Potential Occurrences | Output Co-occurrences | Potential Output Occurrences |
|:----------:|:--------------:|:---------------------:|:---------------------:|:----------------------------:|
| iv_501-iv_502 | 2159 | 4037 | 42 | 62 |
| iv_508-iv_509 | 2071 | 4306 | 38 | 75 |
| iv_507-iv_509 | 2071 | 4292 | 34 | 84 |
| iv_502-iv_507 | 2054 | 4277 | 28 | 91 |
| iv_504-iv_508 | 2046 | 4188 | 40 | 74 |
| iv_502-iv_509 | 2031 | 4369 | 34 | 75 |
| iv_501-iv_509 | 2025 | 4354 | 38 | 75 |
| iv_497-iv_509 | 2015 | 4350 | 39 | 85 |
| iv_497-iv_507 | 2012 | 4310 | 45 | 77 |
| iv_506-iv_507 | 2011 | 4165 | 37 | 87 |
| iv_497-iv_502 | 2004 | 4323 | 39 | 80 |
| iv_497-iv_501 | 2003 | 4298 | 39 | 88 |

### Input Bit Co-occurrences Sorted by Potential Occurrences

| Input Bits | Co-occurrences | Potential Occurrences | Output Co-occurrences | Potential Output Occurrences |
|:----------:|:--------------:|:---------------------:|:---------------------:|:----------------------------:|
| iv_501-iv_502 | 2159 | 4037 | 42 | 62 |
| iv_506-iv_507 | 2011 | 4165 | 37 | 87 |
| iv_499-iv_504 | 1933 | 4182 | 40 | 75 |
| iv_504-iv_508 | 2046 | 4188 | 40 | 74 |
| iv_500-iv_506 | 1907 | 4207 | 36 | 79 |
| iv_503-iv_506 | 1944 | 4220 | 49 | 69 |
| iv_499-iv_501 | 1955 | 4230 | 36 | 83 |
| iv_499-iv_508 | 1977 | 4230 | 39 | 77 |
| iv_499-iv_502 | 1964 | 4239 | 28 | 91 |
| iv_497-iv_500 | 1963 | 4242 | 38 | 81 |
| iv_498-iv_504 | 1883 | 4257 | 39 | 82 |
| iv_499-iv_507 | 1956 | 4258 | 37 | 82 |

### Input Bit Output Co-occurrences Sorted by Output Co-occurrences

| Input Bits | Co-occurrences | Potential Occurrences | Output Co-occurrences | Potential Output Occurrences |
|:----------:|:--------------:|:---------------------:|:---------------------:|:----------------------------:|
| iv_497-iv_499 | 1911 | 4294 | 51 | 65 |
| iv_497-iv_498 | 1911 | 4269 | 51 | 70 |
| iv_503-iv_506 | 1944 | 4220 | 49 | 69 |
| iv_504-iv_506 | 1859 | 4347 | 46 | 68 |
| iv_497-iv_507 | 2012 | 4310 | 45 | 77 |
| iv_497-iv_504 | 1933 | 4346 | 44 | 78 |
| iv_499-iv_506 | 1813 | 4343 | 44 | 73 |
| iv_498-iv_507 | 1915 | 4315 | 43 | 75 |
| iv_506-iv_508 | 1968 | 4265 | 43 | 74 |
| iv_497-iv_503 | 1929 | 4397 | 43 | 87 |
| iv_501-iv_502 | 2159 | 4037 | 42 | 62 |
| iv_497-iv_508 | 1950 | 4448 | 41 | 84 |

### Input Bit Output Co-occurrences Sorted by Potential Output Occurrences

| Input Bits | Co-occurrences | Potential Occurrences | Output Co-occurrences | Potential Output Occurrences |
|:----------:|:--------------:|:---------------------:|:---------------------:|:----------------------------:|
| iv_501-iv_502 | 2159 | 4037 | 42 | 62 |
| iv_497-iv_499 | 1911 | 4294 | 51 | 65 |
| iv_504-iv_506 | 1859 | 4347 | 46 | 68 |
| iv_503-iv_506 | 1944 | 4220 | 49 | 69 |
| iv_497-iv_498 | 1911 | 4269 | 51 | 70 |
| iv_499-iv_506 | 1813 | 4343 | 44 | 73 |
| iv_504-iv_507 | 1945 | 4376 | 41 | 73 |
| iv_500-iv_503 | 1885 | 4373 | 39 | 74 |
| iv_502-iv_504 | 1919 | 4425 | 36 | 74 |
| iv_504-iv_508 | 2046 | 4188 | 40 | 74 |
| iv_506-iv_508 | 1968 | 4265 | 43 | 74 |
| iv_501-iv_509 | 2025 | 4354 | 38 | 75 |

## Output Bits

### Output Bits in Regular Order

| Rank | Output Bit | Complexity |
|:----:|:----------:|:----------:|
| 1 | ov_001 | 1.3178935852887833 × 10^302 |
| 2 | ov_002 | 1.1444451039753815 × 10^302 |
| 3 | ov_003 | 9.889239431180786 × 10^301 |
| 4 | ov_004 | 8.499786485864931 × 10^301 |
| 5 | ov_005 | 7.263314290246847 × 10^301 |
| 6 | ov_006 | 6.167729379551512 × 10^301 |
| 7 | ov_007 | 5.201577336818295 × 10^301 |
| 8 | ov_008 | 4.354003622502012 × 10^301 |
| 9 | ov_009 | 3.614720122560564 × 10^301 |
| 10 | ov_010 | 2.9739768583593047 × 10^301 |
| 11 | ov_011 | 2.42253829547487 × 10^301 |
| 12 | ov_012 | 1.9516637207666213 × 10^301 |
| 13 | ov_013 | 1.553091188725086 × 10^301 |
| 14 | ov_014 | 1.2190245692455639 × 10^301 |
| 15 | ov_015 | 9.421232597317144 × 10^300 |
| 16 | ov_016 | 7.154941549082452 × 10^300 |
| 17 | ov_017 | 5.326854979935624 × 10^300 |
| 18 | ov_018 | 3.876822670135082 × 10^300 |
| 19 | ov_019 | 2.749027800707853 × 10^300 |
| 20 | ov_020 | 1.8919623335315942 × 10^300 |
| 21 | ov_021 | 1.2584092787097875 × 10^300 |
| 22 | ov_022 | 8.054300579110865 × 10^299 |
| 23 | ov_023 | 4.943557649385138 × 10^299 |
| 24 | ov_024 | 2.907814156675205 × 10^299 |
| 25 | ov_025 | 1.6456242884921977 × 10^299 |
| 26 | ov_026 | 8.981269788947449 × 10^298 |
| 27 | ov_027 | 4.4903683374505674 × 10^298 |
| 28 | ov_028 | 2.0085440738968663 × 10^298 |
| 29 | ov_029 | 7.736584406160772 × 10^297 |
| 30 | ov_030 | 2.3642638450610265 × 10^297 |
| 31 | ov_031 | 4.609492929270194 × 10^296 |
| 32 | lv_80_m31 | 8.985148261329557 × 10^295 |
| 33 | ov_033 | 1.0772538869049315 × 10^297 |
| 34 | ov_034 | 9.340444341809016 × 10^296 |
| 35 | ov_035 | 8.058838570242124 × 10^296 |
| 36 | ov_036 | 6.915906336664295 × 10^296 |
| 37 | ov_037 | 5.900472712172077 × 10^296 |
| 38 | ov_038 | 5.001957885974859 × 10^296 |
| 39 | ov_039 | 4.210338070149372 × 10^296 |
| 40 | ov_040 | 3.5161119021159705 × 10^296 |
| 41 | ov_041 | 2.910271795946379 × 10^296 |
| 42 | ov_042 | 2.38427972185159 × 10^296 |
| 43 | ov_043 | 1.9339812873362385 × 10^296 |
| 44 | ov_044 | 1.5517201893890445 × 10^296 |
| 45 | ov_045 | 1.230258797561279 × 10^296 |
| 46 | ov_046 | 9.62766991613675 × 10^295 |
| 47 | ov_047 | 7.428132359214427 × 10^295 |
| 48 | ov_048 | 5.643575522718941 × 10^295 |
| 49 | ov_049 | 4.2174611735436757 × 10^295 |
| 50 | ov_050 | 3.09707237803953 × 10^295 |
| 51 | ov_051 | 2.2334844413842073 × 10^295 |
| 52 | ov_052 | 1.5815445236148891 × 10^295 |
| 53 | ov_053 | 1.0998576840993856 × 10^295 |
| 54 | ov_054 | 7.507774610946697 × 10^294 |
| 55 | ov_055 | 5.003996134402833 × 10^294 |
| 56 | ov_056 | 3.1855812232879193 × 10^294 |
| 57 | ov_057 | 1.911041526510229 × 10^294 |
| 58 | ov_058 | 1.0575634213930728 × 10^294 |
| 59 | ov_059 | 5.2100342454197065 × 10^293 |
| 60 | ov_060 | 2.1588609213389975 × 10^293 |
| 61 | ov_061 | 7.540325675061929 × 10^292 |
| 62 | ov_062 | 2.0682398396503374 × 10^292 |
| 63 | ov_063 | 4.0306239171394796 × 10^291 |
| 64 | lv_79_m31 | 7.853135178879821 × 10^290 |
| 65 | ov_065 | 9.36629008638075 × 10^291 |
| 66 | ov_066 | 9.366263270674252 × 10^291 |
| 67 | ov_067 | 9.366256842537954 × 10^291 |
| 68 | ov_068 | 8.108878697306575 × 10^291 |
| 69 | ov_069 | 6.983948967100139 × 10^291 |
| 70 | ov_070 | 5.98152562301175 × 10^291 |
| 71 | ov_071 | 5.09215577790986 × 10^291 |
| 72 | ov_072 | 4.3068422598526837 × 10^291 |
| 73 | ov_073 | 3.617016124869247 × 10^291 |
| 74 | ov_074 | 3.0145143747021176 × 10^291 |
| 75 | ov_075 | 2.4915621838876984 × 10^291 |
| 76 | ov_076 | 2.0407589778474672 × 10^291 |
| 77 | ov_077 | 1.6550677397438226 × 10^291 |
| 78 | ov_078 | 1.3278069589494901 × 10^291 |
| 79 | ov_079 | 1.0526446682902371 × 10^291 |
| 80 | ov_080 | 8.235940509175731 × 10^290 |
| 81 | ov_081 | 6.350101308945376 × 10^290 |
| 82 | ov_082 | 4.815871409242216 × 10^290 |
| 83 | ov_083 | 3.583563286545337 × 10^290 |
| 84 | ov_084 | 2.606841187302064 × 10^290 |
| 85 | ov_085 | 1.8427059836735246 × 10^290 |
| 86 | ov_086 | 1.2704905672795304 × 10^290 |
| 87 | ov_087 | 8.538349620052798 × 10^289 |
| 88 | ov_088 | 5.596865813903045 × 10^289 |
| 89 | ov_089 | 3.582948120524809 × 10^289 |
| 90 | ov_090 | 2.2320722678196656 × 10^289 |
| 91 | ov_091 | 1.3126710655539174 × 10^289 |
| 92 | ov_092 | 7.171978094390806 × 10^288 |
| 93 | ov_093 | 3.5457422435953576 × 10^288 |
| 94 | ov_094 | 1.501878332559945 × 10^288 |
| 95 | aaa_78_28 | 4.5890882515215034 × 10^287 |
| 96 | aaa_78_29 | 1.3860804500890997 × 10^287 |
| 97 | ov_097 | 7.18531285487533 × 10^286 |
| 98 | ov_098 | 7.185259877648398 × 10^286 |
| 99 | ov_099 | 7.185242955399012 × 10^286 |
| 100 | ov_100 | 6.028330439139028 × 10^286 |
| 101 | ov_101 | 5.018842812791744 × 10^286 |
| 102 | ov_102 | 4.1437101961168314 × 10^286 |
| 103 | ov_103 | 3.3905804358435404 × 10^286 |
| 104 | ov_104 | 2.747766806011988 × 10^286 |
| 105 | ov_105 | 2.20420249945834 × 10^286 |
| 106 | ov_106 | 1.7494012924733684 × 10^286 |
| 107 | ov_107 | 1.3734237965389195 × 10^286 |
| 108 | ov_108 | 1.0668487417796754 × 10^286 |
| 109 | ov_109 | 8.207487665845165 × 10^285 |
| 110 | ov_110 | 6.266702169470512 × 10^285 |
| 111 | ov_111 | 4.766164876149954 × 10^285 |
| 112 | ov_112 | 3.63034465262493 × 10^285 |
| 113 | ov_113 | 2.788036617228892 × 10^285 |
| 114 | ov_114 | 2.172276529336048 × 10^285 |
| 115 | ov_115 | 1.720274667204617 × 10^285 |
| 116 | ov_116 | 1.3733658993797528 × 10^285 |
| 117 | ov_117 | 1.0769729281987966 × 10^285 |
| 118 | ov_118 | 8.270526371844786 × 10^284 |
| 119 | ov_119 | 6.195745488868641 × 10^284 |
| 120 | ov_120 | 4.505168192643666 × 10^284 |
| 121 | ov_121 | 3.15863353131333 × 10^284 |
| 122 | ov_122 | 2.116016801498147 × 10^284 |
| 123 | ov_123 | 1.3372145505904982 × 10^284 |
| 124 | ov_124 | 7.821344584005832 × 10^283 |
| 125 | ov_125 | 4.106890676333921 × 10^283 |
| 126 | ov_126 | 1.8279258519611593 × 10^283 |
| 127 | aaa_77_28 | 5.8359654091946 × 10^282 |
| 128 | aaa_77_29 | 2.1873082386225938 × 10^282 |
| 129 | ov_129 | 2.0223053182747748 × 10^282 |
| 130 | ov_130 | 2.022299407934802 × 10^282 |
| 131 | ov_131 | 2.022297979077482 × 10^282 |
| 132 | ov_132 | 1.7527984868458647 × 10^282 |
| 133 | ov_133 | 1.5114420028904636 × 10^282 |
| 134 | ov_134 | 1.2961051354814176 × 10^282 |
| 135 | ov_135 | 1.1047778539398791 × 10^282 |
| 136 | ov_136 | 9.35555360058712 × 10^281 |
| 137 | ov_137 | 7.86631094777819 × 10^281 |
| 138 | ov_138 | 6.562907715807466 × 10^281 |
| 139 | ov_139 | 5.42907333590797 × 10^281 |
| 140 | ov_140 | 4.4493673669982294 × 10^281 |
| 141 | ov_141 | 3.60914466297477 × 10^281 |
| 142 | ov_142 | 2.894527003133585 × 10^281 |
| 143 | ov_143 | 2.292380363641468 × 10^281 |
| 144 | ov_144 | 1.7902970583229796 × 10^281 |
| 145 | ov_145 | 1.3765820270733128 × 10^281 |
| 146 | ov_146 | 1.0402426000603397 × 10^281 |
| 147 | ov_147 | 7.7098111561188345 × 10^280 |
| 148 | ov_148 | 5.591898193392449 × 10^280 |
| 149 | ov_149 | 3.9594752164907706 × 10^280 |
| 150 | ov_150 | 2.730175403577359 × 10^280 |
| 151 | ov_151 | 1.8284650465623753 × 10^280 |
| 152 | ov_152 | 1.1856366339078437 × 10^280 |
| 153 | ov_153 | 7.398045274820477 × 10^279 |
| 154 | ov_154 | 4.359020639825048 × 10^279 |
| 155 | ov_155 | 2.2567965344480228 × 10^279 |
| 156 | aaa_76_25 | 8.67166174978465 × 10^278 |
| 157 | aaa_76_26 | 5.007555288598159 × 10^278 |
| 158 | aaa_76_27 | 2.5632360902813285 × 10^278 |
| 159 | aaa_76_28 | 9.9795781302992 × 10^277 |
| 160 | aaa_76_29 | 3.0348392320626505 × 10^277 |

### Output Bits Sorted by Complexity

| Rank | Output Bit | Complexity |
|:----:|:----------:|:----------:|
| 160 | aaa_76_29 | 3.0348392320626505 × 10^277 |
| 159 | aaa_76_28 | 9.9795781302992 × 10^277 |
| 158 | aaa_76_27 | 2.5632360902813285 × 10^278 |
| 157 | aaa_76_26 | 5.007555288598159 × 10^278 |
| 156 | aaa_76_25 | 8.67166174978465 × 10^278 |
| 155 | ov_155 | 2.2567965344480228 × 10^279 |
| 154 | ov_154 | 4.359020639825048 × 10^279 |
| 153 | ov_153 | 7.398045274820477 × 10^279 |
| 152 | ov_152 | 1.1856366339078437 × 10^280 |
| 151 | ov_151 | 1.8284650465623753 × 10^280 |
| 150 | ov_150 | 2.730175403577359 × 10^280 |
| 149 | ov_149 | 3.9594752164907706 × 10^280 |
| 148 | ov_148 | 5.591898193392449 × 10^280 |
| 147 | ov_147 | 7.7098111561188345 × 10^280 |
| 146 | ov_146 | 1.0402426000603397 × 10^281 |
| 145 | ov_145 | 1.3765820270733128 × 10^281 |
| 144 | ov_144 | 1.7902970583229796 × 10^281 |
| 143 | ov_143 | 2.292380363641468 × 10^281 |
| 142 | ov_142 | 2.894527003133585 × 10^281 |
| 141 | ov_141 | 3.60914466297477 × 10^281 |
| 140 | ov_140 | 4.4493673669982294 × 10^281 |
| 139 | ov_139 | 5.42907333590797 × 10^281 |
| 138 | ov_138 | 6.562907715807466 × 10^281 |
| 137 | ov_137 | 7.86631094777819 × 10^281 |
| 136 | ov_136 | 9.35555360058712 × 10^281 |
| 135 | ov_135 | 1.1047778539398791 × 10^282 |
| 134 | ov_134 | 1.2961051354814176 × 10^282 |
| 133 | ov_133 | 1.5114420028904636 × 10^282 |
| 132 | ov_132 | 1.7527984868458647 × 10^282 |
| 131 | ov_131 | 2.022297979077482 × 10^282 |
| 130 | ov_130 | 2.022299407934802 × 10^282 |
| 129 | ov_129 | 2.0223053182747748 × 10^282 |
| 128 | aaa_77_29 | 2.1873082386225938 × 10^282 |
| 127 | aaa_77_28 | 5.8359654091946 × 10^282 |
| 126 | ov_126 | 1.8279258519611593 × 10^283 |
| 125 | ov_125 | 4.106890676333921 × 10^283 |
| 124 | ov_124 | 7.821344584005832 × 10^283 |
| 123 | ov_123 | 1.3372145505904982 × 10^284 |
| 122 | ov_122 | 2.116016801498147 × 10^284 |
| 121 | ov_121 | 3.15863353131333 × 10^284 |
| 120 | ov_120 | 4.505168192643666 × 10^284 |
| 119 | ov_119 | 6.195745488868641 × 10^284 |
| 118 | ov_118 | 8.270526371844786 × 10^284 |
| 117 | ov_117 | 1.0769729281987966 × 10^285 |
| 116 | ov_116 | 1.3733658993797528 × 10^285 |
| 115 | ov_115 | 1.720274667204617 × 10^285 |
| 114 | ov_114 | 2.172276529336048 × 10^285 |
| 113 | ov_113 | 2.788036617228892 × 10^285 |
| 112 | ov_112 | 3.63034465262493 × 10^285 |
| 111 | ov_111 | 4.766164876149954 × 10^285 |
| 110 | ov_110 | 6.266702169470512 × 10^285 |
| 109 | ov_109 | 8.207487665845165 × 10^285 |
| 108 | ov_108 | 1.0668487417796754 × 10^286 |
| 107 | ov_107 | 1.3734237965389195 × 10^286 |
| 106 | ov_106 | 1.7494012924733684 × 10^286 |
| 105 | ov_105 | 2.20420249945834 × 10^286 |
| 104 | ov_104 | 2.747766806011988 × 10^286 |
| 103 | ov_103 | 3.3905804358435404 × 10^286 |
| 102 | ov_102 | 4.1437101961168314 × 10^286 |
| 101 | ov_101 | 5.018842812791744 × 10^286 |
| 100 | ov_100 | 6.028330439139028 × 10^286 |
| 99 | ov_099 | 7.185242955399012 × 10^286 |
| 98 | ov_098 | 7.185259877648398 × 10^286 |
| 97 | ov_097 | 7.18531285487533 × 10^286 |
| 96 | aaa_78_29 | 1.3860804500890997 × 10^287 |
| 95 | aaa_78_28 | 4.5890882515215034 × 10^287 |
| 94 | ov_094 | 1.501878332559945 × 10^288 |
| 93 | ov_093 | 3.5457422435953576 × 10^288 |
| 92 | ov_092 | 7.171978094390806 × 10^288 |
| 91 | ov_091 | 1.3126710655539174 × 10^289 |
| 90 | ov_090 | 2.2320722678196656 × 10^289 |
| 89 | ov_089 | 3.582948120524809 × 10^289 |
| 88 | ov_088 | 5.596865813903045 × 10^289 |
| 87 | ov_087 | 8.538349620052798 × 10^289 |
| 86 | ov_086 | 1.2704905672795304 × 10^290 |
| 85 | ov_085 | 1.8427059836735246 × 10^290 |
| 84 | ov_084 | 2.606841187302064 × 10^290 |
| 83 | ov_083 | 3.583563286545337 × 10^290 |
| 82 | ov_082 | 4.815871409242216 × 10^290 |
| 81 | ov_081 | 6.350101308945376 × 10^290 |
| 64 | lv_79_m31 | 7.853135178879821 × 10^290 |
| 80 | ov_080 | 8.235940509175731 × 10^290 |
| 79 | ov_079 | 1.0526446682902371 × 10^291 |
| 78 | ov_078 | 1.3278069589494901 × 10^291 |
| 77 | ov_077 | 1.6550677397438226 × 10^291 |
| 76 | ov_076 | 2.0407589778474672 × 10^291 |
| 75 | ov_075 | 2.4915621838876984 × 10^291 |
| 74 | ov_074 | 3.0145143747021176 × 10^291 |
| 73 | ov_073 | 3.617016124869247 × 10^291 |
| 63 | ov_063 | 4.0306239171394796 × 10^291 |
| 72 | ov_072 | 4.3068422598526837 × 10^291 |
| 71 | ov_071 | 5.09215577790986 × 10^291 |
| 70 | ov_070 | 5.98152562301175 × 10^291 |
| 69 | ov_069 | 6.983948967100139 × 10^291 |
| 68 | ov_068 | 8.108878697306575 × 10^291 |
| 67 | ov_067 | 9.366256842537954 × 10^291 |
| 66 | ov_066 | 9.366263270674252 × 10^291 |
| 65 | ov_065 | 9.36629008638075 × 10^291 |
| 62 | ov_062 | 2.0682398396503374 × 10^292 |
| 61 | ov_061 | 7.540325675061929 × 10^292 |
| 60 | ov_060 | 2.1588609213389975 × 10^293 |
| 59 | ov_059 | 5.2100342454197065 × 10^293 |
| 58 | ov_058 | 1.0575634213930728 × 10^294 |
| 57 | ov_057 | 1.911041526510229 × 10^294 |
| 56 | ov_056 | 3.1855812232879193 × 10^294 |
| 55 | ov_055 | 5.003996134402833 × 10^294 |
| 54 | ov_054 | 7.507774610946697 × 10^294 |
| 53 | ov_053 | 1.0998576840993856 × 10^295 |
| 52 | ov_052 | 1.5815445236148891 × 10^295 |
| 51 | ov_051 | 2.2334844413842073 × 10^295 |
| 50 | ov_050 | 3.09707237803953 × 10^295 |
| 49 | ov_049 | 4.2174611735436757 × 10^295 |
| 48 | ov_048 | 5.643575522718941 × 10^295 |
| 47 | ov_047 | 7.428132359214427 × 10^295 |
| 32 | lv_80_m31 | 8.985148261329557 × 10^295 |
| 46 | ov_046 | 9.62766991613675 × 10^295 |
| 45 | ov_045 | 1.230258797561279 × 10^296 |
| 44 | ov_044 | 1.5517201893890445 × 10^296 |
| 43 | ov_043 | 1.9339812873362385 × 10^296 |
| 42 | ov_042 | 2.38427972185159 × 10^296 |
| 41 | ov_041 | 2.910271795946379 × 10^296 |
| 40 | ov_040 | 3.5161119021159705 × 10^296 |
| 39 | ov_039 | 4.210338070149372 × 10^296 |
| 31 | ov_031 | 4.609492929270194 × 10^296 |
| 38 | ov_038 | 5.001957885974859 × 10^296 |
| 37 | ov_037 | 5.900472712172077 × 10^296 |
| 36 | ov_036 | 6.915906336664295 × 10^296 |
| 35 | ov_035 | 8.058838570242124 × 10^296 |
| 34 | ov_034 | 9.340444341809016 × 10^296 |
| 33 | ov_033 | 1.0772538869049315 × 10^297 |
| 30 | ov_030 | 2.3642638450610265 × 10^297 |
| 29 | ov_029 | 7.736584406160772 × 10^297 |
| 28 | ov_028 | 2.0085440738968663 × 10^298 |
| 27 | ov_027 | 4.4903683374505674 × 10^298 |
| 26 | ov_026 | 8.981269788947449 × 10^298 |
| 25 | ov_025 | 1.6456242884921977 × 10^299 |
| 24 | ov_024 | 2.907814156675205 × 10^299 |
| 23 | ov_023 | 4.943557649385138 × 10^299 |
| 22 | ov_022 | 8.054300579110865 × 10^299 |
| 21 | ov_021 | 1.2584092787097875 × 10^300 |
| 20 | ov_020 | 1.8919623335315942 × 10^300 |
| 19 | ov_019 | 2.749027800707853 × 10^300 |
| 18 | ov_018 | 3.876822670135082 × 10^300 |
| 17 | ov_017 | 5.326854979935624 × 10^300 |
| 16 | ov_016 | 7.154941549082452 × 10^300 |
| 15 | ov_015 | 9.421232597317144 × 10^300 |
| 14 | ov_014 | 1.2190245692455639 × 10^301 |
| 13 | ov_013 | 1.553091188725086 × 10^301 |
| 12 | ov_012 | 1.9516637207666213 × 10^301 |
| 11 | ov_011 | 2.42253829547487 × 10^301 |
| 10 | ov_010 | 2.9739768583593047 × 10^301 |
| 9 | ov_009 | 3.614720122560564 × 10^301 |
| 8 | ov_008 | 4.354003622502012 × 10^301 |
| 7 | ov_007 | 5.201577336818295 × 10^301 |
| 6 | ov_006 | 6.167729379551512 × 10^301 |
| 5 | ov_005 | 7.263314290246847 × 10^301 |
| 4 | ov_004 | 8.499786485864931 × 10^301 |
| 3 | ov_003 | 9.889239431180786 × 10^301 |
| 2 | ov_002 | 1.1444451039753815 × 10^302 |
| 1 | ov_001 | 1.3178935852887833 × 10^302 |

