# Results for F001-F002-F003-F004-F005-F006-F007-F008-F009-F010-F011-F012-F013-F014-F015-F016-F017-F018-F019-F020-F021-F022-F023-F024-F025-F026-F027-F028-F029-F030-F031-F032-F033-F034-F035-F036-F037-F038-F039-F040-F041-F042-F043-F044-F045-F046-F047-F048-F049-F050-F051-F052-F053-F054-F055-F056-F057-F058-F059-F060-F061-F062-F063-F064-F065-F066-F067-F068-F069-F070-F071-F072-F073-F074-F075-F076-F077-F078-F079-F080-F081-F082-F083-F084-F085-F086-F087-F088-F089-F090-F091-F092-F093-F094-F095-F096-F097-F098-F099-F100-F101-F102-F103-F104-F105-F106-F107-F108-F109-F110-F111-F112-F113-F114-F115-F116-F117-F118-F119-F120-F121-F122-F123-F124-F125-F126-F127-F128-F129-F130-F131-F132-F133-F134-F135-F136-F137-F138-F139-F140-F141-F142-F143-F144-F145-F146-F147-F148-F149-F150-F151-F152-F153-F154-F155-F156-F157-F158-F159-F160-F161-F162-F163-F164-F165-F166-F167-F168-F169-F170-F171-F172-F173-F174-F175-F176-F177-F178-F179-F180-F181-F182-F183-F184-F185-F186-F187-F188-F189-F190-F191-F192-F193-F194-F195-F196-F197-F198-F199-F200-F201-F202-F203-F204-F205-F206-F207-F208-F209-F210-F211-F212-F213-F214-F215-F216-F217-F218-F219-F220-F221-F222-F223-F224-F225-F226-F227-F228-F229-F230-F231-F232-F233-F234-F235-F236-F237-F238-F239-F240-F241-F242-F243-F244-F245-F246-F247-F248-F249-F250-F251-F252-F253-F254-F255-F256-F257-F258-F259-F260-F261-F262-F263-F264-F265-F266-F267-F268-F269-F270-F271-F272-F273-F274-F275-F276-F277-F278-F279-F280-F281-F282-F283-F284-F285-F286-F287-F288-F289-F290-F291-F292-F293-F294-F295-F296-F297-F298-F299-F300-F301-F302-F303-F304-F305-F306-F307-F308-F309-F310-F311-F312-F313-F314-F315-F316-F317-F318-F319-F320-F321-F322-F323-F324-F325-F326-F327-F328-F329-F330-F331-F332-F333-F334-F335-F336-F337-F338-F339-F340-F341-F342-F343-F344-F345-F346-F347-F348-F349-F350-F351-F352-F353-F354-F355-F356-F357-F358-F359-F360-F361-F362-F363-F364-F365-F366-F367-F368-F369-F370-F371-F372-F373-F374-F375-F376-F377-F378-F379-F380-F381-F382-F383-F384-F385-F386-F387-F388-F389-F390-F391-F392-F393-F394-F395-F396-F397-F398-F399-F400-F401-F402-F403-F404-F405-F406-F407-F408-F409-F410-F411-F412-F413-F414-F415-F416-F417-F418-F419-F420-F421-F422-F423-F424-F425-F426-F427-F428-F429-F430-F431-F432-F433-F434-F435-F436-F437-F438-F439-F440-F441-F442-F443-F444-F445-F446-F447-F448-F449-F450-F451-F452-F453-F454-F455-F456-F457-F458-F459-F460-F461-F462-F463-F464-F465-F466-F467-F468-F469-F470-F471-F472-F473-F474-F475-F476-F477-F478-F479-F480-F481-F482-F483-F484-F485-F486-F487-F488-F489-F490-F491-F492-F493-F494-F495-F496-O501505-F510-F511-F512

## Summary

Number of input bits: 512  
Number of free input bits: 12  
Number of output bits: 160

Number of direct occurrences: 48433  
Number of assignments: 31440  
Number of operations: 11086194
(xor: 11057940,
and: 14828,
or: 13426)

Total complexity: 6.92522128815005 × 10^300

Least occurring input variable: iv_502 (3816)  
Most occurring input variable: iv_509 (4230)

Most co-occurring input variables: iv_508-iv_509 (2088)  
Least co-occurring input variables: iv_499-iv_502 (1723)

Potentially most occurring input variable: iv_501/iv_509 (4559)  
Potentially least occurring input variable: iv_504/iv_506 (4143)

Least output occurring input variable: iv_500 (69)  
Most output occurring input variable: iv_498 (91)

Most output co-occurring input variables: iv_498-iv_503 (50)  
Least output co-occurring input variables: iv_501-iv_504 (28)

Potentially most output occurring input variable: iv_503/iv_509 (93)  
Potentially least output occurring input variable: iv_499/iv_500 (69)

Least complex input bit: iv_497 (1.9802247713562642 × 10^298)  
Most complex input bit: iv_501 (1.3693530904814007 × 10^300)

Least complex output bit: aaa_76_29 (3.590450370344563 × 10^275)  
Most complex output bit: ov_001 (1.0983505647274321 × 10^300)

Least complex input/output complexity: iv_497/aaa_76_29 (1.0266673753584649 × 10^273)  
Most complex input/output complexity: iv_501/ov_001 (2.1718147011635435 × 10^299)

## Input Bits

### Input Bits in Regular Order

| Input Bit | Complexity | Occurrences | Output Occurrences |
|:---------:|:----------:|:-----------:|:------------------:|
| iv_497 | 1.9802247713562642 × 10^298 | 4053 | 82 |
| iv_498 | 3.9445652624898905 × 10^298 | 3959 | 91 |
| iv_499 | 6.937278585435988 × 10^298 | 3889 | 72 |
| iv_500 | 1.1658636103773096 × 10^299 | 4106 | 69 |
| iv_501 | 1.3693530904814007 × 10^300 | 4091 | 73 |
| iv_502 | 3.1033516974449286 × 10^299 | 3816 | 71 |
| iv_503 | 4.9310809668665596 × 10^299 | 4054 | 82 |
| iv_504 | 7.686885475550792 × 10^299 | 3926 | 71 |
| iv_506 | 5.9557183128707526 × 10^299 | 3957 | 81 |
| iv_507 | 8.550992677579915 × 10^299 | 4169 | 76 |
| iv_508 | 1.1355608363091776 × 10^300 | 4183 | 74 |
| iv_509 | 1.1522974010976247 × 10^300 | 4230 | 79 |

### Input Bits Sorted by Complexity

| Input Bit | Complexity | Occurrences | Output Occurrences |
|:---------:|:----------:|:-----------:|:------------------:|
| iv_497 | 1.9802247713562642 × 10^298 | 4053 | 82 |
| iv_498 | 3.9445652624898905 × 10^298 | 3959 | 91 |
| iv_499 | 6.937278585435988 × 10^298 | 3889 | 72 |
| iv_500 | 1.1658636103773096 × 10^299 | 4106 | 69 |
| iv_502 | 3.1033516974449286 × 10^299 | 3816 | 71 |
| iv_503 | 4.9310809668665596 × 10^299 | 4054 | 82 |
| iv_506 | 5.9557183128707526 × 10^299 | 3957 | 81 |
| iv_504 | 7.686885475550792 × 10^299 | 3926 | 71 |
| iv_507 | 8.550992677579915 × 10^299 | 4169 | 76 |
| iv_508 | 1.1355608363091776 × 10^300 | 4183 | 74 |
| iv_509 | 1.1522974010976247 × 10^300 | 4230 | 79 |
| iv_501 | 1.3693530904814007 × 10^300 | 4091 | 73 |

### Input Bits Sorted by Occurrences

| Input Bit | Complexity | Occurrences | Output Occurrences |
|:---------:|:----------:|:-----------:|:------------------:|
| iv_502 | 3.1033516974449286 × 10^299 | 3816 | 71 |
| iv_499 | 6.937278585435988 × 10^298 | 3889 | 72 |
| iv_504 | 7.686885475550792 × 10^299 | 3926 | 71 |
| iv_506 | 5.9557183128707526 × 10^299 | 3957 | 81 |
| iv_498 | 3.9445652624898905 × 10^298 | 3959 | 91 |
| iv_497 | 1.9802247713562642 × 10^298 | 4053 | 82 |
| iv_503 | 4.9310809668665596 × 10^299 | 4054 | 82 |
| iv_501 | 1.3693530904814007 × 10^300 | 4091 | 73 |
| iv_500 | 1.1658636103773096 × 10^299 | 4106 | 69 |
| iv_507 | 8.550992677579915 × 10^299 | 4169 | 76 |
| iv_508 | 1.1355608363091776 × 10^300 | 4183 | 74 |
| iv_509 | 1.1522974010976247 × 10^300 | 4230 | 79 |

### Input Bits Sorted by Output Occurrences

| Input Bit | Complexity | Occurrences | Output Occurrences |
|:---------:|:----------:|:-----------:|:------------------:|
| iv_500 | 1.1658636103773096 × 10^299 | 4106 | 69 |
| iv_502 | 3.1033516974449286 × 10^299 | 3816 | 71 |
| iv_504 | 7.686885475550792 × 10^299 | 3926 | 71 |
| iv_499 | 6.937278585435988 × 10^298 | 3889 | 72 |
| iv_501 | 1.3693530904814007 × 10^300 | 4091 | 73 |
| iv_508 | 1.1355608363091776 × 10^300 | 4183 | 74 |
| iv_507 | 8.550992677579915 × 10^299 | 4169 | 76 |
| iv_509 | 1.1522974010976247 × 10^300 | 4230 | 79 |
| iv_506 | 5.9557183128707526 × 10^299 | 3957 | 81 |
| iv_497 | 1.9802247713562642 × 10^298 | 4053 | 82 |
| iv_503 | 4.9310809668665596 × 10^299 | 4054 | 82 |
| iv_498 | 3.9445652624898905 × 10^298 | 3959 | 91 |

## Input Bit Co-occurrences

### Input Bit Co-occurrences Sorted by Co-occurrences

| Input Bits | Co-occurrences | Potential Occurrences | Output Co-occurrences | Potential Output Occurrences |
|:----------:|:--------------:|:---------------------:|:---------------------:|:----------------------------:|
| iv_508-iv_509 | 2088 | 4237 | 36 | 81 |
| iv_507-iv_509 | 2057 | 4285 | 37 | 81 |
| iv_500-iv_507 | 1985 | 4305 | 32 | 81 |
| iv_506-iv_507 | 1983 | 4160 | 39 | 79 |
| iv_503-iv_509 | 1981 | 4322 | 34 | 93 |
| iv_497-iv_507 | 1977 | 4268 | 35 | 88 |
| iv_497-iv_509 | 1972 | 4339 | 37 | 87 |
| iv_507-iv_508 | 1968 | 4416 | 39 | 72 |
| iv_501-iv_507 | 1958 | 4344 | 36 | 77 |
| iv_501-iv_503 | 1957 | 4231 | 39 | 77 |
| iv_501-iv_508 | 1955 | 4364 | 35 | 77 |
| iv_506-iv_509 | 1947 | 4293 | 35 | 90 |

### Input Bit Co-occurrences Sorted by Potential Occurrences

| Input Bits | Co-occurrences | Potential Occurrences | Output Co-occurrences | Potential Output Occurrences |
|:----------:|:--------------:|:---------------------:|:---------------------:|:----------------------------:|
| iv_504-iv_506 | 1870 | 4143 | 38 | 76 |
| iv_499-iv_504 | 1834 | 4147 | 30 | 83 |
| iv_506-iv_507 | 1983 | 4160 | 39 | 79 |
| iv_498-iv_504 | 1854 | 4177 | 43 | 76 |
| iv_500-iv_506 | 1942 | 4179 | 36 | 78 |
| iv_498-iv_506 | 1867 | 4182 | 44 | 84 |
| iv_500-iv_502 | 1863 | 4196 | 30 | 80 |
| iv_502-iv_506 | 1787 | 4199 | 39 | 74 |
| iv_497-iv_506 | 1903 | 4204 | 46 | 71 |
| iv_498-iv_499 | 1819 | 4210 | 44 | 75 |
| iv_502-iv_504 | 1763 | 4216 | 34 | 74 |
| iv_499-iv_508 | 1926 | 4220 | 34 | 78 |

### Input Bit Output Co-occurrences Sorted by Output Co-occurrences

| Input Bits | Co-occurrences | Potential Occurrences | Output Co-occurrences | Potential Output Occurrences |
|:----------:|:--------------:|:---------------------:|:---------------------:|:----------------------------:|
| iv_498-iv_503 | 1869 | 4275 | 50 | 73 |
| iv_497-iv_506 | 1903 | 4204 | 46 | 71 |
| iv_497-iv_498 | 1863 | 4286 | 46 | 81 |
| iv_498-iv_509 | 1898 | 4393 | 46 | 78 |
| iv_498-iv_499 | 1819 | 4210 | 44 | 75 |
| iv_498-iv_506 | 1867 | 4182 | 44 | 84 |
| iv_498-iv_508 | 1879 | 4384 | 43 | 79 |
| iv_498-iv_504 | 1854 | 4177 | 43 | 76 |
| iv_503-iv_507 | 1932 | 4359 | 42 | 74 |
| iv_497-iv_503 | 1940 | 4227 | 41 | 82 |
| iv_503-iv_506 | 1887 | 4237 | 41 | 81 |
| iv_498-iv_502 | 1748 | 4279 | 41 | 80 |

### Input Bit Output Co-occurrences Sorted by Potential Output Occurrences

| Input Bits | Co-occurrences | Potential Occurrences | Output Co-occurrences | Potential Output Occurrences |
|:----------:|:--------------:|:---------------------:|:---------------------:|:----------------------------:|
| iv_499-iv_500 | 1874 | 4247 | 36 | 69 |
| iv_497-iv_506 | 1903 | 4204 | 46 | 71 |
| iv_507-iv_508 | 1968 | 4416 | 39 | 72 |
| iv_499-iv_507 | 1908 | 4242 | 38 | 72 |
| iv_498-iv_503 | 1869 | 4275 | 50 | 73 |
| iv_502-iv_504 | 1763 | 4216 | 34 | 74 |
| iv_503-iv_507 | 1932 | 4359 | 42 | 74 |
| iv_502-iv_506 | 1787 | 4199 | 39 | 74 |
| iv_498-iv_499 | 1819 | 4210 | 44 | 75 |
| iv_502-iv_509 | 1839 | 4368 | 37 | 76 |
| iv_504-iv_506 | 1870 | 4143 | 38 | 76 |
| iv_501-iv_506 | 1891 | 4266 | 39 | 76 |

## Output Bits

### Output Bits in Regular Order

| Rank | Output Bit | Complexity |
|:----:|:----------:|:----------:|
| 1 | ov_001 | 1.0983505647274321 × 10^300 |
| 2 | ov_002 | 9.537957865877574 × 10^299 |
| 3 | ov_003 | 8.241820611208616 × 10^299 |
| 4 | ov_004 | 7.083830240346858 × 10^299 |
| 5 | ov_005 | 6.053337098758523 × 10^299 |
| 6 | ov_006 | 5.140262027076256 × 10^299 |
| 7 | ov_007 | 4.335058516318813 × 10^299 |
| 8 | ov_008 | 3.6286800556022276 × 10^299 |
| 9 | ov_009 | 3.012552245790857 × 10^299 |
| 10 | ov_010 | 2.478549215356574 × 10^299 |
| 11 | ov_011 | 2.018973869465906 × 10^299 |
| 12 | ov_012 | 1.6265415301654813 × 10^299 |
| 13 | ov_013 | 1.2943665518571601 × 10^299 |
| 14 | ov_014 | 1.0159515221666885 × 10^299 |
| 15 | ov_015 | 7.851786839139861 × 10^298 |
| 16 | ov_016 | 5.963032392708791 × 10^298 |
| 17 | ov_017 | 4.43948222407614 × 10^298 |
| 18 | ov_018 | 3.2310065203196847 × 10^298 |
| 19 | ov_019 | 2.2910870025016727 × 10^298 |
| 20 | ov_020 | 1.5767963915255062 × 10^298 |
| 21 | ov_021 | 1.0487836170612645 × 10^298 |
| 22 | ov_022 | 6.712632761633989 × 10^297 |
| 23 | ov_023 | 4.120083421996283 × 10^297 |
| 24 | ov_024 | 2.4234536717706963 × 10^297 |
| 25 | ov_025 | 1.3715154503954741 × 10^297 |
| 26 | ov_026 | 7.485310234721203 × 10^296 |
| 27 | ov_027 | 3.742454073960395 × 10^296 |
| 28 | ov_028 | 1.674012415675898 × 10^296 |
| 29 | ov_029 | 6.448066539994562 × 10^295 |
| 30 | ov_030 | 1.970511833292043 × 10^295 |
| 31 | ov_031 | 3.841842126708071 × 10^294 |
| 32 | lv_80_m31 | 7.488846058940855 × 10^293 |
| 33 | ov_033 | 8.979025128215073 × 10^294 |
| 34 | ov_034 | 7.785567727806568 × 10^294 |
| 35 | ov_035 | 6.717492872296406 × 10^294 |
| 36 | ov_036 | 5.764957859501368 × 10^294 |
| 37 | ov_037 | 4.9186541565519344 × 10^294 |
| 38 | ov_038 | 4.169769550609723 × 10^294 |
| 39 | ov_039 | 3.5099553550810794 × 10^294 |
| 40 | ov_040 | 2.931298199779336 × 10^294 |
| 41 | ov_041 | 2.4262959573032982 × 10^294 |
| 42 | ov_042 | 1.9878373813089963 × 10^294 |
| 43 | ov_043 | 1.612462242768793 × 10^294 |
| 44 | ov_044 | 1.2937928362667518 × 10^294 |
| 45 | ov_045 | 1.0257996244587073 × 10^294 |
| 46 | ov_046 | 8.027919374918254 × 10^293 |
| 47 | ov_047 | 6.194106030430449 × 10^293 |
| 48 | ov_048 | 4.706222171850333 × 10^293 |
| 49 | ov_049 | 3.517147880672863 × 10^293 |
| 50 | ov_050 | 2.5829450607616624 × 10^293 |
| 51 | ov_051 | 1.862834157324629 × 10^293 |
| 52 | ov_052 | 1.3191778611694414 × 10^293 |
| 53 | ov_053 | 9.174699810115516 × 10^292 |
| 54 | ov_054 | 6.263279545466897 × 10^292 |
| 55 | ov_055 | 4.1748789010963 × 10^292 |
| 56 | ov_056 | 2.658014115787127 × 10^292 |
| 57 | ov_057 | 1.5947290975069365 × 10^292 |
| 58 | ov_058 | 8.826324793198797 × 10^291 |
| 59 | ov_059 | 4.348940521984964 × 10^291 |
| 60 | ov_060 | 1.8024314404852135 × 10^291 |
| 61 | ov_061 | 6.296803449835907 × 10^290 |
| 62 | ov_062 | 1.727540839238598 × 10^290 |
| 63 | ov_063 | 3.3674755953186873 × 10^289 |
| 64 | lv_79_m31 | 6.562670208527658 × 10^288 |
| 65 | ov_065 | 7.817204358012115 × 10^289 |
| 66 | ov_066 | 7.817184061175113 × 10^289 |
| 67 | ov_067 | 7.817179246241275 × 10^289 |
| 68 | ov_068 | 6.770933785719386 × 10^289 |
| 69 | ov_069 | 5.833904880691401 × 10^289 |
| 70 | ov_070 | 4.998028918993406 × 10^289 |
| 71 | ov_071 | 4.2556214076603577 × 10^289 |
| 72 | ov_072 | 3.5993543866074215 × 10^289 |
| 73 | ov_073 | 3.0222387248526353 × 10^289 |
| 74 | ov_074 | 2.517610430422756 × 10^289 |
| 75 | ov_075 | 2.079120150965023 × 10^289 |
| 76 | ov_076 | 1.7007250862133241 × 10^289 |
| 77 | ov_077 | 1.3766825761430517 × 10^289 |
| 78 | ov_078 | 1.1015447444545053 × 10^289 |
| 79 | ov_079 | 8.701538355926566 × 10^288 |
| 80 | ov_080 | 6.776381267571702 × 10^288 |
| 81 | ov_081 | 5.1940837599823765 × 10^288 |
| 82 | ov_082 | 3.911547677992159 × 10^288 |
| 83 | ov_083 | 2.888443177648927 × 10^288 |
| 84 | ov_084 | 2.087186981863526 × 10^288 |
| 85 | ov_085 | 1.4729244635812904 × 10^288 |
| 86 | ov_086 | 1.0135151759427134 × 10^288 |
| 87 | ov_087 | 6.795214493660657 × 10^287 |
| 88 | ov_088 | 4.441996757765 × 10^287 |
| 89 | ov_089 | 2.8349390037622993 × 10^287 |
| 90 | ov_090 | 1.7603134144072215 × 10^287 |
| 91 | ov_091 | 1.0311945866914909 × 10^287 |
| 92 | ov_092 | 5.608176073739894 × 10^286 |
| 93 | ov_093 | 2.7580680733577766 × 10^286 |
| 94 | ov_094 | 1.161726487650133 × 10^286 |
| 95 | aaa_78_28 | 3.5310453809573406 × 10^285 |
| 96 | aaa_78_29 | 1.0577085465927615 × 10^285 |
| 97 | ov_097 | 5.508409510349457 × 10^284 |
| 98 | ov_098 | 5.508346834177985 × 10^284 |
| 99 | ov_099 | 5.508326813843482 × 10^284 |
| 100 | ov_100 | 4.5258240661896975 × 10^284 |
| 101 | ov_101 | 3.690934025574761 × 10^284 |
| 102 | ov_102 | 2.988194009210501 × 10^284 |
| 103 | ov_103 | 2.4029904610226 × 10^284 |
| 104 | ov_104 | 1.9214970770949395 × 10^284 |
| 105 | ov_105 | 1.5306209655642573 × 10^284 |
| 106 | ov_106 | 1.217956109858079 × 10^284 |
| 107 | ov_107 | 9.717434418794689 × 10^283 |
| 108 | ov_108 | 7.808368681015322 × 10^283 |
| 109 | ov_109 | 6.346746268103128 × 10^283 |
| 110 | ov_110 | 5.23255389156699 × 10^283 |
| 111 | ov_111 | 4.371185504431043 × 10^283 |
| 112 | ov_112 | 3.673281913440615 × 10^283 |
| 113 | ov_113 | 3.0546022167713445 × 10^283 |
| 114 | ov_114 | 2.5102076345637508 × 10^283 |
| 115 | ov_115 | 2.0352184563640733 × 10^283 |
| 116 | ov_116 | 1.624798457504817 × 10^283 |
| 117 | ov_117 | 1.2741425670333717 × 10^283 |
| 118 | ov_118 | 9.784674643366766 × 10^282 |
| 119 | ov_119 | 7.330047817520286 × 10^282 |
| 120 | ov_120 | 5.329963656089133 × 10^282 |
| 121 | ov_121 | 3.736908635796002 × 10^282 |
| 122 | ov_122 | 2.5034121181254915 × 10^282 |
| 123 | ov_123 | 1.5820286058747632 × 10^282 |
| 124 | ov_124 | 9.253257723553364 × 10^281 |
| 125 | ov_125 | 4.85877044060719 × 10^281 |
| 126 | ov_126 | 2.162578163647938 × 10^281 |
| 127 | aaa_77_28 | 6.904400057686137 × 10^280 |
| 128 | aaa_77_29 | 2.587755421772303 × 10^280 |
| 129 | ov_129 | 2.39254415972004 × 10^280 |
| 130 | ov_130 | 2.392537167329102 × 10^280 |
| 131 | ov_131 | 2.3925354768799875 × 10^280 |
| 132 | ov_132 | 2.0736966594354055 × 10^280 |
| 133 | ov_133 | 1.7881532051986324 × 10^280 |
| 134 | ov_134 | 1.533392976938854 × 10^280 |
| 135 | ov_135 | 1.307037952347506 × 10^280 |
| 136 | ov_136 | 1.1068346072980287 × 10^280 |
| 137 | ov_137 | 9.306456421999767 × 10^279 |
| 138 | ov_138 | 7.764429230440832 × 10^279 |
| 139 | ov_139 | 6.423015152555428 × 10^279 |
| 140 | ov_140 | 5.26394694808068 × 10^279 |
| 141 | ov_141 | 4.2698982724422806 × 10^279 |
| 142 | ov_142 | 3.424450113341083 × 10^279 |
| 143 | ov_143 | 2.7120639011395454 × 10^279 |
| 144 | ov_144 | 2.1180603800265046 × 10^279 |
| 145 | ov_145 | 1.6286033861453268 × 10^279 |
| 146 | ov_146 | 1.230687737850439 × 10^279 |
| 147 | ov_147 | 9.12130502094982 × 10^278 |
| 148 | ov_148 | 6.615649596980163 × 10^278 |
| 149 | ov_149 | 4.6843665092162954 × 10^278 |
| 150 | ov_150 | 3.2300094142401805 × 10^278 |
| 151 | ov_151 | 2.1632160725719557 × 10^278 |
| 152 | ov_152 | 1.4027001650916242 × 10^278 |
| 153 | ov_153 | 8.752461784222384 × 10^277 |
| 154 | ov_154 | 5.157059756882722 × 10^277 |
| 155 | ov_155 | 2.6699654690397072 × 10^277 |
| 156 | aaa_76_25 | 1.0259248929833379 × 10^277 |
| 157 | aaa_76_26 | 5.924326584341267 × 10^276 |
| 158 | aaa_76_27 | 3.0325072487680894 × 10^276 |
| 159 | aaa_76_28 | 1.1806615525494959 × 10^276 |
| 160 | aaa_76_29 | 3.590450370344563 × 10^275 |

### Output Bits Sorted by Complexity

| Rank | Output Bit | Complexity |
|:----:|:----------:|:----------:|
| 160 | aaa_76_29 | 3.590450370344563 × 10^275 |
| 159 | aaa_76_28 | 1.1806615525494959 × 10^276 |
| 158 | aaa_76_27 | 3.0325072487680894 × 10^276 |
| 157 | aaa_76_26 | 5.924326584341267 × 10^276 |
| 156 | aaa_76_25 | 1.0259248929833379 × 10^277 |
| 155 | ov_155 | 2.6699654690397072 × 10^277 |
| 154 | ov_154 | 5.157059756882722 × 10^277 |
| 153 | ov_153 | 8.752461784222384 × 10^277 |
| 152 | ov_152 | 1.4027001650916242 × 10^278 |
| 151 | ov_151 | 2.1632160725719557 × 10^278 |
| 150 | ov_150 | 3.2300094142401805 × 10^278 |
| 149 | ov_149 | 4.6843665092162954 × 10^278 |
| 148 | ov_148 | 6.615649596980163 × 10^278 |
| 147 | ov_147 | 9.12130502094982 × 10^278 |
| 146 | ov_146 | 1.230687737850439 × 10^279 |
| 145 | ov_145 | 1.6286033861453268 × 10^279 |
| 144 | ov_144 | 2.1180603800265046 × 10^279 |
| 143 | ov_143 | 2.7120639011395454 × 10^279 |
| 142 | ov_142 | 3.424450113341083 × 10^279 |
| 141 | ov_141 | 4.2698982724422806 × 10^279 |
| 140 | ov_140 | 5.26394694808068 × 10^279 |
| 139 | ov_139 | 6.423015152555428 × 10^279 |
| 138 | ov_138 | 7.764429230440832 × 10^279 |
| 137 | ov_137 | 9.306456421999767 × 10^279 |
| 136 | ov_136 | 1.1068346072980287 × 10^280 |
| 135 | ov_135 | 1.307037952347506 × 10^280 |
| 134 | ov_134 | 1.533392976938854 × 10^280 |
| 133 | ov_133 | 1.7881532051986324 × 10^280 |
| 132 | ov_132 | 2.0736966594354055 × 10^280 |
| 131 | ov_131 | 2.3925354768799875 × 10^280 |
| 130 | ov_130 | 2.392537167329102 × 10^280 |
| 129 | ov_129 | 2.39254415972004 × 10^280 |
| 128 | aaa_77_29 | 2.587755421772303 × 10^280 |
| 127 | aaa_77_28 | 6.904400057686137 × 10^280 |
| 126 | ov_126 | 2.162578163647938 × 10^281 |
| 125 | ov_125 | 4.85877044060719 × 10^281 |
| 124 | ov_124 | 9.253257723553364 × 10^281 |
| 123 | ov_123 | 1.5820286058747632 × 10^282 |
| 122 | ov_122 | 2.5034121181254915 × 10^282 |
| 121 | ov_121 | 3.736908635796002 × 10^282 |
| 120 | ov_120 | 5.329963656089133 × 10^282 |
| 119 | ov_119 | 7.330047817520286 × 10^282 |
| 118 | ov_118 | 9.784674643366766 × 10^282 |
| 117 | ov_117 | 1.2741425670333717 × 10^283 |
| 116 | ov_116 | 1.624798457504817 × 10^283 |
| 115 | ov_115 | 2.0352184563640733 × 10^283 |
| 114 | ov_114 | 2.5102076345637508 × 10^283 |
| 113 | ov_113 | 3.0546022167713445 × 10^283 |
| 112 | ov_112 | 3.673281913440615 × 10^283 |
| 111 | ov_111 | 4.371185504431043 × 10^283 |
| 110 | ov_110 | 5.23255389156699 × 10^283 |
| 109 | ov_109 | 6.346746268103128 × 10^283 |
| 108 | ov_108 | 7.808368681015322 × 10^283 |
| 107 | ov_107 | 9.717434418794689 × 10^283 |
| 106 | ov_106 | 1.217956109858079 × 10^284 |
| 105 | ov_105 | 1.5306209655642573 × 10^284 |
| 104 | ov_104 | 1.9214970770949395 × 10^284 |
| 103 | ov_103 | 2.4029904610226 × 10^284 |
| 102 | ov_102 | 2.988194009210501 × 10^284 |
| 101 | ov_101 | 3.690934025574761 × 10^284 |
| 100 | ov_100 | 4.5258240661896975 × 10^284 |
| 99 | ov_099 | 5.508326813843482 × 10^284 |
| 98 | ov_098 | 5.508346834177985 × 10^284 |
| 97 | ov_097 | 5.508409510349457 × 10^284 |
| 96 | aaa_78_29 | 1.0577085465927615 × 10^285 |
| 95 | aaa_78_28 | 3.5310453809573406 × 10^285 |
| 94 | ov_094 | 1.161726487650133 × 10^286 |
| 93 | ov_093 | 2.7580680733577766 × 10^286 |
| 92 | ov_092 | 5.608176073739894 × 10^286 |
| 91 | ov_091 | 1.0311945866914909 × 10^287 |
| 90 | ov_090 | 1.7603134144072215 × 10^287 |
| 89 | ov_089 | 2.8349390037622993 × 10^287 |
| 88 | ov_088 | 4.441996757765 × 10^287 |
| 87 | ov_087 | 6.795214493660657 × 10^287 |
| 86 | ov_086 | 1.0135151759427134 × 10^288 |
| 85 | ov_085 | 1.4729244635812904 × 10^288 |
| 84 | ov_084 | 2.087186981863526 × 10^288 |
| 83 | ov_083 | 2.888443177648927 × 10^288 |
| 82 | ov_082 | 3.911547677992159 × 10^288 |
| 81 | ov_081 | 5.1940837599823765 × 10^288 |
| 64 | lv_79_m31 | 6.562670208527658 × 10^288 |
| 80 | ov_080 | 6.776381267571702 × 10^288 |
| 79 | ov_079 | 8.701538355926566 × 10^288 |
| 78 | ov_078 | 1.1015447444545053 × 10^289 |
| 77 | ov_077 | 1.3766825761430517 × 10^289 |
| 76 | ov_076 | 1.7007250862133241 × 10^289 |
| 75 | ov_075 | 2.079120150965023 × 10^289 |
| 74 | ov_074 | 2.517610430422756 × 10^289 |
| 73 | ov_073 | 3.0222387248526353 × 10^289 |
| 63 | ov_063 | 3.3674755953186873 × 10^289 |
| 72 | ov_072 | 3.5993543866074215 × 10^289 |
| 71 | ov_071 | 4.2556214076603577 × 10^289 |
| 70 | ov_070 | 4.998028918993406 × 10^289 |
| 69 | ov_069 | 5.833904880691401 × 10^289 |
| 68 | ov_068 | 6.770933785719386 × 10^289 |
| 67 | ov_067 | 7.817179246241275 × 10^289 |
| 66 | ov_066 | 7.817184061175113 × 10^289 |
| 65 | ov_065 | 7.817204358012115 × 10^289 |
| 62 | ov_062 | 1.727540839238598 × 10^290 |
| 61 | ov_061 | 6.296803449835907 × 10^290 |
| 60 | ov_060 | 1.8024314404852135 × 10^291 |
| 59 | ov_059 | 4.348940521984964 × 10^291 |
| 58 | ov_058 | 8.826324793198797 × 10^291 |
| 57 | ov_057 | 1.5947290975069365 × 10^292 |
| 56 | ov_056 | 2.658014115787127 × 10^292 |
| 55 | ov_055 | 4.1748789010963 × 10^292 |
| 54 | ov_054 | 6.263279545466897 × 10^292 |
| 53 | ov_053 | 9.174699810115516 × 10^292 |
| 52 | ov_052 | 1.3191778611694414 × 10^293 |
| 51 | ov_051 | 1.862834157324629 × 10^293 |
| 50 | ov_050 | 2.5829450607616624 × 10^293 |
| 49 | ov_049 | 3.517147880672863 × 10^293 |
| 48 | ov_048 | 4.706222171850333 × 10^293 |
| 47 | ov_047 | 6.194106030430449 × 10^293 |
| 32 | lv_80_m31 | 7.488846058940855 × 10^293 |
| 46 | ov_046 | 8.027919374918254 × 10^293 |
| 45 | ov_045 | 1.0257996244587073 × 10^294 |
| 44 | ov_044 | 1.2937928362667518 × 10^294 |
| 43 | ov_043 | 1.612462242768793 × 10^294 |
| 42 | ov_042 | 1.9878373813089963 × 10^294 |
| 41 | ov_041 | 2.4262959573032982 × 10^294 |
| 40 | ov_040 | 2.931298199779336 × 10^294 |
| 39 | ov_039 | 3.5099553550810794 × 10^294 |
| 31 | ov_031 | 3.841842126708071 × 10^294 |
| 38 | ov_038 | 4.169769550609723 × 10^294 |
| 37 | ov_037 | 4.9186541565519344 × 10^294 |
| 36 | ov_036 | 5.764957859501368 × 10^294 |
| 35 | ov_035 | 6.717492872296406 × 10^294 |
| 34 | ov_034 | 7.785567727806568 × 10^294 |
| 33 | ov_033 | 8.979025128215073 × 10^294 |
| 30 | ov_030 | 1.970511833292043 × 10^295 |
| 29 | ov_029 | 6.448066539994562 × 10^295 |
| 28 | ov_028 | 1.674012415675898 × 10^296 |
| 27 | ov_027 | 3.742454073960395 × 10^296 |
| 26 | ov_026 | 7.485310234721203 × 10^296 |
| 25 | ov_025 | 1.3715154503954741 × 10^297 |
| 24 | ov_024 | 2.4234536717706963 × 10^297 |
| 23 | ov_023 | 4.120083421996283 × 10^297 |
| 22 | ov_022 | 6.712632761633989 × 10^297 |
| 21 | ov_021 | 1.0487836170612645 × 10^298 |
| 20 | ov_020 | 1.5767963915255062 × 10^298 |
| 19 | ov_019 | 2.2910870025016727 × 10^298 |
| 18 | ov_018 | 3.2310065203196847 × 10^298 |
| 17 | ov_017 | 4.43948222407614 × 10^298 |
| 16 | ov_016 | 5.963032392708791 × 10^298 |
| 15 | ov_015 | 7.851786839139861 × 10^298 |
| 14 | ov_014 | 1.0159515221666885 × 10^299 |
| 13 | ov_013 | 1.2943665518571601 × 10^299 |
| 12 | ov_012 | 1.6265415301654813 × 10^299 |
| 11 | ov_011 | 2.018973869465906 × 10^299 |
| 10 | ov_010 | 2.478549215356574 × 10^299 |
| 9 | ov_009 | 3.012552245790857 × 10^299 |
| 8 | ov_008 | 3.6286800556022276 × 10^299 |
| 7 | ov_007 | 4.335058516318813 × 10^299 |
| 6 | ov_006 | 5.140262027076256 × 10^299 |
| 5 | ov_005 | 6.053337098758523 × 10^299 |
| 4 | ov_004 | 7.083830240346858 × 10^299 |
| 3 | ov_003 | 8.241820611208616 × 10^299 |
| 2 | ov_002 | 9.537957865877574 × 10^299 |
| 1 | ov_001 | 1.0983505647274321 × 10^300 |

