# Results for F001-F002-F003-F004-F005-F006-F007-F008-F009-F010-F011-F012-F013-F014-F015-F016-F017-F018-F019-F020-F021-F022-F023-F024-F025-F026-F027-F028-F029-F030-F031-F032-F033-F034-F035-F036-F037-F038-F039-F040-F041-F042-F043-F044-F045-F046-F047-F048-F049-F050-F051-F052-F053-F054-F055-F056-F057-F058-F059-F060-F061-F062-F063-F064-F065-F066-F067-F068-F069-F070-F071-F072-F073-F074-F075-F076-F077-F078-F079-F080-F081-F082-F083-F084-F085-F086-F087-F088-F089-F090-F091-F092-F093-F094-F095-F096-F097-F098-F099-F100-F101-F102-F103-F104-F105-F106-F107-F108-F109-F110-F111-F112-F113-F114-F115-F116-F117-F118-F119-F120-F121-F122-F123-F124-F125-F126-F127-F128-F129-F130-F131-F132-F133-F134-F135-F136-F137-F138-F139-F140-F141-F142-F143-F144-F145-F146-F147-F148-F149-F150-F151-F152-F153-F154-F155-F156-F157-F158-F159-F160-F161-F162-F163-F164-F165-F166-F167-F168-F169-F170-F171-F172-F173-F174-F175-F176-F177-F178-F179-F180-F181-F182-F183-F184-F185-F186-F187-F188-F189-F190-F191-F192-F193-F194-F195-F196-F197-F198-F199-F200-F201-F202-F203-F204-F205-F206-F207-F208-F209-F210-F211-F212-F213-F214-F215-F216-F217-F218-F219-F220-F221-F222-F223-F224-F225-F226-F227-F228-F229-F230-F231-F232-F233-F234-F235-F236-F237-F238-F239-F240-F241-F242-F243-F244-F245-F246-F247-F248-F249-F250-F251-F252-F253-F254-F255-F256-F257-F258-F259-F260-F261-F262-F263-F264-F265-F266-F267-F268-F269-F270-F271-F272-F273-F274-F275-F276-F277-F278-F279-F280-F281-F282-F283-F284-F285-F286-F287-F288-F289-F290-F291-F292-F293-F294-F295-F296-F297-F298-F299-F300-F301-F302-F303-F304-F305-F306-F307-F308-F309-F310-F311-F312-F313-F314-F315-F316-F317-F318-F319-F320-F321-F322-F323-F324-F325-F326-F327-F328-F329-F330-F331-F332-F333-F334-F335-F336-F337-F338-F339-F340-F341-F342-F343-F344-F345-F346-F347-F348-F349-F350-F351-F352-F353-F354-F355-F356-F357-F358-F359-F360-F361-F362-F363-F364-F365-F366-F367-F368-F369-F370-F371-F372-F373-F374-F375-F376-F377-F378-F379-F380-F381-F382-F383-F384-F385-F386-F387-F388-F389-F390-F391-F392-F393-F394-F395-F396-F397-F398-F399-F400-F401-F402-F403-F404-F405-F406-F407-F408-F409-F410-F411-F412-F413-F414-F415-F416-F417-F418-F419-F420-F421-F422-F423-F424-F425-F426-F427-F428-F429-F430-F431-F432-F433-F434-F435-F436-F437-F438-F439-F440-F441-F442-F443-F444-F445-F446-F447-F448-F449-F450-F451-F452-F453-F454-F455-F456-F457-F458-F459-F460-F461-F462-F463-F464-F465-F466-F467-F468-F469-F470-F471-F472-F473-F474-F475-F476-F477-F478-F479-F480-F481-F482-F483-F484-F485-F486-F487-F488-F489-F490-F491-F492-F493-F494-F495-F496-O498508-E499505-F510-F512

## Summary

Number of input bits: 512  
Number of free input bits: 12  
Number of output bits: 160

Number of direct occurrences: 49433  
Number of assignments: 31716  
Number of operations: 11178864
(xor: 11150494,
and: 14843,
or: 13527)

Total complexity: 6.612001817780311 × 10^300

Least occurring input variable: iv_502 (3896)  
Most occurring input variable: iv_498 (4343)

Most co-occurring input variables: iv_498-iv_509 (2104)  
Least co-occurring input variables: iv_502-iv_504 (1809)

Potentially most occurring input variable: iv_498/iv_499 (4543)  
Potentially least occurring input variable: iv_499/iv_504 (4124)

Least output occurring input variable: iv_499 (57)  
Most output occurring input variable: iv_497 (93)

Most output co-occurring input variables: iv_497-iv_502 (52)  
Least output co-occurring input variables: iv_499-iv_503 (23)

Potentially most output occurring input variable: iv_497/iv_499 (92)  
Potentially least output occurring input variable: iv_503/iv_509 (71)

Least complex input bit: iv_511 (8.077294067180898 × 10^296)  
Most complex input bit: iv_499 (1.1914140564550673 × 10^300)

Least complex output bit: aaa_76_29 (1.1678728198417913 × 10^276)  
Most complex output bit: ov_001 (1.033689117126426 × 10^300)

Least complex input/output complexity: iv_511/aaa_76_29 (1.4266862682286306 × 10^272)  
Most complex input/output complexity: iv_499/ov_001 (1.8626004318953571 × 10^299)

## Input Bits

### Input Bits in Regular Order

| Input Bit | Complexity | Occurrences | Output Occurrences |
|:---------:|:----------:|:-----------:|:------------------:|
| iv_497 | 1.878659569902524 × 10^298 | 4142 | 93 |
| iv_498 | 1.1203125559781154 × 10^300 | 4343 | 68 |
| iv_499 | 1.1914140564550673 × 10^300 | 4180 | 57 |
| iv_500 | 1.1096010587006662 × 10^299 | 4124 | 76 |
| iv_501 | 1.8331498308265054 × 10^299 | 4090 | 83 |
| iv_502 | 2.9662165736076895 × 10^299 | 3896 | 82 |
| iv_503 | 4.7147821905611485 × 10^299 | 4063 | 72 |
| iv_504 | 7.349862175671096 × 10^299 | 3940 | 78 |
| iv_506 | 5.6875100124458264 × 10^299 | 3974 | 82 |
| iv_507 | 8.159161644844204 × 10^299 | 4187 | 76 |
| iv_509 | 1.098652531575684 × 10^300 | 4227 | 87 |
| iv_511 | 8.077294067180898 × 10^296 | 4267 | 80 |

### Input Bits Sorted by Complexity

| Input Bit | Complexity | Occurrences | Output Occurrences |
|:---------:|:----------:|:-----------:|:------------------:|
| iv_511 | 8.077294067180898 × 10^296 | 4267 | 80 |
| iv_497 | 1.878659569902524 × 10^298 | 4142 | 93 |
| iv_500 | 1.1096010587006662 × 10^299 | 4124 | 76 |
| iv_501 | 1.8331498308265054 × 10^299 | 4090 | 83 |
| iv_502 | 2.9662165736076895 × 10^299 | 3896 | 82 |
| iv_503 | 4.7147821905611485 × 10^299 | 4063 | 72 |
| iv_506 | 5.6875100124458264 × 10^299 | 3974 | 82 |
| iv_504 | 7.349862175671096 × 10^299 | 3940 | 78 |
| iv_507 | 8.159161644844204 × 10^299 | 4187 | 76 |
| iv_509 | 1.098652531575684 × 10^300 | 4227 | 87 |
| iv_498 | 1.1203125559781154 × 10^300 | 4343 | 68 |
| iv_499 | 1.1914140564550673 × 10^300 | 4180 | 57 |

### Input Bits Sorted by Occurrences

| Input Bit | Complexity | Occurrences | Output Occurrences |
|:---------:|:----------:|:-----------:|:------------------:|
| iv_502 | 2.9662165736076895 × 10^299 | 3896 | 82 |
| iv_504 | 7.349862175671096 × 10^299 | 3940 | 78 |
| iv_506 | 5.6875100124458264 × 10^299 | 3974 | 82 |
| iv_503 | 4.7147821905611485 × 10^299 | 4063 | 72 |
| iv_501 | 1.8331498308265054 × 10^299 | 4090 | 83 |
| iv_500 | 1.1096010587006662 × 10^299 | 4124 | 76 |
| iv_497 | 1.878659569902524 × 10^298 | 4142 | 93 |
| iv_499 | 1.1914140564550673 × 10^300 | 4180 | 57 |
| iv_507 | 8.159161644844204 × 10^299 | 4187 | 76 |
| iv_509 | 1.098652531575684 × 10^300 | 4227 | 87 |
| iv_511 | 8.077294067180898 × 10^296 | 4267 | 80 |
| iv_498 | 1.1203125559781154 × 10^300 | 4343 | 68 |

### Input Bits Sorted by Output Occurrences

| Input Bit | Complexity | Occurrences | Output Occurrences |
|:---------:|:----------:|:-----------:|:------------------:|
| iv_499 | 1.1914140564550673 × 10^300 | 4180 | 57 |
| iv_498 | 1.1203125559781154 × 10^300 | 4343 | 68 |
| iv_503 | 4.7147821905611485 × 10^299 | 4063 | 72 |
| iv_500 | 1.1096010587006662 × 10^299 | 4124 | 76 |
| iv_507 | 8.159161644844204 × 10^299 | 4187 | 76 |
| iv_504 | 7.349862175671096 × 10^299 | 3940 | 78 |
| iv_511 | 8.077294067180898 × 10^296 | 4267 | 80 |
| iv_502 | 2.9662165736076895 × 10^299 | 3896 | 82 |
| iv_506 | 5.6875100124458264 × 10^299 | 3974 | 82 |
| iv_501 | 1.8331498308265054 × 10^299 | 4090 | 83 |
| iv_509 | 1.098652531575684 × 10^300 | 4227 | 87 |
| iv_497 | 1.878659569902524 × 10^298 | 4142 | 93 |

## Input Bit Co-occurrences

### Input Bit Co-occurrences Sorted by Co-occurrences

| Input Bits | Co-occurrences | Potential Occurrences | Output Co-occurrences | Potential Output Occurrences |
|:----------:|:--------------:|:---------------------:|:---------------------:|:----------------------------:|
| iv_498-iv_509 | 2104 | 4362 | 34 | 87 |
| iv_500-iv_511 | 2081 | 4229 | 38 | 80 |
| iv_507-iv_509 | 2065 | 4284 | 44 | 75 |
| iv_498-iv_507 | 2063 | 4404 | 33 | 78 |
| iv_497-iv_507 | 2050 | 4229 | 44 | 81 |
| iv_498-iv_511 | 2045 | 4520 | 31 | 86 |
| iv_503-iv_511 | 2035 | 4260 | 35 | 82 |
| iv_501-iv_511 | 2034 | 4289 | 39 | 85 |
| iv_501-iv_509 | 2034 | 4249 | 49 | 72 |
| iv_499-iv_509 | 2031 | 4345 | 31 | 82 |
| iv_497-iv_509 | 2020 | 4329 | 50 | 80 |
| iv_507-iv_511 | 2016 | 4422 | 39 | 78 |

### Input Bit Co-occurrences Sorted by Potential Occurrences

| Input Bits | Co-occurrences | Potential Occurrences | Output Co-occurrences | Potential Output Occurrences |
|:----------:|:--------------:|:---------------------:|:---------------------:|:----------------------------:|
| iv_499-iv_504 | 1998 | 4124 | 27 | 81 |
| iv_504-iv_506 | 1878 | 4158 | 42 | 76 |
| iv_506-iv_507 | 1996 | 4169 | 39 | 80 |
| iv_500-iv_503 | 1999 | 4189 | 35 | 78 |
| iv_497-iv_506 | 1955 | 4206 | 51 | 73 |
| iv_503-iv_506 | 1915 | 4207 | 39 | 76 |
| iv_502-iv_504 | 1809 | 4218 | 42 | 76 |
| iv_497-iv_501 | 2006 | 4220 | 48 | 80 |
| iv_497-iv_504 | 1929 | 4224 | 50 | 71 |
| iv_497-iv_502 | 1905 | 4228 | 52 | 71 |
| iv_497-iv_507 | 2050 | 4229 | 44 | 81 |
| iv_500-iv_511 | 2081 | 4229 | 38 | 80 |

### Input Bit Output Co-occurrences Sorted by Output Co-occurrences

| Input Bits | Co-occurrences | Potential Occurrences | Output Co-occurrences | Potential Output Occurrences |
|:----------:|:--------------:|:---------------------:|:---------------------:|:----------------------------:|
| iv_497-iv_502 | 1905 | 4228 | 52 | 71 |
| iv_497-iv_506 | 1955 | 4206 | 51 | 73 |
| iv_497-iv_504 | 1929 | 4224 | 50 | 71 |
| iv_497-iv_509 | 2020 | 4329 | 50 | 80 |
| iv_501-iv_509 | 2034 | 4249 | 49 | 72 |
| iv_497-iv_501 | 2006 | 4220 | 48 | 80 |
| iv_497-iv_511 | 2010 | 4389 | 47 | 79 |
| iv_502-iv_509 | 1874 | 4375 | 46 | 77 |
| iv_502-iv_511 | 1924 | 4315 | 45 | 72 |
| iv_503-iv_509 | 1921 | 4448 | 44 | 71 |
| iv_501-iv_506 | 1866 | 4332 | 44 | 77 |
| iv_502-iv_506 | 1820 | 4230 | 44 | 76 |

### Input Bit Output Co-occurrences Sorted by Potential Output Occurrences

| Input Bits | Co-occurrences | Potential Occurrences | Output Co-occurrences | Potential Output Occurrences |
|:----------:|:--------------:|:---------------------:|:---------------------:|:----------------------------:|
| iv_503-iv_509 | 1921 | 4448 | 44 | 71 |
| iv_497-iv_504 | 1929 | 4224 | 50 | 71 |
| iv_498-iv_499 | 1990 | 4543 | 27 | 71 |
| iv_497-iv_502 | 1905 | 4228 | 52 | 71 |
| iv_501-iv_509 | 2034 | 4249 | 49 | 72 |
| iv_502-iv_511 | 1924 | 4315 | 45 | 72 |
| iv_497-iv_506 | 1955 | 4206 | 51 | 73 |
| iv_502-iv_507 | 1903 | 4277 | 42 | 74 |
| iv_501-iv_503 | 1868 | 4417 | 40 | 75 |
| iv_499-iv_507 | 1999 | 4369 | 29 | 75 |
| iv_507-iv_509 | 2065 | 4284 | 44 | 75 |
| iv_502-iv_504 | 1809 | 4218 | 42 | 76 |

## Output Bits

### Output Bits in Regular Order

| Rank | Output Bit | Complexity |
|:----:|:----------:|:----------:|
| 1 | ov_001 | 1.033689117126426 × 10^300 |
| 2 | ov_002 | 8.994833017369523 × 10^299 |
| 3 | ov_003 | 7.789958215086615 × 10^299 |
| 4 | ov_004 | 6.7119807671861665 × 10^299 |
| 5 | ov_005 | 5.751178003819052 × 10^299 |
| 6 | ov_006 | 4.89835071925602 × 10^299 |
| 7 | ov_007 | 4.144788417788466 × 10^299 |
| 8 | ov_008 | 3.4822392605477444 × 10^299 |
| 9 | ov_009 | 2.9028843315311456 × 10^299 |
| 10 | ov_010 | 2.399315808045404 × 10^299 |
| 11 | ov_011 | 1.9645186162418572 × 10^299 |
| 12 | ov_012 | 1.5918551765696673 × 10^299 |
| 13 | ov_013 | 1.2750528676186496 × 10^299 |
| 14 | ov_014 | 1.0081938600707644 × 10^299 |
| 15 | ov_015 | 7.857069954219526 × 10^298 |
| 16 | ov_016 | 6.023614068503478 × 10^298 |
| 17 | ov_017 | 4.5326160215519423 × 10^298 |
| 18 | ov_018 | 3.3384375112231186 × 10^298 |
| 19 | ov_019 | 2.3987294202431693 × 10^298 |
| 20 | ov_020 | 1.6744119426465666 × 10^298 |
| 21 | ov_021 | 1.1296604558245673 × 10^298 |
| 22 | ov_022 | 7.318957276287594 × 10^297 |
| 23 | ov_023 | 4.51777333958363 × 10^297 |
| 24 | ov_024 | 2.631993787171173 × 10^297 |
| 25 | ov_025 | 1.4328787417269941 × 10^297 |
| 26 | ov_026 | 7.239930551412764 × 10^296 |
| 27 | ov_027 | 3.4119955224815755 × 10^296 |
| 28 | ov_028 | 1.5265636579734787 × 10^296 |
| 29 | ov_029 | 5.881607825216236 × 10^295 |
| 30 | ov_030 | 1.797854868889917 × 10^295 |
| 31 | ov_031 | 3.50623440187917 × 10^294 |
| 32 | lv_80_m31 | 6.836680082249039 × 10^293 |
| 33 | ov_033 | 8.234112059842774 × 10^294 |
| 34 | ov_034 | 7.149610533300519 × 10^294 |
| 35 | ov_035 | 6.178096578759963 × 10^294 |
| 36 | ov_036 | 5.310734974051641 × 10^294 |
| 37 | ov_037 | 4.539172605272502 × 10^294 |
| 38 | ov_038 | 3.8555045969965285 × 10^294 |
| 39 | ov_039 | 3.252244889356663 × 10^294 |
| 40 | ov_040 | 2.722300840080175 × 10^294 |
| 41 | ov_041 | 2.258951455288267 × 10^294 |
| 42 | ov_042 | 1.8558288772648268 × 10^294 |
| 43 | ov_043 | 1.5098353394769075 × 10^294 |
| 44 | ov_044 | 1.2152650270275358 × 10^294 |
| 45 | ov_045 | 9.667258906151522 × 10^293 |
| 46 | ov_046 | 7.591308940299818 × 10^293 |
| 47 | ov_047 | 5.87690989415412 × 10^293 |
| 48 | ov_048 | 4.479095750327401 × 10^293 |
| 49 | ov_049 | 3.355782092002096 × 10^293 |
| 50 | ov_050 | 2.4677337266046668 × 10^293 |
| 51 | ov_051 | 1.778540899415298 × 10^293 |
| 52 | ov_052 | 1.254602383820183 × 10^293 |
| 53 | ov_053 | 8.651139144847148 × 10^292 |
| 54 | ov_054 | 5.820606082773218 × 10^292 |
| 55 | ov_055 | 3.802121956711274 × 10^292 |
| 56 | ov_056 | 2.371201031885612 × 10^292 |
| 57 | ov_057 | 1.42255193148253 × 10^292 |
| 58 | ov_058 | 7.87278284659894 × 10^291 |
| 59 | ov_059 | 3.8787850539009973 × 10^291 |
| 60 | ov_060 | 1.6074263194056477 × 10^291 |
| 61 | ov_061 | 5.615174640589507 × 10^290 |
| 62 | ov_062 | 1.5404870640027988 × 10^290 |
| 63 | ov_063 | 3.0028686224674193 × 10^289 |
| 64 | lv_79_m31 | 5.852316869842725 × 10^288 |
| 65 | ov_065 | 7.0441359288483605 × 10^289 |
| 66 | ov_066 | 7.04411502925285 × 10^289 |
| 67 | ov_067 | 7.044109914508964 × 10^289 |
| 68 | ov_068 | 6.108329020720998 × 10^289 |
| 69 | ov_069 | 5.271583020756867 × 10^289 |
| 70 | ov_070 | 4.525954374707704 × 10^289 |
| 71 | ov_071 | 3.864012502113328 × 10^289 |
| 72 | ov_072 | 3.2787808144552606 × 10^289 |
| 73 | ov_073 | 2.7637066667593107 × 10^289 |
| 74 | ov_074 | 2.312634072721738 × 10^289 |
| 75 | ov_075 | 1.9197790339178617 × 10^289 |
| 76 | ov_076 | 1.579707338735017 × 10^289 |
| 77 | ov_077 | 1.2873146908236248 × 10^289 |
| 78 | ov_078 | 1.0378090302026837 × 10^289 |
| 79 | ov_079 | 8.26694912802764 × 10^288 |
| 80 | ov_080 | 6.497598162856128 × 10^288 |
| 81 | ov_081 | 5.030622415414248 × 10^288 |
| 82 | ov_082 | 3.829214804210511 × 10^288 |
| 83 | ov_083 | 2.859089210907967 × 10^288 |
| 84 | ov_084 | 2.0884076297365318 × 10^288 |
| 85 | ov_085 | 1.4877201362604345 × 10^288 |
| 86 | ov_086 | 1.0299164014789847 × 10^288 |
| 87 | ov_087 | 6.9018747880019346 × 10^287 |
| 88 | ov_088 | 4.459965923790079 × 10^287 |
| 89 | ov_089 | 2.7705765586362317 × 10^287 |
| 90 | ov_090 | 1.6532025088656898 × 10^287 |
| 91 | ov_091 | 9.495979477786173 × 10^286 |
| 92 | ov_092 | 5.237163768420346 × 10^286 |
| 93 | ov_093 | 2.6167892072243647 × 10^286 |
| 94 | ov_094 | 1.1208543439360981 × 10^286 |
| 95 | aaa_78_28 | 3.4610086642174104 × 10^285 |
| 96 | aaa_78_29 | 1.0628539636175715 × 10^285 |
| 97 | ov_097 | 7.016434205646575 × 10^284 |
| 98 | ov_098 | 7.016223420723642 × 10^284 |
| 99 | ov_099 | 7.016156030403108 × 10^284 |
| 100 | ov_100 | 6.3127120297278265 × 10^284 |
| 101 | ov_101 | 5.661387055697668 × 10^284 |
| 102 | ov_102 | 5.059294789599489 × 10^284 |
| 103 | ov_103 | 4.5037584060241604 × 10^284 |
| 104 | ov_104 | 3.992284016992402 × 10^284 |
| 105 | ov_105 | 3.522536492370928 × 10^284 |
| 106 | ov_106 | 3.0923175320514218 × 10^284 |
| 107 | ov_107 | 2.6995458700812056 × 10^284 |
| 108 | ov_108 | 2.3422394947787437 × 10^284 |
| 109 | ov_109 | 2.0184997719547087 × 10^284 |
| 110 | ov_110 | 1.7264973607921242 × 10^284 |
| 111 | ov_111 | 1.4644598138147856 × 10^284 |
| 112 | ov_112 | 1.2306607537823258 × 10^284 |
| 113 | ov_113 | 1.023410521376256 × 10^284 |
| 114 | ov_114 | 8.410481882601252 × 10^283 |
| 115 | ov_115 | 6.819348305775351 × 10^283 |
| 116 | ov_116 | 5.444479582557828 × 10^283 |
| 117 | ov_117 | 4.269769956643637 × 10^283 |
| 118 | ov_118 | 3.2791970928075096 × 10^283 |
| 119 | ov_119 | 2.456794780731618 × 10^283 |
| 120 | ov_120 | 1.7866330234189037 × 10^283 |
| 121 | ov_121 | 1.2528044677861167 × 10^283 |
| 122 | ov_122 | 8.394156680763587 × 10^282 |
| 123 | ov_123 | 5.305813360057209 × 10^282 |
| 124 | ov_124 | 3.104204591851975 × 10^282 |
| 125 | ov_125 | 1.6305389428986607 × 10^282 |
| 126 | ov_126 | 7.260313812281493 × 10^281 |
| 127 | aaa_77_28 | 2.3189855357925988 × 10^281 |
| 128 | aaa_77_29 | 8.697167374288458 × 10^280 |
| 129 | ov_129 | 8.125871160500911 × 10^280 |
| 130 | ov_130 | 8.125848396717238 × 10^280 |
| 131 | ov_131 | 8.125842887381274 × 10^280 |
| 132 | ov_132 | 7.061587365606453 × 10^280 |
| 133 | ov_133 | 6.106797361839829 × 10^280 |
| 134 | ov_134 | 5.253263313213519 × 10^280 |
| 135 | ov_135 | 4.493220494710829 × 10^280 |
| 136 | ov_136 | 3.8193172893203664 × 10^280 |
| 137 | ov_137 | 3.2245877169125625 × 10^280 |
| 138 | ov_138 | 2.702427825327161 × 10^280 |
| 139 | ov_139 | 2.2465755676506873 × 10^280 |
| 140 | ov_140 | 1.8510938095051225 × 10^280 |
| 141 | ov_141 | 1.5103561294996564 × 10^280 |
| 142 | ov_142 | 1.219035094932666 × 10^280 |
| 143 | ov_143 | 9.720927134687704 × 10^279 |
| 144 | ov_144 | 7.647727799363577 × 10^279 |
| 145 | ov_145 | 5.925948556588213 × 10^279 |
| 146 | ov_146 | 4.513496358977559 × 10^279 |
| 147 | ov_147 | 3.3709547908518856 × 10^279 |
| 148 | ov_148 | 2.4615588957967333 × 10^279 |
| 149 | ov_149 | 1.7511776371374515 × 10^279 |
| 150 | ov_150 | 1.2083022691726341 × 10^279 |
| 151 | ov_151 | 8.040390770816452 × 10^278 |
| 152 | ov_152 | 5.121051234253806 × 10^278 |
| 153 | ov_153 | 3.0882587051150304 × 10^278 |
| 154 | ov_154 | 1.7313387075801545 × 10^278 |
| 155 | ov_155 | 8.656803227485253 × 10^277 |
| 156 | aaa_76_25 | 3.327321914246244 × 10^277 |
| 157 | aaa_76_26 | 1.9224921249602338 × 10^277 |
| 158 | aaa_76_27 | 9.847127669795178 × 10^276 |
| 159 | aaa_76_28 | 3.8370531512770954 × 10^276 |
| 160 | aaa_76_29 | 1.1678728198417913 × 10^276 |

### Output Bits Sorted by Complexity

| Rank | Output Bit | Complexity |
|:----:|:----------:|:----------:|
| 160 | aaa_76_29 | 1.1678728198417913 × 10^276 |
| 159 | aaa_76_28 | 3.8370531512770954 × 10^276 |
| 158 | aaa_76_27 | 9.847127669795178 × 10^276 |
| 157 | aaa_76_26 | 1.9224921249602338 × 10^277 |
| 156 | aaa_76_25 | 3.327321914246244 × 10^277 |
| 155 | ov_155 | 8.656803227485253 × 10^277 |
| 154 | ov_154 | 1.7313387075801545 × 10^278 |
| 153 | ov_153 | 3.0882587051150304 × 10^278 |
| 152 | ov_152 | 5.121051234253806 × 10^278 |
| 151 | ov_151 | 8.040390770816452 × 10^278 |
| 150 | ov_150 | 1.2083022691726341 × 10^279 |
| 149 | ov_149 | 1.7511776371374515 × 10^279 |
| 148 | ov_148 | 2.4615588957967333 × 10^279 |
| 147 | ov_147 | 3.3709547908518856 × 10^279 |
| 146 | ov_146 | 4.513496358977559 × 10^279 |
| 145 | ov_145 | 5.925948556588213 × 10^279 |
| 144 | ov_144 | 7.647727799363577 × 10^279 |
| 143 | ov_143 | 9.720927134687704 × 10^279 |
| 142 | ov_142 | 1.219035094932666 × 10^280 |
| 141 | ov_141 | 1.5103561294996564 × 10^280 |
| 140 | ov_140 | 1.8510938095051225 × 10^280 |
| 139 | ov_139 | 2.2465755676506873 × 10^280 |
| 138 | ov_138 | 2.702427825327161 × 10^280 |
| 137 | ov_137 | 3.2245877169125625 × 10^280 |
| 136 | ov_136 | 3.8193172893203664 × 10^280 |
| 135 | ov_135 | 4.493220494710829 × 10^280 |
| 134 | ov_134 | 5.253263313213519 × 10^280 |
| 133 | ov_133 | 6.106797361839829 × 10^280 |
| 132 | ov_132 | 7.061587365606453 × 10^280 |
| 131 | ov_131 | 8.125842887381274 × 10^280 |
| 130 | ov_130 | 8.125848396717238 × 10^280 |
| 129 | ov_129 | 8.125871160500911 × 10^280 |
| 128 | aaa_77_29 | 8.697167374288458 × 10^280 |
| 127 | aaa_77_28 | 2.3189855357925988 × 10^281 |
| 126 | ov_126 | 7.260313812281493 × 10^281 |
| 125 | ov_125 | 1.6305389428986607 × 10^282 |
| 124 | ov_124 | 3.104204591851975 × 10^282 |
| 123 | ov_123 | 5.305813360057209 × 10^282 |
| 122 | ov_122 | 8.394156680763587 × 10^282 |
| 121 | ov_121 | 1.2528044677861167 × 10^283 |
| 120 | ov_120 | 1.7866330234189037 × 10^283 |
| 119 | ov_119 | 2.456794780731618 × 10^283 |
| 118 | ov_118 | 3.2791970928075096 × 10^283 |
| 117 | ov_117 | 4.269769956643637 × 10^283 |
| 116 | ov_116 | 5.444479582557828 × 10^283 |
| 115 | ov_115 | 6.819348305775351 × 10^283 |
| 114 | ov_114 | 8.410481882601252 × 10^283 |
| 113 | ov_113 | 1.023410521376256 × 10^284 |
| 112 | ov_112 | 1.2306607537823258 × 10^284 |
| 111 | ov_111 | 1.4644598138147856 × 10^284 |
| 110 | ov_110 | 1.7264973607921242 × 10^284 |
| 109 | ov_109 | 2.0184997719547087 × 10^284 |
| 108 | ov_108 | 2.3422394947787437 × 10^284 |
| 107 | ov_107 | 2.6995458700812056 × 10^284 |
| 106 | ov_106 | 3.0923175320514218 × 10^284 |
| 105 | ov_105 | 3.522536492370928 × 10^284 |
| 104 | ov_104 | 3.992284016992402 × 10^284 |
| 103 | ov_103 | 4.5037584060241604 × 10^284 |
| 102 | ov_102 | 5.059294789599489 × 10^284 |
| 101 | ov_101 | 5.661387055697668 × 10^284 |
| 100 | ov_100 | 6.3127120297278265 × 10^284 |
| 99 | ov_099 | 7.016156030403108 × 10^284 |
| 98 | ov_098 | 7.016223420723642 × 10^284 |
| 97 | ov_097 | 7.016434205646575 × 10^284 |
| 96 | aaa_78_29 | 1.0628539636175715 × 10^285 |
| 95 | aaa_78_28 | 3.4610086642174104 × 10^285 |
| 94 | ov_094 | 1.1208543439360981 × 10^286 |
| 93 | ov_093 | 2.6167892072243647 × 10^286 |
| 92 | ov_092 | 5.237163768420346 × 10^286 |
| 91 | ov_091 | 9.495979477786173 × 10^286 |
| 90 | ov_090 | 1.6532025088656898 × 10^287 |
| 89 | ov_089 | 2.7705765586362317 × 10^287 |
| 88 | ov_088 | 4.459965923790079 × 10^287 |
| 87 | ov_087 | 6.9018747880019346 × 10^287 |
| 86 | ov_086 | 1.0299164014789847 × 10^288 |
| 85 | ov_085 | 1.4877201362604345 × 10^288 |
| 84 | ov_084 | 2.0884076297365318 × 10^288 |
| 83 | ov_083 | 2.859089210907967 × 10^288 |
| 82 | ov_082 | 3.829214804210511 × 10^288 |
| 81 | ov_081 | 5.030622415414248 × 10^288 |
| 64 | lv_79_m31 | 5.852316869842725 × 10^288 |
| 80 | ov_080 | 6.497598162856128 × 10^288 |
| 79 | ov_079 | 8.26694912802764 × 10^288 |
| 78 | ov_078 | 1.0378090302026837 × 10^289 |
| 77 | ov_077 | 1.2873146908236248 × 10^289 |
| 76 | ov_076 | 1.579707338735017 × 10^289 |
| 75 | ov_075 | 1.9197790339178617 × 10^289 |
| 74 | ov_074 | 2.312634072721738 × 10^289 |
| 73 | ov_073 | 2.7637066667593107 × 10^289 |
| 63 | ov_063 | 3.0028686224674193 × 10^289 |
| 72 | ov_072 | 3.2787808144552606 × 10^289 |
| 71 | ov_071 | 3.864012502113328 × 10^289 |
| 70 | ov_070 | 4.525954374707704 × 10^289 |
| 69 | ov_069 | 5.271583020756867 × 10^289 |
| 68 | ov_068 | 6.108329020720998 × 10^289 |
| 67 | ov_067 | 7.044109914508964 × 10^289 |
| 66 | ov_066 | 7.04411502925285 × 10^289 |
| 65 | ov_065 | 7.0441359288483605 × 10^289 |
| 62 | ov_062 | 1.5404870640027988 × 10^290 |
| 61 | ov_061 | 5.615174640589507 × 10^290 |
| 60 | ov_060 | 1.6074263194056477 × 10^291 |
| 59 | ov_059 | 3.8787850539009973 × 10^291 |
| 58 | ov_058 | 7.87278284659894 × 10^291 |
| 57 | ov_057 | 1.42255193148253 × 10^292 |
| 56 | ov_056 | 2.371201031885612 × 10^292 |
| 55 | ov_055 | 3.802121956711274 × 10^292 |
| 54 | ov_054 | 5.820606082773218 × 10^292 |
| 53 | ov_053 | 8.651139144847148 × 10^292 |
| 52 | ov_052 | 1.254602383820183 × 10^293 |
| 51 | ov_051 | 1.778540899415298 × 10^293 |
| 50 | ov_050 | 2.4677337266046668 × 10^293 |
| 49 | ov_049 | 3.355782092002096 × 10^293 |
| 48 | ov_048 | 4.479095750327401 × 10^293 |
| 47 | ov_047 | 5.87690989415412 × 10^293 |
| 32 | lv_80_m31 | 6.836680082249039 × 10^293 |
| 46 | ov_046 | 7.591308940299818 × 10^293 |
| 45 | ov_045 | 9.667258906151522 × 10^293 |
| 44 | ov_044 | 1.2152650270275358 × 10^294 |
| 43 | ov_043 | 1.5098353394769075 × 10^294 |
| 42 | ov_042 | 1.8558288772648268 × 10^294 |
| 41 | ov_041 | 2.258951455288267 × 10^294 |
| 40 | ov_040 | 2.722300840080175 × 10^294 |
| 39 | ov_039 | 3.252244889356663 × 10^294 |
| 31 | ov_031 | 3.50623440187917 × 10^294 |
| 38 | ov_038 | 3.8555045969965285 × 10^294 |
| 37 | ov_037 | 4.539172605272502 × 10^294 |
| 36 | ov_036 | 5.310734974051641 × 10^294 |
| 35 | ov_035 | 6.178096578759963 × 10^294 |
| 34 | ov_034 | 7.149610533300519 × 10^294 |
| 33 | ov_033 | 8.234112059842774 × 10^294 |
| 30 | ov_030 | 1.797854868889917 × 10^295 |
| 29 | ov_029 | 5.881607825216236 × 10^295 |
| 28 | ov_028 | 1.5265636579734787 × 10^296 |
| 27 | ov_027 | 3.4119955224815755 × 10^296 |
| 26 | ov_026 | 7.239930551412764 × 10^296 |
| 25 | ov_025 | 1.4328787417269941 × 10^297 |
| 24 | ov_024 | 2.631993787171173 × 10^297 |
| 23 | ov_023 | 4.51777333958363 × 10^297 |
| 22 | ov_022 | 7.318957276287594 × 10^297 |
| 21 | ov_021 | 1.1296604558245673 × 10^298 |
| 20 | ov_020 | 1.6744119426465666 × 10^298 |
| 19 | ov_019 | 2.3987294202431693 × 10^298 |
| 18 | ov_018 | 3.3384375112231186 × 10^298 |
| 17 | ov_017 | 4.5326160215519423 × 10^298 |
| 16 | ov_016 | 6.023614068503478 × 10^298 |
| 15 | ov_015 | 7.857069954219526 × 10^298 |
| 14 | ov_014 | 1.0081938600707644 × 10^299 |
| 13 | ov_013 | 1.2750528676186496 × 10^299 |
| 12 | ov_012 | 1.5918551765696673 × 10^299 |
| 11 | ov_011 | 1.9645186162418572 × 10^299 |
| 10 | ov_010 | 2.399315808045404 × 10^299 |
| 9 | ov_009 | 2.9028843315311456 × 10^299 |
| 8 | ov_008 | 3.4822392605477444 × 10^299 |
| 7 | ov_007 | 4.144788417788466 × 10^299 |
| 6 | ov_006 | 4.89835071925602 × 10^299 |
| 5 | ov_005 | 5.751178003819052 × 10^299 |
| 4 | ov_004 | 6.7119807671861665 × 10^299 |
| 3 | ov_003 | 7.789958215086615 × 10^299 |
| 2 | ov_002 | 8.994833017369523 × 10^299 |
| 1 | ov_001 | 1.033689117126426 × 10^300 |

