# Results for F001-F002-F003-F004-F005-F006-F007-F008-F009-F010-F011-F012-F013-F014-F015-F016-F017-F018-F019-F020-F021-F022-F023-F024-F025-F026-F027-F028-F029-F030-F031-F032-F033-F034-F035-F036-F037-F038-F039-F040-F041-F042-F043-F044-F045-F046-F047-F048-F049-F050-F051-F052-F053-F054-F055-F056-F057-F058-F059-F060-F061-F062-F063-F064-F065-F066-F067-F068-F069-F070-F071-F072-F073-F074-F075-F076-F077-F078-F079-F080-F081-F082-F083-F084-F085-F086-F087-F088-F089-F090-F091-F092-F093-F094-F095-F096-F097-F098-F099-F100-F101-F102-F103-F104-F105-F106-F107-F108-F109-F110-F111-F112-F113-F114-F115-F116-F117-F118-F119-F120-F121-F122-F123-F124-F125-F126-F127-F128-F129-F130-F131-F132-F133-F134-F135-F136-F137-F138-F139-F140-F141-F142-F143-F144-F145-F146-F147-F148-F149-F150-F151-F152-F153-F154-F155-F156-F157-F158-F159-F160-F161-F162-F163-F164-F165-F166-F167-F168-F169-F170-F171-F172-F173-F174-F175-F176-F177-F178-F179-F180-F181-F182-F183-F184-F185-F186-F187-F188-F189-F190-F191-F192-F193-F194-F195-F196-F197-F198-F199-F200-F201-F202-F203-F204-F205-F206-F207-F208-F209-F210-F211-F212-F213-F214-F215-F216-F217-F218-F219-F220-F221-F222-F223-F224-F225-F226-F227-F228-F229-F230-F231-F232-F233-F234-F235-F236-F237-F238-F239-F240-F241-F242-F243-F244-F245-F246-F247-F248-F249-F250-F251-F252-F253-F254-F255-F256-F257-F258-F259-F260-F261-F262-F263-F264-F265-F266-F267-F268-F269-F270-F271-F272-F273-F274-F275-F276-F277-F278-F279-F280-F281-F282-F283-F284-F285-F286-F287-F288-F289-F290-F291-F292-F293-F294-F295-F296-F297-F298-F299-F300-F301-F302-F303-F304-F305-F306-F307-F308-F309-F310-F311-F312-F313-F314-F315-F316-F317-F318-F319-F320-F321-F322-F323-F324-F325-F326-F327-F328-F329-F330-F331-F332-F333-F334-F335-F336-F337-F338-F339-F340-F341-F342-F343-F344-F345-F346-F347-F348-F349-F350-F351-F352-F353-F354-F355-F356-F357-F358-F359-F360-F361-F362-F363-F364-F365-F366-F367-F368-F369-F370-F371-F372-F373-F374-F375-F376-F377-F378-F379-F380-F381-F382-F383-F384-F385-F386-F387-F388-F389-F390-F391-F392-F393-F394-F395-F396-F397-F398-F399-F400-F401-F402-F403-F404-F405-F406-F407-F408-F409-F410-F411-F412-F413-F414-F415-F416-F417-F418-F419-F420-F421-F422-F423-F424-F425-F426-F427-F428-F429-F430-F431-F432-F433-F434-F435-F436-F437-F438-F439-F440-F441-F442-F443-F444-F445-F446-F447-F448-F449-F450-F451-F452-F453-F454-F455-F456-F457-F458-F459-F460-F461-F462-F463-F464-F465-F466-F467-F468-F469-F470-F471-F472-F473-F474-F475-F476-F477-F478-F479-F480-F481-F482-F483-F484-F485-F486-F487-F488-F489-F490-F491-F492-F493-F494-F495-F496-T505-F509-F510-F512

## Summary

Number of input bits: 512  
Number of free input bits: 12  
Number of output bits: 160

Number of direct occurrences: 49745  
Number of assignments: 31757  
Number of operations: 11737525
(xor: 11708496,
and: 15537,
or: 13492)

Total complexity: 1.820590970286884 × 10^306

Least occurring input variable: iv_498 (3978)  
Most occurring input variable: iv_511 (4372)

Most co-occurring input variables: iv_497-iv_507 (2163)  
Least co-occurring input variables: iv_498-iv_499 (1781)

Potentially most occurring input variable: iv_507/iv_511 (4633)  
Potentially least occurring input variable: iv_497/iv_507 (4208)

Least output occurring input variable: iv_501 (71)  
Most output occurring input variable: iv_507 (93)

Most output co-occurring input variables: iv_497-iv_507 (56)  
Least output co-occurring input variables: iv_500-iv_501 (32)

Potentially most output occurring input variable: iv_498/iv_502 (96)  
Potentially least output occurring input variable: iv_498/iv_511 (65)

Least complex input bit: iv_511 (3.332538390597775 × 10^302)  
Most complex input bit: iv_508 (4.0035100188064347 × 10^305)

Least complex output bit: aaa_76_29 (7.562771730224282 × 10^280)  
Most complex output bit: ov_001 (2.8461677352229587 × 10^305)

Least complex input/output complexity: iv_511/aaa_76_29 (1.3843431908447034 × 10^277)  
Most complex input/output complexity: iv_508/ov_001 (6.258770492184302 × 10^304)

## Input Bits

### Input Bits in Regular Order

| Input Bit | Complexity | Occurrences | Output Occurrences |
|:---------:|:----------:|:-----------:|:------------------:|
| iv_497 | 8.085290875019297 × 10^303 | 4203 | 88 |
| iv_498 | 1.61871896681947 × 10^304 | 3978 | 83 |
| iv_499 | 2.8612399235452527 × 10^304 | 3998 | 87 |
| iv_500 | 4.824867303308187 × 10^304 | 3992 | 75 |
| iv_501 | 7.971401774646964 × 10^304 | 4085 | 71 |
| iv_502 | 1.2881967007517625 × 10^305 | 3991 | 85 |
| iv_503 | 2.043035179756383 × 10^305 | 4114 | 84 |
| iv_504 | 3.176287141267395 × 10^305 | 4216 | 78 |
| iv_506 | 2.428469613194302 × 10^305 | 4146 | 77 |
| iv_507 | 3.45460280511977 × 10^305 | 4331 | 93 |
| iv_508 | 4.0035100188064347 × 10^305 | 4319 | 85 |
| iv_511 | 3.332538390597775 × 10^302 | 4372 | 92 |

### Input Bits Sorted by Complexity

| Input Bit | Complexity | Occurrences | Output Occurrences |
|:---------:|:----------:|:-----------:|:------------------:|
| iv_511 | 3.332538390597775 × 10^302 | 4372 | 92 |
| iv_497 | 8.085290875019297 × 10^303 | 4203 | 88 |
| iv_498 | 1.61871896681947 × 10^304 | 3978 | 83 |
| iv_499 | 2.8612399235452527 × 10^304 | 3998 | 87 |
| iv_500 | 4.824867303308187 × 10^304 | 3992 | 75 |
| iv_501 | 7.971401774646964 × 10^304 | 4085 | 71 |
| iv_502 | 1.2881967007517625 × 10^305 | 3991 | 85 |
| iv_503 | 2.043035179756383 × 10^305 | 4114 | 84 |
| iv_506 | 2.428469613194302 × 10^305 | 4146 | 77 |
| iv_504 | 3.176287141267395 × 10^305 | 4216 | 78 |
| iv_507 | 3.45460280511977 × 10^305 | 4331 | 93 |
| iv_508 | 4.0035100188064347 × 10^305 | 4319 | 85 |

### Input Bits Sorted by Occurrences

| Input Bit | Complexity | Occurrences | Output Occurrences |
|:---------:|:----------:|:-----------:|:------------------:|
| iv_498 | 1.61871896681947 × 10^304 | 3978 | 83 |
| iv_502 | 1.2881967007517625 × 10^305 | 3991 | 85 |
| iv_500 | 4.824867303308187 × 10^304 | 3992 | 75 |
| iv_499 | 2.8612399235452527 × 10^304 | 3998 | 87 |
| iv_501 | 7.971401774646964 × 10^304 | 4085 | 71 |
| iv_503 | 2.043035179756383 × 10^305 | 4114 | 84 |
| iv_506 | 2.428469613194302 × 10^305 | 4146 | 77 |
| iv_497 | 8.085290875019297 × 10^303 | 4203 | 88 |
| iv_504 | 3.176287141267395 × 10^305 | 4216 | 78 |
| iv_508 | 4.0035100188064347 × 10^305 | 4319 | 85 |
| iv_507 | 3.45460280511977 × 10^305 | 4331 | 93 |
| iv_511 | 3.332538390597775 × 10^302 | 4372 | 92 |

### Input Bits Sorted by Output Occurrences

| Input Bit | Complexity | Occurrences | Output Occurrences |
|:---------:|:----------:|:-----------:|:------------------:|
| iv_501 | 7.971401774646964 × 10^304 | 4085 | 71 |
| iv_500 | 4.824867303308187 × 10^304 | 3992 | 75 |
| iv_506 | 2.428469613194302 × 10^305 | 4146 | 77 |
| iv_504 | 3.176287141267395 × 10^305 | 4216 | 78 |
| iv_498 | 1.61871896681947 × 10^304 | 3978 | 83 |
| iv_503 | 2.043035179756383 × 10^305 | 4114 | 84 |
| iv_502 | 1.2881967007517625 × 10^305 | 3991 | 85 |
| iv_508 | 4.0035100188064347 × 10^305 | 4319 | 85 |
| iv_499 | 2.8612399235452527 × 10^304 | 3998 | 87 |
| iv_497 | 8.085290875019297 × 10^303 | 4203 | 88 |
| iv_511 | 3.332538390597775 × 10^302 | 4372 | 92 |
| iv_507 | 3.45460280511977 × 10^305 | 4331 | 93 |

## Input Bit Co-occurrences

### Input Bit Co-occurrences Sorted by Co-occurrences

| Input Bits | Co-occurrences | Potential Occurrences | Output Co-occurrences | Potential Output Occurrences |
|:----------:|:--------------:|:---------------------:|:---------------------:|:----------------------------:|
| iv_497-iv_507 | 2163 | 4208 | 56 | 69 |
| iv_506-iv_507 | 2116 | 4245 | 46 | 78 |
| iv_507-iv_508 | 2107 | 4436 | 50 | 78 |
| iv_508-iv_511 | 2084 | 4523 | 49 | 79 |
| iv_501-iv_511 | 2048 | 4361 | 43 | 77 |
| iv_504-iv_508 | 2048 | 4439 | 42 | 79 |
| iv_507-iv_511 | 2035 | 4633 | 53 | 79 |
| iv_503-iv_508 | 2012 | 4409 | 45 | 79 |
| iv_506-iv_511 | 2009 | 4500 | 47 | 75 |
| iv_503-iv_504 | 2004 | 4322 | 41 | 80 |
| iv_503-iv_511 | 2004 | 4478 | 45 | 86 |
| iv_504-iv_507 | 2004 | 4539 | 44 | 83 |

### Input Bit Co-occurrences Sorted by Potential Occurrences

| Input Bits | Co-occurrences | Potential Occurrences | Output Co-occurrences | Potential Output Occurrences |
|:----------:|:--------------:|:---------------------:|:---------------------:|:----------------------------:|
| iv_497-iv_507 | 2163 | 4208 | 56 | 69 |
| iv_500-iv_506 | 1960 | 4218 | 37 | 78 |
| iv_506-iv_507 | 2116 | 4245 | 46 | 78 |
| iv_502-iv_506 | 1930 | 4277 | 41 | 80 |
| iv_501-iv_502 | 1898 | 4280 | 36 | 84 |
| iv_498-iv_506 | 1922 | 4280 | 41 | 78 |
| iv_500-iv_502 | 1839 | 4305 | 47 | 66 |
| iv_499-iv_504 | 1954 | 4306 | 44 | 77 |
| iv_498-iv_500 | 1831 | 4308 | 40 | 78 |
| iv_499-iv_503 | 1900 | 4312 | 44 | 83 |
| iv_497-iv_500 | 1941 | 4313 | 41 | 81 |
| iv_503-iv_504 | 2004 | 4322 | 41 | 80 |

### Input Bit Output Co-occurrences Sorted by Output Co-occurrences

| Input Bits | Co-occurrences | Potential Occurrences | Output Co-occurrences | Potential Output Occurrences |
|:----------:|:--------------:|:---------------------:|:---------------------:|:----------------------------:|
| iv_497-iv_507 | 2163 | 4208 | 56 | 69 |
| iv_498-iv_511 | 1981 | 4388 | 55 | 65 |
| iv_507-iv_511 | 2035 | 4633 | 53 | 79 |
| iv_497-iv_503 | 1986 | 4345 | 53 | 66 |
| iv_499-iv_502 | 1832 | 4325 | 51 | 70 |
| iv_498-iv_507 | 1953 | 4403 | 51 | 74 |
| iv_507-iv_508 | 2107 | 4436 | 50 | 78 |
| iv_499-iv_511 | 1957 | 4456 | 50 | 79 |
| iv_503-iv_507 | 1991 | 4463 | 49 | 79 |
| iv_508-iv_511 | 2084 | 4523 | 49 | 79 |
| iv_499-iv_507 | 1994 | 4341 | 47 | 86 |
| iv_500-iv_511 | 1960 | 4444 | 47 | 73 |

### Input Bit Output Co-occurrences Sorted by Potential Output Occurrences

| Input Bits | Co-occurrences | Potential Occurrences | Output Co-occurrences | Potential Output Occurrences |
|:----------:|:--------------:|:---------------------:|:---------------------:|:----------------------------:|
| iv_498-iv_511 | 1981 | 4388 | 55 | 65 |
| iv_497-iv_503 | 1986 | 4345 | 53 | 66 |
| iv_500-iv_502 | 1839 | 4305 | 47 | 66 |
| iv_497-iv_507 | 2163 | 4208 | 56 | 69 |
| iv_499-iv_502 | 1832 | 4325 | 51 | 70 |
| iv_500-iv_511 | 1960 | 4444 | 47 | 73 |
| iv_501-iv_503 | 1915 | 4369 | 41 | 73 |
| iv_501-iv_504 | 1914 | 4473 | 38 | 73 |
| iv_498-iv_507 | 1953 | 4403 | 51 | 74 |
| iv_506-iv_508 | 1979 | 4507 | 44 | 74 |
| iv_497-iv_504 | 1998 | 4423 | 46 | 74 |
| iv_498-iv_508 | 1911 | 4475 | 47 | 74 |

## Output Bits

### Output Bits in Regular Order

| Rank | Output Bit | Complexity |
|:----:|:----------:|:----------:|
| 1 | ov_001 | 2.8461677352229587 × 10^305 |
| 2 | ov_002 | 2.476642819666228 × 10^305 |
| 3 | ov_003 | 2.1448907407847536 × 10^305 |
| 4 | ov_004 | 1.8480795192545934 × 10^305 |
| 5 | ov_005 | 1.5835322679259942 × 10^305 |
| 6 | ov_006 | 1.3487161591077182 × 10^305 |
| 7 | ov_007 | 1.1412328092813068 × 10^305 |
| 8 | ov_008 | 9.588099876631064 × 10^304 |
| 9 | ov_009 | 7.992945444973985 × 10^304 |
| 10 | ov_010 | 6.606464359315807 × 10^304 |
| 11 | ov_011 | 5.409337209616052 × 10^304 |
| 12 | ov_012 | 4.383284130930219 × 10^304 |
| 13 | ov_013 | 3.5110307637295233 × 10^304 |
| 14 | ov_014 | 2.7762806234366913 × 10^304 |
| 15 | ov_015 | 2.163692912763238 × 10^304 |
| 16 | ov_016 | 1.658864925690885 × 10^304 |
| 17 | ov_017 | 1.2483183545532865 × 10^304 |
| 18 | ov_018 | 9.194888782873199 × 10^303 |
| 19 | ov_019 | 6.607183806420003 × 10^303 |
| 20 | ov_020 | 4.612491968177035 × 10^303 |
| 21 | ov_021 | 3.1121994287436963 × 10^303 |
| 22 | ov_022 | 2.016626026422667 × 10^303 |
| 23 | ov_023 | 1.245005692467568 × 10^303 |
| 24 | ov_024 | 7.254737137455104 × 10^302 |
| 25 | ov_025 | 3.950589348428428 × 10^302 |
| 26 | ov_026 | 1.9967948397465868 × 10^302 |
| 27 | ov_027 | 9.414076061563988 × 10^301 |
| 28 | ov_028 | 4.21346414369791 × 10^301 |
| 29 | ov_029 | 1.623922451839137 × 10^301 |
| 30 | ov_030 | 4.965100960487838 × 10^300 |
| 31 | ov_031 | 9.683909179109938 × 10^299 |
| 32 | lv_80_m31 | 1.8880051133849465 × 10^299 |
| 33 | ov_033 | 2.2681872780118163 × 10^300 |
| 34 | ov_034 | 1.9706429293034043 × 10^300 |
| 35 | ov_035 | 1.703790294343186 × 10^300 |
| 36 | ov_036 | 1.4650084959364862 × 10^300 |
| 37 | ov_037 | 1.2518196234293385 × 10^300 |
| 38 | ov_038 | 1.0630191120776818 × 10^300 |
| 39 | ov_039 | 8.963859839410913 × 10^299 |
| 40 | ov_040 | 7.498157686669934 × 10^299 |
| 41 | ov_041 | 6.21314026556442 × 10^299 |
| 42 | ov_042 | 5.099103005333333 × 10^299 |
| 43 | ov_043 | 4.146851434506201 × 10^299 |
| 44 | ov_044 | 3.339446454811945 × 10^299 |
| 45 | ov_045 | 2.6608781877606253 × 10^299 |
| 46 | ov_046 | 2.096040400069733 × 10^299 |
| 47 | ov_047 | 1.6307100904049228 × 10^299 |
| 48 | ov_048 | 1.2515314788607186 × 10^299 |
| 49 | ov_049 | 9.460036973638302 × 10^298 |
| 50 | ov_050 | 7.024715357166876 × 10^298 |
| 51 | ov_051 | 5.101186543621086 × 10^298 |
| 52 | ov_052 | 3.6374588942305767 × 10^298 |
| 53 | ov_053 | 2.5420156330114596 × 10^298 |
| 54 | ov_054 | 1.7316239811956414 × 10^298 |
| 55 | ov_055 | 1.1313210295042129 × 10^298 |
| 56 | ov_056 | 7.056914538180784 × 10^297 |
| 57 | ov_057 | 4.234489971647097 × 10^297 |
| 58 | ov_058 | 2.3440190349732128 × 10^297 |
| 59 | ov_059 | 1.1551743585419345 × 10^297 |
| 60 | ov_060 | 4.788870343909174 × 10^296 |
| 61 | ov_061 | 1.6734503645244802 × 10^296 |
| 62 | ov_062 | 4.5924474722567057 × 10^295 |
| 63 | ov_063 | 8.954799765063871 × 10^294 |
| 64 | lv_79_m31 | 1.7457044175747054 × 10^294 |
| 65 | ov_065 | 2.0908729571337038 × 10^295 |
| 66 | ov_066 | 2.0908674386012465 × 10^295 |
| 67 | ov_067 | 2.0908661219281507 × 10^295 |
| 68 | ov_068 | 1.8139490079676753 × 10^295 |
| 69 | ov_069 | 1.5656748673059755 × 10^295 |
| 70 | ov_070 | 1.343940139360903 × 10^295 |
| 71 | ov_071 | 1.1467419300070561 × 10^295 |
| 72 | ov_072 | 9.721714882068716 × 10^294 |
| 73 | ov_073 | 8.184089684889119 × 10^294 |
| 74 | ov_074 | 6.83719293906364 × 10^294 |
| 75 | ov_075 | 5.664489439462515 × 10^294 |
| 76 | ov_076 | 4.650235013156936 × 10^294 |
| 77 | ov_077 | 3.7794580067287706 × 10^294 |
| 78 | ov_078 | 3.0379453125583746 × 10^294 |
| 79 | ov_079 | 2.4122315404245215 × 10^294 |
| 80 | ov_080 | 1.8895901634488123 × 10^294 |
| 81 | ov_081 | 1.4580259536472969 × 10^294 |
| 82 | ov_082 | 1.1062684769578224 × 10^294 |
| 83 | ov_083 | 8.237665659514645 × 10^293 |
| 84 | ov_084 | 6.0068368879731 × 10^293 |
| 85 | ov_085 | 4.278941332958475 × 10^293 |
| 86 | ov_086 | 2.969799249569675 × 10^293 |
| 87 | ov_087 | 2.0022839819980775 × 10^293 |
| 88 | ov_088 | 1.3063033981341878 × 10^293 |
| 89 | ov_089 | 8.187862385297913 × 10^292 |
| 90 | ov_090 | 4.836725716529907 × 10^292 |
| 91 | ov_091 | 2.7468430201710696 × 10^292 |
| 92 | ov_092 | 1.497679118295168 × 10^292 |
| 93 | ov_093 | 7.386920234314979 × 10^291 |
| 94 | ov_094 | 3.1210738051053215 × 10^291 |
| 95 | aaa_78_28 | 9.514140098853138 × 10^290 |
| 96 | aaa_78_29 | 2.862955759119017 × 10^290 |
| 97 | ov_097 | 1.473495818851144 × 10^290 |
| 98 | ov_098 | 1.4734824495374353 × 10^290 |
| 99 | ov_099 | 1.4734781774365632 × 10^290 |
| 100 | ov_100 | 1.2226647488360683 × 10^290 |
| 101 | ov_101 | 1.00641595294099 × 10^290 |
| 102 | ov_102 | 8.214271280236864 × 10^289 |
| 103 | ov_103 | 6.645758112240517 × 10^289 |
| 104 | ov_104 | 5.329085015969263 × 10^289 |
| 105 | ov_105 | 4.2362912357715597 × 10^289 |
| 106 | ov_106 | 3.34089036872721 × 10^289 |
| 107 | ov_107 | 2.6177844682376363 × 10^289 |
| 108 | ov_108 | 2.043190769947632 × 10^289 |
| 109 | ov_109 | 1.5945797325488408 × 10^289 |
| 110 | ov_110 | 1.2506231589638227 × 10^289 |
| 111 | ov_111 | 9.911512348488393 × 10^288 |
| 112 | ov_112 | 7.971173916386538 × 10^288 |
| 113 | ov_113 | 6.505699707829385 × 10^288 |
| 114 | ov_114 | 5.3462973463151937 × 10^288 |
| 115 | ov_115 | 4.3347233780448775 × 10^288 |
| 116 | ov_116 | 3.460662682020572 × 10^288 |
| 117 | ov_117 | 2.7138729777409746 × 10^288 |
| 118 | ov_118 | 2.0841638722905705 × 10^288 |
| 119 | ov_119 | 1.5613808198359804 × 10^288 |
| 120 | ov_120 | 1.1353927599969222 × 10^288 |
| 121 | ov_121 | 7.960833151523241 × 10^287 |
| 122 | ov_122 | 5.3334512378839834 × 10^287 |
| 123 | ov_123 | 3.3707611184139473 × 10^287 |
| 124 | ov_124 | 1.971769761574525 × 10^287 |
| 125 | ov_125 | 1.0354962449343693 × 10^287 |
| 126 | ov_126 | 4.609637920917926 × 10^286 |
| 127 | aaa_77_28 | 1.4719671360820204 × 10^286 |
| 128 | aaa_77_29 | 5.518386815636168 × 10^285 |
| 129 | ov_129 | 5.13112227009482 × 10^285 |
| 130 | ov_130 | 5.1311075337131616 × 10^285 |
| 131 | ov_131 | 5.131103968649918 × 10^285 |
| 132 | ov_132 | 4.4530578572634486 × 10^285 |
| 133 | ov_133 | 3.845404649126747 × 10^285 |
| 134 | ov_134 | 3.302834339272141 × 10^285 |
| 135 | ov_135 | 2.8203231429087096 × 10^285 |
| 136 | ov_136 | 2.3931130556694253 × 10^285 |
| 137 | ov_137 | 2.0166941974303798 × 10^285 |
| 138 | ov_138 | 1.686789677608088 × 10^285 |
| 139 | ov_139 | 1.399342733308567 × 10^285 |
| 140 | ov_140 | 1.1505059047661212 × 10^285 |
| 141 | ov_141 | 9.366320252569212 × 10^284 |
| 142 | ov_142 | 7.542668151751323 × 10^284 |
| 143 | ov_143 | 6.001428822775142 × 10^284 |
| 144 | ov_144 | 4.711749422853178 × 10^284 |
| 145 | ov_145 | 3.644560861196277 × 10^284 |
| 146 | ov_146 | 2.772549320688812 × 10^284 |
| 147 | ov_147 | 2.0701351316753725 × 10^284 |
| 148 | ov_148 | 1.5134576201804322 × 10^284 |
| 149 | ov_149 | 1.080364672243118 × 10^284 |
| 150 | ov_150 | 7.504058753011919 × 10^283 |
| 151 | ov_151 | 5.048282167407563 × 10^283 |
| 152 | ov_152 | 3.2657348027395457 × 10^283 |
| 153 | ov_153 | 2.0027671669666494 × 10^283 |
| 154 | ov_154 | 1.1226537912239345 × 10^283 |
| 155 | ov_155 | 5.612621584453068 × 10^282 |
| 156 | aaa_76_25 | 2.157025170163123 × 10^282 |
| 157 | aaa_76_26 | 1.2460414827912102 × 10^282 |
| 158 | aaa_76_27 | 6.3807491109401524 × 10^281 |
| 159 | aaa_76_28 | 2.4855544335838517 × 10^281 |
| 160 | aaa_76_29 | 7.562771730224282 × 10^280 |

### Output Bits Sorted by Complexity

| Rank | Output Bit | Complexity |
|:----:|:----------:|:----------:|
| 160 | aaa_76_29 | 7.562771730224282 × 10^280 |
| 159 | aaa_76_28 | 2.4855544335838517 × 10^281 |
| 158 | aaa_76_27 | 6.3807491109401524 × 10^281 |
| 157 | aaa_76_26 | 1.2460414827912102 × 10^282 |
| 156 | aaa_76_25 | 2.157025170163123 × 10^282 |
| 155 | ov_155 | 5.612621584453068 × 10^282 |
| 154 | ov_154 | 1.1226537912239345 × 10^283 |
| 153 | ov_153 | 2.0027671669666494 × 10^283 |
| 152 | ov_152 | 3.2657348027395457 × 10^283 |
| 151 | ov_151 | 5.048282167407563 × 10^283 |
| 150 | ov_150 | 7.504058753011919 × 10^283 |
| 149 | ov_149 | 1.080364672243118 × 10^284 |
| 148 | ov_148 | 1.5134576201804322 × 10^284 |
| 147 | ov_147 | 2.0701351316753725 × 10^284 |
| 146 | ov_146 | 2.772549320688812 × 10^284 |
| 145 | ov_145 | 3.644560861196277 × 10^284 |
| 144 | ov_144 | 4.711749422853178 × 10^284 |
| 143 | ov_143 | 6.001428822775142 × 10^284 |
| 142 | ov_142 | 7.542668151751323 × 10^284 |
| 141 | ov_141 | 9.366320252569212 × 10^284 |
| 140 | ov_140 | 1.1505059047661212 × 10^285 |
| 139 | ov_139 | 1.399342733308567 × 10^285 |
| 138 | ov_138 | 1.686789677608088 × 10^285 |
| 137 | ov_137 | 2.0166941974303798 × 10^285 |
| 136 | ov_136 | 2.3931130556694253 × 10^285 |
| 135 | ov_135 | 2.8203231429087096 × 10^285 |
| 134 | ov_134 | 3.302834339272141 × 10^285 |
| 133 | ov_133 | 3.845404649126747 × 10^285 |
| 132 | ov_132 | 4.4530578572634486 × 10^285 |
| 131 | ov_131 | 5.131103968649918 × 10^285 |
| 130 | ov_130 | 5.1311075337131616 × 10^285 |
| 129 | ov_129 | 5.13112227009482 × 10^285 |
| 128 | aaa_77_29 | 5.518386815636168 × 10^285 |
| 127 | aaa_77_28 | 1.4719671360820204 × 10^286 |
| 126 | ov_126 | 4.609637920917926 × 10^286 |
| 125 | ov_125 | 1.0354962449343693 × 10^287 |
| 124 | ov_124 | 1.971769761574525 × 10^287 |
| 123 | ov_123 | 3.3707611184139473 × 10^287 |
| 122 | ov_122 | 5.3334512378839834 × 10^287 |
| 121 | ov_121 | 7.960833151523241 × 10^287 |
| 120 | ov_120 | 1.1353927599969222 × 10^288 |
| 119 | ov_119 | 1.5613808198359804 × 10^288 |
| 118 | ov_118 | 2.0841638722905705 × 10^288 |
| 117 | ov_117 | 2.7138729777409746 × 10^288 |
| 116 | ov_116 | 3.460662682020572 × 10^288 |
| 115 | ov_115 | 4.3347233780448775 × 10^288 |
| 114 | ov_114 | 5.3462973463151937 × 10^288 |
| 113 | ov_113 | 6.505699707829385 × 10^288 |
| 112 | ov_112 | 7.971173916386538 × 10^288 |
| 111 | ov_111 | 9.911512348488393 × 10^288 |
| 110 | ov_110 | 1.2506231589638227 × 10^289 |
| 109 | ov_109 | 1.5945797325488408 × 10^289 |
| 108 | ov_108 | 2.043190769947632 × 10^289 |
| 107 | ov_107 | 2.6177844682376363 × 10^289 |
| 106 | ov_106 | 3.34089036872721 × 10^289 |
| 105 | ov_105 | 4.2362912357715597 × 10^289 |
| 104 | ov_104 | 5.329085015969263 × 10^289 |
| 103 | ov_103 | 6.645758112240517 × 10^289 |
| 102 | ov_102 | 8.214271280236864 × 10^289 |
| 101 | ov_101 | 1.00641595294099 × 10^290 |
| 100 | ov_100 | 1.2226647488360683 × 10^290 |
| 99 | ov_099 | 1.4734781774365632 × 10^290 |
| 98 | ov_098 | 1.4734824495374353 × 10^290 |
| 97 | ov_097 | 1.473495818851144 × 10^290 |
| 96 | aaa_78_29 | 2.862955759119017 × 10^290 |
| 95 | aaa_78_28 | 9.514140098853138 × 10^290 |
| 94 | ov_094 | 3.1210738051053215 × 10^291 |
| 93 | ov_093 | 7.386920234314979 × 10^291 |
| 92 | ov_092 | 1.497679118295168 × 10^292 |
| 91 | ov_091 | 2.7468430201710696 × 10^292 |
| 90 | ov_090 | 4.836725716529907 × 10^292 |
| 89 | ov_089 | 8.187862385297913 × 10^292 |
| 88 | ov_088 | 1.3063033981341878 × 10^293 |
| 87 | ov_087 | 2.0022839819980775 × 10^293 |
| 86 | ov_086 | 2.969799249569675 × 10^293 |
| 85 | ov_085 | 4.278941332958475 × 10^293 |
| 84 | ov_084 | 6.0068368879731 × 10^293 |
| 83 | ov_083 | 8.237665659514645 × 10^293 |
| 82 | ov_082 | 1.1062684769578224 × 10^294 |
| 81 | ov_081 | 1.4580259536472969 × 10^294 |
| 64 | lv_79_m31 | 1.7457044175747054 × 10^294 |
| 80 | ov_080 | 1.8895901634488123 × 10^294 |
| 79 | ov_079 | 2.4122315404245215 × 10^294 |
| 78 | ov_078 | 3.0379453125583746 × 10^294 |
| 77 | ov_077 | 3.7794580067287706 × 10^294 |
| 76 | ov_076 | 4.650235013156936 × 10^294 |
| 75 | ov_075 | 5.664489439462515 × 10^294 |
| 74 | ov_074 | 6.83719293906364 × 10^294 |
| 73 | ov_073 | 8.184089684889119 × 10^294 |
| 63 | ov_063 | 8.954799765063871 × 10^294 |
| 72 | ov_072 | 9.721714882068716 × 10^294 |
| 71 | ov_071 | 1.1467419300070561 × 10^295 |
| 70 | ov_070 | 1.343940139360903 × 10^295 |
| 69 | ov_069 | 1.5656748673059755 × 10^295 |
| 68 | ov_068 | 1.8139490079676753 × 10^295 |
| 67 | ov_067 | 2.0908661219281507 × 10^295 |
| 66 | ov_066 | 2.0908674386012465 × 10^295 |
| 65 | ov_065 | 2.0908729571337038 × 10^295 |
| 62 | ov_062 | 4.5924474722567057 × 10^295 |
| 61 | ov_061 | 1.6734503645244802 × 10^296 |
| 60 | ov_060 | 4.788870343909174 × 10^296 |
| 59 | ov_059 | 1.1551743585419345 × 10^297 |
| 58 | ov_058 | 2.3440190349732128 × 10^297 |
| 57 | ov_057 | 4.234489971647097 × 10^297 |
| 56 | ov_056 | 7.056914538180784 × 10^297 |
| 55 | ov_055 | 1.1313210295042129 × 10^298 |
| 54 | ov_054 | 1.7316239811956414 × 10^298 |
| 53 | ov_053 | 2.5420156330114596 × 10^298 |
| 52 | ov_052 | 3.6374588942305767 × 10^298 |
| 51 | ov_051 | 5.101186543621086 × 10^298 |
| 50 | ov_050 | 7.024715357166876 × 10^298 |
| 49 | ov_049 | 9.460036973638302 × 10^298 |
| 48 | ov_048 | 1.2515314788607186 × 10^299 |
| 47 | ov_047 | 1.6307100904049228 × 10^299 |
| 32 | lv_80_m31 | 1.8880051133849465 × 10^299 |
| 46 | ov_046 | 2.096040400069733 × 10^299 |
| 45 | ov_045 | 2.6608781877606253 × 10^299 |
| 44 | ov_044 | 3.339446454811945 × 10^299 |
| 43 | ov_043 | 4.146851434506201 × 10^299 |
| 42 | ov_042 | 5.099103005333333 × 10^299 |
| 41 | ov_041 | 6.21314026556442 × 10^299 |
| 40 | ov_040 | 7.498157686669934 × 10^299 |
| 39 | ov_039 | 8.963859839410913 × 10^299 |
| 31 | ov_031 | 9.683909179109938 × 10^299 |
| 38 | ov_038 | 1.0630191120776818 × 10^300 |
| 37 | ov_037 | 1.2518196234293385 × 10^300 |
| 36 | ov_036 | 1.4650084959364862 × 10^300 |
| 35 | ov_035 | 1.703790294343186 × 10^300 |
| 34 | ov_034 | 1.9706429293034043 × 10^300 |
| 33 | ov_033 | 2.2681872780118163 × 10^300 |
| 30 | ov_030 | 4.965100960487838 × 10^300 |
| 29 | ov_029 | 1.623922451839137 × 10^301 |
| 28 | ov_028 | 4.21346414369791 × 10^301 |
| 27 | ov_027 | 9.414076061563988 × 10^301 |
| 26 | ov_026 | 1.9967948397465868 × 10^302 |
| 25 | ov_025 | 3.950589348428428 × 10^302 |
| 24 | ov_024 | 7.254737137455104 × 10^302 |
| 23 | ov_023 | 1.245005692467568 × 10^303 |
| 22 | ov_022 | 2.016626026422667 × 10^303 |
| 21 | ov_021 | 3.1121994287436963 × 10^303 |
| 20 | ov_020 | 4.612491968177035 × 10^303 |
| 19 | ov_019 | 6.607183806420003 × 10^303 |
| 18 | ov_018 | 9.194888782873199 × 10^303 |
| 17 | ov_017 | 1.2483183545532865 × 10^304 |
| 16 | ov_016 | 1.658864925690885 × 10^304 |
| 15 | ov_015 | 2.163692912763238 × 10^304 |
| 14 | ov_014 | 2.7762806234366913 × 10^304 |
| 13 | ov_013 | 3.5110307637295233 × 10^304 |
| 12 | ov_012 | 4.383284130930219 × 10^304 |
| 11 | ov_011 | 5.409337209616052 × 10^304 |
| 10 | ov_010 | 6.606464359315807 × 10^304 |
| 9 | ov_009 | 7.992945444973985 × 10^304 |
| 8 | ov_008 | 9.588099876631064 × 10^304 |
| 7 | ov_007 | 1.1412328092813068 × 10^305 |
| 6 | ov_006 | 1.3487161591077182 × 10^305 |
| 5 | ov_005 | 1.5835322679259942 × 10^305 |
| 4 | ov_004 | 1.8480795192545934 × 10^305 |
| 3 | ov_003 | 2.1448907407847536 × 10^305 |
| 2 | ov_002 | 2.476642819666228 × 10^305 |
| 1 | ov_001 | 2.8461677352229587 × 10^305 |

