# Results for F001-F002-F003-F004-F005-F006-F007-F008-F009-F010-F011-F012-F013-F014-F015-F016-F017-F018-F019-F020-F021-F022-F023-F024-F025-F026-F027-F028-F029-F030-F031-F032-F033-F034-F035-F036-F037-F038-F039-F040-F041-F042-F043-F044-F045-F046-F047-F048-F049-F050-F051-F052-F053-F054-F055-F056-F057-F058-F059-F060-F061-F062-F063-F064-F065-F066-F067-F068-F069-F070-F071-F072-F073-F074-F075-F076-F077-F078-F079-F080-F081-F082-F083-F084-F085-F086-F087-F088-F089-F090-F091-F092-F093-F094-F095-F096-F097-F098-F099-F100-F101-F102-F103-F104-F105-F106-F107-F108-F109-F110-F111-F112-F113-F114-F115-F116-F117-F118-F119-F120-F121-F122-F123-F124-F125-F126-F127-F128-F129-F130-F131-F132-F133-F134-F135-F136-F137-F138-F139-F140-F141-F142-F143-F144-F145-F146-F147-F148-F149-F150-F151-F152-F153-F154-F155-F156-F157-F158-F159-F160-F161-F162-F163-F164-F165-F166-F167-F168-F169-F170-F171-F172-F173-F174-F175-F176-F177-F178-F179-F180-F181-F182-F183-F184-F185-F186-F187-F188-F189-F190-F191-F192-F193-F194-F195-F196-F197-F198-F199-F200-F201-F202-F203-F204-F205-F206-F207-F208-F209-F210-F211-F212-F213-F214-F215-F216-F217-F218-F219-F220-F221-F222-F223-F224-F225-F226-F227-F228-F229-F230-F231-F232-F233-F234-F235-F236-F237-F238-F239-F240-F241-F242-F243-F244-F245-F246-F247-F248-F249-F250-F251-F252-F253-F254-F255-F256-F257-F258-F259-F260-F261-F262-F263-F264-F265-F266-F267-F268-F269-F270-F271-F272-F273-F274-F275-F276-F277-F278-F279-F280-F281-F282-F283-F284-F285-F286-F287-F288-F289-F290-F291-F292-F293-F294-F295-F296-F297-F298-F299-F300-F301-F302-F303-F304-F305-F306-F307-F308-F309-F310-F311-F312-F313-F314-F315-F316-F317-F318-F319-F320-F321-F322-F323-F324-F325-F326-F327-F328-F329-F330-F331-F332-F333-F334-F335-F336-F337-F338-F339-F340-F341-F342-F343-F344-F345-F346-F347-F348-F349-F350-F351-F352-F353-F354-F355-F356-F357-F358-F359-F360-F361-F362-F363-F364-F365-F366-F367-F368-F369-F370-F371-F372-F373-F374-F375-F376-F377-F378-F379-F380-F381-F382-F383-F384-F385-F386-F387-F388-F389-F390-F391-F392-F393-F394-F395-F396-F397-F398-F399-F400-F401-F402-F403-F404-F405-F406-F407-F408-F409-F410-F411-F412-F413-F414-F415-F416-F417-F418-F419-F420-F421-F422-F423-F424-F425-F426-F427-F428-F429-F430-F431-F432-F433-F434-F435-F436-F437-F438-F439-F440-F441-F442-F443-F444-F445-F446-F447-F448-F449-F450-F451-F452-F453-F454-F455-F456-F457-F458-F459-F460-F461-F462-F463-F464-F465-F466-F467-F468-F469-F470-F471-F472-F473-F474-F475-F476-F477-F478-F479-F480-F481-F482-F483-F484-F485-F486-F487-F488-F489-F490-F491-F492-F493-F494-F495-F496-E499505-O508509-F510-F512

## Summary

Number of input bits: 512  
Number of free input bits: 12  
Number of output bits: 160

Number of direct occurrences: 49995  
Number of assignments: 31925  
Number of operations: 11653017
(xor: 11623984,
and: 15491,
or: 13542)

Total complexity: 1.9305239995097407 × 10^305

Least occurring input variable: iv_498 (3937)  
Most occurring input variable: iv_499 (4432)

Most co-occurring input variables: iv_499-iv_506 (2137)  
Least co-occurring input variables: iv_498-iv_502 (1756)

Potentially most occurring input variable: iv_499/iv_508 (4716)  
Potentially least occurring input variable: iv_498/iv_504 (4198)

Least output occurring input variable: iv_507 (68)  
Most output occurring input variable: iv_503 (92)

Most output co-occurring input variables: iv_500-iv_503 (52)  
Least output co-occurring input variables: iv_498-iv_507 (27)

Potentially most output occurring input variable: iv_501/iv_508 (99)  
Potentially least output occurring input variable: iv_506/iv_507 (62)

Least complex input bit: iv_511 (3.675145033875389 × 10^301)  
Most complex input bit: iv_499 (5.416358010810925 × 10^304)

Least complex output bit: aaa_76_29 (4.843145832772319 × 10^279)  
Most complex output bit: ov_001 (3.018093271214105 × 10^304)

Least complex input/output complexity: iv_511/aaa_76_29 (9.219913018521203 × 10^275)  
Most complex input/output complexity: iv_499/ov_001 (8.467687359010531 × 10^303)

## Input Bits

### Input Bits in Regular Order

| Input Bit | Complexity | Occurrences | Output Occurrences |
|:---------:|:----------:|:-----------:|:------------------:|
| iv_497 | 8.541469405035107 × 10^302 | 4134 | 77 |
| iv_498 | 1.7028112897152857 × 10^303 | 3937 | 69 |
| iv_499 | 5.416358010810925 × 10^304 | 4432 | 86 |
| iv_500 | 5.044378866161775 × 10^303 | 4137 | 84 |
| iv_501 | 8.333513709502968 × 10^303 | 4153 | 79 |
| iv_502 | 1.3484372463505005 × 10^304 | 3942 | 84 |
| iv_503 | 2.1433475982141358 × 10^304 | 4175 | 92 |
| iv_504 | 3.341303641273731 × 10^304 | 4019 | 72 |
| iv_506 | 2.585776939476584 × 10^304 | 4228 | 84 |
| iv_507 | 2.781170420708415 × 10^304 | 4324 | 68 |
| iv_508 | 9.168591264086583 × 10^302 | 4350 | 76 |
| iv_511 | 3.675145033875389 × 10^301 | 4164 | 72 |

### Input Bits Sorted by Complexity

| Input Bit | Complexity | Occurrences | Output Occurrences |
|:---------:|:----------:|:-----------:|:------------------:|
| iv_511 | 3.675145033875389 × 10^301 | 4164 | 72 |
| iv_497 | 8.541469405035107 × 10^302 | 4134 | 77 |
| iv_508 | 9.168591264086583 × 10^302 | 4350 | 76 |
| iv_498 | 1.7028112897152857 × 10^303 | 3937 | 69 |
| iv_500 | 5.044378866161775 × 10^303 | 4137 | 84 |
| iv_501 | 8.333513709502968 × 10^303 | 4153 | 79 |
| iv_502 | 1.3484372463505005 × 10^304 | 3942 | 84 |
| iv_503 | 2.1433475982141358 × 10^304 | 4175 | 92 |
| iv_506 | 2.585776939476584 × 10^304 | 4228 | 84 |
| iv_507 | 2.781170420708415 × 10^304 | 4324 | 68 |
| iv_504 | 3.341303641273731 × 10^304 | 4019 | 72 |
| iv_499 | 5.416358010810925 × 10^304 | 4432 | 86 |

### Input Bits Sorted by Occurrences

| Input Bit | Complexity | Occurrences | Output Occurrences |
|:---------:|:----------:|:-----------:|:------------------:|
| iv_498 | 1.7028112897152857 × 10^303 | 3937 | 69 |
| iv_502 | 1.3484372463505005 × 10^304 | 3942 | 84 |
| iv_504 | 3.341303641273731 × 10^304 | 4019 | 72 |
| iv_497 | 8.541469405035107 × 10^302 | 4134 | 77 |
| iv_500 | 5.044378866161775 × 10^303 | 4137 | 84 |
| iv_501 | 8.333513709502968 × 10^303 | 4153 | 79 |
| iv_511 | 3.675145033875389 × 10^301 | 4164 | 72 |
| iv_503 | 2.1433475982141358 × 10^304 | 4175 | 92 |
| iv_506 | 2.585776939476584 × 10^304 | 4228 | 84 |
| iv_507 | 2.781170420708415 × 10^304 | 4324 | 68 |
| iv_508 | 9.168591264086583 × 10^302 | 4350 | 76 |
| iv_499 | 5.416358010810925 × 10^304 | 4432 | 86 |

### Input Bits Sorted by Output Occurrences

| Input Bit | Complexity | Occurrences | Output Occurrences |
|:---------:|:----------:|:-----------:|:------------------:|
| iv_507 | 2.781170420708415 × 10^304 | 4324 | 68 |
| iv_498 | 1.7028112897152857 × 10^303 | 3937 | 69 |
| iv_504 | 3.341303641273731 × 10^304 | 4019 | 72 |
| iv_511 | 3.675145033875389 × 10^301 | 4164 | 72 |
| iv_508 | 9.168591264086583 × 10^302 | 4350 | 76 |
| iv_497 | 8.541469405035107 × 10^302 | 4134 | 77 |
| iv_501 | 8.333513709502968 × 10^303 | 4153 | 79 |
| iv_502 | 1.3484372463505005 × 10^304 | 3942 | 84 |
| iv_500 | 5.044378866161775 × 10^303 | 4137 | 84 |
| iv_506 | 2.585776939476584 × 10^304 | 4228 | 84 |
| iv_499 | 5.416358010810925 × 10^304 | 4432 | 86 |
| iv_503 | 2.1433475982141358 × 10^304 | 4175 | 92 |

## Input Bit Co-occurrences

### Input Bit Co-occurrences Sorted by Co-occurrences

| Input Bits | Co-occurrences | Potential Occurrences | Output Co-occurrences | Potential Output Occurrences |
|:----------:|:--------------:|:---------------------:|:---------------------:|:----------------------------:|
| iv_499-iv_506 | 2137 | 4386 | 41 | 88 |
| iv_499-iv_507 | 2116 | 4524 | 36 | 82 |
| iv_506-iv_507 | 2113 | 4326 | 45 | 62 |
| iv_499-iv_503 | 2108 | 4391 | 51 | 76 |
| iv_499-iv_504 | 2096 | 4259 | 42 | 74 |
| iv_497-iv_508 | 2086 | 4312 | 39 | 75 |
| iv_499-iv_500 | 2069 | 4431 | 47 | 76 |
| iv_507-iv_508 | 2069 | 4536 | 33 | 78 |
| iv_500-iv_507 | 2068 | 4325 | 33 | 86 |
| iv_499-iv_501 | 2062 | 4461 | 43 | 79 |
| iv_499-iv_502 | 2057 | 4260 | 47 | 76 |
| iv_503-iv_506 | 2054 | 4295 | 46 | 84 |

### Input Bit Co-occurrences Sorted by Potential Occurrences

| Input Bits | Co-occurrences | Potential Occurrences | Output Co-occurrences | Potential Output Occurrences |
|:----------:|:--------------:|:---------------------:|:---------------------:|:----------------------------:|
| iv_498-iv_504 | 1879 | 4198 | 38 | 65 |
| iv_498-iv_501 | 1942 | 4206 | 37 | 74 |
| iv_500-iv_502 | 1927 | 4225 | 45 | 78 |
| iv_497-iv_501 | 2031 | 4225 | 38 | 80 |
| iv_500-iv_503 | 2040 | 4232 | 52 | 72 |
| iv_499-iv_504 | 2096 | 4259 | 42 | 74 |
| iv_504-iv_506 | 1994 | 4259 | 46 | 64 |
| iv_499-iv_502 | 2057 | 4260 | 47 | 76 |
| iv_500-iv_506 | 2050 | 4265 | 42 | 84 |
| iv_502-iv_504 | 1847 | 4267 | 34 | 88 |
| iv_501-iv_502 | 1909 | 4277 | 41 | 81 |
| iv_502-iv_506 | 1945 | 4280 | 44 | 80 |

### Input Bit Output Co-occurrences Sorted by Output Co-occurrences

| Input Bits | Co-occurrences | Potential Occurrences | Output Co-occurrences | Potential Output Occurrences |
|:----------:|:--------------:|:---------------------:|:---------------------:|:----------------------------:|
| iv_497-iv_503 | 1969 | 4371 | 52 | 65 |
| iv_500-iv_503 | 2040 | 4232 | 52 | 72 |
| iv_499-iv_503 | 2108 | 4391 | 51 | 76 |
| iv_502-iv_503 | 1876 | 4365 | 48 | 80 |
| iv_499-iv_502 | 2057 | 4260 | 47 | 76 |
| iv_501-iv_506 | 2002 | 4377 | 47 | 69 |
| iv_499-iv_500 | 2069 | 4431 | 47 | 76 |
| iv_503-iv_506 | 2054 | 4295 | 46 | 84 |
| iv_504-iv_506 | 1994 | 4259 | 46 | 64 |
| iv_500-iv_502 | 1927 | 4225 | 45 | 78 |
| iv_499-iv_508 | 2033 | 4716 | 45 | 72 |
| iv_506-iv_507 | 2113 | 4326 | 45 | 62 |

### Input Bit Output Co-occurrences Sorted by Potential Output Occurrences

| Input Bits | Co-occurrences | Potential Occurrences | Output Co-occurrences | Potential Output Occurrences |
|:----------:|:--------------:|:---------------------:|:---------------------:|:----------------------------:|
| iv_506-iv_507 | 2113 | 4326 | 45 | 62 |
| iv_504-iv_506 | 1994 | 4259 | 46 | 64 |
| iv_497-iv_503 | 1969 | 4371 | 52 | 65 |
| iv_498-iv_504 | 1879 | 4198 | 38 | 65 |
| iv_501-iv_506 | 2002 | 4377 | 47 | 69 |
| iv_500-iv_503 | 2040 | 4232 | 52 | 72 |
| iv_499-iv_508 | 2033 | 4716 | 45 | 72 |
| iv_497-iv_500 | 1972 | 4327 | 44 | 73 |
| iv_498-iv_508 | 1915 | 4457 | 36 | 73 |
| iv_501-iv_504 | 1908 | 4356 | 39 | 73 |
| iv_504-iv_507 | 2013 | 4317 | 33 | 74 |
| iv_507-iv_511 | 1999 | 4490 | 33 | 74 |

## Output Bits

### Output Bits in Regular Order

| Rank | Output Bit | Complexity |
|:----:|:----------:|:----------:|
| 1 | ov_001 | 3.018093271214105 × 10^304 |
| 2 | ov_002 | 2.626247284480111 × 10^304 |
| 3 | ov_003 | 2.2744555864724877 × 10^304 |
| 4 | ov_004 | 1.959714842565561 × 10^304 |
| 5 | ov_005 | 1.679186209458816 × 10^304 |
| 6 | ov_006 | 1.4301836950021218 × 10^304 |
| 7 | ov_007 | 1.2101640096925782 × 10^304 |
| 8 | ov_008 | 1.0167177906904259 × 10^304 |
| 9 | ov_009 | 8.47562086935559 × 10^303 |
| 10 | ov_010 | 7.005339842825598 × 10^303 |
| 11 | ov_011 | 5.7358524824095694 × 10^303 |
| 12 | ov_012 | 4.647778689524975 × 10^303 |
| 13 | ov_013 | 3.722803999362389 × 10^303 |
| 14 | ov_014 | 2.9436498891710743 × 10^303 |
| 15 | ov_015 | 2.29405005750801 × 10^303 |
| 16 | ov_016 | 1.758731790892991 × 10^303 |
| 17 | ov_017 | 1.3234016001425963 × 10^303 |
| 18 | ov_018 | 9.747343741413955 × 10^302 |
| 19 | ov_019 | 7.003653640584568 × 10^302 |
| 20 | ov_020 | 4.8888437611298335 × 10^302 |
| 21 | ov_021 | 3.2983164268189624 × 10^302 |
| 22 | ov_022 | 2.136949598625072 × 10^302 |
| 23 | ov_023 | 1.3190776309019364 × 10^302 |
| 24 | ov_024 | 7.684787560454148 × 10^301 |
| 25 | ov_025 | 4.183674226786893 × 10^301 |
| 26 | ov_026 | 2.1139009625330655 × 10^301 |
| 27 | ov_027 | 9.962328190265905 × 10^300 |
| 28 | ov_028 | 4.457274429804908 × 10^300 |
| 29 | ov_029 | 1.717325634834847 × 10^300 |
| 30 | ov_030 | 5.2494435092393345 × 10^299 |
| 31 | ov_031 | 1.0237687434167528 × 10^299 |
| 32 | lv_80_m31 | 1.9962202599818135 × 10^298 |
| 33 | ov_033 | 2.404349842257206 × 10^299 |
| 34 | ov_034 | 2.087719877820578 × 10^299 |
| 35 | ov_035 | 1.8040710373151777 × 10^299 |
| 36 | ov_036 | 1.5508250596542402 × 10^299 |
| 37 | ov_037 | 1.3255444202845052 × 10^299 |
| 38 | ov_038 | 1.1259223942722472 × 10^299 |
| 39 | ov_039 | 9.497744259572746 × 10^298 |
| 40 | ov_040 | 7.950306844201102 × 10^298 |
| 41 | ov_041 | 6.59729690194545 × 10^298 |
| 42 | ov_042 | 5.420129046634682 × 10^298 |
| 43 | ov_043 | 4.4097617427280924 × 10^298 |
| 44 | ov_044 | 3.5495395329454617 × 10^298 |
| 45 | ov_045 | 2.8237218287043287 × 10^298 |
| 46 | ov_046 | 2.2174576136613254 × 10^298 |
| 47 | ov_047 | 1.7167652080717374 × 10^298 |
| 48 | ov_048 | 1.3085163488813716 × 10^298 |
| 49 | ov_049 | 9.804238957881846 × 10^297 |
| 50 | ov_050 | 7.210325286877012 × 10^297 |
| 51 | ov_051 | 5.197118569819311 × 10^297 |
| 52 | ov_052 | 3.666514421335766 × 10^297 |
| 53 | ov_053 | 2.5285734160896463 × 10^297 |
| 54 | ov_054 | 1.7014983723394536 × 10^297 |
| 55 | ov_055 | 1.1116201400185658 × 10^297 |
| 56 | ov_056 | 6.93388965028559 × 10^296 |
| 57 | ov_057 | 4.1605900923638535 × 10^296 |
| 58 | ov_058 | 2.3030624614149315 × 10^296 |
| 59 | ov_059 | 1.1349627665947523 × 10^296 |
| 60 | ov_060 | 4.704947865135553 × 10^295 |
| 61 | ov_061 | 1.6440842175694403 × 10^295 |
| 62 | ov_062 | 4.511779061757858 × 10^294 |
| 63 | ov_063 | 8.79740076036211 × 10^293 |
| 64 | lv_79_m31 | 1.7150090775790318 × 10^293 |
| 65 | ov_065 | 2.0576872210080844 × 10^294 |
| 66 | ov_066 | 2.0576813854197487 × 10^294 |
| 67 | ov_067 | 2.0576799774296112 × 10^294 |
| 68 | ov_068 | 1.7854131089637497 × 10^294 |
| 69 | ov_069 | 1.5414001054938976 × 10^294 |
| 70 | ov_070 | 1.3235271281417302 × 10^294 |
| 71 | ov_071 | 1.1297906832153666 × 10^294 |
| 72 | ov_072 | 9.58289775430218 × 10^293 |
| 73 | ov_073 | 8.072192249065938 × 10^293 |
| 74 | ov_074 | 6.7486402962895985 × 10^293 |
| 75 | ov_075 | 5.595946613342916 × 10^293 |
| 76 | ov_076 | 4.59863188835955 × 10^293 |
| 77 | ov_077 | 3.74200128627687 × 10^293 |
| 78 | ov_078 | 3.012119282868597 × 10^293 |
| 79 | ov_079 | 2.3957899373951658 × 10^293 |
| 80 | ov_080 | 1.880541768892226 × 10^293 |
| 81 | ov_081 | 1.4546164547074217 × 10^293 |
| 82 | ov_082 | 1.1069606228713323 × 10^293 |
| 83 | ov_083 | 8.272200624057584 × 10^292 |
| 84 | ov_084 | 6.057357278557456 × 10^292 |
| 85 | ov_085 | 4.335409662798251 × 10^292 |
| 86 | ov_086 | 3.023594955785929 × 10^292 |
| 87 | ov_087 | 2.0460385485140297 × 10^292 |
| 88 | ov_088 | 1.3337421988108914 × 10^292 |
| 89 | ov_089 | 8.245753217474592 × 10^291 |
| 90 | ov_090 | 4.891886303296689 × 10^291 |
| 91 | ov_091 | 2.7917068965111276 × 10^291 |
| 92 | ov_092 | 1.5296525526532144 × 10^291 |
| 93 | ov_093 | 7.586998884382942 × 10^290 |
| 94 | ov_094 | 3.22470919203802 × 10^290 |
| 95 | aaa_78_28 | 9.88533449643583 × 10^289 |
| 96 | aaa_78_29 | 3.0011305864920793 × 10^289 |
| 97 | ov_097 | 1.6205188410701106 × 10^289 |
| 98 | ov_098 | 1.6205103129602805 × 10^289 |
| 99 | ov_099 | 1.6205075879640784 × 10^289 |
| 100 | ov_100 | 1.3865057277187001 × 10^289 |
| 101 | ov_101 | 1.1788545976451668 × 10^289 |
| 102 | ov_102 | 9.954447216780165 × 10^288 |
| 103 | ov_103 | 8.342829297191293 × 10^288 |
| 104 | ov_104 | 6.93483915875675 × 10^288 |
| 105 | ov_105 | 5.712628815726943 × 10^288 |
| 106 | ov_106 | 4.6592916499601515 × 10^288 |
| 107 | ov_107 | 3.758807634853358 × 10^288 |
| 108 | ov_108 | 2.9959966046585905 × 10^288 |
| 109 | ov_109 | 2.35647873315972 × 10^288 |
| 110 | ov_110 | 1.8266414324956228 × 10^288 |
| 111 | ov_111 | 1.3936119287174037 × 10^288 |
| 112 | ov_112 | 1.0452348156916107 × 10^288 |
| 113 | ov_113 | 7.700539334010049 × 10^287 |
| 114 | ov_114 | 5.57297960708738 × 10^287 |
| 115 | ov_115 | 3.968691563679536 × 10^287 |
| 116 | ov_116 | 2.7933472557568753 × 10^287 |
| 117 | ov_117 | 1.9592033276072497 × 10^287 |
| 118 | ov_118 | 1.3850532461060116 × 10^287 |
| 119 | ov_119 | 9.961931159641697 × 10^286 |
| 120 | ov_120 | 7.243984048384857 × 10^286 |
| 121 | ov_121 | 5.079089257382642 × 10^286 |
| 122 | ov_122 | 3.4027549103929553 × 10^286 |
| 123 | ov_123 | 2.150522960055273 × 10^286 |
| 124 | ov_124 | 1.257953091061941 × 10^286 |
| 125 | ov_125 | 6.606127390776463 × 10^285 |
| 126 | ov_126 | 2.9407199436546474 × 10^285 |
| 127 | aaa_77_28 | 9.390164334538465 × 10^284 |
| 128 | aaa_77_29 | 3.520229000407054 × 10^284 |
| 129 | ov_129 | 3.2751174249552726 × 10^284 |
| 130 | ov_130 | 3.275107984858529 × 10^284 |
| 131 | ov_131 | 3.2751057001476383 × 10^284 |
| 132 | ov_132 | 2.84236696447317 × 10^284 |
| 133 | ov_133 | 2.4546135584428818 × 10^284 |
| 134 | ov_134 | 2.1084409923283553 × 10^284 |
| 135 | ov_135 | 1.8006292497914736 × 10^284 |
| 136 | ov_136 | 1.5281296295791559 × 10^284 |
| 137 | ov_137 | 1.2880533533019582 × 10^284 |
| 138 | ov_138 | 1.0776617748640514 × 10^284 |
| 139 | ov_139 | 8.943580356093858 × 10^283 |
| 140 | ov_140 | 7.3568001747741 × 10^283 |
| 141 | ov_141 | 5.992944544780739 × 10^283 |
| 142 | ov_142 | 4.829920706482787 × 10^283 |
| 143 | ov_143 | 3.846836203809531 × 10^283 |
| 144 | ov_144 | 3.0239671465689686 × 10^283 |
| 145 | ov_145 | 2.3427332428517286 × 10^283 |
| 146 | ov_146 | 1.7856785879082547 × 10^283 |
| 147 | ov_147 | 1.336457270942482 × 10^283 |
| 148 | ov_148 | 9.798229361503986 × 10^282 |
| 149 | ov_149 | 7.01621509113004 × 10^282 |
| 150 | ov_150 | 4.8878637436947213 × 10^282 |
| 151 | ov_151 | 3.2933536467094327 × 10^282 |
| 152 | ov_152 | 2.1236899706267692 × 10^282 |
| 153 | ov_153 | 1.2806948688354632 × 10^282 |
| 154 | ov_154 | 7.179827892466215 × 10^281 |
| 155 | ov_155 | 3.5899594342892985 × 10^281 |
| 156 | aaa_76_25 | 1.3798339159469908 × 10^281 |
| 157 | aaa_76_26 | 7.972537390512997 × 10^280 |
| 158 | aaa_76_27 | 4.0835846616634676 × 10^280 |
| 159 | aaa_76_28 | 1.5912184669440999 × 10^280 |
| 160 | aaa_76_29 | 4.843145832772319 × 10^279 |

### Output Bits Sorted by Complexity

| Rank | Output Bit | Complexity |
|:----:|:----------:|:----------:|
| 160 | aaa_76_29 | 4.843145832772319 × 10^279 |
| 159 | aaa_76_28 | 1.5912184669440999 × 10^280 |
| 158 | aaa_76_27 | 4.0835846616634676 × 10^280 |
| 157 | aaa_76_26 | 7.972537390512997 × 10^280 |
| 156 | aaa_76_25 | 1.3798339159469908 × 10^281 |
| 155 | ov_155 | 3.5899594342892985 × 10^281 |
| 154 | ov_154 | 7.179827892466215 × 10^281 |
| 153 | ov_153 | 1.2806948688354632 × 10^282 |
| 152 | ov_152 | 2.1236899706267692 × 10^282 |
| 151 | ov_151 | 3.2933536467094327 × 10^282 |
| 150 | ov_150 | 4.8878637436947213 × 10^282 |
| 149 | ov_149 | 7.01621509113004 × 10^282 |
| 148 | ov_148 | 9.798229361503986 × 10^282 |
| 147 | ov_147 | 1.336457270942482 × 10^283 |
| 146 | ov_146 | 1.7856785879082547 × 10^283 |
| 145 | ov_145 | 2.3427332428517286 × 10^283 |
| 144 | ov_144 | 3.0239671465689686 × 10^283 |
| 143 | ov_143 | 3.846836203809531 × 10^283 |
| 142 | ov_142 | 4.829920706482787 × 10^283 |
| 141 | ov_141 | 5.992944544780739 × 10^283 |
| 140 | ov_140 | 7.3568001747741 × 10^283 |
| 139 | ov_139 | 8.943580356093858 × 10^283 |
| 138 | ov_138 | 1.0776617748640514 × 10^284 |
| 137 | ov_137 | 1.2880533533019582 × 10^284 |
| 136 | ov_136 | 1.5281296295791559 × 10^284 |
| 135 | ov_135 | 1.8006292497914736 × 10^284 |
| 134 | ov_134 | 2.1084409923283553 × 10^284 |
| 133 | ov_133 | 2.4546135584428818 × 10^284 |
| 132 | ov_132 | 2.84236696447317 × 10^284 |
| 131 | ov_131 | 3.2751057001476383 × 10^284 |
| 130 | ov_130 | 3.275107984858529 × 10^284 |
| 129 | ov_129 | 3.2751174249552726 × 10^284 |
| 128 | aaa_77_29 | 3.520229000407054 × 10^284 |
| 127 | aaa_77_28 | 9.390164334538465 × 10^284 |
| 126 | ov_126 | 2.9407199436546474 × 10^285 |
| 125 | ov_125 | 6.606127390776463 × 10^285 |
| 124 | ov_124 | 1.257953091061941 × 10^286 |
| 123 | ov_123 | 2.150522960055273 × 10^286 |
| 122 | ov_122 | 3.4027549103929553 × 10^286 |
| 121 | ov_121 | 5.079089257382642 × 10^286 |
| 120 | ov_120 | 7.243984048384857 × 10^286 |
| 119 | ov_119 | 9.961931159641697 × 10^286 |
| 118 | ov_118 | 1.3850532461060116 × 10^287 |
| 117 | ov_117 | 1.9592033276072497 × 10^287 |
| 116 | ov_116 | 2.7933472557568753 × 10^287 |
| 115 | ov_115 | 3.968691563679536 × 10^287 |
| 114 | ov_114 | 5.57297960708738 × 10^287 |
| 113 | ov_113 | 7.700539334010049 × 10^287 |
| 112 | ov_112 | 1.0452348156916107 × 10^288 |
| 111 | ov_111 | 1.3936119287174037 × 10^288 |
| 110 | ov_110 | 1.8266414324956228 × 10^288 |
| 109 | ov_109 | 2.35647873315972 × 10^288 |
| 108 | ov_108 | 2.9959966046585905 × 10^288 |
| 107 | ov_107 | 3.758807634853358 × 10^288 |
| 106 | ov_106 | 4.6592916499601515 × 10^288 |
| 105 | ov_105 | 5.712628815726943 × 10^288 |
| 104 | ov_104 | 6.93483915875675 × 10^288 |
| 103 | ov_103 | 8.342829297191293 × 10^288 |
| 102 | ov_102 | 9.954447216780165 × 10^288 |
| 101 | ov_101 | 1.1788545976451668 × 10^289 |
| 100 | ov_100 | 1.3865057277187001 × 10^289 |
| 99 | ov_099 | 1.6205075879640784 × 10^289 |
| 98 | ov_098 | 1.6205103129602805 × 10^289 |
| 97 | ov_097 | 1.6205188410701106 × 10^289 |
| 96 | aaa_78_29 | 3.0011305864920793 × 10^289 |
| 95 | aaa_78_28 | 9.88533449643583 × 10^289 |
| 94 | ov_094 | 3.22470919203802 × 10^290 |
| 93 | ov_093 | 7.586998884382942 × 10^290 |
| 92 | ov_092 | 1.5296525526532144 × 10^291 |
| 91 | ov_091 | 2.7917068965111276 × 10^291 |
| 90 | ov_090 | 4.891886303296689 × 10^291 |
| 89 | ov_089 | 8.245753217474592 × 10^291 |
| 88 | ov_088 | 1.3337421988108914 × 10^292 |
| 87 | ov_087 | 2.0460385485140297 × 10^292 |
| 86 | ov_086 | 3.023594955785929 × 10^292 |
| 85 | ov_085 | 4.335409662798251 × 10^292 |
| 84 | ov_084 | 6.057357278557456 × 10^292 |
| 83 | ov_083 | 8.272200624057584 × 10^292 |
| 82 | ov_082 | 1.1069606228713323 × 10^293 |
| 81 | ov_081 | 1.4546164547074217 × 10^293 |
| 64 | lv_79_m31 | 1.7150090775790318 × 10^293 |
| 80 | ov_080 | 1.880541768892226 × 10^293 |
| 79 | ov_079 | 2.3957899373951658 × 10^293 |
| 78 | ov_078 | 3.012119282868597 × 10^293 |
| 77 | ov_077 | 3.74200128627687 × 10^293 |
| 76 | ov_076 | 4.59863188835955 × 10^293 |
| 75 | ov_075 | 5.595946613342916 × 10^293 |
| 74 | ov_074 | 6.7486402962895985 × 10^293 |
| 73 | ov_073 | 8.072192249065938 × 10^293 |
| 63 | ov_063 | 8.79740076036211 × 10^293 |
| 72 | ov_072 | 9.58289775430218 × 10^293 |
| 71 | ov_071 | 1.1297906832153666 × 10^294 |
| 70 | ov_070 | 1.3235271281417302 × 10^294 |
| 69 | ov_069 | 1.5414001054938976 × 10^294 |
| 68 | ov_068 | 1.7854131089637497 × 10^294 |
| 67 | ov_067 | 2.0576799774296112 × 10^294 |
| 66 | ov_066 | 2.0576813854197487 × 10^294 |
| 65 | ov_065 | 2.0576872210080844 × 10^294 |
| 62 | ov_062 | 4.511779061757858 × 10^294 |
| 61 | ov_061 | 1.6440842175694403 × 10^295 |
| 60 | ov_060 | 4.704947865135553 × 10^295 |
| 59 | ov_059 | 1.1349627665947523 × 10^296 |
| 58 | ov_058 | 2.3030624614149315 × 10^296 |
| 57 | ov_057 | 4.1605900923638535 × 10^296 |
| 56 | ov_056 | 6.93388965028559 × 10^296 |
| 55 | ov_055 | 1.1116201400185658 × 10^297 |
| 54 | ov_054 | 1.7014983723394536 × 10^297 |
| 53 | ov_053 | 2.5285734160896463 × 10^297 |
| 52 | ov_052 | 3.666514421335766 × 10^297 |
| 51 | ov_051 | 5.197118569819311 × 10^297 |
| 50 | ov_050 | 7.210325286877012 × 10^297 |
| 49 | ov_049 | 9.804238957881846 × 10^297 |
| 48 | ov_048 | 1.3085163488813716 × 10^298 |
| 47 | ov_047 | 1.7167652080717374 × 10^298 |
| 32 | lv_80_m31 | 1.9962202599818135 × 10^298 |
| 46 | ov_046 | 2.2174576136613254 × 10^298 |
| 45 | ov_045 | 2.8237218287043287 × 10^298 |
| 44 | ov_044 | 3.5495395329454617 × 10^298 |
| 43 | ov_043 | 4.4097617427280924 × 10^298 |
| 42 | ov_042 | 5.420129046634682 × 10^298 |
| 41 | ov_041 | 6.59729690194545 × 10^298 |
| 40 | ov_040 | 7.950306844201102 × 10^298 |
| 39 | ov_039 | 9.497744259572746 × 10^298 |
| 31 | ov_031 | 1.0237687434167528 × 10^299 |
| 38 | ov_038 | 1.1259223942722472 × 10^299 |
| 37 | ov_037 | 1.3255444202845052 × 10^299 |
| 36 | ov_036 | 1.5508250596542402 × 10^299 |
| 35 | ov_035 | 1.8040710373151777 × 10^299 |
| 34 | ov_034 | 2.087719877820578 × 10^299 |
| 33 | ov_033 | 2.404349842257206 × 10^299 |
| 30 | ov_030 | 5.2494435092393345 × 10^299 |
| 29 | ov_029 | 1.717325634834847 × 10^300 |
| 28 | ov_028 | 4.457274429804908 × 10^300 |
| 27 | ov_027 | 9.962328190265905 × 10^300 |
| 26 | ov_026 | 2.1139009625330655 × 10^301 |
| 25 | ov_025 | 4.183674226786893 × 10^301 |
| 24 | ov_024 | 7.684787560454148 × 10^301 |
| 23 | ov_023 | 1.3190776309019364 × 10^302 |
| 22 | ov_022 | 2.136949598625072 × 10^302 |
| 21 | ov_021 | 3.2983164268189624 × 10^302 |
| 20 | ov_020 | 4.8888437611298335 × 10^302 |
| 19 | ov_019 | 7.003653640584568 × 10^302 |
| 18 | ov_018 | 9.747343741413955 × 10^302 |
| 17 | ov_017 | 1.3234016001425963 × 10^303 |
| 16 | ov_016 | 1.758731790892991 × 10^303 |
| 15 | ov_015 | 2.29405005750801 × 10^303 |
| 14 | ov_014 | 2.9436498891710743 × 10^303 |
| 13 | ov_013 | 3.722803999362389 × 10^303 |
| 12 | ov_012 | 4.647778689524975 × 10^303 |
| 11 | ov_011 | 5.7358524824095694 × 10^303 |
| 10 | ov_010 | 7.005339842825598 × 10^303 |
| 9 | ov_009 | 8.47562086935559 × 10^303 |
| 8 | ov_008 | 1.0167177906904259 × 10^304 |
| 7 | ov_007 | 1.2101640096925782 × 10^304 |
| 6 | ov_006 | 1.4301836950021218 × 10^304 |
| 5 | ov_005 | 1.679186209458816 × 10^304 |
| 4 | ov_004 | 1.959714842565561 × 10^304 |
| 3 | ov_003 | 2.2744555864724877 × 10^304 |
| 2 | ov_002 | 2.626247284480111 × 10^304 |
| 1 | ov_001 | 3.018093271214105 × 10^304 |

