# Results for F001-F002-F003-F004-F005-F006-F007-F008-F009-F010-F011-F012-F013-F014-F015-F016-F017-F018-F019-F020-F021-F022-F023-F024-F025-F026-F027-F028-F029-F030-F031-F032-F033-F034-F035-F036-F037-F038-F039-F040-F041-F042-F043-F044-F045-F046-F047-F048-F049-F050-F051-F052-F053-F054-F055-F056-F057-F058-F059-F060-F061-F062-F063-F064-F065-F066-F067-F068-F069-F070-F071-F072-F073-F074-F075-F076-F077-F078-F079-F080-F081-F082-F083-F084-F085-F086-F087-F088-F089-F090-F091-F092-F093-F094-F095-F096-F097-F098-F099-F100-F101-F102-F103-F104-F105-F106-F107-F108-F109-F110-F111-F112-F113-F114-F115-F116-F117-F118-F119-F120-F121-F122-F123-F124-F125-F126-F127-F128-F129-F130-F131-F132-F133-F134-F135-F136-F137-F138-F139-F140-F141-F142-F143-F144-F145-F146-F147-F148-F149-F150-F151-F152-F153-F154-F155-F156-F157-F158-F159-F160-F161-F162-F163-F164-F165-F166-F167-F168-F169-F170-F171-F172-F173-F174-F175-F176-F177-F178-F179-F180-F181-F182-F183-F184-F185-F186-F187-F188-F189-F190-F191-F192-F193-F194-F195-F196-F197-F198-F199-F200-F201-F202-F203-F204-F205-F206-F207-F208-F209-F210-F211-F212-F213-F214-F215-F216-F217-F218-F219-F220-F221-F222-F223-F224-F225-F226-F227-F228-F229-F230-F231-F232-F233-F234-F235-F236-F237-F238-F239-F240-F241-F242-F243-F244-F245-F246-F247-F248-F249-F250-F251-F252-F253-F254-F255-F256-F257-F258-F259-F260-F261-F262-F263-F264-F265-F266-F267-F268-F269-F270-F271-F272-F273-F274-F275-F276-F277-F278-F279-F280-F281-F282-F283-F284-F285-F286-F287-F288-F289-F290-F291-F292-F293-F294-F295-F296-F297-F298-F299-F300-F301-F302-F303-F304-F305-F306-F307-F308-F309-F310-F311-F312-F313-F314-F315-F316-F317-F318-F319-F320-F321-F322-F323-F324-F325-F326-F327-F328-F329-F330-F331-F332-F333-F334-F335-F336-F337-F338-F339-F340-F341-F342-F343-F344-F345-F346-F347-F348-F349-F350-F351-F352-F353-F354-F355-F356-F357-F358-F359-F360-F361-F362-F363-F364-F365-F366-F367-F368-F369-F370-F371-F372-F373-F374-F375-F376-F377-F378-F379-F380-F381-F382-F383-F384-F385-F386-F387-F388-F389-F390-F391-F392-F393-F394-F395-F396-F397-F398-F399-F400-F401-F402-F403-F404-F405-F406-F407-F408-F409-F410-F411-F412-F413-F414-F415-F416-F417-F418-F419-F420-F421-F422-F423-F424-F425-F426-F427-F428-F429-F430-F431-F432-F433-F434-F435-F436-F437-F438-F439-F440-F441-F442-F443-F444-F445-F446-F447-F448-F449-F450-F451-F452-F453-F454-F455-F456-F457-F458-F459-F460-F461-F462-F463-F464-F465-F466-F467-F468-F469-F470-F471-F472-F473-F474-F475-F476-F477-F478-F479-F480-F481-F482-F483-F484-F485-F486-F487-F488-F489-F490-F491-F492-F493-F494-F495-F496-T509-F510-F511-F512

## Summary

Number of input bits: 512  
Number of free input bits: 12  
Number of output bits: 160

Number of direct occurrences: 49972  
Number of assignments: 31658  
Number of operations: 12032264
(xor: 12003019,
and: 15823,
or: 13422)

Total complexity: 2.3600397535521272 × 10^306

Least occurring input variable: iv_498 (3991)  
Most occurring input variable: iv_508 (4396)

Most co-occurring input variables: iv_501-iv_508 (2154)  
Least co-occurring input variables: iv_498-iv_499 (1836)

Potentially most occurring input variable: iv_507/iv_508 (4545)  
Potentially least occurring input variable: iv_502/iv_505 (4177)

Least output occurring input variable: iv_499 (69)  
Most output occurring input variable: iv_508 (88)

Most output co-occurring input variables: iv_503-iv_508 (52)  
Least output co-occurring input variables: iv_499-iv_503 (30)

Potentially most output occurring input variable: iv_497/iv_502 (104)  
Potentially least output occurring input variable: iv_503/iv_508 (62)

Least complex input bit: iv_497 (9.679406281555538 × 10^303)  
Most complex input bit: iv_505 (5.740227243949172 × 10^305)

Least complex output bit: aaa_76_29 (7.246681687745206 × 10^280)  
Most complex output bit: ov_001 (3.7751018997008595 × 10^305)

Least complex input/output complexity: iv_497/aaa_76_29 (2.972135369466561 × 10^278)  
Most complex input/output complexity: iv_505/ov_001 (9.182024472567195 × 10^304)

## Input Bits

### Input Bits in Regular Order

| Input Bit | Complexity | Occurrences | Output Occurrences |
|:---------:|:----------:|:-----------:|:------------------:|
| iv_497 | 9.679406281555538 × 10^303 | 4210 | 87 |
| iv_498 | 1.9356560967868632 × 10^304 | 3991 | 86 |
| iv_499 | 3.4165638845211165 × 10^304 | 4021 | 69 |
| iv_500 | 5.75309989893424 × 10^304 | 4085 | 76 |
| iv_501 | 9.454921025263667 × 10^304 | 4265 | 84 |
| iv_502 | 1.5250546151522048 × 10^305 | 4060 | 83 |
| iv_503 | 2.416094613560316 × 10^305 | 4233 | 78 |
| iv_504 | 3.7569464400838917 × 10^305 | 4095 | 80 |
| iv_505 | 5.740227243949172 × 10^305 | 4179 | 73 |
| iv_506 | 2.883237227652128 × 10^305 | 4112 | 74 |
| iv_507 | 3.9343795484713587 × 10^305 | 4325 | 76 |
| iv_508 | 1.191639693286119 × 10^305 | 4396 | 88 |

### Input Bits Sorted by Complexity

| Input Bit | Complexity | Occurrences | Output Occurrences |
|:---------:|:----------:|:-----------:|:------------------:|
| iv_497 | 9.679406281555538 × 10^303 | 4210 | 87 |
| iv_498 | 1.9356560967868632 × 10^304 | 3991 | 86 |
| iv_499 | 3.4165638845211165 × 10^304 | 4021 | 69 |
| iv_500 | 5.75309989893424 × 10^304 | 4085 | 76 |
| iv_501 | 9.454921025263667 × 10^304 | 4265 | 84 |
| iv_508 | 1.191639693286119 × 10^305 | 4396 | 88 |
| iv_502 | 1.5250546151522048 × 10^305 | 4060 | 83 |
| iv_503 | 2.416094613560316 × 10^305 | 4233 | 78 |
| iv_506 | 2.883237227652128 × 10^305 | 4112 | 74 |
| iv_504 | 3.7569464400838917 × 10^305 | 4095 | 80 |
| iv_507 | 3.9343795484713587 × 10^305 | 4325 | 76 |
| iv_505 | 5.740227243949172 × 10^305 | 4179 | 73 |

### Input Bits Sorted by Occurrences

| Input Bit | Complexity | Occurrences | Output Occurrences |
|:---------:|:----------:|:-----------:|:------------------:|
| iv_498 | 1.9356560967868632 × 10^304 | 3991 | 86 |
| iv_499 | 3.4165638845211165 × 10^304 | 4021 | 69 |
| iv_502 | 1.5250546151522048 × 10^305 | 4060 | 83 |
| iv_500 | 5.75309989893424 × 10^304 | 4085 | 76 |
| iv_504 | 3.7569464400838917 × 10^305 | 4095 | 80 |
| iv_506 | 2.883237227652128 × 10^305 | 4112 | 74 |
| iv_505 | 5.740227243949172 × 10^305 | 4179 | 73 |
| iv_497 | 9.679406281555538 × 10^303 | 4210 | 87 |
| iv_503 | 2.416094613560316 × 10^305 | 4233 | 78 |
| iv_501 | 9.454921025263667 × 10^304 | 4265 | 84 |
| iv_507 | 3.9343795484713587 × 10^305 | 4325 | 76 |
| iv_508 | 1.191639693286119 × 10^305 | 4396 | 88 |

### Input Bits Sorted by Output Occurrences

| Input Bit | Complexity | Occurrences | Output Occurrences |
|:---------:|:----------:|:-----------:|:------------------:|
| iv_499 | 3.4165638845211165 × 10^304 | 4021 | 69 |
| iv_505 | 5.740227243949172 × 10^305 | 4179 | 73 |
| iv_506 | 2.883237227652128 × 10^305 | 4112 | 74 |
| iv_500 | 5.75309989893424 × 10^304 | 4085 | 76 |
| iv_507 | 3.9343795484713587 × 10^305 | 4325 | 76 |
| iv_503 | 2.416094613560316 × 10^305 | 4233 | 78 |
| iv_504 | 3.7569464400838917 × 10^305 | 4095 | 80 |
| iv_502 | 1.5250546151522048 × 10^305 | 4060 | 83 |
| iv_501 | 9.454921025263667 × 10^304 | 4265 | 84 |
| iv_498 | 1.9356560967868632 × 10^304 | 3991 | 86 |
| iv_497 | 9.679406281555538 × 10^303 | 4210 | 87 |
| iv_508 | 1.191639693286119 × 10^305 | 4396 | 88 |

## Input Bit Co-occurrences

### Input Bit Co-occurrences Sorted by Co-occurrences

| Input Bits | Co-occurrences | Potential Occurrences | Output Co-occurrences | Potential Output Occurrences |
|:----------:|:--------------:|:---------------------:|:---------------------:|:----------------------------:|
| iv_501-iv_508 | 2154 | 4353 | 50 | 72 |
| iv_497-iv_508 | 2128 | 4350 | 52 | 71 |
| iv_501-iv_507 | 2108 | 4374 | 43 | 74 |
| iv_501-iv_503 | 2105 | 4288 | 47 | 68 |
| iv_505-iv_508 | 2091 | 4393 | 45 | 71 |
| iv_507-iv_508 | 2088 | 4545 | 43 | 78 |
| iv_503-iv_508 | 2077 | 4475 | 52 | 62 |
| iv_503-iv_507 | 2063 | 4432 | 36 | 82 |
| iv_501-iv_505 | 2063 | 4318 | 37 | 83 |
| iv_497-iv_501 | 2059 | 4357 | 44 | 83 |
| iv_505-iv_507 | 2048 | 4408 | 34 | 81 |
| iv_504-iv_505 | 2045 | 4184 | 34 | 85 |

### Input Bit Co-occurrences Sorted by Potential Occurrences

| Input Bits | Co-occurrences | Potential Occurrences | Output Co-occurrences | Potential Output Occurrences |
|:----------:|:--------------:|:---------------------:|:---------------------:|:----------------------------:|
| iv_502-iv_505 | 2031 | 4177 | 40 | 76 |
| iv_504-iv_505 | 2045 | 4184 | 34 | 85 |
| iv_499-iv_502 | 1920 | 4241 | 38 | 76 |
| iv_498-iv_506 | 1929 | 4245 | 40 | 80 |
| iv_499-iv_505 | 1968 | 4264 | 31 | 80 |
| iv_500-iv_506 | 1963 | 4271 | 32 | 86 |
| iv_501-iv_504 | 2044 | 4272 | 37 | 90 |
| iv_497-iv_499 | 1977 | 4277 | 35 | 86 |
| iv_501-iv_503 | 2105 | 4288 | 47 | 68 |
| iv_502-iv_506 | 1940 | 4292 | 40 | 77 |
| iv_498-iv_502 | 1879 | 4293 | 41 | 87 |
| iv_500-iv_501 | 2025 | 4300 | 42 | 76 |

### Input Bit Output Co-occurrences Sorted by Output Co-occurrences

| Input Bits | Co-occurrences | Potential Occurrences | Output Co-occurrences | Potential Output Occurrences |
|:----------:|:--------------:|:---------------------:|:---------------------:|:----------------------------:|
| iv_497-iv_508 | 2128 | 4350 | 52 | 71 |
| iv_503-iv_508 | 2077 | 4475 | 52 | 62 |
| iv_501-iv_508 | 2154 | 4353 | 50 | 72 |
| iv_497-iv_504 | 1971 | 4363 | 47 | 73 |
| iv_497-iv_498 | 1875 | 4451 | 47 | 79 |
| iv_501-iv_503 | 2105 | 4288 | 47 | 68 |
| iv_505-iv_508 | 2091 | 4393 | 45 | 71 |
| iv_497-iv_500 | 1978 | 4339 | 44 | 75 |
| iv_497-iv_501 | 2059 | 4357 | 44 | 83 |
| iv_500-iv_508 | 1971 | 4539 | 44 | 76 |
| iv_501-iv_502 | 2005 | 4315 | 44 | 79 |
| iv_498-iv_508 | 1964 | 4459 | 43 | 88 |

### Input Bit Output Co-occurrences Sorted by Potential Output Occurrences

| Input Bits | Co-occurrences | Potential Occurrences | Output Co-occurrences | Potential Output Occurrences |
|:----------:|:--------------:|:---------------------:|:---------------------:|:----------------------------:|
| iv_503-iv_508 | 2077 | 4475 | 52 | 62 |
| iv_501-iv_503 | 2105 | 4288 | 47 | 68 |
| iv_503-iv_505 | 2044 | 4324 | 41 | 69 |
| iv_499-iv_506 | 1898 | 4337 | 37 | 69 |
| iv_497-iv_508 | 2128 | 4350 | 52 | 71 |
| iv_505-iv_508 | 2091 | 4393 | 45 | 71 |
| iv_503-iv_506 | 1953 | 4439 | 40 | 72 |
| iv_501-iv_508 | 2154 | 4353 | 50 | 72 |
| iv_500-iv_507 | 2011 | 4388 | 40 | 72 |
| iv_497-iv_504 | 1971 | 4363 | 47 | 73 |
| iv_501-iv_507 | 2108 | 4374 | 43 | 74 |
| iv_497-iv_500 | 1978 | 4339 | 44 | 75 |

## Output Bits

### Output Bits in Regular Order

| Rank | Output Bit | Complexity |
|:----:|:----------:|:----------:|
| 1 | ov_001 | 3.7751018997008595 × 10^305 |
| 2 | ov_002 | 3.2738596411474166 × 10^305 |
| 3 | ov_003 | 2.8248406850700145 × 10^305 |
| 4 | ov_004 | 2.424087869316239 × 10^305 |
| 5 | ov_005 | 2.0678598023624112 × 10^305 |
| 6 | ov_006 | 1.7526154796253146 × 10^305 |
| 7 | ov_007 | 1.4750008856710424 × 10^305 |
| 8 | ov_008 | 1.231837453260717 × 10^305 |
| 9 | ov_009 | 1.0201122355471442 × 10^305 |
| 10 | ov_010 | 8.369696213948478 × 10^304 |
| 11 | ov_011 | 6.797044218509775 × 10^304 |
| 12 | ov_012 | 5.457561656242682 × 10^304 |
| 13 | ov_013 | 4.327044510711812 × 10^304 |
| 14 | ov_014 | 3.382652116860092 × 10^304 |
| 15 | ov_015 | 2.6028776148079975 × 10^304 |
| 16 | ov_016 | 1.9675249595009815 × 10^304 |
| 17 | ov_017 | 1.4576913356701149 × 10^304 |
| 18 | ov_018 | 1.0557539196767082 × 10^304 |
| 19 | ov_019 | 7.453600216307609 × 10^303 |
| 20 | ov_020 | 5.1141977604870044 × 10^303 |
| 21 | ov_021 | 3.401007648584449 × 10^303 |
| 22 | ov_022 | 2.1882415489332436 × 10^303 |
| 23 | ov_023 | 1.362620266710133 × 10^303 |
| 24 | ov_024 | 8.233561692499972 × 10^302 |
| 25 | ov_025 | 4.821424301828526 × 10^302 |
| 26 | ov_026 | 2.6314713634366826 × 10^302 |
| 27 | ov_027 | 1.3157256981032224 × 10^302 |
| 28 | ov_028 | 5.885667520922504 × 10^301 |
| 29 | ov_029 | 2.267278073341163 × 10^301 |
| 30 | ov_030 | 6.929524979780778 × 10^300 |
| 31 | ov_031 | 1.3512469095063098 × 10^300 |
| 32 | lv_80_m31 | 2.63446831324128 × 10^299 |
| 33 | ov_033 | 3.1568723815979704 × 10^300 |
| 34 | ov_034 | 2.7372770842769095 × 10^300 |
| 35 | ov_035 | 2.3619310764687926 × 10^300 |
| 36 | ov_036 | 2.0272320718653853 × 10^300 |
| 37 | ov_037 | 1.729772487734523 × 10^300 |
| 38 | ov_038 | 1.46632565638993 × 10^300 |
| 39 | ov_039 | 1.233833899050899 × 10^300 |
| 40 | ov_040 | 1.0293982866060906 × 10^300 |
| 41 | ov_041 | 8.502699207877515 × 10^299 |
| 42 | ov_042 | 6.951108602805941 × 10^299 |
| 43 | ov_043 | 5.626528227949429 × 10^299 |
| 44 | ov_044 | 4.505575782442604 × 10^299 |
| 45 | ov_045 | 3.5661422782856194 × 10^299 |
| 46 | ov_046 | 2.7873588913509698 × 10^299 |
| 47 | ov_047 | 2.149570803407832 × 10^299 |
| 48 | ov_048 | 1.6343169523876754 × 10^299 |
| 49 | ov_049 | 1.224314688510582 × 10^299 |
| 50 | ov_050 | 9.034484140739241 × 10^298 |
| 51 | ov_051 | 6.5676136472598 × 10^298 |
| 52 | ov_052 | 4.704497699469001 × 10^298 |
| 53 | ov_053 | 3.318587429579665 × 10^298 |
| 54 | ov_054 | 2.2947942311073321 × 10^298 |
| 55 | ov_055 | 1.5294705165941004 × 10^298 |
| 56 | ov_056 | 9.736508434285458 × 10^297 |
| 57 | ov_057 | 5.840817615580958 × 10^297 |
| 58 | ov_058 | 3.232190996127939 × 10^297 |
| 59 | ov_059 | 1.5922653694566324 × 10^297 |
| 60 | ov_060 | 6.5974947490465184 × 10^296 |
| 61 | ov_061 | 2.304216027348196 × 10^296 |
| 62 | ov_062 | 6.319934504021203 × 10^295 |
| 63 | ov_063 | 1.2315752226585656 × 10^295 |
| 64 | lv_79_m31 | 2.399432176922925 × 10^294 |
| 65 | ov_065 | 2.850003732623372 × 10^295 |
| 66 | ov_066 | 2.849995249125699 × 10^295 |
| 67 | ov_067 | 2.849993202164296 × 10^295 |
| 68 | ov_068 | 2.4654297120860553 × 10^295 |
| 69 | ov_069 | 2.1214719315825167 × 10^295 |
| 70 | ov_070 | 1.8150477261049367 × 10^295 |
| 71 | ov_071 | 1.5432453743286873 × 10^295 |
| 72 | ov_072 | 1.3033021565969522 × 10^295 |
| 73 | ov_073 | 1.0925946347302488 × 10^295 |
| 74 | ov_074 | 9.086304516129978 × 10^294 |
| 75 | ov_075 | 7.490414879874244 × 10^294 |
| 76 | ov_076 | 6.115782225661278 × 10^294 |
| 77 | ov_077 | 4.941051499795927 × 10^294 |
| 78 | ov_078 | 3.945971192574857 × 10^294 |
| 79 | ov_079 | 3.111364635489185 × 10^294 |
| 80 | ov_080 | 2.419107996560431 × 10^294 |
| 81 | ov_081 | 1.8521138371985565 × 10^294 |
| 82 | ov_082 | 1.3943191708342092 × 10^294 |
| 83 | ov_083 | 1.0306770398681522 × 10^294 |
| 84 | ov_084 | 7.471507033597648 × 10^293 |
| 85 | ov_085 | 5.307096034618233 × 10^293 |
| 86 | ov_086 | 3.693264250692216 × 10^293 |
| 87 | ov_087 | 2.51974842248611 × 10^293 |
| 88 | ov_088 | 1.6862779587769 × 10^293 |
| 89 | ov_089 | 1.102562274260899 × 10^293 |
| 90 | ov_090 | 6.882819382803813 × 10^292 |
| 91 | ov_091 | 4.057691324899777 × 10^292 |
| 92 | ov_092 | 2.2233760845691552 × 10^292 |
| 93 | ov_093 | 1.1028143740880891 × 10^292 |
| 94 | ov_094 | 4.687439587084718 × 10^291 |
| 95 | aaa_78_28 | 1.4369714840727737 × 10^291 |
| 96 | aaa_78_29 | 4.362736542004512 × 10^290 |
| 97 | ov_097 | 2.3558850639981466 × 10^290 |
| 98 | ov_098 | 2.355872706657773 × 10^290 |
| 99 | ov_099 | 2.3558687617258998 × 10^290 |
| 100 | ov_100 | 2.0159208035094083 × 10^290 |
| 101 | ov_101 | 1.7141940120477341 × 10^290 |
| 102 | ov_102 | 1.4476405787589067 × 10^290 |
| 103 | ov_103 | 1.21337923248646 × 10^290 |
| 104 | ov_104 | 1.008683092171794 × 10^290 |
| 105 | ov_105 | 8.309691199502231 × 10^289 |
| 106 | ov_106 | 6.777890270889991 × 10^289 |
| 107 | ov_107 | 5.46821492797581 × 10^289 |
| 108 | ov_108 | 4.358655632797389 × 10^289 |
| 109 | ov_109 | 3.4283510551775093 × 10^289 |
| 110 | ov_110 | 2.657541972273498 × 10^289 |
| 111 | ov_111 | 2.02753341237935 × 10^289 |
| 112 | ov_112 | 1.520663992692 × 10^289 |
| 113 | ov_113 | 1.1202814672008675 × 10^289 |
| 114 | ov_114 | 8.10723566807851 × 10^288 |
| 115 | ov_115 | 5.773032794024555 × 10^288 |
| 116 | ov_116 | 4.062977830276303 × 10^288 |
| 117 | ov_117 | 2.849403105600147 × 10^288 |
| 118 | ov_118 | 2.0141428954447732 × 10^288 |
| 119 | ov_119 | 1.4484916599491666 × 10^288 |
| 120 | ov_120 | 1.053174396607121 × 10^288 |
| 121 | ov_121 | 7.383260233268736 × 10^287 |
| 122 | ov_122 | 4.9455900419386925 × 10^287 |
| 123 | ov_123 | 3.124908779021901 × 10^287 |
| 124 | ov_124 | 1.8274184149084074 × 10^287 |
| 125 | ov_125 | 9.593325320702667 × 10^286 |
| 126 | ov_126 | 4.268686868534493 × 10^286 |
| 127 | aaa_77_28 | 1.3624547692136927 × 10^286 |
| 128 | aaa_77_29 | 5.1042484807434317 × 10^285 |
| 129 | ov_129 | 4.694120685874388 × 10^285 |
| 130 | ov_130 | 4.6941065732245516 × 10^285 |
| 131 | ov_131 | 4.6941031614832416 × 10^285 |
| 132 | ov_132 | 4.0622741088229705 × 10^285 |
| 133 | ov_133 | 3.4971194981114434 × 10^285 |
| 134 | ov_134 | 2.993568454902018 × 10^285 |
| 135 | ov_135 | 2.5468207923769944 × 10^285 |
| 136 | ov_136 | 2.1523276049795997 × 10^285 |
| 137 | ov_137 | 1.8057745730448257 × 10^285 |
| 138 | ov_138 | 1.503067718982409 × 10^285 |
| 139 | ov_139 | 1.2403213688224295 × 10^285 |
| 140 | ov_140 | 1.013848085799363 × 10^285 |
| 141 | ov_141 | 8.201503552115866 × 10^284 |
| 142 | ov_142 | 6.559138121241258 × 10^284 |
| 143 | ov_143 | 5.1800181564390245 × 10^284 |
| 144 | ov_144 | 4.034511855381132 × 10^284 |
| 145 | ov_145 | 3.0946892892588473 × 10^284 |
| 146 | ov_146 | 2.334297966793312 × 10^284 |
| 147 | ov_147 | 1.7287452104211955 × 10^284 |
| 148 | ov_148 | 1.2550859782416256 × 10^284 |
| 149 | ov_149 | 8.92014883676164 × 10^283 |
| 150 | ov_150 | 6.198612830644646 × 10^283 |
| 151 | ov_151 | 4.205864196233354 × 10^283 |
| 152 | ov_152 | 2.777817714290912 × 10^283 |
| 153 | ov_153 | 1.7666801873935235 × 10^283 |
| 154 | ov_154 | 1.0409435146544915 × 10^283 |
| 155 | ov_155 | 5.38924203482285 × 10^282 |
| 156 | aaa_76_25 | 2.0707825519720577 × 10^282 |
| 157 | aaa_76_26 | 1.1957818966506785 × 10^282 |
| 158 | aaa_76_27 | 6.12079993594325 × 10^281 |
| 159 | aaa_76_28 | 2.3829974546660175 × 10^281 |
| 160 | aaa_76_29 | 7.246681687745206 × 10^280 |

### Output Bits Sorted by Complexity

| Rank | Output Bit | Complexity |
|:----:|:----------:|:----------:|
| 160 | aaa_76_29 | 7.246681687745206 × 10^280 |
| 159 | aaa_76_28 | 2.3829974546660175 × 10^281 |
| 158 | aaa_76_27 | 6.12079993594325 × 10^281 |
| 157 | aaa_76_26 | 1.1957818966506785 × 10^282 |
| 156 | aaa_76_25 | 2.0707825519720577 × 10^282 |
| 155 | ov_155 | 5.38924203482285 × 10^282 |
| 154 | ov_154 | 1.0409435146544915 × 10^283 |
| 153 | ov_153 | 1.7666801873935235 × 10^283 |
| 152 | ov_152 | 2.777817714290912 × 10^283 |
| 151 | ov_151 | 4.205864196233354 × 10^283 |
| 150 | ov_150 | 6.198612830644646 × 10^283 |
| 149 | ov_149 | 8.92014883676164 × 10^283 |
| 148 | ov_148 | 1.2550859782416256 × 10^284 |
| 147 | ov_147 | 1.7287452104211955 × 10^284 |
| 146 | ov_146 | 2.334297966793312 × 10^284 |
| 145 | ov_145 | 3.0946892892588473 × 10^284 |
| 144 | ov_144 | 4.034511855381132 × 10^284 |
| 143 | ov_143 | 5.1800181564390245 × 10^284 |
| 142 | ov_142 | 6.559138121241258 × 10^284 |
| 141 | ov_141 | 8.201503552115866 × 10^284 |
| 140 | ov_140 | 1.013848085799363 × 10^285 |
| 139 | ov_139 | 1.2403213688224295 × 10^285 |
| 138 | ov_138 | 1.503067718982409 × 10^285 |
| 137 | ov_137 | 1.8057745730448257 × 10^285 |
| 136 | ov_136 | 2.1523276049795997 × 10^285 |
| 135 | ov_135 | 2.5468207923769944 × 10^285 |
| 134 | ov_134 | 2.993568454902018 × 10^285 |
| 133 | ov_133 | 3.4971194981114434 × 10^285 |
| 132 | ov_132 | 4.0622741088229705 × 10^285 |
| 131 | ov_131 | 4.6941031614832416 × 10^285 |
| 130 | ov_130 | 4.6941065732245516 × 10^285 |
| 129 | ov_129 | 4.694120685874388 × 10^285 |
| 128 | aaa_77_29 | 5.1042484807434317 × 10^285 |
| 127 | aaa_77_28 | 1.3624547692136927 × 10^286 |
| 126 | ov_126 | 4.268686868534493 × 10^286 |
| 125 | ov_125 | 9.593325320702667 × 10^286 |
| 124 | ov_124 | 1.8274184149084074 × 10^287 |
| 123 | ov_123 | 3.124908779021901 × 10^287 |
| 122 | ov_122 | 4.9455900419386925 × 10^287 |
| 121 | ov_121 | 7.383260233268736 × 10^287 |
| 120 | ov_120 | 1.053174396607121 × 10^288 |
| 119 | ov_119 | 1.4484916599491666 × 10^288 |
| 118 | ov_118 | 2.0141428954447732 × 10^288 |
| 117 | ov_117 | 2.849403105600147 × 10^288 |
| 116 | ov_116 | 4.062977830276303 × 10^288 |
| 115 | ov_115 | 5.773032794024555 × 10^288 |
| 114 | ov_114 | 8.10723566807851 × 10^288 |
| 113 | ov_113 | 1.1202814672008675 × 10^289 |
| 112 | ov_112 | 1.520663992692 × 10^289 |
| 111 | ov_111 | 2.02753341237935 × 10^289 |
| 110 | ov_110 | 2.657541972273498 × 10^289 |
| 109 | ov_109 | 3.4283510551775093 × 10^289 |
| 108 | ov_108 | 4.358655632797389 × 10^289 |
| 107 | ov_107 | 5.46821492797581 × 10^289 |
| 106 | ov_106 | 6.777890270889991 × 10^289 |
| 105 | ov_105 | 8.309691199502231 × 10^289 |
| 104 | ov_104 | 1.008683092171794 × 10^290 |
| 103 | ov_103 | 1.21337923248646 × 10^290 |
| 102 | ov_102 | 1.4476405787589067 × 10^290 |
| 101 | ov_101 | 1.7141940120477341 × 10^290 |
| 100 | ov_100 | 2.0159208035094083 × 10^290 |
| 99 | ov_099 | 2.3558687617258998 × 10^290 |
| 98 | ov_098 | 2.355872706657773 × 10^290 |
| 97 | ov_097 | 2.3558850639981466 × 10^290 |
| 96 | aaa_78_29 | 4.362736542004512 × 10^290 |
| 95 | aaa_78_28 | 1.4369714840727737 × 10^291 |
| 94 | ov_094 | 4.687439587084718 × 10^291 |
| 93 | ov_093 | 1.1028143740880891 × 10^292 |
| 92 | ov_092 | 2.2233760845691552 × 10^292 |
| 91 | ov_091 | 4.057691324899777 × 10^292 |
| 90 | ov_090 | 6.882819382803813 × 10^292 |
| 89 | ov_089 | 1.102562274260899 × 10^293 |
| 88 | ov_088 | 1.6862779587769 × 10^293 |
| 87 | ov_087 | 2.51974842248611 × 10^293 |
| 86 | ov_086 | 3.693264250692216 × 10^293 |
| 85 | ov_085 | 5.307096034618233 × 10^293 |
| 84 | ov_084 | 7.471507033597648 × 10^293 |
| 83 | ov_083 | 1.0306770398681522 × 10^294 |
| 82 | ov_082 | 1.3943191708342092 × 10^294 |
| 81 | ov_081 | 1.8521138371985565 × 10^294 |
| 64 | lv_79_m31 | 2.399432176922925 × 10^294 |
| 80 | ov_080 | 2.419107996560431 × 10^294 |
| 79 | ov_079 | 3.111364635489185 × 10^294 |
| 78 | ov_078 | 3.945971192574857 × 10^294 |
| 77 | ov_077 | 4.941051499795927 × 10^294 |
| 76 | ov_076 | 6.115782225661278 × 10^294 |
| 75 | ov_075 | 7.490414879874244 × 10^294 |
| 74 | ov_074 | 9.086304516129978 × 10^294 |
| 73 | ov_073 | 1.0925946347302488 × 10^295 |
| 63 | ov_063 | 1.2315752226585656 × 10^295 |
| 72 | ov_072 | 1.3033021565969522 × 10^295 |
| 71 | ov_071 | 1.5432453743286873 × 10^295 |
| 70 | ov_070 | 1.8150477261049367 × 10^295 |
| 69 | ov_069 | 2.1214719315825167 × 10^295 |
| 68 | ov_068 | 2.4654297120860553 × 10^295 |
| 67 | ov_067 | 2.849993202164296 × 10^295 |
| 66 | ov_066 | 2.849995249125699 × 10^295 |
| 65 | ov_065 | 2.850003732623372 × 10^295 |
| 62 | ov_062 | 6.319934504021203 × 10^295 |
| 61 | ov_061 | 2.304216027348196 × 10^296 |
| 60 | ov_060 | 6.5974947490465184 × 10^296 |
| 59 | ov_059 | 1.5922653694566324 × 10^297 |
| 58 | ov_058 | 3.232190996127939 × 10^297 |
| 57 | ov_057 | 5.840817615580958 × 10^297 |
| 56 | ov_056 | 9.736508434285458 × 10^297 |
| 55 | ov_055 | 1.5294705165941004 × 10^298 |
| 54 | ov_054 | 2.2947942311073321 × 10^298 |
| 53 | ov_053 | 3.318587429579665 × 10^298 |
| 52 | ov_052 | 4.704497699469001 × 10^298 |
| 51 | ov_051 | 6.5676136472598 × 10^298 |
| 50 | ov_050 | 9.034484140739241 × 10^298 |
| 49 | ov_049 | 1.224314688510582 × 10^299 |
| 48 | ov_048 | 1.6343169523876754 × 10^299 |
| 47 | ov_047 | 2.149570803407832 × 10^299 |
| 32 | lv_80_m31 | 2.63446831324128 × 10^299 |
| 46 | ov_046 | 2.7873588913509698 × 10^299 |
| 45 | ov_045 | 3.5661422782856194 × 10^299 |
| 44 | ov_044 | 4.505575782442604 × 10^299 |
| 43 | ov_043 | 5.626528227949429 × 10^299 |
| 42 | ov_042 | 6.951108602805941 × 10^299 |
| 41 | ov_041 | 8.502699207877515 × 10^299 |
| 40 | ov_040 | 1.0293982866060906 × 10^300 |
| 39 | ov_039 | 1.233833899050899 × 10^300 |
| 31 | ov_031 | 1.3512469095063098 × 10^300 |
| 38 | ov_038 | 1.46632565638993 × 10^300 |
| 37 | ov_037 | 1.729772487734523 × 10^300 |
| 36 | ov_036 | 2.0272320718653853 × 10^300 |
| 35 | ov_035 | 2.3619310764687926 × 10^300 |
| 34 | ov_034 | 2.7372770842769095 × 10^300 |
| 33 | ov_033 | 3.1568723815979704 × 10^300 |
| 30 | ov_030 | 6.929524979780778 × 10^300 |
| 29 | ov_029 | 2.267278073341163 × 10^301 |
| 28 | ov_028 | 5.885667520922504 × 10^301 |
| 27 | ov_027 | 1.3157256981032224 × 10^302 |
| 26 | ov_026 | 2.6314713634366826 × 10^302 |
| 25 | ov_025 | 4.821424301828526 × 10^302 |
| 24 | ov_024 | 8.233561692499972 × 10^302 |
| 23 | ov_023 | 1.362620266710133 × 10^303 |
| 22 | ov_022 | 2.1882415489332436 × 10^303 |
| 21 | ov_021 | 3.401007648584449 × 10^303 |
| 20 | ov_020 | 5.1141977604870044 × 10^303 |
| 19 | ov_019 | 7.453600216307609 × 10^303 |
| 18 | ov_018 | 1.0557539196767082 × 10^304 |
| 17 | ov_017 | 1.4576913356701149 × 10^304 |
| 16 | ov_016 | 1.9675249595009815 × 10^304 |
| 15 | ov_015 | 2.6028776148079975 × 10^304 |
| 14 | ov_014 | 3.382652116860092 × 10^304 |
| 13 | ov_013 | 4.327044510711812 × 10^304 |
| 12 | ov_012 | 5.457561656242682 × 10^304 |
| 11 | ov_011 | 6.797044218509775 × 10^304 |
| 10 | ov_010 | 8.369696213948478 × 10^304 |
| 9 | ov_009 | 1.0201122355471442 × 10^305 |
| 8 | ov_008 | 1.231837453260717 × 10^305 |
| 7 | ov_007 | 1.4750008856710424 × 10^305 |
| 6 | ov_006 | 1.7526154796253146 × 10^305 |
| 5 | ov_005 | 2.0678598023624112 × 10^305 |
| 4 | ov_004 | 2.424087869316239 × 10^305 |
| 3 | ov_003 | 2.8248406850700145 × 10^305 |
| 2 | ov_002 | 3.2738596411474166 × 10^305 |
| 1 | ov_001 | 3.7751018997008595 × 10^305 |

