# Results for F001-F002-F003-F004-F005-F006-F007-F008-F009-F010-F011-F012-F013-F014-F015-F016-F017-F018-F019-F020-F021-F022-F023-F024-F025-F026-F027-F028-F029-F030-F031-F032-F033-F034-F035-F036-F037-F038-F039-F040-F041-F042-F043-F044-F045-F046-F047-F048-F049-F050-F051-F052-F053-F054-F055-F056-F057-F058-F059-F060-F061-F062-F063-F064-F065-F066-F067-F068-F069-F070-F071-F072-F073-F074-F075-F076-F077-F078-F079-F080-F081-F082-F083-F084-F085-F086-F087-F088-F089-F090-F091-F092-F093-F094-F095-F096-F097-F098-F099-F100-F101-F102-F103-F104-F105-F106-F107-F108-F109-F110-F111-F112-F113-F114-F115-F116-F117-F118-F119-F120-F121-F122-F123-F124-F125-F126-F127-F128-F129-F130-F131-F132-F133-F134-F135-F136-F137-F138-F139-F140-F141-F142-F143-F144-F145-F146-F147-F148-F149-F150-F151-F152-F153-F154-F155-F156-F157-F158-F159-F160-F161-F162-F163-F164-F165-F166-F167-F168-F169-F170-F171-F172-F173-F174-F175-F176-F177-F178-F179-F180-F181-F182-F183-F184-F185-F186-F187-F188-F189-F190-F191-F192-F193-F194-F195-F196-F197-F198-F199-F200-F201-F202-F203-F204-F205-F206-F207-F208-F209-F210-F211-F212-F213-F214-F215-F216-F217-F218-F219-F220-F221-F222-F223-F224-F225-F226-F227-F228-F229-F230-F231-F232-F233-F234-F235-F236-F237-F238-F239-F240-F241-F242-F243-F244-F245-F246-F247-F248-F249-F250-F251-F252-F253-F254-F255-F256-F257-F258-F259-F260-F261-F262-F263-F264-F265-F266-F267-F268-F269-F270-F271-F272-F273-F274-F275-F276-F277-F278-F279-F280-F281-F282-F283-F284-F285-F286-F287-F288-F289-F290-F291-F292-F293-F294-F295-F296-F297-F298-F299-F300-F301-F302-F303-F304-F305-F306-F307-F308-F309-F310-F311-F312-F313-F314-F315-F316-F317-F318-F319-F320-F321-F322-F323-F324-F325-F326-F327-F328-F329-F330-F331-F332-F333-F334-F335-F336-F337-F338-F339-F340-F341-F342-F343-F344-F345-F346-F347-F348-F349-F350-F351-F352-F353-F354-F355-F356-F357-F358-F359-F360-F361-F362-F363-F364-F365-F366-F367-F368-F369-F370-F371-F372-F373-F374-F375-F376-F377-F378-F379-F380-F381-F382-F383-F384-F385-F386-F387-F388-F389-F390-F391-F392-F393-F394-F395-F396-F397-F398-F399-F400-F401-F402-F403-F404-F405-F406-F407-F408-F409-F410-F411-F412-F413-F414-F415-F416-F417-F418-F419-F420-F421-F422-F423-F424-F425-F426-F427-F428-F429-F430-F431-F432-F433-F434-F435-F436-F437-F438-F439-F440-F441-F442-F443-F444-F445-F446-F447-F448-F449-F450-F451-F452-F453-F454-F455-F456-F457-F458-F459-F460-F461-F462-F463-F464-F465-F466-F467-F468-F469-F470-F471-F472-F473-F474-F475-F476-F477-F478-F479-F480-F481-F482-F483-F484-F485-F486-F487-F488-F489-F490-F491-F492-F493-F494-F495-F496-O500505-F509-F510-F512

## Summary

Number of input bits: 512  
Number of free input bits: 12  
Number of output bits: 160

Number of direct occurrences: 48997  
Number of assignments: 31586  
Number of operations: 11204951
(xor: 11176547,
and: 14964,
or: 13440)

Total complexity: 7.559552345572414 × 10^300

Least occurring input variable: iv_502 (3845)  
Most occurring input variable: iv_511 (4321)

Most co-occurring input variables: iv_500-iv_511 (2103)  
Least co-occurring input variables: iv_499-iv_502 (1735)

Potentially most occurring input variable: iv_507/iv_511 (4485)  
Potentially least occurring input variable: iv_499/iv_504 (4166)

Least output occurring input variable: iv_502 (71)  
Most output occurring input variable: iv_497 (93)

Most output co-occurring input variables: iv_497-iv_506 (51)  
Least output co-occurring input variables: iv_499-iv_504 (30)

Potentially most output occurring input variable: iv_500/iv_507 (90)  
Potentially least output occurring input variable: iv_508/iv_511 (64)

Least complex input bit: iv_511 (1.0904447313189457 × 10^297)  
Most complex input bit: iv_500 (1.7483332108444622 × 10^300)

Least complex output bit: aaa_76_29 (1.458835960250191 × 10^276)  
Most complex output bit: ov_001 (1.1818139336251923 × 10^300)

Least complex input/output complexity: iv_511/aaa_76_29 (2.1043309365337545 × 10^272)  
Most complex input/output complexity: iv_500/ov_001 (2.733236645164339 × 10^299)

## Input Bits

### Input Bits in Regular Order

| Input Bit | Complexity | Occurrences | Output Occurrences |
|:---------:|:----------:|:-----------:|:------------------:|
| iv_497 | 2.650877487443901 × 10^298 | 4150 | 93 |
| iv_498 | 5.307490632165349 × 10^298 | 3953 | 88 |
| iv_499 | 9.382022733192793 × 10^298 | 3920 | 72 |
| iv_500 | 1.7483332108444622 × 10^300 | 4320 | 82 |
| iv_501 | 2.6139683792958684 × 10^299 | 4101 | 83 |
| iv_502 | 4.224237782668645 × 10^299 | 3845 | 71 |
| iv_503 | 6.699409366048713 × 10^299 | 4071 | 79 |
| iv_504 | 1.0415303551404824 × 10^300 | 3946 | 71 |
| iv_506 | 7.962254579906682 × 10^299 | 3995 | 81 |
| iv_507 | 1.1326226859341741 × 10^300 | 4200 | 76 |
| iv_508 | 1.312584729601972 × 10^300 | 4175 | 78 |
| iv_511 | 1.0904447313189457 × 10^297 | 4321 | 80 |

### Input Bits Sorted by Complexity

| Input Bit | Complexity | Occurrences | Output Occurrences |
|:---------:|:----------:|:-----------:|:------------------:|
| iv_511 | 1.0904447313189457 × 10^297 | 4321 | 80 |
| iv_497 | 2.650877487443901 × 10^298 | 4150 | 93 |
| iv_498 | 5.307490632165349 × 10^298 | 3953 | 88 |
| iv_499 | 9.382022733192793 × 10^298 | 3920 | 72 |
| iv_501 | 2.6139683792958684 × 10^299 | 4101 | 83 |
| iv_502 | 4.224237782668645 × 10^299 | 3845 | 71 |
| iv_503 | 6.699409366048713 × 10^299 | 4071 | 79 |
| iv_506 | 7.962254579906682 × 10^299 | 3995 | 81 |
| iv_504 | 1.0415303551404824 × 10^300 | 3946 | 71 |
| iv_507 | 1.1326226859341741 × 10^300 | 4200 | 76 |
| iv_508 | 1.312584729601972 × 10^300 | 4175 | 78 |
| iv_500 | 1.7483332108444622 × 10^300 | 4320 | 82 |

### Input Bits Sorted by Occurrences

| Input Bit | Complexity | Occurrences | Output Occurrences |
|:---------:|:----------:|:-----------:|:------------------:|
| iv_502 | 4.224237782668645 × 10^299 | 3845 | 71 |
| iv_499 | 9.382022733192793 × 10^298 | 3920 | 72 |
| iv_504 | 1.0415303551404824 × 10^300 | 3946 | 71 |
| iv_498 | 5.307490632165349 × 10^298 | 3953 | 88 |
| iv_506 | 7.962254579906682 × 10^299 | 3995 | 81 |
| iv_503 | 6.699409366048713 × 10^299 | 4071 | 79 |
| iv_501 | 2.6139683792958684 × 10^299 | 4101 | 83 |
| iv_497 | 2.650877487443901 × 10^298 | 4150 | 93 |
| iv_508 | 1.312584729601972 × 10^300 | 4175 | 78 |
| iv_507 | 1.1326226859341741 × 10^300 | 4200 | 76 |
| iv_500 | 1.7483332108444622 × 10^300 | 4320 | 82 |
| iv_511 | 1.0904447313189457 × 10^297 | 4321 | 80 |

### Input Bits Sorted by Output Occurrences

| Input Bit | Complexity | Occurrences | Output Occurrences |
|:---------:|:----------:|:-----------:|:------------------:|
| iv_502 | 4.224237782668645 × 10^299 | 3845 | 71 |
| iv_504 | 1.0415303551404824 × 10^300 | 3946 | 71 |
| iv_499 | 9.382022733192793 × 10^298 | 3920 | 72 |
| iv_507 | 1.1326226859341741 × 10^300 | 4200 | 76 |
| iv_508 | 1.312584729601972 × 10^300 | 4175 | 78 |
| iv_503 | 6.699409366048713 × 10^299 | 4071 | 79 |
| iv_511 | 1.0904447313189457 × 10^297 | 4321 | 80 |
| iv_506 | 7.962254579906682 × 10^299 | 3995 | 81 |
| iv_500 | 1.7483332108444622 × 10^300 | 4320 | 82 |
| iv_501 | 2.6139683792958684 × 10^299 | 4101 | 83 |
| iv_498 | 5.307490632165349 × 10^298 | 3953 | 88 |
| iv_497 | 2.650877487443901 × 10^298 | 4150 | 93 |

## Input Bit Co-occurrences

### Input Bit Co-occurrences Sorted by Co-occurrences

| Input Bits | Co-occurrences | Potential Occurrences | Output Co-occurrences | Potential Output Occurrences |
|:----------:|:--------------:|:---------------------:|:---------------------:|:----------------------------:|
| iv_500-iv_511 | 2103 | 4435 | 42 | 78 |
| iv_500-iv_507 | 2059 | 4402 | 34 | 90 |
| iv_497-iv_507 | 2052 | 4246 | 44 | 81 |
| iv_497-iv_500 | 2046 | 4378 | 45 | 85 |
| iv_501-iv_511 | 2039 | 4344 | 39 | 85 |
| iv_500-iv_501 | 2036 | 4349 | 42 | 81 |
| iv_503-iv_511 | 2032 | 4328 | 41 | 77 |
| iv_508-iv_511 | 2025 | 4446 | 47 | 64 |
| iv_507-iv_511 | 2018 | 4485 | 39 | 78 |
| iv_497-iv_511 | 2014 | 4443 | 47 | 79 |
| iv_497-iv_501 | 2010 | 4231 | 48 | 80 |
| iv_500-iv_508 | 2008 | 4479 | 39 | 82 |

### Input Bit Co-occurrences Sorted by Potential Occurrences

| Input Bits | Co-occurrences | Potential Occurrences | Output Co-occurrences | Potential Output Occurrences |
|:----------:|:--------------:|:---------------------:|:---------------------:|:----------------------------:|
| iv_499-iv_504 | 1850 | 4166 | 30 | 83 |
| iv_504-iv_506 | 1885 | 4171 | 38 | 76 |
| iv_499-iv_503 | 1904 | 4183 | 40 | 71 |
| iv_506-iv_507 | 2005 | 4185 | 39 | 79 |
| iv_498-iv_504 | 1843 | 4213 | 40 | 79 |
| iv_497-iv_504 | 1941 | 4214 | 44 | 76 |
| iv_498-iv_499 | 1827 | 4219 | 44 | 72 |
| iv_498-iv_506 | 1860 | 4228 | 41 | 87 |
| iv_502-iv_504 | 1781 | 4229 | 33 | 76 |
| iv_497-iv_501 | 2010 | 4231 | 48 | 80 |
| iv_499-iv_508 | 1932 | 4231 | 37 | 76 |
| iv_499-iv_501 | 1892 | 4237 | 33 | 89 |

### Input Bit Output Co-occurrences Sorted by Output Co-occurrences

| Input Bits | Co-occurrences | Potential Occurrences | Output Co-occurrences | Potential Output Occurrences |
|:----------:|:--------------:|:---------------------:|:---------------------:|:----------------------------:|
| iv_497-iv_506 | 1951 | 4243 | 51 | 72 |
| iv_497-iv_498 | 1897 | 4309 | 50 | 81 |
| iv_498-iv_501 | 1879 | 4296 | 48 | 75 |
| iv_497-iv_501 | 2010 | 4231 | 48 | 80 |
| iv_497-iv_503 | 1952 | 4317 | 48 | 76 |
| iv_508-iv_511 | 2025 | 4446 | 47 | 64 |
| iv_497-iv_511 | 2014 | 4443 | 47 | 79 |
| iv_498-iv_503 | 1841 | 4342 | 45 | 77 |
| iv_497-iv_500 | 2046 | 4378 | 45 | 85 |
| iv_498-iv_500 | 1954 | 4365 | 45 | 80 |
| iv_497-iv_504 | 1941 | 4214 | 44 | 76 |
| iv_497-iv_507 | 2052 | 4246 | 44 | 81 |

### Input Bit Output Co-occurrences Sorted by Potential Output Occurrences

| Input Bits | Co-occurrences | Potential Occurrences | Output Co-occurrences | Potential Output Occurrences |
|:----------:|:--------------:|:---------------------:|:---------------------:|:----------------------------:|
| iv_508-iv_511 | 2025 | 4446 | 47 | 64 |
| iv_499-iv_503 | 1904 | 4183 | 40 | 71 |
| iv_497-iv_506 | 1951 | 4243 | 51 | 72 |
| iv_499-iv_500 | 1968 | 4304 | 41 | 72 |
| iv_499-iv_507 | 1923 | 4274 | 38 | 72 |
| iv_498-iv_499 | 1827 | 4219 | 44 | 72 |
| iv_498-iv_501 | 1879 | 4296 | 48 | 75 |
| iv_501-iv_508 | 1948 | 4380 | 43 | 75 |
| iv_502-iv_507 | 1888 | 4269 | 36 | 75 |
| iv_502-iv_504 | 1781 | 4229 | 33 | 76 |
| iv_497-iv_504 | 1941 | 4214 | 44 | 76 |
| iv_504-iv_506 | 1885 | 4171 | 38 | 76 |

## Output Bits

### Output Bits in Regular Order

| Rank | Output Bit | Complexity |
|:----:|:----------:|:----------:|
| 1 | ov_001 | 1.1818139336251923 × 10^300 |
| 2 | ov_002 | 1.0283821957478796 × 10^300 |
| 3 | ov_003 | 8.906323251395484 × 10^299 |
| 4 | ov_004 | 7.673887795268607 × 10^299 |
| 5 | ov_005 | 6.575404308276052 × 10^299 |
| 6 | ov_006 | 5.600359781939066 × 10^299 |
| 7 | ov_007 | 4.738799451250921 × 10^299 |
| 8 | ov_008 | 3.981292231021465 × 10^299 |
| 9 | ov_009 | 3.3189011996411177 × 10^299 |
| 10 | ov_010 | 2.7431586360670274 × 10^299 |
| 11 | ov_011 | 2.246045110350577 × 10^299 |
| 12 | ov_012 | 1.8199721567417717 × 10^299 |
| 13 | ov_013 | 1.4577680865398921 × 10^299 |
| 14 | ov_014 | 1.152666525539058 × 10^299 |
| 15 | ov_015 | 8.98297288248824 × 10^298 |
| 16 | ov_016 | 6.886792281410571 × 10^298 |
| 17 | ov_017 | 5.182147300551641 × 10^298 |
| 18 | ov_018 | 3.81685537639007 × 10^298 |
| 19 | ov_019 | 2.7424963535459776 × 10^298 |
| 20 | ov_020 | 1.9143894371716119 × 10^298 |
| 21 | ov_021 | 1.2915764897889788 × 10^298 |
| 22 | ov_022 | 8.368103678103456 × 10^297 |
| 23 | ov_023 | 5.1654708291102776 × 10^297 |
| 24 | ov_024 | 3.0094070596200804 × 10^297 |
| 25 | ov_025 | 1.6384024846994822 × 10^297 |
| 26 | ov_026 | 8.278795410104091 × 10^296 |
| 27 | ov_027 | 3.901849474601144 × 10^296 |
| 28 | ov_028 | 1.7458653496916982 × 10^296 |
| 29 | ov_029 | 6.7272225874805 × 10^295 |
| 30 | ov_030 | 2.0565951192156454 × 10^295 |
| 31 | ov_031 | 4.01154446123675 × 10^294 |
| 32 | lv_80_m31 | 7.82355845211537 × 10^293 |
| 33 | ov_033 | 9.41931852385445 × 10^294 |
| 34 | ov_034 | 8.179324077907742 × 10^294 |
| 35 | ov_035 | 7.068934064492161 × 10^294 |
| 36 | ov_036 | 6.077645039764219 × 10^294 |
| 37 | ov_037 | 5.1955239596173054 × 10^294 |
| 38 | ov_038 | 4.413168114343672 × 10^294 |
| 39 | ov_039 | 3.7216703977332584 × 10^294 |
| 40 | ov_040 | 3.1125893976665005 × 10^294 |
| 41 | ov_041 | 2.577923826543379 × 10^294 |
| 42 | ov_042 | 2.1137801321607154 × 10^294 |
| 43 | ov_043 | 1.7164690219100982 × 10^294 |
| 44 | ov_044 | 1.3791929508827164 × 10^294 |
| 45 | ov_045 | 1.0955269949928032 × 10^294 |
| 46 | ov_046 | 8.59408747545577 × 10^293 |
| 47 | ov_047 | 6.6513024461834765 × 10^293 |
| 48 | ov_048 | 5.073316211007982 × 10^293 |
| 49 | ov_049 | 3.809962222571869 × 10^293 |
| 50 | ov_050 | 2.814469182647941 × 10^293 |
| 51 | ov_051 | 2.0434339144318967 × 10^293 |
| 52 | ov_052 | 1.4568018789923017 × 10^293 |
| 53 | ov_053 | 1.017853560854046 × 10^293 |
| 54 | ov_054 | 6.931953436094101 × 10^292 |
| 55 | ov_055 | 4.5275371270777655 × 10^292 |
| 56 | ov_056 | 2.8232138387599423 × 10^292 |
| 57 | ov_057 | 1.693486817588492 × 10^292 |
| 58 | ov_058 | 9.370633957716684 × 10^291 |
| 59 | ov_059 | 4.615793375072418 × 10^291 |
| 60 | ov_060 | 1.912326889207574 × 10^291 |
| 61 | ov_061 | 6.6783072322614886 × 10^290 |
| 62 | ov_062 | 1.8315916275782292 × 10^290 |
| 63 | ov_063 | 3.5691239720279784 × 10^289 |
| 64 | lv_79_m31 | 6.953522263728784 × 10^288 |
| 65 | ov_065 | 8.337099812918159 × 10^289 |
| 66 | ov_066 | 8.337074402078514 × 10^289 |
| 67 | ov_067 | 8.337068183148827 × 10^289 |
| 68 | ov_068 | 7.219122890193711 × 10^289 |
| 69 | ov_069 | 6.220683426139678 × 10^289 |
| 70 | ov_070 | 5.332123311916886 × 10^289 |
| 71 | ov_071 | 4.544408247750687 × 10^289 |
| 72 | ov_072 | 3.8490560205538673 × 10^289 |
| 73 | ov_073 | 3.23809995872177 × 10^289 |
| 74 | ov_074 | 2.7040557458558606 × 10^289 |
| 75 | ov_075 | 2.239891412315106 × 10^289 |
| 76 | ov_076 | 1.839000329564932 × 10^289 |
| 77 | ov_077 | 1.495177037224262 × 10^289 |
| 78 | ov_078 | 1.2025957366672637 × 10^289 |
| 79 | ov_079 | 9.557912881602011 × 10^288 |
| 80 | ov_080 | 7.496425509324349 × 10^288 |
| 81 | ov_081 | 5.793579074151491 × 10^288 |
| 82 | ov_082 | 4.40462814242409 × 10^288 |
| 83 | ov_083 | 3.287892235956523 × 10^288 |
| 84 | ov_084 | 2.4046671916897134 × 10^288 |
| 85 | ov_085 | 1.7191521150700405 × 10^288 |
| 86 | ov_086 | 1.1983903777732924 × 10^288 |
| 87 | ov_087 | 8.12223112345571 × 10^287 |
| 88 | ov_088 | 5.33253657523761 × 10^287 |
| 89 | ov_089 | 3.36821408688026 × 10^287 |
| 90 | ov_090 | 2.009835282653936 × 10^287 |
| 91 | ov_091 | 1.154461959953687 × 10^287 |
| 92 | ov_092 | 6.367096738877559 × 10^286 |
| 93 | ov_093 | 3.1814134079780215 × 10^286 |
| 94 | ov_094 | 1.3627207275596632 × 10^286 |
| 95 | aaa_78_28 | 4.2079077932638523 × 10^285 |
| 96 | aaa_78_29 | 1.2922487940542243 × 10^285 |
| 97 | ov_097 | 8.532433221938839 × 10^284 |
| 98 | ov_098 | 8.532175755296477 × 10^284 |
| 99 | ov_099 | 8.53209334776464 × 10^284 |
| 100 | ov_100 | 7.677110574853688 × 10^284 |
| 101 | ov_101 | 6.885399553322758 × 10^284 |
| 102 | ov_102 | 6.153462658507284 × 10^284 |
| 103 | ov_103 | 5.47805760239606 × 10^284 |
| 104 | ov_104 | 4.856164633051139 × 10^284 |
| 105 | ov_105 | 4.284956704460418 × 10^284 |
| 106 | ov_106 | 3.7617724619713205 × 10^284 |
| 107 | ov_107 | 3.284091894203113 × 10^284 |
| 108 | ov_108 | 2.8495145069974046 × 10^284 |
| 109 | ov_109 | 2.4557398786883568 × 10^284 |
| 110 | ov_110 | 2.1005504588862447 × 10^284 |
| 111 | ov_111 | 1.781796475194768 × 10^284 |
| 112 | ov_112 | 1.497382813939704 × 10^284 |
| 113 | ov_113 | 1.2452577421802393 × 10^284 |
| 114 | ov_114 | 1.023403339101824 × 10^284 |
| 115 | ov_115 | 8.298275054385031 × 10^283 |
| 116 | ov_116 | 6.62557419921343 × 10^283 |
| 117 | ov_117 | 5.196343119626167 × 10^283 |
| 118 | ov_118 | 3.991094199114127 × 10^283 |
| 119 | ov_119 | 2.9904089689578 × 10^283 |
| 120 | ov_120 | 2.174914263071478 × 10^283 |
| 121 | ov_121 | 1.5252652379105628 × 10^283 |
| 122 | ov_122 | 1.022134441695355 × 10^283 |
| 123 | ov_123 | 6.462046219594261 × 10^282 |
| 124 | ov_124 | 3.7816387122974073 × 10^282 |
| 125 | ov_125 | 1.9870261784101073 × 10^282 |
| 126 | ov_126 | 8.851208988430094 × 10^281 |
| 127 | aaa_77_28 | 2.8283725122746563 × 10^281 |
| 128 | aaa_77_29 | 1.061516527047345 × 10^281 |
| 129 | ov_129 | 9.85543840536678 × 10^280 |
| 130 | ov_130 | 9.855409979295814 × 10^280 |
| 131 | ov_131 | 9.855403102375358 × 10^280 |
| 132 | ov_132 | 8.564406635778608 × 10^280 |
| 133 | ov_133 | 7.404962695467774 × 10^280 |
| 134 | ov_134 | 6.366828270120681 × 10^280 |
| 135 | ov_135 | 5.440312483416842 × 10^280 |
| 136 | ov_136 | 4.616237164986336 × 10^280 |
| 137 | ov_137 | 3.890136829273662 × 10^280 |
| 138 | ov_138 | 3.253761401310788 × 10^280 |
| 139 | ov_139 | 2.699285443235101 × 10^280 |
| 140 | ov_140 | 2.2192872717334378 × 10^280 |
| 141 | ov_141 | 1.8067315755913468 × 10^280 |
| 142 | ov_142 | 1.4549551277368647 × 10^280 |
| 143 | ov_143 | 1.1576552099067824 × 10^280 |
| 144 | ov_144 | 9.088803915443039 × 10^279 |
| 145 | ov_145 | 7.030233278379017 × 10^279 |
| 146 | ov_146 | 5.348152649907762 × 10^279 |
| 147 | ov_147 | 3.993219639107391 × 10^279 |
| 148 | ov_148 | 2.9194077656014136 × 10^279 |
| 149 | ov_149 | 2.0839863222326422 × 10^279 |
| 150 | ov_150 | 1.447507139460764 × 10^279 |
| 151 | ov_151 | 9.73796283875955 × 10^278 |
| 152 | ov_152 | 6.299490328811083 × 10^278 |
| 153 | ov_153 | 3.8632692265375104 × 10^278 |
| 154 | ov_154 | 2.1655607846667927 × 10^278 |
| 155 | ov_155 | 1.0826555796561822 × 10^278 |
| 156 | aaa_76_25 | 4.160828323656813 × 10^277 |
| 157 | aaa_76_26 | 2.403572134240719 × 10^277 |
| 158 | aaa_76_27 | 1.230825423768419 × 10^277 |
| 159 | aaa_76_28 | 4.794555422564114 × 10^276 |
| 160 | aaa_76_29 | 1.458835960250191 × 10^276 |

### Output Bits Sorted by Complexity

| Rank | Output Bit | Complexity |
|:----:|:----------:|:----------:|
| 160 | aaa_76_29 | 1.458835960250191 × 10^276 |
| 159 | aaa_76_28 | 4.794555422564114 × 10^276 |
| 158 | aaa_76_27 | 1.230825423768419 × 10^277 |
| 157 | aaa_76_26 | 2.403572134240719 × 10^277 |
| 156 | aaa_76_25 | 4.160828323656813 × 10^277 |
| 155 | ov_155 | 1.0826555796561822 × 10^278 |
| 154 | ov_154 | 2.1655607846667927 × 10^278 |
| 153 | ov_153 | 3.8632692265375104 × 10^278 |
| 152 | ov_152 | 6.299490328811083 × 10^278 |
| 151 | ov_151 | 9.73796283875955 × 10^278 |
| 150 | ov_150 | 1.447507139460764 × 10^279 |
| 149 | ov_149 | 2.0839863222326422 × 10^279 |
| 148 | ov_148 | 2.9194077656014136 × 10^279 |
| 147 | ov_147 | 3.993219639107391 × 10^279 |
| 146 | ov_146 | 5.348152649907762 × 10^279 |
| 145 | ov_145 | 7.030233278379017 × 10^279 |
| 144 | ov_144 | 9.088803915443039 × 10^279 |
| 143 | ov_143 | 1.1576552099067824 × 10^280 |
| 142 | ov_142 | 1.4549551277368647 × 10^280 |
| 141 | ov_141 | 1.8067315755913468 × 10^280 |
| 140 | ov_140 | 2.2192872717334378 × 10^280 |
| 139 | ov_139 | 2.699285443235101 × 10^280 |
| 138 | ov_138 | 3.253761401310788 × 10^280 |
| 137 | ov_137 | 3.890136829273662 × 10^280 |
| 136 | ov_136 | 4.616237164986336 × 10^280 |
| 135 | ov_135 | 5.440312483416842 × 10^280 |
| 134 | ov_134 | 6.366828270120681 × 10^280 |
| 133 | ov_133 | 7.404962695467774 × 10^280 |
| 132 | ov_132 | 8.564406635778608 × 10^280 |
| 131 | ov_131 | 9.855403102375358 × 10^280 |
| 130 | ov_130 | 9.855409979295814 × 10^280 |
| 129 | ov_129 | 9.85543840536678 × 10^280 |
| 128 | aaa_77_29 | 1.061516527047345 × 10^281 |
| 127 | aaa_77_28 | 2.8283725122746563 × 10^281 |
| 126 | ov_126 | 8.851208988430094 × 10^281 |
| 125 | ov_125 | 1.9870261784101073 × 10^282 |
| 124 | ov_124 | 3.7816387122974073 × 10^282 |
| 123 | ov_123 | 6.462046219594261 × 10^282 |
| 122 | ov_122 | 1.022134441695355 × 10^283 |
| 121 | ov_121 | 1.5252652379105628 × 10^283 |
| 120 | ov_120 | 2.174914263071478 × 10^283 |
| 119 | ov_119 | 2.9904089689578 × 10^283 |
| 118 | ov_118 | 3.991094199114127 × 10^283 |
| 117 | ov_117 | 5.196343119626167 × 10^283 |
| 116 | ov_116 | 6.62557419921343 × 10^283 |
| 115 | ov_115 | 8.298275054385031 × 10^283 |
| 114 | ov_114 | 1.023403339101824 × 10^284 |
| 113 | ov_113 | 1.2452577421802393 × 10^284 |
| 112 | ov_112 | 1.497382813939704 × 10^284 |
| 111 | ov_111 | 1.781796475194768 × 10^284 |
| 110 | ov_110 | 2.1005504588862447 × 10^284 |
| 109 | ov_109 | 2.4557398786883568 × 10^284 |
| 108 | ov_108 | 2.8495145069974046 × 10^284 |
| 107 | ov_107 | 3.284091894203113 × 10^284 |
| 106 | ov_106 | 3.7617724619713205 × 10^284 |
| 105 | ov_105 | 4.284956704460418 × 10^284 |
| 104 | ov_104 | 4.856164633051139 × 10^284 |
| 103 | ov_103 | 5.47805760239606 × 10^284 |
| 102 | ov_102 | 6.153462658507284 × 10^284 |
| 101 | ov_101 | 6.885399553322758 × 10^284 |
| 100 | ov_100 | 7.677110574853688 × 10^284 |
| 99 | ov_099 | 8.53209334776464 × 10^284 |
| 98 | ov_098 | 8.532175755296477 × 10^284 |
| 97 | ov_097 | 8.532433221938839 × 10^284 |
| 96 | aaa_78_29 | 1.2922487940542243 × 10^285 |
| 95 | aaa_78_28 | 4.2079077932638523 × 10^285 |
| 94 | ov_094 | 1.3627207275596632 × 10^286 |
| 93 | ov_093 | 3.1814134079780215 × 10^286 |
| 92 | ov_092 | 6.367096738877559 × 10^286 |
| 91 | ov_091 | 1.154461959953687 × 10^287 |
| 90 | ov_090 | 2.009835282653936 × 10^287 |
| 89 | ov_089 | 3.36821408688026 × 10^287 |
| 88 | ov_088 | 5.33253657523761 × 10^287 |
| 87 | ov_087 | 8.12223112345571 × 10^287 |
| 86 | ov_086 | 1.1983903777732924 × 10^288 |
| 85 | ov_085 | 1.7191521150700405 × 10^288 |
| 84 | ov_084 | 2.4046671916897134 × 10^288 |
| 83 | ov_083 | 3.287892235956523 × 10^288 |
| 82 | ov_082 | 4.40462814242409 × 10^288 |
| 81 | ov_081 | 5.793579074151491 × 10^288 |
| 64 | lv_79_m31 | 6.953522263728784 × 10^288 |
| 80 | ov_080 | 7.496425509324349 × 10^288 |
| 79 | ov_079 | 9.557912881602011 × 10^288 |
| 78 | ov_078 | 1.2025957366672637 × 10^289 |
| 77 | ov_077 | 1.495177037224262 × 10^289 |
| 76 | ov_076 | 1.839000329564932 × 10^289 |
| 75 | ov_075 | 2.239891412315106 × 10^289 |
| 74 | ov_074 | 2.7040557458558606 × 10^289 |
| 73 | ov_073 | 3.23809995872177 × 10^289 |
| 63 | ov_063 | 3.5691239720279784 × 10^289 |
| 72 | ov_072 | 3.8490560205538673 × 10^289 |
| 71 | ov_071 | 4.544408247750687 × 10^289 |
| 70 | ov_070 | 5.332123311916886 × 10^289 |
| 69 | ov_069 | 6.220683426139678 × 10^289 |
| 68 | ov_068 | 7.219122890193711 × 10^289 |
| 67 | ov_067 | 8.337068183148827 × 10^289 |
| 66 | ov_066 | 8.337074402078514 × 10^289 |
| 65 | ov_065 | 8.337099812918159 × 10^289 |
| 62 | ov_062 | 1.8315916275782292 × 10^290 |
| 61 | ov_061 | 6.6783072322614886 × 10^290 |
| 60 | ov_060 | 1.912326889207574 × 10^291 |
| 59 | ov_059 | 4.615793375072418 × 10^291 |
| 58 | ov_058 | 9.370633957716684 × 10^291 |
| 57 | ov_057 | 1.693486817588492 × 10^292 |
| 56 | ov_056 | 2.8232138387599423 × 10^292 |
| 55 | ov_055 | 4.5275371270777655 × 10^292 |
| 54 | ov_054 | 6.931953436094101 × 10^292 |
| 53 | ov_053 | 1.017853560854046 × 10^293 |
| 52 | ov_052 | 1.4568018789923017 × 10^293 |
| 51 | ov_051 | 2.0434339144318967 × 10^293 |
| 50 | ov_050 | 2.814469182647941 × 10^293 |
| 49 | ov_049 | 3.809962222571869 × 10^293 |
| 48 | ov_048 | 5.073316211007982 × 10^293 |
| 47 | ov_047 | 6.6513024461834765 × 10^293 |
| 32 | lv_80_m31 | 7.82355845211537 × 10^293 |
| 46 | ov_046 | 8.59408747545577 × 10^293 |
| 45 | ov_045 | 1.0955269949928032 × 10^294 |
| 44 | ov_044 | 1.3791929508827164 × 10^294 |
| 43 | ov_043 | 1.7164690219100982 × 10^294 |
| 42 | ov_042 | 2.1137801321607154 × 10^294 |
| 41 | ov_041 | 2.577923826543379 × 10^294 |
| 40 | ov_040 | 3.1125893976665005 × 10^294 |
| 39 | ov_039 | 3.7216703977332584 × 10^294 |
| 31 | ov_031 | 4.01154446123675 × 10^294 |
| 38 | ov_038 | 4.413168114343672 × 10^294 |
| 37 | ov_037 | 5.1955239596173054 × 10^294 |
| 36 | ov_036 | 6.077645039764219 × 10^294 |
| 35 | ov_035 | 7.068934064492161 × 10^294 |
| 34 | ov_034 | 8.179324077907742 × 10^294 |
| 33 | ov_033 | 9.41931852385445 × 10^294 |
| 30 | ov_030 | 2.0565951192156454 × 10^295 |
| 29 | ov_029 | 6.7272225874805 × 10^295 |
| 28 | ov_028 | 1.7458653496916982 × 10^296 |
| 27 | ov_027 | 3.901849474601144 × 10^296 |
| 26 | ov_026 | 8.278795410104091 × 10^296 |
| 25 | ov_025 | 1.6384024846994822 × 10^297 |
| 24 | ov_024 | 3.0094070596200804 × 10^297 |
| 23 | ov_023 | 5.1654708291102776 × 10^297 |
| 22 | ov_022 | 8.368103678103456 × 10^297 |
| 21 | ov_021 | 1.2915764897889788 × 10^298 |
| 20 | ov_020 | 1.9143894371716119 × 10^298 |
| 19 | ov_019 | 2.7424963535459776 × 10^298 |
| 18 | ov_018 | 3.81685537639007 × 10^298 |
| 17 | ov_017 | 5.182147300551641 × 10^298 |
| 16 | ov_016 | 6.886792281410571 × 10^298 |
| 15 | ov_015 | 8.98297288248824 × 10^298 |
| 14 | ov_014 | 1.152666525539058 × 10^299 |
| 13 | ov_013 | 1.4577680865398921 × 10^299 |
| 12 | ov_012 | 1.8199721567417717 × 10^299 |
| 11 | ov_011 | 2.246045110350577 × 10^299 |
| 10 | ov_010 | 2.7431586360670274 × 10^299 |
| 9 | ov_009 | 3.3189011996411177 × 10^299 |
| 8 | ov_008 | 3.981292231021465 × 10^299 |
| 7 | ov_007 | 4.738799451250921 × 10^299 |
| 6 | ov_006 | 5.600359781939066 × 10^299 |
| 5 | ov_005 | 6.575404308276052 × 10^299 |
| 4 | ov_004 | 7.673887795268607 × 10^299 |
| 3 | ov_003 | 8.906323251395484 × 10^299 |
| 2 | ov_002 | 1.0283821957478796 × 10^300 |
| 1 | ov_001 | 1.1818139336251923 × 10^300 |

