# Results for F001-F002-F003-F004-F005-F006-F007-F008-F009-F010-F011-F012-F013-F014-F015-F016-F017-F018-F019-F020-F021-F022-F023-F024-F025-F026-F027-F028-F029-F030-F031-F032-F033-F034-F035-F036-F037-F038-F039-F040-F041-F042-F043-F044-F045-F046-F047-F048-F049-F050-F051-F052-F053-F054-F055-F056-F057-F058-F059-F060-F061-F062-F063-F064-F065-F066-F067-F068-F069-F070-F071-F072-F073-F074-F075-F076-F077-F078-F079-F080-F081-F082-F083-F084-F085-F086-F087-F088-F089-F090-F091-F092-F093-F094-F095-F096-F097-F098-F099-F100-F101-F102-F103-F104-F105-F106-F107-F108-F109-F110-F111-F112-F113-F114-F115-F116-F117-F118-F119-F120-F121-F122-F123-F124-F125-F126-F127-F128-F129-F130-F131-F132-F133-F134-F135-F136-F137-F138-F139-F140-F141-F142-F143-F144-F145-F146-F147-F148-F149-F150-F151-F152-F153-F154-F155-F156-F157-F158-F159-F160-F161-F162-F163-F164-F165-F166-F167-F168-F169-F170-F171-F172-F173-F174-F175-F176-F177-F178-F179-F180-F181-F182-F183-F184-F185-F186-F187-F188-F189-F190-F191-F192-F193-F194-F195-F196-F197-F198-F199-F200-F201-F202-F203-F204-F205-F206-F207-F208-F209-F210-F211-F212-F213-F214-F215-F216-F217-F218-F219-F220-F221-F222-F223-F224-F225-F226-F227-F228-F229-F230-F231-F232-F233-F234-F235-F236-F237-F238-F239-F240-F241-F242-F243-F244-F245-F246-F247-F248-F249-F250-F251-F252-F253-F254-F255-F256-F257-F258-F259-F260-F261-F262-F263-F264-F265-F266-F267-F268-F269-F270-F271-F272-F273-F274-F275-F276-F277-F278-F279-F280-F281-F282-F283-F284-F285-F286-F287-F288-F289-F290-F291-F292-F293-F294-F295-F296-F297-F298-F299-F300-F301-F302-F303-F304-F305-F306-F307-F308-F309-F310-F311-F312-F313-F314-F315-F316-F317-F318-F319-F320-F321-F322-F323-F324-F325-F326-F327-F328-F329-F330-F331-F332-F333-F334-F335-F336-F337-F338-F339-F340-F341-F342-F343-F344-F345-F346-F347-F348-F349-F350-F351-F352-F353-F354-F355-F356-F357-F358-F359-F360-F361-F362-F363-F364-F365-F366-F367-F368-F369-F370-F371-F372-F373-F374-F375-F376-F377-F378-F379-F380-F381-F382-F383-F384-F385-F386-F387-F388-F389-F390-F391-F392-F393-F394-F395-F396-F397-F398-F399-F400-F401-F402-F403-F404-F405-F406-F407-F408-F409-F410-F411-F412-F413-F414-F415-F416-F417-F418-F419-F420-F421-F422-F423-F424-F425-F426-F427-F428-F429-F430-F431-F432-F433-F434-F435-F436-F437-F438-F439-F440-F441-F442-F443-F444-F445-F446-F447-F448-F449-F450-F451-F452-F453-F454-F455-F456-F457-F458-F459-F460-F461-F462-F463-F464-F465-F466-F467-F468-F469-F470-F471-F472-F473-F474-F475-F476-F477-F478-F479-F480-F481-F482-F483-F484-F485-F486-F487-F488-F489-F490-F491-F492-F493-F494-F495-F496-E499505-E500511-F510-F512

## Summary

Number of input bits: 512  
Number of free input bits: 12  
Number of output bits: 160

Number of direct occurrences: 48999  
Number of assignments: 31708  
Number of operations: 11178445
(xor: 11150073,
and: 14845,
or: 13527)

Total complexity: 6.771067240127683 × 10^300

Least occurring input variable: iv_502 (3895)  
Most occurring input variable: iv_509 (4227)

Most co-occurring input variables: iv_508-iv_509 (2077)  
Least co-occurring input variables: iv_498-iv_502 (1769)

Potentially most occurring input variable: iv_500/iv_501 (4567)  
Potentially least occurring input variable: iv_499/iv_504 (4120)

Least output occurring input variable: iv_499 (57)  
Most output occurring input variable: iv_497 (93)

Most output co-occurring input variables: iv_497-iv_502 (52)  
Least output co-occurring input variables: iv_499-iv_503 (23)

Potentially most output occurring input variable: iv_500/iv_502 (94)  
Potentially least output occurring input variable: iv_498/iv_508 (68)

Least complex input bit: iv_497 (1.9238546237025353 × 10^298)  
Most complex input bit: iv_499 (1.2200759935309648 × 10^300)

Least complex output bit: aaa_76_29 (1.1959684236325511 × 10^276)  
Most complex output bit: ov_001 (1.0585566535432236 × 10^300)

Least complex input/output complexity: iv_497/aaa_76_29 (3.398089695479563 × 10^273)  
Most complex input/output complexity: iv_499/ov_001 (1.9074091498110816 × 10^299)

## Input Bits

### Input Bits in Regular Order

| Input Bit | Complexity | Occurrences | Output Occurrences |
|:---------:|:----------:|:-----------:|:------------------:|
| iv_497 | 1.9238546237025353 × 10^298 | 4142 | 93 |
| iv_498 | 3.835494822274824 × 10^298 | 3944 | 88 |
| iv_499 | 1.2200759935309648 × 10^300 | 4179 | 57 |
| iv_500 | 1.144566424504578 × 10^299 | 4223 | 80 |
| iv_501 | 1.8772500534293605 × 10^299 | 4086 | 83 |
| iv_502 | 3.037575067596904 × 10^299 | 3895 | 82 |
| iv_503 | 4.8282060583930395 × 10^299 | 4059 | 72 |
| iv_504 | 7.526678359813168 × 10^299 | 3937 | 78 |
| iv_506 | 5.824334866250452 × 10^299 | 3972 | 82 |
| iv_507 | 8.355447206853113 × 10^299 | 4185 | 76 |
| iv_508 | 1.108909050744048 × 10^300 | 4150 | 74 |
| iv_509 | 1.125082897708839 × 10^300 | 4227 | 87 |

### Input Bits Sorted by Complexity

| Input Bit | Complexity | Occurrences | Output Occurrences |
|:---------:|:----------:|:-----------:|:------------------:|
| iv_497 | 1.9238546237025353 × 10^298 | 4142 | 93 |
| iv_498 | 3.835494822274824 × 10^298 | 3944 | 88 |
| iv_500 | 1.144566424504578 × 10^299 | 4223 | 80 |
| iv_501 | 1.8772500534293605 × 10^299 | 4086 | 83 |
| iv_502 | 3.037575067596904 × 10^299 | 3895 | 82 |
| iv_503 | 4.8282060583930395 × 10^299 | 4059 | 72 |
| iv_506 | 5.824334866250452 × 10^299 | 3972 | 82 |
| iv_504 | 7.526678359813168 × 10^299 | 3937 | 78 |
| iv_507 | 8.355447206853113 × 10^299 | 4185 | 76 |
| iv_508 | 1.108909050744048 × 10^300 | 4150 | 74 |
| iv_509 | 1.125082897708839 × 10^300 | 4227 | 87 |
| iv_499 | 1.2200759935309648 × 10^300 | 4179 | 57 |

### Input Bits Sorted by Occurrences

| Input Bit | Complexity | Occurrences | Output Occurrences |
|:---------:|:----------:|:-----------:|:------------------:|
| iv_502 | 3.037575067596904 × 10^299 | 3895 | 82 |
| iv_504 | 7.526678359813168 × 10^299 | 3937 | 78 |
| iv_498 | 3.835494822274824 × 10^298 | 3944 | 88 |
| iv_506 | 5.824334866250452 × 10^299 | 3972 | 82 |
| iv_503 | 4.8282060583930395 × 10^299 | 4059 | 72 |
| iv_501 | 1.8772500534293605 × 10^299 | 4086 | 83 |
| iv_497 | 1.9238546237025353 × 10^298 | 4142 | 93 |
| iv_508 | 1.108909050744048 × 10^300 | 4150 | 74 |
| iv_499 | 1.2200759935309648 × 10^300 | 4179 | 57 |
| iv_507 | 8.355447206853113 × 10^299 | 4185 | 76 |
| iv_500 | 1.144566424504578 × 10^299 | 4223 | 80 |
| iv_509 | 1.125082897708839 × 10^300 | 4227 | 87 |

### Input Bits Sorted by Output Occurrences

| Input Bit | Complexity | Occurrences | Output Occurrences |
|:---------:|:----------:|:-----------:|:------------------:|
| iv_499 | 1.2200759935309648 × 10^300 | 4179 | 57 |
| iv_503 | 4.8282060583930395 × 10^299 | 4059 | 72 |
| iv_508 | 1.108909050744048 × 10^300 | 4150 | 74 |
| iv_507 | 8.355447206853113 × 10^299 | 4185 | 76 |
| iv_504 | 7.526678359813168 × 10^299 | 3937 | 78 |
| iv_500 | 1.144566424504578 × 10^299 | 4223 | 80 |
| iv_502 | 3.037575067596904 × 10^299 | 3895 | 82 |
| iv_506 | 5.824334866250452 × 10^299 | 3972 | 82 |
| iv_501 | 1.8772500534293605 × 10^299 | 4086 | 83 |
| iv_509 | 1.125082897708839 × 10^300 | 4227 | 87 |
| iv_498 | 3.835494822274824 × 10^298 | 3944 | 88 |
| iv_497 | 1.9238546237025353 × 10^298 | 4142 | 93 |

## Input Bit Co-occurrences

### Input Bit Co-occurrences Sorted by Co-occurrences

| Input Bits | Co-occurrences | Potential Occurrences | Output Co-occurrences | Potential Output Occurrences |
|:----------:|:--------------:|:---------------------:|:---------------------:|:----------------------------:|
| iv_508-iv_509 | 2077 | 4223 | 40 | 81 |
| iv_507-iv_509 | 2065 | 4282 | 44 | 75 |
| iv_497-iv_507 | 2050 | 4227 | 44 | 81 |
| iv_501-iv_509 | 2034 | 4245 | 49 | 72 |
| iv_499-iv_509 | 2031 | 4344 | 31 | 82 |
| iv_497-iv_509 | 2020 | 4329 | 50 | 80 |
| iv_497-iv_501 | 2006 | 4216 | 48 | 80 |
| iv_499-iv_507 | 1999 | 4366 | 29 | 75 |
| iv_499-iv_504 | 1998 | 4120 | 27 | 81 |
| iv_506-iv_507 | 1996 | 4165 | 39 | 80 |
| iv_500-iv_509 | 1974 | 4502 | 45 | 77 |
| iv_506-iv_509 | 1964 | 4271 | 43 | 83 |

### Input Bit Co-occurrences Sorted by Potential Occurrences

| Input Bits | Co-occurrences | Potential Occurrences | Output Co-occurrences | Potential Output Occurrences |
|:----------:|:--------------:|:---------------------:|:---------------------:|:----------------------------:|
| iv_499-iv_504 | 1998 | 4120 | 27 | 81 |
| iv_504-iv_506 | 1878 | 4153 | 42 | 76 |
| iv_506-iv_507 | 1996 | 4165 | 39 | 80 |
| iv_498-iv_504 | 1847 | 4187 | 46 | 74 |
| iv_497-iv_506 | 1955 | 4204 | 51 | 73 |
| iv_503-iv_506 | 1913 | 4205 | 39 | 76 |
| iv_502-iv_504 | 1809 | 4214 | 42 | 76 |
| iv_497-iv_501 | 2006 | 4216 | 48 | 80 |
| iv_498-iv_506 | 1850 | 4216 | 41 | 88 |
| iv_497-iv_504 | 1929 | 4221 | 50 | 71 |
| iv_508-iv_509 | 2077 | 4223 | 40 | 81 |
| iv_497-iv_507 | 2050 | 4227 | 44 | 81 |

### Input Bit Output Co-occurrences Sorted by Output Co-occurrences

| Input Bits | Co-occurrences | Potential Occurrences | Output Co-occurrences | Potential Output Occurrences |
|:----------:|:--------------:|:---------------------:|:---------------------:|:----------------------------:|
| iv_498-iv_509 | 1881 | 4409 | 52 | 71 |
| iv_497-iv_502 | 1905 | 4227 | 52 | 71 |
| iv_497-iv_506 | 1955 | 4204 | 51 | 73 |
| iv_497-iv_504 | 1929 | 4221 | 50 | 71 |
| iv_497-iv_498 | 1893 | 4300 | 50 | 81 |
| iv_497-iv_509 | 2020 | 4329 | 50 | 80 |
| iv_501-iv_509 | 2034 | 4245 | 49 | 72 |
| iv_498-iv_501 | 1873 | 4284 | 48 | 75 |
| iv_497-iv_501 | 2006 | 4216 | 48 | 80 |
| iv_497-iv_500 | 1943 | 4479 | 48 | 77 |
| iv_498-iv_508 | 1878 | 4338 | 47 | 68 |
| iv_502-iv_509 | 1874 | 4374 | 46 | 77 |

### Input Bit Output Co-occurrences Sorted by Potential Output Occurrences

| Input Bits | Co-occurrences | Potential Occurrences | Output Co-occurrences | Potential Output Occurrences |
|:----------:|:--------------:|:---------------------:|:---------------------:|:----------------------------:|
| iv_498-iv_508 | 1878 | 4338 | 47 | 68 |
| iv_501-iv_508 | 1940 | 4356 | 43 | 71 |
| iv_503-iv_509 | 1921 | 4444 | 44 | 71 |
| iv_497-iv_504 | 1929 | 4221 | 50 | 71 |
| iv_498-iv_509 | 1881 | 4409 | 52 | 71 |
| iv_497-iv_502 | 1905 | 4227 | 52 | 71 |
| iv_501-iv_509 | 2034 | 4245 | 49 | 72 |
| iv_504-iv_508 | 1916 | 4255 | 40 | 72 |
| iv_500-iv_503 | 1899 | 4484 | 40 | 72 |
| iv_500-iv_508 | 1911 | 4551 | 41 | 72 |
| iv_497-iv_506 | 1955 | 4204 | 51 | 73 |
| iv_498-iv_499 | 1839 | 4445 | 36 | 73 |

## Output Bits

### Output Bits in Regular Order

| Rank | Output Bit | Complexity |
|:----:|:----------:|:----------:|
| 1 | ov_001 | 1.0585566535432236 × 10^300 |
| 2 | ov_002 | 9.211222388135334 × 10^299 |
| 3 | ov_003 | 7.97736182260211 × 10^299 |
| 4 | ov_004 | 6.873451390598404 × 10^299 |
| 5 | ov_005 | 5.8895345232792116 × 10^299 |
| 6 | ov_006 | 5.0161907089349 × 10^299 |
| 7 | ov_007 | 4.244499902810002 × 10^299 |
| 8 | ov_008 | 3.566011750930928 × 10^299 |
| 9 | ov_009 | 2.9727192370477853 × 10^299 |
| 10 | ov_010 | 2.45703632792263 × 10^299 |
| 11 | ov_011 | 2.011779187550452 × 10^299 |
| 12 | ov_012 | 1.6301505556326289 × 10^299 |
| 13 | ov_013 | 1.3057269098364816 × 10^299 |
| 14 | ov_014 | 1.0324480551813776 × 10^299 |
| 15 | ov_015 | 8.046088073863702 × 10^298 |
| 16 | ov_016 | 6.168524602751588 × 10^298 |
| 17 | ov_017 | 4.641657504249026 × 10^298 |
| 18 | ov_018 | 3.4187505521655744 × 10^298 |
| 19 | ov_019 | 2.4564358333451716 × 10^298 |
| 20 | ov_020 | 1.7146933960067774 × 10^298 |
| 21 | ov_021 | 1.1568367819156528 × 10^298 |
| 22 | ov_022 | 7.495029978984736 × 10^297 |
| 23 | ov_023 | 4.626457750770281 × 10^297 |
| 24 | ov_024 | 2.6953118585979236 × 10^297 |
| 25 | ov_025 | 1.467349612804564 × 10^297 |
| 26 | ov_026 | 7.414102102277924 × 10^296 |
| 27 | ov_027 | 3.494078154003453 × 10^296 |
| 28 | ov_028 | 1.5632883140893786 × 10^296 |
| 29 | ov_029 | 6.023102104646675 × 10^295 |
| 30 | ov_030 | 1.8411059979610282 × 10^295 |
| 31 | ov_031 | 3.5905841451723424 × 10^294 |
| 32 | lv_80_m31 | 7.001150606411997 × 10^293 |
| 33 | ov_033 | 8.432200709626918 × 10^294 |
| 34 | ov_034 | 7.321609248733478 × 10^294 |
| 35 | ov_035 | 6.326723510313522 × 10^294 |
| 36 | ov_036 | 5.438495722596933 × 10^294 |
| 37 | ov_037 | 4.6483718201946235 × 10^294 |
| 38 | ov_038 | 3.9482567595011244 × 10^294 |
| 39 | ov_039 | 3.3304843879471573 × 10^294 |
| 40 | ov_040 | 2.787791435034261 × 10^294 |
| 41 | ov_041 | 2.3132952194311274 × 10^294 |
| 42 | ov_042 | 1.9004746913922133 × 10^294 |
| 43 | ov_043 | 1.5461575611833576 × 10^294 |
| 44 | ov_044 | 1.2445007486917816 × 10^294 |
| 45 | ov_045 | 9.899824876825211 × 10^293 |
| 46 | ov_046 | 7.773933627351622 × 10^293 |
| 47 | ov_047 | 6.018291155105563 × 10^293 |
| 48 | ov_048 | 4.5868496918560005 × 10^293 |
| 49 | ov_049 | 3.4365123928218293 × 10^293 |
| 50 | ov_050 | 2.52710018146674 × 10^293 |
| 51 | ov_051 | 1.8213273908779578 × 10^293 |
| 52 | ov_052 | 1.284784447219458 × 10^293 |
| 53 | ov_053 | 8.859260246411343 × 10^292 |
| 54 | ov_054 | 5.960632838722412 × 10^292 |
| 55 | ov_055 | 3.8935898890451895 × 10^292 |
| 56 | ov_056 | 2.4282451924896095 × 10^292 |
| 57 | ov_057 | 1.456774369713542 × 10^292 |
| 58 | ov_058 | 8.062178972470503 × 10^291 |
| 59 | ov_059 | 3.972097276098861 × 10^291 |
| 60 | ov_060 | 1.646096294616629 × 10^291 |
| 61 | ov_061 | 5.750259316966593 × 10^290 |
| 62 | ov_062 | 1.577546676539099 × 10^290 |
| 63 | ov_063 | 3.0751088575505326 × 10^289 |
| 64 | lv_79_m31 | 5.993106494568605 × 10^288 |
| 65 | ov_065 | 7.213597233831886 × 10^289 |
| 66 | ov_066 | 7.213575831453241 × 10^289 |
| 67 | ov_067 | 7.213570593663581 × 10^289 |
| 68 | ov_068 | 6.255277548911786 × 10^289 |
| 69 | ov_069 | 5.398401887832944 × 10^289 |
| 70 | ov_070 | 4.634835597668326 × 10^289 |
| 71 | ov_071 | 3.9569693399277615 × 10^289 |
| 72 | ov_072 | 3.3576586897808967 × 10^289 |
| 73 | ov_073 | 2.830193364783218 × 10^289 |
| 74 | ov_074 | 2.368269283607974 × 10^289 |
| 75 | ov_075 | 1.9659633017477013 × 10^289 |
| 76 | ov_076 | 1.61771047635446 × 10^289 |
| 77 | ov_077 | 1.3182837166395562 × 10^289 |
| 78 | ov_078 | 1.0627756796765512 × 10^289 |
| 79 | ov_079 | 8.465827741617516 × 10^288 |
| 80 | ov_080 | 6.653911367918906 × 10^288 |
| 81 | ov_081 | 5.151644475182314 × 10^288 |
| 82 | ov_082 | 3.921334511203422 × 10^288 |
| 83 | ov_083 | 2.9278705339316414 × 10^288 |
| 84 | ov_084 | 2.1386486083104023 × 10^288 |
| 85 | ov_085 | 1.5235103308687572 × 10^288 |
| 86 | ov_086 | 1.0546931773932307 × 10^288 |
| 87 | ov_087 | 7.06791370607814 × 10^287 |
| 88 | ov_088 | 4.567259657650645 × 10^287 |
| 89 | ov_089 | 2.8372285261629313 × 10^287 |
| 90 | ov_090 | 1.6929737252908421 × 10^287 |
| 91 | ov_091 | 9.724424966438964 × 10^286 |
| 92 | ov_092 | 5.363154608968202 × 10^286 |
| 93 | ov_093 | 2.6797415009339415 × 10^286 |
| 94 | ov_094 | 1.1478188207347335 × 10^286 |
| 95 | aaa_78_28 | 3.5442704085565 × 10^285 |
| 96 | aaa_78_29 | 1.0884231209281108 × 10^285 |
| 97 | ov_097 | 7.185229088202781 × 10^284 |
| 98 | ov_098 | 7.185013232411189 × 10^284 |
| 99 | ov_099 | 7.184944220876672 × 10^284 |
| 100 | ov_100 | 6.4645774152553546 × 10^284 |
| 101 | ov_101 | 5.797583467601976 × 10^284 |
| 102 | ov_102 | 5.181006622818194 × 10^284 |
| 103 | ov_103 | 4.612105658905772 × 10^284 |
| 104 | ov_104 | 4.0883266922357534 × 10^284 |
| 105 | ov_105 | 3.607278416274555 × 10^284 |
| 106 | ov_106 | 3.1667096462437076 × 10^284 |
| 107 | ov_107 | 2.76448904701982 × 10^284 |
| 108 | ov_108 | 2.398586925518067 × 10^284 |
| 109 | ov_109 | 2.067058971964399 × 10^284 |
| 110 | ov_110 | 1.768031836952961 × 10^284 |
| 111 | ov_111 | 1.499690433106023 × 10^284 |
| 112 | ov_112 | 1.2602668515968036 × 10^284 |
| 113 | ov_113 | 1.0480307848461922 × 10^284 |
| 114 | ov_114 | 8.612813474405007 × 10^283 |
| 115 | ov_115 | 6.983401878095159 × 10^283 |
| 116 | ov_116 | 5.575457835154844 × 10^283 |
| 117 | ov_117 | 4.372488131894775 × 10^283 |
| 118 | ov_118 | 3.358084982572606 × 10^283 |
| 119 | ov_119 | 2.515898076554525 × 10^283 |
| 120 | ov_120 | 1.8296141877140573 × 10^283 |
| 121 | ov_121 | 1.282943278584865 × 10^283 |
| 122 | ov_122 | 8.59609553596551 × 10^282 |
| 123 | ov_123 | 5.43345570896647 × 10^282 |
| 124 | ov_124 | 3.1788826739311046 × 10^282 |
| 125 | ov_125 | 1.6697649402219747 × 10^282 |
| 126 | ov_126 | 7.43497572477816 × 10^281 |
| 127 | aaa_77_28 | 2.3747735443010576 × 10^281 |
| 128 | aaa_77_29 | 8.906395780411512 × 10^280 |
| 129 | ov_129 | 8.321355850872525 × 10^280 |
| 130 | ov_130 | 8.321332539458805 × 10^280 |
| 131 | ov_131 | 8.321326897584334 × 10^280 |
| 132 | ov_132 | 7.2314685011095385 × 10^280 |
| 133 | ov_133 | 6.253709042798334 × 10^280 |
| 134 | ov_134 | 5.379641461714805 × 10^280 |
| 135 | ov_135 | 4.601314236271676 × 10^280 |
| 136 | ov_136 | 3.9111988910571715 × 10^280 |
| 137 | ov_137 | 3.302161864836648 × 10^280 |
| 138 | ov_138 | 2.7674403336787145 × 10^280 |
| 139 | ov_139 | 2.3006216041388604 × 10^280 |
| 140 | ov_140 | 1.8956257117532023 × 10^280 |
| 141 | ov_141 | 1.5466908798906419 × 10^280 |
| 142 | ov_142 | 1.2483615134025292 × 10^280 |
| 143 | ov_143 | 9.954784205949992 × 10^279 |
| 144 | ov_144 | 7.831709759128345 × 10^279 |
| 145 | ov_145 | 6.068509544310215 × 10^279 |
| 146 | ov_146 | 4.622077878521827 × 10^279 |
| 147 | ov_147 | 3.452050102422856 × 10^279 |
| 148 | ov_148 | 2.520776802292146 × 10^279 |
| 149 | ov_149 | 1.7933058485525593 × 10^279 |
| 150 | ov_150 | 1.2373704872503087 × 10^279 |
| 151 | ov_151 | 8.233819053058983 × 10^278 |
| 152 | ov_152 | 5.2442487468813094 × 10^278 |
| 153 | ov_153 | 3.162553175804082 × 10^278 |
| 154 | ov_154 | 1.772989652382832 × 10^278 |
| 155 | ov_155 | 8.865060590309178 × 10^277 |
| 156 | aaa_76_25 | 3.407367546440714 × 10^277 |
| 157 | aaa_76_26 | 1.9687416618242355 × 10^277 |
| 158 | aaa_76_27 | 1.0084020756771093 × 10^277 |
| 159 | aaa_76_28 | 3.929361425971742 × 10^276 |
| 160 | aaa_76_29 | 1.1959684236325511 × 10^276 |

### Output Bits Sorted by Complexity

| Rank | Output Bit | Complexity |
|:----:|:----------:|:----------:|
| 160 | aaa_76_29 | 1.1959684236325511 × 10^276 |
| 159 | aaa_76_28 | 3.929361425971742 × 10^276 |
| 158 | aaa_76_27 | 1.0084020756771093 × 10^277 |
| 157 | aaa_76_26 | 1.9687416618242355 × 10^277 |
| 156 | aaa_76_25 | 3.407367546440714 × 10^277 |
| 155 | ov_155 | 8.865060590309178 × 10^277 |
| 154 | ov_154 | 1.772989652382832 × 10^278 |
| 153 | ov_153 | 3.162553175804082 × 10^278 |
| 152 | ov_152 | 5.2442487468813094 × 10^278 |
| 151 | ov_151 | 8.233819053058983 × 10^278 |
| 150 | ov_150 | 1.2373704872503087 × 10^279 |
| 149 | ov_149 | 1.7933058485525593 × 10^279 |
| 148 | ov_148 | 2.520776802292146 × 10^279 |
| 147 | ov_147 | 3.452050102422856 × 10^279 |
| 146 | ov_146 | 4.622077878521827 × 10^279 |
| 145 | ov_145 | 6.068509544310215 × 10^279 |
| 144 | ov_144 | 7.831709759128345 × 10^279 |
| 143 | ov_143 | 9.954784205949992 × 10^279 |
| 142 | ov_142 | 1.2483615134025292 × 10^280 |
| 141 | ov_141 | 1.5466908798906419 × 10^280 |
| 140 | ov_140 | 1.8956257117532023 × 10^280 |
| 139 | ov_139 | 2.3006216041388604 × 10^280 |
| 138 | ov_138 | 2.7674403336787145 × 10^280 |
| 137 | ov_137 | 3.302161864836648 × 10^280 |
| 136 | ov_136 | 3.9111988910571715 × 10^280 |
| 135 | ov_135 | 4.601314236271676 × 10^280 |
| 134 | ov_134 | 5.379641461714805 × 10^280 |
| 133 | ov_133 | 6.253709042798334 × 10^280 |
| 132 | ov_132 | 7.2314685011095385 × 10^280 |
| 131 | ov_131 | 8.321326897584334 × 10^280 |
| 130 | ov_130 | 8.321332539458805 × 10^280 |
| 129 | ov_129 | 8.321355850872525 × 10^280 |
| 128 | aaa_77_29 | 8.906395780411512 × 10^280 |
| 127 | aaa_77_28 | 2.3747735443010576 × 10^281 |
| 126 | ov_126 | 7.43497572477816 × 10^281 |
| 125 | ov_125 | 1.6697649402219747 × 10^282 |
| 124 | ov_124 | 3.1788826739311046 × 10^282 |
| 123 | ov_123 | 5.43345570896647 × 10^282 |
| 122 | ov_122 | 8.59609553596551 × 10^282 |
| 121 | ov_121 | 1.282943278584865 × 10^283 |
| 120 | ov_120 | 1.8296141877140573 × 10^283 |
| 119 | ov_119 | 2.515898076554525 × 10^283 |
| 118 | ov_118 | 3.358084982572606 × 10^283 |
| 117 | ov_117 | 4.372488131894775 × 10^283 |
| 116 | ov_116 | 5.575457835154844 × 10^283 |
| 115 | ov_115 | 6.983401878095159 × 10^283 |
| 114 | ov_114 | 8.612813474405007 × 10^283 |
| 113 | ov_113 | 1.0480307848461922 × 10^284 |
| 112 | ov_112 | 1.2602668515968036 × 10^284 |
| 111 | ov_111 | 1.499690433106023 × 10^284 |
| 110 | ov_110 | 1.768031836952961 × 10^284 |
| 109 | ov_109 | 2.067058971964399 × 10^284 |
| 108 | ov_108 | 2.398586925518067 × 10^284 |
| 107 | ov_107 | 2.76448904701982 × 10^284 |
| 106 | ov_106 | 3.1667096462437076 × 10^284 |
| 105 | ov_105 | 3.607278416274555 × 10^284 |
| 104 | ov_104 | 4.0883266922357534 × 10^284 |
| 103 | ov_103 | 4.612105658905772 × 10^284 |
| 102 | ov_102 | 5.181006622818194 × 10^284 |
| 101 | ov_101 | 5.797583467601976 × 10^284 |
| 100 | ov_100 | 6.4645774152553546 × 10^284 |
| 99 | ov_099 | 7.184944220876672 × 10^284 |
| 98 | ov_098 | 7.185013232411189 × 10^284 |
| 97 | ov_097 | 7.185229088202781 × 10^284 |
| 96 | aaa_78_29 | 1.0884231209281108 × 10^285 |
| 95 | aaa_78_28 | 3.5442704085565 × 10^285 |
| 94 | ov_094 | 1.1478188207347335 × 10^286 |
| 93 | ov_093 | 2.6797415009339415 × 10^286 |
| 92 | ov_092 | 5.363154608968202 × 10^286 |
| 91 | ov_091 | 9.724424966438964 × 10^286 |
| 90 | ov_090 | 1.6929737252908421 × 10^287 |
| 89 | ov_089 | 2.8372285261629313 × 10^287 |
| 88 | ov_088 | 4.567259657650645 × 10^287 |
| 87 | ov_087 | 7.06791370607814 × 10^287 |
| 86 | ov_086 | 1.0546931773932307 × 10^288 |
| 85 | ov_085 | 1.5235103308687572 × 10^288 |
| 84 | ov_084 | 2.1386486083104023 × 10^288 |
| 83 | ov_083 | 2.9278705339316414 × 10^288 |
| 82 | ov_082 | 3.921334511203422 × 10^288 |
| 81 | ov_081 | 5.151644475182314 × 10^288 |
| 64 | lv_79_m31 | 5.993106494568605 × 10^288 |
| 80 | ov_080 | 6.653911367918906 × 10^288 |
| 79 | ov_079 | 8.465827741617516 × 10^288 |
| 78 | ov_078 | 1.0627756796765512 × 10^289 |
| 77 | ov_077 | 1.3182837166395562 × 10^289 |
| 76 | ov_076 | 1.61771047635446 × 10^289 |
| 75 | ov_075 | 1.9659633017477013 × 10^289 |
| 74 | ov_074 | 2.368269283607974 × 10^289 |
| 73 | ov_073 | 2.830193364783218 × 10^289 |
| 63 | ov_063 | 3.0751088575505326 × 10^289 |
| 72 | ov_072 | 3.3576586897808967 × 10^289 |
| 71 | ov_071 | 3.9569693399277615 × 10^289 |
| 70 | ov_070 | 4.634835597668326 × 10^289 |
| 69 | ov_069 | 5.398401887832944 × 10^289 |
| 68 | ov_068 | 6.255277548911786 × 10^289 |
| 67 | ov_067 | 7.213570593663581 × 10^289 |
| 66 | ov_066 | 7.213575831453241 × 10^289 |
| 65 | ov_065 | 7.213597233831886 × 10^289 |
| 62 | ov_062 | 1.577546676539099 × 10^290 |
| 61 | ov_061 | 5.750259316966593 × 10^290 |
| 60 | ov_060 | 1.646096294616629 × 10^291 |
| 59 | ov_059 | 3.972097276098861 × 10^291 |
| 58 | ov_058 | 8.062178972470503 × 10^291 |
| 57 | ov_057 | 1.456774369713542 × 10^292 |
| 56 | ov_056 | 2.4282451924896095 × 10^292 |
| 55 | ov_055 | 3.8935898890451895 × 10^292 |
| 54 | ov_054 | 5.960632838722412 × 10^292 |
| 53 | ov_053 | 8.859260246411343 × 10^292 |
| 52 | ov_052 | 1.284784447219458 × 10^293 |
| 51 | ov_051 | 1.8213273908779578 × 10^293 |
| 50 | ov_050 | 2.52710018146674 × 10^293 |
| 49 | ov_049 | 3.4365123928218293 × 10^293 |
| 48 | ov_048 | 4.5868496918560005 × 10^293 |
| 47 | ov_047 | 6.018291155105563 × 10^293 |
| 32 | lv_80_m31 | 7.001150606411997 × 10^293 |
| 46 | ov_046 | 7.773933627351622 × 10^293 |
| 45 | ov_045 | 9.899824876825211 × 10^293 |
| 44 | ov_044 | 1.2445007486917816 × 10^294 |
| 43 | ov_043 | 1.5461575611833576 × 10^294 |
| 42 | ov_042 | 1.9004746913922133 × 10^294 |
| 41 | ov_041 | 2.3132952194311274 × 10^294 |
| 40 | ov_040 | 2.787791435034261 × 10^294 |
| 39 | ov_039 | 3.3304843879471573 × 10^294 |
| 31 | ov_031 | 3.5905841451723424 × 10^294 |
| 38 | ov_038 | 3.9482567595011244 × 10^294 |
| 37 | ov_037 | 4.6483718201946235 × 10^294 |
| 36 | ov_036 | 5.438495722596933 × 10^294 |
| 35 | ov_035 | 6.326723510313522 × 10^294 |
| 34 | ov_034 | 7.321609248733478 × 10^294 |
| 33 | ov_033 | 8.432200709626918 × 10^294 |
| 30 | ov_030 | 1.8411059979610282 × 10^295 |
| 29 | ov_029 | 6.023102104646675 × 10^295 |
| 28 | ov_028 | 1.5632883140893786 × 10^296 |
| 27 | ov_027 | 3.494078154003453 × 10^296 |
| 26 | ov_026 | 7.414102102277924 × 10^296 |
| 25 | ov_025 | 1.467349612804564 × 10^297 |
| 24 | ov_024 | 2.6953118585979236 × 10^297 |
| 23 | ov_023 | 4.626457750770281 × 10^297 |
| 22 | ov_022 | 7.495029978984736 × 10^297 |
| 21 | ov_021 | 1.1568367819156528 × 10^298 |
| 20 | ov_020 | 1.7146933960067774 × 10^298 |
| 19 | ov_019 | 2.4564358333451716 × 10^298 |
| 18 | ov_018 | 3.4187505521655744 × 10^298 |
| 17 | ov_017 | 4.641657504249026 × 10^298 |
| 16 | ov_016 | 6.168524602751588 × 10^298 |
| 15 | ov_015 | 8.046088073863702 × 10^298 |
| 14 | ov_014 | 1.0324480551813776 × 10^299 |
| 13 | ov_013 | 1.3057269098364816 × 10^299 |
| 12 | ov_012 | 1.6301505556326289 × 10^299 |
| 11 | ov_011 | 2.011779187550452 × 10^299 |
| 10 | ov_010 | 2.45703632792263 × 10^299 |
| 9 | ov_009 | 2.9727192370477853 × 10^299 |
| 8 | ov_008 | 3.566011750930928 × 10^299 |
| 7 | ov_007 | 4.244499902810002 × 10^299 |
| 6 | ov_006 | 5.0161907089349 × 10^299 |
| 5 | ov_005 | 5.8895345232792116 × 10^299 |
| 4 | ov_004 | 6.873451390598404 × 10^299 |
| 3 | ov_003 | 7.97736182260211 × 10^299 |
| 2 | ov_002 | 9.211222388135334 × 10^299 |
| 1 | ov_001 | 1.0585566535432236 × 10^300 |

