# Results for F001-F002-F003-F004-F005-F006-F007-F008-F009-F010-F011-F012-F013-F014-F015-F016-F017-F018-F019-F020-F021-F022-F023-F024-F025-F026-F027-F028-F029-F030-F031-F032-F033-F034-F035-F036-F037-F038-F039-F040-F041-F042-F043-F044-F045-F046-F047-F048-F049-F050-F051-F052-F053-F054-F055-F056-F057-F058-F059-F060-F061-F062-F063-F064-F065-F066-F067-F068-F069-F070-F071-F072-F073-F074-F075-F076-F077-F078-F079-F080-F081-F082-F083-F084-F085-F086-F087-F088-F089-F090-F091-F092-F093-F094-F095-F096-F097-F098-F099-F100-F101-F102-F103-F104-F105-F106-F107-F108-F109-F110-F111-F112-F113-F114-F115-F116-F117-F118-F119-F120-F121-F122-F123-F124-F125-F126-F127-F128-F129-F130-F131-F132-F133-F134-F135-F136-F137-F138-F139-F140-F141-F142-F143-F144-F145-F146-F147-F148-F149-F150-F151-F152-F153-F154-F155-F156-F157-F158-F159-F160-F161-F162-F163-F164-F165-F166-F167-F168-F169-F170-F171-F172-F173-F174-F175-F176-F177-F178-F179-F180-F181-F182-F183-F184-F185-F186-F187-F188-F189-F190-F191-F192-F193-F194-F195-F196-F197-F198-F199-F200-F201-F202-F203-F204-F205-F206-F207-F208-F209-F210-F211-F212-F213-F214-F215-F216-F217-F218-F219-F220-F221-F222-F223-F224-F225-F226-F227-F228-F229-F230-F231-F232-F233-F234-F235-F236-F237-F238-F239-F240-F241-F242-F243-F244-F245-F246-F247-F248-F249-F250-F251-F252-F253-F254-F255-F256-F257-F258-F259-F260-F261-F262-F263-F264-F265-F266-F267-F268-F269-F270-F271-F272-F273-F274-F275-F276-F277-F278-F279-F280-F281-F282-F283-F284-F285-F286-F287-F288-F289-F290-F291-F292-F293-F294-F295-F296-F297-F298-F299-F300-F301-F302-F303-F304-F305-F306-F307-F308-F309-F310-F311-F312-F313-F314-F315-F316-F317-F318-F319-F320-F321-F322-F323-F324-F325-F326-F327-F328-F329-F330-F331-F332-F333-F334-F335-F336-F337-F338-F339-F340-F341-F342-F343-F344-F345-F346-F347-F348-F349-F350-F351-F352-F353-F354-F355-F356-F357-F358-F359-F360-F361-F362-F363-F364-F365-F366-F367-F368-F369-F370-F371-F372-F373-F374-F375-F376-F377-F378-F379-F380-F381-F382-F383-F384-F385-F386-F387-F388-F389-F390-F391-F392-F393-F394-F395-F396-F397-F398-F399-F400-F401-F402-F403-F404-F405-F406-F407-F408-F409-F410-F411-F412-F413-F414-F415-F416-F417-F418-F419-F420-F421-F422-F423-F424-F425-F426-F427-F428-F429-F430-F431-F432-F433-F434-F435-F436-F437-F438-F439-F440-F441-F442-F443-F444-F445-F446-F447-F448-F449-F450-F451-F452-F453-F454-F455-F456-F457-F458-F459-F460-F461-F462-F463-F464-F465-F466-F467-F468-F469-F470-F471-F472-F473-F474-F475-F476-F477-F478-F479-F480-F481-F482-F483-F484-F485-F486-F487-F488-F489-F490-F491-F492-F493-F494-F495-F496-T508-F509-F510-F512

## Summary

Number of input bits: 512  
Number of free input bits: 12  
Number of output bits: 160

Number of direct occurrences: 50135  
Number of assignments: 31769  
Number of operations: 11762706
(xor: 11733479,
and: 15780,
or: 13447)

Total complexity: 1.0279564407756805 × 10^307

Least occurring input variable: iv_498 (3988)  
Most occurring input variable: iv_507 (4408)

Most co-occurring input variables: iv_506-iv_507 (2112)  
Least co-occurring input variables: iv_498-iv_502 (1763)

Potentially most occurring input variable: iv_503/iv_507 (4599)  
Potentially least occurring input variable: iv_502/iv_503 (4268)

Least output occurring input variable: iv_505 (68)  
Most output occurring input variable: iv_499 (89)

Most output co-occurring input variables: iv_497-iv_511 (51)  
Least output co-occurring input variables: iv_504-iv_505 (29)

Potentially most output occurring input variable: iv_501/iv_502 (94)  
Potentially least output occurring input variable: iv_497/iv_511 (64)

Least complex input bit: iv_511 (1.8197391609406815 × 10^303)  
Most complex input bit: iv_505 (2.7574671527095314 × 10^306)

Least complex output bit: aaa_76_29 (2.9112797377155235 × 10^281)  
Most complex output bit: ov_001 (1.607036834414405 × 10^306)

Least complex input/output complexity: iv_511/aaa_76_29 (5.153690892949154 × 10^277)  
Most complex input/output complexity: iv_505/ov_001 (4.310835662207817 × 10^305)

## Input Bits

### Input Bits in Regular Order

| Input Bit | Complexity | Occurrences | Output Occurrences |
|:---------:|:----------:|:-----------:|:------------------:|
| iv_497 | 4.160863997902556 × 10^304 | 4171 | 88 |
| iv_498 | 8.330882026835659 × 10^304 | 3988 | 79 |
| iv_499 | 1.5000840365830417 × 10^305 | 4186 | 89 |
| iv_500 | 2.584080725252941 × 10^305 | 4127 | 76 |
| iv_501 | 4.350998901266811 × 10^305 | 4080 | 77 |
| iv_502 | 7.138120191726394 × 10^305 | 3999 | 87 |
| iv_503 | 1.1450306989012996 × 10^306 | 4253 | 77 |
| iv_504 | 1.7951179043660217 × 10^306 | 4105 | 81 |
| iv_505 | 2.7574671527095314 × 10^306 | 4238 | 68 |
| iv_506 | 1.3992677183845114 × 10^306 | 4255 | 79 |
| iv_507 | 1.4986153485042072 × 10^306 | 4408 | 80 |
| iv_511 | 1.8197391609406815 × 10^303 | 4325 | 78 |

### Input Bits Sorted by Complexity

| Input Bit | Complexity | Occurrences | Output Occurrences |
|:---------:|:----------:|:-----------:|:------------------:|
| iv_511 | 1.8197391609406815 × 10^303 | 4325 | 78 |
| iv_497 | 4.160863997902556 × 10^304 | 4171 | 88 |
| iv_498 | 8.330882026835659 × 10^304 | 3988 | 79 |
| iv_499 | 1.5000840365830417 × 10^305 | 4186 | 89 |
| iv_500 | 2.584080725252941 × 10^305 | 4127 | 76 |
| iv_501 | 4.350998901266811 × 10^305 | 4080 | 77 |
| iv_502 | 7.138120191726394 × 10^305 | 3999 | 87 |
| iv_503 | 1.1450306989012996 × 10^306 | 4253 | 77 |
| iv_506 | 1.3992677183845114 × 10^306 | 4255 | 79 |
| iv_507 | 1.4986153485042072 × 10^306 | 4408 | 80 |
| iv_504 | 1.7951179043660217 × 10^306 | 4105 | 81 |
| iv_505 | 2.7574671527095314 × 10^306 | 4238 | 68 |

### Input Bits Sorted by Occurrences

| Input Bit | Complexity | Occurrences | Output Occurrences |
|:---------:|:----------:|:-----------:|:------------------:|
| iv_498 | 8.330882026835659 × 10^304 | 3988 | 79 |
| iv_502 | 7.138120191726394 × 10^305 | 3999 | 87 |
| iv_501 | 4.350998901266811 × 10^305 | 4080 | 77 |
| iv_504 | 1.7951179043660217 × 10^306 | 4105 | 81 |
| iv_500 | 2.584080725252941 × 10^305 | 4127 | 76 |
| iv_497 | 4.160863997902556 × 10^304 | 4171 | 88 |
| iv_499 | 1.5000840365830417 × 10^305 | 4186 | 89 |
| iv_505 | 2.7574671527095314 × 10^306 | 4238 | 68 |
| iv_503 | 1.1450306989012996 × 10^306 | 4253 | 77 |
| iv_506 | 1.3992677183845114 × 10^306 | 4255 | 79 |
| iv_511 | 1.8197391609406815 × 10^303 | 4325 | 78 |
| iv_507 | 1.4986153485042072 × 10^306 | 4408 | 80 |

### Input Bits Sorted by Output Occurrences

| Input Bit | Complexity | Occurrences | Output Occurrences |
|:---------:|:----------:|:-----------:|:------------------:|
| iv_505 | 2.7574671527095314 × 10^306 | 4238 | 68 |
| iv_500 | 2.584080725252941 × 10^305 | 4127 | 76 |
| iv_501 | 4.350998901266811 × 10^305 | 4080 | 77 |
| iv_503 | 1.1450306989012996 × 10^306 | 4253 | 77 |
| iv_511 | 1.8197391609406815 × 10^303 | 4325 | 78 |
| iv_498 | 8.330882026835659 × 10^304 | 3988 | 79 |
| iv_506 | 1.3992677183845114 × 10^306 | 4255 | 79 |
| iv_507 | 1.4986153485042072 × 10^306 | 4408 | 80 |
| iv_504 | 1.7951179043660217 × 10^306 | 4105 | 81 |
| iv_502 | 7.138120191726394 × 10^305 | 3999 | 87 |
| iv_497 | 4.160863997902556 × 10^304 | 4171 | 88 |
| iv_499 | 1.5000840365830417 × 10^305 | 4186 | 89 |

## Input Bit Co-occurrences

### Input Bit Co-occurrences Sorted by Co-occurrences

| Input Bits | Co-occurrences | Potential Occurrences | Output Co-occurrences | Potential Output Occurrences |
|:----------:|:--------------:|:---------------------:|:---------------------:|:----------------------------:|
| iv_506-iv_507 | 2112 | 4439 | 44 | 71 |
| iv_507-iv_511 | 2107 | 4519 | 41 | 76 |
| iv_506-iv_511 | 2100 | 4380 | 42 | 73 |
| iv_505-iv_507 | 2073 | 4500 | 32 | 84 |
| iv_499-iv_511 | 2068 | 4375 | 49 | 69 |
| iv_503-iv_505 | 2067 | 4357 | 40 | 65 |
| iv_503-iv_511 | 2062 | 4454 | 36 | 83 |
| iv_500-iv_506 | 2056 | 4270 | 38 | 79 |
| iv_501-iv_511 | 2049 | 4307 | 41 | 73 |
| iv_504-iv_506 | 2036 | 4288 | 39 | 82 |
| iv_503-iv_507 | 2031 | 4599 | 39 | 79 |
| iv_499-iv_503 | 2030 | 4379 | 42 | 82 |

### Input Bit Co-occurrences Sorted by Potential Occurrences

| Input Bits | Co-occurrences | Potential Occurrences | Output Co-occurrences | Potential Output Occurrences |
|:----------:|:--------------:|:---------------------:|:---------------------:|:----------------------------:|
| iv_502-iv_503 | 1992 | 4268 | 43 | 78 |
| iv_500-iv_506 | 2056 | 4270 | 38 | 79 |
| iv_498-iv_504 | 1910 | 4273 | 43 | 74 |
| iv_504-iv_506 | 2036 | 4288 | 39 | 82 |
| iv_498-iv_500 | 1912 | 4291 | 37 | 81 |
| iv_497-iv_500 | 2000 | 4298 | 41 | 82 |
| iv_502-iv_506 | 1975 | 4304 | 43 | 80 |
| iv_501-iv_511 | 2049 | 4307 | 41 | 73 |
| iv_498-iv_501 | 1879 | 4310 | 37 | 82 |
| iv_502-iv_505 | 1962 | 4313 | 39 | 77 |
| iv_497-iv_502 | 1925 | 4320 | 50 | 75 |
| iv_502-iv_504 | 1891 | 4322 | 44 | 80 |

### Input Bit Output Co-occurrences Sorted by Output Co-occurrences

| Input Bits | Co-occurrences | Potential Occurrences | Output Co-occurrences | Potential Output Occurrences |
|:----------:|:--------------:|:---------------------:|:---------------------:|:----------------------------:|
| iv_497-iv_511 | 2029 | 4438 | 51 | 64 |
| iv_497-iv_502 | 1925 | 4320 | 50 | 75 |
| iv_499-iv_511 | 2068 | 4375 | 49 | 69 |
| iv_499-iv_502 | 1901 | 4383 | 48 | 80 |
| iv_499-iv_501 | 1922 | 4422 | 47 | 72 |
| iv_499-iv_506 | 2010 | 4421 | 47 | 74 |
| iv_497-iv_504 | 1972 | 4332 | 47 | 75 |
| iv_498-iv_499 | 1879 | 4416 | 46 | 76 |
| iv_497-iv_498 | 1918 | 4323 | 46 | 75 |
| iv_497-iv_507 | 2025 | 4529 | 45 | 78 |
| iv_502-iv_507 | 1964 | 4479 | 45 | 77 |
| iv_500-iv_502 | 1879 | 4368 | 44 | 75 |

### Input Bit Output Co-occurrences Sorted by Potential Output Occurrences

| Input Bits | Co-occurrences | Potential Occurrences | Output Co-occurrences | Potential Output Occurrences |
|:----------:|:--------------:|:---------------------:|:---------------------:|:----------------------------:|
| iv_497-iv_511 | 2029 | 4438 | 51 | 64 |
| iv_503-iv_505 | 2067 | 4357 | 40 | 65 |
| iv_499-iv_511 | 2068 | 4375 | 49 | 69 |
| iv_506-iv_507 | 2112 | 4439 | 44 | 71 |
| iv_499-iv_501 | 1922 | 4422 | 47 | 72 |
| iv_506-iv_511 | 2100 | 4380 | 42 | 73 |
| iv_501-iv_511 | 2049 | 4307 | 41 | 73 |
| iv_504-iv_511 | 2023 | 4384 | 43 | 73 |
| iv_499-iv_506 | 2010 | 4421 | 47 | 74 |
| iv_498-iv_504 | 1910 | 4273 | 43 | 74 |
| iv_500-iv_502 | 1879 | 4368 | 44 | 75 |
| iv_497-iv_498 | 1918 | 4323 | 46 | 75 |

## Output Bits

### Output Bits in Regular Order

| Rank | Output Bit | Complexity |
|:----:|:----------:|:----------:|
| 1 | ov_001 | 1.607036834414405 × 10^306 |
| 2 | ov_002 | 1.3984015351385768 × 10^306 |
| 3 | ov_003 | 1.211089257118056 × 10^306 |
| 4 | ov_004 | 1.0435018531010908 × 10^306 |
| 5 | ov_005 | 8.941287764276158 × 10^305 |
| 6 | ov_006 | 7.615407989728745 × 10^305 |
| 7 | ov_007 | 6.4438453565255675 × 10^305 |
| 8 | ov_008 | 5.413777277855392 × 10^305 |
| 9 | ov_009 | 4.5130522608700565 × 10^305 |
| 10 | ov_010 | 3.730156032286645 × 10^305 |
| 11 | ov_011 | 3.0541832512081242 × 10^305 |
| 12 | ov_012 | 2.4748141413861686 × 10^305 |
| 13 | ov_013 | 1.982295415013976 × 10^305 |
| 14 | ov_014 | 1.5674248993686443 × 10^305 |
| 15 | ov_015 | 1.2215393163708233 × 10^305 |
| 16 | ov_016 | 9.365047035137433 × 10^304 |
| 17 | ov_017 | 7.047090027295231 × 10^304 |
| 18 | ov_018 | 5.190563816822669 × 10^304 |
| 19 | ov_019 | 3.7296290991175856 × 10^304 |
| 20 | ov_020 | 2.60353308042028 × 10^304 |
| 21 | ov_021 | 1.756585769541959 × 10^304 |
| 22 | ov_022 | 1.1381434203073762 × 10^304 |
| 23 | ov_023 | 7.025974017224691 × 10^303 |
| 24 | ov_024 | 4.093669607681423 × 10^303 |
| 25 | ov_025 | 2.2289479259915505 × 10^303 |
| 26 | ov_026 | 1.1264461310118474 × 10^303 |
| 27 | ov_027 | 5.31000163022666 × 10^302 |
| 28 | ov_028 | 2.3764023661060665 × 10^302 |
| 29 | ov_029 | 9.158938925772418 × 10^301 |
| 30 | ov_030 | 2.8007270028455283 × 10^301 |
| 31 | ov_031 | 5.4648771885885854 × 10^300 |
| 32 | lv_80_m31 | 1.0661930580989044 × 10^300 |
| 33 | ov_033 | 1.2819163912583247 × 10^301 |
| 34 | ov_034 | 1.1134313255121905 × 10^301 |
| 35 | ov_035 | 9.625659379362656 × 10^300 |
| 36 | ov_036 | 8.278317931305988 × 10^300 |
| 37 | ov_037 | 7.078212975433934 × 10^300 |
| 38 | ov_038 | 6.012019917251825 × 10^300 |
| 39 | ov_039 | 5.067116041089005 × 10^300 |
| 40 | ov_040 | 4.231537949518616 × 10^300 |
| 41 | ov_041 | 3.4994638629463065 × 10^300 |
| 42 | ov_042 | 2.8653751457472838 × 10^300 |
| 43 | ov_043 | 2.3240422474611314 × 10^300 |
| 44 | ov_044 | 1.8658285123119565 × 10^300 |
| 45 | ov_045 | 1.4816248526444857 × 10^300 |
| 46 | ov_046 | 1.162835596513954 × 10^300 |
| 47 | ov_047 | 9.013672198096602 × 10^299 |
| 48 | ov_048 | 6.896195225799413 × 10^299 |
| 49 | ov_049 | 5.204788419210786 × 10^299 |
| 50 | ov_050 | 3.873129264007418 × 10^299 |
| 51 | ov_051 | 2.8396712952904752 × 10^299 |
| 52 | ov_052 | 2.0476162760181503 × 10^299 |
| 53 | ov_053 | 1.4448944362702526 × 10^299 |
| 54 | ov_054 | 9.8415118063415 × 10^298 |
| 55 | ov_055 | 6.428867023721269 × 10^298 |
| 56 | ov_056 | 4.0095298792558606 × 10^298 |
| 57 | ov_057 | 2.4055190182973877 × 10^298 |
| 58 | ov_058 | 1.3313291626337797 × 10^298 |
| 59 | ov_059 | 6.559486429254995 × 10^297 |
| 60 | ov_060 | 2.7184506147811514 × 10^297 |
| 61 | ov_061 | 9.49643184989006 × 10^296 |
| 62 | ov_062 | 2.6052479700249802 × 10^296 |
| 63 | ov_063 | 5.078169803895532 × 10^295 |
| 64 | lv_79_m31 | 9.89618121221885 × 10^294 |
| 65 | ov_065 | 1.1824344713423408 × 10^296 |
| 66 | ov_066 | 1.1824310221381297 × 10^296 |
| 67 | ov_067 | 1.182430189912621 × 10^296 |
| 68 | ov_068 | 1.0244489223758486 × 10^296 |
| 69 | ov_069 | 8.830323628630024 × 10^295 |
| 70 | ov_070 | 7.569312421425278 × 10^295 |
| 71 | ov_071 | 6.449615102878175 × 10^295 |
| 72 | ov_072 | 5.459996981495692 × 10^295 |
| 73 | ov_073 | 4.5897896664752667 × 10^295 |
| 74 | ov_074 | 3.828857740078136 × 10^295 |
| 75 | ov_075 | 3.167570947662435 × 10^295 |
| 76 | ov_076 | 2.5967812791163063 × 10^295 |
| 77 | ov_077 | 2.1078043498133746 × 10^295 |
| 78 | ov_078 | 1.6924045226593687 × 10^295 |
| 79 | ov_079 | 1.3427832454969396 × 10^295 |
| 80 | ov_080 | 1.0515701102455917 × 10^295 |
| 81 | ov_081 | 8.118161718079412 × 10^294 |
| 82 | ov_082 | 6.169890960813799 × 10^294 |
| 83 | ov_083 | 4.6096973746252954 × 10^294 |
| 84 | ov_084 | 3.380497770891849 × 10^294 |
| 85 | ov_085 | 2.4293008378479466 × 10^294 |
| 86 | ov_086 | 1.7071951917822745 × 10^294 |
| 87 | ov_087 | 1.1693402186913369 × 10^294 |
| 88 | ov_088 | 7.74959074348452 × 10^293 |
| 89 | ov_089 | 4.873335378348367 × 10^293 |
| 90 | ov_090 | 2.8911861752257963 × 10^293 |
| 91 | ov_091 | 1.6499610954179943 × 10^293 |
| 92 | ov_092 | 9.040674827814711 × 10^292 |
| 93 | ov_093 | 4.4841768415648055 × 10^292 |
| 94 | ov_094 | 1.9059349898371089 × 10^292 |
| 95 | aaa_78_28 | 5.842695829001013 × 10^291 |
| 96 | aaa_78_29 | 1.7738349903177943 × 10^291 |
| 97 | ov_097 | 9.578179623850875 × 10^290 |
| 98 | ov_098 | 9.57812932862034 × 10^290 |
| 99 | ov_099 | 9.578113266200803 × 10^290 |
| 100 | ov_100 | 8.19537705038102 × 10^290 |
| 101 | ov_101 | 6.968251697859317 × 10^290 |
| 102 | ov_102 | 5.884301695582747 × 10^290 |
| 103 | ov_103 | 4.931774011333706 × 10^290 |
| 104 | ov_104 | 4.0995485024163455 × 10^290 |
| 105 | ov_105 | 3.3770947854143063 × 10^290 |
| 106 | ov_106 | 2.7544349734809807 × 10^290 |
| 107 | ov_107 | 2.222111718405634 × 10^290 |
| 108 | ov_108 | 1.7711610243641241 × 10^290 |
| 109 | ov_109 | 1.393089329027614 × 10^290 |
| 110 | ov_110 | 1.0798543757527213 × 10^290 |
| 111 | ov_111 | 8.238494280712978 × 10^289 |
| 112 | ov_112 | 6.178904047715237 × 10^289 |
| 113 | ov_113 | 4.552055406244648 × 10^289 |
| 114 | ov_114 | 3.294272043502686 × 10^289 |
| 115 | ov_115 | 2.34585531804488 × 10^289 |
| 116 | ov_116 | 1.6510355864852747 × 10^289 |
| 117 | ov_117 | 1.1579356298490042 × 10^289 |
| 118 | ov_118 | 8.185435461248645 × 10^288 |
| 119 | ov_119 | 5.886929845503901 × 10^288 |
| 120 | ov_120 | 4.2804932083344795 × 10^288 |
| 121 | ov_121 | 3.0010060112117644 × 10^288 |
| 122 | ov_122 | 2.0103329077631814 × 10^288 |
| 123 | ov_123 | 1.270358927298125 × 10^288 |
| 124 | ov_124 | 7.429797744303198 × 10^287 |
| 125 | ov_125 | 3.900958176504055 × 10^287 |
| 126 | ov_126 | 1.7360902179330162 × 10^287 |
| 127 | aaa_77_28 | 5.542177006944552 × 10^286 |
| 128 | aaa_77_29 | 2.076879951446562 × 10^286 |
| 129 | ov_129 | 1.9225067038314842 × 10^286 |
| 130 | ov_130 | 1.9225010331371944 × 10^286 |
| 131 | ov_131 | 1.9224996619053387 × 10^286 |
| 132 | ov_132 | 1.6661526509339923 × 10^286 |
| 133 | ov_133 | 1.4366929101242712 × 10^286 |
| 134 | ov_134 | 1.2320777039153978 × 10^286 |
| 135 | ov_135 | 1.0503737894060911 × 10^286 |
| 136 | ov_136 | 8.89749593992308 × 10^285 |
| 137 | ov_137 | 7.48468475222663 × 10^285 |
| 138 | ov_138 | 6.248829595908083 × 10^285 |
| 139 | ov_139 | 5.174298622717971 × 10^285 |
| 140 | ov_140 | 4.246261949411059 × 10^285 |
| 141 | ov_141 | 3.4506577382508724 × 10^285 |
| 142 | ov_142 | 2.774164450491693 × 10^285 |
| 143 | ov_143 | 2.204178491990326 × 10^285 |
| 144 | ov_144 | 1.728796518094233 × 10^285 |
| 145 | ov_145 | 1.3368017126000699 × 10^285 |
| 146 | ov_146 | 1.0176534029869413 × 10^285 |
| 147 | ov_147 | 7.614794213798427 × 10^284 |
| 148 | ov_148 | 5.590706678456103 × 10^284 |
| 149 | ov_149 | 4.018773797035523 × 10^284 |
| 150 | ov_150 | 2.820066575701419 × 10^284 |
| 151 | ov_151 | 1.922208651349197 × 10^284 |
| 152 | ov_152 | 1.2593662152514872 × 10^284 |
| 153 | ov_153 | 7.722419815873989 × 10^283 |
| 154 | ov_154 | 4.328208888721272 × 10^283 |
| 155 | ov_155 | 2.1635381742172964 × 10^283 |
| 156 | aaa_76_25 | 8.313795562262756 × 10^282 |
| 157 | aaa_76_26 | 4.801434125884406 × 10^282 |
| 158 | aaa_76_27 | 2.4580421682535062 × 10^282 |
| 159 | aaa_76_28 | 9.571616799458109 × 10^281 |
| 160 | aaa_76_29 | 2.9112797377155235 × 10^281 |

### Output Bits Sorted by Complexity

| Rank | Output Bit | Complexity |
|:----:|:----------:|:----------:|
| 160 | aaa_76_29 | 2.9112797377155235 × 10^281 |
| 159 | aaa_76_28 | 9.571616799458109 × 10^281 |
| 158 | aaa_76_27 | 2.4580421682535062 × 10^282 |
| 157 | aaa_76_26 | 4.801434125884406 × 10^282 |
| 156 | aaa_76_25 | 8.313795562262756 × 10^282 |
| 155 | ov_155 | 2.1635381742172964 × 10^283 |
| 154 | ov_154 | 4.328208888721272 × 10^283 |
| 153 | ov_153 | 7.722419815873989 × 10^283 |
| 152 | ov_152 | 1.2593662152514872 × 10^284 |
| 151 | ov_151 | 1.922208651349197 × 10^284 |
| 150 | ov_150 | 2.820066575701419 × 10^284 |
| 149 | ov_149 | 4.018773797035523 × 10^284 |
| 148 | ov_148 | 5.590706678456103 × 10^284 |
| 147 | ov_147 | 7.614794213798427 × 10^284 |
| 146 | ov_146 | 1.0176534029869413 × 10^285 |
| 145 | ov_145 | 1.3368017126000699 × 10^285 |
| 144 | ov_144 | 1.728796518094233 × 10^285 |
| 143 | ov_143 | 2.204178491990326 × 10^285 |
| 142 | ov_142 | 2.774164450491693 × 10^285 |
| 141 | ov_141 | 3.4506577382508724 × 10^285 |
| 140 | ov_140 | 4.246261949411059 × 10^285 |
| 139 | ov_139 | 5.174298622717971 × 10^285 |
| 138 | ov_138 | 6.248829595908083 × 10^285 |
| 137 | ov_137 | 7.48468475222663 × 10^285 |
| 136 | ov_136 | 8.89749593992308 × 10^285 |
| 135 | ov_135 | 1.0503737894060911 × 10^286 |
| 134 | ov_134 | 1.2320777039153978 × 10^286 |
| 133 | ov_133 | 1.4366929101242712 × 10^286 |
| 132 | ov_132 | 1.6661526509339923 × 10^286 |
| 131 | ov_131 | 1.9224996619053387 × 10^286 |
| 130 | ov_130 | 1.9225010331371944 × 10^286 |
| 129 | ov_129 | 1.9225067038314842 × 10^286 |
| 128 | aaa_77_29 | 2.076879951446562 × 10^286 |
| 127 | aaa_77_28 | 5.542177006944552 × 10^286 |
| 126 | ov_126 | 1.7360902179330162 × 10^287 |
| 125 | ov_125 | 3.900958176504055 × 10^287 |
| 124 | ov_124 | 7.429797744303198 × 10^287 |
| 123 | ov_123 | 1.270358927298125 × 10^288 |
| 122 | ov_122 | 2.0103329077631814 × 10^288 |
| 121 | ov_121 | 3.0010060112117644 × 10^288 |
| 120 | ov_120 | 4.2804932083344795 × 10^288 |
| 119 | ov_119 | 5.886929845503901 × 10^288 |
| 118 | ov_118 | 8.185435461248645 × 10^288 |
| 117 | ov_117 | 1.1579356298490042 × 10^289 |
| 116 | ov_116 | 1.6510355864852747 × 10^289 |
| 115 | ov_115 | 2.34585531804488 × 10^289 |
| 114 | ov_114 | 3.294272043502686 × 10^289 |
| 113 | ov_113 | 4.552055406244648 × 10^289 |
| 112 | ov_112 | 6.178904047715237 × 10^289 |
| 111 | ov_111 | 8.238494280712978 × 10^289 |
| 110 | ov_110 | 1.0798543757527213 × 10^290 |
| 109 | ov_109 | 1.393089329027614 × 10^290 |
| 108 | ov_108 | 1.7711610243641241 × 10^290 |
| 107 | ov_107 | 2.222111718405634 × 10^290 |
| 106 | ov_106 | 2.7544349734809807 × 10^290 |
| 105 | ov_105 | 3.3770947854143063 × 10^290 |
| 104 | ov_104 | 4.0995485024163455 × 10^290 |
| 103 | ov_103 | 4.931774011333706 × 10^290 |
| 102 | ov_102 | 5.884301695582747 × 10^290 |
| 101 | ov_101 | 6.968251697859317 × 10^290 |
| 100 | ov_100 | 8.19537705038102 × 10^290 |
| 99 | ov_099 | 9.578113266200803 × 10^290 |
| 98 | ov_098 | 9.57812932862034 × 10^290 |
| 97 | ov_097 | 9.578179623850875 × 10^290 |
| 96 | aaa_78_29 | 1.7738349903177943 × 10^291 |
| 95 | aaa_78_28 | 5.842695829001013 × 10^291 |
| 94 | ov_094 | 1.9059349898371089 × 10^292 |
| 93 | ov_093 | 4.4841768415648055 × 10^292 |
| 92 | ov_092 | 9.040674827814711 × 10^292 |
| 91 | ov_091 | 1.6499610954179943 × 10^293 |
| 90 | ov_090 | 2.8911861752257963 × 10^293 |
| 89 | ov_089 | 4.873335378348367 × 10^293 |
| 88 | ov_088 | 7.74959074348452 × 10^293 |
| 87 | ov_087 | 1.1693402186913369 × 10^294 |
| 86 | ov_086 | 1.7071951917822745 × 10^294 |
| 85 | ov_085 | 2.4293008378479466 × 10^294 |
| 84 | ov_084 | 3.380497770891849 × 10^294 |
| 83 | ov_083 | 4.6096973746252954 × 10^294 |
| 82 | ov_082 | 6.169890960813799 × 10^294 |
| 81 | ov_081 | 8.118161718079412 × 10^294 |
| 64 | lv_79_m31 | 9.89618121221885 × 10^294 |
| 80 | ov_080 | 1.0515701102455917 × 10^295 |
| 79 | ov_079 | 1.3427832454969396 × 10^295 |
| 78 | ov_078 | 1.6924045226593687 × 10^295 |
| 77 | ov_077 | 2.1078043498133746 × 10^295 |
| 76 | ov_076 | 2.5967812791163063 × 10^295 |
| 75 | ov_075 | 3.167570947662435 × 10^295 |
| 74 | ov_074 | 3.828857740078136 × 10^295 |
| 73 | ov_073 | 4.5897896664752667 × 10^295 |
| 63 | ov_063 | 5.078169803895532 × 10^295 |
| 72 | ov_072 | 5.459996981495692 × 10^295 |
| 71 | ov_071 | 6.449615102878175 × 10^295 |
| 70 | ov_070 | 7.569312421425278 × 10^295 |
| 69 | ov_069 | 8.830323628630024 × 10^295 |
| 68 | ov_068 | 1.0244489223758486 × 10^296 |
| 67 | ov_067 | 1.182430189912621 × 10^296 |
| 66 | ov_066 | 1.1824310221381297 × 10^296 |
| 65 | ov_065 | 1.1824344713423408 × 10^296 |
| 62 | ov_062 | 2.6052479700249802 × 10^296 |
| 61 | ov_061 | 9.49643184989006 × 10^296 |
| 60 | ov_060 | 2.7184506147811514 × 10^297 |
| 59 | ov_059 | 6.559486429254995 × 10^297 |
| 58 | ov_058 | 1.3313291626337797 × 10^298 |
| 57 | ov_057 | 2.4055190182973877 × 10^298 |
| 56 | ov_056 | 4.0095298792558606 × 10^298 |
| 55 | ov_055 | 6.428867023721269 × 10^298 |
| 54 | ov_054 | 9.8415118063415 × 10^298 |
| 53 | ov_053 | 1.4448944362702526 × 10^299 |
| 52 | ov_052 | 2.0476162760181503 × 10^299 |
| 51 | ov_051 | 2.8396712952904752 × 10^299 |
| 50 | ov_050 | 3.873129264007418 × 10^299 |
| 49 | ov_049 | 5.204788419210786 × 10^299 |
| 48 | ov_048 | 6.896195225799413 × 10^299 |
| 47 | ov_047 | 9.013672198096602 × 10^299 |
| 32 | lv_80_m31 | 1.0661930580989044 × 10^300 |
| 46 | ov_046 | 1.162835596513954 × 10^300 |
| 45 | ov_045 | 1.4816248526444857 × 10^300 |
| 44 | ov_044 | 1.8658285123119565 × 10^300 |
| 43 | ov_043 | 2.3240422474611314 × 10^300 |
| 42 | ov_042 | 2.8653751457472838 × 10^300 |
| 41 | ov_041 | 3.4994638629463065 × 10^300 |
| 40 | ov_040 | 4.231537949518616 × 10^300 |
| 39 | ov_039 | 5.067116041089005 × 10^300 |
| 31 | ov_031 | 5.4648771885885854 × 10^300 |
| 38 | ov_038 | 6.012019917251825 × 10^300 |
| 37 | ov_037 | 7.078212975433934 × 10^300 |
| 36 | ov_036 | 8.278317931305988 × 10^300 |
| 35 | ov_035 | 9.625659379362656 × 10^300 |
| 34 | ov_034 | 1.1134313255121905 × 10^301 |
| 33 | ov_033 | 1.2819163912583247 × 10^301 |
| 30 | ov_030 | 2.8007270028455283 × 10^301 |
| 29 | ov_029 | 9.158938925772418 × 10^301 |
| 28 | ov_028 | 2.3764023661060665 × 10^302 |
| 27 | ov_027 | 5.31000163022666 × 10^302 |
| 26 | ov_026 | 1.1264461310118474 × 10^303 |
| 25 | ov_025 | 2.2289479259915505 × 10^303 |
| 24 | ov_024 | 4.093669607681423 × 10^303 |
| 23 | ov_023 | 7.025974017224691 × 10^303 |
| 22 | ov_022 | 1.1381434203073762 × 10^304 |
| 21 | ov_021 | 1.756585769541959 × 10^304 |
| 20 | ov_020 | 2.60353308042028 × 10^304 |
| 19 | ov_019 | 3.7296290991175856 × 10^304 |
| 18 | ov_018 | 5.190563816822669 × 10^304 |
| 17 | ov_017 | 7.047090027295231 × 10^304 |
| 16 | ov_016 | 9.365047035137433 × 10^304 |
| 15 | ov_015 | 1.2215393163708233 × 10^305 |
| 14 | ov_014 | 1.5674248993686443 × 10^305 |
| 13 | ov_013 | 1.982295415013976 × 10^305 |
| 12 | ov_012 | 2.4748141413861686 × 10^305 |
| 11 | ov_011 | 3.0541832512081242 × 10^305 |
| 10 | ov_010 | 3.730156032286645 × 10^305 |
| 9 | ov_009 | 4.5130522608700565 × 10^305 |
| 8 | ov_008 | 5.413777277855392 × 10^305 |
| 7 | ov_007 | 6.4438453565255675 × 10^305 |
| 6 | ov_006 | 7.615407989728745 × 10^305 |
| 5 | ov_005 | 8.941287764276158 × 10^305 |
| 4 | ov_004 | 1.0435018531010908 × 10^306 |
| 3 | ov_003 | 1.211089257118056 × 10^306 |
| 2 | ov_002 | 1.3984015351385768 × 10^306 |
| 1 | ov_001 | 1.607036834414405 × 10^306 |

