# Results for F001-F002-F003-F004-F005-F006-F007-F008-F009-F010-F011-F012-F013-F014-F015-F016-F017-F018-F019-F020-F021-F022-F023-F024-F025-F026-F027-F028-F029-F030-F031-F032-F033-F034-F035-F036-F037-F038-F039-F040-F041-F042-F043-F044-F045-F046-F047-F048-F049-F050-F051-F052-F053-F054-F055-F056-F057-F058-F059-F060-F061-F062-F063-F064-F065-F066-F067-F068-F069-F070-F071-F072-F073-F074-F075-F076-F077-F078-F079-F080-F081-F082-F083-F084-F085-F086-F087-F088-F089-F090-F091-F092-F093-F094-F095-F096-F097-F098-F099-F100-F101-F102-F103-F104-F105-F106-F107-F108-F109-F110-F111-F112-F113-F114-F115-F116-F117-F118-F119-F120-F121-F122-F123-F124-F125-F126-F127-F128-F129-F130-F131-F132-F133-F134-F135-F136-F137-F138-F139-F140-F141-F142-F143-F144-F145-F146-F147-F148-F149-F150-F151-F152-F153-F154-F155-F156-F157-F158-F159-F160-F161-F162-F163-F164-F165-F166-F167-F168-F169-F170-F171-F172-F173-F174-F175-F176-F177-F178-F179-F180-F181-F182-F183-F184-F185-F186-F187-F188-F189-F190-F191-F192-F193-F194-F195-F196-F197-F198-F199-F200-F201-F202-F203-F204-F205-F206-F207-F208-F209-F210-F211-F212-F213-F214-F215-F216-F217-F218-F219-F220-F221-F222-F223-F224-F225-F226-F227-F228-F229-F230-F231-F232-F233-F234-F235-F236-F237-F238-F239-F240-F241-F242-F243-F244-F245-F246-F247-F248-F249-F250-F251-F252-F253-F254-F255-F256-F257-F258-F259-F260-F261-F262-F263-F264-F265-F266-F267-F268-F269-F270-F271-F272-F273-F274-F275-F276-F277-F278-F279-F280-F281-F282-F283-F284-F285-F286-F287-F288-F289-F290-F291-F292-F293-F294-F295-F296-F297-F298-F299-F300-F301-F302-F303-F304-F305-F306-F307-F308-F309-F310-F311-F312-F313-F314-F315-F316-F317-F318-F319-F320-F321-F322-F323-F324-F325-F326-F327-F328-F329-F330-F331-F332-F333-F334-F335-F336-F337-F338-F339-F340-F341-F342-F343-F344-F345-F346-F347-F348-F349-F350-F351-F352-F353-F354-F355-F356-F357-F358-F359-F360-F361-F362-F363-F364-F365-F366-F367-F368-F369-F370-F371-F372-F373-F374-F375-F376-F377-F378-F379-F380-F381-F382-F383-F384-F385-F386-F387-F388-F389-F390-F391-F392-F393-F394-F395-F396-F397-F398-F399-F400-F401-F402-F403-F404-F405-F406-F407-F408-F409-F410-F411-F412-F413-F414-F415-F416-F417-F418-F419-F420-F421-F422-F423-F424-F425-F426-F427-F428-F429-F430-F431-F432-F433-F434-F435-F436-F437-F438-F439-F440-F441-F442-F443-F444-F445-F446-F447-F448-F449-F450-F451-F452-F453-F454-F455-F456-F457-F458-F459-F460-F461-F462-F463-F464-F465-F466-F467-F468-F469-F470-F471-F472-F473-F474-F475-F476-F477-F478-F479-F480-F481-F482-F483-F484-F485-F486-F487-F488-F489-F490-F491-F492-F493-F494-F495-F496-E499505-O504506-F510-F512

## Summary

Number of input bits: 512  
Number of free input bits: 12  
Number of output bits: 160

Number of direct occurrences: 50352  
Number of assignments: 32025  
Number of operations: 11829048
(xor: 11799762,
and: 15724,
or: 13562)

Total complexity: 4.73412219237706 × 10^307

Least occurring input variable: iv_502 (3925)  
Most occurring input variable: iv_504 (4363)

Most co-occurring input variables: iv_504-iv_509 (2107)  
Least co-occurring input variables: iv_502-iv_503 (1789)

Potentially most occurring input variable: iv_497/iv_508 (4571)  
Potentially least occurring input variable: iv_501/iv_502 (4238)

Least output occurring input variable: iv_507 (69)  
Most output occurring input variable: iv_501 (88)

Most output co-occurring input variables: iv_501-iv_503 (50)  
Least output co-occurring input variables: iv_500-iv_507 (24)

Potentially most output occurring input variable: iv_497/iv_499 (98)  
Potentially least output occurring input variable: iv_500/iv_501 (65)

Least complex input bit: iv_511 (5.783255684354066 × 10^303)  
Most complex input bit: iv_504 (9.33461827548355 × 10^306)

Least complex output bit: aaa_76_29 (1.2774204051002545 × 10^282)  
Most complex output bit: ov_001 (7.401131744989962 × 10^306)

Least complex input/output complexity: iv_511/aaa_76_29 (1.5605108019817486 × 10^278)  
Most complex input/output complexity: iv_504/ov_001 (1.4593357931759561 × 10^306)

## Input Bits

### Input Bits in Regular Order

| Input Bit | Complexity | Occurrences | Output Occurrences |
|:---------:|:----------:|:-----------:|:------------------:|
| iv_497 | 1.3451000478922723 × 10^305 | 4103 | 82 |
| iv_498 | 2.681660144987183 × 10^305 | 4029 | 78 |
| iv_499 | 8.530396512873188 × 10^306 | 4337 | 82 |
| iv_500 | 7.944624247579983 × 10^305 | 4146 | 69 |
| iv_501 | 1.312515564151075 × 10^306 | 4147 | 88 |
| iv_502 | 2.1237791663476008 × 10^306 | 3925 | 79 |
| iv_503 | 3.375733343031633 × 10^306 | 4190 | 83 |
| iv_504 | 9.33461827548355 × 10^306 | 4363 | 87 |
| iv_507 | 5.84187198951119 × 10^306 | 4218 | 69 |
| iv_508 | 7.753151401810995 × 10^306 | 4260 | 76 |
| iv_509 | 7.866233970831082 × 10^306 | 4318 | 76 |
| iv_511 | 5.783255684354066 × 10^303 | 4316 | 87 |

### Input Bits Sorted by Complexity

| Input Bit | Complexity | Occurrences | Output Occurrences |
|:---------:|:----------:|:-----------:|:------------------:|
| iv_511 | 5.783255684354066 × 10^303 | 4316 | 87 |
| iv_497 | 1.3451000478922723 × 10^305 | 4103 | 82 |
| iv_498 | 2.681660144987183 × 10^305 | 4029 | 78 |
| iv_500 | 7.944624247579983 × 10^305 | 4146 | 69 |
| iv_501 | 1.312515564151075 × 10^306 | 4147 | 88 |
| iv_502 | 2.1237791663476008 × 10^306 | 3925 | 79 |
| iv_503 | 3.375733343031633 × 10^306 | 4190 | 83 |
| iv_507 | 5.84187198951119 × 10^306 | 4218 | 69 |
| iv_508 | 7.753151401810995 × 10^306 | 4260 | 76 |
| iv_509 | 7.866233970831082 × 10^306 | 4318 | 76 |
| iv_499 | 8.530396512873188 × 10^306 | 4337 | 82 |
| iv_504 | 9.33461827548355 × 10^306 | 4363 | 87 |

### Input Bits Sorted by Occurrences

| Input Bit | Complexity | Occurrences | Output Occurrences |
|:---------:|:----------:|:-----------:|:------------------:|
| iv_502 | 2.1237791663476008 × 10^306 | 3925 | 79 |
| iv_498 | 2.681660144987183 × 10^305 | 4029 | 78 |
| iv_497 | 1.3451000478922723 × 10^305 | 4103 | 82 |
| iv_500 | 7.944624247579983 × 10^305 | 4146 | 69 |
| iv_501 | 1.312515564151075 × 10^306 | 4147 | 88 |
| iv_503 | 3.375733343031633 × 10^306 | 4190 | 83 |
| iv_507 | 5.84187198951119 × 10^306 | 4218 | 69 |
| iv_508 | 7.753151401810995 × 10^306 | 4260 | 76 |
| iv_511 | 5.783255684354066 × 10^303 | 4316 | 87 |
| iv_509 | 7.866233970831082 × 10^306 | 4318 | 76 |
| iv_499 | 8.530396512873188 × 10^306 | 4337 | 82 |
| iv_504 | 9.33461827548355 × 10^306 | 4363 | 87 |

### Input Bits Sorted by Output Occurrences

| Input Bit | Complexity | Occurrences | Output Occurrences |
|:---------:|:----------:|:-----------:|:------------------:|
| iv_507 | 5.84187198951119 × 10^306 | 4218 | 69 |
| iv_500 | 7.944624247579983 × 10^305 | 4146 | 69 |
| iv_509 | 7.866233970831082 × 10^306 | 4318 | 76 |
| iv_508 | 7.753151401810995 × 10^306 | 4260 | 76 |
| iv_498 | 2.681660144987183 × 10^305 | 4029 | 78 |
| iv_502 | 2.1237791663476008 × 10^306 | 3925 | 79 |
| iv_497 | 1.3451000478922723 × 10^305 | 4103 | 82 |
| iv_499 | 8.530396512873188 × 10^306 | 4337 | 82 |
| iv_503 | 3.375733343031633 × 10^306 | 4190 | 83 |
| iv_504 | 9.33461827548355 × 10^306 | 4363 | 87 |
| iv_511 | 5.783255684354066 × 10^303 | 4316 | 87 |
| iv_501 | 1.312515564151075 × 10^306 | 4147 | 88 |

## Input Bit Co-occurrences

### Input Bit Co-occurrences Sorted by Co-occurrences

| Input Bits | Co-occurrences | Potential Occurrences | Output Co-occurrences | Potential Output Occurrences |
|:----------:|:--------------:|:---------------------:|:---------------------:|:----------------------------:|
| iv_504-iv_509 | 2107 | 4467 | 42 | 79 |
| iv_499-iv_509 | 2106 | 4443 | 43 | 72 |
| iv_499-iv_504 | 2099 | 4502 | 38 | 93 |
| iv_507-iv_509 | 2098 | 4340 | 30 | 85 |
| iv_504-iv_508 | 2098 | 4427 | 41 | 81 |
| iv_499-iv_508 | 2096 | 4405 | 37 | 84 |
| iv_503-iv_504 | 2071 | 4411 | 43 | 84 |
| iv_508-iv_509 | 2071 | 4436 | 33 | 86 |
| iv_504-iv_511 | 2064 | 4551 | 50 | 74 |
| iv_503-iv_509 | 2059 | 4390 | 39 | 81 |
| iv_509-iv_511 | 2058 | 4518 | 37 | 89 |
| iv_499-iv_511 | 2053 | 4547 | 42 | 85 |

### Input Bit Co-occurrences Sorted by Potential Occurrences

| Input Bits | Co-occurrences | Potential Occurrences | Output Co-occurrences | Potential Output Occurrences |
|:----------:|:--------------:|:---------------------:|:---------------------:|:----------------------------:|
| iv_501-iv_502 | 1917 | 4238 | 38 | 91 |
| iv_497-iv_500 | 1990 | 4269 | 35 | 81 |
| iv_497-iv_501 | 1989 | 4272 | 45 | 80 |
| iv_500-iv_503 | 2023 | 4290 | 38 | 76 |
| iv_498-iv_500 | 1931 | 4313 | 33 | 81 |
| iv_502-iv_507 | 1915 | 4313 | 34 | 80 |
| iv_497-iv_509 | 2052 | 4317 | 36 | 86 |
| iv_500-iv_502 | 1870 | 4331 | 34 | 80 |
| iv_497-iv_502 | 1847 | 4334 | 43 | 75 |
| iv_498-iv_507 | 1956 | 4335 | 33 | 81 |
| iv_497-iv_507 | 1991 | 4339 | 36 | 79 |
| iv_507-iv_509 | 2098 | 4340 | 30 | 85 |

### Input Bit Output Co-occurrences Sorted by Output Co-occurrences

| Input Bits | Co-occurrences | Potential Occurrences | Output Co-occurrences | Potential Output Occurrences |
|:----------:|:--------------:|:---------------------:|:---------------------:|:----------------------------:|
| iv_504-iv_511 | 2064 | 4551 | 50 | 74 |
| iv_501-iv_503 | 1964 | 4409 | 50 | 71 |
| iv_499-iv_501 | 2003 | 4478 | 49 | 72 |
| iv_502-iv_511 | 1922 | 4397 | 47 | 72 |
| iv_501-iv_511 | 2038 | 4387 | 47 | 81 |
| iv_502-iv_504 | 1962 | 4364 | 46 | 74 |
| iv_500-iv_501 | 1928 | 4437 | 46 | 65 |
| iv_497-iv_511 | 1959 | 4501 | 46 | 77 |
| iv_497-iv_501 | 1989 | 4272 | 45 | 80 |
| iv_508-iv_511 | 2012 | 4552 | 45 | 73 |
| iv_499-iv_503 | 2002 | 4523 | 45 | 75 |
| iv_497-iv_502 | 1847 | 4334 | 43 | 75 |

### Input Bit Output Co-occurrences Sorted by Potential Output Occurrences

| Input Bits | Co-occurrences | Potential Occurrences | Output Co-occurrences | Potential Output Occurrences |
|:----------:|:--------------:|:---------------------:|:---------------------:|:----------------------------:|
| iv_500-iv_501 | 1928 | 4437 | 46 | 65 |
| iv_504-iv_507 | 2032 | 4517 | 43 | 70 |
| iv_507-iv_508 | 2007 | 4464 | 37 | 71 |
| iv_501-iv_503 | 1964 | 4409 | 50 | 71 |
| iv_499-iv_501 | 2003 | 4478 | 49 | 72 |
| iv_499-iv_509 | 2106 | 4443 | 43 | 72 |
| iv_502-iv_511 | 1922 | 4397 | 47 | 72 |
| iv_503-iv_508 | 2025 | 4400 | 43 | 73 |
| iv_508-iv_511 | 2012 | 4552 | 45 | 73 |
| iv_502-iv_504 | 1962 | 4364 | 46 | 74 |
| iv_504-iv_511 | 2064 | 4551 | 50 | 74 |
| iv_497-iv_502 | 1847 | 4334 | 43 | 75 |

## Output Bits

### Output Bits in Regular Order

| Rank | Output Bit | Complexity |
|:----:|:----------:|:----------:|
| 1 | ov_001 | 7.401131744989962 × 10^306 |
| 2 | ov_002 | 6.440222343717363 × 10^306 |
| 3 | ov_003 | 5.577537051696108 × 10^306 |
| 4 | ov_004 | 4.8057108379232886 × 10^306 |
| 5 | ov_005 | 4.117782043461595 × 10^306 |
| 6 | ov_006 | 3.507163839763407 × 10^306 |
| 7 | ov_007 | 2.9676193445639224 × 10^306 |
| 8 | ov_008 | 2.4932401030435858 × 10^306 |
| 9 | ov_009 | 2.0784276609952102 × 10^306 |
| 10 | ov_010 | 1.7178779330812304 × 10^306 |
| 11 | ov_011 | 1.4065680660367889 × 10^306 |
| 12 | ov_012 | 1.1397455139739756 × 10^306 |
| 13 | ov_013 | 9.129190598722567 × 10^305 |
| 14 | ov_014 | 7.218515339803689 × 10^305 |
| 15 | ov_015 | 5.625539962734623 × 10^305 |
| 16 | ov_016 | 4.312811663620598 × 10^305 |
| 17 | ov_017 | 3.245279003820076 × 10^305 |
| 18 | ov_018 | 2.390265304428617 × 10^305 |
| 19 | ov_019 | 1.7174489820356536 × 10^305 |
| 20 | ov_020 | 1.1988493009883997 × 10^305 |
| 21 | ov_021 | 8.08816242159238 × 10^304 |
| 22 | ov_022 | 5.240234782825473 × 10^304 |
| 23 | ov_023 | 3.234636505904229 × 10^304 |
| 24 | ov_024 | 1.8844529639961825 × 10^304 |
| 25 | ov_025 | 1.0259096783392202 × 10^304 |
| 26 | ov_026 | 5.183620046706771 × 10^303 |
| 27 | ov_027 | 2.4429027605371944 × 10^303 |
| 28 | ov_028 | 1.0929788571478953 × 10^303 |
| 29 | ov_029 | 4.211066929121194 × 10^302 |
| 30 | ov_030 | 1.2872123096260368 × 10^302 |
| 31 | ov_031 | 2.5103607822480146 × 10^301 |
| 32 | lv_80_m31 | 4.8948597715625065 × 10^300 |
| 33 | ov_033 | 5.895966027541606 × 10^301 |
| 34 | ov_034 | 5.119452280686352 × 10^301 |
| 35 | ov_035 | 4.423856655213788 × 10^301 |
| 36 | ov_036 | 3.8028441829468044 × 10^301 |
| 37 | ov_037 | 3.2504273094509675 × 10^301 |
| 38 | ov_038 | 2.760941332261644 × 10^301 |
| 39 | ov_039 | 2.329023023942607 × 10^301 |
| 40 | ov_040 | 1.9495921507152422 × 10^301 |
| 41 | ov_041 | 1.6178356119673688 × 10^301 |
| 42 | ov_042 | 1.329193940162575 × 10^301 |
| 43 | ov_043 | 1.0814492618949661 × 10^301 |
| 44 | ov_044 | 8.705170981683633 × 10^300 |
| 45 | ov_045 | 6.925378683969463 × 10^300 |
| 46 | ov_046 | 5.4387050330073795 × 10^300 |
| 47 | ov_047 | 4.210873216960597 × 10^300 |
| 48 | ov_048 | 3.2096999225657946 × 10^300 |
| 49 | ov_049 | 2.4050641462997488 × 10^300 |
| 50 | ov_050 | 1.7688836756642055 × 10^300 |
| 51 | ov_051 | 1.2750978495651357 × 10^300 |
| 52 | ov_052 | 8.996553389520022 × 10^299 |
| 53 | ov_053 | 6.205058209096193 × 10^299 |
| 54 | ov_054 | 4.17594551310632 × 10^299 |
| 55 | ov_055 | 2.728589729822122 × 10^299 |
| 56 | ov_056 | 1.702266573773804 × 10^299 |
| 57 | ov_057 | 1.0215872946697488 × 10^299 |
| 58 | ov_058 | 5.65599096562636 × 10^298 |
| 59 | ov_059 | 2.7879558836847124 × 10^298 |
| 60 | ov_060 | 1.1560932343646403 × 10^298 |
| 61 | ov_061 | 4.041140997495076 × 10^297 |
| 62 | ov_062 | 1.1093621134801982 × 10^297 |
| 63 | ov_063 | 2.163904076190174 × 10^296 |
| 64 | lv_79_m31 | 4.219978591721681 × 10^295 |
| 65 | ov_065 | 5.078505194804629 × 10^296 |
| 66 | ov_066 | 5.078491444416267 × 10^296 |
| 67 | ov_067 | 5.078488136242124 × 10^296 |
| 68 | ov_068 | 4.4127059477391945 × 10^296 |
| 69 | ov_069 | 3.815146638292216 × 10^296 |
| 70 | ov_070 | 3.2807923669118896 × 10^296 |
| 71 | ov_071 | 2.804879727622142 × 10^296 |
| 72 | ov_072 | 2.382881868376274 × 10^296 |
| 73 | ov_073 | 2.0104934956189695 × 10^296 |
| 74 | ov_074 | 1.6836184452803884 × 10^296 |
| 75 | ov_075 | 1.3983595180002799 × 10^296 |
| 76 | ov_076 | 1.1510102927199836 × 10^296 |
| 77 | ov_077 | 9.380486485644836 × 10^295 |
| 78 | ov_078 | 7.561317402670837 × 10^295 |
| 79 | ov_079 | 6.020921873543981 × 10^295 |
| 80 | ov_080 | 4.729352519851931 × 10^295 |
| 81 | ov_081 | 3.658367947878681 × 10^295 |
| 82 | ov_082 | 2.781418123219913 × 10^295 |
| 83 | ov_083 | 2.0736337394372566 × 10^295 |
| 84 | ov_084 | 1.5118180657089514 × 10^295 |
| 85 | ov_085 | 1.0744403806078964 × 10^295 |
| 86 | ov_086 | 7.416306687093657 × 10^294 |
| 87 | ov_087 | 4.951754408465336 × 10^294 |
| 88 | ov_088 | 3.185145389361238 × 10^294 |
| 89 | ov_089 | 1.9673878635683032 × 10^294 |
| 90 | ov_090 | 1.165883448952388 × 10^294 |
| 91 | ov_091 | 6.645163928935216 × 10^293 |
| 92 | ov_092 | 3.6364711570925463 × 10^293 |
| 93 | ov_093 | 1.8010874276229972 × 10^293 |
| 94 | ov_094 | 7.643572716768699 × 10^292 |
| 95 | aaa_78_28 | 2.339783569418918 × 10^292 |
| 96 | aaa_78_29 | 7.087363183412718 × 10^291 |
| 97 | ov_097 | 3.740231776898203 × 10^291 |
| 98 | ov_098 | 3.740208721223213 × 10^291 |
| 99 | ov_099 | 3.7402013500635196 × 10^291 |
| 100 | ov_100 | 3.170559420962394 × 10^291 |
| 101 | ov_101 | 2.668864819461012 × 10^291 |
| 102 | ov_102 | 2.2294167614500437 × 10^291 |
| 103 | ov_103 | 1.846830168636512 × 10^291 |
| 104 | ov_104 | 1.516012754146199 × 10^291 |
| 105 | ov_105 | 1.2321450128101071 × 10^291 |
| 106 | ov_106 | 9.906628562161125 × 10^290 |
| 107 | ov_107 | 7.872426462277702 × 10^290 |
| 108 | ov_108 | 6.177883937772026 × 10^290 |
| 109 | ov_109 | 4.784209024234451 × 10^290 |
| 110 | ov_110 | 3.654686485143911 × 10^290 |
| 111 | ov_111 | 2.7546020187110995 × 10^290 |
| 112 | ov_112 | 2.0511800278880238 × 10^290 |
| 113 | ov_113 | 1.5135332287000732 × 10^290 |
| 114 | ov_114 | 1.112622488148019 × 10^290 |
| 115 | ov_115 | 8.212253982324381 × 10^289 |
| 116 | ov_116 | 6.139122074324285 × 10^289 |
| 117 | ov_117 | 4.67027845417314 × 10^289 |
| 118 | ov_118 | 3.586788910183981 × 10^289 |
| 119 | ov_119 | 2.6872444762329315 × 10^289 |
| 120 | ov_120 | 1.9542209063990508 × 10^289 |
| 121 | ov_121 | 1.3703187226959366 × 10^289 |
| 122 | ov_122 | 9.181536589840243 × 10^288 |
| 123 | ov_123 | 5.803503717754905 × 10^288 |
| 124 | ov_124 | 3.395381945604401 × 10^288 |
| 125 | ov_125 | 1.7834850521305564 × 10^288 |
| 126 | ov_126 | 7.941338178014872 × 10^287 |
| 127 | aaa_77_28 | 2.5365085925765433 × 10^287 |
| 128 | aaa_77_29 | 9.51296997564898 × 10^286 |
| 129 | ov_129 | 8.888085631692079 × 10^286 |
| 130 | ov_130 | 8.888060732643768 × 10^286 |
| 131 | ov_131 | 8.888054706526835 × 10^286 |
| 132 | ov_132 | 7.723971000952584 × 10^286 |
| 133 | ov_133 | 6.679620783463063 × 10^286 |
| 134 | ov_134 | 5.746024426357181 × 10^286 |
| 135 | ov_135 | 4.914688866000073 × 10^286 |
| 136 | ov_136 | 4.1775728966874 × 10^286 |
| 137 | ov_137 | 3.527057122704255 × 10^286 |
| 138 | ov_138 | 2.95591813487413 × 10^286 |
| 139 | ov_139 | 2.457306500305797 × 10^286 |
| 140 | ov_140 | 2.0247281757494464 × 10^286 |
| 141 | ov_141 | 1.6520289761172622 × 10^286 |
| 142 | ov_142 | 1.3333817504350467 × 10^286 |
| 143 | ov_143 | 1.0632759378774794 × 10^286 |
| 144 | ov_144 | 8.365091966879398 × 10^285 |
| 145 | ov_145 | 6.481808187652697 × 10^285 |
| 146 | ov_146 | 4.936866625687197 × 10^285 |
| 147 | ov_147 | 3.6871535678884916 × 10^285 |
| 148 | ov_148 | 2.6924554698374173 × 10^285 |
| 149 | ov_149 | 1.9154397710403455 × 10^285 |
| 150 | ov_150 | 1.3216421753732223 × 10^285 |
| 151 | ov_151 | 8.794587099854947 × 10^284 |
| 152 | ov_152 | 5.6014107281857615 × 10^284 |
| 153 | ov_153 | 3.3779403194667464 × 10^284 |
| 154 | ov_154 | 1.8937399309522093 × 10^284 |
| 155 | ov_155 | 9.468819633330953 × 10^283 |
| 156 | aaa_76_25 | 3.639427885803159 × 10^283 |
| 157 | aaa_76_26 | 2.1028237213409127 × 10^283 |
| 158 | aaa_76_27 | 1.0770797644508819 × 10^283 |
| 159 | aaa_76_28 | 4.1969723994110407 × 10^282 |
| 160 | aaa_76_29 | 1.2774204051002545 × 10^282 |

### Output Bits Sorted by Complexity

| Rank | Output Bit | Complexity |
|:----:|:----------:|:----------:|
| 160 | aaa_76_29 | 1.2774204051002545 × 10^282 |
| 159 | aaa_76_28 | 4.1969723994110407 × 10^282 |
| 158 | aaa_76_27 | 1.0770797644508819 × 10^283 |
| 157 | aaa_76_26 | 2.1028237213409127 × 10^283 |
| 156 | aaa_76_25 | 3.639427885803159 × 10^283 |
| 155 | ov_155 | 9.468819633330953 × 10^283 |
| 154 | ov_154 | 1.8937399309522093 × 10^284 |
| 153 | ov_153 | 3.3779403194667464 × 10^284 |
| 152 | ov_152 | 5.6014107281857615 × 10^284 |
| 151 | ov_151 | 8.794587099854947 × 10^284 |
| 150 | ov_150 | 1.3216421753732223 × 10^285 |
| 149 | ov_149 | 1.9154397710403455 × 10^285 |
| 148 | ov_148 | 2.6924554698374173 × 10^285 |
| 147 | ov_147 | 3.6871535678884916 × 10^285 |
| 146 | ov_146 | 4.936866625687197 × 10^285 |
| 145 | ov_145 | 6.481808187652697 × 10^285 |
| 144 | ov_144 | 8.365091966879398 × 10^285 |
| 143 | ov_143 | 1.0632759378774794 × 10^286 |
| 142 | ov_142 | 1.3333817504350467 × 10^286 |
| 141 | ov_141 | 1.6520289761172622 × 10^286 |
| 140 | ov_140 | 2.0247281757494464 × 10^286 |
| 139 | ov_139 | 2.457306500305797 × 10^286 |
| 138 | ov_138 | 2.95591813487413 × 10^286 |
| 137 | ov_137 | 3.527057122704255 × 10^286 |
| 136 | ov_136 | 4.1775728966874 × 10^286 |
| 135 | ov_135 | 4.914688866000073 × 10^286 |
| 134 | ov_134 | 5.746024426357181 × 10^286 |
| 133 | ov_133 | 6.679620783463063 × 10^286 |
| 132 | ov_132 | 7.723971000952584 × 10^286 |
| 131 | ov_131 | 8.888054706526835 × 10^286 |
| 130 | ov_130 | 8.888060732643768 × 10^286 |
| 129 | ov_129 | 8.888085631692079 × 10^286 |
| 128 | aaa_77_29 | 9.51296997564898 × 10^286 |
| 127 | aaa_77_28 | 2.5365085925765433 × 10^287 |
| 126 | ov_126 | 7.941338178014872 × 10^287 |
| 125 | ov_125 | 1.7834850521305564 × 10^288 |
| 124 | ov_124 | 3.395381945604401 × 10^288 |
| 123 | ov_123 | 5.803503717754905 × 10^288 |
| 122 | ov_122 | 9.181536589840243 × 10^288 |
| 121 | ov_121 | 1.3703187226959366 × 10^289 |
| 120 | ov_120 | 1.9542209063990508 × 10^289 |
| 119 | ov_119 | 2.6872444762329315 × 10^289 |
| 118 | ov_118 | 3.586788910183981 × 10^289 |
| 117 | ov_117 | 4.67027845417314 × 10^289 |
| 116 | ov_116 | 6.139122074324285 × 10^289 |
| 115 | ov_115 | 8.212253982324381 × 10^289 |
| 114 | ov_114 | 1.112622488148019 × 10^290 |
| 113 | ov_113 | 1.5135332287000732 × 10^290 |
| 112 | ov_112 | 2.0511800278880238 × 10^290 |
| 111 | ov_111 | 2.7546020187110995 × 10^290 |
| 110 | ov_110 | 3.654686485143911 × 10^290 |
| 109 | ov_109 | 4.784209024234451 × 10^290 |
| 108 | ov_108 | 6.177883937772026 × 10^290 |
| 107 | ov_107 | 7.872426462277702 × 10^290 |
| 106 | ov_106 | 9.906628562161125 × 10^290 |
| 105 | ov_105 | 1.2321450128101071 × 10^291 |
| 104 | ov_104 | 1.516012754146199 × 10^291 |
| 103 | ov_103 | 1.846830168636512 × 10^291 |
| 102 | ov_102 | 2.2294167614500437 × 10^291 |
| 101 | ov_101 | 2.668864819461012 × 10^291 |
| 100 | ov_100 | 3.170559420962394 × 10^291 |
| 99 | ov_099 | 3.7402013500635196 × 10^291 |
| 98 | ov_098 | 3.740208721223213 × 10^291 |
| 97 | ov_097 | 3.740231776898203 × 10^291 |
| 96 | aaa_78_29 | 7.087363183412718 × 10^291 |
| 95 | aaa_78_28 | 2.339783569418918 × 10^292 |
| 94 | ov_094 | 7.643572716768699 × 10^292 |
| 93 | ov_093 | 1.8010874276229972 × 10^293 |
| 92 | ov_092 | 3.6364711570925463 × 10^293 |
| 91 | ov_091 | 6.645163928935216 × 10^293 |
| 90 | ov_090 | 1.165883448952388 × 10^294 |
| 89 | ov_089 | 1.9673878635683032 × 10^294 |
| 88 | ov_088 | 3.185145389361238 × 10^294 |
| 87 | ov_087 | 4.951754408465336 × 10^294 |
| 86 | ov_086 | 7.416306687093657 × 10^294 |
| 85 | ov_085 | 1.0744403806078964 × 10^295 |
| 84 | ov_084 | 1.5118180657089514 × 10^295 |
| 83 | ov_083 | 2.0736337394372566 × 10^295 |
| 82 | ov_082 | 2.781418123219913 × 10^295 |
| 81 | ov_081 | 3.658367947878681 × 10^295 |
| 64 | lv_79_m31 | 4.219978591721681 × 10^295 |
| 80 | ov_080 | 4.729352519851931 × 10^295 |
| 79 | ov_079 | 6.020921873543981 × 10^295 |
| 78 | ov_078 | 7.561317402670837 × 10^295 |
| 77 | ov_077 | 9.380486485644836 × 10^295 |
| 76 | ov_076 | 1.1510102927199836 × 10^296 |
| 75 | ov_075 | 1.3983595180002799 × 10^296 |
| 74 | ov_074 | 1.6836184452803884 × 10^296 |
| 73 | ov_073 | 2.0104934956189695 × 10^296 |
| 63 | ov_063 | 2.163904076190174 × 10^296 |
| 72 | ov_072 | 2.382881868376274 × 10^296 |
| 71 | ov_071 | 2.804879727622142 × 10^296 |
| 70 | ov_070 | 3.2807923669118896 × 10^296 |
| 69 | ov_069 | 3.815146638292216 × 10^296 |
| 68 | ov_068 | 4.4127059477391945 × 10^296 |
| 67 | ov_067 | 5.078488136242124 × 10^296 |
| 66 | ov_066 | 5.078491444416267 × 10^296 |
| 65 | ov_065 | 5.078505194804629 × 10^296 |
| 62 | ov_062 | 1.1093621134801982 × 10^297 |
| 61 | ov_061 | 4.041140997495076 × 10^297 |
| 60 | ov_060 | 1.1560932343646403 × 10^298 |
| 59 | ov_059 | 2.7879558836847124 × 10^298 |
| 58 | ov_058 | 5.65599096562636 × 10^298 |
| 57 | ov_057 | 1.0215872946697488 × 10^299 |
| 56 | ov_056 | 1.702266573773804 × 10^299 |
| 55 | ov_055 | 2.728589729822122 × 10^299 |
| 54 | ov_054 | 4.17594551310632 × 10^299 |
| 53 | ov_053 | 6.205058209096193 × 10^299 |
| 52 | ov_052 | 8.996553389520022 × 10^299 |
| 51 | ov_051 | 1.2750978495651357 × 10^300 |
| 50 | ov_050 | 1.7688836756642055 × 10^300 |
| 49 | ov_049 | 2.4050641462997488 × 10^300 |
| 48 | ov_048 | 3.2096999225657946 × 10^300 |
| 47 | ov_047 | 4.210873216960597 × 10^300 |
| 32 | lv_80_m31 | 4.8948597715625065 × 10^300 |
| 46 | ov_046 | 5.4387050330073795 × 10^300 |
| 45 | ov_045 | 6.925378683969463 × 10^300 |
| 44 | ov_044 | 8.705170981683633 × 10^300 |
| 43 | ov_043 | 1.0814492618949661 × 10^301 |
| 42 | ov_042 | 1.329193940162575 × 10^301 |
| 41 | ov_041 | 1.6178356119673688 × 10^301 |
| 40 | ov_040 | 1.9495921507152422 × 10^301 |
| 39 | ov_039 | 2.329023023942607 × 10^301 |
| 31 | ov_031 | 2.5103607822480146 × 10^301 |
| 38 | ov_038 | 2.760941332261644 × 10^301 |
| 37 | ov_037 | 3.2504273094509675 × 10^301 |
| 36 | ov_036 | 3.8028441829468044 × 10^301 |
| 35 | ov_035 | 4.423856655213788 × 10^301 |
| 34 | ov_034 | 5.119452280686352 × 10^301 |
| 33 | ov_033 | 5.895966027541606 × 10^301 |
| 30 | ov_030 | 1.2872123096260368 × 10^302 |
| 29 | ov_029 | 4.211066929121194 × 10^302 |
| 28 | ov_028 | 1.0929788571478953 × 10^303 |
| 27 | ov_027 | 2.4429027605371944 × 10^303 |
| 26 | ov_026 | 5.183620046706771 × 10^303 |
| 25 | ov_025 | 1.0259096783392202 × 10^304 |
| 24 | ov_024 | 1.8844529639961825 × 10^304 |
| 23 | ov_023 | 3.234636505904229 × 10^304 |
| 22 | ov_022 | 5.240234782825473 × 10^304 |
| 21 | ov_021 | 8.08816242159238 × 10^304 |
| 20 | ov_020 | 1.1988493009883997 × 10^305 |
| 19 | ov_019 | 1.7174489820356536 × 10^305 |
| 18 | ov_018 | 2.390265304428617 × 10^305 |
| 17 | ov_017 | 3.245279003820076 × 10^305 |
| 16 | ov_016 | 4.312811663620598 × 10^305 |
| 15 | ov_015 | 5.625539962734623 × 10^305 |
| 14 | ov_014 | 7.218515339803689 × 10^305 |
| 13 | ov_013 | 9.129190598722567 × 10^305 |
| 12 | ov_012 | 1.1397455139739756 × 10^306 |
| 11 | ov_011 | 1.4065680660367889 × 10^306 |
| 10 | ov_010 | 1.7178779330812304 × 10^306 |
| 9 | ov_009 | 2.0784276609952102 × 10^306 |
| 8 | ov_008 | 2.4932401030435858 × 10^306 |
| 7 | ov_007 | 2.9676193445639224 × 10^306 |
| 6 | ov_006 | 3.507163839763407 × 10^306 |
| 5 | ov_005 | 4.117782043461595 × 10^306 |
| 4 | ov_004 | 4.8057108379232886 × 10^306 |
| 3 | ov_003 | 5.577537051696108 × 10^306 |
| 2 | ov_002 | 6.440222343717363 × 10^306 |
| 1 | ov_001 | 7.401131744989962 × 10^306 |

