# Results for F001-F002-F003-F004-F005-F006-F007-F008-F009-F010-F011-F012-F013-F014-F015-F016-F017-F018-F019-F020-F021-F022-F023-F024-F025-F026-F027-F028-F029-F030-F031-F032-F033-F034-F035-F036-F037-F038-F039-F040-F041-F042-F043-F044-F045-F046-F047-F048-F049-F050-F051-F052-F053-F054-F055-F056-F057-F058-F059-F060-F061-F062-F063-F064-F065-F066-F067-F068-F069-F070-F071-F072-F073-F074-F075-F076-F077-F078-F079-F080-F081-F082-F083-F084-F085-F086-F087-F088-F089-F090-F091-F092-F093-F094-F095-F096-F097-F098-F099-F100-F101-F102-F103-F104-F105-F106-F107-F108-F109-F110-F111-F112-F113-F114-F115-F116-F117-F118-F119-F120-F121-F122-F123-F124-F125-F126-F127-F128-F129-F130-F131-F132-F133-F134-F135-F136-F137-F138-F139-F140-F141-F142-F143-F144-F145-F146-F147-F148-F149-F150-F151-F152-F153-F154-F155-F156-F157-F158-F159-F160-F161-F162-F163-F164-F165-F166-F167-F168-F169-F170-F171-F172-F173-F174-F175-F176-F177-F178-F179-F180-F181-F182-F183-F184-F185-F186-F187-F188-F189-F190-F191-F192-F193-F194-F195-F196-F197-F198-F199-F200-F201-F202-F203-F204-F205-F206-F207-F208-F209-F210-F211-F212-F213-F214-F215-F216-F217-F218-F219-F220-F221-F222-F223-F224-F225-F226-F227-F228-F229-F230-F231-F232-F233-F234-F235-F236-F237-F238-F239-F240-F241-F242-F243-F244-F245-F246-F247-F248-F249-F250-F251-F252-F253-F254-F255-F256-F257-F258-F259-F260-F261-F262-F263-F264-F265-F266-F267-F268-F269-F270-F271-F272-F273-F274-F275-F276-F277-F278-F279-F280-F281-F282-F283-F284-F285-F286-F287-F288-F289-F290-F291-F292-F293-F294-F295-F296-F297-F298-F299-F300-F301-F302-F303-F304-F305-F306-F307-F308-F309-F310-F311-F312-F313-F314-F315-F316-F317-F318-F319-F320-F321-F322-F323-F324-F325-F326-F327-F328-F329-F330-F331-F332-F333-F334-F335-F336-F337-F338-F339-F340-F341-F342-F343-F344-F345-F346-F347-F348-F349-F350-F351-F352-F353-F354-F355-F356-F357-F358-F359-F360-F361-F362-F363-F364-F365-F366-F367-F368-F369-F370-F371-F372-F373-F374-F375-F376-F377-F378-F379-F380-F381-F382-F383-F384-F385-F386-F387-F388-F389-F390-F391-F392-F393-F394-F395-F396-F397-F398-F399-F400-F401-F402-F403-F404-F405-F406-F407-F408-F409-F410-F411-F412-F413-F414-F415-F416-F417-F418-F419-F420-F421-F422-F423-F424-F425-F426-F427-F428-F429-F430-F431-F432-F433-F434-F435-F436-F437-F438-F439-F440-F441-F442-F443-F444-F445-F446-F447-F448-F449-F450-F451-F452-F453-F454-F455-F456-F457-F458-F459-F460-F461-F462-F463-F464-F465-F466-F467-F468-F469-F470-F471-F472-F473-F474-F475-F476-F477-F478-F479-F480-F481-F482-F483-F484-F485-F486-F487-F488-F489-F490-F491-F492-F493-F494-F495-F496-T500-F505-F510-F512

## Summary

Number of input bits: 512  
Number of free input bits: 12  
Number of output bits: 160

Number of direct occurrences: 49963  
Number of assignments: 31700  
Number of operations: 11572746
(xor: 11544151,
and: 15090,
or: 13505)

Total complexity: 8.932069720625039 × 10^304

Least occurring input variable: iv_498 (3978)  
Most occurring input variable: iv_503 (4347)

Most co-occurring input variables: iv_503-iv_509 (2129)  
Least co-occurring input variables: iv_497-iv_508 (1800)

Potentially most occurring input variable: iv_497/iv_508 (4673)  
Potentially least occurring input variable: iv_501/iv_502 (4169)

Least output occurring input variable: iv_501 (69)  
Most output occurring input variable: iv_506 (84)

Most output co-occurring input variables: iv_504-iv_506 (45)  
Least output co-occurring input variables: iv_501-iv_511 (27)

Potentially most output occurring input variable: iv_497/iv_508 (93)  
Potentially least output occurring input variable: iv_502/iv_511 (63)

Least complex input bit: iv_511 (2.3648436417385266 × 10^301)  
Most complex input bit: iv_509 (2.3508587652231648 × 10^304)

Least complex output bit: aaa_76_29 (3.544813932114686 × 10^279)  
Most complex output bit: ov_001 (1.3965175450349885 × 10^304)

Least complex input/output complexity: iv_511/aaa_76_29 (9.385205165999258 × 10^275)  
Most complex input/output complexity: iv_509/ov_001 (3.6755372654029224 × 10^303)

## Input Bits

### Input Bits in Regular Order

| Input Bit | Complexity | Occurrences | Output Occurrences |
|:---------:|:----------:|:-----------:|:------------------:|
| iv_497 | 2.9159965552204036 × 10^302 | 4174 | 81 |
| iv_498 | 4.113262077703412 × 10^302 | 3978 | 76 |
| iv_499 | 6.939844849162361 × 10^302 | 4060 | 75 |
| iv_501 | 3.1368330901735876 × 10^303 | 4167 | 69 |
| iv_502 | 6.29159003732668 × 10^303 | 4244 | 75 |
| iv_503 | 4.945136144446587 × 10^303 | 4347 | 81 |
| iv_504 | 2.5806797560931524 × 10^303 | 4080 | 78 |
| iv_506 | 8.708096498552017 × 10^303 | 4066 | 84 |
| iv_507 | 1.5635396367787882 × 10^304 | 4244 | 79 |
| iv_508 | 2.309381887501281 × 10^304 | 4099 | 78 |
| iv_509 | 2.3508587652231648 × 10^304 | 4297 | 82 |
| iv_511 | 2.3648436417385266 × 10^301 | 4207 | 76 |

### Input Bits Sorted by Complexity

| Input Bit | Complexity | Occurrences | Output Occurrences |
|:---------:|:----------:|:-----------:|:------------------:|
| iv_511 | 2.3648436417385266 × 10^301 | 4207 | 76 |
| iv_497 | 2.9159965552204036 × 10^302 | 4174 | 81 |
| iv_498 | 4.113262077703412 × 10^302 | 3978 | 76 |
| iv_499 | 6.939844849162361 × 10^302 | 4060 | 75 |
| iv_504 | 2.5806797560931524 × 10^303 | 4080 | 78 |
| iv_501 | 3.1368330901735876 × 10^303 | 4167 | 69 |
| iv_503 | 4.945136144446587 × 10^303 | 4347 | 81 |
| iv_502 | 6.29159003732668 × 10^303 | 4244 | 75 |
| iv_506 | 8.708096498552017 × 10^303 | 4066 | 84 |
| iv_507 | 1.5635396367787882 × 10^304 | 4244 | 79 |
| iv_508 | 2.309381887501281 × 10^304 | 4099 | 78 |
| iv_509 | 2.3508587652231648 × 10^304 | 4297 | 82 |

### Input Bits Sorted by Occurrences

| Input Bit | Complexity | Occurrences | Output Occurrences |
|:---------:|:----------:|:-----------:|:------------------:|
| iv_498 | 4.113262077703412 × 10^302 | 3978 | 76 |
| iv_499 | 6.939844849162361 × 10^302 | 4060 | 75 |
| iv_506 | 8.708096498552017 × 10^303 | 4066 | 84 |
| iv_504 | 2.5806797560931524 × 10^303 | 4080 | 78 |
| iv_508 | 2.309381887501281 × 10^304 | 4099 | 78 |
| iv_501 | 3.1368330901735876 × 10^303 | 4167 | 69 |
| iv_497 | 2.9159965552204036 × 10^302 | 4174 | 81 |
| iv_511 | 2.3648436417385266 × 10^301 | 4207 | 76 |
| iv_502 | 6.29159003732668 × 10^303 | 4244 | 75 |
| iv_507 | 1.5635396367787882 × 10^304 | 4244 | 79 |
| iv_509 | 2.3508587652231648 × 10^304 | 4297 | 82 |
| iv_503 | 4.945136144446587 × 10^303 | 4347 | 81 |

### Input Bits Sorted by Output Occurrences

| Input Bit | Complexity | Occurrences | Output Occurrences |
|:---------:|:----------:|:-----------:|:------------------:|
| iv_501 | 3.1368330901735876 × 10^303 | 4167 | 69 |
| iv_502 | 6.29159003732668 × 10^303 | 4244 | 75 |
| iv_499 | 6.939844849162361 × 10^302 | 4060 | 75 |
| iv_498 | 4.113262077703412 × 10^302 | 3978 | 76 |
| iv_511 | 2.3648436417385266 × 10^301 | 4207 | 76 |
| iv_504 | 2.5806797560931524 × 10^303 | 4080 | 78 |
| iv_508 | 2.309381887501281 × 10^304 | 4099 | 78 |
| iv_507 | 1.5635396367787882 × 10^304 | 4244 | 79 |
| iv_503 | 4.945136144446587 × 10^303 | 4347 | 81 |
| iv_497 | 2.9159965552204036 × 10^302 | 4174 | 81 |
| iv_509 | 2.3508587652231648 × 10^304 | 4297 | 82 |
| iv_506 | 8.708096498552017 × 10^303 | 4066 | 84 |

## Input Bit Co-occurrences

### Input Bit Co-occurrences Sorted by Co-occurrences

| Input Bits | Co-occurrences | Potential Occurrences | Output Co-occurrences | Potential Output Occurrences |
|:----------:|:--------------:|:---------------------:|:---------------------:|:----------------------------:|
| iv_503-iv_509 | 2129 | 4386 | 44 | 75 |
| iv_501-iv_502 | 2121 | 4169 | 30 | 84 |
| iv_502-iv_503 | 2119 | 4353 | 43 | 70 |
| iv_503-iv_507 | 2101 | 4389 | 43 | 74 |
| iv_507-iv_509 | 2089 | 4363 | 44 | 73 |
| iv_502-iv_509 | 2078 | 4385 | 40 | 77 |
| iv_501-iv_503 | 2076 | 4362 | 34 | 82 |
| iv_506-iv_509 | 2059 | 4245 | 42 | 82 |
| iv_501-iv_511 | 2047 | 4280 | 27 | 91 |
| iv_501-iv_507 | 2047 | 4317 | 32 | 84 |
| iv_497-iv_509 | 2038 | 4395 | 43 | 77 |
| iv_503-iv_511 | 2036 | 4482 | 40 | 77 |

### Input Bit Co-occurrences Sorted by Potential Occurrences

| Input Bits | Co-occurrences | Potential Occurrences | Output Co-occurrences | Potential Output Occurrences |
|:----------:|:--------------:|:---------------------:|:---------------------:|:----------------------------:|
| iv_501-iv_502 | 2121 | 4169 | 30 | 84 |
| iv_497-iv_499 | 2011 | 4212 | 38 | 80 |
| iv_506-iv_509 | 2059 | 4245 | 42 | 82 |
| iv_499-iv_501 | 1988 | 4251 | 32 | 80 |
| iv_499-iv_502 | 2025 | 4254 | 34 | 82 |
| iv_499-iv_507 | 2016 | 4272 | 37 | 80 |
| iv_501-iv_511 | 2047 | 4280 | 27 | 91 |
| iv_501-iv_504 | 1982 | 4283 | 30 | 87 |
| iv_506-iv_507 | 2011 | 4288 | 41 | 81 |
| iv_498-iv_504 | 1882 | 4294 | 34 | 86 |
| iv_501-iv_506 | 1966 | 4301 | 39 | 75 |
| iv_504-iv_506 | 1919 | 4308 | 45 | 72 |

### Input Bit Output Co-occurrences Sorted by Output Co-occurrences

| Input Bits | Co-occurrences | Potential Occurrences | Output Co-occurrences | Potential Output Occurrences |
|:----------:|:--------------:|:---------------------:|:---------------------:|:----------------------------:|
| iv_504-iv_506 | 1919 | 4308 | 45 | 72 |
| iv_498-iv_503 | 1900 | 4525 | 44 | 69 |
| iv_503-iv_509 | 2129 | 4386 | 44 | 75 |
| iv_507-iv_509 | 2089 | 4363 | 44 | 73 |
| iv_497-iv_506 | 1949 | 4342 | 44 | 77 |
| iv_497-iv_507 | 1999 | 4420 | 44 | 72 |
| iv_502-iv_511 | 2027 | 4397 | 44 | 63 |
| iv_502-iv_503 | 2119 | 4353 | 43 | 70 |
| iv_508-iv_511 | 1934 | 4438 | 43 | 68 |
| iv_497-iv_509 | 2038 | 4395 | 43 | 77 |
| iv_503-iv_507 | 2101 | 4389 | 43 | 74 |
| iv_506-iv_509 | 2059 | 4245 | 42 | 82 |

### Input Bit Output Co-occurrences Sorted by Potential Output Occurrences

| Input Bits | Co-occurrences | Potential Occurrences | Output Co-occurrences | Potential Output Occurrences |
|:----------:|:--------------:|:---------------------:|:---------------------:|:----------------------------:|
| iv_502-iv_511 | 2027 | 4397 | 44 | 63 |
| iv_508-iv_511 | 1934 | 4438 | 43 | 68 |
| iv_498-iv_503 | 1900 | 4525 | 44 | 69 |
| iv_502-iv_503 | 2119 | 4353 | 43 | 70 |
| iv_504-iv_506 | 1919 | 4308 | 45 | 72 |
| iv_497-iv_507 | 1999 | 4420 | 44 | 72 |
| iv_507-iv_509 | 2089 | 4363 | 44 | 73 |
| iv_499-iv_511 | 1958 | 4351 | 39 | 73 |
| iv_504-iv_508 | 1894 | 4391 | 41 | 74 |
| iv_498-iv_511 | 1827 | 4531 | 39 | 74 |
| iv_503-iv_507 | 2101 | 4389 | 43 | 74 |
| iv_498-iv_502 | 1877 | 4468 | 38 | 75 |

## Output Bits

### Output Bits in Regular Order

| Rank | Output Bit | Complexity |
|:----:|:----------:|:----------:|
| 1 | ov_001 | 1.3965175450349885 × 10^304 |
| 2 | ov_002 | 1.2151611447860488 × 10^304 |
| 3 | ov_003 | 1.0523542069015073 × 10^304 |
| 4 | ov_004 | 9.067037803978917 × 10^303 |
| 5 | ov_005 | 7.768933839115676 × 10^303 |
| 6 | ov_006 | 6.61677625255049 × 10^303 |
| 7 | ov_007 | 5.5987750938402935 × 10^303 |
| 8 | ov_008 | 4.7037637614318566 × 10^303 |
| 9 | ov_009 | 3.92116412974762 × 10^303 |
| 10 | ov_010 | 3.240956830277546 × 10^303 |
| 11 | ov_011 | 2.6536561178840548 × 10^303 |
| 12 | ov_012 | 2.1502888548651228 × 10^303 |
| 13 | ov_013 | 1.7223771792716365 × 10^303 |
| 14 | ov_014 | 1.36192439070019 × 10^303 |
| 15 | ov_015 | 1.061403586389565 × 10^303 |
| 16 | ov_016 | 8.137486361726024 × 10^302 |
| 17 | ov_017 | 6.123471634416694 × 10^302 |
| 18 | ov_018 | 4.510352314804252 × 10^302 |
| 19 | ov_019 | 3.2409342035181367 × 10^302 |
| 20 | ov_020 | 2.2624398841882 × 10^302 |
| 21 | ov_021 | 1.5264885766905423 × 10^302 |
| 22 | ov_022 | 9.890822021250917 × 10^301 |
| 23 | ov_023 | 6.105960438479555 × 10^301 |
| 24 | ov_024 | 3.5577269971483935 × 10^301 |
| 25 | ov_025 | 1.9371840297133805 × 10^301 |
| 26 | ov_026 | 9.790102718561407 × 10^300 |
| 27 | ov_027 | 4.614916472552832 × 10^300 |
| 28 | ov_028 | 2.065177390543548 × 10^300 |
| 29 | ov_029 | 7.95806829287202 × 10^299 |
| 30 | ov_030 | 2.4327127055438582 × 10^299 |
| 31 | ov_031 | 4.7436854920569344 × 10^298 |
| 32 | lv_80_m31 | 9.246225743907836 × 10^297 |
| 33 | ov_033 | 1.1169627945473622 × 10^299 |
| 34 | ov_034 | 9.708485109735718 × 10^298 |
| 35 | ov_035 | 8.398463691477013 × 10^298 |
| 36 | ov_036 | 7.226859383231915 × 10^298 |
| 37 | ov_037 | 6.181664188974329 × 10^298 |
| 38 | ov_038 | 5.257041614521199 × 10^298 |
| 39 | ov_039 | 4.442234953277498 × 10^298 |
| 40 | ov_040 | 3.727054690763482 × 10^298 |
| 41 | ov_041 | 3.1018467375039226 × 10^298 |
| 42 | ov_042 | 2.557465399889516 × 10^298 |
| 43 | ov_043 | 2.0894618316098817 × 10^298 |
| 44 | ov_044 | 1.6896425406828863 × 10^298 |
| 45 | ov_045 | 1.3502649456125272 × 10^298 |
| 46 | ov_046 | 1.0640246106858079 × 10^298 |
| 47 | ov_047 | 8.273774287936301 × 10^297 |
| 48 | ov_048 | 6.338667293983427 × 10^297 |
| 49 | ov_049 | 4.774494735564528 × 10^297 |
| 50 | ov_050 | 3.524915672992509 × 10^297 |
| 51 | ov_051 | 2.5376443007670418 × 10^297 |
| 52 | ov_052 | 1.7875479116233164 × 10^297 |
| 53 | ov_053 | 1.2303858708579436 × 10^297 |
| 54 | ov_054 | 8.259211259103267 × 10^296 |
| 55 | ov_055 | 5.37913513027564 × 10^296 |
| 56 | ov_056 | 3.341157106907405 × 10^296 |
| 57 | ov_057 | 1.994018904137978 × 10^296 |
| 58 | ov_058 | 1.0950433623737648 × 10^296 |
| 59 | ov_059 | 5.3286362755567 × 10^295 |
| 60 | ov_060 | 2.1605423183105176 × 10^295 |
| 61 | ov_061 | 7.313034518659872 × 10^294 |
| 62 | ov_062 | 1.9607802426723603 × 10^294 |
| 63 | ov_063 | 4.341049104532801 × 10^293 |
| 64 | lv_79_m31 | 8.465514510009803 × 10^292 |
| 65 | ov_065 | 1.0179696450958036 × 10^294 |
| 66 | ov_066 | 1.0179670309387345 × 10^294 |
| 67 | ov_067 | 1.0179664072402128 × 10^294 |
| 68 | ov_068 | 8.843867091625536 × 10^293 |
| 69 | ov_069 | 7.644862496680234 × 10^293 |
| 70 | ov_070 | 6.572683489482798 × 10^293 |
| 71 | ov_071 | 5.617840189542565 × 10^293 |
| 72 | ov_072 | 4.7712887383370675 × 10^293 |
| 73 | ov_073 | 4.024406494877426 × 10^293 |
| 74 | ov_074 | 3.368972443726431 × 10^293 |
| 75 | ov_075 | 2.797151983612324 × 10^293 |
| 76 | ov_076 | 2.3014853097953625 × 10^293 |
| 77 | ov_077 | 1.8748786468141692 × 10^293 |
| 78 | ov_078 | 1.5105976304505349 × 10^293 |
| 79 | ov_079 | 1.2022621789501578 × 10^293 |
| 80 | ov_080 | 9.438422990407477 × 10^292 |
| 81 | ov_081 | 7.296545025375132 × 10^292 |
| 82 | ov_082 | 5.543587245843239 × 10^292 |
| 83 | ov_083 | 4.129557048221615 × 10^292 |
| 84 | ov_084 | 3.007847929513778 × 10^292 |
| 85 | ov_085 | 2.1352214027119862 × 10^292 |
| 86 | ov_086 | 1.4717923885541488 × 10^292 |
| 87 | ov_087 | 9.810177007059408 × 10^291 |
| 88 | ov_088 | 6.296872417204758 × 10^291 |
| 89 | ov_089 | 3.8791752729534084 × 10^291 |
| 90 | ov_090 | 2.2914715643581447 × 10^291 |
| 91 | ov_091 | 1.3013384517575488 × 10^291 |
| 92 | ov_092 | 7.095264471628784 × 10^290 |
| 93 | ov_093 | 3.499498366561545 × 10^290 |
| 94 | ov_094 | 1.4785591694376425 × 10^290 |
| 95 | aaa_78_28 | 4.507099976546171 × 10^289 |
| 96 | aaa_78_29 | 1.3562261347649552 × 10^289 |
| 97 | ov_097 | 6.980609798740113 × 10^288 |
| 98 | ov_098 | 6.98054592222858 × 10^288 |
| 99 | ov_099 | 6.980525467292446 × 10^288 |
| 100 | ov_100 | 5.791933488011543 × 10^288 |
| 101 | ov_101 | 4.767265428567391 × 10^288 |
| 102 | ov_102 | 3.890816872186679 × 10^288 |
| 103 | ov_103 | 3.147755368629868 × 10^288 |
| 104 | ov_104 | 2.524056846853899 × 10^288 |
| 105 | ov_105 | 2.0064500881657596 × 10^288 |
| 106 | ov_106 | 1.5823685385912985 × 10^288 |
| 107 | ov_107 | 1.2399087769816937 × 10^288 |
| 108 | ov_108 | 9.677949917464645 × 10^287 |
| 109 | ov_109 | 7.553488543015271 × 10^287 |
| 110 | ov_110 | 5.924642115832386 × 10^287 |
| 111 | ov_111 | 4.695860535033469 × 10^287 |
| 112 | ov_112 | 3.776932441743893 × 10^287 |
| 113 | ov_113 | 3.082845382619505 × 10^287 |
| 114 | ov_114 | 2.5336743603560814 × 10^287 |
| 115 | ov_115 | 2.05449462687608 × 10^287 |
| 116 | ov_116 | 1.6404226041438082 × 10^287 |
| 117 | ov_117 | 1.2866108778754622 × 10^287 |
| 118 | ov_118 | 9.88237354474509 × 10^286 |
| 119 | ov_119 | 7.40496975857353 × 10^286 |
| 120 | ov_120 | 5.385956757144765 × 10^286 |
| 121 | ov_121 | 3.7774626080641204 × 10^286 |
| 122 | ov_122 | 2.531657591599244 × 10^286 |
| 123 | ov_123 | 1.6007367482407455 × 10^286 |
| 124 | ov_124 | 9.369080970153081 × 10^285 |
| 125 | ov_125 | 4.923853300781248 × 10^285 |
| 126 | ov_126 | 2.1938408254933516 × 10^285 |
| 127 | aaa_77_28 | 7.012049908289665 × 10^284 |
| 128 | aaa_77_29 | 2.632642992976602 × 10^284 |
| 129 | ov_129 | 2.4561505397718914 × 10^284 |
| 130 | ov_130 | 2.456143630345964 × 10^284 |
| 131 | ov_131 | 2.4561419581149598 × 10^284 |
| 132 | ov_132 | 2.137224653390235 × 10^284 |
| 133 | ov_133 | 1.8505044948588795 × 10^284 |
| 134 | ov_134 | 1.5934896333075049 × 10^284 |
| 135 | ov_135 | 1.3638232406831248 × 10^284 |
| 136 | ov_136 | 1.1592738793402019 × 10^284 |
| 137 | ov_137 | 9.787560588648114 × 10^283 |
| 138 | ov_138 | 8.2026528039877995 × 10^283 |
| 139 | ov_139 | 6.819008238774006 × 10^283 |
| 140 | ov_140 | 5.618605903523844 × 10^283 |
| 141 | ov_141 | 4.5843679207854185 × 10^283 |
| 142 | ov_142 | 3.7001239386841694 × 10^283 |
| 143 | ov_143 | 2.9505821488055684 × 10^283 |
| 144 | ov_144 | 2.3213060560115324 × 10^283 |
| 145 | ov_145 | 1.7986962032494024 × 10^283 |
| 146 | ov_146 | 1.3699761095495551 × 10^283 |
| 147 | ov_147 | 1.0231817343359661 × 10^283 |
| 148 | ov_148 | 7.471538359726197 × 10^282 |
| 149 | ov_149 | 5.315326471879714 × 10^282 |
| 150 | ov_150 | 3.667543446896271 × 10^282 |
| 151 | ov_151 | 2.4404884491996355 × 10^282 |
| 152 | ov_152 | 1.5543851252151516 × 10^282 |
| 153 | ov_153 | 9.373743828720589 × 10^281 |
| 154 | ov_154 | 5.255104136063362 × 10^281 |
| 155 | ov_155 | 2.6275846088007127 × 10^281 |
| 156 | aaa_76_25 | 1.0099360532024573 × 10^281 |
| 157 | aaa_76_26 | 5.835303031365181 × 10^280 |
| 158 | aaa_76_27 | 2.9888778370943925 × 10^280 |
| 159 | aaa_76_28 | 1.1646517217072987 × 10^280 |
| 160 | aaa_76_29 | 3.544813932114686 × 10^279 |

### Output Bits Sorted by Complexity

| Rank | Output Bit | Complexity |
|:----:|:----------:|:----------:|
| 160 | aaa_76_29 | 3.544813932114686 × 10^279 |
| 159 | aaa_76_28 | 1.1646517217072987 × 10^280 |
| 158 | aaa_76_27 | 2.9888778370943925 × 10^280 |
| 157 | aaa_76_26 | 5.835303031365181 × 10^280 |
| 156 | aaa_76_25 | 1.0099360532024573 × 10^281 |
| 155 | ov_155 | 2.6275846088007127 × 10^281 |
| 154 | ov_154 | 5.255104136063362 × 10^281 |
| 153 | ov_153 | 9.373743828720589 × 10^281 |
| 152 | ov_152 | 1.5543851252151516 × 10^282 |
| 151 | ov_151 | 2.4404884491996355 × 10^282 |
| 150 | ov_150 | 3.667543446896271 × 10^282 |
| 149 | ov_149 | 5.315326471879714 × 10^282 |
| 148 | ov_148 | 7.471538359726197 × 10^282 |
| 147 | ov_147 | 1.0231817343359661 × 10^283 |
| 146 | ov_146 | 1.3699761095495551 × 10^283 |
| 145 | ov_145 | 1.7986962032494024 × 10^283 |
| 144 | ov_144 | 2.3213060560115324 × 10^283 |
| 143 | ov_143 | 2.9505821488055684 × 10^283 |
| 142 | ov_142 | 3.7001239386841694 × 10^283 |
| 141 | ov_141 | 4.5843679207854185 × 10^283 |
| 140 | ov_140 | 5.618605903523844 × 10^283 |
| 139 | ov_139 | 6.819008238774006 × 10^283 |
| 138 | ov_138 | 8.2026528039877995 × 10^283 |
| 137 | ov_137 | 9.787560588648114 × 10^283 |
| 136 | ov_136 | 1.1592738793402019 × 10^284 |
| 135 | ov_135 | 1.3638232406831248 × 10^284 |
| 134 | ov_134 | 1.5934896333075049 × 10^284 |
| 133 | ov_133 | 1.8505044948588795 × 10^284 |
| 132 | ov_132 | 2.137224653390235 × 10^284 |
| 131 | ov_131 | 2.4561419581149598 × 10^284 |
| 130 | ov_130 | 2.456143630345964 × 10^284 |
| 129 | ov_129 | 2.4561505397718914 × 10^284 |
| 128 | aaa_77_29 | 2.632642992976602 × 10^284 |
| 127 | aaa_77_28 | 7.012049908289665 × 10^284 |
| 126 | ov_126 | 2.1938408254933516 × 10^285 |
| 125 | ov_125 | 4.923853300781248 × 10^285 |
| 124 | ov_124 | 9.369080970153081 × 10^285 |
| 123 | ov_123 | 1.6007367482407455 × 10^286 |
| 122 | ov_122 | 2.531657591599244 × 10^286 |
| 121 | ov_121 | 3.7774626080641204 × 10^286 |
| 120 | ov_120 | 5.385956757144765 × 10^286 |
| 119 | ov_119 | 7.40496975857353 × 10^286 |
| 118 | ov_118 | 9.88237354474509 × 10^286 |
| 117 | ov_117 | 1.2866108778754622 × 10^287 |
| 116 | ov_116 | 1.6404226041438082 × 10^287 |
| 115 | ov_115 | 2.05449462687608 × 10^287 |
| 114 | ov_114 | 2.5336743603560814 × 10^287 |
| 113 | ov_113 | 3.082845382619505 × 10^287 |
| 112 | ov_112 | 3.776932441743893 × 10^287 |
| 111 | ov_111 | 4.695860535033469 × 10^287 |
| 110 | ov_110 | 5.924642115832386 × 10^287 |
| 109 | ov_109 | 7.553488543015271 × 10^287 |
| 108 | ov_108 | 9.677949917464645 × 10^287 |
| 107 | ov_107 | 1.2399087769816937 × 10^288 |
| 106 | ov_106 | 1.5823685385912985 × 10^288 |
| 105 | ov_105 | 2.0064500881657596 × 10^288 |
| 104 | ov_104 | 2.524056846853899 × 10^288 |
| 103 | ov_103 | 3.147755368629868 × 10^288 |
| 102 | ov_102 | 3.890816872186679 × 10^288 |
| 101 | ov_101 | 4.767265428567391 × 10^288 |
| 100 | ov_100 | 5.791933488011543 × 10^288 |
| 99 | ov_099 | 6.980525467292446 × 10^288 |
| 98 | ov_098 | 6.98054592222858 × 10^288 |
| 97 | ov_097 | 6.980609798740113 × 10^288 |
| 96 | aaa_78_29 | 1.3562261347649552 × 10^289 |
| 95 | aaa_78_28 | 4.507099976546171 × 10^289 |
| 94 | ov_094 | 1.4785591694376425 × 10^290 |
| 93 | ov_093 | 3.499498366561545 × 10^290 |
| 92 | ov_092 | 7.095264471628784 × 10^290 |
| 91 | ov_091 | 1.3013384517575488 × 10^291 |
| 90 | ov_090 | 2.2914715643581447 × 10^291 |
| 89 | ov_089 | 3.8791752729534084 × 10^291 |
| 88 | ov_088 | 6.296872417204758 × 10^291 |
| 87 | ov_087 | 9.810177007059408 × 10^291 |
| 86 | ov_086 | 1.4717923885541488 × 10^292 |
| 85 | ov_085 | 2.1352214027119862 × 10^292 |
| 84 | ov_084 | 3.007847929513778 × 10^292 |
| 83 | ov_083 | 4.129557048221615 × 10^292 |
| 82 | ov_082 | 5.543587245843239 × 10^292 |
| 81 | ov_081 | 7.296545025375132 × 10^292 |
| 64 | lv_79_m31 | 8.465514510009803 × 10^292 |
| 80 | ov_080 | 9.438422990407477 × 10^292 |
| 79 | ov_079 | 1.2022621789501578 × 10^293 |
| 78 | ov_078 | 1.5105976304505349 × 10^293 |
| 77 | ov_077 | 1.8748786468141692 × 10^293 |
| 76 | ov_076 | 2.3014853097953625 × 10^293 |
| 75 | ov_075 | 2.797151983612324 × 10^293 |
| 74 | ov_074 | 3.368972443726431 × 10^293 |
| 73 | ov_073 | 4.024406494877426 × 10^293 |
| 63 | ov_063 | 4.341049104532801 × 10^293 |
| 72 | ov_072 | 4.7712887383370675 × 10^293 |
| 71 | ov_071 | 5.617840189542565 × 10^293 |
| 70 | ov_070 | 6.572683489482798 × 10^293 |
| 69 | ov_069 | 7.644862496680234 × 10^293 |
| 68 | ov_068 | 8.843867091625536 × 10^293 |
| 67 | ov_067 | 1.0179664072402128 × 10^294 |
| 66 | ov_066 | 1.0179670309387345 × 10^294 |
| 65 | ov_065 | 1.0179696450958036 × 10^294 |
| 62 | ov_062 | 1.9607802426723603 × 10^294 |
| 61 | ov_061 | 7.313034518659872 × 10^294 |
| 60 | ov_060 | 2.1605423183105176 × 10^295 |
| 59 | ov_059 | 5.3286362755567 × 10^295 |
| 58 | ov_058 | 1.0950433623737648 × 10^296 |
| 57 | ov_057 | 1.994018904137978 × 10^296 |
| 56 | ov_056 | 3.341157106907405 × 10^296 |
| 55 | ov_055 | 5.37913513027564 × 10^296 |
| 54 | ov_054 | 8.259211259103267 × 10^296 |
| 53 | ov_053 | 1.2303858708579436 × 10^297 |
| 52 | ov_052 | 1.7875479116233164 × 10^297 |
| 51 | ov_051 | 2.5376443007670418 × 10^297 |
| 50 | ov_050 | 3.524915672992509 × 10^297 |
| 49 | ov_049 | 4.774494735564528 × 10^297 |
| 48 | ov_048 | 6.338667293983427 × 10^297 |
| 47 | ov_047 | 8.273774287936301 × 10^297 |
| 32 | lv_80_m31 | 9.246225743907836 × 10^297 |
| 46 | ov_046 | 1.0640246106858079 × 10^298 |
| 45 | ov_045 | 1.3502649456125272 × 10^298 |
| 44 | ov_044 | 1.6896425406828863 × 10^298 |
| 43 | ov_043 | 2.0894618316098817 × 10^298 |
| 42 | ov_042 | 2.557465399889516 × 10^298 |
| 41 | ov_041 | 3.1018467375039226 × 10^298 |
| 40 | ov_040 | 3.727054690763482 × 10^298 |
| 39 | ov_039 | 4.442234953277498 × 10^298 |
| 31 | ov_031 | 4.7436854920569344 × 10^298 |
| 38 | ov_038 | 5.257041614521199 × 10^298 |
| 37 | ov_037 | 6.181664188974329 × 10^298 |
| 36 | ov_036 | 7.226859383231915 × 10^298 |
| 35 | ov_035 | 8.398463691477013 × 10^298 |
| 34 | ov_034 | 9.708485109735718 × 10^298 |
| 33 | ov_033 | 1.1169627945473622 × 10^299 |
| 30 | ov_030 | 2.4327127055438582 × 10^299 |
| 29 | ov_029 | 7.95806829287202 × 10^299 |
| 28 | ov_028 | 2.065177390543548 × 10^300 |
| 27 | ov_027 | 4.614916472552832 × 10^300 |
| 26 | ov_026 | 9.790102718561407 × 10^300 |
| 25 | ov_025 | 1.9371840297133805 × 10^301 |
| 24 | ov_024 | 3.5577269971483935 × 10^301 |
| 23 | ov_023 | 6.105960438479555 × 10^301 |
| 22 | ov_022 | 9.890822021250917 × 10^301 |
| 21 | ov_021 | 1.5264885766905423 × 10^302 |
| 20 | ov_020 | 2.2624398841882 × 10^302 |
| 19 | ov_019 | 3.2409342035181367 × 10^302 |
| 18 | ov_018 | 4.510352314804252 × 10^302 |
| 17 | ov_017 | 6.123471634416694 × 10^302 |
| 16 | ov_016 | 8.137486361726024 × 10^302 |
| 15 | ov_015 | 1.061403586389565 × 10^303 |
| 14 | ov_014 | 1.36192439070019 × 10^303 |
| 13 | ov_013 | 1.7223771792716365 × 10^303 |
| 12 | ov_012 | 2.1502888548651228 × 10^303 |
| 11 | ov_011 | 2.6536561178840548 × 10^303 |
| 10 | ov_010 | 3.240956830277546 × 10^303 |
| 9 | ov_009 | 3.92116412974762 × 10^303 |
| 8 | ov_008 | 4.7037637614318566 × 10^303 |
| 7 | ov_007 | 5.5987750938402935 × 10^303 |
| 6 | ov_006 | 6.61677625255049 × 10^303 |
| 5 | ov_005 | 7.768933839115676 × 10^303 |
| 4 | ov_004 | 9.067037803978917 × 10^303 |
| 3 | ov_003 | 1.0523542069015073 × 10^304 |
| 2 | ov_002 | 1.2151611447860488 × 10^304 |
| 1 | ov_001 | 1.3965175450349885 × 10^304 |

