# Results for F001-F002-F003-F004-F005-F006-F007-F008-F009-F010-F011-F012-F013-F014-F015-F016-F017-F018-F019-F020-F021-F022-F023-F024-F025-F026-F027-F028-F029-F030-F031-F032-F033-F034-F035-F036-F037-F038-F039-F040-F041-F042-F043-F044-F045-F046-F047-F048-F049-F050-F051-F052-F053-F054-F055-F056-F057-F058-F059-F060-F061-F062-F063-F064-F065-F066-F067-F068-F069-F070-F071-F072-F073-F074-F075-F076-F077-F078-F079-F080-F081-F082-F083-F084-F085-F086-F087-F088-F089-F090-F091-F092-F093-F094-F095-F096-F097-F098-F099-F100-F101-F102-F103-F104-F105-F106-F107-F108-F109-F110-F111-F112-F113-F114-F115-F116-F117-F118-F119-F120-F121-F122-F123-F124-F125-F126-F127-F128-F129-F130-F131-F132-F133-F134-F135-F136-F137-F138-F139-F140-F141-F142-F143-F144-F145-F146-F147-F148-F149-F150-F151-F152-F153-F154-F155-F156-F157-F158-F159-F160-F161-F162-F163-F164-F165-F166-F167-F168-F169-F170-F171-F172-F173-F174-F175-F176-F177-F178-F179-F180-F181-F182-F183-F184-F185-F186-F187-F188-F189-F190-F191-F192-F193-F194-F195-F196-F197-F198-F199-F200-F201-F202-F203-F204-F205-F206-F207-F208-F209-F210-F211-F212-F213-F214-F215-F216-F217-F218-F219-F220-F221-F222-F223-F224-F225-F226-F227-F228-F229-F230-F231-F232-F233-F234-F235-F236-F237-F238-F239-F240-F241-F242-F243-F244-F245-F246-F247-F248-F249-F250-F251-F252-F253-F254-F255-F256-F257-F258-F259-F260-F261-F262-F263-F264-F265-F266-F267-F268-F269-F270-F271-F272-F273-F274-F275-F276-F277-F278-F279-F280-F281-F282-F283-F284-F285-F286-F287-F288-F289-F290-F291-F292-F293-F294-F295-F296-F297-F298-F299-F300-F301-F302-F303-F304-F305-F306-F307-F308-F309-F310-F311-F312-F313-F314-F315-F316-F317-F318-F319-F320-F321-F322-F323-F324-F325-F326-F327-F328-F329-F330-F331-F332-F333-F334-F335-F336-F337-F338-F339-F340-F341-F342-F343-F344-F345-F346-F347-F348-F349-F350-F351-F352-F353-F354-F355-F356-F357-F358-F359-F360-F361-F362-F363-F364-F365-F366-F367-F368-F369-F370-F371-F372-F373-F374-F375-F376-F377-F378-F379-F380-F381-F382-F383-F384-F385-F386-F387-F388-F389-F390-F391-F392-F393-F394-F395-F396-F397-F398-F399-F400-F401-F402-F403-F404-F405-F406-F407-F408-F409-F410-F411-F412-F413-F414-F415-F416-F417-F418-F419-F420-F421-F422-F423-F424-F425-F426-F427-F428-F429-F430-F431-F432-F433-F434-F435-F436-F437-F438-F439-F440-F441-F442-F443-F444-F445-F446-F447-F448-F449-F450-F451-F452-F453-F454-F455-F456-F457-F458-F459-F460-F461-F462-F463-F464-F465-F466-F467-F468-F469-F470-F471-F472-F473-F474-F475-F476-F477-F478-F479-F480-F481-F482-F483-F484-F485-F486-F487-F488-F489-F490-F491-F492-F493-F494-F495-F496-E497498-O500505-F510-F512

## Summary

Number of input bits: 512  
Number of free input bits: 12  
Number of output bits: 160

Number of direct occurrences: 49342  
Number of assignments: 31722  
Number of operations: 11223621
(xor: 11195188,
and: 14912,
or: 13521)

Total complexity: 2.4622816466487803 × 10^301

Least occurring input variable: iv_502 (3838)  
Most occurring input variable: iv_500 (4313)

Most co-occurring input variables: iv_497-iv_500 (2106)  
Least co-occurring input variables: iv_499-iv_502 (1734)

Potentially most occurring input variable: iv_497/iv_507 (4617)  
Potentially least occurring input variable: iv_499/iv_504 (4163)

Least output occurring input variable: iv_502 (71)  
Most output occurring input variable: iv_501 (83)

Most output co-occurring input variables: iv_497-iv_506 (44)  
Least output co-occurring input variables: iv_502-iv_503 (29)

Potentially most output occurring input variable: iv_500/iv_507 (90)  
Potentially least output occurring input variable: iv_497/iv_507 (71)

Least complex input bit: iv_511 (3.007950312814394 × 10^297)  
Most complex input bit: iv_500 (4.6044139561526006 × 10^300)

Least complex output bit: aaa_76_29 (4.393198347367703 × 10^276)  
Most complex output bit: ov_001 (3.852803489237088 × 10^300)

Least complex input/output complexity: iv_511/aaa_76_29 (5.3667793695354174 × 10^272)  
Most complex input/output complexity: iv_500/ov_001 (7.204660027540333 × 10^299)

## Input Bits

### Input Bits in Regular Order

| Input Bit | Complexity | Occurrences | Output Occurrences |
|:---------:|:----------:|:-----------:|:------------------:|
| iv_497 | 2.0943730042178006 × 10^299 | 4308 | 81 |
| iv_499 | 2.4557260665493363 × 10^299 | 3915 | 72 |
| iv_500 | 4.6044139561526006 × 10^300 | 4313 | 82 |
| iv_501 | 6.826572811647913 × 10^299 | 4094 | 83 |
| iv_502 | 1.1046065670322224 × 10^300 | 3838 | 71 |
| iv_503 | 1.7557650429706092 × 10^300 | 4070 | 72 |
| iv_504 | 2.737057738219569 × 10^300 | 3944 | 71 |
| iv_506 | 2.1180047895720892 × 10^300 | 3991 | 81 |
| iv_507 | 3.038437454150774 × 10^300 | 4193 | 76 |
| iv_508 | 4.03251999517628 × 10^300 | 4193 | 73 |
| iv_509 | 4.091335784659363 × 10^300 | 4207 | 78 |
| iv_511 | 3.007950312814394 × 10^297 | 4276 | 80 |

### Input Bits Sorted by Complexity

| Input Bit | Complexity | Occurrences | Output Occurrences |
|:---------:|:----------:|:-----------:|:------------------:|
| iv_511 | 3.007950312814394 × 10^297 | 4276 | 80 |
| iv_497 | 2.0943730042178006 × 10^299 | 4308 | 81 |
| iv_499 | 2.4557260665493363 × 10^299 | 3915 | 72 |
| iv_501 | 6.826572811647913 × 10^299 | 4094 | 83 |
| iv_502 | 1.1046065670322224 × 10^300 | 3838 | 71 |
| iv_503 | 1.7557650429706092 × 10^300 | 4070 | 72 |
| iv_506 | 2.1180047895720892 × 10^300 | 3991 | 81 |
| iv_504 | 2.737057738219569 × 10^300 | 3944 | 71 |
| iv_507 | 3.038437454150774 × 10^300 | 4193 | 76 |
| iv_508 | 4.03251999517628 × 10^300 | 4193 | 73 |
| iv_509 | 4.091335784659363 × 10^300 | 4207 | 78 |
| iv_500 | 4.6044139561526006 × 10^300 | 4313 | 82 |

### Input Bits Sorted by Occurrences

| Input Bit | Complexity | Occurrences | Output Occurrences |
|:---------:|:----------:|:-----------:|:------------------:|
| iv_502 | 1.1046065670322224 × 10^300 | 3838 | 71 |
| iv_499 | 2.4557260665493363 × 10^299 | 3915 | 72 |
| iv_504 | 2.737057738219569 × 10^300 | 3944 | 71 |
| iv_506 | 2.1180047895720892 × 10^300 | 3991 | 81 |
| iv_503 | 1.7557650429706092 × 10^300 | 4070 | 72 |
| iv_501 | 6.826572811647913 × 10^299 | 4094 | 83 |
| iv_508 | 4.03251999517628 × 10^300 | 4193 | 73 |
| iv_507 | 3.038437454150774 × 10^300 | 4193 | 76 |
| iv_509 | 4.091335784659363 × 10^300 | 4207 | 78 |
| iv_511 | 3.007950312814394 × 10^297 | 4276 | 80 |
| iv_497 | 2.0943730042178006 × 10^299 | 4308 | 81 |
| iv_500 | 4.6044139561526006 × 10^300 | 4313 | 82 |

### Input Bits Sorted by Output Occurrences

| Input Bit | Complexity | Occurrences | Output Occurrences |
|:---------:|:----------:|:-----------:|:------------------:|
| iv_502 | 1.1046065670322224 × 10^300 | 3838 | 71 |
| iv_504 | 2.737057738219569 × 10^300 | 3944 | 71 |
| iv_503 | 1.7557650429706092 × 10^300 | 4070 | 72 |
| iv_499 | 2.4557260665493363 × 10^299 | 3915 | 72 |
| iv_508 | 4.03251999517628 × 10^300 | 4193 | 73 |
| iv_507 | 3.038437454150774 × 10^300 | 4193 | 76 |
| iv_509 | 4.091335784659363 × 10^300 | 4207 | 78 |
| iv_511 | 3.007950312814394 × 10^297 | 4276 | 80 |
| iv_497 | 2.0943730042178006 × 10^299 | 4308 | 81 |
| iv_506 | 2.1180047895720892 × 10^300 | 3991 | 81 |
| iv_500 | 4.6044139561526006 × 10^300 | 4313 | 82 |
| iv_501 | 6.826572811647913 × 10^299 | 4094 | 83 |

## Input Bit Co-occurrences

### Input Bit Co-occurrences Sorted by Co-occurrences

| Input Bits | Co-occurrences | Potential Occurrences | Output Co-occurrences | Potential Output Occurrences |
|:----------:|:--------------:|:---------------------:|:---------------------:|:----------------------------:|
| iv_497-iv_500 | 2106 | 4409 | 42 | 79 |
| iv_500-iv_511 | 2103 | 4383 | 42 | 78 |
| iv_508-iv_509 | 2086 | 4228 | 35 | 81 |
| iv_497-iv_501 | 2068 | 4266 | 44 | 76 |
| iv_500-iv_507 | 2060 | 4386 | 34 | 90 |
| iv_507-iv_509 | 2049 | 4302 | 38 | 78 |
| iv_497-iv_511 | 2042 | 4500 | 42 | 77 |
| iv_501-iv_511 | 2039 | 4292 | 39 | 85 |
| iv_503-iv_511 | 2039 | 4268 | 35 | 82 |
| iv_500-iv_501 | 2036 | 4335 | 42 | 81 |
| iv_507-iv_511 | 2019 | 4431 | 39 | 78 |
| iv_501-iv_509 | 2015 | 4271 | 38 | 85 |

### Input Bit Co-occurrences Sorted by Potential Occurrences

| Input Bits | Co-occurrences | Potential Occurrences | Output Co-occurrences | Potential Output Occurrences |
|:----------:|:--------------:|:---------------------:|:---------------------:|:----------------------------:|
| iv_499-iv_504 | 1848 | 4163 | 30 | 83 |
| iv_504-iv_506 | 1884 | 4167 | 38 | 76 |
| iv_506-iv_507 | 2005 | 4174 | 39 | 79 |
| iv_499-iv_508 | 1943 | 4222 | 36 | 73 |
| iv_502-iv_504 | 1779 | 4224 | 33 | 76 |
| iv_499-iv_501 | 1892 | 4225 | 33 | 89 |
| iv_508-iv_509 | 2086 | 4228 | 35 | 81 |
| iv_502-iv_506 | 1798 | 4233 | 38 | 76 |
| iv_503-iv_506 | 1908 | 4245 | 32 | 89 |
| iv_503-iv_504 | 1882 | 4250 | 34 | 75 |
| iv_502-iv_507 | 1887 | 4257 | 36 | 75 |
| iv_504-iv_508 | 1939 | 4259 | 36 | 72 |

### Input Bit Output Co-occurrences Sorted by Output Co-occurrences

| Input Bits | Co-occurrences | Potential Occurrences | Output Co-occurrences | Potential Output Occurrences |
|:----------:|:--------------:|:---------------------:|:---------------------:|:----------------------------:|
| iv_497-iv_501 | 2068 | 4266 | 44 | 76 |
| iv_497-iv_506 | 1902 | 4495 | 44 | 74 |
| iv_497-iv_507 | 1942 | 4617 | 43 | 71 |
| iv_501-iv_506 | 1880 | 4325 | 43 | 78 |
| iv_497-iv_511 | 2042 | 4500 | 42 | 77 |
| iv_500-iv_501 | 2036 | 4335 | 42 | 81 |
| iv_500-iv_511 | 2103 | 4383 | 42 | 78 |
| iv_497-iv_500 | 2106 | 4409 | 42 | 79 |
| iv_500-iv_506 | 1994 | 4316 | 42 | 79 |
| iv_501-iv_507 | 1950 | 4387 | 41 | 77 |
| iv_499-iv_500 | 1967 | 4294 | 41 | 72 |
| iv_501-iv_503 | 1865 | 4434 | 40 | 75 |

### Input Bit Output Co-occurrences Sorted by Potential Output Occurrences

| Input Bits | Co-occurrences | Potential Occurrences | Output Co-occurrences | Potential Output Occurrences |
|:----------:|:--------------:|:---------------------:|:---------------------:|:----------------------------:|
| iv_497-iv_507 | 1942 | 4617 | 43 | 71 |
| iv_504-iv_508 | 1939 | 4259 | 36 | 72 |
| iv_497-iv_504 | 1919 | 4414 | 40 | 72 |
| iv_499-iv_500 | 1967 | 4294 | 41 | 72 |
| iv_499-iv_507 | 1923 | 4262 | 38 | 72 |
| iv_497-iv_503 | 1945 | 4488 | 40 | 73 |
| iv_499-iv_508 | 1943 | 4222 | 36 | 73 |
| iv_507-iv_508 | 1982 | 4422 | 38 | 73 |
| iv_497-iv_506 | 1902 | 4495 | 44 | 74 |
| iv_501-iv_503 | 1865 | 4434 | 40 | 75 |
| iv_503-iv_504 | 1882 | 4250 | 34 | 75 |
| iv_502-iv_507 | 1887 | 4257 | 36 | 75 |

## Output Bits

### Output Bits in Regular Order

| Rank | Output Bit | Complexity |
|:----:|:----------:|:----------:|
| 1 | ov_001 | 3.852803489237088 × 10^300 |
| 2 | ov_002 | 3.352259064868748 × 10^300 |
| 3 | ov_003 | 2.902901637702773 × 10^300 |
| 4 | ov_004 | 2.500892420746372 × 10^300 |
| 5 | ov_005 | 2.1426028636873292 × 10^300 |
| 6 | ov_006 | 1.824599775718264 × 10^300 |
| 7 | ov_007 | 1.5436323551262115 × 10^300 |
| 8 | ov_008 | 1.2966209732893612 × 10^300 |
| 9 | ov_009 | 1.0806475706241526 × 10^300 |
| 10 | ov_010 | 8.929475096813557 × 10^299 |
| 11 | ov_011 | 7.309027288965212 × 10^299 |
| 12 | ov_012 | 5.9203604951401145 × 10^299 |
| 13 | ov_013 | 4.7400649702824 × 10^299 |
| 14 | ov_014 | 3.7460550716185757 × 10^299 |
| 15 | ov_015 | 2.917538949629169 × 10^299 |
| 16 | ov_016 | 2.2349947408015598 × 10^299 |
| 17 | ov_017 | 1.6801522169068964 × 10^299 |
| 18 | ov_018 | 1.2359789292594486 × 10^299 |
| 19 | ov_019 | 8.866699698370783 × 10^298 |
| 20 | ov_020 | 6.17640554369398 × 10^298 |
| 21 | ov_021 | 4.1552074971631085 × 10^298 |
| 22 | ov_022 | 2.681518191111365 × 10^298 |
| 23 | ov_023 | 1.645837655724261 × 10^298 |
| 24 | ov_024 | 9.50737345715349 × 10^297 |
| 25 | ov_025 | 5.108503637052126 × 10^297 |
| 26 | ov_026 | 2.528661030840504 × 10^297 |
| 27 | ov_027 | 1.1552772654181704 × 10^297 |
| 28 | ov_028 | 4.963117146812021 × 10^296 |
| 29 | ov_029 | 1.8024829667656307 × 10^296 |
| 30 | ov_030 | 5.145994007704885 × 10^295 |
| 31 | ov_031 | 1.0533963658405203 × 10^295 |
| 32 | lv_80_k31 | 2.551484365062925 × 10^294 |
| 33 | ov_033 | 3.0730130787216397 × 10^295 |
| 34 | ov_034 | 2.668271573861477 × 10^295 |
| 35 | ov_035 | 2.3056975874277 × 10^295 |
| 36 | ov_036 | 1.9819937758256385 × 10^295 |
| 37 | ov_037 | 1.6940427195787843 × 10^295 |
| 38 | ov_038 | 1.438894283053434 × 10^295 |
| 39 | ov_039 | 1.2137546337864455 × 10^295 |
| 40 | ov_040 | 1.0159767639496875 × 10^295 |
| 41 | ov_041 | 8.430523660874773 × 10^294 |
| 42 | ov_042 | 6.926049243679761 × 10^294 |
| 43 | ov_043 | 5.63478336959659 × 10^294 |
| 44 | ov_044 | 4.5354316490632833 × 10^294 |
| 45 | ov_045 | 3.6078706786704495 × 10^294 |
| 46 | ov_046 | 2.8331153771410395 × 10^294 |
| 47 | ov_047 | 2.1932927693131483 × 10^294 |
| 48 | ov_048 | 1.6716213027981766 × 10^294 |
| 49 | ov_049 | 1.2523948526473876 × 10^294 |
| 50 | ov_050 | 9.209706387161734 × 10^293 |
| 51 | ov_051 | 6.637603487547854 × 10^293 |
| 52 | ov_052 | 4.682238278268351 × 10^293 |
| 53 | ov_053 | 3.2286476167429065 × 10^293 |
| 54 | ov_054 | 2.172278482840942 × 10^293 |
| 55 | ov_055 | 1.4189701830336294 × 10^293 |
| 56 | ov_056 | 8.849434624710814 × 10^292 |
| 57 | ov_057 | 5.309030273066254 × 10^292 |
| 58 | ov_058 | 2.9381587205916703 × 10^292 |
| 59 | ov_059 | 1.4475800226235182 × 10^292 |
| 60 | ov_060 | 5.998985243024985 × 10^291 |
| 61 | ov_061 | 2.0956069439554894 × 10^291 |
| 62 | ov_062 | 5.7491607920894986 × 10^290 |
| 63 | ov_063 | 1.1206824130763243 × 10^290 |
| 64 | lv_79_m31 | 2.1841068497745777 × 10^289 |
| 65 | ov_065 | 2.6288910567064526 × 10^290 |
| 66 | ov_066 | 2.628883257520009 × 10^290 |
| 67 | ov_067 | 2.628881348841725 × 10^290 |
| 68 | ov_068 | 2.2796419575205993 × 10^290 |
| 69 | ov_069 | 1.9673635190672477 × 10^290 |
| 70 | ov_070 | 1.6890910741925399 × 10^290 |
| 71 | ov_071 | 1.4420514017555711 × 10^290 |
| 72 | ov_072 | 1.223640716524651 × 10^290 |
| 73 | ov_073 | 1.0314134562394266 × 10^290 |
| 74 | ov_074 | 8.63072099856536 × 10^289 |
| 75 | ov_075 | 7.164579611752454 × 10^289 |
| 76 | ov_076 | 5.895429039516098 × 10^289 |
| 77 | ov_077 | 4.804219261689611 × 10^289 |
| 78 | ov_078 | 3.8730656238862246 × 10^289 |
| 79 | ov_079 | 3.085190541003803 × 10^289 |
| 80 | ov_080 | 2.424872387656679 × 10^289 |
| 81 | ov_081 | 1.8774010883397334 × 10^289 |
| 82 | ov_082 | 1.4290399244791556 × 10^289 |
| 83 | ov_083 | 1.066993078648035 × 10^289 |
| 84 | ov_084 | 7.793784383923415 × 10^288 |
| 85 | ov_085 | 5.5520518356204384 × 10^288 |
| 86 | ov_086 | 3.843556819777531 × 10^288 |
| 87 | ov_087 | 2.5757121885065988 × 10^288 |
| 88 | ov_088 | 1.664410857317003 × 10^288 |
| 89 | ov_089 | 1.0339455497343112 × 10^288 |
| 90 | ov_090 | 6.1695265798403 × 10^287 |
| 91 | ov_091 | 3.543754812070401 × 10^287 |
| 92 | ov_092 | 1.9544214243887895 × 10^287 |
| 93 | ov_093 | 9.76537188651338 × 10^286 |
| 94 | ov_094 | 4.1828008733762173 × 10^286 |
| 95 | aaa_78_28 | 1.2915728028788645 × 10^286 |
| 96 | aaa_78_29 | 3.9663155734321014 × 10^285 |
| 97 | ov_097 | 2.6185600997713387 × 10^285 |
| 98 | ov_098 | 2.6184809361184132 × 10^285 |
| 99 | ov_099 | 2.618455585837135 × 10^285 |
| 100 | ov_100 | 2.3559150199334037 × 10^285 |
| 101 | ov_101 | 2.1128373035602156 × 10^285 |
| 102 | ov_102 | 1.8881417879678515 × 10^285 |
| 103 | ov_103 | 1.680826629702969 × 10^285 |
| 104 | ov_104 | 1.489958801060043 × 10^285 |
| 105 | ov_105 | 1.3146649944241898 × 10^285 |
| 106 | ov_106 | 1.1541233736617862 × 10^285 |
| 107 | ov_107 | 1.00755612748938 × 10^285 |
| 108 | ov_108 | 8.742227811975484 × 10^284 |
| 109 | ov_109 | 7.534142242677943 × 10^284 |
| 110 | ov_110 | 6.4444741233571884 × 10^284 |
| 111 | ov_111 | 5.466607026592924 × 10^284 |
| 112 | ov_112 | 4.594097827811276 × 10^284 |
| 113 | ov_113 | 3.82064152459601 × 10^284 |
| 114 | ov_114 | 3.140041192140591 × 10^284 |
| 115 | ov_115 | 2.5461826801013873 × 10^284 |
| 116 | ov_116 | 2.0330136572559475 × 10^284 |
| 117 | ov_117 | 1.5945266110528998 × 10^284 |
| 118 | ov_118 | 1.2247454095281742 × 10^284 |
| 119 | ov_119 | 9.177150332777706 × 10^283 |
| 120 | ov_120 | 6.674940852971693 × 10^283 |
| 121 | ov_121 | 4.681496865645488 × 10^283 |
| 122 | ov_122 | 3.137541895903321 × 10^283 |
| 123 | ov_123 | 1.9838301548935185 × 10^283 |
| 124 | ov_124 | 1.1611319384391304 × 10^283 |
| 125 | ov_125 | 6.102245732394331 × 10^282 |
| 126 | ov_126 | 2.718877939693555 × 10^282 |
| 127 | aaa_77_28 | 8.690196678499645 × 10^281 |
| 128 | aaa_77_29 | 3.262695854592303 × 10^281 |
| 129 | ov_129 | 3.043965422661097 × 10^281 |
| 130 | ov_130 | 3.0439568595868377 × 10^281 |
| 131 | ov_131 | 3.0439547871346635 × 10^281 |
| 132 | ov_132 | 2.648713289398142 × 10^281 |
| 133 | ov_133 | 2.2933744104425827 × 10^281 |
| 134 | ov_134 | 1.9748499511583724 × 10^281 |
| 135 | ov_135 | 1.690219047515491 × 10^281 |
| 136 | ov_136 | 1.436716234717071 × 10^281 |
| 137 | ov_137 | 1.2129962431013228 × 10^281 |
| 138 | ov_138 | 1.0165748576729482 × 10^281 |
| 139 | ov_139 | 8.450964782600763 × 10^280 |
| 140 | ov_140 | 6.963277273498076 × 10^280 |
| 141 | ov_141 | 5.681521086305795 × 10^280 |
| 142 | ov_142 | 4.585655966517733 × 10^280 |
| 143 | ov_143 | 3.6567304502194846 × 10^280 |
| 144 | ov_144 | 2.8768530749635405 × 10^280 |
| 145 | ov_145 | 2.2291697317620596 × 10^280 |
| 146 | ov_146 | 1.6978462387536707 × 10^280 |
| 147 | ov_147 | 1.2680552851831814 × 10^280 |
| 148 | ov_148 | 9.259669622611305 × 10^279 |
| 149 | ov_149 | 6.587421653037268 × 10^279 |
| 150 | ov_150 | 4.5452821932862064 × 10^279 |
| 151 | ov_151 | 3.024561480189801 × 10^279 |
| 152 | ov_152 | 1.9263907368061543 × 10^279 |
| 153 | ov_153 | 1.1617132284483826 × 10^279 |
| 154 | ov_154 | 6.51279336212759 × 10^278 |
| 155 | ov_155 | 3.256437943099617 × 10^278 |
| 156 | aaa_76_25 | 1.2516418642919627 × 10^278 |
| 157 | aaa_76_26 | 7.2318569990753365 × 10^277 |
| 158 | aaa_76_27 | 3.70420342611649 × 10^277 |
| 159 | aaa_76_28 | 1.4433879508589065 × 10^277 |
| 160 | aaa_76_29 | 4.393198347367703 × 10^276 |

### Output Bits Sorted by Complexity

| Rank | Output Bit | Complexity |
|:----:|:----------:|:----------:|
| 160 | aaa_76_29 | 4.393198347367703 × 10^276 |
| 159 | aaa_76_28 | 1.4433879508589065 × 10^277 |
| 158 | aaa_76_27 | 3.70420342611649 × 10^277 |
| 157 | aaa_76_26 | 7.2318569990753365 × 10^277 |
| 156 | aaa_76_25 | 1.2516418642919627 × 10^278 |
| 155 | ov_155 | 3.256437943099617 × 10^278 |
| 154 | ov_154 | 6.51279336212759 × 10^278 |
| 153 | ov_153 | 1.1617132284483826 × 10^279 |
| 152 | ov_152 | 1.9263907368061543 × 10^279 |
| 151 | ov_151 | 3.024561480189801 × 10^279 |
| 150 | ov_150 | 4.5452821932862064 × 10^279 |
| 149 | ov_149 | 6.587421653037268 × 10^279 |
| 148 | ov_148 | 9.259669622611305 × 10^279 |
| 147 | ov_147 | 1.2680552851831814 × 10^280 |
| 146 | ov_146 | 1.6978462387536707 × 10^280 |
| 145 | ov_145 | 2.2291697317620596 × 10^280 |
| 144 | ov_144 | 2.8768530749635405 × 10^280 |
| 143 | ov_143 | 3.6567304502194846 × 10^280 |
| 142 | ov_142 | 4.585655966517733 × 10^280 |
| 141 | ov_141 | 5.681521086305795 × 10^280 |
| 140 | ov_140 | 6.963277273498076 × 10^280 |
| 139 | ov_139 | 8.450964782600763 × 10^280 |
| 138 | ov_138 | 1.0165748576729482 × 10^281 |
| 137 | ov_137 | 1.2129962431013228 × 10^281 |
| 136 | ov_136 | 1.436716234717071 × 10^281 |
| 135 | ov_135 | 1.690219047515491 × 10^281 |
| 134 | ov_134 | 1.9748499511583724 × 10^281 |
| 133 | ov_133 | 2.2933744104425827 × 10^281 |
| 132 | ov_132 | 2.648713289398142 × 10^281 |
| 131 | ov_131 | 3.0439547871346635 × 10^281 |
| 130 | ov_130 | 3.0439568595868377 × 10^281 |
| 129 | ov_129 | 3.043965422661097 × 10^281 |
| 128 | aaa_77_29 | 3.262695854592303 × 10^281 |
| 127 | aaa_77_28 | 8.690196678499645 × 10^281 |
| 126 | ov_126 | 2.718877939693555 × 10^282 |
| 125 | ov_125 | 6.102245732394331 × 10^282 |
| 124 | ov_124 | 1.1611319384391304 × 10^283 |
| 123 | ov_123 | 1.9838301548935185 × 10^283 |
| 122 | ov_122 | 3.137541895903321 × 10^283 |
| 121 | ov_121 | 4.681496865645488 × 10^283 |
| 120 | ov_120 | 6.674940852971693 × 10^283 |
| 119 | ov_119 | 9.177150332777706 × 10^283 |
| 118 | ov_118 | 1.2247454095281742 × 10^284 |
| 117 | ov_117 | 1.5945266110528998 × 10^284 |
| 116 | ov_116 | 2.0330136572559475 × 10^284 |
| 115 | ov_115 | 2.5461826801013873 × 10^284 |
| 114 | ov_114 | 3.140041192140591 × 10^284 |
| 113 | ov_113 | 3.82064152459601 × 10^284 |
| 112 | ov_112 | 4.594097827811276 × 10^284 |
| 111 | ov_111 | 5.466607026592924 × 10^284 |
| 110 | ov_110 | 6.4444741233571884 × 10^284 |
| 109 | ov_109 | 7.534142242677943 × 10^284 |
| 108 | ov_108 | 8.742227811975484 × 10^284 |
| 107 | ov_107 | 1.00755612748938 × 10^285 |
| 106 | ov_106 | 1.1541233736617862 × 10^285 |
| 105 | ov_105 | 1.3146649944241898 × 10^285 |
| 104 | ov_104 | 1.489958801060043 × 10^285 |
| 103 | ov_103 | 1.680826629702969 × 10^285 |
| 102 | ov_102 | 1.8881417879678515 × 10^285 |
| 101 | ov_101 | 2.1128373035602156 × 10^285 |
| 100 | ov_100 | 2.3559150199334037 × 10^285 |
| 99 | ov_099 | 2.618455585837135 × 10^285 |
| 98 | ov_098 | 2.6184809361184132 × 10^285 |
| 97 | ov_097 | 2.6185600997713387 × 10^285 |
| 96 | aaa_78_29 | 3.9663155734321014 × 10^285 |
| 95 | aaa_78_28 | 1.2915728028788645 × 10^286 |
| 94 | ov_094 | 4.1828008733762173 × 10^286 |
| 93 | ov_093 | 9.76537188651338 × 10^286 |
| 92 | ov_092 | 1.9544214243887895 × 10^287 |
| 91 | ov_091 | 3.543754812070401 × 10^287 |
| 90 | ov_090 | 6.1695265798403 × 10^287 |
| 89 | ov_089 | 1.0339455497343112 × 10^288 |
| 88 | ov_088 | 1.664410857317003 × 10^288 |
| 87 | ov_087 | 2.5757121885065988 × 10^288 |
| 86 | ov_086 | 3.843556819777531 × 10^288 |
| 85 | ov_085 | 5.5520518356204384 × 10^288 |
| 84 | ov_084 | 7.793784383923415 × 10^288 |
| 83 | ov_083 | 1.066993078648035 × 10^289 |
| 82 | ov_082 | 1.4290399244791556 × 10^289 |
| 81 | ov_081 | 1.8774010883397334 × 10^289 |
| 64 | lv_79_m31 | 2.1841068497745777 × 10^289 |
| 80 | ov_080 | 2.424872387656679 × 10^289 |
| 79 | ov_079 | 3.085190541003803 × 10^289 |
| 78 | ov_078 | 3.8730656238862246 × 10^289 |
| 77 | ov_077 | 4.804219261689611 × 10^289 |
| 76 | ov_076 | 5.895429039516098 × 10^289 |
| 75 | ov_075 | 7.164579611752454 × 10^289 |
| 74 | ov_074 | 8.63072099856536 × 10^289 |
| 73 | ov_073 | 1.0314134562394266 × 10^290 |
| 63 | ov_063 | 1.1206824130763243 × 10^290 |
| 72 | ov_072 | 1.223640716524651 × 10^290 |
| 71 | ov_071 | 1.4420514017555711 × 10^290 |
| 70 | ov_070 | 1.6890910741925399 × 10^290 |
| 69 | ov_069 | 1.9673635190672477 × 10^290 |
| 68 | ov_068 | 2.2796419575205993 × 10^290 |
| 67 | ov_067 | 2.628881348841725 × 10^290 |
| 66 | ov_066 | 2.628883257520009 × 10^290 |
| 65 | ov_065 | 2.6288910567064526 × 10^290 |
| 62 | ov_062 | 5.7491607920894986 × 10^290 |
| 61 | ov_061 | 2.0956069439554894 × 10^291 |
| 60 | ov_060 | 5.998985243024985 × 10^291 |
| 59 | ov_059 | 1.4475800226235182 × 10^292 |
| 58 | ov_058 | 2.9381587205916703 × 10^292 |
| 57 | ov_057 | 5.309030273066254 × 10^292 |
| 56 | ov_056 | 8.849434624710814 × 10^292 |
| 55 | ov_055 | 1.4189701830336294 × 10^293 |
| 54 | ov_054 | 2.172278482840942 × 10^293 |
| 53 | ov_053 | 3.2286476167429065 × 10^293 |
| 52 | ov_052 | 4.682238278268351 × 10^293 |
| 51 | ov_051 | 6.637603487547854 × 10^293 |
| 50 | ov_050 | 9.209706387161734 × 10^293 |
| 49 | ov_049 | 1.2523948526473876 × 10^294 |
| 48 | ov_048 | 1.6716213027981766 × 10^294 |
| 47 | ov_047 | 2.1932927693131483 × 10^294 |
| 32 | lv_80_k31 | 2.551484365062925 × 10^294 |
| 46 | ov_046 | 2.8331153771410395 × 10^294 |
| 45 | ov_045 | 3.6078706786704495 × 10^294 |
| 44 | ov_044 | 4.5354316490632833 × 10^294 |
| 43 | ov_043 | 5.63478336959659 × 10^294 |
| 42 | ov_042 | 6.926049243679761 × 10^294 |
| 41 | ov_041 | 8.430523660874773 × 10^294 |
| 40 | ov_040 | 1.0159767639496875 × 10^295 |
| 31 | ov_031 | 1.0533963658405203 × 10^295 |
| 39 | ov_039 | 1.2137546337864455 × 10^295 |
| 38 | ov_038 | 1.438894283053434 × 10^295 |
| 37 | ov_037 | 1.6940427195787843 × 10^295 |
| 36 | ov_036 | 1.9819937758256385 × 10^295 |
| 35 | ov_035 | 2.3056975874277 × 10^295 |
| 34 | ov_034 | 2.668271573861477 × 10^295 |
| 33 | ov_033 | 3.0730130787216397 × 10^295 |
| 30 | ov_030 | 5.145994007704885 × 10^295 |
| 29 | ov_029 | 1.8024829667656307 × 10^296 |
| 28 | ov_028 | 4.963117146812021 × 10^296 |
| 27 | ov_027 | 1.1552772654181704 × 10^297 |
| 26 | ov_026 | 2.528661030840504 × 10^297 |
| 25 | ov_025 | 5.108503637052126 × 10^297 |
| 24 | ov_024 | 9.50737345715349 × 10^297 |
| 23 | ov_023 | 1.645837655724261 × 10^298 |
| 22 | ov_022 | 2.681518191111365 × 10^298 |
| 21 | ov_021 | 4.1552074971631085 × 10^298 |
| 20 | ov_020 | 6.17640554369398 × 10^298 |
| 19 | ov_019 | 8.866699698370783 × 10^298 |
| 18 | ov_018 | 1.2359789292594486 × 10^299 |
| 17 | ov_017 | 1.6801522169068964 × 10^299 |
| 16 | ov_016 | 2.2349947408015598 × 10^299 |
| 15 | ov_015 | 2.917538949629169 × 10^299 |
| 14 | ov_014 | 3.7460550716185757 × 10^299 |
| 13 | ov_013 | 4.7400649702824 × 10^299 |
| 12 | ov_012 | 5.9203604951401145 × 10^299 |
| 11 | ov_011 | 7.309027288965212 × 10^299 |
| 10 | ov_010 | 8.929475096813557 × 10^299 |
| 9 | ov_009 | 1.0806475706241526 × 10^300 |
| 8 | ov_008 | 1.2966209732893612 × 10^300 |
| 7 | ov_007 | 1.5436323551262115 × 10^300 |
| 6 | ov_006 | 1.824599775718264 × 10^300 |
| 5 | ov_005 | 2.1426028636873292 × 10^300 |
| 4 | ov_004 | 2.500892420746372 × 10^300 |
| 3 | ov_003 | 2.902901637702773 × 10^300 |
| 2 | ov_002 | 3.352259064868748 × 10^300 |
| 1 | ov_001 | 3.852803489237088 × 10^300 |

