# Results for F001-F002-F003-F004-F005-F006-F007-F008-F009-F010-F011-F012-F013-F014-F015-F016-F017-F018-F019-F020-F021-F022-F023-F024-F025-F026-F027-F028-F029-F030-F031-F032-F033-F034-F035-F036-F037-F038-F039-F040-F041-F042-F043-F044-F045-F046-F047-F048-F049-F050-F051-F052-F053-F054-F055-F056-F057-F058-F059-F060-F061-F062-F063-F064-F065-F066-F067-F068-F069-F070-F071-F072-F073-F074-F075-F076-F077-F078-F079-F080-F081-F082-F083-F084-F085-F086-F087-F088-F089-F090-F091-F092-F093-F094-F095-F096-F097-F098-F099-F100-F101-F102-F103-F104-F105-F106-F107-F108-F109-F110-F111-F112-F113-F114-F115-F116-F117-F118-F119-F120-F121-F122-F123-F124-F125-F126-F127-F128-F129-F130-F131-F132-F133-F134-F135-F136-F137-F138-F139-F140-F141-F142-F143-F144-F145-F146-F147-F148-F149-F150-F151-F152-F153-F154-F155-F156-F157-F158-F159-F160-F161-F162-F163-F164-F165-F166-F167-F168-F169-F170-F171-F172-F173-F174-F175-F176-F177-F178-F179-F180-F181-F182-F183-F184-F185-F186-F187-F188-F189-F190-F191-F192-F193-F194-F195-F196-F197-F198-F199-F200-F201-F202-F203-F204-F205-F206-F207-F208-F209-F210-F211-F212-F213-F214-F215-F216-F217-F218-F219-F220-F221-F222-F223-F224-F225-F226-F227-F228-F229-F230-F231-F232-F233-F234-F235-F236-F237-F238-F239-F240-F241-F242-F243-F244-F245-F246-F247-F248-F249-F250-F251-F252-F253-F254-F255-F256-F257-F258-F259-F260-F261-F262-F263-F264-F265-F266-F267-F268-F269-F270-F271-F272-F273-F274-F275-F276-F277-F278-F279-F280-F281-F282-F283-F284-F285-F286-F287-F288-F289-F290-F291-F292-F293-F294-F295-F296-F297-F298-F299-F300-F301-F302-F303-F304-F305-F306-F307-F308-F309-F310-F311-F312-F313-F314-F315-F316-F317-F318-F319-F320-F321-F322-F323-F324-F325-F326-F327-F328-F329-F330-F331-F332-F333-F334-F335-F336-F337-F338-F339-F340-F341-F342-F343-F344-F345-F346-F347-F348-F349-F350-F351-F352-F353-F354-F355-F356-F357-F358-F359-F360-F361-F362-F363-F364-F365-F366-F367-F368-F369-F370-F371-F372-F373-F374-F375-F376-F377-F378-F379-F380-F381-F382-F383-F384-F385-F386-F387-F388-F389-F390-F391-F392-F393-F394-F395-F396-F397-F398-F399-F400-F401-F402-F403-F404-F405-F406-F407-F408-F409-F410-F411-F412-F413-F414-F415-F416-F417-F418-F419-F420-F421-F422-F423-F424-F425-F426-F427-F428-F429-F430-F431-F432-F433-F434-F435-F436-F437-F438-F439-F440-F441-F442-F443-F444-F445-F446-F447-F448-F449-F450-F451-F452-F453-F454-F455-F456-F457-F458-F459-F460-F461-F462-F463-F464-F465-F466-F467-F468-F469-F470-F471-F472-F473-F474-F475-F476-F477-F478-F479-F480-F481-F482-F483-F484-F485-F486-F487-F488-F489-F490-F491-F492-F493-F494-F495-F496-O504505-F509-F510-F512

## Summary

Number of input bits: 512  
Number of free input bits: 12  
Number of output bits: 160

Number of direct occurrences: 49776  
Number of assignments: 31725  
Number of operations: 11513619
(xor: 11484856,
and: 15310,
or: 13453)

Total complexity: 7.913769424343078 × 10^303

Least occurring input variable: iv_499 (3982)  
Most occurring input variable: iv_511 (4378)

Most co-occurring input variables: iv_501-iv_502 (2103)  
Least co-occurring input variables: iv_499-iv_506 (1796)

Potentially most occurring input variable: iv_508/iv_511 (4570)  
Potentially least occurring input variable: iv_501/iv_502 (4121)

Least output occurring input variable: iv_506 (68)  
Most output occurring input variable: iv_503 (90)

Most output co-occurring input variables: iv_503-iv_504 (55)  
Least output co-occurring input variables: iv_499-iv_506 (29)

Potentially most output occurring input variable: iv_502/iv_511 (95)  
Potentially least output occurring input variable: iv_503/iv_504 (64)

Least complex input bit: iv_511 (2.1234077870448467 × 10^300)  
Most complex input bit: iv_508 (2.0739912081388684 × 10^303)

Least complex output bit: aaa_76_29 (2.8207422437551957 × 10^278)  
Most complex output bit: ov_001 (1.2371935116460453 × 10^303)

Least complex input/output complexity: iv_511/aaa_76_29 (7.568562747370329 × 10^274)  
Most complex input/output complexity: iv_508/ov_001 (3.2423593970623544 × 10^302)

## Input Bits

### Input Bits in Regular Order

| Input Bit | Complexity | Occurrences | Output Occurrences |
|:---------:|:----------:|:-----------:|:------------------:|
| iv_497 | 5.16201668701893 × 10^301 | 4105 | 83 |
| iv_498 | 1.0335202339302327 × 10^302 | 4032 | 82 |
| iv_499 | 1.8269481760709566 × 10^302 | 3982 | 73 |
| iv_500 | 3.080884110961598 × 10^302 | 4078 | 84 |
| iv_501 | 5.090144096502923 × 10^302 | 4134 | 73 |
| iv_502 | 8.225799203228107 × 10^302 | 4193 | 75 |
| iv_503 | 4.819868517498102 × 10^302 | 4289 | 90 |
| iv_504 | 5.8627255805770235 × 10^302 | 4133 | 84 |
| iv_506 | 1.06849201431356 × 10^303 | 4008 | 68 |
| iv_507 | 1.7235536353565206 × 10^303 | 4258 | 84 |
| iv_508 | 2.0739912081388684 × 10^303 | 4186 | 83 |
| iv_511 | 2.1234077870448467 × 10^300 | 4378 | 86 |

### Input Bits Sorted by Complexity

| Input Bit | Complexity | Occurrences | Output Occurrences |
|:---------:|:----------:|:-----------:|:------------------:|
| iv_511 | 2.1234077870448467 × 10^300 | 4378 | 86 |
| iv_497 | 5.16201668701893 × 10^301 | 4105 | 83 |
| iv_498 | 1.0335202339302327 × 10^302 | 4032 | 82 |
| iv_499 | 1.8269481760709566 × 10^302 | 3982 | 73 |
| iv_500 | 3.080884110961598 × 10^302 | 4078 | 84 |
| iv_503 | 4.819868517498102 × 10^302 | 4289 | 90 |
| iv_501 | 5.090144096502923 × 10^302 | 4134 | 73 |
| iv_504 | 5.8627255805770235 × 10^302 | 4133 | 84 |
| iv_502 | 8.225799203228107 × 10^302 | 4193 | 75 |
| iv_506 | 1.06849201431356 × 10^303 | 4008 | 68 |
| iv_507 | 1.7235536353565206 × 10^303 | 4258 | 84 |
| iv_508 | 2.0739912081388684 × 10^303 | 4186 | 83 |

### Input Bits Sorted by Occurrences

| Input Bit | Complexity | Occurrences | Output Occurrences |
|:---------:|:----------:|:-----------:|:------------------:|
| iv_499 | 1.8269481760709566 × 10^302 | 3982 | 73 |
| iv_506 | 1.06849201431356 × 10^303 | 4008 | 68 |
| iv_498 | 1.0335202339302327 × 10^302 | 4032 | 82 |
| iv_500 | 3.080884110961598 × 10^302 | 4078 | 84 |
| iv_497 | 5.16201668701893 × 10^301 | 4105 | 83 |
| iv_504 | 5.8627255805770235 × 10^302 | 4133 | 84 |
| iv_501 | 5.090144096502923 × 10^302 | 4134 | 73 |
| iv_508 | 2.0739912081388684 × 10^303 | 4186 | 83 |
| iv_502 | 8.225799203228107 × 10^302 | 4193 | 75 |
| iv_507 | 1.7235536353565206 × 10^303 | 4258 | 84 |
| iv_503 | 4.819868517498102 × 10^302 | 4289 | 90 |
| iv_511 | 2.1234077870448467 × 10^300 | 4378 | 86 |

### Input Bits Sorted by Output Occurrences

| Input Bit | Complexity | Occurrences | Output Occurrences |
|:---------:|:----------:|:-----------:|:------------------:|
| iv_506 | 1.06849201431356 × 10^303 | 4008 | 68 |
| iv_501 | 5.090144096502923 × 10^302 | 4134 | 73 |
| iv_499 | 1.8269481760709566 × 10^302 | 3982 | 73 |
| iv_502 | 8.225799203228107 × 10^302 | 4193 | 75 |
| iv_498 | 1.0335202339302327 × 10^302 | 4032 | 82 |
| iv_497 | 5.16201668701893 × 10^301 | 4105 | 83 |
| iv_508 | 2.0739912081388684 × 10^303 | 4186 | 83 |
| iv_500 | 3.080884110961598 × 10^302 | 4078 | 84 |
| iv_504 | 5.8627255805770235 × 10^302 | 4133 | 84 |
| iv_507 | 1.7235536353565206 × 10^303 | 4258 | 84 |
| iv_511 | 2.1234077870448467 × 10^300 | 4378 | 86 |
| iv_503 | 4.819868517498102 × 10^302 | 4289 | 90 |

## Input Bit Co-occurrences

### Input Bit Co-occurrences Sorted by Co-occurrences

| Input Bits | Co-occurrences | Potential Occurrences | Output Co-occurrences | Potential Output Occurrences |
|:----------:|:--------------:|:---------------------:|:---------------------:|:----------------------------:|
| iv_501-iv_502 | 2103 | 4121 | 39 | 70 |
| iv_507-iv_511 | 2094 | 4448 | 47 | 76 |
| iv_502-iv_503 | 2092 | 4298 | 38 | 89 |
| iv_502-iv_507 | 2073 | 4305 | 34 | 91 |
| iv_501-iv_511 | 2072 | 4368 | 35 | 89 |
| iv_503-iv_507 | 2067 | 4413 | 49 | 76 |
| iv_502-iv_511 | 2056 | 4459 | 33 | 95 |
| iv_503-iv_511 | 2056 | 4555 | 49 | 78 |
| iv_506-iv_507 | 2040 | 4186 | 36 | 80 |
| iv_501-iv_503 | 2036 | 4351 | 39 | 85 |
| iv_497-iv_507 | 2034 | 4295 | 43 | 81 |
| iv_507-iv_508 | 2019 | 4406 | 41 | 85 |

### Input Bit Co-occurrences Sorted by Potential Occurrences

| Input Bits | Co-occurrences | Potential Occurrences | Output Co-occurrences | Potential Output Occurrences |
|:----------:|:--------------:|:---------------------:|:---------------------:|:----------------------------:|
| iv_501-iv_502 | 2103 | 4121 | 39 | 70 |
| iv_506-iv_507 | 2040 | 4186 | 36 | 80 |
| iv_498-iv_506 | 1916 | 4208 | 41 | 68 |
| iv_499-iv_504 | 1950 | 4215 | 41 | 75 |
| iv_500-iv_506 | 1920 | 4246 | 36 | 80 |
| iv_498-iv_501 | 1955 | 4256 | 40 | 75 |
| iv_500-iv_504 | 1977 | 4257 | 50 | 68 |
| iv_497-iv_501 | 1985 | 4269 | 42 | 72 |
| iv_499-iv_500 | 1894 | 4272 | 41 | 75 |
| iv_499-iv_502 | 1951 | 4273 | 37 | 74 |
| iv_497-iv_506 | 1918 | 4277 | 41 | 69 |
| iv_499-iv_503 | 1992 | 4287 | 43 | 77 |

### Input Bit Output Co-occurrences Sorted by Output Co-occurrences

| Input Bits | Co-occurrences | Potential Occurrences | Output Co-occurrences | Potential Output Occurrences |
|:----------:|:--------------:|:---------------------:|:---------------------:|:----------------------------:|
| iv_503-iv_504 | 2010 | 4402 | 55 | 64 |
| iv_500-iv_504 | 1977 | 4257 | 50 | 68 |
| iv_503-iv_507 | 2067 | 4413 | 49 | 76 |
| iv_503-iv_511 | 2056 | 4555 | 49 | 78 |
| iv_500-iv_503 | 1972 | 4423 | 47 | 80 |
| iv_507-iv_511 | 2094 | 4448 | 47 | 76 |
| iv_508-iv_511 | 1997 | 4570 | 47 | 75 |
| iv_497-iv_503 | 1964 | 4466 | 46 | 81 |
| iv_497-iv_504 | 1939 | 4360 | 46 | 75 |
| iv_500-iv_511 | 2004 | 4448 | 46 | 78 |
| iv_497-iv_498 | 1907 | 4323 | 45 | 75 |
| iv_504-iv_507 | 1975 | 4441 | 45 | 78 |

### Input Bit Output Co-occurrences Sorted by Potential Output Occurrences

| Input Bits | Co-occurrences | Potential Occurrences | Output Co-occurrences | Potential Output Occurrences |
|:----------:|:--------------:|:---------------------:|:---------------------:|:----------------------------:|
| iv_503-iv_504 | 2010 | 4402 | 55 | 64 |
| iv_498-iv_506 | 1916 | 4208 | 41 | 68 |
| iv_500-iv_504 | 1977 | 4257 | 50 | 68 |
| iv_497-iv_506 | 1918 | 4277 | 41 | 69 |
| iv_501-iv_502 | 2103 | 4121 | 39 | 70 |
| iv_497-iv_501 | 1985 | 4269 | 42 | 72 |
| iv_499-iv_502 | 1951 | 4273 | 37 | 74 |
| iv_497-iv_498 | 1907 | 4323 | 45 | 75 |
| iv_497-iv_504 | 1939 | 4360 | 46 | 75 |
| iv_508-iv_511 | 1997 | 4570 | 47 | 75 |
| iv_498-iv_501 | 1955 | 4256 | 40 | 75 |
| iv_498-iv_502 | 1946 | 4333 | 41 | 75 |

## Output Bits

### Output Bits in Regular Order

| Rank | Output Bit | Complexity |
|:----:|:----------:|:----------:|
| 1 | ov_001 | 1.2371935116460453 × 10^303 |
| 2 | ov_002 | 1.0765713606495993 × 10^303 |
| 3 | ov_003 | 9.323660857454046 × 10^302 |
| 4 | ov_004 | 8.033470382957417 × 10^302 |
| 5 | ov_005 | 6.883510026803969 × 10^302 |
| 6 | ov_006 | 5.862773947929219 × 10^302 |
| 7 | ov_007 | 4.96084071928801 × 10^302 |
| 8 | ov_008 | 4.167837147427445 × 10^302 |
| 9 | ov_009 | 3.4744073752829537 × 10^302 |
| 10 | ov_010 | 2.871686750794485 × 10^302 |
| 11 | ov_011 | 2.351279938255618 × 10^302 |
| 12 | ov_012 | 1.905242779422017 × 10^302 |
| 13 | ov_013 | 1.526067440894895 × 10^302 |
| 14 | ov_014 | 1.2066704132931556 × 10^302 |
| 15 | ov_015 | 9.403829563483069 × 10^301 |
| 16 | ov_016 | 7.209436123937945 × 10^301 |
| 17 | ov_017 | 5.424924388517144 × 10^301 |
| 18 | ov_018 | 3.9956663830481893 × 10^301 |
| 19 | ov_019 | 2.8709729262620817 × 10^301 |
| 20 | ov_020 | 2.0040694859315918 × 10^301 |
| 21 | ov_021 | 1.352078678622032 × 10^301 |
| 22 | ov_022 | 8.76008047391995 × 10^300 |
| 23 | ov_023 | 5.4074184580381885 × 10^300 |
| 24 | ov_024 | 3.150356952598657 × 10^300 |
| 25 | ov_025 | 1.7151331470010715 × 10^300 |
| 26 | ov_026 | 8.666472845967558 × 10^299 |
| 27 | ov_027 | 4.084542266718576 × 10^299 |
| 28 | ov_028 | 1.8276012452299842 × 10^299 |
| 29 | ov_029 | 7.042134771442968 × 10^298 |
| 30 | ov_030 | 2.1528579915835665 × 10^298 |
| 31 | ov_031 | 4.199292791850282 × 10^297 |
| 32 | lv_80_m31 | 8.189680212038968 × 10^296 |
| 33 | ov_033 | 9.860650198123541 × 10^297 |
| 34 | ov_034 | 8.562485309056006 × 10^297 |
| 35 | ov_035 | 7.400044458767989 × 10^297 |
| 36 | ov_036 | 6.362318539386074 × 10^297 |
| 37 | ov_037 | 5.438897832576709 × 10^297 |
| 38 | ov_038 | 4.619929811313984 × 10^297 |
| 39 | ov_039 | 3.896082547411407 × 10^297 |
| 40 | ov_040 | 3.258513195830596 × 10^297 |
| 41 | ov_041 | 2.6988410531586615 × 10^297 |
| 42 | ov_042 | 2.212988205991731 × 10^297 |
| 43 | ov_043 | 1.797091161840526 × 10^297 |
| 44 | ov_044 | 1.4440327359622423 × 10^297 |
| 45 | ov_045 | 1.1470867061508583 × 10^297 |
| 46 | ov_046 | 8.999070961744361 × 10^296 |
| 47 | ov_047 | 6.965195499685462 × 10^296 |
| 48 | ov_048 | 5.31314486747379 × 10^296 |
| 49 | ov_049 | 3.990417864074702 × 10^296 |
| 50 | ov_050 | 2.948067789215233 × 10^296 |
| 51 | ov_051 | 2.14067300869352 × 10^296 |
| 52 | ov_052 | 1.5263158906027225 × 10^296 |
| 53 | ov_053 | 1.0665681522772422 × 10^296 |
| 54 | ov_054 | 7.264810962852497 × 10^295 |
| 55 | ov_055 | 4.745794551988685 × 10^295 |
| 56 | ov_056 | 2.959933696351976 × 10^295 |
| 57 | ov_057 | 1.775871324279685 × 10^295 |
| 58 | ov_058 | 9.828896028706675 × 10^294 |
| 59 | ov_059 | 4.8429426687441135 × 10^294 |
| 60 | ov_060 | 2.0071843108235243 × 10^294 |
| 61 | ov_061 | 7.012189163861151 × 10^293 |
| 62 | ov_062 | 1.9238433037936523 × 10^293 |
| 63 | ov_063 | 3.7502243091108534 × 10^292 |
| 64 | lv_79_m31 | 7.308819322245045 × 10^291 |
| 65 | ov_065 | 8.762522177697326 × 10^292 |
| 66 | ov_066 | 8.762497628589082 × 10^292 |
| 67 | ov_067 | 8.762491743985719 × 10^292 |
| 68 | ov_068 | 7.59722235190646 × 10^292 |
| 69 | ov_069 | 6.553764529622342 × 10^292 |
| 70 | ov_070 | 5.623015050357558 × 10^292 |
| 71 | ov_071 | 4.796318470588317 × 10^292 |
| 72 | ov_072 | 4.065436538209251 × 10^292 |
| 73 | ov_073 | 3.4225230391587856 × 10^292 |
| 74 | ov_074 | 2.8601034092391955 × 10^292 |
| 75 | ov_075 | 2.3710584736052564 × 10^292 |
| 76 | ov_076 | 1.9486117107629142 × 10^292 |
| 77 | ov_077 | 1.586319471154714 × 10^292 |
| 78 | ov_078 | 1.2780636127189615 × 10^292 |
| 79 | ov_079 | 1.018046047372547 × 10^292 |
| 80 | ov_080 | 8.007847233353258 × 10^291 |
| 81 | ov_081 | 6.211105987174048 × 10^291 |
| 82 | ov_082 | 4.741652344404886 × 10^291 |
| 83 | ov_083 | 3.5539878826479846 × 10^291 |
| 84 | ov_084 | 2.6056833415014268 × 10^291 |
| 85 | ov_085 | 1.8573647747230104 × 10^291 |
| 86 | ov_086 | 1.2901074824609152 × 10^291 |
| 87 | ov_087 | 8.706169669331381 × 10^290 |
| 88 | ov_088 | 5.686273122012945 × 10^290 |
| 89 | ov_089 | 3.568962317916356 × 10^290 |
| 90 | ov_090 | 2.112016064927742 × 10^290 |
| 91 | ov_091 | 1.2018706970807565 × 10^290 |
| 92 | ov_092 | 6.566494662132879 × 10^289 |
| 93 | ov_093 | 3.2463375196054767 × 10^289 |
| 94 | ov_094 | 1.3750317491237088 × 10^289 |
| 95 | aaa_78_28 | 4.2014235193763954 × 10^288 |
| 96 | aaa_78_29 | 1.2689556381575781 × 10^288 |
| 97 | ov_097 | 6.577654296271392 × 10^287 |
| 98 | ov_098 | 6.5776058939006594 × 10^287 |
| 99 | ov_099 | 6.5775904351300285 × 10^287 |
| 100 | ov_100 | 5.5180099736735655 × 10^287 |
| 101 | ov_101 | 4.59355607358458 × 10^287 |
| 102 | ov_102 | 3.792232436479115 × 10^287 |
| 103 | ov_103 | 3.102702622007904 × 10^287 |
| 104 | ov_104 | 2.5142422854122148 × 10^287 |
| 105 | ov_105 | 2.0166976110447274 × 10^287 |
| 106 | ov_106 | 1.600449367505423 × 10^287 |
| 107 | ov_107 | 1.2563820399838555 × 10^287 |
| 108 | ov_108 | 9.75857524229021 × 10^286 |
| 109 | ov_109 | 7.506928944964045 × 10^286 |
| 110 | ov_110 | 5.73141785030497 × 10^286 |
| 111 | ov_111 | 4.358789512867349 × 10^286 |
| 112 | ov_112 | 3.3198760331188463 × 10^286 |
| 113 | ov_113 | 2.5494912959656067 × 10^286 |
| 114 | ov_114 | 1.9863485537740756 × 10^286 |
| 115 | ov_115 | 1.572995414236982 × 10^286 |
| 116 | ov_116 | 1.2557639129415307 × 10^286 |
| 117 | ov_117 | 9.847332382664761 × 10^285 |
| 118 | ov_118 | 7.562027580591709 × 10^285 |
| 119 | ov_119 | 5.664852102850982 × 10^285 |
| 120 | ov_120 | 4.119020924314682 × 10^285 |
| 121 | ov_121 | 2.8878037830978965 × 10^285 |
| 122 | ov_122 | 1.934504045281631 × 10^285 |
| 123 | ov_123 | 1.222444797898783 × 10^285 |
| 124 | ov_124 | 7.149594628307668 × 10^284 |
| 125 | ov_125 | 3.753859783760355 × 10^284 |
| 126 | ov_126 | 1.6706382920740386 × 10^284 |
| 127 | aaa_77_28 | 5.333290541055275 × 10^283 |
| 128 | aaa_77_29 | 1.9986512460564054 × 10^283 |
| 129 | ov_129 | 1.8578651037853107 × 10^283 |
| 130 | ov_130 | 1.8578596074429267 × 10^283 |
| 131 | ov_131 | 1.857858277751271 × 10^283 |
| 132 | ov_132 | 1.6111761471689892 × 10^283 |
| 133 | ov_133 | 1.3903835868567604 × 10^283 |
| 134 | ov_134 | 1.1935000523581108 × 10^283 |
| 135 | ov_135 | 1.018651757657266 × 10^283 |
| 136 | ov_136 | 8.64064051348014 × 10^282 |
| 137 | ov_137 | 7.280548309350256 × 10^282 |
| 138 | ov_138 | 6.090288975329805 × 10^282 |
| 139 | ov_139 | 5.0547315825436606 × 10^282 |
| 140 | ov_140 | 4.1595258844859 × 10^282 |
| 141 | ov_141 | 3.3910687070633653 × 10^282 |
| 142 | ov_142 | 2.736476322020226 × 10^282 |
| 143 | ov_143 | 2.183562065372311 × 10^282 |
| 144 | ov_144 | 1.7208185078816383 × 10^282 |
| 145 | ov_145 | 1.3374035296552136 × 10^282 |
| 146 | ov_146 | 1.0231296957712271 × 10^282 |
| 147 | ov_147 | 7.684563745017647 × 10^281 |
| 148 | ov_148 | 5.644840842692229 × 10^281 |
| 149 | ov_149 | 4.029505999798586 × 10^281 |
| 150 | ov_150 | 2.7988373248817104 × 10^281 |
| 151 | ov_151 | 1.882890461706493 × 10^281 |
| 152 | ov_152 | 1.2180422589535761 × 10^281 |
| 153 | ov_153 | 7.469850622859456 × 10^280 |
| 154 | ov_154 | 4.187234859289759 × 10^280 |
| 155 | ov_155 | 2.093376097239073 × 10^280 |
| 156 | aaa_76_25 | 8.045198049247243 × 10^279 |
| 157 | aaa_76_26 | 4.647443331335382 × 10^279 |
| 158 | aaa_76_27 | 2.379870912230737 × 10^279 |
| 159 | aaa_76_28 | 9.270545413578083 × 10^278 |
| 160 | aaa_76_29 | 2.8207422437551957 × 10^278 |

### Output Bits Sorted by Complexity

| Rank | Output Bit | Complexity |
|:----:|:----------:|:----------:|
| 160 | aaa_76_29 | 2.8207422437551957 × 10^278 |
| 159 | aaa_76_28 | 9.270545413578083 × 10^278 |
| 158 | aaa_76_27 | 2.379870912230737 × 10^279 |
| 157 | aaa_76_26 | 4.647443331335382 × 10^279 |
| 156 | aaa_76_25 | 8.045198049247243 × 10^279 |
| 155 | ov_155 | 2.093376097239073 × 10^280 |
| 154 | ov_154 | 4.187234859289759 × 10^280 |
| 153 | ov_153 | 7.469850622859456 × 10^280 |
| 152 | ov_152 | 1.2180422589535761 × 10^281 |
| 151 | ov_151 | 1.882890461706493 × 10^281 |
| 150 | ov_150 | 2.7988373248817104 × 10^281 |
| 149 | ov_149 | 4.029505999798586 × 10^281 |
| 148 | ov_148 | 5.644840842692229 × 10^281 |
| 147 | ov_147 | 7.684563745017647 × 10^281 |
| 146 | ov_146 | 1.0231296957712271 × 10^282 |
| 145 | ov_145 | 1.3374035296552136 × 10^282 |
| 144 | ov_144 | 1.7208185078816383 × 10^282 |
| 143 | ov_143 | 2.183562065372311 × 10^282 |
| 142 | ov_142 | 2.736476322020226 × 10^282 |
| 141 | ov_141 | 3.3910687070633653 × 10^282 |
| 140 | ov_140 | 4.1595258844859 × 10^282 |
| 139 | ov_139 | 5.0547315825436606 × 10^282 |
| 138 | ov_138 | 6.090288975329805 × 10^282 |
| 137 | ov_137 | 7.280548309350256 × 10^282 |
| 136 | ov_136 | 8.64064051348014 × 10^282 |
| 135 | ov_135 | 1.018651757657266 × 10^283 |
| 134 | ov_134 | 1.1935000523581108 × 10^283 |
| 133 | ov_133 | 1.3903835868567604 × 10^283 |
| 132 | ov_132 | 1.6111761471689892 × 10^283 |
| 131 | ov_131 | 1.857858277751271 × 10^283 |
| 130 | ov_130 | 1.8578596074429267 × 10^283 |
| 129 | ov_129 | 1.8578651037853107 × 10^283 |
| 128 | aaa_77_29 | 1.9986512460564054 × 10^283 |
| 127 | aaa_77_28 | 5.333290541055275 × 10^283 |
| 126 | ov_126 | 1.6706382920740386 × 10^284 |
| 125 | ov_125 | 3.753859783760355 × 10^284 |
| 124 | ov_124 | 7.149594628307668 × 10^284 |
| 123 | ov_123 | 1.222444797898783 × 10^285 |
| 122 | ov_122 | 1.934504045281631 × 10^285 |
| 121 | ov_121 | 2.8878037830978965 × 10^285 |
| 120 | ov_120 | 4.119020924314682 × 10^285 |
| 119 | ov_119 | 5.664852102850982 × 10^285 |
| 118 | ov_118 | 7.562027580591709 × 10^285 |
| 117 | ov_117 | 9.847332382664761 × 10^285 |
| 116 | ov_116 | 1.2557639129415307 × 10^286 |
| 115 | ov_115 | 1.572995414236982 × 10^286 |
| 114 | ov_114 | 1.9863485537740756 × 10^286 |
| 113 | ov_113 | 2.5494912959656067 × 10^286 |
| 112 | ov_112 | 3.3198760331188463 × 10^286 |
| 111 | ov_111 | 4.358789512867349 × 10^286 |
| 110 | ov_110 | 5.73141785030497 × 10^286 |
| 109 | ov_109 | 7.506928944964045 × 10^286 |
| 108 | ov_108 | 9.75857524229021 × 10^286 |
| 107 | ov_107 | 1.2563820399838555 × 10^287 |
| 106 | ov_106 | 1.600449367505423 × 10^287 |
| 105 | ov_105 | 2.0166976110447274 × 10^287 |
| 104 | ov_104 | 2.5142422854122148 × 10^287 |
| 103 | ov_103 | 3.102702622007904 × 10^287 |
| 102 | ov_102 | 3.792232436479115 × 10^287 |
| 101 | ov_101 | 4.59355607358458 × 10^287 |
| 100 | ov_100 | 5.5180099736735655 × 10^287 |
| 99 | ov_099 | 6.5775904351300285 × 10^287 |
| 98 | ov_098 | 6.5776058939006594 × 10^287 |
| 97 | ov_097 | 6.577654296271392 × 10^287 |
| 96 | aaa_78_29 | 1.2689556381575781 × 10^288 |
| 95 | aaa_78_28 | 4.2014235193763954 × 10^288 |
| 94 | ov_094 | 1.3750317491237088 × 10^289 |
| 93 | ov_093 | 3.2463375196054767 × 10^289 |
| 92 | ov_092 | 6.566494662132879 × 10^289 |
| 91 | ov_091 | 1.2018706970807565 × 10^290 |
| 90 | ov_090 | 2.112016064927742 × 10^290 |
| 89 | ov_089 | 3.568962317916356 × 10^290 |
| 88 | ov_088 | 5.686273122012945 × 10^290 |
| 87 | ov_087 | 8.706169669331381 × 10^290 |
| 86 | ov_086 | 1.2901074824609152 × 10^291 |
| 85 | ov_085 | 1.8573647747230104 × 10^291 |
| 84 | ov_084 | 2.6056833415014268 × 10^291 |
| 83 | ov_083 | 3.5539878826479846 × 10^291 |
| 82 | ov_082 | 4.741652344404886 × 10^291 |
| 81 | ov_081 | 6.211105987174048 × 10^291 |
| 64 | lv_79_m31 | 7.308819322245045 × 10^291 |
| 80 | ov_080 | 8.007847233353258 × 10^291 |
| 79 | ov_079 | 1.018046047372547 × 10^292 |
| 78 | ov_078 | 1.2780636127189615 × 10^292 |
| 77 | ov_077 | 1.586319471154714 × 10^292 |
| 76 | ov_076 | 1.9486117107629142 × 10^292 |
| 75 | ov_075 | 2.3710584736052564 × 10^292 |
| 74 | ov_074 | 2.8601034092391955 × 10^292 |
| 73 | ov_073 | 3.4225230391587856 × 10^292 |
| 63 | ov_063 | 3.7502243091108534 × 10^292 |
| 72 | ov_072 | 4.065436538209251 × 10^292 |
| 71 | ov_071 | 4.796318470588317 × 10^292 |
| 70 | ov_070 | 5.623015050357558 × 10^292 |
| 69 | ov_069 | 6.553764529622342 × 10^292 |
| 68 | ov_068 | 7.59722235190646 × 10^292 |
| 67 | ov_067 | 8.762491743985719 × 10^292 |
| 66 | ov_066 | 8.762497628589082 × 10^292 |
| 65 | ov_065 | 8.762522177697326 × 10^292 |
| 62 | ov_062 | 1.9238433037936523 × 10^293 |
| 61 | ov_061 | 7.012189163861151 × 10^293 |
| 60 | ov_060 | 2.0071843108235243 × 10^294 |
| 59 | ov_059 | 4.8429426687441135 × 10^294 |
| 58 | ov_058 | 9.828896028706675 × 10^294 |
| 57 | ov_057 | 1.775871324279685 × 10^295 |
| 56 | ov_056 | 2.959933696351976 × 10^295 |
| 55 | ov_055 | 4.745794551988685 × 10^295 |
| 54 | ov_054 | 7.264810962852497 × 10^295 |
| 53 | ov_053 | 1.0665681522772422 × 10^296 |
| 52 | ov_052 | 1.5263158906027225 × 10^296 |
| 51 | ov_051 | 2.14067300869352 × 10^296 |
| 50 | ov_050 | 2.948067789215233 × 10^296 |
| 49 | ov_049 | 3.990417864074702 × 10^296 |
| 48 | ov_048 | 5.31314486747379 × 10^296 |
| 47 | ov_047 | 6.965195499685462 × 10^296 |
| 32 | lv_80_m31 | 8.189680212038968 × 10^296 |
| 46 | ov_046 | 8.999070961744361 × 10^296 |
| 45 | ov_045 | 1.1470867061508583 × 10^297 |
| 44 | ov_044 | 1.4440327359622423 × 10^297 |
| 43 | ov_043 | 1.797091161840526 × 10^297 |
| 42 | ov_042 | 2.212988205991731 × 10^297 |
| 41 | ov_041 | 2.6988410531586615 × 10^297 |
| 40 | ov_040 | 3.258513195830596 × 10^297 |
| 39 | ov_039 | 3.896082547411407 × 10^297 |
| 31 | ov_031 | 4.199292791850282 × 10^297 |
| 38 | ov_038 | 4.619929811313984 × 10^297 |
| 37 | ov_037 | 5.438897832576709 × 10^297 |
| 36 | ov_036 | 6.362318539386074 × 10^297 |
| 35 | ov_035 | 7.400044458767989 × 10^297 |
| 34 | ov_034 | 8.562485309056006 × 10^297 |
| 33 | ov_033 | 9.860650198123541 × 10^297 |
| 30 | ov_030 | 2.1528579915835665 × 10^298 |
| 29 | ov_029 | 7.042134771442968 × 10^298 |
| 28 | ov_028 | 1.8276012452299842 × 10^299 |
| 27 | ov_027 | 4.084542266718576 × 10^299 |
| 26 | ov_026 | 8.666472845967558 × 10^299 |
| 25 | ov_025 | 1.7151331470010715 × 10^300 |
| 24 | ov_024 | 3.150356952598657 × 10^300 |
| 23 | ov_023 | 5.4074184580381885 × 10^300 |
| 22 | ov_022 | 8.76008047391995 × 10^300 |
| 21 | ov_021 | 1.352078678622032 × 10^301 |
| 20 | ov_020 | 2.0040694859315918 × 10^301 |
| 19 | ov_019 | 2.8709729262620817 × 10^301 |
| 18 | ov_018 | 3.9956663830481893 × 10^301 |
| 17 | ov_017 | 5.424924388517144 × 10^301 |
| 16 | ov_016 | 7.209436123937945 × 10^301 |
| 15 | ov_015 | 9.403829563483069 × 10^301 |
| 14 | ov_014 | 1.2066704132931556 × 10^302 |
| 13 | ov_013 | 1.526067440894895 × 10^302 |
| 12 | ov_012 | 1.905242779422017 × 10^302 |
| 11 | ov_011 | 2.351279938255618 × 10^302 |
| 10 | ov_010 | 2.871686750794485 × 10^302 |
| 9 | ov_009 | 3.4744073752829537 × 10^302 |
| 8 | ov_008 | 4.167837147427445 × 10^302 |
| 7 | ov_007 | 4.96084071928801 × 10^302 |
| 6 | ov_006 | 5.862773947929219 × 10^302 |
| 5 | ov_005 | 6.883510026803969 × 10^302 |
| 4 | ov_004 | 8.033470382957417 × 10^302 |
| 3 | ov_003 | 9.323660857454046 × 10^302 |
| 2 | ov_002 | 1.0765713606495993 × 10^303 |
| 1 | ov_001 | 1.2371935116460453 × 10^303 |

