# Results for F001-F002-F003-F004-F005-F006-F007-F008-F009-F010-F011-F012-F013-F014-F015-F016-F017-F018-F019-F020-F021-F022-F023-F024-F025-F026-F027-F028-F029-F030-F031-F032-F033-F034-F035-F036-F037-F038-F039-F040-F041-F042-F043-F044-F045-F046-F047-F048-F049-F050-F051-F052-F053-F054-F055-F056-F057-F058-F059-F060-F061-F062-F063-F064-F065-F066-F067-F068-F069-F070-F071-F072-F073-F074-F075-F076-F077-F078-F079-F080-F081-F082-F083-F084-F085-F086-F087-F088-F089-F090-F091-F092-F093-F094-F095-F096-F097-F098-F099-F100-F101-F102-F103-F104-F105-F106-F107-F108-F109-F110-F111-F112-F113-F114-F115-F116-F117-F118-F119-F120-F121-F122-F123-F124-F125-F126-F127-F128-F129-F130-F131-F132-F133-F134-F135-F136-F137-F138-F139-F140-F141-F142-F143-F144-F145-F146-F147-F148-F149-F150-F151-F152-F153-F154-F155-F156-F157-F158-F159-F160-F161-F162-F163-F164-F165-F166-F167-F168-F169-F170-F171-F172-F173-F174-F175-F176-F177-F178-F179-F180-F181-F182-F183-F184-F185-F186-F187-F188-F189-F190-F191-F192-F193-F194-F195-F196-F197-F198-F199-F200-F201-F202-F203-F204-F205-F206-F207-F208-F209-F210-F211-F212-F213-F214-F215-F216-F217-F218-F219-F220-F221-F222-F223-F224-F225-F226-F227-F228-F229-F230-F231-F232-F233-F234-F235-F236-F237-F238-F239-F240-F241-F242-F243-F244-F245-F246-F247-F248-F249-F250-F251-F252-F253-F254-F255-F256-F257-F258-F259-F260-F261-F262-F263-F264-F265-F266-F267-F268-F269-F270-F271-F272-F273-F274-F275-F276-F277-F278-F279-F280-F281-F282-F283-F284-F285-F286-F287-F288-F289-F290-F291-F292-F293-F294-F295-F296-F297-F298-F299-F300-F301-F302-F303-F304-F305-F306-F307-F308-F309-F310-F311-F312-F313-F314-F315-F316-F317-F318-F319-F320-F321-F322-F323-F324-F325-F326-F327-F328-F329-F330-F331-F332-F333-F334-F335-F336-F337-F338-F339-F340-F341-F342-F343-F344-F345-F346-F347-F348-F349-F350-F351-F352-F353-F354-F355-F356-F357-F358-F359-F360-F361-F362-F363-F364-F365-F366-F367-F368-F369-F370-F371-F372-F373-F374-F375-F376-F377-F378-F379-F380-F381-F382-F383-F384-F385-F386-F387-F388-F389-F390-F391-F392-F393-F394-F395-F396-F397-F398-F399-F400-F401-F402-F403-F404-F405-F406-F407-F408-F409-F410-F411-F412-F413-F414-F415-F416-F417-F418-F419-F420-F421-F422-F423-F424-F425-F426-F427-F428-F429-F430-F431-F432-F433-F434-F435-F436-F437-F438-F439-F440-F441-F442-F443-F444-F445-F446-F447-F448-F449-F450-F451-F452-F453-F454-F455-F456-F457-F458-F459-F460-F461-F462-F463-F464-F465-F466-F467-F468-F469-F470-F471-F472-F473-F474-F475-F476-F477-F478-F479-F480-F481-F482-F483-F484-F485-F486-F487-F488-F489-F490-F491-F492-F493-F494-F495-F496-E498505-F510-F511-F512

## Summary

Number of input bits: 512  
Number of free input bits: 12  
Number of output bits: 160

Number of direct occurrences: 48560  
Number of assignments: 31360  
Number of operations: 10951934
(xor: 10923773,
and: 14757,
or: 13404)

Total complexity: 1.0502772722477107 × 10^299

Least occurring input variable: iv_502 (3857)  
Most occurring input variable: iv_509 (4210)

Most co-occurring input variables: iv_508-iv_509 (2057)  
Least co-occurring input variables: iv_499-iv_502 (1768)

Potentially most occurring input variable: iv_500/iv_509 (4485)  
Potentially least occurring input variable: iv_504/iv_506 (4112)

Least output occurring input variable: iv_498 (64)  
Most output occurring input variable: iv_497 (93)

Most output co-occurring input variables: iv_497-iv_502 (52)  
Least output co-occurring input variables: iv_498-iv_508 (25)

Potentially most output occurring input variable: iv_503/iv_509 (98)  
Potentially least output occurring input variable: iv_501/iv_508 (71)

Least complex input bit: iv_497 (3.0032037746664996 × 10^296)  
Most complex input bit: iv_498 (1.845322656515838 × 10^298)

Least complex output bit: aaa_76_29 (2.115633025966974 × 10^274)  
Most complex output bit: ov_001 (1.665749965732815 × 10^298)

Least complex input/output complexity: iv_497/aaa_76_29 (6.049523547049183 × 10^271)  
Most complex input/output complexity: iv_498/ov_001 (2.926699675485565 × 10^297)

## Input Bits

### Input Bits in Regular Order

| Input Bit | Complexity | Occurrences | Output Occurrences |
|:---------:|:----------:|:-----------:|:------------------:|
| iv_497 | 3.0032037746664996 × 10^296 | 4117 | 93 |
| iv_498 | 1.845322656515838 × 10^298 | 4200 | 64 |
| iv_499 | 1.0521058788404687 × 10^297 | 3915 | 81 |
| iv_500 | 1.7681457408662715 × 10^297 | 4083 | 76 |
| iv_501 | 2.9125787931166677 × 10^297 | 4052 | 83 |
| iv_502 | 4.706535170500369 × 10^297 | 3857 | 82 |
| iv_503 | 7.47846466072488 × 10^297 | 4020 | 75 |
| iv_504 | 1.1657910662228533 × 10^298 | 3903 | 78 |
| iv_506 | 9.032427013734182 × 10^297 | 3927 | 82 |
| iv_507 | 1.2968413413425346 × 10^298 | 4154 | 76 |
| iv_508 | 1.72218863196597 × 10^298 | 4122 | 74 |
| iv_509 | 1.747571262904984 × 10^298 | 4210 | 87 |

### Input Bits Sorted by Complexity

| Input Bit | Complexity | Occurrences | Output Occurrences |
|:---------:|:----------:|:-----------:|:------------------:|
| iv_497 | 3.0032037746664996 × 10^296 | 4117 | 93 |
| iv_499 | 1.0521058788404687 × 10^297 | 3915 | 81 |
| iv_500 | 1.7681457408662715 × 10^297 | 4083 | 76 |
| iv_501 | 2.9125787931166677 × 10^297 | 4052 | 83 |
| iv_502 | 4.706535170500369 × 10^297 | 3857 | 82 |
| iv_503 | 7.47846466072488 × 10^297 | 4020 | 75 |
| iv_506 | 9.032427013734182 × 10^297 | 3927 | 82 |
| iv_504 | 1.1657910662228533 × 10^298 | 3903 | 78 |
| iv_507 | 1.2968413413425346 × 10^298 | 4154 | 76 |
| iv_508 | 1.72218863196597 × 10^298 | 4122 | 74 |
| iv_509 | 1.747571262904984 × 10^298 | 4210 | 87 |
| iv_498 | 1.845322656515838 × 10^298 | 4200 | 64 |

### Input Bits Sorted by Occurrences

| Input Bit | Complexity | Occurrences | Output Occurrences |
|:---------:|:----------:|:-----------:|:------------------:|
| iv_502 | 4.706535170500369 × 10^297 | 3857 | 82 |
| iv_504 | 1.1657910662228533 × 10^298 | 3903 | 78 |
| iv_499 | 1.0521058788404687 × 10^297 | 3915 | 81 |
| iv_506 | 9.032427013734182 × 10^297 | 3927 | 82 |
| iv_503 | 7.47846466072488 × 10^297 | 4020 | 75 |
| iv_501 | 2.9125787931166677 × 10^297 | 4052 | 83 |
| iv_500 | 1.7681457408662715 × 10^297 | 4083 | 76 |
| iv_497 | 3.0032037746664996 × 10^296 | 4117 | 93 |
| iv_508 | 1.72218863196597 × 10^298 | 4122 | 74 |
| iv_507 | 1.2968413413425346 × 10^298 | 4154 | 76 |
| iv_498 | 1.845322656515838 × 10^298 | 4200 | 64 |
| iv_509 | 1.747571262904984 × 10^298 | 4210 | 87 |

### Input Bits Sorted by Output Occurrences

| Input Bit | Complexity | Occurrences | Output Occurrences |
|:---------:|:----------:|:-----------:|:------------------:|
| iv_498 | 1.845322656515838 × 10^298 | 4200 | 64 |
| iv_508 | 1.72218863196597 × 10^298 | 4122 | 74 |
| iv_503 | 7.47846466072488 × 10^297 | 4020 | 75 |
| iv_500 | 1.7681457408662715 × 10^297 | 4083 | 76 |
| iv_507 | 1.2968413413425346 × 10^298 | 4154 | 76 |
| iv_504 | 1.1657910662228533 × 10^298 | 3903 | 78 |
| iv_499 | 1.0521058788404687 × 10^297 | 3915 | 81 |
| iv_502 | 4.706535170500369 × 10^297 | 3857 | 82 |
| iv_506 | 9.032427013734182 × 10^297 | 3927 | 82 |
| iv_501 | 2.9125787931166677 × 10^297 | 4052 | 83 |
| iv_509 | 1.747571262904984 × 10^298 | 4210 | 87 |
| iv_497 | 3.0032037746664996 × 10^296 | 4117 | 93 |

## Input Bit Co-occurrences

### Input Bit Co-occurrences Sorted by Co-occurrences

| Input Bits | Co-occurrences | Potential Occurrences | Output Co-occurrences | Potential Output Occurrences |
|:----------:|:--------------:|:---------------------:|:---------------------:|:----------------------------:|
| iv_508-iv_509 | 2057 | 4218 | 40 | 81 |
| iv_507-iv_509 | 2046 | 4272 | 44 | 75 |
| iv_497-iv_507 | 2032 | 4207 | 44 | 81 |
| iv_498-iv_509 | 2023 | 4364 | 40 | 71 |
| iv_501-iv_509 | 2015 | 4232 | 49 | 72 |
| iv_497-iv_509 | 2003 | 4321 | 50 | 80 |
| iv_497-iv_501 | 1991 | 4187 | 48 | 80 |
| iv_498-iv_500 | 1990 | 4303 | 30 | 80 |
| iv_497-iv_498 | 1988 | 4341 | 34 | 89 |
| iv_506-iv_507 | 1971 | 4139 | 39 | 80 |
| iv_497-iv_503 | 1971 | 4195 | 46 | 76 |
| iv_503-iv_509 | 1971 | 4288 | 32 | 98 |

### Input Bit Co-occurrences Sorted by Potential Occurrences

| Input Bits | Co-occurrences | Potential Occurrences | Output Co-occurrences | Potential Output Occurrences |
|:----------:|:--------------:|:---------------------:|:---------------------:|:----------------------------:|
| iv_504-iv_506 | 1859 | 4112 | 42 | 76 |
| iv_499-iv_504 | 1847 | 4124 | 38 | 83 |
| iv_506-iv_507 | 1971 | 4139 | 39 | 80 |
| iv_499-iv_501 | 1911 | 4145 | 44 | 76 |
| iv_497-iv_506 | 1936 | 4172 | 51 | 73 |
| iv_502-iv_504 | 1787 | 4186 | 42 | 76 |
| iv_497-iv_501 | 1991 | 4187 | 48 | 80 |
| iv_502-iv_506 | 1797 | 4190 | 44 | 76 |
| iv_499-iv_508 | 1923 | 4191 | 41 | 73 |
| iv_497-iv_502 | 1891 | 4192 | 52 | 71 |
| iv_497-iv_504 | 1913 | 4194 | 50 | 71 |
| iv_497-iv_503 | 1971 | 4195 | 46 | 76 |

### Input Bit Output Co-occurrences Sorted by Output Co-occurrences

| Input Bits | Co-occurrences | Potential Occurrences | Output Co-occurrences | Potential Output Occurrences |
|:----------:|:--------------:|:---------------------:|:---------------------:|:----------------------------:|
| iv_497-iv_502 | 1891 | 4192 | 52 | 71 |
| iv_497-iv_506 | 1936 | 4172 | 51 | 73 |
| iv_497-iv_504 | 1913 | 4194 | 50 | 71 |
| iv_497-iv_509 | 2003 | 4321 | 50 | 80 |
| iv_501-iv_509 | 2015 | 4232 | 49 | 72 |
| iv_497-iv_501 | 1991 | 4187 | 48 | 80 |
| iv_502-iv_509 | 1859 | 4349 | 46 | 77 |
| iv_497-iv_503 | 1971 | 4195 | 46 | 76 |
| iv_497-iv_499 | 1911 | 4210 | 45 | 84 |
| iv_499-iv_501 | 1911 | 4145 | 44 | 76 |
| iv_501-iv_506 | 1844 | 4291 | 44 | 77 |
| iv_502-iv_506 | 1797 | 4190 | 44 | 76 |

### Input Bit Output Co-occurrences Sorted by Potential Output Occurrences

| Input Bits | Co-occurrences | Potential Occurrences | Output Co-occurrences | Potential Output Occurrences |
|:----------:|:--------------:|:---------------------:|:---------------------:|:----------------------------:|
| iv_501-iv_508 | 1924 | 4326 | 43 | 71 |
| iv_497-iv_504 | 1913 | 4194 | 50 | 71 |
| iv_498-iv_509 | 2023 | 4364 | 40 | 71 |
| iv_497-iv_502 | 1891 | 4192 | 52 | 71 |
| iv_501-iv_509 | 2015 | 4232 | 49 | 72 |
| iv_504-iv_508 | 1898 | 4229 | 40 | 72 |
| iv_499-iv_500 | 1876 | 4246 | 42 | 73 |
| iv_499-iv_508 | 1923 | 4191 | 41 | 73 |
| iv_497-iv_506 | 1936 | 4172 | 51 | 73 |
| iv_498-iv_499 | 1849 | 4417 | 36 | 73 |
| iv_500-iv_503 | 1931 | 4241 | 39 | 73 |
| iv_502-iv_507 | 1884 | 4243 | 42 | 74 |

## Output Bits

### Output Bits in Regular Order

| Rank | Output Bit | Complexity |
|:----:|:----------:|:----------:|
| 1 | ov_001 | 1.665749965732815 × 10^298 |
| 2 | ov_002 | 1.446520781876247 × 10^298 |
| 3 | ov_003 | 1.2499506018682572 × 10^298 |
| 4 | ov_004 | 1.0743312854581776 × 10^298 |
| 5 | ov_005 | 9.180477975790686 × 10^297 |
| 6 | ov_006 | 7.795716126939601 × 10^297 |
| 7 | ov_007 | 6.574549759070241 × 10^297 |
| 8 | ov_008 | 5.5032595167146454 × 10^297 |
| 9 | ov_009 | 4.568841953814766 × 10^297 |
| 10 | ov_010 | 3.758973774927448 × 10^297 |
| 11 | ov_011 | 3.061981890192019 × 10^297 |
| 12 | ov_012 | 2.4668186132808058 × 10^297 |
| 13 | ov_013 | 1.9630413715004522 × 10^297 |
| 14 | ov_014 | 1.5407963365441015 × 10^297 |
| 15 | ov_015 | 1.1908054232611403 × 10^297 |
| 16 | ov_016 | 9.043561423339516 × 10^296 |
| 17 | ov_017 | 6.732938310265118 × 10^296 |
| 18 | ov_018 | 4.900158242714752 × 10^296 |
| 19 | ov_019 | 3.4746716634476593 × 10^296 |
| 20 | ov_020 | 2.391375012784128 × 10^296 |
| 21 | ov_021 | 1.5905883353472393 × 10^296 |
| 22 | ov_022 | 1.018039324901132 × 10^296 |
| 23 | ov_023 | 6.248522919835208 × 10^295 |
| 24 | ov_024 | 3.675409068251093 × 10^295 |
| 25 | ov_025 | 2.080037589468417 × 10^295 |
| 26 | ov_026 | 1.1352192491963842 × 10^295 |
| 27 | ov_027 | 5.6757824085146664 × 10^294 |
| 28 | ov_028 | 2.5387917783956047 × 10^294 |
| 29 | ov_029 | 9.779055654552072 × 10^293 |
| 30 | ov_030 | 2.9884454727691895 × 10^293 |
| 31 | ov_031 | 5.826454694508252 × 10^292 |
| 32 | lv_80_m31 | 1.1357381309141901 × 10^292 |
| 33 | ov_033 | 1.361597001662535 × 10^293 |
| 34 | ov_034 | 1.1805953948044223 × 10^293 |
| 35 | ov_035 | 1.0186090859596125 × 10^293 |
| 36 | ov_036 | 8.741463594670967 × 10^292 |
| 37 | ov_037 | 7.457961424171567 × 10^292 |
| 38 | ov_038 | 6.322223293167661 × 10^292 |
| 39 | ov_039 | 5.321588715013438 × 10^292 |
| 40 | ov_040 | 4.444055572104634 × 10^292 |
| 41 | ov_041 | 3.678244127644739 × 10^292 |
| 42 | ov_042 | 3.013366595635835 × 10^292 |
| 43 | ov_043 | 2.4441735946692497 × 10^292 |
| 44 | ov_044 | 1.960989162160004 × 10^292 |
| 45 | ov_045 | 1.5546654188902717 × 10^292 |
| 46 | ov_046 | 1.2165686339933457 × 10^292 |
| 47 | ov_047 | 9.38568163361264 × 10^291 |
| 48 | ov_048 | 7.130278308859792 × 10^291 |
| 49 | ov_049 | 5.327993551837616 × 10^291 |
| 50 | ov_050 | 3.912174570780597 × 10^291 |
| 51 | ov_051 | 2.820963152628931 × 10^291 |
| 52 | ov_052 | 1.997270693547535 × 10^291 |
| 53 | ov_053 | 1.3887610106577969 × 10^291 |
| 54 | ov_054 | 9.478386654598877 × 10^290 |
| 55 | ov_055 | 6.316411513632056 × 10^290 |
| 56 | ov_056 | 4.020338606663344 × 10^290 |
| 57 | ov_057 | 2.411309814036599 × 10^290 |
| 58 | ov_058 | 1.3340856335551245 × 10^290 |
| 59 | ov_059 | 6.5703922121677 × 10^289 |
| 60 | ov_060 | 2.721536258969564 × 10^289 |
| 61 | ov_061 | 9.502076980797643 × 10^288 |
| 62 | ov_062 | 2.605414526664728 × 10^288 |
| 63 | ov_063 | 5.075691956076497 × 10^287 |
| 64 | lv_79_m31 | 9.886010343024502 × 10^286 |
| 65 | ov_065 | 1.1793975447288322 × 10^288 |
| 66 | ov_066 | 1.1793938735709695 × 10^288 |
| 67 | ov_067 | 1.1793929750686078 × 10^288 |
| 68 | ov_068 | 1.0197823458121865 × 10^288 |
| 69 | ov_069 | 8.773609693339363 × 10^287 |
| 70 | ov_070 | 7.507383536969428 × 10^287 |
| 71 | ov_071 | 6.386095721488357 × 10^287 |
| 72 | ov_072 | 5.3974946860064276 × 10^287 |
| 73 | ov_073 | 4.5300737519940026 × 10^287 |
| 74 | ov_074 | 3.773023149493643 × 10^287 |
| 75 | ov_075 | 3.1161866337136237 × 10^287 |
| 76 | ov_076 | 2.550022440388575 × 10^287 |
| 77 | ov_077 | 2.0655683351638667 × 10^287 |
| 78 | ov_078 | 1.6544105177341681 × 10^287 |
| 79 | ov_079 | 1.3086561457500096 × 10^287 |
| 80 | ov_080 | 1.0209092467906129 × 10^287 |
| 81 | ov_081 | 7.842497891628667 × 10^286 |
| 82 | ov_082 | 5.922156840860709 × 10^286 |
| 83 | ov_083 | 4.387874931056335 × 10^286 |
| 84 | ov_084 | 3.183756154754109 × 10^286 |
| 85 | ov_085 | 2.25809730865408 × 10^286 |
| 86 | ov_086 | 1.5633027316957467 × 10^286 |
| 87 | ov_087 | 1.0558171146331451 × 10^286 |
| 88 | ov_088 | 6.960741433223217 × 10^285 |
| 89 | ov_089 | 4.484587389384502 × 10^285 |
| 90 | ov_090 | 2.8128065887221267 × 10^285 |
| 91 | ov_091 | 1.6675722231026365 × 10^285 |
| 92 | ov_092 | 9.197232041286113 × 10^284 |
| 93 | ov_093 | 4.5956576175444014 × 10^284 |
| 94 | ov_094 | 1.9685510236897275 × 10^284 |
| 95 | aaa_78_28 | 6.078791752222665 × 10^283 |
| 96 | aaa_78_29 | 1.8668704536748617 × 10^283 |
| 97 | ov_097 | 1.2328817976906476 × 10^283 |
| 98 | ov_098 | 1.2328448664523349 × 10^283 |
| 99 | ov_099 | 1.232833069692461 × 10^283 |
| 100 | ov_100 | 1.1093989062480987 × 10^283 |
| 101 | ov_101 | 9.950759569958082 × 10^282 |
| 102 | ov_102 | 8.893638834450323 × 10^282 |
| 103 | ov_103 | 7.917988060003101 × 10^282 |
| 104 | ov_104 | 7.019485697506094 × 10^282 |
| 105 | ov_105 | 6.194084410553725 × 10^282 |
| 106 | ov_106 | 5.437972127067289 × 10^282 |
| 107 | ov_107 | 4.7475369624349936 × 10^282 |
| 108 | ov_108 | 4.119335806311846 × 10^282 |
| 109 | ov_109 | 3.5500663702516324 × 10^282 |
| 110 | ov_110 | 3.0365424972136465 × 10^282 |
| 111 | ov_111 | 2.5756725368844674 × 10^282 |
| 112 | ov_112 | 2.164440592853505 × 10^282 |
| 113 | ov_113 | 1.7998904491399273 × 10^282 |
| 114 | ov_114 | 1.4791119845336162 × 10^282 |
| 115 | ov_115 | 1.1992298838160855 × 10^282 |
| 116 | ov_116 | 9.573944552857009 × 10^281 |
| 117 | ov_117 | 7.507743642215079 × 10^281 |
| 118 | ov_118 | 5.765510920486965 × 10^281 |
| 119 | ov_119 | 4.319149310524729 × 10^281 |
| 120 | ov_120 | 3.1406219199956208 × 10^281 |
| 121 | ov_121 | 2.201931932724281 × 10^281 |
| 122 | ov_122 | 1.4751078019052639 × 10^281 |
| 123 | ov_123 | 9.321927949724806 × 10^280 |
| 124 | ov_124 | 5.452379399392308 × 10^280 |
| 125 | ov_125 | 2.862976548174384 × 10^280 |
| 126 | ov_126 | 1.2742751775993411 × 10^280 |
| 127 | aaa_77_28 | 4.0683410928766095 × 10^279 |
| 128 | aaa_77_29 | 1.5248061573421748 × 10^279 |
| 129 | ov_129 | 1.4097800880927194 × 10^279 |
| 130 | ov_130 | 1.4097759679039763 × 10^279 |
| 131 | ov_131 | 1.4097749718256 × 10^279 |
| 132 | ov_132 | 1.2219027378627593 × 10^279 |
| 133 | ov_133 | 1.0536494270804615 × 10^279 |
| 134 | ov_134 | 9.035347905010028 × 10^278 |
| 135 | ov_135 | 7.701576048759025 × 10^278 |
| 136 | ov_136 | 6.521900061284612 × 10^278 |
| 137 | ov_137 | 5.483726141997558 × 10^278 |
| 138 | ov_138 | 4.5751037363780194 × 10^278 |
| 139 | ov_139 | 3.784690381118236 × 10^278 |
| 140 | ov_140 | 3.1017223076658886 × 10^278 |
| 141 | ov_141 | 2.515990159808884 × 10^278 |
| 142 | ov_142 | 2.0178192168065598 × 10^278 |
| 143 | ov_143 | 1.5980535489833805 × 10^278 |
| 144 | ov_144 | 1.248043567797316 × 10^278 |
| 145 | ov_145 | 9.596364672819224 × 10^277 |
| 146 | ov_146 | 7.2516908851442555 × 10^277 |
| 147 | ov_147 | 5.374627734315943 × 10^277 |
| 148 | ov_148 | 3.898198089304301 × 10^277 |
| 149 | ov_149 | 2.760210967683742 × 10^277 |
| 150 | ov_150 | 1.903247193281824 × 10^277 |
| 151 | ov_151 | 1.2746510584353232 × 10^277 |
| 152 | ov_152 | 8.265255019075753 × 10^276 |
| 153 | ov_153 | 5.157290951572985 × 10^276 |
| 154 | ov_154 | 3.038740216960433 × 10^276 |
| 155 | ov_155 | 1.5732475152950562 × 10^276 |
| 156 | aaa_76_25 | 6.045148551535545 × 10^275 |
| 157 | aaa_76_26 | 3.4908436783018386 × 10^275 |
| 158 | aaa_76_27 | 1.7868712347777207 × 10^275 |
| 159 | aaa_76_28 | 6.956917142304536 × 10^274 |
| 160 | aaa_76_29 | 2.115633025966974 × 10^274 |

### Output Bits Sorted by Complexity

| Rank | Output Bit | Complexity |
|:----:|:----------:|:----------:|
| 160 | aaa_76_29 | 2.115633025966974 × 10^274 |
| 159 | aaa_76_28 | 6.956917142304536 × 10^274 |
| 158 | aaa_76_27 | 1.7868712347777207 × 10^275 |
| 157 | aaa_76_26 | 3.4908436783018386 × 10^275 |
| 156 | aaa_76_25 | 6.045148551535545 × 10^275 |
| 155 | ov_155 | 1.5732475152950562 × 10^276 |
| 154 | ov_154 | 3.038740216960433 × 10^276 |
| 153 | ov_153 | 5.157290951572985 × 10^276 |
| 152 | ov_152 | 8.265255019075753 × 10^276 |
| 151 | ov_151 | 1.2746510584353232 × 10^277 |
| 150 | ov_150 | 1.903247193281824 × 10^277 |
| 149 | ov_149 | 2.760210967683742 × 10^277 |
| 148 | ov_148 | 3.898198089304301 × 10^277 |
| 147 | ov_147 | 5.374627734315943 × 10^277 |
| 146 | ov_146 | 7.2516908851442555 × 10^277 |
| 145 | ov_145 | 9.596364672819224 × 10^277 |
| 144 | ov_144 | 1.248043567797316 × 10^278 |
| 143 | ov_143 | 1.5980535489833805 × 10^278 |
| 142 | ov_142 | 2.0178192168065598 × 10^278 |
| 141 | ov_141 | 2.515990159808884 × 10^278 |
| 140 | ov_140 | 3.1017223076658886 × 10^278 |
| 139 | ov_139 | 3.784690381118236 × 10^278 |
| 138 | ov_138 | 4.5751037363780194 × 10^278 |
| 137 | ov_137 | 5.483726141997558 × 10^278 |
| 136 | ov_136 | 6.521900061284612 × 10^278 |
| 135 | ov_135 | 7.701576048759025 × 10^278 |
| 134 | ov_134 | 9.035347905010028 × 10^278 |
| 133 | ov_133 | 1.0536494270804615 × 10^279 |
| 132 | ov_132 | 1.2219027378627593 × 10^279 |
| 131 | ov_131 | 1.4097749718256 × 10^279 |
| 130 | ov_130 | 1.4097759679039763 × 10^279 |
| 129 | ov_129 | 1.4097800880927194 × 10^279 |
| 128 | aaa_77_29 | 1.5248061573421748 × 10^279 |
| 127 | aaa_77_28 | 4.0683410928766095 × 10^279 |
| 126 | ov_126 | 1.2742751775993411 × 10^280 |
| 125 | ov_125 | 2.862976548174384 × 10^280 |
| 124 | ov_124 | 5.452379399392308 × 10^280 |
| 123 | ov_123 | 9.321927949724806 × 10^280 |
| 122 | ov_122 | 1.4751078019052639 × 10^281 |
| 121 | ov_121 | 2.201931932724281 × 10^281 |
| 120 | ov_120 | 3.1406219199956208 × 10^281 |
| 119 | ov_119 | 4.319149310524729 × 10^281 |
| 118 | ov_118 | 5.765510920486965 × 10^281 |
| 117 | ov_117 | 7.507743642215079 × 10^281 |
| 116 | ov_116 | 9.573944552857009 × 10^281 |
| 115 | ov_115 | 1.1992298838160855 × 10^282 |
| 114 | ov_114 | 1.4791119845336162 × 10^282 |
| 113 | ov_113 | 1.7998904491399273 × 10^282 |
| 112 | ov_112 | 2.164440592853505 × 10^282 |
| 111 | ov_111 | 2.5756725368844674 × 10^282 |
| 110 | ov_110 | 3.0365424972136465 × 10^282 |
| 109 | ov_109 | 3.5500663702516324 × 10^282 |
| 108 | ov_108 | 4.119335806311846 × 10^282 |
| 107 | ov_107 | 4.7475369624349936 × 10^282 |
| 106 | ov_106 | 5.437972127067289 × 10^282 |
| 105 | ov_105 | 6.194084410553725 × 10^282 |
| 104 | ov_104 | 7.019485697506094 × 10^282 |
| 103 | ov_103 | 7.917988060003101 × 10^282 |
| 102 | ov_102 | 8.893638834450323 × 10^282 |
| 101 | ov_101 | 9.950759569958082 × 10^282 |
| 100 | ov_100 | 1.1093989062480987 × 10^283 |
| 99 | ov_099 | 1.232833069692461 × 10^283 |
| 98 | ov_098 | 1.2328448664523349 × 10^283 |
| 97 | ov_097 | 1.2328817976906476 × 10^283 |
| 96 | aaa_78_29 | 1.8668704536748617 × 10^283 |
| 95 | aaa_78_28 | 6.078791752222665 × 10^283 |
| 94 | ov_094 | 1.9685510236897275 × 10^284 |
| 93 | ov_093 | 4.5956576175444014 × 10^284 |
| 92 | ov_092 | 9.197232041286113 × 10^284 |
| 91 | ov_091 | 1.6675722231026365 × 10^285 |
| 90 | ov_090 | 2.8128065887221267 × 10^285 |
| 89 | ov_089 | 4.484587389384502 × 10^285 |
| 88 | ov_088 | 6.960741433223217 × 10^285 |
| 87 | ov_087 | 1.0558171146331451 × 10^286 |
| 86 | ov_086 | 1.5633027316957467 × 10^286 |
| 85 | ov_085 | 2.25809730865408 × 10^286 |
| 84 | ov_084 | 3.183756154754109 × 10^286 |
| 83 | ov_083 | 4.387874931056335 × 10^286 |
| 82 | ov_082 | 5.922156840860709 × 10^286 |
| 81 | ov_081 | 7.842497891628667 × 10^286 |
| 64 | lv_79_m31 | 9.886010343024502 × 10^286 |
| 80 | ov_080 | 1.0209092467906129 × 10^287 |
| 79 | ov_079 | 1.3086561457500096 × 10^287 |
| 78 | ov_078 | 1.6544105177341681 × 10^287 |
| 77 | ov_077 | 2.0655683351638667 × 10^287 |
| 76 | ov_076 | 2.550022440388575 × 10^287 |
| 75 | ov_075 | 3.1161866337136237 × 10^287 |
| 74 | ov_074 | 3.773023149493643 × 10^287 |
| 73 | ov_073 | 4.5300737519940026 × 10^287 |
| 63 | ov_063 | 5.075691956076497 × 10^287 |
| 72 | ov_072 | 5.3974946860064276 × 10^287 |
| 71 | ov_071 | 6.386095721488357 × 10^287 |
| 70 | ov_070 | 7.507383536969428 × 10^287 |
| 69 | ov_069 | 8.773609693339363 × 10^287 |
| 68 | ov_068 | 1.0197823458121865 × 10^288 |
| 67 | ov_067 | 1.1793929750686078 × 10^288 |
| 66 | ov_066 | 1.1793938735709695 × 10^288 |
| 65 | ov_065 | 1.1793975447288322 × 10^288 |
| 62 | ov_062 | 2.605414526664728 × 10^288 |
| 61 | ov_061 | 9.502076980797643 × 10^288 |
| 60 | ov_060 | 2.721536258969564 × 10^289 |
| 59 | ov_059 | 6.5703922121677 × 10^289 |
| 58 | ov_058 | 1.3340856335551245 × 10^290 |
| 57 | ov_057 | 2.411309814036599 × 10^290 |
| 56 | ov_056 | 4.020338606663344 × 10^290 |
| 55 | ov_055 | 6.316411513632056 × 10^290 |
| 54 | ov_054 | 9.478386654598877 × 10^290 |
| 53 | ov_053 | 1.3887610106577969 × 10^291 |
| 52 | ov_052 | 1.997270693547535 × 10^291 |
| 51 | ov_051 | 2.820963152628931 × 10^291 |
| 50 | ov_050 | 3.912174570780597 × 10^291 |
| 49 | ov_049 | 5.327993551837616 × 10^291 |
| 48 | ov_048 | 7.130278308859792 × 10^291 |
| 47 | ov_047 | 9.38568163361264 × 10^291 |
| 32 | lv_80_m31 | 1.1357381309141901 × 10^292 |
| 46 | ov_046 | 1.2165686339933457 × 10^292 |
| 45 | ov_045 | 1.5546654188902717 × 10^292 |
| 44 | ov_044 | 1.960989162160004 × 10^292 |
| 43 | ov_043 | 2.4441735946692497 × 10^292 |
| 42 | ov_042 | 3.013366595635835 × 10^292 |
| 41 | ov_041 | 3.678244127644739 × 10^292 |
| 40 | ov_040 | 4.444055572104634 × 10^292 |
| 39 | ov_039 | 5.321588715013438 × 10^292 |
| 31 | ov_031 | 5.826454694508252 × 10^292 |
| 38 | ov_038 | 6.322223293167661 × 10^292 |
| 37 | ov_037 | 7.457961424171567 × 10^292 |
| 36 | ov_036 | 8.741463594670967 × 10^292 |
| 35 | ov_035 | 1.0186090859596125 × 10^293 |
| 34 | ov_034 | 1.1805953948044223 × 10^293 |
| 33 | ov_033 | 1.361597001662535 × 10^293 |
| 30 | ov_030 | 2.9884454727691895 × 10^293 |
| 29 | ov_029 | 9.779055654552072 × 10^293 |
| 28 | ov_028 | 2.5387917783956047 × 10^294 |
| 27 | ov_027 | 5.6757824085146664 × 10^294 |
| 26 | ov_026 | 1.1352192491963842 × 10^295 |
| 25 | ov_025 | 2.080037589468417 × 10^295 |
| 24 | ov_024 | 3.675409068251093 × 10^295 |
| 23 | ov_023 | 6.248522919835208 × 10^295 |
| 22 | ov_022 | 1.018039324901132 × 10^296 |
| 21 | ov_021 | 1.5905883353472393 × 10^296 |
| 20 | ov_020 | 2.391375012784128 × 10^296 |
| 19 | ov_019 | 3.4746716634476593 × 10^296 |
| 18 | ov_018 | 4.900158242714752 × 10^296 |
| 17 | ov_017 | 6.732938310265118 × 10^296 |
| 16 | ov_016 | 9.043561423339516 × 10^296 |
| 15 | ov_015 | 1.1908054232611403 × 10^297 |
| 14 | ov_014 | 1.5407963365441015 × 10^297 |
| 13 | ov_013 | 1.9630413715004522 × 10^297 |
| 12 | ov_012 | 2.4668186132808058 × 10^297 |
| 11 | ov_011 | 3.061981890192019 × 10^297 |
| 10 | ov_010 | 3.758973774927448 × 10^297 |
| 9 | ov_009 | 4.568841953814766 × 10^297 |
| 8 | ov_008 | 5.5032595167146454 × 10^297 |
| 7 | ov_007 | 6.574549759070241 × 10^297 |
| 6 | ov_006 | 7.795716126939601 × 10^297 |
| 5 | ov_005 | 9.180477975790686 × 10^297 |
| 4 | ov_004 | 1.0743312854581776 × 10^298 |
| 3 | ov_003 | 1.2499506018682572 × 10^298 |
| 2 | ov_002 | 1.446520781876247 × 10^298 |
| 1 | ov_001 | 1.665749965732815 × 10^298 |

