# Results for F001-F002-F003-F004-F005-F006-F007-F008-F009-F010-F011-F012-F013-F014-F015-F016-F017-F018-F019-F020-F021-F022-F023-F024-F025-F026-F027-F028-F029-F030-F031-F032-F033-F034-F035-F036-F037-F038-F039-F040-F041-F042-F043-F044-F045-F046-F047-F048-F049-F050-F051-F052-F053-F054-F055-F056-F057-F058-F059-F060-F061-F062-F063-F064-F065-F066-F067-F068-F069-F070-F071-F072-F073-F074-F075-F076-F077-F078-F079-F080-F081-F082-F083-F084-F085-F086-F087-F088-F089-F090-F091-F092-F093-F094-F095-F096-F097-F098-F099-F100-F101-F102-F103-F104-F105-F106-F107-F108-F109-F110-F111-F112-F113-F114-F115-F116-F117-F118-F119-F120-F121-F122-F123-F124-F125-F126-F127-F128-F129-F130-F131-F132-F133-F134-F135-F136-F137-F138-F139-F140-F141-F142-F143-F144-F145-F146-F147-F148-F149-F150-F151-F152-F153-F154-F155-F156-F157-F158-F159-F160-F161-F162-F163-F164-F165-F166-F167-F168-F169-F170-F171-F172-F173-F174-F175-F176-F177-F178-F179-F180-F181-F182-F183-F184-F185-F186-F187-F188-F189-F190-F191-F192-F193-F194-F195-F196-F197-F198-F199-F200-F201-F202-F203-F204-F205-F206-F207-F208-F209-F210-F211-F212-F213-F214-F215-F216-F217-F218-F219-F220-F221-F222-F223-F224-F225-F226-F227-F228-F229-F230-F231-F232-F233-F234-F235-F236-F237-F238-F239-F240-F241-F242-F243-F244-F245-F246-F247-F248-F249-F250-F251-F252-F253-F254-F255-F256-F257-F258-F259-F260-F261-F262-F263-F264-F265-F266-F267-F268-F269-F270-F271-F272-F273-F274-F275-F276-F277-F278-F279-F280-F281-F282-F283-F284-F285-F286-F287-F288-F289-F290-F291-F292-F293-F294-F295-F296-F297-F298-F299-F300-F301-F302-F303-F304-F305-F306-F307-F308-F309-F310-F311-F312-F313-F314-F315-F316-F317-F318-F319-F320-F321-F322-F323-F324-F325-F326-F327-F328-F329-F330-F331-F332-F333-F334-F335-F336-F337-F338-F339-F340-F341-F342-F343-F344-F345-F346-F347-F348-F349-F350-F351-F352-F353-F354-F355-F356-F357-F358-F359-F360-F361-F362-F363-F364-F365-F366-F367-F368-F369-F370-F371-F372-F373-F374-F375-F376-F377-F378-F379-F380-F381-F382-F383-F384-F385-F386-F387-F388-F389-F390-F391-F392-F393-F394-F395-F396-F397-F398-F399-F400-F401-F402-F403-F404-F405-F406-F407-F408-F409-F410-F411-F412-F413-F414-F415-F416-F417-F418-F419-F420-F421-F422-F423-F424-F425-F426-F427-F428-F429-F430-F431-F432-F433-F434-F435-F436-F437-F438-F439-F440-F441-F442-F443-F444-F445-F446-F447-F448-F449-F450-F451-F452-F453-F454-F455-F456-F457-F458-F459-F460-F461-F462-F463-F464-F465-F466-F467-F468-F469-F470-F471-F472-F473-F474-F475-F476-F477-F478-F479-F480-F481-F482-F483-F484-F485-F486-F487-F488-F489-F490-F491-F492-F493-F494-F495-F496-F509-F510-F511-F512

## Summary

Number of input bits: 512  
Number of free input bits: 12  
Number of output bits: 160

Number of direct occurrences: 47945  
Number of assignments: 31096  
Number of operations: 10823113
(xor: 10795085,
and: 14734,
or: 13294)

Total complexity: 5.994965377802891 × 10^297

Least occurring input variable: iv_502 (3837)  
Most occurring input variable: iv_508 (4153)

Most co-occurring input variables: iv_497-iv_507 (2018)  
Least co-occurring input variables: iv_498-iv_502 (1739)

Potentially most occurring input variable: iv_497/iv_508 (4390)  
Potentially least occurring input variable: iv_504/iv_505 (3975)

Least output occurring input variable: iv_505 (72)  
Most output occurring input variable: iv_497 (93)

Most output co-occurring input variables: iv_497-iv_502 (52)  
Least output co-occurring input variables: iv_505-iv_507 (31)

Potentially most output occurring input variable: iv_497/iv_500 (91)  
Potentially least output occurring input variable: iv_499/iv_505 (57)

Least complex input bit: iv_497 (2.12766141603225 × 10^295)  
Most complex input bit: iv_505 (1.260322748816397 × 10^297)

Least complex output bit: aaa_76_29 (1.3496553765603102 × 10^273)  
Most complex output bit: ov_001 (9.589463190727999 × 10^296)

Least complex input/output complexity: iv_497/aaa_76_29 (4.790035452548806 × 10^270)  
Most complex input/output complexity: iv_505/ov_001 (2.015994730004817 × 10^296)

## Input Bits

### Input Bits in Regular Order

| Input Bit | Complexity | Occurrences | Output Occurrences |
|:---------:|:----------:|:-----------:|:------------------:|
| iv_497 | 2.12766141603225 × 10^295 | 4097 | 93 |
| iv_498 | 4.257787247443418 × 10^295 | 3892 | 88 |
| iv_499 | 7.518452956620843 × 10^295 | 3898 | 81 |
| iv_500 | 1.2656010189781245 × 10^296 | 4063 | 76 |
| iv_501 | 2.0832273394378555 × 10^296 | 4035 | 83 |
| iv_502 | 3.358361830272259 × 10^296 | 3837 | 82 |
| iv_503 | 5.318842387699102 × 10^296 | 4005 | 75 |
| iv_504 | 8.26070512878589 × 10^296 | 3878 | 78 |
| iv_505 | 1.260322748816397 × 10^297 | 4037 | 72 |
| iv_506 | 6.303850419574361 × 10^296 | 3911 | 82 |
| iv_507 | 8.970264495543758 × 10^296 | 4139 | 76 |
| iv_508 | 1.0395183507563943 × 10^297 | 4153 | 81 |

### Input Bits Sorted by Complexity

| Input Bit | Complexity | Occurrences | Output Occurrences |
|:---------:|:----------:|:-----------:|:------------------:|
| iv_497 | 2.12766141603225 × 10^295 | 4097 | 93 |
| iv_498 | 4.257787247443418 × 10^295 | 3892 | 88 |
| iv_499 | 7.518452956620843 × 10^295 | 3898 | 81 |
| iv_500 | 1.2656010189781245 × 10^296 | 4063 | 76 |
| iv_501 | 2.0832273394378555 × 10^296 | 4035 | 83 |
| iv_502 | 3.358361830272259 × 10^296 | 3837 | 82 |
| iv_503 | 5.318842387699102 × 10^296 | 4005 | 75 |
| iv_506 | 6.303850419574361 × 10^296 | 3911 | 82 |
| iv_504 | 8.26070512878589 × 10^296 | 3878 | 78 |
| iv_507 | 8.970264495543758 × 10^296 | 4139 | 76 |
| iv_508 | 1.0395183507563943 × 10^297 | 4153 | 81 |
| iv_505 | 1.260322748816397 × 10^297 | 4037 | 72 |

### Input Bits Sorted by Occurrences

| Input Bit | Complexity | Occurrences | Output Occurrences |
|:---------:|:----------:|:-----------:|:------------------:|
| iv_502 | 3.358361830272259 × 10^296 | 3837 | 82 |
| iv_504 | 8.26070512878589 × 10^296 | 3878 | 78 |
| iv_498 | 4.257787247443418 × 10^295 | 3892 | 88 |
| iv_499 | 7.518452956620843 × 10^295 | 3898 | 81 |
| iv_506 | 6.303850419574361 × 10^296 | 3911 | 82 |
| iv_503 | 5.318842387699102 × 10^296 | 4005 | 75 |
| iv_501 | 2.0832273394378555 × 10^296 | 4035 | 83 |
| iv_505 | 1.260322748816397 × 10^297 | 4037 | 72 |
| iv_500 | 1.2656010189781245 × 10^296 | 4063 | 76 |
| iv_497 | 2.12766141603225 × 10^295 | 4097 | 93 |
| iv_507 | 8.970264495543758 × 10^296 | 4139 | 76 |
| iv_508 | 1.0395183507563943 × 10^297 | 4153 | 81 |

### Input Bits Sorted by Output Occurrences

| Input Bit | Complexity | Occurrences | Output Occurrences |
|:---------:|:----------:|:-----------:|:------------------:|
| iv_505 | 1.260322748816397 × 10^297 | 4037 | 72 |
| iv_503 | 5.318842387699102 × 10^296 | 4005 | 75 |
| iv_500 | 1.2656010189781245 × 10^296 | 4063 | 76 |
| iv_507 | 8.970264495543758 × 10^296 | 4139 | 76 |
| iv_504 | 8.26070512878589 × 10^296 | 3878 | 78 |
| iv_499 | 7.518452956620843 × 10^295 | 3898 | 81 |
| iv_508 | 1.0395183507563943 × 10^297 | 4153 | 81 |
| iv_502 | 3.358361830272259 × 10^296 | 3837 | 82 |
| iv_506 | 6.303850419574361 × 10^296 | 3911 | 82 |
| iv_501 | 2.0832273394378555 × 10^296 | 4035 | 83 |
| iv_498 | 4.257787247443418 × 10^295 | 3892 | 88 |
| iv_497 | 2.12766141603225 × 10^295 | 4097 | 93 |

## Input Bit Co-occurrences

### Input Bit Co-occurrences Sorted by Co-occurrences

| Input Bits | Co-occurrences | Potential Occurrences | Output Co-occurrences | Potential Output Occurrences |
|:----------:|:--------------:|:---------------------:|:---------------------:|:----------------------------:|
| iv_497-iv_507 | 2018 | 4200 | 44 | 81 |
| iv_507-iv_508 | 2016 | 4260 | 43 | 71 |
| iv_505-iv_507 | 2012 | 4152 | 31 | 86 |
| iv_501-iv_505 | 2007 | 4058 | 41 | 73 |
| iv_497-iv_501 | 1983 | 4166 | 48 | 80 |
| iv_504-iv_505 | 1970 | 3975 | 39 | 72 |
| iv_497-iv_500 | 1962 | 4236 | 39 | 91 |
| iv_500-iv_508 | 1962 | 4292 | 36 | 85 |
| iv_497-iv_503 | 1960 | 4182 | 46 | 76 |
| iv_500-iv_507 | 1959 | 4284 | 35 | 82 |
| iv_506-iv_507 | 1958 | 4134 | 39 | 80 |
| iv_497-iv_505 | 1957 | 4220 | 38 | 89 |

### Input Bit Co-occurrences Sorted by Potential Occurrences

| Input Bits | Co-occurrences | Potential Occurrences | Output Co-occurrences | Potential Output Occurrences |
|:----------:|:--------------:|:---------------------:|:---------------------:|:----------------------------:|
| iv_504-iv_505 | 1970 | 3975 | 39 | 72 |
| iv_501-iv_505 | 2007 | 4058 | 41 | 73 |
| iv_502-iv_505 | 1892 | 4090 | 37 | 80 |
| iv_504-iv_506 | 1847 | 4095 | 42 | 76 |
| iv_499-iv_504 | 1836 | 4104 | 38 | 83 |
| iv_499-iv_501 | 1901 | 4131 | 44 | 76 |
| iv_506-iv_507 | 1958 | 4134 | 39 | 80 |
| iv_499-iv_505 | 1899 | 4137 | 48 | 57 |
| iv_498-iv_504 | 1814 | 4142 | 46 | 74 |
| iv_505-iv_507 | 2012 | 4152 | 31 | 86 |
| iv_497-iv_506 | 1922 | 4164 | 51 | 73 |
| iv_498-iv_506 | 1819 | 4165 | 41 | 88 |

### Input Bit Output Co-occurrences Sorted by Output Co-occurrences

| Input Bits | Co-occurrences | Potential Occurrences | Output Co-occurrences | Potential Output Occurrences |
|:----------:|:--------------:|:---------------------:|:---------------------:|:----------------------------:|
| iv_497-iv_502 | 1883 | 4168 | 52 | 71 |
| iv_497-iv_506 | 1922 | 4164 | 51 | 73 |
| iv_497-iv_504 | 1900 | 4175 | 50 | 71 |
| iv_497-iv_498 | 1869 | 4251 | 50 | 81 |
| iv_498-iv_499 | 1803 | 4184 | 48 | 73 |
| iv_498-iv_501 | 1843 | 4241 | 48 | 75 |
| iv_498-iv_505 | 1869 | 4191 | 48 | 64 |
| iv_499-iv_505 | 1899 | 4137 | 48 | 57 |
| iv_497-iv_501 | 1983 | 4166 | 48 | 80 |
| iv_498-iv_502 | 1739 | 4251 | 46 | 78 |
| iv_498-iv_504 | 1814 | 4142 | 46 | 74 |
| iv_497-iv_503 | 1960 | 4182 | 46 | 76 |

### Input Bit Output Co-occurrences Sorted by Potential Output Occurrences

| Input Bits | Co-occurrences | Potential Occurrences | Output Co-occurrences | Potential Output Occurrences |
|:----------:|:--------------:|:---------------------:|:---------------------:|:----------------------------:|
| iv_499-iv_505 | 1899 | 4137 | 48 | 57 |
| iv_498-iv_505 | 1869 | 4191 | 48 | 64 |
| iv_497-iv_504 | 1900 | 4175 | 50 | 71 |
| iv_503-iv_505 | 1901 | 4240 | 38 | 71 |
| iv_497-iv_502 | 1883 | 4168 | 52 | 71 |
| iv_507-iv_508 | 2016 | 4260 | 43 | 71 |
| iv_504-iv_505 | 1970 | 3975 | 39 | 72 |
| iv_498-iv_499 | 1803 | 4184 | 48 | 73 |
| iv_499-iv_500 | 1867 | 4227 | 42 | 73 |
| iv_501-iv_505 | 2007 | 4058 | 41 | 73 |
| iv_497-iv_506 | 1922 | 4164 | 51 | 73 |
| iv_500-iv_503 | 1918 | 4232 | 39 | 73 |

## Output Bits

### Output Bits in Regular Order

| Rank | Output Bit | Complexity |
|:----:|:----------:|:----------:|
| 1 | ov_001 | 9.589463190727999 × 10^296 |
| 2 | ov_002 | 8.316222996232161 × 10^296 |
| 3 | ov_003 | 7.175637120042526 × 10^296 |
| 4 | ov_004 | 6.157654096501502 × 10^296 |
| 5 | ov_005 | 5.252770510929513 × 10^296 |
| 6 | ov_006 | 4.451991921925007 × 10^296 |
| 7 | ov_007 | 3.746798828984107 × 10^296 |
| 8 | ov_008 | 3.1291173576090894 × 10^296 |
| 9 | ov_009 | 2.5912942968646486 × 10^296 |
| 10 | ov_010 | 2.1260760573808215 × 10^296 |
| 11 | ov_011 | 1.72659111283502 × 10^296 |
| 12 | ov_012 | 1.3863355129058537 × 10^296 |
| 13 | ov_013 | 1.0991610801839518 × 10^296 |
| 14 | ov_014 | 8.592659276576728 × 10^295 |
| 15 | ov_015 | 6.611869572530294 × 10^295 |
| 16 | ov_016 | 4.997940235685912 × 10^295 |
| 17 | ov_017 | 3.7028547046291413 × 10^295 |
| 18 | ov_018 | 2.6818477156579153 × 10^295 |
| 19 | ov_019 | 1.8933802912596396 × 10^295 |
| 20 | ov_020 | 1.2991211988634635 × 10^295 |
| 21 | ov_021 | 8.639333144570387 × 10^294 |
| 22 | ov_022 | 5.5586382958766 × 10^294 |
| 23 | ov_023 | 3.461374808035366 × 10^294 |
| 24 | ov_024 | 2.091520966897507 × 10^294 |
| 25 | ov_025 | 1.2247587372818419 × 10^294 |
| 26 | ov_026 | 6.684588447372405 × 10^293 |
| 27 | ov_027 | 3.3422760317667754 × 10^293 |
| 28 | ov_028 | 1.4951116838324054 × 10^293 |
| 29 | ov_029 | 5.759483297756042 × 10^292 |
| 30 | ov_030 | 1.760284163849586 × 10^292 |
| 31 | ov_031 | 3.432530807607994 × 10^291 |
| 32 | lv_80_m31 | 6.692262337925996 × 10^290 |
| 33 | ov_033 | 8.018491500302525 × 10^291 |
| 34 | ov_034 | 6.952668413124023 × 10^291 |
| 35 | ov_035 | 5.999218223361467 × 10^291 |
| 36 | ov_036 | 5.1490033058805796 × 10^291 |
| 37 | ov_037 | 4.393377433663802 × 10^291 |
| 38 | ov_038 | 3.724151199814937 × 10^291 |
| 39 | ov_039 | 3.133562169454571 × 10^291 |
| 40 | ov_040 | 2.614249297024529 × 10^291 |
| 41 | ov_041 | 2.1592311728594528 × 10^291 |
| 42 | ov_042 | 1.7651095080516678 × 10^291 |
| 43 | ov_043 | 1.4286624842998652 × 10^291 |
| 44 | ov_044 | 1.1439493848767416 × 10^291 |
| 45 | ov_045 | 9.053525993060536 × 10^290 |
| 46 | ov_046 | 7.0756937245395216 × 10^290 |
| 47 | ov_047 | 5.4560529035454475 × 10^290 |
| 48 | ov_048 | 4.14769232810099 × 10^290 |
| 49 | ov_049 | 3.1066954364617327 × 10^290 |
| 50 | ov_050 | 2.292111899564921 × 10^290 |
| 51 | ov_051 | 1.6659370182666666 × 10^290 |
| 52 | ov_052 | 1.193097039537517 × 10^290 |
| 53 | ov_053 | 8.414387844067811 × 10^289 |
| 54 | ov_054 | 5.81722407696451 × 10^289 |
| 55 | ov_055 | 3.8761649951270594 × 10^289 |
| 56 | ov_056 | 2.4668197752929337 × 10^289 |
| 57 | ov_057 | 1.4793179364949106 × 10^289 |
| 58 | ov_058 | 8.183023044861499 × 10^288 |
| 59 | ov_059 | 4.029252749311085 × 10^288 |
| 60 | ov_060 | 1.668470793455138 × 10^288 |
| 61 | ov_061 | 5.823514575292658 × 10^287 |
| 62 | ov_062 | 1.5962483559041189 × 10^287 |
| 63 | ov_063 | 3.1085792042473715 × 10^286 |
| 64 | lv_79_m31 | 6.052396165280883 × 10^285 |
| 65 | ov_065 | 7.189527439921778 × 10^286 |
| 66 | ov_066 | 7.189504417481325 × 10^286 |
| 67 | ov_067 | 7.189498782639101 × 10^286 |
| 68 | ov_068 | 6.206605582529578 × 10^286 |
| 69 | ov_069 | 5.33067652691052 × 10^286 |
| 70 | ov_070 | 4.552992743979158 × 10^286 |
| 71 | ov_071 | 3.8653720079609684 × 10^286 |
| 72 | ov_072 | 3.2601323906949944 × 10^286 |
| 73 | ov_073 | 2.730059122962962 × 10^286 |
| 74 | ov_074 | 2.2683744968178335 × 10^286 |
| 75 | ov_075 | 1.868710646496387 × 10^286 |
| 76 | ov_076 | 1.5250850506708405 × 10^286 |
| 77 | ov_077 | 1.2318786029586524 × 10^286 |
| 78 | ov_078 | 9.838161009099871 × 10^285 |
| 79 | ov_079 | 7.759490062613778 × 10^285 |
| 80 | ov_080 | 6.036403312047966 × 10^285 |
| 81 | ov_081 | 4.6255150688651036 × 10^285 |
| 82 | ov_082 | 3.4863109142302143 × 10^285 |
| 83 | ov_083 | 2.5810517549451918 × 10^285 |
| 84 | ov_084 | 1.8746934412735536 × 10^285 |
| 85 | ov_085 | 1.3348205366509786 × 10^285 |
| 86 | ov_086 | 9.315928319427454 × 10^284 |
| 87 | ov_087 | 6.377031986680275 × 10^284 |
| 88 | ov_088 | 4.2834537671062695 × 10^284 |
| 89 | ov_089 | 2.8119029267640173 × 10^284 |
| 90 | ov_090 | 1.763695053979399 × 10^284 |
| 91 | ov_091 | 1.0456228462716285 × 10^284 |
| 92 | ov_092 | 5.767072098705072 × 10^283 |
| 93 | ov_093 | 2.88173874590676 × 10^283 |
| 94 | ov_094 | 1.2344190213587055 × 10^283 |
| 95 | aaa_78_28 | 3.811899421917254 × 10^282 |
| 96 | aaa_78_29 | 1.1707139451540091 × 10^282 |
| 97 | ov_097 | 7.732420791742381 × 10^281 |
| 98 | ov_098 | 7.732189624128219 × 10^281 |
| 99 | ov_099 | 7.732115823091324 × 10^281 |
| 100 | ov_100 | 6.958440002527304 × 10^281 |
| 101 | ov_101 | 6.2417651580051524 × 10^281 |
| 102 | ov_102 | 5.578976030152428 × 10^281 |
| 103 | ov_103 | 4.9671846547861034 × 10^281 |
| 104 | ov_104 | 4.403700431709434 × 10^281 |
| 105 | ov_105 | 3.88600294752204 × 10^281 |
| 106 | ov_106 | 3.4117174120750204 × 10^281 |
| 107 | ov_107 | 2.978592572975082 × 10^281 |
| 108 | ov_108 | 2.584480976314647 × 10^281 |
| 109 | ov_109 | 2.2273214447265427 × 10^281 |
| 110 | ov_110 | 1.9051236460628716 × 10^281 |
| 111 | ov_111 | 1.6159546276035141 × 10^281 |
| 112 | ov_112 | 1.3579271918265275 × 10^281 |
| 113 | ov_113 | 1.1291899905273892 × 10^281 |
| 114 | ov_114 | 9.27919214554172 × 10^280 |
| 115 | ov_115 | 7.523117567187652 × 10^280 |
| 116 | ov_116 | 6.005797256228957 × 10^280 |
| 117 | ov_117 | 4.709461882530276 × 10^280 |
| 118 | ov_118 | 3.6164201927767006 × 10^280 |
| 119 | ov_119 | 2.7090363482095557 × 10^280 |
| 120 | ov_120 | 1.969713035506069 × 10^280 |
| 121 | ov_121 | 1.3808785863988187 × 10^280 |
| 122 | ov_122 | 9.249774963059331 × 10^279 |
| 123 | ov_123 | 5.844637322842332 × 10^279 |
| 124 | ov_124 | 3.41796220626049 × 10^279 |
| 125 | ov_125 | 1.7943605265651395 × 10^279 |
| 126 | ov_126 | 7.984506012942955 × 10^278 |
| 127 | aaa_77_28 | 2.5485268690819703 × 10^278 |
| 128 | aaa_77_29 | 9.548104077204178 × 10^277 |
| 129 | ov_129 | 8.781041906753002 × 10^277 |
| 130 | ov_130 | 8.781015642262308 × 10^277 |
| 131 | ov_131 | 8.78100929888643 × 10^277 |
| 132 | ov_132 | 7.5997522708261 × 10^277 |
| 133 | ov_133 | 6.5429524831535485 × 10^277 |
| 134 | ov_134 | 5.601187638951317 × 10^277 |
| 135 | ov_135 | 4.765532235337133 × 10^277 |
| 136 | ov_136 | 4.0275218663505114 × 10^277 |
| 137 | ov_137 | 3.379122681850529 × 10^277 |
| 138 | ov_138 | 2.8127054969043786 × 10^277 |
| 139 | ov_139 | 2.321024071531042 × 10^277 |
| 140 | ov_140 | 1.897197105392067 × 10^277 |
| 141 | ov_141 | 1.5346935162555611 × 10^277 |
| 142 | ov_142 | 1.2273205949346212 × 10^277 |
| 143 | ov_143 | 9.692146530249178 × 10^276 |
| 144 | ov_144 | 7.548338032204877 × 10^276 |
| 145 | ov_145 | 5.789525353312778 × 10^276 |
| 146 | ov_146 | 4.366577743998201 × 10^276 |
| 147 | ov_147 | 3.2334613054097985 × 10^276 |
| 148 | ov_148 | 2.3472207332132926 × 10^276 |
| 149 | ov_149 | 1.6679678666176611 × 10^276 |
| 150 | ov_150 | 1.158874833949338 × 10^276 |
| 151 | ov_151 | 7.861699121102957 × 10^275 |
| 152 | ov_152 | 5.191347983266417 × 10^275 |
| 153 | ov_153 | 3.301026762873713 × 10^275 |
| 154 | ov_154 | 1.94456866402359 × 10^275 |
| 155 | ov_155 | 1.0065142354737623 × 10^275 |
| 156 | aaa_76_25 | 3.866487615034708 × 10^274 |
| 157 | aaa_76_26 | 2.231623754102507 × 10^274 |
| 158 | aaa_76_27 | 1.141649609863507 × 10^274 |
| 159 | aaa_76_28 | 4.4415245933647975 × 10^273 |
| 160 | aaa_76_29 | 1.3496553765603102 × 10^273 |

### Output Bits Sorted by Complexity

| Rank | Output Bit | Complexity |
|:----:|:----------:|:----------:|
| 160 | aaa_76_29 | 1.3496553765603102 × 10^273 |
| 159 | aaa_76_28 | 4.4415245933647975 × 10^273 |
| 158 | aaa_76_27 | 1.141649609863507 × 10^274 |
| 157 | aaa_76_26 | 2.231623754102507 × 10^274 |
| 156 | aaa_76_25 | 3.866487615034708 × 10^274 |
| 155 | ov_155 | 1.0065142354737623 × 10^275 |
| 154 | ov_154 | 1.94456866402359 × 10^275 |
| 153 | ov_153 | 3.301026762873713 × 10^275 |
| 152 | ov_152 | 5.191347983266417 × 10^275 |
| 151 | ov_151 | 7.861699121102957 × 10^275 |
| 150 | ov_150 | 1.158874833949338 × 10^276 |
| 149 | ov_149 | 1.6679678666176611 × 10^276 |
| 148 | ov_148 | 2.3472207332132926 × 10^276 |
| 147 | ov_147 | 3.2334613054097985 × 10^276 |
| 146 | ov_146 | 4.366577743998201 × 10^276 |
| 145 | ov_145 | 5.789525353312778 × 10^276 |
| 144 | ov_144 | 7.548338032204877 × 10^276 |
| 143 | ov_143 | 9.692146530249178 × 10^276 |
| 142 | ov_142 | 1.2273205949346212 × 10^277 |
| 141 | ov_141 | 1.5346935162555611 × 10^277 |
| 140 | ov_140 | 1.897197105392067 × 10^277 |
| 139 | ov_139 | 2.321024071531042 × 10^277 |
| 138 | ov_138 | 2.8127054969043786 × 10^277 |
| 137 | ov_137 | 3.379122681850529 × 10^277 |
| 136 | ov_136 | 4.0275218663505114 × 10^277 |
| 135 | ov_135 | 4.765532235337133 × 10^277 |
| 134 | ov_134 | 5.601187638951317 × 10^277 |
| 133 | ov_133 | 6.5429524831535485 × 10^277 |
| 132 | ov_132 | 7.5997522708261 × 10^277 |
| 131 | ov_131 | 8.78100929888643 × 10^277 |
| 130 | ov_130 | 8.781015642262308 × 10^277 |
| 129 | ov_129 | 8.781041906753002 × 10^277 |
| 128 | aaa_77_29 | 9.548104077204178 × 10^277 |
| 127 | aaa_77_28 | 2.5485268690819703 × 10^278 |
| 126 | ov_126 | 7.984506012942955 × 10^278 |
| 125 | ov_125 | 1.7943605265651395 × 10^279 |
| 124 | ov_124 | 3.41796220626049 × 10^279 |
| 123 | ov_123 | 5.844637322842332 × 10^279 |
| 122 | ov_122 | 9.249774963059331 × 10^279 |
| 121 | ov_121 | 1.3808785863988187 × 10^280 |
| 120 | ov_120 | 1.969713035506069 × 10^280 |
| 119 | ov_119 | 2.7090363482095557 × 10^280 |
| 118 | ov_118 | 3.6164201927767006 × 10^280 |
| 117 | ov_117 | 4.709461882530276 × 10^280 |
| 116 | ov_116 | 6.005797256228957 × 10^280 |
| 115 | ov_115 | 7.523117567187652 × 10^280 |
| 114 | ov_114 | 9.27919214554172 × 10^280 |
| 113 | ov_113 | 1.1291899905273892 × 10^281 |
| 112 | ov_112 | 1.3579271918265275 × 10^281 |
| 111 | ov_111 | 1.6159546276035141 × 10^281 |
| 110 | ov_110 | 1.9051236460628716 × 10^281 |
| 109 | ov_109 | 2.2273214447265427 × 10^281 |
| 108 | ov_108 | 2.584480976314647 × 10^281 |
| 107 | ov_107 | 2.978592572975082 × 10^281 |
| 106 | ov_106 | 3.4117174120750204 × 10^281 |
| 105 | ov_105 | 3.88600294752204 × 10^281 |
| 104 | ov_104 | 4.403700431709434 × 10^281 |
| 103 | ov_103 | 4.9671846547861034 × 10^281 |
| 102 | ov_102 | 5.578976030152428 × 10^281 |
| 101 | ov_101 | 6.2417651580051524 × 10^281 |
| 100 | ov_100 | 6.958440002527304 × 10^281 |
| 99 | ov_099 | 7.732115823091324 × 10^281 |
| 98 | ov_098 | 7.732189624128219 × 10^281 |
| 97 | ov_097 | 7.732420791742381 × 10^281 |
| 96 | aaa_78_29 | 1.1707139451540091 × 10^282 |
| 95 | aaa_78_28 | 3.811899421917254 × 10^282 |
| 94 | ov_094 | 1.2344190213587055 × 10^283 |
| 93 | ov_093 | 2.88173874590676 × 10^283 |
| 92 | ov_092 | 5.767072098705072 × 10^283 |
| 91 | ov_091 | 1.0456228462716285 × 10^284 |
| 90 | ov_090 | 1.763695053979399 × 10^284 |
| 89 | ov_089 | 2.8119029267640173 × 10^284 |
| 88 | ov_088 | 4.2834537671062695 × 10^284 |
| 87 | ov_087 | 6.377031986680275 × 10^284 |
| 86 | ov_086 | 9.315928319427454 × 10^284 |
| 85 | ov_085 | 1.3348205366509786 × 10^285 |
| 84 | ov_084 | 1.8746934412735536 × 10^285 |
| 83 | ov_083 | 2.5810517549451918 × 10^285 |
| 82 | ov_082 | 3.4863109142302143 × 10^285 |
| 81 | ov_081 | 4.6255150688651036 × 10^285 |
| 80 | ov_080 | 6.036403312047966 × 10^285 |
| 64 | lv_79_m31 | 6.052396165280883 × 10^285 |
| 79 | ov_079 | 7.759490062613778 × 10^285 |
| 78 | ov_078 | 9.838161009099871 × 10^285 |
| 77 | ov_077 | 1.2318786029586524 × 10^286 |
| 76 | ov_076 | 1.5250850506708405 × 10^286 |
| 75 | ov_075 | 1.868710646496387 × 10^286 |
| 74 | ov_074 | 2.2683744968178335 × 10^286 |
| 73 | ov_073 | 2.730059122962962 × 10^286 |
| 63 | ov_063 | 3.1085792042473715 × 10^286 |
| 72 | ov_072 | 3.2601323906949944 × 10^286 |
| 71 | ov_071 | 3.8653720079609684 × 10^286 |
| 70 | ov_070 | 4.552992743979158 × 10^286 |
| 69 | ov_069 | 5.33067652691052 × 10^286 |
| 68 | ov_068 | 6.206605582529578 × 10^286 |
| 67 | ov_067 | 7.189498782639101 × 10^286 |
| 66 | ov_066 | 7.189504417481325 × 10^286 |
| 65 | ov_065 | 7.189527439921778 × 10^286 |
| 62 | ov_062 | 1.5962483559041189 × 10^287 |
| 61 | ov_061 | 5.823514575292658 × 10^287 |
| 60 | ov_060 | 1.668470793455138 × 10^288 |
| 59 | ov_059 | 4.029252749311085 × 10^288 |
| 58 | ov_058 | 8.183023044861499 × 10^288 |
| 57 | ov_057 | 1.4793179364949106 × 10^289 |
| 56 | ov_056 | 2.4668197752929337 × 10^289 |
| 55 | ov_055 | 3.8761649951270594 × 10^289 |
| 54 | ov_054 | 5.81722407696451 × 10^289 |
| 53 | ov_053 | 8.414387844067811 × 10^289 |
| 52 | ov_052 | 1.193097039537517 × 10^290 |
| 51 | ov_051 | 1.6659370182666666 × 10^290 |
| 50 | ov_050 | 2.292111899564921 × 10^290 |
| 49 | ov_049 | 3.1066954364617327 × 10^290 |
| 48 | ov_048 | 4.14769232810099 × 10^290 |
| 47 | ov_047 | 5.4560529035454475 × 10^290 |
| 32 | lv_80_m31 | 6.692262337925996 × 10^290 |
| 46 | ov_046 | 7.0756937245395216 × 10^290 |
| 45 | ov_045 | 9.053525993060536 × 10^290 |
| 44 | ov_044 | 1.1439493848767416 × 10^291 |
| 43 | ov_043 | 1.4286624842998652 × 10^291 |
| 42 | ov_042 | 1.7651095080516678 × 10^291 |
| 41 | ov_041 | 2.1592311728594528 × 10^291 |
| 40 | ov_040 | 2.614249297024529 × 10^291 |
| 39 | ov_039 | 3.133562169454571 × 10^291 |
| 31 | ov_031 | 3.432530807607994 × 10^291 |
| 38 | ov_038 | 3.724151199814937 × 10^291 |
| 37 | ov_037 | 4.393377433663802 × 10^291 |
| 36 | ov_036 | 5.1490033058805796 × 10^291 |
| 35 | ov_035 | 5.999218223361467 × 10^291 |
| 34 | ov_034 | 6.952668413124023 × 10^291 |
| 33 | ov_033 | 8.018491500302525 × 10^291 |
| 30 | ov_030 | 1.760284163849586 × 10^292 |
| 29 | ov_029 | 5.759483297756042 × 10^292 |
| 28 | ov_028 | 1.4951116838324054 × 10^293 |
| 27 | ov_027 | 3.3422760317667754 × 10^293 |
| 26 | ov_026 | 6.684588447372405 × 10^293 |
| 25 | ov_025 | 1.2247587372818419 × 10^294 |
| 24 | ov_024 | 2.091520966897507 × 10^294 |
| 23 | ov_023 | 3.461374808035366 × 10^294 |
| 22 | ov_022 | 5.5586382958766 × 10^294 |
| 21 | ov_021 | 8.639333144570387 × 10^294 |
| 20 | ov_020 | 1.2991211988634635 × 10^295 |
| 19 | ov_019 | 1.8933802912596396 × 10^295 |
| 18 | ov_018 | 2.6818477156579153 × 10^295 |
| 17 | ov_017 | 3.7028547046291413 × 10^295 |
| 16 | ov_016 | 4.997940235685912 × 10^295 |
| 15 | ov_015 | 6.611869572530294 × 10^295 |
| 14 | ov_014 | 8.592659276576728 × 10^295 |
| 13 | ov_013 | 1.0991610801839518 × 10^296 |
| 12 | ov_012 | 1.3863355129058537 × 10^296 |
| 11 | ov_011 | 1.72659111283502 × 10^296 |
| 10 | ov_010 | 2.1260760573808215 × 10^296 |
| 9 | ov_009 | 2.5912942968646486 × 10^296 |
| 8 | ov_008 | 3.1291173576090894 × 10^296 |
| 7 | ov_007 | 3.746798828984107 × 10^296 |
| 6 | ov_006 | 4.451991921925007 × 10^296 |
| 5 | ov_005 | 5.252770510929513 × 10^296 |
| 4 | ov_004 | 6.157654096501502 × 10^296 |
| 3 | ov_003 | 7.175637120042526 × 10^296 |
| 2 | ov_002 | 8.316222996232161 × 10^296 |
| 1 | ov_001 | 9.589463190727999 × 10^296 |

