# Results for F001-F002-F003-F004-F005-F006-F007-F008-F009-F010-F011-F012-F013-F014-F015-F016-F017-F018-F019-F020-F021-F022-F023-F024-F025-F026-F027-F028-F029-F030-F031-F032-F033-F034-F035-F036-F037-F038-F039-F040-F041-F042-F043-F044-F045-F046-F047-F048-F049-F050-F051-F052-F053-F054-F055-F056-F057-F058-F059-F060-F061-F062-F063-F064-F065-F066-F067-F068-F069-F070-F071-F072-F073-F074-F075-F076-F077-F078-F079-F080-F081-F082-F083-F084-F085-F086-F087-F088-F089-F090-F091-F092-F093-F094-F095-F096-F097-F098-F099-F100-F101-F102-F103-F104-F105-F106-F107-F108-F109-F110-F111-F112-F113-F114-F115-F116-F117-F118-F119-F120-F121-F122-F123-F124-F125-F126-F127-F128-F129-F130-F131-F132-F133-F134-F135-F136-F137-F138-F139-F140-F141-F142-F143-F144-F145-F146-F147-F148-F149-F150-F151-F152-F153-F154-F155-F156-F157-F158-F159-F160-F161-F162-F163-F164-F165-F166-F167-F168-F169-F170-F171-F172-F173-F174-F175-F176-F177-F178-F179-F180-F181-F182-F183-F184-F185-F186-F187-F188-F189-F190-F191-F192-F193-F194-F195-F196-F197-F198-F199-F200-F201-F202-F203-F204-F205-F206-F207-F208-F209-F210-F211-F212-F213-F214-F215-F216-F217-F218-F219-F220-F221-F222-F223-F224-F225-F226-F227-F228-F229-F230-F231-F232-F233-F234-F235-F236-F237-F238-F239-F240-F241-F242-F243-F244-F245-F246-F247-F248-F249-F250-F251-F252-F253-F254-F255-F256-F257-F258-F259-F260-F261-F262-F263-F264-F265-F266-F267-F268-F269-F270-F271-F272-F273-F274-F275-F276-F277-F278-F279-F280-F281-F282-F283-F284-F285-F286-F287-F288-F289-F290-F291-F292-F293-F294-F295-F296-F297-F298-F299-F300-F301-F302-F303-F304-F305-F306-F307-F308-F309-F310-F311-F312-F313-F314-F315-F316-F317-F318-F319-F320-F321-F322-F323-F324-F325-F326-F327-F328-F329-F330-F331-F332-F333-F334-F335-F336-F337-F338-F339-F340-F341-F342-F343-F344-F345-F346-F347-F348-F349-F350-F351-F352-F353-F354-F355-F356-F357-F358-F359-F360-F361-F362-F363-F364-F365-F366-F367-F368-F369-F370-F371-F372-F373-F374-F375-F376-F377-F378-F379-F380-F381-F382-F383-F384-F385-F386-F387-F388-F389-F390-F391-F392-F393-F394-F395-F396-F397-F398-F399-F400-F401-F402-F403-F404-F405-F406-F407-F408-F409-F410-F411-F412-F413-F414-F415-F416-F417-F418-F419-F420-F421-F422-F423-F424-F425-F426-F427-F428-F429-F430-F431-F432-F433-F434-F435-F436-F437-F438-F439-F440-F441-F442-F443-F444-F445-F446-F447-F448-F449-F450-F451-F452-F453-F454-F455-F456-F457-F458-F459-F460-F461-F462-F463-F464-F465-F466-F467-F468-F469-F470-F471-F472-F473-F474-F475-F476-F477-F478-F479-F480-F481-F482-F483-F484-F485-F486-F487-F488-F489-F490-F491-F492-F493-F494-F495-F496-O500505-E500511-F510-F512

## Summary

Number of input bits: 512  
Number of free input bits: 12  
Number of output bits: 160

Number of direct occurrences: 49029  
Number of assignments: 31783  
Number of operations: 11337677
(xor: 11309221,
and: 14917,
or: 13539)

Total complexity: 2.13348873073287 × 10^302

Least occurring input variable: iv_502 (3878)  
Most occurring input variable: iv_500 (4403)

Most co-occurring input variables: iv_508-iv_509 (2078)  
Least co-occurring input variables: iv_498-iv_502 (1711)

Potentially most occurring input variable: iv_500/iv_509 (4756)  
Potentially least occurring input variable: iv_499/iv_504 (4166)

Least output occurring input variable: iv_509 (73)  
Most output occurring input variable: iv_501 (88)

Most output co-occurring input variables: iv_498-iv_501 (48)  
Least output co-occurring input variables: iv_506-iv_508 (33)

Potentially most output occurring input variable: iv_498/iv_502 (95)  
Potentially least output occurring input variable: iv_498/iv_499 (69)

Least complex input bit: iv_497 (6.06185408248928 × 10^299)  
Most complex input bit: iv_500 (3.992184536872002 × 10^301)

Least complex output bit: aaa_76_29 (7.25741067346113 × 10^276)  
Most complex output bit: ov_001 (3.3354080832984826 × 10^301)

Least complex input/output complexity: iv_497/aaa_76_29 (2.0620387577163134 × 10^274)  
Most complex input/output complexity: iv_500/ov_001 (6.2412162682144 × 10^300)

## Input Bits

### Input Bits in Regular Order

| Input Bit | Complexity | Occurrences | Output Occurrences |
|:---------:|:----------:|:-----------:|:------------------:|
| iv_497 | 6.06185408248928 × 10^299 | 4126 | 81 |
| iv_498 | 1.2085221856330934 × 10^300 | 3946 | 83 |
| iv_499 | 2.127808529085534 × 10^300 | 3966 | 80 |
| iv_500 | 3.992184536872002 × 10^301 | 4403 | 79 |
| iv_501 | 5.915008213215965 × 10^300 | 4126 | 88 |
| iv_502 | 9.571064568768084 × 10^300 | 3878 | 80 |
| iv_503 | 1.5213145653304236 × 10^301 | 4087 | 79 |
| iv_504 | 2.371573474466012 × 10^301 | 3926 | 78 |
| iv_506 | 1.835183784251679 × 10^301 | 3997 | 82 |
| iv_507 | 2.632709412544353 × 10^301 | 4178 | 79 |
| iv_508 | 3.494050316247547 × 10^301 | 4143 | 76 |
| iv_509 | 3.545012327121524 × 10^301 | 4253 | 73 |

### Input Bits Sorted by Complexity

| Input Bit | Complexity | Occurrences | Output Occurrences |
|:---------:|:----------:|:-----------:|:------------------:|
| iv_497 | 6.06185408248928 × 10^299 | 4126 | 81 |
| iv_498 | 1.2085221856330934 × 10^300 | 3946 | 83 |
| iv_499 | 2.127808529085534 × 10^300 | 3966 | 80 |
| iv_501 | 5.915008213215965 × 10^300 | 4126 | 88 |
| iv_502 | 9.571064568768084 × 10^300 | 3878 | 80 |
| iv_503 | 1.5213145653304236 × 10^301 | 4087 | 79 |
| iv_506 | 1.835183784251679 × 10^301 | 3997 | 82 |
| iv_504 | 2.371573474466012 × 10^301 | 3926 | 78 |
| iv_507 | 2.632709412544353 × 10^301 | 4178 | 79 |
| iv_508 | 3.494050316247547 × 10^301 | 4143 | 76 |
| iv_509 | 3.545012327121524 × 10^301 | 4253 | 73 |
| iv_500 | 3.992184536872002 × 10^301 | 4403 | 79 |

### Input Bits Sorted by Occurrences

| Input Bit | Complexity | Occurrences | Output Occurrences |
|:---------:|:----------:|:-----------:|:------------------:|
| iv_502 | 9.571064568768084 × 10^300 | 3878 | 80 |
| iv_504 | 2.371573474466012 × 10^301 | 3926 | 78 |
| iv_498 | 1.2085221856330934 × 10^300 | 3946 | 83 |
| iv_499 | 2.127808529085534 × 10^300 | 3966 | 80 |
| iv_506 | 1.835183784251679 × 10^301 | 3997 | 82 |
| iv_503 | 1.5213145653304236 × 10^301 | 4087 | 79 |
| iv_501 | 5.915008213215965 × 10^300 | 4126 | 88 |
| iv_497 | 6.06185408248928 × 10^299 | 4126 | 81 |
| iv_508 | 3.494050316247547 × 10^301 | 4143 | 76 |
| iv_507 | 2.632709412544353 × 10^301 | 4178 | 79 |
| iv_509 | 3.545012327121524 × 10^301 | 4253 | 73 |
| iv_500 | 3.992184536872002 × 10^301 | 4403 | 79 |

### Input Bits Sorted by Output Occurrences

| Input Bit | Complexity | Occurrences | Output Occurrences |
|:---------:|:----------:|:-----------:|:------------------:|
| iv_509 | 3.545012327121524 × 10^301 | 4253 | 73 |
| iv_508 | 3.494050316247547 × 10^301 | 4143 | 76 |
| iv_504 | 2.371573474466012 × 10^301 | 3926 | 78 |
| iv_503 | 1.5213145653304236 × 10^301 | 4087 | 79 |
| iv_500 | 3.992184536872002 × 10^301 | 4403 | 79 |
| iv_507 | 2.632709412544353 × 10^301 | 4178 | 79 |
| iv_502 | 9.571064568768084 × 10^300 | 3878 | 80 |
| iv_499 | 2.127808529085534 × 10^300 | 3966 | 80 |
| iv_497 | 6.06185408248928 × 10^299 | 4126 | 81 |
| iv_506 | 1.835183784251679 × 10^301 | 3997 | 82 |
| iv_498 | 1.2085221856330934 × 10^300 | 3946 | 83 |
| iv_501 | 5.915008213215965 × 10^300 | 4126 | 88 |

## Input Bit Co-occurrences

### Input Bit Co-occurrences Sorted by Co-occurrences

| Input Bits | Co-occurrences | Potential Occurrences | Output Co-occurrences | Potential Output Occurrences |
|:----------:|:--------------:|:---------------------:|:---------------------:|:----------------------------:|
| iv_508-iv_509 | 2078 | 4240 | 34 | 81 |
| iv_507-iv_509 | 2064 | 4303 | 38 | 76 |
| iv_501-iv_509 | 2043 | 4293 | 44 | 73 |
| iv_497-iv_507 | 2023 | 4258 | 37 | 86 |
| iv_497-iv_509 | 2012 | 4355 | 37 | 80 |
| iv_497-iv_501 | 2008 | 4236 | 45 | 79 |
| iv_500-iv_507 | 1991 | 4599 | 39 | 80 |
| iv_501-iv_507 | 1991 | 4322 | 43 | 81 |
| iv_497-iv_500 | 1974 | 4581 | 41 | 78 |
| iv_506-iv_507 | 1972 | 4231 | 38 | 85 |
| iv_500-iv_503 | 1961 | 4568 | 43 | 72 |
| iv_500-iv_501 | 1957 | 4615 | 38 | 91 |

### Input Bit Co-occurrences Sorted by Potential Occurrences

| Input Bits | Co-occurrences | Potential Occurrences | Output Co-occurrences | Potential Output Occurrences |
|:----------:|:--------------:|:---------------------:|:---------------------:|:----------------------------:|
| iv_499-iv_504 | 1863 | 4166 | 39 | 80 |
| iv_498-iv_504 | 1852 | 4168 | 41 | 79 |
| iv_504-iv_506 | 1859 | 4205 | 43 | 74 |
| iv_502-iv_506 | 1832 | 4211 | 41 | 80 |
| iv_506-iv_507 | 1972 | 4231 | 38 | 85 |
| iv_499-iv_501 | 1930 | 4232 | 45 | 78 |
| iv_498-iv_506 | 1854 | 4235 | 39 | 87 |
| iv_497-iv_501 | 2008 | 4236 | 45 | 79 |
| iv_497-iv_504 | 1908 | 4236 | 44 | 71 |
| iv_508-iv_509 | 2078 | 4240 | 34 | 81 |
| iv_502-iv_504 | 1781 | 4242 | 41 | 76 |
| iv_499-iv_508 | 1933 | 4243 | 40 | 76 |

### Input Bit Output Co-occurrences Sorted by Output Co-occurrences

| Input Bits | Co-occurrences | Potential Occurrences | Output Co-occurrences | Potential Output Occurrences |
|:----------:|:--------------:|:---------------------:|:---------------------:|:----------------------------:|
| iv_498-iv_501 | 1884 | 4304 | 48 | 75 |
| iv_498-iv_499 | 1816 | 4280 | 47 | 69 |
| iv_497-iv_506 | 1931 | 4261 | 46 | 71 |
| iv_501-iv_506 | 1884 | 4355 | 46 | 78 |
| iv_498-iv_503 | 1863 | 4307 | 46 | 70 |
| iv_497-iv_501 | 2008 | 4236 | 45 | 79 |
| iv_497-iv_502 | 1878 | 4248 | 45 | 71 |
| iv_499-iv_501 | 1930 | 4232 | 45 | 78 |
| iv_501-iv_509 | 2043 | 4293 | 44 | 73 |
| iv_497-iv_504 | 1908 | 4236 | 44 | 71 |
| iv_501-iv_502 | 1879 | 4246 | 43 | 82 |
| iv_501-iv_507 | 1991 | 4322 | 43 | 81 |

### Input Bit Output Co-occurrences Sorted by Potential Output Occurrences

| Input Bits | Co-occurrences | Potential Occurrences | Output Co-occurrences | Potential Output Occurrences |
|:----------:|:--------------:|:---------------------:|:---------------------:|:----------------------------:|
| iv_498-iv_499 | 1816 | 4280 | 47 | 69 |
| iv_503-iv_509 | 1931 | 4478 | 41 | 70 |
| iv_498-iv_503 | 1863 | 4307 | 46 | 70 |
| iv_497-iv_506 | 1931 | 4261 | 46 | 71 |
| iv_497-iv_502 | 1878 | 4248 | 45 | 71 |
| iv_497-iv_504 | 1908 | 4236 | 44 | 71 |
| iv_504-iv_508 | 1899 | 4271 | 41 | 72 |
| iv_500-iv_503 | 1961 | 4568 | 43 | 72 |
| iv_501-iv_509 | 2043 | 4293 | 44 | 73 |
| iv_504-iv_506 | 1859 | 4205 | 43 | 74 |
| iv_498-iv_501 | 1884 | 4304 | 48 | 75 |
| iv_500-iv_502 | 1852 | 4577 | 42 | 75 |

## Output Bits

### Output Bits in Regular Order

| Rank | Output Bit | Complexity |
|:----:|:----------:|:----------:|
| 1 | ov_001 | 3.3354080832984826 × 10^301 |
| 2 | ov_002 | 2.902362752400715 × 10^301 |
| 3 | ov_003 | 2.5135833379182524 × 10^301 |
| 4 | ov_004 | 2.1657506840619813 × 10^301 |
| 5 | ov_005 | 1.855727422852684 × 10^301 |
| 6 | ov_006 | 1.58054511108364 × 10^301 |
| 7 | ov_007 | 1.3373930156045856 × 10^301 |
| 8 | ov_008 | 1.1236084152132652 × 10^301 |
| 9 | ov_009 | 9.366682960148583 × 10^300 |
| 10 | ov_010 | 7.741823064492161 × 10^300 |
| 11 | ov_011 | 6.338868367279013 × 10^300 |
| 12 | ov_012 | 5.1364009521671486 × 10^300 |
| 13 | ov_013 | 4.1141806192685285 × 10^300 |
| 14 | ov_014 | 3.253112067753215 × 10^300 |
| 15 | ov_015 | 2.5352186767319845 × 10^300 |
| 16 | ov_016 | 1.943621908239772 × 10^300 |
| 17 | ov_017 | 1.462525428840012 × 10^300 |
| 18 | ov_018 | 1.0772031186902953 × 10^300 |
| 19 | ov_019 | 7.739902089758076 × 10^299 |
| 20 | ov_020 | 5.4027686051867844 × 10^299 |
| 21 | ov_021 | 3.645035976667131 × 10^299 |
| 22 | ov_022 | 2.36158142294772 × 10^299 |
| 23 | ov_023 | 1.4577328499077434 × 10^299 |
| 24 | ov_024 | 8.492550032002118 × 10^298 |
| 25 | ov_025 | 4.623409893225873 × 10^298 |
| 26 | ov_026 | 2.336076272780196 × 10^298 |
| 27 | ov_027 | 1.100932594414303 × 10^298 |
| 28 | ov_028 | 4.925688749436206 × 10^297 |
| 29 | ov_029 | 1.8977894005937046 × 10^297 |
| 30 | ov_030 | 5.801051011740202 × 10^296 |
| 31 | ov_031 | 1.1313404830694362 × 10^296 |
| 32 | lv_80_m31 | 2.2059624566638563 × 10^295 |
| 33 | ov_033 | 2.6571383312988445 × 10^296 |
| 34 | ov_034 | 2.307198438991213 × 10^296 |
| 35 | ov_035 | 1.993722054882849 × 10^296 |
| 36 | ov_036 | 1.7138549772587858 × 10^296 |
| 37 | ov_037 | 1.4648994769094146 × 10^296 |
| 38 | ov_038 | 1.2443032312287608 × 10^296 |
| 39 | ov_039 | 1.0496496950644524 × 10^296 |
| 40 | ov_040 | 8.786497777163015 × 10^295 |
| 41 | ov_041 | 7.291347019855797 × 10^295 |
| 42 | ov_042 | 5.99049927566045 × 10^295 |
| 43 | ov_043 | 4.873960468935817 × 10^295 |
| 44 | ov_044 | 3.923324701794705 × 10^295 |
| 45 | ov_045 | 3.1211991777655227 × 10^295 |
| 46 | ov_046 | 2.451175489084412 × 10^295 |
| 47 | ov_047 | 1.8978065950532945 × 10^295 |
| 48 | ov_048 | 1.4465886842142027 × 10^295 |
| 49 | ov_049 | 1.0839471733832014 × 10^295 |
| 50 | ov_050 | 7.972261566641099 × 10^294 |
| 51 | ov_051 | 5.746806774706786 × 10^294 |
| 52 | ov_052 | 4.054712563685314 × 10^294 |
| 53 | ov_053 | 2.7966016724125275 × 10^294 |
| 54 | ov_054 | 1.882090139146603 × 10^294 |
| 55 | ov_055 | 1.2297721895967791 × 10^294 |
| 56 | ov_056 | 7.672110905699397 × 10^293 |
| 57 | ov_057 | 4.6042988006997655 × 10^293 |
| 58 | ov_058 | 2.5491614589959347 × 10^293 |
| 59 | ov_059 | 1.256535915436378 × 10^293 |
| 60 | ov_060 | 5.210527038769934 × 10^292 |
| 61 | ov_061 | 1.8213415405066074 × 10^292 |
| 62 | ov_062 | 4.999859906596075 × 10^291 |
| 63 | ov_063 | 9.752545469168103 × 10^290 |
| 64 | lv_79_m31 | 1.9018864216546175 × 10^290 |
| 65 | ov_065 | 2.2874966035900086 × 10^291 |
| 66 | ov_066 | 2.2874906359842807 × 10^291 |
| 67 | ov_067 | 2.287489208679092 × 10^291 |
| 68 | ov_068 | 1.9874595566799742 × 10^291 |
| 69 | ov_069 | 1.7181440656802506 × 10^291 |
| 70 | ov_070 | 1.477302260142882 × 10^291 |
| 71 | ov_071 | 1.2628022820087574 × 10^291 |
| 72 | ov_072 | 1.072613639801312 × 10^291 |
| 73 | ov_073 | 9.048013150118055 × 10^290 |
| 74 | ov_074 | 7.57521045384586 × 10^290 |
| 75 | ov_075 | 6.290156143446419 × 10^290 |
| 76 | ov_076 | 5.176119850496306 × 10^290 |
| 77 | ov_077 | 4.2171912647156015 × 10^290 |
| 78 | ov_078 | 3.3982638757801167 × 10^290 |
| 79 | ov_079 | 2.7050228413964444 × 10^290 |
| 80 | ov_080 | 2.1239357098286593 × 10^290 |
| 81 | ov_081 | 1.6422449304070236 × 10^290 |
| 82 | ov_082 | 1.2479615274196423 × 10^290 |
| 83 | ov_083 | 9.298597242793122 × 10^289 |
| 84 | ov_084 | 6.774724388664947 × 10^289 |
| 85 | ov_085 | 4.810875711891826 × 10^289 |
| 86 | ov_086 | 3.31745004655274 × 10^289 |
| 87 | ov_087 | 2.2123424235025458 × 10^289 |
| 88 | ov_088 | 1.4209259977223401 × 10^289 |
| 89 | ov_089 | 8.760387551071134 × 10^288 |
| 90 | ov_090 | 5.1797421373684004 × 10^288 |
| 91 | ov_091 | 2.944753347646061 × 10^288 |
| 92 | ov_092 | 1.6073086464163695 × 10^288 |
| 93 | ov_093 | 7.937336903736427 × 10^287 |
| 94 | ov_094 | 3.3579923450666554 × 10^287 |
| 95 | aaa_78_28 | 1.0248923426070617 × 10^287 |
| 96 | aaa_78_29 | 3.090035592792701 × 10^286 |
| 97 | ov_097 | 1.5933172978758931 × 10^286 |
| 98 | ov_098 | 1.593304185261373 × 10^286 |
| 99 | ov_099 | 1.5932999862511685 × 10^286 |
| 100 | ov_100 | 1.3292662539687723 × 10^286 |
| 101 | ov_101 | 1.1002180920982886 × 10^286 |
| 102 | ov_102 | 9.029318397764702 × 10^285 |
| 103 | ov_103 | 7.343628236740747 × 10^285 |
| 104 | ov_104 | 5.916323047808235 × 10^285 |
| 105 | ov_105 | 4.7201607995393824 × 10^285 |
| 106 | ov_106 | 3.7293459018297996 × 10^285 |
| 107 | ov_107 | 2.9194439526315003 × 10^285 |
| 108 | ov_108 | 2.2673088202126623 × 10^285 |
| 109 | ov_109 | 1.7510208045692765 × 10^285 |
| 110 | ov_110 | 1.3498346919208509 × 10^285 |
| 111 | ov_111 | 1.04413658505046 × 10^285 |
| 112 | ov_112 | 8.154084599328478 × 10^284 |
| 113 | ov_113 | 6.461994659101028 × 10^284 |
| 114 | ov_114 | 5.20103052849795 × 10^284 |
| 115 | ov_115 | 4.217390744409191 × 10^284 |
| 116 | ov_116 | 3.3674008219668565 × 10^284 |
| 117 | ov_117 | 2.6411103391040993 × 10^284 |
| 118 | ov_118 | 2.0286208217562474 × 10^284 |
| 119 | ov_119 | 1.5200687414167015 × 10^284 |
| 120 | ov_120 | 1.1056131135997449 × 10^284 |
| 121 | ov_121 | 7.754270475159927 × 10^283 |
| 122 | ov_122 | 5.196923064334976 × 10^283 |
| 123 | ov_123 | 3.2859572854369015 × 10^283 |
| 124 | ov_124 | 1.923268114511849 × 10^283 |
| 125 | ov_125 | 1.0107621488563426 × 10^283 |
| 126 | ov_126 | 4.5034996453134674 × 10^282 |
| 127 | aaa_77_28 | 1.439431806559562 × 10^282 |
| 128 | aaa_77_29 | 5.404297515352705 × 10^281 |
| 129 | ov_129 | 5.0417488091490015 × 10^281 |
| 130 | ov_130 | 5.041734668554806 × 10^281 |
| 131 | ov_131 | 5.0417312478494886 × 10^281 |
| 132 | ov_132 | 4.38709388185171 × 10^281 |
| 133 | ov_133 | 3.798532092972278 × 10^281 |
| 134 | ov_134 | 3.2709377562456417 × 10^281 |
| 135 | ov_135 | 2.7994783451965393 × 10^281 |
| 136 | ov_136 | 2.3795773247190298 × 10^281 |
| 137 | ov_137 | 2.0090081491563602 × 10^281 |
| 138 | ov_138 | 1.6836578669885452 × 10^281 |
| 139 | ov_139 | 1.3996257090659324 × 10^281 |
| 140 | ov_140 | 1.1532126875938622 × 10^281 |
| 141 | ov_141 | 9.409129266505867 × 10^280 |
| 142 | ov_142 | 7.594065208898438 × 10^280 |
| 143 | ov_143 | 6.055537310008207 × 10^280 |
| 144 | ov_144 | 4.763903362806921 × 10^280 |
| 145 | ov_145 | 3.691239763596975 × 10^280 |
| 146 | ov_146 | 2.8113132573772994 × 10^280 |
| 147 | ov_147 | 2.099559563680642 × 10^280 |
| 148 | ov_148 | 1.5330676195867875 × 10^280 |
| 149 | ov_149 | 1.0905684296480404 × 10^280 |
| 150 | ov_150 | 7.524276277068743 × 10^279 |
| 151 | ov_151 | 5.006408330764384 × 10^279 |
| 152 | ov_152 | 3.188309298474839 × 10^279 |
| 153 | ov_153 | 1.9224654606648225 × 10^279 |
| 154 | ov_154 | 1.077612160443643 × 10^279 |
| 155 | ov_155 | 5.3872910595653524 × 10^278 |
| 156 | aaa_76_25 | 2.0703781362010107 × 10^278 |
| 157 | aaa_76_26 | 1.195934685202897 × 10^278 |
| 158 | aaa_76_27 | 6.123854391292004 × 10^277 |
| 159 | aaa_76_28 | 2.3853368456601643 × 10^277 |
| 160 | aaa_76_29 | 7.25741067346113 × 10^276 |

### Output Bits Sorted by Complexity

| Rank | Output Bit | Complexity |
|:----:|:----------:|:----------:|
| 160 | aaa_76_29 | 7.25741067346113 × 10^276 |
| 159 | aaa_76_28 | 2.3853368456601643 × 10^277 |
| 158 | aaa_76_27 | 6.123854391292004 × 10^277 |
| 157 | aaa_76_26 | 1.195934685202897 × 10^278 |
| 156 | aaa_76_25 | 2.0703781362010107 × 10^278 |
| 155 | ov_155 | 5.3872910595653524 × 10^278 |
| 154 | ov_154 | 1.077612160443643 × 10^279 |
| 153 | ov_153 | 1.9224654606648225 × 10^279 |
| 152 | ov_152 | 3.188309298474839 × 10^279 |
| 151 | ov_151 | 5.006408330764384 × 10^279 |
| 150 | ov_150 | 7.524276277068743 × 10^279 |
| 149 | ov_149 | 1.0905684296480404 × 10^280 |
| 148 | ov_148 | 1.5330676195867875 × 10^280 |
| 147 | ov_147 | 2.099559563680642 × 10^280 |
| 146 | ov_146 | 2.8113132573772994 × 10^280 |
| 145 | ov_145 | 3.691239763596975 × 10^280 |
| 144 | ov_144 | 4.763903362806921 × 10^280 |
| 143 | ov_143 | 6.055537310008207 × 10^280 |
| 142 | ov_142 | 7.594065208898438 × 10^280 |
| 141 | ov_141 | 9.409129266505867 × 10^280 |
| 140 | ov_140 | 1.1532126875938622 × 10^281 |
| 139 | ov_139 | 1.3996257090659324 × 10^281 |
| 138 | ov_138 | 1.6836578669885452 × 10^281 |
| 137 | ov_137 | 2.0090081491563602 × 10^281 |
| 136 | ov_136 | 2.3795773247190298 × 10^281 |
| 135 | ov_135 | 2.7994783451965393 × 10^281 |
| 134 | ov_134 | 3.2709377562456417 × 10^281 |
| 133 | ov_133 | 3.798532092972278 × 10^281 |
| 132 | ov_132 | 4.38709388185171 × 10^281 |
| 131 | ov_131 | 5.0417312478494886 × 10^281 |
| 130 | ov_130 | 5.041734668554806 × 10^281 |
| 129 | ov_129 | 5.0417488091490015 × 10^281 |
| 128 | aaa_77_29 | 5.404297515352705 × 10^281 |
| 127 | aaa_77_28 | 1.439431806559562 × 10^282 |
| 126 | ov_126 | 4.5034996453134674 × 10^282 |
| 125 | ov_125 | 1.0107621488563426 × 10^283 |
| 124 | ov_124 | 1.923268114511849 × 10^283 |
| 123 | ov_123 | 3.2859572854369015 × 10^283 |
| 122 | ov_122 | 5.196923064334976 × 10^283 |
| 121 | ov_121 | 7.754270475159927 × 10^283 |
| 120 | ov_120 | 1.1056131135997449 × 10^284 |
| 119 | ov_119 | 1.5200687414167015 × 10^284 |
| 118 | ov_118 | 2.0286208217562474 × 10^284 |
| 117 | ov_117 | 2.6411103391040993 × 10^284 |
| 116 | ov_116 | 3.3674008219668565 × 10^284 |
| 115 | ov_115 | 4.217390744409191 × 10^284 |
| 114 | ov_114 | 5.20103052849795 × 10^284 |
| 113 | ov_113 | 6.461994659101028 × 10^284 |
| 112 | ov_112 | 8.154084599328478 × 10^284 |
| 111 | ov_111 | 1.04413658505046 × 10^285 |
| 110 | ov_110 | 1.3498346919208509 × 10^285 |
| 109 | ov_109 | 1.7510208045692765 × 10^285 |
| 108 | ov_108 | 2.2673088202126623 × 10^285 |
| 107 | ov_107 | 2.9194439526315003 × 10^285 |
| 106 | ov_106 | 3.7293459018297996 × 10^285 |
| 105 | ov_105 | 4.7201607995393824 × 10^285 |
| 104 | ov_104 | 5.916323047808235 × 10^285 |
| 103 | ov_103 | 7.343628236740747 × 10^285 |
| 102 | ov_102 | 9.029318397764702 × 10^285 |
| 101 | ov_101 | 1.1002180920982886 × 10^286 |
| 100 | ov_100 | 1.3292662539687723 × 10^286 |
| 99 | ov_099 | 1.5932999862511685 × 10^286 |
| 98 | ov_098 | 1.593304185261373 × 10^286 |
| 97 | ov_097 | 1.5933172978758931 × 10^286 |
| 96 | aaa_78_29 | 3.090035592792701 × 10^286 |
| 95 | aaa_78_28 | 1.0248923426070617 × 10^287 |
| 94 | ov_094 | 3.3579923450666554 × 10^287 |
| 93 | ov_093 | 7.937336903736427 × 10^287 |
| 92 | ov_092 | 1.6073086464163695 × 10^288 |
| 91 | ov_091 | 2.944753347646061 × 10^288 |
| 90 | ov_090 | 5.1797421373684004 × 10^288 |
| 89 | ov_089 | 8.760387551071134 × 10^288 |
| 88 | ov_088 | 1.4209259977223401 × 10^289 |
| 87 | ov_087 | 2.2123424235025458 × 10^289 |
| 86 | ov_086 | 3.31745004655274 × 10^289 |
| 85 | ov_085 | 4.810875711891826 × 10^289 |
| 84 | ov_084 | 6.774724388664947 × 10^289 |
| 83 | ov_083 | 9.298597242793122 × 10^289 |
| 82 | ov_082 | 1.2479615274196423 × 10^290 |
| 81 | ov_081 | 1.6422449304070236 × 10^290 |
| 64 | lv_79_m31 | 1.9018864216546175 × 10^290 |
| 80 | ov_080 | 2.1239357098286593 × 10^290 |
| 79 | ov_079 | 2.7050228413964444 × 10^290 |
| 78 | ov_078 | 3.3982638757801167 × 10^290 |
| 77 | ov_077 | 4.2171912647156015 × 10^290 |
| 76 | ov_076 | 5.176119850496306 × 10^290 |
| 75 | ov_075 | 6.290156143446419 × 10^290 |
| 74 | ov_074 | 7.57521045384586 × 10^290 |
| 73 | ov_073 | 9.048013150118055 × 10^290 |
| 63 | ov_063 | 9.752545469168103 × 10^290 |
| 72 | ov_072 | 1.072613639801312 × 10^291 |
| 71 | ov_071 | 1.2628022820087574 × 10^291 |
| 70 | ov_070 | 1.477302260142882 × 10^291 |
| 69 | ov_069 | 1.7181440656802506 × 10^291 |
| 68 | ov_068 | 1.9874595566799742 × 10^291 |
| 67 | ov_067 | 2.287489208679092 × 10^291 |
| 66 | ov_066 | 2.2874906359842807 × 10^291 |
| 65 | ov_065 | 2.2874966035900086 × 10^291 |
| 62 | ov_062 | 4.999859906596075 × 10^291 |
| 61 | ov_061 | 1.8213415405066074 × 10^292 |
| 60 | ov_060 | 5.210527038769934 × 10^292 |
| 59 | ov_059 | 1.256535915436378 × 10^293 |
| 58 | ov_058 | 2.5491614589959347 × 10^293 |
| 57 | ov_057 | 4.6042988006997655 × 10^293 |
| 56 | ov_056 | 7.672110905699397 × 10^293 |
| 55 | ov_055 | 1.2297721895967791 × 10^294 |
| 54 | ov_054 | 1.882090139146603 × 10^294 |
| 53 | ov_053 | 2.7966016724125275 × 10^294 |
| 52 | ov_052 | 4.054712563685314 × 10^294 |
| 51 | ov_051 | 5.746806774706786 × 10^294 |
| 50 | ov_050 | 7.972261566641099 × 10^294 |
| 49 | ov_049 | 1.0839471733832014 × 10^295 |
| 48 | ov_048 | 1.4465886842142027 × 10^295 |
| 47 | ov_047 | 1.8978065950532945 × 10^295 |
| 32 | lv_80_m31 | 2.2059624566638563 × 10^295 |
| 46 | ov_046 | 2.451175489084412 × 10^295 |
| 45 | ov_045 | 3.1211991777655227 × 10^295 |
| 44 | ov_044 | 3.923324701794705 × 10^295 |
| 43 | ov_043 | 4.873960468935817 × 10^295 |
| 42 | ov_042 | 5.99049927566045 × 10^295 |
| 41 | ov_041 | 7.291347019855797 × 10^295 |
| 40 | ov_040 | 8.786497777163015 × 10^295 |
| 39 | ov_039 | 1.0496496950644524 × 10^296 |
| 31 | ov_031 | 1.1313404830694362 × 10^296 |
| 38 | ov_038 | 1.2443032312287608 × 10^296 |
| 37 | ov_037 | 1.4648994769094146 × 10^296 |
| 36 | ov_036 | 1.7138549772587858 × 10^296 |
| 35 | ov_035 | 1.993722054882849 × 10^296 |
| 34 | ov_034 | 2.307198438991213 × 10^296 |
| 33 | ov_033 | 2.6571383312988445 × 10^296 |
| 30 | ov_030 | 5.801051011740202 × 10^296 |
| 29 | ov_029 | 1.8977894005937046 × 10^297 |
| 28 | ov_028 | 4.925688749436206 × 10^297 |
| 27 | ov_027 | 1.100932594414303 × 10^298 |
| 26 | ov_026 | 2.336076272780196 × 10^298 |
| 25 | ov_025 | 4.623409893225873 × 10^298 |
| 24 | ov_024 | 8.492550032002118 × 10^298 |
| 23 | ov_023 | 1.4577328499077434 × 10^299 |
| 22 | ov_022 | 2.36158142294772 × 10^299 |
| 21 | ov_021 | 3.645035976667131 × 10^299 |
| 20 | ov_020 | 5.4027686051867844 × 10^299 |
| 19 | ov_019 | 7.739902089758076 × 10^299 |
| 18 | ov_018 | 1.0772031186902953 × 10^300 |
| 17 | ov_017 | 1.462525428840012 × 10^300 |
| 16 | ov_016 | 1.943621908239772 × 10^300 |
| 15 | ov_015 | 2.5352186767319845 × 10^300 |
| 14 | ov_014 | 3.253112067753215 × 10^300 |
| 13 | ov_013 | 4.1141806192685285 × 10^300 |
| 12 | ov_012 | 5.1364009521671486 × 10^300 |
| 11 | ov_011 | 6.338868367279013 × 10^300 |
| 10 | ov_010 | 7.741823064492161 × 10^300 |
| 9 | ov_009 | 9.366682960148583 × 10^300 |
| 8 | ov_008 | 1.1236084152132652 × 10^301 |
| 7 | ov_007 | 1.3373930156045856 × 10^301 |
| 6 | ov_006 | 1.58054511108364 × 10^301 |
| 5 | ov_005 | 1.855727422852684 × 10^301 |
| 4 | ov_004 | 2.1657506840619813 × 10^301 |
| 3 | ov_003 | 2.5135833379182524 × 10^301 |
| 2 | ov_002 | 2.902362752400715 × 10^301 |
| 1 | ov_001 | 3.3354080832984826 × 10^301 |

