# Results for F001-F002-F003-F004-F005-F006-F007-F008-F009-F010-F011-F012-F013-F014-F015-F016-F017-F018-F019-F020-F021-F022-F023-F024-F025-F026-F027-F028-F029-F030-F031-F032-F033-F034-F035-F036-F037-F038-F039-F040-F041-F042-F043-F044-F045-F046-F047-F048-F049-F050-F051-F052-F053-F054-F055-F056-F057-F058-F059-F060-F061-F062-F063-F064-F065-F066-F067-F068-F069-F070-F071-F072-F073-F074-F075-F076-F077-F078-F079-F080-F081-F082-F083-F084-F085-F086-F087-F088-F089-F090-F091-F092-F093-F094-F095-F096-F097-F098-F099-F100-F101-F102-F103-F104-F105-F106-F107-F108-F109-F110-F111-F112-F113-F114-F115-F116-F117-F118-F119-F120-F121-F122-F123-F124-F125-F126-F127-F128-F129-F130-F131-F132-F133-F134-F135-F136-F137-F138-F139-F140-F141-F142-F143-F144-F145-F146-F147-F148-F149-F150-F151-F152-F153-F154-F155-F156-F157-F158-F159-F160-F161-F162-F163-F164-F165-F166-F167-F168-F169-F170-F171-F172-F173-F174-F175-F176-F177-F178-F179-F180-F181-F182-F183-F184-F185-F186-F187-F188-F189-F190-F191-F192-F193-F194-F195-F196-F197-F198-F199-F200-F201-F202-F203-F204-F205-F206-F207-F208-F209-F210-F211-F212-F213-F214-F215-F216-F217-F218-F219-F220-F221-F222-F223-F224-F225-F226-F227-F228-F229-F230-F231-F232-F233-F234-F235-F236-F237-F238-F239-F240-F241-F242-F243-F244-F245-F246-F247-F248-F249-F250-F251-F252-F253-F254-F255-F256-F257-F258-F259-F260-F261-F262-F263-F264-F265-F266-F267-F268-F269-F270-F271-F272-F273-F274-F275-F276-F277-F278-F279-F280-F281-F282-F283-F284-F285-F286-F287-F288-F289-F290-F291-F292-F293-F294-F295-F296-F297-F298-F299-F300-F301-F302-F303-F304-F305-F306-F307-F308-F309-F310-F311-F312-F313-F314-F315-F316-F317-F318-F319-F320-F321-F322-F323-F324-F325-F326-F327-F328-F329-F330-F331-F332-F333-F334-F335-F336-F337-F338-F339-F340-F341-F342-F343-F344-F345-F346-F347-F348-F349-F350-F351-F352-F353-F354-F355-F356-F357-F358-F359-F360-F361-F362-F363-F364-F365-F366-F367-F368-F369-F370-F371-F372-F373-F374-F375-F376-F377-F378-F379-F380-F381-F382-F383-F384-F385-F386-F387-F388-F389-F390-F391-F392-F393-F394-F395-F396-F397-F398-F399-F400-F401-F402-F403-F404-F405-F406-F407-F408-F409-F410-F411-F412-F413-F414-F415-F416-F417-F418-F419-F420-F421-F422-F423-F424-F425-F426-F427-F428-F429-F430-F431-F432-F433-F434-F435-F436-F437-F438-F439-F440-F441-F442-F443-F444-F445-F446-F447-F448-F449-F450-F451-F452-F453-F454-F455-F456-F457-F458-F459-F460-F461-F462-F463-F464-F465-F466-F467-F468-F469-F470-F471-F472-F473-F474-F475-F476-F477-F478-F479-F480-F481-F482-F483-F484-F485-F486-F487-F488-F489-F490-F491-F492-F493-F494-F495-F496-O501505-F509-F510-F512

## Summary

Number of input bits: 512  
Number of free input bits: 12  
Number of output bits: 160

Number of direct occurrences: 49053  
Number of assignments: 31634  
Number of operations: 11317859
(xor: 11289398,
and: 15005,
or: 13456)

Total complexity: 1.7599696057911754 × 10^302

Least occurring input variable: iv_502 (3873)  
Most occurring input variable: iv_511 (4335)

Most co-occurring input variables: iv_500-iv_511 (2097)  
Least co-occurring input variables: iv_498-iv_502 (1754)

Potentially most occurring input variable: iv_508/iv_511 (4516)  
Potentially least occurring input variable: iv_504/iv_506 (4114)

Least output occurring input variable: iv_502 (72)  
Most output occurring input variable: iv_508 (92)

Most output co-occurring input variables: iv_503-iv_508 (52)  
Least output co-occurring input variables: iv_501-iv_502 (31)

Potentially most output occurring input variable: iv_497/iv_500 (92)  
Potentially least output occurring input variable: iv_497/iv_511 (68)

Least complex input bit: iv_511 (2.538707976591421 × 10^298)  
Most complex input bit: iv_501 (4.310587941933663 × 10^301)

Least complex output bit: aaa_76_29 (7.063451491605386 × 10^276)  
Most complex output bit: ov_001 (2.751438826529457 × 10^301)

Least complex input/output complexity: iv_511/aaa_76_29 (1.0188835412270638 × 10^273)  
Most complex input/output complexity: iv_501/ov_001 (6.738934007484912 × 10^300)

## Input Bits

### Input Bits in Regular Order

| Input Bit | Complexity | Occurrences | Output Occurrences |
|:---------:|:----------:|:-----------:|:------------------:|
| iv_497 | 6.171613864556371 × 10^299 | 4084 | 81 |
| iv_498 | 1.2356581142140735 × 10^300 | 3988 | 90 |
| iv_499 | 2.184266223241708 × 10^300 | 3975 | 80 |
| iv_500 | 3.6834493662364926 × 10^300 | 4144 | 77 |
| iv_501 | 4.310587941933663 × 10^301 | 4145 | 78 |
| iv_502 | 9.834616873161833 × 10^300 | 3873 | 72 |
| iv_503 | 1.5597162797482923 × 10^301 | 4116 | 82 |
| iv_504 | 2.4248284617405858 × 10^301 | 3961 | 78 |
| iv_506 | 1.853724323030191 × 10^301 | 3993 | 79 |
| iv_507 | 2.6369041590686986 × 10^301 | 4194 | 80 |
| iv_508 | 3.0558809880827903 × 10^301 | 4245 | 92 |
| iv_511 | 2.538707976591421 × 10^298 | 4335 | 79 |

### Input Bits Sorted by Complexity

| Input Bit | Complexity | Occurrences | Output Occurrences |
|:---------:|:----------:|:-----------:|:------------------:|
| iv_511 | 2.538707976591421 × 10^298 | 4335 | 79 |
| iv_497 | 6.171613864556371 × 10^299 | 4084 | 81 |
| iv_498 | 1.2356581142140735 × 10^300 | 3988 | 90 |
| iv_499 | 2.184266223241708 × 10^300 | 3975 | 80 |
| iv_500 | 3.6834493662364926 × 10^300 | 4144 | 77 |
| iv_502 | 9.834616873161833 × 10^300 | 3873 | 72 |
| iv_503 | 1.5597162797482923 × 10^301 | 4116 | 82 |
| iv_506 | 1.853724323030191 × 10^301 | 3993 | 79 |
| iv_504 | 2.4248284617405858 × 10^301 | 3961 | 78 |
| iv_507 | 2.6369041590686986 × 10^301 | 4194 | 80 |
| iv_508 | 3.0558809880827903 × 10^301 | 4245 | 92 |
| iv_501 | 4.310587941933663 × 10^301 | 4145 | 78 |

### Input Bits Sorted by Occurrences

| Input Bit | Complexity | Occurrences | Output Occurrences |
|:---------:|:----------:|:-----------:|:------------------:|
| iv_502 | 9.834616873161833 × 10^300 | 3873 | 72 |
| iv_504 | 2.4248284617405858 × 10^301 | 3961 | 78 |
| iv_499 | 2.184266223241708 × 10^300 | 3975 | 80 |
| iv_498 | 1.2356581142140735 × 10^300 | 3988 | 90 |
| iv_506 | 1.853724323030191 × 10^301 | 3993 | 79 |
| iv_497 | 6.171613864556371 × 10^299 | 4084 | 81 |
| iv_503 | 1.5597162797482923 × 10^301 | 4116 | 82 |
| iv_500 | 3.6834493662364926 × 10^300 | 4144 | 77 |
| iv_501 | 4.310587941933663 × 10^301 | 4145 | 78 |
| iv_507 | 2.6369041590686986 × 10^301 | 4194 | 80 |
| iv_508 | 3.0558809880827903 × 10^301 | 4245 | 92 |
| iv_511 | 2.538707976591421 × 10^298 | 4335 | 79 |

### Input Bits Sorted by Output Occurrences

| Input Bit | Complexity | Occurrences | Output Occurrences |
|:---------:|:----------:|:-----------:|:------------------:|
| iv_502 | 9.834616873161833 × 10^300 | 3873 | 72 |
| iv_500 | 3.6834493662364926 × 10^300 | 4144 | 77 |
| iv_501 | 4.310587941933663 × 10^301 | 4145 | 78 |
| iv_504 | 2.4248284617405858 × 10^301 | 3961 | 78 |
| iv_506 | 1.853724323030191 × 10^301 | 3993 | 79 |
| iv_511 | 2.538707976591421 × 10^298 | 4335 | 79 |
| iv_507 | 2.6369041590686986 × 10^301 | 4194 | 80 |
| iv_499 | 2.184266223241708 × 10^300 | 3975 | 80 |
| iv_497 | 6.171613864556371 × 10^299 | 4084 | 81 |
| iv_503 | 1.5597162797482923 × 10^301 | 4116 | 82 |
| iv_498 | 1.2356581142140735 × 10^300 | 3988 | 90 |
| iv_508 | 3.0558809880827903 × 10^301 | 4245 | 92 |

## Input Bit Co-occurrences

### Input Bit Co-occurrences Sorted by Co-occurrences

| Input Bits | Co-occurrences | Potential Occurrences | Output Co-occurrences | Potential Output Occurrences |
|:----------:|:--------------:|:---------------------:|:---------------------:|:----------------------------:|
| iv_500-iv_511 | 2097 | 4285 | 35 | 86 |
| iv_507-iv_511 | 2045 | 4439 | 43 | 73 |
| iv_508-iv_511 | 2032 | 4516 | 47 | 77 |
| iv_507-iv_508 | 2030 | 4379 | 42 | 88 |
| iv_500-iv_508 | 2018 | 4353 | 42 | 85 |
| iv_500-iv_503 | 2016 | 4228 | 43 | 73 |
| iv_501-iv_511 | 2011 | 4458 | 39 | 79 |
| iv_503-iv_511 | 2011 | 4429 | 36 | 89 |
| iv_503-iv_508 | 2001 | 4359 | 52 | 70 |
| iv_500-iv_507 | 1997 | 4344 | 38 | 81 |
| iv_506-iv_507 | 1992 | 4203 | 39 | 81 |
| iv_499-iv_508 | 1992 | 4236 | 50 | 72 |

### Input Bit Co-occurrences Sorted by Potential Occurrences

| Input Bits | Co-occurrences | Potential Occurrences | Output Co-occurrences | Potential Output Occurrences |
|:----------:|:--------------:|:---------------------:|:---------------------:|:----------------------------:|
| iv_504-iv_506 | 1920 | 4114 | 43 | 71 |
| iv_499-iv_504 | 1874 | 4188 | 37 | 84 |
| iv_506-iv_507 | 1992 | 4203 | 39 | 81 |
| iv_498-iv_506 | 1887 | 4207 | 41 | 87 |
| iv_498-iv_504 | 1865 | 4219 | 44 | 80 |
| iv_500-iv_503 | 2016 | 4228 | 43 | 73 |
| iv_498-iv_499 | 1867 | 4229 | 51 | 68 |
| iv_502-iv_504 | 1801 | 4232 | 40 | 70 |
| iv_499-iv_508 | 1992 | 4236 | 50 | 72 |
| iv_499-iv_503 | 1926 | 4239 | 44 | 74 |
| iv_500-iv_506 | 1949 | 4239 | 37 | 82 |
| iv_502-iv_506 | 1810 | 4246 | 39 | 73 |

### Input Bit Output Co-occurrences Sorted by Output Co-occurrences

| Input Bits | Co-occurrences | Potential Occurrences | Output Co-occurrences | Potential Output Occurrences |
|:----------:|:--------------:|:---------------------:|:---------------------:|:----------------------------:|
| iv_503-iv_508 | 2001 | 4359 | 52 | 70 |
| iv_498-iv_499 | 1867 | 4229 | 51 | 68 |
| iv_498-iv_508 | 1899 | 4435 | 51 | 80 |
| iv_499-iv_508 | 1992 | 4236 | 50 | 72 |
| iv_504-iv_508 | 1964 | 4278 | 48 | 74 |
| iv_508-iv_511 | 2032 | 4516 | 47 | 77 |
| iv_501-iv_508 | 1949 | 4492 | 47 | 76 |
| iv_503-iv_506 | 1852 | 4405 | 46 | 69 |
| iv_497-iv_511 | 1991 | 4437 | 46 | 68 |
| iv_506-iv_508 | 1913 | 4412 | 46 | 79 |
| iv_497-iv_498 | 1875 | 4322 | 45 | 81 |
| iv_499-iv_503 | 1926 | 4239 | 44 | 74 |

### Input Bit Output Co-occurrences Sorted by Potential Output Occurrences

| Input Bits | Co-occurrences | Potential Occurrences | Output Co-occurrences | Potential Output Occurrences |
|:----------:|:--------------:|:---------------------:|:---------------------:|:----------------------------:|
| iv_497-iv_511 | 1991 | 4437 | 46 | 68 |
| iv_498-iv_499 | 1867 | 4229 | 51 | 68 |
| iv_503-iv_506 | 1852 | 4405 | 46 | 69 |
| iv_502-iv_504 | 1801 | 4232 | 40 | 70 |
| iv_503-iv_508 | 2001 | 4359 | 52 | 70 |
| iv_504-iv_506 | 1920 | 4114 | 43 | 71 |
| iv_499-iv_508 | 1992 | 4236 | 50 | 72 |
| iv_500-iv_503 | 2016 | 4228 | 43 | 73 |
| iv_502-iv_506 | 1810 | 4246 | 39 | 73 |
| iv_502-iv_511 | 1918 | 4372 | 39 | 73 |
| iv_507-iv_511 | 2045 | 4439 | 43 | 73 |
| iv_502-iv_507 | 1880 | 4307 | 39 | 74 |

## Output Bits

### Output Bits in Regular Order

| Rank | Output Bit | Complexity |
|:----:|:----------:|:----------:|
| 1 | ov_001 | 2.751438826529457 × 10^301 |
| 2 | ov_002 | 2.3942243294270473 × 10^301 |
| 3 | ov_003 | 2.073520356128698 × 10^301 |
| 4 | ov_004 | 1.7865899183586516 × 10^301 |
| 5 | ov_005 | 1.5308460109454942 × 10^301 |
| 6 | ov_006 | 1.3038409322584793 × 10^301 |
| 7 | ov_007 | 1.103256964230056 × 10^301 |
| 8 | ov_008 | 9.268983245609536 × 10^300 |
| 9 | ov_009 | 7.726842938652538 × 10^300 |
| 10 | ov_010 | 6.386434027370262 × 10^300 |
| 11 | ov_011 | 5.2290856244734644 × 10^300 |
| 12 | ov_012 | 4.237130296651295 × 10^300 |
| 13 | ov_013 | 3.3938710214235564 × 10^300 |
| 14 | ov_014 | 2.6835544874437787 × 10^300 |
| 15 | ov_015 | 2.0913498356438845 × 10^300 |
| 16 | ov_016 | 1.6033320015852454 × 10^300 |
| 17 | ov_017 | 1.2064688819110364 × 10^300 |
| 18 | ov_018 | 8.886116100098979 × 10^299 |
| 19 | ov_019 | 6.384872880001638 × 10^299 |
| 20 | ov_020 | 4.456936132218331 × 10^299 |
| 21 | ov_021 | 3.0069498299875027 × 10^299 |
| 22 | ov_022 | 1.948197738795548 × 10^299 |
| 23 | ov_023 | 1.2025851246638525 × 10^299 |
| 24 | ov_024 | 7.00626857765496 × 10^298 |
| 25 | ov_025 | 3.814401293694905 × 10^298 |
| 26 | ov_026 | 1.9274045993752965 × 10^298 |
| 27 | ov_027 | 9.08398196169969 × 10^297 |
| 28 | ov_028 | 4.0645886604121655 × 10^297 |
| 29 | ov_029 | 1.5661808243819938 × 10^297 |
| 30 | ov_030 | 4.788013081877761 × 10^296 |
| 31 | ov_031 | 9.339396603372959 × 10^295 |
| 32 | lv_80_m31 | 1.821429499817205 × 10^295 |
| 33 | ov_033 | 2.193177070745463 × 10^296 |
| 34 | ov_034 | 1.904487331430487 × 10^296 |
| 35 | ov_035 | 1.6459748822536026 × 10^296 |
| 36 | ov_036 | 1.4151918835619763 × 10^296 |
| 37 | ov_037 | 1.2098240231981375 × 10^296 |
| 38 | ov_038 | 1.0276810732041241 × 10^296 |
| 39 | ov_039 | 8.666886907295917 × 10^295 |
| 40 | ov_040 | 7.248813483597477 × 10^295 |
| 41 | ov_041 | 6.003962848061845 × 10^295 |
| 42 | ov_042 | 4.923271152459528 × 10^295 |
| 43 | ov_043 | 3.9981509696894475 × 10^295 |
| 44 | ov_044 | 3.212781567475108 × 10^295 |
| 45 | ov_045 | 2.552210083668098 × 10^295 |
| 46 | ov_046 | 2.0023276401782603 × 10^295 |
| 47 | ov_047 | 1.5498502774540706 × 10^295 |
| 48 | ov_048 | 1.182304001021968 × 10^295 |
| 49 | ov_049 | 8.880132846031734 × 10^294 |
| 50 | ov_050 | 6.560924271289368 × 10^294 |
| 51 | ov_051 | 4.7643921361718336 × 10^294 |
| 52 | ov_052 | 3.3973038239620325 × 10^294 |
| 53 | ov_053 | 2.3741847486816514 × 10^294 |
| 54 | ov_054 | 1.6172973892201246 × 10^294 |
| 55 | ov_055 | 1.0566280943594214 × 10^294 |
| 56 | ov_056 | 6.590997573743708 × 10^293 |
| 57 | ov_057 | 3.954917262830147 × 10^293 |
| 58 | ov_058 | 2.1892604322997246 × 10^293 |
| 59 | ov_059 | 1.0789065608499552 × 10^293 |
| 60 | ov_060 | 4.47269591379937 × 10^292 |
| 61 | ov_061 | 1.5629645553023986 × 10^292 |
| 62 | ov_062 | 4.2892414220959357 × 10^291 |
| 63 | ov_063 | 8.363579183343457 × 10^290 |
| 64 | lv_79_m31 | 1.6304481965441735 × 10^290 |
| 65 | ov_065 | 1.95282775745273 × 10^291 |
| 66 | ov_066 | 1.9528226032689254 × 10^291 |
| 67 | ov_067 | 1.9528213735261977 × 10^291 |
| 68 | ov_068 | 1.6941870913532964 × 10^291 |
| 69 | ov_069 | 1.462304694352867 × 10^291 |
| 70 | ov_070 | 1.2552095048159928 × 10^291 |
| 71 | ov_071 | 1.0710308652138762 × 10^291 |
| 72 | ov_072 | 9.079860455195648 × 10^290 |
| 73 | ov_073 | 7.643753514817158 × 10^290 |
| 74 | ov_074 | 6.385782607218576 × 10^290 |
| 75 | ov_075 | 5.290504227145945 × 10^290 |
| 76 | ov_076 | 4.343213675417317 × 10^290 |
| 77 | ov_077 | 3.52992776849083 × 10^290 |
| 78 | ov_078 | 2.8373717873352323 × 10^290 |
| 79 | ov_079 | 2.252969363950481 × 10^290 |
| 80 | ov_080 | 1.764834211881241 × 10^290 |
| 81 | ov_081 | 1.3617630611942266 × 10^290 |
| 82 | ov_082 | 1.0332295829818191 × 10^290 |
| 83 | ov_083 | 7.69379227000398 × 10^289 |
| 84 | ov_084 | 5.610248963889493 × 10^289 |
| 85 | ov_085 | 3.9964338364323247 × 10^289 |
| 86 | ov_086 | 2.773724921709246 × 10^289 |
| 87 | ov_087 | 1.8700876784772081 × 10^289 |
| 88 | ov_088 | 1.2200576505201947 × 10^289 |
| 89 | ov_089 | 7.647277168922442 × 10^288 |
| 90 | ov_090 | 4.517391773444479 × 10^288 |
| 91 | ov_091 | 2.5654888872106715 × 10^288 |
| 92 | ov_092 | 1.3987982242558505 × 10^288 |
| 93 | ov_093 | 6.899215454977447 × 10^287 |
| 94 | ov_094 | 2.9150119369695044 × 10^287 |
| 95 | aaa_78_28 | 8.885990438801157 × 10^286 |
| 96 | aaa_78_29 | 2.6739355612723127 × 10^286 |
| 97 | ov_097 | 1.376211571629813 × 10^286 |
| 98 | ov_098 | 1.3761990850042984 × 10^286 |
| 99 | ov_099 | 1.376195094962788 × 10^286 |
| 100 | ov_100 | 1.1419410640348777 × 10^286 |
| 101 | ov_101 | 9.399696110705467 × 10^285 |
| 102 | ov_102 | 7.671942579804205 × 10^285 |
| 103 | ov_103 | 6.206986961153446 × 10^285 |
| 104 | ov_104 | 4.977244232720856 × 10^285 |
| 105 | ov_105 | 3.956599688509134 × 10^285 |
| 106 | ov_106 | 3.120315633414317 × 10^285 |
| 107 | ov_107 | 2.4449511581070682 × 10^285 |
| 108 | ov_108 | 1.9082937028704477 × 10^285 |
| 109 | ov_109 | 1.4893011892633977 × 10^285 |
| 110 | ov_110 | 1.1680535666128684 × 10^285 |
| 111 | ov_111 | 9.257126870611139 × 10^284 |
| 112 | ov_112 | 7.444894885402117 × 10^284 |
| 113 | ov_113 | 6.076175298889239 × 10^284 |
| 114 | ov_114 | 4.9933198659214 × 10^284 |
| 115 | ov_115 | 4.0485327948758426 × 10^284 |
| 116 | ov_116 | 3.2321799970448696 × 10^284 |
| 117 | ov_117 | 2.5346954148825155 × 10^284 |
| 118 | ov_118 | 1.9465614525215843 × 10^284 |
| 119 | ov_119 | 1.4582939943538727 × 10^284 |
| 120 | ov_120 | 1.0604308595853035 × 10^284 |
| 121 | ov_121 | 7.435235807453506 × 10^283 |
| 122 | ov_122 | 4.981321111791979 × 10^283 |
| 123 | ov_123 | 3.1482134257715513 × 10^283 |
| 124 | ov_124 | 1.841587545902477 × 10^283 |
| 125 | ov_125 | 9.671295783042944 × 10^282 |
| 126 | ov_126 | 4.3052950138949094 × 10^282 |
| 127 | aaa_77_28 | 1.3747830876934196 × 10^282 |
| 128 | aaa_77_29 | 5.1540444249412604 × 10^281 |
| 129 | ov_129 | 4.79234693330909 × 10^281 |
| 130 | ov_130 | 4.7923331698580356 × 10^281 |
| 131 | ov_131 | 4.7923298401626234 × 10^281 |
| 132 | ov_132 | 4.159049684983191 × 10^281 |
| 133 | ov_133 | 3.5915152231279 × 10^281 |
| 134 | ov_134 | 3.0847669515689158 × 10^281 |
| 135 | ov_135 | 2.6341127022569798 × 10^281 |
| 136 | ov_136 | 2.2351085512025244 × 10^281 |
| 137 | ov_137 | 1.883542327155602 × 10^281 |
| 138 | ov_138 | 1.5754194751462519 × 10^281 |
| 139 | ov_139 | 1.306951042731338 × 10^281 |
| 140 | ov_140 | 1.0745435689933652 × 10^281 |
| 141 | ov_141 | 8.747906682345415 × 10^280 |
| 142 | ov_142 | 7.044661119758206 × 10^280 |
| 143 | ov_143 | 5.605182243645698 × 10^280 |
| 144 | ov_144 | 4.400654174636038 × 10^280 |
| 145 | ov_145 | 3.4039270417624323 × 10^280 |
| 146 | ov_146 | 2.5894903778525384 × 10^280 |
| 147 | ov_147 | 1.9334533826837602 × 10^280 |
| 148 | ov_148 | 1.413530767134994 × 10^280 |
| 149 | ov_149 | 1.0090330030138797 × 10^280 |
| 150 | ov_150 | 7.008599145887894 × 10^279 |
| 151 | ov_151 | 4.7149665914125794 × 10^279 |
| 152 | ov_152 | 3.050112937871056 × 10^279 |
| 153 | ov_153 | 1.870533461465867 × 10^279 |
| 154 | ov_154 | 1.0485300591221493 × 10^279 |
| 155 | ov_155 | 5.242045972426931 × 10^278 |
| 156 | aaa_76_25 | 2.014606839477654 × 10^278 |
| 157 | aaa_76_26 | 1.163771365712199 × 10^278 |
| 158 | aaa_76_27 | 5.959460770629735 × 10^277 |
| 159 | aaa_76_28 | 2.321447412509243 × 10^277 |
| 160 | aaa_76_29 | 7.063451491605386 × 10^276 |

### Output Bits Sorted by Complexity

| Rank | Output Bit | Complexity |
|:----:|:----------:|:----------:|
| 160 | aaa_76_29 | 7.063451491605386 × 10^276 |
| 159 | aaa_76_28 | 2.321447412509243 × 10^277 |
| 158 | aaa_76_27 | 5.959460770629735 × 10^277 |
| 157 | aaa_76_26 | 1.163771365712199 × 10^278 |
| 156 | aaa_76_25 | 2.014606839477654 × 10^278 |
| 155 | ov_155 | 5.242045972426931 × 10^278 |
| 154 | ov_154 | 1.0485300591221493 × 10^279 |
| 153 | ov_153 | 1.870533461465867 × 10^279 |
| 152 | ov_152 | 3.050112937871056 × 10^279 |
| 151 | ov_151 | 4.7149665914125794 × 10^279 |
| 150 | ov_150 | 7.008599145887894 × 10^279 |
| 149 | ov_149 | 1.0090330030138797 × 10^280 |
| 148 | ov_148 | 1.413530767134994 × 10^280 |
| 147 | ov_147 | 1.9334533826837602 × 10^280 |
| 146 | ov_146 | 2.5894903778525384 × 10^280 |
| 145 | ov_145 | 3.4039270417624323 × 10^280 |
| 144 | ov_144 | 4.400654174636038 × 10^280 |
| 143 | ov_143 | 5.605182243645698 × 10^280 |
| 142 | ov_142 | 7.044661119758206 × 10^280 |
| 141 | ov_141 | 8.747906682345415 × 10^280 |
| 140 | ov_140 | 1.0745435689933652 × 10^281 |
| 139 | ov_139 | 1.306951042731338 × 10^281 |
| 138 | ov_138 | 1.5754194751462519 × 10^281 |
| 137 | ov_137 | 1.883542327155602 × 10^281 |
| 136 | ov_136 | 2.2351085512025244 × 10^281 |
| 135 | ov_135 | 2.6341127022569798 × 10^281 |
| 134 | ov_134 | 3.0847669515689158 × 10^281 |
| 133 | ov_133 | 3.5915152231279 × 10^281 |
| 132 | ov_132 | 4.159049684983191 × 10^281 |
| 131 | ov_131 | 4.7923298401626234 × 10^281 |
| 130 | ov_130 | 4.7923331698580356 × 10^281 |
| 129 | ov_129 | 4.79234693330909 × 10^281 |
| 128 | aaa_77_29 | 5.1540444249412604 × 10^281 |
| 127 | aaa_77_28 | 1.3747830876934196 × 10^282 |
| 126 | ov_126 | 4.3052950138949094 × 10^282 |
| 125 | ov_125 | 9.671295783042944 × 10^282 |
| 124 | ov_124 | 1.841587545902477 × 10^283 |
| 123 | ov_123 | 3.1482134257715513 × 10^283 |
| 122 | ov_122 | 4.981321111791979 × 10^283 |
| 121 | ov_121 | 7.435235807453506 × 10^283 |
| 120 | ov_120 | 1.0604308595853035 × 10^284 |
| 119 | ov_119 | 1.4582939943538727 × 10^284 |
| 118 | ov_118 | 1.9465614525215843 × 10^284 |
| 117 | ov_117 | 2.5346954148825155 × 10^284 |
| 116 | ov_116 | 3.2321799970448696 × 10^284 |
| 115 | ov_115 | 4.0485327948758426 × 10^284 |
| 114 | ov_114 | 4.9933198659214 × 10^284 |
| 113 | ov_113 | 6.076175298889239 × 10^284 |
| 112 | ov_112 | 7.444894885402117 × 10^284 |
| 111 | ov_111 | 9.257126870611139 × 10^284 |
| 110 | ov_110 | 1.1680535666128684 × 10^285 |
| 109 | ov_109 | 1.4893011892633977 × 10^285 |
| 108 | ov_108 | 1.9082937028704477 × 10^285 |
| 107 | ov_107 | 2.4449511581070682 × 10^285 |
| 106 | ov_106 | 3.120315633414317 × 10^285 |
| 105 | ov_105 | 3.956599688509134 × 10^285 |
| 104 | ov_104 | 4.977244232720856 × 10^285 |
| 103 | ov_103 | 6.206986961153446 × 10^285 |
| 102 | ov_102 | 7.671942579804205 × 10^285 |
| 101 | ov_101 | 9.399696110705467 × 10^285 |
| 100 | ov_100 | 1.1419410640348777 × 10^286 |
| 99 | ov_099 | 1.376195094962788 × 10^286 |
| 98 | ov_098 | 1.3761990850042984 × 10^286 |
| 97 | ov_097 | 1.376211571629813 × 10^286 |
| 96 | aaa_78_29 | 2.6739355612723127 × 10^286 |
| 95 | aaa_78_28 | 8.885990438801157 × 10^286 |
| 94 | ov_094 | 2.9150119369695044 × 10^287 |
| 93 | ov_093 | 6.899215454977447 × 10^287 |
| 92 | ov_092 | 1.3987982242558505 × 10^288 |
| 91 | ov_091 | 2.5654888872106715 × 10^288 |
| 90 | ov_090 | 4.517391773444479 × 10^288 |
| 89 | ov_089 | 7.647277168922442 × 10^288 |
| 88 | ov_088 | 1.2200576505201947 × 10^289 |
| 87 | ov_087 | 1.8700876784772081 × 10^289 |
| 86 | ov_086 | 2.773724921709246 × 10^289 |
| 85 | ov_085 | 3.9964338364323247 × 10^289 |
| 84 | ov_084 | 5.610248963889493 × 10^289 |
| 83 | ov_083 | 7.69379227000398 × 10^289 |
| 82 | ov_082 | 1.0332295829818191 × 10^290 |
| 81 | ov_081 | 1.3617630611942266 × 10^290 |
| 64 | lv_79_m31 | 1.6304481965441735 × 10^290 |
| 80 | ov_080 | 1.764834211881241 × 10^290 |
| 79 | ov_079 | 2.252969363950481 × 10^290 |
| 78 | ov_078 | 2.8373717873352323 × 10^290 |
| 77 | ov_077 | 3.52992776849083 × 10^290 |
| 76 | ov_076 | 4.343213675417317 × 10^290 |
| 75 | ov_075 | 5.290504227145945 × 10^290 |
| 74 | ov_074 | 6.385782607218576 × 10^290 |
| 73 | ov_073 | 7.643753514817158 × 10^290 |
| 63 | ov_063 | 8.363579183343457 × 10^290 |
| 72 | ov_072 | 9.079860455195648 × 10^290 |
| 71 | ov_071 | 1.0710308652138762 × 10^291 |
| 70 | ov_070 | 1.2552095048159928 × 10^291 |
| 69 | ov_069 | 1.462304694352867 × 10^291 |
| 68 | ov_068 | 1.6941870913532964 × 10^291 |
| 67 | ov_067 | 1.9528213735261977 × 10^291 |
| 66 | ov_066 | 1.9528226032689254 × 10^291 |
| 65 | ov_065 | 1.95282775745273 × 10^291 |
| 62 | ov_062 | 4.2892414220959357 × 10^291 |
| 61 | ov_061 | 1.5629645553023986 × 10^292 |
| 60 | ov_060 | 4.47269591379937 × 10^292 |
| 59 | ov_059 | 1.0789065608499552 × 10^293 |
| 58 | ov_058 | 2.1892604322997246 × 10^293 |
| 57 | ov_057 | 3.954917262830147 × 10^293 |
| 56 | ov_056 | 6.590997573743708 × 10^293 |
| 55 | ov_055 | 1.0566280943594214 × 10^294 |
| 54 | ov_054 | 1.6172973892201246 × 10^294 |
| 53 | ov_053 | 2.3741847486816514 × 10^294 |
| 52 | ov_052 | 3.3973038239620325 × 10^294 |
| 51 | ov_051 | 4.7643921361718336 × 10^294 |
| 50 | ov_050 | 6.560924271289368 × 10^294 |
| 49 | ov_049 | 8.880132846031734 × 10^294 |
| 48 | ov_048 | 1.182304001021968 × 10^295 |
| 47 | ov_047 | 1.5498502774540706 × 10^295 |
| 32 | lv_80_m31 | 1.821429499817205 × 10^295 |
| 46 | ov_046 | 2.0023276401782603 × 10^295 |
| 45 | ov_045 | 2.552210083668098 × 10^295 |
| 44 | ov_044 | 3.212781567475108 × 10^295 |
| 43 | ov_043 | 3.9981509696894475 × 10^295 |
| 42 | ov_042 | 4.923271152459528 × 10^295 |
| 41 | ov_041 | 6.003962848061845 × 10^295 |
| 40 | ov_040 | 7.248813483597477 × 10^295 |
| 39 | ov_039 | 8.666886907295917 × 10^295 |
| 31 | ov_031 | 9.339396603372959 × 10^295 |
| 38 | ov_038 | 1.0276810732041241 × 10^296 |
| 37 | ov_037 | 1.2098240231981375 × 10^296 |
| 36 | ov_036 | 1.4151918835619763 × 10^296 |
| 35 | ov_035 | 1.6459748822536026 × 10^296 |
| 34 | ov_034 | 1.904487331430487 × 10^296 |
| 33 | ov_033 | 2.193177070745463 × 10^296 |
| 30 | ov_030 | 4.788013081877761 × 10^296 |
| 29 | ov_029 | 1.5661808243819938 × 10^297 |
| 28 | ov_028 | 4.0645886604121655 × 10^297 |
| 27 | ov_027 | 9.08398196169969 × 10^297 |
| 26 | ov_026 | 1.9274045993752965 × 10^298 |
| 25 | ov_025 | 3.814401293694905 × 10^298 |
| 24 | ov_024 | 7.00626857765496 × 10^298 |
| 23 | ov_023 | 1.2025851246638525 × 10^299 |
| 22 | ov_022 | 1.948197738795548 × 10^299 |
| 21 | ov_021 | 3.0069498299875027 × 10^299 |
| 20 | ov_020 | 4.456936132218331 × 10^299 |
| 19 | ov_019 | 6.384872880001638 × 10^299 |
| 18 | ov_018 | 8.886116100098979 × 10^299 |
| 17 | ov_017 | 1.2064688819110364 × 10^300 |
| 16 | ov_016 | 1.6033320015852454 × 10^300 |
| 15 | ov_015 | 2.0913498356438845 × 10^300 |
| 14 | ov_014 | 2.6835544874437787 × 10^300 |
| 13 | ov_013 | 3.3938710214235564 × 10^300 |
| 12 | ov_012 | 4.237130296651295 × 10^300 |
| 11 | ov_011 | 5.2290856244734644 × 10^300 |
| 10 | ov_010 | 6.386434027370262 × 10^300 |
| 9 | ov_009 | 7.726842938652538 × 10^300 |
| 8 | ov_008 | 9.268983245609536 × 10^300 |
| 7 | ov_007 | 1.103256964230056 × 10^301 |
| 6 | ov_006 | 1.3038409322584793 × 10^301 |
| 5 | ov_005 | 1.5308460109454942 × 10^301 |
| 4 | ov_004 | 1.7865899183586516 × 10^301 |
| 3 | ov_003 | 2.073520356128698 × 10^301 |
| 2 | ov_002 | 2.3942243294270473 × 10^301 |
| 1 | ov_001 | 2.751438826529457 × 10^301 |

