# Results for F001-F002-F003-F004-F005-F006-F007-F008-F009-F010-F011-F012-F013-F014-F015-F016-F017-F018-F019-F020-F021-F022-F023-F024-F025-F026-F027-F028-F029-F030-F031-F032-F033-F034-F035-F036-F037-F038-F039-F040-F041-F042-F043-F044-F045-F046-F047-F048-F049-F050-F051-F052-F053-F054-F055-F056-F057-F058-F059-F060-F061-F062-F063-F064-F065-F066-F067-F068-F069-F070-F071-F072-F073-F074-F075-F076-F077-F078-F079-F080-F081-F082-F083-F084-F085-F086-F087-F088-F089-F090-F091-F092-F093-F094-F095-F096-F097-F098-F099-F100-F101-F102-F103-F104-F105-F106-F107-F108-F109-F110-F111-F112-F113-F114-F115-F116-F117-F118-F119-F120-F121-F122-F123-F124-F125-F126-F127-F128-F129-F130-F131-F132-F133-F134-F135-F136-F137-F138-F139-F140-F141-F142-F143-F144-F145-F146-F147-F148-F149-F150-F151-F152-F153-F154-F155-F156-F157-F158-F159-F160-F161-F162-F163-F164-F165-F166-F167-F168-F169-F170-F171-F172-F173-F174-F175-F176-F177-F178-F179-F180-F181-F182-F183-F184-F185-F186-F187-F188-F189-F190-F191-F192-F193-F194-F195-F196-F197-F198-F199-F200-F201-F202-F203-F204-F205-F206-F207-F208-F209-F210-F211-F212-F213-F214-F215-F216-F217-F218-F219-F220-F221-F222-F223-F224-F225-F226-F227-F228-F229-F230-F231-F232-F233-F234-F235-F236-F237-F238-F239-F240-F241-F242-F243-F244-F245-F246-F247-F248-F249-F250-F251-F252-F253-F254-F255-F256-F257-F258-F259-F260-F261-F262-F263-F264-F265-F266-F267-F268-F269-F270-F271-F272-F273-F274-F275-F276-F277-F278-F279-F280-F281-F282-F283-F284-F285-F286-F287-F288-F289-F290-F291-F292-F293-F294-F295-F296-F297-F298-F299-F300-F301-F302-F303-F304-F305-F306-F307-F308-F309-F310-F311-F312-F313-F314-F315-F316-F317-F318-F319-F320-F321-F322-F323-F324-F325-F326-F327-F328-F329-F330-F331-F332-F333-F334-F335-F336-F337-F338-F339-F340-F341-F342-F343-F344-F345-F346-F347-F348-F349-F350-F351-F352-F353-F354-F355-F356-F357-F358-F359-F360-F361-F362-F363-F364-F365-F366-F367-F368-F369-F370-F371-F372-F373-F374-F375-F376-F377-F378-F379-F380-F381-F382-F383-F384-F385-F386-F387-F388-F389-F390-F391-F392-F393-F394-F395-F396-F397-F398-F399-F400-F401-F402-F403-F404-F405-F406-F407-F408-F409-F410-F411-F412-F413-F414-F415-F416-F417-F418-F419-F420-F421-F422-F423-F424-F425-F426-F427-F428-F429-F430-F431-F432-F433-F434-F435-F436-F437-F438-F439-F440-F441-F442-F443-F444-F445-F446-F447-F448-F449-F450-F451-F452-F453-F454-F455-F456-F457-F458-F459-F460-F461-F462-F463-F464-F465-F466-F467-F468-F469-F470-F471-F472-F473-F474-F475-F476-F477-F478-F479-F480-F481-F482-F483-F484-F485-F486-F487-F488-F489-F490-F491-F492-F493-F494-F495-F496-O497506-F509-F510-F512

## Summary

Number of input bits: 512  
Number of free input bits: 12  
Number of output bits: 160

Number of direct occurrences: 49083  
Number of assignments: 31591  
Number of operations: 11194531
(xor: 11166159,
and: 14936,
or: 13436)

Total complexity: 5.1122420862286264 × 10^300

Least occurring input variable: iv_502 (3898)  
Most occurring input variable: iv_511 (4313)

Most co-occurring input variables: iv_500-iv_511 (2084)  
Least co-occurring input variables: iv_498-iv_502 (1761)

Potentially most occurring input variable: iv_497/iv_508 (4639)  
Potentially least occurring input variable: iv_504/iv_505 (4031)

Least output occurring input variable: iv_505 (70)  
Most output occurring input variable: iv_498 (84)

Most output co-occurring input variables: iv_498-iv_501 (46)  
Least output co-occurring input variables: iv_503-iv_505 (29)

Potentially most output occurring input variable: iv_503/iv_505 (91)  
Potentially least output occurring input variable: iv_499/iv_505 (57)

Least complex input bit: iv_511 (7.3742692600309524 × 10^296)  
Most complex input bit: iv_505 (1.0753378861567297 × 10^300)

Least complex output bit: aaa_76_29 (3.664153323664854 × 10^275)  
Most complex output bit: ov_001 (7.99218390789449 × 10^299)

Least complex input/output complexity: iv_511/aaa_76_29 (5.2854408619516864 × 10^271)  
Most complex input/output complexity: iv_505/ov_001 (1.6811211214825738 × 10^299)

## Input Bits

### Input Bits in Regular Order

| Input Bit | Complexity | Occurrences | Output Occurrences |
|:---------:|:----------:|:-----------:|:------------------:|
| iv_497 | 5.563843437763132 × 10^299 | 4241 | 77 |
| iv_498 | 3.5892571069914457 × 10^298 | 3936 | 84 |
| iv_499 | 6.344710543432306 × 10^298 | 3953 | 77 |
| iv_500 | 1.0699437541764118 × 10^299 | 4131 | 76 |
| iv_501 | 1.7677289011079947 × 10^299 | 4106 | 83 |
| iv_502 | 2.856693781271826 × 10^299 | 3898 | 82 |
| iv_503 | 4.5305596083407855 × 10^299 | 4068 | 79 |
| iv_504 | 7.043479656242289 × 10^299 | 3942 | 78 |
| iv_505 | 1.0753378861567297 × 10^300 | 4097 | 70 |
| iv_507 | 7.659502968110617 × 10^299 | 4196 | 76 |
| iv_508 | 8.876518859403568 × 10^299 | 4202 | 79 |
| iv_511 | 7.3742692600309524 × 10^296 | 4313 | 78 |

### Input Bits Sorted by Complexity

| Input Bit | Complexity | Occurrences | Output Occurrences |
|:---------:|:----------:|:-----------:|:------------------:|
| iv_511 | 7.3742692600309524 × 10^296 | 4313 | 78 |
| iv_498 | 3.5892571069914457 × 10^298 | 3936 | 84 |
| iv_499 | 6.344710543432306 × 10^298 | 3953 | 77 |
| iv_500 | 1.0699437541764118 × 10^299 | 4131 | 76 |
| iv_501 | 1.7677289011079947 × 10^299 | 4106 | 83 |
| iv_502 | 2.856693781271826 × 10^299 | 3898 | 82 |
| iv_503 | 4.5305596083407855 × 10^299 | 4068 | 79 |
| iv_497 | 5.563843437763132 × 10^299 | 4241 | 77 |
| iv_504 | 7.043479656242289 × 10^299 | 3942 | 78 |
| iv_507 | 7.659502968110617 × 10^299 | 4196 | 76 |
| iv_508 | 8.876518859403568 × 10^299 | 4202 | 79 |
| iv_505 | 1.0753378861567297 × 10^300 | 4097 | 70 |

### Input Bits Sorted by Occurrences

| Input Bit | Complexity | Occurrences | Output Occurrences |
|:---------:|:----------:|:-----------:|:------------------:|
| iv_502 | 2.856693781271826 × 10^299 | 3898 | 82 |
| iv_498 | 3.5892571069914457 × 10^298 | 3936 | 84 |
| iv_504 | 7.043479656242289 × 10^299 | 3942 | 78 |
| iv_499 | 6.344710543432306 × 10^298 | 3953 | 77 |
| iv_503 | 4.5305596083407855 × 10^299 | 4068 | 79 |
| iv_505 | 1.0753378861567297 × 10^300 | 4097 | 70 |
| iv_501 | 1.7677289011079947 × 10^299 | 4106 | 83 |
| iv_500 | 1.0699437541764118 × 10^299 | 4131 | 76 |
| iv_507 | 7.659502968110617 × 10^299 | 4196 | 76 |
| iv_508 | 8.876518859403568 × 10^299 | 4202 | 79 |
| iv_497 | 5.563843437763132 × 10^299 | 4241 | 77 |
| iv_511 | 7.3742692600309524 × 10^296 | 4313 | 78 |

### Input Bits Sorted by Output Occurrences

| Input Bit | Complexity | Occurrences | Output Occurrences |
|:---------:|:----------:|:-----------:|:------------------:|
| iv_505 | 1.0753378861567297 × 10^300 | 4097 | 70 |
| iv_500 | 1.0699437541764118 × 10^299 | 4131 | 76 |
| iv_507 | 7.659502968110617 × 10^299 | 4196 | 76 |
| iv_497 | 5.563843437763132 × 10^299 | 4241 | 77 |
| iv_499 | 6.344710543432306 × 10^298 | 3953 | 77 |
| iv_504 | 7.043479656242289 × 10^299 | 3942 | 78 |
| iv_511 | 7.3742692600309524 × 10^296 | 4313 | 78 |
| iv_503 | 4.5305596083407855 × 10^299 | 4068 | 79 |
| iv_508 | 8.876518859403568 × 10^299 | 4202 | 79 |
| iv_502 | 2.856693781271826 × 10^299 | 3898 | 82 |
| iv_501 | 1.7677289011079947 × 10^299 | 4106 | 83 |
| iv_498 | 3.5892571069914457 × 10^298 | 3936 | 84 |

## Input Bit Co-occurrences

### Input Bit Co-occurrences Sorted by Co-occurrences

| Input Bits | Co-occurrences | Potential Occurrences | Output Co-occurrences | Potential Output Occurrences |
|:----------:|:--------------:|:---------------------:|:---------------------:|:----------------------------:|
| iv_500-iv_511 | 2084 | 4276 | 37 | 80 |
| iv_507-iv_508 | 2052 | 4294 | 43 | 69 |
| iv_505-iv_507 | 2042 | 4209 | 29 | 88 |
| iv_501-iv_511 | 2037 | 4345 | 39 | 83 |
| iv_501-iv_505 | 2037 | 4129 | 41 | 71 |
| iv_503-iv_511 | 2026 | 4329 | 38 | 81 |
| iv_507-iv_511 | 2017 | 4475 | 39 | 76 |
| iv_504-iv_505 | 2004 | 4031 | 38 | 72 |
| iv_508-iv_511 | 2001 | 4513 | 38 | 81 |
| iv_505-iv_511 | 1996 | 4418 | 34 | 80 |
| iv_500-iv_507 | 1991 | 4345 | 35 | 82 |
| iv_500-iv_503 | 1990 | 4219 | 40 | 75 |

### Input Bit Co-occurrences Sorted by Potential Occurrences

| Input Bits | Co-occurrences | Potential Occurrences | Output Co-occurrences | Potential Output Occurrences |
|:----------:|:--------------:|:---------------------:|:---------------------:|:----------------------------:|
| iv_504-iv_505 | 2004 | 4031 | 38 | 72 |
| iv_501-iv_505 | 2037 | 4129 | 41 | 71 |
| iv_502-iv_505 | 1921 | 4153 | 36 | 80 |
| iv_499-iv_504 | 1862 | 4171 | 35 | 85 |
| iv_498-iv_504 | 1844 | 4190 | 45 | 72 |
| iv_499-iv_501 | 1929 | 4201 | 42 | 76 |
| iv_499-iv_505 | 1923 | 4204 | 45 | 57 |
| iv_505-iv_507 | 2042 | 4209 | 29 | 88 |
| iv_500-iv_503 | 1990 | 4219 | 40 | 75 |
| iv_499-iv_503 | 1900 | 4221 | 41 | 74 |
| iv_502-iv_504 | 1808 | 4224 | 41 | 78 |
| iv_500-iv_504 | 1919 | 4235 | 39 | 76 |

### Input Bit Output Co-occurrences Sorted by Output Co-occurrences

| Input Bits | Co-occurrences | Potential Occurrences | Output Co-occurrences | Potential Output Occurrences |
|:----------:|:--------------:|:---------------------:|:---------------------:|:----------------------------:|
| iv_498-iv_501 | 1869 | 4304 | 46 | 75 |
| iv_498-iv_504 | 1844 | 4190 | 45 | 72 |
| iv_498-iv_505 | 1891 | 4251 | 45 | 64 |
| iv_499-iv_505 | 1923 | 4204 | 45 | 57 |
| iv_498-iv_499 | 1823 | 4243 | 44 | 73 |
| iv_498-iv_502 | 1761 | 4312 | 44 | 78 |
| iv_498-iv_503 | 1835 | 4334 | 44 | 75 |
| iv_502-iv_511 | 1922 | 4367 | 44 | 72 |
| iv_497-iv_500 | 1976 | 4420 | 43 | 67 |
| iv_497-iv_503 | 1895 | 4519 | 43 | 70 |
| iv_507-iv_508 | 2052 | 4294 | 43 | 69 |
| iv_497-iv_502 | 1851 | 4437 | 42 | 75 |

### Input Bit Output Co-occurrences Sorted by Potential Output Occurrences

| Input Bits | Co-occurrences | Potential Occurrences | Output Co-occurrences | Potential Output Occurrences |
|:----------:|:--------------:|:---------------------:|:---------------------:|:----------------------------:|
| iv_499-iv_505 | 1923 | 4204 | 45 | 57 |
| iv_498-iv_505 | 1891 | 4251 | 45 | 64 |
| iv_497-iv_500 | 1976 | 4420 | 43 | 67 |
| iv_507-iv_508 | 2052 | 4294 | 43 | 69 |
| iv_497-iv_503 | 1895 | 4519 | 43 | 70 |
| iv_501-iv_505 | 2037 | 4129 | 41 | 71 |
| iv_498-iv_504 | 1844 | 4190 | 45 | 72 |
| iv_502-iv_511 | 1922 | 4367 | 44 | 72 |
| iv_504-iv_505 | 2004 | 4031 | 38 | 72 |
| iv_498-iv_499 | 1823 | 4243 | 44 | 73 |
| iv_499-iv_500 | 1897 | 4290 | 40 | 73 |
| iv_503-iv_504 | 1860 | 4290 | 42 | 73 |

## Output Bits

### Output Bits in Regular Order

| Rank | Output Bit | Complexity |
|:----:|:----------:|:----------:|
| 1 | ov_001 | 7.99218390789449 × 10^299 |
| 2 | ov_002 | 6.954574254466486 × 10^299 |
| 3 | ov_003 | 6.023017482623879 × 10^299 |
| 4 | ov_004 | 5.189563386771373 × 10^299 |
| 5 | ov_005 | 4.446697431836681 × 10^299 |
| 6 | ov_006 | 3.787309729562464 × 10^299 |
| 7 | ov_007 | 3.2046679641658428 × 10^299 |
| 8 | ov_008 | 2.6923940135608023 × 10^299 |
| 9 | ov_009 | 2.244443983732548 × 10^299 |
| 10 | ov_010 | 1.855091322201254 × 10^299 |
| 11 | ov_011 | 1.5189126727937612 × 10^299 |
| 12 | ov_012 | 1.2307761533384976 × 10^299 |
| 13 | ov_013 | 9.858317569017363 × 10^298 |
| 14 | ov_014 | 7.795035958795886 × 10^298 |
| 15 | ov_015 | 6.074837267229553 × 10^298 |
| 16 | ov_016 | 4.6572731136155015 × 10^298 |
| 17 | ov_017 | 3.5044888955564497 × 10^298 |
| 18 | ov_018 | 2.5811955447738896 × 10^298 |
| 19 | ov_019 | 1.8546484183569808 × 10^298 |
| 20 | ov_020 | 1.2946316932018883 × 10^298 |
| 21 | ov_021 | 8.734470543459795 × 10^297 |
| 22 | ov_022 | 5.659057946076554 × 10^297 |
| 23 | ov_023 | 3.493235036894494 × 10^297 |
| 24 | ov_024 | 2.035166145058964 × 10^297 |
| 25 | ov_025 | 1.108002890721882 × 10^297 |
| 26 | ov_026 | 5.598725990755168 × 10^296 |
| 27 | ov_027 | 2.6387284627982764 × 10^296 |
| 28 | ov_028 | 1.1806930775685896 × 10^296 |
| 29 | ov_029 | 4.5495065208539976 × 10^295 |
| 30 | ov_030 | 1.390847505285162 × 10^295 |
| 31 | ov_031 | 2.71296946835241 × 10^294 |
| 32 | lv_80_m31 | 5.2910306666226 × 10^293 |
| 33 | ov_033 | 6.370773990889733 × 10^294 |
| 34 | ov_034 | 5.532247643532352 × 10^294 |
| 35 | ov_035 | 4.7813517627590725 × 10^294 |
| 36 | ov_036 | 4.110983390644146 × 10^294 |
| 37 | ov_037 | 3.514426189058989 × 10^294 |
| 38 | ov_038 | 2.985323122365189 × 10^294 |
| 39 | ov_039 | 2.517652760278621 × 10^294 |
| 40 | ov_040 | 2.1057088627850727 × 10^294 |
| 41 | ov_041 | 1.744082926678083 × 10^294 |
| 42 | ov_042 | 1.4301431282345592 × 10^294 |
| 43 | ov_043 | 1.1613957297887415 × 10^294 |
| 44 | ov_044 | 9.332458879403612 × 10^293 |
| 45 | ov_045 | 7.413504873692235 × 10^293 |
| 46 | ov_046 | 5.816112820851342 × 10^293 |
| 47 | ov_047 | 4.501694274580855 × 10^293 |
| 48 | ov_048 | 3.4340119745083 × 10^293 |
| 49 | ov_049 | 2.5791469707332825 × 10^293 |
| 50 | ov_050 | 1.905473955673793 × 10^293 |
| 51 | ov_051 | 1.3836432123471103 × 10^293 |
| 52 | ov_052 | 9.865677416356825 × 10^292 |
| 53 | ov_053 | 6.894143452572751 × 10^292 |
| 54 | ov_054 | 4.695977162225515 × 10^292 |
| 55 | ov_055 | 3.067767410082864 × 10^292 |
| 56 | ov_056 | 1.9134156282339325 × 10^292 |
| 57 | ov_057 | 1.1480289908823633 × 10^292 |
| 58 | ov_058 | 6.35422586084054 × 10^291 |
| 59 | ov_059 | 3.131032730875659 × 10^291 |
| 60 | ov_060 | 1.2977544759424453 × 10^291 |
| 61 | ov_061 | 4.534064941843938 × 10^290 |
| 62 | ov_062 | 1.2440380358453423 × 10^290 |
| 63 | ov_063 | 2.4252356683758947 × 10^289 |
| 64 | lv_79_m31 | 4.726911652205162 × 10^288 |
| 65 | ov_065 | 5.654554572105277 × 10^289 |
| 66 | ov_066 | 5.654541136179627 × 10^289 |
| 67 | ov_067 | 5.65453797990708 × 10^289 |
| 68 | ov_068 | 4.901850017500804 × 10^289 |
| 69 | ov_069 | 4.227651805588413 × 10^289 |
| 70 | ov_070 | 3.626099716016392 × 10^289 |
| 71 | ov_071 | 3.0916285136717013 × 10^289 |
| 72 | ov_072 | 2.618937348244236 × 10^289 |
| 73 | ov_073 | 2.2029787012883404 × 10^289 |
| 74 | ov_074 | 1.8389493904820718 × 10^289 |
| 75 | ov_075 | 1.5222828729258465 × 10^289 |
| 76 | ov_076 | 1.2486424066720632 × 10^289 |
| 77 | ov_077 | 1.0139149296979256 × 10^289 |
| 78 | ov_078 | 8.142056142509867 × 10^288 |
| 79 | ov_079 | 6.458330552815249 × 10^288 |
| 80 | ov_080 | 5.0532505228336113 × 10^288 |
| 81 | ov_081 | 3.894149443254948 × 10^288 |
| 82 | ov_082 | 2.950384583987949 × 10^288 |
| 83 | ov_083 | 2.1933103144975776 × 10^288 |
| 84 | ov_084 | 1.5962556664821725 × 10^288 |
| 85 | ov_085 | 1.1345058455506822 × 10^288 |
| 86 | ov_086 | 7.852872993394457 × 10^287 |
| 87 | ov_087 | 5.2775594999844396 × 10^287 |
| 88 | ov_088 | 3.429881992760296 × 10^287 |
| 89 | ov_089 | 2.1397431460440287 × 10^287 |
| 90 | ov_090 | 1.2561380468018774 × 10^287 |
| 91 | ov_091 | 7.083326822521757 × 10^286 |
| 92 | ov_092 | 3.834282718751773 × 10^286 |
| 93 | ov_093 | 1.875602649426552 × 10^286 |
| 94 | ov_094 | 7.85541397799361 × 10^285 |
| 95 | aaa_78_28 | 2.374956870901679 × 10^285 |
| 96 | aaa_78_29 | 7.056606693417612 × 10^284 |
| 97 | ov_097 | 3.969885340575464 × 10^284 |
| 98 | ov_098 | 3.969820566420189 × 10^284 |
| 99 | ov_099 | 3.969799868148422 × 10^284 |
| 100 | ov_100 | 3.2406417300129414 × 10^284 |
| 101 | ov_101 | 2.638016172909863 × 10^284 |
| 102 | ov_102 | 2.1459121447912012 × 10^284 |
| 103 | ov_103 | 1.749201344655773 × 10^284 |
| 104 | ov_104 | 1.4335740897287455 × 10^284 |
| 105 | ov_105 | 1.1854834211517414 × 10^284 |
| 106 | ov_106 | 9.920967021009327 × 10^283 |
| 107 | ov_107 | 8.412540011445793 × 10^283 |
| 108 | ov_108 | 7.214325911014723 × 10^283 |
| 109 | ov_109 | 6.2171692994081545 × 10^283 |
| 110 | ov_110 | 5.317735256082798 × 10^283 |
| 111 | ov_111 | 4.510581666532317 × 10^283 |
| 112 | ov_112 | 3.7904037023768684 × 10^283 |
| 113 | ov_113 | 3.152005494477288 × 10^283 |
| 114 | ov_114 | 2.590276099497041 × 10^283 |
| 115 | ov_115 | 2.1001694299954458 × 10^283 |
| 116 | ov_116 | 1.6766878190114265 × 10^283 |
| 117 | ov_117 | 1.3148688906321432 × 10^283 |
| 118 | ov_118 | 1.0097754083573423 × 10^283 |
| 119 | ov_119 | 7.564875035135849 × 10^282 |
| 120 | ov_120 | 5.500966860745691 × 10^282 |
| 121 | ov_121 | 3.857015797770181 × 10^282 |
| 122 | ov_122 | 2.584051766413351 × 10^282 |
| 123 | ov_123 | 1.633130304459708 × 10^282 |
| 124 | ov_124 | 9.553203746954999 × 10^281 |
| 125 | ov_125 | 5.01696806747359 × 10^281 |
| 126 | ov_126 | 2.2333643898722893 × 10^281 |
| 127 | aaa_77_28 | 7.131663641968064 × 10^280 |
| 128 | aaa_77_29 | 2.673651688291279 × 10^280 |
| 129 | ov_129 | 2.486021736090964 × 10^280 |
| 130 | ov_130 | 2.48601459632438 × 10^280 |
| 131 | ov_131 | 2.4860128690506063 × 10^280 |
| 132 | ov_132 | 2.1574998768351546 × 10^280 |
| 133 | ov_133 | 1.863092350048107 × 10^280 |
| 134 | ov_134 | 1.6002175550166492 × 10^280 |
| 135 | ov_135 | 1.3664414376287038 × 10^280 |
| 136 | ov_136 | 1.1594587199515594 × 10^280 |
| 137 | ov_137 | 9.770843453879193 × 10^279 |
| 138 | ov_138 | 8.172461454117608 × 10^279 |
| 139 | ov_139 | 6.779786074545223 × 10^279 |
| 140 | ov_140 | 5.574176298406143 × 10^279 |
| 141 | ov_141 | 4.537961558431774 × 10^279 |
| 142 | ov_142 | 3.65440584982972 × 10^279 |
| 143 | ov_143 | 2.90767865655738 × 10^279 |
| 144 | ov_144 | 2.282831790710541 × 10^279 |
| 145 | ov_145 | 1.7657813033820412 × 10^279 |
| 146 | ov_146 | 1.343293683565747 × 10^279 |
| 147 | ov_147 | 1.0029756197022839 × 10^279 |
| 148 | ov_148 | 7.332666563570887 × 10^278 |
| 149 | ov_149 | 5.234341363350577 × 10^278 |
| 150 | ov_150 | 3.635698762987817 × 10^278 |
| 151 | ov_151 | 2.4458808168703397 × 10^278 |
| 152 | ov_152 | 1.5822408450741171 × 10^278 |
| 153 | ov_153 | 9.703360187393432 × 10^277 |
| 154 | ov_154 | 5.43923166342448 × 10^277 |
| 155 | ov_155 | 2.719302340135044 × 10^277 |
| 156 | aaa_76_25 | 1.0450738360405712 × 10^277 |
| 157 | aaa_76_26 | 6.037043961293592 × 10^276 |
| 158 | aaa_76_27 | 3.091460034052628 × 10^276 |
| 159 | aaa_76_28 | 1.2042468561078473 × 10^276 |
| 160 | aaa_76_29 | 3.664153323664854 × 10^275 |

### Output Bits Sorted by Complexity

| Rank | Output Bit | Complexity |
|:----:|:----------:|:----------:|
| 160 | aaa_76_29 | 3.664153323664854 × 10^275 |
| 159 | aaa_76_28 | 1.2042468561078473 × 10^276 |
| 158 | aaa_76_27 | 3.091460034052628 × 10^276 |
| 157 | aaa_76_26 | 6.037043961293592 × 10^276 |
| 156 | aaa_76_25 | 1.0450738360405712 × 10^277 |
| 155 | ov_155 | 2.719302340135044 × 10^277 |
| 154 | ov_154 | 5.43923166342448 × 10^277 |
| 153 | ov_153 | 9.703360187393432 × 10^277 |
| 152 | ov_152 | 1.5822408450741171 × 10^278 |
| 151 | ov_151 | 2.4458808168703397 × 10^278 |
| 150 | ov_150 | 3.635698762987817 × 10^278 |
| 149 | ov_149 | 5.234341363350577 × 10^278 |
| 148 | ov_148 | 7.332666563570887 × 10^278 |
| 147 | ov_147 | 1.0029756197022839 × 10^279 |
| 146 | ov_146 | 1.343293683565747 × 10^279 |
| 145 | ov_145 | 1.7657813033820412 × 10^279 |
| 144 | ov_144 | 2.282831790710541 × 10^279 |
| 143 | ov_143 | 2.90767865655738 × 10^279 |
| 142 | ov_142 | 3.65440584982972 × 10^279 |
| 141 | ov_141 | 4.537961558431774 × 10^279 |
| 140 | ov_140 | 5.574176298406143 × 10^279 |
| 139 | ov_139 | 6.779786074545223 × 10^279 |
| 138 | ov_138 | 8.172461454117608 × 10^279 |
| 137 | ov_137 | 9.770843453879193 × 10^279 |
| 136 | ov_136 | 1.1594587199515594 × 10^280 |
| 135 | ov_135 | 1.3664414376287038 × 10^280 |
| 134 | ov_134 | 1.6002175550166492 × 10^280 |
| 133 | ov_133 | 1.863092350048107 × 10^280 |
| 132 | ov_132 | 2.1574998768351546 × 10^280 |
| 131 | ov_131 | 2.4860128690506063 × 10^280 |
| 130 | ov_130 | 2.48601459632438 × 10^280 |
| 129 | ov_129 | 2.486021736090964 × 10^280 |
| 128 | aaa_77_29 | 2.673651688291279 × 10^280 |
| 127 | aaa_77_28 | 7.131663641968064 × 10^280 |
| 126 | ov_126 | 2.2333643898722893 × 10^281 |
| 125 | ov_125 | 5.01696806747359 × 10^281 |
| 124 | ov_124 | 9.553203746954999 × 10^281 |
| 123 | ov_123 | 1.633130304459708 × 10^282 |
| 122 | ov_122 | 2.584051766413351 × 10^282 |
| 121 | ov_121 | 3.857015797770181 × 10^282 |
| 120 | ov_120 | 5.500966860745691 × 10^282 |
| 119 | ov_119 | 7.564875035135849 × 10^282 |
| 118 | ov_118 | 1.0097754083573423 × 10^283 |
| 117 | ov_117 | 1.3148688906321432 × 10^283 |
| 116 | ov_116 | 1.6766878190114265 × 10^283 |
| 115 | ov_115 | 2.1001694299954458 × 10^283 |
| 114 | ov_114 | 2.590276099497041 × 10^283 |
| 113 | ov_113 | 3.152005494477288 × 10^283 |
| 112 | ov_112 | 3.7904037023768684 × 10^283 |
| 111 | ov_111 | 4.510581666532317 × 10^283 |
| 110 | ov_110 | 5.317735256082798 × 10^283 |
| 109 | ov_109 | 6.2171692994081545 × 10^283 |
| 108 | ov_108 | 7.214325911014723 × 10^283 |
| 107 | ov_107 | 8.412540011445793 × 10^283 |
| 106 | ov_106 | 9.920967021009327 × 10^283 |
| 105 | ov_105 | 1.1854834211517414 × 10^284 |
| 104 | ov_104 | 1.4335740897287455 × 10^284 |
| 103 | ov_103 | 1.749201344655773 × 10^284 |
| 102 | ov_102 | 2.1459121447912012 × 10^284 |
| 101 | ov_101 | 2.638016172909863 × 10^284 |
| 100 | ov_100 | 3.2406417300129414 × 10^284 |
| 99 | ov_099 | 3.969799868148422 × 10^284 |
| 98 | ov_098 | 3.969820566420189 × 10^284 |
| 97 | ov_097 | 3.969885340575464 × 10^284 |
| 96 | aaa_78_29 | 7.056606693417612 × 10^284 |
| 95 | aaa_78_28 | 2.374956870901679 × 10^285 |
| 94 | ov_094 | 7.85541397799361 × 10^285 |
| 93 | ov_093 | 1.875602649426552 × 10^286 |
| 92 | ov_092 | 3.834282718751773 × 10^286 |
| 91 | ov_091 | 7.083326822521757 × 10^286 |
| 90 | ov_090 | 1.2561380468018774 × 10^287 |
| 89 | ov_089 | 2.1397431460440287 × 10^287 |
| 88 | ov_088 | 3.429881992760296 × 10^287 |
| 87 | ov_087 | 5.2775594999844396 × 10^287 |
| 86 | ov_086 | 7.852872993394457 × 10^287 |
| 85 | ov_085 | 1.1345058455506822 × 10^288 |
| 84 | ov_084 | 1.5962556664821725 × 10^288 |
| 83 | ov_083 | 2.1933103144975776 × 10^288 |
| 82 | ov_082 | 2.950384583987949 × 10^288 |
| 81 | ov_081 | 3.894149443254948 × 10^288 |
| 64 | lv_79_m31 | 4.726911652205162 × 10^288 |
| 80 | ov_080 | 5.0532505228336113 × 10^288 |
| 79 | ov_079 | 6.458330552815249 × 10^288 |
| 78 | ov_078 | 8.142056142509867 × 10^288 |
| 77 | ov_077 | 1.0139149296979256 × 10^289 |
| 76 | ov_076 | 1.2486424066720632 × 10^289 |
| 75 | ov_075 | 1.5222828729258465 × 10^289 |
| 74 | ov_074 | 1.8389493904820718 × 10^289 |
| 73 | ov_073 | 2.2029787012883404 × 10^289 |
| 63 | ov_063 | 2.4252356683758947 × 10^289 |
| 72 | ov_072 | 2.618937348244236 × 10^289 |
| 71 | ov_071 | 3.0916285136717013 × 10^289 |
| 70 | ov_070 | 3.626099716016392 × 10^289 |
| 69 | ov_069 | 4.227651805588413 × 10^289 |
| 68 | ov_068 | 4.901850017500804 × 10^289 |
| 67 | ov_067 | 5.65453797990708 × 10^289 |
| 66 | ov_066 | 5.654541136179627 × 10^289 |
| 65 | ov_065 | 5.654554572105277 × 10^289 |
| 62 | ov_062 | 1.2440380358453423 × 10^290 |
| 61 | ov_061 | 4.534064941843938 × 10^290 |
| 60 | ov_060 | 1.2977544759424453 × 10^291 |
| 59 | ov_059 | 3.131032730875659 × 10^291 |
| 58 | ov_058 | 6.35422586084054 × 10^291 |
| 57 | ov_057 | 1.1480289908823633 × 10^292 |
| 56 | ov_056 | 1.9134156282339325 × 10^292 |
| 55 | ov_055 | 3.067767410082864 × 10^292 |
| 54 | ov_054 | 4.695977162225515 × 10^292 |
| 53 | ov_053 | 6.894143452572751 × 10^292 |
| 52 | ov_052 | 9.865677416356825 × 10^292 |
| 51 | ov_051 | 1.3836432123471103 × 10^293 |
| 50 | ov_050 | 1.905473955673793 × 10^293 |
| 49 | ov_049 | 2.5791469707332825 × 10^293 |
| 48 | ov_048 | 3.4340119745083 × 10^293 |
| 47 | ov_047 | 4.501694274580855 × 10^293 |
| 32 | lv_80_m31 | 5.2910306666226 × 10^293 |
| 46 | ov_046 | 5.816112820851342 × 10^293 |
| 45 | ov_045 | 7.413504873692235 × 10^293 |
| 44 | ov_044 | 9.332458879403612 × 10^293 |
| 43 | ov_043 | 1.1613957297887415 × 10^294 |
| 42 | ov_042 | 1.4301431282345592 × 10^294 |
| 41 | ov_041 | 1.744082926678083 × 10^294 |
| 40 | ov_040 | 2.1057088627850727 × 10^294 |
| 39 | ov_039 | 2.517652760278621 × 10^294 |
| 31 | ov_031 | 2.71296946835241 × 10^294 |
| 38 | ov_038 | 2.985323122365189 × 10^294 |
| 37 | ov_037 | 3.514426189058989 × 10^294 |
| 36 | ov_036 | 4.110983390644146 × 10^294 |
| 35 | ov_035 | 4.7813517627590725 × 10^294 |
| 34 | ov_034 | 5.532247643532352 × 10^294 |
| 33 | ov_033 | 6.370773990889733 × 10^294 |
| 30 | ov_030 | 1.390847505285162 × 10^295 |
| 29 | ov_029 | 4.5495065208539976 × 10^295 |
| 28 | ov_028 | 1.1806930775685896 × 10^296 |
| 27 | ov_027 | 2.6387284627982764 × 10^296 |
| 26 | ov_026 | 5.598725990755168 × 10^296 |
| 25 | ov_025 | 1.108002890721882 × 10^297 |
| 24 | ov_024 | 2.035166145058964 × 10^297 |
| 23 | ov_023 | 3.493235036894494 × 10^297 |
| 22 | ov_022 | 5.659057946076554 × 10^297 |
| 21 | ov_021 | 8.734470543459795 × 10^297 |
| 20 | ov_020 | 1.2946316932018883 × 10^298 |
| 19 | ov_019 | 1.8546484183569808 × 10^298 |
| 18 | ov_018 | 2.5811955447738896 × 10^298 |
| 17 | ov_017 | 3.5044888955564497 × 10^298 |
| 16 | ov_016 | 4.6572731136155015 × 10^298 |
| 15 | ov_015 | 6.074837267229553 × 10^298 |
| 14 | ov_014 | 7.795035958795886 × 10^298 |
| 13 | ov_013 | 9.858317569017363 × 10^298 |
| 12 | ov_012 | 1.2307761533384976 × 10^299 |
| 11 | ov_011 | 1.5189126727937612 × 10^299 |
| 10 | ov_010 | 1.855091322201254 × 10^299 |
| 9 | ov_009 | 2.244443983732548 × 10^299 |
| 8 | ov_008 | 2.6923940135608023 × 10^299 |
| 7 | ov_007 | 3.2046679641658428 × 10^299 |
| 6 | ov_006 | 3.787309729562464 × 10^299 |
| 5 | ov_005 | 4.446697431836681 × 10^299 |
| 4 | ov_004 | 5.189563386771373 × 10^299 |
| 3 | ov_003 | 6.023017482623879 × 10^299 |
| 2 | ov_002 | 6.954574254466486 × 10^299 |
| 1 | ov_001 | 7.99218390789449 × 10^299 |

