# Results for F001-F002-F003-F004-F005-F006-F007-F008-F009-F010-F011-F012-F013-F014-F015-F016-F017-F018-F019-F020-F021-F022-F023-F024-F025-F026-F027-F028-F029-F030-F031-F032-F033-F034-F035-F036-F037-F038-F039-F040-F041-F042-F043-F044-F045-F046-F047-F048-F049-F050-F051-F052-F053-F054-F055-F056-F057-F058-F059-F060-F061-F062-F063-F064-F065-F066-F067-F068-F069-F070-F071-F072-F073-F074-F075-F076-F077-F078-F079-F080-F081-F082-F083-F084-F085-F086-F087-F088-F089-F090-F091-F092-F093-F094-F095-F096-F097-F098-F099-F100-F101-F102-F103-F104-F105-F106-F107-F108-F109-F110-F111-F112-F113-F114-F115-F116-F117-F118-F119-F120-F121-F122-F123-F124-F125-F126-F127-F128-F129-F130-F131-F132-F133-F134-F135-F136-F137-F138-F139-F140-F141-F142-F143-F144-F145-F146-F147-F148-F149-F150-F151-F152-F153-F154-F155-F156-F157-F158-F159-F160-F161-F162-F163-F164-F165-F166-F167-F168-F169-F170-F171-F172-F173-F174-F175-F176-F177-F178-F179-F180-F181-F182-F183-F184-F185-F186-F187-F188-F189-F190-F191-F192-F193-F194-F195-F196-F197-F198-F199-F200-F201-F202-F203-F204-F205-F206-F207-F208-F209-F210-F211-F212-F213-F214-F215-F216-F217-F218-F219-F220-F221-F222-F223-F224-F225-F226-F227-F228-F229-F230-F231-F232-F233-F234-F235-F236-F237-F238-F239-F240-F241-F242-F243-F244-F245-F246-F247-F248-F249-F250-F251-F252-F253-F254-F255-F256-F257-F258-F259-F260-F261-F262-F263-F264-F265-F266-F267-F268-F269-F270-F271-F272-F273-F274-F275-F276-F277-F278-F279-F280-F281-F282-F283-F284-F285-F286-F287-F288-F289-F290-F291-F292-F293-F294-F295-F296-F297-F298-F299-F300-F301-F302-F303-F304-F305-F306-F307-F308-F309-F310-F311-F312-F313-F314-F315-F316-F317-F318-F319-F320-F321-F322-F323-F324-F325-F326-F327-F328-F329-F330-F331-F332-F333-F334-F335-F336-F337-F338-F339-F340-F341-F342-F343-F344-F345-F346-F347-F348-F349-F350-F351-F352-F353-F354-F355-F356-F357-F358-F359-F360-F361-F362-F363-F364-F365-F366-F367-F368-F369-F370-F371-F372-F373-F374-F375-F376-F377-F378-F379-F380-F381-F382-F383-F384-F385-F386-F387-F388-F389-F390-F391-F392-F393-F394-F395-F396-F397-F398-F399-F400-F401-F402-F403-F404-F405-F406-F407-F408-F409-F410-F411-F412-F413-F414-F415-F416-F417-F418-F419-F420-F421-F422-F423-F424-F425-F426-F427-F428-F429-F430-F431-F432-F433-F434-F435-F436-F437-F438-F439-F440-F441-F442-F443-F444-F445-F446-F447-F448-F449-F450-F451-F452-F453-F454-F455-F456-F457-F458-F459-F460-F461-F462-F463-F464-F465-F466-F467-F468-F469-F470-F471-F472-F473-F474-F475-F476-F477-F478-F479-F480-F481-F482-F483-F484-F485-F486-F487-F488-F489-F490-F491-F492-F493-F494-F495-F496-O499504-E499505-F510-F512

## Summary

Number of input bits: 512  
Number of free input bits: 12  
Number of output bits: 160

Number of direct occurrences: 50090  
Number of assignments: 31796  
Number of operations: 11376568
(xor: 11348042,
and: 14997,
or: 13529)

Total complexity: 5.867366274673183 × 10^302

Least occurring input variable: iv_498 (3974)  
Most occurring input variable: iv_503 (4324)

Most co-occurring input variables: iv_503-iv_507 (2143)  
Least co-occurring input variables: iv_498-iv_499 (1805)

Potentially most occurring input variable: iv_497/iv_499 (4674)  
Potentially least occurring input variable: iv_501/iv_502 (4114)

Least output occurring input variable: iv_507 (75)  
Most output occurring input variable: iv_498 (91)

Most output co-occurring input variables: iv_497-iv_506 (51)  
Least output co-occurring input variables: iv_501-iv_507 (33)

Potentially most output occurring input variable: iv_506/iv_511 (99)  
Potentially least output occurring input variable: iv_502/iv_508 (65)

Least complex input bit: iv_511 (1.1934260883963323 × 10^299)  
Most complex input bit: iv_509 (1.3649152866326554 × 10^302)

Least complex output bit: aaa_76_29 (2.242181553186187 × 10^277)  
Most complex output bit: ov_001 (9.17278659871802 × 10^301)

Least complex input/output complexity: iv_511/aaa_76_29 (4.5606117553014975 × 10^273)  
Most complex input/output complexity: iv_509/ov_001 (2.133849509899016 × 10^301)

## Input Bits

### Input Bits in Regular Order

| Input Bit | Complexity | Occurrences | Output Occurrences |
|:---------:|:----------:|:-----------:|:------------------:|
| iv_497 | 2.7757332137340598 × 10^300 | 4148 | 88 |
| iv_498 | 5.533843481792815 × 10^300 | 3974 | 91 |
| iv_499 | 4.160237790446159 × 10^301 | 4208 | 84 |
| iv_500 | 1.6394436554514842 × 10^301 | 4146 | 77 |
| iv_501 | 2.7084922423917875 × 10^301 | 4124 | 80 |
| iv_502 | 4.3826066171842106 × 10^301 | 4182 | 82 |
| iv_503 | 2.583519145336365 × 10^301 | 4324 | 84 |
| iv_506 | 5.81981911521561 × 10^301 | 4039 | 90 |
| iv_507 | 9.471702425390918 × 10^301 | 4207 | 75 |
| iv_508 | 1.3415796958552067 × 10^302 | 4199 | 79 |
| iv_509 | 1.3649152866326554 × 10^302 | 4246 | 78 |
| iv_511 | 1.1934260883963323 × 10^299 | 4293 | 79 |

### Input Bits Sorted by Complexity

| Input Bit | Complexity | Occurrences | Output Occurrences |
|:---------:|:----------:|:-----------:|:------------------:|
| iv_511 | 1.1934260883963323 × 10^299 | 4293 | 79 |
| iv_497 | 2.7757332137340598 × 10^300 | 4148 | 88 |
| iv_498 | 5.533843481792815 × 10^300 | 3974 | 91 |
| iv_500 | 1.6394436554514842 × 10^301 | 4146 | 77 |
| iv_503 | 2.583519145336365 × 10^301 | 4324 | 84 |
| iv_501 | 2.7084922423917875 × 10^301 | 4124 | 80 |
| iv_499 | 4.160237790446159 × 10^301 | 4208 | 84 |
| iv_502 | 4.3826066171842106 × 10^301 | 4182 | 82 |
| iv_506 | 5.81981911521561 × 10^301 | 4039 | 90 |
| iv_507 | 9.471702425390918 × 10^301 | 4207 | 75 |
| iv_508 | 1.3415796958552067 × 10^302 | 4199 | 79 |
| iv_509 | 1.3649152866326554 × 10^302 | 4246 | 78 |

### Input Bits Sorted by Occurrences

| Input Bit | Complexity | Occurrences | Output Occurrences |
|:---------:|:----------:|:-----------:|:------------------:|
| iv_498 | 5.533843481792815 × 10^300 | 3974 | 91 |
| iv_506 | 5.81981911521561 × 10^301 | 4039 | 90 |
| iv_501 | 2.7084922423917875 × 10^301 | 4124 | 80 |
| iv_500 | 1.6394436554514842 × 10^301 | 4146 | 77 |
| iv_497 | 2.7757332137340598 × 10^300 | 4148 | 88 |
| iv_502 | 4.3826066171842106 × 10^301 | 4182 | 82 |
| iv_508 | 1.3415796958552067 × 10^302 | 4199 | 79 |
| iv_507 | 9.471702425390918 × 10^301 | 4207 | 75 |
| iv_499 | 4.160237790446159 × 10^301 | 4208 | 84 |
| iv_509 | 1.3649152866326554 × 10^302 | 4246 | 78 |
| iv_511 | 1.1934260883963323 × 10^299 | 4293 | 79 |
| iv_503 | 2.583519145336365 × 10^301 | 4324 | 84 |

### Input Bits Sorted by Output Occurrences

| Input Bit | Complexity | Occurrences | Output Occurrences |
|:---------:|:----------:|:-----------:|:------------------:|
| iv_507 | 9.471702425390918 × 10^301 | 4207 | 75 |
| iv_500 | 1.6394436554514842 × 10^301 | 4146 | 77 |
| iv_509 | 1.3649152866326554 × 10^302 | 4246 | 78 |
| iv_508 | 1.3415796958552067 × 10^302 | 4199 | 79 |
| iv_511 | 1.1934260883963323 × 10^299 | 4293 | 79 |
| iv_501 | 2.7084922423917875 × 10^301 | 4124 | 80 |
| iv_502 | 4.3826066171842106 × 10^301 | 4182 | 82 |
| iv_503 | 2.583519145336365 × 10^301 | 4324 | 84 |
| iv_499 | 4.160237790446159 × 10^301 | 4208 | 84 |
| iv_497 | 2.7757332137340598 × 10^300 | 4148 | 88 |
| iv_506 | 5.81981911521561 × 10^301 | 4039 | 90 |
| iv_498 | 5.533843481792815 × 10^300 | 3974 | 91 |

## Input Bit Co-occurrences

### Input Bit Co-occurrences Sorted by Co-occurrences

| Input Bits | Co-occurrences | Potential Occurrences | Output Co-occurrences | Potential Output Occurrences |
|:----------:|:--------------:|:---------------------:|:---------------------:|:----------------------------:|
| iv_503-iv_507 | 2143 | 4245 | 41 | 77 |
| iv_502-iv_503 | 2126 | 4254 | 39 | 88 |
| iv_503-iv_511 | 2109 | 4399 | 41 | 81 |
| iv_501-iv_502 | 2096 | 4114 | 46 | 70 |
| iv_508-iv_509 | 2096 | 4253 | 38 | 81 |
| iv_500-iv_511 | 2094 | 4251 | 38 | 80 |
| iv_507-iv_509 | 2086 | 4281 | 38 | 77 |
| iv_501-iv_503 | 2080 | 4288 | 45 | 74 |
| iv_503-iv_509 | 2069 | 4432 | 42 | 78 |
| iv_502-iv_511 | 2053 | 4369 | 42 | 77 |
| iv_497-iv_507 | 2050 | 4255 | 41 | 81 |
| iv_501-iv_509 | 2050 | 4270 | 41 | 76 |

### Input Bit Co-occurrences Sorted by Potential Occurrences

| Input Bits | Co-occurrences | Potential Occurrences | Output Co-occurrences | Potential Output Occurrences |
|:----------:|:--------------:|:---------------------:|:---------------------:|:----------------------------:|
| iv_501-iv_502 | 2096 | 4114 | 46 | 70 |
| iv_506-iv_507 | 2041 | 4164 | 43 | 79 |
| iv_497-iv_501 | 2018 | 4236 | 48 | 72 |
| iv_498-iv_506 | 1888 | 4237 | 49 | 83 |
| iv_497-iv_506 | 1972 | 4243 | 51 | 76 |
| iv_503-iv_507 | 2143 | 4245 | 41 | 77 |
| iv_500-iv_511 | 2094 | 4251 | 38 | 80 |
| iv_508-iv_509 | 2096 | 4253 | 38 | 81 |
| iv_502-iv_503 | 2126 | 4254 | 39 | 88 |
| iv_497-iv_507 | 2050 | 4255 | 41 | 81 |
| iv_500-iv_506 | 1963 | 4259 | 43 | 81 |
| iv_498-iv_501 | 1914 | 4270 | 44 | 83 |

### Input Bit Output Co-occurrences Sorted by Output Co-occurrences

| Input Bits | Co-occurrences | Potential Occurrences | Output Co-occurrences | Potential Output Occurrences |
|:----------:|:--------------:|:---------------------:|:---------------------:|:----------------------------:|
| iv_499-iv_506 | 1921 | 4405 | 51 | 72 |
| iv_497-iv_506 | 1972 | 4243 | 51 | 76 |
| iv_498-iv_503 | 1899 | 4500 | 50 | 75 |
| iv_498-iv_506 | 1888 | 4237 | 49 | 83 |
| iv_497-iv_498 | 1900 | 4322 | 49 | 81 |
| iv_502-iv_508 | 2009 | 4363 | 48 | 65 |
| iv_497-iv_501 | 2018 | 4236 | 48 | 72 |
| iv_497-iv_502 | 2005 | 4320 | 48 | 74 |
| iv_502-iv_506 | 1940 | 4341 | 47 | 78 |
| iv_506-iv_508 | 1966 | 4306 | 47 | 75 |
| iv_497-iv_503 | 2047 | 4378 | 47 | 78 |
| iv_499-iv_500 | 1958 | 4438 | 46 | 69 |

### Input Bit Output Co-occurrences Sorted by Potential Output Occurrences

| Input Bits | Co-occurrences | Potential Occurrences | Output Co-occurrences | Potential Output Occurrences |
|:----------:|:--------------:|:---------------------:|:---------------------:|:----------------------------:|
| iv_502-iv_508 | 2009 | 4363 | 48 | 65 |
| iv_499-iv_500 | 1958 | 4438 | 46 | 69 |
| iv_501-iv_502 | 2096 | 4114 | 46 | 70 |
| iv_502-iv_509 | 2012 | 4404 | 45 | 70 |
| iv_501-iv_508 | 1965 | 4393 | 44 | 71 |
| iv_499-iv_506 | 1921 | 4405 | 51 | 72 |
| iv_497-iv_501 | 2018 | 4236 | 48 | 72 |
| iv_499-iv_502 | 1988 | 4414 | 46 | 74 |
| iv_501-iv_503 | 2080 | 4288 | 45 | 74 |
| iv_508-iv_511 | 1987 | 4518 | 42 | 74 |
| iv_497-iv_502 | 2005 | 4320 | 48 | 74 |
| iv_498-iv_503 | 1899 | 4500 | 50 | 75 |

## Output Bits

### Output Bits in Regular Order

| Rank | Output Bit | Complexity |
|:----:|:----------:|:----------:|
| 1 | ov_001 | 9.17278659871802 × 10^301 |
| 2 | ov_002 | 7.981861918964923 × 10^301 |
| 3 | ov_003 | 6.912672634547015 × 10^301 |
| 4 | ov_004 | 5.95609096178038 × 10^301 |
| 5 | ov_005 | 5.103489010339041 × 10^301 |
| 6 | ov_006 | 4.3467034116552945 × 10^301 |
| 7 | ov_007 | 3.678004480779801 × 10^301 |
| 8 | ov_008 | 3.090069549322182 × 10^301 |
| 9 | ov_009 | 2.575960130689044 × 10^301 |
| 10 | ov_010 | 2.1291025495229004 × 10^301 |
| 11 | ov_011 | 1.7432716632555033 × 10^301 |
| 12 | ov_012 | 1.4125773251538063 × 10^301 |
| 13 | ov_013 | 1.131453259241443 × 10^301 |
| 14 | ov_014 | 8.94648038120494 × 10^300 |
| 15 | ov_015 | 6.972178750806062 × 10^300 |
| 16 | ov_016 | 5.345209620355392 × 10^300 |
| 17 | ov_017 | 4.022131048284741 × 10^300 |
| 18 | ov_018 | 2.9624442734239156 × 10^300 |
| 19 | ov_019 | 2.1285693567526472 × 10^300 |
| 20 | ov_020 | 1.4858275341700366 × 10^300 |
| 21 | ov_021 | 1.0024286692350976 × 10^300 |
| 22 | ov_022 | 6.494625543431495 × 10^299 |
| 23 | ov_023 | 4.0089306247098285 × 10^299 |
| 24 | ov_024 | 2.3355434363258047 × 10^299 |
| 25 | ov_025 | 1.2714849631058375 × 10^299 |
| 26 | ov_026 | 6.42442911416135 × 10^298 |
| 27 | ov_027 | 3.0276569984508126 × 10^298 |
| 28 | ov_028 | 1.35460087950226 × 10^298 |
| 29 | ov_029 | 5.219041240379367 × 10^297 |
| 30 | ov_030 | 1.5953196128075413 × 10^297 |
| 31 | ov_031 | 3.111231757392014 × 10^296 |
| 32 | lv_80_m31 | 6.066456699092931 × 10^295 |
| 33 | ov_033 | 7.306825566550631 × 10^296 |
| 34 | ov_034 | 6.344418117190859 × 10^296 |
| 35 | ov_035 | 5.482302291046591 × 10^296 |
| 36 | ov_036 | 4.712629504187082 × 10^296 |
| 37 | ov_037 | 4.027980426582115 × 10^296 |
| 38 | ov_038 | 3.4213347566332634 × 10^296 |
| 39 | ov_039 | 2.8860449581967116 × 10^296 |
| 40 | ov_040 | 2.415813590641051 × 10^296 |
| 41 | ov_041 | 2.0046738809178092 × 10^296 |
| 42 | ov_042 | 1.6469732047508578 × 10^296 |
| 43 | ov_043 | 1.3399618940420644 × 10^296 |
| 44 | ov_044 | 1.0785761447519412 × 10^296 |
| 45 | ov_045 | 8.580311380792854 × 10^295 |
| 46 | ov_046 | 6.738131840853094 × 10^295 |
| 47 | ov_047 | 5.216733746804811 × 10^295 |
| 48 | ov_048 | 3.9762253005542187 × 10^295 |
| 49 | ov_049 | 2.9792726394382413 × 10^295 |
| 50 | ov_050 | 2.1910701010109207 × 10^295 |
| 51 | ov_051 | 1.57931845082452 × 10^295 |
| 52 | ov_052 | 1.1142094718787177 × 10^295 |
| 53 | ov_053 | 7.684154831824904 × 10^294 |
| 54 | ov_054 | 5.170825234401885 × 10^294 |
| 55 | ov_055 | 3.3782610431058744 × 10^294 |
| 56 | ov_056 | 2.1072864296070166 × 10^294 |
| 57 | ov_057 | 1.2644783433874369 × 10^294 |
| 58 | ov_058 | 6.99960497098863 × 10^293 |
| 59 | ov_059 | 3.4495542507556087 × 10^293 |
| 60 | ov_060 | 1.4300570729951945 × 10^293 |
| 61 | ov_061 | 4.997349457653716 × 10^292 |
| 62 | ov_062 | 1.3714492333534104 × 10^292 |
| 63 | ov_063 | 2.6742552612105352 × 10^291 |
| 64 | lv_79_m31 | 5.21351933284112 × 10^290 |
| 65 | ov_065 | 6.273235375901162 × 10^291 |
| 66 | ov_066 | 6.273218789542738 × 10^291 |
| 67 | ov_067 | 6.273214832277295 × 10^291 |
| 68 | ov_068 | 5.446300637099054 × 10^291 |
| 69 | ov_069 | 4.704964770559347 × 10^291 |
| 70 | ov_070 | 4.042883595314011 × 10^291 |
| 71 | ov_071 | 3.4540360676116055 × 10^291 |
| 72 | ov_072 | 2.932684134198132 × 10^291 |
| 73 | ov_073 | 2.4733569939572395 × 10^291 |
| 74 | ov_074 | 2.070838666780894 × 10^291 |
| 75 | ov_075 | 1.7201583418934188 × 10^291 |
| 76 | ov_076 | 1.4165830063991352 × 10^291 |
| 77 | ov_077 | 1.1556118823965402 × 10^291 |
| 78 | ov_078 | 9.329722277787364 × 10^290 |
| 79 | ov_079 | 7.44616081975384 × 10^290 |
| 80 | ov_080 | 5.8671760483093744 × 10^290 |
| 81 | ov_081 | 4.556708029068016 × 10^290 |
| 82 | ov_082 | 3.4808757407756023 × 10^290 |
| 83 | ov_083 | 2.60796045861009 × 10^290 |
| 84 | ov_084 | 1.9083918303234915 × 10^290 |
| 85 | ov_085 | 1.354736401468607 × 10^290 |
| 86 | ov_086 | 9.338103803849022 × 10^289 |
| 87 | ov_087 | 6.224282641493394 × 10^289 |
| 88 | ov_088 | 3.9951928641750213 × 10^289 |
| 89 | ov_089 | 2.4612330864951967 × 10^289 |
| 90 | ov_090 | 1.4538794603998398 × 10^289 |
| 91 | ov_091 | 8.256668554436239 × 10^288 |
| 92 | ov_092 | 4.5017755429372414 × 10^288 |
| 93 | ov_093 | 2.2203517713801227 × 10^288 |
| 94 | ov_094 | 9.381136745780622 × 10^287 |
| 95 | aaa_78_28 | 2.8596616054323296 × 10^287 |
| 96 | aaa_78_29 | 8.604993772753068 × 10^286 |
| 97 | ov_097 | 4.429052726657038 × 10^286 |
| 98 | ov_098 | 4.429012258375058 × 10^286 |
| 99 | ov_099 | 4.428999320208248 × 10^286 |
| 100 | ov_100 | 3.6748894098856855 × 10^286 |
| 101 | ov_101 | 3.0247739001661253 × 10^286 |
| 102 | ov_102 | 2.4686921268729935 × 10^286 |
| 103 | ov_103 | 1.9972359180179928 × 10^286 |
| 104 | ov_104 | 1.6015093734951053 × 10^286 |
| 105 | ov_105 | 1.2730937431971462 × 10^286 |
| 106 | ov_106 | 1.0040169473344419 × 10^286 |
| 107 | ov_107 | 7.867273066430626 × 10^285 |
| 108 | ov_108 | 6.140710731723843 × 10^285 |
| 109 | ov_109 | 4.792733746060773 × 10^285 |
| 110 | ov_110 | 3.759222067421255 × 10^285 |
| 111 | ov_111 | 2.9795512996194414 × 10^285 |
| 112 | ov_112 | 2.3964834636300958 × 10^285 |
| 113 | ov_113 | 1.9560785480320994 × 10^285 |
| 114 | ov_114 | 1.607624014819611 × 10^285 |
| 115 | ov_115 | 1.3035796392195216 × 10^285 |
| 116 | ov_116 | 1.0408469050465588 × 10^285 |
| 117 | ov_117 | 8.163501704747626 × 10^284 |
| 118 | ov_118 | 6.2702980956646536 × 10^284 |
| 119 | ov_119 | 4.698369717210064 × 10^284 |
| 120 | ov_120 | 3.417297588789966 × 10^284 |
| 121 | ov_121 | 2.3967062035217994 × 10^284 |
| 122 | ov_122 | 1.6062467549907795 × 10^284 |
| 123 | ov_123 | 1.0155860981924662 × 10^284 |
| 124 | ov_124 | 5.9439929734906705 × 10^283 |
| 125 | ov_125 | 3.1236500507096 × 10^283 |
| 126 | ov_126 | 1.3916310294071147 × 10^283 |
| 127 | aaa_77_28 | 4.4473794833513766 × 10^282 |
| 128 | aaa_77_29 | 1.6690695586517875 × 10^282 |
| 129 | ov_129 | 1.5559542888057032 × 10^282 |
| 130 | ov_130 | 1.5559499184209345 × 10^282 |
| 131 | ov_131 | 1.5559488606917663 × 10^282 |
| 132 | ov_132 | 1.3536838141146462 × 10^282 |
| 133 | ov_133 | 1.1717482956525317 × 10^282 |
| 134 | ov_134 | 1.0085661636135041 × 10^282 |
| 135 | ov_135 | 8.62646680059128 × 10^281 |
| 136 | ov_136 | 7.332650119447695 × 10^281 |
| 137 | ov_137 | 6.1908377116779675 × 10^281 |
| 138 | ov_138 | 5.1883507483374384 × 10^281 |
| 139 | ov_139 | 4.313166819249173 × 10^281 |
| 140 | ov_140 | 3.5538873089517486 × 10^281 |
| 141 | ov_141 | 2.8997101351990115 × 10^281 |
| 142 | ov_142 | 2.3404072396557394 × 10^281 |
| 143 | ov_143 | 1.86630625621527 × 10^281 |
| 144 | ov_144 | 1.4682758177305837 × 10^281 |
| 145 | ov_145 | 1.1377139970224254 × 10^281 |
| 146 | ov_146 | 8.665394129028089 × 10^280 |
| 147 | ov_147 | 6.471845666999043 × 10^280 |
| 148 | ov_148 | 4.725910094391307 × 10^280 |
| 149 | ov_149 | 3.3620597445590233 × 10^280 |
| 150 | ov_150 | 2.319801448061365 × 10^280 |
| 151 | ov_151 | 1.5436625941196214 × 10^280 |
| 152 | ov_152 | 9.831829643876415 × 10^279 |
| 153 | ov_153 | 5.929101681664274 × 10^279 |
| 154 | ov_154 | 3.3239712805275456 × 10^279 |
| 155 | ov_155 | 1.6620066994025753 × 10^279 |
| 156 | aaa_76_25 | 6.388075560025802 × 10^278 |
| 157 | aaa_76_26 | 3.690963866529792 × 10^278 |
| 158 | aaa_76_27 | 1.8905353081253908 × 10^278 |
| 159 | aaa_76_28 | 7.366700935431202 × 10^277 |
| 160 | aaa_76_29 | 2.242181553186187 × 10^277 |

### Output Bits Sorted by Complexity

| Rank | Output Bit | Complexity |
|:----:|:----------:|:----------:|
| 160 | aaa_76_29 | 2.242181553186187 × 10^277 |
| 159 | aaa_76_28 | 7.366700935431202 × 10^277 |
| 158 | aaa_76_27 | 1.8905353081253908 × 10^278 |
| 157 | aaa_76_26 | 3.690963866529792 × 10^278 |
| 156 | aaa_76_25 | 6.388075560025802 × 10^278 |
| 155 | ov_155 | 1.6620066994025753 × 10^279 |
| 154 | ov_154 | 3.3239712805275456 × 10^279 |
| 153 | ov_153 | 5.929101681664274 × 10^279 |
| 152 | ov_152 | 9.831829643876415 × 10^279 |
| 151 | ov_151 | 1.5436625941196214 × 10^280 |
| 150 | ov_150 | 2.319801448061365 × 10^280 |
| 149 | ov_149 | 3.3620597445590233 × 10^280 |
| 148 | ov_148 | 4.725910094391307 × 10^280 |
| 147 | ov_147 | 6.471845666999043 × 10^280 |
| 146 | ov_146 | 8.665394129028089 × 10^280 |
| 145 | ov_145 | 1.1377139970224254 × 10^281 |
| 144 | ov_144 | 1.4682758177305837 × 10^281 |
| 143 | ov_143 | 1.86630625621527 × 10^281 |
| 142 | ov_142 | 2.3404072396557394 × 10^281 |
| 141 | ov_141 | 2.8997101351990115 × 10^281 |
| 140 | ov_140 | 3.5538873089517486 × 10^281 |
| 139 | ov_139 | 4.313166819249173 × 10^281 |
| 138 | ov_138 | 5.1883507483374384 × 10^281 |
| 137 | ov_137 | 6.1908377116779675 × 10^281 |
| 136 | ov_136 | 7.332650119447695 × 10^281 |
| 135 | ov_135 | 8.62646680059128 × 10^281 |
| 134 | ov_134 | 1.0085661636135041 × 10^282 |
| 133 | ov_133 | 1.1717482956525317 × 10^282 |
| 132 | ov_132 | 1.3536838141146462 × 10^282 |
| 131 | ov_131 | 1.5559488606917663 × 10^282 |
| 130 | ov_130 | 1.5559499184209345 × 10^282 |
| 129 | ov_129 | 1.5559542888057032 × 10^282 |
| 128 | aaa_77_29 | 1.6690695586517875 × 10^282 |
| 127 | aaa_77_28 | 4.4473794833513766 × 10^282 |
| 126 | ov_126 | 1.3916310294071147 × 10^283 |
| 125 | ov_125 | 3.1236500507096 × 10^283 |
| 124 | ov_124 | 5.9439929734906705 × 10^283 |
| 123 | ov_123 | 1.0155860981924662 × 10^284 |
| 122 | ov_122 | 1.6062467549907795 × 10^284 |
| 121 | ov_121 | 2.3967062035217994 × 10^284 |
| 120 | ov_120 | 3.417297588789966 × 10^284 |
| 119 | ov_119 | 4.698369717210064 × 10^284 |
| 118 | ov_118 | 6.2702980956646536 × 10^284 |
| 117 | ov_117 | 8.163501704747626 × 10^284 |
| 116 | ov_116 | 1.0408469050465588 × 10^285 |
| 115 | ov_115 | 1.3035796392195216 × 10^285 |
| 114 | ov_114 | 1.607624014819611 × 10^285 |
| 113 | ov_113 | 1.9560785480320994 × 10^285 |
| 112 | ov_112 | 2.3964834636300958 × 10^285 |
| 111 | ov_111 | 2.9795512996194414 × 10^285 |
| 110 | ov_110 | 3.759222067421255 × 10^285 |
| 109 | ov_109 | 4.792733746060773 × 10^285 |
| 108 | ov_108 | 6.140710731723843 × 10^285 |
| 107 | ov_107 | 7.867273066430626 × 10^285 |
| 106 | ov_106 | 1.0040169473344419 × 10^286 |
| 105 | ov_105 | 1.2730937431971462 × 10^286 |
| 104 | ov_104 | 1.6015093734951053 × 10^286 |
| 103 | ov_103 | 1.9972359180179928 × 10^286 |
| 102 | ov_102 | 2.4686921268729935 × 10^286 |
| 101 | ov_101 | 3.0247739001661253 × 10^286 |
| 100 | ov_100 | 3.6748894098856855 × 10^286 |
| 99 | ov_099 | 4.428999320208248 × 10^286 |
| 98 | ov_098 | 4.429012258375058 × 10^286 |
| 97 | ov_097 | 4.429052726657038 × 10^286 |
| 96 | aaa_78_29 | 8.604993772753068 × 10^286 |
| 95 | aaa_78_28 | 2.8596616054323296 × 10^287 |
| 94 | ov_094 | 9.381136745780622 × 10^287 |
| 93 | ov_093 | 2.2203517713801227 × 10^288 |
| 92 | ov_092 | 4.5017755429372414 × 10^288 |
| 91 | ov_091 | 8.256668554436239 × 10^288 |
| 90 | ov_090 | 1.4538794603998398 × 10^289 |
| 89 | ov_089 | 2.4612330864951967 × 10^289 |
| 88 | ov_088 | 3.9951928641750213 × 10^289 |
| 87 | ov_087 | 6.224282641493394 × 10^289 |
| 86 | ov_086 | 9.338103803849022 × 10^289 |
| 85 | ov_085 | 1.354736401468607 × 10^290 |
| 84 | ov_084 | 1.9083918303234915 × 10^290 |
| 83 | ov_083 | 2.60796045861009 × 10^290 |
| 82 | ov_082 | 3.4808757407756023 × 10^290 |
| 81 | ov_081 | 4.556708029068016 × 10^290 |
| 64 | lv_79_m31 | 5.21351933284112 × 10^290 |
| 80 | ov_080 | 5.8671760483093744 × 10^290 |
| 79 | ov_079 | 7.44616081975384 × 10^290 |
| 78 | ov_078 | 9.329722277787364 × 10^290 |
| 77 | ov_077 | 1.1556118823965402 × 10^291 |
| 76 | ov_076 | 1.4165830063991352 × 10^291 |
| 75 | ov_075 | 1.7201583418934188 × 10^291 |
| 74 | ov_074 | 2.070838666780894 × 10^291 |
| 73 | ov_073 | 2.4733569939572395 × 10^291 |
| 63 | ov_063 | 2.6742552612105352 × 10^291 |
| 72 | ov_072 | 2.932684134198132 × 10^291 |
| 71 | ov_071 | 3.4540360676116055 × 10^291 |
| 70 | ov_070 | 4.042883595314011 × 10^291 |
| 69 | ov_069 | 4.704964770559347 × 10^291 |
| 68 | ov_068 | 5.446300637099054 × 10^291 |
| 67 | ov_067 | 6.273214832277295 × 10^291 |
| 66 | ov_066 | 6.273218789542738 × 10^291 |
| 65 | ov_065 | 6.273235375901162 × 10^291 |
| 62 | ov_062 | 1.3714492333534104 × 10^292 |
| 61 | ov_061 | 4.997349457653716 × 10^292 |
| 60 | ov_060 | 1.4300570729951945 × 10^293 |
| 59 | ov_059 | 3.4495542507556087 × 10^293 |
| 58 | ov_058 | 6.99960497098863 × 10^293 |
| 57 | ov_057 | 1.2644783433874369 × 10^294 |
| 56 | ov_056 | 2.1072864296070166 × 10^294 |
| 55 | ov_055 | 3.3782610431058744 × 10^294 |
| 54 | ov_054 | 5.170825234401885 × 10^294 |
| 53 | ov_053 | 7.684154831824904 × 10^294 |
| 52 | ov_052 | 1.1142094718787177 × 10^295 |
| 51 | ov_051 | 1.57931845082452 × 10^295 |
| 50 | ov_050 | 2.1910701010109207 × 10^295 |
| 49 | ov_049 | 2.9792726394382413 × 10^295 |
| 48 | ov_048 | 3.9762253005542187 × 10^295 |
| 47 | ov_047 | 5.216733746804811 × 10^295 |
| 32 | lv_80_m31 | 6.066456699092931 × 10^295 |
| 46 | ov_046 | 6.738131840853094 × 10^295 |
| 45 | ov_045 | 8.580311380792854 × 10^295 |
| 44 | ov_044 | 1.0785761447519412 × 10^296 |
| 43 | ov_043 | 1.3399618940420644 × 10^296 |
| 42 | ov_042 | 1.6469732047508578 × 10^296 |
| 41 | ov_041 | 2.0046738809178092 × 10^296 |
| 40 | ov_040 | 2.415813590641051 × 10^296 |
| 39 | ov_039 | 2.8860449581967116 × 10^296 |
| 31 | ov_031 | 3.111231757392014 × 10^296 |
| 38 | ov_038 | 3.4213347566332634 × 10^296 |
| 37 | ov_037 | 4.027980426582115 × 10^296 |
| 36 | ov_036 | 4.712629504187082 × 10^296 |
| 35 | ov_035 | 5.482302291046591 × 10^296 |
| 34 | ov_034 | 6.344418117190859 × 10^296 |
| 33 | ov_033 | 7.306825566550631 × 10^296 |
| 30 | ov_030 | 1.5953196128075413 × 10^297 |
| 29 | ov_029 | 5.219041240379367 × 10^297 |
| 28 | ov_028 | 1.35460087950226 × 10^298 |
| 27 | ov_027 | 3.0276569984508126 × 10^298 |
| 26 | ov_026 | 6.42442911416135 × 10^298 |
| 25 | ov_025 | 1.2714849631058375 × 10^299 |
| 24 | ov_024 | 2.3355434363258047 × 10^299 |
| 23 | ov_023 | 4.0089306247098285 × 10^299 |
| 22 | ov_022 | 6.494625543431495 × 10^299 |
| 21 | ov_021 | 1.0024286692350976 × 10^300 |
| 20 | ov_020 | 1.4858275341700366 × 10^300 |
| 19 | ov_019 | 2.1285693567526472 × 10^300 |
| 18 | ov_018 | 2.9624442734239156 × 10^300 |
| 17 | ov_017 | 4.022131048284741 × 10^300 |
| 16 | ov_016 | 5.345209620355392 × 10^300 |
| 15 | ov_015 | 6.972178750806062 × 10^300 |
| 14 | ov_014 | 8.94648038120494 × 10^300 |
| 13 | ov_013 | 1.131453259241443 × 10^301 |
| 12 | ov_012 | 1.4125773251538063 × 10^301 |
| 11 | ov_011 | 1.7432716632555033 × 10^301 |
| 10 | ov_010 | 2.1291025495229004 × 10^301 |
| 9 | ov_009 | 2.575960130689044 × 10^301 |
| 8 | ov_008 | 3.090069549322182 × 10^301 |
| 7 | ov_007 | 3.678004480779801 × 10^301 |
| 6 | ov_006 | 4.3467034116552945 × 10^301 |
| 5 | ov_005 | 5.103489010339041 × 10^301 |
| 4 | ov_004 | 5.95609096178038 × 10^301 |
| 3 | ov_003 | 6.912672634547015 × 10^301 |
| 2 | ov_002 | 7.981861918964923 × 10^301 |
| 1 | ov_001 | 9.17278659871802 × 10^301 |

