# Results for F001-F002-F003-F004-F005-F006-F007-F008-F009-F010-F011-F012-F013-F014-F015-F016-F017-F018-F019-F020-F021-F022-F023-F024-F025-F026-F027-F028-F029-F030-F031-F032-F033-F034-F035-F036-F037-F038-F039-F040-F041-F042-F043-F044-F045-F046-F047-F048-F049-F050-F051-F052-F053-F054-F055-F056-F057-F058-F059-F060-F061-F062-F063-F064-F065-F066-F067-F068-F069-F070-F071-F072-F073-F074-F075-F076-F077-F078-F079-F080-F081-F082-F083-F084-F085-F086-F087-F088-F089-F090-F091-F092-F093-F094-F095-F096-F097-F098-F099-F100-F101-F102-F103-F104-F105-F106-F107-F108-F109-F110-F111-F112-F113-F114-F115-F116-F117-F118-F119-F120-F121-F122-F123-F124-F125-F126-F127-F128-F129-F130-F131-F132-F133-F134-F135-F136-F137-F138-F139-F140-F141-F142-F143-F144-F145-F146-F147-F148-F149-F150-F151-F152-F153-F154-F155-F156-F157-F158-F159-F160-F161-F162-F163-F164-F165-F166-F167-F168-F169-F170-F171-F172-F173-F174-F175-F176-F177-F178-F179-F180-F181-F182-F183-F184-F185-F186-F187-F188-F189-F190-F191-F192-F193-F194-F195-F196-F197-F198-F199-F200-F201-F202-F203-F204-F205-F206-F207-F208-F209-F210-F211-F212-F213-F214-F215-F216-F217-F218-F219-F220-F221-F222-F223-F224-F225-F226-F227-F228-F229-F230-F231-F232-F233-F234-F235-F236-F237-F238-F239-F240-F241-F242-F243-F244-F245-F246-F247-F248-F249-F250-F251-F252-F253-F254-F255-F256-F257-F258-F259-F260-F261-F262-F263-F264-F265-F266-F267-F268-F269-F270-F271-F272-F273-F274-F275-F276-F277-F278-F279-F280-F281-F282-F283-F284-F285-F286-F287-F288-F289-F290-F291-F292-F293-F294-F295-F296-F297-F298-F299-F300-F301-F302-F303-F304-F305-F306-F307-F308-F309-F310-F311-F312-F313-F314-F315-F316-F317-F318-F319-F320-F321-F322-F323-F324-F325-F326-F327-F328-F329-F330-F331-F332-F333-F334-F335-F336-F337-F338-F339-F340-F341-F342-F343-F344-F345-F346-F347-F348-F349-F350-F351-F352-F353-F354-F355-F356-F357-F358-F359-F360-F361-F362-F363-F364-F365-F366-F367-F368-F369-F370-F371-F372-F373-F374-F375-F376-F377-F378-F379-F380-F381-F382-F383-F384-F385-F386-F387-F388-F389-F390-F391-F392-F393-F394-F395-F396-F397-F398-F399-F400-F401-F402-F403-F404-F405-F406-F407-F408-F409-F410-F411-F412-F413-F414-F415-F416-F417-F418-F419-F420-F421-F422-F423-F424-F425-F426-F427-F428-F429-F430-F431-F432-F433-F434-F435-F436-F437-F438-F439-F440-F441-F442-F443-F444-F445-F446-F447-F448-F449-F450-F451-F452-F453-F454-F455-F456-F457-F458-F459-F460-F461-F462-F463-F464-F465-F466-F467-F468-F469-F470-F471-F472-F473-F474-F475-F476-F477-F478-F479-F480-F481-F482-F483-F484-F485-F486-F487-F488-F489-F490-F491-F492-F493-F494-F495-F496-E497502-F510-F511-F512

## Summary

Number of input bits: 512  
Number of free input bits: 12  
Number of output bits: 160

Number of direct occurrences: 48537  
Number of assignments: 31355  
Number of operations: 10951902
(xor: 10923744,
and: 14756,
or: 13402)

Total complexity: 1.057800526693025 × 10^299

Least occurring input variable: iv_504 (3902)  
Most occurring input variable: iv_509 (4210)

Most co-occurring input variables: iv_508-iv_509 (2057)  
Least co-occurring input variables: iv_499-iv_506 (1777)

Potentially most occurring input variable: iv_497/iv_509 (4533)  
Potentially least occurring input variable: iv_504/iv_505 (3985)

Least output occurring input variable: iv_497 (71)  
Most output occurring input variable: iv_498 (88)

Most output co-occurring input variables: iv_498-iv_509 (52)  
Least output co-occurring input variables: iv_505-iv_507 (31)

Potentially most output occurring input variable: iv_503/iv_509 (98)  
Potentially least output occurring input variable: iv_499/iv_505 (57)

Least complex input bit: iv_498 (6.025169505235175 × 10^296)  
Most complex input bit: iv_505 (1.7982892155816175 × 10^298)

Least complex output bit: aaa_76_29 (2.1326554596277383 × 10^274)  
Most complex output bit: ov_001 (1.6776819188699656 × 10^298)

Least complex input/output complexity: iv_498/aaa_76_29 (1.2147479904073922 × 10^272)  
Most complex input/output complexity: iv_505/ov_001 (2.8521041781969688 × 10^297)

## Input Bits

### Input Bits in Regular Order

| Input Bit | Complexity | Occurrences | Output Occurrences |
|:---------:|:----------:|:-----------:|:------------------:|
| iv_497 | 5.04272021841926 × 10^297 | 4187 | 71 |
| iv_498 | 6.025169505235175 × 10^296 | 3908 | 88 |
| iv_499 | 1.0596422318008716 × 10^297 | 3915 | 81 |
| iv_500 | 1.780811168041047 × 10^297 | 4090 | 76 |
| iv_501 | 2.9334419231983162 × 10^297 | 4049 | 83 |
| iv_503 | 7.532033745755832 × 10^297 | 4021 | 75 |
| iv_504 | 1.1741417589904124 × 10^298 | 3902 | 78 |
| iv_505 | 1.7982892155816175 × 10^298 | 4053 | 72 |
| iv_506 | 9.097127306198631 × 10^297 | 3926 | 82 |
| iv_507 | 1.306130761997388 × 10^298 | 4153 | 76 |
| iv_508 | 1.7345248631912966 × 10^298 | 4123 | 74 |
| iv_509 | 1.7600893127757997 × 10^298 | 4210 | 87 |

### Input Bits Sorted by Complexity

| Input Bit | Complexity | Occurrences | Output Occurrences |
|:---------:|:----------:|:-----------:|:------------------:|
| iv_498 | 6.025169505235175 × 10^296 | 3908 | 88 |
| iv_499 | 1.0596422318008716 × 10^297 | 3915 | 81 |
| iv_500 | 1.780811168041047 × 10^297 | 4090 | 76 |
| iv_501 | 2.9334419231983162 × 10^297 | 4049 | 83 |
| iv_497 | 5.04272021841926 × 10^297 | 4187 | 71 |
| iv_503 | 7.532033745755832 × 10^297 | 4021 | 75 |
| iv_506 | 9.097127306198631 × 10^297 | 3926 | 82 |
| iv_504 | 1.1741417589904124 × 10^298 | 3902 | 78 |
| iv_507 | 1.306130761997388 × 10^298 | 4153 | 76 |
| iv_508 | 1.7345248631912966 × 10^298 | 4123 | 74 |
| iv_509 | 1.7600893127757997 × 10^298 | 4210 | 87 |
| iv_505 | 1.7982892155816175 × 10^298 | 4053 | 72 |

### Input Bits Sorted by Occurrences

| Input Bit | Complexity | Occurrences | Output Occurrences |
|:---------:|:----------:|:-----------:|:------------------:|
| iv_504 | 1.1741417589904124 × 10^298 | 3902 | 78 |
| iv_498 | 6.025169505235175 × 10^296 | 3908 | 88 |
| iv_499 | 1.0596422318008716 × 10^297 | 3915 | 81 |
| iv_506 | 9.097127306198631 × 10^297 | 3926 | 82 |
| iv_503 | 7.532033745755832 × 10^297 | 4021 | 75 |
| iv_501 | 2.9334419231983162 × 10^297 | 4049 | 83 |
| iv_505 | 1.7982892155816175 × 10^298 | 4053 | 72 |
| iv_500 | 1.780811168041047 × 10^297 | 4090 | 76 |
| iv_508 | 1.7345248631912966 × 10^298 | 4123 | 74 |
| iv_507 | 1.306130761997388 × 10^298 | 4153 | 76 |
| iv_497 | 5.04272021841926 × 10^297 | 4187 | 71 |
| iv_509 | 1.7600893127757997 × 10^298 | 4210 | 87 |

### Input Bits Sorted by Output Occurrences

| Input Bit | Complexity | Occurrences | Output Occurrences |
|:---------:|:----------:|:-----------:|:------------------:|
| iv_497 | 5.04272021841926 × 10^297 | 4187 | 71 |
| iv_505 | 1.7982892155816175 × 10^298 | 4053 | 72 |
| iv_508 | 1.7345248631912966 × 10^298 | 4123 | 74 |
| iv_503 | 7.532033745755832 × 10^297 | 4021 | 75 |
| iv_500 | 1.780811168041047 × 10^297 | 4090 | 76 |
| iv_507 | 1.306130761997388 × 10^298 | 4153 | 76 |
| iv_504 | 1.1741417589904124 × 10^298 | 3902 | 78 |
| iv_499 | 1.0596422318008716 × 10^297 | 3915 | 81 |
| iv_506 | 9.097127306198631 × 10^297 | 3926 | 82 |
| iv_501 | 2.9334419231983162 × 10^297 | 4049 | 83 |
| iv_509 | 1.7600893127757997 × 10^298 | 4210 | 87 |
| iv_498 | 6.025169505235175 × 10^296 | 3908 | 88 |

## Input Bit Co-occurrences

### Input Bit Co-occurrences Sorted by Co-occurrences

| Input Bits | Co-occurrences | Potential Occurrences | Output Co-occurrences | Potential Output Occurrences |
|:----------:|:--------------:|:---------------------:|:---------------------:|:----------------------------:|
| iv_508-iv_509 | 2057 | 4219 | 40 | 81 |
| iv_507-iv_509 | 2046 | 4271 | 44 | 75 |
| iv_505-iv_507 | 2026 | 4154 | 31 | 86 |
| iv_501-iv_505 | 2016 | 4070 | 41 | 73 |
| iv_497-iv_507 | 2015 | 4310 | 34 | 79 |
| iv_501-iv_509 | 2015 | 4229 | 49 | 72 |
| iv_497-iv_505 | 1998 | 4244 | 35 | 73 |
| iv_497-iv_501 | 1989 | 4258 | 36 | 82 |
| iv_504-iv_505 | 1985 | 3985 | 39 | 72 |
| iv_497-iv_500 | 1984 | 4309 | 38 | 71 |
| iv_497-iv_508 | 1976 | 4358 | 33 | 79 |
| iv_505-iv_509 | 1973 | 4317 | 36 | 87 |

### Input Bit Co-occurrences Sorted by Potential Occurrences

| Input Bits | Co-occurrences | Potential Occurrences | Output Co-occurrences | Potential Output Occurrences |
|:----------:|:--------------:|:---------------------:|:---------------------:|:----------------------------:|
| iv_504-iv_505 | 1985 | 3985 | 39 | 72 |
| iv_501-iv_505 | 2016 | 4070 | 41 | 73 |
| iv_504-iv_506 | 1859 | 4110 | 42 | 76 |
| iv_499-iv_504 | 1847 | 4123 | 38 | 83 |
| iv_506-iv_507 | 1971 | 4137 | 39 | 80 |
| iv_499-iv_501 | 1911 | 4142 | 44 | 76 |
| iv_499-iv_505 | 1907 | 4154 | 48 | 57 |
| iv_505-iv_507 | 2026 | 4154 | 31 | 86 |
| iv_498-iv_504 | 1826 | 4158 | 46 | 74 |
| iv_498-iv_506 | 1828 | 4178 | 41 | 88 |
| iv_499-iv_508 | 1923 | 4192 | 41 | 73 |
| iv_498-iv_499 | 1814 | 4195 | 48 | 73 |

### Input Bit Output Co-occurrences Sorted by Output Co-occurrences

| Input Bits | Co-occurrences | Potential Occurrences | Output Co-occurrences | Potential Output Occurrences |
|:----------:|:--------------:|:---------------------:|:---------------------:|:----------------------------:|
| iv_498-iv_509 | 1868 | 4382 | 52 | 71 |
| iv_501-iv_509 | 2015 | 4229 | 49 | 72 |
| iv_498-iv_499 | 1814 | 4195 | 48 | 73 |
| iv_498-iv_501 | 1853 | 4251 | 48 | 75 |
| iv_498-iv_505 | 1879 | 4203 | 48 | 64 |
| iv_499-iv_505 | 1907 | 4154 | 48 | 57 |
| iv_498-iv_508 | 1857 | 4317 | 47 | 68 |
| iv_498-iv_504 | 1826 | 4158 | 46 | 74 |
| iv_499-iv_501 | 1911 | 4142 | 44 | 76 |
| iv_501-iv_506 | 1843 | 4289 | 44 | 77 |
| iv_507-iv_509 | 2046 | 4271 | 44 | 75 |
| iv_501-iv_508 | 1924 | 4324 | 43 | 71 |

### Input Bit Output Co-occurrences Sorted by Potential Output Occurrences

| Input Bits | Co-occurrences | Potential Occurrences | Output Co-occurrences | Potential Output Occurrences |
|:----------:|:--------------:|:---------------------:|:---------------------:|:----------------------------:|
| iv_499-iv_505 | 1907 | 4154 | 48 | 57 |
| iv_498-iv_505 | 1879 | 4203 | 48 | 64 |
| iv_505-iv_508 | 1966 | 4244 | 40 | 66 |
| iv_498-iv_508 | 1857 | 4317 | 47 | 68 |
| iv_501-iv_508 | 1924 | 4324 | 43 | 71 |
| iv_497-iv_500 | 1984 | 4309 | 38 | 71 |
| iv_503-iv_505 | 1911 | 4252 | 38 | 71 |
| iv_498-iv_509 | 1868 | 4382 | 52 | 71 |
| iv_501-iv_509 | 2015 | 4229 | 49 | 72 |
| iv_504-iv_508 | 1898 | 4229 | 40 | 72 |
| iv_504-iv_505 | 1985 | 3985 | 39 | 72 |
| iv_497-iv_504 | 1899 | 4291 | 38 | 73 |

## Output Bits

### Output Bits in Regular Order

| Rank | Output Bit | Complexity |
|:----:|:----------:|:----------:|
| 1 | ov_001 | 1.6776819188699656 × 10^298 |
| 2 | ov_002 | 1.45688237214861 × 10^298 |
| 3 | ov_003 | 1.2589041381838395 × 10^298 |
| 4 | ov_004 | 1.082026841133936 × 10^298 |
| 5 | ov_005 | 9.246238772637418 × 10^297 |
| 6 | ov_006 | 7.851557720452868 × 10^297 |
| 7 | ov_007 | 6.621644001604783 × 10^297 |
| 8 | ov_008 | 5.542679987421833 × 10^297 |
| 9 | ov_009 | 4.601569086775189 × 10^297 |
| 10 | ov_010 | 3.785899731138495 × 10^297 |
| 11 | ov_011 | 3.0839152150554565 × 10^297 |
| 12 | ov_012 | 2.484488716430434 × 10^297 |
| 13 | ov_013 | 1.9771028612911248 × 10^297 |
| 14 | ov_014 | 1.551833237286409 × 10^297 |
| 15 | ov_015 | 1.199335299327397 × 10^297 |
| 16 | ov_016 | 9.108341495784517 × 10^296 |
| 17 | ov_017 | 6.7811671255451565 × 10^296 |
| 18 | ov_018 | 4.935258644558025 × 10^296 |
| 19 | ov_019 | 3.4995611412538063 × 10^296 |
| 20 | ov_020 | 2.4085047118838253 × 10^296 |
| 21 | ov_021 | 1.6019819068626027 × 10^296 |
| 22 | ov_022 | 1.0253316613228634 × 10^296 |
| 23 | ov_023 | 6.293281837263814 × 10^295 |
| 24 | ov_024 | 3.7017364680355015 × 10^295 |
| 25 | ov_025 | 2.094937153460254 × 10^295 |
| 26 | ov_026 | 1.1433509654566794 × 10^295 |
| 27 | ov_027 | 5.716438751959724 × 10^294 |
| 28 | ov_028 | 2.5569774682981673 × 10^294 |
| 29 | ov_029 | 9.849104298634494 × 10^293 |
| 30 | ov_030 | 3.009852100459134 × 10^293 |
| 31 | ov_031 | 5.868190365559888 × 10^292 |
| 32 | lv_80_m31 | 1.143873576314533 × 10^292 |
| 33 | ov_033 | 1.3713502786137834 × 10^293 |
| 34 | ov_034 | 1.1890521407134584 × 10^293 |
| 35 | ov_035 | 1.0259055068444066 × 10^293 |
| 36 | ov_036 | 8.804079768636569 × 10^292 |
| 37 | ov_037 | 7.511383708689423 × 10^292 |
| 38 | ov_038 | 6.367510132284531 × 10^292 |
| 39 | ov_039 | 5.359707868356797 × 10^292 |
| 40 | ov_040 | 4.4758888297553723 × 10^292 |
| 41 | ov_041 | 3.7045917673984087 × 10^292 |
| 42 | ov_042 | 3.0349516224562357 × 10^292 |
| 43 | ov_043 | 2.461681412087901 × 10^292 |
| 44 | ov_044 | 1.9750358639203052 × 10^292 |
| 45 | ov_045 | 1.5658015713190677 × 10^292 |
| 46 | ov_046 | 1.2252829586561413 × 10^292 |
| 47 | ov_047 | 9.452911405667678 × 10^291 |
| 48 | ov_048 | 7.18135241522296 × 10^291 |
| 49 | ov_049 | 5.3661577552376574 × 10^291 |
| 50 | ov_050 | 3.9401971858069935 × 10^291 |
| 51 | ov_051 | 2.8411693901685415 × 10^291 |
| 52 | ov_052 | 2.0115768265835845 × 10^291 |
| 53 | ov_053 | 1.3987084171023288 × 10^291 |
| 54 | ov_054 | 9.546277874521735 × 10^290 |
| 55 | ov_055 | 6.361653986785761 × 10^290 |
| 56 | ov_056 | 4.049134781196839 × 10^290 |
| 57 | ov_057 | 2.4285809472643096 × 10^290 |
| 58 | ov_058 | 1.3436409796258036 × 10^290 |
| 59 | ov_059 | 6.617451761515154 × 10^289 |
| 60 | ov_060 | 2.741028528447058 × 10^289 |
| 61 | ov_061 | 9.570131700702959 × 10^288 |
| 62 | ov_062 | 2.624074365380875 × 10^288 |
| 63 | ov_063 | 5.1120430152055315 × 10^287 |
| 64 | lv_79_m31 | 9.95681040389406 × 10^286 |
| 65 | ov_065 | 1.1878432847476907 × 10^288 |
| 66 | ov_066 | 1.1878395873275009 × 10^288 |
| 67 | ov_067 | 1.1878386823973326 × 10^288 |
| 68 | ov_068 | 1.0270845362456649 × 10^288 |
| 69 | ov_069 | 8.836428925242227 × 10^287 |
| 70 | ov_070 | 7.561132757436324 × 10^287 |
| 71 | ov_071 | 6.431813907201284 × 10^287 |
| 72 | ov_072 | 5.436132865622907 × 10^287 |
| 73 | ov_073 | 4.5625003639527326 × 10^287 |
| 74 | ov_074 | 3.800029055836933 × 10^287 |
| 75 | ov_075 | 3.1384898225666133 × 10^287 |
| 76 | ov_076 | 2.5682724479428065 × 10^287 |
| 77 | ov_077 | 2.0803504162757364 × 10^287 |
| 78 | ov_078 | 1.6662495925557157 × 10^287 |
| 79 | ov_079 | 1.3180205481509514 × 10^287 |
| 80 | ov_080 | 1.0282142986983552 × 10^287 |
| 81 | ov_081 | 7.898612233348988 × 10^286 |
| 82 | ov_082 | 5.964529362312743 × 10^286 |
| 83 | ov_083 | 4.419268826835071 × 10^286 |
| 84 | ov_084 | 3.206534329218887 × 10^286 |
| 85 | ov_085 | 2.274252474185894 × 10^286 |
| 86 | ov_086 | 1.5744868789669268 × 10^286 |
| 87 | ov_087 | 1.0633704852048273 × 10^286 |
| 88 | ov_088 | 7.010538192011383 × 10^285 |
| 89 | ov_089 | 4.51666948047933 × 10^285 |
| 90 | ov_090 | 2.832928797227418 × 10^285 |
| 91 | ov_091 | 1.6795015548181056 × 10^285 |
| 92 | ov_092 | 9.263025747871267 × 10^284 |
| 93 | ov_093 | 4.62853301049026 × 10^284 |
| 94 | ov_094 | 1.98263311125705 × 10^284 |
| 95 | aaa_78_28 | 6.12227645981649 × 10^283 |
| 96 | aaa_78_29 | 1.8802252440193074 × 10^283 |
| 97 | ov_097 | 1.2417393213811032 × 10^283 |
| 98 | ov_098 | 1.2417020929931684 × 10^283 |
| 99 | ov_099 | 1.241690201316284 × 10^283 |
| 100 | ov_100 | 1.1173726363482085 × 10^283 |
| 101 | ov_101 | 1.0022317603217731 × 10^283 |
| 102 | ov_102 | 8.957634991701549 × 10^282 |
| 103 | ov_103 | 7.975005310707649 × 10^282 |
| 104 | ov_104 | 7.07007514143008 × 10^282 |
| 105 | ov_105 | 6.238767484089591 × 10^282 |
| 106 | ov_106 | 5.477242496176163 × 10^282 |
| 107 | ov_107 | 4.7818621333598164 × 10^282 |
| 108 | ov_108 | 4.149158483539138 × 10^282 |
| 109 | ov_109 | 3.575805589567836 × 10^282 |
| 110 | ov_110 | 3.058594560101182 × 10^282 |
| 111 | ov_111 | 2.594411770925108 × 10^282 |
| 112 | ov_112 | 2.1802199612460804 × 10^282 |
| 113 | ov_113 | 1.8130420308904813 × 10^282 |
| 114 | ov_114 | 1.489947345335029 × 10^282 |
| 115 | ov_115 | 1.2080403560979103 × 10^282 |
| 116 | ov_116 | 9.644513443815891 × 10^281 |
| 117 | ov_117 | 7.563290960699135 × 10^281 |
| 118 | ov_118 | 5.808353163118924 × 10^281 |
| 119 | ov_119 | 4.3514059200894034 × 10^281 |
| 120 | ov_120 | 3.164215769688359 × 10^281 |
| 121 | ov_121 | 2.2185896486046852 × 10^281 |
| 122 | ov_122 | 1.486359966215141 × 10^281 |
| 123 | ov_123 | 9.393740653315644 × 10^280 |
| 124 | ov_124 | 5.494871117869885 × 10^280 |
| 125 | ov_125 | 2.8855768868908006 × 10^280 |
| 126 | ov_126 | 1.2844554862093397 × 10^280 |
| 127 | aaa_77_28 | 4.101075062092802 × 10^279 |
| 128 | aaa_77_29 | 1.5370747839581776 × 10^279 |
| 129 | ov_129 | 1.4203978143885216 × 10^279 |
| 130 | ov_130 | 1.4203936610486417 × 10^279 |
| 131 | ov_131 | 1.4203926569557952 × 10^279 |
| 132 | ov_132 | 1.2317341963597668 × 10^279 |
| 133 | ov_133 | 1.0621271154362765 × 10^279 |
| 134 | ov_134 | 9.108046529197753 × 10^278 |
| 135 | ov_135 | 7.763543112861882 × 10^278 |
| 136 | ov_136 | 6.574375424328639 × 10^278 |
| 137 | ov_137 | 5.527848332989644 × 10^278 |
| 138 | ov_138 | 4.611915129879081 × 10^278 |
| 139 | ov_139 | 3.8151420899595774 × 10^278 |
| 140 | ov_140 | 3.126678839140977 × 10^278 |
| 141 | ov_141 | 2.5362338764882258 × 10^278 |
| 142 | ov_142 | 2.0340546382274246 × 10^278 |
| 143 | ov_143 | 1.6109115258550557 × 10^278 |
| 144 | ov_144 | 1.2580853560339119 × 10^278 |
| 145 | ov_145 | 9.673577251267942 × 10^277 |
| 146 | ov_146 | 7.31003816251936 × 10^277 |
| 147 | ov_147 | 5.417872116925551 × 10^277 |
| 148 | ov_148 | 3.929563083866941 × 10^277 |
| 149 | ov_149 | 2.782419690793879 × 10^277 |
| 150 | ov_150 | 1.9185607654764905 × 10^277 |
| 151 | ov_151 | 1.284906931175065 × 10^277 |
| 152 | ov_152 | 8.331757457588011 × 10^276 |
| 153 | ov_153 | 5.198786637260797 × 10^276 |
| 154 | ov_154 | 3.0631899930377366 × 10^276 |
| 155 | ov_155 | 1.585905902230857 × 10^276 |
| 156 | aaa_76_25 | 6.093787960596669 × 10^275 |
| 157 | aaa_76_26 | 3.5189310895862104 × 10^275 |
| 158 | aaa_76_27 | 1.8012484432436797 × 10^275 |
| 159 | aaa_76_28 | 7.012892663143834 × 10^274 |
| 160 | aaa_76_29 | 2.1326554596277383 × 10^274 |

### Output Bits Sorted by Complexity

| Rank | Output Bit | Complexity |
|:----:|:----------:|:----------:|
| 160 | aaa_76_29 | 2.1326554596277383 × 10^274 |
| 159 | aaa_76_28 | 7.012892663143834 × 10^274 |
| 158 | aaa_76_27 | 1.8012484432436797 × 10^275 |
| 157 | aaa_76_26 | 3.5189310895862104 × 10^275 |
| 156 | aaa_76_25 | 6.093787960596669 × 10^275 |
| 155 | ov_155 | 1.585905902230857 × 10^276 |
| 154 | ov_154 | 3.0631899930377366 × 10^276 |
| 153 | ov_153 | 5.198786637260797 × 10^276 |
| 152 | ov_152 | 8.331757457588011 × 10^276 |
| 151 | ov_151 | 1.284906931175065 × 10^277 |
| 150 | ov_150 | 1.9185607654764905 × 10^277 |
| 149 | ov_149 | 2.782419690793879 × 10^277 |
| 148 | ov_148 | 3.929563083866941 × 10^277 |
| 147 | ov_147 | 5.417872116925551 × 10^277 |
| 146 | ov_146 | 7.31003816251936 × 10^277 |
| 145 | ov_145 | 9.673577251267942 × 10^277 |
| 144 | ov_144 | 1.2580853560339119 × 10^278 |
| 143 | ov_143 | 1.6109115258550557 × 10^278 |
| 142 | ov_142 | 2.0340546382274246 × 10^278 |
| 141 | ov_141 | 2.5362338764882258 × 10^278 |
| 140 | ov_140 | 3.126678839140977 × 10^278 |
| 139 | ov_139 | 3.8151420899595774 × 10^278 |
| 138 | ov_138 | 4.611915129879081 × 10^278 |
| 137 | ov_137 | 5.527848332989644 × 10^278 |
| 136 | ov_136 | 6.574375424328639 × 10^278 |
| 135 | ov_135 | 7.763543112861882 × 10^278 |
| 134 | ov_134 | 9.108046529197753 × 10^278 |
| 133 | ov_133 | 1.0621271154362765 × 10^279 |
| 132 | ov_132 | 1.2317341963597668 × 10^279 |
| 131 | ov_131 | 1.4203926569557952 × 10^279 |
| 130 | ov_130 | 1.4203936610486417 × 10^279 |
| 129 | ov_129 | 1.4203978143885216 × 10^279 |
| 128 | aaa_77_29 | 1.5370747839581776 × 10^279 |
| 127 | aaa_77_28 | 4.101075062092802 × 10^279 |
| 126 | ov_126 | 1.2844554862093397 × 10^280 |
| 125 | ov_125 | 2.8855768868908006 × 10^280 |
| 124 | ov_124 | 5.494871117869885 × 10^280 |
| 123 | ov_123 | 9.393740653315644 × 10^280 |
| 122 | ov_122 | 1.486359966215141 × 10^281 |
| 121 | ov_121 | 2.2185896486046852 × 10^281 |
| 120 | ov_120 | 3.164215769688359 × 10^281 |
| 119 | ov_119 | 4.3514059200894034 × 10^281 |
| 118 | ov_118 | 5.808353163118924 × 10^281 |
| 117 | ov_117 | 7.563290960699135 × 10^281 |
| 116 | ov_116 | 9.644513443815891 × 10^281 |
| 115 | ov_115 | 1.2080403560979103 × 10^282 |
| 114 | ov_114 | 1.489947345335029 × 10^282 |
| 113 | ov_113 | 1.8130420308904813 × 10^282 |
| 112 | ov_112 | 2.1802199612460804 × 10^282 |
| 111 | ov_111 | 2.594411770925108 × 10^282 |
| 110 | ov_110 | 3.058594560101182 × 10^282 |
| 109 | ov_109 | 3.575805589567836 × 10^282 |
| 108 | ov_108 | 4.149158483539138 × 10^282 |
| 107 | ov_107 | 4.7818621333598164 × 10^282 |
| 106 | ov_106 | 5.477242496176163 × 10^282 |
| 105 | ov_105 | 6.238767484089591 × 10^282 |
| 104 | ov_104 | 7.07007514143008 × 10^282 |
| 103 | ov_103 | 7.975005310707649 × 10^282 |
| 102 | ov_102 | 8.957634991701549 × 10^282 |
| 101 | ov_101 | 1.0022317603217731 × 10^283 |
| 100 | ov_100 | 1.1173726363482085 × 10^283 |
| 99 | ov_099 | 1.241690201316284 × 10^283 |
| 98 | ov_098 | 1.2417020929931684 × 10^283 |
| 97 | ov_097 | 1.2417393213811032 × 10^283 |
| 96 | aaa_78_29 | 1.8802252440193074 × 10^283 |
| 95 | aaa_78_28 | 6.12227645981649 × 10^283 |
| 94 | ov_094 | 1.98263311125705 × 10^284 |
| 93 | ov_093 | 4.62853301049026 × 10^284 |
| 92 | ov_092 | 9.263025747871267 × 10^284 |
| 91 | ov_091 | 1.6795015548181056 × 10^285 |
| 90 | ov_090 | 2.832928797227418 × 10^285 |
| 89 | ov_089 | 4.51666948047933 × 10^285 |
| 88 | ov_088 | 7.010538192011383 × 10^285 |
| 87 | ov_087 | 1.0633704852048273 × 10^286 |
| 86 | ov_086 | 1.5744868789669268 × 10^286 |
| 85 | ov_085 | 2.274252474185894 × 10^286 |
| 84 | ov_084 | 3.206534329218887 × 10^286 |
| 83 | ov_083 | 4.419268826835071 × 10^286 |
| 82 | ov_082 | 5.964529362312743 × 10^286 |
| 81 | ov_081 | 7.898612233348988 × 10^286 |
| 64 | lv_79_m31 | 9.95681040389406 × 10^286 |
| 80 | ov_080 | 1.0282142986983552 × 10^287 |
| 79 | ov_079 | 1.3180205481509514 × 10^287 |
| 78 | ov_078 | 1.6662495925557157 × 10^287 |
| 77 | ov_077 | 2.0803504162757364 × 10^287 |
| 76 | ov_076 | 2.5682724479428065 × 10^287 |
| 75 | ov_075 | 3.1384898225666133 × 10^287 |
| 74 | ov_074 | 3.800029055836933 × 10^287 |
| 73 | ov_073 | 4.5625003639527326 × 10^287 |
| 63 | ov_063 | 5.1120430152055315 × 10^287 |
| 72 | ov_072 | 5.436132865622907 × 10^287 |
| 71 | ov_071 | 6.431813907201284 × 10^287 |
| 70 | ov_070 | 7.561132757436324 × 10^287 |
| 69 | ov_069 | 8.836428925242227 × 10^287 |
| 68 | ov_068 | 1.0270845362456649 × 10^288 |
| 67 | ov_067 | 1.1878386823973326 × 10^288 |
| 66 | ov_066 | 1.1878395873275009 × 10^288 |
| 65 | ov_065 | 1.1878432847476907 × 10^288 |
| 62 | ov_062 | 2.624074365380875 × 10^288 |
| 61 | ov_061 | 9.570131700702959 × 10^288 |
| 60 | ov_060 | 2.741028528447058 × 10^289 |
| 59 | ov_059 | 6.617451761515154 × 10^289 |
| 58 | ov_058 | 1.3436409796258036 × 10^290 |
| 57 | ov_057 | 2.4285809472643096 × 10^290 |
| 56 | ov_056 | 4.049134781196839 × 10^290 |
| 55 | ov_055 | 6.361653986785761 × 10^290 |
| 54 | ov_054 | 9.546277874521735 × 10^290 |
| 53 | ov_053 | 1.3987084171023288 × 10^291 |
| 52 | ov_052 | 2.0115768265835845 × 10^291 |
| 51 | ov_051 | 2.8411693901685415 × 10^291 |
| 50 | ov_050 | 3.9401971858069935 × 10^291 |
| 49 | ov_049 | 5.3661577552376574 × 10^291 |
| 48 | ov_048 | 7.18135241522296 × 10^291 |
| 47 | ov_047 | 9.452911405667678 × 10^291 |
| 32 | lv_80_m31 | 1.143873576314533 × 10^292 |
| 46 | ov_046 | 1.2252829586561413 × 10^292 |
| 45 | ov_045 | 1.5658015713190677 × 10^292 |
| 44 | ov_044 | 1.9750358639203052 × 10^292 |
| 43 | ov_043 | 2.461681412087901 × 10^292 |
| 42 | ov_042 | 3.0349516224562357 × 10^292 |
| 41 | ov_041 | 3.7045917673984087 × 10^292 |
| 40 | ov_040 | 4.4758888297553723 × 10^292 |
| 39 | ov_039 | 5.359707868356797 × 10^292 |
| 31 | ov_031 | 5.868190365559888 × 10^292 |
| 38 | ov_038 | 6.367510132284531 × 10^292 |
| 37 | ov_037 | 7.511383708689423 × 10^292 |
| 36 | ov_036 | 8.804079768636569 × 10^292 |
| 35 | ov_035 | 1.0259055068444066 × 10^293 |
| 34 | ov_034 | 1.1890521407134584 × 10^293 |
| 33 | ov_033 | 1.3713502786137834 × 10^293 |
| 30 | ov_030 | 3.009852100459134 × 10^293 |
| 29 | ov_029 | 9.849104298634494 × 10^293 |
| 28 | ov_028 | 2.5569774682981673 × 10^294 |
| 27 | ov_027 | 5.716438751959724 × 10^294 |
| 26 | ov_026 | 1.1433509654566794 × 10^295 |
| 25 | ov_025 | 2.094937153460254 × 10^295 |
| 24 | ov_024 | 3.7017364680355015 × 10^295 |
| 23 | ov_023 | 6.293281837263814 × 10^295 |
| 22 | ov_022 | 1.0253316613228634 × 10^296 |
| 21 | ov_021 | 1.6019819068626027 × 10^296 |
| 20 | ov_020 | 2.4085047118838253 × 10^296 |
| 19 | ov_019 | 3.4995611412538063 × 10^296 |
| 18 | ov_018 | 4.935258644558025 × 10^296 |
| 17 | ov_017 | 6.7811671255451565 × 10^296 |
| 16 | ov_016 | 9.108341495784517 × 10^296 |
| 15 | ov_015 | 1.199335299327397 × 10^297 |
| 14 | ov_014 | 1.551833237286409 × 10^297 |
| 13 | ov_013 | 1.9771028612911248 × 10^297 |
| 12 | ov_012 | 2.484488716430434 × 10^297 |
| 11 | ov_011 | 3.0839152150554565 × 10^297 |
| 10 | ov_010 | 3.785899731138495 × 10^297 |
| 9 | ov_009 | 4.601569086775189 × 10^297 |
| 8 | ov_008 | 5.542679987421833 × 10^297 |
| 7 | ov_007 | 6.621644001604783 × 10^297 |
| 6 | ov_006 | 7.851557720452868 × 10^297 |
| 5 | ov_005 | 9.246238772637418 × 10^297 |
| 4 | ov_004 | 1.082026841133936 × 10^298 |
| 3 | ov_003 | 1.2589041381838395 × 10^298 |
| 2 | ov_002 | 1.45688237214861 × 10^298 |
| 1 | ov_001 | 1.6776819188699656 × 10^298 |

