# Results for F001-F002-F003-F004-F005-F006-F007-F008-F009-F010-F011-F012-F013-F014-F015-F016-F017-F018-F019-F020-F021-F022-F023-F024-F025-F026-F027-F028-F029-F030-F031-F032-F033-F034-F035-F036-F037-F038-F039-F040-F041-F042-F043-F044-F045-F046-F047-F048-F049-F050-F051-F052-F053-F054-F055-F056-F057-F058-F059-F060-F061-F062-F063-F064-F065-F066-F067-F068-F069-F070-F071-F072-F073-F074-F075-F076-F077-F078-F079-F080-F081-F082-F083-F084-F085-F086-F087-F088-F089-F090-F091-F092-F093-F094-F095-F096-F097-F098-F099-F100-F101-F102-F103-F104-F105-F106-F107-F108-F109-F110-F111-F112-F113-F114-F115-F116-F117-F118-F119-F120-F121-F122-F123-F124-F125-F126-F127-F128-F129-F130-F131-F132-F133-F134-F135-F136-F137-F138-F139-F140-F141-F142-F143-F144-F145-F146-F147-F148-F149-F150-F151-F152-F153-F154-F155-F156-F157-F158-F159-F160-F161-F162-F163-F164-F165-F166-F167-F168-F169-F170-F171-F172-F173-F174-F175-F176-F177-F178-F179-F180-F181-F182-F183-F184-F185-F186-F187-F188-F189-F190-F191-F192-F193-F194-F195-F196-F197-F198-F199-F200-F201-F202-F203-F204-F205-F206-F207-F208-F209-F210-F211-F212-F213-F214-F215-F216-F217-F218-F219-F220-F221-F222-F223-F224-F225-F226-F227-F228-F229-F230-F231-F232-F233-F234-F235-F236-F237-F238-F239-F240-F241-F242-F243-F244-F245-F246-F247-F248-F249-F250-F251-F252-F253-F254-F255-F256-F257-F258-F259-F260-F261-F262-F263-F264-F265-F266-F267-F268-F269-F270-F271-F272-F273-F274-F275-F276-F277-F278-F279-F280-F281-F282-F283-F284-F285-F286-F287-F288-F289-F290-F291-F292-F293-F294-F295-F296-F297-F298-F299-F300-F301-F302-F303-F304-F305-F306-F307-F308-F309-F310-F311-F312-F313-F314-F315-F316-F317-F318-F319-F320-F321-F322-F323-F324-F325-F326-F327-F328-F329-F330-F331-F332-F333-F334-F335-F336-F337-F338-F339-F340-F341-F342-F343-F344-F345-F346-F347-F348-F349-F350-F351-F352-F353-F354-F355-F356-F357-F358-F359-F360-F361-F362-F363-F364-F365-F366-F367-F368-F369-F370-F371-F372-F373-F374-F375-F376-F377-F378-F379-F380-F381-F382-F383-F384-F385-F386-F387-F388-F389-F390-F391-F392-F393-F394-F395-F396-F397-F398-F399-F400-F401-F402-F403-F404-F405-F406-F407-F408-F409-F410-F411-F412-F413-F414-F415-F416-F417-F418-F419-F420-F421-F422-F423-F424-F425-F426-F427-F428-F429-F430-F431-F432-F433-F434-F435-F436-F437-F438-F439-F440-F441-F442-F443-F444-F445-F446-F447-F448-F449-F450-F451-F452-F453-F454-F455-F456-F457-F458-F459-F460-F461-F462-F463-F464-F465-F466-F467-F468-F469-F470-F471-F472-F473-F474-F475-F476-F477-F478-F479-F480-F481-F482-F483-F484-F485-F486-F487-F488-F489-F490-F491-F492-F493-F494-F495-F496-F509-F510-T511-F512

## Summary

Number of input bits: 512  
Number of free input bits: 12  
Number of output bits: 160

Number of direct occurrences: 49421  
Number of assignments: 31606  
Number of operations: 11920233
(xor: 11891729,
and: 15068,
or: 13436)

Total complexity: 4.2148350037878816 × 10^303

Least occurring input variable: iv_497 (4020)  
Most occurring input variable: iv_508 (4343)

Most co-occurring input variables: iv_504-iv_508 (2122)  
Least co-occurring input variables: iv_502-iv_506 (1843)

Potentially most occurring input variable: iv_503/iv_508 (4549)  
Potentially least occurring input variable: iv_500/iv_502 (4096)

Least output occurring input variable: iv_501 (71)  
Most output occurring input variable: iv_502 (87)

Most output co-occurring input variables: iv_502-iv_504 (51)  
Least output co-occurring input variables: iv_501-iv_503 (32)

Potentially most output occurring input variable: iv_498/iv_507 (95)  
Potentially least output occurring input variable: iv_499/iv_504 (67)

Least complex input bit: iv_497 (1.4825678224361437 × 10^301)  
Most complex input bit: iv_505 (8.857252849597873 × 10^302)

Least complex output bit: aaa_76_29 (1.3717139238853057 × 10^278)  
Most complex output bit: ov_001 (6.742019112449829 × 10^302)

Least complex input/output complexity: iv_497/aaa_76_29 (4.825002457539435 × 10^275)  
Most complex input/output complexity: iv_505/ov_001 (1.4167996598235257 × 10^302)

## Input Bits

### Input Bits in Regular Order

| Input Bit | Complexity | Occurrences | Output Occurrences |
|:---------:|:----------:|:-----------:|:------------------:|
| iv_497 | 1.4825678224361437 × 10^301 | 4020 | 81 |
| iv_498 | 2.9683434385402414 × 10^301 | 4071 | 81 |
| iv_499 | 5.247124755996687 × 10^301 | 4055 | 73 |
| iv_500 | 8.8485176739862 × 10^301 | 4124 | 79 |
| iv_501 | 1.4564037693916326 × 10^302 | 4042 | 71 |
| iv_502 | 2.351464437500499 × 10^302 | 4048 | 87 |
| iv_503 | 3.7274873382024588 × 10^302 | 4102 | 76 |
| iv_504 | 5.797414576418589 × 10^302 | 4181 | 84 |
| iv_505 | 8.857252849597873 × 10^302 | 4138 | 83 |
| iv_506 | 4.444807737539998 × 10^302 | 4060 | 77 |
| iv_507 | 6.326191195135973 × 10^302 | 4237 | 82 |
| iv_508 | 7.332672764995863 × 10^302 | 4343 | 75 |

### Input Bits Sorted by Complexity

| Input Bit | Complexity | Occurrences | Output Occurrences |
|:---------:|:----------:|:-----------:|:------------------:|
| iv_497 | 1.4825678224361437 × 10^301 | 4020 | 81 |
| iv_498 | 2.9683434385402414 × 10^301 | 4071 | 81 |
| iv_499 | 5.247124755996687 × 10^301 | 4055 | 73 |
| iv_500 | 8.8485176739862 × 10^301 | 4124 | 79 |
| iv_501 | 1.4564037693916326 × 10^302 | 4042 | 71 |
| iv_502 | 2.351464437500499 × 10^302 | 4048 | 87 |
| iv_503 | 3.7274873382024588 × 10^302 | 4102 | 76 |
| iv_506 | 4.444807737539998 × 10^302 | 4060 | 77 |
| iv_504 | 5.797414576418589 × 10^302 | 4181 | 84 |
| iv_507 | 6.326191195135973 × 10^302 | 4237 | 82 |
| iv_508 | 7.332672764995863 × 10^302 | 4343 | 75 |
| iv_505 | 8.857252849597873 × 10^302 | 4138 | 83 |

### Input Bits Sorted by Occurrences

| Input Bit | Complexity | Occurrences | Output Occurrences |
|:---------:|:----------:|:-----------:|:------------------:|
| iv_497 | 1.4825678224361437 × 10^301 | 4020 | 81 |
| iv_501 | 1.4564037693916326 × 10^302 | 4042 | 71 |
| iv_502 | 2.351464437500499 × 10^302 | 4048 | 87 |
| iv_499 | 5.247124755996687 × 10^301 | 4055 | 73 |
| iv_506 | 4.444807737539998 × 10^302 | 4060 | 77 |
| iv_498 | 2.9683434385402414 × 10^301 | 4071 | 81 |
| iv_503 | 3.7274873382024588 × 10^302 | 4102 | 76 |
| iv_500 | 8.8485176739862 × 10^301 | 4124 | 79 |
| iv_505 | 8.857252849597873 × 10^302 | 4138 | 83 |
| iv_504 | 5.797414576418589 × 10^302 | 4181 | 84 |
| iv_507 | 6.326191195135973 × 10^302 | 4237 | 82 |
| iv_508 | 7.332672764995863 × 10^302 | 4343 | 75 |

### Input Bits Sorted by Output Occurrences

| Input Bit | Complexity | Occurrences | Output Occurrences |
|:---------:|:----------:|:-----------:|:------------------:|
| iv_501 | 1.4564037693916326 × 10^302 | 4042 | 71 |
| iv_499 | 5.247124755996687 × 10^301 | 4055 | 73 |
| iv_508 | 7.332672764995863 × 10^302 | 4343 | 75 |
| iv_503 | 3.7274873382024588 × 10^302 | 4102 | 76 |
| iv_506 | 4.444807737539998 × 10^302 | 4060 | 77 |
| iv_500 | 8.8485176739862 × 10^301 | 4124 | 79 |
| iv_498 | 2.9683434385402414 × 10^301 | 4071 | 81 |
| iv_497 | 1.4825678224361437 × 10^301 | 4020 | 81 |
| iv_507 | 6.326191195135973 × 10^302 | 4237 | 82 |
| iv_505 | 8.857252849597873 × 10^302 | 4138 | 83 |
| iv_504 | 5.797414576418589 × 10^302 | 4181 | 84 |
| iv_502 | 2.351464437500499 × 10^302 | 4048 | 87 |

## Input Bit Co-occurrences

### Input Bit Co-occurrences Sorted by Co-occurrences

| Input Bits | Co-occurrences | Potential Occurrences | Output Co-occurrences | Potential Output Occurrences |
|:----------:|:--------------:|:---------------------:|:---------------------:|:----------------------------:|
| iv_504-iv_508 | 2122 | 4280 | 41 | 77 |
| iv_507-iv_508 | 2121 | 4338 | 39 | 79 |
| iv_504-iv_505 | 2087 | 4145 | 43 | 81 |
| iv_499-iv_507 | 2053 | 4186 | 33 | 89 |
| iv_500-iv_502 | 2038 | 4096 | 47 | 72 |
| iv_498-iv_508 | 2037 | 4340 | 35 | 86 |
| iv_506-iv_507 | 2031 | 4235 | 38 | 83 |
| iv_499-iv_508 | 2031 | 4336 | 33 | 82 |
| iv_504-iv_507 | 2030 | 4358 | 43 | 80 |
| iv_506-iv_508 | 2012 | 4379 | 38 | 76 |
| iv_501-iv_504 | 2009 | 4205 | 39 | 77 |
| iv_505-iv_507 | 2007 | 4361 | 46 | 73 |

### Input Bit Co-occurrences Sorted by Potential Occurrences

| Input Bits | Co-occurrences | Potential Occurrences | Output Co-occurrences | Potential Output Occurrences |
|:----------:|:--------------:|:---------------------:|:---------------------:|:----------------------------:|
| iv_500-iv_502 | 2038 | 4096 | 47 | 72 |
| iv_501-iv_502 | 1975 | 4140 | 39 | 80 |
| iv_504-iv_505 | 2087 | 4145 | 43 | 81 |
| iv_499-iv_507 | 2053 | 4186 | 33 | 89 |
| iv_497-iv_502 | 1937 | 4194 | 46 | 76 |
| iv_501-iv_504 | 2009 | 4205 | 39 | 77 |
| iv_499-iv_502 | 1943 | 4217 | 38 | 84 |
| iv_499-iv_504 | 2004 | 4228 | 45 | 67 |
| iv_506-iv_507 | 2031 | 4235 | 38 | 83 |
| iv_498-iv_505 | 1987 | 4235 | 43 | 78 |
| iv_500-iv_506 | 1970 | 4244 | 42 | 72 |
| iv_499-iv_506 | 1934 | 4247 | 32 | 86 |

### Input Bit Output Co-occurrences Sorted by Output Co-occurrences

| Input Bits | Co-occurrences | Potential Occurrences | Output Co-occurrences | Potential Output Occurrences |
|:----------:|:--------------:|:---------------------:|:---------------------:|:----------------------------:|
| iv_502-iv_504 | 1915 | 4399 | 51 | 69 |
| iv_500-iv_502 | 2038 | 4096 | 47 | 72 |
| iv_498-iv_504 | 1989 | 4274 | 46 | 73 |
| iv_497-iv_502 | 1937 | 4194 | 46 | 76 |
| iv_505-iv_507 | 2007 | 4361 | 46 | 73 |
| iv_497-iv_500 | 1884 | 4376 | 45 | 70 |
| iv_497-iv_507 | 1980 | 4297 | 45 | 73 |
| iv_499-iv_504 | 2004 | 4228 | 45 | 67 |
| iv_498-iv_500 | 1949 | 4297 | 44 | 72 |
| iv_502-iv_505 | 1933 | 4320 | 44 | 82 |
| iv_497-iv_508 | 1954 | 4455 | 44 | 68 |
| iv_497-iv_506 | 1881 | 4318 | 43 | 72 |

### Input Bit Output Co-occurrences Sorted by Potential Output Occurrences

| Input Bits | Co-occurrences | Potential Occurrences | Output Co-occurrences | Potential Output Occurrences |
|:----------:|:--------------:|:---------------------:|:---------------------:|:----------------------------:|
| iv_499-iv_504 | 2004 | 4228 | 45 | 67 |
| iv_497-iv_508 | 1954 | 4455 | 44 | 68 |
| iv_502-iv_504 | 1915 | 4399 | 51 | 69 |
| iv_497-iv_500 | 1884 | 4376 | 45 | 70 |
| iv_503-iv_506 | 1907 | 4348 | 41 | 71 |
| iv_498-iv_500 | 1949 | 4297 | 44 | 72 |
| iv_500-iv_506 | 1970 | 4244 | 42 | 72 |
| iv_497-iv_506 | 1881 | 4318 | 43 | 72 |
| iv_499-iv_505 | 1960 | 4273 | 42 | 72 |
| iv_500-iv_502 | 2038 | 4096 | 47 | 72 |
| iv_498-iv_504 | 1989 | 4274 | 46 | 73 |
| iv_497-iv_507 | 1980 | 4297 | 45 | 73 |

## Output Bits

### Output Bits in Regular Order

| Rank | Output Bit | Complexity |
|:----:|:----------:|:----------:|
| 1 | ov_001 | 6.742019112449829 × 10^302 |
| 2 | ov_002 | 5.84684177144069 × 10^302 |
| 3 | ov_003 | 5.044930996495049 × 10^302 |
| 4 | ov_004 | 4.329219607203468 × 10^302 |
| 5 | ov_005 | 3.6930257740453146 × 10^302 |
| 6 | ov_006 | 3.1300255442255867 × 10^302 |
| 7 | ov_007 | 2.6342289141432676 × 10^302 |
| 8 | ov_008 | 2.199959218005609 × 10^302 |
| 9 | ov_009 | 1.8218355759824767 × 10^302 |
| 10 | ov_010 | 1.4947580982512448 × 10^302 |
| 11 | ov_011 | 1.2138955378085291 × 10^302 |
| 12 | ov_012 | 9.746751024790209 × 10^301 |
| 13 | ov_013 | 7.727741537704275 × 10^301 |
| 14 | ov_014 | 6.041135371846678 × 10^301 |
| 15 | ov_015 | 4.648523053628087 × 10^301 |
| 16 | ov_016 | 3.513836120659208 × 10^301 |
| 17 | ov_017 | 2.6033157151588 × 10^301 |
| 18 | ov_018 | 1.885488940689973 × 10^301 |
| 19 | ov_019 | 1.3311512559308385 × 10^301 |
| 20 | ov_020 | 9.133534200601724 × 10^300 |
| 21 | ov_021 | 6.0739188928039024 × 10^300 |
| 22 | ov_022 | 3.9080191820867156 × 10^300 |
| 23 | ov_023 | 2.4335278891224216 × 10^300 |
| 24 | ov_024 | 1.47044671928197 × 10^300 |
| 25 | ov_025 | 8.610670515627298 × 10^299 |
| 26 | ov_026 | 4.699594127759782 × 10^299 |
| 27 | ov_027 | 2.349779787099658 × 10^299 |
| 28 | ov_028 | 1.0511329458684242 × 10^299 |
| 29 | ov_029 | 4.049177674152271 × 10^298 |
| 30 | ov_030 | 1.2375581935435403 × 10^298 |
| 31 | ov_031 | 2.4132205495439746 × 10^297 |
| 32 | lv_80_m31 | 4.704954395341314 × 10^296 |
| 33 | ov_033 | 5.637946205161157 × 10^297 |
| 34 | ov_034 | 4.888585731729014 × 10^297 |
| 35 | ov_035 | 4.21824984624092 × 10^297 |
| 36 | ov_036 | 3.62050527516664 × 10^297 |
| 37 | ov_037 | 3.0892664838986494 × 10^297 |
| 38 | ov_038 | 2.618771044328311 × 10^297 |
| 39 | ov_039 | 2.203558329366219 × 10^297 |
| 40 | ov_040 | 1.8384512212541576 × 10^297 |
| 41 | ov_041 | 1.5185405364161205 × 10^297 |
| 42 | ov_042 | 1.2414368804552355 × 10^297 |
| 43 | ov_043 | 1.0048752579822333 × 10^297 |
| 44 | ov_044 | 8.046798663282864 × 10^296 |
| 45 | ov_045 | 6.369022918594642 × 10^296 |
| 46 | ov_046 | 4.97815590302702 × 10^296 |
| 47 | ov_047 | 3.8390961602097155 × 10^296 |
| 48 | ov_048 | 2.918874067213419 × 10^296 |
| 49 | ov_049 | 2.1866244445957314 × 10^296 |
| 50 | ov_050 | 1.6135662814576692 × 10^296 |
| 51 | ov_051 | 1.1729880706616816 × 10^296 |
| 52 | ov_052 | 8.402373922393127 × 10^295 |
| 53 | ov_053 | 5.927135841097115 × 10^295 |
| 54 | ov_054 | 4.098626480677468 × 10^295 |
| 55 | ov_055 | 2.731738210530498 × 10^295 |
| 56 | ov_056 | 1.7390219121435555 × 10^295 |
| 57 | ov_057 | 1.0432294758798369 × 10^295 |
| 58 | ov_058 | 5.773089729001931 × 10^294 |
| 59 | ov_059 | 2.8440211687978815 × 10^294 |
| 60 | ov_060 | 1.1784309868504893 × 10^294 |
| 61 | ov_061 | 4.1158161400131994 × 10^293 |
| 62 | ov_062 | 1.1288924390747245 × 10^293 |
| 63 | ov_063 | 2.1999261927940693 × 10^292 |
| 64 | lv_79_m31 | 4.2861010801425385 × 10^291 |
| 65 | ov_065 | 5.090244559770527 × 10^292 |
| 66 | ov_066 | 5.09022953046268 × 10^292 |
| 67 | ov_067 | 5.090225908884144 × 10^292 |
| 68 | ov_068 | 4.403558120318708 × 10^292 |
| 69 | ov_069 | 3.7893145187965177 × 10^292 |
| 70 | ov_070 | 3.242037942837761 × 10^292 |
| 71 | ov_071 | 2.756552182314237 × 10^292 |
| 72 | ov_072 | 2.327942074225543 × 10^292 |
| 73 | ov_073 | 1.951536670233285 × 10^292 |
| 74 | ov_074 | 1.6228951519974168 × 10^292 |
| 75 | ov_075 | 1.337795187384819 × 10^292 |
| 76 | ov_076 | 1.0922234370086719 × 10^292 |
| 77 | ov_077 | 8.82367936424792 × 10^291 |
| 78 | ov_078 | 7.046120947593047 × 10^291 |
| 79 | ov_079 | 5.555300656577957 × 10^291 |
| 80 | ov_080 | 4.3188326130310407 × 10^291 |
| 81 | ov_081 | 3.306177949085063 × 10^291 |
| 82 | ov_082 | 2.488626516050802 × 10^291 |
| 83 | ov_083 | 1.8392840204609603 × 10^291 |
| 84 | ov_084 | 1.3330628737755824 × 10^291 |
| 85 | ov_085 | 9.46675336872837 × 10^290 |
| 86 | ov_086 | 6.586281208158055 × 10^290 |
| 87 | ov_087 | 4.492181323229992 × 10^290 |
| 88 | ov_088 | 3.0052922214589757 × 10^290 |
| 89 | ov_089 | 1.964297946216542 × 10^290 |
| 90 | ov_090 | 1.2257113670359292 × 10^290 |
| 91 | ov_091 | 7.222444419090476 × 10^289 |
| 92 | ov_092 | 3.9551597681322285 × 10^289 |
| 93 | ov_093 | 1.9604926562950019 × 10^289 |
| 94 | ov_094 | 8.327093046778038 × 10^288 |
| 95 | aaa_78_28 | 2.5510448227455834 × 10^288 |
| 96 | aaa_78_29 | 7.736999468718482 × 10^287 |
| 97 | ov_097 | 4.128852762555124 × 10^287 |
| 98 | ov_098 | 4.128829439228633 × 10^287 |
| 99 | ov_099 | 4.128821993934468 × 10^287 |
| 100 | ov_100 | 3.517389765879021 × 10^287 |
| 101 | ov_101 | 2.9765982130870344 × 10^287 |
| 102 | ov_102 | 2.500693555687054 × 10^287 |
| 103 | ov_103 | 2.0842363320218967 × 10^287 |
| 104 | ov_104 | 1.72207847837975 × 10^287 |
| 105 | ov_105 | 1.4093434305192852 × 10^287 |
| 106 | ov_106 | 1.1414089676853023 × 10^287 |
| 107 | ov_107 | 9.13892534371814 × 10^286 |
| 108 | ov_108 | 7.226387891092272 × 10^286 |
| 109 | ov_109 | 5.637091431337305 × 10^286 |
| 110 | ov_110 | 4.333730650284261 × 10^286 |
| 111 | ov_111 | 3.281009403833968 × 10^286 |
| 112 | ov_112 | 2.4455828827014775 × 10^286 |
| 113 | ov_113 | 1.7960114891830078 × 10^286 |
| 114 | ov_114 | 1.3027246946261716 × 10^286 |
| 115 | ov_115 | 9.379932703080182 × 10^285 |
| 116 | ov_116 | 6.759084079330179 × 10^285 |
| 117 | ov_117 | 4.9236636914279074 × 10^285 |
| 118 | ov_118 | 3.650574264087662 × 10^285 |
| 119 | ov_119 | 2.7345798053988166 × 10^285 |
| 120 | ov_120 | 1.988249638095969 × 10^285 |
| 121 | ov_121 | 1.3938433044065057 × 10^285 |
| 122 | ov_122 | 9.336366996761518 × 10^284 |
| 123 | ov_123 | 5.8991530945553586 × 10^284 |
| 124 | ov_124 | 3.4496964508325 × 10^284 |
| 125 | ov_125 | 1.810924142103193 × 10^284 |
| 126 | ov_126 | 8.057707648243518 × 10^283 |
| 127 | aaa_77_28 | 2.5717288695695636 × 10^283 |
| 128 | aaa_77_29 | 9.63419383375267 × 10^282 |
| 129 | ov_129 | 8.859411862874968 × 10^282 |
| 130 | ov_130 | 8.859385134413694 × 10^282 |
| 131 | ov_131 | 8.859378668183505 × 10^282 |
| 132 | ov_132 | 7.666126007279359 × 10^282 |
| 133 | ov_133 | 6.598991192546775 × 10^282 |
| 134 | ov_134 | 5.648342939165523 × 10^282 |
| 135 | ov_135 | 4.8050691230664086 × 10^282 |
| 136 | ov_136 | 4.060539706580898 × 10^282 |
| 137 | ov_137 | 3.406574712486758 × 10^282 |
| 138 | ov_138 | 2.835416771172409 × 10^282 |
| 139 | ov_139 | 2.3397077900801516 × 10^282 |
| 140 | ov_140 | 1.9124693182786827 × 10^282 |
| 141 | ov_141 | 1.5470862021200068 × 10^282 |
| 142 | ov_142 | 1.2372931505916562 × 10^282 |
| 143 | ov_143 | 9.771638512960201 × 10^281 |
| 144 | ov_144 | 7.611023000672547 × 10^281 |
| 145 | ov_145 | 5.838360291457044 × 10^281 |
| 146 | ov_146 | 4.4041094062530155 × 10^281 |
| 147 | ov_147 | 3.261874736105018 × 10^281 |
| 148 | ov_148 | 2.3683785519286684 × 10^281 |
| 149 | ov_149 | 1.6834420700088304 × 10^281 |
| 150 | ov_150 | 1.1699730070100652 × 10^281 |
| 151 | ov_151 | 7.939577743996727 × 10^280 |
| 152 | ov_152 | 5.244567533535494 × 10^280 |
| 153 | ov_153 | 3.3360151909834714 × 10^280 |
| 154 | ov_154 | 1.9659327100882193 × 10^280 |
| 155 | ov_155 | 1.0179987164551247 × 10^280 |
| 156 | aaa_76_25 | 3.912341239309199 × 10^279 |
| 157 | aaa_76_26 | 2.2600295906008645 × 10^279 |
| 158 | aaa_76_27 | 1.157320007575651 × 10^279 |
| 159 | aaa_76_28 | 4.5082229986133086 × 10^278 |
| 160 | aaa_76_29 | 1.3717139238853057 × 10^278 |

### Output Bits Sorted by Complexity

| Rank | Output Bit | Complexity |
|:----:|:----------:|:----------:|
| 160 | aaa_76_29 | 1.3717139238853057 × 10^278 |
| 159 | aaa_76_28 | 4.5082229986133086 × 10^278 |
| 158 | aaa_76_27 | 1.157320007575651 × 10^279 |
| 157 | aaa_76_26 | 2.2600295906008645 × 10^279 |
| 156 | aaa_76_25 | 3.912341239309199 × 10^279 |
| 155 | ov_155 | 1.0179987164551247 × 10^280 |
| 154 | ov_154 | 1.9659327100882193 × 10^280 |
| 153 | ov_153 | 3.3360151909834714 × 10^280 |
| 152 | ov_152 | 5.244567533535494 × 10^280 |
| 151 | ov_151 | 7.939577743996727 × 10^280 |
| 150 | ov_150 | 1.1699730070100652 × 10^281 |
| 149 | ov_149 | 1.6834420700088304 × 10^281 |
| 148 | ov_148 | 2.3683785519286684 × 10^281 |
| 147 | ov_147 | 3.261874736105018 × 10^281 |
| 146 | ov_146 | 4.4041094062530155 × 10^281 |
| 145 | ov_145 | 5.838360291457044 × 10^281 |
| 144 | ov_144 | 7.611023000672547 × 10^281 |
| 143 | ov_143 | 9.771638512960201 × 10^281 |
| 142 | ov_142 | 1.2372931505916562 × 10^282 |
| 141 | ov_141 | 1.5470862021200068 × 10^282 |
| 140 | ov_140 | 1.9124693182786827 × 10^282 |
| 139 | ov_139 | 2.3397077900801516 × 10^282 |
| 138 | ov_138 | 2.835416771172409 × 10^282 |
| 137 | ov_137 | 3.406574712486758 × 10^282 |
| 136 | ov_136 | 4.060539706580898 × 10^282 |
| 135 | ov_135 | 4.8050691230664086 × 10^282 |
| 134 | ov_134 | 5.648342939165523 × 10^282 |
| 133 | ov_133 | 6.598991192546775 × 10^282 |
| 132 | ov_132 | 7.666126007279359 × 10^282 |
| 131 | ov_131 | 8.859378668183505 × 10^282 |
| 130 | ov_130 | 8.859385134413694 × 10^282 |
| 129 | ov_129 | 8.859411862874968 × 10^282 |
| 128 | aaa_77_29 | 9.63419383375267 × 10^282 |
| 127 | aaa_77_28 | 2.5717288695695636 × 10^283 |
| 126 | ov_126 | 8.057707648243518 × 10^283 |
| 125 | ov_125 | 1.810924142103193 × 10^284 |
| 124 | ov_124 | 3.4496964508325 × 10^284 |
| 123 | ov_123 | 5.8991530945553586 × 10^284 |
| 122 | ov_122 | 9.336366996761518 × 10^284 |
| 121 | ov_121 | 1.3938433044065057 × 10^285 |
| 120 | ov_120 | 1.988249638095969 × 10^285 |
| 119 | ov_119 | 2.7345798053988166 × 10^285 |
| 118 | ov_118 | 3.650574264087662 × 10^285 |
| 117 | ov_117 | 4.9236636914279074 × 10^285 |
| 116 | ov_116 | 6.759084079330179 × 10^285 |
| 115 | ov_115 | 9.379932703080182 × 10^285 |
| 114 | ov_114 | 1.3027246946261716 × 10^286 |
| 113 | ov_113 | 1.7960114891830078 × 10^286 |
| 112 | ov_112 | 2.4455828827014775 × 10^286 |
| 111 | ov_111 | 3.281009403833968 × 10^286 |
| 110 | ov_110 | 4.333730650284261 × 10^286 |
| 109 | ov_109 | 5.637091431337305 × 10^286 |
| 108 | ov_108 | 7.226387891092272 × 10^286 |
| 107 | ov_107 | 9.13892534371814 × 10^286 |
| 106 | ov_106 | 1.1414089676853023 × 10^287 |
| 105 | ov_105 | 1.4093434305192852 × 10^287 |
| 104 | ov_104 | 1.72207847837975 × 10^287 |
| 103 | ov_103 | 2.0842363320218967 × 10^287 |
| 102 | ov_102 | 2.500693555687054 × 10^287 |
| 101 | ov_101 | 2.9765982130870344 × 10^287 |
| 100 | ov_100 | 3.517389765879021 × 10^287 |
| 99 | ov_099 | 4.128821993934468 × 10^287 |
| 98 | ov_098 | 4.128829439228633 × 10^287 |
| 97 | ov_097 | 4.128852762555124 × 10^287 |
| 96 | aaa_78_29 | 7.736999468718482 × 10^287 |
| 95 | aaa_78_28 | 2.5510448227455834 × 10^288 |
| 94 | ov_094 | 8.327093046778038 × 10^288 |
| 93 | ov_093 | 1.9604926562950019 × 10^289 |
| 92 | ov_092 | 3.9551597681322285 × 10^289 |
| 91 | ov_091 | 7.222444419090476 × 10^289 |
| 90 | ov_090 | 1.2257113670359292 × 10^290 |
| 89 | ov_089 | 1.964297946216542 × 10^290 |
| 88 | ov_088 | 3.0052922214589757 × 10^290 |
| 87 | ov_087 | 4.492181323229992 × 10^290 |
| 86 | ov_086 | 6.586281208158055 × 10^290 |
| 85 | ov_085 | 9.46675336872837 × 10^290 |
| 84 | ov_084 | 1.3330628737755824 × 10^291 |
| 83 | ov_083 | 1.8392840204609603 × 10^291 |
| 82 | ov_082 | 2.488626516050802 × 10^291 |
| 81 | ov_081 | 3.306177949085063 × 10^291 |
| 64 | lv_79_m31 | 4.2861010801425385 × 10^291 |
| 80 | ov_080 | 4.3188326130310407 × 10^291 |
| 79 | ov_079 | 5.555300656577957 × 10^291 |
| 78 | ov_078 | 7.046120947593047 × 10^291 |
| 77 | ov_077 | 8.82367936424792 × 10^291 |
| 76 | ov_076 | 1.0922234370086719 × 10^292 |
| 75 | ov_075 | 1.337795187384819 × 10^292 |
| 74 | ov_074 | 1.6228951519974168 × 10^292 |
| 73 | ov_073 | 1.951536670233285 × 10^292 |
| 63 | ov_063 | 2.1999261927940693 × 10^292 |
| 72 | ov_072 | 2.327942074225543 × 10^292 |
| 71 | ov_071 | 2.756552182314237 × 10^292 |
| 70 | ov_070 | 3.242037942837761 × 10^292 |
| 69 | ov_069 | 3.7893145187965177 × 10^292 |
| 68 | ov_068 | 4.403558120318708 × 10^292 |
| 67 | ov_067 | 5.090225908884144 × 10^292 |
| 66 | ov_066 | 5.09022953046268 × 10^292 |
| 65 | ov_065 | 5.090244559770527 × 10^292 |
| 62 | ov_062 | 1.1288924390747245 × 10^293 |
| 61 | ov_061 | 4.1158161400131994 × 10^293 |
| 60 | ov_060 | 1.1784309868504893 × 10^294 |
| 59 | ov_059 | 2.8440211687978815 × 10^294 |
| 58 | ov_058 | 5.773089729001931 × 10^294 |
| 57 | ov_057 | 1.0432294758798369 × 10^295 |
| 56 | ov_056 | 1.7390219121435555 × 10^295 |
| 55 | ov_055 | 2.731738210530498 × 10^295 |
| 54 | ov_054 | 4.098626480677468 × 10^295 |
| 53 | ov_053 | 5.927135841097115 × 10^295 |
| 52 | ov_052 | 8.402373922393127 × 10^295 |
| 51 | ov_051 | 1.1729880706616816 × 10^296 |
| 50 | ov_050 | 1.6135662814576692 × 10^296 |
| 49 | ov_049 | 2.1866244445957314 × 10^296 |
| 48 | ov_048 | 2.918874067213419 × 10^296 |
| 47 | ov_047 | 3.8390961602097155 × 10^296 |
| 32 | lv_80_m31 | 4.704954395341314 × 10^296 |
| 46 | ov_046 | 4.97815590302702 × 10^296 |
| 45 | ov_045 | 6.369022918594642 × 10^296 |
| 44 | ov_044 | 8.046798663282864 × 10^296 |
| 43 | ov_043 | 1.0048752579822333 × 10^297 |
| 42 | ov_042 | 1.2414368804552355 × 10^297 |
| 41 | ov_041 | 1.5185405364161205 × 10^297 |
| 40 | ov_040 | 1.8384512212541576 × 10^297 |
| 39 | ov_039 | 2.203558329366219 × 10^297 |
| 31 | ov_031 | 2.4132205495439746 × 10^297 |
| 38 | ov_038 | 2.618771044328311 × 10^297 |
| 37 | ov_037 | 3.0892664838986494 × 10^297 |
| 36 | ov_036 | 3.62050527516664 × 10^297 |
| 35 | ov_035 | 4.21824984624092 × 10^297 |
| 34 | ov_034 | 4.888585731729014 × 10^297 |
| 33 | ov_033 | 5.637946205161157 × 10^297 |
| 30 | ov_030 | 1.2375581935435403 × 10^298 |
| 29 | ov_029 | 4.049177674152271 × 10^298 |
| 28 | ov_028 | 1.0511329458684242 × 10^299 |
| 27 | ov_027 | 2.349779787099658 × 10^299 |
| 26 | ov_026 | 4.699594127759782 × 10^299 |
| 25 | ov_025 | 8.610670515627298 × 10^299 |
| 24 | ov_024 | 1.47044671928197 × 10^300 |
| 23 | ov_023 | 2.4335278891224216 × 10^300 |
| 22 | ov_022 | 3.9080191820867156 × 10^300 |
| 21 | ov_021 | 6.0739188928039024 × 10^300 |
| 20 | ov_020 | 9.133534200601724 × 10^300 |
| 19 | ov_019 | 1.3311512559308385 × 10^301 |
| 18 | ov_018 | 1.885488940689973 × 10^301 |
| 17 | ov_017 | 2.6033157151588 × 10^301 |
| 16 | ov_016 | 3.513836120659208 × 10^301 |
| 15 | ov_015 | 4.648523053628087 × 10^301 |
| 14 | ov_014 | 6.041135371846678 × 10^301 |
| 13 | ov_013 | 7.727741537704275 × 10^301 |
| 12 | ov_012 | 9.746751024790209 × 10^301 |
| 11 | ov_011 | 1.2138955378085291 × 10^302 |
| 10 | ov_010 | 1.4947580982512448 × 10^302 |
| 9 | ov_009 | 1.8218355759824767 × 10^302 |
| 8 | ov_008 | 2.199959218005609 × 10^302 |
| 7 | ov_007 | 2.6342289141432676 × 10^302 |
| 6 | ov_006 | 3.1300255442255867 × 10^302 |
| 5 | ov_005 | 3.6930257740453146 × 10^302 |
| 4 | ov_004 | 4.329219607203468 × 10^302 |
| 3 | ov_003 | 5.044930996495049 × 10^302 |
| 2 | ov_002 | 5.84684177144069 × 10^302 |
| 1 | ov_001 | 6.742019112449829 × 10^302 |

