# Results for F001-F002-F003-F004-F005-F006-F007-F008-F009-F010-F011-F012-F013-F014-F015-F016-F017-F018-F019-F020-F021-F022-F023-F024-F025-F026-F027-F028-F029-F030-F031-F032-F033-F034-F035-F036-F037-F038-F039-F040-F041-F042-F043-F044-F045-F046-F047-F048-F049-F050-F051-F052-F053-F054-F055-F056-F057-F058-F059-F060-F061-F062-F063-F064-F065-F066-F067-F068-F069-F070-F071-F072-F073-F074-F075-F076-F077-F078-F079-F080-F081-F082-F083-F084-F085-F086-F087-F088-F089-F090-F091-F092-F093-F094-F095-F096-F097-F098-F099-F100-F101-F102-F103-F104-F105-F106-F107-F108-F109-F110-F111-F112-F113-F114-F115-F116-F117-F118-F119-F120-F121-F122-F123-F124-F125-F126-F127-F128-F129-F130-F131-F132-F133-F134-F135-F136-F137-F138-F139-F140-F141-F142-F143-F144-F145-F146-F147-F148-F149-F150-F151-F152-F153-F154-F155-F156-F157-F158-F159-F160-F161-F162-F163-F164-F165-F166-F167-F168-F169-F170-F171-F172-F173-F174-F175-F176-F177-F178-F179-F180-F181-F182-F183-F184-F185-F186-F187-F188-F189-F190-F191-F192-F193-F194-F195-F196-F197-F198-F199-F200-F201-F202-F203-F204-F205-F206-F207-F208-F209-F210-F211-F212-F213-F214-F215-F216-F217-F218-F219-F220-F221-F222-F223-F224-F225-F226-F227-F228-F229-F230-F231-F232-F233-F234-F235-F236-F237-F238-F239-F240-F241-F242-F243-F244-F245-F246-F247-F248-F249-F250-F251-F252-F253-F254-F255-F256-F257-F258-F259-F260-F261-F262-F263-F264-F265-F266-F267-F268-F269-F270-F271-F272-F273-F274-F275-F276-F277-F278-F279-F280-F281-F282-F283-F284-F285-F286-F287-F288-F289-F290-F291-F292-F293-F294-F295-F296-F297-F298-F299-F300-F301-F302-F303-F304-F305-F306-F307-F308-F309-F310-F311-F312-F313-F314-F315-F316-F317-F318-F319-F320-F321-F322-F323-F324-F325-F326-F327-F328-F329-F330-F331-F332-F333-F334-F335-F336-F337-F338-F339-F340-F341-F342-F343-F344-F345-F346-F347-F348-F349-F350-F351-F352-F353-F354-F355-F356-F357-F358-F359-F360-F361-F362-F363-F364-F365-F366-F367-F368-F369-F370-F371-F372-F373-F374-F375-F376-F377-F378-F379-F380-F381-F382-F383-F384-F385-F386-F387-F388-F389-F390-F391-F392-F393-F394-F395-F396-F397-F398-F399-F400-F401-F402-F403-F404-F405-F406-F407-F408-F409-F410-F411-F412-F413-F414-F415-F416-F417-F418-F419-F420-F421-F422-F423-F424-F425-F426-F427-F428-F429-F430-F431-F432-F433-F434-F435-F436-F437-F438-F439-F440-F441-F442-F443-F444-F445-F446-F447-F448-F449-F450-F451-F452-F453-F454-F455-F456-F457-F458-F459-F460-F461-F462-F463-F464-F465-F466-F467-F468-F469-F470-F471-F472-F473-F474-F475-F476-F477-F478-F479-F480-F481-F482-F483-F484-F485-F486-F487-F488-F489-F490-F491-F492-F493-F494-F495-F496-O498505-F509-F510-F512

## Summary

Number of input bits: 512  
Number of free input bits: 12  
Number of output bits: 160

Number of direct occurrences: 49235  
Number of assignments: 31604  
Number of operations: 11261660
(xor: 11233243,
and: 14978,
or: 13439)

Total complexity: 1.5939066384522524 × 10^301

Least occurring input variable: iv_502 (3892)  
Most occurring input variable: iv_511 (4323)

Most co-occurring input variables: iv_507-iv_508 (2065)  
Least co-occurring input variables: iv_499-iv_502 (1782)

Potentially most occurring input variable: iv_498/iv_511 (4602)  
Potentially least occurring input variable: iv_504/iv_506 (4159)

Least output occurring input variable: iv_498 (70)  
Most output occurring input variable: iv_503 (85)

Most output co-occurring input variables: iv_502-iv_506 (48)  
Least output co-occurring input variables: iv_498-iv_508 (30)

Potentially most output occurring input variable: iv_498/iv_508 (91)  
Potentially least output occurring input variable: iv_497/iv_502 (69)

Least complex input bit: iv_511 (2.299166692234794 × 10^297)  
Most complex input bit: iv_498 (3.464619970550852 × 10^300)

Least complex output bit: aaa_76_29 (1.3179598990401293 × 10^276)  
Most complex output bit: ov_001 (2.4918203569048124 × 10^300)

Least complex input/output complexity: iv_511/aaa_76_29 (1.9011210747679998 × 10^272)  
Most complex input/output complexity: iv_498/ov_001 (5.4163840988458085 × 10^299)

## Input Bits

### Input Bits in Regular Order

| Input Bit | Complexity | Occurrences | Output Occurrences |
|:---------:|:----------:|:-----------:|:------------------:|
| iv_497 | 5.58928760832668 × 10^298 | 4108 | 77 |
| iv_498 | 3.464619970550852 × 10^300 | 4255 | 70 |
| iv_499 | 1.978168498999084 × 10^299 | 3968 | 81 |
| iv_500 | 3.3358953347422837 × 10^299 | 4142 | 84 |
| iv_501 | 5.511465973119727 × 10^299 | 4094 | 75 |
| iv_502 | 8.906665813538414 × 10^299 | 3892 | 84 |
| iv_503 | 1.4125483327737595 × 10^300 | 4097 | 85 |
| iv_504 | 2.196032345989726 × 10^300 | 3941 | 76 |
| iv_506 | 1.678815074201209 × 10^300 | 3998 | 82 |
| iv_507 | 2.3880975161570947 × 10^300 | 4202 | 76 |
| iv_508 | 2.7675415400344375 × 10^300 | 4215 | 81 |
| iv_511 | 2.299166692234794 × 10^297 | 4323 | 78 |

### Input Bits Sorted by Complexity

| Input Bit | Complexity | Occurrences | Output Occurrences |
|:---------:|:----------:|:-----------:|:------------------:|
| iv_511 | 2.299166692234794 × 10^297 | 4323 | 78 |
| iv_497 | 5.58928760832668 × 10^298 | 4108 | 77 |
| iv_499 | 1.978168498999084 × 10^299 | 3968 | 81 |
| iv_500 | 3.3358953347422837 × 10^299 | 4142 | 84 |
| iv_501 | 5.511465973119727 × 10^299 | 4094 | 75 |
| iv_502 | 8.906665813538414 × 10^299 | 3892 | 84 |
| iv_503 | 1.4125483327737595 × 10^300 | 4097 | 85 |
| iv_506 | 1.678815074201209 × 10^300 | 3998 | 82 |
| iv_504 | 2.196032345989726 × 10^300 | 3941 | 76 |
| iv_507 | 2.3880975161570947 × 10^300 | 4202 | 76 |
| iv_508 | 2.7675415400344375 × 10^300 | 4215 | 81 |
| iv_498 | 3.464619970550852 × 10^300 | 4255 | 70 |

### Input Bits Sorted by Occurrences

| Input Bit | Complexity | Occurrences | Output Occurrences |
|:---------:|:----------:|:-----------:|:------------------:|
| iv_502 | 8.906665813538414 × 10^299 | 3892 | 84 |
| iv_504 | 2.196032345989726 × 10^300 | 3941 | 76 |
| iv_499 | 1.978168498999084 × 10^299 | 3968 | 81 |
| iv_506 | 1.678815074201209 × 10^300 | 3998 | 82 |
| iv_501 | 5.511465973119727 × 10^299 | 4094 | 75 |
| iv_503 | 1.4125483327737595 × 10^300 | 4097 | 85 |
| iv_497 | 5.58928760832668 × 10^298 | 4108 | 77 |
| iv_500 | 3.3358953347422837 × 10^299 | 4142 | 84 |
| iv_507 | 2.3880975161570947 × 10^300 | 4202 | 76 |
| iv_508 | 2.7675415400344375 × 10^300 | 4215 | 81 |
| iv_498 | 3.464619970550852 × 10^300 | 4255 | 70 |
| iv_511 | 2.299166692234794 × 10^297 | 4323 | 78 |

### Input Bits Sorted by Output Occurrences

| Input Bit | Complexity | Occurrences | Output Occurrences |
|:---------:|:----------:|:-----------:|:------------------:|
| iv_498 | 3.464619970550852 × 10^300 | 4255 | 70 |
| iv_501 | 5.511465973119727 × 10^299 | 4094 | 75 |
| iv_504 | 2.196032345989726 × 10^300 | 3941 | 76 |
| iv_507 | 2.3880975161570947 × 10^300 | 4202 | 76 |
| iv_497 | 5.58928760832668 × 10^298 | 4108 | 77 |
| iv_511 | 2.299166692234794 × 10^297 | 4323 | 78 |
| iv_499 | 1.978168498999084 × 10^299 | 3968 | 81 |
| iv_508 | 2.7675415400344375 × 10^300 | 4215 | 81 |
| iv_506 | 1.678815074201209 × 10^300 | 3998 | 82 |
| iv_500 | 3.3358953347422837 × 10^299 | 4142 | 84 |
| iv_502 | 8.906665813538414 × 10^299 | 3892 | 84 |
| iv_503 | 1.4125483327737595 × 10^300 | 4097 | 85 |

## Input Bit Co-occurrences

### Input Bit Co-occurrences Sorted by Co-occurrences

| Input Bits | Co-occurrences | Potential Occurrences | Output Co-occurrences | Potential Output Occurrences |
|:----------:|:--------------:|:---------------------:|:---------------------:|:----------------------------:|
| iv_507-iv_508 | 2065 | 4287 | 44 | 69 |
| iv_500-iv_511 | 2061 | 4343 | 38 | 86 |
| iv_497-iv_507 | 2058 | 4194 | 42 | 69 |
| iv_503-iv_511 | 2046 | 4328 | 43 | 77 |
| iv_501-iv_511 | 2037 | 4343 | 37 | 79 |
| iv_507-iv_511 | 2021 | 4483 | 38 | 78 |
| iv_506-iv_507 | 2016 | 4168 | 42 | 74 |
| iv_498-iv_500 | 2011 | 4375 | 36 | 82 |
| iv_508-iv_511 | 2011 | 4516 | 39 | 81 |
| iv_500-iv_503 | 2011 | 4217 | 48 | 73 |
| iv_498-iv_508 | 2010 | 4450 | 30 | 91 |
| iv_497-iv_511 | 1999 | 4433 | 40 | 75 |

### Input Bit Co-occurrences Sorted by Potential Occurrences

| Input Bits | Co-occurrences | Potential Occurrences | Output Co-occurrences | Potential Output Occurrences |
|:----------:|:--------------:|:---------------------:|:---------------------:|:----------------------------:|
| iv_504-iv_506 | 1890 | 4159 | 42 | 74 |
| iv_506-iv_507 | 2016 | 4168 | 42 | 74 |
| iv_502-iv_506 | 1852 | 4186 | 48 | 70 |
| iv_497-iv_507 | 2058 | 4194 | 42 | 69 |
| iv_499-iv_504 | 1847 | 4215 | 38 | 81 |
| iv_500-iv_503 | 2011 | 4217 | 48 | 73 |
| iv_499-iv_501 | 1921 | 4220 | 38 | 80 |
| iv_499-iv_503 | 1920 | 4225 | 44 | 78 |
| iv_497-iv_504 | 1909 | 4231 | 40 | 73 |
| iv_497-iv_499 | 1922 | 4232 | 37 | 84 |
| iv_502-iv_504 | 1799 | 4235 | 42 | 76 |
| iv_497-iv_501 | 1983 | 4236 | 36 | 80 |

### Input Bit Output Co-occurrences Sorted by Output Co-occurrences

| Input Bits | Co-occurrences | Potential Occurrences | Output Co-occurrences | Potential Output Occurrences |
|:----------:|:--------------:|:---------------------:|:---------------------:|:----------------------------:|
| iv_500-iv_503 | 2011 | 4217 | 48 | 73 |
| iv_502-iv_506 | 1852 | 4186 | 48 | 70 |
| iv_503-iv_508 | 1994 | 4324 | 46 | 74 |
| iv_497-iv_502 | 1879 | 4242 | 46 | 69 |
| iv_499-iv_503 | 1920 | 4225 | 44 | 78 |
| iv_503-iv_504 | 1871 | 4296 | 44 | 73 |
| iv_503-iv_506 | 1852 | 4391 | 44 | 79 |
| iv_507-iv_508 | 2065 | 4287 | 44 | 69 |
| iv_497-iv_503 | 1944 | 4317 | 43 | 76 |
| iv_500-iv_504 | 1920 | 4243 | 43 | 74 |
| iv_503-iv_511 | 2046 | 4328 | 43 | 77 |
| iv_499-iv_500 | 1892 | 4326 | 42 | 81 |

### Input Bit Output Co-occurrences Sorted by Potential Output Occurrences

| Input Bits | Co-occurrences | Potential Occurrences | Output Co-occurrences | Potential Output Occurrences |
|:----------:|:--------------:|:---------------------:|:---------------------:|:----------------------------:|
| iv_497-iv_502 | 1879 | 4242 | 46 | 69 |
| iv_497-iv_507 | 2058 | 4194 | 42 | 69 |
| iv_507-iv_508 | 2065 | 4287 | 44 | 69 |
| iv_502-iv_506 | 1852 | 4186 | 48 | 70 |
| iv_500-iv_503 | 2011 | 4217 | 48 | 73 |
| iv_501-iv_507 | 1951 | 4394 | 39 | 73 |
| iv_503-iv_504 | 1871 | 4296 | 44 | 73 |
| iv_497-iv_504 | 1909 | 4231 | 40 | 73 |
| iv_500-iv_504 | 1920 | 4243 | 43 | 74 |
| iv_504-iv_506 | 1890 | 4159 | 42 | 74 |
| iv_506-iv_507 | 2016 | 4168 | 42 | 74 |
| iv_503-iv_508 | 1994 | 4324 | 46 | 74 |

## Output Bits

### Output Bits in Regular Order

| Rank | Output Bit | Complexity |
|:----:|:----------:|:----------:|
| 1 | ov_001 | 2.4918203569048124 × 10^300 |
| 2 | ov_002 | 2.1683123757609393 × 10^300 |
| 3 | ov_003 | 1.877869745655203 × 10^300 |
| 4 | ov_004 | 1.6180137389491828 × 10^300 |
| 5 | ov_005 | 1.3864014625775337 × 10^300 |
| 6 | ov_006 | 1.1808161852354111 × 10^300 |
| 7 | ov_007 | 9.991588959247121 × 10^299 |
| 8 | ov_008 | 8.39441014732988 × 10^299 |
| 9 | ov_009 | 6.99778167797576 × 10^299 |
| 10 | ov_010 | 5.783849223018143 × 10^299 |
| 11 | ov_011 | 4.735703761889371 × 10^299 |
| 12 | ov_012 | 3.837345033252936 × 10^299 |
| 13 | ov_013 | 3.073651607682082 × 10^299 |
| 14 | ov_014 | 2.430356706222751 × 10^299 |
| 15 | ov_015 | 1.8940289472388623 × 10^299 |
| 16 | ov_016 | 1.4520572609582033 × 10^299 |
| 17 | ov_017 | 1.0926392677655906 × 10^299 |
| 18 | ov_018 | 8.047724726414923 × 10^298 |
| 19 | ov_019 | 5.782476843066829 × 10^298 |
| 20 | ov_020 | 4.0364415014136655 × 10^298 |
| 21 | ov_021 | 2.7232602982346125 × 10^298 |
| 22 | ov_022 | 1.7643993249907505 × 10^298 |
| 23 | ov_023 | 1.0891326124189936 × 10^298 |
| 24 | ov_024 | 6.34531364982711 × 10^297 |
| 25 | ov_025 | 3.4545737118869585 × 10^297 |
| 26 | ov_026 | 1.7455939242408343 × 10^297 |
| 27 | ov_027 | 8.227146311058681 × 10^296 |
| 28 | ov_028 | 3.681222013764072 × 10^296 |
| 29 | ov_029 | 1.4184686912769888 × 10^296 |
| 30 | ov_030 | 4.336460550508999 × 10^295 |
| 31 | ov_031 | 8.458653379326259 × 10^294 |
| 32 | lv_80_m31 | 1.649669773232121 × 10^294 |
| 33 | ov_033 | 1.986301620278244 × 10^295 |
| 34 | ov_034 | 1.7248670152019006 × 10^295 |
| 35 | ov_035 | 1.4907519484857042 × 10^295 |
| 36 | ov_036 | 1.281742464423277 × 10^295 |
| 37 | ov_037 | 1.0957450358193413 × 10^295 |
| 38 | ov_038 | 9.307780584865425 × 10^294 |
| 39 | ov_039 | 7.849644747959257 × 10^294 |
| 40 | ov_040 | 6.565254204099032 × 10^294 |
| 41 | ov_041 | 5.43774793958452 × 10^294 |
| 42 | ov_042 | 4.458921113462236 × 10^294 |
| 43 | ov_043 | 3.620999161303034 × 10^294 |
| 44 | ov_044 | 2.9096565401342993 × 10^294 |
| 45 | ov_045 | 2.311352263387199 × 10^294 |
| 46 | ov_046 | 1.8133085861678192 × 10^294 |
| 47 | ov_047 | 1.4034940172476656 × 10^294 |
| 48 | ov_048 | 1.0706100173156082 × 10^294 |
| 49 | ov_049 | 8.040807918208839 × 10^293 |
| 50 | ov_050 | 5.940456351373167 × 10^293 |
| 51 | ov_051 | 4.313533308779454 × 10^293 |
| 52 | ov_052 | 3.0755816106085857 × 10^293 |
| 53 | ov_053 | 2.1491714356259743 × 10^293 |
| 54 | ov_054 | 1.4638820294660439 × 10^293 |
| 55 | ov_055 | 9.562902727601394 × 10^292 |
| 56 | ov_056 | 5.96432938494377 × 10^292 |
| 57 | ov_057 | 3.578409189050669 × 10^292 |
| 58 | ov_058 | 1.980532836994251 × 10^292 |
| 59 | ov_059 | 9.758553377214217 × 10^291 |
| 60 | ov_060 | 4.044476684649274 × 10^291 |
| 61 | ov_061 | 1.41295574786342 × 10^291 |
| 62 | ov_062 | 3.876552976647492 × 10^290 |
| 63 | ov_063 | 7.556763054894369 × 10^289 |
| 64 | lv_79_m31 | 1.4727513829053194 × 10^289 |
| 65 | ov_065 | 1.7613291983674485 × 10^290 |
| 66 | ov_066 | 1.7613251037439602 × 10^290 |
| 67 | ov_067 | 1.7613241442130109 × 10^290 |
| 68 | ov_068 | 1.5264901962463252 × 10^290 |
| 69 | ov_069 | 1.3162225321011232 × 10^290 |
| 70 | ov_070 | 1.1286777130458469 × 10^290 |
| 71 | ov_071 | 9.621019609322926 × 10^289 |
| 72 | ov_072 | 8.148268225673232 × 10^289 |
| 73 | ov_073 | 6.852656158777978 × 10^289 |
| 74 | ov_074 | 5.719103699803707 × 10^289 |
| 75 | ov_075 | 4.733290919035883 × 10^289 |
| 76 | ov_076 | 3.881633068573771 × 10^289 |
| 77 | ov_077 | 3.1512585655979357 × 10^289 |
| 78 | ov_078 | 2.5299894048869533 × 10^289 |
| 79 | ov_079 | 2.006323852082086 × 10^289 |
| 80 | ov_080 | 1.5694212713837122 × 10^289 |
| 81 | ov_081 | 1.2090889430207254 × 10^289 |
| 82 | ov_082 | 9.157707270636705 × 10^288 |
| 83 | ov_083 | 6.805374310436511 × 10^288 |
| 84 | ov_084 | 4.950787394680461 × 10^288 |
| 85 | ov_085 | 3.516965637527161 × 10^288 |
| 86 | ov_086 | 2.432996713705241 × 10^288 |
| 87 | ov_087 | 1.633994531924198 × 10^288 |
| 88 | ov_088 | 1.0610668810491742 × 10^288 |
| 89 | ov_089 | 6.612916405011624 × 10^287 |
| 90 | ov_090 | 3.877001466753258 × 10^287 |
| 91 | ov_091 | 2.1829475606315705 × 10^287 |
| 92 | ov_092 | 1.179854139914487 × 10^287 |
| 93 | ov_093 | 5.761459496150283 × 10^286 |
| 94 | ov_094 | 2.4086379413595554 × 10^286 |
| 95 | aaa_78_28 | 7.270061756593759 × 10^285 |
| 96 | aaa_78_29 | 2.1550586730039326 × 10^285 |
| 97 | ov_097 | 1.2697543889913757 × 10^285 |
| 98 | ov_098 | 1.2697310903650337 × 10^285 |
| 99 | ov_099 | 1.269723645400329 × 10^285 |
| 100 | ov_100 | 1.0390874989644913 × 10^285 |
| 101 | ov_101 | 8.504488923441075 × 10^284 |
| 102 | ov_102 | 6.980488076497096 × 10^284 |
| 103 | ov_103 | 5.764457438580068 × 10^284 |
| 104 | ov_104 | 4.804926488673693 × 10^284 |
| 105 | ov_105 | 4.0531681486450286 × 10^284 |
| 106 | ov_106 | 3.463024686437501 × 10^284 |
| 107 | ov_107 | 2.990758025102624 × 10^284 |
| 108 | ov_108 | 2.5949220486867656 × 10^284 |
| 109 | ov_109 | 2.2362546264815902 × 10^284 |
| 110 | ov_110 | 1.9127370505981673 × 10^284 |
| 111 | ov_111 | 1.6224118459933474 × 10^284 |
| 112 | ov_112 | 1.3633709180929247 × 10^284 |
| 113 | ov_113 | 1.1337453638895202 × 10^284 |
| 114 | ov_114 | 9.316968273513784 × 10^283 |
| 115 | ov_115 | 7.554102804743684 × 10^283 |
| 116 | ov_116 | 6.030881116244639 × 10^283 |
| 117 | ov_117 | 4.729454030104637 × 10^283 |
| 118 | ov_118 | 3.632062792405265 × 10^283 |
| 119 | ov_119 | 2.72101111959236 × 10^283 |
| 120 | ov_120 | 1.9786436559859633 × 10^283 |
| 121 | ov_121 | 1.3873306334117987 × 10^283 |
| 122 | ov_122 | 9.29457995982191 × 10^282 |
| 123 | ov_123 | 5.874209022011138 × 10^282 |
| 124 | ov_124 | 3.4361933941357764 × 10^282 |
| 125 | ov_125 | 1.8045540520935587 × 10^282 |
| 126 | ov_126 | 8.033191970414604 × 10^281 |
| 127 | aaa_77_28 | 2.5651892438220588 × 10^281 |
| 128 | aaa_77_29 | 9.61686206311168 × 10^280 |
| 129 | ov_129 | 8.941975585893682 × 10^280 |
| 130 | ov_130 | 8.941949904855758 × 10^280 |
| 131 | ov_131 | 8.94194369202194 × 10^280 |
| 132 | ov_132 | 7.760314781303708 × 10^280 |
| 133 | ov_133 | 6.701359874106327 × 10^280 |
| 134 | ov_134 | 5.755825100539093 × 10^280 |
| 135 | ov_135 | 4.914955407446626 × 10^280 |
| 136 | ov_136 | 4.1704589369204785 × 10^280 |
| 137 | ov_137 | 3.5144762553671564 × 10^280 |
| 138 | ov_138 | 2.9395539764785117 × 10^280 |
| 139 | ov_139 | 2.438622344931543 × 10^280 |
| 140 | ov_140 | 2.0049763704074828 × 10^280 |
| 141 | ov_141 | 1.632260123719926 × 10^280 |
| 142 | ov_142 | 1.314453828610026 × 10^280 |
| 143 | ov_143 | 1.0458634042131646 × 10^280 |
| 144 | ov_144 | 8.211121344149041 × 10^279 |
| 145 | ov_145 | 6.351341613648282 × 10^279 |
| 146 | ov_146 | 4.8316952135809044 × 10^279 |
| 147 | ov_147 | 3.607604621641505 × 10^279 |
| 148 | ov_148 | 2.6374880170611896 × 10^279 |
| 149 | ov_149 | 1.882741087891617 × 10^279 |
| 150 | ov_150 | 1.3077250735308774 × 10^279 |
| 151 | ov_151 | 8.797592648904369 × 10^278 |
| 152 | ov_152 | 5.691164643594625 × 10^278 |
| 153 | ov_153 | 3.490203188375131 × 10^278 |
| 154 | ov_154 | 1.9564381129184642 × 10^278 |
| 155 | ov_155 | 9.781062966231892 × 10^277 |
| 156 | aaa_76_25 | 3.759027763777555 × 10^277 |
| 157 | aaa_76_26 | 2.1714653146058813 × 10^277 |
| 158 | aaa_76_27 | 1.1119677574776355 × 10^277 |
| 159 | aaa_76_28 | 4.33155745597587 × 10^276 |
| 160 | aaa_76_29 | 1.3179598990401293 × 10^276 |

### Output Bits Sorted by Complexity

| Rank | Output Bit | Complexity |
|:----:|:----------:|:----------:|
| 160 | aaa_76_29 | 1.3179598990401293 × 10^276 |
| 159 | aaa_76_28 | 4.33155745597587 × 10^276 |
| 158 | aaa_76_27 | 1.1119677574776355 × 10^277 |
| 157 | aaa_76_26 | 2.1714653146058813 × 10^277 |
| 156 | aaa_76_25 | 3.759027763777555 × 10^277 |
| 155 | ov_155 | 9.781062966231892 × 10^277 |
| 154 | ov_154 | 1.9564381129184642 × 10^278 |
| 153 | ov_153 | 3.490203188375131 × 10^278 |
| 152 | ov_152 | 5.691164643594625 × 10^278 |
| 151 | ov_151 | 8.797592648904369 × 10^278 |
| 150 | ov_150 | 1.3077250735308774 × 10^279 |
| 149 | ov_149 | 1.882741087891617 × 10^279 |
| 148 | ov_148 | 2.6374880170611896 × 10^279 |
| 147 | ov_147 | 3.607604621641505 × 10^279 |
| 146 | ov_146 | 4.8316952135809044 × 10^279 |
| 145 | ov_145 | 6.351341613648282 × 10^279 |
| 144 | ov_144 | 8.211121344149041 × 10^279 |
| 143 | ov_143 | 1.0458634042131646 × 10^280 |
| 142 | ov_142 | 1.314453828610026 × 10^280 |
| 141 | ov_141 | 1.632260123719926 × 10^280 |
| 140 | ov_140 | 2.0049763704074828 × 10^280 |
| 139 | ov_139 | 2.438622344931543 × 10^280 |
| 138 | ov_138 | 2.9395539764785117 × 10^280 |
| 137 | ov_137 | 3.5144762553671564 × 10^280 |
| 136 | ov_136 | 4.1704589369204785 × 10^280 |
| 135 | ov_135 | 4.914955407446626 × 10^280 |
| 134 | ov_134 | 5.755825100539093 × 10^280 |
| 133 | ov_133 | 6.701359874106327 × 10^280 |
| 132 | ov_132 | 7.760314781303708 × 10^280 |
| 131 | ov_131 | 8.94194369202194 × 10^280 |
| 130 | ov_130 | 8.941949904855758 × 10^280 |
| 129 | ov_129 | 8.941975585893682 × 10^280 |
| 128 | aaa_77_29 | 9.61686206311168 × 10^280 |
| 127 | aaa_77_28 | 2.5651892438220588 × 10^281 |
| 126 | ov_126 | 8.033191970414604 × 10^281 |
| 125 | ov_125 | 1.8045540520935587 × 10^282 |
| 124 | ov_124 | 3.4361933941357764 × 10^282 |
| 123 | ov_123 | 5.874209022011138 × 10^282 |
| 122 | ov_122 | 9.29457995982191 × 10^282 |
| 121 | ov_121 | 1.3873306334117987 × 10^283 |
| 120 | ov_120 | 1.9786436559859633 × 10^283 |
| 119 | ov_119 | 2.72101111959236 × 10^283 |
| 118 | ov_118 | 3.632062792405265 × 10^283 |
| 117 | ov_117 | 4.729454030104637 × 10^283 |
| 116 | ov_116 | 6.030881116244639 × 10^283 |
| 115 | ov_115 | 7.554102804743684 × 10^283 |
| 114 | ov_114 | 9.316968273513784 × 10^283 |
| 113 | ov_113 | 1.1337453638895202 × 10^284 |
| 112 | ov_112 | 1.3633709180929247 × 10^284 |
| 111 | ov_111 | 1.6224118459933474 × 10^284 |
| 110 | ov_110 | 1.9127370505981673 × 10^284 |
| 109 | ov_109 | 2.2362546264815902 × 10^284 |
| 108 | ov_108 | 2.5949220486867656 × 10^284 |
| 107 | ov_107 | 2.990758025102624 × 10^284 |
| 106 | ov_106 | 3.463024686437501 × 10^284 |
| 105 | ov_105 | 4.0531681486450286 × 10^284 |
| 104 | ov_104 | 4.804926488673693 × 10^284 |
| 103 | ov_103 | 5.764457438580068 × 10^284 |
| 102 | ov_102 | 6.980488076497096 × 10^284 |
| 101 | ov_101 | 8.504488923441075 × 10^284 |
| 100 | ov_100 | 1.0390874989644913 × 10^285 |
| 99 | ov_099 | 1.269723645400329 × 10^285 |
| 98 | ov_098 | 1.2697310903650337 × 10^285 |
| 97 | ov_097 | 1.2697543889913757 × 10^285 |
| 96 | aaa_78_29 | 2.1550586730039326 × 10^285 |
| 95 | aaa_78_28 | 7.270061756593759 × 10^285 |
| 94 | ov_094 | 2.4086379413595554 × 10^286 |
| 93 | ov_093 | 5.761459496150283 × 10^286 |
| 92 | ov_092 | 1.179854139914487 × 10^287 |
| 91 | ov_091 | 2.1829475606315705 × 10^287 |
| 90 | ov_090 | 3.877001466753258 × 10^287 |
| 89 | ov_089 | 6.612916405011624 × 10^287 |
| 88 | ov_088 | 1.0610668810491742 × 10^288 |
| 87 | ov_087 | 1.633994531924198 × 10^288 |
| 86 | ov_086 | 2.432996713705241 × 10^288 |
| 85 | ov_085 | 3.516965637527161 × 10^288 |
| 84 | ov_084 | 4.950787394680461 × 10^288 |
| 83 | ov_083 | 6.805374310436511 × 10^288 |
| 82 | ov_082 | 9.157707270636705 × 10^288 |
| 81 | ov_081 | 1.2090889430207254 × 10^289 |
| 64 | lv_79_m31 | 1.4727513829053194 × 10^289 |
| 80 | ov_080 | 1.5694212713837122 × 10^289 |
| 79 | ov_079 | 2.006323852082086 × 10^289 |
| 78 | ov_078 | 2.5299894048869533 × 10^289 |
| 77 | ov_077 | 3.1512585655979357 × 10^289 |
| 76 | ov_076 | 3.881633068573771 × 10^289 |
| 75 | ov_075 | 4.733290919035883 × 10^289 |
| 74 | ov_074 | 5.719103699803707 × 10^289 |
| 73 | ov_073 | 6.852656158777978 × 10^289 |
| 63 | ov_063 | 7.556763054894369 × 10^289 |
| 72 | ov_072 | 8.148268225673232 × 10^289 |
| 71 | ov_071 | 9.621019609322926 × 10^289 |
| 70 | ov_070 | 1.1286777130458469 × 10^290 |
| 69 | ov_069 | 1.3162225321011232 × 10^290 |
| 68 | ov_068 | 1.5264901962463252 × 10^290 |
| 67 | ov_067 | 1.7613241442130109 × 10^290 |
| 66 | ov_066 | 1.7613251037439602 × 10^290 |
| 65 | ov_065 | 1.7613291983674485 × 10^290 |
| 62 | ov_062 | 3.876552976647492 × 10^290 |
| 61 | ov_061 | 1.41295574786342 × 10^291 |
| 60 | ov_060 | 4.044476684649274 × 10^291 |
| 59 | ov_059 | 9.758553377214217 × 10^291 |
| 58 | ov_058 | 1.980532836994251 × 10^292 |
| 57 | ov_057 | 3.578409189050669 × 10^292 |
| 56 | ov_056 | 5.96432938494377 × 10^292 |
| 55 | ov_055 | 9.562902727601394 × 10^292 |
| 54 | ov_054 | 1.4638820294660439 × 10^293 |
| 53 | ov_053 | 2.1491714356259743 × 10^293 |
| 52 | ov_052 | 3.0755816106085857 × 10^293 |
| 51 | ov_051 | 4.313533308779454 × 10^293 |
| 50 | ov_050 | 5.940456351373167 × 10^293 |
| 49 | ov_049 | 8.040807918208839 × 10^293 |
| 48 | ov_048 | 1.0706100173156082 × 10^294 |
| 47 | ov_047 | 1.4034940172476656 × 10^294 |
| 32 | lv_80_m31 | 1.649669773232121 × 10^294 |
| 46 | ov_046 | 1.8133085861678192 × 10^294 |
| 45 | ov_045 | 2.311352263387199 × 10^294 |
| 44 | ov_044 | 2.9096565401342993 × 10^294 |
| 43 | ov_043 | 3.620999161303034 × 10^294 |
| 42 | ov_042 | 4.458921113462236 × 10^294 |
| 41 | ov_041 | 5.43774793958452 × 10^294 |
| 40 | ov_040 | 6.565254204099032 × 10^294 |
| 39 | ov_039 | 7.849644747959257 × 10^294 |
| 31 | ov_031 | 8.458653379326259 × 10^294 |
| 38 | ov_038 | 9.307780584865425 × 10^294 |
| 37 | ov_037 | 1.0957450358193413 × 10^295 |
| 36 | ov_036 | 1.281742464423277 × 10^295 |
| 35 | ov_035 | 1.4907519484857042 × 10^295 |
| 34 | ov_034 | 1.7248670152019006 × 10^295 |
| 33 | ov_033 | 1.986301620278244 × 10^295 |
| 30 | ov_030 | 4.336460550508999 × 10^295 |
| 29 | ov_029 | 1.4184686912769888 × 10^296 |
| 28 | ov_028 | 3.681222013764072 × 10^296 |
| 27 | ov_027 | 8.227146311058681 × 10^296 |
| 26 | ov_026 | 1.7455939242408343 × 10^297 |
| 25 | ov_025 | 3.4545737118869585 × 10^297 |
| 24 | ov_024 | 6.34531364982711 × 10^297 |
| 23 | ov_023 | 1.0891326124189936 × 10^298 |
| 22 | ov_022 | 1.7643993249907505 × 10^298 |
| 21 | ov_021 | 2.7232602982346125 × 10^298 |
| 20 | ov_020 | 4.0364415014136655 × 10^298 |
| 19 | ov_019 | 5.782476843066829 × 10^298 |
| 18 | ov_018 | 8.047724726414923 × 10^298 |
| 17 | ov_017 | 1.0926392677655906 × 10^299 |
| 16 | ov_016 | 1.4520572609582033 × 10^299 |
| 15 | ov_015 | 1.8940289472388623 × 10^299 |
| 14 | ov_014 | 2.430356706222751 × 10^299 |
| 13 | ov_013 | 3.073651607682082 × 10^299 |
| 12 | ov_012 | 3.837345033252936 × 10^299 |
| 11 | ov_011 | 4.735703761889371 × 10^299 |
| 10 | ov_010 | 5.783849223018143 × 10^299 |
| 9 | ov_009 | 6.99778167797576 × 10^299 |
| 8 | ov_008 | 8.39441014732988 × 10^299 |
| 7 | ov_007 | 9.991588959247121 × 10^299 |
| 6 | ov_006 | 1.1808161852354111 × 10^300 |
| 5 | ov_005 | 1.3864014625775337 × 10^300 |
| 4 | ov_004 | 1.6180137389491828 × 10^300 |
| 3 | ov_003 | 1.877869745655203 × 10^300 |
| 2 | ov_002 | 2.1683123757609393 × 10^300 |
| 1 | ov_001 | 2.4918203569048124 × 10^300 |

