# Results for F001-F002-F003-F004-F005-F006-F007-F008-F009-F010-F011-F012-F013-F014-F015-F016-F017-F018-F019-F020-F021-F022-F023-F024-F025-F026-F027-F028-F029-F030-F031-F032-F033-F034-F035-F036-F037-F038-F039-F040-F041-F042-F043-F044-F045-F046-F047-F048-F049-F050-F051-F052-F053-F054-F055-F056-F057-F058-F059-F060-F061-F062-F063-F064-F065-F066-F067-F068-F069-F070-F071-F072-F073-F074-F075-F076-F077-F078-F079-F080-F081-F082-F083-F084-F085-F086-F087-F088-F089-F090-F091-F092-F093-F094-F095-F096-F097-F098-F099-F100-F101-F102-F103-F104-F105-F106-F107-F108-F109-F110-F111-F112-F113-F114-F115-F116-F117-F118-F119-F120-F121-F122-F123-F124-F125-F126-F127-F128-F129-F130-F131-F132-F133-F134-F135-F136-F137-F138-F139-F140-F141-F142-F143-F144-F145-F146-F147-F148-F149-F150-F151-F152-F153-F154-F155-F156-F157-F158-F159-F160-F161-F162-F163-F164-F165-F166-F167-F168-F169-F170-F171-F172-F173-F174-F175-F176-F177-F178-F179-F180-F181-F182-F183-F184-F185-F186-F187-F188-F189-F190-F191-F192-F193-F194-F195-F196-F197-F198-F199-F200-F201-F202-F203-F204-F205-F206-F207-F208-F209-F210-F211-F212-F213-F214-F215-F216-F217-F218-F219-F220-F221-F222-F223-F224-F225-F226-F227-F228-F229-F230-F231-F232-F233-F234-F235-F236-F237-F238-F239-F240-F241-F242-F243-F244-F245-F246-F247-F248-F249-F250-F251-F252-F253-F254-F255-F256-F257-F258-F259-F260-F261-F262-F263-F264-F265-F266-F267-F268-F269-F270-F271-F272-F273-F274-F275-F276-F277-F278-F279-F280-F281-F282-F283-F284-F285-F286-F287-F288-F289-F290-F291-F292-F293-F294-F295-F296-F297-F298-F299-F300-F301-F302-F303-F304-F305-F306-F307-F308-F309-F310-F311-F312-F313-F314-F315-F316-F317-F318-F319-F320-F321-F322-F323-F324-F325-F326-F327-F328-F329-F330-F331-F332-F333-F334-F335-F336-F337-F338-F339-F340-F341-F342-F343-F344-F345-F346-F347-F348-F349-F350-F351-F352-F353-F354-F355-F356-F357-F358-F359-F360-F361-F362-F363-F364-F365-F366-F367-F368-F369-F370-F371-F372-F373-F374-F375-F376-F377-F378-F379-F380-F381-F382-F383-F384-F385-F386-F387-F388-F389-F390-F391-F392-F393-F394-F395-F396-F397-F398-F399-F400-F401-F402-F403-F404-F405-F406-F407-F408-F409-F410-F411-F412-F413-F414-F415-F416-F417-F418-F419-F420-F421-F422-F423-F424-F425-F426-F427-F428-F429-F430-F431-F432-F433-F434-F435-F436-F437-F438-F439-F440-F441-F442-F443-F444-F445-F446-F447-F448-F449-F450-F451-F452-F453-F454-F455-F456-F457-F458-F459-F460-F461-F462-F463-F464-F465-F466-F467-F468-F469-F470-F471-F472-F473-F474-F475-F476-F477-F478-F479-F480-F481-F482-F483-F484-F485-F486-F487-F488-F489-F490-F491-F492-F493-F494-F495-F496-E504505-F509-F510-F512

## Summary

Number of input bits: 512  
Number of free input bits: 12  
Number of output bits: 160

Number of direct occurrences: 49143  
Number of assignments: 31530  
Number of operations: 11149276
(xor: 11120946,
and: 14902,
or: 13428)

Total complexity: 1.4386243190350816 × 10^300

Least occurring input variable: iv_502 (3893)  
Most occurring input variable: iv_511 (4308)

Most co-occurring input variables: iv_501-iv_504 (2103)  
Least co-occurring input variables: iv_498-iv_502 (1768)

Potentially most occurring input variable: iv_508/iv_511 (4500)  
Potentially least occurring input variable: iv_501/iv_504 (4155)

Least output occurring input variable: iv_504 (74)  
Most output occurring input variable: iv_497 (93)

Most output co-occurring input variables: iv_497-iv_502 (52)  
Least output co-occurring input variables: iv_502-iv_504 (33)

Potentially most output occurring input variable: iv_497/iv_500 (91)  
Potentially least output occurring input variable: iv_501/iv_504 (67)

Least complex input bit: iv_511 (2.552277715748956 × 10^296)  
Most complex input bit: iv_508 (3.072215087272977 × 10^299)

Least complex output bit: aaa_76_29 (2.905046356038675 × 10^275)  
Most complex output bit: ov_001 (2.249053828979311 × 10^299)

Least complex input/output complexity: iv_511/aaa_76_29 (5.153871639475869 × 10^271)  
Most complex input/output complexity: iv_508/ov_001 (4.802905813599543 × 10^298)

## Input Bits

### Input Bits in Regular Order

| Input Bit | Complexity | Occurrences | Output Occurrences |
|:---------:|:----------:|:-----------:|:------------------:|
| iv_497 | 6.204601979414521 × 10^297 | 4145 | 93 |
| iv_498 | 1.242262874766451 × 10^298 | 3945 | 88 |
| iv_499 | 2.195941423057255 × 10^298 | 3957 | 81 |
| iv_500 | 3.7031379036975813 × 10^298 | 4123 | 76 |
| iv_501 | 6.118213103822059 × 10^298 | 4093 | 83 |
| iv_502 | 9.887184236920806 × 10^298 | 3893 | 82 |
| iv_503 | 1.5680531752365214 × 10^299 | 4053 | 79 |
| iv_504 | 2.8520711744714596 × 10^299 | 4268 | 74 |
| iv_506 | 1.863632731466767 × 10^299 | 3971 | 82 |
| iv_507 | 2.6509987701668304 × 10^299 | 4187 | 76 |
| iv_508 | 3.072215087272977 × 10^299 | 4200 | 81 |
| iv_511 | 2.552277715748956 × 10^296 | 4308 | 80 |

### Input Bits Sorted by Complexity

| Input Bit | Complexity | Occurrences | Output Occurrences |
|:---------:|:----------:|:-----------:|:------------------:|
| iv_511 | 2.552277715748956 × 10^296 | 4308 | 80 |
| iv_497 | 6.204601979414521 × 10^297 | 4145 | 93 |
| iv_498 | 1.242262874766451 × 10^298 | 3945 | 88 |
| iv_499 | 2.195941423057255 × 10^298 | 3957 | 81 |
| iv_500 | 3.7031379036975813 × 10^298 | 4123 | 76 |
| iv_501 | 6.118213103822059 × 10^298 | 4093 | 83 |
| iv_502 | 9.887184236920806 × 10^298 | 3893 | 82 |
| iv_503 | 1.5680531752365214 × 10^299 | 4053 | 79 |
| iv_506 | 1.863632731466767 × 10^299 | 3971 | 82 |
| iv_507 | 2.6509987701668304 × 10^299 | 4187 | 76 |
| iv_504 | 2.8520711744714596 × 10^299 | 4268 | 74 |
| iv_508 | 3.072215087272977 × 10^299 | 4200 | 81 |

### Input Bits Sorted by Occurrences

| Input Bit | Complexity | Occurrences | Output Occurrences |
|:---------:|:----------:|:-----------:|:------------------:|
| iv_502 | 9.887184236920806 × 10^298 | 3893 | 82 |
| iv_498 | 1.242262874766451 × 10^298 | 3945 | 88 |
| iv_499 | 2.195941423057255 × 10^298 | 3957 | 81 |
| iv_506 | 1.863632731466767 × 10^299 | 3971 | 82 |
| iv_503 | 1.5680531752365214 × 10^299 | 4053 | 79 |
| iv_501 | 6.118213103822059 × 10^298 | 4093 | 83 |
| iv_500 | 3.7031379036975813 × 10^298 | 4123 | 76 |
| iv_497 | 6.204601979414521 × 10^297 | 4145 | 93 |
| iv_507 | 2.6509987701668304 × 10^299 | 4187 | 76 |
| iv_508 | 3.072215087272977 × 10^299 | 4200 | 81 |
| iv_504 | 2.8520711744714596 × 10^299 | 4268 | 74 |
| iv_511 | 2.552277715748956 × 10^296 | 4308 | 80 |

### Input Bits Sorted by Output Occurrences

| Input Bit | Complexity | Occurrences | Output Occurrences |
|:---------:|:----------:|:-----------:|:------------------:|
| iv_504 | 2.8520711744714596 × 10^299 | 4268 | 74 |
| iv_500 | 3.7031379036975813 × 10^298 | 4123 | 76 |
| iv_507 | 2.6509987701668304 × 10^299 | 4187 | 76 |
| iv_503 | 1.5680531752365214 × 10^299 | 4053 | 79 |
| iv_511 | 2.552277715748956 × 10^296 | 4308 | 80 |
| iv_499 | 2.195941423057255 × 10^298 | 3957 | 81 |
| iv_508 | 3.072215087272977 × 10^299 | 4200 | 81 |
| iv_502 | 9.887184236920806 × 10^298 | 3893 | 82 |
| iv_506 | 1.863632731466767 × 10^299 | 3971 | 82 |
| iv_501 | 6.118213103822059 × 10^298 | 4093 | 83 |
| iv_498 | 1.242262874766451 × 10^298 | 3945 | 88 |
| iv_497 | 6.204601979414521 × 10^297 | 4145 | 93 |

## Input Bit Co-occurrences

### Input Bit Co-occurrences Sorted by Co-occurrences

| Input Bits | Co-occurrences | Potential Occurrences | Output Co-occurrences | Potential Output Occurrences |
|:----------:|:--------------:|:---------------------:|:---------------------:|:----------------------------:|
| iv_501-iv_504 | 2103 | 4155 | 45 | 67 |
| iv_504-iv_511 | 2081 | 4414 | 34 | 86 |
| iv_500-iv_511 | 2081 | 4269 | 38 | 80 |
| iv_507-iv_508 | 2051 | 4285 | 43 | 71 |
| iv_497-iv_507 | 2050 | 4232 | 44 | 81 |
| iv_501-iv_511 | 2033 | 4335 | 39 | 85 |
| iv_503-iv_511 | 2029 | 4303 | 41 | 77 |
| iv_504-iv_507 | 2025 | 4405 | 37 | 76 |
| iv_507-iv_511 | 2014 | 4467 | 39 | 78 |
| iv_504-iv_508 | 2012 | 4444 | 38 | 79 |
| iv_497-iv_504 | 2012 | 4389 | 46 | 75 |
| iv_497-iv_511 | 2010 | 4433 | 47 | 79 |

### Input Bit Co-occurrences Sorted by Potential Occurrences

| Input Bits | Co-occurrences | Potential Occurrences | Output Co-occurrences | Potential Output Occurrences |
|:----------:|:--------------:|:---------------------:|:---------------------:|:----------------------------:|
| iv_501-iv_504 | 2103 | 4155 | 45 | 67 |
| iv_506-iv_507 | 1994 | 4170 | 39 | 80 |
| iv_499-iv_501 | 1932 | 4186 | 44 | 76 |
| iv_500-iv_503 | 1988 | 4200 | 41 | 73 |
| iv_499-iv_503 | 1902 | 4206 | 44 | 72 |
| iv_497-iv_506 | 1955 | 4206 | 51 | 73 |
| iv_498-iv_506 | 1850 | 4216 | 41 | 88 |
| iv_499-iv_508 | 1968 | 4221 | 43 | 76 |
| iv_497-iv_501 | 2008 | 4222 | 48 | 80 |
| iv_497-iv_502 | 1905 | 4228 | 52 | 71 |
| iv_502-iv_506 | 1818 | 4228 | 44 | 76 |
| iv_497-iv_507 | 2050 | 4232 | 44 | 81 |

### Input Bit Output Co-occurrences Sorted by Output Co-occurrences

| Input Bits | Co-occurrences | Potential Occurrences | Output Co-occurrences | Potential Output Occurrences |
|:----------:|:--------------:|:---------------------:|:---------------------:|:----------------------------:|
| iv_497-iv_502 | 1905 | 4228 | 52 | 71 |
| iv_497-iv_506 | 1955 | 4206 | 51 | 73 |
| iv_497-iv_498 | 1893 | 4304 | 50 | 81 |
| iv_498-iv_499 | 1833 | 4236 | 48 | 73 |
| iv_498-iv_501 | 1873 | 4292 | 48 | 75 |
| iv_497-iv_501 | 2008 | 4222 | 48 | 80 |
| iv_497-iv_503 | 1949 | 4300 | 48 | 76 |
| iv_497-iv_511 | 2010 | 4433 | 47 | 79 |
| iv_498-iv_502 | 1768 | 4302 | 46 | 78 |
| iv_497-iv_504 | 2012 | 4389 | 46 | 75 |
| iv_497-iv_508 | 1963 | 4419 | 46 | 82 |
| iv_498-iv_503 | 1838 | 4322 | 45 | 77 |

### Input Bit Output Co-occurrences Sorted by Potential Output Occurrences

| Input Bits | Co-occurrences | Potential Occurrences | Output Co-occurrences | Potential Output Occurrences |
|:----------:|:--------------:|:---------------------:|:---------------------:|:----------------------------:|
| iv_501-iv_504 | 2103 | 4155 | 45 | 67 |
| iv_504-iv_506 | 1929 | 4381 | 44 | 68 |
| iv_497-iv_502 | 1905 | 4228 | 52 | 71 |
| iv_507-iv_508 | 2051 | 4285 | 43 | 71 |
| iv_499-iv_503 | 1902 | 4206 | 44 | 72 |
| iv_502-iv_511 | 1924 | 4353 | 45 | 72 |
| iv_498-iv_499 | 1833 | 4236 | 48 | 73 |
| iv_499-iv_500 | 1899 | 4282 | 42 | 73 |
| iv_500-iv_503 | 1988 | 4200 | 41 | 73 |
| iv_503-iv_506 | 1831 | 4362 | 44 | 73 |
| iv_497-iv_506 | 1955 | 4206 | 51 | 73 |
| iv_502-iv_507 | 1903 | 4274 | 42 | 74 |

## Output Bits

### Output Bits in Regular Order

| Rank | Output Bit | Complexity |
|:----:|:----------:|:----------:|
| 1 | ov_001 | 2.249053828979311 × 10^299 |
| 2 | ov_002 | 1.95706619414972 × 10^299 |
| 3 | ov_003 | 1.6949216106902374 × 10^299 |
| 4 | ov_004 | 1.4603830411403828 × 10^299 |
| 5 | ov_005 | 1.2513360196242556 × 10^299 |
| 6 | ov_006 | 1.0657799234954993 × 10^299 |
| 7 | ov_007 | 9.018203565922642 × 10^298 |
| 8 | ov_008 | 7.576625726143542 × 10^298 |
| 9 | ov_009 | 6.316058590801159 × 10^298 |
| 10 | ov_010 | 5.220387877790646 × 10^298 |
| 11 | ov_011 | 4.2743523659798 × 10^298 |
| 12 | ov_012 | 3.463510930715344 × 10^298 |
| 13 | ov_013 | 2.7742155537019053 × 10^298 |
| 14 | ov_014 | 2.1935895171189532 × 10^298 |
| 15 | ov_015 | 1.709510043901348 × 10^298 |
| 16 | ov_016 | 1.3105946976612127 × 10^298 |
| 17 | ov_017 | 9.861909069089316 × 10^297 |
| 18 | ov_018 | 7.263680291461866 × 10^297 |
| 19 | ov_019 | 5.219114211363924 × 10^297 |
| 20 | ov_020 | 3.6431805614691654 × 10^297 |
| 21 | ov_021 | 2.4579334797208464 × 10^297 |
| 22 | ov_022 | 1.5924893348296043 × 10^297 |
| 23 | ov_023 | 9.830118257431466 × 10^296 |
| 24 | ov_024 | 5.7270229603945085 × 10^296 |
| 25 | ov_025 | 3.1179380782849423 × 10^296 |
| 26 | ov_026 | 1.5754789587764916 × 10^296 |
| 27 | ov_027 | 7.425304063651552 × 10^295 |
| 28 | ov_028 | 3.322406626572984 × 10^295 |
| 29 | ov_029 | 1.280194689894223 × 10^295 |
| 30 | ov_030 | 3.9136970362186 × 10^294 |
| 31 | ov_031 | 7.633925013831602 × 10^293 |
| 32 | lv_80_m31 | 1.488807089783011 × 10^293 |
| 33 | ov_033 | 1.792379066836016 × 10^294 |
| 34 | ov_034 | 1.5563936295908676 × 10^294 |
| 35 | ov_035 | 1.345076098245239 × 10^294 |
| 36 | ov_036 | 1.1564277296187357 × 10^294 |
| 37 | ov_037 | 9.885580641964072 × 10^293 |
| 38 | ov_038 | 8.396773552059696 × 10^293 |
| 39 | ov_039 | 7.080900155028736 × 10^293 |
| 40 | ov_040 | 5.921889820280576 × 10^293 |
| 41 | ov_041 | 4.904509037158621 × 10^293 |
| 42 | ov_042 | 4.021344801374816 × 10^293 |
| 43 | ov_043 | 3.2653729568045246 × 10^293 |
| 44 | ov_044 | 2.623652051550628 × 10^293 |
| 45 | ov_045 | 2.08395076268156 × 10^293 |
| 46 | ov_046 | 1.6347287673491478 × 10^293 |
| 47 | ov_047 | 1.2651213322149571 × 10^293 |
| 48 | ov_048 | 9.649270693412838 × 10^292 |
| 49 | ov_049 | 7.245984133326259 × 10^292 |
| 50 | ov_050 | 5.352344186602102 × 10^292 |
| 51 | ov_051 | 3.8857545794911437 × 10^292 |
| 52 | ov_052 | 2.769994141935222 × 10^292 |
| 53 | ov_053 | 1.9351902000359546 × 10^292 |
| 54 | ov_054 | 1.317800743615043 × 10^292 |
| 55 | ov_055 | 8.606030962688239 × 10^291 |
| 56 | ov_056 | 5.365646735156223 × 10^291 |
| 57 | ov_057 | 3.2180778511963573 × 10^291 |
| 58 | ov_058 | 1.7803637275715025 × 10^291 |
| 59 | ov_059 | 8.767869220108653 × 10^290 |
| 60 | ov_060 | 3.63151949664554 × 10^290 |
| 61 | ov_061 | 1.2678390377967054 × 10^290 |
| 62 | ov_062 | 3.4761224484073206 × 10^289 |
| 63 | ov_063 | 6.771518379511249 × 10^288 |
| 64 | lv_79_m31 | 1.3188213621239981 × 10^288 |
| 65 | ov_065 | 1.5821242782904635 × 10^289 |
| 66 | ov_066 | 1.5821193118784095 × 10^289 |
| 67 | ov_067 | 1.5821180964186098 × 10^289 |
| 68 | ov_068 | 1.3688871626812322 × 10^289 |
| 69 | ov_069 | 1.17870126252647 × 10^289 |
| 70 | ov_070 | 1.009679339747894 × 10^289 |
| 71 | ov_071 | 8.600560471032212 × 10^288 |
| 72 | ov_072 | 7.281739107316402 × 10^288 |
| 73 | ov_073 | 6.1247618813187 × 10^288 |
| 74 | ov_074 | 5.115003828803489 × 10^288 |
| 75 | ov_075 | 4.2387238068141243 × 10^288 |
| 76 | ov_076 | 3.4830117250799316 × 10^288 |
| 77 | ov_077 | 2.835741315448196 × 10^288 |
| 78 | ov_078 | 2.2855281141629142 × 10^288 |
| 79 | ov_079 | 1.8216923379460055 × 10^288 |
| 80 | ov_080 | 1.4342263396266593 × 10^288 |
| 81 | ov_081 | 1.1137663327139527 × 10^288 |
| 82 | ov_082 | 8.515680770181326 × 10^287 |
| 83 | ov_083 | 6.394862193904114 × 10^287 |
| 84 | ov_084 | 4.699569850376253 × 10^287 |
| 85 | ov_085 | 3.359839158128946 × 10^287 |
| 86 | ov_086 | 2.342090100510075 × 10^287 |
| 87 | ov_087 | 1.5873833115947588 × 10^287 |
| 88 | ov_088 | 1.0421772792169413 × 10^287 |
| 89 | ov_089 | 6.582773410517205 × 10^286 |
| 90 | ov_090 | 3.9280002783698613 × 10^286 |
| 91 | ov_091 | 2.256278108935291 × 10^286 |
| 92 | ov_092 | 1.2443894539403921 × 10^286 |
| 93 | ov_093 | 6.217803331438872 × 10^285 |
| 94 | ov_094 | 2.6633343198703793 × 10^285 |
| 95 | aaa_78_28 | 8.224067344685188 × 10^284 |
| 96 | aaa_78_29 | 2.525622750607374 × 10^284 |
| 97 | ov_097 | 1.6672532928271 × 10^284 |
| 98 | ov_098 | 1.667203443844609 × 10^284 |
| 99 | ov_099 | 1.6671875230544742 × 10^284 |
| 100 | ov_100 | 1.5001093034369184 × 10^284 |
| 101 | ov_101 | 1.3453859180773592 × 10^284 |
| 102 | ov_102 | 1.2023377876262765 × 10^284 |
| 103 | ov_103 | 1.0703345226644488 × 10^284 |
| 104 | ov_104 | 9.48788542557809 × 10^283 |
| 105 | ov_105 | 8.371492858280648 × 10^283 |
| 106 | ov_106 | 7.348979812027782 × 10^283 |
| 107 | ov_107 | 6.415429496534568 × 10^283 |
| 108 | ov_108 | 5.566154086585708 × 10^283 |
| 109 | ov_109 | 4.796657506695894 × 10^283 |
| 110 | ov_110 | 4.102602683380261 × 10^283 |
| 111 | ov_111 | 3.47978299504915 × 10^283 |
| 112 | ov_112 | 2.924097652841364 × 10^283 |
| 113 | ov_113 | 2.4315307480873205 × 10^283 |
| 114 | ov_114 | 1.9981333272826746 × 10^283 |
| 115 | ov_115 | 1.6200078565464645 × 10^283 |
| 116 | ov_116 | 1.2932951911494387 × 10^283 |
| 117 | ov_117 | 1.0141641661224767 × 10^283 |
| 118 | ov_118 | 7.78803547747276 × 10^282 |
| 119 | ov_119 | 5.834158720191734 × 10^282 |
| 120 | ov_120 | 4.242126962528896 × 10^282 |
| 121 | ov_121 | 2.974112177594903 × 10^282 |
| 122 | ov_122 | 1.9923209715123647 × 10^282 |
| 123 | ov_123 | 1.2589802607599934 × 10^282 |
| 124 | ov_124 | 7.363276055447932 × 10^281 |
| 125 | ov_125 | 3.866052174739037 × 10^281 |
| 126 | ov_126 | 1.7205690074564142 × 10^281 |
| 127 | aaa_77_28 | 5.492687708784676 × 10^280 |
| 128 | aaa_77_29 | 2.0583853530674018 × 10^280 |
| 129 | ov_129 | 1.9133915059731102 × 10^280 |
| 130 | ov_130 | 1.9133858453603942 × 10^280 |
| 131 | ov_131 | 1.9133844759279658 × 10^280 |
| 132 | ov_132 | 1.6593297050138388 × 10^280 |
| 133 | ov_133 | 1.4319382713609092 × 10^280 |
| 134 | ov_134 | 1.229170437567089 × 10^280 |
| 135 | ov_135 | 1.0490964153827914 × 10^280 |
| 136 | ov_136 | 8.898885140247654 × 10^279 |
| 137 | ov_137 | 7.498143576492613 × 10^279 |
| 138 | ov_138 | 6.272310713288723 × 10^279 |
| 139 | ov_139 | 5.205803400530967 × 10^279 |
| 140 | ov_140 | 4.283842502900467 × 10^279 |
| 141 | ov_141 | 3.4924182854002605 × 10^279 |
| 142 | ov_142 | 2.818261961098648 × 10^279 |
| 143 | ov_143 | 2.2488226406409865 × 10^279 |
| 144 | ov_144 | 1.7722489698494738 × 10^279 |
| 145 | ov_145 | 1.3773747881305746 × 10^279 |
| 146 | ov_146 | 1.0537081865683376 × 10^279 |
| 147 | ov_147 | 7.914233905827843 × 10^278 |
| 148 | ov_148 | 5.813549379326308 × 10^278 |
| 149 | ov_149 | 4.149936686780123 × 10^278 |
| 150 | ov_150 | 2.8824867602724064 × 10^278 |
| 151 | ov_151 | 1.939164801992325 × 10^278 |
| 152 | ov_152 | 1.2544461422156744 × 10^278 |
| 153 | ov_153 | 7.693103607772596 × 10^277 |
| 154 | ov_154 | 4.312379621624902 × 10^277 |
| 155 | ov_155 | 2.15594126565521 × 10^277 |
| 156 | aaa_76_25 | 8.285646562803907 × 10^276 |
| 157 | aaa_76_26 | 4.786342440348536 × 10^276 |
| 158 | aaa_76_27 | 2.4509986109918657 × 10^276 |
| 159 | aaa_76_28 | 9.547616139621773 × 10^275 |
| 160 | aaa_76_29 | 2.905046356038675 × 10^275 |

### Output Bits Sorted by Complexity

| Rank | Output Bit | Complexity |
|:----:|:----------:|:----------:|
| 160 | aaa_76_29 | 2.905046356038675 × 10^275 |
| 159 | aaa_76_28 | 9.547616139621773 × 10^275 |
| 158 | aaa_76_27 | 2.4509986109918657 × 10^276 |
| 157 | aaa_76_26 | 4.786342440348536 × 10^276 |
| 156 | aaa_76_25 | 8.285646562803907 × 10^276 |
| 155 | ov_155 | 2.15594126565521 × 10^277 |
| 154 | ov_154 | 4.312379621624902 × 10^277 |
| 153 | ov_153 | 7.693103607772596 × 10^277 |
| 152 | ov_152 | 1.2544461422156744 × 10^278 |
| 151 | ov_151 | 1.939164801992325 × 10^278 |
| 150 | ov_150 | 2.8824867602724064 × 10^278 |
| 149 | ov_149 | 4.149936686780123 × 10^278 |
| 148 | ov_148 | 5.813549379326308 × 10^278 |
| 147 | ov_147 | 7.914233905827843 × 10^278 |
| 146 | ov_146 | 1.0537081865683376 × 10^279 |
| 145 | ov_145 | 1.3773747881305746 × 10^279 |
| 144 | ov_144 | 1.7722489698494738 × 10^279 |
| 143 | ov_143 | 2.2488226406409865 × 10^279 |
| 142 | ov_142 | 2.818261961098648 × 10^279 |
| 141 | ov_141 | 3.4924182854002605 × 10^279 |
| 140 | ov_140 | 4.283842502900467 × 10^279 |
| 139 | ov_139 | 5.205803400530967 × 10^279 |
| 138 | ov_138 | 6.272310713288723 × 10^279 |
| 137 | ov_137 | 7.498143576492613 × 10^279 |
| 136 | ov_136 | 8.898885140247654 × 10^279 |
| 135 | ov_135 | 1.0490964153827914 × 10^280 |
| 134 | ov_134 | 1.229170437567089 × 10^280 |
| 133 | ov_133 | 1.4319382713609092 × 10^280 |
| 132 | ov_132 | 1.6593297050138388 × 10^280 |
| 131 | ov_131 | 1.9133844759279658 × 10^280 |
| 130 | ov_130 | 1.9133858453603942 × 10^280 |
| 129 | ov_129 | 1.9133915059731102 × 10^280 |
| 128 | aaa_77_29 | 2.0583853530674018 × 10^280 |
| 127 | aaa_77_28 | 5.492687708784676 × 10^280 |
| 126 | ov_126 | 1.7205690074564142 × 10^281 |
| 125 | ov_125 | 3.866052174739037 × 10^281 |
| 124 | ov_124 | 7.363276055447932 × 10^281 |
| 123 | ov_123 | 1.2589802607599934 × 10^282 |
| 122 | ov_122 | 1.9923209715123647 × 10^282 |
| 121 | ov_121 | 2.974112177594903 × 10^282 |
| 120 | ov_120 | 4.242126962528896 × 10^282 |
| 119 | ov_119 | 5.834158720191734 × 10^282 |
| 118 | ov_118 | 7.78803547747276 × 10^282 |
| 117 | ov_117 | 1.0141641661224767 × 10^283 |
| 116 | ov_116 | 1.2932951911494387 × 10^283 |
| 115 | ov_115 | 1.6200078565464645 × 10^283 |
| 114 | ov_114 | 1.9981333272826746 × 10^283 |
| 113 | ov_113 | 2.4315307480873205 × 10^283 |
| 112 | ov_112 | 2.924097652841364 × 10^283 |
| 111 | ov_111 | 3.47978299504915 × 10^283 |
| 110 | ov_110 | 4.102602683380261 × 10^283 |
| 109 | ov_109 | 4.796657506695894 × 10^283 |
| 108 | ov_108 | 5.566154086585708 × 10^283 |
| 107 | ov_107 | 6.415429496534568 × 10^283 |
| 106 | ov_106 | 7.348979812027782 × 10^283 |
| 105 | ov_105 | 8.371492858280648 × 10^283 |
| 104 | ov_104 | 9.48788542557809 × 10^283 |
| 103 | ov_103 | 1.0703345226644488 × 10^284 |
| 102 | ov_102 | 1.2023377876262765 × 10^284 |
| 101 | ov_101 | 1.3453859180773592 × 10^284 |
| 100 | ov_100 | 1.5001093034369184 × 10^284 |
| 99 | ov_099 | 1.6671875230544742 × 10^284 |
| 98 | ov_098 | 1.667203443844609 × 10^284 |
| 97 | ov_097 | 1.6672532928271 × 10^284 |
| 96 | aaa_78_29 | 2.525622750607374 × 10^284 |
| 95 | aaa_78_28 | 8.224067344685188 × 10^284 |
| 94 | ov_094 | 2.6633343198703793 × 10^285 |
| 93 | ov_093 | 6.217803331438872 × 10^285 |
| 92 | ov_092 | 1.2443894539403921 × 10^286 |
| 91 | ov_091 | 2.256278108935291 × 10^286 |
| 90 | ov_090 | 3.9280002783698613 × 10^286 |
| 89 | ov_089 | 6.582773410517205 × 10^286 |
| 88 | ov_088 | 1.0421772792169413 × 10^287 |
| 87 | ov_087 | 1.5873833115947588 × 10^287 |
| 86 | ov_086 | 2.342090100510075 × 10^287 |
| 85 | ov_085 | 3.359839158128946 × 10^287 |
| 84 | ov_084 | 4.699569850376253 × 10^287 |
| 83 | ov_083 | 6.394862193904114 × 10^287 |
| 82 | ov_082 | 8.515680770181326 × 10^287 |
| 81 | ov_081 | 1.1137663327139527 × 10^288 |
| 64 | lv_79_m31 | 1.3188213621239981 × 10^288 |
| 80 | ov_080 | 1.4342263396266593 × 10^288 |
| 79 | ov_079 | 1.8216923379460055 × 10^288 |
| 78 | ov_078 | 2.2855281141629142 × 10^288 |
| 77 | ov_077 | 2.835741315448196 × 10^288 |
| 76 | ov_076 | 3.4830117250799316 × 10^288 |
| 75 | ov_075 | 4.2387238068141243 × 10^288 |
| 74 | ov_074 | 5.115003828803489 × 10^288 |
| 73 | ov_073 | 6.1247618813187 × 10^288 |
| 63 | ov_063 | 6.771518379511249 × 10^288 |
| 72 | ov_072 | 7.281739107316402 × 10^288 |
| 71 | ov_071 | 8.600560471032212 × 10^288 |
| 70 | ov_070 | 1.009679339747894 × 10^289 |
| 69 | ov_069 | 1.17870126252647 × 10^289 |
| 68 | ov_068 | 1.3688871626812322 × 10^289 |
| 67 | ov_067 | 1.5821180964186098 × 10^289 |
| 66 | ov_066 | 1.5821193118784095 × 10^289 |
| 65 | ov_065 | 1.5821242782904635 × 10^289 |
| 62 | ov_062 | 3.4761224484073206 × 10^289 |
| 61 | ov_061 | 1.2678390377967054 × 10^290 |
| 60 | ov_060 | 3.63151949664554 × 10^290 |
| 59 | ov_059 | 8.767869220108653 × 10^290 |
| 58 | ov_058 | 1.7803637275715025 × 10^291 |
| 57 | ov_057 | 3.2180778511963573 × 10^291 |
| 56 | ov_056 | 5.365646735156223 × 10^291 |
| 55 | ov_055 | 8.606030962688239 × 10^291 |
| 54 | ov_054 | 1.317800743615043 × 10^292 |
| 53 | ov_053 | 1.9351902000359546 × 10^292 |
| 52 | ov_052 | 2.769994141935222 × 10^292 |
| 51 | ov_051 | 3.8857545794911437 × 10^292 |
| 50 | ov_050 | 5.352344186602102 × 10^292 |
| 49 | ov_049 | 7.245984133326259 × 10^292 |
| 48 | ov_048 | 9.649270693412838 × 10^292 |
| 47 | ov_047 | 1.2651213322149571 × 10^293 |
| 32 | lv_80_m31 | 1.488807089783011 × 10^293 |
| 46 | ov_046 | 1.6347287673491478 × 10^293 |
| 45 | ov_045 | 2.08395076268156 × 10^293 |
| 44 | ov_044 | 2.623652051550628 × 10^293 |
| 43 | ov_043 | 3.2653729568045246 × 10^293 |
| 42 | ov_042 | 4.021344801374816 × 10^293 |
| 41 | ov_041 | 4.904509037158621 × 10^293 |
| 40 | ov_040 | 5.921889820280576 × 10^293 |
| 39 | ov_039 | 7.080900155028736 × 10^293 |
| 31 | ov_031 | 7.633925013831602 × 10^293 |
| 38 | ov_038 | 8.396773552059696 × 10^293 |
| 37 | ov_037 | 9.885580641964072 × 10^293 |
| 36 | ov_036 | 1.1564277296187357 × 10^294 |
| 35 | ov_035 | 1.345076098245239 × 10^294 |
| 34 | ov_034 | 1.5563936295908676 × 10^294 |
| 33 | ov_033 | 1.792379066836016 × 10^294 |
| 30 | ov_030 | 3.9136970362186 × 10^294 |
| 29 | ov_029 | 1.280194689894223 × 10^295 |
| 28 | ov_028 | 3.322406626572984 × 10^295 |
| 27 | ov_027 | 7.425304063651552 × 10^295 |
| 26 | ov_026 | 1.5754789587764916 × 10^296 |
| 25 | ov_025 | 3.1179380782849423 × 10^296 |
| 24 | ov_024 | 5.7270229603945085 × 10^296 |
| 23 | ov_023 | 9.830118257431466 × 10^296 |
| 22 | ov_022 | 1.5924893348296043 × 10^297 |
| 21 | ov_021 | 2.4579334797208464 × 10^297 |
| 20 | ov_020 | 3.6431805614691654 × 10^297 |
| 19 | ov_019 | 5.219114211363924 × 10^297 |
| 18 | ov_018 | 7.263680291461866 × 10^297 |
| 17 | ov_017 | 9.861909069089316 × 10^297 |
| 16 | ov_016 | 1.3105946976612127 × 10^298 |
| 15 | ov_015 | 1.709510043901348 × 10^298 |
| 14 | ov_014 | 2.1935895171189532 × 10^298 |
| 13 | ov_013 | 2.7742155537019053 × 10^298 |
| 12 | ov_012 | 3.463510930715344 × 10^298 |
| 11 | ov_011 | 4.2743523659798 × 10^298 |
| 10 | ov_010 | 5.220387877790646 × 10^298 |
| 9 | ov_009 | 6.316058590801159 × 10^298 |
| 8 | ov_008 | 7.576625726143542 × 10^298 |
| 7 | ov_007 | 9.018203565922642 × 10^298 |
| 6 | ov_006 | 1.0657799234954993 × 10^299 |
| 5 | ov_005 | 1.2513360196242556 × 10^299 |
| 4 | ov_004 | 1.4603830411403828 × 10^299 |
| 3 | ov_003 | 1.6949216106902374 × 10^299 |
| 2 | ov_002 | 1.95706619414972 × 10^299 |
| 1 | ov_001 | 2.249053828979311 × 10^299 |

