# Results for F001-F002-F003-F004-F005-F006-F007-F008-F009-F010-F011-F012-F013-F014-F015-F016-F017-F018-F019-F020-F021-F022-F023-F024-F025-F026-F027-F028-F029-F030-F031-F032-F033-F034-F035-F036-F037-F038-F039-F040-F041-F042-F043-F044-F045-F046-F047-F048-F049-F050-F051-F052-F053-F054-F055-F056-F057-F058-F059-F060-F061-F062-F063-F064-F065-F066-F067-F068-F069-F070-F071-F072-F073-F074-F075-F076-F077-F078-F079-F080-F081-F082-F083-F084-F085-F086-F087-F088-F089-F090-F091-F092-F093-F094-F095-F096-F097-F098-F099-F100-F101-F102-F103-F104-F105-F106-F107-F108-F109-F110-F111-F112-F113-F114-F115-F116-F117-F118-F119-F120-F121-F122-F123-F124-F125-F126-F127-F128-F129-F130-F131-F132-F133-F134-F135-F136-F137-F138-F139-F140-F141-F142-F143-F144-F145-F146-F147-F148-F149-F150-F151-F152-F153-F154-F155-F156-F157-F158-F159-F160-F161-F162-F163-F164-F165-F166-F167-F168-F169-F170-F171-F172-F173-F174-F175-F176-F177-F178-F179-F180-F181-F182-F183-F184-F185-F186-F187-F188-F189-F190-F191-F192-F193-F194-F195-F196-F197-F198-F199-F200-F201-F202-F203-F204-F205-F206-F207-F208-F209-F210-F211-F212-F213-F214-F215-F216-F217-F218-F219-F220-F221-F222-F223-F224-F225-F226-F227-F228-F229-F230-F231-F232-F233-F234-F235-F236-F237-F238-F239-F240-F241-F242-F243-F244-F245-F246-F247-F248-F249-F250-F251-F252-F253-F254-F255-F256-F257-F258-F259-F260-F261-F262-F263-F264-F265-F266-F267-F268-F269-F270-F271-F272-F273-F274-F275-F276-F277-F278-F279-F280-F281-F282-F283-F284-F285-F286-F287-F288-F289-F290-F291-F292-F293-F294-F295-F296-F297-F298-F299-F300-F301-F302-F303-F304-F305-F306-F307-F308-F309-F310-F311-F312-F313-F314-F315-F316-F317-F318-F319-F320-F321-F322-F323-F324-F325-F326-F327-F328-F329-F330-F331-F332-F333-F334-F335-F336-F337-F338-F339-F340-F341-F342-F343-F344-F345-F346-F347-F348-F349-F350-F351-F352-F353-F354-F355-F356-F357-F358-F359-F360-F361-F362-F363-F364-F365-F366-F367-F368-F369-F370-F371-F372-F373-F374-F375-F376-F377-F378-F379-F380-F381-F382-F383-F384-F385-F386-F387-F388-F389-F390-F391-F392-F393-F394-F395-F396-F397-F398-F399-F400-F401-F402-F403-F404-F405-F406-F407-F408-F409-F410-F411-F412-F413-F414-F415-F416-F417-F418-F419-F420-F421-F422-F423-F424-F425-F426-F427-F428-F429-F430-F431-F432-F433-F434-F435-F436-F437-F438-F439-F440-F441-F442-F443-F444-F445-F446-F447-F448-F449-F450-F451-F452-F453-F454-F455-F456-F457-F458-F459-F460-F461-F462-F463-F464-F465-F466-F467-F468-F469-F470-F471-F472-F473-F474-F475-F476-F477-F478-F479-F480-F481-F482-F483-F484-F485-F486-F487-F488-F489-F490-F491-F492-F493-F494-F495-F496-O497506-O500505-F510-F512

## Summary

Number of input bits: 512  
Number of free input bits: 12  
Number of output bits: 160

Number of direct occurrences: 49295  
Number of assignments: 31758  
Number of operations: 11227059
(xor: 11198628,
and: 14899,
or: 13532)

Total complexity: 2.676585923840185 × 10^301

Least occurring input variable: iv_502 (3844)  
Most occurring input variable: iv_500 (4318)

Most co-occurring input variables: iv_500-iv_511 (2103)  
Least co-occurring input variables: iv_499-iv_502 (1736)

Potentially most occurring input variable: iv_500/iv_508 (4573)  
Potentially least occurring input variable: iv_499/iv_504 (4170)

Least output occurring input variable: iv_502 (71)  
Most output occurring input variable: iv_498 (88)

Most output co-occurring input variables: iv_498-iv_501 (48)  
Least output co-occurring input variables: iv_502-iv_503 (29)

Potentially most output occurring input variable: iv_500/iv_507 (90)  
Potentially least output occurring input variable: iv_497/iv_500 (68)

Least complex input bit: iv_511 (3.269746772408158 × 10^297)  
Most complex input bit: iv_500 (5.00515836575589 × 10^300)

Least complex output bit: aaa_76_29 (4.765203187354802 × 10^276)  
Most complex output bit: ov_001 (4.184447931576223 × 10^300)

Least complex input/output complexity: iv_511/aaa_76_29 (5.821224569307987 × 10^272)  
Most complex input/output complexity: iv_500/ov_001 (7.824828033448619 × 10^299)

## Input Bits

### Input Bits in Regular Order

| Input Bit | Complexity | Occurrences | Output Occurrences |
|:---------:|:----------:|:-----------:|:------------------:|
| iv_497 | 2.3783944787654452 × 10^300 | 4245 | 72 |
| iv_498 | 1.516161498356222 × 10^299 | 3954 | 88 |
| iv_499 | 2.6694597799075224 × 10^299 | 3922 | 72 |
| iv_500 | 5.00515836575589 × 10^300 | 4318 | 82 |
| iv_501 | 7.420722450900523 × 10^299 | 4108 | 83 |
| iv_502 | 1.2007458174916092 × 10^300 | 3844 | 71 |
| iv_503 | 1.9085777640351856 × 10^300 | 4075 | 72 |
| iv_504 | 2.9752771072420473 × 10^300 | 3950 | 71 |
| iv_507 | 3.302887357064726 × 10^300 | 4195 | 76 |
| iv_508 | 4.383489708166796 × 10^300 | 4199 | 73 |
| iv_509 | 4.4474245201913446 × 10^300 | 4209 | 78 |
| iv_511 | 3.269746772408158 × 10^297 | 4276 | 80 |

### Input Bits Sorted by Complexity

| Input Bit | Complexity | Occurrences | Output Occurrences |
|:---------:|:----------:|:-----------:|:------------------:|
| iv_511 | 3.269746772408158 × 10^297 | 4276 | 80 |
| iv_498 | 1.516161498356222 × 10^299 | 3954 | 88 |
| iv_499 | 2.6694597799075224 × 10^299 | 3922 | 72 |
| iv_501 | 7.420722450900523 × 10^299 | 4108 | 83 |
| iv_502 | 1.2007458174916092 × 10^300 | 3844 | 71 |
| iv_503 | 1.9085777640351856 × 10^300 | 4075 | 72 |
| iv_497 | 2.3783944787654452 × 10^300 | 4245 | 72 |
| iv_504 | 2.9752771072420473 × 10^300 | 3950 | 71 |
| iv_507 | 3.302887357064726 × 10^300 | 4195 | 76 |
| iv_508 | 4.383489708166796 × 10^300 | 4199 | 73 |
| iv_509 | 4.4474245201913446 × 10^300 | 4209 | 78 |
| iv_500 | 5.00515836575589 × 10^300 | 4318 | 82 |

### Input Bits Sorted by Occurrences

| Input Bit | Complexity | Occurrences | Output Occurrences |
|:---------:|:----------:|:-----------:|:------------------:|
| iv_502 | 1.2007458174916092 × 10^300 | 3844 | 71 |
| iv_499 | 2.6694597799075224 × 10^299 | 3922 | 72 |
| iv_504 | 2.9752771072420473 × 10^300 | 3950 | 71 |
| iv_498 | 1.516161498356222 × 10^299 | 3954 | 88 |
| iv_503 | 1.9085777640351856 × 10^300 | 4075 | 72 |
| iv_501 | 7.420722450900523 × 10^299 | 4108 | 83 |
| iv_507 | 3.302887357064726 × 10^300 | 4195 | 76 |
| iv_508 | 4.383489708166796 × 10^300 | 4199 | 73 |
| iv_509 | 4.4474245201913446 × 10^300 | 4209 | 78 |
| iv_497 | 2.3783944787654452 × 10^300 | 4245 | 72 |
| iv_511 | 3.269746772408158 × 10^297 | 4276 | 80 |
| iv_500 | 5.00515836575589 × 10^300 | 4318 | 82 |

### Input Bits Sorted by Output Occurrences

| Input Bit | Complexity | Occurrences | Output Occurrences |
|:---------:|:----------:|:-----------:|:------------------:|
| iv_502 | 1.2007458174916092 × 10^300 | 3844 | 71 |
| iv_504 | 2.9752771072420473 × 10^300 | 3950 | 71 |
| iv_503 | 1.9085777640351856 × 10^300 | 4075 | 72 |
| iv_499 | 2.6694597799075224 × 10^299 | 3922 | 72 |
| iv_497 | 2.3783944787654452 × 10^300 | 4245 | 72 |
| iv_508 | 4.383489708166796 × 10^300 | 4199 | 73 |
| iv_507 | 3.302887357064726 × 10^300 | 4195 | 76 |
| iv_509 | 4.4474245201913446 × 10^300 | 4209 | 78 |
| iv_511 | 3.269746772408158 × 10^297 | 4276 | 80 |
| iv_500 | 5.00515836575589 × 10^300 | 4318 | 82 |
| iv_501 | 7.420722450900523 × 10^299 | 4108 | 83 |
| iv_498 | 1.516161498356222 × 10^299 | 3954 | 88 |

## Input Bit Co-occurrences

### Input Bit Co-occurrences Sorted by Co-occurrences

| Input Bits | Co-occurrences | Potential Occurrences | Output Co-occurrences | Potential Output Occurrences |
|:----------:|:--------------:|:---------------------:|:---------------------:|:----------------------------:|
| iv_500-iv_511 | 2103 | 4388 | 42 | 78 |
| iv_508-iv_509 | 2087 | 4234 | 35 | 81 |
| iv_500-iv_507 | 2060 | 4393 | 34 | 90 |
| iv_507-iv_509 | 2049 | 4306 | 38 | 78 |
| iv_497-iv_509 | 2040 | 4374 | 38 | 74 |
| iv_501-iv_511 | 2039 | 4306 | 39 | 85 |
| iv_503-iv_511 | 2039 | 4273 | 35 | 82 |
| iv_500-iv_501 | 2038 | 4350 | 42 | 81 |
| iv_497-iv_500 | 2037 | 4489 | 43 | 68 |
| iv_507-iv_511 | 2019 | 4433 | 39 | 78 |
| iv_501-iv_509 | 2016 | 4285 | 38 | 85 |
| iv_500-iv_509 | 2007 | 4513 | 37 | 86 |

### Input Bit Co-occurrences Sorted by Potential Occurrences

| Input Bits | Co-occurrences | Potential Occurrences | Output Co-occurrences | Potential Output Occurrences |
|:----------:|:--------------:|:---------------------:|:---------------------:|:----------------------------:|
| iv_499-iv_504 | 1851 | 4170 | 30 | 83 |
| iv_498-iv_504 | 1843 | 4218 | 40 | 79 |
| iv_498-iv_499 | 1827 | 4222 | 44 | 72 |
| iv_499-iv_508 | 1945 | 4231 | 36 | 73 |
| iv_502-iv_504 | 1781 | 4232 | 33 | 76 |
| iv_508-iv_509 | 2087 | 4234 | 35 | 81 |
| iv_499-iv_501 | 1895 | 4240 | 33 | 89 |
| iv_503-iv_504 | 1883 | 4259 | 34 | 75 |
| iv_502-iv_507 | 1888 | 4263 | 36 | 75 |
| iv_504-iv_508 | 1941 | 4267 | 36 | 72 |
| iv_499-iv_507 | 1923 | 4271 | 38 | 72 |
| iv_503-iv_511 | 2039 | 4273 | 35 | 82 |

### Input Bit Output Co-occurrences Sorted by Output Co-occurrences

| Input Bits | Co-occurrences | Potential Occurrences | Output Co-occurrences | Potential Output Occurrences |
|:----------:|:--------------:|:---------------------:|:---------------------:|:----------------------------:|
| iv_498-iv_501 | 1879 | 4304 | 48 | 75 |
| iv_498-iv_500 | 1954 | 4364 | 45 | 80 |
| iv_498-iv_509 | 1877 | 4409 | 44 | 78 |
| iv_498-iv_499 | 1827 | 4222 | 44 | 72 |
| iv_498-iv_507 | 1906 | 4337 | 43 | 78 |
| iv_498-iv_511 | 1904 | 4422 | 43 | 82 |
| iv_497-iv_500 | 2037 | 4489 | 43 | 68 |
| iv_497-iv_498 | 1849 | 4501 | 43 | 74 |
| iv_500-iv_501 | 2038 | 4350 | 42 | 81 |
| iv_500-iv_511 | 2103 | 4388 | 42 | 78 |
| iv_498-iv_503 | 1868 | 4293 | 41 | 78 |
| iv_501-iv_507 | 1951 | 4401 | 41 | 77 |

### Input Bit Output Co-occurrences Sorted by Potential Output Occurrences

| Input Bits | Co-occurrences | Potential Occurrences | Output Co-occurrences | Potential Output Occurrences |
|:----------:|:--------------:|:---------------------:|:---------------------:|:----------------------------:|
| iv_497-iv_500 | 2037 | 4489 | 43 | 68 |
| iv_504-iv_508 | 1941 | 4267 | 36 | 72 |
| iv_499-iv_500 | 1970 | 4300 | 41 | 72 |
| iv_499-iv_507 | 1923 | 4271 | 38 | 72 |
| iv_498-iv_499 | 1827 | 4222 | 44 | 72 |
| iv_499-iv_508 | 1945 | 4231 | 36 | 73 |
| iv_507-iv_508 | 1983 | 4428 | 38 | 73 |
| iv_497-iv_509 | 2040 | 4374 | 38 | 74 |
| iv_497-iv_498 | 1849 | 4501 | 43 | 74 |
| iv_501-iv_503 | 1868 | 4447 | 40 | 75 |
| iv_503-iv_504 | 1883 | 4259 | 34 | 75 |
| iv_498-iv_501 | 1879 | 4304 | 48 | 75 |

## Output Bits

### Output Bits in Regular Order

| Rank | Output Bit | Complexity |
|:----:|:----------:|:----------:|
| 1 | ov_001 | 4.184447931576223 × 10^300 |
| 2 | ov_002 | 3.64117313486685 × 10^300 |
| 3 | ov_003 | 3.153431145785709 × 10^300 |
| 4 | ov_004 | 2.717058118640609 × 10^300 |
| 5 | ov_005 | 2.3281182467262557 × 10^300 |
| 6 | ov_006 | 1.982887625387191 × 10^300 |
| 7 | ov_007 | 1.677840183306064 × 10^300 |
| 8 | ov_008 | 1.4096355167578047 × 10^300 |
| 9 | ov_009 | 1.175108472309993 × 10^300 |
| 10 | ov_010 | 9.712603100598774 × 10^299 |
| 11 | ov_011 | 7.952512776618633 × 10^299 |
| 12 | ov_012 | 6.443944351763755 × 10^299 |
| 13 | ov_013 | 5.161505803426697 × 10^299 |
| 14 | ov_014 | 4.081241332889178 × 10^299 |
| 15 | ov_015 | 3.180598489802453 × 10^299 |
| 16 | ov_016 | 2.438402349003132 × 10^299 |
| 17 | ov_017 | 1.834835605897628 × 10^299 |
| 18 | ov_018 | 1.3514235474527065 × 10^299 |
| 19 | ov_019 | 9.71022946313731 × 10^298 |
| 20 | ov_020 | 6.77814015847626 × 10^298 |
| 21 | ov_021 | 4.572946910492722 × 10^298 |
| 22 | ov_022 | 2.962766643091331 × 10^298 |
| 23 | ov_023 | 1.8288272080744288 × 10^298 |
| 24 | ov_024 | 1.0654500592374036 × 10^298 |
| 25 | ov_025 | 5.8003964788832695 × 10^297 |
| 26 | ov_026 | 2.930776120817934 × 10^297 |
| 27 | ov_027 | 1.3812004163742107 × 10^297 |
| 28 | ov_028 | 6.179639931954525 × 10^296 |
| 29 | ov_029 | 2.3809173431774406 × 10^296 |
| 30 | ov_030 | 7.27784646295553 × 10^295 |
| 31 | ov_031 | 1.4193490413825185 × 10^295 |
| 32 | lv_80_m31 | 2.7675375586373914 × 10^294 |
| 33 | ov_033 | 3.333227994652562 × 10^295 |
| 34 | ov_034 | 2.89421401064475 × 10^295 |
| 35 | ov_035 | 2.5009381830597293 × 10^295 |
| 36 | ov_036 | 2.149823957650516 × 10^295 |
| 37 | ov_037 | 1.8374899398040763 × 10^295 |
| 38 | ov_038 | 1.5607361839196656 × 10^295 |
| 39 | ov_039 | 1.3165322829212468 × 10^295 |
| 40 | ov_040 | 1.1020070871037031 × 10^295 |
| 41 | ov_041 | 9.144398919284275 × 10^294 |
| 42 | ov_042 | 7.512529442594921 × 10^294 |
| 43 | ov_043 | 6.111922465086055 × 10^294 |
| 44 | ov_044 | 4.919480442556345 × 10^294 |
| 45 | ov_045 | 3.913375973080202 × 10^294 |
| 46 | ov_046 | 3.073016367081518 × 10^294 |
| 47 | ov_047 | 2.3790152114109678 × 10^294 |
| 48 | ov_048 | 1.8131699345914768 × 10^294 |
| 49 | ov_049 | 1.3584444570407178 × 10^294 |
| 50 | ov_050 | 9.989560853085681 × 10^293 |
| 51 | ov_051 | 7.199658834937904 × 10^293 |
| 52 | ov_052 | 5.078718282985738 × 10^293 |
| 53 | ov_053 | 3.502041268718778 × 10^293 |
| 54 | ov_054 | 2.3562214887152134 × 10^293 |
| 55 | ov_055 | 1.5391249618867613 × 10^293 |
| 56 | ov_056 | 9.598782195943168 × 10^292 |
| 57 | ov_057 | 5.758585426523443 × 10^292 |
| 58 | ov_058 | 3.1869545131525395 × 10^292 |
| 59 | ov_059 | 1.5701574097809327 × 10^292 |
| 60 | ov_060 | 6.506964024987726 × 10^291 |
| 61 | ov_061 | 2.2730575993143933 × 10^291 |
| 62 | ov_062 | 6.235985076224751 × 10^290 |
| 63 | ov_063 | 1.215578943755989 × 10^290 |
| 64 | lv_79_m31 | 2.369051451616191 × 10^289 |
| 65 | ov_065 | 2.851498851658304 × 10^290 |
| 66 | ov_066 | 2.8514903920566285 × 10^290 |
| 67 | ov_067 | 2.8514883217563315 × 10^290 |
| 68 | ov_068 | 2.4726762288148796 × 10^290 |
| 69 | ov_069 | 2.1339548480350407 × 10^290 |
| 70 | ov_070 | 1.8321190017057946 × 10^290 |
| 71 | ov_071 | 1.5641606393875812 × 10^290 |
| 72 | ov_072 | 1.3272554939510371 × 10^290 |
| 73 | ov_073 | 1.1187509191561199 × 10^290 |
| 74 | ov_074 | 9.361548457327492 × 10^289 |
| 75 | ov_075 | 7.771257954341258 × 10^289 |
| 76 | ov_076 | 6.394638946078736 × 10^289 |
| 77 | ov_077 | 5.211028305214518 × 10^289 |
| 78 | ov_078 | 4.20102695040741 × 10^289 |
| 79 | ov_079 | 3.3464366134065107 × 10^289 |
| 80 | ov_080 | 2.630204401655066 × 10^289 |
| 81 | ov_081 | 2.036374627942816 × 10^289 |
| 82 | ov_082 | 1.5500473833751544 × 10^289 |
| 83 | ov_083 | 1.1573433333156052 × 10^289 |
| 84 | ov_084 | 8.45374218309101 × 10^288 |
| 85 | ov_085 | 6.022185435654153 × 10^288 |
| 86 | ov_086 | 4.169019415969992 × 10^288 |
| 87 | ov_087 | 2.793816932425656 × 10^288 |
| 88 | ov_088 | 1.8053489269627814 × 10^288 |
| 89 | ov_089 | 1.12149742387511 × 10^288 |
| 90 | ov_090 | 6.691946367579886 × 10^287 |
| 91 | ov_091 | 3.843830938295775 × 10^287 |
| 92 | ov_092 | 2.119916849762145 × 10^287 |
| 93 | ov_093 | 1.0592278690808648 × 10^287 |
| 94 | ov_094 | 4.536989791463791 × 10^286 |
| 95 | aaa_78_28 | 1.4009398962527722 × 10^286 |
| 96 | aaa_78_29 | 4.3021730680332927 × 10^285 |
| 97 | ov_097 | 2.840293095618372 × 10^285 |
| 98 | ov_098 | 2.840207228589066 × 10^285 |
| 99 | ov_099 | 2.840179731710574 × 10^285 |
| 100 | ov_100 | 2.5554078997708666 × 10^285 |
| 101 | ov_101 | 2.2917469818588668 × 10^285 |
| 102 | ov_102 | 2.0480248226427647 × 10^285 |
| 103 | ov_103 | 1.8231547451187888 × 10^285 |
| 104 | ov_104 | 1.6161247151731266 × 10^285 |
| 105 | ov_105 | 1.4259874757276954 × 10^285 |
| 106 | ov_106 | 1.2518515996595245 × 10^285 |
| 107 | ov_107 | 1.0928734126079325 × 10^285 |
| 108 | ov_108 | 9.482497383522024 × 10^284 |
| 109 | ov_109 | 8.172114207022986 × 10^284 |
| 110 | ov_110 | 6.990175768377849 × 10^284 |
| 111 | ov_111 | 5.929505377954324 × 10^284 |
| 112 | ov_112 | 4.983114323809935 × 10^284 |
| 113 | ov_113 | 4.144163711992141 × 10^284 |
| 114 | ov_114 | 3.405931877894654 × 10^284 |
| 115 | ov_115 | 2.7617869405046573 × 10^284 |
| 116 | ov_116 | 2.205164072616153 × 10^284 |
| 117 | ov_117 | 1.7295470608250677 × 10^284 |
| 118 | ov_118 | 1.3284537295427883 × 10^284 |
| 119 | ov_119 | 9.954248034985533 × 10^283 |
| 120 | ov_120 | 7.240157833311543 × 10^283 |
| 121 | ov_121 | 5.077914089431462 × 10^283 |
| 122 | ov_122 | 3.40322094762147 × 10^283 |
| 123 | ov_123 | 2.1518158366178522 × 10^283 |
| 124 | ov_124 | 1.259453631840884 × 10^283 |
| 125 | ov_125 | 6.618968349437466 × 10^282 |
| 126 | ov_126 | 2.949105594565142 × 10^282 |
| 127 | aaa_77_28 | 9.426060386264819 × 10^281 |
| 128 | aaa_77_29 | 3.538972624577313 × 10^281 |
| 129 | ov_129 | 3.301720657104778 × 10^281 |
| 130 | ov_130 | 3.3017113689312138 × 10^281 |
| 131 | ov_131 | 3.3017091209890708 × 10^281 |
| 132 | ov_132 | 2.872999580497357 × 10^281 |
| 133 | ov_133 | 2.4875715108531353 × 10^281 |
| 134 | ov_134 | 2.1420752121164668 × 10^281 |
| 135 | ov_135 | 1.8333424889350936 × 10^281 |
| 136 | ov_136 | 1.5583737040009367 × 10^281 |
| 137 | ov_137 | 1.3157096736456673 × 10^281 |
| 138 | ov_138 | 1.1026558258792074 × 10^281 |
| 139 | ov_139 | 9.166570943103813 × 10^280 |
| 140 | ov_140 | 7.552909847102604 × 10^280 |
| 141 | ov_141 | 6.162617812535105 × 10^280 |
| 142 | ov_142 | 4.973957627216144 × 10^280 |
| 143 | ov_143 | 3.966373065564859 × 10^280 |
| 144 | ov_144 | 3.1204576616900865 × 10^280 |
| 145 | ov_145 | 2.4179301436075985 × 10^280 |
| 146 | ov_146 | 1.8416155312894217 × 10^280 |
| 147 | ov_147 | 1.3754309750930236 × 10^280 |
| 148 | ov_148 | 1.0043754847981793 × 10^280 |
| 149 | ov_149 | 7.145227730569388 × 10^279 |
| 150 | ov_150 | 4.9301651057599486 × 10^279 |
| 151 | ov_151 | 3.280673638235967 × 10^279 |
| 152 | ov_152 | 2.0895125949912312 × 10^279 |
| 153 | ov_153 | 1.2600841440067006 × 10^279 |
| 154 | ov_154 | 7.06428010617571 × 10^278 |
| 155 | ov_155 | 3.5321848090877115 × 10^278 |
| 156 | aaa_76_25 | 1.3576277075503448 × 10^278 |
| 157 | aaa_76_26 | 7.844232219366179 × 10^277 |
| 158 | aaa_76_27 | 4.017865932075913 × 10^277 |
| 159 | aaa_76_28 | 1.5656103640627862 × 10^277 |
| 160 | aaa_76_29 | 4.765203187354802 × 10^276 |

### Output Bits Sorted by Complexity

| Rank | Output Bit | Complexity |
|:----:|:----------:|:----------:|
| 160 | aaa_76_29 | 4.765203187354802 × 10^276 |
| 159 | aaa_76_28 | 1.5656103640627862 × 10^277 |
| 158 | aaa_76_27 | 4.017865932075913 × 10^277 |
| 157 | aaa_76_26 | 7.844232219366179 × 10^277 |
| 156 | aaa_76_25 | 1.3576277075503448 × 10^278 |
| 155 | ov_155 | 3.5321848090877115 × 10^278 |
| 154 | ov_154 | 7.06428010617571 × 10^278 |
| 153 | ov_153 | 1.2600841440067006 × 10^279 |
| 152 | ov_152 | 2.0895125949912312 × 10^279 |
| 151 | ov_151 | 3.280673638235967 × 10^279 |
| 150 | ov_150 | 4.9301651057599486 × 10^279 |
| 149 | ov_149 | 7.145227730569388 × 10^279 |
| 148 | ov_148 | 1.0043754847981793 × 10^280 |
| 147 | ov_147 | 1.3754309750930236 × 10^280 |
| 146 | ov_146 | 1.8416155312894217 × 10^280 |
| 145 | ov_145 | 2.4179301436075985 × 10^280 |
| 144 | ov_144 | 3.1204576616900865 × 10^280 |
| 143 | ov_143 | 3.966373065564859 × 10^280 |
| 142 | ov_142 | 4.973957627216144 × 10^280 |
| 141 | ov_141 | 6.162617812535105 × 10^280 |
| 140 | ov_140 | 7.552909847102604 × 10^280 |
| 139 | ov_139 | 9.166570943103813 × 10^280 |
| 138 | ov_138 | 1.1026558258792074 × 10^281 |
| 137 | ov_137 | 1.3157096736456673 × 10^281 |
| 136 | ov_136 | 1.5583737040009367 × 10^281 |
| 135 | ov_135 | 1.8333424889350936 × 10^281 |
| 134 | ov_134 | 2.1420752121164668 × 10^281 |
| 133 | ov_133 | 2.4875715108531353 × 10^281 |
| 132 | ov_132 | 2.872999580497357 × 10^281 |
| 131 | ov_131 | 3.3017091209890708 × 10^281 |
| 130 | ov_130 | 3.3017113689312138 × 10^281 |
| 129 | ov_129 | 3.301720657104778 × 10^281 |
| 128 | aaa_77_29 | 3.538972624577313 × 10^281 |
| 127 | aaa_77_28 | 9.426060386264819 × 10^281 |
| 126 | ov_126 | 2.949105594565142 × 10^282 |
| 125 | ov_125 | 6.618968349437466 × 10^282 |
| 124 | ov_124 | 1.259453631840884 × 10^283 |
| 123 | ov_123 | 2.1518158366178522 × 10^283 |
| 122 | ov_122 | 3.40322094762147 × 10^283 |
| 121 | ov_121 | 5.077914089431462 × 10^283 |
| 120 | ov_120 | 7.240157833311543 × 10^283 |
| 119 | ov_119 | 9.954248034985533 × 10^283 |
| 118 | ov_118 | 1.3284537295427883 × 10^284 |
| 117 | ov_117 | 1.7295470608250677 × 10^284 |
| 116 | ov_116 | 2.205164072616153 × 10^284 |
| 115 | ov_115 | 2.7617869405046573 × 10^284 |
| 114 | ov_114 | 3.405931877894654 × 10^284 |
| 113 | ov_113 | 4.144163711992141 × 10^284 |
| 112 | ov_112 | 4.983114323809935 × 10^284 |
| 111 | ov_111 | 5.929505377954324 × 10^284 |
| 110 | ov_110 | 6.990175768377849 × 10^284 |
| 109 | ov_109 | 8.172114207022986 × 10^284 |
| 108 | ov_108 | 9.482497383522024 × 10^284 |
| 107 | ov_107 | 1.0928734126079325 × 10^285 |
| 106 | ov_106 | 1.2518515996595245 × 10^285 |
| 105 | ov_105 | 1.4259874757276954 × 10^285 |
| 104 | ov_104 | 1.6161247151731266 × 10^285 |
| 103 | ov_103 | 1.8231547451187888 × 10^285 |
| 102 | ov_102 | 2.0480248226427647 × 10^285 |
| 101 | ov_101 | 2.2917469818588668 × 10^285 |
| 100 | ov_100 | 2.5554078997708666 × 10^285 |
| 99 | ov_099 | 2.840179731710574 × 10^285 |
| 98 | ov_098 | 2.840207228589066 × 10^285 |
| 97 | ov_097 | 2.840293095618372 × 10^285 |
| 96 | aaa_78_29 | 4.3021730680332927 × 10^285 |
| 95 | aaa_78_28 | 1.4009398962527722 × 10^286 |
| 94 | ov_094 | 4.536989791463791 × 10^286 |
| 93 | ov_093 | 1.0592278690808648 × 10^287 |
| 92 | ov_092 | 2.119916849762145 × 10^287 |
| 91 | ov_091 | 3.843830938295775 × 10^287 |
| 90 | ov_090 | 6.691946367579886 × 10^287 |
| 89 | ov_089 | 1.12149742387511 × 10^288 |
| 88 | ov_088 | 1.8053489269627814 × 10^288 |
| 87 | ov_087 | 2.793816932425656 × 10^288 |
| 86 | ov_086 | 4.169019415969992 × 10^288 |
| 85 | ov_085 | 6.022185435654153 × 10^288 |
| 84 | ov_084 | 8.45374218309101 × 10^288 |
| 83 | ov_083 | 1.1573433333156052 × 10^289 |
| 82 | ov_082 | 1.5500473833751544 × 10^289 |
| 81 | ov_081 | 2.036374627942816 × 10^289 |
| 64 | lv_79_m31 | 2.369051451616191 × 10^289 |
| 80 | ov_080 | 2.630204401655066 × 10^289 |
| 79 | ov_079 | 3.3464366134065107 × 10^289 |
| 78 | ov_078 | 4.20102695040741 × 10^289 |
| 77 | ov_077 | 5.211028305214518 × 10^289 |
| 76 | ov_076 | 6.394638946078736 × 10^289 |
| 75 | ov_075 | 7.771257954341258 × 10^289 |
| 74 | ov_074 | 9.361548457327492 × 10^289 |
| 73 | ov_073 | 1.1187509191561199 × 10^290 |
| 63 | ov_063 | 1.215578943755989 × 10^290 |
| 72 | ov_072 | 1.3272554939510371 × 10^290 |
| 71 | ov_071 | 1.5641606393875812 × 10^290 |
| 70 | ov_070 | 1.8321190017057946 × 10^290 |
| 69 | ov_069 | 2.1339548480350407 × 10^290 |
| 68 | ov_068 | 2.4726762288148796 × 10^290 |
| 67 | ov_067 | 2.8514883217563315 × 10^290 |
| 66 | ov_066 | 2.8514903920566285 × 10^290 |
| 65 | ov_065 | 2.851498851658304 × 10^290 |
| 62 | ov_062 | 6.235985076224751 × 10^290 |
| 61 | ov_061 | 2.2730575993143933 × 10^291 |
| 60 | ov_060 | 6.506964024987726 × 10^291 |
| 59 | ov_059 | 1.5701574097809327 × 10^292 |
| 58 | ov_058 | 3.1869545131525395 × 10^292 |
| 57 | ov_057 | 5.758585426523443 × 10^292 |
| 56 | ov_056 | 9.598782195943168 × 10^292 |
| 55 | ov_055 | 1.5391249618867613 × 10^293 |
| 54 | ov_054 | 2.3562214887152134 × 10^293 |
| 53 | ov_053 | 3.502041268718778 × 10^293 |
| 52 | ov_052 | 5.078718282985738 × 10^293 |
| 51 | ov_051 | 7.199658834937904 × 10^293 |
| 50 | ov_050 | 9.989560853085681 × 10^293 |
| 49 | ov_049 | 1.3584444570407178 × 10^294 |
| 48 | ov_048 | 1.8131699345914768 × 10^294 |
| 47 | ov_047 | 2.3790152114109678 × 10^294 |
| 32 | lv_80_m31 | 2.7675375586373914 × 10^294 |
| 46 | ov_046 | 3.073016367081518 × 10^294 |
| 45 | ov_045 | 3.913375973080202 × 10^294 |
| 44 | ov_044 | 4.919480442556345 × 10^294 |
| 43 | ov_043 | 6.111922465086055 × 10^294 |
| 42 | ov_042 | 7.512529442594921 × 10^294 |
| 41 | ov_041 | 9.144398919284275 × 10^294 |
| 40 | ov_040 | 1.1020070871037031 × 10^295 |
| 39 | ov_039 | 1.3165322829212468 × 10^295 |
| 31 | ov_031 | 1.4193490413825185 × 10^295 |
| 38 | ov_038 | 1.5607361839196656 × 10^295 |
| 37 | ov_037 | 1.8374899398040763 × 10^295 |
| 36 | ov_036 | 2.149823957650516 × 10^295 |
| 35 | ov_035 | 2.5009381830597293 × 10^295 |
| 34 | ov_034 | 2.89421401064475 × 10^295 |
| 33 | ov_033 | 3.333227994652562 × 10^295 |
| 30 | ov_030 | 7.27784646295553 × 10^295 |
| 29 | ov_029 | 2.3809173431774406 × 10^296 |
| 28 | ov_028 | 6.179639931954525 × 10^296 |
| 27 | ov_027 | 1.3812004163742107 × 10^297 |
| 26 | ov_026 | 2.930776120817934 × 10^297 |
| 25 | ov_025 | 5.8003964788832695 × 10^297 |
| 24 | ov_024 | 1.0654500592374036 × 10^298 |
| 23 | ov_023 | 1.8288272080744288 × 10^298 |
| 22 | ov_022 | 2.962766643091331 × 10^298 |
| 21 | ov_021 | 4.572946910492722 × 10^298 |
| 20 | ov_020 | 6.77814015847626 × 10^298 |
| 19 | ov_019 | 9.71022946313731 × 10^298 |
| 18 | ov_018 | 1.3514235474527065 × 10^299 |
| 17 | ov_017 | 1.834835605897628 × 10^299 |
| 16 | ov_016 | 2.438402349003132 × 10^299 |
| 15 | ov_015 | 3.180598489802453 × 10^299 |
| 14 | ov_014 | 4.081241332889178 × 10^299 |
| 13 | ov_013 | 5.161505803426697 × 10^299 |
| 12 | ov_012 | 6.443944351763755 × 10^299 |
| 11 | ov_011 | 7.952512776618633 × 10^299 |
| 10 | ov_010 | 9.712603100598774 × 10^299 |
| 9 | ov_009 | 1.175108472309993 × 10^300 |
| 8 | ov_008 | 1.4096355167578047 × 10^300 |
| 7 | ov_007 | 1.677840183306064 × 10^300 |
| 6 | ov_006 | 1.982887625387191 × 10^300 |
| 5 | ov_005 | 2.3281182467262557 × 10^300 |
| 4 | ov_004 | 2.717058118640609 × 10^300 |
| 3 | ov_003 | 3.153431145785709 × 10^300 |
| 2 | ov_002 | 3.64117313486685 × 10^300 |
| 1 | ov_001 | 4.184447931576223 × 10^300 |

