# Results for F001-F002-F003-F004-F005-F006-F007-F008-F009-F010-F011-F012-F013-F014-F015-F016-F017-F018-F019-F020-F021-F022-F023-F024-F025-F026-F027-F028-F029-F030-F031-F032-F033-F034-F035-F036-F037-F038-F039-F040-F041-F042-F043-F044-F045-F046-F047-F048-F049-F050-F051-F052-F053-F054-F055-F056-F057-F058-F059-F060-F061-F062-F063-F064-F065-F066-F067-F068-F069-F070-F071-F072-F073-F074-F075-F076-F077-F078-F079-F080-F081-F082-F083-F084-F085-F086-F087-F088-F089-F090-F091-F092-F093-F094-F095-F096-F097-F098-F099-F100-F101-F102-F103-F104-F105-F106-F107-F108-F109-F110-F111-F112-F113-F114-F115-F116-F117-F118-F119-F120-F121-F122-F123-F124-F125-F126-F127-F128-F129-F130-F131-F132-F133-F134-F135-F136-F137-F138-F139-F140-F141-F142-F143-F144-F145-F146-F147-F148-F149-F150-F151-F152-F153-F154-F155-F156-F157-F158-F159-F160-F161-F162-F163-F164-F165-F166-F167-F168-F169-F170-F171-F172-F173-F174-F175-F176-F177-F178-F179-F180-F181-F182-F183-F184-F185-F186-F187-F188-F189-F190-F191-F192-F193-F194-F195-F196-F197-F198-F199-F200-F201-F202-F203-F204-F205-F206-F207-F208-F209-F210-F211-F212-F213-F214-F215-F216-F217-F218-F219-F220-F221-F222-F223-F224-F225-F226-F227-F228-F229-F230-F231-F232-F233-F234-F235-F236-F237-F238-F239-F240-F241-F242-F243-F244-F245-F246-F247-F248-F249-F250-F251-F252-F253-F254-F255-F256-F257-F258-F259-F260-F261-F262-F263-F264-F265-F266-F267-F268-F269-F270-F271-F272-F273-F274-F275-F276-F277-F278-F279-F280-F281-F282-F283-F284-F285-F286-F287-F288-F289-F290-F291-F292-F293-F294-F295-F296-F297-F298-F299-F300-F301-F302-F303-F304-F305-F306-F307-F308-F309-F310-F311-F312-F313-F314-F315-F316-F317-F318-F319-F320-F321-F322-F323-F324-F325-F326-F327-F328-F329-F330-F331-F332-F333-F334-F335-F336-F337-F338-F339-F340-F341-F342-F343-F344-F345-F346-F347-F348-F349-F350-F351-F352-F353-F354-F355-F356-F357-F358-F359-F360-F361-F362-F363-F364-F365-F366-F367-F368-F369-F370-F371-F372-F373-F374-F375-F376-F377-F378-F379-F380-F381-F382-F383-F384-F385-F386-F387-F388-F389-F390-F391-F392-F393-F394-F395-F396-F397-F398-F399-F400-F401-F402-F403-F404-F405-F406-F407-F408-F409-F410-F411-F412-F413-F414-F415-F416-F417-F418-F419-F420-F421-F422-F423-F424-F425-F426-F427-F428-F429-F430-F431-F432-F433-F434-F435-F436-F437-F438-F439-F440-F441-F442-F443-F444-F445-F446-F447-F448-F449-F450-F451-F452-F453-F454-F455-F456-F457-F458-F459-F460-F461-F462-F463-F464-F465-F466-F467-F468-F469-F470-F471-F472-F473-F474-F475-F476-F477-F478-F479-F480-F481-F482-F483-F484-F485-F486-F487-F488-F489-F490-F491-F492-F493-F494-F495-F496-O500505-O500511-F510-F512

## Summary

Number of input bits: 512  
Number of free input bits: 12  
Number of output bits: 160

Number of direct occurrences: 49150  
Number of assignments: 31782  
Number of operations: 11359733
(xor: 11331126,
and: 15080,
or: 13527)

Total complexity: 5.2514879115647845 × 10^302

Least occurring input variable: iv_502 (3853)  
Most occurring input variable: iv_500 (4388)

Most co-occurring input variables: iv_508-iv_509 (2095)  
Least co-occurring input variables: iv_499-iv_502 (1751)

Potentially most occurring input variable: iv_500/iv_508 (4736)  
Potentially least occurring input variable: iv_498/iv_506 (4176)

Least output occurring input variable: iv_503 (70)  
Most output occurring input variable: iv_506 (90)

Most output co-occurring input variables: iv_498-iv_506 (53)  
Least output co-occurring input variables: iv_502-iv_503 (26)

Potentially most output occurring input variable: iv_502/iv_508 (95)  
Potentially least output occurring input variable: iv_499/iv_507 (63)

Least complex input bit: iv_497 (1.4920985040744493 × 10^300)  
Most complex input bit: iv_500 (9.826585223591766 × 10^301)

Least complex output bit: aaa_76_29 (2.156581849039538 × 10^277)  
Most complex output bit: ov_001 (8.209956664673377 × 10^301)

Least complex input/output complexity: iv_497/aaa_76_29 (6.127468262432287 × 10^274)  
Most complex input/output complexity: iv_500/ov_001 (1.5362472542256942 × 10^301)

## Input Bits

### Input Bits in Regular Order

| Input Bit | Complexity | Occurrences | Output Occurrences |
|:---------:|:----------:|:-----------:|:------------------:|
| iv_497 | 1.4920985040744493 × 10^300 | 4126 | 86 |
| iv_498 | 2.9747237739240173 × 10^300 | 3972 | 90 |
| iv_499 | 5.237506347070661 × 10^300 | 3942 | 76 |
| iv_500 | 9.826585223591766 × 10^301 | 4388 | 80 |
| iv_501 | 1.4559530444690853 × 10^301 | 4111 | 84 |
| iv_502 | 2.3558751053925692 × 10^301 | 3853 | 71 |
| iv_503 | 3.7446483472991265 × 10^301 | 4083 | 70 |
| iv_504 | 5.837522951559155 × 10^301 | 3958 | 71 |
| iv_506 | 4.5172235126767544 × 10^301 | 4062 | 90 |
| iv_507 | 6.480297484341657 × 10^301 | 4193 | 85 |
| iv_508 | 8.600449926852941 × 10^301 | 4236 | 80 |
| iv_509 | 8.725890656957872 × 10^301 | 4226 | 80 |

### Input Bits Sorted by Complexity

| Input Bit | Complexity | Occurrences | Output Occurrences |
|:---------:|:----------:|:-----------:|:------------------:|
| iv_497 | 1.4920985040744493 × 10^300 | 4126 | 86 |
| iv_498 | 2.9747237739240173 × 10^300 | 3972 | 90 |
| iv_499 | 5.237506347070661 × 10^300 | 3942 | 76 |
| iv_501 | 1.4559530444690853 × 10^301 | 4111 | 84 |
| iv_502 | 2.3558751053925692 × 10^301 | 3853 | 71 |
| iv_503 | 3.7446483472991265 × 10^301 | 4083 | 70 |
| iv_506 | 4.5172235126767544 × 10^301 | 4062 | 90 |
| iv_504 | 5.837522951559155 × 10^301 | 3958 | 71 |
| iv_507 | 6.480297484341657 × 10^301 | 4193 | 85 |
| iv_508 | 8.600449926852941 × 10^301 | 4236 | 80 |
| iv_509 | 8.725890656957872 × 10^301 | 4226 | 80 |
| iv_500 | 9.826585223591766 × 10^301 | 4388 | 80 |

### Input Bits Sorted by Occurrences

| Input Bit | Complexity | Occurrences | Output Occurrences |
|:---------:|:----------:|:-----------:|:------------------:|
| iv_502 | 2.3558751053925692 × 10^301 | 3853 | 71 |
| iv_499 | 5.237506347070661 × 10^300 | 3942 | 76 |
| iv_504 | 5.837522951559155 × 10^301 | 3958 | 71 |
| iv_498 | 2.9747237739240173 × 10^300 | 3972 | 90 |
| iv_506 | 4.5172235126767544 × 10^301 | 4062 | 90 |
| iv_503 | 3.7446483472991265 × 10^301 | 4083 | 70 |
| iv_501 | 1.4559530444690853 × 10^301 | 4111 | 84 |
| iv_497 | 1.4920985040744493 × 10^300 | 4126 | 86 |
| iv_507 | 6.480297484341657 × 10^301 | 4193 | 85 |
| iv_509 | 8.725890656957872 × 10^301 | 4226 | 80 |
| iv_508 | 8.600449926852941 × 10^301 | 4236 | 80 |
| iv_500 | 9.826585223591766 × 10^301 | 4388 | 80 |

### Input Bits Sorted by Output Occurrences

| Input Bit | Complexity | Occurrences | Output Occurrences |
|:---------:|:----------:|:-----------:|:------------------:|
| iv_503 | 3.7446483472991265 × 10^301 | 4083 | 70 |
| iv_502 | 2.3558751053925692 × 10^301 | 3853 | 71 |
| iv_504 | 5.837522951559155 × 10^301 | 3958 | 71 |
| iv_499 | 5.237506347070661 × 10^300 | 3942 | 76 |
| iv_508 | 8.600449926852941 × 10^301 | 4236 | 80 |
| iv_509 | 8.725890656957872 × 10^301 | 4226 | 80 |
| iv_500 | 9.826585223591766 × 10^301 | 4388 | 80 |
| iv_501 | 1.4559530444690853 × 10^301 | 4111 | 84 |
| iv_507 | 6.480297484341657 × 10^301 | 4193 | 85 |
| iv_497 | 1.4920985040744493 × 10^300 | 4126 | 86 |
| iv_498 | 2.9747237739240173 × 10^300 | 3972 | 90 |
| iv_506 | 4.5172235126767544 × 10^301 | 4062 | 90 |

## Input Bit Co-occurrences

### Input Bit Co-occurrences Sorted by Co-occurrences

| Input Bits | Co-occurrences | Potential Occurrences | Output Co-occurrences | Potential Output Occurrences |
|:----------:|:--------------:|:---------------------:|:---------------------:|:----------------------------:|
| iv_508-iv_509 | 2095 | 4272 | 38 | 84 |
| iv_507-iv_509 | 2053 | 4313 | 43 | 79 |
| iv_506-iv_507 | 2038 | 4179 | 48 | 79 |
| iv_497-iv_507 | 2028 | 4263 | 43 | 85 |
| iv_501-iv_509 | 2007 | 4323 | 43 | 78 |
| iv_497-iv_509 | 2003 | 4346 | 38 | 90 |
| iv_506-iv_509 | 2001 | 4286 | 48 | 74 |
| iv_497-iv_501 | 1998 | 4241 | 45 | 80 |
| iv_507-iv_508 | 1995 | 4439 | 45 | 75 |
| iv_506-iv_508 | 1987 | 4324 | 45 | 80 |
| iv_499-iv_508 | 1984 | 4210 | 40 | 76 |
| iv_500-iv_507 | 1983 | 4615 | 41 | 83 |

### Input Bit Co-occurrences Sorted by Potential Occurrences

| Input Bits | Co-occurrences | Potential Occurrences | Output Co-occurrences | Potential Output Occurrences |
|:----------:|:--------------:|:---------------------:|:---------------------:|:----------------------------:|
| iv_498-iv_506 | 1929 | 4176 | 53 | 74 |
| iv_499-iv_504 | 1861 | 4178 | 32 | 83 |
| iv_506-iv_507 | 2038 | 4179 | 48 | 79 |
| iv_504-iv_506 | 1920 | 4180 | 43 | 75 |
| iv_499-iv_501 | 1931 | 4191 | 43 | 74 |
| iv_499-iv_508 | 1984 | 4210 | 40 | 76 |
| iv_502-iv_506 | 1852 | 4211 | 43 | 75 |
| iv_498-iv_504 | 1852 | 4226 | 41 | 79 |
| iv_498-iv_499 | 1842 | 4230 | 47 | 72 |
| iv_497-iv_504 | 1926 | 4232 | 40 | 77 |
| iv_502-iv_504 | 1787 | 4237 | 34 | 74 |
| iv_497-iv_501 | 1998 | 4241 | 45 | 80 |

### Input Bit Output Co-occurrences Sorted by Output Co-occurrences

| Input Bits | Co-occurrences | Potential Occurrences | Output Co-occurrences | Potential Output Occurrences |
|:----------:|:--------------:|:---------------------:|:---------------------:|:----------------------------:|
| iv_498-iv_506 | 1929 | 4176 | 53 | 74 |
| iv_497-iv_506 | 1971 | 4246 | 51 | 74 |
| iv_498-iv_507 | 1927 | 4311 | 50 | 75 |
| iv_497-iv_498 | 1909 | 4280 | 50 | 76 |
| iv_499-iv_507 | 1935 | 4265 | 49 | 63 |
| iv_506-iv_507 | 2038 | 4179 | 48 | 79 |
| iv_500-iv_506 | 1944 | 4562 | 48 | 74 |
| iv_501-iv_506 | 1914 | 4345 | 48 | 78 |
| iv_506-iv_509 | 2001 | 4286 | 48 | 74 |
| iv_498-iv_499 | 1842 | 4230 | 47 | 72 |
| iv_498-iv_509 | 1891 | 4416 | 46 | 78 |
| iv_498-iv_501 | 1876 | 4331 | 45 | 84 |

### Input Bit Output Co-occurrences Sorted by Potential Output Occurrences

| Input Bits | Co-occurrences | Potential Occurrences | Output Co-occurrences | Potential Output Occurrences |
|:----------:|:--------------:|:---------------------:|:---------------------:|:----------------------------:|
| iv_499-iv_507 | 1935 | 4265 | 49 | 63 |
| iv_501-iv_502 | 1856 | 4252 | 43 | 69 |
| iv_498-iv_499 | 1842 | 4230 | 47 | 72 |
| iv_502-iv_509 | 1848 | 4383 | 39 | 73 |
| iv_502-iv_504 | 1787 | 4237 | 34 | 74 |
| iv_500-iv_501 | 1980 | 4539 | 45 | 74 |
| iv_500-iv_503 | 1955 | 4561 | 38 | 74 |
| iv_500-iv_509 | 1942 | 4730 | 43 | 74 |
| iv_497-iv_506 | 1971 | 4246 | 51 | 74 |
| iv_499-iv_500 | 1898 | 4534 | 41 | 74 |
| iv_499-iv_501 | 1931 | 4191 | 43 | 74 |
| iv_500-iv_506 | 1944 | 4562 | 48 | 74 |

## Output Bits

### Output Bits in Regular Order

| Rank | Output Bit | Complexity |
|:----:|:----------:|:----------:|
| 1 | ov_001 | 8.209956664673377 × 10^301 |
| 2 | ov_002 | 7.144035310395365 × 10^301 |
| 3 | ov_003 | 6.187072516464634 × 10^301 |
| 4 | ov_004 | 5.330898313779264 × 10^301 |
| 5 | ov_005 | 4.567790201034967 × 10^301 |
| 6 | ov_006 | 3.8904414820966707 × 10^301 |
| 7 | ov_007 | 3.2919336606561663 × 10^301 |
| 8 | ov_008 | 2.7657125679997684 × 10^301 |
| 9 | ov_009 | 2.305567920803383 × 10^301 |
| 10 | ov_010 | 1.9056159796258326 × 10^301 |
| 11 | ov_011 | 1.5602849751764965 × 10^301 |
| 12 | ov_012 | 1.2643029886110504 × 10^301 |
| 13 | ov_013 | 1.0126879908790696 × 10^301 |
| 14 | ov_014 | 8.007397645986153 × 10^300 |
| 15 | ov_015 | 6.240334501402934 × 10^300 |
| 16 | ov_016 | 4.784144756287281 × 10^300 |
| 17 | ov_017 | 3.599946484629304 × 10^300 |
| 18 | ov_018 | 2.651492037583233 × 10^300 |
| 19 | ov_019 | 1.9051462285237677 × 10^300 |
| 20 | ov_020 | 1.3298705271488199 × 10^300 |
| 21 | ov_021 | 8.972118203877413 × 10^299 |
| 22 | ov_022 | 5.812946196800833 × 10^299 |
| 23 | ov_023 | 3.588158212476317 × 10^299 |
| 24 | ov_024 | 2.0904129785764836 × 10^299 |
| 25 | ov_025 | 1.138038119555286 × 10^299 |
| 26 | ov_026 | 5.750187162637302 × 10^298 |
| 27 | ov_027 | 2.709919182733339 × 10^298 |
| 28 | ov_028 | 1.2124481740401588 × 10^298 |
| 29 | ov_029 | 4.671376255895155 × 10^297 |
| 30 | ov_030 | 1.4279206850234143 × 10^297 |
| 31 | ov_031 | 2.7847828751431617 × 10^296 |
| 32 | lv_80_m31 | 5.42996116890018 × 10^295 |
| 33 | ov_033 | 6.540512118131992 × 10^296 |
| 34 | ov_034 | 5.679163008183631 × 10^296 |
| 35 | ov_035 | 4.907559334380536 × 10^296 |
| 36 | ov_036 | 4.218677615584262 × 10^296 |
| 37 | ov_037 | 3.6058792081294617 × 10^296 |
| 38 | ov_038 | 3.062883091205683 × 10^296 |
| 39 | ov_039 | 2.5837421912354073 × 10^296 |
| 40 | ov_040 | 2.162822922634077 × 10^296 |
| 41 | ov_041 | 1.7947876385105018 × 10^296 |
| 42 | ov_042 | 1.4745797007753416 × 10^296 |
| 43 | ov_043 | 1.1997393312285458 × 10^296 |
| 44 | ov_044 | 9.657362386272514 × 10^295 |
| 45 | ov_045 | 7.682893962120677 × 10^295 |
| 46 | ov_046 | 6.033599952279482 × 10^295 |
| 47 | ov_047 | 4.6714579712513527 × 10^295 |
| 48 | ov_048 | 3.560766856932251 × 10^295 |
| 49 | ov_049 | 2.668112352826559 × 10^295 |
| 50 | ov_050 | 1.9623412610537602 × 10^295 |
| 51 | ov_051 | 1.4145425239469728 × 10^295 |
| 52 | ov_052 | 9.980338395472602 × 10^294 |
| 53 | ov_053 | 6.88352563519035 × 10^294 |
| 54 | ov_054 | 4.632497970410164 × 10^294 |
| 55 | ov_055 | 3.026867071360425 × 10^294 |
| 56 | ov_056 | 1.8883230481034466 × 10^294 |
| 57 | ov_057 | 1.133228490323366 × 10^294 |
| 58 | ov_058 | 6.273970675743859 × 10^293 |
| 59 | ov_059 | 3.0924953765308835 × 10^293 |
| 60 | ov_060 | 1.282333770519177 × 10^293 |
| 61 | ov_061 | 4.482237318140338 × 10^292 |
| 62 | ov_062 | 1.2303948432899238 × 10^292 |
| 63 | ov_063 | 2.399860887319511 × 10^291 |
| 64 | lv_79_m31 | 4.6798679856719496 × 10^290 |
| 65 | ov_065 | 5.626213010206393 × 10^291 |
| 66 | ov_066 | 5.6261988147280885 × 10^291 |
| 67 | ov_067 | 5.626195437207877 × 10^291 |
| 68 | ov_068 | 4.887448326842704 × 10^291 |
| 69 | ov_069 | 4.22440744785572 × 10^291 |
| 70 | ov_070 | 3.6315573375417235 × 10^291 |
| 71 | ov_071 | 3.103643644850071 × 10^291 |
| 72 | ov_072 | 2.6356568461581195 × 10^291 |
| 73 | ov_073 | 2.222819335014834 × 10^291 |
| 74 | ov_074 | 1.8605753498428932 × 10^291 |
| 75 | ov_075 | 1.544583232182843 × 10^291 |
| 76 | ov_076 | 1.2707095355197148 × 10^291 |
| 77 | ov_077 | 1.0350245312477074 × 10^291 |
| 78 | ov_078 | 8.337986840762113 × 10^290 |
| 79 | ov_079 | 6.6349973700422655 × 10^290 |
| 80 | ov_080 | 5.207901957330176 × 10^290 |
| 81 | ov_081 | 4.025251428349946 × 10^290 |
| 82 | ov_082 | 3.057503579137731 × 10^290 |
| 83 | ov_083 | 2.2770072014404526 × 10^290 |
| 84 | ov_084 | 1.6579886968650861 × 10^290 |
| 85 | ov_085 | 1.1765410454437453 × 10^290 |
| 86 | ov_086 | 8.106148947398972 × 10^289 |
| 87 | ov_087 | 5.400115359098289 × 10^289 |
| 88 | ov_088 | 3.46377533309553 × 10^289 |
| 89 | ov_089 | 2.1320077433933963 × 10^289 |
| 90 | ov_090 | 1.2580770627226382 × 10^289 |
| 91 | ov_091 | 7.136152683914936 × 10^288 |
| 92 | ov_092 | 3.8861097299433455 × 10^288 |
| 93 | ov_093 | 1.9140358209063565 × 10^288 |
| 94 | ov_094 | 8.075001489180189 × 10^287 |
| 95 | aaa_78_28 | 2.4580835169647715 × 10^287 |
| 96 | aaa_78_29 | 7.380452474739934 × 10^286 |
| 97 | ov_097 | 3.8097731743766214 × 10^286 |
| 98 | ov_098 | 3.809734209478891 × 10^286 |
| 99 | ov_099 | 3.809721731875516 × 10^286 |
| 100 | ov_100 | 3.1444735650524753 × 10^286 |
| 101 | ov_101 | 2.57494620380963 × 10^286 |
| 102 | ov_102 | 2.091560352144637 × 10^286 |
| 103 | ov_103 | 1.685268585936748 × 10^286 |
| 104 | ov_104 | 1.3475165645580937 × 10^286 |
| 105 | ov_105 | 1.0702091597113043 × 10^286 |
| 106 | ov_106 | 8.456810615623892 × 10^285 |
| 107 | ov_107 | 6.666714452359238 × 10^285 |
| 108 | ov_108 | 5.263023028838677 × 10^285 |
| 109 | ov_109 | 4.1806006798888376 × 10^285 |
| 110 | ov_110 | 3.3578017945520416 × 10^285 |
| 111 | ov_111 | 2.736342534927543 × 10^285 |
| 112 | ov_112 | 2.261195514127707 × 10^285 |
| 113 | ov_113 | 1.880504513078531 × 10^285 |
| 114 | ov_114 | 1.5455165125379343 × 10^285 |
| 115 | ov_115 | 1.2532222219413626 × 10^285 |
| 116 | ov_116 | 1.0006427661147785 × 10^285 |
| 117 | ov_117 | 7.848213191893911 × 10^284 |
| 118 | ov_118 | 6.028164919478032 × 10^284 |
| 119 | ov_119 | 4.516972794487228 × 10^284 |
| 120 | ov_120 | 3.285393758379603 × 10^284 |
| 121 | ov_121 | 2.304226632852736 × 10^284 |
| 122 | ov_122 | 1.5442959556398953 × 10^284 |
| 123 | ov_123 | 9.764413449047325 × 10^283 |
| 124 | ov_124 | 5.715103214120599 × 10^283 |
| 125 | ov_125 | 3.003538592489235 × 10^283 |
| 126 | ov_126 | 1.3382411481539468 × 10^283 |
| 127 | aaa_77_28 | 4.277355446234312 × 10^282 |
| 128 | aaa_77_29 | 1.6059184815163403 × 10^282 |
| 129 | ov_129 | 1.4981850219707192 × 10^282 |
| 130 | ov_130 | 1.4981808200107985 × 10^282 |
| 131 | ov_131 | 1.4981798035282917 × 10^282 |
| 132 | ov_132 | 1.3036504975897519 × 10^282 |
| 133 | ov_133 | 1.1287559342185357 × 10^282 |
| 134 | ov_134 | 9.719782043312224 × 10^281 |
| 135 | ov_135 | 8.318812945408764 × 10^281 |
| 136 | ov_136 | 7.071052607868576 × 10^281 |
| 137 | ov_137 | 5.969884720597784 × 10^281 |
| 138 | ov_138 | 5.003087408614934 × 10^281 |
| 139 | ov_139 | 4.1590693092096 × 10^281 |
| 140 | ov_140 | 3.426838664719528 × 10^281 |
| 141 | ov_141 | 2.7959775606597284 × 10^281 |
| 142 | ov_142 | 2.2566207049412685 × 10^281 |
| 143 | ov_143 | 1.7994381793424834 × 10^281 |
| 144 | ov_144 | 1.415621629407612 × 10^281 |
| 145 | ov_145 | 1.096873393669806 × 10^281 |
| 146 | ov_146 | 8.35398107622045 × 10^280 |
| 147 | ov_147 | 6.238963522602024 × 10^280 |
| 148 | ov_148 | 4.55559971802654 × 10^280 |
| 149 | ov_149 | 3.2406876038069626 × 10^280 |
| 150 | ov_150 | 2.235882517393423 × 10^280 |
| 151 | ov_151 | 1.4876833929931189 × 10^280 |
| 152 | ov_152 | 9.474246768724007 × 10^279 |
| 153 | ov_153 | 5.712718081459761 × 10^279 |
| 154 | ov_154 | 3.202187295285401 × 10^279 |
| 155 | ov_155 | 1.6008649141300042 × 10^279 |
| 156 | aaa_76_25 | 6.152249211299877 × 10^278 |
| 157 | aaa_76_26 | 3.553789568751715 × 10^278 |
| 158 | aaa_76_27 | 1.8197389979224506 × 10^278 |
| 159 | aaa_76_28 | 7.088167359758093 × 10^277 |
| 160 | aaa_76_29 | 2.156581849039538 × 10^277 |

### Output Bits Sorted by Complexity

| Rank | Output Bit | Complexity |
|:----:|:----------:|:----------:|
| 160 | aaa_76_29 | 2.156581849039538 × 10^277 |
| 159 | aaa_76_28 | 7.088167359758093 × 10^277 |
| 158 | aaa_76_27 | 1.8197389979224506 × 10^278 |
| 157 | aaa_76_26 | 3.553789568751715 × 10^278 |
| 156 | aaa_76_25 | 6.152249211299877 × 10^278 |
| 155 | ov_155 | 1.6008649141300042 × 10^279 |
| 154 | ov_154 | 3.202187295285401 × 10^279 |
| 153 | ov_153 | 5.712718081459761 × 10^279 |
| 152 | ov_152 | 9.474246768724007 × 10^279 |
| 151 | ov_151 | 1.4876833929931189 × 10^280 |
| 150 | ov_150 | 2.235882517393423 × 10^280 |
| 149 | ov_149 | 3.2406876038069626 × 10^280 |
| 148 | ov_148 | 4.55559971802654 × 10^280 |
| 147 | ov_147 | 6.238963522602024 × 10^280 |
| 146 | ov_146 | 8.35398107622045 × 10^280 |
| 145 | ov_145 | 1.096873393669806 × 10^281 |
| 144 | ov_144 | 1.415621629407612 × 10^281 |
| 143 | ov_143 | 1.7994381793424834 × 10^281 |
| 142 | ov_142 | 2.2566207049412685 × 10^281 |
| 141 | ov_141 | 2.7959775606597284 × 10^281 |
| 140 | ov_140 | 3.426838664719528 × 10^281 |
| 139 | ov_139 | 4.1590693092096 × 10^281 |
| 138 | ov_138 | 5.003087408614934 × 10^281 |
| 137 | ov_137 | 5.969884720597784 × 10^281 |
| 136 | ov_136 | 7.071052607868576 × 10^281 |
| 135 | ov_135 | 8.318812945408764 × 10^281 |
| 134 | ov_134 | 9.719782043312224 × 10^281 |
| 133 | ov_133 | 1.1287559342185357 × 10^282 |
| 132 | ov_132 | 1.3036504975897519 × 10^282 |
| 131 | ov_131 | 1.4981798035282917 × 10^282 |
| 130 | ov_130 | 1.4981808200107985 × 10^282 |
| 129 | ov_129 | 1.4981850219707192 × 10^282 |
| 128 | aaa_77_29 | 1.6059184815163403 × 10^282 |
| 127 | aaa_77_28 | 4.277355446234312 × 10^282 |
| 126 | ov_126 | 1.3382411481539468 × 10^283 |
| 125 | ov_125 | 3.003538592489235 × 10^283 |
| 124 | ov_124 | 5.715103214120599 × 10^283 |
| 123 | ov_123 | 9.764413449047325 × 10^283 |
| 122 | ov_122 | 1.5442959556398953 × 10^284 |
| 121 | ov_121 | 2.304226632852736 × 10^284 |
| 120 | ov_120 | 3.285393758379603 × 10^284 |
| 119 | ov_119 | 4.516972794487228 × 10^284 |
| 118 | ov_118 | 6.028164919478032 × 10^284 |
| 117 | ov_117 | 7.848213191893911 × 10^284 |
| 116 | ov_116 | 1.0006427661147785 × 10^285 |
| 115 | ov_115 | 1.2532222219413626 × 10^285 |
| 114 | ov_114 | 1.5455165125379343 × 10^285 |
| 113 | ov_113 | 1.880504513078531 × 10^285 |
| 112 | ov_112 | 2.261195514127707 × 10^285 |
| 111 | ov_111 | 2.736342534927543 × 10^285 |
| 110 | ov_110 | 3.3578017945520416 × 10^285 |
| 109 | ov_109 | 4.1806006798888376 × 10^285 |
| 108 | ov_108 | 5.263023028838677 × 10^285 |
| 107 | ov_107 | 6.666714452359238 × 10^285 |
| 106 | ov_106 | 8.456810615623892 × 10^285 |
| 105 | ov_105 | 1.0702091597113043 × 10^286 |
| 104 | ov_104 | 1.3475165645580937 × 10^286 |
| 103 | ov_103 | 1.685268585936748 × 10^286 |
| 102 | ov_102 | 2.091560352144637 × 10^286 |
| 101 | ov_101 | 2.57494620380963 × 10^286 |
| 100 | ov_100 | 3.1444735650524753 × 10^286 |
| 99 | ov_099 | 3.809721731875516 × 10^286 |
| 98 | ov_098 | 3.809734209478891 × 10^286 |
| 97 | ov_097 | 3.8097731743766214 × 10^286 |
| 96 | aaa_78_29 | 7.380452474739934 × 10^286 |
| 95 | aaa_78_28 | 2.4580835169647715 × 10^287 |
| 94 | ov_094 | 8.075001489180189 × 10^287 |
| 93 | ov_093 | 1.9140358209063565 × 10^288 |
| 92 | ov_092 | 3.8861097299433455 × 10^288 |
| 91 | ov_091 | 7.136152683914936 × 10^288 |
| 90 | ov_090 | 1.2580770627226382 × 10^289 |
| 89 | ov_089 | 2.1320077433933963 × 10^289 |
| 88 | ov_088 | 3.46377533309553 × 10^289 |
| 87 | ov_087 | 5.400115359098289 × 10^289 |
| 86 | ov_086 | 8.106148947398972 × 10^289 |
| 85 | ov_085 | 1.1765410454437453 × 10^290 |
| 84 | ov_084 | 1.6579886968650861 × 10^290 |
| 83 | ov_083 | 2.2770072014404526 × 10^290 |
| 82 | ov_082 | 3.057503579137731 × 10^290 |
| 81 | ov_081 | 4.025251428349946 × 10^290 |
| 64 | lv_79_m31 | 4.6798679856719496 × 10^290 |
| 80 | ov_080 | 5.207901957330176 × 10^290 |
| 79 | ov_079 | 6.6349973700422655 × 10^290 |
| 78 | ov_078 | 8.337986840762113 × 10^290 |
| 77 | ov_077 | 1.0350245312477074 × 10^291 |
| 76 | ov_076 | 1.2707095355197148 × 10^291 |
| 75 | ov_075 | 1.544583232182843 × 10^291 |
| 74 | ov_074 | 1.8605753498428932 × 10^291 |
| 73 | ov_073 | 2.222819335014834 × 10^291 |
| 63 | ov_063 | 2.399860887319511 × 10^291 |
| 72 | ov_072 | 2.6356568461581195 × 10^291 |
| 71 | ov_071 | 3.103643644850071 × 10^291 |
| 70 | ov_070 | 3.6315573375417235 × 10^291 |
| 69 | ov_069 | 4.22440744785572 × 10^291 |
| 68 | ov_068 | 4.887448326842704 × 10^291 |
| 67 | ov_067 | 5.626195437207877 × 10^291 |
| 66 | ov_066 | 5.6261988147280885 × 10^291 |
| 65 | ov_065 | 5.626213010206393 × 10^291 |
| 62 | ov_062 | 1.2303948432899238 × 10^292 |
| 61 | ov_061 | 4.482237318140338 × 10^292 |
| 60 | ov_060 | 1.282333770519177 × 10^293 |
| 59 | ov_059 | 3.0924953765308835 × 10^293 |
| 58 | ov_058 | 6.273970675743859 × 10^293 |
| 57 | ov_057 | 1.133228490323366 × 10^294 |
| 56 | ov_056 | 1.8883230481034466 × 10^294 |
| 55 | ov_055 | 3.026867071360425 × 10^294 |
| 54 | ov_054 | 4.632497970410164 × 10^294 |
| 53 | ov_053 | 6.88352563519035 × 10^294 |
| 52 | ov_052 | 9.980338395472602 × 10^294 |
| 51 | ov_051 | 1.4145425239469728 × 10^295 |
| 50 | ov_050 | 1.9623412610537602 × 10^295 |
| 49 | ov_049 | 2.668112352826559 × 10^295 |
| 48 | ov_048 | 3.560766856932251 × 10^295 |
| 47 | ov_047 | 4.6714579712513527 × 10^295 |
| 32 | lv_80_m31 | 5.42996116890018 × 10^295 |
| 46 | ov_046 | 6.033599952279482 × 10^295 |
| 45 | ov_045 | 7.682893962120677 × 10^295 |
| 44 | ov_044 | 9.657362386272514 × 10^295 |
| 43 | ov_043 | 1.1997393312285458 × 10^296 |
| 42 | ov_042 | 1.4745797007753416 × 10^296 |
| 41 | ov_041 | 1.7947876385105018 × 10^296 |
| 40 | ov_040 | 2.162822922634077 × 10^296 |
| 39 | ov_039 | 2.5837421912354073 × 10^296 |
| 31 | ov_031 | 2.7847828751431617 × 10^296 |
| 38 | ov_038 | 3.062883091205683 × 10^296 |
| 37 | ov_037 | 3.6058792081294617 × 10^296 |
| 36 | ov_036 | 4.218677615584262 × 10^296 |
| 35 | ov_035 | 4.907559334380536 × 10^296 |
| 34 | ov_034 | 5.679163008183631 × 10^296 |
| 33 | ov_033 | 6.540512118131992 × 10^296 |
| 30 | ov_030 | 1.4279206850234143 × 10^297 |
| 29 | ov_029 | 4.671376255895155 × 10^297 |
| 28 | ov_028 | 1.2124481740401588 × 10^298 |
| 27 | ov_027 | 2.709919182733339 × 10^298 |
| 26 | ov_026 | 5.750187162637302 × 10^298 |
| 25 | ov_025 | 1.138038119555286 × 10^299 |
| 24 | ov_024 | 2.0904129785764836 × 10^299 |
| 23 | ov_023 | 3.588158212476317 × 10^299 |
| 22 | ov_022 | 5.812946196800833 × 10^299 |
| 21 | ov_021 | 8.972118203877413 × 10^299 |
| 20 | ov_020 | 1.3298705271488199 × 10^300 |
| 19 | ov_019 | 1.9051462285237677 × 10^300 |
| 18 | ov_018 | 2.651492037583233 × 10^300 |
| 17 | ov_017 | 3.599946484629304 × 10^300 |
| 16 | ov_016 | 4.784144756287281 × 10^300 |
| 15 | ov_015 | 6.240334501402934 × 10^300 |
| 14 | ov_014 | 8.007397645986153 × 10^300 |
| 13 | ov_013 | 1.0126879908790696 × 10^301 |
| 12 | ov_012 | 1.2643029886110504 × 10^301 |
| 11 | ov_011 | 1.5602849751764965 × 10^301 |
| 10 | ov_010 | 1.9056159796258326 × 10^301 |
| 9 | ov_009 | 2.305567920803383 × 10^301 |
| 8 | ov_008 | 2.7657125679997684 × 10^301 |
| 7 | ov_007 | 3.2919336606561663 × 10^301 |
| 6 | ov_006 | 3.8904414820966707 × 10^301 |
| 5 | ov_005 | 4.567790201034967 × 10^301 |
| 4 | ov_004 | 5.330898313779264 × 10^301 |
| 3 | ov_003 | 6.187072516464634 × 10^301 |
| 2 | ov_002 | 7.144035310395365 × 10^301 |
| 1 | ov_001 | 8.209956664673377 × 10^301 |

