# Results for F001-F002-F003-F004-F005-F006-F007-F008-F009-F010-F011-F012-F013-F014-F015-F016-F017-F018-F019-F020-F021-F022-F023-F024-F025-F026-F027-F028-F029-F030-F031-F032-F033-F034-F035-F036-F037-F038-F039-F040-F041-F042-F043-F044-F045-F046-F047-F048-F049-F050-F051-F052-F053-F054-F055-F056-F057-F058-F059-F060-F061-F062-F063-F064-F065-F066-F067-F068-F069-F070-F071-F072-F073-F074-F075-F076-F077-F078-F079-F080-F081-F082-F083-F084-F085-F086-F087-F088-F089-F090-F091-F092-F093-F094-F095-F096-F097-F098-F099-F100-F101-F102-F103-F104-F105-F106-F107-F108-F109-F110-F111-F112-F113-F114-F115-F116-F117-F118-F119-F120-F121-F122-F123-F124-F125-F126-F127-F128-F129-F130-F131-F132-F133-F134-F135-F136-F137-F138-F139-F140-F141-F142-F143-F144-F145-F146-F147-F148-F149-F150-F151-F152-F153-F154-F155-F156-F157-F158-F159-F160-F161-F162-F163-F164-F165-F166-F167-F168-F169-F170-F171-F172-F173-F174-F175-F176-F177-F178-F179-F180-F181-F182-F183-F184-F185-F186-F187-F188-F189-F190-F191-F192-F193-F194-F195-F196-F197-F198-F199-F200-F201-F202-F203-F204-F205-F206-F207-F208-F209-F210-F211-F212-F213-F214-F215-F216-F217-F218-F219-F220-F221-F222-F223-F224-F225-F226-F227-F228-F229-F230-F231-F232-F233-F234-F235-F236-F237-F238-F239-F240-F241-F242-F243-F244-F245-F246-F247-F248-F249-F250-F251-F252-F253-F254-F255-F256-F257-F258-F259-F260-F261-F262-F263-F264-F265-F266-F267-F268-F269-F270-F271-F272-F273-F274-F275-F276-F277-F278-F279-F280-F281-F282-F283-F284-F285-F286-F287-F288-F289-F290-F291-F292-F293-F294-F295-F296-F297-F298-F299-F300-F301-F302-F303-F304-F305-F306-F307-F308-F309-F310-F311-F312-F313-F314-F315-F316-F317-F318-F319-F320-F321-F322-F323-F324-F325-F326-F327-F328-F329-F330-F331-F332-F333-F334-F335-F336-F337-F338-F339-F340-F341-F342-F343-F344-F345-F346-F347-F348-F349-F350-F351-F352-F353-F354-F355-F356-F357-F358-F359-F360-F361-F362-F363-F364-F365-F366-F367-F368-F369-F370-F371-F372-F373-F374-F375-F376-F377-F378-F379-F380-F381-F382-F383-F384-F385-F386-F387-F388-F389-F390-F391-F392-F393-F394-F395-F396-F397-F398-F399-F400-F401-F402-F403-F404-F405-F406-F407-F408-F409-F410-F411-F412-F413-F414-F415-F416-F417-F418-F419-F420-F421-F422-F423-F424-F425-F426-F427-F428-F429-F430-F431-F432-F433-F434-F435-F436-F437-F438-F439-F440-F441-F442-F443-F444-F445-F446-F447-F448-F449-F450-F451-F452-F453-F454-F455-F456-F457-F458-F459-F460-F461-F462-F463-F464-F465-F466-F467-F468-F469-F470-F471-F472-F473-F474-F475-F476-F477-F478-F479-F480-F481-F482-F483-F484-F485-F486-F487-F488-F489-F490-F491-F492-F493-F494-F495-F496-O498499-O500505-F510-F512

## Summary

Number of input bits: 512  
Number of free input bits: 12  
Number of output bits: 160

Number of direct occurrences: 49856  
Number of assignments: 31792  
Number of operations: 11328851
(xor: 11300324,
and: 15000,
or: 13527)

Total complexity: 1.1732876611142797 × 10^303

Least occurring input variable: iv_502 (3897)  
Most occurring input variable: iv_500 (4384)

Most co-occurring input variables: iv_500-iv_511 (2121)  
Least co-occurring input variables: iv_501-iv_502 (1798)

Potentially most occurring input variable: iv_500/iv_508 (4590)  
Potentially least occurring input variable: iv_506/iv_507 (4114)

Least output occurring input variable: iv_500 (66)  
Most output occurring input variable: iv_511 (89)

Most output co-occurring input variables: iv_507-iv_511 (49)  
Least output co-occurring input variables: iv_500-iv_507 (28)

Potentially most output occurring input variable: iv_506/iv_511 (94)  
Potentially least output occurring input variable: iv_500/iv_504 (62)

Least complex input bit: iv_511 (1.536143700723316 × 10^299)  
Most complex input bit: iv_500 (2.1717318308753107 × 10^302)

Least complex output bit: aaa_76_29 (9.019428539784312 × 10^277)  
Most complex output bit: ov_001 (1.8342657831337093 × 10^302)

Least complex input/output complexity: iv_511/aaa_76_29 (1.1808816196324303 × 10^274)  
Most complex input/output complexity: iv_500/ov_001 (3.3951890227275657 × 10^301)

## Input Bits

### Input Bits in Regular Order

| Input Bit | Complexity | Occurrences | Output Occurrences |
|:---------:|:----------:|:-----------:|:------------------:|
| iv_497 | 1.900336416238474 × 10^300 | 4113 | 81 |
| iv_498 | 9.885803869851773 × 10^300 | 4333 | 85 |
| iv_500 | 2.1717318308753107 × 10^302 | 4384 | 66 |
| iv_501 | 2.7651921716510886 × 10^301 | 4015 | 69 |
| iv_502 | 4.821414321030881 × 10^301 | 3897 | 75 |
| iv_503 | 8.044329596905088 × 10^301 | 4118 | 77 |
| iv_504 | 1.294882804419757 × 10^302 | 4024 | 78 |
| iv_506 | 1.057801411736229 × 10^302 | 4081 | 85 |
| iv_507 | 1.5090799569553045 × 10^302 | 4215 | 76 |
| iv_508 | 1.994941206265372 × 10^302 | 4152 | 82 |
| iv_509 | 2.021948245370501 × 10^302 | 4229 | 78 |
| iv_511 | 1.536143700723316 × 10^299 | 4295 | 89 |

### Input Bits Sorted by Complexity

| Input Bit | Complexity | Occurrences | Output Occurrences |
|:---------:|:----------:|:-----------:|:------------------:|
| iv_511 | 1.536143700723316 × 10^299 | 4295 | 89 |
| iv_497 | 1.900336416238474 × 10^300 | 4113 | 81 |
| iv_498 | 9.885803869851773 × 10^300 | 4333 | 85 |
| iv_501 | 2.7651921716510886 × 10^301 | 4015 | 69 |
| iv_502 | 4.821414321030881 × 10^301 | 3897 | 75 |
| iv_503 | 8.044329596905088 × 10^301 | 4118 | 77 |
| iv_506 | 1.057801411736229 × 10^302 | 4081 | 85 |
| iv_504 | 1.294882804419757 × 10^302 | 4024 | 78 |
| iv_507 | 1.5090799569553045 × 10^302 | 4215 | 76 |
| iv_508 | 1.994941206265372 × 10^302 | 4152 | 82 |
| iv_509 | 2.021948245370501 × 10^302 | 4229 | 78 |
| iv_500 | 2.1717318308753107 × 10^302 | 4384 | 66 |

### Input Bits Sorted by Occurrences

| Input Bit | Complexity | Occurrences | Output Occurrences |
|:---------:|:----------:|:-----------:|:------------------:|
| iv_502 | 4.821414321030881 × 10^301 | 3897 | 75 |
| iv_501 | 2.7651921716510886 × 10^301 | 4015 | 69 |
| iv_504 | 1.294882804419757 × 10^302 | 4024 | 78 |
| iv_506 | 1.057801411736229 × 10^302 | 4081 | 85 |
| iv_497 | 1.900336416238474 × 10^300 | 4113 | 81 |
| iv_503 | 8.044329596905088 × 10^301 | 4118 | 77 |
| iv_508 | 1.994941206265372 × 10^302 | 4152 | 82 |
| iv_507 | 1.5090799569553045 × 10^302 | 4215 | 76 |
| iv_509 | 2.021948245370501 × 10^302 | 4229 | 78 |
| iv_511 | 1.536143700723316 × 10^299 | 4295 | 89 |
| iv_498 | 9.885803869851773 × 10^300 | 4333 | 85 |
| iv_500 | 2.1717318308753107 × 10^302 | 4384 | 66 |

### Input Bits Sorted by Output Occurrences

| Input Bit | Complexity | Occurrences | Output Occurrences |
|:---------:|:----------:|:-----------:|:------------------:|
| iv_500 | 2.1717318308753107 × 10^302 | 4384 | 66 |
| iv_501 | 2.7651921716510886 × 10^301 | 4015 | 69 |
| iv_502 | 4.821414321030881 × 10^301 | 3897 | 75 |
| iv_507 | 1.5090799569553045 × 10^302 | 4215 | 76 |
| iv_503 | 8.044329596905088 × 10^301 | 4118 | 77 |
| iv_509 | 2.021948245370501 × 10^302 | 4229 | 78 |
| iv_504 | 1.294882804419757 × 10^302 | 4024 | 78 |
| iv_497 | 1.900336416238474 × 10^300 | 4113 | 81 |
| iv_508 | 1.994941206265372 × 10^302 | 4152 | 82 |
| iv_498 | 9.885803869851773 × 10^300 | 4333 | 85 |
| iv_506 | 1.057801411736229 × 10^302 | 4081 | 85 |
| iv_511 | 1.536143700723316 × 10^299 | 4295 | 89 |

## Input Bit Co-occurrences

### Input Bit Co-occurrences Sorted by Co-occurrences

| Input Bits | Co-occurrences | Potential Occurrences | Output Co-occurrences | Potential Output Occurrences |
|:----------:|:--------------:|:---------------------:|:---------------------:|:----------------------------:|
| iv_500-iv_511 | 2121 | 4437 | 36 | 83 |
| iv_506-iv_507 | 2091 | 4114 | 47 | 67 |
| iv_500-iv_507 | 2089 | 4421 | 28 | 86 |
| iv_498-iv_500 | 2083 | 4551 | 32 | 87 |
| iv_503-iv_511 | 2072 | 4269 | 44 | 78 |
| iv_500-iv_506 | 2065 | 4335 | 36 | 79 |
| iv_508-iv_509 | 2063 | 4255 | 46 | 68 |
| iv_507-iv_509 | 2062 | 4320 | 38 | 78 |
| iv_498-iv_511 | 2062 | 4504 | 48 | 78 |
| iv_500-iv_504 | 2061 | 4286 | 41 | 62 |
| iv_497-iv_500 | 2058 | 4381 | 34 | 79 |
| iv_498-iv_506 | 2058 | 4298 | 42 | 86 |

### Input Bit Co-occurrences Sorted by Potential Occurrences

| Input Bits | Co-occurrences | Potential Occurrences | Output Co-occurrences | Potential Output Occurrences |
|:----------:|:--------------:|:---------------------:|:---------------------:|:----------------------------:|
| iv_506-iv_507 | 2091 | 4114 | 47 | 67 |
| iv_502-iv_506 | 1879 | 4220 | 42 | 76 |
| iv_497-iv_506 | 1979 | 4236 | 43 | 80 |
| iv_508-iv_509 | 2063 | 4255 | 46 | 68 |
| iv_504-iv_506 | 1925 | 4255 | 37 | 89 |
| iv_502-iv_504 | 1830 | 4261 | 37 | 79 |
| iv_503-iv_504 | 1938 | 4266 | 35 | 85 |
| iv_503-iv_511 | 2072 | 4269 | 44 | 78 |
| iv_501-iv_507 | 1979 | 4272 | 33 | 79 |
| iv_502-iv_507 | 1918 | 4276 | 44 | 63 |
| iv_501-iv_506 | 1908 | 4280 | 35 | 84 |
| iv_501-iv_503 | 1926 | 4281 | 37 | 72 |

### Input Bit Output Co-occurrences Sorted by Output Co-occurrences

| Input Bits | Co-occurrences | Potential Occurrences | Output Co-occurrences | Potential Output Occurrences |
|:----------:|:--------------:|:---------------------:|:---------------------:|:----------------------------:|
| iv_507-iv_511 | 2057 | 4396 | 49 | 67 |
| iv_498-iv_511 | 2062 | 4504 | 48 | 78 |
| iv_509-iv_511 | 2023 | 4478 | 48 | 71 |
| iv_506-iv_507 | 2091 | 4114 | 47 | 67 |
| iv_497-iv_498 | 2015 | 4416 | 46 | 74 |
| iv_498-iv_508 | 2005 | 4475 | 46 | 75 |
| iv_508-iv_509 | 2063 | 4255 | 46 | 68 |
| iv_504-iv_511 | 1965 | 4389 | 45 | 77 |
| iv_503-iv_511 | 2072 | 4269 | 44 | 78 |
| iv_502-iv_507 | 1918 | 4276 | 44 | 63 |
| iv_502-iv_511 | 1887 | 4418 | 43 | 78 |
| iv_503-iv_509 | 2000 | 4347 | 43 | 69 |

### Input Bit Output Co-occurrences Sorted by Potential Output Occurrences

| Input Bits | Co-occurrences | Potential Occurrences | Output Co-occurrences | Potential Output Occurrences |
|:----------:|:--------------:|:---------------------:|:---------------------:|:----------------------------:|
| iv_500-iv_504 | 2061 | 4286 | 41 | 62 |
| iv_502-iv_507 | 1918 | 4276 | 44 | 63 |
| iv_507-iv_511 | 2057 | 4396 | 49 | 67 |
| iv_506-iv_507 | 2091 | 4114 | 47 | 67 |
| iv_508-iv_509 | 2063 | 4255 | 46 | 68 |
| iv_503-iv_509 | 2000 | 4347 | 43 | 69 |
| iv_502-iv_503 | 1857 | 4301 | 41 | 70 |
| iv_509-iv_511 | 2023 | 4478 | 48 | 71 |
| iv_501-iv_502 | 1798 | 4316 | 36 | 72 |
| iv_501-iv_503 | 1926 | 4281 | 37 | 72 |
| iv_502-iv_509 | 1868 | 4390 | 40 | 73 |
| iv_500-iv_502 | 1924 | 4433 | 34 | 73 |

## Output Bits

### Output Bits in Regular Order

| Rank | Output Bit | Complexity |
|:----:|:----------:|:----------:|
| 1 | ov_001 | 1.8342657831337093 × 10^302 |
| 2 | ov_002 | 1.596118440568553 × 10^302 |
| 3 | ov_003 | 1.3823144955847268 × 10^302 |
| 4 | ov_004 | 1.1910286200045187 × 10^302 |
| 5 | ov_005 | 1.0205354610197516 × 10^302 |
| 6 | ov_006 | 8.692025665244899 × 10^301 |
| 7 | ov_007 | 7.354842169615947 × 10^301 |
| 8 | ov_008 | 6.179160912789947 × 10^301 |
| 9 | ov_009 | 5.151106992943113 × 10^301 |
| 10 | ov_010 | 4.2575350689638216 × 10^301 |
| 11 | ov_011 | 3.4859967970374167 × 10^301 |
| 12 | ov_012 | 2.8247137507997164 × 10^301 |
| 13 | ov_013 | 2.2625551659595276 × 10^301 |
| 14 | ov_014 | 1.7890198914904714 × 10^301 |
| 15 | ov_015 | 1.394221970157183 × 10^301 |
| 16 | ov_016 | 1.068879311406768 × 10^301 |
| 17 | ov_017 | 8.043049596340466 × 10^300 |
| 18 | ov_018 | 5.9240050060562494 × 10^300 |
| 19 | ov_019 | 4.256511884694798 × 10^300 |
| 20 | ov_020 | 2.9712241533179766 × 10^300 |
| 21 | ov_021 | 2.0045720110855702 × 10^300 |
| 22 | ov_022 | 1.2987445327740918 × 10^300 |
| 23 | ov_023 | 8.016779690131343 × 10^299 |
| 24 | ov_024 | 4.670481370759071 × 10^299 |
| 25 | ov_025 | 2.5426576243903757 × 10^299 |
| 26 | ov_026 | 1.2847392543422726 × 10^299 |
| 27 | ov_027 | 6.05468590424951 × 10^298 |
| 28 | ov_028 | 2.7089474506876654 × 10^298 |
| 29 | ov_029 | 1.0437208517709472 × 10^298 |
| 30 | ov_030 | 3.190402841303502 × 10^297 |
| 31 | ov_031 | 6.2220689222409675 × 10^296 |
| 32 | lv_80_m31 | 1.213227266908612 × 10^296 |
| 33 | ov_033 | 1.4613223945473158 × 10^297 |
| 34 | ov_034 | 1.2688896039364833 × 10^297 |
| 35 | ov_035 | 1.0965012269823446 × 10^297 |
| 36 | ov_036 | 9.425898965264467 × 10^296 |
| 37 | ov_037 | 8.056739110905921 × 10^296 |
| 38 | ov_038 | 6.843511843930979 × 10^296 |
| 39 | ov_039 | 5.772939868938253 × 10^296 |
| 40 | ov_040 | 4.832444060875486 × 10^296 |
| 41 | ov_041 | 4.0101045616318 × 10^296 |
| 42 | ov_042 | 3.294627714420641 × 10^296 |
| 43 | ov_043 | 2.6805194529293 × 10^296 |
| 44 | ov_044 | 2.157659619543183 × 10^296 |
| 45 | ov_045 | 1.716484080420064 × 10^296 |
| 46 | ov_046 | 1.3479691823287007 × 10^296 |
| 47 | ov_047 | 1.04361930962595 × 10^296 |
| 48 | ov_048 | 7.954570980664352 × 10^295 |
| 49 | ov_049 | 5.960158959090356 × 10^295 |
| 50 | ov_050 | 4.383340962868387 × 10^295 |
| 51 | ov_051 | 3.159509981008363 × 10^295 |
| 52 | ov_052 | 2.2290388583382223 × 10^295 |
| 53 | ov_053 | 1.5372605170315688 × 10^295 |
| 54 | ov_054 | 1.0344551651505165 × 10^295 |
| 55 | ov_055 | 6.758423847680148 × 10^294 |
| 56 | ov_056 | 4.2157639099304543 × 10^294 |
| 57 | ov_057 | 2.5296750912709095 × 10^294 |
| 58 | ov_058 | 1.4003218589282632 × 10^294 |
| 59 | ov_059 | 6.901110560449417 × 10^293 |
| 60 | ov_060 | 2.8609642489907186 × 10^293 |
| 61 | ov_061 | 9.99777765737103 × 10^292 |
| 62 | ov_062 | 2.74378541461862 × 10^292 |
| 63 | ov_063 | 5.350352410723839 × 10^291 |
| 64 | lv_79_m31 | 1.0430887034327489 × 10^291 |
| 65 | ov_065 | 1.2524404431059098 × 10^292 |
| 66 | ov_066 | 1.2524376099361158 × 10^292 |
| 67 | ov_067 | 1.2524369460441276 × 10^292 |
| 68 | ov_068 | 1.0869964516974006 × 10^292 |
| 69 | ov_069 | 9.386914260149909 × 10^291 |
| 70 | ov_070 | 8.062459635157677 × 10^291 |
| 71 | ov_071 | 6.884462039662578 × 10^291 |
| 72 | ov_072 | 5.841373335709461 × 10^291 |
| 73 | ov_073 | 4.922211271675576 × 10^291 |
| 74 | ov_074 | 4.1165383215437527 × 10^291 |
| 75 | ov_075 | 3.4144427838127765 × 10^291 |
| 76 | ov_076 | 2.8065217722640494 × 10^291 |
| 77 | ov_077 | 2.2838659911442458 × 10^291 |
| 78 | ov_078 | 1.8380461899024863 × 10^291 |
| 79 | ov_079 | 1.4611011946646366 × 10^291 |
| 80 | ov_080 | 1.1455274152152084 × 10^291 |
| 81 | ov_081 | 8.84269727463619 × 10^290 |
| 82 | ov_082 | 6.707136322645056 × 10^290 |
| 83 | ov_083 | 4.986785921030954 × 10^290 |
| 84 | ov_084 | 3.624124476016169 × 10^290 |
| 85 | ov_085 | 2.5658681610025505 × 10^290 |
| 86 | ov_086 | 1.7629337475825396 × 10^290 |
| 87 | ov_087 | 1.1704093074135368 × 10^290 |
| 88 | ov_088 | 7.475318113528586 × 10^289 |
| 89 | ov_089 | 4.576706526766096 × 10^289 |
| 90 | ov_090 | 2.68316121432279 × 10^289 |
| 91 | ov_091 | 1.5107185708342737 × 10^289 |
| 92 | ov_092 | 8.16503147688542 × 10^288 |
| 93 | ov_093 | 3.987032839206496 × 10^288 |
| 94 | ov_094 | 1.666770862715727 × 10^288 |
| 95 | aaa_78_28 | 5.030724782711026 × 10^287 |
| 96 | aaa_78_29 | 1.49119389749191 × 10^287 |
| 97 | ov_097 | 8.786398813951169 × 10^286 |
| 98 | ov_098 | 8.786236287505956 × 10^286 |
| 99 | ov_099 | 8.786184242268668 × 10^286 |
| 100 | ov_100 | 7.189399983111991 × 10^286 |
| 101 | ov_101 | 5.883597743355704 × 10^286 |
| 102 | ov_102 | 4.828819440836988 × 10^286 |
| 103 | ov_103 | 3.987325612586619 × 10^286 |
| 104 | ov_104 | 3.323433624105428 × 10^286 |
| 105 | ov_105 | 2.803376387621315 × 10^286 |
| 106 | ov_106 | 2.395179754128628 × 10^286 |
| 107 | ov_107 | 2.0685568401837387 × 10^286 |
| 108 | ov_108 | 1.7948176429602451 × 10^286 |
| 109 | ov_109 | 1.546792386627909 × 10^286 |
| 110 | ov_110 | 1.3230787512031808 × 10^286 |
| 111 | ov_111 | 1.1223183551701905 × 10^286 |
| 112 | ov_112 | 9.43188396846153 × 10^285 |
| 113 | ov_113 | 7.843944316319387 × 10^285 |
| 114 | ov_114 | 6.446642037348506 × 10^285 |
| 115 | ov_115 | 5.2274245132180885 × 10^285 |
| 116 | ov_116 | 4.1738660429595376 × 10^285 |
| 117 | ov_117 | 3.273632940298129 × 10^285 |
| 118 | ov_118 | 2.5144559446787012 × 10^285 |
| 119 | ov_119 | 1.8841091405562152 × 10^285 |
| 120 | ov_120 | 1.3703945797681497 × 10^285 |
| 121 | ov_121 | 9.611318019433767 × 10^284 |
| 122 | ov_122 | 6.441510872755004 × 10^284 |
| 123 | ov_123 | 4.072890159373206 × 10^284 |
| 124 | ov_124 | 2.383854703557766 × 10^284 |
| 125 | ov_125 | 1.2528177642747718 × 10^284 |
| 126 | ov_126 | 5.581975441697497 × 10^283 |
| 127 | aaa_77_28 | 1.7841354234671234 × 10^283 |
| 128 | aaa_77_29 | 6.698457429138887 × 10^282 |
| 129 | ov_129 | 6.249394276443391 × 10^282 |
| 130 | ov_130 | 6.24937669607705 × 10^282 |
| 131 | ov_131 | 6.249372441242004 × 10^282 |
| 132 | ov_132 | 5.437924342857006 × 10^282 |
| 133 | ov_133 | 4.708398067751784 × 10^282 |
| 134 | ov_134 | 4.0544534079540376 × 10^282 |
| 135 | ov_135 | 3.4700937017357455 × 10^282 |
| 136 | ov_136 | 2.9496413287978676 × 10^282 |
| 137 | ov_137 | 2.4903343916293217 × 10^282 |
| 138 | ov_138 | 2.0870726880867072 × 10^282 |
| 139 | ov_139 | 1.7350200678898356 × 10^282 |
| 140 | ov_140 | 1.42959130922825 × 10^282 |
| 141 | ov_141 | 1.166441152514854 × 10^282 |
| 142 | ov_142 | 9.414552457640071 × 10^281 |
| 143 | ov_143 | 7.50742770465247 × 10^281 |
| 144 | ov_144 | 5.9063053104991455 × 10^281 |
| 145 | ov_145 | 4.5765830515611716 × 10^281 |
| 146 | ov_146 | 3.4857526592623115 × 10^281 |
| 147 | ov_147 | 2.6033730154877793 × 10^281 |
| 148 | ov_148 | 1.9010507120243365 × 10^281 |
| 149 | ov_149 | 1.3524265048647368 × 10^281 |
| 150 | ov_150 | 9.331663333643366 × 10^280 |
| 151 | ov_151 | 6.209557133047754 × 10^280 |
| 152 | ov_152 | 3.9549645193590604 × 10^280 |
| 153 | ov_153 | 2.3850481173930755 × 10^280 |
| 154 | ov_154 | 1.3371049900204366 × 10^280 |
| 155 | ov_155 | 6.685609662867409 × 10^279 |
| 156 | aaa_76_25 | 2.5696755438225595 × 10^279 |
| 157 | aaa_76_26 | 1.4847319027200368 × 10^279 |
| 158 | aaa_76_27 | 7.604891802509593 × 10^278 |
| 159 | aaa_76_28 | 2.9633386541175462 × 10^278 |
| 160 | aaa_76_29 | 9.019428539784312 × 10^277 |

### Output Bits Sorted by Complexity

| Rank | Output Bit | Complexity |
|:----:|:----------:|:----------:|
| 160 | aaa_76_29 | 9.019428539784312 × 10^277 |
| 159 | aaa_76_28 | 2.9633386541175462 × 10^278 |
| 158 | aaa_76_27 | 7.604891802509593 × 10^278 |
| 157 | aaa_76_26 | 1.4847319027200368 × 10^279 |
| 156 | aaa_76_25 | 2.5696755438225595 × 10^279 |
| 155 | ov_155 | 6.685609662867409 × 10^279 |
| 154 | ov_154 | 1.3371049900204366 × 10^280 |
| 153 | ov_153 | 2.3850481173930755 × 10^280 |
| 152 | ov_152 | 3.9549645193590604 × 10^280 |
| 151 | ov_151 | 6.209557133047754 × 10^280 |
| 150 | ov_150 | 9.331663333643366 × 10^280 |
| 149 | ov_149 | 1.3524265048647368 × 10^281 |
| 148 | ov_148 | 1.9010507120243365 × 10^281 |
| 147 | ov_147 | 2.6033730154877793 × 10^281 |
| 146 | ov_146 | 3.4857526592623115 × 10^281 |
| 145 | ov_145 | 4.5765830515611716 × 10^281 |
| 144 | ov_144 | 5.9063053104991455 × 10^281 |
| 143 | ov_143 | 7.50742770465247 × 10^281 |
| 142 | ov_142 | 9.414552457640071 × 10^281 |
| 141 | ov_141 | 1.166441152514854 × 10^282 |
| 140 | ov_140 | 1.42959130922825 × 10^282 |
| 139 | ov_139 | 1.7350200678898356 × 10^282 |
| 138 | ov_138 | 2.0870726880867072 × 10^282 |
| 137 | ov_137 | 2.4903343916293217 × 10^282 |
| 136 | ov_136 | 2.9496413287978676 × 10^282 |
| 135 | ov_135 | 3.4700937017357455 × 10^282 |
| 134 | ov_134 | 4.0544534079540376 × 10^282 |
| 133 | ov_133 | 4.708398067751784 × 10^282 |
| 132 | ov_132 | 5.437924342857006 × 10^282 |
| 131 | ov_131 | 6.249372441242004 × 10^282 |
| 130 | ov_130 | 6.24937669607705 × 10^282 |
| 129 | ov_129 | 6.249394276443391 × 10^282 |
| 128 | aaa_77_29 | 6.698457429138887 × 10^282 |
| 127 | aaa_77_28 | 1.7841354234671234 × 10^283 |
| 126 | ov_126 | 5.581975441697497 × 10^283 |
| 125 | ov_125 | 1.2528177642747718 × 10^284 |
| 124 | ov_124 | 2.383854703557766 × 10^284 |
| 123 | ov_123 | 4.072890159373206 × 10^284 |
| 122 | ov_122 | 6.441510872755004 × 10^284 |
| 121 | ov_121 | 9.611318019433767 × 10^284 |
| 120 | ov_120 | 1.3703945797681497 × 10^285 |
| 119 | ov_119 | 1.8841091405562152 × 10^285 |
| 118 | ov_118 | 2.5144559446787012 × 10^285 |
| 117 | ov_117 | 3.273632940298129 × 10^285 |
| 116 | ov_116 | 4.1738660429595376 × 10^285 |
| 115 | ov_115 | 5.2274245132180885 × 10^285 |
| 114 | ov_114 | 6.446642037348506 × 10^285 |
| 113 | ov_113 | 7.843944316319387 × 10^285 |
| 112 | ov_112 | 9.43188396846153 × 10^285 |
| 111 | ov_111 | 1.1223183551701905 × 10^286 |
| 110 | ov_110 | 1.3230787512031808 × 10^286 |
| 109 | ov_109 | 1.546792386627909 × 10^286 |
| 108 | ov_108 | 1.7948176429602451 × 10^286 |
| 107 | ov_107 | 2.0685568401837387 × 10^286 |
| 106 | ov_106 | 2.395179754128628 × 10^286 |
| 105 | ov_105 | 2.803376387621315 × 10^286 |
| 104 | ov_104 | 3.323433624105428 × 10^286 |
| 103 | ov_103 | 3.987325612586619 × 10^286 |
| 102 | ov_102 | 4.828819440836988 × 10^286 |
| 101 | ov_101 | 5.883597743355704 × 10^286 |
| 100 | ov_100 | 7.189399983111991 × 10^286 |
| 99 | ov_099 | 8.786184242268668 × 10^286 |
| 98 | ov_098 | 8.786236287505956 × 10^286 |
| 97 | ov_097 | 8.786398813951169 × 10^286 |
| 96 | aaa_78_29 | 1.49119389749191 × 10^287 |
| 95 | aaa_78_28 | 5.030724782711026 × 10^287 |
| 94 | ov_094 | 1.666770862715727 × 10^288 |
| 93 | ov_093 | 3.987032839206496 × 10^288 |
| 92 | ov_092 | 8.16503147688542 × 10^288 |
| 91 | ov_091 | 1.5107185708342737 × 10^289 |
| 90 | ov_090 | 2.68316121432279 × 10^289 |
| 89 | ov_089 | 4.576706526766096 × 10^289 |
| 88 | ov_088 | 7.475318113528586 × 10^289 |
| 87 | ov_087 | 1.1704093074135368 × 10^290 |
| 86 | ov_086 | 1.7629337475825396 × 10^290 |
| 85 | ov_085 | 2.5658681610025505 × 10^290 |
| 84 | ov_084 | 3.624124476016169 × 10^290 |
| 83 | ov_083 | 4.986785921030954 × 10^290 |
| 82 | ov_082 | 6.707136322645056 × 10^290 |
| 81 | ov_081 | 8.84269727463619 × 10^290 |
| 64 | lv_79_m31 | 1.0430887034327489 × 10^291 |
| 80 | ov_080 | 1.1455274152152084 × 10^291 |
| 79 | ov_079 | 1.4611011946646366 × 10^291 |
| 78 | ov_078 | 1.8380461899024863 × 10^291 |
| 77 | ov_077 | 2.2838659911442458 × 10^291 |
| 76 | ov_076 | 2.8065217722640494 × 10^291 |
| 75 | ov_075 | 3.4144427838127765 × 10^291 |
| 74 | ov_074 | 4.1165383215437527 × 10^291 |
| 73 | ov_073 | 4.922211271675576 × 10^291 |
| 63 | ov_063 | 5.350352410723839 × 10^291 |
| 72 | ov_072 | 5.841373335709461 × 10^291 |
| 71 | ov_071 | 6.884462039662578 × 10^291 |
| 70 | ov_070 | 8.062459635157677 × 10^291 |
| 69 | ov_069 | 9.386914260149909 × 10^291 |
| 68 | ov_068 | 1.0869964516974006 × 10^292 |
| 67 | ov_067 | 1.2524369460441276 × 10^292 |
| 66 | ov_066 | 1.2524376099361158 × 10^292 |
| 65 | ov_065 | 1.2524404431059098 × 10^292 |
| 62 | ov_062 | 2.74378541461862 × 10^292 |
| 61 | ov_061 | 9.99777765737103 × 10^292 |
| 60 | ov_060 | 2.8609642489907186 × 10^293 |
| 59 | ov_059 | 6.901110560449417 × 10^293 |
| 58 | ov_058 | 1.4003218589282632 × 10^294 |
| 57 | ov_057 | 2.5296750912709095 × 10^294 |
| 56 | ov_056 | 4.2157639099304543 × 10^294 |
| 55 | ov_055 | 6.758423847680148 × 10^294 |
| 54 | ov_054 | 1.0344551651505165 × 10^295 |
| 53 | ov_053 | 1.5372605170315688 × 10^295 |
| 52 | ov_052 | 2.2290388583382223 × 10^295 |
| 51 | ov_051 | 3.159509981008363 × 10^295 |
| 50 | ov_050 | 4.383340962868387 × 10^295 |
| 49 | ov_049 | 5.960158959090356 × 10^295 |
| 48 | ov_048 | 7.954570980664352 × 10^295 |
| 47 | ov_047 | 1.04361930962595 × 10^296 |
| 32 | lv_80_m31 | 1.213227266908612 × 10^296 |
| 46 | ov_046 | 1.3479691823287007 × 10^296 |
| 45 | ov_045 | 1.716484080420064 × 10^296 |
| 44 | ov_044 | 2.157659619543183 × 10^296 |
| 43 | ov_043 | 2.6805194529293 × 10^296 |
| 42 | ov_042 | 3.294627714420641 × 10^296 |
| 41 | ov_041 | 4.0101045616318 × 10^296 |
| 40 | ov_040 | 4.832444060875486 × 10^296 |
| 39 | ov_039 | 5.772939868938253 × 10^296 |
| 31 | ov_031 | 6.2220689222409675 × 10^296 |
| 38 | ov_038 | 6.843511843930979 × 10^296 |
| 37 | ov_037 | 8.056739110905921 × 10^296 |
| 36 | ov_036 | 9.425898965264467 × 10^296 |
| 35 | ov_035 | 1.0965012269823446 × 10^297 |
| 34 | ov_034 | 1.2688896039364833 × 10^297 |
| 33 | ov_033 | 1.4613223945473158 × 10^297 |
| 30 | ov_030 | 3.190402841303502 × 10^297 |
| 29 | ov_029 | 1.0437208517709472 × 10^298 |
| 28 | ov_028 | 2.7089474506876654 × 10^298 |
| 27 | ov_027 | 6.05468590424951 × 10^298 |
| 26 | ov_026 | 1.2847392543422726 × 10^299 |
| 25 | ov_025 | 2.5426576243903757 × 10^299 |
| 24 | ov_024 | 4.670481370759071 × 10^299 |
| 23 | ov_023 | 8.016779690131343 × 10^299 |
| 22 | ov_022 | 1.2987445327740918 × 10^300 |
| 21 | ov_021 | 2.0045720110855702 × 10^300 |
| 20 | ov_020 | 2.9712241533179766 × 10^300 |
| 19 | ov_019 | 4.256511884694798 × 10^300 |
| 18 | ov_018 | 5.9240050060562494 × 10^300 |
| 17 | ov_017 | 8.043049596340466 × 10^300 |
| 16 | ov_016 | 1.068879311406768 × 10^301 |
| 15 | ov_015 | 1.394221970157183 × 10^301 |
| 14 | ov_014 | 1.7890198914904714 × 10^301 |
| 13 | ov_013 | 2.2625551659595276 × 10^301 |
| 12 | ov_012 | 2.8247137507997164 × 10^301 |
| 11 | ov_011 | 3.4859967970374167 × 10^301 |
| 10 | ov_010 | 4.2575350689638216 × 10^301 |
| 9 | ov_009 | 5.151106992943113 × 10^301 |
| 8 | ov_008 | 6.179160912789947 × 10^301 |
| 7 | ov_007 | 7.354842169615947 × 10^301 |
| 6 | ov_006 | 8.692025665244899 × 10^301 |
| 5 | ov_005 | 1.0205354610197516 × 10^302 |
| 4 | ov_004 | 1.1910286200045187 × 10^302 |
| 3 | ov_003 | 1.3823144955847268 × 10^302 |
| 2 | ov_002 | 1.596118440568553 × 10^302 |
| 1 | ov_001 | 1.8342657831337093 × 10^302 |

