# Results for F001-F002-F003-F004-F005-F006-F007-F008-F009-F010-F011-F012-F013-F014-F015-F016-F017-F018-F019-F020-F021-F022-F023-F024-F025-F026-F027-F028-F029-F030-F031-F032-F033-F034-F035-F036-F037-F038-F039-F040-F041-F042-F043-F044-F045-F046-F047-F048-F049-F050-F051-F052-F053-F054-F055-F056-F057-F058-F059-F060-F061-F062-F063-F064-F065-F066-F067-F068-F069-F070-F071-F072-F073-F074-F075-F076-F077-F078-F079-F080-F081-F082-F083-F084-F085-F086-F087-F088-F089-F090-F091-F092-F093-F094-F095-F096-F097-F098-F099-F100-F101-F102-F103-F104-F105-F106-F107-F108-F109-F110-F111-F112-F113-F114-F115-F116-F117-F118-F119-F120-F121-F122-F123-F124-F125-F126-F127-F128-F129-F130-F131-F132-F133-F134-F135-F136-F137-F138-F139-F140-F141-F142-F143-F144-F145-F146-F147-F148-F149-F150-F151-F152-F153-F154-F155-F156-F157-F158-F159-F160-F161-F162-F163-F164-F165-F166-F167-F168-F169-F170-F171-F172-F173-F174-F175-F176-F177-F178-F179-F180-F181-F182-F183-F184-F185-F186-F187-F188-F189-F190-F191-F192-F193-F194-F195-F196-F197-F198-F199-F200-F201-F202-F203-F204-F205-F206-F207-F208-F209-F210-F211-F212-F213-F214-F215-F216-F217-F218-F219-F220-F221-F222-F223-F224-F225-F226-F227-F228-F229-F230-F231-F232-F233-F234-F235-F236-F237-F238-F239-F240-F241-F242-F243-F244-F245-F246-F247-F248-F249-F250-F251-F252-F253-F254-F255-F256-F257-F258-F259-F260-F261-F262-F263-F264-F265-F266-F267-F268-F269-F270-F271-F272-F273-F274-F275-F276-F277-F278-F279-F280-F281-F282-F283-F284-F285-F286-F287-F288-F289-F290-F291-F292-F293-F294-F295-F296-F297-F298-F299-F300-F301-F302-F303-F304-F305-F306-F307-F308-F309-F310-F311-F312-F313-F314-F315-F316-F317-F318-F319-F320-F321-F322-F323-F324-F325-F326-F327-F328-F329-F330-F331-F332-F333-F334-F335-F336-F337-F338-F339-F340-F341-F342-F343-F344-F345-F346-F347-F348-F349-F350-F351-F352-F353-F354-F355-F356-F357-F358-F359-F360-F361-F362-F363-F364-F365-F366-F367-F368-F369-F370-F371-F372-F373-F374-F375-F376-F377-F378-F379-F380-F381-F382-F383-F384-F385-F386-F387-F388-F389-F390-F391-F392-F393-F394-F395-F396-F397-F398-F399-F400-F401-F402-F403-F404-F405-F406-F407-F408-F409-F410-F411-F412-F413-F414-F415-F416-F417-F418-F419-F420-F421-F422-F423-F424-F425-F426-F427-F428-F429-F430-F431-F432-F433-F434-F435-F436-F437-F438-F439-F440-F441-F442-F443-F444-F445-F446-F447-F448-F449-F450-F451-F452-F453-F454-F455-F456-F457-F458-F459-F460-F461-F462-F463-F464-F465-F466-F467-F468-F469-F470-F471-F472-F473-F474-F475-F476-F477-F478-F479-F480-F481-F482-F483-F484-F485-F486-F487-F488-F489-F490-F491-F492-F493-F494-F495-F496-E497502-F509-F510-F512

## Summary

Number of input bits: 512  
Number of free input bits: 12  
Number of output bits: 160

Number of direct occurrences: 49124  
Number of assignments: 31544  
Number of operations: 11156814
(xor: 11128487,
and: 14899,
or: 13428)

Total complexity: 1.8013847206490042 × 10^300

Least occurring input variable: iv_504 (3937)  
Most occurring input variable: iv_511 (4312)

Most co-occurring input variables: iv_500-iv_511 (2081)  
Least co-occurring input variables: iv_499-iv_506 (1800)

Potentially most occurring input variable: iv_497/iv_511 (4533)  
Potentially least occurring input variable: iv_504/iv_505 (4024)

Least output occurring input variable: iv_497 (71)  
Most output occurring input variable: iv_498 (88)

Most output co-occurring input variables: iv_499-iv_505 (48)  
Least output co-occurring input variables: iv_503-iv_505 (30)

Potentially most output occurring input variable: iv_503/iv_505 (91)  
Potentially least output occurring input variable: iv_499/iv_505 (57)

Least complex input bit: iv_511 (2.5984481460210537 × 10^296)  
Most complex input bit: iv_505 (3.7891344051877506 × 10^299)

Least complex output bit: aaa_76_29 (3.451360796535738 × 10^275)  
Most complex output bit: ov_001 (2.816174119054051 × 10^299)

Least complex input/output complexity: iv_511/aaa_76_29 (4.978493466835311 × 10^271)  
Most complex input/output complexity: iv_505/ov_001 (5.923699764513649 × 10^298)

## Input Bits

### Input Bits in Regular Order

| Input Bit | Complexity | Occurrences | Output Occurrences |
|:---------:|:----------:|:-----------:|:------------------:|
| iv_497 | 1.069772659625989 × 10^299 | 4225 | 71 |
| iv_498 | 1.2647352769995903 × 10^298 | 3944 | 88 |
| iv_499 | 2.2356657679940367 × 10^298 | 3956 | 81 |
| iv_500 | 3.7701272713966934 × 10^298 | 4131 | 76 |
| iv_501 | 6.2288909229938 × 10^298 | 4089 | 83 |
| iv_503 | 1.596419089080241 × 10^299 | 4058 | 79 |
| iv_504 | 2.4818888501262766 × 10^299 | 3937 | 78 |
| iv_505 | 3.7891344051877506 × 10^299 | 4099 | 72 |
| iv_506 | 1.897345647796481 × 10^299 | 3977 | 82 |
| iv_507 | 2.6989550537304803 × 10^299 | 4190 | 76 |
| iv_508 | 3.1277911288584162 × 10^299 | 4206 | 81 |
| iv_511 | 2.5984481460210537 × 10^296 | 4312 | 80 |

### Input Bits Sorted by Complexity

| Input Bit | Complexity | Occurrences | Output Occurrences |
|:---------:|:----------:|:-----------:|:------------------:|
| iv_511 | 2.5984481460210537 × 10^296 | 4312 | 80 |
| iv_498 | 1.2647352769995903 × 10^298 | 3944 | 88 |
| iv_499 | 2.2356657679940367 × 10^298 | 3956 | 81 |
| iv_500 | 3.7701272713966934 × 10^298 | 4131 | 76 |
| iv_501 | 6.2288909229938 × 10^298 | 4089 | 83 |
| iv_497 | 1.069772659625989 × 10^299 | 4225 | 71 |
| iv_503 | 1.596419089080241 × 10^299 | 4058 | 79 |
| iv_506 | 1.897345647796481 × 10^299 | 3977 | 82 |
| iv_504 | 2.4818888501262766 × 10^299 | 3937 | 78 |
| iv_507 | 2.6989550537304803 × 10^299 | 4190 | 76 |
| iv_508 | 3.1277911288584162 × 10^299 | 4206 | 81 |
| iv_505 | 3.7891344051877506 × 10^299 | 4099 | 72 |

### Input Bits Sorted by Occurrences

| Input Bit | Complexity | Occurrences | Output Occurrences |
|:---------:|:----------:|:-----------:|:------------------:|
| iv_504 | 2.4818888501262766 × 10^299 | 3937 | 78 |
| iv_498 | 1.2647352769995903 × 10^298 | 3944 | 88 |
| iv_499 | 2.2356657679940367 × 10^298 | 3956 | 81 |
| iv_506 | 1.897345647796481 × 10^299 | 3977 | 82 |
| iv_503 | 1.596419089080241 × 10^299 | 4058 | 79 |
| iv_501 | 6.2288909229938 × 10^298 | 4089 | 83 |
| iv_505 | 3.7891344051877506 × 10^299 | 4099 | 72 |
| iv_500 | 3.7701272713966934 × 10^298 | 4131 | 76 |
| iv_507 | 2.6989550537304803 × 10^299 | 4190 | 76 |
| iv_508 | 3.1277911288584162 × 10^299 | 4206 | 81 |
| iv_497 | 1.069772659625989 × 10^299 | 4225 | 71 |
| iv_511 | 2.5984481460210537 × 10^296 | 4312 | 80 |

### Input Bits Sorted by Output Occurrences

| Input Bit | Complexity | Occurrences | Output Occurrences |
|:---------:|:----------:|:-----------:|:------------------:|
| iv_497 | 1.069772659625989 × 10^299 | 4225 | 71 |
| iv_505 | 3.7891344051877506 × 10^299 | 4099 | 72 |
| iv_500 | 3.7701272713966934 × 10^298 | 4131 | 76 |
| iv_507 | 2.6989550537304803 × 10^299 | 4190 | 76 |
| iv_504 | 2.4818888501262766 × 10^299 | 3937 | 78 |
| iv_503 | 1.596419089080241 × 10^299 | 4058 | 79 |
| iv_511 | 2.5984481460210537 × 10^296 | 4312 | 80 |
| iv_499 | 2.2356657679940367 × 10^298 | 3956 | 81 |
| iv_508 | 3.1277911288584162 × 10^299 | 4206 | 81 |
| iv_506 | 1.897345647796481 × 10^299 | 3977 | 82 |
| iv_501 | 6.2288909229938 × 10^298 | 4089 | 83 |
| iv_498 | 1.2647352769995903 × 10^298 | 3944 | 88 |

## Input Bit Co-occurrences

### Input Bit Co-occurrences Sorted by Co-occurrences

| Input Bits | Co-occurrences | Potential Occurrences | Output Co-occurrences | Potential Output Occurrences |
|:----------:|:--------------:|:---------------------:|:---------------------:|:----------------------------:|
| iv_500-iv_511 | 2081 | 4281 | 38 | 80 |
| iv_507-iv_508 | 2054 | 4288 | 43 | 71 |
| iv_505-iv_507 | 2050 | 4189 | 31 | 86 |
| iv_501-iv_505 | 2038 | 4112 | 41 | 73 |
| iv_497-iv_507 | 2037 | 4341 | 34 | 79 |
| iv_501-iv_511 | 2034 | 4333 | 39 | 85 |
| iv_503-iv_511 | 2029 | 4312 | 41 | 77 |
| iv_497-iv_505 | 2021 | 4282 | 35 | 73 |
| iv_507-iv_511 | 2015 | 4472 | 39 | 78 |
| iv_497-iv_501 | 2012 | 4290 | 36 | 82 |
| iv_497-iv_500 | 2008 | 4340 | 38 | 71 |
| iv_504-iv_505 | 2006 | 4024 | 39 | 72 |

### Input Bit Co-occurrences Sorted by Potential Occurrences

| Input Bits | Co-occurrences | Potential Occurrences | Output Co-occurrences | Potential Output Occurrences |
|:----------:|:--------------:|:---------------------:|:---------------------:|:----------------------------:|
| iv_504-iv_505 | 2006 | 4024 | 39 | 72 |
| iv_501-iv_505 | 2038 | 4112 | 41 | 73 |
| iv_499-iv_504 | 1868 | 4157 | 38 | 83 |
| iv_504-iv_506 | 1878 | 4158 | 42 | 76 |
| iv_506-iv_507 | 1997 | 4173 | 39 | 80 |
| iv_499-iv_501 | 1932 | 4181 | 44 | 76 |
| iv_498-iv_504 | 1847 | 4187 | 46 | 74 |
| iv_505-iv_507 | 2050 | 4189 | 31 | 86 |
| iv_499-iv_505 | 1930 | 4195 | 48 | 57 |
| iv_500-iv_503 | 1989 | 4211 | 41 | 73 |
| iv_499-iv_503 | 1901 | 4212 | 44 | 72 |
| iv_498-iv_506 | 1850 | 4221 | 41 | 88 |

### Input Bit Output Co-occurrences Sorted by Output Co-occurrences

| Input Bits | Co-occurrences | Potential Occurrences | Output Co-occurrences | Potential Output Occurrences |
|:----------:|:--------------:|:---------------------:|:---------------------:|:----------------------------:|
| iv_498-iv_499 | 1833 | 4234 | 48 | 73 |
| iv_498-iv_501 | 1873 | 4287 | 48 | 75 |
| iv_498-iv_505 | 1901 | 4241 | 48 | 64 |
| iv_499-iv_505 | 1930 | 4195 | 48 | 57 |
| iv_498-iv_504 | 1847 | 4187 | 46 | 74 |
| iv_498-iv_503 | 1838 | 4326 | 45 | 77 |
| iv_498-iv_508 | 1867 | 4416 | 45 | 79 |
| iv_499-iv_501 | 1932 | 4181 | 44 | 76 |
| iv_499-iv_503 | 1901 | 4212 | 44 | 72 |
| iv_501-iv_506 | 1865 | 4336 | 44 | 77 |
| iv_503-iv_506 | 1832 | 4371 | 44 | 73 |
| iv_498-iv_507 | 1903 | 4328 | 43 | 78 |

### Input Bit Output Co-occurrences Sorted by Potential Output Occurrences

| Input Bits | Co-occurrences | Potential Occurrences | Output Co-occurrences | Potential Output Occurrences |
|:----------:|:--------------:|:---------------------:|:---------------------:|:----------------------------:|
| iv_499-iv_505 | 1930 | 4195 | 48 | 57 |
| iv_498-iv_505 | 1901 | 4241 | 48 | 64 |
| iv_497-iv_500 | 2008 | 4340 | 38 | 71 |
| iv_507-iv_508 | 2054 | 4288 | 43 | 71 |
| iv_499-iv_503 | 1901 | 4212 | 44 | 72 |
| iv_504-iv_505 | 2006 | 4024 | 39 | 72 |
| iv_497-iv_504 | 1919 | 4324 | 38 | 73 |
| iv_497-iv_505 | 2021 | 4282 | 35 | 73 |
| iv_498-iv_499 | 1833 | 4234 | 48 | 73 |
| iv_499-iv_500 | 1899 | 4289 | 42 | 73 |
| iv_500-iv_503 | 1989 | 4211 | 41 | 73 |
| iv_501-iv_505 | 2038 | 4112 | 41 | 73 |

## Output Bits

### Output Bits in Regular Order

| Rank | Output Bit | Complexity |
|:----:|:----------:|:----------:|
| 1 | ov_001 | 2.816174119054051 × 10^299 |
| 2 | ov_002 | 2.4505577747422093 × 10^299 |
| 3 | ov_003 | 2.1223101461098047 × 10^299 |
| 4 | ov_004 | 1.8286300039391694 × 10^299 |
| 5 | ov_005 | 1.5668696132015525 × 10^299 |
| 6 | ov_006 | 1.3345238026837634 × 10^299 |
| 7 | ov_007 | 1.129220426409011 × 10^299 |
| 8 | ov_008 | 9.48712127377668 × 10^298 |
| 9 | ov_009 | 7.90869304070161 × 10^298 |
| 10 | ov_010 | 6.536741619484653 × 10^298 |
| 11 | ov_011 | 5.352157308860021 × 10^298 |
| 12 | ov_012 | 4.336857362986306 × 10^298 |
| 13 | ov_013 | 3.473752184535306 × 10^298 |
| 14 | ov_014 | 2.7467180102852943 × 10^298 |
| 15 | ov_015 | 2.1405751650732024 × 10^298 |
| 16 | ov_016 | 1.6410710244686285 × 10^298 |
| 17 | ov_017 | 1.2348668905876197 × 10^298 |
| 18 | ov_018 | 9.095280491960868 × 10^297 |
| 19 | ov_019 | 6.535163397618668 × 10^297 |
| 20 | ov_020 | 4.5618466338089605 × 10^297 |
| 21 | ov_021 | 3.077730025375934 × 10^297 |
| 22 | ov_022 | 1.9940564178400065 × 10^297 |
| 23 | ov_023 | 1.2308929985270672 × 10^297 |
| 24 | ov_024 | 7.171191530140666 × 10^296 |
| 25 | ov_025 | 3.904190338285001 × 10^296 |
| 26 | ov_026 | 1.972774892739388 × 10^296 |
| 27 | ov_027 | 9.297814771097525 × 10^295 |
| 28 | ov_028 | 4.1602662113647546 × 10^295 |
| 29 | ov_029 | 1.6030466868508647 × 10^295 |
| 30 | ov_030 | 4.900711890616559 × 10^294 |
| 31 | ov_031 | 9.559209459452305 × 10^293 |
| 32 | lv_80_m31 | 1.86429526670343 × 10^293 |
| 33 | ov_033 | 2.244552977926415 × 10^294 |
| 34 | ov_034 | 1.9490715656863778 × 10^294 |
| 35 | ov_035 | 1.684473932649699 × 10^294 |
| 36 | ov_036 | 1.4482571830885234 × 10^294 |
| 37 | ov_037 | 1.2380543438827388 × 10^294 |
| 38 | ov_038 | 1.0516248171975976 × 10^294 |
| 39 | ov_039 | 8.868461043130549 × 10^293 |
| 40 | ov_040 | 7.41706678376683 × 10^293 |
| 41 | ov_041 | 6.142998913067318 × 10^293 |
| 42 | ov_042 | 5.036979382788634 × 10^293 |
| 43 | ov_043 | 4.090216881539109 × 10^293 |
| 44 | ov_044 | 3.286513365623972 × 10^293 |
| 45 | ov_045 | 2.6105587206774642 × 10^293 |
| 46 | ov_046 | 2.04790668552216 × 10^293 |
| 47 | ov_047 | 1.5849556105917336 × 10^293 |
| 48 | ov_048 | 1.2089333404385445 × 10^293 |
| 49 | ov_049 | 9.078855646925784 × 10^292 |
| 50 | ov_050 | 6.706670356707236 × 10^292 |
| 51 | ov_051 | 4.869351038786333 × 10^292 |
| 52 | ov_052 | 3.4714507509554777 × 10^292 |
| 53 | ov_053 | 2.4254696606139573 × 10^292 |
| 54 | ov_054 | 1.651833301303975 × 10^292 |
| 55 | ov_055 | 1.078878757878664 × 10^292 |
| 56 | ov_056 | 6.727511440639369 × 10^291 |
| 57 | ov_057 | 4.0354552986539455 × 10^291 |
| 58 | ov_058 | 2.2329538786260556 × 10^291 |
| 59 | ov_059 | 1.0999101540667428 × 10^291 |
| 60 | ov_060 | 4.55693757901344 × 10^290 |
| 61 | ov_061 | 1.591393006286037 × 10^290 |
| 62 | ov_062 | 4.3645533431510516 × 10^289 |
| 63 | ov_063 | 8.504972321131343 × 10^288 |
| 64 | lv_79_m31 | 1.656976075337704 × 10^288 |
| 65 | ov_065 | 1.9866772694915913 × 10^289 |
| 66 | ov_066 | 1.9866712138289577 × 10^289 |
| 67 | ov_067 | 1.9866697317856125 × 10^289 |
| 68 | ov_068 | 1.7202723009924303 × 10^289 |
| 69 | ov_069 | 1.4823519239074078 × 10^289 |
| 70 | ov_070 | 1.2706147188555832 × 10^289 |
| 71 | ov_071 | 1.0829079174372933 × 10^289 |
| 72 | ov_072 | 9.172103097085926 × 10^288 |
| 73 | ov_073 | 7.716235347435306 × 10^288 |
| 74 | ov_074 | 6.443641717057377 × 10^288 |
| 75 | ov_075 | 5.3375658829807566 × 10^288 |
| 76 | ov_076 | 4.382265048952875 × 10^288 |
| 77 | ov_077 | 3.562952338331025 × 10^288 |
| 78 | ov_078 | 2.865745542642066 × 10^288 |
| 79 | ov_079 | 2.2776218373052706 × 10^288 |
| 80 | ov_080 | 1.7863780817348167 × 10^288 |
| 81 | ov_081 | 1.3805963253787114 × 10^288 |
| 82 | ov_082 | 1.0496141444708416 × 10^288 |
| 83 | ov_083 | 7.83499436606761 × 10^287 |
| 84 | ov_084 | 5.73029301901035 × 10^287 |
| 85 | ov_085 | 4.096726406064557 × 10^287 |
| 86 | ov_086 | 2.8557609780904568 × 10^287 |
| 87 | ov_087 | 1.9355298627478403 × 10^287 |
| 88 | ov_088 | 1.2707481880570786 × 10^287 |
| 89 | ov_089 | 8.02650816262381 × 10^286 |
| 90 | ov_090 | 4.789488040731331 × 10^286 |
| 91 | ov_091 | 2.7511234127545217 × 10^286 |
| 92 | ov_092 | 1.5173077324441516 × 10^286 |
| 93 | ov_093 | 7.581484990158419 × 10^285 |
| 94 | ov_094 | 3.247454029294073 × 10^285 |
| 95 | aaa_78_28 | 1.0027764526188995 × 10^285 |
| 96 | aaa_78_29 | 3.0795449774092375 × 10^284 |
| 97 | ov_097 | 2.033260143963809 × 10^284 |
| 98 | ov_098 | 2.0331991315114363 × 10^284 |
| 99 | ov_099 | 2.0331796352738553 × 10^284 |
| 100 | ov_100 | 1.8294534996101736 × 10^284 |
| 101 | ov_101 | 1.6407958682598325 × 10^284 |
| 102 | ov_102 | 1.466375726280242 × 10^284 |
| 103 | ov_103 | 1.305422467091324 × 10^284 |
| 104 | ov_104 | 1.1572181324093135 × 10^284 |
| 105 | ov_105 | 1.0210903549350267 × 10^284 |
| 106 | ov_106 | 8.96405967161318 × 10^283 |
| 107 | ov_107 | 7.825652410245849 × 10^283 |
| 108 | ov_108 | 6.789967242281315 × 10^283 |
| 109 | ov_109 | 5.851526399457769 × 10^283 |
| 110 | ov_110 | 5.00504817303025 × 10^283 |
| 111 | ov_111 | 4.2454112055994956 × 10^283 |
| 112 | ov_112 | 3.5676234531199726 × 10^283 |
| 113 | ov_113 | 2.966795503073408 × 10^283 |
| 114 | ov_114 | 2.4381179367518013 × 10^283 |
| 115 | ov_115 | 1.9768424248930951 × 10^283 |
| 116 | ov_116 | 1.5782662467374671 × 10^283 |
| 117 | ov_117 | 1.2377199230763057 × 10^283 |
| 118 | ov_118 | 9.505576541639963 × 10^282 |
| 119 | ov_119 | 7.121499994602584 × 10^282 |
| 120 | ov_120 | 5.178782362668806 × 10^282 |
| 121 | ov_121 | 3.6313034252305805 × 10^282 |
| 122 | ov_122 | 2.4329841076737847 × 10^282 |
| 123 | ov_123 | 1.5377694652459983 × 10^282 |
| 124 | ov_124 | 8.996171985512075 × 10^281 |
| 125 | ov_125 | 4.72490534322114 × 10^281 |
| 126 | ov_126 | 2.10354591380588 × 10^281 |
| 127 | aaa_77_28 | 6.7174984597394555 × 10^280 |
| 128 | aaa_77_29 | 2.518381684784579 × 10^280 |
| 129 | ov_129 | 2.3404704228902676 × 10^280 |
| 130 | ov_130 | 2.340463697759437 × 10^280 |
| 131 | ov_131 | 2.34046207079559 × 10^280 |
| 132 | ov_132 | 2.0322049422298198 × 10^280 |
| 133 | ov_133 | 1.754894877283749 × 10^280 |
| 134 | ov_134 | 1.5072863080382098 × 10^280 |
| 135 | ov_135 | 1.2870865359631453 × 10^280 |
| 136 | ov_136 | 1.0921241601429073 × 10^280 |
| 137 | ov_137 | 9.203410192474518 × 10^279 |
| 138 | ov_138 | 7.697852841411523 × 10^279 |
| 139 | ov_139 | 6.386055876935942 × 10^279 |
| 140 | ov_140 | 5.250460843176586 × 10^279 |
| 141 | ov_141 | 4.274423375737048 × 10^279 |
| 142 | ov_142 | 3.442179398791664 × 10^279 |
| 143 | ov_143 | 2.7388177397905603 × 10^279 |
| 144 | ov_144 | 2.1502583138806687 × 10^279 |
| 145 | ov_145 | 1.6632350852755918 × 10^279 |
| 146 | ov_146 | 1.2652830676462588 × 10^279 |
| 147 | ov_147 | 9.447286802560182 × 10^278 |
| 148 | ov_148 | 6.90682831095738 × 10^278 |
| 149 | ov_149 | 4.930361527307638 × 10^278 |
| 150 | ov_150 | 3.4245587097974166 × 10^278 |
| 151 | ov_151 | 2.303838409224062 × 10^278 |
| 152 | ov_152 | 1.4903535799382036 × 10^278 |
| 153 | ov_153 | 9.139845958175996 × 10^277 |
| 154 | ov_154 | 5.123353000862634 × 10^277 |
| 155 | ov_155 | 2.5613812146056417 × 10^277 |
| 156 | aaa_76_25 | 9.843820791833102 × 10^276 |
| 157 | aaa_76_26 | 5.68644786788876 × 10^276 |
| 158 | aaa_76_27 | 2.911926173142366 × 10^276 |
| 159 | aaa_76_28 | 1.1343112641271661 × 10^276 |
| 160 | aaa_76_29 | 3.451360796535738 × 10^275 |

### Output Bits Sorted by Complexity

| Rank | Output Bit | Complexity |
|:----:|:----------:|:----------:|
| 160 | aaa_76_29 | 3.451360796535738 × 10^275 |
| 159 | aaa_76_28 | 1.1343112641271661 × 10^276 |
| 158 | aaa_76_27 | 2.911926173142366 × 10^276 |
| 157 | aaa_76_26 | 5.68644786788876 × 10^276 |
| 156 | aaa_76_25 | 9.843820791833102 × 10^276 |
| 155 | ov_155 | 2.5613812146056417 × 10^277 |
| 154 | ov_154 | 5.123353000862634 × 10^277 |
| 153 | ov_153 | 9.139845958175996 × 10^277 |
| 152 | ov_152 | 1.4903535799382036 × 10^278 |
| 151 | ov_151 | 2.303838409224062 × 10^278 |
| 150 | ov_150 | 3.4245587097974166 × 10^278 |
| 149 | ov_149 | 4.930361527307638 × 10^278 |
| 148 | ov_148 | 6.90682831095738 × 10^278 |
| 147 | ov_147 | 9.447286802560182 × 10^278 |
| 146 | ov_146 | 1.2652830676462588 × 10^279 |
| 145 | ov_145 | 1.6632350852755918 × 10^279 |
| 144 | ov_144 | 2.1502583138806687 × 10^279 |
| 143 | ov_143 | 2.7388177397905603 × 10^279 |
| 142 | ov_142 | 3.442179398791664 × 10^279 |
| 141 | ov_141 | 4.274423375737048 × 10^279 |
| 140 | ov_140 | 5.250460843176586 × 10^279 |
| 139 | ov_139 | 6.386055876935942 × 10^279 |
| 138 | ov_138 | 7.697852841411523 × 10^279 |
| 137 | ov_137 | 9.203410192474518 × 10^279 |
| 136 | ov_136 | 1.0921241601429073 × 10^280 |
| 135 | ov_135 | 1.2870865359631453 × 10^280 |
| 134 | ov_134 | 1.5072863080382098 × 10^280 |
| 133 | ov_133 | 1.754894877283749 × 10^280 |
| 132 | ov_132 | 2.0322049422298198 × 10^280 |
| 131 | ov_131 | 2.34046207079559 × 10^280 |
| 130 | ov_130 | 2.340463697759437 × 10^280 |
| 129 | ov_129 | 2.3404704228902676 × 10^280 |
| 128 | aaa_77_29 | 2.518381684784579 × 10^280 |
| 127 | aaa_77_28 | 6.7174984597394555 × 10^280 |
| 126 | ov_126 | 2.10354591380588 × 10^281 |
| 125 | ov_125 | 4.72490534322114 × 10^281 |
| 124 | ov_124 | 8.996171985512075 × 10^281 |
| 123 | ov_123 | 1.5377694652459983 × 10^282 |
| 122 | ov_122 | 2.4329841076737847 × 10^282 |
| 121 | ov_121 | 3.6313034252305805 × 10^282 |
| 120 | ov_120 | 5.178782362668806 × 10^282 |
| 119 | ov_119 | 7.121499994602584 × 10^282 |
| 118 | ov_118 | 9.505576541639963 × 10^282 |
| 117 | ov_117 | 1.2377199230763057 × 10^283 |
| 116 | ov_116 | 1.5782662467374671 × 10^283 |
| 115 | ov_115 | 1.9768424248930951 × 10^283 |
| 114 | ov_114 | 2.4381179367518013 × 10^283 |
| 113 | ov_113 | 2.966795503073408 × 10^283 |
| 112 | ov_112 | 3.5676234531199726 × 10^283 |
| 111 | ov_111 | 4.2454112055994956 × 10^283 |
| 110 | ov_110 | 5.00504817303025 × 10^283 |
| 109 | ov_109 | 5.851526399457769 × 10^283 |
| 108 | ov_108 | 6.789967242281315 × 10^283 |
| 107 | ov_107 | 7.825652410245849 × 10^283 |
| 106 | ov_106 | 8.96405967161318 × 10^283 |
| 105 | ov_105 | 1.0210903549350267 × 10^284 |
| 104 | ov_104 | 1.1572181324093135 × 10^284 |
| 103 | ov_103 | 1.305422467091324 × 10^284 |
| 102 | ov_102 | 1.466375726280242 × 10^284 |
| 101 | ov_101 | 1.6407958682598325 × 10^284 |
| 100 | ov_100 | 1.8294534996101736 × 10^284 |
| 99 | ov_099 | 2.0331796352738553 × 10^284 |
| 98 | ov_098 | 2.0331991315114363 × 10^284 |
| 97 | ov_097 | 2.033260143963809 × 10^284 |
| 96 | aaa_78_29 | 3.0795449774092375 × 10^284 |
| 95 | aaa_78_28 | 1.0027764526188995 × 10^285 |
| 94 | ov_094 | 3.247454029294073 × 10^285 |
| 93 | ov_093 | 7.581484990158419 × 10^285 |
| 92 | ov_092 | 1.5173077324441516 × 10^286 |
| 91 | ov_091 | 2.7511234127545217 × 10^286 |
| 90 | ov_090 | 4.789488040731331 × 10^286 |
| 89 | ov_089 | 8.02650816262381 × 10^286 |
| 88 | ov_088 | 1.2707481880570786 × 10^287 |
| 87 | ov_087 | 1.9355298627478403 × 10^287 |
| 86 | ov_086 | 2.8557609780904568 × 10^287 |
| 85 | ov_085 | 4.096726406064557 × 10^287 |
| 84 | ov_084 | 5.73029301901035 × 10^287 |
| 83 | ov_083 | 7.83499436606761 × 10^287 |
| 82 | ov_082 | 1.0496141444708416 × 10^288 |
| 81 | ov_081 | 1.3805963253787114 × 10^288 |
| 64 | lv_79_m31 | 1.656976075337704 × 10^288 |
| 80 | ov_080 | 1.7863780817348167 × 10^288 |
| 79 | ov_079 | 2.2776218373052706 × 10^288 |
| 78 | ov_078 | 2.865745542642066 × 10^288 |
| 77 | ov_077 | 3.562952338331025 × 10^288 |
| 76 | ov_076 | 4.382265048952875 × 10^288 |
| 75 | ov_075 | 5.3375658829807566 × 10^288 |
| 74 | ov_074 | 6.443641717057377 × 10^288 |
| 73 | ov_073 | 7.716235347435306 × 10^288 |
| 63 | ov_063 | 8.504972321131343 × 10^288 |
| 72 | ov_072 | 9.172103097085926 × 10^288 |
| 71 | ov_071 | 1.0829079174372933 × 10^289 |
| 70 | ov_070 | 1.2706147188555832 × 10^289 |
| 69 | ov_069 | 1.4823519239074078 × 10^289 |
| 68 | ov_068 | 1.7202723009924303 × 10^289 |
| 67 | ov_067 | 1.9866697317856125 × 10^289 |
| 66 | ov_066 | 1.9866712138289577 × 10^289 |
| 65 | ov_065 | 1.9866772694915913 × 10^289 |
| 62 | ov_062 | 4.3645533431510516 × 10^289 |
| 61 | ov_061 | 1.591393006286037 × 10^290 |
| 60 | ov_060 | 4.55693757901344 × 10^290 |
| 59 | ov_059 | 1.0999101540667428 × 10^291 |
| 58 | ov_058 | 2.2329538786260556 × 10^291 |
| 57 | ov_057 | 4.0354552986539455 × 10^291 |
| 56 | ov_056 | 6.727511440639369 × 10^291 |
| 55 | ov_055 | 1.078878757878664 × 10^292 |
| 54 | ov_054 | 1.651833301303975 × 10^292 |
| 53 | ov_053 | 2.4254696606139573 × 10^292 |
| 52 | ov_052 | 3.4714507509554777 × 10^292 |
| 51 | ov_051 | 4.869351038786333 × 10^292 |
| 50 | ov_050 | 6.706670356707236 × 10^292 |
| 49 | ov_049 | 9.078855646925784 × 10^292 |
| 48 | ov_048 | 1.2089333404385445 × 10^293 |
| 47 | ov_047 | 1.5849556105917336 × 10^293 |
| 32 | lv_80_m31 | 1.86429526670343 × 10^293 |
| 46 | ov_046 | 2.04790668552216 × 10^293 |
| 45 | ov_045 | 2.6105587206774642 × 10^293 |
| 44 | ov_044 | 3.286513365623972 × 10^293 |
| 43 | ov_043 | 4.090216881539109 × 10^293 |
| 42 | ov_042 | 5.036979382788634 × 10^293 |
| 41 | ov_041 | 6.142998913067318 × 10^293 |
| 40 | ov_040 | 7.41706678376683 × 10^293 |
| 39 | ov_039 | 8.868461043130549 × 10^293 |
| 31 | ov_031 | 9.559209459452305 × 10^293 |
| 38 | ov_038 | 1.0516248171975976 × 10^294 |
| 37 | ov_037 | 1.2380543438827388 × 10^294 |
| 36 | ov_036 | 1.4482571830885234 × 10^294 |
| 35 | ov_035 | 1.684473932649699 × 10^294 |
| 34 | ov_034 | 1.9490715656863778 × 10^294 |
| 33 | ov_033 | 2.244552977926415 × 10^294 |
| 30 | ov_030 | 4.900711890616559 × 10^294 |
| 29 | ov_029 | 1.6030466868508647 × 10^295 |
| 28 | ov_028 | 4.1602662113647546 × 10^295 |
| 27 | ov_027 | 9.297814771097525 × 10^295 |
| 26 | ov_026 | 1.972774892739388 × 10^296 |
| 25 | ov_025 | 3.904190338285001 × 10^296 |
| 24 | ov_024 | 7.171191530140666 × 10^296 |
| 23 | ov_023 | 1.2308929985270672 × 10^297 |
| 22 | ov_022 | 1.9940564178400065 × 10^297 |
| 21 | ov_021 | 3.077730025375934 × 10^297 |
| 20 | ov_020 | 4.5618466338089605 × 10^297 |
| 19 | ov_019 | 6.535163397618668 × 10^297 |
| 18 | ov_018 | 9.095280491960868 × 10^297 |
| 17 | ov_017 | 1.2348668905876197 × 10^298 |
| 16 | ov_016 | 1.6410710244686285 × 10^298 |
| 15 | ov_015 | 2.1405751650732024 × 10^298 |
| 14 | ov_014 | 2.7467180102852943 × 10^298 |
| 13 | ov_013 | 3.473752184535306 × 10^298 |
| 12 | ov_012 | 4.336857362986306 × 10^298 |
| 11 | ov_011 | 5.352157308860021 × 10^298 |
| 10 | ov_010 | 6.536741619484653 × 10^298 |
| 9 | ov_009 | 7.90869304070161 × 10^298 |
| 8 | ov_008 | 9.48712127377668 × 10^298 |
| 7 | ov_007 | 1.129220426409011 × 10^299 |
| 6 | ov_006 | 1.3345238026837634 × 10^299 |
| 5 | ov_005 | 1.5668696132015525 × 10^299 |
| 4 | ov_004 | 1.8286300039391694 × 10^299 |
| 3 | ov_003 | 2.1223101461098047 × 10^299 |
| 2 | ov_002 | 2.4505577747422093 × 10^299 |
| 1 | ov_001 | 2.816174119054051 × 10^299 |

