# Results for F001-F002-F003-F004-F005-F006-F007-F008-F009-F010-F011-F012-F013-F014-F015-F016-F017-F018-F019-F020-F021-F022-F023-F024-F025-F026-F027-F028-F029-F030-F031-F032-F033-F034-F035-F036-F037-F038-F039-F040-F041-F042-F043-F044-F045-F046-F047-F048-F049-F050-F051-F052-F053-F054-F055-F056-F057-F058-F059-F060-F061-F062-F063-F064-F065-F066-F067-F068-F069-F070-F071-F072-F073-F074-F075-F076-F077-F078-F079-F080-F081-F082-F083-F084-F085-F086-F087-F088-F089-F090-F091-F092-F093-F094-F095-F096-F097-F098-F099-F100-F101-F102-F103-F104-F105-F106-F107-F108-F109-F110-F111-F112-F113-F114-F115-F116-F117-F118-F119-F120-F121-F122-F123-F124-F125-F126-F127-F128-F129-F130-F131-F132-F133-F134-F135-F136-F137-F138-F139-F140-F141-F142-F143-F144-F145-F146-F147-F148-F149-F150-F151-F152-F153-F154-F155-F156-F157-F158-F159-F160-F161-F162-F163-F164-F165-F166-F167-F168-F169-F170-F171-F172-F173-F174-F175-F176-F177-F178-F179-F180-F181-F182-F183-F184-F185-F186-F187-F188-F189-F190-F191-F192-F193-F194-F195-F196-F197-F198-F199-F200-F201-F202-F203-F204-F205-F206-F207-F208-F209-F210-F211-F212-F213-F214-F215-F216-F217-F218-F219-F220-F221-F222-F223-F224-F225-F226-F227-F228-F229-F230-F231-F232-F233-F234-F235-F236-F237-F238-F239-F240-F241-F242-F243-F244-F245-F246-F247-F248-F249-F250-F251-F252-F253-F254-F255-F256-F257-F258-F259-F260-F261-F262-F263-F264-F265-F266-F267-F268-F269-F270-F271-F272-F273-F274-F275-F276-F277-F278-F279-F280-F281-F282-F283-F284-F285-F286-F287-F288-F289-F290-F291-F292-F293-F294-F295-F296-F297-F298-F299-F300-F301-F302-F303-F304-F305-F306-F307-F308-F309-F310-F311-F312-F313-F314-F315-F316-F317-F318-F319-F320-F321-F322-F323-F324-F325-F326-F327-F328-F329-F330-F331-F332-F333-F334-F335-F336-F337-F338-F339-F340-F341-F342-F343-F344-F345-F346-F347-F348-F349-F350-F351-F352-F353-F354-F355-F356-F357-F358-F359-F360-F361-F362-F363-F364-F365-F366-F367-F368-F369-F370-F371-F372-F373-F374-F375-F376-F377-F378-F379-F380-F381-F382-F383-F384-F385-F386-F387-F388-F389-F390-F391-F392-F393-F394-F395-F396-F397-F398-F399-F400-F401-F402-F403-F404-F405-F406-F407-F408-F409-F410-F411-F412-F413-F414-F415-F416-F417-F418-F419-F420-F421-F422-F423-F424-F425-F426-F427-F428-F429-F430-F431-F432-F433-F434-F435-F436-F437-F438-F439-F440-F441-F442-F443-F444-F445-F446-F447-F448-F449-F450-F451-F452-F453-F454-F455-F456-F457-F458-F459-F460-F461-F462-F463-F464-F465-F466-F467-F468-F469-F470-F471-F472-F473-F474-F475-F476-F477-F478-F479-F480-F481-F482-F483-F484-F485-F486-F487-F488-F489-F490-F491-F492-F493-F494-F495-F496-O498505-F510-F511-F512

## Summary

Number of input bits: 512  
Number of free input bits: 12  
Number of output bits: 160

Number of direct occurrences: 48652  
Number of assignments: 31416  
Number of operations: 11055408
(xor: 11027196,
and: 14800,
or: 13412)

Total complexity: 9.315993049729828 × 10^299

Least occurring input variable: iv_502 (3854)  
Most occurring input variable: iv_509 (4221)

Most co-occurring input variables: iv_508-iv_509 (2062)  
Least co-occurring input variables: iv_499-iv_502 (1765)

Potentially most occurring input variable: iv_498/iv_507 (4492)  
Potentially least occurring input variable: iv_504/iv_506 (4114)

Least output occurring input variable: iv_498 (70)  
Most output occurring input variable: iv_509 (87)

Most output co-occurring input variables: iv_502-iv_509 (51)  
Least output co-occurring input variables: iv_497-iv_498 (31)

Potentially most output occurring input variable: iv_504/iv_509 (91)  
Potentially least output occurring input variable: iv_497/iv_502 (69)

Least complex input bit: iv_497 (2.663851368680942 × 10^297)  
Most complex input bit: iv_498 (1.6368071076906988 × 10^299)

Least complex output bit: aaa_76_29 (8.107380965963287 × 10^274)  
Most complex output bit: ov_001 (1.4775284920078156 × 10^299)

Least complex input/output complexity: iv_497/aaa_76_29 (2.3182561179804074 × 10^272)  
Most complex input/output complexity: iv_498/ov_001 (2.595997146653139 × 10^298)

## Input Bits

### Input Bits in Regular Order

| Input Bit | Complexity | Occurrences | Output Occurrences |
|:---------:|:----------:|:-----------:|:------------------:|
| iv_497 | 2.663851368680942 × 10^297 | 4080 | 77 |
| iv_498 | 1.6368071076906988 × 10^299 | 4221 | 70 |
| iv_499 | 9.3322128487857 × 10^297 | 3927 | 81 |
| iv_500 | 1.568350936278718 × 10^298 | 4101 | 84 |
| iv_501 | 2.5834667197354944 × 10^298 | 4056 | 75 |
| iv_502 | 4.17471177328773 × 10^298 | 3854 | 84 |
| iv_503 | 6.633422110797739 × 10^298 | 4043 | 81 |
| iv_504 | 1.0340604102692348 × 10^299 | 3906 | 76 |
| iv_506 | 8.011791695925915 × 10^298 | 3948 | 82 |
| iv_507 | 1.1503024241107159 × 10^299 | 4165 | 76 |
| iv_508 | 1.5275868334637896 × 10^299 | 4130 | 74 |
| iv_509 | 1.5501013084181637 × 10^299 | 4221 | 87 |

### Input Bits Sorted by Complexity

| Input Bit | Complexity | Occurrences | Output Occurrences |
|:---------:|:----------:|:-----------:|:------------------:|
| iv_497 | 2.663851368680942 × 10^297 | 4080 | 77 |
| iv_499 | 9.3322128487857 × 10^297 | 3927 | 81 |
| iv_500 | 1.568350936278718 × 10^298 | 4101 | 84 |
| iv_501 | 2.5834667197354944 × 10^298 | 4056 | 75 |
| iv_502 | 4.17471177328773 × 10^298 | 3854 | 84 |
| iv_503 | 6.633422110797739 × 10^298 | 4043 | 81 |
| iv_506 | 8.011791695925915 × 10^298 | 3948 | 82 |
| iv_504 | 1.0340604102692348 × 10^299 | 3906 | 76 |
| iv_507 | 1.1503024241107159 × 10^299 | 4165 | 76 |
| iv_508 | 1.5275868334637896 × 10^299 | 4130 | 74 |
| iv_509 | 1.5501013084181637 × 10^299 | 4221 | 87 |
| iv_498 | 1.6368071076906988 × 10^299 | 4221 | 70 |

### Input Bits Sorted by Occurrences

| Input Bit | Complexity | Occurrences | Output Occurrences |
|:---------:|:----------:|:-----------:|:------------------:|
| iv_502 | 4.17471177328773 × 10^298 | 3854 | 84 |
| iv_504 | 1.0340604102692348 × 10^299 | 3906 | 76 |
| iv_499 | 9.3322128487857 × 10^297 | 3927 | 81 |
| iv_506 | 8.011791695925915 × 10^298 | 3948 | 82 |
| iv_503 | 6.633422110797739 × 10^298 | 4043 | 81 |
| iv_501 | 2.5834667197354944 × 10^298 | 4056 | 75 |
| iv_497 | 2.663851368680942 × 10^297 | 4080 | 77 |
| iv_500 | 1.568350936278718 × 10^298 | 4101 | 84 |
| iv_508 | 1.5275868334637896 × 10^299 | 4130 | 74 |
| iv_507 | 1.1503024241107159 × 10^299 | 4165 | 76 |
| iv_498 | 1.6368071076906988 × 10^299 | 4221 | 70 |
| iv_509 | 1.5501013084181637 × 10^299 | 4221 | 87 |

### Input Bits Sorted by Output Occurrences

| Input Bit | Complexity | Occurrences | Output Occurrences |
|:---------:|:----------:|:-----------:|:------------------:|
| iv_498 | 1.6368071076906988 × 10^299 | 4221 | 70 |
| iv_508 | 1.5275868334637896 × 10^299 | 4130 | 74 |
| iv_501 | 2.5834667197354944 × 10^298 | 4056 | 75 |
| iv_504 | 1.0340604102692348 × 10^299 | 3906 | 76 |
| iv_507 | 1.1503024241107159 × 10^299 | 4165 | 76 |
| iv_497 | 2.663851368680942 × 10^297 | 4080 | 77 |
| iv_503 | 6.633422110797739 × 10^298 | 4043 | 81 |
| iv_499 | 9.3322128487857 × 10^297 | 3927 | 81 |
| iv_506 | 8.011791695925915 × 10^298 | 3948 | 82 |
| iv_500 | 1.568350936278718 × 10^298 | 4101 | 84 |
| iv_502 | 4.17471177328773 × 10^298 | 3854 | 84 |
| iv_509 | 1.5501013084181637 × 10^299 | 4221 | 87 |

## Input Bit Co-occurrences

### Input Bit Co-occurrences Sorted by Co-occurrences

| Input Bits | Co-occurrences | Potential Occurrences | Output Co-occurrences | Potential Output Occurrences |
|:----------:|:--------------:|:---------------------:|:---------------------:|:----------------------------:|
| iv_508-iv_509 | 2062 | 4227 | 40 | 81 |
| iv_507-iv_509 | 2051 | 4284 | 44 | 75 |
| iv_497-iv_507 | 2041 | 4163 | 42 | 69 |
| iv_498-iv_509 | 2028 | 4386 | 41 | 75 |
| iv_501-iv_509 | 2008 | 4261 | 41 | 80 |
| iv_503-iv_509 | 2002 | 4260 | 42 | 84 |
| iv_497-iv_509 | 1998 | 4305 | 44 | 76 |
| iv_498-iv_500 | 1997 | 4328 | 36 | 82 |
| iv_506-iv_507 | 1990 | 4133 | 42 | 74 |
| iv_500-iv_507 | 1977 | 4312 | 35 | 90 |
| iv_497-iv_498 | 1974 | 4353 | 31 | 85 |
| iv_497-iv_501 | 1967 | 4202 | 36 | 80 |

### Input Bit Co-occurrences Sorted by Potential Occurrences

| Input Bits | Co-occurrences | Potential Occurrences | Output Co-occurrences | Potential Output Occurrences |
|:----------:|:--------------:|:---------------------:|:---------------------:|:----------------------------:|
| iv_504-iv_506 | 1870 | 4114 | 42 | 74 |
| iv_506-iv_507 | 1990 | 4133 | 42 | 74 |
| iv_502-iv_506 | 1830 | 4142 | 48 | 70 |
| iv_497-iv_507 | 2041 | 4163 | 42 | 69 |
| iv_499-iv_504 | 1827 | 4179 | 38 | 81 |
| iv_499-iv_501 | 1901 | 4181 | 38 | 80 |
| iv_497-iv_499 | 1909 | 4189 | 37 | 84 |
| iv_497-iv_504 | 1893 | 4200 | 40 | 73 |
| iv_500-iv_506 | 1924 | 4201 | 42 | 82 |
| iv_497-iv_501 | 1967 | 4202 | 36 | 80 |
| iv_503-iv_506 | 1894 | 4203 | 43 | 77 |
| iv_499-iv_508 | 1927 | 4203 | 41 | 73 |

### Input Bit Output Co-occurrences Sorted by Output Co-occurrences

| Input Bits | Co-occurrences | Potential Occurrences | Output Co-occurrences | Potential Output Occurrences |
|:----------:|:--------------:|:---------------------:|:---------------------:|:----------------------------:|
| iv_502-iv_509 | 1868 | 4339 | 51 | 69 |
| iv_502-iv_506 | 1830 | 4142 | 48 | 70 |
| iv_500-iv_503 | 1945 | 4254 | 46 | 73 |
| iv_497-iv_502 | 1865 | 4204 | 46 | 69 |
| iv_502-iv_503 | 1791 | 4315 | 45 | 75 |
| iv_497-iv_509 | 1998 | 4305 | 44 | 76 |
| iv_500-iv_509 | 1919 | 4484 | 44 | 83 |
| iv_507-iv_509 | 2051 | 4284 | 44 | 75 |
| iv_500-iv_504 | 1901 | 4205 | 43 | 74 |
| iv_503-iv_506 | 1894 | 4203 | 43 | 77 |
| iv_503-iv_509 | 2002 | 4260 | 42 | 84 |
| iv_499-iv_500 | 1868 | 4292 | 42 | 81 |

### Input Bit Output Co-occurrences Sorted by Potential Output Occurrences

| Input Bits | Co-occurrences | Potential Occurrences | Output Co-occurrences | Potential Output Occurrences |
|:----------:|:--------------:|:---------------------:|:---------------------:|:----------------------------:|
| iv_497-iv_502 | 1865 | 4204 | 46 | 69 |
| iv_502-iv_509 | 1868 | 4339 | 51 | 69 |
| iv_497-iv_507 | 2041 | 4163 | 42 | 69 |
| iv_502-iv_506 | 1830 | 4142 | 48 | 70 |
| iv_500-iv_503 | 1945 | 4254 | 46 | 73 |
| iv_499-iv_508 | 1927 | 4203 | 41 | 73 |
| iv_501-iv_507 | 1931 | 4359 | 39 | 73 |
| iv_497-iv_504 | 1893 | 4200 | 40 | 73 |
| iv_498-iv_508 | 1958 | 4435 | 35 | 74 |
| iv_500-iv_504 | 1901 | 4205 | 43 | 74 |
| iv_504-iv_506 | 1870 | 4114 | 42 | 74 |
| iv_506-iv_507 | 1990 | 4133 | 42 | 74 |

## Output Bits

### Output Bits in Regular Order

| Rank | Output Bit | Complexity |
|:----:|:----------:|:----------:|
| 1 | ov_001 | 1.4775284920078156 × 10^299 |
| 2 | ov_002 | 1.2830701322155405 × 10^299 |
| 3 | ov_003 | 1.1087107798833472 × 10^299 |
| 4 | ov_004 | 9.529352263728461 × 10^298 |
| 5 | ov_005 | 8.143108595261745 × 10^298 |
| 6 | ov_006 | 6.914818124456786 × 10^298 |
| 7 | ov_007 | 5.831638721438743 × 10^298 |
| 8 | ov_008 | 4.881400867435361 × 10^298 |
| 9 | ov_009 | 4.052570138555677 × 10^298 |
| 10 | ov_010 | 3.334215477565277 × 10^298 |
| 11 | ov_011 | 2.715982622780032 × 10^298 |
| 12 | ov_012 | 2.188072099288282 × 10^298 |
| 13 | ov_013 | 1.7412212130960622 × 10^298 |
| 14 | ov_014 | 1.3666895236325668 × 10^298 |
| 15 | ov_015 | 1.0562473044874811 × 10^298 |
| 16 | ov_016 | 8.021665363866988 × 10^297 |
| 17 | ov_017 | 5.9721401033390434 × 10^297 |
| 18 | ov_018 | 4.346461526178337 × 10^297 |
| 19 | ov_019 | 3.0820521705627606 × 10^297 |
| 20 | ov_020 | 2.1211652345176413 × 10^297 |
| 21 | ov_021 | 1.410864685694866 × 10^297 |
| 22 | ov_022 | 9.030110871318238 × 10^296 |
| 23 | ov_023 | 5.5425179441876865 × 10^296 |
| 24 | ov_024 | 3.2601450596067857 × 10^296 |
| 25 | ov_025 | 1.8450331554715984 × 10^296 |
| 26 | ov_026 | 1.0069654948760716 × 10^296 |
| 27 | ov_027 | 5.034574870199212 × 10^295 |
| 28 | ov_028 | 2.2519912537736624 × 10^295 |
| 29 | ov_029 | 8.674395712190968 × 10^294 |
| 30 | ov_030 | 2.6508814564124644 × 10^294 |
| 31 | ov_031 | 5.1683557369479125 × 10^293 |
| 32 | lv_80_m31 | 1.0074635561015638 × 10^293 |
| 33 | ov_033 | 1.2079062974285064 × 10^294 |
| 34 | ov_034 | 1.0473657670801677 × 10^294 |
| 35 | ov_035 | 9.036876294611093 × 10^293 |
| 36 | ov_036 | 7.755490729398412 × 10^293 |
| 37 | ov_037 | 6.616989217074571 × 10^293 |
| 38 | ov_038 | 5.609525660914751 × 10^293 |
| 39 | ov_039 | 4.721875737726627 × 10^293 |
| 40 | ov_040 | 3.943399175932706 × 10^293 |
| 41 | ov_041 | 3.2640075906680424 × 10^293 |
| 42 | ov_042 | 2.6741373003121113 × 10^293 |
| 43 | ov_043 | 2.1691345357989486 × 10^293 |
| 44 | ov_044 | 1.7404207138820112 × 10^293 |
| 45 | ov_045 | 1.3798850207691683 × 10^293 |
| 46 | ov_046 | 1.079872039270273 × 10^293 |
| 47 | ov_047 | 8.33171954896896 × 10^292 |
| 48 | ov_048 | 6.330129518851201 × 10^292 |
| 49 | ov_049 | 4.730554397473191 × 10^292 |
| 50 | ov_050 | 3.4738778035845573 × 10^292 |
| 51 | ov_051 | 2.5052321479861977 × 10^292 |
| 52 | ov_052 | 1.7739771825138075 × 10^292 |
| 53 | ov_053 | 1.2336854023533603 × 10^292 |
| 54 | ov_054 | 8.421322611177234 × 10^291 |
| 55 | ov_055 | 5.612897214429736 × 10^291 |
| 56 | ov_056 | 3.5732217289455176 × 10^291 |
| 57 | ov_057 | 2.143595302909495 × 10^291 |
| 58 | ov_058 | 1.1862627204922957 × 10^291 |
| 59 | ov_059 | 5.844098786298803 × 10^290 |
| 60 | ov_060 | 2.4216175008967277 × 10^290 |
| 61 | ov_061 | 8.458165437266024 × 10^289 |
| 62 | ov_062 | 2.320030270122345 × 10^289 |
| 63 | ov_063 | 4.521408624758262 × 10^288 |
| 64 | lv_79_m31 | 8.809567486485224 × 10^287 |
| 65 | ov_065 | 1.0483441202408729 × 10^289 |
| 66 | ov_066 | 1.048341632161676 × 10^289 |
| 67 | ov_067 | 1.0483410490745313 × 10^289 |
| 68 | ov_068 | 9.07304014516099 × 10^288 |
| 69 | ov_069 | 7.81128339646574 × 10^288 |
| 70 | ov_070 | 6.686941267289483 × 10^288 |
| 71 | ov_071 | 5.689359638422727 × 10^288 |
| 72 | ov_072 | 4.808402889322212 × 10^288 |
| 73 | ov_073 | 4.0344322875030945 × 10^288 |
| 74 | ov_074 | 3.3582873785253405 × 10^288 |
| 75 | ov_075 | 2.7712693609080167 × 10^288 |
| 76 | ov_076 | 2.265126123715575 × 10^288 |
| 77 | ov_077 | 1.832038853027301 × 10^288 |
| 78 | ov_078 | 1.4646101155986977 × 10^288 |
| 79 | ov_079 | 1.1558533296650607 × 10^288 |
| 80 | ov_080 | 8.991835340961217 × 10^287 |
| 81 | ov_081 | 6.884093680539568 × 10^287 |
| 82 | ov_082 | 5.177261739960596 × 10^287 |
| 83 | ov_083 | 3.817101373573365 × 10^287 |
| 84 | ov_084 | 2.7531337658834794 × 10^287 |
| 85 | ov_085 | 1.9385989746356485 × 10^287 |
| 86 | ov_086 | 1.3304232573360447 × 10^287 |
| 87 | ov_087 | 8.891933230074352 × 10^286 |
| 88 | ov_088 | 5.791366516288693 × 10^286 |
| 89 | ov_089 | 3.68107024095685 × 10^286 |
| 90 | ov_090 | 2.2757440573959005 × 10^286 |
| 91 | ov_091 | 1.3261832654638337 × 10^286 |
| 92 | ov_092 | 7.16803069673015 × 10^285 |
| 93 | ov_093 | 3.50039484880623 × 10^285 |
| 94 | ov_094 | 1.463423074273235 × 10^285 |
| 95 | aaa_78_28 | 4.417224438389303 × 10^284 |
| 96 | aaa_78_29 | 1.309453880374652 × 10^284 |
| 97 | ov_097 | 7.716333663090258 × 10^283 |
| 98 | ov_098 | 7.716192137780872 × 10^283 |
| 99 | ov_099 | 7.716146931062463 × 10^283 |
| 100 | ov_100 | 6.315564928475003 × 10^283 |
| 101 | ov_101 | 5.1698472438474375 × 10^283 |
| 102 | ov_102 | 4.2440785191706177 × 10^283 |
| 103 | ov_103 | 3.5052607586173466 × 10^283 |
| 104 | ov_104 | 2.9221736133136477 × 10^283 |
| 105 | ov_105 | 2.4652528082211523 × 10^283 |
| 106 | ov_106 | 2.1064850602615623 × 10^283 |
| 107 | ov_107 | 1.8193179219661833 × 10^283 |
| 108 | ov_108 | 1.5785830670344735 × 10^283 |
| 109 | ov_109 | 1.3604316138395242 × 10^283 |
| 110 | ov_110 | 1.163642585556464 × 10^283 |
| 111 | ov_111 | 9.870312215676993 × 10^282 |
| 112 | ov_112 | 8.294417911366417 × 10^282 |
| 113 | ov_113 | 6.89741433843733 × 10^282 |
| 114 | ov_114 | 5.668149533851728 × 10^282 |
| 115 | ov_115 | 4.595604915659259 × 10^282 |
| 116 | ov_116 | 3.668860094559353 × 10^282 |
| 117 | ov_117 | 2.877065027589365 × 10^282 |
| 118 | ov_118 | 2.20941878492585 × 10^282 |
| 119 | ov_119 | 1.655154201107101 × 10^282 |
| 120 | ov_120 | 1.2035271742755 × 10^282 |
| 121 | ov_121 | 8.438089602782686 × 10^281 |
| 122 | ov_122 | 5.6528049851389356 × 10^281 |
| 123 | ov_123 | 3.572284053900937 × 10^281 |
| 124 | ov_124 | 2.0894227126956184 × 10^281 |
| 125 | ov_125 | 1.0971298560656247 × 10^281 |
| 126 | ov_126 | 4.883188243644699 × 10^280 |
| 127 | aaa_77_28 | 1.5590412294853727 × 10^280 |
| 128 | aaa_77_29 | 5.843255548144649 × 10^279 |
| 129 | ov_129 | 5.402460687705007 × 10^279 |
| 130 | ov_130 | 5.402444898605771 × 10^279 |
| 131 | ov_131 | 5.402441081503859 × 10^279 |
| 132 | ov_132 | 4.682490241746496 × 10^279 |
| 133 | ov_133 | 4.037721667729158 × 10^279 |
| 134 | ov_134 | 3.462462852812267 × 10^279 |
| 135 | ov_135 | 2.9513441272306165 × 10^279 |
| 136 | ov_136 | 2.4992769431081418 × 10^279 |
| 137 | ov_137 | 2.1014351922335855 × 10^279 |
| 138 | ov_138 | 1.7532392666570948 × 10^279 |
| 139 | ov_139 | 1.4503425868915944 × 10^279 |
| 140 | ov_140 | 1.1886203368081996 × 10^279 |
| 141 | ov_141 | 9.64160158298829 × 10^278 |
| 142 | ov_142 | 7.732545725228166 × 10^278 |
| 143 | ov_143 | 6.123949081243068 × 10^278 |
| 144 | ov_144 | 4.7826653025650146 × 10^278 |
| 145 | ov_145 | 3.67745177617924 × 10^278 |
| 146 | ov_146 | 2.7789422802376778 × 10^278 |
| 147 | ov_147 | 2.0596272632119366 × 10^278 |
| 148 | ov_148 | 1.493840217224587 × 10^278 |
| 149 | ov_149 | 1.057748748803641 × 10^278 |
| 150 | ov_150 | 7.29349082706983 × 10^277 |
| 151 | ov_151 | 4.884628667904345 × 10^277 |
| 152 | ov_152 | 3.1673532412295277 × 10^277 |
| 153 | ov_153 | 1.9763409808563948 × 10^277 |
| 154 | ov_154 | 1.1644847803522966 × 10^277 |
| 155 | ov_155 | 6.028889133276032 × 10^276 |
| 156 | aaa_76_25 | 2.3165795627877903 × 10^276 |
| 157 | aaa_76_26 | 1.3377367078906343 × 10^276 |
| 158 | aaa_76_27 | 6.847523015407095 × 10^275 |
| 159 | aaa_76_28 | 2.6659811474404535 × 10^275 |
| 160 | aaa_76_29 | 8.107380965963287 × 10^274 |

### Output Bits Sorted by Complexity

| Rank | Output Bit | Complexity |
|:----:|:----------:|:----------:|
| 160 | aaa_76_29 | 8.107380965963287 × 10^274 |
| 159 | aaa_76_28 | 2.6659811474404535 × 10^275 |
| 158 | aaa_76_27 | 6.847523015407095 × 10^275 |
| 157 | aaa_76_26 | 1.3377367078906343 × 10^276 |
| 156 | aaa_76_25 | 2.3165795627877903 × 10^276 |
| 155 | ov_155 | 6.028889133276032 × 10^276 |
| 154 | ov_154 | 1.1644847803522966 × 10^277 |
| 153 | ov_153 | 1.9763409808563948 × 10^277 |
| 152 | ov_152 | 3.1673532412295277 × 10^277 |
| 151 | ov_151 | 4.884628667904345 × 10^277 |
| 150 | ov_150 | 7.29349082706983 × 10^277 |
| 149 | ov_149 | 1.057748748803641 × 10^278 |
| 148 | ov_148 | 1.493840217224587 × 10^278 |
| 147 | ov_147 | 2.0596272632119366 × 10^278 |
| 146 | ov_146 | 2.7789422802376778 × 10^278 |
| 145 | ov_145 | 3.67745177617924 × 10^278 |
| 144 | ov_144 | 4.7826653025650146 × 10^278 |
| 143 | ov_143 | 6.123949081243068 × 10^278 |
| 142 | ov_142 | 7.732545725228166 × 10^278 |
| 141 | ov_141 | 9.64160158298829 × 10^278 |
| 140 | ov_140 | 1.1886203368081996 × 10^279 |
| 139 | ov_139 | 1.4503425868915944 × 10^279 |
| 138 | ov_138 | 1.7532392666570948 × 10^279 |
| 137 | ov_137 | 2.1014351922335855 × 10^279 |
| 136 | ov_136 | 2.4992769431081418 × 10^279 |
| 135 | ov_135 | 2.9513441272306165 × 10^279 |
| 134 | ov_134 | 3.462462852812267 × 10^279 |
| 133 | ov_133 | 4.037721667729158 × 10^279 |
| 132 | ov_132 | 4.682490241746496 × 10^279 |
| 131 | ov_131 | 5.402441081503859 × 10^279 |
| 130 | ov_130 | 5.402444898605771 × 10^279 |
| 129 | ov_129 | 5.402460687705007 × 10^279 |
| 128 | aaa_77_29 | 5.843255548144649 × 10^279 |
| 127 | aaa_77_28 | 1.5590412294853727 × 10^280 |
| 126 | ov_126 | 4.883188243644699 × 10^280 |
| 125 | ov_125 | 1.0971298560656247 × 10^281 |
| 124 | ov_124 | 2.0894227126956184 × 10^281 |
| 123 | ov_123 | 3.572284053900937 × 10^281 |
| 122 | ov_122 | 5.6528049851389356 × 10^281 |
| 121 | ov_121 | 8.438089602782686 × 10^281 |
| 120 | ov_120 | 1.2035271742755 × 10^282 |
| 119 | ov_119 | 1.655154201107101 × 10^282 |
| 118 | ov_118 | 2.20941878492585 × 10^282 |
| 117 | ov_117 | 2.877065027589365 × 10^282 |
| 116 | ov_116 | 3.668860094559353 × 10^282 |
| 115 | ov_115 | 4.595604915659259 × 10^282 |
| 114 | ov_114 | 5.668149533851728 × 10^282 |
| 113 | ov_113 | 6.89741433843733 × 10^282 |
| 112 | ov_112 | 8.294417911366417 × 10^282 |
| 111 | ov_111 | 9.870312215676993 × 10^282 |
| 110 | ov_110 | 1.163642585556464 × 10^283 |
| 109 | ov_109 | 1.3604316138395242 × 10^283 |
| 108 | ov_108 | 1.5785830670344735 × 10^283 |
| 107 | ov_107 | 1.8193179219661833 × 10^283 |
| 106 | ov_106 | 2.1064850602615623 × 10^283 |
| 105 | ov_105 | 2.4652528082211523 × 10^283 |
| 104 | ov_104 | 2.9221736133136477 × 10^283 |
| 103 | ov_103 | 3.5052607586173466 × 10^283 |
| 102 | ov_102 | 4.2440785191706177 × 10^283 |
| 101 | ov_101 | 5.1698472438474375 × 10^283 |
| 100 | ov_100 | 6.315564928475003 × 10^283 |
| 99 | ov_099 | 7.716146931062463 × 10^283 |
| 98 | ov_098 | 7.716192137780872 × 10^283 |
| 97 | ov_097 | 7.716333663090258 × 10^283 |
| 96 | aaa_78_29 | 1.309453880374652 × 10^284 |
| 95 | aaa_78_28 | 4.417224438389303 × 10^284 |
| 94 | ov_094 | 1.463423074273235 × 10^285 |
| 93 | ov_093 | 3.50039484880623 × 10^285 |
| 92 | ov_092 | 7.16803069673015 × 10^285 |
| 91 | ov_091 | 1.3261832654638337 × 10^286 |
| 90 | ov_090 | 2.2757440573959005 × 10^286 |
| 89 | ov_089 | 3.68107024095685 × 10^286 |
| 88 | ov_088 | 5.791366516288693 × 10^286 |
| 87 | ov_087 | 8.891933230074352 × 10^286 |
| 86 | ov_086 | 1.3304232573360447 × 10^287 |
| 85 | ov_085 | 1.9385989746356485 × 10^287 |
| 84 | ov_084 | 2.7531337658834794 × 10^287 |
| 83 | ov_083 | 3.817101373573365 × 10^287 |
| 82 | ov_082 | 5.177261739960596 × 10^287 |
| 81 | ov_081 | 6.884093680539568 × 10^287 |
| 64 | lv_79_m31 | 8.809567486485224 × 10^287 |
| 80 | ov_080 | 8.991835340961217 × 10^287 |
| 79 | ov_079 | 1.1558533296650607 × 10^288 |
| 78 | ov_078 | 1.4646101155986977 × 10^288 |
| 77 | ov_077 | 1.832038853027301 × 10^288 |
| 76 | ov_076 | 2.265126123715575 × 10^288 |
| 75 | ov_075 | 2.7712693609080167 × 10^288 |
| 74 | ov_074 | 3.3582873785253405 × 10^288 |
| 73 | ov_073 | 4.0344322875030945 × 10^288 |
| 63 | ov_063 | 4.521408624758262 × 10^288 |
| 72 | ov_072 | 4.808402889322212 × 10^288 |
| 71 | ov_071 | 5.689359638422727 × 10^288 |
| 70 | ov_070 | 6.686941267289483 × 10^288 |
| 69 | ov_069 | 7.81128339646574 × 10^288 |
| 68 | ov_068 | 9.07304014516099 × 10^288 |
| 67 | ov_067 | 1.0483410490745313 × 10^289 |
| 66 | ov_066 | 1.048341632161676 × 10^289 |
| 65 | ov_065 | 1.0483441202408729 × 10^289 |
| 62 | ov_062 | 2.320030270122345 × 10^289 |
| 61 | ov_061 | 8.458165437266024 × 10^289 |
| 60 | ov_060 | 2.4216175008967277 × 10^290 |
| 59 | ov_059 | 5.844098786298803 × 10^290 |
| 58 | ov_058 | 1.1862627204922957 × 10^291 |
| 57 | ov_057 | 2.143595302909495 × 10^291 |
| 56 | ov_056 | 3.5732217289455176 × 10^291 |
| 55 | ov_055 | 5.612897214429736 × 10^291 |
| 54 | ov_054 | 8.421322611177234 × 10^291 |
| 53 | ov_053 | 1.2336854023533603 × 10^292 |
| 52 | ov_052 | 1.7739771825138075 × 10^292 |
| 51 | ov_051 | 2.5052321479861977 × 10^292 |
| 50 | ov_050 | 3.4738778035845573 × 10^292 |
| 49 | ov_049 | 4.730554397473191 × 10^292 |
| 48 | ov_048 | 6.330129518851201 × 10^292 |
| 47 | ov_047 | 8.33171954896896 × 10^292 |
| 32 | lv_80_m31 | 1.0074635561015638 × 10^293 |
| 46 | ov_046 | 1.079872039270273 × 10^293 |
| 45 | ov_045 | 1.3798850207691683 × 10^293 |
| 44 | ov_044 | 1.7404207138820112 × 10^293 |
| 43 | ov_043 | 2.1691345357989486 × 10^293 |
| 42 | ov_042 | 2.6741373003121113 × 10^293 |
| 41 | ov_041 | 3.2640075906680424 × 10^293 |
| 40 | ov_040 | 3.943399175932706 × 10^293 |
| 39 | ov_039 | 4.721875737726627 × 10^293 |
| 31 | ov_031 | 5.1683557369479125 × 10^293 |
| 38 | ov_038 | 5.609525660914751 × 10^293 |
| 37 | ov_037 | 6.616989217074571 × 10^293 |
| 36 | ov_036 | 7.755490729398412 × 10^293 |
| 35 | ov_035 | 9.036876294611093 × 10^293 |
| 34 | ov_034 | 1.0473657670801677 × 10^294 |
| 33 | ov_033 | 1.2079062974285064 × 10^294 |
| 30 | ov_030 | 2.6508814564124644 × 10^294 |
| 29 | ov_029 | 8.674395712190968 × 10^294 |
| 28 | ov_028 | 2.2519912537736624 × 10^295 |
| 27 | ov_027 | 5.034574870199212 × 10^295 |
| 26 | ov_026 | 1.0069654948760716 × 10^296 |
| 25 | ov_025 | 1.8450331554715984 × 10^296 |
| 24 | ov_024 | 3.2601450596067857 × 10^296 |
| 23 | ov_023 | 5.5425179441876865 × 10^296 |
| 22 | ov_022 | 9.030110871318238 × 10^296 |
| 21 | ov_021 | 1.410864685694866 × 10^297 |
| 20 | ov_020 | 2.1211652345176413 × 10^297 |
| 19 | ov_019 | 3.0820521705627606 × 10^297 |
| 18 | ov_018 | 4.346461526178337 × 10^297 |
| 17 | ov_017 | 5.9721401033390434 × 10^297 |
| 16 | ov_016 | 8.021665363866988 × 10^297 |
| 15 | ov_015 | 1.0562473044874811 × 10^298 |
| 14 | ov_014 | 1.3666895236325668 × 10^298 |
| 13 | ov_013 | 1.7412212130960622 × 10^298 |
| 12 | ov_012 | 2.188072099288282 × 10^298 |
| 11 | ov_011 | 2.715982622780032 × 10^298 |
| 10 | ov_010 | 3.334215477565277 × 10^298 |
| 9 | ov_009 | 4.052570138555677 × 10^298 |
| 8 | ov_008 | 4.881400867435361 × 10^298 |
| 7 | ov_007 | 5.831638721438743 × 10^298 |
| 6 | ov_006 | 6.914818124456786 × 10^298 |
| 5 | ov_005 | 8.143108595261745 × 10^298 |
| 4 | ov_004 | 9.529352263728461 × 10^298 |
| 3 | ov_003 | 1.1087107798833472 × 10^299 |
| 2 | ov_002 | 1.2830701322155405 × 10^299 |
| 1 | ov_001 | 1.4775284920078156 × 10^299 |

