# Results for F001-F002-F003-F004-F005-F006-F007-F008-F009-F010-F011-F012-F013-F014-F015-F016-F017-F018-F019-F020-F021-F022-F023-F024-F025-F026-F027-F028-F029-F030-F031-F032-F033-F034-F035-F036-F037-F038-F039-F040-F041-F042-F043-F044-F045-F046-F047-F048-F049-F050-F051-F052-F053-F054-F055-F056-F057-F058-F059-F060-F061-F062-F063-F064-F065-F066-F067-F068-F069-F070-F071-F072-F073-F074-F075-F076-F077-F078-F079-F080-F081-F082-F083-F084-F085-F086-F087-F088-F089-F090-F091-F092-F093-F094-F095-F096-F097-F098-F099-F100-F101-F102-F103-F104-F105-F106-F107-F108-F109-F110-F111-F112-F113-F114-F115-F116-F117-F118-F119-F120-F121-F122-F123-F124-F125-F126-F127-F128-F129-F130-F131-F132-F133-F134-F135-F136-F137-F138-F139-F140-F141-F142-F143-F144-F145-F146-F147-F148-F149-F150-F151-F152-F153-F154-F155-F156-F157-F158-F159-F160-F161-F162-F163-F164-F165-F166-F167-F168-F169-F170-F171-F172-F173-F174-F175-F176-F177-F178-F179-F180-F181-F182-F183-F184-F185-F186-F187-F188-F189-F190-F191-F192-F193-F194-F195-F196-F197-F198-F199-F200-F201-F202-F203-F204-F205-F206-F207-F208-F209-F210-F211-F212-F213-F214-F215-F216-F217-F218-F219-F220-F221-F222-F223-F224-F225-F226-F227-F228-F229-F230-F231-F232-F233-F234-F235-F236-F237-F238-F239-F240-F241-F242-F243-F244-F245-F246-F247-F248-F249-F250-F251-F252-F253-F254-F255-F256-F257-F258-F259-F260-F261-F262-F263-F264-F265-F266-F267-F268-F269-F270-F271-F272-F273-F274-F275-F276-F277-F278-F279-F280-F281-F282-F283-F284-F285-F286-F287-F288-F289-F290-F291-F292-F293-F294-F295-F296-F297-F298-F299-F300-F301-F302-F303-F304-F305-F306-F307-F308-F309-F310-F311-F312-F313-F314-F315-F316-F317-F318-F319-F320-F321-F322-F323-F324-F325-F326-F327-F328-F329-F330-F331-F332-F333-F334-F335-F336-F337-F338-F339-F340-F341-F342-F343-F344-F345-F346-F347-F348-F349-F350-F351-F352-F353-F354-F355-F356-F357-F358-F359-F360-F361-F362-F363-F364-F365-F366-F367-F368-F369-F370-F371-F372-F373-F374-F375-F376-F377-F378-F379-F380-F381-F382-F383-F384-F385-F386-F387-F388-F389-F390-F391-F392-F393-F394-F395-F396-F397-F398-F399-F400-F401-F402-F403-F404-F405-F406-F407-F408-F409-F410-F411-F412-F413-F414-F415-F416-F417-F418-F419-F420-F421-F422-F423-F424-F425-F426-F427-F428-F429-F430-F431-F432-F433-F434-F435-F436-F437-F438-F439-F440-F441-F442-F443-F444-F445-F446-F447-F448-F449-F450-F451-F452-F453-F454-F455-F456-F457-F458-F459-F460-F461-F462-F463-F464-F465-F466-F467-F468-F469-F470-F471-F472-F473-F474-F475-F476-F477-F478-F479-F480-F481-F482-F483-F484-F485-F486-F487-F488-F489-F490-F491-F492-F493-F494-F495-F496-E501505-F509-F510-F512

## Summary

Number of input bits: 512  
Number of free input bits: 12  
Number of output bits: 160

Number of direct occurrences: 48840  
Number of assignments: 31530  
Number of operations: 11156514
(xor: 11128188,
and: 14900,
or: 13426)

Total complexity: 1.656616078412223 × 10^300

Least occurring input variable: iv_502 (3895)  
Most occurring input variable: iv_511 (4310)

Most co-occurring input variables: iv_500-iv_511 (2081)  
Least co-occurring input variables: iv_498-iv_502 (1768)

Potentially most occurring input variable: iv_501/iv_508 (4523)  
Potentially least occurring input variable: iv_499/iv_504 (4157)

Least output occurring input variable: iv_501 (73)  
Most output occurring input variable: iv_497 (93)

Most output co-occurring input variables: iv_497-iv_502 (52)  
Least output co-occurring input variables: iv_499-iv_501 (32)

Potentially most output occurring input variable: iv_497/iv_500 (91)  
Potentially least output occurring input variable: iv_497/iv_504 (71)

Least complex input bit: iv_511 (2.3896233426849953 × 10^296)  
Most complex input bit: iv_501 (4.057450349437711 × 10^299)

Least complex output bit: aaa_76_29 (3.171235916565201 × 10^275)  
Most complex output bit: ov_001 (2.5898517270330204 × 10^299)

Least complex input/output complexity: iv_511/aaa_76_29 (4.574420995991062 × 10^271)  
Most complex input/output complexity: iv_501/ov_001 (6.343168421323981 × 10^298)

## Input Bits

### Input Bits in Regular Order

| Input Bit | Complexity | Occurrences | Output Occurrences |
|:---------:|:----------:|:-----------:|:------------------:|
| iv_497 | 5.809188251964017 × 10^297 | 4144 | 93 |
| iv_498 | 1.1630945742993909 × 10^298 | 3944 | 88 |
| iv_499 | 2.0559960428000113 × 10^298 | 3956 | 81 |
| iv_500 | 3.4671402415393147 × 10^298 | 4124 | 76 |
| iv_501 | 4.057450349437711 × 10^299 | 4103 | 73 |
| iv_502 | 9.257082840234621 × 10^298 | 3895 | 82 |
| iv_503 | 1.468122550690739 × 10^299 | 4057 | 79 |
| iv_504 | 2.2824313578445043 × 10^299 | 3937 | 78 |
| iv_506 | 1.744865086516722 × 10^299 | 3976 | 82 |
| iv_507 | 2.4820529927171767 × 10^299 | 4190 | 76 |
| iv_508 | 2.8764255711657154 × 10^299 | 4204 | 81 |
| iv_511 | 2.3896233426849953 × 10^296 | 4310 | 80 |

### Input Bits Sorted by Complexity

| Input Bit | Complexity | Occurrences | Output Occurrences |
|:---------:|:----------:|:-----------:|:------------------:|
| iv_511 | 2.3896233426849953 × 10^296 | 4310 | 80 |
| iv_497 | 5.809188251964017 × 10^297 | 4144 | 93 |
| iv_498 | 1.1630945742993909 × 10^298 | 3944 | 88 |
| iv_499 | 2.0559960428000113 × 10^298 | 3956 | 81 |
| iv_500 | 3.4671402415393147 × 10^298 | 4124 | 76 |
| iv_502 | 9.257082840234621 × 10^298 | 3895 | 82 |
| iv_503 | 1.468122550690739 × 10^299 | 4057 | 79 |
| iv_506 | 1.744865086516722 × 10^299 | 3976 | 82 |
| iv_504 | 2.2824313578445043 × 10^299 | 3937 | 78 |
| iv_507 | 2.4820529927171767 × 10^299 | 4190 | 76 |
| iv_508 | 2.8764255711657154 × 10^299 | 4204 | 81 |
| iv_501 | 4.057450349437711 × 10^299 | 4103 | 73 |

### Input Bits Sorted by Occurrences

| Input Bit | Complexity | Occurrences | Output Occurrences |
|:---------:|:----------:|:-----------:|:------------------:|
| iv_502 | 9.257082840234621 × 10^298 | 3895 | 82 |
| iv_504 | 2.2824313578445043 × 10^299 | 3937 | 78 |
| iv_498 | 1.1630945742993909 × 10^298 | 3944 | 88 |
| iv_499 | 2.0559960428000113 × 10^298 | 3956 | 81 |
| iv_506 | 1.744865086516722 × 10^299 | 3976 | 82 |
| iv_503 | 1.468122550690739 × 10^299 | 4057 | 79 |
| iv_501 | 4.057450349437711 × 10^299 | 4103 | 73 |
| iv_500 | 3.4671402415393147 × 10^298 | 4124 | 76 |
| iv_497 | 5.809188251964017 × 10^297 | 4144 | 93 |
| iv_507 | 2.4820529927171767 × 10^299 | 4190 | 76 |
| iv_508 | 2.8764255711657154 × 10^299 | 4204 | 81 |
| iv_511 | 2.3896233426849953 × 10^296 | 4310 | 80 |

### Input Bits Sorted by Output Occurrences

| Input Bit | Complexity | Occurrences | Output Occurrences |
|:---------:|:----------:|:-----------:|:------------------:|
| iv_501 | 4.057450349437711 × 10^299 | 4103 | 73 |
| iv_500 | 3.4671402415393147 × 10^298 | 4124 | 76 |
| iv_507 | 2.4820529927171767 × 10^299 | 4190 | 76 |
| iv_504 | 2.2824313578445043 × 10^299 | 3937 | 78 |
| iv_503 | 1.468122550690739 × 10^299 | 4057 | 79 |
| iv_511 | 2.3896233426849953 × 10^296 | 4310 | 80 |
| iv_499 | 2.0559960428000113 × 10^298 | 3956 | 81 |
| iv_508 | 2.8764255711657154 × 10^299 | 4204 | 81 |
| iv_502 | 9.257082840234621 × 10^298 | 3895 | 82 |
| iv_506 | 1.744865086516722 × 10^299 | 3976 | 82 |
| iv_498 | 1.1630945742993909 × 10^298 | 3944 | 88 |
| iv_497 | 5.809188251964017 × 10^297 | 4144 | 93 |

## Input Bit Co-occurrences

### Input Bit Co-occurrences Sorted by Co-occurrences

| Input Bits | Co-occurrences | Potential Occurrences | Output Co-occurrences | Potential Output Occurrences |
|:----------:|:--------------:|:---------------------:|:---------------------:|:----------------------------:|
| iv_500-iv_511 | 2081 | 4272 | 38 | 80 |
| iv_507-iv_508 | 2053 | 4288 | 43 | 71 |
| iv_497-iv_507 | 2050 | 4234 | 44 | 81 |
| iv_503-iv_511 | 2029 | 4309 | 41 | 77 |
| iv_507-iv_511 | 2015 | 4470 | 39 | 78 |
| iv_497-iv_511 | 2010 | 4434 | 47 | 79 |
| iv_508-iv_511 | 2005 | 4504 | 40 | 81 |
| iv_506-iv_507 | 1997 | 4172 | 39 | 80 |
| iv_501-iv_511 | 1996 | 4421 | 37 | 79 |
| iv_500-iv_507 | 1991 | 4332 | 35 | 82 |
| iv_500-iv_508 | 1991 | 4346 | 36 | 85 |
| iv_500-iv_503 | 1989 | 4203 | 41 | 73 |

### Input Bit Co-occurrences Sorted by Potential Occurrences

| Input Bits | Co-occurrences | Potential Occurrences | Output Co-occurrences | Potential Output Occurrences |
|:----------:|:--------------:|:---------------------:|:---------------------:|:----------------------------:|
| iv_499-iv_504 | 1868 | 4157 | 38 | 83 |
| iv_504-iv_506 | 1878 | 4157 | 42 | 76 |
| iv_506-iv_507 | 1997 | 4172 | 39 | 80 |
| iv_498-iv_504 | 1846 | 4189 | 46 | 74 |
| iv_500-iv_503 | 1989 | 4203 | 41 | 73 |
| iv_499-iv_503 | 1902 | 4209 | 44 | 72 |
| iv_497-iv_506 | 1955 | 4210 | 51 | 73 |
| iv_502-iv_504 | 1809 | 4214 | 42 | 76 |
| iv_501-iv_504 | 1910 | 4220 | 34 | 83 |
| iv_498-iv_506 | 1850 | 4220 | 41 | 88 |
| iv_497-iv_504 | 1929 | 4223 | 50 | 71 |
| iv_499-iv_508 | 1968 | 4224 | 43 | 76 |

### Input Bit Output Co-occurrences Sorted by Output Co-occurrences

| Input Bits | Co-occurrences | Potential Occurrences | Output Co-occurrences | Potential Output Occurrences |
|:----------:|:--------------:|:---------------------:|:---------------------:|:----------------------------:|
| iv_497-iv_502 | 1905 | 4229 | 52 | 71 |
| iv_497-iv_506 | 1955 | 4210 | 51 | 73 |
| iv_497-iv_504 | 1929 | 4223 | 50 | 71 |
| iv_497-iv_498 | 1893 | 4302 | 50 | 81 |
| iv_498-iv_499 | 1833 | 4234 | 48 | 73 |
| iv_497-iv_503 | 1948 | 4305 | 48 | 76 |
| iv_497-iv_511 | 2010 | 4434 | 47 | 79 |
| iv_498-iv_502 | 1768 | 4303 | 46 | 78 |
| iv_498-iv_504 | 1846 | 4189 | 46 | 74 |
| iv_497-iv_508 | 1963 | 4422 | 46 | 82 |
| iv_498-iv_503 | 1838 | 4325 | 45 | 77 |
| iv_502-iv_511 | 1924 | 4357 | 45 | 72 |

### Input Bit Output Co-occurrences Sorted by Potential Output Occurrences

| Input Bits | Co-occurrences | Potential Occurrences | Output Co-occurrences | Potential Output Occurrences |
|:----------:|:--------------:|:---------------------:|:---------------------:|:----------------------------:|
| iv_497-iv_504 | 1929 | 4223 | 50 | 71 |
| iv_497-iv_502 | 1905 | 4229 | 52 | 71 |
| iv_507-iv_508 | 2053 | 4288 | 43 | 71 |
| iv_499-iv_503 | 1902 | 4209 | 44 | 72 |
| iv_502-iv_511 | 1924 | 4357 | 45 | 72 |
| iv_498-iv_499 | 1833 | 4234 | 48 | 73 |
| iv_499-iv_500 | 1899 | 4282 | 42 | 73 |
| iv_500-iv_503 | 1989 | 4203 | 41 | 73 |
| iv_503-iv_504 | 1858 | 4278 | 42 | 73 |
| iv_503-iv_506 | 1832 | 4369 | 44 | 73 |
| iv_497-iv_506 | 1955 | 4210 | 51 | 73 |
| iv_498-iv_504 | 1846 | 4189 | 46 | 74 |

## Output Bits

### Output Bits in Regular Order

| Rank | Output Bit | Complexity |
|:----:|:----------:|:----------:|
| 1 | ov_001 | 2.5898517270330204 × 10^299 |
| 2 | ov_002 | 2.2536182123556124 × 10^299 |
| 3 | ov_003 | 1.9517502692127965 × 10^299 |
| 4 | ov_004 | 1.6816717897160459 × 10^299 |
| 5 | ov_005 | 1.4409478245747643 × 10^299 |
| 6 | ov_006 | 1.2272745311448718 × 10^299 |
| 7 | ov_007 | 1.038470401419731 × 10^299 |
| 8 | ov_008 | 8.724686876797475 × 10^298 |
| 9 | ov_009 | 7.273109342438262 × 10^298 |
| 10 | ov_010 | 6.011415070232473 × 10^298 |
| 11 | ov_011 | 4.92203011376862 × 10^298 |
| 12 | ov_012 | 3.9883249505948037 × 10^298 |
| 13 | ov_013 | 3.1945833922064 × 10^298 |
| 14 | ov_014 | 2.525977464766471 × 10^298 |
| 15 | ov_015 | 1.9685474106825555 × 10^298 |
| 16 | ov_016 | 1.5091860204877474 × 10^298 |
| 17 | ov_017 | 1.1356265633811989 × 10^298 |
| 18 | ov_018 | 8.364336433932532 × 10^297 |
| 19 | ov_019 | 6.009963665456399 × 10^297 |
| 20 | ov_020 | 4.19523290148218 × 10^297 |
| 21 | ov_021 | 2.8303876243118438 × 10^297 |
| 22 | ov_022 | 1.8338036658409275 × 10^297 |
| 23 | ov_023 | 1.1319720298123752 × 10^297 |
| 24 | ov_024 | 6.594877241761539 × 10^296 |
| 25 | ov_025 | 3.5904292700296322 × 10^296 |
| 26 | ov_026 | 1.814232424880903 × 10^296 |
| 27 | ov_027 | 8.550593918814557 × 10^295 |
| 28 | ov_028 | 3.8259255288229213 × 10^295 |
| 29 | ov_029 | 1.4742174945658617 × 10^295 |
| 30 | ov_030 | 4.506865115906939 × 10^294 |
| 31 | ov_031 | 8.79098150055125 × 10^293 |
| 32 | lv_80_m31 | 1.714470766924965 × 10^293 |
| 33 | ov_033 | 2.0641690234602304 × 10^294 |
| 34 | ov_034 | 1.792434027708246 × 10^294 |
| 35 | ov_035 | 1.5491008343278292 × 10^294 |
| 36 | ov_036 | 1.3318676919833734 × 10^294 |
| 37 | ov_037 | 1.1385578487516417 × 10^294 |
| 38 | ov_038 | 9.671107720455362 × 10^293 |
| 39 | ov_039 | 8.155745375320014 × 10^293 |
| 40 | ov_040 | 6.820992746399359 × 10^293 |
| 41 | ov_041 | 5.6493156310937305 × 10^293 |
| 42 | ov_042 | 4.632181612026078 × 10^293 |
| 43 | ov_043 | 3.761505892498195 × 10^293 |
| 44 | ov_044 | 3.022392187390361 × 10^293 |
| 45 | ov_045 | 2.4007607828526707 × 10^293 |
| 46 | ov_046 | 1.883326394890327 × 10^293 |
| 47 | ov_047 | 1.457580474007214 × 10^293 |
| 48 | ov_048 | 1.1117773025254681 × 10^293 |
| 49 | ov_049 | 8.349232816355892 × 10^292 |
| 50 | ov_050 | 6.167688547373617 × 10^292 |
| 51 | ov_051 | 4.4780256241198954 × 10^292 |
| 52 | ov_052 | 3.192467725988457 × 10^292 |
| 53 | ov_053 | 2.2305469698628618 × 10^292 |
| 54 | ov_054 | 1.5190839138929806 × 10^292 |
| 55 | ov_055 | 9.921748527806949 × 10^291 |
| 56 | ov_056 | 6.186856572786775 × 10^291 |
| 57 | ov_057 | 3.711147146664238 × 10^291 |
| 58 | ov_058 | 2.0535033804591517 × 10^291 |
| 59 | ov_059 | 1.0115163902479027 × 10^291 |
| 60 | ov_060 | 4.1907219800007205 × 10^290 |
| 61 | ov_061 | 1.463501848853505 × 10^290 |
| 62 | ov_062 | 4.0137997041524686 × 10^289 |
| 63 | ov_063 | 7.821478577301888 × 10^288 |
| 64 | lv_79_m31 | 1.5238150481421636 × 10^288 |
| 65 | ov_065 | 1.8270212652640039 × 10^289 |
| 66 | ov_066 | 1.8270156962137114 × 10^289 |
| 67 | ov_067 | 1.8270143332625518 × 10^289 |
| 68 | ov_068 | 1.582026298711106 × 10^289 |
| 69 | ov_069 | 1.3632265719093665 × 10^289 |
| 70 | ov_070 | 1.1685056541646487 × 10^289 |
| 71 | ov_071 | 9.958838162056557 × 10^288 |
| 72 | ov_072 | 8.435023112123303 × 10^288 |
| 73 | ov_073 | 7.096153653243061 × 10^288 |
| 74 | ov_074 | 5.925829043617234 × 10^288 |
| 75 | ov_075 | 4.9086397709321305 × 10^288 |
| 76 | ov_076 | 4.030108367054867 × 10^288 |
| 77 | ov_077 | 3.276636432026312 × 10^288 |
| 78 | ov_078 | 2.6354575032412617 × 10^288 |
| 79 | ov_079 | 2.094595412496553 × 10^288 |
| 80 | ov_080 | 1.642827778845388 × 10^288 |
| 81 | ov_081 | 1.2696542891842007 × 10^288 |
| 82 | ov_082 | 9.65269421456932 × 10^287 |
| 83 | ov_083 | 7.205392675060792 × 10^287 |
| 84 | ov_084 | 5.269821141134007 × 10^287 |
| 85 | ov_085 | 3.767524418045442 × 10^287 |
| 86 | ov_086 | 2.626280016659281 × 10^287 |
| 87 | ov_087 | 1.779996308467235 × 10^287 |
| 88 | ov_088 | 1.168634676776402 × 10^287 |
| 89 | ov_089 | 7.381522748816504 × 10^286 |
| 90 | ov_090 | 4.40462002836021 × 10^286 |
| 91 | ov_091 | 2.5300521473540797 × 10^286 |
| 92 | ov_092 | 1.395381974596726 × 10^286 |
| 93 | ov_093 | 6.972262879762351 × 10^285 |
| 94 | ov_094 | 2.986499973744823 × 10^285 |
| 95 | aaa_78_28 | 9.221968754420943 × 10^284 |
| 96 | aaa_78_29 | 2.8320835276287902 × 10^284 |
| 97 | ov_097 | 1.8698181469884366 × 10^284 |
| 98 | ov_098 | 1.8697620865265577 × 10^284 |
| 99 | ov_099 | 1.8697441726738742 × 10^284 |
| 100 | ov_100 | 1.6823894526673402 × 10^284 |
| 101 | ov_101 | 1.5088919102521113 × 10^284 |
| 102 | ov_102 | 1.3484875457867064 × 10^284 |
| 103 | ov_103 | 1.2004678650317752 × 10^284 |
| 104 | ov_104 | 1.0641727489188295 × 10^284 |
| 105 | ov_105 | 9.389839690353682 × 10^283 |
| 106 | ov_106 | 8.243193151645477 × 10^283 |
| 107 | ov_107 | 7.196273024673302 × 10^283 |
| 108 | ov_108 | 6.243824269084501 × 10^283 |
| 109 | ov_109 | 5.380809383366545 × 10^283 |
| 110 | ov_110 | 4.602371012626862 × 10^283 |
| 111 | ov_111 | 3.9037991386255233 × 10^283 |
| 112 | ov_112 | 3.2805025609385605 × 10^283 |
| 113 | ov_113 | 2.7279843807246733 × 10^283 |
| 114 | ov_114 | 2.2418212003669347 × 10^283 |
| 115 | ov_115 | 1.8176457534547865 × 10^283 |
| 116 | ov_116 | 1.4511326803295112 × 10^283 |
| 117 | ov_117 | 1.1379871648795192 × 10^283 |
| 118 | ov_118 | 8.739361485456703 × 10^282 |
| 119 | ov_119 | 6.547216042021009 × 10^282 |
| 120 | ov_120 | 4.7609535266633275 × 10^282 |
| 121 | ov_121 | 3.3381537154541504 × 10^282 |
| 122 | ov_122 | 2.2364341909007513 × 10^282 |
| 123 | ov_123 | 1.4134347069055794 × 10^282 |
| 124 | ov_124 | 8.268066363847942 × 10^281 |
| 125 | ov_125 | 4.3420642986274925 × 10^281 |
| 126 | ov_126 | 1.9329227638419113 × 10^281 |
| 127 | aaa_77_28 | 6.17228207816455 × 10^280 |
| 128 | aaa_77_29 | 2.3139807522292542 × 10^280 |
| 129 | ov_129 | 2.1515915749618593 × 10^280 |
| 130 | ov_130 | 2.1515853956668827 × 10^280 |
| 131 | ov_131 | 2.1515839007532843 × 10^280 |
| 132 | ov_132 | 1.867263866032058 × 10^280 |
| 133 | ov_133 | 1.6124612852462047 × 10^280 |
| 134 | ov_134 | 1.3849495197405523 × 10^280 |
| 135 | ov_135 | 1.1826219546594596 × 10^280 |
| 136 | ov_136 | 1.0034834278102073 × 10^280 |
| 137 | ov_137 | 8.456428256528515 × 10^279 |
| 138 | ov_138 | 7.073067365377985 × 10^279 |
| 139 | ov_139 | 5.867740569623107 × 10^279 |
| 140 | ov_140 | 4.824314520942833 × 10^279 |
| 141 | ov_141 | 3.9274957715329194 × 10^279 |
| 142 | ov_142 | 3.162799714767393 × 10^279 |
| 143 | ov_143 | 2.5165254225928162 × 10^279 |
| 144 | ov_144 | 1.9757356005803035 × 10^279 |
| 145 | ov_145 | 1.5282409322120092 × 10^279 |
| 146 | ov_146 | 1.1625881343669121 × 10^279 |
| 147 | ov_147 | 8.680510961867315 × 10^278 |
| 148 | ov_148 | 6.346245236087035 × 10^278 |
| 149 | ov_149 | 4.530195618883598 × 10^278 |
| 150 | ov_150 | 3.1466091842765917 × 10^278 |
| 151 | ov_151 | 2.116850581874548 × 10^278 |
| 152 | ov_152 | 1.3693911127760757 × 10^278 |
| 153 | ov_153 | 8.398023123924075 × 10^277 |
| 154 | ov_154 | 4.707523208774234 × 10^277 |
| 155 | ov_155 | 2.353490284992642 × 10^277 |
| 156 | aaa_76_25 | 9.044860822913136 × 10^276 |
| 157 | aaa_76_26 | 5.224915266986714 × 10^276 |
| 158 | aaa_76_27 | 2.6755837513178846 × 10^276 |
| 159 | aaa_76_28 | 1.0422464742218316 × 10^276 |
| 160 | aaa_76_29 | 3.171235916565201 × 10^275 |

### Output Bits Sorted by Complexity

| Rank | Output Bit | Complexity |
|:----:|:----------:|:----------:|
| 160 | aaa_76_29 | 3.171235916565201 × 10^275 |
| 159 | aaa_76_28 | 1.0422464742218316 × 10^276 |
| 158 | aaa_76_27 | 2.6755837513178846 × 10^276 |
| 157 | aaa_76_26 | 5.224915266986714 × 10^276 |
| 156 | aaa_76_25 | 9.044860822913136 × 10^276 |
| 155 | ov_155 | 2.353490284992642 × 10^277 |
| 154 | ov_154 | 4.707523208774234 × 10^277 |
| 153 | ov_153 | 8.398023123924075 × 10^277 |
| 152 | ov_152 | 1.3693911127760757 × 10^278 |
| 151 | ov_151 | 2.116850581874548 × 10^278 |
| 150 | ov_150 | 3.1466091842765917 × 10^278 |
| 149 | ov_149 | 4.530195618883598 × 10^278 |
| 148 | ov_148 | 6.346245236087035 × 10^278 |
| 147 | ov_147 | 8.680510961867315 × 10^278 |
| 146 | ov_146 | 1.1625881343669121 × 10^279 |
| 145 | ov_145 | 1.5282409322120092 × 10^279 |
| 144 | ov_144 | 1.9757356005803035 × 10^279 |
| 143 | ov_143 | 2.5165254225928162 × 10^279 |
| 142 | ov_142 | 3.162799714767393 × 10^279 |
| 141 | ov_141 | 3.9274957715329194 × 10^279 |
| 140 | ov_140 | 4.824314520942833 × 10^279 |
| 139 | ov_139 | 5.867740569623107 × 10^279 |
| 138 | ov_138 | 7.073067365377985 × 10^279 |
| 137 | ov_137 | 8.456428256528515 × 10^279 |
| 136 | ov_136 | 1.0034834278102073 × 10^280 |
| 135 | ov_135 | 1.1826219546594596 × 10^280 |
| 134 | ov_134 | 1.3849495197405523 × 10^280 |
| 133 | ov_133 | 1.6124612852462047 × 10^280 |
| 132 | ov_132 | 1.867263866032058 × 10^280 |
| 131 | ov_131 | 2.1515839007532843 × 10^280 |
| 130 | ov_130 | 2.1515853956668827 × 10^280 |
| 129 | ov_129 | 2.1515915749618593 × 10^280 |
| 128 | aaa_77_29 | 2.3139807522292542 × 10^280 |
| 127 | aaa_77_28 | 6.17228207816455 × 10^280 |
| 126 | ov_126 | 1.9329227638419113 × 10^281 |
| 125 | ov_125 | 4.3420642986274925 × 10^281 |
| 124 | ov_124 | 8.268066363847942 × 10^281 |
| 123 | ov_123 | 1.4134347069055794 × 10^282 |
| 122 | ov_122 | 2.2364341909007513 × 10^282 |
| 121 | ov_121 | 3.3381537154541504 × 10^282 |
| 120 | ov_120 | 4.7609535266633275 × 10^282 |
| 119 | ov_119 | 6.547216042021009 × 10^282 |
| 118 | ov_118 | 8.739361485456703 × 10^282 |
| 117 | ov_117 | 1.1379871648795192 × 10^283 |
| 116 | ov_116 | 1.4511326803295112 × 10^283 |
| 115 | ov_115 | 1.8176457534547865 × 10^283 |
| 114 | ov_114 | 2.2418212003669347 × 10^283 |
| 113 | ov_113 | 2.7279843807246733 × 10^283 |
| 112 | ov_112 | 3.2805025609385605 × 10^283 |
| 111 | ov_111 | 3.9037991386255233 × 10^283 |
| 110 | ov_110 | 4.602371012626862 × 10^283 |
| 109 | ov_109 | 5.380809383366545 × 10^283 |
| 108 | ov_108 | 6.243824269084501 × 10^283 |
| 107 | ov_107 | 7.196273024673302 × 10^283 |
| 106 | ov_106 | 8.243193151645477 × 10^283 |
| 105 | ov_105 | 9.389839690353682 × 10^283 |
| 104 | ov_104 | 1.0641727489188295 × 10^284 |
| 103 | ov_103 | 1.2004678650317752 × 10^284 |
| 102 | ov_102 | 1.3484875457867064 × 10^284 |
| 101 | ov_101 | 1.5088919102521113 × 10^284 |
| 100 | ov_100 | 1.6823894526673402 × 10^284 |
| 99 | ov_099 | 1.8697441726738742 × 10^284 |
| 98 | ov_098 | 1.8697620865265577 × 10^284 |
| 97 | ov_097 | 1.8698181469884366 × 10^284 |
| 96 | aaa_78_29 | 2.8320835276287902 × 10^284 |
| 95 | aaa_78_28 | 9.221968754420943 × 10^284 |
| 94 | ov_094 | 2.986499973744823 × 10^285 |
| 93 | ov_093 | 6.972262879762351 × 10^285 |
| 92 | ov_092 | 1.395381974596726 × 10^286 |
| 91 | ov_091 | 2.5300521473540797 × 10^286 |
| 90 | ov_090 | 4.40462002836021 × 10^286 |
| 89 | ov_089 | 7.381522748816504 × 10^286 |
| 88 | ov_088 | 1.168634676776402 × 10^287 |
| 87 | ov_087 | 1.779996308467235 × 10^287 |
| 86 | ov_086 | 2.626280016659281 × 10^287 |
| 85 | ov_085 | 3.767524418045442 × 10^287 |
| 84 | ov_084 | 5.269821141134007 × 10^287 |
| 83 | ov_083 | 7.205392675060792 × 10^287 |
| 82 | ov_082 | 9.65269421456932 × 10^287 |
| 81 | ov_081 | 1.2696542891842007 × 10^288 |
| 64 | lv_79_m31 | 1.5238150481421636 × 10^288 |
| 80 | ov_080 | 1.642827778845388 × 10^288 |
| 79 | ov_079 | 2.094595412496553 × 10^288 |
| 78 | ov_078 | 2.6354575032412617 × 10^288 |
| 77 | ov_077 | 3.276636432026312 × 10^288 |
| 76 | ov_076 | 4.030108367054867 × 10^288 |
| 75 | ov_075 | 4.9086397709321305 × 10^288 |
| 74 | ov_074 | 5.925829043617234 × 10^288 |
| 73 | ov_073 | 7.096153653243061 × 10^288 |
| 63 | ov_063 | 7.821478577301888 × 10^288 |
| 72 | ov_072 | 8.435023112123303 × 10^288 |
| 71 | ov_071 | 9.958838162056557 × 10^288 |
| 70 | ov_070 | 1.1685056541646487 × 10^289 |
| 69 | ov_069 | 1.3632265719093665 × 10^289 |
| 68 | ov_068 | 1.582026298711106 × 10^289 |
| 67 | ov_067 | 1.8270143332625518 × 10^289 |
| 66 | ov_066 | 1.8270156962137114 × 10^289 |
| 65 | ov_065 | 1.8270212652640039 × 10^289 |
| 62 | ov_062 | 4.0137997041524686 × 10^289 |
| 61 | ov_061 | 1.463501848853505 × 10^290 |
| 60 | ov_060 | 4.1907219800007205 × 10^290 |
| 59 | ov_059 | 1.0115163902479027 × 10^291 |
| 58 | ov_058 | 2.0535033804591517 × 10^291 |
| 57 | ov_057 | 3.711147146664238 × 10^291 |
| 56 | ov_056 | 6.186856572786775 × 10^291 |
| 55 | ov_055 | 9.921748527806949 × 10^291 |
| 54 | ov_054 | 1.5190839138929806 × 10^292 |
| 53 | ov_053 | 2.2305469698628618 × 10^292 |
| 52 | ov_052 | 3.192467725988457 × 10^292 |
| 51 | ov_051 | 4.4780256241198954 × 10^292 |
| 50 | ov_050 | 6.167688547373617 × 10^292 |
| 49 | ov_049 | 8.349232816355892 × 10^292 |
| 48 | ov_048 | 1.1117773025254681 × 10^293 |
| 47 | ov_047 | 1.457580474007214 × 10^293 |
| 32 | lv_80_m31 | 1.714470766924965 × 10^293 |
| 46 | ov_046 | 1.883326394890327 × 10^293 |
| 45 | ov_045 | 2.4007607828526707 × 10^293 |
| 44 | ov_044 | 3.022392187390361 × 10^293 |
| 43 | ov_043 | 3.761505892498195 × 10^293 |
| 42 | ov_042 | 4.632181612026078 × 10^293 |
| 41 | ov_041 | 5.6493156310937305 × 10^293 |
| 40 | ov_040 | 6.820992746399359 × 10^293 |
| 39 | ov_039 | 8.155745375320014 × 10^293 |
| 31 | ov_031 | 8.79098150055125 × 10^293 |
| 38 | ov_038 | 9.671107720455362 × 10^293 |
| 37 | ov_037 | 1.1385578487516417 × 10^294 |
| 36 | ov_036 | 1.3318676919833734 × 10^294 |
| 35 | ov_035 | 1.5491008343278292 × 10^294 |
| 34 | ov_034 | 1.792434027708246 × 10^294 |
| 33 | ov_033 | 2.0641690234602304 × 10^294 |
| 30 | ov_030 | 4.506865115906939 × 10^294 |
| 29 | ov_029 | 1.4742174945658617 × 10^295 |
| 28 | ov_028 | 3.8259255288229213 × 10^295 |
| 27 | ov_027 | 8.550593918814557 × 10^295 |
| 26 | ov_026 | 1.814232424880903 × 10^296 |
| 25 | ov_025 | 3.5904292700296322 × 10^296 |
| 24 | ov_024 | 6.594877241761539 × 10^296 |
| 23 | ov_023 | 1.1319720298123752 × 10^297 |
| 22 | ov_022 | 1.8338036658409275 × 10^297 |
| 21 | ov_021 | 2.8303876243118438 × 10^297 |
| 20 | ov_020 | 4.19523290148218 × 10^297 |
| 19 | ov_019 | 6.009963665456399 × 10^297 |
| 18 | ov_018 | 8.364336433932532 × 10^297 |
| 17 | ov_017 | 1.1356265633811989 × 10^298 |
| 16 | ov_016 | 1.5091860204877474 × 10^298 |
| 15 | ov_015 | 1.9685474106825555 × 10^298 |
| 14 | ov_014 | 2.525977464766471 × 10^298 |
| 13 | ov_013 | 3.1945833922064 × 10^298 |
| 12 | ov_012 | 3.9883249505948037 × 10^298 |
| 11 | ov_011 | 4.92203011376862 × 10^298 |
| 10 | ov_010 | 6.011415070232473 × 10^298 |
| 9 | ov_009 | 7.273109342438262 × 10^298 |
| 8 | ov_008 | 8.724686876797475 × 10^298 |
| 7 | ov_007 | 1.038470401419731 × 10^299 |
| 6 | ov_006 | 1.2272745311448718 × 10^299 |
| 5 | ov_005 | 1.4409478245747643 × 10^299 |
| 4 | ov_004 | 1.6816717897160459 × 10^299 |
| 3 | ov_003 | 1.9517502692127965 × 10^299 |
| 2 | ov_002 | 2.2536182123556124 × 10^299 |
| 1 | ov_001 | 2.5898517270330204 × 10^299 |

