# Results for F001-F002-F003-F004-F005-F006-F007-F008-F009-F010-F011-F012-F013-F014-F015-F016-F017-F018-F019-F020-F021-F022-F023-F024-F025-F026-F027-F028-F029-F030-F031-F032-F033-F034-F035-F036-F037-F038-F039-F040-F041-F042-F043-F044-F045-F046-F047-F048-F049-F050-F051-F052-F053-F054-F055-F056-F057-F058-F059-F060-F061-F062-F063-F064-F065-F066-F067-F068-F069-F070-F071-F072-F073-F074-F075-F076-F077-F078-F079-F080-F081-F082-F083-F084-F085-F086-F087-F088-F089-F090-F091-F092-F093-F094-F095-F096-F097-F098-F099-F100-F101-F102-F103-F104-F105-F106-F107-F108-F109-F110-F111-F112-F113-F114-F115-F116-F117-F118-F119-F120-F121-F122-F123-F124-F125-F126-F127-F128-F129-F130-F131-F132-F133-F134-F135-F136-F137-F138-F139-F140-F141-F142-F143-F144-F145-F146-F147-F148-F149-F150-F151-F152-F153-F154-F155-F156-F157-F158-F159-F160-F161-F162-F163-F164-F165-F166-F167-F168-F169-F170-F171-F172-F173-F174-F175-F176-F177-F178-F179-F180-F181-F182-F183-F184-F185-F186-F187-F188-F189-F190-F191-F192-F193-F194-F195-F196-F197-F198-F199-F200-F201-F202-F203-F204-F205-F206-F207-F208-F209-F210-F211-F212-F213-F214-F215-F216-F217-F218-F219-F220-F221-F222-F223-F224-F225-F226-F227-F228-F229-F230-F231-F232-F233-F234-F235-F236-F237-F238-F239-F240-F241-F242-F243-F244-F245-F246-F247-F248-F249-F250-F251-F252-F253-F254-F255-F256-F257-F258-F259-F260-F261-F262-F263-F264-F265-F266-F267-F268-F269-F270-F271-F272-F273-F274-F275-F276-F277-F278-F279-F280-F281-F282-F283-F284-F285-F286-F287-F288-F289-F290-F291-F292-F293-F294-F295-F296-F297-F298-F299-F300-F301-F302-F303-F304-F305-F306-F307-F308-F309-F310-F311-F312-F313-F314-F315-F316-F317-F318-F319-F320-F321-F322-F323-F324-F325-F326-F327-F328-F329-F330-F331-F332-F333-F334-F335-F336-F337-F338-F339-F340-F341-F342-F343-F344-F345-F346-F347-F348-F349-F350-F351-F352-F353-F354-F355-F356-F357-F358-F359-F360-F361-F362-F363-F364-F365-F366-F367-F368-F369-F370-F371-F372-F373-F374-F375-F376-F377-F378-F379-F380-F381-F382-F383-F384-F385-F386-F387-F388-F389-F390-F391-F392-F393-F394-F395-F396-F397-F398-F399-F400-F401-F402-F403-F404-F405-F406-F407-F408-F409-F410-F411-F412-F413-F414-F415-F416-F417-F418-F419-F420-F421-F422-F423-F424-F425-F426-F427-F428-F429-F430-F431-F432-F433-F434-F435-F436-F437-F438-F439-F440-F441-F442-F443-F444-F445-F446-F447-F448-F449-F450-F451-F452-F453-F454-F455-F456-F457-F458-F459-F460-F461-F462-F463-F464-F465-F466-F467-F468-F469-F470-F471-F472-F473-F474-F475-F476-F477-F478-F479-F480-F481-F482-F483-F484-F485-F486-F487-F488-F489-F490-F491-F492-F493-F494-F495-F496-E499504-E499505-F510-F512

## Summary

Number of input bits: 512  
Number of free input bits: 12  
Number of output bits: 160

Number of direct occurrences: 49430  
Number of assignments: 31671  
Number of operations: 11171001
(xor: 11142642,
and: 14846,
or: 13513)

Total complexity: 5.077824088191592 × 10^300

Least occurring input variable: iv_502 (3894)  
Most occurring input variable: iv_499 (4405)

Most co-occurring input variables: iv_499-iv_511 (2134)  
Least co-occurring input variables: iv_498-iv_502 (1769)

Potentially most occurring input variable: iv_499/iv_500 (4562)  
Potentially least occurring input variable: iv_506/iv_507 (4160)

Least output occurring input variable: iv_503 (72)  
Most output occurring input variable: iv_497 (93)

Most output co-occurring input variables: iv_497-iv_502 (52)  
Least output co-occurring input variables: iv_503-iv_508 (32)

Potentially most output occurring input variable: iv_498/iv_499 (92)  
Potentially least output occurring input variable: iv_499/iv_508 (68)

Least complex input bit: iv_511 (7.3064972778425524 × 10^296)  
Most complex input bit: iv_509 (9.938107569796531 × 10^299)

Least complex output bit: aaa_76_29 (9.2500961175766 × 10^275)  
Most complex output bit: ov_001 (7.93842086974686 × 10^299)

Least complex input/output complexity: iv_511/aaa_76_29 (1.3309992809720451 × 10^272)  
Most complex input/output complexity: iv_509/ov_001 (1.5536749435910215 × 10^299)

## Input Bits

### Input Bits in Regular Order

| Input Bit | Complexity | Occurrences | Output Occurrences |
|:---------:|:----------:|:-----------:|:------------------:|
| iv_497 | 1.6993835954614865 × 10^298 | 4141 | 93 |
| iv_498 | 3.387977917430788 × 10^298 | 3944 | 88 |
| iv_499 | 8.393582554534812 × 10^299 | 4405 | 90 |
| iv_500 | 1.0037144924348618 × 10^299 | 4121 | 76 |
| iv_501 | 1.6582167415734497 × 10^299 | 4091 | 83 |
| iv_502 | 2.6831576441688106 × 10^299 | 3894 | 82 |
| iv_503 | 4.264861840418121 × 10^299 | 4053 | 72 |
| iv_506 | 5.14476458056443 × 10^299 | 3966 | 82 |
| iv_507 | 7.3805524290309295 × 10^299 | 4182 | 76 |
| iv_508 | 9.795240380826885 × 10^299 | 4146 | 74 |
| iv_509 | 9.938107569796531 × 10^299 | 4223 | 87 |
| iv_511 | 7.3064972778425524 × 10^296 | 4264 | 80 |

### Input Bits Sorted by Complexity

| Input Bit | Complexity | Occurrences | Output Occurrences |
|:---------:|:----------:|:-----------:|:------------------:|
| iv_511 | 7.3064972778425524 × 10^296 | 4264 | 80 |
| iv_497 | 1.6993835954614865 × 10^298 | 4141 | 93 |
| iv_498 | 3.387977917430788 × 10^298 | 3944 | 88 |
| iv_500 | 1.0037144924348618 × 10^299 | 4121 | 76 |
| iv_501 | 1.6582167415734497 × 10^299 | 4091 | 83 |
| iv_502 | 2.6831576441688106 × 10^299 | 3894 | 82 |
| iv_503 | 4.264861840418121 × 10^299 | 4053 | 72 |
| iv_506 | 5.14476458056443 × 10^299 | 3966 | 82 |
| iv_507 | 7.3805524290309295 × 10^299 | 4182 | 76 |
| iv_499 | 8.393582554534812 × 10^299 | 4405 | 90 |
| iv_508 | 9.795240380826885 × 10^299 | 4146 | 74 |
| iv_509 | 9.938107569796531 × 10^299 | 4223 | 87 |

### Input Bits Sorted by Occurrences

| Input Bit | Complexity | Occurrences | Output Occurrences |
|:---------:|:----------:|:-----------:|:------------------:|
| iv_502 | 2.6831576441688106 × 10^299 | 3894 | 82 |
| iv_498 | 3.387977917430788 × 10^298 | 3944 | 88 |
| iv_506 | 5.14476458056443 × 10^299 | 3966 | 82 |
| iv_503 | 4.264861840418121 × 10^299 | 4053 | 72 |
| iv_501 | 1.6582167415734497 × 10^299 | 4091 | 83 |
| iv_500 | 1.0037144924348618 × 10^299 | 4121 | 76 |
| iv_497 | 1.6993835954614865 × 10^298 | 4141 | 93 |
| iv_508 | 9.795240380826885 × 10^299 | 4146 | 74 |
| iv_507 | 7.3805524290309295 × 10^299 | 4182 | 76 |
| iv_509 | 9.938107569796531 × 10^299 | 4223 | 87 |
| iv_511 | 7.3064972778425524 × 10^296 | 4264 | 80 |
| iv_499 | 8.393582554534812 × 10^299 | 4405 | 90 |

### Input Bits Sorted by Output Occurrences

| Input Bit | Complexity | Occurrences | Output Occurrences |
|:---------:|:----------:|:-----------:|:------------------:|
| iv_503 | 4.264861840418121 × 10^299 | 4053 | 72 |
| iv_508 | 9.795240380826885 × 10^299 | 4146 | 74 |
| iv_500 | 1.0037144924348618 × 10^299 | 4121 | 76 |
| iv_507 | 7.3805524290309295 × 10^299 | 4182 | 76 |
| iv_511 | 7.3064972778425524 × 10^296 | 4264 | 80 |
| iv_502 | 2.6831576441688106 × 10^299 | 3894 | 82 |
| iv_506 | 5.14476458056443 × 10^299 | 3966 | 82 |
| iv_501 | 1.6582167415734497 × 10^299 | 4091 | 83 |
| iv_509 | 9.938107569796531 × 10^299 | 4223 | 87 |
| iv_498 | 3.387977917430788 × 10^298 | 3944 | 88 |
| iv_499 | 8.393582554534812 × 10^299 | 4405 | 90 |
| iv_497 | 1.6993835954614865 × 10^298 | 4141 | 93 |

## Input Bit Co-occurrences

### Input Bit Co-occurrences Sorted by Co-occurrences

| Input Bits | Co-occurrences | Potential Occurrences | Output Co-occurrences | Potential Output Occurrences |
|:----------:|:--------------:|:---------------------:|:---------------------:|:----------------------------:|
| iv_499-iv_511 | 2134 | 4401 | 46 | 78 |
| iv_500-iv_511 | 2081 | 4223 | 38 | 80 |
| iv_508-iv_509 | 2076 | 4217 | 40 | 81 |
| iv_497-iv_499 | 2072 | 4402 | 48 | 87 |
| iv_507-iv_509 | 2063 | 4279 | 44 | 75 |
| iv_499-iv_508 | 2056 | 4439 | 48 | 68 |
| iv_499-iv_509 | 2054 | 4520 | 47 | 83 |
| iv_497-iv_507 | 2050 | 4223 | 44 | 81 |
| iv_499-iv_507 | 2038 | 4511 | 38 | 90 |
| iv_503-iv_511 | 2035 | 4247 | 35 | 82 |
| iv_501-iv_511 | 2034 | 4287 | 39 | 85 |
| iv_501-iv_509 | 2034 | 4246 | 49 | 72 |

### Input Bit Co-occurrences Sorted by Potential Occurrences

| Input Bits | Co-occurrences | Potential Occurrences | Output Co-occurrences | Potential Output Occurrences |
|:----------:|:--------------:|:---------------------:|:---------------------:|:----------------------------:|
| iv_506-iv_507 | 1994 | 4160 | 39 | 80 |
| iv_500-iv_503 | 1998 | 4178 | 35 | 78 |
| iv_503-iv_506 | 1912 | 4195 | 39 | 76 |
| iv_497-iv_506 | 1955 | 4197 | 51 | 73 |
| iv_498-iv_506 | 1850 | 4210 | 41 | 88 |
| iv_508-iv_509 | 2076 | 4217 | 40 | 81 |
| iv_497-iv_501 | 2006 | 4220 | 48 | 80 |
| iv_497-iv_507 | 2050 | 4223 | 44 | 81 |
| iv_500-iv_511 | 2081 | 4223 | 38 | 80 |
| iv_497-iv_502 | 1905 | 4225 | 52 | 71 |
| iv_500-iv_506 | 1931 | 4225 | 36 | 86 |
| iv_502-iv_506 | 1817 | 4226 | 44 | 76 |

### Input Bit Output Co-occurrences Sorted by Output Co-occurrences

| Input Bits | Co-occurrences | Potential Occurrences | Output Co-occurrences | Potential Output Occurrences |
|:----------:|:--------------:|:---------------------:|:---------------------:|:----------------------------:|
| iv_498-iv_509 | 1881 | 4405 | 52 | 71 |
| iv_497-iv_502 | 1905 | 4225 | 52 | 71 |
| iv_497-iv_506 | 1955 | 4197 | 51 | 73 |
| iv_497-iv_498 | 1893 | 4299 | 50 | 81 |
| iv_497-iv_509 | 2020 | 4324 | 50 | 80 |
| iv_501-iv_509 | 2034 | 4246 | 49 | 72 |
| iv_499-iv_502 | 1943 | 4413 | 48 | 76 |
| iv_499-iv_508 | 2056 | 4439 | 48 | 68 |
| iv_498-iv_501 | 1873 | 4289 | 48 | 75 |
| iv_497-iv_499 | 2072 | 4402 | 48 | 87 |
| iv_497-iv_501 | 2006 | 4220 | 48 | 80 |
| iv_499-iv_509 | 2054 | 4520 | 47 | 83 |

### Input Bit Output Co-occurrences Sorted by Potential Output Occurrences

| Input Bits | Co-occurrences | Potential Occurrences | Output Co-occurrences | Potential Output Occurrences |
|:----------:|:--------------:|:---------------------:|:---------------------:|:----------------------------:|
| iv_499-iv_508 | 2056 | 4439 | 48 | 68 |
| iv_498-iv_508 | 1878 | 4334 | 47 | 68 |
| iv_501-iv_508 | 1941 | 4355 | 43 | 71 |
| iv_503-iv_509 | 1920 | 4436 | 44 | 71 |
| iv_498-iv_509 | 1881 | 4405 | 52 | 71 |
| iv_497-iv_502 | 1905 | 4225 | 52 | 71 |
| iv_501-iv_509 | 2034 | 4246 | 49 | 72 |
| iv_502-iv_511 | 1924 | 4310 | 45 | 72 |
| iv_497-iv_506 | 1955 | 4197 | 51 | 73 |
| iv_502-iv_507 | 1902 | 4272 | 42 | 74 |
| iv_508-iv_511 | 1961 | 4488 | 40 | 74 |
| iv_501-iv_503 | 1866 | 4412 | 40 | 75 |

## Output Bits

### Output Bits in Regular Order

| Rank | Output Bit | Complexity |
|:----:|:----------:|:----------:|
| 1 | ov_001 | 7.93842086974686 × 10^299 |
| 2 | ov_002 | 6.907763969505823 × 10^299 |
| 3 | ov_003 | 5.982458520811055 × 10^299 |
| 4 | ov_004 | 5.154605466893945 × 10^299 |
| 5 | ov_005 | 4.41673832710922 × 10^299 |
| 6 | ov_006 | 3.7617925863848866 × 10^299 |
| 7 | ov_007 | 3.1830790086777913 × 10^299 |
| 8 | ov_008 | 2.6742605607749795 × 10^299 |
| 9 | ov_009 | 2.2293326531738464 × 10^299 |
| 10 | ov_010 | 1.842606379377069 × 10^299 |
| 11 | ov_011 | 1.5086944314729542 × 10^299 |
| 12 | ov_012 | 1.2224993884490931 × 10^299 |
| 13 | ov_013 | 9.79204091871968 × 10^298 |
| 14 | ov_014 | 7.742638414396255 × 10^298 |
| 15 | ov_015 | 6.034001605495311 × 10^298 |
| 16 | ov_016 | 4.6259589947885717 × 10^298 |
| 17 | ov_017 | 3.480914610987613 × 10^298 |
| 18 | ov_018 | 2.5638195127642146 × 10^298 |
| 19 | ov_019 | 1.842150732884716 × 10^298 |
| 20 | ov_020 | 1.2858960269871154 × 10^298 |
| 21 | ov_021 | 8.675430327381699 × 10^297 |
| 22 | ov_022 | 5.6207175633189655 × 10^297 |
| 23 | ov_023 | 3.469495229120307 × 10^297 |
| 24 | ov_024 | 2.021276937217455 × 10^297 |
| 25 | ov_025 | 1.1003965714462342 × 10^297 |
| 26 | ov_026 | 5.559972811017913 × 10^296 |
| 27 | ov_027 | 2.6202630198898715 × 10^296 |
| 28 | ov_028 | 1.172329141392891 × 10^296 |
| 29 | ov_029 | 4.516778432636692 × 10^295 |
| 30 | ov_030 | 1.3806558473704594 × 10^295 |
| 31 | ov_031 | 2.692585621088423 × 10^294 |
| 32 | lv_80_m31 | 5.250147954033366 × 10^293 |
| 33 | ov_033 | 6.322958230143602 × 10^294 |
| 34 | ov_034 | 5.490063796825166 × 10^294 |
| 35 | ov_035 | 4.743954041905614 × 10^294 |
| 36 | ov_036 | 4.077843811050836 × 10^294 |
| 37 | ov_037 | 3.4853173717337176 × 10^294 |
| 38 | ov_038 | 2.96030257629013 × 10^294 |
| 39 | ov_039 | 2.4970484482097472 × 10^294 |
| 40 | ov_040 | 2.0901058590942052 × 10^294 |
| 41 | ov_041 | 1.734310983996296 × 10^294 |
| 42 | ov_042 | 1.4247712420831788 × 10^294 |
| 43 | ov_043 | 1.1591065430173868 × 10^294 |
| 44 | ov_044 | 9.329332012029136 × 10^293 |
| 45 | ov_045 | 7.421088483179578 × 10^293 |
| 46 | ov_046 | 5.827257392702774 × 10^293 |
| 47 | ov_047 | 4.511053381402425 × 10^293 |
| 48 | ov_048 | 3.437940010236644 × 10^293 |
| 49 | ov_049 | 2.575596080645219 × 10^293 |
| 50 | ov_050 | 1.8938901161557984 × 10^293 |
| 51 | ov_051 | 1.3648616144339468 × 10^293 |
| 52 | ov_052 | 9.627077193801641 × 10^292 |
| 53 | ov_053 | 6.637741044159967 × 10^292 |
| 54 | ov_054 | 4.465489988354729 × 10^292 |
| 55 | ov_055 | 2.916594293158251 × 10^292 |
| 56 | ov_056 | 1.818689203786662 × 10^292 |
| 57 | ov_057 | 1.0909314203412248 × 10^292 |
| 58 | ov_058 | 6.036510263497372 × 10^291 |
| 59 | ov_059 | 2.973482859894926 × 10^291 |
| 60 | ov_060 | 1.2319266730246248 × 10^291 |
| 61 | ov_061 | 4.302238469030588 × 10^290 |
| 62 | ov_062 | 1.1799515514150385 × 10^290 |
| 63 | ov_063 | 2.299361951849536 × 10^289 |
| 64 | lv_79_m31 | 4.4798412844660743 × 10^288 |
| 65 | ov_065 | 5.395697302996199 × 10^289 |
| 66 | ov_066 | 5.395680830735832 × 10^289 |
| 67 | ov_067 | 5.395676799499405 × 10^289 |
| 68 | ov_068 | 4.67547478484312 × 10^289 |
| 69 | ov_069 | 4.0323112567546195 × 10^289 |
| 70 | ov_070 | 3.4599453070002743 × 10^289 |
| 71 | ov_071 | 2.952519870470533 × 10^289 |
| 72 | ov_072 | 2.5045357414902484 × 10^289 |
| 73 | ov_073 | 2.1108278906683416 × 10^289 |
| 74 | ov_074 | 1.7665439596078387 × 10^289 |
| 75 | ov_075 | 1.4671248156642756 × 10^289 |
| 76 | ov_076 | 1.2082870529608364 × 10^289 |
| 77 | ov_077 | 9.860073291541883 × 10^288 |
| 78 | ov_078 | 7.965084300924667 × 10^288 |
| 79 | ov_079 | 6.362469566032038 × 10^288 |
| 80 | ov_080 | 5.01902529277467 × 10^288 |
| 81 | ov_081 | 3.903684083536251 × 10^288 |
| 82 | ov_082 | 2.987434267199091 × 10^288 |
| 83 | ov_083 | 2.243251347126634 × 10^288 |
| 84 | ov_084 | 1.646040558435332 × 10^288 |
| 85 | ov_085 | 1.1725895289396903 × 10^288 |
| 86 | ov_086 | 8.117573534313613 × 10^287 |
| 87 | ov_087 | 5.43989825654906 × 10^287 |
| 88 | ov_088 | 3.515237061669433 × 10^287 |
| 89 | ov_089 | 2.183697716324639 × 10^287 |
| 90 | ov_090 | 1.3030095787931265 × 10^287 |
| 91 | ov_091 | 7.484459583619443 × 10^286 |
| 92 | ov_092 | 4.1277747874788607 × 10^286 |
| 93 | ov_093 | 2.062470133081896 × 10^286 |
| 94 | ov_094 | 8.83419942911571 × 10^285 |
| 95 | aaa_78_28 | 2.7278464432142533 × 10^285 |
| 96 | aaa_78_29 | 8.377024527203131 × 10^284 |
| 97 | ov_097 | 5.530580873011557 × 10^284 |
| 98 | ov_098 | 5.530413921545255 × 10^284 |
| 99 | ov_099 | 5.5303605452758754 × 10^284 |
| 100 | ov_100 | 4.975899569835674 × 10^284 |
| 101 | ov_101 | 4.462531208370871 × 10^284 |
| 102 | ov_102 | 3.9879761602430026 × 10^284 |
| 103 | ov_103 | 3.550121053257621 × 10^284 |
| 104 | ov_104 | 3.1469974101763827 × 10^284 |
| 105 | ov_105 | 2.7767624973616065 × 10^284 |
| 106 | ov_106 | 2.437681956921776 × 10^284 |
| 107 | ov_107 | 2.128114127461971 × 10^284 |
| 108 | ov_108 | 1.846495961588089 × 10^284 |
| 109 | ov_109 | 1.5913304507592196 × 10^284 |
| 110 | ov_110 | 1.361175470009418 × 10^284 |
| 111 | ov_111 | 1.1546339565457446 × 10^284 |
| 112 | ov_112 | 9.703453373455876 × 10^283 |
| 113 | ov_113 | 8.069781216888621 × 10^283 |
| 114 | ov_114 | 6.632235751300448 × 10^283 |
| 115 | ov_115 | 5.377903917956314 × 10^283 |
| 116 | ov_116 | 4.294002821334308 × 10^283 |
| 117 | ov_117 | 3.36784393383825 × 10^283 |
| 118 | ov_118 | 2.5868048012485287 × 10^283 |
| 119 | ov_119 | 1.9383074228835954 × 10^283 |
| 120 | ov_120 | 1.4098024806968686 × 10^283 |
| 121 | ov_121 | 9.88758591675076 × 10^282 |
| 122 | ov_122 | 6.626553880544898 × 10^282 |
| 123 | ov_123 | 4.1897896316953804 × 10^282 |
| 124 | ov_124 | 2.4521879706236083 × 10^282 |
| 125 | ov_125 | 1.2886585016081518 × 10^282 |
| 126 | ov_126 | 5.741158990392603 × 10^281 |
| 127 | aaa_77_28 | 1.83476166921977 × 10^281 |
| 128 | aaa_77_29 | 6.885728687960243 × 10^280 |
| 129 | ov_129 | 6.419072846933293 × 10^280 |
| 130 | ov_130 | 6.419054816957477 × 10^280 |
| 131 | ov_131 | 6.419050453307058 × 10^280 |
| 132 | ov_132 | 5.584608157856631 × 10^280 |
| 133 | ov_133 | 4.8340351141271 × 10^280 |
| 134 | ov_134 | 4.1608289663549785 × 10^280 |
| 135 | ov_135 | 3.5588396910522013 × 10^280 |
| 136 | ov_136 | 3.0250769972128845 × 10^280 |
| 137 | ov_137 | 2.5540235044633343 × 10^280 |
| 138 | ov_138 | 2.140448575425886 × 10^280 |
| 139 | ov_139 | 1.77939237758639 × 10^280 |
| 140 | ov_140 | 1.4661524242762146 × 10^280 |
| 141 | ov_141 | 1.1962723279693587 × 10^280 |
| 142 | ov_142 | 9.655325140929158 × 10^279 |
| 143 | ov_143 | 7.699426583110387 × 10^279 |
| 144 | ov_144 | 6.05735624832496 × 10^279 |
| 145 | ov_145 | 4.6936269776088295 × 10^279 |
| 146 | ov_146 | 3.5748991189408994 × 10^279 |
| 147 | ov_147 | 2.669953037147432 × 10^279 |
| 148 | ov_148 | 1.9496691761591 × 10^279 |
| 149 | ov_149 | 1.3870141668907478 × 10^279 |
| 150 | ov_150 | 9.570316167172111 × 10^278 |
| 151 | ov_151 | 6.368363591422846 × 10^278 |
| 152 | ov_152 | 4.056110848294176 × 10^278 |
| 153 | ov_153 | 2.446044584043538 × 10^278 |
| 154 | ov_154 | 1.3713008116214908 × 10^278 |
| 155 | ov_155 | 6.8565909373619665 × 10^277 |
| 156 | aaa_76_25 | 2.6353937687381186 × 10^277 |
| 157 | aaa_76_26 | 1.522703212116478 × 10^277 |
| 158 | aaa_76_27 | 7.799383278736873 × 10^276 |
| 159 | aaa_76_28 | 3.039124625091581 × 10^276 |
| 160 | aaa_76_29 | 9.2500961175766 × 10^275 |

### Output Bits Sorted by Complexity

| Rank | Output Bit | Complexity |
|:----:|:----------:|:----------:|
| 160 | aaa_76_29 | 9.2500961175766 × 10^275 |
| 159 | aaa_76_28 | 3.039124625091581 × 10^276 |
| 158 | aaa_76_27 | 7.799383278736873 × 10^276 |
| 157 | aaa_76_26 | 1.522703212116478 × 10^277 |
| 156 | aaa_76_25 | 2.6353937687381186 × 10^277 |
| 155 | ov_155 | 6.8565909373619665 × 10^277 |
| 154 | ov_154 | 1.3713008116214908 × 10^278 |
| 153 | ov_153 | 2.446044584043538 × 10^278 |
| 152 | ov_152 | 4.056110848294176 × 10^278 |
| 151 | ov_151 | 6.368363591422846 × 10^278 |
| 150 | ov_150 | 9.570316167172111 × 10^278 |
| 149 | ov_149 | 1.3870141668907478 × 10^279 |
| 148 | ov_148 | 1.9496691761591 × 10^279 |
| 147 | ov_147 | 2.669953037147432 × 10^279 |
| 146 | ov_146 | 3.5748991189408994 × 10^279 |
| 145 | ov_145 | 4.6936269776088295 × 10^279 |
| 144 | ov_144 | 6.05735624832496 × 10^279 |
| 143 | ov_143 | 7.699426583110387 × 10^279 |
| 142 | ov_142 | 9.655325140929158 × 10^279 |
| 141 | ov_141 | 1.1962723279693587 × 10^280 |
| 140 | ov_140 | 1.4661524242762146 × 10^280 |
| 139 | ov_139 | 1.77939237758639 × 10^280 |
| 138 | ov_138 | 2.140448575425886 × 10^280 |
| 137 | ov_137 | 2.5540235044633343 × 10^280 |
| 136 | ov_136 | 3.0250769972128845 × 10^280 |
| 135 | ov_135 | 3.5588396910522013 × 10^280 |
| 134 | ov_134 | 4.1608289663549785 × 10^280 |
| 133 | ov_133 | 4.8340351141271 × 10^280 |
| 132 | ov_132 | 5.584608157856631 × 10^280 |
| 131 | ov_131 | 6.419050453307058 × 10^280 |
| 130 | ov_130 | 6.419054816957477 × 10^280 |
| 129 | ov_129 | 6.419072846933293 × 10^280 |
| 128 | aaa_77_29 | 6.885728687960243 × 10^280 |
| 127 | aaa_77_28 | 1.83476166921977 × 10^281 |
| 126 | ov_126 | 5.741158990392603 × 10^281 |
| 125 | ov_125 | 1.2886585016081518 × 10^282 |
| 124 | ov_124 | 2.4521879706236083 × 10^282 |
| 123 | ov_123 | 4.1897896316953804 × 10^282 |
| 122 | ov_122 | 6.626553880544898 × 10^282 |
| 121 | ov_121 | 9.88758591675076 × 10^282 |
| 120 | ov_120 | 1.4098024806968686 × 10^283 |
| 119 | ov_119 | 1.9383074228835954 × 10^283 |
| 118 | ov_118 | 2.5868048012485287 × 10^283 |
| 117 | ov_117 | 3.36784393383825 × 10^283 |
| 116 | ov_116 | 4.294002821334308 × 10^283 |
| 115 | ov_115 | 5.377903917956314 × 10^283 |
| 114 | ov_114 | 6.632235751300448 × 10^283 |
| 113 | ov_113 | 8.069781216888621 × 10^283 |
| 112 | ov_112 | 9.703453373455876 × 10^283 |
| 111 | ov_111 | 1.1546339565457446 × 10^284 |
| 110 | ov_110 | 1.361175470009418 × 10^284 |
| 109 | ov_109 | 1.5913304507592196 × 10^284 |
| 108 | ov_108 | 1.846495961588089 × 10^284 |
| 107 | ov_107 | 2.128114127461971 × 10^284 |
| 106 | ov_106 | 2.437681956921776 × 10^284 |
| 105 | ov_105 | 2.7767624973616065 × 10^284 |
| 104 | ov_104 | 3.1469974101763827 × 10^284 |
| 103 | ov_103 | 3.550121053257621 × 10^284 |
| 102 | ov_102 | 3.9879761602430026 × 10^284 |
| 101 | ov_101 | 4.462531208370871 × 10^284 |
| 100 | ov_100 | 4.975899569835674 × 10^284 |
| 99 | ov_099 | 5.5303605452758754 × 10^284 |
| 98 | ov_098 | 5.530413921545255 × 10^284 |
| 97 | ov_097 | 5.530580873011557 × 10^284 |
| 96 | aaa_78_29 | 8.377024527203131 × 10^284 |
| 95 | aaa_78_28 | 2.7278464432142533 × 10^285 |
| 94 | ov_094 | 8.83419942911571 × 10^285 |
| 93 | ov_093 | 2.062470133081896 × 10^286 |
| 92 | ov_092 | 4.1277747874788607 × 10^286 |
| 91 | ov_091 | 7.484459583619443 × 10^286 |
| 90 | ov_090 | 1.3030095787931265 × 10^287 |
| 89 | ov_089 | 2.183697716324639 × 10^287 |
| 88 | ov_088 | 3.515237061669433 × 10^287 |
| 87 | ov_087 | 5.43989825654906 × 10^287 |
| 86 | ov_086 | 8.117573534313613 × 10^287 |
| 85 | ov_085 | 1.1725895289396903 × 10^288 |
| 84 | ov_084 | 1.646040558435332 × 10^288 |
| 83 | ov_083 | 2.243251347126634 × 10^288 |
| 82 | ov_082 | 2.987434267199091 × 10^288 |
| 81 | ov_081 | 3.903684083536251 × 10^288 |
| 64 | lv_79_m31 | 4.4798412844660743 × 10^288 |
| 80 | ov_080 | 5.01902529277467 × 10^288 |
| 79 | ov_079 | 6.362469566032038 × 10^288 |
| 78 | ov_078 | 7.965084300924667 × 10^288 |
| 77 | ov_077 | 9.860073291541883 × 10^288 |
| 76 | ov_076 | 1.2082870529608364 × 10^289 |
| 75 | ov_075 | 1.4671248156642756 × 10^289 |
| 74 | ov_074 | 1.7665439596078387 × 10^289 |
| 73 | ov_073 | 2.1108278906683416 × 10^289 |
| 63 | ov_063 | 2.299361951849536 × 10^289 |
| 72 | ov_072 | 2.5045357414902484 × 10^289 |
| 71 | ov_071 | 2.952519870470533 × 10^289 |
| 70 | ov_070 | 3.4599453070002743 × 10^289 |
| 69 | ov_069 | 4.0323112567546195 × 10^289 |
| 68 | ov_068 | 4.67547478484312 × 10^289 |
| 67 | ov_067 | 5.395676799499405 × 10^289 |
| 66 | ov_066 | 5.395680830735832 × 10^289 |
| 65 | ov_065 | 5.395697302996199 × 10^289 |
| 62 | ov_062 | 1.1799515514150385 × 10^290 |
| 61 | ov_061 | 4.302238469030588 × 10^290 |
| 60 | ov_060 | 1.2319266730246248 × 10^291 |
| 59 | ov_059 | 2.973482859894926 × 10^291 |
| 58 | ov_058 | 6.036510263497372 × 10^291 |
| 57 | ov_057 | 1.0909314203412248 × 10^292 |
| 56 | ov_056 | 1.818689203786662 × 10^292 |
| 55 | ov_055 | 2.916594293158251 × 10^292 |
| 54 | ov_054 | 4.465489988354729 × 10^292 |
| 53 | ov_053 | 6.637741044159967 × 10^292 |
| 52 | ov_052 | 9.627077193801641 × 10^292 |
| 51 | ov_051 | 1.3648616144339468 × 10^293 |
| 50 | ov_050 | 1.8938901161557984 × 10^293 |
| 49 | ov_049 | 2.575596080645219 × 10^293 |
| 48 | ov_048 | 3.437940010236644 × 10^293 |
| 47 | ov_047 | 4.511053381402425 × 10^293 |
| 32 | lv_80_m31 | 5.250147954033366 × 10^293 |
| 46 | ov_046 | 5.827257392702774 × 10^293 |
| 45 | ov_045 | 7.421088483179578 × 10^293 |
| 44 | ov_044 | 9.329332012029136 × 10^293 |
| 43 | ov_043 | 1.1591065430173868 × 10^294 |
| 42 | ov_042 | 1.4247712420831788 × 10^294 |
| 41 | ov_041 | 1.734310983996296 × 10^294 |
| 40 | ov_040 | 2.0901058590942052 × 10^294 |
| 39 | ov_039 | 2.4970484482097472 × 10^294 |
| 31 | ov_031 | 2.692585621088423 × 10^294 |
| 38 | ov_038 | 2.96030257629013 × 10^294 |
| 37 | ov_037 | 3.4853173717337176 × 10^294 |
| 36 | ov_036 | 4.077843811050836 × 10^294 |
| 35 | ov_035 | 4.743954041905614 × 10^294 |
| 34 | ov_034 | 5.490063796825166 × 10^294 |
| 33 | ov_033 | 6.322958230143602 × 10^294 |
| 30 | ov_030 | 1.3806558473704594 × 10^295 |
| 29 | ov_029 | 4.516778432636692 × 10^295 |
| 28 | ov_028 | 1.172329141392891 × 10^296 |
| 27 | ov_027 | 2.6202630198898715 × 10^296 |
| 26 | ov_026 | 5.559972811017913 × 10^296 |
| 25 | ov_025 | 1.1003965714462342 × 10^297 |
| 24 | ov_024 | 2.021276937217455 × 10^297 |
| 23 | ov_023 | 3.469495229120307 × 10^297 |
| 22 | ov_022 | 5.6207175633189655 × 10^297 |
| 21 | ov_021 | 8.675430327381699 × 10^297 |
| 20 | ov_020 | 1.2858960269871154 × 10^298 |
| 19 | ov_019 | 1.842150732884716 × 10^298 |
| 18 | ov_018 | 2.5638195127642146 × 10^298 |
| 17 | ov_017 | 3.480914610987613 × 10^298 |
| 16 | ov_016 | 4.6259589947885717 × 10^298 |
| 15 | ov_015 | 6.034001605495311 × 10^298 |
| 14 | ov_014 | 7.742638414396255 × 10^298 |
| 13 | ov_013 | 9.79204091871968 × 10^298 |
| 12 | ov_012 | 1.2224993884490931 × 10^299 |
| 11 | ov_011 | 1.5086944314729542 × 10^299 |
| 10 | ov_010 | 1.842606379377069 × 10^299 |
| 9 | ov_009 | 2.2293326531738464 × 10^299 |
| 8 | ov_008 | 2.6742605607749795 × 10^299 |
| 7 | ov_007 | 3.1830790086777913 × 10^299 |
| 6 | ov_006 | 3.7617925863848866 × 10^299 |
| 5 | ov_005 | 4.41673832710922 × 10^299 |
| 4 | ov_004 | 5.154605466893945 × 10^299 |
| 3 | ov_003 | 5.982458520811055 × 10^299 |
| 2 | ov_002 | 6.907763969505823 × 10^299 |
| 1 | ov_001 | 7.93842086974686 × 10^299 |

