# Results for F001-F002-F003-F004-F005-F006-F007-F008-F009-F010-F011-F012-F013-F014-F015-F016-F017-F018-F019-F020-F021-F022-F023-F024-F025-F026-F027-F028-F029-F030-F031-F032-F033-F034-F035-F036-F037-F038-F039-F040-F041-F042-F043-F044-F045-F046-F047-F048-F049-F050-F051-F052-F053-F054-F055-F056-F057-F058-F059-F060-F061-F062-F063-F064-F065-F066-F067-F068-F069-F070-F071-F072-F073-F074-F075-F076-F077-F078-F079-F080-F081-F082-F083-F084-F085-F086-F087-F088-F089-F090-F091-F092-F093-F094-F095-F096-F097-F098-F099-F100-F101-F102-F103-F104-F105-F106-F107-F108-F109-F110-F111-F112-F113-F114-F115-F116-F117-F118-F119-F120-F121-F122-F123-F124-F125-F126-F127-F128-F129-F130-F131-F132-F133-F134-F135-F136-F137-F138-F139-F140-F141-F142-F143-F144-F145-F146-F147-F148-F149-F150-F151-F152-F153-F154-F155-F156-F157-F158-F159-F160-F161-F162-F163-F164-F165-F166-F167-F168-F169-F170-F171-F172-F173-F174-F175-F176-F177-F178-F179-F180-F181-F182-F183-F184-F185-F186-F187-F188-F189-F190-F191-F192-F193-F194-F195-F196-F197-F198-F199-F200-F201-F202-F203-F204-F205-F206-F207-F208-F209-F210-F211-F212-F213-F214-F215-F216-F217-F218-F219-F220-F221-F222-F223-F224-F225-F226-F227-F228-F229-F230-F231-F232-F233-F234-F235-F236-F237-F238-F239-F240-F241-F242-F243-F244-F245-F246-F247-F248-F249-F250-F251-F252-F253-F254-F255-F256-F257-F258-F259-F260-F261-F262-F263-F264-F265-F266-F267-F268-F269-F270-F271-F272-F273-F274-F275-F276-F277-F278-F279-F280-F281-F282-F283-F284-F285-F286-F287-F288-F289-F290-F291-F292-F293-F294-F295-F296-F297-F298-F299-F300-F301-F302-F303-F304-F305-F306-F307-F308-F309-F310-F311-F312-F313-F314-F315-F316-F317-F318-F319-F320-F321-F322-F323-F324-F325-F326-F327-F328-F329-F330-F331-F332-F333-F334-F335-F336-F337-F338-F339-F340-F341-F342-F343-F344-F345-F346-F347-F348-F349-F350-F351-F352-F353-F354-F355-F356-F357-F358-F359-F360-F361-F362-F363-F364-F365-F366-F367-F368-F369-F370-F371-F372-F373-F374-F375-F376-F377-F378-F379-F380-F381-F382-F383-F384-F385-F386-F387-F388-F389-F390-F391-F392-F393-F394-F395-F396-F397-F398-F399-F400-F401-F402-F403-F404-F405-F406-F407-F408-F409-F410-F411-F412-F413-F414-F415-F416-F417-F418-F419-F420-F421-F422-F423-F424-F425-F426-F427-F428-F429-F430-F431-F432-F433-F434-F435-F436-F437-F438-F439-F440-F441-F442-F443-F444-F445-F446-F447-F448-F449-F450-F451-F452-F453-F454-F455-F456-F457-F458-F459-F460-F461-F462-F463-F464-F465-F466-F467-F468-F469-F470-F471-F472-F473-F474-F475-F476-F477-F478-F479-F480-F481-F482-F483-F484-F485-F486-F487-F488-F489-F490-F491-F492-F493-F494-F495-F496-O500505-T509-F510-F512

## Summary

Number of input bits: 512  
Number of free input bits: 12  
Number of output bits: 160

Number of direct occurrences: 50469  
Number of assignments: 31959  
Number of operations: 11824261
(xor: 11794816,
and: 15902,
or: 13543)

Total complexity: 3.770295081627069 × 10^307

Least occurring input variable: iv_498 (3961)  
Most occurring input variable: iv_500 (4416)

Most co-occurring input variables: iv_503-iv_511 (2159)  
Least co-occurring input variables: iv_498-iv_504 (1787)

Potentially most occurring input variable: iv_498/iv_500 (4615)  
Potentially least occurring input variable: iv_499/iv_504 (4233)

Least output occurring input variable: iv_508 (70)  
Most output occurring input variable: iv_500 (93)

Most output co-occurring input variables: iv_499-iv_500 (54)  
Least output co-occurring input variables: iv_503-iv_508 (28)

Potentially most output occurring input variable: iv_498/iv_511 (93)  
Potentially least output occurring input variable: iv_499/iv_504 (65)

Least complex input bit: iv_511 (9.86802352581519 × 10^302)  
Most complex input bit: iv_500 (1.0095624522984849 × 10^307)

Least complex output bit: aaa_76_29 (1.6831544375967426 × 10^282)  
Most complex output bit: ov_001 (5.894269064211741 × 10^306)

Least complex input/output complexity: iv_511/aaa_76_29 (4.405333595432298 × 10^277)  
Most complex input/output complexity: iv_500/ov_001 (1.5782936354161193 × 10^306)

## Input Bits

### Input Bits in Regular Order

| Input Bit | Complexity | Occurrences | Output Occurrences |
|:---------:|:----------:|:-----------:|:------------------:|
| iv_497 | 1.5359262637133094 × 10^305 | 4232 | 77 |
| iv_498 | 3.075175784232699 × 10^305 | 3961 | 80 |
| iv_499 | 5.43597174555247 × 10^305 | 4118 | 83 |
| iv_500 | 1.0095624522984849 × 10^307 | 4416 | 93 |
| iv_501 | 1.5092721764718458 × 10^306 | 4167 | 74 |
| iv_502 | 2.4370111205538888 × 10^306 | 4125 | 77 |
| iv_503 | 3.863211314783418 × 10^306 | 4267 | 71 |
| iv_504 | 6.008289857553784 × 10^306 | 4005 | 80 |
| iv_506 | 4.605432326026873 × 10^306 | 4244 | 85 |
| iv_507 | 6.280795501109083 × 10^306 | 4258 | 76 |
| iv_508 | 1.8976198150845295 × 10^306 | 4333 | 70 |
| iv_511 | 9.86802352581519 × 10^302 | 4343 | 87 |

### Input Bits Sorted by Complexity

| Input Bit | Complexity | Occurrences | Output Occurrences |
|:---------:|:----------:|:-----------:|:------------------:|
| iv_511 | 9.86802352581519 × 10^302 | 4343 | 87 |
| iv_497 | 1.5359262637133094 × 10^305 | 4232 | 77 |
| iv_498 | 3.075175784232699 × 10^305 | 3961 | 80 |
| iv_499 | 5.43597174555247 × 10^305 | 4118 | 83 |
| iv_501 | 1.5092721764718458 × 10^306 | 4167 | 74 |
| iv_508 | 1.8976198150845295 × 10^306 | 4333 | 70 |
| iv_502 | 2.4370111205538888 × 10^306 | 4125 | 77 |
| iv_503 | 3.863211314783418 × 10^306 | 4267 | 71 |
| iv_506 | 4.605432326026873 × 10^306 | 4244 | 85 |
| iv_504 | 6.008289857553784 × 10^306 | 4005 | 80 |
| iv_507 | 6.280795501109083 × 10^306 | 4258 | 76 |
| iv_500 | 1.0095624522984849 × 10^307 | 4416 | 93 |

### Input Bits Sorted by Occurrences

| Input Bit | Complexity | Occurrences | Output Occurrences |
|:---------:|:----------:|:-----------:|:------------------:|
| iv_498 | 3.075175784232699 × 10^305 | 3961 | 80 |
| iv_504 | 6.008289857553784 × 10^306 | 4005 | 80 |
| iv_499 | 5.43597174555247 × 10^305 | 4118 | 83 |
| iv_502 | 2.4370111205538888 × 10^306 | 4125 | 77 |
| iv_501 | 1.5092721764718458 × 10^306 | 4167 | 74 |
| iv_497 | 1.5359262637133094 × 10^305 | 4232 | 77 |
| iv_506 | 4.605432326026873 × 10^306 | 4244 | 85 |
| iv_507 | 6.280795501109083 × 10^306 | 4258 | 76 |
| iv_503 | 3.863211314783418 × 10^306 | 4267 | 71 |
| iv_508 | 1.8976198150845295 × 10^306 | 4333 | 70 |
| iv_511 | 9.86802352581519 × 10^302 | 4343 | 87 |
| iv_500 | 1.0095624522984849 × 10^307 | 4416 | 93 |

### Input Bits Sorted by Output Occurrences

| Input Bit | Complexity | Occurrences | Output Occurrences |
|:---------:|:----------:|:-----------:|:------------------:|
| iv_508 | 1.8976198150845295 × 10^306 | 4333 | 70 |
| iv_503 | 3.863211314783418 × 10^306 | 4267 | 71 |
| iv_501 | 1.5092721764718458 × 10^306 | 4167 | 74 |
| iv_507 | 6.280795501109083 × 10^306 | 4258 | 76 |
| iv_502 | 2.4370111205538888 × 10^306 | 4125 | 77 |
| iv_497 | 1.5359262637133094 × 10^305 | 4232 | 77 |
| iv_498 | 3.075175784232699 × 10^305 | 3961 | 80 |
| iv_504 | 6.008289857553784 × 10^306 | 4005 | 80 |
| iv_499 | 5.43597174555247 × 10^305 | 4118 | 83 |
| iv_506 | 4.605432326026873 × 10^306 | 4244 | 85 |
| iv_511 | 9.86802352581519 × 10^302 | 4343 | 87 |
| iv_500 | 1.0095624522984849 × 10^307 | 4416 | 93 |

## Input Bit Co-occurrences

### Input Bit Co-occurrences Sorted by Co-occurrences

| Input Bits | Co-occurrences | Potential Occurrences | Output Co-occurrences | Potential Output Occurrences |
|:----------:|:--------------:|:---------------------:|:---------------------:|:----------------------------:|
| iv_503-iv_511 | 2159 | 4292 | 37 | 84 |
| iv_506-iv_511 | 2115 | 4357 | 47 | 78 |
| iv_507-iv_511 | 2103 | 4395 | 41 | 81 |
| iv_508-iv_511 | 2102 | 4472 | 38 | 81 |
| iv_500-iv_507 | 2095 | 4484 | 47 | 75 |
| iv_500-iv_508 | 2087 | 4575 | 41 | 81 |
| iv_501-iv_511 | 2087 | 4336 | 43 | 75 |
| iv_506-iv_508 | 2078 | 4421 | 34 | 87 |
| iv_500-iv_511 | 2077 | 4605 | 49 | 82 |
| iv_500-iv_506 | 2075 | 4510 | 52 | 74 |
| iv_500-iv_501 | 2074 | 4435 | 43 | 81 |
| iv_497-iv_508 | 2071 | 4423 | 33 | 81 |

### Input Bit Co-occurrences Sorted by Potential Occurrences

| Input Bits | Co-occurrences | Potential Occurrences | Output Co-occurrences | Potential Output Occurrences |
|:----------:|:--------------:|:---------------------:|:---------------------:|:----------------------------:|
| iv_499-iv_504 | 1945 | 4233 | 49 | 65 |
| iv_498-iv_506 | 1964 | 4277 | 40 | 85 |
| iv_499-iv_502 | 1978 | 4287 | 36 | 88 |
| iv_503-iv_511 | 2159 | 4292 | 37 | 84 |
| iv_497-iv_504 | 1971 | 4295 | 38 | 81 |
| iv_501-iv_504 | 1937 | 4298 | 36 | 82 |
| iv_504-iv_506 | 1972 | 4305 | 44 | 77 |
| iv_501-iv_502 | 1985 | 4322 | 37 | 77 |
| iv_498-iv_502 | 1878 | 4330 | 36 | 85 |
| iv_501-iv_511 | 2087 | 4336 | 43 | 75 |
| iv_497-iv_507 | 2069 | 4352 | 39 | 75 |
| iv_502-iv_504 | 1887 | 4356 | 43 | 71 |

### Input Bit Output Co-occurrences Sorted by Output Co-occurrences

| Input Bits | Co-occurrences | Potential Occurrences | Output Co-occurrences | Potential Output Occurrences |
|:----------:|:--------------:|:---------------------:|:---------------------:|:----------------------------:|
| iv_499-iv_500 | 2063 | 4408 | 54 | 68 |
| iv_500-iv_506 | 2075 | 4510 | 52 | 74 |
| iv_500-iv_511 | 2077 | 4605 | 49 | 82 |
| iv_499-iv_504 | 1945 | 4233 | 49 | 65 |
| iv_500-iv_507 | 2095 | 4484 | 47 | 75 |
| iv_506-iv_511 | 2115 | 4357 | 47 | 78 |
| iv_499-iv_506 | 1989 | 4384 | 47 | 74 |
| iv_498-iv_500 | 1881 | 4615 | 47 | 79 |
| iv_502-iv_511 | 2040 | 4388 | 46 | 72 |
| iv_500-iv_502 | 2052 | 4437 | 45 | 80 |
| iv_498-iv_499 | 1844 | 4391 | 45 | 73 |
| iv_497-iv_500 | 2055 | 4538 | 44 | 82 |

### Input Bit Output Co-occurrences Sorted by Potential Output Occurrences

| Input Bits | Co-occurrences | Potential Occurrences | Output Co-occurrences | Potential Output Occurrences |
|:----------:|:--------------:|:---------------------:|:---------------------:|:----------------------------:|
| iv_499-iv_504 | 1945 | 4233 | 49 | 65 |
| iv_499-iv_500 | 2063 | 4408 | 54 | 68 |
| iv_502-iv_503 | 2017 | 4358 | 39 | 70 |
| iv_502-iv_504 | 1887 | 4356 | 43 | 71 |
| iv_502-iv_511 | 2040 | 4388 | 46 | 72 |
| iv_501-iv_507 | 2028 | 4369 | 39 | 72 |
| iv_498-iv_499 | 1844 | 4391 | 45 | 73 |
| iv_499-iv_506 | 1989 | 4384 | 47 | 74 |
| iv_500-iv_506 | 2075 | 4510 | 52 | 74 |
| iv_503-iv_507 | 2042 | 4441 | 36 | 75 |
| iv_500-iv_507 | 2095 | 4484 | 47 | 75 |
| iv_501-iv_511 | 2087 | 4336 | 43 | 75 |

## Output Bits

### Output Bits in Regular Order

| Rank | Output Bit | Complexity |
|:----:|:----------:|:----------:|
| 1 | ov_001 | 5.894269064211741 × 10^306 |
| 2 | ov_002 | 5.129026518108956 × 10^306 |
| 3 | ov_003 | 4.441998622597735 × 10^306 |
| 4 | ov_004 | 3.8273220607782996 × 10^306 |
| 5 | ov_005 | 3.279454818810805 × 10^306 |
| 6 | ov_006 | 2.793153307311126 × 10^306 |
| 7 | ov_007 | 2.3634523953298504 × 10^306 |
| 8 | ov_008 | 1.9856481696839985 × 10^306 |
| 9 | ov_009 | 1.6552832113306273 × 10^306 |
| 10 | ov_010 | 1.3681341423894158 × 10^306 |
| 11 | ov_011 | 1.120201194692254 × 10^306 |
| 12 | ov_012 | 9.076995650555226 × 10^305 |
| 13 | ov_013 | 7.270523364945392 × 10^305 |
| 14 | ov_014 | 5.748847583946194 × 10^305 |
| 15 | ov_015 | 4.480196922735307 × 10^305 |
| 16 | ov_016 | 3.434740432602115 × 10^305 |
| 17 | ov_017 | 2.5845601080987307 × 10^305 |
| 18 | ov_018 | 1.9036300550365948 × 10^305 |
| 19 | ov_019 | 1.3678009206303587 × 10^305 |
| 20 | ov_020 | 9.547883822078643 × 10^304 |
| 21 | ov_021 | 6.44164802773607 × 10^304 |
| 22 | ov_022 | 4.1735340260922786 × 10^304 |
| 23 | ov_023 | 2.5762434087160467 × 10^304 |
| 24 | ov_024 | 1.5009216721124287 × 10^304 |
| 25 | ov_025 | 8.171426165402395 × 10^303 |
| 26 | ov_026 | 4.128997950084944 × 10^303 |
| 27 | ov_027 | 1.9460248728703196 × 10^303 |
| 28 | ov_028 | 8.70741113223595 × 10^302 |
| 29 | ov_029 | 3.355171152610936 × 10^302 |
| 30 | ov_030 | 1.025719013113522 × 10^302 |
| 31 | ov_031 | 2.0007471960865175 × 10^301 |
| 32 | lv_80_m31 | 3.901989310176098 × 10^300 |
| 33 | ov_033 | 4.698362879404819 × 10^301 |
| 34 | ov_034 | 4.0799220930789486 × 10^301 |
| 35 | ov_035 | 3.52612550306571 × 10^301 |
| 36 | ov_036 | 3.03173004474788 × 10^301 |
| 37 | ov_037 | 2.591778572829799 × 10^301 |
| 38 | ov_038 | 2.2015796417864004 × 10^301 |
| 39 | ov_039 | 1.8566899526361144 × 10^301 |
| 40 | ov_040 | 1.5528992196570277 × 10^301 |
| 41 | ov_041 | 1.2862172230170525 × 10^301 |
| 42 | ov_042 | 1.0547023803488475 × 10^301 |
| 43 | ov_043 | 8.565151367425922 × 10^300 |
| 44 | ov_044 | 6.882663885184137 × 10^300 |
| 45 | ov_045 | 5.4675290884927304 × 10^300 |
| 46 | ov_046 | 4.289522393663301 × 10^300 |
| 47 | ov_047 | 3.3201861353232566 × 10^300 |
| 48 | ov_048 | 2.5327976000036655 × 10^300 |
| 49 | ov_049 | 1.9023444555543906 × 10^300 |
| 50 | ov_050 | 1.4055062856720086 × 10^300 |
| 51 | ov_051 | 1.0206410517622353 × 10^300 |
| 52 | ov_052 | 7.277754170057207 × 10^299 |
| 53 | ov_053 | 5.085980254396246 × 10^299 |
| 54 | ov_054 | 3.464550321764617 × 10^299 |
| 55 | ov_055 | 2.2634729307436464 × 10^299 |
| 56 | ov_056 | 1.4118864551332463 × 10^299 |
| 57 | ov_057 | 8.471911175905007 × 10^298 |
| 58 | ov_058 | 4.689601413855575 × 10^298 |
| 59 | ov_059 | 2.31108304090415 × 10^298 |
| 60 | ov_060 | 9.58058540829178 × 10^297 |
| 61 | ov_061 | 3.347819907939754 × 10^297 |
| 62 | ov_062 | 9.187203736986919 × 10^296 |
| 63 | ov_063 | 1.7913644449806756 × 10^296 |
| 64 | lv_79_m31 | 3.4921066136832247 × 10^295 |
| 65 | ov_065 | 4.181617848686692 × 10^296 |
| 66 | ov_066 | 4.181607005609273 × 10^296 |
| 67 | ov_067 | 4.18160442566268 × 10^296 |
| 68 | ov_068 | 3.6274338658214014 × 10^296 |
| 69 | ov_069 | 3.1306253326560265 × 10^296 |
| 70 | ov_070 | 2.686966574463804 × 10^296 |
| 71 | ov_071 | 2.2924447752298912 × 10^296 |
| 72 | ov_072 | 1.9432341137665053 × 10^296 |
| 73 | ov_073 | 1.635685899946055 × 10^296 |
| 74 | ov_074 | 1.366320878840583 × 10^296 |
| 75 | ov_075 | 1.1318233153185771 × 10^296 |
| 76 | ov_076 | 9.290364925386176 × 10^295 |
| 77 | ov_077 | 7.549592779667708 × 10^295 |
| 78 | ov_078 | 6.067434301630866 × 10^295 |
| 79 | ov_079 | 4.816913713717691 × 10^295 |
| 80 | ov_080 | 3.772542653562289 × 10^295 |
| 81 | ov_081 | 2.9103034723584916 × 10^295 |
| 82 | ov_082 | 2.207634871635743 × 10^295 |
| 83 | ov_083 | 1.6434196979725081 × 10^295 |
| 84 | ov_084 | 1.197974715979804 × 10^295 |
| 85 | ov_085 | 8.530421804348764 × 10^294 |
| 86 | ov_086 | 5.917830288028001 × 10^294 |
| 87 | ov_087 | 3.98771515609105 × 10^294 |
| 88 | ov_088 | 2.5999111026390713 × 10^294 |
| 89 | ov_089 | 1.6283148001762367 × 10^294 |
| 90 | ov_090 | 9.608637977063979 × 10^293 |
| 91 | ov_091 | 5.4503496219481665 × 10^293 |
| 92 | ov_092 | 2.9681166622525395 × 10^293 |
| 93 | ov_093 | 1.461915865987034 × 10^293 |
| 94 | ov_094 | 6.167677013335395 × 10^292 |
| 95 | aaa_78_28 | 1.8775079174366135 × 10^292 |
| 96 | aaa_78_29 | 5.637377577956009 × 10^291 |
| 97 | ov_097 | 2.909950006367515 × 10^291 |
| 98 | ov_098 | 2.909920300757427 × 10^291 |
| 99 | ov_099 | 2.9099107928616214 × 10^291 |
| 100 | ov_100 | 2.4019392321394278 × 10^291 |
| 101 | ov_101 | 1.9670158314343434 × 10^291 |
| 102 | ov_102 | 1.5978405150594512 × 10^291 |
| 103 | ov_103 | 1.2875167511561285 × 10^291 |
| 104 | ov_104 | 1.0295220918347144 × 10^291 |
| 105 | ov_105 | 8.176824977325936 × 10^290 |
| 106 | ov_106 | 6.461501042714403 × 10^290 |
| 107 | ov_107 | 5.0938410476162405 × 10^290 |
| 108 | ov_108 | 4.021344427047061 × 10^290 |
| 109 | ov_109 | 3.194280223099834 × 10^290 |
| 110 | ov_110 | 2.5655716247665582 × 10^290 |
| 111 | ov_111 | 2.090700353928131 × 10^290 |
| 112 | ov_112 | 1.7276284654513834 × 10^290 |
| 113 | ov_113 | 1.436735283847336 × 10^290 |
| 114 | ov_114 | 1.1807673520824335 × 10^290 |
| 115 | ov_115 | 9.574262549713253 × 10^289 |
| 116 | ov_116 | 7.644358196143947 × 10^289 |
| 117 | ov_117 | 5.995360843016921 × 10^289 |
| 118 | ov_118 | 4.604786352881454 × 10^289 |
| 119 | ov_119 | 3.450230368613189 × 10^289 |
| 120 | ov_120 | 2.509340801698668 × 10^289 |
| 121 | ov_121 | 1.7597982411920827 × 10^289 |
| 122 | ov_122 | 1.179303342164014 × 10^289 |
| 123 | ov_123 | 7.455685272996791 × 10^288 |
| 124 | ov_124 | 4.363123861526711 × 10^288 |
| 125 | ov_125 | 2.292562032507177 × 10^288 |
| 126 | ov_126 | 1.0212218585274382 × 10^288 |
| 127 | aaa_77_28 | 3.2632783130052846 × 10^287 |
| 128 | aaa_77_29 | 1.2247410291814611 × 10^287 |
| 129 | ov_129 | 1.1370863729024035 × 10^287 |
| 130 | ov_130 | 1.1370830932007243 × 10^287 |
| 131 | ov_131 | 1.1370822997654446 × 10^287 |
| 132 | ov_132 | 9.88131595656252 × 10^286 |
| 133 | ov_133 | 8.5435896672237395 × 10^286 |
| 134 | ov_134 | 7.345826097684678 × 10^286 |
| 135 | ov_135 | 6.276844250247635 × 10^286 |
| 136 | ov_136 | 5.326054669596179 × 10^286 |
| 137 | ov_137 | 4.488305233046867 × 10^286 |
| 138 | ov_138 | 3.7540772896372913 × 10^286 |
| 139 | ov_139 | 3.1143421200009775 × 10^286 |
| 140 | ov_140 | 2.5605368427970347 × 10^286 |
| 141 | ov_141 | 2.0845443594400747 × 10^286 |
| 142 | ov_142 | 1.6786768691507915 × 10^286 |
| 143 | ov_143 | 1.3356625137364631 × 10^286 |
| 144 | ov_144 | 1.0486347386021601 × 10^286 |
| 145 | ov_145 | 8.111239833771774 × 10^285 |
| 146 | ov_146 | 6.170513422850522 × 10^285 |
| 147 | ov_147 | 4.607238610379786 × 10^285 |
| 148 | ov_148 | 3.368311636304943 × 10^285 |
| 149 | ov_149 | 2.4044312896445038 × 10^285 |
| 150 | ov_150 | 1.6700836377097764 × 10^285 |
| 151 | ov_151 | 1.1235324481369228 × 10^285 |
| 152 | ov_152 | 7.268133908490245 × 10^284 |
| 153 | ov_153 | 4.457306320965572 × 10^284 |
| 154 | ov_154 | 2.4985490803900554 × 10^284 |
| 155 | ov_155 | 1.2491305355585204 × 10^284 |
| 156 | aaa_76_25 | 4.800619707360442 × 10^283 |
| 157 | aaa_76_26 | 2.7731583369541207 × 10^283 |
| 158 | aaa_76_27 | 1.4200837729030508 × 10^283 |
| 159 | aaa_76_28 | 5.531792097738985 × 10^282 |
| 160 | aaa_76_29 | 1.6831544375967426 × 10^282 |

### Output Bits Sorted by Complexity

| Rank | Output Bit | Complexity |
|:----:|:----------:|:----------:|
| 160 | aaa_76_29 | 1.6831544375967426 × 10^282 |
| 159 | aaa_76_28 | 5.531792097738985 × 10^282 |
| 158 | aaa_76_27 | 1.4200837729030508 × 10^283 |
| 157 | aaa_76_26 | 2.7731583369541207 × 10^283 |
| 156 | aaa_76_25 | 4.800619707360442 × 10^283 |
| 155 | ov_155 | 1.2491305355585204 × 10^284 |
| 154 | ov_154 | 2.4985490803900554 × 10^284 |
| 153 | ov_153 | 4.457306320965572 × 10^284 |
| 152 | ov_152 | 7.268133908490245 × 10^284 |
| 151 | ov_151 | 1.1235324481369228 × 10^285 |
| 150 | ov_150 | 1.6700836377097764 × 10^285 |
| 149 | ov_149 | 2.4044312896445038 × 10^285 |
| 148 | ov_148 | 3.368311636304943 × 10^285 |
| 147 | ov_147 | 4.607238610379786 × 10^285 |
| 146 | ov_146 | 6.170513422850522 × 10^285 |
| 145 | ov_145 | 8.111239833771774 × 10^285 |
| 144 | ov_144 | 1.0486347386021601 × 10^286 |
| 143 | ov_143 | 1.3356625137364631 × 10^286 |
| 142 | ov_142 | 1.6786768691507915 × 10^286 |
| 141 | ov_141 | 2.0845443594400747 × 10^286 |
| 140 | ov_140 | 2.5605368427970347 × 10^286 |
| 139 | ov_139 | 3.1143421200009775 × 10^286 |
| 138 | ov_138 | 3.7540772896372913 × 10^286 |
| 137 | ov_137 | 4.488305233046867 × 10^286 |
| 136 | ov_136 | 5.326054669596179 × 10^286 |
| 135 | ov_135 | 6.276844250247635 × 10^286 |
| 134 | ov_134 | 7.345826097684678 × 10^286 |
| 133 | ov_133 | 8.5435896672237395 × 10^286 |
| 132 | ov_132 | 9.88131595656252 × 10^286 |
| 131 | ov_131 | 1.1370822997654446 × 10^287 |
| 130 | ov_130 | 1.1370830932007243 × 10^287 |
| 129 | ov_129 | 1.1370863729024035 × 10^287 |
| 128 | aaa_77_29 | 1.2247410291814611 × 10^287 |
| 127 | aaa_77_28 | 3.2632783130052846 × 10^287 |
| 126 | ov_126 | 1.0212218585274382 × 10^288 |
| 125 | ov_125 | 2.292562032507177 × 10^288 |
| 124 | ov_124 | 4.363123861526711 × 10^288 |
| 123 | ov_123 | 7.455685272996791 × 10^288 |
| 122 | ov_122 | 1.179303342164014 × 10^289 |
| 121 | ov_121 | 1.7597982411920827 × 10^289 |
| 120 | ov_120 | 2.509340801698668 × 10^289 |
| 119 | ov_119 | 3.450230368613189 × 10^289 |
| 118 | ov_118 | 4.604786352881454 × 10^289 |
| 117 | ov_117 | 5.995360843016921 × 10^289 |
| 116 | ov_116 | 7.644358196143947 × 10^289 |
| 115 | ov_115 | 9.574262549713253 × 10^289 |
| 114 | ov_114 | 1.1807673520824335 × 10^290 |
| 113 | ov_113 | 1.436735283847336 × 10^290 |
| 112 | ov_112 | 1.7276284654513834 × 10^290 |
| 111 | ov_111 | 2.090700353928131 × 10^290 |
| 110 | ov_110 | 2.5655716247665582 × 10^290 |
| 109 | ov_109 | 3.194280223099834 × 10^290 |
| 108 | ov_108 | 4.021344427047061 × 10^290 |
| 107 | ov_107 | 5.0938410476162405 × 10^290 |
| 106 | ov_106 | 6.461501042714403 × 10^290 |
| 105 | ov_105 | 8.176824977325936 × 10^290 |
| 104 | ov_104 | 1.0295220918347144 × 10^291 |
| 103 | ov_103 | 1.2875167511561285 × 10^291 |
| 102 | ov_102 | 1.5978405150594512 × 10^291 |
| 101 | ov_101 | 1.9670158314343434 × 10^291 |
| 100 | ov_100 | 2.4019392321394278 × 10^291 |
| 99 | ov_099 | 2.9099107928616214 × 10^291 |
| 98 | ov_098 | 2.909920300757427 × 10^291 |
| 97 | ov_097 | 2.909950006367515 × 10^291 |
| 96 | aaa_78_29 | 5.637377577956009 × 10^291 |
| 95 | aaa_78_28 | 1.8775079174366135 × 10^292 |
| 94 | ov_094 | 6.167677013335395 × 10^292 |
| 93 | ov_093 | 1.461915865987034 × 10^293 |
| 92 | ov_092 | 2.9681166622525395 × 10^293 |
| 91 | ov_091 | 5.4503496219481665 × 10^293 |
| 90 | ov_090 | 9.608637977063979 × 10^293 |
| 89 | ov_089 | 1.6283148001762367 × 10^294 |
| 88 | ov_088 | 2.5999111026390713 × 10^294 |
| 87 | ov_087 | 3.98771515609105 × 10^294 |
| 86 | ov_086 | 5.917830288028001 × 10^294 |
| 85 | ov_085 | 8.530421804348764 × 10^294 |
| 84 | ov_084 | 1.197974715979804 × 10^295 |
| 83 | ov_083 | 1.6434196979725081 × 10^295 |
| 82 | ov_082 | 2.207634871635743 × 10^295 |
| 81 | ov_081 | 2.9103034723584916 × 10^295 |
| 64 | lv_79_m31 | 3.4921066136832247 × 10^295 |
| 80 | ov_080 | 3.772542653562289 × 10^295 |
| 79 | ov_079 | 4.816913713717691 × 10^295 |
| 78 | ov_078 | 6.067434301630866 × 10^295 |
| 77 | ov_077 | 7.549592779667708 × 10^295 |
| 76 | ov_076 | 9.290364925386176 × 10^295 |
| 75 | ov_075 | 1.1318233153185771 × 10^296 |
| 74 | ov_074 | 1.366320878840583 × 10^296 |
| 73 | ov_073 | 1.635685899946055 × 10^296 |
| 63 | ov_063 | 1.7913644449806756 × 10^296 |
| 72 | ov_072 | 1.9432341137665053 × 10^296 |
| 71 | ov_071 | 2.2924447752298912 × 10^296 |
| 70 | ov_070 | 2.686966574463804 × 10^296 |
| 69 | ov_069 | 3.1306253326560265 × 10^296 |
| 68 | ov_068 | 3.6274338658214014 × 10^296 |
| 67 | ov_067 | 4.18160442566268 × 10^296 |
| 66 | ov_066 | 4.181607005609273 × 10^296 |
| 65 | ov_065 | 4.181617848686692 × 10^296 |
| 62 | ov_062 | 9.187203736986919 × 10^296 |
| 61 | ov_061 | 3.347819907939754 × 10^297 |
| 60 | ov_060 | 9.58058540829178 × 10^297 |
| 59 | ov_059 | 2.31108304090415 × 10^298 |
| 58 | ov_058 | 4.689601413855575 × 10^298 |
| 57 | ov_057 | 8.471911175905007 × 10^298 |
| 56 | ov_056 | 1.4118864551332463 × 10^299 |
| 55 | ov_055 | 2.2634729307436464 × 10^299 |
| 54 | ov_054 | 3.464550321764617 × 10^299 |
| 53 | ov_053 | 5.085980254396246 × 10^299 |
| 52 | ov_052 | 7.277754170057207 × 10^299 |
| 51 | ov_051 | 1.0206410517622353 × 10^300 |
| 50 | ov_050 | 1.4055062856720086 × 10^300 |
| 49 | ov_049 | 1.9023444555543906 × 10^300 |
| 48 | ov_048 | 2.5327976000036655 × 10^300 |
| 47 | ov_047 | 3.3201861353232566 × 10^300 |
| 32 | lv_80_m31 | 3.901989310176098 × 10^300 |
| 46 | ov_046 | 4.289522393663301 × 10^300 |
| 45 | ov_045 | 5.4675290884927304 × 10^300 |
| 44 | ov_044 | 6.882663885184137 × 10^300 |
| 43 | ov_043 | 8.565151367425922 × 10^300 |
| 42 | ov_042 | 1.0547023803488475 × 10^301 |
| 41 | ov_041 | 1.2862172230170525 × 10^301 |
| 40 | ov_040 | 1.5528992196570277 × 10^301 |
| 39 | ov_039 | 1.8566899526361144 × 10^301 |
| 31 | ov_031 | 2.0007471960865175 × 10^301 |
| 38 | ov_038 | 2.2015796417864004 × 10^301 |
| 37 | ov_037 | 2.591778572829799 × 10^301 |
| 36 | ov_036 | 3.03173004474788 × 10^301 |
| 35 | ov_035 | 3.52612550306571 × 10^301 |
| 34 | ov_034 | 4.0799220930789486 × 10^301 |
| 33 | ov_033 | 4.698362879404819 × 10^301 |
| 30 | ov_030 | 1.025719013113522 × 10^302 |
| 29 | ov_029 | 3.355171152610936 × 10^302 |
| 28 | ov_028 | 8.70741113223595 × 10^302 |
| 27 | ov_027 | 1.9460248728703196 × 10^303 |
| 26 | ov_026 | 4.128997950084944 × 10^303 |
| 25 | ov_025 | 8.171426165402395 × 10^303 |
| 24 | ov_024 | 1.5009216721124287 × 10^304 |
| 23 | ov_023 | 2.5762434087160467 × 10^304 |
| 22 | ov_022 | 4.1735340260922786 × 10^304 |
| 21 | ov_021 | 6.44164802773607 × 10^304 |
| 20 | ov_020 | 9.547883822078643 × 10^304 |
| 19 | ov_019 | 1.3678009206303587 × 10^305 |
| 18 | ov_018 | 1.9036300550365948 × 10^305 |
| 17 | ov_017 | 2.5845601080987307 × 10^305 |
| 16 | ov_016 | 3.434740432602115 × 10^305 |
| 15 | ov_015 | 4.480196922735307 × 10^305 |
| 14 | ov_014 | 5.748847583946194 × 10^305 |
| 13 | ov_013 | 7.270523364945392 × 10^305 |
| 12 | ov_012 | 9.076995650555226 × 10^305 |
| 11 | ov_011 | 1.120201194692254 × 10^306 |
| 10 | ov_010 | 1.3681341423894158 × 10^306 |
| 9 | ov_009 | 1.6552832113306273 × 10^306 |
| 8 | ov_008 | 1.9856481696839985 × 10^306 |
| 7 | ov_007 | 2.3634523953298504 × 10^306 |
| 6 | ov_006 | 2.793153307311126 × 10^306 |
| 5 | ov_005 | 3.279454818810805 × 10^306 |
| 4 | ov_004 | 3.8273220607782996 × 10^306 |
| 3 | ov_003 | 4.441998622597735 × 10^306 |
| 2 | ov_002 | 5.129026518108956 × 10^306 |
| 1 | ov_001 | 5.894269064211741 × 10^306 |

