# Results for F001-F002-F003-F004-F005-F006-F007-F008-F009-F010-F011-F012-F013-F014-F015-F016-F017-F018-F019-F020-F021-F022-F023-F024-F025-F026-F027-F028-F029-F030-F031-F032-F033-F034-F035-F036-F037-F038-F039-F040-F041-F042-F043-F044-F045-F046-F047-F048-F049-F050-F051-F052-F053-F054-F055-F056-F057-F058-F059-F060-F061-F062-F063-F064-F065-F066-F067-F068-F069-F070-F071-F072-F073-F074-F075-F076-F077-F078-F079-F080-F081-F082-F083-F084-F085-F086-F087-F088-F089-F090-F091-F092-F093-F094-F095-F096-F097-F098-F099-F100-F101-F102-F103-F104-F105-F106-F107-F108-F109-F110-F111-F112-F113-F114-F115-F116-F117-F118-F119-F120-F121-F122-F123-F124-F125-F126-F127-F128-F129-F130-F131-F132-F133-F134-F135-F136-F137-F138-F139-F140-F141-F142-F143-F144-F145-F146-F147-F148-F149-F150-F151-F152-F153-F154-F155-F156-F157-F158-F159-F160-F161-F162-F163-F164-F165-F166-F167-F168-F169-F170-F171-F172-F173-F174-F175-F176-F177-F178-F179-F180-F181-F182-F183-F184-F185-F186-F187-F188-F189-F190-F191-F192-F193-F194-F195-F196-F197-F198-F199-F200-F201-F202-F203-F204-F205-F206-F207-F208-F209-F210-F211-F212-F213-F214-F215-F216-F217-F218-F219-F220-F221-F222-F223-F224-F225-F226-F227-F228-F229-F230-F231-F232-F233-F234-F235-F236-F237-F238-F239-F240-F241-F242-F243-F244-F245-F246-F247-F248-F249-F250-F251-F252-F253-F254-F255-F256-F257-F258-F259-F260-F261-F262-F263-F264-F265-F266-F267-F268-F269-F270-F271-F272-F273-F274-F275-F276-F277-F278-F279-F280-F281-F282-F283-F284-F285-F286-F287-F288-F289-F290-F291-F292-F293-F294-F295-F296-F297-F298-F299-F300-F301-F302-F303-F304-F305-F306-F307-F308-F309-F310-F311-F312-F313-F314-F315-F316-F317-F318-F319-F320-F321-F322-F323-F324-F325-F326-F327-F328-F329-F330-F331-F332-F333-F334-F335-F336-F337-F338-F339-F340-F341-F342-F343-F344-F345-F346-F347-F348-F349-F350-F351-F352-F353-F354-F355-F356-F357-F358-F359-F360-F361-F362-F363-F364-F365-F366-F367-F368-F369-F370-F371-F372-F373-F374-F375-F376-F377-F378-F379-F380-F381-F382-F383-F384-F385-F386-F387-F388-F389-F390-F391-F392-F393-F394-F395-F396-F397-F398-F399-F400-F401-F402-F403-F404-F405-F406-F407-F408-F409-F410-F411-F412-F413-F414-F415-F416-F417-F418-F419-F420-F421-F422-F423-F424-F425-F426-F427-F428-F429-F430-F431-F432-F433-F434-F435-F436-F437-F438-F439-F440-F441-F442-F443-F444-F445-F446-F447-F448-F449-F450-F451-F452-F453-F454-F455-F456-F457-F458-F459-F460-F461-F462-F463-F464-F465-F466-F467-F468-F469-F470-F471-F472-F473-F474-F475-F476-F477-F478-F479-F480-F481-F482-F483-F484-F485-F486-F487-F488-F489-F490-F491-F492-F493-F494-F495-F496-E498505-F509-F510-F512

## Summary

Number of input bits: 512  
Number of free input bits: 12  
Number of output bits: 160

Number of direct occurrences: 49124  
Number of assignments: 31546  
Number of operations: 11156802
(xor: 11128472,
and: 14900,
or: 13430)

Total complexity: 1.7878659827714713 × 10^300

Least occurring input variable: iv_502 (3895)  
Most occurring input variable: iv_511 (4312)

Most co-occurring input variables: iv_500-iv_511 (2081)  
Least co-occurring input variables: iv_499-iv_502 (1784)

Potentially most occurring input variable: iv_498/iv_511 (4571)  
Potentially least occurring input variable: iv_499/iv_504 (4157)

Least output occurring input variable: iv_498 (64)  
Most output occurring input variable: iv_497 (93)

Most output co-occurring input variables: iv_497-iv_502 (52)  
Least output co-occurring input variables: iv_498-iv_511 (27)

Potentially most output occurring input variable: iv_497/iv_500 (91)  
Potentially least output occurring input variable: iv_497/iv_504 (71)

Least complex input bit: iv_511 (2.578947736712702 × 10^296)  
Most complex input bit: iv_498 (3.886222717908666 × 10^299)

Least complex output bit: aaa_76_29 (3.4224856885709085 × 10^275)  
Most complex output bit: ov_001 (2.7950397581690665 × 10^299)

Least complex input/output complexity: iv_511/aaa_76_29 (4.936841914061837 × 10^271)  
Most complex input/output complexity: iv_498/ov_001 (6.0754816693903 × 10^298)

## Input Bits

### Input Bits in Regular Order

| Input Bit | Complexity | Occurrences | Output Occurrences |
|:---------:|:----------:|:-----------:|:------------------:|
| iv_497 | 6.269436955577852 × 10^297 | 4145 | 93 |
| iv_498 | 3.886222717908666 × 10^299 | 4235 | 64 |
| iv_499 | 2.218887908632368 × 10^298 | 3956 | 81 |
| iv_500 | 3.741833835928552 × 10^298 | 4124 | 76 |
| iv_501 | 6.182145359599994 × 10^298 | 4091 | 83 |
| iv_502 | 9.990500349130698 × 10^298 | 3895 | 82 |
| iv_503 | 1.5844385438027122 × 10^299 | 4056 | 79 |
| iv_504 | 2.463263175987124 × 10^299 | 3937 | 78 |
| iv_506 | 1.8831067580237223 × 10^299 | 3977 | 82 |
| iv_507 | 2.678700376594366 × 10^299 | 4191 | 76 |
| iv_508 | 3.1043181927764862 × 10^299 | 4205 | 81 |
| iv_511 | 2.578947736712702 × 10^296 | 4312 | 80 |

### Input Bits Sorted by Complexity

| Input Bit | Complexity | Occurrences | Output Occurrences |
|:---------:|:----------:|:-----------:|:------------------:|
| iv_511 | 2.578947736712702 × 10^296 | 4312 | 80 |
| iv_497 | 6.269436955577852 × 10^297 | 4145 | 93 |
| iv_499 | 2.218887908632368 × 10^298 | 3956 | 81 |
| iv_500 | 3.741833835928552 × 10^298 | 4124 | 76 |
| iv_501 | 6.182145359599994 × 10^298 | 4091 | 83 |
| iv_502 | 9.990500349130698 × 10^298 | 3895 | 82 |
| iv_503 | 1.5844385438027122 × 10^299 | 4056 | 79 |
| iv_506 | 1.8831067580237223 × 10^299 | 3977 | 82 |
| iv_504 | 2.463263175987124 × 10^299 | 3937 | 78 |
| iv_507 | 2.678700376594366 × 10^299 | 4191 | 76 |
| iv_508 | 3.1043181927764862 × 10^299 | 4205 | 81 |
| iv_498 | 3.886222717908666 × 10^299 | 4235 | 64 |

### Input Bits Sorted by Occurrences

| Input Bit | Complexity | Occurrences | Output Occurrences |
|:---------:|:----------:|:-----------:|:------------------:|
| iv_502 | 9.990500349130698 × 10^298 | 3895 | 82 |
| iv_504 | 2.463263175987124 × 10^299 | 3937 | 78 |
| iv_499 | 2.218887908632368 × 10^298 | 3956 | 81 |
| iv_506 | 1.8831067580237223 × 10^299 | 3977 | 82 |
| iv_503 | 1.5844385438027122 × 10^299 | 4056 | 79 |
| iv_501 | 6.182145359599994 × 10^298 | 4091 | 83 |
| iv_500 | 3.741833835928552 × 10^298 | 4124 | 76 |
| iv_497 | 6.269436955577852 × 10^297 | 4145 | 93 |
| iv_507 | 2.678700376594366 × 10^299 | 4191 | 76 |
| iv_508 | 3.1043181927764862 × 10^299 | 4205 | 81 |
| iv_498 | 3.886222717908666 × 10^299 | 4235 | 64 |
| iv_511 | 2.578947736712702 × 10^296 | 4312 | 80 |

### Input Bits Sorted by Output Occurrences

| Input Bit | Complexity | Occurrences | Output Occurrences |
|:---------:|:----------:|:-----------:|:------------------:|
| iv_498 | 3.886222717908666 × 10^299 | 4235 | 64 |
| iv_500 | 3.741833835928552 × 10^298 | 4124 | 76 |
| iv_507 | 2.678700376594366 × 10^299 | 4191 | 76 |
| iv_504 | 2.463263175987124 × 10^299 | 3937 | 78 |
| iv_503 | 1.5844385438027122 × 10^299 | 4056 | 79 |
| iv_511 | 2.578947736712702 × 10^296 | 4312 | 80 |
| iv_499 | 2.218887908632368 × 10^298 | 3956 | 81 |
| iv_508 | 3.1043181927764862 × 10^299 | 4205 | 81 |
| iv_502 | 9.990500349130698 × 10^298 | 3895 | 82 |
| iv_506 | 1.8831067580237223 × 10^299 | 3977 | 82 |
| iv_501 | 6.182145359599994 × 10^298 | 4091 | 83 |
| iv_497 | 6.269436955577852 × 10^297 | 4145 | 93 |

## Input Bit Co-occurrences

### Input Bit Co-occurrences Sorted by Co-occurrences

| Input Bits | Co-occurrences | Potential Occurrences | Output Co-occurrences | Potential Output Occurrences |
|:----------:|:--------------:|:---------------------:|:---------------------:|:----------------------------:|
| iv_500-iv_511 | 2081 | 4274 | 38 | 80 |
| iv_507-iv_508 | 2054 | 4288 | 43 | 71 |
| iv_497-iv_507 | 2050 | 4236 | 44 | 81 |
| iv_498-iv_508 | 2038 | 4364 | 31 | 83 |
| iv_501-iv_511 | 2034 | 4335 | 39 | 85 |
| iv_503-iv_511 | 2029 | 4310 | 41 | 77 |
| iv_507-iv_511 | 2015 | 4473 | 39 | 78 |
| iv_497-iv_511 | 2010 | 4437 | 47 | 79 |
| iv_497-iv_501 | 2008 | 4220 | 48 | 80 |
| iv_498-iv_500 | 2005 | 4349 | 30 | 80 |
| iv_508-iv_511 | 2005 | 4507 | 40 | 81 |
| iv_497-iv_498 | 2000 | 4380 | 34 | 89 |

### Input Bit Co-occurrences Sorted by Potential Occurrences

| Input Bits | Co-occurrences | Potential Occurrences | Output Co-occurrences | Potential Output Occurrences |
|:----------:|:--------------:|:---------------------:|:---------------------:|:----------------------------:|
| iv_499-iv_504 | 1868 | 4157 | 38 | 83 |
| iv_504-iv_506 | 1878 | 4158 | 42 | 76 |
| iv_506-iv_507 | 1997 | 4174 | 39 | 80 |
| iv_499-iv_501 | 1932 | 4183 | 44 | 76 |
| iv_500-iv_503 | 1989 | 4202 | 41 | 73 |
| iv_499-iv_503 | 1901 | 4210 | 44 | 72 |
| iv_497-iv_506 | 1955 | 4212 | 51 | 73 |
| iv_502-iv_504 | 1809 | 4214 | 42 | 76 |
| iv_497-iv_501 | 2008 | 4220 | 48 | 80 |
| iv_497-iv_504 | 1929 | 4224 | 50 | 71 |
| iv_499-iv_508 | 1968 | 4225 | 43 | 76 |
| iv_497-iv_502 | 1905 | 4230 | 52 | 71 |

### Input Bit Output Co-occurrences Sorted by Output Co-occurrences

| Input Bits | Co-occurrences | Potential Occurrences | Output Co-occurrences | Potential Output Occurrences |
|:----------:|:--------------:|:---------------------:|:---------------------:|:----------------------------:|
| iv_497-iv_502 | 1905 | 4230 | 52 | 71 |
| iv_497-iv_506 | 1955 | 4212 | 51 | 73 |
| iv_497-iv_504 | 1929 | 4224 | 50 | 71 |
| iv_497-iv_501 | 2008 | 4220 | 48 | 80 |
| iv_497-iv_503 | 1949 | 4303 | 48 | 76 |
| iv_497-iv_511 | 2010 | 4437 | 47 | 79 |
| iv_497-iv_508 | 1963 | 4424 | 46 | 82 |
| iv_502-iv_511 | 1924 | 4359 | 45 | 72 |
| iv_497-iv_499 | 1925 | 4251 | 45 | 84 |
| iv_499-iv_501 | 1932 | 4183 | 44 | 76 |
| iv_499-iv_503 | 1901 | 4210 | 44 | 72 |
| iv_501-iv_506 | 1866 | 4336 | 44 | 77 |

### Input Bit Output Co-occurrences Sorted by Potential Output Occurrences

| Input Bits | Co-occurrences | Potential Occurrences | Output Co-occurrences | Potential Output Occurrences |
|:----------:|:--------------:|:---------------------:|:---------------------:|:----------------------------:|
| iv_497-iv_504 | 1929 | 4224 | 50 | 71 |
| iv_497-iv_502 | 1905 | 4230 | 52 | 71 |
| iv_507-iv_508 | 2054 | 4288 | 43 | 71 |
| iv_499-iv_503 | 1901 | 4210 | 44 | 72 |
| iv_502-iv_511 | 1924 | 4359 | 45 | 72 |
| iv_499-iv_500 | 1899 | 4282 | 42 | 73 |
| iv_500-iv_503 | 1989 | 4202 | 41 | 73 |
| iv_503-iv_504 | 1859 | 4275 | 42 | 73 |
| iv_503-iv_506 | 1832 | 4369 | 44 | 73 |
| iv_497-iv_506 | 1955 | 4212 | 51 | 73 |
| iv_498-iv_499 | 1869 | 4453 | 36 | 73 |
| iv_502-iv_507 | 1902 | 4282 | 42 | 74 |

## Output Bits

### Output Bits in Regular Order

| Rank | Output Bit | Complexity |
|:----:|:----------:|:----------:|
| 1 | ov_001 | 2.7950397581690665 × 10^299 |
| 2 | ov_002 | 2.4321672308568893 × 10^299 |
| 3 | ov_003 | 2.1063829807417354 × 10^299 |
| 4 | ov_004 | 1.8149068007968428 × 10^299 |
| 5 | ov_005 | 1.5551108262663644 × 10^299 |
| 6 | ov_006 | 1.3245086863208213 × 10^299 |
| 7 | ov_007 | 1.1207460370618081 × 10^299 |
| 8 | ov_008 | 9.415923870731276 × 10^298 |
| 9 | ov_009 | 7.849341167077024 × 10^298 |
| 10 | ov_010 | 6.487685742305133 × 10^298 |
| 11 | ov_011 | 5.311991306409374 × 10^298 |
| 12 | ov_012 | 4.304310817894179 × 10^298 |
| 13 | ov_013 | 3.447682930571742 × 10^298 |
| 14 | ov_014 | 2.726104884139327 × 10^298 |
| 15 | ov_015 | 2.1245109213267172 × 10^298 |
| 16 | ov_016 | 1.6287553784280512 × 10^298 |
| 17 | ov_017 | 1.2255996596066456 × 10^298 |
| 18 | ov_018 | 9.027023686149975 × 10^297 |
| 19 | ov_019 | 6.486119346047008 × 10^297 |
| 20 | ov_020 | 4.527611612675214 × 10^297 |
| 21 | ov_021 | 3.0546327646503245 × 10^297 |
| 22 | ov_022 | 1.9790917376468876 × 10^297 |
| 23 | ov_023 | 1.2216555856985508 × 10^297 |
| 24 | ov_024 | 7.117374287710653 × 10^296 |
| 25 | ov_025 | 3.874890772269609 × 10^296 |
| 26 | ov_026 | 1.9579699120114706 × 10^296 |
| 27 | ov_027 | 9.228037925717366 × 10^295 |
| 28 | ov_028 | 4.129044861230286 × 10^295 |
| 29 | ov_029 | 1.591016376146169 × 10^295 |
| 30 | ov_030 | 4.8639337349618575 × 10^294 |
| 31 | ov_031 | 9.487470865955185 × 10^293 |
| 32 | lv_80_m31 | 1.8503043659814854 × 10^293 |
| 33 | ov_033 | 2.227708415864381 × 10^294 |
| 34 | ov_034 | 1.934444477668658 × 10^294 |
| 35 | ov_035 | 1.6718325517111546 × 10^294 |
| 36 | ov_036 | 1.4373885241604562 × 10^294 |
| 37 | ov_037 | 1.2287631840151707 × 10^294 |
| 38 | ov_038 | 1.0437327474023346 × 10^294 |
| 39 | ov_039 | 8.801906434866844 × 10^293 |
| 40 | ov_040 | 7.361404406811417 × 10^293 |
| 41 | ov_041 | 6.0968979924740046 × 10^293 |
| 42 | ov_042 | 4.999178770556503 × 10^293 |
| 43 | ov_043 | 4.059521404402636 × 10^293 |
| 44 | ov_044 | 3.2618494102801308 × 10^293 |
| 45 | ov_045 | 2.590967570801307 × 10^293 |
| 46 | ov_046 | 2.032538039294698 × 10^293 |
| 47 | ov_047 | 1.573061242486002 × 10^293 |
| 48 | ov_048 | 1.1998608763400549 × 10^293 |
| 49 | ov_049 | 9.010723443484259 × 10^292 |
| 50 | ov_050 | 6.656340409750997 × 10^292 |
| 51 | ov_051 | 4.832809356176472 × 10^292 |
| 52 | ov_052 | 3.4453996449564214 × 10^292 |
| 53 | ov_053 | 2.407268106569393 × 10^292 |
| 54 | ov_054 | 1.6394374592981595 × 10^292 |
| 55 | ov_055 | 1.070782597949953 × 10^292 |
| 56 | ov_056 | 6.677027073993653 × 10^291 |
| 57 | ov_057 | 4.0051728502718316 × 10^291 |
| 58 | ov_058 | 2.2161977583532718 × 10^291 |
| 59 | ov_059 | 1.091656521209992 × 10^291 |
| 60 | ov_060 | 4.522743301198155 × 10^290 |
| 61 | ov_061 | 1.579451754323289 × 10^290 |
| 62 | ov_062 | 4.3318038779331305 × 10^289 |
| 63 | ov_063 | 8.441156442678394 × 10^288 |
| 64 | lv_79_m31 | 1.644543430497087 × 10^288 |
| 65 | ov_065 | 1.9717719829789146 × 10^289 |
| 66 | ov_066 | 1.9717659727055005 × 10^289 |
| 67 | ov_067 | 1.9717645017708366 × 10^289 |
| 68 | ov_068 | 1.707366625359801 × 10^289 |
| 69 | ov_069 | 1.4712318964469617 × 10^289 |
| 70 | ov_070 | 1.2610836855811752 × 10^289 |
| 71 | ov_071 | 1.0747854140672502 × 10^289 |
| 72 | ov_072 | 9.103310708242421 × 10^288 |
| 73 | ov_073 | 7.658365683202038 × 10^288 |
| 74 | ov_074 | 6.39531893047718 × 10^288 |
| 75 | ov_075 | 5.297540077324429 × 10^288 |
| 76 | ov_076 | 4.3494046389106775 × 10^288 |
| 77 | ov_077 | 3.5362368451381454 × 10^288 |
| 78 | ov_078 | 2.8442587757574814 × 10^288 |
| 79 | ov_079 | 2.2605454181399807 × 10^288 |
| 80 | ov_080 | 1.7729852677542443 × 10^288 |
| 81 | ov_081 | 1.3702460956964523 × 10^288 |
| 82 | ov_082 | 1.0417455108164794 × 10^288 |
| 83 | ov_083 | 7.776259462964248 × 10^287 |
| 84 | ov_084 | 5.687337021715669 × 10^287 |
| 85 | ov_085 | 4.066016763968692 × 10^287 |
| 86 | ov_086 | 2.8343541778960626 × 10^287 |
| 87 | ov_087 | 1.921021346368551 × 10^287 |
| 88 | ov_088 | 1.2612229303593975 × 10^287 |
| 89 | ov_089 | 7.966343919775752 × 10^286 |
| 90 | ov_090 | 4.753588002892105 × 10^286 |
| 91 | ov_091 | 2.730502394512108 × 10^286 |
| 92 | ov_092 | 1.5059348981719248 × 10^286 |
| 93 | ov_093 | 7.524659326989729 × 10^285 |
| 94 | ov_094 | 3.223113538607579 × 10^285 |
| 95 | aaa_78_28 | 9.952604254577943 × 10^284 |
| 96 | aaa_78_29 | 3.056463030509092 × 10^284 |
| 97 | ov_097 | 2.017959563794749 × 10^284 |
| 98 | ov_098 | 2.0178990617906467 × 10^284 |
| 99 | ov_099 | 2.017879728664372 × 10^284 |
| 100 | ov_100 | 1.8156813225421176 × 10^284 |
| 101 | ov_101 | 1.6284379665099942 × 10^284 |
| 102 | ov_102 | 1.4553251309816583 × 10^284 |
| 103 | ov_103 | 1.2955781893390052 × 10^284 |
| 104 | ov_104 | 1.1484847227889819 × 10^284 |
| 105 | ov_105 | 1.0133775220954201 × 10^284 |
| 106 | ov_106 | 8.896282498571043 × 10^283 |
| 107 | ov_107 | 7.766417283520594 × 10^283 |
| 108 | ov_108 | 6.738508190617672 × 10^283 |
| 109 | ov_109 | 5.80711860862216 × 10^283 |
| 110 | ov_110 | 4.967006345518735 × 10^283 |
| 111 | ov_111 | 4.213088219090851 × 10^283 |
| 112 | ov_112 | 3.5404092786018353 × 10^283 |
| 113 | ov_113 | 2.944116346196472 × 10^283 |
| 114 | ov_114 | 2.4194355685778885 × 10^283 |
| 115 | ov_115 | 1.961653670802726 × 10^283 |
| 116 | ov_116 | 1.5661026048556084 × 10^283 |
| 117 | ov_117 | 1.228147286163694 × 10^283 |
| 118 | ov_118 | 9.431761115077306 × 10^282 |
| 119 | ov_119 | 7.065937000078332 × 10^282 |
| 120 | ov_120 | 5.138152989575432 × 10^282 |
| 121 | ov_121 | 3.6026280022828824 × 10^282 |
| 122 | ov_122 | 2.4136217586692954 × 10^282 |
| 123 | ov_123 | 1.5254179071874084 × 10^282 |
| 124 | ov_124 | 8.923126358515635 × 10^281 |
| 125 | ov_125 | 4.686076125715865 × 10^281 |
| 126 | ov_126 | 2.0860638151669266 × 10^281 |
| 127 | aaa_77_28 | 6.661297875489996 × 10^280 |
| 128 | aaa_77_29 | 2.4973121567607007 × 10^280 |
| 129 | ov_129 | 2.3220572562610074 × 10^280 |
| 130 | ov_130 | 2.3220505873946157 × 10^280 |
| 131 | ov_131 | 2.322048974042431 × 10^280 |
| 132 | ov_132 | 2.0152029130143144 × 10^280 |
| 133 | ov_133 | 1.7402129063104296 × 10^280 |
| 134 | ov_134 | 1.4946759037857833 × 10^280 |
| 135 | ov_135 | 1.2763183883061449 × 10^280 |
| 136 | ov_136 | 1.0829871255398782 × 10^280 |
| 137 | ov_137 | 9.126411733449962 × 10^279 |
| 138 | ov_138 | 7.633450321672557 × 10^279 |
| 139 | ov_139 | 6.332628239626967 × 10^279 |
| 140 | ov_140 | 5.206533930690949 × 10^279 |
| 141 | ov_141 | 4.2386622821566814 × 10^279 |
| 142 | ov_142 | 3.4133811051318434 × 10^279 |
| 143 | ov_143 | 2.71590397835816 × 10^279 |
| 144 | ov_144 | 2.1322686151480196 × 10^279 |
| 145 | ov_145 | 1.6493199673045768 × 10^279 |
| 146 | ov_146 | 1.2546973342709952 × 10^279 |
| 147 | ov_147 | 9.368247999489681 × 10^278 |
| 148 | ov_148 | 6.849043737023697 × 10^278 |
| 149 | ov_149 | 4.8891126606252554 × 10^278 |
| 150 | ov_150 | 3.3959078360459956 × 10^278 |
| 151 | ov_151 | 2.2845638138672263 × 10^278 |
| 152 | ov_152 | 1.4778848399097069 × 10^278 |
| 153 | ov_153 | 9.063379296379281 × 10^277 |
| 154 | ov_154 | 5.080489510276245 × 10^277 |
| 155 | ov_155 | 2.539951939760824 × 10^277 |
| 156 | aaa_76_25 | 9.761464467802949 × 10^276 |
| 157 | aaa_76_26 | 5.638873358650244 × 10^276 |
| 158 | aaa_76_27 | 2.887564135214722 × 10^276 |
| 159 | aaa_76_28 | 1.124821279698787 × 10^276 |
| 160 | aaa_76_29 | 3.4224856885709085 × 10^275 |

### Output Bits Sorted by Complexity

| Rank | Output Bit | Complexity |
|:----:|:----------:|:----------:|
| 160 | aaa_76_29 | 3.4224856885709085 × 10^275 |
| 159 | aaa_76_28 | 1.124821279698787 × 10^276 |
| 158 | aaa_76_27 | 2.887564135214722 × 10^276 |
| 157 | aaa_76_26 | 5.638873358650244 × 10^276 |
| 156 | aaa_76_25 | 9.761464467802949 × 10^276 |
| 155 | ov_155 | 2.539951939760824 × 10^277 |
| 154 | ov_154 | 5.080489510276245 × 10^277 |
| 153 | ov_153 | 9.063379296379281 × 10^277 |
| 152 | ov_152 | 1.4778848399097069 × 10^278 |
| 151 | ov_151 | 2.2845638138672263 × 10^278 |
| 150 | ov_150 | 3.3959078360459956 × 10^278 |
| 149 | ov_149 | 4.8891126606252554 × 10^278 |
| 148 | ov_148 | 6.849043737023697 × 10^278 |
| 147 | ov_147 | 9.368247999489681 × 10^278 |
| 146 | ov_146 | 1.2546973342709952 × 10^279 |
| 145 | ov_145 | 1.6493199673045768 × 10^279 |
| 144 | ov_144 | 2.1322686151480196 × 10^279 |
| 143 | ov_143 | 2.71590397835816 × 10^279 |
| 142 | ov_142 | 3.4133811051318434 × 10^279 |
| 141 | ov_141 | 4.2386622821566814 × 10^279 |
| 140 | ov_140 | 5.206533930690949 × 10^279 |
| 139 | ov_139 | 6.332628239626967 × 10^279 |
| 138 | ov_138 | 7.633450321672557 × 10^279 |
| 137 | ov_137 | 9.126411733449962 × 10^279 |
| 136 | ov_136 | 1.0829871255398782 × 10^280 |
| 135 | ov_135 | 1.2763183883061449 × 10^280 |
| 134 | ov_134 | 1.4946759037857833 × 10^280 |
| 133 | ov_133 | 1.7402129063104296 × 10^280 |
| 132 | ov_132 | 2.0152029130143144 × 10^280 |
| 131 | ov_131 | 2.322048974042431 × 10^280 |
| 130 | ov_130 | 2.3220505873946157 × 10^280 |
| 129 | ov_129 | 2.3220572562610074 × 10^280 |
| 128 | aaa_77_29 | 2.4973121567607007 × 10^280 |
| 127 | aaa_77_28 | 6.661297875489996 × 10^280 |
| 126 | ov_126 | 2.0860638151669266 × 10^281 |
| 125 | ov_125 | 4.686076125715865 × 10^281 |
| 124 | ov_124 | 8.923126358515635 × 10^281 |
| 123 | ov_123 | 1.5254179071874084 × 10^282 |
| 122 | ov_122 | 2.4136217586692954 × 10^282 |
| 121 | ov_121 | 3.6026280022828824 × 10^282 |
| 120 | ov_120 | 5.138152989575432 × 10^282 |
| 119 | ov_119 | 7.065937000078332 × 10^282 |
| 118 | ov_118 | 9.431761115077306 × 10^282 |
| 117 | ov_117 | 1.228147286163694 × 10^283 |
| 116 | ov_116 | 1.5661026048556084 × 10^283 |
| 115 | ov_115 | 1.961653670802726 × 10^283 |
| 114 | ov_114 | 2.4194355685778885 × 10^283 |
| 113 | ov_113 | 2.944116346196472 × 10^283 |
| 112 | ov_112 | 3.5404092786018353 × 10^283 |
| 111 | ov_111 | 4.213088219090851 × 10^283 |
| 110 | ov_110 | 4.967006345518735 × 10^283 |
| 109 | ov_109 | 5.80711860862216 × 10^283 |
| 108 | ov_108 | 6.738508190617672 × 10^283 |
| 107 | ov_107 | 7.766417283520594 × 10^283 |
| 106 | ov_106 | 8.896282498571043 × 10^283 |
| 105 | ov_105 | 1.0133775220954201 × 10^284 |
| 104 | ov_104 | 1.1484847227889819 × 10^284 |
| 103 | ov_103 | 1.2955781893390052 × 10^284 |
| 102 | ov_102 | 1.4553251309816583 × 10^284 |
| 101 | ov_101 | 1.6284379665099942 × 10^284 |
| 100 | ov_100 | 1.8156813225421176 × 10^284 |
| 99 | ov_099 | 2.017879728664372 × 10^284 |
| 98 | ov_098 | 2.0178990617906467 × 10^284 |
| 97 | ov_097 | 2.017959563794749 × 10^284 |
| 96 | aaa_78_29 | 3.056463030509092 × 10^284 |
| 95 | aaa_78_28 | 9.952604254577943 × 10^284 |
| 94 | ov_094 | 3.223113538607579 × 10^285 |
| 93 | ov_093 | 7.524659326989729 × 10^285 |
| 92 | ov_092 | 1.5059348981719248 × 10^286 |
| 91 | ov_091 | 2.730502394512108 × 10^286 |
| 90 | ov_090 | 4.753588002892105 × 10^286 |
| 89 | ov_089 | 7.966343919775752 × 10^286 |
| 88 | ov_088 | 1.2612229303593975 × 10^287 |
| 87 | ov_087 | 1.921021346368551 × 10^287 |
| 86 | ov_086 | 2.8343541778960626 × 10^287 |
| 85 | ov_085 | 4.066016763968692 × 10^287 |
| 84 | ov_084 | 5.687337021715669 × 10^287 |
| 83 | ov_083 | 7.776259462964248 × 10^287 |
| 82 | ov_082 | 1.0417455108164794 × 10^288 |
| 81 | ov_081 | 1.3702460956964523 × 10^288 |
| 64 | lv_79_m31 | 1.644543430497087 × 10^288 |
| 80 | ov_080 | 1.7729852677542443 × 10^288 |
| 79 | ov_079 | 2.2605454181399807 × 10^288 |
| 78 | ov_078 | 2.8442587757574814 × 10^288 |
| 77 | ov_077 | 3.5362368451381454 × 10^288 |
| 76 | ov_076 | 4.3494046389106775 × 10^288 |
| 75 | ov_075 | 5.297540077324429 × 10^288 |
| 74 | ov_074 | 6.39531893047718 × 10^288 |
| 73 | ov_073 | 7.658365683202038 × 10^288 |
| 63 | ov_063 | 8.441156442678394 × 10^288 |
| 72 | ov_072 | 9.103310708242421 × 10^288 |
| 71 | ov_071 | 1.0747854140672502 × 10^289 |
| 70 | ov_070 | 1.2610836855811752 × 10^289 |
| 69 | ov_069 | 1.4712318964469617 × 10^289 |
| 68 | ov_068 | 1.707366625359801 × 10^289 |
| 67 | ov_067 | 1.9717645017708366 × 10^289 |
| 66 | ov_066 | 1.9717659727055005 × 10^289 |
| 65 | ov_065 | 1.9717719829789146 × 10^289 |
| 62 | ov_062 | 4.3318038779331305 × 10^289 |
| 61 | ov_061 | 1.579451754323289 × 10^290 |
| 60 | ov_060 | 4.522743301198155 × 10^290 |
| 59 | ov_059 | 1.091656521209992 × 10^291 |
| 58 | ov_058 | 2.2161977583532718 × 10^291 |
| 57 | ov_057 | 4.0051728502718316 × 10^291 |
| 56 | ov_056 | 6.677027073993653 × 10^291 |
| 55 | ov_055 | 1.070782597949953 × 10^292 |
| 54 | ov_054 | 1.6394374592981595 × 10^292 |
| 53 | ov_053 | 2.407268106569393 × 10^292 |
| 52 | ov_052 | 3.4453996449564214 × 10^292 |
| 51 | ov_051 | 4.832809356176472 × 10^292 |
| 50 | ov_050 | 6.656340409750997 × 10^292 |
| 49 | ov_049 | 9.010723443484259 × 10^292 |
| 48 | ov_048 | 1.1998608763400549 × 10^293 |
| 47 | ov_047 | 1.573061242486002 × 10^293 |
| 32 | lv_80_m31 | 1.8503043659814854 × 10^293 |
| 46 | ov_046 | 2.032538039294698 × 10^293 |
| 45 | ov_045 | 2.590967570801307 × 10^293 |
| 44 | ov_044 | 3.2618494102801308 × 10^293 |
| 43 | ov_043 | 4.059521404402636 × 10^293 |
| 42 | ov_042 | 4.999178770556503 × 10^293 |
| 41 | ov_041 | 6.0968979924740046 × 10^293 |
| 40 | ov_040 | 7.361404406811417 × 10^293 |
| 39 | ov_039 | 8.801906434866844 × 10^293 |
| 31 | ov_031 | 9.487470865955185 × 10^293 |
| 38 | ov_038 | 1.0437327474023346 × 10^294 |
| 37 | ov_037 | 1.2287631840151707 × 10^294 |
| 36 | ov_036 | 1.4373885241604562 × 10^294 |
| 35 | ov_035 | 1.6718325517111546 × 10^294 |
| 34 | ov_034 | 1.934444477668658 × 10^294 |
| 33 | ov_033 | 2.227708415864381 × 10^294 |
| 30 | ov_030 | 4.8639337349618575 × 10^294 |
| 29 | ov_029 | 1.591016376146169 × 10^295 |
| 28 | ov_028 | 4.129044861230286 × 10^295 |
| 27 | ov_027 | 9.228037925717366 × 10^295 |
| 26 | ov_026 | 1.9579699120114706 × 10^296 |
| 25 | ov_025 | 3.874890772269609 × 10^296 |
| 24 | ov_024 | 7.117374287710653 × 10^296 |
| 23 | ov_023 | 1.2216555856985508 × 10^297 |
| 22 | ov_022 | 1.9790917376468876 × 10^297 |
| 21 | ov_021 | 3.0546327646503245 × 10^297 |
| 20 | ov_020 | 4.527611612675214 × 10^297 |
| 19 | ov_019 | 6.486119346047008 × 10^297 |
| 18 | ov_018 | 9.027023686149975 × 10^297 |
| 17 | ov_017 | 1.2255996596066456 × 10^298 |
| 16 | ov_016 | 1.6287553784280512 × 10^298 |
| 15 | ov_015 | 2.1245109213267172 × 10^298 |
| 14 | ov_014 | 2.726104884139327 × 10^298 |
| 13 | ov_013 | 3.447682930571742 × 10^298 |
| 12 | ov_012 | 4.304310817894179 × 10^298 |
| 11 | ov_011 | 5.311991306409374 × 10^298 |
| 10 | ov_010 | 6.487685742305133 × 10^298 |
| 9 | ov_009 | 7.849341167077024 × 10^298 |
| 8 | ov_008 | 9.415923870731276 × 10^298 |
| 7 | ov_007 | 1.1207460370618081 × 10^299 |
| 6 | ov_006 | 1.3245086863208213 × 10^299 |
| 5 | ov_005 | 1.5551108262663644 × 10^299 |
| 4 | ov_004 | 1.8149068007968428 × 10^299 |
| 3 | ov_003 | 2.1063829807417354 × 10^299 |
| 2 | ov_002 | 2.4321672308568893 × 10^299 |
| 1 | ov_001 | 2.7950397581690665 × 10^299 |

