# Results for F001-F002-F003-F004-F005-F006-F007-F008-F009-F010-F011-F012-F013-F014-F015-F016-F017-F018-F019-F020-F021-F022-F023-F024-F025-F026-F027-F028-F029-F030-F031-F032-F033-F034-F035-F036-F037-F038-F039-F040-F041-F042-F043-F044-F045-F046-F047-F048-F049-F050-F051-F052-F053-F054-F055-F056-F057-F058-F059-F060-F061-F062-F063-F064-F065-F066-F067-F068-F069-F070-F071-F072-F073-F074-F075-F076-F077-F078-F079-F080-F081-F082-F083-F084-F085-F086-F087-F088-F089-F090-F091-F092-F093-F094-F095-F096-F097-F098-F099-F100-F101-F102-F103-F104-F105-F106-F107-F108-F109-F110-F111-F112-F113-F114-F115-F116-F117-F118-F119-F120-F121-F122-F123-F124-F125-F126-F127-F128-F129-F130-F131-F132-F133-F134-F135-F136-F137-F138-F139-F140-F141-F142-F143-F144-F145-F146-F147-F148-F149-F150-F151-F152-F153-F154-F155-F156-F157-F158-F159-F160-F161-F162-F163-F164-F165-F166-F167-F168-F169-F170-F171-F172-F173-F174-F175-F176-F177-F178-F179-F180-F181-F182-F183-F184-F185-F186-F187-F188-F189-F190-F191-F192-F193-F194-F195-F196-F197-F198-F199-F200-F201-F202-F203-F204-F205-F206-F207-F208-F209-F210-F211-F212-F213-F214-F215-F216-F217-F218-F219-F220-F221-F222-F223-F224-F225-F226-F227-F228-F229-F230-F231-F232-F233-F234-F235-F236-F237-F238-F239-F240-F241-F242-F243-F244-F245-F246-F247-F248-F249-F250-F251-F252-F253-F254-F255-F256-F257-F258-F259-F260-F261-F262-F263-F264-F265-F266-F267-F268-F269-F270-F271-F272-F273-F274-F275-F276-F277-F278-F279-F280-F281-F282-F283-F284-F285-F286-F287-F288-F289-F290-F291-F292-F293-F294-F295-F296-F297-F298-F299-F300-F301-F302-F303-F304-F305-F306-F307-F308-F309-F310-F311-F312-F313-F314-F315-F316-F317-F318-F319-F320-F321-F322-F323-F324-F325-F326-F327-F328-F329-F330-F331-F332-F333-F334-F335-F336-F337-F338-F339-F340-F341-F342-F343-F344-F345-F346-F347-F348-F349-F350-F351-F352-F353-F354-F355-F356-F357-F358-F359-F360-F361-F362-F363-F364-F365-F366-F367-F368-F369-F370-F371-F372-F373-F374-F375-F376-F377-F378-F379-F380-F381-F382-F383-F384-F385-F386-F387-F388-F389-F390-F391-F392-F393-F394-F395-F396-F397-F398-F399-F400-F401-F402-F403-F404-F405-F406-F407-F408-F409-F410-F411-F412-F413-F414-F415-F416-F417-F418-F419-F420-F421-F422-F423-F424-F425-F426-F427-F428-F429-F430-F431-F432-F433-F434-F435-F436-F437-F438-F439-F440-F441-F442-F443-F444-F445-F446-F447-F448-F449-F450-F451-F452-F453-F454-F455-F456-F457-F458-F459-F460-F461-F462-F463-F464-F465-F466-F467-F468-F469-F470-F471-F472-F473-F474-F475-F476-F477-F478-F479-F480-F481-F482-F483-F484-F485-F486-F487-F488-F489-F490-F491-F492-F493-F494-F495-F496-E507509-F510-F511-F512

## Summary

Number of input bits: 512  
Number of free input bits: 12  
Number of output bits: 160

Number of direct occurrences: 48212  
Number of assignments: 31333  
Number of operations: 10951577
(xor: 10923426,
and: 14757,
or: 13394)

Total complexity: 9.103093046868429 × 10^298

Least occurring input variable: iv_502 (3855)  
Most occurring input variable: iv_507 (4264)

Most co-occurring input variables: iv_501-iv_505 (2017)  
Least co-occurring input variables: iv_498-iv_502 (1747)

Potentially most occurring input variable: iv_503/iv_507 (4557)  
Potentially least occurring input variable: iv_504/iv_505 (3984)

Least output occurring input variable: iv_505 (72)  
Most output occurring input variable: iv_497 (93)

Most output co-occurring input variables: iv_497-iv_502 (52)  
Least output co-occurring input variables: iv_500-iv_505 (33)

Potentially most output occurring input variable: iv_497/iv_500 (91)  
Potentially least output occurring input variable: iv_499/iv_505 (57)

Least complex input bit: iv_497 (2.6586635116383414 × 10^296)  
Most complex input bit: iv_507 (2.5003876060101366 × 10^298)

Least complex output bit: aaa_76_29 (1.8336876172925582 × 10^274)  
Most complex output bit: ov_001 (1.44375940825913 × 10^298)

Least complex input/output complexity: iv_497/aaa_76_29 (5.355496571042839 × 10^271)  
Most complex input/output complexity: iv_507/ov_001 (3.965639054643661 × 10^297)

## Input Bits

### Input Bits in Regular Order

| Input Bit | Complexity | Occurrences | Output Occurrences |
|:---------:|:----------:|:-----------:|:------------------:|
| iv_497 | 2.6586635116383414 × 10^296 | 4117 | 93 |
| iv_498 | 5.296000678486242 × 10^296 | 3909 | 88 |
| iv_499 | 9.31403834148408 × 10^296 | 3914 | 81 |
| iv_500 | 1.565296569002188 × 10^297 | 4084 | 76 |
| iv_501 | 2.5784354119929308 × 10^297 | 4052 | 83 |
| iv_502 | 4.166581511919377 × 10^297 | 3855 | 82 |
| iv_503 | 6.6205035050457 × 10^297 | 4019 | 75 |
| iv_504 | 1.0320465750962392 × 10^298 | 3903 | 78 |
| iv_505 | 1.5806594150686948 × 10^298 | 4051 | 72 |
| iv_506 | 7.996188712042482 × 10^297 | 3924 | 82 |
| iv_507 | 2.5003876060101366 × 10^298 | 4264 | 75 |
| iv_508 | 1.5246118543769998 × 10^298 | 4120 | 74 |

### Input Bits Sorted by Complexity

| Input Bit | Complexity | Occurrences | Output Occurrences |
|:---------:|:----------:|:-----------:|:------------------:|
| iv_497 | 2.6586635116383414 × 10^296 | 4117 | 93 |
| iv_498 | 5.296000678486242 × 10^296 | 3909 | 88 |
| iv_499 | 9.31403834148408 × 10^296 | 3914 | 81 |
| iv_500 | 1.565296569002188 × 10^297 | 4084 | 76 |
| iv_501 | 2.5784354119929308 × 10^297 | 4052 | 83 |
| iv_502 | 4.166581511919377 × 10^297 | 3855 | 82 |
| iv_503 | 6.6205035050457 × 10^297 | 4019 | 75 |
| iv_506 | 7.996188712042482 × 10^297 | 3924 | 82 |
| iv_504 | 1.0320465750962392 × 10^298 | 3903 | 78 |
| iv_508 | 1.5246118543769998 × 10^298 | 4120 | 74 |
| iv_505 | 1.5806594150686948 × 10^298 | 4051 | 72 |
| iv_507 | 2.5003876060101366 × 10^298 | 4264 | 75 |

### Input Bits Sorted by Occurrences

| Input Bit | Complexity | Occurrences | Output Occurrences |
|:---------:|:----------:|:-----------:|:------------------:|
| iv_502 | 4.166581511919377 × 10^297 | 3855 | 82 |
| iv_504 | 1.0320465750962392 × 10^298 | 3903 | 78 |
| iv_498 | 5.296000678486242 × 10^296 | 3909 | 88 |
| iv_499 | 9.31403834148408 × 10^296 | 3914 | 81 |
| iv_506 | 7.996188712042482 × 10^297 | 3924 | 82 |
| iv_503 | 6.6205035050457 × 10^297 | 4019 | 75 |
| iv_505 | 1.5806594150686948 × 10^298 | 4051 | 72 |
| iv_501 | 2.5784354119929308 × 10^297 | 4052 | 83 |
| iv_500 | 1.565296569002188 × 10^297 | 4084 | 76 |
| iv_497 | 2.6586635116383414 × 10^296 | 4117 | 93 |
| iv_508 | 1.5246118543769998 × 10^298 | 4120 | 74 |
| iv_507 | 2.5003876060101366 × 10^298 | 4264 | 75 |

### Input Bits Sorted by Output Occurrences

| Input Bit | Complexity | Occurrences | Output Occurrences |
|:---------:|:----------:|:-----------:|:------------------:|
| iv_505 | 1.5806594150686948 × 10^298 | 4051 | 72 |
| iv_508 | 1.5246118543769998 × 10^298 | 4120 | 74 |
| iv_507 | 2.5003876060101366 × 10^298 | 4264 | 75 |
| iv_503 | 6.6205035050457 × 10^297 | 4019 | 75 |
| iv_500 | 1.565296569002188 × 10^297 | 4084 | 76 |
| iv_504 | 1.0320465750962392 × 10^298 | 3903 | 78 |
| iv_499 | 9.31403834148408 × 10^296 | 3914 | 81 |
| iv_502 | 4.166581511919377 × 10^297 | 3855 | 82 |
| iv_506 | 7.996188712042482 × 10^297 | 3924 | 82 |
| iv_501 | 2.5784354119929308 × 10^297 | 4052 | 83 |
| iv_498 | 5.296000678486242 × 10^296 | 3909 | 88 |
| iv_497 | 2.6586635116383414 × 10^296 | 4117 | 93 |

## Input Bit Co-occurrences

### Input Bit Co-occurrences Sorted by Co-occurrences

| Input Bits | Co-occurrences | Potential Occurrences | Output Co-occurrences | Potential Output Occurrences |
|:----------:|:--------------:|:---------------------:|:---------------------:|:----------------------------:|
| iv_501-iv_505 | 2017 | 4069 | 41 | 73 |
| iv_497-iv_501 | 1991 | 4187 | 48 | 80 |
| iv_504-iv_505 | 1985 | 3984 | 39 | 72 |
| iv_497-iv_503 | 1971 | 4194 | 46 | 76 |
| iv_497-iv_500 | 1971 | 4259 | 39 | 91 |
| iv_497-iv_505 | 1968 | 4232 | 38 | 89 |
| iv_500-iv_507 | 1966 | 4416 | 35 | 81 |
| iv_505-iv_508 | 1964 | 4243 | 40 | 66 |
| iv_500-iv_501 | 1954 | 4228 | 41 | 77 |
| iv_501-iv_507 | 1954 | 4408 | 42 | 74 |
| iv_505-iv_507 | 1953 | 4409 | 39 | 69 |
| iv_506-iv_507 | 1949 | 4290 | 42 | 73 |

### Input Bit Co-occurrences Sorted by Potential Occurrences

| Input Bits | Co-occurrences | Potential Occurrences | Output Co-occurrences | Potential Output Occurrences |
|:----------:|:--------------:|:---------------------:|:---------------------:|:----------------------------:|
| iv_504-iv_505 | 1985 | 3984 | 39 | 72 |
| iv_501-iv_505 | 2017 | 4069 | 41 | 73 |
| iv_502-iv_505 | 1903 | 4100 | 37 | 80 |
| iv_504-iv_506 | 1859 | 4109 | 42 | 76 |
| iv_499-iv_504 | 1847 | 4123 | 38 | 83 |
| iv_499-iv_501 | 1911 | 4144 | 44 | 76 |
| iv_499-iv_505 | 1907 | 4151 | 48 | 57 |
| iv_498-iv_504 | 1826 | 4160 | 46 | 74 |
| iv_497-iv_506 | 1936 | 4169 | 51 | 73 |
| iv_498-iv_506 | 1829 | 4175 | 41 | 88 |
| iv_502-iv_504 | 1787 | 4184 | 42 | 76 |
| iv_502-iv_506 | 1797 | 4185 | 44 | 76 |

### Input Bit Output Co-occurrences Sorted by Output Co-occurrences

| Input Bits | Co-occurrences | Potential Occurrences | Output Co-occurrences | Potential Output Occurrences |
|:----------:|:--------------:|:---------------------:|:---------------------:|:----------------------------:|
| iv_497-iv_502 | 1891 | 4190 | 52 | 71 |
| iv_497-iv_506 | 1936 | 4169 | 51 | 73 |
| iv_497-iv_504 | 1912 | 4196 | 50 | 71 |
| iv_497-iv_498 | 1879 | 4268 | 50 | 81 |
| iv_498-iv_507 | 1895 | 4383 | 49 | 65 |
| iv_498-iv_499 | 1814 | 4195 | 48 | 73 |
| iv_498-iv_501 | 1853 | 4255 | 48 | 75 |
| iv_498-iv_505 | 1879 | 4202 | 48 | 64 |
| iv_499-iv_505 | 1907 | 4151 | 48 | 57 |
| iv_497-iv_501 | 1991 | 4187 | 48 | 80 |
| iv_497-iv_507 | 1915 | 4551 | 48 | 72 |
| iv_498-iv_508 | 1857 | 4315 | 47 | 68 |

### Input Bit Output Co-occurrences Sorted by Potential Output Occurrences

| Input Bits | Co-occurrences | Potential Occurrences | Output Co-occurrences | Potential Output Occurrences |
|:----------:|:--------------:|:---------------------:|:---------------------:|:----------------------------:|
| iv_499-iv_505 | 1907 | 4151 | 48 | 57 |
| iv_498-iv_505 | 1879 | 4202 | 48 | 64 |
| iv_498-iv_507 | 1895 | 4383 | 49 | 65 |
| iv_505-iv_508 | 1964 | 4243 | 40 | 66 |
| iv_498-iv_508 | 1857 | 4315 | 47 | 68 |
| iv_505-iv_507 | 1953 | 4409 | 39 | 69 |
| iv_501-iv_508 | 1923 | 4326 | 43 | 71 |
| iv_497-iv_504 | 1912 | 4196 | 50 | 71 |
| iv_503-iv_505 | 1910 | 4250 | 38 | 71 |
| iv_497-iv_502 | 1891 | 4190 | 52 | 71 |
| iv_504-iv_508 | 1898 | 4227 | 40 | 72 |
| iv_504-iv_505 | 1985 | 3984 | 39 | 72 |

## Output Bits

### Output Bits in Regular Order

| Rank | Output Bit | Complexity |
|:----:|:----------:|:----------:|
| 1 | ov_001 | 1.44375940825913 × 10^298 |
| 2 | ov_002 | 1.2537463791316484 × 10^298 |
| 3 | ov_003 | 1.0833726420114601 × 10^298 |
| 4 | ov_004 | 9.311576964583656 × 10^297 |
| 5 | ov_005 | 7.957017393083071 × 10^297 |
| 6 | ov_006 | 6.756799480067821 × 10^297 |
| 7 | ov_007 | 5.698375065281543 × 10^297 |
| 8 | ov_008 | 4.769853139305299 × 10^297 |
| 9 | ov_009 | 3.959963194576548 × 10^297 |
| 10 | ov_010 | 3.258024232084143 × 10^297 |
| 11 | ov_011 | 2.653918807039549 × 10^297 |
| 12 | ov_012 | 2.138071532137834 × 10^297 |
| 13 | ov_013 | 1.7014314916457762 × 10^297 |
| 14 | ov_014 | 1.335458053644986 × 10^297 |
| 15 | ov_015 | 1.0321096014448493 × 10^297 |
| 16 | ov_016 | 7.838347385690443 × 10^296 |
| 17 | ov_017 | 5.835655548938967 × 10^296 |
| 18 | ov_018 | 4.247125745408971 × 10^296 |
| 19 | ov_019 | 3.011610390462777 × 10^296 |
| 20 | ov_020 | 2.0726821218117147 × 10^296 |
| 21 | ov_021 | 1.3786143905544289 × 10^296 |
| 22 | ov_022 | 8.823676323217994 × 10^295 |
| 23 | ov_023 | 5.415797051669826 × 10^295 |
| 24 | ov_024 | 3.1855959961878116 × 10^295 |
| 25 | ov_025 | 1.8028359004086931 × 10^295 |
| 26 | ov_026 | 9.839312653043375 × 10^294 |
| 27 | ov_027 | 4.9193843134312885 × 10^294 |
| 28 | ov_028 | 2.200453003795836 × 10^294 |
| 29 | ov_029 | 8.475824040577416 × 10^293 |
| 30 | ov_030 | 2.590182414010615 × 10^293 |
| 31 | ov_031 | 5.049976860297378 × 10^292 |
| 32 | lv_80_m31 | 9.843809968830662 × 10^291 |
| 33 | ov_033 | 1.1801401902132914 × 10^293 |
| 34 | ov_034 | 1.0232602393279513 × 10^293 |
| 35 | ov_035 | 8.828614626718301 × 10^292 |
| 36 | ov_036 | 7.57650942001293 × 10^292 |
| 37 | ov_037 | 6.464056547552985 × 10^292 |
| 38 | ov_038 | 5.479675550592159 × 10^292 |
| 39 | ov_039 | 4.612393175590574 × 10^292 |
| 40 | ov_040 | 3.8518067987651533 × 10^292 |
| 41 | ov_041 | 3.188053233922617 × 10^292 |
| 42 | ov_042 | 2.611782357785654 × 10^292 |
| 43 | ov_043 | 2.1184443615881093 × 10^292 |
| 44 | ov_044 | 1.699652775389471 × 10^292 |
| 45 | ov_045 | 1.3474788361952627 × 10^292 |
| 46 | ov_046 | 1.0544394100276281 × 10^292 |
| 47 | ov_047 | 8.13487404485211 × 10^291 |
| 48 | ov_048 | 6.180042985859224 × 10^291 |
| 49 | ov_049 | 4.617944454962328 × 10^291 |
| 50 | ov_050 | 3.3908083202821966 × 10^291 |
| 51 | ov_051 | 2.445020066483153 × 10^291 |
| 52 | ov_052 | 1.7310991529157356 × 10^291 |
| 53 | ov_053 | 1.203684115988305 × 10^291 |
| 54 | ov_054 | 8.215224486992362 × 10^290 |
| 55 | ov_055 | 5.474638293167052 × 10^290 |
| 56 | ov_056 | 3.4845575909731868 × 10^290 |
| 57 | ov_057 | 2.089960259258574 × 10^290 |
| 58 | ov_058 | 1.1562951970533003 × 10^290 |
| 59 | ov_059 | 5.694771584819708 × 10^289 |
| 60 | ov_060 | 2.358843559739814 × 10^289 |
| 61 | ov_061 | 8.235757659459908 × 10^288 |
| 62 | ov_062 | 2.258197096004363 × 10^288 |
| 63 | ov_063 | 4.399266496029482 × 10^287 |
| 64 | lv_79_m31 | 8.568525130726661 × 10^286 |
| 65 | ov_065 | 1.022222023898329 × 10^288 |
| 66 | ov_066 | 1.02221884198699 × 10^288 |
| 67 | ov_067 | 1.022218063225913 × 10^288 |
| 68 | ov_068 | 8.83878364959288 × 10^287 |
| 69 | ov_069 | 7.604371484155854 × 10^287 |
| 70 | ov_070 | 6.506892292290081 × 10^287 |
| 71 | ov_071 | 5.5350358514856944 × 10^287 |
| 72 | ov_072 | 4.678183337390734 × 10^287 |
| 73 | ov_073 | 3.92636153930328 × 10^287 |
| 74 | ov_074 | 3.2702012797367773 × 10^287 |
| 75 | ov_075 | 2.700899812617516 × 10^287 |
| 76 | ov_076 | 2.2101869820319967 × 10^287 |
| 77 | ov_077 | 1.7902949293971783 × 10^287 |
| 78 | ov_078 | 1.4339311416709281 × 10^287 |
| 79 | ov_079 | 1.1342546369325662 × 10^287 |
| 80 | ov_080 | 8.848550865100907 × 10^286 |
| 81 | ov_081 | 6.797346749642639 × 10^286 |
| 82 | ov_082 | 5.132925007996225 × 10^286 |
| 83 | ov_083 | 3.8031132188497395 × 10^286 |
| 84 | ov_084 | 2.75946450342983 × 10^286 |
| 85 | ov_085 | 1.9571660220324303 × 10^286 |
| 86 | ov_086 | 1.3549650747553793 × 10^286 |
| 87 | ov_087 | 9.151108653824922 × 10^285 |
| 88 | ov_088 | 6.033099888586234 × 10^285 |
| 89 | ov_089 | 3.886937036637263 × 10^285 |
| 90 | ov_090 | 2.4379505085532306 × 10^285 |
| 91 | ov_091 | 1.4453388176999664 × 10^285 |
| 92 | ov_092 | 7.971538683902958 × 10^284 |
| 93 | ov_093 | 3.983205198235452 × 10^284 |
| 94 | ov_094 | 1.7062068855212936 × 10^284 |
| 95 | aaa_78_28 | 5.268685555252892 × 10^283 |
| 96 | aaa_78_29 | 1.6180770445391087 × 10^283 |
| 97 | ov_097 | 1.0685785569890316 × 10^283 |
| 98 | ov_098 | 1.068546547489485 × 10^283 |
| 99 | ov_099 | 1.0685363228558934 × 10^283 |
| 100 | ov_100 | 9.615519383807638 × 10^282 |
| 101 | ov_101 | 8.624645381356059 × 10^282 |
| 102 | ov_102 | 7.708404625569097 × 10^282 |
| 103 | ov_103 | 6.862776521855588 × 10^282 |
| 104 | ov_104 | 6.084015443732183 × 10^282 |
| 105 | ov_105 | 5.368613433741795 × 10^282 |
| 106 | ov_106 | 4.713266445633894 × 10^282 |
| 107 | ov_107 | 4.114843942114716 × 10^282 |
| 108 | ov_108 | 3.5703616680099996 × 10^282 |
| 109 | ov_109 | 3.0769574230429405 × 10^282 |
| 110 | ov_110 | 2.631869661784551 × 10^282 |
| 111 | ov_111 | 2.2324187508451413 × 10^282 |
| 112 | ov_112 | 1.8759907151944266 × 10^282 |
| 113 | ov_113 | 1.560023306762184 × 10^282 |
| 114 | ov_114 | 1.2819942293078529 × 10^282 |
| 115 | ov_115 | 1.0394113540703355 × 10^282 |
| 116 | ov_116 | 8.298047610199093 × 10^281 |
| 117 | ov_117 | 6.507204407161421 × 10^281 |
| 118 | ov_118 | 4.99715491887266 × 10^281 |
| 119 | ov_119 | 3.743546499190587 × 10^281 |
| 120 | ov_120 | 2.7220786661002113 × 10^281 |
| 121 | ov_121 | 1.9084856728892453 × 10^281 |
| 122 | ov_122 | 1.2785236746261622 × 10^281 |
| 123 | ov_123 | 8.079616663601561 × 10^280 |
| 124 | ov_124 | 4.725753694857537 × 10^280 |
| 125 | ov_125 | 2.4814344361900873 × 10^280 |
| 126 | ov_126 | 1.1044555390764672 × 10^280 |
| 127 | aaa_77_28 | 3.526162899402202 × 10^279 |
| 128 | aaa_77_29 | 1.3215988477992244 × 10^279 |
| 129 | ov_129 | 1.2219020306956552 × 10^279 |
| 130 | ov_130 | 1.2218984595947189 × 10^279 |
| 131 | ov_131 | 1.2218975962613516 × 10^279 |
| 132 | ov_132 | 1.059062650492524 × 10^279 |
| 133 | ov_133 | 9.132320604220455 × 10^278 |
| 134 | ov_134 | 7.831228463518268 × 10^278 |
| 135 | ov_135 | 6.675205227410093 × 10^278 |
| 136 | ov_136 | 5.652741868172288 × 10^278 |
| 137 | ov_137 | 4.75292293122854 × 10^278 |
| 138 | ov_138 | 3.965390484189899 × 10^278 |
| 139 | ov_139 | 3.280313647002157 × 10^278 |
| 140 | ov_140 | 2.6883631130854367 × 10^278 |
| 141 | ov_141 | 2.1806901029790113 × 10^278 |
| 142 | ov_142 | 1.7489092230890284 × 10^278 |
| 143 | ov_143 | 1.3850847328287575 × 10^278 |
| 144 | ov_144 | 1.0817197538598975 × 10^278 |
| 145 | ov_145 | 8.317479853810651 × 10^277 |
| 146 | ov_146 | 6.28527519531334 × 10^277 |
| 147 | ov_147 | 4.658363810258941 × 10^277 |
| 148 | ov_148 | 3.3786944514302966 × 10^277 |
| 149 | ov_149 | 2.392364181512146 × 10^277 |
| 150 | ov_150 | 1.649605942111089 × 10^277 |
| 151 | ov_151 | 1.1047813271630692 × 10^277 |
| 152 | ov_152 | 7.163764034782654 × 10^276 |
| 153 | ov_153 | 4.469990986427384 × 10^276 |
| 154 | ov_154 | 2.6337744966213286 × 10^276 |
| 155 | ov_155 | 1.3635845405706154 × 10^276 |
| 156 | aaa_76_25 | 5.239525904340431 × 10^275 |
| 157 | aaa_76_26 | 3.0256271991568527 × 10^275 |
| 158 | aaa_76_27 | 1.5487391323022092 × 10^275 |
| 159 | aaa_76_28 | 6.029785251881867 × 10^274 |
| 160 | aaa_76_29 | 1.8336876172925582 × 10^274 |

### Output Bits Sorted by Complexity

| Rank | Output Bit | Complexity |
|:----:|:----------:|:----------:|
| 160 | aaa_76_29 | 1.8336876172925582 × 10^274 |
| 159 | aaa_76_28 | 6.029785251881867 × 10^274 |
| 158 | aaa_76_27 | 1.5487391323022092 × 10^275 |
| 157 | aaa_76_26 | 3.0256271991568527 × 10^275 |
| 156 | aaa_76_25 | 5.239525904340431 × 10^275 |
| 155 | ov_155 | 1.3635845405706154 × 10^276 |
| 154 | ov_154 | 2.6337744966213286 × 10^276 |
| 153 | ov_153 | 4.469990986427384 × 10^276 |
| 152 | ov_152 | 7.163764034782654 × 10^276 |
| 151 | ov_151 | 1.1047813271630692 × 10^277 |
| 150 | ov_150 | 1.649605942111089 × 10^277 |
| 149 | ov_149 | 2.392364181512146 × 10^277 |
| 148 | ov_148 | 3.3786944514302966 × 10^277 |
| 147 | ov_147 | 4.658363810258941 × 10^277 |
| 146 | ov_146 | 6.28527519531334 × 10^277 |
| 145 | ov_145 | 8.317479853810651 × 10^277 |
| 144 | ov_144 | 1.0817197538598975 × 10^278 |
| 143 | ov_143 | 1.3850847328287575 × 10^278 |
| 142 | ov_142 | 1.7489092230890284 × 10^278 |
| 141 | ov_141 | 2.1806901029790113 × 10^278 |
| 140 | ov_140 | 2.6883631130854367 × 10^278 |
| 139 | ov_139 | 3.280313647002157 × 10^278 |
| 138 | ov_138 | 3.965390484189899 × 10^278 |
| 137 | ov_137 | 4.75292293122854 × 10^278 |
| 136 | ov_136 | 5.652741868172288 × 10^278 |
| 135 | ov_135 | 6.675205227410093 × 10^278 |
| 134 | ov_134 | 7.831228463518268 × 10^278 |
| 133 | ov_133 | 9.132320604220455 × 10^278 |
| 132 | ov_132 | 1.059062650492524 × 10^279 |
| 131 | ov_131 | 1.2218975962613516 × 10^279 |
| 130 | ov_130 | 1.2218984595947189 × 10^279 |
| 129 | ov_129 | 1.2219020306956552 × 10^279 |
| 128 | aaa_77_29 | 1.3215988477992244 × 10^279 |
| 127 | aaa_77_28 | 3.526162899402202 × 10^279 |
| 126 | ov_126 | 1.1044555390764672 × 10^280 |
| 125 | ov_125 | 2.4814344361900873 × 10^280 |
| 124 | ov_124 | 4.725753694857537 × 10^280 |
| 123 | ov_123 | 8.079616663601561 × 10^280 |
| 122 | ov_122 | 1.2785236746261622 × 10^281 |
| 121 | ov_121 | 1.9084856728892453 × 10^281 |
| 120 | ov_120 | 2.7220786661002113 × 10^281 |
| 119 | ov_119 | 3.743546499190587 × 10^281 |
| 118 | ov_118 | 4.99715491887266 × 10^281 |
| 117 | ov_117 | 6.507204407161421 × 10^281 |
| 116 | ov_116 | 8.298047610199093 × 10^281 |
| 115 | ov_115 | 1.0394113540703355 × 10^282 |
| 114 | ov_114 | 1.2819942293078529 × 10^282 |
| 113 | ov_113 | 1.560023306762184 × 10^282 |
| 112 | ov_112 | 1.8759907151944266 × 10^282 |
| 111 | ov_111 | 2.2324187508451413 × 10^282 |
| 110 | ov_110 | 2.631869661784551 × 10^282 |
| 109 | ov_109 | 3.0769574230429405 × 10^282 |
| 108 | ov_108 | 3.5703616680099996 × 10^282 |
| 107 | ov_107 | 4.114843942114716 × 10^282 |
| 106 | ov_106 | 4.713266445633894 × 10^282 |
| 105 | ov_105 | 5.368613433741795 × 10^282 |
| 104 | ov_104 | 6.084015443732183 × 10^282 |
| 103 | ov_103 | 6.862776521855588 × 10^282 |
| 102 | ov_102 | 7.708404625569097 × 10^282 |
| 101 | ov_101 | 8.624645381356059 × 10^282 |
| 100 | ov_100 | 9.615519383807638 × 10^282 |
| 99 | ov_099 | 1.0685363228558934 × 10^283 |
| 98 | ov_098 | 1.068546547489485 × 10^283 |
| 97 | ov_097 | 1.0685785569890316 × 10^283 |
| 96 | aaa_78_29 | 1.6180770445391087 × 10^283 |
| 95 | aaa_78_28 | 5.268685555252892 × 10^283 |
| 94 | ov_094 | 1.7062068855212936 × 10^284 |
| 93 | ov_093 | 3.983205198235452 × 10^284 |
| 92 | ov_092 | 7.971538683902958 × 10^284 |
| 91 | ov_091 | 1.4453388176999664 × 10^285 |
| 90 | ov_090 | 2.4379505085532306 × 10^285 |
| 89 | ov_089 | 3.886937036637263 × 10^285 |
| 88 | ov_088 | 6.033099888586234 × 10^285 |
| 87 | ov_087 | 9.151108653824922 × 10^285 |
| 86 | ov_086 | 1.3549650747553793 × 10^286 |
| 85 | ov_085 | 1.9571660220324303 × 10^286 |
| 84 | ov_084 | 2.75946450342983 × 10^286 |
| 83 | ov_083 | 3.8031132188497395 × 10^286 |
| 82 | ov_082 | 5.132925007996225 × 10^286 |
| 81 | ov_081 | 6.797346749642639 × 10^286 |
| 64 | lv_79_m31 | 8.568525130726661 × 10^286 |
| 80 | ov_080 | 8.848550865100907 × 10^286 |
| 79 | ov_079 | 1.1342546369325662 × 10^287 |
| 78 | ov_078 | 1.4339311416709281 × 10^287 |
| 77 | ov_077 | 1.7902949293971783 × 10^287 |
| 76 | ov_076 | 2.2101869820319967 × 10^287 |
| 75 | ov_075 | 2.700899812617516 × 10^287 |
| 74 | ov_074 | 3.2702012797367773 × 10^287 |
| 73 | ov_073 | 3.92636153930328 × 10^287 |
| 63 | ov_063 | 4.399266496029482 × 10^287 |
| 72 | ov_072 | 4.678183337390734 × 10^287 |
| 71 | ov_071 | 5.5350358514856944 × 10^287 |
| 70 | ov_070 | 6.506892292290081 × 10^287 |
| 69 | ov_069 | 7.604371484155854 × 10^287 |
| 68 | ov_068 | 8.83878364959288 × 10^287 |
| 67 | ov_067 | 1.022218063225913 × 10^288 |
| 66 | ov_066 | 1.02221884198699 × 10^288 |
| 65 | ov_065 | 1.022222023898329 × 10^288 |
| 62 | ov_062 | 2.258197096004363 × 10^288 |
| 61 | ov_061 | 8.235757659459908 × 10^288 |
| 60 | ov_060 | 2.358843559739814 × 10^289 |
| 59 | ov_059 | 5.694771584819708 × 10^289 |
| 58 | ov_058 | 1.1562951970533003 × 10^290 |
| 57 | ov_057 | 2.089960259258574 × 10^290 |
| 56 | ov_056 | 3.4845575909731868 × 10^290 |
| 55 | ov_055 | 5.474638293167052 × 10^290 |
| 54 | ov_054 | 8.215224486992362 × 10^290 |
| 53 | ov_053 | 1.203684115988305 × 10^291 |
| 52 | ov_052 | 1.7310991529157356 × 10^291 |
| 51 | ov_051 | 2.445020066483153 × 10^291 |
| 50 | ov_050 | 3.3908083202821966 × 10^291 |
| 49 | ov_049 | 4.617944454962328 × 10^291 |
| 48 | ov_048 | 6.180042985859224 × 10^291 |
| 47 | ov_047 | 8.13487404485211 × 10^291 |
| 32 | lv_80_m31 | 9.843809968830662 × 10^291 |
| 46 | ov_046 | 1.0544394100276281 × 10^292 |
| 45 | ov_045 | 1.3474788361952627 × 10^292 |
| 44 | ov_044 | 1.699652775389471 × 10^292 |
| 43 | ov_043 | 2.1184443615881093 × 10^292 |
| 42 | ov_042 | 2.611782357785654 × 10^292 |
| 41 | ov_041 | 3.188053233922617 × 10^292 |
| 40 | ov_040 | 3.8518067987651533 × 10^292 |
| 39 | ov_039 | 4.612393175590574 × 10^292 |
| 31 | ov_031 | 5.049976860297378 × 10^292 |
| 38 | ov_038 | 5.479675550592159 × 10^292 |
| 37 | ov_037 | 6.464056547552985 × 10^292 |
| 36 | ov_036 | 7.57650942001293 × 10^292 |
| 35 | ov_035 | 8.828614626718301 × 10^292 |
| 34 | ov_034 | 1.0232602393279513 × 10^293 |
| 33 | ov_033 | 1.1801401902132914 × 10^293 |
| 30 | ov_030 | 2.590182414010615 × 10^293 |
| 29 | ov_029 | 8.475824040577416 × 10^293 |
| 28 | ov_028 | 2.200453003795836 × 10^294 |
| 27 | ov_027 | 4.9193843134312885 × 10^294 |
| 26 | ov_026 | 9.839312653043375 × 10^294 |
| 25 | ov_025 | 1.8028359004086931 × 10^295 |
| 24 | ov_024 | 3.1855959961878116 × 10^295 |
| 23 | ov_023 | 5.415797051669826 × 10^295 |
| 22 | ov_022 | 8.823676323217994 × 10^295 |
| 21 | ov_021 | 1.3786143905544289 × 10^296 |
| 20 | ov_020 | 2.0726821218117147 × 10^296 |
| 19 | ov_019 | 3.011610390462777 × 10^296 |
| 18 | ov_018 | 4.247125745408971 × 10^296 |
| 17 | ov_017 | 5.835655548938967 × 10^296 |
| 16 | ov_016 | 7.838347385690443 × 10^296 |
| 15 | ov_015 | 1.0321096014448493 × 10^297 |
| 14 | ov_014 | 1.335458053644986 × 10^297 |
| 13 | ov_013 | 1.7014314916457762 × 10^297 |
| 12 | ov_012 | 2.138071532137834 × 10^297 |
| 11 | ov_011 | 2.653918807039549 × 10^297 |
| 10 | ov_010 | 3.258024232084143 × 10^297 |
| 9 | ov_009 | 3.959963194576548 × 10^297 |
| 8 | ov_008 | 4.769853139305299 × 10^297 |
| 7 | ov_007 | 5.698375065281543 × 10^297 |
| 6 | ov_006 | 6.756799480067821 × 10^297 |
| 5 | ov_005 | 7.957017393083071 × 10^297 |
| 4 | ov_004 | 9.311576964583656 × 10^297 |
| 3 | ov_003 | 1.0833726420114601 × 10^298 |
| 2 | ov_002 | 1.2537463791316484 × 10^298 |
| 1 | ov_001 | 1.44375940825913 × 10^298 |

