# Results for F001-F002-F003-F004-F005-F006-F007-F008-F009-F010-F011-F012-F013-F014-F015-F016-F017-F018-F019-F020-F021-F022-F023-F024-F025-F026-F027-F028-F029-F030-F031-F032-F033-F034-F035-F036-F037-F038-F039-F040-F041-F042-F043-F044-F045-F046-F047-F048-F049-F050-F051-F052-F053-F054-F055-F056-F057-F058-F059-F060-F061-F062-F063-F064-F065-F066-F067-F068-F069-F070-F071-F072-F073-F074-F075-F076-F077-F078-F079-F080-F081-F082-F083-F084-F085-F086-F087-F088-F089-F090-F091-F092-F093-F094-F095-F096-F097-F098-F099-F100-F101-F102-F103-F104-F105-F106-F107-F108-F109-F110-F111-F112-F113-F114-F115-F116-F117-F118-F119-F120-F121-F122-F123-F124-F125-F126-F127-F128-F129-F130-F131-F132-F133-F134-F135-F136-F137-F138-F139-F140-F141-F142-F143-F144-F145-F146-F147-F148-F149-F150-F151-F152-F153-F154-F155-F156-F157-F158-F159-F160-F161-F162-F163-F164-F165-F166-F167-F168-F169-F170-F171-F172-F173-F174-F175-F176-F177-F178-F179-F180-F181-F182-F183-F184-F185-F186-F187-F188-F189-F190-F191-F192-F193-F194-F195-F196-F197-F198-F199-F200-F201-F202-F203-F204-F205-F206-F207-F208-F209-F210-F211-F212-F213-F214-F215-F216-F217-F218-F219-F220-F221-F222-F223-F224-F225-F226-F227-F228-F229-F230-F231-F232-F233-F234-F235-F236-F237-F238-F239-F240-F241-F242-F243-F244-F245-F246-F247-F248-F249-F250-F251-F252-F253-F254-F255-F256-F257-F258-F259-F260-F261-F262-F263-F264-F265-F266-F267-F268-F269-F270-F271-F272-F273-F274-F275-F276-F277-F278-F279-F280-F281-F282-F283-F284-F285-F286-F287-F288-F289-F290-F291-F292-F293-F294-F295-F296-F297-F298-F299-F300-F301-F302-F303-F304-F305-F306-F307-F308-F309-F310-F311-F312-F313-F314-F315-F316-F317-F318-F319-F320-F321-F322-F323-F324-F325-F326-F327-F328-F329-F330-F331-F332-F333-F334-F335-F336-F337-F338-F339-F340-F341-F342-F343-F344-F345-F346-F347-F348-F349-F350-F351-F352-F353-F354-F355-F356-F357-F358-F359-F360-F361-F362-F363-F364-F365-F366-F367-F368-F369-F370-F371-F372-F373-F374-F375-F376-F377-F378-F379-F380-F381-F382-F383-F384-F385-F386-F387-F388-F389-F390-F391-F392-F393-F394-F395-F396-F397-F398-F399-F400-F401-F402-F403-F404-F405-F406-F407-F408-F409-F410-F411-F412-F413-F414-F415-F416-F417-F418-F419-F420-F421-F422-F423-F424-F425-F426-F427-F428-F429-F430-F431-F432-F433-F434-F435-F436-F437-F438-F439-F440-F441-F442-F443-F444-F445-F446-F447-F448-F449-F450-F451-F452-F453-F454-F455-F456-F457-F458-F459-F460-F461-F462-F463-F464-F465-F466-F467-F468-F469-F470-F471-F472-F473-F474-F475-F476-F477-F478-F479-F480-F481-F482-F483-F484-F485-F486-F487-F488-F489-F490-F491-F492-F493-F494-F495-F496-O497498-O500505-F510-F512

## Summary

Number of input bits: 512  
Number of free input bits: 12  
Number of output bits: 160

Number of direct occurrences: 49574  
Number of assignments: 31785  
Number of operations: 11308601
(xor: 11280163,
and: 14911,
or: 13527)

Total complexity: 1.2000010666705083 × 10^302

Least occurring input variable: iv_502 (3863)  
Most occurring input variable: iv_500 (4333)

Most co-occurring input variables: iv_497-iv_500 (2113)  
Least co-occurring input variables: iv_502-iv_504 (1768)

Potentially most occurring input variable: iv_497/iv_507 (4647)  
Potentially least occurring input variable: iv_499/iv_504 (4178)

Least output occurring input variable: iv_502 (72)  
Most output occurring input variable: iv_509 (91)

Most output co-occurring input variables: iv_501-iv_509 (52)  
Least output co-occurring input variables: iv_504-iv_507 (29)

Potentially most output occurring input variable: iv_506/iv_507 (90)  
Potentially least output occurring input variable: iv_502/iv_507 (64)

Least complex input bit: iv_511 (1.465934487544036 × 10^298)  
Most complex input bit: iv_500 (2.2439762999069441 × 10^301)

Least complex output bit: aaa_76_29 (6.171528870169421 × 10^276)  
Most complex output bit: ov_001 (1.8760309507383866 × 10^301)

Least complex input/output complexity: iv_511/aaa_76_29 (7.53920747483729 × 10^272)  
Most complex input/output complexity: iv_500/ov_001 (3.5081377077681616 × 10^300)

## Input Bits

### Input Bits in Regular Order

| Input Bit | Complexity | Occurrences | Output Occurrences |
|:---------:|:----------:|:-----------:|:------------------:|
| iv_497 | 1.020699578574964 × 10^300 | 4329 | 83 |
| iv_499 | 1.196806183127157 × 10^300 | 3989 | 83 |
| iv_500 | 2.2439762999069441 × 10^301 | 4333 | 82 |
| iv_501 | 3.3269527337909136 × 10^300 | 4083 | 85 |
| iv_502 | 5.383336469627641 × 10^300 | 3863 | 72 |
| iv_503 | 8.556778739162863 × 10^300 | 4096 | 76 |
| iv_504 | 1.3339140994989315 × 10^301 | 3927 | 72 |
| iv_506 | 1.0322166069665278 × 10^301 | 4003 | 82 |
| iv_507 | 1.4807924962422575 × 10^301 | 4200 | 76 |
| iv_508 | 1.96526189527007 × 10^301 | 4198 | 84 |
| iv_509 | 1.993925963904468 × 10^301 | 4266 | 91 |
| iv_511 | 1.465934487544036 × 10^298 | 4287 | 80 |

### Input Bits Sorted by Complexity

| Input Bit | Complexity | Occurrences | Output Occurrences |
|:---------:|:----------:|:-----------:|:------------------:|
| iv_511 | 1.465934487544036 × 10^298 | 4287 | 80 |
| iv_497 | 1.020699578574964 × 10^300 | 4329 | 83 |
| iv_499 | 1.196806183127157 × 10^300 | 3989 | 83 |
| iv_501 | 3.3269527337909136 × 10^300 | 4083 | 85 |
| iv_502 | 5.383336469627641 × 10^300 | 3863 | 72 |
| iv_503 | 8.556778739162863 × 10^300 | 4096 | 76 |
| iv_506 | 1.0322166069665278 × 10^301 | 4003 | 82 |
| iv_504 | 1.3339140994989315 × 10^301 | 3927 | 72 |
| iv_507 | 1.4807924962422575 × 10^301 | 4200 | 76 |
| iv_508 | 1.96526189527007 × 10^301 | 4198 | 84 |
| iv_509 | 1.993925963904468 × 10^301 | 4266 | 91 |
| iv_500 | 2.2439762999069441 × 10^301 | 4333 | 82 |

### Input Bits Sorted by Occurrences

| Input Bit | Complexity | Occurrences | Output Occurrences |
|:---------:|:----------:|:-----------:|:------------------:|
| iv_502 | 5.383336469627641 × 10^300 | 3863 | 72 |
| iv_504 | 1.3339140994989315 × 10^301 | 3927 | 72 |
| iv_499 | 1.196806183127157 × 10^300 | 3989 | 83 |
| iv_506 | 1.0322166069665278 × 10^301 | 4003 | 82 |
| iv_501 | 3.3269527337909136 × 10^300 | 4083 | 85 |
| iv_503 | 8.556778739162863 × 10^300 | 4096 | 76 |
| iv_508 | 1.96526189527007 × 10^301 | 4198 | 84 |
| iv_507 | 1.4807924962422575 × 10^301 | 4200 | 76 |
| iv_509 | 1.993925963904468 × 10^301 | 4266 | 91 |
| iv_511 | 1.465934487544036 × 10^298 | 4287 | 80 |
| iv_497 | 1.020699578574964 × 10^300 | 4329 | 83 |
| iv_500 | 2.2439762999069441 × 10^301 | 4333 | 82 |

### Input Bits Sorted by Output Occurrences

| Input Bit | Complexity | Occurrences | Output Occurrences |
|:---------:|:----------:|:-----------:|:------------------:|
| iv_502 | 5.383336469627641 × 10^300 | 3863 | 72 |
| iv_504 | 1.3339140994989315 × 10^301 | 3927 | 72 |
| iv_503 | 8.556778739162863 × 10^300 | 4096 | 76 |
| iv_507 | 1.4807924962422575 × 10^301 | 4200 | 76 |
| iv_511 | 1.465934487544036 × 10^298 | 4287 | 80 |
| iv_500 | 2.2439762999069441 × 10^301 | 4333 | 82 |
| iv_506 | 1.0322166069665278 × 10^301 | 4003 | 82 |
| iv_499 | 1.196806183127157 × 10^300 | 3989 | 83 |
| iv_497 | 1.020699578574964 × 10^300 | 4329 | 83 |
| iv_508 | 1.96526189527007 × 10^301 | 4198 | 84 |
| iv_501 | 3.3269527337909136 × 10^300 | 4083 | 85 |
| iv_509 | 1.993925963904468 × 10^301 | 4266 | 91 |

## Input Bit Co-occurrences

### Input Bit Co-occurrences Sorted by Co-occurrences

| Input Bits | Co-occurrences | Potential Occurrences | Output Co-occurrences | Potential Output Occurrences |
|:----------:|:--------------:|:---------------------:|:---------------------:|:----------------------------:|
| iv_497-iv_500 | 2113 | 4436 | 46 | 73 |
| iv_500-iv_511 | 2107 | 4406 | 41 | 80 |
| iv_508-iv_509 | 2101 | 4262 | 51 | 73 |
| iv_507-iv_509 | 2079 | 4308 | 49 | 69 |
| iv_500-iv_507 | 2063 | 4407 | 34 | 90 |
| iv_497-iv_511 | 2062 | 4492 | 45 | 73 |
| iv_497-iv_501 | 2060 | 4292 | 43 | 82 |
| iv_500-iv_509 | 2053 | 4493 | 44 | 85 |
| iv_503-iv_511 | 2052 | 4279 | 39 | 78 |
| iv_501-iv_511 | 2048 | 4274 | 49 | 67 |
| iv_501-iv_509 | 2034 | 4281 | 52 | 72 |
| iv_507-iv_511 | 2024 | 4439 | 39 | 78 |

### Input Bit Co-occurrences Sorted by Potential Occurrences

| Input Bits | Co-occurrences | Potential Occurrences | Output Co-occurrences | Potential Output Occurrences |
|:----------:|:--------------:|:---------------------:|:---------------------:|:----------------------------:|
| iv_499-iv_504 | 1869 | 4178 | 38 | 79 |
| iv_504-iv_506 | 1874 | 4182 | 41 | 72 |
| iv_506-iv_507 | 1998 | 4207 | 34 | 90 |
| iv_499-iv_508 | 1971 | 4245 | 45 | 77 |
| iv_499-iv_501 | 1913 | 4246 | 44 | 80 |
| iv_502-iv_504 | 1768 | 4254 | 35 | 74 |
| iv_501-iv_502 | 1845 | 4256 | 39 | 79 |
| iv_503-iv_506 | 1919 | 4261 | 37 | 84 |
| iv_508-iv_509 | 2101 | 4262 | 51 | 73 |
| iv_501-iv_511 | 2048 | 4274 | 49 | 67 |
| iv_502-iv_506 | 1796 | 4274 | 35 | 84 |
| iv_504-iv_508 | 1924 | 4277 | 42 | 72 |

### Input Bit Output Co-occurrences Sorted by Output Co-occurrences

| Input Bits | Co-occurrences | Potential Occurrences | Output Co-occurrences | Potential Output Occurrences |
|:----------:|:--------------:|:---------------------:|:---------------------:|:----------------------------:|
| iv_501-iv_509 | 2034 | 4281 | 52 | 72 |
| iv_508-iv_509 | 2101 | 4262 | 51 | 73 |
| iv_499-iv_509 | 1950 | 4355 | 50 | 74 |
| iv_499-iv_506 | 1842 | 4308 | 50 | 65 |
| iv_507-iv_509 | 2079 | 4308 | 49 | 69 |
| iv_501-iv_511 | 2048 | 4274 | 49 | 67 |
| iv_497-iv_499 | 1924 | 4470 | 48 | 70 |
| iv_503-iv_509 | 1935 | 4492 | 47 | 73 |
| iv_500-iv_508 | 1985 | 4561 | 47 | 72 |
| iv_509-iv_511 | 1993 | 4567 | 46 | 79 |
| iv_497-iv_500 | 2113 | 4436 | 46 | 73 |
| iv_497-iv_509 | 2012 | 4571 | 46 | 82 |

### Input Bit Output Co-occurrences Sorted by Potential Output Occurrences

| Input Bits | Co-occurrences | Potential Occurrences | Output Co-occurrences | Potential Output Occurrences |
|:----------:|:--------------:|:---------------------:|:---------------------:|:----------------------------:|
| iv_502-iv_507 | 1883 | 4297 | 42 | 64 |
| iv_499-iv_506 | 1842 | 4308 | 50 | 65 |
| iv_501-iv_511 | 2048 | 4274 | 49 | 67 |
| iv_507-iv_509 | 2079 | 4308 | 49 | 69 |
| iv_497-iv_499 | 1924 | 4470 | 48 | 70 |
| iv_497-iv_507 | 1941 | 4647 | 44 | 71 |
| iv_501-iv_509 | 2034 | 4281 | 52 | 72 |
| iv_504-iv_508 | 1924 | 4277 | 42 | 72 |
| iv_500-iv_508 | 1985 | 4561 | 47 | 72 |
| iv_504-iv_506 | 1874 | 4182 | 41 | 72 |
| iv_503-iv_509 | 1935 | 4492 | 47 | 73 |
| iv_508-iv_509 | 2101 | 4262 | 51 | 73 |

## Output Bits

### Output Bits in Regular Order

| Rank | Output Bit | Complexity |
|:----:|:----------:|:----------:|
| 1 | ov_001 | 1.8760309507383866 × 10^301 |
| 2 | ov_002 | 1.6324607888289552 × 10^301 |
| 3 | ov_003 | 1.4137883813307246 × 10^301 |
| 4 | ov_004 | 1.2181468334212371 × 10^301 |
| 5 | ov_005 | 1.0437715008307266 × 10^301 |
| 6 | ov_006 | 8.88992754486286 × 10^300 |
| 7 | ov_007 | 7.522296722830626 × 10^300 |
| 8 | ov_008 | 6.31984583914719 × 10^300 |
| 9 | ov_009 | 5.268383995119471 × 10^300 |
| 10 | ov_010 | 4.3544664683825846 × 10^300 |
| 11 | ov_011 | 3.5653614096899004 × 10^300 |
| 12 | ov_012 | 2.8890221475995035 × 10^300 |
| 13 | ov_013 | 2.314064426999136 × 10^300 |
| 14 | ov_014 | 1.829747949565084 × 10^300 |
| 15 | ov_015 | 1.4259616258497862 × 10^300 |
| 16 | ov_016 | 1.0932119898791511 × 10^300 |
| 17 | ov_017 | 8.226142680276755 × 10^299 |
| 18 | ov_018 | 6.058856346175544 × 10^299 |
| 19 | ov_019 | 4.3534022722556335 × 10^299 |
| 20 | ov_020 | 3.0388553512854448 × 10^299 |
| 21 | ov_021 | 2.0501983130141296 × 10^299 |
| 22 | ov_022 | 1.3283039192317984 × 10^299 |
| 23 | ov_023 | 8.199229923618576 × 10^298 |
| 24 | ov_024 | 4.776766288235918 × 10^298 |
| 25 | ov_025 | 2.6005143146142783 × 10^298 |
| 26 | ov_026 | 1.313968960508702 × 10^298 |
| 27 | ov_027 | 6.192418058675264 × 10^297 |
| 28 | ov_028 | 2.770561956455509 × 10^297 |
| 29 | ov_029 | 1.0674567489073008 × 10^297 |
| 30 | ov_030 | 3.262948482146465 × 10^296 |
| 31 | ov_031 | 3.8819172566658653 × 10^295 |
| 32 | lv_80_k31 | 1.240807215452946 × 10^295 |
| 33 | ov_033 | 1.4945709938187293 × 10^296 |
| 34 | ov_034 | 1.297750317982625 × 10^296 |
| 35 | ov_035 | 1.1214347885623527 × 10^296 |
| 36 | ov_036 | 9.640201118664807 × 10^295 |
| 37 | ov_037 | 8.239898293182204 × 10^295 |
| 38 | ov_038 | 6.999091077655769 × 10^295 |
| 39 | ov_039 | 5.904193390353313 × 10^295 |
| 40 | ov_040 | 4.942334746276414 × 10^295 |
| 41 | ov_041 | 4.101320252264176 × 10^295 |
| 42 | ov_042 | 3.3695965840882917 × 10^295 |
| 43 | ov_043 | 2.741543572635681 × 10^295 |
| 44 | ov_044 | 2.2068097782198626 × 10^295 |
| 45 | ov_045 | 1.7556130354902676 × 10^295 |
| 46 | ov_046 | 1.3787244185068527 × 10^295 |
| 47 | ov_047 | 1.0674553942576116 × 10^295 |
| 48 | ov_048 | 8.1364771054859 × 10^294 |
| 49 | ov_049 | 6.096655984183133 × 10^294 |
| 50 | ov_050 | 4.483899032672653 × 10^294 |
| 51 | ov_051 | 3.2321379278593176 × 10^294 |
| 52 | ov_052 | 2.2803972354855533 × 10^294 |
| 53 | ov_053 | 1.572773818454175 × 10^294 |
| 54 | ov_054 | 1.0584234797859428 × 10^294 |
| 55 | ov_055 | 6.9155266863913975 × 10^293 |
| 56 | ov_056 | 4.314134865373537 × 10^293 |
| 57 | ov_057 | 2.5889293180773265 × 10^293 |
| 58 | ov_058 | 1.4332695161107116 × 10^293 |
| 59 | ov_059 | 7.06436608525147 × 10^292 |
| 60 | ov_060 | 2.9291207139258505 × 10^292 |
| 61 | ov_061 | 1.0237680740121548 × 10^292 |
| 62 | ov_062 | 2.810096924997235 × 10^291 |
| 63 | ov_063 | 5.480632615505423 × 10^290 |
| 64 | lv_79_m31 | 1.0686757278966662 × 10^290 |
| 65 | ov_065 | 1.2841556406758538 × 10^291 |
| 66 | ov_066 | 1.2841525308852421 × 10^291 |
| 67 | ov_067 | 1.284151795603903 × 10^291 |
| 68 | ov_068 | 1.1152328473450105 × 10^291 |
| 69 | ov_069 | 9.636720312986556 × 10^290 |
| 70 | ov_070 | 8.282000343862615 × 10^290 |
| 71 | ov_071 | 7.076070640968688 × 10^290 |
| 72 | ov_072 | 6.007394912715959 × 10^290 |
| 73 | ov_073 | 5.064972402017972 × 10^290 |
| 74 | ov_074 | 4.2383177305353995 × 10^290 |
| 75 | ov_075 | 3.5174452379286152 × 10^290 |
| 76 | ov_076 | 2.892856446231568 × 10^290 |
| 77 | ov_077 | 2.355529494290115 × 10^290 |
| 78 | ov_078 | 1.8969098694386183 × 10^290 |
| 79 | ov_079 | 1.508902218056285 × 10^290 |
| 80 | ov_080 | 1.183863165737108 × 10^290 |
| 81 | ov_081 | 9.145950786326756 × 10^289 |
| 82 | ov_082 | 6.943406981381084 × 10^289 |
| 83 | ov_083 | 5.167785815301844 × 10^289 |
| 84 | ov_084 | 3.7601928147120287 × 10^289 |
| 85 | ov_085 | 2.666021974957113 × 10^289 |
| 86 | ov_086 | 1.8349303272866121 × 10^289 |
| 87 | ov_087 | 1.2208178916606902 × 10^289 |
| 88 | ov_088 | 7.818123489957766 × 10^288 |
| 89 | ov_089 | 4.802577669546831 × 10^288 |
| 90 | ov_090 | 2.8270671354167144 × 10^288 |
| 91 | ov_091 | 1.5991509283722286 × 10^288 |
| 92 | ov_092 | 8.683904279346835 × 10^287 |
| 93 | ov_093 | 4.263326778223836 × 10^287 |
| 94 | ov_094 | 1.7924624081786556 × 10^287 |
| 95 | aaa_78_28 | 5.438751167209782 × 10^286 |
| 96 | aaa_78_29 | 1.624802986403386 × 10^286 |
| 97 | ov_097 | 8.601315384427676 × 10^285 |
| 98 | ov_098 | 8.60120417597978 × 10^285 |
| 99 | ov_099 | 8.601168564113346 × 10^285 |
| 100 | ov_100 | 7.038991282046962 × 10^285 |
| 101 | ov_101 | 5.723059451597625 × 10^285 |
| 102 | ov_102 | 4.6260318219780215 × 10^285 |
| 103 | ov_103 | 3.722085228867724 × 10^285 |
| 104 | ov_104 | 2.9868038893816 × 10^285 |
| 105 | ov_105 | 2.3970827302738386 × 10^285 |
| 106 | ov_106 | 1.9310434936462763 × 10^285 |
| 107 | ov_107 | 1.5679624302352712 × 10^285 |
| 108 | ov_108 | 1.2882084536646337 × 10^285 |
| 109 | ov_109 | 1.073190690333811 × 10^285 |
| 110 | ov_110 | 9.053144192606907 × 10^284 |
| 111 | ov_111 | 7.679444545629189 × 10^284 |
| 112 | ov_112 | 6.453750806349917 × 10^284 |
| 113 | ov_113 | 5.3672057592824035 × 10^284 |
| 114 | ov_114 | 4.4111040154763004 × 10^284 |
| 115 | ov_115 | 3.576856466865278 × 10^284 |
| 116 | ov_116 | 2.8559608483754987 × 10^284 |
| 117 | ov_117 | 2.2399778558332754 × 10^284 |
| 118 | ov_118 | 1.720512268255614 × 10^284 |
| 119 | ov_119 | 1.289198523410092 × 10^284 |
| 120 | ov_120 | 9.376901956989255 × 10^283 |
| 121 | ov_121 | 6.5765282551629995 × 10^283 |
| 122 | ov_122 | 4.407593024698257 × 10^283 |
| 123 | ov_123 | 2.786868269173267 × 10^283 |
| 124 | ov_124 | 1.6311485877848905 × 10^283 |
| 125 | ov_125 | 8.572384566470283 × 10^282 |
| 126 | ov_126 | 3.819457345779539 × 10^282 |
| 127 | aaa_77_28 | 1.2207916749548977 × 10^282 |
| 128 | aaa_77_29 | 4.583408275500352 × 10^281 |
| 129 | ov_129 | 4.276137565480866 × 10^281 |
| 130 | ov_130 | 4.276125536144645 × 10^281 |
| 131 | ov_131 | 4.276122624780893 × 10^281 |
| 132 | ov_132 | 3.7208906226936675 × 10^281 |
| 133 | ov_133 | 3.221713490960807 × 10^281 |
| 134 | ov_134 | 2.7742529528975586 × 10^281 |
| 135 | ov_135 | 2.3744058027613535 × 10^281 |
| 136 | ov_136 | 2.0182871383729875 × 10^281 |
| 137 | ov_137 | 1.7040071359868763 × 10^281 |
| 138 | ov_138 | 1.4280759908295955 × 10^281 |
| 139 | ov_139 | 1.187184575172818 × 10^281 |
| 140 | ov_140 | 9.781954586733084 × 10^280 |
| 141 | ov_141 | 7.981354047372122 × 10^280 |
| 142 | ov_142 | 6.441891749101835 × 10^280 |
| 143 | ov_143 | 5.13694483143834 × 10^280 |
| 144 | ov_144 | 4.0413795152316963 × 10^280 |
| 145 | ov_145 | 3.131519286931816 × 10^280 |
| 146 | ov_146 | 2.3851204182190488 × 10^280 |
| 147 | ov_147 | 1.7813536250143705 × 10^280 |
| 148 | ov_148 | 1.3007907653088286 × 10^280 |
| 149 | ov_149 | 9.253955705440565 × 10^279 |
| 150 | ov_150 | 6.385175004852209 × 10^279 |
| 151 | ov_151 | 4.2488790668424213 × 10^279 |
| 152 | ov_152 | 2.70617784752734 × 10^279 |
| 153 | ov_153 | 1.6319651792026487 × 10^279 |
| 154 | ov_154 | 9.149118496764605 × 10^278 |
| 155 | ov_155 | 4.5746172129500074 × 10^278 |
| 156 | aaa_76_25 | 1.7582961864730826 × 10^278 |
| 157 | aaa_76_26 | 1.0159253174056864 × 10^278 |
| 158 | aaa_76_27 | 5.203634477137847 × 10^277 |
| 159 | aaa_76_28 | 2.0276595102789934 × 10^277 |
| 160 | aaa_76_29 | 6.171528870169421 × 10^276 |

### Output Bits Sorted by Complexity

| Rank | Output Bit | Complexity |
|:----:|:----------:|:----------:|
| 160 | aaa_76_29 | 6.171528870169421 × 10^276 |
| 159 | aaa_76_28 | 2.0276595102789934 × 10^277 |
| 158 | aaa_76_27 | 5.203634477137847 × 10^277 |
| 157 | aaa_76_26 | 1.0159253174056864 × 10^278 |
| 156 | aaa_76_25 | 1.7582961864730826 × 10^278 |
| 155 | ov_155 | 4.5746172129500074 × 10^278 |
| 154 | ov_154 | 9.149118496764605 × 10^278 |
| 153 | ov_153 | 1.6319651792026487 × 10^279 |
| 152 | ov_152 | 2.70617784752734 × 10^279 |
| 151 | ov_151 | 4.2488790668424213 × 10^279 |
| 150 | ov_150 | 6.385175004852209 × 10^279 |
| 149 | ov_149 | 9.253955705440565 × 10^279 |
| 148 | ov_148 | 1.3007907653088286 × 10^280 |
| 147 | ov_147 | 1.7813536250143705 × 10^280 |
| 146 | ov_146 | 2.3851204182190488 × 10^280 |
| 145 | ov_145 | 3.131519286931816 × 10^280 |
| 144 | ov_144 | 4.0413795152316963 × 10^280 |
| 143 | ov_143 | 5.13694483143834 × 10^280 |
| 142 | ov_142 | 6.441891749101835 × 10^280 |
| 141 | ov_141 | 7.981354047372122 × 10^280 |
| 140 | ov_140 | 9.781954586733084 × 10^280 |
| 139 | ov_139 | 1.187184575172818 × 10^281 |
| 138 | ov_138 | 1.4280759908295955 × 10^281 |
| 137 | ov_137 | 1.7040071359868763 × 10^281 |
| 136 | ov_136 | 2.0182871383729875 × 10^281 |
| 135 | ov_135 | 2.3744058027613535 × 10^281 |
| 134 | ov_134 | 2.7742529528975586 × 10^281 |
| 133 | ov_133 | 3.221713490960807 × 10^281 |
| 132 | ov_132 | 3.7208906226936675 × 10^281 |
| 131 | ov_131 | 4.276122624780893 × 10^281 |
| 130 | ov_130 | 4.276125536144645 × 10^281 |
| 129 | ov_129 | 4.276137565480866 × 10^281 |
| 128 | aaa_77_29 | 4.583408275500352 × 10^281 |
| 127 | aaa_77_28 | 1.2207916749548977 × 10^282 |
| 126 | ov_126 | 3.819457345779539 × 10^282 |
| 125 | ov_125 | 8.572384566470283 × 10^282 |
| 124 | ov_124 | 1.6311485877848905 × 10^283 |
| 123 | ov_123 | 2.786868269173267 × 10^283 |
| 122 | ov_122 | 4.407593024698257 × 10^283 |
| 121 | ov_121 | 6.5765282551629995 × 10^283 |
| 120 | ov_120 | 9.376901956989255 × 10^283 |
| 119 | ov_119 | 1.289198523410092 × 10^284 |
| 118 | ov_118 | 1.720512268255614 × 10^284 |
| 117 | ov_117 | 2.2399778558332754 × 10^284 |
| 116 | ov_116 | 2.8559608483754987 × 10^284 |
| 115 | ov_115 | 3.576856466865278 × 10^284 |
| 114 | ov_114 | 4.4111040154763004 × 10^284 |
| 113 | ov_113 | 5.3672057592824035 × 10^284 |
| 112 | ov_112 | 6.453750806349917 × 10^284 |
| 111 | ov_111 | 7.679444545629189 × 10^284 |
| 110 | ov_110 | 9.053144192606907 × 10^284 |
| 109 | ov_109 | 1.073190690333811 × 10^285 |
| 108 | ov_108 | 1.2882084536646337 × 10^285 |
| 107 | ov_107 | 1.5679624302352712 × 10^285 |
| 106 | ov_106 | 1.9310434936462763 × 10^285 |
| 105 | ov_105 | 2.3970827302738386 × 10^285 |
| 104 | ov_104 | 2.9868038893816 × 10^285 |
| 103 | ov_103 | 3.722085228867724 × 10^285 |
| 102 | ov_102 | 4.6260318219780215 × 10^285 |
| 101 | ov_101 | 5.723059451597625 × 10^285 |
| 100 | ov_100 | 7.038991282046962 × 10^285 |
| 99 | ov_099 | 8.601168564113346 × 10^285 |
| 98 | ov_098 | 8.60120417597978 × 10^285 |
| 97 | ov_097 | 8.601315384427676 × 10^285 |
| 96 | aaa_78_29 | 1.624802986403386 × 10^286 |
| 95 | aaa_78_28 | 5.438751167209782 × 10^286 |
| 94 | ov_094 | 1.7924624081786556 × 10^287 |
| 93 | ov_093 | 4.263326778223836 × 10^287 |
| 92 | ov_092 | 8.683904279346835 × 10^287 |
| 91 | ov_091 | 1.5991509283722286 × 10^288 |
| 90 | ov_090 | 2.8270671354167144 × 10^288 |
| 89 | ov_089 | 4.802577669546831 × 10^288 |
| 88 | ov_088 | 7.818123489957766 × 10^288 |
| 87 | ov_087 | 1.2208178916606902 × 10^289 |
| 86 | ov_086 | 1.8349303272866121 × 10^289 |
| 85 | ov_085 | 2.666021974957113 × 10^289 |
| 84 | ov_084 | 3.7601928147120287 × 10^289 |
| 83 | ov_083 | 5.167785815301844 × 10^289 |
| 82 | ov_082 | 6.943406981381084 × 10^289 |
| 81 | ov_081 | 9.145950786326756 × 10^289 |
| 64 | lv_79_m31 | 1.0686757278966662 × 10^290 |
| 80 | ov_080 | 1.183863165737108 × 10^290 |
| 79 | ov_079 | 1.508902218056285 × 10^290 |
| 78 | ov_078 | 1.8969098694386183 × 10^290 |
| 77 | ov_077 | 2.355529494290115 × 10^290 |
| 76 | ov_076 | 2.892856446231568 × 10^290 |
| 75 | ov_075 | 3.5174452379286152 × 10^290 |
| 74 | ov_074 | 4.2383177305353995 × 10^290 |
| 73 | ov_073 | 5.064972402017972 × 10^290 |
| 63 | ov_063 | 5.480632615505423 × 10^290 |
| 72 | ov_072 | 6.007394912715959 × 10^290 |
| 71 | ov_071 | 7.076070640968688 × 10^290 |
| 70 | ov_070 | 8.282000343862615 × 10^290 |
| 69 | ov_069 | 9.636720312986556 × 10^290 |
| 68 | ov_068 | 1.1152328473450105 × 10^291 |
| 67 | ov_067 | 1.284151795603903 × 10^291 |
| 66 | ov_066 | 1.2841525308852421 × 10^291 |
| 65 | ov_065 | 1.2841556406758538 × 10^291 |
| 62 | ov_062 | 2.810096924997235 × 10^291 |
| 61 | ov_061 | 1.0237680740121548 × 10^292 |
| 60 | ov_060 | 2.9291207139258505 × 10^292 |
| 59 | ov_059 | 7.06436608525147 × 10^292 |
| 58 | ov_058 | 1.4332695161107116 × 10^293 |
| 57 | ov_057 | 2.5889293180773265 × 10^293 |
| 56 | ov_056 | 4.314134865373537 × 10^293 |
| 55 | ov_055 | 6.9155266863913975 × 10^293 |
| 54 | ov_054 | 1.0584234797859428 × 10^294 |
| 53 | ov_053 | 1.572773818454175 × 10^294 |
| 52 | ov_052 | 2.2803972354855533 × 10^294 |
| 51 | ov_051 | 3.2321379278593176 × 10^294 |
| 50 | ov_050 | 4.483899032672653 × 10^294 |
| 49 | ov_049 | 6.096655984183133 × 10^294 |
| 48 | ov_048 | 8.1364771054859 × 10^294 |
| 47 | ov_047 | 1.0674553942576116 × 10^295 |
| 32 | lv_80_k31 | 1.240807215452946 × 10^295 |
| 46 | ov_046 | 1.3787244185068527 × 10^295 |
| 45 | ov_045 | 1.7556130354902676 × 10^295 |
| 44 | ov_044 | 2.2068097782198626 × 10^295 |
| 43 | ov_043 | 2.741543572635681 × 10^295 |
| 42 | ov_042 | 3.3695965840882917 × 10^295 |
| 31 | ov_031 | 3.8819172566658653 × 10^295 |
| 41 | ov_041 | 4.101320252264176 × 10^295 |
| 40 | ov_040 | 4.942334746276414 × 10^295 |
| 39 | ov_039 | 5.904193390353313 × 10^295 |
| 38 | ov_038 | 6.999091077655769 × 10^295 |
| 37 | ov_037 | 8.239898293182204 × 10^295 |
| 36 | ov_036 | 9.640201118664807 × 10^295 |
| 35 | ov_035 | 1.1214347885623527 × 10^296 |
| 34 | ov_034 | 1.297750317982625 × 10^296 |
| 33 | ov_033 | 1.4945709938187293 × 10^296 |
| 30 | ov_030 | 3.262948482146465 × 10^296 |
| 29 | ov_029 | 1.0674567489073008 × 10^297 |
| 28 | ov_028 | 2.770561956455509 × 10^297 |
| 27 | ov_027 | 6.192418058675264 × 10^297 |
| 26 | ov_026 | 1.313968960508702 × 10^298 |
| 25 | ov_025 | 2.6005143146142783 × 10^298 |
| 24 | ov_024 | 4.776766288235918 × 10^298 |
| 23 | ov_023 | 8.199229923618576 × 10^298 |
| 22 | ov_022 | 1.3283039192317984 × 10^299 |
| 21 | ov_021 | 2.0501983130141296 × 10^299 |
| 20 | ov_020 | 3.0388553512854448 × 10^299 |
| 19 | ov_019 | 4.3534022722556335 × 10^299 |
| 18 | ov_018 | 6.058856346175544 × 10^299 |
| 17 | ov_017 | 8.226142680276755 × 10^299 |
| 16 | ov_016 | 1.0932119898791511 × 10^300 |
| 15 | ov_015 | 1.4259616258497862 × 10^300 |
| 14 | ov_014 | 1.829747949565084 × 10^300 |
| 13 | ov_013 | 2.314064426999136 × 10^300 |
| 12 | ov_012 | 2.8890221475995035 × 10^300 |
| 11 | ov_011 | 3.5653614096899004 × 10^300 |
| 10 | ov_010 | 4.3544664683825846 × 10^300 |
| 9 | ov_009 | 5.268383995119471 × 10^300 |
| 8 | ov_008 | 6.31984583914719 × 10^300 |
| 7 | ov_007 | 7.522296722830626 × 10^300 |
| 6 | ov_006 | 8.88992754486286 × 10^300 |
| 5 | ov_005 | 1.0437715008307266 × 10^301 |
| 4 | ov_004 | 1.2181468334212371 × 10^301 |
| 3 | ov_003 | 1.4137883813307246 × 10^301 |
| 2 | ov_002 | 1.6324607888289552 × 10^301 |
| 1 | ov_001 | 1.8760309507383866 × 10^301 |

