# Results for F001-F002-F003-F004-F005-F006-F007-F008-F009-F010-F011-F012-F013-F014-F015-F016-F017-F018-F019-F020-F021-F022-F023-F024-F025-F026-F027-F028-F029-F030-F031-F032-F033-F034-F035-F036-F037-F038-F039-F040-F041-F042-F043-F044-F045-F046-F047-F048-F049-F050-F051-F052-F053-F054-F055-F056-F057-F058-F059-F060-F061-F062-F063-F064-F065-F066-F067-F068-F069-F070-F071-F072-F073-F074-F075-F076-F077-F078-F079-F080-F081-F082-F083-F084-F085-F086-F087-F088-F089-F090-F091-F092-F093-F094-F095-F096-F097-F098-F099-F100-F101-F102-F103-F104-F105-F106-F107-F108-F109-F110-F111-F112-F113-F114-F115-F116-F117-F118-F119-F120-F121-F122-F123-F124-F125-F126-F127-F128-F129-F130-F131-F132-F133-F134-F135-F136-F137-F138-F139-F140-F141-F142-F143-F144-F145-F146-F147-F148-F149-F150-F151-F152-F153-F154-F155-F156-F157-F158-F159-F160-F161-F162-F163-F164-F165-F166-F167-F168-F169-F170-F171-F172-F173-F174-F175-F176-F177-F178-F179-F180-F181-F182-F183-F184-F185-F186-F187-F188-F189-F190-F191-F192-F193-F194-F195-F196-F197-F198-F199-F200-F201-F202-F203-F204-F205-F206-F207-F208-F209-F210-F211-F212-F213-F214-F215-F216-F217-F218-F219-F220-F221-F222-F223-F224-F225-F226-F227-F228-F229-F230-F231-F232-F233-F234-F235-F236-F237-F238-F239-F240-F241-F242-F243-F244-F245-F246-F247-F248-F249-F250-F251-F252-F253-F254-F255-F256-F257-F258-F259-F260-F261-F262-F263-F264-F265-F266-F267-F268-F269-F270-F271-F272-F273-F274-F275-F276-F277-F278-F279-F280-F281-F282-F283-F284-F285-F286-F287-F288-F289-F290-F291-F292-F293-F294-F295-F296-F297-F298-F299-F300-F301-F302-F303-F304-F305-F306-F307-F308-F309-F310-F311-F312-F313-F314-F315-F316-F317-F318-F319-F320-F321-F322-F323-F324-F325-F326-F327-F328-F329-F330-F331-F332-F333-F334-F335-F336-F337-F338-F339-F340-F341-F342-F343-F344-F345-F346-F347-F348-F349-F350-F351-F352-F353-F354-F355-F356-F357-F358-F359-F360-F361-F362-F363-F364-F365-F366-F367-F368-F369-F370-F371-F372-F373-F374-F375-F376-F377-F378-F379-F380-F381-F382-F383-F384-F385-F386-F387-F388-F389-F390-F391-F392-F393-F394-F395-F396-F397-F398-F399-F400-F401-F402-F403-F404-F405-F406-F407-F408-F409-F410-F411-F412-F413-F414-F415-F416-F417-F418-F419-F420-F421-F422-F423-F424-F425-F426-F427-F428-F429-F430-F431-F432-F433-F434-F435-F436-F437-F438-F439-F440-F441-F442-F443-F444-F445-F446-F447-F448-F449-F450-F451-F452-F453-F454-F455-F456-F457-F458-F459-F460-F461-F462-F463-F464-F465-F466-F467-F468-F469-F470-F471-F472-F473-F474-F475-F476-F477-F478-F479-F480-F481-F482-F483-F484-F485-F486-F487-F488-F489-F490-F491-F492-F493-F494-F495-F496-O508509-F510-F511-F512

## Summary

Number of input bits: 512  
Number of free input bits: 12  
Number of output bits: 160

Number of direct occurrences: 49317  
Number of assignments: 31597  
Number of operations: 11463212
(xor: 11434404,
and: 15383,
or: 13425)

Total complexity: 4.462062374373025 × 10^303

Least occurring input variable: iv_502 (3889)  
Most occurring input variable: iv_507 (4417)

Most co-occurring input variables: iv_507-iv_508 (2128)  
Least co-occurring input variables: iv_502-iv_503 (1771)

Potentially most occurring input variable: iv_506/iv_508 (4670)  
Potentially least occurring input variable: iv_504/iv_505 (4130)

Least output occurring input variable: iv_502 (70)  
Most output occurring input variable: iv_500 (91)

Most output co-occurring input variables: iv_499-iv_500 (53)  
Least output co-occurring input variables: iv_505-iv_508 (30)

Potentially most output occurring input variable: iv_498/iv_506 (91)  
Potentially least output occurring input variable: iv_499/iv_500 (65)

Least complex input bit: iv_497 (1.9868060247609694 × 10^301)  
Most complex input bit: iv_505 (1.182038217882386 × 10^303)

Least complex output bit: aaa_76_29 (1.3218455103260596 × 10^278)  
Most complex output bit: ov_001 (7.135437876386716 × 10^302)

Least complex input/output complexity: iv_497/aaa_76_29 (5.8857326576212806 × 10^275)  
Most complex input/output complexity: iv_505/ov_001 (1.8902380925142813 × 10^302)

## Input Bits

### Input Bits in Regular Order

| Input Bit | Complexity | Occurrences | Output Occurrences |
|:---------:|:----------:|:-----------:|:------------------:|
| iv_497 | 1.9868060247609694 × 10^301 | 4146 | 80 |
| iv_498 | 3.957696696823159 × 10^301 | 3957 | 77 |
| iv_499 | 6.960737307659083 × 10^301 | 4091 | 80 |
| iv_500 | 1.1699293818804086 × 10^302 | 4050 | 91 |
| iv_501 | 1.9272492852162337 × 10^302 | 4110 | 84 |
| iv_502 | 3.114691298087757 × 10^302 | 3889 | 70 |
| iv_503 | 4.949718536802789 × 10^302 | 4037 | 78 |
| iv_504 | 7.716921446159258 × 10^302 | 4015 | 81 |
| iv_505 | 1.182038217882386 × 10^303 | 4069 | 74 |
| iv_506 | 5.981232204593949 × 10^302 | 4172 | 86 |
| iv_507 | 6.435212617632285 × 10^302 | 4417 | 85 |
| iv_508 | 2.1476279160947992 × 10^301 | 4364 | 75 |

### Input Bits Sorted by Complexity

| Input Bit | Complexity | Occurrences | Output Occurrences |
|:---------:|:----------:|:-----------:|:------------------:|
| iv_497 | 1.9868060247609694 × 10^301 | 4146 | 80 |
| iv_508 | 2.1476279160947992 × 10^301 | 4364 | 75 |
| iv_498 | 3.957696696823159 × 10^301 | 3957 | 77 |
| iv_499 | 6.960737307659083 × 10^301 | 4091 | 80 |
| iv_500 | 1.1699293818804086 × 10^302 | 4050 | 91 |
| iv_501 | 1.9272492852162337 × 10^302 | 4110 | 84 |
| iv_502 | 3.114691298087757 × 10^302 | 3889 | 70 |
| iv_503 | 4.949718536802789 × 10^302 | 4037 | 78 |
| iv_506 | 5.981232204593949 × 10^302 | 4172 | 86 |
| iv_507 | 6.435212617632285 × 10^302 | 4417 | 85 |
| iv_504 | 7.716921446159258 × 10^302 | 4015 | 81 |
| iv_505 | 1.182038217882386 × 10^303 | 4069 | 74 |

### Input Bits Sorted by Occurrences

| Input Bit | Complexity | Occurrences | Output Occurrences |
|:---------:|:----------:|:-----------:|:------------------:|
| iv_502 | 3.114691298087757 × 10^302 | 3889 | 70 |
| iv_498 | 3.957696696823159 × 10^301 | 3957 | 77 |
| iv_504 | 7.716921446159258 × 10^302 | 4015 | 81 |
| iv_503 | 4.949718536802789 × 10^302 | 4037 | 78 |
| iv_500 | 1.1699293818804086 × 10^302 | 4050 | 91 |
| iv_505 | 1.182038217882386 × 10^303 | 4069 | 74 |
| iv_499 | 6.960737307659083 × 10^301 | 4091 | 80 |
| iv_501 | 1.9272492852162337 × 10^302 | 4110 | 84 |
| iv_497 | 1.9868060247609694 × 10^301 | 4146 | 80 |
| iv_506 | 5.981232204593949 × 10^302 | 4172 | 86 |
| iv_508 | 2.1476279160947992 × 10^301 | 4364 | 75 |
| iv_507 | 6.435212617632285 × 10^302 | 4417 | 85 |

### Input Bits Sorted by Output Occurrences

| Input Bit | Complexity | Occurrences | Output Occurrences |
|:---------:|:----------:|:-----------:|:------------------:|
| iv_502 | 3.114691298087757 × 10^302 | 3889 | 70 |
| iv_505 | 1.182038217882386 × 10^303 | 4069 | 74 |
| iv_508 | 2.1476279160947992 × 10^301 | 4364 | 75 |
| iv_498 | 3.957696696823159 × 10^301 | 3957 | 77 |
| iv_503 | 4.949718536802789 × 10^302 | 4037 | 78 |
| iv_499 | 6.960737307659083 × 10^301 | 4091 | 80 |
| iv_497 | 1.9868060247609694 × 10^301 | 4146 | 80 |
| iv_504 | 7.716921446159258 × 10^302 | 4015 | 81 |
| iv_501 | 1.9272492852162337 × 10^302 | 4110 | 84 |
| iv_507 | 6.435212617632285 × 10^302 | 4417 | 85 |
| iv_506 | 5.981232204593949 × 10^302 | 4172 | 86 |
| iv_500 | 1.1699293818804086 × 10^302 | 4050 | 91 |

## Input Bit Co-occurrences

### Input Bit Co-occurrences Sorted by Co-occurrences

| Input Bits | Co-occurrences | Potential Occurrences | Output Co-occurrences | Potential Output Occurrences |
|:----------:|:--------------:|:---------------------:|:---------------------:|:----------------------------:|
| iv_507-iv_508 | 2128 | 4525 | 41 | 78 |
| iv_506-iv_507 | 2126 | 4337 | 47 | 77 |
| iv_499-iv_507 | 2104 | 4300 | 49 | 67 |
| iv_500-iv_507 | 2083 | 4301 | 48 | 80 |
| iv_501-iv_507 | 2078 | 4371 | 43 | 83 |
| iv_505-iv_507 | 2064 | 4358 | 39 | 81 |
| iv_504-iv_507 | 2057 | 4318 | 45 | 76 |
| iv_497-iv_508 | 2044 | 4422 | 35 | 85 |
| iv_503-iv_507 | 2033 | 4388 | 40 | 83 |
| iv_497-iv_507 | 2032 | 4499 | 42 | 81 |
| iv_500-iv_506 | 2013 | 4196 | 49 | 79 |
| iv_497-iv_501 | 2011 | 4234 | 41 | 82 |

### Input Bit Co-occurrences Sorted by Potential Occurrences

| Input Bits | Co-occurrences | Potential Occurrences | Output Co-occurrences | Potential Output Occurrences |
|:----------:|:--------------:|:---------------------:|:---------------------:|:----------------------------:|
| iv_504-iv_505 | 1977 | 4130 | 41 | 73 |
| iv_499-iv_500 | 1986 | 4169 | 53 | 65 |
| iv_502-iv_505 | 1891 | 4176 | 36 | 72 |
| iv_500-iv_506 | 2013 | 4196 | 49 | 79 |
| iv_501-iv_505 | 1988 | 4203 | 41 | 76 |
| iv_500-iv_502 | 1861 | 4217 | 44 | 73 |
| iv_504-iv_506 | 1984 | 4219 | 47 | 73 |
| iv_498-iv_504 | 1872 | 4228 | 41 | 76 |
| iv_498-iv_501 | 1918 | 4231 | 38 | 85 |
| iv_505-iv_506 | 2004 | 4233 | 43 | 74 |
| iv_497-iv_501 | 2011 | 4234 | 41 | 82 |
| iv_502-iv_506 | 1907 | 4247 | 38 | 80 |

### Input Bit Output Co-occurrences Sorted by Output Co-occurrences

| Input Bits | Co-occurrences | Potential Occurrences | Output Co-occurrences | Potential Output Occurrences |
|:----------:|:--------------:|:---------------------:|:---------------------:|:----------------------------:|
| iv_499-iv_500 | 1986 | 4169 | 53 | 65 |
| iv_497-iv_500 | 1948 | 4300 | 49 | 73 |
| iv_500-iv_506 | 2013 | 4196 | 49 | 79 |
| iv_499-iv_507 | 2104 | 4300 | 49 | 67 |
| iv_500-iv_501 | 1926 | 4308 | 48 | 79 |
| iv_500-iv_507 | 2083 | 4301 | 48 | 80 |
| iv_501-iv_506 | 1979 | 4324 | 48 | 74 |
| iv_497-iv_506 | 1923 | 4472 | 47 | 72 |
| iv_504-iv_506 | 1984 | 4219 | 47 | 73 |
| iv_498-iv_507 | 1988 | 4398 | 47 | 68 |
| iv_506-iv_507 | 2126 | 4337 | 47 | 77 |
| iv_500-iv_504 | 1896 | 4273 | 45 | 82 |

### Input Bit Output Co-occurrences Sorted by Potential Output Occurrences

| Input Bits | Co-occurrences | Potential Occurrences | Output Co-occurrences | Potential Output Occurrences |
|:----------:|:--------------:|:---------------------:|:---------------------:|:----------------------------:|
| iv_499-iv_500 | 1986 | 4169 | 53 | 65 |
| iv_499-iv_507 | 2104 | 4300 | 49 | 67 |
| iv_498-iv_507 | 1988 | 4398 | 47 | 68 |
| iv_503-iv_504 | 1873 | 4306 | 45 | 69 |
| iv_502-iv_508 | 1915 | 4423 | 38 | 69 |
| iv_497-iv_506 | 1923 | 4472 | 47 | 72 |
| iv_501-iv_502 | 1864 | 4271 | 41 | 72 |
| iv_502-iv_505 | 1891 | 4176 | 36 | 72 |
| iv_497-iv_500 | 1948 | 4300 | 49 | 73 |
| iv_504-iv_506 | 1984 | 4219 | 47 | 73 |
| iv_500-iv_502 | 1861 | 4217 | 44 | 73 |
| iv_504-iv_505 | 1977 | 4130 | 41 | 73 |

## Output Bits

### Output Bits in Regular Order

| Rank | Output Bit | Complexity |
|:----:|:----------:|:----------:|
| 1 | ov_001 | 7.135437876386716 × 10^302 |
| 2 | ov_002 | 6.187552503089297 × 10^302 |
| 3 | ov_003 | 5.338547503763411 × 10^302 |
| 4 | ov_004 | 4.580918915060056 × 10^302 |
| 5 | ov_005 | 3.907571817880725 × 10^302 |
| 6 | ov_006 | 3.311791359623871 × 10^302 |
| 7 | ov_007 | 2.7872175399675787 × 10^302 |
| 8 | ov_008 | 2.327823456476589 × 10^302 |
| 9 | ov_009 | 1.9278967258534905 × 10^302 |
| 10 | ov_010 | 1.582023771843496 × 10^302 |
| 11 | ov_011 | 1.2850766672796703 × 10^302 |
| 12 | ov_012 | 1.032202235630674 × 10^302 |
| 13 | ov_013 | 8.188131349456377 × 10^301 |
| 14 | ov_014 | 6.405806643591711 × 10^301 |
| 15 | ov_015 | 4.93429050388145 × 10^301 |
| 16 | ov_016 | 3.735309871724438 × 10^301 |
| 17 | ov_017 | 2.773042216247711 × 10^301 |
| 18 | ov_018 | 2.0140899119074752 × 10^301 |
| 19 | ov_019 | 1.4274613860325486 × 10^301 |
| 20 | ov_020 | 9.845574466146472 × 10^300 |
| 21 | ov_021 | 6.591614350866443 × 10^300 |
| 22 | ov_022 | 4.274322091670928 × 10^300 |
| 23 | ov_023 | 2.6789928998746687 × 10^300 |
| 24 | ov_024 | 1.614596692797285 × 10^300 |
| 25 | ov_025 | 9.137585536348303 × 10^299 |
| 26 | ov_026 | 4.987030285061654 × 10^299 |
| 27 | ov_027 | 2.49339082507945 × 10^299 |
| 28 | ov_028 | 1.115306836188675 × 10^299 |
| 29 | ov_029 | 4.2960263879555545 × 10^298 |
| 30 | ov_030 | 1.312858648688612 × 10^298 |
| 31 | ov_031 | 2.5596459703686127 × 10^297 |
| 32 | lv_80_m31 | 4.989495249459709 × 10^296 |
| 33 | ov_033 | 5.981970025973854 × 10^297 |
| 34 | ov_034 | 5.186896982413716 × 10^297 |
| 35 | ov_035 | 4.475328787947001 × 10^297 |
| 36 | ov_036 | 3.8407176654439284 × 10^297 |
| 37 | ov_037 | 3.276869795002893 × 10^297 |
| 38 | ov_038 | 2.777920270019667 × 10^297 |
| 39 | ov_039 | 2.3383114364163252 × 10^297 |
| 40 | ov_040 | 1.9527742955647356 × 10^297 |
| 41 | ov_041 | 1.6163126678089688 × 10^297 |
| 42 | ov_042 | 1.3241898293802545 × 10^297 |
| 43 | ov_043 | 1.0741007578371768 × 10^297 |
| 44 | ov_044 | 8.617961022798509 × 10^296 |
| 45 | ov_045 | 6.832580778399863 × 10^296 |
| 46 | ov_046 | 5.346944305869077 × 10^296 |
| 47 | ov_047 | 4.125336678684053 × 10^296 |
| 48 | ov_048 | 3.134213569706532 × 10^296 |
| 49 | ov_049 | 2.342173096171957 × 10^296 |
| 50 | ov_050 | 1.719934844239318 × 10^296 |
| 51 | ov_051 | 1.2403245399457653 × 10^296 |
| 52 | ov_052 | 8.782630474389146 × 10^295 |
| 53 | ov_053 | 6.107586578014461 × 10^295 |
| 54 | ov_054 | 4.1690182740667766 × 10^295 |
| 55 | ov_055 | 2.7786167496173584 × 10^295 |
| 56 | ov_056 | 1.768837379487895 × 10^295 |
| 57 | ov_057 | 1.0610967546029557 × 10^295 |
| 58 | ov_058 | 5.871843324708008 × 10^294 |
| 59 | ov_059 | 2.8925983767863992 × 10^294 |
| 60 | ov_060 | 1.1985206743319443 × 10^294 |
| 61 | ov_061 | 4.185845559098257 × 10^293 |
| 62 | ov_062 | 1.1480640338202792 × 10^293 |
| 63 | ov_063 | 2.2372145047664937 × 10^292 |
| 64 | lv_79_m31 | 4.358613644364667 × 10^291 |
| 65 | ov_065 | 5.18046973078602 × 10^292 |
| 66 | ov_066 | 5.180454287316287 × 10^292 |
| 67 | ov_067 | 5.18045056101618 × 10^292 |
| 68 | ov_068 | 4.481676316263852 × 10^292 |
| 69 | ov_069 | 3.8567324583797277 × 10^292 |
| 70 | ov_070 | 3.3000263279656573 × 10^292 |
| 71 | ov_071 | 2.8062572811509386 × 10^292 |
| 72 | ov_072 | 2.370395916642691 × 10^292 |
| 73 | ov_073 | 1.9876663818840873 × 10^292 |
| 74 | ov_074 | 1.6535314458845555 × 10^292 |
| 75 | ov_075 | 1.3636800427183644 × 10^292 |
| 76 | ov_076 | 1.1140170055047922 × 10^292 |
| 77 | ov_077 | 9.00654725996688 × 10^291 |
| 78 | ov_078 | 7.199064898122484 × 10^291 |
| 79 | ov_079 | 5.682812519309346 × 10^291 |
| 80 | ov_080 | 4.42479631409394 × 10^291 |
| 81 | ov_081 | 3.393909184158505 × 10^291 |
| 82 | ov_082 | 2.560909006794738 × 10^291 |
| 83 | ov_083 | 1.8984033034261168 × 10^291 |
| 84 | ov_084 | 1.380838660177658 × 10^291 |
| 85 | ov_085 | 9.844933861022003 × 10^290 |
| 86 | ov_086 | 6.874721612616005 × 10^290 |
| 87 | ov_087 | 4.697019348759194 × 10^290 |
| 88 | ov_088 | 3.1292879036956004 × 10^290 |
| 89 | ov_089 | 2.0071564067436578 × 10^290 |
| 90 | ov_090 | 1.2529790916776183 × 10^290 |
| 91 | ov_091 | 7.38678917170586 × 10^289 |
| 92 | ov_092 | 4.0475176174372773 × 10^289 |
| 93 | ov_093 | 2.0076002674156242 × 10^289 |
| 94 | ov_094 | 8.533151817432686 × 10^288 |
| 95 | aaa_78_28 | 2.6158990217629264 × 10^288 |
| 96 | aaa_78_29 | 7.942008315060222 × 10^287 |
| 97 | ov_097 | 4.288636852503526 × 10^287 |
| 98 | ov_098 | 4.2886143628982 × 10^287 |
| 99 | ov_099 | 4.2886071835429516 × 10^287 |
| 100 | ov_100 | 3.669728206289601 × 10^287 |
| 101 | ov_101 | 3.1204390362238163 × 10^287 |
| 102 | ov_102 | 2.6351894422131445 × 10^287 |
| 103 | ov_103 | 2.2087325004316303 × 10^287 |
| 104 | ov_104 | 1.8361024898736785 × 10^287 |
| 105 | ov_105 | 1.5125957007984625 × 10^287 |
| 106 | ov_106 | 1.2337538869434926 × 10^287 |
| 107 | ov_107 | 9.953501062293492 × 10^286 |
| 108 | ov_108 | 7.933767080634986 × 10^286 |
| 109 | ov_109 | 6.240352383380831 × 10^286 |
| 110 | ov_110 | 4.837280458892147 × 10^286 |
| 111 | ov_111 | 3.6905138661615023 × 10^286 |
| 112 | ov_112 | 2.767898337085162 × 10^286 |
| 113 | ov_113 | 2.039118145484291 × 10^286 |
| 114 | ov_114 | 1.4756610688189191 × 10^286 |
| 115 | ov_115 | 1.0507913882108195 × 10^286 |
| 116 | ov_116 | 7.395294916868739 × 10^285 |
| 117 | ov_117 | 5.1863676462599565 × 10^285 |
| 118 | ov_118 | 3.666045703329782 × 10^285 |
| 119 | ov_119 | 2.6364635502202303 × 10^285 |
| 120 | ov_120 | 1.9169214279971437 × 10^285 |
| 121 | ov_121 | 1.3438477532357184 × 10^285 |
| 122 | ov_122 | 9.001551782508469 × 10^284 |
| 123 | ov_123 | 5.687656112801377 × 10^284 |
| 124 | ov_124 | 3.326058093638488 × 10^284 |
| 125 | ov_125 | 1.7460464761016687 × 10^284 |
| 126 | ov_126 | 7.769172598221819 × 10^283 |
| 127 | aaa_77_28 | 2.4796834387800255 × 10^283 |
| 128 | aaa_77_29 | 9.289600486910161 × 10^282 |
| 129 | ov_129 | 8.548418796579259 × 10^282 |
| 130 | ov_130 | 8.548393053679024 × 10^282 |
| 131 | ov_131 | 8.548386830190767 × 10^282 |
| 132 | ov_132 | 7.398187786601514 × 10^282 |
| 133 | ov_133 | 6.369442594210245 × 10^282 |
| 134 | ov_134 | 5.452902671427773 × 10^282 |
| 135 | ov_135 | 4.6398131886724154 × 10^282 |
| 136 | ov_136 | 3.9218776637728036 × 10^282 |
| 137 | ov_137 | 3.291227502051832 × 10^282 |
| 138 | ov_138 | 2.740396008367149 × 10^282 |
| 139 | ov_139 | 2.2622964223896275 × 10^282 |
| 140 | ov_140 | 1.850203551725098 × 10^282 |
| 141 | ov_141 | 1.4977386002843257 × 10^282 |
| 142 | ov_142 | 1.198856811714128 × 10^282 |
| 143 | ov_143 | 9.478375698273238 × 10^281 |
| 144 | ov_144 | 7.39276619897251 × 10^281 |
| 145 | ov_145 | 5.680800964798349 × 10^281 |
| 146 | ov_146 | 4.294600651400068 × 10^281 |
| 147 | ov_147 | 3.1893130712073665 × 10^281 |
| 148 | ov_148 | 2.3230909762051295 × 10^281 |
| 149 | ov_149 | 1.6570774994919936 × 10^281 |
| 150 | ov_150 | 1.1553971941928744 × 10^281 |
| 151 | ov_151 | 7.851508240444592 × 10^280 |
| 152 | ov_152 | 5.164123505625316 × 10^280 |
| 153 | ov_153 | 3.2222705006558404 × 10^280 |
| 154 | ov_154 | 1.8986020087311856 × 10^280 |
| 155 | ov_155 | 9.829635571013575 × 10^279 |
| 156 | aaa_76_25 | 3.777003087978008 × 10^279 |
| 157 | aaa_76_26 | 2.1810758230654183 × 10^279 |
| 158 | aaa_76_27 | 1.1164354546520828 × 10^279 |
| 159 | aaa_76_28 | 4.346675239702235 × 10^278 |
| 160 | aaa_76_29 | 1.3218455103260596 × 10^278 |

### Output Bits Sorted by Complexity

| Rank | Output Bit | Complexity |
|:----:|:----------:|:----------:|
| 160 | aaa_76_29 | 1.3218455103260596 × 10^278 |
| 159 | aaa_76_28 | 4.346675239702235 × 10^278 |
| 158 | aaa_76_27 | 1.1164354546520828 × 10^279 |
| 157 | aaa_76_26 | 2.1810758230654183 × 10^279 |
| 156 | aaa_76_25 | 3.777003087978008 × 10^279 |
| 155 | ov_155 | 9.829635571013575 × 10^279 |
| 154 | ov_154 | 1.8986020087311856 × 10^280 |
| 153 | ov_153 | 3.2222705006558404 × 10^280 |
| 152 | ov_152 | 5.164123505625316 × 10^280 |
| 151 | ov_151 | 7.851508240444592 × 10^280 |
| 150 | ov_150 | 1.1553971941928744 × 10^281 |
| 149 | ov_149 | 1.6570774994919936 × 10^281 |
| 148 | ov_148 | 2.3230909762051295 × 10^281 |
| 147 | ov_147 | 3.1893130712073665 × 10^281 |
| 146 | ov_146 | 4.294600651400068 × 10^281 |
| 145 | ov_145 | 5.680800964798349 × 10^281 |
| 144 | ov_144 | 7.39276619897251 × 10^281 |
| 143 | ov_143 | 9.478375698273238 × 10^281 |
| 142 | ov_142 | 1.198856811714128 × 10^282 |
| 141 | ov_141 | 1.4977386002843257 × 10^282 |
| 140 | ov_140 | 1.850203551725098 × 10^282 |
| 139 | ov_139 | 2.2622964223896275 × 10^282 |
| 138 | ov_138 | 2.740396008367149 × 10^282 |
| 137 | ov_137 | 3.291227502051832 × 10^282 |
| 136 | ov_136 | 3.9218776637728036 × 10^282 |
| 135 | ov_135 | 4.6398131886724154 × 10^282 |
| 134 | ov_134 | 5.452902671427773 × 10^282 |
| 133 | ov_133 | 6.369442594210245 × 10^282 |
| 132 | ov_132 | 7.398187786601514 × 10^282 |
| 131 | ov_131 | 8.548386830190767 × 10^282 |
| 130 | ov_130 | 8.548393053679024 × 10^282 |
| 129 | ov_129 | 8.548418796579259 × 10^282 |
| 128 | aaa_77_29 | 9.289600486910161 × 10^282 |
| 127 | aaa_77_28 | 2.4796834387800255 × 10^283 |
| 126 | ov_126 | 7.769172598221819 × 10^283 |
| 125 | ov_125 | 1.7460464761016687 × 10^284 |
| 124 | ov_124 | 3.326058093638488 × 10^284 |
| 123 | ov_123 | 5.687656112801377 × 10^284 |
| 122 | ov_122 | 9.001551782508469 × 10^284 |
| 121 | ov_121 | 1.3438477532357184 × 10^285 |
| 120 | ov_120 | 1.9169214279971437 × 10^285 |
| 119 | ov_119 | 2.6364635502202303 × 10^285 |
| 118 | ov_118 | 3.666045703329782 × 10^285 |
| 117 | ov_117 | 5.1863676462599565 × 10^285 |
| 116 | ov_116 | 7.395294916868739 × 10^285 |
| 115 | ov_115 | 1.0507913882108195 × 10^286 |
| 114 | ov_114 | 1.4756610688189191 × 10^286 |
| 113 | ov_113 | 2.039118145484291 × 10^286 |
| 112 | ov_112 | 2.767898337085162 × 10^286 |
| 111 | ov_111 | 3.6905138661615023 × 10^286 |
| 110 | ov_110 | 4.837280458892147 × 10^286 |
| 109 | ov_109 | 6.240352383380831 × 10^286 |
| 108 | ov_108 | 7.933767080634986 × 10^286 |
| 107 | ov_107 | 9.953501062293492 × 10^286 |
| 106 | ov_106 | 1.2337538869434926 × 10^287 |
| 105 | ov_105 | 1.5125957007984625 × 10^287 |
| 104 | ov_104 | 1.8361024898736785 × 10^287 |
| 103 | ov_103 | 2.2087325004316303 × 10^287 |
| 102 | ov_102 | 2.6351894422131445 × 10^287 |
| 101 | ov_101 | 3.1204390362238163 × 10^287 |
| 100 | ov_100 | 3.669728206289601 × 10^287 |
| 99 | ov_099 | 4.2886071835429516 × 10^287 |
| 98 | ov_098 | 4.2886143628982 × 10^287 |
| 97 | ov_097 | 4.288636852503526 × 10^287 |
| 96 | aaa_78_29 | 7.942008315060222 × 10^287 |
| 95 | aaa_78_28 | 2.6158990217629264 × 10^288 |
| 94 | ov_094 | 8.533151817432686 × 10^288 |
| 93 | ov_093 | 2.0076002674156242 × 10^289 |
| 92 | ov_092 | 4.0475176174372773 × 10^289 |
| 91 | ov_091 | 7.38678917170586 × 10^289 |
| 90 | ov_090 | 1.2529790916776183 × 10^290 |
| 89 | ov_089 | 2.0071564067436578 × 10^290 |
| 88 | ov_088 | 3.1292879036956004 × 10^290 |
| 87 | ov_087 | 4.697019348759194 × 10^290 |
| 86 | ov_086 | 6.874721612616005 × 10^290 |
| 85 | ov_085 | 9.844933861022003 × 10^290 |
| 84 | ov_084 | 1.380838660177658 × 10^291 |
| 83 | ov_083 | 1.8984033034261168 × 10^291 |
| 82 | ov_082 | 2.560909006794738 × 10^291 |
| 81 | ov_081 | 3.393909184158505 × 10^291 |
| 64 | lv_79_m31 | 4.358613644364667 × 10^291 |
| 80 | ov_080 | 4.42479631409394 × 10^291 |
| 79 | ov_079 | 5.682812519309346 × 10^291 |
| 78 | ov_078 | 7.199064898122484 × 10^291 |
| 77 | ov_077 | 9.00654725996688 × 10^291 |
| 76 | ov_076 | 1.1140170055047922 × 10^292 |
| 75 | ov_075 | 1.3636800427183644 × 10^292 |
| 74 | ov_074 | 1.6535314458845555 × 10^292 |
| 73 | ov_073 | 1.9876663818840873 × 10^292 |
| 63 | ov_063 | 2.2372145047664937 × 10^292 |
| 72 | ov_072 | 2.370395916642691 × 10^292 |
| 71 | ov_071 | 2.8062572811509386 × 10^292 |
| 70 | ov_070 | 3.3000263279656573 × 10^292 |
| 69 | ov_069 | 3.8567324583797277 × 10^292 |
| 68 | ov_068 | 4.481676316263852 × 10^292 |
| 67 | ov_067 | 5.18045056101618 × 10^292 |
| 66 | ov_066 | 5.180454287316287 × 10^292 |
| 65 | ov_065 | 5.18046973078602 × 10^292 |
| 62 | ov_062 | 1.1480640338202792 × 10^293 |
| 61 | ov_061 | 4.185845559098257 × 10^293 |
| 60 | ov_060 | 1.1985206743319443 × 10^294 |
| 59 | ov_059 | 2.8925983767863992 × 10^294 |
| 58 | ov_058 | 5.871843324708008 × 10^294 |
| 57 | ov_057 | 1.0610967546029557 × 10^295 |
| 56 | ov_056 | 1.768837379487895 × 10^295 |
| 55 | ov_055 | 2.7786167496173584 × 10^295 |
| 54 | ov_054 | 4.1690182740667766 × 10^295 |
| 53 | ov_053 | 6.107586578014461 × 10^295 |
| 52 | ov_052 | 8.782630474389146 × 10^295 |
| 51 | ov_051 | 1.2403245399457653 × 10^296 |
| 50 | ov_050 | 1.719934844239318 × 10^296 |
| 49 | ov_049 | 2.342173096171957 × 10^296 |
| 48 | ov_048 | 3.134213569706532 × 10^296 |
| 47 | ov_047 | 4.125336678684053 × 10^296 |
| 32 | lv_80_m31 | 4.989495249459709 × 10^296 |
| 46 | ov_046 | 5.346944305869077 × 10^296 |
| 45 | ov_045 | 6.832580778399863 × 10^296 |
| 44 | ov_044 | 8.617961022798509 × 10^296 |
| 43 | ov_043 | 1.0741007578371768 × 10^297 |
| 42 | ov_042 | 1.3241898293802545 × 10^297 |
| 41 | ov_041 | 1.6163126678089688 × 10^297 |
| 40 | ov_040 | 1.9527742955647356 × 10^297 |
| 39 | ov_039 | 2.3383114364163252 × 10^297 |
| 31 | ov_031 | 2.5596459703686127 × 10^297 |
| 38 | ov_038 | 2.777920270019667 × 10^297 |
| 37 | ov_037 | 3.276869795002893 × 10^297 |
| 36 | ov_036 | 3.8407176654439284 × 10^297 |
| 35 | ov_035 | 4.475328787947001 × 10^297 |
| 34 | ov_034 | 5.186896982413716 × 10^297 |
| 33 | ov_033 | 5.981970025973854 × 10^297 |
| 30 | ov_030 | 1.312858648688612 × 10^298 |
| 29 | ov_029 | 4.2960263879555545 × 10^298 |
| 28 | ov_028 | 1.115306836188675 × 10^299 |
| 27 | ov_027 | 2.49339082507945 × 10^299 |
| 26 | ov_026 | 4.987030285061654 × 10^299 |
| 25 | ov_025 | 9.137585536348303 × 10^299 |
| 24 | ov_024 | 1.614596692797285 × 10^300 |
| 23 | ov_023 | 2.6789928998746687 × 10^300 |
| 22 | ov_022 | 4.274322091670928 × 10^300 |
| 21 | ov_021 | 6.591614350866443 × 10^300 |
| 20 | ov_020 | 9.845574466146472 × 10^300 |
| 19 | ov_019 | 1.4274613860325486 × 10^301 |
| 18 | ov_018 | 2.0140899119074752 × 10^301 |
| 17 | ov_017 | 2.773042216247711 × 10^301 |
| 16 | ov_016 | 3.735309871724438 × 10^301 |
| 15 | ov_015 | 4.93429050388145 × 10^301 |
| 14 | ov_014 | 6.405806643591711 × 10^301 |
| 13 | ov_013 | 8.188131349456377 × 10^301 |
| 12 | ov_012 | 1.032202235630674 × 10^302 |
| 11 | ov_011 | 1.2850766672796703 × 10^302 |
| 10 | ov_010 | 1.582023771843496 × 10^302 |
| 9 | ov_009 | 1.9278967258534905 × 10^302 |
| 8 | ov_008 | 2.327823456476589 × 10^302 |
| 7 | ov_007 | 2.7872175399675787 × 10^302 |
| 6 | ov_006 | 3.311791359623871 × 10^302 |
| 5 | ov_005 | 3.907571817880725 × 10^302 |
| 4 | ov_004 | 4.580918915060056 × 10^302 |
| 3 | ov_003 | 5.338547503763411 × 10^302 |
| 2 | ov_002 | 6.187552503089297 × 10^302 |
| 1 | ov_001 | 7.135437876386716 × 10^302 |

