# Results for F001-F002-F003-F004-F005-F006-F007-F008-F009-F010-F011-F012-F013-F014-F015-F016-F017-F018-F019-F020-F021-F022-F023-F024-F025-F026-F027-F028-F029-F030-F031-F032-F033-F034-F035-F036-F037-F038-F039-F040-F041-F042-F043-F044-F045-F046-F047-F048-F049-F050-F051-F052-F053-F054-F055-F056-F057-F058-F059-F060-F061-F062-F063-F064-F065-F066-F067-F068-F069-F070-F071-F072-F073-F074-F075-F076-F077-F078-F079-F080-F081-F082-F083-F084-F085-F086-F087-F088-F089-F090-F091-F092-F093-F094-F095-F096-F097-F098-F099-F100-F101-F102-F103-F104-F105-F106-F107-F108-F109-F110-F111-F112-F113-F114-F115-F116-F117-F118-F119-F120-F121-F122-F123-F124-F125-F126-F127-F128-F129-F130-F131-F132-F133-F134-F135-F136-F137-F138-F139-F140-F141-F142-F143-F144-F145-F146-F147-F148-F149-F150-F151-F152-F153-F154-F155-F156-F157-F158-F159-F160-F161-F162-F163-F164-F165-F166-F167-F168-F169-F170-F171-F172-F173-F174-F175-F176-F177-F178-F179-F180-F181-F182-F183-F184-F185-F186-F187-F188-F189-F190-F191-F192-F193-F194-F195-F196-F197-F198-F199-F200-F201-F202-F203-F204-F205-F206-F207-F208-F209-F210-F211-F212-F213-F214-F215-F216-F217-F218-F219-F220-F221-F222-F223-F224-F225-F226-F227-F228-F229-F230-F231-F232-F233-F234-F235-F236-F237-F238-F239-F240-F241-F242-F243-F244-F245-F246-F247-F248-F249-F250-F251-F252-F253-F254-F255-F256-F257-F258-F259-F260-F261-F262-F263-F264-F265-F266-F267-F268-F269-F270-F271-F272-F273-F274-F275-F276-F277-F278-F279-F280-F281-F282-F283-F284-F285-F286-F287-F288-F289-F290-F291-F292-F293-F294-F295-F296-F297-F298-F299-F300-F301-F302-F303-F304-F305-F306-F307-F308-F309-F310-F311-F312-F313-F314-F315-F316-F317-F318-F319-F320-F321-F322-F323-F324-F325-F326-F327-F328-F329-F330-F331-F332-F333-F334-F335-F336-F337-F338-F339-F340-F341-F342-F343-F344-F345-F346-F347-F348-F349-F350-F351-F352-F353-F354-F355-F356-F357-F358-F359-F360-F361-F362-F363-F364-F365-F366-F367-F368-F369-F370-F371-F372-F373-F374-F375-F376-F377-F378-F379-F380-F381-F382-F383-F384-F385-F386-F387-F388-F389-F390-F391-F392-F393-F394-F395-F396-F397-F398-F399-F400-F401-F402-F403-F404-F405-F406-F407-F408-F409-F410-F411-F412-F413-F414-F415-F416-F417-F418-F419-F420-F421-F422-F423-F424-F425-F426-F427-F428-F429-F430-F431-F432-F433-F434-F435-F436-F437-F438-F439-F440-F441-F442-F443-F444-F445-F446-F447-F448-F449-F450-F451-F452-F453-F454-F455-F456-F457-F458-F459-F460-F461-F462-F463-F464-F465-F466-F467-F468-F469-F470-F471-F472-F473-F474-F475-F476-F477-F478-F479-F480-F481-F482-F483-F484-F485-F486-F487-F488-F489-F490-F491-F492-F493-F494-F495-F496-O497502-F509-F510-F512

## Summary

Number of input bits: 512  
Number of free input bits: 12  
Number of output bits: 160

Number of direct occurrences: 49399  
Number of assignments: 31617  
Number of operations: 11239336
(xor: 11210934,
and: 14962,
or: 13440)

Total complexity: 1.892372016592437 × 10^301

Least occurring input variable: iv_504 (3957)  
Most occurring input variable: iv_511 (4327)

Most co-occurring input variables: iv_500-iv_511 (2091)  
Least co-occurring input variables: iv_503-iv_506 (1819)

Potentially most occurring input variable: iv_497/iv_511 (4562)  
Potentially least occurring input variable: iv_504/iv_505 (4044)

Least output occurring input variable: iv_497 (73)  
Most output occurring input variable: iv_501 (85)

Most output co-occurring input variables: iv_499-iv_506 (50)  
Least output co-occurring input variables: iv_503-iv_505 (31)

Potentially most output occurring input variable: iv_503/iv_505 (91)  
Potentially least output occurring input variable: iv_499/iv_505 (57)

Least complex input bit: iv_511 (2.7296948296115007 × 10^297)  
Most complex input bit: iv_505 (3.9805222245370994 × 10^300)

Least complex output bit: aaa_76_29 (1.0476316334515926 × 10^276)  
Most complex output bit: ov_001 (2.9584273316955996 × 10^300)

Least complex input/output complexity: iv_511/aaa_76_29 (1.5111799519841235 × 10^272)  
Most complex input/output complexity: iv_505/ov_001 (6.22292320972771 × 10^299)

## Input Bits

### Input Bits in Regular Order

| Input Bit | Complexity | Occurrences | Output Occurrences |
|:---------:|:----------:|:-----------:|:------------------:|
| iv_497 | 1.1238064928531961 × 10^300 | 4267 | 73 |
| iv_498 | 1.328616602082111 × 10^299 | 4003 | 84 |
| iv_499 | 2.3485884438285436 × 10^299 | 3987 | 83 |
| iv_500 | 3.960555047237601 × 10^299 | 4150 | 76 |
| iv_501 | 6.5435099687274715 × 10^299 | 4077 | 85 |
| iv_503 | 1.6770536445102208 × 10^300 | 4079 | 79 |
| iv_504 | 2.607248165499948 × 10^300 | 3957 | 80 |
| iv_505 | 3.9805222245370994 × 10^300 | 4121 | 74 |
| iv_506 | 1.9931798957414984 × 10^300 | 4007 | 82 |
| iv_507 | 2.8352783051696917 × 10^300 | 4204 | 76 |
| iv_508 | 3.285774736595552 × 10^300 | 4220 | 81 |
| iv_511 | 2.7296948296115007 × 10^297 | 4327 | 80 |

### Input Bits Sorted by Complexity

| Input Bit | Complexity | Occurrences | Output Occurrences |
|:---------:|:----------:|:-----------:|:------------------:|
| iv_511 | 2.7296948296115007 × 10^297 | 4327 | 80 |
| iv_498 | 1.328616602082111 × 10^299 | 4003 | 84 |
| iv_499 | 2.3485884438285436 × 10^299 | 3987 | 83 |
| iv_500 | 3.960555047237601 × 10^299 | 4150 | 76 |
| iv_501 | 6.5435099687274715 × 10^299 | 4077 | 85 |
| iv_497 | 1.1238064928531961 × 10^300 | 4267 | 73 |
| iv_503 | 1.6770536445102208 × 10^300 | 4079 | 79 |
| iv_506 | 1.9931798957414984 × 10^300 | 4007 | 82 |
| iv_504 | 2.607248165499948 × 10^300 | 3957 | 80 |
| iv_507 | 2.8352783051696917 × 10^300 | 4204 | 76 |
| iv_508 | 3.285774736595552 × 10^300 | 4220 | 81 |
| iv_505 | 3.9805222245370994 × 10^300 | 4121 | 74 |

### Input Bits Sorted by Occurrences

| Input Bit | Complexity | Occurrences | Output Occurrences |
|:---------:|:----------:|:-----------:|:------------------:|
| iv_504 | 2.607248165499948 × 10^300 | 3957 | 80 |
| iv_499 | 2.3485884438285436 × 10^299 | 3987 | 83 |
| iv_498 | 1.328616602082111 × 10^299 | 4003 | 84 |
| iv_506 | 1.9931798957414984 × 10^300 | 4007 | 82 |
| iv_501 | 6.5435099687274715 × 10^299 | 4077 | 85 |
| iv_503 | 1.6770536445102208 × 10^300 | 4079 | 79 |
| iv_505 | 3.9805222245370994 × 10^300 | 4121 | 74 |
| iv_500 | 3.960555047237601 × 10^299 | 4150 | 76 |
| iv_507 | 2.8352783051696917 × 10^300 | 4204 | 76 |
| iv_508 | 3.285774736595552 × 10^300 | 4220 | 81 |
| iv_497 | 1.1238064928531961 × 10^300 | 4267 | 73 |
| iv_511 | 2.7296948296115007 × 10^297 | 4327 | 80 |

### Input Bits Sorted by Output Occurrences

| Input Bit | Complexity | Occurrences | Output Occurrences |
|:---------:|:----------:|:-----------:|:------------------:|
| iv_497 | 1.1238064928531961 × 10^300 | 4267 | 73 |
| iv_505 | 3.9805222245370994 × 10^300 | 4121 | 74 |
| iv_500 | 3.960555047237601 × 10^299 | 4150 | 76 |
| iv_507 | 2.8352783051696917 × 10^300 | 4204 | 76 |
| iv_503 | 1.6770536445102208 × 10^300 | 4079 | 79 |
| iv_504 | 2.607248165499948 × 10^300 | 3957 | 80 |
| iv_511 | 2.7296948296115007 × 10^297 | 4327 | 80 |
| iv_508 | 3.285774736595552 × 10^300 | 4220 | 81 |
| iv_506 | 1.9931798957414984 × 10^300 | 4007 | 82 |
| iv_499 | 2.3485884438285436 × 10^299 | 3987 | 83 |
| iv_498 | 1.328616602082111 × 10^299 | 4003 | 84 |
| iv_501 | 6.5435099687274715 × 10^299 | 4077 | 85 |

## Input Bit Co-occurrences

### Input Bit Co-occurrences Sorted by Co-occurrences

| Input Bits | Co-occurrences | Potential Occurrences | Output Co-occurrences | Potential Output Occurrences |
|:----------:|:--------------:|:---------------------:|:---------------------:|:----------------------------:|
| iv_500-iv_511 | 2091 | 4295 | 38 | 80 |
| iv_505-iv_507 | 2062 | 4201 | 33 | 84 |
| iv_507-iv_508 | 2057 | 4310 | 43 | 71 |
| iv_497-iv_507 | 2057 | 4357 | 36 | 77 |
| iv_501-iv_511 | 2045 | 4314 | 49 | 67 |
| iv_497-iv_505 | 2039 | 4310 | 37 | 73 |
| iv_503-iv_511 | 2036 | 4334 | 41 | 77 |
| iv_497-iv_501 | 2032 | 4280 | 45 | 68 |
| iv_501-iv_505 | 2020 | 4158 | 40 | 79 |
| iv_497-iv_500 | 2019 | 4379 | 39 | 71 |
| iv_507-iv_511 | 2019 | 4493 | 39 | 78 |
| iv_504-iv_505 | 2017 | 4044 | 41 | 72 |

### Input Bit Co-occurrences Sorted by Potential Occurrences

| Input Bits | Co-occurrences | Potential Occurrences | Output Co-occurrences | Potential Output Occurrences |
|:----------:|:--------------:|:---------------------:|:---------------------:|:----------------------------:|
| iv_504-iv_505 | 2017 | 4044 | 41 | 72 |
| iv_501-iv_505 | 2020 | 4158 | 40 | 79 |
| iv_504-iv_506 | 1896 | 4172 | 43 | 76 |
| iv_499-iv_504 | 1881 | 4182 | 40 | 83 |
| iv_505-iv_507 | 2062 | 4201 | 33 | 84 |
| iv_506-iv_507 | 2000 | 4211 | 34 | 90 |
| iv_499-iv_505 | 1947 | 4214 | 50 | 57 |
| iv_500-iv_503 | 2004 | 4221 | 42 | 71 |
| iv_499-iv_503 | 1917 | 4232 | 45 | 72 |
| iv_498-iv_506 | 1885 | 4240 | 39 | 88 |
| iv_499-iv_501 | 1909 | 4246 | 43 | 82 |
| iv_501-iv_503 | 1955 | 4246 | 37 | 90 |

### Input Bit Output Co-occurrences Sorted by Output Co-occurrences

| Input Bits | Co-occurrences | Potential Occurrences | Output Co-occurrences | Potential Output Occurrences |
|:----------:|:--------------:|:---------------------:|:---------------------:|:----------------------------:|
| iv_499-iv_505 | 1947 | 4214 | 50 | 57 |
| iv_499-iv_506 | 1843 | 4308 | 50 | 65 |
| iv_501-iv_511 | 2045 | 4314 | 49 | 67 |
| iv_498-iv_501 | 1890 | 4300 | 48 | 73 |
| iv_498-iv_507 | 1931 | 4345 | 46 | 68 |
| iv_497-iv_501 | 2032 | 4280 | 45 | 68 |
| iv_501-iv_504 | 1866 | 4302 | 45 | 75 |
| iv_499-iv_503 | 1917 | 4232 | 45 | 72 |
| iv_499-iv_500 | 1913 | 4311 | 43 | 73 |
| iv_503-iv_504 | 1867 | 4302 | 43 | 73 |
| iv_499-iv_501 | 1909 | 4246 | 43 | 82 |
| iv_501-iv_506 | 1857 | 4370 | 43 | 81 |

### Input Bit Output Co-occurrences Sorted by Potential Output Occurrences

| Input Bits | Co-occurrences | Potential Occurrences | Output Co-occurrences | Potential Output Occurrences |
|:----------:|:--------------:|:---------------------:|:---------------------:|:----------------------------:|
| iv_499-iv_505 | 1947 | 4214 | 50 | 57 |
| iv_499-iv_506 | 1843 | 4308 | 50 | 65 |
| iv_501-iv_511 | 2045 | 4314 | 49 | 67 |
| iv_497-iv_501 | 2032 | 4280 | 45 | 68 |
| iv_498-iv_507 | 1931 | 4345 | 46 | 68 |
| iv_497-iv_500 | 2019 | 4379 | 39 | 71 |
| iv_500-iv_503 | 2004 | 4221 | 42 | 71 |
| iv_507-iv_508 | 2057 | 4310 | 43 | 71 |
| iv_499-iv_503 | 1917 | 4232 | 45 | 72 |
| iv_504-iv_505 | 2017 | 4044 | 41 | 72 |
| iv_497-iv_504 | 1934 | 4356 | 40 | 73 |
| iv_497-iv_505 | 2039 | 4310 | 37 | 73 |

## Output Bits

### Output Bits in Regular Order

| Rank | Output Bit | Complexity |
|:----:|:----------:|:----------:|
| 1 | ov_001 | 2.9584273316955996 × 10^300 |
| 2 | ov_002 | 2.5743401365765292 × 10^300 |
| 3 | ov_003 | 2.229510085037703 × 10^300 |
| 4 | ov_004 | 1.920994283991721 × 10^300 |
| 5 | ov_005 | 1.6460111091001074 × 10^300 |
| 6 | ov_006 | 1.4019287212840033 × 10^300 |
| 7 | ov_007 | 1.1862550451240003 × 10^300 |
| 8 | ov_008 | 9.966291151865023 × 10^299 |
| 9 | ov_009 | 8.308136857297545 × 10^299 |
| 10 | ov_010 | 6.866889801263202 × 10^299 |
| 11 | ov_011 | 5.622474549659688 × 10^299 |
| 12 | ov_012 | 4.55589460986334 × 10^299 |
| 13 | ov_013 | 3.649196900153406 × 10^299 |
| 14 | ov_014 | 2.885443040317922 × 10^299 |
| 15 | ov_015 | 2.2486864928580955 × 10^299 |
| 16 | ov_016 | 1.7239546519116442 × 10^299 |
| 17 | ov_017 | 1.2972350442469196 × 10^299 |
| 18 | ov_018 | 9.554648735766735 × 10^298 |
| 19 | ov_019 | 6.865232061085724 × 10^298 |
| 20 | ov_020 | 4.792251931896623 × 10^298 |
| 21 | ov_021 | 3.2331788344653826 × 10^298 |
| 22 | ov_022 | 2.0947729774364532 × 10^298 |
| 23 | ov_023 | 1.2930646276122548 × 10^298 |
| 24 | ov_024 | 7.533413215648266 × 10^297 |
| 25 | ov_025 | 4.101400369143513 × 10^297 |
| 26 | ov_026 | 2.0724290162229294 × 10^297 |
| 27 | ov_027 | 9.76751739601318 × 10^296 |
| 28 | ov_028 | 4.3704445495789324 × 10^296 |
| 29 | ov_029 | 1.6840384379171588 × 10^296 |
| 30 | ov_030 | 5.148330492295679 × 10^295 |
| 31 | ov_031 | 1.0042248463500794 × 10^295 |
| 32 | lv_80_m31 | 1.9585087953190953 × 10^294 |
| 33 | ov_033 | 2.3582121071494264 × 10^295 |
| 34 | ov_034 | 2.0478123773799936 × 10^295 |
| 35 | ov_035 | 1.769854895920628 × 10^295 |
| 36 | ov_036 | 1.521709102112837 × 10^295 |
| 37 | ov_037 | 1.3008877739369346 × 10^295 |
| 38 | ov_038 | 1.1050368943926951 × 10^295 |
| 39 | ov_039 | 9.319268570540744 × 10^294 |
| 40 | ov_040 | 7.79444886501397 × 10^294 |
| 41 | ov_041 | 6.455885556721622 × 10^294 |
| 42 | ov_042 | 5.293834927625135 × 10^294 |
| 43 | ov_043 | 4.299064934016507 × 10^294 |
| 44 | ov_044 | 3.4545660941790636 × 10^294 |
| 45 | ov_045 | 2.7442613603118733 × 10^294 |
| 46 | ov_046 | 2.1529805876605476 × 10^294 |
| 47 | ov_047 | 1.6664401697167907 × 10^294 |
| 48 | ov_048 | 1.2712270778543728 × 10^294 |
| 49 | ov_049 | 9.547866011705511 × 10^293 |
| 50 | ov_050 | 7.054131393955238 × 10^293 |
| 51 | ov_051 | 5.122434585813253 × 10^293 |
| 52 | ov_052 | 3.652518759473102 × 10^293 |
| 53 | ov_053 | 2.5524691955925985 × 10^293 |
| 54 | ov_054 | 1.7386911049423556 × 10^293 |
| 55 | ov_055 | 1.1358957153108709 × 10^293 |
| 56 | ov_056 | 7.085138314941595 × 10^292 |
| 57 | ov_057 | 4.2512351632641923 × 10^292 |
| 58 | ov_058 | 2.353164039828409 × 10^292 |
| 59 | ov_059 | 1.1596058802199415 × 10^292 |
| 60 | ov_060 | 4.806829561491608 × 10^291 |
| 61 | ov_061 | 1.679573648326675 × 10^291 |
| 62 | ov_062 | 4.608823803194782 × 10^290 |
| 63 | ov_063 | 8.985830738177178 × 10^289 |
| 64 | lv_79_m31 | 1.7515767989742186 × 10^289 |
| 65 | ov_065 | 2.096402465353739 × 10^290 |
| 66 | ov_066 | 2.0963972477946197 × 10^290 |
| 67 | ov_067 | 2.0963960141106737 × 10^290 |
| 68 | ov_068 | 1.818066759500347 × 10^290 |
| 69 | ov_069 | 1.5686256527112636 × 10^290 |
| 70 | ov_070 | 1.3459435622259604 × 10^290 |
| 71 | ov_071 | 1.1479912081678415 × 10^290 |
| 72 | ov_072 | 9.728335282112503 × 10^289 |
| 73 | ov_073 | 8.186252973132412 × 10^289 |
| 74 | ov_074 | 6.836077447224712 × 10^289 |
| 75 | ov_075 | 5.661059253361716 × 10^289 |
| 76 | ov_076 | 4.645266155634222 × 10^289 |
| 77 | ov_077 | 3.7735653986501377 × 10^289 |
| 78 | ov_078 | 3.0316081505894785 × 10^289 |
| 79 | ov_079 | 2.4058157575416964 × 10^289 |
| 80 | ov_080 | 1.8833676929346398 × 10^289 |
| 81 | ov_081 | 1.452191087181869 × 10^289 |
| 82 | ov_082 | 1.1009517236524341 × 10^289 |
| 83 | ov_083 | 8.19046387775684 × 10^288 |
| 84 | ov_084 | 5.965964565936354 × 10^288 |
| 85 | ov_085 | 4.244426164141903 × 10^288 |
| 86 | ov_086 | 2.941405964411427 × 10^288 |
| 87 | ov_087 | 1.979578063971749 × 10^288 |
| 88 | ov_088 | 1.2887076624154465 × 10^288 |
| 89 | ov_089 | 8.056321613370847 × 10^287 |
| 90 | ov_090 | 4.7424794820451495 × 10^287 |
| 91 | ov_091 | 2.6826663152679895 × 10^287 |
| 92 | ov_092 | 1.4568007800428026 × 10^287 |
| 93 | ov_093 | 7.152250919012984 × 10^286 |
| 94 | ov_094 | 3.0071394777528453 × 10^286 |
| 95 | aaa_78_28 | 9.124546778880001 × 10^285 |
| 96 | aaa_78_29 | 2.725996654265749 × 10^285 |
| 97 | ov_097 | 1.443003479934174 × 10^285 |
| 98 | ov_098 | 1.442984960115787 × 10^285 |
| 99 | ov_099 | 1.4429790421963266 × 10^285 |
| 100 | ov_100 | 1.1810007765741211 × 10^285 |
| 101 | ov_101 | 9.60288192418402 × 10^284 |
| 102 | ov_102 | 7.762673715797538 × 10^284 |
| 103 | ov_103 | 6.246166435273233 × 10^284 |
| 104 | ov_104 | 5.0124824889684636 × 10^284 |
| 105 | ov_105 | 4.022923585417069 × 10^284 |
| 106 | ov_106 | 3.2408323477180355 × 10^284 |
| 107 | ov_107 | 2.63147332585329 × 10^284 |
| 108 | ov_108 | 2.1619314940604056 × 10^284 |
| 109 | ov_109 | 1.8010264221128006 × 10^284 |
| 110 | ov_110 | 1.5192404104139548 × 10^284 |
| 111 | ov_111 | 1.2886589777748374 × 10^284 |
| 112 | ov_112 | 1.0829221881073152 × 10^284 |
| 113 | ov_113 | 9.00545901234481 × 10^283 |
| 114 | ov_114 | 7.400702584298669 × 10^283 |
| 115 | ov_115 | 6.000539441561439 × 10^283 |
| 116 | ov_116 | 4.790694869544525 × 10^283 |
| 117 | ov_117 | 3.7569950556010568 × 10^283 |
| 118 | ov_118 | 2.885338064108795 × 10^283 |
| 119 | ov_119 | 2.161671616441725 × 10^283 |
| 120 | ov_120 | 1.5719759670848538 × 10^283 |
| 121 | ov_121 | 1.1022517097462439 × 10^283 |
| 122 | ov_122 | 7.385119276554485 × 10^282 |
| 123 | ov_123 | 4.667770284592341 × 10^282 |
| 124 | ov_124 | 2.7307125819628527 × 10^282 |
| 125 | ov_125 | 1.4342054031532672 × 10^282 |
| 126 | ov_126 | 6.38513725928873 × 10^281 |
| 127 | aaa_77_28 | 2.0390403376978648 × 10^281 |
| 128 | aaa_77_29 | 7.644336462109788 × 10^280 |
| 129 | ov_129 | 7.104301742775738 × 10^280 |
| 130 | ov_130 | 7.1042813292049395 × 10^280 |
| 131 | ov_131 | 7.104276390692586 × 10^280 |
| 132 | ov_132 | 6.168587721323095 × 10^280 |
| 133 | ov_133 | 5.326836268957917 × 10^280 |
| 134 | ov_134 | 4.575241216607297 × 10^280 |
| 135 | ov_135 | 3.9068432701039392 × 10^280 |
| 136 | ov_136 | 3.315051324019452 × 10^280 |
| 137 | ov_137 | 2.793618002193494 × 10^280 |
| 138 | ov_138 | 2.336618690926951 × 10^280 |
| 139 | ov_139 | 1.9384337205147563 × 10^280 |
| 140 | ov_140 | 1.5937333688879539 × 10^280 |
| 141 | ov_141 | 1.2974653787809824 × 10^280 |
| 142 | ov_142 | 1.0448446971435578 × 10^280 |
| 143 | ov_143 | 8.313451625639895 × 10^279 |
| 144 | ov_144 | 6.526928833330818 × 10^279 |
| 145 | ov_145 | 5.048610655108088 × 10^279 |
| 146 | ov_146 | 3.840660670038895 × 10^279 |
| 147 | ov_147 | 2.86764470251446 × 10^279 |
| 148 | ov_148 | 2.0965098266865764 × 10^279 |
| 149 | ov_149 | 1.496569905280462 × 10^279 |
| 150 | ov_150 | 1.0394960847318636 × 10^279 |
| 151 | ov_151 | 6.993108336533575 × 10^278 |
| 152 | ov_152 | 4.52384334010593 × 10^278 |
| 153 | ov_153 | 2.7743236117970745 × 10^278 |
| 154 | ov_154 | 1.5551508490304147 × 10^278 |
| 155 | ov_155 | 7.774857929785108 × 10^277 |
| 156 | aaa_76_25 | 2.9880092704025933 × 10^277 |
| 157 | aaa_76_26 | 1.7260735749079605 × 10^277 |
| 158 | aaa_76_27 | 8.838907761604095 × 10^276 |
| 159 | aaa_76_28 | 3.4431067411812357 × 10^276 |
| 160 | aaa_76_29 | 1.0476316334515926 × 10^276 |

### Output Bits Sorted by Complexity

| Rank | Output Bit | Complexity |
|:----:|:----------:|:----------:|
| 160 | aaa_76_29 | 1.0476316334515926 × 10^276 |
| 159 | aaa_76_28 | 3.4431067411812357 × 10^276 |
| 158 | aaa_76_27 | 8.838907761604095 × 10^276 |
| 157 | aaa_76_26 | 1.7260735749079605 × 10^277 |
| 156 | aaa_76_25 | 2.9880092704025933 × 10^277 |
| 155 | ov_155 | 7.774857929785108 × 10^277 |
| 154 | ov_154 | 1.5551508490304147 × 10^278 |
| 153 | ov_153 | 2.7743236117970745 × 10^278 |
| 152 | ov_152 | 4.52384334010593 × 10^278 |
| 151 | ov_151 | 6.993108336533575 × 10^278 |
| 150 | ov_150 | 1.0394960847318636 × 10^279 |
| 149 | ov_149 | 1.496569905280462 × 10^279 |
| 148 | ov_148 | 2.0965098266865764 × 10^279 |
| 147 | ov_147 | 2.86764470251446 × 10^279 |
| 146 | ov_146 | 3.840660670038895 × 10^279 |
| 145 | ov_145 | 5.048610655108088 × 10^279 |
| 144 | ov_144 | 6.526928833330818 × 10^279 |
| 143 | ov_143 | 8.313451625639895 × 10^279 |
| 142 | ov_142 | 1.0448446971435578 × 10^280 |
| 141 | ov_141 | 1.2974653787809824 × 10^280 |
| 140 | ov_140 | 1.5937333688879539 × 10^280 |
| 139 | ov_139 | 1.9384337205147563 × 10^280 |
| 138 | ov_138 | 2.336618690926951 × 10^280 |
| 137 | ov_137 | 2.793618002193494 × 10^280 |
| 136 | ov_136 | 3.315051324019452 × 10^280 |
| 135 | ov_135 | 3.9068432701039392 × 10^280 |
| 134 | ov_134 | 4.575241216607297 × 10^280 |
| 133 | ov_133 | 5.326836268957917 × 10^280 |
| 132 | ov_132 | 6.168587721323095 × 10^280 |
| 131 | ov_131 | 7.104276390692586 × 10^280 |
| 130 | ov_130 | 7.1042813292049395 × 10^280 |
| 129 | ov_129 | 7.104301742775738 × 10^280 |
| 128 | aaa_77_29 | 7.644336462109788 × 10^280 |
| 127 | aaa_77_28 | 2.0390403376978648 × 10^281 |
| 126 | ov_126 | 6.38513725928873 × 10^281 |
| 125 | ov_125 | 1.4342054031532672 × 10^282 |
| 124 | ov_124 | 2.7307125819628527 × 10^282 |
| 123 | ov_123 | 4.667770284592341 × 10^282 |
| 122 | ov_122 | 7.385119276554485 × 10^282 |
| 121 | ov_121 | 1.1022517097462439 × 10^283 |
| 120 | ov_120 | 1.5719759670848538 × 10^283 |
| 119 | ov_119 | 2.161671616441725 × 10^283 |
| 118 | ov_118 | 2.885338064108795 × 10^283 |
| 117 | ov_117 | 3.7569950556010568 × 10^283 |
| 116 | ov_116 | 4.790694869544525 × 10^283 |
| 115 | ov_115 | 6.000539441561439 × 10^283 |
| 114 | ov_114 | 7.400702584298669 × 10^283 |
| 113 | ov_113 | 9.00545901234481 × 10^283 |
| 112 | ov_112 | 1.0829221881073152 × 10^284 |
| 111 | ov_111 | 1.2886589777748374 × 10^284 |
| 110 | ov_110 | 1.5192404104139548 × 10^284 |
| 109 | ov_109 | 1.8010264221128006 × 10^284 |
| 108 | ov_108 | 2.1619314940604056 × 10^284 |
| 107 | ov_107 | 2.63147332585329 × 10^284 |
| 106 | ov_106 | 3.2408323477180355 × 10^284 |
| 105 | ov_105 | 4.022923585417069 × 10^284 |
| 104 | ov_104 | 5.0124824889684636 × 10^284 |
| 103 | ov_103 | 6.246166435273233 × 10^284 |
| 102 | ov_102 | 7.762673715797538 × 10^284 |
| 101 | ov_101 | 9.60288192418402 × 10^284 |
| 100 | ov_100 | 1.1810007765741211 × 10^285 |
| 99 | ov_099 | 1.4429790421963266 × 10^285 |
| 98 | ov_098 | 1.442984960115787 × 10^285 |
| 97 | ov_097 | 1.443003479934174 × 10^285 |
| 96 | aaa_78_29 | 2.725996654265749 × 10^285 |
| 95 | aaa_78_28 | 9.124546778880001 × 10^285 |
| 94 | ov_094 | 3.0071394777528453 × 10^286 |
| 93 | ov_093 | 7.152250919012984 × 10^286 |
| 92 | ov_092 | 1.4568007800428026 × 10^287 |
| 91 | ov_091 | 2.6826663152679895 × 10^287 |
| 90 | ov_090 | 4.7424794820451495 × 10^287 |
| 89 | ov_089 | 8.056321613370847 × 10^287 |
| 88 | ov_088 | 1.2887076624154465 × 10^288 |
| 87 | ov_087 | 1.979578063971749 × 10^288 |
| 86 | ov_086 | 2.941405964411427 × 10^288 |
| 85 | ov_085 | 4.244426164141903 × 10^288 |
| 84 | ov_084 | 5.965964565936354 × 10^288 |
| 83 | ov_083 | 8.19046387775684 × 10^288 |
| 82 | ov_082 | 1.1009517236524341 × 10^289 |
| 81 | ov_081 | 1.452191087181869 × 10^289 |
| 64 | lv_79_m31 | 1.7515767989742186 × 10^289 |
| 80 | ov_080 | 1.8833676929346398 × 10^289 |
| 79 | ov_079 | 2.4058157575416964 × 10^289 |
| 78 | ov_078 | 3.0316081505894785 × 10^289 |
| 77 | ov_077 | 3.7735653986501377 × 10^289 |
| 76 | ov_076 | 4.645266155634222 × 10^289 |
| 75 | ov_075 | 5.661059253361716 × 10^289 |
| 74 | ov_074 | 6.836077447224712 × 10^289 |
| 73 | ov_073 | 8.186252973132412 × 10^289 |
| 63 | ov_063 | 8.985830738177178 × 10^289 |
| 72 | ov_072 | 9.728335282112503 × 10^289 |
| 71 | ov_071 | 1.1479912081678415 × 10^290 |
| 70 | ov_070 | 1.3459435622259604 × 10^290 |
| 69 | ov_069 | 1.5686256527112636 × 10^290 |
| 68 | ov_068 | 1.818066759500347 × 10^290 |
| 67 | ov_067 | 2.0963960141106737 × 10^290 |
| 66 | ov_066 | 2.0963972477946197 × 10^290 |
| 65 | ov_065 | 2.096402465353739 × 10^290 |
| 62 | ov_062 | 4.608823803194782 × 10^290 |
| 61 | ov_061 | 1.679573648326675 × 10^291 |
| 60 | ov_060 | 4.806829561491608 × 10^291 |
| 59 | ov_059 | 1.1596058802199415 × 10^292 |
| 58 | ov_058 | 2.353164039828409 × 10^292 |
| 57 | ov_057 | 4.2512351632641923 × 10^292 |
| 56 | ov_056 | 7.085138314941595 × 10^292 |
| 55 | ov_055 | 1.1358957153108709 × 10^293 |
| 54 | ov_054 | 1.7386911049423556 × 10^293 |
| 53 | ov_053 | 2.5524691955925985 × 10^293 |
| 52 | ov_052 | 3.652518759473102 × 10^293 |
| 51 | ov_051 | 5.122434585813253 × 10^293 |
| 50 | ov_050 | 7.054131393955238 × 10^293 |
| 49 | ov_049 | 9.547866011705511 × 10^293 |
| 48 | ov_048 | 1.2712270778543728 × 10^294 |
| 47 | ov_047 | 1.6664401697167907 × 10^294 |
| 32 | lv_80_m31 | 1.9585087953190953 × 10^294 |
| 46 | ov_046 | 2.1529805876605476 × 10^294 |
| 45 | ov_045 | 2.7442613603118733 × 10^294 |
| 44 | ov_044 | 3.4545660941790636 × 10^294 |
| 43 | ov_043 | 4.299064934016507 × 10^294 |
| 42 | ov_042 | 5.293834927625135 × 10^294 |
| 41 | ov_041 | 6.455885556721622 × 10^294 |
| 40 | ov_040 | 7.79444886501397 × 10^294 |
| 39 | ov_039 | 9.319268570540744 × 10^294 |
| 31 | ov_031 | 1.0042248463500794 × 10^295 |
| 38 | ov_038 | 1.1050368943926951 × 10^295 |
| 37 | ov_037 | 1.3008877739369346 × 10^295 |
| 36 | ov_036 | 1.521709102112837 × 10^295 |
| 35 | ov_035 | 1.769854895920628 × 10^295 |
| 34 | ov_034 | 2.0478123773799936 × 10^295 |
| 33 | ov_033 | 2.3582121071494264 × 10^295 |
| 30 | ov_030 | 5.148330492295679 × 10^295 |
| 29 | ov_029 | 1.6840384379171588 × 10^296 |
| 28 | ov_028 | 4.3704445495789324 × 10^296 |
| 27 | ov_027 | 9.76751739601318 × 10^296 |
| 26 | ov_026 | 2.0724290162229294 × 10^297 |
| 25 | ov_025 | 4.101400369143513 × 10^297 |
| 24 | ov_024 | 7.533413215648266 × 10^297 |
| 23 | ov_023 | 1.2930646276122548 × 10^298 |
| 22 | ov_022 | 2.0947729774364532 × 10^298 |
| 21 | ov_021 | 3.2331788344653826 × 10^298 |
| 20 | ov_020 | 4.792251931896623 × 10^298 |
| 19 | ov_019 | 6.865232061085724 × 10^298 |
| 18 | ov_018 | 9.554648735766735 × 10^298 |
| 17 | ov_017 | 1.2972350442469196 × 10^299 |
| 16 | ov_016 | 1.7239546519116442 × 10^299 |
| 15 | ov_015 | 2.2486864928580955 × 10^299 |
| 14 | ov_014 | 2.885443040317922 × 10^299 |
| 13 | ov_013 | 3.649196900153406 × 10^299 |
| 12 | ov_012 | 4.55589460986334 × 10^299 |
| 11 | ov_011 | 5.622474549659688 × 10^299 |
| 10 | ov_010 | 6.866889801263202 × 10^299 |
| 9 | ov_009 | 8.308136857297545 × 10^299 |
| 8 | ov_008 | 9.966291151865023 × 10^299 |
| 7 | ov_007 | 1.1862550451240003 × 10^300 |
| 6 | ov_006 | 1.4019287212840033 × 10^300 |
| 5 | ov_005 | 1.6460111091001074 × 10^300 |
| 4 | ov_004 | 1.920994283991721 × 10^300 |
| 3 | ov_003 | 2.229510085037703 × 10^300 |
| 2 | ov_002 | 2.5743401365765292 × 10^300 |
| 1 | ov_001 | 2.9584273316955996 × 10^300 |

