# Results for T013-T014-T015-T016-T017-T018-T019-T020-T021-T022-T023-T024-T025-T026-T027-T028-T029-T030-T031-T032-T033-T034-T035-T036-T037-T038-T039-T040-T041-T042-T043-T044-T045-T046-T047-T048-T049-T050-T051-T052-T053-T054-T055-T056-T057-T058-T059-T060-T061-T062-T063-T064-T065-T066-T067-T068-T069-T070-T071-T072-T073-T074-T075-T076-T077-T078-T079-T080-T081-T082-T083-T084-T085-T086-T087-T088-T089-T090-T091-T092-T093-T094-T095-T096-T097-T098-T099-T100-T101-T102-T103-T104-T105-T106-T107-T108-T109-T110-T111-T112-T113-T114-T115-T116-T117-T118-T119-T120-T121-T122-T123-T124-T125-T126-T127-T128-T129-T130-T131-T132-T133-T134-T135-T136-T137-T138-T139-T140-T141-T142-T143-T144-T145-T146-T147-T148-T149-T150-T151-T152-T153-T154-T155-T156-T157-T158-T159-T160-T161-T162-T163-T164-T165-T166-T167-T168-T169-T170-T171-T172-T173-T174-T175-T176-T177-T178-T179-T180-T181-T182-T183-T184-T185-T186-T187-T188-T189-T190-T191-T192-T193-T194-T195-T196-T197-T198-T199-T200-T201-T202-T203-T204-T205-T206-T207-T208-T209-T210-T211-T212-T213-T214-T215-T216-T217-T218-T219-T220-T221-T222-T223-T224-T225-T226-T227-T228-T229-T230-T231-T232-T233-T234-T235-T236-T237-T238-T239-T240-T241-T242-T243-T244-T245-T246-T247-T248-T249-T250-T251-T252-T253-T254-T255-T256-T257-T258-T259-T260-T261-T262-T263-T264-T265-T266-T267-T268-T269-T270-T271-T272-T273-T274-T275-T276-T277-T278-T279-T280-T281-T282-T283-T284-T285-T286-T287-T288-T289-T290-T291-T292-T293-T294-T295-T296-T297-T298-T299-T300-T301-T302-T303-T304-T305-T306-T307-T308-T309-T310-T311-T312-T313-T314-T315-T316-T317-T318-T319-T320-T321-T322-T323-T324-T325-T326-T327-T328-T329-T330-T331-T332-T333-T334-T335-T336-T337-T338-T339-T340-T341-T342-T343-T344-T345-T346-T347-T348-T349-T350-T351-T352-T353-T354-T355-T356-T357-T358-T359-T360-T361-T362-T363-T364-T365-T366-T367-T368-T369-T370-T371-T372-T373-T374-T375-T376-T377-T378-T379-T380-T381-T382-T383-T384-T385-T386-T387-T388-T389-T390-T391-T392-T393-T394-T395-T396-T397-T398-T399-T400-T401-T402-T403-T404-T405-T406-T407-T408-T409-T410-T411-T412-T413-T414-T415-T416-T417-T418-T419-T420-T421-T422-T423-T424-T425-T426-T427-T428-T429-T430-T431-T432-T433-T434-T435-T436-T437-T438-T439-T440-T441-T442-T443-T444-T445-T446-T447-T448-T449-T450-T451-T452-T453-T454-T455-T456-T457-T458-T459-T460-T461-T462-T463-T464-T465-T466-T467-T468-T469-T470-T471-T472-T473-T474-T475-T476-T477-T478-T479-T480-T481-T482-T483-T484-T485-T486-T487-T488-T489-T490-T491-T492-T493-T494-T495-T496-T497-T498-T499-T500-T501-T502-T503-T504-T505-T506-T507-T508-T509-T510-T511-T512

## Summary

Number of input bits: 512  
Number of free input bits: 12  
Number of output bits: 160

Number of direct occurrences: 55426  
Number of assignments: 39629  
Number of operations: 21331334
(xor: 21284181,
and: 19852,
or: 27301)

Total complexity: 1.891832596610951 × 10^372

Least occurring input variable: iv_005 (4296)  
Most occurring input variable: iv_010 (4878)

Most co-occurring input variables: iv_009-iv_010 (2482)  
Least co-occurring input variables: iv_003-iv_005 (1945)

Potentially most occurring input variable: iv_010/iv_012 (5453)  
Potentially least occurring input variable: iv_002/iv_007 (4530)

Least output occurring input variable: iv_007 (74)  
Most output occurring input variable: iv_012 (94)

Most output co-occurring input variables: iv_010-iv_012 (58)  
Least output co-occurring input variables: iv_006-iv_007 (27)

Potentially most output occurring input variable: iv_006/iv_007 (99)  
Potentially least output occurring input variable: iv_010/iv_012 (67)

Least complex input bit: iv_012 (2.882051047324608 × 10^369)  
Most complex input bit: iv_010 (4.059616483945158 × 10^371)

Least complex output bit: aaa_76_29 (5.901776137250658 × 10^346)  
Most complex output bit: ov_001 (2.8825057484550606 × 10^371)

Least complex input/output complexity: iv_012/aaa_76_29 (8.990869555746721 × 10^343)  
Most complex input/output complexity: iv_010/ov_001 (6.185466870830807 × 10^370)

Input variable with highest collision probability: iv_007 (½^160.0000000000006)

## Input Bits

### Input Bits in Regular Order

| Input Bit | Complexity | Occurrences | Output Occurrences | Collision Probability |
|:---------:|:----------:|:-----------:|:------------------:|:---------------------:|
| iv_001 | 3.2293815782293685 × 10^369 | 4498 | 75 | ½^160.00000000000077 |
| iv_002 | 1.39822269052539 × 10^370 | 4497 | 81 | ½^160.00000000000074 |
| iv_003 | 4.0349231577352114 × 10^370 | 4549 | 77 | ½^160.00000000000082 |
| iv_004 | 8.897504868695106 × 10^370 | 4675 | 75 | ½^160.00000000000105 |
| iv_005 | 1.448310945987192 × 10^371 | 4296 | 79 | ½^160.0000000000007 |
| iv_006 | 2.0111787752867833 × 10^371 | 4793 | 79 | ½^160.00000000000094 |
| iv_007 | 2.5925369781452173 × 10^371 | 4493 | 74 | ½^160.0000000000006 |
| iv_008 | 3.2236097418593616 × 10^371 | 4488 | 74 | ½^160.00000000000065 |
| iv_009 | 3.927748139283377 × 10^371 | 4657 | 86 | ½^160.0000000000008 |
| iv_010 | 4.059616483945158 × 10^371 | 4878 | 89 | ½^160.00000000000068 |
| iv_011 | 1.6114550365128007 × 10^370 | 4799 | 74 | ½^160.00000000000077 |
| iv_012 | 2.882051047324608 × 10^369 | 4803 | 94 | ½^160.0000000000009 |

### Input Bits Sorted by Complexity

| Input Bit | Complexity | Occurrences | Output Occurrences | Collision Probability |
|:---------:|:----------:|:-----------:|:------------------:|:---------------------:|
| iv_012 | 2.882051047324608 × 10^369 | 4803 | 94 | ½^160.0000000000009 |
| iv_001 | 3.2293815782293685 × 10^369 | 4498 | 75 | ½^160.00000000000077 |
| iv_002 | 1.39822269052539 × 10^370 | 4497 | 81 | ½^160.00000000000074 |
| iv_011 | 1.6114550365128007 × 10^370 | 4799 | 74 | ½^160.00000000000077 |
| iv_003 | 4.0349231577352114 × 10^370 | 4549 | 77 | ½^160.00000000000082 |
| iv_004 | 8.897504868695106 × 10^370 | 4675 | 75 | ½^160.00000000000105 |
| iv_005 | 1.448310945987192 × 10^371 | 4296 | 79 | ½^160.0000000000007 |
| iv_006 | 2.0111787752867833 × 10^371 | 4793 | 79 | ½^160.00000000000094 |
| iv_007 | 2.5925369781452173 × 10^371 | 4493 | 74 | ½^160.0000000000006 |
| iv_008 | 3.2236097418593616 × 10^371 | 4488 | 74 | ½^160.00000000000065 |
| iv_009 | 3.927748139283377 × 10^371 | 4657 | 86 | ½^160.0000000000008 |
| iv_010 | 4.059616483945158 × 10^371 | 4878 | 89 | ½^160.00000000000068 |

### Input Bits Sorted by Occurrences

| Input Bit | Complexity | Occurrences | Output Occurrences | Collision Probability |
|:---------:|:----------:|:-----------:|:------------------:|:---------------------:|
| iv_005 | 1.448310945987192 × 10^371 | 4296 | 79 | ½^160.0000000000007 |
| iv_008 | 3.2236097418593616 × 10^371 | 4488 | 74 | ½^160.00000000000065 |
| iv_007 | 2.5925369781452173 × 10^371 | 4493 | 74 | ½^160.0000000000006 |
| iv_002 | 1.39822269052539 × 10^370 | 4497 | 81 | ½^160.00000000000074 |
| iv_001 | 3.2293815782293685 × 10^369 | 4498 | 75 | ½^160.00000000000077 |
| iv_003 | 4.0349231577352114 × 10^370 | 4549 | 77 | ½^160.00000000000082 |
| iv_009 | 3.927748139283377 × 10^371 | 4657 | 86 | ½^160.0000000000008 |
| iv_004 | 8.897504868695106 × 10^370 | 4675 | 75 | ½^160.00000000000105 |
| iv_006 | 2.0111787752867833 × 10^371 | 4793 | 79 | ½^160.00000000000094 |
| iv_011 | 1.6114550365128007 × 10^370 | 4799 | 74 | ½^160.00000000000077 |
| iv_012 | 2.882051047324608 × 10^369 | 4803 | 94 | ½^160.0000000000009 |
| iv_010 | 4.059616483945158 × 10^371 | 4878 | 89 | ½^160.00000000000068 |

### Input Bits Sorted by Output Occurrences

| Input Bit | Complexity | Occurrences | Output Occurrences | Collision Probability |
|:---------:|:----------:|:-----------:|:------------------:|:---------------------:|
| iv_007 | 2.5925369781452173 × 10^371 | 4493 | 74 | ½^160.0000000000006 |
| iv_011 | 1.6114550365128007 × 10^370 | 4799 | 74 | ½^160.00000000000077 |
| iv_008 | 3.2236097418593616 × 10^371 | 4488 | 74 | ½^160.00000000000065 |
| iv_001 | 3.2293815782293685 × 10^369 | 4498 | 75 | ½^160.00000000000077 |
| iv_004 | 8.897504868695106 × 10^370 | 4675 | 75 | ½^160.00000000000105 |
| iv_003 | 4.0349231577352114 × 10^370 | 4549 | 77 | ½^160.00000000000082 |
| iv_006 | 2.0111787752867833 × 10^371 | 4793 | 79 | ½^160.00000000000094 |
| iv_005 | 1.448310945987192 × 10^371 | 4296 | 79 | ½^160.0000000000007 |
| iv_002 | 1.39822269052539 × 10^370 | 4497 | 81 | ½^160.00000000000074 |
| iv_009 | 3.927748139283377 × 10^371 | 4657 | 86 | ½^160.0000000000008 |
| iv_010 | 4.059616483945158 × 10^371 | 4878 | 89 | ½^160.00000000000068 |
| iv_012 | 2.882051047324608 × 10^369 | 4803 | 94 | ½^160.0000000000009 |

### Input Bits Sorted by Collision Probability

| Input Bit | Complexity | Occurrences | Output Occurrences | Collision Probability |
|:---------:|:----------:|:-----------:|:------------------:|:---------------------:|
| iv_007 | 2.5925369781452173 × 10^371 | 4493 | 74 | ½^160.0000000000006 |
| iv_008 | 3.2236097418593616 × 10^371 | 4488 | 74 | ½^160.00000000000065 |
| iv_010 | 4.059616483945158 × 10^371 | 4878 | 89 | ½^160.00000000000068 |
| iv_005 | 1.448310945987192 × 10^371 | 4296 | 79 | ½^160.0000000000007 |
| iv_002 | 1.39822269052539 × 10^370 | 4497 | 81 | ½^160.00000000000074 |
| iv_001 | 3.2293815782293685 × 10^369 | 4498 | 75 | ½^160.00000000000077 |
| iv_011 | 1.6114550365128007 × 10^370 | 4799 | 74 | ½^160.00000000000077 |
| iv_009 | 3.927748139283377 × 10^371 | 4657 | 86 | ½^160.0000000000008 |
| iv_003 | 4.0349231577352114 × 10^370 | 4549 | 77 | ½^160.00000000000082 |
| iv_012 | 2.882051047324608 × 10^369 | 4803 | 94 | ½^160.0000000000009 |
| iv_006 | 2.0111787752867833 × 10^371 | 4793 | 79 | ½^160.00000000000094 |
| iv_004 | 8.897504868695106 × 10^370 | 4675 | 75 | ½^160.00000000000105 |

## Input Bit/Output Bit Collision Probabilities

| Input Bit | Output Bit | Collision Probability |
|:---------:|:----------:|:---------------------:|
| iv_008 | ov_063 | 0.5000000000000042 |
| iv_011 | ov_045 | 0.5000000000000022 |
| iv_006 | ov_056 | 0.500000000000002 |
| iv_006 | ov_120 | 0.5000000000000019 |
| iv_001 | ov_082 | 0.5000000000000018 |
| iv_003 | ov_086 | 0.5000000000000018 |
| iv_006 | ov_048 | 0.5000000000000018 |
| iv_006 | ov_067 | 0.5000000000000018 |
| iv_006 | ov_144 | 0.5000000000000018 |
| iv_007 | ov_026 | 0.5000000000000018 |
| iv_007 | ov_123 | 0.5000000000000018 |
| iv_007 | ov_129 | 0.5000000000000018 |

## Input Bit Co-occurrences

### Input Bit Co-occurrences Sorted by Co-occurrences

| Input Bits | Co-occurrences | Potential Occurrences | Output Co-occurrences | Potential Output Occurrences |
|:----------:|:--------------:|:---------------------:|:---------------------:|:----------------------------:|
| iv_009-iv_010 | 2482 | 4571 | 45 | 85 |
| iv_008-iv_010 | 2293 | 4780 | 40 | 83 |
| iv_006-iv_011 | 2286 | 5020 | 33 | 87 |
| iv_008-iv_009 | 2285 | 4575 | 37 | 86 |
| iv_001-iv_011 | 2255 | 4787 | 38 | 73 |
| iv_002-iv_007 | 2230 | 4530 | 35 | 85 |
| iv_001-iv_006 | 2227 | 4837 | 37 | 80 |
| iv_010-iv_011 | 2222 | 5233 | 44 | 75 |
| iv_007-iv_012 | 2218 | 4860 | 40 | 88 |
| iv_003-iv_012 | 2215 | 4922 | 46 | 79 |
| iv_011-iv_012 | 2214 | 5174 | 42 | 84 |
| iv_004-iv_010 | 2209 | 5135 | 43 | 78 |

### Input Bit Co-occurrences Sorted by Potential Occurrences

| Input Bits | Co-occurrences | Potential Occurrences | Output Co-occurrences | Potential Output Occurrences |
|:----------:|:--------------:|:---------------------:|:---------------------:|:----------------------------:|
| iv_002-iv_007 | 2230 | 4530 | 35 | 85 |
| iv_009-iv_010 | 2482 | 4571 | 45 | 85 |
| iv_008-iv_009 | 2285 | 4575 | 37 | 86 |
| iv_003-iv_007 | 2176 | 4690 | 41 | 69 |
| iv_003-iv_008 | 2162 | 4713 | 37 | 77 |
| iv_005-iv_008 | 2029 | 4726 | 37 | 79 |
| iv_008-iv_010 | 2293 | 4780 | 40 | 83 |
| iv_001-iv_011 | 2255 | 4787 | 38 | 73 |
| iv_001-iv_005 | 2001 | 4792 | 36 | 82 |
| iv_005-iv_007 | 1990 | 4809 | 36 | 81 |
| iv_007-iv_008 | 2084 | 4813 | 38 | 72 |
| iv_001-iv_006 | 2227 | 4837 | 37 | 80 |

### Input Bit Output Co-occurrences Sorted by Output Co-occurrences

| Input Bits | Co-occurrences | Potential Occurrences | Output Co-occurrences | Potential Output Occurrences |
|:----------:|:--------------:|:---------------------:|:---------------------:|:----------------------------:|
| iv_010-iv_012 | 2114 | 5453 | 58 | 67 |
| iv_009-iv_012 | 2111 | 5238 | 53 | 74 |
| iv_003-iv_010 | 2202 | 5023 | 49 | 68 |
| iv_002-iv_010 | 2051 | 5273 | 49 | 72 |
| iv_002-iv_012 | 2186 | 4928 | 47 | 81 |
| iv_003-iv_012 | 2215 | 4922 | 46 | 79 |
| iv_002-iv_009 | 2061 | 5032 | 45 | 77 |
| iv_009-iv_010 | 2482 | 4571 | 45 | 85 |
| iv_001-iv_010 | 2037 | 5302 | 44 | 76 |
| iv_001-iv_012 | 2145 | 5011 | 44 | 81 |
| iv_003-iv_009 | 2107 | 4992 | 44 | 75 |
| iv_004-iv_012 | 2071 | 5336 | 44 | 81 |

### Input Bit Output Co-occurrences Sorted by Potential Output Occurrences

| Input Bits | Co-occurrences | Potential Occurrences | Output Co-occurrences | Potential Output Occurrences |
|:----------:|:--------------:|:---------------------:|:---------------------:|:----------------------------:|
| iv_010-iv_012 | 2114 | 5453 | 58 | 67 |
| iv_003-iv_010 | 2202 | 5023 | 49 | 68 |
| iv_003-iv_007 | 2176 | 4690 | 41 | 69 |
| iv_004-iv_011 | 2130 | 5214 | 40 | 69 |
| iv_006-iv_008 | 2135 | 5011 | 42 | 69 |
| iv_002-iv_004 | 2095 | 4982 | 43 | 70 |
| iv_001-iv_003 | 1966 | 5115 | 40 | 72 |
| iv_002-iv_010 | 2051 | 5273 | 49 | 72 |
| iv_007-iv_008 | 2084 | 4813 | 38 | 72 |
| iv_008-iv_011 | 2053 | 5181 | 38 | 72 |
| iv_001-iv_011 | 2255 | 4787 | 38 | 73 |
| iv_009-iv_012 | 2111 | 5238 | 53 | 74 |

## Output Bits

### Output Bits in Regular Order

| Rank | Output Bit | Complexity |
|:----:|:----------:|:----------:|
| 1 | ov_001 | 2.8825057484550606 × 10^371 |
| 2 | ov_002 | 2.525460278789262 × 10^371 |
| 3 | ov_003 | 2.203216867755574 × 10^371 |
| 4 | ov_004 | 1.912569410179583 × 10^371 |
| 5 | ov_005 | 1.6504952369222186 × 10^371 |
| 6 | ov_006 | 1.4141419729656024 × 10^371 |
| 7 | ov_007 | 1.202124455212793 × 10^371 |
| 8 | ov_008 | 1.0131340794318303 × 10^371 |
| 9 | ov_009 | 8.4593397664599 × 10^370 |
| 10 | ov_010 | 6.993548178968265 × 10^370 |
| 11 | ov_011 | 5.722912115076182 × 10^370 |
| 12 | ov_012 | 4.636986515276547 × 10^370 |
| 13 | ov_013 | 3.716610057728146 × 10^370 |
| 14 | ov_014 | 2.943728457342597 × 10^370 |
| 15 | ov_015 | 2.301363218283356 × 10^370 |
| 16 | ov_016 | 1.7735866103402965 × 10^370 |
| 17 | ov_017 | 1.3455019682113447 × 10^370 |
| 18 | ov_018 | 1.0032284851015554 × 10^370 |
| 19 | ov_019 | 7.338897440596519 × 10^369 |
| 20 | ov_020 | 5.256053022278951 × 10^369 |
| 21 | ov_021 | 3.6748471477034416 × 10^369 |
| 22 | ov_022 | 2.496234567303613 × 10^369 |
| 23 | ov_023 | 1.6310027249401284 × 10^369 |
| 24 | ov_024 | 9.997555392983341 × 10^368 |
| 25 | ov_025 | 5.65247590512648 × 10^368 |
| 26 | ov_026 | 2.95135484608836 × 10^368 |
| 27 | ov_027 | 1.394332319961359 × 10^368 |
| 28 | ov_028 | 5.795429613386552 × 10^367 |
| 29 | ov_029 | 2.0311314729183743 × 10^367 |
| 30 | ov_030 | 5.591976890879228 × 10^366 |
| 31 | ov_031 | 1.0944310505470948 × 10^366 |
| 32 | lv_80_m31 | 2.141963511071423 × 10^365 |
| 33 | ov_033 | 2.675071448840883 × 10^366 |
| 34 | ov_034 | 2.351018325895113 × 10^366 |
| 35 | ov_035 | 2.0585992571568435 × 10^366 |
| 36 | ov_036 | 1.794929153287023 × 10^366 |
| 37 | ov_037 | 1.5572835072821325 × 10^366 |
| 38 | ov_038 | 1.3430871561457818 × 10^366 |
| 39 | ov_039 | 1.1499044390932373 × 10^366 |
| 40 | ov_040 | 9.765512543518632 × 10^365 |
| 41 | ov_041 | 8.21906975592021 × 10^365 |
| 42 | ov_042 | 6.849110189895517 × 10^365 |
| 43 | ov_043 | 5.6455990525011506 × 10^365 |
| 44 | ov_044 | 4.599047657653503 × 10^365 |
| 45 | ov_045 | 3.700492450452446 × 10^365 |
| 46 | ov_046 | 2.9414775447084213 × 10^365 |
| 47 | ov_047 | 2.3065593913116655 × 10^365 |
| 48 | ov_048 | 1.7812483561593764 × 10^365 |
| 49 | ov_049 | 1.3519920382807257 × 10^365 |
| 50 | ov_050 | 1.0061622665803618 × 10^365 |
| 51 | ov_051 | 7.3204517984965895 × 10^364 |
| 52 | ov_052 | 5.188338486040678 × 10^364 |
| 53 | ov_053 | 3.5662295106809473 × 10^364 |
| 54 | ov_054 | 2.364050693022254 × 10^364 |
| 55 | ov_055 | 1.5006822508666538 × 10^364 |
| 56 | ov_056 | 9.03943287695654 × 10^363 |
| 57 | ov_057 | 5.105826786694864 × 10^363 |
| 58 | ov_058 | 2.662741577552332 × 10^363 |
| 59 | ov_059 | 1.2561394088231628 × 10^363 |
| 60 | ov_060 | 5.2119725139882586 × 10^362 |
| 61 | ov_061 | 1.823033829495136 × 10^362 |
| 62 | ov_062 | 5.007990617167857 × 10^361 |
| 63 | ov_063 | 9.77606921878041 × 10^360 |
| 64 | lv_79_m31 | 1.908031102847009 × 10^360 |
| 65 | ov_065 | 2.3415199045129125 × 10^361 |
| 66 | ov_066 | 2.3415078956550415 × 10^361 |
| 67 | ov_067 | 2.3415049743268435 × 10^361 |
| 68 | ov_068 | 2.0438539975950285 × 10^361 |
| 69 | ov_069 | 1.7761598068216506 × 10^361 |
| 70 | ov_070 | 1.5361748005047576 × 10^361 |
| 71 | ov_071 | 1.3217803198640133 × 10^361 |
| 72 | ov_072 | 1.130977209553949 × 10^361 |
| 73 | ov_073 | 9.618774175679249 × 10^360 |
| 74 | ov_074 | 8.126965773071287 × 10^360 |
| 75 | ov_075 | 6.817475179763367 × 10^360 |
| 76 | ov_076 | 5.674346524999652 × 10^360 |
| 77 | ov_077 | 4.682491844457862 × 10^360 |
| 78 | ov_078 | 3.827650576706068 × 10^360 |
| 79 | ov_079 | 3.096355664236852 × 10^360 |
| 80 | ov_080 | 2.475905487969679 × 10^360 |
| 81 | ov_081 | 1.9543409145052374 × 10^360 |
| 82 | ov_082 | 1.520426784922436 × 10^360 |
| 83 | ov_083 | 1.1636372227449416 × 10^360 |
| 84 | ov_084 | 8.741441870463911 × 10^359 |
| 85 | ov_085 | 6.428087446530788 × 10^359 |
| 86 | ov_086 | 4.611745831504113 × 10^359 |
| 87 | ov_087 | 3.214633339879991 × 10^359 |
| 88 | ov_088 | 2.1657132246827876 × 10^359 |
| 89 | ov_089 | 1.4006740883585262 × 10^359 |
| 90 | ov_090 | 8.619163208607296 × 10^358 |
| 91 | ov_091 | 4.985441549899918 × 10^358 |
| 92 | ov_092 | 2.6636140287086063 × 10^358 |
| 93 | ov_093 | 1.278694072772573 × 10^358 |
| 94 | ov_094 | 5.226618792191947 × 10^357 |
| 95 | aaa_78_28 | 1.5446148561343213 × 10^357 |
| 96 | aaa_78_29 | 5.228580332853688 × 10^356 |
| 97 | ov_097 | 3.62575377283196 × 10^356 |
| 98 | ov_098 | 3.625743325131442 × 10^356 |
| 99 | ov_099 | 3.625740788242077 × 10^356 |
| 100 | ov_100 | 3.1824159330822975 × 10^356 |
| 101 | ov_101 | 2.7825504666845112 × 10^356 |
| 102 | ov_102 | 2.4222222992250823 × 10^356 |
| 103 | ov_103 | 2.0977349713947012 × 10^356 |
| 104 | ov_104 | 1.805602151633262 × 10^356 |
| 105 | ov_105 | 1.542533791770291 × 10^356 |
| 106 | ov_106 | 1.3069323078251292 × 10^356 |
| 107 | ov_107 | 1.0972892133443074 × 10^356 |
| 108 | ov_108 | 9.121800221519685 × 10^355 |
| 109 | ov_109 | 7.502597847977368 × 10^355 |
| 110 | ov_110 | 6.1025920996368265 × 10^355 |
| 111 | ov_111 | 4.909813249848702 × 10^355 |
| 112 | ov_112 | 3.902382226607984 × 10^355 |
| 113 | ov_113 | 3.0597420160271128 × 10^355 |
| 114 | ov_114 | 2.36262210559967 × 10^355 |
| 115 | ov_115 | 1.7930102005712247 × 10^355 |
| 116 | ov_116 | 1.3341303275279038 × 10^355 |
| 117 | ov_117 | 9.70426313157467 × 10^354 |
| 118 | ov_118 | 6.875496547313905 × 10^354 |
| 119 | ov_119 | 4.723509015191775 × 10^354 |
| 120 | ov_120 | 3.1287376884655546 × 10^354 |
| 121 | ov_121 | 1.9835130892029044 × 10^354 |
| 122 | ov_122 | 1.1920356490736659 × 10^354 |
| 123 | ov_123 | 6.703623709974691 × 10^353 |
| 124 | ov_124 | 3.463999190843261 × 10^353 |
| 125 | ov_125 | 1.599014342562403 × 10^353 |
| 126 | ov_126 | 6.246527324677855 × 10^352 |
| 127 | aaa_77_28 | 1.7534600830507232 × 10^352 |
| 128 | aaa_77_29 | 5.347675371924921 × 10^351 |
| 129 | ov_129 | 3.2691022335723023 × 10^351 |
| 130 | ov_130 | 3.2690906708102295 × 10^351 |
| 131 | ov_131 | 3.2690878529718533 × 10^351 |
| 132 | ov_132 | 2.87180032895211 × 10^351 |
| 133 | ov_133 | 2.516535651730665 × 10^351 |
| 134 | ov_134 | 2.1990502157527914 × 10^351 |
| 135 | ov_135 | 1.9153469732093423 × 10^351 |
| 136 | ov_136 | 1.661658036771531 × 10^351 |
| 137 | ov_137 | 1.434429129496482 × 10^351 |
| 138 | ov_138 | 1.2303057591945048 × 10^351 |
| 139 | ov_139 | 1.0476590018053682 × 10^351 |
| 140 | ov_140 | 8.849508567103159 × 10^350 |
| 141 | ov_141 | 7.407292487814384 × 10^350 |
| 142 | ov_142 | 6.136237027967784 × 10^350 |
| 143 | ov_143 | 5.023416428213714 × 10^350 |
| 144 | ov_144 | 4.0566527199735684 × 10^350 |
| 145 | ov_145 | 3.224489909760171 × 10^350 |
| 146 | ov_146 | 2.5161730757520627 × 10^350 |
| 147 | ov_147 | 1.9216317683827147 × 10^350 |
| 148 | ov_148 | 1.4314670697979914 × 10^350 |
| 149 | ov_149 | 1.0369417206162756 × 10^350 |
| 150 | ov_150 | 7.299727758484121 × 10^349 |
| 151 | ov_151 | 4.9633770249826994 × 10^349 |
| 152 | ov_152 | 3.2310217039369263 × 10^349 |
| 153 | ov_153 | 1.9861605639262513 × 10^349 |
| 154 | ov_154 | 1.1251099520311462 × 10^349 |
| 155 | ov_155 | 5.569898367309899 × 10^348 |
| 156 | aaa_76_25 | 2.0371670681188887 × 10^348 |
| 157 | aaa_76_26 | 1.0665897407830797 × 10^348 |
| 158 | aaa_76_27 | 4.930860712017948 × 10^347 |
| 159 | aaa_76_28 | 1.9296624690304706 × 10^347 |
| 160 | aaa_76_29 | 5.901776137250658 × 10^346 |

### Output Bits Sorted by Complexity

| Rank | Output Bit | Complexity |
|:----:|:----------:|:----------:|
| 160 | aaa_76_29 | 5.901776137250658 × 10^346 |
| 159 | aaa_76_28 | 1.9296624690304706 × 10^347 |
| 158 | aaa_76_27 | 4.930860712017948 × 10^347 |
| 157 | aaa_76_26 | 1.0665897407830797 × 10^348 |
| 156 | aaa_76_25 | 2.0371670681188887 × 10^348 |
| 155 | ov_155 | 5.569898367309899 × 10^348 |
| 154 | ov_154 | 1.1251099520311462 × 10^349 |
| 153 | ov_153 | 1.9861605639262513 × 10^349 |
| 152 | ov_152 | 3.2310217039369263 × 10^349 |
| 151 | ov_151 | 4.9633770249826994 × 10^349 |
| 150 | ov_150 | 7.299727758484121 × 10^349 |
| 149 | ov_149 | 1.0369417206162756 × 10^350 |
| 148 | ov_148 | 1.4314670697979914 × 10^350 |
| 147 | ov_147 | 1.9216317683827147 × 10^350 |
| 146 | ov_146 | 2.5161730757520627 × 10^350 |
| 145 | ov_145 | 3.224489909760171 × 10^350 |
| 144 | ov_144 | 4.0566527199735684 × 10^350 |
| 143 | ov_143 | 5.023416428213714 × 10^350 |
| 142 | ov_142 | 6.136237027967784 × 10^350 |
| 141 | ov_141 | 7.407292487814384 × 10^350 |
| 140 | ov_140 | 8.849508567103159 × 10^350 |
| 139 | ov_139 | 1.0476590018053682 × 10^351 |
| 138 | ov_138 | 1.2303057591945048 × 10^351 |
| 137 | ov_137 | 1.434429129496482 × 10^351 |
| 136 | ov_136 | 1.661658036771531 × 10^351 |
| 135 | ov_135 | 1.9153469732093423 × 10^351 |
| 134 | ov_134 | 2.1990502157527914 × 10^351 |
| 133 | ov_133 | 2.516535651730665 × 10^351 |
| 132 | ov_132 | 2.87180032895211 × 10^351 |
| 131 | ov_131 | 3.2690878529718533 × 10^351 |
| 130 | ov_130 | 3.2690906708102295 × 10^351 |
| 129 | ov_129 | 3.2691022335723023 × 10^351 |
| 128 | aaa_77_29 | 5.347675371924921 × 10^351 |
| 127 | aaa_77_28 | 1.7534600830507232 × 10^352 |
| 126 | ov_126 | 6.246527324677855 × 10^352 |
| 125 | ov_125 | 1.599014342562403 × 10^353 |
| 124 | ov_124 | 3.463999190843261 × 10^353 |
| 123 | ov_123 | 6.703623709974691 × 10^353 |
| 122 | ov_122 | 1.1920356490736659 × 10^354 |
| 121 | ov_121 | 1.9835130892029044 × 10^354 |
| 120 | ov_120 | 3.1287376884655546 × 10^354 |
| 119 | ov_119 | 4.723509015191775 × 10^354 |
| 118 | ov_118 | 6.875496547313905 × 10^354 |
| 117 | ov_117 | 9.70426313157467 × 10^354 |
| 116 | ov_116 | 1.3341303275279038 × 10^355 |
| 115 | ov_115 | 1.7930102005712247 × 10^355 |
| 114 | ov_114 | 2.36262210559967 × 10^355 |
| 113 | ov_113 | 3.0597420160271128 × 10^355 |
| 112 | ov_112 | 3.902382226607984 × 10^355 |
| 111 | ov_111 | 4.909813249848702 × 10^355 |
| 110 | ov_110 | 6.1025920996368265 × 10^355 |
| 109 | ov_109 | 7.502597847977368 × 10^355 |
| 108 | ov_108 | 9.121800221519685 × 10^355 |
| 107 | ov_107 | 1.0972892133443074 × 10^356 |
| 106 | ov_106 | 1.3069323078251292 × 10^356 |
| 105 | ov_105 | 1.542533791770291 × 10^356 |
| 104 | ov_104 | 1.805602151633262 × 10^356 |
| 103 | ov_103 | 2.0977349713947012 × 10^356 |
| 102 | ov_102 | 2.4222222992250823 × 10^356 |
| 101 | ov_101 | 2.7825504666845112 × 10^356 |
| 100 | ov_100 | 3.1824159330822975 × 10^356 |
| 99 | ov_099 | 3.625740788242077 × 10^356 |
| 98 | ov_098 | 3.625743325131442 × 10^356 |
| 97 | ov_097 | 3.62575377283196 × 10^356 |
| 96 | aaa_78_29 | 5.228580332853688 × 10^356 |
| 95 | aaa_78_28 | 1.5446148561343213 × 10^357 |
| 94 | ov_094 | 5.226618792191947 × 10^357 |
| 93 | ov_093 | 1.278694072772573 × 10^358 |
| 92 | ov_092 | 2.6636140287086063 × 10^358 |
| 91 | ov_091 | 4.985441549899918 × 10^358 |
| 90 | ov_090 | 8.619163208607296 × 10^358 |
| 89 | ov_089 | 1.4006740883585262 × 10^359 |
| 88 | ov_088 | 2.1657132246827876 × 10^359 |
| 87 | ov_087 | 3.214633339879991 × 10^359 |
| 86 | ov_086 | 4.611745831504113 × 10^359 |
| 85 | ov_085 | 6.428087446530788 × 10^359 |
| 84 | ov_084 | 8.741441870463911 × 10^359 |
| 83 | ov_083 | 1.1636372227449416 × 10^360 |
| 82 | ov_082 | 1.520426784922436 × 10^360 |
| 64 | lv_79_m31 | 1.908031102847009 × 10^360 |
| 81 | ov_081 | 1.9543409145052374 × 10^360 |
| 80 | ov_080 | 2.475905487969679 × 10^360 |
| 79 | ov_079 | 3.096355664236852 × 10^360 |
| 78 | ov_078 | 3.827650576706068 × 10^360 |
| 77 | ov_077 | 4.682491844457862 × 10^360 |
| 76 | ov_076 | 5.674346524999652 × 10^360 |
| 75 | ov_075 | 6.817475179763367 × 10^360 |
| 74 | ov_074 | 8.126965773071287 × 10^360 |
| 73 | ov_073 | 9.618774175679249 × 10^360 |
| 63 | ov_063 | 9.77606921878041 × 10^360 |
| 72 | ov_072 | 1.130977209553949 × 10^361 |
| 71 | ov_071 | 1.3217803198640133 × 10^361 |
| 70 | ov_070 | 1.5361748005047576 × 10^361 |
| 69 | ov_069 | 1.7761598068216506 × 10^361 |
| 68 | ov_068 | 2.0438539975950285 × 10^361 |
| 67 | ov_067 | 2.3415049743268435 × 10^361 |
| 66 | ov_066 | 2.3415078956550415 × 10^361 |
| 65 | ov_065 | 2.3415199045129125 × 10^361 |
| 62 | ov_062 | 5.007990617167857 × 10^361 |
| 61 | ov_061 | 1.823033829495136 × 10^362 |
| 60 | ov_060 | 5.2119725139882586 × 10^362 |
| 59 | ov_059 | 1.2561394088231628 × 10^363 |
| 58 | ov_058 | 2.662741577552332 × 10^363 |
| 57 | ov_057 | 5.105826786694864 × 10^363 |
| 56 | ov_056 | 9.03943287695654 × 10^363 |
| 55 | ov_055 | 1.5006822508666538 × 10^364 |
| 54 | ov_054 | 2.364050693022254 × 10^364 |
| 53 | ov_053 | 3.5662295106809473 × 10^364 |
| 52 | ov_052 | 5.188338486040678 × 10^364 |
| 51 | ov_051 | 7.3204517984965895 × 10^364 |
| 50 | ov_050 | 1.0061622665803618 × 10^365 |
| 49 | ov_049 | 1.3519920382807257 × 10^365 |
| 48 | ov_048 | 1.7812483561593764 × 10^365 |
| 32 | lv_80_m31 | 2.141963511071423 × 10^365 |
| 47 | ov_047 | 2.3065593913116655 × 10^365 |
| 46 | ov_046 | 2.9414775447084213 × 10^365 |
| 45 | ov_045 | 3.700492450452446 × 10^365 |
| 44 | ov_044 | 4.599047657653503 × 10^365 |
| 43 | ov_043 | 5.6455990525011506 × 10^365 |
| 42 | ov_042 | 6.849110189895517 × 10^365 |
| 41 | ov_041 | 8.21906975592021 × 10^365 |
| 40 | ov_040 | 9.765512543518632 × 10^365 |
| 31 | ov_031 | 1.0944310505470948 × 10^366 |
| 39 | ov_039 | 1.1499044390932373 × 10^366 |
| 38 | ov_038 | 1.3430871561457818 × 10^366 |
| 37 | ov_037 | 1.5572835072821325 × 10^366 |
| 36 | ov_036 | 1.794929153287023 × 10^366 |
| 35 | ov_035 | 2.0585992571568435 × 10^366 |
| 34 | ov_034 | 2.351018325895113 × 10^366 |
| 33 | ov_033 | 2.675071448840883 × 10^366 |
| 30 | ov_030 | 5.591976890879228 × 10^366 |
| 29 | ov_029 | 2.0311314729183743 × 10^367 |
| 28 | ov_028 | 5.795429613386552 × 10^367 |
| 27 | ov_027 | 1.394332319961359 × 10^368 |
| 26 | ov_026 | 2.95135484608836 × 10^368 |
| 25 | ov_025 | 5.65247590512648 × 10^368 |
| 24 | ov_024 | 9.997555392983341 × 10^368 |
| 23 | ov_023 | 1.6310027249401284 × 10^369 |
| 22 | ov_022 | 2.496234567303613 × 10^369 |
| 21 | ov_021 | 3.6748471477034416 × 10^369 |
| 20 | ov_020 | 5.256053022278951 × 10^369 |
| 19 | ov_019 | 7.338897440596519 × 10^369 |
| 18 | ov_018 | 1.0032284851015554 × 10^370 |
| 17 | ov_017 | 1.3455019682113447 × 10^370 |
| 16 | ov_016 | 1.7735866103402965 × 10^370 |
| 15 | ov_015 | 2.301363218283356 × 10^370 |
| 14 | ov_014 | 2.943728457342597 × 10^370 |
| 13 | ov_013 | 3.716610057728146 × 10^370 |
| 12 | ov_012 | 4.636986515276547 × 10^370 |
| 11 | ov_011 | 5.722912115076182 × 10^370 |
| 10 | ov_010 | 6.993548178968265 × 10^370 |
| 9 | ov_009 | 8.4593397664599 × 10^370 |
| 8 | ov_008 | 1.0131340794318303 × 10^371 |
| 7 | ov_007 | 1.202124455212793 × 10^371 |
| 6 | ov_006 | 1.4141419729656024 × 10^371 |
| 5 | ov_005 | 1.6504952369222186 × 10^371 |
| 4 | ov_004 | 1.912569410179583 × 10^371 |
| 3 | ov_003 | 2.203216867755574 × 10^371 |
| 2 | ov_002 | 2.525460278789262 × 10^371 |
| 1 | ov_001 | 2.8825057484550606 × 10^371 |

