# Results for F001-F002-F003-F004-F005-F006-F007-F008-F009-F010-F011-F012-F013-F014-F015-F016-F017-F018-F019-F020-F021-F022-F023-F024-F025-F026-F027-F028-F029-F030-F031-F032-F033-F034-F035-F036-F037-F038-F039-F040-F041-F042-F043-F044-F045-F046-F047-F048-F049-F050-F051-F052-F053-F054-F055-F056-F057-F058-F059-F060-F061-F062-F063-F064-F065-F066-F067-F068-F069-F070-F071-F072-F073-F074-F075-F076-F077-F078-F079-F080-F081-F082-F083-F084-F085-F086-F087-F088-F089-F090-F091-F092-F093-F094-F095-F096-F097-F098-F099-F100-F101-F102-F103-F104-F105-F106-F107-F108-F109-F110-F111-F112-F113-F114-F115-F116-F117-F118-F119-F120-F121-F122-F123-F124-F125-F126-F127-F128-F129-F130-F131-F132-F133-F134-F135-F136-F137-F138-F139-F140-F141-F142-F143-F144-F145-F146-F147-F148-F149-F150-F151-F152-F153-F154-F155-F156-F157-F158-F159-F160-F161-F162-F163-F164-F165-F166-F167-F168-F169-F170-F171-F172-F173-F174-F175-F176-F177-F178-F179-F180-F181-F182-F183-F184-F185-F186-F187-F188-F189-F190-F191-F192-F193-F194-F195-F196-F197-F198-F199-F200-F201-F202-F203-F204-F205-F206-F207-F208-F209-F210-F211-F212-F213-F214-F215-F216-F217-F218-F219-F220-F221-F222-F223-F224-F225-F226-F227-F228-F229-F230-F231-F232-F233-F234-F235-F236-F237-F238-F239-F240-F241-F242-F243-F244-F245-F246-F247-F248-F249-F250-F251-F252-F253-F254-F255-F256-F257-F258-F259-F260-F261-F262-F263-F264-F265-F266-F267-F268-F269-F270-F271-F272-F273-F274-F275-F276-F277-F278-F279-F280-F281-F282-F283-F284-F285-F286-F287-F288-F289-F290-F291-F292-F293-F294-F295-F296-F297-F298-F299-F300-F301-F302-F303-F304-F305-F306-F307-F308-F309-F310-F311-F312-F313-F314-F315-F316-F317-F318-F319-F320-F321-F322-F323-F324-F325-F326-F327-F328-F329-F330-F331-F332-F333-F334-F335-F336-F337-F338-F339-F340-F341-F342-F343-F344-F345-F346-F347-F348-F349-F350-F351-F352-F353-F354-F355-F356-F357-F358-F359-F360-F361-F362-F363-F364-F365-F366-F367-F368-F369-F370-F371-F372-F373-F374-F375-F376-F377-F378-F379-F380-F381-F382-F383-F384-F385-F386-F387-F388-F389-F390-F391-F392-F393-F394-F395-F396-F397-F398-F399-F400-F401-F402-F403-F404-F405-F406-F407-F408-F409-F410-F411-F412-F413-F414-F415-F416-F417-F418-F419-F420-F421-F422-F423-F424-F425-F426-F427-F428-F429-F430-F431-F432-F433-F434-F435-F436-F437-F438-F439-F440-F441-F442-F443-F444-F445-F446-F447-F448-F449-F450-F451-F452-F453-F454-F455-F456-F457-F458-F459-F460-F461-F462-F463-F464-F465-F466-F467-F468-F469-F470-F471-F472-F473-F474-F475-F476-F477-F478-F479-F480-F481-F482-F483-F484-F485-F486-F487-F488-F489-F490-F491-F492-F493-F494-F495-F496-E498499-O500505-F510-F512

## Summary

Number of input bits: 512  
Number of free input bits: 12  
Number of output bits: 160

Number of direct occurrences: 49499  
Number of assignments: 31729  
Number of operations: 11223980
(xor: 11195551,
and: 14911,
or: 13518)

Total complexity: 2.4415997954636889 × 10^301

Least occurring input variable: iv_502 (3841)  
Most occurring input variable: iv_500 (4312)

Most co-occurring input variables: iv_500-iv_511 (2103)  
Least co-occurring input variables: iv_498-iv_502 (1771)

Potentially most occurring input variable: iv_498/iv_511 (4571)  
Potentially least occurring input variable: iv_504/iv_506 (4168)

Least output occurring input variable: iv_502 (71)  
Most output occurring input variable: iv_497 (93)

Most output co-occurring input variables: iv_497-iv_506 (51)  
Least output co-occurring input variables: iv_498-iv_511 (26)

Potentially most output occurring input variable: iv_498/iv_511 (100)  
Potentially least output occurring input variable: iv_498/iv_504 (71)

Least complex input bit: iv_511 (2.991183933667922 × 10^297)  
Most complex input bit: iv_500 (4.578748854635707 × 10^300)

Least complex output bit: aaa_76_29 (4.3468505994740157 × 10^276)  
Most complex output bit: ov_001 (3.8170817244703456 × 10^300)

Least complex input/output complexity: iv_511/aaa_76_29 (5.3252911060029717 × 10^272)  
Most complex input/output complexity: iv_500/ov_001 (7.158199556881235 × 10^299)

## Input Bits

### Input Bits in Regular Order

| Input Bit | Complexity | Occurrences | Output Occurrences |
|:---------:|:----------:|:-----------:|:------------------:|
| iv_497 | 6.957053037299157 × 10^298 | 4149 | 93 |
| iv_498 | 3.133327336583735 × 10^299 | 4215 | 72 |
| iv_500 | 4.578748854635707 × 10^300 | 4312 | 82 |
| iv_501 | 6.788521349313764 × 10^299 | 4097 | 83 |
| iv_502 | 1.0984494664871667 × 10^300 | 3841 | 71 |
| iv_503 | 1.74597837120374 × 10^300 | 4073 | 72 |
| iv_504 | 2.7218013200569245 × 10^300 | 3947 | 71 |
| iv_506 | 2.106198985737932 × 10^300 | 3991 | 81 |
| iv_507 | 3.0215011390287675 × 10^300 | 4194 | 76 |
| iv_508 | 4.010042642785584 × 10^300 | 4197 | 73 |
| iv_509 | 4.068530591804654 × 10^300 | 4207 | 78 |
| iv_511 | 2.991183933667922 × 10^297 | 4276 | 80 |

### Input Bits Sorted by Complexity

| Input Bit | Complexity | Occurrences | Output Occurrences |
|:---------:|:----------:|:-----------:|:------------------:|
| iv_511 | 2.991183933667922 × 10^297 | 4276 | 80 |
| iv_497 | 6.957053037299157 × 10^298 | 4149 | 93 |
| iv_498 | 3.133327336583735 × 10^299 | 4215 | 72 |
| iv_501 | 6.788521349313764 × 10^299 | 4097 | 83 |
| iv_502 | 1.0984494664871667 × 10^300 | 3841 | 71 |
| iv_503 | 1.74597837120374 × 10^300 | 4073 | 72 |
| iv_506 | 2.106198985737932 × 10^300 | 3991 | 81 |
| iv_504 | 2.7218013200569245 × 10^300 | 3947 | 71 |
| iv_507 | 3.0215011390287675 × 10^300 | 4194 | 76 |
| iv_508 | 4.010042642785584 × 10^300 | 4197 | 73 |
| iv_509 | 4.068530591804654 × 10^300 | 4207 | 78 |
| iv_500 | 4.578748854635707 × 10^300 | 4312 | 82 |

### Input Bits Sorted by Occurrences

| Input Bit | Complexity | Occurrences | Output Occurrences |
|:---------:|:----------:|:-----------:|:------------------:|
| iv_502 | 1.0984494664871667 × 10^300 | 3841 | 71 |
| iv_504 | 2.7218013200569245 × 10^300 | 3947 | 71 |
| iv_506 | 2.106198985737932 × 10^300 | 3991 | 81 |
| iv_503 | 1.74597837120374 × 10^300 | 4073 | 72 |
| iv_501 | 6.788521349313764 × 10^299 | 4097 | 83 |
| iv_497 | 6.957053037299157 × 10^298 | 4149 | 93 |
| iv_507 | 3.0215011390287675 × 10^300 | 4194 | 76 |
| iv_508 | 4.010042642785584 × 10^300 | 4197 | 73 |
| iv_509 | 4.068530591804654 × 10^300 | 4207 | 78 |
| iv_498 | 3.133327336583735 × 10^299 | 4215 | 72 |
| iv_511 | 2.991183933667922 × 10^297 | 4276 | 80 |
| iv_500 | 4.578748854635707 × 10^300 | 4312 | 82 |

### Input Bits Sorted by Output Occurrences

| Input Bit | Complexity | Occurrences | Output Occurrences |
|:---------:|:----------:|:-----------:|:------------------:|
| iv_502 | 1.0984494664871667 × 10^300 | 3841 | 71 |
| iv_504 | 2.7218013200569245 × 10^300 | 3947 | 71 |
| iv_503 | 1.74597837120374 × 10^300 | 4073 | 72 |
| iv_498 | 3.133327336583735 × 10^299 | 4215 | 72 |
| iv_508 | 4.010042642785584 × 10^300 | 4197 | 73 |
| iv_507 | 3.0215011390287675 × 10^300 | 4194 | 76 |
| iv_509 | 4.068530591804654 × 10^300 | 4207 | 78 |
| iv_511 | 2.991183933667922 × 10^297 | 4276 | 80 |
| iv_506 | 2.106198985737932 × 10^300 | 3991 | 81 |
| iv_500 | 4.578748854635707 × 10^300 | 4312 | 82 |
| iv_501 | 6.788521349313764 × 10^299 | 4097 | 83 |
| iv_497 | 6.957053037299157 × 10^298 | 4149 | 93 |

## Input Bit Co-occurrences

### Input Bit Co-occurrences Sorted by Co-occurrences

| Input Bits | Co-occurrences | Potential Occurrences | Output Co-occurrences | Potential Output Occurrences |
|:----------:|:--------------:|:---------------------:|:---------------------:|:----------------------------:|
| iv_500-iv_511 | 2103 | 4382 | 42 | 78 |
| iv_508-iv_509 | 2087 | 4230 | 35 | 81 |
| iv_498-iv_500 | 2065 | 4397 | 36 | 82 |
| iv_500-iv_507 | 2060 | 4386 | 34 | 90 |
| iv_497-iv_507 | 2052 | 4239 | 44 | 81 |
| iv_507-iv_509 | 2049 | 4303 | 38 | 78 |
| iv_497-iv_500 | 2046 | 4369 | 45 | 85 |
| iv_501-iv_511 | 2039 | 4295 | 39 | 85 |
| iv_503-iv_511 | 2039 | 4271 | 35 | 82 |
| iv_500-iv_501 | 2035 | 4339 | 42 | 81 |
| iv_507-iv_511 | 2019 | 4432 | 39 | 78 |
| iv_501-iv_509 | 2015 | 4274 | 38 | 85 |

### Input Bit Co-occurrences Sorted by Potential Occurrences

| Input Bits | Co-occurrences | Potential Occurrences | Output Co-occurrences | Potential Output Occurrences |
|:----------:|:--------------:|:---------------------:|:---------------------:|:----------------------------:|
| iv_504-iv_506 | 1885 | 4168 | 38 | 76 |
| iv_506-iv_507 | 2005 | 4175 | 39 | 79 |
| iv_497-iv_504 | 1941 | 4214 | 44 | 76 |
| iv_497-iv_501 | 2010 | 4226 | 48 | 80 |
| iv_502-iv_504 | 1781 | 4226 | 33 | 76 |
| iv_508-iv_509 | 2087 | 4230 | 35 | 81 |
| iv_502-iv_506 | 1798 | 4236 | 38 | 76 |
| iv_497-iv_506 | 1951 | 4238 | 51 | 72 |
| iv_497-iv_507 | 2052 | 4239 | 44 | 81 |
| iv_498-iv_506 | 1981 | 4244 | 38 | 77 |
| iv_503-iv_506 | 1908 | 4248 | 32 | 89 |
| iv_503-iv_504 | 1883 | 4254 | 34 | 75 |

### Input Bit Output Co-occurrences Sorted by Output Co-occurrences

| Input Bits | Co-occurrences | Potential Occurrences | Output Co-occurrences | Potential Output Occurrences |
|:----------:|:--------------:|:---------------------:|:---------------------:|:----------------------------:|
| iv_497-iv_506 | 1951 | 4238 | 51 | 72 |
| iv_497-iv_501 | 2010 | 4226 | 48 | 80 |
| iv_497-iv_511 | 2014 | 4397 | 47 | 79 |
| iv_497-iv_500 | 2046 | 4369 | 45 | 85 |
| iv_497-iv_504 | 1941 | 4214 | 44 | 76 |
| iv_497-iv_507 | 2052 | 4239 | 44 | 81 |
| iv_501-iv_506 | 1880 | 4328 | 43 | 78 |
| iv_500-iv_501 | 2035 | 4339 | 42 | 81 |
| iv_500-iv_511 | 2103 | 4382 | 42 | 78 |
| iv_500-iv_506 | 1995 | 4313 | 42 | 79 |
| iv_497-iv_509 | 2012 | 4332 | 42 | 87 |
| iv_501-iv_507 | 1951 | 4389 | 41 | 77 |

### Input Bit Output Co-occurrences Sorted by Potential Output Occurrences

| Input Bits | Co-occurrences | Potential Occurrences | Output Co-occurrences | Potential Output Occurrences |
|:----------:|:--------------:|:---------------------:|:---------------------:|:----------------------------:|
| iv_498-iv_504 | 1911 | 4340 | 36 | 71 |
| iv_504-iv_508 | 1941 | 4262 | 36 | 72 |
| iv_497-iv_506 | 1951 | 4238 | 51 | 72 |
| iv_507-iv_508 | 1983 | 4425 | 38 | 73 |
| iv_501-iv_503 | 1868 | 4434 | 40 | 75 |
| iv_503-iv_504 | 1883 | 4254 | 34 | 75 |
| iv_498-iv_508 | 1985 | 4442 | 35 | 75 |
| iv_498-iv_502 | 1771 | 4514 | 34 | 75 |
| iv_502-iv_507 | 1888 | 4259 | 36 | 75 |
| iv_501-iv_508 | 1952 | 4390 | 40 | 76 |
| iv_502-iv_504 | 1781 | 4226 | 33 | 76 |
| iv_503-iv_509 | 1921 | 4438 | 37 | 76 |

## Output Bits

### Output Bits in Regular Order

| Rank | Output Bit | Complexity |
|:----:|:----------:|:----------:|
| 1 | ov_001 | 3.8170817244703456 × 10^300 |
| 2 | ov_002 | 3.321502777905812 × 10^300 |
| 3 | ov_003 | 2.8765812343183063 × 10^300 |
| 4 | ov_004 | 2.478518805485566 × 10^300 |
| 5 | ov_005 | 2.123725221892597 × 10^300 |
| 6 | ov_006 | 1.8088035125084634 × 10^300 |
| 7 | ov_007 | 1.5305371712122328 × 10^300 |
| 8 | ov_008 | 1.2858790591172904 × 10^300 |
| 9 | ov_009 | 1.0719419018401125 × 10^300 |
| 10 | ov_010 | 8.859902285452603 × 10^299 |
| 11 | ov_011 | 7.254335979229989 × 10^299 |
| 12 | ov_012 | 5.878209651746333 × 10^299 |
| 13 | ov_013 | 4.708360528120193 × 10^299 |
| 14 | ov_014 | 3.7229359666225076 × 10^299 |
| 15 | ov_015 | 2.901363469405085 × 10^299 |
| 16 | ov_016 | 2.224327126417219 × 10^299 |
| 17 | ov_017 | 1.6737494582806545 × 10^299 |
| 18 | ov_018 | 1.2327777067254548 × 10^299 |
| 19 | ov_019 | 8.85773703729494 × 10^298 |
| 20 | ov_020 | 6.183065328542007 × 10^298 |
| 21 | ov_021 | 4.1714731224866075 × 10^298 |
| 22 | ov_022 | 2.702655784500175 × 10^298 |
| 23 | ov_023 | 1.6682685571201418 × 10^298 |
| 24 | ov_024 | 9.719107552424467 × 10^297 |
| 25 | ov_025 | 5.291160926427735 × 10^297 |
| 26 | ov_026 | 2.6734738135633198 × 10^297 |
| 27 | ov_027 | 1.2599403680922095 × 10^297 |
| 28 | ov_028 | 5.637109371124485 × 10^296 |
| 29 | ov_029 | 2.171888915031551 × 10^296 |
| 30 | ov_030 | 6.638900801612869 × 10^295 |
| 31 | ov_031 | 1.2947398020232783 × 10^295 |
| 32 | lv_80_m31 | 2.524566492306856 × 10^294 |
| 33 | ov_033 | 3.040593136760237 × 10^295 |
| 34 | ov_034 | 2.6401216092027404 × 10^295 |
| 35 | ov_035 | 2.2813727375002643 × 10^295 |
| 36 | ov_036 | 1.9610839646617827 × 10^295 |
| 37 | ov_037 | 1.6761707596352467 × 10^295 |
| 38 | ov_038 | 1.4237141103857046 × 10^295 |
| 39 | ov_039 | 1.2009496590679166 × 10^295 |
| 40 | ov_040 | 1.0052583234882871 × 10^295 |
| 41 | ov_041 | 8.341582585523579 × 10^294 |
| 42 | ov_042 | 6.852980204027212 × 10^294 |
| 43 | ov_043 | 5.5753370395199896 × 10^294 |
| 44 | ov_044 | 4.487583355852079 × 10^294 |
| 45 | ov_045 | 3.569808049254176 × 10^294 |
| 46 | ov_046 | 2.8032263289189997 × 10^294 |
| 47 | ov_047 | 2.1701537775601176 × 10^294 |
| 48 | ov_048 | 1.653985886277038 × 10^294 |
| 49 | ov_049 | 1.2391822279707367 × 10^294 |
| 50 | ov_050 | 9.112545021783639 × 10^293 |
| 51 | ov_051 | 6.567577518143706 × 10^293 |
| 52 | ov_052 | 4.632841191649356 × 10^293 |
| 53 | ov_053 | 3.1945857479297187 × 10^293 |
| 54 | ov_054 | 2.1493611894439987 × 10^293 |
| 55 | ov_055 | 1.4040002073776687 × 10^293 |
| 56 | ov_056 | 8.756074085860227 × 10^292 |
| 57 | ov_057 | 5.253020601478479 × 10^292 |
| 58 | ov_058 | 2.907161476924033 × 10^292 |
| 59 | ov_059 | 1.4323082163813323 × 10^292 |
| 60 | ov_060 | 5.93569662419259 × 10^291 |
| 61 | ov_061 | 2.0734985266606272 × 10^291 |
| 62 | ov_062 | 5.688507793084417 × 10^290 |
| 63 | ov_063 | 1.1088593398064203 × 10^290 |
| 64 | lv_79_m31 | 2.161064768438351 × 10^289 |
| 65 | ov_065 | 2.6011565520694835 × 10^290 |
| 66 | ov_066 | 2.6011488351635784 × 10^290 |
| 67 | ov_067 | 2.601146946621635 × 10^290 |
| 68 | ov_068 | 2.2555919915548374 × 10^290 |
| 69 | ov_069 | 1.9466080554648362 × 10^290 |
| 70 | ov_070 | 1.6712713535502754 × 10^290 |
| 71 | ov_071 | 1.4268379218410232 × 10^290 |
| 72 | ov_072 | 1.2107314447464003 × 10^290 |
| 73 | ov_073 | 1.0205321604125303 × 10^290 |
| 74 | ov_074 | 8.539667863843609 × 10^289 |
| 75 | ov_075 | 7.088994103575089 × 10^289 |
| 76 | ov_076 | 5.833232926970365 × 10^289 |
| 77 | ov_077 | 4.753535289430495 × 10^289 |
| 78 | ov_078 | 3.8322052176586904 × 10^289 |
| 79 | ov_079 | 3.052642128186497 × 10^289 |
| 80 | ov_080 | 2.3992902570058264 × 10^289 |
| 81 | ov_081 | 1.8575947182517908 × 10^289 |
| 82 | ov_082 | 1.413963714184791 × 10^289 |
| 83 | ov_083 | 1.0557364218109682 × 10^289 |
| 84 | ov_084 | 7.711560836247662 × 10^288 |
| 85 | ov_085 | 5.4934783139117747 × 10^288 |
| 86 | ov_086 | 3.8030077281106715 × 10^288 |
| 87 | ov_087 | 2.5485387149412348 × 10^288 |
| 88 | ov_088 | 1.6468515101838005 × 10^288 |
| 89 | ov_089 | 1.023037540606156 × 10^288 |
| 90 | ov_090 | 6.104438769107338 × 10^287 |
| 91 | ov_091 | 3.5063685978273574 × 10^287 |
| 92 | ov_092 | 1.9338024984279656 × 10^287 |
| 93 | ov_093 | 9.66234831268467 × 10^286 |
| 94 | ov_094 | 4.1386727951425347 × 10^286 |
| 95 | aaa_78_28 | 1.2779468552386817 × 10^286 |
| 96 | aaa_78_29 | 3.924471390736737 × 10^285 |
| 97 | ov_097 | 2.590934585566776 × 10^285 |
| 98 | ov_098 | 2.5908562570814754 × 10^285 |
| 99 | ov_099 | 2.5908311742428108 × 10^285 |
| 100 | ov_100 | 2.3310603817474806 × 10^285 |
| 101 | ov_101 | 2.0905471079116498 × 10^285 |
| 102 | ov_102 | 1.8682221047082278 × 10^285 |
| 103 | ov_103 | 1.6630940980194995 × 10^285 |
| 104 | ov_104 | 1.4742399034771728 × 10^285 |
| 105 | ov_105 | 1.3007954267633684 × 10^285 |
| 106 | ov_106 | 1.1419475020231344 × 10^285 |
| 107 | ov_107 | 9.969265237944781 × 10^284 |
| 108 | ov_108 | 8.649998292927847 × 10^284 |
| 109 | ov_109 | 7.454657890356808 × 10^284 |
| 110 | ov_110 | 6.376485646999025 × 10^284 |
| 111 | ov_111 | 5.408934937998474 × 10^284 |
| 112 | ov_112 | 4.545630613020052 × 10^284 |
| 113 | ov_113 | 3.7803341867130706 × 10^284 |
| 114 | ov_114 | 3.1069141111299377 × 10^284 |
| 115 | ov_115 | 2.5193207395246964 × 10^284 |
| 116 | ov_116 | 2.0115655920878058 × 10^284 |
| 117 | ov_117 | 1.577704534848867 × 10^284 |
| 118 | ov_118 | 1.211824483363124 × 10^284 |
| 119 | ov_119 | 9.080332430107575 × 10^283 |
| 120 | ov_120 | 6.604520978566488 × 10^283 |
| 121 | ov_121 | 4.632107600846184 × 10^283 |
| 122 | ov_122 | 3.104441182186552 × 10^283 |
| 123 | ov_123 | 1.9629009701372722 × 10^283 |
| 124 | ov_124 | 1.1488821272312375 × 10^283 |
| 125 | ov_125 | 6.037867727026148 × 10^282 |
| 126 | ov_126 | 2.6901940835735313 × 10^282 |
| 127 | aaa_77_28 | 8.598516082051508 × 10^281 |
| 128 | aaa_77_29 | 3.2282747807036125 × 10^281 |
| 129 | ov_129 | 3.011851930200388 × 10^281 |
| 130 | ov_130 | 3.011843457465598 × 10^281 |
| 131 | ov_131 | 3.0118414068775606 × 10^281 |
| 132 | ov_132 | 2.620769662438245 × 10^281 |
| 133 | ov_133 | 2.269179568644759 × 10^281 |
| 134 | ov_134 | 1.9540155065403663 × 10^281 |
| 135 | ov_135 | 1.672387426881678 × 10^281 |
| 136 | ov_136 | 1.4215590402140434 × 10^281 |
| 137 | ov_137 | 1.2001992693191277 × 10^281 |
| 138 | ov_138 | 1.0058501073901124 × 10^281 |
| 139 | ov_139 | 8.361808055717013 × 10^280 |
| 140 | ov_140 | 6.889815482322795 × 10^280 |
| 141 | ov_141 | 5.621581678580547 × 10^280 |
| 142 | ov_142 | 4.537277812412606 × 10^280 |
| 143 | ov_143 | 3.6181523557149446 × 10^280 |
| 144 | ov_144 | 2.846502598954308 × 10^280 |
| 145 | ov_145 | 2.2056522420949136 × 10^280 |
| 146 | ov_146 | 1.6799341521111116 × 10^280 |
| 147 | ov_147 | 1.254677444706632 × 10^280 |
| 148 | ov_148 | 9.161981150725039 × 10^279 |
| 149 | ov_149 | 6.517925096336767 × 10^279 |
| 150 | ov_150 | 4.4973299779426134 × 10^279 |
| 151 | ov_151 | 2.992652697137294 × 10^279 |
| 152 | ov_152 | 1.9060675314430907 × 10^279 |
| 153 | ov_153 | 1.1494572846963442 × 10^279 |
| 154 | ov_154 | 6.444084125493094 × 10^278 |
| 155 | ov_155 | 3.222082889472536 × 10^278 |
| 156 | aaa_76_25 | 1.2384371835576754 × 10^278 |
| 157 | aaa_76_26 | 7.155561722037101 × 10^277 |
| 158 | aaa_76_27 | 3.66512449706166 × 10^277 |
| 159 | aaa_76_28 | 1.4281603705018126 × 10^277 |
| 160 | aaa_76_29 | 4.3468505994740157 × 10^276 |

### Output Bits Sorted by Complexity

| Rank | Output Bit | Complexity |
|:----:|:----------:|:----------:|
| 160 | aaa_76_29 | 4.3468505994740157 × 10^276 |
| 159 | aaa_76_28 | 1.4281603705018126 × 10^277 |
| 158 | aaa_76_27 | 3.66512449706166 × 10^277 |
| 157 | aaa_76_26 | 7.155561722037101 × 10^277 |
| 156 | aaa_76_25 | 1.2384371835576754 × 10^278 |
| 155 | ov_155 | 3.222082889472536 × 10^278 |
| 154 | ov_154 | 6.444084125493094 × 10^278 |
| 153 | ov_153 | 1.1494572846963442 × 10^279 |
| 152 | ov_152 | 1.9060675314430907 × 10^279 |
| 151 | ov_151 | 2.992652697137294 × 10^279 |
| 150 | ov_150 | 4.4973299779426134 × 10^279 |
| 149 | ov_149 | 6.517925096336767 × 10^279 |
| 148 | ov_148 | 9.161981150725039 × 10^279 |
| 147 | ov_147 | 1.254677444706632 × 10^280 |
| 146 | ov_146 | 1.6799341521111116 × 10^280 |
| 145 | ov_145 | 2.2056522420949136 × 10^280 |
| 144 | ov_144 | 2.846502598954308 × 10^280 |
| 143 | ov_143 | 3.6181523557149446 × 10^280 |
| 142 | ov_142 | 4.537277812412606 × 10^280 |
| 141 | ov_141 | 5.621581678580547 × 10^280 |
| 140 | ov_140 | 6.889815482322795 × 10^280 |
| 139 | ov_139 | 8.361808055717013 × 10^280 |
| 138 | ov_138 | 1.0058501073901124 × 10^281 |
| 137 | ov_137 | 1.2001992693191277 × 10^281 |
| 136 | ov_136 | 1.4215590402140434 × 10^281 |
| 135 | ov_135 | 1.672387426881678 × 10^281 |
| 134 | ov_134 | 1.9540155065403663 × 10^281 |
| 133 | ov_133 | 2.269179568644759 × 10^281 |
| 132 | ov_132 | 2.620769662438245 × 10^281 |
| 131 | ov_131 | 3.0118414068775606 × 10^281 |
| 130 | ov_130 | 3.011843457465598 × 10^281 |
| 129 | ov_129 | 3.011851930200388 × 10^281 |
| 128 | aaa_77_29 | 3.2282747807036125 × 10^281 |
| 127 | aaa_77_28 | 8.598516082051508 × 10^281 |
| 126 | ov_126 | 2.6901940835735313 × 10^282 |
| 125 | ov_125 | 6.037867727026148 × 10^282 |
| 124 | ov_124 | 1.1488821272312375 × 10^283 |
| 123 | ov_123 | 1.9629009701372722 × 10^283 |
| 122 | ov_122 | 3.104441182186552 × 10^283 |
| 121 | ov_121 | 4.632107600846184 × 10^283 |
| 120 | ov_120 | 6.604520978566488 × 10^283 |
| 119 | ov_119 | 9.080332430107575 × 10^283 |
| 118 | ov_118 | 1.211824483363124 × 10^284 |
| 117 | ov_117 | 1.577704534848867 × 10^284 |
| 116 | ov_116 | 2.0115655920878058 × 10^284 |
| 115 | ov_115 | 2.5193207395246964 × 10^284 |
| 114 | ov_114 | 3.1069141111299377 × 10^284 |
| 113 | ov_113 | 3.7803341867130706 × 10^284 |
| 112 | ov_112 | 4.545630613020052 × 10^284 |
| 111 | ov_111 | 5.408934937998474 × 10^284 |
| 110 | ov_110 | 6.376485646999025 × 10^284 |
| 109 | ov_109 | 7.454657890356808 × 10^284 |
| 108 | ov_108 | 8.649998292927847 × 10^284 |
| 107 | ov_107 | 9.969265237944781 × 10^284 |
| 106 | ov_106 | 1.1419475020231344 × 10^285 |
| 105 | ov_105 | 1.3007954267633684 × 10^285 |
| 104 | ov_104 | 1.4742399034771728 × 10^285 |
| 103 | ov_103 | 1.6630940980194995 × 10^285 |
| 102 | ov_102 | 1.8682221047082278 × 10^285 |
| 101 | ov_101 | 2.0905471079116498 × 10^285 |
| 100 | ov_100 | 2.3310603817474806 × 10^285 |
| 99 | ov_099 | 2.5908311742428108 × 10^285 |
| 98 | ov_098 | 2.5908562570814754 × 10^285 |
| 97 | ov_097 | 2.590934585566776 × 10^285 |
| 96 | aaa_78_29 | 3.924471390736737 × 10^285 |
| 95 | aaa_78_28 | 1.2779468552386817 × 10^286 |
| 94 | ov_094 | 4.1386727951425347 × 10^286 |
| 93 | ov_093 | 9.66234831268467 × 10^286 |
| 92 | ov_092 | 1.9338024984279656 × 10^287 |
| 91 | ov_091 | 3.5063685978273574 × 10^287 |
| 90 | ov_090 | 6.104438769107338 × 10^287 |
| 89 | ov_089 | 1.023037540606156 × 10^288 |
| 88 | ov_088 | 1.6468515101838005 × 10^288 |
| 87 | ov_087 | 2.5485387149412348 × 10^288 |
| 86 | ov_086 | 3.8030077281106715 × 10^288 |
| 85 | ov_085 | 5.4934783139117747 × 10^288 |
| 84 | ov_084 | 7.711560836247662 × 10^288 |
| 83 | ov_083 | 1.0557364218109682 × 10^289 |
| 82 | ov_082 | 1.413963714184791 × 10^289 |
| 81 | ov_081 | 1.8575947182517908 × 10^289 |
| 64 | lv_79_m31 | 2.161064768438351 × 10^289 |
| 80 | ov_080 | 2.3992902570058264 × 10^289 |
| 79 | ov_079 | 3.052642128186497 × 10^289 |
| 78 | ov_078 | 3.8322052176586904 × 10^289 |
| 77 | ov_077 | 4.753535289430495 × 10^289 |
| 76 | ov_076 | 5.833232926970365 × 10^289 |
| 75 | ov_075 | 7.088994103575089 × 10^289 |
| 74 | ov_074 | 8.539667863843609 × 10^289 |
| 73 | ov_073 | 1.0205321604125303 × 10^290 |
| 63 | ov_063 | 1.1088593398064203 × 10^290 |
| 72 | ov_072 | 1.2107314447464003 × 10^290 |
| 71 | ov_071 | 1.4268379218410232 × 10^290 |
| 70 | ov_070 | 1.6712713535502754 × 10^290 |
| 69 | ov_069 | 1.9466080554648362 × 10^290 |
| 68 | ov_068 | 2.2555919915548374 × 10^290 |
| 67 | ov_067 | 2.601146946621635 × 10^290 |
| 66 | ov_066 | 2.6011488351635784 × 10^290 |
| 65 | ov_065 | 2.6011565520694835 × 10^290 |
| 62 | ov_062 | 5.688507793084417 × 10^290 |
| 61 | ov_061 | 2.0734985266606272 × 10^291 |
| 60 | ov_060 | 5.93569662419259 × 10^291 |
| 59 | ov_059 | 1.4323082163813323 × 10^292 |
| 58 | ov_058 | 2.907161476924033 × 10^292 |
| 57 | ov_057 | 5.253020601478479 × 10^292 |
| 56 | ov_056 | 8.756074085860227 × 10^292 |
| 55 | ov_055 | 1.4040002073776687 × 10^293 |
| 54 | ov_054 | 2.1493611894439987 × 10^293 |
| 53 | ov_053 | 3.1945857479297187 × 10^293 |
| 52 | ov_052 | 4.632841191649356 × 10^293 |
| 51 | ov_051 | 6.567577518143706 × 10^293 |
| 50 | ov_050 | 9.112545021783639 × 10^293 |
| 49 | ov_049 | 1.2391822279707367 × 10^294 |
| 48 | ov_048 | 1.653985886277038 × 10^294 |
| 47 | ov_047 | 2.1701537775601176 × 10^294 |
| 32 | lv_80_m31 | 2.524566492306856 × 10^294 |
| 46 | ov_046 | 2.8032263289189997 × 10^294 |
| 45 | ov_045 | 3.569808049254176 × 10^294 |
| 44 | ov_044 | 4.487583355852079 × 10^294 |
| 43 | ov_043 | 5.5753370395199896 × 10^294 |
| 42 | ov_042 | 6.852980204027212 × 10^294 |
| 41 | ov_041 | 8.341582585523579 × 10^294 |
| 40 | ov_040 | 1.0052583234882871 × 10^295 |
| 39 | ov_039 | 1.2009496590679166 × 10^295 |
| 31 | ov_031 | 1.2947398020232783 × 10^295 |
| 38 | ov_038 | 1.4237141103857046 × 10^295 |
| 37 | ov_037 | 1.6761707596352467 × 10^295 |
| 36 | ov_036 | 1.9610839646617827 × 10^295 |
| 35 | ov_035 | 2.2813727375002643 × 10^295 |
| 34 | ov_034 | 2.6401216092027404 × 10^295 |
| 33 | ov_033 | 3.040593136760237 × 10^295 |
| 30 | ov_030 | 6.638900801612869 × 10^295 |
| 29 | ov_029 | 2.171888915031551 × 10^296 |
| 28 | ov_028 | 5.637109371124485 × 10^296 |
| 27 | ov_027 | 1.2599403680922095 × 10^297 |
| 26 | ov_026 | 2.6734738135633198 × 10^297 |
| 25 | ov_025 | 5.291160926427735 × 10^297 |
| 24 | ov_024 | 9.719107552424467 × 10^297 |
| 23 | ov_023 | 1.6682685571201418 × 10^298 |
| 22 | ov_022 | 2.702655784500175 × 10^298 |
| 21 | ov_021 | 4.1714731224866075 × 10^298 |
| 20 | ov_020 | 6.183065328542007 × 10^298 |
| 19 | ov_019 | 8.85773703729494 × 10^298 |
| 18 | ov_018 | 1.2327777067254548 × 10^299 |
| 17 | ov_017 | 1.6737494582806545 × 10^299 |
| 16 | ov_016 | 2.224327126417219 × 10^299 |
| 15 | ov_015 | 2.901363469405085 × 10^299 |
| 14 | ov_014 | 3.7229359666225076 × 10^299 |
| 13 | ov_013 | 4.708360528120193 × 10^299 |
| 12 | ov_012 | 5.878209651746333 × 10^299 |
| 11 | ov_011 | 7.254335979229989 × 10^299 |
| 10 | ov_010 | 8.859902285452603 × 10^299 |
| 9 | ov_009 | 1.0719419018401125 × 10^300 |
| 8 | ov_008 | 1.2858790591172904 × 10^300 |
| 7 | ov_007 | 1.5305371712122328 × 10^300 |
| 6 | ov_006 | 1.8088035125084634 × 10^300 |
| 5 | ov_005 | 2.123725221892597 × 10^300 |
| 4 | ov_004 | 2.478518805485566 × 10^300 |
| 3 | ov_003 | 2.8765812343183063 × 10^300 |
| 2 | ov_002 | 3.321502777905812 × 10^300 |
| 1 | ov_001 | 3.8170817244703456 × 10^300 |

