# Results for F001-F002-F003-F004-F005-F006-F007-F008-F009-F010-F011-F012-F013-F014-F015-F016-F017-F018-F019-F020-F021-F022-F023-F024-F025-F026-F027-F028-F029-F030-F031-F032-F033-F034-F035-F036-F037-F038-F039-F040-F041-F042-F043-F044-F045-F046-F047-F048-F049-F050-F051-F052-F053-F054-F055-F056-F057-F058-F059-F060-F061-F062-F063-F064-F065-F066-F067-F068-F069-F070-F071-F072-F073-F074-F075-F076-F077-F078-F079-F080-F081-F082-F083-F084-F085-F086-F087-F088-F089-F090-F091-F092-F093-F094-F095-F096-F097-F098-F099-F100-F101-F102-F103-F104-F105-F106-F107-F108-F109-F110-F111-F112-F113-F114-F115-F116-F117-F118-F119-F120-F121-F122-F123-F124-F125-F126-F127-F128-F129-F130-F131-F132-F133-F134-F135-F136-F137-F138-F139-F140-F141-F142-F143-F144-F145-F146-F147-F148-F149-F150-F151-F152-F153-F154-F155-F156-F157-F158-F159-F160-F161-F162-F163-F164-F165-F166-F167-F168-F169-F170-F171-F172-F173-F174-F175-F176-F177-F178-F179-F180-F181-F182-F183-F184-F185-F186-F187-F188-F189-F190-F191-F192-F193-F194-F195-F196-F197-F198-F199-F200-F201-F202-F203-F204-F205-F206-F207-F208-F209-F210-F211-F212-F213-F214-F215-F216-F217-F218-F219-F220-F221-F222-F223-F224-F225-F226-F227-F228-F229-F230-F231-F232-F233-F234-F235-F236-F237-F238-F239-F240-F241-F242-F243-F244-F245-F246-F247-F248-F249-F250-F251-F252-F253-F254-F255-F256-F257-F258-F259-F260-F261-F262-F263-F264-F265-F266-F267-F268-F269-F270-F271-F272-F273-F274-F275-F276-F277-F278-F279-F280-F281-F282-F283-F284-F285-F286-F287-F288-F289-F290-F291-F292-F293-F294-F295-F296-F297-F298-F299-F300-F301-F302-F303-F304-F305-F306-F307-F308-F309-F310-F311-F312-F313-F314-F315-F316-F317-F318-F319-F320-F321-F322-F323-F324-F325-F326-F327-F328-F329-F330-F331-F332-F333-F334-F335-F336-F337-F338-F339-F340-F341-F342-F343-F344-F345-F346-F347-F348-F349-F350-F351-F352-F353-F354-F355-F356-F357-F358-F359-F360-F361-F362-F363-F364-F365-F366-F367-F368-F369-F370-F371-F372-F373-F374-F375-F376-F377-F378-F379-F380-F381-F382-F383-F384-F385-F386-F387-F388-F389-F390-F391-F392-F393-F394-F395-F396-F397-F398-F399-F400-F401-F402-F403-F404-F405-F406-F407-F408-F409-F410-F411-F412-F413-F414-F415-F416-F417-F418-F419-F420-F421-F422-F423-F424-F425-F426-F427-F428-F429-F430-F431-F432-F433-F434-F435-F436-F437-F438-F439-F440-F441-F442-F443-F444-F445-F446-F447-F448-F449-F450-F451-F452-F453-F454-F455-F456-F457-F458-F459-F460-F461-F462-F463-F464-F465-F466-F467-F468-F469-F470-F471-F472-F473-F474-F475-F476-F477-F478-F479-F480-F481-F482-F483-F484-F485-F486-F487-F488-F489-F490-F491-F492-F493-F494-F495-F496-O500505-F510-T511-F512

## Summary

Number of input bits: 512  
Number of free input bits: 12  
Number of output bits: 160

Number of direct occurrences: 50412  
Number of assignments: 31931  
Number of operations: 12123122
(xor: 12093887,
and: 15703,
or: 13532)

Total complexity: 2.5063003790975604 × 10^306

Least occurring input variable: iv_497 (3994)  
Most occurring input variable: iv_500 (4448)

Most co-occurring input variables: iv_506-iv_507 (2171)  
Least co-occurring input variables: iv_497-iv_498 (1821)

Potentially most occurring input variable: iv_498/iv_500 (4588)  
Potentially least occurring input variable: iv_499/iv_502 (4215)

Least output occurring input variable: iv_500 (72)  
Most output occurring input variable: iv_504 (88)

Most output co-occurring input variables: iv_497-iv_504 (50)  
Least output co-occurring input variables: iv_500-iv_501 (31)

Potentially most output occurring input variable: iv_504/iv_506 (93)  
Potentially least output occurring input variable: iv_501/iv_503 (67)

Least complex input bit: iv_497 (7.141342712890079 × 10^303)  
Most complex input bit: iv_500 (4.681944856784569 × 10^305)

Least complex output bit: aaa_76_29 (6.096166794346436 × 10^280)  
Most complex output bit: ov_001 (3.9750303044870595 × 10^305)

Least complex input/output complexity: iv_497/aaa_76_29 (1.7370151110555987 × 10^278)  
Most complex input/output complexity: iv_500/ov_001 (7.425635348767396 × 10^304)

## Input Bits

### Input Bits in Regular Order

| Input Bit | Complexity | Occurrences | Output Occurrences |
|:---------:|:----------:|:-----------:|:------------------:|
| iv_497 | 7.141342712890079 × 10^303 | 3994 | 83 |
| iv_498 | 1.423734547765149 × 10^304 | 4126 | 76 |
| iv_499 | 2.506726430086004 × 10^304 | 4049 | 79 |
| iv_500 | 4.681944856784569 × 10^305 | 4448 | 72 |
| iv_501 | 6.940500208560654 × 10^304 | 4120 | 78 |
| iv_502 | 1.1219776791085842 × 10^305 | 4100 | 78 |
| iv_503 | 1.7824847118099686 × 10^305 | 4328 | 73 |
| iv_504 | 2.779982168692405 × 10^305 | 4181 | 88 |
| iv_506 | 2.157816714147177 × 10^305 | 4264 | 87 |
| iv_507 | 3.097364867686329 × 10^305 | 4344 | 80 |
| iv_508 | 4.112092455012939 × 10^305 | 4268 | 79 |
| iv_509 | 4.170830791963556 × 10^305 | 4190 | 81 |

### Input Bits Sorted by Complexity

| Input Bit | Complexity | Occurrences | Output Occurrences |
|:---------:|:----------:|:-----------:|:------------------:|
| iv_497 | 7.141342712890079 × 10^303 | 3994 | 83 |
| iv_498 | 1.423734547765149 × 10^304 | 4126 | 76 |
| iv_499 | 2.506726430086004 × 10^304 | 4049 | 79 |
| iv_501 | 6.940500208560654 × 10^304 | 4120 | 78 |
| iv_502 | 1.1219776791085842 × 10^305 | 4100 | 78 |
| iv_503 | 1.7824847118099686 × 10^305 | 4328 | 73 |
| iv_506 | 2.157816714147177 × 10^305 | 4264 | 87 |
| iv_504 | 2.779982168692405 × 10^305 | 4181 | 88 |
| iv_507 | 3.097364867686329 × 10^305 | 4344 | 80 |
| iv_508 | 4.112092455012939 × 10^305 | 4268 | 79 |
| iv_509 | 4.170830791963556 × 10^305 | 4190 | 81 |
| iv_500 | 4.681944856784569 × 10^305 | 4448 | 72 |

### Input Bits Sorted by Occurrences

| Input Bit | Complexity | Occurrences | Output Occurrences |
|:---------:|:----------:|:-----------:|:------------------:|
| iv_497 | 7.141342712890079 × 10^303 | 3994 | 83 |
| iv_499 | 2.506726430086004 × 10^304 | 4049 | 79 |
| iv_502 | 1.1219776791085842 × 10^305 | 4100 | 78 |
| iv_501 | 6.940500208560654 × 10^304 | 4120 | 78 |
| iv_498 | 1.423734547765149 × 10^304 | 4126 | 76 |
| iv_504 | 2.779982168692405 × 10^305 | 4181 | 88 |
| iv_509 | 4.170830791963556 × 10^305 | 4190 | 81 |
| iv_506 | 2.157816714147177 × 10^305 | 4264 | 87 |
| iv_508 | 4.112092455012939 × 10^305 | 4268 | 79 |
| iv_503 | 1.7824847118099686 × 10^305 | 4328 | 73 |
| iv_507 | 3.097364867686329 × 10^305 | 4344 | 80 |
| iv_500 | 4.681944856784569 × 10^305 | 4448 | 72 |

### Input Bits Sorted by Output Occurrences

| Input Bit | Complexity | Occurrences | Output Occurrences |
|:---------:|:----------:|:-----------:|:------------------:|
| iv_500 | 4.681944856784569 × 10^305 | 4448 | 72 |
| iv_503 | 1.7824847118099686 × 10^305 | 4328 | 73 |
| iv_498 | 1.423734547765149 × 10^304 | 4126 | 76 |
| iv_502 | 1.1219776791085842 × 10^305 | 4100 | 78 |
| iv_501 | 6.940500208560654 × 10^304 | 4120 | 78 |
| iv_508 | 4.112092455012939 × 10^305 | 4268 | 79 |
| iv_499 | 2.506726430086004 × 10^304 | 4049 | 79 |
| iv_507 | 3.097364867686329 × 10^305 | 4344 | 80 |
| iv_509 | 4.170830791963556 × 10^305 | 4190 | 81 |
| iv_497 | 7.141342712890079 × 10^303 | 3994 | 83 |
| iv_506 | 2.157816714147177 × 10^305 | 4264 | 87 |
| iv_504 | 2.779982168692405 × 10^305 | 4181 | 88 |

## Input Bit Co-occurrences

### Input Bit Co-occurrences Sorted by Co-occurrences

| Input Bits | Co-occurrences | Potential Occurrences | Output Co-occurrences | Potential Output Occurrences |
|:----------:|:--------------:|:---------------------:|:---------------------:|:----------------------------:|
| iv_506-iv_507 | 2171 | 4266 | 45 | 77 |
| iv_500-iv_506 | 2156 | 4400 | 39 | 81 |
| iv_500-iv_503 | 2152 | 4472 | 31 | 83 |
| iv_503-iv_507 | 2137 | 4398 | 42 | 69 |
| iv_500-iv_507 | 2130 | 4532 | 40 | 72 |
| iv_503-iv_506 | 2129 | 4334 | 36 | 88 |
| iv_500-iv_504 | 2116 | 4397 | 39 | 82 |
| iv_500-iv_508 | 2112 | 4492 | 38 | 75 |
| iv_507-iv_509 | 2104 | 4326 | 41 | 79 |
| iv_507-iv_508 | 2091 | 4430 | 42 | 75 |
| iv_502-iv_507 | 2090 | 4264 | 39 | 80 |
| iv_503-iv_508 | 2081 | 4434 | 37 | 78 |

### Input Bit Co-occurrences Sorted by Potential Occurrences

| Input Bits | Co-occurrences | Potential Occurrences | Output Co-occurrences | Potential Output Occurrences |
|:----------:|:--------------:|:---------------------:|:---------------------:|:----------------------------:|
| iv_499-iv_502 | 1967 | 4215 | 42 | 73 |
| iv_501-iv_504 | 2039 | 4223 | 44 | 78 |
| iv_501-iv_502 | 1983 | 4254 | 37 | 82 |
| iv_497-iv_507 | 2041 | 4256 | 45 | 73 |
| iv_502-iv_507 | 2090 | 4264 | 39 | 80 |
| iv_506-iv_507 | 2171 | 4266 | 45 | 77 |
| iv_499-iv_504 | 1977 | 4276 | 40 | 87 |
| iv_501-iv_506 | 2050 | 4284 | 43 | 79 |
| iv_498-iv_507 | 2081 | 4308 | 39 | 78 |
| iv_501-iv_507 | 2076 | 4312 | 38 | 82 |
| iv_502-iv_509 | 1988 | 4314 | 40 | 79 |
| iv_502-iv_508 | 2027 | 4314 | 34 | 89 |

### Input Bit Output Co-occurrences Sorted by Output Co-occurrences

| Input Bits | Co-occurrences | Potential Occurrences | Output Co-occurrences | Potential Output Occurrences |
|:----------:|:--------------:|:---------------------:|:---------------------:|:----------------------------:|
| iv_497-iv_504 | 1889 | 4397 | 50 | 71 |
| iv_502-iv_504 | 1931 | 4419 | 46 | 74 |
| iv_504-iv_509 | 1981 | 4409 | 46 | 77 |
| iv_498-iv_506 | 2004 | 4382 | 46 | 71 |
| iv_497-iv_498 | 1821 | 4478 | 46 | 67 |
| iv_497-iv_506 | 1972 | 4314 | 45 | 80 |
| iv_497-iv_507 | 2041 | 4256 | 45 | 73 |
| iv_506-iv_507 | 2171 | 4266 | 45 | 77 |
| iv_499-iv_506 | 1976 | 4361 | 45 | 76 |
| iv_497-iv_508 | 1902 | 4458 | 44 | 74 |
| iv_497-iv_509 | 1896 | 4392 | 44 | 76 |
| iv_502-iv_506 | 1965 | 4434 | 44 | 77 |

### Input Bit Output Co-occurrences Sorted by Potential Output Occurrences

| Input Bits | Co-occurrences | Potential Occurrences | Output Co-occurrences | Potential Output Occurrences |
|:----------:|:--------------:|:---------------------:|:---------------------:|:----------------------------:|
| iv_501-iv_503 | 2037 | 4374 | 42 | 67 |
| iv_497-iv_498 | 1821 | 4478 | 46 | 67 |
| iv_503-iv_507 | 2137 | 4398 | 42 | 69 |
| iv_497-iv_504 | 1889 | 4397 | 50 | 71 |
| iv_498-iv_506 | 2004 | 4382 | 46 | 71 |
| iv_499-iv_500 | 2028 | 4441 | 40 | 71 |
| iv_500-iv_507 | 2130 | 4532 | 40 | 72 |
| iv_499-iv_503 | 2014 | 4349 | 40 | 72 |
| iv_499-iv_508 | 1996 | 4325 | 43 | 72 |
| iv_497-iv_507 | 2041 | 4256 | 45 | 73 |
| iv_499-iv_501 | 1898 | 4373 | 42 | 73 |
| iv_499-iv_502 | 1967 | 4215 | 42 | 73 |

## Output Bits

### Output Bits in Regular Order

| Rank | Output Bit | Complexity |
|:----:|:----------:|:----------:|
| 1 | ov_001 | 3.9750303044870595 × 10^305 |
| 2 | ov_002 | 3.4518740201641697 × 10^305 |
| 3 | ov_003 | 2.982790480295973 × 10^305 |
| 4 | ov_004 | 2.5637033482740345 × 10^305 |
| 5 | ov_005 | 2.1907584811779295 × 10^305 |
| 6 | ov_006 | 1.8603081906899766 × 10^305 |
| 7 | ov_007 | 1.5688975482729752 × 10^305 |
| 8 | ov_008 | 1.3132525695426324 × 10^305 |
| 9 | ov_009 | 1.0902701234207572 × 10^305 |
| 10 | ov_010 | 8.970093982068306 × 10^304 |
| 11 | ov_011 | 7.306847548147623 × 10^304 |
| 12 | ov_012 | 5.886598071490305 × 10^304 |
| 13 | ov_013 | 4.684425791284506 × 10^304 |
| 14 | ov_014 | 3.676815972503861 × 10^304 |
| 15 | ov_015 | 2.8416278685980305 × 10^304 |
| 16 | ov_016 | 2.1580704947584553 × 10^304 |
| 17 | ov_017 | 1.6066840765706034 × 10^304 |
| 18 | ov_018 | 1.1693261297297201 × 10^304 |
| 19 | ov_019 | 8.291612170757154 × 10^303 |
| 20 | ov_020 | 5.7065351958806445 × 10^303 |
| 21 | ov_021 | 3.7956148528799836 × 10^303 |
| 22 | ov_022 | 2.4293401568691396 × 10^303 |
| 23 | ov_023 | 1.491078281712955 × 10^303 |
| 24 | ov_024 | 8.770572045193733 × 10^302 |
| 25 | ov_025 | 4.963550825304194 × 10^302 |
| 26 | ov_026 | 2.7089443185202033 × 10^302 |
| 27 | ov_027 | 1.354393873847488 × 10^302 |
| 28 | ov_028 | 6.058221999470992 × 10^301 |
| 29 | ov_029 | 2.333533163231378 × 10^301 |
| 30 | ov_030 | 7.131183000049821 × 10^300 |
| 31 | ov_031 | 1.3903364821841149 × 10^300 |
| 32 | lv_80_m31 | 2.710149177538732 × 10^299 |
| 33 | ov_033 | 3.249379224698409 × 10^300 |
| 34 | ov_034 | 2.8174367333839525 × 10^300 |
| 35 | ov_035 | 2.4308828769747364 × 10^300 |
| 36 | ov_036 | 2.0861530506420777 × 10^300 |
| 37 | ov_037 | 1.7798762395514947 × 10^300 |
| 38 | ov_038 | 1.5088613217774522 × 10^300 |
| 39 | ov_039 | 1.2700851953194227 × 10^300 |
| 40 | ov_040 | 1.0606825588863671 × 10^300 |
| 41 | ov_041 | 8.779371851087927 × 10^299 |
| 42 | ov_042 | 7.1927453351643736 × 10^299 |
| 43 | ov_043 | 5.834419113192641 × 10^299 |
| 44 | ov_044 | 4.681306368824877 × 10^299 |
| 45 | ov_045 | 3.7115819159447916 × 10^299 |
| 46 | ov_046 | 2.9046483103134725 × 10^299 |
| 47 | ov_047 | 2.2411089555040934 × 10^299 |
| 48 | ov_048 | 1.7027471596429218 × 10^299 |
| 49 | ov_049 | 1.2725101769688305 × 10^299 |
| 50 | ov_050 | 9.344973454240509 × 10^298 |
| 51 | ov_051 | 6.739515084999708 × 10^298 |
| 52 | ov_052 | 4.7725298645189046 × 10^298 |
| 53 | ov_053 | 3.31915438808307 × 10^298 |
| 54 | ov_054 | 2.2658306360213982 × 10^298 |
| 55 | ov_055 | 1.5102873091041115 × 10^298 |
| 56 | ov_056 | 9.615278604864259 × 10^297 |
| 57 | ov_057 | 5.768715605126834 × 10^297 |
| 58 | ov_058 | 3.192701251982287 × 10^297 |
| 59 | ov_059 | 1.573063235909441 × 10^297 |
| 60 | ov_060 | 6.519333662594725 × 10^296 |
| 61 | ov_061 | 2.277452266560934 × 10^296 |
| 62 | ov_062 | 6.248082739774334 × 10^295 |
| 63 | ov_063 | 1.2179127275669625 × 10^295 |
| 64 | lv_79_m31 | 2.3734998978369355 × 10^294 |
| 65 | ov_065 | 2.832275225249333 × 10^295 |
| 66 | ov_066 | 2.8322668893036345 × 10^295 |
| 67 | ov_067 | 2.83226487197111 × 10^295 |
| 68 | ov_068 | 2.453413751729185 × 10^295 |
| 69 | ov_069 | 2.114308012537963 × 10^295 |
| 70 | ov_070 | 1.8119272570603064 × 10^295 |
| 71 | ov_071 | 1.5434144887253833 × 10^295 |
| 72 | ov_072 | 1.3060644989078635 × 10^295 |
| 73 | ov_073 | 1.0973138144702044 × 10^295 |
| 74 | ov_074 | 9.147320599852496 × 10^294 |
| 75 | ov_075 | 7.560145966562054 × 10^294 |
| 76 | ov_076 | 6.189763073541717 × 10^294 |
| 77 | ov_077 | 5.015464043529994 × 10^294 |
| 78 | ov_078 | 4.01764143304258 × 10^294 |
| 79 | ov_079 | 3.177753338015279 × 10^294 |
| 80 | ov_080 | 2.4782954356702 × 10^294 |
| 81 | ov_081 | 1.902778998832804 × 10^294 |
| 82 | ov_082 | 1.4357139841204097 × 10^294 |
| 83 | ov_083 | 1.06259636010085 × 10^294 |
| 84 | ov_084 | 7.698989058310536 × 10^293 |
| 85 | ov_085 | 5.450647742403394 × 10^293 |
| 86 | ov_086 | 3.765031787022347 × 10^293 |
| 87 | ov_087 | 2.5358662489878413 × 10^293 |
| 88 | ov_088 | 1.6664917376359424 × 10^293 |
| 89 | ov_089 | 1.0698532137100004 × 10^293 |
| 90 | ov_090 | 6.684924663860334 × 10^292 |
| 91 | ov_091 | 3.945431885273934 × 10^292 |
| 92 | ov_092 | 2.1646972941097493 × 10^292 |
| 93 | ov_093 | 1.0753037919866524 × 10^292 |
| 94 | ov_094 | 4.5776845076856634 × 10^291 |
| 95 | aaa_78_28 | 1.405403710518616 × 10^291 |
| 96 | aaa_78_29 | 4.276938198635705 × 10^290 |
| 97 | ov_097 | 2.39265878886325 × 10^290 |
| 98 | ov_098 | 2.392648214311772 × 10^290 |
| 99 | ov_099 | 2.3926448311374844 × 10^290 |
| 100 | ov_100 | 2.0698108815457527 × 10^290 |
| 101 | ov_101 | 1.781003286695592 × 10^290 |
| 102 | ov_102 | 1.5236278066018882 × 10^290 |
| 103 | ov_103 | 1.2952329939445357 × 10^290 |
| 104 | ov_104 | 1.0934997415220005 × 10^290 |
| 105 | ov_105 | 9.162321882266925 × 10^289 |
| 106 | ov_106 | 7.613498595025514 × 10^289 |
| 107 | ov_107 | 6.268809247454357 × 10^289 |
| 108 | ov_108 | 5.109564603609151 × 10^289 |
| 109 | ov_109 | 4.1180561324738483 × 10^289 |
| 110 | ov_110 | 3.277515653645976 × 10^289 |
| 111 | ov_111 | 2.5720820581287674 × 10^289 |
| 112 | ov_112 | 1.9867742251554806 × 10^289 |
| 113 | ov_113 | 1.50746931190836 × 10^289 |
| 114 | ov_114 | 1.120885648396307 × 10^289 |
| 115 | ov_115 | 8.145695247816741 × 10^288 |
| 116 | ov_116 | 5.768852132221322 × 10^288 |
| 117 | ov_117 | 3.9700762091035 × 10^288 |
| 118 | ov_118 | 2.6491702551633405 × 10^288 |
| 119 | ov_119 | 1.7139539870550094 × 10^288 |
| 120 | ov_120 | 1.0802387784388542 × 10^288 |
| 121 | ov_121 | 6.71810384041095 × 10^287 |
| 122 | ov_122 | 4.204174315860014 × 10^287 |
| 123 | ov_123 | 2.657641623281489 × 10^287 |
| 124 | ov_124 | 1.5550617294308608 × 10^287 |
| 125 | ov_125 | 8.169531560977288 × 10^286 |
| 126 | ov_126 | 3.6383776646884207 × 10^286 |
| 127 | aaa_77_28 | 1.1623829999791578 × 10^286 |
| 128 | aaa_77_29 | 4.361166634792602 × 10^285 |
| 129 | ov_129 | 4.025551052366859 × 10^285 |
| 130 | ov_130 | 4.025539169922946 × 10^285 |
| 131 | ov_131 | 4.025536294110119 × 10^285 |
| 132 | ov_132 | 3.493303555976379 × 10^285 |
| 133 | ov_133 | 3.015749529808642 × 10^285 |
| 134 | ov_134 | 2.5885889195192022 × 10^285 |
| 135 | ov_135 | 2.2077686291923212 × 10^285 |
| 136 | ov_136 | 1.8694512004509636 × 10^285 |
| 137 | ov_137 | 1.5717698887381364 × 10^285 |
| 138 | ov_138 | 1.3112775079141838 × 10^285 |
| 139 | ov_139 | 1.0847053423287178 × 10^285 |
| 140 | ov_140 | 8.889542768207282 × 10^284 |
| 141 | ov_141 | 7.210873847215973 × 10^284 |
| 142 | ov_142 | 5.783238079133973 × 10^284 |
| 143 | ov_143 | 4.5803377272344054 × 10^284 |
| 144 | ov_144 | 3.577345950513871 × 10^284 |
| 145 | ov_145 | 2.7508753766086476 × 10^284 |
| 146 | ov_146 | 2.0789539204958302 × 10^284 |
| 147 | ov_147 | 1.541006667594058 × 10^284 |
| 148 | ov_148 | 1.1178427341391867 × 10^284 |
| 149 | ov_149 | 7.916461118400629 × 10^283 |
| 150 | ov_150 | 5.459695978678373 × 10^283 |
| 151 | ov_151 | 3.6573100522815226 × 10^283 |
| 152 | ov_152 | 2.3721094252701932 × 10^283 |
| 153 | ov_153 | 1.4805157290551113 × 10^283 |
| 154 | ov_154 | 8.7255930449255 × 10^282 |
| 155 | ov_155 | 4.51875368496272 × 10^282 |
| 156 | aaa_76_25 | 1.736824596036143 × 10^282 |
| 157 | aaa_76_26 | 1.0035193313389892 × 10^282 |
| 158 | aaa_76_27 | 5.140090649476808 × 10^281 |
| 159 | aaa_76_28 | 2.0028990790520953 × 10^281 |
| 160 | aaa_76_29 | 6.096166794346436 × 10^280 |

### Output Bits Sorted by Complexity

| Rank | Output Bit | Complexity |
|:----:|:----------:|:----------:|
| 160 | aaa_76_29 | 6.096166794346436 × 10^280 |
| 159 | aaa_76_28 | 2.0028990790520953 × 10^281 |
| 158 | aaa_76_27 | 5.140090649476808 × 10^281 |
| 157 | aaa_76_26 | 1.0035193313389892 × 10^282 |
| 156 | aaa_76_25 | 1.736824596036143 × 10^282 |
| 155 | ov_155 | 4.51875368496272 × 10^282 |
| 154 | ov_154 | 8.7255930449255 × 10^282 |
| 153 | ov_153 | 1.4805157290551113 × 10^283 |
| 152 | ov_152 | 2.3721094252701932 × 10^283 |
| 151 | ov_151 | 3.6573100522815226 × 10^283 |
| 150 | ov_150 | 5.459695978678373 × 10^283 |
| 149 | ov_149 | 7.916461118400629 × 10^283 |
| 148 | ov_148 | 1.1178427341391867 × 10^284 |
| 147 | ov_147 | 1.541006667594058 × 10^284 |
| 146 | ov_146 | 2.0789539204958302 × 10^284 |
| 145 | ov_145 | 2.7508753766086476 × 10^284 |
| 144 | ov_144 | 3.577345950513871 × 10^284 |
| 143 | ov_143 | 4.5803377272344054 × 10^284 |
| 142 | ov_142 | 5.783238079133973 × 10^284 |
| 141 | ov_141 | 7.210873847215973 × 10^284 |
| 140 | ov_140 | 8.889542768207282 × 10^284 |
| 139 | ov_139 | 1.0847053423287178 × 10^285 |
| 138 | ov_138 | 1.3112775079141838 × 10^285 |
| 137 | ov_137 | 1.5717698887381364 × 10^285 |
| 136 | ov_136 | 1.8694512004509636 × 10^285 |
| 135 | ov_135 | 2.2077686291923212 × 10^285 |
| 134 | ov_134 | 2.5885889195192022 × 10^285 |
| 133 | ov_133 | 3.015749529808642 × 10^285 |
| 132 | ov_132 | 3.493303555976379 × 10^285 |
| 131 | ov_131 | 4.025536294110119 × 10^285 |
| 130 | ov_130 | 4.025539169922946 × 10^285 |
| 129 | ov_129 | 4.025551052366859 × 10^285 |
| 128 | aaa_77_29 | 4.361166634792602 × 10^285 |
| 127 | aaa_77_28 | 1.1623829999791578 × 10^286 |
| 126 | ov_126 | 3.6383776646884207 × 10^286 |
| 125 | ov_125 | 8.169531560977288 × 10^286 |
| 124 | ov_124 | 1.5550617294308608 × 10^287 |
| 123 | ov_123 | 2.657641623281489 × 10^287 |
| 122 | ov_122 | 4.204174315860014 × 10^287 |
| 121 | ov_121 | 6.71810384041095 × 10^287 |
| 120 | ov_120 | 1.0802387784388542 × 10^288 |
| 119 | ov_119 | 1.7139539870550094 × 10^288 |
| 118 | ov_118 | 2.6491702551633405 × 10^288 |
| 117 | ov_117 | 3.9700762091035 × 10^288 |
| 116 | ov_116 | 5.768852132221322 × 10^288 |
| 115 | ov_115 | 8.145695247816741 × 10^288 |
| 114 | ov_114 | 1.120885648396307 × 10^289 |
| 113 | ov_113 | 1.50746931190836 × 10^289 |
| 112 | ov_112 | 1.9867742251554806 × 10^289 |
| 111 | ov_111 | 2.5720820581287674 × 10^289 |
| 110 | ov_110 | 3.277515653645976 × 10^289 |
| 109 | ov_109 | 4.1180561324738483 × 10^289 |
| 108 | ov_108 | 5.109564603609151 × 10^289 |
| 107 | ov_107 | 6.268809247454357 × 10^289 |
| 106 | ov_106 | 7.613498595025514 × 10^289 |
| 105 | ov_105 | 9.162321882266925 × 10^289 |
| 104 | ov_104 | 1.0934997415220005 × 10^290 |
| 103 | ov_103 | 1.2952329939445357 × 10^290 |
| 102 | ov_102 | 1.5236278066018882 × 10^290 |
| 101 | ov_101 | 1.781003286695592 × 10^290 |
| 100 | ov_100 | 2.0698108815457527 × 10^290 |
| 99 | ov_099 | 2.3926448311374844 × 10^290 |
| 98 | ov_098 | 2.392648214311772 × 10^290 |
| 97 | ov_097 | 2.39265878886325 × 10^290 |
| 96 | aaa_78_29 | 4.276938198635705 × 10^290 |
| 95 | aaa_78_28 | 1.405403710518616 × 10^291 |
| 94 | ov_094 | 4.5776845076856634 × 10^291 |
| 93 | ov_093 | 1.0753037919866524 × 10^292 |
| 92 | ov_092 | 2.1646972941097493 × 10^292 |
| 91 | ov_091 | 3.945431885273934 × 10^292 |
| 90 | ov_090 | 6.684924663860334 × 10^292 |
| 89 | ov_089 | 1.0698532137100004 × 10^293 |
| 88 | ov_088 | 1.6664917376359424 × 10^293 |
| 87 | ov_087 | 2.5358662489878413 × 10^293 |
| 86 | ov_086 | 3.765031787022347 × 10^293 |
| 85 | ov_085 | 5.450647742403394 × 10^293 |
| 84 | ov_084 | 7.698989058310536 × 10^293 |
| 83 | ov_083 | 1.06259636010085 × 10^294 |
| 82 | ov_082 | 1.4357139841204097 × 10^294 |
| 81 | ov_081 | 1.902778998832804 × 10^294 |
| 64 | lv_79_m31 | 2.3734998978369355 × 10^294 |
| 80 | ov_080 | 2.4782954356702 × 10^294 |
| 79 | ov_079 | 3.177753338015279 × 10^294 |
| 78 | ov_078 | 4.01764143304258 × 10^294 |
| 77 | ov_077 | 5.015464043529994 × 10^294 |
| 76 | ov_076 | 6.189763073541717 × 10^294 |
| 75 | ov_075 | 7.560145966562054 × 10^294 |
| 74 | ov_074 | 9.147320599852496 × 10^294 |
| 73 | ov_073 | 1.0973138144702044 × 10^295 |
| 63 | ov_063 | 1.2179127275669625 × 10^295 |
| 72 | ov_072 | 1.3060644989078635 × 10^295 |
| 71 | ov_071 | 1.5434144887253833 × 10^295 |
| 70 | ov_070 | 1.8119272570603064 × 10^295 |
| 69 | ov_069 | 2.114308012537963 × 10^295 |
| 68 | ov_068 | 2.453413751729185 × 10^295 |
| 67 | ov_067 | 2.83226487197111 × 10^295 |
| 66 | ov_066 | 2.8322668893036345 × 10^295 |
| 65 | ov_065 | 2.832275225249333 × 10^295 |
| 62 | ov_062 | 6.248082739774334 × 10^295 |
| 61 | ov_061 | 2.277452266560934 × 10^296 |
| 60 | ov_060 | 6.519333662594725 × 10^296 |
| 59 | ov_059 | 1.573063235909441 × 10^297 |
| 58 | ov_058 | 3.192701251982287 × 10^297 |
| 57 | ov_057 | 5.768715605126834 × 10^297 |
| 56 | ov_056 | 9.615278604864259 × 10^297 |
| 55 | ov_055 | 1.5102873091041115 × 10^298 |
| 54 | ov_054 | 2.2658306360213982 × 10^298 |
| 53 | ov_053 | 3.31915438808307 × 10^298 |
| 52 | ov_052 | 4.7725298645189046 × 10^298 |
| 51 | ov_051 | 6.739515084999708 × 10^298 |
| 50 | ov_050 | 9.344973454240509 × 10^298 |
| 49 | ov_049 | 1.2725101769688305 × 10^299 |
| 48 | ov_048 | 1.7027471596429218 × 10^299 |
| 47 | ov_047 | 2.2411089555040934 × 10^299 |
| 32 | lv_80_m31 | 2.710149177538732 × 10^299 |
| 46 | ov_046 | 2.9046483103134725 × 10^299 |
| 45 | ov_045 | 3.7115819159447916 × 10^299 |
| 44 | ov_044 | 4.681306368824877 × 10^299 |
| 43 | ov_043 | 5.834419113192641 × 10^299 |
| 42 | ov_042 | 7.1927453351643736 × 10^299 |
| 41 | ov_041 | 8.779371851087927 × 10^299 |
| 40 | ov_040 | 1.0606825588863671 × 10^300 |
| 39 | ov_039 | 1.2700851953194227 × 10^300 |
| 31 | ov_031 | 1.3903364821841149 × 10^300 |
| 38 | ov_038 | 1.5088613217774522 × 10^300 |
| 37 | ov_037 | 1.7798762395514947 × 10^300 |
| 36 | ov_036 | 2.0861530506420777 × 10^300 |
| 35 | ov_035 | 2.4308828769747364 × 10^300 |
| 34 | ov_034 | 2.8174367333839525 × 10^300 |
| 33 | ov_033 | 3.249379224698409 × 10^300 |
| 30 | ov_030 | 7.131183000049821 × 10^300 |
| 29 | ov_029 | 2.333533163231378 × 10^301 |
| 28 | ov_028 | 6.058221999470992 × 10^301 |
| 27 | ov_027 | 1.354393873847488 × 10^302 |
| 26 | ov_026 | 2.7089443185202033 × 10^302 |
| 25 | ov_025 | 4.963550825304194 × 10^302 |
| 24 | ov_024 | 8.770572045193733 × 10^302 |
| 23 | ov_023 | 1.491078281712955 × 10^303 |
| 22 | ov_022 | 2.4293401568691396 × 10^303 |
| 21 | ov_021 | 3.7956148528799836 × 10^303 |
| 20 | ov_020 | 5.7065351958806445 × 10^303 |
| 19 | ov_019 | 8.291612170757154 × 10^303 |
| 18 | ov_018 | 1.1693261297297201 × 10^304 |
| 17 | ov_017 | 1.6066840765706034 × 10^304 |
| 16 | ov_016 | 2.1580704947584553 × 10^304 |
| 15 | ov_015 | 2.8416278685980305 × 10^304 |
| 14 | ov_014 | 3.676815972503861 × 10^304 |
| 13 | ov_013 | 4.684425791284506 × 10^304 |
| 12 | ov_012 | 5.886598071490305 × 10^304 |
| 11 | ov_011 | 7.306847548147623 × 10^304 |
| 10 | ov_010 | 8.970093982068306 × 10^304 |
| 9 | ov_009 | 1.0902701234207572 × 10^305 |
| 8 | ov_008 | 1.3132525695426324 × 10^305 |
| 7 | ov_007 | 1.5688975482729752 × 10^305 |
| 6 | ov_006 | 1.8603081906899766 × 10^305 |
| 5 | ov_005 | 2.1907584811779295 × 10^305 |
| 4 | ov_004 | 2.5637033482740345 × 10^305 |
| 3 | ov_003 | 2.982790480295973 × 10^305 |
| 2 | ov_002 | 3.4518740201641697 × 10^305 |
| 1 | ov_001 | 3.9750303044870595 × 10^305 |

