# Results for F013-F014-F015-F016-F017-F018-F019-F020-F021-F022-F023-F024-F025-F026-F027-F028-F029-F030-F031-F032-F033-F034-F035-F036-F037-F038-F039-F040-F041-F042-F043-F044-F045-F046-F047-F048-F049-F050-F051-F052-F053-F054-F055-F056-F057-F058-F059-F060-F061-F062-F063-F064-F065-F066-F067-F068-F069-F070-F071-F072-F073-F074-F075-F076-F077-F078-F079-F080-F081-F082-F083-F084-F085-F086-F087-F088-F089-F090-F091-F092-F093-F094-F095-F096-F097-F098-F099-F100-F101-F102-F103-F104-F105-F106-F107-F108-F109-F110-F111-F112-F113-F114-F115-F116-F117-F118-F119-F120-F121-F122-F123-F124-F125-F126-F127-F128-F129-F130-F131-F132-F133-F134-F135-F136-F137-F138-F139-F140-F141-F142-F143-F144-F145-F146-F147-F148-F149-F150-F151-F152-F153-F154-F155-F156-F157-F158-F159-F160-F161-F162-F163-F164-F165-F166-F167-F168-F169-F170-F171-F172-F173-F174-F175-F176-F177-F178-F179-F180-F181-F182-F183-F184-F185-F186-F187-F188-F189-F190-F191-F192-F193-F194-F195-F196-F197-F198-F199-F200-F201-F202-F203-F204-F205-F206-F207-F208-F209-F210-F211-F212-F213-F214-F215-F216-F217-F218-F219-F220-F221-F222-F223-F224-F225-F226-F227-F228-F229-F230-F231-F232-F233-F234-F235-F236-F237-F238-F239-F240-F241-F242-F243-F244-F245-F246-F247-F248-F249-F250-F251-F252-F253-F254-F255-F256-F257-F258-F259-F260-F261-F262-F263-F264-F265-F266-F267-F268-F269-F270-F271-F272-F273-F274-F275-F276-F277-F278-F279-F280-F281-F282-F283-F284-F285-F286-F287-F288-F289-F290-F291-F292-F293-F294-F295-F296-F297-F298-F299-F300-F301-F302-F303-F304-F305-F306-F307-F308-F309-F310-F311-F312-F313-F314-F315-F316-F317-F318-F319-F320-F321-F322-F323-F324-F325-F326-F327-F328-F329-F330-F331-F332-F333-F334-F335-F336-F337-F338-F339-F340-F341-F342-F343-F344-F345-F346-F347-F348-F349-F350-F351-F352-F353-F354-F355-F356-F357-F358-F359-F360-F361-F362-F363-F364-F365-F366-F367-F368-F369-F370-F371-F372-F373-F374-F375-F376-F377-F378-F379-F380-F381-F382-F383-F384-F385-F386-F387-F388-F389-F390-F391-F392-F393-F394-F395-F396-F397-F398-F399-F400-F401-F402-F403-F404-F405-F406-F407-F408-F409-F410-F411-F412-F413-F414-F415-F416-F417-F418-F419-F420-F421-F422-F423-F424-F425-F426-F427-F428-F429-F430-F431-F432-F433-F434-F435-F436-F437-F438-F439-F440-F441-F442-F443-F444-F445-F446-F447-F448-F449-F450-F451-F452-F453-F454-F455-F456-F457-F458-F459-F460-F461-F462-F463-F464-F465-F466-F467-F468-F469-F470-F471-F472-F473-F474-F475-F476-F477-F478-F479-F480-F481-F482-F483-F484-F485-F486-F487-F488-F489-F490-F491-F492-F493-F494-F495-F496-F497-F498-F499-F500-F501-F502-F503-F504-F505-F506-F507-F508-F509-F510-F511-F512

## Summary

Number of input bits: 512  
Number of free input bits: 12  
Number of output bits: 160

Number of direct occurrences: 55097  
Number of assignments: 38337  
Number of operations: 18857790
(xor: 18818629,
and: 22966,
or: 16195)

Total complexity: 1.9570768431071747 × 10^353

Least occurring input variable: iv_007 (4326)  
Most occurring input variable: iv_012 (4785)

Most co-occurring input variables: iv_004-iv_005 (2369)  
Least co-occurring input variables: iv_007-iv_011 (1936)

Potentially most occurring input variable: iv_008/iv_011 (5180)  
Potentially least occurring input variable: iv_004/iv_005 (4438)

Least output occurring input variable: iv_011 (63)  
Most output occurring input variable: iv_012 (87)

Most output co-occurring input variables: iv_003-iv_006 (50)  
Least output co-occurring input variables: iv_005-iv_011 (20)

Potentially most output occurring input variable: iv_002/iv_005 (100)  
Potentially least output occurring input variable: iv_009/iv_012 (65)

Least complex input bit: iv_001 (2.4129570092605075 × 10^350)  
Most complex input bit: iv_012 (3.1752239513417506 × 10^352)

Least complex output bit: aaa_76_29 (5.6603227242828144 × 10^328)  
Most complex output bit: ov_001 (2.9821783017901184 × 10^352)

Least complex input/output complexity: iv_001/aaa_76_29 (6.978834500208126 × 10^325)  
Most complex input/output complexity: iv_012/ov_001 (4.838381285009717 × 10^351)

Input variable with highest collision probability: iv_007 (½^160.00000000000068)

## Input Bits

### Input Bits in Regular Order

| Input Bit | Complexity | Occurrences | Output Occurrences | Collision Probability |
|:---------:|:----------:|:-----------:|:------------------:|:---------------------:|
| iv_001 | 2.4129570092605075 × 10^350 | 4570 | 75 | ½^160.00000000000077 |
| iv_002 | 1.03255727097246 × 10^351 | 4618 | 85 | ½^160.00000000000102 |
| iv_003 | 2.919134285204498 × 10^351 | 4671 | 87 | ½^160.00000000000085 |
| iv_004 | 6.308419254511741 × 10^351 | 4561 | 78 | ½^160.00000000000088 |
| iv_005 | 1.0074271737136247 × 10^352 | 4615 | 73 | ½^160.0000000000007 |
| iv_006 | 1.3891931684184386 × 10^352 | 4601 | 87 | ½^160.00000000000082 |
| iv_007 | 1.7929122455006454 × 10^352 | 4326 | 70 | ½^160.00000000000068 |
| iv_008 | 2.2550276377640743 × 10^352 | 4520 | 81 | ½^160.000000000001 |
| iv_009 | 2.802425437257806 × 10^352 | 4678 | 74 | ½^160.0000000000007 |
| iv_010 | 2.9560755191030383 × 10^352 | 4488 | 83 | ½^160.0000000000007 |
| iv_011 | 3.1423426468108866 × 10^352 | 4664 | 63 | ½^160.00000000000068 |
| iv_012 | 3.1752239513417506 × 10^352 | 4785 | 87 | ½^160.0000000000009 |

### Input Bits Sorted by Complexity

| Input Bit | Complexity | Occurrences | Output Occurrences | Collision Probability |
|:---------:|:----------:|:-----------:|:------------------:|:---------------------:|
| iv_001 | 2.4129570092605075 × 10^350 | 4570 | 75 | ½^160.00000000000077 |
| iv_002 | 1.03255727097246 × 10^351 | 4618 | 85 | ½^160.00000000000102 |
| iv_003 | 2.919134285204498 × 10^351 | 4671 | 87 | ½^160.00000000000085 |
| iv_004 | 6.308419254511741 × 10^351 | 4561 | 78 | ½^160.00000000000088 |
| iv_005 | 1.0074271737136247 × 10^352 | 4615 | 73 | ½^160.0000000000007 |
| iv_006 | 1.3891931684184386 × 10^352 | 4601 | 87 | ½^160.00000000000082 |
| iv_007 | 1.7929122455006454 × 10^352 | 4326 | 70 | ½^160.00000000000068 |
| iv_008 | 2.2550276377640743 × 10^352 | 4520 | 81 | ½^160.000000000001 |
| iv_009 | 2.802425437257806 × 10^352 | 4678 | 74 | ½^160.0000000000007 |
| iv_010 | 2.9560755191030383 × 10^352 | 4488 | 83 | ½^160.0000000000007 |
| iv_011 | 3.1423426468108866 × 10^352 | 4664 | 63 | ½^160.00000000000068 |
| iv_012 | 3.1752239513417506 × 10^352 | 4785 | 87 | ½^160.0000000000009 |

### Input Bits Sorted by Occurrences

| Input Bit | Complexity | Occurrences | Output Occurrences | Collision Probability |
|:---------:|:----------:|:-----------:|:------------------:|:---------------------:|
| iv_007 | 1.7929122455006454 × 10^352 | 4326 | 70 | ½^160.00000000000068 |
| iv_010 | 2.9560755191030383 × 10^352 | 4488 | 83 | ½^160.0000000000007 |
| iv_008 | 2.2550276377640743 × 10^352 | 4520 | 81 | ½^160.000000000001 |
| iv_004 | 6.308419254511741 × 10^351 | 4561 | 78 | ½^160.00000000000088 |
| iv_001 | 2.4129570092605075 × 10^350 | 4570 | 75 | ½^160.00000000000077 |
| iv_006 | 1.3891931684184386 × 10^352 | 4601 | 87 | ½^160.00000000000082 |
| iv_005 | 1.0074271737136247 × 10^352 | 4615 | 73 | ½^160.0000000000007 |
| iv_002 | 1.03255727097246 × 10^351 | 4618 | 85 | ½^160.00000000000102 |
| iv_011 | 3.1423426468108866 × 10^352 | 4664 | 63 | ½^160.00000000000068 |
| iv_003 | 2.919134285204498 × 10^351 | 4671 | 87 | ½^160.00000000000085 |
| iv_009 | 2.802425437257806 × 10^352 | 4678 | 74 | ½^160.0000000000007 |
| iv_012 | 3.1752239513417506 × 10^352 | 4785 | 87 | ½^160.0000000000009 |

### Input Bits Sorted by Output Occurrences

| Input Bit | Complexity | Occurrences | Output Occurrences | Collision Probability |
|:---------:|:----------:|:-----------:|:------------------:|:---------------------:|
| iv_011 | 3.1423426468108866 × 10^352 | 4664 | 63 | ½^160.00000000000068 |
| iv_007 | 1.7929122455006454 × 10^352 | 4326 | 70 | ½^160.00000000000068 |
| iv_005 | 1.0074271737136247 × 10^352 | 4615 | 73 | ½^160.0000000000007 |
| iv_009 | 2.802425437257806 × 10^352 | 4678 | 74 | ½^160.0000000000007 |
| iv_001 | 2.4129570092605075 × 10^350 | 4570 | 75 | ½^160.00000000000077 |
| iv_004 | 6.308419254511741 × 10^351 | 4561 | 78 | ½^160.00000000000088 |
| iv_008 | 2.2550276377640743 × 10^352 | 4520 | 81 | ½^160.000000000001 |
| iv_010 | 2.9560755191030383 × 10^352 | 4488 | 83 | ½^160.0000000000007 |
| iv_002 | 1.03255727097246 × 10^351 | 4618 | 85 | ½^160.00000000000102 |
| iv_006 | 1.3891931684184386 × 10^352 | 4601 | 87 | ½^160.00000000000082 |
| iv_003 | 2.919134285204498 × 10^351 | 4671 | 87 | ½^160.00000000000085 |
| iv_012 | 3.1752239513417506 × 10^352 | 4785 | 87 | ½^160.0000000000009 |

### Input Bits Sorted by Collision Probability

| Input Bit | Complexity | Occurrences | Output Occurrences | Collision Probability |
|:---------:|:----------:|:-----------:|:------------------:|:---------------------:|
| iv_007 | 1.7929122455006454 × 10^352 | 4326 | 70 | ½^160.00000000000068 |
| iv_011 | 3.1423426468108866 × 10^352 | 4664 | 63 | ½^160.00000000000068 |
| iv_005 | 1.0074271737136247 × 10^352 | 4615 | 73 | ½^160.0000000000007 |
| iv_010 | 2.9560755191030383 × 10^352 | 4488 | 83 | ½^160.0000000000007 |
| iv_009 | 2.802425437257806 × 10^352 | 4678 | 74 | ½^160.0000000000007 |
| iv_001 | 2.4129570092605075 × 10^350 | 4570 | 75 | ½^160.00000000000077 |
| iv_006 | 1.3891931684184386 × 10^352 | 4601 | 87 | ½^160.00000000000082 |
| iv_003 | 2.919134285204498 × 10^351 | 4671 | 87 | ½^160.00000000000085 |
| iv_004 | 6.308419254511741 × 10^351 | 4561 | 78 | ½^160.00000000000088 |
| iv_012 | 3.1752239513417506 × 10^352 | 4785 | 87 | ½^160.0000000000009 |
| iv_008 | 2.2550276377640743 × 10^352 | 4520 | 81 | ½^160.000000000001 |
| iv_002 | 1.03255727097246 × 10^351 | 4618 | 85 | ½^160.00000000000102 |

## Input Bit/Output Bit Collision Probabilities

| Input Bit | Output Bit | Collision Probability |
|:---------:|:----------:|:---------------------:|
| iv_009 | ov_137 | 0.500000000000004 |
| iv_005 | ov_013 | 0.5000000000000039 |
| iv_007 | ov_058 | 0.5000000000000033 |
| iv_004 | ov_150 | 0.5000000000000022 |
| iv_008 | ov_123 | 0.500000000000002 |
| iv_001 | ov_041 | 0.5000000000000018 |
| iv_001 | ov_057 | 0.5000000000000018 |
| iv_001 | ov_071 | 0.5000000000000018 |
| iv_007 | lv_80_m31 | 0.5000000000000018 |
| iv_007 | ov_110 | 0.5000000000000018 |
| iv_007 | ov_137 | 0.5000000000000018 |
| iv_005 | ov_134 | 0.5000000000000017 |

## Input Bit Co-occurrences

### Input Bit Co-occurrences Sorted by Co-occurrences

| Input Bits | Co-occurrences | Potential Occurrences | Output Co-occurrences | Potential Output Occurrences |
|:----------:|:--------------:|:---------------------:|:---------------------:|:----------------------------:|
| iv_004-iv_005 | 2369 | 4438 | 42 | 67 |
| iv_011-iv_012 | 2350 | 4749 | 31 | 88 |
| iv_008-iv_009 | 2338 | 4522 | 34 | 87 |
| iv_002-iv_003 | 2315 | 4659 | 43 | 86 |
| iv_002-iv_012 | 2248 | 4907 | 41 | 90 |
| iv_009-iv_012 | 2245 | 4973 | 48 | 65 |
| iv_001-iv_003 | 2228 | 4785 | 44 | 74 |
| iv_010-iv_012 | 2226 | 4821 | 43 | 84 |
| iv_001-iv_006 | 2223 | 4725 | 47 | 68 |
| iv_001-iv_002 | 2217 | 4754 | 40 | 80 |
| iv_002-iv_006 | 2215 | 4789 | 45 | 82 |
| iv_003-iv_005 | 2200 | 4886 | 37 | 86 |

### Input Bit Co-occurrences Sorted by Potential Occurrences

| Input Bits | Co-occurrences | Potential Occurrences | Output Co-occurrences | Potential Output Occurrences |
|:----------:|:--------------:|:---------------------:|:---------------------:|:----------------------------:|
| iv_004-iv_005 | 2369 | 4438 | 42 | 67 |
| iv_008-iv_009 | 2338 | 4522 | 34 | 87 |
| iv_002-iv_007 | 2199 | 4546 | 43 | 69 |
| iv_002-iv_003 | 2315 | 4659 | 43 | 86 |
| iv_006-iv_007 | 2113 | 4701 | 37 | 83 |
| iv_005-iv_010 | 2198 | 4707 | 34 | 88 |
| iv_001-iv_006 | 2223 | 4725 | 47 | 68 |
| iv_001-iv_007 | 2084 | 4728 | 34 | 77 |
| iv_011-iv_012 | 2350 | 4749 | 31 | 88 |
| iv_001-iv_002 | 2217 | 4754 | 40 | 80 |
| iv_007-iv_010 | 2028 | 4758 | 32 | 89 |
| iv_001-iv_003 | 2228 | 4785 | 44 | 74 |

### Input Bit Output Co-occurrences Sorted by Output Co-occurrences

| Input Bits | Co-occurrences | Potential Occurrences | Output Co-occurrences | Potential Output Occurrences |
|:----------:|:--------------:|:---------------------:|:---------------------:|:----------------------------:|
| iv_003-iv_006 | 2178 | 4916 | 50 | 74 |
| iv_006-iv_010 | 2105 | 4879 | 48 | 74 |
| iv_009-iv_012 | 2245 | 4973 | 48 | 65 |
| iv_006-iv_008 | 2084 | 4953 | 47 | 74 |
| iv_003-iv_012 | 2179 | 5098 | 47 | 80 |
| iv_001-iv_006 | 2223 | 4725 | 47 | 68 |
| iv_006-iv_012 | 2163 | 5060 | 47 | 80 |
| iv_008-iv_010 | 2065 | 4878 | 46 | 72 |
| iv_002-iv_010 | 2114 | 4878 | 46 | 76 |
| iv_008-iv_012 | 2085 | 5135 | 46 | 76 |
| iv_002-iv_006 | 2215 | 4789 | 45 | 82 |
| iv_006-iv_009 | 2076 | 5127 | 44 | 73 |

### Input Bit Output Co-occurrences Sorted by Potential Output Occurrences

| Input Bits | Co-occurrences | Potential Occurrences | Output Co-occurrences | Potential Output Occurrences |
|:----------:|:--------------:|:---------------------:|:---------------------:|:----------------------------:|
| iv_009-iv_012 | 2245 | 4973 | 48 | 65 |
| iv_004-iv_005 | 2369 | 4438 | 42 | 67 |
| iv_005-iv_009 | 2172 | 4949 | 40 | 67 |
| iv_001-iv_006 | 2223 | 4725 | 47 | 68 |
| iv_002-iv_007 | 2199 | 4546 | 43 | 69 |
| iv_001-iv_010 | 2109 | 4840 | 44 | 70 |
| iv_002-iv_011 | 2125 | 5032 | 39 | 70 |
| iv_008-iv_010 | 2065 | 4878 | 46 | 72 |
| iv_006-iv_009 | 2076 | 5127 | 44 | 73 |
| iv_009-iv_010 | 2176 | 4814 | 42 | 73 |
| iv_006-iv_008 | 2084 | 4953 | 47 | 74 |
| iv_006-iv_010 | 2105 | 4879 | 48 | 74 |

## Output Bits

### Output Bits in Regular Order

| Rank | Output Bit | Complexity |
|:----:|:----------:|:----------:|
| 1 | ov_001 | 2.9821783017901184 × 10^352 |
| 2 | ov_002 | 2.612773133943428 × 10^352 |
| 3 | ov_003 | 2.279369188347645 × 10^352 |
| 4 | ov_004 | 1.97865229308266 × 10^352 |
| 5 | ov_005 | 1.7074973589597129 × 10^352 |
| 6 | ov_006 | 1.4629548746703238 × 10^352 |
| 7 | ov_007 | 1.2435923879097377 × 10^352 |
| 8 | ov_008 | 1.0480564187897755 × 10^352 |
| 9 | ov_009 | 8.750675128346739 × 10^351 |
| 10 | ov_010 | 7.234159409459499 × 10^351 |
| 11 | ov_011 | 5.919580085046662 × 10^351 |
| 12 | ov_012 | 4.796129303800455 × 10^351 |
| 13 | ov_013 | 3.8439785447059586 × 10^351 |
| 14 | ov_014 | 3.0444441614675886 × 10^351 |
| 15 | ov_015 | 2.379955381191418 × 10^351 |
| 16 | ov_016 | 1.834028665089005 × 10^351 |
| 17 | ov_017 | 1.391247509111463 × 10^351 |
| 18 | ov_018 | 1.0372468381348209 × 10^351 |
| 19 | ov_019 | 7.58701221924932 × 10^350 |
| 20 | ov_020 | 5.433162148834533 × 10^350 |
| 21 | ov_021 | 3.798221947458632 × 10^350 |
| 22 | ov_022 | 2.5797014815707156 × 10^350 |
| 23 | ov_023 | 1.6852892353828255 × 10^350 |
| 24 | ov_024 | 1.0328354398962012 × 10^350 |
| 25 | ov_025 | 5.838040849849882 × 10^349 |
| 26 | ov_026 | 3.0473353786861896 × 10^349 |
| 27 | ov_027 | 1.439180917011986 × 10^349 |
| 28 | ov_028 | 5.979593106966212 × 10^348 |
| 29 | ov_029 | 2.094883328379154 × 10^348 |
| 30 | ov_030 | 5.76540537700392 × 10^347 |
| 31 | ov_031 | 1.127959732982258 × 10^347 |
| 32 | lv_80_m31 | 2.2068128953563475 × 10^346 |
| 33 | ov_033 | 2.756751403383061 × 10^347 |
| 34 | ov_034 | 2.4200637801549774 × 10^347 |
| 35 | ov_035 | 2.117017257261131 × 10^347 |
| 36 | ov_036 | 1.8443891139991323 × 10^347 |
| 37 | ov_037 | 1.5991545399685218 × 10^347 |
| 38 | ov_038 | 1.378473250152952 × 10^347 |
| 39 | ov_039 | 1.1796772912493888 × 10^347 |
| 40 | ov_040 | 1.0014743176938706 × 10^347 |
| 41 | ov_041 | 8.42649985882718 × 10^346 |
| 42 | ov_042 | 7.020632106187791 × 10^346 |
| 43 | ov_043 | 5.7864190881790354 × 10^346 |
| 44 | ov_044 | 4.713792019630419 × 10^346 |
| 45 | ov_045 | 3.7933004950929335 × 10^346 |
| 46 | ov_046 | 3.016082860122849 × 10^346 |
| 47 | ov_047 | 2.366082126526872 × 10^346 |
| 48 | ov_048 | 1.8283032693893985 × 10^346 |
| 49 | ov_049 | 1.3887779872473684 × 10^346 |
| 50 | ov_050 | 1.0345351692214595 × 10^346 |
| 51 | ov_051 | 7.535765522995632 × 10^345 |
| 52 | ov_052 | 5.348570533763116 × 10^345 |
| 53 | ov_053 | 3.682692615280307 × 10^345 |
| 54 | ov_054 | 2.4463157651240256 × 10^345 |
| 55 | ov_055 | 1.556794797571806 × 10^345 |
| 56 | ov_056 | 9.405942423859111 × 10^344 |
| 57 | ov_057 | 5.332482971253367 × 10^344 |
| 58 | ov_058 | 2.793367403864561 × 10^344 |
| 59 | ov_059 | 1.3247196428623974 × 10^344 |
| 60 | ov_060 | 5.5292935645089004 × 10^343 |
| 61 | ov_061 | 1.946287931469653 × 10^343 |
| 62 | ov_062 | 5.381492583656898 × 10^342 |
| 63 | ov_063 | 1.0579902540588535 × 10^342 |
| 64 | lv_79_m31 | 2.0797899137940332 × 10^341 |
| 65 | ov_065 | 2.85152173969353 × 10^342 |
| 66 | ov_066 | 2.8514346438390633 × 10^342 |
| 67 | ov_067 | 2.851406645519601 × 10^342 |
| 68 | ov_068 | 2.564325524617034 × 10^342 |
| 69 | ov_069 | 2.298785659618435 × 10^342 |
| 70 | ov_070 | 2.0535512500215772 × 10^342 |
| 71 | ov_071 | 1.8274769624243025 × 10^342 |
| 72 | ov_072 | 1.6194979708018154 × 10^342 |
| 73 | ov_073 | 1.4286205433268063 × 10^342 |
| 74 | ov_074 | 1.2539131451834912 × 10^342 |
| 75 | ov_075 | 1.0944980283180621 × 10^342 |
| 76 | ov_076 | 9.49543381982008 × 10^341 |
| 77 | ov_077 | 8.182562144073245 × 10^341 |
| 78 | ov_078 | 6.998760229122011 × 10^341 |
| 79 | ov_079 | 5.936692030468198 × 10^341 |
| 80 | ov_080 | 4.989241484817873 × 10^341 |
| 81 | ov_081 | 4.149469941909361 × 10^341 |
| 82 | ov_082 | 3.41057956123105 × 10^341 |
| 83 | ov_083 | 2.7658822103102245 × 10^341 |
| 84 | ov_084 | 2.2087734046334826 × 10^341 |
| 85 | ov_085 | 1.7327108315809962 × 10^341 |
| 86 | ov_086 | 1.3311970022802554 × 10^341 |
| 87 | ov_087 | 9.977655762297251 × 10^340 |
| 88 | ov_088 | 7.259709040963045 × 10^340 |
| 89 | ov_089 | 5.093803343873305 × 10^340 |
| 90 | ov_090 | 3.41568829829545 × 10^340 |
| 91 | ov_091 | 2.1611543933898522 × 10^340 |
| 92 | ov_092 | 1.2660117529431907 × 10^340 |
| 93 | ov_093 | 6.660786827544784 × 10^339 |
| 94 | ov_094 | 2.9717629574541863 × 10^339 |
| 95 | aaa_78_28 | 9.512644276959288 × 10^338 |
| 96 | aaa_78_29 | 3.5802024197946505 × 10^338 |
| 97 | ov_097 | 3.4749602845918845 × 10^338 |
| 98 | ov_098 | 3.4749502714629786 × 10^338 |
| 99 | ov_099 | 3.474947840095923 × 10^338 |
| 100 | ov_100 | 3.0500602288127755 × 10^338 |
| 101 | ov_101 | 2.6668246852746306 × 10^338 |
| 102 | ov_102 | 2.321482210701894 × 10^338 |
| 103 | ov_103 | 2.0104900553909566 × 10^338 |
| 104 | ov_104 | 1.7305068607410512 × 10^338 |
| 105 | ov_105 | 1.478379390675123 × 10^338 |
| 106 | ov_106 | 1.2525764948620785 × 10^338 |
| 107 | ov_107 | 1.0516524161733298 × 10^338 |
| 108 | ov_108 | 8.742419053781212 × 10^337 |
| 109 | ov_109 | 7.19055943165436 × 10^337 |
| 110 | ov_110 | 5.848780227837645 × 10^337 |
| 111 | ov_111 | 4.705609493627398 × 10^337 |
| 112 | ov_112 | 3.7400780466361536 × 10^337 |
| 113 | ov_113 | 2.932483792516049 × 10^337 |
| 114 | ov_114 | 2.264357645008849 × 10^337 |
| 115 | ov_115 | 1.7184364166491956 × 10^337 |
| 116 | ov_116 | 1.2786418311270568 × 10^337 |
| 117 | ov_117 | 9.300646874074526 × 10^336 |
| 118 | ov_118 | 6.58953233101421 × 10^336 |
| 119 | ov_119 | 4.527049029621462 × 10^336 |
| 120 | ov_120 | 2.998606766047075 × 10^336 |
| 121 | ov_121 | 1.9010140768685192 × 10^336 |
| 122 | ov_122 | 1.1424557488313747 × 10^336 |
| 123 | ov_123 | 6.424800305909839 × 10^335 |
| 124 | ov_124 | 3.3199200713792897 × 10^335 |
| 125 | ov_125 | 1.5325054627171374 × 10^335 |
| 126 | ov_126 | 5.9867089319826124 × 10^334 |
| 127 | aaa_77_28 | 1.6805260062756806 × 10^334 |
| 128 | aaa_77_29 | 5.125240349391605 × 10^333 |
| 129 | ov_129 | 3.133169135365461 × 10^333 |
| 130 | ov_130 | 3.133158044837967 × 10^333 |
| 131 | ov_131 | 3.1331553418548486 × 10^333 |
| 132 | ov_132 | 2.7523887250896225 × 10^333 |
| 133 | ov_133 | 2.411899144493726 × 10^333 |
| 134 | ov_134 | 2.107618678998223 × 10^333 |
| 135 | ov_135 | 1.8357159053225954 × 10^333 |
| 136 | ov_136 | 1.5925791997125282 × 10^333 |
| 137 | ov_137 | 1.3748018097006428 × 10^333 |
| 138 | ov_138 | 1.1791685792097065 × 10^333 |
| 139 | ov_139 | 1.0041182697223078 × 10^333 |
| 140 | ov_140 | 8.481768279740564 × 10^332 |
| 141 | ov_141 | 7.099525857967859 × 10^332 |
| 142 | ov_142 | 5.881321055078896 × 10^332 |
| 143 | ov_143 | 4.814766254862781 × 10^332 |
| 144 | ov_144 | 3.888190632493467 × 10^332 |
| 145 | ov_145 | 3.090615359801865 × 10^332 |
| 146 | ov_146 | 2.4117335299235672 × 10^332 |
| 147 | ov_147 | 1.8418942171178592 × 10^332 |
| 148 | ov_148 | 1.3720900518795148 × 10^332 |
| 149 | ov_149 | 9.939477428069679 × 10^331 |
| 150 | ov_150 | 6.997210279669035 × 10^331 |
| 151 | ov_151 | 4.757796798979468 × 10^331 |
| 152 | ov_152 | 3.0972793525290147 × 10^331 |
| 153 | ov_153 | 1.9040066442721188 × 10^331 |
| 154 | ov_154 | 1.078610250865169 × 10^331 |
| 155 | ov_155 | 5.339912592042143 × 10^330 |
| 156 | aaa_76_25 | 1.95313472924602 × 10^330 |
| 157 | aaa_76_26 | 1.022677761119057 × 10^330 |
| 158 | aaa_76_27 | 4.728294217760327 × 10^329 |
| 159 | aaa_76_28 | 1.8505609269332906 × 10^329 |
| 160 | aaa_76_29 | 5.6603227242828144 × 10^328 |

### Output Bits Sorted by Complexity

| Rank | Output Bit | Complexity |
|:----:|:----------:|:----------:|
| 160 | aaa_76_29 | 5.6603227242828144 × 10^328 |
| 159 | aaa_76_28 | 1.8505609269332906 × 10^329 |
| 158 | aaa_76_27 | 4.728294217760327 × 10^329 |
| 157 | aaa_76_26 | 1.022677761119057 × 10^330 |
| 156 | aaa_76_25 | 1.95313472924602 × 10^330 |
| 155 | ov_155 | 5.339912592042143 × 10^330 |
| 154 | ov_154 | 1.078610250865169 × 10^331 |
| 153 | ov_153 | 1.9040066442721188 × 10^331 |
| 152 | ov_152 | 3.0972793525290147 × 10^331 |
| 151 | ov_151 | 4.757796798979468 × 10^331 |
| 150 | ov_150 | 6.997210279669035 × 10^331 |
| 149 | ov_149 | 9.939477428069679 × 10^331 |
| 148 | ov_148 | 1.3720900518795148 × 10^332 |
| 147 | ov_147 | 1.8418942171178592 × 10^332 |
| 146 | ov_146 | 2.4117335299235672 × 10^332 |
| 145 | ov_145 | 3.090615359801865 × 10^332 |
| 144 | ov_144 | 3.888190632493467 × 10^332 |
| 143 | ov_143 | 4.814766254862781 × 10^332 |
| 142 | ov_142 | 5.881321055078896 × 10^332 |
| 141 | ov_141 | 7.099525857967859 × 10^332 |
| 140 | ov_140 | 8.481768279740564 × 10^332 |
| 139 | ov_139 | 1.0041182697223078 × 10^333 |
| 138 | ov_138 | 1.1791685792097065 × 10^333 |
| 137 | ov_137 | 1.3748018097006428 × 10^333 |
| 136 | ov_136 | 1.5925791997125282 × 10^333 |
| 135 | ov_135 | 1.8357159053225954 × 10^333 |
| 134 | ov_134 | 2.107618678998223 × 10^333 |
| 133 | ov_133 | 2.411899144493726 × 10^333 |
| 132 | ov_132 | 2.7523887250896225 × 10^333 |
| 131 | ov_131 | 3.1331553418548486 × 10^333 |
| 130 | ov_130 | 3.133158044837967 × 10^333 |
| 129 | ov_129 | 3.133169135365461 × 10^333 |
| 128 | aaa_77_29 | 5.125240349391605 × 10^333 |
| 127 | aaa_77_28 | 1.6805260062756806 × 10^334 |
| 126 | ov_126 | 5.9867089319826124 × 10^334 |
| 125 | ov_125 | 1.5325054627171374 × 10^335 |
| 124 | ov_124 | 3.3199200713792897 × 10^335 |
| 123 | ov_123 | 6.424800305909839 × 10^335 |
| 122 | ov_122 | 1.1424557488313747 × 10^336 |
| 121 | ov_121 | 1.9010140768685192 × 10^336 |
| 120 | ov_120 | 2.998606766047075 × 10^336 |
| 119 | ov_119 | 4.527049029621462 × 10^336 |
| 118 | ov_118 | 6.58953233101421 × 10^336 |
| 117 | ov_117 | 9.300646874074526 × 10^336 |
| 116 | ov_116 | 1.2786418311270568 × 10^337 |
| 115 | ov_115 | 1.7184364166491956 × 10^337 |
| 114 | ov_114 | 2.264357645008849 × 10^337 |
| 113 | ov_113 | 2.932483792516049 × 10^337 |
| 112 | ov_112 | 3.7400780466361536 × 10^337 |
| 111 | ov_111 | 4.705609493627398 × 10^337 |
| 110 | ov_110 | 5.848780227837645 × 10^337 |
| 109 | ov_109 | 7.19055943165436 × 10^337 |
| 108 | ov_108 | 8.742419053781212 × 10^337 |
| 107 | ov_107 | 1.0516524161733298 × 10^338 |
| 106 | ov_106 | 1.2525764948620785 × 10^338 |
| 105 | ov_105 | 1.478379390675123 × 10^338 |
| 104 | ov_104 | 1.7305068607410512 × 10^338 |
| 103 | ov_103 | 2.0104900553909566 × 10^338 |
| 102 | ov_102 | 2.321482210701894 × 10^338 |
| 101 | ov_101 | 2.6668246852746306 × 10^338 |
| 100 | ov_100 | 3.0500602288127755 × 10^338 |
| 99 | ov_099 | 3.474947840095923 × 10^338 |
| 98 | ov_098 | 3.4749502714629786 × 10^338 |
| 97 | ov_097 | 3.4749602845918845 × 10^338 |
| 96 | aaa_78_29 | 3.5802024197946505 × 10^338 |
| 95 | aaa_78_28 | 9.512644276959288 × 10^338 |
| 94 | ov_094 | 2.9717629574541863 × 10^339 |
| 93 | ov_093 | 6.660786827544784 × 10^339 |
| 92 | ov_092 | 1.2660117529431907 × 10^340 |
| 91 | ov_091 | 2.1611543933898522 × 10^340 |
| 90 | ov_090 | 3.41568829829545 × 10^340 |
| 89 | ov_089 | 5.093803343873305 × 10^340 |
| 88 | ov_088 | 7.259709040963045 × 10^340 |
| 87 | ov_087 | 9.977655762297251 × 10^340 |
| 86 | ov_086 | 1.3311970022802554 × 10^341 |
| 85 | ov_085 | 1.7327108315809962 × 10^341 |
| 64 | lv_79_m31 | 2.0797899137940332 × 10^341 |
| 84 | ov_084 | 2.2087734046334826 × 10^341 |
| 83 | ov_083 | 2.7658822103102245 × 10^341 |
| 82 | ov_082 | 3.41057956123105 × 10^341 |
| 81 | ov_081 | 4.149469941909361 × 10^341 |
| 80 | ov_080 | 4.989241484817873 × 10^341 |
| 79 | ov_079 | 5.936692030468198 × 10^341 |
| 78 | ov_078 | 6.998760229122011 × 10^341 |
| 77 | ov_077 | 8.182562144073245 × 10^341 |
| 76 | ov_076 | 9.49543381982008 × 10^341 |
| 63 | ov_063 | 1.0579902540588535 × 10^342 |
| 75 | ov_075 | 1.0944980283180621 × 10^342 |
| 74 | ov_074 | 1.2539131451834912 × 10^342 |
| 73 | ov_073 | 1.4286205433268063 × 10^342 |
| 72 | ov_072 | 1.6194979708018154 × 10^342 |
| 71 | ov_071 | 1.8274769624243025 × 10^342 |
| 70 | ov_070 | 2.0535512500215772 × 10^342 |
| 69 | ov_069 | 2.298785659618435 × 10^342 |
| 68 | ov_068 | 2.564325524617034 × 10^342 |
| 67 | ov_067 | 2.851406645519601 × 10^342 |
| 66 | ov_066 | 2.8514346438390633 × 10^342 |
| 65 | ov_065 | 2.85152173969353 × 10^342 |
| 62 | ov_062 | 5.381492583656898 × 10^342 |
| 61 | ov_061 | 1.946287931469653 × 10^343 |
| 60 | ov_060 | 5.5292935645089004 × 10^343 |
| 59 | ov_059 | 1.3247196428623974 × 10^344 |
| 58 | ov_058 | 2.793367403864561 × 10^344 |
| 57 | ov_057 | 5.332482971253367 × 10^344 |
| 56 | ov_056 | 9.405942423859111 × 10^344 |
| 55 | ov_055 | 1.556794797571806 × 10^345 |
| 54 | ov_054 | 2.4463157651240256 × 10^345 |
| 53 | ov_053 | 3.682692615280307 × 10^345 |
| 52 | ov_052 | 5.348570533763116 × 10^345 |
| 51 | ov_051 | 7.535765522995632 × 10^345 |
| 50 | ov_050 | 1.0345351692214595 × 10^346 |
| 49 | ov_049 | 1.3887779872473684 × 10^346 |
| 48 | ov_048 | 1.8283032693893985 × 10^346 |
| 32 | lv_80_m31 | 2.2068128953563475 × 10^346 |
| 47 | ov_047 | 2.366082126526872 × 10^346 |
| 46 | ov_046 | 3.016082860122849 × 10^346 |
| 45 | ov_045 | 3.7933004950929335 × 10^346 |
| 44 | ov_044 | 4.713792019630419 × 10^346 |
| 43 | ov_043 | 5.7864190881790354 × 10^346 |
| 42 | ov_042 | 7.020632106187791 × 10^346 |
| 41 | ov_041 | 8.42649985882718 × 10^346 |
| 40 | ov_040 | 1.0014743176938706 × 10^347 |
| 31 | ov_031 | 1.127959732982258 × 10^347 |
| 39 | ov_039 | 1.1796772912493888 × 10^347 |
| 38 | ov_038 | 1.378473250152952 × 10^347 |
| 37 | ov_037 | 1.5991545399685218 × 10^347 |
| 36 | ov_036 | 1.8443891139991323 × 10^347 |
| 35 | ov_035 | 2.117017257261131 × 10^347 |
| 34 | ov_034 | 2.4200637801549774 × 10^347 |
| 33 | ov_033 | 2.756751403383061 × 10^347 |
| 30 | ov_030 | 5.76540537700392 × 10^347 |
| 29 | ov_029 | 2.094883328379154 × 10^348 |
| 28 | ov_028 | 5.979593106966212 × 10^348 |
| 27 | ov_027 | 1.439180917011986 × 10^349 |
| 26 | ov_026 | 3.0473353786861896 × 10^349 |
| 25 | ov_025 | 5.838040849849882 × 10^349 |
| 24 | ov_024 | 1.0328354398962012 × 10^350 |
| 23 | ov_023 | 1.6852892353828255 × 10^350 |
| 22 | ov_022 | 2.5797014815707156 × 10^350 |
| 21 | ov_021 | 3.798221947458632 × 10^350 |
| 20 | ov_020 | 5.433162148834533 × 10^350 |
| 19 | ov_019 | 7.58701221924932 × 10^350 |
| 18 | ov_018 | 1.0372468381348209 × 10^351 |
| 17 | ov_017 | 1.391247509111463 × 10^351 |
| 16 | ov_016 | 1.834028665089005 × 10^351 |
| 15 | ov_015 | 2.379955381191418 × 10^351 |
| 14 | ov_014 | 3.0444441614675886 × 10^351 |
| 13 | ov_013 | 3.8439785447059586 × 10^351 |
| 12 | ov_012 | 4.796129303800455 × 10^351 |
| 11 | ov_011 | 5.919580085046662 × 10^351 |
| 10 | ov_010 | 7.234159409459499 × 10^351 |
| 9 | ov_009 | 8.750675128346739 × 10^351 |
| 8 | ov_008 | 1.0480564187897755 × 10^352 |
| 7 | ov_007 | 1.2435923879097377 × 10^352 |
| 6 | ov_006 | 1.4629548746703238 × 10^352 |
| 5 | ov_005 | 1.7074973589597129 × 10^352 |
| 4 | ov_004 | 1.97865229308266 × 10^352 |
| 3 | ov_003 | 2.279369188347645 × 10^352 |
| 2 | ov_002 | 2.612773133943428 × 10^352 |
| 1 | ov_001 | 2.9821783017901184 × 10^352 |

