# Results for F001-F002-F003-F004-F005-F006-F007-F008-F009-F010-F011-F012-F013-F014-F015-F016-F017-F018-F019-F020-F021-F022-F023-F024-F025-F026-F027-F028-F029-F030-F031-F032-F033-F034-F035-F036-F037-F038-F039-F040-F041-F042-F043-F044-F045-F046-F047-F048-F049-F050-F051-F052-F053-F054-F055-F056-F057-F058-F059-F060-F061-F062-F063-F064-F065-F066-F067-F068-F069-F070-F071-F072-F073-F074-F075-F076-F077-F078-F079-F080-F081-F082-F083-F084-F085-F086-F087-F088-F089-F090-F091-F092-F093-F094-F095-F096-F097-F098-F099-F100-F101-F102-F103-F104-F105-F106-F107-F108-F109-F110-F111-F112-F113-F114-F115-F116-F117-F118-F119-F120-F121-F122-F123-F124-F125-F126-F127-F128-F129-F130-F131-F132-F133-F134-F135-F136-F137-F138-F139-F140-F141-F142-F143-F144-F145-F146-F147-F148-F149-F150-F151-F152-F153-F154-F155-F156-F157-F158-F159-F160-F161-F162-F163-F164-F165-F166-F167-F168-F169-F170-F171-F172-F173-F174-F175-F176-F177-F178-F179-F180-F181-F182-F183-F184-F185-F186-F187-F188-F189-F190-F191-F192-F193-F194-F195-F196-F197-F198-F199-F200-F201-F202-F203-F204-F205-F206-F207-F208-F209-F210-F211-F212-F213-F214-F215-F216-F217-F218-F219-F220-F221-F222-F223-F224-F225-F226-F227-F228-F229-F230-F231-F232-F233-F234-F235-F236-F237-F238-F239-F240-F241-F242-F243-F244-F245-F246-F247-F248-F249-F250-F251-F252-F253-F254-F255-F256-F257-F258-F259-F260-F261-F262-F263-F264-F265-F266-F267-F268-F269-F270-F271-F272-F273-F274-F275-F276-F277-F278-F279-F280-F281-F282-F283-F284-F285-F286-F287-F288-F289-F290-F291-F292-F293-F294-F295-F296-F297-F298-F299-F300-F301-F302-F303-F304-F305-F306-F307-F308-F309-F310-F311-F312-F313-F314-F315-F316-F317-F318-F319-F320-F321-F322-F323-F324-F325-F326-F327-F328-F329-F330-F331-F332-F333-F334-F335-F336-F337-F338-F339-F340-F341-F342-F343-F344-F345-F346-F347-F348-F349-F350-F351-F352-F353-F354-F355-F356-F357-F358-F359-F360-F361-F362-F363-F364-F365-F366-F367-F368-F369-F370-F371-F372-F373-F374-F375-F376-F377-F378-F379-F380-F381-F382-F383-F384-F385-F386-F387-F388-F389-F390-F391-F392-F393-F394-F395-F396-F397-F398-F399-F400-F401-F402-F403-F404-F405-F406-F407-F408-F409-F410-F411-F412-F413-F414-F415-F416-F417-F418-F419-F420-F421-F422-F423-F424-F425-F426-F427-F428-F429-F430-F431-F432-F433-F434-F435-F436-F437-F438-F439-F440-F441-F442-F443-F444-F445-F446-F447-F448-F449-F450-F451-F452-F453-F454-F455-F456-F457-F458-F459-F460-F461-F462-F463-F464-F465-F466-F467-F468-F469-F470-F471-F472-F473-F474-F475-F476-F477-F478-F479-F480-F481-F482-F483-F484-F485-F486-F487-F488-F489-F490-F491-F492-F493-F494-F495-F496-T507-F510-F511-F512

## Summary

Number of input bits: 512  
Number of free input bits: 12  
Number of output bits: 160

Number of direct occurrences: 49327  
Number of assignments: 31614  
Number of operations: 11624489
(xor: 11595388,
and: 15643,
or: 13458)

Total complexity: 5.974655559245722 × 10^305

Least occurring input variable: iv_498 (3994)  
Most occurring input variable: iv_509 (4324)

Most co-occurring input variables: iv_508-iv_509 (2117)  
Least co-occurring input variables: iv_499-iv_506 (1796)

Potentially most occurring input variable: iv_503/iv_508 (4524)  
Potentially least occurring input variable: iv_504/iv_505 (4129)

Least output occurring input variable: iv_500 (69)  
Most output occurring input variable: iv_504 (89)

Most output co-occurring input variables: iv_504-iv_505 (54)  
Least output co-occurring input variables: iv_500-iv_502 (27)

Potentially most output occurring input variable: iv_499/iv_502 (98)  
Potentially least output occurring input variable: iv_499/iv_500 (61)

Least complex input bit: iv_497 (1.9697998384406585 × 10^303)  
Most complex input bit: iv_505 (1.1686844920525145 × 10^305)

Least complex output bit: aaa_76_29 (2.2015767769554826 × 10^280)  
Most complex output bit: ov_001 (9.475791881164261 × 10^304)

Least complex input/output complexity: iv_497/aaa_76_29 (7.258436133361135 × 10^277)  
Most complex input/output complexity: iv_505/ov_001 (1.8535312892299783 × 10^304)

## Input Bits

### Input Bits in Regular Order

| Input Bit | Complexity | Occurrences | Output Occurrences |
|:---------:|:----------:|:-----------:|:------------------:|
| iv_497 | 1.9697998384406585 × 10^303 | 4067 | 76 |
| iv_498 | 3.9214916859341184 × 10^303 | 3994 | 79 |
| iv_499 | 6.892116979133839 × 10^303 | 4006 | 88 |
| iv_500 | 1.157611667713675 × 10^304 | 4040 | 69 |
| iv_501 | 1.9063294169276234 × 10^304 | 4100 | 85 |
| iv_502 | 3.0799224058693937 × 10^304 | 4120 | 76 |
| iv_503 | 4.893847227900079 × 10^304 | 4137 | 85 |
| iv_504 | 7.629409881142887 × 10^304 | 4047 | 89 |
| iv_505 | 1.1686844920525145 × 10^305 | 4148 | 85 |
| iv_506 | 5.916064398083087 × 10^304 | 4025 | 82 |
| iv_508 | 1.1015516333018323 × 10^305 | 4319 | 75 |
| iv_509 | 1.118266849092627 × 10^305 | 4324 | 81 |

### Input Bits Sorted by Complexity

| Input Bit | Complexity | Occurrences | Output Occurrences |
|:---------:|:----------:|:-----------:|:------------------:|
| iv_497 | 1.9697998384406585 × 10^303 | 4067 | 76 |
| iv_498 | 3.9214916859341184 × 10^303 | 3994 | 79 |
| iv_499 | 6.892116979133839 × 10^303 | 4006 | 88 |
| iv_500 | 1.157611667713675 × 10^304 | 4040 | 69 |
| iv_501 | 1.9063294169276234 × 10^304 | 4100 | 85 |
| iv_502 | 3.0799224058693937 × 10^304 | 4120 | 76 |
| iv_503 | 4.893847227900079 × 10^304 | 4137 | 85 |
| iv_506 | 5.916064398083087 × 10^304 | 4025 | 82 |
| iv_504 | 7.629409881142887 × 10^304 | 4047 | 89 |
| iv_508 | 1.1015516333018323 × 10^305 | 4319 | 75 |
| iv_509 | 1.118266849092627 × 10^305 | 4324 | 81 |
| iv_505 | 1.1686844920525145 × 10^305 | 4148 | 85 |

### Input Bits Sorted by Occurrences

| Input Bit | Complexity | Occurrences | Output Occurrences |
|:---------:|:----------:|:-----------:|:------------------:|
| iv_498 | 3.9214916859341184 × 10^303 | 3994 | 79 |
| iv_499 | 6.892116979133839 × 10^303 | 4006 | 88 |
| iv_506 | 5.916064398083087 × 10^304 | 4025 | 82 |
| iv_500 | 1.157611667713675 × 10^304 | 4040 | 69 |
| iv_504 | 7.629409881142887 × 10^304 | 4047 | 89 |
| iv_497 | 1.9697998384406585 × 10^303 | 4067 | 76 |
| iv_501 | 1.9063294169276234 × 10^304 | 4100 | 85 |
| iv_502 | 3.0799224058693937 × 10^304 | 4120 | 76 |
| iv_503 | 4.893847227900079 × 10^304 | 4137 | 85 |
| iv_505 | 1.1686844920525145 × 10^305 | 4148 | 85 |
| iv_508 | 1.1015516333018323 × 10^305 | 4319 | 75 |
| iv_509 | 1.118266849092627 × 10^305 | 4324 | 81 |

### Input Bits Sorted by Output Occurrences

| Input Bit | Complexity | Occurrences | Output Occurrences |
|:---------:|:----------:|:-----------:|:------------------:|
| iv_500 | 1.157611667713675 × 10^304 | 4040 | 69 |
| iv_508 | 1.1015516333018323 × 10^305 | 4319 | 75 |
| iv_497 | 1.9697998384406585 × 10^303 | 4067 | 76 |
| iv_502 | 3.0799224058693937 × 10^304 | 4120 | 76 |
| iv_498 | 3.9214916859341184 × 10^303 | 3994 | 79 |
| iv_509 | 1.118266849092627 × 10^305 | 4324 | 81 |
| iv_506 | 5.916064398083087 × 10^304 | 4025 | 82 |
| iv_501 | 1.9063294169276234 × 10^304 | 4100 | 85 |
| iv_503 | 4.893847227900079 × 10^304 | 4137 | 85 |
| iv_505 | 1.1686844920525145 × 10^305 | 4148 | 85 |
| iv_499 | 6.892116979133839 × 10^303 | 4006 | 88 |
| iv_504 | 7.629409881142887 × 10^304 | 4047 | 89 |

## Input Bit Co-occurrences

### Input Bit Co-occurrences Sorted by Co-occurrences

| Input Bits | Co-occurrences | Potential Occurrences | Output Co-occurrences | Potential Output Occurrences |
|:----------:|:--------------:|:---------------------:|:---------------------:|:----------------------------:|
| iv_508-iv_509 | 2117 | 4409 | 40 | 76 |
| iv_505-iv_508 | 2061 | 4345 | 45 | 70 |
| iv_502-iv_508 | 2061 | 4317 | 38 | 75 |
| iv_504-iv_505 | 2033 | 4129 | 54 | 66 |
| iv_503-iv_509 | 2029 | 4403 | 47 | 72 |
| iv_502-iv_505 | 2020 | 4228 | 40 | 81 |
| iv_501-iv_509 | 2008 | 4408 | 44 | 78 |
| iv_504-iv_508 | 2005 | 4356 | 46 | 72 |
| iv_501-iv_502 | 1999 | 4222 | 39 | 83 |
| iv_504-iv_509 | 1996 | 4379 | 45 | 80 |
| iv_499-iv_508 | 1993 | 4339 | 39 | 85 |
| iv_502-iv_509 | 1988 | 4468 | 39 | 79 |

### Input Bit Co-occurrences Sorted by Potential Occurrences

| Input Bits | Co-occurrences | Potential Occurrences | Output Co-occurrences | Potential Output Occurrences |
|:----------:|:--------------:|:---------------------:|:---------------------:|:----------------------------:|
| iv_504-iv_505 | 2033 | 4129 | 54 | 66 |
| iv_499-iv_504 | 1930 | 4193 | 49 | 79 |
| iv_502-iv_504 | 1986 | 4195 | 47 | 71 |
| iv_497-iv_501 | 1983 | 4201 | 47 | 67 |
| iv_504-iv_506 | 1929 | 4214 | 40 | 91 |
| iv_498-iv_506 | 1899 | 4221 | 39 | 83 |
| iv_502-iv_506 | 1962 | 4221 | 42 | 74 |
| iv_501-iv_502 | 1999 | 4222 | 39 | 83 |
| iv_498-iv_504 | 1908 | 4225 | 47 | 74 |
| iv_502-iv_505 | 2020 | 4228 | 40 | 81 |
| iv_500-iv_506 | 1912 | 4241 | 39 | 73 |
| iv_503-iv_506 | 1957 | 4248 | 45 | 77 |

### Input Bit Output Co-occurrences Sorted by Output Co-occurrences

| Input Bits | Co-occurrences | Potential Occurrences | Output Co-occurrences | Potential Output Occurrences |
|:----------:|:--------------:|:---------------------:|:---------------------:|:----------------------------:|
| iv_504-iv_505 | 2033 | 4129 | 54 | 66 |
| iv_499-iv_505 | 1921 | 4312 | 49 | 75 |
| iv_503-iv_505 | 1972 | 4341 | 49 | 72 |
| iv_499-iv_504 | 1930 | 4193 | 49 | 79 |
| iv_499-iv_500 | 1866 | 4314 | 48 | 61 |
| iv_497-iv_501 | 1983 | 4201 | 47 | 67 |
| iv_498-iv_504 | 1908 | 4225 | 47 | 74 |
| iv_503-iv_509 | 2029 | 4403 | 47 | 72 |
| iv_502-iv_504 | 1986 | 4195 | 47 | 71 |
| iv_501-iv_504 | 1940 | 4267 | 46 | 82 |
| iv_503-iv_504 | 1927 | 4330 | 46 | 82 |
| iv_499-iv_501 | 1912 | 4282 | 46 | 81 |

### Input Bit Output Co-occurrences Sorted by Potential Output Occurrences

| Input Bits | Co-occurrences | Potential Occurrences | Output Co-occurrences | Potential Output Occurrences |
|:----------:|:--------------:|:---------------------:|:---------------------:|:----------------------------:|
| iv_499-iv_500 | 1866 | 4314 | 48 | 61 |
| iv_504-iv_505 | 2033 | 4129 | 54 | 66 |
| iv_497-iv_501 | 1983 | 4201 | 47 | 67 |
| iv_497-iv_508 | 1960 | 4466 | 42 | 67 |
| iv_505-iv_508 | 2061 | 4345 | 45 | 70 |
| iv_497-iv_498 | 1825 | 4411 | 42 | 71 |
| iv_502-iv_504 | 1986 | 4195 | 47 | 71 |
| iv_503-iv_505 | 1972 | 4341 | 49 | 72 |
| iv_498-iv_505 | 1922 | 4298 | 46 | 72 |
| iv_504-iv_508 | 2005 | 4356 | 46 | 72 |
| iv_500-iv_508 | 1936 | 4487 | 36 | 72 |
| iv_503-iv_509 | 2029 | 4403 | 47 | 72 |

## Output Bits

### Output Bits in Regular Order

| Rank | Output Bit | Complexity |
|:----:|:----------:|:----------:|
| 1 | ov_001 | 9.475791881164261 × 10^304 |
| 2 | ov_002 | 8.228678997873973 × 10^304 |
| 3 | ov_003 | 7.110463582964462 × 10^304 |
| 4 | ov_004 | 6.111430059142882 × 10^304 |
| 5 | ov_005 | 5.222392278641245 × 10^304 |
| 6 | ov_006 | 4.4346558448025763 × 10^304 |
| 7 | ov_007 | 3.7399853938620135 × 10^304 |
| 8 | ov_008 | 3.1305764278128495 × 10^304 |
| 9 | ov_009 | 2.599031315647309 × 10^304 |
| 10 | ov_010 | 2.1383390469232232 × 10^304 |
| 11 | ov_011 | 1.7418583169143752 × 10^304 |
| 12 | ov_012 | 1.4033035467048853 × 10^304 |
| 13 | ov_013 | 1.11673346521199 × 10^304 |
| 14 | ov_014 | 8.765419033760695 × 10^303 |
| 15 | ov_015 | 6.77450473732209 × 10^303 |
| 16 | ov_016 | 5.1450283134752564 × 10^303 |
| 17 | ov_017 | 3.83060234731123 × 10^303 |
| 18 | ov_018 | 2.7879816121855155 × 10^303 |
| 19 | ov_019 | 1.9770378053255492 × 10^303 |
| 20 | ov_020 | 1.3607411262395985 × 10^303 |
| 21 | ov_021 | 9.051470070172983 × 10^302 |
| 22 | ov_022 | 5.7938665495692296 × 10^302 |
| 23 | ov_023 | 3.5566051106569273 × 10^302 |
| 24 | ov_024 | 2.092339454670728 × 10^302 |
| 25 | ov_025 | 1.1843462240792324 × 10^302 |
| 26 | ov_026 | 6.465105620272248 × 10^301 |
| 27 | ov_027 | 3.233193144691889 × 10^301 |
| 28 | ov_028 | 1.4466583067859249 × 10^301 |
| 29 | ov_029 | 5.574262828630325 × 10^300 |
| 30 | ov_030 | 1.7041213780154635 × 10^300 |
| 31 | ov_031 | 3.324052570846135 × 10^299 |
| 32 | lv_80_m31 | 6.482888334590444 × 10^298 |
| 33 | ov_033 | 7.748954520415466 × 10^299 |
| 34 | ov_034 | 6.720960768217176 × 10^299 |
| 35 | ov_035 | 5.8006740400565005 × 10^299 |
| 36 | ov_036 | 4.979259492052207 × 10^299 |
| 37 | ov_037 | 4.248362255221274 × 10^299 |
| 38 | ov_038 | 3.600073421715493 × 10^299 |
| 39 | ov_039 | 3.0269005602938085 × 10^299 |
| 40 | ov_040 | 2.5251981585376212 × 10^299 |
| 41 | ov_041 | 2.0882343219309932 × 10^299 |
| 42 | ov_042 | 1.7096282571438787 × 10^299 |
| 43 | ov_043 | 1.3862752476943788 × 10^299 |
| 44 | ov_044 | 1.1124532520729995 × 10^299 |
| 45 | ov_045 | 8.827528294275785 × 10^298 |
| 46 | ov_046 | 6.92068744724224 × 10^298 |
| 47 | ov_047 | 5.355933112911933 × 10^298 |
| 48 | ov_048 | 4.0881121082900687 × 10^298 |
| 49 | ov_049 | 3.074955503525318 × 10^298 |
| 50 | ov_050 | 2.2770493484913477 × 10^298 |
| 51 | ov_051 | 1.6578135370540286 × 10^298 |
| 52 | ov_052 | 1.1834869818568777 × 10^298 |
| 53 | ov_053 | 8.231174644956438 × 10^297 |
| 54 | ov_054 | 5.6193006839101784 × 10^297 |
| 55 | ov_055 | 3.7457205845792025 × 10^297 |
| 56 | ov_056 | 2.3848525754099166 × 10^297 |
| 57 | ov_057 | 1.4308893923090312 × 10^297 |
| 58 | ov_058 | 7.91984645257303 × 10^296 |
| 59 | ov_059 | 3.902494806432544 × 10^296 |
| 60 | ov_060 | 1.6175105414811284 × 10^296 |
| 61 | ov_061 | 5.651197569633632 × 10^295 |
| 62 | ov_062 | 1.5505375478368398 × 10^295 |
| 63 | ov_063 | 3.022703994549274 × 10^294 |
| 64 | lv_79_m31 | 5.891283237643415 × 10^293 |
| 65 | ov_065 | 7.02359321442019 × 10^294 |
| 66 | ov_066 | 7.023573711414074 × 10^294 |
| 67 | ov_067 | 7.02356903624405 × 10^294 |
| 68 | ov_068 | 6.085579375545709 × 10^294 |
| 69 | ov_069 | 5.245301604652441 × 10^294 |
| 70 | ov_070 | 4.49550490354481 × 10^294 |
| 71 | ov_071 | 3.8293142044061764 × 10^294 |
| 72 | ov_072 | 3.2401858805187635 × 10^294 |
| 73 | ov_073 | 2.7218877548429824 × 10^294 |
| 74 | ov_074 | 2.268482894150296 × 10^294 |
| 75 | ov_075 | 1.8743166827853757 × 10^294 |
| 76 | ov_076 | 1.5340066972594757 × 10^294 |
| 77 | ov_077 | 1.2424349291178002 × 10^294 |
| 78 | ov_078 | 9.947419290480912 × 10^293 |
| 79 | ov_079 | 7.863224701514212 × 10^293 |
| 80 | ov_080 | 6.1282235280352844 × 10^293 |
| 81 | ov_081 | 4.701359977001643 × 10^293 |
| 82 | ov_082 | 3.54404531388332 × 10^293 |
| 83 | ov_083 | 2.6201419077430534 × 10^293 |
| 84 | ov_084 | 1.8959498636717095 × 10^293 |
| 85 | ov_085 | 1.3401960082111108 × 10^293 |
| 86 | ov_086 | 9.240249938323458 × 10^292 |
| 87 | ov_087 | 6.209922888240957 × 10^292 |
| 88 | ov_088 | 4.07058819124693 × 10^292 |
| 89 | ov_089 | 2.6058702873602364 × 10^292 |
| 90 | ov_090 | 1.6233812541284164 × 10^292 |
| 91 | ov_091 | 9.54702783476538 × 10^291 |
| 92 | ov_092 | 5.216163941674787 × 10^291 |
| 93 | ov_093 | 2.578810574669928 × 10^291 |
| 94 | ov_094 | 1.092312833895425 × 10^291 |
| 95 | aaa_78_28 | 3.3376339065221758 × 10^290 |
| 96 | aaa_78_29 | 1.0080933228165003 × 10^290 |
| 97 | ov_097 | 5.225868348243479 × 10^289 |
| 98 | ov_098 | 5.225829813694838 × 10^289 |
| 99 | ov_099 | 5.225817504598212 × 10^289 |
| 100 | ov_100 | 4.384397507508504 × 10^289 |
| 101 | ov_101 | 3.6501994206052286 × 10^289 |
| 102 | ov_102 | 3.013717452687127 × 10^289 |
| 103 | ov_103 | 2.4659678489342433 × 10^289 |
| 104 | ov_104 | 1.998450846364064 × 10^289 |
| 105 | ov_105 | 1.6031175687897664 × 10^289 |
| 106 | ov_106 | 1.27234141215617 × 10^289 |
| 107 | ov_107 | 9.988934941782035 × 10^288 |
| 108 | ov_108 | 7.759217644519346 × 10^288 |
| 109 | ov_109 | 5.969333928124158 × 10^288 |
| 110 | ov_110 | 4.557800748151656 × 10^288 |
| 111 | ov_111 | 3.4664591393747155 × 10^288 |
| 112 | ov_112 | 2.640375605303557 × 10^288 |
| 113 | ov_113 | 2.0277630778182385 × 10^288 |
| 114 | ov_114 | 1.5799186503978617 × 10^288 |
| 115 | ov_115 | 1.2511754883614853 × 10^288 |
| 116 | ov_116 | 9.988665188621372 × 10^287 |
| 117 | ov_117 | 7.832977023307096 × 10^287 |
| 118 | ov_118 | 6.0152851793849786 × 10^287 |
| 119 | ov_119 | 4.506276321945866 × 10^287 |
| 120 | ov_120 | 3.2766998623463338 × 10^287 |
| 121 | ov_121 | 2.297346986218976 × 10^287 |
| 122 | ov_122 | 1.5390352136228855 × 10^287 |
| 123 | ov_123 | 9.725974993782897 × 10^286 |
| 124 | ov_124 | 5.688748816581345 × 10^286 |
| 125 | ov_125 | 2.987119284860441 × 10^286 |
| 126 | ov_126 | 1.3295441544225105 × 10^286 |
| 127 | aaa_77_28 | 4.244843442315635 × 10^285 |
| 128 | aaa_77_29 | 1.590982251075256 × 10^285 |
| 129 | ov_129 | 1.4709329800646435 × 10^285 |
| 130 | ov_130 | 1.4709286942687385 × 10^285 |
| 131 | ov_131 | 1.4709276587009976 × 10^285 |
| 132 | ov_132 | 1.2749417535867016 × 10^285 |
| 133 | ov_133 | 1.0994095279566127 × 10^285 |
| 134 | ov_134 | 9.427908439058878 × 10^284 |
| 135 | ov_135 | 8.03627290061023 × 10^284 |
| 136 | ov_136 | 6.805363237880475 × 10^284 |
| 137 | ov_137 | 5.722062457918147 × 10^284 |
| 138 | ov_138 | 4.773919262250979 × 10^284 |
| 139 | ov_139 | 3.94911205518053 × 10^284 |
| 140 | ov_140 | 3.2364189711871982 × 10^284 |
| 141 | ov_141 | 2.6251932323006867 × 10^284 |
| 142 | ov_142 | 2.1053431846057537 × 10^284 |
| 143 | ov_143 | 1.6673164009113407 × 10^284 |
| 144 | ov_144 | 1.302087274151354 × 10^284 |
| 145 | ov_145 | 1.0011475634109556 × 10^284 |
| 146 | ov_146 | 7.56499391657379 × 10^283 |
| 147 | ov_147 | 5.60650231348928 × 10^283 |
| 148 | ov_148 | 4.0660945113088095 × 10^283 |
| 149 | ov_149 | 2.878860338207136 × 10^283 |
| 150 | ov_150 | 1.9848713028343248 × 10^283 |
| 151 | ov_151 | 1.329171856093537 × 10^283 |
| 152 | ov_152 | 8.617742375460947 × 10^282 |
| 153 | ov_153 | 5.376552552208493 × 10^282 |
| 154 | ov_154 | 3.167541270787973 × 10^282 |
| 155 | ov_155 | 1.6397106544388186 × 10^282 |
| 156 | aaa_76_25 | 6.299631208277753 × 10^281 |
| 157 | aaa_76_26 | 3.6367935821757166 × 10^281 |
| 158 | aaa_76_27 | 1.860991254958323 × 10^281 |
| 159 | aaa_76_28 | 7.242543451211628 × 10^280 |
| 160 | aaa_76_29 | 2.2015767769554826 × 10^280 |

### Output Bits Sorted by Complexity

| Rank | Output Bit | Complexity |
|:----:|:----------:|:----------:|
| 160 | aaa_76_29 | 2.2015767769554826 × 10^280 |
| 159 | aaa_76_28 | 7.242543451211628 × 10^280 |
| 158 | aaa_76_27 | 1.860991254958323 × 10^281 |
| 157 | aaa_76_26 | 3.6367935821757166 × 10^281 |
| 156 | aaa_76_25 | 6.299631208277753 × 10^281 |
| 155 | ov_155 | 1.6397106544388186 × 10^282 |
| 154 | ov_154 | 3.167541270787973 × 10^282 |
| 153 | ov_153 | 5.376552552208493 × 10^282 |
| 152 | ov_152 | 8.617742375460947 × 10^282 |
| 151 | ov_151 | 1.329171856093537 × 10^283 |
| 150 | ov_150 | 1.9848713028343248 × 10^283 |
| 149 | ov_149 | 2.878860338207136 × 10^283 |
| 148 | ov_148 | 4.0660945113088095 × 10^283 |
| 147 | ov_147 | 5.60650231348928 × 10^283 |
| 146 | ov_146 | 7.56499391657379 × 10^283 |
| 145 | ov_145 | 1.0011475634109556 × 10^284 |
| 144 | ov_144 | 1.302087274151354 × 10^284 |
| 143 | ov_143 | 1.6673164009113407 × 10^284 |
| 142 | ov_142 | 2.1053431846057537 × 10^284 |
| 141 | ov_141 | 2.6251932323006867 × 10^284 |
| 140 | ov_140 | 3.2364189711871982 × 10^284 |
| 139 | ov_139 | 3.94911205518053 × 10^284 |
| 138 | ov_138 | 4.773919262250979 × 10^284 |
| 137 | ov_137 | 5.722062457918147 × 10^284 |
| 136 | ov_136 | 6.805363237880475 × 10^284 |
| 135 | ov_135 | 8.03627290061023 × 10^284 |
| 134 | ov_134 | 9.427908439058878 × 10^284 |
| 133 | ov_133 | 1.0994095279566127 × 10^285 |
| 132 | ov_132 | 1.2749417535867016 × 10^285 |
| 131 | ov_131 | 1.4709276587009976 × 10^285 |
| 130 | ov_130 | 1.4709286942687385 × 10^285 |
| 129 | ov_129 | 1.4709329800646435 × 10^285 |
| 128 | aaa_77_29 | 1.590982251075256 × 10^285 |
| 127 | aaa_77_28 | 4.244843442315635 × 10^285 |
| 126 | ov_126 | 1.3295441544225105 × 10^286 |
| 125 | ov_125 | 2.987119284860441 × 10^286 |
| 124 | ov_124 | 5.688748816581345 × 10^286 |
| 123 | ov_123 | 9.725974993782897 × 10^286 |
| 122 | ov_122 | 1.5390352136228855 × 10^287 |
| 121 | ov_121 | 2.297346986218976 × 10^287 |
| 120 | ov_120 | 3.2766998623463338 × 10^287 |
| 119 | ov_119 | 4.506276321945866 × 10^287 |
| 118 | ov_118 | 6.0152851793849786 × 10^287 |
| 117 | ov_117 | 7.832977023307096 × 10^287 |
| 116 | ov_116 | 9.988665188621372 × 10^287 |
| 115 | ov_115 | 1.2511754883614853 × 10^288 |
| 114 | ov_114 | 1.5799186503978617 × 10^288 |
| 113 | ov_113 | 2.0277630778182385 × 10^288 |
| 112 | ov_112 | 2.640375605303557 × 10^288 |
| 111 | ov_111 | 3.4664591393747155 × 10^288 |
| 110 | ov_110 | 4.557800748151656 × 10^288 |
| 109 | ov_109 | 5.969333928124158 × 10^288 |
| 108 | ov_108 | 7.759217644519346 × 10^288 |
| 107 | ov_107 | 9.988934941782035 × 10^288 |
| 106 | ov_106 | 1.27234141215617 × 10^289 |
| 105 | ov_105 | 1.6031175687897664 × 10^289 |
| 104 | ov_104 | 1.998450846364064 × 10^289 |
| 103 | ov_103 | 2.4659678489342433 × 10^289 |
| 102 | ov_102 | 3.013717452687127 × 10^289 |
| 101 | ov_101 | 3.6501994206052286 × 10^289 |
| 100 | ov_100 | 4.384397507508504 × 10^289 |
| 99 | ov_099 | 5.225817504598212 × 10^289 |
| 98 | ov_098 | 5.225829813694838 × 10^289 |
| 97 | ov_097 | 5.225868348243479 × 10^289 |
| 96 | aaa_78_29 | 1.0080933228165003 × 10^290 |
| 95 | aaa_78_28 | 3.3376339065221758 × 10^290 |
| 94 | ov_094 | 1.092312833895425 × 10^291 |
| 93 | ov_093 | 2.578810574669928 × 10^291 |
| 92 | ov_092 | 5.216163941674787 × 10^291 |
| 91 | ov_091 | 9.54702783476538 × 10^291 |
| 90 | ov_090 | 1.6233812541284164 × 10^292 |
| 89 | ov_089 | 2.6058702873602364 × 10^292 |
| 88 | ov_088 | 4.07058819124693 × 10^292 |
| 87 | ov_087 | 6.209922888240957 × 10^292 |
| 86 | ov_086 | 9.240249938323458 × 10^292 |
| 85 | ov_085 | 1.3401960082111108 × 10^293 |
| 84 | ov_084 | 1.8959498636717095 × 10^293 |
| 83 | ov_083 | 2.6201419077430534 × 10^293 |
| 82 | ov_082 | 3.54404531388332 × 10^293 |
| 81 | ov_081 | 4.701359977001643 × 10^293 |
| 64 | lv_79_m31 | 5.891283237643415 × 10^293 |
| 80 | ov_080 | 6.1282235280352844 × 10^293 |
| 79 | ov_079 | 7.863224701514212 × 10^293 |
| 78 | ov_078 | 9.947419290480912 × 10^293 |
| 77 | ov_077 | 1.2424349291178002 × 10^294 |
| 76 | ov_076 | 1.5340066972594757 × 10^294 |
| 75 | ov_075 | 1.8743166827853757 × 10^294 |
| 74 | ov_074 | 2.268482894150296 × 10^294 |
| 73 | ov_073 | 2.7218877548429824 × 10^294 |
| 63 | ov_063 | 3.022703994549274 × 10^294 |
| 72 | ov_072 | 3.2401858805187635 × 10^294 |
| 71 | ov_071 | 3.8293142044061764 × 10^294 |
| 70 | ov_070 | 4.49550490354481 × 10^294 |
| 69 | ov_069 | 5.245301604652441 × 10^294 |
| 68 | ov_068 | 6.085579375545709 × 10^294 |
| 67 | ov_067 | 7.02356903624405 × 10^294 |
| 66 | ov_066 | 7.023573711414074 × 10^294 |
| 65 | ov_065 | 7.02359321442019 × 10^294 |
| 62 | ov_062 | 1.5505375478368398 × 10^295 |
| 61 | ov_061 | 5.651197569633632 × 10^295 |
| 60 | ov_060 | 1.6175105414811284 × 10^296 |
| 59 | ov_059 | 3.902494806432544 × 10^296 |
| 58 | ov_058 | 7.91984645257303 × 10^296 |
| 57 | ov_057 | 1.4308893923090312 × 10^297 |
| 56 | ov_056 | 2.3848525754099166 × 10^297 |
| 55 | ov_055 | 3.7457205845792025 × 10^297 |
| 54 | ov_054 | 5.6193006839101784 × 10^297 |
| 53 | ov_053 | 8.231174644956438 × 10^297 |
| 52 | ov_052 | 1.1834869818568777 × 10^298 |
| 51 | ov_051 | 1.6578135370540286 × 10^298 |
| 50 | ov_050 | 2.2770493484913477 × 10^298 |
| 49 | ov_049 | 3.074955503525318 × 10^298 |
| 48 | ov_048 | 4.0881121082900687 × 10^298 |
| 47 | ov_047 | 5.355933112911933 × 10^298 |
| 32 | lv_80_m31 | 6.482888334590444 × 10^298 |
| 46 | ov_046 | 6.92068744724224 × 10^298 |
| 45 | ov_045 | 8.827528294275785 × 10^298 |
| 44 | ov_044 | 1.1124532520729995 × 10^299 |
| 43 | ov_043 | 1.3862752476943788 × 10^299 |
| 42 | ov_042 | 1.7096282571438787 × 10^299 |
| 41 | ov_041 | 2.0882343219309932 × 10^299 |
| 40 | ov_040 | 2.5251981585376212 × 10^299 |
| 39 | ov_039 | 3.0269005602938085 × 10^299 |
| 31 | ov_031 | 3.324052570846135 × 10^299 |
| 38 | ov_038 | 3.600073421715493 × 10^299 |
| 37 | ov_037 | 4.248362255221274 × 10^299 |
| 36 | ov_036 | 4.979259492052207 × 10^299 |
| 35 | ov_035 | 5.8006740400565005 × 10^299 |
| 34 | ov_034 | 6.720960768217176 × 10^299 |
| 33 | ov_033 | 7.748954520415466 × 10^299 |
| 30 | ov_030 | 1.7041213780154635 × 10^300 |
| 29 | ov_029 | 5.574262828630325 × 10^300 |
| 28 | ov_028 | 1.4466583067859249 × 10^301 |
| 27 | ov_027 | 3.233193144691889 × 10^301 |
| 26 | ov_026 | 6.465105620272248 × 10^301 |
| 25 | ov_025 | 1.1843462240792324 × 10^302 |
| 24 | ov_024 | 2.092339454670728 × 10^302 |
| 23 | ov_023 | 3.5566051106569273 × 10^302 |
| 22 | ov_022 | 5.7938665495692296 × 10^302 |
| 21 | ov_021 | 9.051470070172983 × 10^302 |
| 20 | ov_020 | 1.3607411262395985 × 10^303 |
| 19 | ov_019 | 1.9770378053255492 × 10^303 |
| 18 | ov_018 | 2.7879816121855155 × 10^303 |
| 17 | ov_017 | 3.83060234731123 × 10^303 |
| 16 | ov_016 | 5.1450283134752564 × 10^303 |
| 15 | ov_015 | 6.77450473732209 × 10^303 |
| 14 | ov_014 | 8.765419033760695 × 10^303 |
| 13 | ov_013 | 1.11673346521199 × 10^304 |
| 12 | ov_012 | 1.4033035467048853 × 10^304 |
| 11 | ov_011 | 1.7418583169143752 × 10^304 |
| 10 | ov_010 | 2.1383390469232232 × 10^304 |
| 9 | ov_009 | 2.599031315647309 × 10^304 |
| 8 | ov_008 | 3.1305764278128495 × 10^304 |
| 7 | ov_007 | 3.7399853938620135 × 10^304 |
| 6 | ov_006 | 4.4346558448025763 × 10^304 |
| 5 | ov_005 | 5.222392278641245 × 10^304 |
| 4 | ov_004 | 6.111430059142882 × 10^304 |
| 3 | ov_003 | 7.110463582964462 × 10^304 |
| 2 | ov_002 | 8.228678997873973 × 10^304 |
| 1 | ov_001 | 9.475791881164261 × 10^304 |

