# Results for F001-F002-F003-F004-F005-F006-F007-F008-F009-F010-F011-F012-F013-F014-F015-F016-F017-F018-F019-F020-F021-F022-F023-F024-F025-F026-F027-F028-F029-F030-F031-F032-F033-F034-F035-F036-F037-F038-F039-F040-F041-F042-F043-F044-F045-F046-F047-F048-F049-F050-F051-F052-F053-F054-F055-F056-F057-F058-F059-F060-F061-F062-F063-F064-F065-F066-F067-F068-F069-F070-F071-F072-F073-F074-F075-F076-F077-F078-F079-F080-F081-F082-F083-F084-F085-F086-F087-F088-F089-F090-F091-F092-F093-F094-F095-F096-F097-F098-F099-F100-F101-F102-F103-F104-F105-F106-F107-F108-F109-F110-F111-F112-F113-F114-F115-F116-F117-F118-F119-F120-F121-F122-F123-F124-F125-F126-F127-F128-F129-F130-F131-F132-F133-F134-F135-F136-F137-F138-F139-F140-F141-F142-F143-F144-F145-F146-F147-F148-F149-F150-F151-F152-F153-F154-F155-F156-F157-F158-F159-F160-F161-F162-F163-F164-F165-F166-F167-F168-F169-F170-F171-F172-F173-F174-F175-F176-F177-F178-F179-F180-F181-F182-F183-F184-F185-F186-F187-F188-F189-F190-F191-F192-F193-F194-F195-F196-F197-F198-F199-F200-F201-F202-F203-F204-F205-F206-F207-F208-F209-F210-F211-F212-F213-F214-F215-F216-F217-F218-F219-F220-F221-F222-F223-F224-F225-F226-F227-F228-F229-F230-F231-F232-F233-F234-F235-F236-F237-F238-F239-F240-F241-F242-F243-F244-F245-F246-F247-F248-F249-F250-F251-F252-F253-F254-F255-F256-F257-F258-F259-F260-F261-F262-F263-F264-F265-F266-F267-F268-F269-F270-F271-F272-F273-F274-F275-F276-F277-F278-F279-F280-F281-F282-F283-F284-F285-F286-F287-F288-F289-F290-F291-F292-F293-F294-F295-F296-F297-F298-F299-F300-F301-F302-F303-F304-F305-F306-F307-F308-F309-F310-F311-F312-F313-F314-F315-F316-F317-F318-F319-F320-F321-F322-F323-F324-F325-F326-F327-F328-F329-F330-F331-F332-F333-F334-F335-F336-F337-F338-F339-F340-F341-F342-F343-F344-F345-F346-F347-F348-F349-F350-F351-F352-F353-F354-F355-F356-F357-F358-F359-F360-F361-F362-F363-F364-F365-F366-F367-F368-F369-F370-F371-F372-F373-F374-F375-F376-F377-F378-F379-F380-F381-F382-F383-F384-F385-F386-F387-F388-F389-F390-F391-F392-F393-F394-F395-F396-F397-F398-F399-F400-F401-F402-F403-F404-F405-F406-F407-F408-F409-F410-F411-F412-F413-F414-F415-F416-F417-F418-F419-F420-F421-F422-F423-F424-F425-F426-F427-F428-F429-F430-F431-F432-F433-F434-F435-F436-F437-F438-F439-F440-F441-F442-F443-F444-F445-F446-F447-F448-F449-F450-F451-F452-F453-F454-F455-F456-F457-F458-F459-F460-F461-F462-F463-F464-F465-F466-F467-F468-F469-F470-F471-F472-F473-F474-F475-F476-F477-F478-F479-F480-F481-F482-F483-F484-F485-F486-F487-F488-F489-F490-F491-F492-F493-F494-F495-F496-O497502-E499505-F510-F512

## Summary

Number of input bits: 512  
Number of free input bits: 12  
Number of output bits: 160

Number of direct occurrences: 49497  
Number of assignments: 31751  
Number of operations: 11216732
(xor: 11188339,
and: 14865,
or: 13528)

Total complexity: 1.7037167628982066 × 10^301

Least occurring input variable: iv_498 (3938)  
Most occurring input variable: iv_511 (4268)

Most co-occurring input variables: iv_500-iv_511 (2084)  
Least co-occurring input variables: iv_499-iv_506 (1833)

Potentially most occurring input variable: iv_497/iv_509 (4574)  
Potentially least occurring input variable: iv_499/iv_504 (4140)

Least output occurring input variable: iv_499 (57)  
Most output occurring input variable: iv_509 (85)

Most output co-occurring input variables: iv_498-iv_509 (49)  
Least output co-occurring input variables: iv_499-iv_503 (23)

Potentially most output occurring input variable: iv_506/iv_511 (92)  
Potentially least output occurring input variable: iv_498/iv_499 (67)

Least complex input bit: iv_511 (2.0812791164169412 × 10^297)  
Most complex input bit: iv_499 (3.069920661649214 × 10^300)

Least complex output bit: aaa_76_29 (1.1272745439213479 × 10^276)  
Most complex output bit: ov_001 (2.6635162866962464 × 10^300)

Least complex input/output complexity: iv_511/aaa_76_29 (1.3770909683020527 × 10^272)  
Most complex input/output complexity: iv_499/ov_001 (4.799379720405167 × 10^299)

## Input Bits

### Input Bits in Regular Order

| Input Bit | Complexity | Occurrences | Output Occurrences |
|:---------:|:----------:|:-----------:|:------------------:|
| iv_497 | 8.12713521110987 × 10^299 | 4252 | 71 |
| iv_498 | 9.650763448327172 × 10^298 | 3938 | 84 |
| iv_499 | 3.069920661649214 × 10^300 | 4196 | 57 |
| iv_500 | 2.8591128313765063 × 10^299 | 4144 | 76 |
| iv_501 | 4.7234834196076656 × 10^299 | 4100 | 83 |
| iv_503 | 1.2148595346478802 × 10^300 | 4075 | 72 |
| iv_504 | 1.893841492898126 × 10^300 | 3948 | 78 |
| iv_506 | 1.4655026441852893 × 10^300 | 3984 | 82 |
| iv_507 | 2.1023739630679453 × 10^300 | 4195 | 76 |
| iv_508 | 2.790205548522321 × 10^300 | 4159 | 74 |
| iv_509 | 2.830901724202214 × 10^300 | 4238 | 85 |
| iv_511 | 2.0812791164169412 × 10^297 | 4268 | 78 |

### Input Bits Sorted by Complexity

| Input Bit | Complexity | Occurrences | Output Occurrences |
|:---------:|:----------:|:-----------:|:------------------:|
| iv_511 | 2.0812791164169412 × 10^297 | 4268 | 78 |
| iv_498 | 9.650763448327172 × 10^298 | 3938 | 84 |
| iv_500 | 2.8591128313765063 × 10^299 | 4144 | 76 |
| iv_501 | 4.7234834196076656 × 10^299 | 4100 | 83 |
| iv_497 | 8.12713521110987 × 10^299 | 4252 | 71 |
| iv_503 | 1.2148595346478802 × 10^300 | 4075 | 72 |
| iv_506 | 1.4655026441852893 × 10^300 | 3984 | 82 |
| iv_504 | 1.893841492898126 × 10^300 | 3948 | 78 |
| iv_507 | 2.1023739630679453 × 10^300 | 4195 | 76 |
| iv_508 | 2.790205548522321 × 10^300 | 4159 | 74 |
| iv_509 | 2.830901724202214 × 10^300 | 4238 | 85 |
| iv_499 | 3.069920661649214 × 10^300 | 4196 | 57 |

### Input Bits Sorted by Occurrences

| Input Bit | Complexity | Occurrences | Output Occurrences |
|:---------:|:----------:|:-----------:|:------------------:|
| iv_498 | 9.650763448327172 × 10^298 | 3938 | 84 |
| iv_504 | 1.893841492898126 × 10^300 | 3948 | 78 |
| iv_506 | 1.4655026441852893 × 10^300 | 3984 | 82 |
| iv_503 | 1.2148595346478802 × 10^300 | 4075 | 72 |
| iv_501 | 4.7234834196076656 × 10^299 | 4100 | 83 |
| iv_500 | 2.8591128313765063 × 10^299 | 4144 | 76 |
| iv_508 | 2.790205548522321 × 10^300 | 4159 | 74 |
| iv_507 | 2.1023739630679453 × 10^300 | 4195 | 76 |
| iv_499 | 3.069920661649214 × 10^300 | 4196 | 57 |
| iv_509 | 2.830901724202214 × 10^300 | 4238 | 85 |
| iv_497 | 8.12713521110987 × 10^299 | 4252 | 71 |
| iv_511 | 2.0812791164169412 × 10^297 | 4268 | 78 |

### Input Bits Sorted by Output Occurrences

| Input Bit | Complexity | Occurrences | Output Occurrences |
|:---------:|:----------:|:-----------:|:------------------:|
| iv_499 | 3.069920661649214 × 10^300 | 4196 | 57 |
| iv_497 | 8.12713521110987 × 10^299 | 4252 | 71 |
| iv_503 | 1.2148595346478802 × 10^300 | 4075 | 72 |
| iv_508 | 2.790205548522321 × 10^300 | 4159 | 74 |
| iv_500 | 2.8591128313765063 × 10^299 | 4144 | 76 |
| iv_507 | 2.1023739630679453 × 10^300 | 4195 | 76 |
| iv_504 | 1.893841492898126 × 10^300 | 3948 | 78 |
| iv_511 | 2.0812791164169412 × 10^297 | 4268 | 78 |
| iv_506 | 1.4655026441852893 × 10^300 | 3984 | 82 |
| iv_501 | 4.7234834196076656 × 10^299 | 4100 | 83 |
| iv_498 | 9.650763448327172 × 10^298 | 3938 | 84 |
| iv_509 | 2.830901724202214 × 10^300 | 4238 | 85 |

## Input Bit Co-occurrences

### Input Bit Co-occurrences Sorted by Co-occurrences

| Input Bits | Co-occurrences | Potential Occurrences | Output Co-occurrences | Potential Output Occurrences |
|:----------:|:--------------:|:---------------------:|:---------------------:|:----------------------------:|
| iv_500-iv_511 | 2084 | 4244 | 37 | 80 |
| iv_508-iv_509 | 2076 | 4245 | 38 | 83 |
| iv_507-iv_509 | 2066 | 4301 | 42 | 77 |
| iv_497-iv_507 | 2044 | 4359 | 34 | 79 |
| iv_501-iv_511 | 2037 | 4294 | 39 | 83 |
| iv_499-iv_509 | 2032 | 4370 | 30 | 82 |
| iv_501-iv_509 | 2032 | 4274 | 47 | 74 |
| iv_503-iv_511 | 2030 | 4283 | 33 | 84 |
| iv_497-iv_501 | 2021 | 4310 | 36 | 82 |
| iv_507-iv_511 | 2018 | 4427 | 39 | 76 |
| iv_497-iv_500 | 2010 | 4376 | 36 | 75 |
| iv_497-iv_511 | 2004 | 4512 | 34 | 81 |

### Input Bit Co-occurrences Sorted by Potential Occurrences

| Input Bits | Co-occurrences | Potential Occurrences | Output Co-occurrences | Potential Output Occurrences |
|:----------:|:--------------:|:---------------------:|:---------------------:|:----------------------------:|
| iv_499-iv_504 | 2002 | 4140 | 27 | 81 |
| iv_504-iv_506 | 1880 | 4172 | 42 | 76 |
| iv_506-iv_507 | 1998 | 4183 | 39 | 80 |
| iv_498-iv_504 | 1845 | 4196 | 45 | 72 |
| iv_498-iv_506 | 1855 | 4212 | 41 | 84 |
| iv_503-iv_506 | 1920 | 4219 | 39 | 76 |
| iv_500-iv_503 | 1994 | 4231 | 33 | 82 |
| iv_500-iv_511 | 2084 | 4244 | 37 | 80 |
| iv_508-iv_509 | 2076 | 4245 | 38 | 83 |
| iv_500-iv_504 | 1923 | 4246 | 39 | 76 |
| iv_504-iv_508 | 1917 | 4273 | 40 | 72 |
| iv_501-iv_509 | 2032 | 4274 | 47 | 74 |

### Input Bit Output Co-occurrences Sorted by Output Co-occurrences

| Input Bits | Co-occurrences | Potential Occurrences | Output Co-occurrences | Potential Output Occurrences |
|:----------:|:--------------:|:---------------------:|:---------------------:|:----------------------------:|
| iv_498-iv_509 | 1879 | 4418 | 49 | 71 |
| iv_501-iv_509 | 2032 | 4274 | 47 | 74 |
| iv_498-iv_501 | 1869 | 4300 | 46 | 75 |
| iv_498-iv_504 | 1845 | 4196 | 45 | 72 |
| iv_498-iv_508 | 1875 | 4347 | 45 | 68 |
| iv_501-iv_506 | 1870 | 4344 | 44 | 77 |
| iv_501-iv_508 | 1945 | 4369 | 43 | 71 |
| iv_506-iv_509 | 1972 | 4278 | 43 | 81 |
| iv_497-iv_509 | 1958 | 4574 | 42 | 72 |
| iv_503-iv_509 | 1924 | 4465 | 42 | 73 |
| iv_504-iv_506 | 1880 | 4172 | 42 | 76 |
| iv_507-iv_509 | 2066 | 4301 | 42 | 77 |

### Input Bit Output Co-occurrences Sorted by Potential Output Occurrences

| Input Bits | Co-occurrences | Potential Occurrences | Output Co-occurrences | Potential Output Occurrences |
|:----------:|:--------------:|:---------------------:|:---------------------:|:----------------------------:|
| iv_498-iv_499 | 1846 | 4442 | 37 | 67 |
| iv_498-iv_508 | 1875 | 4347 | 45 | 68 |
| iv_501-iv_508 | 1945 | 4369 | 43 | 71 |
| iv_498-iv_509 | 1879 | 4418 | 49 | 71 |
| iv_497-iv_509 | 1958 | 4574 | 42 | 72 |
| iv_504-iv_508 | 1917 | 4273 | 40 | 72 |
| iv_498-iv_504 | 1845 | 4196 | 45 | 72 |
| iv_497-iv_499 | 1951 | 4546 | 28 | 72 |
| iv_497-iv_504 | 1926 | 4348 | 38 | 73 |
| iv_503-iv_509 | 1924 | 4465 | 42 | 73 |
| iv_501-iv_509 | 2032 | 4274 | 47 | 74 |
| iv_501-iv_503 | 1871 | 4433 | 40 | 75 |

## Output Bits

### Output Bits in Regular Order

| Rank | Output Bit | Complexity |
|:----:|:----------:|:----------:|
| 1 | ov_001 | 2.6635162866962464 × 10^300 |
| 2 | ov_002 | 2.3177050664919455 × 10^300 |
| 3 | ov_003 | 2.0072426588548955 × 10^300 |
| 4 | ov_004 | 1.7294785215654252 × 10^300 |
| 5 | ov_005 | 1.481907285086446 × 10^300 |
| 6 | ov_006 | 1.2621584797123603 × 10^300 |
| 7 | ov_007 | 1.0679875790402868 × 10^300 |
| 8 | ov_008 | 8.972682546191416 × 10^299 |
| 9 | ov_009 | 7.479857434643425 × 10^299 |
| 10 | ov_010 | 6.182312216042346 × 10^299 |
| 11 | ov_011 | 5.0619707565213455 × 10^299 |
| 12 | ov_012 | 4.101729706142275 × 10^299 |
| 13 | ov_013 | 3.2854261822904275 × 10^299 |
| 14 | ov_014 | 2.5978115611756855 × 10^299 |
| 15 | ov_015 | 2.0245305392832873 × 10^299 |
| 16 | ov_016 | 1.5521046850881598 × 10^299 |
| 17 | ov_017 | 1.1679197593969463 × 10^299 |
| 18 | ov_018 | 8.602161404382263 × 10^298 |
| 19 | ov_019 | 6.180817473807897 × 10^298 |
| 20 | ov_020 | 4.314469133924189 × 10^298 |
| 21 | ov_021 | 2.9108074026421754 × 10^298 |
| 22 | ov_022 | 1.88588571049592 × 10^298 |
| 23 | ov_023 | 1.1641029084840111 × 10^298 |
| 24 | ov_024 | 6.781922164043946 × 10^297 |
| 25 | ov_025 | 3.692144566213537 × 10^297 |
| 26 | ov_026 | 1.8655434522545764 × 10^297 |
| 27 | ov_027 | 8.791874567739559 × 10^296 |
| 28 | ov_028 | 3.933597965420406 × 10^296 |
| 29 | ov_029 | 1.51556050370872 × 10^296 |
| 30 | ov_030 | 4.632698280676987 × 10^295 |
| 31 | ov_031 | 9.03488989508117 × 10^294 |
| 32 | lv_80_m31 | 1.7616911950505503 × 10^294 |
| 33 | ov_033 | 2.121959564317256 × 10^295 |
| 34 | ov_034 | 1.842526990478583 × 10^295 |
| 35 | ov_035 | 1.592202863202323 × 10^295 |
| 36 | ov_036 | 1.3687105866702875 × 10^295 |
| 37 | ov_037 | 1.1698980752194207 × 10^295 |
| 38 | ov_038 | 9.937289557044857 × 10^294 |
| 39 | ov_039 | 8.382749195806885 × 10^294 |
| 40 | ov_040 | 7.017091187573152 × 10^294 |
| 41 | ov_041 | 5.823005048163246 × 10^294 |
| 42 | ov_042 | 4.7840901660397064 × 10^294 |
| 43 | ov_043 | 3.892368189468761 × 10^294 |
| 44 | ov_044 | 3.1331433823293316 × 10^294 |
| 45 | ov_045 | 2.4925277013921023 × 10^294 |
| 46 | ov_046 | 1.9574181540654605 × 10^294 |
| 47 | ov_047 | 1.515478667551625 × 10^294 |
| 48 | ov_048 | 1.1551258252330294 × 10^294 |
| 49 | ov_049 | 8.655178749841172 × 10^293 |
| 50 | ov_050 | 6.36546462638635 × 10^293 |
| 51 | ov_051 | 4.588305921148915 × 10^293 |
| 52 | ov_052 | 3.2371236177570843 × 10^293 |
| 53 | ov_053 | 2.2325407453076243 × 10^293 |
| 54 | ov_054 | 1.5023636702159446 × 10^293 |
| 55 | ov_055 | 9.815705099905397 × 10^292 |
| 56 | ov_056 | 6.123041796895604 × 10^292 |
| 57 | ov_057 | 3.674266894445197 × 10^292 |
| 58 | ov_058 | 2.0340020972703067 × 10^292 |
| 59 | ov_059 | 1.0024526431034252 × 10^292 |
| 60 | ov_060 | 4.15609113041277 × 10^291 |
| 61 | ov_061 | 1.452462024038639 × 10^291 |
| 62 | ov_062 | 3.986391251897963 × 10^290 |
| 63 | ov_063 | 7.773955723100587 × 10^289 |
| 64 | lv_79_m31 | 1.5156904212162227 × 10^289 |
| 65 | ov_065 | 1.820361414628944 × 10^290 |
| 66 | ov_066 | 1.8203572055457618 × 10^290 |
| 67 | ov_067 | 1.820356216811575 × 10^290 |
| 68 | ov_068 | 1.5802839584516932 × 10^290 |
| 69 | ov_069 | 1.364997909317118 × 10^290 |
| 70 | ov_070 | 1.1726670522326933 × 10^290 |
| 71 | ov_071 | 1.001547587383357 × 10^290 |
| 72 | ov_072 | 8.499785451966977 × 10^289 |
| 73 | ov_073 | 7.163783250997484 × 10^289 |
| 74 | ov_074 | 5.992418787090645 × 10^289 |
| 75 | ov_075 | 4.971382999096476 × 10^289 |
| 76 | ov_076 | 4.0870868371158613 × 10^289 |
| 77 | ov_077 | 3.3266420975718563 × 10^289 |
| 78 | ov_078 | 2.6778443728031503 × 10^289 |
| 79 | ov_079 | 2.1291579857517503 × 10^289 |
| 80 | ov_080 | 1.6697027823014205 × 10^289 |
| 81 | ov_081 | 1.2892426553311498 × 10^289 |
| 82 | ov_082 | 9.78175675663882 × 10^288 |
| 83 | ov_083 | 7.275257058922862 × 10^288 |
| 84 | ov_084 | 5.2893537361949984 × 10^288 |
| 85 | ov_085 | 3.746602810246181 × 10^288 |
| 86 | ov_086 | 2.5756432790279783 × 10^288 |
| 87 | ov_087 | 1.7111602548055417 × 10^288 |
| 88 | ov_088 | 1.0938567839873474 × 10^288 |
| 89 | ov_089 | 6.704331230891397 × 10^287 |
| 90 | ov_090 | 3.935722455725017 × 10^287 |
| 91 | ov_091 | 2.2193035443421616 × 10^287 |
| 92 | ov_092 | 1.2013118571854855 × 10^287 |
| 93 | ov_093 | 5.876294854321678 × 10^286 |
| 94 | ov_094 | 2.461061351315353 × 10^286 |
| 95 | aaa_78_28 | 7.4404710273412 × 10^285 |
| 96 | aaa_78_29 | 2.2106900628721996 × 10^285 |
| 97 | ov_097 | 1.2436886785268125 × 10^285 |
| 98 | ov_098 | 1.2436683327773585 × 10^285 |
| 99 | ov_099 | 1.2436618280114669 × 10^285 |
| 100 | ov_100 | 1.01513733841697 × 10^285 |
| 101 | ov_101 | 8.262920747022347 × 10^284 |
| 102 | ov_102 | 6.720994721014517 × 10^284 |
| 103 | ov_103 | 5.478114101048204 × 10^284 |
| 104 | ov_104 | 4.489379913809846 × 10^284 |
| 105 | ov_105 | 3.712298839718087 × 10^284 |
| 106 | ov_106 | 3.1066299739105844 × 10^284 |
| 107 | ov_107 | 2.6342527527841616 × 10^284 |
| 108 | ov_108 | 2.2590539882487137 × 10^284 |
| 109 | ov_109 | 1.9468320637909243 × 10^284 |
| 110 | ov_110 | 1.6652164553990457 × 10^284 |
| 111 | ov_111 | 1.4124978707085289 × 10^284 |
| 112 | ov_112 | 1.1870114860702624 × 10^284 |
| 113 | ov_113 | 9.871279193472035 × 10^283 |
| 114 | ov_114 | 8.112455206211975 × 10^283 |
| 115 | ov_115 | 6.577838795215755 × 10^283 |
| 116 | ov_116 | 5.25178448180594 × 10^283 |
| 117 | ov_117 | 4.1187617899592113 × 10^283 |
| 118 | ov_118 | 3.163320764799804 × 10^283 |
| 119 | ov_119 | 2.3700656253126456 × 10^283 |
| 120 | ov_120 | 1.7236355449348547 × 10^283 |
| 121 | ov_121 | 1.2086915538564263 × 10^283 |
| 122 | ov_122 | 8.0990810613912 × 10^282 |
| 123 | ov_123 | 5.1196752974285016 × 10^282 |
| 124 | ov_124 | 2.9955627988128386 × 10^282 |
| 125 | ov_125 | 1.5736261585867602 × 10^282 |
| 126 | ov_126 | 7.007541485478876 × 10^281 |
| 127 | aaa_77_28 | 2.2383716084555625 × 10^281 |
| 128 | aaa_77_29 | 8.394831370925117 × 10^280 |
| 129 | ov_129 | 7.839544241682297 × 10^280 |
| 130 | ov_130 | 7.839522269226544 × 10^280 |
| 131 | ov_131 | 7.839516951409331 × 10^280 |
| 132 | ov_132 | 6.816108348170251 × 10^280 |
| 133 | ov_133 | 5.894509311228463 × 10^280 |
| 134 | ov_134 | 5.07064631087462 × 10^280 |
| 135 | ov_135 | 4.337024543990463 × 10^280 |
| 136 | ov_136 | 3.6865479547616997 × 10^280 |
| 137 | ov_137 | 3.112492718521707 × 10^280 |
| 138 | ov_138 | 2.608484453545823 × 10^280 |
| 139 | ov_139 | 2.1684787978466213 × 10^280 |
| 140 | ov_140 | 1.7867450071731232 × 10^280 |
| 141 | ov_141 | 1.4578522490755304 × 10^280 |
| 142 | ov_142 | 1.1766582861740852 × 10^280 |
| 143 | ov_143 | 9.383002597604941 × 10^279 |
| 144 | ov_144 | 7.381873026405449 × 10^279 |
| 145 | ov_145 | 5.719947277593369 × 10^279 |
| 146 | ov_146 | 4.3565955668412103 × 10^279 |
| 147 | ov_147 | 3.253771694893812 × 10^279 |
| 148 | ov_148 | 2.3759887501883135 × 10^279 |
| 149 | ov_149 | 1.6903021790478907 × 10^279 |
| 150 | ov_150 | 1.1662985611611622 × 10^279 |
| 151 | ov_151 | 7.76088601869283 × 10^278 |
| 152 | ov_152 | 4.943030265293224 × 10^278 |
| 153 | ov_153 | 2.98090285532228 × 10^278 |
| 154 | ov_154 | 1.6711529019274423 × 10^278 |
| 155 | ov_155 | 8.355870386128397 × 10^277 |
| 156 | aaa_76_25 | 3.2116556097859625 × 10^277 |
| 157 | aaa_76_26 | 1.8556613327558323 × 10^277 |
| 158 | aaa_76_27 | 9.504816076126669 × 10^276 |
| 159 | aaa_76_28 | 3.703667272343756 × 10^276 |
| 160 | aaa_76_29 | 1.1272745439213479 × 10^276 |

### Output Bits Sorted by Complexity

| Rank | Output Bit | Complexity |
|:----:|:----------:|:----------:|
| 160 | aaa_76_29 | 1.1272745439213479 × 10^276 |
| 159 | aaa_76_28 | 3.703667272343756 × 10^276 |
| 158 | aaa_76_27 | 9.504816076126669 × 10^276 |
| 157 | aaa_76_26 | 1.8556613327558323 × 10^277 |
| 156 | aaa_76_25 | 3.2116556097859625 × 10^277 |
| 155 | ov_155 | 8.355870386128397 × 10^277 |
| 154 | ov_154 | 1.6711529019274423 × 10^278 |
| 153 | ov_153 | 2.98090285532228 × 10^278 |
| 152 | ov_152 | 4.943030265293224 × 10^278 |
| 151 | ov_151 | 7.76088601869283 × 10^278 |
| 150 | ov_150 | 1.1662985611611622 × 10^279 |
| 149 | ov_149 | 1.6903021790478907 × 10^279 |
| 148 | ov_148 | 2.3759887501883135 × 10^279 |
| 147 | ov_147 | 3.253771694893812 × 10^279 |
| 146 | ov_146 | 4.3565955668412103 × 10^279 |
| 145 | ov_145 | 5.719947277593369 × 10^279 |
| 144 | ov_144 | 7.381873026405449 × 10^279 |
| 143 | ov_143 | 9.383002597604941 × 10^279 |
| 142 | ov_142 | 1.1766582861740852 × 10^280 |
| 141 | ov_141 | 1.4578522490755304 × 10^280 |
| 140 | ov_140 | 1.7867450071731232 × 10^280 |
| 139 | ov_139 | 2.1684787978466213 × 10^280 |
| 138 | ov_138 | 2.608484453545823 × 10^280 |
| 137 | ov_137 | 3.112492718521707 × 10^280 |
| 136 | ov_136 | 3.6865479547616997 × 10^280 |
| 135 | ov_135 | 4.337024543990463 × 10^280 |
| 134 | ov_134 | 5.07064631087462 × 10^280 |
| 133 | ov_133 | 5.894509311228463 × 10^280 |
| 132 | ov_132 | 6.816108348170251 × 10^280 |
| 131 | ov_131 | 7.839516951409331 × 10^280 |
| 130 | ov_130 | 7.839522269226544 × 10^280 |
| 129 | ov_129 | 7.839544241682297 × 10^280 |
| 128 | aaa_77_29 | 8.394831370925117 × 10^280 |
| 127 | aaa_77_28 | 2.2383716084555625 × 10^281 |
| 126 | ov_126 | 7.007541485478876 × 10^281 |
| 125 | ov_125 | 1.5736261585867602 × 10^282 |
| 124 | ov_124 | 2.9955627988128386 × 10^282 |
| 123 | ov_123 | 5.1196752974285016 × 10^282 |
| 122 | ov_122 | 8.0990810613912 × 10^282 |
| 121 | ov_121 | 1.2086915538564263 × 10^283 |
| 120 | ov_120 | 1.7236355449348547 × 10^283 |
| 119 | ov_119 | 2.3700656253126456 × 10^283 |
| 118 | ov_118 | 3.163320764799804 × 10^283 |
| 117 | ov_117 | 4.1187617899592113 × 10^283 |
| 116 | ov_116 | 5.25178448180594 × 10^283 |
| 115 | ov_115 | 6.577838795215755 × 10^283 |
| 114 | ov_114 | 8.112455206211975 × 10^283 |
| 113 | ov_113 | 9.871279193472035 × 10^283 |
| 112 | ov_112 | 1.1870114860702624 × 10^284 |
| 111 | ov_111 | 1.4124978707085289 × 10^284 |
| 110 | ov_110 | 1.6652164553990457 × 10^284 |
| 109 | ov_109 | 1.9468320637909243 × 10^284 |
| 108 | ov_108 | 2.2590539882487137 × 10^284 |
| 107 | ov_107 | 2.6342527527841616 × 10^284 |
| 106 | ov_106 | 3.1066299739105844 × 10^284 |
| 105 | ov_105 | 3.712298839718087 × 10^284 |
| 104 | ov_104 | 4.489379913809846 × 10^284 |
| 103 | ov_103 | 5.478114101048204 × 10^284 |
| 102 | ov_102 | 6.720994721014517 × 10^284 |
| 101 | ov_101 | 8.262920747022347 × 10^284 |
| 100 | ov_100 | 1.01513733841697 × 10^285 |
| 99 | ov_099 | 1.2436618280114669 × 10^285 |
| 98 | ov_098 | 1.2436683327773585 × 10^285 |
| 97 | ov_097 | 1.2436886785268125 × 10^285 |
| 96 | aaa_78_29 | 2.2106900628721996 × 10^285 |
| 95 | aaa_78_28 | 7.4404710273412 × 10^285 |
| 94 | ov_094 | 2.461061351315353 × 10^286 |
| 93 | ov_093 | 5.876294854321678 × 10^286 |
| 92 | ov_092 | 1.2013118571854855 × 10^287 |
| 91 | ov_091 | 2.2193035443421616 × 10^287 |
| 90 | ov_090 | 3.935722455725017 × 10^287 |
| 89 | ov_089 | 6.704331230891397 × 10^287 |
| 88 | ov_088 | 1.0938567839873474 × 10^288 |
| 87 | ov_087 | 1.7111602548055417 × 10^288 |
| 86 | ov_086 | 2.5756432790279783 × 10^288 |
| 85 | ov_085 | 3.746602810246181 × 10^288 |
| 84 | ov_084 | 5.2893537361949984 × 10^288 |
| 83 | ov_083 | 7.275257058922862 × 10^288 |
| 82 | ov_082 | 9.78175675663882 × 10^288 |
| 81 | ov_081 | 1.2892426553311498 × 10^289 |
| 64 | lv_79_m31 | 1.5156904212162227 × 10^289 |
| 80 | ov_080 | 1.6697027823014205 × 10^289 |
| 79 | ov_079 | 2.1291579857517503 × 10^289 |
| 78 | ov_078 | 2.6778443728031503 × 10^289 |
| 77 | ov_077 | 3.3266420975718563 × 10^289 |
| 76 | ov_076 | 4.0870868371158613 × 10^289 |
| 75 | ov_075 | 4.971382999096476 × 10^289 |
| 74 | ov_074 | 5.992418787090645 × 10^289 |
| 73 | ov_073 | 7.163783250997484 × 10^289 |
| 63 | ov_063 | 7.773955723100587 × 10^289 |
| 72 | ov_072 | 8.499785451966977 × 10^289 |
| 71 | ov_071 | 1.001547587383357 × 10^290 |
| 70 | ov_070 | 1.1726670522326933 × 10^290 |
| 69 | ov_069 | 1.364997909317118 × 10^290 |
| 68 | ov_068 | 1.5802839584516932 × 10^290 |
| 67 | ov_067 | 1.820356216811575 × 10^290 |
| 66 | ov_066 | 1.8203572055457618 × 10^290 |
| 65 | ov_065 | 1.820361414628944 × 10^290 |
| 62 | ov_062 | 3.986391251897963 × 10^290 |
| 61 | ov_061 | 1.452462024038639 × 10^291 |
| 60 | ov_060 | 4.15609113041277 × 10^291 |
| 59 | ov_059 | 1.0024526431034252 × 10^292 |
| 58 | ov_058 | 2.0340020972703067 × 10^292 |
| 57 | ov_057 | 3.674266894445197 × 10^292 |
| 56 | ov_056 | 6.123041796895604 × 10^292 |
| 55 | ov_055 | 9.815705099905397 × 10^292 |
| 54 | ov_054 | 1.5023636702159446 × 10^293 |
| 53 | ov_053 | 2.2325407453076243 × 10^293 |
| 52 | ov_052 | 3.2371236177570843 × 10^293 |
| 51 | ov_051 | 4.588305921148915 × 10^293 |
| 50 | ov_050 | 6.36546462638635 × 10^293 |
| 49 | ov_049 | 8.655178749841172 × 10^293 |
| 48 | ov_048 | 1.1551258252330294 × 10^294 |
| 47 | ov_047 | 1.515478667551625 × 10^294 |
| 32 | lv_80_m31 | 1.7616911950505503 × 10^294 |
| 46 | ov_046 | 1.9574181540654605 × 10^294 |
| 45 | ov_045 | 2.4925277013921023 × 10^294 |
| 44 | ov_044 | 3.1331433823293316 × 10^294 |
| 43 | ov_043 | 3.892368189468761 × 10^294 |
| 42 | ov_042 | 4.7840901660397064 × 10^294 |
| 41 | ov_041 | 5.823005048163246 × 10^294 |
| 40 | ov_040 | 7.017091187573152 × 10^294 |
| 39 | ov_039 | 8.382749195806885 × 10^294 |
| 31 | ov_031 | 9.03488989508117 × 10^294 |
| 38 | ov_038 | 9.937289557044857 × 10^294 |
| 37 | ov_037 | 1.1698980752194207 × 10^295 |
| 36 | ov_036 | 1.3687105866702875 × 10^295 |
| 35 | ov_035 | 1.592202863202323 × 10^295 |
| 34 | ov_034 | 1.842526990478583 × 10^295 |
| 33 | ov_033 | 2.121959564317256 × 10^295 |
| 30 | ov_030 | 4.632698280676987 × 10^295 |
| 29 | ov_029 | 1.51556050370872 × 10^296 |
| 28 | ov_028 | 3.933597965420406 × 10^296 |
| 27 | ov_027 | 8.791874567739559 × 10^296 |
| 26 | ov_026 | 1.8655434522545764 × 10^297 |
| 25 | ov_025 | 3.692144566213537 × 10^297 |
| 24 | ov_024 | 6.781922164043946 × 10^297 |
| 23 | ov_023 | 1.1641029084840111 × 10^298 |
| 22 | ov_022 | 1.88588571049592 × 10^298 |
| 21 | ov_021 | 2.9108074026421754 × 10^298 |
| 20 | ov_020 | 4.314469133924189 × 10^298 |
| 19 | ov_019 | 6.180817473807897 × 10^298 |
| 18 | ov_018 | 8.602161404382263 × 10^298 |
| 17 | ov_017 | 1.1679197593969463 × 10^299 |
| 16 | ov_016 | 1.5521046850881598 × 10^299 |
| 15 | ov_015 | 2.0245305392832873 × 10^299 |
| 14 | ov_014 | 2.5978115611756855 × 10^299 |
| 13 | ov_013 | 3.2854261822904275 × 10^299 |
| 12 | ov_012 | 4.101729706142275 × 10^299 |
| 11 | ov_011 | 5.0619707565213455 × 10^299 |
| 10 | ov_010 | 6.182312216042346 × 10^299 |
| 9 | ov_009 | 7.479857434643425 × 10^299 |
| 8 | ov_008 | 8.972682546191416 × 10^299 |
| 7 | ov_007 | 1.0679875790402868 × 10^300 |
| 6 | ov_006 | 1.2621584797123603 × 10^300 |
| 5 | ov_005 | 1.481907285086446 × 10^300 |
| 4 | ov_004 | 1.7294785215654252 × 10^300 |
| 3 | ov_003 | 2.0072426588548955 × 10^300 |
| 2 | ov_002 | 2.3177050664919455 × 10^300 |
| 1 | ov_001 | 2.6635162866962464 × 10^300 |

