# Results for F001-F002-F003-F004-F005-F006-F007-F008-F009-F010-F011-F012-F013-F014-F015-F016-F017-F018-F019-F020-F021-F022-F023-F024-F025-F026-F027-F028-F029-F030-F031-F032-F033-F034-F035-F036-F037-F038-F039-F040-F041-F042-F043-F044-F045-F046-F047-F048-F049-F050-F051-F052-F053-F054-F055-F056-F057-F058-F059-F060-F061-F062-F063-F064-F065-F066-F067-F068-F069-F070-F071-F072-F073-F074-F075-F076-F077-F078-F079-F080-F081-F082-F083-F084-F085-F086-F087-F088-F089-F090-F091-F092-F093-F094-F095-F096-F097-F098-F099-F100-F101-F102-F103-F104-F105-F106-F107-F108-F109-F110-F111-F112-F113-F114-F115-F116-F117-F118-F119-F120-F121-F122-F123-F124-F125-F126-F127-F128-F129-F130-F131-F132-F133-F134-F135-F136-F137-F138-F139-F140-F141-F142-F143-F144-F145-F146-F147-F148-F149-F150-F151-F152-F153-F154-F155-F156-F157-F158-F159-F160-F161-F162-F163-F164-F165-F166-F167-F168-F169-F170-F171-F172-F173-F174-F175-F176-F177-F178-F179-F180-F181-F182-F183-F184-F185-F186-F187-F188-F189-F190-F191-F192-F193-F194-F195-F196-F197-F198-F199-F200-F201-F202-F203-F204-F205-F206-F207-F208-F209-F210-F211-F212-F213-F214-F215-F216-F217-F218-F219-F220-F221-F222-F223-F224-F225-F226-F227-F228-F229-F230-F231-F232-F233-F234-F235-F236-F237-F238-F239-F240-F241-F242-F243-F244-F245-F246-F247-F248-F249-F250-F251-F252-F253-F254-F255-F256-F257-F258-F259-F260-F261-F262-F263-F264-F265-F266-F267-F268-F269-F270-F271-F272-F273-F274-F275-F276-F277-F278-F279-F280-F281-F282-F283-F284-F285-F286-F287-F288-F289-F290-F291-F292-F293-F294-F295-F296-F297-F298-F299-F300-F301-F302-F303-F304-F305-F306-F307-F308-F309-F310-F311-F312-F313-F314-F315-F316-F317-F318-F319-F320-F321-F322-F323-F324-F325-F326-F327-F328-F329-F330-F331-F332-F333-F334-F335-F336-F337-F338-F339-F340-F341-F342-F343-F344-F345-F346-F347-F348-F349-F350-F351-F352-F353-F354-F355-F356-F357-F358-F359-F360-F361-F362-F363-F364-F365-F366-F367-F368-F369-F370-F371-F372-F373-F374-F375-F376-F377-F378-F379-F380-F381-F382-F383-F384-F385-F386-F387-F388-F389-F390-F391-F392-F393-F394-F395-F396-F397-F398-F399-F400-F401-F402-F403-F404-F405-F406-F407-F408-F409-F410-F411-F412-F413-F414-F415-F416-F417-F418-F419-F420-F421-F422-F423-F424-F425-F426-F427-F428-F429-F430-F431-F432-F433-F434-F435-F436-F437-F438-F439-F440-F441-F442-F443-F444-F445-F446-F447-F448-F449-F450-F451-F452-F453-F454-F455-F456-F457-F458-F459-F460-F461-F462-F463-F464-F465-F466-F467-F468-F469-F470-F471-F472-F473-F474-F475-F476-F477-F478-F479-F480-F481-F482-F483-F484-F485-F486-F487-F488-F489-F490-F491-F492-F493-F494-F495-F496-E504505-F510-F511-F512

## Summary

Number of input bits: 512  
Number of free input bits: 12  
Number of output bits: 160

Number of direct occurrences: 48581  
Number of assignments: 31346  
Number of operations: 10944421
(xor: 10916260,
and: 14757,
or: 13404)

Total complexity: 9.068183076600902 × 10^298

Least occurring input variable: iv_502 (3855)  
Most occurring input variable: iv_504 (4235)

Most co-occurring input variables: iv_508-iv_509 (2056)  
Least co-occurring input variables: iv_498-iv_502 (1748)

Potentially most occurring input variable: iv_504/iv_508 (4503)  
Potentially least occurring input variable: iv_506/iv_507 (4135)

Least output occurring input variable: iv_508 (74)  
Most output occurring input variable: iv_497 (93)

Most output co-occurring input variables: iv_497-iv_502 (52)  
Least output co-occurring input variables: iv_507-iv_508 (32)

Potentially most output occurring input variable: iv_503/iv_509 (98)  
Potentially least output occurring input variable: iv_498/iv_508 (68)

Least complex input bit: iv_497 (3.053423832613703 × 10^296)  
Most complex input bit: iv_509 (1.776794431452394 × 10^298)

Least complex output bit: aaa_76_29 (1.876466203268913 × 10^274)  
Most complex output bit: ov_001 (1.43822058653056 × 10^298)

Least complex input/output complexity: iv_497/aaa_76_29 (6.31840643021417 × 10^271)  
Most complex input/output complexity: iv_509/ov_001 (2.8180091951844022 × 10^297)

## Input Bits

### Input Bits in Regular Order

| Input Bit | Complexity | Occurrences | Output Occurrences |
|:---------:|:----------:|:-----------:|:------------------:|
| iv_497 | 3.053423832613703 × 10^296 | 4117 | 93 |
| iv_498 | 6.0823547690182114 × 10^296 | 3910 | 88 |
| iv_499 | 1.0696993630547815 × 10^297 | 3916 | 81 |
| iv_500 | 1.7977129591531004 × 10^297 | 4082 | 76 |
| iv_501 | 2.9612834055042695 × 10^297 | 4054 | 83 |
| iv_502 | 4.785238610801999 × 10^297 | 3855 | 82 |
| iv_503 | 7.603520753083916 × 10^297 | 4017 | 75 |
| iv_504 | 1.3904237989488523 × 10^298 | 4235 | 88 |
| iv_506 | 9.183468715217605 × 10^297 | 3921 | 82 |
| iv_507 | 1.3185273314372628 × 10^298 | 4150 | 76 |
| iv_508 | 1.75098734806451 × 10^298 | 4118 | 74 |
| iv_509 | 1.776794431452394 × 10^298 | 4206 | 87 |

### Input Bits Sorted by Complexity

| Input Bit | Complexity | Occurrences | Output Occurrences |
|:---------:|:----------:|:-----------:|:------------------:|
| iv_497 | 3.053423832613703 × 10^296 | 4117 | 93 |
| iv_498 | 6.0823547690182114 × 10^296 | 3910 | 88 |
| iv_499 | 1.0696993630547815 × 10^297 | 3916 | 81 |
| iv_500 | 1.7977129591531004 × 10^297 | 4082 | 76 |
| iv_501 | 2.9612834055042695 × 10^297 | 4054 | 83 |
| iv_502 | 4.785238610801999 × 10^297 | 3855 | 82 |
| iv_503 | 7.603520753083916 × 10^297 | 4017 | 75 |
| iv_506 | 9.183468715217605 × 10^297 | 3921 | 82 |
| iv_507 | 1.3185273314372628 × 10^298 | 4150 | 76 |
| iv_504 | 1.3904237989488523 × 10^298 | 4235 | 88 |
| iv_508 | 1.75098734806451 × 10^298 | 4118 | 74 |
| iv_509 | 1.776794431452394 × 10^298 | 4206 | 87 |

### Input Bits Sorted by Occurrences

| Input Bit | Complexity | Occurrences | Output Occurrences |
|:---------:|:----------:|:-----------:|:------------------:|
| iv_502 | 4.785238610801999 × 10^297 | 3855 | 82 |
| iv_498 | 6.0823547690182114 × 10^296 | 3910 | 88 |
| iv_499 | 1.0696993630547815 × 10^297 | 3916 | 81 |
| iv_506 | 9.183468715217605 × 10^297 | 3921 | 82 |
| iv_503 | 7.603520753083916 × 10^297 | 4017 | 75 |
| iv_501 | 2.9612834055042695 × 10^297 | 4054 | 83 |
| iv_500 | 1.7977129591531004 × 10^297 | 4082 | 76 |
| iv_497 | 3.053423832613703 × 10^296 | 4117 | 93 |
| iv_508 | 1.75098734806451 × 10^298 | 4118 | 74 |
| iv_507 | 1.3185273314372628 × 10^298 | 4150 | 76 |
| iv_509 | 1.776794431452394 × 10^298 | 4206 | 87 |
| iv_504 | 1.3904237989488523 × 10^298 | 4235 | 88 |

### Input Bits Sorted by Output Occurrences

| Input Bit | Complexity | Occurrences | Output Occurrences |
|:---------:|:----------:|:-----------:|:------------------:|
| iv_508 | 1.75098734806451 × 10^298 | 4118 | 74 |
| iv_503 | 7.603520753083916 × 10^297 | 4017 | 75 |
| iv_500 | 1.7977129591531004 × 10^297 | 4082 | 76 |
| iv_507 | 1.3185273314372628 × 10^298 | 4150 | 76 |
| iv_499 | 1.0696993630547815 × 10^297 | 3916 | 81 |
| iv_502 | 4.785238610801999 × 10^297 | 3855 | 82 |
| iv_506 | 9.183468715217605 × 10^297 | 3921 | 82 |
| iv_501 | 2.9612834055042695 × 10^297 | 4054 | 83 |
| iv_509 | 1.776794431452394 × 10^298 | 4206 | 87 |
| iv_498 | 6.0823547690182114 × 10^296 | 3910 | 88 |
| iv_504 | 1.3904237989488523 × 10^298 | 4235 | 88 |
| iv_497 | 3.053423832613703 × 10^296 | 4117 | 93 |

## Input Bit Co-occurrences

### Input Bit Co-occurrences Sorted by Co-occurrences

| Input Bits | Co-occurrences | Potential Occurrences | Output Co-occurrences | Potential Output Occurrences |
|:----------:|:--------------:|:---------------------:|:---------------------:|:----------------------------:|
| iv_508-iv_509 | 2056 | 4212 | 40 | 81 |
| iv_507-iv_509 | 2045 | 4266 | 44 | 75 |
| iv_497-iv_507 | 2032 | 4203 | 44 | 81 |
| iv_500-iv_504 | 2026 | 4265 | 44 | 76 |
| iv_501-iv_504 | 2018 | 4253 | 46 | 79 |
| iv_501-iv_509 | 2014 | 4232 | 49 | 72 |
| iv_497-iv_509 | 2003 | 4317 | 50 | 80 |
| iv_504-iv_509 | 2003 | 4435 | 48 | 79 |
| iv_503-iv_504 | 1994 | 4264 | 41 | 81 |
| iv_497-iv_501 | 1991 | 4189 | 48 | 80 |
| iv_497-iv_504 | 1981 | 4390 | 48 | 85 |
| iv_497-iv_503 | 1971 | 4192 | 46 | 76 |

### Input Bit Co-occurrences Sorted by Potential Occurrences

| Input Bits | Co-occurrences | Potential Occurrences | Output Co-occurrences | Potential Output Occurrences |
|:----------:|:--------------:|:---------------------:|:---------------------:|:----------------------------:|
| iv_506-iv_507 | 1968 | 4135 | 39 | 80 |
| iv_499-iv_501 | 1911 | 4148 | 44 | 76 |
| iv_497-iv_506 | 1936 | 4166 | 51 | 73 |
| iv_498-iv_506 | 1829 | 4173 | 41 | 88 |
| iv_502-iv_506 | 1795 | 4186 | 44 | 76 |
| iv_499-iv_508 | 1923 | 4188 | 41 | 73 |
| iv_497-iv_501 | 1991 | 4189 | 48 | 80 |
| iv_497-iv_502 | 1891 | 4190 | 52 | 71 |
| iv_500-iv_506 | 1906 | 4191 | 36 | 86 |
| iv_497-iv_503 | 1971 | 4192 | 46 | 76 |
| iv_498-iv_499 | 1814 | 4198 | 48 | 73 |
| iv_497-iv_507 | 2032 | 4203 | 44 | 81 |

### Input Bit Output Co-occurrences Sorted by Output Co-occurrences

| Input Bits | Co-occurrences | Potential Occurrences | Output Co-occurrences | Potential Output Occurrences |
|:----------:|:--------------:|:---------------------:|:---------------------:|:----------------------------:|
| iv_498-iv_509 | 1868 | 4380 | 52 | 71 |
| iv_497-iv_502 | 1891 | 4190 | 52 | 71 |
| iv_497-iv_506 | 1936 | 4166 | 51 | 73 |
| iv_497-iv_498 | 1879 | 4269 | 50 | 81 |
| iv_497-iv_509 | 2003 | 4317 | 50 | 80 |
| iv_501-iv_509 | 2014 | 4232 | 49 | 72 |
| iv_498-iv_499 | 1814 | 4198 | 48 | 73 |
| iv_498-iv_501 | 1853 | 4258 | 48 | 75 |
| iv_502-iv_504 | 1825 | 4440 | 48 | 74 |
| iv_497-iv_501 | 1991 | 4189 | 48 | 80 |
| iv_497-iv_504 | 1981 | 4390 | 48 | 85 |
| iv_504-iv_509 | 2003 | 4435 | 48 | 79 |

### Input Bit Output Co-occurrences Sorted by Potential Output Occurrences

| Input Bits | Co-occurrences | Potential Occurrences | Output Co-occurrences | Potential Output Occurrences |
|:----------:|:--------------:|:---------------------:|:---------------------:|:----------------------------:|
| iv_498-iv_508 | 1857 | 4314 | 47 | 68 |
| iv_501-iv_508 | 1924 | 4324 | 43 | 71 |
| iv_498-iv_509 | 1868 | 4380 | 52 | 71 |
| iv_497-iv_502 | 1891 | 4190 | 52 | 71 |
| iv_501-iv_509 | 2014 | 4232 | 49 | 72 |
| iv_498-iv_499 | 1814 | 4198 | 48 | 73 |
| iv_499-iv_500 | 1876 | 4246 | 42 | 73 |
| iv_499-iv_508 | 1923 | 4188 | 41 | 73 |
| iv_497-iv_506 | 1936 | 4166 | 51 | 73 |
| iv_500-iv_503 | 1930 | 4239 | 39 | 73 |
| iv_502-iv_504 | 1825 | 4440 | 48 | 74 |
| iv_502-iv_507 | 1885 | 4235 | 42 | 74 |

## Output Bits

### Output Bits in Regular Order

| Rank | Output Bit | Complexity |
|:----:|:----------:|:----------:|
| 1 | ov_001 | 1.43822058653056 × 10^298 |
| 2 | ov_002 | 1.2489371818823902 × 10^298 |
| 3 | ov_003 | 1.079217487894689 × 10^298 |
| 4 | ov_004 | 9.275867363668731 × 10^297 |
| 5 | ov_005 | 7.926505390787642 × 10^297 |
| 6 | ov_006 | 6.730891936054469 × 10^297 |
| 7 | ov_007 | 5.676527289337307 × 10^297 |
| 8 | ov_008 | 4.7515663113513475 × 10^297 |
| 9 | ov_009 | 3.944781931997059 × 10^297 |
| 10 | ov_010 | 3.245534282632852 × 10^297 |
| 11 | ov_011 | 2.6437448477602473 × 10^297 |
| 12 | ov_012 | 2.129875056828519 × 10^297 |
| 13 | ov_013 | 1.6949087714036984 × 10^297 |
| 14 | ov_014 | 1.3303381569450298 × 10^297 |
| 15 | ov_015 | 1.0281524620187994 × 10^297 |
| 16 | ov_016 | 7.808292610615337 × 10^296 |
| 17 | ov_017 | 5.813277498672368 × 10^296 |
| 18 | ov_018 | 4.23083715882015 × 10^296 |
| 19 | ov_019 | 3.000058381922389 × 10^296 |
| 20 | ov_020 | 2.064730048236009 × 10^296 |
| 21 | ov_021 | 1.3733238105266006 × 10^296 |
| 22 | ov_022 | 8.789803324807089 × 10^295 |
| 23 | ov_023 | 5.394997743929847 × 10^295 |
| 24 | ov_024 | 3.173355356467572 × 10^295 |
| 25 | ov_025 | 1.7959042661947153 × 10^295 |
| 26 | ov_026 | 9.801457229713647 × 10^294 |
| 27 | ov_027 | 4.900442626642724 × 10^294 |
| 28 | ov_028 | 2.191972508572373 × 10^294 |
| 29 | ov_029 | 8.443125767065685 × 10^293 |
| 30 | ov_030 | 2.5801798091364897 × 10^293 |
| 31 | ov_031 | 5.03045190207366 × 10^292 |
| 32 | lv_80_m31 | 9.805703373268744 × 10^291 |
| 33 | ov_033 | 1.1755060111313247 × 10^293 |
| 34 | ov_034 | 1.0192232331192842 × 10^293 |
| 35 | ov_035 | 8.793603108097072 × 10^292 |
| 36 | ov_036 | 7.546294837269126 × 10^292 |
| 37 | ov_037 | 6.438124284815254 × 10^292 |
| 38 | ov_038 | 5.457553947408804 × 10^292 |
| 39 | ov_039 | 4.59365003329082 × 10^292 |
| 40 | ov_040 | 3.8360464074913707 × 10^292 |
| 41 | ov_041 | 3.174913884280473 × 10^292 |
| 42 | ov_042 | 2.6009342878596436 × 10^292 |
| 43 | ov_043 | 2.1095733208991206 × 10^292 |
| 44 | ov_044 | 1.692473402967931 × 10^292 |
| 45 | ov_045 | 1.3417334983374113 × 10^292 |
| 46 | ov_046 | 1.049897160385328 × 10^292 |
| 47 | ov_047 | 8.099429629494688 × 10^291 |
| 48 | ov_048 | 6.152769569228147 × 10^291 |
| 49 | ov_049 | 4.597268602748282 × 10^291 |
| 50 | ov_050 | 3.375377186206787 × 10^291 |
| 51 | ov_051 | 2.4336876156269002 × 10^291 |
| 52 | ov_052 | 1.7229118801574296 × 10^291 |
| 53 | ov_053 | 1.1978664168936219 × 10^291 |
| 54 | ov_054 | 8.174617543062725 × 10^290 |
| 55 | ov_055 | 5.446955829515825 × 10^290 |
| 56 | ov_056 | 3.466482914209659 × 10^290 |
| 57 | ov_057 | 2.0788032026522346 × 10^290 |
| 58 | ov_058 | 1.149916073630288 × 10^290 |
| 59 | ov_059 | 5.662105936238132 × 10^289 |
| 60 | ov_060 | 2.344630641009929 × 10^289 |
| 61 | ov_061 | 8.18361172339314 × 10^288 |
| 62 | ov_062 | 2.243191964773842 × 10^288 |
| 63 | ov_063 | 4.368544244188583 × 10^287 |
| 64 | lv_79_m31 | 8.505755740056485 × 10^286 |
| 65 | ov_065 | 1.015155852419573 × 10^288 |
| 66 | ov_066 | 1.0151525962765786 × 10^288 |
| 67 | ov_067 | 1.0151517993475771 × 10^288 |
| 68 | ov_068 | 8.770196109073593 × 10^287 |
| 69 | ov_069 | 7.539314234532511 × 10^287 |
| 70 | ov_070 | 6.446539365529436 × 10^287 |
| 71 | ov_071 | 5.4802974203663375 × 10^287 |
| 72 | ov_072 | 4.6297218453145456 × 10^287 |
| 73 | ov_073 | 3.884606761987935 × 10^287 |
| 74 | ov_074 | 3.2353644168672303 × 10^287 |
| 75 | ov_075 | 2.6729867022750386 × 10^287 |
| 76 | ov_076 | 2.189010525631632 × 10^287 |
| 77 | ov_077 | 1.7754868099157176 × 10^287 |
| 78 | ov_078 | 1.4249529131094246 × 10^287 |
| 79 | ov_079 | 1.1304082582059202 × 10^287 |
| 80 | ov_080 | 8.852929682711951 × 10^286 |
| 81 | ov_081 | 6.834693032348921 × 10^286 |
| 82 | ov_082 | 5.192056966813569 × 10^286 |
| 83 | ov_083 | 3.8716319205052456 × 10^286 |
| 84 | ov_084 | 2.823840784534334 × 10^286 |
| 85 | ov_085 | 2.0028252685441864 × 10^286 |
| 86 | ov_086 | 1.3865754152510873 × 10^286 |
| 87 | ov_087 | 9.364597300765028 × 10^285 |
| 88 | ov_088 | 6.173847680006068 × 10^285 |
| 89 | ov_089 | 3.9776164242485367 × 10^285 |
| 90 | ov_090 | 2.494826104185071 × 10^285 |
| 91 | ov_091 | 1.479057511273975 × 10^285 |
| 92 | ov_092 | 8.157508829383182 × 10^284 |
| 93 | ov_093 | 4.076130451385042 × 10^284 |
| 94 | ov_094 | 1.7460114396107686 × 10^284 |
| 95 | aaa_78_28 | 5.391600121443043 × 10^283 |
| 96 | aaa_78_29 | 1.6558255941357871 × 10^283 |
| 97 | ov_097 | 1.093507710265498 × 10^283 |
| 98 | ov_098 | 1.0934749540078257 × 10^283 |
| 99 | ov_099 | 1.0934644908410385 × 10^283 |
| 100 | ov_100 | 9.839842392147993 × 10^282 |
| 101 | ov_101 | 8.825852026633334 × 10^282 |
| 102 | ov_102 | 7.888236046638693 × 10^282 |
| 103 | ov_103 | 7.022880060052668 × 10^282 |
| 104 | ov_104 | 6.22595105767577 × 10^282 |
| 105 | ov_105 | 5.493859243978674 × 10^282 |
| 106 | ov_106 | 4.823223491737375 × 10^282 |
| 107 | ov_107 | 4.210840230521213 × 10^282 |
| 108 | ov_108 | 3.653655584673494 × 10^282 |
| 109 | ov_109 | 3.148740580886137 × 10^282 |
| 110 | ov_110 | 2.693269248902583 × 10^282 |
| 111 | ov_111 | 2.284499441453317 × 10^282 |
| 112 | ov_112 | 1.9197562013895513 × 10^282 |
| 113 | ov_113 | 1.5964175052745674 × 10^282 |
| 114 | ov_114 | 1.311902213548163 × 10^282 |
| 115 | ov_115 | 1.0636600579147505 × 10^282 |
| 116 | ov_116 | 8.491634969235155 × 10^281 |
| 117 | ov_117 | 6.659012708953024 × 10^281 |
| 118 | ov_118 | 5.113734874650403 × 10^281 |
| 119 | ov_119 | 3.830880690828179 × 10^281 |
| 120 | ov_120 | 2.785582763065268 × 10^281 |
| 121 | ov_121 | 1.953009242592399 × 10^281 |
| 122 | ov_122 | 1.3083506933735299 × 10^281 |
| 123 | ov_123 | 8.268108189006636 × 10^280 |
| 124 | ov_124 | 4.836002059318346 × 10^280 |
| 125 | ov_125 | 2.5393244799315507 × 10^280 |
| 126 | ov_126 | 1.130221676007252 × 10^280 |
| 127 | aaa_77_28 | 3.6084256912409956 × 10^279 |
| 128 | aaa_77_29 | 1.3524307787146474 × 10^279 |
| 129 | ov_129 | 1.2504081080568445 × 10^279 |
| 130 | ov_130 | 1.2504044536447452 × 10^279 |
| 131 | ov_131 | 1.2504035701704443 × 10^279 |
| 132 | ov_132 | 1.0837698046561836 × 10^279 |
| 133 | ov_133 | 9.345370939755853 × 10^278 |
| 134 | ov_134 | 8.013925274560565 × 10^278 |
| 135 | ov_135 | 6.830932865006405 × 10^278 |
| 136 | ov_136 | 5.784616186201873 × 10^278 |
| 137 | ov_137 | 4.863805134028577 × 10^278 |
| 138 | ov_138 | 4.0579001331388314 × 10^278 |
| 139 | ov_139 | 3.3568409562637454 × 10^278 |
| 140 | ov_140 | 2.7510806509497057 × 10^278 |
| 141 | ov_141 | 2.2315640022071747 × 10^278 |
| 142 | ov_142 | 1.78970999136559 × 10^278 |
| 143 | ov_143 | 1.4173977428360653 × 10^278 |
| 144 | ov_144 | 1.1069554816122293 × 10^278 |
| 145 | ov_145 | 8.51152055282469 × 10^277 |
| 146 | ov_146 | 6.431906051513785 × 10^277 |
| 147 | ov_147 | 4.767040018183895 × 10^277 |
| 148 | ov_148 | 3.4575169126365024 × 10^277 |
| 149 | ov_149 | 2.448176281599661 × 10^277 |
| 150 | ov_150 | 1.6880900377423274 × 10^277 |
| 151 | ov_151 | 1.1305550644907486 × 10^277 |
| 152 | ov_152 | 7.330889390697283 × 10^276 |
| 153 | ov_153 | 4.574272594659407 × 10^276 |
| 154 | ov_154 | 2.695218522137737 × 10^276 |
| 155 | ov_155 | 1.3953959668761253 × 10^276 |
| 156 | aaa_76_25 | 5.3617601972812904 × 10^275 |
| 157 | aaa_76_26 | 3.0962128605590035 × 10^275 |
| 158 | aaa_76_27 | 1.584870079308307 × 10^275 |
| 159 | aaa_76_28 | 6.170455715260706 × 10^274 |
| 160 | aaa_76_29 | 1.876466203268913 × 10^274 |

### Output Bits Sorted by Complexity

| Rank | Output Bit | Complexity |
|:----:|:----------:|:----------:|
| 160 | aaa_76_29 | 1.876466203268913 × 10^274 |
| 159 | aaa_76_28 | 6.170455715260706 × 10^274 |
| 158 | aaa_76_27 | 1.584870079308307 × 10^275 |
| 157 | aaa_76_26 | 3.0962128605590035 × 10^275 |
| 156 | aaa_76_25 | 5.3617601972812904 × 10^275 |
| 155 | ov_155 | 1.3953959668761253 × 10^276 |
| 154 | ov_154 | 2.695218522137737 × 10^276 |
| 153 | ov_153 | 4.574272594659407 × 10^276 |
| 152 | ov_152 | 7.330889390697283 × 10^276 |
| 151 | ov_151 | 1.1305550644907486 × 10^277 |
| 150 | ov_150 | 1.6880900377423274 × 10^277 |
| 149 | ov_149 | 2.448176281599661 × 10^277 |
| 148 | ov_148 | 3.4575169126365024 × 10^277 |
| 147 | ov_147 | 4.767040018183895 × 10^277 |
| 146 | ov_146 | 6.431906051513785 × 10^277 |
| 145 | ov_145 | 8.51152055282469 × 10^277 |
| 144 | ov_144 | 1.1069554816122293 × 10^278 |
| 143 | ov_143 | 1.4173977428360653 × 10^278 |
| 142 | ov_142 | 1.78970999136559 × 10^278 |
| 141 | ov_141 | 2.2315640022071747 × 10^278 |
| 140 | ov_140 | 2.7510806509497057 × 10^278 |
| 139 | ov_139 | 3.3568409562637454 × 10^278 |
| 138 | ov_138 | 4.0579001331388314 × 10^278 |
| 137 | ov_137 | 4.863805134028577 × 10^278 |
| 136 | ov_136 | 5.784616186201873 × 10^278 |
| 135 | ov_135 | 6.830932865006405 × 10^278 |
| 134 | ov_134 | 8.013925274560565 × 10^278 |
| 133 | ov_133 | 9.345370939755853 × 10^278 |
| 132 | ov_132 | 1.0837698046561836 × 10^279 |
| 131 | ov_131 | 1.2504035701704443 × 10^279 |
| 130 | ov_130 | 1.2504044536447452 × 10^279 |
| 129 | ov_129 | 1.2504081080568445 × 10^279 |
| 128 | aaa_77_29 | 1.3524307787146474 × 10^279 |
| 127 | aaa_77_28 | 3.6084256912409956 × 10^279 |
| 126 | ov_126 | 1.130221676007252 × 10^280 |
| 125 | ov_125 | 2.5393244799315507 × 10^280 |
| 124 | ov_124 | 4.836002059318346 × 10^280 |
| 123 | ov_123 | 8.268108189006636 × 10^280 |
| 122 | ov_122 | 1.3083506933735299 × 10^281 |
| 121 | ov_121 | 1.953009242592399 × 10^281 |
| 120 | ov_120 | 2.785582763065268 × 10^281 |
| 119 | ov_119 | 3.830880690828179 × 10^281 |
| 118 | ov_118 | 5.113734874650403 × 10^281 |
| 117 | ov_117 | 6.659012708953024 × 10^281 |
| 116 | ov_116 | 8.491634969235155 × 10^281 |
| 115 | ov_115 | 1.0636600579147505 × 10^282 |
| 114 | ov_114 | 1.311902213548163 × 10^282 |
| 113 | ov_113 | 1.5964175052745674 × 10^282 |
| 112 | ov_112 | 1.9197562013895513 × 10^282 |
| 111 | ov_111 | 2.284499441453317 × 10^282 |
| 110 | ov_110 | 2.693269248902583 × 10^282 |
| 109 | ov_109 | 3.148740580886137 × 10^282 |
| 108 | ov_108 | 3.653655584673494 × 10^282 |
| 107 | ov_107 | 4.210840230521213 × 10^282 |
| 106 | ov_106 | 4.823223491737375 × 10^282 |
| 105 | ov_105 | 5.493859243978674 × 10^282 |
| 104 | ov_104 | 6.22595105767577 × 10^282 |
| 103 | ov_103 | 7.022880060052668 × 10^282 |
| 102 | ov_102 | 7.888236046638693 × 10^282 |
| 101 | ov_101 | 8.825852026633334 × 10^282 |
| 100 | ov_100 | 9.839842392147993 × 10^282 |
| 99 | ov_099 | 1.0934644908410385 × 10^283 |
| 98 | ov_098 | 1.0934749540078257 × 10^283 |
| 97 | ov_097 | 1.093507710265498 × 10^283 |
| 96 | aaa_78_29 | 1.6558255941357871 × 10^283 |
| 95 | aaa_78_28 | 5.391600121443043 × 10^283 |
| 94 | ov_094 | 1.7460114396107686 × 10^284 |
| 93 | ov_093 | 4.076130451385042 × 10^284 |
| 92 | ov_092 | 8.157508829383182 × 10^284 |
| 91 | ov_091 | 1.479057511273975 × 10^285 |
| 90 | ov_090 | 2.494826104185071 × 10^285 |
| 89 | ov_089 | 3.9776164242485367 × 10^285 |
| 88 | ov_088 | 6.173847680006068 × 10^285 |
| 87 | ov_087 | 9.364597300765028 × 10^285 |
| 86 | ov_086 | 1.3865754152510873 × 10^286 |
| 85 | ov_085 | 2.0028252685441864 × 10^286 |
| 84 | ov_084 | 2.823840784534334 × 10^286 |
| 83 | ov_083 | 3.8716319205052456 × 10^286 |
| 82 | ov_082 | 5.192056966813569 × 10^286 |
| 81 | ov_081 | 6.834693032348921 × 10^286 |
| 64 | lv_79_m31 | 8.505755740056485 × 10^286 |
| 80 | ov_080 | 8.852929682711951 × 10^286 |
| 79 | ov_079 | 1.1304082582059202 × 10^287 |
| 78 | ov_078 | 1.4249529131094246 × 10^287 |
| 77 | ov_077 | 1.7754868099157176 × 10^287 |
| 76 | ov_076 | 2.189010525631632 × 10^287 |
| 75 | ov_075 | 2.6729867022750386 × 10^287 |
| 74 | ov_074 | 3.2353644168672303 × 10^287 |
| 73 | ov_073 | 3.884606761987935 × 10^287 |
| 63 | ov_063 | 4.368544244188583 × 10^287 |
| 72 | ov_072 | 4.6297218453145456 × 10^287 |
| 71 | ov_071 | 5.4802974203663375 × 10^287 |
| 70 | ov_070 | 6.446539365529436 × 10^287 |
| 69 | ov_069 | 7.539314234532511 × 10^287 |
| 68 | ov_068 | 8.770196109073593 × 10^287 |
| 67 | ov_067 | 1.0151517993475771 × 10^288 |
| 66 | ov_066 | 1.0151525962765786 × 10^288 |
| 65 | ov_065 | 1.015155852419573 × 10^288 |
| 62 | ov_062 | 2.243191964773842 × 10^288 |
| 61 | ov_061 | 8.18361172339314 × 10^288 |
| 60 | ov_060 | 2.344630641009929 × 10^289 |
| 59 | ov_059 | 5.662105936238132 × 10^289 |
| 58 | ov_058 | 1.149916073630288 × 10^290 |
| 57 | ov_057 | 2.0788032026522346 × 10^290 |
| 56 | ov_056 | 3.466482914209659 × 10^290 |
| 55 | ov_055 | 5.446955829515825 × 10^290 |
| 54 | ov_054 | 8.174617543062725 × 10^290 |
| 53 | ov_053 | 1.1978664168936219 × 10^291 |
| 52 | ov_052 | 1.7229118801574296 × 10^291 |
| 51 | ov_051 | 2.4336876156269002 × 10^291 |
| 50 | ov_050 | 3.375377186206787 × 10^291 |
| 49 | ov_049 | 4.597268602748282 × 10^291 |
| 48 | ov_048 | 6.152769569228147 × 10^291 |
| 47 | ov_047 | 8.099429629494688 × 10^291 |
| 32 | lv_80_m31 | 9.805703373268744 × 10^291 |
| 46 | ov_046 | 1.049897160385328 × 10^292 |
| 45 | ov_045 | 1.3417334983374113 × 10^292 |
| 44 | ov_044 | 1.692473402967931 × 10^292 |
| 43 | ov_043 | 2.1095733208991206 × 10^292 |
| 42 | ov_042 | 2.6009342878596436 × 10^292 |
| 41 | ov_041 | 3.174913884280473 × 10^292 |
| 40 | ov_040 | 3.8360464074913707 × 10^292 |
| 39 | ov_039 | 4.59365003329082 × 10^292 |
| 31 | ov_031 | 5.03045190207366 × 10^292 |
| 38 | ov_038 | 5.457553947408804 × 10^292 |
| 37 | ov_037 | 6.438124284815254 × 10^292 |
| 36 | ov_036 | 7.546294837269126 × 10^292 |
| 35 | ov_035 | 8.793603108097072 × 10^292 |
| 34 | ov_034 | 1.0192232331192842 × 10^293 |
| 33 | ov_033 | 1.1755060111313247 × 10^293 |
| 30 | ov_030 | 2.5801798091364897 × 10^293 |
| 29 | ov_029 | 8.443125767065685 × 10^293 |
| 28 | ov_028 | 2.191972508572373 × 10^294 |
| 27 | ov_027 | 4.900442626642724 × 10^294 |
| 26 | ov_026 | 9.801457229713647 × 10^294 |
| 25 | ov_025 | 1.7959042661947153 × 10^295 |
| 24 | ov_024 | 3.173355356467572 × 10^295 |
| 23 | ov_023 | 5.394997743929847 × 10^295 |
| 22 | ov_022 | 8.789803324807089 × 10^295 |
| 21 | ov_021 | 1.3733238105266006 × 10^296 |
| 20 | ov_020 | 2.064730048236009 × 10^296 |
| 19 | ov_019 | 3.000058381922389 × 10^296 |
| 18 | ov_018 | 4.23083715882015 × 10^296 |
| 17 | ov_017 | 5.813277498672368 × 10^296 |
| 16 | ov_016 | 7.808292610615337 × 10^296 |
| 15 | ov_015 | 1.0281524620187994 × 10^297 |
| 14 | ov_014 | 1.3303381569450298 × 10^297 |
| 13 | ov_013 | 1.6949087714036984 × 10^297 |
| 12 | ov_012 | 2.129875056828519 × 10^297 |
| 11 | ov_011 | 2.6437448477602473 × 10^297 |
| 10 | ov_010 | 3.245534282632852 × 10^297 |
| 9 | ov_009 | 3.944781931997059 × 10^297 |
| 8 | ov_008 | 4.7515663113513475 × 10^297 |
| 7 | ov_007 | 5.676527289337307 × 10^297 |
| 6 | ov_006 | 6.730891936054469 × 10^297 |
| 5 | ov_005 | 7.926505390787642 × 10^297 |
| 4 | ov_004 | 9.275867363668731 × 10^297 |
| 3 | ov_003 | 1.079217487894689 × 10^298 |
| 2 | ov_002 | 1.2489371818823902 × 10^298 |
| 1 | ov_001 | 1.43822058653056 × 10^298 |

