# Results for F001-F002-F003-F004-F005-F006-F007-F008-F009-F010-F011-F012-F013-F014-F015-F016-F017-F018-F019-F020-F021-F022-F023-F024-F025-F026-F027-F028-F029-F030-F031-F032-F033-F034-F035-F036-F037-F038-F039-F040-F041-F042-F043-F044-F045-F046-F047-F048-F049-F050-F051-F052-F053-F054-F055-F056-F057-F058-F059-F060-F061-F062-F063-F064-F065-F066-F067-F068-F069-F070-F071-F072-F073-F074-F075-F076-F077-F078-F079-F080-F081-F082-F083-F084-F085-F086-F087-F088-F089-F090-F091-F092-F093-F094-F095-F096-F097-F098-F099-F100-F101-F102-F103-F104-F105-F106-F107-F108-F109-F110-F111-F112-F113-F114-F115-F116-F117-F118-F119-F120-F121-F122-F123-F124-F125-F126-F127-F128-F129-F130-F131-F132-F133-F134-F135-F136-F137-F138-F139-F140-F141-F142-F143-F144-F145-F146-F147-F148-F149-F150-F151-F152-F153-F154-F155-F156-F157-F158-F159-F160-F161-F162-F163-F164-F165-F166-F167-F168-F169-F170-F171-F172-F173-F174-F175-F176-F177-F178-F179-F180-F181-F182-F183-F184-F185-F186-F187-F188-F189-F190-F191-F192-F193-F194-F195-F196-F197-F198-F199-F200-F201-F202-F203-F204-F205-F206-F207-F208-F209-F210-F211-F212-F213-F214-F215-F216-F217-F218-F219-F220-F221-F222-F223-F224-F225-F226-F227-F228-F229-F230-F231-F232-F233-F234-F235-F236-F237-F238-F239-F240-F241-F242-F243-F244-F245-F246-F247-F248-F249-F250-F251-F252-F253-F254-F255-F256-F257-F258-F259-F260-F261-F262-F263-F264-F265-F266-F267-F268-F269-F270-F271-F272-F273-F274-F275-F276-F277-F278-F279-F280-F281-F282-F283-F284-F285-F286-F287-F288-F289-F290-F291-F292-F293-F294-F295-F296-F297-F298-F299-F300-F301-F302-F303-F304-F305-F306-F307-F308-F309-F310-F311-F312-F313-F314-F315-F316-F317-F318-F319-F320-F321-F322-F323-F324-F325-F326-F327-F328-F329-F330-F331-F332-F333-F334-F335-F336-F337-F338-F339-F340-F341-F342-F343-F344-F345-F346-F347-F348-F349-F350-F351-F352-F353-F354-F355-F356-F357-F358-F359-F360-F361-F362-F363-F364-F365-F366-F367-F368-F369-F370-F371-F372-F373-F374-F375-F376-F377-F378-F379-F380-F381-F382-F383-F384-F385-F386-F387-F388-F389-F390-F391-F392-F393-F394-F395-F396-F397-F398-F399-F400-F401-F402-F403-F404-F405-F406-F407-F408-F409-F410-F411-F412-F413-F414-F415-F416-F417-F418-F419-F420-F421-F422-F423-F424-F425-F426-F427-F428-F429-F430-F431-F432-F433-F434-F435-F436-F437-F438-F439-F440-F441-F442-F443-F444-F445-F446-F447-F448-F449-F450-F451-F452-F453-F454-F455-F456-F457-F458-F459-F460-F461-F462-F463-F464-F465-F466-F467-F468-F469-F470-F471-F472-F473-F474-F475-F476-F477-F478-F479-F480-F481-F482-F483-F484-F485-F486-F487-F488-F489-F490-F491-F492-F493-F494-F495-F496-O507508-F509-F510-F512

## Summary

Number of input bits: 512  
Number of free input bits: 12  
Number of output bits: 160

Number of direct occurrences: 49242  
Number of assignments: 31577  
Number of operations: 11280812
(xor: 11252355,
and: 15028,
or: 13429)

Total complexity: 3.4303717282389576 × 10^301

Least occurring input variable: iv_504 (3933)  
Most occurring input variable: iv_507 (4383)

Most co-occurring input variables: iv_507-iv_511 (2100)  
Least co-occurring input variables: iv_499-iv_502 (1777)

Potentially most occurring input variable: iv_501/iv_507 (4609)  
Potentially least occurring input variable: iv_499/iv_505 (4138)

Least output occurring input variable: iv_500 (69)  
Most output occurring input variable: iv_501 (91)

Most output co-occurring input variables: iv_498-iv_502 (51)  
Least output co-occurring input variables: iv_500-iv_505 (23)

Potentially most output occurring input variable: iv_500/iv_505 (99)  
Potentially least output occurring input variable: iv_504/iv_511 (68)

Least complex input bit: iv_511 (8.721866282001309 × 10^297)  
Most complex input bit: iv_505 (1.0087236331958938 × 10^301)

Least complex output bit: aaa_76_29 (1.2159498052703961 × 10^276)  
Most complex output bit: ov_001 (5.362839835635363 × 10^300)

Least complex input/output complexity: iv_511/aaa_76_29 (3.0916041896830745 × 10^272)  
Most complex input/output complexity: iv_505/ov_001 (1.5769787392770124 × 10^300)

## Input Bits

### Input Bits in Regular Order

| Input Bit | Complexity | Occurrences | Output Occurrences |
|:---------:|:----------:|:-----------:|:------------------:|
| iv_497 | 1.8182109168452318 × 10^299 | 4153 | 84 |
| iv_498 | 3.6278675282123145 × 10^299 | 3967 | 90 |
| iv_499 | 6.513143059826046 × 10^299 | 3967 | 81 |
| iv_500 | 1.1199801136572835 × 10^300 | 3997 | 69 |
| iv_501 | 1.8855536915409976 × 10^300 | 4114 | 91 |
| iv_502 | 3.094757188132173 × 10^300 | 3940 | 83 |
| iv_503 | 4.969409039021251 × 10^300 | 4104 | 79 |
| iv_504 | 7.800896669042338 × 10^300 | 3933 | 75 |
| iv_505 | 1.0087236331958938 × 10^301 | 4159 | 76 |
| iv_506 | 1.91908884600586 × 10^300 | 4174 | 85 |
| iv_507 | 2.2221513862603467 × 10^300 | 4383 | 74 |
| iv_511 | 8.721866282001309 × 10^297 | 4351 | 79 |

### Input Bits Sorted by Complexity

| Input Bit | Complexity | Occurrences | Output Occurrences |
|:---------:|:----------:|:-----------:|:------------------:|
| iv_511 | 8.721866282001309 × 10^297 | 4351 | 79 |
| iv_497 | 1.8182109168452318 × 10^299 | 4153 | 84 |
| iv_498 | 3.6278675282123145 × 10^299 | 3967 | 90 |
| iv_499 | 6.513143059826046 × 10^299 | 3967 | 81 |
| iv_500 | 1.1199801136572835 × 10^300 | 3997 | 69 |
| iv_501 | 1.8855536915409976 × 10^300 | 4114 | 91 |
| iv_506 | 1.91908884600586 × 10^300 | 4174 | 85 |
| iv_507 | 2.2221513862603467 × 10^300 | 4383 | 74 |
| iv_502 | 3.094757188132173 × 10^300 | 3940 | 83 |
| iv_503 | 4.969409039021251 × 10^300 | 4104 | 79 |
| iv_504 | 7.800896669042338 × 10^300 | 3933 | 75 |
| iv_505 | 1.0087236331958938 × 10^301 | 4159 | 76 |

### Input Bits Sorted by Occurrences

| Input Bit | Complexity | Occurrences | Output Occurrences |
|:---------:|:----------:|:-----------:|:------------------:|
| iv_504 | 7.800896669042338 × 10^300 | 3933 | 75 |
| iv_502 | 3.094757188132173 × 10^300 | 3940 | 83 |
| iv_499 | 6.513143059826046 × 10^299 | 3967 | 81 |
| iv_498 | 3.6278675282123145 × 10^299 | 3967 | 90 |
| iv_500 | 1.1199801136572835 × 10^300 | 3997 | 69 |
| iv_503 | 4.969409039021251 × 10^300 | 4104 | 79 |
| iv_501 | 1.8855536915409976 × 10^300 | 4114 | 91 |
| iv_497 | 1.8182109168452318 × 10^299 | 4153 | 84 |
| iv_505 | 1.0087236331958938 × 10^301 | 4159 | 76 |
| iv_506 | 1.91908884600586 × 10^300 | 4174 | 85 |
| iv_511 | 8.721866282001309 × 10^297 | 4351 | 79 |
| iv_507 | 2.2221513862603467 × 10^300 | 4383 | 74 |

### Input Bits Sorted by Output Occurrences

| Input Bit | Complexity | Occurrences | Output Occurrences |
|:---------:|:----------:|:-----------:|:------------------:|
| iv_500 | 1.1199801136572835 × 10^300 | 3997 | 69 |
| iv_507 | 2.2221513862603467 × 10^300 | 4383 | 74 |
| iv_504 | 7.800896669042338 × 10^300 | 3933 | 75 |
| iv_505 | 1.0087236331958938 × 10^301 | 4159 | 76 |
| iv_503 | 4.969409039021251 × 10^300 | 4104 | 79 |
| iv_511 | 8.721866282001309 × 10^297 | 4351 | 79 |
| iv_499 | 6.513143059826046 × 10^299 | 3967 | 81 |
| iv_502 | 3.094757188132173 × 10^300 | 3940 | 83 |
| iv_497 | 1.8182109168452318 × 10^299 | 4153 | 84 |
| iv_506 | 1.91908884600586 × 10^300 | 4174 | 85 |
| iv_498 | 3.6278675282123145 × 10^299 | 3967 | 90 |
| iv_501 | 1.8855536915409976 × 10^300 | 4114 | 91 |

## Input Bit Co-occurrences

### Input Bit Co-occurrences Sorted by Co-occurrences

| Input Bits | Co-occurrences | Potential Occurrences | Output Co-occurrences | Potential Output Occurrences |
|:----------:|:--------------:|:---------------------:|:---------------------:|:----------------------------:|
| iv_507-iv_511 | 2100 | 4534 | 36 | 81 |
| iv_505-iv_511 | 2068 | 4374 | 37 | 81 |
| iv_506-iv_511 | 2061 | 4403 | 37 | 90 |
| iv_506-iv_507 | 2058 | 4441 | 41 | 77 |
| iv_503-iv_511 | 2056 | 4343 | 36 | 86 |
| iv_505-iv_506 | 2055 | 4223 | 44 | 73 |
| iv_505-iv_507 | 2051 | 4440 | 34 | 82 |
| iv_501-iv_511 | 2039 | 4387 | 43 | 84 |
| iv_497-iv_507 | 2028 | 4480 | 40 | 78 |
| iv_497-iv_501 | 2013 | 4241 | 48 | 79 |
| iv_497-iv_511 | 2012 | 4480 | 44 | 75 |
| iv_503-iv_507 | 2011 | 4465 | 33 | 87 |

### Input Bit Co-occurrences Sorted by Potential Occurrences

| Input Bits | Co-occurrences | Potential Occurrences | Output Co-occurrences | Potential Output Occurrences |
|:----------:|:--------------:|:---------------------:|:---------------------:|:----------------------------:|
| iv_499-iv_505 | 1994 | 4138 | 38 | 81 |
| iv_499-iv_504 | 1851 | 4198 | 35 | 86 |
| iv_498-iv_504 | 1851 | 4198 | 45 | 75 |
| iv_499-iv_501 | 1941 | 4199 | 49 | 74 |
| iv_501-iv_503 | 2003 | 4212 | 45 | 80 |
| iv_497-iv_502 | 1936 | 4221 | 46 | 75 |
| iv_499-iv_500 | 1871 | 4222 | 35 | 80 |
| iv_505-iv_506 | 2055 | 4223 | 44 | 73 |
| iv_501-iv_502 | 1907 | 4240 | 42 | 90 |
| iv_497-iv_501 | 2013 | 4241 | 48 | 79 |
| iv_497-iv_504 | 1921 | 4244 | 45 | 69 |
| iv_504-iv_506 | 1927 | 4253 | 37 | 86 |

### Input Bit Output Co-occurrences Sorted by Output Co-occurrences

| Input Bits | Co-occurrences | Potential Occurrences | Output Co-occurrences | Potential Output Occurrences |
|:----------:|:--------------:|:---------------------:|:---------------------:|:----------------------------:|
| iv_498-iv_502 | 1794 | 4319 | 51 | 71 |
| iv_501-iv_506 | 1933 | 4422 | 50 | 76 |
| iv_497-iv_498 | 1900 | 4320 | 49 | 76 |
| iv_499-iv_501 | 1941 | 4199 | 49 | 74 |
| iv_502-iv_506 | 1907 | 4300 | 48 | 72 |
| iv_497-iv_501 | 2013 | 4241 | 48 | 79 |
| iv_498-iv_511 | 1936 | 4446 | 48 | 73 |
| iv_498-iv_501 | 1867 | 4347 | 47 | 87 |
| iv_498-iv_503 | 1868 | 4335 | 47 | 75 |
| iv_501-iv_505 | 1978 | 4317 | 46 | 75 |
| iv_498-iv_506 | 1921 | 4299 | 46 | 83 |
| iv_497-iv_502 | 1936 | 4221 | 46 | 75 |

### Input Bit Output Co-occurrences Sorted by Potential Output Occurrences

| Input Bits | Co-occurrences | Potential Occurrences | Output Co-occurrences | Potential Output Occurrences |
|:----------:|:--------------:|:---------------------:|:---------------------:|:----------------------------:|
| iv_504-iv_511 | 1951 | 4382 | 43 | 68 |
| iv_497-iv_504 | 1921 | 4244 | 45 | 69 |
| iv_498-iv_502 | 1794 | 4319 | 51 | 71 |
| iv_502-iv_506 | 1907 | 4300 | 48 | 72 |
| iv_505-iv_506 | 2055 | 4223 | 44 | 73 |
| iv_498-iv_511 | 1936 | 4446 | 48 | 73 |
| iv_499-iv_501 | 1941 | 4199 | 49 | 74 |
| iv_500-iv_511 | 2006 | 4336 | 37 | 74 |
| iv_498-iv_507 | 1959 | 4432 | 45 | 74 |
| iv_502-iv_503 | 1887 | 4270 | 44 | 74 |
| iv_501-iv_505 | 1978 | 4317 | 46 | 75 |
| iv_504-iv_505 | 1886 | 4320 | 38 | 75 |

## Output Bits

### Output Bits in Regular Order

| Rank | Output Bit | Complexity |
|:----:|:----------:|:----------:|
| 1 | ov_001 | 5.362839835635363 × 10^300 |
| 2 | ov_002 | 4.66659425774764 × 10^300 |
| 3 | ov_003 | 4.0415107763169105 × 10^300 |
| 4 | ov_004 | 3.482254829099602 × 10^300 |
| 5 | ov_005 | 2.9837841778544238 × 10^300 |
| 6 | ov_006 | 2.5413280919409664 × 10^300 |
| 7 | ov_007 | 2.150369182190876 × 10^300 |
| 8 | ov_008 | 1.806627714713926 × 10^300 |
| 9 | ov_009 | 1.506048215090738 × 10^300 |
| 10 | ov_010 | 1.244788138731267 × 10^300 |
| 11 | ov_011 | 1.019208380682179 × 10^300 |
| 12 | ov_012 | 8.258654111898986 × 10^299 |
| 13 | ov_013 | 6.615048360886738 × 10^299 |
| 14 | ov_014 | 5.230561936416925 × 10^299 |
| 15 | ov_015 | 4.0762881186533314 × 10^299 |
| 16 | ov_016 | 3.125085626503584 × 10^299 |
| 17 | ov_017 | 2.351553611900991 × 10^299 |
| 18 | ov_018 | 1.7320127135911299 × 10^299 |
| 19 | ov_019 | 1.244490897758578 × 10^299 |
| 20 | ov_020 | 8.687129903969153 × 10^298 |
| 21 | ov_021 | 5.860930901032325 × 10^298 |
| 22 | ov_022 | 3.797292691793621 × 10^298 |
| 23 | ov_023 | 2.3440001168990736 × 10^298 |
| 24 | ov_024 | 1.365618972483895 × 10^298 |
| 25 | ov_025 | 7.434818326027448 × 10^297 |
| 26 | ov_026 | 3.756802800086372 × 10^297 |
| 27 | ov_027 | 1.7706124910474545 × 10^297 |
| 28 | ov_028 | 7.92255833226441 × 10^296 |
| 29 | ov_029 | 3.0527570549067032 × 10^296 |
| 30 | ov_030 | 9.332691706364247 × 10^295 |
| 31 | ov_031 | 1.8204199843304993 × 10^295 |
| 32 | lv_80_m31 | 3.550309208210857 × 10^294 |
| 33 | ov_033 | 4.2746499462022994 × 10^295 |
| 34 | ov_034 | 3.711987713185434 × 10^295 |
| 35 | ov_035 | 3.208125446489208 × 10^295 |
| 36 | ov_036 | 2.7582988820266 × 10^295 |
| 37 | ov_037 | 2.3580025810778495 × 10^295 |
| 38 | ov_038 | 2.0029716602313345 × 10^295 |
| 39 | ov_039 | 1.6891659599105064 × 10^295 |
| 40 | ov_040 | 1.4127564228509585 × 10^295 |
| 41 | ov_041 | 1.170113465293312 × 10^295 |
| 42 | ov_042 | 9.594708280655393 × 10^294 |
| 43 | ov_043 | 7.791548179354136 × 10^294 |
| 44 | ov_044 | 6.260814010168181 × 10^294 |
| 45 | ov_045 | 4.973354720808287 × 10^294 |
| 46 | ov_046 | 3.9016631688849575 × 10^294 |
| 47 | ov_047 | 3.0198399387590873 × 10^294 |
| 48 | ov_048 | 2.303564937526392 × 10^294 |
| 49 | ov_049 | 1.730075461219691 × 10^294 |
| 50 | ov_050 | 1.2781495274377982 × 10^294 |
| 51 | ov_051 | 9.280934310706262 × 10^293 |
| 52 | ov_052 | 6.617326956538985 × 10^293 |
| 53 | ov_053 | 4.624057399531019 × 10^293 |
| 54 | ov_054 | 3.149596576931752 × 10^293 |
| 55 | ov_055 | 2.0574755708132926 × 10^293 |
| 56 | ov_056 | 1.2832224377663774 × 10^293 |
| 57 | ov_057 | 7.698842295391531 × 10^292 |
| 58 | ov_058 | 4.260998216316069 × 10^292 |
| 59 | ov_059 | 2.0994550841677292 × 10^292 |
| 60 | ov_060 | 8.701046657062741 × 10^291 |
| 61 | ov_061 | 3.0396453058714636 × 10^291 |
| 62 | ov_062 | 8.33915680345267 × 10^290 |
| 63 | ov_063 | 1.6255105155673766 × 10^290 |
| 64 | lv_79_m31 | 3.1678036334533417 × 10^289 |
| 65 | ov_065 | 3.785619362245241 × 10^290 |
| 66 | ov_066 | 3.785608750498089 × 10^290 |
| 67 | ov_067 | 3.7856062067427655 × 10^290 |
| 68 | ov_068 | 3.2802921049545428 × 10^290 |
| 69 | ov_069 | 2.8278231192796753 × 10^290 |
| 70 | ov_070 | 2.424264627435989 × 10^290 |
| 71 | ov_071 | 2.065875565441674 × 10^290 |
| 72 | ov_072 | 1.7490952020295309 × 10^290 |
| 73 | ov_073 | 1.470532263778962 × 10^290 |
| 74 | ov_074 | 1.2269561201212642 × 10^290 |
| 75 | ov_075 | 1.0152897527629434 × 10^290 |
| 76 | ov_076 | 8.326042488753169 × 10^289 |
| 77 | ov_077 | 6.761145717208451 × 10^289 |
| 78 | ov_078 | 5.431763763179153 × 10^289 |
| 79 | ov_079 | 4.3128365136407207 × 10^289 |
| 80 | ov_080 | 3.3806698200890873 × 10^289 |
| 81 | ov_081 | 2.6129224124704187 × 10^289 |
| 82 | ov_082 | 1.9885954911094161 × 10^289 |
| 83 | ov_083 | 1.4880240530202236 × 10^289 |
| 84 | ov_084 | 1.0928696249650312 × 10^289 |
| 85 | ov_085 | 7.861142757932268 × 10^288 |
| 86 | ov_086 | 5.520557808524348 × 10^288 |
| 87 | ov_087 | 3.763038114255415 × 10^288 |
| 88 | ov_088 | 2.4577702224705848 × 10^288 |
| 89 | ov_089 | 1.5426167465072743 × 10^288 |
| 90 | ov_090 | 9.128861072673824 × 10^287 |
| 91 | ov_091 | 5.194943700633067 × 10^287 |
| 92 | ov_092 | 2.8383139295895606 × 10^287 |
| 93 | ov_093 | 1.403216589895227 × 10^287 |
| 94 | ov_094 | 5.943580600716989 × 10^286 |
| 95 | aaa_78_28 | 1.8160839996845605 × 10^286 |
| 96 | aaa_78_29 | 5.485193293189351 × 10^285 |
| 97 | ov_097 | 2.843285933822715 × 10^285 |
| 98 | ov_098 | 2.8432650104156426 × 10^285 |
| 99 | ov_099 | 2.8432583284358887 × 10^285 |
| 100 | ov_100 | 2.3853412928744684 × 10^285 |
| 101 | ov_101 | 1.985796308288816 × 10^285 |
| 102 | ov_102 | 1.6394462299758266 × 10^285 |
| 103 | ov_103 | 1.3413981123076035 × 10^285 |
| 104 | ov_104 | 1.0870225798522412 × 10^285 |
| 105 | ov_105 | 8.719358857593502 × 10^284 |
| 106 | ov_106 | 6.919844098226989 × 10^284 |
| 107 | ov_107 | 5.4323136153937 × 10^284 |
| 108 | ov_108 | 4.21945465912591 × 10^284 |
| 109 | ov_109 | 3.2459142178462812 × 10^284 |
| 110 | ov_110 | 2.478219342151044 × 10^284 |
| 111 | ov_111 | 1.884711339063649 × 10^284 |
| 112 | ov_112 | 1.4354920797815878 × 10^284 |
| 113 | ov_113 | 1.1023807755643565 × 10^284 |
| 114 | ov_114 | 8.58879687040799 × 10^283 |
| 115 | ov_115 | 6.801473421545646 × 10^283 |
| 116 | ov_116 | 5.429779474492622 × 10^283 |
| 117 | ov_117 | 4.257857865871096 × 10^283 |
| 118 | ov_118 | 3.269707195911413 × 10^283 |
| 119 | ov_119 | 2.4493837000020884 × 10^283 |
| 120 | ov_120 | 1.7809813735884512 × 10^283 |
| 121 | ov_121 | 1.2486178191486225 × 10^283 |
| 122 | ov_122 | 8.364251353163686 × 10^282 |
| 123 | ov_123 | 5.2854392192320817 × 10^282 |
| 124 | ov_124 | 3.0911923388940994 × 10^282 |
| 125 | ov_125 | 1.6229807304706396 × 10^282 |
| 126 | ov_126 | 7.222810783067989 × 10^281 |
| 127 | aaa_77_28 | 2.3057181437880154 × 10^281 |
| 128 | aaa_77_29 | 8.640253240664428 × 10^280 |
| 129 | ov_129 | 8.004764277657851 × 10^280 |
| 130 | ov_130 | 8.004740584332215 × 10^280 |
| 131 | ov_131 | 8.004734852371722 × 10^280 |
| 132 | ov_132 | 6.937907104251845 × 10^280 |
| 133 | ov_133 | 5.983091237651353 × 10^280 |
| 134 | ov_134 | 5.131749632192122 × 10^280 |
| 135 | ov_135 | 4.375804875816956 × 10^280 |
| 136 | ov_136 | 3.707606900404331 × 10^280 |
| 137 | ov_137 | 3.1199045925064866 × 10^280 |
| 138 | ov_138 | 2.6058214579018754 × 10^280 |
| 139 | ov_139 | 2.158834940316546 × 10^280 |
| 140 | ov_140 | 1.7727590156701246 × 10^280 |
| 141 | ov_141 | 1.4417297036835946 × 10^280 |
| 142 | ov_142 | 1.1601931587695216 × 10^280 |
| 143 | ov_143 | 9.228960219117831 × 10^279 |
| 144 | ov_144 | 7.248777348133554 × 10^279 |
| 145 | ov_145 | 5.614645370121699 × 10^279 |
| 146 | ov_146 | 4.2826488598542116 × 10^279 |
| 147 | ov_147 | 3.211660595170525 × 10^279 |
| 148 | ov_148 | 2.3633171881531383 × 10^279 |
| 149 | ov_149 | 1.7020023005278448 × 10^279 |
| 150 | ov_150 | 1.1948356116980837 × 10^279 |
| 151 | ov_151 | 8.116658993989503 × 10^278 |
| 152 | ov_152 | 5.2506685106027336 × 10^278 |
| 153 | ov_153 | 3.2200614679869627 × 10^278 |
| 154 | ov_154 | 1.8050098065619352 × 10^278 |
| 155 | ov_155 | 9.024008710561742 × 10^277 |
| 156 | aaa_76_25 | 3.468079021747153 × 10^277 |
| 157 | aaa_76_26 | 2.0033939032337266 × 10^277 |
| 158 | aaa_76_27 | 1.0259014550864174 × 10^277 |
| 159 | aaa_76_28 | 3.9962949168219846 × 10^276 |
| 160 | aaa_76_29 | 1.2159498052703961 × 10^276 |

### Output Bits Sorted by Complexity

| Rank | Output Bit | Complexity |
|:----:|:----------:|:----------:|
| 160 | aaa_76_29 | 1.2159498052703961 × 10^276 |
| 159 | aaa_76_28 | 3.9962949168219846 × 10^276 |
| 158 | aaa_76_27 | 1.0259014550864174 × 10^277 |
| 157 | aaa_76_26 | 2.0033939032337266 × 10^277 |
| 156 | aaa_76_25 | 3.468079021747153 × 10^277 |
| 155 | ov_155 | 9.024008710561742 × 10^277 |
| 154 | ov_154 | 1.8050098065619352 × 10^278 |
| 153 | ov_153 | 3.2200614679869627 × 10^278 |
| 152 | ov_152 | 5.2506685106027336 × 10^278 |
| 151 | ov_151 | 8.116658993989503 × 10^278 |
| 150 | ov_150 | 1.1948356116980837 × 10^279 |
| 149 | ov_149 | 1.7020023005278448 × 10^279 |
| 148 | ov_148 | 2.3633171881531383 × 10^279 |
| 147 | ov_147 | 3.211660595170525 × 10^279 |
| 146 | ov_146 | 4.2826488598542116 × 10^279 |
| 145 | ov_145 | 5.614645370121699 × 10^279 |
| 144 | ov_144 | 7.248777348133554 × 10^279 |
| 143 | ov_143 | 9.228960219117831 × 10^279 |
| 142 | ov_142 | 1.1601931587695216 × 10^280 |
| 141 | ov_141 | 1.4417297036835946 × 10^280 |
| 140 | ov_140 | 1.7727590156701246 × 10^280 |
| 139 | ov_139 | 2.158834940316546 × 10^280 |
| 138 | ov_138 | 2.6058214579018754 × 10^280 |
| 137 | ov_137 | 3.1199045925064866 × 10^280 |
| 136 | ov_136 | 3.707606900404331 × 10^280 |
| 135 | ov_135 | 4.375804875816956 × 10^280 |
| 134 | ov_134 | 5.131749632192122 × 10^280 |
| 133 | ov_133 | 5.983091237651353 × 10^280 |
| 132 | ov_132 | 6.937907104251845 × 10^280 |
| 131 | ov_131 | 8.004734852371722 × 10^280 |
| 130 | ov_130 | 8.004740584332215 × 10^280 |
| 129 | ov_129 | 8.004764277657851 × 10^280 |
| 128 | aaa_77_29 | 8.640253240664428 × 10^280 |
| 127 | aaa_77_28 | 2.3057181437880154 × 10^281 |
| 126 | ov_126 | 7.222810783067989 × 10^281 |
| 125 | ov_125 | 1.6229807304706396 × 10^282 |
| 124 | ov_124 | 3.0911923388940994 × 10^282 |
| 123 | ov_123 | 5.2854392192320817 × 10^282 |
| 122 | ov_122 | 8.364251353163686 × 10^282 |
| 121 | ov_121 | 1.2486178191486225 × 10^283 |
| 120 | ov_120 | 1.7809813735884512 × 10^283 |
| 119 | ov_119 | 2.4493837000020884 × 10^283 |
| 118 | ov_118 | 3.269707195911413 × 10^283 |
| 117 | ov_117 | 4.257857865871096 × 10^283 |
| 116 | ov_116 | 5.429779474492622 × 10^283 |
| 115 | ov_115 | 6.801473421545646 × 10^283 |
| 114 | ov_114 | 8.58879687040799 × 10^283 |
| 113 | ov_113 | 1.1023807755643565 × 10^284 |
| 112 | ov_112 | 1.4354920797815878 × 10^284 |
| 111 | ov_111 | 1.884711339063649 × 10^284 |
| 110 | ov_110 | 2.478219342151044 × 10^284 |
| 109 | ov_109 | 3.2459142178462812 × 10^284 |
| 108 | ov_108 | 4.21945465912591 × 10^284 |
| 107 | ov_107 | 5.4323136153937 × 10^284 |
| 106 | ov_106 | 6.919844098226989 × 10^284 |
| 105 | ov_105 | 8.719358857593502 × 10^284 |
| 104 | ov_104 | 1.0870225798522412 × 10^285 |
| 103 | ov_103 | 1.3413981123076035 × 10^285 |
| 102 | ov_102 | 1.6394462299758266 × 10^285 |
| 101 | ov_101 | 1.985796308288816 × 10^285 |
| 100 | ov_100 | 2.3853412928744684 × 10^285 |
| 99 | ov_099 | 2.8432583284358887 × 10^285 |
| 98 | ov_098 | 2.8432650104156426 × 10^285 |
| 97 | ov_097 | 2.843285933822715 × 10^285 |
| 96 | aaa_78_29 | 5.485193293189351 × 10^285 |
| 95 | aaa_78_28 | 1.8160839996845605 × 10^286 |
| 94 | ov_094 | 5.943580600716989 × 10^286 |
| 93 | ov_093 | 1.403216589895227 × 10^287 |
| 92 | ov_092 | 2.8383139295895606 × 10^287 |
| 91 | ov_091 | 5.194943700633067 × 10^287 |
| 90 | ov_090 | 9.128861072673824 × 10^287 |
| 89 | ov_089 | 1.5426167465072743 × 10^288 |
| 88 | ov_088 | 2.4577702224705848 × 10^288 |
| 87 | ov_087 | 3.763038114255415 × 10^288 |
| 86 | ov_086 | 5.520557808524348 × 10^288 |
| 85 | ov_085 | 7.861142757932268 × 10^288 |
| 84 | ov_084 | 1.0928696249650312 × 10^289 |
| 83 | ov_083 | 1.4880240530202236 × 10^289 |
| 82 | ov_082 | 1.9885954911094161 × 10^289 |
| 81 | ov_081 | 2.6129224124704187 × 10^289 |
| 64 | lv_79_m31 | 3.1678036334533417 × 10^289 |
| 80 | ov_080 | 3.3806698200890873 × 10^289 |
| 79 | ov_079 | 4.3128365136407207 × 10^289 |
| 78 | ov_078 | 5.431763763179153 × 10^289 |
| 77 | ov_077 | 6.761145717208451 × 10^289 |
| 76 | ov_076 | 8.326042488753169 × 10^289 |
| 75 | ov_075 | 1.0152897527629434 × 10^290 |
| 74 | ov_074 | 1.2269561201212642 × 10^290 |
| 73 | ov_073 | 1.470532263778962 × 10^290 |
| 63 | ov_063 | 1.6255105155673766 × 10^290 |
| 72 | ov_072 | 1.7490952020295309 × 10^290 |
| 71 | ov_071 | 2.065875565441674 × 10^290 |
| 70 | ov_070 | 2.424264627435989 × 10^290 |
| 69 | ov_069 | 2.8278231192796753 × 10^290 |
| 68 | ov_068 | 3.2802921049545428 × 10^290 |
| 67 | ov_067 | 3.7856062067427655 × 10^290 |
| 66 | ov_066 | 3.785608750498089 × 10^290 |
| 65 | ov_065 | 3.785619362245241 × 10^290 |
| 62 | ov_062 | 8.33915680345267 × 10^290 |
| 61 | ov_061 | 3.0396453058714636 × 10^291 |
| 60 | ov_060 | 8.701046657062741 × 10^291 |
| 59 | ov_059 | 2.0994550841677292 × 10^292 |
| 58 | ov_058 | 4.260998216316069 × 10^292 |
| 57 | ov_057 | 7.698842295391531 × 10^292 |
| 56 | ov_056 | 1.2832224377663774 × 10^293 |
| 55 | ov_055 | 2.0574755708132926 × 10^293 |
| 54 | ov_054 | 3.149596576931752 × 10^293 |
| 53 | ov_053 | 4.624057399531019 × 10^293 |
| 52 | ov_052 | 6.617326956538985 × 10^293 |
| 51 | ov_051 | 9.280934310706262 × 10^293 |
| 50 | ov_050 | 1.2781495274377982 × 10^294 |
| 49 | ov_049 | 1.730075461219691 × 10^294 |
| 48 | ov_048 | 2.303564937526392 × 10^294 |
| 47 | ov_047 | 3.0198399387590873 × 10^294 |
| 32 | lv_80_m31 | 3.550309208210857 × 10^294 |
| 46 | ov_046 | 3.9016631688849575 × 10^294 |
| 45 | ov_045 | 4.973354720808287 × 10^294 |
| 44 | ov_044 | 6.260814010168181 × 10^294 |
| 43 | ov_043 | 7.791548179354136 × 10^294 |
| 42 | ov_042 | 9.594708280655393 × 10^294 |
| 41 | ov_041 | 1.170113465293312 × 10^295 |
| 40 | ov_040 | 1.4127564228509585 × 10^295 |
| 39 | ov_039 | 1.6891659599105064 × 10^295 |
| 31 | ov_031 | 1.8204199843304993 × 10^295 |
| 38 | ov_038 | 2.0029716602313345 × 10^295 |
| 37 | ov_037 | 2.3580025810778495 × 10^295 |
| 36 | ov_036 | 2.7582988820266 × 10^295 |
| 35 | ov_035 | 3.208125446489208 × 10^295 |
| 34 | ov_034 | 3.711987713185434 × 10^295 |
| 33 | ov_033 | 4.2746499462022994 × 10^295 |
| 30 | ov_030 | 9.332691706364247 × 10^295 |
| 29 | ov_029 | 3.0527570549067032 × 10^296 |
| 28 | ov_028 | 7.92255833226441 × 10^296 |
| 27 | ov_027 | 1.7706124910474545 × 10^297 |
| 26 | ov_026 | 3.756802800086372 × 10^297 |
| 25 | ov_025 | 7.434818326027448 × 10^297 |
| 24 | ov_024 | 1.365618972483895 × 10^298 |
| 23 | ov_023 | 2.3440001168990736 × 10^298 |
| 22 | ov_022 | 3.797292691793621 × 10^298 |
| 21 | ov_021 | 5.860930901032325 × 10^298 |
| 20 | ov_020 | 8.687129903969153 × 10^298 |
| 19 | ov_019 | 1.244490897758578 × 10^299 |
| 18 | ov_018 | 1.7320127135911299 × 10^299 |
| 17 | ov_017 | 2.351553611900991 × 10^299 |
| 16 | ov_016 | 3.125085626503584 × 10^299 |
| 15 | ov_015 | 4.0762881186533314 × 10^299 |
| 14 | ov_014 | 5.230561936416925 × 10^299 |
| 13 | ov_013 | 6.615048360886738 × 10^299 |
| 12 | ov_012 | 8.258654111898986 × 10^299 |
| 11 | ov_011 | 1.019208380682179 × 10^300 |
| 10 | ov_010 | 1.244788138731267 × 10^300 |
| 9 | ov_009 | 1.506048215090738 × 10^300 |
| 8 | ov_008 | 1.806627714713926 × 10^300 |
| 7 | ov_007 | 2.150369182190876 × 10^300 |
| 6 | ov_006 | 2.5413280919409664 × 10^300 |
| 5 | ov_005 | 2.9837841778544238 × 10^300 |
| 4 | ov_004 | 3.482254829099602 × 10^300 |
| 3 | ov_003 | 4.0415107763169105 × 10^300 |
| 2 | ov_002 | 4.66659425774764 × 10^300 |
| 1 | ov_001 | 5.362839835635363 × 10^300 |

