# Results for F001-F002-F003-F004-F005-F006-F007-F008-F009-F010-F011-F012-F013-F014-F015-F016-F017-F018-F019-F020-F021-F022-F023-F024-F025-F026-F027-F028-F029-F030-F031-F032-F033-F034-F035-F036-F037-F038-F039-F040-F041-F042-F043-F044-F045-F046-F047-F048-F049-F050-F051-F052-F053-F054-F055-F056-F057-F058-F059-F060-F061-F062-F063-F064-F065-F066-F067-F068-F069-F070-F071-F072-F073-F074-F075-F076-F077-F078-F079-F080-F081-F082-F083-F084-F085-F086-F087-F088-F089-F090-F091-F092-F093-F094-F095-F096-F097-F098-F099-F100-F101-F102-F103-F104-F105-F106-F107-F108-F109-F110-F111-F112-F113-F114-F115-F116-F117-F118-F119-F120-F121-F122-F123-F124-F125-F126-F127-F128-F129-F130-F131-F132-F133-F134-F135-F136-F137-F138-F139-F140-F141-F142-F143-F144-F145-F146-F147-F148-F149-F150-F151-F152-F153-F154-F155-F156-F157-F158-F159-F160-F161-F162-F163-F164-F165-F166-F167-F168-F169-F170-F171-F172-F173-F174-F175-F176-F177-F178-F179-F180-F181-F182-F183-F184-F185-F186-F187-F188-F189-F190-F191-F192-F193-F194-F195-F196-F197-F198-F199-F200-F201-F202-F203-F204-F205-F206-F207-F208-F209-F210-F211-F212-F213-F214-F215-F216-F217-F218-F219-F220-F221-F222-F223-F224-F225-F226-F227-F228-F229-F230-F231-F232-F233-F234-F235-F236-F237-F238-F239-F240-F241-F242-F243-F244-F245-F246-F247-F248-F249-F250-F251-F252-F253-F254-F255-F256-F257-F258-F259-F260-F261-F262-F263-F264-F265-F266-F267-F268-F269-F270-F271-F272-F273-F274-F275-F276-F277-F278-F279-F280-F281-F282-F283-F284-F285-F286-F287-F288-F289-F290-F291-F292-F293-F294-F295-F296-F297-F298-F299-F300-F301-F302-F303-F304-F305-F306-F307-F308-F309-F310-F311-F312-F313-F314-F315-F316-F317-F318-F319-F320-F321-F322-F323-F324-F325-F326-F327-F328-F329-F330-F331-F332-F333-F334-F335-F336-F337-F338-F339-F340-F341-F342-F343-F344-F345-F346-F347-F348-F349-F350-F351-F352-F353-F354-F355-F356-F357-F358-F359-F360-F361-F362-F363-F364-F365-F366-F367-F368-F369-F370-F371-F372-F373-F374-F375-F376-F377-F378-F379-F380-F381-F382-F383-F384-F385-F386-F387-F388-F389-F390-F391-F392-F393-F394-F395-F396-F397-F398-F399-F400-F401-F402-F403-F404-F405-F406-F407-F408-F409-F410-F411-F412-F413-F414-F415-F416-F417-F418-F419-F420-F421-F422-F423-F424-F425-F426-F427-F428-F429-F430-F431-F432-F433-F434-F435-F436-F437-F438-F439-F440-F441-F442-F443-F444-F445-F446-F447-F448-F449-F450-F451-F452-F453-F454-F455-F456-F457-F458-F459-F460-F461-F462-F463-F464-F465-F466-F467-F468-F469-F470-F471-F472-F473-F474-F475-F476-F477-F478-F479-F480-F481-F482-F483-F484-F485-F486-F487-F488-F489-F490-F491-F492-F493-F494-F495-F496-E499505-F510-F511-F512

## Summary

Number of input bits: 512  
Number of free input bits: 12  
Number of output bits: 160

Number of direct occurrences: 48487  
Number of assignments: 31361  
Number of operations: 10951873
(xor: 10923706,
and: 14757,
or: 13410)

Total complexity: 1.125355877871387 × 10^299

Least occurring input variable: iv_502 (3857)  
Most occurring input variable: iv_509 (4209)

Most co-occurring input variables: iv_508-iv_509 (2057)  
Least co-occurring input variables: iv_498-iv_502 (1748)

Potentially most occurring input variable: iv_500/iv_509 (4483)  
Potentially least occurring input variable: iv_499/iv_504 (4098)

Least output occurring input variable: iv_499 (57)  
Most output occurring input variable: iv_497 (93)

Most output co-occurring input variables: iv_497-iv_502 (52)  
Least output co-occurring input variables: iv_499-iv_501 (25)

Potentially most output occurring input variable: iv_503/iv_509 (98)  
Potentially least output occurring input variable: iv_498/iv_508 (68)

Least complex input bit: iv_497 (3.2178864663362334 × 10^296)  
Most complex input bit: iv_499 (2.0258666413850903 × 10^298)

Least complex output bit: aaa_76_29 (2.2668681157884545 × 10^274)  
Most complex output bit: ov_001 (1.7848253642485407 × 10^298)

Least complex input/output complexity: iv_497/aaa_76_29 (6.481971058401885 × 10^271)  
Most complex input/output complexity: iv_499/ov_001 (3.2130441909349015 × 10^297)

## Input Bits

### Input Bits in Regular Order

| Input Bit | Complexity | Occurrences | Output Occurrences |
|:---------:|:----------:|:-----------:|:------------------:|
| iv_497 | 3.2178864663362334 × 10^296 | 4114 | 93 |
| iv_498 | 6.409960807152544 × 10^296 | 3908 | 88 |
| iv_499 | 2.0258666413850903 × 10^298 | 4146 | 57 |
| iv_500 | 1.894540856014824 × 10^297 | 4082 | 76 |
| iv_501 | 3.120783198119426 × 10^297 | 4048 | 83 |
| iv_502 | 5.042979752571212 × 10^297 | 3857 | 82 |
| iv_503 | 8.013059394676852 × 10^297 | 4019 | 75 |
| iv_504 | 1.2491271242461024 × 10^298 | 3902 | 78 |
| iv_506 | 9.678106058218635 × 10^297 | 3925 | 82 |
| iv_507 | 1.3895454702386547 × 10^298 | 4154 | 76 |
| iv_508 | 1.8452985235398552 × 10^298 | 4123 | 74 |
| iv_509 | 1.8724956206092028 × 10^298 | 4209 | 87 |

### Input Bits Sorted by Complexity

| Input Bit | Complexity | Occurrences | Output Occurrences |
|:---------:|:----------:|:-----------:|:------------------:|
| iv_497 | 3.2178864663362334 × 10^296 | 4114 | 93 |
| iv_498 | 6.409960807152544 × 10^296 | 3908 | 88 |
| iv_500 | 1.894540856014824 × 10^297 | 4082 | 76 |
| iv_501 | 3.120783198119426 × 10^297 | 4048 | 83 |
| iv_502 | 5.042979752571212 × 10^297 | 3857 | 82 |
| iv_503 | 8.013059394676852 × 10^297 | 4019 | 75 |
| iv_506 | 9.678106058218635 × 10^297 | 3925 | 82 |
| iv_504 | 1.2491271242461024 × 10^298 | 3902 | 78 |
| iv_507 | 1.3895454702386547 × 10^298 | 4154 | 76 |
| iv_508 | 1.8452985235398552 × 10^298 | 4123 | 74 |
| iv_509 | 1.8724956206092028 × 10^298 | 4209 | 87 |
| iv_499 | 2.0258666413850903 × 10^298 | 4146 | 57 |

### Input Bits Sorted by Occurrences

| Input Bit | Complexity | Occurrences | Output Occurrences |
|:---------:|:----------:|:-----------:|:------------------:|
| iv_502 | 5.042979752571212 × 10^297 | 3857 | 82 |
| iv_504 | 1.2491271242461024 × 10^298 | 3902 | 78 |
| iv_498 | 6.409960807152544 × 10^296 | 3908 | 88 |
| iv_506 | 9.678106058218635 × 10^297 | 3925 | 82 |
| iv_503 | 8.013059394676852 × 10^297 | 4019 | 75 |
| iv_501 | 3.120783198119426 × 10^297 | 4048 | 83 |
| iv_500 | 1.894540856014824 × 10^297 | 4082 | 76 |
| iv_497 | 3.2178864663362334 × 10^296 | 4114 | 93 |
| iv_508 | 1.8452985235398552 × 10^298 | 4123 | 74 |
| iv_499 | 2.0258666413850903 × 10^298 | 4146 | 57 |
| iv_507 | 1.3895454702386547 × 10^298 | 4154 | 76 |
| iv_509 | 1.8724956206092028 × 10^298 | 4209 | 87 |

### Input Bits Sorted by Output Occurrences

| Input Bit | Complexity | Occurrences | Output Occurrences |
|:---------:|:----------:|:-----------:|:------------------:|
| iv_499 | 2.0258666413850903 × 10^298 | 4146 | 57 |
| iv_508 | 1.8452985235398552 × 10^298 | 4123 | 74 |
| iv_503 | 8.013059394676852 × 10^297 | 4019 | 75 |
| iv_500 | 1.894540856014824 × 10^297 | 4082 | 76 |
| iv_507 | 1.3895454702386547 × 10^298 | 4154 | 76 |
| iv_504 | 1.2491271242461024 × 10^298 | 3902 | 78 |
| iv_502 | 5.042979752571212 × 10^297 | 3857 | 82 |
| iv_506 | 9.678106058218635 × 10^297 | 3925 | 82 |
| iv_501 | 3.120783198119426 × 10^297 | 4048 | 83 |
| iv_509 | 1.8724956206092028 × 10^298 | 4209 | 87 |
| iv_498 | 6.409960807152544 × 10^296 | 3908 | 88 |
| iv_497 | 3.2178864663362334 × 10^296 | 4114 | 93 |

## Input Bit Co-occurrences

### Input Bit Co-occurrences Sorted by Co-occurrences

| Input Bits | Co-occurrences | Potential Occurrences | Output Co-occurrences | Potential Output Occurrences |
|:----------:|:--------------:|:---------------------:|:---------------------:|:----------------------------:|
| iv_508-iv_509 | 2057 | 4218 | 40 | 81 |
| iv_507-iv_509 | 2046 | 4271 | 44 | 75 |
| iv_497-iv_507 | 2032 | 4204 | 44 | 81 |
| iv_499-iv_509 | 2017 | 4321 | 31 | 82 |
| iv_501-iv_509 | 2015 | 4227 | 49 | 72 |
| iv_497-iv_509 | 2003 | 4317 | 50 | 80 |
| iv_497-iv_501 | 1989 | 4184 | 48 | 80 |
| iv_499-iv_507 | 1980 | 4340 | 29 | 75 |
| iv_499-iv_504 | 1975 | 4098 | 27 | 81 |
| iv_503-iv_509 | 1971 | 4286 | 32 | 98 |
| iv_506-iv_507 | 1970 | 4139 | 39 | 80 |
| iv_497-iv_503 | 1970 | 4193 | 46 | 76 |

### Input Bit Co-occurrences Sorted by Potential Occurrences

| Input Bits | Co-occurrences | Potential Occurrences | Output Co-occurrences | Potential Output Occurrences |
|:----------:|:--------------:|:---------------------:|:---------------------:|:----------------------------:|
| iv_499-iv_504 | 1975 | 4098 | 27 | 81 |
| iv_504-iv_506 | 1859 | 4109 | 42 | 76 |
| iv_506-iv_507 | 1970 | 4139 | 39 | 80 |
| iv_498-iv_504 | 1826 | 4158 | 46 | 74 |
| iv_497-iv_506 | 1936 | 4167 | 51 | 73 |
| iv_498-iv_506 | 1829 | 4175 | 41 | 88 |
| iv_497-iv_501 | 1989 | 4184 | 48 | 80 |
| iv_502-iv_504 | 1787 | 4185 | 42 | 76 |
| iv_497-iv_502 | 1891 | 4189 | 52 | 71 |
| iv_497-iv_504 | 1913 | 4190 | 50 | 71 |
| iv_502-iv_506 | 1796 | 4190 | 44 | 76 |
| iv_497-iv_503 | 1970 | 4193 | 46 | 76 |

### Input Bit Output Co-occurrences Sorted by Output Co-occurrences

| Input Bits | Co-occurrences | Potential Occurrences | Output Co-occurrences | Potential Output Occurrences |
|:----------:|:--------------:|:---------------------:|:---------------------:|:----------------------------:|
| iv_498-iv_509 | 1868 | 4381 | 52 | 71 |
| iv_497-iv_502 | 1891 | 4189 | 52 | 71 |
| iv_497-iv_506 | 1936 | 4167 | 51 | 73 |
| iv_497-iv_504 | 1913 | 4190 | 50 | 71 |
| iv_497-iv_498 | 1879 | 4264 | 50 | 81 |
| iv_497-iv_509 | 2003 | 4317 | 50 | 80 |
| iv_501-iv_509 | 2015 | 4227 | 49 | 72 |
| iv_498-iv_501 | 1853 | 4250 | 48 | 75 |
| iv_497-iv_501 | 1989 | 4184 | 48 | 80 |
| iv_498-iv_508 | 1857 | 4317 | 47 | 68 |
| iv_502-iv_509 | 1859 | 4348 | 46 | 77 |
| iv_498-iv_502 | 1748 | 4269 | 46 | 78 |

### Input Bit Output Co-occurrences Sorted by Potential Output Occurrences

| Input Bits | Co-occurrences | Potential Occurrences | Output Co-occurrences | Potential Output Occurrences |
|:----------:|:--------------:|:---------------------:|:---------------------:|:----------------------------:|
| iv_498-iv_508 | 1857 | 4317 | 47 | 68 |
| iv_501-iv_508 | 1924 | 4323 | 43 | 71 |
| iv_497-iv_504 | 1913 | 4190 | 50 | 71 |
| iv_498-iv_509 | 1868 | 4381 | 52 | 71 |
| iv_497-iv_502 | 1891 | 4189 | 52 | 71 |
| iv_501-iv_509 | 2015 | 4227 | 49 | 72 |
| iv_504-iv_508 | 1898 | 4229 | 40 | 72 |
| iv_499-iv_503 | 1891 | 4383 | 30 | 72 |
| iv_497-iv_506 | 1936 | 4167 | 51 | 73 |
| iv_498-iv_499 | 1820 | 4414 | 36 | 73 |
| iv_500-iv_503 | 1931 | 4239 | 39 | 73 |
| iv_498-iv_504 | 1826 | 4158 | 46 | 74 |

## Output Bits

### Output Bits in Regular Order

| Rank | Output Bit | Complexity |
|:----:|:----------:|:----------:|
| 1 | ov_001 | 1.7848253642485407 × 10^298 |
| 2 | ov_002 | 1.5499246792837532 × 10^298 |
| 3 | ov_003 | 1.3393027670216606 × 10^298 |
| 4 | ov_004 | 1.1511293815623345 × 10^298 |
| 5 | ov_005 | 9.836740377723982 × 10^297 |
| 6 | ov_006 | 8.35298944143877 × 10^297 |
| 7 | ov_007 | 7.044528536634467 × 10^297 |
| 8 | ov_008 | 5.896657585793979 × 10^297 |
| 9 | ov_009 | 4.895443597277218 × 10^297 |
| 10 | ov_010 | 4.027682350324438 × 10^297 |
| 11 | ov_011 | 3.2808663094164545 × 10^297 |
| 12 | ov_012 | 2.6431580492616422 × 10^297 |
| 13 | ov_013 | 2.1033685144828266 × 10^297 |
| 14 | ov_014 | 1.6509394802210367 × 10^297 |
| 15 | ov_015 | 1.2759296215180665 × 10^297 |
| 16 | ov_016 | 9.690036406163154 × 10^296 |
| 17 | ov_017 | 7.214239423258936 × 10^296 |
| 18 | ov_018 | 5.2504438843444575 × 10^296 |
| 19 | ov_019 | 3.7230570283270214 × 10^296 |
| 20 | ov_020 | 2.562321396398518 × 10^296 |
| 21 | ov_021 | 1.7042908380050229 × 10^296 |
| 22 | ov_022 | 1.0908134151373895 × 10^296 |
| 23 | ov_023 | 6.695195813198707 × 10^295 |
| 24 | ov_024 | 3.938144057603338 × 10^295 |
| 25 | ov_025 | 2.228728155272919 × 10^295 |
| 26 | ov_026 | 1.2163698944202092 × 10^295 |
| 27 | ov_027 | 6.08151320010145 × 10^294 |
| 28 | ov_028 | 2.72027618420672 × 10^294 |
| 29 | ov_029 | 1.0478107116732937 × 10^294 |
| 30 | ov_030 | 3.202073173764494 × 10^293 |
| 31 | ov_031 | 6.242956227724358 × 10^292 |
| 32 | lv_80_m31 | 1.2169258681677925 × 10^292 |
| 33 | ov_033 | 1.4589301602554316 × 10^293 |
| 34 | ov_034 | 1.2649897336992889 × 10^293 |
| 35 | ov_035 | 1.0914239053127803 × 10^293 |
| 36 | ov_036 | 9.366343248015723 × 10^292 |
| 37 | ov_037 | 7.991090493339793 × 10^292 |
| 38 | ov_038 | 6.774164625075871 × 10^292 |
| 39 | ov_039 | 5.702000127297781 × 10^292 |
| 40 | ov_040 | 4.761736916340226 × 10^292 |
| 41 | ov_041 | 3.9411817799620486 × 10^292 |
| 42 | ov_042 | 3.228775772061337 × 10^292 |
| 43 | ov_043 | 2.618894261524445 × 10^292 |
| 44 | ov_044 | 2.1011696038666296 × 10^292 |
| 45 | ov_045 | 1.6657999877759065 × 10^292 |
| 46 | ov_046 | 1.303534503958566 × 10^292 |
| 47 | ov_047 | 1.0056612928137675 × 10^292 |
| 48 | ov_048 | 7.639983095665534 × 10^291 |
| 49 | ov_049 | 5.708862811045541 × 10^291 |
| 50 | ov_050 | 4.191834637214308 × 10^291 |
| 51 | ov_051 | 3.0226184541493443 × 10^291 |
| 52 | ov_052 | 2.1400447044557837 × 10^291 |
| 53 | ov_053 | 1.4880359764023884 × 10^291 |
| 54 | ov_054 | 1.0155944926488723 × 10^291 |
| 55 | ov_055 | 6.767937393054285 × 10^290 |
| 56 | ov_056 | 4.307730731294721 × 10^290 |
| 57 | ov_057 | 2.5836812280891114 × 10^290 |
| 58 | ov_058 | 1.4294521541840441 × 10^290 |
| 59 | ov_059 | 7.040073789333035 × 10^289 |
| 60 | ov_060 | 2.916084073034343 × 10^289 |
| 61 | ov_061 | 1.0181328745163022 × 10^289 |
| 62 | ov_062 | 2.7916614301276857 × 10^288 |
| 63 | ov_063 | 5.438525547459453 × 10^287 |
| 64 | lv_79_m31 | 1.0592707413739049 × 10^287 |
| 65 | ov_065 | 1.2637062558415905 × 10^288 |
| 66 | ov_066 | 1.2637023222526337 × 10^288 |
| 67 | ov_067 | 1.263701359521229 × 10^288 |
| 68 | ov_068 | 1.0926810351262621 × 10^288 |
| 69 | ov_069 | 9.400787296309457 × 10^287 |
| 70 | ov_070 | 8.044045523981244 × 10^287 |
| 71 | ov_071 | 6.8426029456450564 × 10^287 |
| 72 | ov_072 | 5.783332203007356 × 10^287 |
| 73 | ov_073 | 4.853904067720296 × 10^287 |
| 74 | ov_074 | 4.0427360382088286 × 10^287 |
| 75 | ov_075 | 3.33894585502064 × 10^287 |
| 76 | ov_076 | 2.7323096650980363 × 10^287 |
| 77 | ov_077 | 2.2132245727330498 × 10^287 |
| 78 | ov_078 | 1.772675320832117 × 10^287 |
| 79 | ov_079 | 1.4022048507062686 × 10^287 |
| 80 | ov_080 | 1.093888492122011 × 10^287 |
| 81 | ov_081 | 8.403115379856322 × 10^286 |
| 82 | ov_082 | 6.345499599620963 × 10^286 |
| 83 | ov_083 | 4.701540227049808 × 10^286 |
| 84 | ov_084 | 3.4113455533451893 × 10^286 |
| 85 | ov_085 | 2.4195163946193525 × 10^286 |
| 86 | ov_086 | 1.675054735061691 × 10^286 |
| 87 | ov_087 | 1.1312917334360686 × 10^286 |
| 88 | ov_088 | 7.45832695156441 × 10^285 |
| 89 | ov_089 | 4.80516613262622 × 10^285 |
| 90 | ov_090 | 3.013878821884324 × 10^285 |
| 91 | ov_091 | 1.786777884879341 × 10^285 |
| 92 | ov_092 | 9.854692100170739 × 10^284 |
| 93 | ov_093 | 4.924176166851525 × 10^284 |
| 94 | ov_094 | 2.1092720217185487 × 10^284 |
| 95 | aaa_78_28 | 6.513331488245767 × 10^283 |
| 96 | aaa_78_29 | 2.0003228611919614 × 10^283 |
| 97 | ov_097 | 1.3210138069374325 × 10^283 |
| 98 | ov_098 | 1.3209742356859063 × 10^283 |
| 99 | ov_099 | 1.3209615956398775 × 10^283 |
| 100 | ov_100 | 1.1887037956924663 × 10^283 |
| 101 | ov_101 | 1.0662085210481589 × 10^283 |
| 102 | ov_102 | 9.529396667410077 × 10^282 |
| 103 | ov_103 | 8.484001929481296 × 10^282 |
| 104 | ov_104 | 7.521270523560843 × 10^282 |
| 105 | ov_105 | 6.636865791192818 × 10^282 |
| 106 | ov_106 | 5.826703156014389 × 10^282 |
| 107 | ov_107 | 5.086912539442047 × 10^282 |
| 108 | ov_108 | 4.413804701912789 × 10^282 |
| 109 | ov_109 | 3.803841292353454 × 10^282 |
| 110 | ov_110 | 3.2536083926984786 × 10^282 |
| 111 | ov_111 | 2.7597933473811213 × 10^282 |
| 112 | ov_112 | 2.319164669971666 × 10^282 |
| 113 | ov_113 | 1.9285548206992407 × 10^282 |
| 114 | ov_114 | 1.5848456496279569 × 10^282 |
| 115 | ov_115 | 1.2849563009044543 × 10^282 |
| 116 | ov_116 | 1.0258333738779757 × 10^282 |
| 117 | ov_117 | 8.044431371190787 × 10^281 |
| 118 | ov_118 | 6.177655915009952 × 10^281 |
| 119 | ov_119 | 4.627901785973997 × 10^281 |
| 120 | ov_120 | 3.365127886919706 × 10^281 |
| 121 | ov_121 | 2.3593360616676197 × 10^281 |
| 122 | ov_122 | 1.5805552297779056 × 10^281 |
| 123 | ov_123 | 9.988301840394288 × 10^280 |
| 124 | ov_124 | 5.8421403258202125 × 10^280 |
| 125 | ov_125 | 3.067635158666913 × 10^280 |
| 126 | ov_126 | 1.3653661742751161 × 10^280 |
| 127 | aaa_77_28 | 4.3591646539737285 × 10^279 |
| 128 | aaa_77_29 | 1.633806250141044 × 10^279 |
| 129 | ov_129 | 1.5105575932780162 × 10^279 |
| 130 | ov_130 | 1.5105531785594055 × 10^279 |
| 131 | ov_131 | 1.5105521112768077 × 10^279 |
| 132 | ov_132 | 1.3092499138804417 × 10^279 |
| 133 | ov_133 | 1.1289690896986854 × 10^279 |
| 134 | ov_134 | 9.681235748112842 × 10^278 |
| 135 | ov_135 | 8.2521198014646 × 10^278 |
| 136 | ov_136 | 6.988115198521186 × 10^278 |
| 137 | ov_137 | 5.8757278764362114 × 10^278 |
| 138 | ov_138 | 4.902153000593045 × 10^278 |
| 139 | ov_139 | 4.0552372967181034 × 10^278 |
| 140 | ov_140 | 3.32344755303153 × 10^278 |
| 141 | ov_141 | 2.6958446020142758 × 10^278 |
| 142 | ov_142 | 2.1620621297986042 × 10^278 |
| 143 | ov_143 | 1.7122896991314174 × 10^278 |
| 144 | ov_144 | 1.337259409464786 × 10^278 |
| 145 | ov_145 | 1.0282356551087508 × 10^278 |
| 146 | ov_146 | 7.770074796190688 × 10^277 |
| 147 | ov_147 | 5.758830617403912 × 10^277 |
| 148 | ov_148 | 4.17685905315067 × 10^277 |
| 149 | ov_149 | 2.957523426171983 × 10^277 |
| 150 | ov_150 | 2.03929997591852 × 10^277 |
| 151 | ov_151 | 1.365768924786739 × 10^277 |
| 152 | ov_152 | 8.856093113317854 × 10^276 |
| 153 | ov_153 | 5.525957611010772 × 10^276 |
| 154 | ov_154 | 3.255963215470151 × 10^276 |
| 155 | ov_155 | 1.6857104171132156 × 10^276 |
| 156 | aaa_76_25 | 6.477283318264351 × 10^275 |
| 157 | aaa_76_26 | 3.740385092504397 × 10^275 |
| 158 | aaa_76_27 | 1.914604933567385 × 10^275 |
| 159 | aaa_76_28 | 7.454229282915895 × 10^274 |
| 160 | aaa_76_29 | 2.2668681157884545 × 10^274 |

### Output Bits Sorted by Complexity

| Rank | Output Bit | Complexity |
|:----:|:----------:|:----------:|
| 160 | aaa_76_29 | 2.2668681157884545 × 10^274 |
| 159 | aaa_76_28 | 7.454229282915895 × 10^274 |
| 158 | aaa_76_27 | 1.914604933567385 × 10^275 |
| 157 | aaa_76_26 | 3.740385092504397 × 10^275 |
| 156 | aaa_76_25 | 6.477283318264351 × 10^275 |
| 155 | ov_155 | 1.6857104171132156 × 10^276 |
| 154 | ov_154 | 3.255963215470151 × 10^276 |
| 153 | ov_153 | 5.525957611010772 × 10^276 |
| 152 | ov_152 | 8.856093113317854 × 10^276 |
| 151 | ov_151 | 1.365768924786739 × 10^277 |
| 150 | ov_150 | 2.03929997591852 × 10^277 |
| 149 | ov_149 | 2.957523426171983 × 10^277 |
| 148 | ov_148 | 4.17685905315067 × 10^277 |
| 147 | ov_147 | 5.758830617403912 × 10^277 |
| 146 | ov_146 | 7.770074796190688 × 10^277 |
| 145 | ov_145 | 1.0282356551087508 × 10^278 |
| 144 | ov_144 | 1.337259409464786 × 10^278 |
| 143 | ov_143 | 1.7122896991314174 × 10^278 |
| 142 | ov_142 | 2.1620621297986042 × 10^278 |
| 141 | ov_141 | 2.6958446020142758 × 10^278 |
| 140 | ov_140 | 3.32344755303153 × 10^278 |
| 139 | ov_139 | 4.0552372967181034 × 10^278 |
| 138 | ov_138 | 4.902153000593045 × 10^278 |
| 137 | ov_137 | 5.8757278764362114 × 10^278 |
| 136 | ov_136 | 6.988115198521186 × 10^278 |
| 135 | ov_135 | 8.2521198014646 × 10^278 |
| 134 | ov_134 | 9.681235748112842 × 10^278 |
| 133 | ov_133 | 1.1289690896986854 × 10^279 |
| 132 | ov_132 | 1.3092499138804417 × 10^279 |
| 131 | ov_131 | 1.5105521112768077 × 10^279 |
| 130 | ov_130 | 1.5105531785594055 × 10^279 |
| 129 | ov_129 | 1.5105575932780162 × 10^279 |
| 128 | aaa_77_29 | 1.633806250141044 × 10^279 |
| 127 | aaa_77_28 | 4.3591646539737285 × 10^279 |
| 126 | ov_126 | 1.3653661742751161 × 10^280 |
| 125 | ov_125 | 3.067635158666913 × 10^280 |
| 124 | ov_124 | 5.8421403258202125 × 10^280 |
| 123 | ov_123 | 9.988301840394288 × 10^280 |
| 122 | ov_122 | 1.5805552297779056 × 10^281 |
| 121 | ov_121 | 2.3593360616676197 × 10^281 |
| 120 | ov_120 | 3.365127886919706 × 10^281 |
| 119 | ov_119 | 4.627901785973997 × 10^281 |
| 118 | ov_118 | 6.177655915009952 × 10^281 |
| 117 | ov_117 | 8.044431371190787 × 10^281 |
| 116 | ov_116 | 1.0258333738779757 × 10^282 |
| 115 | ov_115 | 1.2849563009044543 × 10^282 |
| 114 | ov_114 | 1.5848456496279569 × 10^282 |
| 113 | ov_113 | 1.9285548206992407 × 10^282 |
| 112 | ov_112 | 2.319164669971666 × 10^282 |
| 111 | ov_111 | 2.7597933473811213 × 10^282 |
| 110 | ov_110 | 3.2536083926984786 × 10^282 |
| 109 | ov_109 | 3.803841292353454 × 10^282 |
| 108 | ov_108 | 4.413804701912789 × 10^282 |
| 107 | ov_107 | 5.086912539442047 × 10^282 |
| 106 | ov_106 | 5.826703156014389 × 10^282 |
| 105 | ov_105 | 6.636865791192818 × 10^282 |
| 104 | ov_104 | 7.521270523560843 × 10^282 |
| 103 | ov_103 | 8.484001929481296 × 10^282 |
| 102 | ov_102 | 9.529396667410077 × 10^282 |
| 101 | ov_101 | 1.0662085210481589 × 10^283 |
| 100 | ov_100 | 1.1887037956924663 × 10^283 |
| 99 | ov_099 | 1.3209615956398775 × 10^283 |
| 98 | ov_098 | 1.3209742356859063 × 10^283 |
| 97 | ov_097 | 1.3210138069374325 × 10^283 |
| 96 | aaa_78_29 | 2.0003228611919614 × 10^283 |
| 95 | aaa_78_28 | 6.513331488245767 × 10^283 |
| 94 | ov_094 | 2.1092720217185487 × 10^284 |
| 93 | ov_093 | 4.924176166851525 × 10^284 |
| 92 | ov_092 | 9.854692100170739 × 10^284 |
| 91 | ov_091 | 1.786777884879341 × 10^285 |
| 90 | ov_090 | 3.013878821884324 × 10^285 |
| 89 | ov_089 | 4.80516613262622 × 10^285 |
| 88 | ov_088 | 7.45832695156441 × 10^285 |
| 87 | ov_087 | 1.1312917334360686 × 10^286 |
| 86 | ov_086 | 1.675054735061691 × 10^286 |
| 85 | ov_085 | 2.4195163946193525 × 10^286 |
| 84 | ov_084 | 3.4113455533451893 × 10^286 |
| 83 | ov_083 | 4.701540227049808 × 10^286 |
| 82 | ov_082 | 6.345499599620963 × 10^286 |
| 81 | ov_081 | 8.403115379856322 × 10^286 |
| 64 | lv_79_m31 | 1.0592707413739049 × 10^287 |
| 80 | ov_080 | 1.093888492122011 × 10^287 |
| 79 | ov_079 | 1.4022048507062686 × 10^287 |
| 78 | ov_078 | 1.772675320832117 × 10^287 |
| 77 | ov_077 | 2.2132245727330498 × 10^287 |
| 76 | ov_076 | 2.7323096650980363 × 10^287 |
| 75 | ov_075 | 3.33894585502064 × 10^287 |
| 74 | ov_074 | 4.0427360382088286 × 10^287 |
| 73 | ov_073 | 4.853904067720296 × 10^287 |
| 63 | ov_063 | 5.438525547459453 × 10^287 |
| 72 | ov_072 | 5.783332203007356 × 10^287 |
| 71 | ov_071 | 6.8426029456450564 × 10^287 |
| 70 | ov_070 | 8.044045523981244 × 10^287 |
| 69 | ov_069 | 9.400787296309457 × 10^287 |
| 68 | ov_068 | 1.0926810351262621 × 10^288 |
| 67 | ov_067 | 1.263701359521229 × 10^288 |
| 66 | ov_066 | 1.2637023222526337 × 10^288 |
| 65 | ov_065 | 1.2637062558415905 × 10^288 |
| 62 | ov_062 | 2.7916614301276857 × 10^288 |
| 61 | ov_061 | 1.0181328745163022 × 10^289 |
| 60 | ov_060 | 2.916084073034343 × 10^289 |
| 59 | ov_059 | 7.040073789333035 × 10^289 |
| 58 | ov_058 | 1.4294521541840441 × 10^290 |
| 57 | ov_057 | 2.5836812280891114 × 10^290 |
| 56 | ov_056 | 4.307730731294721 × 10^290 |
| 55 | ov_055 | 6.767937393054285 × 10^290 |
| 54 | ov_054 | 1.0155944926488723 × 10^291 |
| 53 | ov_053 | 1.4880359764023884 × 10^291 |
| 52 | ov_052 | 2.1400447044557837 × 10^291 |
| 51 | ov_051 | 3.0226184541493443 × 10^291 |
| 50 | ov_050 | 4.191834637214308 × 10^291 |
| 49 | ov_049 | 5.708862811045541 × 10^291 |
| 48 | ov_048 | 7.639983095665534 × 10^291 |
| 47 | ov_047 | 1.0056612928137675 × 10^292 |
| 32 | lv_80_m31 | 1.2169258681677925 × 10^292 |
| 46 | ov_046 | 1.303534503958566 × 10^292 |
| 45 | ov_045 | 1.6657999877759065 × 10^292 |
| 44 | ov_044 | 2.1011696038666296 × 10^292 |
| 43 | ov_043 | 2.618894261524445 × 10^292 |
| 42 | ov_042 | 3.228775772061337 × 10^292 |
| 41 | ov_041 | 3.9411817799620486 × 10^292 |
| 40 | ov_040 | 4.761736916340226 × 10^292 |
| 39 | ov_039 | 5.702000127297781 × 10^292 |
| 31 | ov_031 | 6.242956227724358 × 10^292 |
| 38 | ov_038 | 6.774164625075871 × 10^292 |
| 37 | ov_037 | 7.991090493339793 × 10^292 |
| 36 | ov_036 | 9.366343248015723 × 10^292 |
| 35 | ov_035 | 1.0914239053127803 × 10^293 |
| 34 | ov_034 | 1.2649897336992889 × 10^293 |
| 33 | ov_033 | 1.4589301602554316 × 10^293 |
| 30 | ov_030 | 3.202073173764494 × 10^293 |
| 29 | ov_029 | 1.0478107116732937 × 10^294 |
| 28 | ov_028 | 2.72027618420672 × 10^294 |
| 27 | ov_027 | 6.08151320010145 × 10^294 |
| 26 | ov_026 | 1.2163698944202092 × 10^295 |
| 25 | ov_025 | 2.228728155272919 × 10^295 |
| 24 | ov_024 | 3.938144057603338 × 10^295 |
| 23 | ov_023 | 6.695195813198707 × 10^295 |
| 22 | ov_022 | 1.0908134151373895 × 10^296 |
| 21 | ov_021 | 1.7042908380050229 × 10^296 |
| 20 | ov_020 | 2.562321396398518 × 10^296 |
| 19 | ov_019 | 3.7230570283270214 × 10^296 |
| 18 | ov_018 | 5.2504438843444575 × 10^296 |
| 17 | ov_017 | 7.214239423258936 × 10^296 |
| 16 | ov_016 | 9.690036406163154 × 10^296 |
| 15 | ov_015 | 1.2759296215180665 × 10^297 |
| 14 | ov_014 | 1.6509394802210367 × 10^297 |
| 13 | ov_013 | 2.1033685144828266 × 10^297 |
| 12 | ov_012 | 2.6431580492616422 × 10^297 |
| 11 | ov_011 | 3.2808663094164545 × 10^297 |
| 10 | ov_010 | 4.027682350324438 × 10^297 |
| 9 | ov_009 | 4.895443597277218 × 10^297 |
| 8 | ov_008 | 5.896657585793979 × 10^297 |
| 7 | ov_007 | 7.044528536634467 × 10^297 |
| 6 | ov_006 | 8.35298944143877 × 10^297 |
| 5 | ov_005 | 9.836740377723982 × 10^297 |
| 4 | ov_004 | 1.1511293815623345 × 10^298 |
| 3 | ov_003 | 1.3393027670216606 × 10^298 |
| 2 | ov_002 | 1.5499246792837532 × 10^298 |
| 1 | ov_001 | 1.7848253642485407 × 10^298 |

