# Results for F001-F002-F003-F004-F005-F006-F007-F008-F009-F010-F011-F012-F013-F014-F015-F016-F017-F018-F019-F020-F021-F022-F023-F024-F025-F026-F027-F028-F029-F030-F031-F032-F033-F034-F035-F036-F037-F038-F039-F040-F041-F042-F043-F044-F045-F046-F047-F048-F049-F050-F051-F052-F053-F054-F055-F056-F057-F058-F059-F060-F061-F062-F063-F064-F065-F066-F067-F068-F069-F070-F071-F072-F073-F074-F075-F076-F077-F078-F079-F080-F081-F082-F083-F084-F085-F086-F087-F088-F089-F090-F091-F092-F093-F094-F095-F096-F097-F098-F099-F100-F101-F102-F103-F104-F105-F106-F107-F108-F109-F110-F111-F112-F113-F114-F115-F116-F117-F118-F119-F120-F121-F122-F123-F124-F125-F126-F127-F128-F129-F130-F131-F132-F133-F134-F135-F136-F137-F138-F139-F140-F141-F142-F143-F144-F145-F146-F147-F148-F149-F150-F151-F152-F153-F154-F155-F156-F157-F158-F159-F160-F161-F162-F163-F164-F165-F166-F167-F168-F169-F170-F171-F172-F173-F174-F175-F176-F177-F178-F179-F180-F181-F182-F183-F184-F185-F186-F187-F188-F189-F190-F191-F192-F193-F194-F195-F196-F197-F198-F199-F200-F201-F202-F203-F204-F205-F206-F207-F208-F209-F210-F211-F212-F213-F214-F215-F216-F217-F218-F219-F220-F221-F222-F223-F224-F225-F226-F227-F228-F229-F230-F231-F232-F233-F234-F235-F236-F237-F238-F239-F240-F241-F242-F243-F244-F245-F246-F247-F248-F249-F250-F251-F252-F253-F254-F255-F256-F257-F258-F259-F260-F261-F262-F263-F264-F265-F266-F267-F268-F269-F270-F271-F272-F273-F274-F275-F276-F277-F278-F279-F280-F281-F282-F283-F284-F285-F286-F287-F288-F289-F290-F291-F292-F293-F294-F295-F296-F297-F298-F299-F300-F301-F302-F303-F304-F305-F306-F307-F308-F309-F310-F311-F312-F313-F314-F315-F316-F317-F318-F319-F320-F321-F322-F323-F324-F325-F326-F327-F328-F329-F330-F331-F332-F333-F334-F335-F336-F337-F338-F339-F340-F341-F342-F343-F344-F345-F346-F347-F348-F349-F350-F351-F352-F353-F354-F355-F356-F357-F358-F359-F360-F361-F362-F363-F364-F365-F366-F367-F368-F369-F370-F371-F372-F373-F374-F375-F376-F377-F378-F379-F380-F381-F382-F383-F384-F385-F386-F387-F388-F389-F390-F391-F392-F393-F394-F395-F396-F397-F398-F399-F400-F401-F402-F403-F404-F405-F406-F407-F408-F409-F410-F411-F412-F413-F414-F415-F416-F417-F418-F419-F420-F421-F422-F423-F424-F425-F426-F427-F428-F429-F430-F431-F432-F433-F434-F435-F436-F437-F438-F439-F440-F441-F442-F443-F444-F445-F446-F447-F448-F449-F450-F451-F452-F453-F454-F455-F456-F457-F458-F459-F460-F461-F462-F463-F464-F465-F466-F467-F468-F469-F470-F471-F472-F473-F474-F475-F476-F477-F478-F479-F480-F481-F482-F483-F484-F485-F486-F487-F488-F489-F490-F491-F492-F493-F494-F495-F496-F507-F510-F511-F512

## Summary

Number of input bits: 512  
Number of free input bits: 12  
Number of output bits: 160

Number of direct occurrences: 48106  
Number of assignments: 31237  
Number of operations: 10940280
(xor: 10912181,
and: 14758,
or: 13341)

Total complexity: 2.097302710581839 × 10^298

Least occurring input variable: iv_502 (3857)  
Most occurring input variable: iv_509 (4227)

Most co-occurring input variables: iv_508-iv_509 (2062)  
Least co-occurring input variables: iv_498-iv_502 (1747)

Potentially most occurring input variable: iv_500/iv_509 (4506)  
Potentially least occurring input variable: iv_504/iv_506 (4120)

Least output occurring input variable: iv_508 (74)  
Most output occurring input variable: iv_497 (93)

Most output co-occurring input variables: iv_497-iv_502 (52)  
Least output co-occurring input variables: iv_503-iv_509 (32)

Potentially most output occurring input variable: iv_503/iv_509 (98)  
Potentially least output occurring input variable: iv_498/iv_508 (68)

Least complex input bit: iv_497 (9.706988886353221 × 10^295)  
Most complex input bit: iv_505 (4.85081863493687 × 10^297)

Least complex output bit: aaa_76_29 (4.3817350034139387 × 10^273)  
Most complex output bit: ov_001 (3.3263043321450864 × 10^297)

Least complex input/output complexity: iv_497/aaa_76_29 (2.0280073432644493 × 10^271)  
Most complex input/output complexity: iv_505/ov_001 (7.693357262368833 × 10^296)

## Input Bits

### Input Bits in Regular Order

| Input Bit | Complexity | Occurrences | Output Occurrences |
|:---------:|:----------:|:-----------:|:------------------:|
| iv_497 | 9.706988886353221 × 10^295 | 4119 | 93 |
| iv_498 | 1.932474329139094 × 10^296 | 3909 | 88 |
| iv_499 | 3.3963706166642617 × 10^296 | 3916 | 81 |
| iv_500 | 5.704601743751229 × 10^296 | 4087 | 76 |
| iv_501 | 9.394212601059734 × 10^296 | 4051 | 83 |
| iv_502 | 1.5177568797178602 × 10^297 | 3857 | 82 |
| iv_503 | 2.4116420219803783 × 10^297 | 4029 | 75 |
| iv_504 | 3.759701644828753 × 10^297 | 3902 | 78 |
| iv_505 | 4.85081863493687 × 10^297 | 3947 | 82 |
| iv_506 | 9.15915231332437 × 10^296 | 3934 | 82 |
| iv_508 | 2.6474929258020774 × 10^297 | 4128 | 74 |
| iv_509 | 2.7298639492950458 × 10^297 | 4227 | 87 |

### Input Bits Sorted by Complexity

| Input Bit | Complexity | Occurrences | Output Occurrences |
|:---------:|:----------:|:-----------:|:------------------:|
| iv_497 | 9.706988886353221 × 10^295 | 4119 | 93 |
| iv_498 | 1.932474329139094 × 10^296 | 3909 | 88 |
| iv_499 | 3.3963706166642617 × 10^296 | 3916 | 81 |
| iv_500 | 5.704601743751229 × 10^296 | 4087 | 76 |
| iv_506 | 9.15915231332437 × 10^296 | 3934 | 82 |
| iv_501 | 9.394212601059734 × 10^296 | 4051 | 83 |
| iv_502 | 1.5177568797178602 × 10^297 | 3857 | 82 |
| iv_503 | 2.4116420219803783 × 10^297 | 4029 | 75 |
| iv_508 | 2.6474929258020774 × 10^297 | 4128 | 74 |
| iv_509 | 2.7298639492950458 × 10^297 | 4227 | 87 |
| iv_504 | 3.759701644828753 × 10^297 | 3902 | 78 |
| iv_505 | 4.85081863493687 × 10^297 | 3947 | 82 |

### Input Bits Sorted by Occurrences

| Input Bit | Complexity | Occurrences | Output Occurrences |
|:---------:|:----------:|:-----------:|:------------------:|
| iv_502 | 1.5177568797178602 × 10^297 | 3857 | 82 |
| iv_504 | 3.759701644828753 × 10^297 | 3902 | 78 |
| iv_498 | 1.932474329139094 × 10^296 | 3909 | 88 |
| iv_499 | 3.3963706166642617 × 10^296 | 3916 | 81 |
| iv_506 | 9.15915231332437 × 10^296 | 3934 | 82 |
| iv_505 | 4.85081863493687 × 10^297 | 3947 | 82 |
| iv_503 | 2.4116420219803783 × 10^297 | 4029 | 75 |
| iv_501 | 9.394212601059734 × 10^296 | 4051 | 83 |
| iv_500 | 5.704601743751229 × 10^296 | 4087 | 76 |
| iv_497 | 9.706988886353221 × 10^295 | 4119 | 93 |
| iv_508 | 2.6474929258020774 × 10^297 | 4128 | 74 |
| iv_509 | 2.7298639492950458 × 10^297 | 4227 | 87 |

### Input Bits Sorted by Output Occurrences

| Input Bit | Complexity | Occurrences | Output Occurrences |
|:---------:|:----------:|:-----------:|:------------------:|
| iv_508 | 2.6474929258020774 × 10^297 | 4128 | 74 |
| iv_503 | 2.4116420219803783 × 10^297 | 4029 | 75 |
| iv_500 | 5.704601743751229 × 10^296 | 4087 | 76 |
| iv_504 | 3.759701644828753 × 10^297 | 3902 | 78 |
| iv_499 | 3.3963706166642617 × 10^296 | 3916 | 81 |
| iv_502 | 1.5177568797178602 × 10^297 | 3857 | 82 |
| iv_506 | 9.15915231332437 × 10^296 | 3934 | 82 |
| iv_505 | 4.85081863493687 × 10^297 | 3947 | 82 |
| iv_501 | 9.394212601059734 × 10^296 | 4051 | 83 |
| iv_509 | 2.7298639492950458 × 10^297 | 4227 | 87 |
| iv_498 | 1.932474329139094 × 10^296 | 3909 | 88 |
| iv_497 | 9.706988886353221 × 10^295 | 4119 | 93 |

## Input Bit Co-occurrences

### Input Bit Co-occurrences Sorted by Co-occurrences

| Input Bits | Co-occurrences | Potential Occurrences | Output Co-occurrences | Potential Output Occurrences |
|:----------:|:--------------:|:---------------------:|:---------------------:|:----------------------------:|
| iv_508-iv_509 | 2062 | 4231 | 40 | 81 |
| iv_501-iv_509 | 2014 | 4250 | 49 | 72 |
| iv_497-iv_509 | 2003 | 4340 | 50 | 80 |
| iv_497-iv_501 | 1991 | 4188 | 48 | 80 |
| iv_497-iv_503 | 1971 | 4206 | 46 | 76 |
| iv_503-iv_509 | 1971 | 4314 | 32 | 98 |
| iv_497-iv_500 | 1971 | 4264 | 39 | 91 |
| iv_500-iv_501 | 1954 | 4230 | 41 | 77 |
| iv_497-iv_505 | 1951 | 4164 | 49 | 77 |
| iv_506-iv_509 | 1944 | 4273 | 43 | 83 |
| iv_497-iv_506 | 1936 | 4181 | 51 | 73 |
| iv_500-iv_503 | 1931 | 4254 | 39 | 73 |

### Input Bit Co-occurrences Sorted by Potential Occurrences

| Input Bits | Co-occurrences | Potential Occurrences | Output Co-occurrences | Potential Output Occurrences |
|:----------:|:--------------:|:---------------------:|:---------------------:|:----------------------------:|
| iv_504-iv_506 | 1858 | 4120 | 42 | 76 |
| iv_499-iv_504 | 1847 | 4124 | 38 | 83 |
| iv_499-iv_505 | 1869 | 4125 | 37 | 89 |
| iv_499-iv_501 | 1911 | 4145 | 44 | 76 |
| iv_498-iv_504 | 1826 | 4159 | 46 | 74 |
| iv_497-iv_505 | 1951 | 4164 | 49 | 77 |
| iv_504-iv_505 | 1840 | 4169 | 36 | 88 |
| iv_497-iv_506 | 1936 | 4181 | 51 | 73 |
| iv_502-iv_504 | 1787 | 4185 | 42 | 76 |
| iv_498-iv_506 | 1829 | 4185 | 41 | 88 |
| iv_497-iv_501 | 1991 | 4188 | 48 | 80 |
| iv_497-iv_502 | 1891 | 4194 | 52 | 71 |

### Input Bit Output Co-occurrences Sorted by Output Co-occurrences

| Input Bits | Co-occurrences | Potential Occurrences | Output Co-occurrences | Potential Output Occurrences |
|:----------:|:--------------:|:---------------------:|:---------------------:|:----------------------------:|
| iv_498-iv_509 | 1868 | 4400 | 52 | 71 |
| iv_497-iv_502 | 1891 | 4194 | 52 | 71 |
| iv_497-iv_506 | 1936 | 4181 | 51 | 73 |
| iv_497-iv_504 | 1913 | 4195 | 50 | 71 |
| iv_497-iv_498 | 1879 | 4270 | 50 | 81 |
| iv_497-iv_509 | 2003 | 4340 | 50 | 80 |
| iv_501-iv_509 | 2014 | 4250 | 49 | 72 |
| iv_497-iv_505 | 1951 | 4164 | 49 | 77 |
| iv_498-iv_499 | 1814 | 4197 | 48 | 73 |
| iv_498-iv_501 | 1853 | 4254 | 48 | 75 |
| iv_497-iv_501 | 1991 | 4188 | 48 | 80 |
| iv_498-iv_508 | 1857 | 4323 | 47 | 68 |

### Input Bit Output Co-occurrences Sorted by Potential Output Occurrences

| Input Bits | Co-occurrences | Potential Occurrences | Output Co-occurrences | Potential Output Occurrences |
|:----------:|:--------------:|:---------------------:|:---------------------:|:----------------------------:|
| iv_498-iv_508 | 1857 | 4323 | 47 | 68 |
| iv_501-iv_508 | 1924 | 4331 | 43 | 71 |
| iv_497-iv_504 | 1913 | 4195 | 50 | 71 |
| iv_498-iv_509 | 1868 | 4400 | 52 | 71 |
| iv_497-iv_502 | 1891 | 4194 | 52 | 71 |
| iv_501-iv_509 | 2014 | 4250 | 49 | 72 |
| iv_504-iv_508 | 1897 | 4236 | 40 | 72 |
| iv_498-iv_499 | 1814 | 4197 | 48 | 73 |
| iv_499-iv_500 | 1875 | 4253 | 42 | 73 |
| iv_499-iv_508 | 1923 | 4198 | 41 | 73 |
| iv_497-iv_506 | 1936 | 4181 | 51 | 73 |
| iv_500-iv_503 | 1931 | 4254 | 39 | 73 |

## Output Bits

### Output Bits in Regular Order

| Rank | Output Bit | Complexity |
|:----:|:----------:|:----------:|
| 1 | ov_001 | 3.3263043321450864 × 10^297 |
| 2 | ov_002 | 2.88853126573988 × 10^297 |
| 3 | ov_003 | 2.4960043128445053 × 10^297 |
| 4 | ov_004 | 2.1453131813765426 × 10^297 |
| 5 | ov_005 | 1.833233405510385 × 10^297 |
| 6 | ov_006 | 1.5567131197008188 × 10^297 |
| 7 | ov_007 | 1.3128615741703044 × 10^297 |
| 8 | ov_008 | 1.098939248235698 × 10^297 |
| 9 | ov_009 | 9.123494271018975 × 10^296 |
| 10 | ov_010 | 7.506310960327398 × 10^296 |
| 11 | ov_011 | 6.114530041550836 × 10^296 |
| 12 | ov_012 | 4.926087586120889 × 10^296 |
| 13 | ov_013 | 3.920128180766221 × 10^296 |
| 14 | ov_014 | 3.0769726280284462 × 10^296 |
| 15 | ov_015 | 2.3780922646449417 × 10^296 |
| 16 | ov_016 | 1.8060888302742553 × 10^296 |
| 17 | ov_017 | 1.3446788985166643 × 10^296 |
| 18 | ov_018 | 9.786820082550847 × 10^295 |
| 19 | ov_019 | 6.940118061224901 × 10^295 |
| 20 | ov_020 | 4.776695896029235 × 10^295 |
| 21 | ov_021 | 3.1773965718577436 × 10^295 |
| 22 | ov_022 | 2.033859953579378 × 10^295 |
| 23 | ov_023 | 1.2484998778907042 × 10^295 |
| 24 | ov_024 | 7.344890843589102 × 10^294 |
| 25 | ov_025 | 4.1574999515248975 × 10^294 |
| 26 | ov_026 | 2.2694966461871166 × 10^294 |
| 27 | ov_027 | 1.1349740324630039 × 10^294 |
| 28 | ov_028 | 5.0783255845697615 × 10^293 |
| 29 | ov_029 | 1.9567807481438583 × 10^293 |
| 30 | ov_030 | 5.982120845321013 × 10^292 |
| 31 | ov_031 | 1.1668693341037182 × 10^292 |
| 32 | lv_80_m31 | 2.275738740249787 × 10^291 |
| 33 | ov_033 | 2.719876058466737 × 10^292 |
| 34 | ov_034 | 2.3590217515917676 × 10^292 |
| 35 | ov_035 | 2.0359692555048807 × 10^292 |
| 36 | ov_036 | 1.7476210988896582 × 10^292 |
| 37 | ov_037 | 1.4910472609589648 × 10^292 |
| 38 | ov_038 | 1.2634733869153568 × 10^292 |
| 39 | ov_039 | 1.0622705913684171 × 10^292 |
| 40 | ov_040 | 8.861596186913557 × 10^291 |
| 41 | ov_041 | 7.327775246294451 × 10^291 |
| 42 | ov_042 | 5.998842804776636 × 10^291 |
| 43 | ov_043 | 4.8638987897491164 × 10^291 |
| 44 | ov_044 | 3.9028515585629355 × 10^291 |
| 45 | ov_045 | 3.096706006676703 × 10^291 |
| 46 | ov_046 | 2.4275346323251438 × 10^291 |
| 47 | ov_047 | 1.8784545677022443 × 10^291 |
| 48 | ov_048 | 1.4336096825607932 × 10^291 |
| 49 | ov_049 | 1.07815693515092 × 10^291 |
| 50 | ov_050 | 7.982562131655585 × 10^290 |
| 51 | ov_051 | 5.810629741120808 × 10^290 |
| 52 | ov_052 | 4.147230605311659 × 10^290 |
| 53 | ov_053 | 2.8836913094358354 × 10^290 |
| 54 | ov_054 | 1.9681385700291295 × 10^290 |
| 55 | ov_055 | 1.3115705781273507 × 10^290 |
| 56 | ov_056 | 8.348027657906365 × 10^289 |
| 57 | ov_057 | 5.006961567192608 × 10^289 |
| 58 | ov_058 | 2.77016060130068 × 10^289 |
| 59 | ov_059 | 1.3643083334675408 × 10^289 |
| 60 | ov_060 | 5.651130759648827 × 10^288 |
| 61 | ov_061 | 1.9730576307701325 × 10^288 |
| 62 | ov_062 | 5.410009788912624 × 10^287 |
| 63 | ov_063 | 1.053941417627749 × 10^287 |
| 64 | lv_79_m31 | 2.0527793462364985 × 10^286 |
| 65 | ov_065 | 2.4489583942466784 × 10^287 |
| 66 | ov_066 | 2.4489507712827646 × 10^287 |
| 67 | ov_067 | 2.4489489055904056 × 10^287 |
| 68 | ov_068 | 2.1175255376206256 × 10^287 |
| 69 | ov_069 | 1.821794798815947 × 10^287 |
| 70 | ov_070 | 1.558869399128329 × 10^287 |
| 71 | ov_071 | 1.3260397206982877 × 10^287 |
| 72 | ov_072 | 1.1207617858296938 × 10^287 |
| 73 | ov_073 | 9.406462882946774 × 10^286 |
| 74 | ov_074 | 7.834486318108618 × 10^286 |
| 75 | ov_075 | 6.4705992168199795 × 10^286 |
| 76 | ov_076 | 5.294988573562508 × 10^286 |
| 77 | ov_077 | 4.289044750832578 × 10^286 |
| 78 | ov_078 | 3.435296909877417 × 10^286 |
| 79 | ov_079 | 2.717355957668997 × 10^286 |
| 80 | ov_080 | 2.1198645290075451 × 10^286 |
| 81 | ov_081 | 1.6284535277572878 × 10^286 |
| 82 | ov_082 | 1.2297047549534247 × 10^286 |
| 83 | ov_083 | 9.111191541836882 × 10^285 |
| 84 | ov_084 | 6.610902065086089 × 10^285 |
| 85 | ov_085 | 4.688820084650597 × 10^285 |
| 86 | ov_086 | 3.246115675650154 × 10^285 |
| 87 | ov_087 | 2.1923485027170484 × 10^285 |
| 88 | ov_088 | 1.4453611779190918 × 10^285 |
| 89 | ov_089 | 9.312008523094243 × 10^284 |
| 90 | ov_090 | 5.840643976723244 × 10^284 |
| 91 | ov_091 | 3.462625355633018 × 10^284 |
| 92 | ov_092 | 1.9097564445327403 × 10^284 |
| 93 | ov_093 | 9.542638987877284 × 10^283 |
| 94 | ov_094 | 4.0875915552003384 × 10^283 |
| 95 | aaa_78_28 | 1.2622287698992772 × 10^283 |
| 96 | aaa_78_29 | 3.876457137506285 × 10^282 |
| 97 | ov_097 | 2.560021445348561 × 10^282 |
| 98 | ov_098 | 2.5599447511435785 × 10^282 |
| 99 | ov_099 | 2.5599202527022283 × 10^282 |
| 100 | ov_100 | 2.303615523380448 × 10^282 |
| 101 | ov_101 | 2.066229897165821 × 10^282 |
| 102 | ov_102 | 1.8467243800478112 × 10^282 |
| 103 | ov_103 | 1.6441356969784273 × 10^282 |
| 104 | ov_104 | 1.4575664609230982 × 10^282 |
| 105 | ov_105 | 1.2861762357909531 × 10^282 |
| 106 | ov_106 | 1.1291734473702996 × 10^282 |
| 107 | ov_107 | 9.858080979952541 × 10^281 |
| 108 | ov_108 | 8.553652419452905 × 10^281 |
| 109 | ov_109 | 7.37159179577892 × 10^281 |
| 110 | ov_110 | 6.30528328957115 × 10^281 |
| 111 | ov_111 | 5.34830734307595 × 10^281 |
| 112 | ov_112 | 4.4944017103121055 × 10^281 |
| 113 | ov_113 | 3.73742807306328 × 10^281 |
| 114 | ov_114 | 3.07134382477892 × 10^281 |
| 115 | ov_115 | 2.490178625670133 × 10^281 |
| 116 | ov_116 | 1.9880153330252785 × 10^281 |
| 117 | ov_117 | 1.5589749112131807 × 10^281 |
| 118 | ov_118 | 1.1972049261156102 × 10^281 |
| 119 | ov_119 | 8.968712289087697 × 10^280 |
| 120 | ov_120 | 6.521521589778467 × 10^280 |
| 121 | ov_121 | 4.5723436992215895 × 10^280 |
| 122 | ov_122 | 3.063097566062659 × 10^280 |
| 123 | ov_123 | 1.9357328583088867 × 10^280 |
| 124 | ov_124 | 1.1322153320321463 × 10^280 |
| 125 | ov_125 | 5.945177686646958 × 10^279 |
| 126 | ov_126 | 2.646153530040179 × 10^279 |
| 127 | aaa_77_28 | 8.448389940257534 × 10^278 |
| 128 | aaa_77_29 | 3.1664862621599836 × 10^278 |
| 129 | ov_129 | 2.9275556473273222 × 10^278 |
| 130 | ov_130 | 2.9275471174308726 × 10^278 |
| 131 | ov_131 | 2.9275450563701518 × 10^278 |
| 132 | ov_132 | 2.537479940494679 × 10^278 |
| 133 | ov_133 | 2.1881231952208443 × 10^278 |
| 134 | ov_134 | 1.876409528327927 × 10^278 |
| 135 | ov_135 | 1.59943630556236 × 10^278 |
| 136 | ov_136 | 1.3544518920430098 × 10^278 |
| 137 | ov_137 | 1.1388456503505293 × 10^278 |
| 138 | ov_138 | 9.501394343250943 × 10^277 |
| 139 | ov_139 | 7.8598042574069085 × 10^277 |
| 140 | ov_140 | 6.44135168945652 × 10^277 |
| 141 | ov_141 | 5.224846663109078 × 10^277 |
| 142 | ov_142 | 4.190204049530802 × 10^277 |
| 143 | ov_143 | 3.3184119273439913 × 10^277 |
| 144 | ov_144 | 2.5915068901290404 × 10^277 |
| 145 | ov_145 | 1.9925552304522115 × 10^277 |
| 146 | ov_146 | 1.505639003450464 × 10^277 |
| 147 | ov_147 | 1.1158460468331128 × 10^277 |
| 148 | ov_148 | 8.092631078699134 × 10^276 |
| 149 | ov_149 | 5.729713015626128 × 10^276 |
| 150 | ov_150 | 3.950432324645782 × 10^276 |
| 151 | ov_151 | 2.645412555375355 × 10^276 |
| 152 | ov_152 | 1.7151645044637685 × 10^276 |
| 153 | ov_153 | 1.0700798065387185 × 10^276 |
| 154 | ov_154 | 6.304266381357156 × 10^275 |
| 155 | ov_155 | 3.2634690033138096 × 10^275 |
| 156 | aaa_76_25 | 1.25379749926447 × 10^275 |
| 157 | aaa_76_26 | 7.238205774146232 × 10^274 |
| 158 | aaa_76_27 | 3.7038774246907897 × 10^274 |
| 159 | aaa_76_28 | 1.4414626137993739 × 10^274 |
| 160 | aaa_76_29 | 4.3817350034139387 × 10^273 |

### Output Bits Sorted by Complexity

| Rank | Output Bit | Complexity |
|:----:|:----------:|:----------:|
| 160 | aaa_76_29 | 4.3817350034139387 × 10^273 |
| 159 | aaa_76_28 | 1.4414626137993739 × 10^274 |
| 158 | aaa_76_27 | 3.7038774246907897 × 10^274 |
| 157 | aaa_76_26 | 7.238205774146232 × 10^274 |
| 156 | aaa_76_25 | 1.25379749926447 × 10^275 |
| 155 | ov_155 | 3.2634690033138096 × 10^275 |
| 154 | ov_154 | 6.304266381357156 × 10^275 |
| 153 | ov_153 | 1.0700798065387185 × 10^276 |
| 152 | ov_152 | 1.7151645044637685 × 10^276 |
| 151 | ov_151 | 2.645412555375355 × 10^276 |
| 150 | ov_150 | 3.950432324645782 × 10^276 |
| 149 | ov_149 | 5.729713015626128 × 10^276 |
| 148 | ov_148 | 8.092631078699134 × 10^276 |
| 147 | ov_147 | 1.1158460468331128 × 10^277 |
| 146 | ov_146 | 1.505639003450464 × 10^277 |
| 145 | ov_145 | 1.9925552304522115 × 10^277 |
| 144 | ov_144 | 2.5915068901290404 × 10^277 |
| 143 | ov_143 | 3.3184119273439913 × 10^277 |
| 142 | ov_142 | 4.190204049530802 × 10^277 |
| 141 | ov_141 | 5.224846663109078 × 10^277 |
| 140 | ov_140 | 6.44135168945652 × 10^277 |
| 139 | ov_139 | 7.8598042574069085 × 10^277 |
| 138 | ov_138 | 9.501394343250943 × 10^277 |
| 137 | ov_137 | 1.1388456503505293 × 10^278 |
| 136 | ov_136 | 1.3544518920430098 × 10^278 |
| 135 | ov_135 | 1.59943630556236 × 10^278 |
| 134 | ov_134 | 1.876409528327927 × 10^278 |
| 133 | ov_133 | 2.1881231952208443 × 10^278 |
| 132 | ov_132 | 2.537479940494679 × 10^278 |
| 131 | ov_131 | 2.9275450563701518 × 10^278 |
| 130 | ov_130 | 2.9275471174308726 × 10^278 |
| 129 | ov_129 | 2.9275556473273222 × 10^278 |
| 128 | aaa_77_29 | 3.1664862621599836 × 10^278 |
| 127 | aaa_77_28 | 8.448389940257534 × 10^278 |
| 126 | ov_126 | 2.646153530040179 × 10^279 |
| 125 | ov_125 | 5.945177686646958 × 10^279 |
| 124 | ov_124 | 1.1322153320321463 × 10^280 |
| 123 | ov_123 | 1.9357328583088867 × 10^280 |
| 122 | ov_122 | 3.063097566062659 × 10^280 |
| 121 | ov_121 | 4.5723436992215895 × 10^280 |
| 120 | ov_120 | 6.521521589778467 × 10^280 |
| 119 | ov_119 | 8.968712289087697 × 10^280 |
| 118 | ov_118 | 1.1972049261156102 × 10^281 |
| 117 | ov_117 | 1.5589749112131807 × 10^281 |
| 116 | ov_116 | 1.9880153330252785 × 10^281 |
| 115 | ov_115 | 2.490178625670133 × 10^281 |
| 114 | ov_114 | 3.07134382477892 × 10^281 |
| 113 | ov_113 | 3.73742807306328 × 10^281 |
| 112 | ov_112 | 4.4944017103121055 × 10^281 |
| 111 | ov_111 | 5.34830734307595 × 10^281 |
| 110 | ov_110 | 6.30528328957115 × 10^281 |
| 109 | ov_109 | 7.37159179577892 × 10^281 |
| 108 | ov_108 | 8.553652419452905 × 10^281 |
| 107 | ov_107 | 9.858080979952541 × 10^281 |
| 106 | ov_106 | 1.1291734473702996 × 10^282 |
| 105 | ov_105 | 1.2861762357909531 × 10^282 |
| 104 | ov_104 | 1.4575664609230982 × 10^282 |
| 103 | ov_103 | 1.6441356969784273 × 10^282 |
| 102 | ov_102 | 1.8467243800478112 × 10^282 |
| 101 | ov_101 | 2.066229897165821 × 10^282 |
| 100 | ov_100 | 2.303615523380448 × 10^282 |
| 99 | ov_099 | 2.5599202527022283 × 10^282 |
| 98 | ov_098 | 2.5599447511435785 × 10^282 |
| 97 | ov_097 | 2.560021445348561 × 10^282 |
| 96 | aaa_78_29 | 3.876457137506285 × 10^282 |
| 95 | aaa_78_28 | 1.2622287698992772 × 10^283 |
| 94 | ov_094 | 4.0875915552003384 × 10^283 |
| 93 | ov_093 | 9.542638987877284 × 10^283 |
| 92 | ov_092 | 1.9097564445327403 × 10^284 |
| 91 | ov_091 | 3.462625355633018 × 10^284 |
| 90 | ov_090 | 5.840643976723244 × 10^284 |
| 89 | ov_089 | 9.312008523094243 × 10^284 |
| 88 | ov_088 | 1.4453611779190918 × 10^285 |
| 87 | ov_087 | 2.1923485027170484 × 10^285 |
| 86 | ov_086 | 3.246115675650154 × 10^285 |
| 85 | ov_085 | 4.688820084650597 × 10^285 |
| 84 | ov_084 | 6.610902065086089 × 10^285 |
| 83 | ov_083 | 9.111191541836882 × 10^285 |
| 82 | ov_082 | 1.2297047549534247 × 10^286 |
| 81 | ov_081 | 1.6284535277572878 × 10^286 |
| 64 | lv_79_m31 | 2.0527793462364985 × 10^286 |
| 80 | ov_080 | 2.1198645290075451 × 10^286 |
| 79 | ov_079 | 2.717355957668997 × 10^286 |
| 78 | ov_078 | 3.435296909877417 × 10^286 |
| 77 | ov_077 | 4.289044750832578 × 10^286 |
| 76 | ov_076 | 5.294988573562508 × 10^286 |
| 75 | ov_075 | 6.4705992168199795 × 10^286 |
| 74 | ov_074 | 7.834486318108618 × 10^286 |
| 73 | ov_073 | 9.406462882946774 × 10^286 |
| 63 | ov_063 | 1.053941417627749 × 10^287 |
| 72 | ov_072 | 1.1207617858296938 × 10^287 |
| 71 | ov_071 | 1.3260397206982877 × 10^287 |
| 70 | ov_070 | 1.558869399128329 × 10^287 |
| 69 | ov_069 | 1.821794798815947 × 10^287 |
| 68 | ov_068 | 2.1175255376206256 × 10^287 |
| 67 | ov_067 | 2.4489489055904056 × 10^287 |
| 66 | ov_066 | 2.4489507712827646 × 10^287 |
| 65 | ov_065 | 2.4489583942466784 × 10^287 |
| 62 | ov_062 | 5.410009788912624 × 10^287 |
| 61 | ov_061 | 1.9730576307701325 × 10^288 |
| 60 | ov_060 | 5.651130759648827 × 10^288 |
| 59 | ov_059 | 1.3643083334675408 × 10^289 |
| 58 | ov_058 | 2.77016060130068 × 10^289 |
| 57 | ov_057 | 5.006961567192608 × 10^289 |
| 56 | ov_056 | 8.348027657906365 × 10^289 |
| 55 | ov_055 | 1.3115705781273507 × 10^290 |
| 54 | ov_054 | 1.9681385700291295 × 10^290 |
| 53 | ov_053 | 2.8836913094358354 × 10^290 |
| 52 | ov_052 | 4.147230605311659 × 10^290 |
| 51 | ov_051 | 5.810629741120808 × 10^290 |
| 50 | ov_050 | 7.982562131655585 × 10^290 |
| 49 | ov_049 | 1.07815693515092 × 10^291 |
| 48 | ov_048 | 1.4336096825607932 × 10^291 |
| 47 | ov_047 | 1.8784545677022443 × 10^291 |
| 32 | lv_80_m31 | 2.275738740249787 × 10^291 |
| 46 | ov_046 | 2.4275346323251438 × 10^291 |
| 45 | ov_045 | 3.096706006676703 × 10^291 |
| 44 | ov_044 | 3.9028515585629355 × 10^291 |
| 43 | ov_043 | 4.8638987897491164 × 10^291 |
| 42 | ov_042 | 5.998842804776636 × 10^291 |
| 41 | ov_041 | 7.327775246294451 × 10^291 |
| 40 | ov_040 | 8.861596186913557 × 10^291 |
| 39 | ov_039 | 1.0622705913684171 × 10^292 |
| 31 | ov_031 | 1.1668693341037182 × 10^292 |
| 38 | ov_038 | 1.2634733869153568 × 10^292 |
| 37 | ov_037 | 1.4910472609589648 × 10^292 |
| 36 | ov_036 | 1.7476210988896582 × 10^292 |
| 35 | ov_035 | 2.0359692555048807 × 10^292 |
| 34 | ov_034 | 2.3590217515917676 × 10^292 |
| 33 | ov_033 | 2.719876058466737 × 10^292 |
| 30 | ov_030 | 5.982120845321013 × 10^292 |
| 29 | ov_029 | 1.9567807481438583 × 10^293 |
| 28 | ov_028 | 5.0783255845697615 × 10^293 |
| 27 | ov_027 | 1.1349740324630039 × 10^294 |
| 26 | ov_026 | 2.2694966461871166 × 10^294 |
| 25 | ov_025 | 4.1574999515248975 × 10^294 |
| 24 | ov_024 | 7.344890843589102 × 10^294 |
| 23 | ov_023 | 1.2484998778907042 × 10^295 |
| 22 | ov_022 | 2.033859953579378 × 10^295 |
| 21 | ov_021 | 3.1773965718577436 × 10^295 |
| 20 | ov_020 | 4.776695896029235 × 10^295 |
| 19 | ov_019 | 6.940118061224901 × 10^295 |
| 18 | ov_018 | 9.786820082550847 × 10^295 |
| 17 | ov_017 | 1.3446788985166643 × 10^296 |
| 16 | ov_016 | 1.8060888302742553 × 10^296 |
| 15 | ov_015 | 2.3780922646449417 × 10^296 |
| 14 | ov_014 | 3.0769726280284462 × 10^296 |
| 13 | ov_013 | 3.920128180766221 × 10^296 |
| 12 | ov_012 | 4.926087586120889 × 10^296 |
| 11 | ov_011 | 6.114530041550836 × 10^296 |
| 10 | ov_010 | 7.506310960327398 × 10^296 |
| 9 | ov_009 | 9.123494271018975 × 10^296 |
| 8 | ov_008 | 1.098939248235698 × 10^297 |
| 7 | ov_007 | 1.3128615741703044 × 10^297 |
| 6 | ov_006 | 1.5567131197008188 × 10^297 |
| 5 | ov_005 | 1.833233405510385 × 10^297 |
| 4 | ov_004 | 2.1453131813765426 × 10^297 |
| 3 | ov_003 | 2.4960043128445053 × 10^297 |
| 2 | ov_002 | 2.88853126573988 × 10^297 |
| 1 | ov_001 | 3.3263043321450864 × 10^297 |

