# Results for T001-T002-F003-F004-F005-T006-T007-F008-T009-F010-F011-T012-F013-F014-F015-T016-F017-F018-F019-F020-T021-F022-F023-T024-F025-T026-F027-T028-T029-F030-F031-F032-F033-F034-T035-F036-T037-T038-F039-F040-T041-T042-T043-F044-F045-F046-F047-F048-F049-F050-F051-F052-F053-F054-F055-F056-T057-F058-T059-F060-F061-T062-T063-T064-F065-T066-T067-T068-T069-T070-F071-T072-T073-T074-T075-T076-T077-T078-F079-F080-F081-F082-F083-F084-F085-F086-F087-T088-T089-F090-T091-F092-F093-F094-F095-T096-T097-F098-T099-F100-T101-F102-F103-T104-T105-T106-T107-F108-T109-T110-T111-T112-T113-T114-T115-T116-F117-T118-F119-T120-T121-F122-F123-F124-F125-T126-F127-F128-F129-T130-F131-F132-T133-F134-T135-T136-F137-F138-T139-T140-F141-T142-F143-T144-T145-T146-F147-F148-T149-T150-T151-F152-T153-T154-F155-F156-F157-T158-F159-T160-F161-F162-F163-T164-F165-T166-T167-F168-T169-F170-T171-T172-F173-F174-T175-F176-T177-T178-T179-T180-T181-F182-T183-T184-T185-F186-T187-F188-F189-T190-F191-T192-T193-F194-F195-F196-T197-F198-F199-T200-F201-T202-F203-F204-F205-F206-T207-F208-F209-F210-F211-T212-F213-T214-T215-T216-F217-T218-T219-F220-F221-F222-F223-F224-T225-F226-T227-T228-T229-T230-F231-F232-F233-F234-F235-T236-T237-T238-T239-T240-F241-T242-F243-F244-T245-T246-T247-T248-F249-T250-F251-T252-F253-T254-F255-F256-T257-F258-F259-F260-T261-F262-F263-T264-F265-F266-F267-T268-T269-F270-T271-F272-T273-F274-F275-F276-T277-F278-F279-T280-F281-F282-F283-T284-F285-T286-T287-F288-T289-T290-T291-F292-F293-T294-T295-F296-T297-F298-T299-T300-T301-T302-T303-F304-F305-F306-F307-F308-T309-T310-F311-T312-F313-T314-T315-F316-T317-F318-T319-F320-F321-F322-T323-F324-F325-F326-F327-F328-F329-T330-F331-F332-T333-T334-T335-F336-F337-T338-F339-T340-F341-F342-T343-T344-F345-T346-F347-T348-F349-F350-T351-T352-F353-T354-F355-F356-T357-F358-F359-F360-F361-T362-T363-T364-T365-T366-T367-F368-F369-T370-F371-F372-T373-F374-T375-T376-F377-T378-F379-F380-T381-F382-F383-F384-T385-F386-T387-F388-T389-F390-F391-F392-F393-T394-F395-T396-T397-T398-T399-T400-T401-T402-T403-F404-T405-F406-F407-F408-F409-F410-F411-T412-T413-F414-T415-F416-T417-T418-T419-T420-F421-F422-T423-F424-F425-T426-F427-F428-T429-F430-F431-T432-F433-T434-T435-T436-F437-F438-F439-F440-F441-T442-T443-T444-F445-F446-F447-F448-F449-F450-T451-F452-T453-T454-F456-T458-F460-F461-F463-F464-F465-F467-F469-F470-F471-F472-T474-T476-F477-F478-F479-F480

## Summary

Number of input bits: 512  
Number of free input bits: 40  
Number of output bits: 160

Number of assignments: 19846  
Number of operations: 48387
(xor: 20716,
and: 14190,
or: 13481)

Total complexity: 6.37538 × 10^327

Least complex input bit: iv_481 (2.98979 × 10^324)  
Most complex input bit: iv_466 (4.62878 × 10^326)

Least complex output bit: aaa_76_29 (5.43911 × 10^301)  
Most complex output bit: ov_001 (9.87337 × 10^326)

Least complex input/output complexity: iv_481/aaa_76_29 (2.55072 × 10^298)  
Most complex input/output complexity: iv_466/ov_001 (7.16846 × 10^325)

## Input Bits

| Input Bit | Complexity | Occurrences |
|:---------:|:----------:|:-----------:|
| iv_455 | 2.13157 × 10^325 | 28 |
| iv_457 | 2.18991 × 10^326 | 36 |
| iv_459 | 2.86279 × 10^326 | 36 |
| iv_462 | 2.06948 × 10^326 | 41 |
| iv_466 | 4.62878 × 10^326 | 43 |
| iv_468 | 3.82960 × 10^326 | 38 |
| iv_473 | 2.78886 × 10^326 | 39 |
| iv_475 | 3.21868 × 10^326 | 35 |
| iv_481 | 2.98979 × 10^324 | 49 |
| iv_482 | 1.23087 × 10^325 | 48 |
| iv_483 | 2.53451 × 10^325 | 50 |
| iv_484 | 3.91676 × 10^325 | 50 |
| iv_485 | 3.02886 × 10^325 | 45 |
| iv_486 | 6.77245 × 10^325 | 50 |
| iv_487 | 4.45842 × 10^325 | 45 |
| iv_488 | 9.63197 × 10^325 | 51 |
| iv_489 | 1.10629 × 10^326 | 49 |
| iv_490 | 6.60652 × 10^325 | 34 |
| iv_491 | 1.39339 × 10^326 | 35 |
| iv_492 | 1.53797 × 10^326 | 31 |
| iv_493 | 1.68353 × 10^326 | 35 |
| iv_494 | 1.83055 × 10^326 | 35 |
| iv_495 | 1.97963 × 10^326 | 35 |
| iv_496 | 1.10415 × 10^326 | 48 |
| iv_497 | 1.18304 × 10^326 | 34 |
| iv_498 | 1.26467 × 10^326 | 30 |
| iv_499 | 1.34975 × 10^326 | 52 |
| iv_500 | 2.78886 × 10^326 | 53 |
| iv_501 | 1.53370 × 10^326 | 34 |
| iv_502 | 3.16831 × 10^326 | 35 |
| iv_503 | 1.74938 × 10^326 | 30 |
| iv_504 | 1.87309 × 10^326 | 34 |
| iv_505 | 2.01620 × 10^326 | 48 |
| iv_506 | 2.17150 × 10^326 | 52 |
| iv_507 | 2.34088 × 10^326 | 52 |
| iv_508 | 2.52643 × 10^326 | 34 |
| iv_509 | 2.73045 × 10^326 | 36 |
| iv_510 | 2.24987 × 10^325 | 34 |
| iv_511 | 2.48685 × 10^325 | 34 |
| iv_512 | 2.99055 × 10^325 | 62 |

## Input Bits Sorted by Complexity

| Input Bit | Complexity | Occurrences |
|:---------:|:----------:|:-----------:|
| iv_481 | 2.98979 × 10^324 | 49 |
| iv_482 | 1.23087 × 10^325 | 48 |
| iv_455 | 2.13157 × 10^325 | 28 |
| iv_510 | 2.24987 × 10^325 | 34 |
| iv_511 | 2.48685 × 10^325 | 34 |
| iv_483 | 2.53451 × 10^325 | 50 |
| iv_512 | 2.99055 × 10^325 | 62 |
| iv_485 | 3.02886 × 10^325 | 45 |
| iv_484 | 3.91676 × 10^325 | 50 |
| iv_487 | 4.45842 × 10^325 | 45 |
| iv_490 | 6.60652 × 10^325 | 34 |
| iv_486 | 6.77245 × 10^325 | 50 |
| iv_488 | 9.63197 × 10^325 | 51 |
| iv_496 | 1.10415 × 10^326 | 48 |
| iv_489 | 1.10629 × 10^326 | 49 |
| iv_497 | 1.18304 × 10^326 | 34 |
| iv_498 | 1.26467 × 10^326 | 30 |
| iv_499 | 1.34975 × 10^326 | 52 |
| iv_491 | 1.39339 × 10^326 | 35 |
| iv_501 | 1.53370 × 10^326 | 34 |
| iv_492 | 1.53797 × 10^326 | 31 |
| iv_493 | 1.68353 × 10^326 | 35 |
| iv_503 | 1.74938 × 10^326 | 30 |
| iv_494 | 1.83055 × 10^326 | 35 |
| iv_504 | 1.87309 × 10^326 | 34 |
| iv_495 | 1.97963 × 10^326 | 35 |
| iv_505 | 2.01620 × 10^326 | 48 |
| iv_462 | 2.06948 × 10^326 | 41 |
| iv_506 | 2.17150 × 10^326 | 52 |
| iv_457 | 2.18991 × 10^326 | 36 |
| iv_507 | 2.34088 × 10^326 | 52 |
| iv_508 | 2.52643 × 10^326 | 34 |
| iv_509 | 2.73045 × 10^326 | 36 |
| iv_500 | 2.78886 × 10^326 | 53 |
| iv_473 | 2.78886 × 10^326 | 39 |
| iv_459 | 2.86279 × 10^326 | 36 |
| iv_502 | 3.16831 × 10^326 | 35 |
| iv_475 | 3.21868 × 10^326 | 35 |
| iv_468 | 3.82960 × 10^326 | 38 |
| iv_466 | 4.62878 × 10^326 | 43 |

## Input Bits Sorted by Occurrences

| Input Bit | Complexity | Occurrences |
|:---------:|:----------:|:-----------:|
| iv_455 | 2.13157 × 10^325 | 28 |
| iv_498 | 1.26467 × 10^326 | 30 |
| iv_503 | 1.74938 × 10^326 | 30 |
| iv_492 | 1.53797 × 10^326 | 31 |
| iv_497 | 1.18304 × 10^326 | 34 |
| iv_490 | 6.60652 × 10^325 | 34 |
| iv_508 | 2.52643 × 10^326 | 34 |
| iv_511 | 2.48685 × 10^325 | 34 |
| iv_504 | 1.87309 × 10^326 | 34 |
| iv_501 | 1.53370 × 10^326 | 34 |
| iv_510 | 2.24987 × 10^325 | 34 |
| iv_502 | 3.16831 × 10^326 | 35 |
| iv_475 | 3.21868 × 10^326 | 35 |
| iv_495 | 1.97963 × 10^326 | 35 |
| iv_494 | 1.83055 × 10^326 | 35 |
| iv_493 | 1.68353 × 10^326 | 35 |
| iv_491 | 1.39339 × 10^326 | 35 |
| iv_509 | 2.73045 × 10^326 | 36 |
| iv_459 | 2.86279 × 10^326 | 36 |
| iv_457 | 2.18991 × 10^326 | 36 |
| iv_468 | 3.82960 × 10^326 | 38 |
| iv_473 | 2.78886 × 10^326 | 39 |
| iv_462 | 2.06948 × 10^326 | 41 |
| iv_466 | 4.62878 × 10^326 | 43 |
| iv_487 | 4.45842 × 10^325 | 45 |
| iv_485 | 3.02886 × 10^325 | 45 |
| iv_482 | 1.23087 × 10^325 | 48 |
| iv_505 | 2.01620 × 10^326 | 48 |
| iv_496 | 1.10415 × 10^326 | 48 |
| iv_481 | 2.98979 × 10^324 | 49 |
| iv_489 | 1.10629 × 10^326 | 49 |
| iv_486 | 6.77245 × 10^325 | 50 |
| iv_484 | 3.91676 × 10^325 | 50 |
| iv_483 | 2.53451 × 10^325 | 50 |
| iv_488 | 9.63197 × 10^325 | 51 |
| iv_507 | 2.34088 × 10^326 | 52 |
| iv_499 | 1.34975 × 10^326 | 52 |
| iv_506 | 2.17150 × 10^326 | 52 |
| iv_500 | 2.78886 × 10^326 | 53 |
| iv_512 | 2.99055 × 10^325 | 62 |

## Output Bits

| Rank | Output Bit | Complexity |
|:----:|:----------:|:----------:|
| 1 | ov_001 | 9.87337 × 10^326 |
| 2 | ov_002 | 8.60113 × 10^326 |
| 3 | ov_003 | 7.45838 × 10^326 |
| 4 | ov_004 | 6.43538 × 10^326 |
| 5 | ov_005 | 5.52296 × 10^326 |
| 6 | ov_006 | 4.71242 × 10^326 |
| 7 | ov_007 | 3.99556 × 10^326 |
| 8 | ov_008 | 3.36458 × 10^326 |
| 9 | ov_009 | 2.81213 × 10^326 |
| 10 | ov_010 | 2.33123 × 10^326 |
| 11 | ov_011 | 1.91528 × 10^326 |
| 12 | ov_012 | 1.55805 × 10^326 |
| 13 | ov_013 | 1.25364 × 10^326 |
| 14 | ov_014 | 9.96495 × 10^325 |
| 15 | ov_015 | 7.81387 × 10^325 |
| 16 | ov_016 | 6.03413 × 10^325 |
| 17 | ov_017 | 4.57982 × 10^325 |
| 18 | ov_018 | 3.40817 × 10^325 |
| 19 | ov_019 | 2.47951 × 10^325 |
| 20 | ov_020 | 1.75722 × 10^325 |
| 21 | ov_021 | 1.20773 × 10^325 |
| 22 | ov_022 | 8.00519 × 10^324 |
| 23 | ov_023 | 5.08099 × 10^324 |
| 24 | ov_024 | 3.06008 × 10^324 |
| 25 | ov_025 | 1.72813 × 10^324 |
| 26 | ov_026 | 9.01029 × 10^323 |
| 27 | ov_027 | 4.24940 × 10^323 |
| 28 | ov_028 | 1.76261 × 10^323 |
| 29 | ov_029 | 6.16313 × 10^322 |
| 30 | ov_030 | 1.69245 × 10^322 |
| 31 | ov_031 | 3.30253 × 10^321 |
| 32 | lv_80_m31 | 6.44308 × 10^320 |
| 33 | ov_033 | 7.84851 × 10^321 |
| 34 | ov_034 | 6.83719 × 10^321 |
| 35 | ov_035 | 5.92879 × 10^321 |
| 36 | ov_036 | 5.11559 × 10^321 |
| 37 | ov_037 | 4.39029 × 10^321 |
| 38 | ov_038 | 3.74598 × 10^321 |
| 39 | ov_039 | 3.17614 × 10^321 |
| 40 | ov_040 | 2.67456 × 10^321 |
| 41 | ov_041 | 2.23541 × 10^321 |
| 42 | ov_042 | 1.85314 × 10^321 |
| 43 | ov_043 | 1.52249 × 10^321 |
| 44 | ov_044 | 1.23852 × 10^321 |
| 45 | ov_045 | 9.96542 × 10^320 |
| 46 | ov_046 | 7.92131 × 10^320 |
| 47 | ov_047 | 6.21138 × 10^320 |
| 48 | ov_048 | 4.79663 × 10^320 |
| 49 | ov_049 | 3.64057 × 10^320 |
| 50 | ov_050 | 2.70921 × 10^320 |
| 51 | ov_051 | 1.97100 × 10^320 |
| 52 | ov_052 | 1.39684 × 10^320 |
| 53 | ov_053 | 9.60045 × 10^319 |
| 54 | ov_054 | 6.36346 × 10^319 |
| 55 | ov_055 | 4.03897 × 10^319 |
| 56 | ov_056 | 2.43251 × 10^319 |
| 57 | ov_057 | 1.37372 × 10^319 |
| 58 | ov_058 | 7.16244 × 10^318 |
| 59 | ov_059 | 3.37792 × 10^318 |
| 60 | ov_060 | 1.40112 × 10^318 |
| 61 | ov_061 | 4.89918 × 10^317 |
| 62 | ov_062 | 1.34536 × 10^317 |
| 63 | ov_063 | 2.62524 × 10^316 |
| 64 | lv_79_m31 | 5.12171 × 10^315 |
| 65 | ov_065 | 6.23883 × 10^316 |
| 66 | ov_066 | 6.23881 × 10^316 |
| 67 | ov_067 | 6.23881 × 10^316 |
| 68 | ov_068 | 5.43489 × 10^316 |
| 69 | ov_069 | 4.71279 × 10^316 |
| 70 | ov_070 | 4.06636 × 10^316 |
| 71 | ov_071 | 3.48981 × 10^316 |
| 72 | ov_072 | 2.97764 × 10^316 |
| 73 | ov_073 | 2.52466 × 10^316 |
| 74 | ov_074 | 2.12595 × 10^316 |
| 75 | ov_075 | 1.77686 × 10^316 |
| 76 | ov_076 | 1.47298 × 10^316 |
| 77 | ov_077 | 1.21015 × 10^316 |
| 78 | ov_078 | 9.84417 × 10^315 |
| 79 | ov_079 | 7.92061 × 10^315 |
| 80 | ov_080 | 6.29572 × 10^315 |
| 81 | ov_081 | 4.93646 × 10^315 |
| 82 | ov_082 | 3.81185 × 10^315 |
| 83 | ov_083 | 2.89288 × 10^315 |
| 84 | ov_084 | 2.15253 × 10^315 |
| 85 | ov_085 | 1.56571 × 10^315 |
| 86 | ov_086 | 1.10930 × 10^315 |
| 87 | ov_087 | 7.62087 × 10^314 |
| 88 | ov_088 | 5.04773 × 10^314 |
| 89 | ov_089 | 3.19995 × 10^314 |
| 90 | ov_090 | 1.92295 × 10^314 |
| 91 | ov_091 | 1.08129 × 10^314 |
| 92 | ov_092 | 5.58660 × 10^313 |
| 93 | ov_093 | 2.57822 × 10^313 |
| 94 | ov_094 | 1.00683 × 10^313 |
| 95 | aaa_78_28 | 2.82499 × 10^312 |
| 96 | aaa_78_29 | 8.60765 × 10^311 |
| 97 | ov_097 | 4.95935 × 10^311 |
| 98 | ov_098 | 4.95934 × 10^311 |
| 99 | ov_099 | 4.95933 × 10^311 |
| 100 | ov_100 | 4.32029 × 10^311 |
| 101 | ov_101 | 3.74628 × 10^311 |
| 102 | ov_102 | 3.23242 × 10^311 |
| 103 | ov_103 | 2.77411 × 10^311 |
| 104 | ov_104 | 2.36698 × 10^311 |
| 105 | ov_105 | 2.00689 × 10^311 |
| 106 | ov_106 | 1.68995 × 10^311 |
| 107 | ov_107 | 1.41245 × 10^311 |
| 108 | ov_108 | 1.17090 × 10^311 |
| 109 | ov_109 | 9.61970 × 10^310 |
| 110 | ov_110 | 7.82530 × 10^310 |
| 111 | ov_111 | 6.29623 × 10^310 |
| 112 | ov_112 | 5.00457 × 10^310 |
| 113 | ov_113 | 3.92408 × 10^310 |
| 114 | ov_114 | 3.03011 × 10^310 |
| 115 | ov_115 | 2.29960 × 10^310 |
| 116 | ov_116 | 1.71108 × 10^310 |
| 117 | ov_117 | 1.24461 × 10^310 |
| 118 | ov_118 | 8.81807 × 10^309 |
| 119 | ov_119 | 6.05796 × 10^309 |
| 120 | ov_120 | 4.01253 × 10^309 |
| 121 | ov_121 | 2.54369 × 10^309 |
| 122 | ov_122 | 1.52858 × 10^309 |
| 123 | ov_123 | 8.59543 × 10^308 |
| 124 | ov_124 | 4.44088 × 10^308 |
| 125 | ov_125 | 2.04947 × 10^308 |
| 126 | ov_126 | 8.00352 × 10^307 |
| 127 | aaa_77_28 | 2.24563 × 10^307 |
| 128 | aaa_77_29 | 6.84237 × 10^306 |
| 129 | ov_129 | 3.94064 × 10^306 |
| 130 | ov_130 | 3.94063 × 10^306 |
| 131 | ov_131 | 3.94063 × 10^306 |
| 132 | ov_132 | 3.43264 × 10^306 |
| 133 | ov_133 | 2.97635 × 10^306 |
| 134 | ov_134 | 2.56788 × 10^306 |
| 135 | ov_135 | 2.20356 × 10^306 |
| 136 | ov_136 | 1.87992 × 10^306 |
| 137 | ov_137 | 1.59368 × 10^306 |
| 138 | ov_138 | 1.34174 × 10^306 |
| 139 | ov_139 | 1.12115 × 10^306 |
| 140 | ov_140 | 9.29140 × 10^305 |
| 141 | ov_141 | 7.63057 × 10^305 |
| 142 | ov_142 | 6.20417 × 10^305 |
| 143 | ov_143 | 4.98869 × 10^305 |
| 144 | ov_144 | 3.96193 × 10^305 |
| 145 | ov_145 | 3.10302 × 10^305 |
| 146 | ov_146 | 2.39239 × 10^305 |
| 147 | ov_147 | 1.81170 × 10^305 |
| 148 | ov_148 | 1.34388 × 10^305 |
| 149 | ov_149 | 9.73076 × 10^304 |
| 150 | ov_150 | 6.84671 × 10^304 |
| 151 | ov_151 | 4.65266 × 10^304 |
| 152 | ov_152 | 3.02671 × 10^304 |
| 153 | ov_153 | 1.85911 × 10^304 |
| 154 | ov_154 | 1.05218 × 10^304 |
| 155 | ov_155 | 5.20349 × 10^303 |
| 156 | aaa_76_25 | 1.90097 × 10^303 |
| 157 | aaa_76_26 | 9.92951 × 10^302 |
| 158 | aaa_76_27 | 4.57704 × 10^302 |
| 159 | aaa_76_28 | 1.78509 × 10^302 |
| 160 | aaa_76_29 | 5.43911 × 10^301 |

## Output Bits Sorted by Complexity

| Rank | Output Bit | Complexity |
|:----:|:----------:|:----------:|
| 160 | aaa_76_29 | 5.43911 × 10^301 |
| 159 | aaa_76_28 | 1.78509 × 10^302 |
| 158 | aaa_76_27 | 4.57704 × 10^302 |
| 157 | aaa_76_26 | 9.92951 × 10^302 |
| 156 | aaa_76_25 | 1.90097 × 10^303 |
| 155 | ov_155 | 5.20349 × 10^303 |
| 154 | ov_154 | 1.05218 × 10^304 |
| 153 | ov_153 | 1.85911 × 10^304 |
| 152 | ov_152 | 3.02671 × 10^304 |
| 151 | ov_151 | 4.65266 × 10^304 |
| 150 | ov_150 | 6.84671 × 10^304 |
| 149 | ov_149 | 9.73076 × 10^304 |
| 148 | ov_148 | 1.34388 × 10^305 |
| 147 | ov_147 | 1.81170 × 10^305 |
| 146 | ov_146 | 2.39239 × 10^305 |
| 145 | ov_145 | 3.10302 × 10^305 |
| 144 | ov_144 | 3.96193 × 10^305 |
| 143 | ov_143 | 4.98869 × 10^305 |
| 142 | ov_142 | 6.20417 × 10^305 |
| 141 | ov_141 | 7.63057 × 10^305 |
| 140 | ov_140 | 9.29140 × 10^305 |
| 139 | ov_139 | 1.12115 × 10^306 |
| 138 | ov_138 | 1.34174 × 10^306 |
| 137 | ov_137 | 1.59368 × 10^306 |
| 136 | ov_136 | 1.87992 × 10^306 |
| 135 | ov_135 | 2.20356 × 10^306 |
| 134 | ov_134 | 2.56788 × 10^306 |
| 133 | ov_133 | 2.97635 × 10^306 |
| 132 | ov_132 | 3.43264 × 10^306 |
| 131 | ov_131 | 3.94063 × 10^306 |
| 130 | ov_130 | 3.94063 × 10^306 |
| 129 | ov_129 | 3.94064 × 10^306 |
| 128 | aaa_77_29 | 6.84237 × 10^306 |
| 127 | aaa_77_28 | 2.24563 × 10^307 |
| 126 | ov_126 | 8.00352 × 10^307 |
| 125 | ov_125 | 2.04947 × 10^308 |
| 124 | ov_124 | 4.44088 × 10^308 |
| 123 | ov_123 | 8.59543 × 10^308 |
| 122 | ov_122 | 1.52858 × 10^309 |
| 121 | ov_121 | 2.54369 × 10^309 |
| 120 | ov_120 | 4.01253 × 10^309 |
| 119 | ov_119 | 6.05796 × 10^309 |
| 118 | ov_118 | 8.81807 × 10^309 |
| 117 | ov_117 | 1.24461 × 10^310 |
| 116 | ov_116 | 1.71108 × 10^310 |
| 115 | ov_115 | 2.29960 × 10^310 |
| 114 | ov_114 | 3.03011 × 10^310 |
| 113 | ov_113 | 3.92408 × 10^310 |
| 112 | ov_112 | 5.00457 × 10^310 |
| 111 | ov_111 | 6.29623 × 10^310 |
| 110 | ov_110 | 7.82530 × 10^310 |
| 109 | ov_109 | 9.61970 × 10^310 |
| 108 | ov_108 | 1.17090 × 10^311 |
| 107 | ov_107 | 1.41245 × 10^311 |
| 106 | ov_106 | 1.68995 × 10^311 |
| 105 | ov_105 | 2.00689 × 10^311 |
| 104 | ov_104 | 2.36698 × 10^311 |
| 103 | ov_103 | 2.77411 × 10^311 |
| 102 | ov_102 | 3.23242 × 10^311 |
| 101 | ov_101 | 3.74628 × 10^311 |
| 100 | ov_100 | 4.32029 × 10^311 |
| 99 | ov_099 | 4.95933 × 10^311 |
| 98 | ov_098 | 4.95934 × 10^311 |
| 97 | ov_097 | 4.95935 × 10^311 |
| 96 | aaa_78_29 | 8.60765 × 10^311 |
| 95 | aaa_78_28 | 2.82499 × 10^312 |
| 94 | ov_094 | 1.00683 × 10^313 |
| 93 | ov_093 | 2.57822 × 10^313 |
| 92 | ov_092 | 5.58660 × 10^313 |
| 91 | ov_091 | 1.08129 × 10^314 |
| 90 | ov_090 | 1.92295 × 10^314 |
| 89 | ov_089 | 3.19995 × 10^314 |
| 88 | ov_088 | 5.04773 × 10^314 |
| 87 | ov_087 | 7.62087 × 10^314 |
| 86 | ov_086 | 1.10930 × 10^315 |
| 85 | ov_085 | 1.56571 × 10^315 |
| 84 | ov_084 | 2.15253 × 10^315 |
| 83 | ov_083 | 2.89288 × 10^315 |
| 82 | ov_082 | 3.81185 × 10^315 |
| 81 | ov_081 | 4.93646 × 10^315 |
| 64 | lv_79_m31 | 5.12171 × 10^315 |
| 80 | ov_080 | 6.29572 × 10^315 |
| 79 | ov_079 | 7.92061 × 10^315 |
| 78 | ov_078 | 9.84417 × 10^315 |
| 77 | ov_077 | 1.21015 × 10^316 |
| 76 | ov_076 | 1.47298 × 10^316 |
| 75 | ov_075 | 1.77686 × 10^316 |
| 74 | ov_074 | 2.12595 × 10^316 |
| 73 | ov_073 | 2.52466 × 10^316 |
| 63 | ov_063 | 2.62524 × 10^316 |
| 72 | ov_072 | 2.97764 × 10^316 |
| 71 | ov_071 | 3.48981 × 10^316 |
| 70 | ov_070 | 4.06636 × 10^316 |
| 69 | ov_069 | 4.71279 × 10^316 |
| 68 | ov_068 | 5.43489 × 10^316 |
| 67 | ov_067 | 6.23881 × 10^316 |
| 66 | ov_066 | 6.23881 × 10^316 |
| 65 | ov_065 | 6.23883 × 10^316 |
| 62 | ov_062 | 1.34536 × 10^317 |
| 61 | ov_061 | 4.89918 × 10^317 |
| 60 | ov_060 | 1.40112 × 10^318 |
| 59 | ov_059 | 3.37792 × 10^318 |
| 58 | ov_058 | 7.16244 × 10^318 |
| 57 | ov_057 | 1.37372 × 10^319 |
| 56 | ov_056 | 2.43251 × 10^319 |
| 55 | ov_055 | 4.03897 × 10^319 |
| 54 | ov_054 | 6.36346 × 10^319 |
| 53 | ov_053 | 9.60045 × 10^319 |
| 52 | ov_052 | 1.39684 × 10^320 |
| 51 | ov_051 | 1.97100 × 10^320 |
| 50 | ov_050 | 2.70921 × 10^320 |
| 49 | ov_049 | 3.64057 × 10^320 |
| 48 | ov_048 | 4.79663 × 10^320 |
| 47 | ov_047 | 6.21138 × 10^320 |
| 32 | lv_80_m31 | 6.44308 × 10^320 |
| 46 | ov_046 | 7.92131 × 10^320 |
| 45 | ov_045 | 9.96542 × 10^320 |
| 44 | ov_044 | 1.23852 × 10^321 |
| 43 | ov_043 | 1.52249 × 10^321 |
| 42 | ov_042 | 1.85314 × 10^321 |
| 41 | ov_041 | 2.23541 × 10^321 |
| 40 | ov_040 | 2.67456 × 10^321 |
| 39 | ov_039 | 3.17614 × 10^321 |
| 31 | ov_031 | 3.30253 × 10^321 |
| 38 | ov_038 | 3.74598 × 10^321 |
| 37 | ov_037 | 4.39029 × 10^321 |
| 36 | ov_036 | 5.11559 × 10^321 |
| 35 | ov_035 | 5.92879 × 10^321 |
| 34 | ov_034 | 6.83719 × 10^321 |
| 33 | ov_033 | 7.84851 × 10^321 |
| 30 | ov_030 | 1.69245 × 10^322 |
| 29 | ov_029 | 6.16313 × 10^322 |
| 28 | ov_028 | 1.76261 × 10^323 |
| 27 | ov_027 | 4.24940 × 10^323 |
| 26 | ov_026 | 9.01029 × 10^323 |
| 25 | ov_025 | 1.72813 × 10^324 |
| 24 | ov_024 | 3.06008 × 10^324 |
| 23 | ov_023 | 5.08099 × 10^324 |
| 22 | ov_022 | 8.00519 × 10^324 |
| 21 | ov_021 | 1.20773 × 10^325 |
| 20 | ov_020 | 1.75722 × 10^325 |
| 19 | ov_019 | 2.47951 × 10^325 |
| 18 | ov_018 | 3.40817 × 10^325 |
| 17 | ov_017 | 4.57982 × 10^325 |
| 16 | ov_016 | 6.03413 × 10^325 |
| 15 | ov_015 | 7.81387 × 10^325 |
| 14 | ov_014 | 9.96495 × 10^325 |
| 13 | ov_013 | 1.25364 × 10^326 |
| 12 | ov_012 | 1.55805 × 10^326 |
| 11 | ov_011 | 1.91528 × 10^326 |
| 10 | ov_010 | 2.33123 × 10^326 |
| 9 | ov_009 | 2.81213 × 10^326 |
| 8 | ov_008 | 3.36458 × 10^326 |
| 7 | ov_007 | 3.99556 × 10^326 |
| 6 | ov_006 | 4.71242 × 10^326 |
| 5 | ov_005 | 5.52296 × 10^326 |
| 4 | ov_004 | 6.43538 × 10^326 |
| 3 | ov_003 | 7.45838 × 10^326 |
| 2 | ov_002 | 8.60113 × 10^326 |
| 1 | ov_001 | 9.87337 × 10^326 |

