# Results for T001-T002-F003-F004-F005-T006-T007-F008-T009-F010-F011-T012-F013-F014-F015-T016-F017-F018-F019-F020-T021-F022-F023-T024-F025-T026-F027-T028-T029-F030-F031-F032-F033-F034-T035-F036-T037-T038-F039-F040-T041-T042-T043-F044-F045-F046-F047-F048-F049-F050-F051-F052-F053-F054-F055-F056-T057-F058-T059-F060-F061-T062-T063-T064-F065-T066-T067-T068-T069-T070-F071-T072-T073-T074-T075-T076-T077-T078-F079-F080-F081-F082-F083-F084-F085-F086-F087-T088-T089-F090-T091-F092-F093-F094-F095-T096-T097-F098-T099-F100-T101-F102-F103-T104-T105-T106-T107-F108-T109-T110-T111-T112-T113-T114-T115-T116-F117-T118-F119-T120-T121-F122-F123-F124-F125-T126-F127-F128-F129-T130-F131-F132-T133-F134-T135-T136-F137-F138-T139-T140-F141-T142-F143-T144-T145-T146-F147-F148-T149-T150-T151-F152-T153-T154-F155-F156-F157-T158-F159-T160-F161-F162-F163-T164-F165-T166-T167-F168-T169-F170-T171-T172-F173-F174-T175-F176-T177-T178-T179-T180-T181-F182-T183-T184-T185-F186-T187-F188-F189-T190-F191-T192-T193-F194-F195-F196-T197-F198-F199-T200-F201-T202-F203-F204-F205-F206-T207-F208-F209-F210-F211-T212-F213-T214-T215-T216-F217-T218-T219-F220-F221-F222-F223-F224-T225-F226-T227-T228-T229-T230-F231-F232-F233-F234-F235-T236-T237-T238-T239-T240-F241-T242-F243-F244-T245-T246-T247-T248-F249-T250-F251-T252-F253-T254-F255-F256-T257-F258-F259-F260-T261-F262-F263-T264-F265-F266-F267-T268-T269-F270-T271-F272-T273-F274-F275-F276-T277-F278-F279-T280-F281-F282-F283-T284-F285-T286-T287-F288-T289-T290-T291-F292-F293-T294-T295-F296-T297-F298-T299-T300-T301-T302-T303-F304-F305-F306-F307-F308-T309-T310-F311-T312-F313-T314-T315-F316-T317-F318-T319-F320-F321-F322-T323-F324-F325-F326-F327-F328-F329-T330-F331-F332-T333-T334-T335-F336-F337-T338-F339-T340-F341-F342-T343-T344-F345-T346-F347-T348-F349-F350-T351-T352-F353-T354-F355-F356-T357-F358-F359-F360-F361-T362-T363-T364-T365-T366-T367-F368-F369-T370-F371-F372-T373-F374-T375-T376-F377-T378-F379-F380-T381-F382-F383-F384-T385-F386-T387-F388-T389-F390-F391-F392-F393-T394-F395-T396-T397-T398-T399-T400-T401-T402-T403-F404-T405-F406-F407-F408-F409-F410-F411-T412-T413-F414-T415-F416-T417-T418-T419-T420-F421-F422-T423-F424-F425-T426-F427-F428-T429-F430-F431-T432-F433-T434-T435-T436-F437-F438-F439-F440-F441-T442-T443-T444-F445-F446-F447-F448-F449-F450-T451-F452-T453-T454-F456-T458-F460-F461-F463-F464-F465-F467-F469-F470-F471-F472-T474-T476-F477-F478-T479-F480

## Summary

Number of input bits: 512  
Number of free input bits: 40  
Number of output bits: 160

Number of assignments: 19844  
Number of operations: 48385
(xor: 20714,
and: 14190,
or: 13481)

Total complexity: 1.09268 × 10^328

Least complex input bit: iv_481 (2.94199 × 10^324)  
Most complex input bit: iv_466 (8.29337 × 10^326)

Least complex output bit: aaa_76_29 (9.32213 × 10^301)  
Most complex output bit: ov_001 (1.69220 × 10^327)

Least complex input/output complexity: iv_481/aaa_76_29 (2.50994 × 10^298)  
Most complex input/output complexity: iv_466/ov_001 (1.28437 × 10^326)

## Input Bits

| Input Bit | Complexity | Occurrences |
|:---------:|:----------:|:-----------:|
| iv_455 | 2.09750 × 10^325 | 28 |
| iv_457 | 2.38864 × 10^326 | 36 |
| iv_459 | 3.59884 × 10^326 | 36 |
| iv_462 | 3.55664 × 10^326 | 41 |
| iv_466 | 8.29337 × 10^326 | 43 |
| iv_468 | 6.95517 × 10^326 | 38 |
| iv_473 | 5.10151 × 10^326 | 39 |
| iv_475 | 5.80222 × 10^326 | 35 |
| iv_481 | 2.94199 × 10^324 | 49 |
| iv_482 | 1.21120 × 10^325 | 48 |
| iv_483 | 2.82259 × 10^325 | 50 |
| iv_484 | 5.20574 × 10^325 | 50 |
| iv_485 | 4.69784 × 10^325 | 45 |
| iv_486 | 1.07933 × 10^326 | 50 |
| iv_487 | 7.49335 × 10^325 | 45 |
| iv_488 | 1.63847 × 10^326 | 51 |
| iv_489 | 1.91816 × 10^326 | 49 |
| iv_490 | 1.16903 × 10^326 | 34 |
| iv_491 | 2.47844 × 10^326 | 35 |
| iv_492 | 2.75958 × 10^326 | 31 |
| iv_493 | 3.04170 × 10^326 | 35 |
| iv_494 | 3.32525 × 10^326 | 35 |
| iv_495 | 3.61082 × 10^326 | 35 |
| iv_496 | 2.02208 × 10^326 | 48 |
| iv_497 | 2.16915 × 10^326 | 34 |
| iv_498 | 2.31891 × 10^326 | 30 |
| iv_499 | 2.47207 × 10^326 | 52 |
| iv_500 | 5.10151 × 10^326 | 53 |
| iv_501 | 2.79196 × 10^326 | 34 |
| iv_502 | 5.75265 × 10^326 | 35 |
| iv_503 | 3.14307 × 10^326 | 30 |
| iv_504 | 3.33424 × 10^326 | 34 |
| iv_505 | 3.54450 × 10^326 | 48 |
| iv_506 | 3.76676 × 10^326 | 52 |
| iv_507 | 4.00287 × 10^326 | 52 |
| iv_508 | 4.25490 × 10^326 | 34 |
| iv_509 | 4.52510 × 10^326 | 36 |
| iv_510 | 2.90830 × 10^325 | 34 |
| iv_511 | 3.14150 × 10^325 | 34 |
| iv_512 | 3.63714 × 10^325 | 62 |

## Input Bits Sorted by Complexity

| Input Bit | Complexity | Occurrences |
|:---------:|:----------:|:-----------:|
| iv_481 | 2.94199 × 10^324 | 49 |
| iv_482 | 1.21120 × 10^325 | 48 |
| iv_455 | 2.09750 × 10^325 | 28 |
| iv_483 | 2.82259 × 10^325 | 50 |
| iv_510 | 2.90830 × 10^325 | 34 |
| iv_511 | 3.14150 × 10^325 | 34 |
| iv_512 | 3.63714 × 10^325 | 62 |
| iv_485 | 4.69784 × 10^325 | 45 |
| iv_484 | 5.20574 × 10^325 | 50 |
| iv_487 | 7.49335 × 10^325 | 45 |
| iv_486 | 1.07933 × 10^326 | 50 |
| iv_490 | 1.16903 × 10^326 | 34 |
| iv_488 | 1.63847 × 10^326 | 51 |
| iv_489 | 1.91816 × 10^326 | 49 |
| iv_496 | 2.02208 × 10^326 | 48 |
| iv_497 | 2.16915 × 10^326 | 34 |
| iv_498 | 2.31891 × 10^326 | 30 |
| iv_457 | 2.38864 × 10^326 | 36 |
| iv_499 | 2.47207 × 10^326 | 52 |
| iv_491 | 2.47844 × 10^326 | 35 |
| iv_492 | 2.75958 × 10^326 | 31 |
| iv_501 | 2.79196 × 10^326 | 34 |
| iv_493 | 3.04170 × 10^326 | 35 |
| iv_503 | 3.14307 × 10^326 | 30 |
| iv_494 | 3.32525 × 10^326 | 35 |
| iv_504 | 3.33424 × 10^326 | 34 |
| iv_505 | 3.54450 × 10^326 | 48 |
| iv_462 | 3.55664 × 10^326 | 41 |
| iv_459 | 3.59884 × 10^326 | 36 |
| iv_495 | 3.61082 × 10^326 | 35 |
| iv_506 | 3.76676 × 10^326 | 52 |
| iv_507 | 4.00287 × 10^326 | 52 |
| iv_508 | 4.25490 × 10^326 | 34 |
| iv_509 | 4.52510 × 10^326 | 36 |
| iv_500 | 5.10151 × 10^326 | 53 |
| iv_473 | 5.10151 × 10^326 | 39 |
| iv_502 | 5.75265 × 10^326 | 35 |
| iv_475 | 5.80222 × 10^326 | 35 |
| iv_468 | 6.95517 × 10^326 | 38 |
| iv_466 | 8.29337 × 10^326 | 43 |

## Input Bits Sorted by Occurrences

| Input Bit | Complexity | Occurrences |
|:---------:|:----------:|:-----------:|
| iv_455 | 2.09750 × 10^325 | 28 |
| iv_498 | 2.31891 × 10^326 | 30 |
| iv_503 | 3.14307 × 10^326 | 30 |
| iv_492 | 2.75958 × 10^326 | 31 |
| iv_497 | 2.16915 × 10^326 | 34 |
| iv_490 | 1.16903 × 10^326 | 34 |
| iv_508 | 4.25490 × 10^326 | 34 |
| iv_511 | 3.14150 × 10^325 | 34 |
| iv_504 | 3.33424 × 10^326 | 34 |
| iv_501 | 2.79196 × 10^326 | 34 |
| iv_510 | 2.90830 × 10^325 | 34 |
| iv_502 | 5.75265 × 10^326 | 35 |
| iv_475 | 5.80222 × 10^326 | 35 |
| iv_495 | 3.61082 × 10^326 | 35 |
| iv_494 | 3.32525 × 10^326 | 35 |
| iv_493 | 3.04170 × 10^326 | 35 |
| iv_491 | 2.47844 × 10^326 | 35 |
| iv_509 | 4.52510 × 10^326 | 36 |
| iv_459 | 3.59884 × 10^326 | 36 |
| iv_457 | 2.38864 × 10^326 | 36 |
| iv_468 | 6.95517 × 10^326 | 38 |
| iv_473 | 5.10151 × 10^326 | 39 |
| iv_462 | 3.55664 × 10^326 | 41 |
| iv_466 | 8.29337 × 10^326 | 43 |
| iv_487 | 7.49335 × 10^325 | 45 |
| iv_485 | 4.69784 × 10^325 | 45 |
| iv_482 | 1.21120 × 10^325 | 48 |
| iv_505 | 3.54450 × 10^326 | 48 |
| iv_496 | 2.02208 × 10^326 | 48 |
| iv_481 | 2.94199 × 10^324 | 49 |
| iv_489 | 1.91816 × 10^326 | 49 |
| iv_486 | 1.07933 × 10^326 | 50 |
| iv_484 | 5.20574 × 10^325 | 50 |
| iv_483 | 2.82259 × 10^325 | 50 |
| iv_488 | 1.63847 × 10^326 | 51 |
| iv_507 | 4.00287 × 10^326 | 52 |
| iv_499 | 2.47207 × 10^326 | 52 |
| iv_506 | 3.76676 × 10^326 | 52 |
| iv_500 | 5.10151 × 10^326 | 53 |
| iv_512 | 3.63714 × 10^325 | 62 |

## Output Bits

| Rank | Output Bit | Complexity |
|:----:|:----------:|:----------:|
| 1 | ov_001 | 1.69220 × 10^327 |
| 2 | ov_002 | 1.47415 × 10^327 |
| 3 | ov_003 | 1.27829 × 10^327 |
| 4 | ov_004 | 1.10296 × 10^327 |
| 5 | ov_005 | 9.46583 × 10^326 |
| 6 | ov_006 | 8.07665 × 10^326 |
| 7 | ov_007 | 6.84801 × 10^326 |
| 8 | ov_008 | 5.76658 × 10^326 |
| 9 | ov_009 | 4.81973 × 10^326 |
| 10 | ov_010 | 3.99552 × 10^326 |
| 11 | ov_011 | 3.28262 × 10^326 |
| 12 | ov_012 | 2.67036 × 10^326 |
| 13 | ov_013 | 2.14862 × 10^326 |
| 14 | ov_014 | 1.70790 × 10^326 |
| 15 | ov_015 | 1.33922 × 10^326 |
| 16 | ov_016 | 1.03419 × 10^326 |
| 17 | ov_017 | 7.84938 × 10^325 |
| 18 | ov_018 | 5.84129 × 10^325 |
| 19 | ov_019 | 4.24965 × 10^325 |
| 20 | ov_020 | 3.01171 × 10^325 |
| 21 | ov_021 | 2.06993 × 10^325 |
| 22 | ov_022 | 1.37201 × 10^325 |
| 23 | ov_023 | 8.70834 × 10^324 |
| 24 | ov_024 | 5.24470 × 10^324 |
| 25 | ov_025 | 2.96185 × 10^324 |
| 26 | ov_026 | 1.54428 × 10^324 |
| 27 | ov_027 | 7.28308 × 10^323 |
| 28 | ov_028 | 3.02094 × 10^323 |
| 29 | ov_029 | 1.05630 × 10^323 |
| 30 | ov_030 | 2.90070 × 10^322 |
| 31 | ov_031 | 5.66023 × 10^321 |
| 32 | lv_80_m31 | 1.10428 × 10^321 |
| 33 | ov_033 | 1.34516 × 10^322 |
| 34 | ov_034 | 1.17183 × 10^322 |
| 35 | ov_035 | 1.01613 × 10^322 |
| 36 | ov_036 | 8.76765 × 10^321 |
| 37 | ov_037 | 7.52455 × 10^321 |
| 38 | ov_038 | 6.42027 × 10^321 |
| 39 | ov_039 | 5.44360 × 10^321 |
| 40 | ov_040 | 4.58395 × 10^321 |
| 41 | ov_041 | 3.83129 × 10^321 |
| 42 | ov_042 | 3.17610 × 10^321 |
| 43 | ov_043 | 2.60941 × 10^321 |
| 44 | ov_044 | 2.12271 × 10^321 |
| 45 | ov_045 | 1.70797 × 10^321 |
| 46 | ov_046 | 1.35763 × 10^321 |
| 47 | ov_047 | 1.06457 × 10^321 |
| 48 | ov_048 | 8.22098 × 10^320 |
| 49 | ov_049 | 6.23960 × 10^320 |
| 50 | ov_050 | 4.64334 × 10^320 |
| 51 | ov_051 | 3.37812 × 10^320 |
| 52 | ov_052 | 2.39406 × 10^320 |
| 53 | ov_053 | 1.64542 × 10^320 |
| 54 | ov_054 | 1.09063 × 10^320 |
| 55 | ov_055 | 6.92241 × 10^319 |
| 56 | ov_056 | 4.16910 × 10^319 |
| 57 | ov_057 | 2.35442 × 10^319 |
| 58 | ov_058 | 1.22757 × 10^319 |
| 59 | ov_059 | 5.78945 × 10^318 |
| 60 | ov_060 | 2.40140 × 10^318 |
| 61 | ov_061 | 8.39674 × 10^317 |
| 62 | ov_062 | 2.30582 × 10^317 |
| 63 | ov_063 | 4.49941 × 10^316 |
| 64 | lv_79_m31 | 8.77814 × 10^315 |
| 65 | ov_065 | 1.06927 × 10^317 |
| 66 | ov_066 | 1.06927 × 10^317 |
| 67 | ov_067 | 1.06927 × 10^317 |
| 68 | ov_068 | 9.31489 × 10^316 |
| 69 | ov_069 | 8.07728 × 10^316 |
| 70 | ov_070 | 6.96937 × 10^316 |
| 71 | ov_071 | 5.98121 × 10^316 |
| 72 | ov_072 | 5.10340 × 10^316 |
| 73 | ov_073 | 4.32703 × 10^316 |
| 74 | ov_074 | 3.64368 × 10^316 |
| 75 | ov_075 | 3.04537 × 10^316 |
| 76 | ov_076 | 2.52455 × 10^316 |
| 77 | ov_077 | 2.07408 × 10^316 |
| 78 | ov_078 | 1.68719 × 10^316 |
| 79 | ov_079 | 1.35751 × 10^316 |
| 80 | ov_080 | 1.07902 × 10^316 |
| 81 | ov_081 | 8.46064 × 10^315 |
| 82 | ov_082 | 6.53316 × 10^315 |
| 83 | ov_083 | 4.95814 × 10^315 |
| 84 | ov_084 | 3.68924 × 10^315 |
| 85 | ov_085 | 2.68349 × 10^315 |
| 86 | ov_086 | 1.90124 × 10^315 |
| 87 | ov_087 | 1.30614 × 10^315 |
| 88 | ov_088 | 8.65134 × 10^314 |
| 89 | ov_089 | 5.48441 × 10^314 |
| 90 | ov_090 | 3.29576 × 10^314 |
| 91 | ov_091 | 1.85324 × 10^314 |
| 92 | ov_092 | 9.57491 × 10^313 |
| 93 | ov_093 | 4.41884 × 10^313 |
| 94 | ov_094 | 1.72562 × 10^313 |
| 95 | aaa_78_28 | 4.84177 × 10^312 |
| 96 | aaa_78_29 | 1.47527 × 10^312 |
| 97 | ov_097 | 8.49986 × 10^311 |
| 98 | ov_098 | 8.49984 × 10^311 |
| 99 | ov_099 | 8.49984 × 10^311 |
| 100 | ov_100 | 7.40457 × 10^311 |
| 101 | ov_101 | 6.42077 × 10^311 |
| 102 | ov_102 | 5.54007 × 10^311 |
| 103 | ov_103 | 4.75457 × 10^311 |
| 104 | ov_104 | 4.05678 × 10^311 |
| 105 | ov_105 | 3.43963 × 10^311 |
| 106 | ov_106 | 2.89642 × 10^311 |
| 107 | ov_107 | 2.42082 × 10^311 |
| 108 | ov_108 | 2.00681 × 10^311 |
| 109 | ov_109 | 1.64872 × 10^311 |
| 110 | ov_110 | 1.34118 × 10^311 |
| 111 | ov_111 | 1.07911 × 10^311 |
| 112 | ov_112 | 8.57737 × 10^310 |
| 113 | ov_113 | 6.72550 × 10^310 |
| 114 | ov_114 | 5.19332 × 10^310 |
| 115 | ov_115 | 3.94131 × 10^310 |
| 116 | ov_116 | 2.93264 × 10^310 |
| 117 | ov_117 | 2.13315 × 10^310 |
| 118 | ov_118 | 1.51133 × 10^310 |
| 119 | ov_119 | 1.03827 × 10^310 |
| 120 | ov_120 | 6.87710 × 10^309 |
| 121 | ov_121 | 4.35965 × 10^309 |
| 122 | ov_122 | 2.61985 × 10^309 |
| 123 | ov_123 | 1.47317 × 10^309 |
| 124 | ov_124 | 7.61126 × 10^308 |
| 125 | ov_125 | 3.51261 × 10^308 |
| 126 | ov_126 | 1.37172 × 10^308 |
| 127 | aaa_77_28 | 3.84881 × 10^307 |
| 128 | aaa_77_29 | 1.17271 × 10^307 |
| 129 | ov_129 | 6.75389 × 10^306 |
| 130 | ov_130 | 6.75388 × 10^306 |
| 131 | ov_131 | 6.75387 × 10^306 |
| 132 | ov_132 | 5.88322 × 10^306 |
| 133 | ov_133 | 5.10119 × 10^306 |
| 134 | ov_134 | 4.40110 × 10^306 |
| 135 | ov_135 | 3.77669 × 10^306 |
| 136 | ov_136 | 3.22201 × 10^306 |
| 137 | ov_137 | 2.73143 × 10^306 |
| 138 | ov_138 | 2.29962 × 10^306 |
| 139 | ov_139 | 1.92156 × 10^306 |
| 140 | ov_140 | 1.59245 × 10^306 |
| 141 | ov_141 | 1.30780 × 10^306 |
| 142 | ov_142 | 1.06333 × 10^306 |
| 143 | ov_143 | 8.55014 × 10^305 |
| 144 | ov_144 | 6.79037 × 10^305 |
| 145 | ov_145 | 5.31830 × 10^305 |
| 146 | ov_146 | 4.10034 × 10^305 |
| 147 | ov_147 | 3.10509 × 10^305 |
| 148 | ov_148 | 2.30328 × 10^305 |
| 149 | ov_149 | 1.66776 × 10^305 |
| 150 | ov_150 | 1.17346 × 10^305 |
| 151 | ov_151 | 7.97422 × 10^304 |
| 152 | ov_152 | 5.18750 × 10^304 |
| 153 | ov_153 | 3.18634 × 10^304 |
| 154 | ov_154 | 1.80334 × 10^304 |
| 155 | ov_155 | 8.91829 × 10^303 |
| 156 | aaa_76_25 | 3.25808 × 10^303 |
| 157 | aaa_76_26 | 1.70182 × 10^303 |
| 158 | aaa_76_27 | 7.84461 × 10^302 |
| 159 | aaa_76_28 | 3.05948 × 10^302 |
| 160 | aaa_76_29 | 9.32213 × 10^301 |

## Output Bits Sorted by Complexity

| Rank | Output Bit | Complexity |
|:----:|:----------:|:----------:|
| 160 | aaa_76_29 | 9.32213 × 10^301 |
| 159 | aaa_76_28 | 3.05948 × 10^302 |
| 158 | aaa_76_27 | 7.84461 × 10^302 |
| 157 | aaa_76_26 | 1.70182 × 10^303 |
| 156 | aaa_76_25 | 3.25808 × 10^303 |
| 155 | ov_155 | 8.91829 × 10^303 |
| 154 | ov_154 | 1.80334 × 10^304 |
| 153 | ov_153 | 3.18634 × 10^304 |
| 152 | ov_152 | 5.18750 × 10^304 |
| 151 | ov_151 | 7.97422 × 10^304 |
| 150 | ov_150 | 1.17346 × 10^305 |
| 149 | ov_149 | 1.66776 × 10^305 |
| 148 | ov_148 | 2.30328 × 10^305 |
| 147 | ov_147 | 3.10509 × 10^305 |
| 146 | ov_146 | 4.10034 × 10^305 |
| 145 | ov_145 | 5.31830 × 10^305 |
| 144 | ov_144 | 6.79037 × 10^305 |
| 143 | ov_143 | 8.55014 × 10^305 |
| 142 | ov_142 | 1.06333 × 10^306 |
| 141 | ov_141 | 1.30780 × 10^306 |
| 140 | ov_140 | 1.59245 × 10^306 |
| 139 | ov_139 | 1.92156 × 10^306 |
| 138 | ov_138 | 2.29962 × 10^306 |
| 137 | ov_137 | 2.73143 × 10^306 |
| 136 | ov_136 | 3.22201 × 10^306 |
| 135 | ov_135 | 3.77669 × 10^306 |
| 134 | ov_134 | 4.40110 × 10^306 |
| 133 | ov_133 | 5.10119 × 10^306 |
| 132 | ov_132 | 5.88322 × 10^306 |
| 131 | ov_131 | 6.75387 × 10^306 |
| 130 | ov_130 | 6.75388 × 10^306 |
| 129 | ov_129 | 6.75389 × 10^306 |
| 128 | aaa_77_29 | 1.17271 × 10^307 |
| 127 | aaa_77_28 | 3.84881 × 10^307 |
| 126 | ov_126 | 1.37172 × 10^308 |
| 125 | ov_125 | 3.51261 × 10^308 |
| 124 | ov_124 | 7.61126 × 10^308 |
| 123 | ov_123 | 1.47317 × 10^309 |
| 122 | ov_122 | 2.61985 × 10^309 |
| 121 | ov_121 | 4.35965 × 10^309 |
| 120 | ov_120 | 6.87710 × 10^309 |
| 119 | ov_119 | 1.03827 × 10^310 |
| 118 | ov_118 | 1.51133 × 10^310 |
| 117 | ov_117 | 2.13315 × 10^310 |
| 116 | ov_116 | 2.93264 × 10^310 |
| 115 | ov_115 | 3.94131 × 10^310 |
| 114 | ov_114 | 5.19332 × 10^310 |
| 113 | ov_113 | 6.72550 × 10^310 |
| 112 | ov_112 | 8.57737 × 10^310 |
| 111 | ov_111 | 1.07911 × 10^311 |
| 110 | ov_110 | 1.34118 × 10^311 |
| 109 | ov_109 | 1.64872 × 10^311 |
| 108 | ov_108 | 2.00681 × 10^311 |
| 107 | ov_107 | 2.42082 × 10^311 |
| 106 | ov_106 | 2.89642 × 10^311 |
| 105 | ov_105 | 3.43963 × 10^311 |
| 104 | ov_104 | 4.05678 × 10^311 |
| 103 | ov_103 | 4.75457 × 10^311 |
| 102 | ov_102 | 5.54007 × 10^311 |
| 101 | ov_101 | 6.42077 × 10^311 |
| 100 | ov_100 | 7.40457 × 10^311 |
| 99 | ov_099 | 8.49984 × 10^311 |
| 98 | ov_098 | 8.49984 × 10^311 |
| 97 | ov_097 | 8.49986 × 10^311 |
| 96 | aaa_78_29 | 1.47527 × 10^312 |
| 95 | aaa_78_28 | 4.84177 × 10^312 |
| 94 | ov_094 | 1.72562 × 10^313 |
| 93 | ov_093 | 4.41884 × 10^313 |
| 92 | ov_092 | 9.57491 × 10^313 |
| 91 | ov_091 | 1.85324 × 10^314 |
| 90 | ov_090 | 3.29576 × 10^314 |
| 89 | ov_089 | 5.48441 × 10^314 |
| 88 | ov_088 | 8.65134 × 10^314 |
| 87 | ov_087 | 1.30614 × 10^315 |
| 86 | ov_086 | 1.90124 × 10^315 |
| 85 | ov_085 | 2.68349 × 10^315 |
| 84 | ov_084 | 3.68924 × 10^315 |
| 83 | ov_083 | 4.95814 × 10^315 |
| 82 | ov_082 | 6.53316 × 10^315 |
| 81 | ov_081 | 8.46064 × 10^315 |
| 64 | lv_79_m31 | 8.77814 × 10^315 |
| 80 | ov_080 | 1.07902 × 10^316 |
| 79 | ov_079 | 1.35751 × 10^316 |
| 78 | ov_078 | 1.68719 × 10^316 |
| 77 | ov_077 | 2.07408 × 10^316 |
| 76 | ov_076 | 2.52455 × 10^316 |
| 75 | ov_075 | 3.04537 × 10^316 |
| 74 | ov_074 | 3.64368 × 10^316 |
| 73 | ov_073 | 4.32703 × 10^316 |
| 63 | ov_063 | 4.49941 × 10^316 |
| 72 | ov_072 | 5.10340 × 10^316 |
| 71 | ov_071 | 5.98121 × 10^316 |
| 70 | ov_070 | 6.96937 × 10^316 |
| 69 | ov_069 | 8.07728 × 10^316 |
| 68 | ov_068 | 9.31489 × 10^316 |
| 67 | ov_067 | 1.06927 × 10^317 |
| 66 | ov_066 | 1.06927 × 10^317 |
| 65 | ov_065 | 1.06927 × 10^317 |
| 62 | ov_062 | 2.30582 × 10^317 |
| 61 | ov_061 | 8.39674 × 10^317 |
| 60 | ov_060 | 2.40140 × 10^318 |
| 59 | ov_059 | 5.78945 × 10^318 |
| 58 | ov_058 | 1.22757 × 10^319 |
| 57 | ov_057 | 2.35442 × 10^319 |
| 56 | ov_056 | 4.16910 × 10^319 |
| 55 | ov_055 | 6.92241 × 10^319 |
| 54 | ov_054 | 1.09063 × 10^320 |
| 53 | ov_053 | 1.64542 × 10^320 |
| 52 | ov_052 | 2.39406 × 10^320 |
| 51 | ov_051 | 3.37812 × 10^320 |
| 50 | ov_050 | 4.64334 × 10^320 |
| 49 | ov_049 | 6.23960 × 10^320 |
| 48 | ov_048 | 8.22098 × 10^320 |
| 47 | ov_047 | 1.06457 × 10^321 |
| 32 | lv_80_m31 | 1.10428 × 10^321 |
| 46 | ov_046 | 1.35763 × 10^321 |
| 45 | ov_045 | 1.70797 × 10^321 |
| 44 | ov_044 | 2.12271 × 10^321 |
| 43 | ov_043 | 2.60941 × 10^321 |
| 42 | ov_042 | 3.17610 × 10^321 |
| 41 | ov_041 | 3.83129 × 10^321 |
| 40 | ov_040 | 4.58395 × 10^321 |
| 39 | ov_039 | 5.44360 × 10^321 |
| 31 | ov_031 | 5.66023 × 10^321 |
| 38 | ov_038 | 6.42027 × 10^321 |
| 37 | ov_037 | 7.52455 × 10^321 |
| 36 | ov_036 | 8.76765 × 10^321 |
| 35 | ov_035 | 1.01613 × 10^322 |
| 34 | ov_034 | 1.17183 × 10^322 |
| 33 | ov_033 | 1.34516 × 10^322 |
| 30 | ov_030 | 2.90070 × 10^322 |
| 29 | ov_029 | 1.05630 × 10^323 |
| 28 | ov_028 | 3.02094 × 10^323 |
| 27 | ov_027 | 7.28308 × 10^323 |
| 26 | ov_026 | 1.54428 × 10^324 |
| 25 | ov_025 | 2.96185 × 10^324 |
| 24 | ov_024 | 5.24470 × 10^324 |
| 23 | ov_023 | 8.70834 × 10^324 |
| 22 | ov_022 | 1.37201 × 10^325 |
| 21 | ov_021 | 2.06993 × 10^325 |
| 20 | ov_020 | 3.01171 × 10^325 |
| 19 | ov_019 | 4.24965 × 10^325 |
| 18 | ov_018 | 5.84129 × 10^325 |
| 17 | ov_017 | 7.84938 × 10^325 |
| 16 | ov_016 | 1.03419 × 10^326 |
| 15 | ov_015 | 1.33922 × 10^326 |
| 14 | ov_014 | 1.70790 × 10^326 |
| 13 | ov_013 | 2.14862 × 10^326 |
| 12 | ov_012 | 2.67036 × 10^326 |
| 11 | ov_011 | 3.28262 × 10^326 |
| 10 | ov_010 | 3.99552 × 10^326 |
| 9 | ov_009 | 4.81973 × 10^326 |
| 8 | ov_008 | 5.76658 × 10^326 |
| 7 | ov_007 | 6.84801 × 10^326 |
| 6 | ov_006 | 8.07665 × 10^326 |
| 5 | ov_005 | 9.46583 × 10^326 |
| 4 | ov_004 | 1.10296 × 10^327 |
| 3 | ov_003 | 1.27829 × 10^327 |
| 2 | ov_002 | 1.47415 × 10^327 |
| 1 | ov_001 | 1.69220 × 10^327 |

