# Results for T001-T002-F003-F004-F005-T006-T007-F008-T009-F010-F011-T012-F013-F014-F015-T016-F017-F018-F019-F020-T021-F022-F023-T024-F025-T026-F027-T028-T029-F030-F031-F032-F033-F034-T035-F036-T037-T038-F039-F040-T041-T042-T043-F044-F045-F046-F047-F048-F049-F050-F051-F052-F053-F054-F055-F056-T057-F058-T059-F060-F061-T062-T063-T064-F065-T066-T067-T068-T069-T070-F071-T072-T073-T074-T075-T076-T077-T078-F079-F080-F081-F082-F083-F084-F085-F086-F087-T088-T089-F090-T091-F092-F093-F094-F095-T096-T097-F098-T099-F100-T101-F102-F103-T104-T105-T106-T107-F108-T109-T110-T111-T112-T113-T114-T115-T116-F117-T118-F119-T120-T121-F122-F123-F124-F125-T126-F127-F128-F129-T130-F131-F132-T133-F134-T135-T136-F137-F138-T139-T140-F141-T142-F143-T144-T145-T146-F147-F148-T149-T150-T151-F152-T153-T154-F155-F156-F157-T158-F159-T160-F161-F162-F163-T164-F165-T166-T167-F168-T169-F170-T171-T172-F173-F174-T175-F176-T177-T178-T179-T180-T181-F182-T183-T184-T185-F186-T187-F188-F189-T190-F191-T192-T193-F194-F195-F196-T197-F198-F199-T200-F201-T202-F203-F204-F205-F206-T207-F208-F209-F210-F211-T212-F213-T214-T215-T216-F217-T218-T219-F220-F221-F222-F223-F224-T225-F226-T227-T228-T229-T230-F231-F232-F233-F234-F235-T236-T237-T238-T239-T240-F241-T242-F243-F244-T245-T246-T247-T248-F249-T250-F251-T252-F253-T254-F255-F256-T257-F258-F259-F260-T261-F262-F263-T264-F265-F266-F267-T268-T269-F270-T271-F272-T273-F274-F275-F276-T277-F278-F279-T280-F281-F282-F283-T284-F285-T286-T287-F288-T289-T290-T291-F292-F293-T294-T295-F296-T297-F298-T299-T300-T301-T302-T303-F304-F305-F306-F307-F308-T309-T310-F311-T312-F313-T314-T315-F316-T317-F318-T319-F320-F321-F322-T323-F324-F325-F326-F327-F328-F329-T330-F331-F332-T333-T334-T335-F336-F337-T338-F339-T340-F341-F342-T343-T344-F345-T346-F347-T348-F349-F350-T351-T352-F353-T354-F355-F356-T357-F358-F359-F360-F361-T362-T363-T364-T365-T366-T367-F368-F369-T370-F371-F372-T373-F374-T375-T376-F377-T378-F379-F380-T381-F382-F383-F384-T385-F386-T387-F388-T389-F390-F391-F392-F393-T394-F395-T396-T397-T398-T399-T400-T401-T402-T403-F404-T405-F406-F407-F408-F409-F410-F411-T412-T413-F414-T415-F416-T417-T418-T419-T420-F421-F422-T423-F424-F425-T426-F427-F428-T429-F430-F431-T432-F433-T434-T435-T436-F437-F438-F439-F440-F441-T442-T443-T444-F445-F446-F447-F448-F449-F450-T451-F452-T453-T454-F456-T458-F459-F460-F461-T462-F463-F464-F465-T466-F467-T468-F469-F470-F471-F472-F473-T474-T475-T476-F477-F478-F479-F480-T500-T505-T507-T509

## Summary

Number of input bits: 512  
Number of free input bits: 30  
Number of output bits: 160

Number of assignments: 19675  
Number of operations: 47413
(xor: 20178,
and: 13972,
or: 13263)

Total complexity: 5.20032 × 10^325

Least complex input bit: iv_506 (1.55796 × 10^322)  
Most complex input bit: iv_499 (4.88597 × 10^324)

Least complex output bit: aaa_76_29 (4.43662 × 10^299)  
Most complex output bit: ov_001 (8.05360 × 10^324)

Least complex input/output complexity: iv_506/aaa_76_29 (1.32916 × 10^296)  
Most complex input/output complexity: iv_499/ov_001 (7.56676 × 10^323)

## Input Bits

| Input Bit | Complexity | Occurrences |
|:---------:|:----------:|:-----------:|
| iv_455 | 7.22389 × 10^323 | 28 |
| iv_457 | 2.70720 × 10^324 | 41 |
| iv_481 | 1.00548 × 10^323 | 49 |
| iv_482 | 4.18993 × 10^323 | 60 |
| iv_483 | 5.54515 × 10^323 | 49 |
| iv_484 | 1.36472 × 10^324 | 50 |
| iv_485 | 1.06743 × 10^324 | 45 |
| iv_486 | 1.32467 × 10^324 | 49 |
| iv_487 | 1.58195 × 10^324 | 45 |
| iv_488 | 1.83937 × 10^324 | 50 |
| iv_489 | 2.09711 × 10^324 | 52 |
| iv_490 | 2.35549 × 10^324 | 34 |
| iv_491 | 2.61561 × 10^324 | 34 |
| iv_492 | 2.87756 × 10^324 | 34 |
| iv_493 | 3.14229 × 10^324 | 34 |
| iv_494 | 3.41106 × 10^324 | 52 |
| iv_495 | 3.68547 × 10^324 | 52 |
| iv_496 | 3.96752 × 10^324 | 52 |
| iv_497 | 4.25961 × 10^324 | 52 |
| iv_498 | 4.56463 × 10^324 | 62 |
| iv_499 | 4.88597 × 10^324 | 60 |
| iv_501 | 3.66398 × 10^323 | 64 |
| iv_502 | 3.96382 × 10^323 | 64 |
| iv_503 | 4.32236 × 10^323 | 62 |
| iv_504 | 4.74690 × 10^323 | 67 |
| iv_506 | 1.55796 × 10^322 | 75 |
| iv_508 | 5.93293 × 10^322 | 78 |
| iv_510 | 1.62630 × 10^323 | 76 |
| iv_511 | 2.33398 × 10^323 | 64 |
| iv_512 | 3.18449 × 10^323 | 73 |

## Input Bits Sorted by Complexity

| Input Bit | Complexity | Occurrences |
|:---------:|:----------:|:-----------:|
| iv_506 | 1.55796 × 10^322 | 75 |
| iv_508 | 5.93293 × 10^322 | 78 |
| iv_481 | 1.00548 × 10^323 | 49 |
| iv_510 | 1.62630 × 10^323 | 76 |
| iv_511 | 2.33398 × 10^323 | 64 |
| iv_512 | 3.18449 × 10^323 | 73 |
| iv_501 | 3.66398 × 10^323 | 64 |
| iv_502 | 3.96382 × 10^323 | 64 |
| iv_482 | 4.18993 × 10^323 | 60 |
| iv_503 | 4.32236 × 10^323 | 62 |
| iv_504 | 4.74690 × 10^323 | 67 |
| iv_483 | 5.54515 × 10^323 | 49 |
| iv_455 | 7.22389 × 10^323 | 28 |
| iv_485 | 1.06743 × 10^324 | 45 |
| iv_486 | 1.32467 × 10^324 | 49 |
| iv_484 | 1.36472 × 10^324 | 50 |
| iv_487 | 1.58195 × 10^324 | 45 |
| iv_488 | 1.83937 × 10^324 | 50 |
| iv_489 | 2.09711 × 10^324 | 52 |
| iv_490 | 2.35549 × 10^324 | 34 |
| iv_491 | 2.61561 × 10^324 | 34 |
| iv_457 | 2.70720 × 10^324 | 41 |
| iv_492 | 2.87756 × 10^324 | 34 |
| iv_493 | 3.14229 × 10^324 | 34 |
| iv_494 | 3.41106 × 10^324 | 52 |
| iv_495 | 3.68547 × 10^324 | 52 |
| iv_496 | 3.96752 × 10^324 | 52 |
| iv_497 | 4.25961 × 10^324 | 52 |
| iv_498 | 4.56463 × 10^324 | 62 |
| iv_499 | 4.88597 × 10^324 | 60 |

## Input Bits Sorted by Occurrences

| Input Bit | Complexity | Occurrences |
|:---------:|:----------:|:-----------:|
| iv_455 | 7.22389 × 10^323 | 28 |
| iv_491 | 2.61561 × 10^324 | 34 |
| iv_492 | 2.87756 × 10^324 | 34 |
| iv_493 | 3.14229 × 10^324 | 34 |
| iv_490 | 2.35549 × 10^324 | 34 |
| iv_457 | 2.70720 × 10^324 | 41 |
| iv_485 | 1.06743 × 10^324 | 45 |
| iv_487 | 1.58195 × 10^324 | 45 |
| iv_483 | 5.54515 × 10^323 | 49 |
| iv_481 | 1.00548 × 10^323 | 49 |
| iv_486 | 1.32467 × 10^324 | 49 |
| iv_488 | 1.83937 × 10^324 | 50 |
| iv_484 | 1.36472 × 10^324 | 50 |
| iv_495 | 3.68547 × 10^324 | 52 |
| iv_494 | 3.41106 × 10^324 | 52 |
| iv_489 | 2.09711 × 10^324 | 52 |
| iv_497 | 4.25961 × 10^324 | 52 |
| iv_496 | 3.96752 × 10^324 | 52 |
| iv_482 | 4.18993 × 10^323 | 60 |
| iv_499 | 4.88597 × 10^324 | 60 |
| iv_498 | 4.56463 × 10^324 | 62 |
| iv_503 | 4.32236 × 10^323 | 62 |
| iv_501 | 3.66398 × 10^323 | 64 |
| iv_502 | 3.96382 × 10^323 | 64 |
| iv_511 | 2.33398 × 10^323 | 64 |
| iv_504 | 4.74690 × 10^323 | 67 |
| iv_512 | 3.18449 × 10^323 | 73 |
| iv_506 | 1.55796 × 10^322 | 75 |
| iv_510 | 1.62630 × 10^323 | 76 |
| iv_508 | 5.93293 × 10^322 | 78 |

## Output Bits

| Rank | Output Bit | Complexity |
|:----:|:----------:|:----------:|
| 1 | ov_001 | 8.05360 × 10^324 |
| 2 | ov_002 | 7.01585 × 10^324 |
| 3 | ov_003 | 6.08371 × 10^324 |
| 4 | ov_004 | 5.24927 × 10^324 |
| 5 | ov_005 | 4.50501 × 10^324 |
| 6 | ov_006 | 3.84387 × 10^324 |
| 7 | ov_007 | 3.25913 × 10^324 |
| 8 | ov_008 | 2.74445 × 10^324 |
| 9 | ov_009 | 2.29382 × 10^324 |
| 10 | ov_010 | 1.90156 × 10^324 |
| 11 | ov_011 | 1.56228 × 10^324 |
| 12 | ov_012 | 1.27088 × 10^324 |
| 13 | ov_013 | 1.02258 × 10^324 |
| 14 | ov_014 | 8.12830 × 10^323 |
| 15 | ov_015 | 6.37369 × 10^323 |
| 16 | ov_016 | 4.92197 × 10^323 |
| 17 | ov_017 | 3.73571 × 10^323 |
| 18 | ov_018 | 2.78001 × 10^323 |
| 19 | ov_019 | 2.02251 × 10^323 |
| 20 | ov_020 | 1.43334 × 10^323 |
| 21 | ov_021 | 9.85132 × 10^322 |
| 22 | ov_022 | 6.52975 × 10^322 |
| 23 | ov_023 | 4.14451 × 10^322 |
| 24 | ov_024 | 2.49608 × 10^322 |
| 25 | ov_025 | 1.40961 × 10^322 |
| 26 | ov_026 | 7.34960 × 10^321 |
| 27 | ov_027 | 3.46619 × 10^321 |
| 28 | ov_028 | 1.43774 × 10^321 |
| 29 | ov_029 | 5.02720 × 10^320 |
| 30 | ov_030 | 1.38051 × 10^320 |
| 31 | ov_031 | 2.69384 × 10^319 |
| 32 | lv_80_m31 | 5.25555 × 10^318 |
| 33 | ov_033 | 6.40194 × 10^319 |
| 34 | ov_034 | 5.57702 × 10^319 |
| 35 | ov_035 | 4.83605 × 10^319 |
| 36 | ov_036 | 4.17273 × 10^319 |
| 37 | ov_037 | 3.58111 × 10^319 |
| 38 | ov_038 | 3.05556 × 10^319 |
| 39 | ov_039 | 2.59074 × 10^319 |
| 40 | ov_040 | 2.18161 × 10^319 |
| 41 | ov_041 | 1.82340 × 10^319 |
| 42 | ov_042 | 1.51158 × 10^319 |
| 43 | ov_043 | 1.24188 × 10^319 |
| 44 | ov_044 | 1.01025 × 10^319 |
| 45 | ov_045 | 8.12868 × 10^318 |
| 46 | ov_046 | 6.46133 × 10^318 |
| 47 | ov_047 | 5.06655 × 10^318 |
| 48 | ov_048 | 3.91256 × 10^318 |
| 49 | ov_049 | 2.96958 × 10^318 |
| 50 | ov_050 | 2.20987 × 10^318 |
| 51 | ov_051 | 1.60773 × 10^318 |
| 52 | ov_052 | 1.13939 × 10^318 |
| 53 | ov_053 | 7.83098 × 10^317 |
| 54 | ov_054 | 5.19061 × 10^317 |
| 55 | ov_055 | 3.29454 × 10^317 |
| 56 | ov_056 | 1.98417 × 10^317 |
| 57 | ov_057 | 1.12052 × 10^317 |
| 58 | ov_058 | 5.84232 × 10^316 |
| 59 | ov_059 | 2.75533 × 10^316 |
| 60 | ov_060 | 1.14288 × 10^316 |
| 61 | ov_061 | 3.99621 × 10^315 |
| 62 | ov_062 | 1.09739 × 10^315 |
| 63 | ov_063 | 2.14138 × 10^314 |
| 64 | lv_79_m31 | 4.17772 × 10^313 |
| 65 | ov_065 | 5.08894 × 10^314 |
| 66 | ov_066 | 5.08893 × 10^314 |
| 67 | ov_067 | 5.08893 × 10^314 |
| 68 | ov_068 | 4.43318 × 10^314 |
| 69 | ov_069 | 3.84417 × 10^314 |
| 70 | ov_070 | 3.31689 × 10^314 |
| 71 | ov_071 | 2.84660 × 10^314 |
| 72 | ov_072 | 2.42883 × 10^314 |
| 73 | ov_073 | 2.05933 × 10^314 |
| 74 | ov_074 | 1.73411 × 10^314 |
| 75 | ov_075 | 1.44936 × 10^314 |
| 76 | ov_076 | 1.20149 × 10^314 |
| 77 | ov_077 | 9.87107 × 10^313 |
| 78 | ov_078 | 8.02978 × 10^313 |
| 79 | ov_079 | 6.46075 × 10^313 |
| 80 | ov_080 | 5.13535 × 10^313 |
| 81 | ov_081 | 4.02662 × 10^313 |
| 82 | ov_082 | 3.10929 × 10^313 |
| 83 | ov_083 | 2.35969 × 10^313 |
| 84 | ov_084 | 1.75579 × 10^313 |
| 85 | ov_085 | 1.27714 × 10^313 |
| 86 | ov_086 | 9.04849 × 10^312 |
| 87 | ov_087 | 6.21626 × 10^312 |
| 88 | ov_088 | 4.11738 × 10^312 |
| 89 | ov_089 | 2.61016 × 10^312 |
| 90 | ov_090 | 1.56853 × 10^312 |
| 91 | ov_091 | 8.82004 × 10^311 |
| 92 | ov_092 | 4.55693 × 10^311 |
| 93 | ov_093 | 2.10303 × 10^311 |
| 94 | ov_094 | 8.21265 × 10^310 |
| 95 | aaa_78_28 | 2.30431 × 10^310 |
| 96 | aaa_78_29 | 7.02116 × 10^309 |
| 97 | ov_097 | 4.04529 × 10^309 |
| 98 | ov_098 | 4.04528 × 10^309 |
| 99 | ov_099 | 4.04527 × 10^309 |
| 100 | ov_100 | 3.52401 × 10^309 |
| 101 | ov_101 | 3.05580 × 10^309 |
| 102 | ov_102 | 2.63665 × 10^309 |
| 103 | ov_103 | 2.26281 × 10^309 |
| 104 | ov_104 | 1.93071 × 10^309 |
| 105 | ov_105 | 1.63700 × 10^309 |
| 106 | ov_106 | 1.37847 × 10^309 |
| 107 | ov_107 | 1.15212 × 10^309 |
| 108 | ov_108 | 9.55091 × 10^308 |
| 109 | ov_109 | 7.84668 × 10^308 |
| 110 | ov_110 | 6.38301 × 10^308 |
| 111 | ov_111 | 5.13576 × 10^308 |
| 112 | ov_112 | 4.08217 × 10^308 |
| 113 | ov_113 | 3.20083 × 10^308 |
| 114 | ov_114 | 2.47162 × 10^308 |
| 115 | ov_115 | 1.87576 × 10^308 |
| 116 | ov_116 | 1.39571 × 10^308 |
| 117 | ov_117 | 1.01522 × 10^308 |
| 118 | ov_118 | 7.19280 × 10^307 |
| 119 | ov_119 | 4.94141 × 10^307 |
| 120 | ov_120 | 3.27297 × 10^307 |
| 121 | ov_121 | 2.07486 × 10^307 |
| 122 | ov_122 | 1.24685 × 10^307 |
| 123 | ov_123 | 7.01120 × 10^306 |
| 124 | ov_124 | 3.62238 × 10^306 |
| 125 | ov_125 | 1.67173 × 10^306 |
| 126 | ov_126 | 6.52838 × 10^305 |
| 127 | aaa_77_28 | 1.83174 × 10^305 |
| 128 | aaa_77_29 | 5.58124 × 10^304 |
| 129 | ov_129 | 3.21434 × 10^304 |
| 130 | ov_130 | 3.21433 × 10^304 |
| 131 | ov_131 | 3.21433 × 10^304 |
| 132 | ov_132 | 2.79997 × 10^304 |
| 133 | ov_133 | 2.42777 × 10^304 |
| 134 | ov_134 | 2.09459 × 10^304 |
| 135 | ov_135 | 1.79742 × 10^304 |
| 136 | ov_136 | 1.53343 × 10^304 |
| 137 | ov_137 | 1.29995 × 10^304 |
| 138 | ov_138 | 1.09444 × 10^304 |
| 139 | ov_139 | 9.14516 × 10^303 |
| 140 | ov_140 | 7.57889 × 10^303 |
| 141 | ov_141 | 6.22417 × 10^303 |
| 142 | ov_142 | 5.06068 × 10^303 |
| 143 | ov_143 | 4.06922 × 10^303 |
| 144 | ov_144 | 3.23170 × 10^303 |
| 145 | ov_145 | 2.53110 × 10^303 |
| 146 | ov_146 | 1.95145 × 10^303 |
| 147 | ov_147 | 1.47778 × 10^303 |
| 148 | ov_148 | 1.09618 × 10^303 |
| 149 | ov_149 | 7.93727 × 10^302 |
| 150 | ov_150 | 5.58479 × 10^302 |
| 151 | ov_151 | 3.79512 × 10^302 |
| 152 | ov_152 | 2.46885 × 10^302 |
| 153 | ov_153 | 1.51645 × 10^302 |
| 154 | ov_154 | 8.58256 × 10^301 |
| 155 | ov_155 | 4.24443 × 10^301 |
| 156 | aaa_76_25 | 1.55060 × 10^301 |
| 157 | aaa_76_26 | 8.09939 × 10^300 |
| 158 | aaa_76_27 | 3.73344 × 10^300 |
| 159 | aaa_76_28 | 1.45608 × 10^300 |
| 160 | aaa_76_29 | 4.43662 × 10^299 |

## Output Bits Sorted by Complexity

| Rank | Output Bit | Complexity |
|:----:|:----------:|:----------:|
| 160 | aaa_76_29 | 4.43662 × 10^299 |
| 159 | aaa_76_28 | 1.45608 × 10^300 |
| 158 | aaa_76_27 | 3.73344 × 10^300 |
| 157 | aaa_76_26 | 8.09939 × 10^300 |
| 156 | aaa_76_25 | 1.55060 × 10^301 |
| 155 | ov_155 | 4.24443 × 10^301 |
| 154 | ov_154 | 8.58256 × 10^301 |
| 153 | ov_153 | 1.51645 × 10^302 |
| 152 | ov_152 | 2.46885 × 10^302 |
| 151 | ov_151 | 3.79512 × 10^302 |
| 150 | ov_150 | 5.58479 × 10^302 |
| 149 | ov_149 | 7.93727 × 10^302 |
| 148 | ov_148 | 1.09618 × 10^303 |
| 147 | ov_147 | 1.47778 × 10^303 |
| 146 | ov_146 | 1.95145 × 10^303 |
| 145 | ov_145 | 2.53110 × 10^303 |
| 144 | ov_144 | 3.23170 × 10^303 |
| 143 | ov_143 | 4.06922 × 10^303 |
| 142 | ov_142 | 5.06068 × 10^303 |
| 141 | ov_141 | 6.22417 × 10^303 |
| 140 | ov_140 | 7.57889 × 10^303 |
| 139 | ov_139 | 9.14516 × 10^303 |
| 138 | ov_138 | 1.09444 × 10^304 |
| 137 | ov_137 | 1.29995 × 10^304 |
| 136 | ov_136 | 1.53343 × 10^304 |
| 135 | ov_135 | 1.79742 × 10^304 |
| 134 | ov_134 | 2.09459 × 10^304 |
| 133 | ov_133 | 2.42777 × 10^304 |
| 132 | ov_132 | 2.79997 × 10^304 |
| 131 | ov_131 | 3.21433 × 10^304 |
| 130 | ov_130 | 3.21433 × 10^304 |
| 129 | ov_129 | 3.21434 × 10^304 |
| 128 | aaa_77_29 | 5.58124 × 10^304 |
| 127 | aaa_77_28 | 1.83174 × 10^305 |
| 126 | ov_126 | 6.52838 × 10^305 |
| 125 | ov_125 | 1.67173 × 10^306 |
| 124 | ov_124 | 3.62238 × 10^306 |
| 123 | ov_123 | 7.01120 × 10^306 |
| 122 | ov_122 | 1.24685 × 10^307 |
| 121 | ov_121 | 2.07486 × 10^307 |
| 120 | ov_120 | 3.27297 × 10^307 |
| 119 | ov_119 | 4.94141 × 10^307 |
| 118 | ov_118 | 7.19280 × 10^307 |
| 117 | ov_117 | 1.01522 × 10^308 |
| 116 | ov_116 | 1.39571 × 10^308 |
| 115 | ov_115 | 1.87576 × 10^308 |
| 114 | ov_114 | 2.47162 × 10^308 |
| 113 | ov_113 | 3.20083 × 10^308 |
| 112 | ov_112 | 4.08217 × 10^308 |
| 111 | ov_111 | 5.13576 × 10^308 |
| 110 | ov_110 | 6.38301 × 10^308 |
| 109 | ov_109 | 7.84668 × 10^308 |
| 108 | ov_108 | 9.55091 × 10^308 |
| 107 | ov_107 | 1.15212 × 10^309 |
| 106 | ov_106 | 1.37847 × 10^309 |
| 105 | ov_105 | 1.63700 × 10^309 |
| 104 | ov_104 | 1.93071 × 10^309 |
| 103 | ov_103 | 2.26281 × 10^309 |
| 102 | ov_102 | 2.63665 × 10^309 |
| 101 | ov_101 | 3.05580 × 10^309 |
| 100 | ov_100 | 3.52401 × 10^309 |
| 99 | ov_099 | 4.04527 × 10^309 |
| 98 | ov_098 | 4.04528 × 10^309 |
| 97 | ov_097 | 4.04529 × 10^309 |
| 96 | aaa_78_29 | 7.02116 × 10^309 |
| 95 | aaa_78_28 | 2.30431 × 10^310 |
| 94 | ov_094 | 8.21265 × 10^310 |
| 93 | ov_093 | 2.10303 × 10^311 |
| 92 | ov_092 | 4.55693 × 10^311 |
| 91 | ov_091 | 8.82004 × 10^311 |
| 90 | ov_090 | 1.56853 × 10^312 |
| 89 | ov_089 | 2.61016 × 10^312 |
| 88 | ov_088 | 4.11738 × 10^312 |
| 87 | ov_087 | 6.21626 × 10^312 |
| 86 | ov_086 | 9.04849 × 10^312 |
| 85 | ov_085 | 1.27714 × 10^313 |
| 84 | ov_084 | 1.75579 × 10^313 |
| 83 | ov_083 | 2.35969 × 10^313 |
| 82 | ov_082 | 3.10929 × 10^313 |
| 81 | ov_081 | 4.02662 × 10^313 |
| 64 | lv_79_m31 | 4.17772 × 10^313 |
| 80 | ov_080 | 5.13535 × 10^313 |
| 79 | ov_079 | 6.46075 × 10^313 |
| 78 | ov_078 | 8.02978 × 10^313 |
| 77 | ov_077 | 9.87107 × 10^313 |
| 76 | ov_076 | 1.20149 × 10^314 |
| 75 | ov_075 | 1.44936 × 10^314 |
| 74 | ov_074 | 1.73411 × 10^314 |
| 73 | ov_073 | 2.05933 × 10^314 |
| 63 | ov_063 | 2.14138 × 10^314 |
| 72 | ov_072 | 2.42883 × 10^314 |
| 71 | ov_071 | 2.84660 × 10^314 |
| 70 | ov_070 | 3.31689 × 10^314 |
| 69 | ov_069 | 3.84417 × 10^314 |
| 68 | ov_068 | 4.43318 × 10^314 |
| 67 | ov_067 | 5.08893 × 10^314 |
| 66 | ov_066 | 5.08893 × 10^314 |
| 65 | ov_065 | 5.08894 × 10^314 |
| 62 | ov_062 | 1.09739 × 10^315 |
| 61 | ov_061 | 3.99621 × 10^315 |
| 60 | ov_060 | 1.14288 × 10^316 |
| 59 | ov_059 | 2.75533 × 10^316 |
| 58 | ov_058 | 5.84232 × 10^316 |
| 57 | ov_057 | 1.12052 × 10^317 |
| 56 | ov_056 | 1.98417 × 10^317 |
| 55 | ov_055 | 3.29454 × 10^317 |
| 54 | ov_054 | 5.19061 × 10^317 |
| 53 | ov_053 | 7.83098 × 10^317 |
| 52 | ov_052 | 1.13939 × 10^318 |
| 51 | ov_051 | 1.60773 × 10^318 |
| 50 | ov_050 | 2.20987 × 10^318 |
| 49 | ov_049 | 2.96958 × 10^318 |
| 48 | ov_048 | 3.91256 × 10^318 |
| 47 | ov_047 | 5.06655 × 10^318 |
| 32 | lv_80_m31 | 5.25555 × 10^318 |
| 46 | ov_046 | 6.46133 × 10^318 |
| 45 | ov_045 | 8.12868 × 10^318 |
| 44 | ov_044 | 1.01025 × 10^319 |
| 43 | ov_043 | 1.24188 × 10^319 |
| 42 | ov_042 | 1.51158 × 10^319 |
| 41 | ov_041 | 1.82340 × 10^319 |
| 40 | ov_040 | 2.18161 × 10^319 |
| 39 | ov_039 | 2.59074 × 10^319 |
| 31 | ov_031 | 2.69384 × 10^319 |
| 38 | ov_038 | 3.05556 × 10^319 |
| 37 | ov_037 | 3.58111 × 10^319 |
| 36 | ov_036 | 4.17273 × 10^319 |
| 35 | ov_035 | 4.83605 × 10^319 |
| 34 | ov_034 | 5.57702 × 10^319 |
| 33 | ov_033 | 6.40194 × 10^319 |
| 30 | ov_030 | 1.38051 × 10^320 |
| 29 | ov_029 | 5.02720 × 10^320 |
| 28 | ov_028 | 1.43774 × 10^321 |
| 27 | ov_027 | 3.46619 × 10^321 |
| 26 | ov_026 | 7.34960 × 10^321 |
| 25 | ov_025 | 1.40961 × 10^322 |
| 24 | ov_024 | 2.49608 × 10^322 |
| 23 | ov_023 | 4.14451 × 10^322 |
| 22 | ov_022 | 6.52975 × 10^322 |
| 21 | ov_021 | 9.85132 × 10^322 |
| 20 | ov_020 | 1.43334 × 10^323 |
| 19 | ov_019 | 2.02251 × 10^323 |
| 18 | ov_018 | 2.78001 × 10^323 |
| 17 | ov_017 | 3.73571 × 10^323 |
| 16 | ov_016 | 4.92197 × 10^323 |
| 15 | ov_015 | 6.37369 × 10^323 |
| 14 | ov_014 | 8.12830 × 10^323 |
| 13 | ov_013 | 1.02258 × 10^324 |
| 12 | ov_012 | 1.27088 × 10^324 |
| 11 | ov_011 | 1.56228 × 10^324 |
| 10 | ov_010 | 1.90156 × 10^324 |
| 9 | ov_009 | 2.29382 × 10^324 |
| 8 | ov_008 | 2.74445 × 10^324 |
| 7 | ov_007 | 3.25913 × 10^324 |
| 6 | ov_006 | 3.84387 × 10^324 |
| 5 | ov_005 | 4.50501 × 10^324 |
| 4 | ov_004 | 5.24927 × 10^324 |
| 3 | ov_003 | 6.08371 × 10^324 |
| 2 | ov_002 | 7.01585 × 10^324 |
| 1 | ov_001 | 8.05360 × 10^324 |

