# Results for T001-T002-F003-F004-F005-T006-T007-F008-T009-F010-F011-T012-F013-F014-F015-T016-F017-F018-F019-F020-T021-F022-F023-T024-F025-T026-F027-T028-T029-F030-F031-F032-F033-F034-T035-F036-T037-T038-F039-F040-T041-T042-T043-F044-F045-F046-F047-F048-F049-F050-F051-F052-F053-F054-F055-F056-T057-F058-T059-F060-F061-T062-T063-T064-F065-T066-T067-T068-T069-T070-F071-T072-T073-T074-T075-T076-T077-T078-F079-F080-F081-F082-F083-F084-F085-F086-F087-T088-T089-F090-T091-F092-F093-F094-F095-T096-T097-F098-T099-F100-T101-F102-F103-T104-T105-T106-T107-F108-T109-T110-T111-T112-T113-T114-T115-T116-F117-T118-F119-T120-T121-F122-F123-F124-F125-T126-F127-F128-F129-T130-F131-F132-T133-F134-T135-T136-F137-F138-T139-T140-F141-T142-F143-T144-T145-T146-F147-F148-T149-T150-T151-F152-T153-T154-F155-F156-F157-T158-F159-T160-F161-F162-F163-T164-F165-T166-T167-F168-T169-F170-T171-T172-F173-F174-T175-F176-T177-T178-T179-T180-T181-F182-T183-T184-T185-F186-T187-F188-F189-T190-F191-T192-T193-F194-F195-F196-T197-F198-F199-T200-F201-T202-F203-F204-F205-F206-T207-F208-F209-F210-F211-T212-F213-T214-T215-T216-F217-T218-T219-F220-F221-F222-F223-F224-T225-F226-T227-T228-T229-T230-F231-F232-F233-F234-F235-T236-T237-T238-T239-T240-F241-T242-F243-F244-T245-T246-T247-T248-F249-T250-F251-T252-F253-T254-F255-F256-T257-F258-F259-F260-T261-F262-F263-T264-F265-F266-F267-T268-T269-F270-T271-F272-T273-F274-F275-F276-T277-F278-F279-T280-F281-F282-F283-T284-F285-T286-T287-F288-T289-T290-T291-F292-F293-T294-T295-F296-T297-F298-T299-T300-T301-T302-T303-F304-F305-F306-F307-F308-T309-T310-F311-T312-F313-T314-T315-F316-T317-F318-T319-F320-F321-F322-T323-F324-F325-F326-F327-F328-F329-T330-F331-F332-T333-T334-T335-F336-F337-T338-F339-T340-F341-F342-T343-T344-F345-T346-F347-T348-F349-F350-T351-T352-F353-T354-F355-F356-T357-F358-F359-F360-F361-T362-T363-T364-T365-T366-T367-F368-F369-T370-F371-F372-T373-F374-T375-T376-F377-T378-F379-F380-T381-F382-F383-F384-T385-F386-T387-F388-T389-F390-F391-F392-F393-T394-F395-T396-T397-T398-T399-T400-T401-T402-T403-F404-T405-F406-F407-F408-F409-F410-F411-T412-T413-F414-T415-F416-T417-T418-T419-T420-F421-F422-T423-F424-F425-T426-F427-F428-T429-F430-F431-T432-F433-T434-T435-T436-F437-F438-F439-F440-F441-T442-T443-T444-F445-F446-F447-F448-F449-F450-T451-F452-T453-T454-F456-T458-F459-F460-F461-T462-F463-F464-F465-T466-F467-T468-F469-F470-F471-F472-F473-T474-T475-T476-F477-F478-F479-F480-F500-T505-T507-T509

## Summary

Number of input bits: 512  
Number of free input bits: 30  
Number of output bits: 160

Number of assignments: 19663  
Number of operations: 47401
(xor: 20172,
and: 13965,
or: 13264)

Total complexity: 3.73290 × 10^325

Least complex input bit: iv_498 (1.29255 × 10^322)  
Most complex input bit: iv_496 (3.96752 × 10^324)

Least complex output bit: aaa_76_29 (3.18470 × 10^299)  
Most complex output bit: ov_001 (5.78104 × 10^324)

Least complex input/output complexity: iv_498/aaa_76_29 (1.10273 × 10^296)  
Most complex input/output complexity: iv_496/ov_001 (6.14439 × 10^323)

## Input Bits

| Input Bit | Complexity | Occurrences |
|:---------:|:----------:|:-----------:|
| iv_455 | 7.22389 × 10^323 | 28 |
| iv_457 | 2.70720 × 10^324 | 41 |
| iv_481 | 1.00548 × 10^323 | 49 |
| iv_482 | 4.18993 × 10^323 | 60 |
| iv_483 | 5.54515 × 10^323 | 49 |
| iv_484 | 1.36472 × 10^324 | 50 |
| iv_485 | 1.06743 × 10^324 | 45 |
| iv_486 | 1.32467 × 10^324 | 49 |
| iv_487 | 1.58195 × 10^324 | 45 |
| iv_488 | 1.83937 × 10^324 | 50 |
| iv_489 | 2.09711 × 10^324 | 52 |
| iv_490 | 2.35549 × 10^324 | 34 |
| iv_491 | 2.61561 × 10^324 | 34 |
| iv_492 | 2.87756 × 10^324 | 34 |
| iv_493 | 3.14229 × 10^324 | 34 |
| iv_494 | 3.41106 × 10^324 | 52 |
| iv_495 | 3.68547 × 10^324 | 52 |
| iv_496 | 3.96752 × 10^324 | 54 |
| iv_497 | 2.92092 × 10^323 | 62 |
| iv_498 | 1.29255 × 10^322 | 70 |
| iv_499 | 1.63169 × 10^322 | 66 |
| iv_501 | 4.50634 × 10^322 | 64 |
| iv_502 | 7.50476 × 10^322 | 64 |
| iv_503 | 1.10901 × 10^323 | 62 |
| iv_504 | 1.53355 × 10^323 | 67 |
| iv_506 | 1.55796 × 10^322 | 75 |
| iv_508 | 5.93293 × 10^322 | 78 |
| iv_510 | 1.62630 × 10^323 | 76 |
| iv_511 | 2.33398 × 10^323 | 64 |
| iv_512 | 3.18449 × 10^323 | 73 |

## Input Bits Sorted by Complexity

| Input Bit | Complexity | Occurrences |
|:---------:|:----------:|:-----------:|
| iv_498 | 1.29255 × 10^322 | 70 |
| iv_506 | 1.55796 × 10^322 | 75 |
| iv_499 | 1.63169 × 10^322 | 66 |
| iv_501 | 4.50634 × 10^322 | 64 |
| iv_508 | 5.93293 × 10^322 | 78 |
| iv_502 | 7.50476 × 10^322 | 64 |
| iv_481 | 1.00548 × 10^323 | 49 |
| iv_503 | 1.10901 × 10^323 | 62 |
| iv_504 | 1.53355 × 10^323 | 67 |
| iv_510 | 1.62630 × 10^323 | 76 |
| iv_511 | 2.33398 × 10^323 | 64 |
| iv_497 | 2.92092 × 10^323 | 62 |
| iv_512 | 3.18449 × 10^323 | 73 |
| iv_482 | 4.18993 × 10^323 | 60 |
| iv_483 | 5.54515 × 10^323 | 49 |
| iv_455 | 7.22389 × 10^323 | 28 |
| iv_485 | 1.06743 × 10^324 | 45 |
| iv_486 | 1.32467 × 10^324 | 49 |
| iv_484 | 1.36472 × 10^324 | 50 |
| iv_487 | 1.58195 × 10^324 | 45 |
| iv_488 | 1.83937 × 10^324 | 50 |
| iv_489 | 2.09711 × 10^324 | 52 |
| iv_490 | 2.35549 × 10^324 | 34 |
| iv_491 | 2.61561 × 10^324 | 34 |
| iv_457 | 2.70720 × 10^324 | 41 |
| iv_492 | 2.87756 × 10^324 | 34 |
| iv_493 | 3.14229 × 10^324 | 34 |
| iv_494 | 3.41106 × 10^324 | 52 |
| iv_495 | 3.68547 × 10^324 | 52 |
| iv_496 | 3.96752 × 10^324 | 54 |

## Input Bits Sorted by Occurrences

| Input Bit | Complexity | Occurrences |
|:---------:|:----------:|:-----------:|
| iv_455 | 7.22389 × 10^323 | 28 |
| iv_490 | 2.35549 × 10^324 | 34 |
| iv_491 | 2.61561 × 10^324 | 34 |
| iv_492 | 2.87756 × 10^324 | 34 |
| iv_493 | 3.14229 × 10^324 | 34 |
| iv_457 | 2.70720 × 10^324 | 41 |
| iv_487 | 1.58195 × 10^324 | 45 |
| iv_485 | 1.06743 × 10^324 | 45 |
| iv_481 | 1.00548 × 10^323 | 49 |
| iv_486 | 1.32467 × 10^324 | 49 |
| iv_483 | 5.54515 × 10^323 | 49 |
| iv_488 | 1.83937 × 10^324 | 50 |
| iv_484 | 1.36472 × 10^324 | 50 |
| iv_494 | 3.41106 × 10^324 | 52 |
| iv_489 | 2.09711 × 10^324 | 52 |
| iv_495 | 3.68547 × 10^324 | 52 |
| iv_496 | 3.96752 × 10^324 | 54 |
| iv_482 | 4.18993 × 10^323 | 60 |
| iv_503 | 1.10901 × 10^323 | 62 |
| iv_497 | 2.92092 × 10^323 | 62 |
| iv_511 | 2.33398 × 10^323 | 64 |
| iv_501 | 4.50634 × 10^322 | 64 |
| iv_502 | 7.50476 × 10^322 | 64 |
| iv_499 | 1.63169 × 10^322 | 66 |
| iv_504 | 1.53355 × 10^323 | 67 |
| iv_498 | 1.29255 × 10^322 | 70 |
| iv_512 | 3.18449 × 10^323 | 73 |
| iv_506 | 1.55796 × 10^322 | 75 |
| iv_510 | 1.62630 × 10^323 | 76 |
| iv_508 | 5.93293 × 10^322 | 78 |

## Output Bits

| Rank | Output Bit | Complexity |
|:----:|:----------:|:----------:|
| 1 | ov_001 | 5.78104 × 10^324 |
| 2 | ov_002 | 5.03612 × 10^324 |
| 3 | ov_003 | 4.36702 × 10^324 |
| 4 | ov_004 | 3.76803 × 10^324 |
| 5 | ov_005 | 3.23379 × 10^324 |
| 6 | ov_006 | 2.75921 × 10^324 |
| 7 | ov_007 | 2.33947 × 10^324 |
| 8 | ov_008 | 1.97002 × 10^324 |
| 9 | ov_009 | 1.64655 × 10^324 |
| 10 | ov_010 | 1.36498 × 10^324 |
| 11 | ov_011 | 1.12143 × 10^324 |
| 12 | ov_012 | 9.12270 × 10^323 |
| 13 | ov_013 | 7.34031 × 10^323 |
| 14 | ov_014 | 5.83466 × 10^323 |
| 15 | ov_015 | 4.57517 × 10^323 |
| 16 | ov_016 | 3.53309 × 10^323 |
| 17 | ov_017 | 2.68157 × 10^323 |
| 18 | ov_018 | 1.99555 × 10^323 |
| 19 | ov_019 | 1.45180 × 10^323 |
| 20 | ov_020 | 1.02888 × 10^323 |
| 21 | ov_021 | 7.07148 × 10^322 |
| 22 | ov_022 | 4.68719 × 10^322 |
| 23 | ov_023 | 2.97501 × 10^322 |
| 24 | ov_024 | 1.79173 × 10^322 |
| 25 | ov_025 | 1.01185 × 10^322 |
| 26 | ov_026 | 5.27569 × 10^321 |
| 27 | ov_027 | 2.48810 × 10^321 |
| 28 | ov_028 | 1.03204 × 10^321 |
| 29 | ov_029 | 3.60863 × 10^320 |
| 30 | ov_030 | 9.90963 × 10^319 |
| 31 | ov_031 | 1.93369 × 10^319 |
| 32 | lv_80_m31 | 3.77254 × 10^318 |
| 33 | ov_033 | 4.59545 × 10^319 |
| 34 | ov_034 | 4.00330 × 10^319 |
| 35 | ov_035 | 3.47142 × 10^319 |
| 36 | ov_036 | 2.99527 × 10^319 |
| 37 | ov_037 | 2.57060 × 10^319 |
| 38 | ov_038 | 2.19334 × 10^319 |
| 39 | ov_039 | 1.85968 × 10^319 |
| 40 | ov_040 | 1.56600 × 10^319 |
| 41 | ov_041 | 1.30887 × 10^319 |
| 42 | ov_042 | 1.08504 × 10^319 |
| 43 | ov_043 | 8.91450 × 10^318 |
| 44 | ov_044 | 7.25179 × 10^318 |
| 45 | ov_045 | 5.83494 × 10^318 |
| 46 | ov_046 | 4.63807 × 10^318 |
| 47 | ov_047 | 3.63688 × 10^318 |
| 48 | ov_048 | 2.80851 × 10^318 |
| 49 | ov_049 | 2.13162 × 10^318 |
| 50 | ov_050 | 1.58629 × 10^318 |
| 51 | ov_051 | 1.15406 × 10^318 |
| 52 | ov_052 | 8.17879 × 10^317 |
| 53 | ov_053 | 5.62124 × 10^317 |
| 54 | ov_054 | 3.72593 × 10^317 |
| 55 | ov_055 | 2.36489 × 10^317 |
| 56 | ov_056 | 1.42428 × 10^317 |
| 57 | ov_057 | 8.04338 × 10^316 |
| 58 | ov_058 | 4.19374 × 10^316 |
| 59 | ov_059 | 1.97784 × 10^316 |
| 60 | ov_060 | 8.20387 × 10^315 |
| 61 | ov_061 | 2.86856 × 10^315 |
| 62 | ov_062 | 7.87733 × 10^314 |
| 63 | ov_063 | 1.53712 × 10^314 |
| 64 | lv_79_m31 | 2.99886 × 10^313 |
| 65 | ov_065 | 3.65295 × 10^314 |
| 66 | ov_066 | 3.65294 × 10^314 |
| 67 | ov_067 | 3.65294 × 10^314 |
| 68 | ov_068 | 3.18223 × 10^314 |
| 69 | ov_069 | 2.75942 × 10^314 |
| 70 | ov_070 | 2.38093 × 10^314 |
| 71 | ov_071 | 2.04335 × 10^314 |
| 72 | ov_072 | 1.74346 × 10^314 |
| 73 | ov_073 | 1.47823 × 10^314 |
| 74 | ov_074 | 1.24478 × 10^314 |
| 75 | ov_075 | 1.04038 × 10^314 |
| 76 | ov_076 | 8.62460 × 10^313 |
| 77 | ov_077 | 7.08566 × 10^313 |
| 78 | ov_078 | 5.76395 × 10^313 |
| 79 | ov_079 | 4.63766 × 10^313 |
| 80 | ov_080 | 3.68626 × 10^313 |
| 81 | ov_081 | 2.89039 × 10^313 |
| 82 | ov_082 | 2.23191 × 10^313 |
| 83 | ov_083 | 1.69384 × 10^313 |
| 84 | ov_084 | 1.26034 × 10^313 |
| 85 | ov_085 | 9.16758 × 10^312 |
| 86 | ov_086 | 6.49519 × 10^312 |
| 87 | ov_087 | 4.46216 × 10^312 |
| 88 | ov_088 | 2.95554 × 10^312 |
| 89 | ov_089 | 1.87363 × 10^312 |
| 90 | ov_090 | 1.12592 × 10^312 |
| 91 | ov_091 | 6.33121 × 10^311 |
| 92 | ov_092 | 3.27106 × 10^311 |
| 93 | ov_093 | 1.50960 × 10^311 |
| 94 | ov_094 | 5.89521 × 10^310 |
| 95 | aaa_78_28 | 1.65408 × 10^310 |
| 96 | aaa_78_29 | 5.03994 × 10^309 |
| 97 | ov_097 | 2.90379 × 10^309 |
| 98 | ov_098 | 2.90378 × 10^309 |
| 99 | ov_099 | 2.90378 × 10^309 |
| 100 | ov_100 | 2.52961 × 10^309 |
| 101 | ov_101 | 2.19351 × 10^309 |
| 102 | ov_102 | 1.89264 × 10^309 |
| 103 | ov_103 | 1.62429 × 10^309 |
| 104 | ov_104 | 1.38591 × 10^309 |
| 105 | ov_105 | 1.17507 × 10^309 |
| 106 | ov_106 | 9.89501 × 10^308 |
| 107 | ov_107 | 8.27021 × 10^308 |
| 108 | ov_108 | 6.85584 × 10^308 |
| 109 | ov_109 | 5.63251 × 10^308 |
| 110 | ov_110 | 4.58186 × 10^308 |
| 111 | ov_111 | 3.68656 × 10^308 |
| 112 | ov_112 | 2.93027 × 10^308 |
| 113 | ov_113 | 2.29762 × 10^308 |
| 114 | ov_114 | 1.77418 × 10^308 |
| 115 | ov_115 | 1.34646 × 10^308 |
| 116 | ov_116 | 1.00187 × 10^308 |
| 117 | ov_117 | 7.28746 × 10^307 |
| 118 | ov_118 | 5.16314 × 10^307 |
| 119 | ov_119 | 3.54705 × 10^307 |
| 120 | ov_120 | 2.34941 × 10^307 |
| 121 | ov_121 | 1.48938 × 10^307 |
| 122 | ov_122 | 8.95017 × 10^306 |
| 123 | ov_123 | 5.03278 × 10^306 |
| 124 | ov_124 | 2.60022 × 10^306 |
| 125 | ov_125 | 1.20000 × 10^306 |
| 126 | ov_126 | 4.68621 × 10^305 |
| 127 | aaa_77_28 | 1.31486 × 10^305 |
| 128 | aaa_77_29 | 4.00633 × 10^304 |
| 129 | ov_129 | 2.30732 × 10^304 |
| 130 | ov_130 | 2.30731 × 10^304 |
| 131 | ov_131 | 2.30731 × 10^304 |
| 132 | ov_132 | 2.00987 × 10^304 |
| 133 | ov_133 | 1.74271 × 10^304 |
| 134 | ov_134 | 1.50354 × 10^304 |
| 135 | ov_135 | 1.29022 × 10^304 |
| 136 | ov_136 | 1.10073 × 10^304 |
| 137 | ov_137 | 9.33134 × 10^303 |
| 138 | ov_138 | 7.85617 × 10^303 |
| 139 | ov_139 | 6.56459 × 10^303 |
| 140 | ov_140 | 5.44029 × 10^303 |
| 141 | ov_141 | 4.46784 × 10^303 |
| 142 | ov_142 | 3.63266 × 10^303 |
| 143 | ov_143 | 2.92097 × 10^303 |
| 144 | ov_144 | 2.31978 × 10^303 |
| 145 | ov_145 | 1.81688 × 10^303 |
| 146 | ov_146 | 1.40079 × 10^303 |
| 147 | ov_147 | 1.06078 × 10^303 |
| 148 | ov_148 | 7.86867 × 10^302 |
| 149 | ov_149 | 5.69754 × 10^302 |
| 150 | ov_150 | 4.00888 × 10^302 |
| 151 | ov_151 | 2.72422 × 10^302 |
| 152 | ov_152 | 1.77219 × 10^302 |
| 153 | ov_153 | 1.08854 × 10^302 |
| 154 | ov_154 | 6.16074 × 10^301 |
| 155 | ov_155 | 3.04674 × 10^301 |
| 156 | aaa_76_25 | 1.11305 × 10^301 |
| 157 | aaa_76_26 | 5.81391 × 10^300 |
| 158 | aaa_76_27 | 2.67994 × 10^300 |
| 159 | aaa_76_28 | 1.04520 × 10^300 |
| 160 | aaa_76_29 | 3.18470 × 10^299 |

## Output Bits Sorted by Complexity

| Rank | Output Bit | Complexity |
|:----:|:----------:|:----------:|
| 160 | aaa_76_29 | 3.18470 × 10^299 |
| 159 | aaa_76_28 | 1.04520 × 10^300 |
| 158 | aaa_76_27 | 2.67994 × 10^300 |
| 157 | aaa_76_26 | 5.81391 × 10^300 |
| 156 | aaa_76_25 | 1.11305 × 10^301 |
| 155 | ov_155 | 3.04674 × 10^301 |
| 154 | ov_154 | 6.16074 × 10^301 |
| 153 | ov_153 | 1.08854 × 10^302 |
| 152 | ov_152 | 1.77219 × 10^302 |
| 151 | ov_151 | 2.72422 × 10^302 |
| 150 | ov_150 | 4.00888 × 10^302 |
| 149 | ov_149 | 5.69754 × 10^302 |
| 148 | ov_148 | 7.86867 × 10^302 |
| 147 | ov_147 | 1.06078 × 10^303 |
| 146 | ov_146 | 1.40079 × 10^303 |
| 145 | ov_145 | 1.81688 × 10^303 |
| 144 | ov_144 | 2.31978 × 10^303 |
| 143 | ov_143 | 2.92097 × 10^303 |
| 142 | ov_142 | 3.63266 × 10^303 |
| 141 | ov_141 | 4.46784 × 10^303 |
| 140 | ov_140 | 5.44029 × 10^303 |
| 139 | ov_139 | 6.56459 × 10^303 |
| 138 | ov_138 | 7.85617 × 10^303 |
| 137 | ov_137 | 9.33134 × 10^303 |
| 136 | ov_136 | 1.10073 × 10^304 |
| 135 | ov_135 | 1.29022 × 10^304 |
| 134 | ov_134 | 1.50354 × 10^304 |
| 133 | ov_133 | 1.74271 × 10^304 |
| 132 | ov_132 | 2.00987 × 10^304 |
| 131 | ov_131 | 2.30731 × 10^304 |
| 130 | ov_130 | 2.30731 × 10^304 |
| 129 | ov_129 | 2.30732 × 10^304 |
| 128 | aaa_77_29 | 4.00633 × 10^304 |
| 127 | aaa_77_28 | 1.31486 × 10^305 |
| 126 | ov_126 | 4.68621 × 10^305 |
| 125 | ov_125 | 1.20000 × 10^306 |
| 124 | ov_124 | 2.60022 × 10^306 |
| 123 | ov_123 | 5.03278 × 10^306 |
| 122 | ov_122 | 8.95017 × 10^306 |
| 121 | ov_121 | 1.48938 × 10^307 |
| 120 | ov_120 | 2.34941 × 10^307 |
| 119 | ov_119 | 3.54705 × 10^307 |
| 118 | ov_118 | 5.16314 × 10^307 |
| 117 | ov_117 | 7.28746 × 10^307 |
| 116 | ov_116 | 1.00187 × 10^308 |
| 115 | ov_115 | 1.34646 × 10^308 |
| 114 | ov_114 | 1.77418 × 10^308 |
| 113 | ov_113 | 2.29762 × 10^308 |
| 112 | ov_112 | 2.93027 × 10^308 |
| 111 | ov_111 | 3.68656 × 10^308 |
| 110 | ov_110 | 4.58186 × 10^308 |
| 109 | ov_109 | 5.63251 × 10^308 |
| 108 | ov_108 | 6.85584 × 10^308 |
| 107 | ov_107 | 8.27021 × 10^308 |
| 106 | ov_106 | 9.89501 × 10^308 |
| 105 | ov_105 | 1.17507 × 10^309 |
| 104 | ov_104 | 1.38591 × 10^309 |
| 103 | ov_103 | 1.62429 × 10^309 |
| 102 | ov_102 | 1.89264 × 10^309 |
| 101 | ov_101 | 2.19351 × 10^309 |
| 100 | ov_100 | 2.52961 × 10^309 |
| 99 | ov_099 | 2.90378 × 10^309 |
| 98 | ov_098 | 2.90378 × 10^309 |
| 97 | ov_097 | 2.90379 × 10^309 |
| 96 | aaa_78_29 | 5.03994 × 10^309 |
| 95 | aaa_78_28 | 1.65408 × 10^310 |
| 94 | ov_094 | 5.89521 × 10^310 |
| 93 | ov_093 | 1.50960 × 10^311 |
| 92 | ov_092 | 3.27106 × 10^311 |
| 91 | ov_091 | 6.33121 × 10^311 |
| 90 | ov_090 | 1.12592 × 10^312 |
| 89 | ov_089 | 1.87363 × 10^312 |
| 88 | ov_088 | 2.95554 × 10^312 |
| 87 | ov_087 | 4.46216 × 10^312 |
| 86 | ov_086 | 6.49519 × 10^312 |
| 85 | ov_085 | 9.16758 × 10^312 |
| 84 | ov_084 | 1.26034 × 10^313 |
| 83 | ov_083 | 1.69384 × 10^313 |
| 82 | ov_082 | 2.23191 × 10^313 |
| 81 | ov_081 | 2.89039 × 10^313 |
| 64 | lv_79_m31 | 2.99886 × 10^313 |
| 80 | ov_080 | 3.68626 × 10^313 |
| 79 | ov_079 | 4.63766 × 10^313 |
| 78 | ov_078 | 5.76395 × 10^313 |
| 77 | ov_077 | 7.08566 × 10^313 |
| 76 | ov_076 | 8.62460 × 10^313 |
| 75 | ov_075 | 1.04038 × 10^314 |
| 74 | ov_074 | 1.24478 × 10^314 |
| 73 | ov_073 | 1.47823 × 10^314 |
| 63 | ov_063 | 1.53712 × 10^314 |
| 72 | ov_072 | 1.74346 × 10^314 |
| 71 | ov_071 | 2.04335 × 10^314 |
| 70 | ov_070 | 2.38093 × 10^314 |
| 69 | ov_069 | 2.75942 × 10^314 |
| 68 | ov_068 | 3.18223 × 10^314 |
| 67 | ov_067 | 3.65294 × 10^314 |
| 66 | ov_066 | 3.65294 × 10^314 |
| 65 | ov_065 | 3.65295 × 10^314 |
| 62 | ov_062 | 7.87733 × 10^314 |
| 61 | ov_061 | 2.86856 × 10^315 |
| 60 | ov_060 | 8.20387 × 10^315 |
| 59 | ov_059 | 1.97784 × 10^316 |
| 58 | ov_058 | 4.19374 × 10^316 |
| 57 | ov_057 | 8.04338 × 10^316 |
| 56 | ov_056 | 1.42428 × 10^317 |
| 55 | ov_055 | 2.36489 × 10^317 |
| 54 | ov_054 | 3.72593 × 10^317 |
| 53 | ov_053 | 5.62124 × 10^317 |
| 52 | ov_052 | 8.17879 × 10^317 |
| 51 | ov_051 | 1.15406 × 10^318 |
| 50 | ov_050 | 1.58629 × 10^318 |
| 49 | ov_049 | 2.13162 × 10^318 |
| 48 | ov_048 | 2.80851 × 10^318 |
| 47 | ov_047 | 3.63688 × 10^318 |
| 32 | lv_80_m31 | 3.77254 × 10^318 |
| 46 | ov_046 | 4.63807 × 10^318 |
| 45 | ov_045 | 5.83494 × 10^318 |
| 44 | ov_044 | 7.25179 × 10^318 |
| 43 | ov_043 | 8.91450 × 10^318 |
| 42 | ov_042 | 1.08504 × 10^319 |
| 41 | ov_041 | 1.30887 × 10^319 |
| 40 | ov_040 | 1.56600 × 10^319 |
| 39 | ov_039 | 1.85968 × 10^319 |
| 31 | ov_031 | 1.93369 × 10^319 |
| 38 | ov_038 | 2.19334 × 10^319 |
| 37 | ov_037 | 2.57060 × 10^319 |
| 36 | ov_036 | 2.99527 × 10^319 |
| 35 | ov_035 | 3.47142 × 10^319 |
| 34 | ov_034 | 4.00330 × 10^319 |
| 33 | ov_033 | 4.59545 × 10^319 |
| 30 | ov_030 | 9.90963 × 10^319 |
| 29 | ov_029 | 3.60863 × 10^320 |
| 28 | ov_028 | 1.03204 × 10^321 |
| 27 | ov_027 | 2.48810 × 10^321 |
| 26 | ov_026 | 5.27569 × 10^321 |
| 25 | ov_025 | 1.01185 × 10^322 |
| 24 | ov_024 | 1.79173 × 10^322 |
| 23 | ov_023 | 2.97501 × 10^322 |
| 22 | ov_022 | 4.68719 × 10^322 |
| 21 | ov_021 | 7.07148 × 10^322 |
| 20 | ov_020 | 1.02888 × 10^323 |
| 19 | ov_019 | 1.45180 × 10^323 |
| 18 | ov_018 | 1.99555 × 10^323 |
| 17 | ov_017 | 2.68157 × 10^323 |
| 16 | ov_016 | 3.53309 × 10^323 |
| 15 | ov_015 | 4.57517 × 10^323 |
| 14 | ov_014 | 5.83466 × 10^323 |
| 13 | ov_013 | 7.34031 × 10^323 |
| 12 | ov_012 | 9.12270 × 10^323 |
| 11 | ov_011 | 1.12143 × 10^324 |
| 10 | ov_010 | 1.36498 × 10^324 |
| 9 | ov_009 | 1.64655 × 10^324 |
| 8 | ov_008 | 1.97002 × 10^324 |
| 7 | ov_007 | 2.33947 × 10^324 |
| 6 | ov_006 | 2.75921 × 10^324 |
| 5 | ov_005 | 3.23379 × 10^324 |
| 4 | ov_004 | 3.76803 × 10^324 |
| 3 | ov_003 | 4.36702 × 10^324 |
| 2 | ov_002 | 5.03612 × 10^324 |
| 1 | ov_001 | 5.78104 × 10^324 |

