# Results for F001-F002-F003-F004-F005-F006-F007-F008-F009-F010-F011-F012-F013-F014-F015-F016-F017-F018-F019-F020-F021-F022-F023-F024-F025-F026-F027-F028-F029-F030-F031-F032-F033-F034-F035-F036-F037-F038-F039-F040-F041-F042-F043-F044-F045-F046-F047-F048-F049-F050-F051-F052-F053-F054-F055-F056-F057-F058-F059-F060-F061-F062-F063-F064-F065-F066-F067-F068-F069-F070-F071-F072-F073-F074-F075-F076-F077-F078-F079-F080-F081-F082-F083-F084-F085-F086-F087-F088-F089-F090-F091-F092-F093-F094-F095-F096-F097-F098-F099-F100-F101-F102-F103-F104-F105-F106-F107-F108-F109-F110-F111-F112-F113-F114-F115-F116-F117-F118-F119-F120-F121-F122-F123-F124-F125-F126-F127-F128-F129-F130-F131-F132-F133-F134-F135-F136-F137-F138-F139-F140-F141-F142-F143-F144-F145-F146-F147-F148-F149-F150-F151-F152-F153-F154-F155-F156-F157-F158-F159-F160-F161-F162-F163-F164-F165-F166-F167-F168-F169-F170-F171-F172-F173-F174-F175-F176-F177-F178-F179-F180-F181-F182-F183-F184-F185-F186-F187-F188-F189-F190-F191-F192-F193-F194-F195-F196-F197-F198-F199-F200-F201-F202-F203-F204-F205-F206-F207-F208-F209-F210-F211-F212-F213-F214-F215-F216-F217-F218-F219-F220-F221-F222-F223-F224-F225-F226-F227-F228-F229-F230-F231-F232-F233-F234-F235-F236-F237-F238-F239-F240-F241-F242-F243-F244-F245-F246-F247-F248-F249-F250-F251-F252-F253-F254-F255-F256-F257-F258-F259-F260-F261-F262-F263-F264-F265-F266-F267-F268-F269-F270-F271-F272-F273-F274-F275-F276-F277-F278-F279-F280-F281-F282-F283-F284-F285-F286-F287-F288-F289-F290-F291-F292-F293-F294-F295-F296-F297-F298-F299-F300-F301-F302-F303-F304-F305-F306-F307-F308-F309-F310-F311-F312-F313-F314-F315-F316-F317-F318-F319-F320-F321-F322-F323-F324-F325-F326-F327-F328-F329-F330-F331-F332-F333-F334-F335-F336-F337-F338-F339-F340-F341-F342-F343-F344-F345-F346-F347-F348-F349-F350-F351-F352-F353-F354-F355-F356-F357-F358-F359-F360-F361-F362-F363-F364-F365-F366-F367-F368-F369-F370-F371-F372-F373-F374-F375-F376-F377-F378-F379-F380-F381-F382-F383-F384-F385-F386-F387-F388-F389-F390-F391-F392-F393-F394-F395-F396-F397-F398-F399-F400-F401-F402-F403-F404-F405-F406-F407-F408-F409-F410-F411-F412-F413-F414-F415-F416-F417-F418-F419-F420-F421-F422-F423-F424-F425-F426-F427-F428-F429-F430-F431-F432-F433-F434-F435-F436-F437-F438-F439-F440-F441-F442-F443-F444-F445-F446-F447-F448-F449-F450-F451-F452-F453-F454-F455-F456-F457-F458-F459-F460-F461-F462-F463-F464-F465-F466-F467-F468-F469-F470-F471-F472-F473-F474-F475-F476-F477-F478-F479-F480-F481-F482-F483-F484-F485-F486-F487-F488-F489-F490-F491-F492-F493-F494-F495-F496-T504-F508-F509-F510-F512

## Summary

Number of input bits: 512  
Number of free input bits: 11  
Number of output bits: 160

Number of direct occurrences: 45974  
Number of assignments: 31514  
Number of operations: 11538403
(xor: 11509512,
and: 15530,
or: 13361)

Total complexity: 1.7829219376871175 × 10^304

Least occurring input variable: iv_497 (4009)  
Most occurring input variable: iv_511 (4396)

Most co-occurring input variables: iv_503-iv_511 (2120)  
Least co-occurring input variables: iv_497-iv_498 (1751)

Potentially most occurring input variable: iv_498/iv_511 (4618)  
Potentially least occurring input variable: iv_499/iv_505 (4150)

Least output occurring input variable: iv_497 (73)  
Most output occurring input variable: iv_498 (88)

Most output co-occurring input variables: iv_499-iv_503 (52)  
Least output co-occurring input variables: iv_497-iv_502 (31)

Potentially most output occurring input variable: iv_502/iv_507 (92)  
Potentially least output occurring input variable: iv_497/iv_507 (66)

Least complex input bit: iv_511 (4.333625397495688 × 10^299)  
Most complex input bit: iv_505 (5.138948785364707 × 10^303)

Least complex output bit: aaa_76_29 (1.1074951327764645 × 10^279)  
Most complex output bit: ov_001 (2.7873964264657135 × 10^303)

Least complex input/output complexity: iv_511/aaa_76_29 (2.691912042559204 × 10^274)  
Most complex input/output complexity: iv_505/ov_001 (8.034164130987115 × 10^302)

## Input Bits

### Input Bits in Regular Order

| Input Bit | Complexity | Occurrences | Output Occurrences |
|:---------:|:----------:|:-----------:|:------------------:|
| iv_497 | 1.6653501930988362 × 10^302 | 4009 | 73 |
| iv_498 | 3.314235561700164 × 10^302 | 4010 | 88 |
| iv_499 | 5.822176107372211 × 10^302 | 4096 | 83 |
| iv_500 | 9.77300927381484 × 10^302 | 4156 | 82 |
| iv_501 | 1.604522838395534 × 10^303 | 4191 | 85 |
| iv_502 | 2.5895510079596022 × 10^303 | 4086 | 81 |
| iv_503 | 4.110017304584143 × 10^303 | 4342 | 88 |
| iv_505 | 5.138948785364707 × 10^303 | 4138 | 83 |
| iv_506 | 1.0320558816328963 × 10^303 | 4241 | 84 |
| iv_507 | 1.2962130827959573 × 10^303 | 4309 | 81 |
| iv_511 | 4.333625397495688 × 10^299 | 4396 | 78 |

### Input Bits Sorted by Complexity

| Input Bit | Complexity | Occurrences | Output Occurrences |
|:---------:|:----------:|:-----------:|:------------------:|
| iv_511 | 4.333625397495688 × 10^299 | 4396 | 78 |
| iv_497 | 1.6653501930988362 × 10^302 | 4009 | 73 |
| iv_498 | 3.314235561700164 × 10^302 | 4010 | 88 |
| iv_499 | 5.822176107372211 × 10^302 | 4096 | 83 |
| iv_500 | 9.77300927381484 × 10^302 | 4156 | 82 |
| iv_506 | 1.0320558816328963 × 10^303 | 4241 | 84 |
| iv_507 | 1.2962130827959573 × 10^303 | 4309 | 81 |
| iv_501 | 1.604522838395534 × 10^303 | 4191 | 85 |
| iv_502 | 2.5895510079596022 × 10^303 | 4086 | 81 |
| iv_503 | 4.110017304584143 × 10^303 | 4342 | 88 |
| iv_505 | 5.138948785364707 × 10^303 | 4138 | 83 |

### Input Bits Sorted by Occurrences

| Input Bit | Complexity | Occurrences | Output Occurrences |
|:---------:|:----------:|:-----------:|:------------------:|
| iv_497 | 1.6653501930988362 × 10^302 | 4009 | 73 |
| iv_498 | 3.314235561700164 × 10^302 | 4010 | 88 |
| iv_502 | 2.5895510079596022 × 10^303 | 4086 | 81 |
| iv_499 | 5.822176107372211 × 10^302 | 4096 | 83 |
| iv_505 | 5.138948785364707 × 10^303 | 4138 | 83 |
| iv_500 | 9.77300927381484 × 10^302 | 4156 | 82 |
| iv_501 | 1.604522838395534 × 10^303 | 4191 | 85 |
| iv_506 | 1.0320558816328963 × 10^303 | 4241 | 84 |
| iv_507 | 1.2962130827959573 × 10^303 | 4309 | 81 |
| iv_503 | 4.110017304584143 × 10^303 | 4342 | 88 |
| iv_511 | 4.333625397495688 × 10^299 | 4396 | 78 |

### Input Bits Sorted by Output Occurrences

| Input Bit | Complexity | Occurrences | Output Occurrences |
|:---------:|:----------:|:-----------:|:------------------:|
| iv_497 | 1.6653501930988362 × 10^302 | 4009 | 73 |
| iv_511 | 4.333625397495688 × 10^299 | 4396 | 78 |
| iv_502 | 2.5895510079596022 × 10^303 | 4086 | 81 |
| iv_507 | 1.2962130827959573 × 10^303 | 4309 | 81 |
| iv_500 | 9.77300927381484 × 10^302 | 4156 | 82 |
| iv_499 | 5.822176107372211 × 10^302 | 4096 | 83 |
| iv_505 | 5.138948785364707 × 10^303 | 4138 | 83 |
| iv_506 | 1.0320558816328963 × 10^303 | 4241 | 84 |
| iv_501 | 1.604522838395534 × 10^303 | 4191 | 85 |
| iv_503 | 4.110017304584143 × 10^303 | 4342 | 88 |
| iv_498 | 3.314235561700164 × 10^302 | 4010 | 88 |

## Input Bit Co-occurrences

### Input Bit Co-occurrences Sorted by Co-occurrences

| Input Bits | Co-occurrences | Potential Occurrences | Output Co-occurrences | Potential Output Occurrences |
|:----------:|:--------------:|:---------------------:|:---------------------:|:----------------------------:|
| iv_503-iv_511 | 2120 | 4498 | 44 | 78 |
| iv_506-iv_511 | 2114 | 4409 | 47 | 68 |
| iv_501-iv_511 | 2111 | 4365 | 40 | 83 |
| iv_503-iv_507 | 2097 | 4457 | 46 | 77 |
| iv_500-iv_503 | 2076 | 4346 | 40 | 90 |
| iv_501-iv_503 | 2062 | 4409 | 47 | 79 |
| iv_503-iv_506 | 2058 | 4467 | 50 | 72 |
| iv_500-iv_506 | 2057 | 4283 | 42 | 82 |
| iv_507-iv_511 | 2057 | 4591 | 42 | 75 |
| iv_501-iv_507 | 2046 | 4408 | 41 | 84 |
| iv_499-iv_505 | 2042 | 4150 | 47 | 72 |

### Input Bit Co-occurrences Sorted by Potential Occurrences

| Input Bits | Co-occurrences | Potential Occurrences | Output Co-occurrences | Potential Output Occurrences |
|:----------:|:--------------:|:---------------------:|:---------------------:|:----------------------------:|
| iv_499-iv_505 | 2042 | 4150 | 47 | 72 |
| iv_500-iv_502 | 2011 | 4220 | 45 | 73 |
| iv_502-iv_506 | 2040 | 4247 | 47 | 71 |
| iv_499-iv_500 | 1993 | 4266 | 39 | 87 |
| iv_498-iv_505 | 1935 | 4278 | 45 | 81 |
| iv_500-iv_506 | 2057 | 4283 | 42 | 82 |
| iv_499-iv_502 | 1940 | 4302 | 41 | 82 |
| iv_497-iv_499 | 1898 | 4309 | 41 | 74 |
| iv_500-iv_505 | 1992 | 4310 | 47 | 71 |
| iv_498-iv_501 | 1944 | 4313 | 51 | 71 |
| iv_497-iv_507 | 2000 | 4318 | 44 | 66 |

### Input Bit Output Co-occurrences Sorted by Output Co-occurrences

| Input Bits | Co-occurrences | Potential Occurrences | Output Co-occurrences | Potential Output Occurrences |
|:----------:|:--------------:|:---------------------:|:---------------------:|:----------------------------:|
| iv_499-iv_503 | 2037 | 4364 | 52 | 67 |
| iv_498-iv_501 | 1944 | 4313 | 51 | 71 |
| iv_503-iv_506 | 2058 | 4467 | 50 | 72 |
| iv_501-iv_502 | 1944 | 4389 | 49 | 68 |
| iv_506-iv_507 | 2039 | 4472 | 48 | 69 |
| iv_499-iv_505 | 2042 | 4150 | 47 | 72 |
| iv_500-iv_505 | 1992 | 4310 | 47 | 71 |
| iv_501-iv_503 | 2062 | 4409 | 47 | 79 |
| iv_502-iv_506 | 2040 | 4247 | 47 | 71 |
| iv_498-iv_506 | 1961 | 4329 | 47 | 78 |
| iv_506-iv_511 | 2114 | 4409 | 47 | 68 |

### Input Bit Output Co-occurrences Sorted by Potential Output Occurrences

| Input Bits | Co-occurrences | Potential Occurrences | Output Co-occurrences | Potential Output Occurrences |
|:----------:|:--------------:|:---------------------:|:---------------------:|:----------------------------:|
| iv_497-iv_507 | 2000 | 4318 | 44 | 66 |
| iv_499-iv_503 | 2037 | 4364 | 52 | 67 |
| iv_501-iv_502 | 1944 | 4389 | 49 | 68 |
| iv_506-iv_511 | 2114 | 4409 | 47 | 68 |
| iv_506-iv_507 | 2039 | 4472 | 48 | 69 |
| iv_500-iv_505 | 1992 | 4310 | 47 | 71 |
| iv_502-iv_506 | 2040 | 4247 | 47 | 71 |
| iv_498-iv_501 | 1944 | 4313 | 51 | 71 |
| iv_499-iv_505 | 2042 | 4150 | 47 | 72 |
| iv_503-iv_506 | 2058 | 4467 | 50 | 72 |
| iv_500-iv_502 | 2011 | 4220 | 45 | 73 |

## Output Bits

### Output Bits in Regular Order

| Rank | Output Bit | Complexity |
|:----:|:----------:|:----------:|
| 1 | ov_001 | 2.7873964264657135 × 10^303 |
| 2 | ov_002 | 2.4254822115262003 × 10^303 |
| 3 | ov_003 | 2.1005651636016293 × 10^303 |
| 4 | ov_004 | 1.8098712897908322 × 10^303 |
| 5 | ov_005 | 1.5507785923151158 × 10^303 |
| 6 | ov_006 | 1.3208062024380424 × 10^303 |
| 7 | ov_007 | 1.1176049186898842 × 10^303 |
| 8 | ov_008 | 9.389490638617374 × 10^302 |
| 9 | ov_009 | 7.827295545601903 × 10^302 |
| 10 | ov_010 | 6.469480576713683 × 10^302 |
| 11 | ov_011 | 5.297121066720069 × 10^302 |
| 12 | ov_012 | 4.292310580126008 × 10^302 |
| 13 | ov_013 | 3.4381277494125253 × 10^302 |
| 14 | ov_014 | 2.718609331686974 × 10^302 |
| 15 | ov_015 | 2.1187285502886662 × 10^302 |
| 16 | ov_016 | 1.6243779628662058 × 10^302 |
| 17 | ov_017 | 1.2223561657974762 × 10^302 |
| 18 | ov_018 | 9.003576066919622 × 10^301 |
| 19 | ov_019 | 6.469648275694765 × 10^301 |
| 20 | ov_020 | 4.5164263316162435 × 10^301 |
| 21 | ov_021 | 3.047338378908314 × 10^301 |
| 22 | ov_022 | 1.9745629568926414 × 10^301 |
| 23 | ov_023 | 1.219009035337162 × 10^301 |
| 24 | ov_024 | 7.103030328370748 × 10^300 |
| 25 | ov_025 | 3.8678087124848886 × 10^300 |
| 26 | ov_026 | 1.954836218930821 × 10^300 |
| 27 | ov_027 | 9.215545637477897 × 10^299 |
| 28 | ov_028 | 4.124283831203904 × 10^299 |
| 29 | ov_029 | 1.589426307795123 × 10^299 |
| 30 | ov_030 | 4.85947277847932 × 10^298 |
| 31 | ov_031 | 9.479310073142084 × 10^297 |
| 32 | lv_80_m31 | 1.848890176520104 × 10^297 |
| 33 | ov_033 | 2.2236863586750985 × 10^298 |
| 34 | ov_034 | 1.9324299047110696 × 10^298 |
| 35 | ov_035 | 1.6710107684633858 × 10^298 |
| 36 | ov_036 | 1.4367617662711904 × 10^298 |
| 37 | ov_037 | 1.2283868296134064 × 10^298 |
| 38 | ov_038 | 1.0434978119485778 × 10^298 |
| 39 | ov_039 | 8.79832131913539 × 10^297 |
| 40 | ov_040 | 7.352451685845271 × 10^297 |
| 41 | ov_041 | 6.086932246364072 × 10^297 |
| 42 | ov_042 | 4.991868504090543 × 10^297 |
| 43 | ov_043 | 4.057883381164917 × 10^297 |
| 44 | ov_044 | 3.267695219674803 × 10^297 |
| 45 | ov_045 | 2.604967185672157 × 10^297 |
| 46 | ov_046 | 2.0542821537447853 × 10^297 |
| 47 | ov_047 | 1.6011227424557755 × 10^297 |
| 48 | ov_048 | 1.2318557090408981 × 10^297 |
| 49 | ov_049 | 9.337199714137618 × 10^296 |
| 50 | ov_050 | 6.948175848683491 × 10^296 |
| 51 | ov_051 | 5.094143980590132 × 10^296 |
| 52 | ov_052 | 3.6732050853215688 × 10^296 |
| 53 | ov_053 | 2.5919415620041654 × 10^296 |
| 54 | ov_054 | 1.7653941808991367 × 10^296 |
| 55 | ov_055 | 1.1531956696544356 × 10^296 |
| 56 | ov_056 | 7.191979803703119 × 10^295 |
| 57 | ov_057 | 4.3146904259751514 × 10^295 |
| 58 | ov_058 | 2.387861348699184 × 10^295 |
| 59 | ov_059 | 1.176444792396991 × 10^295 |
| 60 | ov_060 | 4.875202743329757 × 10^294 |
| 61 | ov_061 | 1.70293038186823 × 10^294 |
| 62 | ov_062 | 4.671397709957295 × 10^293 |
| 63 | ov_063 | 9.104586105778867 × 10^292 |
| 64 | lv_79_m31 | 1.7740798544286058 × 10^292 |
| 65 | ov_065 | 2.115817693925075 × 10^293 |
| 66 | ov_066 | 2.1158122699638294 × 10^293 |
| 67 | ov_067 | 2.1158109874462744 × 10^293 |
| 68 | ov_068 | 1.83226323537061 × 10^293 |
| 69 | ov_069 | 1.5784675462884217 × 10^293 |
| 70 | ov_070 | 1.352210954414434 × 10^293 |
| 71 | ov_071 | 1.1513842857838397 × 10^293 |
| 72 | ov_072 | 9.739763002797037 × 10^292 |
| 73 | ov_073 | 8.180691370987756 × 10^292 |
| 74 | ov_074 | 6.818347970608508 × 10^292 |
| 75 | ov_075 | 5.63532409260876 × 10^292 |
| 76 | ov_076 | 4.615060431209819 × 10^292 |
| 77 | ov_077 | 3.741828643125072 × 10^292 |
| 78 | ov_078 | 3.000715171467373 × 10^292 |
| 79 | ov_079 | 2.37760695342159 × 10^292 |
| 80 | ov_080 | 1.859178890870432 × 10^292 |
| 81 | ov_081 | 1.4328829644853509 × 10^292 |
| 82 | ov_082 | 1.0869388727859985 × 10^292 |
| 83 | ov_083 | 8.103260784021806 × 10^291 |
| 84 | ov_084 | 5.927771442964062 × 10^291 |
| 85 | ov_085 | 4.2477224306579566 × 10^291 |
| 86 | ov_086 | 2.9753472267834434 × 10^291 |
| 87 | ov_087 | 2.030276121472812 × 10^291 |
| 88 | ov_088 | 1.3395095073790303 × 10^291 |
| 89 | ov_089 | 8.373982435376502 × 10^290 |
| 90 | ov_090 | 4.929533271774117 × 10^290 |
| 91 | ov_091 | 2.7885135889084597 × 10^290 |
| 92 | ov_092 | 1.5143005976776993 × 10^290 |
| 93 | ov_093 | 7.434662422968385 × 10^289 |
| 94 | ov_094 | 3.125927945790932 × 10^289 |
| 95 | aaa_78_28 | 9.485123222840381 × 10^288 |
| 96 | aaa_78_29 | 2.833779742297888 × 10^288 |
| 97 | ov_097 | 1.49998314264548 × 10^288 |
| 98 | ov_098 | 1.4999639526133514 × 10^288 |
| 99 | ov_099 | 1.4999578240405195 × 10^288 |
| 100 | ov_100 | 1.2277086363394771 × 10^288 |
| 101 | ov_101 | 9.983199831975434 × 10^287 |
| 102 | ov_102 | 8.070473130884338 × 10^287 |
| 103 | ov_103 | 6.494064554884592 × 10^287 |
| 104 | ov_104 | 5.2115469987082805 × 10^287 |
| 105 | ov_105 | 4.182743401387814 × 10^287 |
| 106 | ov_106 | 3.3695845801335713 × 10^287 |
| 107 | ov_107 | 2.7359873061743312 × 10^287 |
| 108 | ov_108 | 2.2477505880673347 × 10^287 |
| 109 | ov_109 | 1.8724682377161376 × 10^287 |
| 110 | ov_110 | 1.5794559013977823 × 10^287 |
| 111 | ov_111 | 1.339690843082892 × 10^287 |
| 112 | ov_112 | 1.1257628707208981 × 10^287 |
| 113 | ov_113 | 9.361300860610534 × 10^286 |
| 114 | ov_114 | 7.692748737346351 × 10^286 |
| 115 | ov_115 | 6.236981810325194 × 10^286 |
| 116 | ov_116 | 4.97914902360575 × 10^286 |
| 117 | ov_117 | 3.904502684737224 × 10^286 |
| 118 | ov_118 | 2.9983704626954293 × 10^286 |
| 119 | ov_119 | 2.2461327302168553 × 10^286 |
| 120 | ov_120 | 1.6332043780505437 × 10^286 |
| 121 | ov_121 | 1.1450218679997648 × 10^286 |
| 122 | ov_122 | 7.670349017477327 × 10^285 |
| 123 | ov_123 | 4.8470094171618185 × 10^285 |
| 124 | ov_124 | 2.8348151518386746 × 10^285 |
| 125 | ov_125 | 1.488399247217191 × 10^285 |
| 126 | ov_126 | 6.624008031982796 × 10^284 |
| 127 | aaa_77_28 | 2.114605110366827 × 10^284 |
| 128 | aaa_77_29 | 7.924291173583017 × 10^283 |
| 129 | ov_129 | 7.334830227469412 × 10^283 |
| 130 | ov_130 | 7.334808664101765 × 10^283 |
| 131 | ov_131 | 7.334803452558499 × 10^283 |
| 132 | ov_132 | 6.356741664954967 × 10^283 |
| 133 | ov_133 | 5.481251576383946 × 10^283 |
| 134 | ov_134 | 4.700547334921592 × 10^283 |
| 135 | ov_135 | 4.0072586884937745 × 10^283 |
| 136 | ov_136 | 3.3944014052996576 × 10^283 |
| 137 | ov_137 | 2.8553518449065403 × 10^283 |
| 138 | ov_138 | 2.38382527437515 × 10^283 |
| 139 | ov_139 | 1.9738575445960546 × 10^283 |
| 140 | ov_140 | 1.6197897622201462 × 10^283 |
| 141 | ov_141 | 1.316255612283238 × 10^283 |
| 142 | ov_142 | 1.0581710059687383 × 10^283 |
| 143 | ov_143 | 8.407257470162349 × 10^282 |
| 144 | ov_144 | 6.593769291430276 × 10^282 |
| 145 | ov_145 | 5.098437955605679 × 10^282 |
| 146 | ov_146 | 3.881038102844923 × 10^282 |
| 147 | ov_147 | 2.903897216598699 × 10^282 |
| 148 | ov_148 | 2.1318744137488363 × 10^282 |
| 149 | ov_149 | 1.5323458071597892 × 10^282 |
| 150 | ov_150 | 1.0751947993575287 × 10^282 |
| 151 | ov_151 | 7.328058044410093 × 10^281 |
| 152 | ov_152 | 4.800602950506651 × 10^281 |
| 153 | ov_153 | 2.943344363227271 × 10^281 |
| 154 | ov_154 | 1.649397684785683 × 10^281 |
| 155 | ov_155 | 8.24342681339178 × 10^280 |
| 156 | aaa_76_25 | 3.167225747005049 × 10^280 |
| 157 | aaa_76_26 | 1.8286393897842208 × 10^280 |
| 158 | aaa_76_27 | 9.358510842284245 × 10^279 |
| 159 | aaa_76_28 | 3.6427058342619914 × 10^279 |
| 160 | aaa_76_29 | 1.1074951327764645 × 10^279 |

### Output Bits Sorted by Complexity

| Rank | Output Bit | Complexity |
|:----:|:----------:|:----------:|
| 160 | aaa_76_29 | 1.1074951327764645 × 10^279 |
| 159 | aaa_76_28 | 3.6427058342619914 × 10^279 |
| 158 | aaa_76_27 | 9.358510842284245 × 10^279 |
| 157 | aaa_76_26 | 1.8286393897842208 × 10^280 |
| 156 | aaa_76_25 | 3.167225747005049 × 10^280 |
| 155 | ov_155 | 8.24342681339178 × 10^280 |
| 154 | ov_154 | 1.649397684785683 × 10^281 |
| 153 | ov_153 | 2.943344363227271 × 10^281 |
| 152 | ov_152 | 4.800602950506651 × 10^281 |
| 151 | ov_151 | 7.328058044410093 × 10^281 |
| 150 | ov_150 | 1.0751947993575287 × 10^282 |
| 149 | ov_149 | 1.5323458071597892 × 10^282 |
| 148 | ov_148 | 2.1318744137488363 × 10^282 |
| 147 | ov_147 | 2.903897216598699 × 10^282 |
| 146 | ov_146 | 3.881038102844923 × 10^282 |
| 145 | ov_145 | 5.098437955605679 × 10^282 |
| 144 | ov_144 | 6.593769291430276 × 10^282 |
| 143 | ov_143 | 8.407257470162349 × 10^282 |
| 142 | ov_142 | 1.0581710059687383 × 10^283 |
| 141 | ov_141 | 1.316255612283238 × 10^283 |
| 140 | ov_140 | 1.6197897622201462 × 10^283 |
| 139 | ov_139 | 1.9738575445960546 × 10^283 |
| 138 | ov_138 | 2.38382527437515 × 10^283 |
| 137 | ov_137 | 2.8553518449065403 × 10^283 |
| 136 | ov_136 | 3.3944014052996576 × 10^283 |
| 135 | ov_135 | 4.0072586884937745 × 10^283 |
| 134 | ov_134 | 4.700547334921592 × 10^283 |
| 133 | ov_133 | 5.481251576383946 × 10^283 |
| 132 | ov_132 | 6.356741664954967 × 10^283 |
| 131 | ov_131 | 7.334803452558499 × 10^283 |
| 130 | ov_130 | 7.334808664101765 × 10^283 |
| 129 | ov_129 | 7.334830227469412 × 10^283 |
| 128 | aaa_77_29 | 7.924291173583017 × 10^283 |
| 127 | aaa_77_28 | 2.114605110366827 × 10^284 |
| 126 | ov_126 | 6.624008031982796 × 10^284 |
| 125 | ov_125 | 1.488399247217191 × 10^285 |
| 124 | ov_124 | 2.8348151518386746 × 10^285 |
| 123 | ov_123 | 4.8470094171618185 × 10^285 |
| 122 | ov_122 | 7.670349017477327 × 10^285 |
| 121 | ov_121 | 1.1450218679997648 × 10^286 |
| 120 | ov_120 | 1.6332043780505437 × 10^286 |
| 119 | ov_119 | 2.2461327302168553 × 10^286 |
| 118 | ov_118 | 2.9983704626954293 × 10^286 |
| 117 | ov_117 | 3.904502684737224 × 10^286 |
| 116 | ov_116 | 4.97914902360575 × 10^286 |
| 115 | ov_115 | 6.236981810325194 × 10^286 |
| 114 | ov_114 | 7.692748737346351 × 10^286 |
| 113 | ov_113 | 9.361300860610534 × 10^286 |
| 112 | ov_112 | 1.1257628707208981 × 10^287 |
| 111 | ov_111 | 1.339690843082892 × 10^287 |
| 110 | ov_110 | 1.5794559013977823 × 10^287 |
| 109 | ov_109 | 1.8724682377161376 × 10^287 |
| 108 | ov_108 | 2.2477505880673347 × 10^287 |
| 107 | ov_107 | 2.7359873061743312 × 10^287 |
| 106 | ov_106 | 3.3695845801335713 × 10^287 |
| 105 | ov_105 | 4.182743401387814 × 10^287 |
| 104 | ov_104 | 5.2115469987082805 × 10^287 |
| 103 | ov_103 | 6.494064554884592 × 10^287 |
| 102 | ov_102 | 8.070473130884338 × 10^287 |
| 101 | ov_101 | 9.983199831975434 × 10^287 |
| 100 | ov_100 | 1.2277086363394771 × 10^288 |
| 99 | ov_099 | 1.4999578240405195 × 10^288 |
| 98 | ov_098 | 1.4999639526133514 × 10^288 |
| 97 | ov_097 | 1.49998314264548 × 10^288 |
| 96 | aaa_78_29 | 2.833779742297888 × 10^288 |
| 95 | aaa_78_28 | 9.485123222840381 × 10^288 |
| 94 | ov_094 | 3.125927945790932 × 10^289 |
| 93 | ov_093 | 7.434662422968385 × 10^289 |
| 92 | ov_092 | 1.5143005976776993 × 10^290 |
| 91 | ov_091 | 2.7885135889084597 × 10^290 |
| 90 | ov_090 | 4.929533271774117 × 10^290 |
| 89 | ov_089 | 8.373982435376502 × 10^290 |
| 88 | ov_088 | 1.3395095073790303 × 10^291 |
| 87 | ov_087 | 2.030276121472812 × 10^291 |
| 86 | ov_086 | 2.9753472267834434 × 10^291 |
| 85 | ov_085 | 4.2477224306579566 × 10^291 |
| 84 | ov_084 | 5.927771442964062 × 10^291 |
| 83 | ov_083 | 8.103260784021806 × 10^291 |
| 82 | ov_082 | 1.0869388727859985 × 10^292 |
| 81 | ov_081 | 1.4328829644853509 × 10^292 |
| 64 | lv_79_m31 | 1.7740798544286058 × 10^292 |
| 80 | ov_080 | 1.859178890870432 × 10^292 |
| 79 | ov_079 | 2.37760695342159 × 10^292 |
| 78 | ov_078 | 3.000715171467373 × 10^292 |
| 77 | ov_077 | 3.741828643125072 × 10^292 |
| 76 | ov_076 | 4.615060431209819 × 10^292 |
| 75 | ov_075 | 5.63532409260876 × 10^292 |
| 74 | ov_074 | 6.818347970608508 × 10^292 |
| 73 | ov_073 | 8.180691370987756 × 10^292 |
| 63 | ov_063 | 9.104586105778867 × 10^292 |
| 72 | ov_072 | 9.739763002797037 × 10^292 |
| 71 | ov_071 | 1.1513842857838397 × 10^293 |
| 70 | ov_070 | 1.352210954414434 × 10^293 |
| 69 | ov_069 | 1.5784675462884217 × 10^293 |
| 68 | ov_068 | 1.83226323537061 × 10^293 |
| 67 | ov_067 | 2.1158109874462744 × 10^293 |
| 66 | ov_066 | 2.1158122699638294 × 10^293 |
| 65 | ov_065 | 2.115817693925075 × 10^293 |
| 62 | ov_062 | 4.671397709957295 × 10^293 |
| 61 | ov_061 | 1.70293038186823 × 10^294 |
| 60 | ov_060 | 4.875202743329757 × 10^294 |
| 59 | ov_059 | 1.176444792396991 × 10^295 |
| 58 | ov_058 | 2.387861348699184 × 10^295 |
| 57 | ov_057 | 4.3146904259751514 × 10^295 |
| 56 | ov_056 | 7.191979803703119 × 10^295 |
| 55 | ov_055 | 1.1531956696544356 × 10^296 |
| 54 | ov_054 | 1.7653941808991367 × 10^296 |
| 53 | ov_053 | 2.5919415620041654 × 10^296 |
| 52 | ov_052 | 3.6732050853215688 × 10^296 |
| 51 | ov_051 | 5.094143980590132 × 10^296 |
| 50 | ov_050 | 6.948175848683491 × 10^296 |
| 49 | ov_049 | 9.337199714137618 × 10^296 |
| 48 | ov_048 | 1.2318557090408981 × 10^297 |
| 47 | ov_047 | 1.6011227424557755 × 10^297 |
| 32 | lv_80_m31 | 1.848890176520104 × 10^297 |
| 46 | ov_046 | 2.0542821537447853 × 10^297 |
| 45 | ov_045 | 2.604967185672157 × 10^297 |
| 44 | ov_044 | 3.267695219674803 × 10^297 |
| 43 | ov_043 | 4.057883381164917 × 10^297 |
| 42 | ov_042 | 4.991868504090543 × 10^297 |
| 41 | ov_041 | 6.086932246364072 × 10^297 |
| 40 | ov_040 | 7.352451685845271 × 10^297 |
| 39 | ov_039 | 8.79832131913539 × 10^297 |
| 31 | ov_031 | 9.479310073142084 × 10^297 |
| 38 | ov_038 | 1.0434978119485778 × 10^298 |
| 37 | ov_037 | 1.2283868296134064 × 10^298 |
| 36 | ov_036 | 1.4367617662711904 × 10^298 |
| 35 | ov_035 | 1.6710107684633858 × 10^298 |
| 34 | ov_034 | 1.9324299047110696 × 10^298 |
| 33 | ov_033 | 2.2236863586750985 × 10^298 |
| 30 | ov_030 | 4.85947277847932 × 10^298 |
| 29 | ov_029 | 1.589426307795123 × 10^299 |
| 28 | ov_028 | 4.124283831203904 × 10^299 |
| 27 | ov_027 | 9.215545637477897 × 10^299 |
| 26 | ov_026 | 1.954836218930821 × 10^300 |
| 25 | ov_025 | 3.8678087124848886 × 10^300 |
| 24 | ov_024 | 7.103030328370748 × 10^300 |
| 23 | ov_023 | 1.219009035337162 × 10^301 |
| 22 | ov_022 | 1.9745629568926414 × 10^301 |
| 21 | ov_021 | 3.047338378908314 × 10^301 |
| 20 | ov_020 | 4.5164263316162435 × 10^301 |
| 19 | ov_019 | 6.469648275694765 × 10^301 |
| 18 | ov_018 | 9.003576066919622 × 10^301 |
| 17 | ov_017 | 1.2223561657974762 × 10^302 |
| 16 | ov_016 | 1.6243779628662058 × 10^302 |
| 15 | ov_015 | 2.1187285502886662 × 10^302 |
| 14 | ov_014 | 2.718609331686974 × 10^302 |
| 13 | ov_013 | 3.4381277494125253 × 10^302 |
| 12 | ov_012 | 4.292310580126008 × 10^302 |
| 11 | ov_011 | 5.297121066720069 × 10^302 |
| 10 | ov_010 | 6.469480576713683 × 10^302 |
| 9 | ov_009 | 7.827295545601903 × 10^302 |
| 8 | ov_008 | 9.389490638617374 × 10^302 |
| 7 | ov_007 | 1.1176049186898842 × 10^303 |
| 6 | ov_006 | 1.3208062024380424 × 10^303 |
| 5 | ov_005 | 1.5507785923151158 × 10^303 |
| 4 | ov_004 | 1.8098712897908322 × 10^303 |
| 3 | ov_003 | 2.1005651636016293 × 10^303 |
| 2 | ov_002 | 2.4254822115262003 × 10^303 |
| 1 | ov_001 | 2.7873964264657135 × 10^303 |

