# Results for F001-F002-F003-F004-F005-F006-F007-F008-F009-F010-F011-F012-F013-F014-F015-F016-F017-F018-F019-F020-F021-F022-F023-F024-F025-F026-F027-F028-F029-F030-F031-F032-F033-F034-F035-F036-F037-F038-F039-F040-F041-F042-F043-F044-F045-F046-F047-F048-F049-F050-F051-F052-F053-F054-F055-F056-F057-F058-F059-F060-F061-F062-F063-F064-F065-F066-F067-F068-F069-F070-F071-F072-F073-F074-F075-F076-F077-F078-F079-F080-F081-F082-F083-F084-F085-F086-F087-F088-F089-F090-F091-F092-F093-F094-F095-F096-F097-F098-F099-F100-F101-F102-F103-F104-F105-F106-F107-F108-F109-F110-F111-F112-F113-F114-F115-F116-F117-F118-F119-F120-F121-F122-F123-F124-F125-F126-F127-F128-F129-F130-F131-F132-F133-F134-F135-F136-F137-F138-F139-F140-F141-F142-F143-F144-F145-F146-F147-F148-F149-F150-F151-F152-F153-F154-F155-F156-F157-F158-F159-F160-F161-F162-F163-F164-F165-F166-F167-F168-F169-F170-F171-F172-F173-F174-F175-F176-F177-F178-F179-F180-F181-F182-F183-F184-F185-F186-F187-F188-F189-F190-F191-F192-F193-F194-F195-F196-F197-F198-F199-F200-F201-F202-F203-F204-F205-F206-F207-F208-F209-F210-F211-F212-F213-F214-F215-F216-F217-F218-F219-F220-F221-F222-F223-F224-F225-F226-F227-F228-F229-F230-F231-F232-F233-F234-F235-F236-F237-F238-F239-F240-F241-F242-F243-F244-F245-F246-F247-F248-F249-F250-F251-F252-F253-F254-F255-F256-F257-F258-F259-F260-F261-F262-F263-F264-F265-F266-F267-F268-F269-F270-F271-F272-F273-F274-F275-F276-F277-F278-F279-F280-F281-F282-F283-F284-F285-F286-F287-F288-F289-F290-F291-F292-F293-F294-F295-F296-F297-F298-F299-F300-F301-F302-F303-F304-F305-F306-F307-F308-F309-F310-F311-F312-F313-F314-F315-F316-F317-F318-F319-F320-F321-F322-F323-F324-F325-F326-F327-F328-F329-F330-F331-F332-F333-F334-F335-F336-F337-F338-F339-F340-F341-F342-F343-F344-F345-F346-F347-F348-F349-F350-F351-F352-F353-F354-F355-F356-F357-F358-F359-F360-F361-F362-F363-F364-F365-F366-F367-F368-F369-F370-F371-F372-F373-F374-F375-F376-F377-F378-F379-F380-F381-F382-F383-F384-F385-F386-F387-F388-F389-F390-F391-F392-F393-F394-F395-F396-F397-F398-F399-F400-F401-F402-F403-F404-F405-F406-F407-F408-F409-F410-F411-F412-F413-F414-F415-F416-F417-F418-F419-F420-F421-F422-F423-F424-F425-F426-F427-F428-F429-F430-F431-F432-F433-F434-F435-F436-F437-F438-F439-F440-F441-F442-F443-F444-F445-F446-F447-F448-F449-F450-F451-F452-F453-F454-F455-F456-F457-F458-F459-F460-F461-F462-F463-F464-F465-F466-F467-F468-F469-F470-F471-F472-F473-F474-F475-F476-F477-F478-F479-F480-F481-F482-F483-F484-F485-F486-F487-F488-F489-F490-F491-F492-F493-F494-F495-F496-O497506-F509-F510-F511-F512

## Summary

Number of input bits: 512  
Number of free input bits: 11  
Number of output bits: 160

Number of direct occurrences: 44145  
Number of assignments: 31122  
Number of operations: 10856474
(xor: 10828410,
and: 14770,
or: 13294)

Total complexity: 1.6001787436119035 × 10^298

Least occurring input variable: iv_502 (3839)  
Most occurring input variable: iv_497 (4191)

Most co-occurring input variables: iv_507-iv_508 (2014)  
Least co-occurring input variables: iv_498-iv_502 (1732)

Potentially most occurring input variable: iv_497/iv_508 (4592)  
Potentially least occurring input variable: iv_504/iv_505 (3980)

Least output occurring input variable: iv_505 (70)  
Most output occurring input variable: iv_498 (84)

Most output co-occurring input variables: iv_498-iv_501 (46)  
Least output co-occurring input variables: iv_505-iv_507 (29)

Potentially most output occurring input variable: iv_499/iv_507 (89)  
Potentially least output occurring input variable: iv_499/iv_505 (57)

Least complex input bit: iv_498 (1.1364904080026212 × 10^296)  
Most complex input bit: iv_505 (3.364058915525615 × 10^297)

Least complex output bit: aaa_76_29 (1.3496553765603102 × 10^273)  
Most complex output bit: ov_001 (2.5596302644259492 × 10^297)

Least complex input/output complexity: iv_498/aaa_76_29 (9.585619079701843 × 10^270)  
Most complex input/output complexity: iv_505/ov_001 (5.381115732143295 × 10^296)

## Input Bits

### Input Bits in Regular Order

| Input Bit | Complexity | Occurrences | Output Occurrences |
|:---------:|:----------:|:-----------:|:------------------:|
| iv_497 | 1.739418102409022 × 10^297 | 4191 | 77 |
| iv_498 | 1.1364904080026212 × 10^296 | 3883 | 84 |
| iv_499 | 2.006828705062505 × 10^296 | 3894 | 77 |
| iv_500 | 3.378147697000674 × 10^296 | 4069 | 76 |
| iv_501 | 5.56055939709422 × 10^296 | 4049 | 83 |
| iv_502 | 8.96415387828102 × 10^296 | 3839 | 82 |
| iv_503 | 1.4197077035559699 × 10^297 | 4012 | 75 |
| iv_504 | 2.2049509749084716 × 10^297 | 3882 | 78 |
| iv_505 | 3.364058915525615 × 10^297 | 4034 | 70 |
| iv_507 | 2.394346867038341 × 10^297 | 4143 | 76 |
| iv_508 | 2.7746868641375097 × 10^297 | 4149 | 79 |

### Input Bits Sorted by Complexity

| Input Bit | Complexity | Occurrences | Output Occurrences |
|:---------:|:----------:|:-----------:|:------------------:|
| iv_498 | 1.1364904080026212 × 10^296 | 3883 | 84 |
| iv_499 | 2.006828705062505 × 10^296 | 3894 | 77 |
| iv_500 | 3.378147697000674 × 10^296 | 4069 | 76 |
| iv_501 | 5.56055939709422 × 10^296 | 4049 | 83 |
| iv_502 | 8.96415387828102 × 10^296 | 3839 | 82 |
| iv_503 | 1.4197077035559699 × 10^297 | 4012 | 75 |
| iv_497 | 1.739418102409022 × 10^297 | 4191 | 77 |
| iv_504 | 2.2049509749084716 × 10^297 | 3882 | 78 |
| iv_507 | 2.394346867038341 × 10^297 | 4143 | 76 |
| iv_508 | 2.7746868641375097 × 10^297 | 4149 | 79 |
| iv_505 | 3.364058915525615 × 10^297 | 4034 | 70 |

### Input Bits Sorted by Occurrences

| Input Bit | Complexity | Occurrences | Output Occurrences |
|:---------:|:----------:|:-----------:|:------------------:|
| iv_502 | 8.96415387828102 × 10^296 | 3839 | 82 |
| iv_504 | 2.2049509749084716 × 10^297 | 3882 | 78 |
| iv_498 | 1.1364904080026212 × 10^296 | 3883 | 84 |
| iv_499 | 2.006828705062505 × 10^296 | 3894 | 77 |
| iv_503 | 1.4197077035559699 × 10^297 | 4012 | 75 |
| iv_505 | 3.364058915525615 × 10^297 | 4034 | 70 |
| iv_501 | 5.56055939709422 × 10^296 | 4049 | 83 |
| iv_500 | 3.378147697000674 × 10^296 | 4069 | 76 |
| iv_507 | 2.394346867038341 × 10^297 | 4143 | 76 |
| iv_508 | 2.7746868641375097 × 10^297 | 4149 | 79 |
| iv_497 | 1.739418102409022 × 10^297 | 4191 | 77 |

### Input Bits Sorted by Output Occurrences

| Input Bit | Complexity | Occurrences | Output Occurrences |
|:---------:|:----------:|:-----------:|:------------------:|
| iv_505 | 3.364058915525615 × 10^297 | 4034 | 70 |
| iv_503 | 1.4197077035559699 × 10^297 | 4012 | 75 |
| iv_500 | 3.378147697000674 × 10^296 | 4069 | 76 |
| iv_507 | 2.394346867038341 × 10^297 | 4143 | 76 |
| iv_497 | 1.739418102409022 × 10^297 | 4191 | 77 |
| iv_499 | 2.006828705062505 × 10^296 | 3894 | 77 |
| iv_504 | 2.2049509749084716 × 10^297 | 3882 | 78 |
| iv_508 | 2.7746868641375097 × 10^297 | 4149 | 79 |
| iv_502 | 8.96415387828102 × 10^296 | 3839 | 82 |
| iv_501 | 5.56055939709422 × 10^296 | 4049 | 83 |
| iv_498 | 1.1364904080026212 × 10^296 | 3883 | 84 |

## Input Bit Co-occurrences

### Input Bit Co-occurrences Sorted by Co-occurrences

| Input Bits | Co-occurrences | Potential Occurrences | Output Co-occurrences | Potential Output Occurrences |
|:----------:|:--------------:|:---------------------:|:---------------------:|:----------------------------:|
| iv_507-iv_508 | 2014 | 4264 | 43 | 69 |
| iv_501-iv_505 | 2005 | 4073 | 41 | 71 |
| iv_505-iv_507 | 2003 | 4171 | 29 | 88 |
| iv_504-iv_505 | 1968 | 3980 | 38 | 72 |
| iv_500-iv_508 | 1960 | 4298 | 35 | 85 |
| iv_500-iv_507 | 1959 | 4294 | 35 | 82 |
| iv_497-iv_500 | 1950 | 4360 | 43 | 67 |
| iv_505-iv_508 | 1944 | 4295 | 34 | 81 |
| iv_500-iv_501 | 1943 | 4232 | 39 | 81 |
| iv_497-iv_507 | 1934 | 4466 | 35 | 83 |
| iv_503-iv_507 | 1926 | 4303 | 36 | 79 |

### Input Bit Co-occurrences Sorted by Potential Occurrences

| Input Bits | Co-occurrences | Potential Occurrences | Output Co-occurrences | Potential Output Occurrences |
|:----------:|:--------------:|:---------------------:|:---------------------:|:----------------------------:|
| iv_504-iv_505 | 1968 | 3980 | 38 | 72 |
| iv_501-iv_505 | 2005 | 4073 | 41 | 71 |
| iv_502-iv_505 | 1889 | 4095 | 36 | 80 |
| iv_499-iv_504 | 1830 | 4116 | 35 | 85 |
| iv_498-iv_504 | 1811 | 4143 | 45 | 72 |
| iv_499-iv_505 | 1892 | 4144 | 45 | 57 |
| iv_499-iv_501 | 1898 | 4147 | 42 | 76 |
| iv_505-iv_507 | 2003 | 4171 | 29 | 88 |
| iv_502-iv_504 | 1772 | 4177 | 41 | 78 |
| iv_500-iv_504 | 1887 | 4177 | 39 | 76 |
| iv_498-iv_499 | 1793 | 4191 | 44 | 73 |

### Input Bit Output Co-occurrences Sorted by Output Co-occurrences

| Input Bits | Co-occurrences | Potential Occurrences | Output Co-occurrences | Potential Output Occurrences |
|:----------:|:--------------:|:---------------------:|:---------------------:|:----------------------------:|
| iv_498-iv_501 | 1839 | 4254 | 46 | 75 |
| iv_498-iv_504 | 1811 | 4143 | 45 | 72 |
| iv_498-iv_505 | 1859 | 4199 | 45 | 64 |
| iv_499-iv_505 | 1892 | 4144 | 45 | 57 |
| iv_498-iv_499 | 1793 | 4191 | 44 | 73 |
| iv_498-iv_502 | 1732 | 4258 | 44 | 78 |
| iv_498-iv_503 | 1834 | 4227 | 44 | 71 |
| iv_497-iv_500 | 1950 | 4360 | 43 | 67 |
| iv_507-iv_508 | 2014 | 4264 | 43 | 69 |
| iv_497-iv_502 | 1822 | 4386 | 42 | 75 |
| iv_499-iv_501 | 1898 | 4147 | 42 | 76 |

### Input Bit Output Co-occurrences Sorted by Potential Output Occurrences

| Input Bits | Co-occurrences | Potential Occurrences | Output Co-occurrences | Potential Output Occurrences |
|:----------:|:--------------:|:---------------------:|:---------------------:|:----------------------------:|
| iv_499-iv_505 | 1892 | 4144 | 45 | 57 |
| iv_498-iv_505 | 1859 | 4199 | 45 | 64 |
| iv_497-iv_500 | 1950 | 4360 | 43 | 67 |
| iv_503-iv_505 | 1908 | 4230 | 39 | 67 |
| iv_507-iv_508 | 2014 | 4264 | 43 | 69 |
| iv_501-iv_505 | 2005 | 4073 | 41 | 71 |
| iv_498-iv_503 | 1834 | 4227 | 44 | 71 |
| iv_498-iv_504 | 1811 | 4143 | 45 | 72 |
| iv_504-iv_505 | 1968 | 3980 | 38 | 72 |
| iv_498-iv_499 | 1793 | 4191 | 44 | 73 |
| iv_499-iv_500 | 1865 | 4233 | 40 | 73 |

## Output Bits

### Output Bits in Regular Order

| Rank | Output Bit | Complexity |
|:----:|:----------:|:----------:|
| 1 | ov_001 | 2.5596302644259492 × 10^297 |
| 2 | ov_002 | 2.219773554757782 × 10^297 |
| 3 | ov_003 | 1.915325789923902 × 10^297 |
| 4 | ov_004 | 1.6436038704421432 × 10^297 |
| 5 | ov_005 | 1.402071004248058 × 10^297 |
| 6 | ov_006 | 1.1883262747144421 × 10^297 |
| 7 | ov_007 | 1.0000955552045904 × 10^297 |
| 8 | ov_008 | 8.35223682696527 × 10^296 |
| 9 | ov_009 | 6.916677930867324 × 10^296 |
| 10 | ov_010 | 5.674917029141196 × 10^296 |
| 11 | ov_011 | 4.6086122091546355 × 10^296 |
| 12 | ov_012 | 3.700402794776424 × 10^296 |
| 13 | ov_013 | 2.933877825813342 × 10^296 |
| 14 | ov_014 | 2.2935507326444218 × 10^296 |
| 15 | ov_015 | 1.7648392999535443 × 10^296 |
| 16 | ov_016 | 1.3340500765538573 × 10^296 |
| 17 | ov_017 | 9.883664510122005 × 10^295 |
| 18 | ov_018 | 7.158396752299023 × 10^295 |
| 19 | ov_019 | 5.053821803990251 × 10^295 |
| 20 | ov_020 | 3.46762621224985 × 10^295 |
| 21 | ov_021 | 2.3060223049368866 × 10^295 |
| 22 | ov_022 | 1.4837220057922332 × 10^295 |
| 23 | ov_023 | 9.239187268911192 × 10^294 |
| 24 | ov_024 | 5.5827545624134937 × 10^294 |
| 25 | ov_025 | 3.269174680411758 × 10^294 |
| 26 | ov_026 | 1.784283291622627 × 10^294 |
| 27 | ov_027 | 8.921406443179078 × 10^293 |
| 28 | ov_028 | 3.990862947930338 × 10^293 |
| 29 | ov_029 | 1.5373721773340061 × 10^293 |
| 30 | ov_030 | 4.69873107697935 × 10^292 |
| 31 | ov_031 | 9.162520112188165 × 10^291 |
| 32 | lv_80_m31 | 1.7863897442082926 × 10^291 |
| 33 | ov_033 | 2.1405925766662455 × 10^292 |
| 34 | ov_034 | 1.8561151198804742 × 10^292 |
| 35 | ov_035 | 1.6016265861490374 × 10^292 |
| 36 | ov_036 | 1.3746880083705986 × 10^292 |
| 37 | ov_037 | 1.1729918948773836 × 10^292 |
| 38 | ov_038 | 9.943529204452741 × 10^291 |
| 39 | ov_039 | 8.366998844059718 × 10^291 |
| 40 | ov_040 | 6.980688150045917 × 10^291 |
| 41 | ov_041 | 5.765971054706748 × 10^291 |
| 42 | ov_042 | 4.713781216745398 × 10^291 |
| 43 | ov_043 | 3.81552315389604 × 10^291 |
| 44 | ov_044 | 3.0553471921142806 × 10^291 |
| 45 | ov_045 | 2.4182651509486506 × 10^291 |
| 46 | ov_046 | 1.8901282301635977 × 10^291 |
| 47 | ov_047 | 1.4576095989457987 × 10^291 |
| 48 | ov_048 | 1.1081909529223656 × 10^291 |
| 49 | ov_049 | 8.301523599674697 × 10^290 |
| 50 | ov_050 | 6.125647711330255 × 10^290 |
| 51 | ov_051 | 4.4528462809793535 × 10^290 |
| 52 | ov_052 | 3.1895005336287827 × 10^290 |
| 53 | ov_053 | 2.2497818596401857 × 10^290 |
| 54 | ov_054 | 1.555633422663989 × 10^290 |
| 55 | ov_055 | 1.0367578790824047 × 10^290 |
| 56 | ov_056 | 6.599452224730819 × 10^289 |
| 57 | ov_057 | 3.9585982514212595 × 10^289 |
| 58 | ov_058 | 2.1903876221722199 × 10^289 |
| 59 | ov_059 | 1.0789094489452716 × 10^289 |
| 60 | ov_060 | 4.469672926147929 × 10^288 |
| 61 | ov_061 | 1.5607775999486466 × 10^288 |
| 62 | ov_062 | 4.280038823435395 × 10^287 |
| 63 | ov_063 | 8.338820497440416 × 10^286 |
| 64 | lv_79_m31 | 1.6242708969766273 × 10^286 |
| 65 | ov_065 | 1.9248825649097885 × 10^287 |
| 66 | ov_066 | 1.9248777598193443 × 10^287 |
| 67 | ov_067 | 1.9248766309451282 × 10^287 |
| 68 | ov_068 | 1.663710427516839 × 10^287 |
| 69 | ov_069 | 1.4302641674141641 × 10^287 |
| 70 | ov_070 | 1.2224488668142525 × 10^287 |
| 71 | ov_071 | 1.0382751061490788 × 10^287 |
| 72 | ov_072 | 8.758480163776274 × 10^286 |
| 73 | ov_073 | 7.333633218044419 × 10^286 |
| 74 | ov_074 | 6.0910411855175 × 10^286 |
| 75 | ov_075 | 5.014381176889893 × 10^286 |
| 76 | ov_076 | 4.088151954579686 × 10^286 |
| 77 | ov_077 | 3.2976520032384925 × 10^286 |
| 78 | ov_078 | 2.628960018738909 × 10^286 |
| 79 | ov_079 | 2.0689176684281795 × 10^286 |
| 80 | ov_080 | 1.6051144773972665 × 10^286 |
| 81 | ov_081 | 1.225874696979704 × 10^286 |
| 82 | ov_082 | 9.202460127675443 × 10^285 |
| 83 | ov_083 | 6.779899502048022 × 10^285 |
| 84 | ov_084 | 4.8957383636993564 × 10^285 |
| 85 | ov_085 | 3.4616417694689725 × 10^285 |
| 86 | ov_086 | 2.3962130765087842 × 10^285 |
| 87 | ov_087 | 1.6249517955073918 × 10^285 |
| 88 | ov_088 | 1.0802213784008126 × 10^285 |
| 89 | ov_089 | 7.012255367299103 × 10^284 |
| 90 | ov_090 | 4.3399168714506705 × 10^284 |
| 91 | ov_091 | 2.5323779652779968 × 10^284 |
| 92 | ov_092 | 1.3708618907207763 × 10^284 |
| 93 | ov_093 | 6.706120777174932 × 10^283 |
| 94 | ov_094 | 2.808806525096749 × 10^283 |
| 95 | aaa_78_28 | 8.492374576214213 × 10^282 |
| 96 | aaa_78_29 | 2.523482429683747 × 10^282 |
| 97 | ov_097 | 1.4198487035405516 × 10^282 |
| 98 | ov_098 | 1.4198255867791352 × 10^282 |
| 99 | ov_099 | 1.4198182066754458 × 10^282 |
| 100 | ov_100 | 1.1593167876362716 × 10^282 |
| 101 | ov_101 | 9.439631707871321 × 10^281 |
| 102 | ov_102 | 7.680572585238408 × 10^281 |
| 103 | ov_103 | 6.2621047917945504 × 10^281 |
| 104 | ov_104 | 5.1332305750533436 × 10^281 |
| 105 | ov_105 | 4.2456427827251364 × 10^281 |
| 106 | ov_106 | 3.553554675920651 × 10^281 |
| 107 | ov_107 | 3.0135543058995155 × 10^281 |
| 108 | ov_108 | 2.5844809763146473 × 10^281 |
| 109 | ov_109 | 2.2273214447265427 × 10^281 |
| 110 | ov_110 | 1.905123646062872 × 10^281 |
| 111 | ov_111 | 1.6159546276035143 × 10^281 |
| 112 | ov_112 | 1.3579271918265278 × 10^281 |
| 113 | ov_113 | 1.1291899905273892 × 10^281 |
| 114 | ov_114 | 9.279192145541722 × 10^280 |
| 115 | ov_115 | 7.523117567187652 × 10^280 |
| 116 | ov_116 | 6.005797256228957 × 10^280 |
| 117 | ov_117 | 4.709461882530277 × 10^280 |
| 118 | ov_118 | 3.6164201927767006 × 10^280 |
| 119 | ov_119 | 2.709036348209556 × 10^280 |
| 120 | ov_120 | 1.9697130355060694 × 10^280 |
| 121 | ov_121 | 1.3808785863988187 × 10^280 |
| 122 | ov_122 | 9.249774963059333 × 10^279 |
| 123 | ov_123 | 5.844637322842332 × 10^279 |
| 124 | ov_124 | 3.417962206260491 × 10^279 |
| 125 | ov_125 | 1.7943605265651395 × 10^279 |
| 126 | ov_126 | 7.984506012942957 × 10^278 |
| 127 | aaa_77_28 | 2.5485268690819703 × 10^278 |
| 128 | aaa_77_29 | 9.548104077204178 × 10^277 |
| 129 | ov_129 | 8.781041906753004 × 10^277 |
| 130 | ov_130 | 8.781015642262308 × 10^277 |
| 131 | ov_131 | 8.78100929888643 × 10^277 |
| 132 | ov_132 | 7.5997522708261 × 10^277 |
| 133 | ov_133 | 6.5429524831535485 × 10^277 |
| 134 | ov_134 | 5.601187638951317 × 10^277 |
| 135 | ov_135 | 4.765532235337133 × 10^277 |
| 136 | ov_136 | 4.027521866350512 × 10^277 |
| 137 | ov_137 | 3.37912268185053 × 10^277 |
| 138 | ov_138 | 2.812705496904379 × 10^277 |
| 139 | ov_139 | 2.321024071531042 × 10^277 |
| 140 | ov_140 | 1.897197105392067 × 10^277 |
| 141 | ov_141 | 1.5346935162555611 × 10^277 |
| 142 | ov_142 | 1.2273205949346215 × 10^277 |
| 143 | ov_143 | 9.692146530249178 × 10^276 |
| 144 | ov_144 | 7.548338032204878 × 10^276 |
| 145 | ov_145 | 5.789525353312778 × 10^276 |
| 146 | ov_146 | 4.366577743998202 × 10^276 |
| 147 | ov_147 | 3.2334613054097985 × 10^276 |
| 148 | ov_148 | 2.347220733213293 × 10^276 |
| 149 | ov_149 | 1.6679678666176611 × 10^276 |
| 150 | ov_150 | 1.1588748339493378 × 10^276 |
| 151 | ov_151 | 7.861699121102957 × 10^275 |
| 152 | ov_152 | 5.191347983266418 × 10^275 |
| 153 | ov_153 | 3.301026762873714 × 10^275 |
| 154 | ov_154 | 1.9445686640235905 × 10^275 |
| 155 | ov_155 | 1.0065142354737625 × 10^275 |
| 156 | aaa_76_25 | 3.8664876150347083 × 10^274 |
| 157 | aaa_76_26 | 2.231623754102507 × 10^274 |
| 158 | aaa_76_27 | 1.1416496098635072 × 10^274 |
| 159 | aaa_76_28 | 4.4415245933647986 × 10^273 |
| 160 | aaa_76_29 | 1.3496553765603102 × 10^273 |

### Output Bits Sorted by Complexity

| Rank | Output Bit | Complexity |
|:----:|:----------:|:----------:|
| 160 | aaa_76_29 | 1.3496553765603102 × 10^273 |
| 159 | aaa_76_28 | 4.4415245933647986 × 10^273 |
| 158 | aaa_76_27 | 1.1416496098635072 × 10^274 |
| 157 | aaa_76_26 | 2.231623754102507 × 10^274 |
| 156 | aaa_76_25 | 3.8664876150347083 × 10^274 |
| 155 | ov_155 | 1.0065142354737625 × 10^275 |
| 154 | ov_154 | 1.9445686640235905 × 10^275 |
| 153 | ov_153 | 3.301026762873714 × 10^275 |
| 152 | ov_152 | 5.191347983266418 × 10^275 |
| 151 | ov_151 | 7.861699121102957 × 10^275 |
| 150 | ov_150 | 1.1588748339493378 × 10^276 |
| 149 | ov_149 | 1.6679678666176611 × 10^276 |
| 148 | ov_148 | 2.347220733213293 × 10^276 |
| 147 | ov_147 | 3.2334613054097985 × 10^276 |
| 146 | ov_146 | 4.366577743998202 × 10^276 |
| 145 | ov_145 | 5.789525353312778 × 10^276 |
| 144 | ov_144 | 7.548338032204878 × 10^276 |
| 143 | ov_143 | 9.692146530249178 × 10^276 |
| 142 | ov_142 | 1.2273205949346215 × 10^277 |
| 141 | ov_141 | 1.5346935162555611 × 10^277 |
| 140 | ov_140 | 1.897197105392067 × 10^277 |
| 139 | ov_139 | 2.321024071531042 × 10^277 |
| 138 | ov_138 | 2.812705496904379 × 10^277 |
| 137 | ov_137 | 3.37912268185053 × 10^277 |
| 136 | ov_136 | 4.027521866350512 × 10^277 |
| 135 | ov_135 | 4.765532235337133 × 10^277 |
| 134 | ov_134 | 5.601187638951317 × 10^277 |
| 133 | ov_133 | 6.5429524831535485 × 10^277 |
| 132 | ov_132 | 7.5997522708261 × 10^277 |
| 131 | ov_131 | 8.78100929888643 × 10^277 |
| 130 | ov_130 | 8.781015642262308 × 10^277 |
| 129 | ov_129 | 8.781041906753004 × 10^277 |
| 128 | aaa_77_29 | 9.548104077204178 × 10^277 |
| 127 | aaa_77_28 | 2.5485268690819703 × 10^278 |
| 126 | ov_126 | 7.984506012942957 × 10^278 |
| 125 | ov_125 | 1.7943605265651395 × 10^279 |
| 124 | ov_124 | 3.417962206260491 × 10^279 |
| 123 | ov_123 | 5.844637322842332 × 10^279 |
| 122 | ov_122 | 9.249774963059333 × 10^279 |
| 121 | ov_121 | 1.3808785863988187 × 10^280 |
| 120 | ov_120 | 1.9697130355060694 × 10^280 |
| 119 | ov_119 | 2.709036348209556 × 10^280 |
| 118 | ov_118 | 3.6164201927767006 × 10^280 |
| 117 | ov_117 | 4.709461882530277 × 10^280 |
| 116 | ov_116 | 6.005797256228957 × 10^280 |
| 115 | ov_115 | 7.523117567187652 × 10^280 |
| 114 | ov_114 | 9.279192145541722 × 10^280 |
| 113 | ov_113 | 1.1291899905273892 × 10^281 |
| 112 | ov_112 | 1.3579271918265278 × 10^281 |
| 111 | ov_111 | 1.6159546276035143 × 10^281 |
| 110 | ov_110 | 1.905123646062872 × 10^281 |
| 109 | ov_109 | 2.2273214447265427 × 10^281 |
| 108 | ov_108 | 2.5844809763146473 × 10^281 |
| 107 | ov_107 | 3.0135543058995155 × 10^281 |
| 106 | ov_106 | 3.553554675920651 × 10^281 |
| 105 | ov_105 | 4.2456427827251364 × 10^281 |
| 104 | ov_104 | 5.1332305750533436 × 10^281 |
| 103 | ov_103 | 6.2621047917945504 × 10^281 |
| 102 | ov_102 | 7.680572585238408 × 10^281 |
| 101 | ov_101 | 9.439631707871321 × 10^281 |
| 100 | ov_100 | 1.1593167876362716 × 10^282 |
| 99 | ov_099 | 1.4198182066754458 × 10^282 |
| 98 | ov_098 | 1.4198255867791352 × 10^282 |
| 97 | ov_097 | 1.4198487035405516 × 10^282 |
| 96 | aaa_78_29 | 2.523482429683747 × 10^282 |
| 95 | aaa_78_28 | 8.492374576214213 × 10^282 |
| 94 | ov_094 | 2.808806525096749 × 10^283 |
| 93 | ov_093 | 6.706120777174932 × 10^283 |
| 92 | ov_092 | 1.3708618907207763 × 10^284 |
| 91 | ov_091 | 2.5323779652779968 × 10^284 |
| 90 | ov_090 | 4.3399168714506705 × 10^284 |
| 89 | ov_089 | 7.012255367299103 × 10^284 |
| 88 | ov_088 | 1.0802213784008126 × 10^285 |
| 87 | ov_087 | 1.6249517955073918 × 10^285 |
| 86 | ov_086 | 2.3962130765087842 × 10^285 |
| 85 | ov_085 | 3.4616417694689725 × 10^285 |
| 84 | ov_084 | 4.8957383636993564 × 10^285 |
| 83 | ov_083 | 6.779899502048022 × 10^285 |
| 82 | ov_082 | 9.202460127675443 × 10^285 |
| 81 | ov_081 | 1.225874696979704 × 10^286 |
| 80 | ov_080 | 1.6051144773972665 × 10^286 |
| 64 | lv_79_m31 | 1.6242708969766273 × 10^286 |
| 79 | ov_079 | 2.0689176684281795 × 10^286 |
| 78 | ov_078 | 2.628960018738909 × 10^286 |
| 77 | ov_077 | 3.2976520032384925 × 10^286 |
| 76 | ov_076 | 4.088151954579686 × 10^286 |
| 75 | ov_075 | 5.014381176889893 × 10^286 |
| 74 | ov_074 | 6.0910411855175 × 10^286 |
| 73 | ov_073 | 7.333633218044419 × 10^286 |
| 63 | ov_063 | 8.338820497440416 × 10^286 |
| 72 | ov_072 | 8.758480163776274 × 10^286 |
| 71 | ov_071 | 1.0382751061490788 × 10^287 |
| 70 | ov_070 | 1.2224488668142525 × 10^287 |
| 69 | ov_069 | 1.4302641674141641 × 10^287 |
| 68 | ov_068 | 1.663710427516839 × 10^287 |
| 67 | ov_067 | 1.9248766309451282 × 10^287 |
| 66 | ov_066 | 1.9248777598193443 × 10^287 |
| 65 | ov_065 | 1.9248825649097885 × 10^287 |
| 62 | ov_062 | 4.280038823435395 × 10^287 |
| 61 | ov_061 | 1.5607775999486466 × 10^288 |
| 60 | ov_060 | 4.469672926147929 × 10^288 |
| 59 | ov_059 | 1.0789094489452716 × 10^289 |
| 58 | ov_058 | 2.1903876221722199 × 10^289 |
| 57 | ov_057 | 3.9585982514212595 × 10^289 |
| 56 | ov_056 | 6.599452224730819 × 10^289 |
| 55 | ov_055 | 1.0367578790824047 × 10^290 |
| 54 | ov_054 | 1.555633422663989 × 10^290 |
| 53 | ov_053 | 2.2497818596401857 × 10^290 |
| 52 | ov_052 | 3.1895005336287827 × 10^290 |
| 51 | ov_051 | 4.4528462809793535 × 10^290 |
| 50 | ov_050 | 6.125647711330255 × 10^290 |
| 49 | ov_049 | 8.301523599674697 × 10^290 |
| 48 | ov_048 | 1.1081909529223656 × 10^291 |
| 47 | ov_047 | 1.4576095989457987 × 10^291 |
| 32 | lv_80_m31 | 1.7863897442082926 × 10^291 |
| 46 | ov_046 | 1.8901282301635977 × 10^291 |
| 45 | ov_045 | 2.4182651509486506 × 10^291 |
| 44 | ov_044 | 3.0553471921142806 × 10^291 |
| 43 | ov_043 | 3.81552315389604 × 10^291 |
| 42 | ov_042 | 4.713781216745398 × 10^291 |
| 41 | ov_041 | 5.765971054706748 × 10^291 |
| 40 | ov_040 | 6.980688150045917 × 10^291 |
| 39 | ov_039 | 8.366998844059718 × 10^291 |
| 31 | ov_031 | 9.162520112188165 × 10^291 |
| 38 | ov_038 | 9.943529204452741 × 10^291 |
| 37 | ov_037 | 1.1729918948773836 × 10^292 |
| 36 | ov_036 | 1.3746880083705986 × 10^292 |
| 35 | ov_035 | 1.6016265861490374 × 10^292 |
| 34 | ov_034 | 1.8561151198804742 × 10^292 |
| 33 | ov_033 | 2.1405925766662455 × 10^292 |
| 30 | ov_030 | 4.69873107697935 × 10^292 |
| 29 | ov_029 | 1.5373721773340061 × 10^293 |
| 28 | ov_028 | 3.990862947930338 × 10^293 |
| 27 | ov_027 | 8.921406443179078 × 10^293 |
| 26 | ov_026 | 1.784283291622627 × 10^294 |
| 25 | ov_025 | 3.269174680411758 × 10^294 |
| 24 | ov_024 | 5.5827545624134937 × 10^294 |
| 23 | ov_023 | 9.239187268911192 × 10^294 |
| 22 | ov_022 | 1.4837220057922332 × 10^295 |
| 21 | ov_021 | 2.3060223049368866 × 10^295 |
| 20 | ov_020 | 3.46762621224985 × 10^295 |
| 19 | ov_019 | 5.053821803990251 × 10^295 |
| 18 | ov_018 | 7.158396752299023 × 10^295 |
| 17 | ov_017 | 9.883664510122005 × 10^295 |
| 16 | ov_016 | 1.3340500765538573 × 10^296 |
| 15 | ov_015 | 1.7648392999535443 × 10^296 |
| 14 | ov_014 | 2.2935507326444218 × 10^296 |
| 13 | ov_013 | 2.933877825813342 × 10^296 |
| 12 | ov_012 | 3.700402794776424 × 10^296 |
| 11 | ov_011 | 4.6086122091546355 × 10^296 |
| 10 | ov_010 | 5.674917029141196 × 10^296 |
| 9 | ov_009 | 6.916677930867324 × 10^296 |
| 8 | ov_008 | 8.35223682696527 × 10^296 |
| 7 | ov_007 | 1.0000955552045904 × 10^297 |
| 6 | ov_006 | 1.1883262747144421 × 10^297 |
| 5 | ov_005 | 1.402071004248058 × 10^297 |
| 4 | ov_004 | 1.6436038704421432 × 10^297 |
| 3 | ov_003 | 1.915325789923902 × 10^297 |
| 2 | ov_002 | 2.219773554757782 × 10^297 |
| 1 | ov_001 | 2.5596302644259492 × 10^297 |

