# Results for F001-F002-F003-F004-F005-F006-F007-F008-F009-F010-F011-F012-F013-F014-F015-F016-F017-F018-F019-F020-F021-F022-F023-F024-F025-F026-F027-F028-F029-F030-F031-F032-F033-F034-F035-F036-F037-F038-F039-F040-F041-F042-F043-F044-F045-F046-F047-F048-F049-F050-F051-F052-F053-F054-F055-F056-F057-F058-F059-F060-F061-F062-F063-F064-F065-F066-F067-F068-F069-F070-F071-F072-F073-F074-F075-F076-F077-F078-F079-F080-F081-F082-F083-F084-F085-F086-F087-F088-F089-F090-F091-F092-F093-F094-F095-F096-F097-F098-F099-F100-F101-F102-F103-F104-F105-F106-F107-F108-F109-F110-F111-F112-F113-F114-F115-F116-F117-F118-F119-F120-F121-F122-F123-F124-F125-F126-F127-F128-F129-F130-F131-F132-F133-F134-F135-F136-F137-F138-F139-F140-F141-F142-F143-F144-F145-F146-F147-F148-F149-F150-F151-F152-F153-F154-F155-F156-F157-F158-F159-F160-F161-F162-F163-F164-F165-F166-F167-F168-F169-F170-F171-F172-F173-F174-F175-F176-F177-F178-F179-F180-F181-F182-F183-F184-F185-F186-F187-F188-F189-F190-F191-F192-F193-F194-F195-F196-F197-F198-F199-F200-F201-F202-F203-F204-F205-F206-F207-F208-F209-F210-F211-F212-F213-F214-F215-F216-F217-F218-F219-F220-F221-F222-F223-F224-F225-F226-F227-F228-F229-F230-F231-F232-F233-F234-F235-F236-F237-F238-F239-F240-F241-F242-F243-F244-F245-F246-F247-F248-F249-F250-F251-F252-F253-F254-F255-F256-F257-F258-F259-F260-F261-F262-F263-F264-F265-F266-F267-F268-F269-F270-F271-F272-F273-F274-F275-F276-F277-F278-F279-F280-F281-F282-F283-F284-F285-F286-F287-F288-F289-F290-F291-F292-F293-F294-F295-F296-F297-F298-F299-F300-F301-F302-F303-F304-F305-F306-F307-F308-F309-F310-F311-F312-F313-F314-F315-F316-F317-F318-F319-F320-F321-F322-F323-F324-F325-F326-F327-F328-F329-F330-F331-F332-F333-F334-F335-F336-F337-F338-F339-F340-F341-F342-F343-F344-F345-F346-F347-F348-F349-F350-F351-F352-F353-F354-F355-F356-F357-F358-F359-F360-F361-F362-F363-F364-F365-F366-F367-F368-F369-F370-F371-F372-F373-F374-F375-F376-F377-F378-F379-F380-F381-F382-F383-F384-F385-F386-F387-F388-F389-F390-F391-F392-F393-F394-F395-F396-F397-F398-F399-F400-F401-F402-F403-F404-F405-F406-F407-F408-F409-F410-F411-F412-F413-F414-F415-F416-F417-F418-F419-F420-F421-F422-F423-F424-F425-F426-F427-F428-F429-F430-F431-F432-F433-F434-F435-F436-F437-F438-F439-F440-F441-F442-F443-F444-F445-F446-F447-F448-F449-F450-F451-F452-F453-F454-F455-F456-F457-F458-F459-F460-F461-F462-F463-F464-F465-F466-F467-F468-F469-F470-F471-F472-F473-F474-F475-F476-F477-F478-F479-F480-F481-F482-F483-F484-F485-F486-F487-F488-F489-F490-F491-F492-F493-F494-F495-F496-E499505-E507509-F510-F511-F512

## Summary

Number of input bits: 512  
Number of free input bits: 11  
Number of output bits: 160

Number of direct occurrences: 44364  
Number of assignments: 31317  
Number of operations: 10947743
(xor: 10919592,
and: 14757,
or: 13394)

Total complexity: 9.103093046868238 × 10^298

Least occurring input variable: iv_502 (3854)  
Most occurring input variable: iv_507 (4262)

Most co-occurring input variables: iv_497-iv_501 (1989)  
Least co-occurring input variables: iv_498-iv_502 (1747)

Potentially most occurring input variable: iv_503/iv_507 (4553)  
Potentially least occurring input variable: iv_499/iv_504 (4093)

Least output occurring input variable: iv_499 (57)  
Most output occurring input variable: iv_497 (93)

Most output co-occurring input variables: iv_497-iv_502 (52)  
Least output co-occurring input variables: iv_499-iv_501 (25)

Potentially most output occurring input variable: iv_497/iv_499 (92)  
Potentially least output occurring input variable: iv_498/iv_507 (65)

Least complex input bit: iv_497 (2.6586635116383414 × 10^296)  
Most complex input bit: iv_507 (2.5003876060101366 × 10^298)

Least complex output bit: aaa_76_29 (1.8336876172925195 × 10^274)  
Most complex output bit: ov_001 (1.4437594082590996 × 10^298)

Least complex input/output complexity: iv_497/aaa_76_29 (5.355496571042839 × 10^271)  
Most complex input/output complexity: iv_507/ov_001 (3.965639054643661 × 10^297)

## Input Bits

### Input Bits in Regular Order

| Input Bit | Complexity | Occurrences | Output Occurrences |
|:---------:|:----------:|:-----------:|:------------------:|
| iv_497 | 2.6586635116383414 × 10^296 | 4113 | 93 |
| iv_498 | 5.296000678486242 × 10^296 | 3907 | 88 |
| iv_499 | 1.6737997984833427 × 10^298 | 4141 | 57 |
| iv_500 | 1.565296569002188 × 10^297 | 4082 | 76 |
| iv_501 | 2.5784354119929308 × 10^297 | 4047 | 83 |
| iv_502 | 4.166581511919377 × 10^297 | 3854 | 82 |
| iv_503 | 6.6205035050457 × 10^297 | 4015 | 75 |
| iv_504 | 1.0320465750962392 × 10^298 | 3902 | 78 |
| iv_506 | 7.996188712042482 × 10^297 | 3921 | 82 |
| iv_507 | 2.5003876060101366 × 10^298 | 4262 | 75 |
| iv_508 | 1.5246118543769998 × 10^298 | 4120 | 74 |

### Input Bits Sorted by Complexity

| Input Bit | Complexity | Occurrences | Output Occurrences |
|:---------:|:----------:|:-----------:|:------------------:|
| iv_497 | 2.6586635116383414 × 10^296 | 4113 | 93 |
| iv_498 | 5.296000678486242 × 10^296 | 3907 | 88 |
| iv_500 | 1.565296569002188 × 10^297 | 4082 | 76 |
| iv_501 | 2.5784354119929308 × 10^297 | 4047 | 83 |
| iv_502 | 4.166581511919377 × 10^297 | 3854 | 82 |
| iv_503 | 6.6205035050457 × 10^297 | 4015 | 75 |
| iv_506 | 7.996188712042482 × 10^297 | 3921 | 82 |
| iv_504 | 1.0320465750962392 × 10^298 | 3902 | 78 |
| iv_508 | 1.5246118543769998 × 10^298 | 4120 | 74 |
| iv_499 | 1.6737997984833427 × 10^298 | 4141 | 57 |
| iv_507 | 2.5003876060101366 × 10^298 | 4262 | 75 |

### Input Bits Sorted by Occurrences

| Input Bit | Complexity | Occurrences | Output Occurrences |
|:---------:|:----------:|:-----------:|:------------------:|
| iv_502 | 4.166581511919377 × 10^297 | 3854 | 82 |
| iv_504 | 1.0320465750962392 × 10^298 | 3902 | 78 |
| iv_498 | 5.296000678486242 × 10^296 | 3907 | 88 |
| iv_506 | 7.996188712042482 × 10^297 | 3921 | 82 |
| iv_503 | 6.6205035050457 × 10^297 | 4015 | 75 |
| iv_501 | 2.5784354119929308 × 10^297 | 4047 | 83 |
| iv_500 | 1.565296569002188 × 10^297 | 4082 | 76 |
| iv_497 | 2.6586635116383414 × 10^296 | 4113 | 93 |
| iv_508 | 1.5246118543769998 × 10^298 | 4120 | 74 |
| iv_499 | 1.6737997984833427 × 10^298 | 4141 | 57 |
| iv_507 | 2.5003876060101366 × 10^298 | 4262 | 75 |

### Input Bits Sorted by Output Occurrences

| Input Bit | Complexity | Occurrences | Output Occurrences |
|:---------:|:----------:|:-----------:|:------------------:|
| iv_499 | 1.6737997984833427 × 10^298 | 4141 | 57 |
| iv_508 | 1.5246118543769998 × 10^298 | 4120 | 74 |
| iv_507 | 2.5003876060101366 × 10^298 | 4262 | 75 |
| iv_503 | 6.6205035050457 × 10^297 | 4015 | 75 |
| iv_500 | 1.565296569002188 × 10^297 | 4082 | 76 |
| iv_504 | 1.0320465750962392 × 10^298 | 3902 | 78 |
| iv_502 | 4.166581511919377 × 10^297 | 3854 | 82 |
| iv_506 | 7.996188712042482 × 10^297 | 3921 | 82 |
| iv_501 | 2.5784354119929308 × 10^297 | 4047 | 83 |
| iv_498 | 5.296000678486242 × 10^296 | 3907 | 88 |
| iv_497 | 2.6586635116383414 × 10^296 | 4113 | 93 |

## Input Bit Co-occurrences

### Input Bit Co-occurrences Sorted by Co-occurrences

| Input Bits | Co-occurrences | Potential Occurrences | Output Co-occurrences | Potential Output Occurrences |
|:----------:|:--------------:|:---------------------:|:---------------------:|:----------------------------:|
| iv_497-iv_501 | 1989 | 4182 | 48 | 80 |
| iv_499-iv_504 | 1975 | 4093 | 27 | 81 |
| iv_497-iv_503 | 1970 | 4188 | 46 | 76 |
| iv_497-iv_500 | 1970 | 4255 | 39 | 91 |
| iv_499-iv_507 | 1967 | 4469 | 26 | 80 |
| iv_500-iv_507 | 1966 | 4412 | 35 | 81 |
| iv_499-iv_500 | 1961 | 4301 | 27 | 79 |
| iv_500-iv_501 | 1953 | 4223 | 41 | 77 |
| iv_501-iv_507 | 1953 | 4403 | 42 | 74 |
| iv_506-iv_507 | 1948 | 4287 | 42 | 73 |
| iv_497-iv_499 | 1937 | 4380 | 29 | 92 |

### Input Bit Co-occurrences Sorted by Potential Occurrences

| Input Bits | Co-occurrences | Potential Occurrences | Output Co-occurrences | Potential Output Occurrences |
|:----------:|:--------------:|:---------------------:|:---------------------:|:----------------------------:|
| iv_499-iv_504 | 1975 | 4093 | 27 | 81 |
| iv_504-iv_506 | 1859 | 4105 | 42 | 76 |
| iv_498-iv_504 | 1826 | 4157 | 46 | 74 |
| iv_497-iv_506 | 1936 | 4162 | 51 | 73 |
| iv_498-iv_506 | 1829 | 4170 | 41 | 88 |
| iv_497-iv_501 | 1989 | 4182 | 48 | 80 |
| iv_502-iv_504 | 1787 | 4182 | 42 | 76 |
| iv_502-iv_506 | 1796 | 4183 | 44 | 76 |
| iv_497-iv_502 | 1891 | 4185 | 52 | 71 |
| iv_497-iv_503 | 1970 | 4188 | 46 | 76 |
| iv_497-iv_504 | 1912 | 4191 | 50 | 71 |

### Input Bit Output Co-occurrences Sorted by Output Co-occurrences

| Input Bits | Co-occurrences | Potential Occurrences | Output Co-occurrences | Potential Output Occurrences |
|:----------:|:--------------:|:---------------------:|:---------------------:|:----------------------------:|
| iv_497-iv_502 | 1891 | 4185 | 52 | 71 |
| iv_497-iv_506 | 1936 | 4162 | 51 | 73 |
| iv_497-iv_504 | 1912 | 4191 | 50 | 71 |
| iv_497-iv_498 | 1879 | 4262 | 50 | 81 |
| iv_498-iv_507 | 1895 | 4379 | 49 | 65 |
| iv_498-iv_501 | 1853 | 4248 | 48 | 75 |
| iv_497-iv_501 | 1989 | 4182 | 48 | 80 |
| iv_497-iv_507 | 1915 | 4545 | 48 | 72 |
| iv_498-iv_508 | 1857 | 4313 | 47 | 68 |
| iv_498-iv_502 | 1747 | 4267 | 46 | 78 |
| iv_498-iv_504 | 1826 | 4157 | 46 | 74 |

### Input Bit Output Co-occurrences Sorted by Potential Output Occurrences

| Input Bits | Co-occurrences | Potential Occurrences | Output Co-occurrences | Potential Output Occurrences |
|:----------:|:--------------:|:---------------------:|:---------------------:|:----------------------------:|
| iv_498-iv_507 | 1895 | 4379 | 49 | 65 |
| iv_498-iv_508 | 1857 | 4313 | 47 | 68 |
| iv_501-iv_508 | 1923 | 4321 | 43 | 71 |
| iv_497-iv_504 | 1912 | 4191 | 50 | 71 |
| iv_497-iv_502 | 1891 | 4185 | 52 | 71 |
| iv_504-iv_508 | 1898 | 4226 | 40 | 72 |
| iv_497-iv_507 | 1915 | 4545 | 48 | 72 |
| iv_499-iv_503 | 1888 | 4380 | 30 | 72 |
| iv_507-iv_508 | 1931 | 4520 | 38 | 73 |
| iv_506-iv_507 | 1948 | 4287 | 42 | 73 |
| iv_497-iv_506 | 1936 | 4162 | 51 | 73 |

## Output Bits

### Output Bits in Regular Order

| Rank | Output Bit | Complexity |
|:----:|:----------:|:----------:|
| 1 | ov_001 | 1.4437594082590996 × 10^298 |
| 2 | ov_002 | 1.253746379131622 × 10^298 |
| 3 | ov_003 | 1.083372642011437 × 10^298 |
| 4 | ov_004 | 9.311576964583459 × 10^297 |
| 5 | ov_005 | 7.957017393082903 × 10^297 |
| 6 | ov_006 | 6.756799480067678 × 10^297 |
| 7 | ov_007 | 5.698375065281423 × 10^297 |
| 8 | ov_008 | 4.7698531393051984 × 10^297 |
| 9 | ov_009 | 3.959963194576466 × 10^297 |
| 10 | ov_010 | 3.258024232084074 × 10^297 |
| 11 | ov_011 | 2.6539188070394925 × 10^297 |
| 12 | ov_012 | 2.1380715321377888 × 10^297 |
| 13 | ov_013 | 1.7014314916457404 × 10^297 |
| 14 | ov_014 | 1.3354580536449578 × 10^297 |
| 15 | ov_015 | 1.0321096014448276 × 10^297 |
| 16 | ov_016 | 7.838347385690277 × 10^296 |
| 17 | ov_017 | 5.835655548938842 × 10^296 |
| 18 | ov_018 | 4.2471257454088816 × 10^296 |
| 19 | ov_019 | 3.0116103904627132 × 10^296 |
| 20 | ov_020 | 2.072682121811671 × 10^296 |
| 21 | ov_021 | 1.3786143905543996 × 10^296 |
| 22 | ov_022 | 8.823676323217807 × 10^295 |
| 23 | ov_023 | 5.415797051669712 × 10^295 |
| 24 | ov_024 | 3.185595996187744 × 10^295 |
| 25 | ov_025 | 1.8028359004086553 × 10^295 |
| 26 | ov_026 | 9.839312653043169 × 10^294 |
| 27 | ov_027 | 4.919384313431185 × 10^294 |
| 28 | ov_028 | 2.2004530037957895 × 10^294 |
| 29 | ov_029 | 8.475824040577238 × 10^293 |
| 30 | ov_030 | 2.59018241401056 × 10^293 |
| 31 | ov_031 | 5.049976860297272 × 10^292 |
| 32 | lv_80_m31 | 9.843809968830455 × 10^291 |
| 33 | ov_033 | 1.1801401902132664 × 10^293 |
| 34 | ov_034 | 1.0232602393279298 × 10^293 |
| 35 | ov_035 | 8.828614626718115 × 10^292 |
| 36 | ov_036 | 7.57650942001277 × 10^292 |
| 37 | ov_037 | 6.464056547552848 × 10^292 |
| 38 | ov_038 | 5.479675550592043 × 10^292 |
| 39 | ov_039 | 4.612393175590476 × 10^292 |
| 40 | ov_040 | 3.8518067987650723 × 10^292 |
| 41 | ov_041 | 3.1880532339225497 × 10^292 |
| 42 | ov_042 | 2.6117823577855986 × 10^292 |
| 43 | ov_043 | 2.1184443615880645 × 10^292 |
| 44 | ov_044 | 1.6996527753894351 × 10^292 |
| 45 | ov_045 | 1.3474788361952344 × 10^292 |
| 46 | ov_046 | 1.0544394100276059 × 10^292 |
| 47 | ov_047 | 8.13487404485194 × 10^291 |
| 48 | ov_048 | 6.180042985859094 × 10^291 |
| 49 | ov_049 | 4.61794445496223 × 10^291 |
| 50 | ov_050 | 3.390808320282125 × 10^291 |
| 51 | ov_051 | 2.4450200664831016 × 10^291 |
| 52 | ov_052 | 1.7310991529156992 × 10^291 |
| 53 | ov_053 | 1.2036841159882798 × 10^291 |
| 54 | ov_054 | 8.21522448699219 × 10^290 |
| 55 | ov_055 | 5.474638293166937 × 10^290 |
| 56 | ov_056 | 3.484557590973114 × 10^290 |
| 57 | ov_057 | 2.08996025925853 × 10^290 |
| 58 | ov_058 | 1.156295197053276 × 10^290 |
| 59 | ov_059 | 5.694771584819588 × 10^289 |
| 60 | ov_060 | 2.358843559739764 × 10^289 |
| 61 | ov_061 | 8.235757659459735 × 10^288 |
| 62 | ov_062 | 2.2581970960043154 × 10^288 |
| 63 | ov_063 | 4.399266496029389 × 10^287 |
| 64 | lv_79_m31 | 8.568525130726481 × 10^286 |
| 65 | ov_065 | 1.0222220238983074 × 10^288 |
| 66 | ov_066 | 1.0222188419869686 × 10^288 |
| 67 | ov_067 | 1.0222180632258914 × 10^288 |
| 68 | ov_068 | 8.838783649592695 × 10^287 |
| 69 | ov_069 | 7.604371484155695 × 10^287 |
| 70 | ov_070 | 6.506892292289943 × 10^287 |
| 71 | ov_071 | 5.5350358514855785 × 10^287 |
| 72 | ov_072 | 4.678183337390636 × 10^287 |
| 73 | ov_073 | 3.926361539303198 × 10^287 |
| 74 | ov_074 | 3.2702012797367085 × 10^287 |
| 75 | ov_075 | 2.7008998126174592 × 10^287 |
| 76 | ov_076 | 2.2101869820319503 × 10^287 |
| 77 | ov_077 | 1.7902949293971405 × 10^287 |
| 78 | ov_078 | 1.433931141670898 × 10^287 |
| 79 | ov_079 | 1.1342546369325425 × 10^287 |
| 80 | ov_080 | 8.848550865100721 × 10^286 |
| 81 | ov_081 | 6.797346749642496 × 10^286 |
| 82 | ov_082 | 5.132925007996118 × 10^286 |
| 83 | ov_083 | 3.8031132188496594 × 10^286 |
| 84 | ov_084 | 2.759464503429772 × 10^286 |
| 85 | ov_085 | 1.9571660220323892 × 10^286 |
| 86 | ov_086 | 1.3549650747553508 × 10^286 |
| 87 | ov_087 | 9.151108653824728 × 10^285 |
| 88 | ov_088 | 6.033099888586106 × 10^285 |
| 89 | ov_089 | 3.88693703663718 × 10^285 |
| 90 | ov_090 | 2.4379505085531792 × 10^285 |
| 91 | ov_091 | 1.445338817699936 × 10^285 |
| 92 | ov_092 | 7.97153868390279 × 10^284 |
| 93 | ov_093 | 3.983205198235368 × 10^284 |
| 94 | ov_094 | 1.706206885521258 × 10^284 |
| 95 | aaa_78_28 | 5.268685555252781 × 10^283 |
| 96 | aaa_78_29 | 1.6180770445390745 × 10^283 |
| 97 | ov_097 | 1.068578556989009 × 10^283 |
| 98 | ov_098 | 1.0685465474894624 × 10^283 |
| 99 | ov_099 | 1.068536322855871 × 10^283 |
| 100 | ov_100 | 9.615519383807435 × 10^282 |
| 101 | ov_101 | 8.624645381355877 × 10^282 |
| 102 | ov_102 | 7.708404625568935 × 10^282 |
| 103 | ov_103 | 6.862776521855443 × 10^282 |
| 104 | ov_104 | 6.084015443732056 × 10^282 |
| 105 | ov_105 | 5.368613433741681 × 10^282 |
| 106 | ov_106 | 4.713266445633795 × 10^282 |
| 107 | ov_107 | 4.114843942114629 × 10^282 |
| 108 | ov_108 | 3.570361668009924 × 10^282 |
| 109 | ov_109 | 3.0769574230428756 × 10^282 |
| 110 | ov_110 | 2.6318696617844954 × 10^282 |
| 111 | ov_111 | 2.232418750845094 × 10^282 |
| 112 | ov_112 | 1.875990715194387 × 10^282 |
| 113 | ov_113 | 1.5600233067621514 × 10^282 |
| 114 | ov_114 | 1.2819942293078257 × 10^282 |
| 115 | ov_115 | 1.0394113540703136 × 10^282 |
| 116 | ov_116 | 8.298047610198919 × 10^281 |
| 117 | ov_117 | 6.507204407161284 × 10^281 |
| 118 | ov_118 | 4.997154918872555 × 10^281 |
| 119 | ov_119 | 3.743546499190507 × 10^281 |
| 120 | ov_120 | 2.7220786661001538 × 10^281 |
| 121 | ov_121 | 1.908485672889205 × 10^281 |
| 122 | ov_122 | 1.278523674626135 × 10^281 |
| 123 | ov_123 | 8.07961666360139 × 10^280 |
| 124 | ov_124 | 4.725753694857438 × 10^280 |
| 125 | ov_125 | 2.481434436190035 × 10^280 |
| 126 | ov_126 | 1.104455539076444 × 10^280 |
| 127 | aaa_77_28 | 3.5261628994021274 × 10^279 |
| 128 | aaa_77_29 | 1.3215988477991961 × 10^279 |
| 129 | ov_129 | 1.2219020306956293 × 10^279 |
| 130 | ov_130 | 1.2218984595946933 × 10^279 |
| 131 | ov_131 | 1.221897596261326 × 10^279 |
| 132 | ov_132 | 1.0590626504925015 × 10^279 |
| 133 | ov_133 | 9.132320604220262 × 10^278 |
| 134 | ov_134 | 7.831228463518104 × 10^278 |
| 135 | ov_135 | 6.675205227409952 × 10^278 |
| 136 | ov_136 | 5.652741868172169 × 10^278 |
| 137 | ov_137 | 4.7529229312284395 × 10^278 |
| 138 | ov_138 | 3.965390484189816 × 10^278 |
| 139 | ov_139 | 3.280313647002088 × 10^278 |
| 140 | ov_140 | 2.68836311308538 × 10^278 |
| 141 | ov_141 | 2.1806901029789645 × 10^278 |
| 142 | ov_142 | 1.7489092230889913 × 10^278 |
| 143 | ov_143 | 1.385084732828728 × 10^278 |
| 144 | ov_144 | 1.0817197538598747 × 10^278 |
| 145 | ov_145 | 8.317479853810475 × 10^277 |
| 146 | ov_146 | 6.285275195313207 × 10^277 |
| 147 | ov_147 | 4.658363810258842 × 10^277 |
| 148 | ov_148 | 3.3786944514302246 × 10^277 |
| 149 | ov_149 | 2.3923641815120954 × 10^277 |
| 150 | ov_150 | 1.649605942111054 × 10^277 |
| 151 | ov_151 | 1.1047813271630458 × 10^277 |
| 152 | ov_152 | 7.163764034782501 × 10^276 |
| 153 | ov_153 | 4.4699909864272895 × 10^276 |
| 154 | ov_154 | 2.633774496621273 × 10^276 |
| 155 | ov_155 | 1.3635845405705864 × 10^276 |
| 156 | aaa_76_25 | 5.23952590434032 × 10^275 |
| 157 | aaa_76_26 | 3.0256271991567884 × 10^275 |
| 158 | aaa_76_27 | 1.5487391323021763 × 10^275 |
| 159 | aaa_76_28 | 6.02978525188174 × 10^274 |
| 160 | aaa_76_29 | 1.8336876172925195 × 10^274 |

### Output Bits Sorted by Complexity

| Rank | Output Bit | Complexity |
|:----:|:----------:|:----------:|
| 160 | aaa_76_29 | 1.8336876172925195 × 10^274 |
| 159 | aaa_76_28 | 6.02978525188174 × 10^274 |
| 158 | aaa_76_27 | 1.5487391323021763 × 10^275 |
| 157 | aaa_76_26 | 3.0256271991567884 × 10^275 |
| 156 | aaa_76_25 | 5.23952590434032 × 10^275 |
| 155 | ov_155 | 1.3635845405705864 × 10^276 |
| 154 | ov_154 | 2.633774496621273 × 10^276 |
| 153 | ov_153 | 4.4699909864272895 × 10^276 |
| 152 | ov_152 | 7.163764034782501 × 10^276 |
| 151 | ov_151 | 1.1047813271630458 × 10^277 |
| 150 | ov_150 | 1.649605942111054 × 10^277 |
| 149 | ov_149 | 2.3923641815120954 × 10^277 |
| 148 | ov_148 | 3.3786944514302246 × 10^277 |
| 147 | ov_147 | 4.658363810258842 × 10^277 |
| 146 | ov_146 | 6.285275195313207 × 10^277 |
| 145 | ov_145 | 8.317479853810475 × 10^277 |
| 144 | ov_144 | 1.0817197538598747 × 10^278 |
| 143 | ov_143 | 1.385084732828728 × 10^278 |
| 142 | ov_142 | 1.7489092230889913 × 10^278 |
| 141 | ov_141 | 2.1806901029789645 × 10^278 |
| 140 | ov_140 | 2.68836311308538 × 10^278 |
| 139 | ov_139 | 3.280313647002088 × 10^278 |
| 138 | ov_138 | 3.965390484189816 × 10^278 |
| 137 | ov_137 | 4.7529229312284395 × 10^278 |
| 136 | ov_136 | 5.652741868172169 × 10^278 |
| 135 | ov_135 | 6.675205227409952 × 10^278 |
| 134 | ov_134 | 7.831228463518104 × 10^278 |
| 133 | ov_133 | 9.132320604220262 × 10^278 |
| 132 | ov_132 | 1.0590626504925015 × 10^279 |
| 131 | ov_131 | 1.221897596261326 × 10^279 |
| 130 | ov_130 | 1.2218984595946933 × 10^279 |
| 129 | ov_129 | 1.2219020306956293 × 10^279 |
| 128 | aaa_77_29 | 1.3215988477991961 × 10^279 |
| 127 | aaa_77_28 | 3.5261628994021274 × 10^279 |
| 126 | ov_126 | 1.104455539076444 × 10^280 |
| 125 | ov_125 | 2.481434436190035 × 10^280 |
| 124 | ov_124 | 4.725753694857438 × 10^280 |
| 123 | ov_123 | 8.07961666360139 × 10^280 |
| 122 | ov_122 | 1.278523674626135 × 10^281 |
| 121 | ov_121 | 1.908485672889205 × 10^281 |
| 120 | ov_120 | 2.7220786661001538 × 10^281 |
| 119 | ov_119 | 3.743546499190507 × 10^281 |
| 118 | ov_118 | 4.997154918872555 × 10^281 |
| 117 | ov_117 | 6.507204407161284 × 10^281 |
| 116 | ov_116 | 8.298047610198919 × 10^281 |
| 115 | ov_115 | 1.0394113540703136 × 10^282 |
| 114 | ov_114 | 1.2819942293078257 × 10^282 |
| 113 | ov_113 | 1.5600233067621514 × 10^282 |
| 112 | ov_112 | 1.875990715194387 × 10^282 |
| 111 | ov_111 | 2.232418750845094 × 10^282 |
| 110 | ov_110 | 2.6318696617844954 × 10^282 |
| 109 | ov_109 | 3.0769574230428756 × 10^282 |
| 108 | ov_108 | 3.570361668009924 × 10^282 |
| 107 | ov_107 | 4.114843942114629 × 10^282 |
| 106 | ov_106 | 4.713266445633795 × 10^282 |
| 105 | ov_105 | 5.368613433741681 × 10^282 |
| 104 | ov_104 | 6.084015443732056 × 10^282 |
| 103 | ov_103 | 6.862776521855443 × 10^282 |
| 102 | ov_102 | 7.708404625568935 × 10^282 |
| 101 | ov_101 | 8.624645381355877 × 10^282 |
| 100 | ov_100 | 9.615519383807435 × 10^282 |
| 99 | ov_099 | 1.068536322855871 × 10^283 |
| 98 | ov_098 | 1.0685465474894624 × 10^283 |
| 97 | ov_097 | 1.068578556989009 × 10^283 |
| 96 | aaa_78_29 | 1.6180770445390745 × 10^283 |
| 95 | aaa_78_28 | 5.268685555252781 × 10^283 |
| 94 | ov_094 | 1.706206885521258 × 10^284 |
| 93 | ov_093 | 3.983205198235368 × 10^284 |
| 92 | ov_092 | 7.97153868390279 × 10^284 |
| 91 | ov_091 | 1.445338817699936 × 10^285 |
| 90 | ov_090 | 2.4379505085531792 × 10^285 |
| 89 | ov_089 | 3.88693703663718 × 10^285 |
| 88 | ov_088 | 6.033099888586106 × 10^285 |
| 87 | ov_087 | 9.151108653824728 × 10^285 |
| 86 | ov_086 | 1.3549650747553508 × 10^286 |
| 85 | ov_085 | 1.9571660220323892 × 10^286 |
| 84 | ov_084 | 2.759464503429772 × 10^286 |
| 83 | ov_083 | 3.8031132188496594 × 10^286 |
| 82 | ov_082 | 5.132925007996118 × 10^286 |
| 81 | ov_081 | 6.797346749642496 × 10^286 |
| 64 | lv_79_m31 | 8.568525130726481 × 10^286 |
| 80 | ov_080 | 8.848550865100721 × 10^286 |
| 79 | ov_079 | 1.1342546369325425 × 10^287 |
| 78 | ov_078 | 1.433931141670898 × 10^287 |
| 77 | ov_077 | 1.7902949293971405 × 10^287 |
| 76 | ov_076 | 2.2101869820319503 × 10^287 |
| 75 | ov_075 | 2.7008998126174592 × 10^287 |
| 74 | ov_074 | 3.2702012797367085 × 10^287 |
| 73 | ov_073 | 3.926361539303198 × 10^287 |
| 63 | ov_063 | 4.399266496029389 × 10^287 |
| 72 | ov_072 | 4.678183337390636 × 10^287 |
| 71 | ov_071 | 5.5350358514855785 × 10^287 |
| 70 | ov_070 | 6.506892292289943 × 10^287 |
| 69 | ov_069 | 7.604371484155695 × 10^287 |
| 68 | ov_068 | 8.838783649592695 × 10^287 |
| 67 | ov_067 | 1.0222180632258914 × 10^288 |
| 66 | ov_066 | 1.0222188419869686 × 10^288 |
| 65 | ov_065 | 1.0222220238983074 × 10^288 |
| 62 | ov_062 | 2.2581970960043154 × 10^288 |
| 61 | ov_061 | 8.235757659459735 × 10^288 |
| 60 | ov_060 | 2.358843559739764 × 10^289 |
| 59 | ov_059 | 5.694771584819588 × 10^289 |
| 58 | ov_058 | 1.156295197053276 × 10^290 |
| 57 | ov_057 | 2.08996025925853 × 10^290 |
| 56 | ov_056 | 3.484557590973114 × 10^290 |
| 55 | ov_055 | 5.474638293166937 × 10^290 |
| 54 | ov_054 | 8.21522448699219 × 10^290 |
| 53 | ov_053 | 1.2036841159882798 × 10^291 |
| 52 | ov_052 | 1.7310991529156992 × 10^291 |
| 51 | ov_051 | 2.4450200664831016 × 10^291 |
| 50 | ov_050 | 3.390808320282125 × 10^291 |
| 49 | ov_049 | 4.61794445496223 × 10^291 |
| 48 | ov_048 | 6.180042985859094 × 10^291 |
| 47 | ov_047 | 8.13487404485194 × 10^291 |
| 32 | lv_80_m31 | 9.843809968830455 × 10^291 |
| 46 | ov_046 | 1.0544394100276059 × 10^292 |
| 45 | ov_045 | 1.3474788361952344 × 10^292 |
| 44 | ov_044 | 1.6996527753894351 × 10^292 |
| 43 | ov_043 | 2.1184443615880645 × 10^292 |
| 42 | ov_042 | 2.6117823577855986 × 10^292 |
| 41 | ov_041 | 3.1880532339225497 × 10^292 |
| 40 | ov_040 | 3.8518067987650723 × 10^292 |
| 39 | ov_039 | 4.612393175590476 × 10^292 |
| 31 | ov_031 | 5.049976860297272 × 10^292 |
| 38 | ov_038 | 5.479675550592043 × 10^292 |
| 37 | ov_037 | 6.464056547552848 × 10^292 |
| 36 | ov_036 | 7.57650942001277 × 10^292 |
| 35 | ov_035 | 8.828614626718115 × 10^292 |
| 34 | ov_034 | 1.0232602393279298 × 10^293 |
| 33 | ov_033 | 1.1801401902132664 × 10^293 |
| 30 | ov_030 | 2.59018241401056 × 10^293 |
| 29 | ov_029 | 8.475824040577238 × 10^293 |
| 28 | ov_028 | 2.2004530037957895 × 10^294 |
| 27 | ov_027 | 4.919384313431185 × 10^294 |
| 26 | ov_026 | 9.839312653043169 × 10^294 |
| 25 | ov_025 | 1.8028359004086553 × 10^295 |
| 24 | ov_024 | 3.185595996187744 × 10^295 |
| 23 | ov_023 | 5.415797051669712 × 10^295 |
| 22 | ov_022 | 8.823676323217807 × 10^295 |
| 21 | ov_021 | 1.3786143905543996 × 10^296 |
| 20 | ov_020 | 2.072682121811671 × 10^296 |
| 19 | ov_019 | 3.0116103904627132 × 10^296 |
| 18 | ov_018 | 4.2471257454088816 × 10^296 |
| 17 | ov_017 | 5.835655548938842 × 10^296 |
| 16 | ov_016 | 7.838347385690277 × 10^296 |
| 15 | ov_015 | 1.0321096014448276 × 10^297 |
| 14 | ov_014 | 1.3354580536449578 × 10^297 |
| 13 | ov_013 | 1.7014314916457404 × 10^297 |
| 12 | ov_012 | 2.1380715321377888 × 10^297 |
| 11 | ov_011 | 2.6539188070394925 × 10^297 |
| 10 | ov_010 | 3.258024232084074 × 10^297 |
| 9 | ov_009 | 3.959963194576466 × 10^297 |
| 8 | ov_008 | 4.7698531393051984 × 10^297 |
| 7 | ov_007 | 5.698375065281423 × 10^297 |
| 6 | ov_006 | 6.756799480067678 × 10^297 |
| 5 | ov_005 | 7.957017393082903 × 10^297 |
| 4 | ov_004 | 9.311576964583459 × 10^297 |
| 3 | ov_003 | 1.083372642011437 × 10^298 |
| 2 | ov_002 | 1.253746379131622 × 10^298 |
| 1 | ov_001 | 1.4437594082590996 × 10^298 |

