# Results for F001-F002-F003-F004-F005-F006-F007-F008-F009-F010-F011-F012-F013-F014-F015-F016-F017-F018-F019-F020-F021-F022-F023-F024-F025-F026-F027-F028-F029-F030-F031-F032-F033-F034-F035-F036-F037-F038-F039-F040-F041-F042-F043-F044-F045-F046-F047-F048-F049-F050-F051-F052-F053-F054-F055-F056-F057-F058-F059-F060-F061-F062-F063-F064-F065-F066-F067-F068-F069-F070-F071-F072-F073-F074-F075-F076-F077-F078-F079-F080-F081-F082-F083-F084-F085-F086-F087-F088-F089-F090-F091-F092-F093-F094-F095-F096-F097-F098-F099-F100-F101-F102-F103-F104-F105-F106-F107-F108-F109-F110-F111-F112-F113-F114-F115-F116-F117-F118-F119-F120-F121-F122-F123-F124-F125-F126-F127-F128-F129-F130-F131-F132-F133-F134-F135-F136-F137-F138-F139-F140-F141-F142-F143-F144-F145-F146-F147-F148-F149-F150-F151-F152-F153-F154-F155-F156-F157-F158-F159-F160-F161-F162-F163-F164-F165-F166-F167-F168-F169-F170-F171-F172-F173-F174-F175-F176-F177-F178-F179-F180-F181-F182-F183-F184-F185-F186-F187-F188-F189-F190-F191-F192-F193-F194-F195-F196-F197-F198-F199-F200-F201-F202-F203-F204-F205-F206-F207-F208-F209-F210-F211-F212-F213-F214-F215-F216-F217-F218-F219-F220-F221-F222-F223-F224-F225-F226-F227-F228-F229-F230-F231-F232-F233-F234-F235-F236-F237-F238-F239-F240-F241-F242-F243-F244-F245-F246-F247-F248-F249-F250-F251-F252-F253-F254-F255-F256-F257-F258-F259-F260-F261-F262-F263-F264-F265-F266-F267-F268-F269-F270-F271-F272-F273-F274-F275-F276-F277-F278-F279-F280-F281-F282-F283-F284-F285-F286-F287-F288-F289-F290-F291-F292-F293-F294-F295-F296-F297-F298-F299-F300-F301-F302-F303-F304-F305-F306-F307-F308-F309-F310-F311-F312-F313-F314-F315-F316-F317-F318-F319-F320-F321-F322-F323-F324-F325-F326-F327-F328-F329-F330-F331-F332-F333-F334-F335-F336-F337-F338-F339-F340-F341-F342-F343-F344-F345-F346-F347-F348-F349-F350-F351-F352-F353-F354-F355-F356-F357-F358-F359-F360-F361-F362-F363-F364-F365-F366-F367-F368-F369-F370-F371-F372-F373-F374-F375-F376-F377-F378-F379-F380-F381-F382-F383-F384-F385-F386-F387-F388-F389-F390-F391-F392-F393-F394-F395-F396-F397-F398-F399-F400-F401-F402-F403-F404-F405-F406-F407-F408-F409-F410-F411-F412-F413-F414-F415-F416-F417-F418-F419-F420-F421-F422-F423-F424-F425-F426-F427-F428-F429-F430-F431-F432-F433-F434-F435-F436-F437-F438-F439-F440-F441-F442-F443-F444-F445-F446-F447-F448-F449-F450-F451-F452-F453-F454-F455-F456-F457-F458-F459-F460-F461-F462-F463-F464-F465-F466-F467-F468-F469-F470-F471-F472-F473-F474-F475-F476-F477-F478-F479-F480-F481-F482-F483-F484-F485-F486-F487-F488-F489-F490-F491-F492-F493-F494-F495-F496-O499504-O499505-F510-F511-F512

## Summary

Number of input bits: 512  
Number of free input bits: 11  
Number of output bits: 160

Number of direct occurrences: 44992  
Number of assignments: 31391  
Number of operations: 11025346
(xor: 10997157,
and: 14784,
or: 13405)

Total complexity: 9.55680512349131 × 10^299

Least occurring input variable: iv_502 (3829)  
Most occurring input variable: iv_499 (4439)

Most co-occurring input variables: iv_499-iv_509 (2076)  
Least co-occurring input variables: iv_498-iv_502 (1729)

Potentially most occurring input variable: iv_497/iv_499 (4565)  
Potentially least occurring input variable: iv_506/iv_507 (4151)

Least output occurring input variable: iv_508 (73)  
Most output occurring input variable: iv_497 (93)

Most output co-occurring input variables: iv_497-iv_499 (55)  
Least output co-occurring input variables: iv_502-iv_508 (30)

Potentially most output occurring input variable: iv_503/iv_509 (94)  
Potentially least output occurring input variable: iv_497/iv_499 (67)

Least complex input bit: iv_497 (3.2179518597454094 × 10^297)  
Most complex input bit: iv_509 (1.8725336731858962 × 10^299)

Least complex output bit: aaa_76_29 (7.447989532255153 × 10^274)  
Most complex output bit: ov_001 (1.5157201451242651 × 10^299)

Least complex input/output complexity: iv_497/aaa_76_29 (2.5078749076688326 × 10^272)  
Most complex input/output complexity: iv_509/ov_001 (2.969859669833393 × 10^298)

## Input Bits

### Input Bits in Regular Order

| Input Bit | Complexity | Occurrences | Output Occurrences |
|:---------:|:----------:|:-----------:|:------------------:|
| iv_497 | 3.2179518597454094 × 10^297 | 4122 | 93 |
| iv_498 | 6.410091069420744 × 10^297 | 3910 | 84 |
| iv_499 | 1.578077971200485 × 10^299 | 4439 | 84 |
| iv_500 | 1.8945793565917382 × 10^298 | 4102 | 76 |
| iv_501 | 3.1208466182104484 × 10^298 | 4067 | 83 |
| iv_502 | 5.043082235254125 × 10^298 | 3829 | 75 |
| iv_503 | 8.013222234875568 × 10^298 | 4044 | 82 |
| iv_506 | 9.678302735245244 × 10^298 | 3944 | 81 |
| iv_507 | 1.3895737083743657 × 10^299 | 4161 | 76 |
| iv_508 | 1.8453360234211967 × 10^299 | 4165 | 73 |
| iv_509 | 1.8725336731858962 × 10^299 | 4209 | 84 |

### Input Bits Sorted by Complexity

| Input Bit | Complexity | Occurrences | Output Occurrences |
|:---------:|:----------:|:-----------:|:------------------:|
| iv_497 | 3.2179518597454094 × 10^297 | 4122 | 93 |
| iv_498 | 6.410091069420744 × 10^297 | 3910 | 84 |
| iv_500 | 1.8945793565917382 × 10^298 | 4102 | 76 |
| iv_501 | 3.1208466182104484 × 10^298 | 4067 | 83 |
| iv_502 | 5.043082235254125 × 10^298 | 3829 | 75 |
| iv_503 | 8.013222234875568 × 10^298 | 4044 | 82 |
| iv_506 | 9.678302735245244 × 10^298 | 3944 | 81 |
| iv_507 | 1.3895737083743657 × 10^299 | 4161 | 76 |
| iv_499 | 1.578077971200485 × 10^299 | 4439 | 84 |
| iv_508 | 1.8453360234211967 × 10^299 | 4165 | 73 |
| iv_509 | 1.8725336731858962 × 10^299 | 4209 | 84 |

### Input Bits Sorted by Occurrences

| Input Bit | Complexity | Occurrences | Output Occurrences |
|:---------:|:----------:|:-----------:|:------------------:|
| iv_502 | 5.043082235254125 × 10^298 | 3829 | 75 |
| iv_498 | 6.410091069420744 × 10^297 | 3910 | 84 |
| iv_506 | 9.678302735245244 × 10^298 | 3944 | 81 |
| iv_503 | 8.013222234875568 × 10^298 | 4044 | 82 |
| iv_501 | 3.1208466182104484 × 10^298 | 4067 | 83 |
| iv_500 | 1.8945793565917382 × 10^298 | 4102 | 76 |
| iv_497 | 3.2179518597454094 × 10^297 | 4122 | 93 |
| iv_507 | 1.3895737083743657 × 10^299 | 4161 | 76 |
| iv_508 | 1.8453360234211967 × 10^299 | 4165 | 73 |
| iv_509 | 1.8725336731858962 × 10^299 | 4209 | 84 |
| iv_499 | 1.578077971200485 × 10^299 | 4439 | 84 |

### Input Bits Sorted by Output Occurrences

| Input Bit | Complexity | Occurrences | Output Occurrences |
|:---------:|:----------:|:-----------:|:------------------:|
| iv_508 | 1.8453360234211967 × 10^299 | 4165 | 73 |
| iv_502 | 5.043082235254125 × 10^298 | 3829 | 75 |
| iv_500 | 1.8945793565917382 × 10^298 | 4102 | 76 |
| iv_507 | 1.3895737083743657 × 10^299 | 4161 | 76 |
| iv_506 | 9.678302735245244 × 10^298 | 3944 | 81 |
| iv_503 | 8.013222234875568 × 10^298 | 4044 | 82 |
| iv_501 | 3.1208466182104484 × 10^298 | 4067 | 83 |
| iv_509 | 1.8725336731858962 × 10^299 | 4209 | 84 |
| iv_498 | 6.410091069420744 × 10^297 | 3910 | 84 |
| iv_499 | 1.578077971200485 × 10^299 | 4439 | 84 |
| iv_497 | 3.2179518597454094 × 10^297 | 4122 | 93 |

## Input Bit Co-occurrences

### Input Bit Co-occurrences Sorted by Co-occurrences

| Input Bits | Co-occurrences | Potential Occurrences | Output Co-occurrences | Potential Output Occurrences |
|:----------:|:--------------:|:---------------------:|:---------------------:|:----------------------------:|
| iv_499-iv_509 | 2076 | 4496 | 44 | 80 |
| iv_508-iv_509 | 2070 | 4234 | 37 | 83 |
| iv_499-iv_501 | 2050 | 4406 | 41 | 85 |
| iv_499-iv_500 | 2044 | 4453 | 40 | 80 |
| iv_507-iv_509 | 2040 | 4290 | 42 | 76 |
| iv_497-iv_507 | 2036 | 4211 | 46 | 77 |
| iv_499-iv_503 | 2035 | 4413 | 46 | 74 |
| iv_499-iv_508 | 2033 | 4538 | 37 | 83 |
| iv_499-iv_507 | 2033 | 4534 | 42 | 76 |
| iv_501-iv_509 | 2007 | 4262 | 42 | 83 |
| iv_497-iv_509 | 2001 | 4329 | 45 | 87 |

### Input Bit Co-occurrences Sorted by Potential Occurrences

| Input Bits | Co-occurrences | Potential Occurrences | Output Co-occurrences | Potential Output Occurrences |
|:----------:|:--------------:|:---------------------:|:---------------------:|:----------------------------:|
| iv_506-iv_507 | 1977 | 4151 | 39 | 79 |
| iv_501-iv_503 | 1967 | 4177 | 48 | 69 |
| iv_498-iv_506 | 1837 | 4180 | 39 | 87 |
| iv_497-iv_506 | 1939 | 4188 | 53 | 68 |
| iv_500-iv_502 | 1871 | 4189 | 35 | 81 |
| iv_497-iv_501 | 1999 | 4191 | 50 | 76 |
| iv_502-iv_506 | 1789 | 4195 | 40 | 76 |
| iv_497-iv_507 | 2036 | 4211 | 46 | 77 |
| iv_502-iv_507 | 1887 | 4216 | 38 | 75 |
| iv_503-iv_506 | 1884 | 4220 | 41 | 81 |
| iv_497-iv_503 | 1973 | 4220 | 45 | 85 |

### Input Bit Output Co-occurrences Sorted by Output Co-occurrences

| Input Bits | Co-occurrences | Potential Occurrences | Output Co-occurrences | Potential Output Occurrences |
|:----------:|:--------------:|:---------------------:|:---------------------:|:----------------------------:|
| iv_497-iv_499 | 1998 | 4565 | 55 | 67 |
| iv_497-iv_506 | 1939 | 4188 | 53 | 68 |
| iv_497-iv_501 | 1999 | 4191 | 50 | 76 |
| iv_498-iv_499 | 1938 | 4473 | 49 | 70 |
| iv_498-iv_503 | 1851 | 4252 | 48 | 70 |
| iv_501-iv_503 | 1967 | 4177 | 48 | 69 |
| iv_497-iv_498 | 1877 | 4278 | 48 | 81 |
| iv_498-iv_501 | 1855 | 4267 | 46 | 75 |
| iv_499-iv_503 | 2035 | 4413 | 46 | 74 |
| iv_497-iv_507 | 2036 | 4211 | 46 | 77 |
| iv_499-iv_506 | 1975 | 4433 | 46 | 73 |

### Input Bit Output Co-occurrences Sorted by Potential Output Occurrences

| Input Bits | Co-occurrences | Potential Occurrences | Output Co-occurrences | Potential Output Occurrences |
|:----------:|:--------------:|:---------------------:|:---------------------:|:----------------------------:|
| iv_497-iv_499 | 1998 | 4565 | 55 | 67 |
| iv_497-iv_506 | 1939 | 4188 | 53 | 68 |
| iv_501-iv_503 | 1967 | 4177 | 48 | 69 |
| iv_498-iv_499 | 1938 | 4473 | 49 | 70 |
| iv_498-iv_503 | 1851 | 4252 | 48 | 70 |
| iv_500-iv_503 | 1962 | 4222 | 44 | 70 |
| iv_507-iv_508 | 1958 | 4410 | 38 | 73 |
| iv_499-iv_506 | 1975 | 4433 | 46 | 73 |
| iv_499-iv_503 | 2035 | 4413 | 46 | 74 |
| iv_503-iv_507 | 1929 | 4347 | 42 | 74 |
| iv_498-iv_501 | 1855 | 4267 | 46 | 75 |

## Output Bits

### Output Bits in Regular Order

| Rank | Output Bit | Complexity |
|:----:|:----------:|:----------:|
| 1 | ov_001 | 1.5157201451242651 × 10^299 |
| 2 | ov_002 | 1.3162359283360543 × 10^299 |
| 3 | ov_003 | 1.1373700263677338 × 10^299 |
| 4 | ov_004 | 9.77568116441268 × 10^298 |
| 5 | ov_005 | 8.353605990871078 × 10^298 |
| 6 | ov_006 | 7.093565963580613 × 10^298 |
| 7 | ov_007 | 5.982387296119754 × 10^298 |
| 8 | ov_008 | 5.007586139281813 × 10^298 |
| 9 | ov_009 | 4.157330102770079 × 10^298 |
| 10 | ov_010 | 3.420405714281903 × 10^298 |
| 11 | ov_011 | 2.7861911686032186 × 10^298 |
| 12 | ov_012 | 2.244633756418259 × 10^298 |
| 13 | ov_013 | 1.7862313988940548 × 10^298 |
| 14 | ov_014 | 1.4020177498866463 × 10^298 |
| 15 | ov_015 | 1.0835503629728825 × 10^298 |
| 16 | ov_016 | 8.22901455551356 × 10^297 |
| 17 | ov_017 | 6.126508370689795 × 10^297 |
| 18 | ov_018 | 4.458806030849167 × 10^297 |
| 19 | ov_019 | 3.1617123143149657 × 10^297 |
| 20 | ov_020 | 2.175987512080274 × 10^297 |
| 21 | ov_021 | 1.4473270390098254 × 10^297 |
| 22 | ov_022 | 9.263469055983934 × 10^296 |
| 23 | ov_023 | 5.685736713165999 × 10^296 |
| 24 | ov_024 | 3.3443783522305973 × 10^296 |
| 25 | ov_025 | 1.89269791376802 × 10^296 |
| 26 | ov_026 | 1.0329761310150162 × 10^296 |
| 27 | ov_027 | 5.164601040248324 × 10^295 |
| 28 | ov_028 | 2.3101420888133151 × 10^295 |
| 29 | ov_029 | 8.898342533420901 × 10^294 |
| 30 | ov_030 | 2.7193061900816202 × 10^294 |
| 31 | ov_031 | 5.301732334466941 × 10^293 |
| 32 | lv_80_m31 | 1.0334567053721335 × 10^293 |
| 33 | ov_033 | 1.2390132747970772 × 10^294 |
| 34 | ov_034 | 1.0743164591144187 × 10^294 |
| 35 | ov_035 | 9.269211048530672 × 10^293 |
| 36 | ov_036 | 7.954700538521755 × 10^293 |
| 37 | ov_037 | 6.786795025779526 × 10^293 |
| 38 | ov_038 | 5.753338320344384 × 10^293 |
| 39 | ov_039 | 4.842811380352055 × 10^293 |
| 40 | ov_040 | 4.044293943064009 × 10^293 |
| 41 | ov_041 | 3.3474318442532333 × 10^293 |
| 42 | ov_042 | 2.7424094205026914 × 10^293 |
| 43 | ov_043 | 2.2244503148889045 × 10^293 |
| 44 | ov_044 | 1.7847505790618518 × 10^293 |
| 45 | ov_045 | 1.4149869185834316 × 10^293 |
| 46 | ov_046 | 1.107304039292148 × 10^293 |
| 47 | ov_047 | 8.543045448346 × 10^292 |
| 48 | ov_048 | 6.490409965784934 × 10^292 |
| 49 | ov_049 | 4.85009821821437 × 10^292 |
| 50 | ov_050 | 3.56146787142965 × 10^292 |
| 51 | ov_051 | 2.5682374096352177 × 10^292 |
| 52 | ov_052 | 1.8184633823841195 × 10^292 |
| 53 | ov_053 | 1.2645249076195153 × 10^292 |
| 54 | ov_054 | 8.631132736453858 × 10^291 |
| 55 | ov_055 | 5.752250779846883 × 10^291 |
| 56 | ov_056 | 3.661578789707365 × 10^291 |
| 57 | ov_057 | 2.1963528365908955 × 10^291 |
| 58 | ov_058 | 1.2152961860781684 × 10^291 |
| 59 | ov_059 | 5.986144566465265 × 10^290 |
| 60 | ov_060 | 2.479934344189018 × 10^290 |
| 61 | ov_061 | 8.659828943657536 × 10^289 |
| 62 | ov_062 | 2.3747718365012375 × 10^289 |
| 63 | ov_063 | 4.6268701249947434 × 10^288 |
| 64 | lv_79_m31 | 9.012629719057939 × 10^287 |
| 65 | ov_065 | 1.0731421901523368 × 10^289 |
| 66 | ov_066 | 1.0731395060768136 × 10^289 |
| 67 | ov_067 | 1.0731388755233168 × 10^289 |
| 68 | ov_068 | 9.282237240986428 × 10^288 |
| 69 | ov_069 | 7.987016563150761 × 10^288 |
| 70 | ov_070 | 6.834054774991527 × 10^288 |
| 71 | ov_071 | 5.812236148350911 × 10^288 |
| 72 | ov_072 | 4.9109731760298854 × 10^288 |
| 73 | ov_073 | 4.1201844761873225 × 10^288 |
| 74 | ov_074 | 3.4302768056595065 × 10^288 |
| 75 | ov_075 | 2.8321296682423644 × 10^288 |
| 76 | ov_076 | 2.3170816377118215 × 10^288 |
| 77 | ov_077 | 1.87691811462783 × 10^288 |
| 78 | ov_078 | 1.503860433125154 × 10^288 |
| 79 | ov_079 | 1.1905562354018968 × 10^288 |
| 80 | ov_080 | 9.300710327730572 × 10^287 |
| 81 | ov_081 | 7.158808730229916 × 10^287 |
| 82 | ov_082 | 5.4186603442425314 × 10^287 |
| 83 | ov_083 | 4.023056672421482 × 10^287 |
| 84 | ov_084 | 2.918733038599647 × 10^287 |
| 85 | ov_085 | 2.0563315887704492 × 10^287 |
| 86 | ov_086 | 1.4121459457764677 × 10^287 |
| 87 | ov_087 | 9.445485777227429 × 10^286 |
| 88 | ov_088 | 6.157473305974048 × 10^286 |
| 89 | ov_089 | 3.9177218607440234 × 10^286 |
| 90 | ov_090 | 2.4246600059081105 × 10^286 |
| 91 | ov_091 | 1.4147844289499954 × 10^286 |
| 92 | ov_092 | 7.65854680751789 × 10^285 |
| 93 | ov_093 | 3.74639619048 × 10^285 |
| 94 | ov_094 | 1.5691096056509203 × 10^285 |
| 95 | aaa_78_28 | 4.7440645800483155 × 10^284 |
| 96 | aaa_78_29 | 1.4096364746971005 × 10^284 |
| 97 | ov_097 | 7.931756539432667 × 10^283 |
| 98 | ov_098 | 7.931626524693348 × 10^283 |
| 99 | ov_099 | 7.931584994738495 × 10^283 |
| 100 | ov_100 | 6.475700685071716 × 10^283 |
| 101 | ov_101 | 5.272312029766325 × 10^283 |
| 102 | ov_102 | 4.289494480909223 × 10^283 |
| 103 | ov_103 | 3.4970794491994743 × 10^283 |
| 104 | ov_104 | 2.866525952071738 × 10^283 |
| 105 | ov_105 | 2.3708089283923145 × 10^283 |
| 106 | ov_106 | 1.9843227031276647 × 10^283 |
| 107 | ov_107 | 1.6827981636116462 × 10^283 |
| 108 | ov_108 | 1.4432322844612265 × 10^283 |
| 109 | ov_109 | 1.2438287113659745 × 10^283 |
| 110 | ov_110 | 1.0639481853811596 × 10^283 |
| 111 | ov_111 | 9.02507765334595 × 10^282 |
| 112 | ov_112 | 7.584511788699252 × 10^282 |
| 113 | ov_113 | 6.307431638537693 × 10^282 |
| 114 | ov_114 | 5.18364685606448 × 10^282 |
| 115 | ov_115 | 4.2030896273881744 × 10^282 |
| 116 | ov_116 | 3.355782345039216 × 10^282 |
| 117 | ov_117 | 2.6318120264609114 × 10^282 |
| 118 | ov_118 | 2.0213108077542674 × 10^282 |
| 119 | ov_119 | 1.5144418432509432 × 10^282 |
| 120 | ov_120 | 1.1013894750721618 × 10^282 |
| 121 | ov_121 | 7.723521539674917 × 10^281 |
| 122 | ov_122 | 5.1753722665287385 × 10^281 |
| 123 | ov_123 | 3.2715725512961965 × 10^281 |
| 124 | ov_124 | 1.914275334756019 × 10^281 |
| 125 | ov_125 | 1.0056454920224094 × 10^281 |
| 126 | ov_126 | 4.478519824326957 × 10^280 |
| 127 | aaa_77_28 | 1.430648355747853 × 10^280 |
| 128 | aaa_77_29 | 5.36573541151304 × 10^279 |
| 129 | ov_129 | 4.9494159384280233 × 10^279 |
| 130 | ov_130 | 4.949401433491555 × 10^279 |
| 131 | ov_131 | 4.949397926843082 × 10^279 |
| 132 | ov_132 | 4.294827566666114 × 10^279 |
| 133 | ov_133 | 3.707049641361694 × 10^279 |
| 134 | ov_134 | 3.180853001947105 × 10^279 |
| 135 | ov_135 | 2.711304705913445 × 10^279 |
| 136 | ov_136 | 2.2960051573479373 × 10^279 |
| 137 | ov_137 | 1.9305207662182597 × 10^279 |
| 138 | ov_138 | 1.610644394335706 × 10^279 |
| 139 | ov_139 | 1.332382979248084 × 10^279 |
| 140 | ov_140 | 1.0919471853512894 × 10^279 |
| 141 | ov_141 | 8.857428553758278 × 10^278 |
| 142 | ov_142 | 7.103640480303984 × 10^278 |
| 143 | ov_143 | 5.625874600509512 × 10^278 |
| 144 | ov_144 | 4.393680432590678 × 10^278 |
| 145 | ov_145 | 3.378356395152621 × 10^278 |
| 146 | ov_146 | 2.552924686875274 × 10^278 |
| 147 | ov_147 | 1.8921131696069737 × 10^278 |
| 148 | ov_148 | 1.3723428499831829 × 10^278 |
| 149 | ov_149 | 9.717196764164974 × 10^277 |
| 150 | ov_150 | 6.70029489937329 × 10^277 |
| 151 | ov_151 | 4.487350889292003 × 10^277 |
| 152 | ov_152 | 2.9097453153654824 × 10^277 |
| 153 | ov_153 | 1.8156007469441482 × 10^277 |
| 154 | ov_154 | 1.0697746277045687 × 10^277 |
| 155 | ov_155 | 5.538546090805907 × 10^276 |
| 156 | aaa_76_25 | 2.1281669637452276 × 10^276 |
| 157 | aaa_76_26 | 1.2289355883364382 × 10^276 |
| 158 | aaa_76_27 | 6.290598647665087 × 10^275 |
| 159 | aaa_76_28 | 2.449150935756003 × 10^275 |
| 160 | aaa_76_29 | 7.447989532255153 × 10^274 |

### Output Bits Sorted by Complexity

| Rank | Output Bit | Complexity |
|:----:|:----------:|:----------:|
| 160 | aaa_76_29 | 7.447989532255153 × 10^274 |
| 159 | aaa_76_28 | 2.449150935756003 × 10^275 |
| 158 | aaa_76_27 | 6.290598647665087 × 10^275 |
| 157 | aaa_76_26 | 1.2289355883364382 × 10^276 |
| 156 | aaa_76_25 | 2.1281669637452276 × 10^276 |
| 155 | ov_155 | 5.538546090805907 × 10^276 |
| 154 | ov_154 | 1.0697746277045687 × 10^277 |
| 153 | ov_153 | 1.8156007469441482 × 10^277 |
| 152 | ov_152 | 2.9097453153654824 × 10^277 |
| 151 | ov_151 | 4.487350889292003 × 10^277 |
| 150 | ov_150 | 6.70029489937329 × 10^277 |
| 149 | ov_149 | 9.717196764164974 × 10^277 |
| 148 | ov_148 | 1.3723428499831829 × 10^278 |
| 147 | ov_147 | 1.8921131696069737 × 10^278 |
| 146 | ov_146 | 2.552924686875274 × 10^278 |
| 145 | ov_145 | 3.378356395152621 × 10^278 |
| 144 | ov_144 | 4.393680432590678 × 10^278 |
| 143 | ov_143 | 5.625874600509512 × 10^278 |
| 142 | ov_142 | 7.103640480303984 × 10^278 |
| 141 | ov_141 | 8.857428553758278 × 10^278 |
| 140 | ov_140 | 1.0919471853512894 × 10^279 |
| 139 | ov_139 | 1.332382979248084 × 10^279 |
| 138 | ov_138 | 1.610644394335706 × 10^279 |
| 137 | ov_137 | 1.9305207662182597 × 10^279 |
| 136 | ov_136 | 2.2960051573479373 × 10^279 |
| 135 | ov_135 | 2.711304705913445 × 10^279 |
| 134 | ov_134 | 3.180853001947105 × 10^279 |
| 133 | ov_133 | 3.707049641361694 × 10^279 |
| 132 | ov_132 | 4.294827566666114 × 10^279 |
| 131 | ov_131 | 4.949397926843082 × 10^279 |
| 130 | ov_130 | 4.949401433491555 × 10^279 |
| 129 | ov_129 | 4.9494159384280233 × 10^279 |
| 128 | aaa_77_29 | 5.36573541151304 × 10^279 |
| 127 | aaa_77_28 | 1.430648355747853 × 10^280 |
| 126 | ov_126 | 4.478519824326957 × 10^280 |
| 125 | ov_125 | 1.0056454920224094 × 10^281 |
| 124 | ov_124 | 1.914275334756019 × 10^281 |
| 123 | ov_123 | 3.2715725512961965 × 10^281 |
| 122 | ov_122 | 5.1753722665287385 × 10^281 |
| 121 | ov_121 | 7.723521539674917 × 10^281 |
| 120 | ov_120 | 1.1013894750721618 × 10^282 |
| 119 | ov_119 | 1.5144418432509432 × 10^282 |
| 118 | ov_118 | 2.0213108077542674 × 10^282 |
| 117 | ov_117 | 2.6318120264609114 × 10^282 |
| 116 | ov_116 | 3.355782345039216 × 10^282 |
| 115 | ov_115 | 4.2030896273881744 × 10^282 |
| 114 | ov_114 | 5.18364685606448 × 10^282 |
| 113 | ov_113 | 6.307431638537693 × 10^282 |
| 112 | ov_112 | 7.584511788699252 × 10^282 |
| 111 | ov_111 | 9.02507765334595 × 10^282 |
| 110 | ov_110 | 1.0639481853811596 × 10^283 |
| 109 | ov_109 | 1.2438287113659745 × 10^283 |
| 108 | ov_108 | 1.4432322844612265 × 10^283 |
| 107 | ov_107 | 1.6827981636116462 × 10^283 |
| 106 | ov_106 | 1.9843227031276647 × 10^283 |
| 105 | ov_105 | 2.3708089283923145 × 10^283 |
| 104 | ov_104 | 2.866525952071738 × 10^283 |
| 103 | ov_103 | 3.4970794491994743 × 10^283 |
| 102 | ov_102 | 4.289494480909223 × 10^283 |
| 101 | ov_101 | 5.272312029766325 × 10^283 |
| 100 | ov_100 | 6.475700685071716 × 10^283 |
| 99 | ov_099 | 7.931584994738495 × 10^283 |
| 98 | ov_098 | 7.931626524693348 × 10^283 |
| 97 | ov_097 | 7.931756539432667 × 10^283 |
| 96 | aaa_78_29 | 1.4096364746971005 × 10^284 |
| 95 | aaa_78_28 | 4.7440645800483155 × 10^284 |
| 94 | ov_094 | 1.5691096056509203 × 10^285 |
| 93 | ov_093 | 3.74639619048 × 10^285 |
| 92 | ov_092 | 7.65854680751789 × 10^285 |
| 91 | ov_091 | 1.4147844289499954 × 10^286 |
| 90 | ov_090 | 2.4246600059081105 × 10^286 |
| 89 | ov_089 | 3.9177218607440234 × 10^286 |
| 88 | ov_088 | 6.157473305974048 × 10^286 |
| 87 | ov_087 | 9.445485777227429 × 10^286 |
| 86 | ov_086 | 1.4121459457764677 × 10^287 |
| 85 | ov_085 | 2.0563315887704492 × 10^287 |
| 84 | ov_084 | 2.918733038599647 × 10^287 |
| 83 | ov_083 | 4.023056672421482 × 10^287 |
| 82 | ov_082 | 5.4186603442425314 × 10^287 |
| 81 | ov_081 | 7.158808730229916 × 10^287 |
| 64 | lv_79_m31 | 9.012629719057939 × 10^287 |
| 80 | ov_080 | 9.300710327730572 × 10^287 |
| 79 | ov_079 | 1.1905562354018968 × 10^288 |
| 78 | ov_078 | 1.503860433125154 × 10^288 |
| 77 | ov_077 | 1.87691811462783 × 10^288 |
| 76 | ov_076 | 2.3170816377118215 × 10^288 |
| 75 | ov_075 | 2.8321296682423644 × 10^288 |
| 74 | ov_074 | 3.4302768056595065 × 10^288 |
| 73 | ov_073 | 4.1201844761873225 × 10^288 |
| 63 | ov_063 | 4.6268701249947434 × 10^288 |
| 72 | ov_072 | 4.9109731760298854 × 10^288 |
| 71 | ov_071 | 5.812236148350911 × 10^288 |
| 70 | ov_070 | 6.834054774991527 × 10^288 |
| 69 | ov_069 | 7.987016563150761 × 10^288 |
| 68 | ov_068 | 9.282237240986428 × 10^288 |
| 67 | ov_067 | 1.0731388755233168 × 10^289 |
| 66 | ov_066 | 1.0731395060768136 × 10^289 |
| 65 | ov_065 | 1.0731421901523368 × 10^289 |
| 62 | ov_062 | 2.3747718365012375 × 10^289 |
| 61 | ov_061 | 8.659828943657536 × 10^289 |
| 60 | ov_060 | 2.479934344189018 × 10^290 |
| 59 | ov_059 | 5.986144566465265 × 10^290 |
| 58 | ov_058 | 1.2152961860781684 × 10^291 |
| 57 | ov_057 | 2.1963528365908955 × 10^291 |
| 56 | ov_056 | 3.661578789707365 × 10^291 |
| 55 | ov_055 | 5.752250779846883 × 10^291 |
| 54 | ov_054 | 8.631132736453858 × 10^291 |
| 53 | ov_053 | 1.2645249076195153 × 10^292 |
| 52 | ov_052 | 1.8184633823841195 × 10^292 |
| 51 | ov_051 | 2.5682374096352177 × 10^292 |
| 50 | ov_050 | 3.56146787142965 × 10^292 |
| 49 | ov_049 | 4.85009821821437 × 10^292 |
| 48 | ov_048 | 6.490409965784934 × 10^292 |
| 47 | ov_047 | 8.543045448346 × 10^292 |
| 32 | lv_80_m31 | 1.0334567053721335 × 10^293 |
| 46 | ov_046 | 1.107304039292148 × 10^293 |
| 45 | ov_045 | 1.4149869185834316 × 10^293 |
| 44 | ov_044 | 1.7847505790618518 × 10^293 |
| 43 | ov_043 | 2.2244503148889045 × 10^293 |
| 42 | ov_042 | 2.7424094205026914 × 10^293 |
| 41 | ov_041 | 3.3474318442532333 × 10^293 |
| 40 | ov_040 | 4.044293943064009 × 10^293 |
| 39 | ov_039 | 4.842811380352055 × 10^293 |
| 31 | ov_031 | 5.301732334466941 × 10^293 |
| 38 | ov_038 | 5.753338320344384 × 10^293 |
| 37 | ov_037 | 6.786795025779526 × 10^293 |
| 36 | ov_036 | 7.954700538521755 × 10^293 |
| 35 | ov_035 | 9.269211048530672 × 10^293 |
| 34 | ov_034 | 1.0743164591144187 × 10^294 |
| 33 | ov_033 | 1.2390132747970772 × 10^294 |
| 30 | ov_030 | 2.7193061900816202 × 10^294 |
| 29 | ov_029 | 8.898342533420901 × 10^294 |
| 28 | ov_028 | 2.3101420888133151 × 10^295 |
| 27 | ov_027 | 5.164601040248324 × 10^295 |
| 26 | ov_026 | 1.0329761310150162 × 10^296 |
| 25 | ov_025 | 1.89269791376802 × 10^296 |
| 24 | ov_024 | 3.3443783522305973 × 10^296 |
| 23 | ov_023 | 5.685736713165999 × 10^296 |
| 22 | ov_022 | 9.263469055983934 × 10^296 |
| 21 | ov_021 | 1.4473270390098254 × 10^297 |
| 20 | ov_020 | 2.175987512080274 × 10^297 |
| 19 | ov_019 | 3.1617123143149657 × 10^297 |
| 18 | ov_018 | 4.458806030849167 × 10^297 |
| 17 | ov_017 | 6.126508370689795 × 10^297 |
| 16 | ov_016 | 8.22901455551356 × 10^297 |
| 15 | ov_015 | 1.0835503629728825 × 10^298 |
| 14 | ov_014 | 1.4020177498866463 × 10^298 |
| 13 | ov_013 | 1.7862313988940548 × 10^298 |
| 12 | ov_012 | 2.244633756418259 × 10^298 |
| 11 | ov_011 | 2.7861911686032186 × 10^298 |
| 10 | ov_010 | 3.420405714281903 × 10^298 |
| 9 | ov_009 | 4.157330102770079 × 10^298 |
| 8 | ov_008 | 5.007586139281813 × 10^298 |
| 7 | ov_007 | 5.982387296119754 × 10^298 |
| 6 | ov_006 | 7.093565963580613 × 10^298 |
| 5 | ov_005 | 8.353605990871078 × 10^298 |
| 4 | ov_004 | 9.77568116441268 × 10^298 |
| 3 | ov_003 | 1.1373700263677338 × 10^299 |
| 2 | ov_002 | 1.3162359283360543 × 10^299 |
| 1 | ov_001 | 1.5157201451242651 × 10^299 |

