# Results for F001-F002-F003-F004-F005-F006-F007-F008-F009-F010-F011-F012-F013-F014-F015-F016-F017-F018-F019-F020-F021-F022-F023-F024-F025-F026-F027-F028-F029-F030-F031-F032-F033-F034-F035-F036-F037-F038-F039-F040-F041-F042-F043-F044-F045-F046-F047-F048-F049-F050-F051-F052-F053-F054-F055-F056-F057-F058-F059-F060-F061-F062-F063-F064-F065-F066-F067-F068-F069-F070-F071-F072-F073-F074-F075-F076-F077-F078-F079-F080-F081-F082-F083-F084-F085-F086-F087-F088-F089-F090-F091-F092-F093-F094-F095-F096-F097-F098-F099-F100-F101-F102-F103-F104-F105-F106-F107-F108-F109-F110-F111-F112-F113-F114-F115-F116-F117-F118-F119-F120-F121-F122-F123-F124-F125-F126-F127-F128-F129-F130-F131-F132-F133-F134-F135-F136-F137-F138-F139-F140-F141-F142-F143-F144-F145-F146-F147-F148-F149-F150-F151-F152-F153-F154-F155-F156-F157-F158-F159-F160-F161-F162-F163-F164-F165-F166-F167-F168-F169-F170-F171-F172-F173-F174-F175-F176-F177-F178-F179-F180-F181-F182-F183-F184-F185-F186-F187-F188-F189-F190-F191-F192-F193-F194-F195-F196-F197-F198-F199-F200-F201-F202-F203-F204-F205-F206-F207-F208-F209-F210-F211-F212-F213-F214-F215-F216-F217-F218-F219-F220-F221-F222-F223-F224-F225-F226-F227-F228-F229-F230-F231-F232-F233-F234-F235-F236-F237-F238-F239-F240-F241-F242-F243-F244-F245-F246-F247-F248-F249-F250-F251-F252-F253-F254-F255-F256-F257-F258-F259-F260-F261-F262-F263-F264-F265-F266-F267-F268-F269-F270-F271-F272-F273-F274-F275-F276-F277-F278-F279-F280-F281-F282-F283-F284-F285-F286-F287-F288-F289-F290-F291-F292-F293-F294-F295-F296-F297-F298-F299-F300-F301-F302-F303-F304-F305-F306-F307-F308-F309-F310-F311-F312-F313-F314-F315-F316-F317-F318-F319-F320-F321-F322-F323-F324-F325-F326-F327-F328-F329-F330-F331-F332-F333-F334-F335-F336-F337-F338-F339-F340-F341-F342-F343-F344-F345-F346-F347-F348-F349-F350-F351-F352-F353-F354-F355-F356-F357-F358-F359-F360-F361-F362-F363-F364-F365-F366-F367-F368-F369-F370-F371-F372-F373-F374-F375-F376-F377-F378-F379-F380-F381-F382-F383-F384-F385-F386-F387-F388-F389-F390-F391-F392-F393-F394-F395-F396-F397-F398-F399-F400-F401-F402-F403-F404-F405-F406-F407-F408-F409-F410-F411-F412-F413-F414-F415-F416-F417-F418-F419-F420-F421-F422-F423-F424-F425-F426-F427-F428-F429-F430-F431-F432-F433-F434-F435-F436-F437-F438-F439-F440-F441-F442-F443-F444-F445-F446-F447-F448-F449-F450-F451-F452-F453-F454-F455-F456-F457-F458-F459-F460-F461-F462-F463-F464-F465-F466-F467-F468-F469-F470-F471-F472-F473-F474-F475-F476-F477-F478-F479-F480-F481-F482-F483-F484-F485-F486-F487-F488-F489-F490-F491-F492-F493-F494-F495-F496-E497506-O499505-F510-F511-F512

## Summary

Number of input bits: 512  
Number of free input bits: 11  
Number of output bits: 160

Number of direct occurrences: 44827  
Number of assignments: 31422  
Number of operations: 11032631
(xor: 11004458,
and: 14757,
or: 13416)

Total complexity: 1.27995790843339 × 10^300

Least occurring input variable: iv_502 (3826)  
Most occurring input variable: iv_499 (4226)

Most co-occurring input variables: iv_508-iv_509 (2071)  
Least co-occurring input variables: iv_498-iv_502 (1729)

Potentially most occurring input variable: iv_497/iv_499 (4633)  
Potentially least occurring input variable: iv_499/iv_504 (4120)

Least output occurring input variable: iv_497 (68)  
Most output occurring input variable: iv_498 (84)

Most output co-occurring input variables: iv_501-iv_503 (48)  
Least output co-occurring input variables: iv_497-iv_504 (25)

Potentially most output occurring input variable: iv_503/iv_509 (94)  
Potentially least output occurring input variable: iv_501/iv_503 (69)

Least complex input bit: iv_498 (7.290564868583404 × 10^297)  
Most complex input bit: iv_499 (2.3041813528152005 × 10^299)

Least complex output bit: aaa_76_29 (9.655368628515132 × 10^274)  
Most complex output bit: ov_001 (2.030030625502834 × 10^299)

Least complex input/output complexity: iv_498/aaa_76_29 (5.4996411094824754 × 10^272)  
Most complex input/output complexity: iv_499/ov_001 (3.6544629179662115 × 10^298)

## Input Bits

### Input Bits in Regular Order

| Input Bit | Complexity | Occurrences | Output Occurrences |
|:---------:|:----------:|:-----------:|:------------------:|
| iv_497 | 1.1373685926968312 × 10^299 | 4187 | 68 |
| iv_498 | 7.290564868583404 × 10^297 | 3910 | 84 |
| iv_499 | 2.3041813528152005 × 10^299 | 4226 | 78 |
| iv_500 | 2.1548139563576098 × 10^298 | 4101 | 76 |
| iv_501 | 3.5495181688609876 × 10^298 | 4070 | 83 |
| iv_502 | 5.735787179236342 × 10^298 | 3826 | 75 |
| iv_503 | 9.113898051843877 × 10^298 | 4047 | 82 |
| iv_504 | 1.4207329190314822 × 10^299 | 3916 | 71 |
| iv_507 | 1.5804420172611546 × 10^299 | 4164 | 76 |
| iv_508 | 2.0988066842400433 × 10^299 | 4170 | 73 |
| iv_509 | 2.1297401339734624 × 10^299 | 4210 | 84 |

### Input Bits Sorted by Complexity

| Input Bit | Complexity | Occurrences | Output Occurrences |
|:---------:|:----------:|:-----------:|:------------------:|
| iv_498 | 7.290564868583404 × 10^297 | 3910 | 84 |
| iv_500 | 2.1548139563576098 × 10^298 | 4101 | 76 |
| iv_501 | 3.5495181688609876 × 10^298 | 4070 | 83 |
| iv_502 | 5.735787179236342 × 10^298 | 3826 | 75 |
| iv_503 | 9.113898051843877 × 10^298 | 4047 | 82 |
| iv_497 | 1.1373685926968312 × 10^299 | 4187 | 68 |
| iv_504 | 1.4207329190314822 × 10^299 | 3916 | 71 |
| iv_507 | 1.5804420172611546 × 10^299 | 4164 | 76 |
| iv_508 | 2.0988066842400433 × 10^299 | 4170 | 73 |
| iv_509 | 2.1297401339734624 × 10^299 | 4210 | 84 |
| iv_499 | 2.3041813528152005 × 10^299 | 4226 | 78 |

### Input Bits Sorted by Occurrences

| Input Bit | Complexity | Occurrences | Output Occurrences |
|:---------:|:----------:|:-----------:|:------------------:|
| iv_502 | 5.735787179236342 × 10^298 | 3826 | 75 |
| iv_498 | 7.290564868583404 × 10^297 | 3910 | 84 |
| iv_504 | 1.4207329190314822 × 10^299 | 3916 | 71 |
| iv_503 | 9.113898051843877 × 10^298 | 4047 | 82 |
| iv_501 | 3.5495181688609876 × 10^298 | 4070 | 83 |
| iv_500 | 2.1548139563576098 × 10^298 | 4101 | 76 |
| iv_507 | 1.5804420172611546 × 10^299 | 4164 | 76 |
| iv_508 | 2.0988066842400433 × 10^299 | 4170 | 73 |
| iv_497 | 1.1373685926968312 × 10^299 | 4187 | 68 |
| iv_509 | 2.1297401339734624 × 10^299 | 4210 | 84 |
| iv_499 | 2.3041813528152005 × 10^299 | 4226 | 78 |

### Input Bits Sorted by Output Occurrences

| Input Bit | Complexity | Occurrences | Output Occurrences |
|:---------:|:----------:|:-----------:|:------------------:|
| iv_497 | 1.1373685926968312 × 10^299 | 4187 | 68 |
| iv_504 | 1.4207329190314822 × 10^299 | 3916 | 71 |
| iv_508 | 2.0988066842400433 × 10^299 | 4170 | 73 |
| iv_502 | 5.735787179236342 × 10^298 | 3826 | 75 |
| iv_500 | 2.1548139563576098 × 10^298 | 4101 | 76 |
| iv_507 | 1.5804420172611546 × 10^299 | 4164 | 76 |
| iv_499 | 2.3041813528152005 × 10^299 | 4226 | 78 |
| iv_503 | 9.113898051843877 × 10^298 | 4047 | 82 |
| iv_501 | 3.5495181688609876 × 10^298 | 4070 | 83 |
| iv_509 | 2.1297401339734624 × 10^299 | 4210 | 84 |
| iv_498 | 7.290564868583404 × 10^297 | 3910 | 84 |

## Input Bit Co-occurrences

### Input Bit Co-occurrences Sorted by Co-occurrences

| Input Bits | Co-occurrences | Potential Occurrences | Output Co-occurrences | Potential Output Occurrences |
|:----------:|:--------------:|:---------------------:|:---------------------:|:----------------------------:|
| iv_508-iv_509 | 2071 | 4238 | 37 | 83 |
| iv_499-iv_509 | 2041 | 4354 | 40 | 82 |
| iv_507-iv_509 | 2040 | 4294 | 42 | 76 |
| iv_499-iv_500 | 2030 | 4267 | 42 | 70 |
| iv_499-iv_507 | 2024 | 4342 | 35 | 84 |
| iv_497-iv_509 | 2021 | 4355 | 39 | 74 |
| iv_499-iv_504 | 2011 | 4120 | 34 | 81 |
| iv_501-iv_509 | 2008 | 4264 | 42 | 83 |
| iv_499-iv_508 | 1978 | 4440 | 35 | 81 |
| iv_503-iv_509 | 1976 | 4305 | 36 | 94 |
| iv_500-iv_507 | 1973 | 4319 | 35 | 82 |

### Input Bit Co-occurrences Sorted by Potential Occurrences

| Input Bits | Co-occurrences | Potential Occurrences | Output Co-occurrences | Potential Output Occurrences |
|:----------:|:--------------:|:---------------------:|:---------------------:|:----------------------------:|
| iv_499-iv_504 | 2011 | 4120 | 34 | 81 |
| iv_501-iv_503 | 1967 | 4183 | 48 | 69 |
| iv_500-iv_502 | 1871 | 4185 | 35 | 81 |
| iv_498-iv_504 | 1815 | 4196 | 37 | 81 |
| iv_502-iv_504 | 1772 | 4198 | 34 | 78 |
| iv_500-iv_504 | 1904 | 4209 | 37 | 73 |
| iv_502-iv_507 | 1886 | 4218 | 38 | 75 |
| iv_500-iv_503 | 1962 | 4224 | 44 | 70 |
| iv_503-iv_504 | 1869 | 4225 | 34 | 85 |
| iv_508-iv_509 | 2071 | 4238 | 37 | 83 |
| iv_504-iv_508 | 1924 | 4238 | 36 | 72 |

### Input Bit Output Co-occurrences Sorted by Output Co-occurrences

| Input Bits | Co-occurrences | Potential Occurrences | Output Co-occurrences | Potential Output Occurrences |
|:----------:|:--------------:|:---------------------:|:---------------------:|:----------------------------:|
| iv_498-iv_503 | 1851 | 4255 | 48 | 70 |
| iv_501-iv_503 | 1967 | 4183 | 48 | 69 |
| iv_498-iv_501 | 1856 | 4268 | 46 | 75 |
| iv_498-iv_509 | 1865 | 4390 | 45 | 78 |
| iv_499-iv_503 | 1933 | 4407 | 44 | 72 |
| iv_500-iv_503 | 1962 | 4224 | 44 | 70 |
| iv_501-iv_509 | 2008 | 4264 | 42 | 83 |
| iv_499-iv_500 | 2030 | 4267 | 42 | 70 |
| iv_499-iv_501 | 1940 | 4416 | 42 | 77 |
| iv_503-iv_507 | 1929 | 4353 | 42 | 74 |
| iv_507-iv_509 | 2040 | 4294 | 42 | 76 |

### Input Bit Output Co-occurrences Sorted by Potential Output Occurrences

| Input Bits | Co-occurrences | Potential Occurrences | Output Co-occurrences | Potential Output Occurrences |
|:----------:|:--------------:|:---------------------:|:---------------------:|:----------------------------:|
| iv_501-iv_503 | 1967 | 4183 | 48 | 69 |
| iv_498-iv_503 | 1851 | 4255 | 48 | 70 |
| iv_499-iv_500 | 2030 | 4267 | 42 | 70 |
| iv_500-iv_503 | 1962 | 4224 | 44 | 70 |
| iv_504-iv_508 | 1924 | 4238 | 36 | 72 |
| iv_499-iv_503 | 1933 | 4407 | 44 | 72 |
| iv_507-iv_508 | 1960 | 4414 | 38 | 73 |
| iv_500-iv_504 | 1904 | 4209 | 37 | 73 |
| iv_503-iv_507 | 1929 | 4353 | 42 | 74 |
| iv_497-iv_509 | 2021 | 4355 | 39 | 74 |
| iv_497-iv_498 | 1821 | 4455 | 39 | 74 |

## Output Bits

### Output Bits in Regular Order

| Rank | Output Bit | Complexity |
|:----:|:----------:|:----------:|
| 1 | ov_001 | 2.030030625502834 × 10^299 |
| 2 | ov_002 | 1.7628569963606889 × 10^299 |
| 3 | ov_003 | 1.5232981666057609 × 10^299 |
| 4 | ov_004 | 1.3092723318483287 × 10^299 |
| 5 | ov_005 | 1.1188111697990836 × 10^299 |
| 6 | ov_006 | 9.500518012062568 × 10^298 |
| 7 | ov_007 | 8.012297947933249 × 10^298 |
| 8 | ov_008 | 6.706731319419077 × 10^298 |
| 9 | ov_009 | 5.567970522910963 × 10^298 |
| 10 | ov_010 | 4.5809969454851994 × 10^298 |
| 11 | ov_011 | 3.73158445834785 × 10^298 |
| 12 | ov_012 | 3.0062691784238045 × 10^298 |
| 13 | ov_013 | 2.392324729525738 × 10^298 |
| 14 | ov_014 | 1.8777422824151262 × 10^298 |
| 15 | ov_015 | 1.4512147003809462 × 10^298 |
| 16 | ov_016 | 1.1021241638616627 × 10^298 |
| 17 | ov_017 | 8.205326942405827 × 10^297 |
| 18 | ov_018 | 5.971750433436234 × 10^297 |
| 19 | ov_019 | 4.234534614276955 × 10^297 |
| 20 | ov_020 | 2.9143390261371676 × 10^297 |
| 21 | ov_021 | 1.9384329174953656 × 10^297 |
| 22 | ov_022 | 1.2406757665693561 × 10^297 |
| 23 | ov_023 | 7.615038103322977 × 10^296 |
| 24 | ov_024 | 4.479211810035223 × 10^296 |
| 25 | ov_025 | 2.5349448108887593 × 10^296 |
| 26 | ov_026 | 1.3834981080242982 × 10^296 |
| 27 | ov_027 | 6.917136899710504 × 10^295 |
| 28 | ov_028 | 3.0940676992604574 × 10^295 |
| 29 | ov_029 | 1.1917959127380222 × 10^295 |
| 30 | ov_030 | 3.642105838984385 × 10^294 |
| 31 | ov_031 | 7.100913603220145 × 10^293 |
| 32 | lv_80_m31 | 1.3841742655447252 × 10^293 |
| 33 | ov_033 | 1.659580180876415 × 10^294 |
| 34 | ov_034 | 1.4390053165301274 × 10^294 |
| 35 | ov_035 | 1.2415999698796541 × 10^294 |
| 36 | ov_036 | 1.0655461887335017 × 10^294 |
| 37 | ov_037 | 9.091245346601518 × 10^293 |
| 38 | ov_038 | 7.707071080974691 × 10^293 |
| 39 | ov_039 | 6.487515087164079 × 10^293 |
| 40 | ov_040 | 5.417956430503774 × 10^293 |
| 41 | ov_041 | 4.48453296005847 × 10^293 |
| 42 | ov_042 | 3.674103873668347 × 10^293 |
| 43 | ov_043 | 2.980274832241671 × 10^293 |
| 44 | ov_044 | 2.391259145031092 × 10^293 |
| 45 | ov_045 | 1.895913031672254 × 10^293 |
| 46 | ov_046 | 1.4837185670941736 × 10^293 |
| 47 | ov_047 | 1.1447701775594474 × 10^293 |
| 48 | ov_048 | 8.697641528805084 × 10^292 |
| 49 | ov_049 | 6.499906804458981 × 10^292 |
| 50 | ov_050 | 4.773279469953421 × 10^292 |
| 51 | ov_051 | 3.4423789416879723 × 10^292 |
| 52 | ov_052 | 2.437632537762803 × 10^292 |
| 53 | ov_053 | 1.6952552853776581 × 10^292 |
| 54 | ov_054 | 1.157236372141693 × 10^292 |
| 55 | ov_055 | 7.713302059569116 × 10^291 |
| 56 | ov_056 | 4.910507490033638 × 10^291 |
| 57 | ov_057 | 2.94594333691717 × 10^291 |
| 58 | ov_058 | 1.6303477509568863 × 10^291 |
| 59 | ov_059 | 8.032274001557424 × 10^290 |
| 60 | ov_060 | 3.3285462236352705 × 10^290 |
| 61 | ov_061 | 1.1626640406617046 × 10^290 |
| 62 | ov_062 | 3.189337727066087 × 10^289 |
| 63 | ov_063 | 6.215997785642267 × 10^288 |
| 64 | lv_79_m31 | 1.2112160280623897 × 10^288 |
| 65 | ov_065 | 1.4416990443389262 × 10^289 |
| 66 | ov_066 | 1.441695546930111 × 10^289 |
| 67 | ov_067 | 1.4416947253045096 × 10^289 |
| 68 | ov_068 | 1.2480499076139817 × 10^289 |
| 69 | ov_069 | 1.0747455286930077 × 10^289 |
| 70 | ov_070 | 9.202607927806773 × 10^288 |
| 71 | ov_071 | 7.831473747133757 × 10^288 |
| 72 | ov_072 | 6.620257718533074 × 10^288 |
| 73 | ov_073 | 5.555824251090061 × 10^288 |
| 74 | ov_074 | 4.62567375396198 × 10^288 |
| 75 | ov_075 | 3.817922582558838 × 10^288 |
| 76 | ov_076 | 3.12128521927222 × 10^288 |
| 77 | ov_077 | 2.525058322642905 × 10^288 |
| 78 | ov_078 | 2.0191065357689778 × 10^288 |
| 79 | ov_079 | 1.5938499467109508 × 10^288 |
| 80 | ov_080 | 1.2402530951493877 × 10^288 |
| 81 | ov_081 | 9.498154206739771 × 10^287 |
| 82 | ov_082 | 7.145630489043433 × 10^287 |
| 83 | ov_083 | 5.2704181222869906 × 10^287 |
| 84 | ov_084 | 3.8031140235558354 × 10^287 |
| 85 | ov_085 | 2.679405521555327 × 10^287 |
| 86 | ov_086 | 1.8400314446030326 × 10^287 |
| 87 | ov_087 | 1.2307514561272313 × 10^287 |
| 88 | ov_088 | 8.023226163869835 × 10^286 |
| 89 | ov_089 | 5.104821495863419 × 10^286 |
| 90 | ov_090 | 3.1593539579825285 × 10^286 |
| 91 | ov_091 | 1.8434792723016648 × 10^286 |
| 92 | ov_092 | 9.97918309354957 × 10^285 |
| 93 | ov_093 | 4.881609296942011 × 10^285 |
| 94 | ov_094 | 2.0445761296766293 × 10^285 |
| 95 | aaa_78_28 | 6.1816039037682144 × 10^284 |
| 96 | aaa_78_29 | 1.8367851136351267 × 10^284 |
| 97 | ov_097 | 1.0334513730005572 × 10^284 |
| 98 | ov_098 | 1.033434518247609 × 10^284 |
| 99 | ov_099 | 1.0334291344185703 × 10^284 |
| 100 | ov_100 | 8.437316922989665 × 10^283 |
| 101 | ov_101 | 6.869310764007123 × 10^283 |
| 102 | ov_102 | 5.588690924340666 × 10^283 |
| 103 | ov_103 | 4.556158915976631 × 10^283 |
| 104 | ov_104 | 3.7345333139451004 × 10^283 |
| 105 | ov_105 | 3.088604970565943 × 10^283 |
| 106 | ov_106 | 2.5850118697021506 × 10^283 |
| 107 | ov_107 | 2.192131756352344 × 10^283 |
| 108 | ov_108 | 1.8799907746912948 × 10^283 |
| 109 | ov_109 | 1.6201864425300084 × 10^283 |
| 110 | ov_110 | 1.3858233827338404 × 10^283 |
| 111 | ov_111 | 1.175490621703867 × 10^283 |
| 112 | ov_112 | 9.878117585599647 × 10^282 |
| 113 | ov_113 | 8.21437629496783 × 10^282 |
| 114 | ov_114 | 6.750401075332992 × 10^282 |
| 115 | ov_115 | 5.473069505170771 × 10^282 |
| 116 | ov_116 | 4.369376104079256 × 10^282 |
| 117 | ov_117 | 3.42639916961481 × 10^282 |
| 118 | ov_118 | 2.6312754899197833 × 10^282 |
| 119 | ov_119 | 1.9711820643169886 × 10^282 |
| 120 | ov_120 | 1.433323359396444 × 10^282 |
| 121 | ov_121 | 1.0049221317856255 × 10^282 |
| 122 | ov_122 | 6.732126705979603 × 10^281 |
| 123 | ov_123 | 4.254360258992803 × 10^281 |
| 124 | ov_124 | 2.48836789544274 × 10^281 |
| 125 | ov_125 | 1.3066110052203243 × 10^281 |
| 126 | ov_126 | 5.815562728909076 × 10^280 |
| 127 | aaa_77_28 | 1.8567177046323483 × 10^280 |
| 128 | aaa_77_29 | 6.958941061816901 × 10^279 |
| 129 | ov_129 | 6.433982769495602 × 10^279 |
| 130 | ov_130 | 6.433963965695204 × 10^279 |
| 131 | ov_131 | 6.43395941977264 × 10^279 |
| 132 | ov_132 | 5.576544333268593 × 10^279 |
| 133 | ov_133 | 4.808666483647002 × 10^279 |
| 134 | ov_134 | 4.123570280800191 × 10^279 |
| 135 | ov_135 | 3.514860793835673 × 10^279 |
| 136 | ov_136 | 2.9764778899271375 × 10^279 |
| 137 | ov_137 | 2.5026739849883852 × 10^279 |
| 138 | ov_138 | 2.0879950608703373 × 10^279 |
| 139 | ov_139 | 1.7272646213164366 × 10^279 |
| 140 | ov_140 | 1.4155702759485364 × 10^279 |
| 141 | ov_141 | 1.148252658209322 × 10^279 |
| 142 | ov_142 | 9.208963995550842 × 10^278 |
| 143 | ov_143 | 7.293228983536487 × 10^278 |
| 144 | ov_144 | 5.695846379594981 × 10^278 |
| 145 | ov_145 | 4.379608243598511 × 10^278 |
| 146 | ov_146 | 3.3095412964622975 × 10^278 |
| 147 | ov_147 | 2.4528834338857988 × 10^278 |
| 148 | ov_148 | 1.7790674978677906 × 10^278 |
| 149 | ov_149 | 1.2597106425499884 × 10^278 |
| 150 | ov_150 | 8.686077886258843 × 10^277 |
| 151 | ov_151 | 5.81727818144377 × 10^277 |
| 152 | ov_152 | 3.772113737979712 × 10^277 |
| 153 | ov_153 | 2.3536948351007186 × 10^277 |
| 154 | ov_154 | 1.3868263825006536 × 10^277 |
| 155 | ov_155 | 7.180018707217549 × 10^276 |
| 156 | aaa_76_25 | 2.7588970753784394 × 10^276 |
| 157 | aaa_76_26 | 1.5931582710611866 × 10^276 |
| 158 | aaa_76_27 | 8.154958942168992 × 10^275 |
| 159 | aaa_76_28 | 3.175011861816736 × 10^275 |
| 160 | aaa_76_29 | 9.655368628515132 × 10^274 |

### Output Bits Sorted by Complexity

| Rank | Output Bit | Complexity |
|:----:|:----------:|:----------:|
| 160 | aaa_76_29 | 9.655368628515132 × 10^274 |
| 159 | aaa_76_28 | 3.175011861816736 × 10^275 |
| 158 | aaa_76_27 | 8.154958942168992 × 10^275 |
| 157 | aaa_76_26 | 1.5931582710611866 × 10^276 |
| 156 | aaa_76_25 | 2.7588970753784394 × 10^276 |
| 155 | ov_155 | 7.180018707217549 × 10^276 |
| 154 | ov_154 | 1.3868263825006536 × 10^277 |
| 153 | ov_153 | 2.3536948351007186 × 10^277 |
| 152 | ov_152 | 3.772113737979712 × 10^277 |
| 151 | ov_151 | 5.81727818144377 × 10^277 |
| 150 | ov_150 | 8.686077886258843 × 10^277 |
| 149 | ov_149 | 1.2597106425499884 × 10^278 |
| 148 | ov_148 | 1.7790674978677906 × 10^278 |
| 147 | ov_147 | 2.4528834338857988 × 10^278 |
| 146 | ov_146 | 3.3095412964622975 × 10^278 |
| 145 | ov_145 | 4.379608243598511 × 10^278 |
| 144 | ov_144 | 5.695846379594981 × 10^278 |
| 143 | ov_143 | 7.293228983536487 × 10^278 |
| 142 | ov_142 | 9.208963995550842 × 10^278 |
| 141 | ov_141 | 1.148252658209322 × 10^279 |
| 140 | ov_140 | 1.4155702759485364 × 10^279 |
| 139 | ov_139 | 1.7272646213164366 × 10^279 |
| 138 | ov_138 | 2.0879950608703373 × 10^279 |
| 137 | ov_137 | 2.5026739849883852 × 10^279 |
| 136 | ov_136 | 2.9764778899271375 × 10^279 |
| 135 | ov_135 | 3.514860793835673 × 10^279 |
| 134 | ov_134 | 4.123570280800191 × 10^279 |
| 133 | ov_133 | 4.808666483647002 × 10^279 |
| 132 | ov_132 | 5.576544333268593 × 10^279 |
| 131 | ov_131 | 6.43395941977264 × 10^279 |
| 130 | ov_130 | 6.433963965695204 × 10^279 |
| 129 | ov_129 | 6.433982769495602 × 10^279 |
| 128 | aaa_77_29 | 6.958941061816901 × 10^279 |
| 127 | aaa_77_28 | 1.8567177046323483 × 10^280 |
| 126 | ov_126 | 5.815562728909076 × 10^280 |
| 125 | ov_125 | 1.3066110052203243 × 10^281 |
| 124 | ov_124 | 2.48836789544274 × 10^281 |
| 123 | ov_123 | 4.254360258992803 × 10^281 |
| 122 | ov_122 | 6.732126705979603 × 10^281 |
| 121 | ov_121 | 1.0049221317856255 × 10^282 |
| 120 | ov_120 | 1.433323359396444 × 10^282 |
| 119 | ov_119 | 1.9711820643169886 × 10^282 |
| 118 | ov_118 | 2.6312754899197833 × 10^282 |
| 117 | ov_117 | 3.42639916961481 × 10^282 |
| 116 | ov_116 | 4.369376104079256 × 10^282 |
| 115 | ov_115 | 5.473069505170771 × 10^282 |
| 114 | ov_114 | 6.750401075332992 × 10^282 |
| 113 | ov_113 | 8.21437629496783 × 10^282 |
| 112 | ov_112 | 9.878117585599647 × 10^282 |
| 111 | ov_111 | 1.175490621703867 × 10^283 |
| 110 | ov_110 | 1.3858233827338404 × 10^283 |
| 109 | ov_109 | 1.6201864425300084 × 10^283 |
| 108 | ov_108 | 1.8799907746912948 × 10^283 |
| 107 | ov_107 | 2.192131756352344 × 10^283 |
| 106 | ov_106 | 2.5850118697021506 × 10^283 |
| 105 | ov_105 | 3.088604970565943 × 10^283 |
| 104 | ov_104 | 3.7345333139451004 × 10^283 |
| 103 | ov_103 | 4.556158915976631 × 10^283 |
| 102 | ov_102 | 5.588690924340666 × 10^283 |
| 101 | ov_101 | 6.869310764007123 × 10^283 |
| 100 | ov_100 | 8.437316922989665 × 10^283 |
| 99 | ov_099 | 1.0334291344185703 × 10^284 |
| 98 | ov_098 | 1.033434518247609 × 10^284 |
| 97 | ov_097 | 1.0334513730005572 × 10^284 |
| 96 | aaa_78_29 | 1.8367851136351267 × 10^284 |
| 95 | aaa_78_28 | 6.1816039037682144 × 10^284 |
| 94 | ov_094 | 2.0445761296766293 × 10^285 |
| 93 | ov_093 | 4.881609296942011 × 10^285 |
| 92 | ov_092 | 9.97918309354957 × 10^285 |
| 91 | ov_091 | 1.8434792723016648 × 10^286 |
| 90 | ov_090 | 3.1593539579825285 × 10^286 |
| 89 | ov_089 | 5.104821495863419 × 10^286 |
| 88 | ov_088 | 8.023226163869835 × 10^286 |
| 87 | ov_087 | 1.2307514561272313 × 10^287 |
| 86 | ov_086 | 1.8400314446030326 × 10^287 |
| 85 | ov_085 | 2.679405521555327 × 10^287 |
| 84 | ov_084 | 3.8031140235558354 × 10^287 |
| 83 | ov_083 | 5.2704181222869906 × 10^287 |
| 82 | ov_082 | 7.145630489043433 × 10^287 |
| 81 | ov_081 | 9.498154206739771 × 10^287 |
| 64 | lv_79_m31 | 1.2112160280623897 × 10^288 |
| 80 | ov_080 | 1.2402530951493877 × 10^288 |
| 79 | ov_079 | 1.5938499467109508 × 10^288 |
| 78 | ov_078 | 2.0191065357689778 × 10^288 |
| 77 | ov_077 | 2.525058322642905 × 10^288 |
| 76 | ov_076 | 3.12128521927222 × 10^288 |
| 75 | ov_075 | 3.817922582558838 × 10^288 |
| 74 | ov_074 | 4.62567375396198 × 10^288 |
| 73 | ov_073 | 5.555824251090061 × 10^288 |
| 63 | ov_063 | 6.215997785642267 × 10^288 |
| 72 | ov_072 | 6.620257718533074 × 10^288 |
| 71 | ov_071 | 7.831473747133757 × 10^288 |
| 70 | ov_070 | 9.202607927806773 × 10^288 |
| 69 | ov_069 | 1.0747455286930077 × 10^289 |
| 68 | ov_068 | 1.2480499076139817 × 10^289 |
| 67 | ov_067 | 1.4416947253045096 × 10^289 |
| 66 | ov_066 | 1.441695546930111 × 10^289 |
| 65 | ov_065 | 1.4416990443389262 × 10^289 |
| 62 | ov_062 | 3.189337727066087 × 10^289 |
| 61 | ov_061 | 1.1626640406617046 × 10^290 |
| 60 | ov_060 | 3.3285462236352705 × 10^290 |
| 59 | ov_059 | 8.032274001557424 × 10^290 |
| 58 | ov_058 | 1.6303477509568863 × 10^291 |
| 57 | ov_057 | 2.94594333691717 × 10^291 |
| 56 | ov_056 | 4.910507490033638 × 10^291 |
| 55 | ov_055 | 7.713302059569116 × 10^291 |
| 54 | ov_054 | 1.157236372141693 × 10^292 |
| 53 | ov_053 | 1.6952552853776581 × 10^292 |
| 52 | ov_052 | 2.437632537762803 × 10^292 |
| 51 | ov_051 | 3.4423789416879723 × 10^292 |
| 50 | ov_050 | 4.773279469953421 × 10^292 |
| 49 | ov_049 | 6.499906804458981 × 10^292 |
| 48 | ov_048 | 8.697641528805084 × 10^292 |
| 47 | ov_047 | 1.1447701775594474 × 10^293 |
| 32 | lv_80_m31 | 1.3841742655447252 × 10^293 |
| 46 | ov_046 | 1.4837185670941736 × 10^293 |
| 45 | ov_045 | 1.895913031672254 × 10^293 |
| 44 | ov_044 | 2.391259145031092 × 10^293 |
| 43 | ov_043 | 2.980274832241671 × 10^293 |
| 42 | ov_042 | 3.674103873668347 × 10^293 |
| 41 | ov_041 | 4.48453296005847 × 10^293 |
| 40 | ov_040 | 5.417956430503774 × 10^293 |
| 39 | ov_039 | 6.487515087164079 × 10^293 |
| 31 | ov_031 | 7.100913603220145 × 10^293 |
| 38 | ov_038 | 7.707071080974691 × 10^293 |
| 37 | ov_037 | 9.091245346601518 × 10^293 |
| 36 | ov_036 | 1.0655461887335017 × 10^294 |
| 35 | ov_035 | 1.2415999698796541 × 10^294 |
| 34 | ov_034 | 1.4390053165301274 × 10^294 |
| 33 | ov_033 | 1.659580180876415 × 10^294 |
| 30 | ov_030 | 3.642105838984385 × 10^294 |
| 29 | ov_029 | 1.1917959127380222 × 10^295 |
| 28 | ov_028 | 3.0940676992604574 × 10^295 |
| 27 | ov_027 | 6.917136899710504 × 10^295 |
| 26 | ov_026 | 1.3834981080242982 × 10^296 |
| 25 | ov_025 | 2.5349448108887593 × 10^296 |
| 24 | ov_024 | 4.479211810035223 × 10^296 |
| 23 | ov_023 | 7.615038103322977 × 10^296 |
| 22 | ov_022 | 1.2406757665693561 × 10^297 |
| 21 | ov_021 | 1.9384329174953656 × 10^297 |
| 20 | ov_020 | 2.9143390261371676 × 10^297 |
| 19 | ov_019 | 4.234534614276955 × 10^297 |
| 18 | ov_018 | 5.971750433436234 × 10^297 |
| 17 | ov_017 | 8.205326942405827 × 10^297 |
| 16 | ov_016 | 1.1021241638616627 × 10^298 |
| 15 | ov_015 | 1.4512147003809462 × 10^298 |
| 14 | ov_014 | 1.8777422824151262 × 10^298 |
| 13 | ov_013 | 2.392324729525738 × 10^298 |
| 12 | ov_012 | 3.0062691784238045 × 10^298 |
| 11 | ov_011 | 3.73158445834785 × 10^298 |
| 10 | ov_010 | 4.5809969454851994 × 10^298 |
| 9 | ov_009 | 5.567970522910963 × 10^298 |
| 8 | ov_008 | 6.706731319419077 × 10^298 |
| 7 | ov_007 | 8.012297947933249 × 10^298 |
| 6 | ov_006 | 9.500518012062568 × 10^298 |
| 5 | ov_005 | 1.1188111697990836 × 10^299 |
| 4 | ov_004 | 1.3092723318483287 × 10^299 |
| 3 | ov_003 | 1.5232981666057609 × 10^299 |
| 2 | ov_002 | 1.7628569963606889 × 10^299 |
| 1 | ov_001 | 2.030030625502834 × 10^299 |

