# Results for F001-F002-F003-F004-F005-F006-F007-F008-F009-F010-F011-F012-F013-F014-F015-F016-F017-F018-F019-F020-F021-F022-F023-F024-F025-F026-F027-F028-F029-F030-F031-F032-F033-F034-F035-F036-F037-F038-F039-F040-F041-F042-F043-F044-F045-F046-F047-F048-F049-F050-F051-F052-F053-F054-F055-F056-F057-F058-F059-F060-F061-F062-F063-F064-F065-F066-F067-F068-F069-F070-F071-F072-F073-F074-F075-F076-F077-F078-F079-F080-F081-F082-F083-F084-F085-F086-F087-F088-F089-F090-F091-F092-F093-F094-F095-F096-F097-F098-F099-F100-F101-F102-F103-F104-F105-F106-F107-F108-F109-F110-F111-F112-F113-F114-F115-F116-F117-F118-F119-F120-F121-F122-F123-F124-F125-F126-F127-F128-F129-F130-F131-F132-F133-F134-F135-F136-F137-F138-F139-F140-F141-F142-F143-F144-F145-F146-F147-F148-F149-F150-F151-F152-F153-F154-F155-F156-F157-F158-F159-F160-F161-F162-F163-F164-F165-F166-F167-F168-F169-F170-F171-F172-F173-F174-F175-F176-F177-F178-F179-F180-F181-F182-F183-F184-F185-F186-F187-F188-F189-F190-F191-F192-F193-F194-F195-F196-F197-F198-F199-F200-F201-F202-F203-F204-F205-F206-F207-F208-F209-F210-F211-F212-F213-F214-F215-F216-F217-F218-F219-F220-F221-F222-F223-F224-F225-F226-F227-F228-F229-F230-F231-F232-F233-F234-F235-F236-F237-F238-F239-F240-F241-F242-F243-F244-F245-F246-F247-F248-F249-F250-F251-F252-F253-F254-F255-F256-F257-F258-F259-F260-F261-F262-F263-F264-F265-F266-F267-F268-F269-F270-F271-F272-F273-F274-F275-F276-F277-F278-F279-F280-F281-F282-F283-F284-F285-F286-F287-F288-F289-F290-F291-F292-F293-F294-F295-F296-F297-F298-F299-F300-F301-F302-F303-F304-F305-F306-F307-F308-F309-F310-F311-F312-F313-F314-F315-F316-F317-F318-F319-F320-F321-F322-F323-F324-F325-F326-F327-F328-F329-F330-F331-F332-F333-F334-F335-F336-F337-F338-F339-F340-F341-F342-F343-F344-F345-F346-F347-F348-F349-F350-F351-F352-F353-F354-F355-F356-F357-F358-F359-F360-F361-F362-F363-F364-F365-F366-F367-F368-F369-F370-F371-F372-F373-F374-F375-F376-F377-F378-F379-F380-F381-F382-F383-F384-F385-F386-F387-F388-F389-F390-F391-F392-F393-F394-F395-F396-F397-F398-F399-F400-F401-F402-F403-F404-F405-F406-F407-F408-F409-F410-F411-F412-F413-F414-F415-F416-F417-F418-F419-F420-F421-F422-F423-F424-F425-F426-F427-F428-F429-F430-F431-F432-F433-F434-F435-F436-F437-F438-F439-F440-F441-F442-F443-F444-F445-F446-F447-F448-F449-F450-F451-F452-F453-F454-F455-F456-F457-F458-F459-F460-F461-F462-F463-F464-F465-F466-F467-F468-F469-F470-F471-F472-F473-F474-F475-F476-F477-F478-F479-F480-F481-F482-F483-F484-F485-F486-F487-F488-F489-F490-F491-F492-F493-F494-F495-F496-O500505-E508509-F510-F511-F512

## Summary

Number of input bits: 512  
Number of free input bits: 11  
Number of output bits: 160

Number of direct occurrences: 44453  
Number of assignments: 31338  
Number of operations: 10970355
(xor: 10942199,
and: 14761,
or: 13395)

Total complexity: 2.5897700926809753 × 10^299

Least occurring input variable: iv_502 (3807)  
Most occurring input variable: iv_508 (4338)

Most co-occurring input variables: iv_497-iv_500 (2025)  
Least co-occurring input variables: iv_499-iv_502 (1719)

Potentially most occurring input variable: iv_500/iv_508 (4619)  
Potentially least occurring input variable: iv_499/iv_504 (4129)

Least output occurring input variable: iv_502 (71)  
Most output occurring input variable: iv_497 (93)

Most output co-occurring input variables: iv_497-iv_506 (57)  
Least output co-occurring input variables: iv_499-iv_504 (30)

Potentially most output occurring input variable: iv_499/iv_501 (89)  
Potentially least output occurring input variable: iv_501/iv_507 (61)

Least complex input bit: iv_497 (9.476090614436682 × 10^296)  
Most complex input bit: iv_500 (6.190131733708867 × 10^298)

Least complex output bit: aaa_76_29 (5.694766710040676 × 10^274)  
Most complex output bit: ov_001 (4.1413746367068044 × 10^298)

Least complex input/output complexity: iv_497/aaa_76_29 (2.0837419323411134 × 10^272)  
Most complex input/output complexity: iv_500/ov_001 (9.898814814606688 × 10^297)

## Input Bits

### Input Bits in Regular Order

| Input Bit | Complexity | Occurrences | Output Occurrences |
|:---------:|:----------:|:-----------:|:------------------:|
| iv_497 | 9.476090614436682 × 10^296 | 4122 | 93 |
| iv_498 | 1.887525467705144 × 10^297 | 3917 | 88 |
| iv_499 | 3.3193771030955986 × 10^297 | 3877 | 72 |
| iv_500 | 6.190131733708867 × 10^298 | 4271 | 82 |
| iv_501 | 9.187755088384715 × 10^297 | 4057 | 83 |
| iv_502 | 1.4846275311709224 × 10^298 | 3807 | 71 |
| iv_503 | 2.3589934003100534 × 10^298 | 4046 | 82 |
| iv_504 | 3.6773904647915217 × 10^298 | 3908 | 71 |
| iv_506 | 2.8494443820039845 × 10^298 | 4068 | 93 |
| iv_507 | 3.894777313402649 × 10^298 | 4042 | 82 |
| iv_508 | 3.9081094293588886 × 10^298 | 4338 | 76 |

### Input Bits Sorted by Complexity

| Input Bit | Complexity | Occurrences | Output Occurrences |
|:---------:|:----------:|:-----------:|:------------------:|
| iv_497 | 9.476090614436682 × 10^296 | 4122 | 93 |
| iv_498 | 1.887525467705144 × 10^297 | 3917 | 88 |
| iv_499 | 3.3193771030955986 × 10^297 | 3877 | 72 |
| iv_501 | 9.187755088384715 × 10^297 | 4057 | 83 |
| iv_502 | 1.4846275311709224 × 10^298 | 3807 | 71 |
| iv_503 | 2.3589934003100534 × 10^298 | 4046 | 82 |
| iv_506 | 2.8494443820039845 × 10^298 | 4068 | 93 |
| iv_504 | 3.6773904647915217 × 10^298 | 3908 | 71 |
| iv_507 | 3.894777313402649 × 10^298 | 4042 | 82 |
| iv_508 | 3.9081094293588886 × 10^298 | 4338 | 76 |
| iv_500 | 6.190131733708867 × 10^298 | 4271 | 82 |

### Input Bits Sorted by Occurrences

| Input Bit | Complexity | Occurrences | Output Occurrences |
|:---------:|:----------:|:-----------:|:------------------:|
| iv_502 | 1.4846275311709224 × 10^298 | 3807 | 71 |
| iv_499 | 3.3193771030955986 × 10^297 | 3877 | 72 |
| iv_504 | 3.6773904647915217 × 10^298 | 3908 | 71 |
| iv_498 | 1.887525467705144 × 10^297 | 3917 | 88 |
| iv_507 | 3.894777313402649 × 10^298 | 4042 | 82 |
| iv_503 | 2.3589934003100534 × 10^298 | 4046 | 82 |
| iv_501 | 9.187755088384715 × 10^297 | 4057 | 83 |
| iv_506 | 2.8494443820039845 × 10^298 | 4068 | 93 |
| iv_497 | 9.476090614436682 × 10^296 | 4122 | 93 |
| iv_500 | 6.190131733708867 × 10^298 | 4271 | 82 |
| iv_508 | 3.9081094293588886 × 10^298 | 4338 | 76 |

### Input Bits Sorted by Output Occurrences

| Input Bit | Complexity | Occurrences | Output Occurrences |
|:---------:|:----------:|:-----------:|:------------------:|
| iv_502 | 1.4846275311709224 × 10^298 | 3807 | 71 |
| iv_504 | 3.6773904647915217 × 10^298 | 3908 | 71 |
| iv_499 | 3.3193771030955986 × 10^297 | 3877 | 72 |
| iv_508 | 3.9081094293588886 × 10^298 | 4338 | 76 |
| iv_503 | 2.3589934003100534 × 10^298 | 4046 | 82 |
| iv_507 | 3.894777313402649 × 10^298 | 4042 | 82 |
| iv_500 | 6.190131733708867 × 10^298 | 4271 | 82 |
| iv_501 | 9.187755088384715 × 10^297 | 4057 | 83 |
| iv_498 | 1.887525467705144 × 10^297 | 3917 | 88 |
| iv_506 | 2.8494443820039845 × 10^298 | 4068 | 93 |
| iv_497 | 9.476090614436682 × 10^296 | 4122 | 93 |

## Input Bit Co-occurrences

### Input Bit Co-occurrences Sorted by Co-occurrences

| Input Bits | Co-occurrences | Potential Occurrences | Output Co-occurrences | Potential Output Occurrences |
|:----------:|:--------------:|:---------------------:|:---------------------:|:----------------------------:|
| iv_497-iv_500 | 2025 | 4343 | 45 | 85 |
| iv_500-iv_501 | 2009 | 4310 | 42 | 81 |
| iv_506-iv_508 | 2001 | 4404 | 44 | 81 |
| iv_500-iv_508 | 1995 | 4619 | 38 | 82 |
| iv_497-iv_501 | 1993 | 4193 | 48 | 80 |
| iv_500-iv_507 | 1983 | 4347 | 42 | 80 |
| iv_500-iv_506 | 1981 | 4377 | 45 | 85 |
| iv_497-iv_503 | 1968 | 4232 | 44 | 87 |
| iv_501-iv_503 | 1963 | 4177 | 48 | 69 |
| iv_503-iv_508 | 1961 | 4462 | 45 | 68 |
| iv_507-iv_508 | 1960 | 4460 | 38 | 82 |

### Input Bit Co-occurrences Sorted by Potential Occurrences

| Input Bits | Co-occurrences | Potential Occurrences | Output Co-occurrences | Potential Output Occurrences |
|:----------:|:--------------:|:---------------------:|:---------------------:|:----------------------------:|
| iv_499-iv_504 | 1828 | 4129 | 30 | 83 |
| iv_504-iv_506 | 1916 | 4144 | 43 | 78 |
| iv_502-iv_506 | 1857 | 4161 | 41 | 82 |
| iv_501-iv_503 | 1963 | 4177 | 48 | 69 |
| iv_498-iv_499 | 1808 | 4178 | 44 | 72 |
| iv_497-iv_504 | 1925 | 4180 | 44 | 76 |
| iv_498-iv_504 | 1822 | 4181 | 40 | 79 |
| iv_498-iv_506 | 1897 | 4191 | 54 | 73 |
| iv_497-iv_501 | 1993 | 4193 | 48 | 80 |
| iv_499-iv_501 | 1870 | 4194 | 33 | 89 |
| iv_502-iv_504 | 1759 | 4197 | 33 | 76 |

### Input Bit Output Co-occurrences Sorted by Output Co-occurrences

| Input Bits | Co-occurrences | Potential Occurrences | Output Co-occurrences | Potential Output Occurrences |
|:----------:|:--------------:|:---------------------:|:---------------------:|:----------------------------:|
| iv_497-iv_506 | 1927 | 4336 | 57 | 72 |
| iv_498-iv_506 | 1897 | 4191 | 54 | 73 |
| iv_506-iv_507 | 1899 | 4312 | 53 | 69 |
| iv_501-iv_507 | 1920 | 4259 | 52 | 61 |
| iv_498-iv_503 | 1860 | 4243 | 51 | 68 |
| iv_497-iv_498 | 1883 | 4273 | 50 | 81 |
| iv_498-iv_501 | 1859 | 4256 | 48 | 75 |
| iv_501-iv_503 | 1963 | 4177 | 48 | 69 |
| iv_497-iv_501 | 1993 | 4193 | 48 | 80 |
| iv_501-iv_506 | 1890 | 4345 | 47 | 82 |
| iv_498-iv_508 | 1942 | 4371 | 47 | 70 |

### Input Bit Output Co-occurrences Sorted by Potential Output Occurrences

| Input Bits | Co-occurrences | Potential Occurrences | Output Co-occurrences | Potential Output Occurrences |
|:----------:|:--------------:|:---------------------:|:---------------------:|:----------------------------:|
| iv_501-iv_507 | 1920 | 4259 | 52 | 61 |
| iv_498-iv_503 | 1860 | 4243 | 51 | 68 |
| iv_503-iv_508 | 1961 | 4462 | 45 | 68 |
| iv_501-iv_503 | 1963 | 4177 | 48 | 69 |
| iv_506-iv_507 | 1899 | 4312 | 53 | 69 |
| iv_498-iv_508 | 1942 | 4371 | 47 | 70 |
| iv_499-iv_500 | 1944 | 4260 | 41 | 72 |
| iv_498-iv_499 | 1808 | 4178 | 44 | 72 |
| iv_497-iv_506 | 1927 | 4336 | 57 | 72 |
| iv_498-iv_506 | 1897 | 4191 | 54 | 73 |
| iv_498-iv_501 | 1859 | 4256 | 48 | 75 |

## Output Bits

### Output Bits in Regular Order

| Rank | Output Bit | Complexity |
|:----:|:----------:|:----------:|
| 1 | ov_001 | 4.1413746367068044 × 10^298 |
| 2 | ov_002 | 3.5912300187702 × 10^298 |
| 3 | ov_003 | 3.0984740208605 × 10^298 |
| 4 | ov_004 | 2.6587515703529146 × 10^298 |
| 5 | ov_005 | 2.2679449827011515 × 10^298 |
| 6 | ov_006 | 1.9221571427645713 × 10^298 |
| 7 | ov_007 | 1.6176968707943926 × 10^298 |
| 8 | ov_008 | 1.35106629680792 × 10^298 |
| 9 | ov_009 | 1.1189500783926005 × 10^298 |
| 10 | ov_010 | 9.18206282562647 × 10^297 |
| 11 | ov_011 | 7.458587502355847 × 10^297 |
| 12 | ov_012 | 5.990907722668039 × 10^297 |
| 13 | ov_013 | 4.7523991615590564 × 10^297 |
| 14 | ov_014 | 3.717938525637916 × 10^297 |
| 15 | ov_015 | 2.8638704069064944 × 10^297 |
| 16 | ov_016 | 2.167981413915149 × 10^297 |
| 17 | ov_017 | 1.609480366709147 × 10^297 |
| 18 | ov_018 | 1.1689834391880959 × 10^297 |
| 19 | ov_019 | 8.285032293994457 × 10^296 |
| 20 | ov_020 | 5.714408349759906 × 10^296 |
| 21 | ov_021 | 3.825801470613903 × 10^296 |
| 22 | ov_022 | 2.480837852587914 × 10^296 |
| 23 | ov_023 | 1.5549028720688913 × 10^296 |
| 24 | ov_024 | 9.37122601920882 × 10^295 |
| 25 | ov_025 | 5.3035250391121 × 10^295 |
| 26 | ov_026 | 2.894516223734666 × 10^295 |
| 27 | ov_027 | 1.4471889984232654 × 10^295 |
| 28 | ov_028 | 6.473366482417467 × 10^294 |
| 29 | ov_029 | 2.4934667669077742 × 10^294 |
| 30 | ov_030 | 7.62000387648461 × 10^293 |
| 31 | ov_031 | 1.4856535406821375 × 10^293 |
| 32 | lv_80_m31 | 2.8959730340273106 × 10^292 |
| 33 | ov_033 | 3.471679095160085 × 10^293 |
| 34 | ov_034 | 3.0102339840380378 × 10^293 |
| 35 | ov_035 | 2.5972426870664623 × 10^293 |
| 36 | ov_036 | 2.2289102819415253 × 10^293 |
| 37 | ov_037 | 1.9016459549621424 × 10^293 |
| 38 | ov_038 | 1.612048651536013 × 10^293 |
| 39 | ov_039 | 1.3568946898726187 × 10^293 |
| 40 | ov_040 | 1.133127144673853 × 10^293 |
| 41 | ov_041 | 9.378468194200639 × 10^292 |
| 42 | ov_042 | 7.68304637023922 × 10^292 |
| 43 | ov_043 | 6.231627211300671 × 10^292 |
| 44 | ov_044 | 4.999542911512279 × 10^292 |
| 45 | ov_045 | 3.96346822591183 × 10^292 |
| 46 | ov_046 | 3.101386149100843 × 10^292 |
| 47 | ov_047 | 2.39256077652673 × 10^292 |
| 48 | ov_048 | 1.817516225580628 × 10^292 |
| 49 | ov_049 | 1.3580205803780938 × 10^292 |
| 50 | ov_050 | 9.970739091671195 × 10^291 |
| 51 | ov_051 | 7.188994871357157 × 10^291 |
| 52 | ov_052 | 5.0893747904287245 × 10^291 |
| 53 | ov_053 | 3.538404958324128 × 10^291 |
| 54 | ov_054 | 2.4147054972912657 × 10^291 |
| 55 | ov_055 | 1.608970169606737 × 10^291 |
| 56 | ov_056 | 1.0239532526978005 × 10^291 |
| 57 | ov_057 | 6.14045754935622 × 10^290 |
| 58 | ov_058 | 3.3966349797819086 × 10^290 |
| 59 | ov_059 | 1.672455626802674 × 10^290 |
| 60 | ov_060 | 6.925356792640302 × 10^289 |
| 61 | ov_061 | 2.4171404740401015 × 10^289 |
| 62 | ov_062 | 6.625373453791664 × 10^288 |
| 63 | ov_063 | 1.2902225159171444 × 10^288 |
| 64 | lv_79_m31 | 2.5120187103058314 × 10^287 |
| 65 | ov_065 | 2.985902540545627 × 10^288 |
| 66 | ov_066 | 2.9858929661088864 × 10^288 |
| 67 | ov_067 | 2.985890622748338 × 10^288 |
| 68 | ov_068 | 2.5778182966276174 × 10^288 |
| 69 | ov_069 | 2.214183666658729 × 10^288 |
| 70 | ov_070 | 1.8913604064616027 × 10^288 |
| 71 | ov_071 | 1.6059453755555357 × 10^288 |
| 72 | ov_072 | 1.3547435042157046 × 10^288 |
| 73 | ov_073 | 1.134754013338779 × 10^288 |
| 74 | ov_074 | 9.431578990258989 × 10^287 |
| 75 | ov_075 | 7.773066142479402 × 10^287 |
| 76 | ov_076 | 6.347118821270266 × 10^287 |
| 77 | ov_077 | 5.130365771136239 × 10^287 |
| 78 | ov_078 | 4.100866117250198 × 10^287 |
| 79 | ov_079 | 3.2380376759418234 × 10^287 |
| 80 | ov_080 | 2.5225941040779312 × 10^287 |
| 81 | ov_081 | 1.9364902893609088 × 10^287 |
| 82 | ov_082 | 1.4628753881785569 × 10^287 |
| 83 | ov_083 | 1.0860529209822024 × 10^287 |
| 84 | ov_084 | 7.914473375492031 × 10^286 |
| 85 | ov_085 | 5.655764661419978 × 10^286 |
| 86 | ov_086 | 3.9602926170106467 × 10^286 |
| 87 | ov_087 | 2.7144826894905465 × 10^286 |
| 88 | ov_088 | 1.8151621674611352 × 10^286 |
| 89 | ov_089 | 1.1694616030611502 × 10^286 |
| 90 | ov_090 | 7.335118011481489 × 10^285 |
| 91 | ov_091 | 4.348668602453128 × 10^285 |
| 92 | ov_092 | 2.3984679975572138 × 10^285 |
| 93 | ov_093 | 1.1984782802527525 × 10^285 |
| 94 | ov_094 | 5.133754639300694 × 10^284 |
| 95 | aaa_78_28 | 1.5852989265726428 × 10^284 |
| 96 | aaa_78_29 | 4.868738384964752 × 10^283 |
| 97 | ov_097 | 3.215800036020483 × 10^283 |
| 98 | ov_098 | 3.2157033114809016 × 10^283 |
| 99 | ov_099 | 3.2156723814267095 × 10^283 |
| 100 | ov_100 | 2.8938620769616956 × 10^283 |
| 101 | ov_101 | 2.595778399406901 × 10^283 |
| 102 | ov_102 | 2.3201212436860495 × 10^283 |
| 103 | ov_103 | 2.0656857351342872 × 10^283 |
| 104 | ov_104 | 1.831349680028708 × 10^283 |
| 105 | ov_105 | 1.6160621757182852 × 10^283 |
| 106 | ov_106 | 1.4188333205409138 × 10^283 |
| 107 | ov_107 | 1.2387249658584072 × 10^283 |
| 108 | ov_108 | 1.0748424542591166 × 10^283 |
| 109 | ov_109 | 9.263272893319156 × 10^282 |
| 110 | ov_110 | 7.923506834570954 × 10^282 |
| 111 | ov_111 | 6.721079308396932 × 10^282 |
| 112 | ov_112 | 5.648135535756227 × 10^282 |
| 113 | ov_113 | 4.6969716893366953 × 10^282 |
| 114 | ov_114 | 3.8600002629618207 × 10^282 |
| 115 | ov_115 | 3.1297216236367623 × 10^282 |
| 116 | ov_116 | 2.4987012332504587 × 10^282 |
| 117 | ov_117 | 1.959552027515919 × 10^282 |
| 118 | ov_118 | 1.5049209554076357 × 10^282 |
| 119 | ov_119 | 1.1274786825804939 × 10^282 |
| 120 | ov_120 | 8.199120749697574 × 10^281 |
| 121 | ov_121 | 5.749187860321632 × 10^281 |
| 122 | ov_122 | 3.852032711208454 × 10^281 |
| 123 | ov_123 | 2.4347397321987846 × 10^281 |
| 124 | ov_124 | 1.4244142427151635 × 10^281 |
| 125 | ov_125 | 7.481706872273775 × 10^280 |
| 126 | ov_126 | 3.3312663302081025 × 10^280 |
| 127 | aaa_77_28 | 1.064004656993115 × 10^280 |
| 128 | aaa_77_29 | 3.99058717881288 × 10^279 |
| 129 | ov_129 | 3.666320538949379 × 10^279 |
| 130 | ov_130 | 3.666309448408908 × 10^279 |
| 131 | ov_131 | 3.666306767209519 × 10^279 |
| 132 | ov_132 | 3.177380320532102 × 10^279 |
| 133 | ov_133 | 2.73912814770828 × 10^279 |
| 134 | ov_134 | 2.3475657804974223 × 10^279 |
| 135 | ov_135 | 1.9989214685955592 × 10^279 |
| 136 | ov_136 | 1.6896209266485537 × 10^279 |
| 137 | ov_137 | 1.4179246112634996 × 10^279 |
| 138 | ov_138 | 1.180615725424527 × 10^279 |
| 139 | ov_139 | 9.746411553986779 × 10^278 |
| 140 | ov_140 | 7.97103557928692 × 10^278 |
| 141 | ov_141 | 6.452548240006769 × 10^278 |
| 142 | ov_142 | 5.164907553946894 × 10^278 |
| 143 | ov_143 | 4.0834679975804665 × 10^278 |
| 144 | ov_144 | 3.184946993882063 × 10^278 |
| 145 | ov_145 | 2.4473991830273813 × 10^278 |
| 146 | ov_146 | 1.85019721528637 × 10^278 |
| 147 | ov_147 | 1.3740178987541008 × 10^278 |
| 148 | ov_148 | 1.0008326277394518 × 10^278 |
| 149 | ov_149 | 7.139011107063117 × 10^277 |
| 150 | ov_150 | 4.977675096633732 × 10^277 |
| 151 | ov_151 | 3.382581958473773 × 10^277 |
| 152 | ov_152 | 2.2248045173638794 × 10^277 |
| 153 | ov_153 | 1.3882165982706315 × 10^277 |
| 154 | ov_154 | 8.179545514551122 × 10^276 |
| 155 | ov_155 | 4.234797560248085 × 10^276 |
| 156 | aaa_76_25 | 1.6272061508758674 × 10^276 |
| 157 | aaa_76_26 | 9.396497466778186 × 10^275 |
| 158 | aaa_76_27 | 4.8098203696190146 × 10^275 |
| 159 | aaa_76_28 | 1.8726319574438477 × 10^275 |
| 160 | aaa_76_29 | 5.694766710040676 × 10^274 |

### Output Bits Sorted by Complexity

| Rank | Output Bit | Complexity |
|:----:|:----------:|:----------:|
| 160 | aaa_76_29 | 5.694766710040676 × 10^274 |
| 159 | aaa_76_28 | 1.8726319574438477 × 10^275 |
| 158 | aaa_76_27 | 4.8098203696190146 × 10^275 |
| 157 | aaa_76_26 | 9.396497466778186 × 10^275 |
| 156 | aaa_76_25 | 1.6272061508758674 × 10^276 |
| 155 | ov_155 | 4.234797560248085 × 10^276 |
| 154 | ov_154 | 8.179545514551122 × 10^276 |
| 153 | ov_153 | 1.3882165982706315 × 10^277 |
| 152 | ov_152 | 2.2248045173638794 × 10^277 |
| 151 | ov_151 | 3.382581958473773 × 10^277 |
| 150 | ov_150 | 4.977675096633732 × 10^277 |
| 149 | ov_149 | 7.139011107063117 × 10^277 |
| 148 | ov_148 | 1.0008326277394518 × 10^278 |
| 147 | ov_147 | 1.3740178987541008 × 10^278 |
| 146 | ov_146 | 1.85019721528637 × 10^278 |
| 145 | ov_145 | 2.4473991830273813 × 10^278 |
| 144 | ov_144 | 3.184946993882063 × 10^278 |
| 143 | ov_143 | 4.0834679975804665 × 10^278 |
| 142 | ov_142 | 5.164907553946894 × 10^278 |
| 141 | ov_141 | 6.452548240006769 × 10^278 |
| 140 | ov_140 | 7.97103557928692 × 10^278 |
| 139 | ov_139 | 9.746411553986779 × 10^278 |
| 138 | ov_138 | 1.180615725424527 × 10^279 |
| 137 | ov_137 | 1.4179246112634996 × 10^279 |
| 136 | ov_136 | 1.6896209266485537 × 10^279 |
| 135 | ov_135 | 1.9989214685955592 × 10^279 |
| 134 | ov_134 | 2.3475657804974223 × 10^279 |
| 133 | ov_133 | 2.73912814770828 × 10^279 |
| 132 | ov_132 | 3.177380320532102 × 10^279 |
| 131 | ov_131 | 3.666306767209519 × 10^279 |
| 130 | ov_130 | 3.666309448408908 × 10^279 |
| 129 | ov_129 | 3.666320538949379 × 10^279 |
| 128 | aaa_77_29 | 3.99058717881288 × 10^279 |
| 127 | aaa_77_28 | 1.064004656993115 × 10^280 |
| 126 | ov_126 | 3.3312663302081025 × 10^280 |
| 125 | ov_125 | 7.481706872273775 × 10^280 |
| 124 | ov_124 | 1.4244142427151635 × 10^281 |
| 123 | ov_123 | 2.4347397321987846 × 10^281 |
| 122 | ov_122 | 3.852032711208454 × 10^281 |
| 121 | ov_121 | 5.749187860321632 × 10^281 |
| 120 | ov_120 | 8.199120749697574 × 10^281 |
| 119 | ov_119 | 1.1274786825804939 × 10^282 |
| 118 | ov_118 | 1.5049209554076357 × 10^282 |
| 117 | ov_117 | 1.959552027515919 × 10^282 |
| 116 | ov_116 | 2.4987012332504587 × 10^282 |
| 115 | ov_115 | 3.1297216236367623 × 10^282 |
| 114 | ov_114 | 3.8600002629618207 × 10^282 |
| 113 | ov_113 | 4.6969716893366953 × 10^282 |
| 112 | ov_112 | 5.648135535756227 × 10^282 |
| 111 | ov_111 | 6.721079308396932 × 10^282 |
| 110 | ov_110 | 7.923506834570954 × 10^282 |
| 109 | ov_109 | 9.263272893319156 × 10^282 |
| 108 | ov_108 | 1.0748424542591166 × 10^283 |
| 107 | ov_107 | 1.2387249658584072 × 10^283 |
| 106 | ov_106 | 1.4188333205409138 × 10^283 |
| 105 | ov_105 | 1.6160621757182852 × 10^283 |
| 104 | ov_104 | 1.831349680028708 × 10^283 |
| 103 | ov_103 | 2.0656857351342872 × 10^283 |
| 102 | ov_102 | 2.3201212436860495 × 10^283 |
| 101 | ov_101 | 2.595778399406901 × 10^283 |
| 100 | ov_100 | 2.8938620769616956 × 10^283 |
| 99 | ov_099 | 3.2156723814267095 × 10^283 |
| 98 | ov_098 | 3.2157033114809016 × 10^283 |
| 97 | ov_097 | 3.215800036020483 × 10^283 |
| 96 | aaa_78_29 | 4.868738384964752 × 10^283 |
| 95 | aaa_78_28 | 1.5852989265726428 × 10^284 |
| 94 | ov_094 | 5.133754639300694 × 10^284 |
| 93 | ov_093 | 1.1984782802527525 × 10^285 |
| 92 | ov_092 | 2.3984679975572138 × 10^285 |
| 91 | ov_091 | 4.348668602453128 × 10^285 |
| 90 | ov_090 | 7.335118011481489 × 10^285 |
| 89 | ov_089 | 1.1694616030611502 × 10^286 |
| 88 | ov_088 | 1.8151621674611352 × 10^286 |
| 87 | ov_087 | 2.7144826894905465 × 10^286 |
| 86 | ov_086 | 3.9602926170106467 × 10^286 |
| 85 | ov_085 | 5.655764661419978 × 10^286 |
| 84 | ov_084 | 7.914473375492031 × 10^286 |
| 83 | ov_083 | 1.0860529209822024 × 10^287 |
| 82 | ov_082 | 1.4628753881785569 × 10^287 |
| 81 | ov_081 | 1.9364902893609088 × 10^287 |
| 64 | lv_79_m31 | 2.5120187103058314 × 10^287 |
| 80 | ov_080 | 2.5225941040779312 × 10^287 |
| 79 | ov_079 | 3.2380376759418234 × 10^287 |
| 78 | ov_078 | 4.100866117250198 × 10^287 |
| 77 | ov_077 | 5.130365771136239 × 10^287 |
| 76 | ov_076 | 6.347118821270266 × 10^287 |
| 75 | ov_075 | 7.773066142479402 × 10^287 |
| 74 | ov_074 | 9.431578990258989 × 10^287 |
| 73 | ov_073 | 1.134754013338779 × 10^288 |
| 63 | ov_063 | 1.2902225159171444 × 10^288 |
| 72 | ov_072 | 1.3547435042157046 × 10^288 |
| 71 | ov_071 | 1.6059453755555357 × 10^288 |
| 70 | ov_070 | 1.8913604064616027 × 10^288 |
| 69 | ov_069 | 2.214183666658729 × 10^288 |
| 68 | ov_068 | 2.5778182966276174 × 10^288 |
| 67 | ov_067 | 2.985890622748338 × 10^288 |
| 66 | ov_066 | 2.9858929661088864 × 10^288 |
| 65 | ov_065 | 2.985902540545627 × 10^288 |
| 62 | ov_062 | 6.625373453791664 × 10^288 |
| 61 | ov_061 | 2.4171404740401015 × 10^289 |
| 60 | ov_060 | 6.925356792640302 × 10^289 |
| 59 | ov_059 | 1.672455626802674 × 10^290 |
| 58 | ov_058 | 3.3966349797819086 × 10^290 |
| 57 | ov_057 | 6.14045754935622 × 10^290 |
| 56 | ov_056 | 1.0239532526978005 × 10^291 |
| 55 | ov_055 | 1.608970169606737 × 10^291 |
| 54 | ov_054 | 2.4147054972912657 × 10^291 |
| 53 | ov_053 | 3.538404958324128 × 10^291 |
| 52 | ov_052 | 5.0893747904287245 × 10^291 |
| 51 | ov_051 | 7.188994871357157 × 10^291 |
| 50 | ov_050 | 9.970739091671195 × 10^291 |
| 49 | ov_049 | 1.3580205803780938 × 10^292 |
| 48 | ov_048 | 1.817516225580628 × 10^292 |
| 47 | ov_047 | 2.39256077652673 × 10^292 |
| 32 | lv_80_m31 | 2.8959730340273106 × 10^292 |
| 46 | ov_046 | 3.101386149100843 × 10^292 |
| 45 | ov_045 | 3.96346822591183 × 10^292 |
| 44 | ov_044 | 4.999542911512279 × 10^292 |
| 43 | ov_043 | 6.231627211300671 × 10^292 |
| 42 | ov_042 | 7.68304637023922 × 10^292 |
| 41 | ov_041 | 9.378468194200639 × 10^292 |
| 40 | ov_040 | 1.133127144673853 × 10^293 |
| 39 | ov_039 | 1.3568946898726187 × 10^293 |
| 31 | ov_031 | 1.4856535406821375 × 10^293 |
| 38 | ov_038 | 1.612048651536013 × 10^293 |
| 37 | ov_037 | 1.9016459549621424 × 10^293 |
| 36 | ov_036 | 2.2289102819415253 × 10^293 |
| 35 | ov_035 | 2.5972426870664623 × 10^293 |
| 34 | ov_034 | 3.0102339840380378 × 10^293 |
| 33 | ov_033 | 3.471679095160085 × 10^293 |
| 30 | ov_030 | 7.62000387648461 × 10^293 |
| 29 | ov_029 | 2.4934667669077742 × 10^294 |
| 28 | ov_028 | 6.473366482417467 × 10^294 |
| 27 | ov_027 | 1.4471889984232654 × 10^295 |
| 26 | ov_026 | 2.894516223734666 × 10^295 |
| 25 | ov_025 | 5.3035250391121 × 10^295 |
| 24 | ov_024 | 9.37122601920882 × 10^295 |
| 23 | ov_023 | 1.5549028720688913 × 10^296 |
| 22 | ov_022 | 2.480837852587914 × 10^296 |
| 21 | ov_021 | 3.825801470613903 × 10^296 |
| 20 | ov_020 | 5.714408349759906 × 10^296 |
| 19 | ov_019 | 8.285032293994457 × 10^296 |
| 18 | ov_018 | 1.1689834391880959 × 10^297 |
| 17 | ov_017 | 1.609480366709147 × 10^297 |
| 16 | ov_016 | 2.167981413915149 × 10^297 |
| 15 | ov_015 | 2.8638704069064944 × 10^297 |
| 14 | ov_014 | 3.717938525637916 × 10^297 |
| 13 | ov_013 | 4.7523991615590564 × 10^297 |
| 12 | ov_012 | 5.990907722668039 × 10^297 |
| 11 | ov_011 | 7.458587502355847 × 10^297 |
| 10 | ov_010 | 9.18206282562647 × 10^297 |
| 9 | ov_009 | 1.1189500783926005 × 10^298 |
| 8 | ov_008 | 1.35106629680792 × 10^298 |
| 7 | ov_007 | 1.6176968707943926 × 10^298 |
| 6 | ov_006 | 1.9221571427645713 × 10^298 |
| 5 | ov_005 | 2.2679449827011515 × 10^298 |
| 4 | ov_004 | 2.6587515703529146 × 10^298 |
| 3 | ov_003 | 3.0984740208605 × 10^298 |
| 2 | ov_002 | 3.5912300187702 × 10^298 |
| 1 | ov_001 | 4.1413746367068044 × 10^298 |

