# Results for F001-F002-F003-F004-F005-F006-F007-F008-F009-F010-F011-F012-F013-F014-F015-F016-F017-F018-F019-F020-F021-F022-F023-F024-F025-F026-F027-F028-F029-F030-F031-F032-F033-F034-F035-F036-F037-F038-F039-F040-F041-F042-F043-F044-F045-F046-F047-F048-F049-F050-F051-F052-F053-F054-F055-F056-F057-F058-F059-F060-F061-F062-F063-F064-F065-F066-F067-F068-F069-F070-F071-F072-F073-F074-F075-F076-F077-F078-F079-F080-F081-F082-F083-F084-F085-F086-F087-F088-F089-F090-F091-F092-F093-F094-F095-F096-F097-F098-F099-F100-F101-F102-F103-F104-F105-F106-F107-F108-F109-F110-F111-F112-F113-F114-F115-F116-F117-F118-F119-F120-F121-F122-F123-F124-F125-F126-F127-F128-F129-F130-F131-F132-F133-F134-F135-F136-F137-F138-F139-F140-F141-F142-F143-F144-F145-F146-F147-F148-F149-F150-F151-F152-F153-F154-F155-F156-F157-F158-F159-F160-F161-F162-F163-F164-F165-F166-F167-F168-F169-F170-F171-F172-F173-F174-F175-F176-F177-F178-F179-F180-F181-F182-F183-F184-F185-F186-F187-F188-F189-F190-F191-F192-F193-F194-F195-F196-F197-F198-F199-F200-F201-F202-F203-F204-F205-F206-F207-F208-F209-F210-F211-F212-F213-F214-F215-F216-F217-F218-F219-F220-F221-F222-F223-F224-F225-F226-F227-F228-F229-F230-F231-F232-F233-F234-F235-F236-F237-F238-F239-F240-F241-F242-F243-F244-F245-F246-F247-F248-F249-F250-F251-F252-F253-F254-F255-F256-F257-F258-F259-F260-F261-F262-F263-F264-F265-F266-F267-F268-F269-F270-F271-F272-F273-F274-F275-F276-F277-F278-F279-F280-F281-F282-F283-F284-F285-F286-F287-F288-F289-F290-F291-F292-F293-F294-F295-F296-F297-F298-F299-F300-F301-F302-F303-F304-F305-F306-F307-F308-F309-F310-F311-F312-F313-F314-F315-F316-F317-F318-F319-F320-F321-F322-F323-F324-F325-F326-F327-F328-F329-F330-F331-F332-F333-F334-F335-F336-F337-F338-F339-F340-F341-F342-F343-F344-F345-F346-F347-F348-F349-F350-F351-F352-F353-F354-F355-F356-F357-F358-F359-F360-F361-F362-F363-F364-F365-F366-F367-F368-F369-F370-F371-F372-F373-F374-F375-F376-F377-F378-F379-F380-F381-F382-F383-F384-F385-F386-F387-F388-F389-F390-F391-F392-F393-F394-F395-F396-F397-F398-F399-F400-F401-F402-F403-F404-F405-F406-F407-F408-F409-F410-F411-F412-F413-F414-F415-F416-F417-F418-F419-F420-F421-F422-F423-F424-F425-F426-F427-F428-F429-F430-F431-F432-F433-F434-F435-F436-F437-F438-F439-F440-F441-F442-F443-F444-F445-F446-F447-F448-F449-F450-F451-F452-F453-F454-F455-F456-F457-F458-F459-F460-F461-F462-F463-F464-F465-F466-F467-F468-F469-F470-F471-F472-F473-F474-F475-F476-F477-F478-F479-F480-F481-F482-F483-F484-F485-F486-F487-F488-F489-F490-F491-F492-F493-F494-F495-F496-O500505-T509-F510-F511-F512

## Summary

Number of input bits: 512  
Number of free input bits: 11  
Number of output bits: 160

Number of direct occurrences: 46078  
Number of assignments: 31658  
Number of operations: 12051640
(xor: 12022402,
and: 15813,
or: 13425)

Total complexity: 2.431815334292808 × 10^306

Least occurring input variable: iv_498 (3993)  
Most occurring input variable: iv_508 (4400)

Most co-occurring input variables: iv_500-iv_508 (2164)  
Least co-occurring input variables: iv_498-iv_504 (1846)

Potentially most occurring input variable: iv_500/iv_507 (4633)  
Potentially least occurring input variable: iv_498/iv_506 (4246)

Least output occurring input variable: iv_504 (70)  
Most output occurring input variable: iv_508 (88)

Most output co-occurring input variables: iv_497-iv_508 (52)  
Least output co-occurring input variables: iv_501-iv_504 (29)

Potentially most output occurring input variable: iv_501/iv_504 (90)  
Potentially least output occurring input variable: iv_501/iv_508 (64)

Least complex input bit: iv_497 (9.97378480040844 × 10^303)  
Most complex input bit: iv_500 (6.50761084275716 × 10^305)

Least complex output bit: aaa_76_29 (7.530815052238032 × 10^280)  
Most complex output bit: ov_001 (3.889913578214427 × 10^305)

Least complex input/output complexity: iv_497/aaa_76_29 (3.088669096024984 × 10^278)  
Most complex input/output complexity: iv_500/ov_001 (1.040952551865457 × 10^305)

## Input Bits

### Input Bits in Regular Order

| Input Bit | Complexity | Occurrences | Output Occurrences |
|:---------:|:----------:|:-----------:|:------------------:|
| iv_497 | 9.97378480040844 × 10^303 | 4210 | 87 |
| iv_498 | 1.9945249528102476 × 10^304 | 3993 | 86 |
| iv_499 | 3.520471395646903 × 10^304 | 4071 | 79 |
| iv_500 | 6.50761084275716 × 10^305 | 4356 | 77 |
| iv_501 | 9.742472303340695 × 10^304 | 4229 | 78 |
| iv_502 | 1.5714359019501146 × 10^305 | 4048 | 73 |
| iv_503 | 2.4895749834362704 × 10^305 | 4202 | 76 |
| iv_504 | 3.87120596140898 × 10^305 | 4081 | 70 |
| iv_506 | 2.970924744829194 × 10^305 | 4159 | 82 |
| iv_507 | 4.0540353197443405 × 10^305 | 4329 | 76 |
| iv_508 | 1.2278808756181766 × 10^305 | 4400 | 88 |

### Input Bits Sorted by Complexity

| Input Bit | Complexity | Occurrences | Output Occurrences |
|:---------:|:----------:|:-----------:|:------------------:|
| iv_497 | 9.97378480040844 × 10^303 | 4210 | 87 |
| iv_498 | 1.9945249528102476 × 10^304 | 3993 | 86 |
| iv_499 | 3.520471395646903 × 10^304 | 4071 | 79 |
| iv_501 | 9.742472303340695 × 10^304 | 4229 | 78 |
| iv_508 | 1.2278808756181766 × 10^305 | 4400 | 88 |
| iv_502 | 1.5714359019501146 × 10^305 | 4048 | 73 |
| iv_503 | 2.4895749834362704 × 10^305 | 4202 | 76 |
| iv_506 | 2.970924744829194 × 10^305 | 4159 | 82 |
| iv_504 | 3.87120596140898 × 10^305 | 4081 | 70 |
| iv_507 | 4.0540353197443405 × 10^305 | 4329 | 76 |
| iv_500 | 6.50761084275716 × 10^305 | 4356 | 77 |

### Input Bits Sorted by Occurrences

| Input Bit | Complexity | Occurrences | Output Occurrences |
|:---------:|:----------:|:-----------:|:------------------:|
| iv_498 | 1.9945249528102476 × 10^304 | 3993 | 86 |
| iv_502 | 1.5714359019501146 × 10^305 | 4048 | 73 |
| iv_499 | 3.520471395646903 × 10^304 | 4071 | 79 |
| iv_504 | 3.87120596140898 × 10^305 | 4081 | 70 |
| iv_506 | 2.970924744829194 × 10^305 | 4159 | 82 |
| iv_503 | 2.4895749834362704 × 10^305 | 4202 | 76 |
| iv_497 | 9.97378480040844 × 10^303 | 4210 | 87 |
| iv_501 | 9.742472303340695 × 10^304 | 4229 | 78 |
| iv_507 | 4.0540353197443405 × 10^305 | 4329 | 76 |
| iv_500 | 6.50761084275716 × 10^305 | 4356 | 77 |
| iv_508 | 1.2278808756181766 × 10^305 | 4400 | 88 |

### Input Bits Sorted by Output Occurrences

| Input Bit | Complexity | Occurrences | Output Occurrences |
|:---------:|:----------:|:-----------:|:------------------:|
| iv_504 | 3.87120596140898 × 10^305 | 4081 | 70 |
| iv_502 | 1.5714359019501146 × 10^305 | 4048 | 73 |
| iv_503 | 2.4895749834362704 × 10^305 | 4202 | 76 |
| iv_507 | 4.0540353197443405 × 10^305 | 4329 | 76 |
| iv_500 | 6.50761084275716 × 10^305 | 4356 | 77 |
| iv_501 | 9.742472303340695 × 10^304 | 4229 | 78 |
| iv_499 | 3.520471395646903 × 10^304 | 4071 | 79 |
| iv_506 | 2.970924744829194 × 10^305 | 4159 | 82 |
| iv_498 | 1.9945249528102476 × 10^304 | 3993 | 86 |
| iv_497 | 9.97378480040844 × 10^303 | 4210 | 87 |
| iv_508 | 1.2278808756181766 × 10^305 | 4400 | 88 |

## Input Bit Co-occurrences

### Input Bit Co-occurrences Sorted by Co-occurrences

| Input Bits | Co-occurrences | Potential Occurrences | Output Co-occurrences | Potential Output Occurrences |
|:----------:|:--------------:|:---------------------:|:---------------------:|:----------------------------:|
| iv_500-iv_508 | 2164 | 4428 | 46 | 73 |
| iv_501-iv_508 | 2153 | 4323 | 51 | 64 |
| iv_497-iv_508 | 2130 | 4350 | 52 | 71 |
| iv_501-iv_507 | 2098 | 4362 | 44 | 66 |
| iv_507-iv_508 | 2088 | 4553 | 43 | 78 |
| iv_501-iv_503 | 2067 | 4297 | 43 | 68 |
| iv_500-iv_501 | 2059 | 4467 | 37 | 81 |
| iv_497-iv_500 | 2057 | 4452 | 45 | 74 |
| iv_503-iv_507 | 2052 | 4427 | 37 | 78 |
| iv_500-iv_503 | 2051 | 4456 | 41 | 71 |
| iv_500-iv_506 | 2050 | 4415 | 41 | 77 |

### Input Bit Co-occurrences Sorted by Potential Occurrences

| Input Bits | Co-occurrences | Potential Occurrences | Output Co-occurrences | Potential Output Occurrences |
|:----------:|:--------------:|:---------------------:|:---------------------:|:----------------------------:|
| iv_498-iv_506 | 1953 | 4246 | 46 | 76 |
| iv_499-iv_502 | 1936 | 4247 | 38 | 76 |
| iv_501-iv_504 | 2019 | 4272 | 29 | 90 |
| iv_498-iv_502 | 1876 | 4289 | 39 | 81 |
| iv_501-iv_503 | 2067 | 4297 | 43 | 68 |
| iv_497-iv_499 | 1992 | 4297 | 40 | 86 |
| iv_502-iv_506 | 1955 | 4297 | 39 | 77 |
| iv_498-iv_501 | 1958 | 4306 | 43 | 78 |
| iv_498-iv_499 | 1876 | 4312 | 43 | 79 |
| iv_501-iv_502 | 1978 | 4321 | 36 | 79 |
| iv_501-iv_508 | 2153 | 4323 | 51 | 64 |

### Input Bit Output Co-occurrences Sorted by Output Co-occurrences

| Input Bits | Co-occurrences | Potential Occurrences | Output Co-occurrences | Potential Output Occurrences |
|:----------:|:--------------:|:---------------------:|:---------------------:|:----------------------------:|
| iv_497-iv_508 | 2130 | 4350 | 52 | 71 |
| iv_501-iv_508 | 2153 | 4323 | 51 | 64 |
| iv_497-iv_498 | 1875 | 4453 | 47 | 79 |
| iv_498-iv_500 | 1946 | 4457 | 47 | 69 |
| iv_503-iv_508 | 2028 | 4546 | 47 | 70 |
| iv_500-iv_508 | 2164 | 4428 | 46 | 73 |
| iv_498-iv_506 | 1953 | 4246 | 46 | 76 |
| iv_506-iv_508 | 2049 | 4461 | 46 | 78 |
| iv_499-iv_506 | 1943 | 4344 | 46 | 69 |
| iv_497-iv_500 | 2057 | 4452 | 45 | 74 |
| iv_501-iv_507 | 2098 | 4362 | 44 | 66 |

### Input Bit Output Co-occurrences Sorted by Potential Output Occurrences

| Input Bits | Co-occurrences | Potential Occurrences | Output Co-occurrences | Potential Output Occurrences |
|:----------:|:--------------:|:---------------------:|:---------------------:|:----------------------------:|
| iv_501-iv_508 | 2153 | 4323 | 51 | 64 |
| iv_501-iv_507 | 2098 | 4362 | 44 | 66 |
| iv_501-iv_503 | 2067 | 4297 | 43 | 68 |
| iv_498-iv_500 | 1946 | 4457 | 47 | 69 |
| iv_499-iv_506 | 1943 | 4344 | 46 | 69 |
| iv_503-iv_508 | 2028 | 4546 | 47 | 70 |
| iv_506-iv_507 | 2034 | 4420 | 44 | 70 |
| iv_497-iv_508 | 2130 | 4350 | 52 | 71 |
| iv_500-iv_503 | 2051 | 4456 | 41 | 71 |
| iv_503-iv_506 | 1956 | 4449 | 43 | 72 |
| iv_500-iv_508 | 2164 | 4428 | 46 | 73 |

## Output Bits

### Output Bits in Regular Order

| Rank | Output Bit | Complexity |
|:----:|:----------:|:----------:|
| 1 | ov_001 | 3.889913578214427 × 10^305 |
| 2 | ov_002 | 3.373427105013969 × 10^305 |
| 3 | ov_003 | 2.9107521946576005 × 10^305 |
| 4 | ov_004 | 2.4978113363440897 × 10^305 |
| 5 | ov_005 | 2.13074935210639 × 10^305 |
| 6 | ov_006 | 1.8059175452607663 × 10^305 |
| 7 | ov_007 | 1.519859895149926 × 10^305 |
| 8 | ov_008 | 1.2693011651947963 × 10^305 |
| 9 | ov_009 | 1.0511367761991416 × 10^305 |
| 10 | ov_010 | 8.624242697084307 × 10^304 |
| 11 | ov_011 | 7.003761842202815 × 10^304 |
| 12 | ov_012 | 5.623541771724261 × 10^304 |
| 13 | ov_013 | 4.4586423556932564 × 10^304 |
| 14 | ov_014 | 3.48552827895083 × 10^304 |
| 15 | ov_015 | 2.6820385963489765 × 10^304 |
| 16 | ov_016 | 2.027363043195906 × 10^304 |
| 17 | ov_017 | 1.5020239154058022 × 10^304 |
| 18 | ov_018 | 1.0878624287339309 × 10^304 |
| 19 | ov_019 | 7.680285610894526 × 10^303 |
| 20 | ov_020 | 5.269735208959151 × 10^303 |
| 21 | ov_021 | 3.504442065672401 × 10^303 |
| 22 | ov_022 | 2.2547922653243496 × 10^303 |
| 23 | ov_023 | 1.404061467756068 × 10^303 |
| 24 | ov_024 | 8.483967991823399 × 10^302 |
| 25 | ov_025 | 4.968057692154252 × 10^302 |
| 26 | ov_026 | 2.711501985513458 × 10^302 |
| 27 | ov_027 | 1.3557407077703897 × 10^302 |
| 28 | ov_028 | 6.064667640590612 × 10^301 |
| 29 | ov_029 | 2.336232541143799 × 10^301 |
| 30 | ov_030 | 7.140271839416934 × 10^300 |
| 31 | ov_031 | 1.3923422313855304 × 10^300 |
| 32 | lv_80_m31 | 2.71459010936233 × 10^299 |
| 33 | ov_033 | 3.2528819599525246 × 10^300 |
| 34 | ov_034 | 2.820525574031037 × 10^300 |
| 35 | ov_035 | 2.4337642198486616 × 10^300 |
| 36 | ov_036 | 2.0888860568586923 × 10^300 |
| 37 | ov_037 | 1.782379869299428 × 10^300 |
| 38 | ov_038 | 1.5109208583421078 × 10^300 |
| 39 | ov_039 | 1.2713583532709232 × 10^300 |
| 40 | ov_040 | 1.0607052608711771 × 10^300 |
| 41 | ov_041 | 8.761290814674171 × 10^299 |
| 42 | ov_042 | 7.162511833083208 × 10^299 |
| 43 | ov_043 | 5.7976471213282485 × 10^299 |
| 44 | ov_044 | 4.642603256816558 × 10^299 |
| 45 | ov_045 | 3.6745988541571713 × 10^299 |
| 46 | ov_046 | 2.872130408194613 × 10^299 |
| 47 | ov_047 | 2.2149453406517415 × 10^299 |
| 48 | ov_048 | 1.684021134676027 × 10^299 |
| 49 | ov_049 | 1.261549524424968 × 10^299 |
| 50 | ov_050 | 9.309247894477921 × 10^298 |
| 51 | ov_051 | 6.767352860755322 × 10^298 |
| 52 | ov_052 | 4.847574303616715 × 10^298 |
| 53 | ov_053 | 3.4195146303544545 × 10^298 |
| 54 | ov_054 | 2.3645850501627326 × 10^298 |
| 55 | ov_055 | 1.5759857468972738 × 10^298 |
| 56 | ov_056 | 1.0032620946432694 × 10^298 |
| 57 | ov_057 | 6.018451789622731 × 10^297 |
| 58 | ov_058 | 3.3304900052640234 × 10^297 |
| 59 | ov_059 | 1.6406900375824385 × 10^297 |
| 60 | ov_060 | 6.798140074758762 × 10^296 |
| 61 | ov_061 | 2.3742924485237674 × 10^296 |
| 62 | ov_062 | 6.512137435994932 × 10^295 |
| 63 | ov_063 | 1.2690299800821178 × 10^295 |
| 64 | lv_79_m31 | 2.4724036535149592 × 10^294 |
| 65 | ov_065 | 2.936676395462909 × 10^295 |
| 66 | ov_066 | 2.936667654181525 × 10^295 |
| 67 | ov_067 | 2.936665545023941 × 10^295 |
| 68 | ov_068 | 2.540406052848624 × 10^295 |
| 69 | ov_069 | 2.1859873856858643 × 10^295 |
| 70 | ov_070 | 1.870243945087986 × 10^295 |
| 71 | ov_071 | 1.5901754265296525 × 10^295 |
| 72 | ov_072 | 1.3429350611371675 × 10^295 |
| 73 | ov_073 | 1.1258196001329623 × 10^295 |
| 74 | ov_074 | 9.362608651806907 × 10^294 |
| 75 | ov_075 | 7.718186971196242 × 10^294 |
| 76 | ov_076 | 6.301751445286257 × 10^294 |
| 77 | ov_077 | 5.091297422241696 × 10^294 |
| 78 | ov_078 | 4.0659573823020606 × 10^294 |
| 79 | ov_079 | 3.205971360080846 × 10^294 |
| 80 | ov_080 | 2.4926642684261396 × 10^294 |
| 81 | ov_081 | 1.908428952794454 × 10^294 |
| 82 | ov_082 | 1.4367138842681657 × 10^294 |
| 83 | ov_083 | 1.0620144779305992 × 10^294 |
| 84 | ov_084 | 7.698671014683238 × 10^293 |
| 85 | ov_085 | 5.4684491672065876 × 10^293 |
| 86 | ov_086 | 3.805548477896878 × 10^293 |
| 87 | ov_087 | 2.5963525692181665 × 10^293 |
| 88 | ov_088 | 1.7375416788683702 × 10^293 |
| 89 | ov_089 | 1.1360795954161102 × 10^293 |
| 90 | ov_090 | 7.092045228444232 × 10^292 |
| 91 | ov_091 | 4.181032464706783 × 10^292 |
| 92 | ov_092 | 2.2909562097703517 × 10^292 |
| 93 | ov_093 | 1.1363327803503519 × 10^292 |
| 94 | ov_094 | 4.8298990670193625 × 10^291 |
| 95 | aaa_78_28 | 1.4806413497340064 × 10^291 |
| 96 | aaa_78_29 | 4.495312210190387 × 10^290 |
| 97 | ov_097 | 2.427548929895091 × 10^290 |
| 98 | ov_098 | 2.4275361098667383 × 10^290 |
| 99 | ov_099 | 2.427532010258998 × 10^290 |
| 100 | ov_100 | 2.0772383415528024 × 10^290 |
| 101 | ov_101 | 1.7663344053835324 × 10^290 |
| 102 | ov_102 | 1.4916773396916065 × 10^290 |
| 103 | ov_103 | 1.2502964764501024 × 10^290 |
| 104 | ov_104 | 1.0393807180555291 × 10^290 |
| 105 | ov_105 | 8.562675768929049 × 10^289 |
| 106 | ov_106 | 6.984337247069375 × 10^289 |
| 107 | ov_107 | 5.634869063215313 × 10^289 |
| 108 | ov_108 | 4.49159079876947 × 10^289 |
| 109 | ov_109 | 3.533006531537838 × 10^289 |
| 110 | ov_110 | 2.7387569277379877 × 10^289 |
| 111 | ov_111 | 2.089579901506832 × 10^289 |
| 112 | ov_112 | 1.5672787504388883 × 10^289 |
| 113 | ov_113 | 1.154696744739026 × 10^289 |
| 114 | ov_114 | 8.35697216107426 × 10^288 |
| 115 | ov_115 | 5.951482606647862 × 10^288 |
| 116 | ov_116 | 4.1891123820137096 × 10^288 |
| 117 | ov_117 | 2.9383231788150334 × 10^288 |
| 118 | ov_118 | 2.0773638830831216 × 10^288 |
| 119 | ov_119 | 1.49422717580964 × 10^288 |
| 120 | ov_120 | 1.0866187231760329 × 10^288 |
| 121 | ov_121 | 7.619357512486036 × 10^287 |
| 122 | ov_122 | 5.105099623107476 × 10^287 |
| 123 | ov_123 | 3.2267833222358213 × 10^287 |
| 124 | ov_124 | 1.887805994235416 × 10^287 |
| 125 | ov_125 | 9.915770908478811 × 10^286 |
| 126 | ov_126 | 4.415101934994058 × 10^286 |
| 127 | aaa_77_28 | 1.410199657623806 × 10^286 |
| 128 | aaa_77_29 | 5.2891001438607445 × 10^285 |
| 129 | ov_129 | 4.856343364601764 × 10^285 |
| 130 | ov_130 | 4.8563286986125024 × 10^285 |
| 131 | ov_131 | 4.856325153101064 × 10^285 |
| 132 | ov_132 | 4.2084540491807813 × 10^285 |
| 133 | ov_133 | 3.627688814281257 × 10^285 |
| 134 | ov_134 | 3.1087597512836877 × 10^285 |
| 135 | ov_135 | 2.6466784640230513 × 10^285 |
| 136 | ov_136 | 2.2367176900205668 × 10^285 |
| 137 | ov_137 | 1.8765767452752526 × 10^285 |
| 138 | ov_138 | 1.5620011324338708 × 10^285 |
| 139 | ov_139 | 1.2889528250890722 × 10^285 |
| 140 | ov_140 | 1.0535998066718183 × 10^285 |
| 141 | ov_141 | 8.523074292845832 × 10^284 |
| 142 | ov_142 | 6.816313758707582 × 10^284 |
| 143 | ov_143 | 5.383120217539886 × 10^284 |
| 144 | ov_144 | 4.192700040946697 × 10^284 |
| 145 | ov_145 | 3.2160282023925645 × 10^284 |
| 146 | ov_146 | 2.4258228831085075 × 10^284 |
| 147 | ov_147 | 1.7965271572698446 × 10^284 |
| 148 | ov_148 | 1.3042963364568376 × 10^284 |
| 149 | ov_149 | 9.269896764154658 × 10^283 |
| 150 | ov_150 | 6.44165272043832 × 10^283 |
| 151 | ov_151 | 4.370770893694149 × 10^283 |
| 152 | ov_152 | 2.886732487578659 × 10^283 |
| 153 | ov_153 | 1.8359495174478316 × 10^283 |
| 154 | ov_154 | 1.0817576135497047 × 10^283 |
| 155 | ov_155 | 5.600547503643131 × 10^282 |
| 156 | aaa_76_25 | 2.1519753570348016 × 10^282 |
| 157 | aaa_76_26 | 1.2426670156796451 × 10^282 |
| 158 | aaa_76_27 | 6.360788879038134 × 10^281 |
| 159 | aaa_76_28 | 2.4764318172539472 × 10^281 |
| 160 | aaa_76_29 | 7.530815052238032 × 10^280 |

### Output Bits Sorted by Complexity

| Rank | Output Bit | Complexity |
|:----:|:----------:|:----------:|
| 160 | aaa_76_29 | 7.530815052238032 × 10^280 |
| 159 | aaa_76_28 | 2.4764318172539472 × 10^281 |
| 158 | aaa_76_27 | 6.360788879038134 × 10^281 |
| 157 | aaa_76_26 | 1.2426670156796451 × 10^282 |
| 156 | aaa_76_25 | 2.1519753570348016 × 10^282 |
| 155 | ov_155 | 5.600547503643131 × 10^282 |
| 154 | ov_154 | 1.0817576135497047 × 10^283 |
| 153 | ov_153 | 1.8359495174478316 × 10^283 |
| 152 | ov_152 | 2.886732487578659 × 10^283 |
| 151 | ov_151 | 4.370770893694149 × 10^283 |
| 150 | ov_150 | 6.44165272043832 × 10^283 |
| 149 | ov_149 | 9.269896764154658 × 10^283 |
| 148 | ov_148 | 1.3042963364568376 × 10^284 |
| 147 | ov_147 | 1.7965271572698446 × 10^284 |
| 146 | ov_146 | 2.4258228831085075 × 10^284 |
| 145 | ov_145 | 3.2160282023925645 × 10^284 |
| 144 | ov_144 | 4.192700040946697 × 10^284 |
| 143 | ov_143 | 5.383120217539886 × 10^284 |
| 142 | ov_142 | 6.816313758707582 × 10^284 |
| 141 | ov_141 | 8.523074292845832 × 10^284 |
| 140 | ov_140 | 1.0535998066718183 × 10^285 |
| 139 | ov_139 | 1.2889528250890722 × 10^285 |
| 138 | ov_138 | 1.5620011324338708 × 10^285 |
| 137 | ov_137 | 1.8765767452752526 × 10^285 |
| 136 | ov_136 | 2.2367176900205668 × 10^285 |
| 135 | ov_135 | 2.6466784640230513 × 10^285 |
| 134 | ov_134 | 3.1087597512836877 × 10^285 |
| 133 | ov_133 | 3.627688814281257 × 10^285 |
| 132 | ov_132 | 4.2084540491807813 × 10^285 |
| 131 | ov_131 | 4.856325153101064 × 10^285 |
| 130 | ov_130 | 4.8563286986125024 × 10^285 |
| 129 | ov_129 | 4.856343364601764 × 10^285 |
| 128 | aaa_77_29 | 5.2891001438607445 × 10^285 |
| 127 | aaa_77_28 | 1.410199657623806 × 10^286 |
| 126 | ov_126 | 4.415101934994058 × 10^286 |
| 125 | ov_125 | 9.915770908478811 × 10^286 |
| 124 | ov_124 | 1.887805994235416 × 10^287 |
| 123 | ov_123 | 3.2267833222358213 × 10^287 |
| 122 | ov_122 | 5.105099623107476 × 10^287 |
| 121 | ov_121 | 7.619357512486036 × 10^287 |
| 120 | ov_120 | 1.0866187231760329 × 10^288 |
| 119 | ov_119 | 1.49422717580964 × 10^288 |
| 118 | ov_118 | 2.0773638830831216 × 10^288 |
| 117 | ov_117 | 2.9383231788150334 × 10^288 |
| 116 | ov_116 | 4.1891123820137096 × 10^288 |
| 115 | ov_115 | 5.951482606647862 × 10^288 |
| 114 | ov_114 | 8.35697216107426 × 10^288 |
| 113 | ov_113 | 1.154696744739026 × 10^289 |
| 112 | ov_112 | 1.5672787504388883 × 10^289 |
| 111 | ov_111 | 2.089579901506832 × 10^289 |
| 110 | ov_110 | 2.7387569277379877 × 10^289 |
| 109 | ov_109 | 3.533006531537838 × 10^289 |
| 108 | ov_108 | 4.49159079876947 × 10^289 |
| 107 | ov_107 | 5.634869063215313 × 10^289 |
| 106 | ov_106 | 6.984337247069375 × 10^289 |
| 105 | ov_105 | 8.562675768929049 × 10^289 |
| 104 | ov_104 | 1.0393807180555291 × 10^290 |
| 103 | ov_103 | 1.2502964764501024 × 10^290 |
| 102 | ov_102 | 1.4916773396916065 × 10^290 |
| 101 | ov_101 | 1.7663344053835324 × 10^290 |
| 100 | ov_100 | 2.0772383415528024 × 10^290 |
| 99 | ov_099 | 2.427532010258998 × 10^290 |
| 98 | ov_098 | 2.4275361098667383 × 10^290 |
| 97 | ov_097 | 2.427548929895091 × 10^290 |
| 96 | aaa_78_29 | 4.495312210190387 × 10^290 |
| 95 | aaa_78_28 | 1.4806413497340064 × 10^291 |
| 94 | ov_094 | 4.8298990670193625 × 10^291 |
| 93 | ov_093 | 1.1363327803503519 × 10^292 |
| 92 | ov_092 | 2.2909562097703517 × 10^292 |
| 91 | ov_091 | 4.181032464706783 × 10^292 |
| 90 | ov_090 | 7.092045228444232 × 10^292 |
| 89 | ov_089 | 1.1360795954161102 × 10^293 |
| 88 | ov_088 | 1.7375416788683702 × 10^293 |
| 87 | ov_087 | 2.5963525692181665 × 10^293 |
| 86 | ov_086 | 3.805548477896878 × 10^293 |
| 85 | ov_085 | 5.4684491672065876 × 10^293 |
| 84 | ov_084 | 7.698671014683238 × 10^293 |
| 83 | ov_083 | 1.0620144779305992 × 10^294 |
| 82 | ov_082 | 1.4367138842681657 × 10^294 |
| 81 | ov_081 | 1.908428952794454 × 10^294 |
| 64 | lv_79_m31 | 2.4724036535149592 × 10^294 |
| 80 | ov_080 | 2.4926642684261396 × 10^294 |
| 79 | ov_079 | 3.205971360080846 × 10^294 |
| 78 | ov_078 | 4.0659573823020606 × 10^294 |
| 77 | ov_077 | 5.091297422241696 × 10^294 |
| 76 | ov_076 | 6.301751445286257 × 10^294 |
| 75 | ov_075 | 7.718186971196242 × 10^294 |
| 74 | ov_074 | 9.362608651806907 × 10^294 |
| 73 | ov_073 | 1.1258196001329623 × 10^295 |
| 63 | ov_063 | 1.2690299800821178 × 10^295 |
| 72 | ov_072 | 1.3429350611371675 × 10^295 |
| 71 | ov_071 | 1.5901754265296525 × 10^295 |
| 70 | ov_070 | 1.870243945087986 × 10^295 |
| 69 | ov_069 | 2.1859873856858643 × 10^295 |
| 68 | ov_068 | 2.540406052848624 × 10^295 |
| 67 | ov_067 | 2.936665545023941 × 10^295 |
| 66 | ov_066 | 2.936667654181525 × 10^295 |
| 65 | ov_065 | 2.936676395462909 × 10^295 |
| 62 | ov_062 | 6.512137435994932 × 10^295 |
| 61 | ov_061 | 2.3742924485237674 × 10^296 |
| 60 | ov_060 | 6.798140074758762 × 10^296 |
| 59 | ov_059 | 1.6406900375824385 × 10^297 |
| 58 | ov_058 | 3.3304900052640234 × 10^297 |
| 57 | ov_057 | 6.018451789622731 × 10^297 |
| 56 | ov_056 | 1.0032620946432694 × 10^298 |
| 55 | ov_055 | 1.5759857468972738 × 10^298 |
| 54 | ov_054 | 2.3645850501627326 × 10^298 |
| 53 | ov_053 | 3.4195146303544545 × 10^298 |
| 52 | ov_052 | 4.847574303616715 × 10^298 |
| 51 | ov_051 | 6.767352860755322 × 10^298 |
| 50 | ov_050 | 9.309247894477921 × 10^298 |
| 49 | ov_049 | 1.261549524424968 × 10^299 |
| 48 | ov_048 | 1.684021134676027 × 10^299 |
| 47 | ov_047 | 2.2149453406517415 × 10^299 |
| 32 | lv_80_m31 | 2.71459010936233 × 10^299 |
| 46 | ov_046 | 2.872130408194613 × 10^299 |
| 45 | ov_045 | 3.6745988541571713 × 10^299 |
| 44 | ov_044 | 4.642603256816558 × 10^299 |
| 43 | ov_043 | 5.7976471213282485 × 10^299 |
| 42 | ov_042 | 7.162511833083208 × 10^299 |
| 41 | ov_041 | 8.761290814674171 × 10^299 |
| 40 | ov_040 | 1.0607052608711771 × 10^300 |
| 39 | ov_039 | 1.2713583532709232 × 10^300 |
| 31 | ov_031 | 1.3923422313855304 × 10^300 |
| 38 | ov_038 | 1.5109208583421078 × 10^300 |
| 37 | ov_037 | 1.782379869299428 × 10^300 |
| 36 | ov_036 | 2.0888860568586923 × 10^300 |
| 35 | ov_035 | 2.4337642198486616 × 10^300 |
| 34 | ov_034 | 2.820525574031037 × 10^300 |
| 33 | ov_033 | 3.2528819599525246 × 10^300 |
| 30 | ov_030 | 7.140271839416934 × 10^300 |
| 29 | ov_029 | 2.336232541143799 × 10^301 |
| 28 | ov_028 | 6.064667640590612 × 10^301 |
| 27 | ov_027 | 1.3557407077703897 × 10^302 |
| 26 | ov_026 | 2.711501985513458 × 10^302 |
| 25 | ov_025 | 4.968057692154252 × 10^302 |
| 24 | ov_024 | 8.483967991823399 × 10^302 |
| 23 | ov_023 | 1.404061467756068 × 10^303 |
| 22 | ov_022 | 2.2547922653243496 × 10^303 |
| 21 | ov_021 | 3.504442065672401 × 10^303 |
| 20 | ov_020 | 5.269735208959151 × 10^303 |
| 19 | ov_019 | 7.680285610894526 × 10^303 |
| 18 | ov_018 | 1.0878624287339309 × 10^304 |
| 17 | ov_017 | 1.5020239154058022 × 10^304 |
| 16 | ov_016 | 2.027363043195906 × 10^304 |
| 15 | ov_015 | 2.6820385963489765 × 10^304 |
| 14 | ov_014 | 3.48552827895083 × 10^304 |
| 13 | ov_013 | 4.4586423556932564 × 10^304 |
| 12 | ov_012 | 5.623541771724261 × 10^304 |
| 11 | ov_011 | 7.003761842202815 × 10^304 |
| 10 | ov_010 | 8.624242697084307 × 10^304 |
| 9 | ov_009 | 1.0511367761991416 × 10^305 |
| 8 | ov_008 | 1.2693011651947963 × 10^305 |
| 7 | ov_007 | 1.519859895149926 × 10^305 |
| 6 | ov_006 | 1.8059175452607663 × 10^305 |
| 5 | ov_005 | 2.13074935210639 × 10^305 |
| 4 | ov_004 | 2.4978113363440897 × 10^305 |
| 3 | ov_003 | 2.9107521946576005 × 10^305 |
| 2 | ov_002 | 3.373427105013969 × 10^305 |
| 1 | ov_001 | 3.889913578214427 × 10^305 |

