# Results for F001-F002-F003-F004-F005-F006-F007-F008-F009-F010-F011-F012-F013-F014-F015-F016-F017-F018-F019-F020-F021-F022-F023-F024-F025-F026-F027-F028-F029-F030-F031-F032-F033-F034-F035-F036-F037-F038-F039-F040-F041-F042-F043-F044-F045-F046-F047-F048-F049-F050-F051-F052-F053-F054-F055-F056-F057-F058-F059-F060-F061-F062-F063-F064-F065-F066-F067-F068-F069-F070-F071-F072-F073-F074-F075-F076-F077-F078-F079-F080-F081-F082-F083-F084-F085-F086-F087-F088-F089-F090-F091-F092-F093-F094-F095-F096-F097-F098-F099-F100-F101-F102-F103-F104-F105-F106-F107-F108-F109-F110-F111-F112-F113-F114-F115-F116-F117-F118-F119-F120-F121-F122-F123-F124-F125-F126-F127-F128-F129-F130-F131-F132-F133-F134-F135-F136-F137-F138-F139-F140-F141-F142-F143-F144-F145-F146-F147-F148-F149-F150-F151-F152-F153-F154-F155-F156-F157-F158-F159-F160-F161-F162-F163-F164-F165-F166-F167-F168-F169-F170-F171-F172-F173-F174-F175-F176-F177-F178-F179-F180-F181-F182-F183-F184-F185-F186-F187-F188-F189-F190-F191-F192-F193-F194-F195-F196-F197-F198-F199-F200-F201-F202-F203-F204-F205-F206-F207-F208-F209-F210-F211-F212-F213-F214-F215-F216-F217-F218-F219-F220-F221-F222-F223-F224-F225-F226-F227-F228-F229-F230-F231-F232-F233-F234-F235-F236-F237-F238-F239-F240-F241-F242-F243-F244-F245-F246-F247-F248-F249-F250-F251-F252-F253-F254-F255-F256-F257-F258-F259-F260-F261-F262-F263-F264-F265-F266-F267-F268-F269-F270-F271-F272-F273-F274-F275-F276-F277-F278-F279-F280-F281-F282-F283-F284-F285-F286-F287-F288-F289-F290-F291-F292-F293-F294-F295-F296-F297-F298-F299-F300-F301-F302-F303-F304-F305-F306-F307-F308-F309-F310-F311-F312-F313-F314-F315-F316-F317-F318-F319-F320-F321-F322-F323-F324-F325-F326-F327-F328-F329-F330-F331-F332-F333-F334-F335-F336-F337-F338-F339-F340-F341-F342-F343-F344-F345-F346-F347-F348-F349-F350-F351-F352-F353-F354-F355-F356-F357-F358-F359-F360-F361-F362-F363-F364-F365-F366-F367-F368-F369-F370-F371-F372-F373-F374-F375-F376-F377-F378-F379-F380-F381-F382-F383-F384-F385-F386-F387-F388-F389-F390-F391-F392-F393-F394-F395-F396-F397-F398-F399-F400-F401-F402-F403-F404-F405-F406-F407-F408-F409-F410-F411-F412-F413-F414-F415-F416-F417-F418-F419-F420-F421-F422-F423-F424-F425-F426-F427-F428-F429-F430-F431-F432-F433-F434-F435-F436-F437-F438-F439-F440-F441-F442-F443-F444-F445-F446-F447-F448-F449-F450-F451-F452-F453-F454-F455-F456-F457-F458-F459-F460-F461-F462-F463-F464-F465-F466-F467-F468-F469-F470-F471-F472-F473-F474-F475-F476-F477-F478-F479-F480-F481-F482-F483-F484-F485-F486-F487-F488-F489-F490-F491-F492-F493-F494-F495-F496-O499505-E508509-F510-F511-F512

## Summary

Number of input bits: 512  
Number of free input bits: 11  
Number of output bits: 160

Number of direct occurrences: 44681  
Number of assignments: 31371  
Number of operations: 11007687
(xor: 10979528,
and: 14765,
or: 13394)

Total complexity: 7.505348798029124 × 10^299

Least occurring input variable: iv_502 (3829)  
Most occurring input variable: iv_508 (4344)

Most co-occurring input variables: iv_499-iv_500 (2030)  
Least co-occurring input variables: iv_498-iv_502 (1729)

Potentially most occurring input variable: iv_497/iv_508 (4610)  
Potentially least occurring input variable: iv_499/iv_504 (4119)

Least output occurring input variable: iv_504 (71)  
Most output occurring input variable: iv_497 (93)

Most output co-occurring input variables: iv_497-iv_506 (57)  
Least output co-occurring input variables: iv_504-iv_508 (31)

Potentially most output occurring input variable: iv_497/iv_500 (91)  
Potentially least output occurring input variable: iv_501/iv_507 (61)

Least complex input bit: iv_497 (2.7462424368894663 × 10^297)  
Most complex input bit: iv_499 (1.7284848796231374 × 10^299)

Least complex output bit: aaa_76_29 (6.1318696222037565 × 10^274)  
Most complex output bit: ov_001 (1.2002045317733096 × 10^299)

Least complex input/output complexity: iv_497/aaa_76_29 (2.243679944413958 × 10^272)  
Most complex input/output complexity: iv_499/ov_001 (2.7640759163252977 × 10^298)

## Input Bits

### Input Bits in Regular Order

| Input Bit | Complexity | Occurrences | Output Occurrences |
|:---------:|:----------:|:-----------:|:------------------:|
| iv_497 | 2.7462424368894663 × 10^297 | 4122 | 93 |
| iv_498 | 5.470190979626511 × 10^297 | 3910 | 84 |
| iv_499 | 1.7284848796231374 × 10^299 | 4226 | 78 |
| iv_500 | 1.6165997148420822 × 10^298 | 4101 | 76 |
| iv_501 | 2.662680629607839 × 10^298 | 4066 | 83 |
| iv_502 | 4.3025624120399985 × 10^298 | 3829 | 75 |
| iv_503 | 6.836540560728674 × 10^298 | 4046 | 82 |
| iv_504 | 1.065735455931312 × 10^299 | 3915 | 71 |
| iv_506 | 8.257904447952393 × 10^298 | 4077 | 93 |
| iv_507 | 1.1287358020833472 × 10^299 | 4045 | 82 |
| iv_508 | 1.1325995497090664 × 10^299 | 4344 | 76 |

### Input Bits Sorted by Complexity

| Input Bit | Complexity | Occurrences | Output Occurrences |
|:---------:|:----------:|:-----------:|:------------------:|
| iv_497 | 2.7462424368894663 × 10^297 | 4122 | 93 |
| iv_498 | 5.470190979626511 × 10^297 | 3910 | 84 |
| iv_500 | 1.6165997148420822 × 10^298 | 4101 | 76 |
| iv_501 | 2.662680629607839 × 10^298 | 4066 | 83 |
| iv_502 | 4.3025624120399985 × 10^298 | 3829 | 75 |
| iv_503 | 6.836540560728674 × 10^298 | 4046 | 82 |
| iv_506 | 8.257904447952393 × 10^298 | 4077 | 93 |
| iv_504 | 1.065735455931312 × 10^299 | 3915 | 71 |
| iv_507 | 1.1287358020833472 × 10^299 | 4045 | 82 |
| iv_508 | 1.1325995497090664 × 10^299 | 4344 | 76 |
| iv_499 | 1.7284848796231374 × 10^299 | 4226 | 78 |

### Input Bits Sorted by Occurrences

| Input Bit | Complexity | Occurrences | Output Occurrences |
|:---------:|:----------:|:-----------:|:------------------:|
| iv_502 | 4.3025624120399985 × 10^298 | 3829 | 75 |
| iv_498 | 5.470190979626511 × 10^297 | 3910 | 84 |
| iv_504 | 1.065735455931312 × 10^299 | 3915 | 71 |
| iv_507 | 1.1287358020833472 × 10^299 | 4045 | 82 |
| iv_503 | 6.836540560728674 × 10^298 | 4046 | 82 |
| iv_501 | 2.662680629607839 × 10^298 | 4066 | 83 |
| iv_506 | 8.257904447952393 × 10^298 | 4077 | 93 |
| iv_500 | 1.6165997148420822 × 10^298 | 4101 | 76 |
| iv_497 | 2.7462424368894663 × 10^297 | 4122 | 93 |
| iv_499 | 1.7284848796231374 × 10^299 | 4226 | 78 |
| iv_508 | 1.1325995497090664 × 10^299 | 4344 | 76 |

### Input Bits Sorted by Output Occurrences

| Input Bit | Complexity | Occurrences | Output Occurrences |
|:---------:|:----------:|:-----------:|:------------------:|
| iv_504 | 1.065735455931312 × 10^299 | 3915 | 71 |
| iv_502 | 4.3025624120399985 × 10^298 | 3829 | 75 |
| iv_500 | 1.6165997148420822 × 10^298 | 4101 | 76 |
| iv_508 | 1.1325995497090664 × 10^299 | 4344 | 76 |
| iv_499 | 1.7284848796231374 × 10^299 | 4226 | 78 |
| iv_503 | 6.836540560728674 × 10^298 | 4046 | 82 |
| iv_507 | 1.1287358020833472 × 10^299 | 4045 | 82 |
| iv_501 | 2.662680629607839 × 10^298 | 4066 | 83 |
| iv_498 | 5.470190979626511 × 10^297 | 3910 | 84 |
| iv_506 | 8.257904447952393 × 10^298 | 4077 | 93 |
| iv_497 | 2.7462424368894663 × 10^297 | 4122 | 93 |

## Input Bit Co-occurrences

### Input Bit Co-occurrences Sorted by Co-occurrences

| Input Bits | Co-occurrences | Potential Occurrences | Output Co-occurrences | Potential Output Occurrences |
|:----------:|:--------------:|:---------------------:|:---------------------:|:----------------------------:|
| iv_499-iv_500 | 2030 | 4267 | 42 | 70 |
| iv_499-iv_504 | 2011 | 4119 | 34 | 81 |
| iv_506-iv_508 | 2002 | 4417 | 44 | 81 |
| iv_497-iv_501 | 1998 | 4192 | 50 | 76 |
| iv_499-iv_508 | 1990 | 4590 | 38 | 78 |
| iv_497-iv_499 | 1986 | 4376 | 44 | 83 |
| iv_500-iv_506 | 1984 | 4210 | 45 | 79 |
| iv_499-iv_506 | 1977 | 4349 | 46 | 79 |
| iv_497-iv_500 | 1975 | 4273 | 39 | 91 |
| iv_497-iv_503 | 1973 | 4222 | 45 | 85 |
| iv_501-iv_503 | 1967 | 4178 | 48 | 69 |

### Input Bit Co-occurrences Sorted by Potential Occurrences

| Input Bits | Co-occurrences | Potential Occurrences | Output Co-occurrences | Potential Output Occurrences |
|:----------:|:--------------:|:---------------------:|:---------------------:|:----------------------------:|
| iv_499-iv_504 | 2011 | 4119 | 34 | 81 |
| iv_504-iv_506 | 1918 | 4156 | 42 | 80 |
| iv_502-iv_506 | 1871 | 4164 | 43 | 82 |
| iv_497-iv_504 | 1931 | 4175 | 47 | 70 |
| iv_501-iv_503 | 1967 | 4178 | 48 | 69 |
| iv_500-iv_502 | 1871 | 4188 | 35 | 81 |
| iv_497-iv_501 | 1998 | 4192 | 50 | 76 |
| iv_498-iv_504 | 1815 | 4195 | 37 | 81 |
| iv_498-iv_506 | 1895 | 4197 | 52 | 73 |
| iv_502-iv_504 | 1772 | 4200 | 34 | 78 |
| iv_500-iv_504 | 1904 | 4208 | 37 | 73 |

### Input Bit Output Co-occurrences Sorted by Output Co-occurrences

| Input Bits | Co-occurrences | Potential Occurrences | Output Co-occurrences | Potential Output Occurrences |
|:----------:|:--------------:|:---------------------:|:---------------------:|:----------------------------:|
| iv_497-iv_506 | 1929 | 4341 | 57 | 72 |
| iv_498-iv_506 | 1895 | 4197 | 52 | 73 |
| iv_501-iv_507 | 1923 | 4265 | 52 | 61 |
| iv_506-iv_507 | 1896 | 4330 | 50 | 75 |
| iv_497-iv_501 | 1998 | 4192 | 50 | 76 |
| iv_498-iv_503 | 1851 | 4254 | 48 | 70 |
| iv_501-iv_503 | 1967 | 4178 | 48 | 69 |
| iv_497-iv_498 | 1877 | 4278 | 48 | 81 |
| iv_503-iv_506 | 1900 | 4323 | 47 | 81 |
| iv_497-iv_504 | 1931 | 4175 | 47 | 70 |
| iv_498-iv_501 | 1856 | 4264 | 46 | 75 |

### Input Bit Output Co-occurrences Sorted by Potential Output Occurrences

| Input Bits | Co-occurrences | Potential Occurrences | Output Co-occurrences | Potential Output Occurrences |
|:----------:|:--------------:|:---------------------:|:---------------------:|:----------------------------:|
| iv_501-iv_507 | 1923 | 4265 | 52 | 61 |
| iv_503-iv_508 | 1964 | 4462 | 45 | 68 |
| iv_501-iv_503 | 1967 | 4178 | 48 | 69 |
| iv_498-iv_503 | 1851 | 4254 | 48 | 70 |
| iv_499-iv_500 | 2030 | 4267 | 42 | 70 |
| iv_500-iv_503 | 1962 | 4223 | 44 | 70 |
| iv_500-iv_507 | 1942 | 4262 | 44 | 70 |
| iv_497-iv_504 | 1931 | 4175 | 47 | 70 |
| iv_498-iv_508 | 1942 | 4370 | 45 | 70 |
| iv_499-iv_503 | 1933 | 4406 | 44 | 72 |
| iv_497-iv_506 | 1929 | 4341 | 57 | 72 |

## Output Bits

### Output Bits in Regular Order

| Rank | Output Bit | Complexity |
|:----:|:----------:|:----------:|
| 1 | ov_001 | 1.2002045317733096 × 10^299 |
| 2 | ov_002 | 1.0407671680795622 × 10^299 |
| 3 | ov_003 | 8.979618235398914 × 10^298 |
| 4 | ov_004 | 7.705262923092666 × 10^298 |
| 5 | ov_005 | 6.572671754226759 × 10^298 |
| 6 | ov_006 | 5.570550059664883 × 10^298 |
| 7 | ov_007 | 4.688200073028462 × 10^298 |
| 8 | ov_008 | 3.915484332869271 × 10^298 |
| 9 | ov_009 | 3.242794426932162 × 10^298 |
| 10 | ov_010 | 2.661024558886202 × 10^298 |
| 11 | ov_011 | 2.1615494119282042 × 10^298 |
| 12 | ov_012 | 1.73620581368072 × 10^298 |
| 13 | ov_013 | 1.3772777362594166 × 10^298 |
| 14 | ov_014 | 1.0774841944031101 × 10^298 |
| 15 | ov_015 | 8.299696332505175 × 10^297 |
| 16 | ov_016 | 6.282964257967852 × 10^297 |
| 17 | ov_017 | 4.664391283367525 × 10^297 |
| 18 | ov_018 | 3.387801703517386 × 10^297 |
| 19 | ov_019 | 2.401066833606588 × 10^297 |
| 20 | ov_020 | 1.656082012624996 × 10^297 |
| 21 | ov_021 | 1.1087500414209989 × 10^297 |
| 22 | ov_022 | 7.189693814025126 × 10^296 |
| 23 | ov_023 | 4.50625993692385 × 10^296 |
| 24 | ov_024 | 2.7158797040082024 × 10^296 |
| 25 | ov_025 | 1.537022492859496 × 10^296 |
| 26 | ov_026 | 8.388671021664774 × 10^295 |
| 27 | ov_027 | 4.194153584863236 × 10^295 |
| 28 | ov_028 | 1.8760805077224479 × 10^295 |
| 29 | ov_029 | 7.22648677542219 × 10^294 |
| 30 | ov_030 | 2.208417466794508 × 10^294 |
| 31 | ov_031 | 4.305724752910796 × 10^293 |
| 32 | lv_80_m31 | 8.393170675414695 × 10^292 |
| 33 | ov_033 | 1.0062564661915354 × 10^294 |
| 34 | ov_034 | 8.725321133223096 × 10^293 |
| 35 | ov_035 | 7.528473365782725 × 10^293 |
| 36 | ov_036 | 6.461023641289897 × 10^293 |
| 37 | ov_037 | 5.512567158735942 × 10^293 |
| 38 | ov_038 | 4.67325009114353 × 10^293 |
| 39 | ov_039 | 3.93373335265803 × 10^293 |
| 40 | ov_040 | 3.2851615301690757 × 10^293 |
| 41 | ov_041 | 2.7191364621999485 × 10^293 |
| 42 | ov_042 | 2.2276949757004566 × 10^293 |
| 43 | ov_043 | 1.8069616933586016 × 10^293 |
| 44 | ov_044 | 1.4497909775102497 × 10^293 |
| 45 | ov_045 | 1.1494258497585613 × 10^293 |
| 46 | ov_046 | 8.994880047222864 × 10^292 |
| 47 | ov_047 | 6.939699353337271 × 10^292 |
| 48 | ov_048 | 5.272288378380343 × 10^292 |
| 49 | ov_049 | 3.939819898231017 × 10^292 |
| 50 | ov_050 | 2.893033196113423 × 10^292 |
| 51 | ov_051 | 2.086209102111146 × 10^292 |
| 52 | ov_052 | 1.4771521720808101 × 10^292 |
| 53 | ov_053 | 1.0271782750363416 × 10^292 |
| 54 | ov_054 | 7.011061879139332 × 10^291 |
| 55 | ov_055 | 4.6725204930160734 × 10^291 |
| 56 | ov_056 | 2.97425844305552 × 10^291 |
| 57 | ov_057 | 1.7840569380161204 × 10^291 |
| 58 | ov_058 | 9.871521842657351 × 10^290 |
| 59 | ov_059 | 4.862314713074155 × 10^290 |
| 60 | ov_060 | 2.0143140513277192 × 10^290 |
| 61 | ov_061 | 7.033727460966328 × 10^289 |
| 62 | ov_062 | 1.928791425999725 × 10^289 |
| 63 | ov_063 | 3.757809810201073 × 10^288 |
| 64 | lv_79_m31 | 7.319497889346834 × 10^287 |
| 65 | ov_065 | 8.679637527064049 × 10^288 |
| 66 | ov_066 | 8.679615826431828 × 10^288 |
| 67 | ov_067 | 8.679610728272346 × 10^288 |
| 68 | ov_068 | 7.502339269584625 × 10^288 |
| 69 | ov_069 | 6.450105779083568 × 10^288 |
| 70 | ov_070 | 5.513475907034229 × 10^288 |
| 71 | ov_071 | 4.683464937736537 × 10^288 |
| 72 | ov_072 | 3.95151514846887 × 10^288 |
| 73 | ov_073 | 3.3094779402759145 × 10^288 |
| 74 | ov_074 | 2.7495992912512657 × 10^288 |
| 75 | ov_075 | 2.264507308352085 × 10^288 |
| 76 | ov_076 | 1.8472011661047742 × 10^288 |
| 77 | ov_077 | 1.4910412051243805 × 10^288 |
| 78 | ov_078 | 1.1897401227604187 × 10^288 |
| 79 | ov_079 | 9.373551893480866 × 10^287 |
| 80 | ov_080 | 7.282814244373811 × 10^287 |
| 81 | ov_081 | 5.572456680443123 × 10^287 |
| 82 | ov_082 | 4.193014824644994 × 10^287 |
| 83 | ov_083 | 3.0982482054942338 × 10^287 |
| 84 | ov_084 | 2.2451039660182037 × 10^287 |
| 85 | ov_085 | 1.593686962250023 × 10^287 |
| 86 | ov_086 | 1.1072356158205304 × 10^287 |
| 87 | ov_087 | 7.521028860051644 × 10^286 |
| 88 | ov_088 | 4.977417270802063 × 10^286 |
| 89 | ov_089 | 3.1669439713322317 × 10^286 |
| 90 | ov_090 | 1.960032356732667 × 10^286 |
| 91 | ov_091 | 1.1436927223351257 × 10^286 |
| 92 | ov_092 | 6.191178739354779 × 10^285 |
| 93 | ov_093 | 3.028653776278151 × 10^285 |
| 94 | ov_094 | 1.2685237281643626 × 10^285 |
| 95 | aaa_78_28 | 3.835345457003284 × 10^284 |
| 96 | aaa_78_29 | 1.1396549164722332 × 10^284 |
| 97 | ov_097 | 6.41206353754694 × 10^283 |
| 98 | ov_098 | 6.411959211189105 × 10^283 |
| 99 | ov_099 | 6.411925907092664 × 10^283 |
| 100 | ov_100 | 5.2353798450350185 × 10^283 |
| 101 | ov_101 | 4.262755145058114 × 10^283 |
| 102 | ov_102 | 3.468305005881983 × 10^283 |
| 103 | ov_103 | 2.827689629423595 × 10^283 |
| 104 | ov_104 | 2.3178736809569263 × 10^283 |
| 105 | ov_105 | 1.9170372619794405 × 10^283 |
| 106 | ov_106 | 1.604499147180297 × 10^283 |
| 107 | ov_107 | 1.360651101308815 × 10^283 |
| 108 | ov_108 | 1.166902153837265 × 10^283 |
| 109 | ov_109 | 1.0056317695568925 × 10^283 |
| 110 | ov_110 | 8.601509120328556 × 10^282 |
| 111 | ov_111 | 7.295860018164757 × 10^282 |
| 112 | ov_112 | 6.130841631904068 × 10^282 |
| 113 | ov_113 | 5.0980877424306604 × 10^282 |
| 114 | ov_114 | 4.1893573800154334 × 10^282 |
| 115 | ov_115 | 3.3965041928338964 × 10^282 |
| 116 | ov_116 | 2.711451920315635 × 10^282 |
| 117 | ov_117 | 2.126175419576789 × 10^282 |
| 118 | ov_118 | 1.632686171689395 × 10^282 |
| 119 | ov_119 | 1.2230211947842405 × 10^282 |
| 120 | ov_120 | 8.892349507281213 × 10^281 |
| 121 | ov_121 | 6.233935169075892 × 10^281 |
| 122 | ov_122 | 4.175702946864567 × 10^281 |
| 123 | ov_123 | 2.638429791308546 × 10^281 |
| 124 | ov_124 | 1.5429151460347988 × 10^281 |
| 125 | ov_125 | 8.099682801122924 × 10^280 |
| 126 | ov_126 | 3.6040182511790255 × 10^280 |
| 127 | aaa_77_28 | 1.150292937571621 × 10^280 |
| 128 | aaa_77_29 | 4.3093249992474104 × 10^279 |
| 129 | ov_129 | 3.965500440631894 × 10^279 |
| 130 | ov_130 | 3.965488498834861 × 10^279 |
| 131 | ov_131 | 3.9654856118394973 × 10^279 |
| 132 | ov_132 | 3.431923215950191 × 10^279 |
| 133 | ov_133 | 2.9547016840151625 × 10^279 |
| 134 | ov_134 | 2.529530719169 × 10^279 |
| 135 | ov_135 | 2.1523490696890167 × 10^279 |
| 136 | ov_136 | 1.8193081052624942 × 10^279 |
| 137 | ov_137 | 1.526757687027292 × 10^279 |
| 138 | ov_138 | 1.2712341120949979 × 10^279 |
| 139 | ov_139 | 1.0494499244019142 × 10^279 |
| 140 | ov_140 | 8.582853945528119 × 10^278 |
| 141 | ov_141 | 6.947814818988295 × 10^278 |
| 142 | ov_142 | 5.561341024856742 × 10^278 |
| 143 | ov_143 | 4.396895367716655 × 10^278 |
| 144 | ov_144 | 3.42940821187302 × 10^278 |
| 145 | ov_145 | 2.6352497771949474 × 10^278 |
| 146 | ov_146 | 1.9922094577636253 × 10^278 |
| 147 | ov_147 | 1.4794809063696179 × 10^278 |
| 148 | ov_148 | 1.0776517282306848 × 10^278 |
| 149 | ov_149 | 7.686967275199034 × 10^277 |
| 150 | ov_150 | 5.359737504335893 × 10^277 |
| 151 | ov_151 | 3.642212686115753 × 10^277 |
| 152 | ov_152 | 2.395569815232664 × 10^277 |
| 153 | ov_153 | 1.4947694297935376 × 10^277 |
| 154 | ov_154 | 8.807368100905188 × 10^276 |
| 155 | ov_155 | 4.5598402600204743 × 10^276 |
| 156 | aaa_76_25 | 1.7521026713924103 × 10^276 |
| 157 | aaa_76_26 | 1.0117727433867114 × 10^276 |
| 158 | aaa_76_27 | 5.178999055522859 × 10^275 |
| 159 | aaa_76_28 | 2.016366182862629 × 10^275 |
| 160 | aaa_76_29 | 6.1318696222037565 × 10^274 |

### Output Bits Sorted by Complexity

| Rank | Output Bit | Complexity |
|:----:|:----------:|:----------:|
| 160 | aaa_76_29 | 6.1318696222037565 × 10^274 |
| 159 | aaa_76_28 | 2.016366182862629 × 10^275 |
| 158 | aaa_76_27 | 5.178999055522859 × 10^275 |
| 157 | aaa_76_26 | 1.0117727433867114 × 10^276 |
| 156 | aaa_76_25 | 1.7521026713924103 × 10^276 |
| 155 | ov_155 | 4.5598402600204743 × 10^276 |
| 154 | ov_154 | 8.807368100905188 × 10^276 |
| 153 | ov_153 | 1.4947694297935376 × 10^277 |
| 152 | ov_152 | 2.395569815232664 × 10^277 |
| 151 | ov_151 | 3.642212686115753 × 10^277 |
| 150 | ov_150 | 5.359737504335893 × 10^277 |
| 149 | ov_149 | 7.686967275199034 × 10^277 |
| 148 | ov_148 | 1.0776517282306848 × 10^278 |
| 147 | ov_147 | 1.4794809063696179 × 10^278 |
| 146 | ov_146 | 1.9922094577636253 × 10^278 |
| 145 | ov_145 | 2.6352497771949474 × 10^278 |
| 144 | ov_144 | 3.42940821187302 × 10^278 |
| 143 | ov_143 | 4.396895367716655 × 10^278 |
| 142 | ov_142 | 5.561341024856742 × 10^278 |
| 141 | ov_141 | 6.947814818988295 × 10^278 |
| 140 | ov_140 | 8.582853945528119 × 10^278 |
| 139 | ov_139 | 1.0494499244019142 × 10^279 |
| 138 | ov_138 | 1.2712341120949979 × 10^279 |
| 137 | ov_137 | 1.526757687027292 × 10^279 |
| 136 | ov_136 | 1.8193081052624942 × 10^279 |
| 135 | ov_135 | 2.1523490696890167 × 10^279 |
| 134 | ov_134 | 2.529530719169 × 10^279 |
| 133 | ov_133 | 2.9547016840151625 × 10^279 |
| 132 | ov_132 | 3.431923215950191 × 10^279 |
| 131 | ov_131 | 3.9654856118394973 × 10^279 |
| 130 | ov_130 | 3.965488498834861 × 10^279 |
| 129 | ov_129 | 3.965500440631894 × 10^279 |
| 128 | aaa_77_29 | 4.3093249992474104 × 10^279 |
| 127 | aaa_77_28 | 1.150292937571621 × 10^280 |
| 126 | ov_126 | 3.6040182511790255 × 10^280 |
| 125 | ov_125 | 8.099682801122924 × 10^280 |
| 124 | ov_124 | 1.5429151460347988 × 10^281 |
| 123 | ov_123 | 2.638429791308546 × 10^281 |
| 122 | ov_122 | 4.175702946864567 × 10^281 |
| 121 | ov_121 | 6.233935169075892 × 10^281 |
| 120 | ov_120 | 8.892349507281213 × 10^281 |
| 119 | ov_119 | 1.2230211947842405 × 10^282 |
| 118 | ov_118 | 1.632686171689395 × 10^282 |
| 117 | ov_117 | 2.126175419576789 × 10^282 |
| 116 | ov_116 | 2.711451920315635 × 10^282 |
| 115 | ov_115 | 3.3965041928338964 × 10^282 |
| 114 | ov_114 | 4.1893573800154334 × 10^282 |
| 113 | ov_113 | 5.0980877424306604 × 10^282 |
| 112 | ov_112 | 6.130841631904068 × 10^282 |
| 111 | ov_111 | 7.295860018164757 × 10^282 |
| 110 | ov_110 | 8.601509120328556 × 10^282 |
| 109 | ov_109 | 1.0056317695568925 × 10^283 |
| 108 | ov_108 | 1.166902153837265 × 10^283 |
| 107 | ov_107 | 1.360651101308815 × 10^283 |
| 106 | ov_106 | 1.604499147180297 × 10^283 |
| 105 | ov_105 | 1.9170372619794405 × 10^283 |
| 104 | ov_104 | 2.3178736809569263 × 10^283 |
| 103 | ov_103 | 2.827689629423595 × 10^283 |
| 102 | ov_102 | 3.468305005881983 × 10^283 |
| 101 | ov_101 | 4.262755145058114 × 10^283 |
| 100 | ov_100 | 5.2353798450350185 × 10^283 |
| 99 | ov_099 | 6.411925907092664 × 10^283 |
| 98 | ov_098 | 6.411959211189105 × 10^283 |
| 97 | ov_097 | 6.41206353754694 × 10^283 |
| 96 | aaa_78_29 | 1.1396549164722332 × 10^284 |
| 95 | aaa_78_28 | 3.835345457003284 × 10^284 |
| 94 | ov_094 | 1.2685237281643626 × 10^285 |
| 93 | ov_093 | 3.028653776278151 × 10^285 |
| 92 | ov_092 | 6.191178739354779 × 10^285 |
| 91 | ov_091 | 1.1436927223351257 × 10^286 |
| 90 | ov_090 | 1.960032356732667 × 10^286 |
| 89 | ov_089 | 3.1669439713322317 × 10^286 |
| 88 | ov_088 | 4.977417270802063 × 10^286 |
| 87 | ov_087 | 7.521028860051644 × 10^286 |
| 86 | ov_086 | 1.1072356158205304 × 10^287 |
| 85 | ov_085 | 1.593686962250023 × 10^287 |
| 84 | ov_084 | 2.2451039660182037 × 10^287 |
| 83 | ov_083 | 3.0982482054942338 × 10^287 |
| 82 | ov_082 | 4.193014824644994 × 10^287 |
| 81 | ov_081 | 5.572456680443123 × 10^287 |
| 80 | ov_080 | 7.282814244373811 × 10^287 |
| 64 | lv_79_m31 | 7.319497889346834 × 10^287 |
| 79 | ov_079 | 9.373551893480866 × 10^287 |
| 78 | ov_078 | 1.1897401227604187 × 10^288 |
| 77 | ov_077 | 1.4910412051243805 × 10^288 |
| 76 | ov_076 | 1.8472011661047742 × 10^288 |
| 75 | ov_075 | 2.264507308352085 × 10^288 |
| 74 | ov_074 | 2.7495992912512657 × 10^288 |
| 73 | ov_073 | 3.3094779402759145 × 10^288 |
| 63 | ov_063 | 3.757809810201073 × 10^288 |
| 72 | ov_072 | 3.95151514846887 × 10^288 |
| 71 | ov_071 | 4.683464937736537 × 10^288 |
| 70 | ov_070 | 5.513475907034229 × 10^288 |
| 69 | ov_069 | 6.450105779083568 × 10^288 |
| 68 | ov_068 | 7.502339269584625 × 10^288 |
| 67 | ov_067 | 8.679610728272346 × 10^288 |
| 66 | ov_066 | 8.679615826431828 × 10^288 |
| 65 | ov_065 | 8.679637527064049 × 10^288 |
| 62 | ov_062 | 1.928791425999725 × 10^289 |
| 61 | ov_061 | 7.033727460966328 × 10^289 |
| 60 | ov_060 | 2.0143140513277192 × 10^290 |
| 59 | ov_059 | 4.862314713074155 × 10^290 |
| 58 | ov_058 | 9.871521842657351 × 10^290 |
| 57 | ov_057 | 1.7840569380161204 × 10^291 |
| 56 | ov_056 | 2.97425844305552 × 10^291 |
| 55 | ov_055 | 4.6725204930160734 × 10^291 |
| 54 | ov_054 | 7.011061879139332 × 10^291 |
| 53 | ov_053 | 1.0271782750363416 × 10^292 |
| 52 | ov_052 | 1.4771521720808101 × 10^292 |
| 51 | ov_051 | 2.086209102111146 × 10^292 |
| 50 | ov_050 | 2.893033196113423 × 10^292 |
| 49 | ov_049 | 3.939819898231017 × 10^292 |
| 48 | ov_048 | 5.272288378380343 × 10^292 |
| 47 | ov_047 | 6.939699353337271 × 10^292 |
| 32 | lv_80_m31 | 8.393170675414695 × 10^292 |
| 46 | ov_046 | 8.994880047222864 × 10^292 |
| 45 | ov_045 | 1.1494258497585613 × 10^293 |
| 44 | ov_044 | 1.4497909775102497 × 10^293 |
| 43 | ov_043 | 1.8069616933586016 × 10^293 |
| 42 | ov_042 | 2.2276949757004566 × 10^293 |
| 41 | ov_041 | 2.7191364621999485 × 10^293 |
| 40 | ov_040 | 3.2851615301690757 × 10^293 |
| 39 | ov_039 | 3.93373335265803 × 10^293 |
| 31 | ov_031 | 4.305724752910796 × 10^293 |
| 38 | ov_038 | 4.67325009114353 × 10^293 |
| 37 | ov_037 | 5.512567158735942 × 10^293 |
| 36 | ov_036 | 6.461023641289897 × 10^293 |
| 35 | ov_035 | 7.528473365782725 × 10^293 |
| 34 | ov_034 | 8.725321133223096 × 10^293 |
| 33 | ov_033 | 1.0062564661915354 × 10^294 |
| 30 | ov_030 | 2.208417466794508 × 10^294 |
| 29 | ov_029 | 7.22648677542219 × 10^294 |
| 28 | ov_028 | 1.8760805077224479 × 10^295 |
| 27 | ov_027 | 4.194153584863236 × 10^295 |
| 26 | ov_026 | 8.388671021664774 × 10^295 |
| 25 | ov_025 | 1.537022492859496 × 10^296 |
| 24 | ov_024 | 2.7158797040082024 × 10^296 |
| 23 | ov_023 | 4.50625993692385 × 10^296 |
| 22 | ov_022 | 7.189693814025126 × 10^296 |
| 21 | ov_021 | 1.1087500414209989 × 10^297 |
| 20 | ov_020 | 1.656082012624996 × 10^297 |
| 19 | ov_019 | 2.401066833606588 × 10^297 |
| 18 | ov_018 | 3.387801703517386 × 10^297 |
| 17 | ov_017 | 4.664391283367525 × 10^297 |
| 16 | ov_016 | 6.282964257967852 × 10^297 |
| 15 | ov_015 | 8.299696332505175 × 10^297 |
| 14 | ov_014 | 1.0774841944031101 × 10^298 |
| 13 | ov_013 | 1.3772777362594166 × 10^298 |
| 12 | ov_012 | 1.73620581368072 × 10^298 |
| 11 | ov_011 | 2.1615494119282042 × 10^298 |
| 10 | ov_010 | 2.661024558886202 × 10^298 |
| 9 | ov_009 | 3.242794426932162 × 10^298 |
| 8 | ov_008 | 3.915484332869271 × 10^298 |
| 7 | ov_007 | 4.688200073028462 × 10^298 |
| 6 | ov_006 | 5.570550059664883 × 10^298 |
| 5 | ov_005 | 6.572671754226759 × 10^298 |
| 4 | ov_004 | 7.705262923092666 × 10^298 |
| 3 | ov_003 | 8.979618235398914 × 10^298 |
| 2 | ov_002 | 1.0407671680795622 × 10^299 |
| 1 | ov_001 | 1.2002045317733096 × 10^299 |

