# Results for F001-F002-F003-F004-F005-F006-F007-F008-F009-F010-F011-F012-F013-F014-F015-F016-F017-F018-F019-F020-F021-F022-F023-F024-F025-F026-F027-F028-F029-F030-F031-F032-F033-F034-F035-F036-F037-F038-F039-F040-F041-F042-F043-F044-F045-F046-F047-F048-F049-F050-F051-F052-F053-F054-F055-F056-F057-F058-F059-F060-F061-F062-F063-F064-F065-F066-F067-F068-F069-F070-F071-F072-F073-F074-F075-F076-F077-F078-F079-F080-F081-F082-F083-F084-F085-F086-F087-F088-F089-F090-F091-F092-F093-F094-F095-F096-F097-F098-F099-F100-F101-F102-F103-F104-F105-F106-F107-F108-F109-F110-F111-F112-F113-F114-F115-F116-F117-F118-F119-F120-F121-F122-F123-F124-F125-F126-F127-F128-F129-F130-F131-F132-F133-F134-F135-F136-F137-F138-F139-F140-F141-F142-F143-F144-F145-F146-F147-F148-F149-F150-F151-F152-F153-F154-F155-F156-F157-F158-F159-F160-F161-F162-F163-F164-F165-F166-F167-F168-F169-F170-F171-F172-F173-F174-F175-F176-F177-F178-F179-F180-F181-F182-F183-F184-F185-F186-F187-F188-F189-F190-F191-F192-F193-F194-F195-F196-F197-F198-F199-F200-F201-F202-F203-F204-F205-F206-F207-F208-F209-F210-F211-F212-F213-F214-F215-F216-F217-F218-F219-F220-F221-F222-F223-F224-F225-F226-F227-F228-F229-F230-F231-F232-F233-F234-F235-F236-F237-F238-F239-F240-F241-F242-F243-F244-F245-F246-F247-F248-F249-F250-F251-F252-F253-F254-F255-F256-F257-F258-F259-F260-F261-F262-F263-F264-F265-F266-F267-F268-F269-F270-F271-F272-F273-F274-F275-F276-F277-F278-F279-F280-F281-F282-F283-F284-F285-F286-F287-F288-F289-F290-F291-F292-F293-F294-F295-F296-F297-F298-F299-F300-F301-F302-F303-F304-F305-F306-F307-F308-F309-F310-F311-F312-F313-F314-F315-F316-F317-F318-F319-F320-F321-F322-F323-F324-F325-F326-F327-F328-F329-F330-F331-F332-F333-F334-F335-F336-F337-F338-F339-F340-F341-F342-F343-F344-F345-F346-F347-F348-F349-F350-F351-F352-F353-F354-F355-F356-F357-F358-F359-F360-F361-F362-F363-F364-F365-F366-F367-F368-F369-F370-F371-F372-F373-F374-F375-F376-F377-F378-F379-F380-F381-F382-F383-F384-F385-F386-F387-F388-F389-F390-F391-F392-F393-F394-F395-F396-F397-F398-F399-F400-F401-F402-F403-F404-F405-F406-F407-F408-F409-F410-F411-F412-F413-F414-F415-F416-F417-F418-F419-F420-F421-F422-F423-F424-F425-F426-F427-F428-F429-F430-F431-F432-F433-F434-F435-F436-F437-F438-F439-F440-F441-F442-F443-F444-F445-F446-F447-F448-F449-F450-F451-F452-F453-F454-F455-F456-F457-F458-F459-F460-F461-F462-F463-F464-F465-F466-F467-F468-F469-F470-F471-F472-F473-F474-F475-F476-F477-F478-F479-F480-F481-F482-F483-F484-F485-F486-F487-F488-F489-F490-F491-F492-F493-F494-F495-F496-O500501-F508-F509-F510-F512

## Summary

Number of input bits: 512  
Number of free input bits: 11  
Number of output bits: 160

Number of direct occurrences: 45079  
Number of assignments: 31478  
Number of operations: 11285275
(xor: 11256776,
and: 15155,
or: 13344)

Total complexity: 3.1685629854395693 × 10^302

Least occurring input variable: iv_502 (3950)  
Most occurring input variable: iv_511 (4370)

Most co-occurring input variables: iv_506-iv_511 (2074)  
Least co-occurring input variables: iv_502-iv_505 (1792)

Potentially most occurring input variable: iv_497/iv_507 (4601)  
Potentially least occurring input variable: iv_499/iv_505 (4175)

Least output occurring input variable: iv_504 (71)  
Most output occurring input variable: iv_507 (86)

Most output co-occurring input variables: iv_505-iv_507 (49)  
Least output co-occurring input variables: iv_500-iv_504 (32)

Potentially most output occurring input variable: iv_503/iv_511 (89)  
Potentially least output occurring input variable: iv_497/iv_504 (69)

Least complex input bit: iv_511 (1.3909867628266044 × 10^297)  
Most complex input bit: iv_505 (1.0091706571235745 × 10^302)

Least complex output bit: aaa_76_29 (1.7001318691228093 × 10^277)  
Most complex output bit: ov_001 (4.953512187052692 × 10^301)

Least complex input/output complexity: iv_511/aaa_76_29 (7.463512437267856 × 10^271)  
Most complex input/output complexity: iv_505/ov_001 (1.5776675962728586 × 10^301)

## Input Bits

### Input Bits in Regular Order

| Input Bit | Complexity | Occurrences | Output Occurrences |
|:---------:|:----------:|:-----------:|:------------------:|
| iv_497 | 1.2021274609847387 × 10^300 | 4120 | 84 |
| iv_498 | 1.702852660140168 × 10^300 | 4008 | 82 |
| iv_499 | 2.883136905225584 × 10^300 | 3983 | 78 |
| iv_500 | 1.7751883752206516 × 10^301 | 4240 | 73 |
| iv_502 | 2.578269665621786 × 10^301 | 3950 | 83 |
| iv_503 | 4.5912291672141536 × 10^301 | 4066 | 75 |
| iv_504 | 7.649911375671698 × 10^301 | 3985 | 71 |
| iv_505 | 1.0091706571235745 × 10^302 | 4028 | 82 |
| iv_506 | 2.0348887870064266 × 10^301 | 4160 | 80 |
| iv_507 | 2.3854851111139253 × 10^301 | 4169 | 86 |
| iv_511 | 1.3909867628266044 × 10^297 | 4370 | 78 |

### Input Bits Sorted by Complexity

| Input Bit | Complexity | Occurrences | Output Occurrences |
|:---------:|:----------:|:-----------:|:------------------:|
| iv_511 | 1.3909867628266044 × 10^297 | 4370 | 78 |
| iv_497 | 1.2021274609847387 × 10^300 | 4120 | 84 |
| iv_498 | 1.702852660140168 × 10^300 | 4008 | 82 |
| iv_499 | 2.883136905225584 × 10^300 | 3983 | 78 |
| iv_500 | 1.7751883752206516 × 10^301 | 4240 | 73 |
| iv_506 | 2.0348887870064266 × 10^301 | 4160 | 80 |
| iv_507 | 2.3854851111139253 × 10^301 | 4169 | 86 |
| iv_502 | 2.578269665621786 × 10^301 | 3950 | 83 |
| iv_503 | 4.5912291672141536 × 10^301 | 4066 | 75 |
| iv_504 | 7.649911375671698 × 10^301 | 3985 | 71 |
| iv_505 | 1.0091706571235745 × 10^302 | 4028 | 82 |

### Input Bits Sorted by Occurrences

| Input Bit | Complexity | Occurrences | Output Occurrences |
|:---------:|:----------:|:-----------:|:------------------:|
| iv_502 | 2.578269665621786 × 10^301 | 3950 | 83 |
| iv_499 | 2.883136905225584 × 10^300 | 3983 | 78 |
| iv_504 | 7.649911375671698 × 10^301 | 3985 | 71 |
| iv_498 | 1.702852660140168 × 10^300 | 4008 | 82 |
| iv_505 | 1.0091706571235745 × 10^302 | 4028 | 82 |
| iv_503 | 4.5912291672141536 × 10^301 | 4066 | 75 |
| iv_497 | 1.2021274609847387 × 10^300 | 4120 | 84 |
| iv_506 | 2.0348887870064266 × 10^301 | 4160 | 80 |
| iv_507 | 2.3854851111139253 × 10^301 | 4169 | 86 |
| iv_500 | 1.7751883752206516 × 10^301 | 4240 | 73 |
| iv_511 | 1.3909867628266044 × 10^297 | 4370 | 78 |

### Input Bits Sorted by Output Occurrences

| Input Bit | Complexity | Occurrences | Output Occurrences |
|:---------:|:----------:|:-----------:|:------------------:|
| iv_504 | 7.649911375671698 × 10^301 | 3985 | 71 |
| iv_500 | 1.7751883752206516 × 10^301 | 4240 | 73 |
| iv_503 | 4.5912291672141536 × 10^301 | 4066 | 75 |
| iv_499 | 2.883136905225584 × 10^300 | 3983 | 78 |
| iv_511 | 1.3909867628266044 × 10^297 | 4370 | 78 |
| iv_506 | 2.0348887870064266 × 10^301 | 4160 | 80 |
| iv_498 | 1.702852660140168 × 10^300 | 4008 | 82 |
| iv_505 | 1.0091706571235745 × 10^302 | 4028 | 82 |
| iv_502 | 2.578269665621786 × 10^301 | 3950 | 83 |
| iv_497 | 1.2021274609847387 × 10^300 | 4120 | 84 |
| iv_507 | 2.3854851111139253 × 10^301 | 4169 | 86 |

## Input Bit Co-occurrences

### Input Bit Co-occurrences Sorted by Co-occurrences

| Input Bits | Co-occurrences | Potential Occurrences | Output Co-occurrences | Potential Output Occurrences |
|:----------:|:--------------:|:---------------------:|:---------------------:|:----------------------------:|
| iv_506-iv_511 | 2074 | 4382 | 42 | 74 |
| iv_500-iv_511 | 2043 | 4524 | 39 | 73 |
| iv_507-iv_511 | 2005 | 4529 | 41 | 82 |
| iv_505-iv_511 | 1995 | 4408 | 41 | 78 |
| iv_497-iv_511 | 1983 | 4524 | 37 | 88 |
| iv_505-iv_506 | 1980 | 4228 | 43 | 76 |
| iv_503-iv_511 | 1976 | 4484 | 32 | 89 |
| iv_500-iv_507 | 1976 | 4457 | 36 | 87 |
| iv_499-iv_500 | 1973 | 4277 | 37 | 77 |
| iv_497-iv_500 | 1962 | 4436 | 41 | 75 |
| iv_500-iv_506 | 1956 | 4488 | 34 | 85 |

### Input Bit Co-occurrences Sorted by Potential Occurrences

| Input Bits | Co-occurrences | Potential Occurrences | Output Co-occurrences | Potential Output Occurrences |
|:----------:|:--------------:|:---------------------:|:---------------------:|:----------------------------:|
| iv_499-iv_505 | 1918 | 4175 | 42 | 76 |
| iv_499-iv_504 | 1888 | 4192 | 40 | 69 |
| iv_498-iv_504 | 1886 | 4221 | 34 | 85 |
| iv_505-iv_506 | 1980 | 4228 | 43 | 76 |
| iv_504-iv_505 | 1891 | 4231 | 36 | 81 |
| iv_498-iv_505 | 1888 | 4260 | 45 | 74 |
| iv_498-iv_506 | 1952 | 4264 | 44 | 74 |
| iv_504-iv_506 | 1938 | 4269 | 37 | 77 |
| iv_503-iv_505 | 1912 | 4270 | 40 | 77 |
| iv_499-iv_500 | 1973 | 4277 | 37 | 77 |
| iv_502-iv_506 | 1908 | 4294 | 39 | 85 |

### Input Bit Output Co-occurrences Sorted by Output Co-occurrences

| Input Bits | Co-occurrences | Potential Occurrences | Output Co-occurrences | Potential Output Occurrences |
|:----------:|:--------------:|:---------------------:|:---------------------:|:----------------------------:|
| iv_505-iv_507 | 1873 | 4451 | 49 | 70 |
| iv_498-iv_505 | 1888 | 4260 | 45 | 74 |
| iv_498-iv_502 | 1817 | 4324 | 45 | 75 |
| iv_498-iv_506 | 1952 | 4264 | 44 | 74 |
| iv_497-iv_505 | 1878 | 4392 | 44 | 78 |
| iv_497-iv_506 | 1883 | 4514 | 44 | 76 |
| iv_497-iv_499 | 1897 | 4309 | 43 | 76 |
| iv_497-iv_504 | 1842 | 4421 | 43 | 69 |
| iv_498-iv_507 | 1875 | 4427 | 43 | 82 |
| iv_502-iv_507 | 1882 | 4355 | 43 | 83 |
| iv_505-iv_506 | 1980 | 4228 | 43 | 76 |

### Input Bit Output Co-occurrences Sorted by Potential Output Occurrences

| Input Bits | Co-occurrences | Potential Occurrences | Output Co-occurrences | Potential Output Occurrences |
|:----------:|:--------------:|:---------------------:|:---------------------:|:----------------------------:|
| iv_497-iv_504 | 1842 | 4421 | 43 | 69 |
| iv_499-iv_504 | 1888 | 4192 | 40 | 69 |
| iv_505-iv_507 | 1873 | 4451 | 49 | 70 |
| iv_500-iv_505 | 1883 | 4502 | 42 | 71 |
| iv_500-iv_511 | 2043 | 4524 | 39 | 73 |
| iv_500-iv_503 | 1884 | 4538 | 37 | 74 |
| iv_498-iv_505 | 1888 | 4260 | 45 | 74 |
| iv_506-iv_511 | 2074 | 4382 | 42 | 74 |
| iv_498-iv_506 | 1952 | 4264 | 44 | 74 |
| iv_497-iv_500 | 1962 | 4436 | 41 | 75 |
| iv_498-iv_503 | 1853 | 4368 | 41 | 75 |

## Output Bits

### Output Bits in Regular Order

| Rank | Output Bit | Complexity |
|:----:|:----------:|:----------:|
| 1 | ov_001 | 4.953512187052692 × 10^301 |
| 2 | ov_002 | 4.310417012008164 × 10^301 |
| 3 | ov_003 | 3.7330478284430104 × 10^301 |
| 4 | ov_004 | 3.2164784671707376 × 10^301 |
| 5 | ov_005 | 2.756052790788746 × 10^301 |
| 6 | ov_006 | 2.347365328362416 × 10^301 |
| 7 | ov_007 | 1.9862443962381556 × 10^301 |
| 8 | ov_008 | 1.6687375579912596 × 10^301 |
| 9 | ov_009 | 1.3910992409898866 × 10^301 |
| 10 | ov_010 | 1.1497802936490416 × 10^301 |
| 11 | ov_011 | 9.414192650263737 × 10^300 |
| 12 | ov_012 | 7.628352009370109 × 10^300 |
| 13 | ov_013 | 6.110217630423227 × 10^300 |
| 14 | ov_014 | 4.831424894525368 × 10^300 |
| 15 | ov_015 | 3.765270273211194 × 10^300 |
| 16 | ov_016 | 2.88668179736474 × 10^300 |
| 17 | ov_017 | 2.172196209628363 × 10^300 |
| 18 | ov_018 | 1.5999414576997973 × 10^300 |
| 19 | ov_019 | 1.14962336449881 × 10^300 |
| 20 | ov_020 | 8.025156064866396 × 10^299 |
| 21 | ov_021 | 5.414524048243467 × 10^299 |
| 22 | ov_022 | 3.5082342101541584 × 10^299 |
| 23 | ov_023 | 2.1657032584429594 × 10^299 |
| 24 | ov_024 | 1.26184568348197 × 10^299 |
| 25 | ov_025 | 6.870601025511968 × 10^298 |
| 26 | ov_026 | 3.472217769904424 × 10^298 |
| 27 | ov_027 | 1.636790901553694 × 10^298 |
| 28 | ov_028 | 7.325215814872341 × 10^297 |
| 29 | ov_029 | 2.8232382461986928 × 10^297 |
| 30 | ov_030 | 8.63326194919819 × 10^296 |
| 31 | ov_031 | 1.6845598783005075 × 10^296 |
| 32 | lv_80_m31 | 3.286576527676451 × 10^295 |
| 33 | ov_033 | 3.9515598561298715 × 10^296 |
| 34 | ov_034 | 3.4322467861737636 × 10^296 |
| 35 | ov_035 | 2.9672297148592234 × 10^296 |
| 36 | ov_036 | 2.5519243481424913 × 10^296 |
| 37 | ov_037 | 2.1819950809981453 × 10^296 |
| 38 | ov_038 | 1.853337428207906 × 10^296 |
| 39 | ov_039 | 1.5620628086538805 × 10^296 |
| 40 | ov_040 | 1.3044854617212563 × 10^296 |
| 41 | ov_041 | 1.0788117032932756 × 10^296 |
| 42 | ov_042 | 8.83341115672702 × 10^295 |
| 43 | ov_043 | 7.164622345122706 × 10^295 |
| 44 | ov_044 | 5.752052595840171 × 10^295 |
| 45 | ov_045 | 4.5676279865713963 × 10^295 |
| 46 | ov_046 | 3.584855413750835 × 10^295 |
| 47 | ov_047 | 2.778788194707833 × 10^295 |
| 48 | ov_048 | 2.1259991725836806 × 10^295 |
| 49 | ov_049 | 1.6045600656511638 × 10^295 |
| 50 | ov_050 | 1.1940259044470294 × 10^295 |
| 51 | ov_051 | 8.754235015186719 × 10^294 |
| 52 | ov_052 | 6.312430467091516 × 10^294 |
| 53 | ov_053 | 4.4543215658050564 × 10^294 |
| 54 | ov_054 | 3.033918887920469 × 10^294 |
| 55 | ov_055 | 1.9818574314440408 × 10^294 |
| 56 | ov_056 | 1.2360221533984992 × 10^294 |
| 57 | ov_057 | 7.415423352587515 × 10^293 |
| 58 | ov_058 | 4.103981874380715 × 10^293 |
| 59 | ov_059 | 2.0219953146009 × 10^293 |
| 60 | ov_060 | 8.379486044720161 × 10^292 |
| 61 | ov_061 | 2.927106437106691 × 10^292 |
| 62 | ov_062 | 8.029815908868524 × 10^291 |
| 63 | ov_063 | 1.565082692500012 × 10^291 |
| 64 | lv_79_m31 | 3.0497805923625885 × 10^290 |
| 65 | ov_065 | 3.638169201180691 × 10^291 |
| 66 | ov_066 | 3.6381596721954226 × 10^291 |
| 67 | ov_067 | 3.6381574117027785 × 10^291 |
| 68 | ov_068 | 3.1510868839790874 × 10^291 |
| 69 | ov_069 | 2.7150428693554876 × 10^291 |
| 70 | ov_070 | 2.326239553542577 × 10^291 |
| 71 | ov_071 | 1.9810690982567504 × 10^291 |
| 72 | ov_072 | 1.6760910389267053 × 10^291 |
| 73 | ov_073 | 1.40802397491732 × 10^291 |
| 74 | ov_074 | 1.1737391442212938 × 10^291 |
| 75 | ov_075 | 9.702554961422175 × 10^290 |
| 76 | ov_076 | 7.947358962452931 × 10^290 |
| 77 | ov_077 | 6.444841179304642 × 10^290 |
| 78 | ov_078 | 5.169423293776255 × 10^290 |
| 79 | ov_079 | 4.096889060029135 × 10^290 |
| 80 | ov_080 | 3.2043651274873633 × 10^290 |
| 81 | ov_081 | 2.470304379186389 × 10^290 |
| 82 | ov_082 | 1.874471604199713 × 10^290 |
| 83 | ov_083 | 1.397931323891997 × 10^290 |
| 84 | ov_084 | 1.023037592549885 × 10^290 |
| 85 | ov_085 | 7.3342559349427115 × 10^289 |
| 86 | ov_086 | 5.140048521397606 × 10^289 |
| 87 | ov_087 | 3.509538876949654 × 10^289 |
| 88 | ov_088 | 2.3171612533623695 × 10^289 |
| 89 | ov_089 | 1.4499689076792756 × 10^289 |
| 90 | ov_090 | 8.546400837908181 × 10^288 |
| 91 | ov_091 | 4.841477891564059 × 10^288 |
| 92 | ov_092 | 2.633035185075302 × 10^288 |
| 93 | ov_093 | 1.2949033502855645 × 10^288 |
| 94 | ov_094 | 5.4542297597176505 × 10^287 |
| 95 | aaa_78_28 | 1.6577923735854684 × 10^287 |
| 96 | aaa_78_29 | 4.965792460667685 × 10^286 |
| 97 | ov_097 | 2.5859049911454397 × 10^286 |
| 98 | ov_098 | 2.585875619689585 × 10^286 |
| 99 | ov_099 | 2.5858662395427706 × 10^286 |
| 100 | ov_100 | 2.1245400514194187 × 10^286 |
| 101 | ov_101 | 1.7325349323245748 × 10^286 |
| 102 | ov_102 | 1.4025887796934053 × 10^286 |
| 103 | ov_103 | 1.1278380467587937 × 10^286 |
| 104 | ov_104 | 9.017887821695562 × 10^285 |
| 105 | ov_105 | 7.18291442751156 × 10^285 |
| 106 | ov_106 | 5.715191327935525 × 10^285 |
| 107 | ov_107 | 4.559489412270332 × 10^285 |
| 108 | ov_108 | 3.663460653708802 × 10^285 |
| 109 | ov_109 | 2.9775042673776543 × 10^285 |
| 110 | ov_110 | 2.4546550075742873 × 10^285 |
| 111 | ov_111 | 2.0504909833962936 × 10^285 |
| 112 | ov_112 | 1.7230585300674872 × 10^285 |
| 113 | ov_113 | 1.4328118295519654 × 10^285 |
| 114 | ov_114 | 1.1774279976052805 × 10^285 |
| 115 | ov_115 | 9.546125742597181 × 10^284 |
| 116 | ov_116 | 7.620924578604581 × 10^284 |
| 117 | ov_117 | 5.976103769852289 × 10^284 |
| 118 | ov_118 | 4.589206030124805 × 10^284 |
| 119 | ov_119 | 3.437854807276665 × 10^284 |
| 120 | ov_120 | 2.4997264346587712 × 10^284 |
| 121 | ov_121 | 1.7525303023935377 × 10^284 |
| 122 | ov_122 | 1.1739960951731889 × 10^284 |
| 123 | ov_123 | 7.418653966997999 × 10^283 |
| 124 | ov_124 | 4.338860248496705 × 10^283 |
| 125 | ov_125 | 2.278085211143109 × 10^283 |
| 126 | ov_126 | 1.0138435921986066 × 10^283 |
| 127 | aaa_77_28 | 3.2365257215785727 × 10^282 |
| 128 | aaa_77_29 | 1.2128583000984702 × 10^282 |
| 129 | ov_129 | 1.1227072663072527 × 10^282 |
| 130 | ov_130 | 1.1227039547298878 × 10^282 |
| 131 | ov_131 | 1.1227031539566239 × 10^282 |
| 132 | ov_132 | 9.730013862904135 × 10^281 |
| 133 | ov_133 | 8.390012718467765 × 10^281 |
| 134 | ov_134 | 7.195098919988703 × 10^281 |
| 135 | ov_135 | 6.133982697457398 × 10^281 |
| 136 | ov_136 | 5.195968016018771 × 10^281 |
| 137 | ov_137 | 4.370913214812735 × 10^281 |
| 138 | ov_138 | 3.649197362619961 × 10^281 |
| 139 | ov_139 | 3.0216917580525544 × 10^281 |
| 140 | ov_140 | 2.4797360319972426 × 10^281 |
| 141 | ov_141 | 2.015118339276624 × 10^281 |
| 142 | ov_142 | 1.6200591552115865 × 10^281 |
| 143 | ov_143 | 1.28719822108472 × 10^281 |
| 144 | ov_144 | 1.009584210532307 × 10^281 |
| 145 | ov_145 | 7.806667167176743 × 10^280 |
| 146 | ov_146 | 5.942901878253772 × 10^280 |
| 147 | ov_147 | 4.446894660094723 × 10^280 |
| 148 | ov_148 | 3.264866124619926 × 10^280 |
| 149 | ov_149 | 2.3468872876147415 × 10^280 |
| 150 | ov_150 | 1.6468651213021712 × 10^280 |
| 151 | ov_151 | 1.122533209339185 × 10^280 |
| 152 | ov_152 | 7.354458624183881 × 10^279 |
| 153 | ov_153 | 4.5097459600408327 × 10^279 |
| 154 | ov_154 | 2.5275914824004614 × 10^279 |
| 155 | ov_155 | 1.2634650502313286 × 10^279 |
| 156 | aaa_76_25 | 4.855098122540619 × 10^278 |
| 157 | aaa_76_26 | 2.803945999814726 × 10^278 |
| 158 | aaa_76_27 | 1.4354497686211468 × 10^278 |
| 159 | aaa_76_28 | 5.589641747226473 × 10^277 |
| 160 | aaa_76_29 | 1.7001318691228093 × 10^277 |

### Output Bits Sorted by Complexity

| Rank | Output Bit | Complexity |
|:----:|:----------:|:----------:|
| 160 | aaa_76_29 | 1.7001318691228093 × 10^277 |
| 159 | aaa_76_28 | 5.589641747226473 × 10^277 |
| 158 | aaa_76_27 | 1.4354497686211468 × 10^278 |
| 157 | aaa_76_26 | 2.803945999814726 × 10^278 |
| 156 | aaa_76_25 | 4.855098122540619 × 10^278 |
| 155 | ov_155 | 1.2634650502313286 × 10^279 |
| 154 | ov_154 | 2.5275914824004614 × 10^279 |
| 153 | ov_153 | 4.5097459600408327 × 10^279 |
| 152 | ov_152 | 7.354458624183881 × 10^279 |
| 151 | ov_151 | 1.122533209339185 × 10^280 |
| 150 | ov_150 | 1.6468651213021712 × 10^280 |
| 149 | ov_149 | 2.3468872876147415 × 10^280 |
| 148 | ov_148 | 3.264866124619926 × 10^280 |
| 147 | ov_147 | 4.446894660094723 × 10^280 |
| 146 | ov_146 | 5.942901878253772 × 10^280 |
| 145 | ov_145 | 7.806667167176743 × 10^280 |
| 144 | ov_144 | 1.009584210532307 × 10^281 |
| 143 | ov_143 | 1.28719822108472 × 10^281 |
| 142 | ov_142 | 1.6200591552115865 × 10^281 |
| 141 | ov_141 | 2.015118339276624 × 10^281 |
| 140 | ov_140 | 2.4797360319972426 × 10^281 |
| 139 | ov_139 | 3.0216917580525544 × 10^281 |
| 138 | ov_138 | 3.649197362619961 × 10^281 |
| 137 | ov_137 | 4.370913214812735 × 10^281 |
| 136 | ov_136 | 5.195968016018771 × 10^281 |
| 135 | ov_135 | 6.133982697457398 × 10^281 |
| 134 | ov_134 | 7.195098919988703 × 10^281 |
| 133 | ov_133 | 8.390012718467765 × 10^281 |
| 132 | ov_132 | 9.730013862904135 × 10^281 |
| 131 | ov_131 | 1.1227031539566239 × 10^282 |
| 130 | ov_130 | 1.1227039547298878 × 10^282 |
| 129 | ov_129 | 1.1227072663072527 × 10^282 |
| 128 | aaa_77_29 | 1.2128583000984702 × 10^282 |
| 127 | aaa_77_28 | 3.2365257215785727 × 10^282 |
| 126 | ov_126 | 1.0138435921986066 × 10^283 |
| 125 | ov_125 | 2.278085211143109 × 10^283 |
| 124 | ov_124 | 4.338860248496705 × 10^283 |
| 123 | ov_123 | 7.418653966997999 × 10^283 |
| 122 | ov_122 | 1.1739960951731889 × 10^284 |
| 121 | ov_121 | 1.7525303023935377 × 10^284 |
| 120 | ov_120 | 2.4997264346587712 × 10^284 |
| 119 | ov_119 | 3.437854807276665 × 10^284 |
| 118 | ov_118 | 4.589206030124805 × 10^284 |
| 117 | ov_117 | 5.976103769852289 × 10^284 |
| 116 | ov_116 | 7.620924578604581 × 10^284 |
| 115 | ov_115 | 9.546125742597181 × 10^284 |
| 114 | ov_114 | 1.1774279976052805 × 10^285 |
| 113 | ov_113 | 1.4328118295519654 × 10^285 |
| 112 | ov_112 | 1.7230585300674872 × 10^285 |
| 111 | ov_111 | 2.0504909833962936 × 10^285 |
| 110 | ov_110 | 2.4546550075742873 × 10^285 |
| 109 | ov_109 | 2.9775042673776543 × 10^285 |
| 108 | ov_108 | 3.663460653708802 × 10^285 |
| 107 | ov_107 | 4.559489412270332 × 10^285 |
| 106 | ov_106 | 5.715191327935525 × 10^285 |
| 105 | ov_105 | 7.18291442751156 × 10^285 |
| 104 | ov_104 | 9.017887821695562 × 10^285 |
| 103 | ov_103 | 1.1278380467587937 × 10^286 |
| 102 | ov_102 | 1.4025887796934053 × 10^286 |
| 101 | ov_101 | 1.7325349323245748 × 10^286 |
| 100 | ov_100 | 2.1245400514194187 × 10^286 |
| 99 | ov_099 | 2.5858662395427706 × 10^286 |
| 98 | ov_098 | 2.585875619689585 × 10^286 |
| 97 | ov_097 | 2.5859049911454397 × 10^286 |
| 96 | aaa_78_29 | 4.965792460667685 × 10^286 |
| 95 | aaa_78_28 | 1.6577923735854684 × 10^287 |
| 94 | ov_094 | 5.4542297597176505 × 10^287 |
| 93 | ov_093 | 1.2949033502855645 × 10^288 |
| 92 | ov_092 | 2.633035185075302 × 10^288 |
| 91 | ov_091 | 4.841477891564059 × 10^288 |
| 90 | ov_090 | 8.546400837908181 × 10^288 |
| 89 | ov_089 | 1.4499689076792756 × 10^289 |
| 88 | ov_088 | 2.3171612533623695 × 10^289 |
| 87 | ov_087 | 3.509538876949654 × 10^289 |
| 86 | ov_086 | 5.140048521397606 × 10^289 |
| 85 | ov_085 | 7.3342559349427115 × 10^289 |
| 84 | ov_084 | 1.023037592549885 × 10^290 |
| 83 | ov_083 | 1.397931323891997 × 10^290 |
| 82 | ov_082 | 1.874471604199713 × 10^290 |
| 81 | ov_081 | 2.470304379186389 × 10^290 |
| 64 | lv_79_m31 | 3.0497805923625885 × 10^290 |
| 80 | ov_080 | 3.2043651274873633 × 10^290 |
| 79 | ov_079 | 4.096889060029135 × 10^290 |
| 78 | ov_078 | 5.169423293776255 × 10^290 |
| 77 | ov_077 | 6.444841179304642 × 10^290 |
| 76 | ov_076 | 7.947358962452931 × 10^290 |
| 75 | ov_075 | 9.702554961422175 × 10^290 |
| 74 | ov_074 | 1.1737391442212938 × 10^291 |
| 73 | ov_073 | 1.40802397491732 × 10^291 |
| 63 | ov_063 | 1.565082692500012 × 10^291 |
| 72 | ov_072 | 1.6760910389267053 × 10^291 |
| 71 | ov_071 | 1.9810690982567504 × 10^291 |
| 70 | ov_070 | 2.326239553542577 × 10^291 |
| 69 | ov_069 | 2.7150428693554876 × 10^291 |
| 68 | ov_068 | 3.1510868839790874 × 10^291 |
| 67 | ov_067 | 3.6381574117027785 × 10^291 |
| 66 | ov_066 | 3.6381596721954226 × 10^291 |
| 65 | ov_065 | 3.638169201180691 × 10^291 |
| 62 | ov_062 | 8.029815908868524 × 10^291 |
| 61 | ov_061 | 2.927106437106691 × 10^292 |
| 60 | ov_060 | 8.379486044720161 × 10^292 |
| 59 | ov_059 | 2.0219953146009 × 10^293 |
| 58 | ov_058 | 4.103981874380715 × 10^293 |
| 57 | ov_057 | 7.415423352587515 × 10^293 |
| 56 | ov_056 | 1.2360221533984992 × 10^294 |
| 55 | ov_055 | 1.9818574314440408 × 10^294 |
| 54 | ov_054 | 3.033918887920469 × 10^294 |
| 53 | ov_053 | 4.4543215658050564 × 10^294 |
| 52 | ov_052 | 6.312430467091516 × 10^294 |
| 51 | ov_051 | 8.754235015186719 × 10^294 |
| 50 | ov_050 | 1.1940259044470294 × 10^295 |
| 49 | ov_049 | 1.6045600656511638 × 10^295 |
| 48 | ov_048 | 2.1259991725836806 × 10^295 |
| 47 | ov_047 | 2.778788194707833 × 10^295 |
| 32 | lv_80_m31 | 3.286576527676451 × 10^295 |
| 46 | ov_046 | 3.584855413750835 × 10^295 |
| 45 | ov_045 | 4.5676279865713963 × 10^295 |
| 44 | ov_044 | 5.752052595840171 × 10^295 |
| 43 | ov_043 | 7.164622345122706 × 10^295 |
| 42 | ov_042 | 8.83341115672702 × 10^295 |
| 41 | ov_041 | 1.0788117032932756 × 10^296 |
| 40 | ov_040 | 1.3044854617212563 × 10^296 |
| 39 | ov_039 | 1.5620628086538805 × 10^296 |
| 31 | ov_031 | 1.6845598783005075 × 10^296 |
| 38 | ov_038 | 1.853337428207906 × 10^296 |
| 37 | ov_037 | 2.1819950809981453 × 10^296 |
| 36 | ov_036 | 2.5519243481424913 × 10^296 |
| 35 | ov_035 | 2.9672297148592234 × 10^296 |
| 34 | ov_034 | 3.4322467861737636 × 10^296 |
| 33 | ov_033 | 3.9515598561298715 × 10^296 |
| 30 | ov_030 | 8.63326194919819 × 10^296 |
| 29 | ov_029 | 2.8232382461986928 × 10^297 |
| 28 | ov_028 | 7.325215814872341 × 10^297 |
| 27 | ov_027 | 1.636790901553694 × 10^298 |
| 26 | ov_026 | 3.472217769904424 × 10^298 |
| 25 | ov_025 | 6.870601025511968 × 10^298 |
| 24 | ov_024 | 1.26184568348197 × 10^299 |
| 23 | ov_023 | 2.1657032584429594 × 10^299 |
| 22 | ov_022 | 3.5082342101541584 × 10^299 |
| 21 | ov_021 | 5.414524048243467 × 10^299 |
| 20 | ov_020 | 8.025156064866396 × 10^299 |
| 19 | ov_019 | 1.14962336449881 × 10^300 |
| 18 | ov_018 | 1.5999414576997973 × 10^300 |
| 17 | ov_017 | 2.172196209628363 × 10^300 |
| 16 | ov_016 | 2.88668179736474 × 10^300 |
| 15 | ov_015 | 3.765270273211194 × 10^300 |
| 14 | ov_014 | 4.831424894525368 × 10^300 |
| 13 | ov_013 | 6.110217630423227 × 10^300 |
| 12 | ov_012 | 7.628352009370109 × 10^300 |
| 11 | ov_011 | 9.414192650263737 × 10^300 |
| 10 | ov_010 | 1.1497802936490416 × 10^301 |
| 9 | ov_009 | 1.3910992409898866 × 10^301 |
| 8 | ov_008 | 1.6687375579912596 × 10^301 |
| 7 | ov_007 | 1.9862443962381556 × 10^301 |
| 6 | ov_006 | 2.347365328362416 × 10^301 |
| 5 | ov_005 | 2.756052790788746 × 10^301 |
| 4 | ov_004 | 3.2164784671707376 × 10^301 |
| 3 | ov_003 | 3.7330478284430104 × 10^301 |
| 2 | ov_002 | 4.310417012008164 × 10^301 |
| 1 | ov_001 | 4.953512187052692 × 10^301 |

