# Results for F001-F002-F003-F004-F005-F006-F007-F008-F009-F010-F011-F012-F013-F014-F015-F016-F017-F018-F019-F020-F021-F022-F023-F024-F025-F026-F027-F028-F029-F030-F031-F032-F033-F034-F035-F036-F037-F038-F039-F040-F041-F042-F043-F044-F045-F046-F047-F048-F049-F050-F051-F052-F053-F054-F055-F056-F057-F058-F059-F060-F061-F062-F063-F064-F065-F066-F067-F068-F069-F070-F071-F072-F073-F074-F075-F076-F077-F078-F079-F080-F081-F082-F083-F084-F085-F086-F087-F088-F089-F090-F091-F092-F093-F094-F095-F096-F097-F098-F099-F100-F101-F102-F103-F104-F105-F106-F107-F108-F109-F110-F111-F112-F113-F114-F115-F116-F117-F118-F119-F120-F121-F122-F123-F124-F125-F126-F127-F128-F129-F130-F131-F132-F133-F134-F135-F136-F137-F138-F139-F140-F141-F142-F143-F144-F145-F146-F147-F148-F149-F150-F151-F152-F153-F154-F155-F156-F157-F158-F159-F160-F161-F162-F163-F164-F165-F166-F167-F168-F169-F170-F171-F172-F173-F174-F175-F176-F177-F178-F179-F180-F181-F182-F183-F184-F185-F186-F187-F188-F189-F190-F191-F192-F193-F194-F195-F196-F197-F198-F199-F200-F201-F202-F203-F204-F205-F206-F207-F208-F209-F210-F211-F212-F213-F214-F215-F216-F217-F218-F219-F220-F221-F222-F223-F224-F225-F226-F227-F228-F229-F230-F231-F232-F233-F234-F235-F236-F237-F238-F239-F240-F241-F242-F243-F244-F245-F246-F247-F248-F249-F250-F251-F252-F253-F254-F255-F256-F257-F258-F259-F260-F261-F262-F263-F264-F265-F266-F267-F268-F269-F270-F271-F272-F273-F274-F275-F276-F277-F278-F279-F280-F281-F282-F283-F284-F285-F286-F287-F288-F289-F290-F291-F292-F293-F294-F295-F296-F297-F298-F299-F300-F301-F302-F303-F304-F305-F306-F307-F308-F309-F310-F311-F312-F313-F314-F315-F316-F317-F318-F319-F320-F321-F322-F323-F324-F325-F326-F327-F328-F329-F330-F331-F332-F333-F334-F335-F336-F337-F338-F339-F340-F341-F342-F343-F344-F345-F346-F347-F348-F349-F350-F351-F352-F353-F354-F355-F356-F357-F358-F359-F360-F361-F362-F363-F364-F365-F366-F367-F368-F369-F370-F371-F372-F373-F374-F375-F376-F377-F378-F379-F380-F381-F382-F383-F384-F385-F386-F387-F388-F389-F390-F391-F392-F393-F394-F395-F396-F397-F398-F399-F400-F401-F402-F403-F404-F405-F406-F407-F408-F409-F410-F411-F412-F413-F414-F415-F416-F417-F418-F419-F420-F421-F422-F423-F424-F425-F426-F427-F428-F429-F430-F431-F432-F433-F434-F435-F436-F437-F438-F439-F440-F441-F442-F443-F444-F445-F446-F447-F448-F449-F450-F451-F452-F453-F454-F455-F456-F457-F458-F459-F460-F461-F462-F463-F464-F465-F466-F467-F468-F469-F470-F471-F472-F473-F474-F475-F476-F477-F478-F479-F480-F481-F482-F483-F484-F485-F486-F487-F488-F489-F490-F491-F492-F493-F494-F495-F496-O497506-F508-F509-F510-F512

## Summary

Number of input bits: 512  
Number of free input bits: 11  
Number of output bits: 160

Number of direct occurrences: 44936  
Number of assignments: 31400  
Number of operations: 11147619
(xor: 11119277,
and: 15007,
or: 13335)

Total complexity: 8.53454489140953 × 10^299

Least occurring input variable: iv_502 (3901)  
Most occurring input variable: iv_497 (4400)

Most co-occurring input variables: iv_500-iv_511 (2084)  
Least co-occurring input variables: iv_498-iv_502 (1761)

Potentially most occurring input variable: iv_497/iv_511 (4708)  
Potentially least occurring input variable: iv_500/iv_501 (4140)

Least output occurring input variable: iv_497 (72)  
Most output occurring input variable: iv_507 (87)

Most output co-occurring input variables: iv_505-iv_507 (47)  
Least output co-occurring input variables: iv_497-iv_500 (32)

Potentially most output occurring input variable: iv_498/iv_505 (94)  
Potentially least output occurring input variable: iv_501/iv_511 (68)

Least complex input bit: iv_511 (3.0623587165833504 × 10^294)  
Most complex input bit: iv_505 (2.484173446668543 × 10^299)

Least complex output bit: aaa_76_29 (6.662604487139207 × 10^274)  
Most complex output bit: ov_001 (1.3342302545328425 × 10^299)

Least complex input/output complexity: iv_511/aaa_76_29 (2.3906705261899836 × 10^269)  
Most complex input/output complexity: iv_505/ov_001 (3.883580685583452 × 10^298)

## Input Bits

### Input Bits in Regular Order

| Input Bit | Complexity | Occurrences | Output Occurrences |
|:---------:|:----------:|:-----------:|:------------------:|
| iv_497 | 5.102180054195543 × 10^298 | 4400 | 72 |
| iv_498 | 9.878037253939268 × 10^297 | 3936 | 84 |
| iv_499 | 1.74595450711435 × 10^298 | 3951 | 77 |
| iv_500 | 2.9440783902625664 × 10^298 | 4131 | 76 |
| iv_501 | 4.843944214599514 × 10^298 | 4099 | 82 |
| iv_502 | 7.820215337678919 × 10^298 | 3901 | 82 |
| iv_503 | 1.2395840628439727 × 10^299 | 4066 | 79 |
| iv_504 | 1.928072390709459 × 10^299 | 3951 | 78 |
| iv_505 | 2.484173446668543 × 10^299 | 3984 | 82 |
| iv_507 | 5.382667446759078 × 10^298 | 4169 | 87 |
| iv_511 | 3.0623587165833504 × 10^294 | 4348 | 78 |

### Input Bits Sorted by Complexity

| Input Bit | Complexity | Occurrences | Output Occurrences |
|:---------:|:----------:|:-----------:|:------------------:|
| iv_511 | 3.0623587165833504 × 10^294 | 4348 | 78 |
| iv_498 | 9.878037253939268 × 10^297 | 3936 | 84 |
| iv_499 | 1.74595450711435 × 10^298 | 3951 | 77 |
| iv_500 | 2.9440783902625664 × 10^298 | 4131 | 76 |
| iv_501 | 4.843944214599514 × 10^298 | 4099 | 82 |
| iv_497 | 5.102180054195543 × 10^298 | 4400 | 72 |
| iv_507 | 5.382667446759078 × 10^298 | 4169 | 87 |
| iv_502 | 7.820215337678919 × 10^298 | 3901 | 82 |
| iv_503 | 1.2395840628439727 × 10^299 | 4066 | 79 |
| iv_504 | 1.928072390709459 × 10^299 | 3951 | 78 |
| iv_505 | 2.484173446668543 × 10^299 | 3984 | 82 |

### Input Bits Sorted by Occurrences

| Input Bit | Complexity | Occurrences | Output Occurrences |
|:---------:|:----------:|:-----------:|:------------------:|
| iv_502 | 7.820215337678919 × 10^298 | 3901 | 82 |
| iv_498 | 9.878037253939268 × 10^297 | 3936 | 84 |
| iv_504 | 1.928072390709459 × 10^299 | 3951 | 78 |
| iv_499 | 1.74595450711435 × 10^298 | 3951 | 77 |
| iv_505 | 2.484173446668543 × 10^299 | 3984 | 82 |
| iv_503 | 1.2395840628439727 × 10^299 | 4066 | 79 |
| iv_501 | 4.843944214599514 × 10^298 | 4099 | 82 |
| iv_500 | 2.9440783902625664 × 10^298 | 4131 | 76 |
| iv_507 | 5.382667446759078 × 10^298 | 4169 | 87 |
| iv_511 | 3.0623587165833504 × 10^294 | 4348 | 78 |
| iv_497 | 5.102180054195543 × 10^298 | 4400 | 72 |

### Input Bits Sorted by Output Occurrences

| Input Bit | Complexity | Occurrences | Output Occurrences |
|:---------:|:----------:|:-----------:|:------------------:|
| iv_497 | 5.102180054195543 × 10^298 | 4400 | 72 |
| iv_500 | 2.9440783902625664 × 10^298 | 4131 | 76 |
| iv_499 | 1.74595450711435 × 10^298 | 3951 | 77 |
| iv_504 | 1.928072390709459 × 10^299 | 3951 | 78 |
| iv_511 | 3.0623587165833504 × 10^294 | 4348 | 78 |
| iv_503 | 1.2395840628439727 × 10^299 | 4066 | 79 |
| iv_502 | 7.820215337678919 × 10^298 | 3901 | 82 |
| iv_501 | 4.843944214599514 × 10^298 | 4099 | 82 |
| iv_505 | 2.484173446668543 × 10^299 | 3984 | 82 |
| iv_498 | 9.878037253939268 × 10^297 | 3936 | 84 |
| iv_507 | 5.382667446759078 × 10^298 | 4169 | 87 |

## Input Bit Co-occurrences

### Input Bit Co-occurrences Sorted by Co-occurrences

| Input Bits | Co-occurrences | Potential Occurrences | Output Co-occurrences | Potential Output Occurrences |
|:----------:|:--------------:|:---------------------:|:---------------------:|:----------------------------:|
| iv_500-iv_511 | 2084 | 4311 | 37 | 80 |
| iv_501-iv_511 | 2066 | 4315 | 46 | 68 |
| iv_500-iv_501 | 2045 | 4140 | 38 | 82 |
| iv_507-iv_511 | 2036 | 4445 | 44 | 77 |
| iv_503-iv_511 | 2026 | 4362 | 38 | 81 |
| iv_497-iv_501 | 2021 | 4457 | 38 | 78 |
| iv_497-iv_511 | 2020 | 4708 | 35 | 80 |
| iv_497-iv_507 | 2012 | 4545 | 41 | 77 |
| iv_497-iv_500 | 1996 | 4539 | 32 | 84 |
| iv_500-iv_503 | 1989 | 4219 | 40 | 75 |
| iv_501-iv_507 | 1976 | 4316 | 40 | 89 |

### Input Bit Co-occurrences Sorted by Potential Occurrences

| Input Bits | Co-occurrences | Potential Occurrences | Output Co-occurrences | Potential Output Occurrences |
|:----------:|:--------------:|:---------------------:|:---------------------:|:----------------------------:|
| iv_500-iv_501 | 2045 | 4140 | 38 | 82 |
| iv_501-iv_504 | 1939 | 4172 | 40 | 80 |
| iv_499-iv_505 | 1881 | 4173 | 35 | 89 |
| iv_499-iv_504 | 1862 | 4178 | 35 | 85 |
| iv_498-iv_504 | 1844 | 4199 | 45 | 72 |
| iv_504-iv_505 | 1865 | 4205 | 39 | 82 |
| iv_499-iv_503 | 1899 | 4219 | 41 | 74 |
| iv_500-iv_503 | 1989 | 4219 | 40 | 75 |
| iv_503-iv_505 | 1914 | 4222 | 44 | 73 |
| iv_502-iv_504 | 1808 | 4236 | 41 | 78 |
| iv_498-iv_499 | 1823 | 4241 | 44 | 73 |

### Input Bit Output Co-occurrences Sorted by Output Co-occurrences

| Input Bits | Co-occurrences | Potential Occurrences | Output Co-occurrences | Potential Output Occurrences |
|:----------:|:--------------:|:---------------------:|:---------------------:|:----------------------------:|
| iv_505-iv_507 | 1833 | 4487 | 47 | 75 |
| iv_501-iv_511 | 2066 | 4315 | 46 | 68 |
| iv_498-iv_501 | 1862 | 4311 | 45 | 76 |
| iv_498-iv_504 | 1844 | 4199 | 45 | 72 |
| iv_498-iv_499 | 1823 | 4241 | 44 | 73 |
| iv_498-iv_502 | 1761 | 4315 | 44 | 78 |
| iv_498-iv_503 | 1835 | 4332 | 44 | 75 |
| iv_501-iv_502 | 1836 | 4328 | 44 | 76 |
| iv_502-iv_511 | 1922 | 4405 | 44 | 72 |
| iv_501-iv_505 | 1875 | 4333 | 44 | 76 |
| iv_503-iv_505 | 1914 | 4222 | 44 | 73 |

### Input Bit Output Co-occurrences Sorted by Potential Output Occurrences

| Input Bits | Co-occurrences | Potential Occurrences | Output Co-occurrences | Potential Output Occurrences |
|:----------:|:--------------:|:---------------------:|:---------------------:|:----------------------------:|
| iv_501-iv_511 | 2066 | 4315 | 46 | 68 |
| iv_498-iv_504 | 1844 | 4199 | 45 | 72 |
| iv_502-iv_511 | 1922 | 4405 | 44 | 72 |
| iv_498-iv_499 | 1823 | 4241 | 44 | 73 |
| iv_499-iv_500 | 1897 | 4288 | 40 | 73 |
| iv_503-iv_504 | 1858 | 4301 | 42 | 73 |
| iv_503-iv_505 | 1914 | 4222 | 44 | 73 |
| iv_499-iv_503 | 1899 | 4219 | 41 | 74 |
| iv_498-iv_503 | 1835 | 4332 | 44 | 75 |
| iv_500-iv_503 | 1989 | 4219 | 40 | 75 |
| iv_501-iv_503 | 1865 | 4435 | 43 | 75 |

## Output Bits

### Output Bits in Regular Order

| Rank | Output Bit | Complexity |
|:----:|:----------:|:----------:|
| 1 | ov_001 | 1.3342302545328425 × 10^299 |
| 2 | ov_002 | 1.1610125629819868 × 10^299 |
| 3 | ov_003 | 1.0054981448207175 × 10^299 |
| 4 | ov_004 | 8.66360137632805 × 10^298 |
| 5 | ov_005 | 7.423444129588878 × 10^298 |
| 6 | ov_006 | 6.32264359987418 × 10^298 |
| 7 | ov_007 | 5.349963389026157 × 10^298 |
| 8 | ov_008 | 4.4947576430439344 × 10^298 |
| 9 | ov_009 | 3.7469376954456635 × 10^298 |
| 10 | ov_010 | 3.0969439382324574 × 10^298 |
| 11 | ov_011 | 2.53572233234352 × 10^298 |
| 12 | ov_012 | 2.0547050032058413 × 10^298 |
| 13 | ov_013 | 1.6457944000346704 × 10^298 |
| 14 | ov_014 | 1.3013505300802966 × 10^298 |
| 15 | ov_015 | 1.0141808111644007 × 10^298 |
| 16 | ov_016 | 7.775321177035177 × 10^297 |
| 17 | ov_017 | 5.8508462705551896 × 10^297 |
| 18 | ov_018 | 4.309471045080484 × 10^297 |
| 19 | ov_019 | 3.0965331333608014 × 10^297 |
| 20 | ov_020 | 2.1615931590689416 × 10^297 |
| 21 | ov_021 | 1.4584150546312376 × 10^297 |
| 22 | ov_022 | 9.449523164250163 × 10^296 |
| 23 | ov_023 | 5.833387664526678 × 10^296 |
| 24 | ov_024 | 3.398825456657037 × 10^296 |
| 25 | ov_025 | 1.8506243774456138 × 10^296 |
| 26 | ov_026 | 9.35258548615994 × 10^295 |
| 27 | ov_027 | 4.408788973820668 × 10^295 |
| 28 | ov_028 | 1.9730941783780739 × 10^295 |
| 29 | ov_029 | 7.60459672632178 × 10^294 |
| 30 | ov_030 | 2.325437757436547 × 10^294 |
| 31 | ov_031 | 4.5375084121842986 × 10^293 |
| 32 | lv_80_m31 | 8.852702460744854 × 10^292 |
| 33 | ov_033 | 1.0643704955096595 × 10^294 |
| 34 | ov_034 | 9.244976514864034 × 10^293 |
| 35 | ov_035 | 7.992464746353005 × 10^293 |
| 36 | ov_036 | 6.873830533184791 × 10^293 |
| 37 | ov_037 | 5.877403105508987 × 10^293 |
| 38 | ov_038 | 4.992132859378327 × 10^293 |
| 39 | ov_039 | 4.207550521476434 × 10^293 |
| 40 | ov_040 | 3.5137320571374408 × 10^293 |
| 41 | ov_041 | 2.9058477128331247 × 10^293 |
| 42 | ov_042 | 2.3793185268280743 × 10^293 |
| 43 | ov_043 | 1.929804778688777 × 10^293 |
| 44 | ov_044 | 1.5493080064980622 × 10^293 |
| 45 | ov_045 | 1.2302667707927058 × 10^293 |
| 46 | ov_046 | 9.655450965806173 × 10^292 |
| 47 | ov_047 | 7.48423291045069 × 10^292 |
| 48 | ov_048 | 5.725907708838427 × 10^292 |
| 49 | ov_049 | 4.321405610036118 × 10^292 |
| 50 | ov_050 | 3.21565153868952 × 10^292 |
| 51 | ov_051 | 2.3575344623513415 × 10^292 |
| 52 | ov_052 | 1.6998850990605545 × 10^292 |
| 53 | ov_053 | 1.1994601648343576 × 10^292 |
| 54 | ov_054 | 8.16931850512291 × 10^291 |
| 55 | ov_055 | 5.3361409441807704 × 10^291 |
| 56 | ov_056 | 3.3277403906515604 × 10^291 |
| 57 | ov_057 | 1.996305607166807 × 10^291 |
| 58 | ov_058 | 1.1047367716918267 × 10^291 |
| 59 | ov_059 | 5.442363096355044 × 10^290 |
| 60 | ov_060 | 2.2550937098394088 × 10^290 |
| 61 | ov_061 | 7.876313157052926 × 10^289 |
| 62 | ov_062 | 2.1603647349783535 × 10^289 |
| 63 | ov_063 | 4.2100943580250403 × 10^288 |
| 64 | lv_79_m31 | 8.202695464772458 × 10^287 |
| 65 | ov_065 | 9.777664946042814 × 10^288 |
| 66 | ov_066 | 9.777641016666003 × 10^288 |
| 67 | ov_067 | 9.777635395181081 × 10^288 |
| 68 | ov_068 | 8.46383598287053 × 10^288 |
| 69 | ov_069 | 7.288537840028634 × 10^288 |
| 70 | ov_070 | 6.241335399425807 × 10^288 |
| 71 | ov_071 | 5.312318880196829 × 10^288 |
| 72 | ov_072 | 4.492049333352049 × 10^288 |
| 73 | ov_073 | 3.77153895047692 × 10^288 |
| 74 | ov_074 | 3.14223503652447 × 10^288 |
| 75 | ov_075 | 2.5960062965593207 × 10^288 |
| 76 | ov_076 | 2.1251306514361127 × 10^288 |
| 77 | ov_077 | 1.7222843317570352 × 10^288 |
| 78 | ov_078 | 1.3805321752502325 × 10^288 |
| 79 | ov_079 | 1.0933190540591918 × 10^288 |
| 80 | ov_080 | 8.544623594768428 × 10^287 |
| 81 | ov_081 | 6.581454724524627 × 10^287 |
| 82 | ov_082 | 4.989121487946128 × 10^287 |
| 83 | ov_083 | 3.7166174843175446 × 10^287 |
| 84 | ov_084 | 2.716452384068332 × 10^287 |
| 85 | ov_085 | 1.9446189949862476 × 10^287 |
| 86 | ov_086 | 1.3605666650448977 × 10^287 |
| 87 | ov_087 | 9.271803230850782 × 10^286 |
| 88 | ov_088 | 6.107644591341171 × 10^286 |
| 89 | ov_089 | 3.810313464628427 × 10^286 |
| 90 | ov_090 | 2.236878385773849 × 10^286 |
| 91 | ov_091 | 1.2613890454774217 × 10^286 |
| 92 | ov_092 | 6.828145745097892 × 10^285 |
| 93 | ov_093 | 3.340160370748737 × 10^285 |
| 94 | ov_094 | 1.3989551891872382 × 10^285 |
| 95 | aaa_78_28 | 4.229587771501998 × 10^284 |
| 96 | aaa_78_29 | 1.2567512243433556 × 10^284 |
| 97 | ov_097 | 7.070076169590588 × 10^283 |
| 98 | ov_098 | 7.069961066522925 × 10^283 |
| 99 | ov_099 | 7.069924306898929 × 10^283 |
| 100 | ov_100 | 5.771799978731252 × 10^283 |
| 101 | ov_101 | 4.698825001722431 × 10^283 |
| 102 | ov_102 | 3.822540102793089 × 10^283 |
| 103 | ov_103 | 3.1160478992645095 × 10^283 |
| 104 | ov_104 | 2.5538994067389087 × 10^283 |
| 105 | ov_105 | 2.1119953334540032 × 10^283 |
| 106 | ov_106 | 1.7675008027695073 × 10^283 |
| 107 | ov_107 | 1.4987722158897774 × 10^283 |
| 108 | ov_108 | 1.2852950348174266 × 10^283 |
| 109 | ov_109 | 1.1076313313621297 × 10^283 |
| 110 | ov_110 | 9.47376012222634 × 10^282 |
| 111 | ov_111 | 8.035618104026294 × 10^282 |
| 112 | ov_112 | 6.752451208331536 × 10^282 |
| 113 | ov_113 | 5.615010634253348 × 10^282 |
| 114 | ov_114 | 4.6141932885133913 × 10^282 |
| 115 | ov_115 | 3.741007469024301 × 10^282 |
| 116 | ov_116 | 2.9865451742597707 × 10^282 |
| 117 | ov_117 | 2.341960439398022 × 10^282 |
| 118 | ov_118 | 1.7984525344118622 × 10^282 |
| 119 | ov_119 | 1.347252367947963 × 10^282 |
| 120 | ov_120 | 9.796115738186035 × 10^281 |
| 121 | ov_121 | 6.867947403720113 × 10^281 |
| 122 | ov_122 | 4.6007440914489135 × 10^281 |
| 123 | ov_123 | 2.9072778474731598 × 10^281 |
| 124 | ov_124 | 1.700345148843863 × 10^281 |
| 125 | ov_125 | 8.927531461199276 × 10^280 |
| 126 | ov_126 | 3.9731264317135033 × 10^280 |
| 127 | aaa_77_28 | 1.2683540134073628 × 10^280 |
| 128 | aaa_77_29 | 4.7530402195414034 × 10^279 |
| 129 | ov_129 | 4.399749575937142 × 10^279 |
| 130 | ov_130 | 4.399736598278991 × 10^279 |
| 131 | ov_131 | 4.3997334601485675 × 10^279 |
| 132 | ov_132 | 3.8130709270264256 × 10^279 |
| 133 | ov_133 | 3.287941212102539 × 10^279 |
| 134 | ov_134 | 2.819669416246837 × 10^279 |
| 135 | ov_135 | 2.4038312195762384 × 10^279 |
| 136 | ov_136 | 2.036234979600297 × 10^279 |
| 137 | ov_137 | 1.7129063060743286 × 10^279 |
| 138 | ov_138 | 1.4300748761971254 × 10^279 |
| 139 | ov_139 | 1.1841632658915846 × 10^279 |
| 140 | ov_140 | 9.7177758465062 × 10^278 |
| 141 | ov_141 | 7.896997128965637 × 10^278 |
| 142 | ov_142 | 6.348809520563225 × 10^278 |
| 143 | ov_143 | 5.044369086515135 × 10^278 |
| 144 | ov_144 | 3.956434446865255 × 10^278 |
| 145 | ov_145 | 3.059335375218194 × 10^278 |
| 146 | ov_146 | 2.328949032698299 × 10^278 |
| 147 | ov_147 | 1.742682485645024 × 10^278 |
| 148 | ov_148 | 1.2794602634527603 × 10^278 |
| 149 | ov_149 | 9.197158207077773 × 10^277 |
| 150 | ov_150 | 6.453858754218426 × 10^277 |
| 151 | ov_151 | 4.399067468419818 × 10^277 |
| 152 | ov_152 | 2.8821204942825332 × 10^277 |
| 153 | ov_153 | 1.7673131252249736 × 10^277 |
| 154 | ov_154 | 9.90531538058936 × 10^276 |
| 155 | ov_155 | 4.951361753684682 × 10^276 |
| 156 | aaa_76_25 | 1.9026523250435786 × 10^276 |
| 157 | aaa_76_26 | 1.0988314223924969 × 10^276 |
| 158 | aaa_76_27 | 5.6253483880643444 × 10^275 |
| 159 | aaa_76_28 | 2.190510798774971 × 10^275 |
| 160 | aaa_76_29 | 6.662604487139207 × 10^274 |

### Output Bits Sorted by Complexity

| Rank | Output Bit | Complexity |
|:----:|:----------:|:----------:|
| 160 | aaa_76_29 | 6.662604487139207 × 10^274 |
| 159 | aaa_76_28 | 2.190510798774971 × 10^275 |
| 158 | aaa_76_27 | 5.6253483880643444 × 10^275 |
| 157 | aaa_76_26 | 1.0988314223924969 × 10^276 |
| 156 | aaa_76_25 | 1.9026523250435786 × 10^276 |
| 155 | ov_155 | 4.951361753684682 × 10^276 |
| 154 | ov_154 | 9.90531538058936 × 10^276 |
| 153 | ov_153 | 1.7673131252249736 × 10^277 |
| 152 | ov_152 | 2.8821204942825332 × 10^277 |
| 151 | ov_151 | 4.399067468419818 × 10^277 |
| 150 | ov_150 | 6.453858754218426 × 10^277 |
| 149 | ov_149 | 9.197158207077773 × 10^277 |
| 148 | ov_148 | 1.2794602634527603 × 10^278 |
| 147 | ov_147 | 1.742682485645024 × 10^278 |
| 146 | ov_146 | 2.328949032698299 × 10^278 |
| 145 | ov_145 | 3.059335375218194 × 10^278 |
| 144 | ov_144 | 3.956434446865255 × 10^278 |
| 143 | ov_143 | 5.044369086515135 × 10^278 |
| 142 | ov_142 | 6.348809520563225 × 10^278 |
| 141 | ov_141 | 7.896997128965637 × 10^278 |
| 140 | ov_140 | 9.7177758465062 × 10^278 |
| 139 | ov_139 | 1.1841632658915846 × 10^279 |
| 138 | ov_138 | 1.4300748761971254 × 10^279 |
| 137 | ov_137 | 1.7129063060743286 × 10^279 |
| 136 | ov_136 | 2.036234979600297 × 10^279 |
| 135 | ov_135 | 2.4038312195762384 × 10^279 |
| 134 | ov_134 | 2.819669416246837 × 10^279 |
| 133 | ov_133 | 3.287941212102539 × 10^279 |
| 132 | ov_132 | 3.8130709270264256 × 10^279 |
| 131 | ov_131 | 4.3997334601485675 × 10^279 |
| 130 | ov_130 | 4.399736598278991 × 10^279 |
| 129 | ov_129 | 4.399749575937142 × 10^279 |
| 128 | aaa_77_29 | 4.7530402195414034 × 10^279 |
| 127 | aaa_77_28 | 1.2683540134073628 × 10^280 |
| 126 | ov_126 | 3.9731264317135033 × 10^280 |
| 125 | ov_125 | 8.927531461199276 × 10^280 |
| 124 | ov_124 | 1.700345148843863 × 10^281 |
| 123 | ov_123 | 2.9072778474731598 × 10^281 |
| 122 | ov_122 | 4.6007440914489135 × 10^281 |
| 121 | ov_121 | 6.867947403720113 × 10^281 |
| 120 | ov_120 | 9.796115738186035 × 10^281 |
| 119 | ov_119 | 1.347252367947963 × 10^282 |
| 118 | ov_118 | 1.7984525344118622 × 10^282 |
| 117 | ov_117 | 2.341960439398022 × 10^282 |
| 116 | ov_116 | 2.9865451742597707 × 10^282 |
| 115 | ov_115 | 3.741007469024301 × 10^282 |
| 114 | ov_114 | 4.6141932885133913 × 10^282 |
| 113 | ov_113 | 5.615010634253348 × 10^282 |
| 112 | ov_112 | 6.752451208331536 × 10^282 |
| 111 | ov_111 | 8.035618104026294 × 10^282 |
| 110 | ov_110 | 9.47376012222634 × 10^282 |
| 109 | ov_109 | 1.1076313313621297 × 10^283 |
| 108 | ov_108 | 1.2852950348174266 × 10^283 |
| 107 | ov_107 | 1.4987722158897774 × 10^283 |
| 106 | ov_106 | 1.7675008027695073 × 10^283 |
| 105 | ov_105 | 2.1119953334540032 × 10^283 |
| 104 | ov_104 | 2.5538994067389087 × 10^283 |
| 103 | ov_103 | 3.1160478992645095 × 10^283 |
| 102 | ov_102 | 3.822540102793089 × 10^283 |
| 101 | ov_101 | 4.698825001722431 × 10^283 |
| 100 | ov_100 | 5.771799978731252 × 10^283 |
| 99 | ov_099 | 7.069924306898929 × 10^283 |
| 98 | ov_098 | 7.069961066522925 × 10^283 |
| 97 | ov_097 | 7.070076169590588 × 10^283 |
| 96 | aaa_78_29 | 1.2567512243433556 × 10^284 |
| 95 | aaa_78_28 | 4.229587771501998 × 10^284 |
| 94 | ov_094 | 1.3989551891872382 × 10^285 |
| 93 | ov_093 | 3.340160370748737 × 10^285 |
| 92 | ov_092 | 6.828145745097892 × 10^285 |
| 91 | ov_091 | 1.2613890454774217 × 10^286 |
| 90 | ov_090 | 2.236878385773849 × 10^286 |
| 89 | ov_089 | 3.810313464628427 × 10^286 |
| 88 | ov_088 | 6.107644591341171 × 10^286 |
| 87 | ov_087 | 9.271803230850782 × 10^286 |
| 86 | ov_086 | 1.3605666650448977 × 10^287 |
| 85 | ov_085 | 1.9446189949862476 × 10^287 |
| 84 | ov_084 | 2.716452384068332 × 10^287 |
| 83 | ov_083 | 3.7166174843175446 × 10^287 |
| 82 | ov_082 | 4.989121487946128 × 10^287 |
| 81 | ov_081 | 6.581454724524627 × 10^287 |
| 64 | lv_79_m31 | 8.202695464772458 × 10^287 |
| 80 | ov_080 | 8.544623594768428 × 10^287 |
| 79 | ov_079 | 1.0933190540591918 × 10^288 |
| 78 | ov_078 | 1.3805321752502325 × 10^288 |
| 77 | ov_077 | 1.7222843317570352 × 10^288 |
| 76 | ov_076 | 2.1251306514361127 × 10^288 |
| 75 | ov_075 | 2.5960062965593207 × 10^288 |
| 74 | ov_074 | 3.14223503652447 × 10^288 |
| 73 | ov_073 | 3.77153895047692 × 10^288 |
| 63 | ov_063 | 4.2100943580250403 × 10^288 |
| 72 | ov_072 | 4.492049333352049 × 10^288 |
| 71 | ov_071 | 5.312318880196829 × 10^288 |
| 70 | ov_070 | 6.241335399425807 × 10^288 |
| 69 | ov_069 | 7.288537840028634 × 10^288 |
| 68 | ov_068 | 8.46383598287053 × 10^288 |
| 67 | ov_067 | 9.777635395181081 × 10^288 |
| 66 | ov_066 | 9.777641016666003 × 10^288 |
| 65 | ov_065 | 9.777664946042814 × 10^288 |
| 62 | ov_062 | 2.1603647349783535 × 10^289 |
| 61 | ov_061 | 7.876313157052926 × 10^289 |
| 60 | ov_060 | 2.2550937098394088 × 10^290 |
| 59 | ov_059 | 5.442363096355044 × 10^290 |
| 58 | ov_058 | 1.1047367716918267 × 10^291 |
| 57 | ov_057 | 1.996305607166807 × 10^291 |
| 56 | ov_056 | 3.3277403906515604 × 10^291 |
| 55 | ov_055 | 5.3361409441807704 × 10^291 |
| 54 | ov_054 | 8.16931850512291 × 10^291 |
| 53 | ov_053 | 1.1994601648343576 × 10^292 |
| 52 | ov_052 | 1.6998850990605545 × 10^292 |
| 51 | ov_051 | 2.3575344623513415 × 10^292 |
| 50 | ov_050 | 3.21565153868952 × 10^292 |
| 49 | ov_049 | 4.321405610036118 × 10^292 |
| 48 | ov_048 | 5.725907708838427 × 10^292 |
| 47 | ov_047 | 7.48423291045069 × 10^292 |
| 32 | lv_80_m31 | 8.852702460744854 × 10^292 |
| 46 | ov_046 | 9.655450965806173 × 10^292 |
| 45 | ov_045 | 1.2302667707927058 × 10^293 |
| 44 | ov_044 | 1.5493080064980622 × 10^293 |
| 43 | ov_043 | 1.929804778688777 × 10^293 |
| 42 | ov_042 | 2.3793185268280743 × 10^293 |
| 41 | ov_041 | 2.9058477128331247 × 10^293 |
| 40 | ov_040 | 3.5137320571374408 × 10^293 |
| 39 | ov_039 | 4.207550521476434 × 10^293 |
| 31 | ov_031 | 4.5375084121842986 × 10^293 |
| 38 | ov_038 | 4.992132859378327 × 10^293 |
| 37 | ov_037 | 5.877403105508987 × 10^293 |
| 36 | ov_036 | 6.873830533184791 × 10^293 |
| 35 | ov_035 | 7.992464746353005 × 10^293 |
| 34 | ov_034 | 9.244976514864034 × 10^293 |
| 33 | ov_033 | 1.0643704955096595 × 10^294 |
| 30 | ov_030 | 2.325437757436547 × 10^294 |
| 29 | ov_029 | 7.60459672632178 × 10^294 |
| 28 | ov_028 | 1.9730941783780739 × 10^295 |
| 27 | ov_027 | 4.408788973820668 × 10^295 |
| 26 | ov_026 | 9.35258548615994 × 10^295 |
| 25 | ov_025 | 1.8506243774456138 × 10^296 |
| 24 | ov_024 | 3.398825456657037 × 10^296 |
| 23 | ov_023 | 5.833387664526678 × 10^296 |
| 22 | ov_022 | 9.449523164250163 × 10^296 |
| 21 | ov_021 | 1.4584150546312376 × 10^297 |
| 20 | ov_020 | 2.1615931590689416 × 10^297 |
| 19 | ov_019 | 3.0965331333608014 × 10^297 |
| 18 | ov_018 | 4.309471045080484 × 10^297 |
| 17 | ov_017 | 5.8508462705551896 × 10^297 |
| 16 | ov_016 | 7.775321177035177 × 10^297 |
| 15 | ov_015 | 1.0141808111644007 × 10^298 |
| 14 | ov_014 | 1.3013505300802966 × 10^298 |
| 13 | ov_013 | 1.6457944000346704 × 10^298 |
| 12 | ov_012 | 2.0547050032058413 × 10^298 |
| 11 | ov_011 | 2.53572233234352 × 10^298 |
| 10 | ov_010 | 3.0969439382324574 × 10^298 |
| 9 | ov_009 | 3.7469376954456635 × 10^298 |
| 8 | ov_008 | 4.4947576430439344 × 10^298 |
| 7 | ov_007 | 5.349963389026157 × 10^298 |
| 6 | ov_006 | 6.32264359987418 × 10^298 |
| 5 | ov_005 | 7.423444129588878 × 10^298 |
| 4 | ov_004 | 8.66360137632805 × 10^298 |
| 3 | ov_003 | 1.0054981448207175 × 10^299 |
| 2 | ov_002 | 1.1610125629819868 × 10^299 |
| 1 | ov_001 | 1.3342302545328425 × 10^299 |

