# Results for F001-F002-F003-F004-F005-F006-F007-F008-F009-F010-F011-F012-F013-F014-F015-F016-F017-F018-F019-F020-F021-F022-F023-F024-F025-F026-F027-F028-F029-F030-F031-F032-F033-F034-F035-F036-F037-F038-F039-F040-F041-F042-F043-F044-F045-F046-F047-F048-F049-F050-F051-F052-F053-F054-F055-F056-F057-F058-F059-F060-F061-F062-F063-F064-F065-F066-F067-F068-F069-F070-F071-F072-F073-F074-F075-F076-F077-F078-F079-F080-F081-F082-F083-F084-F085-F086-F087-F088-F089-F090-F091-F092-F093-F094-F095-F096-F097-F098-F099-F100-F101-F102-F103-F104-F105-F106-F107-F108-F109-F110-F111-F112-F113-F114-F115-F116-F117-F118-F119-F120-F121-F122-F123-F124-F125-F126-F127-F128-F129-F130-F131-F132-F133-F134-F135-F136-F137-F138-F139-F140-F141-F142-F143-F144-F145-F146-F147-F148-F149-F150-F151-F152-F153-F154-F155-F156-F157-F158-F159-F160-F161-F162-F163-F164-F165-F166-F167-F168-F169-F170-F171-F172-F173-F174-F175-F176-F177-F178-F179-F180-F181-F182-F183-F184-F185-F186-F187-F188-F189-F190-F191-F192-F193-F194-F195-F196-F197-F198-F199-F200-F201-F202-F203-F204-F205-F206-F207-F208-F209-F210-F211-F212-F213-F214-F215-F216-F217-F218-F219-F220-F221-F222-F223-F224-F225-F226-F227-F228-F229-F230-F231-F232-F233-F234-F235-F236-F237-F238-F239-F240-F241-F242-F243-F244-F245-F246-F247-F248-F249-F250-F251-F252-F253-F254-F255-F256-F257-F258-F259-F260-F261-F262-F263-F264-F265-F266-F267-F268-F269-F270-F271-F272-F273-F274-F275-F276-F277-F278-F279-F280-F281-F282-F283-F284-F285-F286-F287-F288-F289-F290-F291-F292-F293-F294-F295-F296-F297-F298-F299-F300-F301-F302-F303-F304-F305-F306-F307-F308-F309-F310-F311-F312-F313-F314-F315-F316-F317-F318-F319-F320-F321-F322-F323-F324-F325-F326-F327-F328-F329-F330-F331-F332-F333-F334-F335-F336-F337-F338-F339-F340-F341-F342-F343-F344-F345-F346-F347-F348-F349-F350-F351-F352-F353-F354-F355-F356-F357-F358-F359-F360-F361-F362-F363-F364-F365-F366-F367-F368-F369-F370-F371-F372-F373-F374-F375-F376-F377-F378-F379-F380-F381-F382-F383-F384-F385-F386-F387-F388-F389-F390-F391-F392-F393-F394-F395-F396-F397-F398-F399-F400-F401-F402-F403-F404-F405-F406-F407-F408-F409-F410-F411-F412-F413-F414-F415-F416-F417-F418-F419-F420-F421-F422-F423-F424-F425-F426-F427-F428-F429-F430-F431-F432-F433-F434-F435-F436-F437-F438-F439-F440-F441-F442-F443-F444-F445-F446-F447-F448-F449-F450-F451-F452-F453-F454-F455-F456-F457-F458-F459-F460-F461-F462-F463-F464-F465-F466-F467-F468-F469-F470-F471-F472-F473-F474-F475-F476-F477-F478-F479-F480-F481-F482-F483-F484-F485-F486-F487-F488-F489-F490-F491-F492-F493-F494-F495-F496-O501504-F508-F509-F510-F512

## Summary

Number of input bits: 512  
Number of free input bits: 11  
Number of output bits: 160

Number of direct occurrences: 44956  
Number of assignments: 31441  
Number of operations: 11294656
(xor: 11266251,
and: 15068,
or: 13337)

Total complexity: 9.251430458186569 × 10^300

Least occurring input variable: iv_502 (3925)  
Most occurring input variable: iv_511 (4362)

Most co-occurring input variables: iv_500-iv_511 (2093)  
Least co-occurring input variables: iv_501-iv_502 (1754)

Potentially most occurring input variable: iv_501/iv_502 (4554)  
Potentially least occurring input variable: iv_499/iv_505 (4188)

Least output occurring input variable: iv_501 (73)  
Most output occurring input variable: iv_503 (90)

Most output co-occurring input variables: iv_497-iv_502 (53)  
Least output co-occurring input variables: iv_501-iv_506 (31)

Potentially most output occurring input variable: iv_497/iv_499 (95)  
Potentially least output occurring input variable: iv_497/iv_505 (66)

Least complex input bit: iv_511 (3.3195475274702734 × 10^295)  
Most complex input bit: iv_505 (2.6928040069375888 × 10^300)

Least complex output bit: aaa_76_29 (8.332093260042667 × 10^275)  
Most complex output bit: ov_001 (1.4463023442693323 × 10^300)

Least complex input/output complexity: iv_511/aaa_76_29 (2.9896759971374076 × 10^270)  
Most complex input/output complexity: iv_505/ov_001 (4.20973682447707 × 10^299)

## Input Bits

### Input Bits in Regular Order

| Input Bit | Complexity | Occurrences | Output Occurrences |
|:---------:|:----------:|:-----------:|:------------------:|
| iv_497 | 5.348581919726356 × 10^298 | 4152 | 88 |
| iv_498 | 1.070763329096781 × 10^299 | 3962 | 88 |
| iv_499 | 1.892586565963548 × 10^299 | 3973 | 81 |
| iv_500 | 3.1913335587211882 × 10^299 | 4166 | 83 |
| iv_501 | 2.615075157392722 × 10^300 | 4137 | 73 |
| iv_502 | 8.47698747632023 × 10^299 | 3925 | 87 |
| iv_503 | 1.343689159804299 × 10^300 | 4101 | 90 |
| iv_505 | 2.6928040069375888 × 10^300 | 3999 | 82 |
| iv_506 | 4.997035442813685 × 10^299 | 4084 | 76 |
| iv_507 | 5.834724820878919 × 10^299 | 4095 | 77 |
| iv_511 | 3.3195475274702734 × 10^295 | 4362 | 78 |

### Input Bits Sorted by Complexity

| Input Bit | Complexity | Occurrences | Output Occurrences |
|:---------:|:----------:|:-----------:|:------------------:|
| iv_511 | 3.3195475274702734 × 10^295 | 4362 | 78 |
| iv_497 | 5.348581919726356 × 10^298 | 4152 | 88 |
| iv_498 | 1.070763329096781 × 10^299 | 3962 | 88 |
| iv_499 | 1.892586565963548 × 10^299 | 3973 | 81 |
| iv_500 | 3.1913335587211882 × 10^299 | 4166 | 83 |
| iv_506 | 4.997035442813685 × 10^299 | 4084 | 76 |
| iv_507 | 5.834724820878919 × 10^299 | 4095 | 77 |
| iv_502 | 8.47698747632023 × 10^299 | 3925 | 87 |
| iv_503 | 1.343689159804299 × 10^300 | 4101 | 90 |
| iv_501 | 2.615075157392722 × 10^300 | 4137 | 73 |
| iv_505 | 2.6928040069375888 × 10^300 | 3999 | 82 |

### Input Bits Sorted by Occurrences

| Input Bit | Complexity | Occurrences | Output Occurrences |
|:---------:|:----------:|:-----------:|:------------------:|
| iv_502 | 8.47698747632023 × 10^299 | 3925 | 87 |
| iv_498 | 1.070763329096781 × 10^299 | 3962 | 88 |
| iv_499 | 1.892586565963548 × 10^299 | 3973 | 81 |
| iv_505 | 2.6928040069375888 × 10^300 | 3999 | 82 |
| iv_506 | 4.997035442813685 × 10^299 | 4084 | 76 |
| iv_507 | 5.834724820878919 × 10^299 | 4095 | 77 |
| iv_503 | 1.343689159804299 × 10^300 | 4101 | 90 |
| iv_501 | 2.615075157392722 × 10^300 | 4137 | 73 |
| iv_497 | 5.348581919726356 × 10^298 | 4152 | 88 |
| iv_500 | 3.1913335587211882 × 10^299 | 4166 | 83 |
| iv_511 | 3.3195475274702734 × 10^295 | 4362 | 78 |

### Input Bits Sorted by Output Occurrences

| Input Bit | Complexity | Occurrences | Output Occurrences |
|:---------:|:----------:|:-----------:|:------------------:|
| iv_501 | 2.615075157392722 × 10^300 | 4137 | 73 |
| iv_506 | 4.997035442813685 × 10^299 | 4084 | 76 |
| iv_507 | 5.834724820878919 × 10^299 | 4095 | 77 |
| iv_511 | 3.3195475274702734 × 10^295 | 4362 | 78 |
| iv_499 | 1.892586565963548 × 10^299 | 3973 | 81 |
| iv_505 | 2.6928040069375888 × 10^300 | 3999 | 82 |
| iv_500 | 3.1913335587211882 × 10^299 | 4166 | 83 |
| iv_502 | 8.47698747632023 × 10^299 | 3925 | 87 |
| iv_498 | 1.070763329096781 × 10^299 | 3962 | 88 |
| iv_497 | 5.348581919726356 × 10^298 | 4152 | 88 |
| iv_503 | 1.343689159804299 × 10^300 | 4101 | 90 |

## Input Bit Co-occurrences

### Input Bit Co-occurrences Sorted by Co-occurrences

| Input Bits | Co-occurrences | Potential Occurrences | Output Co-occurrences | Potential Output Occurrences |
|:----------:|:--------------:|:---------------------:|:---------------------:|:----------------------------:|
| iv_500-iv_511 | 2093 | 4342 | 41 | 79 |
| iv_503-iv_511 | 2043 | 4377 | 42 | 84 |
| iv_506-iv_511 | 2043 | 4360 | 39 | 76 |
| iv_497-iv_500 | 2042 | 4234 | 46 | 79 |
| iv_500-iv_503 | 2023 | 4221 | 48 | 77 |
| iv_497-iv_511 | 2019 | 4476 | 45 | 76 |
| iv_501-iv_511 | 1998 | 4503 | 34 | 83 |
| iv_500-iv_506 | 1983 | 4284 | 39 | 81 |
| iv_501-iv_506 | 1981 | 4259 | 31 | 87 |
| iv_507-iv_511 | 1980 | 4497 | 33 | 89 |
| iv_500-iv_507 | 1970 | 4321 | 46 | 68 |

### Input Bit Co-occurrences Sorted by Potential Occurrences

| Input Bits | Co-occurrences | Potential Occurrences | Output Co-occurrences | Potential Output Occurrences |
|:----------:|:--------------:|:---------------------:|:---------------------:|:----------------------------:|
| iv_499-iv_505 | 1892 | 4188 | 37 | 89 |
| iv_497-iv_505 | 1970 | 4211 | 52 | 66 |
| iv_500-iv_503 | 2023 | 4221 | 48 | 77 |
| iv_502-iv_506 | 1892 | 4225 | 44 | 75 |
| iv_497-iv_500 | 2042 | 4234 | 46 | 79 |
| iv_499-iv_507 | 1917 | 4234 | 44 | 70 |
| iv_500-iv_502 | 1927 | 4237 | 44 | 82 |
| iv_498-iv_499 | 1844 | 4247 | 48 | 73 |
| iv_497-iv_502 | 1915 | 4247 | 53 | 69 |
| iv_501-iv_506 | 1981 | 4259 | 31 | 87 |
| iv_498-iv_500 | 1927 | 4274 | 49 | 73 |

### Input Bit Output Co-occurrences Sorted by Output Co-occurrences

| Input Bits | Co-occurrences | Potential Occurrences | Output Co-occurrences | Potential Output Occurrences |
|:----------:|:--------------:|:---------------------:|:---------------------:|:----------------------------:|
| iv_498-iv_503 | 1874 | 4315 | 53 | 72 |
| iv_497-iv_502 | 1915 | 4247 | 53 | 69 |
| iv_497-iv_505 | 1970 | 4211 | 52 | 66 |
| iv_497-iv_503 | 1966 | 4321 | 51 | 76 |
| iv_498-iv_500 | 1927 | 4274 | 49 | 73 |
| iv_498-iv_499 | 1844 | 4247 | 48 | 73 |
| iv_500-iv_503 | 2023 | 4221 | 48 | 77 |
| iv_497-iv_498 | 1896 | 4322 | 48 | 80 |
| iv_498-iv_502 | 1791 | 4305 | 47 | 81 |
| iv_502-iv_511 | 1934 | 4419 | 47 | 71 |
| iv_497-iv_501 | 1920 | 4449 | 47 | 67 |

### Input Bit Output Co-occurrences Sorted by Potential Output Occurrences

| Input Bits | Co-occurrences | Potential Occurrences | Output Co-occurrences | Potential Output Occurrences |
|:----------:|:--------------:|:---------------------:|:---------------------:|:----------------------------:|
| iv_497-iv_505 | 1970 | 4211 | 52 | 66 |
| iv_497-iv_501 | 1920 | 4449 | 47 | 67 |
| iv_500-iv_507 | 1970 | 4321 | 46 | 68 |
| iv_499-iv_506 | 1864 | 4329 | 44 | 69 |
| iv_497-iv_502 | 1915 | 4247 | 53 | 69 |
| iv_501-iv_505 | 1896 | 4344 | 43 | 69 |
| iv_499-iv_507 | 1917 | 4234 | 44 | 70 |
| iv_502-iv_511 | 1934 | 4419 | 47 | 71 |
| iv_498-iv_503 | 1874 | 4315 | 53 | 72 |
| iv_498-iv_499 | 1844 | 4247 | 48 | 73 |
| iv_498-iv_500 | 1927 | 4274 | 49 | 73 |

## Output Bits

### Output Bits in Regular Order

| Rank | Output Bit | Complexity |
|:----:|:----------:|:----------:|
| 1 | ov_001 | 1.4463023442693323 × 10^300 |
| 2 | ov_002 | 1.2585349101674162 × 10^300 |
| 3 | ov_003 | 1.0899577526648028 × 10^300 |
| 4 | ov_004 | 9.391325592838432 × 10^299 |
| 5 | ov_005 | 8.046998610760043 × 10^299 |
| 6 | ov_006 | 6.853733780595884 × 10^299 |
| 7 | ov_007 | 5.799350905736506 × 10^299 |
| 8 | ov_008 | 4.872309936410151 × 10^299 |
| 9 | ov_009 | 4.0616748105774 × 10^299 |
| 10 | ov_010 | 3.3570829616895507 × 10^299 |
| 11 | ov_011 | 2.7487198557993784 × 10^299 |
| 12 | ov_012 | 2.2272979570497328 × 10^299 |
| 13 | ov_013 | 1.7840395563879882 × 10^299 |
| 14 | ov_014 | 1.4106629336227068 × 10^299 |
| 15 | ov_015 | 1.0993713577845797 × 10^299 |
| 16 | ov_016 | 8.428444652828808 × 10^298 |
| 17 | ov_017 | 6.342315896450398 × 10^298 |
| 18 | ov_018 | 4.671466507559831 × 10^298 |
| 19 | ov_019 | 3.3566426366617183 × 10^298 |
| 20 | ov_020 | 2.3431681327573046 × 10^298 |
| 21 | ov_021 | 1.5809232104594527 × 10^298 |
| 22 | ov_022 | 1.0243295528792037 × 10^298 |
| 23 | ov_023 | 6.323402991565844 × 10^297 |
| 24 | ov_024 | 3.684335347002285 × 10^297 |
| 25 | ov_025 | 2.0060830723966156 × 10^297 |
| 26 | ov_026 | 1.013824440926751 × 10^297 |
| 27 | ov_027 | 4.7791524987801755 × 10^296 |
| 28 | ov_028 | 2.138847698160352 × 10^296 |
| 29 | ov_029 | 8.243444045834915 × 10^295 |
| 30 | ov_030 | 2.520795621847983 × 10^295 |
| 31 | ov_031 | 4.9187050497812946 × 10^294 |
| 32 | lv_80_m31 | 9.596427822879323 × 10^293 |
| 33 | ov_033 | 1.1537787665579683 × 10^295 |
| 34 | ov_034 | 1.0021586679245707 × 10^295 |
| 35 | ov_035 | 8.663871921992228 × 10^294 |
| 36 | ov_036 | 7.451271586127676 × 10^294 |
| 37 | ov_037 | 6.371137665720057 × 10^294 |
| 38 | ov_038 | 5.411494883372762 × 10^294 |
| 39 | ov_039 | 4.5609964973824285 × 10^294 |
| 40 | ov_040 | 3.808886333887737 × 10^294 |
| 41 | ov_041 | 3.149929571070486 × 10^294 |
| 42 | ov_042 | 2.5791630613444724 × 10^294 |
| 43 | ov_043 | 2.091882841854688 × 10^294 |
| 44 | ov_044 | 1.6794188204542522 × 10^294 |
| 45 | ov_045 | 1.3335744621038974 × 10^294 |
| 46 | ov_046 | 1.0466143020780564 × 10^294 |
| 47 | ov_047 | 8.112540286629828 × 10^293 |
| 48 | ov_048 | 6.206527388788214 × 10^293 |
| 49 | ov_049 | 4.6840700095865514 × 10^293 |
| 50 | ov_050 | 3.4854638727903955 × 10^293 |
| 51 | ov_051 | 2.5553017121124215 × 10^293 |
| 52 | ov_052 | 1.8424492461389224 × 10^293 |
| 53 | ov_053 | 1.3000282123439868 × 10^293 |
| 54 | ov_054 | 8.85405043077302 × 10^292 |
| 55 | ov_055 | 5.783230250943653 × 10^292 |
| 56 | ov_056 | 3.606429215355661 × 10^292 |
| 57 | ov_057 | 2.1634139562507138 × 10^292 |
| 58 | ov_058 | 1.1971633355463124 × 10^292 |
| 59 | ov_059 | 5.897395139640416 × 10^291 |
| 60 | ov_060 | 2.4434803602221082 × 10^291 |
| 61 | ov_061 | 8.533708706173381 × 10^290 |
| 62 | ov_062 | 2.3405219237330053 × 10^290 |
| 63 | ov_063 | 4.560860430771833 × 10^289 |
| 64 | lv_79_m31 | 8.885485338722151 × 10^288 |
| 65 | ov_065 | 1.0588871526917845 × 10^290 |
| 66 | ov_066 | 1.0588846173220136 × 10^290 |
| 67 | ov_067 | 1.0588840231651395 × 10^290 |
| 68 | ov_068 | 9.163708234727902 × 10^289 |
| 69 | ov_069 | 7.889291925191641 × 10^289 |
| 70 | ov_070 | 6.754179135836878 × 10^289 |
| 71 | ov_071 | 5.747512841872969 × 10^289 |
| 72 | ov_072 | 4.858964307541126 × 10^289 |
| 73 | ov_073 | 4.078711073107575 × 10^289 |
| 74 | ov_074 | 3.39741800014789 × 10^289 |
| 75 | ov_075 | 2.8062203397832643 × 10^289 |
| 76 | ov_076 | 2.296708495260394 × 10^289 |
| 77 | ov_077 | 1.8609143831165265 × 10^289 |
| 78 | ov_078 | 1.4912992993137682 × 10^289 |
| 79 | ov_079 | 1.1807431984129474 × 10^289 |
| 80 | ov_080 | 9.225352951624618 × 10^288 |
| 81 | ov_081 | 7.103658988709284 × 10^288 |
| 82 | ov_082 | 5.38319391676736 × 10^288 |
| 83 | ov_083 | 4.008682623758792 × 10^288 |
| 84 | ov_084 | 2.9286810786291694 × 10^288 |
| 85 | ov_085 | 2.095535145106742 × 10^288 |
| 86 | ov_086 | 1.465347319916915 × 10^288 |
| 87 | ov_087 | 9.979505215613863 × 10^287 |
| 88 | ov_088 | 6.568880564900118 × 10^287 |
| 89 | ov_089 | 4.0939888988793414 × 10^287 |
| 90 | ov_090 | 2.4002488214848037 × 10^287 |
| 91 | ov_091 | 1.3514849963326707 × 10^287 |
| 92 | ov_092 | 7.30472740311061 × 10^286 |
| 93 | ov_093 | 3.567114768312437 × 10^286 |
| 94 | ov_094 | 1.4913015626333662 × 10^286 |
| 95 | aaa_78_28 | 4.5013285760582244 × 10^285 |
| 96 | aaa_78_29 | 1.3343643845841474 × 10^285 |
| 97 | ov_097 | 7.861994724248714 × 10^284 |
| 98 | ov_098 | 7.861850779114923 × 10^284 |
| 99 | ov_099 | 7.861804808411434 × 10^284 |
| 100 | ov_100 | 6.43433624875426 × 10^284 |
| 101 | ov_101 | 5.266663556166002 × 10^284 |
| 102 | ov_102 | 4.32319624679475 × 10^284 |
| 103 | ov_103 | 3.570297099436169 × 10^284 |
| 104 | ov_104 | 2.976140225012543 × 10^284 |
| 105 | ov_105 | 2.510587627661654 × 10^284 |
| 106 | ov_106 | 2.1450825587251745 × 10^284 |
| 107 | ov_107 | 1.852558053025004 × 10^284 |
| 108 | ov_108 | 1.6073591217183505 × 10^284 |
| 109 | ov_109 | 1.3851771583470383 × 10^284 |
| 110 | ov_110 | 1.1847657025762287 × 10^284 |
| 111 | ov_111 | 1.004915113516057 × 10^284 |
| 112 | ov_112 | 8.4444534131508025 × 10^283 |
| 113 | ov_113 | 7.021997531325322 × 10^283 |
| 114 | ov_114 | 5.770399379716825 × 10^283 |
| 115 | ov_115 | 4.678414151507899 × 10^283 |
| 116 | ov_116 | 3.73490171379387 × 10^283 |
| 117 | ov_117 | 2.928799515283774 × 10^283 |
| 118 | ov_118 | 2.249101574235063 × 10^283 |
| 119 | ov_119 | 1.6848414754713535 × 10^283 |
| 120 | ov_120 | 1.2250787222109367 × 10^283 |
| 121 | ov_121 | 8.588890183038343 × 10^282 |
| 122 | ov_122 | 5.753580136666915 × 10^282 |
| 123 | ov_123 | 3.6357718974378673 × 10^282 |
| 124 | ov_124 | 2.126410832554036 × 10^282 |
| 125 | ov_125 | 1.116455657251046 × 10^282 |
| 126 | ov_126 | 4.968696555076938 × 10^281 |
| 127 | aaa_77_28 | 1.5861730869503767 × 10^281 |
| 128 | aaa_77_29 | 5.944038019145565 × 10^280 |
| 129 | ov_129 | 5.502221219708356 × 10^280 |
| 130 | ov_130 | 5.502204990160554 × 10^280 |
| 131 | ov_131 | 5.502201065689967 × 10^280 |
| 132 | ov_132 | 4.768534982463979 × 10^280 |
| 133 | ov_133 | 4.111820364805643 × 10^280 |
| 134 | ov_134 | 3.526210896066807 × 10^280 |
| 135 | ov_135 | 3.006173627991369 × 10^280 |
| 136 | ov_136 | 2.546466593085879 × 10^280 |
| 137 | ov_137 | 2.142119514301091 × 10^280 |
| 138 | ov_138 | 1.788417316434673 × 10^280 |
| 139 | ov_139 | 1.4808861587988307 × 10^280 |
| 140 | ov_140 | 1.2152817233833737 × 10^280 |
| 141 | ov_141 | 9.875795070837061 × 10^279 |
| 142 | ov_142 | 7.93966880637217 × 10^279 |
| 143 | ov_143 | 6.308366907891955 × 10^279 |
| 144 | ov_144 | 4.9478219594533724 × 10^279 |
| 145 | ov_145 | 3.8259313920465866 × 10^279 |
| 146 | ov_146 | 2.9125277623545617 × 10^279 |
| 147 | ov_147 | 2.1793568898024688 × 10^279 |
| 148 | ov_148 | 1.6000622966908167 × 10^279 |
| 149 | ov_149 | 1.1501745309488239 × 10^279 |
| 150 | ov_150 | 8.071040856652792 × 10^278 |
| 151 | ov_151 | 5.501368192413201 × 10^278 |
| 152 | ov_152 | 3.6043107153438855 × 10^278 |
| 153 | ov_153 | 2.2101593764909636 × 10^278 |
| 154 | ov_154 | 1.2387349673940102 × 10^278 |
| 155 | ov_155 | 6.19205416974862 × 10^277 |
| 156 | aaa_76_25 | 2.3794113314581938 × 10^277 |
| 157 | aaa_76_26 | 1.374172203396291 × 10^277 |
| 158 | aaa_76_27 | 7.034925678103056 × 10^276 |
| 159 | aaa_76_28 | 2.7394002297091925 × 10^276 |
| 160 | aaa_76_29 | 8.332093260042667 × 10^275 |

### Output Bits Sorted by Complexity

| Rank | Output Bit | Complexity |
|:----:|:----------:|:----------:|
| 160 | aaa_76_29 | 8.332093260042667 × 10^275 |
| 159 | aaa_76_28 | 2.7394002297091925 × 10^276 |
| 158 | aaa_76_27 | 7.034925678103056 × 10^276 |
| 157 | aaa_76_26 | 1.374172203396291 × 10^277 |
| 156 | aaa_76_25 | 2.3794113314581938 × 10^277 |
| 155 | ov_155 | 6.19205416974862 × 10^277 |
| 154 | ov_154 | 1.2387349673940102 × 10^278 |
| 153 | ov_153 | 2.2101593764909636 × 10^278 |
| 152 | ov_152 | 3.6043107153438855 × 10^278 |
| 151 | ov_151 | 5.501368192413201 × 10^278 |
| 150 | ov_150 | 8.071040856652792 × 10^278 |
| 149 | ov_149 | 1.1501745309488239 × 10^279 |
| 148 | ov_148 | 1.6000622966908167 × 10^279 |
| 147 | ov_147 | 2.1793568898024688 × 10^279 |
| 146 | ov_146 | 2.9125277623545617 × 10^279 |
| 145 | ov_145 | 3.8259313920465866 × 10^279 |
| 144 | ov_144 | 4.9478219594533724 × 10^279 |
| 143 | ov_143 | 6.308366907891955 × 10^279 |
| 142 | ov_142 | 7.93966880637217 × 10^279 |
| 141 | ov_141 | 9.875795070837061 × 10^279 |
| 140 | ov_140 | 1.2152817233833737 × 10^280 |
| 139 | ov_139 | 1.4808861587988307 × 10^280 |
| 138 | ov_138 | 1.788417316434673 × 10^280 |
| 137 | ov_137 | 2.142119514301091 × 10^280 |
| 136 | ov_136 | 2.546466593085879 × 10^280 |
| 135 | ov_135 | 3.006173627991369 × 10^280 |
| 134 | ov_134 | 3.526210896066807 × 10^280 |
| 133 | ov_133 | 4.111820364805643 × 10^280 |
| 132 | ov_132 | 4.768534982463979 × 10^280 |
| 131 | ov_131 | 5.502201065689967 × 10^280 |
| 130 | ov_130 | 5.502204990160554 × 10^280 |
| 129 | ov_129 | 5.502221219708356 × 10^280 |
| 128 | aaa_77_29 | 5.944038019145565 × 10^280 |
| 127 | aaa_77_28 | 1.5861730869503767 × 10^281 |
| 126 | ov_126 | 4.968696555076938 × 10^281 |
| 125 | ov_125 | 1.116455657251046 × 10^282 |
| 124 | ov_124 | 2.126410832554036 × 10^282 |
| 123 | ov_123 | 3.6357718974378673 × 10^282 |
| 122 | ov_122 | 5.753580136666915 × 10^282 |
| 121 | ov_121 | 8.588890183038343 × 10^282 |
| 120 | ov_120 | 1.2250787222109367 × 10^283 |
| 119 | ov_119 | 1.6848414754713535 × 10^283 |
| 118 | ov_118 | 2.249101574235063 × 10^283 |
| 117 | ov_117 | 2.928799515283774 × 10^283 |
| 116 | ov_116 | 3.73490171379387 × 10^283 |
| 115 | ov_115 | 4.678414151507899 × 10^283 |
| 114 | ov_114 | 5.770399379716825 × 10^283 |
| 113 | ov_113 | 7.021997531325322 × 10^283 |
| 112 | ov_112 | 8.4444534131508025 × 10^283 |
| 111 | ov_111 | 1.004915113516057 × 10^284 |
| 110 | ov_110 | 1.1847657025762287 × 10^284 |
| 109 | ov_109 | 1.3851771583470383 × 10^284 |
| 108 | ov_108 | 1.6073591217183505 × 10^284 |
| 107 | ov_107 | 1.852558053025004 × 10^284 |
| 106 | ov_106 | 2.1450825587251745 × 10^284 |
| 105 | ov_105 | 2.510587627661654 × 10^284 |
| 104 | ov_104 | 2.976140225012543 × 10^284 |
| 103 | ov_103 | 3.570297099436169 × 10^284 |
| 102 | ov_102 | 4.32319624679475 × 10^284 |
| 101 | ov_101 | 5.266663556166002 × 10^284 |
| 100 | ov_100 | 6.43433624875426 × 10^284 |
| 99 | ov_099 | 7.861804808411434 × 10^284 |
| 98 | ov_098 | 7.861850779114923 × 10^284 |
| 97 | ov_097 | 7.861994724248714 × 10^284 |
| 96 | aaa_78_29 | 1.3343643845841474 × 10^285 |
| 95 | aaa_78_28 | 4.5013285760582244 × 10^285 |
| 94 | ov_094 | 1.4913015626333662 × 10^286 |
| 93 | ov_093 | 3.567114768312437 × 10^286 |
| 92 | ov_092 | 7.30472740311061 × 10^286 |
| 91 | ov_091 | 1.3514849963326707 × 10^287 |
| 90 | ov_090 | 2.4002488214848037 × 10^287 |
| 89 | ov_089 | 4.0939888988793414 × 10^287 |
| 88 | ov_088 | 6.568880564900118 × 10^287 |
| 87 | ov_087 | 9.979505215613863 × 10^287 |
| 86 | ov_086 | 1.465347319916915 × 10^288 |
| 85 | ov_085 | 2.095535145106742 × 10^288 |
| 84 | ov_084 | 2.9286810786291694 × 10^288 |
| 83 | ov_083 | 4.008682623758792 × 10^288 |
| 82 | ov_082 | 5.38319391676736 × 10^288 |
| 81 | ov_081 | 7.103658988709284 × 10^288 |
| 64 | lv_79_m31 | 8.885485338722151 × 10^288 |
| 80 | ov_080 | 9.225352951624618 × 10^288 |
| 79 | ov_079 | 1.1807431984129474 × 10^289 |
| 78 | ov_078 | 1.4912992993137682 × 10^289 |
| 77 | ov_077 | 1.8609143831165265 × 10^289 |
| 76 | ov_076 | 2.296708495260394 × 10^289 |
| 75 | ov_075 | 2.8062203397832643 × 10^289 |
| 74 | ov_074 | 3.39741800014789 × 10^289 |
| 73 | ov_073 | 4.078711073107575 × 10^289 |
| 63 | ov_063 | 4.560860430771833 × 10^289 |
| 72 | ov_072 | 4.858964307541126 × 10^289 |
| 71 | ov_071 | 5.747512841872969 × 10^289 |
| 70 | ov_070 | 6.754179135836878 × 10^289 |
| 69 | ov_069 | 7.889291925191641 × 10^289 |
| 68 | ov_068 | 9.163708234727902 × 10^289 |
| 67 | ov_067 | 1.0588840231651395 × 10^290 |
| 66 | ov_066 | 1.0588846173220136 × 10^290 |
| 65 | ov_065 | 1.0588871526917845 × 10^290 |
| 62 | ov_062 | 2.3405219237330053 × 10^290 |
| 61 | ov_061 | 8.533708706173381 × 10^290 |
| 60 | ov_060 | 2.4434803602221082 × 10^291 |
| 59 | ov_059 | 5.897395139640416 × 10^291 |
| 58 | ov_058 | 1.1971633355463124 × 10^292 |
| 57 | ov_057 | 2.1634139562507138 × 10^292 |
| 56 | ov_056 | 3.606429215355661 × 10^292 |
| 55 | ov_055 | 5.783230250943653 × 10^292 |
| 54 | ov_054 | 8.85405043077302 × 10^292 |
| 53 | ov_053 | 1.3000282123439868 × 10^293 |
| 52 | ov_052 | 1.8424492461389224 × 10^293 |
| 51 | ov_051 | 2.5553017121124215 × 10^293 |
| 50 | ov_050 | 3.4854638727903955 × 10^293 |
| 49 | ov_049 | 4.6840700095865514 × 10^293 |
| 48 | ov_048 | 6.206527388788214 × 10^293 |
| 47 | ov_047 | 8.112540286629828 × 10^293 |
| 32 | lv_80_m31 | 9.596427822879323 × 10^293 |
| 46 | ov_046 | 1.0466143020780564 × 10^294 |
| 45 | ov_045 | 1.3335744621038974 × 10^294 |
| 44 | ov_044 | 1.6794188204542522 × 10^294 |
| 43 | ov_043 | 2.091882841854688 × 10^294 |
| 42 | ov_042 | 2.5791630613444724 × 10^294 |
| 41 | ov_041 | 3.149929571070486 × 10^294 |
| 40 | ov_040 | 3.808886333887737 × 10^294 |
| 39 | ov_039 | 4.5609964973824285 × 10^294 |
| 31 | ov_031 | 4.9187050497812946 × 10^294 |
| 38 | ov_038 | 5.411494883372762 × 10^294 |
| 37 | ov_037 | 6.371137665720057 × 10^294 |
| 36 | ov_036 | 7.451271586127676 × 10^294 |
| 35 | ov_035 | 8.663871921992228 × 10^294 |
| 34 | ov_034 | 1.0021586679245707 × 10^295 |
| 33 | ov_033 | 1.1537787665579683 × 10^295 |
| 30 | ov_030 | 2.520795621847983 × 10^295 |
| 29 | ov_029 | 8.243444045834915 × 10^295 |
| 28 | ov_028 | 2.138847698160352 × 10^296 |
| 27 | ov_027 | 4.7791524987801755 × 10^296 |
| 26 | ov_026 | 1.013824440926751 × 10^297 |
| 25 | ov_025 | 2.0060830723966156 × 10^297 |
| 24 | ov_024 | 3.684335347002285 × 10^297 |
| 23 | ov_023 | 6.323402991565844 × 10^297 |
| 22 | ov_022 | 1.0243295528792037 × 10^298 |
| 21 | ov_021 | 1.5809232104594527 × 10^298 |
| 20 | ov_020 | 2.3431681327573046 × 10^298 |
| 19 | ov_019 | 3.3566426366617183 × 10^298 |
| 18 | ov_018 | 4.671466507559831 × 10^298 |
| 17 | ov_017 | 6.342315896450398 × 10^298 |
| 16 | ov_016 | 8.428444652828808 × 10^298 |
| 15 | ov_015 | 1.0993713577845797 × 10^299 |
| 14 | ov_014 | 1.4106629336227068 × 10^299 |
| 13 | ov_013 | 1.7840395563879882 × 10^299 |
| 12 | ov_012 | 2.2272979570497328 × 10^299 |
| 11 | ov_011 | 2.7487198557993784 × 10^299 |
| 10 | ov_010 | 3.3570829616895507 × 10^299 |
| 9 | ov_009 | 4.0616748105774 × 10^299 |
| 8 | ov_008 | 4.872309936410151 × 10^299 |
| 7 | ov_007 | 5.799350905736506 × 10^299 |
| 6 | ov_006 | 6.853733780595884 × 10^299 |
| 5 | ov_005 | 8.046998610760043 × 10^299 |
| 4 | ov_004 | 9.391325592838432 × 10^299 |
| 3 | ov_003 | 1.0899577526648028 × 10^300 |
| 2 | ov_002 | 1.2585349101674162 × 10^300 |
| 1 | ov_001 | 1.4463023442693323 × 10^300 |

