# Results for T012-T013-T014-T015-T016-T017-T018-T019-T020-T021-T022-T023-T024-T025-T026-T027-T028-T029-T030-T031-T032-T033-T034-T035-T036-T037-T038-T039-T040-T041-T042-T043-T044-T045-T046-T047-T048-T049-T050-T051-T052-T053-T054-T055-T056-T057-T058-T059-T060-T061-T062-T063-T064-T065-T066-T067-T068-T069-T070-T071-T072-T073-T074-T075-T076-T077-T078-T079-T080-T081-T082-T083-T084-T085-T086-T087-T088-T089-T090-T091-T092-T093-T094-T095-T096-T097-T098-T099-T100-T101-T102-T103-T104-T105-T106-T107-T108-T109-T110-T111-T112-T113-T114-T115-T116-T117-T118-T119-T120-T121-T122-T123-T124-T125-T126-T127-T128-T129-T130-T131-T132-T133-T134-T135-T136-T137-T138-T139-T140-T141-T142-T143-T144-T145-T146-T147-T148-T149-T150-T151-T152-T153-T154-T155-T156-T157-T158-T159-T160-T161-T162-T163-T164-T165-T166-T167-T168-T169-T170-T171-T172-T173-T174-T175-T176-T177-T178-T179-T180-T181-T182-T183-T184-T185-T186-T187-T188-T189-T190-T191-T192-T193-T194-T195-T196-T197-T198-T199-T200-T201-T202-T203-T204-T205-T206-T207-T208-T209-T210-T211-T212-T213-T214-T215-T216-T217-T218-T219-T220-T221-T222-T223-T224-T225-T226-T227-T228-T229-T230-T231-T232-T233-T234-T235-T236-T237-T238-T239-T240-T241-T242-T243-T244-T245-T246-T247-T248-T249-T250-T251-T252-T253-T254-T255-T256-T257-T258-T259-T260-T261-T262-T263-T264-T265-T266-T267-T268-T269-T270-T271-T272-T273-T274-T275-T276-T277-T278-T279-T280-T281-T282-T283-T284-T285-T286-T287-T288-T289-T290-T291-T292-T293-T294-T295-T296-T297-T298-T299-T300-T301-T302-T303-T304-T305-T306-T307-T308-T309-T310-T311-T312-T313-T314-T315-T316-T317-T318-T319-T320-T321-T322-T323-T324-T325-T326-T327-T328-T329-T330-T331-T332-T333-T334-T335-T336-T337-T338-T339-T340-T341-T342-T343-T344-T345-T346-T347-T348-T349-T350-T351-T352-T353-T354-T355-T356-T357-T358-T359-T360-T361-T362-T363-T364-T365-T366-T367-T368-T369-T370-T371-T372-T373-T374-T375-T376-T377-T378-T379-T380-T381-T382-T383-T384-T385-T386-T387-T388-T389-T390-T391-T392-T393-T394-T395-T396-T397-T398-T399-T400-T401-T402-T403-T404-T405-T406-T407-T408-T409-T410-T411-T412-T413-T414-T415-T416-T417-T418-T419-T420-T421-T422-T423-T424-T425-T426-T427-T428-T429-T430-T431-T432-T433-T434-T435-T436-T437-T438-T439-T440-T441-T442-T443-T444-T445-T446-T447-T448-T449-T450-T451-T452-T453-T454-T455-T456-T457-T458-T459-T460-T461-T462-T463-T464-T465-T466-T467-T468-T469-T470-T471-T472-T473-T474-T475-T476-T477-T478-T479-T480-T481-T482-T483-T484-T485-T486-T487-T488-T489-T490-T491-T492-T493-T494-T495-T496-T497-T498-T499-T500-T501-T502-T503-T504-T505-T506-T507-T508-T509-T510-T511-T512

## Summary

Number of input bits: 512  
Number of free input bits: 11  
Number of output bits: 160

Number of direct occurrences: 50684  
Number of assignments: 39598  
Number of operations: 21229472
(xor: 21181331,
and: 20575,
or: 27566)

Total complexity: 1.2258896973492942 × 10^372

Least occurring input variable: iv_005 (4203)  
Most occurring input variable: iv_010 (5044)

Most co-occurring input variables: iv_009-iv_010 (2633)  
Least co-occurring input variables: iv_004-iv_005 (1861)

Potentially most occurring input variable: iv_006/iv_010 (5560)  
Potentially least occurring input variable: iv_002/iv_007 (4565)

Least output occurring input variable: iv_005 (70)  
Most output occurring input variable: iv_008 (86)

Most output co-occurring input variables: iv_001-iv_003 (46)  
Least output co-occurring input variables: iv_004-iv_005 (32)

Potentially most output occurring input variable: iv_010/iv_011 (96)  
Potentially least output occurring input variable: iv_002/iv_009 (66)

Least complex input bit: iv_001 (2.5596012905001183 × 10^369)  
Most complex input bit: iv_010 (2.564066375592983 × 10^371)

Least complex output bit: aaa_76_29 (4.141678087118729 × 10^346)  
Most complex output bit: ov_001 (1.8730854008577284 × 10^371)

Least complex input/output complexity: iv_001/aaa_76_29 (8.647633306281526 × 10^343)  
Most complex input/output complexity: iv_010/ov_001 (3.9177385252018735 × 10^370)

Input variable with highest collision probability: iv_011 (½^160.00000000000037)

## Input Bits

### Input Bits in Regular Order

| Input Bit | Complexity | Occurrences | Output Occurrences | Collision Probability |
|:---------:|:----------:|:-----------:|:------------------:|:---------------------:|
| iv_001 | 2.5596012905001183 × 10^369 | 4549 | 84 | ½^160.00000000000105 |
| iv_002 | 1.0472463273580584 × 10^370 | 4466 | 78 | ½^160.0000000000009 |
| iv_003 | 2.861746633056945 × 10^370 | 4800 | 82 | ½^160.00000000000077 |
| iv_004 | 6.089931499557064 × 10^370 | 4508 | 78 | ½^160.00000000000097 |
| iv_005 | 9.696561649824656 × 10^370 | 4203 | 70 | ½^160.00000000000068 |
| iv_006 | 1.3320575746761617 × 10^371 | 4780 | 82 | ½^160.00000000000085 |
| iv_007 | 1.701911473015152 × 10^371 | 4455 | 77 | ½^160.00000000000085 |
| iv_008 | 2.0917814015514946 × 10^371 | 4388 | 86 | ½^160.00000000000088 |
| iv_009 | 2.511049032934345 × 10^371 | 4883 | 74 | ½^160.00000000000094 |
| iv_010 | 2.564066375592983 × 10^371 | 5044 | 78 | ½^160.00000000000082 |
| iv_011 | 6.288649183815685 × 10^369 | 4608 | 82 | ½^160.00000000000037 |

### Input Bits Sorted by Complexity

| Input Bit | Complexity | Occurrences | Output Occurrences | Collision Probability |
|:---------:|:----------:|:-----------:|:------------------:|:---------------------:|
| iv_001 | 2.5596012905001183 × 10^369 | 4549 | 84 | ½^160.00000000000105 |
| iv_011 | 6.288649183815685 × 10^369 | 4608 | 82 | ½^160.00000000000037 |
| iv_002 | 1.0472463273580584 × 10^370 | 4466 | 78 | ½^160.0000000000009 |
| iv_003 | 2.861746633056945 × 10^370 | 4800 | 82 | ½^160.00000000000077 |
| iv_004 | 6.089931499557064 × 10^370 | 4508 | 78 | ½^160.00000000000097 |
| iv_005 | 9.696561649824656 × 10^370 | 4203 | 70 | ½^160.00000000000068 |
| iv_006 | 1.3320575746761617 × 10^371 | 4780 | 82 | ½^160.00000000000085 |
| iv_007 | 1.701911473015152 × 10^371 | 4455 | 77 | ½^160.00000000000085 |
| iv_008 | 2.0917814015514946 × 10^371 | 4388 | 86 | ½^160.00000000000088 |
| iv_009 | 2.511049032934345 × 10^371 | 4883 | 74 | ½^160.00000000000094 |
| iv_010 | 2.564066375592983 × 10^371 | 5044 | 78 | ½^160.00000000000082 |

### Input Bits Sorted by Occurrences

| Input Bit | Complexity | Occurrences | Output Occurrences | Collision Probability |
|:---------:|:----------:|:-----------:|:------------------:|:---------------------:|
| iv_005 | 9.696561649824656 × 10^370 | 4203 | 70 | ½^160.00000000000068 |
| iv_008 | 2.0917814015514946 × 10^371 | 4388 | 86 | ½^160.00000000000088 |
| iv_007 | 1.701911473015152 × 10^371 | 4455 | 77 | ½^160.00000000000085 |
| iv_002 | 1.0472463273580584 × 10^370 | 4466 | 78 | ½^160.0000000000009 |
| iv_004 | 6.089931499557064 × 10^370 | 4508 | 78 | ½^160.00000000000097 |
| iv_001 | 2.5596012905001183 × 10^369 | 4549 | 84 | ½^160.00000000000105 |
| iv_011 | 6.288649183815685 × 10^369 | 4608 | 82 | ½^160.00000000000037 |
| iv_006 | 1.3320575746761617 × 10^371 | 4780 | 82 | ½^160.00000000000085 |
| iv_003 | 2.861746633056945 × 10^370 | 4800 | 82 | ½^160.00000000000077 |
| iv_009 | 2.511049032934345 × 10^371 | 4883 | 74 | ½^160.00000000000094 |
| iv_010 | 2.564066375592983 × 10^371 | 5044 | 78 | ½^160.00000000000082 |

### Input Bits Sorted by Output Occurrences

| Input Bit | Complexity | Occurrences | Output Occurrences | Collision Probability |
|:---------:|:----------:|:-----------:|:------------------:|:---------------------:|
| iv_005 | 9.696561649824656 × 10^370 | 4203 | 70 | ½^160.00000000000068 |
| iv_009 | 2.511049032934345 × 10^371 | 4883 | 74 | ½^160.00000000000094 |
| iv_007 | 1.701911473015152 × 10^371 | 4455 | 77 | ½^160.00000000000085 |
| iv_002 | 1.0472463273580584 × 10^370 | 4466 | 78 | ½^160.0000000000009 |
| iv_004 | 6.089931499557064 × 10^370 | 4508 | 78 | ½^160.00000000000097 |
| iv_010 | 2.564066375592983 × 10^371 | 5044 | 78 | ½^160.00000000000082 |
| iv_006 | 1.3320575746761617 × 10^371 | 4780 | 82 | ½^160.00000000000085 |
| iv_011 | 6.288649183815685 × 10^369 | 4608 | 82 | ½^160.00000000000037 |
| iv_003 | 2.861746633056945 × 10^370 | 4800 | 82 | ½^160.00000000000077 |
| iv_001 | 2.5596012905001183 × 10^369 | 4549 | 84 | ½^160.00000000000105 |
| iv_008 | 2.0917814015514946 × 10^371 | 4388 | 86 | ½^160.00000000000088 |

### Input Bits Sorted by Collision Probability

| Input Bit | Complexity | Occurrences | Output Occurrences | Collision Probability |
|:---------:|:----------:|:-----------:|:------------------:|:---------------------:|
| iv_011 | 6.288649183815685 × 10^369 | 4608 | 82 | ½^160.00000000000037 |
| iv_005 | 9.696561649824656 × 10^370 | 4203 | 70 | ½^160.00000000000068 |
| iv_003 | 2.861746633056945 × 10^370 | 4800 | 82 | ½^160.00000000000077 |
| iv_010 | 2.564066375592983 × 10^371 | 5044 | 78 | ½^160.00000000000082 |
| iv_007 | 1.701911473015152 × 10^371 | 4455 | 77 | ½^160.00000000000085 |
| iv_006 | 1.3320575746761617 × 10^371 | 4780 | 82 | ½^160.00000000000085 |
| iv_008 | 2.0917814015514946 × 10^371 | 4388 | 86 | ½^160.00000000000088 |
| iv_002 | 1.0472463273580584 × 10^370 | 4466 | 78 | ½^160.0000000000009 |
| iv_009 | 2.511049032934345 × 10^371 | 4883 | 74 | ½^160.00000000000094 |
| iv_004 | 6.089931499557064 × 10^370 | 4508 | 78 | ½^160.00000000000097 |
| iv_001 | 2.5596012905001183 × 10^369 | 4549 | 84 | ½^160.00000000000105 |

## Input Bit/Output Bit Collision Probabilities

| Input Bit | Output Bit | Collision Probability |
|:---------:|:----------:|:---------------------:|
| iv_007 | ov_007 | 0.5000000000000038 |
| iv_011 | ov_021 | 0.5000000000000036 |
| iv_011 | ov_042 | 0.5000000000000036 |
| iv_006 | ov_018 | 0.5000000000000024 |
| iv_005 | ov_044 | 0.5000000000000022 |
| iv_007 | ov_061 | 0.5000000000000021 |
| iv_007 | ov_025 | 0.500000000000002 |
| iv_007 | aaa_76_28 | 0.500000000000002 |
| iv_011 | ov_026 | 0.500000000000002 |
| iv_011 | ov_088 | 0.500000000000002 |
| iv_011 | ov_125 | 0.500000000000002 |

## Input Bit Co-occurrences

### Input Bit Co-occurrences Sorted by Co-occurrences

| Input Bits | Co-occurrences | Potential Occurrences | Output Co-occurrences | Potential Output Occurrences |
|:----------:|:--------------:|:---------------------:|:---------------------:|:----------------------------:|
| iv_009-iv_010 | 2633 | 4661 | 36 | 80 |
| iv_001-iv_006 | 2286 | 4757 | 45 | 76 |
| iv_003-iv_010 | 2259 | 5326 | 41 | 78 |
| iv_003-iv_009 | 2251 | 5181 | 33 | 90 |
| iv_008-iv_010 | 2243 | 4946 | 46 | 72 |
| iv_001-iv_003 | 2242 | 4865 | 46 | 74 |
| iv_004-iv_010 | 2227 | 5098 | 45 | 66 |
| iv_003-iv_011 | 2215 | 4978 | 41 | 82 |
| iv_006-iv_011 | 2213 | 4962 | 37 | 90 |
| iv_004-iv_009 | 2197 | 4997 | 36 | 80 |
| iv_009-iv_011 | 2192 | 5107 | 37 | 82 |

### Input Bit Co-occurrences Sorted by Potential Occurrences

| Input Bits | Co-occurrences | Potential Occurrences | Output Co-occurrences | Potential Output Occurrences |
|:----------:|:--------------:|:---------------------:|:---------------------:|:----------------------------:|
| iv_002-iv_007 | 2178 | 4565 | 38 | 79 |
| iv_009-iv_010 | 2633 | 4661 | 36 | 80 |
| iv_001-iv_006 | 2286 | 4757 | 45 | 76 |
| iv_005-iv_008 | 1915 | 4761 | 34 | 88 |
| iv_001-iv_005 | 1989 | 4774 | 42 | 70 |
| iv_002-iv_005 | 1940 | 4789 | 34 | 80 |
| iv_001-iv_011 | 2156 | 4845 | 40 | 86 |
| iv_005-iv_007 | 1900 | 4858 | 35 | 77 |
| iv_001-iv_003 | 2242 | 4865 | 46 | 74 |
| iv_004-iv_007 | 2047 | 4869 | 40 | 75 |
| iv_008-iv_009 | 2189 | 4893 | 34 | 92 |

### Input Bit Output Co-occurrences Sorted by Output Co-occurrences

| Input Bits | Co-occurrences | Potential Occurrences | Output Co-occurrences | Potential Output Occurrences |
|:----------:|:--------------:|:---------------------:|:---------------------:|:----------------------------:|
| iv_003-iv_008 | 2082 | 5024 | 46 | 76 |
| iv_008-iv_010 | 2243 | 4946 | 46 | 72 |
| iv_001-iv_003 | 2242 | 4865 | 46 | 74 |
| iv_001-iv_006 | 2286 | 4757 | 45 | 76 |
| iv_001-iv_008 | 2007 | 4923 | 45 | 80 |
| iv_004-iv_010 | 2227 | 5098 | 45 | 66 |
| iv_002-iv_009 | 2090 | 5169 | 43 | 66 |
| iv_004-iv_006 | 2045 | 5198 | 43 | 74 |
| iv_004-iv_008 | 1994 | 4908 | 43 | 78 |
| iv_008-iv_011 | 2016 | 4964 | 43 | 82 |
| iv_004-iv_011 | 2040 | 5036 | 42 | 76 |

### Input Bit Output Co-occurrences Sorted by Potential Output Occurrences

| Input Bits | Co-occurrences | Potential Occurrences | Output Co-occurrences | Potential Output Occurrences |
|:----------:|:--------------:|:---------------------:|:---------------------:|:----------------------------:|
| iv_002-iv_009 | 2090 | 5169 | 43 | 66 |
| iv_004-iv_010 | 2227 | 5098 | 45 | 66 |
| iv_005-iv_009 | 2025 | 5036 | 38 | 68 |
| iv_001-iv_005 | 1989 | 4774 | 42 | 70 |
| iv_008-iv_010 | 2243 | 4946 | 46 | 72 |
| iv_004-iv_006 | 2045 | 5198 | 43 | 74 |
| iv_005-iv_006 | 2001 | 4981 | 39 | 74 |
| iv_001-iv_003 | 2242 | 4865 | 46 | 74 |
| iv_007-iv_009 | 2132 | 5074 | 38 | 75 |
| iv_004-iv_007 | 2047 | 4869 | 40 | 75 |
| iv_006-iv_007 | 2072 | 5091 | 42 | 75 |

## Output Bits

### Output Bits in Regular Order

| Rank | Output Bit | Complexity |
|:----:|:----------:|:----------:|
| 1 | ov_001 | 1.8730854008577284 × 10^371 |
| 2 | ov_002 | 1.6412929037717874 × 10^371 |
| 3 | ov_003 | 1.4316993069517992 × 10^371 |
| 4 | ov_004 | 1.2421492848847524 × 10^371 |
| 5 | ov_005 | 1.0706112046046995 × 10^371 |
| 6 | ov_006 | 9.160989958064135 × 10^370 |
| 7 | ov_007 | 7.776818802762239 × 10^370 |
| 8 | ov_008 | 6.54480650452597 × 10^370 |
| 9 | ov_009 | 5.456643996101488 × 10^370 |
| 10 | ov_010 | 4.504476779450096 × 10^370 |
| 11 | ov_011 | 3.6808805026172735 × 10^370 |
| 12 | ov_012 | 2.978840272676733 × 10^370 |
| 13 | ov_013 | 2.385488396299381 × 10^370 |
| 14 | ov_014 | 1.8887010657223502 × 10^370 |
| 15 | ov_015 | 1.4770771745453483 × 10^370 |
| 16 | ov_016 | 1.1399213529149857 × 10^370 |
| 17 | ov_017 | 8.672306113754933 × 10^369 |
| 18 | ov_018 | 6.496840316906823 × 10^369 |
| 19 | ov_019 | 4.786349917295551 × 10^369 |
| 20 | ov_020 | 3.4610546013361664 × 10^369 |
| 21 | ov_021 | 2.447819450053597 × 10^369 |
| 22 | ov_022 | 1.6801272931591112 × 10^369 |
| 23 | ov_023 | 1.0980607415332799 × 10^369 |
| 24 | ov_024 | 6.733093127842486 × 10^368 |
| 25 | ov_025 | 3.808548875165514 × 10^368 |
| 26 | ov_026 | 1.9896952976539005 × 10^368 |
| 27 | ov_027 | 9.406433992329627 × 10^367 |
| 28 | ov_028 | 3.912766859812412 × 10^367 |
| 29 | ov_029 | 1.3724927698578252 × 10^367 |
| 30 | ov_030 | 3.782145626050566 × 10^366 |
| 31 | ov_031 | 7.409939379581621 × 10^365 |
| 32 | lv_80_m31 | 1.4518147407776214 × 10^365 |
| 33 | ov_033 | 1.805164353408661 × 10^366 |
| 34 | ov_034 | 1.588766780011384 × 10^366 |
| 35 | ov_035 | 1.392995399714965 × 10^366 |
| 36 | ov_036 | 1.215897692260676 × 10^366 |
| 37 | ov_037 | 1.0556296506716816 × 10^366 |
| 38 | ov_038 | 9.104481765738493 × 10^365 |
| 39 | ov_039 | 7.795060593723969 × 10^365 |
| 40 | ov_040 | 6.620016641291584 × 10^365 |
| 41 | ov_041 | 5.571762416073361 × 10^365 |
| 42 | ov_042 | 4.6431161101773745 × 10^365 |
| 43 | ov_043 | 3.8272817876315 × 10^365 |
| 44 | ov_044 | 3.117832585675816 × 10^365 |
| 45 | ov_045 | 2.5086966040361155 × 10^365 |
| 46 | ov_046 | 1.9941451760627846 × 10^365 |
| 47 | ov_047 | 1.5637139616059609 × 10^365 |
| 48 | ov_048 | 1.2075839793448841 × 10^365 |
| 49 | ov_049 | 9.165704987169734 × 10^364 |
| 50 | ov_050 | 6.821144159753354 × 10^364 |
| 51 | ov_051 | 4.962757089577501 × 10^364 |
| 52 | ov_052 | 3.5172860184400893 × 10^364 |
| 53 | ov_053 | 2.417581077718623 × 10^364 |
| 54 | ov_054 | 1.6025765371296864 × 10^364 |
| 55 | ov_055 | 1.0172752850536845 × 10^364 |
| 56 | ov_056 | 6.127393141502517 × 10^363 |
| 57 | ov_057 | 3.460843506582573 × 10^363 |
| 58 | ov_058 | 1.8047713040451506 × 10^363 |
| 59 | ov_059 | 8.513418615911516 × 10^362 |
| 60 | ov_060 | 3.5321374215554526 × 10^362 |
| 61 | ov_061 | 1.2353708843125435 × 10^362 |
| 62 | ov_062 | 3.393376539118157 × 10^361 |
| 63 | ov_063 | 6.623619479914106 × 10^360 |
| 64 | lv_79_m31 | 1.2926421355291843 × 10^360 |
| 65 | ov_065 | 1.582756368828297 × 10^361 |
| 66 | ov_066 | 1.5827501354063534 × 10^361 |
| 67 | ov_067 | 1.5827481280515376 × 10^361 |
| 68 | ov_068 | 1.3808127785082171 × 10^361 |
| 69 | ov_069 | 1.1992570453153038 × 10^361 |
| 70 | ov_070 | 1.036548673545534 × 10^361 |
| 71 | ov_071 | 8.912435798341751 × 10^360 |
| 72 | ov_072 | 7.619793662636743 × 10^360 |
| 73 | ov_073 | 6.474695482636655 × 10^360 |
| 74 | ov_074 | 5.464984573251363 × 10^360 |
| 75 | ov_075 | 4.5791678152531264 × 10^360 |
| 76 | ov_076 | 3.806377089490845 × 10^360 |
| 77 | ov_077 | 3.1363363380387625 × 10^360 |
| 78 | ov_078 | 2.5593337281914345 × 10^360 |
| 79 | ov_079 | 2.0661983541813236 × 10^360 |
| 80 | ov_080 | 1.6482809469248901 × 10^360 |
| 81 | ov_081 | 1.2974380967363026 × 10^360 |
| 82 | ov_082 | 1.0060195279626152 × 10^360 |
| 83 | ov_083 | 7.668579980404815 × 10^359 |
| 84 | ov_084 | 5.732614266756721 × 10^359 |
| 85 | ov_085 | 4.190068938015194 × 10^359 |
| 86 | ov_086 | 2.983361777580098 × 10^359 |
| 87 | ov_087 | 2.0595253780772265 × 10^359 |
| 88 | ov_088 | 1.370184777103834 × 10^359 |
| 89 | ov_089 | 8.715425964295656 × 10^358 |
| 90 | ov_090 | 5.24369702956912 × 10^358 |
| 91 | ov_091 | 2.9399973508396314 × 10^358 |
| 92 | ov_092 | 1.5032616341315413 × 10^358 |
| 93 | ov_093 | 6.780087732042784 × 10^357 |
| 94 | ov_094 | 1.696861801217863 × 10^357 |
| 95 | aaa_78_28 | 6.791663324063078 × 10^356 |
| 96 | aaa_78_29 | 2.559174601137555 × 10^356 |
| 97 | ov_097 | 2.480645579173113 × 10^356 |
| 98 | ov_098 | 2.4806383467120764 × 10^356 |
| 99 | ov_099 | 2.480636588099259 × 10^356 |
| 100 | ov_100 | 2.1803746209339987 × 10^356 |
| 101 | ov_101 | 1.9088908613371663 × 10^356 |
| 102 | ov_102 | 1.663485306138363 × 10^356 |
| 103 | ov_103 | 1.4416140749598813 × 10^356 |
| 104 | ov_104 | 1.2408785933791659 × 10^356 |
| 105 | ov_105 | 1.0601146235559797 × 10^356 |
| 106 | ov_106 | 8.982234748705797 × 10^355 |
| 107 | ov_107 | 7.541679688104842 × 10^355 |
| 108 | ov_108 | 6.269688820076478 × 10^355 |
| 109 | ov_109 | 5.157018313468508 × 10^355 |
| 110 | ov_110 | 4.194945671569201 × 10^355 |
| 111 | ov_111 | 3.375246425143918 × 10^355 |
| 112 | ov_112 | 2.682889514349141 × 10^355 |
| 113 | ov_113 | 2.103753162323695 × 10^355 |
| 114 | ov_114 | 1.6246000528197141 × 10^355 |
| 115 | ov_115 | 1.2330575829425853 × 10^355 |
| 116 | ov_116 | 9.176025731649213 × 10^354 |
| 117 | ov_117 | 6.675497287614276 × 10^354 |
| 118 | ov_118 | 4.730431667137925 × 10^354 |
| 119 | ov_119 | 3.250503936924887 × 10^354 |
| 120 | ov_120 | 2.1535819216634925 × 10^354 |
| 121 | ov_121 | 1.3656994307199672 × 10^354 |
| 122 | ov_122 | 8.210398482418013 × 10^353 |
| 123 | ov_123 | 4.6192679781892794 × 10^353 |
| 124 | ov_124 | 2.3881930320452955 × 10^353 |
| 125 | ov_125 | 1.1030955673631987 × 10^353 |
| 126 | ov_126 | 4.312203508151505 × 10^352 |
| 127 | aaa_77_28 | 1.2113213144347028 × 10^352 |
| 128 | aaa_77_29 | 3.6980634103401896 × 10^351 |
| 129 | ov_129 | 2.2640391830995518 × 10^351 |
| 130 | ov_130 | 2.2640310660772078 × 10^351 |
| 131 | ov_131 | 2.2640290879387673 × 10^351 |
| 132 | ov_132 | 1.9925368219374095 × 10^351 |
| 133 | ov_133 | 1.7492254170724617 × 10^351 |
| 134 | ov_134 | 1.5311331971797269 × 10^351 |
| 135 | ov_135 | 1.3354709387629496 × 10^351 |
| 136 | ov_136 | 1.1596096570206838 × 10^351 |
| 137 | ov_137 | 1.0010696884521105 × 10^351 |
| 138 | ov_138 | 8.586472452313705 × 10^350 |
| 139 | ov_139 | 7.312060661382186 × 10^350 |
| 140 | ov_140 | 6.17673400102957 × 10^350 |
| 141 | ov_141 | 5.1703649713835806 × 10^350 |
| 142 | ov_142 | 4.283395713525826 × 10^350 |
| 143 | ov_143 | 3.506812027735952 × 10^350 |
| 144 | ov_144 | 2.8321214670578588 × 10^350 |
| 145 | ov_145 | 2.2513352129408472 × 10^350 |
| 146 | ov_146 | 1.7569534000072665 × 10^350 |
| 147 | ov_147 | 1.3419534628306011 × 10^350 |
| 148 | ov_148 | 9.997810516835286 × 10^349 |
| 149 | ov_149 | 7.243431018433366 × 10^349 |
| 150 | ov_150 | 5.1000267856270624 × 10^349 |
| 151 | ov_151 | 3.468405552351232 × 10^349 |
| 152 | ov_152 | 2.258354292601738 × 10^349 |
| 153 | ov_153 | 1.3886111809074008 × 10^349 |
| 154 | ov_154 | 7.868484080717451 × 10^348 |
| 155 | ov_155 | 3.8966239002143905 × 10^348 |
| 156 | aaa_76_25 | 1.4256878712979014 × 10^348 |
| 157 | aaa_76_26 | 7.469558571943743 × 10^347 |
| 158 | aaa_76_27 | 3.455839719688647 × 10^347 |
| 159 | aaa_76_28 | 1.353411013635735 × 10^347 |
| 160 | aaa_76_29 | 4.141678087118729 × 10^346 |

### Output Bits Sorted by Complexity

| Rank | Output Bit | Complexity |
|:----:|:----------:|:----------:|
| 160 | aaa_76_29 | 4.141678087118729 × 10^346 |
| 159 | aaa_76_28 | 1.353411013635735 × 10^347 |
| 158 | aaa_76_27 | 3.455839719688647 × 10^347 |
| 157 | aaa_76_26 | 7.469558571943743 × 10^347 |
| 156 | aaa_76_25 | 1.4256878712979014 × 10^348 |
| 155 | ov_155 | 3.8966239002143905 × 10^348 |
| 154 | ov_154 | 7.868484080717451 × 10^348 |
| 153 | ov_153 | 1.3886111809074008 × 10^349 |
| 152 | ov_152 | 2.258354292601738 × 10^349 |
| 151 | ov_151 | 3.468405552351232 × 10^349 |
| 150 | ov_150 | 5.1000267856270624 × 10^349 |
| 149 | ov_149 | 7.243431018433366 × 10^349 |
| 148 | ov_148 | 9.997810516835286 × 10^349 |
| 147 | ov_147 | 1.3419534628306011 × 10^350 |
| 146 | ov_146 | 1.7569534000072665 × 10^350 |
| 145 | ov_145 | 2.2513352129408472 × 10^350 |
| 144 | ov_144 | 2.8321214670578588 × 10^350 |
| 143 | ov_143 | 3.506812027735952 × 10^350 |
| 142 | ov_142 | 4.283395713525826 × 10^350 |
| 141 | ov_141 | 5.1703649713835806 × 10^350 |
| 140 | ov_140 | 6.17673400102957 × 10^350 |
| 139 | ov_139 | 7.312060661382186 × 10^350 |
| 138 | ov_138 | 8.586472452313705 × 10^350 |
| 137 | ov_137 | 1.0010696884521105 × 10^351 |
| 136 | ov_136 | 1.1596096570206838 × 10^351 |
| 135 | ov_135 | 1.3354709387629496 × 10^351 |
| 134 | ov_134 | 1.5311331971797269 × 10^351 |
| 133 | ov_133 | 1.7492254170724617 × 10^351 |
| 132 | ov_132 | 1.9925368219374095 × 10^351 |
| 131 | ov_131 | 2.2640290879387673 × 10^351 |
| 130 | ov_130 | 2.2640310660772078 × 10^351 |
| 129 | ov_129 | 2.2640391830995518 × 10^351 |
| 128 | aaa_77_29 | 3.6980634103401896 × 10^351 |
| 127 | aaa_77_28 | 1.2113213144347028 × 10^352 |
| 126 | ov_126 | 4.312203508151505 × 10^352 |
| 125 | ov_125 | 1.1030955673631987 × 10^353 |
| 124 | ov_124 | 2.3881930320452955 × 10^353 |
| 123 | ov_123 | 4.6192679781892794 × 10^353 |
| 122 | ov_122 | 8.210398482418013 × 10^353 |
| 121 | ov_121 | 1.3656994307199672 × 10^354 |
| 120 | ov_120 | 2.1535819216634925 × 10^354 |
| 119 | ov_119 | 3.250503936924887 × 10^354 |
| 118 | ov_118 | 4.730431667137925 × 10^354 |
| 117 | ov_117 | 6.675497287614276 × 10^354 |
| 116 | ov_116 | 9.176025731649213 × 10^354 |
| 115 | ov_115 | 1.2330575829425853 × 10^355 |
| 114 | ov_114 | 1.6246000528197141 × 10^355 |
| 113 | ov_113 | 2.103753162323695 × 10^355 |
| 112 | ov_112 | 2.682889514349141 × 10^355 |
| 111 | ov_111 | 3.375246425143918 × 10^355 |
| 110 | ov_110 | 4.194945671569201 × 10^355 |
| 109 | ov_109 | 5.157018313468508 × 10^355 |
| 108 | ov_108 | 6.269688820076478 × 10^355 |
| 107 | ov_107 | 7.541679688104842 × 10^355 |
| 106 | ov_106 | 8.982234748705797 × 10^355 |
| 105 | ov_105 | 1.0601146235559797 × 10^356 |
| 104 | ov_104 | 1.2408785933791659 × 10^356 |
| 103 | ov_103 | 1.4416140749598813 × 10^356 |
| 102 | ov_102 | 1.663485306138363 × 10^356 |
| 101 | ov_101 | 1.9088908613371663 × 10^356 |
| 100 | ov_100 | 2.1803746209339987 × 10^356 |
| 99 | ov_099 | 2.480636588099259 × 10^356 |
| 98 | ov_098 | 2.4806383467120764 × 10^356 |
| 97 | ov_097 | 2.480645579173113 × 10^356 |
| 96 | aaa_78_29 | 2.559174601137555 × 10^356 |
| 95 | aaa_78_28 | 6.791663324063078 × 10^356 |
| 94 | ov_094 | 1.696861801217863 × 10^357 |
| 93 | ov_093 | 6.780087732042784 × 10^357 |
| 92 | ov_092 | 1.5032616341315413 × 10^358 |
| 91 | ov_091 | 2.9399973508396314 × 10^358 |
| 90 | ov_090 | 5.24369702956912 × 10^358 |
| 89 | ov_089 | 8.715425964295656 × 10^358 |
| 88 | ov_088 | 1.370184777103834 × 10^359 |
| 87 | ov_087 | 2.0595253780772265 × 10^359 |
| 86 | ov_086 | 2.983361777580098 × 10^359 |
| 85 | ov_085 | 4.190068938015194 × 10^359 |
| 84 | ov_084 | 5.732614266756721 × 10^359 |
| 83 | ov_083 | 7.668579980404815 × 10^359 |
| 82 | ov_082 | 1.0060195279626152 × 10^360 |
| 64 | lv_79_m31 | 1.2926421355291843 × 10^360 |
| 81 | ov_081 | 1.2974380967363026 × 10^360 |
| 80 | ov_080 | 1.6482809469248901 × 10^360 |
| 79 | ov_079 | 2.0661983541813236 × 10^360 |
| 78 | ov_078 | 2.5593337281914345 × 10^360 |
| 77 | ov_077 | 3.1363363380387625 × 10^360 |
| 76 | ov_076 | 3.806377089490845 × 10^360 |
| 75 | ov_075 | 4.5791678152531264 × 10^360 |
| 74 | ov_074 | 5.464984573251363 × 10^360 |
| 73 | ov_073 | 6.474695482636655 × 10^360 |
| 63 | ov_063 | 6.623619479914106 × 10^360 |
| 72 | ov_072 | 7.619793662636743 × 10^360 |
| 71 | ov_071 | 8.912435798341751 × 10^360 |
| 70 | ov_070 | 1.036548673545534 × 10^361 |
| 69 | ov_069 | 1.1992570453153038 × 10^361 |
| 68 | ov_068 | 1.3808127785082171 × 10^361 |
| 67 | ov_067 | 1.5827481280515376 × 10^361 |
| 66 | ov_066 | 1.5827501354063534 × 10^361 |
| 65 | ov_065 | 1.582756368828297 × 10^361 |
| 62 | ov_062 | 3.393376539118157 × 10^361 |
| 61 | ov_061 | 1.2353708843125435 × 10^362 |
| 60 | ov_060 | 3.5321374215554526 × 10^362 |
| 59 | ov_059 | 8.513418615911516 × 10^362 |
| 58 | ov_058 | 1.8047713040451506 × 10^363 |
| 57 | ov_057 | 3.460843506582573 × 10^363 |
| 56 | ov_056 | 6.127393141502517 × 10^363 |
| 55 | ov_055 | 1.0172752850536845 × 10^364 |
| 54 | ov_054 | 1.6025765371296864 × 10^364 |
| 53 | ov_053 | 2.417581077718623 × 10^364 |
| 52 | ov_052 | 3.5172860184400893 × 10^364 |
| 51 | ov_051 | 4.962757089577501 × 10^364 |
| 50 | ov_050 | 6.821144159753354 × 10^364 |
| 49 | ov_049 | 9.165704987169734 × 10^364 |
| 48 | ov_048 | 1.2075839793448841 × 10^365 |
| 32 | lv_80_m31 | 1.4518147407776214 × 10^365 |
| 47 | ov_047 | 1.5637139616059609 × 10^365 |
| 46 | ov_046 | 1.9941451760627846 × 10^365 |
| 45 | ov_045 | 2.5086966040361155 × 10^365 |
| 44 | ov_044 | 3.117832585675816 × 10^365 |
| 43 | ov_043 | 3.8272817876315 × 10^365 |
| 42 | ov_042 | 4.6431161101773745 × 10^365 |
| 41 | ov_041 | 5.571762416073361 × 10^365 |
| 40 | ov_040 | 6.620016641291584 × 10^365 |
| 31 | ov_031 | 7.409939379581621 × 10^365 |
| 39 | ov_039 | 7.795060593723969 × 10^365 |
| 38 | ov_038 | 9.104481765738493 × 10^365 |
| 37 | ov_037 | 1.0556296506716816 × 10^366 |
| 36 | ov_036 | 1.215897692260676 × 10^366 |
| 35 | ov_035 | 1.392995399714965 × 10^366 |
| 34 | ov_034 | 1.588766780011384 × 10^366 |
| 33 | ov_033 | 1.805164353408661 × 10^366 |
| 30 | ov_030 | 3.782145626050566 × 10^366 |
| 29 | ov_029 | 1.3724927698578252 × 10^367 |
| 28 | ov_028 | 3.912766859812412 × 10^367 |
| 27 | ov_027 | 9.406433992329627 × 10^367 |
| 26 | ov_026 | 1.9896952976539005 × 10^368 |
| 25 | ov_025 | 3.808548875165514 × 10^368 |
| 24 | ov_024 | 6.733093127842486 × 10^368 |
| 23 | ov_023 | 1.0980607415332799 × 10^369 |
| 22 | ov_022 | 1.6801272931591112 × 10^369 |
| 21 | ov_021 | 2.447819450053597 × 10^369 |
| 20 | ov_020 | 3.4610546013361664 × 10^369 |
| 19 | ov_019 | 4.786349917295551 × 10^369 |
| 18 | ov_018 | 6.496840316906823 × 10^369 |
| 17 | ov_017 | 8.672306113754933 × 10^369 |
| 16 | ov_016 | 1.1399213529149857 × 10^370 |
| 15 | ov_015 | 1.4770771745453483 × 10^370 |
| 14 | ov_014 | 1.8887010657223502 × 10^370 |
| 13 | ov_013 | 2.385488396299381 × 10^370 |
| 12 | ov_012 | 2.978840272676733 × 10^370 |
| 11 | ov_011 | 3.6808805026172735 × 10^370 |
| 10 | ov_010 | 4.504476779450096 × 10^370 |
| 9 | ov_009 | 5.456643996101488 × 10^370 |
| 8 | ov_008 | 6.54480650452597 × 10^370 |
| 7 | ov_007 | 7.776818802762239 × 10^370 |
| 6 | ov_006 | 9.160989958064135 × 10^370 |
| 5 | ov_005 | 1.0706112046046995 × 10^371 |
| 4 | ov_004 | 1.2421492848847524 × 10^371 |
| 3 | ov_003 | 1.4316993069517992 × 10^371 |
| 2 | ov_002 | 1.6412929037717874 × 10^371 |
| 1 | ov_001 | 1.8730854008577284 × 10^371 |

