# Results for T012-T013-T014-T015-T016-T017-T018-T019-T020-T021-T022-T023-T024-T025-T026-T027-T028-T029-T030-T031-T032-T033-T034-T035-T036-T037-T038-T039-T040-T041-T042-T043-T044-T045-T046-T047-T048-T049-T050-T051-T052-T053-T054-T055-T056-T057-T058-T059-T060-T061-T062-T063-T064-T065-T066-T067-T068-T069-T070-T071-T072-T073-T074-T075-T076-T077-T078-T079-T080-T081-T082-T083-T084-T085-T086-T087-T088-T089-T090-T091-T092-T093-T094-T095-T096-T097-T098-T099-T100-T101-T102-T103-T104-T105-T106-T107-T108-T109-T110-T111-T112-T113-T114-T115-T116-T117-T118-T119-T120-T121-T122-T123-T124-T125-T126-T127-T128-T129-T130-T131-T132-T133-T134-T135-T136-T137-T138-T139-T140-T141-T142-T143-T144-T145-T146-T147-T148-T149-T150-T151-T152-T153-T154-T155-T156-T157-T158-T159-T160-T161-T162-T163-T164-T165-T166-T167-T168-T169-T170-T171-T172-T173-T174-T175-T176-T177-T178-T179-T180-T181-T182-T183-T184-T185-T186-T187-T188-T189-T190-T191-T192-T193-T194-T195-T196-T197-T198-T199-T200-T201-T202-T203-T204-T205-T206-T207-T208-T209-T210-T211-T212-T213-T214-T215-T216-T217-T218-T219-T220-T221-T222-T223-T224-T225-T226-T227-T228-T229-T230-T231-T232-T233-T234-T235-T236-T237-T238-T239-T240-T241-T242-T243-T244-T245-T246-T247-T248-T249-T250-T251-T252-T253-T254-T255-T256-T257-T258-T259-T260-T261-T262-T263-T264-T265-T266-T267-T268-T269-T270-T271-T272-T273-T274-T275-T276-T277-T278-T279-T280-T281-T282-T283-T284-T285-T286-T287-T288-T289-T290-T291-T292-T293-T294-T295-T296-T297-T298-T299-T300-T301-T302-T303-T304-T305-T306-T307-T308-T309-T310-T311-T312-T313-T314-T315-T316-T317-T318-T319-T320-T321-T322-T323-T324-T325-T326-T327-T328-T329-T330-T331-T332-T333-T334-T335-T336-T337-T338-T339-T340-T341-T342-T343-T344-T345-T346-T347-T348-T349-T350-T351-T352-T353-T354-T355-T356-T357-T358-T359-T360-T361-T362-T363-T364-T365-T366-T367-T368-T369-T370-T371-T372-T373-T374-T375-T376-T377-T378-T379-T380-T381-T382-T383-T384-T385-T386-T387-T388-T389-T390-T391-T392-T393-T394-T395-T396-T397-T398-T399-T400-T401-T402-T403-T404-T405-T406-T407-T408-T409-T410-T411-T412-T413-T414-T415-T416-T417-T418-T419-T420-T421-T422-T423-T424-T425-T426-T427-T428-T429-T430-T431-T432-T433-T434-T435-T436-T437-T438-T439-T440-T441-T442-T443-T444-T445-T446-T447-T448-T449-T450-T451-T452-T453-T454-T455-T456-T457-T458-T459-T460-T461-T462-T463-T464-T465-T466-T467-T468-T469-T470-T471-T472-T473-T474-T475-T476-T477-T478-T479-T480-T481-T482-T483-T484-T485-T486-T487-T488-T489-T490-T491-T492-T493-T494-T495-T496-T497-T498-T499-T500-T501-T502-T503-T504-T505-T506-T507-T508-T509-T510-T511-T512

## Summary

Number of input bits: 512  
Number of free input bits: 11  
Number of output bits: 160

Number of direct occurrences: 50610  
Number of assignments: 39424  
Number of operations: 21239184
(xor: 21191407,
and: 20159,
or: 27618)

Total complexity: 6.549900441397344 × 10^371

Least occurring input variable: iv_005 (4315)  
Most occurring input variable: iv_010 (4947)

Most co-occurring input variables: iv_009-iv_010 (2492)  
Least co-occurring input variables: iv_002-iv_008 (1935)

Potentially most occurring input variable: iv_010/iv_011 (5355)  
Potentially least occurring input variable: iv_002/iv_007 (4391)

Least output occurring input variable: iv_004 (70)  
Most output occurring input variable: iv_007 (88)

Most output co-occurring input variables: iv_002-iv_007 (49)  
Least output co-occurring input variables: iv_003-iv_009 (30)

Potentially most output occurring input variable: iv_003/iv_009 (94)  
Potentially least output occurring input variable: iv_006/iv_008 (70)

Least complex input bit: iv_001 (1.1096568980078525 × 10^369)  
Most complex input bit: iv_010 (1.4132712594483408 × 10^371)

Least complex output bit: aaa_76_29 (2.2019046707200883 × 10^346)  
Most complex output bit: ov_001 (1.000786455588568 × 10^371)

Least complex input/output complexity: iv_001/aaa_76_29 (3.730375336970759 × 10^343)  
Most complex input/output complexity: iv_010/ov_001 (2.159395775833737 × 10^370)

Input variable with highest collision probability: iv_011 (½^160.00000000000054)

## Input Bits

### Input Bits in Regular Order

| Input Bit | Complexity | Occurrences | Output Occurrences | Collision Probability |
|:---------:|:----------:|:-----------:|:------------------:|:---------------------:|
| iv_001 | 1.1096568980078525 × 10^369 | 4507 | 72 | ½^160.00000000000082 |
| iv_002 | 4.8103678772798614 × 10^369 | 4496 | 81 | ½^160.0000000000007 |
| iv_003 | 1.3904816312904547 × 10^370 | 4751 | 77 | ½^160.0000000000007 |
| iv_004 | 3.0700914872568443 × 10^370 | 4654 | 70 | ½^160.00000000000088 |
| iv_005 | 5.002424703026142 × 10^370 | 4315 | 79 | ½^160.0000000000009 |
| iv_006 | 6.950675476976017 × 10^370 | 4769 | 79 | ½^160.00000000000068 |
| iv_007 | 8.967409452211978 × 10^370 | 4563 | 88 | ½^160.00000000000134 |
| iv_008 | 1.1168683704200059 × 10^371 | 4420 | 71 | ½^160.00000000000085 |
| iv_009 | 1.3641646478692603 × 10^371 | 4622 | 77 | ½^160.00000000000074 |
| iv_010 | 1.4132712594483408 × 10^371 | 4947 | 85 | ½^160.00000000000105 |
| iv_011 | 5.828764083072094 × 10^369 | 4566 | 81 | ½^160.00000000000054 |

### Input Bits Sorted by Complexity

| Input Bit | Complexity | Occurrences | Output Occurrences | Collision Probability |
|:---------:|:----------:|:-----------:|:------------------:|:---------------------:|
| iv_001 | 1.1096568980078525 × 10^369 | 4507 | 72 | ½^160.00000000000082 |
| iv_002 | 4.8103678772798614 × 10^369 | 4496 | 81 | ½^160.0000000000007 |
| iv_011 | 5.828764083072094 × 10^369 | 4566 | 81 | ½^160.00000000000054 |
| iv_003 | 1.3904816312904547 × 10^370 | 4751 | 77 | ½^160.0000000000007 |
| iv_004 | 3.0700914872568443 × 10^370 | 4654 | 70 | ½^160.00000000000088 |
| iv_005 | 5.002424703026142 × 10^370 | 4315 | 79 | ½^160.0000000000009 |
| iv_006 | 6.950675476976017 × 10^370 | 4769 | 79 | ½^160.00000000000068 |
| iv_007 | 8.967409452211978 × 10^370 | 4563 | 88 | ½^160.00000000000134 |
| iv_008 | 1.1168683704200059 × 10^371 | 4420 | 71 | ½^160.00000000000085 |
| iv_009 | 1.3641646478692603 × 10^371 | 4622 | 77 | ½^160.00000000000074 |
| iv_010 | 1.4132712594483408 × 10^371 | 4947 | 85 | ½^160.00000000000105 |

### Input Bits Sorted by Occurrences

| Input Bit | Complexity | Occurrences | Output Occurrences | Collision Probability |
|:---------:|:----------:|:-----------:|:------------------:|:---------------------:|
| iv_005 | 5.002424703026142 × 10^370 | 4315 | 79 | ½^160.0000000000009 |
| iv_008 | 1.1168683704200059 × 10^371 | 4420 | 71 | ½^160.00000000000085 |
| iv_002 | 4.8103678772798614 × 10^369 | 4496 | 81 | ½^160.0000000000007 |
| iv_001 | 1.1096568980078525 × 10^369 | 4507 | 72 | ½^160.00000000000082 |
| iv_007 | 8.967409452211978 × 10^370 | 4563 | 88 | ½^160.00000000000134 |
| iv_011 | 5.828764083072094 × 10^369 | 4566 | 81 | ½^160.00000000000054 |
| iv_009 | 1.3641646478692603 × 10^371 | 4622 | 77 | ½^160.00000000000074 |
| iv_004 | 3.0700914872568443 × 10^370 | 4654 | 70 | ½^160.00000000000088 |
| iv_003 | 1.3904816312904547 × 10^370 | 4751 | 77 | ½^160.0000000000007 |
| iv_006 | 6.950675476976017 × 10^370 | 4769 | 79 | ½^160.00000000000068 |
| iv_010 | 1.4132712594483408 × 10^371 | 4947 | 85 | ½^160.00000000000105 |

### Input Bits Sorted by Output Occurrences

| Input Bit | Complexity | Occurrences | Output Occurrences | Collision Probability |
|:---------:|:----------:|:-----------:|:------------------:|:---------------------:|
| iv_004 | 3.0700914872568443 × 10^370 | 4654 | 70 | ½^160.00000000000088 |
| iv_008 | 1.1168683704200059 × 10^371 | 4420 | 71 | ½^160.00000000000085 |
| iv_001 | 1.1096568980078525 × 10^369 | 4507 | 72 | ½^160.00000000000082 |
| iv_003 | 1.3904816312904547 × 10^370 | 4751 | 77 | ½^160.0000000000007 |
| iv_009 | 1.3641646478692603 × 10^371 | 4622 | 77 | ½^160.00000000000074 |
| iv_006 | 6.950675476976017 × 10^370 | 4769 | 79 | ½^160.00000000000068 |
| iv_005 | 5.002424703026142 × 10^370 | 4315 | 79 | ½^160.0000000000009 |
| iv_011 | 5.828764083072094 × 10^369 | 4566 | 81 | ½^160.00000000000054 |
| iv_002 | 4.8103678772798614 × 10^369 | 4496 | 81 | ½^160.0000000000007 |
| iv_010 | 1.4132712594483408 × 10^371 | 4947 | 85 | ½^160.00000000000105 |
| iv_007 | 8.967409452211978 × 10^370 | 4563 | 88 | ½^160.00000000000134 |

### Input Bits Sorted by Collision Probability

| Input Bit | Complexity | Occurrences | Output Occurrences | Collision Probability |
|:---------:|:----------:|:-----------:|:------------------:|:---------------------:|
| iv_011 | 5.828764083072094 × 10^369 | 4566 | 81 | ½^160.00000000000054 |
| iv_006 | 6.950675476976017 × 10^370 | 4769 | 79 | ½^160.00000000000068 |
| iv_003 | 1.3904816312904547 × 10^370 | 4751 | 77 | ½^160.0000000000007 |
| iv_002 | 4.8103678772798614 × 10^369 | 4496 | 81 | ½^160.0000000000007 |
| iv_009 | 1.3641646478692603 × 10^371 | 4622 | 77 | ½^160.00000000000074 |
| iv_001 | 1.1096568980078525 × 10^369 | 4507 | 72 | ½^160.00000000000082 |
| iv_008 | 1.1168683704200059 × 10^371 | 4420 | 71 | ½^160.00000000000085 |
| iv_004 | 3.0700914872568443 × 10^370 | 4654 | 70 | ½^160.00000000000088 |
| iv_005 | 5.002424703026142 × 10^370 | 4315 | 79 | ½^160.0000000000009 |
| iv_010 | 1.4132712594483408 × 10^371 | 4947 | 85 | ½^160.00000000000105 |
| iv_007 | 8.967409452211978 × 10^370 | 4563 | 88 | ½^160.00000000000134 |

## Input Bit/Output Bit Collision Probabilities

| Input Bit | Output Bit | Collision Probability |
|:---------:|:----------:|:---------------------:|
| iv_011 | ov_099 | 0.500000000000004 |
| iv_011 | ov_028 | 0.5000000000000022 |
| iv_002 | ov_036 | 0.500000000000002 |
| iv_011 | ov_029 | 0.500000000000002 |
| iv_002 | aaa_76_29 | 0.5000000000000019 |
| iv_007 | ov_142 | 0.5000000000000019 |
| iv_011 | ov_007 | 0.5000000000000019 |
| iv_011 | ov_118 | 0.5000000000000019 |
| iv_002 | ov_097 | 0.5000000000000018 |
| iv_002 | ov_113 | 0.5000000000000018 |
| iv_002 | ov_137 | 0.5000000000000018 |

## Input Bit Co-occurrences

### Input Bit Co-occurrences Sorted by Co-occurrences

| Input Bits | Co-occurrences | Potential Occurrences | Output Co-occurrences | Potential Output Occurrences |
|:----------:|:--------------:|:---------------------:|:---------------------:|:----------------------------:|
| iv_009-iv_010 | 2492 | 4585 | 44 | 74 |
| iv_002-iv_007 | 2334 | 4391 | 49 | 71 |
| iv_003-iv_010 | 2272 | 5154 | 37 | 88 |
| iv_008-iv_010 | 2270 | 4827 | 36 | 84 |
| iv_001-iv_006 | 2261 | 4754 | 35 | 81 |
| iv_008-iv_009 | 2230 | 4582 | 37 | 74 |
| iv_006-iv_011 | 2230 | 4875 | 40 | 80 |
| iv_004-iv_010 | 2226 | 5149 | 34 | 87 |
| iv_003-iv_006 | 2220 | 5080 | 37 | 82 |
| iv_006-iv_010 | 2198 | 5320 | 41 | 82 |
| iv_003-iv_007 | 2180 | 4954 | 43 | 79 |

### Input Bit Co-occurrences Sorted by Potential Occurrences

| Input Bits | Co-occurrences | Potential Occurrences | Output Co-occurrences | Potential Output Occurrences |
|:----------:|:--------------:|:---------------------:|:---------------------:|:----------------------------:|
| iv_002-iv_007 | 2334 | 4391 | 49 | 71 |
| iv_008-iv_009 | 2230 | 4582 | 37 | 74 |
| iv_009-iv_010 | 2492 | 4585 | 44 | 74 |
| iv_005-iv_008 | 2007 | 4721 | 34 | 82 |
| iv_002-iv_005 | 2036 | 4739 | 41 | 78 |
| iv_001-iv_006 | 2261 | 4754 | 35 | 81 |
| iv_001-iv_005 | 2019 | 4784 | 38 | 75 |
| iv_001-iv_011 | 2140 | 4793 | 38 | 77 |
| iv_007-iv_008 | 2082 | 4819 | 44 | 71 |
| iv_008-iv_010 | 2270 | 4827 | 36 | 84 |
| iv_005-iv_007 | 2017 | 4844 | 44 | 79 |

### Input Bit Output Co-occurrences Sorted by Output Co-occurrences

| Input Bits | Co-occurrences | Potential Occurrences | Output Co-occurrences | Potential Output Occurrences |
|:----------:|:--------------:|:---------------------:|:---------------------:|:----------------------------:|
| iv_002-iv_007 | 2334 | 4391 | 49 | 71 |
| iv_007-iv_010 | 2126 | 5258 | 47 | 79 |
| iv_007-iv_011 | 2052 | 5025 | 47 | 75 |
| iv_010-iv_011 | 2079 | 5355 | 44 | 78 |
| iv_009-iv_010 | 2492 | 4585 | 44 | 74 |
| iv_006-iv_007 | 2157 | 5018 | 44 | 79 |
| iv_007-iv_008 | 2082 | 4819 | 44 | 71 |
| iv_005-iv_007 | 2017 | 4844 | 44 | 79 |
| iv_007-iv_009 | 2057 | 5071 | 43 | 79 |
| iv_003-iv_007 | 2180 | 4954 | 43 | 79 |
| iv_005-iv_010 | 2083 | 5096 | 43 | 78 |

### Input Bit Output Co-occurrences Sorted by Potential Output Occurrences

| Input Bits | Co-occurrences | Potential Occurrences | Output Co-occurrences | Potential Output Occurrences |
|:----------:|:--------------:|:---------------------:|:---------------------:|:----------------------------:|
| iv_006-iv_008 | 2090 | 5009 | 40 | 70 |
| iv_001-iv_008 | 2030 | 4867 | 36 | 71 |
| iv_002-iv_007 | 2334 | 4391 | 49 | 71 |
| iv_007-iv_008 | 2082 | 4819 | 44 | 71 |
| iv_003-iv_008 | 2163 | 4845 | 38 | 72 |
| iv_001-iv_002 | 1995 | 5013 | 40 | 73 |
| iv_009-iv_010 | 2492 | 4585 | 44 | 74 |
| iv_002-iv_009 | 2064 | 4990 | 42 | 74 |
| iv_008-iv_009 | 2230 | 4582 | 37 | 74 |
| iv_001-iv_005 | 2019 | 4784 | 38 | 75 |
| iv_007-iv_011 | 2052 | 5025 | 47 | 75 |

## Output Bits

### Output Bits in Regular Order

| Rank | Output Bit | Complexity |
|:----:|:----------:|:----------:|
| 1 | ov_001 | 1.000786455588568 × 10^371 |
| 2 | ov_002 | 8.76940148809311 × 10^370 |
| 3 | ov_003 | 7.64954601036434 × 10^370 |
| 4 | ov_004 | 6.636782584536352 × 10^370 |
| 5 | ov_005 | 5.720256494782833 × 10^370 |
| 6 | ov_006 | 4.8946993011295085 × 10^370 |
| 7 | ov_007 | 4.155137961052359 × 10^370 |
| 8 | ov_008 | 3.496874949467264 × 10^370 |
| 9 | ov_009 | 2.9154707916887363 × 10^370 |
| 10 | ov_010 | 2.4067288718352336 × 10^370 |
| 11 | ov_011 | 1.9666823867784165 × 10^370 |
| 12 | ov_012 | 1.5915832960091024 × 10^370 |
| 13 | ov_013 | 1.2745564007651157 × 10^370 |
| 14 | ov_014 | 1.009123949511155 × 10^370 |
| 15 | ov_015 | 7.891943227796584 × 10^369 |
| 16 | ov_016 | 6.090529717683394 × 10^369 |
| 17 | ov_017 | 4.633552844390101 × 10^369 |
| 18 | ov_018 | 3.4712107907243303 × 10^369 |
| 19 | ov_019 | 2.5573045131015097 × 10^369 |
| 20 | ov_020 | 1.8492072669841325 × 10^369 |
| 21 | ov_021 | 1.3078429667302148 × 10^369 |
| 22 | ov_022 | 8.976714181007652 × 10^368 |
| 23 | ov_023 | 5.8667872031989394 × 10^368 |
| 24 | ov_024 | 3.5973857053801056 × 10^368 |
| 25 | ov_025 | 2.034837913258649 × 10^368 |
| 26 | ov_026 | 1.0630516623146618 × 10^368 |
| 27 | ov_027 | 5.025623357538861 × 10^367 |
| 28 | ov_028 | 2.090478837340807 × 10^367 |
| 29 | ov_029 | 7.332781378571226 × 10^366 |
| 30 | ov_030 | 2.0206631924606808 × 10^366 |
| 31 | ov_031 | 3.958834367673053 × 10^365 |
| 32 | lv_80_m31 | 7.756414911263106 × 10^364 |
| 33 | ov_033 | 9.644003161331571 × 10^365 |
| 34 | ov_034 | 8.48769675175858 × 10^365 |
| 35 | ov_035 | 7.441657093547422 × 10^365 |
| 36 | ov_036 | 6.495436253566722 × 10^365 |
| 37 | ov_037 | 5.639167850814605 × 10^365 |
| 38 | ov_038 | 4.863526359581596 × 10^365 |
| 39 | ov_039 | 4.163979474213466 × 10^365 |
| 40 | ov_040 | 3.536239189531782 × 10^365 |
| 41 | ov_041 | 2.976247380801023 × 10^365 |
| 42 | ov_042 | 2.48016337093895 × 10^365 |
| 43 | ov_043 | 2.0443532898459963 × 10^365 |
| 44 | ov_044 | 1.6653810418409225 × 10^365 |
| 45 | ov_045 | 1.3400007079633784 × 10^365 |
| 46 | ov_046 | 1.0651502204045904 × 10^365 |
| 47 | ov_047 | 8.352371507484539 × 10^364 |
| 48 | ov_048 | 6.450145203711834 × 10^364 |
| 49 | ov_049 | 4.8957475576874305 × 10^364 |
| 50 | ov_050 | 3.6434497624695365 × 10^364 |
| 51 | ov_051 | 2.6508339844449153 × 10^364 |
| 52 | ov_052 | 1.8787666166634513 × 10^364 |
| 53 | ov_053 | 1.2913789745925457 × 10^364 |
| 54 | ov_054 | 8.560538628152296 × 10^363 |
| 55 | ov_055 | 5.434166352131477 × 10^363 |
| 56 | ov_056 | 3.273295650911598 × 10^363 |
| 57 | ov_057 | 1.8488853556725048 × 10^363 |
| 58 | ov_058 | 9.642125439792346 × 10^362 |
| 59 | ov_059 | 4.548638965221875 × 10^362 |
| 60 | ov_060 | 1.8873205463716816 × 10^362 |
| 61 | ov_061 | 6.601434354787251 × 10^361 |
| 62 | ov_062 | 1.8134569667293707 × 10^361 |
| 63 | ov_063 | 3.540041310579108 × 10^360 |
| 64 | lv_79_m31 | 6.909234514775683 × 10^359 |
| 65 | ov_065 | 8.47974402092557 × 10^360 |
| 66 | ov_066 | 8.479700210896688 × 10^360 |
| 67 | ov_067 | 8.479689539296811 × 10^360 |
| 68 | ov_068 | 7.401841266845877 × 10^360 |
| 69 | ov_069 | 6.432482853248845 × 10^360 |
| 70 | ov_070 | 5.563468448349327 × 10^360 |
| 71 | ov_071 | 4.787120944044006 × 10^360 |
| 72 | ov_072 | 4.0961974924729663 × 10^360 |
| 73 | ov_073 | 3.483858820094335 × 10^360 |
| 74 | ov_074 | 2.943642129239801 × 10^360 |
| 75 | ov_075 | 2.469437390431412 × 10^360 |
| 76 | ov_076 | 2.0554668398471406 × 10^360 |
| 77 | ov_077 | 1.6962674682054692 × 10^360 |
| 78 | ov_078 | 1.3866762224505682 × 10^360 |
| 79 | ov_079 | 1.121817619804207 × 10^360 |
| 80 | ov_080 | 8.970934925857037 × 10^359 |
| 81 | ov_081 | 7.081746006131877 × 10^359 |
| 82 | ov_082 | 5.5099386608248783 × 10^359 |
| 83 | ov_083 | 4.217410036540021 × 10^359 |
| 84 | ov_084 | 3.168583361284831 × 10^359 |
| 85 | ov_085 | 2.3303760361230876 × 10^359 |
| 86 | ov_086 | 1.6721759150244486 × 10^359 |
| 87 | ov_087 | 1.1658241999188771 × 10^359 |
| 88 | ov_088 | 7.856035513030387 × 10^358 |
| 89 | ov_089 | 5.082301878703847 × 10^358 |
| 90 | ov_090 | 3.12848921645985 × 10^358 |
| 91 | ov_091 | 1.8103024806529453 × 10^358 |
| 92 | ov_092 | 9.676878337416864 × 10^357 |
| 93 | ov_093 | 4.6482513214097686 × 10^357 |
| 94 | ov_094 | 1.901247923081909 × 10^357 |
| 95 | aaa_78_28 | 5.622671457935085 × 10^356 |
| 96 | aaa_78_29 | 1.905337471399113 × 10^356 |
| 97 | ov_097 | 1.318773162262112 × 10^356 |
| 98 | ov_098 | 1.3187693173079694 × 10^356 |
| 99 | ov_099 | 1.3187683823862058 × 10^356 |
| 100 | ov_100 | 1.1591416105920486 × 10^356 |
| 101 | ov_101 | 1.0148140551799151 × 10^356 |
| 102 | ov_102 | 8.84350326618926 × 10^355 |
| 103 | ov_103 | 7.663980341689779 × 10^355 |
| 104 | ov_104 | 6.596820353849087 × 10^355 |
| 105 | ov_105 | 5.6358339217078465 × 10^355 |
| 106 | ov_106 | 4.775180129833859 × 10^355 |
| 107 | ov_107 | 4.0093450766671164 × 10^355 |
| 108 | ov_108 | 3.333122964826771 × 10^355 |
| 109 | ov_109 | 2.7415995415741445 × 10^355 |
| 110 | ov_110 | 2.2301377087414245 × 10^355 |
| 111 | ov_111 | 1.7943651321639582 × 10^355 |
| 112 | ov_112 | 1.4262909236434088 × 10^355 |
| 113 | ov_113 | 1.1184075927927681 × 10^355 |
| 114 | ov_114 | 8.63677850818494 × 10^354 |
| 115 | ov_115 | 6.555241123547238 × 10^354 |
| 116 | ov_116 | 4.878203668945218 × 10^354 |
| 117 | ov_117 | 3.548860445705718 × 10^354 |
| 118 | ov_118 | 2.5148151161808446 × 10^354 |
| 119 | ov_119 | 1.7280486889427456 × 10^354 |
| 120 | ov_120 | 1.144897648098432 × 10^354 |
| 121 | ov_121 | 7.260397197561905 × 10^353 |
| 122 | ov_122 | 4.364851479808544 × 10^353 |
| 123 | ov_123 | 2.4557173180038952 × 10^353 |
| 124 | ov_124 | 1.2696225246456305 × 10^353 |
| 125 | ov_125 | 5.864328704898943 × 10^352 |
| 126 | ov_126 | 2.2924738347827016 × 10^352 |
| 127 | aaa_77_28 | 6.439682774264948 × 10^351 |
| 128 | aaa_77_29 | 1.9659815588494707 × 10^351 |
| 129 | ov_129 | 1.2036197992022824 × 10^351 |
| 130 | ov_130 | 1.2036154838036634 × 10^351 |
| 131 | ov_131 | 1.2036144321243904 × 10^351 |
| 132 | ov_132 | 1.0592822438787316 × 10^351 |
| 133 | ov_133 | 9.299317918913178 × 10^350 |
| 134 | ov_134 | 8.139885456214041 × 10^350 |
| 135 | ov_135 | 7.099696605137396 × 10^350 |
| 136 | ov_136 | 6.164774841391679 × 10^350 |
| 137 | ov_137 | 5.3219375160069165 × 10^350 |
| 138 | ov_138 | 4.564784933699112 × 10^350 |
| 139 | ov_139 | 3.8872764057011707 × 10^350 |
| 140 | ov_140 | 3.2837088942308526 × 10^350 |
| 141 | ov_141 | 2.7486983545438363 × 10^350 |
| 142 | ov_142 | 2.2771635869261363 × 10^350 |
| 143 | ov_143 | 1.8643124217911746 × 10^350 |
| 144 | ov_144 | 1.5056300716139657 × 10^350 |
| 145 | ov_145 | 1.196869493814771 × 10^350 |
| 146 | ov_146 | 9.340435875862645 × 10^349 |
| 147 | ov_147 | 7.134189975823153 × 10^349 |
| 148 | ov_148 | 5.315112835938066 × 10^349 |
| 149 | ov_149 | 3.850812353350338 × 10^349 |
| 150 | ov_150 | 2.7113213140818904 × 10^349 |
| 151 | ov_151 | 1.843906861740832 × 10^349 |
| 152 | ov_152 | 1.2006096917103664 × 10^349 |
| 153 | ov_153 | 7.382291425848801 × 10^348 |
| 154 | ov_154 | 4.1831405952315076 × 10^348 |
| 155 | ov_155 | 2.071575885570339 × 10^348 |
| 156 | aaa_76_25 | 7.579452857510536 × 10^347 |
| 157 | aaa_76_26 | 3.971095668573726 × 10^347 |
| 158 | aaa_76_27 | 1.837262815864405 × 10^347 |
| 159 | aaa_76_28 | 7.19531340593968 × 10^346 |
| 160 | aaa_76_29 | 2.2019046707200883 × 10^346 |

### Output Bits Sorted by Complexity

| Rank | Output Bit | Complexity |
|:----:|:----------:|:----------:|
| 160 | aaa_76_29 | 2.2019046707200883 × 10^346 |
| 159 | aaa_76_28 | 7.19531340593968 × 10^346 |
| 158 | aaa_76_27 | 1.837262815864405 × 10^347 |
| 157 | aaa_76_26 | 3.971095668573726 × 10^347 |
| 156 | aaa_76_25 | 7.579452857510536 × 10^347 |
| 155 | ov_155 | 2.071575885570339 × 10^348 |
| 154 | ov_154 | 4.1831405952315076 × 10^348 |
| 153 | ov_153 | 7.382291425848801 × 10^348 |
| 152 | ov_152 | 1.2006096917103664 × 10^349 |
| 151 | ov_151 | 1.843906861740832 × 10^349 |
| 150 | ov_150 | 2.7113213140818904 × 10^349 |
| 149 | ov_149 | 3.850812353350338 × 10^349 |
| 148 | ov_148 | 5.315112835938066 × 10^349 |
| 147 | ov_147 | 7.134189975823153 × 10^349 |
| 146 | ov_146 | 9.340435875862645 × 10^349 |
| 145 | ov_145 | 1.196869493814771 × 10^350 |
| 144 | ov_144 | 1.5056300716139657 × 10^350 |
| 143 | ov_143 | 1.8643124217911746 × 10^350 |
| 142 | ov_142 | 2.2771635869261363 × 10^350 |
| 141 | ov_141 | 2.7486983545438363 × 10^350 |
| 140 | ov_140 | 3.2837088942308526 × 10^350 |
| 139 | ov_139 | 3.8872764057011707 × 10^350 |
| 138 | ov_138 | 4.564784933699112 × 10^350 |
| 137 | ov_137 | 5.3219375160069165 × 10^350 |
| 136 | ov_136 | 6.164774841391679 × 10^350 |
| 135 | ov_135 | 7.099696605137396 × 10^350 |
| 134 | ov_134 | 8.139885456214041 × 10^350 |
| 133 | ov_133 | 9.299317918913178 × 10^350 |
| 132 | ov_132 | 1.0592822438787316 × 10^351 |
| 131 | ov_131 | 1.2036144321243904 × 10^351 |
| 130 | ov_130 | 1.2036154838036634 × 10^351 |
| 129 | ov_129 | 1.2036197992022824 × 10^351 |
| 128 | aaa_77_29 | 1.9659815588494707 × 10^351 |
| 127 | aaa_77_28 | 6.439682774264948 × 10^351 |
| 126 | ov_126 | 2.2924738347827016 × 10^352 |
| 125 | ov_125 | 5.864328704898943 × 10^352 |
| 124 | ov_124 | 1.2696225246456305 × 10^353 |
| 123 | ov_123 | 2.4557173180038952 × 10^353 |
| 122 | ov_122 | 4.364851479808544 × 10^353 |
| 121 | ov_121 | 7.260397197561905 × 10^353 |
| 120 | ov_120 | 1.144897648098432 × 10^354 |
| 119 | ov_119 | 1.7280486889427456 × 10^354 |
| 118 | ov_118 | 2.5148151161808446 × 10^354 |
| 117 | ov_117 | 3.548860445705718 × 10^354 |
| 116 | ov_116 | 4.878203668945218 × 10^354 |
| 115 | ov_115 | 6.555241123547238 × 10^354 |
| 114 | ov_114 | 8.63677850818494 × 10^354 |
| 113 | ov_113 | 1.1184075927927681 × 10^355 |
| 112 | ov_112 | 1.4262909236434088 × 10^355 |
| 111 | ov_111 | 1.7943651321639582 × 10^355 |
| 110 | ov_110 | 2.2301377087414245 × 10^355 |
| 109 | ov_109 | 2.7415995415741445 × 10^355 |
| 108 | ov_108 | 3.333122964826771 × 10^355 |
| 107 | ov_107 | 4.0093450766671164 × 10^355 |
| 106 | ov_106 | 4.775180129833859 × 10^355 |
| 105 | ov_105 | 5.6358339217078465 × 10^355 |
| 104 | ov_104 | 6.596820353849087 × 10^355 |
| 103 | ov_103 | 7.663980341689779 × 10^355 |
| 102 | ov_102 | 8.84350326618926 × 10^355 |
| 101 | ov_101 | 1.0148140551799151 × 10^356 |
| 100 | ov_100 | 1.1591416105920486 × 10^356 |
| 99 | ov_099 | 1.3187683823862058 × 10^356 |
| 98 | ov_098 | 1.3187693173079694 × 10^356 |
| 97 | ov_097 | 1.318773162262112 × 10^356 |
| 96 | aaa_78_29 | 1.905337471399113 × 10^356 |
| 95 | aaa_78_28 | 5.622671457935085 × 10^356 |
| 94 | ov_094 | 1.901247923081909 × 10^357 |
| 93 | ov_093 | 4.6482513214097686 × 10^357 |
| 92 | ov_092 | 9.676878337416864 × 10^357 |
| 91 | ov_091 | 1.8103024806529453 × 10^358 |
| 90 | ov_090 | 3.12848921645985 × 10^358 |
| 89 | ov_089 | 5.082301878703847 × 10^358 |
| 88 | ov_088 | 7.856035513030387 × 10^358 |
| 87 | ov_087 | 1.1658241999188771 × 10^359 |
| 86 | ov_086 | 1.6721759150244486 × 10^359 |
| 85 | ov_085 | 2.3303760361230876 × 10^359 |
| 84 | ov_084 | 3.168583361284831 × 10^359 |
| 83 | ov_083 | 4.217410036540021 × 10^359 |
| 82 | ov_082 | 5.5099386608248783 × 10^359 |
| 64 | lv_79_m31 | 6.909234514775683 × 10^359 |
| 81 | ov_081 | 7.081746006131877 × 10^359 |
| 80 | ov_080 | 8.970934925857037 × 10^359 |
| 79 | ov_079 | 1.121817619804207 × 10^360 |
| 78 | ov_078 | 1.3866762224505682 × 10^360 |
| 77 | ov_077 | 1.6962674682054692 × 10^360 |
| 76 | ov_076 | 2.0554668398471406 × 10^360 |
| 75 | ov_075 | 2.469437390431412 × 10^360 |
| 74 | ov_074 | 2.943642129239801 × 10^360 |
| 73 | ov_073 | 3.483858820094335 × 10^360 |
| 63 | ov_063 | 3.540041310579108 × 10^360 |
| 72 | ov_072 | 4.0961974924729663 × 10^360 |
| 71 | ov_071 | 4.787120944044006 × 10^360 |
| 70 | ov_070 | 5.563468448349327 × 10^360 |
| 69 | ov_069 | 6.432482853248845 × 10^360 |
| 68 | ov_068 | 7.401841266845877 × 10^360 |
| 67 | ov_067 | 8.479689539296811 × 10^360 |
| 66 | ov_066 | 8.479700210896688 × 10^360 |
| 65 | ov_065 | 8.47974402092557 × 10^360 |
| 62 | ov_062 | 1.8134569667293707 × 10^361 |
| 61 | ov_061 | 6.601434354787251 × 10^361 |
| 60 | ov_060 | 1.8873205463716816 × 10^362 |
| 59 | ov_059 | 4.548638965221875 × 10^362 |
| 58 | ov_058 | 9.642125439792346 × 10^362 |
| 57 | ov_057 | 1.8488853556725048 × 10^363 |
| 56 | ov_056 | 3.273295650911598 × 10^363 |
| 55 | ov_055 | 5.434166352131477 × 10^363 |
| 54 | ov_054 | 8.560538628152296 × 10^363 |
| 53 | ov_053 | 1.2913789745925457 × 10^364 |
| 52 | ov_052 | 1.8787666166634513 × 10^364 |
| 51 | ov_051 | 2.6508339844449153 × 10^364 |
| 50 | ov_050 | 3.6434497624695365 × 10^364 |
| 49 | ov_049 | 4.8957475576874305 × 10^364 |
| 48 | ov_048 | 6.450145203711834 × 10^364 |
| 32 | lv_80_m31 | 7.756414911263106 × 10^364 |
| 47 | ov_047 | 8.352371507484539 × 10^364 |
| 46 | ov_046 | 1.0651502204045904 × 10^365 |
| 45 | ov_045 | 1.3400007079633784 × 10^365 |
| 44 | ov_044 | 1.6653810418409225 × 10^365 |
| 43 | ov_043 | 2.0443532898459963 × 10^365 |
| 42 | ov_042 | 2.48016337093895 × 10^365 |
| 41 | ov_041 | 2.976247380801023 × 10^365 |
| 40 | ov_040 | 3.536239189531782 × 10^365 |
| 31 | ov_031 | 3.958834367673053 × 10^365 |
| 39 | ov_039 | 4.163979474213466 × 10^365 |
| 38 | ov_038 | 4.863526359581596 × 10^365 |
| 37 | ov_037 | 5.639167850814605 × 10^365 |
| 36 | ov_036 | 6.495436253566722 × 10^365 |
| 35 | ov_035 | 7.441657093547422 × 10^365 |
| 34 | ov_034 | 8.48769675175858 × 10^365 |
| 33 | ov_033 | 9.644003161331571 × 10^365 |
| 30 | ov_030 | 2.0206631924606808 × 10^366 |
| 29 | ov_029 | 7.332781378571226 × 10^366 |
| 28 | ov_028 | 2.090478837340807 × 10^367 |
| 27 | ov_027 | 5.025623357538861 × 10^367 |
| 26 | ov_026 | 1.0630516623146618 × 10^368 |
| 25 | ov_025 | 2.034837913258649 × 10^368 |
| 24 | ov_024 | 3.5973857053801056 × 10^368 |
| 23 | ov_023 | 5.8667872031989394 × 10^368 |
| 22 | ov_022 | 8.976714181007652 × 10^368 |
| 21 | ov_021 | 1.3078429667302148 × 10^369 |
| 20 | ov_020 | 1.8492072669841325 × 10^369 |
| 19 | ov_019 | 2.5573045131015097 × 10^369 |
| 18 | ov_018 | 3.4712107907243303 × 10^369 |
| 17 | ov_017 | 4.633552844390101 × 10^369 |
| 16 | ov_016 | 6.090529717683394 × 10^369 |
| 15 | ov_015 | 7.891943227796584 × 10^369 |
| 14 | ov_014 | 1.009123949511155 × 10^370 |
| 13 | ov_013 | 1.2745564007651157 × 10^370 |
| 12 | ov_012 | 1.5915832960091024 × 10^370 |
| 11 | ov_011 | 1.9666823867784165 × 10^370 |
| 10 | ov_010 | 2.4067288718352336 × 10^370 |
| 9 | ov_009 | 2.9154707916887363 × 10^370 |
| 8 | ov_008 | 3.496874949467264 × 10^370 |
| 7 | ov_007 | 4.155137961052359 × 10^370 |
| 6 | ov_006 | 4.8946993011295085 × 10^370 |
| 5 | ov_005 | 5.720256494782833 × 10^370 |
| 4 | ov_004 | 6.636782584536352 × 10^370 |
| 3 | ov_003 | 7.64954601036434 × 10^370 |
| 2 | ov_002 | 8.76940148809311 × 10^370 |
| 1 | ov_001 | 1.000786455588568 × 10^371 |

