# Results for F001-F002-F003-F004-F005-F006-F007-F008-F009-F010-F011-F012-F013-F014-F015-F016-F017-F018-F019-F020-F021-F022-F023-F024-F025-F026-F027-F028-F029-F030-F031-F032-F033-F034-F035-F036-F037-F038-F039-F040-F041-F042-F043-F044-F045-F046-F047-F048-F049-F050-F051-F052-F053-F054-F055-F056-F057-F058-F059-F060-F061-F062-F063-F064-F065-F066-F067-F068-F069-F070-F071-F072-F073-F074-F075-F076-F077-F078-F079-F080-F081-F082-F083-F084-F085-F086-F087-F088-F089-F090-F091-F092-F093-F094-F095-F096-F097-F098-F099-F100-F101-F102-F103-F104-F105-F106-F107-F108-F109-F110-F111-F112-F113-F114-F115-F116-F117-F118-F119-F120-F121-F122-F123-F124-F125-F126-F127-F128-F129-F130-F131-F132-F133-F134-F135-F136-F137-F138-F139-F140-F141-F142-F143-F144-F145-F146-F147-F148-F149-F150-F151-F152-F153-F154-F155-F156-F157-F158-F159-F160-F161-F162-F163-F164-F165-F166-F167-F168-F169-F170-F171-F172-F173-F174-F175-F176-F177-F178-F179-F180-F181-F182-F183-F184-F185-F186-F187-F188-F189-F190-F191-F192-F193-F194-F195-F196-F197-F198-F199-F200-F201-F202-F203-F204-F205-F206-F207-F208-F209-F210-F211-F212-F213-F214-F215-F216-F217-F218-F219-F220-F221-F222-F223-F224-F225-F226-F227-F228-F229-F230-F231-F232-F233-F234-F235-F236-F237-F238-F239-F240-F241-F242-F243-F244-F245-F246-F247-F248-F249-F250-F251-F252-F253-F254-F255-F256-F257-F258-F259-F260-F261-F262-F263-F264-F265-F266-F267-F268-F269-F270-F271-F272-F273-F274-F275-F276-F277-F278-F279-F280-F281-F282-F283-F284-F285-F286-F287-F288-F289-F290-F291-F292-F293-F294-F295-F296-F297-F298-F299-F300-F301-F302-F303-F304-F305-F306-F307-F308-F309-F310-F311-F312-F313-F314-F315-F316-F317-F318-F319-F320-F321-F322-F323-F324-F325-F326-F327-F328-F329-F330-F331-F332-F333-F334-F335-F336-F337-F338-F339-F340-F341-F342-F343-F344-F345-F346-F347-F348-F349-F350-F351-F352-F353-F354-F355-F356-F357-F358-F359-F360-F361-F362-F363-F364-F365-F366-F367-F368-F369-F370-F371-F372-F373-F374-F375-F376-F377-F378-F379-F380-F381-F382-F383-F384-F385-F386-F387-F388-F389-F390-F391-F392-F393-F394-F395-F396-F397-F398-F399-F400-F401-F402-F403-F404-F405-F406-F407-F408-F409-F410-F411-F412-F413-F414-F415-F416-F417-F418-F419-F420-F421-F422-F423-F424-F425-F426-F427-F428-F429-F430-F431-F432-F433-F434-F435-F436-F437-F438-F439-F440-F441-F442-F443-F444-F445-F446-F447-F448-F449-F450-F451-F452-F453-F454-F455-F456-F457-F458-F459-F460-F461-F462-F463-F464-F465-F466-F467-F468-F469-F470-F471-F472-F473-F474-F475-F476-F477-F478-F479-F480-F481-F482-F483-F484-F485-F486-F487-F488-F489-F490-F491-F492-F493-F494-F495-F496-F497-F498-F499-F500-O502511

## Summary

Number of input bits: 512  
Number of free input bits: 11  
Number of output bits: 160

Number of direct occurrences: 44938  
Number of assignments: 31464  
Number of operations: 11229452
(xor: 11200253,
and: 15846,
or: 13353)

Total complexity: 4.430274383089927 × 10^301

Least occurring input variable: iv_505 (3930)  
Most occurring input variable: iv_512 (4377)

Most co-occurring input variables: iv_507-iv_512 (2099)  
Least co-occurring input variables: iv_505-iv_506 (1793)

Potentially most occurring input variable: iv_502/iv_509 (4601)  
Potentially least occurring input variable: iv_506/iv_509 (4149)

Least output occurring input variable: iv_503 (69)  
Most output occurring input variable: iv_506 (82)

Most output co-occurring input variables: iv_506-iv_510 (44)  
Least output co-occurring input variables: iv_503-iv_508 (28)

Potentially most output occurring input variable: iv_504/iv_510 (93)  
Potentially least output occurring input variable: iv_507/iv_509 (67)

Least complex input bit: iv_501 (2.500804204209674 × 10^299)  
Most complex input bit: iv_510 (1.1086487872971376 × 10^301)

Least complex output bit: aaa_76_29 (1.1089023462728877 × 10^276)  
Most complex output bit: ov_001 (6.969643783598334 × 10^300)

Least complex input/output complexity: iv_501/aaa_76_29 (6.259539274140967 × 10^273)  
Most complex input/output complexity: iv_510/ov_001 (1.744110287631924 × 10^300)

## Input Bits

### Input Bits in Regular Order

| Input Bit | Complexity | Occurrences | Output Occurrences |
|:---------:|:----------:|:-----------:|:------------------:|
| iv_501 | 2.500804204209674 × 10^299 | 4091 | 79 |
| iv_502 | 3.742984848324 × 10^300 | 4295 | 72 |
| iv_503 | 7.670585002940883 × 10^299 | 4025 | 69 |
| iv_504 | 1.2320021905529492 × 10^300 | 3934 | 78 |
| iv_505 | 1.9111751065463648 × 10^300 | 3930 | 79 |
| iv_506 | 2.884309259783288 × 10^300 | 3963 | 82 |
| iv_507 | 4.2568048978448284 × 10^300 | 4185 | 75 |
| iv_508 | 6.058716332453426 × 10^300 | 3998 | 70 |
| iv_509 | 8.325062847487356 × 10^300 | 4010 | 78 |
| iv_510 | 1.1086487872971376 × 10^301 | 4130 | 79 |
| iv_512 | 3.788061554220674 × 10^300 | 4377 | 80 |

### Input Bits Sorted by Complexity

| Input Bit | Complexity | Occurrences | Output Occurrences |
|:---------:|:----------:|:-----------:|:------------------:|
| iv_501 | 2.500804204209674 × 10^299 | 4091 | 79 |
| iv_503 | 7.670585002940883 × 10^299 | 4025 | 69 |
| iv_504 | 1.2320021905529492 × 10^300 | 3934 | 78 |
| iv_505 | 1.9111751065463648 × 10^300 | 3930 | 79 |
| iv_506 | 2.884309259783288 × 10^300 | 3963 | 82 |
| iv_502 | 3.742984848324 × 10^300 | 4295 | 72 |
| iv_512 | 3.788061554220674 × 10^300 | 4377 | 80 |
| iv_507 | 4.2568048978448284 × 10^300 | 4185 | 75 |
| iv_508 | 6.058716332453426 × 10^300 | 3998 | 70 |
| iv_509 | 8.325062847487356 × 10^300 | 4010 | 78 |
| iv_510 | 1.1086487872971376 × 10^301 | 4130 | 79 |

### Input Bits Sorted by Occurrences

| Input Bit | Complexity | Occurrences | Output Occurrences |
|:---------:|:----------:|:-----------:|:------------------:|
| iv_505 | 1.9111751065463648 × 10^300 | 3930 | 79 |
| iv_504 | 1.2320021905529492 × 10^300 | 3934 | 78 |
| iv_506 | 2.884309259783288 × 10^300 | 3963 | 82 |
| iv_508 | 6.058716332453426 × 10^300 | 3998 | 70 |
| iv_509 | 8.325062847487356 × 10^300 | 4010 | 78 |
| iv_503 | 7.670585002940883 × 10^299 | 4025 | 69 |
| iv_501 | 2.500804204209674 × 10^299 | 4091 | 79 |
| iv_510 | 1.1086487872971376 × 10^301 | 4130 | 79 |
| iv_507 | 4.2568048978448284 × 10^300 | 4185 | 75 |
| iv_502 | 3.742984848324 × 10^300 | 4295 | 72 |
| iv_512 | 3.788061554220674 × 10^300 | 4377 | 80 |

### Input Bits Sorted by Output Occurrences

| Input Bit | Complexity | Occurrences | Output Occurrences |
|:---------:|:----------:|:-----------:|:------------------:|
| iv_503 | 7.670585002940883 × 10^299 | 4025 | 69 |
| iv_508 | 6.058716332453426 × 10^300 | 3998 | 70 |
| iv_502 | 3.742984848324 × 10^300 | 4295 | 72 |
| iv_507 | 4.2568048978448284 × 10^300 | 4185 | 75 |
| iv_504 | 1.2320021905529492 × 10^300 | 3934 | 78 |
| iv_509 | 8.325062847487356 × 10^300 | 4010 | 78 |
| iv_501 | 2.500804204209674 × 10^299 | 4091 | 79 |
| iv_505 | 1.9111751065463648 × 10^300 | 3930 | 79 |
| iv_510 | 1.1086487872971376 × 10^301 | 4130 | 79 |
| iv_512 | 3.788061554220674 × 10^300 | 4377 | 80 |
| iv_506 | 2.884309259783288 × 10^300 | 3963 | 82 |

## Input Bit Co-occurrences

### Input Bit Co-occurrences Sorted by Co-occurrences

| Input Bits | Co-occurrences | Potential Occurrences | Output Co-occurrences | Potential Output Occurrences |
|:----------:|:--------------:|:---------------------:|:---------------------:|:----------------------------:|
| iv_507-iv_512 | 2099 | 4364 | 40 | 75 |
| iv_510-iv_512 | 2085 | 4337 | 42 | 75 |
| iv_501-iv_512 | 2073 | 4322 | 37 | 85 |
| iv_503-iv_512 | 2045 | 4312 | 34 | 81 |
| iv_502-iv_512 | 2040 | 4592 | 37 | 78 |
| iv_507-iv_510 | 2038 | 4239 | 40 | 74 |
| iv_508-iv_512 | 2032 | 4311 | 32 | 86 |
| iv_502-iv_507 | 2019 | 4442 | 35 | 77 |
| iv_501-iv_510 | 2014 | 4193 | 42 | 74 |
| iv_507-iv_508 | 2006 | 4171 | 32 | 81 |
| iv_509-iv_512 | 2003 | 4381 | 37 | 84 |

### Input Bit Co-occurrences Sorted by Potential Occurrences

| Input Bits | Co-occurrences | Potential Occurrences | Output Co-occurrences | Potential Output Occurrences |
|:----------:|:--------------:|:---------------------:|:---------------------:|:----------------------------:|
| iv_506-iv_509 | 1912 | 4149 | 43 | 74 |
| iv_503-iv_506 | 1916 | 4156 | 37 | 77 |
| iv_504-iv_506 | 1869 | 4159 | 42 | 76 |
| iv_508-iv_509 | 1923 | 4162 | 35 | 78 |
| iv_506-iv_507 | 1991 | 4166 | 38 | 81 |
| iv_506-iv_508 | 1897 | 4167 | 37 | 78 |
| iv_507-iv_508 | 2006 | 4171 | 32 | 81 |
| iv_504-iv_505 | 1843 | 4178 | 41 | 75 |
| iv_501-iv_510 | 2014 | 4193 | 42 | 74 |
| iv_501-iv_508 | 1946 | 4197 | 34 | 81 |
| iv_501-iv_505 | 1910 | 4201 | 36 | 86 |

### Input Bit Output Co-occurrences Sorted by Output Co-occurrences

| Input Bits | Co-occurrences | Potential Occurrences | Output Co-occurrences | Potential Output Occurrences |
|:----------:|:--------------:|:---------------------:|:---------------------:|:----------------------------:|
| iv_506-iv_510 | 1943 | 4207 | 44 | 73 |
| iv_506-iv_509 | 1912 | 4149 | 43 | 74 |
| iv_507-iv_509 | 1971 | 4253 | 43 | 67 |
| iv_501-iv_510 | 2014 | 4193 | 42 | 74 |
| iv_504-iv_506 | 1869 | 4159 | 42 | 76 |
| iv_510-iv_512 | 2085 | 4337 | 42 | 75 |
| iv_501-iv_509 | 1937 | 4227 | 41 | 75 |
| iv_504-iv_505 | 1843 | 4178 | 41 | 75 |
| iv_504-iv_509 | 1848 | 4248 | 40 | 76 |
| iv_501-iv_507 | 1986 | 4304 | 40 | 74 |
| iv_507-iv_510 | 2038 | 4239 | 40 | 74 |

### Input Bit Output Co-occurrences Sorted by Potential Output Occurrences

| Input Bits | Co-occurrences | Potential Occurrences | Output Co-occurrences | Potential Output Occurrences |
|:----------:|:--------------:|:---------------------:|:---------------------:|:----------------------------:|
| iv_507-iv_509 | 1971 | 4253 | 43 | 67 |
| iv_503-iv_504 | 1847 | 4265 | 38 | 71 |
| iv_506-iv_510 | 1943 | 4207 | 44 | 73 |
| iv_502-iv_504 | 1922 | 4385 | 38 | 74 |
| iv_502-iv_508 | 1969 | 4355 | 34 | 74 |
| iv_504-iv_508 | 1860 | 4212 | 37 | 74 |
| iv_501-iv_507 | 1986 | 4304 | 40 | 74 |
| iv_501-iv_510 | 2014 | 4193 | 42 | 74 |
| iv_507-iv_510 | 2038 | 4239 | 40 | 74 |
| iv_506-iv_509 | 1912 | 4149 | 43 | 74 |
| iv_501-iv_509 | 1937 | 4227 | 41 | 75 |

## Output Bits

### Output Bits in Regular Order

| Rank | Output Bit | Complexity |
|:----:|:----------:|:----------:|
| 1 | ov_001 | 6.969643783598334 × 10^300 |
| 2 | ov_002 | 6.062697272414341 × 10^300 |
| 3 | ov_003 | 5.245821024206904 × 10^300 |
| 4 | ov_004 | 4.51539209090707 × 10^300 |
| 5 | ov_005 | 3.864754564383825 × 10^300 |
| 6 | ov_006 | 3.287613785981244 × 10^300 |
| 7 | ov_007 | 2.7780125611838478 × 10^300 |
| 8 | ov_008 | 2.330310483673254 × 10^300 |
| 9 | ov_009 | 1.9391660467888067 × 10^300 |
| 10 | ov_010 | 1.5995212547352093 × 10^300 |
| 11 | ov_011 | 1.3065885125753168 × 10^300 |
| 12 | ov_012 | 1.0558396223736274 × 10^300 |
| 13 | ov_013 | 8.429966950838911 × 10^299 |
| 14 | ov_014 | 6.640247548149505 × 10^299 |
| 15 | ov_015 | 5.151258118471059 × 10^299 |
| 16 | ov_016 | 3.927341963133323 × 10^299 |
| 17 | ov_017 | 2.9351295990659798 × 10^299 |
| 18 | ov_018 | 2.1435116835836307 × 10^299 |
| 19 | ov_019 | 1.5236192277785006 × 10^299 |
| 20 | ov_020 | 1.0488096326327777 × 10^299 |
| 21 | ov_021 | 6.946572350538097 × 10^298 |
| 22 | ov_022 | 4.389472040607972 × 10^298 |
| 23 | ov_023 | 2.6167178034178174 × 10^298 |
| 24 | ov_024 | 1.4502803961332713 × 10^298 |
| 25 | ov_025 | 7.34166063445271 × 10^297 |
| 26 | ov_026 | 3.34409618529721 × 10^297 |
| 27 | ov_027 | 1.3907110418739947 × 10^297 |
| 28 | ov_028 | 5.823439112503496 × 10^296 |
| 29 | ov_029 | 2.400668868395484 × 10^296 |
| 30 | ov_030 | 7.947408597552641 × 10^295 |
| 31 | ov_031 | 1.92568214310676 × 10^295 |
| 32 | lv_80_k31 | 4.6646595816061597 × 10^294 |
| 33 | ov_033 | 5.670095193937927 × 10^295 |
| 34 | ov_034 | 4.930671766098372 × 10^295 |
| 35 | ov_035 | 4.2682254832298946 × 10^295 |
| 36 | ov_036 | 3.6767161211616623 × 10^295 |
| 37 | ov_037 | 3.1504318526220977 × 10^295 |
| 38 | ov_038 | 2.6839658944308767 × 10^295 |
| 39 | ov_039 | 2.2721962543616871 × 10^295 |
| 40 | ov_040 | 1.910268292018972 × 10^295 |
| 41 | ov_041 | 1.5935798223273247 × 10^295 |
| 42 | ov_042 | 1.317768504250593 × 10^295 |
| 43 | ov_043 | 1.078701271188255 × 10^295 |
| 44 | ov_044 | 8.724655731719457 × 10^294 |
| 45 | ov_045 | 6.953622145284025 × 10^294 |
| 46 | ov_046 | 5.455941338695236 × 10^294 |
| 47 | ov_047 | 4.214667814316617 × 10^294 |
| 48 | ov_048 | 3.1989104145930433 × 10^294 |
| 49 | ov_049 | 2.3797459932350266 × 10^294 |
| 50 | ov_050 | 1.7301997858378063 × 10^294 |
| 51 | ov_051 | 1.2252315475855172 × 10^294 |
| 52 | ov_052 | 8.417262199527745 × 10^293 |
| 53 | ov_053 | 5.584880187972021 × 10^293 |
| 54 | ov_054 | 3.5623696655953743 × 10^293 |
| 55 | ov_055 | 2.176070215107828 × 10^293 |
| 56 | ov_056 | 1.2714511569131016 × 10^293 |
| 57 | ov_057 | 7.131064121652672 × 10^292 |
| 58 | ov_058 | 3.8475161508426665 × 10^292 |
| 59 | ov_059 | 1.892225785322706 × 10^292 |
| 60 | ov_060 | 8.271712818104452 × 10^291 |
| 61 | ov_061 | 3.0992725805102296 × 10^291 |
| 62 | ov_062 | 9.366405687702155 × 10^290 |
| 63 | ov_063 | 2.0726916235034437 × 10^290 |
| 64 | lv_79_m31 | 4.0401111996032968 × 10^289 |
| 65 | ov_065 | 4.807508341080127 × 10^290 |
| 66 | ov_066 | 4.807498571139691 × 10^290 |
| 67 | ov_067 | 4.8074955094494885 × 10^290 |
| 68 | ov_068 | 4.165428461250528 × 10^290 |
| 69 | ov_069 | 3.589979854038255 × 10^290 |
| 70 | ov_070 | 3.076259852300469 × 10^290 |
| 71 | ov_071 | 2.6196127089234543 × 10^290 |
| 72 | ov_072 | 2.215601588863772 × 10^290 |
| 73 | ov_073 | 1.8599963817084603 × 10^290 |
| 74 | ov_074 | 1.54876407290207 × 10^290 |
| 75 | ov_075 | 1.2780612660661876 × 10^290 |
| 76 | ov_076 | 1.044228470616372 × 10^290 |
| 77 | ov_077 | 8.437857899498939 × 10^289 |
| 78 | ov_078 | 6.734296659724389 × 10^289 |
| 79 | ov_079 | 5.300303557716907 × 10^289 |
| 80 | ov_080 | 4.1062986796496273 × 10^289 |
| 81 | ov_081 | 3.124401993889965 × 10^289 |
| 82 | ov_082 | 2.328418186229258 × 10^289 |
| 83 | ov_083 | 1.6938237735489227 × 10^289 |
| 84 | ov_084 | 1.1977563066433827 × 10^289 |
| 85 | ov_085 | 8.190054732902162 × 10^288 |
| 86 | ov_086 | 5.380059128656824 × 10^288 |
| 87 | ov_087 | 3.3683155391552844 × 10^288 |
| 88 | ov_088 | 1.9919128615208985 × 10^288 |
| 89 | ov_089 | 1.1042577838391074 × 10^288 |
| 90 | ov_090 | 5.750525390462789 × 10^287 |
| 91 | ov_091 | 2.902803487951113 × 10^287 |
| 92 | ov_092 | 1.5219668859105134 × 10^287 |
| 93 | ov_093 | 7.932459894000904 × 10^286 |
| 94 | ov_094 | 3.4992105061639395 × 10^286 |
| 95 | aaa_78_28 | 1.1067028639240834 × 10^286 |
| 96 | aaa_78_29 | 4.090279425223453 × 10^285 |
| 97 | ov_097 | 3.4265361374331334 × 10^285 |
| 98 | ov_098 | 3.426505028036576 × 10^285 |
| 99 | ov_099 | 3.426495091795084 × 10^285 |
| 100 | ov_100 | 2.8437374776757856 × 10^285 |
| 101 | ov_101 | 2.3411915659358245 × 10^285 |
| 102 | ov_102 | 1.911206279102825 × 10^285 |
| 103 | ov_103 | 1.5465502761480443 × 10^285 |
| 104 | ov_104 | 1.24038125579375 × 10^285 |
| 105 | ov_105 | 9.862192510887514 × 10^284 |
| 106 | ov_106 | 7.779235516808411 × 10^284 |
| 107 | ov_107 | 6.096729096223133 × 10^284 |
| 108 | ov_108 | 4.759487031607968 × 10^284 |
| 109 | ov_109 | 3.715207509311157 × 10^284 |
| 110 | ov_110 | 2.9143548639590734 × 10^284 |
| 111 | ov_111 | 2.3100621938889874 × 10^284 |
| 112 | ov_112 | 1.858052282865389 × 10^284 |
| 113 | ov_113 | 1.516574427480222 × 10^284 |
| 114 | ov_114 | 1.2463549318447039 × 10^284 |
| 115 | ov_115 | 1.0105591919784265 × 10^284 |
| 116 | ov_116 | 8.067966900859893 × 10^283 |
| 117 | ov_117 | 6.326909254015251 × 10^283 |
| 118 | ov_118 | 4.858745422019783 × 10^283 |
| 119 | ov_119 | 3.639857408532304 × 10^283 |
| 120 | ov_120 | 2.6466581358661354 × 10^283 |
| 121 | ov_121 | 1.8555764673448362 × 10^283 |
| 122 | ov_122 | 1.2430495981645545 × 10^283 |
| 123 | ov_123 | 7.855194873126876 × 10^282 |
| 124 | ov_124 | 4.5943078137660595 × 10^282 |
| 125 | ov_125 | 2.4122945304847698 × 10^282 |
| 126 | ov_126 | 1.073620186140704 × 10^282 |
| 127 | aaa_77_28 | 3.427516791782089 × 10^281 |
| 128 | aaa_77_29 | 1.2845262808361527 × 10^281 |
| 129 | ov_129 | 1.1834901806184345 × 10^281 |
| 130 | ov_130 | 1.1834874846243303 × 10^281 |
| 131 | ov_131 | 1.183486619305146 × 10^281 |
| 132 | ov_132 | 1.0250501309014695 × 10^281 |
| 133 | ov_133 | 8.83211646300732 × 10^280 |
| 134 | ov_134 | 7.567055337339366 × 10^280 |
| 135 | ov_135 | 6.4433639801561415 × 10^280 |
| 136 | ov_136 | 5.449739830903517 × 10^280 |
| 137 | ov_137 | 4.575487341060164 × 10^280 |
| 138 | ov_138 | 3.8104796242750613 × 10^280 |
| 139 | ov_139 | 3.145125562017751 × 10^280 |
| 140 | ov_140 | 2.5703418215914475 × 10^280 |
| 141 | ov_141 | 2.07752927320854 × 10^280 |
| 142 | ov_142 | 1.6585533219721957 × 10^280 |
| 143 | ov_143 | 1.3057276992057746 × 10^280 |
| 144 | ov_144 | 1.0118012857575015 × 10^280 |
| 145 | ov_145 | 7.699475677919058 × 10^279 |
| 146 | ov_146 | 5.737563532511609 × 10^279 |
| 147 | ov_147 | 4.172274046982673 × 10^279 |
| 148 | ov_148 | 2.947656716921334 × 10^279 |
| 149 | ov_149 | 2.0117783322855677 × 10^279 |
| 150 | ov_150 | 1.316698881343335 × 10^279 |
| 151 | ov_151 | 8.184555863774024 × 10^278 |
| 152 | ov_152 | 4.7705299664649935 × 10^278 |
| 153 | ov_153 | 2.5645733729620465 × 10^278 |
| 154 | ov_154 | 1.2459358607958382 × 10^278 |
| 155 | ov_155 | 5.33440626150829 × 10^277 |
| 156 | aaa_76_25 | 1.8547768810870687 × 10^277 |
| 157 | aaa_76_26 | 1.141253279615746 × 10^277 |
| 158 | aaa_76_27 | 6.255339574643744 × 10^276 |
| 159 | aaa_76_28 | 2.9465623689612576 × 10^276 |
| 160 | aaa_76_29 | 1.1089023462728877 × 10^276 |

### Output Bits Sorted by Complexity

| Rank | Output Bit | Complexity |
|:----:|:----------:|:----------:|
| 160 | aaa_76_29 | 1.1089023462728877 × 10^276 |
| 159 | aaa_76_28 | 2.9465623689612576 × 10^276 |
| 158 | aaa_76_27 | 6.255339574643744 × 10^276 |
| 157 | aaa_76_26 | 1.141253279615746 × 10^277 |
| 156 | aaa_76_25 | 1.8547768810870687 × 10^277 |
| 155 | ov_155 | 5.33440626150829 × 10^277 |
| 154 | ov_154 | 1.2459358607958382 × 10^278 |
| 153 | ov_153 | 2.5645733729620465 × 10^278 |
| 152 | ov_152 | 4.7705299664649935 × 10^278 |
| 151 | ov_151 | 8.184555863774024 × 10^278 |
| 150 | ov_150 | 1.316698881343335 × 10^279 |
| 149 | ov_149 | 2.0117783322855677 × 10^279 |
| 148 | ov_148 | 2.947656716921334 × 10^279 |
| 147 | ov_147 | 4.172274046982673 × 10^279 |
| 146 | ov_146 | 5.737563532511609 × 10^279 |
| 145 | ov_145 | 7.699475677919058 × 10^279 |
| 144 | ov_144 | 1.0118012857575015 × 10^280 |
| 143 | ov_143 | 1.3057276992057746 × 10^280 |
| 142 | ov_142 | 1.6585533219721957 × 10^280 |
| 141 | ov_141 | 2.07752927320854 × 10^280 |
| 140 | ov_140 | 2.5703418215914475 × 10^280 |
| 139 | ov_139 | 3.145125562017751 × 10^280 |
| 138 | ov_138 | 3.8104796242750613 × 10^280 |
| 137 | ov_137 | 4.575487341060164 × 10^280 |
| 136 | ov_136 | 5.449739830903517 × 10^280 |
| 135 | ov_135 | 6.4433639801561415 × 10^280 |
| 134 | ov_134 | 7.567055337339366 × 10^280 |
| 133 | ov_133 | 8.83211646300732 × 10^280 |
| 132 | ov_132 | 1.0250501309014695 × 10^281 |
| 131 | ov_131 | 1.183486619305146 × 10^281 |
| 130 | ov_130 | 1.1834874846243303 × 10^281 |
| 129 | ov_129 | 1.1834901806184345 × 10^281 |
| 128 | aaa_77_29 | 1.2845262808361527 × 10^281 |
| 127 | aaa_77_28 | 3.427516791782089 × 10^281 |
| 126 | ov_126 | 1.073620186140704 × 10^282 |
| 125 | ov_125 | 2.4122945304847698 × 10^282 |
| 124 | ov_124 | 4.5943078137660595 × 10^282 |
| 123 | ov_123 | 7.855194873126876 × 10^282 |
| 122 | ov_122 | 1.2430495981645545 × 10^283 |
| 121 | ov_121 | 1.8555764673448362 × 10^283 |
| 120 | ov_120 | 2.6466581358661354 × 10^283 |
| 119 | ov_119 | 3.639857408532304 × 10^283 |
| 118 | ov_118 | 4.858745422019783 × 10^283 |
| 117 | ov_117 | 6.326909254015251 × 10^283 |
| 116 | ov_116 | 8.067966900859893 × 10^283 |
| 115 | ov_115 | 1.0105591919784265 × 10^284 |
| 114 | ov_114 | 1.2463549318447039 × 10^284 |
| 113 | ov_113 | 1.516574427480222 × 10^284 |
| 112 | ov_112 | 1.858052282865389 × 10^284 |
| 111 | ov_111 | 2.3100621938889874 × 10^284 |
| 110 | ov_110 | 2.9143548639590734 × 10^284 |
| 109 | ov_109 | 3.715207509311157 × 10^284 |
| 108 | ov_108 | 4.759487031607968 × 10^284 |
| 107 | ov_107 | 6.096729096223133 × 10^284 |
| 106 | ov_106 | 7.779235516808411 × 10^284 |
| 105 | ov_105 | 9.862192510887514 × 10^284 |
| 104 | ov_104 | 1.24038125579375 × 10^285 |
| 103 | ov_103 | 1.5465502761480443 × 10^285 |
| 102 | ov_102 | 1.911206279102825 × 10^285 |
| 101 | ov_101 | 2.3411915659358245 × 10^285 |
| 100 | ov_100 | 2.8437374776757856 × 10^285 |
| 99 | ov_099 | 3.426495091795084 × 10^285 |
| 98 | ov_098 | 3.426505028036576 × 10^285 |
| 97 | ov_097 | 3.4265361374331334 × 10^285 |
| 96 | aaa_78_29 | 4.090279425223453 × 10^285 |
| 95 | aaa_78_28 | 1.1067028639240834 × 10^286 |
| 94 | ov_094 | 3.4992105061639395 × 10^286 |
| 93 | ov_093 | 7.932459894000904 × 10^286 |
| 92 | ov_092 | 1.5219668859105134 × 10^287 |
| 91 | ov_091 | 2.902803487951113 × 10^287 |
| 90 | ov_090 | 5.750525390462789 × 10^287 |
| 89 | ov_089 | 1.1042577838391074 × 10^288 |
| 88 | ov_088 | 1.9919128615208985 × 10^288 |
| 87 | ov_087 | 3.3683155391552844 × 10^288 |
| 86 | ov_086 | 5.380059128656824 × 10^288 |
| 85 | ov_085 | 8.190054732902162 × 10^288 |
| 84 | ov_084 | 1.1977563066433827 × 10^289 |
| 83 | ov_083 | 1.6938237735489227 × 10^289 |
| 82 | ov_082 | 2.328418186229258 × 10^289 |
| 81 | ov_081 | 3.124401993889965 × 10^289 |
| 64 | lv_79_m31 | 4.0401111996032968 × 10^289 |
| 80 | ov_080 | 4.1062986796496273 × 10^289 |
| 79 | ov_079 | 5.300303557716907 × 10^289 |
| 78 | ov_078 | 6.734296659724389 × 10^289 |
| 77 | ov_077 | 8.437857899498939 × 10^289 |
| 76 | ov_076 | 1.044228470616372 × 10^290 |
| 75 | ov_075 | 1.2780612660661876 × 10^290 |
| 74 | ov_074 | 1.54876407290207 × 10^290 |
| 73 | ov_073 | 1.8599963817084603 × 10^290 |
| 63 | ov_063 | 2.0726916235034437 × 10^290 |
| 72 | ov_072 | 2.215601588863772 × 10^290 |
| 71 | ov_071 | 2.6196127089234543 × 10^290 |
| 70 | ov_070 | 3.076259852300469 × 10^290 |
| 69 | ov_069 | 3.589979854038255 × 10^290 |
| 68 | ov_068 | 4.165428461250528 × 10^290 |
| 67 | ov_067 | 4.8074955094494885 × 10^290 |
| 66 | ov_066 | 4.807498571139691 × 10^290 |
| 65 | ov_065 | 4.807508341080127 × 10^290 |
| 62 | ov_062 | 9.366405687702155 × 10^290 |
| 61 | ov_061 | 3.0992725805102296 × 10^291 |
| 60 | ov_060 | 8.271712818104452 × 10^291 |
| 59 | ov_059 | 1.892225785322706 × 10^292 |
| 58 | ov_058 | 3.8475161508426665 × 10^292 |
| 57 | ov_057 | 7.131064121652672 × 10^292 |
| 56 | ov_056 | 1.2714511569131016 × 10^293 |
| 55 | ov_055 | 2.176070215107828 × 10^293 |
| 54 | ov_054 | 3.5623696655953743 × 10^293 |
| 53 | ov_053 | 5.584880187972021 × 10^293 |
| 52 | ov_052 | 8.417262199527745 × 10^293 |
| 51 | ov_051 | 1.2252315475855172 × 10^294 |
| 50 | ov_050 | 1.7301997858378063 × 10^294 |
| 49 | ov_049 | 2.3797459932350266 × 10^294 |
| 48 | ov_048 | 3.1989104145930433 × 10^294 |
| 47 | ov_047 | 4.214667814316617 × 10^294 |
| 32 | lv_80_k31 | 4.6646595816061597 × 10^294 |
| 46 | ov_046 | 5.455941338695236 × 10^294 |
| 45 | ov_045 | 6.953622145284025 × 10^294 |
| 44 | ov_044 | 8.724655731719457 × 10^294 |
| 43 | ov_043 | 1.078701271188255 × 10^295 |
| 42 | ov_042 | 1.317768504250593 × 10^295 |
| 41 | ov_041 | 1.5935798223273247 × 10^295 |
| 40 | ov_040 | 1.910268292018972 × 10^295 |
| 31 | ov_031 | 1.92568214310676 × 10^295 |
| 39 | ov_039 | 2.2721962543616871 × 10^295 |
| 38 | ov_038 | 2.6839658944308767 × 10^295 |
| 37 | ov_037 | 3.1504318526220977 × 10^295 |
| 36 | ov_036 | 3.6767161211616623 × 10^295 |
| 35 | ov_035 | 4.2682254832298946 × 10^295 |
| 34 | ov_034 | 4.930671766098372 × 10^295 |
| 33 | ov_033 | 5.670095193937927 × 10^295 |
| 30 | ov_030 | 7.947408597552641 × 10^295 |
| 29 | ov_029 | 2.400668868395484 × 10^296 |
| 28 | ov_028 | 5.823439112503496 × 10^296 |
| 27 | ov_027 | 1.3907110418739947 × 10^297 |
| 26 | ov_026 | 3.34409618529721 × 10^297 |
| 25 | ov_025 | 7.34166063445271 × 10^297 |
| 24 | ov_024 | 1.4502803961332713 × 10^298 |
| 23 | ov_023 | 2.6167178034178174 × 10^298 |
| 22 | ov_022 | 4.389472040607972 × 10^298 |
| 21 | ov_021 | 6.946572350538097 × 10^298 |
| 20 | ov_020 | 1.0488096326327777 × 10^299 |
| 19 | ov_019 | 1.5236192277785006 × 10^299 |
| 18 | ov_018 | 2.1435116835836307 × 10^299 |
| 17 | ov_017 | 2.9351295990659798 × 10^299 |
| 16 | ov_016 | 3.927341963133323 × 10^299 |
| 15 | ov_015 | 5.151258118471059 × 10^299 |
| 14 | ov_014 | 6.640247548149505 × 10^299 |
| 13 | ov_013 | 8.429966950838911 × 10^299 |
| 12 | ov_012 | 1.0558396223736274 × 10^300 |
| 11 | ov_011 | 1.3065885125753168 × 10^300 |
| 10 | ov_010 | 1.5995212547352093 × 10^300 |
| 9 | ov_009 | 1.9391660467888067 × 10^300 |
| 8 | ov_008 | 2.330310483673254 × 10^300 |
| 7 | ov_007 | 2.7780125611838478 × 10^300 |
| 6 | ov_006 | 3.287613785981244 × 10^300 |
| 5 | ov_005 | 3.864754564383825 × 10^300 |
| 4 | ov_004 | 4.51539209090707 × 10^300 |
| 3 | ov_003 | 5.245821024206904 × 10^300 |
| 2 | ov_002 | 6.062697272414341 × 10^300 |
| 1 | ov_001 | 6.969643783598334 × 10^300 |

