# Results for F001-F002-F003-F004-F005-F006-F007-F008-F009-F010-F011-F012-F013-F014-F015-F016-F017-F018-F019-F020-F021-F022-F023-F024-F025-F026-F027-F028-F029-F030-F031-F032-F033-F034-F035-F036-F037-F038-F039-F040-F041-F042-F043-F044-F045-F046-F047-F048-F049-F050-F051-F052-F053-F054-F055-F056-F057-F058-F059-F060-F061-F062-F063-F064-F065-F066-F067-F068-F069-F070-F071-F072-F073-F074-F075-F076-F077-F078-F079-F080-F081-F082-F083-F084-F085-F086-F087-F088-F089-F090-F091-F092-F093-F094-F095-F096-F097-F098-F099-F100-F101-F102-F103-F104-F105-F106-F107-F108-F109-F110-F111-F112-F113-F114-F115-F116-F117-F118-F119-F120-F121-F122-F123-F124-F125-F126-F127-F128-F129-F130-F131-F132-F133-F134-F135-F136-F137-F138-F139-F140-F141-F142-F143-F144-F145-F146-F147-F148-F149-F150-F151-F152-F153-F154-F155-F156-F157-F158-F159-F160-F161-F162-F163-F164-F165-F166-F167-F168-F169-F170-F171-F172-F173-F174-F175-F176-F177-F178-F179-F180-F181-F182-F183-F184-F185-F186-F187-F188-F189-F190-F191-F192-F193-F194-F195-F196-F197-F198-F199-F200-F201-F202-F203-F204-F205-F206-F207-F208-F209-F210-F211-F212-F213-F214-F215-F216-F217-F218-F219-F220-F221-F222-F223-F224-F225-F226-F227-F228-F229-F230-F231-F232-F233-F234-F235-F236-F237-F238-F239-F240-F241-F242-F243-F244-F245-F246-F247-F248-F249-F250-F251-F252-F253-F254-F255-F256-F257-F258-F259-F260-F261-F262-F263-F264-F265-F266-F267-F268-F269-F270-F271-F272-F273-F274-F275-F276-F277-F278-F279-F280-F281-F282-F283-F284-F285-F286-F287-F288-F289-F290-F291-F292-F293-F294-F295-F296-F297-F298-F299-F300-F301-F302-F303-F304-F305-F306-F307-F308-F309-F310-F311-F312-F313-F314-F315-F316-F317-F318-F319-F320-F321-F322-F323-F324-F325-F326-F327-F328-F329-F330-F331-F332-F333-F334-F335-F336-F337-F338-F339-F340-F341-F342-F343-F344-F345-F346-F347-F348-F349-F350-F351-F352-F353-F354-F355-F356-F357-F358-F359-F360-F361-F362-F363-F364-F365-F366-F367-F368-F369-F370-F371-F372-F373-F374-F375-F376-F377-F378-F379-F380-F381-F382-F383-F384-F385-F386-F387-F388-F389-F390-F391-F392-F393-F394-F395-F396-F397-F398-F399-F400-F401-F402-F403-F404-F405-F406-F407-F408-F409-F410-F411-F412-F413-F414-F415-F416-F417-F418-F419-F420-F421-F422-F423-F424-F425-F426-F427-F428-F429-F430-F431-F432-F433-F434-F435-F436-F437-F438-F439-F440-F441-F442-F443-F444-F445-F446-F447-F448-F449-F450-F451-F452-F453-F454-F455-F456-F457-F458-F459-F460-F461-F462-F463-F464-F465-F466-F467-F468-F469-F470-F471-F472-F473-F474-F475-F476-F477-F478-F479-F480-F481-F482-F483-F484-F485-F486-F487-F488-F489-F490-F491-F492-F493-F494-F495-F496-F501-F508-F509-F510-F512

## Summary

Number of input bits: 512  
Number of free input bits: 11  
Number of output bits: 160

Number of direct occurrences: 44719  
Number of assignments: 31258  
Number of operations: 11102549
(xor: 11074313,
and: 14968,
or: 13268)

Total complexity: 1.3732668829234089 × 10^299

Least occurring input variable: iv_502 (3897)  
Most occurring input variable: iv_511 (4347)

Most co-occurring input variables: iv_500-iv_511 (2081)  
Least co-occurring input variables: iv_498-iv_502 (1767)

Potentially most occurring input variable: iv_498/iv_511 (4496)  
Potentially least occurring input variable: iv_499/iv_504 (4183)

Least output occurring input variable: iv_500 (76)  
Most output occurring input variable: iv_497 (93)

Most output co-occurring input variables: iv_497-iv_506 (57)  
Least output co-occurring input variables: iv_504-iv_505 (36)

Potentially most output occurring input variable: iv_498/iv_505 (94)  
Potentially least output occurring input variable: iv_497/iv_504 (71)

Least complex input bit: iv_511 (5.357552297112122 × 10^293)  
Most complex input bit: iv_505 (4.237614156067408 × 10^298)

Least complex output bit: aaa_76_29 (2.9520610325850925 × 10^274)  
Most complex output bit: ov_001 (2.147092185212685 × 10^298)

Least complex input/output complexity: iv_511/aaa_76_29 (1.1516932042133529 × 10^269)  
Most complex input/output complexity: iv_505/ov_001 (6.625477066096572 × 10^297)

## Input Bits

### Input Bits in Regular Order

| Input Bit | Complexity | Occurrences | Output Occurrences |
|:---------:|:----------:|:-----------:|:------------------:|
| iv_497 | 8.417917096667593 × 10^296 | 4151 | 93 |
| iv_498 | 1.6851520120934683 × 10^297 | 3943 | 88 |
| iv_499 | 2.9783804617305268 × 10^297 | 3974 | 81 |
| iv_500 | 5.022050137005671 × 10^297 | 4124 | 76 |
| iv_502 | 1.333957728944458 × 10^298 | 3897 | 82 |
| iv_503 | 2.1144808441786638 × 10^298 | 4064 | 79 |
| iv_504 | 3.2889614252712476 × 10^298 | 3943 | 78 |
| iv_505 | 4.237614156067408 × 10^298 | 3988 | 82 |
| iv_506 | 7.865051453200806 × 10^297 | 4124 | 93 |
| iv_507 | 9.183585218796205 × 10^297 | 4164 | 87 |
| iv_511 | 5.357552297112122 × 10^293 | 4347 | 80 |

### Input Bits Sorted by Complexity

| Input Bit | Complexity | Occurrences | Output Occurrences |
|:---------:|:----------:|:-----------:|:------------------:|
| iv_511 | 5.357552297112122 × 10^293 | 4347 | 80 |
| iv_497 | 8.417917096667593 × 10^296 | 4151 | 93 |
| iv_498 | 1.6851520120934683 × 10^297 | 3943 | 88 |
| iv_499 | 2.9783804617305268 × 10^297 | 3974 | 81 |
| iv_500 | 5.022050137005671 × 10^297 | 4124 | 76 |
| iv_506 | 7.865051453200806 × 10^297 | 4124 | 93 |
| iv_507 | 9.183585218796205 × 10^297 | 4164 | 87 |
| iv_502 | 1.333957728944458 × 10^298 | 3897 | 82 |
| iv_503 | 2.1144808441786638 × 10^298 | 4064 | 79 |
| iv_504 | 3.2889614252712476 × 10^298 | 3943 | 78 |
| iv_505 | 4.237614156067408 × 10^298 | 3988 | 82 |

### Input Bits Sorted by Occurrences

| Input Bit | Complexity | Occurrences | Output Occurrences |
|:---------:|:----------:|:-----------:|:------------------:|
| iv_502 | 1.333957728944458 × 10^298 | 3897 | 82 |
| iv_504 | 3.2889614252712476 × 10^298 | 3943 | 78 |
| iv_498 | 1.6851520120934683 × 10^297 | 3943 | 88 |
| iv_499 | 2.9783804617305268 × 10^297 | 3974 | 81 |
| iv_505 | 4.237614156067408 × 10^298 | 3988 | 82 |
| iv_503 | 2.1144808441786638 × 10^298 | 4064 | 79 |
| iv_500 | 5.022050137005671 × 10^297 | 4124 | 76 |
| iv_506 | 7.865051453200806 × 10^297 | 4124 | 93 |
| iv_497 | 8.417917096667593 × 10^296 | 4151 | 93 |
| iv_507 | 9.183585218796205 × 10^297 | 4164 | 87 |
| iv_511 | 5.357552297112122 × 10^293 | 4347 | 80 |

### Input Bits Sorted by Output Occurrences

| Input Bit | Complexity | Occurrences | Output Occurrences |
|:---------:|:----------:|:-----------:|:------------------:|
| iv_500 | 5.022050137005671 × 10^297 | 4124 | 76 |
| iv_504 | 3.2889614252712476 × 10^298 | 3943 | 78 |
| iv_503 | 2.1144808441786638 × 10^298 | 4064 | 79 |
| iv_511 | 5.357552297112122 × 10^293 | 4347 | 80 |
| iv_499 | 2.9783804617305268 × 10^297 | 3974 | 81 |
| iv_502 | 1.333957728944458 × 10^298 | 3897 | 82 |
| iv_505 | 4.237614156067408 × 10^298 | 3988 | 82 |
| iv_507 | 9.183585218796205 × 10^297 | 4164 | 87 |
| iv_498 | 1.6851520120934683 × 10^297 | 3943 | 88 |
| iv_506 | 7.865051453200806 × 10^297 | 4124 | 93 |
| iv_497 | 8.417917096667593 × 10^296 | 4151 | 93 |

## Input Bit Co-occurrences

### Input Bit Co-occurrences Sorted by Co-occurrences

| Input Bits | Co-occurrences | Potential Occurrences | Output Co-occurrences | Potential Output Occurrences |
|:----------:|:--------------:|:---------------------:|:---------------------:|:----------------------------:|
| iv_500-iv_511 | 2081 | 4309 | 38 | 80 |
| iv_507-iv_511 | 2037 | 4437 | 45 | 77 |
| iv_506-iv_511 | 2030 | 4411 | 40 | 93 |
| iv_503-iv_511 | 2029 | 4353 | 41 | 77 |
| iv_497-iv_511 | 2009 | 4480 | 47 | 79 |
| iv_500-iv_506 | 1998 | 4252 | 45 | 79 |
| iv_500-iv_503 | 1988 | 4212 | 41 | 73 |
| iv_497-iv_500 | 1988 | 4299 | 39 | 91 |
| iv_500-iv_507 | 1974 | 4340 | 41 | 81 |
| iv_497-iv_507 | 1966 | 4383 | 48 | 84 |
| iv_497-iv_505 | 1963 | 4213 | 49 | 77 |

### Input Bit Co-occurrences Sorted by Potential Occurrences

| Input Bits | Co-occurrences | Potential Occurrences | Output Co-occurrences | Potential Output Occurrences |
|:----------:|:--------------:|:---------------------:|:---------------------:|:----------------------------:|
| iv_499-iv_504 | 1867 | 4183 | 38 | 83 |
| iv_499-iv_505 | 1887 | 4188 | 37 | 89 |
| iv_498-iv_504 | 1847 | 4192 | 46 | 74 |
| iv_500-iv_503 | 1988 | 4212 | 41 | 73 |
| iv_497-iv_505 | 1963 | 4213 | 49 | 77 |
| iv_504-iv_505 | 1855 | 4221 | 36 | 88 |
| iv_502-iv_506 | 1900 | 4221 | 51 | 73 |
| iv_502-iv_504 | 1809 | 4222 | 42 | 76 |
| iv_504-iv_506 | 1919 | 4229 | 45 | 81 |
| iv_503-iv_505 | 1910 | 4232 | 43 | 75 |
| iv_497-iv_504 | 1929 | 4236 | 50 | 71 |

### Input Bit Output Co-occurrences Sorted by Output Co-occurrences

| Input Bits | Co-occurrences | Potential Occurrences | Output Co-occurrences | Potential Output Occurrences |
|:----------:|:--------------:|:---------------------:|:---------------------:|:----------------------------:|
| iv_497-iv_506 | 1941 | 4393 | 57 | 72 |
| iv_498-iv_506 | 1908 | 4251 | 54 | 73 |
| iv_497-iv_502 | 1904 | 4240 | 52 | 71 |
| iv_502-iv_506 | 1900 | 4221 | 51 | 73 |
| iv_497-iv_504 | 1929 | 4236 | 50 | 71 |
| iv_497-iv_498 | 1893 | 4308 | 50 | 81 |
| iv_499-iv_506 | 1871 | 4356 | 49 | 76 |
| iv_506-iv_507 | 1959 | 4370 | 49 | 82 |
| iv_497-iv_505 | 1963 | 4213 | 49 | 77 |
| iv_498-iv_499 | 1833 | 4251 | 48 | 73 |
| iv_497-iv_507 | 1966 | 4383 | 48 | 84 |

### Input Bit Output Co-occurrences Sorted by Potential Output Occurrences

| Input Bits | Co-occurrences | Potential Occurrences | Output Co-occurrences | Potential Output Occurrences |
|:----------:|:--------------:|:---------------------:|:---------------------:|:----------------------------:|
| iv_497-iv_504 | 1929 | 4236 | 50 | 71 |
| iv_497-iv_502 | 1904 | 4240 | 52 | 71 |
| iv_499-iv_503 | 1900 | 4238 | 44 | 72 |
| iv_502-iv_511 | 1923 | 4398 | 45 | 72 |
| iv_497-iv_506 | 1941 | 4393 | 57 | 72 |
| iv_498-iv_499 | 1833 | 4251 | 48 | 73 |
| iv_498-iv_506 | 1908 | 4251 | 54 | 73 |
| iv_499-iv_500 | 1898 | 4302 | 42 | 73 |
| iv_500-iv_503 | 1988 | 4212 | 41 | 73 |
| iv_502-iv_506 | 1900 | 4221 | 51 | 73 |
| iv_503-iv_504 | 1856 | 4295 | 42 | 73 |

## Output Bits

### Output Bits in Regular Order

| Rank | Output Bit | Complexity |
|:----:|:----------:|:----------:|
| 1 | ov_001 | 2.147092185212685 × 10^298 |
| 2 | ov_002 | 1.8682886733780118 × 10^298 |
| 3 | ov_003 | 1.6179922340572772 × 10^298 |
| 4 | ov_004 | 1.3940639142582916 × 10^298 |
| 5 | ov_005 | 1.1944822275925426 × 10^298 |
| 6 | ov_006 | 1.0173347714692986 × 10^298 |
| 7 | ov_007 | 8.60810914936891 × 10^297 |
| 8 | ov_008 | 7.231954914348807 × 10^297 |
| 9 | ov_009 | 6.02863414828726 × 10^297 |
| 10 | ov_010 | 4.982751221551227 × 10^297 |
| 11 | ov_011 | 4.0797274542240034 × 10^297 |
| 12 | ov_012 | 3.305769254832115 × 10^297 |
| 13 | ov_013 | 2.6478419662972908 × 10^297 |
| 14 | ov_014 | 2.0936487596910985 × 10^297 |
| 15 | ov_015 | 1.631613868390881 × 10^297 |
| 16 | ov_016 | 1.2508694574625346 × 10^297 |
| 17 | ov_017 | 9.412454756564892 × 10^296 |
| 18 | ov_018 | 6.932618896994111 × 10^296 |
| 19 | ov_019 | 4.981227804426998 × 10^296 |
| 20 | ov_020 | 3.477119124785075 × 10^296 |
| 21 | ov_021 | 2.3458951108453466 × 10^296 |
| 22 | ov_022 | 1.5199001926013403 × 10^296 |
| 23 | ov_023 | 9.382059743914325 × 10^295 |
| 24 | ov_024 | 5.466015437643622 × 10^295 |
| 25 | ov_025 | 2.975875971053619 × 10^295 |
| 26 | ov_026 | 1.5037327341296312 × 10^295 |
| 27 | ov_027 | 7.087470879549275 × 10^294 |
| 28 | ov_028 | 3.171449624241116 × 10^294 |
| 29 | ov_029 | 1.222152412849204 × 10^294 |
| 30 | ov_030 | 3.736802571467261 × 10^293 |
| 31 | ov_031 | 7.290523257562989 × 10^292 |
| 32 | lv_80_m31 | 1.4222221082877858 × 10^292 |
| 33 | ov_033 | 1.7176436053303586 × 10^293 |
| 34 | ov_034 | 1.4922293509831742 × 10^293 |
| 35 | ov_035 | 1.2905766509506174 × 10^293 |
| 36 | ov_036 | 1.1106373124569687 × 10^293 |
| 37 | ov_037 | 9.504738300644898 × 10^292 |
| 38 | ov_038 | 8.082516192233004 × 10^292 |
| 39 | ov_039 | 6.82232299168646 × 10^292 |
| 40 | ov_040 | 5.707679226825907 × 10^292 |
| 41 | ov_041 | 4.7305645933988 × 10^292 |
| 42 | ov_042 | 3.883375062887217 × 10^292 |
| 43 | ov_043 | 3.1589038776547126 × 10^292 |
| 44 | ov_044 | 2.543868800117205 × 10^292 |
| 45 | ov_045 | 2.0257137813982808 × 10^292 |
| 46 | ov_046 | 1.5925898436979382 × 10^292 |
| 47 | ov_047 | 1.2333398517105115 × 10^292 |
| 48 | ov_048 | 9.425565185580561 × 10^291 |
| 49 | ov_049 | 7.104333318618659 × 10^291 |
| 50 | ov_050 | 5.278275423639003 × 10^291 |
| 51 | ov_051 | 3.862549903282283 × 10^291 |
| 52 | ov_052 | 2.7788631532123184 × 10^291 |
| 53 | ov_053 | 1.9554425642057114 × 10^291 |
| 54 | ov_054 | 1.3270182900630634 × 10^291 |
| 55 | ov_055 | 8.62579306383568 × 10^290 |
| 56 | ov_056 | 5.3435797037988375 × 10^290 |
| 57 | ov_057 | 3.178273490135092 × 10^290 |
| 58 | ov_058 | 1.7365022439230554 × 10^290 |
| 59 | ov_059 | 8.377715413299347 × 10^289 |
| 60 | ov_060 | 3.3396646427397143 × 10^289 |
| 61 | ov_061 | 1.0935019001702794 × 10^289 |
| 62 | ov_062 | 2.7391719764250115 × 10^288 |
| 63 | ov_063 | 5.599837464961253 × 10^287 |
| 64 | lv_79_k31 | 1.3543391154693136 × 10^287 |
| 65 | ov_065 | 1.618239435005186 × 10^288 |
| 66 | ov_066 | 1.6182343564877798 × 10^288 |
| 67 | ov_067 | 1.6182331135552293 × 10^288 |
| 68 | ov_068 | 1.3991889532930033 × 10^288 |
| 69 | ov_069 | 1.2038161528992378 × 10^288 |
| 70 | ov_070 | 1.0301912879289126 × 10^288 |
| 71 | ov_071 | 8.765092765409623 × 10^287 |
| 72 | ov_072 | 7.410753648311714 × 10^287 |
| 73 | ov_073 | 6.22297820924514 × 10^287 |
| 74 | ov_074 | 5.186813003504238 × 10^287 |
| 75 | ov_075 | 4.288208466502948 × 10^287 |
| 76 | ov_076 | 3.513964923377046 × 10^287 |
| 77 | ov_077 | 2.8516842628152806 × 10^287 |
| 78 | ov_078 | 2.2897269434126817 × 10^287 |
| 79 | ov_079 | 1.8171740068138585 × 10^287 |
| 80 | ov_080 | 1.4237937765385116 × 10^287 |
| 81 | ov_081 | 1.1000129249012606 × 10^287 |
| 82 | ov_082 | 8.368915930749585 × 10^286 |
| 83 | ov_083 | 6.261022512893889 × 10^286 |
| 84 | ov_084 | 4.599119875513532 × 10^286 |
| 85 | ov_085 | 3.3116791423155027 × 10^286 |
| 86 | ov_086 | 2.3328538249218914 × 10^286 |
| 87 | ov_087 | 1.6023869492505883 × 10^286 |
| 88 | ov_088 | 1.065540070110572 × 10^286 |
| 89 | ov_089 | 6.730410815193413 × 10^285 |
| 90 | ov_090 | 4.016150696852281 × 10^285 |
| 91 | ov_091 | 2.306946959155929 × 10^285 |
| 92 | ov_092 | 1.2723534286681695 × 10^285 |
| 93 | ov_093 | 6.357635800559932 × 10^284 |
| 94 | ov_094 | 2.7232772741912662 × 10^284 |
| 95 | aaa_78_28 | 8.409299008780295 × 10^283 |
| 96 | aaa_78_29 | 2.582571653237069 × 10^283 |
| 97 | ov_097 | 1.7051923221495344 × 10^283 |
| 98 | ov_098 | 1.7051413184084002 × 10^283 |
| 99 | ov_099 | 1.7051250297181672 × 10^283 |
| 100 | ov_100 | 1.5343469936784183 × 10^283 |
| 101 | ov_101 | 1.3761796419186116 × 10^283 |
| 102 | ov_102 | 1.2299308805025799 × 10^283 |
| 103 | ov_103 | 1.094958905368879 × 10^283 |
| 104 | ov_104 | 9.706656502291035 × 10^282 |
| 105 | ov_105 | 8.5649083636806 × 10^282 |
| 106 | ov_106 | 7.519065931303319 × 10^282 |
| 107 | ov_107 | 6.564126190101242 × 10^282 |
| 108 | ov_108 | 5.695318541744877 × 10^282 |
| 109 | ov_109 | 4.908066359746599 × 10^282 |
| 110 | ov_110 | 4.1979530956323496 × 10^282 |
| 111 | ov_111 | 3.560692661620663 × 10^282 |
| 112 | ov_112 | 2.992103818411708 × 10^282 |
| 113 | ov_113 | 2.4880882989445927 × 10^282 |
| 114 | ov_114 | 2.0446124005401063 × 10^282 |
| 115 | ov_115 | 1.6576917788885334 × 10^282 |
| 116 | ov_116 | 1.3233791780199007 × 10^282 |
| 117 | ov_117 | 1.037754830821923 × 10^282 |
| 118 | ov_118 | 7.969190139530801 × 10^281 |
| 119 | ov_119 | 5.9698602328373866 × 10^281 |
| 120 | ov_120 | 4.340793380365841 × 10^281 |
| 121 | ov_121 | 3.0432817757313013 × 10^281 |
| 122 | ov_122 | 2.0386528527927138 × 10^281 |
| 123 | ov_123 | 1.2882547071479527 × 10^281 |
| 124 | ov_124 | 7.534462594886435 × 10^280 |
| 125 | ov_125 | 3.955911597845734 × 10^280 |
| 126 | ov_126 | 1.7605467672060987 × 10^280 |
| 127 | aaa_77_28 | 5.620250321652624 × 10^279 |
| 128 | aaa_77_29 | 2.1061371257637926 × 10^279 |
| 129 | ov_129 | 1.949586531777636 × 10^279 |
| 130 | ov_130 | 1.9495807817005875 × 10^279 |
| 131 | ov_131 | 1.9495793912882252 × 10^279 |
| 132 | ov_132 | 1.689621148448129 × 10^279 |
| 133 | ov_133 | 1.4569289341936552 × 10^279 |
| 134 | ov_134 | 1.2494312559135936 × 10^279 |
| 135 | ov_135 | 1.0651676492721981 × 10^279 |
| 136 | ov_136 | 9.022807469281385 × 10^278 |
| 137 | ov_137 | 7.590094446482505 × 10^278 |
| 138 | ov_138 | 6.3368306003076816 × 10^278 |
| 139 | ov_139 | 5.247163844382614 × 10^278 |
| 140 | ov_140 | 4.3060553396195484 × 10^278 |
| 141 | ov_141 | 3.499245103318459 × 10^278 |
| 142 | ov_142 | 2.8132238768150033 × 10^278 |
| 143 | ov_143 | 2.2352104599812748 × 10^278 |
| 144 | ov_144 | 1.7531337695784013 × 10^278 |
| 145 | ov_145 | 1.355618926785219 × 10^278 |
| 146 | ov_146 | 1.031976727300648 × 10^278 |
| 147 | ov_147 | 7.7219589532258625 × 10^277 |
| 148 | ov_148 | 5.669375705010401 × 10^277 |
| 149 | ov_149 | 4.075315246861314 × 10^277 |
| 150 | ov_150 | 2.8597365296831056 × 10^277 |
| 151 | ov_151 | 1.949243506934524 × 10^277 |
| 152 | ov_152 | 1.277074914016362 × 10^277 |
| 153 | ov_153 | 7.830981496611548 × 10^276 |
| 154 | ov_154 | 4.3890352177128413 × 10^276 |
| 155 | ov_155 | 2.1939331614097546 × 10^276 |
| 156 | aaa_76_25 | 8.430560395526543 × 10^275 |
| 157 | aaa_76_26 | 4.868831976159123 × 10^275 |
| 158 | aaa_76_27 | 2.4925247414983025 × 10^275 |
| 159 | aaa_76_28 | 9.705791951493752 × 10^274 |
| 160 | aaa_76_29 | 2.9520610325850925 × 10^274 |

### Output Bits Sorted by Complexity

| Rank | Output Bit | Complexity |
|:----:|:----------:|:----------:|
| 160 | aaa_76_29 | 2.9520610325850925 × 10^274 |
| 159 | aaa_76_28 | 9.705791951493752 × 10^274 |
| 158 | aaa_76_27 | 2.4925247414983025 × 10^275 |
| 157 | aaa_76_26 | 4.868831976159123 × 10^275 |
| 156 | aaa_76_25 | 8.430560395526543 × 10^275 |
| 155 | ov_155 | 2.1939331614097546 × 10^276 |
| 154 | ov_154 | 4.3890352177128413 × 10^276 |
| 153 | ov_153 | 7.830981496611548 × 10^276 |
| 152 | ov_152 | 1.277074914016362 × 10^277 |
| 151 | ov_151 | 1.949243506934524 × 10^277 |
| 150 | ov_150 | 2.8597365296831056 × 10^277 |
| 149 | ov_149 | 4.075315246861314 × 10^277 |
| 148 | ov_148 | 5.669375705010401 × 10^277 |
| 147 | ov_147 | 7.7219589532258625 × 10^277 |
| 146 | ov_146 | 1.031976727300648 × 10^278 |
| 145 | ov_145 | 1.355618926785219 × 10^278 |
| 144 | ov_144 | 1.7531337695784013 × 10^278 |
| 143 | ov_143 | 2.2352104599812748 × 10^278 |
| 142 | ov_142 | 2.8132238768150033 × 10^278 |
| 141 | ov_141 | 3.499245103318459 × 10^278 |
| 140 | ov_140 | 4.3060553396195484 × 10^278 |
| 139 | ov_139 | 5.247163844382614 × 10^278 |
| 138 | ov_138 | 6.3368306003076816 × 10^278 |
| 137 | ov_137 | 7.590094446482505 × 10^278 |
| 136 | ov_136 | 9.022807469281385 × 10^278 |
| 135 | ov_135 | 1.0651676492721981 × 10^279 |
| 134 | ov_134 | 1.2494312559135936 × 10^279 |
| 133 | ov_133 | 1.4569289341936552 × 10^279 |
| 132 | ov_132 | 1.689621148448129 × 10^279 |
| 131 | ov_131 | 1.9495793912882252 × 10^279 |
| 130 | ov_130 | 1.9495807817005875 × 10^279 |
| 129 | ov_129 | 1.949586531777636 × 10^279 |
| 128 | aaa_77_29 | 2.1061371257637926 × 10^279 |
| 127 | aaa_77_28 | 5.620250321652624 × 10^279 |
| 126 | ov_126 | 1.7605467672060987 × 10^280 |
| 125 | ov_125 | 3.955911597845734 × 10^280 |
| 124 | ov_124 | 7.534462594886435 × 10^280 |
| 123 | ov_123 | 1.2882547071479527 × 10^281 |
| 122 | ov_122 | 2.0386528527927138 × 10^281 |
| 121 | ov_121 | 3.0432817757313013 × 10^281 |
| 120 | ov_120 | 4.340793380365841 × 10^281 |
| 119 | ov_119 | 5.9698602328373866 × 10^281 |
| 118 | ov_118 | 7.969190139530801 × 10^281 |
| 117 | ov_117 | 1.037754830821923 × 10^282 |
| 116 | ov_116 | 1.3233791780199007 × 10^282 |
| 115 | ov_115 | 1.6576917788885334 × 10^282 |
| 114 | ov_114 | 2.0446124005401063 × 10^282 |
| 113 | ov_113 | 2.4880882989445927 × 10^282 |
| 112 | ov_112 | 2.992103818411708 × 10^282 |
| 111 | ov_111 | 3.560692661620663 × 10^282 |
| 110 | ov_110 | 4.1979530956323496 × 10^282 |
| 109 | ov_109 | 4.908066359746599 × 10^282 |
| 108 | ov_108 | 5.695318541744877 × 10^282 |
| 107 | ov_107 | 6.564126190101242 × 10^282 |
| 106 | ov_106 | 7.519065931303319 × 10^282 |
| 105 | ov_105 | 8.5649083636806 × 10^282 |
| 104 | ov_104 | 9.706656502291035 × 10^282 |
| 103 | ov_103 | 1.094958905368879 × 10^283 |
| 102 | ov_102 | 1.2299308805025799 × 10^283 |
| 101 | ov_101 | 1.3761796419186116 × 10^283 |
| 100 | ov_100 | 1.5343469936784183 × 10^283 |
| 99 | ov_099 | 1.7051250297181672 × 10^283 |
| 98 | ov_098 | 1.7051413184084002 × 10^283 |
| 97 | ov_097 | 1.7051923221495344 × 10^283 |
| 96 | aaa_78_29 | 2.582571653237069 × 10^283 |
| 95 | aaa_78_28 | 8.409299008780295 × 10^283 |
| 94 | ov_094 | 2.7232772741912662 × 10^284 |
| 93 | ov_093 | 6.357635800559932 × 10^284 |
| 92 | ov_092 | 1.2723534286681695 × 10^285 |
| 91 | ov_091 | 2.306946959155929 × 10^285 |
| 90 | ov_090 | 4.016150696852281 × 10^285 |
| 89 | ov_089 | 6.730410815193413 × 10^285 |
| 88 | ov_088 | 1.065540070110572 × 10^286 |
| 87 | ov_087 | 1.6023869492505883 × 10^286 |
| 86 | ov_086 | 2.3328538249218914 × 10^286 |
| 85 | ov_085 | 3.3116791423155027 × 10^286 |
| 84 | ov_084 | 4.599119875513532 × 10^286 |
| 83 | ov_083 | 6.261022512893889 × 10^286 |
| 82 | ov_082 | 8.368915930749585 × 10^286 |
| 81 | ov_081 | 1.1000129249012606 × 10^287 |
| 64 | lv_79_k31 | 1.3543391154693136 × 10^287 |
| 80 | ov_080 | 1.4237937765385116 × 10^287 |
| 79 | ov_079 | 1.8171740068138585 × 10^287 |
| 78 | ov_078 | 2.2897269434126817 × 10^287 |
| 77 | ov_077 | 2.8516842628152806 × 10^287 |
| 76 | ov_076 | 3.513964923377046 × 10^287 |
| 75 | ov_075 | 4.288208466502948 × 10^287 |
| 74 | ov_074 | 5.186813003504238 × 10^287 |
| 63 | ov_063 | 5.599837464961253 × 10^287 |
| 73 | ov_073 | 6.22297820924514 × 10^287 |
| 72 | ov_072 | 7.410753648311714 × 10^287 |
| 71 | ov_071 | 8.765092765409623 × 10^287 |
| 70 | ov_070 | 1.0301912879289126 × 10^288 |
| 69 | ov_069 | 1.2038161528992378 × 10^288 |
| 68 | ov_068 | 1.3991889532930033 × 10^288 |
| 67 | ov_067 | 1.6182331135552293 × 10^288 |
| 66 | ov_066 | 1.6182343564877798 × 10^288 |
| 65 | ov_065 | 1.618239435005186 × 10^288 |
| 62 | ov_062 | 2.7391719764250115 × 10^288 |
| 61 | ov_061 | 1.0935019001702794 × 10^289 |
| 60 | ov_060 | 3.3396646427397143 × 10^289 |
| 59 | ov_059 | 8.377715413299347 × 10^289 |
| 58 | ov_058 | 1.7365022439230554 × 10^290 |
| 57 | ov_057 | 3.178273490135092 × 10^290 |
| 56 | ov_056 | 5.3435797037988375 × 10^290 |
| 55 | ov_055 | 8.62579306383568 × 10^290 |
| 54 | ov_054 | 1.3270182900630634 × 10^291 |
| 53 | ov_053 | 1.9554425642057114 × 10^291 |
| 52 | ov_052 | 2.7788631532123184 × 10^291 |
| 51 | ov_051 | 3.862549903282283 × 10^291 |
| 50 | ov_050 | 5.278275423639003 × 10^291 |
| 49 | ov_049 | 7.104333318618659 × 10^291 |
| 48 | ov_048 | 9.425565185580561 × 10^291 |
| 47 | ov_047 | 1.2333398517105115 × 10^292 |
| 32 | lv_80_m31 | 1.4222221082877858 × 10^292 |
| 46 | ov_046 | 1.5925898436979382 × 10^292 |
| 45 | ov_045 | 2.0257137813982808 × 10^292 |
| 44 | ov_044 | 2.543868800117205 × 10^292 |
| 43 | ov_043 | 3.1589038776547126 × 10^292 |
| 42 | ov_042 | 3.883375062887217 × 10^292 |
| 41 | ov_041 | 4.7305645933988 × 10^292 |
| 40 | ov_040 | 5.707679226825907 × 10^292 |
| 39 | ov_039 | 6.82232299168646 × 10^292 |
| 31 | ov_031 | 7.290523257562989 × 10^292 |
| 38 | ov_038 | 8.082516192233004 × 10^292 |
| 37 | ov_037 | 9.504738300644898 × 10^292 |
| 36 | ov_036 | 1.1106373124569687 × 10^293 |
| 35 | ov_035 | 1.2905766509506174 × 10^293 |
| 34 | ov_034 | 1.4922293509831742 × 10^293 |
| 33 | ov_033 | 1.7176436053303586 × 10^293 |
| 30 | ov_030 | 3.736802571467261 × 10^293 |
| 29 | ov_029 | 1.222152412849204 × 10^294 |
| 28 | ov_028 | 3.171449624241116 × 10^294 |
| 27 | ov_027 | 7.087470879549275 × 10^294 |
| 26 | ov_026 | 1.5037327341296312 × 10^295 |
| 25 | ov_025 | 2.975875971053619 × 10^295 |
| 24 | ov_024 | 5.466015437643622 × 10^295 |
| 23 | ov_023 | 9.382059743914325 × 10^295 |
| 22 | ov_022 | 1.5199001926013403 × 10^296 |
| 21 | ov_021 | 2.3458951108453466 × 10^296 |
| 20 | ov_020 | 3.477119124785075 × 10^296 |
| 19 | ov_019 | 4.981227804426998 × 10^296 |
| 18 | ov_018 | 6.932618896994111 × 10^296 |
| 17 | ov_017 | 9.412454756564892 × 10^296 |
| 16 | ov_016 | 1.2508694574625346 × 10^297 |
| 15 | ov_015 | 1.631613868390881 × 10^297 |
| 14 | ov_014 | 2.0936487596910985 × 10^297 |
| 13 | ov_013 | 2.6478419662972908 × 10^297 |
| 12 | ov_012 | 3.305769254832115 × 10^297 |
| 11 | ov_011 | 4.0797274542240034 × 10^297 |
| 10 | ov_010 | 4.982751221551227 × 10^297 |
| 9 | ov_009 | 6.02863414828726 × 10^297 |
| 8 | ov_008 | 7.231954914348807 × 10^297 |
| 7 | ov_007 | 8.60810914936891 × 10^297 |
| 6 | ov_006 | 1.0173347714692986 × 10^298 |
| 5 | ov_005 | 1.1944822275925426 × 10^298 |
| 4 | ov_004 | 1.3940639142582916 × 10^298 |
| 3 | ov_003 | 1.6179922340572772 × 10^298 |
| 2 | ov_002 | 1.8682886733780118 × 10^298 |
| 1 | ov_001 | 2.147092185212685 × 10^298 |

