# Results for F001-F002-F003-F004-F005-F006-F007-F008-F009-F010-F011-F012-F013-F014-F015-F016-F017-F018-F019-F020-F021-F022-F023-F024-F025-F026-F027-F028-F029-F030-F031-F032-F033-F034-F035-F036-F037-F038-F039-F040-F041-F042-F043-F044-F045-F046-F047-F048-F049-F050-F051-F052-F053-F054-F055-F056-F057-F058-F059-F060-F061-F062-F063-F064-F065-F066-F067-F068-F069-F070-F071-F072-F073-F074-F075-F076-F077-F078-F079-F080-F081-F082-F083-F084-F085-F086-F087-F088-F089-F090-F091-F092-F093-F094-F095-F096-F097-F098-F099-F100-F101-F102-F103-F104-F105-F106-F107-F108-F109-F110-F111-F112-F113-F114-F115-F116-F117-F118-F119-F120-F121-F122-F123-F124-F125-F126-F127-F128-F129-F130-F131-F132-F133-F134-F135-F136-F137-F138-F139-F140-F141-F142-F143-F144-F145-F146-F147-F148-F149-F150-F151-F152-F153-F154-F155-F156-F157-F158-F159-F160-F161-F162-F163-F164-F165-F166-F167-F168-F169-F170-F171-F172-F173-F174-F175-F176-F177-F178-F179-F180-F181-F182-F183-F184-F185-F186-F187-F188-F189-F190-F191-F192-F193-F194-F195-F196-F197-F198-F199-F200-F201-F202-F203-F204-F205-F206-F207-F208-F209-F210-F211-F212-F213-F214-F215-F216-F217-F218-F219-F220-F221-F222-F223-F224-F225-F226-F227-F228-F229-F230-F231-F232-F233-F234-F235-F236-F237-F238-F239-F240-F241-F242-F243-F244-F245-F246-F247-F248-F249-F250-F251-F252-F253-F254-F255-F256-F257-F258-F259-F260-F261-F262-F263-F264-F265-F266-F267-F268-F269-F270-F271-F272-F273-F274-F275-F276-F277-F278-F279-F280-F281-F282-F283-F284-F285-F286-F287-F288-F289-F290-F291-F292-F293-F294-F295-F296-F297-F298-F299-F300-F301-F302-F303-F304-F305-F306-F307-F308-F309-F310-F311-F312-F313-F314-F315-F316-F317-F318-F319-F320-F321-F322-F323-F324-F325-F326-F327-F328-F329-F330-F331-F332-F333-F334-F335-F336-F337-F338-F339-F340-F341-F342-F343-F344-F345-F346-F347-F348-F349-F350-F351-F352-F353-F354-F355-F356-F357-F358-F359-F360-F361-F362-F363-F364-F365-F366-F367-F368-F369-F370-F371-F372-F373-F374-F375-F376-F377-F378-F379-F380-F381-F382-F383-F384-F385-F386-F387-F388-F389-F390-F391-F392-F393-F394-F395-F396-F397-F398-F399-F400-F401-F402-F403-F404-F405-F406-F407-F408-F409-F410-F411-F412-F413-F414-F415-F416-F417-F418-F419-F420-F421-F422-F423-F424-F425-F426-F427-F428-F429-F430-F431-F432-F433-F434-F435-F436-F437-F438-F439-F440-F441-F442-F443-F444-F445-F446-F447-F448-F449-F450-F451-F452-F453-F454-F455-F456-F457-F458-F459-F460-F461-F462-F463-F464-F465-F466-F467-F468-F469-F470-F471-F472-F473-F474-F475-F476-F477-F478-F479-F480-F481-F482-F483-F484-F485-F486-F487-F488-F489-F490-F491-F492-F493-F494-F495-F496-E504505-F509-F510-F511-F512

## Summary

Number of input bits: 512  
Number of free input bits: 11  
Number of output bits: 160

Number of direct occurrences: 44225  
Number of assignments: 31061  
Number of operations: 10811865
(xor: 10783844,
and: 14735,
or: 13286)

Total complexity: 4.492861363812797 × 10^297

Least occurring input variable: iv_502 (3834)  
Most occurring input variable: iv_504 (4223)

Most co-occurring input variables: iv_497-iv_507 (2018)  
Least co-occurring input variables: iv_498-iv_502 (1739)

Potentially most occurring input variable: iv_504/iv_508 (4492)  
Potentially least occurring input variable: iv_506/iv_507 (4129)

Least output occurring input variable: iv_503 (75)  
Most output occurring input variable: iv_497 (93)

Most output co-occurring input variables: iv_497-iv_502 (52)  
Least output co-occurring input variables: iv_499-iv_503 (34)

Potentially most output occurring input variable: iv_497/iv_500 (91)  
Potentially least output occurring input variable: iv_497/iv_502 (71)

Least complex input bit: iv_497 (1.960996553640211 × 10^295)  
Most complex input bit: iv_508 (9.580903652800137 × 10^296)

Least complex output bit: aaa_76_29 (1.0691330971982127 × 10^273)  
Most complex output bit: ov_001 (7.186706788847952 × 10^296)

Least complex input/output complexity: iv_497/aaa_76_29 (4.666438933270709 × 10^270)  
Most complex input/output complexity: iv_508/ov_001 (1.5325455149687493 × 10^296)

## Input Bits

### Input Bits in Regular Order

| Input Bit | Complexity | Occurrences | Output Occurrences |
|:---------:|:----------:|:-----------:|:------------------:|
| iv_497 | 1.960996553640211 × 10^295 | 4096 | 93 |
| iv_498 | 3.9242644790449025 × 10^295 | 3891 | 88 |
| iv_499 | 6.929514360482224 × 10^295 | 3898 | 81 |
| iv_500 | 1.1664634315397138 × 10^296 | 4061 | 76 |
| iv_501 | 1.9200431056859266 × 10^296 | 4039 | 83 |
| iv_502 | 3.0952932291840187 × 10^296 | 3834 | 82 |
| iv_503 | 4.902204605037241 × 10^296 | 3999 | 75 |
| iv_504 | 8.904571506303726 × 10^296 | 4223 | 88 |
| iv_506 | 5.810054576491999 × 10^296 | 3904 | 82 |
| iv_507 | 8.267601991768522 × 10^296 | 4133 | 76 |
| iv_508 | 9.580903652800137 × 10^296 | 4147 | 81 |

### Input Bits Sorted by Complexity

| Input Bit | Complexity | Occurrences | Output Occurrences |
|:---------:|:----------:|:-----------:|:------------------:|
| iv_497 | 1.960996553640211 × 10^295 | 4096 | 93 |
| iv_498 | 3.9242644790449025 × 10^295 | 3891 | 88 |
| iv_499 | 6.929514360482224 × 10^295 | 3898 | 81 |
| iv_500 | 1.1664634315397138 × 10^296 | 4061 | 76 |
| iv_501 | 1.9200431056859266 × 10^296 | 4039 | 83 |
| iv_502 | 3.0952932291840187 × 10^296 | 3834 | 82 |
| iv_503 | 4.902204605037241 × 10^296 | 3999 | 75 |
| iv_506 | 5.810054576491999 × 10^296 | 3904 | 82 |
| iv_507 | 8.267601991768522 × 10^296 | 4133 | 76 |
| iv_504 | 8.904571506303726 × 10^296 | 4223 | 88 |
| iv_508 | 9.580903652800137 × 10^296 | 4147 | 81 |

### Input Bits Sorted by Occurrences

| Input Bit | Complexity | Occurrences | Output Occurrences |
|:---------:|:----------:|:-----------:|:------------------:|
| iv_502 | 3.0952932291840187 × 10^296 | 3834 | 82 |
| iv_498 | 3.9242644790449025 × 10^295 | 3891 | 88 |
| iv_499 | 6.929514360482224 × 10^295 | 3898 | 81 |
| iv_506 | 5.810054576491999 × 10^296 | 3904 | 82 |
| iv_503 | 4.902204605037241 × 10^296 | 3999 | 75 |
| iv_501 | 1.9200431056859266 × 10^296 | 4039 | 83 |
| iv_500 | 1.1664634315397138 × 10^296 | 4061 | 76 |
| iv_497 | 1.960996553640211 × 10^295 | 4096 | 93 |
| iv_507 | 8.267601991768522 × 10^296 | 4133 | 76 |
| iv_508 | 9.580903652800137 × 10^296 | 4147 | 81 |
| iv_504 | 8.904571506303726 × 10^296 | 4223 | 88 |

### Input Bits Sorted by Output Occurrences

| Input Bit | Complexity | Occurrences | Output Occurrences |
|:---------:|:----------:|:-----------:|:------------------:|
| iv_503 | 4.902204605037241 × 10^296 | 3999 | 75 |
| iv_500 | 1.1664634315397138 × 10^296 | 4061 | 76 |
| iv_507 | 8.267601991768522 × 10^296 | 4133 | 76 |
| iv_499 | 6.929514360482224 × 10^295 | 3898 | 81 |
| iv_508 | 9.580903652800137 × 10^296 | 4147 | 81 |
| iv_502 | 3.0952932291840187 × 10^296 | 3834 | 82 |
| iv_506 | 5.810054576491999 × 10^296 | 3904 | 82 |
| iv_501 | 1.9200431056859266 × 10^296 | 4039 | 83 |
| iv_498 | 3.9242644790449025 × 10^295 | 3891 | 88 |
| iv_504 | 8.904571506303726 × 10^296 | 4223 | 88 |
| iv_497 | 1.960996553640211 × 10^295 | 4096 | 93 |

## Input Bit Co-occurrences

### Input Bit Co-occurrences Sorted by Co-occurrences

| Input Bits | Co-occurrences | Potential Occurrences | Output Co-occurrences | Potential Output Occurrences |
|:----------:|:--------------:|:---------------------:|:---------------------:|:----------------------------:|
| iv_497-iv_507 | 2018 | 4193 | 44 | 81 |
| iv_500-iv_504 | 2014 | 4256 | 44 | 76 |
| iv_507-iv_508 | 2013 | 4254 | 43 | 71 |
| iv_501-iv_504 | 2011 | 4240 | 46 | 79 |
| iv_497-iv_501 | 1983 | 4169 | 48 | 80 |
| iv_503-iv_504 | 1981 | 4260 | 41 | 81 |
| iv_497-iv_504 | 1971 | 4377 | 48 | 85 |
| iv_497-iv_500 | 1962 | 4233 | 39 | 91 |
| iv_500-iv_508 | 1962 | 4284 | 36 | 85 |
| iv_497-iv_503 | 1960 | 4175 | 46 | 76 |
| iv_500-iv_507 | 1959 | 4276 | 35 | 82 |

### Input Bit Co-occurrences Sorted by Potential Occurrences

| Input Bits | Co-occurrences | Potential Occurrences | Output Co-occurrences | Potential Output Occurrences |
|:----------:|:--------------:|:---------------------:|:---------------------:|:----------------------------:|
| iv_506-iv_507 | 1954 | 4129 | 39 | 80 |
| iv_499-iv_501 | 1901 | 4135 | 44 | 76 |
| iv_497-iv_506 | 1922 | 4156 | 51 | 73 |
| iv_498-iv_506 | 1818 | 4159 | 41 | 88 |
| iv_497-iv_502 | 1883 | 4164 | 52 | 71 |
| iv_502-iv_506 | 1785 | 4168 | 44 | 76 |
| iv_497-iv_501 | 1983 | 4169 | 48 | 80 |
| iv_497-iv_503 | 1960 | 4175 | 46 | 76 |
| iv_499-iv_508 | 1935 | 4175 | 43 | 76 |
| iv_500-iv_506 | 1895 | 4175 | 36 | 86 |
| iv_498-iv_499 | 1803 | 4183 | 48 | 73 |

### Input Bit Output Co-occurrences Sorted by Output Co-occurrences

| Input Bits | Co-occurrences | Potential Occurrences | Output Co-occurrences | Potential Output Occurrences |
|:----------:|:--------------:|:---------------------:|:---------------------:|:----------------------------:|
| iv_497-iv_502 | 1883 | 4164 | 52 | 71 |
| iv_497-iv_506 | 1922 | 4156 | 51 | 73 |
| iv_497-iv_498 | 1869 | 4249 | 50 | 81 |
| iv_498-iv_499 | 1803 | 4183 | 48 | 73 |
| iv_498-iv_501 | 1843 | 4244 | 48 | 75 |
| iv_502-iv_504 | 1816 | 4425 | 48 | 74 |
| iv_497-iv_501 | 1983 | 4169 | 48 | 80 |
| iv_497-iv_504 | 1971 | 4377 | 48 | 85 |
| iv_498-iv_502 | 1739 | 4247 | 46 | 78 |
| iv_501-iv_504 | 2011 | 4240 | 46 | 79 |
| iv_497-iv_503 | 1960 | 4175 | 46 | 76 |

### Input Bit Output Co-occurrences Sorted by Potential Output Occurrences

| Input Bits | Co-occurrences | Potential Occurrences | Output Co-occurrences | Potential Output Occurrences |
|:----------:|:--------------:|:---------------------:|:---------------------:|:----------------------------:|
| iv_497-iv_502 | 1883 | 4164 | 52 | 71 |
| iv_507-iv_508 | 2013 | 4254 | 43 | 71 |
| iv_498-iv_499 | 1803 | 4183 | 48 | 73 |
| iv_499-iv_500 | 1867 | 4225 | 42 | 73 |
| iv_497-iv_506 | 1922 | 4156 | 51 | 73 |
| iv_500-iv_503 | 1917 | 4226 | 39 | 73 |
| iv_502-iv_504 | 1816 | 4425 | 48 | 74 |
| iv_502-iv_507 | 1873 | 4221 | 42 | 74 |
| iv_498-iv_501 | 1843 | 4244 | 48 | 75 |
| iv_499-iv_501 | 1901 | 4135 | 44 | 76 |
| iv_500-iv_504 | 2014 | 4256 | 44 | 76 |

## Output Bits

### Output Bits in Regular Order

| Rank | Output Bit | Complexity |
|:----:|:----------:|:----------:|
| 1 | ov_001 | 7.186706788847952 × 10^296 |
| 2 | ov_002 | 6.2324959635580585 × 10^296 |
| 3 | ov_003 | 5.377700039409088 × 10^296 |
| 4 | ov_004 | 4.614786342602738 × 10^296 |
| 5 | ov_005 | 3.9366328901400964 × 10^296 |
| 6 | ov_006 | 3.336499106117838 × 10^296 |
| 7 | ov_007 | 2.8080003195233636 × 10^296 |
| 8 | ov_008 | 2.3450857977411473 × 10^296 |
| 9 | ov_009 | 1.9420200420857957 × 10^296 |
| 10 | ov_010 | 1.5933670214849517 × 10^296 |
| 11 | ov_011 | 1.2939770167285817 × 10^296 |
| 12 | ov_012 | 1.0389757664339233 × 10^296 |
| 13 | ov_013 | 8.23755624255776 × 10^295 |
| 14 | ov_014 | 6.439684549783144 × 10^295 |
| 15 | ov_015 | 4.955200150230271 × 10^295 |
| 16 | ov_016 | 3.7456558065186 × 10^295 |
| 17 | ov_017 | 2.775066047776768 × 10^295 |
| 18 | ov_018 | 2.0098820084781678 × 10^295 |
| 19 | ov_019 | 1.41897269764417 × 10^295 |
| 20 | ov_020 | 9.736111149702696 × 10^294 |
| 21 | ov_021 | 6.474640408643476 × 10^294 |
| 22 | ov_022 | 4.165847050257346 × 10^294 |
| 23 | ov_023 | 2.594077184589538 × 10^294 |
| 24 | ov_024 | 1.567457408349709 × 10^294 |
| 25 | ov_025 | 9.178744211426934 × 10^293 |
| 26 | ov_026 | 5.009638652649545 × 10^293 |
| 27 | ov_027 | 2.5047987079032328 × 10^293 |
| 28 | ov_028 | 1.1204764506675809 × 10^293 |
| 29 | ov_029 | 4.316294573406873 × 10^292 |
| 30 | ov_030 | 1.319194265354831 × 10^292 |
| 31 | ov_031 | 2.5724002444177517 × 10^291 |
| 32 | lv_80_m31 | 5.015279094771339 × 10^290 |
| 33 | ov_033 | 6.008821000670507 × 10^291 |
| 34 | ov_034 | 5.210031130294702 × 10^291 |
| 35 | ov_035 | 4.4954658458851414 × 10^291 |
| 36 | ov_036 | 3.858278596686112 × 10^291 |
| 37 | ov_037 | 3.291989990347001 × 10^291 |
| 38 | ov_038 | 2.790462080826523 × 10^291 |
| 39 | ov_039 | 2.3478762117868233 × 10^291 |
| 40 | ov_040 | 1.9587140576902672 × 10^291 |
| 41 | ov_041 | 1.6177415266398384 × 10^291 |
| 42 | ov_042 | 1.3224107876441416 × 10^291 |
| 43 | ov_043 | 1.070306262756761 × 10^291 |
| 44 | ov_044 | 8.569739837966632 × 10^290 |
| 45 | ov_045 | 6.782024300199722 × 10^290 |
| 46 | ov_046 | 5.300163922084678 × 10^290 |
| 47 | ov_047 | 4.086720866009531 × 10^290 |
| 48 | ov_048 | 3.1065332171332807 × 10^290 |
| 49 | ov_049 | 2.3266855915003135 × 10^290 |
| 50 | ov_050 | 1.7164872526564361 × 10^290 |
| 51 | ov_051 | 1.2474562405642813 × 10^290 |
| 52 | ov_052 | 8.933080601031562 × 10^289 |
| 53 | ov_053 | 6.299476910665562 × 10^289 |
| 54 | ov_054 | 4.3546401069464793 × 10^289 |
| 55 | ov_055 | 2.9012602015249593 × 10^289 |
| 56 | ov_056 | 1.8461287646351222 × 10^289 |
| 57 | ov_057 | 1.106921166389628 × 10^289 |
| 58 | ov_058 | 6.121911569691376 × 10^288 |
| 59 | ov_059 | 3.013679879912128 × 10^288 |
| 60 | ov_060 | 1.2475507668516115 × 10^288 |
| 61 | ov_061 | 4.3529513376847565 × 10^287 |
| 62 | ov_062 | 1.1927647383298555 × 10^287 |
| 63 | ov_063 | 2.321987539717536 × 10^286 |
| 64 | lv_79_m31 | 4.5192580862576956 × 10^285 |
| 65 | ov_065 | 5.369916741959629 × 10^286 |
| 66 | ov_066 | 5.369899006706811 × 10^286 |
| 67 | ov_067 | 5.369894665931416 × 10^286 |
| 68 | ov_068 | 4.631462310401424 × 10^286 |
| 69 | ov_069 | 3.9743240748913127 × 10^286 |
| 70 | ov_070 | 3.3917640763781287 × 10^286 |
| 71 | ov_071 | 2.8774797727873933 × 10^286 |
| 72 | ov_072 | 2.425553963595281 × 10^286 |
| 73 | ov_073 | 2.030429263747558 × 10^286 |
| 74 | ov_074 | 1.6868849208702693 × 10^286 |
| 75 | ov_075 | 1.3900158505593145 × 10^286 |
| 76 | ov_076 | 1.1352137684752373 × 10^286 |
| 77 | ov_077 | 9.181503011563193 × 10^285 |
| 78 | ov_078 | 7.347619600089356 × 10^285 |
| 79 | ov_079 | 5.812368649370714 × 10^285 |
| 80 | ov_080 | 4.540031056162438 × 10^285 |
| 81 | ov_081 | 3.497186295763276 × 10^285 |
| 82 | ov_082 | 2.6526254710769564 × 10^285 |
| 83 | ov_083 | 1.9772774361751652 × 10^285 |
| 84 | ov_084 | 1.4441469049960328 × 10^285 |
| 85 | ov_085 | 1.0282634588858961 × 10^285 |
| 86 | ov_086 | 7.176423785832131 × 10^284 |
| 87 | ov_087 | 4.9124817875300626 × 10^284 |
| 88 | ov_088 | 3.299718218747466 × 10^284 |
| 89 | ov_089 | 2.1661249099859415 × 10^284 |
| 90 | ov_090 | 1.3586485002427072 × 10^284 |
| 91 | ov_091 | 8.05488178362345 × 10^283 |
| 92 | ov_092 | 4.442628709076844 × 10^283 |
| 93 | ov_093 | 2.2199325793963848 × 10^283 |
| 94 | ov_094 | 9.509293869634328 × 10^282 |
| 95 | aaa_78_28 | 2.936482605785497 × 10^282 |
| 96 | aaa_78_29 | 9.018554657443233 × 10^281 |
| 97 | ov_097 | 5.9558518230366616 × 10^281 |
| 98 | ov_098 | 5.955674295434969 × 10^281 |
| 99 | ov_099 | 5.955617651289886 × 10^281 |
| 100 | ov_100 | 5.359646964261027 × 10^281 |
| 101 | ov_101 | 4.807570055194798 × 10^281 |
| 102 | ov_102 | 4.29699452120519 × 10^281 |
| 103 | ov_103 | 3.825701860212443 × 10^281 |
| 104 | ov_104 | 3.391624320104723 × 10^281 |
| 105 | ov_105 | 2.9928239294987272 × 10^281 |
| 106 | ov_106 | 2.627473598906132 × 10^281 |
| 107 | ov_107 | 2.2938401848931717 × 10^281 |
| 108 | ov_108 | 1.990269412809366 × 10^281 |
| 109 | ov_109 | 1.7151725559758122 × 10^281 |
| 110 | ov_110 | 1.4670147709669878 × 10^281 |
| 111 | ov_111 | 1.2443049898920754 × 10^281 |
| 112 | ov_112 | 1.0455872714744483 × 10^281 |
| 113 | ov_113 | 8.694335133257613 × 10^280 |
| 114 | ov_114 | 7.144372883804761 × 10^280 |
| 115 | ov_115 | 5.792085686887677 × 10^280 |
| 116 | ov_116 | 4.62369379529212 × 10^280 |
| 117 | ov_117 | 3.6255042689400747 × 10^280 |
| 118 | ov_118 | 2.783886016514572 × 10^280 |
| 119 | ov_119 | 2.0852518434867855 × 10^280 |
| 120 | ov_120 | 1.516045073354432 × 10^280 |
| 121 | ov_121 | 1.062729344414053 × 10^280 |
| 122 | ov_122 | 7.117810990687001 × 10^279 |
| 123 | ov_123 | 4.4968428270521326 × 10^279 |
| 124 | ov_124 | 2.6292676918203554 × 10^279 |
| 125 | ov_125 | 1.3799814739410492 × 10^279 |
| 126 | ov_126 | 6.1388592768898286 × 10^278 |
| 127 | aaa_77_28 | 1.9588434326132564 × 10^278 |
| 128 | aaa_77_29 | 7.335664162766966 × 10^277 |
| 129 | ov_129 | 6.742014920911047 × 10^277 |
| 130 | ov_130 | 6.741994115424868 × 10^277 |
| 131 | ov_131 | 6.74198909050279 × 10^277 |
| 132 | ov_132 | 5.830021058282188 × 10^277 |
| 133 | ov_133 | 5.015244050426049 × 10^277 |
| 134 | ov_134 | 4.290194169363901 × 10^277 |
| 135 | ov_135 | 3.6478010542419284 × 10^277 |
| 136 | ov_136 | 3.0813596033596203 × 10^277 |
| 137 | ov_137 | 2.584505780954394 × 10^277 |
| 138 | ov_138 | 2.151196107884858 × 10^277 |
| 139 | ov_139 | 1.7756904558719755 × 10^277 |
| 140 | ov_140 | 1.4525377845454624 × 10^277 |
| 141 | ov_141 | 1.1765644797398764 × 10^277 |
| 142 | ov_142 | 9.428649703975776 × 10^276 |
| 143 | ov_143 | 7.46794320149177 × 10^276 |
| 144 | ov_144 | 5.839625082214844 × 10^276 |
| 145 | ov_145 | 4.5023013281537504 × 10^276 |
| 146 | ov_146 | 3.417052885324265 × 10^276 |
| 147 | ov_147 | 2.5474138782815896 × 10^276 |
| 148 | ov_148 | 1.8593571484179906 × 10^276 |
| 149 | ov_149 | 1.3212851830434275 × 10^276 |
| 150 | ov_150 | 9.180057828117391 × 10^275 |
| 151 | ov_151 | 6.227665874237103 × 10^275 |
| 152 | ov_152 | 4.1123401161328275 × 10^275 |
| 153 | ov_153 | 2.6149171323422336 × 10^275 |
| 154 | ov_154 | 1.5403952405840176 × 10^275 |
| 155 | ov_155 | 7.973129293854732 × 10^274 |
| 156 | aaa_76_25 | 3.062848450747358 × 10^274 |
| 157 | aaa_76_26 | 1.7677866938783687 × 10^274 |
| 158 | aaa_76_27 | 9.043607757257435 × 10^273 |
| 159 | aaa_76_28 | 3.5183655229738905 × 10^273 |
| 160 | aaa_76_29 | 1.0691330971982127 × 10^273 |

### Output Bits Sorted by Complexity

| Rank | Output Bit | Complexity |
|:----:|:----------:|:----------:|
| 160 | aaa_76_29 | 1.0691330971982127 × 10^273 |
| 159 | aaa_76_28 | 3.5183655229738905 × 10^273 |
| 158 | aaa_76_27 | 9.043607757257435 × 10^273 |
| 157 | aaa_76_26 | 1.7677866938783687 × 10^274 |
| 156 | aaa_76_25 | 3.062848450747358 × 10^274 |
| 155 | ov_155 | 7.973129293854732 × 10^274 |
| 154 | ov_154 | 1.5403952405840176 × 10^275 |
| 153 | ov_153 | 2.6149171323422336 × 10^275 |
| 152 | ov_152 | 4.1123401161328275 × 10^275 |
| 151 | ov_151 | 6.227665874237103 × 10^275 |
| 150 | ov_150 | 9.180057828117391 × 10^275 |
| 149 | ov_149 | 1.3212851830434275 × 10^276 |
| 148 | ov_148 | 1.8593571484179906 × 10^276 |
| 147 | ov_147 | 2.5474138782815896 × 10^276 |
| 146 | ov_146 | 3.417052885324265 × 10^276 |
| 145 | ov_145 | 4.5023013281537504 × 10^276 |
| 144 | ov_144 | 5.839625082214844 × 10^276 |
| 143 | ov_143 | 7.46794320149177 × 10^276 |
| 142 | ov_142 | 9.428649703975776 × 10^276 |
| 141 | ov_141 | 1.1765644797398764 × 10^277 |
| 140 | ov_140 | 1.4525377845454624 × 10^277 |
| 139 | ov_139 | 1.7756904558719755 × 10^277 |
| 138 | ov_138 | 2.151196107884858 × 10^277 |
| 137 | ov_137 | 2.584505780954394 × 10^277 |
| 136 | ov_136 | 3.0813596033596203 × 10^277 |
| 135 | ov_135 | 3.6478010542419284 × 10^277 |
| 134 | ov_134 | 4.290194169363901 × 10^277 |
| 133 | ov_133 | 5.015244050426049 × 10^277 |
| 132 | ov_132 | 5.830021058282188 × 10^277 |
| 131 | ov_131 | 6.74198909050279 × 10^277 |
| 130 | ov_130 | 6.741994115424868 × 10^277 |
| 129 | ov_129 | 6.742014920911047 × 10^277 |
| 128 | aaa_77_29 | 7.335664162766966 × 10^277 |
| 127 | aaa_77_28 | 1.9588434326132564 × 10^278 |
| 126 | ov_126 | 6.1388592768898286 × 10^278 |
| 125 | ov_125 | 1.3799814739410492 × 10^279 |
| 124 | ov_124 | 2.6292676918203554 × 10^279 |
| 123 | ov_123 | 4.4968428270521326 × 10^279 |
| 122 | ov_122 | 7.117810990687001 × 10^279 |
| 121 | ov_121 | 1.062729344414053 × 10^280 |
| 120 | ov_120 | 1.516045073354432 × 10^280 |
| 119 | ov_119 | 2.0852518434867855 × 10^280 |
| 118 | ov_118 | 2.783886016514572 × 10^280 |
| 117 | ov_117 | 3.6255042689400747 × 10^280 |
| 116 | ov_116 | 4.62369379529212 × 10^280 |
| 115 | ov_115 | 5.792085686887677 × 10^280 |
| 114 | ov_114 | 7.144372883804761 × 10^280 |
| 113 | ov_113 | 8.694335133257613 × 10^280 |
| 112 | ov_112 | 1.0455872714744483 × 10^281 |
| 111 | ov_111 | 1.2443049898920754 × 10^281 |
| 110 | ov_110 | 1.4670147709669878 × 10^281 |
| 109 | ov_109 | 1.7151725559758122 × 10^281 |
| 108 | ov_108 | 1.990269412809366 × 10^281 |
| 107 | ov_107 | 2.2938401848931717 × 10^281 |
| 106 | ov_106 | 2.627473598906132 × 10^281 |
| 105 | ov_105 | 2.9928239294987272 × 10^281 |
| 104 | ov_104 | 3.391624320104723 × 10^281 |
| 103 | ov_103 | 3.825701860212443 × 10^281 |
| 102 | ov_102 | 4.29699452120519 × 10^281 |
| 101 | ov_101 | 4.807570055194798 × 10^281 |
| 100 | ov_100 | 5.359646964261027 × 10^281 |
| 99 | ov_099 | 5.955617651289886 × 10^281 |
| 98 | ov_098 | 5.955674295434969 × 10^281 |
| 97 | ov_097 | 5.9558518230366616 × 10^281 |
| 96 | aaa_78_29 | 9.018554657443233 × 10^281 |
| 95 | aaa_78_28 | 2.936482605785497 × 10^282 |
| 94 | ov_094 | 9.509293869634328 × 10^282 |
| 93 | ov_093 | 2.2199325793963848 × 10^283 |
| 92 | ov_092 | 4.442628709076844 × 10^283 |
| 91 | ov_091 | 8.05488178362345 × 10^283 |
| 90 | ov_090 | 1.3586485002427072 × 10^284 |
| 89 | ov_089 | 2.1661249099859415 × 10^284 |
| 88 | ov_088 | 3.299718218747466 × 10^284 |
| 87 | ov_087 | 4.9124817875300626 × 10^284 |
| 86 | ov_086 | 7.176423785832131 × 10^284 |
| 85 | ov_085 | 1.0282634588858961 × 10^285 |
| 84 | ov_084 | 1.4441469049960328 × 10^285 |
| 83 | ov_083 | 1.9772774361751652 × 10^285 |
| 82 | ov_082 | 2.6526254710769564 × 10^285 |
| 81 | ov_081 | 3.497186295763276 × 10^285 |
| 64 | lv_79_m31 | 4.5192580862576956 × 10^285 |
| 80 | ov_080 | 4.540031056162438 × 10^285 |
| 79 | ov_079 | 5.812368649370714 × 10^285 |
| 78 | ov_078 | 7.347619600089356 × 10^285 |
| 77 | ov_077 | 9.181503011563193 × 10^285 |
| 76 | ov_076 | 1.1352137684752373 × 10^286 |
| 75 | ov_075 | 1.3900158505593145 × 10^286 |
| 74 | ov_074 | 1.6868849208702693 × 10^286 |
| 73 | ov_073 | 2.030429263747558 × 10^286 |
| 63 | ov_063 | 2.321987539717536 × 10^286 |
| 72 | ov_072 | 2.425553963595281 × 10^286 |
| 71 | ov_071 | 2.8774797727873933 × 10^286 |
| 70 | ov_070 | 3.3917640763781287 × 10^286 |
| 69 | ov_069 | 3.9743240748913127 × 10^286 |
| 68 | ov_068 | 4.631462310401424 × 10^286 |
| 67 | ov_067 | 5.369894665931416 × 10^286 |
| 66 | ov_066 | 5.369899006706811 × 10^286 |
| 65 | ov_065 | 5.369916741959629 × 10^286 |
| 62 | ov_062 | 1.1927647383298555 × 10^287 |
| 61 | ov_061 | 4.3529513376847565 × 10^287 |
| 60 | ov_060 | 1.2475507668516115 × 10^288 |
| 59 | ov_059 | 3.013679879912128 × 10^288 |
| 58 | ov_058 | 6.121911569691376 × 10^288 |
| 57 | ov_057 | 1.106921166389628 × 10^289 |
| 56 | ov_056 | 1.8461287646351222 × 10^289 |
| 55 | ov_055 | 2.9012602015249593 × 10^289 |
| 54 | ov_054 | 4.3546401069464793 × 10^289 |
| 53 | ov_053 | 6.299476910665562 × 10^289 |
| 52 | ov_052 | 8.933080601031562 × 10^289 |
| 51 | ov_051 | 1.2474562405642813 × 10^290 |
| 50 | ov_050 | 1.7164872526564361 × 10^290 |
| 49 | ov_049 | 2.3266855915003135 × 10^290 |
| 48 | ov_048 | 3.1065332171332807 × 10^290 |
| 47 | ov_047 | 4.086720866009531 × 10^290 |
| 32 | lv_80_m31 | 5.015279094771339 × 10^290 |
| 46 | ov_046 | 5.300163922084678 × 10^290 |
| 45 | ov_045 | 6.782024300199722 × 10^290 |
| 44 | ov_044 | 8.569739837966632 × 10^290 |
| 43 | ov_043 | 1.070306262756761 × 10^291 |
| 42 | ov_042 | 1.3224107876441416 × 10^291 |
| 41 | ov_041 | 1.6177415266398384 × 10^291 |
| 40 | ov_040 | 1.9587140576902672 × 10^291 |
| 39 | ov_039 | 2.3478762117868233 × 10^291 |
| 31 | ov_031 | 2.5724002444177517 × 10^291 |
| 38 | ov_038 | 2.790462080826523 × 10^291 |
| 37 | ov_037 | 3.291989990347001 × 10^291 |
| 36 | ov_036 | 3.858278596686112 × 10^291 |
| 35 | ov_035 | 4.4954658458851414 × 10^291 |
| 34 | ov_034 | 5.210031130294702 × 10^291 |
| 33 | ov_033 | 6.008821000670507 × 10^291 |
| 30 | ov_030 | 1.319194265354831 × 10^292 |
| 29 | ov_029 | 4.316294573406873 × 10^292 |
| 28 | ov_028 | 1.1204764506675809 × 10^293 |
| 27 | ov_027 | 2.5047987079032328 × 10^293 |
| 26 | ov_026 | 5.009638652649545 × 10^293 |
| 25 | ov_025 | 9.178744211426934 × 10^293 |
| 24 | ov_024 | 1.567457408349709 × 10^294 |
| 23 | ov_023 | 2.594077184589538 × 10^294 |
| 22 | ov_022 | 4.165847050257346 × 10^294 |
| 21 | ov_021 | 6.474640408643476 × 10^294 |
| 20 | ov_020 | 9.736111149702696 × 10^294 |
| 19 | ov_019 | 1.41897269764417 × 10^295 |
| 18 | ov_018 | 2.0098820084781678 × 10^295 |
| 17 | ov_017 | 2.775066047776768 × 10^295 |
| 16 | ov_016 | 3.7456558065186 × 10^295 |
| 15 | ov_015 | 4.955200150230271 × 10^295 |
| 14 | ov_014 | 6.439684549783144 × 10^295 |
| 13 | ov_013 | 8.23755624255776 × 10^295 |
| 12 | ov_012 | 1.0389757664339233 × 10^296 |
| 11 | ov_011 | 1.2939770167285817 × 10^296 |
| 10 | ov_010 | 1.5933670214849517 × 10^296 |
| 9 | ov_009 | 1.9420200420857957 × 10^296 |
| 8 | ov_008 | 2.3450857977411473 × 10^296 |
| 7 | ov_007 | 2.8080003195233636 × 10^296 |
| 6 | ov_006 | 3.336499106117838 × 10^296 |
| 5 | ov_005 | 3.9366328901400964 × 10^296 |
| 4 | ov_004 | 4.614786342602738 × 10^296 |
| 3 | ov_003 | 5.377700039409088 × 10^296 |
| 2 | ov_002 | 6.2324959635580585 × 10^296 |
| 1 | ov_001 | 7.186706788847952 × 10^296 |

