# Results for F001-F002-F003-F004-F005-F006-F007-F008-F009-F010-F011-F012-F013-F014-F015-F016-F017-F018-F019-F020-F021-F022-F023-F024-F025-F026-F027-F028-F029-F030-F031-F032-F033-F034-F035-F036-F037-F038-F039-F040-F041-F042-F043-F044-F045-F046-F047-F048-F049-F050-F051-F052-F053-F054-F055-F056-F057-F058-F059-F060-F061-F062-F063-F064-F065-F066-F067-F068-F069-F070-F071-F072-F073-F074-F075-F076-F077-F078-F079-F080-F081-F082-F083-F084-F085-F086-F087-F088-F089-F090-F091-F092-F093-F094-F095-F096-F097-F098-F099-F100-F101-F102-F103-F104-F105-F106-F107-F108-F109-F110-F111-F112-F113-F114-F115-F116-F117-F118-F119-F120-F121-F122-F123-F124-F125-F126-F127-F128-F129-F130-F131-F132-F133-F134-F135-F136-F137-F138-F139-F140-F141-F142-F143-F144-F145-F146-F147-F148-F149-F150-F151-F152-F153-F154-F155-F156-F157-F158-F159-F160-F161-F162-F163-F164-F165-F166-F167-F168-F169-F170-F171-F172-F173-F174-F175-F176-F177-F178-F179-F180-F181-F182-F183-F184-F185-F186-F187-F188-F189-F190-F191-F192-F193-F194-F195-F196-F197-F198-F199-F200-F201-F202-F203-F204-F205-F206-F207-F208-F209-F210-F211-F212-F213-F214-F215-F216-F217-F218-F219-F220-F221-F222-F223-F224-F225-F226-F227-F228-F229-F230-F231-F232-F233-F234-F235-F236-F237-F238-F239-F240-F241-F242-F243-F244-F245-F246-F247-F248-F249-F250-F251-F252-F253-F254-F255-F256-F257-F258-F259-F260-F261-F262-F263-F264-F265-F266-F267-F268-F269-F270-F271-F272-F273-F274-F275-F276-F277-F278-F279-F280-F281-F282-F283-F284-F285-F286-F287-F288-F289-F290-F291-F292-F293-F294-F295-F296-F297-F298-F299-F300-F301-F302-F303-F304-F305-F306-F307-F308-F309-F310-F311-F312-F313-F314-F315-F316-F317-F318-F319-F320-F321-F322-F323-F324-F325-F326-F327-F328-F329-F330-F331-F332-F333-F334-F335-F336-F337-F338-F339-F340-F341-F342-F343-F344-F345-F346-F347-F348-F349-F350-F351-F352-F353-F354-F355-F356-F357-F358-F359-F360-F361-F362-F363-F364-F365-F366-F367-F368-F369-F370-F371-F372-F373-F374-F375-F376-F377-F378-F379-F380-F381-F382-F383-F384-F385-F386-F387-F388-F389-F390-F391-F392-F393-F394-F395-F396-F397-F398-F399-F400-F401-F402-F403-F404-F405-F406-F407-F408-F409-F410-F411-F412-F413-F414-F415-F416-F417-F418-F419-F420-F421-F422-F423-F424-F425-F426-F427-F428-F429-F430-F431-F432-F433-F434-F435-F436-F437-F438-F439-F440-F441-F442-F443-F444-F445-F446-F447-F448-F449-F450-F451-F452-F453-F454-F455-F456-F457-F458-F459-F460-F461-F462-F463-F464-F465-F466-F467-F468-F469-F470-F471-F472-F473-F474-F475-F476-F477-F478-F479-F480-F481-F482-F483-F484-F485-F486-F487-F488-F489-F490-F491-F492-F493-F494-F495-F496-E499505-E504506-F510-F511-F512

## Summary

Number of input bits: 512  
Number of free input bits: 11  
Number of output bits: 160

Number of direct occurrences: 44743  
Number of assignments: 31327  
Number of operations: 10948126
(xor: 10919969,
and: 14757,
or: 13400)

Total complexity: 9.653497416256193 × 10^298

Least occurring input variable: iv_502 (3855)  
Most occurring input variable: iv_509 (4207)

Most co-occurring input variables: iv_508-iv_509 (2057)  
Least co-occurring input variables: iv_498-iv_502 (1747)

Potentially most occurring input variable: iv_500/iv_509 (4480)  
Potentially least occurring input variable: iv_497/iv_501 (4186)

Least output occurring input variable: iv_499 (57)  
Most output occurring input variable: iv_497 (93)

Most output co-occurring input variables: iv_497-iv_502 (52)  
Least output co-occurring input variables: iv_499-iv_501 (25)

Potentially most output occurring input variable: iv_503/iv_509 (98)  
Potentially least output occurring input variable: iv_498/iv_508 (68)

Least complex input bit: iv_497 (2.760358682920994 × 10^296)  
Most complex input bit: iv_504 (1.901727539708288 × 10^298)

Least complex output bit: aaa_76_29 (1.9445586884168132 × 10^274)  
Most complex output bit: ov_001 (1.5310540764075444 × 10^298)

Least complex input/output complexity: iv_497/aaa_76_29 (5.56034691735847 × 10^271)  
Most complex input/output complexity: iv_504/ov_001 (3.0161583686589474 × 10^297)

## Input Bits

### Input Bits in Regular Order

| Input Bit | Complexity | Occurrences | Output Occurrences |
|:---------:|:----------:|:-----------:|:------------------:|
| iv_497 | 2.760358682920994 × 10^296 | 4113 | 93 |
| iv_498 | 5.498575277999879 × 10^296 | 3908 | 88 |
| iv_499 | 1.7378234541488696 × 10^298 | 4140 | 57 |
| iv_500 | 1.6251699234135282 × 10^297 | 4081 | 76 |
| iv_501 | 2.677061819477738 × 10^297 | 4051 | 83 |
| iv_502 | 4.325955279476986 × 10^297 | 3855 | 82 |
| iv_503 | 6.873740981309862 × 10^297 | 4017 | 75 |
| iv_504 | 1.901727539708288 × 10^298 | 4101 | 76 |
| iv_507 | 1.191976144656813 × 10^298 | 4151 | 76 |
| iv_508 | 1.5829289986834202 × 10^298 | 4119 | 74 |
| iv_509 | 1.6062591390817787 × 10^298 | 4207 | 87 |

### Input Bits Sorted by Complexity

| Input Bit | Complexity | Occurrences | Output Occurrences |
|:---------:|:----------:|:-----------:|:------------------:|
| iv_497 | 2.760358682920994 × 10^296 | 4113 | 93 |
| iv_498 | 5.498575277999879 × 10^296 | 3908 | 88 |
| iv_500 | 1.6251699234135282 × 10^297 | 4081 | 76 |
| iv_501 | 2.677061819477738 × 10^297 | 4051 | 83 |
| iv_502 | 4.325955279476986 × 10^297 | 3855 | 82 |
| iv_503 | 6.873740981309862 × 10^297 | 4017 | 75 |
| iv_507 | 1.191976144656813 × 10^298 | 4151 | 76 |
| iv_508 | 1.5829289986834202 × 10^298 | 4119 | 74 |
| iv_509 | 1.6062591390817787 × 10^298 | 4207 | 87 |
| iv_499 | 1.7378234541488696 × 10^298 | 4140 | 57 |
| iv_504 | 1.901727539708288 × 10^298 | 4101 | 76 |

### Input Bits Sorted by Occurrences

| Input Bit | Complexity | Occurrences | Output Occurrences |
|:---------:|:----------:|:-----------:|:------------------:|
| iv_502 | 4.325955279476986 × 10^297 | 3855 | 82 |
| iv_498 | 5.498575277999879 × 10^296 | 3908 | 88 |
| iv_503 | 6.873740981309862 × 10^297 | 4017 | 75 |
| iv_501 | 2.677061819477738 × 10^297 | 4051 | 83 |
| iv_500 | 1.6251699234135282 × 10^297 | 4081 | 76 |
| iv_504 | 1.901727539708288 × 10^298 | 4101 | 76 |
| iv_497 | 2.760358682920994 × 10^296 | 4113 | 93 |
| iv_508 | 1.5829289986834202 × 10^298 | 4119 | 74 |
| iv_499 | 1.7378234541488696 × 10^298 | 4140 | 57 |
| iv_507 | 1.191976144656813 × 10^298 | 4151 | 76 |
| iv_509 | 1.6062591390817787 × 10^298 | 4207 | 87 |

### Input Bits Sorted by Output Occurrences

| Input Bit | Complexity | Occurrences | Output Occurrences |
|:---------:|:----------:|:-----------:|:------------------:|
| iv_499 | 1.7378234541488696 × 10^298 | 4140 | 57 |
| iv_508 | 1.5829289986834202 × 10^298 | 4119 | 74 |
| iv_503 | 6.873740981309862 × 10^297 | 4017 | 75 |
| iv_504 | 1.901727539708288 × 10^298 | 4101 | 76 |
| iv_500 | 1.6251699234135282 × 10^297 | 4081 | 76 |
| iv_507 | 1.191976144656813 × 10^298 | 4151 | 76 |
| iv_502 | 4.325955279476986 × 10^297 | 3855 | 82 |
| iv_501 | 2.677061819477738 × 10^297 | 4051 | 83 |
| iv_509 | 1.6062591390817787 × 10^298 | 4207 | 87 |
| iv_498 | 5.498575277999879 × 10^296 | 3908 | 88 |
| iv_497 | 2.760358682920994 × 10^296 | 4113 | 93 |

## Input Bit Co-occurrences

### Input Bit Co-occurrences Sorted by Co-occurrences

| Input Bits | Co-occurrences | Potential Occurrences | Output Co-occurrences | Potential Output Occurrences |
|:----------:|:--------------:|:---------------------:|:---------------------:|:----------------------------:|
| iv_508-iv_509 | 2057 | 4212 | 40 | 81 |
| iv_507-iv_509 | 2046 | 4266 | 44 | 75 |
| iv_497-iv_507 | 2032 | 4200 | 44 | 81 |
| iv_499-iv_509 | 2016 | 4315 | 31 | 82 |
| iv_501-iv_509 | 2015 | 4228 | 49 | 72 |
| iv_504-iv_509 | 2006 | 4296 | 40 | 83 |
| iv_497-iv_509 | 2003 | 4314 | 50 | 80 |
| iv_497-iv_501 | 1989 | 4186 | 48 | 80 |
| iv_499-iv_507 | 1978 | 4335 | 29 | 75 |
| iv_503-iv_509 | 1971 | 4282 | 32 | 98 |
| iv_497-iv_503 | 1970 | 4190 | 46 | 76 |

### Input Bit Co-occurrences Sorted by Potential Occurrences

| Input Bits | Co-occurrences | Potential Occurrences | Output Co-occurrences | Potential Output Occurrences |
|:----------:|:--------------:|:---------------------:|:---------------------:|:----------------------------:|
| iv_497-iv_501 | 1989 | 4186 | 48 | 80 |
| iv_497-iv_502 | 1890 | 4188 | 52 | 71 |
| iv_497-iv_503 | 1970 | 4190 | 46 | 76 |
| iv_497-iv_507 | 2032 | 4200 | 44 | 81 |
| iv_500-iv_502 | 1864 | 4208 | 37 | 84 |
| iv_508-iv_509 | 2057 | 4212 | 40 | 81 |
| iv_500-iv_501 | 1953 | 4226 | 41 | 77 |
| iv_501-iv_509 | 2015 | 4228 | 49 | 72 |
| iv_498-iv_500 | 1879 | 4231 | 39 | 86 |
| iv_502-iv_507 | 1885 | 4236 | 42 | 74 |
| iv_500-iv_503 | 1931 | 4236 | 39 | 73 |

### Input Bit Output Co-occurrences Sorted by Output Co-occurrences

| Input Bits | Co-occurrences | Potential Occurrences | Output Co-occurrences | Potential Output Occurrences |
|:----------:|:--------------:|:---------------------:|:---------------------:|:----------------------------:|
| iv_498-iv_509 | 1868 | 4379 | 52 | 71 |
| iv_497-iv_502 | 1890 | 4188 | 52 | 71 |
| iv_497-iv_498 | 1878 | 4265 | 50 | 81 |
| iv_497-iv_509 | 2003 | 4314 | 50 | 80 |
| iv_501-iv_509 | 2015 | 4228 | 49 | 72 |
| iv_498-iv_501 | 1853 | 4253 | 48 | 75 |
| iv_497-iv_501 | 1989 | 4186 | 48 | 80 |
| iv_498-iv_508 | 1857 | 4313 | 47 | 68 |
| iv_502-iv_509 | 1859 | 4344 | 46 | 77 |
| iv_498-iv_502 | 1747 | 4269 | 46 | 78 |
| iv_497-iv_503 | 1970 | 4190 | 46 | 76 |

### Input Bit Output Co-occurrences Sorted by Potential Output Occurrences

| Input Bits | Co-occurrences | Potential Occurrences | Output Co-occurrences | Potential Output Occurrences |
|:----------:|:--------------:|:---------------------:|:---------------------:|:----------------------------:|
| iv_498-iv_508 | 1857 | 4313 | 47 | 68 |
| iv_501-iv_508 | 1924 | 4322 | 43 | 71 |
| iv_498-iv_509 | 1868 | 4379 | 52 | 71 |
| iv_497-iv_502 | 1890 | 4188 | 52 | 71 |
| iv_501-iv_509 | 2015 | 4228 | 49 | 72 |
| iv_499-iv_503 | 1890 | 4377 | 30 | 72 |
| iv_498-iv_499 | 1820 | 4408 | 36 | 73 |
| iv_499-iv_504 | 1961 | 4319 | 30 | 73 |
| iv_500-iv_503 | 1931 | 4236 | 39 | 73 |
| iv_502-iv_507 | 1885 | 4236 | 42 | 74 |
| iv_498-iv_501 | 1853 | 4253 | 48 | 75 |

## Output Bits

### Output Bits in Regular Order

| Rank | Output Bit | Complexity |
|:----:|:----------:|:----------:|
| 1 | ov_001 | 1.5310540764075444 × 10^298 |
| 2 | ov_002 | 1.3295522048685984 × 10^298 |
| 3 | ov_003 | 1.1488770845968739 × 10^298 |
| 4 | ov_004 | 9.87458698994645 × 10^297 |
| 5 | ov_005 | 8.43812607975677 × 10^297 |
| 6 | ov_006 | 7.165338856492813 × 10^297 |
| 7 | ov_007 | 6.042918454895715 × 10^297 |
| 8 | ov_008 | 5.0582548941478176 × 10^297 |
| 9 | ov_009 | 4.1993962129679694 × 10^297 |
| 10 | ov_010 | 3.45501560234452 × 10^297 |
| 11 | ov_011 | 2.814383881918404 × 10^297 |
| 12 | ov_012 | 2.267346703477216 × 10^297 |
| 13 | ov_013 | 1.804305901738501 × 10^297 |
| 14 | ov_014 | 1.4162044487522119 × 10^297 |
| 15 | ov_015 | 1.0945145039760538 × 10^297 |
| 16 | ov_016 | 8.312280874851836 × 10^296 |
| 17 | ov_017 | 6.188499389580901 × 10^296 |
| 18 | ov_018 | 4.503921601012856 × 10^296 |
| 19 | ov_019 | 3.19370273086509 × 10^296 |
| 20 | ov_020 | 2.1980036241102682 × 10^296 |
| 21 | ov_021 | 1.461970166481935 × 10^296 |
| 22 | ov_022 | 9.357186194792168 × 10^295 |
| 23 | ov_023 | 5.743254800987448 × 10^295 |
| 24 | ov_024 | 3.3782081057618325 × 10^295 |
| 25 | ov_025 | 1.911841570433721 × 10^295 |
| 26 | ov_026 | 1.0434231396389671 × 10^295 |
| 27 | ov_027 | 5.216827238255798 × 10^294 |
| 28 | ov_028 | 2.333499973840627 × 10^294 |
| 29 | ov_029 | 8.988301564653753 × 10^293 |
| 30 | ov_030 | 2.746793766969731 × 10^293 |
| 31 | ov_031 | 5.355315860448646 × 10^292 |
| 32 | lv_80_m31 | 1.0439000635384498 × 10^292 |
| 33 | ov_033 | 1.2514955321656573 × 10^293 |
| 34 | ov_034 | 1.085130078935998 × 10^293 |
| 35 | ov_035 | 9.362423085136522 × 10^292 |
| 36 | ov_036 | 8.034611283633585 × 10^292 |
| 37 | ov_037 | 6.854895677662357 × 10^292 |
| 38 | ov_038 | 5.810995614041446 × 10^292 |
| 39 | ov_039 | 4.891274358514731 × 10^292 |
| 40 | ov_040 | 4.084700308824039 × 10^292 |
| 41 | ov_041 | 3.3808139165562446 × 10^292 |
| 42 | ov_042 | 2.769699717765801 × 10^292 |
| 43 | ov_043 | 2.24653280657265 × 10^292 |
| 44 | ov_044 | 1.802419638168955 × 10^292 |
| 45 | ov_045 | 1.428952049231852 × 10^292 |
| 46 | ov_046 | 1.1181944497208138 × 10^292 |
| 47 | ov_047 | 8.62673655747863 × 10^291 |
| 48 | ov_048 | 6.553709677488976 × 10^291 |
| 49 | ov_049 | 4.8971612873636676 × 10^291 |
| 50 | ov_050 | 3.595828274008995 × 10^291 |
| 51 | ov_051 | 2.592854403768768 × 10^291 |
| 52 | ov_052 | 1.8357673720257286 × 10^291 |
| 53 | ov_053 | 1.2764630048112114 × 10^291 |
| 54 | ov_054 | 8.711945264189895 × 10^290 |
| 55 | ov_055 | 5.805653786677065 × 10^290 |
| 56 | ov_056 | 3.695245948609466 × 10^290 |
| 57 | ov_057 | 2.216326457277216 × 10^290 |
| 58 | ov_058 | 1.226208788563733 × 10^290 |
| 59 | ov_059 | 6.039097095589733 × 10^289 |
| 60 | ov_060 | 2.501467368515405 × 10^289 |
| 61 | ov_061 | 8.733719943009769 × 10^288 |
| 62 | ov_062 | 2.3947354728154338 × 10^288 |
| 63 | ov_063 | 4.665261305601246 × 10^287 |
| 64 | lv_79_m31 | 9.086607682105526 × 10^286 |
| 65 | ov_065 | 1.0840290894244356 × 10^288 |
| 66 | ov_066 | 1.084025715123774 × 10^288 |
| 67 | ov_067 | 1.084024889276119 × 10^288 |
| 68 | ov_068 | 9.373206962170428 × 10^287 |
| 69 | ov_069 | 8.064157984170477 × 10^287 |
| 70 | ov_070 | 6.9003214191124255 × 10^287 |
| 71 | ov_071 | 5.869703189465248 × 10^287 |
| 72 | ov_072 | 4.96104242017059 × 10^287 |
| 73 | ov_073 | 4.163762885845819 × 10^287 |
| 74 | ov_074 | 3.467928916253003 × 10^287 |
| 75 | ov_075 | 2.8642055209618547 × 10^287 |
| 76 | ov_076 | 2.3438225019383717 × 10^287 |
| 77 | ov_077 | 1.8985423291062197 × 10^287 |
| 78 | ov_078 | 1.5206315589591346 × 10^287 |
| 79 | ov_079 | 1.2028355802396088 × 10^287 |
| 80 | ov_080 | 9.383564737180006 × 10^286 |
| 81 | ov_081 | 7.208337753687585 × 10^286 |
| 82 | ov_082 | 5.443279338946708 × 10^286 |
| 83 | ov_083 | 4.0330625472982013 × 10^286 |
| 84 | ov_084 | 2.926311234759321 × 10^286 |
| 85 | ov_085 | 2.0755030229394457 × 10^286 |
| 86 | ov_086 | 1.4368909315683811 × 10^286 |
| 87 | ov_087 | 9.704416212242126 × 10^285 |
| 88 | ov_088 | 6.397881894277479 × 10^285 |
| 89 | ov_089 | 4.12195464191553 × 10^285 |
| 90 | ov_090 | 2.585357396008966 × 10^285 |
| 91 | ov_091 | 1.532728982384867 × 10^285 |
| 92 | ov_092 | 8.453525377851247 × 10^284 |
| 93 | ov_093 | 4.22404350824603 × 10^284 |
| 94 | ov_094 | 1.8093700323808623 × 10^284 |
| 95 | aaa_78_28 | 5.587248436639563 × 10^283 |
| 96 | aaa_78_29 | 1.71591155757056 × 10^283 |
| 97 | ov_097 | 1.1331884982224855 × 10^283 |
| 98 | ov_098 | 1.133154553318311 × 10^283 |
| 99 | ov_099 | 1.1331437104681445 × 10^283 |
| 100 | ov_100 | 1.0196906815039169 × 10^283 |
| 101 | ov_101 | 9.146121156444551 × 10^282 |
| 102 | ov_102 | 8.174481327749093 × 10^282 |
| 103 | ov_103 | 7.277723635360102 × 10^282 |
| 104 | ov_104 | 6.451875979311879 × 10^282 |
| 105 | ov_105 | 5.693218298953169 × 10^282 |
| 106 | ov_106 | 4.9982467740133854 × 10^282 |
| 107 | ov_107 | 4.363641584128035 × 10^282 |
| 108 | ov_108 | 3.786238035773077 × 10^282 |
| 109 | ov_109 | 3.2630008701815544 × 10^282 |
| 110 | ov_110 | 2.791001569373219 × 10^282 |
| 111 | ov_111 | 2.3673984800912393 × 10^282 |
| 112 | ov_112 | 1.989419577368817 × 10^282 |
| 113 | ov_113 | 1.6543476907894394 × 10^282 |
| 114 | ov_114 | 1.3595080173915287 × 10^282 |
| 115 | ov_115 | 1.1022577457227173 × 10^282 |
| 116 | ov_116 | 8.799776158784289 × 10^281 |
| 117 | ov_117 | 6.90065240552425 × 10^281 |
| 118 | ov_118 | 5.299300122452806 × 10^281 |
| 119 | ov_119 | 3.969894218537429 × 10^281 |
| 120 | ov_120 | 2.886664920895683 × 10^281 |
| 121 | ov_121 | 2.0238792921639107 × 10^281 |
| 122 | ov_122 | 1.3558276210163422 × 10^281 |
| 123 | ov_123 | 8.56813812457403 × 10^280 |
| 124 | ov_124 | 5.011489045348628 × 10^280 |
| 125 | ov_125 | 2.631470511730162 × 10^280 |
| 126 | ov_126 | 1.1712347262573923 × 10^280 |
| 127 | aaa_77_28 | 3.739366857332925 × 10^279 |
| 128 | aaa_77_29 | 1.4015072675705423 × 10^279 |
| 129 | ov_129 | 1.295782437409726 × 10^279 |
| 130 | ov_130 | 1.2957786503877234 × 10^279 |
| 131 | ov_131 | 1.2957777348542461 × 10^279 |
| 132 | ov_132 | 1.1230972272331188 × 10^279 |
| 133 | ov_133 | 9.684492172426274 × 10^278 |
| 134 | ov_134 | 8.304731518117617 × 10^278 |
| 135 | ov_135 | 7.078811134194763 × 10^278 |
| 136 | ov_136 | 5.9945261174647304 × 10^278 |
| 137 | ov_137 | 5.04030102735944 × 10^278 |
| 138 | ov_138 | 4.205151655210513 × 10^278 |
| 139 | ov_139 | 3.4786527120843724 × 10^278 |
| 140 | ov_140 | 2.8509108093821524 × 10^278 |
| 141 | ov_141 | 2.3125421399493684 × 10^278 |
| 142 | ov_142 | 1.85465430040447 × 10^278 |
| 143 | ov_143 | 1.4688317279430706 × 10^278 |
| 144 | ov_144 | 1.147124257132811 × 10^278 |
| 145 | ov_145 | 8.820383342796403 × 10^277 |
| 146 | ov_146 | 6.66530458889348 × 10^277 |
| 147 | ov_147 | 4.940024536142258 × 10^277 |
| 148 | ov_148 | 3.582981958909215 × 10^277 |
| 149 | ov_149 | 2.5370147625719593 × 10^277 |
| 150 | ov_150 | 1.7493468009193272 × 10^277 |
| 151 | ov_151 | 1.1715802126141796 × 10^277 |
| 152 | ov_152 | 7.596909890340365 × 10^276 |
| 153 | ov_153 | 4.740262042362589 × 10^276 |
| 154 | ov_154 | 2.7930215770871416 × 10^276 |
| 155 | ov_155 | 1.4460315599842928 × 10^276 |
| 156 | aaa_76_25 | 5.556325692766347 × 10^275 |
| 157 | aaa_76_26 | 3.2085670441062884 × 10^275 |
| 158 | aaa_76_27 | 1.6423812362631477 × 10^275 |
| 159 | aaa_76_28 | 6.394366843217723 × 10^274 |
| 160 | aaa_76_29 | 1.9445586884168132 × 10^274 |

### Output Bits Sorted by Complexity

| Rank | Output Bit | Complexity |
|:----:|:----------:|:----------:|
| 160 | aaa_76_29 | 1.9445586884168132 × 10^274 |
| 159 | aaa_76_28 | 6.394366843217723 × 10^274 |
| 158 | aaa_76_27 | 1.6423812362631477 × 10^275 |
| 157 | aaa_76_26 | 3.2085670441062884 × 10^275 |
| 156 | aaa_76_25 | 5.556325692766347 × 10^275 |
| 155 | ov_155 | 1.4460315599842928 × 10^276 |
| 154 | ov_154 | 2.7930215770871416 × 10^276 |
| 153 | ov_153 | 4.740262042362589 × 10^276 |
| 152 | ov_152 | 7.596909890340365 × 10^276 |
| 151 | ov_151 | 1.1715802126141796 × 10^277 |
| 150 | ov_150 | 1.7493468009193272 × 10^277 |
| 149 | ov_149 | 2.5370147625719593 × 10^277 |
| 148 | ov_148 | 3.582981958909215 × 10^277 |
| 147 | ov_147 | 4.940024536142258 × 10^277 |
| 146 | ov_146 | 6.66530458889348 × 10^277 |
| 145 | ov_145 | 8.820383342796403 × 10^277 |
| 144 | ov_144 | 1.147124257132811 × 10^278 |
| 143 | ov_143 | 1.4688317279430706 × 10^278 |
| 142 | ov_142 | 1.85465430040447 × 10^278 |
| 141 | ov_141 | 2.3125421399493684 × 10^278 |
| 140 | ov_140 | 2.8509108093821524 × 10^278 |
| 139 | ov_139 | 3.4786527120843724 × 10^278 |
| 138 | ov_138 | 4.205151655210513 × 10^278 |
| 137 | ov_137 | 5.04030102735944 × 10^278 |
| 136 | ov_136 | 5.9945261174647304 × 10^278 |
| 135 | ov_135 | 7.078811134194763 × 10^278 |
| 134 | ov_134 | 8.304731518117617 × 10^278 |
| 133 | ov_133 | 9.684492172426274 × 10^278 |
| 132 | ov_132 | 1.1230972272331188 × 10^279 |
| 131 | ov_131 | 1.2957777348542461 × 10^279 |
| 130 | ov_130 | 1.2957786503877234 × 10^279 |
| 129 | ov_129 | 1.295782437409726 × 10^279 |
| 128 | aaa_77_29 | 1.4015072675705423 × 10^279 |
| 127 | aaa_77_28 | 3.739366857332925 × 10^279 |
| 126 | ov_126 | 1.1712347262573923 × 10^280 |
| 125 | ov_125 | 2.631470511730162 × 10^280 |
| 124 | ov_124 | 5.011489045348628 × 10^280 |
| 123 | ov_123 | 8.56813812457403 × 10^280 |
| 122 | ov_122 | 1.3558276210163422 × 10^281 |
| 121 | ov_121 | 2.0238792921639107 × 10^281 |
| 120 | ov_120 | 2.886664920895683 × 10^281 |
| 119 | ov_119 | 3.969894218537429 × 10^281 |
| 118 | ov_118 | 5.299300122452806 × 10^281 |
| 117 | ov_117 | 6.90065240552425 × 10^281 |
| 116 | ov_116 | 8.799776158784289 × 10^281 |
| 115 | ov_115 | 1.1022577457227173 × 10^282 |
| 114 | ov_114 | 1.3595080173915287 × 10^282 |
| 113 | ov_113 | 1.6543476907894394 × 10^282 |
| 112 | ov_112 | 1.989419577368817 × 10^282 |
| 111 | ov_111 | 2.3673984800912393 × 10^282 |
| 110 | ov_110 | 2.791001569373219 × 10^282 |
| 109 | ov_109 | 3.2630008701815544 × 10^282 |
| 108 | ov_108 | 3.786238035773077 × 10^282 |
| 107 | ov_107 | 4.363641584128035 × 10^282 |
| 106 | ov_106 | 4.9982467740133854 × 10^282 |
| 105 | ov_105 | 5.693218298953169 × 10^282 |
| 104 | ov_104 | 6.451875979311879 × 10^282 |
| 103 | ov_103 | 7.277723635360102 × 10^282 |
| 102 | ov_102 | 8.174481327749093 × 10^282 |
| 101 | ov_101 | 9.146121156444551 × 10^282 |
| 100 | ov_100 | 1.0196906815039169 × 10^283 |
| 99 | ov_099 | 1.1331437104681445 × 10^283 |
| 98 | ov_098 | 1.133154553318311 × 10^283 |
| 97 | ov_097 | 1.1331884982224855 × 10^283 |
| 96 | aaa_78_29 | 1.71591155757056 × 10^283 |
| 95 | aaa_78_28 | 5.587248436639563 × 10^283 |
| 94 | ov_094 | 1.8093700323808623 × 10^284 |
| 93 | ov_093 | 4.22404350824603 × 10^284 |
| 92 | ov_092 | 8.453525377851247 × 10^284 |
| 91 | ov_091 | 1.532728982384867 × 10^285 |
| 90 | ov_090 | 2.585357396008966 × 10^285 |
| 89 | ov_089 | 4.12195464191553 × 10^285 |
| 88 | ov_088 | 6.397881894277479 × 10^285 |
| 87 | ov_087 | 9.704416212242126 × 10^285 |
| 86 | ov_086 | 1.4368909315683811 × 10^286 |
| 85 | ov_085 | 2.0755030229394457 × 10^286 |
| 84 | ov_084 | 2.926311234759321 × 10^286 |
| 83 | ov_083 | 4.0330625472982013 × 10^286 |
| 82 | ov_082 | 5.443279338946708 × 10^286 |
| 81 | ov_081 | 7.208337753687585 × 10^286 |
| 64 | lv_79_m31 | 9.086607682105526 × 10^286 |
| 80 | ov_080 | 9.383564737180006 × 10^286 |
| 79 | ov_079 | 1.2028355802396088 × 10^287 |
| 78 | ov_078 | 1.5206315589591346 × 10^287 |
| 77 | ov_077 | 1.8985423291062197 × 10^287 |
| 76 | ov_076 | 2.3438225019383717 × 10^287 |
| 75 | ov_075 | 2.8642055209618547 × 10^287 |
| 74 | ov_074 | 3.467928916253003 × 10^287 |
| 73 | ov_073 | 4.163762885845819 × 10^287 |
| 63 | ov_063 | 4.665261305601246 × 10^287 |
| 72 | ov_072 | 4.96104242017059 × 10^287 |
| 71 | ov_071 | 5.869703189465248 × 10^287 |
| 70 | ov_070 | 6.9003214191124255 × 10^287 |
| 69 | ov_069 | 8.064157984170477 × 10^287 |
| 68 | ov_068 | 9.373206962170428 × 10^287 |
| 67 | ov_067 | 1.084024889276119 × 10^288 |
| 66 | ov_066 | 1.084025715123774 × 10^288 |
| 65 | ov_065 | 1.0840290894244356 × 10^288 |
| 62 | ov_062 | 2.3947354728154338 × 10^288 |
| 61 | ov_061 | 8.733719943009769 × 10^288 |
| 60 | ov_060 | 2.501467368515405 × 10^289 |
| 59 | ov_059 | 6.039097095589733 × 10^289 |
| 58 | ov_058 | 1.226208788563733 × 10^290 |
| 57 | ov_057 | 2.216326457277216 × 10^290 |
| 56 | ov_056 | 3.695245948609466 × 10^290 |
| 55 | ov_055 | 5.805653786677065 × 10^290 |
| 54 | ov_054 | 8.711945264189895 × 10^290 |
| 53 | ov_053 | 1.2764630048112114 × 10^291 |
| 52 | ov_052 | 1.8357673720257286 × 10^291 |
| 51 | ov_051 | 2.592854403768768 × 10^291 |
| 50 | ov_050 | 3.595828274008995 × 10^291 |
| 49 | ov_049 | 4.8971612873636676 × 10^291 |
| 48 | ov_048 | 6.553709677488976 × 10^291 |
| 47 | ov_047 | 8.62673655747863 × 10^291 |
| 32 | lv_80_m31 | 1.0439000635384498 × 10^292 |
| 46 | ov_046 | 1.1181944497208138 × 10^292 |
| 45 | ov_045 | 1.428952049231852 × 10^292 |
| 44 | ov_044 | 1.802419638168955 × 10^292 |
| 43 | ov_043 | 2.24653280657265 × 10^292 |
| 42 | ov_042 | 2.769699717765801 × 10^292 |
| 41 | ov_041 | 3.3808139165562446 × 10^292 |
| 40 | ov_040 | 4.084700308824039 × 10^292 |
| 39 | ov_039 | 4.891274358514731 × 10^292 |
| 31 | ov_031 | 5.355315860448646 × 10^292 |
| 38 | ov_038 | 5.810995614041446 × 10^292 |
| 37 | ov_037 | 6.854895677662357 × 10^292 |
| 36 | ov_036 | 8.034611283633585 × 10^292 |
| 35 | ov_035 | 9.362423085136522 × 10^292 |
| 34 | ov_034 | 1.085130078935998 × 10^293 |
| 33 | ov_033 | 1.2514955321656573 × 10^293 |
| 30 | ov_030 | 2.746793766969731 × 10^293 |
| 29 | ov_029 | 8.988301564653753 × 10^293 |
| 28 | ov_028 | 2.333499973840627 × 10^294 |
| 27 | ov_027 | 5.216827238255798 × 10^294 |
| 26 | ov_026 | 1.0434231396389671 × 10^295 |
| 25 | ov_025 | 1.911841570433721 × 10^295 |
| 24 | ov_024 | 3.3782081057618325 × 10^295 |
| 23 | ov_023 | 5.743254800987448 × 10^295 |
| 22 | ov_022 | 9.357186194792168 × 10^295 |
| 21 | ov_021 | 1.461970166481935 × 10^296 |
| 20 | ov_020 | 2.1980036241102682 × 10^296 |
| 19 | ov_019 | 3.19370273086509 × 10^296 |
| 18 | ov_018 | 4.503921601012856 × 10^296 |
| 17 | ov_017 | 6.188499389580901 × 10^296 |
| 16 | ov_016 | 8.312280874851836 × 10^296 |
| 15 | ov_015 | 1.0945145039760538 × 10^297 |
| 14 | ov_014 | 1.4162044487522119 × 10^297 |
| 13 | ov_013 | 1.804305901738501 × 10^297 |
| 12 | ov_012 | 2.267346703477216 × 10^297 |
| 11 | ov_011 | 2.814383881918404 × 10^297 |
| 10 | ov_010 | 3.45501560234452 × 10^297 |
| 9 | ov_009 | 4.1993962129679694 × 10^297 |
| 8 | ov_008 | 5.0582548941478176 × 10^297 |
| 7 | ov_007 | 6.042918454895715 × 10^297 |
| 6 | ov_006 | 7.165338856492813 × 10^297 |
| 5 | ov_005 | 8.43812607975677 × 10^297 |
| 4 | ov_004 | 9.87458698994645 × 10^297 |
| 3 | ov_003 | 1.1488770845968739 × 10^298 |
| 2 | ov_002 | 1.3295522048685984 × 10^298 |
| 1 | ov_001 | 1.5310540764075444 × 10^298 |

