# Results for F001-F002-F003-F004-F005-F006-F007-F008-F009-F010-F011-F012-F013-F014-F015-F016-F017-F018-F019-F020-F021-F022-F023-F024-F025-F026-F027-F028-F029-F030-F031-F032-F033-F034-F035-F036-F037-F038-F039-F040-F041-F042-F043-F044-F045-F046-F047-F048-F049-F050-F051-F052-F053-F054-F055-F056-F057-F058-F059-F060-F061-F062-F063-F064-F065-F066-F067-F068-F069-F070-F071-F072-F073-F074-F075-F076-F077-F078-F079-F080-F081-F082-F083-F084-F085-F086-F087-F088-F089-F090-F091-F092-F093-F094-F095-F096-F097-F098-F099-F100-F101-F102-F103-F104-F105-F106-F107-F108-F109-F110-F111-F112-F113-F114-F115-F116-F117-F118-F119-F120-F121-F122-F123-F124-F125-F126-F127-F128-F129-F130-F131-F132-F133-F134-F135-F136-F137-F138-F139-F140-F141-F142-F143-F144-F145-F146-F147-F148-F149-F150-F151-F152-F153-F154-F155-F156-F157-F158-F159-F160-F161-F162-F163-F164-F165-F166-F167-F168-F169-F170-F171-F172-F173-F174-F175-F176-F177-F178-F179-F180-F181-F182-F183-F184-F185-F186-F187-F188-F189-F190-F191-F192-F193-F194-F195-F196-F197-F198-F199-F200-F201-F202-F203-F204-F205-F206-F207-F208-F209-F210-F211-F212-F213-F214-F215-F216-F217-F218-F219-F220-F221-F222-F223-F224-F225-F226-F227-F228-F229-F230-F231-F232-F233-F234-F235-F236-F237-F238-F239-F240-F241-F242-F243-F244-F245-F246-F247-F248-F249-F250-F251-F252-F253-F254-F255-F256-F257-F258-F259-F260-F261-F262-F263-F264-F265-F266-F267-F268-F269-F270-F271-F272-F273-F274-F275-F276-F277-F278-F279-F280-F281-F282-F283-F284-F285-F286-F287-F288-F289-F290-F291-F292-F293-F294-F295-F296-F297-F298-F299-F300-F301-F302-F303-F304-F305-F306-F307-F308-F309-F310-F311-F312-F313-F314-F315-F316-F317-F318-F319-F320-F321-F322-F323-F324-F325-F326-F327-F328-F329-F330-F331-F332-F333-F334-F335-F336-F337-F338-F339-F340-F341-F342-F343-F344-F345-F346-F347-F348-F349-F350-F351-F352-F353-F354-F355-F356-F357-F358-F359-F360-F361-F362-F363-F364-F365-F366-F367-F368-F369-F370-F371-F372-F373-F374-F375-F376-F377-F378-F379-F380-F381-F382-F383-F384-F385-F386-F387-F388-F389-F390-F391-F392-F393-F394-F395-F396-F397-F398-F399-F400-F401-F402-F403-F404-F405-F406-F407-F408-F409-F410-F411-F412-F413-F414-F415-F416-F417-F418-F419-F420-F421-F422-F423-F424-F425-F426-F427-F428-F429-F430-F431-F432-F433-F434-F435-F436-F437-F438-F439-F440-F441-F442-F443-F444-F445-F446-F447-F448-F449-F450-F451-F452-F453-F454-F455-F456-F457-F458-F459-F460-F461-F462-F463-F464-F465-F466-F467-F468-F469-F470-F471-F472-F473-F474-F475-F476-F477-F478-F479-F480-F481-F482-F483-F484-F485-F486-F487-F488-F489-F490-F491-F492-F493-F494-F495-F496-F504-F508-F509-F510-F512

## Summary

Number of input bits: 512  
Number of free input bits: 11  
Number of output bits: 160

Number of direct occurrences: 45416  
Number of assignments: 31239  
Number of operations: 11081184
(xor: 11052965,
and: 14962,
or: 13257)

Total complexity: 5.272499967525211 × 10^298

Least occurring input variable: iv_498 (3943)  
Most occurring input variable: iv_511 (4420)

Most co-occurring input variables: iv_502-iv_503 (2135)  
Least co-occurring input variables: iv_498-iv_505 (1824)

Potentially most occurring input variable: iv_497/iv_511 (4513)  
Potentially least occurring input variable: iv_500/iv_501 (4135)

Least output occurring input variable: iv_500 (76)  
Most output occurring input variable: iv_497 (93)

Most output co-occurring input variables: iv_497-iv_506 (57)  
Least output co-occurring input variables: iv_502-iv_511 (32)

Potentially most output occurring input variable: iv_498/iv_505 (94)  
Potentially least output occurring input variable: iv_497/iv_501 (65)

Least complex input bit: iv_511 (4.2506236248500066 × 10^293)  
Most complex input bit: iv_502 (1.1234213016353499 × 10^298)

Least complex output bit: aaa_76_29 (1.13306313459239 × 10^274)  
Most complex output bit: ov_001 (8.242928440814205 × 10^297)

Least complex input/output complexity: iv_511/aaa_76_29 (9.134613481288703 × 10^268)  
Most complex input/output complexity: iv_502/ov_001 (1.7563359801428462 × 10^297)

## Input Bits

### Input Bits in Regular Order

| Input Bit | Complexity | Occurrences | Output Occurrences |
|:---------:|:----------:|:-----------:|:------------------:|
| iv_497 | 7.089543747637142 × 10^296 | 4147 | 93 |
| iv_498 | 1.4192164926583306 × 10^297 | 3943 | 88 |
| iv_499 | 2.5083363522330645 × 10^297 | 3961 | 81 |
| iv_500 | 4.229447267180622 × 10^297 | 4131 | 76 |
| iv_501 | 6.958642192616528 × 10^297 | 4082 | 82 |
| iv_502 | 1.1234213016353499 × 10^298 | 4190 | 76 |
| iv_503 | 6.573375315345995 × 10^297 | 4268 | 80 |
| iv_505 | 4.733892666993696 × 10^297 | 3980 | 82 |
| iv_506 | 6.624003184012208 × 10^297 | 4130 | 93 |
| iv_507 | 7.734493750732074 × 10^297 | 4164 | 87 |
| iv_511 | 4.2506236248500066 × 10^293 | 4420 | 81 |

### Input Bits Sorted by Complexity

| Input Bit | Complexity | Occurrences | Output Occurrences |
|:---------:|:----------:|:-----------:|:------------------:|
| iv_511 | 4.2506236248500066 × 10^293 | 4420 | 81 |
| iv_497 | 7.089543747637142 × 10^296 | 4147 | 93 |
| iv_498 | 1.4192164926583306 × 10^297 | 3943 | 88 |
| iv_499 | 2.5083363522330645 × 10^297 | 3961 | 81 |
| iv_500 | 4.229447267180622 × 10^297 | 4131 | 76 |
| iv_505 | 4.733892666993696 × 10^297 | 3980 | 82 |
| iv_503 | 6.573375315345995 × 10^297 | 4268 | 80 |
| iv_506 | 6.624003184012208 × 10^297 | 4130 | 93 |
| iv_501 | 6.958642192616528 × 10^297 | 4082 | 82 |
| iv_507 | 7.734493750732074 × 10^297 | 4164 | 87 |
| iv_502 | 1.1234213016353499 × 10^298 | 4190 | 76 |

### Input Bits Sorted by Occurrences

| Input Bit | Complexity | Occurrences | Output Occurrences |
|:---------:|:----------:|:-----------:|:------------------:|
| iv_498 | 1.4192164926583306 × 10^297 | 3943 | 88 |
| iv_499 | 2.5083363522330645 × 10^297 | 3961 | 81 |
| iv_505 | 4.733892666993696 × 10^297 | 3980 | 82 |
| iv_501 | 6.958642192616528 × 10^297 | 4082 | 82 |
| iv_506 | 6.624003184012208 × 10^297 | 4130 | 93 |
| iv_500 | 4.229447267180622 × 10^297 | 4131 | 76 |
| iv_497 | 7.089543747637142 × 10^296 | 4147 | 93 |
| iv_507 | 7.734493750732074 × 10^297 | 4164 | 87 |
| iv_502 | 1.1234213016353499 × 10^298 | 4190 | 76 |
| iv_503 | 6.573375315345995 × 10^297 | 4268 | 80 |
| iv_511 | 4.2506236248500066 × 10^293 | 4420 | 81 |

### Input Bits Sorted by Output Occurrences

| Input Bit | Complexity | Occurrences | Output Occurrences |
|:---------:|:----------:|:-----------:|:------------------:|
| iv_500 | 4.229447267180622 × 10^297 | 4131 | 76 |
| iv_502 | 1.1234213016353499 × 10^298 | 4190 | 76 |
| iv_503 | 6.573375315345995 × 10^297 | 4268 | 80 |
| iv_499 | 2.5083363522330645 × 10^297 | 3961 | 81 |
| iv_511 | 4.2506236248500066 × 10^293 | 4420 | 81 |
| iv_501 | 6.958642192616528 × 10^297 | 4082 | 82 |
| iv_505 | 4.733892666993696 × 10^297 | 3980 | 82 |
| iv_507 | 7.734493750732074 × 10^297 | 4164 | 87 |
| iv_498 | 1.4192164926583306 × 10^297 | 3943 | 88 |
| iv_506 | 6.624003184012208 × 10^297 | 4130 | 93 |
| iv_497 | 7.089543747637142 × 10^296 | 4147 | 93 |

## Input Bit Co-occurrences

### Input Bit Co-occurrences Sorted by Co-occurrences

| Input Bits | Co-occurrences | Potential Occurrences | Output Co-occurrences | Potential Output Occurrences |
|:----------:|:--------------:|:---------------------:|:---------------------:|:----------------------------:|
| iv_502-iv_503 | 2135 | 4188 | 41 | 74 |
| iv_503-iv_511 | 2124 | 4440 | 47 | 67 |
| iv_501-iv_511 | 2087 | 4328 | 43 | 77 |
| iv_502-iv_511 | 2071 | 4468 | 32 | 93 |
| iv_506-iv_511 | 2069 | 4412 | 46 | 82 |
| iv_501-iv_502 | 2068 | 4136 | 39 | 80 |
| iv_501-iv_503 | 2068 | 4214 | 43 | 76 |
| iv_500-iv_511 | 2066 | 4419 | 39 | 79 |
| iv_500-iv_502 | 2041 | 4239 | 40 | 72 |
| iv_500-iv_501 | 2039 | 4135 | 39 | 80 |
| iv_507-iv_511 | 2037 | 4510 | 44 | 80 |

### Input Bit Co-occurrences Sorted by Potential Occurrences

| Input Bits | Co-occurrences | Potential Occurrences | Output Co-occurrences | Potential Output Occurrences |
|:----------:|:--------------:|:---------------------:|:---------------------:|:----------------------------:|
| iv_500-iv_501 | 2039 | 4135 | 39 | 80 |
| iv_501-iv_502 | 2068 | 4136 | 39 | 80 |
| iv_499-iv_505 | 1887 | 4167 | 37 | 89 |
| iv_502-iv_503 | 2135 | 4188 | 41 | 74 |
| iv_497-iv_505 | 1963 | 4201 | 49 | 77 |
| iv_501-iv_503 | 2068 | 4214 | 43 | 76 |
| iv_498-iv_499 | 1833 | 4238 | 48 | 73 |
| iv_500-iv_502 | 2041 | 4239 | 40 | 72 |
| iv_497-iv_499 | 1925 | 4258 | 45 | 84 |
| iv_498-iv_506 | 1907 | 4259 | 54 | 73 |
| iv_499-iv_501 | 1891 | 4261 | 43 | 77 |

### Input Bit Output Co-occurrences Sorted by Output Co-occurrences

| Input Bits | Co-occurrences | Potential Occurrences | Output Co-occurrences | Potential Output Occurrences |
|:----------:|:--------------:|:---------------------:|:---------------------:|:----------------------------:|
| iv_497-iv_506 | 1941 | 4395 | 57 | 72 |
| iv_497-iv_501 | 1970 | 4289 | 55 | 65 |
| iv_498-iv_506 | 1907 | 4259 | 54 | 73 |
| iv_503-iv_506 | 1987 | 4424 | 50 | 73 |
| iv_497-iv_498 | 1893 | 4304 | 50 | 81 |
| iv_499-iv_506 | 1872 | 4347 | 49 | 76 |
| iv_506-iv_507 | 1956 | 4382 | 49 | 82 |
| iv_497-iv_505 | 1963 | 4201 | 49 | 77 |
| iv_498-iv_499 | 1833 | 4238 | 48 | 73 |
| iv_502-iv_506 | 2022 | 4276 | 48 | 73 |
| iv_497-iv_507 | 1966 | 4379 | 48 | 84 |

### Input Bit Output Co-occurrences Sorted by Potential Output Occurrences

| Input Bits | Co-occurrences | Potential Occurrences | Output Co-occurrences | Potential Output Occurrences |
|:----------:|:--------------:|:---------------------:|:---------------------:|:----------------------------:|
| iv_497-iv_501 | 1970 | 4289 | 55 | 65 |
| iv_503-iv_511 | 2124 | 4440 | 47 | 67 |
| iv_500-iv_502 | 2041 | 4239 | 40 | 72 |
| iv_497-iv_506 | 1941 | 4395 | 57 | 72 |
| iv_498-iv_499 | 1833 | 4238 | 48 | 73 |
| iv_498-iv_506 | 1907 | 4259 | 54 | 73 |
| iv_499-iv_500 | 1898 | 4296 | 42 | 73 |
| iv_499-iv_502 | 1938 | 4275 | 42 | 73 |
| iv_502-iv_506 | 2022 | 4276 | 48 | 73 |
| iv_503-iv_506 | 1987 | 4424 | 50 | 73 |
| iv_505-iv_507 | 1839 | 4466 | 48 | 73 |

## Output Bits

### Output Bits in Regular Order

| Rank | Output Bit | Complexity |
|:----:|:----------:|:----------:|
| 1 | ov_001 | 8.242928440814205 × 10^297 |
| 2 | ov_002 | 7.172678095067073 × 10^297 |
| 3 | ov_003 | 6.211833809654643 × 10^297 |
| 4 | ov_004 | 5.352192793552454 × 10^297 |
| 5 | ov_005 | 4.5860016740521966 × 10^297 |
| 6 | ov_006 | 3.905924366408229 × 10^297 |
| 7 | ov_007 | 3.3050140969535915 × 10^297 |
| 8 | ov_008 | 2.7766893266495085 × 10^297 |
| 9 | ov_009 | 2.3147132608595302 × 10^297 |
| 10 | ov_010 | 1.913176573618326 × 10^297 |
| 11 | ov_011 | 1.5664829704933334 × 10^297 |
| 12 | ov_012 | 1.2693372357045204 × 10^297 |
| 13 | ov_013 | 1.0167354303118988 × 10^297 |
| 14 | ov_014 | 8.039569290954338 × 10^296 |
| 15 | ov_015 | 6.265580200119123 × 10^296 |
| 16 | ov_016 | 4.803668418804648 × 10^296 |
| 17 | ov_017 | 3.6147945618045387 × 10^296 |
| 18 | ov_018 | 2.6625683758116924 × 10^296 |
| 19 | ov_019 | 1.9132258287289808 × 10^296 |
| 20 | ov_020 | 1.335611887982602 × 10^296 |
| 21 | ov_021 | 9.011679634010923 × 10^295 |
| 22 | ov_022 | 5.839231399640443 × 10^295 |
| 23 | ov_023 | 3.6048828655024966 × 10^295 |
| 24 | ov_024 | 2.100522265553502 × 10^295 |
| 25 | ov_025 | 1.143793949237536 × 10^295 |
| 26 | ov_026 | 5.7808554862103 × 10^294 |
| 27 | ov_027 | 2.725219414652222 × 10^294 |
| 28 | ov_028 | 1.2196287137780434 × 10^294 |
| 29 | ov_029 | 4.700218190515252 × 10^293 |
| 30 | ov_030 | 1.437028003574886 × 10^293 |
| 31 | ov_031 | 2.8031796559289885 × 10^292 |
| 32 | lv_80_m31 | 5.467431326159227 × 10^291 |
| 33 | ov_033 | 6.57507017651493 × 10^292 |
| 34 | ov_034 | 5.71373868498988 × 10^292 |
| 35 | ov_035 | 4.940648496969209 × 10^292 |
| 36 | ov_036 | 4.2479155875045266 × 10^292 |
| 37 | ov_037 | 3.6317084622267087 × 10^292 |
| 38 | ov_038 | 3.084965329563014 × 10^292 |
| 39 | ov_039 | 2.6009947112273224 × 10^292 |
| 40 | ov_040 | 2.1734532310824157 × 10^292 |
| 41 | ov_041 | 1.7992536660587973 × 10^292 |
| 42 | ov_042 | 1.4754690284039941 × 10^292 |
| 43 | ov_043 | 1.1993252502239387 × 10^292 |
| 44 | ov_044 | 9.657096538385188 × 10^291 |
| 45 | ov_045 | 7.697890904287933 × 10^291 |
| 46 | ov_046 | 6.070025811670488 × 10^291 |
| 47 | ov_047 | 4.730554553421948 × 10^291 |
| 48 | ov_048 | 3.6391475618052163 × 10^291 |
| 49 | ov_049 | 2.7580570276214843 × 10^291 |
| 50 | ov_050 | 2.0520901380694484 × 10^291 |
| 51 | ov_051 | 1.5042863712450388 × 10^291 |
| 52 | ov_052 | 1.0845084885626065 × 10^291 |
| 53 | ov_053 | 7.651293515788912 × 10^290 |
| 54 | ov_054 | 5.210249039882043 × 10^290 |
| 55 | ov_055 | 3.4025819836268477 × 10^290 |
| 56 | ov_056 | 2.1214074897385513 × 10^290 |
| 57 | ov_057 | 1.2723150332202189 × 10^290 |
| 58 | ov_058 | 7.038854628958717 × 10^289 |
| 59 | ov_059 | 3.4664179519771343 × 10^289 |
| 60 | ov_060 | 1.4357075806042416 × 10^289 |
| 61 | ov_061 | 5.0122248017930056 × 10^288 |
| 62 | ov_062 | 1.3741945034514278 × 10^288 |
| 63 | ov_063 | 2.676842605615393 × 10^287 |
| 64 | lv_79_m31 | 5.213201832006377 × 10^286 |
| 65 | ov_065 | 6.229022550175623 × 10^287 |
| 66 | ov_066 | 6.22900300160685 × 10^287 |
| 67 | ov_067 | 6.228998217226169 × 10^287 |
| 68 | ov_068 | 5.385840360589945 × 10^287 |
| 69 | ov_069 | 4.633799761337016 × 10^287 |
| 70 | ov_070 | 3.9654726461215506 × 10^287 |
| 71 | ov_071 | 3.37391077510781 × 10^287 |
| 72 | ov_072 | 2.852590591280271 × 10^287 |
| 73 | ov_073 | 2.395385097937057 × 10^287 |
| 74 | ov_074 | 1.9965383201164568 × 10^287 |
| 75 | ov_075 | 1.6506422111938076 × 10^287 |
| 76 | ov_076 | 1.3526158703932758 × 10^287 |
| 77 | ov_077 | 1.0976869406137964 × 10^287 |
| 78 | ov_078 | 8.813750588897927 × 10^286 |
| 79 | ov_079 | 6.994772341062919 × 10^286 |
| 80 | ov_080 | 5.480550283674405 × 10^286 |
| 81 | ov_081 | 4.234234197716816 × 10^286 |
| 82 | ov_082 | 3.2214122536141778 × 10^286 |
| 83 | ov_083 | 2.410029637623162 × 10^286 |
| 84 | ov_084 | 1.7703203756367181 × 10^286 |
| 85 | ov_085 | 1.2747511586022782 × 10^286 |
| 86 | ov_086 | 8.979759761754961 × 10^285 |
| 87 | ov_087 | 6.168003667521605 × 10^285 |
| 88 | ov_088 | 4.101540929483282 × 10^285 |
| 89 | ov_089 | 2.5907105213579757 × 10^285 |
| 90 | ov_090 | 1.54592130503487 × 10^285 |
| 91 | ov_091 | 8.880042947327831 × 10^284 |
| 92 | ov_092 | 4.897622366585815 × 10^284 |
| 93 | ov_093 | 2.447221389085113 × 10^284 |
| 94 | ov_094 | 1.0482613235042065 × 10^284 |
| 95 | aaa_78_28 | 3.236961808378202 × 10^283 |
| 96 | aaa_78_29 | 9.941004798157432 × 10^282 |
| 97 | ov_097 | 6.563757288930675 × 10^282 |
| 98 | ov_098 | 6.563560958334604 × 10^282 |
| 99 | ov_099 | 6.563498257743537 × 10^282 |
| 100 | ov_100 | 5.90613120142847 × 10^282 |
| 101 | ov_101 | 5.297305003357223 × 10^282 |
| 102 | ov_102 | 4.7343557410776184 × 10^282 |
| 103 | ov_103 | 4.214813070360902 × 10^282 |
| 104 | ov_104 | 3.7363750016339983 × 10^282 |
| 105 | ov_105 | 3.29688499354068 × 10^282 |
| 106 | ov_106 | 2.8943112436660714 × 10^282 |
| 107 | ov_107 | 2.5267280607233158 × 10^282 |
| 108 | ov_108 | 2.1922992059377618 × 10^282 |
| 109 | ov_109 | 1.8892630940936158 × 10^282 |
| 110 | ov_110 | 1.6159197468373343 × 10^282 |
| 111 | ov_111 | 1.3706193924622853 × 10^282 |
| 112 | ov_112 | 1.1517526076190422 × 10^282 |
| 113 | ov_113 | 9.577418972798607 × 10^281 |
| 114 | ov_114 | 7.870346099017299 × 10^281 |
| 115 | ov_115 | 6.380970851449848 × 10^281 |
| 116 | ov_116 | 5.09409931772699 × 10^281 |
| 117 | ov_117 | 3.9946433352539786 × 10^281 |
| 118 | ov_118 | 3.0675918426816895 × 10^281 |
| 119 | ov_119 | 2.2979876991582625 × 10^281 |
| 120 | ov_120 | 1.6709090787387336 × 10^281 |
| 121 | ov_121 | 1.171456224528916 × 10^281 |
| 122 | ov_122 | 7.84742925174848 × 10^280 |
| 123 | ov_123 | 4.958909092280857 × 10^280 |
| 124 | ov_124 | 2.900260639398497 × 10^280 |
| 125 | ov_125 | 1.5227609283852191 × 10^280 |
| 126 | ov_126 | 6.776932089472709 × 10^279 |
| 127 | aaa_77_28 | 2.163423588832546 × 10^279 |
| 128 | aaa_77_29 | 8.10723400111945 × 10^278 |
| 129 | ov_129 | 7.50416456311188 × 10^278 |
| 130 | ov_130 | 7.504142501925138 × 10^278 |
| 131 | ov_131 | 7.504137170066448 × 10^278 |
| 132 | ov_132 | 6.5034955220046 × 10^278 |
| 133 | ov_133 | 5.6077935774106925 × 10^278 |
| 134 | ov_134 | 4.809065737587994 × 10^278 |
| 135 | ov_135 | 4.099771598366163 × 10^278 |
| 136 | ov_136 | 3.472765687640854 × 10^278 |
| 137 | ov_137 | 2.9212714494083864 × 10^278 |
| 138 | ov_138 | 2.4388590592898794 × 10^278 |
| 139 | ov_139 | 2.0194266778414517 × 10^278 |
| 140 | ov_140 | 1.657184768615785 × 10^278 |
| 141 | ov_141 | 1.3466431281126075 × 10^278 |
| 142 | ov_142 | 1.0826002945461629 × 10^278 |
| 143 | ov_143 | 8.601350218617298 × 10^277 |
| 144 | ov_144 | 6.745995247278215 × 10^277 |
| 145 | ov_145 | 5.216142193777117 × 10^277 |
| 146 | ov_146 | 3.970637042204213 × 10^277 |
| 147 | ov_147 | 2.9709375557352923 × 10^277 |
| 148 | ov_148 | 2.1810915771105812 × 10^277 |
| 149 | ov_149 | 1.5677220532612054 × 10^277 |
| 150 | ov_150 | 1.1000171049047179 × 10^277 |
| 151 | ov_151 | 7.497236035185213 × 10^276 |
| 152 | ov_152 | 4.911431270473604 × 10^276 |
| 153 | ov_153 | 3.0112953923432115 × 10^276 |
| 154 | ov_154 | 1.6874762295541105 × 10^276 |
| 155 | ov_155 | 8.433737312708333 × 10^275 |
| 156 | aaa_76_25 | 3.240345376379132 × 10^275 |
| 157 | aaa_76_26 | 1.870855968305409 × 10^275 |
| 158 | aaa_76_27 | 9.574564543211555 × 10^274 |
| 159 | aaa_76_28 | 3.7268025554358266 × 10^274 |
| 160 | aaa_76_29 | 1.13306313459239 × 10^274 |

### Output Bits Sorted by Complexity

| Rank | Output Bit | Complexity |
|:----:|:----------:|:----------:|
| 160 | aaa_76_29 | 1.13306313459239 × 10^274 |
| 159 | aaa_76_28 | 3.7268025554358266 × 10^274 |
| 158 | aaa_76_27 | 9.574564543211555 × 10^274 |
| 157 | aaa_76_26 | 1.870855968305409 × 10^275 |
| 156 | aaa_76_25 | 3.240345376379132 × 10^275 |
| 155 | ov_155 | 8.433737312708333 × 10^275 |
| 154 | ov_154 | 1.6874762295541105 × 10^276 |
| 153 | ov_153 | 3.0112953923432115 × 10^276 |
| 152 | ov_152 | 4.911431270473604 × 10^276 |
| 151 | ov_151 | 7.497236035185213 × 10^276 |
| 150 | ov_150 | 1.1000171049047179 × 10^277 |
| 149 | ov_149 | 1.5677220532612054 × 10^277 |
| 148 | ov_148 | 2.1810915771105812 × 10^277 |
| 147 | ov_147 | 2.9709375557352923 × 10^277 |
| 146 | ov_146 | 3.970637042204213 × 10^277 |
| 145 | ov_145 | 5.216142193777117 × 10^277 |
| 144 | ov_144 | 6.745995247278215 × 10^277 |
| 143 | ov_143 | 8.601350218617298 × 10^277 |
| 142 | ov_142 | 1.0826002945461629 × 10^278 |
| 141 | ov_141 | 1.3466431281126075 × 10^278 |
| 140 | ov_140 | 1.657184768615785 × 10^278 |
| 139 | ov_139 | 2.0194266778414517 × 10^278 |
| 138 | ov_138 | 2.4388590592898794 × 10^278 |
| 137 | ov_137 | 2.9212714494083864 × 10^278 |
| 136 | ov_136 | 3.472765687640854 × 10^278 |
| 135 | ov_135 | 4.099771598366163 × 10^278 |
| 134 | ov_134 | 4.809065737587994 × 10^278 |
| 133 | ov_133 | 5.6077935774106925 × 10^278 |
| 132 | ov_132 | 6.5034955220046 × 10^278 |
| 131 | ov_131 | 7.504137170066448 × 10^278 |
| 130 | ov_130 | 7.504142501925138 × 10^278 |
| 129 | ov_129 | 7.50416456311188 × 10^278 |
| 128 | aaa_77_29 | 8.10723400111945 × 10^278 |
| 127 | aaa_77_28 | 2.163423588832546 × 10^279 |
| 126 | ov_126 | 6.776932089472709 × 10^279 |
| 125 | ov_125 | 1.5227609283852191 × 10^280 |
| 124 | ov_124 | 2.900260639398497 × 10^280 |
| 123 | ov_123 | 4.958909092280857 × 10^280 |
| 122 | ov_122 | 7.84742925174848 × 10^280 |
| 121 | ov_121 | 1.171456224528916 × 10^281 |
| 120 | ov_120 | 1.6709090787387336 × 10^281 |
| 119 | ov_119 | 2.2979876991582625 × 10^281 |
| 118 | ov_118 | 3.0675918426816895 × 10^281 |
| 117 | ov_117 | 3.9946433352539786 × 10^281 |
| 116 | ov_116 | 5.09409931772699 × 10^281 |
| 115 | ov_115 | 6.380970851449848 × 10^281 |
| 114 | ov_114 | 7.870346099017299 × 10^281 |
| 113 | ov_113 | 9.577418972798607 × 10^281 |
| 112 | ov_112 | 1.1517526076190422 × 10^282 |
| 111 | ov_111 | 1.3706193924622853 × 10^282 |
| 110 | ov_110 | 1.6159197468373343 × 10^282 |
| 109 | ov_109 | 1.8892630940936158 × 10^282 |
| 108 | ov_108 | 2.1922992059377618 × 10^282 |
| 107 | ov_107 | 2.5267280607233158 × 10^282 |
| 106 | ov_106 | 2.8943112436660714 × 10^282 |
| 105 | ov_105 | 3.29688499354068 × 10^282 |
| 104 | ov_104 | 3.7363750016339983 × 10^282 |
| 103 | ov_103 | 4.214813070360902 × 10^282 |
| 102 | ov_102 | 4.7343557410776184 × 10^282 |
| 101 | ov_101 | 5.297305003357223 × 10^282 |
| 100 | ov_100 | 5.90613120142847 × 10^282 |
| 99 | ov_099 | 6.563498257743537 × 10^282 |
| 98 | ov_098 | 6.563560958334604 × 10^282 |
| 97 | ov_097 | 6.563757288930675 × 10^282 |
| 96 | aaa_78_29 | 9.941004798157432 × 10^282 |
| 95 | aaa_78_28 | 3.236961808378202 × 10^283 |
| 94 | ov_094 | 1.0482613235042065 × 10^284 |
| 93 | ov_093 | 2.447221389085113 × 10^284 |
| 92 | ov_092 | 4.897622366585815 × 10^284 |
| 91 | ov_091 | 8.880042947327831 × 10^284 |
| 90 | ov_090 | 1.54592130503487 × 10^285 |
| 89 | ov_089 | 2.5907105213579757 × 10^285 |
| 88 | ov_088 | 4.101540929483282 × 10^285 |
| 87 | ov_087 | 6.168003667521605 × 10^285 |
| 86 | ov_086 | 8.979759761754961 × 10^285 |
| 85 | ov_085 | 1.2747511586022782 × 10^286 |
| 84 | ov_084 | 1.7703203756367181 × 10^286 |
| 83 | ov_083 | 2.410029637623162 × 10^286 |
| 82 | ov_082 | 3.2214122536141778 × 10^286 |
| 81 | ov_081 | 4.234234197716816 × 10^286 |
| 64 | lv_79_m31 | 5.213201832006377 × 10^286 |
| 80 | ov_080 | 5.480550283674405 × 10^286 |
| 79 | ov_079 | 6.994772341062919 × 10^286 |
| 78 | ov_078 | 8.813750588897927 × 10^286 |
| 77 | ov_077 | 1.0976869406137964 × 10^287 |
| 76 | ov_076 | 1.3526158703932758 × 10^287 |
| 75 | ov_075 | 1.6506422111938076 × 10^287 |
| 74 | ov_074 | 1.9965383201164568 × 10^287 |
| 73 | ov_073 | 2.395385097937057 × 10^287 |
| 63 | ov_063 | 2.676842605615393 × 10^287 |
| 72 | ov_072 | 2.852590591280271 × 10^287 |
| 71 | ov_071 | 3.37391077510781 × 10^287 |
| 70 | ov_070 | 3.9654726461215506 × 10^287 |
| 69 | ov_069 | 4.633799761337016 × 10^287 |
| 68 | ov_068 | 5.385840360589945 × 10^287 |
| 67 | ov_067 | 6.228998217226169 × 10^287 |
| 66 | ov_066 | 6.22900300160685 × 10^287 |
| 65 | ov_065 | 6.229022550175623 × 10^287 |
| 62 | ov_062 | 1.3741945034514278 × 10^288 |
| 61 | ov_061 | 5.0122248017930056 × 10^288 |
| 60 | ov_060 | 1.4357075806042416 × 10^289 |
| 59 | ov_059 | 3.4664179519771343 × 10^289 |
| 58 | ov_058 | 7.038854628958717 × 10^289 |
| 57 | ov_057 | 1.2723150332202189 × 10^290 |
| 56 | ov_056 | 2.1214074897385513 × 10^290 |
| 55 | ov_055 | 3.4025819836268477 × 10^290 |
| 54 | ov_054 | 5.210249039882043 × 10^290 |
| 53 | ov_053 | 7.651293515788912 × 10^290 |
| 52 | ov_052 | 1.0845084885626065 × 10^291 |
| 51 | ov_051 | 1.5042863712450388 × 10^291 |
| 50 | ov_050 | 2.0520901380694484 × 10^291 |
| 49 | ov_049 | 2.7580570276214843 × 10^291 |
| 48 | ov_048 | 3.6391475618052163 × 10^291 |
| 47 | ov_047 | 4.730554553421948 × 10^291 |
| 32 | lv_80_m31 | 5.467431326159227 × 10^291 |
| 46 | ov_046 | 6.070025811670488 × 10^291 |
| 45 | ov_045 | 7.697890904287933 × 10^291 |
| 44 | ov_044 | 9.657096538385188 × 10^291 |
| 43 | ov_043 | 1.1993252502239387 × 10^292 |
| 42 | ov_042 | 1.4754690284039941 × 10^292 |
| 41 | ov_041 | 1.7992536660587973 × 10^292 |
| 40 | ov_040 | 2.1734532310824157 × 10^292 |
| 39 | ov_039 | 2.6009947112273224 × 10^292 |
| 31 | ov_031 | 2.8031796559289885 × 10^292 |
| 38 | ov_038 | 3.084965329563014 × 10^292 |
| 37 | ov_037 | 3.6317084622267087 × 10^292 |
| 36 | ov_036 | 4.2479155875045266 × 10^292 |
| 35 | ov_035 | 4.940648496969209 × 10^292 |
| 34 | ov_034 | 5.71373868498988 × 10^292 |
| 33 | ov_033 | 6.57507017651493 × 10^292 |
| 30 | ov_030 | 1.437028003574886 × 10^293 |
| 29 | ov_029 | 4.700218190515252 × 10^293 |
| 28 | ov_028 | 1.2196287137780434 × 10^294 |
| 27 | ov_027 | 2.725219414652222 × 10^294 |
| 26 | ov_026 | 5.7808554862103 × 10^294 |
| 25 | ov_025 | 1.143793949237536 × 10^295 |
| 24 | ov_024 | 2.100522265553502 × 10^295 |
| 23 | ov_023 | 3.6048828655024966 × 10^295 |
| 22 | ov_022 | 5.839231399640443 × 10^295 |
| 21 | ov_021 | 9.011679634010923 × 10^295 |
| 20 | ov_020 | 1.335611887982602 × 10^296 |
| 19 | ov_019 | 1.9132258287289808 × 10^296 |
| 18 | ov_018 | 2.6625683758116924 × 10^296 |
| 17 | ov_017 | 3.6147945618045387 × 10^296 |
| 16 | ov_016 | 4.803668418804648 × 10^296 |
| 15 | ov_015 | 6.265580200119123 × 10^296 |
| 14 | ov_014 | 8.039569290954338 × 10^296 |
| 13 | ov_013 | 1.0167354303118988 × 10^297 |
| 12 | ov_012 | 1.2693372357045204 × 10^297 |
| 11 | ov_011 | 1.5664829704933334 × 10^297 |
| 10 | ov_010 | 1.913176573618326 × 10^297 |
| 9 | ov_009 | 2.3147132608595302 × 10^297 |
| 8 | ov_008 | 2.7766893266495085 × 10^297 |
| 7 | ov_007 | 3.3050140969535915 × 10^297 |
| 6 | ov_006 | 3.905924366408229 × 10^297 |
| 5 | ov_005 | 4.5860016740521966 × 10^297 |
| 4 | ov_004 | 5.352192793552454 × 10^297 |
| 3 | ov_003 | 6.211833809654643 × 10^297 |
| 2 | ov_002 | 7.172678095067073 × 10^297 |
| 1 | ov_001 | 8.242928440814205 × 10^297 |

