# Results for F001-F002-F003-F004-F005-F006-F007-F008-F009-F010-F011-F012-F013-F014-F015-F016-F017-F018-F019-F020-F021-F022-F023-F024-F025-F026-F027-F028-F029-F030-F031-F032-F033-F034-F035-F036-F037-F038-F039-F040-F041-F042-F043-F044-F045-F046-F047-F048-F049-F050-F051-F052-F053-F054-F055-F056-F057-F058-F059-F060-F061-F062-F063-F064-F065-F066-F067-F068-F069-F070-F071-F072-F073-F074-F075-F076-F077-F078-F079-F080-F081-F082-F083-F084-F085-F086-F087-F088-F089-F090-F091-F092-F093-F094-F095-F096-F097-F098-F099-F100-F101-F102-F103-F104-F105-F106-F107-F108-F109-F110-F111-F112-F113-F114-F115-F116-F117-F118-F119-F120-F121-F122-F123-F124-F125-F126-F127-F128-F129-F130-F131-F132-F133-F134-F135-F136-F137-F138-F139-F140-F141-F142-F143-F144-F145-F146-F147-F148-F149-F150-F151-F152-F153-F154-F155-F156-F157-F158-F159-F160-F161-F162-F163-F164-F165-F166-F167-F168-F169-F170-F171-F172-F173-F174-F175-F176-F177-F178-F179-F180-F181-F182-F183-F184-F185-F186-F187-F188-F189-F190-F191-F192-F193-F194-F195-F196-F197-F198-F199-F200-F201-F202-F203-F204-F205-F206-F207-F208-F209-F210-F211-F212-F213-F214-F215-F216-F217-F218-F219-F220-F221-F222-F223-F224-F225-F226-F227-F228-F229-F230-F231-F232-F233-F234-F235-F236-F237-F238-F239-F240-F241-F242-F243-F244-F245-F246-F247-F248-F249-F250-F251-F252-F253-F254-F255-F256-F257-F258-F259-F260-F261-F262-F263-F264-F265-F266-F267-F268-F269-F270-F271-F272-F273-F274-F275-F276-F277-F278-F279-F280-F281-F282-F283-F284-F285-F286-F287-F288-F289-F290-F291-F292-F293-F294-F295-F296-F297-F298-F299-F300-F301-F302-F303-F304-F305-F306-F307-F308-F309-F310-F311-F312-F313-F314-F315-F316-F317-F318-F319-F320-F321-F322-F323-F324-F325-F326-F327-F328-F329-F330-F331-F332-F333-F334-F335-F336-F337-F338-F339-F340-F341-F342-F343-F344-F345-F346-F347-F348-F349-F350-F351-F352-F353-F354-F355-F356-F357-F358-F359-F360-F361-F362-F363-F364-F365-F366-F367-F368-F369-F370-F371-F372-F373-F374-F375-F376-F377-F378-F379-F380-F381-F382-F383-F384-F385-F386-F387-F388-F389-F390-F391-F392-F393-F394-F395-F396-F397-F398-F399-F400-F401-F402-F403-F404-F405-F406-F407-F408-F409-F410-F411-F412-F413-F414-F415-F416-F417-F418-F419-F420-F421-F422-F423-F424-F425-F426-F427-F428-F429-F430-F431-F432-F433-F434-F435-F436-F437-F438-F439-F440-F441-F442-F443-F444-F445-F446-F447-F448-F449-F450-F451-F452-F453-F454-F455-F456-F457-F458-F459-F460-F461-F462-F463-F464-F465-F466-F467-F468-F469-F470-F471-F472-F473-F474-F475-F476-F477-F478-F479-F480-F481-F482-F483-F484-F485-F486-F487-F488-F489-F490-F491-F492-F493-F494-F495-F496-E497501-F508-F509-F510-F512

## Summary

Number of input bits: 512  
Number of free input bits: 11  
Number of output bits: 160

Number of direct occurrences: 44830  
Number of assignments: 31346  
Number of operations: 11109844
(xor: 11081548,
and: 14971,
or: 13325)

Total complexity: 2.8333412328895703 × 10^299

Least occurring input variable: iv_502 (3897)  
Most occurring input variable: iv_511 (4346)

Most co-occurring input variables: iv_500-iv_511 (2081)  
Least co-occurring input variables: iv_498-iv_502 (1767)

Potentially most occurring input variable: iv_497/iv_499 (4518)  
Potentially least occurring input variable: iv_499/iv_505 (4162)

Least output occurring input variable: iv_497 (65)  
Most output occurring input variable: iv_506 (93)

Most output co-occurring input variables: iv_498-iv_506 (54)  
Least output co-occurring input variables: iv_497-iv_499 (30)

Potentially most output occurring input variable: iv_498/iv_505 (94)  
Potentially least output occurring input variable: iv_497/iv_503 (70)

Least complex input bit: iv_511 (1.0166439582042898 × 10^294)  
Most complex input bit: iv_505 (8.246976136436433 × 10^298)

Least complex output bit: aaa_76_29 (5.9049431219709395 × 10^274)  
Most complex output bit: ov_001 (4.429433758743971 × 10^298)

Least complex input/output complexity: iv_511/aaa_76_29 (2.1187792980266543 × 10^269)  
Most complex input/output complexity: iv_505/ov_001 (1.2892705644576763 × 10^298)

## Input Bits

### Input Bits in Regular Order

| Input Bit | Complexity | Occurrences | Output Occurrences |
|:---------:|:----------:|:-----------:|:------------------:|
| iv_497 | 1.7719014760746945 × 10^298 | 4282 | 65 |
| iv_498 | 3.27931761839402 × 10^297 | 3943 | 88 |
| iv_499 | 5.7962318109412146 × 10^297 | 3954 | 81 |
| iv_500 | 9.773771739189366 × 10^297 | 4132 | 76 |
| iv_502 | 2.5961604797814037 × 10^298 | 3897 | 82 |
| iv_503 | 4.11517971866686 × 10^298 | 4055 | 79 |
| iv_504 | 6.40082801658917 × 10^298 | 3946 | 78 |
| iv_505 | 8.246976136436433 × 10^298 | 3982 | 82 |
| iv_506 | 1.530391069815682 × 10^298 | 4131 | 93 |
| iv_507 | 1.786941650283181 × 10^298 | 4162 | 87 |
| iv_511 | 1.0166439582042898 × 10^294 | 4346 | 80 |

### Input Bits Sorted by Complexity

| Input Bit | Complexity | Occurrences | Output Occurrences |
|:---------:|:----------:|:-----------:|:------------------:|
| iv_511 | 1.0166439582042898 × 10^294 | 4346 | 80 |
| iv_498 | 3.27931761839402 × 10^297 | 3943 | 88 |
| iv_499 | 5.7962318109412146 × 10^297 | 3954 | 81 |
| iv_500 | 9.773771739189366 × 10^297 | 4132 | 76 |
| iv_506 | 1.530391069815682 × 10^298 | 4131 | 93 |
| iv_497 | 1.7719014760746945 × 10^298 | 4282 | 65 |
| iv_507 | 1.786941650283181 × 10^298 | 4162 | 87 |
| iv_502 | 2.5961604797814037 × 10^298 | 3897 | 82 |
| iv_503 | 4.11517971866686 × 10^298 | 4055 | 79 |
| iv_504 | 6.40082801658917 × 10^298 | 3946 | 78 |
| iv_505 | 8.246976136436433 × 10^298 | 3982 | 82 |

### Input Bits Sorted by Occurrences

| Input Bit | Complexity | Occurrences | Output Occurrences |
|:---------:|:----------:|:-----------:|:------------------:|
| iv_502 | 2.5961604797814037 × 10^298 | 3897 | 82 |
| iv_498 | 3.27931761839402 × 10^297 | 3943 | 88 |
| iv_504 | 6.40082801658917 × 10^298 | 3946 | 78 |
| iv_499 | 5.7962318109412146 × 10^297 | 3954 | 81 |
| iv_505 | 8.246976136436433 × 10^298 | 3982 | 82 |
| iv_503 | 4.11517971866686 × 10^298 | 4055 | 79 |
| iv_506 | 1.530391069815682 × 10^298 | 4131 | 93 |
| iv_500 | 9.773771739189366 × 10^297 | 4132 | 76 |
| iv_507 | 1.786941650283181 × 10^298 | 4162 | 87 |
| iv_497 | 1.7719014760746945 × 10^298 | 4282 | 65 |
| iv_511 | 1.0166439582042898 × 10^294 | 4346 | 80 |

### Input Bits Sorted by Output Occurrences

| Input Bit | Complexity | Occurrences | Output Occurrences |
|:---------:|:----------:|:-----------:|:------------------:|
| iv_497 | 1.7719014760746945 × 10^298 | 4282 | 65 |
| iv_500 | 9.773771739189366 × 10^297 | 4132 | 76 |
| iv_504 | 6.40082801658917 × 10^298 | 3946 | 78 |
| iv_503 | 4.11517971866686 × 10^298 | 4055 | 79 |
| iv_511 | 1.0166439582042898 × 10^294 | 4346 | 80 |
| iv_499 | 5.7962318109412146 × 10^297 | 3954 | 81 |
| iv_502 | 2.5961604797814037 × 10^298 | 3897 | 82 |
| iv_505 | 8.246976136436433 × 10^298 | 3982 | 82 |
| iv_507 | 1.786941650283181 × 10^298 | 4162 | 87 |
| iv_498 | 3.27931761839402 × 10^297 | 3943 | 88 |
| iv_506 | 1.530391069815682 × 10^298 | 4131 | 93 |

## Input Bit Co-occurrences

### Input Bit Co-occurrences Sorted by Co-occurrences

| Input Bits | Co-occurrences | Potential Occurrences | Output Co-occurrences | Potential Output Occurrences |
|:----------:|:--------------:|:---------------------:|:---------------------:|:----------------------------:|
| iv_500-iv_511 | 2081 | 4316 | 38 | 80 |
| iv_497-iv_511 | 2078 | 4472 | 32 | 81 |
| iv_507-iv_511 | 2038 | 4432 | 45 | 77 |
| iv_497-iv_507 | 2036 | 4372 | 36 | 80 |
| iv_506-iv_511 | 2030 | 4417 | 40 | 93 |
| iv_503-iv_511 | 2029 | 4343 | 41 | 77 |
| iv_497-iv_500 | 2015 | 4384 | 34 | 73 |
| iv_500-iv_506 | 1999 | 4265 | 45 | 79 |
| iv_497-iv_503 | 1990 | 4357 | 37 | 70 |
| iv_500-iv_503 | 1988 | 4211 | 41 | 73 |
| iv_497-iv_506 | 1985 | 4443 | 40 | 78 |

### Input Bit Co-occurrences Sorted by Potential Occurrences

| Input Bits | Co-occurrences | Potential Occurrences | Output Co-occurrences | Potential Output Occurrences |
|:----------:|:--------------:|:---------------------:|:---------------------:|:----------------------------:|
| iv_499-iv_505 | 1887 | 4162 | 37 | 89 |
| iv_499-iv_504 | 1868 | 4164 | 38 | 83 |
| iv_498-iv_504 | 1847 | 4195 | 46 | 74 |
| iv_499-iv_503 | 1901 | 4207 | 44 | 72 |
| iv_500-iv_503 | 1988 | 4211 | 41 | 73 |
| iv_504-iv_505 | 1856 | 4216 | 36 | 88 |
| iv_503-iv_505 | 1910 | 4217 | 43 | 75 |
| iv_502-iv_504 | 1809 | 4225 | 42 | 76 |
| iv_502-iv_506 | 1901 | 4226 | 51 | 73 |
| iv_498-iv_499 | 1833 | 4231 | 48 | 73 |
| iv_504-iv_506 | 1921 | 4235 | 45 | 81 |

### Input Bit Output Co-occurrences Sorted by Output Co-occurrences

| Input Bits | Co-occurrences | Potential Occurrences | Output Co-occurrences | Potential Output Occurrences |
|:----------:|:--------------:|:---------------------:|:---------------------:|:----------------------------:|
| iv_498-iv_506 | 1908 | 4258 | 54 | 73 |
| iv_502-iv_506 | 1901 | 4226 | 51 | 73 |
| iv_499-iv_506 | 1872 | 4341 | 49 | 76 |
| iv_506-iv_507 | 1959 | 4375 | 49 | 82 |
| iv_498-iv_499 | 1833 | 4231 | 48 | 73 |
| iv_505-iv_507 | 1840 | 4464 | 48 | 73 |
| iv_498-iv_502 | 1767 | 4306 | 46 | 78 |
| iv_498-iv_504 | 1847 | 4195 | 46 | 74 |
| iv_503-iv_506 | 1936 | 4314 | 46 | 80 |
| iv_498-iv_507 | 1889 | 4327 | 46 | 83 |
| iv_498-iv_503 | 1837 | 4324 | 45 | 77 |

### Input Bit Output Co-occurrences Sorted by Potential Output Occurrences

| Input Bits | Co-occurrences | Potential Occurrences | Output Co-occurrences | Potential Output Occurrences |
|:----------:|:--------------:|:---------------------:|:---------------------:|:----------------------------:|
| iv_497-iv_503 | 1990 | 4357 | 37 | 70 |
| iv_497-iv_504 | 1898 | 4432 | 36 | 71 |
| iv_499-iv_503 | 1901 | 4207 | 44 | 72 |
| iv_502-iv_511 | 1924 | 4395 | 45 | 72 |
| iv_497-iv_500 | 2015 | 4384 | 34 | 73 |
| iv_498-iv_499 | 1833 | 4231 | 48 | 73 |
| iv_498-iv_506 | 1908 | 4258 | 54 | 73 |
| iv_499-iv_500 | 1899 | 4288 | 42 | 73 |
| iv_500-iv_503 | 1988 | 4211 | 41 | 73 |
| iv_502-iv_506 | 1901 | 4226 | 51 | 73 |
| iv_503-iv_504 | 1856 | 4289 | 42 | 73 |

## Output Bits

### Output Bits in Regular Order

| Rank | Output Bit | Complexity |
|:----:|:----------:|:----------:|
| 1 | ov_001 | 4.429433758743971 × 10^298 |
| 2 | ov_002 | 3.854381764155967 × 10^298 |
| 3 | ov_003 | 3.338100660078328 × 10^298 |
| 4 | ov_004 | 2.876185724120257 × 10^298 |
| 5 | ov_005 | 2.464473664440628 × 10^298 |
| 6 | ov_006 | 2.099025304529075 × 10^298 |
| 7 | ov_007 | 1.7761104914327525 × 10^298 |
| 8 | ov_008 | 1.4921950959480826 × 10^298 |
| 9 | ov_009 | 1.2439299415107453 × 10^298 |
| 10 | ov_010 | 1.0281414686284052 × 10^298 |
| 11 | ov_011 | 8.418239395329712 × 10^297 |
| 12 | ov_012 | 6.821329989357016 × 10^297 |
| 13 | ov_013 | 5.463804177553267 × 10^297 |
| 14 | ov_014 | 4.3202985750510755 × 10^297 |
| 15 | ov_015 | 3.3669350370938874 × 10^297 |
| 16 | ov_016 | 2.581294273061064 × 10^297 |
| 17 | ov_017 | 1.9423954350452538 × 10^297 |
| 18 | ov_018 | 1.430680480273499 × 10^297 |
| 19 | ov_019 | 1.0280022664304565 × 10^297 |
| 20 | ov_020 | 7.176156030575525 × 10^296 |
| 21 | ov_021 | 4.841707267179653 × 10^296 |
| 22 | ov_022 | 3.1370874542466065 × 10^296 |
| 23 | ov_023 | 1.936585774731978 × 10^296 |
| 24 | ov_024 | 1.1283496164737715 × 10^296 |
| 25 | ov_025 | 6.14372397840831 × 10^295 |
| 26 | ov_026 | 3.1048689961747243 × 10^295 |
| 27 | ov_027 | 1.4636212814130574 × 10^295 |
| 28 | ov_028 | 6.55020787046011 × 10^294 |
| 29 | ov_029 | 2.524533757913618 × 10^294 |
| 30 | ov_030 | 7.719824981016125 × 10^293 |
| 31 | ov_031 | 1.5063211242593702 × 10^293 |
| 32 | lv_80_m31 | 2.938822262280146 × 10^292 |
| 33 | ov_033 | 3.533068478071186 × 10^293 |
| 34 | ov_034 | 3.0686909645608637 × 10^293 |
| 35 | ov_035 | 2.6528647230000147 × 10^293 |
| 36 | ov_036 | 2.281493116777997 × 10^293 |
| 37 | ov_037 | 1.9507008975281026 × 10^293 |
| 38 | ov_038 | 1.6568186712752644 × 10^293 |
| 39 | ov_039 | 1.3963694634071716 × 10^293 |
| 40 | ov_040 | 1.166057177490298 × 10^293 |
| 41 | ov_041 | 9.64277654365049 × 10^292 |
| 42 | ov_042 | 7.895099951213364 × 10^292 |
| 43 | ov_043 | 6.403127598949743 × 10^292 |
| 44 | ov_044 | 5.140293383620857 × 10^292 |
| 45 | ov_045 | 4.081483668416156 × 10^292 |
| 46 | ov_046 | 3.202999045347242 × 10^292 |
| 47 | ov_047 | 2.4825238762169187 × 10^292 |
| 48 | ov_048 | 1.8991024206919867 × 10^292 |
| 49 | ov_049 | 1.43312045198139 × 10^292 |
| 50 | ov_050 | 1.0662913508959208 × 10^292 |
| 51 | ov_051 | 7.816457580169515 × 10^291 |
| 52 | ov_052 | 5.635239927922639 × 10^291 |
| 53 | ov_053 | 3.975706536230721 × 10^291 |
| 54 | ov_054 | 2.707309712228096 × 10^291 |
| 55 | ov_055 | 1.7680236059286333 × 10^291 |
| 56 | ov_056 | 1.1023095281298171 × 10^291 |
| 57 | ov_057 | 6.611106063560906 × 10^290 |
| 58 | ov_058 | 3.657475830423369 × 10^290 |
| 59 | ov_059 | 1.8011936100062272 × 10^290 |
| 60 | ov_060 | 7.460114108444743 × 10^289 |
| 61 | ov_061 | 2.6044140089984623 × 10^289 |
| 62 | ov_062 | 7.14048470468312 × 10^288 |
| 63 | ov_063 | 1.3909205605612599 × 10^288 |
| 64 | lv_79_m31 | 2.7088442468229057 × 10^287 |
| 65 | ov_065 | 3.236677233406226 × 10^288 |
| 66 | ov_066 | 3.2366670757494653 × 10^288 |
| 67 | ov_067 | 3.236664589732169 × 10^288 |
| 68 | ov_068 | 2.7985494208435444 × 10^288 |
| 69 | ov_069 | 2.4077798725343674 × 10^288 |
| 70 | ov_070 | 2.060508860327103 × 10^288 |
| 71 | ov_071 | 1.753125999429824 × 10^288 |
| 72 | ov_072 | 1.4822415744217943 × 10^288 |
| 73 | ov_073 | 1.2446719265450162 × 10^288 |
| 74 | ov_074 | 1.0374261836440346 × 10^288 |
| 75 | ov_075 | 8.576942606481003 × 10^287 |
| 76 | ov_076 | 7.028360608323284 × 10^287 |
| 77 | ov_077 | 5.7037180999398026 × 10^287 |
| 78 | ov_078 | 4.5797345719840924 × 10^287 |
| 79 | ov_079 | 3.634570769442111 × 10^287 |
| 80 | ov_080 | 2.8477620852206508 × 10^287 |
| 81 | ov_081 | 2.2001606904577645 × 10^287 |
| 82 | ov_082 | 1.673885771614926 × 10^287 |
| 83 | ov_083 | 1.252281248296304 × 10^287 |
| 84 | ov_084 | 9.198803485290704 × 10^286 |
| 85 | ov_085 | 6.623764201575486 × 10^286 |
| 86 | ov_086 | 4.665993582612267 × 10^286 |
| 87 | ov_087 | 3.2049702929830667 × 10^286 |
| 88 | ov_088 | 2.1312107315904587 × 10^286 |
| 89 | ov_089 | 1.3461646459269986 × 10^286 |
| 90 | ov_090 | 8.032793550171426 × 10^285 |
| 91 | ov_091 | 4.6141766004770514 × 10^285 |
| 92 | ov_092 | 2.544862753824473 × 10^285 |
| 93 | ov_093 | 1.271605051283834 × 10^285 |
| 94 | ov_094 | 5.446888164555369 × 10^284 |
| 95 | aaa_78_28 | 1.681962812021316 × 10^284 |
| 96 | aaa_78_29 | 5.165459621633219 × 10^283 |
| 97 | ov_097 | 3.4105932624711174 × 10^283 |
| 98 | ov_098 | 3.410491248751261 × 10^283 |
| 99 | ov_099 | 3.4104586693764417 × 10^283 |
| 100 | ov_100 | 3.0688816387609124 × 10^283 |
| 101 | ov_101 | 2.7525275354762563 × 10^283 |
| 102 | ov_102 | 2.4600120849500196 × 10^283 |
| 103 | ov_103 | 2.190051598576235 × 10^283 |
| 104 | ov_104 | 1.9414498687367749 × 10^283 |
| 105 | ov_105 | 1.713086267696378 × 10^283 |
| 106 | ov_106 | 1.5039049879359159 × 10^283 |
| 107 | ov_107 | 1.3129053637536638 × 10^283 |
| 108 | ov_108 | 1.1391332157912311 × 10^283 |
| 109 | ov_109 | 9.816731615903514 × 10^282 |
| 110 | ov_110 | 8.396418364129319 × 10^282 |
| 111 | ov_111 | 7.121819694112796 × 10^282 |
| 112 | ov_112 | 5.984572608662428 × 10^282 |
| 113 | ov_113 | 4.976480066621769 × 10^282 |
| 114 | ov_114 | 4.0894741647943515 × 10^282 |
| 115 | ov_115 | 3.315585723935909 × 10^282 |
| 116 | ov_116 | 2.6469197470612683 × 10^282 |
| 117 | ov_117 | 2.0756362191690076 × 10^282 |
| 118 | ov_118 | 1.5939352160194595 × 10^282 |
| 119 | ov_119 | 1.1940448541443941 × 10^282 |
| 120 | ov_120 | 8.682116184065145 × 10^281 |
| 121 | ov_121 | 6.0869347503412034 × 10^281 |
| 122 | ov_122 | 4.0775543901935196 × 10^281 |
| 123 | ov_123 | 2.5766665815002463 × 10^281 |
| 124 | ov_124 | 1.50698445483889 × 10^281 |
| 125 | ov_125 | 7.912306005195745 × 10^280 |
| 126 | ov_126 | 3.521308467144748 × 10^280 |
| 127 | aaa_77_28 | 1.1241187018602787 × 10^280 |
| 128 | aaa_77_29 | 4.212531631543992 × 10^279 |
| 129 | ov_129 | 3.8994166687819194 × 10^279 |
| 130 | ov_130 | 3.8994051669235406 × 10^279 |
| 131 | ov_131 | 3.899402385656591 × 10^279 |
| 132 | ov_132 | 3.379454233798752 × 10^279 |
| 133 | ov_133 | 2.9140414805659065 × 10^279 |
| 134 | ov_134 | 2.4990208493280298 × 10^279 |
| 135 | ov_135 | 2.130471147206955 × 10^279 |
| 136 | ov_136 | 1.804677398993967 × 10^279 |
| 137 | ov_137 | 1.5181171761274405 × 10^279 |
| 138 | ov_138 | 1.267448911246437 × 10^279 |
| 139 | ov_139 | 1.049501999561299 × 10^279 |
| 140 | ov_140 | 8.61268498690794 × 10^278 |
| 141 | ov_141 | 6.998962487773268 × 10^278 |
| 142 | ov_142 | 5.62683244665993 × 10^278 |
| 143 | ov_143 | 4.470731017682835 × 10^278 |
| 144 | ov_144 | 3.506514669659201 × 10^278 |
| 145 | ov_145 | 2.7114323557463636 × 10^278 |
| 146 | ov_146 | 2.0641044500391792 × 10^278 |
| 147 | ov_147 | 1.5445072533267461 × 10^278 |
| 148 | ov_148 | 1.1339619658359403 × 10^278 |
| 149 | ov_149 | 8.151271202812727 × 10^277 |
| 150 | ov_150 | 5.719935639460449 × 10^277 |
| 151 | ov_151 | 3.89881212950857 × 10^277 |
| 152 | ov_152 | 2.554370084687483 × 10^277 |
| 153 | ov_153 | 1.5663369336313013 × 10^277 |
| 154 | ov_154 | 8.778897807368745 × 10^276 |
| 155 | ov_155 | 4.3883003390637787 × 10^276 |
| 156 | aaa_76_25 | 1.6862855631462713 × 10^276 |
| 157 | aaa_76_26 | 9.738739650654374 × 10^275 |
| 158 | aaa_76_27 | 4.985642226810313 × 10^275 |
| 159 | aaa_76_28 | 1.941409204097115 × 10^275 |
| 160 | aaa_76_29 | 5.9049431219709395 × 10^274 |

### Output Bits Sorted by Complexity

| Rank | Output Bit | Complexity |
|:----:|:----------:|:----------:|
| 160 | aaa_76_29 | 5.9049431219709395 × 10^274 |
| 159 | aaa_76_28 | 1.941409204097115 × 10^275 |
| 158 | aaa_76_27 | 4.985642226810313 × 10^275 |
| 157 | aaa_76_26 | 9.738739650654374 × 10^275 |
| 156 | aaa_76_25 | 1.6862855631462713 × 10^276 |
| 155 | ov_155 | 4.3883003390637787 × 10^276 |
| 154 | ov_154 | 8.778897807368745 × 10^276 |
| 153 | ov_153 | 1.5663369336313013 × 10^277 |
| 152 | ov_152 | 2.554370084687483 × 10^277 |
| 151 | ov_151 | 3.89881212950857 × 10^277 |
| 150 | ov_150 | 5.719935639460449 × 10^277 |
| 149 | ov_149 | 8.151271202812727 × 10^277 |
| 148 | ov_148 | 1.1339619658359403 × 10^278 |
| 147 | ov_147 | 1.5445072533267461 × 10^278 |
| 146 | ov_146 | 2.0641044500391792 × 10^278 |
| 145 | ov_145 | 2.7114323557463636 × 10^278 |
| 144 | ov_144 | 3.506514669659201 × 10^278 |
| 143 | ov_143 | 4.470731017682835 × 10^278 |
| 142 | ov_142 | 5.62683244665993 × 10^278 |
| 141 | ov_141 | 6.998962487773268 × 10^278 |
| 140 | ov_140 | 8.61268498690794 × 10^278 |
| 139 | ov_139 | 1.049501999561299 × 10^279 |
| 138 | ov_138 | 1.267448911246437 × 10^279 |
| 137 | ov_137 | 1.5181171761274405 × 10^279 |
| 136 | ov_136 | 1.804677398993967 × 10^279 |
| 135 | ov_135 | 2.130471147206955 × 10^279 |
| 134 | ov_134 | 2.4990208493280298 × 10^279 |
| 133 | ov_133 | 2.9140414805659065 × 10^279 |
| 132 | ov_132 | 3.379454233798752 × 10^279 |
| 131 | ov_131 | 3.899402385656591 × 10^279 |
| 130 | ov_130 | 3.8994051669235406 × 10^279 |
| 129 | ov_129 | 3.8994166687819194 × 10^279 |
| 128 | aaa_77_29 | 4.212531631543992 × 10^279 |
| 127 | aaa_77_28 | 1.1241187018602787 × 10^280 |
| 126 | ov_126 | 3.521308467144748 × 10^280 |
| 125 | ov_125 | 7.912306005195745 × 10^280 |
| 124 | ov_124 | 1.50698445483889 × 10^281 |
| 123 | ov_123 | 2.5766665815002463 × 10^281 |
| 122 | ov_122 | 4.0775543901935196 × 10^281 |
| 121 | ov_121 | 6.0869347503412034 × 10^281 |
| 120 | ov_120 | 8.682116184065145 × 10^281 |
| 119 | ov_119 | 1.1940448541443941 × 10^282 |
| 118 | ov_118 | 1.5939352160194595 × 10^282 |
| 117 | ov_117 | 2.0756362191690076 × 10^282 |
| 116 | ov_116 | 2.6469197470612683 × 10^282 |
| 115 | ov_115 | 3.315585723935909 × 10^282 |
| 114 | ov_114 | 4.0894741647943515 × 10^282 |
| 113 | ov_113 | 4.976480066621769 × 10^282 |
| 112 | ov_112 | 5.984572608662428 × 10^282 |
| 111 | ov_111 | 7.121819694112796 × 10^282 |
| 110 | ov_110 | 8.396418364129319 × 10^282 |
| 109 | ov_109 | 9.816731615903514 × 10^282 |
| 108 | ov_108 | 1.1391332157912311 × 10^283 |
| 107 | ov_107 | 1.3129053637536638 × 10^283 |
| 106 | ov_106 | 1.5039049879359159 × 10^283 |
| 105 | ov_105 | 1.713086267696378 × 10^283 |
| 104 | ov_104 | 1.9414498687367749 × 10^283 |
| 103 | ov_103 | 2.190051598576235 × 10^283 |
| 102 | ov_102 | 2.4600120849500196 × 10^283 |
| 101 | ov_101 | 2.7525275354762563 × 10^283 |
| 100 | ov_100 | 3.0688816387609124 × 10^283 |
| 99 | ov_099 | 3.4104586693764417 × 10^283 |
| 98 | ov_098 | 3.410491248751261 × 10^283 |
| 97 | ov_097 | 3.4105932624711174 × 10^283 |
| 96 | aaa_78_29 | 5.165459621633219 × 10^283 |
| 95 | aaa_78_28 | 1.681962812021316 × 10^284 |
| 94 | ov_094 | 5.446888164555369 × 10^284 |
| 93 | ov_093 | 1.271605051283834 × 10^285 |
| 92 | ov_092 | 2.544862753824473 × 10^285 |
| 91 | ov_091 | 4.6141766004770514 × 10^285 |
| 90 | ov_090 | 8.032793550171426 × 10^285 |
| 89 | ov_089 | 1.3461646459269986 × 10^286 |
| 88 | ov_088 | 2.1312107315904587 × 10^286 |
| 87 | ov_087 | 3.2049702929830667 × 10^286 |
| 86 | ov_086 | 4.665993582612267 × 10^286 |
| 85 | ov_085 | 6.623764201575486 × 10^286 |
| 84 | ov_084 | 9.198803485290704 × 10^286 |
| 83 | ov_083 | 1.252281248296304 × 10^287 |
| 82 | ov_082 | 1.673885771614926 × 10^287 |
| 81 | ov_081 | 2.2001606904577645 × 10^287 |
| 64 | lv_79_m31 | 2.7088442468229057 × 10^287 |
| 80 | ov_080 | 2.8477620852206508 × 10^287 |
| 79 | ov_079 | 3.634570769442111 × 10^287 |
| 78 | ov_078 | 4.5797345719840924 × 10^287 |
| 77 | ov_077 | 5.7037180999398026 × 10^287 |
| 76 | ov_076 | 7.028360608323284 × 10^287 |
| 75 | ov_075 | 8.576942606481003 × 10^287 |
| 74 | ov_074 | 1.0374261836440346 × 10^288 |
| 73 | ov_073 | 1.2446719265450162 × 10^288 |
| 63 | ov_063 | 1.3909205605612599 × 10^288 |
| 72 | ov_072 | 1.4822415744217943 × 10^288 |
| 71 | ov_071 | 1.753125999429824 × 10^288 |
| 70 | ov_070 | 2.060508860327103 × 10^288 |
| 69 | ov_069 | 2.4077798725343674 × 10^288 |
| 68 | ov_068 | 2.7985494208435444 × 10^288 |
| 67 | ov_067 | 3.236664589732169 × 10^288 |
| 66 | ov_066 | 3.2366670757494653 × 10^288 |
| 65 | ov_065 | 3.236677233406226 × 10^288 |
| 62 | ov_062 | 7.14048470468312 × 10^288 |
| 61 | ov_061 | 2.6044140089984623 × 10^289 |
| 60 | ov_060 | 7.460114108444743 × 10^289 |
| 59 | ov_059 | 1.8011936100062272 × 10^290 |
| 58 | ov_058 | 3.657475830423369 × 10^290 |
| 57 | ov_057 | 6.611106063560906 × 10^290 |
| 56 | ov_056 | 1.1023095281298171 × 10^291 |
| 55 | ov_055 | 1.7680236059286333 × 10^291 |
| 54 | ov_054 | 2.707309712228096 × 10^291 |
| 53 | ov_053 | 3.975706536230721 × 10^291 |
| 52 | ov_052 | 5.635239927922639 × 10^291 |
| 51 | ov_051 | 7.816457580169515 × 10^291 |
| 50 | ov_050 | 1.0662913508959208 × 10^292 |
| 49 | ov_049 | 1.43312045198139 × 10^292 |
| 48 | ov_048 | 1.8991024206919867 × 10^292 |
| 47 | ov_047 | 2.4825238762169187 × 10^292 |
| 32 | lv_80_m31 | 2.938822262280146 × 10^292 |
| 46 | ov_046 | 3.202999045347242 × 10^292 |
| 45 | ov_045 | 4.081483668416156 × 10^292 |
| 44 | ov_044 | 5.140293383620857 × 10^292 |
| 43 | ov_043 | 6.403127598949743 × 10^292 |
| 42 | ov_042 | 7.895099951213364 × 10^292 |
| 41 | ov_041 | 9.64277654365049 × 10^292 |
| 40 | ov_040 | 1.166057177490298 × 10^293 |
| 39 | ov_039 | 1.3963694634071716 × 10^293 |
| 31 | ov_031 | 1.5063211242593702 × 10^293 |
| 38 | ov_038 | 1.6568186712752644 × 10^293 |
| 37 | ov_037 | 1.9507008975281026 × 10^293 |
| 36 | ov_036 | 2.281493116777997 × 10^293 |
| 35 | ov_035 | 2.6528647230000147 × 10^293 |
| 34 | ov_034 | 3.0686909645608637 × 10^293 |
| 33 | ov_033 | 3.533068478071186 × 10^293 |
| 30 | ov_030 | 7.719824981016125 × 10^293 |
| 29 | ov_029 | 2.524533757913618 × 10^294 |
| 28 | ov_028 | 6.55020787046011 × 10^294 |
| 27 | ov_027 | 1.4636212814130574 × 10^295 |
| 26 | ov_026 | 3.1048689961747243 × 10^295 |
| 25 | ov_025 | 6.14372397840831 × 10^295 |
| 24 | ov_024 | 1.1283496164737715 × 10^296 |
| 23 | ov_023 | 1.936585774731978 × 10^296 |
| 22 | ov_022 | 3.1370874542466065 × 10^296 |
| 21 | ov_021 | 4.841707267179653 × 10^296 |
| 20 | ov_020 | 7.176156030575525 × 10^296 |
| 19 | ov_019 | 1.0280022664304565 × 10^297 |
| 18 | ov_018 | 1.430680480273499 × 10^297 |
| 17 | ov_017 | 1.9423954350452538 × 10^297 |
| 16 | ov_016 | 2.581294273061064 × 10^297 |
| 15 | ov_015 | 3.3669350370938874 × 10^297 |
| 14 | ov_014 | 4.3202985750510755 × 10^297 |
| 13 | ov_013 | 5.463804177553267 × 10^297 |
| 12 | ov_012 | 6.821329989357016 × 10^297 |
| 11 | ov_011 | 8.418239395329712 × 10^297 |
| 10 | ov_010 | 1.0281414686284052 × 10^298 |
| 9 | ov_009 | 1.2439299415107453 × 10^298 |
| 8 | ov_008 | 1.4921950959480826 × 10^298 |
| 7 | ov_007 | 1.7761104914327525 × 10^298 |
| 6 | ov_006 | 2.099025304529075 × 10^298 |
| 5 | ov_005 | 2.464473664440628 × 10^298 |
| 4 | ov_004 | 2.876185724120257 × 10^298 |
| 3 | ov_003 | 3.338100660078328 × 10^298 |
| 2 | ov_002 | 3.854381764155967 × 10^298 |
| 1 | ov_001 | 4.429433758743971 × 10^298 |

