# Results for F001-F002-F003-F004-F005-F006-F007-F008-F009-F010-F011-F012-F013-F014-F015-F016-F017-F018-F019-F020-F021-F022-F023-F024-F025-F026-F027-F028-F029-F030-F031-F032-F033-F034-F035-F036-F037-F038-F039-F040-F041-F042-F043-F044-F045-F046-F047-F048-F049-F050-F051-F052-F053-F054-F055-F056-F057-F058-F059-F060-F061-F062-F063-F064-F065-F066-F067-F068-F069-F070-F071-F072-F073-F074-F075-F076-F077-F078-F079-F080-F081-F082-F083-F084-F085-F086-F087-F088-F089-F090-F091-F092-F093-F094-F095-F096-F097-F098-F099-F100-F101-F102-F103-F104-F105-F106-F107-F108-F109-F110-F111-F112-F113-F114-F115-F116-F117-F118-F119-F120-F121-F122-F123-F124-F125-F126-F127-F128-F129-F130-F131-F132-F133-F134-F135-F136-F137-F138-F139-F140-F141-F142-F143-F144-F145-F146-F147-F148-F149-F150-F151-F152-F153-F154-F155-F156-F157-F158-F159-F160-F161-F162-F163-F164-F165-F166-F167-F168-F169-F170-F171-F172-F173-F174-F175-F176-F177-F178-F179-F180-F181-F182-F183-F184-F185-F186-F187-F188-F189-F190-F191-F192-F193-F194-F195-F196-F197-F198-F199-F200-F201-F202-F203-F204-F205-F206-F207-F208-F209-F210-F211-F212-F213-F214-F215-F216-F217-F218-F219-F220-F221-F222-F223-F224-F225-F226-F227-F228-F229-F230-F231-F232-F233-F234-F235-F236-F237-F238-F239-F240-F241-F242-F243-F244-F245-F246-F247-F248-F249-F250-F251-F252-F253-F254-F255-F256-F257-F258-F259-F260-F261-F262-F263-F264-F265-F266-F267-F268-F269-F270-F271-F272-F273-F274-F275-F276-F277-F278-F279-F280-F281-F282-F283-F284-F285-F286-F287-F288-F289-F290-F291-F292-F293-F294-F295-F296-F297-F298-F299-F300-F301-F302-F303-F304-F305-F306-F307-F308-F309-F310-F311-F312-F313-F314-F315-F316-F317-F318-F319-F320-F321-F322-F323-F324-F325-F326-F327-F328-F329-F330-F331-F332-F333-F334-F335-F336-F337-F338-F339-F340-F341-F342-F343-F344-F345-F346-F347-F348-F349-F350-F351-F352-F353-F354-F355-F356-F357-F358-F359-F360-F361-F362-F363-F364-F365-F366-F367-F368-F369-F370-F371-F372-F373-F374-F375-F376-F377-F378-F379-F380-F381-F382-F383-F384-F385-F386-F387-F388-F389-F390-F391-F392-F393-F394-F395-F396-F397-F398-F399-F400-F401-F402-F403-F404-F405-F406-F407-F408-F409-F410-F411-F412-F413-F414-F415-F416-F417-F418-F419-F420-F421-F422-F423-F424-F425-F426-F427-F428-F429-F430-F431-F432-F433-F434-F435-F436-F437-F438-F439-F440-F441-F442-F443-F444-F445-F446-F447-F448-F449-F450-F451-F452-F453-F454-F455-F456-F457-F458-F459-F460-F461-F462-F463-F464-F465-F466-F467-F468-F469-F470-F471-F472-F473-F474-F475-F476-F477-F478-F479-F480-F481-F482-F483-F484-F485-F486-F487-F488-F489-F490-F491-F492-F493-F494-F495-F496-F499-T505-F510-F511-F512

## Summary

Number of input bits: 512  
Number of free input bits: 11  
Number of output bits: 160

Number of direct occurrences: 45345  
Number of assignments: 31480  
Number of operations: 11551729
(xor: 11522912,
and: 15425,
or: 13392)

Total complexity: 1.133793427323827 × 10^305

Least occurring input variable: iv_498 (3925)  
Most occurring input variable: iv_509 (4280)

Most co-occurring input variables: iv_497-iv_507 (2110)  
Least co-occurring input variables: iv_498-iv_502 (1753)

Potentially most occurring input variable: iv_500/iv_509 (4565)  
Potentially least occurring input variable: iv_497/iv_507 (4201)

Least output occurring input variable: iv_506 (72)  
Most output occurring input variable: iv_497 (91)

Most output co-occurring input variables: iv_497-iv_502 (50)  
Least output co-occurring input variables: iv_500-iv_506 (24)

Potentially most output occurring input variable: iv_500/iv_506 (98)  
Potentially least output occurring input variable: iv_500/iv_507 (65)

Least complex input bit: iv_497 (3.953836964744269 × 10^302)  
Most complex input bit: iv_509 (2.300689143790862 × 10^304)

Least complex output bit: aaa_76_29 (3.96175619863372 × 10^279)  
Most complex output bit: ov_001 (1.7982905279500526 × 10^304)

Least complex input/output complexity: iv_497/aaa_76_29 (1.3815689636194065 × 10^277)  
Most complex input/output complexity: iv_509/ov_001 (3.649084035353954 × 10^303)

## Input Bits

### Input Bits in Regular Order

| Input Bit | Complexity | Occurrences | Output Occurrences |
|:---------:|:----------:|:-----------:|:------------------:|
| iv_497 | 3.953836964744269 × 10^302 | 4195 | 91 |
| iv_498 | 7.875920641874357 × 10^302 | 3925 | 73 |
| iv_500 | 2.327794195753814 × 10^303 | 4057 | 74 |
| iv_501 | 3.8344527501540404 × 10^303 | 4114 | 85 |
| iv_502 | 6.196234815837622 × 10^303 | 3940 | 80 |
| iv_503 | 9.84556292321157 × 10^303 | 4106 | 77 |
| iv_504 | 1.534796421271481 × 10^304 | 4213 | 74 |
| iv_506 | 1.1891496529795552 × 10^304 | 4047 | 72 |
| iv_507 | 1.7073183132450022 × 10^304 | 4226 | 73 |
| iv_508 | 2.267278697389484 × 10^304 | 4242 | 88 |
| iv_509 | 2.300689143790862 × 10^304 | 4280 | 80 |

### Input Bits Sorted by Complexity

| Input Bit | Complexity | Occurrences | Output Occurrences |
|:---------:|:----------:|:-----------:|:------------------:|
| iv_497 | 3.953836964744269 × 10^302 | 4195 | 91 |
| iv_498 | 7.875920641874357 × 10^302 | 3925 | 73 |
| iv_500 | 2.327794195753814 × 10^303 | 4057 | 74 |
| iv_501 | 3.8344527501540404 × 10^303 | 4114 | 85 |
| iv_502 | 6.196234815837622 × 10^303 | 3940 | 80 |
| iv_503 | 9.84556292321157 × 10^303 | 4106 | 77 |
| iv_506 | 1.1891496529795552 × 10^304 | 4047 | 72 |
| iv_504 | 1.534796421271481 × 10^304 | 4213 | 74 |
| iv_507 | 1.7073183132450022 × 10^304 | 4226 | 73 |
| iv_508 | 2.267278697389484 × 10^304 | 4242 | 88 |
| iv_509 | 2.300689143790862 × 10^304 | 4280 | 80 |

### Input Bits Sorted by Occurrences

| Input Bit | Complexity | Occurrences | Output Occurrences |
|:---------:|:----------:|:-----------:|:------------------:|
| iv_498 | 7.875920641874357 × 10^302 | 3925 | 73 |
| iv_502 | 6.196234815837622 × 10^303 | 3940 | 80 |
| iv_506 | 1.1891496529795552 × 10^304 | 4047 | 72 |
| iv_500 | 2.327794195753814 × 10^303 | 4057 | 74 |
| iv_503 | 9.84556292321157 × 10^303 | 4106 | 77 |
| iv_501 | 3.8344527501540404 × 10^303 | 4114 | 85 |
| iv_497 | 3.953836964744269 × 10^302 | 4195 | 91 |
| iv_504 | 1.534796421271481 × 10^304 | 4213 | 74 |
| iv_507 | 1.7073183132450022 × 10^304 | 4226 | 73 |
| iv_508 | 2.267278697389484 × 10^304 | 4242 | 88 |
| iv_509 | 2.300689143790862 × 10^304 | 4280 | 80 |

### Input Bits Sorted by Output Occurrences

| Input Bit | Complexity | Occurrences | Output Occurrences |
|:---------:|:----------:|:-----------:|:------------------:|
| iv_506 | 1.1891496529795552 × 10^304 | 4047 | 72 |
| iv_507 | 1.7073183132450022 × 10^304 | 4226 | 73 |
| iv_498 | 7.875920641874357 × 10^302 | 3925 | 73 |
| iv_500 | 2.327794195753814 × 10^303 | 4057 | 74 |
| iv_504 | 1.534796421271481 × 10^304 | 4213 | 74 |
| iv_503 | 9.84556292321157 × 10^303 | 4106 | 77 |
| iv_502 | 6.196234815837622 × 10^303 | 3940 | 80 |
| iv_509 | 2.300689143790862 × 10^304 | 4280 | 80 |
| iv_501 | 3.8344527501540404 × 10^303 | 4114 | 85 |
| iv_508 | 2.267278697389484 × 10^304 | 4242 | 88 |
| iv_497 | 3.953836964744269 × 10^302 | 4195 | 91 |

## Input Bit Co-occurrences

### Input Bit Co-occurrences Sorted by Co-occurrences

| Input Bits | Co-occurrences | Potential Occurrences | Output Co-occurrences | Potential Output Occurrences |
|:----------:|:--------------:|:---------------------:|:---------------------:|:----------------------------:|
| iv_497-iv_507 | 2110 | 4201 | 43 | 78 |
| iv_508-iv_509 | 2109 | 4304 | 47 | 74 |
| iv_497-iv_509 | 2064 | 4347 | 43 | 85 |
| iv_504-iv_507 | 2043 | 4353 | 38 | 71 |
| iv_503-iv_504 | 2039 | 4241 | 42 | 67 |
| iv_506-iv_509 | 2038 | 4251 | 35 | 82 |
| iv_506-iv_507 | 2034 | 4205 | 35 | 75 |
| iv_507-iv_508 | 2031 | 4406 | 41 | 79 |
| iv_507-iv_509 | 2027 | 4452 | 35 | 83 |
| iv_501-iv_504 | 2022 | 4283 | 43 | 73 |
| iv_504-iv_509 | 2017 | 4459 | 38 | 78 |

### Input Bit Co-occurrences Sorted by Potential Occurrences

| Input Bits | Co-occurrences | Potential Occurrences | Output Co-occurrences | Potential Output Occurrences |
|:----------:|:--------------:|:---------------------:|:---------------------:|:----------------------------:|
| iv_497-iv_507 | 2110 | 4201 | 43 | 78 |
| iv_506-iv_507 | 2034 | 4205 | 35 | 75 |
| iv_500-iv_503 | 1973 | 4217 | 40 | 71 |
| iv_498-iv_506 | 1867 | 4238 | 33 | 79 |
| iv_501-iv_502 | 1907 | 4240 | 46 | 73 |
| iv_503-iv_504 | 2039 | 4241 | 42 | 67 |
| iv_506-iv_509 | 2038 | 4251 | 35 | 82 |
| iv_497-iv_502 | 1941 | 4253 | 50 | 71 |
| iv_502-iv_506 | 1864 | 4259 | 31 | 90 |
| iv_498-iv_500 | 1861 | 4260 | 38 | 71 |
| iv_497-iv_500 | 1991 | 4270 | 43 | 79 |

### Input Bit Output Co-occurrences Sorted by Output Co-occurrences

| Input Bits | Co-occurrences | Potential Occurrences | Output Co-occurrences | Potential Output Occurrences |
|:----------:|:--------------:|:---------------------:|:---------------------:|:----------------------------:|
| iv_497-iv_502 | 1941 | 4253 | 50 | 71 |
| iv_497-iv_501 | 1970 | 4369 | 48 | 80 |
| iv_497-iv_508 | 1959 | 4519 | 47 | 85 |
| iv_501-iv_508 | 1973 | 4410 | 47 | 79 |
| iv_508-iv_509 | 2109 | 4304 | 47 | 74 |
| iv_501-iv_502 | 1907 | 4240 | 46 | 73 |
| iv_506-iv_508 | 1996 | 4297 | 45 | 70 |
| iv_503-iv_508 | 2016 | 4316 | 44 | 77 |
| iv_500-iv_502 | 1860 | 4277 | 44 | 66 |
| iv_497-iv_500 | 1991 | 4270 | 43 | 79 |
| iv_497-iv_507 | 2110 | 4201 | 43 | 78 |

### Input Bit Output Co-occurrences Sorted by Potential Output Occurrences

| Input Bits | Co-occurrences | Potential Occurrences | Output Co-occurrences | Potential Output Occurrences |
|:----------:|:--------------:|:---------------------:|:---------------------:|:----------------------------:|
| iv_500-iv_507 | 1982 | 4319 | 41 | 65 |
| iv_500-iv_502 | 1860 | 4277 | 44 | 66 |
| iv_503-iv_504 | 2039 | 4241 | 42 | 67 |
| iv_498-iv_504 | 1910 | 4318 | 40 | 67 |
| iv_506-iv_508 | 1996 | 4297 | 45 | 70 |
| iv_502-iv_503 | 1849 | 4348 | 43 | 71 |
| iv_503-iv_509 | 1961 | 4464 | 43 | 71 |
| iv_504-iv_507 | 2043 | 4353 | 38 | 71 |
| iv_498-iv_500 | 1861 | 4260 | 38 | 71 |
| iv_500-iv_503 | 1973 | 4217 | 40 | 71 |
| iv_497-iv_502 | 1941 | 4253 | 50 | 71 |

## Output Bits

### Output Bits in Regular Order

| Rank | Output Bit | Complexity |
|:----:|:----------:|:----------:|
| 1 | ov_001 | 1.7982905279500526 × 10^304 |
| 2 | ov_002 | 1.5615771502102217 × 10^304 |
| 3 | ov_003 | 1.3493418152178318 × 10^304 |
| 4 | ov_004 | 1.1597368062335311 × 10^304 |
| 5 | ov_005 | 9.910153890368536 × 10^303 |
| 6 | ov_006 | 8.415246880640147 × 10^303 |
| 7 | ov_007 | 7.09699482612756 × 10^303 |
| 8 | ov_008 | 5.940568436218068 × 10^303 |
| 9 | ov_009 | 4.931915366613372 × 10^303 |
| 10 | ov_010 | 4.057721151061585 × 10^303 |
| 11 | ov_011 | 3.3053763617905796 × 10^303 |
| 12 | ov_012 | 2.6629493723451826 × 10^303 |
| 13 | ov_013 | 2.119164046148899 × 10^303 |
| 14 | ov_014 | 1.6633816711529632 × 10^303 |
| 15 | ov_015 | 1.2855865055773725 × 10^303 |
| 16 | ov_016 | 9.763743754271596 × 10^302 |
| 17 | ov_017 | 7.269438712956179 × 10^302 |
| 18 | ov_018 | 5.290897357246022 × 10^302 |
| 19 | ov_019 | 3.7519801314354115 × 10^302 |
| 20 | ov_020 | 2.582425465041391 × 10^302 |
| 21 | ov_021 | 1.717824660459278 × 10^302 |
| 22 | ov_022 | 1.0996040989096413 × 10^302 |
| 23 | ov_023 | 6.750130227049321 × 10^301 |
| 24 | ov_024 | 3.971155744823856 × 10^301 |
| 25 | ov_025 | 2.247859910240734 × 10^301 |
| 26 | ov_026 | 1.227060215386939 × 10^301 |
| 27 | ov_027 | 6.136374131789853 × 10^300 |
| 28 | ov_028 | 2.74546837017574 × 10^300 |
| 29 | ov_029 | 1.0577251679097054 × 10^300 |
| 30 | ov_030 | 3.2326830091934477 × 10^299 |
| 31 | ov_031 | 6.302026696405152 × 10^298 |
| 32 | lv_80_m31 | 1.2280531665263666 × 10^298 |
| 33 | ov_033 | 1.4759587175249825 × 10^299 |
| 34 | ov_034 | 1.2811181956759943 × 10^299 |
| 35 | ov_035 | 1.1065828510517093 × 10^299 |
| 36 | ov_036 | 9.506361326796859 × 10^298 |
| 37 | ov_037 | 8.116547296838557 × 10^298 |
| 38 | ov_038 | 6.888494130222857 × 10^298 |
| 39 | ov_039 | 5.807644087638496 × 10^298 |
| 40 | ov_040 | 4.860199188842892 × 10^298 |
| 41 | ov_041 | 4.0330791344999815 × 10^298 |
| 42 | ov_042 | 3.313885701477198 × 10^298 |
| 43 | ov_043 | 2.69658622886352 × 10^298 |
| 44 | ov_044 | 2.17006227881141 × 10^298 |
| 45 | ov_045 | 1.7238027392732224 × 10^298 |
| 46 | ov_046 | 1.3527016216169656 × 10^298 |
| 47 | ov_047 | 1.0474169569741047 × 10^298 |
| 48 | ov_048 | 7.991748374322676 × 10^297 |
| 49 | ov_049 | 5.997617671212789 × 10^297 |
| 50 | ov_050 | 4.4151898523179775 × 10^297 |
| 51 | ov_051 | 3.173383686150233 × 10^297 |
| 52 | ov_052 | 2.238030899845297 × 10^297 |
| 53 | ov_053 | 1.5489859028149756 × 10^297 |
| 54 | ov_054 | 1.0515478356302635 × 10^297 |
| 55 | ov_055 | 6.9645176675100795 × 10^296 |
| 56 | ov_056 | 4.398630731245048 × 10^296 |
| 57 | ov_057 | 2.612214847701276 × 10^296 |
| 58 | ov_058 | 1.4267958615852537 × 10^296 |
| 59 | ov_059 | 6.910217325634668 × 10^295 |
| 60 | ov_060 | 2.80659597703804 × 10^295 |
| 61 | ov_061 | 9.859470528933616 × 10^294 |
| 62 | ov_062 | 3.012827349468889 × 10^294 |
| 63 | ov_063 | 5.873314130376342 × 10^293 |
| 64 | lv_79_m31 | 1.1447029885643693 × 10^293 |
| 65 | ov_065 | 1.3644376267300728 × 10^294 |
| 66 | ov_066 | 1.3644338906399429 × 10^294 |
| 67 | ov_067 | 1.3644329970088825 × 10^294 |
| 68 | ov_068 | 1.1821605330050686 × 10^294 |
| 69 | ov_069 | 1.0188749552505448 × 10^294 |
| 70 | ov_070 | 8.731741286110508 × 10^293 |
| 71 | ov_071 | 7.437239110737114 × 10^293 |
| 72 | ov_072 | 6.292536121913022 × 10^293 |
| 73 | ov_073 | 5.2855230113707854 × 10^293 |
| 74 | ov_074 | 4.404658516530669 × 10^293 |
| 75 | ov_075 | 3.638946171248367 × 10^293 |
| 76 | ov_076 | 2.9779163473843933 × 10^293 |
| 77 | ov_077 | 2.4116126321128353 × 10^293 |
| 78 | ov_078 | 1.9305816397387355 × 10^293 |
| 79 | ov_079 | 1.5258654094433026 × 10^293 |
| 80 | ov_080 | 1.1889955920863764 × 10^293 |
| 81 | ov_081 | 9.119887577301355 × 10^292 |
| 82 | ov_082 | 6.873424324262555 × 10^292 |
| 83 | ov_083 | 5.080317306960704 × 10^292 |
| 84 | ov_084 | 3.675065341064842 × 10^292 |
| 85 | ov_085 | 2.59689166478568 × 10^292 |
| 86 | ov_086 | 1.789725163563672 × 10^292 |
| 87 | ov_087 | 1.20218557422724 × 10^292 |
| 88 | ov_088 | 7.875721758576128 × 10^291 |
| 89 | ov_089 | 5.038554748094646 × 10^291 |
| 90 | ov_090 | 3.136713914481374 × 10^291 |
| 91 | ov_091 | 1.8431745621699808 × 10^291 |
| 92 | ov_092 | 1.0060747156222025 × 10^291 |
| 93 | ov_093 | 4.968449273133332 × 10^290 |
| 94 | ov_094 | 2.1020423880017142 × 10^290 |
| 95 | aaa_78_28 | 6.415853114699712 × 10^289 |
| 96 | aaa_78_29 | 1.9344649703350097 × 10^289 |
| 97 | ov_097 | 9.974483597486627 × 10^288 |
| 98 | ov_098 | 9.974402275466691 × 10^288 |
| 99 | ov_099 | 9.974376299577923 × 10^288 |
| 100 | ov_100 | 8.322704597020738 × 10^288 |
| 101 | ov_101 | 6.889548422423631 × 10^288 |
| 102 | ov_102 | 5.654850089194345 × 10^288 |
| 103 | ov_103 | 4.5996531407955135 × 10^288 |
| 104 | ov_104 | 3.7060220803457095 × 10^288 |
| 105 | ov_105 | 2.9569725295884496 × 10^288 |
| 106 | ov_106 | 2.3364108682093204 × 10^288 |
| 107 | ov_107 | 1.829082453282212 × 10^288 |
| 108 | ov_108 | 1.4205275657202116 × 10^288 |
| 109 | ov_109 | 1.0970442763369152 × 10^288 |
| 110 | ov_110 | 8.45657468781885 × 10^287 |
| 111 | ov_111 | 6.540933004475056 × 10^287 |
| 112 | ov_112 | 5.107584256589591 × 10^287 |
| 113 | ov_113 | 4.047233482210234 × 10^287 |
| 114 | ov_114 | 3.2570931283762673 × 10^287 |
| 115 | ov_115 | 2.6407818714694627 × 10^287 |
| 116 | ov_116 | 2.1082482820548976 × 10^287 |
| 117 | ov_117 | 1.6532587494646451 × 10^287 |
| 118 | ov_118 | 1.269607635965541 × 10^287 |
| 119 | ov_119 | 9.511084819080772 × 10^286 |
| 120 | ov_120 | 6.915878833464815 × 10^286 |
| 121 | ov_121 | 4.84881091537981 × 10^286 |
| 122 | ov_122 | 3.2482878049256637 × 10^286 |
| 123 | ov_123 | 2.0527477313478811 × 10^286 |
| 124 | ov_124 | 1.2006451664526326 × 10^286 |
| 125 | ov_125 | 6.304414854125686 × 10^285 |
| 126 | ov_126 | 2.806003383229762 × 10^285 |
| 127 | aaa_77_28 | 8.958597446179068 × 10^284 |
| 128 | aaa_77_29 | 3.3576338323343224 × 10^284 |
| 129 | ov_129 | 3.1030940685404717 × 10^284 |
| 130 | ov_130 | 3.1030850205268643 × 10^284 |
| 131 | ov_131 | 3.1030828342965105 × 10^284 |
| 132 | ov_132 | 2.689360577016085 × 10^284 |
| 133 | ov_133 | 2.3188432275823703 × 10^284 |
| 134 | ov_134 | 1.988274841397263 × 10^284 |
| 135 | ov_135 | 1.6945724174927229 × 10^284 |
| 136 | ov_136 | 1.4348135297793501 × 10^284 |
| 137 | ov_137 | 1.2062257135976598 × 10^284 |
| 138 | ov_138 | 1.0061774361914585 × 10^284 |
| 139 | ov_139 | 8.321704884187357 × 10^283 |
| 140 | ov_140 | 6.818336434689864 × 10^283 |
| 141 | ov_141 | 5.529174366231589 × 10^283 |
| 142 | ov_142 | 4.432899282197302 × 10^283 |
| 143 | ov_143 | 3.5093332001520756 × 10^283 |
| 144 | ov_144 | 2.7394130307976696 × 10^283 |
| 145 | ov_145 | 2.1051702327234457 × 10^283 |
| 146 | ov_146 | 1.5897155821172461 × 10^283 |
| 147 | ov_147 | 1.1772280751266534 × 10^283 |
| 148 | ov_148 | 8.529471056661167 × 10^282 |
| 149 | ov_149 | 6.031672331897968 × 10^282 |
| 150 | ov_150 | 4.152349331946097 × 10^282 |
| 151 | ov_151 | 2.775467080014965 × 10^282 |
| 152 | ov_152 | 1.795479939921155 × 10^282 |
| 153 | ov_153 | 1.1173247853428235 × 10^282 |
| 154 | ov_154 | 6.564164191303394 × 10^281 |
| 155 | ov_155 | 3.3864456767239166 × 10^281 |
| 156 | aaa_76_25 | 1.2957258523187942 × 10^281 |
| 157 | aaa_76_26 | 7.403767558489758 × 10^280 |
| 158 | aaa_76_27 | 3.7231460878021576 × 10^280 |
| 159 | aaa_76_28 | 1.3918176643842607 × 10^280 |
| 160 | aaa_76_29 | 3.96175619863372 × 10^279 |

### Output Bits Sorted by Complexity

| Rank | Output Bit | Complexity |
|:----:|:----------:|:----------:|
| 160 | aaa_76_29 | 3.96175619863372 × 10^279 |
| 159 | aaa_76_28 | 1.3918176643842607 × 10^280 |
| 158 | aaa_76_27 | 3.7231460878021576 × 10^280 |
| 157 | aaa_76_26 | 7.403767558489758 × 10^280 |
| 156 | aaa_76_25 | 1.2957258523187942 × 10^281 |
| 155 | ov_155 | 3.3864456767239166 × 10^281 |
| 154 | ov_154 | 6.564164191303394 × 10^281 |
| 153 | ov_153 | 1.1173247853428235 × 10^282 |
| 152 | ov_152 | 1.795479939921155 × 10^282 |
| 151 | ov_151 | 2.775467080014965 × 10^282 |
| 150 | ov_150 | 4.152349331946097 × 10^282 |
| 149 | ov_149 | 6.031672331897968 × 10^282 |
| 148 | ov_148 | 8.529471056661167 × 10^282 |
| 147 | ov_147 | 1.1772280751266534 × 10^283 |
| 146 | ov_146 | 1.5897155821172461 × 10^283 |
| 145 | ov_145 | 2.1051702327234457 × 10^283 |
| 144 | ov_144 | 2.7394130307976696 × 10^283 |
| 143 | ov_143 | 3.5093332001520756 × 10^283 |
| 142 | ov_142 | 4.432899282197302 × 10^283 |
| 141 | ov_141 | 5.529174366231589 × 10^283 |
| 140 | ov_140 | 6.818336434689864 × 10^283 |
| 139 | ov_139 | 8.321704884187357 × 10^283 |
| 138 | ov_138 | 1.0061774361914585 × 10^284 |
| 137 | ov_137 | 1.2062257135976598 × 10^284 |
| 136 | ov_136 | 1.4348135297793501 × 10^284 |
| 135 | ov_135 | 1.6945724174927229 × 10^284 |
| 134 | ov_134 | 1.988274841397263 × 10^284 |
| 133 | ov_133 | 2.3188432275823703 × 10^284 |
| 132 | ov_132 | 2.689360577016085 × 10^284 |
| 131 | ov_131 | 3.1030828342965105 × 10^284 |
| 130 | ov_130 | 3.1030850205268643 × 10^284 |
| 129 | ov_129 | 3.1030940685404717 × 10^284 |
| 128 | aaa_77_29 | 3.3576338323343224 × 10^284 |
| 127 | aaa_77_28 | 8.958597446179068 × 10^284 |
| 126 | ov_126 | 2.806003383229762 × 10^285 |
| 125 | ov_125 | 6.304414854125686 × 10^285 |
| 124 | ov_124 | 1.2006451664526326 × 10^286 |
| 123 | ov_123 | 2.0527477313478811 × 10^286 |
| 122 | ov_122 | 3.2482878049256637 × 10^286 |
| 121 | ov_121 | 4.84881091537981 × 10^286 |
| 120 | ov_120 | 6.915878833464815 × 10^286 |
| 119 | ov_119 | 9.511084819080772 × 10^286 |
| 118 | ov_118 | 1.269607635965541 × 10^287 |
| 117 | ov_117 | 1.6532587494646451 × 10^287 |
| 116 | ov_116 | 2.1082482820548976 × 10^287 |
| 115 | ov_115 | 2.6407818714694627 × 10^287 |
| 114 | ov_114 | 3.2570931283762673 × 10^287 |
| 113 | ov_113 | 4.047233482210234 × 10^287 |
| 112 | ov_112 | 5.107584256589591 × 10^287 |
| 111 | ov_111 | 6.540933004475056 × 10^287 |
| 110 | ov_110 | 8.45657468781885 × 10^287 |
| 109 | ov_109 | 1.0970442763369152 × 10^288 |
| 108 | ov_108 | 1.4205275657202116 × 10^288 |
| 107 | ov_107 | 1.829082453282212 × 10^288 |
| 106 | ov_106 | 2.3364108682093204 × 10^288 |
| 105 | ov_105 | 2.9569725295884496 × 10^288 |
| 104 | ov_104 | 3.7060220803457095 × 10^288 |
| 103 | ov_103 | 4.5996531407955135 × 10^288 |
| 102 | ov_102 | 5.654850089194345 × 10^288 |
| 101 | ov_101 | 6.889548422423631 × 10^288 |
| 100 | ov_100 | 8.322704597020738 × 10^288 |
| 99 | ov_099 | 9.974376299577923 × 10^288 |
| 98 | ov_098 | 9.974402275466691 × 10^288 |
| 97 | ov_097 | 9.974483597486627 × 10^288 |
| 96 | aaa_78_29 | 1.9344649703350097 × 10^289 |
| 95 | aaa_78_28 | 6.415853114699712 × 10^289 |
| 94 | ov_094 | 2.1020423880017142 × 10^290 |
| 93 | ov_093 | 4.968449273133332 × 10^290 |
| 92 | ov_092 | 1.0060747156222025 × 10^291 |
| 91 | ov_091 | 1.8431745621699808 × 10^291 |
| 90 | ov_090 | 3.136713914481374 × 10^291 |
| 89 | ov_089 | 5.038554748094646 × 10^291 |
| 88 | ov_088 | 7.875721758576128 × 10^291 |
| 87 | ov_087 | 1.20218557422724 × 10^292 |
| 86 | ov_086 | 1.789725163563672 × 10^292 |
| 85 | ov_085 | 2.59689166478568 × 10^292 |
| 84 | ov_084 | 3.675065341064842 × 10^292 |
| 83 | ov_083 | 5.080317306960704 × 10^292 |
| 82 | ov_082 | 6.873424324262555 × 10^292 |
| 81 | ov_081 | 9.119887577301355 × 10^292 |
| 64 | lv_79_m31 | 1.1447029885643693 × 10^293 |
| 80 | ov_080 | 1.1889955920863764 × 10^293 |
| 79 | ov_079 | 1.5258654094433026 × 10^293 |
| 78 | ov_078 | 1.9305816397387355 × 10^293 |
| 77 | ov_077 | 2.4116126321128353 × 10^293 |
| 76 | ov_076 | 2.9779163473843933 × 10^293 |
| 75 | ov_075 | 3.638946171248367 × 10^293 |
| 74 | ov_074 | 4.404658516530669 × 10^293 |
| 73 | ov_073 | 5.2855230113707854 × 10^293 |
| 63 | ov_063 | 5.873314130376342 × 10^293 |
| 72 | ov_072 | 6.292536121913022 × 10^293 |
| 71 | ov_071 | 7.437239110737114 × 10^293 |
| 70 | ov_070 | 8.731741286110508 × 10^293 |
| 69 | ov_069 | 1.0188749552505448 × 10^294 |
| 68 | ov_068 | 1.1821605330050686 × 10^294 |
| 67 | ov_067 | 1.3644329970088825 × 10^294 |
| 66 | ov_066 | 1.3644338906399429 × 10^294 |
| 65 | ov_065 | 1.3644376267300728 × 10^294 |
| 62 | ov_062 | 3.012827349468889 × 10^294 |
| 61 | ov_061 | 9.859470528933616 × 10^294 |
| 60 | ov_060 | 2.80659597703804 × 10^295 |
| 59 | ov_059 | 6.910217325634668 × 10^295 |
| 58 | ov_058 | 1.4267958615852537 × 10^296 |
| 57 | ov_057 | 2.612214847701276 × 10^296 |
| 56 | ov_056 | 4.398630731245048 × 10^296 |
| 55 | ov_055 | 6.9645176675100795 × 10^296 |
| 54 | ov_054 | 1.0515478356302635 × 10^297 |
| 53 | ov_053 | 1.5489859028149756 × 10^297 |
| 52 | ov_052 | 2.238030899845297 × 10^297 |
| 51 | ov_051 | 3.173383686150233 × 10^297 |
| 50 | ov_050 | 4.4151898523179775 × 10^297 |
| 49 | ov_049 | 5.997617671212789 × 10^297 |
| 48 | ov_048 | 7.991748374322676 × 10^297 |
| 47 | ov_047 | 1.0474169569741047 × 10^298 |
| 32 | lv_80_m31 | 1.2280531665263666 × 10^298 |
| 46 | ov_046 | 1.3527016216169656 × 10^298 |
| 45 | ov_045 | 1.7238027392732224 × 10^298 |
| 44 | ov_044 | 2.17006227881141 × 10^298 |
| 43 | ov_043 | 2.69658622886352 × 10^298 |
| 42 | ov_042 | 3.313885701477198 × 10^298 |
| 41 | ov_041 | 4.0330791344999815 × 10^298 |
| 40 | ov_040 | 4.860199188842892 × 10^298 |
| 39 | ov_039 | 5.807644087638496 × 10^298 |
| 31 | ov_031 | 6.302026696405152 × 10^298 |
| 38 | ov_038 | 6.888494130222857 × 10^298 |
| 37 | ov_037 | 8.116547296838557 × 10^298 |
| 36 | ov_036 | 9.506361326796859 × 10^298 |
| 35 | ov_035 | 1.1065828510517093 × 10^299 |
| 34 | ov_034 | 1.2811181956759943 × 10^299 |
| 33 | ov_033 | 1.4759587175249825 × 10^299 |
| 30 | ov_030 | 3.2326830091934477 × 10^299 |
| 29 | ov_029 | 1.0577251679097054 × 10^300 |
| 28 | ov_028 | 2.74546837017574 × 10^300 |
| 27 | ov_027 | 6.136374131789853 × 10^300 |
| 26 | ov_026 | 1.227060215386939 × 10^301 |
| 25 | ov_025 | 2.247859910240734 × 10^301 |
| 24 | ov_024 | 3.971155744823856 × 10^301 |
| 23 | ov_023 | 6.750130227049321 × 10^301 |
| 22 | ov_022 | 1.0996040989096413 × 10^302 |
| 21 | ov_021 | 1.717824660459278 × 10^302 |
| 20 | ov_020 | 2.582425465041391 × 10^302 |
| 19 | ov_019 | 3.7519801314354115 × 10^302 |
| 18 | ov_018 | 5.290897357246022 × 10^302 |
| 17 | ov_017 | 7.269438712956179 × 10^302 |
| 16 | ov_016 | 9.763743754271596 × 10^302 |
| 15 | ov_015 | 1.2855865055773725 × 10^303 |
| 14 | ov_014 | 1.6633816711529632 × 10^303 |
| 13 | ov_013 | 2.119164046148899 × 10^303 |
| 12 | ov_012 | 2.6629493723451826 × 10^303 |
| 11 | ov_011 | 3.3053763617905796 × 10^303 |
| 10 | ov_010 | 4.057721151061585 × 10^303 |
| 9 | ov_009 | 4.931915366613372 × 10^303 |
| 8 | ov_008 | 5.940568436218068 × 10^303 |
| 7 | ov_007 | 7.09699482612756 × 10^303 |
| 6 | ov_006 | 8.415246880640147 × 10^303 |
| 5 | ov_005 | 9.910153890368536 × 10^303 |
| 4 | ov_004 | 1.1597368062335311 × 10^304 |
| 3 | ov_003 | 1.3493418152178318 × 10^304 |
| 2 | ov_002 | 1.5615771502102217 × 10^304 |
| 1 | ov_001 | 1.7982905279500526 × 10^304 |

