# Results for F001-F002-F003-F004-F005-F006-F007-F008-F009-F010-F011-F012-F013-F014-F015-F016-F017-F018-F019-F020-F021-F022-F023-F024-F025-F026-F027-F028-F029-F030-F031-F032-F033-F034-F035-F036-F037-F038-F039-F040-F041-F042-F043-F044-F045-F046-F047-F048-F049-F050-F051-F052-F053-F054-F055-F056-F057-F058-F059-F060-F061-F062-F063-F064-F065-F066-F067-F068-F069-F070-F071-F072-F073-F074-F075-F076-F077-F078-F079-F080-F081-F082-F083-F084-F085-F086-F087-F088-F089-F090-F091-F092-F093-F094-F095-F096-F097-F098-F099-F100-F101-F102-F103-F104-F105-F106-F107-F108-F109-F110-F111-F112-F113-F114-F115-F116-F117-F118-F119-F120-F121-F122-F123-F124-F125-F126-F127-F128-F129-F130-F131-F132-F133-F134-F135-F136-F137-F138-F139-F140-F141-F142-F143-F144-F145-F146-F147-F148-F149-F150-F151-F152-F153-F154-F155-F156-F157-F158-F159-F160-F161-F162-F163-F164-F165-F166-F167-F168-F169-F170-F171-F172-F173-F174-F175-F176-F177-F178-F179-F180-F181-F182-F183-F184-F185-F186-F187-F188-F189-F190-F191-F192-F193-F194-F195-F196-F197-F198-F199-F200-F201-F202-F203-F204-F205-F206-F207-F208-F209-F210-F211-F212-F213-F214-F215-F216-F217-F218-F219-F220-F221-F222-F223-F224-F225-F226-F227-F228-F229-F230-F231-F232-F233-F234-F235-F236-F237-F238-F239-F240-F241-F242-F243-F244-F245-F246-F247-F248-F249-F250-F251-F252-F253-F254-F255-F256-F257-F258-F259-F260-F261-F262-F263-F264-F265-F266-F267-F268-F269-F270-F271-F272-F273-F274-F275-F276-F277-F278-F279-F280-F281-F282-F283-F284-F285-F286-F287-F288-F289-F290-F291-F292-F293-F294-F295-F296-F297-F298-F299-F300-F301-F302-F303-F304-F305-F306-F307-F308-F309-F310-F311-F312-F313-F314-F315-F316-F317-F318-F319-F320-F321-F322-F323-F324-F325-F326-F327-F328-F329-F330-F331-F332-F333-F334-F335-F336-F337-F338-F339-F340-F341-F342-F343-F344-F345-F346-F347-F348-F349-F350-F351-F352-F353-F354-F355-F356-F357-F358-F359-F360-F361-F362-F363-F364-F365-F366-F367-F368-F369-F370-F371-F372-F373-F374-F375-F376-F377-F378-F379-F380-F381-F382-F383-F384-F385-F386-F387-F388-F389-F390-F391-F392-F393-F394-F395-F396-F397-F398-F399-F400-F401-F402-F403-F404-F405-F406-F407-F408-F409-F410-F411-F412-F413-F414-F415-F416-F417-F418-F419-F420-F421-F422-F423-F424-F425-F426-F427-F428-F429-F430-F431-F432-F433-F434-F435-F436-F437-F438-F439-F440-F441-F442-F443-F444-F445-F446-F447-F448-F449-F450-F451-F452-F453-F454-F455-F456-F457-F458-F459-F460-F461-F462-F463-F464-F465-F466-F467-F468-F469-F470-F471-F472-F473-F474-F475-F476-F477-F478-F479-F480-F481-F482-F483-F484-F485-F486-F487-F488-F489-F490-F491-F492-F493-F494-F495-F496-E499504-O500505-F510-F511-F512

## Summary

Number of input bits: 512  
Number of free input bits: 11  
Number of output bits: 160

Number of direct occurrences: 44803  
Number of assignments: 31374  
Number of operations: 10995538
(xor: 10967309,
and: 14827,
or: 13402)

Total complexity: 4.086367697592391 × 10^299

Least occurring input variable: iv_502 (3807)  
Most occurring input variable: iv_500 (4269)

Most co-occurring input variables: iv_508-iv_509 (2067)  
Least co-occurring input variables: iv_498-iv_502 (1723)

Potentially most occurring input variable: iv_500/iv_508 (4538)  
Potentially least occurring input variable: iv_506/iv_507 (4148)

Least output occurring input variable: iv_502 (71)  
Most output occurring input variable: iv_497 (93)

Most output co-occurring input variables: iv_497-iv_506 (51)  
Least output co-occurring input variables: iv_502-iv_508 (30)

Potentially most output occurring input variable: iv_503/iv_509 (98)  
Potentially least output occurring input variable: iv_498/iv_503 (68)

Least complex input bit: iv_497 (1.1684719091198664 × 10^297)  
Most complex input bit: iv_500 (7.634876029026096 × 10^298)

Least complex output bit: aaa_76_29 (8.340787348282128 × 10^274)  
Most complex output bit: ov_001 (6.481018863722544 × 10^298)

Least complex input/output complexity: iv_497/aaa_76_29 (2.3849972488163945 × 10^272)  
Most complex input/output complexity: iv_500/ov_001 (1.210898754790346 × 10^298)

## Input Bits

### Input Bits in Regular Order

| Input Bit | Complexity | Occurrences | Output Occurrences |
|:---------:|:----------:|:-----------:|:------------------:|
| iv_497 | 1.1684719091198664 × 10^297 | 4122 | 93 |
| iv_498 | 2.327570975567927 × 10^297 | 3918 | 88 |
| iv_499 | 4.945151380656716 × 10^298 | 4125 | 83 |
| iv_500 | 7.634876029026096 × 10^298 | 4269 | 82 |
| iv_501 | 1.1332119823380944 × 10^298 | 4059 | 83 |
| iv_502 | 1.8311957991012666 × 10^298 | 3807 | 71 |
| iv_503 | 2.9096846351603405 × 10^298 | 4043 | 82 |
| iv_506 | 3.514292744885703 × 10^298 | 3944 | 81 |
| iv_507 | 5.045687178228008 × 10^298 | 4162 | 76 |
| iv_508 | 6.700607716442018 × 10^298 | 4165 | 73 |
| iv_509 | 6.799365221616892 × 10^298 | 4189 | 78 |

### Input Bits Sorted by Complexity

| Input Bit | Complexity | Occurrences | Output Occurrences |
|:---------:|:----------:|:-----------:|:------------------:|
| iv_497 | 1.1684719091198664 × 10^297 | 4122 | 93 |
| iv_498 | 2.327570975567927 × 10^297 | 3918 | 88 |
| iv_501 | 1.1332119823380944 × 10^298 | 4059 | 83 |
| iv_502 | 1.8311957991012666 × 10^298 | 3807 | 71 |
| iv_503 | 2.9096846351603405 × 10^298 | 4043 | 82 |
| iv_506 | 3.514292744885703 × 10^298 | 3944 | 81 |
| iv_499 | 4.945151380656716 × 10^298 | 4125 | 83 |
| iv_507 | 5.045687178228008 × 10^298 | 4162 | 76 |
| iv_508 | 6.700607716442018 × 10^298 | 4165 | 73 |
| iv_509 | 6.799365221616892 × 10^298 | 4189 | 78 |
| iv_500 | 7.634876029026096 × 10^298 | 4269 | 82 |

### Input Bits Sorted by Occurrences

| Input Bit | Complexity | Occurrences | Output Occurrences |
|:---------:|:----------:|:-----------:|:------------------:|
| iv_502 | 1.8311957991012666 × 10^298 | 3807 | 71 |
| iv_498 | 2.327570975567927 × 10^297 | 3918 | 88 |
| iv_506 | 3.514292744885703 × 10^298 | 3944 | 81 |
| iv_503 | 2.9096846351603405 × 10^298 | 4043 | 82 |
| iv_501 | 1.1332119823380944 × 10^298 | 4059 | 83 |
| iv_497 | 1.1684719091198664 × 10^297 | 4122 | 93 |
| iv_499 | 4.945151380656716 × 10^298 | 4125 | 83 |
| iv_507 | 5.045687178228008 × 10^298 | 4162 | 76 |
| iv_508 | 6.700607716442018 × 10^298 | 4165 | 73 |
| iv_509 | 6.799365221616892 × 10^298 | 4189 | 78 |
| iv_500 | 7.634876029026096 × 10^298 | 4269 | 82 |

### Input Bits Sorted by Output Occurrences

| Input Bit | Complexity | Occurrences | Output Occurrences |
|:---------:|:----------:|:-----------:|:------------------:|
| iv_502 | 1.8311957991012666 × 10^298 | 3807 | 71 |
| iv_508 | 6.700607716442018 × 10^298 | 4165 | 73 |
| iv_507 | 5.045687178228008 × 10^298 | 4162 | 76 |
| iv_509 | 6.799365221616892 × 10^298 | 4189 | 78 |
| iv_506 | 3.514292744885703 × 10^298 | 3944 | 81 |
| iv_503 | 2.9096846351603405 × 10^298 | 4043 | 82 |
| iv_500 | 7.634876029026096 × 10^298 | 4269 | 82 |
| iv_499 | 4.945151380656716 × 10^298 | 4125 | 83 |
| iv_501 | 1.1332119823380944 × 10^298 | 4059 | 83 |
| iv_498 | 2.327570975567927 × 10^297 | 3918 | 88 |
| iv_497 | 1.1684719091198664 × 10^297 | 4122 | 93 |

## Input Bit Co-occurrences

### Input Bit Co-occurrences Sorted by Co-occurrences

| Input Bits | Co-occurrences | Potential Occurrences | Output Co-occurrences | Potential Output Occurrences |
|:----------:|:--------------:|:---------------------:|:---------------------:|:----------------------------:|
| iv_508-iv_509 | 2067 | 4220 | 35 | 81 |
| iv_497-iv_507 | 2034 | 4216 | 44 | 81 |
| iv_507-iv_509 | 2029 | 4293 | 38 | 78 |
| iv_500-iv_507 | 2028 | 4375 | 34 | 90 |
| iv_497-iv_500 | 2026 | 4339 | 45 | 85 |
| iv_499-iv_507 | 2021 | 4245 | 43 | 73 |
| iv_500-iv_501 | 2010 | 4308 | 42 | 81 |
| iv_499-iv_500 | 2004 | 4386 | 45 | 75 |
| iv_499-iv_508 | 2002 | 4286 | 40 | 76 |
| iv_501-iv_509 | 1997 | 4254 | 38 | 85 |
| iv_499-iv_509 | 1996 | 4322 | 41 | 79 |

### Input Bit Co-occurrences Sorted by Potential Occurrences

| Input Bits | Co-occurrences | Potential Occurrences | Output Co-occurrences | Potential Output Occurrences |
|:----------:|:--------------:|:---------------------:|:---------------------:|:----------------------------:|
| iv_506-iv_507 | 1979 | 4148 | 39 | 79 |
| iv_501-iv_503 | 1963 | 4176 | 48 | 69 |
| iv_498-iv_506 | 1839 | 4184 | 41 | 87 |
| iv_497-iv_501 | 1994 | 4193 | 48 | 80 |
| iv_502-iv_506 | 1775 | 4201 | 38 | 76 |
| iv_497-iv_506 | 1932 | 4202 | 51 | 72 |
| iv_497-iv_507 | 2034 | 4216 | 44 | 81 |
| iv_508-iv_509 | 2067 | 4220 | 35 | 81 |
| iv_497-iv_502 | 1854 | 4221 | 40 | 84 |
| iv_503-iv_506 | 1882 | 4223 | 41 | 81 |
| iv_497-iv_503 | 1968 | 4229 | 44 | 87 |

### Input Bit Output Co-occurrences Sorted by Output Co-occurrences

| Input Bits | Co-occurrences | Potential Occurrences | Output Co-occurrences | Potential Output Occurrences |
|:----------:|:--------------:|:---------------------:|:---------------------:|:----------------------------:|
| iv_498-iv_503 | 1860 | 4241 | 51 | 68 |
| iv_497-iv_506 | 1932 | 4202 | 51 | 72 |
| iv_497-iv_498 | 1883 | 4274 | 50 | 81 |
| iv_498-iv_499 | 1870 | 4303 | 50 | 71 |
| iv_498-iv_501 | 1859 | 4259 | 48 | 75 |
| iv_501-iv_503 | 1963 | 4176 | 48 | 69 |
| iv_497-iv_501 | 1994 | 4193 | 48 | 80 |
| iv_497-iv_500 | 2026 | 4339 | 45 | 85 |
| iv_499-iv_500 | 2004 | 4386 | 45 | 75 |
| iv_497-iv_499 | 1929 | 4389 | 45 | 86 |
| iv_498-iv_500 | 1935 | 4317 | 45 | 80 |

### Input Bit Output Co-occurrences Sorted by Potential Output Occurrences

| Input Bits | Co-occurrences | Potential Occurrences | Output Co-occurrences | Potential Output Occurrences |
|:----------:|:--------------:|:---------------------:|:---------------------:|:----------------------------:|
| iv_498-iv_503 | 1860 | 4241 | 51 | 68 |
| iv_501-iv_503 | 1963 | 4176 | 48 | 69 |
| iv_498-iv_499 | 1870 | 4303 | 50 | 71 |
| iv_497-iv_506 | 1932 | 4202 | 51 | 72 |
| iv_507-iv_508 | 1960 | 4407 | 38 | 73 |
| iv_499-iv_507 | 2021 | 4245 | 43 | 73 |
| iv_503-iv_507 | 1928 | 4349 | 42 | 74 |
| iv_498-iv_501 | 1859 | 4259 | 48 | 75 |
| iv_499-iv_500 | 2004 | 4386 | 45 | 75 |
| iv_502-iv_507 | 1869 | 4231 | 36 | 75 |
| iv_499-iv_508 | 2002 | 4286 | 40 | 76 |

## Output Bits

### Output Bits in Regular Order

| Rank | Output Bit | Complexity |
|:----:|:----------:|:----------:|
| 1 | ov_001 | 6.481018863722544 × 10^298 |
| 2 | ov_002 | 5.62805263486695 × 10^298 |
| 3 | ov_003 | 4.863246953712449 × 10^298 |
| 4 | ov_004 | 4.179955871433219 × 10^298 |
| 5 | ov_005 | 3.5718956883381117 × 10^298 |
| 6 | ov_006 | 3.0331192918152503 × 10^298 |
| 7 | ov_007 | 2.557993827736446 × 10^298 |
| 8 | ov_008 | 2.1411814362053912 × 10^298 |
| 9 | ov_009 | 1.7776227998689383 × 10^298 |
| 10 | ov_010 | 1.4625232310556245 × 10^298 |
| 11 | ov_011 | 1.1913410209056377 × 10^298 |
| 12 | ov_012 | 9.59777789508451 × 10^297 |
| 13 | ov_013 | 7.637705916069335 × 10^297 |
| 14 | ov_014 | 5.994855477299138 × 10^297 |
| 15 | ov_015 | 4.633127857371715 × 10^297 |
| 16 | ov_016 | 3.518624927491035 × 10^297 |
| 17 | ov_017 | 2.619618923253013 × 10^297 |
| 18 | ov_018 | 1.9065297658075323 × 10^297 |
| 19 | ov_019 | 1.3519083770640374 × 10^297 |
| 20 | ov_020 | 9.304245810742307 × 10^296 |
| 21 | ov_021 | 6.1885839138426095 × 10^296 |
| 22 | ov_022 | 3.960938032887029 × 10^296 |
| 23 | ov_023 | 2.4311450141964844 × 10^296 |
| 24 | ov_024 | 1.43001036204184 × 10^296 |
| 25 | ov_025 | 8.092909621929002 × 10^295 |
| 26 | ov_026 | 4.4168561871038436 × 10^295 |
| 27 | ov_027 | 2.2083060185914215 × 10^295 |
| 28 | ov_028 | 9.877808641196877 × 10^294 |
| 29 | ov_029 | 3.804787882658786 × 10^294 |
| 30 | ov_030 | 1.1627299899243639 × 10^294 |
| 31 | ov_031 | 2.266929000311914 × 10^293 |
| 32 | lv_80_m31 | 4.418875417269485 × 10^292 |
| 33 | ov_033 | 5.297635731439965 × 10^293 |
| 34 | ov_034 | 4.5934036050575606 × 10^293 |
| 35 | ov_035 | 3.963155195721919 × 10^293 |
| 36 | ov_036 | 3.4010866318589508 × 10^293 |
| 37 | ov_037 | 2.901707798591801 × 10^293 |
| 38 | ov_038 | 2.4598202568299515 × 10^293 |
| 39 | ov_039 | 2.0704981378214317 × 10^293 |
| 40 | ov_040 | 1.7290717249143329 × 10^293 |
| 41 | ov_041 | 1.4311134518604587 × 10^293 |
| 42 | ov_042 | 1.1724260636670877 × 10^293 |
| 43 | ov_043 | 9.509671582339653 × 10^292 |
| 44 | ov_044 | 7.629720603670309 × 10^292 |
| 45 | ov_045 | 6.048815579423537 × 10^292 |
| 46 | ov_046 | 4.733364804084437 × 10^292 |
| 47 | ov_047 | 3.6517339522574146 × 10^292 |
| 48 | ov_048 | 2.774212547128237 × 10^292 |
| 49 | ov_049 | 2.072988387029147 × 10^292 |
| 50 | ov_050 | 1.522128511090325 × 10^292 |
| 51 | ov_051 | 1.097565410043092 × 10^292 |
| 52 | ov_052 | 7.770873119151881 × 10^291 |
| 53 | ov_053 | 5.403314950149408 × 10^291 |
| 54 | ov_054 | 3.6877974523489554 × 10^291 |
| 55 | ov_055 | 2.4575531667665298 × 10^291 |
| 56 | ov_056 | 1.5642097360780134 × 10^291 |
| 57 | ov_057 | 9.381778786165235 × 10^290 |
| 58 | ov_058 | 5.190577416368127 × 10^290 |
| 59 | ov_059 | 2.5563658296928216 × 10^290 |
| 60 | ov_060 | 1.0588769522995864 × 10^290 |
| 61 | ov_061 | 3.6970009190756844 × 10^289 |
| 62 | ov_062 | 1.0136954128818117 × 10^289 |
| 63 | ov_063 | 1.9748109051529766 × 10^288 |
| 64 | lv_79_m31 | 3.846368832194051 × 10^287 |
| 65 | ov_065 | 4.5886817371493805 × 10^288 |
| 66 | ov_066 | 4.588667455541118 × 10^288 |
| 67 | ov_067 | 4.5886639601962 × 10^288 |
| 68 | ov_068 | 3.967654057942101 × 10^288 |
| 69 | ov_069 | 3.4135258452769146 × 10^288 |
| 70 | ov_070 | 2.920868830299134 × 10^288 |
| 71 | ov_071 | 2.484605459360963 × 10^288 |
| 72 | ov_072 | 2.099968575676553 × 10^288 |
| 73 | ov_073 | 1.762480869814591 × 10^288 |
| 74 | ov_074 | 1.4679362167236777 × 10^288 |
| 75 | ov_075 | 1.2123827980230493 × 10^288 |
| 76 | ov_076 | 9.92107911633332 × 10^287 |
| 77 | ov_077 | 8.03624373523482 × 10^287 |
| 78 | ov_078 | 6.436584185056592 × 10^287 |
| 79 | ov_079 | 5.091390086985037 × 10^287 |
| 80 | ov_080 | 3.971884595741474 × 10^287 |
| 81 | ov_081 | 3.0511429447477735 × 10^287 |
| 82 | ov_082 | 2.304022391941132 × 10^287 |
| 83 | ov_083 | 1.707102687251908 × 10^287 |
| 84 | ov_084 | 1.2386361862929532 × 10^287 |
| 85 | ov_085 | 8.785067372414158 × 10^286 |
| 86 | ov_086 | 6.081964695420486 × 10^286 |
| 87 | ov_087 | 4.107596141447414 × 10^286 |
| 88 | ov_088 | 2.7080248566674715 × 10^286 |
| 89 | ov_089 | 1.7446875726510714 × 10^286 |
| 90 | ov_090 | 1.0942915921465775 × 10^286 |
| 91 | ov_091 | 6.487473228761453 × 10^285 |
| 92 | ov_092 | 3.5780426189702213 × 10^285 |
| 93 | ov_093 | 1.7878589041524562 × 10^285 |
| 94 | ov_094 | 7.65824841962721 × 10^284 |
| 95 | aaa_78_28 | 2.36481723681427 × 10^284 |
| 96 | aaa_78_29 | 7.262583538868298 × 10^283 |
| 97 | ov_097 | 4.797043613310824 × 10^283 |
| 98 | ov_098 | 4.796898255301352 × 10^283 |
| 99 | ov_099 | 4.796851747110046 × 10^283 |
| 100 | ov_100 | 4.316579063475678 × 10^283 |
| 101 | ov_101 | 3.871787023467619 × 10^283 |
| 102 | ov_102 | 3.460518848962018 × 10^283 |
| 103 | ov_103 | 3.080961499377041 × 10^283 |
| 104 | ov_104 | 2.7314270072618035 × 10^283 |
| 105 | ov_105 | 2.4103355122818504 × 10^283 |
| 106 | ov_106 | 2.116199905997639 × 10^283 |
| 107 | ov_107 | 1.8476120029714352 × 10^283 |
| 108 | ov_108 | 1.6032301562554966 × 10^283 |
| 109 | ov_109 | 1.3817682372976259 × 10^283 |
| 110 | ov_110 | 1.1819859018260735 × 10^283 |
| 111 | ov_111 | 1.0026800644181234 × 10^283 |
| 112 | ov_112 | 8.426775052840191 × 10^282 |
| 113 | ov_113 | 7.008285333730316 × 10^282 |
| 114 | ov_114 | 5.76001630288937 × 10^282 |
| 115 | ov_115 | 4.670789997400114 × 10^282 |
| 116 | ov_116 | 3.729529473899512 × 10^282 |
| 117 | ov_117 | 2.9252301605891395 × 10^282 |
| 118 | ov_118 | 2.24693801274606 × 10^282 |
| 119 | ov_119 | 1.6837337220637436 × 10^282 |
| 120 | ov_120 | 1.2247217078263566 × 10^282 |
| 121 | ov_121 | 8.590221891615381 × 10^281 |
| 122 | ov_122 | 5.757653475315228 × 10^281 |
| 123 | ov_123 | 3.640872048452907 × 10^281 |
| 124 | ov_124 | 2.1312684258508346 × 10^281 |
| 125 | ov_125 | 1.1202467872474074 × 10^281 |
| 126 | ov_126 | 4.992158861839812 × 10^280 |
| 127 | aaa_77_28 | 1.595856747444786 × 10^280 |
| 128 | aaa_77_29 | 5.992010683336714 × 10^279 |
| 129 | ov_129 | 5.518534858283022 × 10^279 |
| 130 | ov_130 | 5.518518614625583 × 10^279 |
| 131 | ov_131 | 5.518514687631715 × 10^279 |
| 132 | ov_132 | 4.795149306639628 × 10^279 |
| 133 | ov_133 | 4.144165592557286 × 10^279 |
| 134 | ov_134 | 3.5597277308582606 × 10^279 |
| 135 | ov_135 | 3.036311462373029 × 10^279 |
| 136 | ov_136 | 2.571229549271355 × 10^279 |
| 137 | ov_137 | 2.1619341854248933 × 10^279 |
| 138 | ov_138 | 1.8037139188606158 × 10^279 |
| 139 | ov_139 | 1.492097034810676 × 10^279 |
| 140 | ov_140 | 1.222839966292571 × 10^279 |
| 141 | ov_141 | 9.919177208769603 × 10^278 |
| 142 | ov_142 | 7.955160837467522 × 10^278 |
| 143 | ov_143 | 6.300253711117054 × 10^278 |
| 144 | ov_144 | 4.9203552187929714 × 10^278 |
| 145 | ov_145 | 3.7833232923657205 × 10^278 |
| 146 | ov_146 | 2.8589462749901367 × 10^278 |
| 147 | ov_147 | 2.1189226325076944 × 10^278 |
| 148 | ov_148 | 1.5368469344745901 × 10^278 |
| 149 | ov_149 | 1.08820066784888 × 10^278 |
| 150 | ov_150 | 7.503465825834821 × 10^277 |
| 151 | ov_151 | 5.025254045084106 × 10^277 |
| 152 | ov_152 | 3.2585393424653617 × 10^277 |
| 153 | ov_153 | 2.0332385906372333 × 10^277 |
| 154 | ov_154 | 1.1980095623966047 × 10^277 |
| 155 | ov_155 | 6.202457047235384 × 10^276 |
| 156 | aaa_76_25 | 2.3832724266549195 × 10^276 |
| 157 | aaa_76_26 | 1.376249303608589 × 10^276 |
| 158 | aaa_76_27 | 7.044658882284817 × 10^275 |
| 159 | aaa_76_28 | 2.7427330624619876 × 10^275 |
| 160 | aaa_76_29 | 8.340787348282128 × 10^274 |

### Output Bits Sorted by Complexity

| Rank | Output Bit | Complexity |
|:----:|:----------:|:----------:|
| 160 | aaa_76_29 | 8.340787348282128 × 10^274 |
| 159 | aaa_76_28 | 2.7427330624619876 × 10^275 |
| 158 | aaa_76_27 | 7.044658882284817 × 10^275 |
| 157 | aaa_76_26 | 1.376249303608589 × 10^276 |
| 156 | aaa_76_25 | 2.3832724266549195 × 10^276 |
| 155 | ov_155 | 6.202457047235384 × 10^276 |
| 154 | ov_154 | 1.1980095623966047 × 10^277 |
| 153 | ov_153 | 2.0332385906372333 × 10^277 |
| 152 | ov_152 | 3.2585393424653617 × 10^277 |
| 151 | ov_151 | 5.025254045084106 × 10^277 |
| 150 | ov_150 | 7.503465825834821 × 10^277 |
| 149 | ov_149 | 1.08820066784888 × 10^278 |
| 148 | ov_148 | 1.5368469344745901 × 10^278 |
| 147 | ov_147 | 2.1189226325076944 × 10^278 |
| 146 | ov_146 | 2.8589462749901367 × 10^278 |
| 145 | ov_145 | 3.7833232923657205 × 10^278 |
| 144 | ov_144 | 4.9203552187929714 × 10^278 |
| 143 | ov_143 | 6.300253711117054 × 10^278 |
| 142 | ov_142 | 7.955160837467522 × 10^278 |
| 141 | ov_141 | 9.919177208769603 × 10^278 |
| 140 | ov_140 | 1.222839966292571 × 10^279 |
| 139 | ov_139 | 1.492097034810676 × 10^279 |
| 138 | ov_138 | 1.8037139188606158 × 10^279 |
| 137 | ov_137 | 2.1619341854248933 × 10^279 |
| 136 | ov_136 | 2.571229549271355 × 10^279 |
| 135 | ov_135 | 3.036311462373029 × 10^279 |
| 134 | ov_134 | 3.5597277308582606 × 10^279 |
| 133 | ov_133 | 4.144165592557286 × 10^279 |
| 132 | ov_132 | 4.795149306639628 × 10^279 |
| 131 | ov_131 | 5.518514687631715 × 10^279 |
| 130 | ov_130 | 5.518518614625583 × 10^279 |
| 129 | ov_129 | 5.518534858283022 × 10^279 |
| 128 | aaa_77_29 | 5.992010683336714 × 10^279 |
| 127 | aaa_77_28 | 1.595856747444786 × 10^280 |
| 126 | ov_126 | 4.992158861839812 × 10^280 |
| 125 | ov_125 | 1.1202467872474074 × 10^281 |
| 124 | ov_124 | 2.1312684258508346 × 10^281 |
| 123 | ov_123 | 3.640872048452907 × 10^281 |
| 122 | ov_122 | 5.757653475315228 × 10^281 |
| 121 | ov_121 | 8.590221891615381 × 10^281 |
| 120 | ov_120 | 1.2247217078263566 × 10^282 |
| 119 | ov_119 | 1.6837337220637436 × 10^282 |
| 118 | ov_118 | 2.24693801274606 × 10^282 |
| 117 | ov_117 | 2.9252301605891395 × 10^282 |
| 116 | ov_116 | 3.729529473899512 × 10^282 |
| 115 | ov_115 | 4.670789997400114 × 10^282 |
| 114 | ov_114 | 5.76001630288937 × 10^282 |
| 113 | ov_113 | 7.008285333730316 × 10^282 |
| 112 | ov_112 | 8.426775052840191 × 10^282 |
| 111 | ov_111 | 1.0026800644181234 × 10^283 |
| 110 | ov_110 | 1.1819859018260735 × 10^283 |
| 109 | ov_109 | 1.3817682372976259 × 10^283 |
| 108 | ov_108 | 1.6032301562554966 × 10^283 |
| 107 | ov_107 | 1.8476120029714352 × 10^283 |
| 106 | ov_106 | 2.116199905997639 × 10^283 |
| 105 | ov_105 | 2.4103355122818504 × 10^283 |
| 104 | ov_104 | 2.7314270072618035 × 10^283 |
| 103 | ov_103 | 3.080961499377041 × 10^283 |
| 102 | ov_102 | 3.460518848962018 × 10^283 |
| 101 | ov_101 | 3.871787023467619 × 10^283 |
| 100 | ov_100 | 4.316579063475678 × 10^283 |
| 99 | ov_099 | 4.796851747110046 × 10^283 |
| 98 | ov_098 | 4.796898255301352 × 10^283 |
| 97 | ov_097 | 4.797043613310824 × 10^283 |
| 96 | aaa_78_29 | 7.262583538868298 × 10^283 |
| 95 | aaa_78_28 | 2.36481723681427 × 10^284 |
| 94 | ov_094 | 7.65824841962721 × 10^284 |
| 93 | ov_093 | 1.7878589041524562 × 10^285 |
| 92 | ov_092 | 3.5780426189702213 × 10^285 |
| 91 | ov_091 | 6.487473228761453 × 10^285 |
| 90 | ov_090 | 1.0942915921465775 × 10^286 |
| 89 | ov_089 | 1.7446875726510714 × 10^286 |
| 88 | ov_088 | 2.7080248566674715 × 10^286 |
| 87 | ov_087 | 4.107596141447414 × 10^286 |
| 86 | ov_086 | 6.081964695420486 × 10^286 |
| 85 | ov_085 | 8.785067372414158 × 10^286 |
| 84 | ov_084 | 1.2386361862929532 × 10^287 |
| 83 | ov_083 | 1.707102687251908 × 10^287 |
| 82 | ov_082 | 2.304022391941132 × 10^287 |
| 81 | ov_081 | 3.0511429447477735 × 10^287 |
| 64 | lv_79_m31 | 3.846368832194051 × 10^287 |
| 80 | ov_080 | 3.971884595741474 × 10^287 |
| 79 | ov_079 | 5.091390086985037 × 10^287 |
| 78 | ov_078 | 6.436584185056592 × 10^287 |
| 77 | ov_077 | 8.03624373523482 × 10^287 |
| 76 | ov_076 | 9.92107911633332 × 10^287 |
| 75 | ov_075 | 1.2123827980230493 × 10^288 |
| 74 | ov_074 | 1.4679362167236777 × 10^288 |
| 73 | ov_073 | 1.762480869814591 × 10^288 |
| 63 | ov_063 | 1.9748109051529766 × 10^288 |
| 72 | ov_072 | 2.099968575676553 × 10^288 |
| 71 | ov_071 | 2.484605459360963 × 10^288 |
| 70 | ov_070 | 2.920868830299134 × 10^288 |
| 69 | ov_069 | 3.4135258452769146 × 10^288 |
| 68 | ov_068 | 3.967654057942101 × 10^288 |
| 67 | ov_067 | 4.5886639601962 × 10^288 |
| 66 | ov_066 | 4.588667455541118 × 10^288 |
| 65 | ov_065 | 4.5886817371493805 × 10^288 |
| 62 | ov_062 | 1.0136954128818117 × 10^289 |
| 61 | ov_061 | 3.6970009190756844 × 10^289 |
| 60 | ov_060 | 1.0588769522995864 × 10^290 |
| 59 | ov_059 | 2.5563658296928216 × 10^290 |
| 58 | ov_058 | 5.190577416368127 × 10^290 |
| 57 | ov_057 | 9.381778786165235 × 10^290 |
| 56 | ov_056 | 1.5642097360780134 × 10^291 |
| 55 | ov_055 | 2.4575531667665298 × 10^291 |
| 54 | ov_054 | 3.6877974523489554 × 10^291 |
| 53 | ov_053 | 5.403314950149408 × 10^291 |
| 52 | ov_052 | 7.770873119151881 × 10^291 |
| 51 | ov_051 | 1.097565410043092 × 10^292 |
| 50 | ov_050 | 1.522128511090325 × 10^292 |
| 49 | ov_049 | 2.072988387029147 × 10^292 |
| 48 | ov_048 | 2.774212547128237 × 10^292 |
| 47 | ov_047 | 3.6517339522574146 × 10^292 |
| 32 | lv_80_m31 | 4.418875417269485 × 10^292 |
| 46 | ov_046 | 4.733364804084437 × 10^292 |
| 45 | ov_045 | 6.048815579423537 × 10^292 |
| 44 | ov_044 | 7.629720603670309 × 10^292 |
| 43 | ov_043 | 9.509671582339653 × 10^292 |
| 42 | ov_042 | 1.1724260636670877 × 10^293 |
| 41 | ov_041 | 1.4311134518604587 × 10^293 |
| 40 | ov_040 | 1.7290717249143329 × 10^293 |
| 39 | ov_039 | 2.0704981378214317 × 10^293 |
| 31 | ov_031 | 2.266929000311914 × 10^293 |
| 38 | ov_038 | 2.4598202568299515 × 10^293 |
| 37 | ov_037 | 2.901707798591801 × 10^293 |
| 36 | ov_036 | 3.4010866318589508 × 10^293 |
| 35 | ov_035 | 3.963155195721919 × 10^293 |
| 34 | ov_034 | 4.5934036050575606 × 10^293 |
| 33 | ov_033 | 5.297635731439965 × 10^293 |
| 30 | ov_030 | 1.1627299899243639 × 10^294 |
| 29 | ov_029 | 3.804787882658786 × 10^294 |
| 28 | ov_028 | 9.877808641196877 × 10^294 |
| 27 | ov_027 | 2.2083060185914215 × 10^295 |
| 26 | ov_026 | 4.4168561871038436 × 10^295 |
| 25 | ov_025 | 8.092909621929002 × 10^295 |
| 24 | ov_024 | 1.43001036204184 × 10^296 |
| 23 | ov_023 | 2.4311450141964844 × 10^296 |
| 22 | ov_022 | 3.960938032887029 × 10^296 |
| 21 | ov_021 | 6.1885839138426095 × 10^296 |
| 20 | ov_020 | 9.304245810742307 × 10^296 |
| 19 | ov_019 | 1.3519083770640374 × 10^297 |
| 18 | ov_018 | 1.9065297658075323 × 10^297 |
| 17 | ov_017 | 2.619618923253013 × 10^297 |
| 16 | ov_016 | 3.518624927491035 × 10^297 |
| 15 | ov_015 | 4.633127857371715 × 10^297 |
| 14 | ov_014 | 5.994855477299138 × 10^297 |
| 13 | ov_013 | 7.637705916069335 × 10^297 |
| 12 | ov_012 | 9.59777789508451 × 10^297 |
| 11 | ov_011 | 1.1913410209056377 × 10^298 |
| 10 | ov_010 | 1.4625232310556245 × 10^298 |
| 9 | ov_009 | 1.7776227998689383 × 10^298 |
| 8 | ov_008 | 2.1411814362053912 × 10^298 |
| 7 | ov_007 | 2.557993827736446 × 10^298 |
| 6 | ov_006 | 3.0331192918152503 × 10^298 |
| 5 | ov_005 | 3.5718956883381117 × 10^298 |
| 4 | ov_004 | 4.179955871433219 × 10^298 |
| 3 | ov_003 | 4.863246953712449 × 10^298 |
| 2 | ov_002 | 5.62805263486695 × 10^298 |
| 1 | ov_001 | 6.481018863722544 × 10^298 |

