# Results for F001-F002-F003-F004-F005-F006-F007-F008-F009-F010-F011-F012-F013-F014-F015-F016-F017-F018-F019-F020-F021-F022-F023-F024-F025-F026-F027-F028-F029-F030-F031-F032-F033-F034-F035-F036-F037-F038-F039-F040-F041-F042-F043-F044-F045-F046-F047-F048-F049-F050-F051-F052-F053-F054-F055-F056-F057-F058-F059-F060-F061-F062-F063-F064-F065-F066-F067-F068-F069-F070-F071-F072-F073-F074-F075-F076-F077-F078-F079-F080-F081-F082-F083-F084-F085-F086-F087-F088-F089-F090-F091-F092-F093-F094-F095-F096-F097-F098-F099-F100-F101-F102-F103-F104-F105-F106-F107-F108-F109-F110-F111-F112-F113-F114-F115-F116-F117-F118-F119-F120-F121-F122-F123-F124-F125-F126-F127-F128-F129-F130-F131-F132-F133-F134-F135-F136-F137-F138-F139-F140-F141-F142-F143-F144-F145-F146-F147-F148-F149-F150-F151-F152-F153-F154-F155-F156-F157-F158-F159-F160-F161-F162-F163-F164-F165-F166-F167-F168-F169-F170-F171-F172-F173-F174-F175-F176-F177-F178-F179-F180-F181-F182-F183-F184-F185-F186-F187-F188-F189-F190-F191-F192-F193-F194-F195-F196-F197-F198-F199-F200-F201-F202-F203-F204-F205-F206-F207-F208-F209-F210-F211-F212-F213-F214-F215-F216-F217-F218-F219-F220-F221-F222-F223-F224-F225-F226-F227-F228-F229-F230-F231-F232-F233-F234-F235-F236-F237-F238-F239-F240-F241-F242-F243-F244-F245-F246-F247-F248-F249-F250-F251-F252-F253-F254-F255-F256-F257-F258-F259-F260-F261-F262-F263-F264-F265-F266-F267-F268-F269-F270-F271-F272-F273-F274-F275-F276-F277-F278-F279-F280-F281-F282-F283-F284-F285-F286-F287-F288-F289-F290-F291-F292-F293-F294-F295-F296-F297-F298-F299-F300-F301-F302-F303-F304-F305-F306-F307-F308-F309-F310-F311-F312-F313-F314-F315-F316-F317-F318-F319-F320-F321-F322-F323-F324-F325-F326-F327-F328-F329-F330-F331-F332-F333-F334-F335-F336-F337-F338-F339-F340-F341-F342-F343-F344-F345-F346-F347-F348-F349-F350-F351-F352-F353-F354-F355-F356-F357-F358-F359-F360-F361-F362-F363-F364-F365-F366-F367-F368-F369-F370-F371-F372-F373-F374-F375-F376-F377-F378-F379-F380-F381-F382-F383-F384-F385-F386-F387-F388-F389-F390-F391-F392-F393-F394-F395-F396-F397-F398-F399-F400-F401-F402-F403-F404-F405-F406-F407-F408-F409-F410-F411-F412-F413-F414-F415-F416-F417-F418-F419-F420-F421-F422-F423-F424-F425-F426-F427-F428-F429-F430-F431-F432-F433-F434-F435-F436-F437-F438-F439-F440-F441-F442-F443-F444-F445-F446-F447-F448-F449-F450-F451-F452-F453-F454-F455-F456-F457-F458-F459-F460-F461-F462-F463-F464-F465-F466-F467-F468-F469-F470-F471-F472-F473-F474-F475-F476-F477-F478-F479-F480-F481-F482-F483-F484-F485-F486-F487-F488-F489-F490-F491-F492-F493-F494-F495-F496-F497-F498-F499-F500-F512

## Summary

Number of input bits: 512  
Number of free input bits: 11  
Number of output bits: 160

Number of direct occurrences: 44711  
Number of assignments: 31103  
Number of operations: 10987163
(xor: 10958297,
and: 15635,
or: 13231)

Total complexity: 3.773654739013623 × 10^299

Least occurring input variable: iv_502 (3883)  
Most occurring input variable: iv_510 (4235)

Most co-occurring input variables: iv_509-iv_510 (2114)  
Least co-occurring input variables: iv_505-iv_506 (1782)

Potentially most occurring input variable: iv_507/iv_510 (4476)  
Potentially least occurring input variable: iv_504/iv_508 (4088)

Least output occurring input variable: iv_510 (74)  
Most output occurring input variable: iv_508 (86)

Most output co-occurring input variables: iv_506-iv_508 (48)  
Least output co-occurring input variables: iv_502-iv_503 (32)

Potentially most output occurring input variable: iv_502/iv_503 (96)  
Potentially least output occurring input variable: iv_502/iv_511 (72)

Least complex input bit: iv_511 (7.598208749923836 × 10^295)  
Most complex input bit: iv_510 (9.59016075686344 × 10^298)

Least complex output bit: aaa_76_29 (5.178435288074218 × 10^274)  
Most complex output bit: ov_001 (6.009306544395465 × 10^298)

Least complex input/output complexity: iv_511/aaa_76_29 (1.0426717608788067 × 10^271)  
Most complex input/output complexity: iv_510/ov_001 (1.5271724570406167 × 10^298)

## Input Bits

### Input Bits in Regular Order

| Input Bit | Complexity | Occurrences | Output Occurrences |
|:---------:|:----------:|:-----------:|:------------------:|
| iv_501 | 2.5394427487385385 × 10^297 | 4064 | 79 |
| iv_502 | 4.642567297226412 × 10^297 | 3883 | 82 |
| iv_503 | 7.906276377679662 × 10^297 | 4125 | 78 |
| iv_504 | 1.2843598847855342 × 10^298 | 3905 | 78 |
| iv_505 | 2.0150401389364022 × 10^298 | 3895 | 79 |
| iv_506 | 3.073852540224345 × 10^298 | 3936 | 82 |
| iv_507 | 4.582402392361223 × 10^298 | 4157 | 76 |
| iv_508 | 6.576452810269626 × 10^298 | 4113 | 86 |
| iv_509 | 9.0978520155813 × 10^298 | 4212 | 80 |
| iv_510 | 9.59016075686344 × 10^298 | 4235 | 74 |
| iv_511 | 7.598208749923836 × 10^295 | 4186 | 80 |

### Input Bits Sorted by Complexity

| Input Bit | Complexity | Occurrences | Output Occurrences |
|:---------:|:----------:|:-----------:|:------------------:|
| iv_511 | 7.598208749923836 × 10^295 | 4186 | 80 |
| iv_501 | 2.5394427487385385 × 10^297 | 4064 | 79 |
| iv_502 | 4.642567297226412 × 10^297 | 3883 | 82 |
| iv_503 | 7.906276377679662 × 10^297 | 4125 | 78 |
| iv_504 | 1.2843598847855342 × 10^298 | 3905 | 78 |
| iv_505 | 2.0150401389364022 × 10^298 | 3895 | 79 |
| iv_506 | 3.073852540224345 × 10^298 | 3936 | 82 |
| iv_507 | 4.582402392361223 × 10^298 | 4157 | 76 |
| iv_508 | 6.576452810269626 × 10^298 | 4113 | 86 |
| iv_509 | 9.0978520155813 × 10^298 | 4212 | 80 |
| iv_510 | 9.59016075686344 × 10^298 | 4235 | 74 |

### Input Bits Sorted by Occurrences

| Input Bit | Complexity | Occurrences | Output Occurrences |
|:---------:|:----------:|:-----------:|:------------------:|
| iv_502 | 4.642567297226412 × 10^297 | 3883 | 82 |
| iv_505 | 2.0150401389364022 × 10^298 | 3895 | 79 |
| iv_504 | 1.2843598847855342 × 10^298 | 3905 | 78 |
| iv_506 | 3.073852540224345 × 10^298 | 3936 | 82 |
| iv_501 | 2.5394427487385385 × 10^297 | 4064 | 79 |
| iv_508 | 6.576452810269626 × 10^298 | 4113 | 86 |
| iv_503 | 7.906276377679662 × 10^297 | 4125 | 78 |
| iv_507 | 4.582402392361223 × 10^298 | 4157 | 76 |
| iv_511 | 7.598208749923836 × 10^295 | 4186 | 80 |
| iv_509 | 9.0978520155813 × 10^298 | 4212 | 80 |
| iv_510 | 9.59016075686344 × 10^298 | 4235 | 74 |

### Input Bits Sorted by Output Occurrences

| Input Bit | Complexity | Occurrences | Output Occurrences |
|:---------:|:----------:|:-----------:|:------------------:|
| iv_510 | 9.59016075686344 × 10^298 | 4235 | 74 |
| iv_507 | 4.582402392361223 × 10^298 | 4157 | 76 |
| iv_503 | 7.906276377679662 × 10^297 | 4125 | 78 |
| iv_504 | 1.2843598847855342 × 10^298 | 3905 | 78 |
| iv_501 | 2.5394427487385385 × 10^297 | 4064 | 79 |
| iv_505 | 2.0150401389364022 × 10^298 | 3895 | 79 |
| iv_509 | 9.0978520155813 × 10^298 | 4212 | 80 |
| iv_511 | 7.598208749923836 × 10^295 | 4186 | 80 |
| iv_502 | 4.642567297226412 × 10^297 | 3883 | 82 |
| iv_506 | 3.073852540224345 × 10^298 | 3936 | 82 |
| iv_508 | 6.576452810269626 × 10^298 | 4113 | 86 |

## Input Bit Co-occurrences

### Input Bit Co-occurrences Sorted by Co-occurrences

| Input Bits | Co-occurrences | Potential Occurrences | Output Co-occurrences | Potential Output Occurrences |
|:----------:|:--------------:|:---------------------:|:---------------------:|:----------------------------:|
| iv_509-iv_510 | 2114 | 4219 | 37 | 80 |
| iv_509-iv_511 | 2057 | 4284 | 37 | 86 |
| iv_510-iv_511 | 2055 | 4311 | 39 | 76 |
| iv_507-iv_508 | 2051 | 4168 | 44 | 74 |
| iv_508-iv_511 | 2046 | 4207 | 43 | 80 |
| iv_501-iv_511 | 2043 | 4164 | 41 | 77 |
| iv_508-iv_509 | 2032 | 4261 | 41 | 84 |
| iv_508-iv_510 | 2030 | 4288 | 36 | 88 |
| iv_507-iv_509 | 2021 | 4327 | 38 | 80 |
| iv_503-iv_511 | 2010 | 4291 | 37 | 84 |
| iv_503-iv_509 | 2010 | 4317 | 38 | 82 |

### Input Bit Co-occurrences Sorted by Potential Occurrences

| Input Bits | Co-occurrences | Potential Occurrences | Output Co-occurrences | Potential Output Occurrences |
|:----------:|:--------------:|:---------------------:|:---------------------:|:----------------------------:|
| iv_504-iv_508 | 1965 | 4088 | 43 | 78 |
| iv_506-iv_507 | 1981 | 4131 | 39 | 80 |
| iv_504-iv_506 | 1855 | 4131 | 42 | 76 |
| iv_502-iv_505 | 1819 | 4140 | 36 | 89 |
| iv_504-iv_505 | 1826 | 4148 | 41 | 75 |
| iv_501-iv_511 | 2043 | 4164 | 41 | 77 |
| iv_506-iv_508 | 1942 | 4165 | 48 | 72 |
| iv_507-iv_508 | 2051 | 4168 | 44 | 74 |
| iv_502-iv_508 | 1913 | 4170 | 41 | 86 |
| iv_501-iv_505 | 1893 | 4173 | 36 | 86 |
| iv_505-iv_510 | 1973 | 4184 | 40 | 73 |

### Input Bit Output Co-occurrences Sorted by Output Co-occurrences

| Input Bits | Co-occurrences | Potential Occurrences | Output Co-occurrences | Potential Output Occurrences |
|:----------:|:--------------:|:---------------------:|:---------------------:|:----------------------------:|
| iv_506-iv_508 | 1942 | 4165 | 48 | 72 |
| iv_502-iv_511 | 1905 | 4259 | 45 | 72 |
| iv_505-iv_508 | 1900 | 4208 | 44 | 77 |
| iv_502-iv_506 | 1804 | 4211 | 44 | 76 |
| iv_507-iv_508 | 2051 | 4168 | 44 | 74 |
| iv_504-iv_508 | 1965 | 4088 | 43 | 78 |
| iv_508-iv_511 | 2046 | 4207 | 43 | 80 |
| iv_502-iv_504 | 1790 | 4208 | 42 | 76 |
| iv_503-iv_505 | 1906 | 4208 | 42 | 73 |
| iv_503-iv_508 | 2008 | 4222 | 42 | 80 |
| iv_502-iv_507 | 1886 | 4268 | 42 | 74 |

### Input Bit Output Co-occurrences Sorted by Potential Output Occurrences

| Input Bits | Co-occurrences | Potential Occurrences | Output Co-occurrences | Potential Output Occurrences |
|:----------:|:--------------:|:---------------------:|:---------------------:|:----------------------------:|
| iv_502-iv_511 | 1905 | 4259 | 45 | 72 |
| iv_506-iv_508 | 1942 | 4165 | 48 | 72 |
| iv_503-iv_505 | 1906 | 4208 | 42 | 73 |
| iv_501-iv_510 | 1926 | 4447 | 40 | 73 |
| iv_505-iv_510 | 1973 | 4184 | 40 | 73 |
| iv_502-iv_507 | 1886 | 4268 | 42 | 74 |
| iv_507-iv_508 | 2051 | 4168 | 44 | 74 |
| iv_504-iv_505 | 1826 | 4148 | 41 | 75 |
| iv_502-iv_504 | 1790 | 4208 | 42 | 76 |
| iv_504-iv_509 | 1939 | 4239 | 41 | 76 |
| iv_502-iv_506 | 1804 | 4211 | 44 | 76 |

## Output Bits

### Output Bits in Regular Order

| Rank | Output Bit | Complexity |
|:----:|:----------:|:----------:|
| 1 | ov_001 | 6.009306544395465 × 10^298 |
| 2 | ov_002 | 5.218893670972031 × 10^298 |
| 3 | ov_003 | 4.5076324027122 × 10^298 |
| 4 | ov_004 | 3.872322927293751 × 10^298 |
| 5 | ov_005 | 3.3070870254214155 × 10^298 |
| 6 | ov_006 | 2.8063657427443454 × 10^298 |
| 7 | ov_007 | 2.364898338075018 × 10^298 |
| 8 | ov_008 | 1.9777039310396997 × 10^298 |
| 9 | ov_009 | 1.640065569634527 × 10^298 |
| 10 | ov_010 | 1.3475165026773797 × 10^298 |
| 11 | ov_011 | 1.0958285034242086 × 10^298 |
| 12 | ov_012 | 8.810021019334427 × 10^297 |
| 13 | ov_013 | 6.992585507640589 × 10^297 |
| 14 | ov_014 | 5.470333181669354 × 10^297 |
| 15 | ov_015 | 4.209709026449719 × 10^297 |
| 16 | ov_016 | 3.179207770531579 × 10^297 |
| 17 | ov_017 | 2.349342846339788 × 10^297 |
| 18 | ov_018 | 1.69262323562183 × 10^297 |
| 19 | ov_019 | 1.1835367072421652 × 10^297 |
| 20 | ov_020 | 7.985380959327762 × 10^296 |
| 21 | ov_021 | 5.1604141187706004 × 10^296 |
| 22 | ov_022 | 3.164147122195035 × 10^296 |
| 23 | ov_023 | 1.8197684711399548 × 10^296 |
| 24 | ov_024 | 9.699544627754953 × 10^295 |
| 25 | ov_025 | 4.768573889503052 × 10^295 |
| 26 | ov_026 | 2.220991945577505 × 10^295 |
| 27 | ov_027 | 1.0676842080099507 × 10^295 |
| 28 | ov_028 | 5.141892348300093 × 10^294 |
| 29 | ov_029 | 2.1193872623571527 × 10^294 |
| 30 | ov_030 | 7.015280520591745 × 10^293 |
| 31 | ov_031 | 1.6996115308015392 × 10^293 |
| 32 | lv_80_k31 | 4.1166020101262576 × 10^292 |
| 33 | ov_033 | 5.0101394732044585 × 10^293 |
| 34 | ov_034 | 4.35576623962764 × 10^293 |
| 35 | ov_035 | 3.770064336026841 × 10^293 |
| 36 | ov_036 | 3.2475111914254387 × 10^293 |
| 37 | ov_037 | 2.7828802637617878 × 10^293 |
| 38 | ov_038 | 2.371220062714952 × 10^293 |
| 39 | ov_039 | 2.0078360595856465 × 10^293 |
| 40 | ov_040 | 1.6882752019105258 × 10^293 |
| 41 | ov_041 | 1.4083127677253416 × 10^293 |
| 42 | ov_042 | 1.1639413107323072 × 10^293 |
| 43 | ov_043 | 9.513614631763123 × 10^292 |
| 44 | ov_044 | 7.669743780934412 × 10^292 |
| 45 | ov_045 | 6.090299133455059 × 10^292 |
| 46 | ov_046 | 4.758737624437579 × 10^292 |
| 47 | ov_047 | 3.6594530410534763 × 10^292 |
| 48 | ov_048 | 2.763981276434705 × 10^292 |
| 49 | ov_049 | 2.0456647505868087 × 10^292 |
| 50 | ov_050 | 1.4796370156914933 × 10^292 |
| 51 | ov_051 | 1.042812230251556 × 10^292 |
| 52 | ov_052 | 7.138783561398315 × 10^291 |
| 53 | ov_053 | 4.73293052710057 × 10^291 |
| 54 | ov_054 | 3.0328136153897223 × 10^291 |
| 55 | ov_055 | 1.8783442872472425 × 10^291 |
| 56 | ov_056 | 1.1270875310178044 × 10^291 |
| 57 | ov_057 | 6.542571436291137 × 10^290 |
| 58 | ov_058 | 3.5271287918456636 × 10^290 |
| 59 | ov_059 | 1.7329584609227407 × 10^290 |
| 60 | ov_060 | 7.566910323587331 × 10^289 |
| 61 | ov_061 | 2.831744849538908 × 10^289 |
| 62 | ov_062 | 8.547350594456078 × 10^288 |
| 63 | ov_063 | 1.8890091687262057 × 10^288 |
| 64 | lv_79_m31 | 3.677566170150696 × 10^287 |
| 65 | ov_065 | 4.3362250700438414 × 10^288 |
| 66 | ov_066 | 4.3362144990626646 × 10^288 |
| 67 | ov_067 | 4.336211072959485 × 10^288 |
| 68 | ov_068 | 3.738288817683291 × 10^288 |
| 69 | ov_069 | 3.205538756420434 × 10^288 |
| 70 | ov_070 | 2.7326597088441493 × 10^288 |
| 71 | ov_071 | 2.314677009465523 × 10^288 |
| 72 | ov_072 | 1.946920392001449 × 10^288 |
| 73 | ov_073 | 1.625003821184316 × 10^288 |
| 74 | ov_074 | 1.3448071704771985 × 10^288 |
| 75 | ov_075 | 1.1024596479307487 × 10^288 |
| 76 | ov_076 | 8.943248754798563 × 10^287 |
| 77 | ov_077 | 7.169875294224926 × 10^287 |
| 78 | ov_078 | 5.6724145173669084 × 10^287 |
| 79 | ov_079 | 4.420791433552133 × 10^287 |
| 80 | ov_080 | 3.3868255160583178 × 10^287 |
| 81 | ov_081 | 2.544150648071828 × 10^287 |
| 82 | ov_082 | 1.868146275486948 × 10^287 |
| 83 | ov_083 | 1.3358789053508215 × 10^287 |
| 84 | ov_084 | 9.26053090923482 × 10^286 |
| 85 | ov_085 | 6.189710455779397 × 10^286 |
| 86 | ov_086 | 3.9650002847535004 × 10^286 |
| 87 | ov_087 | 2.4204664536621145 × 10^286 |
| 88 | ov_088 | 1.4053720812670022 × 10^286 |
| 89 | ov_089 | 7.840329680047078 × 10^285 |
| 90 | ov_090 | 4.3571668012193394 × 10^285 |
| 91 | ov_091 | 2.5457653673519906 × 10^285 |
| 92 | ov_092 | 1.4961201151348348 × 10^285 |
| 93 | ov_093 | 7.903081805352208 × 10^284 |
| 94 | ov_094 | 3.542685800647831 × 10^284 |
| 95 | aaa_78_28 | 1.1394941087988566 × 10^284 |
| 96 | aaa_78_29 | 4.317813381803528 × 10^283 |
| 97 | ov_097 | 4.704449114672269 × 10^283 |
| 98 | ov_098 | 4.704308401112386 × 10^283 |
| 99 | ov_099 | 4.7042634961208 × 10^283 |
| 100 | ov_100 | 4.2343712572488345 × 10^283 |
| 101 | ov_101 | 3.79898159455999 × 10^283 |
| 102 | ov_102 | 3.3962175334770266 × 10^283 |
| 103 | ov_103 | 3.0243400526322734 × 10^283 |
| 104 | ov_104 | 2.681729734375556 × 10^283 |
| 105 | ov_105 | 2.3668701109709556 × 10^283 |
| 106 | ov_106 | 2.0783326167115304 × 10^283 |
| 107 | ov_107 | 1.8147630597644915 × 10^283 |
| 108 | ov_108 | 1.5748695304943677 × 10^283 |
| 109 | ov_109 | 1.357411665382009 × 10^283 |
| 110 | ov_110 | 1.1611911875376752 × 10^283 |
| 111 | ov_111 | 9.850436462645372 × 10^282 |
| 112 | ov_112 | 8.27831279234561 × 10^282 |
| 113 | ov_113 | 6.884369216544912 × 10^282 |
| 114 | ov_114 | 5.657588873791124 × 10^282 |
| 115 | ov_115 | 4.58706747322411 × 10^282 |
| 116 | ov_116 | 3.6619793076969665 × 10^282 |
| 117 | ov_117 | 2.8715507534496324 × 10^282 |
| 118 | ov_118 | 2.205040514719916 × 10^282 |
| 119 | ov_119 | 1.651725872123536 × 10^282 |
| 120 | ov_120 | 1.2008941938726467 × 10^282 |
| 121 | ov_121 | 8.418385426721543 × 10^281 |
| 122 | ov_122 | 5.638555436496019 × 10^281 |
| 123 | ov_123 | 3.562440490443547 × 10^281 |
| 124 | ov_124 | 2.0830416720588763 × 10^281 |
| 125 | ov_125 | 1.093366260498367 × 10^281 |
| 126 | ov_126 | 4.864240736626605 × 10^280 |
| 127 | aaa_77_28 | 1.5522573970738007 × 10^280 |
| 128 | aaa_77_29 | 5.813761645946331 × 10^279 |
| 129 | ov_129 | 5.29737837301196 × 10^279 |
| 130 | ov_130 | 5.297365788090242 × 10^279 |
| 131 | ov_131 | 5.297361751021837 × 10^279 |
| 132 | ov_132 | 4.5755711085386066 × 10^279 |
| 133 | ov_133 | 3.930477678552772 × 10^279 |
| 134 | ov_134 | 3.3561943636604184 × 10^279 |
| 135 | ov_135 | 2.8471585966398026 × 10^279 |
| 136 | ov_136 | 2.3981086807482502 × 10^279 |
| 137 | ov_137 | 2.0040632480789774 × 10^279 |
| 138 | ov_138 | 1.660303565558438 × 10^279 |
| 139 | ov_139 | 1.362358414174535 × 10^279 |
| 140 | ov_140 | 1.1059912815832752 × 10^279 |
| 141 | ov_141 | 8.871896224012543 × 10^278 |
| 142 | ov_142 | 7.021559543420153 × 10^278 |
| 143 | ov_143 | 5.473005719701196 × 10^278 |
| 144 | ov_144 | 4.192356732891518 × 10^278 |
| 145 | ov_145 | 3.1477070769901328 × 10^278 |
| 146 | ov_146 | 2.3090876709310545 × 10^278 |
| 147 | ov_147 | 1.6484385504712497 × 10^278 |
| 148 | ov_148 | 1.1395888219920622 × 10^278 |
| 149 | ov_149 | 7.582424904970719 × 10^277 |
| 150 | ov_150 | 4.819689052597818 × 10^277 |
| 151 | ov_151 | 2.901966976734378 × 10^277 |
| 152 | ov_152 | 1.6421021690807155 × 10^277 |
| 153 | ov_153 | 8.714760000381252 × 10^276 |
| 154 | ov_154 | 4.399977343419428 × 10^276 |
| 155 | ov_155 | 2.1609913204953166 × 10^276 |
| 156 | aaa_76_25 | 8.67315044419198 × 10^275 |
| 157 | aaa_76_26 | 5.335377934000317 × 10^275 |
| 158 | aaa_76_27 | 2.9234403742113 × 10^275 |
| 159 | aaa_76_28 | 1.3765519684747078 × 10^275 |
| 160 | aaa_76_29 | 5.178435288074218 × 10^274 |

### Output Bits Sorted by Complexity

| Rank | Output Bit | Complexity |
|:----:|:----------:|:----------:|
| 160 | aaa_76_29 | 5.178435288074218 × 10^274 |
| 159 | aaa_76_28 | 1.3765519684747078 × 10^275 |
| 158 | aaa_76_27 | 2.9234403742113 × 10^275 |
| 157 | aaa_76_26 | 5.335377934000317 × 10^275 |
| 156 | aaa_76_25 | 8.67315044419198 × 10^275 |
| 155 | ov_155 | 2.1609913204953166 × 10^276 |
| 154 | ov_154 | 4.399977343419428 × 10^276 |
| 153 | ov_153 | 8.714760000381252 × 10^276 |
| 152 | ov_152 | 1.6421021690807155 × 10^277 |
| 151 | ov_151 | 2.901966976734378 × 10^277 |
| 150 | ov_150 | 4.819689052597818 × 10^277 |
| 149 | ov_149 | 7.582424904970719 × 10^277 |
| 148 | ov_148 | 1.1395888219920622 × 10^278 |
| 147 | ov_147 | 1.6484385504712497 × 10^278 |
| 146 | ov_146 | 2.3090876709310545 × 10^278 |
| 145 | ov_145 | 3.1477070769901328 × 10^278 |
| 144 | ov_144 | 4.192356732891518 × 10^278 |
| 143 | ov_143 | 5.473005719701196 × 10^278 |
| 142 | ov_142 | 7.021559543420153 × 10^278 |
| 141 | ov_141 | 8.871896224012543 × 10^278 |
| 140 | ov_140 | 1.1059912815832752 × 10^279 |
| 139 | ov_139 | 1.362358414174535 × 10^279 |
| 138 | ov_138 | 1.660303565558438 × 10^279 |
| 137 | ov_137 | 2.0040632480789774 × 10^279 |
| 136 | ov_136 | 2.3981086807482502 × 10^279 |
| 135 | ov_135 | 2.8471585966398026 × 10^279 |
| 134 | ov_134 | 3.3561943636604184 × 10^279 |
| 133 | ov_133 | 3.930477678552772 × 10^279 |
| 132 | ov_132 | 4.5755711085386066 × 10^279 |
| 131 | ov_131 | 5.297361751021837 × 10^279 |
| 130 | ov_130 | 5.297365788090242 × 10^279 |
| 129 | ov_129 | 5.29737837301196 × 10^279 |
| 128 | aaa_77_29 | 5.813761645946331 × 10^279 |
| 127 | aaa_77_28 | 1.5522573970738007 × 10^280 |
| 126 | ov_126 | 4.864240736626605 × 10^280 |
| 125 | ov_125 | 1.093366260498367 × 10^281 |
| 124 | ov_124 | 2.0830416720588763 × 10^281 |
| 123 | ov_123 | 3.562440490443547 × 10^281 |
| 122 | ov_122 | 5.638555436496019 × 10^281 |
| 121 | ov_121 | 8.418385426721543 × 10^281 |
| 120 | ov_120 | 1.2008941938726467 × 10^282 |
| 119 | ov_119 | 1.651725872123536 × 10^282 |
| 118 | ov_118 | 2.205040514719916 × 10^282 |
| 117 | ov_117 | 2.8715507534496324 × 10^282 |
| 116 | ov_116 | 3.6619793076969665 × 10^282 |
| 115 | ov_115 | 4.58706747322411 × 10^282 |
| 114 | ov_114 | 5.657588873791124 × 10^282 |
| 113 | ov_113 | 6.884369216544912 × 10^282 |
| 112 | ov_112 | 8.27831279234561 × 10^282 |
| 111 | ov_111 | 9.850436462645372 × 10^282 |
| 110 | ov_110 | 1.1611911875376752 × 10^283 |
| 109 | ov_109 | 1.357411665382009 × 10^283 |
| 108 | ov_108 | 1.5748695304943677 × 10^283 |
| 107 | ov_107 | 1.8147630597644915 × 10^283 |
| 106 | ov_106 | 2.0783326167115304 × 10^283 |
| 105 | ov_105 | 2.3668701109709556 × 10^283 |
| 104 | ov_104 | 2.681729734375556 × 10^283 |
| 103 | ov_103 | 3.0243400526322734 × 10^283 |
| 102 | ov_102 | 3.3962175334770266 × 10^283 |
| 101 | ov_101 | 3.79898159455999 × 10^283 |
| 100 | ov_100 | 4.2343712572488345 × 10^283 |
| 96 | aaa_78_29 | 4.317813381803528 × 10^283 |
| 99 | ov_099 | 4.7042634961208 × 10^283 |
| 98 | ov_098 | 4.704308401112386 × 10^283 |
| 97 | ov_097 | 4.704449114672269 × 10^283 |
| 95 | aaa_78_28 | 1.1394941087988566 × 10^284 |
| 94 | ov_094 | 3.542685800647831 × 10^284 |
| 93 | ov_093 | 7.903081805352208 × 10^284 |
| 92 | ov_092 | 1.4961201151348348 × 10^285 |
| 91 | ov_091 | 2.5457653673519906 × 10^285 |
| 90 | ov_090 | 4.3571668012193394 × 10^285 |
| 89 | ov_089 | 7.840329680047078 × 10^285 |
| 88 | ov_088 | 1.4053720812670022 × 10^286 |
| 87 | ov_087 | 2.4204664536621145 × 10^286 |
| 86 | ov_086 | 3.9650002847535004 × 10^286 |
| 85 | ov_085 | 6.189710455779397 × 10^286 |
| 84 | ov_084 | 9.26053090923482 × 10^286 |
| 83 | ov_083 | 1.3358789053508215 × 10^287 |
| 82 | ov_082 | 1.868146275486948 × 10^287 |
| 81 | ov_081 | 2.544150648071828 × 10^287 |
| 80 | ov_080 | 3.3868255160583178 × 10^287 |
| 64 | lv_79_m31 | 3.677566170150696 × 10^287 |
| 79 | ov_079 | 4.420791433552133 × 10^287 |
| 78 | ov_078 | 5.6724145173669084 × 10^287 |
| 77 | ov_077 | 7.169875294224926 × 10^287 |
| 76 | ov_076 | 8.943248754798563 × 10^287 |
| 75 | ov_075 | 1.1024596479307487 × 10^288 |
| 74 | ov_074 | 1.3448071704771985 × 10^288 |
| 73 | ov_073 | 1.625003821184316 × 10^288 |
| 63 | ov_063 | 1.8890091687262057 × 10^288 |
| 72 | ov_072 | 1.946920392001449 × 10^288 |
| 71 | ov_071 | 2.314677009465523 × 10^288 |
| 70 | ov_070 | 2.7326597088441493 × 10^288 |
| 69 | ov_069 | 3.205538756420434 × 10^288 |
| 68 | ov_068 | 3.738288817683291 × 10^288 |
| 67 | ov_067 | 4.336211072959485 × 10^288 |
| 66 | ov_066 | 4.3362144990626646 × 10^288 |
| 65 | ov_065 | 4.3362250700438414 × 10^288 |
| 62 | ov_062 | 8.547350594456078 × 10^288 |
| 61 | ov_061 | 2.831744849538908 × 10^289 |
| 60 | ov_060 | 7.566910323587331 × 10^289 |
| 59 | ov_059 | 1.7329584609227407 × 10^290 |
| 58 | ov_058 | 3.5271287918456636 × 10^290 |
| 57 | ov_057 | 6.542571436291137 × 10^290 |
| 56 | ov_056 | 1.1270875310178044 × 10^291 |
| 55 | ov_055 | 1.8783442872472425 × 10^291 |
| 54 | ov_054 | 3.0328136153897223 × 10^291 |
| 53 | ov_053 | 4.73293052710057 × 10^291 |
| 52 | ov_052 | 7.138783561398315 × 10^291 |
| 51 | ov_051 | 1.042812230251556 × 10^292 |
| 50 | ov_050 | 1.4796370156914933 × 10^292 |
| 49 | ov_049 | 2.0456647505868087 × 10^292 |
| 48 | ov_048 | 2.763981276434705 × 10^292 |
| 47 | ov_047 | 3.6594530410534763 × 10^292 |
| 32 | lv_80_k31 | 4.1166020101262576 × 10^292 |
| 46 | ov_046 | 4.758737624437579 × 10^292 |
| 45 | ov_045 | 6.090299133455059 × 10^292 |
| 44 | ov_044 | 7.669743780934412 × 10^292 |
| 43 | ov_043 | 9.513614631763123 × 10^292 |
| 42 | ov_042 | 1.1639413107323072 × 10^293 |
| 41 | ov_041 | 1.4083127677253416 × 10^293 |
| 40 | ov_040 | 1.6882752019105258 × 10^293 |
| 31 | ov_031 | 1.6996115308015392 × 10^293 |
| 39 | ov_039 | 2.0078360595856465 × 10^293 |
| 38 | ov_038 | 2.371220062714952 × 10^293 |
| 37 | ov_037 | 2.7828802637617878 × 10^293 |
| 36 | ov_036 | 3.2475111914254387 × 10^293 |
| 35 | ov_035 | 3.770064336026841 × 10^293 |
| 34 | ov_034 | 4.35576623962764 × 10^293 |
| 33 | ov_033 | 5.0101394732044585 × 10^293 |
| 30 | ov_030 | 7.015280520591745 × 10^293 |
| 29 | ov_029 | 2.1193872623571527 × 10^294 |
| 28 | ov_028 | 5.141892348300093 × 10^294 |
| 27 | ov_027 | 1.0676842080099507 × 10^295 |
| 26 | ov_026 | 2.220991945577505 × 10^295 |
| 25 | ov_025 | 4.768573889503052 × 10^295 |
| 24 | ov_024 | 9.699544627754953 × 10^295 |
| 23 | ov_023 | 1.8197684711399548 × 10^296 |
| 22 | ov_022 | 3.164147122195035 × 10^296 |
| 21 | ov_021 | 5.1604141187706004 × 10^296 |
| 20 | ov_020 | 7.985380959327762 × 10^296 |
| 19 | ov_019 | 1.1835367072421652 × 10^297 |
| 18 | ov_018 | 1.69262323562183 × 10^297 |
| 17 | ov_017 | 2.349342846339788 × 10^297 |
| 16 | ov_016 | 3.179207770531579 × 10^297 |
| 15 | ov_015 | 4.209709026449719 × 10^297 |
| 14 | ov_014 | 5.470333181669354 × 10^297 |
| 13 | ov_013 | 6.992585507640589 × 10^297 |
| 12 | ov_012 | 8.810021019334427 × 10^297 |
| 11 | ov_011 | 1.0958285034242086 × 10^298 |
| 10 | ov_010 | 1.3475165026773797 × 10^298 |
| 9 | ov_009 | 1.640065569634527 × 10^298 |
| 8 | ov_008 | 1.9777039310396997 × 10^298 |
| 7 | ov_007 | 2.364898338075018 × 10^298 |
| 6 | ov_006 | 2.8063657427443454 × 10^298 |
| 5 | ov_005 | 3.3070870254214155 × 10^298 |
| 4 | ov_004 | 3.872322927293751 × 10^298 |
| 3 | ov_003 | 4.5076324027122 × 10^298 |
| 2 | ov_002 | 5.218893670972031 × 10^298 |
| 1 | ov_001 | 6.009306544395465 × 10^298 |

