# Results for F001-F002-F003-F004-F005-F006-F007-F008-F009-F010-F011-F012-F013-F014-F015-F016-F017-F018-F019-F020-F021-F022-F023-F024-F025-F026-F027-F028-F029-F030-F031-F032-F033-F034-F035-F036-F037-F038-F039-F040-F041-F042-F043-F044-F045-F046-F047-F048-F049-F050-F051-F052-F053-F054-F055-F056-F057-F058-F059-F060-F061-F062-F063-F064-F065-F066-F067-F068-F069-F070-F071-F072-F073-F074-F075-F076-F077-F078-F079-F080-F081-F082-F083-F084-F085-F086-F087-F088-F089-F090-F091-F092-F093-F094-F095-F096-F097-F098-F099-F100-F101-F102-F103-F104-F105-F106-F107-F108-F109-F110-F111-F112-F113-F114-F115-F116-F117-F118-F119-F120-F121-F122-F123-F124-F125-F126-F127-F128-F129-F130-F131-F132-F133-F134-F135-F136-F137-F138-F139-F140-F141-F142-F143-F144-F145-F146-F147-F148-F149-F150-F151-F152-F153-F154-F155-F156-F157-F158-F159-F160-F161-F162-F163-F164-F165-F166-F167-F168-F169-F170-F171-F172-F173-F174-F175-F176-F177-F178-F179-F180-F181-F182-F183-F184-F185-F186-F187-F188-F189-F190-F191-F192-F193-F194-F195-F196-F197-F198-F199-F200-F201-F202-F203-F204-F205-F206-F207-F208-F209-F210-F211-F212-F213-F214-F215-F216-F217-F218-F219-F220-F221-F222-F223-F224-F225-F226-F227-F228-F229-F230-F231-F232-F233-F234-F235-F236-F237-F238-F239-F240-F241-F242-F243-F244-F245-F246-F247-F248-F249-F250-F251-F252-F253-F254-F255-F256-F257-F258-F259-F260-F261-F262-F263-F264-F265-F266-F267-F268-F269-F270-F271-F272-F273-F274-F275-F276-F277-F278-F279-F280-F281-F282-F283-F284-F285-F286-F287-F288-F289-F290-F291-F292-F293-F294-F295-F296-F297-F298-F299-F300-F301-F302-F303-F304-F305-F306-F307-F308-F309-F310-F311-F312-F313-F314-F315-F316-F317-F318-F319-F320-F321-F322-F323-F324-F325-F326-F327-F328-F329-F330-F331-F332-F333-F334-F335-F336-F337-F338-F339-F340-F341-F342-F343-F344-F345-F346-F347-F348-F349-F350-F351-F352-F353-F354-F355-F356-F357-F358-F359-F360-F361-F362-F363-F364-F365-F366-F367-F368-F369-F370-F371-F372-F373-F374-F375-F376-F377-F378-F379-F380-F381-F382-F383-F384-F385-F386-F387-F388-F389-F390-F391-F392-F393-F394-F395-F396-F397-F398-F399-F400-F401-F402-F403-F404-F405-F406-F407-F408-F409-F410-F411-F412-F413-F414-F415-F416-F417-F418-F419-F420-F421-F422-F423-F424-F425-F426-F427-F428-F429-F430-F431-F432-F433-F434-F435-F436-F437-F438-F439-F440-F441-F442-F443-F444-F445-F446-F447-F448-F449-F450-F451-F452-F453-F454-F455-F456-F457-F458-F459-F460-F461-F462-F463-F464-F465-F466-F467-F468-F469-F470-F471-F472-F473-F474-F475-F476-F477-F478-F479-F480-F481-F482-F483-F484-F485-F486-F487-F488-F489-F490-F491-F492-F493-F494-F495-F496-E499505-T507-F510-F511-F512

## Summary

Number of input bits: 512  
Number of free input bits: 11  
Number of output bits: 160

Number of direct occurrences: 45466  
Number of assignments: 31597  
Number of operations: 11623368
(xor: 11594266,
and: 15640,
or: 13462)

Total complexity: 5.800007692778232 × 10^305

Least occurring input variable: iv_498 (3992)  
Most occurring input variable: iv_509 (4323)

Most co-occurring input variables: iv_508-iv_509 (2117)  
Least co-occurring input variables: iv_497-iv_498 (1825)

Potentially most occurring input variable: iv_499/iv_506 (4575)  
Potentially least occurring input variable: iv_502/iv_504 (4194)

Least output occurring input variable: iv_500 (69)  
Most output occurring input variable: iv_504 (89)

Most output co-occurring input variables: iv_502-iv_504 (47)  
Least output co-occurring input variables: iv_500-iv_502 (27)

Potentially most output occurring input variable: iv_500/iv_502 (91)  
Potentially least output occurring input variable: iv_497/iv_501 (67)

Least complex input bit: iv_497 (1.912219725957196 × 10^303)  
Most complex input bit: iv_499 (1.2014286494242086 × 10^305)

Least complex output bit: aaa_76_29 (2.1336168544474696 × 10^280)  
Most complex output bit: ov_001 (9.19880071100784 × 10^304)

Least complex input/output complexity: iv_497/aaa_76_29 (7.034377285032312 × 10^277)  
Most complex input/output complexity: iv_499/ov_001 (1.9054634579725486 × 10^304)

## Input Bits

### Input Bits in Regular Order

| Input Bit | Complexity | Occurrences | Output Occurrences |
|:---------:|:----------:|:-----------:|:------------------:|
| iv_497 | 1.912219725957196 × 10^303 | 4065 | 76 |
| iv_498 | 3.806860783863475 × 10^303 | 3992 | 79 |
| iv_499 | 1.2014286494242086 × 10^305 | 4305 | 75 |
| iv_500 | 1.1237729960180302 × 10^304 | 4040 | 69 |
| iv_501 | 1.8506046371225213 × 10^304 | 4097 | 85 |
| iv_502 | 2.9898917971194663 × 10^304 | 4120 | 76 |
| iv_503 | 4.7507929599687444 × 10^304 | 4134 | 85 |
| iv_504 | 7.406391140575595 × 10^304 | 4044 | 89 |
| iv_506 | 5.743129236421819 × 10^304 | 4026 | 82 |
| iv_508 | 1.0693516778982009 × 10^305 | 4320 | 75 |
| iv_509 | 1.0855782836350023 × 10^305 | 4323 | 81 |

### Input Bits Sorted by Complexity

| Input Bit | Complexity | Occurrences | Output Occurrences |
|:---------:|:----------:|:-----------:|:------------------:|
| iv_497 | 1.912219725957196 × 10^303 | 4065 | 76 |
| iv_498 | 3.806860783863475 × 10^303 | 3992 | 79 |
| iv_500 | 1.1237729960180302 × 10^304 | 4040 | 69 |
| iv_501 | 1.8506046371225213 × 10^304 | 4097 | 85 |
| iv_502 | 2.9898917971194663 × 10^304 | 4120 | 76 |
| iv_503 | 4.7507929599687444 × 10^304 | 4134 | 85 |
| iv_506 | 5.743129236421819 × 10^304 | 4026 | 82 |
| iv_504 | 7.406391140575595 × 10^304 | 4044 | 89 |
| iv_508 | 1.0693516778982009 × 10^305 | 4320 | 75 |
| iv_509 | 1.0855782836350023 × 10^305 | 4323 | 81 |
| iv_499 | 1.2014286494242086 × 10^305 | 4305 | 75 |

### Input Bits Sorted by Occurrences

| Input Bit | Complexity | Occurrences | Output Occurrences |
|:---------:|:----------:|:-----------:|:------------------:|
| iv_498 | 3.806860783863475 × 10^303 | 3992 | 79 |
| iv_506 | 5.743129236421819 × 10^304 | 4026 | 82 |
| iv_500 | 1.1237729960180302 × 10^304 | 4040 | 69 |
| iv_504 | 7.406391140575595 × 10^304 | 4044 | 89 |
| iv_497 | 1.912219725957196 × 10^303 | 4065 | 76 |
| iv_501 | 1.8506046371225213 × 10^304 | 4097 | 85 |
| iv_502 | 2.9898917971194663 × 10^304 | 4120 | 76 |
| iv_503 | 4.7507929599687444 × 10^304 | 4134 | 85 |
| iv_499 | 1.2014286494242086 × 10^305 | 4305 | 75 |
| iv_508 | 1.0693516778982009 × 10^305 | 4320 | 75 |
| iv_509 | 1.0855782836350023 × 10^305 | 4323 | 81 |

### Input Bits Sorted by Output Occurrences

| Input Bit | Complexity | Occurrences | Output Occurrences |
|:---------:|:----------:|:-----------:|:------------------:|
| iv_500 | 1.1237729960180302 × 10^304 | 4040 | 69 |
| iv_508 | 1.0693516778982009 × 10^305 | 4320 | 75 |
| iv_499 | 1.2014286494242086 × 10^305 | 4305 | 75 |
| iv_497 | 1.912219725957196 × 10^303 | 4065 | 76 |
| iv_502 | 2.9898917971194663 × 10^304 | 4120 | 76 |
| iv_498 | 3.806860783863475 × 10^303 | 3992 | 79 |
| iv_509 | 1.0855782836350023 × 10^305 | 4323 | 81 |
| iv_506 | 5.743129236421819 × 10^304 | 4026 | 82 |
| iv_501 | 1.8506046371225213 × 10^304 | 4097 | 85 |
| iv_503 | 4.7507929599687444 × 10^304 | 4134 | 85 |
| iv_504 | 7.406391140575595 × 10^304 | 4044 | 89 |

## Input Bit Co-occurrences

### Input Bit Co-occurrences Sorted by Co-occurrences

| Input Bits | Co-occurrences | Potential Occurrences | Output Co-occurrences | Potential Output Occurrences |
|:----------:|:--------------:|:---------------------:|:---------------------:|:----------------------------:|
| iv_508-iv_509 | 2117 | 4409 | 40 | 76 |
| iv_499-iv_509 | 2078 | 4472 | 37 | 82 |
| iv_502-iv_508 | 2062 | 4316 | 38 | 75 |
| iv_499-iv_502 | 2043 | 4339 | 37 | 77 |
| iv_499-iv_504 | 2037 | 4275 | 41 | 82 |
| iv_499-iv_508 | 2031 | 4563 | 36 | 78 |
| iv_503-iv_509 | 2030 | 4397 | 47 | 72 |
| iv_501-iv_509 | 2009 | 4402 | 44 | 78 |
| iv_504-iv_508 | 2006 | 4352 | 46 | 72 |
| iv_501-iv_502 | 1999 | 4219 | 39 | 83 |
| iv_504-iv_509 | 1995 | 4377 | 45 | 80 |

### Input Bit Co-occurrences Sorted by Potential Occurrences

| Input Bits | Co-occurrences | Potential Occurrences | Output Co-occurrences | Potential Output Occurrences |
|:----------:|:--------------:|:---------------------:|:---------------------:|:----------------------------:|
| iv_502-iv_504 | 1985 | 4194 | 47 | 71 |
| iv_497-iv_501 | 1982 | 4198 | 47 | 67 |
| iv_504-iv_506 | 1930 | 4210 | 40 | 91 |
| iv_501-iv_502 | 1999 | 4219 | 39 | 83 |
| iv_498-iv_506 | 1899 | 4220 | 39 | 83 |
| iv_502-iv_506 | 1963 | 4220 | 42 | 74 |
| iv_498-iv_504 | 1908 | 4220 | 47 | 74 |
| iv_500-iv_506 | 1913 | 4240 | 39 | 73 |
| iv_503-iv_506 | 1957 | 4246 | 45 | 77 |
| iv_498-iv_500 | 1886 | 4260 | 34 | 80 |
| iv_501-iv_504 | 1940 | 4261 | 46 | 82 |

### Input Bit Output Co-occurrences Sorted by Output Co-occurrences

| Input Bits | Co-occurrences | Potential Occurrences | Output Co-occurrences | Potential Output Occurrences |
|:----------:|:--------------:|:---------------------:|:---------------------:|:----------------------------:|
| iv_497-iv_501 | 1982 | 4198 | 47 | 67 |
| iv_498-iv_504 | 1908 | 4220 | 47 | 74 |
| iv_503-iv_509 | 2030 | 4397 | 47 | 72 |
| iv_502-iv_504 | 1985 | 4194 | 47 | 71 |
| iv_501-iv_504 | 1940 | 4261 | 46 | 82 |
| iv_503-iv_504 | 1926 | 4326 | 46 | 82 |
| iv_504-iv_508 | 2006 | 4352 | 46 | 72 |
| iv_501-iv_503 | 1935 | 4361 | 45 | 80 |
| iv_503-iv_506 | 1957 | 4246 | 45 | 77 |
| iv_504-iv_509 | 1995 | 4377 | 45 | 80 |
| iv_498-iv_503 | 1911 | 4304 | 44 | 76 |

### Input Bit Output Co-occurrences Sorted by Potential Output Occurrences

| Input Bits | Co-occurrences | Potential Occurrences | Output Co-occurrences | Potential Output Occurrences |
|:----------:|:--------------:|:---------------------:|:---------------------:|:----------------------------:|
| iv_497-iv_501 | 1982 | 4198 | 47 | 67 |
| iv_497-iv_508 | 1961 | 4463 | 42 | 67 |
| iv_497-iv_498 | 1825 | 4407 | 42 | 71 |
| iv_502-iv_504 | 1985 | 4194 | 47 | 71 |
| iv_504-iv_508 | 2006 | 4352 | 46 | 72 |
| iv_500-iv_508 | 1937 | 4486 | 36 | 72 |
| iv_503-iv_509 | 2030 | 4397 | 47 | 72 |
| iv_500-iv_506 | 1913 | 4240 | 39 | 73 |
| iv_498-iv_502 | 1892 | 4328 | 41 | 73 |
| iv_498-iv_504 | 1908 | 4220 | 47 | 74 |
| iv_502-iv_506 | 1963 | 4220 | 42 | 74 |

## Output Bits

### Output Bits in Regular Order

| Rank | Output Bit | Complexity |
|:----:|:----------:|:----------:|
| 1 | ov_001 | 9.19880071100784 × 10^304 |
| 2 | ov_002 | 7.988142750028768 × 10^304 |
| 3 | ov_003 | 6.902614397067805 × 10^304 |
| 4 | ov_004 | 5.932784075280035 × 10^304 |
| 5 | ov_005 | 5.069734161350458 × 10^304 |
| 6 | ov_006 | 4.305024408474996 × 10^304 |
| 7 | ov_007 | 3.630660184542738 × 10^304 |
| 8 | ov_008 | 3.039065128368304 × 10^304 |
| 9 | ov_009 | 2.5230578524512807 × 10^304 |
| 10 | ov_010 | 2.0758322883756102 × 10^304 |
| 11 | ov_011 | 1.6909412664056208 × 10^304 |
| 12 | ov_012 | 1.3622829442333994 × 10^304 |
| 13 | ov_013 | 1.0840897227656707 × 10^304 |
| 14 | ov_014 | 8.509193094130495 × 10^303 |
| 15 | ov_015 | 6.576476116483869 × 10^303 |
| 16 | ov_016 | 4.994631657052499 × 10^303 |
| 17 | ov_017 | 3.718628272489425 × 10^303 |
| 18 | ov_018 | 2.706484856982037 × 10^303 |
| 19 | ov_019 | 1.9192461163745042 × 10^303 |
| 20 | ov_020 | 1.3209646850665874 × 10^303 |
| 21 | ov_021 | 8.786882442067939 × 10^302 |
| 22 | ov_022 | 5.624503407724137 × 10^302 |
| 23 | ov_023 | 3.452640372873731 × 10^302 |
| 24 | ov_024 | 2.031177330590355 × 10^302 |
| 25 | ov_025 | 1.1497260621002294 × 10^302 |
| 26 | ov_026 | 6.276121183428674 × 10^301 |
| 27 | ov_027 | 3.1386822081610224 × 10^301 |
| 28 | ov_028 | 1.404370381005984 × 10^301 |
| 29 | ov_029 | 5.4113190206648535 × 10^300 |
| 30 | ov_030 | 1.65430743207971 × 10^300 |
| 31 | ov_031 | 3.2268856802844566 × 10^299 |
| 32 | lv_80_m31 | 6.29338408056713 × 10^298 |
| 33 | ov_033 | 7.52244131038547 × 10^299 |
| 34 | ov_034 | 6.524497309082279 × 10^299 |
| 35 | ov_035 | 5.631111899401737 × 10^299 |
| 36 | ov_036 | 4.833708492677629 × 10^299 |
| 37 | ov_037 | 4.124176444793817 × 10^299 |
| 38 | ov_038 | 3.4948380366917324 × 10^299 |
| 39 | ov_039 | 2.938419851717299 × 10^299 |
| 40 | ov_040 | 2.4513829410477822 × 10^299 |
| 41 | ov_041 | 2.0271921931846202 × 10^299 |
| 42 | ov_042 | 1.6596533346274321 × 10^299 |
| 43 | ov_043 | 1.345752404255272 × 10^299 |
| 44 | ov_044 | 1.0799346241318378 × 10^299 |
| 45 | ov_045 | 8.569486792131085 × 10^298 |
| 46 | ov_046 | 6.718385679004816 × 10^298 |
| 47 | ov_047 | 5.199371391907123 × 10^298 |
| 48 | ov_048 | 3.968610641036928 × 10^298 |
| 49 | ov_049 | 2.9850700788499075 × 10^298 |
| 50 | ov_050 | 2.2104878823370425 × 10^298 |
| 51 | ov_051 | 1.609353235113561 × 10^298 |
| 52 | ov_052 | 1.1488919355615184 × 10^298 |
| 53 | ov_053 | 7.990565436940662 × 10^297 |
| 54 | ov_054 | 5.455040352608043 × 10^297 |
| 55 | ov_055 | 3.6362277254982596 × 10^297 |
| 56 | ov_056 | 2.3151398678125434 × 10^297 |
| 57 | ov_057 | 1.3890624159014949 × 10^297 |
| 58 | ov_058 | 7.68833783500277 × 10^296 |
| 59 | ov_059 | 3.78841921623402 × 10^296 |
| 60 | ov_060 | 1.5702283608746936 × 10^296 |
| 61 | ov_061 | 5.486004868578209 × 10^295 |
| 62 | ov_062 | 1.5052130881521682 × 10^295 |
| 63 | ov_063 | 2.934345979674808 × 10^294 |
| 64 | lv_79_m31 | 5.719072504991447 × 10^293 |
| 65 | ov_065 | 6.818283587584608 × 10^294 |
| 66 | ov_066 | 6.818264654645583 × 10^294 |
| 67 | ov_067 | 6.81826011612841 × 10^294 |
| 68 | ov_068 | 5.907689264614708 × 10^294 |
| 69 | ov_069 | 5.0919740399826276 × 10^294 |
| 70 | ov_070 | 4.364094988937039 × 10^294 |
| 71 | ov_071 | 3.7173780116017216 × 10^294 |
| 72 | ov_072 | 3.145470760983114 × 10^294 |
| 73 | ov_073 | 2.6423232358522557 × 10^294 |
| 74 | ov_074 | 2.2021720485317106 × 10^294 |
| 75 | ov_075 | 1.819527876453735 × 10^294 |
| 76 | ov_076 | 1.4891656326881233 × 10^294 |
| 77 | ov_077 | 1.2061169161111164 × 10^294 |
| 78 | ov_078 | 9.656643266644052 × 10^293 |
| 79 | ov_079 | 7.633372553771937 × 10^293 |
| 80 | ov_080 | 5.9490878261493034 × 10^293 |
| 81 | ov_081 | 4.563933414769365 × 10^293 |
| 82 | ov_082 | 3.440448592868151 × 10^293 |
| 83 | ov_083 | 2.5435520873743097 × 10^293 |
| 84 | ov_084 | 1.840529102097433 × 10^293 |
| 85 | ov_085 | 1.3010206251359375 × 10^293 |
| 86 | ov_086 | 8.970147934082893 × 10^292 |
| 87 | ov_087 | 6.028400874892481 × 10^292 |
| 88 | ov_088 | 3.9516013010656435 × 10^292 |
| 89 | ov_089 | 2.5296986175480615 × 10^292 |
| 90 | ov_090 | 1.5759286693676933 × 10^292 |
| 91 | ov_091 | 9.267962456869662 × 10^291 |
| 92 | ov_092 | 5.063692969621875 × 10^291 |
| 93 | ov_093 | 2.5034310623149493 × 10^291 |
| 94 | ov_094 | 1.0603843138519696 × 10^291 |
| 95 | aaa_78_28 | 3.2400746422771776 × 10^290 |
| 96 | aaa_78_29 | 9.786268776342887 × 10^289 |
| 97 | ov_097 | 5.073115289543624 × 10^289 |
| 98 | ov_098 | 5.073077884064955 × 10^289 |
| 99 | ov_099 | 5.073065935788772 × 10^289 |
| 100 | ov_100 | 4.256243181902283 × 10^289 |
| 101 | ov_101 | 3.5435071760778606 × 10^289 |
| 102 | ov_102 | 2.925630262657169 × 10^289 |
| 103 | ov_103 | 2.393891512322343 × 10^289 |
| 104 | ov_104 | 1.9400397950272054 × 10^289 |
| 105 | ov_105 | 1.5562616482081302 × 10^289 |
| 106 | ov_106 | 1.2351535040200956 × 10^289 |
| 107 | ov_107 | 9.696978618004839 × 10^288 |
| 108 | ov_108 | 7.532430136244501 × 10^288 |
| 109 | ov_109 | 5.794859518384608 × 10^288 |
| 110 | ov_110 | 4.42458107980093 × 10^288 |
| 111 | ov_111 | 3.365135926304754 × 10^288 |
| 112 | ov_112 | 2.563196255993314 × 10^288 |
| 113 | ov_113 | 1.9684886549129445 × 10^288 |
| 114 | ov_114 | 1.5337336720884732 × 10^288 |
| 115 | ov_115 | 1.2145991535928344 × 10^288 |
| 116 | ov_116 | 9.696650088500614 × 10^287 |
| 117 | ov_117 | 7.603972755130725 × 10^287 |
| 118 | ov_118 | 5.839413700528449 × 10^287 |
| 119 | ov_119 | 4.374516217416319 × 10^287 |
| 120 | ov_120 | 3.1808844645580717 × 10^287 |
| 121 | ov_121 | 2.2301631193529954 × 10^287 |
| 122 | ov_122 | 1.4940223991789764 × 10^287 |
| 123 | ov_123 | 9.441474885820012 × 10^286 |
| 124 | ov_124 | 5.522314094386662 × 10^286 |
| 125 | ov_125 | 2.899706054954782 × 10^286 |
| 126 | ov_126 | 1.2906269091132104 × 10^286 |
| 127 | aaa_77_28 | 4.1205586380770744 × 10^285 |
| 128 | aaa_77_29 | 1.5443824126810304 × 10^285 |
| 129 | ov_129 | 1.4277930496447995 × 10^285 |
| 130 | ov_130 | 1.4277888968921292 × 10^285 |
| 131 | ov_131 | 1.4277878936862562 × 10^285 |
| 132 | ov_132 | 1.2375153181292368 × 10^285 |
| 133 | ov_133 | 1.0671078747444522 × 10^285 |
| 134 | ov_134 | 9.15068348251133 × 10^284 |
| 135 | ov_135 | 7.799790852504643 × 10^284 |
| 136 | ov_136 | 6.604963234134621 × 10^284 |
| 137 | ov_137 | 5.553453242938401 × 10^284 |
| 138 | ov_138 | 4.633162288845768 × 10^284 |
| 139 | ov_139 | 3.832605591287454 × 10^284 |
| 140 | ov_140 | 3.1408829257527625 × 10^284 |
| 141 | ov_141 | 2.5476544126516125 × 10^284 |
| 142 | ov_142 | 2.0431207336084383 × 10^284 |
| 143 | ov_143 | 1.618007270088953 × 10^284 |
| 144 | ov_144 | 1.2635516968009279 × 10^284 |
| 145 | ov_145 | 9.714945277204815 × 10^283 |
| 146 | ov_146 | 7.340721138229004 × 10^283 |
| 147 | ov_147 | 5.440116286916323 × 10^283 |
| 148 | ov_148 | 3.9452761521419392 × 10^283 |
| 149 | ov_149 | 2.793197035673937 × 10^283 |
| 150 | ov_150 | 1.9257116509266327 × 10^283 |
| 151 | ov_151 | 1.2894803847383795 × 10^283 |
| 152 | ov_152 | 8.359861437766246 × 10^282 |
| 153 | ov_153 | 5.2153113434728094 × 10^282 |
| 154 | ov_154 | 3.072347038593412 × 10^282 |
| 155 | ov_155 | 1.5903192525568026 × 10^282 |
| 156 | aaa_76_25 | 6.109415340517224 × 10^281 |
| 157 | aaa_76_26 | 3.526475570400802 × 10^281 |
| 158 | aaa_76_27 | 1.8042501133087742 × 10^281 |
| 159 | aaa_76_28 | 7.020325291899709 × 10^280 |
| 160 | aaa_76_29 | 2.1336168544474696 × 10^280 |

### Output Bits Sorted by Complexity

| Rank | Output Bit | Complexity |
|:----:|:----------:|:----------:|
| 160 | aaa_76_29 | 2.1336168544474696 × 10^280 |
| 159 | aaa_76_28 | 7.020325291899709 × 10^280 |
| 158 | aaa_76_27 | 1.8042501133087742 × 10^281 |
| 157 | aaa_76_26 | 3.526475570400802 × 10^281 |
| 156 | aaa_76_25 | 6.109415340517224 × 10^281 |
| 155 | ov_155 | 1.5903192525568026 × 10^282 |
| 154 | ov_154 | 3.072347038593412 × 10^282 |
| 153 | ov_153 | 5.2153113434728094 × 10^282 |
| 152 | ov_152 | 8.359861437766246 × 10^282 |
| 151 | ov_151 | 1.2894803847383795 × 10^283 |
| 150 | ov_150 | 1.9257116509266327 × 10^283 |
| 149 | ov_149 | 2.793197035673937 × 10^283 |
| 148 | ov_148 | 3.9452761521419392 × 10^283 |
| 147 | ov_147 | 5.440116286916323 × 10^283 |
| 146 | ov_146 | 7.340721138229004 × 10^283 |
| 145 | ov_145 | 9.714945277204815 × 10^283 |
| 144 | ov_144 | 1.2635516968009279 × 10^284 |
| 143 | ov_143 | 1.618007270088953 × 10^284 |
| 142 | ov_142 | 2.0431207336084383 × 10^284 |
| 141 | ov_141 | 2.5476544126516125 × 10^284 |
| 140 | ov_140 | 3.1408829257527625 × 10^284 |
| 139 | ov_139 | 3.832605591287454 × 10^284 |
| 138 | ov_138 | 4.633162288845768 × 10^284 |
| 137 | ov_137 | 5.553453242938401 × 10^284 |
| 136 | ov_136 | 6.604963234134621 × 10^284 |
| 135 | ov_135 | 7.799790852504643 × 10^284 |
| 134 | ov_134 | 9.15068348251133 × 10^284 |
| 133 | ov_133 | 1.0671078747444522 × 10^285 |
| 132 | ov_132 | 1.2375153181292368 × 10^285 |
| 131 | ov_131 | 1.4277878936862562 × 10^285 |
| 130 | ov_130 | 1.4277888968921292 × 10^285 |
| 129 | ov_129 | 1.4277930496447995 × 10^285 |
| 128 | aaa_77_29 | 1.5443824126810304 × 10^285 |
| 127 | aaa_77_28 | 4.1205586380770744 × 10^285 |
| 126 | ov_126 | 1.2906269091132104 × 10^286 |
| 125 | ov_125 | 2.899706054954782 × 10^286 |
| 124 | ov_124 | 5.522314094386662 × 10^286 |
| 123 | ov_123 | 9.441474885820012 × 10^286 |
| 122 | ov_122 | 1.4940223991789764 × 10^287 |
| 121 | ov_121 | 2.2301631193529954 × 10^287 |
| 120 | ov_120 | 3.1808844645580717 × 10^287 |
| 119 | ov_119 | 4.374516217416319 × 10^287 |
| 118 | ov_118 | 5.839413700528449 × 10^287 |
| 117 | ov_117 | 7.603972755130725 × 10^287 |
| 116 | ov_116 | 9.696650088500614 × 10^287 |
| 115 | ov_115 | 1.2145991535928344 × 10^288 |
| 114 | ov_114 | 1.5337336720884732 × 10^288 |
| 113 | ov_113 | 1.9684886549129445 × 10^288 |
| 112 | ov_112 | 2.563196255993314 × 10^288 |
| 111 | ov_111 | 3.365135926304754 × 10^288 |
| 110 | ov_110 | 4.42458107980093 × 10^288 |
| 109 | ov_109 | 5.794859518384608 × 10^288 |
| 108 | ov_108 | 7.532430136244501 × 10^288 |
| 107 | ov_107 | 9.696978618004839 × 10^288 |
| 106 | ov_106 | 1.2351535040200956 × 10^289 |
| 105 | ov_105 | 1.5562616482081302 × 10^289 |
| 104 | ov_104 | 1.9400397950272054 × 10^289 |
| 103 | ov_103 | 2.393891512322343 × 10^289 |
| 102 | ov_102 | 2.925630262657169 × 10^289 |
| 101 | ov_101 | 3.5435071760778606 × 10^289 |
| 100 | ov_100 | 4.256243181902283 × 10^289 |
| 99 | ov_099 | 5.073065935788772 × 10^289 |
| 98 | ov_098 | 5.073077884064955 × 10^289 |
| 97 | ov_097 | 5.073115289543624 × 10^289 |
| 96 | aaa_78_29 | 9.786268776342887 × 10^289 |
| 95 | aaa_78_28 | 3.2400746422771776 × 10^290 |
| 94 | ov_094 | 1.0603843138519696 × 10^291 |
| 93 | ov_093 | 2.5034310623149493 × 10^291 |
| 92 | ov_092 | 5.063692969621875 × 10^291 |
| 91 | ov_091 | 9.267962456869662 × 10^291 |
| 90 | ov_090 | 1.5759286693676933 × 10^292 |
| 89 | ov_089 | 2.5296986175480615 × 10^292 |
| 88 | ov_088 | 3.9516013010656435 × 10^292 |
| 87 | ov_087 | 6.028400874892481 × 10^292 |
| 86 | ov_086 | 8.970147934082893 × 10^292 |
| 85 | ov_085 | 1.3010206251359375 × 10^293 |
| 84 | ov_084 | 1.840529102097433 × 10^293 |
| 83 | ov_083 | 2.5435520873743097 × 10^293 |
| 82 | ov_082 | 3.440448592868151 × 10^293 |
| 81 | ov_081 | 4.563933414769365 × 10^293 |
| 64 | lv_79_m31 | 5.719072504991447 × 10^293 |
| 80 | ov_080 | 5.9490878261493034 × 10^293 |
| 79 | ov_079 | 7.633372553771937 × 10^293 |
| 78 | ov_078 | 9.656643266644052 × 10^293 |
| 77 | ov_077 | 1.2061169161111164 × 10^294 |
| 76 | ov_076 | 1.4891656326881233 × 10^294 |
| 75 | ov_075 | 1.819527876453735 × 10^294 |
| 74 | ov_074 | 2.2021720485317106 × 10^294 |
| 73 | ov_073 | 2.6423232358522557 × 10^294 |
| 63 | ov_063 | 2.934345979674808 × 10^294 |
| 72 | ov_072 | 3.145470760983114 × 10^294 |
| 71 | ov_071 | 3.7173780116017216 × 10^294 |
| 70 | ov_070 | 4.364094988937039 × 10^294 |
| 69 | ov_069 | 5.0919740399826276 × 10^294 |
| 68 | ov_068 | 5.907689264614708 × 10^294 |
| 67 | ov_067 | 6.81826011612841 × 10^294 |
| 66 | ov_066 | 6.818264654645583 × 10^294 |
| 65 | ov_065 | 6.818283587584608 × 10^294 |
| 62 | ov_062 | 1.5052130881521682 × 10^295 |
| 61 | ov_061 | 5.486004868578209 × 10^295 |
| 60 | ov_060 | 1.5702283608746936 × 10^296 |
| 59 | ov_059 | 3.78841921623402 × 10^296 |
| 58 | ov_058 | 7.68833783500277 × 10^296 |
| 57 | ov_057 | 1.3890624159014949 × 10^297 |
| 56 | ov_056 | 2.3151398678125434 × 10^297 |
| 55 | ov_055 | 3.6362277254982596 × 10^297 |
| 54 | ov_054 | 5.455040352608043 × 10^297 |
| 53 | ov_053 | 7.990565436940662 × 10^297 |
| 52 | ov_052 | 1.1488919355615184 × 10^298 |
| 51 | ov_051 | 1.609353235113561 × 10^298 |
| 50 | ov_050 | 2.2104878823370425 × 10^298 |
| 49 | ov_049 | 2.9850700788499075 × 10^298 |
| 48 | ov_048 | 3.968610641036928 × 10^298 |
| 47 | ov_047 | 5.199371391907123 × 10^298 |
| 32 | lv_80_m31 | 6.29338408056713 × 10^298 |
| 46 | ov_046 | 6.718385679004816 × 10^298 |
| 45 | ov_045 | 8.569486792131085 × 10^298 |
| 44 | ov_044 | 1.0799346241318378 × 10^299 |
| 43 | ov_043 | 1.345752404255272 × 10^299 |
| 42 | ov_042 | 1.6596533346274321 × 10^299 |
| 41 | ov_041 | 2.0271921931846202 × 10^299 |
| 40 | ov_040 | 2.4513829410477822 × 10^299 |
| 39 | ov_039 | 2.938419851717299 × 10^299 |
| 31 | ov_031 | 3.2268856802844566 × 10^299 |
| 38 | ov_038 | 3.4948380366917324 × 10^299 |
| 37 | ov_037 | 4.124176444793817 × 10^299 |
| 36 | ov_036 | 4.833708492677629 × 10^299 |
| 35 | ov_035 | 5.631111899401737 × 10^299 |
| 34 | ov_034 | 6.524497309082279 × 10^299 |
| 33 | ov_033 | 7.52244131038547 × 10^299 |
| 30 | ov_030 | 1.65430743207971 × 10^300 |
| 29 | ov_029 | 5.4113190206648535 × 10^300 |
| 28 | ov_028 | 1.404370381005984 × 10^301 |
| 27 | ov_027 | 3.1386822081610224 × 10^301 |
| 26 | ov_026 | 6.276121183428674 × 10^301 |
| 25 | ov_025 | 1.1497260621002294 × 10^302 |
| 24 | ov_024 | 2.031177330590355 × 10^302 |
| 23 | ov_023 | 3.452640372873731 × 10^302 |
| 22 | ov_022 | 5.624503407724137 × 10^302 |
| 21 | ov_021 | 8.786882442067939 × 10^302 |
| 20 | ov_020 | 1.3209646850665874 × 10^303 |
| 19 | ov_019 | 1.9192461163745042 × 10^303 |
| 18 | ov_018 | 2.706484856982037 × 10^303 |
| 17 | ov_017 | 3.718628272489425 × 10^303 |
| 16 | ov_016 | 4.994631657052499 × 10^303 |
| 15 | ov_015 | 6.576476116483869 × 10^303 |
| 14 | ov_014 | 8.509193094130495 × 10^303 |
| 13 | ov_013 | 1.0840897227656707 × 10^304 |
| 12 | ov_012 | 1.3622829442333994 × 10^304 |
| 11 | ov_011 | 1.6909412664056208 × 10^304 |
| 10 | ov_010 | 2.0758322883756102 × 10^304 |
| 9 | ov_009 | 2.5230578524512807 × 10^304 |
| 8 | ov_008 | 3.039065128368304 × 10^304 |
| 7 | ov_007 | 3.630660184542738 × 10^304 |
| 6 | ov_006 | 4.305024408474996 × 10^304 |
| 5 | ov_005 | 5.069734161350458 × 10^304 |
| 4 | ov_004 | 5.932784075280035 × 10^304 |
| 3 | ov_003 | 6.902614397067805 × 10^304 |
| 2 | ov_002 | 7.988142750028768 × 10^304 |
| 1 | ov_001 | 9.19880071100784 × 10^304 |

