# Results for F001-F002-F003-F004-F005-F006-F007-F008-F009-F010-F011-F012-F013-F014-F015-F016-F017-F018-F019-F020-F021-F022-F023-F024-F025-F026-F027-F028-F029-F030-F031-F032-F033-F034-F035-F036-F037-F038-F039-F040-F041-F042-F043-F044-F045-F046-F047-F048-F049-F050-F051-F052-F053-F054-F055-F056-F057-F058-F059-F060-F061-F062-F063-F064-F065-F066-F067-F068-F069-F070-F071-F072-F073-F074-F075-F076-F077-F078-F079-F080-F081-F082-F083-F084-F085-F086-F087-F088-F089-F090-F091-F092-F093-F094-F095-F096-F097-F098-F099-F100-F101-F102-F103-F104-F105-F106-F107-F108-F109-F110-F111-F112-F113-F114-F115-F116-F117-F118-F119-F120-F121-F122-F123-F124-F125-F126-F127-F128-F129-F130-F131-F132-F133-F134-F135-F136-F137-F138-F139-F140-F141-F142-F143-F144-F145-F146-F147-F148-F149-F150-F151-F152-F153-F154-F155-F156-F157-F158-F159-F160-F161-F162-F163-F164-F165-F166-F167-F168-F169-F170-F171-F172-F173-F174-F175-F176-F177-F178-F179-F180-F181-F182-F183-F184-F185-F186-F187-F188-F189-F190-F191-F192-F193-F194-F195-F196-F197-F198-F199-F200-F201-F202-F203-F204-F205-F206-F207-F208-F209-F210-F211-F212-F213-F214-F215-F216-F217-F218-F219-F220-F221-F222-F223-F224-F225-F226-F227-F228-F229-F230-F231-F232-F233-F234-F235-F236-F237-F238-F239-F240-F241-F242-F243-F244-F245-F246-F247-F248-F249-F250-F251-F252-F253-F254-F255-F256-F257-F258-F259-F260-F261-F262-F263-F264-F265-F266-F267-F268-F269-F270-F271-F272-F273-F274-F275-F276-F277-F278-F279-F280-F281-F282-F283-F284-F285-F286-F287-F288-F289-F290-F291-F292-F293-F294-F295-F296-F297-F298-F299-F300-F301-F302-F303-F304-F305-F306-F307-F308-F309-F310-F311-F312-F313-F314-F315-F316-F317-F318-F319-F320-F321-F322-F323-F324-F325-F326-F327-F328-F329-F330-F331-F332-F333-F334-F335-F336-F337-F338-F339-F340-F341-F342-F343-F344-F345-F346-F347-F348-F349-F350-F351-F352-F353-F354-F355-F356-F357-F358-F359-F360-F361-F362-F363-F364-F365-F366-F367-F368-F369-F370-F371-F372-F373-F374-F375-F376-F377-F378-F379-F380-F381-F382-F383-F384-F385-F386-F387-F388-F389-F390-F391-F392-F393-F394-F395-F396-F397-F398-F399-F400-F401-F402-F403-F404-F405-F406-F407-F408-F409-F410-F411-F412-F413-F414-F415-F416-F417-F418-F419-F420-F421-F422-F423-F424-F425-F426-F427-F428-F429-F430-F431-F432-F433-F434-F435-F436-F437-F438-F439-F440-F441-F442-F443-F444-F445-F446-F447-F448-F449-F450-F451-F452-F453-F454-F455-F456-F457-F458-F459-F460-F461-F462-F463-F464-F465-F466-F467-F468-F469-F470-F471-F472-F473-F474-F475-F476-F477-F478-F479-F480-F481-F482-F483-F484-F485-F486-F487-F488-F489-F490-F491-F492-F493-F494-F495-F496-F497-F498-F499-F500-E502511

## Summary

Number of input bits: 512  
Number of free input bits: 11  
Number of output bits: 160

Number of direct occurrences: 44835  
Number of assignments: 31418  
Number of operations: 11178031
(xor: 11148923,
and: 15755,
or: 13353)

Total complexity: 9.2738811659948 × 10^300

Least occurring input variable: iv_505 (3920)  
Most occurring input variable: iv_512 (4367)

Most co-occurring input variables: iv_507-iv_512 (2102)  
Least co-occurring input variables: iv_505-iv_506 (1787)

Potentially most occurring input variable: iv_502/iv_509 (4584)  
Potentially least occurring input variable: iv_506/iv_509 (4140)

Least output occurring input variable: iv_508 (70)  
Most output occurring input variable: iv_506 (82)

Most output co-occurring input variables: iv_507-iv_509 (44)  
Least output co-occurring input variables: iv_503-iv_508 (31)

Potentially most output occurring input variable: iv_504/iv_510 (93)  
Potentially least output occurring input variable: iv_507/iv_509 (66)

Least complex input bit: iv_501 (5.234926553936184 × 10^298)  
Most complex input bit: iv_510 (2.320731453442628 × 10^300)

Least complex output bit: aaa_76_29 (1.1089023462728877 × 10^276)  
Most complex output bit: ov_001 (1.4589492565741669 × 10^300)

Least complex input/output complexity: iv_501/aaa_76_29 (6.259539274140967 × 10^273)  
Most complex input/output complexity: iv_510/ov_001 (3.6509303581799807 × 10^299)

## Input Bits

### Input Bits in Regular Order

| Input Bit | Complexity | Occurrences | Output Occurrences |
|:---------:|:----------:|:-----------:|:------------------:|
| iv_501 | 5.234926553936184 × 10^298 | 4083 | 79 |
| iv_502 | 7.835179875533058 × 10^299 | 4274 | 72 |
| iv_503 | 1.6056814463333836 × 10^299 | 4024 | 74 |
| iv_504 | 2.5789467927863567 × 10^299 | 3926 | 78 |
| iv_505 | 4.00065758752322 × 10^299 | 3920 | 79 |
| iv_506 | 6.03771663066895 × 10^299 | 3950 | 82 |
| iv_507 | 8.910757970232988 × 10^299 | 4176 | 76 |
| iv_508 | 1.2682694214180123 × 10^300 | 3991 | 70 |
| iv_509 | 1.7426831133016324 × 10^300 | 4002 | 78 |
| iv_510 | 2.320731453442628 × 10^300 | 4122 | 79 |
| iv_512 | 7.929538819853953 × 10^299 | 4367 | 80 |

### Input Bits Sorted by Complexity

| Input Bit | Complexity | Occurrences | Output Occurrences |
|:---------:|:----------:|:-----------:|:------------------:|
| iv_501 | 5.234926553936184 × 10^298 | 4083 | 79 |
| iv_503 | 1.6056814463333836 × 10^299 | 4024 | 74 |
| iv_504 | 2.5789467927863567 × 10^299 | 3926 | 78 |
| iv_505 | 4.00065758752322 × 10^299 | 3920 | 79 |
| iv_506 | 6.03771663066895 × 10^299 | 3950 | 82 |
| iv_502 | 7.835179875533058 × 10^299 | 4274 | 72 |
| iv_512 | 7.929538819853953 × 10^299 | 4367 | 80 |
| iv_507 | 8.910757970232988 × 10^299 | 4176 | 76 |
| iv_508 | 1.2682694214180123 × 10^300 | 3991 | 70 |
| iv_509 | 1.7426831133016324 × 10^300 | 4002 | 78 |
| iv_510 | 2.320731453442628 × 10^300 | 4122 | 79 |

### Input Bits Sorted by Occurrences

| Input Bit | Complexity | Occurrences | Output Occurrences |
|:---------:|:----------:|:-----------:|:------------------:|
| iv_505 | 4.00065758752322 × 10^299 | 3920 | 79 |
| iv_504 | 2.5789467927863567 × 10^299 | 3926 | 78 |
| iv_506 | 6.03771663066895 × 10^299 | 3950 | 82 |
| iv_508 | 1.2682694214180123 × 10^300 | 3991 | 70 |
| iv_509 | 1.7426831133016324 × 10^300 | 4002 | 78 |
| iv_503 | 1.6056814463333836 × 10^299 | 4024 | 74 |
| iv_501 | 5.234926553936184 × 10^298 | 4083 | 79 |
| iv_510 | 2.320731453442628 × 10^300 | 4122 | 79 |
| iv_507 | 8.910757970232988 × 10^299 | 4176 | 76 |
| iv_502 | 7.835179875533058 × 10^299 | 4274 | 72 |
| iv_512 | 7.929538819853953 × 10^299 | 4367 | 80 |

### Input Bits Sorted by Output Occurrences

| Input Bit | Complexity | Occurrences | Output Occurrences |
|:---------:|:----------:|:-----------:|:------------------:|
| iv_508 | 1.2682694214180123 × 10^300 | 3991 | 70 |
| iv_502 | 7.835179875533058 × 10^299 | 4274 | 72 |
| iv_503 | 1.6056814463333836 × 10^299 | 4024 | 74 |
| iv_507 | 8.910757970232988 × 10^299 | 4176 | 76 |
| iv_504 | 2.5789467927863567 × 10^299 | 3926 | 78 |
| iv_509 | 1.7426831133016324 × 10^300 | 4002 | 78 |
| iv_501 | 5.234926553936184 × 10^298 | 4083 | 79 |
| iv_505 | 4.00065758752322 × 10^299 | 3920 | 79 |
| iv_510 | 2.320731453442628 × 10^300 | 4122 | 79 |
| iv_512 | 7.929538819853953 × 10^299 | 4367 | 80 |
| iv_506 | 6.03771663066895 × 10^299 | 3950 | 82 |

## Input Bit Co-occurrences

### Input Bit Co-occurrences Sorted by Co-occurrences

| Input Bits | Co-occurrences | Potential Occurrences | Output Co-occurrences | Potential Output Occurrences |
|:----------:|:--------------:|:---------------------:|:---------------------:|:----------------------------:|
| iv_507-iv_512 | 2102 | 4339 | 42 | 72 |
| iv_510-iv_512 | 2082 | 4325 | 42 | 75 |
| iv_501-iv_512 | 2070 | 4310 | 37 | 85 |
| iv_503-iv_512 | 2040 | 4311 | 34 | 86 |
| iv_502-iv_512 | 2036 | 4569 | 37 | 78 |
| iv_507-iv_510 | 2035 | 4228 | 41 | 73 |
| iv_508-iv_512 | 2027 | 4304 | 32 | 86 |
| iv_502-iv_507 | 2018 | 4414 | 37 | 74 |
| iv_501-iv_510 | 2012 | 4181 | 42 | 74 |
| iv_509-iv_512 | 2001 | 4367 | 37 | 84 |
| iv_507-iv_508 | 1999 | 4169 | 31 | 84 |

### Input Bit Co-occurrences Sorted by Potential Occurrences

| Input Bits | Co-occurrences | Potential Occurrences | Output Co-occurrences | Potential Output Occurrences |
|:----------:|:--------------:|:---------------------:|:---------------------:|:----------------------------:|
| iv_506-iv_509 | 1906 | 4140 | 43 | 74 |
| iv_504-iv_506 | 1864 | 4148 | 42 | 76 |
| iv_506-iv_507 | 1988 | 4150 | 39 | 80 |
| iv_508-iv_509 | 1921 | 4151 | 35 | 78 |
| iv_506-iv_508 | 1895 | 4151 | 37 | 78 |
| iv_503-iv_506 | 1909 | 4156 | 38 | 80 |
| iv_507-iv_508 | 1999 | 4169 | 31 | 84 |
| iv_504-iv_505 | 1838 | 4170 | 41 | 75 |
| iv_501-iv_510 | 2012 | 4181 | 42 | 74 |
| iv_501-iv_508 | 1944 | 4186 | 34 | 81 |
| iv_501-iv_505 | 1906 | 4191 | 36 | 86 |

### Input Bit Output Co-occurrences Sorted by Output Co-occurrences

| Input Bits | Co-occurrences | Potential Occurrences | Output Co-occurrences | Potential Output Occurrences |
|:----------:|:--------------:|:---------------------:|:---------------------:|:----------------------------:|
| iv_506-iv_510 | 1940 | 4192 | 44 | 73 |
| iv_507-iv_509 | 1971 | 4236 | 44 | 66 |
| iv_506-iv_509 | 1906 | 4140 | 43 | 74 |
| iv_501-iv_510 | 2012 | 4181 | 42 | 74 |
| iv_504-iv_506 | 1864 | 4148 | 42 | 76 |
| iv_507-iv_512 | 2102 | 4339 | 42 | 72 |
| iv_510-iv_512 | 2082 | 4325 | 42 | 75 |
| iv_501-iv_509 | 1933 | 4219 | 41 | 75 |
| iv_503-iv_504 | 1850 | 4250 | 41 | 70 |
| iv_504-iv_505 | 1838 | 4170 | 41 | 75 |
| iv_507-iv_510 | 2035 | 4228 | 41 | 73 |

### Input Bit Output Co-occurrences Sorted by Potential Output Occurrences

| Input Bits | Co-occurrences | Potential Occurrences | Output Co-occurrences | Potential Output Occurrences |
|:----------:|:--------------:|:---------------------:|:---------------------:|:----------------------------:|
| iv_507-iv_509 | 1971 | 4236 | 44 | 66 |
| iv_503-iv_504 | 1850 | 4250 | 41 | 70 |
| iv_507-iv_512 | 2102 | 4339 | 42 | 72 |
| iv_503-iv_505 | 1871 | 4202 | 40 | 73 |
| iv_506-iv_510 | 1940 | 4192 | 44 | 73 |
| iv_507-iv_510 | 2035 | 4228 | 41 | 73 |
| iv_502-iv_504 | 1918 | 4364 | 38 | 74 |
| iv_502-iv_508 | 1965 | 4335 | 34 | 74 |
| iv_504-iv_508 | 1858 | 4201 | 37 | 74 |
| iv_501-iv_510 | 2012 | 4181 | 42 | 74 |
| iv_502-iv_507 | 2018 | 4414 | 37 | 74 |

## Output Bits

### Output Bits in Regular Order

| Rank | Output Bit | Complexity |
|:----:|:----------:|:----------:|
| 1 | ov_001 | 1.4589492565741669 × 10^300 |
| 2 | ov_002 | 1.269099917115469 × 10^300 |
| 3 | ov_003 | 1.0981046378357887 × 10^300 |
| 4 | ov_004 | 9.452050569158497 × 10^299 |
| 5 | ov_005 | 8.090079449933009 × 10^299 |
| 6 | ov_006 | 6.8819568771532235 × 10^299 |
| 7 | ov_007 | 5.815213067932593 × 10^299 |
| 8 | ov_008 | 4.878041320359604 × 10^299 |
| 9 | ov_009 | 4.059260569519179 × 10^299 |
| 10 | ov_010 | 3.3482831769266885 × 10^299 |
| 11 | ov_011 | 2.735087490715983 × 10^299 |
| 12 | ov_012 | 2.2101948150957755 × 10^299 |
| 13 | ov_013 | 1.764650390361912 × 10^299 |
| 14 | ov_014 | 1.3900079157329085 × 10^299 |
| 15 | ov_015 | 1.078317146731494 × 10^299 |
| 16 | ov_016 | 8.221141313885415 × 10^298 |
| 17 | ov_017 | 6.144136819031164 × 10^298 |
| 18 | ov_018 | 4.4870371061928173 × 10^298 |
| 19 | ov_019 | 3.1894109132563187 × 10^298 |
| 20 | ov_020 | 2.1954873898116172 × 10^298 |
| 21 | ov_021 | 1.4541363304257356 × 10^298 |
| 22 | ov_022 | 9.188554162564718 × 10^297 |
| 23 | ov_023 | 5.4776235783264614 × 10^297 |
| 24 | ov_024 | 3.0359022389905936 × 10^297 |
| 25 | ov_025 | 1.5368475647736596 × 10^297 |
| 26 | ov_026 | 7.000292745851733 × 10^296 |
| 27 | ov_027 | 2.9112242542752376 × 10^296 |
| 28 | ov_028 | 1.2190449229029261 × 10^296 |
| 29 | ov_029 | 5.025434959537731 × 10^295 |
| 30 | ov_030 | 1.6636726994496812 × 10^295 |
| 31 | ov_031 | 4.031138207093691 × 10^294 |
| 32 | lv_80_k31 | 9.76480432071316 × 10^293 |
| 33 | ov_033 | 1.1868588702053462 × 10^295 |
| 34 | ov_034 | 1.0320805608256209 × 10^295 |
| 35 | ov_035 | 8.934116240564716 × 10^294 |
| 36 | ov_036 | 7.695894600638617 × 10^294 |
| 37 | ov_037 | 6.594197689979496 × 10^294 |
| 38 | ov_038 | 5.6177172578327054 × 10^294 |
| 39 | ov_039 | 4.755738030596805 × 10^294 |
| 40 | ov_040 | 3.9981017995814975 × 10^294 |
| 41 | ov_041 | 3.3351767819846856 × 10^294 |
| 42 | ov_042 | 2.7578317060116432 × 10^294 |
| 43 | ov_043 | 2.2574141053704268 × 10^294 |
| 44 | ov_044 | 1.8257323411678483 × 10^294 |
| 45 | ov_045 | 1.4550409007048819 × 10^294 |
| 46 | ov_046 | 1.1415769127403112 × 10^294 |
| 47 | ov_047 | 8.817920175527771 × 10^293 |
| 48 | ov_048 | 6.692175160978968 × 10^293 |
| 49 | ov_049 | 4.977968330084106 × 10^293 |
| 50 | ov_050 | 3.618814745272821 × 10^293 |
| 51 | ov_051 | 2.5622816963310066 × 10^293 |
| 52 | ov_052 | 1.7599694138012822 × 10^293 |
| 53 | ov_053 | 1.1674988198889534 × 10^293 |
| 54 | ov_054 | 7.445043158583621 × 10^292 |
| 55 | ov_055 | 4.5462986756235223 × 10^292 |
| 56 | ov_056 | 2.655269723852372 × 10^292 |
| 57 | ov_057 | 1.4885355816834707 × 10^292 |
| 58 | ov_058 | 8.02733538834212 × 10^291 |
| 59 | ov_059 | 3.9455548885110925 × 10^291 |
| 60 | ov_060 | 1.7236074686020767 × 10^291 |
| 61 | ov_061 | 6.453489803007457 × 10^290 |
| 62 | ov_062 | 1.9489647192685914 × 10^290 |
| 63 | ov_063 | 4.309799252418557 × 10^289 |
| 64 | lv_79_m31 | 8.395153439231726 × 10^288 |
| 65 | ov_065 | 9.993511837551951 × 10^289 |
| 66 | ov_066 | 9.993488513578358 × 10^289 |
| 67 | ov_067 | 9.993480954919404 × 10^289 |
| 68 | ov_068 | 8.640500363436231 × 10^289 |
| 69 | ov_069 | 7.432725595993914 × 10^289 |
| 70 | ov_070 | 6.358458364162261 × 10^289 |
| 71 | ov_071 | 5.406720490287494 × 10^289 |
| 72 | ov_072 | 4.567205145370795 × 10^289 |
| 73 | ov_073 | 3.830232390249316 × 10^289 |
| 74 | ov_074 | 3.186708793519752 × 10^289 |
| 75 | ov_075 | 2.6280909083281695 × 10^289 |
| 76 | ov_076 | 2.1463523972626302 × 10^289 |
| 77 | ov_077 | 1.7339546003260326 × 10^289 |
| 78 | ov_078 | 1.3838203455210212 × 10^289 |
| 79 | ov_079 | 1.0893108051196097 × 10^289 |
| 80 | ov_080 | 8.442052033770846 × 10^288 |
| 81 | ov_081 | 6.426831834299699 × 10^288 |
| 82 | ov_082 | 4.793096425256821 × 10^288 |
| 83 | ov_083 | 3.490218456886779 × 10^288 |
| 84 | ov_084 | 2.4711862854338574 × 10^288 |
| 85 | ov_085 | 1.6925150038435298 × 10^288 |
| 86 | ov_086 | 1.1141745879177284 × 10^288 |
| 87 | ov_087 | 6.995332720228977 × 10^287 |
| 88 | ov_088 | 4.153142690610151 × 10^287 |
| 89 | ov_089 | 2.3156394976578252 × 10^287 |
| 90 | ov_090 | 1.2162959659147232 × 10^287 |
| 91 | ov_091 | 6.21448475783291 × 10^286 |
| 92 | ov_092 | 3.30209614889889 × 10^286 |
| 93 | ov_093 | 1.744212895619274 × 10^286 |
| 94 | ov_094 | 7.818291980421883 × 10^285 |
| 95 | aaa_78_28 | 2.5145888101535834 × 10^285 |
| 96 | aaa_78_29 | 9.52761180106743 × 10^284 |
| 97 | ov_097 | 1.0375481887546063 × 10^285 |
| 98 | ov_098 | 1.0375170793580488 × 10^285 |
| 99 | ov_099 | 1.0375071431165571 × 10^285 |
| 100 | ov_100 | 9.337158667505923 × 10^284 |
| 101 | ov_101 | 8.375756678570024 × 10^284 |
| 102 | ov_102 | 7.486668099921567 × 10^284 |
| 103 | ov_103 | 6.666002534050418 × 10^284 |
| 104 | ov_104 | 5.9101366376911864 × 10^284 |
| 105 | ov_105 | 5.215677844854026 × 10^284 |
| 106 | ov_106 | 4.579431531493923 × 10^284 |
| 107 | ov_107 | 3.998371435657533 × 10^284 |
| 108 | ov_108 | 3.469613153472902 × 10^284 |
| 109 | ov_109 | 2.990390536661897 × 10^284 |
| 110 | ov_110 | 2.558034821513622 × 10^284 |
| 111 | ov_111 | 2.1699563226008574 × 10^284 |
| 112 | ov_112 | 1.823628527096148 × 10^284 |
| 113 | ov_113 | 1.516574427480222 × 10^284 |
| 114 | ov_114 | 1.2463549318447039 × 10^284 |
| 115 | ov_115 | 1.0105591919784265 × 10^284 |
| 116 | ov_116 | 8.067966900859893 × 10^283 |
| 117 | ov_117 | 6.326909254015251 × 10^283 |
| 118 | ov_118 | 4.858745422019783 × 10^283 |
| 119 | ov_119 | 3.639857408532304 × 10^283 |
| 120 | ov_120 | 2.6466581358661354 × 10^283 |
| 121 | ov_121 | 1.8555764673448362 × 10^283 |
| 122 | ov_122 | 1.2430495981645545 × 10^283 |
| 123 | ov_123 | 7.855194873126876 × 10^282 |
| 124 | ov_124 | 4.5943078137660595 × 10^282 |
| 125 | ov_125 | 2.4122945304847698 × 10^282 |
| 126 | ov_126 | 1.073620186140704 × 10^282 |
| 127 | aaa_77_28 | 3.427516791782089 × 10^281 |
| 128 | aaa_77_29 | 1.2845262808361527 × 10^281 |
| 129 | ov_129 | 1.1834901806184345 × 10^281 |
| 130 | ov_130 | 1.1834874846243303 × 10^281 |
| 131 | ov_131 | 1.183486619305146 × 10^281 |
| 132 | ov_132 | 1.0250501309014695 × 10^281 |
| 133 | ov_133 | 8.83211646300732 × 10^280 |
| 134 | ov_134 | 7.567055337339366 × 10^280 |
| 135 | ov_135 | 6.4433639801561415 × 10^280 |
| 136 | ov_136 | 5.449739830903517 × 10^280 |
| 137 | ov_137 | 4.575487341060164 × 10^280 |
| 138 | ov_138 | 3.8104796242750613 × 10^280 |
| 139 | ov_139 | 3.145125562017751 × 10^280 |
| 140 | ov_140 | 2.5703418215914475 × 10^280 |
| 141 | ov_141 | 2.07752927320854 × 10^280 |
| 142 | ov_142 | 1.6585533219721957 × 10^280 |
| 143 | ov_143 | 1.3057276992057746 × 10^280 |
| 144 | ov_144 | 1.0118012857575015 × 10^280 |
| 145 | ov_145 | 7.699475677919058 × 10^279 |
| 146 | ov_146 | 5.737563532511609 × 10^279 |
| 147 | ov_147 | 4.172274046982673 × 10^279 |
| 148 | ov_148 | 2.947656716921334 × 10^279 |
| 149 | ov_149 | 2.0117783322855677 × 10^279 |
| 150 | ov_150 | 1.316698881343335 × 10^279 |
| 151 | ov_151 | 8.184555863774024 × 10^278 |
| 152 | ov_152 | 4.7705299664649935 × 10^278 |
| 153 | ov_153 | 2.5645733729620465 × 10^278 |
| 154 | ov_154 | 1.2459358607958382 × 10^278 |
| 155 | ov_155 | 5.33440626150829 × 10^277 |
| 156 | aaa_76_25 | 1.8547768810870687 × 10^277 |
| 157 | aaa_76_26 | 1.141253279615746 × 10^277 |
| 158 | aaa_76_27 | 6.255339574643744 × 10^276 |
| 159 | aaa_76_28 | 2.9465623689612576 × 10^276 |
| 160 | aaa_76_29 | 1.1089023462728877 × 10^276 |

### Output Bits Sorted by Complexity

| Rank | Output Bit | Complexity |
|:----:|:----------:|:----------:|
| 160 | aaa_76_29 | 1.1089023462728877 × 10^276 |
| 159 | aaa_76_28 | 2.9465623689612576 × 10^276 |
| 158 | aaa_76_27 | 6.255339574643744 × 10^276 |
| 157 | aaa_76_26 | 1.141253279615746 × 10^277 |
| 156 | aaa_76_25 | 1.8547768810870687 × 10^277 |
| 155 | ov_155 | 5.33440626150829 × 10^277 |
| 154 | ov_154 | 1.2459358607958382 × 10^278 |
| 153 | ov_153 | 2.5645733729620465 × 10^278 |
| 152 | ov_152 | 4.7705299664649935 × 10^278 |
| 151 | ov_151 | 8.184555863774024 × 10^278 |
| 150 | ov_150 | 1.316698881343335 × 10^279 |
| 149 | ov_149 | 2.0117783322855677 × 10^279 |
| 148 | ov_148 | 2.947656716921334 × 10^279 |
| 147 | ov_147 | 4.172274046982673 × 10^279 |
| 146 | ov_146 | 5.737563532511609 × 10^279 |
| 145 | ov_145 | 7.699475677919058 × 10^279 |
| 144 | ov_144 | 1.0118012857575015 × 10^280 |
| 143 | ov_143 | 1.3057276992057746 × 10^280 |
| 142 | ov_142 | 1.6585533219721957 × 10^280 |
| 141 | ov_141 | 2.07752927320854 × 10^280 |
| 140 | ov_140 | 2.5703418215914475 × 10^280 |
| 139 | ov_139 | 3.145125562017751 × 10^280 |
| 138 | ov_138 | 3.8104796242750613 × 10^280 |
| 137 | ov_137 | 4.575487341060164 × 10^280 |
| 136 | ov_136 | 5.449739830903517 × 10^280 |
| 135 | ov_135 | 6.4433639801561415 × 10^280 |
| 134 | ov_134 | 7.567055337339366 × 10^280 |
| 133 | ov_133 | 8.83211646300732 × 10^280 |
| 132 | ov_132 | 1.0250501309014695 × 10^281 |
| 131 | ov_131 | 1.183486619305146 × 10^281 |
| 130 | ov_130 | 1.1834874846243303 × 10^281 |
| 129 | ov_129 | 1.1834901806184345 × 10^281 |
| 128 | aaa_77_29 | 1.2845262808361527 × 10^281 |
| 127 | aaa_77_28 | 3.427516791782089 × 10^281 |
| 126 | ov_126 | 1.073620186140704 × 10^282 |
| 125 | ov_125 | 2.4122945304847698 × 10^282 |
| 124 | ov_124 | 4.5943078137660595 × 10^282 |
| 123 | ov_123 | 7.855194873126876 × 10^282 |
| 122 | ov_122 | 1.2430495981645545 × 10^283 |
| 121 | ov_121 | 1.8555764673448362 × 10^283 |
| 120 | ov_120 | 2.6466581358661354 × 10^283 |
| 119 | ov_119 | 3.639857408532304 × 10^283 |
| 118 | ov_118 | 4.858745422019783 × 10^283 |
| 117 | ov_117 | 6.326909254015251 × 10^283 |
| 116 | ov_116 | 8.067966900859893 × 10^283 |
| 115 | ov_115 | 1.0105591919784265 × 10^284 |
| 114 | ov_114 | 1.2463549318447039 × 10^284 |
| 113 | ov_113 | 1.516574427480222 × 10^284 |
| 112 | ov_112 | 1.823628527096148 × 10^284 |
| 111 | ov_111 | 2.1699563226008574 × 10^284 |
| 110 | ov_110 | 2.558034821513622 × 10^284 |
| 109 | ov_109 | 2.990390536661897 × 10^284 |
| 108 | ov_108 | 3.469613153472902 × 10^284 |
| 107 | ov_107 | 3.998371435657533 × 10^284 |
| 106 | ov_106 | 4.579431531493923 × 10^284 |
| 105 | ov_105 | 5.215677844854026 × 10^284 |
| 104 | ov_104 | 5.9101366376911864 × 10^284 |
| 103 | ov_103 | 6.666002534050418 × 10^284 |
| 102 | ov_102 | 7.486668099921567 × 10^284 |
| 101 | ov_101 | 8.375756678570024 × 10^284 |
| 100 | ov_100 | 9.337158667505923 × 10^284 |
| 96 | aaa_78_29 | 9.52761180106743 × 10^284 |
| 99 | ov_099 | 1.0375071431165571 × 10^285 |
| 98 | ov_098 | 1.0375170793580488 × 10^285 |
| 97 | ov_097 | 1.0375481887546063 × 10^285 |
| 95 | aaa_78_28 | 2.5145888101535834 × 10^285 |
| 94 | ov_094 | 7.818291980421883 × 10^285 |
| 93 | ov_093 | 1.744212895619274 × 10^286 |
| 92 | ov_092 | 3.30209614889889 × 10^286 |
| 91 | ov_091 | 6.21448475783291 × 10^286 |
| 90 | ov_090 | 1.2162959659147232 × 10^287 |
| 89 | ov_089 | 2.3156394976578252 × 10^287 |
| 88 | ov_088 | 4.153142690610151 × 10^287 |
| 87 | ov_087 | 6.995332720228977 × 10^287 |
| 86 | ov_086 | 1.1141745879177284 × 10^288 |
| 85 | ov_085 | 1.6925150038435298 × 10^288 |
| 84 | ov_084 | 2.4711862854338574 × 10^288 |
| 83 | ov_083 | 3.490218456886779 × 10^288 |
| 82 | ov_082 | 4.793096425256821 × 10^288 |
| 81 | ov_081 | 6.426831834299699 × 10^288 |
| 64 | lv_79_m31 | 8.395153439231726 × 10^288 |
| 80 | ov_080 | 8.442052033770846 × 10^288 |
| 79 | ov_079 | 1.0893108051196097 × 10^289 |
| 78 | ov_078 | 1.3838203455210212 × 10^289 |
| 77 | ov_077 | 1.7339546003260326 × 10^289 |
| 76 | ov_076 | 2.1463523972626302 × 10^289 |
| 75 | ov_075 | 2.6280909083281695 × 10^289 |
| 74 | ov_074 | 3.186708793519752 × 10^289 |
| 73 | ov_073 | 3.830232390249316 × 10^289 |
| 63 | ov_063 | 4.309799252418557 × 10^289 |
| 72 | ov_072 | 4.567205145370795 × 10^289 |
| 71 | ov_071 | 5.406720490287494 × 10^289 |
| 70 | ov_070 | 6.358458364162261 × 10^289 |
| 69 | ov_069 | 7.432725595993914 × 10^289 |
| 68 | ov_068 | 8.640500363436231 × 10^289 |
| 67 | ov_067 | 9.993480954919404 × 10^289 |
| 66 | ov_066 | 9.993488513578358 × 10^289 |
| 65 | ov_065 | 9.993511837551951 × 10^289 |
| 62 | ov_062 | 1.9489647192685914 × 10^290 |
| 61 | ov_061 | 6.453489803007457 × 10^290 |
| 60 | ov_060 | 1.7236074686020767 × 10^291 |
| 59 | ov_059 | 3.9455548885110925 × 10^291 |
| 58 | ov_058 | 8.02733538834212 × 10^291 |
| 57 | ov_057 | 1.4885355816834707 × 10^292 |
| 56 | ov_056 | 2.655269723852372 × 10^292 |
| 55 | ov_055 | 4.5462986756235223 × 10^292 |
| 54 | ov_054 | 7.445043158583621 × 10^292 |
| 53 | ov_053 | 1.1674988198889534 × 10^293 |
| 52 | ov_052 | 1.7599694138012822 × 10^293 |
| 51 | ov_051 | 2.5622816963310066 × 10^293 |
| 50 | ov_050 | 3.618814745272821 × 10^293 |
| 49 | ov_049 | 4.977968330084106 × 10^293 |
| 48 | ov_048 | 6.692175160978968 × 10^293 |
| 47 | ov_047 | 8.817920175527771 × 10^293 |
| 32 | lv_80_k31 | 9.76480432071316 × 10^293 |
| 46 | ov_046 | 1.1415769127403112 × 10^294 |
| 45 | ov_045 | 1.4550409007048819 × 10^294 |
| 44 | ov_044 | 1.8257323411678483 × 10^294 |
| 43 | ov_043 | 2.2574141053704268 × 10^294 |
| 42 | ov_042 | 2.7578317060116432 × 10^294 |
| 41 | ov_041 | 3.3351767819846856 × 10^294 |
| 40 | ov_040 | 3.9981017995814975 × 10^294 |
| 31 | ov_031 | 4.031138207093691 × 10^294 |
| 39 | ov_039 | 4.755738030596805 × 10^294 |
| 38 | ov_038 | 5.6177172578327054 × 10^294 |
| 37 | ov_037 | 6.594197689979496 × 10^294 |
| 36 | ov_036 | 7.695894600638617 × 10^294 |
| 35 | ov_035 | 8.934116240564716 × 10^294 |
| 34 | ov_034 | 1.0320805608256209 × 10^295 |
| 33 | ov_033 | 1.1868588702053462 × 10^295 |
| 30 | ov_030 | 1.6636726994496812 × 10^295 |
| 29 | ov_029 | 5.025434959537731 × 10^295 |
| 28 | ov_028 | 1.2190449229029261 × 10^296 |
| 27 | ov_027 | 2.9112242542752376 × 10^296 |
| 26 | ov_026 | 7.000292745851733 × 10^296 |
| 25 | ov_025 | 1.5368475647736596 × 10^297 |
| 24 | ov_024 | 3.0359022389905936 × 10^297 |
| 23 | ov_023 | 5.4776235783264614 × 10^297 |
| 22 | ov_022 | 9.188554162564718 × 10^297 |
| 21 | ov_021 | 1.4541363304257356 × 10^298 |
| 20 | ov_020 | 2.1954873898116172 × 10^298 |
| 19 | ov_019 | 3.1894109132563187 × 10^298 |
| 18 | ov_018 | 4.4870371061928173 × 10^298 |
| 17 | ov_017 | 6.144136819031164 × 10^298 |
| 16 | ov_016 | 8.221141313885415 × 10^298 |
| 15 | ov_015 | 1.078317146731494 × 10^299 |
| 14 | ov_014 | 1.3900079157329085 × 10^299 |
| 13 | ov_013 | 1.764650390361912 × 10^299 |
| 12 | ov_012 | 2.2101948150957755 × 10^299 |
| 11 | ov_011 | 2.735087490715983 × 10^299 |
| 10 | ov_010 | 3.3482831769266885 × 10^299 |
| 9 | ov_009 | 4.059260569519179 × 10^299 |
| 8 | ov_008 | 4.878041320359604 × 10^299 |
| 7 | ov_007 | 5.815213067932593 × 10^299 |
| 6 | ov_006 | 6.8819568771532235 × 10^299 |
| 5 | ov_005 | 8.090079449933009 × 10^299 |
| 4 | ov_004 | 9.452050569158497 × 10^299 |
| 3 | ov_003 | 1.0981046378357887 × 10^300 |
| 2 | ov_002 | 1.269099917115469 × 10^300 |
| 1 | ov_001 | 1.4589492565741669 × 10^300 |

