# Results for F001-F002-F003-F004-F005-F006-F007-F008-F009-F010-F011-F012-F013-F014-F015-F016-F017-F018-F019-F020-F021-F022-F023-F024-F025-F026-F027-F028-F029-F030-F031-F032-F033-F034-F035-F036-F037-F038-F039-F040-F041-F042-F043-F044-F045-F046-F047-F048-F049-F050-F051-F052-F053-F054-F055-F056-F057-F058-F059-F060-F061-F062-F063-F064-F065-F066-F067-F068-F069-F070-F071-F072-F073-F074-F075-F076-F077-F078-F079-F080-F081-F082-F083-F084-F085-F086-F087-F088-F089-F090-F091-F092-F093-F094-F095-F096-F097-F098-F099-F100-F101-F102-F103-F104-F105-F106-F107-F108-F109-F110-F111-F112-F113-F114-F115-F116-F117-F118-F119-F120-F121-F122-F123-F124-F125-F126-F127-F128-F129-F130-F131-F132-F133-F134-F135-F136-F137-F138-F139-F140-F141-F142-F143-F144-F145-F146-F147-F148-F149-F150-F151-F152-F153-F154-F155-F156-F157-F158-F159-F160-F161-F162-F163-F164-F165-F166-F167-F168-F169-F170-F171-F172-F173-F174-F175-F176-F177-F178-F179-F180-F181-F182-F183-F184-F185-F186-F187-F188-F189-F190-F191-F192-F193-F194-F195-F196-F197-F198-F199-F200-F201-F202-F203-F204-F205-F206-F207-F208-F209-F210-F211-F212-F213-F214-F215-F216-F217-F218-F219-F220-F221-F222-F223-F224-F225-F226-F227-F228-F229-F230-F231-F232-F233-F234-F235-F236-F237-F238-F239-F240-F241-F242-F243-F244-F245-F246-F247-F248-F249-F250-F251-F252-F253-F254-F255-F256-F257-F258-F259-F260-F261-F262-F263-F264-F265-F266-F267-F268-F269-F270-F271-F272-F273-F274-F275-F276-F277-F278-F279-F280-F281-F282-F283-F284-F285-F286-F287-F288-F289-F290-F291-F292-F293-F294-F295-F296-F297-F298-F299-F300-F301-F302-F303-F304-F305-F306-F307-F308-F309-F310-F311-F312-F313-F314-F315-F316-F317-F318-F319-F320-F321-F322-F323-F324-F325-F326-F327-F328-F329-F330-F331-F332-F333-F334-F335-F336-F337-F338-F339-F340-F341-F342-F343-F344-F345-F346-F347-F348-F349-F350-F351-F352-F353-F354-F355-F356-F357-F358-F359-F360-F361-F362-F363-F364-F365-F366-F367-F368-F369-F370-F371-F372-F373-F374-F375-F376-F377-F378-F379-F380-F381-F382-F383-F384-F385-F386-F387-F388-F389-F390-F391-F392-F393-F394-F395-F396-F397-F398-F399-F400-F401-F402-F403-F404-F405-F406-F407-F408-F409-F410-F411-F412-F413-F414-F415-F416-F417-F418-F419-F420-F421-F422-F423-F424-F425-F426-F427-F428-F429-F430-F431-F432-F433-F434-F435-F436-F437-F438-F439-F440-F441-F442-F443-F444-F445-F446-F447-F448-F449-F450-F451-F452-F453-F454-F455-F456-F457-F458-F459-F460-F461-F462-F463-F464-F465-F466-F467-F468-F469-F470-F471-F472-F473-F474-F475-F476-F477-F478-F479-F480-F481-F482-F483-F484-F485-F486-F487-F488-F489-F490-F491-F492-F493-F494-F495-F496-E497507-F509-F510-F511-F512

## Summary

Number of input bits: 512  
Number of free input bits: 11  
Number of output bits: 160

Number of direct occurrences: 43892  
Number of assignments: 31083  
Number of operations: 10819095
(xor: 10791069,
and: 14734,
or: 13292)

Total complexity: 5.858205844953089 × 10^297

Least occurring input variable: iv_502 (3835)  
Most occurring input variable: iv_497 (4194)

Most co-occurring input variables: iv_497-iv_508 (2012)  
Least co-occurring input variables: iv_498-iv_502 (1738)

Potentially most occurring input variable: iv_497/iv_498 (4559)  
Potentially least occurring input variable: iv_504/iv_505 (3972)

Least output occurring input variable: iv_505 (72)  
Most output occurring input variable: iv_498 (88)

Most output co-occurring input variables: iv_497-iv_498 (49)  
Least output co-occurring input variables: iv_500-iv_505 (33)

Potentially most output occurring input variable: iv_497/iv_500 (89)  
Potentially least output occurring input variable: iv_499/iv_505 (57)

Least complex input bit: iv_498 (4.161167560339191 × 10^295)  
Most complex input bit: iv_505 (1.2317229192419875 × 10^297)

Least complex output bit: aaa_76_29 (1.3188665017004094 × 10^273)  
Most complex output bit: ov_001 (9.370704545165151 × 10^296)

Least complex input/output complexity: iv_498/aaa_76_29 (9.368097756451787 × 10^270)  
Most complex input/output complexity: iv_505/ov_001 (1.970246840620775 × 10^296)

## Input Bits

### Input Bits in Regular Order

| Input Bit | Complexity | Occurrences | Output Occurrences |
|:---------:|:----------:|:-----------:|:------------------:|
| iv_497 | 8.967455115687261 × 10^296 | 4194 | 81 |
| iv_498 | 4.161167560339191 × 10^295 | 3891 | 88 |
| iv_499 | 7.347840727789377 × 10^295 | 3897 | 81 |
| iv_500 | 1.2368814124440329 × 10^296 | 4063 | 76 |
| iv_501 | 2.035953776432962 × 10^296 | 4032 | 83 |
| iv_502 | 3.282152322759046 × 10^296 | 3835 | 82 |
| iv_503 | 5.198144744207226 × 10^296 | 4004 | 75 |
| iv_504 | 8.073249368688268 × 10^296 | 3878 | 78 |
| iv_505 | 1.2317229192419875 × 10^297 | 4034 | 72 |
| iv_506 | 6.160800516022504 × 10^296 | 3911 | 82 |
| iv_508 | 1.0159291172056853 × 10^297 | 4153 | 81 |

### Input Bits Sorted by Complexity

| Input Bit | Complexity | Occurrences | Output Occurrences |
|:---------:|:----------:|:-----------:|:------------------:|
| iv_498 | 4.161167560339191 × 10^295 | 3891 | 88 |
| iv_499 | 7.347840727789377 × 10^295 | 3897 | 81 |
| iv_500 | 1.2368814124440329 × 10^296 | 4063 | 76 |
| iv_501 | 2.035953776432962 × 10^296 | 4032 | 83 |
| iv_502 | 3.282152322759046 × 10^296 | 3835 | 82 |
| iv_503 | 5.198144744207226 × 10^296 | 4004 | 75 |
| iv_506 | 6.160800516022504 × 10^296 | 3911 | 82 |
| iv_504 | 8.073249368688268 × 10^296 | 3878 | 78 |
| iv_497 | 8.967455115687261 × 10^296 | 4194 | 81 |
| iv_508 | 1.0159291172056853 × 10^297 | 4153 | 81 |
| iv_505 | 1.2317229192419875 × 10^297 | 4034 | 72 |

### Input Bits Sorted by Occurrences

| Input Bit | Complexity | Occurrences | Output Occurrences |
|:---------:|:----------:|:-----------:|:------------------:|
| iv_502 | 3.282152322759046 × 10^296 | 3835 | 82 |
| iv_504 | 8.073249368688268 × 10^296 | 3878 | 78 |
| iv_498 | 4.161167560339191 × 10^295 | 3891 | 88 |
| iv_499 | 7.347840727789377 × 10^295 | 3897 | 81 |
| iv_506 | 6.160800516022504 × 10^296 | 3911 | 82 |
| iv_503 | 5.198144744207226 × 10^296 | 4004 | 75 |
| iv_501 | 2.035953776432962 × 10^296 | 4032 | 83 |
| iv_505 | 1.2317229192419875 × 10^297 | 4034 | 72 |
| iv_500 | 1.2368814124440329 × 10^296 | 4063 | 76 |
| iv_508 | 1.0159291172056853 × 10^297 | 4153 | 81 |
| iv_497 | 8.967455115687261 × 10^296 | 4194 | 81 |

### Input Bits Sorted by Output Occurrences

| Input Bit | Complexity | Occurrences | Output Occurrences |
|:---------:|:----------:|:-----------:|:------------------:|
| iv_505 | 1.2317229192419875 × 10^297 | 4034 | 72 |
| iv_503 | 5.198144744207226 × 10^296 | 4004 | 75 |
| iv_500 | 1.2368814124440329 × 10^296 | 4063 | 76 |
| iv_504 | 8.073249368688268 × 10^296 | 3878 | 78 |
| iv_497 | 8.967455115687261 × 10^296 | 4194 | 81 |
| iv_499 | 7.347840727789377 × 10^295 | 3897 | 81 |
| iv_508 | 1.0159291172056853 × 10^297 | 4153 | 81 |
| iv_502 | 3.282152322759046 × 10^296 | 3835 | 82 |
| iv_506 | 6.160800516022504 × 10^296 | 3911 | 82 |
| iv_501 | 2.035953776432962 × 10^296 | 4032 | 83 |
| iv_498 | 4.161167560339191 × 10^295 | 3891 | 88 |

## Input Bit Co-occurrences

### Input Bit Co-occurrences Sorted by Co-occurrences

| Input Bits | Co-occurrences | Potential Occurrences | Output Co-occurrences | Potential Output Occurrences |
|:----------:|:--------------:|:---------------------:|:---------------------:|:----------------------------:|
| iv_497-iv_508 | 2012 | 4323 | 45 | 72 |
| iv_501-iv_505 | 2006 | 4054 | 41 | 73 |
| iv_504-iv_505 | 1970 | 3972 | 39 | 72 |
| iv_500-iv_508 | 1963 | 4290 | 36 | 85 |
| iv_505-iv_508 | 1952 | 4283 | 36 | 81 |
| iv_500-iv_501 | 1944 | 4207 | 41 | 77 |
| iv_499-iv_508 | 1935 | 4180 | 43 | 76 |
| iv_497-iv_505 | 1933 | 4362 | 45 | 63 |
| iv_500-iv_505 | 1927 | 4243 | 33 | 82 |
| iv_497-iv_501 | 1922 | 4382 | 45 | 74 |
| iv_500-iv_503 | 1918 | 4231 | 39 | 73 |

### Input Bit Co-occurrences Sorted by Potential Occurrences

| Input Bits | Co-occurrences | Potential Occurrences | Output Co-occurrences | Potential Output Occurrences |
|:----------:|:--------------:|:---------------------:|:---------------------:|:----------------------------:|
| iv_504-iv_505 | 1970 | 3972 | 39 | 72 |
| iv_501-iv_505 | 2006 | 4054 | 41 | 73 |
| iv_502-iv_505 | 1892 | 4085 | 37 | 80 |
| iv_504-iv_506 | 1847 | 4095 | 42 | 76 |
| iv_499-iv_504 | 1836 | 4103 | 38 | 83 |
| iv_499-iv_501 | 1901 | 4127 | 44 | 76 |
| iv_499-iv_505 | 1899 | 4133 | 48 | 57 |
| iv_498-iv_504 | 1814 | 4141 | 46 | 74 |
| iv_498-iv_506 | 1819 | 4164 | 41 | 88 |
| iv_502-iv_504 | 1773 | 4167 | 42 | 76 |
| iv_502-iv_506 | 1787 | 4172 | 44 | 76 |

### Input Bit Output Co-occurrences Sorted by Output Co-occurrences

| Input Bits | Co-occurrences | Potential Occurrences | Output Co-occurrences | Potential Output Occurrences |
|:----------:|:--------------:|:---------------------:|:---------------------:|:----------------------------:|
| iv_497-iv_498 | 1763 | 4559 | 49 | 71 |
| iv_498-iv_499 | 1803 | 4182 | 48 | 73 |
| iv_498-iv_501 | 1843 | 4237 | 48 | 75 |
| iv_498-iv_505 | 1869 | 4187 | 48 | 64 |
| iv_499-iv_505 | 1899 | 4133 | 48 | 57 |
| iv_498-iv_502 | 1738 | 4250 | 46 | 78 |
| iv_498-iv_504 | 1814 | 4141 | 46 | 74 |
| iv_497-iv_501 | 1922 | 4382 | 45 | 74 |
| iv_497-iv_505 | 1933 | 4362 | 45 | 63 |
| iv_497-iv_508 | 2012 | 4323 | 45 | 72 |
| iv_498-iv_508 | 1838 | 4368 | 45 | 79 |

### Input Bit Output Co-occurrences Sorted by Potential Output Occurrences

| Input Bits | Co-occurrences | Potential Occurrences | Output Co-occurrences | Potential Output Occurrences |
|:----------:|:--------------:|:---------------------:|:---------------------:|:----------------------------:|
| iv_499-iv_505 | 1899 | 4133 | 48 | 57 |
| iv_497-iv_505 | 1933 | 4362 | 45 | 63 |
| iv_498-iv_505 | 1869 | 4187 | 48 | 64 |
| iv_497-iv_498 | 1763 | 4559 | 49 | 71 |
| iv_503-iv_505 | 1900 | 4238 | 38 | 71 |
| iv_504-iv_505 | 1970 | 3972 | 39 | 72 |
| iv_497-iv_508 | 2012 | 4323 | 45 | 72 |
| iv_498-iv_499 | 1803 | 4182 | 48 | 73 |
| iv_499-iv_500 | 1867 | 4226 | 42 | 73 |
| iv_501-iv_505 | 2006 | 4054 | 41 | 73 |
| iv_500-iv_503 | 1918 | 4231 | 39 | 73 |

## Output Bits

### Output Bits in Regular Order

| Rank | Output Bit | Complexity |
|:----:|:----------:|:----------:|
| 1 | ov_001 | 9.370704545165151 × 10^296 |
| 2 | ov_002 | 8.12651001202535 × 10^296 |
| 3 | ov_003 | 7.0119436341601485 × 10^296 |
| 4 | ov_004 | 6.017183243941408 × 10^296 |
| 5 | ov_005 | 5.132942222362281 × 10^296 |
| 6 | ov_006 | 4.3504313127932325 × 10^296 |
| 7 | ov_007 | 3.6613253649618934 × 10^296 |
| 8 | ov_008 | 3.0577346888044764 × 10^296 |
| 9 | ov_009 | 2.5321806614752407 × 10^296 |
| 10 | ov_010 | 2.0775751653678117 × 10^296 |
| 11 | ov_011 | 1.6872034301491069 × 10^296 |
| 12 | ov_012 | 1.3547098761974093 × 10^296 |
| 13 | ov_013 | 1.0740865807699565 × 10^296 |
| 14 | ov_014 | 8.396640118075296 × 10^295 |
| 15 | ov_015 | 6.4610369760067 × 10^295 |
| 16 | ov_016 | 4.883925236637805 × 10^295 |
| 17 | ov_017 | 3.6183837114369567 × 10^295 |
| 18 | ov_018 | 2.6206683396892587 × 10^295 |
| 19 | ov_019 | 1.8501877475464703 × 10^295 |
| 20 | ov_020 | 1.2694851297495908 × 10^295 |
| 21 | ov_021 | 8.442249243242126 × 10^294 |
| 22 | ov_022 | 5.431832429834434 × 10^294 |
| 23 | ov_023 | 3.382412550218545 × 10^294 |
| 24 | ov_024 | 2.043808359342249 × 10^294 |
| 25 | ov_025 | 1.1968190541963389 × 10^294 |
| 26 | ov_026 | 6.532096958974372 × 10^293 |
| 27 | ov_027 | 3.2660307025690558 × 10^293 |
| 28 | ov_028 | 1.46100460188056 × 10^293 |
| 29 | ov_029 | 5.628095675706751 × 10^292 |
| 30 | ov_030 | 1.720127861892893 × 10^292 |
| 31 | ov_031 | 3.35422655059274 × 10^291 |
| 32 | lv_80_m31 | 6.53959578968673 × 10^290 |
| 33 | ov_033 | 7.83557048531188 × 10^291 |
| 34 | ov_034 | 6.794061378001013 × 10^291 |
| 35 | ov_035 | 5.862361672908524 × 10^291 |
| 36 | ov_036 | 5.031542196036374 × 10^291 |
| 37 | ov_037 | 4.293153961534106 × 10^291 |
| 38 | ov_038 | 3.6391943825104514 × 10^291 |
| 39 | ov_039 | 3.062078103835584 × 10^291 |
| 40 | ov_040 | 2.554612003048191 × 10^291 |
| 41 | ov_041 | 2.109973933174908 × 10^291 |
| 42 | ov_042 | 1.7248431284252424 × 10^291 |
| 43 | ov_043 | 1.3960712678974624 × 10^291 |
| 44 | ov_044 | 1.1178531568553384 × 10^291 |
| 45 | ov_045 | 8.846993359854858 × 10^290 |
| 46 | ov_046 | 6.914280187117068 × 10^290 |
| 47 | ov_047 | 5.331587256244889 × 10^290 |
| 48 | ov_048 | 4.053073522244986 × 10^290 |
| 49 | ov_049 | 3.0358242654337478 × 10^290 |
| 50 | ov_050 | 2.239823331930382 × 10^290 |
| 51 | ov_051 | 1.627933000892535 × 10^290 |
| 52 | ov_052 | 1.1658796356846476 × 10^290 |
| 53 | ov_053 | 8.222435484337337 × 10^289 |
| 54 | ov_054 | 5.684519249311303 × 10^289 |
| 55 | ov_055 | 3.7877403787072383 × 10^289 |
| 56 | ov_056 | 2.4105457021610296 × 10^289 |
| 57 | ov_057 | 1.4455711477844276 × 10^289 |
| 58 | ov_058 | 7.996348670884619 × 10^288 |
| 59 | ov_059 | 3.937335834199306 × 10^288 |
| 60 | ov_060 | 1.630408974594378 × 10^288 |
| 61 | ov_061 | 5.690666246291479 × 10^287 |
| 62 | ov_062 | 1.5598341039930066 × 10^287 |
| 63 | ov_063 | 3.0376650599599714 × 10^286 |
| 64 | lv_79_m31 | 5.914326498481724 × 10^285 |
| 65 | ov_065 | 7.025517082541718 × 10^286 |
| 66 | ov_066 | 7.025494585298329 × 10^286 |
| 67 | ov_067 | 7.025489079000364 × 10^286 |
| 68 | ov_068 | 6.065018029214833 × 10^286 |
| 69 | ov_069 | 5.209071015343601 × 10^286 |
| 70 | ov_070 | 4.44912806395271 × 10^286 |
| 71 | ov_071 | 3.777193605453967 × 10^286 |
| 72 | ov_072 | 3.185760954884741 × 10^286 |
| 73 | ov_073 | 2.6677799292096214 × 10^286 |
| 74 | ov_074 | 2.2166274362490023 × 10^286 |
| 75 | ov_075 | 1.826080876524311 × 10^286 |
| 76 | ov_076 | 1.4902942043619998 × 10^286 |
| 77 | ov_077 | 1.2037764986675955 × 10^286 |
| 78 | ov_078 | 9.613728970061352 × 10^285 |
| 79 | ov_079 | 7.582477491357752 × 10^285 |
| 80 | ov_080 | 5.898698480572988 × 10^285 |
| 81 | ov_081 | 4.5199959807399355 × 10^285 |
| 82 | ov_082 | 3.406779804048219 × 10^285 |
| 83 | ov_083 | 2.5221717764928675 × 10^285 |
| 84 | ov_084 | 1.8319271894092067 × 10^285 |
| 85 | ov_085 | 1.304370080055079 × 10^285 |
| 86 | ov_086 | 9.103409660062975 × 10^284 |
| 87 | ov_087 | 6.231556598499425 × 10^284 |
| 88 | ov_088 | 4.185737917346372 × 10^284 |
| 89 | ov_089 | 2.7477566796301977 × 10^284 |
| 90 | ov_090 | 1.723460941441433 × 10^284 |
| 91 | ov_091 | 1.0217696823279867 × 10^284 |
| 92 | ov_092 | 5.635511357912423 × 10^283 |
| 93 | ov_093 | 2.8159993763109647 × 10^283 |
| 94 | ov_094 | 1.2062589640334374 × 10^283 |
| 95 | aaa_78_28 | 3.724940857295336 × 10^282 |
| 96 | aaa_78_29 | 1.1440071533461992 × 10^282 |
| 97 | ov_097 | 7.556025735451941 × 10^281 |
| 98 | ov_098 | 7.555799841325267 × 10^281 |
| 99 | ov_099 | 7.555727723866959 × 10^281 |
| 100 | ov_100 | 6.799701303612952 × 10^281 |
| 101 | ov_101 | 6.099375530480764 × 10^281 |
| 102 | ov_102 | 5.4517062116328884 × 10^281 |
| 103 | ov_103 | 4.853871264273044 × 10^281 |
| 104 | ov_104 | 4.303241467245527 × 10^281 |
| 105 | ov_105 | 3.797353903822168 × 10^281 |
| 106 | ov_106 | 3.3338879585107844 × 10^281 |
| 107 | ov_107 | 2.91064373538242 × 10^281 |
| 108 | ov_108 | 2.5255227691015258 × 10^281 |
| 109 | ov_109 | 2.1765109026982278 × 10^281 |
| 110 | ov_110 | 1.8616632082726277 × 10^281 |
| 111 | ov_111 | 1.5790908283902942 × 10^281 |
| 112 | ov_112 | 1.3269496170292065 × 10^281 |
| 113 | ov_113 | 1.1034304596758877 × 10^281 |
| 114 | ov_114 | 9.067511526376423 × 10^280 |
| 115 | ov_115 | 7.351497219241658 × 10^280 |
| 116 | ov_116 | 5.868790622263457 × 10^280 |
| 117 | ov_117 | 4.602027766327784 × 10^280 |
| 118 | ov_118 | 3.5339209780216034 × 10^280 |
| 119 | ov_119 | 2.6472367343492254 × 10^280 |
| 120 | ov_120 | 1.9247791588933072 × 10^280 |
| 121 | ov_121 | 1.349377435266665 × 10^280 |
| 122 | ov_122 | 9.03876542035245 × 10^279 |
| 123 | ov_123 | 5.711307133328982 × 10^279 |
| 124 | ov_124 | 3.339990293969351 × 10^279 |
| 125 | ov_125 | 1.7534268610787996 × 10^279 |
| 126 | ov_126 | 7.80236028839722 × 10^278 |
| 127 | aaa_77_28 | 2.490388861252715 × 10^278 |
| 128 | aaa_77_29 | 9.330288932176887 × 10^277 |
| 129 | ov_129 | 8.58072528882081 × 10^277 |
| 130 | ov_130 | 8.580699623486115 × 10^277 |
| 131 | ov_131 | 8.58069342481785 × 10^277 |
| 132 | ov_132 | 7.426383701562853 × 10^277 |
| 133 | ov_133 | 6.393692050663366 × 10^277 |
| 134 | ov_134 | 5.473411120384032 × 10^277 |
| 135 | ov_135 | 4.656819019961695 × 10^277 |
| 136 | ov_136 | 3.9356444368287557 × 10^277 |
| 137 | ov_137 | 3.302036792226691 × 10^277 |
| 138 | ov_138 | 2.7485409412215427 × 10^277 |
| 139 | ov_139 | 2.268075947938699 × 10^277 |
| 140 | ov_140 | 1.853917490997946 × 10^277 |
| 141 | ov_141 | 1.499683477810994 × 10^277 |
| 142 | ov_142 | 1.199322469734153 × 10^277 |
| 143 | ov_143 | 9.471045431534497 × 10^276 |
| 144 | ov_144 | 7.376142344987238 × 10^276 |
| 145 | ov_145 | 5.657452399952153 × 10^276 |
| 146 | ov_146 | 4.2669656370404814 × 10^276 |
| 147 | ov_147 | 3.1596983009972837 × 10^276 |
| 148 | ov_148 | 2.2936750009629986 × 10^276 |
| 149 | ov_149 | 1.629917520723802 × 10^276 |
| 150 | ov_150 | 1.1324381206516898 × 10^276 |
| 151 | ov_151 | 7.6823549161825 × 10^275 |
| 152 | ov_152 | 5.072920889812131 × 10^275 |
| 153 | ov_153 | 3.225722428392177 × 10^275 |
| 154 | ov_154 | 1.9002083908065178 × 10^275 |
| 155 | ov_155 | 9.835532327030485 × 10^274 |
| 156 | aaa_76_25 | 3.7782837628557525 × 10^274 |
| 157 | aaa_76_26 | 2.1807150660827886 × 10^274 |
| 158 | aaa_76_27 | 1.1156058452237334 × 10^274 |
| 159 | aaa_76_28 | 4.340202769092297 × 10^273 |
| 160 | aaa_76_29 | 1.3188665017004094 × 10^273 |

### Output Bits Sorted by Complexity

| Rank | Output Bit | Complexity |
|:----:|:----------:|:----------:|
| 160 | aaa_76_29 | 1.3188665017004094 × 10^273 |
| 159 | aaa_76_28 | 4.340202769092297 × 10^273 |
| 158 | aaa_76_27 | 1.1156058452237334 × 10^274 |
| 157 | aaa_76_26 | 2.1807150660827886 × 10^274 |
| 156 | aaa_76_25 | 3.7782837628557525 × 10^274 |
| 155 | ov_155 | 9.835532327030485 × 10^274 |
| 154 | ov_154 | 1.9002083908065178 × 10^275 |
| 153 | ov_153 | 3.225722428392177 × 10^275 |
| 152 | ov_152 | 5.072920889812131 × 10^275 |
| 151 | ov_151 | 7.6823549161825 × 10^275 |
| 150 | ov_150 | 1.1324381206516898 × 10^276 |
| 149 | ov_149 | 1.629917520723802 × 10^276 |
| 148 | ov_148 | 2.2936750009629986 × 10^276 |
| 147 | ov_147 | 3.1596983009972837 × 10^276 |
| 146 | ov_146 | 4.2669656370404814 × 10^276 |
| 145 | ov_145 | 5.657452399952153 × 10^276 |
| 144 | ov_144 | 7.376142344987238 × 10^276 |
| 143 | ov_143 | 9.471045431534497 × 10^276 |
| 142 | ov_142 | 1.199322469734153 × 10^277 |
| 141 | ov_141 | 1.499683477810994 × 10^277 |
| 140 | ov_140 | 1.853917490997946 × 10^277 |
| 139 | ov_139 | 2.268075947938699 × 10^277 |
| 138 | ov_138 | 2.7485409412215427 × 10^277 |
| 137 | ov_137 | 3.302036792226691 × 10^277 |
| 136 | ov_136 | 3.9356444368287557 × 10^277 |
| 135 | ov_135 | 4.656819019961695 × 10^277 |
| 134 | ov_134 | 5.473411120384032 × 10^277 |
| 133 | ov_133 | 6.393692050663366 × 10^277 |
| 132 | ov_132 | 7.426383701562853 × 10^277 |
| 131 | ov_131 | 8.58069342481785 × 10^277 |
| 130 | ov_130 | 8.580699623486115 × 10^277 |
| 129 | ov_129 | 8.58072528882081 × 10^277 |
| 128 | aaa_77_29 | 9.330288932176887 × 10^277 |
| 127 | aaa_77_28 | 2.490388861252715 × 10^278 |
| 126 | ov_126 | 7.80236028839722 × 10^278 |
| 125 | ov_125 | 1.7534268610787996 × 10^279 |
| 124 | ov_124 | 3.339990293969351 × 10^279 |
| 123 | ov_123 | 5.711307133328982 × 10^279 |
| 122 | ov_122 | 9.03876542035245 × 10^279 |
| 121 | ov_121 | 1.349377435266665 × 10^280 |
| 120 | ov_120 | 1.9247791588933072 × 10^280 |
| 119 | ov_119 | 2.6472367343492254 × 10^280 |
| 118 | ov_118 | 3.5339209780216034 × 10^280 |
| 117 | ov_117 | 4.602027766327784 × 10^280 |
| 116 | ov_116 | 5.868790622263457 × 10^280 |
| 115 | ov_115 | 7.351497219241658 × 10^280 |
| 114 | ov_114 | 9.067511526376423 × 10^280 |
| 113 | ov_113 | 1.1034304596758877 × 10^281 |
| 112 | ov_112 | 1.3269496170292065 × 10^281 |
| 111 | ov_111 | 1.5790908283902942 × 10^281 |
| 110 | ov_110 | 1.8616632082726277 × 10^281 |
| 109 | ov_109 | 2.1765109026982278 × 10^281 |
| 108 | ov_108 | 2.5255227691015258 × 10^281 |
| 107 | ov_107 | 2.91064373538242 × 10^281 |
| 106 | ov_106 | 3.3338879585107844 × 10^281 |
| 105 | ov_105 | 3.797353903822168 × 10^281 |
| 104 | ov_104 | 4.303241467245527 × 10^281 |
| 103 | ov_103 | 4.853871264273044 × 10^281 |
| 102 | ov_102 | 5.4517062116328884 × 10^281 |
| 101 | ov_101 | 6.099375530480764 × 10^281 |
| 100 | ov_100 | 6.799701303612952 × 10^281 |
| 99 | ov_099 | 7.555727723866959 × 10^281 |
| 98 | ov_098 | 7.555799841325267 × 10^281 |
| 97 | ov_097 | 7.556025735451941 × 10^281 |
| 96 | aaa_78_29 | 1.1440071533461992 × 10^282 |
| 95 | aaa_78_28 | 3.724940857295336 × 10^282 |
| 94 | ov_094 | 1.2062589640334374 × 10^283 |
| 93 | ov_093 | 2.8159993763109647 × 10^283 |
| 92 | ov_092 | 5.635511357912423 × 10^283 |
| 91 | ov_091 | 1.0217696823279867 × 10^284 |
| 90 | ov_090 | 1.723460941441433 × 10^284 |
| 89 | ov_089 | 2.7477566796301977 × 10^284 |
| 88 | ov_088 | 4.185737917346372 × 10^284 |
| 87 | ov_087 | 6.231556598499425 × 10^284 |
| 86 | ov_086 | 9.103409660062975 × 10^284 |
| 85 | ov_085 | 1.304370080055079 × 10^285 |
| 84 | ov_084 | 1.8319271894092067 × 10^285 |
| 83 | ov_083 | 2.5221717764928675 × 10^285 |
| 82 | ov_082 | 3.406779804048219 × 10^285 |
| 81 | ov_081 | 4.5199959807399355 × 10^285 |
| 80 | ov_080 | 5.898698480572988 × 10^285 |
| 64 | lv_79_m31 | 5.914326498481724 × 10^285 |
| 79 | ov_079 | 7.582477491357752 × 10^285 |
| 78 | ov_078 | 9.613728970061352 × 10^285 |
| 77 | ov_077 | 1.2037764986675955 × 10^286 |
| 76 | ov_076 | 1.4902942043619998 × 10^286 |
| 75 | ov_075 | 1.826080876524311 × 10^286 |
| 74 | ov_074 | 2.2166274362490023 × 10^286 |
| 73 | ov_073 | 2.6677799292096214 × 10^286 |
| 63 | ov_063 | 3.0376650599599714 × 10^286 |
| 72 | ov_072 | 3.185760954884741 × 10^286 |
| 71 | ov_071 | 3.777193605453967 × 10^286 |
| 70 | ov_070 | 4.44912806395271 × 10^286 |
| 69 | ov_069 | 5.209071015343601 × 10^286 |
| 68 | ov_068 | 6.065018029214833 × 10^286 |
| 67 | ov_067 | 7.025489079000364 × 10^286 |
| 66 | ov_066 | 7.025494585298329 × 10^286 |
| 65 | ov_065 | 7.025517082541718 × 10^286 |
| 62 | ov_062 | 1.5598341039930066 × 10^287 |
| 61 | ov_061 | 5.690666246291479 × 10^287 |
| 60 | ov_060 | 1.630408974594378 × 10^288 |
| 59 | ov_059 | 3.937335834199306 × 10^288 |
| 58 | ov_058 | 7.996348670884619 × 10^288 |
| 57 | ov_057 | 1.4455711477844276 × 10^289 |
| 56 | ov_056 | 2.4105457021610296 × 10^289 |
| 55 | ov_055 | 3.7877403787072383 × 10^289 |
| 54 | ov_054 | 5.684519249311303 × 10^289 |
| 53 | ov_053 | 8.222435484337337 × 10^289 |
| 52 | ov_052 | 1.1658796356846476 × 10^290 |
| 51 | ov_051 | 1.627933000892535 × 10^290 |
| 50 | ov_050 | 2.239823331930382 × 10^290 |
| 49 | ov_049 | 3.0358242654337478 × 10^290 |
| 48 | ov_048 | 4.053073522244986 × 10^290 |
| 47 | ov_047 | 5.331587256244889 × 10^290 |
| 32 | lv_80_m31 | 6.53959578968673 × 10^290 |
| 46 | ov_046 | 6.914280187117068 × 10^290 |
| 45 | ov_045 | 8.846993359854858 × 10^290 |
| 44 | ov_044 | 1.1178531568553384 × 10^291 |
| 43 | ov_043 | 1.3960712678974624 × 10^291 |
| 42 | ov_042 | 1.7248431284252424 × 10^291 |
| 41 | ov_041 | 2.109973933174908 × 10^291 |
| 40 | ov_040 | 2.554612003048191 × 10^291 |
| 39 | ov_039 | 3.062078103835584 × 10^291 |
| 31 | ov_031 | 3.35422655059274 × 10^291 |
| 38 | ov_038 | 3.6391943825104514 × 10^291 |
| 37 | ov_037 | 4.293153961534106 × 10^291 |
| 36 | ov_036 | 5.031542196036374 × 10^291 |
| 35 | ov_035 | 5.862361672908524 × 10^291 |
| 34 | ov_034 | 6.794061378001013 × 10^291 |
| 33 | ov_033 | 7.83557048531188 × 10^291 |
| 30 | ov_030 | 1.720127861892893 × 10^292 |
| 29 | ov_029 | 5.628095675706751 × 10^292 |
| 28 | ov_028 | 1.46100460188056 × 10^293 |
| 27 | ov_027 | 3.2660307025690558 × 10^293 |
| 26 | ov_026 | 6.532096958974372 × 10^293 |
| 25 | ov_025 | 1.1968190541963389 × 10^294 |
| 24 | ov_024 | 2.043808359342249 × 10^294 |
| 23 | ov_023 | 3.382412550218545 × 10^294 |
| 22 | ov_022 | 5.431832429834434 × 10^294 |
| 21 | ov_021 | 8.442249243242126 × 10^294 |
| 20 | ov_020 | 1.2694851297495908 × 10^295 |
| 19 | ov_019 | 1.8501877475464703 × 10^295 |
| 18 | ov_018 | 2.6206683396892587 × 10^295 |
| 17 | ov_017 | 3.6183837114369567 × 10^295 |
| 16 | ov_016 | 4.883925236637805 × 10^295 |
| 15 | ov_015 | 6.4610369760067 × 10^295 |
| 14 | ov_014 | 8.396640118075296 × 10^295 |
| 13 | ov_013 | 1.0740865807699565 × 10^296 |
| 12 | ov_012 | 1.3547098761974093 × 10^296 |
| 11 | ov_011 | 1.6872034301491069 × 10^296 |
| 10 | ov_010 | 2.0775751653678117 × 10^296 |
| 9 | ov_009 | 2.5321806614752407 × 10^296 |
| 8 | ov_008 | 3.0577346888044764 × 10^296 |
| 7 | ov_007 | 3.6613253649618934 × 10^296 |
| 6 | ov_006 | 4.3504313127932325 × 10^296 |
| 5 | ov_005 | 5.132942222362281 × 10^296 |
| 4 | ov_004 | 6.017183243941408 × 10^296 |
| 3 | ov_003 | 7.0119436341601485 × 10^296 |
| 2 | ov_002 | 8.12651001202535 × 10^296 |
| 1 | ov_001 | 9.370704545165151 × 10^296 |

