# Results for F001-F002-F003-F004-F005-F006-F007-F008-F009-F010-F011-F012-F013-F014-F015-F016-F017-F018-F019-F020-F021-F022-F023-F024-F025-F026-F027-F028-F029-F030-F031-F032-F033-F034-F035-F036-F037-F038-F039-F040-F041-F042-F043-F044-F045-F046-F047-F048-F049-F050-F051-F052-F053-F054-F055-F056-F057-F058-F059-F060-F061-F062-F063-F064-F065-F066-F067-F068-F069-F070-F071-F072-F073-F074-F075-F076-F077-F078-F079-F080-F081-F082-F083-F084-F085-F086-F087-F088-F089-F090-F091-F092-F093-F094-F095-F096-F097-F098-F099-F100-F101-F102-F103-F104-F105-F106-F107-F108-F109-F110-F111-F112-F113-F114-F115-F116-F117-F118-F119-F120-F121-F122-F123-F124-F125-F126-F127-F128-F129-F130-F131-F132-F133-F134-F135-F136-F137-F138-F139-F140-F141-F142-F143-F144-F145-F146-F147-F148-F149-F150-F151-F152-F153-F154-F155-F156-F157-F158-F159-F160-F161-F162-F163-F164-F165-F166-F167-F168-F169-F170-F171-F172-F173-F174-F175-F176-F177-F178-F179-F180-F181-F182-F183-F184-F185-F186-F187-F188-F189-F190-F191-F192-F193-F194-F195-F196-F197-F198-F199-F200-F201-F202-F203-F204-F205-F206-F207-F208-F209-F210-F211-F212-F213-F214-F215-F216-F217-F218-F219-F220-F221-F222-F223-F224-F225-F226-F227-F228-F229-F230-F231-F232-F233-F234-F235-F236-F237-F238-F239-F240-F241-F242-F243-F244-F245-F246-F247-F248-F249-F250-F251-F252-F253-F254-F255-F256-F257-F258-F259-F260-F261-F262-F263-F264-F265-F266-F267-F268-F269-F270-F271-F272-F273-F274-F275-F276-F277-F278-F279-F280-F281-F282-F283-F284-F285-F286-F287-F288-F289-F290-F291-F292-F293-F294-F295-F296-F297-F298-F299-F300-F301-F302-F303-F304-F305-F306-F307-F308-F309-F310-F311-F312-F313-F314-F315-F316-F317-F318-F319-F320-F321-F322-F323-F324-F325-F326-F327-F328-F329-F330-F331-F332-F333-F334-F335-F336-F337-F338-F339-F340-F341-F342-F343-F344-F345-F346-F347-F348-F349-F350-F351-F352-F353-F354-F355-F356-F357-F358-F359-F360-F361-F362-F363-F364-F365-F366-F367-F368-F369-F370-F371-F372-F373-F374-F375-F376-F377-F378-F379-F380-F381-F382-F383-F384-F385-F386-F387-F388-F389-F390-F391-F392-F393-F394-F395-F396-F397-F398-F399-F400-F401-F402-F403-F404-F405-F406-F407-F408-F409-F410-F411-F412-F413-F414-F415-F416-F417-F418-F419-F420-F421-F422-F423-F424-F425-F426-F427-F428-F429-F430-F431-F432-F433-F434-F435-F436-F437-F438-F439-F440-F441-F442-F443-F444-F445-F446-F447-F448-F449-F450-F451-F452-F453-F454-F455-F456-F457-F458-F459-F460-F461-F462-F463-F464-F465-F466-F467-F468-F469-F470-F471-F472-F473-F474-F475-F476-F477-F478-F479-F480-F481-F482-F483-F484-F485-F486-F487-F488-F489-F490-F491-F492-F493-F494-F495-F496-E497507-O500505-F510-F511-F512

## Summary

Number of input bits: 512  
Number of free input bits: 11  
Number of output bits: 160

Number of direct occurrences: 44468  
Number of assignments: 31427  
Number of operations: 11075753
(xor: 11047490,
and: 14850,
or: 13413)

Total complexity: 3.505554987443475 × 10^300

Least occurring input variable: iv_502 (3836)  
Most occurring input variable: iv_500 (4279)

Most co-occurring input variables: iv_508-iv_509 (2068)  
Least co-occurring input variables: iv_499-iv_502 (1737)

Potentially most occurring input variable: iv_497/iv_498 (4592)  
Potentially least occurring input variable: iv_504/iv_506 (4142)

Least output occurring input variable: iv_504 (71)  
Most output occurring input variable: iv_498 (83)

Most output co-occurring input variables: iv_498-iv_501 (45)  
Least output co-occurring input variables: iv_502-iv_509 (29)

Potentially most output occurring input variable: iv_502/iv_509 (98)  
Potentially least output occurring input variable: iv_502/iv_503 (66)

Least complex input bit: iv_498 (1.9969452535710053 × 10^298)  
Most complex input bit: iv_500 (6.550360701265653 × 10^299)

Least complex output bit: aaa_76_29 (2.66624786320652 × 10^275)  
Most complex output bit: ov_001 (5.559857810819912 × 10^299)

Least complex input/output complexity: iv_498/aaa_76_29 (1.518832548439648 × 10^273)  
Most complex input/output complexity: iv_500/ov_001 (1.0388961017319327 × 10^299)

## Input Bits

### Input Bits in Regular Order

| Input Bit | Complexity | Occurrences | Output Occurrences |
|:---------:|:----------:|:-----------:|:------------------:|
| iv_497 | 4.425666608131904 × 10^299 | 4216 | 78 |
| iv_498 | 1.9969452535710053 × 10^298 | 3930 | 83 |
| iv_499 | 3.512013269401868 × 10^298 | 3888 | 72 |
| iv_500 | 6.550360701265653 × 10^299 | 4279 | 79 |
| iv_501 | 9.722420124557896 × 10^298 | 4042 | 82 |
| iv_502 | 1.5710789478641603 × 10^299 | 3836 | 75 |
| iv_503 | 2.4963711021332686 × 10^299 | 4033 | 73 |
| iv_504 | 3.891503484836662 × 10^299 | 3919 | 71 |
| iv_506 | 3.015096119612909 × 10^299 | 3943 | 80 |
| iv_508 | 5.748802900468047 × 10^299 | 4175 | 73 |
| iv_509 | 5.833532145369088 × 10^299 | 4207 | 81 |

### Input Bits Sorted by Complexity

| Input Bit | Complexity | Occurrences | Output Occurrences |
|:---------:|:----------:|:-----------:|:------------------:|
| iv_498 | 1.9969452535710053 × 10^298 | 3930 | 83 |
| iv_499 | 3.512013269401868 × 10^298 | 3888 | 72 |
| iv_501 | 9.722420124557896 × 10^298 | 4042 | 82 |
| iv_502 | 1.5710789478641603 × 10^299 | 3836 | 75 |
| iv_503 | 2.4963711021332686 × 10^299 | 4033 | 73 |
| iv_506 | 3.015096119612909 × 10^299 | 3943 | 80 |
| iv_504 | 3.891503484836662 × 10^299 | 3919 | 71 |
| iv_497 | 4.425666608131904 × 10^299 | 4216 | 78 |
| iv_508 | 5.748802900468047 × 10^299 | 4175 | 73 |
| iv_509 | 5.833532145369088 × 10^299 | 4207 | 81 |
| iv_500 | 6.550360701265653 × 10^299 | 4279 | 79 |

### Input Bits Sorted by Occurrences

| Input Bit | Complexity | Occurrences | Output Occurrences |
|:---------:|:----------:|:-----------:|:------------------:|
| iv_502 | 1.5710789478641603 × 10^299 | 3836 | 75 |
| iv_499 | 3.512013269401868 × 10^298 | 3888 | 72 |
| iv_504 | 3.891503484836662 × 10^299 | 3919 | 71 |
| iv_498 | 1.9969452535710053 × 10^298 | 3930 | 83 |
| iv_506 | 3.015096119612909 × 10^299 | 3943 | 80 |
| iv_503 | 2.4963711021332686 × 10^299 | 4033 | 73 |
| iv_501 | 9.722420124557896 × 10^298 | 4042 | 82 |
| iv_508 | 5.748802900468047 × 10^299 | 4175 | 73 |
| iv_509 | 5.833532145369088 × 10^299 | 4207 | 81 |
| iv_497 | 4.425666608131904 × 10^299 | 4216 | 78 |
| iv_500 | 6.550360701265653 × 10^299 | 4279 | 79 |

### Input Bits Sorted by Output Occurrences

| Input Bit | Complexity | Occurrences | Output Occurrences |
|:---------:|:----------:|:-----------:|:------------------:|
| iv_504 | 3.891503484836662 × 10^299 | 3919 | 71 |
| iv_499 | 3.512013269401868 × 10^298 | 3888 | 72 |
| iv_508 | 5.748802900468047 × 10^299 | 4175 | 73 |
| iv_503 | 2.4963711021332686 × 10^299 | 4033 | 73 |
| iv_502 | 1.5710789478641603 × 10^299 | 3836 | 75 |
| iv_497 | 4.425666608131904 × 10^299 | 4216 | 78 |
| iv_500 | 6.550360701265653 × 10^299 | 4279 | 79 |
| iv_506 | 3.015096119612909 × 10^299 | 3943 | 80 |
| iv_509 | 5.833532145369088 × 10^299 | 4207 | 81 |
| iv_501 | 9.722420124557896 × 10^298 | 4042 | 82 |
| iv_498 | 1.9969452535710053 × 10^298 | 3930 | 83 |

## Input Bit Co-occurrences

### Input Bit Co-occurrences Sorted by Co-occurrences

| Input Bits | Co-occurrences | Potential Occurrences | Output Co-occurrences | Potential Output Occurrences |
|:----------:|:--------------:|:---------------------:|:---------------------:|:----------------------------:|
| iv_508-iv_509 | 2068 | 4246 | 37 | 80 |
| iv_500-iv_501 | 1999 | 4323 | 40 | 81 |
| iv_500-iv_509 | 1996 | 4494 | 37 | 86 |
| iv_501-iv_509 | 1993 | 4263 | 40 | 83 |
| iv_497-iv_500 | 1990 | 4515 | 39 | 79 |
| iv_500-iv_506 | 1969 | 4284 | 40 | 79 |
| iv_503-iv_509 | 1963 | 4314 | 30 | 94 |
| iv_500-iv_508 | 1960 | 4534 | 38 | 76 |
| iv_497-iv_508 | 1953 | 4485 | 33 | 85 |
| iv_500-iv_503 | 1946 | 4420 | 36 | 80 |
| iv_506-iv_509 | 1944 | 4262 | 40 | 81 |

### Input Bit Co-occurrences Sorted by Potential Occurrences

| Input Bits | Co-occurrences | Potential Occurrences | Output Co-occurrences | Potential Output Occurrences |
|:----------:|:--------------:|:---------------------:|:---------------------:|:----------------------------:|
| iv_504-iv_506 | 1860 | 4142 | 35 | 81 |
| iv_499-iv_504 | 1831 | 4145 | 29 | 85 |
| iv_498-iv_504 | 1848 | 4153 | 42 | 70 |
| iv_499-iv_501 | 1874 | 4182 | 36 | 82 |
| iv_501-iv_503 | 1943 | 4189 | 43 | 69 |
| iv_498-iv_506 | 1841 | 4191 | 38 | 87 |
| iv_502-iv_506 | 1789 | 4201 | 38 | 79 |
| iv_498-iv_499 | 1807 | 4204 | 39 | 77 |
| iv_502-iv_504 | 1775 | 4205 | 34 | 78 |
| iv_501-iv_502 | 1833 | 4212 | 41 | 75 |
| iv_499-iv_508 | 1921 | 4221 | 34 | 77 |

### Input Bit Output Co-occurrences Sorted by Output Co-occurrences

| Input Bits | Co-occurrences | Potential Occurrences | Output Co-occurrences | Potential Output Occurrences |
|:----------:|:--------------:|:---------------------:|:---------------------:|:----------------------------:|
| iv_497-iv_498 | 1777 | 4592 | 45 | 71 |
| iv_498-iv_501 | 1851 | 4270 | 45 | 75 |
| iv_497-iv_509 | 1924 | 4575 | 44 | 71 |
| iv_498-iv_503 | 1853 | 4257 | 43 | 70 |
| iv_498-iv_509 | 1872 | 4393 | 43 | 78 |
| iv_501-iv_503 | 1943 | 4189 | 43 | 69 |
| iv_499-iv_506 | 1781 | 4269 | 42 | 68 |
| iv_501-iv_506 | 1843 | 4299 | 42 | 78 |
| iv_498-iv_500 | 1941 | 4327 | 42 | 78 |
| iv_498-iv_502 | 1750 | 4266 | 42 | 74 |
| iv_498-iv_504 | 1848 | 4153 | 42 | 70 |

### Input Bit Output Co-occurrences Sorted by Potential Output Occurrences

| Input Bits | Co-occurrences | Potential Occurrences | Output Co-occurrences | Potential Output Occurrences |
|:----------:|:--------------:|:---------------------:|:---------------------:|:----------------------------:|
| iv_502-iv_503 | 1788 | 4293 | 41 | 66 |
| iv_499-iv_506 | 1781 | 4269 | 42 | 68 |
| iv_501-iv_503 | 1943 | 4189 | 43 | 69 |
| iv_498-iv_503 | 1853 | 4257 | 43 | 70 |
| iv_498-iv_504 | 1848 | 4153 | 42 | 70 |
| iv_497-iv_498 | 1777 | 4592 | 45 | 71 |
| iv_497-iv_509 | 1924 | 4575 | 44 | 71 |
| iv_504-iv_508 | 1928 | 4238 | 36 | 72 |
| iv_497-iv_499 | 1881 | 4342 | 38 | 74 |
| iv_498-iv_502 | 1750 | 4266 | 42 | 74 |
| iv_501-iv_502 | 1833 | 4212 | 41 | 75 |

## Output Bits

### Output Bits in Regular Order

| Rank | Output Bit | Complexity |
|:----:|:----------:|:----------:|
| 1 | ov_001 | 5.559857810819912 × 10^299 |
| 2 | ov_002 | 4.828121368973086 × 10^299 |
| 3 | ov_003 | 4.17201647462121 × 10^299 |
| 4 | ov_004 | 3.5858414717204705 × 10^299 |
| 5 | ov_005 | 3.0642055095650005 × 10^299 |
| 6 | ov_006 | 2.6020065253605595 × 10^299 |
| 7 | ov_007 | 2.1944120861122086 × 10^299 |
| 8 | ov_008 | 1.8368428590669613 × 10^299 |
| 9 | ov_009 | 1.5249584948148693 × 10^299 |
| 10 | ov_010 | 1.2546456883201002 × 10^299 |
| 11 | ov_011 | 1.0220081804869078 × 10^299 |
| 12 | ov_012 | 8.23358476448315 × 10^298 |
| 13 | ov_013 | 6.552110700826254 × 10^298 |
| 14 | ov_014 | 5.142769773753835 × 10^298 |
| 15 | ov_015 | 3.9745939420266063 × 10^298 |
| 16 | ov_016 | 3.018503069565245 × 10^298 |
| 17 | ov_017 | 2.247278971976047 × 10^298 |
| 18 | ov_018 | 1.635545942274461 × 10^298 |
| 19 | ov_019 | 1.1597564214281698 × 10^298 |
| 20 | ov_020 | 7.98180605780638 × 10^297 |
| 21 | ov_021 | 5.308989615239905 × 10^297 |
| 22 | ov_022 | 3.3979689018542856 × 10^297 |
| 23 | ov_023 | 2.0856103918913997 × 10^297 |
| 24 | ov_024 | 1.2267687431533985 × 10^297 |
| 25 | ov_025 | 6.94271939106076 × 10^296 |
| 26 | ov_026 | 3.789131475731378 × 10^296 |
| 27 | ov_027 | 1.8944688896169903 × 10^296 |
| 28 | ov_028 | 8.474048016415667 × 10^295 |
| 29 | ov_029 | 3.2640965915703566 × 10^295 |
| 30 | ov_030 | 9.975017678761939 × 10^294 |
| 31 | ov_031 | 1.9448017749924124 × 10^294 |
| 32 | lv_80_m31 | 3.790983426966748 × 10^293 |
| 33 | ov_033 | 4.5452664347835335 × 10^294 |
| 34 | ov_034 | 3.941154941828182 × 10^294 |
| 35 | ov_035 | 3.4005002203228584 × 10^294 |
| 36 | ov_036 | 2.9183232587195173 × 10^294 |
| 37 | ov_037 | 2.4899148545980828 × 10^294 |
| 38 | ov_038 | 2.110816511878924 × 10^294 |
| 39 | ov_039 | 1.776803899519561 × 10^294 |
| 40 | ov_040 | 1.4838726307086027 × 10^294 |
| 41 | ov_041 | 1.2282261341804914 × 10^294 |
| 42 | ov_042 | 1.0062654015917515 × 10^294 |
| 43 | ov_043 | 8.162391486154938 × 10^293 |
| 44 | ov_044 | 6.549192309571224 × 10^293 |
| 45 | ov_045 | 5.192535847054692 × 10^293 |
| 46 | ov_046 | 4.063615553313639 × 10^293 |
| 47 | ov_047 | 3.1353019926388238 × 10^293 |
| 48 | ov_048 | 2.382114115310347 × 10^293 |
| 49 | ov_049 | 1.780197440680831 × 10^293 |
| 50 | ov_050 | 1.3073079033557304 × 10^293 |
| 51 | ov_051 | 9.428002286816956 × 10^292 |
| 52 | ov_052 | 6.676198130924356 × 10^292 |
| 53 | ov_053 | 4.642971938732269 × 10^292 |
| 54 | ov_054 | 3.169443385318006 × 10^292 |
| 55 | ov_055 | 2.112521963430026 × 10^292 |
| 56 | ov_056 | 1.3448914658616876 × 10^292 |
| 57 | ov_057 | 8.068358926502786 × 10^291 |
| 58 | ov_058 | 4.465201099587801 × 10^291 |
| 59 | ov_059 | 2.1998812213825453 × 10^291 |
| 60 | ov_060 | 9.116229191266128 × 10^290 |
| 61 | ov_061 | 3.1843060703647332 × 10^290 |
| 62 | ov_062 | 8.734961482189347 × 10^289 |
| 63 | ov_063 | 1.7024377816569885 × 10^289 |
| 64 | lv_79_m31 | 3.3172783954529387 × 10^288 |
| 65 | ov_065 | 3.9485203136575887 × 10^289 |
| 66 | ov_066 | 3.948510735511268 × 10^289 |
| 67 | ov_067 | 3.9485084853847457 × 10^289 |
| 68 | ov_068 | 3.418152210323923 × 10^289 |
| 69 | ov_069 | 2.9435049231693703 × 10^289 |
| 70 | ov_070 | 2.52040137749611 × 10^289 |
| 71 | ov_071 | 2.1448748151144418 × 10^289 |
| 72 | ov_072 | 1.813146975420503 × 10^289 |
| 73 | ov_073 | 1.5216202109050197 × 10^289 |
| 74 | ov_074 | 1.2668710689281497 × 10^289 |
| 75 | ov_075 | 1.0456447994947426 × 10^289 |
| 76 | ov_076 | 8.548504749185708 × 10^288 |
| 77 | ov_077 | 6.915566211128832 × 10^288 |
| 78 | ov_078 | 5.5298733060036175 × 10^288 |
| 79 | ov_079 | 4.365188278753738 × 10^288 |
| 80 | ov_080 | 3.396764581653432 × 10^288 |
| 81 | ov_081 | 2.6013207094828722 × 10^288 |
| 82 | ov_082 | 1.9570176981038175 × 10^288 |
| 83 | ov_083 | 1.4434400038918026 × 10^288 |
| 84 | ov_084 | 1.0415794826109379 × 10^288 |
| 85 | ov_085 | 7.338221870950117 × 10^287 |
| 86 | ov_086 | 5.03937703625405 × 10^287 |
| 87 | ov_087 | 3.3707074724273928 × 10^287 |
| 88 | ov_088 | 2.197347364458367 × 10^287 |
| 89 | ov_089 | 1.3980706785784736 × 10^287 |
| 90 | ov_090 | 8.652581150648883 × 10^286 |
| 91 | ov_091 | 5.04875473975059 × 10^286 |
| 92 | ov_092 | 2.732998520232058 × 10^286 |
| 93 | ov_093 | 1.3369206130521303 × 10^286 |
| 94 | ov_094 | 5.599432770788794 × 10^285 |
| 95 | aaa_78_28 | 1.69293499817773 × 10^285 |
| 96 | aaa_78_29 | 5.030316227120732 × 10^284 |
| 97 | ov_097 | 2.8304625880120127 × 10^284 |
| 98 | ov_098 | 2.830416122316872 × 10^284 |
| 99 | ov_099 | 2.830401255331237 × 10^284 |
| 100 | ov_100 | 2.3108386559713074 × 10^284 |
| 101 | ov_101 | 1.881391499435508 × 10^284 |
| 102 | ov_102 | 1.5306638290865594 × 10^284 |
| 103 | ov_103 | 1.2478871540972214 × 10^284 |
| 104 | ov_104 | 1.0228745017599537 × 10^284 |
| 105 | ov_105 | 8.459804361333311 × 10^283 |
| 106 | ov_106 | 7.080665001093042 × 10^283 |
| 107 | ov_107 | 6.004715659890753 × 10^283 |
| 108 | ov_108 | 5.14986606655633 × 10^283 |
| 109 | ov_109 | 4.438334256265221 × 10^283 |
| 110 | ov_110 | 3.7964690983199115 × 10^283 |
| 111 | ov_111 | 3.220405217425108 × 10^283 |
| 112 | ov_112 | 2.7063727079057625 × 10^283 |
| 113 | ov_113 | 2.250676876950473 × 10^283 |
| 114 | ov_114 | 1.8496811231476318 × 10^283 |
| 115 | ov_115 | 1.4997927096877015 × 10^283 |
| 116 | ov_116 | 1.197451192056744 × 10^283 |
| 117 | ov_117 | 9.391192603109058 × 10^282 |
| 118 | ov_118 | 7.212757561838007 × 10^282 |
| 119 | ov_119 | 5.404106253842598 × 10^282 |
| 120 | ov_120 | 3.930213984731622 × 10^282 |
| 121 | ov_121 | 2.7561065664955043 × 10^282 |
| 122 | ov_122 | 1.8468416571030178 × 10^282 |
| 123 | ov_123 | 1.1674955843175299 × 10^282 |
| 124 | ov_124 | 6.831544562508693 × 10^281 |
| 125 | ov_125 | 3.58908653294829 × 10^281 |
| 126 | ov_126 | 1.5985001792048293 × 10^281 |
| 127 | aaa_77_28 | 5.107077572958862 × 10^280 |
| 128 | aaa_77_29 | 1.9162434067741319 × 10^280 |
| 129 | ov_129 | 1.7689625276064089 × 10^280 |
| 130 | ov_130 | 1.7689573350969813 × 10^280 |
| 131 | ov_131 | 1.7689560797791594 × 10^280 |
| 132 | ov_132 | 1.535279021733585 × 10^280 |
| 133 | ov_133 | 1.3255542045302084 × 10^280 |
| 134 | ov_134 | 1.1379161294623147 × 10^280 |
| 135 | ov_135 | 9.705988907956431 × 10^279 |
| 136 | ov_136 | 8.219290344322088 × 10^279 |
| 137 | ov_137 | 6.910921189575586 × 10^279 |
| 138 | ov_138 | 5.76582063682762 × 10^279 |
| 139 | ov_139 | 4.7696942322732583 × 10^279 |
| 140 | ov_140 | 3.908976828010922 × 10^279 |
| 141 | ov_141 | 3.170801979883636 × 10^279 |
| 142 | ov_142 | 2.542977023480638 × 10^279 |
| 143 | ov_143 | 2.0139631060644882 × 10^279 |
| 144 | ov_144 | 1.572859496419154 × 10^279 |
| 145 | ov_145 | 1.2093915385809637 × 10^279 |
| 146 | ov_146 | 9.139016592125285 × 10^278 |
| 147 | ov_147 | 6.773428820722814 × 10^278 |
| 148 | ov_148 | 4.912743466565004 × 10^278 |
| 149 | ov_149 | 3.478583716675376 × 10^278 |
| 150 | ov_150 | 2.3985864750453523 × 10^278 |
| 151 | ov_151 | 1.6063918549083541 × 10^278 |
| 152 | ov_152 | 1.0416371016614905 × 10^278 |
| 153 | ov_153 | 6.499527947804373 × 10^277 |
| 154 | ov_154 | 3.8296030128427945 × 10^277 |
| 155 | ov_155 | 1.982701051868042 × 10^277 |
| 156 | aaa_76_25 | 7.618459444749088 × 10^276 |
| 157 | aaa_76_26 | 4.399370960758955 × 10^276 |
| 158 | aaa_76_27 | 2.251922499354144 × 10^276 |
| 159 | aaa_76_28 | 8.76752500906762 × 10^275 |
| 160 | aaa_76_29 | 2.66624786320652 × 10^275 |

### Output Bits Sorted by Complexity

| Rank | Output Bit | Complexity |
|:----:|:----------:|:----------:|
| 160 | aaa_76_29 | 2.66624786320652 × 10^275 |
| 159 | aaa_76_28 | 8.76752500906762 × 10^275 |
| 158 | aaa_76_27 | 2.251922499354144 × 10^276 |
| 157 | aaa_76_26 | 4.399370960758955 × 10^276 |
| 156 | aaa_76_25 | 7.618459444749088 × 10^276 |
| 155 | ov_155 | 1.982701051868042 × 10^277 |
| 154 | ov_154 | 3.8296030128427945 × 10^277 |
| 153 | ov_153 | 6.499527947804373 × 10^277 |
| 152 | ov_152 | 1.0416371016614905 × 10^278 |
| 151 | ov_151 | 1.6063918549083541 × 10^278 |
| 150 | ov_150 | 2.3985864750453523 × 10^278 |
| 149 | ov_149 | 3.478583716675376 × 10^278 |
| 148 | ov_148 | 4.912743466565004 × 10^278 |
| 147 | ov_147 | 6.773428820722814 × 10^278 |
| 146 | ov_146 | 9.139016592125285 × 10^278 |
| 145 | ov_145 | 1.2093915385809637 × 10^279 |
| 144 | ov_144 | 1.572859496419154 × 10^279 |
| 143 | ov_143 | 2.0139631060644882 × 10^279 |
| 142 | ov_142 | 2.542977023480638 × 10^279 |
| 141 | ov_141 | 3.170801979883636 × 10^279 |
| 140 | ov_140 | 3.908976828010922 × 10^279 |
| 139 | ov_139 | 4.7696942322732583 × 10^279 |
| 138 | ov_138 | 5.76582063682762 × 10^279 |
| 137 | ov_137 | 6.910921189575586 × 10^279 |
| 136 | ov_136 | 8.219290344322088 × 10^279 |
| 135 | ov_135 | 9.705988907956431 × 10^279 |
| 134 | ov_134 | 1.1379161294623147 × 10^280 |
| 133 | ov_133 | 1.3255542045302084 × 10^280 |
| 132 | ov_132 | 1.535279021733585 × 10^280 |
| 131 | ov_131 | 1.7689560797791594 × 10^280 |
| 130 | ov_130 | 1.7689573350969813 × 10^280 |
| 129 | ov_129 | 1.7689625276064089 × 10^280 |
| 128 | aaa_77_29 | 1.9162434067741319 × 10^280 |
| 127 | aaa_77_28 | 5.107077572958862 × 10^280 |
| 126 | ov_126 | 1.5985001792048293 × 10^281 |
| 125 | ov_125 | 3.58908653294829 × 10^281 |
| 124 | ov_124 | 6.831544562508693 × 10^281 |
| 123 | ov_123 | 1.1674955843175299 × 10^282 |
| 122 | ov_122 | 1.8468416571030178 × 10^282 |
| 121 | ov_121 | 2.7561065664955043 × 10^282 |
| 120 | ov_120 | 3.930213984731622 × 10^282 |
| 119 | ov_119 | 5.404106253842598 × 10^282 |
| 118 | ov_118 | 7.212757561838007 × 10^282 |
| 117 | ov_117 | 9.391192603109058 × 10^282 |
| 116 | ov_116 | 1.197451192056744 × 10^283 |
| 115 | ov_115 | 1.4997927096877015 × 10^283 |
| 114 | ov_114 | 1.8496811231476318 × 10^283 |
| 113 | ov_113 | 2.250676876950473 × 10^283 |
| 112 | ov_112 | 2.7063727079057625 × 10^283 |
| 111 | ov_111 | 3.220405217425108 × 10^283 |
| 110 | ov_110 | 3.7964690983199115 × 10^283 |
| 109 | ov_109 | 4.438334256265221 × 10^283 |
| 108 | ov_108 | 5.14986606655633 × 10^283 |
| 107 | ov_107 | 6.004715659890753 × 10^283 |
| 106 | ov_106 | 7.080665001093042 × 10^283 |
| 105 | ov_105 | 8.459804361333311 × 10^283 |
| 104 | ov_104 | 1.0228745017599537 × 10^284 |
| 103 | ov_103 | 1.2478871540972214 × 10^284 |
| 102 | ov_102 | 1.5306638290865594 × 10^284 |
| 101 | ov_101 | 1.881391499435508 × 10^284 |
| 100 | ov_100 | 2.3108386559713074 × 10^284 |
| 99 | ov_099 | 2.830401255331237 × 10^284 |
| 98 | ov_098 | 2.830416122316872 × 10^284 |
| 97 | ov_097 | 2.8304625880120127 × 10^284 |
| 96 | aaa_78_29 | 5.030316227120732 × 10^284 |
| 95 | aaa_78_28 | 1.69293499817773 × 10^285 |
| 94 | ov_094 | 5.599432770788794 × 10^285 |
| 93 | ov_093 | 1.3369206130521303 × 10^286 |
| 92 | ov_092 | 2.732998520232058 × 10^286 |
| 91 | ov_091 | 5.04875473975059 × 10^286 |
| 90 | ov_090 | 8.652581150648883 × 10^286 |
| 89 | ov_089 | 1.3980706785784736 × 10^287 |
| 88 | ov_088 | 2.197347364458367 × 10^287 |
| 87 | ov_087 | 3.3707074724273928 × 10^287 |
| 86 | ov_086 | 5.03937703625405 × 10^287 |
| 85 | ov_085 | 7.338221870950117 × 10^287 |
| 84 | ov_084 | 1.0415794826109379 × 10^288 |
| 83 | ov_083 | 1.4434400038918026 × 10^288 |
| 82 | ov_082 | 1.9570176981038175 × 10^288 |
| 81 | ov_081 | 2.6013207094828722 × 10^288 |
| 64 | lv_79_m31 | 3.3172783954529387 × 10^288 |
| 80 | ov_080 | 3.396764581653432 × 10^288 |
| 79 | ov_079 | 4.365188278753738 × 10^288 |
| 78 | ov_078 | 5.5298733060036175 × 10^288 |
| 77 | ov_077 | 6.915566211128832 × 10^288 |
| 76 | ov_076 | 8.548504749185708 × 10^288 |
| 75 | ov_075 | 1.0456447994947426 × 10^289 |
| 74 | ov_074 | 1.2668710689281497 × 10^289 |
| 73 | ov_073 | 1.5216202109050197 × 10^289 |
| 63 | ov_063 | 1.7024377816569885 × 10^289 |
| 72 | ov_072 | 1.813146975420503 × 10^289 |
| 71 | ov_071 | 2.1448748151144418 × 10^289 |
| 70 | ov_070 | 2.52040137749611 × 10^289 |
| 69 | ov_069 | 2.9435049231693703 × 10^289 |
| 68 | ov_068 | 3.418152210323923 × 10^289 |
| 67 | ov_067 | 3.9485084853847457 × 10^289 |
| 66 | ov_066 | 3.948510735511268 × 10^289 |
| 65 | ov_065 | 3.9485203136575887 × 10^289 |
| 62 | ov_062 | 8.734961482189347 × 10^289 |
| 61 | ov_061 | 3.1843060703647332 × 10^290 |
| 60 | ov_060 | 9.116229191266128 × 10^290 |
| 59 | ov_059 | 2.1998812213825453 × 10^291 |
| 58 | ov_058 | 4.465201099587801 × 10^291 |
| 57 | ov_057 | 8.068358926502786 × 10^291 |
| 56 | ov_056 | 1.3448914658616876 × 10^292 |
| 55 | ov_055 | 2.112521963430026 × 10^292 |
| 54 | ov_054 | 3.169443385318006 × 10^292 |
| 53 | ov_053 | 4.642971938732269 × 10^292 |
| 52 | ov_052 | 6.676198130924356 × 10^292 |
| 51 | ov_051 | 9.428002286816956 × 10^292 |
| 50 | ov_050 | 1.3073079033557304 × 10^293 |
| 49 | ov_049 | 1.780197440680831 × 10^293 |
| 48 | ov_048 | 2.382114115310347 × 10^293 |
| 47 | ov_047 | 3.1353019926388238 × 10^293 |
| 32 | lv_80_m31 | 3.790983426966748 × 10^293 |
| 46 | ov_046 | 4.063615553313639 × 10^293 |
| 45 | ov_045 | 5.192535847054692 × 10^293 |
| 44 | ov_044 | 6.549192309571224 × 10^293 |
| 43 | ov_043 | 8.162391486154938 × 10^293 |
| 42 | ov_042 | 1.0062654015917515 × 10^294 |
| 41 | ov_041 | 1.2282261341804914 × 10^294 |
| 40 | ov_040 | 1.4838726307086027 × 10^294 |
| 39 | ov_039 | 1.776803899519561 × 10^294 |
| 31 | ov_031 | 1.9448017749924124 × 10^294 |
| 38 | ov_038 | 2.110816511878924 × 10^294 |
| 37 | ov_037 | 2.4899148545980828 × 10^294 |
| 36 | ov_036 | 2.9183232587195173 × 10^294 |
| 35 | ov_035 | 3.4005002203228584 × 10^294 |
| 34 | ov_034 | 3.941154941828182 × 10^294 |
| 33 | ov_033 | 4.5452664347835335 × 10^294 |
| 30 | ov_030 | 9.975017678761939 × 10^294 |
| 29 | ov_029 | 3.2640965915703566 × 10^295 |
| 28 | ov_028 | 8.474048016415667 × 10^295 |
| 27 | ov_027 | 1.8944688896169903 × 10^296 |
| 26 | ov_026 | 3.789131475731378 × 10^296 |
| 25 | ov_025 | 6.94271939106076 × 10^296 |
| 24 | ov_024 | 1.2267687431533985 × 10^297 |
| 23 | ov_023 | 2.0856103918913997 × 10^297 |
| 22 | ov_022 | 3.3979689018542856 × 10^297 |
| 21 | ov_021 | 5.308989615239905 × 10^297 |
| 20 | ov_020 | 7.98180605780638 × 10^297 |
| 19 | ov_019 | 1.1597564214281698 × 10^298 |
| 18 | ov_018 | 1.635545942274461 × 10^298 |
| 17 | ov_017 | 2.247278971976047 × 10^298 |
| 16 | ov_016 | 3.018503069565245 × 10^298 |
| 15 | ov_015 | 3.9745939420266063 × 10^298 |
| 14 | ov_014 | 5.142769773753835 × 10^298 |
| 13 | ov_013 | 6.552110700826254 × 10^298 |
| 12 | ov_012 | 8.23358476448315 × 10^298 |
| 11 | ov_011 | 1.0220081804869078 × 10^299 |
| 10 | ov_010 | 1.2546456883201002 × 10^299 |
| 9 | ov_009 | 1.5249584948148693 × 10^299 |
| 8 | ov_008 | 1.8368428590669613 × 10^299 |
| 7 | ov_007 | 2.1944120861122086 × 10^299 |
| 6 | ov_006 | 2.6020065253605595 × 10^299 |
| 5 | ov_005 | 3.0642055095650005 × 10^299 |
| 4 | ov_004 | 3.5858414717204705 × 10^299 |
| 3 | ov_003 | 4.17201647462121 × 10^299 |
| 2 | ov_002 | 4.828121368973086 × 10^299 |
| 1 | ov_001 | 5.559857810819912 × 10^299 |

