# Results for F001-F002-F003-F004-F005-F006-F007-F008-F009-F010-F011-F012-F013-F014-F015-F016-F017-F018-F019-F020-F021-F022-F023-F024-F025-F026-F027-F028-F029-F030-F031-F032-F033-F034-F035-F036-F037-F038-F039-F040-F041-F042-F043-F044-F045-F046-F047-F048-F049-F050-F051-F052-F053-F054-F055-F056-F057-F058-F059-F060-F061-F062-F063-F064-F065-F066-F067-F068-F069-F070-F071-F072-F073-F074-F075-F076-F077-F078-F079-F080-F081-F082-F083-F084-F085-F086-F087-F088-F089-F090-F091-F092-F093-F094-F095-F096-F097-F098-F099-F100-F101-F102-F103-F104-F105-F106-F107-F108-F109-F110-F111-F112-F113-F114-F115-F116-F117-F118-F119-F120-F121-F122-F123-F124-F125-F126-F127-F128-F129-F130-F131-F132-F133-F134-F135-F136-F137-F138-F139-F140-F141-F142-F143-F144-F145-F146-F147-F148-F149-F150-F151-F152-F153-F154-F155-F156-F157-F158-F159-F160-F161-F162-F163-F164-F165-F166-F167-F168-F169-F170-F171-F172-F173-F174-F175-F176-F177-F178-F179-F180-F181-F182-F183-F184-F185-F186-F187-F188-F189-F190-F191-F192-F193-F194-F195-F196-F197-F198-F199-F200-F201-F202-F203-F204-F205-F206-F207-F208-F209-F210-F211-F212-F213-F214-F215-F216-F217-F218-F219-F220-F221-F222-F223-F224-F225-F226-F227-F228-F229-F230-F231-F232-F233-F234-F235-F236-F237-F238-F239-F240-F241-F242-F243-F244-F245-F246-F247-F248-F249-F250-F251-F252-F253-F254-F255-F256-F257-F258-F259-F260-F261-F262-F263-F264-F265-F266-F267-F268-F269-F270-F271-F272-F273-F274-F275-F276-F277-F278-F279-F280-F281-F282-F283-F284-F285-F286-F287-F288-F289-F290-F291-F292-F293-F294-F295-F296-F297-F298-F299-F300-F301-F302-F303-F304-F305-F306-F307-F308-F309-F310-F311-F312-F313-F314-F315-F316-F317-F318-F319-F320-F321-F322-F323-F324-F325-F326-F327-F328-F329-F330-F331-F332-F333-F334-F335-F336-F337-F338-F339-F340-F341-F342-F343-F344-F345-F346-F347-F348-F349-F350-F351-F352-F353-F354-F355-F356-F357-F358-F359-F360-F361-F362-F363-F364-F365-F366-F367-F368-F369-F370-F371-F372-F373-F374-F375-F376-F377-F378-F379-F380-F381-F382-F383-F384-F385-F386-F387-F388-F389-F390-F391-F392-F393-F394-F395-F396-F397-F398-F399-F400-F401-F402-F403-F404-F405-F406-F407-F408-F409-F410-F411-F412-F413-F414-F415-F416-F417-F418-F419-F420-F421-F422-F423-F424-F425-F426-F427-F428-F429-F430-F431-F432-F433-F434-F435-F436-F437-F438-F439-F440-F441-F442-F443-F444-F445-F446-F447-F448-F449-F450-F451-F452-F453-F454-F455-F456-F457-F458-F459-F460-F461-F462-F463-F464-F465-F466-F467-F468-F469-F470-F471-F472-F473-F474-F475-F476-F477-F478-F479-F480-F481-F482-F483-F484-F485-F486-F487-F488-F489-F490-F491-F492-F493-F494-F495-F496-T499-F505-F510-F511-F512

## Summary

Number of input bits: 512  
Number of free input bits: 11  
Number of output bits: 160

Number of direct occurrences: 45378  
Number of assignments: 31321  
Number of operations: 11220006
(xor: 11191735,
and: 14904,
or: 13367)

Total complexity: 2.5783069091441645 × 10^302

Least occurring input variable: iv_498 (3921)  
Most occurring input variable: iv_501 (4285)

Most co-occurring input variables: iv_501-iv_502 (2150)  
Least co-occurring input variables: iv_498-iv_500 (1805)

Potentially most occurring input variable: iv_497/iv_508 (4574)  
Potentially least occurring input variable: iv_501/iv_502 (4115)

Least output occurring input variable: iv_503 (71)  
Most output occurring input variable: iv_507 (88)

Most output co-occurring input variables: iv_498-iv_506 (51)  
Least output co-occurring input variables: iv_503-iv_504 (32)

Potentially most output occurring input variable: iv_507/iv_508 (92)  
Potentially least output occurring input variable: iv_498/iv_506 (64)

Least complex input bit: iv_497 (8.245924913448262 × 10^299)  
Most complex input bit: iv_509 (6.603574577992371 × 10^301)

Least complex output bit: aaa_76_29 (2.3611487166097565 × 10^277)  
Most complex output bit: ov_001 (4.0893995919400776 × 10^301)

Least complex input/output complexity: iv_497/aaa_76_29 (7.55141095018497 × 10^274)  
Most complex input/output complexity: iv_509/ov_001 (1.0473793902818087 × 10^301)

## Input Bits

### Input Bits in Regular Order

| Input Bit | Complexity | Occurrences | Output Occurrences |
|:---------:|:----------:|:-----------:|:------------------:|
| iv_497 | 8.245924913448262 × 10^299 | 4136 | 81 |
| iv_498 | 1.160245613416696 × 10^300 | 3921 | 79 |
| iv_500 | 5.2482715905982765 × 10^300 | 4116 | 73 |
| iv_501 | 1.0739102085082383 × 10^301 | 4285 | 81 |
| iv_502 | 1.9563980289916086 × 10^301 | 4130 | 80 |
| iv_503 | 1.3847967835076302 × 10^301 | 4139 | 71 |
| iv_504 | 7.232478876272517 × 10^300 | 4035 | 79 |
| iv_506 | 2.4428755231586236 × 10^301 | 4067 | 87 |
| iv_507 | 4.389091185763931 × 10^301 | 4216 | 88 |
| iv_508 | 6.485863926355989 × 10^301 | 4134 | 86 |
| iv_509 | 6.603574577992371 × 10^301 | 4199 | 81 |

### Input Bits Sorted by Complexity

| Input Bit | Complexity | Occurrences | Output Occurrences |
|:---------:|:----------:|:-----------:|:------------------:|
| iv_497 | 8.245924913448262 × 10^299 | 4136 | 81 |
| iv_498 | 1.160245613416696 × 10^300 | 3921 | 79 |
| iv_500 | 5.2482715905982765 × 10^300 | 4116 | 73 |
| iv_504 | 7.232478876272517 × 10^300 | 4035 | 79 |
| iv_501 | 1.0739102085082383 × 10^301 | 4285 | 81 |
| iv_503 | 1.3847967835076302 × 10^301 | 4139 | 71 |
| iv_502 | 1.9563980289916086 × 10^301 | 4130 | 80 |
| iv_506 | 2.4428755231586236 × 10^301 | 4067 | 87 |
| iv_507 | 4.389091185763931 × 10^301 | 4216 | 88 |
| iv_508 | 6.485863926355989 × 10^301 | 4134 | 86 |
| iv_509 | 6.603574577992371 × 10^301 | 4199 | 81 |

### Input Bits Sorted by Occurrences

| Input Bit | Complexity | Occurrences | Output Occurrences |
|:---------:|:----------:|:-----------:|:------------------:|
| iv_498 | 1.160245613416696 × 10^300 | 3921 | 79 |
| iv_504 | 7.232478876272517 × 10^300 | 4035 | 79 |
| iv_506 | 2.4428755231586236 × 10^301 | 4067 | 87 |
| iv_500 | 5.2482715905982765 × 10^300 | 4116 | 73 |
| iv_502 | 1.9563980289916086 × 10^301 | 4130 | 80 |
| iv_508 | 6.485863926355989 × 10^301 | 4134 | 86 |
| iv_497 | 8.245924913448262 × 10^299 | 4136 | 81 |
| iv_503 | 1.3847967835076302 × 10^301 | 4139 | 71 |
| iv_509 | 6.603574577992371 × 10^301 | 4199 | 81 |
| iv_507 | 4.389091185763931 × 10^301 | 4216 | 88 |
| iv_501 | 1.0739102085082383 × 10^301 | 4285 | 81 |

### Input Bits Sorted by Output Occurrences

| Input Bit | Complexity | Occurrences | Output Occurrences |
|:---------:|:----------:|:-----------:|:------------------:|
| iv_503 | 1.3847967835076302 × 10^301 | 4139 | 71 |
| iv_500 | 5.2482715905982765 × 10^300 | 4116 | 73 |
| iv_498 | 1.160245613416696 × 10^300 | 3921 | 79 |
| iv_504 | 7.232478876272517 × 10^300 | 4035 | 79 |
| iv_502 | 1.9563980289916086 × 10^301 | 4130 | 80 |
| iv_501 | 1.0739102085082383 × 10^301 | 4285 | 81 |
| iv_497 | 8.245924913448262 × 10^299 | 4136 | 81 |
| iv_509 | 6.603574577992371 × 10^301 | 4199 | 81 |
| iv_508 | 6.485863926355989 × 10^301 | 4134 | 86 |
| iv_506 | 2.4428755231586236 × 10^301 | 4067 | 87 |
| iv_507 | 4.389091185763931 × 10^301 | 4216 | 88 |

## Input Bit Co-occurrences

### Input Bit Co-occurrences Sorted by Co-occurrences

| Input Bits | Co-occurrences | Potential Occurrences | Output Co-occurrences | Potential Output Occurrences |
|:----------:|:--------------:|:---------------------:|:---------------------:|:----------------------------:|
| iv_501-iv_502 | 2150 | 4115 | 42 | 77 |
| iv_501-iv_507 | 2103 | 4295 | 43 | 83 |
| iv_500-iv_501 | 2059 | 4283 | 36 | 82 |
| iv_502-iv_507 | 2056 | 4234 | 50 | 68 |
| iv_506-iv_507 | 2033 | 4217 | 46 | 83 |
| iv_507-iv_509 | 2031 | 4353 | 45 | 79 |
| iv_501-iv_509 | 2029 | 4426 | 41 | 80 |
| iv_497-iv_501 | 2028 | 4365 | 41 | 80 |
| iv_504-iv_507 | 2021 | 4209 | 47 | 73 |
| iv_508-iv_509 | 2016 | 4301 | 44 | 79 |
| iv_501-iv_506 | 2012 | 4328 | 43 | 82 |

### Input Bit Co-occurrences Sorted by Potential Occurrences

| Input Bits | Co-occurrences | Potential Occurrences | Output Co-occurrences | Potential Output Occurrences |
|:----------:|:--------------:|:---------------------:|:---------------------:|:----------------------------:|
| iv_501-iv_502 | 2150 | 4115 | 42 | 77 |
| iv_498-iv_506 | 1924 | 4140 | 51 | 64 |
| iv_504-iv_507 | 2021 | 4209 | 47 | 73 |
| iv_506-iv_507 | 2033 | 4217 | 46 | 83 |
| iv_498-iv_504 | 1862 | 4232 | 38 | 82 |
| iv_502-iv_507 | 2056 | 4234 | 50 | 68 |
| iv_498-iv_501 | 1976 | 4254 | 38 | 84 |
| iv_500-iv_502 | 1991 | 4264 | 41 | 71 |
| iv_500-iv_501 | 2059 | 4283 | 36 | 82 |
| iv_504-iv_508 | 1939 | 4291 | 39 | 87 |
| iv_504-iv_506 | 1905 | 4292 | 39 | 88 |

### Input Bit Output Co-occurrences Sorted by Output Co-occurrences

| Input Bits | Co-occurrences | Potential Occurrences | Output Co-occurrences | Potential Output Occurrences |
|:----------:|:--------------:|:---------------------:|:---------------------:|:----------------------------:|
| iv_498-iv_506 | 1924 | 4140 | 51 | 64 |
| iv_502-iv_507 | 2056 | 4234 | 50 | 68 |
| iv_506-iv_508 | 1930 | 4341 | 49 | 75 |
| iv_504-iv_507 | 2021 | 4209 | 47 | 73 |
| iv_506-iv_507 | 2033 | 4217 | 46 | 83 |
| iv_506-iv_509 | 1980 | 4306 | 46 | 76 |
| iv_497-iv_507 | 1978 | 4396 | 45 | 79 |
| iv_507-iv_509 | 2031 | 4353 | 45 | 79 |
| iv_502-iv_508 | 1939 | 4386 | 44 | 78 |
| iv_500-iv_508 | 1927 | 4396 | 44 | 71 |
| iv_508-iv_509 | 2016 | 4301 | 44 | 79 |

### Input Bit Output Co-occurrences Sorted by Potential Output Occurrences

| Input Bits | Co-occurrences | Potential Occurrences | Output Co-occurrences | Potential Output Occurrences |
|:----------:|:--------------:|:---------------------:|:---------------------:|:----------------------------:|
| iv_498-iv_506 | 1924 | 4140 | 51 | 64 |
| iv_502-iv_507 | 2056 | 4234 | 50 | 68 |
| iv_497-iv_503 | 1917 | 4441 | 41 | 70 |
| iv_500-iv_502 | 1991 | 4264 | 41 | 71 |
| iv_500-iv_508 | 1927 | 4396 | 44 | 71 |
| iv_498-iv_503 | 1851 | 4358 | 39 | 72 |
| iv_504-iv_507 | 2021 | 4209 | 47 | 73 |
| iv_497-iv_498 | 1810 | 4437 | 43 | 74 |
| iv_501-iv_504 | 2005 | 4310 | 43 | 74 |
| iv_506-iv_508 | 1930 | 4341 | 49 | 75 |
| iv_503-iv_506 | 1951 | 4304 | 41 | 76 |

## Output Bits

### Output Bits in Regular Order

| Rank | Output Bit | Complexity |
|:----:|:----------:|:----------:|
| 1 | ov_001 | 4.0893995919400776 × 10^301 |
| 2 | ov_002 | 3.551103280468138 × 10^301 |
| 3 | ov_003 | 3.0684709592159753 × 10^301 |
| 4 | ov_004 | 2.6373008397528314 × 10^301 |
| 5 | ov_005 | 2.2536207805772245 × 10^301 |
| 6 | ov_006 | 1.9136720850423027 × 10^301 |
| 7 | ov_007 | 1.613895391676014 × 10^301 |
| 8 | ov_008 | 1.3509184762078525 × 10^301 |
| 9 | ov_009 | 1.1215457962417071 × 10^301 |
| 10 | ov_010 | 9.227496057079016 × 10^300 |
| 11 | ov_011 | 7.516624860299551 × 10^300 |
| 12 | ov_012 | 6.055711515736793 × 10^300 |
| 13 | ov_013 | 4.819113754750606 × 10^300 |
| 14 | ov_014 | 3.782638812615094 × 10^300 |
| 15 | ov_015 | 2.9235105582781107 × 10^300 |
| 16 | ov_016 | 2.220343565379777 × 10^300 |
| 17 | ov_017 | 1.6531230952233512 × 10^300 |
| 18 | ov_018 | 1.2031900619182395 × 10^300 |
| 19 | ov_019 | 8.532300061261368 × 10^299 |
| 20 | ov_020 | 5.872651313650954 × 10^299 |
| 21 | ov_021 | 3.906485963263645 × 10^299 |
| 22 | ov_022 | 2.500604710968299 × 10^299 |
| 23 | ov_023 | 1.5350496105670573 × 10^299 |
| 24 | ov_024 | 9.03085983713913 × 10^298 |
| 25 | ov_025 | 5.111915036953556 × 10^298 |
| 26 | ov_026 | 2.790503331345227 × 10^298 |
| 27 | ov_027 | 1.3955043105691016 × 10^298 |
| 28 | ov_028 | 6.243653131059377 × 10^297 |
| 29 | ov_029 | 2.4054600265368062 × 10^297 |
| 30 | ov_030 | 7.351757725239081 × 10^296 |
| 31 | ov_031 | 1.4332149387995934 × 10^296 |
| 32 | lv_80_m31 | 2.7928735934588784 × 10^295 |
| 33 | ov_033 | 3.3565493417962706 × 10^296 |
| 34 | ov_034 | 2.9135032855815846 × 10^296 |
| 35 | ov_035 | 2.51661076566609 × 10^296 |
| 36 | ov_036 | 2.1619748015658484 × 10^296 |
| 37 | ov_037 | 1.8459093002127937 × 10^296 |
| 38 | ov_038 | 1.5666219408500504 × 10^296 |
| 39 | ov_039 | 1.3208056635080732 × 10^296 |
| 40 | ov_040 | 1.1053253773676942 × 10^296 |
| 41 | ov_041 | 9.172085044368959 × 10^295 |
| 42 | ov_042 | 7.536369895961225 × 10^295 |
| 43 | ov_043 | 6.132395237471869 × 10^295 |
| 44 | ov_044 | 4.934882010675111 × 10^295 |
| 45 | ov_045 | 3.9199291118077547 × 10^295 |
| 46 | ov_046 | 3.0759254248349545 × 10^295 |
| 47 | ov_047 | 2.381624331551627 × 10^295 |
| 48 | ov_048 | 1.8170697608678385 × 10^295 |
| 49 | ov_049 | 1.3635792482998638 × 10^295 |
| 50 | ov_050 | 1.003731402972027 × 10^295 |
| 51 | ov_051 | 7.213568977230795 × 10^294 |
| 52 | ov_052 | 5.0868315256299503 × 10^294 |
| 53 | ov_053 | 3.520281223793055 × 10^294 |
| 54 | ov_054 | 2.3894840299447055 × 10^294 |
| 55 | ov_055 | 1.582373458593361 × 10^294 |
| 56 | ov_056 | 9.99238659975432 × 10^293 |
| 57 | ov_057 | 5.933119897412844 × 10^293 |
| 58 | ov_058 | 3.2399881066622634 × 10^293 |
| 59 | ov_059 | 1.5687617672437575 × 10^293 |
| 60 | ov_060 | 6.369224138579516 × 10^292 |
| 61 | ov_061 | 2.2366046080521155 × 10^292 |
| 62 | ov_062 | 6.832230138755032 × 10^291 |
| 63 | ov_063 | 1.3313982315634928 × 10^291 |
| 64 | lv_79_m31 | 2.5939089428290034 × 10^290 |
| 65 | ov_065 | 3.086135093330613 × 10^291 |
| 66 | ov_066 | 3.0861278881477785 × 10^291 |
| 67 | ov_067 | 3.08612620082574 × 10^291 |
| 68 | ov_068 | 2.6701920394702286 × 10^291 |
| 69 | ov_069 | 2.2982495640641183 × 10^291 |
| 70 | ov_070 | 1.9669509706692106 × 10^291 |
| 71 | ov_071 | 1.673116316681609 × 10^291 |
| 72 | ov_072 | 1.4137254222439181 × 10^291 |
| 73 | ov_073 | 1.1859108564274438 × 10^291 |
| 74 | ov_074 | 9.86951641546706 × 10^290 |
| 75 | ov_075 | 8.142675598256582 × 10^290 |
| 76 | ov_076 | 6.6541402940914 × 10^290 |
| 77 | ov_077 | 5.380775176131925 × 10^290 |
| 78 | ov_078 | 4.300714600246546 × 10^290 |
| 79 | ov_079 | 3.3933265462103 × 10^290 |
| 80 | ov_080 | 2.639181005111676 × 10^290 |
| 81 | ov_081 | 2.0200225121891665 × 10^290 |
| 82 | ov_082 | 1.5187465266678228 × 10^290 |
| 83 | ov_083 | 1.1193793618381613 × 10^290 |
| 84 | ov_084 | 8.070613697851144 × 10^289 |
| 85 | ov_085 | 5.680330859744829 × 10^289 |
| 86 | ov_086 | 3.896240394441978 × 10^289 |
| 87 | ov_087 | 2.602439347010533 × 10^289 |
| 88 | ov_088 | 1.6937591164310448 × 10^289 |
| 89 | ov_089 | 1.0757158995471956 × 10^289 |
| 90 | ov_090 | 6.644760448778304 × 10^288 |
| 91 | ov_091 | 3.868333817399643 × 10^288 |
| 92 | ov_092 | 2.0883951788728064 × 10^288 |
| 93 | ov_093 | 1.0185055036525833 × 10^288 |
| 94 | ov_094 | 4.252465836729549 × 10^287 |
| 95 | aaa_78_28 | 1.2821120112940369 × 10^287 |
| 96 | aaa_78_29 | 3.795638581772118 × 10^286 |
| 97 | ov_097 | 2.3639103355775465 × 10^286 |
| 98 | ov_098 | 2.363861868854104 × 10^286 |
| 99 | ov_099 | 2.363846387607833 × 10^286 |
| 100 | ov_100 | 1.9461388178148854 × 10^286 |
| 101 | ov_101 | 1.607961860309685 × 10^286 |
| 102 | ov_102 | 1.3373614299601403 × 10^286 |
| 103 | ov_103 | 1.123039758493884 × 10^286 |
| 104 | ov_104 | 9.543075545252354 × 10^285 |
| 105 | ov_105 | 8.210423793314708 × 10^285 |
| 106 | ov_106 | 7.136526727765838 × 10^285 |
| 107 | ov_107 | 6.230468928653232 × 10^285 |
| 108 | ov_108 | 5.406072604779291 × 10^285 |
| 109 | ov_109 | 4.659006058919952 × 10^285 |
| 110 | ov_110 | 3.9850898030791085 × 10^285 |
| 111 | ov_111 | 3.3802681759840324 × 10^285 |
| 112 | ov_112 | 2.840584732728069 × 10^285 |
| 113 | ov_113 | 2.3621611536111792 × 10^285 |
| 114 | ov_114 | 1.94117942051252 × 10^285 |
| 115 | ov_115 | 1.5738670099410117 × 10^285 |
| 116 | ov_116 | 1.2564848523938566 × 10^285 |
| 117 | ov_117 | 9.853178079365616 × 10^284 |
| 118 | ov_118 | 7.566674080918567 × 10^284 |
| 119 | ov_119 | 5.668466142380689 × 10^284 |
| 120 | ov_120 | 4.1217616876089316 × 10^284 |
| 121 | ov_121 | 2.8898197241975646 × 10^284 |
| 122 | ov_122 | 1.9359315785505513 × 10^284 |
| 123 | ov_123 | 1.223407344140294 × 10^284 |
| 124 | ov_124 | 7.155667947670638 × 10^283 |
| 125 | ov_125 | 3.7573381853636555 × 10^283 |
| 126 | ov_126 | 1.6723365937428209 × 10^283 |
| 127 | aaa_77_28 | 5.339191831098829 × 10^282 |
| 128 | aaa_77_29 | 2.00110019945671 × 10^282 |
| 129 | ov_129 | 1.8493982657998286 × 10^282 |
| 130 | ov_130 | 1.8493928733159962 × 10^282 |
| 131 | ov_131 | 1.849391570354634 × 10^282 |
| 132 | ov_132 | 1.6028192133109914 × 10^282 |
| 133 | ov_133 | 1.3819963432221048 × 10^282 |
| 134 | ov_134 | 1.1849824652005112 × 10^282 |
| 135 | ov_135 | 1.0099401562157235 × 10^282 |
| 136 | ov_136 | 8.551276934982555 × 10^281 |
| 137 | ov_137 | 7.188927290784812 × 10^281 |
| 138 | ov_138 | 5.996669083201127 × 10^281 |
| 139 | ov_139 | 4.9596133549071104 × 10^281 |
| 140 | ov_140 | 4.06362794449762 × 10^281 |
| 141 | ov_141 | 3.2953063746200096 × 10^281 |
| 142 | ov_142 | 2.641942599874064 × 10^281 |
| 143 | ov_143 | 2.091510840819396 × 10^281 |
| 144 | ov_144 | 1.632649777826238 × 10^281 |
| 145 | ov_145 | 1.2546504256099522 × 10^281 |
| 146 | ov_146 | 9.474470562069435 × 10^280 |
| 147 | ov_147 | 7.016105849495055 × 10^280 |
| 148 | ov_148 | 5.08343908557993 × 10^280 |
| 149 | ov_149 | 3.5947878681404244 × 10^280 |
| 150 | ov_150 | 2.474739059113131 × 10^280 |
| 151 | ov_151 | 1.6541375251155077 × 10^280 |
| 152 | ov_152 | 1.0700796247597322 × 10^280 |
| 153 | ov_153 | 6.659091376484941 × 10^279 |
| 154 | ov_154 | 3.912145343688431 × 10^279 |
| 155 | ov_155 | 2.0182718519339202 × 10^279 |
| 156 | aaa_76_25 | 7.722335725395318 × 10^278 |
| 157 | aaa_76_26 | 4.4125367847384964 × 10^278 |
| 158 | aaa_76_27 | 2.21894046517572 × 10^278 |
| 159 | aaa_76_28 | 8.295029378177664 × 10^277 |
| 160 | aaa_76_29 | 2.3611487166097565 × 10^277 |

### Output Bits Sorted by Complexity

| Rank | Output Bit | Complexity |
|:----:|:----------:|:----------:|
| 160 | aaa_76_29 | 2.3611487166097565 × 10^277 |
| 159 | aaa_76_28 | 8.295029378177664 × 10^277 |
| 158 | aaa_76_27 | 2.21894046517572 × 10^278 |
| 157 | aaa_76_26 | 4.4125367847384964 × 10^278 |
| 156 | aaa_76_25 | 7.722335725395318 × 10^278 |
| 155 | ov_155 | 2.0182718519339202 × 10^279 |
| 154 | ov_154 | 3.912145343688431 × 10^279 |
| 153 | ov_153 | 6.659091376484941 × 10^279 |
| 152 | ov_152 | 1.0700796247597322 × 10^280 |
| 151 | ov_151 | 1.6541375251155077 × 10^280 |
| 150 | ov_150 | 2.474739059113131 × 10^280 |
| 149 | ov_149 | 3.5947878681404244 × 10^280 |
| 148 | ov_148 | 5.08343908557993 × 10^280 |
| 147 | ov_147 | 7.016105849495055 × 10^280 |
| 146 | ov_146 | 9.474470562069435 × 10^280 |
| 145 | ov_145 | 1.2546504256099522 × 10^281 |
| 144 | ov_144 | 1.632649777826238 × 10^281 |
| 143 | ov_143 | 2.091510840819396 × 10^281 |
| 142 | ov_142 | 2.641942599874064 × 10^281 |
| 141 | ov_141 | 3.2953063746200096 × 10^281 |
| 140 | ov_140 | 4.06362794449762 × 10^281 |
| 139 | ov_139 | 4.9596133549071104 × 10^281 |
| 138 | ov_138 | 5.996669083201127 × 10^281 |
| 137 | ov_137 | 7.188927290784812 × 10^281 |
| 136 | ov_136 | 8.551276934982555 × 10^281 |
| 135 | ov_135 | 1.0099401562157235 × 10^282 |
| 134 | ov_134 | 1.1849824652005112 × 10^282 |
| 133 | ov_133 | 1.3819963432221048 × 10^282 |
| 132 | ov_132 | 1.6028192133109914 × 10^282 |
| 131 | ov_131 | 1.849391570354634 × 10^282 |
| 130 | ov_130 | 1.8493928733159962 × 10^282 |
| 129 | ov_129 | 1.8493982657998286 × 10^282 |
| 128 | aaa_77_29 | 2.00110019945671 × 10^282 |
| 127 | aaa_77_28 | 5.339191831098829 × 10^282 |
| 126 | ov_126 | 1.6723365937428209 × 10^283 |
| 125 | ov_125 | 3.7573381853636555 × 10^283 |
| 124 | ov_124 | 7.155667947670638 × 10^283 |
| 123 | ov_123 | 1.223407344140294 × 10^284 |
| 122 | ov_122 | 1.9359315785505513 × 10^284 |
| 121 | ov_121 | 2.8898197241975646 × 10^284 |
| 120 | ov_120 | 4.1217616876089316 × 10^284 |
| 119 | ov_119 | 5.668466142380689 × 10^284 |
| 118 | ov_118 | 7.566674080918567 × 10^284 |
| 117 | ov_117 | 9.853178079365616 × 10^284 |
| 116 | ov_116 | 1.2564848523938566 × 10^285 |
| 115 | ov_115 | 1.5738670099410117 × 10^285 |
| 114 | ov_114 | 1.94117942051252 × 10^285 |
| 113 | ov_113 | 2.3621611536111792 × 10^285 |
| 112 | ov_112 | 2.840584732728069 × 10^285 |
| 111 | ov_111 | 3.3802681759840324 × 10^285 |
| 110 | ov_110 | 3.9850898030791085 × 10^285 |
| 109 | ov_109 | 4.659006058919952 × 10^285 |
| 108 | ov_108 | 5.406072604779291 × 10^285 |
| 107 | ov_107 | 6.230468928653232 × 10^285 |
| 106 | ov_106 | 7.136526727765838 × 10^285 |
| 105 | ov_105 | 8.210423793314708 × 10^285 |
| 104 | ov_104 | 9.543075545252354 × 10^285 |
| 103 | ov_103 | 1.123039758493884 × 10^286 |
| 102 | ov_102 | 1.3373614299601403 × 10^286 |
| 101 | ov_101 | 1.607961860309685 × 10^286 |
| 100 | ov_100 | 1.9461388178148854 × 10^286 |
| 99 | ov_099 | 2.363846387607833 × 10^286 |
| 98 | ov_098 | 2.363861868854104 × 10^286 |
| 97 | ov_097 | 2.3639103355775465 × 10^286 |
| 96 | aaa_78_29 | 3.795638581772118 × 10^286 |
| 95 | aaa_78_28 | 1.2821120112940369 × 10^287 |
| 94 | ov_094 | 4.252465836729549 × 10^287 |
| 93 | ov_093 | 1.0185055036525833 × 10^288 |
| 92 | ov_092 | 2.0883951788728064 × 10^288 |
| 91 | ov_091 | 3.868333817399643 × 10^288 |
| 90 | ov_090 | 6.644760448778304 × 10^288 |
| 89 | ov_089 | 1.0757158995471956 × 10^289 |
| 88 | ov_088 | 1.6937591164310448 × 10^289 |
| 87 | ov_087 | 2.602439347010533 × 10^289 |
| 86 | ov_086 | 3.896240394441978 × 10^289 |
| 85 | ov_085 | 5.680330859744829 × 10^289 |
| 84 | ov_084 | 8.070613697851144 × 10^289 |
| 83 | ov_083 | 1.1193793618381613 × 10^290 |
| 82 | ov_082 | 1.5187465266678228 × 10^290 |
| 81 | ov_081 | 2.0200225121891665 × 10^290 |
| 64 | lv_79_m31 | 2.5939089428290034 × 10^290 |
| 80 | ov_080 | 2.639181005111676 × 10^290 |
| 79 | ov_079 | 3.3933265462103 × 10^290 |
| 78 | ov_078 | 4.300714600246546 × 10^290 |
| 77 | ov_077 | 5.380775176131925 × 10^290 |
| 76 | ov_076 | 6.6541402940914 × 10^290 |
| 75 | ov_075 | 8.142675598256582 × 10^290 |
| 74 | ov_074 | 9.86951641546706 × 10^290 |
| 73 | ov_073 | 1.1859108564274438 × 10^291 |
| 63 | ov_063 | 1.3313982315634928 × 10^291 |
| 72 | ov_072 | 1.4137254222439181 × 10^291 |
| 71 | ov_071 | 1.673116316681609 × 10^291 |
| 70 | ov_070 | 1.9669509706692106 × 10^291 |
| 69 | ov_069 | 2.2982495640641183 × 10^291 |
| 68 | ov_068 | 2.6701920394702286 × 10^291 |
| 67 | ov_067 | 3.08612620082574 × 10^291 |
| 66 | ov_066 | 3.0861278881477785 × 10^291 |
| 65 | ov_065 | 3.086135093330613 × 10^291 |
| 62 | ov_062 | 6.832230138755032 × 10^291 |
| 61 | ov_061 | 2.2366046080521155 × 10^292 |
| 60 | ov_060 | 6.369224138579516 × 10^292 |
| 59 | ov_059 | 1.5687617672437575 × 10^293 |
| 58 | ov_058 | 3.2399881066622634 × 10^293 |
| 57 | ov_057 | 5.933119897412844 × 10^293 |
| 56 | ov_056 | 9.99238659975432 × 10^293 |
| 55 | ov_055 | 1.582373458593361 × 10^294 |
| 54 | ov_054 | 2.3894840299447055 × 10^294 |
| 53 | ov_053 | 3.520281223793055 × 10^294 |
| 52 | ov_052 | 5.0868315256299503 × 10^294 |
| 51 | ov_051 | 7.213568977230795 × 10^294 |
| 50 | ov_050 | 1.003731402972027 × 10^295 |
| 49 | ov_049 | 1.3635792482998638 × 10^295 |
| 48 | ov_048 | 1.8170697608678385 × 10^295 |
| 47 | ov_047 | 2.381624331551627 × 10^295 |
| 32 | lv_80_m31 | 2.7928735934588784 × 10^295 |
| 46 | ov_046 | 3.0759254248349545 × 10^295 |
| 45 | ov_045 | 3.9199291118077547 × 10^295 |
| 44 | ov_044 | 4.934882010675111 × 10^295 |
| 43 | ov_043 | 6.132395237471869 × 10^295 |
| 42 | ov_042 | 7.536369895961225 × 10^295 |
| 41 | ov_041 | 9.172085044368959 × 10^295 |
| 40 | ov_040 | 1.1053253773676942 × 10^296 |
| 39 | ov_039 | 1.3208056635080732 × 10^296 |
| 31 | ov_031 | 1.4332149387995934 × 10^296 |
| 38 | ov_038 | 1.5666219408500504 × 10^296 |
| 37 | ov_037 | 1.8459093002127937 × 10^296 |
| 36 | ov_036 | 2.1619748015658484 × 10^296 |
| 35 | ov_035 | 2.51661076566609 × 10^296 |
| 34 | ov_034 | 2.9135032855815846 × 10^296 |
| 33 | ov_033 | 3.3565493417962706 × 10^296 |
| 30 | ov_030 | 7.351757725239081 × 10^296 |
| 29 | ov_029 | 2.4054600265368062 × 10^297 |
| 28 | ov_028 | 6.243653131059377 × 10^297 |
| 27 | ov_027 | 1.3955043105691016 × 10^298 |
| 26 | ov_026 | 2.790503331345227 × 10^298 |
| 25 | ov_025 | 5.111915036953556 × 10^298 |
| 24 | ov_024 | 9.03085983713913 × 10^298 |
| 23 | ov_023 | 1.5350496105670573 × 10^299 |
| 22 | ov_022 | 2.500604710968299 × 10^299 |
| 21 | ov_021 | 3.906485963263645 × 10^299 |
| 20 | ov_020 | 5.872651313650954 × 10^299 |
| 19 | ov_019 | 8.532300061261368 × 10^299 |
| 18 | ov_018 | 1.2031900619182395 × 10^300 |
| 17 | ov_017 | 1.6531230952233512 × 10^300 |
| 16 | ov_016 | 2.220343565379777 × 10^300 |
| 15 | ov_015 | 2.9235105582781107 × 10^300 |
| 14 | ov_014 | 3.782638812615094 × 10^300 |
| 13 | ov_013 | 4.819113754750606 × 10^300 |
| 12 | ov_012 | 6.055711515736793 × 10^300 |
| 11 | ov_011 | 7.516624860299551 × 10^300 |
| 10 | ov_010 | 9.227496057079016 × 10^300 |
| 9 | ov_009 | 1.1215457962417071 × 10^301 |
| 8 | ov_008 | 1.3509184762078525 × 10^301 |
| 7 | ov_007 | 1.613895391676014 × 10^301 |
| 6 | ov_006 | 1.9136720850423027 × 10^301 |
| 5 | ov_005 | 2.2536207805772245 × 10^301 |
| 4 | ov_004 | 2.6373008397528314 × 10^301 |
| 3 | ov_003 | 3.0684709592159753 × 10^301 |
| 2 | ov_002 | 3.551103280468138 × 10^301 |
| 1 | ov_001 | 4.0893995919400776 × 10^301 |

