# Results for F001-F002-F003-F004-F005-F006-F007-F008-F009-F010-F011-F012-F013-F014-F015-F016-F017-F018-F019-F020-F021-F022-F023-F024-F025-F026-F027-F028-F029-F030-F031-F032-F033-F034-F035-F036-F037-F038-F039-F040-F041-F042-F043-F044-F045-F046-F047-F048-F049-F050-F051-F052-F053-F054-F055-F056-F057-F058-F059-F060-F061-F062-F063-F064-F065-F066-F067-F068-F069-F070-F071-F072-F073-F074-F075-F076-F077-F078-F079-F080-F081-F082-F083-F084-F085-F086-F087-F088-F089-F090-F091-F092-F093-F094-F095-F096-F097-F098-F099-F100-F101-F102-F103-F104-F105-F106-F107-F108-F109-F110-F111-F112-F113-F114-F115-F116-F117-F118-F119-F120-F121-F122-F123-F124-F125-F126-F127-F128-F129-F130-F131-F132-F133-F134-F135-F136-F137-F138-F139-F140-F141-F142-F143-F144-F145-F146-F147-F148-F149-F150-F151-F152-F153-F154-F155-F156-F157-F158-F159-F160-F161-F162-F163-F164-F165-F166-F167-F168-F169-F170-F171-F172-F173-F174-F175-F176-F177-F178-F179-F180-F181-F182-F183-F184-F185-F186-F187-F188-F189-F190-F191-F192-F193-F194-F195-F196-F197-F198-F199-F200-F201-F202-F203-F204-F205-F206-F207-F208-F209-F210-F211-F212-F213-F214-F215-F216-F217-F218-F219-F220-F221-F222-F223-F224-F225-F226-F227-F228-F229-F230-F231-F232-F233-F234-F235-F236-F237-F238-F239-F240-F241-F242-F243-F244-F245-F246-F247-F248-F249-F250-F251-F252-F253-F254-F255-F256-F257-F258-F259-F260-F261-F262-F263-F264-F265-F266-F267-F268-F269-F270-F271-F272-F273-F274-F275-F276-F277-F278-F279-F280-F281-F282-F283-F284-F285-F286-F287-F288-F289-F290-F291-F292-F293-F294-F295-F296-F297-F298-F299-F300-F301-F302-F303-F304-F305-F306-F307-F308-F309-F310-F311-F312-F313-F314-F315-F316-F317-F318-F319-F320-F321-F322-F323-F324-F325-F326-F327-F328-F329-F330-F331-F332-F333-F334-F335-F336-F337-F338-F339-F340-F341-F342-F343-F344-F345-F346-F347-F348-F349-F350-F351-F352-F353-F354-F355-F356-F357-F358-F359-F360-F361-F362-F363-F364-F365-F366-F367-F368-F369-F370-F371-F372-F373-F374-F375-F376-F377-F378-F379-F380-F381-F382-F383-F384-F385-F386-F387-F388-F389-F390-F391-F392-F393-F394-F395-F396-F397-F398-F399-F400-F401-F402-F403-F404-F405-F406-F407-F408-F409-F410-F411-F412-F413-F414-F415-F416-F417-F418-F419-F420-F421-F422-F423-F424-F425-F426-F427-F428-F429-F430-F431-F432-F433-F434-F435-F436-F437-F438-F439-F440-F441-F442-F443-F444-F445-F446-F447-F448-F449-F450-F451-F452-F453-F454-F455-F456-F457-F458-F459-F460-F461-F462-F463-F464-F465-F466-F467-F468-F469-F470-F471-F472-F473-F474-F475-F476-F477-F478-F479-F480-F481-F482-F483-F484-F485-F486-F487-F488-F489-F490-F491-F492-F493-F494-F495-F496-O501511-F508-F509-F510-F512

## Summary

Number of input bits: 512  
Number of free input bits: 11  
Number of output bits: 160

Number of direct occurrences: 44653  
Number of assignments: 31372  
Number of operations: 11109668
(xor: 11081364,
and: 14969,
or: 13335)

Total complexity: 3.106564285889757 × 10^299

Least occurring input variable: iv_502 (3899)  
Most occurring input variable: iv_501 (4303)

Most co-occurring input variables: iv_500-iv_506 (1999)  
Least co-occurring input variables: iv_498-iv_502 (1768)

Potentially most occurring input variable: iv_501/iv_507 (4641)  
Potentially least occurring input variable: iv_499/iv_505 (4165)

Least output occurring input variable: iv_501 (68)  
Most output occurring input variable: iv_497 (93)

Most output co-occurring input variables: iv_497-iv_506 (57)  
Least output co-occurring input variables: iv_501-iv_507 (31)

Potentially most output occurring input variable: iv_498/iv_505 (94)  
Potentially least output occurring input variable: iv_499/iv_501 (67)

Least complex input bit: iv_497 (1.7960230679266737 × 10^297)  
Most complex input bit: iv_505 (9.042281087680742 × 10^298)

Least complex output bit: aaa_76_29 (6.4743650353903185 × 10^274)  
Most complex output bit: ov_001 (4.856570243604248 × 10^298)

Least complex input/output complexity: iv_497/aaa_76_29 (3.743076879675282 × 10^272)  
Most complex input/output complexity: iv_505/ov_001 (1.4136025919115355 × 10^298)

## Input Bits

### Input Bits in Regular Order

| Input Bit | Complexity | Occurrences | Output Occurrences |
|:---------:|:----------:|:-----------:|:------------------:|
| iv_497 | 1.7960230679266737 × 10^297 | 4144 | 93 |
| iv_498 | 3.5955617174994556 × 10^297 | 3945 | 88 |
| iv_499 | 6.355196913002629 × 10^297 | 3955 | 81 |
| iv_500 | 1.0716314669823777 × 10^298 | 4126 | 76 |
| iv_501 | 1.763156722538301 × 10^298 | 4303 | 68 |
| iv_502 | 2.8465236734703637 × 10^298 | 3899 | 82 |
| iv_503 | 4.512030970734403 × 10^298 | 4058 | 79 |
| iv_504 | 7.018097926121904 × 10^298 | 3949 | 78 |
| iv_505 | 9.042281087680742 × 10^298 | 3984 | 82 |
| iv_506 | 1.677975781475876 × 10^298 | 4126 | 93 |
| iv_507 | 1.9592670600507605 × 10^298 | 4164 | 87 |

### Input Bits Sorted by Complexity

| Input Bit | Complexity | Occurrences | Output Occurrences |
|:---------:|:----------:|:-----------:|:------------------:|
| iv_497 | 1.7960230679266737 × 10^297 | 4144 | 93 |
| iv_498 | 3.5955617174994556 × 10^297 | 3945 | 88 |
| iv_499 | 6.355196913002629 × 10^297 | 3955 | 81 |
| iv_500 | 1.0716314669823777 × 10^298 | 4126 | 76 |
| iv_506 | 1.677975781475876 × 10^298 | 4126 | 93 |
| iv_501 | 1.763156722538301 × 10^298 | 4303 | 68 |
| iv_507 | 1.9592670600507605 × 10^298 | 4164 | 87 |
| iv_502 | 2.8465236734703637 × 10^298 | 3899 | 82 |
| iv_503 | 4.512030970734403 × 10^298 | 4058 | 79 |
| iv_504 | 7.018097926121904 × 10^298 | 3949 | 78 |
| iv_505 | 9.042281087680742 × 10^298 | 3984 | 82 |

### Input Bits Sorted by Occurrences

| Input Bit | Complexity | Occurrences | Output Occurrences |
|:---------:|:----------:|:-----------:|:------------------:|
| iv_502 | 2.8465236734703637 × 10^298 | 3899 | 82 |
| iv_498 | 3.5955617174994556 × 10^297 | 3945 | 88 |
| iv_504 | 7.018097926121904 × 10^298 | 3949 | 78 |
| iv_499 | 6.355196913002629 × 10^297 | 3955 | 81 |
| iv_505 | 9.042281087680742 × 10^298 | 3984 | 82 |
| iv_503 | 4.512030970734403 × 10^298 | 4058 | 79 |
| iv_500 | 1.0716314669823777 × 10^298 | 4126 | 76 |
| iv_506 | 1.677975781475876 × 10^298 | 4126 | 93 |
| iv_497 | 1.7960230679266737 × 10^297 | 4144 | 93 |
| iv_507 | 1.9592670600507605 × 10^298 | 4164 | 87 |
| iv_501 | 1.763156722538301 × 10^298 | 4303 | 68 |

### Input Bits Sorted by Output Occurrences

| Input Bit | Complexity | Occurrences | Output Occurrences |
|:---------:|:----------:|:-----------:|:------------------:|
| iv_501 | 1.763156722538301 × 10^298 | 4303 | 68 |
| iv_500 | 1.0716314669823777 × 10^298 | 4126 | 76 |
| iv_504 | 7.018097926121904 × 10^298 | 3949 | 78 |
| iv_503 | 4.512030970734403 × 10^298 | 4058 | 79 |
| iv_499 | 6.355196913002629 × 10^297 | 3955 | 81 |
| iv_502 | 2.8465236734703637 × 10^298 | 3899 | 82 |
| iv_505 | 9.042281087680742 × 10^298 | 3984 | 82 |
| iv_507 | 1.9592670600507605 × 10^298 | 4164 | 87 |
| iv_498 | 3.5955617174994556 × 10^297 | 3945 | 88 |
| iv_506 | 1.677975781475876 × 10^298 | 4126 | 93 |
| iv_497 | 1.7960230679266737 × 10^297 | 4144 | 93 |

## Input Bit Co-occurrences

### Input Bit Co-occurrences Sorted by Co-occurrences

| Input Bits | Co-occurrences | Potential Occurrences | Output Co-occurrences | Potential Output Occurrences |
|:----------:|:--------------:|:---------------------:|:---------------------:|:----------------------------:|
| iv_500-iv_506 | 1999 | 4254 | 45 | 79 |
| iv_500-iv_503 | 1988 | 4208 | 41 | 73 |
| iv_497-iv_500 | 1988 | 4294 | 39 | 91 |
| iv_497-iv_501 | 1984 | 4479 | 40 | 81 |
| iv_500-iv_507 | 1974 | 4342 | 41 | 81 |
| iv_497-iv_507 | 1967 | 4374 | 48 | 84 |
| iv_497-iv_505 | 1964 | 4200 | 49 | 77 |
| iv_506-iv_507 | 1959 | 4372 | 49 | 82 |
| iv_497-iv_503 | 1949 | 4304 | 48 | 76 |
| iv_497-iv_506 | 1941 | 4388 | 57 | 72 |
| iv_500-iv_501 | 1938 | 4553 | 33 | 78 |

### Input Bit Co-occurrences Sorted by Potential Occurrences

| Input Bits | Co-occurrences | Potential Occurrences | Output Co-occurrences | Potential Output Occurrences |
|:----------:|:--------------:|:---------------------:|:---------------------:|:----------------------------:|
| iv_499-iv_505 | 1887 | 4165 | 37 | 89 |
| iv_499-iv_504 | 1868 | 4168 | 38 | 83 |
| iv_497-iv_505 | 1964 | 4200 | 49 | 77 |
| iv_498-iv_504 | 1847 | 4200 | 46 | 74 |
| iv_500-iv_503 | 1988 | 4208 | 41 | 73 |
| iv_499-iv_503 | 1901 | 4211 | 44 | 72 |
| iv_503-iv_505 | 1912 | 4218 | 43 | 75 |
| iv_504-iv_505 | 1857 | 4219 | 36 | 88 |
| iv_502-iv_506 | 1901 | 4223 | 51 | 73 |
| iv_502-iv_504 | 1809 | 4230 | 42 | 76 |
| iv_504-iv_506 | 1921 | 4233 | 45 | 81 |

### Input Bit Output Co-occurrences Sorted by Output Co-occurrences

| Input Bits | Co-occurrences | Potential Occurrences | Output Co-occurrences | Potential Output Occurrences |
|:----------:|:--------------:|:---------------------:|:---------------------:|:----------------------------:|
| iv_497-iv_506 | 1941 | 4388 | 57 | 72 |
| iv_498-iv_506 | 1908 | 4255 | 54 | 73 |
| iv_497-iv_502 | 1905 | 4233 | 52 | 71 |
| iv_502-iv_506 | 1901 | 4223 | 51 | 73 |
| iv_497-iv_504 | 1929 | 4235 | 50 | 71 |
| iv_497-iv_498 | 1893 | 4303 | 50 | 81 |
| iv_499-iv_506 | 1872 | 4337 | 49 | 76 |
| iv_506-iv_507 | 1959 | 4372 | 49 | 82 |
| iv_497-iv_505 | 1964 | 4200 | 49 | 77 |
| iv_498-iv_499 | 1833 | 4234 | 48 | 73 |
| iv_497-iv_507 | 1967 | 4374 | 48 | 84 |

### Input Bit Output Co-occurrences Sorted by Potential Output Occurrences

| Input Bits | Co-occurrences | Potential Occurrences | Output Co-occurrences | Potential Output Occurrences |
|:----------:|:--------------:|:---------------------:|:---------------------:|:----------------------------:|
| iv_499-iv_501 | 1830 | 4598 | 41 | 67 |
| iv_497-iv_504 | 1929 | 4235 | 50 | 71 |
| iv_497-iv_502 | 1905 | 4233 | 52 | 71 |
| iv_499-iv_503 | 1901 | 4211 | 44 | 72 |
| iv_497-iv_506 | 1941 | 4388 | 57 | 72 |
| iv_498-iv_499 | 1833 | 4234 | 48 | 73 |
| iv_498-iv_506 | 1908 | 4255 | 54 | 73 |
| iv_499-iv_500 | 1899 | 4283 | 42 | 73 |
| iv_500-iv_503 | 1988 | 4208 | 41 | 73 |
| iv_502-iv_506 | 1901 | 4223 | 51 | 73 |
| iv_503-iv_504 | 1858 | 4291 | 42 | 73 |

## Output Bits

### Output Bits in Regular Order

| Rank | Output Bit | Complexity |
|:----:|:----------:|:----------:|
| 1 | ov_001 | 4.856570243604248 × 10^298 |
| 2 | ov_002 | 4.2260651818842813 × 10^298 |
| 3 | ov_003 | 3.65999836974403 × 10^298 |
| 4 | ov_004 | 3.153540331259568 × 10^298 |
| 5 | ov_005 | 2.7021263025417997 × 10^298 |
| 6 | ov_006 | 2.3014372467868045 × 10^298 |
| 7 | ov_007 | 1.9473833071818173 × 10^298 |
| 8 | ov_008 | 1.6360895535073128 × 10^298 |
| 9 | ov_009 | 1.3638838434243875 × 10^298 |
| 10 | ov_010 | 1.1272865866656931 × 10^298 |
| 11 | ov_011 | 9.23002197971428 × 10^297 |
| 12 | ov_012 | 7.479120368990585 × 10^297 |
| 13 | ov_013 | 5.990686446818034 × 10^297 |
| 14 | ov_014 | 4.7369110016962025 × 10^297 |
| 15 | ov_015 | 3.691613286014127 × 10^297 |
| 16 | ov_016 | 2.8302120856389665 × 10^297 |
| 17 | ov_017 | 2.1297033401913826 × 10^297 |
| 18 | ov_018 | 1.5686429975130658 × 10^297 |
| 19 | ov_019 | 1.1271339610053441 × 10^297 |
| 20 | ov_020 | 7.86816278102258 × 10^296 |
| 21 | ov_021 | 5.308599862365906 × 10^296 |
| 22 | ov_022 | 3.439601179677311 × 10^296 |
| 23 | ov_023 | 2.1233334462185454 × 10^296 |
| 24 | ov_024 | 1.237157946189196 × 10^296 |
| 25 | ov_025 | 6.736171863853886 × 10^295 |
| 26 | ov_026 | 3.404275850687385 × 10^295 |
| 27 | ov_027 | 1.604760326121729 × 10^295 |
| 28 | ov_028 | 7.181853565436212 × 10^294 |
| 29 | ov_029 | 2.767978074726722 × 10^294 |
| 30 | ov_030 | 8.464258487808832 × 10^293 |
| 31 | ov_031 | 1.6515777744613979 × 10^293 |
| 32 | lv_80_m31 | 3.2222169982916 × 10^292 |
| 33 | ov_033 | 3.8737672067777415 × 10^293 |
| 34 | ov_034 | 3.364609120947674 × 10^293 |
| 35 | ov_035 | 2.908684174042753 × 10^293 |
| 36 | ov_036 | 2.5015006850613543 × 10^293 |
| 37 | ov_037 | 2.138809710023407 × 10^293 |
| 38 | ov_038 | 1.8165880101670296 × 10^293 |
| 39 | ov_039 | 1.5310233213610382 × 10^293 |
| 40 | ov_040 | 1.278501699988482 × 10^293 |
| 41 | ov_041 | 1.0572642955811478 × 10^293 |
| 42 | ov_042 | 8.656435468224928 × 10^292 |
| 43 | ov_043 | 7.020590137886722 × 10^292 |
| 44 | ov_044 | 5.635979055112408 × 10^292 |
| 45 | ov_045 | 4.475066840012396 × 10^292 |
| 46 | ov_046 | 3.511868717580108 × 10^292 |
| 47 | ov_047 | 2.721917121454136 × 10^292 |
| 48 | ov_048 | 2.0822355199877394 × 10^292 |
| 49 | ov_049 | 1.571318259101161 × 10^292 |
| 50 | ov_050 | 1.1691153153720817 × 10^292 |
| 51 | ov_051 | 8.570209503485285 × 10^291 |
| 52 | ov_052 | 6.178653986075232 × 10^291 |
| 53 | ov_053 | 4.3590894712095584 × 10^291 |
| 54 | ov_054 | 2.9683793696366543 × 10^291 |
| 55 | ov_055 | 1.938516592011913 × 10^291 |
| 56 | ov_056 | 1.2086067757506661 × 10^291 |
| 57 | ov_057 | 7.24862425636679 × 10^290 |
| 58 | ov_058 | 4.010171333902674 × 10^290 |
| 59 | ov_059 | 1.9748852259180994 × 10^290 |
| 60 | ov_060 | 8.179503333003583 × 10^289 |
| 61 | ov_061 | 2.8555612900089096 × 10^289 |
| 62 | ov_062 | 7.829051619344842 × 10^288 |
| 63 | ov_063 | 1.5250489732020823 × 10^288 |
| 64 | lv_79_m31 | 2.970061881546033 × 10^287 |
| 65 | ov_065 | 3.548794540358867 × 10^288 |
| 66 | ov_066 | 3.5487834031850756 × 10^288 |
| 67 | ov_067 | 3.548780677437659 × 10^288 |
| 68 | ov_068 | 3.068417450807196 × 10^288 |
| 69 | ov_069 | 2.6399654490860612 × 10^288 |
| 70 | ov_070 | 2.259206608066532 × 10^288 |
| 71 | ov_071 | 1.922182388507828 × 10^288 |
| 72 | ov_072 | 1.6251761999960745 × 10^288 |
| 73 | ov_073 | 1.364697379111966 × 10^288 |
| 74 | ov_074 | 1.1374666397201291 × 10^288 |
| 75 | ov_075 | 9.404029163210165 × 10^287 |
| 76 | ov_076 | 7.70611523974594 × 10^287 |
| 77 | ov_077 | 6.253735603877397 × 10^287 |
| 78 | ov_078 | 5.021364774221102 × 10^287 |
| 79 | ov_079 | 3.9850575058946086 × 10^287 |
| 80 | ov_080 | 3.122375761155569 × 10^287 |
| 81 | ov_081 | 2.4123252592571537 × 10^287 |
| 82 | ov_082 | 1.835300914833491 × 10^287 |
| 83 | ov_083 | 1.3730404783891935 × 10^287 |
| 84 | ov_084 | 1.0085856955244601 × 10^287 |
| 85 | ov_085 | 7.26250303631187 × 10^286 |
| 86 | ov_086 | 5.115941861739735 × 10^286 |
| 87 | ov_087 | 3.5140300553788255 × 10^286 |
| 88 | ov_088 | 2.336726359539545 × 10^286 |
| 89 | ov_089 | 1.4759771831996762 × 10^286 |
| 90 | ov_090 | 8.807407053274641 × 10^285 |
| 91 | ov_091 | 5.0591280956335026 × 10^285 |
| 92 | ov_092 | 2.7902674241105915 × 10^285 |
| 93 | ov_093 | 1.3942277026922272 × 10^285 |
| 94 | ov_094 | 5.972139199055688 × 10^284 |
| 95 | aaa_78_28 | 1.8441568355289103 × 10^284 |
| 96 | aaa_78_29 | 5.663572108610078 × 10^283 |
| 97 | ov_097 | 3.7394815350505282 × 10^283 |
| 98 | ov_098 | 3.7393696840051614 × 10^283 |
| 99 | ov_099 | 3.739333962955717 × 10^283 |
| 100 | ov_100 | 3.3648181821267096 × 10^283 |
| 101 | ov_101 | 3.01795761074521 × 10^283 |
| 102 | ov_102 | 2.697234486708028 × 10^283 |
| 103 | ov_103 | 2.4012413335237207 × 10^283 |
| 104 | ov_104 | 2.128666591602544 × 10^283 |
| 105 | ov_105 | 1.8782815695113074 × 10^283 |
| 106 | ov_106 | 1.6489286467369402 × 10^283 |
| 107 | ov_107 | 1.4395106619862606 × 10^283 |
| 108 | ov_108 | 1.2489814230524449 × 10^283 |
| 109 | ov_109 | 1.0763372758680717 × 10^283 |
| 110 | ov_110 | 9.206096715993732 × 10^282 |
| 111 | ov_111 | 7.808586715732853 × 10^282 |
| 112 | ov_112 | 6.561673305205067 × 10^282 |
| 113 | ov_113 | 5.456368991124708 × 10^282 |
| 114 | ov_114 | 4.483827871119976 × 10^282 |
| 115 | ov_115 | 3.6353122868598865 × 10^282 |
| 116 | ov_116 | 2.902165915771424 × 10^282 |
| 117 | ov_117 | 2.2757927192548208 × 10^282 |
| 118 | ov_118 | 1.7476406154802243 × 10^282 |
| 119 | ov_119 | 1.3091882673999794 × 10^282 |
| 120 | ov_120 | 9.519344775811747 × 10^281 |
| 121 | ov_121 | 6.673906371206181 × 10^281 |
| 122 | ov_122 | 4.470758656011017 × 10^281 |
| 123 | ov_123 | 2.8251381393235294 × 10^281 |
| 124 | ov_124 | 1.6523050709403825 × 10^281 |
| 125 | ov_125 | 8.675300726060942 × 10^280 |
| 126 | ov_126 | 3.8608731615879204 × 10^280 |
| 127 | aaa_77_28 | 1.2325190385760987 × 10^280 |
| 128 | aaa_77_29 | 4.6187519413171845 × 10^279 |
| 129 | ov_129 | 4.2754428653098665 × 10^279 |
| 130 | ov_130 | 4.2754302543112193 × 10^279 |
| 131 | ov_131 | 4.275427204842813 × 10^279 |
| 132 | ov_132 | 3.705339726387309 × 10^279 |
| 133 | ov_133 | 3.1950465712239684 × 10^279 |
| 134 | ov_134 | 2.740004920770337 × 10^279 |
| 135 | ov_135 | 2.3359154560421225 × 10^279 |
| 136 | ov_136 | 1.9787049615823066 × 10^279 |
| 137 | ov_137 | 1.6645113361230074 × 10^279 |
| 138 | ov_138 | 1.3896707802951652 × 10^279 |
| 139 | ov_139 | 1.150706943460488 × 10^279 |
| 140 | ov_140 | 9.443218231523065 × 10^278 |
| 141 | ov_141 | 7.673882217538966 × 10^278 |
| 142 | ov_142 | 6.169435759789071 × 10^278 |
| 143 | ov_143 | 4.901849855019772 × 10^278 |
| 144 | ov_144 | 3.844652777610248 × 10^278 |
| 145 | ov_145 | 2.9728995654896303 × 10^278 |
| 146 | ov_146 | 2.2631489255611474 × 10^278 |
| 147 | ov_147 | 1.693446245327379 × 10^278 |
| 148 | ov_148 | 1.2433115022600862 × 10^278 |
| 149 | ov_149 | 8.93730967158539 × 10^277 |
| 150 | ov_150 | 6.2715170234577465 × 10^277 |
| 151 | ov_151 | 4.274780029467057 × 10^277 |
| 152 | ov_152 | 2.800691560182481 × 10^277 |
| 153 | ov_153 | 1.7173809921675295 × 10^277 |
| 154 | ov_154 | 9.625459186177533 × 10^276 |
| 155 | ov_155 | 4.811470270748372 × 10^276 |
| 156 | aaa_76_25 | 1.8488964355522708 × 10^276 |
| 157 | aaa_76_26 | 1.0677859918983287 × 10^276 |
| 158 | aaa_76_27 | 5.466414671000735 × 10^275 |
| 159 | aaa_76_28 | 2.128622005494902 × 10^275 |
| 160 | aaa_76_29 | 6.4743650353903185 × 10^274 |

### Output Bits Sorted by Complexity

| Rank | Output Bit | Complexity |
|:----:|:----------:|:----------:|
| 160 | aaa_76_29 | 6.4743650353903185 × 10^274 |
| 159 | aaa_76_28 | 2.128622005494902 × 10^275 |
| 158 | aaa_76_27 | 5.466414671000735 × 10^275 |
| 157 | aaa_76_26 | 1.0677859918983287 × 10^276 |
| 156 | aaa_76_25 | 1.8488964355522708 × 10^276 |
| 155 | ov_155 | 4.811470270748372 × 10^276 |
| 154 | ov_154 | 9.625459186177533 × 10^276 |
| 153 | ov_153 | 1.7173809921675295 × 10^277 |
| 152 | ov_152 | 2.800691560182481 × 10^277 |
| 151 | ov_151 | 4.274780029467057 × 10^277 |
| 150 | ov_150 | 6.2715170234577465 × 10^277 |
| 149 | ov_149 | 8.93730967158539 × 10^277 |
| 148 | ov_148 | 1.2433115022600862 × 10^278 |
| 147 | ov_147 | 1.693446245327379 × 10^278 |
| 146 | ov_146 | 2.2631489255611474 × 10^278 |
| 145 | ov_145 | 2.9728995654896303 × 10^278 |
| 144 | ov_144 | 3.844652777610248 × 10^278 |
| 143 | ov_143 | 4.901849855019772 × 10^278 |
| 142 | ov_142 | 6.169435759789071 × 10^278 |
| 141 | ov_141 | 7.673882217538966 × 10^278 |
| 140 | ov_140 | 9.443218231523065 × 10^278 |
| 139 | ov_139 | 1.150706943460488 × 10^279 |
| 138 | ov_138 | 1.3896707802951652 × 10^279 |
| 137 | ov_137 | 1.6645113361230074 × 10^279 |
| 136 | ov_136 | 1.9787049615823066 × 10^279 |
| 135 | ov_135 | 2.3359154560421225 × 10^279 |
| 134 | ov_134 | 2.740004920770337 × 10^279 |
| 133 | ov_133 | 3.1950465712239684 × 10^279 |
| 132 | ov_132 | 3.705339726387309 × 10^279 |
| 131 | ov_131 | 4.275427204842813 × 10^279 |
| 130 | ov_130 | 4.2754302543112193 × 10^279 |
| 129 | ov_129 | 4.2754428653098665 × 10^279 |
| 128 | aaa_77_29 | 4.6187519413171845 × 10^279 |
| 127 | aaa_77_28 | 1.2325190385760987 × 10^280 |
| 126 | ov_126 | 3.8608731615879204 × 10^280 |
| 125 | ov_125 | 8.675300726060942 × 10^280 |
| 124 | ov_124 | 1.6523050709403825 × 10^281 |
| 123 | ov_123 | 2.8251381393235294 × 10^281 |
| 122 | ov_122 | 4.470758656011017 × 10^281 |
| 121 | ov_121 | 6.673906371206181 × 10^281 |
| 120 | ov_120 | 9.519344775811747 × 10^281 |
| 119 | ov_119 | 1.3091882673999794 × 10^282 |
| 118 | ov_118 | 1.7476406154802243 × 10^282 |
| 117 | ov_117 | 2.2757927192548208 × 10^282 |
| 116 | ov_116 | 2.902165915771424 × 10^282 |
| 115 | ov_115 | 3.6353122868598865 × 10^282 |
| 114 | ov_114 | 4.483827871119976 × 10^282 |
| 113 | ov_113 | 5.456368991124708 × 10^282 |
| 112 | ov_112 | 6.561673305205067 × 10^282 |
| 111 | ov_111 | 7.808586715732853 × 10^282 |
| 110 | ov_110 | 9.206096715993732 × 10^282 |
| 109 | ov_109 | 1.0763372758680717 × 10^283 |
| 108 | ov_108 | 1.2489814230524449 × 10^283 |
| 107 | ov_107 | 1.4395106619862606 × 10^283 |
| 106 | ov_106 | 1.6489286467369402 × 10^283 |
| 105 | ov_105 | 1.8782815695113074 × 10^283 |
| 104 | ov_104 | 2.128666591602544 × 10^283 |
| 103 | ov_103 | 2.4012413335237207 × 10^283 |
| 102 | ov_102 | 2.697234486708028 × 10^283 |
| 101 | ov_101 | 3.01795761074521 × 10^283 |
| 100 | ov_100 | 3.3648181821267096 × 10^283 |
| 99 | ov_099 | 3.739333962955717 × 10^283 |
| 98 | ov_098 | 3.7393696840051614 × 10^283 |
| 97 | ov_097 | 3.7394815350505282 × 10^283 |
| 96 | aaa_78_29 | 5.663572108610078 × 10^283 |
| 95 | aaa_78_28 | 1.8441568355289103 × 10^284 |
| 94 | ov_094 | 5.972139199055688 × 10^284 |
| 93 | ov_093 | 1.3942277026922272 × 10^285 |
| 92 | ov_092 | 2.7902674241105915 × 10^285 |
| 91 | ov_091 | 5.0591280956335026 × 10^285 |
| 90 | ov_090 | 8.807407053274641 × 10^285 |
| 89 | ov_089 | 1.4759771831996762 × 10^286 |
| 88 | ov_088 | 2.336726359539545 × 10^286 |
| 87 | ov_087 | 3.5140300553788255 × 10^286 |
| 86 | ov_086 | 5.115941861739735 × 10^286 |
| 85 | ov_085 | 7.26250303631187 × 10^286 |
| 84 | ov_084 | 1.0085856955244601 × 10^287 |
| 83 | ov_083 | 1.3730404783891935 × 10^287 |
| 82 | ov_082 | 1.835300914833491 × 10^287 |
| 81 | ov_081 | 2.4123252592571537 × 10^287 |
| 64 | lv_79_m31 | 2.970061881546033 × 10^287 |
| 80 | ov_080 | 3.122375761155569 × 10^287 |
| 79 | ov_079 | 3.9850575058946086 × 10^287 |
| 78 | ov_078 | 5.021364774221102 × 10^287 |
| 77 | ov_077 | 6.253735603877397 × 10^287 |
| 76 | ov_076 | 7.70611523974594 × 10^287 |
| 75 | ov_075 | 9.404029163210165 × 10^287 |
| 74 | ov_074 | 1.1374666397201291 × 10^288 |
| 73 | ov_073 | 1.364697379111966 × 10^288 |
| 63 | ov_063 | 1.5250489732020823 × 10^288 |
| 72 | ov_072 | 1.6251761999960745 × 10^288 |
| 71 | ov_071 | 1.922182388507828 × 10^288 |
| 70 | ov_070 | 2.259206608066532 × 10^288 |
| 69 | ov_069 | 2.6399654490860612 × 10^288 |
| 68 | ov_068 | 3.068417450807196 × 10^288 |
| 67 | ov_067 | 3.548780677437659 × 10^288 |
| 66 | ov_066 | 3.5487834031850756 × 10^288 |
| 65 | ov_065 | 3.548794540358867 × 10^288 |
| 62 | ov_062 | 7.829051619344842 × 10^288 |
| 61 | ov_061 | 2.8555612900089096 × 10^289 |
| 60 | ov_060 | 8.179503333003583 × 10^289 |
| 59 | ov_059 | 1.9748852259180994 × 10^290 |
| 58 | ov_058 | 4.010171333902674 × 10^290 |
| 57 | ov_057 | 7.24862425636679 × 10^290 |
| 56 | ov_056 | 1.2086067757506661 × 10^291 |
| 55 | ov_055 | 1.938516592011913 × 10^291 |
| 54 | ov_054 | 2.9683793696366543 × 10^291 |
| 53 | ov_053 | 4.3590894712095584 × 10^291 |
| 52 | ov_052 | 6.178653986075232 × 10^291 |
| 51 | ov_051 | 8.570209503485285 × 10^291 |
| 50 | ov_050 | 1.1691153153720817 × 10^292 |
| 49 | ov_049 | 1.571318259101161 × 10^292 |
| 48 | ov_048 | 2.0822355199877394 × 10^292 |
| 47 | ov_047 | 2.721917121454136 × 10^292 |
| 32 | lv_80_m31 | 3.2222169982916 × 10^292 |
| 46 | ov_046 | 3.511868717580108 × 10^292 |
| 45 | ov_045 | 4.475066840012396 × 10^292 |
| 44 | ov_044 | 5.635979055112408 × 10^292 |
| 43 | ov_043 | 7.020590137886722 × 10^292 |
| 42 | ov_042 | 8.656435468224928 × 10^292 |
| 41 | ov_041 | 1.0572642955811478 × 10^293 |
| 40 | ov_040 | 1.278501699988482 × 10^293 |
| 39 | ov_039 | 1.5310233213610382 × 10^293 |
| 31 | ov_031 | 1.6515777744613979 × 10^293 |
| 38 | ov_038 | 1.8165880101670296 × 10^293 |
| 37 | ov_037 | 2.138809710023407 × 10^293 |
| 36 | ov_036 | 2.5015006850613543 × 10^293 |
| 35 | ov_035 | 2.908684174042753 × 10^293 |
| 34 | ov_034 | 3.364609120947674 × 10^293 |
| 33 | ov_033 | 3.8737672067777415 × 10^293 |
| 30 | ov_030 | 8.464258487808832 × 10^293 |
| 29 | ov_029 | 2.767978074726722 × 10^294 |
| 28 | ov_028 | 7.181853565436212 × 10^294 |
| 27 | ov_027 | 1.604760326121729 × 10^295 |
| 26 | ov_026 | 3.404275850687385 × 10^295 |
| 25 | ov_025 | 6.736171863853886 × 10^295 |
| 24 | ov_024 | 1.237157946189196 × 10^296 |
| 23 | ov_023 | 2.1233334462185454 × 10^296 |
| 22 | ov_022 | 3.439601179677311 × 10^296 |
| 21 | ov_021 | 5.308599862365906 × 10^296 |
| 20 | ov_020 | 7.86816278102258 × 10^296 |
| 19 | ov_019 | 1.1271339610053441 × 10^297 |
| 18 | ov_018 | 1.5686429975130658 × 10^297 |
| 17 | ov_017 | 2.1297033401913826 × 10^297 |
| 16 | ov_016 | 2.8302120856389665 × 10^297 |
| 15 | ov_015 | 3.691613286014127 × 10^297 |
| 14 | ov_014 | 4.7369110016962025 × 10^297 |
| 13 | ov_013 | 5.990686446818034 × 10^297 |
| 12 | ov_012 | 7.479120368990585 × 10^297 |
| 11 | ov_011 | 9.23002197971428 × 10^297 |
| 10 | ov_010 | 1.1272865866656931 × 10^298 |
| 9 | ov_009 | 1.3638838434243875 × 10^298 |
| 8 | ov_008 | 1.6360895535073128 × 10^298 |
| 7 | ov_007 | 1.9473833071818173 × 10^298 |
| 6 | ov_006 | 2.3014372467868045 × 10^298 |
| 5 | ov_005 | 2.7021263025417997 × 10^298 |
| 4 | ov_004 | 3.153540331259568 × 10^298 |
| 3 | ov_003 | 3.65999836974403 × 10^298 |
| 2 | ov_002 | 4.2260651818842813 × 10^298 |
| 1 | ov_001 | 4.856570243604248 × 10^298 |

