# Results for F001-F002-F003-F004-F005-F006-F007-F008-F009-F010-F011-F012-F013-F014-F015-F016-F017-F018-F019-F020-F021-F022-F023-F024-F025-F026-F027-F028-F029-F030-F031-F032-F033-F034-F035-F036-F037-F038-F039-F040-F041-F042-F043-F044-F045-F046-F047-F048-F049-F050-F051-F052-F053-F054-F055-F056-F057-F058-F059-F060-F061-F062-F063-F064-F065-F066-F067-F068-F069-F070-F071-F072-F073-F074-F075-F076-F077-F078-F079-F080-F081-F082-F083-F084-F085-F086-F087-F088-F089-F090-F091-F092-F093-F094-F095-F096-F097-F098-F099-F100-F101-F102-F103-F104-F105-F106-F107-F108-F109-F110-F111-F112-F113-F114-F115-F116-F117-F118-F119-F120-F121-F122-F123-F124-F125-F126-F127-F128-F129-F130-F131-F132-F133-F134-F135-F136-F137-F138-F139-F140-F141-F142-F143-F144-F145-F146-F147-F148-F149-F150-F151-F152-F153-F154-F155-F156-F157-F158-F159-F160-F161-F162-F163-F164-F165-F166-F167-F168-F169-F170-F171-F172-F173-F174-F175-F176-F177-F178-F179-F180-F181-F182-F183-F184-F185-F186-F187-F188-F189-F190-F191-F192-F193-F194-F195-F196-F197-F198-F199-F200-F201-F202-F203-F204-F205-F206-F207-F208-F209-F210-F211-F212-F213-F214-F215-F216-F217-F218-F219-F220-F221-F222-F223-F224-F225-F226-F227-F228-F229-F230-F231-F232-F233-F234-F235-F236-F237-F238-F239-F240-F241-F242-F243-F244-F245-F246-F247-F248-F249-F250-F251-F252-F253-F254-F255-F256-F257-F258-F259-F260-F261-F262-F263-F264-F265-F266-F267-F268-F269-F270-F271-F272-F273-F274-F275-F276-F277-F278-F279-F280-F281-F282-F283-F284-F285-F286-F287-F288-F289-F290-F291-F292-F293-F294-F295-F296-F297-F298-F299-F300-F301-F302-F303-F304-F305-F306-F307-F308-F309-F310-F311-F312-F313-F314-F315-F316-F317-F318-F319-F320-F321-F322-F323-F324-F325-F326-F327-F328-F329-F330-F331-F332-F333-F334-F335-F336-F337-F338-F339-F340-F341-F342-F343-F344-F345-F346-F347-F348-F349-F350-F351-F352-F353-F354-F355-F356-F357-F358-F359-F360-F361-F362-F363-F364-F365-F366-F367-F368-F369-F370-F371-F372-F373-F374-F375-F376-F377-F378-F379-F380-F381-F382-F383-F384-F385-F386-F387-F388-F389-F390-F391-F392-F393-F394-F395-F396-F397-F398-F399-F400-F401-F402-F403-F404-F405-F406-F407-F408-F409-F410-F411-F412-F413-F414-F415-F416-F417-F418-F419-F420-F421-F422-F423-F424-F425-F426-F427-F428-F429-F430-F431-F432-F433-F434-F435-F436-F437-F438-F439-F440-F441-F442-F443-F444-F445-F446-F447-F448-F449-F450-F451-F452-F453-F454-F455-F456-F457-F458-F459-F460-F461-F462-F463-F464-F465-F466-F467-F468-F469-F470-F471-F472-F473-F474-F475-F476-F477-F478-F479-F480-F481-F482-F483-F484-F485-F486-F487-F488-F489-F490-F491-F492-F493-F494-F495-F496-O504505-F509-F510-F511-F512

## Summary

Number of input bits: 512  
Number of free input bits: 11  
Number of output bits: 160

Number of direct occurrences: 44727  
Number of assignments: 31280  
Number of operations: 11289962
(xor: 11261535,
and: 15116,
or: 13311)

Total complexity: 5.296625323642425 × 10^301

Least occurring input variable: iv_498 (3937)  
Most occurring input variable: iv_507 (4182)

Most co-occurring input variables: iv_501-iv_502 (2139)  
Least co-occurring input variables: iv_499-iv_506 (1812)

Potentially most occurring input variable: iv_501/iv_507 (4458)  
Potentially least occurring input variable: iv_501/iv_502 (4022)

Least output occurring input variable: iv_500 (68)  
Most output occurring input variable: iv_497 (89)

Most output co-occurring input variables: iv_497-iv_498 (52)  
Least output co-occurring input variables: iv_500-iv_501 (27)

Potentially most output occurring input variable: iv_499/iv_503 (94)  
Potentially least output occurring input variable: iv_501/iv_502 (62)

Least complex input bit: iv_497 (3.4967835918057614 × 10^299)  
Most complex input bit: iv_508 (1.386232400226863 × 10^301)

Least complex output bit: aaa_76_29 (2.2248374540618905 × 10^276)  
Most complex output bit: ov_001 (8.4724302124412 × 10^300)

Least complex input/output complexity: iv_497/aaa_76_29 (1.4688173371584547 × 10^274)  
Most complex input/output complexity: iv_508/ov_001 (2.2174038281926677 × 10^300)

## Input Bits

### Input Bits in Regular Order

| Input Bit | Complexity | Occurrences | Output Occurrences |
|:---------:|:----------:|:-----------:|:------------------:|
| iv_497 | 3.4967835918057614 × 10^299 | 4092 | 89 |
| iv_498 | 6.9976174179182445 × 10^299 | 3937 | 83 |
| iv_499 | 1.23564786842366 × 10^300 | 3984 | 76 |
| iv_500 | 2.0799986518476512 × 10^300 | 4012 | 68 |
| iv_501 | 3.423756770535433 × 10^300 | 4124 | 71 |
| iv_502 | 5.519423558162963 × 10^300 | 4176 | 73 |
| iv_503 | 3.2220311102856886 × 10^300 | 4085 | 80 |
| iv_504 | 3.91487104338774 × 10^300 | 4056 | 77 |
| iv_506 | 7.138271809146054 × 10^300 | 3979 | 83 |
| iv_507 | 1.1520488321394088 × 10^301 | 4182 | 78 |
| iv_508 | 1.386232400226863 × 10^301 | 4100 | 82 |

### Input Bits Sorted by Complexity

| Input Bit | Complexity | Occurrences | Output Occurrences |
|:---------:|:----------:|:-----------:|:------------------:|
| iv_497 | 3.4967835918057614 × 10^299 | 4092 | 89 |
| iv_498 | 6.9976174179182445 × 10^299 | 3937 | 83 |
| iv_499 | 1.23564786842366 × 10^300 | 3984 | 76 |
| iv_500 | 2.0799986518476512 × 10^300 | 4012 | 68 |
| iv_503 | 3.2220311102856886 × 10^300 | 4085 | 80 |
| iv_501 | 3.423756770535433 × 10^300 | 4124 | 71 |
| iv_504 | 3.91487104338774 × 10^300 | 4056 | 77 |
| iv_502 | 5.519423558162963 × 10^300 | 4176 | 73 |
| iv_506 | 7.138271809146054 × 10^300 | 3979 | 83 |
| iv_507 | 1.1520488321394088 × 10^301 | 4182 | 78 |
| iv_508 | 1.386232400226863 × 10^301 | 4100 | 82 |

### Input Bits Sorted by Occurrences

| Input Bit | Complexity | Occurrences | Output Occurrences |
|:---------:|:----------:|:-----------:|:------------------:|
| iv_498 | 6.9976174179182445 × 10^299 | 3937 | 83 |
| iv_506 | 7.138271809146054 × 10^300 | 3979 | 83 |
| iv_499 | 1.23564786842366 × 10^300 | 3984 | 76 |
| iv_500 | 2.0799986518476512 × 10^300 | 4012 | 68 |
| iv_504 | 3.91487104338774 × 10^300 | 4056 | 77 |
| iv_503 | 3.2220311102856886 × 10^300 | 4085 | 80 |
| iv_497 | 3.4967835918057614 × 10^299 | 4092 | 89 |
| iv_508 | 1.386232400226863 × 10^301 | 4100 | 82 |
| iv_501 | 3.423756770535433 × 10^300 | 4124 | 71 |
| iv_502 | 5.519423558162963 × 10^300 | 4176 | 73 |
| iv_507 | 1.1520488321394088 × 10^301 | 4182 | 78 |

### Input Bits Sorted by Output Occurrences

| Input Bit | Complexity | Occurrences | Output Occurrences |
|:---------:|:----------:|:-----------:|:------------------:|
| iv_500 | 2.0799986518476512 × 10^300 | 4012 | 68 |
| iv_501 | 3.423756770535433 × 10^300 | 4124 | 71 |
| iv_502 | 5.519423558162963 × 10^300 | 4176 | 73 |
| iv_499 | 1.23564786842366 × 10^300 | 3984 | 76 |
| iv_504 | 3.91487104338774 × 10^300 | 4056 | 77 |
| iv_507 | 1.1520488321394088 × 10^301 | 4182 | 78 |
| iv_503 | 3.2220311102856886 × 10^300 | 4085 | 80 |
| iv_508 | 1.386232400226863 × 10^301 | 4100 | 82 |
| iv_498 | 6.9976174179182445 × 10^299 | 3937 | 83 |
| iv_506 | 7.138271809146054 × 10^300 | 3979 | 83 |
| iv_497 | 3.4967835918057614 × 10^299 | 4092 | 89 |

## Input Bit Co-occurrences

### Input Bit Co-occurrences Sorted by Co-occurrences

| Input Bits | Co-occurrences | Potential Occurrences | Output Co-occurrences | Potential Output Occurrences |
|:----------:|:--------------:|:---------------------:|:---------------------:|:----------------------------:|
| iv_501-iv_502 | 2139 | 4022 | 41 | 62 |
| iv_502-iv_507 | 2045 | 4268 | 34 | 83 |
| iv_506-iv_507 | 2002 | 4157 | 37 | 87 |
| iv_497-iv_502 | 1980 | 4308 | 41 | 80 |
| iv_507-iv_508 | 1975 | 4332 | 44 | 72 |
| iv_499-iv_502 | 1971 | 4218 | 29 | 91 |
| iv_500-iv_502 | 1966 | 4256 | 27 | 87 |
| iv_497-iv_501 | 1965 | 4286 | 36 | 88 |
| iv_497-iv_507 | 1963 | 4348 | 41 | 85 |
| iv_497-iv_500 | 1958 | 4188 | 47 | 63 |
| iv_503-iv_507 | 1952 | 4363 | 41 | 76 |

### Input Bit Co-occurrences Sorted by Potential Occurrences

| Input Bits | Co-occurrences | Potential Occurrences | Output Co-occurrences | Potential Output Occurrences |
|:----------:|:--------------:|:---------------------:|:---------------------:|:----------------------------:|
| iv_501-iv_502 | 2139 | 4022 | 41 | 62 |
| iv_506-iv_507 | 2002 | 4157 | 37 | 87 |
| iv_497-iv_500 | 1958 | 4188 | 47 | 63 |
| iv_500-iv_506 | 1897 | 4197 | 36 | 79 |
| iv_499-iv_504 | 1920 | 4200 | 35 | 83 |
| iv_503-iv_506 | 1929 | 4206 | 43 | 77 |
| iv_498-iv_501 | 1926 | 4209 | 40 | 74 |
| iv_499-iv_501 | 1945 | 4218 | 32 | 83 |
| iv_499-iv_502 | 1971 | 4218 | 29 | 91 |
| iv_497-iv_498 | 1896 | 4237 | 52 | 68 |
| iv_498-iv_504 | 1876 | 4241 | 39 | 82 |

### Input Bit Output Co-occurrences Sorted by Output Co-occurrences

| Input Bits | Co-occurrences | Potential Occurrences | Output Co-occurrences | Potential Output Occurrences |
|:----------:|:--------------:|:---------------------:|:---------------------:|:----------------------------:|
| iv_497-iv_498 | 1896 | 4237 | 52 | 68 |
| iv_497-iv_499 | 1897 | 4282 | 50 | 65 |
| iv_497-iv_500 | 1958 | 4188 | 47 | 63 |
| iv_497-iv_508 | 1875 | 4442 | 47 | 77 |
| iv_504-iv_506 | 1848 | 4339 | 46 | 68 |
| iv_497-iv_504 | 1906 | 4336 | 45 | 76 |
| iv_506-iv_508 | 1883 | 4313 | 45 | 75 |
| iv_498-iv_508 | 1815 | 4407 | 44 | 77 |
| iv_507-iv_508 | 1975 | 4332 | 44 | 72 |
| iv_498-iv_507 | 1905 | 4309 | 43 | 75 |
| iv_503-iv_506 | 1929 | 4206 | 43 | 77 |

### Input Bit Output Co-occurrences Sorted by Potential Output Occurrences

| Input Bits | Co-occurrences | Potential Occurrences | Output Co-occurrences | Potential Output Occurrences |
|:----------:|:--------------:|:---------------------:|:---------------------:|:----------------------------:|
| iv_501-iv_502 | 2139 | 4022 | 41 | 62 |
| iv_497-iv_500 | 1958 | 4188 | 47 | 63 |
| iv_497-iv_499 | 1897 | 4282 | 50 | 65 |
| iv_504-iv_506 | 1848 | 4339 | 46 | 68 |
| iv_497-iv_498 | 1896 | 4237 | 52 | 68 |
| iv_507-iv_508 | 1975 | 4332 | 44 | 72 |
| iv_504-iv_507 | 1932 | 4374 | 41 | 73 |
| iv_500-iv_508 | 1900 | 4312 | 38 | 74 |
| iv_498-iv_501 | 1926 | 4209 | 40 | 74 |
| iv_498-iv_507 | 1905 | 4309 | 43 | 75 |
| iv_499-iv_506 | 1812 | 4339 | 42 | 75 |

## Output Bits

### Output Bits in Regular Order

| Rank | Output Bit | Complexity |
|:----:|:----------:|:----------:|
| 1 | ov_001 | 8.4724302124412 × 10^300 |
| 2 | ov_002 | 7.347499712508252 × 10^300 |
| 3 | ov_003 | 6.339772378335965 × 10^300 |
| 4 | ov_004 | 5.4403674289190345 × 10^300 |
| 5 | ov_005 | 4.6408883015965905 × 10^300 |
| 6 | ov_006 | 3.93338812857563 × 10^300 |
| 7 | ov_007 | 3.310339670735122 × 10^300 |
| 8 | ov_008 | 2.7646094189779555 × 10^300 |
| 9 | ov_009 | 2.289435540558567 × 10^300 |
| 10 | ov_010 | 1.8784092886836623 × 10^300 |
| 11 | ov_011 | 1.5254594893314476 × 10^300 |
| 12 | ov_012 | 1.2248397413201641 × 10^300 |
| 13 | ov_013 | 9.711179873195144 × 10^299 |
| 14 | ov_014 | 7.591681348332997 × 10^299 |
| 15 | ov_015 | 5.841634272677675 × 10^299 |
| 16 | ov_016 | 4.415712861029108 × 10^299 |
| 17 | ov_017 | 3.271493659544635 × 10^299 |
| 18 | ov_018 | 2.3694258499107516 × 10^299 |
| 19 | ov_019 | 1.6728091378232416 × 10^299 |
| 20 | ov_020 | 1.1477773592548471 × 10^299 |
| 21 | ov_021 | 7.63286421721593 × 10^298 |
| 22 | ov_022 | 4.911056428626169 × 10^298 |
| 23 | ov_023 | 3.058117610835843 × 10^298 |
| 24 | ov_024 | 1.8478499552457252 × 10^298 |
| 25 | ov_025 | 1.0820663510470107 × 10^298 |
| 26 | ov_026 | 5.905771782074919 × 10^297 |
| 27 | ov_027 | 2.9528590223697073 × 10^297 |
| 28 | ov_028 | 1.3209071449401176 × 10^297 |
| 29 | ov_029 | 5.088390740435814 × 10^296 |
| 30 | ov_030 | 1.5551710659175686 × 10^296 |
| 31 | ov_031 | 3.032551808128231 × 10^295 |
| 32 | lv_80_m31 | 5.912419360763384 × 10^294 |
| 33 | ov_033 | 7.084484608157574 × 10^295 |
| 34 | ov_034 | 6.142778196441623 × 10^295 |
| 35 | ov_035 | 5.300382098650477 × 10^295 |
| 36 | ov_036 | 4.549214927978955 × 10^295 |
| 37 | ov_037 | 3.881630864328642 × 10^295 |
| 38 | ov_038 | 3.2903889282072534 × 10^295 |
| 39 | ov_039 | 2.768626452655437 × 10^295 |
| 40 | ov_040 | 2.30983634828703 × 10^295 |
| 41 | ov_041 | 1.9078477767220033 × 10^295 |
| 42 | ov_042 | 1.5596571670149496 × 10^295 |
| 43 | ov_043 | 1.262417219634997 × 10^295 |
| 44 | ov_044 | 1.0108786165739787 × 10^295 |
| 45 | ov_045 | 8.000780610745334 × 10^294 |
| 46 | ov_046 | 6.253309059668532 × 10^294 |
| 47 | ov_047 | 4.822252894832893 × 10^294 |
| 48 | ov_048 | 3.6661754138666094 × 10^294 |
| 49 | ov_049 | 2.7462866757242572 × 10^294 |
| 50 | ov_050 | 2.026417399220627 × 10^294 |
| 51 | ov_051 | 1.4730001010870115 × 10^294 |
| 52 | ov_052 | 1.055055712661516 × 10^294 |
| 53 | ov_053 | 7.44184174775842 × 10^293 |
| 54 | ov_054 | 5.14557909898847 × 10^293 |
| 55 | ov_055 | 3.4291743535225794 × 10^293 |
| 56 | ov_056 | 2.18274600133392 × 10^293 |
| 57 | ov_057 | 1.3092336481694597 × 10^293 |
| 58 | ov_058 | 7.243918767736315 × 10^292 |
| 59 | ov_059 | 3.567870299688027 × 10^292 |
| 60 | ov_060 | 1.477957387640151 × 10^292 |
| 61 | ov_061 | 5.160438736980482 × 10^291 |
| 62 | ov_062 | 1.4149829387170196 × 10^291 |
| 63 | ov_063 | 2.7565243207090316 × 10^290 |
| 64 | lv_79_m31 | 5.368688007185166 × 10^289 |
| 65 | ov_065 | 6.3742654736773704 × 10^290 |
| 66 | ov_066 | 6.374246675217539 × 10^290 |
| 67 | ov_067 | 6.374242168859302 × 10^290 |
| 68 | ov_068 | 5.509513751158586 × 10^290 |
| 69 | ov_069 | 4.7368659749741626 × 10^290 |
| 70 | ov_070 | 4.049330343032387 × 10^290 |
| 71 | ov_071 | 3.440281225535315 × 10^290 |
| 72 | ov_072 | 2.903412424698944 × 10^290 |
| 73 | ov_073 | 2.4327179029857178 × 10^290 |
| 74 | ov_074 | 2.0224761604728244 × 10^290 |
| 75 | ov_075 | 1.6672377738448162 × 10^290 |
| 76 | ov_076 | 1.3618156355452088 × 10^290 |
| 77 | ov_077 | 1.1012774568486103 × 10^290 |
| 78 | ov_078 | 8.809401231791975 × 10^289 |
| 79 | ov_079 | 6.963655140362858 × 10^289 |
| 80 | ov_080 | 5.433574235063188 × 10^289 |
| 81 | ov_081 | 4.1795924063846773 × 10^289 |
| 82 | ov_082 | 3.1645210460013603 × 10^289 |
| 83 | ov_083 | 2.3535336732801316 × 10^289 |
| 84 | ov_084 | 1.7141530558660105 × 10^289 |
| 85 | ov_085 | 1.2162405982876088 × 10^289 |
| 86 | ov_086 | 8.453104703010846 × 10^288 |
| 87 | ov_087 | 5.758774603168204 × 10^288 |
| 88 | ov_088 | 3.847745127738866 × 10^288 |
| 89 | ov_089 | 2.511489350992391 × 10^288 |
| 90 | ov_090 | 1.564597466057398 × 10^288 |
| 91 | ov_091 | 9.201411787461045 × 10^287 |
| 92 | ov_092 | 5.0273875404928925 × 10^287 |
| 93 | ov_093 | 2.4855127366805267 × 10^287 |
| 94 | ov_094 | 1.0528079761521304 × 10^287 |
| 95 | aaa_78_28 | 3.2169613913028075 × 10^286 |
| 96 | aaa_78_29 | 9.716615329915911 × 10^285 |
| 97 | ov_097 | 5.0367187423983646 × 10^285 |
| 98 | ov_098 | 5.036681799378042 × 10^285 |
| 99 | ov_099 | 5.036670011882559 × 10^285 |
| 100 | ov_100 | 4.2258926249459927 × 10^285 |
| 101 | ov_101 | 3.5183630903557495 × 10^285 |
| 102 | ov_102 | 2.9049472300129727 × 10^285 |
| 103 | ov_103 | 2.3770087184771865 × 10^285 |
| 104 | ov_104 | 1.9263728946724277 × 10^285 |
| 105 | ov_105 | 1.5452953912210767 × 10^285 |
| 106 | ov_106 | 1.2264351274204645 × 10^285 |
| 107 | ov_107 | 9.628312350163256 × 10^284 |
| 108 | ov_108 | 7.47883508279466 × 10^284 |
| 109 | ov_109 | 5.753359916223578 × 10^284 |
| 110 | ov_110 | 4.3926333924111546 × 10^284 |
| 111 | ov_111 | 3.3405960215421305 × 10^284 |
| 112 | ov_112 | 2.5442911863049033 × 10^284 |
| 113 | ov_113 | 1.953792044344474 × 10^284 |
| 114 | ov_114 | 1.5221435962785892 × 10^284 |
| 115 | ov_115 | 1.2053175799292096 × 10^284 |
| 116 | ov_116 | 9.6217834420019 × 10^283 |
| 117 | ov_117 | 7.5445776663052 × 10^283 |
| 118 | ov_118 | 5.793192534807185 × 10^283 |
| 119 | ov_119 | 4.339353458158136 × 10^283 |
| 120 | ov_120 | 3.1548493542074454 × 10^283 |
| 121 | ov_121 | 2.2115114153589247 × 10^283 |
| 122 | ov_122 | 1.4811974790204543 × 10^283 |
| 123 | ov_123 | 9.357809961090258 × 10^282 |
| 124 | ov_124 | 5.471435925862342 × 10^282 |
| 125 | ov_125 | 2.871704633588692 × 10^282 |
| 126 | ov_126 | 1.2774802389228766 × 10^282 |
| 127 | aaa_77_28 | 4.076300927320009 × 10^281 |
| 128 | aaa_77_29 | 1.5265321429647476 × 10^281 |
| 129 | ov_129 | 1.4029953194089747 × 10^281 |
| 130 | ov_130 | 1.4029909898428033 × 10^281 |
| 131 | ov_131 | 1.4029899441699244 × 10^281 |
| 132 | ov_132 | 1.2132118295164587 × 10^281 |
| 133 | ov_133 | 1.043658907757319 × 10^281 |
| 134 | ov_134 | 8.927779617194876 × 10^280 |
| 135 | ov_135 | 7.59097668170846 × 10^280 |
| 136 | ov_136 | 6.412227133346793 × 10^280 |
| 137 | ov_137 | 5.378287583460951 × 10^280 |
| 138 | ov_138 | 4.476581713179236 × 10^280 |
| 139 | ov_139 | 3.6951644686820352 × 10^280 |
| 140 | ov_140 | 3.0226923803758674 × 10^280 |
| 141 | ov_141 | 2.4483992951986412 × 10^280 |
| 142 | ov_142 | 1.9620768506450326 × 10^280 |
| 143 | ov_143 | 1.5540590580430312 × 10^280 |
| 144 | ov_144 | 1.2152104012759456 × 10^280 |
| 145 | ov_145 | 9.369168956263686 × 10^279 |
| 146 | ov_146 | 7.110795897843071 × 10^279 |
| 147 | ov_147 | 5.30110032349493 × 10^279 |
| 148 | ov_148 | 3.8692726238970086 × 10^279 |
| 149 | ov_149 | 2.74955921806626 × 10^279 |
| 150 | ov_150 | 1.9103455444447013 × 10^279 |
| 151 | ov_151 | 1.2959606549207538 × 10^279 |
| 152 | ov_152 | 8.557670077013282 × 10^278 |
| 153 | ov_153 | 5.44157279441043 × 10^278 |
| 154 | ov_154 | 3.2055214026196554 × 10^278 |
| 155 | ov_155 | 1.6591869361794633 × 10^278 |
| 156 | aaa_76_25 | 6.373705918569913 × 10^277 |
| 157 | aaa_76_26 | 3.6787169508135587 × 10^277 |
| 158 | aaa_76_27 | 1.8819506487023283 × 10^277 |
| 159 | aaa_76_28 | 7.321624794060045 × 10^276 |
| 160 | aaa_76_29 | 2.2248374540618905 × 10^276 |

### Output Bits Sorted by Complexity

| Rank | Output Bit | Complexity |
|:----:|:----------:|:----------:|
| 160 | aaa_76_29 | 2.2248374540618905 × 10^276 |
| 159 | aaa_76_28 | 7.321624794060045 × 10^276 |
| 158 | aaa_76_27 | 1.8819506487023283 × 10^277 |
| 157 | aaa_76_26 | 3.6787169508135587 × 10^277 |
| 156 | aaa_76_25 | 6.373705918569913 × 10^277 |
| 155 | ov_155 | 1.6591869361794633 × 10^278 |
| 154 | ov_154 | 3.2055214026196554 × 10^278 |
| 153 | ov_153 | 5.44157279441043 × 10^278 |
| 152 | ov_152 | 8.557670077013282 × 10^278 |
| 151 | ov_151 | 1.2959606549207538 × 10^279 |
| 150 | ov_150 | 1.9103455444447013 × 10^279 |
| 149 | ov_149 | 2.74955921806626 × 10^279 |
| 148 | ov_148 | 3.8692726238970086 × 10^279 |
| 147 | ov_147 | 5.30110032349493 × 10^279 |
| 146 | ov_146 | 7.110795897843071 × 10^279 |
| 145 | ov_145 | 9.369168956263686 × 10^279 |
| 144 | ov_144 | 1.2152104012759456 × 10^280 |
| 143 | ov_143 | 1.5540590580430312 × 10^280 |
| 142 | ov_142 | 1.9620768506450326 × 10^280 |
| 141 | ov_141 | 2.4483992951986412 × 10^280 |
| 140 | ov_140 | 3.0226923803758674 × 10^280 |
| 139 | ov_139 | 3.6951644686820352 × 10^280 |
| 138 | ov_138 | 4.476581713179236 × 10^280 |
| 137 | ov_137 | 5.378287583460951 × 10^280 |
| 136 | ov_136 | 6.412227133346793 × 10^280 |
| 135 | ov_135 | 7.59097668170846 × 10^280 |
| 134 | ov_134 | 8.927779617194876 × 10^280 |
| 133 | ov_133 | 1.043658907757319 × 10^281 |
| 132 | ov_132 | 1.2132118295164587 × 10^281 |
| 131 | ov_131 | 1.4029899441699244 × 10^281 |
| 130 | ov_130 | 1.4029909898428033 × 10^281 |
| 129 | ov_129 | 1.4029953194089747 × 10^281 |
| 128 | aaa_77_29 | 1.5265321429647476 × 10^281 |
| 127 | aaa_77_28 | 4.076300927320009 × 10^281 |
| 126 | ov_126 | 1.2774802389228766 × 10^282 |
| 125 | ov_125 | 2.871704633588692 × 10^282 |
| 124 | ov_124 | 5.471435925862342 × 10^282 |
| 123 | ov_123 | 9.357809961090258 × 10^282 |
| 122 | ov_122 | 1.4811974790204543 × 10^283 |
| 121 | ov_121 | 2.2115114153589247 × 10^283 |
| 120 | ov_120 | 3.1548493542074454 × 10^283 |
| 119 | ov_119 | 4.339353458158136 × 10^283 |
| 118 | ov_118 | 5.793192534807185 × 10^283 |
| 117 | ov_117 | 7.5445776663052 × 10^283 |
| 116 | ov_116 | 9.6217834420019 × 10^283 |
| 115 | ov_115 | 1.2053175799292096 × 10^284 |
| 114 | ov_114 | 1.5221435962785892 × 10^284 |
| 113 | ov_113 | 1.953792044344474 × 10^284 |
| 112 | ov_112 | 2.5442911863049033 × 10^284 |
| 111 | ov_111 | 3.3405960215421305 × 10^284 |
| 110 | ov_110 | 4.3926333924111546 × 10^284 |
| 109 | ov_109 | 5.753359916223578 × 10^284 |
| 108 | ov_108 | 7.47883508279466 × 10^284 |
| 107 | ov_107 | 9.628312350163256 × 10^284 |
| 106 | ov_106 | 1.2264351274204645 × 10^285 |
| 105 | ov_105 | 1.5452953912210767 × 10^285 |
| 104 | ov_104 | 1.9263728946724277 × 10^285 |
| 103 | ov_103 | 2.3770087184771865 × 10^285 |
| 102 | ov_102 | 2.9049472300129727 × 10^285 |
| 101 | ov_101 | 3.5183630903557495 × 10^285 |
| 100 | ov_100 | 4.2258926249459927 × 10^285 |
| 99 | ov_099 | 5.036670011882559 × 10^285 |
| 98 | ov_098 | 5.036681799378042 × 10^285 |
| 97 | ov_097 | 5.0367187423983646 × 10^285 |
| 96 | aaa_78_29 | 9.716615329915911 × 10^285 |
| 95 | aaa_78_28 | 3.2169613913028075 × 10^286 |
| 94 | ov_094 | 1.0528079761521304 × 10^287 |
| 93 | ov_093 | 2.4855127366805267 × 10^287 |
| 92 | ov_092 | 5.0273875404928925 × 10^287 |
| 91 | ov_091 | 9.201411787461045 × 10^287 |
| 90 | ov_090 | 1.564597466057398 × 10^288 |
| 89 | ov_089 | 2.511489350992391 × 10^288 |
| 88 | ov_088 | 3.847745127738866 × 10^288 |
| 87 | ov_087 | 5.758774603168204 × 10^288 |
| 86 | ov_086 | 8.453104703010846 × 10^288 |
| 85 | ov_085 | 1.2162405982876088 × 10^289 |
| 84 | ov_084 | 1.7141530558660105 × 10^289 |
| 83 | ov_083 | 2.3535336732801316 × 10^289 |
| 82 | ov_082 | 3.1645210460013603 × 10^289 |
| 81 | ov_081 | 4.1795924063846773 × 10^289 |
| 64 | lv_79_m31 | 5.368688007185166 × 10^289 |
| 80 | ov_080 | 5.433574235063188 × 10^289 |
| 79 | ov_079 | 6.963655140362858 × 10^289 |
| 78 | ov_078 | 8.809401231791975 × 10^289 |
| 77 | ov_077 | 1.1012774568486103 × 10^290 |
| 76 | ov_076 | 1.3618156355452088 × 10^290 |
| 75 | ov_075 | 1.6672377738448162 × 10^290 |
| 74 | ov_074 | 2.0224761604728244 × 10^290 |
| 73 | ov_073 | 2.4327179029857178 × 10^290 |
| 63 | ov_063 | 2.7565243207090316 × 10^290 |
| 72 | ov_072 | 2.903412424698944 × 10^290 |
| 71 | ov_071 | 3.440281225535315 × 10^290 |
| 70 | ov_070 | 4.049330343032387 × 10^290 |
| 69 | ov_069 | 4.7368659749741626 × 10^290 |
| 68 | ov_068 | 5.509513751158586 × 10^290 |
| 67 | ov_067 | 6.374242168859302 × 10^290 |
| 66 | ov_066 | 6.374246675217539 × 10^290 |
| 65 | ov_065 | 6.3742654736773704 × 10^290 |
| 62 | ov_062 | 1.4149829387170196 × 10^291 |
| 61 | ov_061 | 5.160438736980482 × 10^291 |
| 60 | ov_060 | 1.477957387640151 × 10^292 |
| 59 | ov_059 | 3.567870299688027 × 10^292 |
| 58 | ov_058 | 7.243918767736315 × 10^292 |
| 57 | ov_057 | 1.3092336481694597 × 10^293 |
| 56 | ov_056 | 2.18274600133392 × 10^293 |
| 55 | ov_055 | 3.4291743535225794 × 10^293 |
| 54 | ov_054 | 5.14557909898847 × 10^293 |
| 53 | ov_053 | 7.44184174775842 × 10^293 |
| 52 | ov_052 | 1.055055712661516 × 10^294 |
| 51 | ov_051 | 1.4730001010870115 × 10^294 |
| 50 | ov_050 | 2.026417399220627 × 10^294 |
| 49 | ov_049 | 2.7462866757242572 × 10^294 |
| 48 | ov_048 | 3.6661754138666094 × 10^294 |
| 47 | ov_047 | 4.822252894832893 × 10^294 |
| 32 | lv_80_m31 | 5.912419360763384 × 10^294 |
| 46 | ov_046 | 6.253309059668532 × 10^294 |
| 45 | ov_045 | 8.000780610745334 × 10^294 |
| 44 | ov_044 | 1.0108786165739787 × 10^295 |
| 43 | ov_043 | 1.262417219634997 × 10^295 |
| 42 | ov_042 | 1.5596571670149496 × 10^295 |
| 41 | ov_041 | 1.9078477767220033 × 10^295 |
| 40 | ov_040 | 2.30983634828703 × 10^295 |
| 39 | ov_039 | 2.768626452655437 × 10^295 |
| 31 | ov_031 | 3.032551808128231 × 10^295 |
| 38 | ov_038 | 3.2903889282072534 × 10^295 |
| 37 | ov_037 | 3.881630864328642 × 10^295 |
| 36 | ov_036 | 4.549214927978955 × 10^295 |
| 35 | ov_035 | 5.300382098650477 × 10^295 |
| 34 | ov_034 | 6.142778196441623 × 10^295 |
| 33 | ov_033 | 7.084484608157574 × 10^295 |
| 30 | ov_030 | 1.5551710659175686 × 10^296 |
| 29 | ov_029 | 5.088390740435814 × 10^296 |
| 28 | ov_028 | 1.3209071449401176 × 10^297 |
| 27 | ov_027 | 2.9528590223697073 × 10^297 |
| 26 | ov_026 | 5.905771782074919 × 10^297 |
| 25 | ov_025 | 1.0820663510470107 × 10^298 |
| 24 | ov_024 | 1.8478499552457252 × 10^298 |
| 23 | ov_023 | 3.058117610835843 × 10^298 |
| 22 | ov_022 | 4.911056428626169 × 10^298 |
| 21 | ov_021 | 7.63286421721593 × 10^298 |
| 20 | ov_020 | 1.1477773592548471 × 10^299 |
| 19 | ov_019 | 1.6728091378232416 × 10^299 |
| 18 | ov_018 | 2.3694258499107516 × 10^299 |
| 17 | ov_017 | 3.271493659544635 × 10^299 |
| 16 | ov_016 | 4.415712861029108 × 10^299 |
| 15 | ov_015 | 5.841634272677675 × 10^299 |
| 14 | ov_014 | 7.591681348332997 × 10^299 |
| 13 | ov_013 | 9.711179873195144 × 10^299 |
| 12 | ov_012 | 1.2248397413201641 × 10^300 |
| 11 | ov_011 | 1.5254594893314476 × 10^300 |
| 10 | ov_010 | 1.8784092886836623 × 10^300 |
| 9 | ov_009 | 2.289435540558567 × 10^300 |
| 8 | ov_008 | 2.7646094189779555 × 10^300 |
| 7 | ov_007 | 3.310339670735122 × 10^300 |
| 6 | ov_006 | 3.93338812857563 × 10^300 |
| 5 | ov_005 | 4.6408883015965905 × 10^300 |
| 4 | ov_004 | 5.4403674289190345 × 10^300 |
| 3 | ov_003 | 6.339772378335965 × 10^300 |
| 2 | ov_002 | 7.347499712508252 × 10^300 |
| 1 | ov_001 | 8.4724302124412 × 10^300 |

