# Results for F001-F002-F003-F004-F005-F006-F007-F008-F009-F010-F011-F012-F013-F014-F015-F016-F017-F018-F019-F020-F021-F022-F023-F024-F025-F026-F027-F028-F029-F030-F031-F032-F033-F034-F035-F036-F037-F038-F039-F040-F041-F042-F043-F044-F045-F046-F047-F048-F049-F050-F051-F052-F053-F054-F055-F056-F057-F058-F059-F060-F061-F062-F063-F064-F065-F066-F067-F068-F069-F070-F071-F072-F073-F074-F075-F076-F077-F078-F079-F080-F081-F082-F083-F084-F085-F086-F087-F088-F089-F090-F091-F092-F093-F094-F095-F096-F097-F098-F099-F100-F101-F102-F103-F104-F105-F106-F107-F108-F109-F110-F111-F112-F113-F114-F115-F116-F117-F118-F119-F120-F121-F122-F123-F124-F125-F126-F127-F128-F129-F130-F131-F132-F133-F134-F135-F136-F137-F138-F139-F140-F141-F142-F143-F144-F145-F146-F147-F148-F149-F150-F151-F152-F153-F154-F155-F156-F157-F158-F159-F160-F161-F162-F163-F164-F165-F166-F167-F168-F169-F170-F171-F172-F173-F174-F175-F176-F177-F178-F179-F180-F181-F182-F183-F184-F185-F186-F187-F188-F189-F190-F191-F192-F193-F194-F195-F196-F197-F198-F199-F200-F201-F202-F203-F204-F205-F206-F207-F208-F209-F210-F211-F212-F213-F214-F215-F216-F217-F218-F219-F220-F221-F222-F223-F224-F225-F226-F227-F228-F229-F230-F231-F232-F233-F234-F235-F236-F237-F238-F239-F240-F241-F242-F243-F244-F245-F246-F247-F248-F249-F250-F251-F252-F253-F254-F255-F256-F257-F258-F259-F260-F261-F262-F263-F264-F265-F266-F267-F268-F269-F270-F271-F272-F273-F274-F275-F276-F277-F278-F279-F280-F281-F282-F283-F284-F285-F286-F287-F288-F289-F290-F291-F292-F293-F294-F295-F296-F297-F298-F299-F300-F301-F302-F303-F304-F305-F306-F307-F308-F309-F310-F311-F312-F313-F314-F315-F316-F317-F318-F319-F320-F321-F322-F323-F324-F325-F326-F327-F328-F329-F330-F331-F332-F333-F334-F335-F336-F337-F338-F339-F340-F341-F342-F343-F344-F345-F346-F347-F348-F349-F350-F351-F352-F353-F354-F355-F356-F357-F358-F359-F360-F361-F362-F363-F364-F365-F366-F367-F368-F369-F370-F371-F372-F373-F374-F375-F376-F377-F378-F379-F380-F381-F382-F383-F384-F385-F386-F387-F388-F389-F390-F391-F392-F393-F394-F395-F396-F397-F398-F399-F400-F401-F402-F403-F404-F405-F406-F407-F408-F409-F410-F411-F412-F413-F414-F415-F416-F417-F418-F419-F420-F421-F422-F423-F424-F425-F426-F427-F428-F429-F430-F431-F432-F433-F434-F435-F436-F437-F438-F439-F440-F441-F442-F443-F444-F445-F446-F447-F448-F449-F450-F451-F452-F453-F454-F455-F456-F457-F458-F459-F460-F461-F462-F463-F464-F465-F466-F467-F468-F469-F470-F471-F472-F473-F474-F475-F476-F477-F478-F479-F480-F481-F482-F483-F484-F485-F486-F487-F488-F489-F490-F491-F492-F493-F494-F495-F496-O497502-E499505-F510-F511-F512

## Summary

Number of input bits: 512  
Number of free input bits: 11  
Number of output bits: 160

Number of direct occurrences: 44836  
Number of assignments: 31396  
Number of operations: 10985593
(xor: 10957405,
and: 14777,
or: 13411)

Total complexity: 2.82458710585982 × 10^299

Least occurring input variable: iv_498 (3902)  
Most occurring input variable: iv_509 (4220)

Most co-occurring input variables: iv_508-iv_509 (2056)  
Least co-occurring input variables: iv_499-iv_506 (1815)

Potentially most occurring input variable: iv_497/iv_509 (4554)  
Potentially least occurring input variable: iv_499/iv_504 (4116)

Least output occurring input variable: iv_499 (57)  
Most output occurring input variable: iv_509 (85)

Most output co-occurring input variables: iv_498-iv_509 (49)  
Least output co-occurring input variables: iv_499-iv_501 (25)

Potentially most output occurring input variable: iv_503/iv_509 (94)  
Potentially least output occurring input variable: iv_498/iv_499 (67)

Least complex input bit: iv_498 (1.6088681812545747 × 10^297)  
Most complex input bit: iv_499 (5.084824192922656 × 10^298)

Least complex output bit: aaa_76_29 (2.132655459627694 × 10^274)  
Most complex output bit: ov_001 (4.4798335079583727 × 10^298)

Least complex input/output complexity: iv_498/aaa_76_29 (1.2147479904073922 × 10^272)  
Most complex input/output complexity: iv_499/ov_001 (8.064600222197151 × 10^297)

## Input Bits

### Input Bits in Regular Order

| Input Bit | Complexity | Occurrences | Output Occurrences |
|:---------:|:----------:|:-----------:|:------------------:|
| iv_497 | 1.3465301016568166 × 10^298 | 4214 | 71 |
| iv_498 | 1.6088681812545747 × 10^297 | 3902 | 84 |
| iv_499 | 5.084824192922656 × 10^298 | 4162 | 57 |
| iv_500 | 4.7552030239059716 × 10^297 | 4102 | 76 |
| iv_501 | 7.83301012144352 × 10^297 | 4060 | 83 |
| iv_503 | 2.011237928352571 × 10^298 | 4034 | 75 |
| iv_504 | 3.135246758917898 × 10^298 | 3912 | 78 |
| iv_506 | 2.429156333452207 × 10^298 | 3937 | 82 |
| iv_507 | 3.4876898014396603 × 10^298 | 4163 | 76 |
| iv_508 | 4.6316072262509676 × 10^298 | 4130 | 74 |
| iv_509 | 4.6998705829450115 × 10^298 | 4220 | 85 |

### Input Bits Sorted by Complexity

| Input Bit | Complexity | Occurrences | Output Occurrences |
|:---------:|:----------:|:-----------:|:------------------:|
| iv_498 | 1.6088681812545747 × 10^297 | 3902 | 84 |
| iv_500 | 4.7552030239059716 × 10^297 | 4102 | 76 |
| iv_501 | 7.83301012144352 × 10^297 | 4060 | 83 |
| iv_497 | 1.3465301016568166 × 10^298 | 4214 | 71 |
| iv_503 | 2.011237928352571 × 10^298 | 4034 | 75 |
| iv_506 | 2.429156333452207 × 10^298 | 3937 | 82 |
| iv_504 | 3.135246758917898 × 10^298 | 3912 | 78 |
| iv_507 | 3.4876898014396603 × 10^298 | 4163 | 76 |
| iv_508 | 4.6316072262509676 × 10^298 | 4130 | 74 |
| iv_509 | 4.6998705829450115 × 10^298 | 4220 | 85 |
| iv_499 | 5.084824192922656 × 10^298 | 4162 | 57 |

### Input Bits Sorted by Occurrences

| Input Bit | Complexity | Occurrences | Output Occurrences |
|:---------:|:----------:|:-----------:|:------------------:|
| iv_498 | 1.6088681812545747 × 10^297 | 3902 | 84 |
| iv_504 | 3.135246758917898 × 10^298 | 3912 | 78 |
| iv_506 | 2.429156333452207 × 10^298 | 3937 | 82 |
| iv_503 | 2.011237928352571 × 10^298 | 4034 | 75 |
| iv_501 | 7.83301012144352 × 10^297 | 4060 | 83 |
| iv_500 | 4.7552030239059716 × 10^297 | 4102 | 76 |
| iv_508 | 4.6316072262509676 × 10^298 | 4130 | 74 |
| iv_499 | 5.084824192922656 × 10^298 | 4162 | 57 |
| iv_507 | 3.4876898014396603 × 10^298 | 4163 | 76 |
| iv_497 | 1.3465301016568166 × 10^298 | 4214 | 71 |
| iv_509 | 4.6998705829450115 × 10^298 | 4220 | 85 |

### Input Bits Sorted by Output Occurrences

| Input Bit | Complexity | Occurrences | Output Occurrences |
|:---------:|:----------:|:-----------:|:------------------:|
| iv_499 | 5.084824192922656 × 10^298 | 4162 | 57 |
| iv_497 | 1.3465301016568166 × 10^298 | 4214 | 71 |
| iv_508 | 4.6316072262509676 × 10^298 | 4130 | 74 |
| iv_503 | 2.011237928352571 × 10^298 | 4034 | 75 |
| iv_500 | 4.7552030239059716 × 10^297 | 4102 | 76 |
| iv_507 | 3.4876898014396603 × 10^298 | 4163 | 76 |
| iv_504 | 3.135246758917898 × 10^298 | 3912 | 78 |
| iv_506 | 2.429156333452207 × 10^298 | 3937 | 82 |
| iv_501 | 7.83301012144352 × 10^297 | 4060 | 83 |
| iv_498 | 1.6088681812545747 × 10^297 | 3902 | 84 |
| iv_509 | 4.6998705829450115 × 10^298 | 4220 | 85 |

## Input Bit Co-occurrences

### Input Bit Co-occurrences Sorted by Co-occurrences

| Input Bits | Co-occurrences | Potential Occurrences | Output Co-occurrences | Potential Output Occurrences |
|:----------:|:--------------:|:---------------------:|:---------------------:|:----------------------------:|
| iv_508-iv_509 | 2056 | 4238 | 38 | 83 |
| iv_507-iv_509 | 2047 | 4289 | 42 | 77 |
| iv_497-iv_507 | 2022 | 4333 | 34 | 79 |
| iv_499-iv_509 | 2018 | 4346 | 30 | 82 |
| iv_501-iv_509 | 2013 | 4254 | 47 | 74 |
| iv_497-iv_501 | 1997 | 4280 | 36 | 82 |
| iv_497-iv_500 | 1986 | 4344 | 36 | 75 |
| iv_499-iv_507 | 1984 | 4357 | 29 | 75 |
| iv_499-iv_504 | 1979 | 4116 | 27 | 81 |
| iv_497-iv_508 | 1979 | 4386 | 33 | 79 |
| iv_503-iv_509 | 1977 | 4300 | 33 | 94 |

### Input Bit Co-occurrences Sorted by Potential Occurrences

| Input Bits | Co-occurrences | Potential Occurrences | Output Co-occurrences | Potential Output Occurrences |
|:----------:|:--------------:|:---------------------:|:---------------------:|:----------------------------:|
| iv_499-iv_504 | 1979 | 4116 | 27 | 81 |
| iv_504-iv_506 | 1861 | 4127 | 42 | 76 |
| iv_506-iv_507 | 1972 | 4156 | 39 | 80 |
| iv_498-iv_504 | 1824 | 4166 | 45 | 72 |
| iv_498-iv_506 | 1834 | 4171 | 41 | 84 |
| iv_500-iv_504 | 1903 | 4208 | 39 | 76 |
| iv_503-iv_506 | 1874 | 4223 | 38 | 81 |
| iv_503-iv_504 | 1859 | 4228 | 34 | 85 |
| iv_508-iv_509 | 2056 | 4238 | 38 | 83 |
| iv_500-iv_506 | 1900 | 4239 | 34 | 90 |
| iv_504-iv_508 | 1899 | 4244 | 40 | 72 |

### Input Bit Output Co-occurrences Sorted by Output Co-occurrences

| Input Bits | Co-occurrences | Potential Occurrences | Output Co-occurrences | Potential Output Occurrences |
|:----------:|:--------------:|:---------------------:|:---------------------:|:----------------------------:|
| iv_498-iv_509 | 1866 | 4390 | 49 | 71 |
| iv_501-iv_509 | 2013 | 4254 | 47 | 74 |
| iv_498-iv_501 | 1849 | 4264 | 46 | 75 |
| iv_498-iv_504 | 1824 | 4166 | 45 | 72 |
| iv_498-iv_508 | 1854 | 4324 | 45 | 68 |
| iv_501-iv_506 | 1848 | 4301 | 44 | 77 |
| iv_498-iv_503 | 1843 | 4250 | 44 | 71 |
| iv_501-iv_508 | 1928 | 4334 | 43 | 71 |
| iv_506-iv_509 | 1953 | 4251 | 43 | 81 |
| iv_497-iv_509 | 1940 | 4554 | 42 | 72 |
| iv_504-iv_506 | 1861 | 4127 | 42 | 76 |

### Input Bit Output Co-occurrences Sorted by Potential Output Occurrences

| Input Bits | Co-occurrences | Potential Occurrences | Output Co-occurrences | Potential Output Occurrences |
|:----------:|:--------------:|:---------------------:|:---------------------:|:----------------------------:|
| iv_498-iv_499 | 1827 | 4410 | 37 | 67 |
| iv_498-iv_508 | 1854 | 4324 | 45 | 68 |
| iv_501-iv_508 | 1928 | 4334 | 43 | 71 |
| iv_498-iv_503 | 1843 | 4250 | 44 | 71 |
| iv_498-iv_509 | 1866 | 4390 | 49 | 71 |
| iv_497-iv_509 | 1940 | 4554 | 42 | 72 |
| iv_504-iv_508 | 1899 | 4244 | 40 | 72 |
| iv_498-iv_504 | 1824 | 4166 | 45 | 72 |
| iv_497-iv_499 | 1934 | 4508 | 28 | 72 |
| iv_499-iv_503 | 1897 | 4402 | 30 | 72 |
| iv_497-iv_504 | 1906 | 4314 | 38 | 73 |

## Output Bits

### Output Bits in Regular Order

| Rank | Output Bit | Complexity |
|:----:|:----------:|:----------:|
| 1 | ov_001 | 4.4798335079583727 × 10^298 |
| 2 | ov_002 | 3.890239754760667 × 10^298 |
| 3 | ov_003 | 3.361585822805847 × 10^298 |
| 4 | ov_004 | 2.889277625225782 × 10^298 |
| 5 | ov_005 | 2.468971505322661 × 10^298 |
| 6 | ov_006 | 2.096556496115623 × 10^298 |
| 7 | ov_007 | 1.7681388837683184 × 10^298 |
| 8 | ov_008 | 1.4800288889641884 × 10^298 |
| 9 | ov_009 | 1.2287292922716502 × 10^298 |
| 10 | ov_010 | 1.0109258143676656 × 10^298 |
| 11 | ov_011 | 8.234790598395086 × 10^297 |
| 12 | ov_012 | 6.634178442289693 × 10^297 |
| 13 | ov_013 | 5.279337347135687 × 10^297 |
| 14 | ov_014 | 4.1437664538472784 × 10^297 |
| 15 | ov_015 | 3.2025133852389656 × 10^297 |
| 16 | ov_016 | 2.4321469362743825 × 10^297 |
| 17 | ov_017 | 1.8107361621566138 × 10^297 |
| 18 | ov_018 | 1.3178346870062152 × 10^297 |
| 19 | ov_019 | 9.344691579570576 × 10^296 |
| 20 | ov_020 | 6.431308713779367 × 10^296 |
| 21 | ov_021 | 4.2776974143771046 × 10^296 |
| 22 | ov_022 | 2.7379000184116622 × 10^296 |
| 23 | ov_023 | 1.6804723307808764 × 10^296 |
| 24 | ov_024 | 9.884640644109117 × 10^295 |
| 25 | ov_025 | 5.594068685600584 × 10^295 |
| 26 | ov_026 | 3.053077689906729 × 10^295 |
| 27 | ov_027 | 1.5264608053020936 × 10^295 |
| 28 | ov_028 | 6.827930607564096 × 10^294 |
| 29 | ov_029 | 2.630032884697687 × 10^294 |
| 30 | ov_030 | 8.037330913717593 × 10^293 |
| 31 | ov_031 | 1.5670163081371895 × 10^293 |
| 32 | lv_80_m31 | 3.054569834176878 × 10^292 |
| 33 | ov_033 | 3.6623304165599555 × 10^293 |
| 34 | ov_034 | 3.175569946964611 × 10^293 |
| 35 | ov_035 | 2.7399395316026043 × 10^293 |
| 36 | ov_036 | 2.351427348594514 × 10^293 |
| 37 | ov_037 | 2.0062389741959888 × 10^293 |
| 38 | ov_038 | 1.7007819907601828 × 10^293 |
| 39 | ov_039 | 1.431652658602581 × 10^293 |
| 40 | ov_040 | 1.1956244575956647 × 10^293 |
| 41 | ov_041 | 9.89638314481577 × 10^292 |
| 42 | ov_042 | 8.107943418151423 × 10^292 |
| 43 | ov_043 | 6.576814488848111 × 10^292 |
| 44 | ov_044 | 5.276985708971315 × 10^292 |
| 45 | ov_045 | 4.1838651927938405 × 10^292 |
| 46 | ov_046 | 3.274242180055723 × 10^292 |
| 47 | ov_047 | 2.5262572357715386 × 10^292 |
| 48 | ov_048 | 1.9193791060604638 × 10^292 |
| 49 | ov_049 | 1.434387139043193 × 10^292 |
| 50 | ov_050 | 1.0533582687940348 × 10^292 |
| 51 | ov_051 | 7.596576487985898 × 10^291 |
| 52 | ov_052 | 5.3793210946577255 × 10^291 |
| 53 | ov_053 | 3.741057020782688 × 10^291 |
| 54 | ov_054 | 2.553767089036269 × 10^291 |
| 55 | ov_055 | 1.7021567031311292 × 10^291 |
| 56 | ov_056 | 1.0836413442060948 × 10^291 |
| 57 | ov_057 | 6.501050866005575 × 10^290 |
| 58 | ov_058 | 3.597819799780808 × 10^290 |
| 59 | ov_059 | 1.7725465699227921 × 10^290 |
| 60 | ov_060 | 7.345370492572025 × 10^289 |
| 61 | ov_061 | 2.565744033168613 × 10^289 |
| 62 | ov_062 | 7.038167047779327 × 10^288 |
| 63 | ov_063 | 1.3717339354288312 × 10^288 |
| 64 | lv_79_m31 | 2.672887085437096 × 10^287 |
| 65 | ov_065 | 3.1815116911099145 × 10^288 |
| 66 | ov_066 | 3.181503973112968 × 10^288 |
| 67 | ov_067 | 3.181502159968395 × 10^288 |
| 68 | ov_068 | 2.754170160516559 × 10^288 |
| 69 | ov_069 | 2.3717252067524033 × 10^288 |
| 70 | ov_070 | 2.0308112050331146 × 10^288 |
| 71 | ov_071 | 1.7282319918366797 × 10^288 |
| 72 | ov_072 | 1.4609432831740728 × 10^288 |
| 73 | ov_073 | 1.2260463211806189 × 10^288 |
| 74 | ov_074 | 1.0207827022788034 × 10^288 |
| 75 | ov_075 | 8.425299515614365 × 10^287 |
| 76 | ov_076 | 6.887975902781554 × 10^287 |
| 77 | ov_077 | 5.572236156353485 × 10^287 |
| 78 | ov_078 | 4.455713688132463 × 10^287 |
| 79 | ov_079 | 3.517267675357012 × 10^287 |
| 80 | ov_080 | 2.7369587985926912 × 10^287 |
| 81 | ov_081 | 2.0960281609634475 × 10^287 |
| 82 | ov_082 | 1.576879159685276 × 10^287 |
| 83 | ov_083 | 1.1630620821578325 × 10^287 |
| 84 | ov_084 | 8.392611997733689 × 10^286 |
| 85 | ov_085 | 5.912841332243425 × 10^286 |
| 86 | ov_086 | 4.0605326351245316 × 10^286 |
| 87 | ov_087 | 2.7159896313892887 × 10^286 |
| 88 | ov_088 | 1.7705442212919612 × 10^286 |
| 89 | ov_089 | 1.1265184364606247 × 10^286 |
| 90 | ov_090 | 6.971978399920967 × 10^285 |
| 91 | ov_091 | 4.068141188451899 × 10^285 |
| 92 | ov_092 | 2.2021797567058205 × 10^285 |
| 93 | ov_093 | 1.077260706484726 × 10^285 |
| 94 | ov_094 | 4.5119172611437724 × 10^284 |
| 95 | aaa_78_28 | 1.3641403889604436 × 10^284 |
| 96 | aaa_78_29 | 4.053371230078636 × 10^283 |
| 97 | ov_097 | 2.280643658940444 × 10^283 |
| 98 | ov_098 | 2.2806064305525094 × 10^283 |
| 99 | ov_099 | 2.280594538875625 × 10^283 |
| 100 | ov_100 | 1.8619748230361215 × 10^283 |
| 101 | ov_101 | 1.515951569218026 × 10^283 |
| 102 | ov_102 | 1.2333480884796996 × 10^283 |
| 103 | ov_103 | 1.005491765946325 × 10^283 |
| 104 | ov_104 | 8.241773085656742 × 10^282 |
| 105 | ov_105 | 6.81634765166114 × 10^282 |
| 106 | ov_106 | 5.705018845539367 × 10^282 |
| 107 | ov_107 | 4.8380039978643654 × 10^282 |
| 108 | ov_108 | 4.149158483539052 × 10^282 |
| 109 | ov_109 | 3.5758055895677615 × 10^282 |
| 110 | ov_110 | 3.0585945601011186 × 10^282 |
| 111 | ov_111 | 2.594411770925054 × 10^282 |
| 112 | ov_112 | 2.1802199612460353 × 10^282 |
| 113 | ov_113 | 1.813042030890444 × 10^282 |
| 114 | ov_114 | 1.4899473453349982 × 10^282 |
| 115 | ov_115 | 1.2080403560978852 × 10^282 |
| 116 | ov_116 | 9.644513443815692 × 10^281 |
| 117 | ov_117 | 7.563290960698979 × 10^281 |
| 118 | ov_118 | 5.808353163118805 × 10^281 |
| 119 | ov_119 | 4.3514059200893135 × 10^281 |
| 120 | ov_120 | 3.1642157696882934 × 10^281 |
| 121 | ov_121 | 2.218589648604639 × 10^281 |
| 122 | ov_122 | 1.4863599662151101 × 10^281 |
| 123 | ov_123 | 9.393740653315448 × 10^280 |
| 124 | ov_124 | 5.494871117869771 × 10^280 |
| 125 | ov_125 | 2.885576886890741 × 10^280 |
| 126 | ov_126 | 1.2844554862093132 × 10^280 |
| 127 | aaa_77_28 | 4.101075062092717 × 10^279 |
| 128 | aaa_77_29 | 1.5370747839581456 × 10^279 |
| 129 | ov_129 | 1.4203978143884922 × 10^279 |
| 130 | ov_130 | 1.4203936610486124 × 10^279 |
| 131 | ov_131 | 1.4203926569557658 × 10^279 |
| 132 | ov_132 | 1.2317341963597412 × 10^279 |
| 133 | ov_133 | 1.0621271154362546 × 10^279 |
| 134 | ov_134 | 9.108046529197564 × 10^278 |
| 135 | ov_135 | 7.763543112861722 × 10^278 |
| 136 | ov_136 | 6.574375424328502 × 10^278 |
| 137 | ov_137 | 5.527848332989529 × 10^278 |
| 138 | ov_138 | 4.611915129878985 × 10^278 |
| 139 | ov_139 | 3.815142089959498 × 10^278 |
| 140 | ov_140 | 3.1266788391409123 × 10^278 |
| 141 | ov_141 | 2.5362338764881732 × 10^278 |
| 142 | ov_142 | 2.034054638227382 × 10^278 |
| 143 | ov_143 | 1.6109115258550222 × 10^278 |
| 144 | ov_144 | 1.258085356033886 × 10^278 |
| 145 | ov_145 | 9.673577251267742 × 10^277 |
| 146 | ov_146 | 7.310038162519209 × 10^277 |
| 147 | ov_147 | 5.41787211692544 × 10^277 |
| 148 | ov_148 | 3.9295630838668594 × 10^277 |
| 149 | ov_149 | 2.7824196907938217 × 10^277 |
| 150 | ov_150 | 1.918560765476451 × 10^277 |
| 151 | ov_151 | 1.2849069311750385 × 10^277 |
| 152 | ov_152 | 8.331757457587839 × 10^276 |
| 153 | ov_153 | 5.198786637260689 × 10^276 |
| 154 | ov_154 | 3.0631899930376736 × 10^276 |
| 155 | ov_155 | 1.585905902230824 × 10^276 |
| 156 | aaa_76_25 | 6.0937879605965435 × 10^275 |
| 157 | aaa_76_26 | 3.518931089586138 × 10^275 |
| 158 | aaa_76_27 | 1.801248443243642 × 10^275 |
| 159 | aaa_76_28 | 7.0128926631436885 × 10^274 |
| 160 | aaa_76_29 | 2.132655459627694 × 10^274 |

### Output Bits Sorted by Complexity

| Rank | Output Bit | Complexity |
|:----:|:----------:|:----------:|
| 160 | aaa_76_29 | 2.132655459627694 × 10^274 |
| 159 | aaa_76_28 | 7.0128926631436885 × 10^274 |
| 158 | aaa_76_27 | 1.801248443243642 × 10^275 |
| 157 | aaa_76_26 | 3.518931089586138 × 10^275 |
| 156 | aaa_76_25 | 6.0937879605965435 × 10^275 |
| 155 | ov_155 | 1.585905902230824 × 10^276 |
| 154 | ov_154 | 3.0631899930376736 × 10^276 |
| 153 | ov_153 | 5.198786637260689 × 10^276 |
| 152 | ov_152 | 8.331757457587839 × 10^276 |
| 151 | ov_151 | 1.2849069311750385 × 10^277 |
| 150 | ov_150 | 1.918560765476451 × 10^277 |
| 149 | ov_149 | 2.7824196907938217 × 10^277 |
| 148 | ov_148 | 3.9295630838668594 × 10^277 |
| 147 | ov_147 | 5.41787211692544 × 10^277 |
| 146 | ov_146 | 7.310038162519209 × 10^277 |
| 145 | ov_145 | 9.673577251267742 × 10^277 |
| 144 | ov_144 | 1.258085356033886 × 10^278 |
| 143 | ov_143 | 1.6109115258550222 × 10^278 |
| 142 | ov_142 | 2.034054638227382 × 10^278 |
| 141 | ov_141 | 2.5362338764881732 × 10^278 |
| 140 | ov_140 | 3.1266788391409123 × 10^278 |
| 139 | ov_139 | 3.815142089959498 × 10^278 |
| 138 | ov_138 | 4.611915129878985 × 10^278 |
| 137 | ov_137 | 5.527848332989529 × 10^278 |
| 136 | ov_136 | 6.574375424328502 × 10^278 |
| 135 | ov_135 | 7.763543112861722 × 10^278 |
| 134 | ov_134 | 9.108046529197564 × 10^278 |
| 133 | ov_133 | 1.0621271154362546 × 10^279 |
| 132 | ov_132 | 1.2317341963597412 × 10^279 |
| 131 | ov_131 | 1.4203926569557658 × 10^279 |
| 130 | ov_130 | 1.4203936610486124 × 10^279 |
| 129 | ov_129 | 1.4203978143884922 × 10^279 |
| 128 | aaa_77_29 | 1.5370747839581456 × 10^279 |
| 127 | aaa_77_28 | 4.101075062092717 × 10^279 |
| 126 | ov_126 | 1.2844554862093132 × 10^280 |
| 125 | ov_125 | 2.885576886890741 × 10^280 |
| 124 | ov_124 | 5.494871117869771 × 10^280 |
| 123 | ov_123 | 9.393740653315448 × 10^280 |
| 122 | ov_122 | 1.4863599662151101 × 10^281 |
| 121 | ov_121 | 2.218589648604639 × 10^281 |
| 120 | ov_120 | 3.1642157696882934 × 10^281 |
| 119 | ov_119 | 4.3514059200893135 × 10^281 |
| 118 | ov_118 | 5.808353163118805 × 10^281 |
| 117 | ov_117 | 7.563290960698979 × 10^281 |
| 116 | ov_116 | 9.644513443815692 × 10^281 |
| 115 | ov_115 | 1.2080403560978852 × 10^282 |
| 114 | ov_114 | 1.4899473453349982 × 10^282 |
| 113 | ov_113 | 1.813042030890444 × 10^282 |
| 112 | ov_112 | 2.1802199612460353 × 10^282 |
| 111 | ov_111 | 2.594411770925054 × 10^282 |
| 110 | ov_110 | 3.0585945601011186 × 10^282 |
| 109 | ov_109 | 3.5758055895677615 × 10^282 |
| 108 | ov_108 | 4.149158483539052 × 10^282 |
| 107 | ov_107 | 4.8380039978643654 × 10^282 |
| 106 | ov_106 | 5.705018845539367 × 10^282 |
| 105 | ov_105 | 6.81634765166114 × 10^282 |
| 104 | ov_104 | 8.241773085656742 × 10^282 |
| 103 | ov_103 | 1.005491765946325 × 10^283 |
| 102 | ov_102 | 1.2333480884796996 × 10^283 |
| 101 | ov_101 | 1.515951569218026 × 10^283 |
| 100 | ov_100 | 1.8619748230361215 × 10^283 |
| 99 | ov_099 | 2.280594538875625 × 10^283 |
| 98 | ov_098 | 2.2806064305525094 × 10^283 |
| 97 | ov_097 | 2.280643658940444 × 10^283 |
| 96 | aaa_78_29 | 4.053371230078636 × 10^283 |
| 95 | aaa_78_28 | 1.3641403889604436 × 10^284 |
| 94 | ov_094 | 4.5119172611437724 × 10^284 |
| 93 | ov_093 | 1.077260706484726 × 10^285 |
| 92 | ov_092 | 2.2021797567058205 × 10^285 |
| 91 | ov_091 | 4.068141188451899 × 10^285 |
| 90 | ov_090 | 6.971978399920967 × 10^285 |
| 89 | ov_089 | 1.1265184364606247 × 10^286 |
| 88 | ov_088 | 1.7705442212919612 × 10^286 |
| 87 | ov_087 | 2.7159896313892887 × 10^286 |
| 86 | ov_086 | 4.0605326351245316 × 10^286 |
| 85 | ov_085 | 5.912841332243425 × 10^286 |
| 84 | ov_084 | 8.392611997733689 × 10^286 |
| 83 | ov_083 | 1.1630620821578325 × 10^287 |
| 82 | ov_082 | 1.576879159685276 × 10^287 |
| 81 | ov_081 | 2.0960281609634475 × 10^287 |
| 64 | lv_79_m31 | 2.672887085437096 × 10^287 |
| 80 | ov_080 | 2.7369587985926912 × 10^287 |
| 79 | ov_079 | 3.517267675357012 × 10^287 |
| 78 | ov_078 | 4.455713688132463 × 10^287 |
| 77 | ov_077 | 5.572236156353485 × 10^287 |
| 76 | ov_076 | 6.887975902781554 × 10^287 |
| 75 | ov_075 | 8.425299515614365 × 10^287 |
| 74 | ov_074 | 1.0207827022788034 × 10^288 |
| 73 | ov_073 | 1.2260463211806189 × 10^288 |
| 63 | ov_063 | 1.3717339354288312 × 10^288 |
| 72 | ov_072 | 1.4609432831740728 × 10^288 |
| 71 | ov_071 | 1.7282319918366797 × 10^288 |
| 70 | ov_070 | 2.0308112050331146 × 10^288 |
| 69 | ov_069 | 2.3717252067524033 × 10^288 |
| 68 | ov_068 | 2.754170160516559 × 10^288 |
| 67 | ov_067 | 3.181502159968395 × 10^288 |
| 66 | ov_066 | 3.181503973112968 × 10^288 |
| 65 | ov_065 | 3.1815116911099145 × 10^288 |
| 62 | ov_062 | 7.038167047779327 × 10^288 |
| 61 | ov_061 | 2.565744033168613 × 10^289 |
| 60 | ov_060 | 7.345370492572025 × 10^289 |
| 59 | ov_059 | 1.7725465699227921 × 10^290 |
| 58 | ov_058 | 3.597819799780808 × 10^290 |
| 57 | ov_057 | 6.501050866005575 × 10^290 |
| 56 | ov_056 | 1.0836413442060948 × 10^291 |
| 55 | ov_055 | 1.7021567031311292 × 10^291 |
| 54 | ov_054 | 2.553767089036269 × 10^291 |
| 53 | ov_053 | 3.741057020782688 × 10^291 |
| 52 | ov_052 | 5.3793210946577255 × 10^291 |
| 51 | ov_051 | 7.596576487985898 × 10^291 |
| 50 | ov_050 | 1.0533582687940348 × 10^292 |
| 49 | ov_049 | 1.434387139043193 × 10^292 |
| 48 | ov_048 | 1.9193791060604638 × 10^292 |
| 47 | ov_047 | 2.5262572357715386 × 10^292 |
| 32 | lv_80_m31 | 3.054569834176878 × 10^292 |
| 46 | ov_046 | 3.274242180055723 × 10^292 |
| 45 | ov_045 | 4.1838651927938405 × 10^292 |
| 44 | ov_044 | 5.276985708971315 × 10^292 |
| 43 | ov_043 | 6.576814488848111 × 10^292 |
| 42 | ov_042 | 8.107943418151423 × 10^292 |
| 41 | ov_041 | 9.89638314481577 × 10^292 |
| 40 | ov_040 | 1.1956244575956647 × 10^293 |
| 39 | ov_039 | 1.431652658602581 × 10^293 |
| 31 | ov_031 | 1.5670163081371895 × 10^293 |
| 38 | ov_038 | 1.7007819907601828 × 10^293 |
| 37 | ov_037 | 2.0062389741959888 × 10^293 |
| 36 | ov_036 | 2.351427348594514 × 10^293 |
| 35 | ov_035 | 2.7399395316026043 × 10^293 |
| 34 | ov_034 | 3.175569946964611 × 10^293 |
| 33 | ov_033 | 3.6623304165599555 × 10^293 |
| 30 | ov_030 | 8.037330913717593 × 10^293 |
| 29 | ov_029 | 2.630032884697687 × 10^294 |
| 28 | ov_028 | 6.827930607564096 × 10^294 |
| 27 | ov_027 | 1.5264608053020936 × 10^295 |
| 26 | ov_026 | 3.053077689906729 × 10^295 |
| 25 | ov_025 | 5.594068685600584 × 10^295 |
| 24 | ov_024 | 9.884640644109117 × 10^295 |
| 23 | ov_023 | 1.6804723307808764 × 10^296 |
| 22 | ov_022 | 2.7379000184116622 × 10^296 |
| 21 | ov_021 | 4.2776974143771046 × 10^296 |
| 20 | ov_020 | 6.431308713779367 × 10^296 |
| 19 | ov_019 | 9.344691579570576 × 10^296 |
| 18 | ov_018 | 1.3178346870062152 × 10^297 |
| 17 | ov_017 | 1.8107361621566138 × 10^297 |
| 16 | ov_016 | 2.4321469362743825 × 10^297 |
| 15 | ov_015 | 3.2025133852389656 × 10^297 |
| 14 | ov_014 | 4.1437664538472784 × 10^297 |
| 13 | ov_013 | 5.279337347135687 × 10^297 |
| 12 | ov_012 | 6.634178442289693 × 10^297 |
| 11 | ov_011 | 8.234790598395086 × 10^297 |
| 10 | ov_010 | 1.0109258143676656 × 10^298 |
| 9 | ov_009 | 1.2287292922716502 × 10^298 |
| 8 | ov_008 | 1.4800288889641884 × 10^298 |
| 7 | ov_007 | 1.7681388837683184 × 10^298 |
| 6 | ov_006 | 2.096556496115623 × 10^298 |
| 5 | ov_005 | 2.468971505322661 × 10^298 |
| 4 | ov_004 | 2.889277625225782 × 10^298 |
| 3 | ov_003 | 3.361585822805847 × 10^298 |
| 2 | ov_002 | 3.890239754760667 × 10^298 |
| 1 | ov_001 | 4.4798335079583727 × 10^298 |

