# Results for F001-F002-F003-F004-F005-F006-F007-F008-F009-F010-F011-F012-F013-F014-F015-F016-F017-F018-F019-F020-F021-F022-F023-F024-F025-F026-F027-F028-F029-F030-F031-F032-F033-F034-F035-F036-F037-F038-F039-F040-F041-F042-F043-F044-F045-F046-F047-F048-F049-F050-F051-F052-F053-F054-F055-F056-F057-F058-F059-F060-F061-F062-F063-F064-F065-F066-F067-F068-F069-F070-F071-F072-F073-F074-F075-F076-F077-F078-F079-F080-F081-F082-F083-F084-F085-F086-F087-F088-F089-F090-F091-F092-F093-F094-F095-F096-F097-F098-F099-F100-F101-F102-F103-F104-F105-F106-F107-F108-F109-F110-F111-F112-F113-F114-F115-F116-F117-F118-F119-F120-F121-F122-F123-F124-F125-F126-F127-F128-F129-F130-F131-F132-F133-F134-F135-F136-F137-F138-F139-F140-F141-F142-F143-F144-F145-F146-F147-F148-F149-F150-F151-F152-F153-F154-F155-F156-F157-F158-F159-F160-F161-F162-F163-F164-F165-F166-F167-F168-F169-F170-F171-F172-F173-F174-F175-F176-F177-F178-F179-F180-F181-F182-F183-F184-F185-F186-F187-F188-F189-F190-F191-F192-F193-F194-F195-F196-F197-F198-F199-F200-F201-F202-F203-F204-F205-F206-F207-F208-F209-F210-F211-F212-F213-F214-F215-F216-F217-F218-F219-F220-F221-F222-F223-F224-F225-F226-F227-F228-F229-F230-F231-F232-F233-F234-F235-F236-F237-F238-F239-F240-F241-F242-F243-F244-F245-F246-F247-F248-F249-F250-F251-F252-F253-F254-F255-F256-F257-F258-F259-F260-F261-F262-F263-F264-F265-F266-F267-F268-F269-F270-F271-F272-F273-F274-F275-F276-F277-F278-F279-F280-F281-F282-F283-F284-F285-F286-F287-F288-F289-F290-F291-F292-F293-F294-F295-F296-F297-F298-F299-F300-F301-F302-F303-F304-F305-F306-F307-F308-F309-F310-F311-F312-F313-F314-F315-F316-F317-F318-F319-F320-F321-F322-F323-F324-F325-F326-F327-F328-F329-F330-F331-F332-F333-F334-F335-F336-F337-F338-F339-F340-F341-F342-F343-F344-F345-F346-F347-F348-F349-F350-F351-F352-F353-F354-F355-F356-F357-F358-F359-F360-F361-F362-F363-F364-F365-F366-F367-F368-F369-F370-F371-F372-F373-F374-F375-F376-F377-F378-F379-F380-F381-F382-F383-F384-F385-F386-F387-F388-F389-F390-F391-F392-F393-F394-F395-F396-F397-F398-F399-F400-F401-F402-F403-F404-F405-F406-F407-F408-F409-F410-F411-F412-F413-F414-F415-F416-F417-F418-F419-F420-F421-F422-F423-F424-F425-F426-F427-F428-F429-F430-F431-F432-F433-F434-F435-F436-F437-F438-F439-F440-F441-F442-F443-F444-F445-F446-F447-F448-F449-F450-F451-F452-F453-F454-F455-F456-F457-F458-F459-F460-F461-F462-F463-F464-F465-F466-F467-F468-F469-F470-F471-F472-F473-F474-F475-F476-F477-F478-F479-F480-F481-F482-F483-F484-F485-F486-F487-F488-F489-F490-F491-F492-F493-F494-F495-F496-O500505-F501-F510-F511-F512

## Summary

Number of input bits: 512  
Number of free input bits: 11  
Number of output bits: 160

Number of direct occurrences: 44462  
Number of assignments: 31297  
Number of operations: 11011886
(xor: 10983782,
and: 14746,
or: 13358)

Total complexity: 4.209577332183586 × 10^299

Least occurring input variable: iv_502 (3804)  
Most occurring input variable: iv_500 (4282)

Most co-occurring input variables: iv_508-iv_509 (2068)  
Least co-occurring input variables: iv_499-iv_502 (1720)

Potentially most occurring input variable: iv_500/iv_508 (4560)  
Potentially least occurring input variable: iv_504/iv_506 (4126)

Least output occurring input variable: iv_504 (69)  
Most output occurring input variable: iv_497 (93)

Most output co-occurring input variables: iv_497-iv_498 (51)  
Least output co-occurring input variables: iv_503-iv_509 (29)

Potentially most output occurring input variable: iv_503/iv_509 (98)  
Potentially least output occurring input variable: iv_498/iv_503 (68)

Least complex input bit: iv_497 (1.2380516987594487 × 10^297)  
Most complex input bit: iv_500 (8.089416210931321 × 10^298)

Least complex output bit: aaa_76_29 (4.41834732250836 × 10^274)  
Most complex output bit: ov_001 (6.677088414878396 × 10^298)

Least complex input/output complexity: iv_497/aaa_76_29 (1.2994516970907556 × 10^272)  
Most complex input/output complexity: iv_500/ov_001 (1.2831156907888668 × 10^298)

## Input Bits

### Input Bits in Regular Order

| Input Bit | Complexity | Occurrences | Output Occurrences |
|:---------:|:----------:|:-----------:|:------------------:|
| iv_497 | 1.2380516987594487 × 10^297 | 4132 | 93 |
| iv_498 | 2.466165723726461 × 10^297 | 3926 | 90 |
| iv_499 | 4.337206242345719 × 10^297 | 3899 | 72 |
| iv_500 | 8.089416210931321 × 10^298 | 4282 | 82 |
| iv_502 | 1.9402051343939562 × 10^298 | 3804 | 71 |
| iv_503 | 3.0828974210824706 × 10^298 | 4044 | 78 |
| iv_504 | 4.805829468089353 × 10^298 | 3903 | 69 |
| iv_506 | 3.7235333571900867 × 10^298 | 3947 | 81 |
| iv_507 | 5.346090059532564 × 10^298 | 4162 | 76 |
| iv_508 | 7.099515857934506 × 10^298 | 4170 | 73 |
| iv_509 | 7.204143446198468 × 10^298 | 4193 | 78 |

### Input Bits Sorted by Complexity

| Input Bit | Complexity | Occurrences | Output Occurrences |
|:---------:|:----------:|:-----------:|:------------------:|
| iv_497 | 1.2380516987594487 × 10^297 | 4132 | 93 |
| iv_498 | 2.466165723726461 × 10^297 | 3926 | 90 |
| iv_499 | 4.337206242345719 × 10^297 | 3899 | 72 |
| iv_502 | 1.9402051343939562 × 10^298 | 3804 | 71 |
| iv_503 | 3.0828974210824706 × 10^298 | 4044 | 78 |
| iv_506 | 3.7235333571900867 × 10^298 | 3947 | 81 |
| iv_504 | 4.805829468089353 × 10^298 | 3903 | 69 |
| iv_507 | 5.346090059532564 × 10^298 | 4162 | 76 |
| iv_508 | 7.099515857934506 × 10^298 | 4170 | 73 |
| iv_509 | 7.204143446198468 × 10^298 | 4193 | 78 |
| iv_500 | 8.089416210931321 × 10^298 | 4282 | 82 |

### Input Bits Sorted by Occurrences

| Input Bit | Complexity | Occurrences | Output Occurrences |
|:---------:|:----------:|:-----------:|:------------------:|
| iv_502 | 1.9402051343939562 × 10^298 | 3804 | 71 |
| iv_499 | 4.337206242345719 × 10^297 | 3899 | 72 |
| iv_504 | 4.805829468089353 × 10^298 | 3903 | 69 |
| iv_498 | 2.466165723726461 × 10^297 | 3926 | 90 |
| iv_506 | 3.7235333571900867 × 10^298 | 3947 | 81 |
| iv_503 | 3.0828974210824706 × 10^298 | 4044 | 78 |
| iv_497 | 1.2380516987594487 × 10^297 | 4132 | 93 |
| iv_507 | 5.346090059532564 × 10^298 | 4162 | 76 |
| iv_508 | 7.099515857934506 × 10^298 | 4170 | 73 |
| iv_509 | 7.204143446198468 × 10^298 | 4193 | 78 |
| iv_500 | 8.089416210931321 × 10^298 | 4282 | 82 |

### Input Bits Sorted by Output Occurrences

| Input Bit | Complexity | Occurrences | Output Occurrences |
|:---------:|:----------:|:-----------:|:------------------:|
| iv_504 | 4.805829468089353 × 10^298 | 3903 | 69 |
| iv_502 | 1.9402051343939562 × 10^298 | 3804 | 71 |
| iv_499 | 4.337206242345719 × 10^297 | 3899 | 72 |
| iv_508 | 7.099515857934506 × 10^298 | 4170 | 73 |
| iv_507 | 5.346090059532564 × 10^298 | 4162 | 76 |
| iv_509 | 7.204143446198468 × 10^298 | 4193 | 78 |
| iv_503 | 3.0828974210824706 × 10^298 | 4044 | 78 |
| iv_506 | 3.7235333571900867 × 10^298 | 3947 | 81 |
| iv_500 | 8.089416210931321 × 10^298 | 4282 | 82 |
| iv_498 | 2.466165723726461 × 10^297 | 3926 | 90 |
| iv_497 | 1.2380516987594487 × 10^297 | 4132 | 93 |

## Input Bit Co-occurrences

### Input Bit Co-occurrences Sorted by Co-occurrences

| Input Bits | Co-occurrences | Potential Occurrences | Output Co-occurrences | Potential Output Occurrences |
|:----------:|:--------------:|:---------------------:|:---------------------:|:----------------------------:|
| iv_508-iv_509 | 2068 | 4227 | 35 | 81 |
| iv_497-iv_507 | 2035 | 4224 | 43 | 83 |
| iv_500-iv_507 | 2035 | 4374 | 35 | 88 |
| iv_507-iv_509 | 2030 | 4295 | 38 | 78 |
| iv_497-iv_500 | 2028 | 4358 | 45 | 85 |
| iv_500-iv_509 | 1991 | 4493 | 37 | 86 |
| iv_497-iv_509 | 1987 | 4351 | 40 | 91 |
| iv_506-iv_507 | 1977 | 4155 | 38 | 81 |
| iv_500-iv_506 | 1972 | 4285 | 42 | 79 |
| iv_497-iv_503 | 1962 | 4252 | 42 | 87 |
| iv_503-iv_509 | 1960 | 4317 | 29 | 98 |

### Input Bit Co-occurrences Sorted by Potential Occurrences

| Input Bits | Co-occurrences | Potential Occurrences | Output Co-occurrences | Potential Output Occurrences |
|:----------:|:--------------:|:---------------------:|:---------------------:|:----------------------------:|
| iv_504-iv_506 | 1862 | 4126 | 37 | 76 |
| iv_506-iv_507 | 1977 | 4155 | 38 | 81 |
| iv_499-iv_504 | 1823 | 4156 | 29 | 83 |
| iv_498-iv_504 | 1824 | 4181 | 40 | 79 |
| iv_498-iv_506 | 1845 | 4183 | 42 | 87 |
| iv_497-iv_504 | 1923 | 4189 | 43 | 76 |
| iv_502-iv_504 | 1758 | 4191 | 33 | 74 |
| iv_502-iv_506 | 1778 | 4195 | 38 | 76 |
| iv_497-iv_506 | 1934 | 4211 | 51 | 72 |
| iv_498-iv_499 | 1805 | 4215 | 43 | 76 |
| iv_499-iv_508 | 1923 | 4223 | 36 | 73 |

### Input Bit Output Co-occurrences Sorted by Output Co-occurrences

| Input Bits | Co-occurrences | Potential Occurrences | Output Co-occurrences | Potential Output Occurrences |
|:----------:|:--------------:|:---------------------:|:---------------------:|:----------------------------:|
| iv_497-iv_506 | 1934 | 4211 | 51 | 72 |
| iv_497-iv_498 | 1888 | 4282 | 51 | 81 |
| iv_498-iv_503 | 1855 | 4260 | 50 | 68 |
| iv_498-iv_509 | 1870 | 4379 | 46 | 76 |
| iv_498-iv_500 | 1942 | 4324 | 46 | 80 |
| iv_497-iv_500 | 2028 | 4358 | 45 | 85 |
| iv_497-iv_504 | 1923 | 4189 | 43 | 76 |
| iv_497-iv_507 | 2035 | 4224 | 43 | 83 |
| iv_497-iv_508 | 1917 | 4468 | 43 | 80 |
| iv_498-iv_499 | 1805 | 4215 | 43 | 76 |
| iv_498-iv_508 | 1863 | 4370 | 43 | 77 |

### Input Bit Output Co-occurrences Sorted by Potential Output Occurrences

| Input Bits | Co-occurrences | Potential Occurrences | Output Co-occurrences | Potential Output Occurrences |
|:----------:|:--------------:|:---------------------:|:---------------------:|:----------------------------:|
| iv_498-iv_503 | 1855 | 4260 | 50 | 68 |
| iv_499-iv_500 | 1947 | 4287 | 42 | 70 |
| iv_503-iv_507 | 1927 | 4352 | 41 | 72 |
| iv_497-iv_506 | 1934 | 4211 | 51 | 72 |
| iv_499-iv_507 | 1903 | 4255 | 38 | 72 |
| iv_499-iv_508 | 1923 | 4223 | 36 | 73 |
| iv_504-iv_507 | 1896 | 4273 | 36 | 73 |
| iv_507-iv_508 | 1959 | 4414 | 38 | 73 |
| iv_502-iv_504 | 1758 | 4191 | 33 | 74 |
| iv_504-iv_508 | 1917 | 4239 | 34 | 74 |
| iv_502-iv_507 | 1871 | 4224 | 36 | 75 |

## Output Bits

### Output Bits in Regular Order

| Rank | Output Bit | Complexity |
|:----:|:----------:|:----------:|
| 1 | ov_001 | 6.677088414878396 × 10^298 |
| 2 | ov_002 | 5.798152364155473 × 10^298 |
| 3 | ov_003 | 5.010099481843149 × 10^298 |
| 4 | ov_004 | 4.306071395881487 × 10^298 |
| 5 | ov_005 | 3.6795842205932093 × 10^298 |
| 6 | ov_006 | 3.1245021614822464 × 10^298 |
| 7 | ov_007 | 2.6350145316568557 × 10^298 |
| 8 | ov_008 | 2.2056158946342196 × 10^298 |
| 9 | ov_009 | 1.8310890666395503 × 10^298 |
| 10 | ov_010 | 1.506490688220014 × 10^298 |
| 11 | ov_011 | 1.2271390716876703 × 10^298 |
| 12 | ov_012 | 9.886040629361783 × 10^297 |
| 13 | ov_013 | 7.866987031269617 × 10^297 |
| 14 | ov_014 | 6.174724919476901 × 10^297 |
| 15 | ov_015 | 4.772060396714811 × 10^297 |
| 16 | ov_016 | 3.624068958783747 × 10^297 |
| 17 | ov_017 | 2.698063584811102 × 10^297 |
| 18 | ov_018 | 1.9635708240896628 × 10^297 |
| 19 | ov_019 | 1.3923132296844476 × 10^297 |
| 20 | ov_020 | 9.581966453348771 × 10^296 |
| 21 | ov_021 | 6.37301072400796 × 10^296 |
| 22 | ov_022 | 4.078741821230852 × 10^296 |
| 23 | ov_023 | 2.5032684769033814 × 10^296 |
| 24 | ov_024 | 1.4723022238899145 × 10^296 |
| 25 | ov_025 | 8.331396805713247 × 10^295 |
| 26 | ov_026 | 4.546529996752444 × 10^295 |
| 27 | ov_027 | 2.272855063379709 × 10^295 |
| 28 | ov_028 | 1.016513465415086 × 10^295 |
| 29 | ov_029 | 3.914924106223708 × 10^294 |
| 30 | ov_030 | 1.1962389827482762 × 10^294 |
| 31 | ov_031 | 2.331960425429854 × 10^293 |
| 32 | lv_80_m31 | 4.5450896390073415 × 10^292 |
| 33 | ov_033 | 5.4724182293660846 × 10^293 |
| 34 | ov_034 | 4.745927797630769 × 10^293 |
| 35 | ov_035 | 4.0963336362606384 × 10^293 |
| 36 | ov_036 | 3.5174837902411007 × 10^293 |
| 37 | ov_037 | 3.0035592205136055 × 10^293 |
| 38 | ov_038 | 2.5490502565862653 × 10^293 |
| 39 | ov_039 | 2.14873621741255 × 10^293 |
| 40 | ov_040 | 1.797667899927912 × 10^293 |
| 41 | ov_041 | 1.4911526509435451 × 10^293 |
| 42 | ov_042 | 1.2247417539194828 × 10^293 |
| 43 | ov_043 | 9.962703946282842 × 10^292 |
| 44 | ov_044 | 8.017478992708865 × 10^292 |
| 45 | ov_045 | 6.374011242501551 × 10^292 |
| 46 | ov_046 | 4.996687202881272 × 10^292 |
| 47 | ov_047 | 3.85196593231716 × 10^292 |
| 48 | ov_048 | 2.923590113134024 × 10^292 |
| 49 | ov_049 | 2.1820666984122003 × 10^292 |
| 50 | ov_050 | 1.599893432457397 × 10^292 |
| 51 | ov_051 | 1.1515446276866034 × 10^292 |
| 52 | ov_052 | 8.134612423262116 × 10^291 |
| 53 | ov_053 | 5.640441328352784 × 10^291 |
| 54 | ov_054 | 3.836495345784167 × 10^291 |
| 55 | ov_055 | 2.545860857116782 × 10^291 |
| 56 | ov_056 | 1.6111294543433384 × 10^291 |
| 57 | ov_057 | 9.584714548130249 × 10^290 |
| 58 | ov_058 | 5.238021870491841 × 10^290 |
| 59 | ov_059 | 2.5277991350865224 × 10^290 |
| 60 | ov_060 | 1.0080489656472608 × 10^290 |
| 61 | ov_061 | 3.3019064595419417 × 10^289 |
| 62 | ov_062 | 8.274384178037552 × 10^288 |
| 63 | ov_063 | 1.6923206409196622 × 10^288 |
| 64 | lv_79_k31 | 4.0948643795115975 × 10^287 |
| 65 | ov_065 | 4.8719064899207213 × 10^288 |
| 66 | ov_066 | 4.87189511665598 × 10^288 |
| 67 | ov_067 | 4.871892453275977 × 10^288 |
| 68 | ov_068 | 4.2152777332138146 × 10^288 |
| 69 | ov_069 | 3.6281108622573316 × 10^288 |
| 70 | ov_070 | 3.105106793330694 × 10^288 |
| 71 | ov_071 | 2.641245466972866 × 10^288 |
| 72 | ov_072 | 2.2317590287753764 × 10^288 |
| 73 | ov_073 | 1.8721207591160224 × 10^288 |
| 74 | ov_074 | 1.5580351363864345 × 10^288 |
| 75 | ov_075 | 1.2854288509076128 × 10^288 |
| 76 | ov_076 | 1.0504427173983695 × 10^288 |
| 77 | ov_077 | 8.49424435294033 × 10^287 |
| 78 | ov_078 | 6.789221473546539 × 10^287 |
| 79 | ov_079 | 5.356787478965306 × 10^287 |
| 80 | ov_080 | 4.166268926668026 × 10^287 |
| 81 | ov_081 | 3.1888466289496074 × 10^287 |
| 82 | ov_082 | 2.397518364309916 × 10^287 |
| 83 | ov_083 | 1.7670671914793537 × 10^287 |
| 84 | ov_084 | 1.2740348997386988 × 10^287 |
| 85 | ov_085 | 8.967001304719528 × 10^286 |
| 86 | ov_086 | 6.150607057639455 × 10^286 |
| 87 | ov_087 | 4.108197004285252 × 10^286 |
| 88 | ov_088 | 2.67374794212184 × 10^286 |
| 89 | ov_089 | 1.6981044112722813 × 10^286 |
| 90 | ov_090 | 1.0489239297978511 × 10^286 |
| 91 | ov_091 | 6.106411421123415 × 10^285 |
| 92 | ov_092 | 3.2966420798818286 × 10^285 |
| 93 | ov_093 | 1.607752101211564 × 10^285 |
| 94 | ov_094 | 6.7126340011352325 × 10^284 |
| 95 | aaa_78_28 | 2.0238338690294454 × 10^284 |
| 96 | aaa_78_29 | 5.991411774266063 × 10^283 |
| 97 | ov_097 | 3.7316392315956777 × 10^283 |
| 98 | ov_098 | 3.731562230217426 × 10^283 |
| 99 | ov_099 | 3.7315375931541397 × 10^283 |
| 100 | ov_100 | 3.0720818102089496 × 10^283 |
| 101 | ov_101 | 2.5382121898288 × 10^283 |
| 102 | ov_102 | 2.1110437347671764 × 10^283 |
| 103 | ov_103 | 1.7727312624117954 × 10^283 |
| 104 | ov_104 | 1.5063932618767153 × 10^283 |
| 105 | ov_105 | 1.2960456383177237 × 10^283 |
| 106 | ov_106 | 1.1265444447641968 × 10^283 |
| 107 | ov_107 | 9.835367481683423 × 10^282 |
| 108 | ov_108 | 8.534188211175646 × 10^282 |
| 109 | ov_109 | 7.355061157748036 × 10^282 |
| 110 | ov_110 | 6.29138337826982 × 10^282 |
| 111 | ov_111 | 5.336749302625323 × 10^282 |
| 112 | ov_112 | 4.484911569245286 × 10^282 |
| 113 | ov_113 | 3.7297474563577677 × 10^282 |
| 114 | ov_114 | 3.065230508938339 × 10^282 |
| 115 | ov_115 | 2.4854069625996095 × 10^282 |
| 116 | ov_116 | 1.9843765664091496 × 10^282 |
| 117 | ov_117 | 1.556277407063669 × 10^282 |
| 118 | ov_118 | 1.1952743371164249 × 10^282 |
| 119 | ov_119 | 8.955506101299898 × 10^281 |
| 120 | ov_120 | 6.513020489325565 × 10^281 |
| 121 | ov_121 | 4.567328460282793 × 10^281 |
| 122 | ov_122 | 3.0605247127878793 × 10^281 |
| 123 | ov_123 | 1.9347348840763635 × 10^281 |
| 124 | ov_124 | 1.1321008188511586 × 10^281 |
| 125 | ov_125 | 5.94771441598478 × 10^280 |
| 126 | ov_126 | 2.648980996775039 × 10^280 |
| 127 | aaa_77_28 | 8.463277534884936 × 10^279 |
| 128 | aaa_77_29 | 3.1755339972006805 × 10^279 |
| 129 | ov_129 | 2.93146356659267 × 10^279 |
| 130 | ov_130 | 2.931454961884142 × 10^279 |
| 131 | ov_131 | 2.931452881650488 × 10^279 |
| 132 | ov_132 | 2.544210744799063 × 10^279 |
| 133 | ov_133 | 2.1966616038569053 × 10^279 |
| 134 | ov_134 | 1.8857139879799056 × 10^279 |
| 135 | ov_135 | 1.6084414712337945 × 10^279 |
| 136 | ov_136 | 1.3620708383550972 × 10^279 |
| 137 | ov_137 | 1.1452524134607657 × 10^279 |
| 138 | ov_138 | 9.554903528049647 × 10^278 |
| 139 | ov_139 | 7.90415812934686 × 10^278 |
| 140 | ov_140 | 6.477808111767663 × 10^278 |
| 141 | ov_141 | 5.254531541227704 × 10^278 |
| 142 | ov_142 | 4.2141230704676144 × 10^278 |
| 143 | ov_143 | 3.337460845857286 × 10^278 |
| 144 | ov_144 | 2.606480503406171 × 10^278 |
| 145 | ov_145 | 2.0041552033975278 × 10^278 |
| 146 | ov_146 | 1.5144807256201274 × 10^278 |
| 147 | ov_147 | 1.1224647195491356 × 10^278 |
| 148 | ov_148 | 8.141192760910874 × 10^277 |
| 149 | ov_149 | 5.764560596915827 × 10^277 |
| 150 | ov_150 | 3.9748331173029696 × 10^277 |
| 151 | ov_151 | 2.6620410821252513 × 10^277 |
| 152 | ov_152 | 1.7261535187639492 × 10^277 |
| 153 | ov_153 | 1.0770714208528493 × 10^277 |
| 154 | ov_154 | 6.346235221492103 × 10^276 |
| 155 | ov_155 | 3.28563522978422 × 10^276 |
| 156 | aaa_76_25 | 1.2624929395064367 × 10^276 |
| 157 | aaa_76_26 | 7.290407455682153 × 10^275 |
| 158 | aaa_76_27 | 3.731762866855397 × 10^275 |
| 159 | aaa_76_28 | 1.4529040146404617 × 10^275 |
| 160 | aaa_76_29 | 4.41834732250836 × 10^274 |

### Output Bits Sorted by Complexity

| Rank | Output Bit | Complexity |
|:----:|:----------:|:----------:|
| 160 | aaa_76_29 | 4.41834732250836 × 10^274 |
| 159 | aaa_76_28 | 1.4529040146404617 × 10^275 |
| 158 | aaa_76_27 | 3.731762866855397 × 10^275 |
| 157 | aaa_76_26 | 7.290407455682153 × 10^275 |
| 156 | aaa_76_25 | 1.2624929395064367 × 10^276 |
| 155 | ov_155 | 3.28563522978422 × 10^276 |
| 154 | ov_154 | 6.346235221492103 × 10^276 |
| 153 | ov_153 | 1.0770714208528493 × 10^277 |
| 152 | ov_152 | 1.7261535187639492 × 10^277 |
| 151 | ov_151 | 2.6620410821252513 × 10^277 |
| 150 | ov_150 | 3.9748331173029696 × 10^277 |
| 149 | ov_149 | 5.764560596915827 × 10^277 |
| 148 | ov_148 | 8.141192760910874 × 10^277 |
| 147 | ov_147 | 1.1224647195491356 × 10^278 |
| 146 | ov_146 | 1.5144807256201274 × 10^278 |
| 145 | ov_145 | 2.0041552033975278 × 10^278 |
| 144 | ov_144 | 2.606480503406171 × 10^278 |
| 143 | ov_143 | 3.337460845857286 × 10^278 |
| 142 | ov_142 | 4.2141230704676144 × 10^278 |
| 141 | ov_141 | 5.254531541227704 × 10^278 |
| 140 | ov_140 | 6.477808111767663 × 10^278 |
| 139 | ov_139 | 7.90415812934686 × 10^278 |
| 138 | ov_138 | 9.554903528049647 × 10^278 |
| 137 | ov_137 | 1.1452524134607657 × 10^279 |
| 136 | ov_136 | 1.3620708383550972 × 10^279 |
| 135 | ov_135 | 1.6084414712337945 × 10^279 |
| 134 | ov_134 | 1.8857139879799056 × 10^279 |
| 133 | ov_133 | 2.1966616038569053 × 10^279 |
| 132 | ov_132 | 2.544210744799063 × 10^279 |
| 131 | ov_131 | 2.931452881650488 × 10^279 |
| 130 | ov_130 | 2.931454961884142 × 10^279 |
| 129 | ov_129 | 2.93146356659267 × 10^279 |
| 128 | aaa_77_29 | 3.1755339972006805 × 10^279 |
| 127 | aaa_77_28 | 8.463277534884936 × 10^279 |
| 126 | ov_126 | 2.648980996775039 × 10^280 |
| 125 | ov_125 | 5.94771441598478 × 10^280 |
| 124 | ov_124 | 1.1321008188511586 × 10^281 |
| 123 | ov_123 | 1.9347348840763635 × 10^281 |
| 122 | ov_122 | 3.0605247127878793 × 10^281 |
| 121 | ov_121 | 4.567328460282793 × 10^281 |
| 120 | ov_120 | 6.513020489325565 × 10^281 |
| 119 | ov_119 | 8.955506101299898 × 10^281 |
| 118 | ov_118 | 1.1952743371164249 × 10^282 |
| 117 | ov_117 | 1.556277407063669 × 10^282 |
| 116 | ov_116 | 1.9843765664091496 × 10^282 |
| 115 | ov_115 | 2.4854069625996095 × 10^282 |
| 114 | ov_114 | 3.065230508938339 × 10^282 |
| 113 | ov_113 | 3.7297474563577677 × 10^282 |
| 112 | ov_112 | 4.484911569245286 × 10^282 |
| 111 | ov_111 | 5.336749302625323 × 10^282 |
| 110 | ov_110 | 6.29138337826982 × 10^282 |
| 109 | ov_109 | 7.355061157748036 × 10^282 |
| 108 | ov_108 | 8.534188211175646 × 10^282 |
| 107 | ov_107 | 9.835367481683423 × 10^282 |
| 106 | ov_106 | 1.1265444447641968 × 10^283 |
| 105 | ov_105 | 1.2960456383177237 × 10^283 |
| 104 | ov_104 | 1.5063932618767153 × 10^283 |
| 103 | ov_103 | 1.7727312624117954 × 10^283 |
| 102 | ov_102 | 2.1110437347671764 × 10^283 |
| 101 | ov_101 | 2.5382121898288 × 10^283 |
| 100 | ov_100 | 3.0720818102089496 × 10^283 |
| 99 | ov_099 | 3.7315375931541397 × 10^283 |
| 98 | ov_098 | 3.731562230217426 × 10^283 |
| 97 | ov_097 | 3.7316392315956777 × 10^283 |
| 96 | aaa_78_29 | 5.991411774266063 × 10^283 |
| 95 | aaa_78_28 | 2.0238338690294454 × 10^284 |
| 94 | ov_094 | 6.7126340011352325 × 10^284 |
| 93 | ov_093 | 1.607752101211564 × 10^285 |
| 92 | ov_092 | 3.2966420798818286 × 10^285 |
| 91 | ov_091 | 6.106411421123415 × 10^285 |
| 90 | ov_090 | 1.0489239297978511 × 10^286 |
| 89 | ov_089 | 1.6981044112722813 × 10^286 |
| 88 | ov_088 | 2.67374794212184 × 10^286 |
| 87 | ov_087 | 4.108197004285252 × 10^286 |
| 86 | ov_086 | 6.150607057639455 × 10^286 |
| 85 | ov_085 | 8.967001304719528 × 10^286 |
| 84 | ov_084 | 1.2740348997386988 × 10^287 |
| 83 | ov_083 | 1.7670671914793537 × 10^287 |
| 82 | ov_082 | 2.397518364309916 × 10^287 |
| 81 | ov_081 | 3.1888466289496074 × 10^287 |
| 64 | lv_79_k31 | 4.0948643795115975 × 10^287 |
| 80 | ov_080 | 4.166268926668026 × 10^287 |
| 79 | ov_079 | 5.356787478965306 × 10^287 |
| 78 | ov_078 | 6.789221473546539 × 10^287 |
| 77 | ov_077 | 8.49424435294033 × 10^287 |
| 76 | ov_076 | 1.0504427173983695 × 10^288 |
| 75 | ov_075 | 1.2854288509076128 × 10^288 |
| 74 | ov_074 | 1.5580351363864345 × 10^288 |
| 63 | ov_063 | 1.6923206409196622 × 10^288 |
| 73 | ov_073 | 1.8721207591160224 × 10^288 |
| 72 | ov_072 | 2.2317590287753764 × 10^288 |
| 71 | ov_071 | 2.641245466972866 × 10^288 |
| 70 | ov_070 | 3.105106793330694 × 10^288 |
| 69 | ov_069 | 3.6281108622573316 × 10^288 |
| 68 | ov_068 | 4.2152777332138146 × 10^288 |
| 67 | ov_067 | 4.871892453275977 × 10^288 |
| 66 | ov_066 | 4.87189511665598 × 10^288 |
| 65 | ov_065 | 4.8719064899207213 × 10^288 |
| 62 | ov_062 | 8.274384178037552 × 10^288 |
| 61 | ov_061 | 3.3019064595419417 × 10^289 |
| 60 | ov_060 | 1.0080489656472608 × 10^290 |
| 59 | ov_059 | 2.5277991350865224 × 10^290 |
| 58 | ov_058 | 5.238021870491841 × 10^290 |
| 57 | ov_057 | 9.584714548130249 × 10^290 |
| 56 | ov_056 | 1.6111294543433384 × 10^291 |
| 55 | ov_055 | 2.545860857116782 × 10^291 |
| 54 | ov_054 | 3.836495345784167 × 10^291 |
| 53 | ov_053 | 5.640441328352784 × 10^291 |
| 52 | ov_052 | 8.134612423262116 × 10^291 |
| 51 | ov_051 | 1.1515446276866034 × 10^292 |
| 50 | ov_050 | 1.599893432457397 × 10^292 |
| 49 | ov_049 | 2.1820666984122003 × 10^292 |
| 48 | ov_048 | 2.923590113134024 × 10^292 |
| 47 | ov_047 | 3.85196593231716 × 10^292 |
| 32 | lv_80_m31 | 4.5450896390073415 × 10^292 |
| 46 | ov_046 | 4.996687202881272 × 10^292 |
| 45 | ov_045 | 6.374011242501551 × 10^292 |
| 44 | ov_044 | 8.017478992708865 × 10^292 |
| 43 | ov_043 | 9.962703946282842 × 10^292 |
| 42 | ov_042 | 1.2247417539194828 × 10^293 |
| 41 | ov_041 | 1.4911526509435451 × 10^293 |
| 40 | ov_040 | 1.797667899927912 × 10^293 |
| 39 | ov_039 | 2.14873621741255 × 10^293 |
| 31 | ov_031 | 2.331960425429854 × 10^293 |
| 38 | ov_038 | 2.5490502565862653 × 10^293 |
| 37 | ov_037 | 3.0035592205136055 × 10^293 |
| 36 | ov_036 | 3.5174837902411007 × 10^293 |
| 35 | ov_035 | 4.0963336362606384 × 10^293 |
| 34 | ov_034 | 4.745927797630769 × 10^293 |
| 33 | ov_033 | 5.4724182293660846 × 10^293 |
| 30 | ov_030 | 1.1962389827482762 × 10^294 |
| 29 | ov_029 | 3.914924106223708 × 10^294 |
| 28 | ov_028 | 1.016513465415086 × 10^295 |
| 27 | ov_027 | 2.272855063379709 × 10^295 |
| 26 | ov_026 | 4.546529996752444 × 10^295 |
| 25 | ov_025 | 8.331396805713247 × 10^295 |
| 24 | ov_024 | 1.4723022238899145 × 10^296 |
| 23 | ov_023 | 2.5032684769033814 × 10^296 |
| 22 | ov_022 | 4.078741821230852 × 10^296 |
| 21 | ov_021 | 6.37301072400796 × 10^296 |
| 20 | ov_020 | 9.581966453348771 × 10^296 |
| 19 | ov_019 | 1.3923132296844476 × 10^297 |
| 18 | ov_018 | 1.9635708240896628 × 10^297 |
| 17 | ov_017 | 2.698063584811102 × 10^297 |
| 16 | ov_016 | 3.624068958783747 × 10^297 |
| 15 | ov_015 | 4.772060396714811 × 10^297 |
| 14 | ov_014 | 6.174724919476901 × 10^297 |
| 13 | ov_013 | 7.866987031269617 × 10^297 |
| 12 | ov_012 | 9.886040629361783 × 10^297 |
| 11 | ov_011 | 1.2271390716876703 × 10^298 |
| 10 | ov_010 | 1.506490688220014 × 10^298 |
| 9 | ov_009 | 1.8310890666395503 × 10^298 |
| 8 | ov_008 | 2.2056158946342196 × 10^298 |
| 7 | ov_007 | 2.6350145316568557 × 10^298 |
| 6 | ov_006 | 3.1245021614822464 × 10^298 |
| 5 | ov_005 | 3.6795842205932093 × 10^298 |
| 4 | ov_004 | 4.306071395881487 × 10^298 |
| 3 | ov_003 | 5.010099481843149 × 10^298 |
| 2 | ov_002 | 5.798152364155473 × 10^298 |
| 1 | ov_001 | 6.677088414878396 × 10^298 |

