# Results for F001-F002-F003-F004-F005-F006-F007-F008-F009-F010-F011-F012-F013-F014-F015-F016-F017-F018-F019-F020-F021-F022-F023-F024-F025-F026-F027-F028-F029-F030-F031-F032-F033-F034-F035-F036-F037-F038-F039-F040-F041-F042-F043-F044-F045-F046-F047-F048-F049-F050-F051-F052-F053-F054-F055-F056-F057-F058-F059-F060-F061-F062-F063-F064-F065-F066-F067-F068-F069-F070-F071-F072-F073-F074-F075-F076-F077-F078-F079-F080-F081-F082-F083-F084-F085-F086-F087-F088-F089-F090-F091-F092-F093-F094-F095-F096-F097-F098-F099-F100-F101-F102-F103-F104-F105-F106-F107-F108-F109-F110-F111-F112-F113-F114-F115-F116-F117-F118-F119-F120-F121-F122-F123-F124-F125-F126-F127-F128-F129-F130-F131-F132-F133-F134-F135-F136-F137-F138-F139-F140-F141-F142-F143-F144-F145-F146-F147-F148-F149-F150-F151-F152-F153-F154-F155-F156-F157-F158-F159-F160-F161-F162-F163-F164-F165-F166-F167-F168-F169-F170-F171-F172-F173-F174-F175-F176-F177-F178-F179-F180-F181-F182-F183-F184-F185-F186-F187-F188-F189-F190-F191-F192-F193-F194-F195-F196-F197-F198-F199-F200-F201-F202-F203-F204-F205-F206-F207-F208-F209-F210-F211-F212-F213-F214-F215-F216-F217-F218-F219-F220-F221-F222-F223-F224-F225-F226-F227-F228-F229-F230-F231-F232-F233-F234-F235-F236-F237-F238-F239-F240-F241-F242-F243-F244-F245-F246-F247-F248-F249-F250-F251-F252-F253-F254-F255-F256-F257-F258-F259-F260-F261-F262-F263-F264-F265-F266-F267-F268-F269-F270-F271-F272-F273-F274-F275-F276-F277-F278-F279-F280-F281-F282-F283-F284-F285-F286-F287-F288-F289-F290-F291-F292-F293-F294-F295-F296-F297-F298-F299-F300-F301-F302-F303-F304-F305-F306-F307-F308-F309-F310-F311-F312-F313-F314-F315-F316-F317-F318-F319-F320-F321-F322-F323-F324-F325-F326-F327-F328-F329-F330-F331-F332-F333-F334-F335-F336-F337-F338-F339-F340-F341-F342-F343-F344-F345-F346-F347-F348-F349-F350-F351-F352-F353-F354-F355-F356-F357-F358-F359-F360-F361-F362-F363-F364-F365-F366-F367-F368-F369-F370-F371-F372-F373-F374-F375-F376-F377-F378-F379-F380-F381-F382-F383-F384-F385-F386-F387-F388-F389-F390-F391-F392-F393-F394-F395-F396-F397-F398-F399-F400-F401-F402-F403-F404-F405-F406-F407-F408-F409-F410-F411-F412-F413-F414-F415-F416-F417-F418-F419-F420-F421-F422-F423-F424-F425-F426-F427-F428-F429-F430-F431-F432-F433-F434-F435-F436-F437-F438-F439-F440-F441-F442-F443-F444-F445-F446-F447-F448-F449-F450-F451-F452-F453-F454-F455-F456-F457-F458-F459-F460-F461-F462-F463-F464-F465-F466-F467-F468-F469-F470-F471-F472-F473-F474-F475-F476-F477-F478-F479-F480-F481-F482-F483-F484-F485-F486-F487-F488-F489-F490-F491-F492-F493-F494-F495-F496-E498503-O500505-F510-F511-F512

## Summary

Number of input bits: 512  
Number of free input bits: 11  
Number of output bits: 160

Number of direct occurrences: 44748  
Number of assignments: 31376  
Number of operations: 10995466
(xor: 10967248,
and: 14815,
or: 13403)

Total complexity: 4.114281304960921 × 10^299

Least occurring input variable: iv_502 (3803)  
Most occurring input variable: iv_500 (4270)

Most co-occurring input variables: iv_508-iv_509 (2067)  
Least co-occurring input variables: iv_499-iv_502 (1719)

Potentially most occurring input variable: iv_500/iv_508 (4537)  
Potentially least occurring input variable: iv_504/iv_506 (4125)

Least output occurring input variable: iv_498 (68)  
Most output occurring input variable: iv_497 (93)

Most output co-occurring input variables: iv_497-iv_506 (51)  
Least output co-occurring input variables: iv_498-iv_504 (26)

Potentially most output occurring input variable: iv_497/iv_498 (93)  
Potentially least output occurring input variable: iv_498/iv_500 (64)

Least complex input bit: iv_497 (1.1764536370705435 × 10^297)  
Most complex input bit: iv_500 (7.68702918985535 × 10^298)

Least complex output bit: aaa_76_29 (8.37710911937642 × 10^274)  
Most complex output bit: ov_001 (6.525290121536636 × 10^298)

Least complex input/output complexity: iv_497/aaa_76_29 (2.3953832422065756 × 10^272)  
Most complex input/output complexity: iv_500/ov_001 (1.219170297763664 × 10^298)

## Input Bits

### Input Bits in Regular Order

| Input Bit | Complexity | Occurrences | Output Occurrences |
|:---------:|:----------:|:-----------:|:------------------:|
| iv_497 | 1.1764536370705435 × 10^297 | 4122 | 93 |
| iv_498 | 3.163907394879778 × 10^298 | 4239 | 68 |
| iv_499 | 4.1214445659206664 × 10^297 | 3879 | 72 |
| iv_500 | 7.68702918985535 × 10^298 | 4270 | 82 |
| iv_501 | 1.1409528528569933 × 10^298 | 4061 | 83 |
| iv_502 | 1.8437045351511157 × 10^298 | 3803 | 71 |
| iv_504 | 4.5667868144395993 × 10^298 | 3912 | 71 |
| iv_506 | 3.538298566856922 × 10^298 | 3945 | 81 |
| iv_507 | 5.08015381971637 × 10^298 | 4161 | 76 |
| iv_508 | 6.74637897331126 × 10^298 | 4165 | 73 |
| iv_509 | 6.845811082242765 × 10^298 | 4191 | 78 |

### Input Bits Sorted by Complexity

| Input Bit | Complexity | Occurrences | Output Occurrences |
|:---------:|:----------:|:-----------:|:------------------:|
| iv_497 | 1.1764536370705435 × 10^297 | 4122 | 93 |
| iv_499 | 4.1214445659206664 × 10^297 | 3879 | 72 |
| iv_501 | 1.1409528528569933 × 10^298 | 4061 | 83 |
| iv_502 | 1.8437045351511157 × 10^298 | 3803 | 71 |
| iv_498 | 3.163907394879778 × 10^298 | 4239 | 68 |
| iv_506 | 3.538298566856922 × 10^298 | 3945 | 81 |
| iv_504 | 4.5667868144395993 × 10^298 | 3912 | 71 |
| iv_507 | 5.08015381971637 × 10^298 | 4161 | 76 |
| iv_508 | 6.74637897331126 × 10^298 | 4165 | 73 |
| iv_509 | 6.845811082242765 × 10^298 | 4191 | 78 |
| iv_500 | 7.68702918985535 × 10^298 | 4270 | 82 |

### Input Bits Sorted by Occurrences

| Input Bit | Complexity | Occurrences | Output Occurrences |
|:---------:|:----------:|:-----------:|:------------------:|
| iv_502 | 1.8437045351511157 × 10^298 | 3803 | 71 |
| iv_499 | 4.1214445659206664 × 10^297 | 3879 | 72 |
| iv_504 | 4.5667868144395993 × 10^298 | 3912 | 71 |
| iv_506 | 3.538298566856922 × 10^298 | 3945 | 81 |
| iv_501 | 1.1409528528569933 × 10^298 | 4061 | 83 |
| iv_497 | 1.1764536370705435 × 10^297 | 4122 | 93 |
| iv_507 | 5.08015381971637 × 10^298 | 4161 | 76 |
| iv_508 | 6.74637897331126 × 10^298 | 4165 | 73 |
| iv_509 | 6.845811082242765 × 10^298 | 4191 | 78 |
| iv_498 | 3.163907394879778 × 10^298 | 4239 | 68 |
| iv_500 | 7.68702918985535 × 10^298 | 4270 | 82 |

### Input Bits Sorted by Output Occurrences

| Input Bit | Complexity | Occurrences | Output Occurrences |
|:---------:|:----------:|:-----------:|:------------------:|
| iv_498 | 3.163907394879778 × 10^298 | 4239 | 68 |
| iv_502 | 1.8437045351511157 × 10^298 | 3803 | 71 |
| iv_504 | 4.5667868144395993 × 10^298 | 3912 | 71 |
| iv_499 | 4.1214445659206664 × 10^297 | 3879 | 72 |
| iv_508 | 6.74637897331126 × 10^298 | 4165 | 73 |
| iv_507 | 5.08015381971637 × 10^298 | 4161 | 76 |
| iv_509 | 6.845811082242765 × 10^298 | 4191 | 78 |
| iv_506 | 3.538298566856922 × 10^298 | 3945 | 81 |
| iv_500 | 7.68702918985535 × 10^298 | 4270 | 82 |
| iv_501 | 1.1409528528569933 × 10^298 | 4061 | 83 |
| iv_497 | 1.1764536370705435 × 10^297 | 4122 | 93 |

## Input Bit Co-occurrences

### Input Bit Co-occurrences Sorted by Co-occurrences

| Input Bits | Co-occurrences | Potential Occurrences | Output Co-occurrences | Potential Output Occurrences |
|:----------:|:--------------:|:---------------------:|:---------------------:|:----------------------------:|
| iv_508-iv_509 | 2067 | 4222 | 35 | 81 |
| iv_497-iv_507 | 2034 | 4215 | 44 | 81 |
| iv_507-iv_509 | 2030 | 4292 | 38 | 78 |
| iv_500-iv_507 | 2027 | 4377 | 34 | 90 |
| iv_497-iv_500 | 2026 | 4340 | 45 | 85 |
| iv_498-iv_500 | 2024 | 4461 | 43 | 64 |
| iv_498-iv_508 | 2022 | 4360 | 31 | 79 |
| iv_500-iv_501 | 2010 | 4311 | 42 | 81 |
| iv_498-iv_501 | 2008 | 4284 | 34 | 83 |
| iv_501-iv_509 | 1997 | 4258 | 38 | 85 |
| iv_498-iv_509 | 1996 | 4438 | 39 | 68 |

### Input Bit Co-occurrences Sorted by Potential Occurrences

| Input Bits | Co-occurrences | Potential Occurrences | Output Co-occurrences | Potential Output Occurrences |
|:----------:|:--------------:|:---------------------:|:---------------------:|:----------------------------:|
| iv_504-iv_506 | 1866 | 4125 | 38 | 76 |
| iv_499-iv_504 | 1828 | 4135 | 30 | 83 |
| iv_506-iv_507 | 1979 | 4148 | 39 | 79 |
| iv_497-iv_504 | 1925 | 4184 | 44 | 76 |
| iv_497-iv_501 | 1993 | 4197 | 48 | 80 |
| iv_502-iv_504 | 1759 | 4197 | 33 | 76 |
| iv_499-iv_508 | 1923 | 4198 | 36 | 73 |
| iv_502-iv_506 | 1775 | 4198 | 38 | 76 |
| iv_499-iv_501 | 1870 | 4200 | 33 | 89 |
| iv_497-iv_506 | 1932 | 4203 | 51 | 72 |
| iv_497-iv_507 | 2034 | 4215 | 44 | 81 |

### Input Bit Output Co-occurrences Sorted by Output Co-occurrences

| Input Bits | Co-occurrences | Potential Occurrences | Output Co-occurrences | Potential Output Occurrences |
|:----------:|:--------------:|:---------------------:|:---------------------:|:----------------------------:|
| iv_497-iv_506 | 1932 | 4203 | 51 | 72 |
| iv_497-iv_501 | 1993 | 4197 | 48 | 80 |
| iv_497-iv_500 | 2026 | 4340 | 45 | 85 |
| iv_497-iv_504 | 1925 | 4184 | 44 | 76 |
| iv_497-iv_507 | 2034 | 4215 | 44 | 81 |
| iv_498-iv_500 | 2024 | 4461 | 43 | 64 |
| iv_501-iv_506 | 1858 | 4290 | 43 | 78 |
| iv_500-iv_501 | 2010 | 4311 | 42 | 81 |
| iv_500-iv_506 | 1969 | 4277 | 42 | 79 |
| iv_497-iv_509 | 1995 | 4323 | 42 | 87 |
| iv_501-iv_507 | 1930 | 4362 | 41 | 77 |

### Input Bit Output Co-occurrences Sorted by Potential Output Occurrences

| Input Bits | Co-occurrences | Potential Occurrences | Output Co-occurrences | Potential Output Occurrences |
|:----------:|:--------------:|:---------------------:|:---------------------:|:----------------------------:|
| iv_498-iv_500 | 2024 | 4461 | 43 | 64 |
| iv_498-iv_509 | 1996 | 4438 | 39 | 68 |
| iv_504-iv_508 | 1922 | 4233 | 36 | 72 |
| iv_497-iv_506 | 1932 | 4203 | 51 | 72 |
| iv_499-iv_500 | 1943 | 4263 | 41 | 72 |
| iv_499-iv_507 | 1902 | 4236 | 38 | 72 |
| iv_499-iv_508 | 1923 | 4198 | 36 | 73 |
| iv_507-iv_508 | 1960 | 4406 | 38 | 73 |
| iv_498-iv_499 | 1888 | 4342 | 33 | 74 |
| iv_498-iv_507 | 1953 | 4494 | 35 | 74 |
| iv_502-iv_507 | 1869 | 4226 | 36 | 75 |

## Output Bits

### Output Bits in Regular Order

| Rank | Output Bit | Complexity |
|:----:|:----------:|:----------:|
| 1 | ov_001 | 6.525290121536636 × 10^298 |
| 2 | ov_002 | 5.666497356198084 × 10^298 |
| 3 | ov_003 | 4.896467355494938 × 10^298 |
| 4 | ov_004 | 4.208508772716427 × 10^298 |
| 5 | ov_005 | 3.5962949847734494 × 10^298 |
| 6 | ov_006 | 3.053838254849139 × 10^298 |
| 7 | ov_007 | 2.575467251279742 × 10^298 |
| 8 | ov_008 | 2.155807651711417 × 10^298 |
| 9 | ov_009 | 1.789765579032329 × 10^298 |
| 10 | ov_010 | 1.4725135934743487 × 10^298 |
| 11 | ov_011 | 1.1994789621574895 × 10^298 |
| 12 | ov_012 | 9.66333943310571 × 10^297 |
| 13 | ov_013 | 7.689878380503467 × 10^297 |
| 14 | ov_014 | 6.035805780090225 × 10^297 |
| 15 | ov_015 | 4.66477632325428 × 10^297 |
| 16 | ov_016 | 3.5426603260571795 × 10^297 |
| 17 | ov_017 | 2.6375132945322383 × 10^297 |
| 18 | ov_018 | 1.9195530909280506 × 10^297 |
| 19 | ov_019 | 1.3611431349401607 × 10^297 |
| 20 | ov_020 | 9.36780222447555 × 10^296 |
| 21 | ov_021 | 6.230857533479832 × 10^296 |
| 22 | ov_022 | 3.9879948140599475 × 10^296 |
| 23 | ov_023 | 2.447751925197726 × 10^296 |
| 24 | ov_024 | 1.4397786189030157 × 10^296 |
| 25 | ov_025 | 8.148191457417872 × 10^295 |
| 26 | ov_026 | 4.4470272698116236 × 10^295 |
| 27 | ov_027 | 2.223390720881932 × 10^295 |
| 28 | ov_028 | 9.945282870240681 × 10^294 |
| 29 | ov_029 | 3.830777962167723 × 10^294 |
| 30 | ov_030 | 1.1706724654125442 × 10^294 |
| 31 | ov_031 | 2.2824141272505196 × 10^293 |
| 32 | lv_80_m31 | 4.449060228064163 × 10^292 |
| 33 | ov_033 | 5.333823322406891 × 10^293 |
| 34 | ov_034 | 4.624780631038981 × 10^293 |
| 35 | ov_035 | 3.9902270455682986 × 10^293 |
| 36 | ov_036 | 3.4243190450644272 × 10^293 |
| 37 | ov_037 | 2.921529009177483 × 10^293 |
| 38 | ov_038 | 2.4766229863359265 × 10^293 |
| 39 | ov_039 | 2.084641457728338 × 10^293 |
| 40 | ov_040 | 1.7408828068488952 × 10^293 |
| 41 | ov_041 | 1.4408892220926484 × 10^293 |
| 42 | ov_042 | 1.1804347766733688 × 10^293 |
| 43 | ov_043 | 9.574631167390889 × 10^292 |
| 44 | ov_044 | 7.681838507020469 × 10^292 |
| 45 | ov_045 | 6.090134537128939 × 10^292 |
| 46 | ov_046 | 4.765698090872219 × 10^292 |
| 47 | ov_047 | 3.676678753117517 × 10^292 |
| 48 | ov_048 | 2.7931630995520736 × 10^292 |
| 49 | ov_049 | 2.0871489483109412 × 10^292 |
| 50 | ov_050 | 1.5325261954090735 × 10^292 |
| 51 | ov_051 | 1.1050629311982484 × 10^292 |
| 52 | ov_052 | 7.823956595884157 × 10^291 |
| 53 | ov_053 | 5.4402256526699415 × 10^291 |
| 54 | ov_054 | 3.7129893990838896 × 10^291 |
| 55 | ov_055 | 2.474341219915111 × 10^291 |
| 56 | ov_056 | 1.5748952534978762 × 10^291 |
| 57 | ov_057 | 9.44586866102556 × 10^290 |
| 58 | ov_058 | 5.226036232389015 × 10^290 |
| 59 | ov_059 | 2.573829554268014 × 10^290 |
| 60 | ov_060 | 1.066110750342287 × 10^290 |
| 61 | ov_061 | 3.722257692908658 × 10^289 |
| 62 | ov_062 | 1.0206207895956686 × 10^289 |
| 63 | ov_063 | 1.9883026981653624 × 10^288 |
| 64 | lv_79_m31 | 3.872647503010592 × 10^287 |
| 65 | ov_065 | 4.6200357992811185 × 10^288 |
| 66 | ov_066 | 4.6200214197445755 × 10^288 |
| 67 | ov_067 | 4.6200179004261356 × 10^288 |
| 68 | ov_068 | 3.994766589963814 × 10^288 |
| 69 | ov_069 | 3.436853477350871 × 10^288 |
| 70 | ov_070 | 2.9408311660425567 × 10^288 |
| 71 | ov_071 | 2.50158747042444 × 10^288 |
| 72 | ov_072 | 2.1143227196563504 × 10^288 |
| 73 | ov_073 | 1.7745290670833836 × 10^288 |
| 74 | ov_074 | 1.4779716991718217 × 10^288 |
| 75 | ov_075 | 1.2206718420243661 × 10^288 |
| 76 | ov_076 | 9.988914668881472 × 10^287 |
| 77 | ov_077 | 8.091195987847883 × 10^287 |
| 78 | ov_078 | 6.480601345567746 × 10^287 |
| 79 | ov_079 | 5.126210783204504 × 10^287 |
| 80 | ov_080 | 3.999051036164759 × 10^287 |
| 81 | ov_081 | 3.0720135252328154 × 10^287 |
| 82 | ov_082 | 2.319783827116932 × 10^287 |
| 83 | ov_083 | 1.7187817392713742 × 10^287 |
| 84 | ov_084 | 1.2471110574082389 × 10^287 |
| 85 | ov_085 | 8.845181865561723 × 10^286 |
| 86 | ov_086 | 6.123587081783348 × 10^286 |
| 87 | ov_087 | 4.1357102695036373 × 10^286 |
| 88 | ov_088 | 2.7265622147979645 × 10^286 |
| 89 | ov_089 | 1.7566322364516782 × 10^286 |
| 90 | ov_090 | 1.1017845144378424 × 10^286 |
| 91 | ov_091 | 6.531902033823398 × 10^285 |
| 92 | ov_092 | 3.6025510157535575 × 10^285 |
| 93 | ov_093 | 1.8001076169908058 × 10^285 |
| 94 | ov_094 | 7.71072618672595 × 10^284 |
| 95 | aaa_78_28 | 2.3810249587161523 × 10^284 |
| 96 | aaa_78_29 | 7.312371608148762 × 10^283 |
| 97 | ov_097 | 4.82981406301923 × 10^283 |
| 98 | ov_098 | 4.829668072016718 × 10^283 |
| 99 | ov_099 | 4.829621361295384 × 10^283 |
| 100 | ov_100 | 4.346073870127256 × 10^283 |
| 101 | ov_101 | 3.8982429165601953 × 10^283 |
| 102 | ov_102 | 3.48416029862011 × 10^283 |
| 103 | ov_103 | 3.1020021778112913 × 10^283 |
| 104 | ov_104 | 2.7500703334271094 × 10^283 |
| 105 | ov_105 | 2.426775122653293 × 10^283 |
| 106 | ov_106 | 2.1306200584787675 × 10^283 |
| 107 | ov_107 | 1.8601879205816308 × 10^283 |
| 108 | ov_108 | 1.6141283168862837 × 10^283 |
| 109 | ov_109 | 1.3911466154795942 × 10^283 |
| 110 | ov_110 | 1.1899941681064752 × 10^283 |
| 111 | ov_111 | 1.0094597476126271 × 10^283 |
| 112 | ov_112 | 8.48362122533101 × 10^282 |
| 113 | ov_113 | 7.055436926029816 × 10^282 |
| 114 | ov_114 | 5.79865109348632 × 10^282 |
| 115 | ov_115 | 4.702008061568011 × 10^282 |
| 116 | ov_116 | 3.754353623608193 × 10^282 |
| 117 | ov_117 | 2.9446062596624774 × 10^282 |
| 118 | ov_118 | 2.2617351968930987 × 10^282 |
| 119 | ov_119 | 1.6947445501459712 × 10^282 |
| 120 | ov_120 | 1.2326622651846548 × 10^282 |
| 121 | ov_121 | 8.645321564200346 × 10^281 |
| 122 | ov_122 | 5.794080439807424 × 10^281 |
| 123 | ov_123 | 3.6634961387564985 × 10^281 |
| 124 | ov_124 | 2.144196250104665 × 10^281 |
| 125 | ov_125 | 1.1268217860254357 × 10^281 |
| 126 | ov_126 | 5.02018352412898 × 10^280 |
| 127 | aaa_77_28 | 1.604327589230206 × 10^280 |
| 128 | aaa_77_29 | 6.020663097120661 × 10^279 |
| 129 | ov_129 | 5.549823104237933 × 10^279 |
| 130 | ov_130 | 5.549806789843957 × 10^279 |
| 131 | ov_131 | 5.54980284574914 × 10^279 |
| 132 | ov_132 | 4.821008589677945 × 10^279 |
| 133 | ov_133 | 4.164771163327207 × 10^279 |
| 134 | ov_134 | 3.575229338847928 × 10^279 |
| 135 | ov_135 | 3.0495337404748695 × 10^279 |
| 136 | ov_136 | 2.5824265271128724 × 10^279 |
| 137 | ov_137 | 2.1713487976581267 × 10^279 |
| 138 | ov_138 | 1.811568583096114 × 10^279 |
| 139 | ov_139 | 1.4985946956052567 × 10^279 |
| 140 | ov_140 | 1.2281650886684317 × 10^279 |
| 141 | ov_141 | 9.962372421520697 × 10^278 |
| 142 | ov_142 | 7.989803314117679 × 10^278 |
| 143 | ov_143 | 6.32768953504779 × 10^278 |
| 144 | ov_144 | 4.941781974864918 × 10^278 |
| 145 | ov_145 | 3.799798595818856 × 10^278 |
| 146 | ov_146 | 2.8713961778392316 × 10^278 |
| 147 | ov_147 | 2.1281499415866527 × 10^278 |
| 148 | ov_148 | 1.543539468432125 × 10^278 |
| 149 | ov_149 | 1.0929394741403994 × 10^278 |
| 150 | ov_150 | 7.536141298396289 × 10^277 |
| 151 | ov_151 | 5.047137605891326 × 10^277 |
| 152 | ov_152 | 3.2727293601647286 × 10^277 |
| 153 | ov_153 | 2.042092769935357 × 10^277 |
| 154 | ov_154 | 1.2032265553826575 × 10^277 |
| 155 | ov_155 | 6.22946699434047 × 10^276 |
| 156 | aaa_76_25 | 2.3936509043599214 × 10^276 |
| 157 | aaa_76_26 | 1.3822424802820896 × 10^276 |
| 158 | aaa_76_27 | 7.075336380304527 × 10^275 |
| 159 | aaa_76_28 | 2.7546768896221435 × 10^275 |
| 160 | aaa_76_29 | 8.37710911937642 × 10^274 |

### Output Bits Sorted by Complexity

| Rank | Output Bit | Complexity |
|:----:|:----------:|:----------:|
| 160 | aaa_76_29 | 8.37710911937642 × 10^274 |
| 159 | aaa_76_28 | 2.7546768896221435 × 10^275 |
| 158 | aaa_76_27 | 7.075336380304527 × 10^275 |
| 157 | aaa_76_26 | 1.3822424802820896 × 10^276 |
| 156 | aaa_76_25 | 2.3936509043599214 × 10^276 |
| 155 | ov_155 | 6.22946699434047 × 10^276 |
| 154 | ov_154 | 1.2032265553826575 × 10^277 |
| 153 | ov_153 | 2.042092769935357 × 10^277 |
| 152 | ov_152 | 3.2727293601647286 × 10^277 |
| 151 | ov_151 | 5.047137605891326 × 10^277 |
| 150 | ov_150 | 7.536141298396289 × 10^277 |
| 149 | ov_149 | 1.0929394741403994 × 10^278 |
| 148 | ov_148 | 1.543539468432125 × 10^278 |
| 147 | ov_147 | 2.1281499415866527 × 10^278 |
| 146 | ov_146 | 2.8713961778392316 × 10^278 |
| 145 | ov_145 | 3.799798595818856 × 10^278 |
| 144 | ov_144 | 4.941781974864918 × 10^278 |
| 143 | ov_143 | 6.32768953504779 × 10^278 |
| 142 | ov_142 | 7.989803314117679 × 10^278 |
| 141 | ov_141 | 9.962372421520697 × 10^278 |
| 140 | ov_140 | 1.2281650886684317 × 10^279 |
| 139 | ov_139 | 1.4985946956052567 × 10^279 |
| 138 | ov_138 | 1.811568583096114 × 10^279 |
| 137 | ov_137 | 2.1713487976581267 × 10^279 |
| 136 | ov_136 | 2.5824265271128724 × 10^279 |
| 135 | ov_135 | 3.0495337404748695 × 10^279 |
| 134 | ov_134 | 3.575229338847928 × 10^279 |
| 133 | ov_133 | 4.164771163327207 × 10^279 |
| 132 | ov_132 | 4.821008589677945 × 10^279 |
| 131 | ov_131 | 5.54980284574914 × 10^279 |
| 130 | ov_130 | 5.549806789843957 × 10^279 |
| 129 | ov_129 | 5.549823104237933 × 10^279 |
| 128 | aaa_77_29 | 6.020663097120661 × 10^279 |
| 127 | aaa_77_28 | 1.604327589230206 × 10^280 |
| 126 | ov_126 | 5.02018352412898 × 10^280 |
| 125 | ov_125 | 1.1268217860254357 × 10^281 |
| 124 | ov_124 | 2.144196250104665 × 10^281 |
| 123 | ov_123 | 3.6634961387564985 × 10^281 |
| 122 | ov_122 | 5.794080439807424 × 10^281 |
| 121 | ov_121 | 8.645321564200346 × 10^281 |
| 120 | ov_120 | 1.2326622651846548 × 10^282 |
| 119 | ov_119 | 1.6947445501459712 × 10^282 |
| 118 | ov_118 | 2.2617351968930987 × 10^282 |
| 117 | ov_117 | 2.9446062596624774 × 10^282 |
| 116 | ov_116 | 3.754353623608193 × 10^282 |
| 115 | ov_115 | 4.702008061568011 × 10^282 |
| 114 | ov_114 | 5.79865109348632 × 10^282 |
| 113 | ov_113 | 7.055436926029816 × 10^282 |
| 112 | ov_112 | 8.48362122533101 × 10^282 |
| 111 | ov_111 | 1.0094597476126271 × 10^283 |
| 110 | ov_110 | 1.1899941681064752 × 10^283 |
| 109 | ov_109 | 1.3911466154795942 × 10^283 |
| 108 | ov_108 | 1.6141283168862837 × 10^283 |
| 107 | ov_107 | 1.8601879205816308 × 10^283 |
| 106 | ov_106 | 2.1306200584787675 × 10^283 |
| 105 | ov_105 | 2.426775122653293 × 10^283 |
| 104 | ov_104 | 2.7500703334271094 × 10^283 |
| 103 | ov_103 | 3.1020021778112913 × 10^283 |
| 102 | ov_102 | 3.48416029862011 × 10^283 |
| 101 | ov_101 | 3.8982429165601953 × 10^283 |
| 100 | ov_100 | 4.346073870127256 × 10^283 |
| 99 | ov_099 | 4.829621361295384 × 10^283 |
| 98 | ov_098 | 4.829668072016718 × 10^283 |
| 97 | ov_097 | 4.82981406301923 × 10^283 |
| 96 | aaa_78_29 | 7.312371608148762 × 10^283 |
| 95 | aaa_78_28 | 2.3810249587161523 × 10^284 |
| 94 | ov_094 | 7.71072618672595 × 10^284 |
| 93 | ov_093 | 1.8001076169908058 × 10^285 |
| 92 | ov_092 | 3.6025510157535575 × 10^285 |
| 91 | ov_091 | 6.531902033823398 × 10^285 |
| 90 | ov_090 | 1.1017845144378424 × 10^286 |
| 89 | ov_089 | 1.7566322364516782 × 10^286 |
| 88 | ov_088 | 2.7265622147979645 × 10^286 |
| 87 | ov_087 | 4.1357102695036373 × 10^286 |
| 86 | ov_086 | 6.123587081783348 × 10^286 |
| 85 | ov_085 | 8.845181865561723 × 10^286 |
| 84 | ov_084 | 1.2471110574082389 × 10^287 |
| 83 | ov_083 | 1.7187817392713742 × 10^287 |
| 82 | ov_082 | 2.319783827116932 × 10^287 |
| 81 | ov_081 | 3.0720135252328154 × 10^287 |
| 64 | lv_79_m31 | 3.872647503010592 × 10^287 |
| 80 | ov_080 | 3.999051036164759 × 10^287 |
| 79 | ov_079 | 5.126210783204504 × 10^287 |
| 78 | ov_078 | 6.480601345567746 × 10^287 |
| 77 | ov_077 | 8.091195987847883 × 10^287 |
| 76 | ov_076 | 9.988914668881472 × 10^287 |
| 75 | ov_075 | 1.2206718420243661 × 10^288 |
| 74 | ov_074 | 1.4779716991718217 × 10^288 |
| 73 | ov_073 | 1.7745290670833836 × 10^288 |
| 63 | ov_063 | 1.9883026981653624 × 10^288 |
| 72 | ov_072 | 2.1143227196563504 × 10^288 |
| 71 | ov_071 | 2.50158747042444 × 10^288 |
| 70 | ov_070 | 2.9408311660425567 × 10^288 |
| 69 | ov_069 | 3.436853477350871 × 10^288 |
| 68 | ov_068 | 3.994766589963814 × 10^288 |
| 67 | ov_067 | 4.6200179004261356 × 10^288 |
| 66 | ov_066 | 4.6200214197445755 × 10^288 |
| 65 | ov_065 | 4.6200357992811185 × 10^288 |
| 62 | ov_062 | 1.0206207895956686 × 10^289 |
| 61 | ov_061 | 3.722257692908658 × 10^289 |
| 60 | ov_060 | 1.066110750342287 × 10^290 |
| 59 | ov_059 | 2.573829554268014 × 10^290 |
| 58 | ov_058 | 5.226036232389015 × 10^290 |
| 57 | ov_057 | 9.44586866102556 × 10^290 |
| 56 | ov_056 | 1.5748952534978762 × 10^291 |
| 55 | ov_055 | 2.474341219915111 × 10^291 |
| 54 | ov_054 | 3.7129893990838896 × 10^291 |
| 53 | ov_053 | 5.4402256526699415 × 10^291 |
| 52 | ov_052 | 7.823956595884157 × 10^291 |
| 51 | ov_051 | 1.1050629311982484 × 10^292 |
| 50 | ov_050 | 1.5325261954090735 × 10^292 |
| 49 | ov_049 | 2.0871489483109412 × 10^292 |
| 48 | ov_048 | 2.7931630995520736 × 10^292 |
| 47 | ov_047 | 3.676678753117517 × 10^292 |
| 32 | lv_80_m31 | 4.449060228064163 × 10^292 |
| 46 | ov_046 | 4.765698090872219 × 10^292 |
| 45 | ov_045 | 6.090134537128939 × 10^292 |
| 44 | ov_044 | 7.681838507020469 × 10^292 |
| 43 | ov_043 | 9.574631167390889 × 10^292 |
| 42 | ov_042 | 1.1804347766733688 × 10^293 |
| 41 | ov_041 | 1.4408892220926484 × 10^293 |
| 40 | ov_040 | 1.7408828068488952 × 10^293 |
| 39 | ov_039 | 2.084641457728338 × 10^293 |
| 31 | ov_031 | 2.2824141272505196 × 10^293 |
| 38 | ov_038 | 2.4766229863359265 × 10^293 |
| 37 | ov_037 | 2.921529009177483 × 10^293 |
| 36 | ov_036 | 3.4243190450644272 × 10^293 |
| 35 | ov_035 | 3.9902270455682986 × 10^293 |
| 34 | ov_034 | 4.624780631038981 × 10^293 |
| 33 | ov_033 | 5.333823322406891 × 10^293 |
| 30 | ov_030 | 1.1706724654125442 × 10^294 |
| 29 | ov_029 | 3.830777962167723 × 10^294 |
| 28 | ov_028 | 9.945282870240681 × 10^294 |
| 27 | ov_027 | 2.223390720881932 × 10^295 |
| 26 | ov_026 | 4.4470272698116236 × 10^295 |
| 25 | ov_025 | 8.148191457417872 × 10^295 |
| 24 | ov_024 | 1.4397786189030157 × 10^296 |
| 23 | ov_023 | 2.447751925197726 × 10^296 |
| 22 | ov_022 | 3.9879948140599475 × 10^296 |
| 21 | ov_021 | 6.230857533479832 × 10^296 |
| 20 | ov_020 | 9.36780222447555 × 10^296 |
| 19 | ov_019 | 1.3611431349401607 × 10^297 |
| 18 | ov_018 | 1.9195530909280506 × 10^297 |
| 17 | ov_017 | 2.6375132945322383 × 10^297 |
| 16 | ov_016 | 3.5426603260571795 × 10^297 |
| 15 | ov_015 | 4.66477632325428 × 10^297 |
| 14 | ov_014 | 6.035805780090225 × 10^297 |
| 13 | ov_013 | 7.689878380503467 × 10^297 |
| 12 | ov_012 | 9.66333943310571 × 10^297 |
| 11 | ov_011 | 1.1994789621574895 × 10^298 |
| 10 | ov_010 | 1.4725135934743487 × 10^298 |
| 9 | ov_009 | 1.789765579032329 × 10^298 |
| 8 | ov_008 | 2.155807651711417 × 10^298 |
| 7 | ov_007 | 2.575467251279742 × 10^298 |
| 6 | ov_006 | 3.053838254849139 × 10^298 |
| 5 | ov_005 | 3.5962949847734494 × 10^298 |
| 4 | ov_004 | 4.208508772716427 × 10^298 |
| 3 | ov_003 | 4.896467355494938 × 10^298 |
| 2 | ov_002 | 5.666497356198084 × 10^298 |
| 1 | ov_001 | 6.525290121536636 × 10^298 |

