# Results for F001-F002-F003-F004-F005-F006-F007-F008-F009-F010-F011-F012-F013-F014-F015-F016-F017-F018-F019-F020-F021-F022-F023-F024-F025-F026-F027-F028-F029-F030-F031-F032-F033-F034-F035-F036-F037-F038-F039-F040-F041-F042-F043-F044-F045-F046-F047-F048-F049-F050-F051-F052-F053-F054-F055-F056-F057-F058-F059-F060-F061-F062-F063-F064-F065-F066-F067-F068-F069-F070-F071-F072-F073-F074-F075-F076-F077-F078-F079-F080-F081-F082-F083-F084-F085-F086-F087-F088-F089-F090-F091-F092-F093-F094-F095-F096-F097-F098-F099-F100-F101-F102-F103-F104-F105-F106-F107-F108-F109-F110-F111-F112-F113-F114-F115-F116-F117-F118-F119-F120-F121-F122-F123-F124-F125-F126-F127-F128-F129-F130-F131-F132-F133-F134-F135-F136-F137-F138-F139-F140-F141-F142-F143-F144-F145-F146-F147-F148-F149-F150-F151-F152-F153-F154-F155-F156-F157-F158-F159-F160-F161-F162-F163-F164-F165-F166-F167-F168-F169-F170-F171-F172-F173-F174-F175-F176-F177-F178-F179-F180-F181-F182-F183-F184-F185-F186-F187-F188-F189-F190-F191-F192-F193-F194-F195-F196-F197-F198-F199-F200-F201-F202-F203-F204-F205-F206-F207-F208-F209-F210-F211-F212-F213-F214-F215-F216-F217-F218-F219-F220-F221-F222-F223-F224-F225-F226-F227-F228-F229-F230-F231-F232-F233-F234-F235-F236-F237-F238-F239-F240-F241-F242-F243-F244-F245-F246-F247-F248-F249-F250-F251-F252-F253-F254-F255-F256-F257-F258-F259-F260-F261-F262-F263-F264-F265-F266-F267-F268-F269-F270-F271-F272-F273-F274-F275-F276-F277-F278-F279-F280-F281-F282-F283-F284-F285-F286-F287-F288-F289-F290-F291-F292-F293-F294-F295-F296-F297-F298-F299-F300-F301-F302-F303-F304-F305-F306-F307-F308-F309-F310-F311-F312-F313-F314-F315-F316-F317-F318-F319-F320-F321-F322-F323-F324-F325-F326-F327-F328-F329-F330-F331-F332-F333-F334-F335-F336-F337-F338-F339-F340-F341-F342-F343-F344-F345-F346-F347-F348-F349-F350-F351-F352-F353-F354-F355-F356-F357-F358-F359-F360-F361-F362-F363-F364-F365-F366-F367-F368-F369-F370-F371-F372-F373-F374-F375-F376-F377-F378-F379-F380-F381-F382-F383-F384-F385-F386-F387-F388-F389-F390-F391-F392-F393-F394-F395-F396-F397-F398-F399-F400-F401-F402-F403-F404-F405-F406-F407-F408-F409-F410-F411-F412-F413-F414-F415-F416-F417-F418-F419-F420-F421-F422-F423-F424-F425-F426-F427-F428-F429-F430-F431-F432-F433-F434-F435-F436-F437-F438-F439-F440-F441-F442-F443-F444-F445-F446-F447-F448-F449-F450-F451-F452-F453-F454-F455-F456-F457-F458-F459-F460-F461-F462-F463-F464-F465-F466-F467-F468-F469-F470-F471-F472-F473-F474-F475-F476-F477-F478-F479-F480-F481-F482-F483-F484-F485-F486-F487-F488-F489-F490-F491-F492-F493-F494-F495-F496-T500-F505-F510-F511-F512

## Summary

Number of input bits: 512  
Number of free input bits: 11  
Number of output bits: 160

Number of direct occurrences: 45267  
Number of assignments: 31333  
Number of operations: 11335318
(xor: 11306968,
and: 14966,
or: 13384)

Total complexity: 1.102525543557988 × 10^303

Least occurring input variable: iv_498 (3957)  
Most occurring input variable: iv_509 (4286)

Most co-occurring input variables: iv_501-iv_502 (2103)  
Least co-occurring input variables: iv_497-iv_508 (1784)

Potentially most occurring input variable: iv_497/iv_508 (4637)  
Potentially least occurring input variable: iv_501/iv_502 (4134)

Least output occurring input variable: iv_501 (69)  
Most output occurring input variable: iv_509 (87)

Most output co-occurring input variables: iv_507-iv_509 (48)  
Least output co-occurring input variables: iv_501-iv_504 (28)

Potentially most output occurring input variable: iv_504/iv_509 (95)  
Potentially least output occurring input variable: iv_503/iv_506 (68)

Least complex input bit: iv_497 (3.627452859306432 × 10^300)  
Most complex input bit: iv_509 (2.9049505349535727 × 10^302)

Least complex output bit: aaa_76_29 (6.1184028639173295 × 10^277)  
Most complex output bit: ov_001 (1.7487722135682218 × 10^302)

Least complex input/output complexity: iv_497/aaa_76_29 (2.0130343548759964 × 10^275)  
Most complex input/output complexity: iv_509/ov_001 (4.6076907759641014 × 10^301)

## Input Bits

### Input Bits in Regular Order

| Input Bit | Complexity | Occurrences | Output Occurrences |
|:---------:|:----------:|:-----------:|:------------------:|
| iv_497 | 3.627452859306432 × 10^300 | 4134 | 78 |
| iv_498 | 5.103976800023982 × 10^300 | 3957 | 79 |
| iv_499 | 8.595227348942379 × 10^300 | 4019 | 75 |
| iv_501 | 3.864640852238916 × 10^301 | 4135 | 69 |
| iv_502 | 7.746704918448814 × 10^301 | 4205 | 75 |
| iv_503 | 6.091715047070125 × 10^301 | 4200 | 81 |
| iv_504 | 3.181562690509397 × 10^301 | 4034 | 76 |
| iv_506 | 1.0746277647269558 × 10^302 | 4017 | 81 |
| iv_507 | 1.9307811699309269 × 10^302 | 4209 | 79 |
| iv_508 | 2.8531670450589726 × 10^302 | 4071 | 78 |
| iv_509 | 2.9049505349535727 × 10^302 | 4286 | 87 |

### Input Bits Sorted by Complexity

| Input Bit | Complexity | Occurrences | Output Occurrences |
|:---------:|:----------:|:-----------:|:------------------:|
| iv_497 | 3.627452859306432 × 10^300 | 4134 | 78 |
| iv_498 | 5.103976800023982 × 10^300 | 3957 | 79 |
| iv_499 | 8.595227348942379 × 10^300 | 4019 | 75 |
| iv_504 | 3.181562690509397 × 10^301 | 4034 | 76 |
| iv_501 | 3.864640852238916 × 10^301 | 4135 | 69 |
| iv_503 | 6.091715047070125 × 10^301 | 4200 | 81 |
| iv_502 | 7.746704918448814 × 10^301 | 4205 | 75 |
| iv_506 | 1.0746277647269558 × 10^302 | 4017 | 81 |
| iv_507 | 1.9307811699309269 × 10^302 | 4209 | 79 |
| iv_508 | 2.8531670450589726 × 10^302 | 4071 | 78 |
| iv_509 | 2.9049505349535727 × 10^302 | 4286 | 87 |

### Input Bits Sorted by Occurrences

| Input Bit | Complexity | Occurrences | Output Occurrences |
|:---------:|:----------:|:-----------:|:------------------:|
| iv_498 | 5.103976800023982 × 10^300 | 3957 | 79 |
| iv_506 | 1.0746277647269558 × 10^302 | 4017 | 81 |
| iv_499 | 8.595227348942379 × 10^300 | 4019 | 75 |
| iv_504 | 3.181562690509397 × 10^301 | 4034 | 76 |
| iv_508 | 2.8531670450589726 × 10^302 | 4071 | 78 |
| iv_497 | 3.627452859306432 × 10^300 | 4134 | 78 |
| iv_501 | 3.864640852238916 × 10^301 | 4135 | 69 |
| iv_503 | 6.091715047070125 × 10^301 | 4200 | 81 |
| iv_502 | 7.746704918448814 × 10^301 | 4205 | 75 |
| iv_507 | 1.9307811699309269 × 10^302 | 4209 | 79 |
| iv_509 | 2.9049505349535727 × 10^302 | 4286 | 87 |

### Input Bits Sorted by Output Occurrences

| Input Bit | Complexity | Occurrences | Output Occurrences |
|:---------:|:----------:|:-----------:|:------------------:|
| iv_501 | 3.864640852238916 × 10^301 | 4135 | 69 |
| iv_502 | 7.746704918448814 × 10^301 | 4205 | 75 |
| iv_499 | 8.595227348942379 × 10^300 | 4019 | 75 |
| iv_504 | 3.181562690509397 × 10^301 | 4034 | 76 |
| iv_508 | 2.8531670450589726 × 10^302 | 4071 | 78 |
| iv_497 | 3.627452859306432 × 10^300 | 4134 | 78 |
| iv_498 | 5.103976800023982 × 10^300 | 3957 | 79 |
| iv_507 | 1.9307811699309269 × 10^302 | 4209 | 79 |
| iv_503 | 6.091715047070125 × 10^301 | 4200 | 81 |
| iv_506 | 1.0746277647269558 × 10^302 | 4017 | 81 |
| iv_509 | 2.9049505349535727 × 10^302 | 4286 | 87 |

## Input Bit Co-occurrences

### Input Bit Co-occurrences Sorted by Co-occurrences

| Input Bits | Co-occurrences | Potential Occurrences | Output Co-occurrences | Potential Output Occurrences |
|:----------:|:--------------:|:---------------------:|:---------------------:|:----------------------------:|
| iv_501-iv_502 | 2103 | 4134 | 30 | 84 |
| iv_502-iv_503 | 2079 | 4247 | 34 | 88 |
| iv_507-iv_509 | 2076 | 4343 | 48 | 70 |
| iv_502-iv_509 | 2064 | 4363 | 41 | 80 |
| iv_506-iv_509 | 2042 | 4219 | 43 | 82 |
| iv_503-iv_509 | 2033 | 4420 | 46 | 76 |
| iv_501-iv_507 | 2030 | 4284 | 32 | 84 |
| iv_497-iv_509 | 2020 | 4380 | 44 | 77 |
| iv_508-iv_509 | 2010 | 4337 | 39 | 87 |
| iv_502-iv_507 | 2007 | 4400 | 37 | 80 |
| iv_499-iv_502 | 2006 | 4212 | 34 | 82 |

### Input Bit Co-occurrences Sorted by Potential Occurrences

| Input Bits | Co-occurrences | Potential Occurrences | Output Co-occurrences | Potential Output Occurrences |
|:----------:|:--------------:|:---------------------:|:---------------------:|:----------------------------:|
| iv_501-iv_502 | 2103 | 4134 | 30 | 84 |
| iv_497-iv_499 | 1984 | 4185 | 36 | 81 |
| iv_499-iv_501 | 1973 | 4208 | 32 | 80 |
| iv_499-iv_502 | 2006 | 4212 | 34 | 82 |
| iv_506-iv_509 | 2042 | 4219 | 43 | 82 |
| iv_499-iv_507 | 1994 | 4240 | 37 | 80 |
| iv_502-iv_503 | 2079 | 4247 | 34 | 88 |
| iv_501-iv_506 | 1950 | 4252 | 38 | 74 |
| iv_501-iv_504 | 1956 | 4257 | 28 | 89 |
| iv_506-iv_507 | 1984 | 4258 | 39 | 82 |
| iv_498-iv_504 | 1863 | 4265 | 34 | 87 |

### Input Bit Output Co-occurrences Sorted by Output Co-occurrences

| Input Bits | Co-occurrences | Potential Occurrences | Output Co-occurrences | Potential Output Occurrences |
|:----------:|:--------------:|:---------------------:|:---------------------:|:----------------------------:|
| iv_507-iv_509 | 2076 | 4343 | 48 | 70 |
| iv_498-iv_509 | 1881 | 4481 | 47 | 72 |
| iv_503-iv_506 | 1943 | 4331 | 47 | 68 |
| iv_503-iv_509 | 2033 | 4420 | 46 | 76 |
| iv_499-iv_509 | 1999 | 4307 | 44 | 74 |
| iv_498-iv_507 | 1890 | 4386 | 44 | 70 |
| iv_497-iv_509 | 2020 | 4380 | 44 | 77 |
| iv_498-iv_503 | 1870 | 4417 | 43 | 74 |
| iv_504-iv_506 | 1892 | 4267 | 43 | 71 |
| iv_506-iv_509 | 2042 | 4219 | 43 | 82 |
| iv_497-iv_507 | 1970 | 4403 | 42 | 73 |

### Input Bit Output Co-occurrences Sorted by Potential Output Occurrences

| Input Bits | Co-occurrences | Potential Occurrences | Output Co-occurrences | Potential Output Occurrences |
|:----------:|:--------------:|:---------------------:|:---------------------:|:----------------------------:|
| iv_503-iv_506 | 1943 | 4331 | 47 | 68 |
| iv_507-iv_509 | 2076 | 4343 | 48 | 70 |
| iv_498-iv_507 | 1890 | 4386 | 44 | 70 |
| iv_504-iv_506 | 1892 | 4267 | 43 | 71 |
| iv_498-iv_509 | 1881 | 4481 | 47 | 72 |
| iv_504-iv_508 | 1874 | 4357 | 41 | 72 |
| iv_497-iv_507 | 1970 | 4403 | 42 | 73 |
| iv_498-iv_502 | 1877 | 4408 | 40 | 74 |
| iv_498-iv_503 | 1870 | 4417 | 43 | 74 |
| iv_499-iv_509 | 1999 | 4307 | 44 | 74 |
| iv_501-iv_506 | 1950 | 4252 | 38 | 74 |

## Output Bits

### Output Bits in Regular Order

| Rank | Output Bit | Complexity |
|:----:|:----------:|:----------:|
| 1 | ov_001 | 1.7487722135682218 × 10^302 |
| 2 | ov_002 | 1.5185615565752244 × 10^302 |
| 3 | ov_003 | 1.3121590247363143 × 10^302 |
| 4 | ov_004 | 1.1277672829901547 × 10^302 |
| 5 | ov_005 | 9.636871759680375 × 10^301 |
| 6 | ov_006 | 8.183108131558423 × 10^301 |
| 7 | ov_007 | 6.901155514828134 × 10^301 |
| 8 | ov_008 | 5.776587980562487 × 10^301 |
| 9 | ov_009 | 4.7957356074384634 × 10^301 |
| 10 | ov_010 | 3.94564668003604 × 10^301 |
| 11 | ov_011 | 3.214055828742356 × 10^301 |
| 12 | ov_012 | 2.5893574939543437 × 10^301 |
| 13 | ov_013 | 2.0605841418857394 × 10^301 |
| 14 | ov_014 | 1.6173886151514382 × 10^301 |
| 15 | ov_015 | 1.2500300006733624 × 10^301 |
| 16 | ov_016 | 9.493624710338884 × 10^300 |
| 17 | ov_017 | 7.068266592777995 × 10^300 |
| 18 | ov_018 | 5.144431697111499 × 10^300 |
| 19 | ov_019 | 3.648078085261941 × 10^300 |
| 20 | ov_020 | 2.5108812984278972 × 10^300 |
| 21 | ov_021 | 1.6702095238354843 × 10^300 |
| 22 | ov_022 | 1.0691059366316001 × 10^300 |
| 23 | ov_023 | 6.562765230200989 × 10^299 |
| 24 | ov_024 | 3.860821017111506 × 10^299 |
| 25 | ov_025 | 2.1853347175458573 × 10^299 |
| 26 | ov_026 | 1.1928878235197086 × 10^299 |
| 27 | ov_027 | 5.965231853230861 × 10^298 |
| 28 | ov_028 | 2.6687669409933664 × 10^298 |
| 29 | ov_029 | 1.0281202009488912 × 10^298 |
| 30 | ov_030 | 3.1420308523671076 × 10^297 |
| 31 | ov_031 | 6.124901530228458 × 10^296 |
| 32 | lv_80_m31 | 1.1934551098457074 × 10^296 |
| 33 | ov_033 | 1.434809390085108 × 10^297 |
| 34 | ov_034 | 1.2452884180189782 × 10^297 |
| 35 | ov_035 | 1.0755431727695306 × 10^297 |
| 36 | ov_036 | 9.239053689619176 × 10^296 |
| 37 | ov_037 | 7.887972599082513 × 10^296 |
| 38 | ov_038 | 6.694517489155237 × 10^296 |
| 39 | ov_039 | 5.644537778461616 × 10^296 |
| 40 | ov_040 | 4.724620722632513 × 10^296 |
| 41 | ov_041 | 3.922050610995595 × 10^296 |
| 42 | ov_042 | 3.224774254721946 × 10^296 |
| 43 | ov_043 | 2.626926747231982 × 10^296 |
| 44 | ov_044 | 2.1176982115726734 × 10^296 |
| 45 | ov_045 | 1.686868896901466 × 10^296 |
| 46 | ov_046 | 1.3247934146329873 × 10^296 |
| 47 | ov_047 | 1.0267909110023007 × 10^296 |
| 48 | ov_048 | 7.843300283112902 × 10^295 |
| 49 | ov_049 | 5.89424185421355 × 10^295 |
| 50 | ov_050 | 4.346261034142749 × 10^295 |
| 51 | ov_051 | 3.130238596363527 × 10^295 |
| 52 | ov_052 | 2.212949227734526 × 10^295 |
| 53 | ov_053 | 1.5359067264844905 × 10^295 |
| 54 | ov_054 | 1.0459192798713736 × 10^295 |
| 55 | ov_055 | 6.950810602371303 × 10^294 |
| 56 | ov_056 | 4.407668774167821 × 10^294 |
| 57 | ov_057 | 2.62983787182201 × 10^294 |
| 58 | ov_058 | 1.4437698566114783 × 10^294 |
| 59 | ov_059 | 7.0229204737953755 × 10^293 |
| 60 | ov_060 | 2.8460437317021818 × 10^293 |
| 61 | ov_061 | 9.627838136736794 × 10^292 |
| 62 | ov_062 | 2.5797867299305625 × 10^292 |
| 63 | ov_063 | 5.707687865103465 × 10^291 |
| 64 | lv_79_m31 | 1.1123367044429776 × 10^291 |
| 65 | ov_065 | 1.3249721103494966 × 10^292 |
| 66 | ov_066 | 1.3249686703032795 × 10^292 |
| 67 | ov_067 | 1.3249678542385819 × 10^292 |
| 68 | ov_068 | 1.1476344606833764 × 10^292 |
| 69 | ov_069 | 9.888128409081309 × 10^291 |
| 70 | ov_070 | 8.47136230633273 × 10^291 |
| 71 | ov_071 | 7.213021259984991 × 10^291 |
| 72 | ov_072 | 6.100684555199893 × 10^291 |
| 73 | ov_073 | 5.122505795413852 × 10^291 |
| 74 | ov_074 | 4.267189699103297 × 10^291 |
| 75 | ov_075 | 3.5239743039686153 × 10^291 |
| 76 | ov_076 | 2.882617258541569 × 10^291 |
| 77 | ov_077 | 2.33338495359876 × 10^291 |
| 78 | ov_078 | 1.8670434420427522 × 10^291 |
| 79 | ov_079 | 1.4748505341205797 × 10^291 |
| 80 | ov_080 | 1.1485488670856033 × 10^291 |
| 81 | ov_081 | 8.803598833826776 × 10^290 |
| 82 | ov_082 | 6.6297865195834735 × 10^290 |
| 83 | ov_083 | 4.895694676698909 × 10^290 |
| 84 | ov_084 | 3.5376216402686196 × 10^290 |
| 85 | ov_085 | 2.4964907467760103 × 10^290 |
| 86 | ov_086 | 1.717825791743081 × 10^290 |
| 87 | ov_087 | 1.1517316862990107 × 10^290 |
| 88 | ov_088 | 7.528796692967612 × 10^289 |
| 89 | ov_089 | 4.804964318980243 × 10^289 |
| 90 | ov_090 | 2.983565117009736 × 10^289 |
| 91 | ov_091 | 1.7477731355915614 × 10^289 |
| 92 | ov_092 | 9.505277839534948 × 10^288 |
| 93 | ov_093 | 4.6746247465596375 × 10^288 |
| 94 | ov_094 | 1.9689932635820566 × 10^288 |
| 95 | aaa_78_28 | 5.9846998214733715 × 10^287 |
| 96 | aaa_78_29 | 1.7926825520419225 × 10^287 |
| 97 | ov_097 | 9.336600213634122 × 10^286 |
| 98 | ov_098 | 9.336493269182948 × 10^286 |
| 99 | ov_099 | 9.336459051519526 × 10^286 |
| 100 | ov_100 | 7.671117230639191 × 10^286 |
| 101 | ov_101 | 6.256017744328628 × 10^286 |
| 102 | ov_102 | 5.064933466179477 × 10^286 |
| 103 | ov_103 | 4.0730813438185236 × 10^286 |
| 104 | ov_104 | 3.257016645732498 × 10^286 |
| 105 | ov_105 | 2.5945409407348507 × 10^286 |
| 106 | ov_106 | 2.064622560802306 × 10^286 |
| 107 | ov_107 | 1.64732836224941 × 10^286 |
| 108 | ov_108 | 1.3237656622035263 × 10^286 |
| 109 | ov_109 | 1.076033287541103 × 10^286 |
| 110 | ov_110 | 8.871807322329005 × 10^285 |
| 111 | ov_111 | 7.411744767475193 × 10^285 |
| 112 | ov_112 | 6.228705800493053 × 10^285 |
| 113 | ov_113 | 5.17992711017833 × 10^285 |
| 114 | ov_114 | 4.257039322578778 × 10^285 |
| 115 | ov_115 | 3.45177398338082 × 10^285 |
| 116 | ov_116 | 2.755936927043476 × 10^285 |
| 117 | ov_117 | 2.161387203633491 × 10^285 |
| 118 | ov_118 | 1.660021011367 × 10^285 |
| 119 | ov_119 | 1.2437600831129955 × 10^285 |
| 120 | ov_120 | 9.04543590887702 × 10^284 |
| 121 | ov_121 | 6.343223169980983 × 10^284 |
| 122 | ov_122 | 4.2505436278462456 × 10^284 |
| 123 | ov_123 | 2.6870211926188928 × 10^284 |
| 124 | ov_124 | 1.5723022396427136 × 10^284 |
| 125 | ov_125 | 8.260429542752444 × 10^283 |
| 126 | ov_126 | 3.679028778224815 × 10^283 |
| 127 | aaa_77_28 | 1.175424306628447 × 10^283 |
| 128 | aaa_77_29 | 4.410368898183642 × 10^282 |
| 129 | ov_129 | 4.071194182860106 × 10^282 |
| 130 | ov_130 | 4.071182272335437 × 10^282 |
| 131 | ov_131 | 4.071179394452834 × 10^282 |
| 132 | ov_132 | 3.5334003934241173 × 10^282 |
| 133 | ov_133 | 3.0507274839747395 × 10^282 |
| 134 | ov_134 | 2.6188746078083915 × 10^282 |
| 135 | ov_135 | 2.2337833646129582 × 10^282 |
| 136 | ov_136 | 1.891606730349117 × 10^282 |
| 137 | ov_137 | 1.5904721534983526 × 10^282 |
| 138 | ov_138 | 1.3269155343648893 × 10^282 |
| 139 | ov_139 | 1.097648277211631 × 10^282 |
| 140 | ov_140 | 8.995489429077786 × 10^281 |
| 141 | ov_141 | 7.29656377267473 × 10^281 |
| 142 | ov_142 | 5.8516413363527114 × 10^281 |
| 143 | ov_143 | 4.6341601883878384 × 10^281 |
| 144 | ov_144 | 3.619026020977175 × 10^281 |
| 145 | ov_145 | 2.7825853688295946 × 10^281 |
| 146 | ov_146 | 2.1026055608229233 × 10^281 |
| 147 | ov_147 | 1.5582601116620503 × 10^281 |
| 148 | ov_148 | 1.130118425156328 × 10^281 |
| 149 | ov_149 | 8.001389067850338 × 10^280 |
| 150 | ov_150 | 5.516646862179829 × 10^280 |
| 151 | ov_151 | 3.6942113042926764 × 10^280 |
| 152 | ov_152 | 2.3951440521906923 × 10^280 |
| 153 | ov_153 | 1.494305760257023 × 10^280 |
| 154 | ov_154 | 8.803500492132695 × 10^279 |
| 155 | ov_155 | 4.557195493457939 × 10^279 |
| 156 | aaa_76_25 | 1.750825125854999 × 10^279 |
| 157 | aaa_76_26 | 1.0107436774040831 × 10^279 |
| 158 | aaa_76_27 | 5.172029514192508 × 10^278 |
| 159 | aaa_76_28 | 2.012802481041243 × 10^278 |
| 160 | aaa_76_29 | 6.1184028639173295 × 10^277 |

### Output Bits Sorted by Complexity

| Rank | Output Bit | Complexity |
|:----:|:----------:|:----------:|
| 160 | aaa_76_29 | 6.1184028639173295 × 10^277 |
| 159 | aaa_76_28 | 2.012802481041243 × 10^278 |
| 158 | aaa_76_27 | 5.172029514192508 × 10^278 |
| 157 | aaa_76_26 | 1.0107436774040831 × 10^279 |
| 156 | aaa_76_25 | 1.750825125854999 × 10^279 |
| 155 | ov_155 | 4.557195493457939 × 10^279 |
| 154 | ov_154 | 8.803500492132695 × 10^279 |
| 153 | ov_153 | 1.494305760257023 × 10^280 |
| 152 | ov_152 | 2.3951440521906923 × 10^280 |
| 151 | ov_151 | 3.6942113042926764 × 10^280 |
| 150 | ov_150 | 5.516646862179829 × 10^280 |
| 149 | ov_149 | 8.001389067850338 × 10^280 |
| 148 | ov_148 | 1.130118425156328 × 10^281 |
| 147 | ov_147 | 1.5582601116620503 × 10^281 |
| 146 | ov_146 | 2.1026055608229233 × 10^281 |
| 145 | ov_145 | 2.7825853688295946 × 10^281 |
| 144 | ov_144 | 3.619026020977175 × 10^281 |
| 143 | ov_143 | 4.6341601883878384 × 10^281 |
| 142 | ov_142 | 5.8516413363527114 × 10^281 |
| 141 | ov_141 | 7.29656377267473 × 10^281 |
| 140 | ov_140 | 8.995489429077786 × 10^281 |
| 139 | ov_139 | 1.097648277211631 × 10^282 |
| 138 | ov_138 | 1.3269155343648893 × 10^282 |
| 137 | ov_137 | 1.5904721534983526 × 10^282 |
| 136 | ov_136 | 1.891606730349117 × 10^282 |
| 135 | ov_135 | 2.2337833646129582 × 10^282 |
| 134 | ov_134 | 2.6188746078083915 × 10^282 |
| 133 | ov_133 | 3.0507274839747395 × 10^282 |
| 132 | ov_132 | 3.5334003934241173 × 10^282 |
| 131 | ov_131 | 4.071179394452834 × 10^282 |
| 130 | ov_130 | 4.071182272335437 × 10^282 |
| 129 | ov_129 | 4.071194182860106 × 10^282 |
| 128 | aaa_77_29 | 4.410368898183642 × 10^282 |
| 127 | aaa_77_28 | 1.175424306628447 × 10^283 |
| 126 | ov_126 | 3.679028778224815 × 10^283 |
| 125 | ov_125 | 8.260429542752444 × 10^283 |
| 124 | ov_124 | 1.5723022396427136 × 10^284 |
| 123 | ov_123 | 2.6870211926188928 × 10^284 |
| 122 | ov_122 | 4.2505436278462456 × 10^284 |
| 121 | ov_121 | 6.343223169980983 × 10^284 |
| 120 | ov_120 | 9.04543590887702 × 10^284 |
| 119 | ov_119 | 1.2437600831129955 × 10^285 |
| 118 | ov_118 | 1.660021011367 × 10^285 |
| 117 | ov_117 | 2.161387203633491 × 10^285 |
| 116 | ov_116 | 2.755936927043476 × 10^285 |
| 115 | ov_115 | 3.45177398338082 × 10^285 |
| 114 | ov_114 | 4.257039322578778 × 10^285 |
| 113 | ov_113 | 5.17992711017833 × 10^285 |
| 112 | ov_112 | 6.228705800493053 × 10^285 |
| 111 | ov_111 | 7.411744767475193 × 10^285 |
| 110 | ov_110 | 8.871807322329005 × 10^285 |
| 109 | ov_109 | 1.076033287541103 × 10^286 |
| 108 | ov_108 | 1.3237656622035263 × 10^286 |
| 107 | ov_107 | 1.64732836224941 × 10^286 |
| 106 | ov_106 | 2.064622560802306 × 10^286 |
| 105 | ov_105 | 2.5945409407348507 × 10^286 |
| 104 | ov_104 | 3.257016645732498 × 10^286 |
| 103 | ov_103 | 4.0730813438185236 × 10^286 |
| 102 | ov_102 | 5.064933466179477 × 10^286 |
| 101 | ov_101 | 6.256017744328628 × 10^286 |
| 100 | ov_100 | 7.671117230639191 × 10^286 |
| 99 | ov_099 | 9.336459051519526 × 10^286 |
| 98 | ov_098 | 9.336493269182948 × 10^286 |
| 97 | ov_097 | 9.336600213634122 × 10^286 |
| 96 | aaa_78_29 | 1.7926825520419225 × 10^287 |
| 95 | aaa_78_28 | 5.9846998214733715 × 10^287 |
| 94 | ov_094 | 1.9689932635820566 × 10^288 |
| 93 | ov_093 | 4.6746247465596375 × 10^288 |
| 92 | ov_092 | 9.505277839534948 × 10^288 |
| 91 | ov_091 | 1.7477731355915614 × 10^289 |
| 90 | ov_090 | 2.983565117009736 × 10^289 |
| 89 | ov_089 | 4.804964318980243 × 10^289 |
| 88 | ov_088 | 7.528796692967612 × 10^289 |
| 87 | ov_087 | 1.1517316862990107 × 10^290 |
| 86 | ov_086 | 1.717825791743081 × 10^290 |
| 85 | ov_085 | 2.4964907467760103 × 10^290 |
| 84 | ov_084 | 3.5376216402686196 × 10^290 |
| 83 | ov_083 | 4.895694676698909 × 10^290 |
| 82 | ov_082 | 6.6297865195834735 × 10^290 |
| 81 | ov_081 | 8.803598833826776 × 10^290 |
| 64 | lv_79_m31 | 1.1123367044429776 × 10^291 |
| 80 | ov_080 | 1.1485488670856033 × 10^291 |
| 79 | ov_079 | 1.4748505341205797 × 10^291 |
| 78 | ov_078 | 1.8670434420427522 × 10^291 |
| 77 | ov_077 | 2.33338495359876 × 10^291 |
| 76 | ov_076 | 2.882617258541569 × 10^291 |
| 75 | ov_075 | 3.5239743039686153 × 10^291 |
| 74 | ov_074 | 4.267189699103297 × 10^291 |
| 73 | ov_073 | 5.122505795413852 × 10^291 |
| 63 | ov_063 | 5.707687865103465 × 10^291 |
| 72 | ov_072 | 6.100684555199893 × 10^291 |
| 71 | ov_071 | 7.213021259984991 × 10^291 |
| 70 | ov_070 | 8.47136230633273 × 10^291 |
| 69 | ov_069 | 9.888128409081309 × 10^291 |
| 68 | ov_068 | 1.1476344606833764 × 10^292 |
| 67 | ov_067 | 1.3249678542385819 × 10^292 |
| 66 | ov_066 | 1.3249686703032795 × 10^292 |
| 65 | ov_065 | 1.3249721103494966 × 10^292 |
| 62 | ov_062 | 2.5797867299305625 × 10^292 |
| 61 | ov_061 | 9.627838136736794 × 10^292 |
| 60 | ov_060 | 2.8460437317021818 × 10^293 |
| 59 | ov_059 | 7.0229204737953755 × 10^293 |
| 58 | ov_058 | 1.4437698566114783 × 10^294 |
| 57 | ov_057 | 2.62983787182201 × 10^294 |
| 56 | ov_056 | 4.407668774167821 × 10^294 |
| 55 | ov_055 | 6.950810602371303 × 10^294 |
| 54 | ov_054 | 1.0459192798713736 × 10^295 |
| 53 | ov_053 | 1.5359067264844905 × 10^295 |
| 52 | ov_052 | 2.212949227734526 × 10^295 |
| 51 | ov_051 | 3.130238596363527 × 10^295 |
| 50 | ov_050 | 4.346261034142749 × 10^295 |
| 49 | ov_049 | 5.89424185421355 × 10^295 |
| 48 | ov_048 | 7.843300283112902 × 10^295 |
| 47 | ov_047 | 1.0267909110023007 × 10^296 |
| 32 | lv_80_m31 | 1.1934551098457074 × 10^296 |
| 46 | ov_046 | 1.3247934146329873 × 10^296 |
| 45 | ov_045 | 1.686868896901466 × 10^296 |
| 44 | ov_044 | 2.1176982115726734 × 10^296 |
| 43 | ov_043 | 2.626926747231982 × 10^296 |
| 42 | ov_042 | 3.224774254721946 × 10^296 |
| 41 | ov_041 | 3.922050610995595 × 10^296 |
| 40 | ov_040 | 4.724620722632513 × 10^296 |
| 39 | ov_039 | 5.644537778461616 × 10^296 |
| 31 | ov_031 | 6.124901530228458 × 10^296 |
| 38 | ov_038 | 6.694517489155237 × 10^296 |
| 37 | ov_037 | 7.887972599082513 × 10^296 |
| 36 | ov_036 | 9.239053689619176 × 10^296 |
| 35 | ov_035 | 1.0755431727695306 × 10^297 |
| 34 | ov_034 | 1.2452884180189782 × 10^297 |
| 33 | ov_033 | 1.434809390085108 × 10^297 |
| 30 | ov_030 | 3.1420308523671076 × 10^297 |
| 29 | ov_029 | 1.0281202009488912 × 10^298 |
| 28 | ov_028 | 2.6687669409933664 × 10^298 |
| 27 | ov_027 | 5.965231853230861 × 10^298 |
| 26 | ov_026 | 1.1928878235197086 × 10^299 |
| 25 | ov_025 | 2.1853347175458573 × 10^299 |
| 24 | ov_024 | 3.860821017111506 × 10^299 |
| 23 | ov_023 | 6.562765230200989 × 10^299 |
| 22 | ov_022 | 1.0691059366316001 × 10^300 |
| 21 | ov_021 | 1.6702095238354843 × 10^300 |
| 20 | ov_020 | 2.5108812984278972 × 10^300 |
| 19 | ov_019 | 3.648078085261941 × 10^300 |
| 18 | ov_018 | 5.144431697111499 × 10^300 |
| 17 | ov_017 | 7.068266592777995 × 10^300 |
| 16 | ov_016 | 9.493624710338884 × 10^300 |
| 15 | ov_015 | 1.2500300006733624 × 10^301 |
| 14 | ov_014 | 1.6173886151514382 × 10^301 |
| 13 | ov_013 | 2.0605841418857394 × 10^301 |
| 12 | ov_012 | 2.5893574939543437 × 10^301 |
| 11 | ov_011 | 3.214055828742356 × 10^301 |
| 10 | ov_010 | 3.94564668003604 × 10^301 |
| 9 | ov_009 | 4.7957356074384634 × 10^301 |
| 8 | ov_008 | 5.776587980562487 × 10^301 |
| 7 | ov_007 | 6.901155514828134 × 10^301 |
| 6 | ov_006 | 8.183108131558423 × 10^301 |
| 5 | ov_005 | 9.636871759680375 × 10^301 |
| 4 | ov_004 | 1.1277672829901547 × 10^302 |
| 3 | ov_003 | 1.3121590247363143 × 10^302 |
| 2 | ov_002 | 1.5185615565752244 × 10^302 |
| 1 | ov_001 | 1.7487722135682218 × 10^302 |

