# Results for F001-F002-F003-F004-F005-F006-F007-F008-F009-F010-F011-F012-F013-F014-F015-F016-F017-F018-F019-F020-F021-F022-F023-F024-F025-F026-F027-F028-F029-F030-F031-F032-F033-F034-F035-F036-F037-F038-F039-F040-F041-F042-F043-F044-F045-F046-F047-F048-F049-F050-F051-F052-F053-F054-F055-F056-F057-F058-F059-F060-F061-F062-F063-F064-F065-F066-F067-F068-F069-F070-F071-F072-F073-F074-F075-F076-F077-F078-F079-F080-F081-F082-F083-F084-F085-F086-F087-F088-F089-F090-F091-F092-F093-F094-F095-F096-F097-F098-F099-F100-F101-F102-F103-F104-F105-F106-F107-F108-F109-F110-F111-F112-F113-F114-F115-F116-F117-F118-F119-F120-F121-F122-F123-F124-F125-F126-F127-F128-F129-F130-F131-F132-F133-F134-F135-F136-F137-F138-F139-F140-F141-F142-F143-F144-F145-F146-F147-F148-F149-F150-F151-F152-F153-F154-F155-F156-F157-F158-F159-F160-F161-F162-F163-F164-F165-F166-F167-F168-F169-F170-F171-F172-F173-F174-F175-F176-F177-F178-F179-F180-F181-F182-F183-F184-F185-F186-F187-F188-F189-F190-F191-F192-F193-F194-F195-F196-F197-F198-F199-F200-F201-F202-F203-F204-F205-F206-F207-F208-F209-F210-F211-F212-F213-F214-F215-F216-F217-F218-F219-F220-F221-F222-F223-F224-F225-F226-F227-F228-F229-F230-F231-F232-F233-F234-F235-F236-F237-F238-F239-F240-F241-F242-F243-F244-F245-F246-F247-F248-F249-F250-F251-F252-F253-F254-F255-F256-F257-F258-F259-F260-F261-F262-F263-F264-F265-F266-F267-F268-F269-F270-F271-F272-F273-F274-F275-F276-F277-F278-F279-F280-F281-F282-F283-F284-F285-F286-F287-F288-F289-F290-F291-F292-F293-F294-F295-F296-F297-F298-F299-F300-F301-F302-F303-F304-F305-F306-F307-F308-F309-F310-F311-F312-F313-F314-F315-F316-F317-F318-F319-F320-F321-F322-F323-F324-F325-F326-F327-F328-F329-F330-F331-F332-F333-F334-F335-F336-F337-F338-F339-F340-F341-F342-F343-F344-F345-F346-F347-F348-F349-F350-F351-F352-F353-F354-F355-F356-F357-F358-F359-F360-F361-F362-F363-F364-F365-F366-F367-F368-F369-F370-F371-F372-F373-F374-F375-F376-F377-F378-F379-F380-F381-F382-F383-F384-F385-F386-F387-F388-F389-F390-F391-F392-F393-F394-F395-F396-F397-F398-F399-F400-F401-F402-F403-F404-F405-F406-F407-F408-F409-F410-F411-F412-F413-F414-F415-F416-F417-F418-F419-F420-F421-F422-F423-F424-F425-F426-F427-F428-F429-F430-F431-F432-F433-F434-F435-F436-F437-F438-F439-F440-F441-F442-F443-F444-F445-F446-F447-F448-F449-F450-F451-F452-F453-F454-F455-F456-F457-F458-F459-F460-F461-F462-F463-F464-F465-F466-F467-F468-F469-F470-F471-F472-F473-F474-F475-F476-F477-F478-F479-F480-F481-F482-F483-F484-F485-F486-F487-F488-F489-F490-F491-F492-F493-F494-F495-F496-O500505-O508509-F510-F511-F512

## Summary

Number of input bits: 512  
Number of free input bits: 11  
Number of output bits: 160

Number of direct occurrences: 45342  
Number of assignments: 31582  
Number of operations: 11414546
(xor: 11385813,
and: 15303,
or: 13430)

Total complexity: 3.439453192609645 × 10^303

Least occurring input variable: iv_502 (3936)  
Most occurring input variable: iv_507 (4319)

Most co-occurring input variables: iv_506-iv_507 (2100)  
Least co-occurring input variables: iv_502-iv_503 (1770)

Potentially most occurring input variable: iv_506/iv_508 (4663)  
Potentially least occurring input variable: iv_502/iv_506 (4195)

Least output occurring input variable: iv_508 (73)  
Most output occurring input variable: iv_502 (88)

Most output co-occurring input variables: iv_501-iv_502 (51)  
Least output co-occurring input variables: iv_504-iv_508 (29)

Potentially most output occurring input variable: iv_504/iv_508 (100)  
Potentially least output occurring input variable: iv_498/iv_507 (68)

Least complex input bit: iv_497 (1.5314726132488802 × 10^301)  
Most complex input bit: iv_500 (1.0013210220247163 × 10^303)

Least complex output bit: aaa_76_29 (1.0276206955463732 × 10^278)  
Most complex output bit: ov_001 (5.500148252201354 × 10^302)

Least complex input/output complexity: iv_497/aaa_76_29 (4.575648697352836 × 10^275)  
Most complex input/output complexity: iv_500/ov_001 (1.6012469892061628 × 10^302)

## Input Bits

### Input Bits in Regular Order

| Input Bit | Complexity | Occurrences | Output Occurrences |
|:---------:|:----------:|:-----------:|:------------------:|
| iv_497 | 1.5314726132488802 × 10^301 | 4108 | 80 |
| iv_498 | 3.0506773319551387 × 10^301 | 3950 | 85 |
| iv_499 | 5.365485317562457 × 10^301 | 4090 | 80 |
| iv_500 | 1.0013210220247163 × 10^303 | 4314 | 83 |
| iv_501 | 1.4855650035424152 × 10^302 | 4112 | 86 |
| iv_502 | 2.4008707253240197 × 10^302 | 3936 | 88 |
| iv_503 | 3.8153490013277765 × 10^302 | 4040 | 78 |
| iv_504 | 5.948368238317398 × 10^302 | 4030 | 85 |
| iv_506 | 4.610461816935506 × 10^302 | 4177 | 86 |
| iv_507 | 4.960399637162942 × 10^302 | 4319 | 83 |
| iv_508 | 1.6554375696256658 × 10^301 | 4266 | 73 |

### Input Bits Sorted by Complexity

| Input Bit | Complexity | Occurrences | Output Occurrences |
|:---------:|:----------:|:-----------:|:------------------:|
| iv_497 | 1.5314726132488802 × 10^301 | 4108 | 80 |
| iv_508 | 1.6554375696256658 × 10^301 | 4266 | 73 |
| iv_498 | 3.0506773319551387 × 10^301 | 3950 | 85 |
| iv_499 | 5.365485317562457 × 10^301 | 4090 | 80 |
| iv_501 | 1.4855650035424152 × 10^302 | 4112 | 86 |
| iv_502 | 2.4008707253240197 × 10^302 | 3936 | 88 |
| iv_503 | 3.8153490013277765 × 10^302 | 4040 | 78 |
| iv_506 | 4.610461816935506 × 10^302 | 4177 | 86 |
| iv_507 | 4.960399637162942 × 10^302 | 4319 | 83 |
| iv_504 | 5.948368238317398 × 10^302 | 4030 | 85 |
| iv_500 | 1.0013210220247163 × 10^303 | 4314 | 83 |

### Input Bits Sorted by Occurrences

| Input Bit | Complexity | Occurrences | Output Occurrences |
|:---------:|:----------:|:-----------:|:------------------:|
| iv_502 | 2.4008707253240197 × 10^302 | 3936 | 88 |
| iv_498 | 3.0506773319551387 × 10^301 | 3950 | 85 |
| iv_504 | 5.948368238317398 × 10^302 | 4030 | 85 |
| iv_503 | 3.8153490013277765 × 10^302 | 4040 | 78 |
| iv_499 | 5.365485317562457 × 10^301 | 4090 | 80 |
| iv_497 | 1.5314726132488802 × 10^301 | 4108 | 80 |
| iv_501 | 1.4855650035424152 × 10^302 | 4112 | 86 |
| iv_506 | 4.610461816935506 × 10^302 | 4177 | 86 |
| iv_508 | 1.6554375696256658 × 10^301 | 4266 | 73 |
| iv_500 | 1.0013210220247163 × 10^303 | 4314 | 83 |
| iv_507 | 4.960399637162942 × 10^302 | 4319 | 83 |

### Input Bits Sorted by Output Occurrences

| Input Bit | Complexity | Occurrences | Output Occurrences |
|:---------:|:----------:|:-----------:|:------------------:|
| iv_508 | 1.6554375696256658 × 10^301 | 4266 | 73 |
| iv_503 | 3.8153490013277765 × 10^302 | 4040 | 78 |
| iv_497 | 1.5314726132488802 × 10^301 | 4108 | 80 |
| iv_499 | 5.365485317562457 × 10^301 | 4090 | 80 |
| iv_507 | 4.960399637162942 × 10^302 | 4319 | 83 |
| iv_500 | 1.0013210220247163 × 10^303 | 4314 | 83 |
| iv_498 | 3.0506773319551387 × 10^301 | 3950 | 85 |
| iv_504 | 5.948368238317398 × 10^302 | 4030 | 85 |
| iv_506 | 4.610461816935506 × 10^302 | 4177 | 86 |
| iv_501 | 1.4855650035424152 × 10^302 | 4112 | 86 |
| iv_502 | 2.4008707253240197 × 10^302 | 3936 | 88 |

## Input Bit Co-occurrences

### Input Bit Co-occurrences Sorted by Co-occurrences

| Input Bits | Co-occurrences | Potential Occurrences | Output Co-occurrences | Potential Output Occurrences |
|:----------:|:--------------:|:---------------------:|:---------------------:|:----------------------------:|
| iv_506-iv_507 | 2100 | 4296 | 48 | 73 |
| iv_500-iv_507 | 2052 | 4529 | 38 | 90 |
| iv_499-iv_507 | 2042 | 4325 | 47 | 69 |
| iv_507-iv_508 | 2029 | 4527 | 39 | 78 |
| iv_501-iv_507 | 2028 | 4375 | 43 | 83 |
| iv_500-iv_501 | 2021 | 4384 | 39 | 91 |
| iv_500-iv_504 | 2015 | 4314 | 43 | 82 |
| iv_500-iv_506 | 2005 | 4481 | 40 | 89 |
| iv_497-iv_500 | 2005 | 4412 | 43 | 77 |
| iv_497-iv_508 | 1998 | 4378 | 38 | 77 |
| iv_497-iv_501 | 1991 | 4238 | 45 | 76 |

### Input Bit Co-occurrences Sorted by Potential Occurrences

| Input Bits | Co-occurrences | Potential Occurrences | Output Co-occurrences | Potential Output Occurrences |
|:----------:|:--------------:|:---------------------:|:---------------------:|:----------------------------:|
| iv_502-iv_506 | 1959 | 4195 | 47 | 80 |
| iv_498-iv_504 | 1887 | 4206 | 48 | 74 |
| iv_498-iv_501 | 1916 | 4230 | 43 | 85 |
| iv_497-iv_501 | 1991 | 4238 | 45 | 76 |
| iv_504-iv_506 | 1977 | 4253 | 46 | 79 |
| iv_502-iv_504 | 1848 | 4270 | 49 | 75 |
| iv_501-iv_502 | 1887 | 4274 | 51 | 72 |
| iv_499-iv_503 | 1926 | 4278 | 39 | 80 |
| iv_497-iv_498 | 1890 | 4278 | 40 | 85 |
| iv_498-iv_502 | 1803 | 4280 | 48 | 77 |
| iv_501-iv_504 | 1924 | 4294 | 43 | 85 |

### Input Bit Output Co-occurrences Sorted by Output Co-occurrences

| Input Bits | Co-occurrences | Potential Occurrences | Output Co-occurrences | Potential Output Occurrences |
|:----------:|:--------------:|:---------------------:|:---------------------:|:----------------------------:|
| iv_501-iv_502 | 1887 | 4274 | 51 | 72 |
| iv_498-iv_507 | 1934 | 4401 | 50 | 68 |
| iv_502-iv_504 | 1848 | 4270 | 49 | 75 |
| iv_498-iv_502 | 1803 | 4280 | 48 | 77 |
| iv_498-iv_504 | 1887 | 4206 | 48 | 74 |
| iv_506-iv_507 | 2100 | 4296 | 48 | 73 |
| iv_499-iv_507 | 2042 | 4325 | 47 | 69 |
| iv_503-iv_504 | 1881 | 4308 | 47 | 69 |
| iv_499-iv_501 | 1918 | 4366 | 47 | 72 |
| iv_502-iv_506 | 1959 | 4195 | 47 | 80 |
| iv_499-iv_502 | 1859 | 4308 | 46 | 76 |

### Input Bit Output Co-occurrences Sorted by Potential Output Occurrences

| Input Bits | Co-occurrences | Potential Occurrences | Output Co-occurrences | Potential Output Occurrences |
|:----------:|:--------------:|:---------------------:|:---------------------:|:----------------------------:|
| iv_498-iv_507 | 1934 | 4401 | 50 | 68 |
| iv_499-iv_507 | 2042 | 4325 | 47 | 69 |
| iv_503-iv_504 | 1881 | 4308 | 47 | 69 |
| iv_502-iv_508 | 1890 | 4422 | 46 | 69 |
| iv_499-iv_501 | 1918 | 4366 | 47 | 72 |
| iv_501-iv_502 | 1887 | 4274 | 51 | 72 |
| iv_497-iv_507 | 1972 | 4483 | 45 | 73 |
| iv_506-iv_507 | 2100 | 4296 | 48 | 73 |
| iv_498-iv_504 | 1887 | 4206 | 48 | 74 |
| iv_502-iv_504 | 1848 | 4270 | 49 | 75 |
| iv_501-iv_508 | 1951 | 4476 | 42 | 75 |

## Output Bits

### Output Bits in Regular Order

| Rank | Output Bit | Complexity |
|:----:|:----------:|:----------:|
| 1 | ov_001 | 5.500148252201354 × 10^302 |
| 2 | ov_002 | 4.769497917058932 × 10^302 |
| 3 | ov_003 | 4.115066690655667 × 10^302 |
| 4 | ov_004 | 3.5310703574200874 × 10^302 |
| 5 | ov_005 | 3.0120400018474763 × 10^302 |
| 6 | ov_006 | 2.552799671826441 × 10^302 |
| 7 | ov_007 | 2.148446942979775 × 10^302 |
| 8 | ov_008 | 1.7943361499120822 × 10^302 |
| 9 | ov_009 | 1.4860640653119811 × 10^302 |
| 10 | ov_010 | 1.2194577887323506 × 10^302 |
| 11 | ov_011 | 9.905646041568115 × 10^301 |
| 12 | ov_012 | 7.956435792392 × 10^301 |
| 13 | ov_013 | 6.31158692617275 × 10^301 |
| 14 | ov_014 | 4.937732890127208 × 10^301 |
| 15 | ov_015 | 3.8034567498638583 × 10^301 |
| 16 | ov_016 | 2.879256812604245 × 10^301 |
| 17 | ov_017 | 2.137520304787424 × 10^301 |
| 18 | ov_018 | 1.5525036217772497 × 10^301 |
| 19 | ov_019 | 1.1003177959863772 × 10^301 |
| 20 | ov_020 | 7.589179580454337 × 10^300 |
| 21 | ov_021 | 5.080957463547446 × 10^300 |
| 22 | ov_022 | 3.294738981116036 × 10^300 |
| 23 | ov_023 | 2.0650250861285612 × 10^300 |
| 24 | ov_024 | 1.2445657016735643 × 10^300 |
| 25 | ov_025 | 7.043446590150319 × 10^299 |
| 26 | ov_026 | 3.844109734113141 × 10^299 |
| 27 | ov_027 | 1.9219590437283373 × 10^299 |
| 28 | ov_028 | 8.597023951317527 × 10^298 |
| 29 | ov_029 | 3.3114691511527144 × 10^298 |
| 30 | ov_030 | 1.011979566621797 × 10^298 |
| 31 | ov_031 | 1.973029942709609 × 10^297 |
| 32 | lv_80_m31 | 3.846009822052605 × 10^296 |
| 33 | ov_033 | 4.611030594705726 × 10^297 |
| 34 | ov_034 | 3.998171285326966 × 10^297 |
| 35 | ov_035 | 3.449679293212671 × 10^297 |
| 36 | ov_036 | 2.9605074538265132 × 10^297 |
| 37 | ov_037 | 2.5258814400487066 × 10^297 |
| 38 | ov_038 | 2.1412804578147296 × 10^297 |
| 39 | ov_039 | 1.8024205495681955 × 10^297 |
| 40 | ov_040 | 1.5052402592756942 × 10^297 |
| 41 | ov_041 | 1.2458884253697225 × 10^297 |
| 42 | ov_042 | 1.0207138802338877 × 10^297 |
| 43 | ov_043 | 8.279398634128395 × 10^296 |
| 44 | ov_044 | 6.642908844303884 × 10^296 |
| 45 | ov_045 | 5.266699487589739 × 10^296 |
| 46 | ov_046 | 4.121539058651805 × 10^296 |
| 47 | ov_047 | 3.17989772676068 × 10^296 |
| 48 | ov_048 | 2.4159188052538553 × 10^296 |
| 49 | ov_049 | 1.805397049203918 × 10^296 |
| 50 | ov_050 | 1.3257624872170986 × 10^296 |
| 51 | ov_051 | 9.560686055767835 × 10^295 |
| 52 | ov_052 | 6.769838679241986 × 10^295 |
| 53 | ov_053 | 4.70785771380223 × 10^295 |
| 54 | ov_054 | 3.213567908033292 × 10^295 |
| 55 | ov_055 | 2.1418167866958747 × 10^295 |
| 56 | ov_056 | 1.3634573571389458 × 10^295 |
| 57 | ov_057 | 8.179158415119847 × 10^294 |
| 58 | ov_058 | 4.5261409077950233 × 10^294 |
| 59 | ov_059 | 2.229675810054761 × 10^294 |
| 60 | ov_060 | 9.238449265789396 × 10^293 |
| 61 | ov_061 | 3.22653745616054 × 10^293 |
| 62 | ov_062 | 8.849517329087155 × 10^292 |
| 63 | ov_063 | 1.7244914982647881 × 10^292 |
| 64 | lv_79_m31 | 3.359709784198848 × 10^291 |
| 65 | ov_065 | 3.99321130203198 × 10^292 |
| 66 | ov_066 | 3.9931993981830395 × 10^292 |
| 67 | ov_067 | 3.993196525950769 × 10^292 |
| 68 | ov_068 | 3.454565939742289 × 10^292 |
| 69 | ov_069 | 2.97284564014813 × 10^292 |
| 70 | ov_070 | 2.543724642956765 × 10^292 |
| 71 | ov_071 | 2.1631170585318902 × 10^292 |
| 72 | ov_072 | 1.8271460800562015 × 10^292 |
| 73 | ov_073 | 1.532130345094999 × 10^292 |
| 74 | ov_074 | 1.2745724296369426 × 10^292 |
| 75 | ov_075 | 1.0511492464493216 × 10^292 |
| 76 | ov_076 | 8.587041317860449 × 10^291 |
| 77 | ov_077 | 6.942404162956971 × 10^291 |
| 78 | ov_078 | 5.549162874710875 × 10^291 |
| 79 | ov_079 | 4.38040762225856 × 10^291 |
| 80 | ov_080 | 3.4107059923257746 × 10^291 |
| 81 | ov_081 | 2.6160799155615002 × 10^291 |
| 82 | ov_082 | 1.9739889090323342 × 10^291 |
| 83 | ov_083 | 1.4633182551253278 × 10^291 |
| 84 | ov_084 | 1.0643708435462496 × 10^291 |
| 85 | ov_085 | 7.588615091116904 × 10^290 |
| 86 | ov_086 | 5.2991290349675705 × 10^290 |
| 87 | ov_087 | 3.620523307020812 × 10^290 |
| 88 | ov_088 | 2.412093280051362 × 10^290 |
| 89 | ov_089 | 1.5471388712308086 × 10^290 |
| 90 | ov_090 | 9.658093189375882 × 10^289 |
| 91 | ov_091 | 5.693806102701011 × 10^289 |
| 92 | ov_092 | 3.1198594786221994 × 10^289 |
| 93 | ov_093 | 1.547471928877603 × 10^289 |
| 94 | ov_094 | 6.577399963132161 × 10^288 |
| 95 | aaa_78_28 | 2.0163461819742703 × 10^288 |
| 96 | aaa_78_29 | 6.1217218590326506 × 10^287 |
| 97 | ov_097 | 3.305791983706862 × 10^287 |
| 98 | ov_098 | 3.305774529762964 × 10^287 |
| 99 | ov_099 | 3.3057689484344517 × 10^287 |
| 100 | ov_100 | 2.828714238614563 × 10^287 |
| 101 | ov_101 | 2.4053092965813248 × 10^287 |
| 102 | ov_102 | 2.0312726523296664 × 10^287 |
| 103 | ov_103 | 1.7025574398253427 × 10^287 |
| 104 | ov_104 | 1.4153342126764724 × 10^287 |
| 105 | ov_105 | 1.1659760243569423 × 10^287 |
| 106 | ov_106 | 9.51045563731947 × 10^286 |
| 107 | ov_107 | 7.672841474290804 × 10^286 |
| 108 | ov_108 | 6.116023810047767 × 10^286 |
| 109 | ov_109 | 4.810723109521558 × 10^286 |
| 110 | ov_110 | 3.729208994482055 × 10^286 |
| 111 | ov_111 | 2.8452466340214684 × 10^286 |
| 112 | ov_112 | 2.1340532888997683 × 10^286 |
| 113 | ov_113 | 1.5722636148141497 × 10^286 |
| 114 | ov_114 | 1.1379024231584482 × 10^286 |
| 115 | ov_115 | 8.103636908733411 × 10^285 |
| 116 | ov_116 | 5.703947037300508 × 10^285 |
| 117 | ov_117 | 4.000843099580779 × 10^285 |
| 118 | ov_118 | 2.828543535932888 × 10^285 |
| 119 | ov_119 | 2.0345353678462642 × 10^285 |
| 120 | ov_120 | 1.4795314011892725 × 10^285 |
| 121 | ov_121 | 1.0374409928028644 × 10^285 |
| 122 | ov_122 | 6.950993318208632 × 10^284 |
| 123 | ov_123 | 4.393488030574242 × 10^284 |
| 124 | ov_124 | 2.5703556085189457 × 10^284 |
| 125 | ov_125 | 1.3500740615846548 × 10^284 |
| 126 | ov_126 | 6.011270344342607 × 10^283 |
| 127 | aaa_77_28 | 1.9199964838638892 × 10^283 |
| 128 | aaa_77_29 | 7.201014865392386 × 10^282 |
| 129 | ov_129 | 6.615875689202985 × 10^282 |
| 130 | ov_130 | 6.615855676321874 × 10^282 |
| 131 | ov_131 | 6.615850838097377 × 10^282 |
| 132 | ov_132 | 5.73358302813402 × 10^282 |
| 133 | ov_133 | 4.942756949175565 × 10^282 |
| 134 | ov_134 | 4.236182627978642 × 10^282 |
| 135 | ov_135 | 3.6070539408329347 × 10^282 |
| 136 | ov_136 | 3.0489210895452904 × 10^282 |
| 137 | ov_137 | 2.5586450679310657 × 10^282 |
| 138 | ov_138 | 2.1304211655310316 × 10^282 |
| 139 | ov_139 | 1.7587400383825662 × 10^282 |
| 140 | ov_140 | 1.4383734303584222 × 10^282 |
| 141 | ov_141 | 1.1643623785349626 × 10^282 |
| 142 | ov_142 | 9.320076070272605 × 10^281 |
| 143 | ov_143 | 7.368618309285388 × 10^281 |
| 144 | ov_144 | 5.747237090386024 × 10^281 |
| 145 | ov_145 | 4.416332010113818 × 10^281 |
| 146 | ov_146 | 3.338681014323359 × 10^281 |
| 147 | ov_147 | 2.4794154017636543 × 10^281 |
| 148 | ov_148 | 1.8060025521046438 × 10^281 |
| 149 | ov_149 | 1.288234608006512 × 10^281 |
| 150 | ov_150 | 8.982215086482014 × 10^280 |
| 151 | ov_151 | 6.103869398575834 × 10^280 |
| 152 | ov_152 | 4.0146599189426433 × 10^280 |
| 153 | ov_153 | 2.5050369559806596 × 10^280 |
| 154 | ov_154 | 1.4759990496005625 × 10^280 |
| 155 | ov_155 | 7.641692515789247 × 10^279 |
| 156 | aaa_76_25 | 2.936293621537195 × 10^279 |
| 157 | aaa_76_26 | 1.6955980384592405 × 10^279 |
| 158 | aaa_76_27 | 8.679321218077116 × 10^278 |
| 159 | aaa_76_28 | 3.379164507728614 × 10^278 |
| 160 | aaa_76_29 | 1.0276206955463732 × 10^278 |

### Output Bits Sorted by Complexity

| Rank | Output Bit | Complexity |
|:----:|:----------:|:----------:|
| 160 | aaa_76_29 | 1.0276206955463732 × 10^278 |
| 159 | aaa_76_28 | 3.379164507728614 × 10^278 |
| 158 | aaa_76_27 | 8.679321218077116 × 10^278 |
| 157 | aaa_76_26 | 1.6955980384592405 × 10^279 |
| 156 | aaa_76_25 | 2.936293621537195 × 10^279 |
| 155 | ov_155 | 7.641692515789247 × 10^279 |
| 154 | ov_154 | 1.4759990496005625 × 10^280 |
| 153 | ov_153 | 2.5050369559806596 × 10^280 |
| 152 | ov_152 | 4.0146599189426433 × 10^280 |
| 151 | ov_151 | 6.103869398575834 × 10^280 |
| 150 | ov_150 | 8.982215086482014 × 10^280 |
| 149 | ov_149 | 1.288234608006512 × 10^281 |
| 148 | ov_148 | 1.8060025521046438 × 10^281 |
| 147 | ov_147 | 2.4794154017636543 × 10^281 |
| 146 | ov_146 | 3.338681014323359 × 10^281 |
| 145 | ov_145 | 4.416332010113818 × 10^281 |
| 144 | ov_144 | 5.747237090386024 × 10^281 |
| 143 | ov_143 | 7.368618309285388 × 10^281 |
| 142 | ov_142 | 9.320076070272605 × 10^281 |
| 141 | ov_141 | 1.1643623785349626 × 10^282 |
| 140 | ov_140 | 1.4383734303584222 × 10^282 |
| 139 | ov_139 | 1.7587400383825662 × 10^282 |
| 138 | ov_138 | 2.1304211655310316 × 10^282 |
| 137 | ov_137 | 2.5586450679310657 × 10^282 |
| 136 | ov_136 | 3.0489210895452904 × 10^282 |
| 135 | ov_135 | 3.6070539408329347 × 10^282 |
| 134 | ov_134 | 4.236182627978642 × 10^282 |
| 133 | ov_133 | 4.942756949175565 × 10^282 |
| 132 | ov_132 | 5.73358302813402 × 10^282 |
| 131 | ov_131 | 6.615850838097377 × 10^282 |
| 130 | ov_130 | 6.615855676321874 × 10^282 |
| 129 | ov_129 | 6.615875689202985 × 10^282 |
| 128 | aaa_77_29 | 7.201014865392386 × 10^282 |
| 127 | aaa_77_28 | 1.9199964838638892 × 10^283 |
| 126 | ov_126 | 6.011270344342607 × 10^283 |
| 125 | ov_125 | 1.3500740615846548 × 10^284 |
| 124 | ov_124 | 2.5703556085189457 × 10^284 |
| 123 | ov_123 | 4.393488030574242 × 10^284 |
| 122 | ov_122 | 6.950993318208632 × 10^284 |
| 121 | ov_121 | 1.0374409928028644 × 10^285 |
| 120 | ov_120 | 1.4795314011892725 × 10^285 |
| 119 | ov_119 | 2.0345353678462642 × 10^285 |
| 118 | ov_118 | 2.828543535932888 × 10^285 |
| 117 | ov_117 | 4.000843099580779 × 10^285 |
| 116 | ov_116 | 5.703947037300508 × 10^285 |
| 115 | ov_115 | 8.103636908733411 × 10^285 |
| 114 | ov_114 | 1.1379024231584482 × 10^286 |
| 113 | ov_113 | 1.5722636148141497 × 10^286 |
| 112 | ov_112 | 2.1340532888997683 × 10^286 |
| 111 | ov_111 | 2.8452466340214684 × 10^286 |
| 110 | ov_110 | 3.729208994482055 × 10^286 |
| 109 | ov_109 | 4.810723109521558 × 10^286 |
| 108 | ov_108 | 6.116023810047767 × 10^286 |
| 107 | ov_107 | 7.672841474290804 × 10^286 |
| 106 | ov_106 | 9.51045563731947 × 10^286 |
| 105 | ov_105 | 1.1659760243569423 × 10^287 |
| 104 | ov_104 | 1.4153342126764724 × 10^287 |
| 103 | ov_103 | 1.7025574398253427 × 10^287 |
| 102 | ov_102 | 2.0312726523296664 × 10^287 |
| 101 | ov_101 | 2.4053092965813248 × 10^287 |
| 100 | ov_100 | 2.828714238614563 × 10^287 |
| 99 | ov_099 | 3.3057689484344517 × 10^287 |
| 98 | ov_098 | 3.305774529762964 × 10^287 |
| 97 | ov_097 | 3.305791983706862 × 10^287 |
| 96 | aaa_78_29 | 6.1217218590326506 × 10^287 |
| 95 | aaa_78_28 | 2.0163461819742703 × 10^288 |
| 94 | ov_094 | 6.577399963132161 × 10^288 |
| 93 | ov_093 | 1.547471928877603 × 10^289 |
| 92 | ov_092 | 3.1198594786221994 × 10^289 |
| 91 | ov_091 | 5.693806102701011 × 10^289 |
| 90 | ov_090 | 9.658093189375882 × 10^289 |
| 89 | ov_089 | 1.5471388712308086 × 10^290 |
| 88 | ov_088 | 2.412093280051362 × 10^290 |
| 87 | ov_087 | 3.620523307020812 × 10^290 |
| 86 | ov_086 | 5.2991290349675705 × 10^290 |
| 85 | ov_085 | 7.588615091116904 × 10^290 |
| 84 | ov_084 | 1.0643708435462496 × 10^291 |
| 83 | ov_083 | 1.4633182551253278 × 10^291 |
| 82 | ov_082 | 1.9739889090323342 × 10^291 |
| 81 | ov_081 | 2.6160799155615002 × 10^291 |
| 64 | lv_79_m31 | 3.359709784198848 × 10^291 |
| 80 | ov_080 | 3.4107059923257746 × 10^291 |
| 79 | ov_079 | 4.38040762225856 × 10^291 |
| 78 | ov_078 | 5.549162874710875 × 10^291 |
| 77 | ov_077 | 6.942404162956971 × 10^291 |
| 76 | ov_076 | 8.587041317860449 × 10^291 |
| 75 | ov_075 | 1.0511492464493216 × 10^292 |
| 74 | ov_074 | 1.2745724296369426 × 10^292 |
| 73 | ov_073 | 1.532130345094999 × 10^292 |
| 63 | ov_063 | 1.7244914982647881 × 10^292 |
| 72 | ov_072 | 1.8271460800562015 × 10^292 |
| 71 | ov_071 | 2.1631170585318902 × 10^292 |
| 70 | ov_070 | 2.543724642956765 × 10^292 |
| 69 | ov_069 | 2.97284564014813 × 10^292 |
| 68 | ov_068 | 3.454565939742289 × 10^292 |
| 67 | ov_067 | 3.993196525950769 × 10^292 |
| 66 | ov_066 | 3.9931993981830395 × 10^292 |
| 65 | ov_065 | 3.99321130203198 × 10^292 |
| 62 | ov_062 | 8.849517329087155 × 10^292 |
| 61 | ov_061 | 3.22653745616054 × 10^293 |
| 60 | ov_060 | 9.238449265789396 × 10^293 |
| 59 | ov_059 | 2.229675810054761 × 10^294 |
| 58 | ov_058 | 4.5261409077950233 × 10^294 |
| 57 | ov_057 | 8.179158415119847 × 10^294 |
| 56 | ov_056 | 1.3634573571389458 × 10^295 |
| 55 | ov_055 | 2.1418167866958747 × 10^295 |
| 54 | ov_054 | 3.213567908033292 × 10^295 |
| 53 | ov_053 | 4.70785771380223 × 10^295 |
| 52 | ov_052 | 6.769838679241986 × 10^295 |
| 51 | ov_051 | 9.560686055767835 × 10^295 |
| 50 | ov_050 | 1.3257624872170986 × 10^296 |
| 49 | ov_049 | 1.805397049203918 × 10^296 |
| 48 | ov_048 | 2.4159188052538553 × 10^296 |
| 47 | ov_047 | 3.17989772676068 × 10^296 |
| 32 | lv_80_m31 | 3.846009822052605 × 10^296 |
| 46 | ov_046 | 4.121539058651805 × 10^296 |
| 45 | ov_045 | 5.266699487589739 × 10^296 |
| 44 | ov_044 | 6.642908844303884 × 10^296 |
| 43 | ov_043 | 8.279398634128395 × 10^296 |
| 42 | ov_042 | 1.0207138802338877 × 10^297 |
| 41 | ov_041 | 1.2458884253697225 × 10^297 |
| 40 | ov_040 | 1.5052402592756942 × 10^297 |
| 39 | ov_039 | 1.8024205495681955 × 10^297 |
| 31 | ov_031 | 1.973029942709609 × 10^297 |
| 38 | ov_038 | 2.1412804578147296 × 10^297 |
| 37 | ov_037 | 2.5258814400487066 × 10^297 |
| 36 | ov_036 | 2.9605074538265132 × 10^297 |
| 35 | ov_035 | 3.449679293212671 × 10^297 |
| 34 | ov_034 | 3.998171285326966 × 10^297 |
| 33 | ov_033 | 4.611030594705726 × 10^297 |
| 30 | ov_030 | 1.011979566621797 × 10^298 |
| 29 | ov_029 | 3.3114691511527144 × 10^298 |
| 28 | ov_028 | 8.597023951317527 × 10^298 |
| 27 | ov_027 | 1.9219590437283373 × 10^299 |
| 26 | ov_026 | 3.844109734113141 × 10^299 |
| 25 | ov_025 | 7.043446590150319 × 10^299 |
| 24 | ov_024 | 1.2445657016735643 × 10^300 |
| 23 | ov_023 | 2.0650250861285612 × 10^300 |
| 22 | ov_022 | 3.294738981116036 × 10^300 |
| 21 | ov_021 | 5.080957463547446 × 10^300 |
| 20 | ov_020 | 7.589179580454337 × 10^300 |
| 19 | ov_019 | 1.1003177959863772 × 10^301 |
| 18 | ov_018 | 1.5525036217772497 × 10^301 |
| 17 | ov_017 | 2.137520304787424 × 10^301 |
| 16 | ov_016 | 2.879256812604245 × 10^301 |
| 15 | ov_015 | 3.8034567498638583 × 10^301 |
| 14 | ov_014 | 4.937732890127208 × 10^301 |
| 13 | ov_013 | 6.31158692617275 × 10^301 |
| 12 | ov_012 | 7.956435792392 × 10^301 |
| 11 | ov_011 | 9.905646041568115 × 10^301 |
| 10 | ov_010 | 1.2194577887323506 × 10^302 |
| 9 | ov_009 | 1.4860640653119811 × 10^302 |
| 8 | ov_008 | 1.7943361499120822 × 10^302 |
| 7 | ov_007 | 2.148446942979775 × 10^302 |
| 6 | ov_006 | 2.552799671826441 × 10^302 |
| 5 | ov_005 | 3.0120400018474763 × 10^302 |
| 4 | ov_004 | 3.5310703574200874 × 10^302 |
| 3 | ov_003 | 4.115066690655667 × 10^302 |
| 2 | ov_002 | 4.769497917058932 × 10^302 |
| 1 | ov_001 | 5.500148252201354 × 10^302 |

