# Results for F001-F002-F003-F004-F005-F006-F007-F008-F009-F010-F011-F012-F013-F014-F015-F016-F017-F018-F019-F020-F021-F022-F023-F024-F025-F026-F027-F028-F029-F030-F031-F032-F033-F034-F035-F036-F037-F038-F039-F040-F041-F042-F043-F044-F045-F046-F047-F048-F049-F050-F051-F052-F053-F054-F055-F056-F057-F058-F059-F060-F061-F062-F063-F064-F065-F066-F067-F068-F069-F070-F071-F072-F073-F074-F075-F076-F077-F078-F079-F080-F081-F082-F083-F084-F085-F086-F087-F088-F089-F090-F091-F092-F093-F094-F095-F096-F097-F098-F099-F100-F101-F102-F103-F104-F105-F106-F107-F108-F109-F110-F111-F112-F113-F114-F115-F116-F117-F118-F119-F120-F121-F122-F123-F124-F125-F126-F127-F128-F129-F130-F131-F132-F133-F134-F135-F136-F137-F138-F139-F140-F141-F142-F143-F144-F145-F146-F147-F148-F149-F150-F151-F152-F153-F154-F155-F156-F157-F158-F159-F160-F161-F162-F163-F164-F165-F166-F167-F168-F169-F170-F171-F172-F173-F174-F175-F176-F177-F178-F179-F180-F181-F182-F183-F184-F185-F186-F187-F188-F189-F190-F191-F192-F193-F194-F195-F196-F197-F198-F199-F200-F201-F202-F203-F204-F205-F206-F207-F208-F209-F210-F211-F212-F213-F214-F215-F216-F217-F218-F219-F220-F221-F222-F223-F224-F225-F226-F227-F228-F229-F230-F231-F232-F233-F234-F235-F236-F237-F238-F239-F240-F241-F242-F243-F244-F245-F246-F247-F248-F249-F250-F251-F252-F253-F254-F255-F256-F257-F258-F259-F260-F261-F262-F263-F264-F265-F266-F267-F268-F269-F270-F271-F272-F273-F274-F275-F276-F277-F278-F279-F280-F281-F282-F283-F284-F285-F286-F287-F288-F289-F290-F291-F292-F293-F294-F295-F296-F297-F298-F299-F300-F301-F302-F303-F304-F305-F306-F307-F308-F309-F310-F311-F312-F313-F314-F315-F316-F317-F318-F319-F320-F321-F322-F323-F324-F325-F326-F327-F328-F329-F330-F331-F332-F333-F334-F335-F336-F337-F338-F339-F340-F341-F342-F343-F344-F345-F346-F347-F348-F349-F350-F351-F352-F353-F354-F355-F356-F357-F358-F359-F360-F361-F362-F363-F364-F365-F366-F367-F368-F369-F370-F371-F372-F373-F374-F375-F376-F377-F378-F379-F380-F381-F382-F383-F384-F385-F386-F387-F388-F389-F390-F391-F392-F393-F394-F395-F396-F397-F398-F399-F400-F401-F402-F403-F404-F405-F406-F407-F408-F409-F410-F411-F412-F413-F414-F415-F416-F417-F418-F419-F420-F421-F422-F423-F424-F425-F426-F427-F428-F429-F430-F431-F432-F433-F434-F435-F436-F437-F438-F439-F440-F441-F442-F443-F444-F445-F446-F447-F448-F449-F450-F451-F452-F453-F454-F455-F456-F457-F458-F459-F460-F461-F462-F463-F464-F465-F466-F467-F468-F469-F470-F471-F472-F473-F474-F475-F476-F477-F478-F479-F480-F481-F482-F483-F484-F485-F486-F487-F488-F489-F490-F491-F492-F493-F494-F495-F496-F507-F508-F509-F510-F512

## Summary

Number of input bits: 512  
Number of free input bits: 11  
Number of output bits: 160

Number of direct occurrences: 44972  
Number of assignments: 31196  
Number of operations: 11092297
(xor: 11063998,
and: 15070,
or: 13229)

Total complexity: 6.833696118196501 × 10^298

Least occurring input variable: iv_502 (3901)  
Most occurring input variable: iv_511 (4386)

Most co-occurring input variables: iv_500-iv_511 (2081)  
Least co-occurring input variables: iv_499-iv_506 (1799)

Potentially most occurring input variable: iv_497/iv_511 (4606)  
Potentially least occurring input variable: iv_499/iv_504 (4128)

Least output occurring input variable: iv_502 (70)  
Most output occurring input variable: iv_503 (85)

Most output co-occurring input variables: iv_501-iv_505 (48)  
Least output co-occurring input variables: iv_498-iv_500 (29)

Potentially most output occurring input variable: iv_497/iv_503 (94)  
Potentially least output occurring input variable: iv_497/iv_498 (65)

Least complex input bit: iv_511 (3.1906538329093364 × 10^293)  
Most complex input bit: iv_505 (2.181546468762733 × 10^298)

Least complex output bit: aaa_76_29 (1.5558629421786383 × 10^274)  
Most complex output bit: ov_001 (1.0683118715400083 × 10^298)

Least complex input/output complexity: iv_511/aaa_76_29 (7.264326616346499 × 10^268)  
Most complex input/output complexity: iv_505/ov_001 (3.4104120970343576 × 10^297)

## Input Bits

### Input Bits in Regular Order

| Input Bit | Complexity | Occurrences | Output Occurrences |
|:---------:|:----------:|:-----------:|:------------------:|
| iv_497 | 3.946666531936942 × 10^296 | 4056 | 77 |
| iv_498 | 7.872949857467284 × 10^296 | 4035 | 74 |
| iv_499 | 1.4137947218961986 × 10^297 | 3954 | 81 |
| iv_500 | 2.4319892323403982 × 10^297 | 4129 | 76 |
| iv_501 | 4.077417857201405 × 10^297 | 4088 | 82 |
| iv_502 | 6.688118067755573 × 10^297 | 3901 | 70 |
| iv_503 | 1.0737443645594186 × 10^298 | 4163 | 85 |
| iv_504 | 1.6869494698966448 × 10^298 | 4110 | 83 |
| iv_505 | 2.181546468762733 × 10^298 | 4120 | 83 |
| iv_506 | 3.1209575662598586 × 10^297 | 4030 | 77 |
| iv_511 | 3.1906538329093364 × 10^293 | 4386 | 80 |

### Input Bits Sorted by Complexity

| Input Bit | Complexity | Occurrences | Output Occurrences |
|:---------:|:----------:|:-----------:|:------------------:|
| iv_511 | 3.1906538329093364 × 10^293 | 4386 | 80 |
| iv_497 | 3.946666531936942 × 10^296 | 4056 | 77 |
| iv_498 | 7.872949857467284 × 10^296 | 4035 | 74 |
| iv_499 | 1.4137947218961986 × 10^297 | 3954 | 81 |
| iv_500 | 2.4319892323403982 × 10^297 | 4129 | 76 |
| iv_506 | 3.1209575662598586 × 10^297 | 4030 | 77 |
| iv_501 | 4.077417857201405 × 10^297 | 4088 | 82 |
| iv_502 | 6.688118067755573 × 10^297 | 3901 | 70 |
| iv_503 | 1.0737443645594186 × 10^298 | 4163 | 85 |
| iv_504 | 1.6869494698966448 × 10^298 | 4110 | 83 |
| iv_505 | 2.181546468762733 × 10^298 | 4120 | 83 |

### Input Bits Sorted by Occurrences

| Input Bit | Complexity | Occurrences | Output Occurrences |
|:---------:|:----------:|:-----------:|:------------------:|
| iv_502 | 6.688118067755573 × 10^297 | 3901 | 70 |
| iv_499 | 1.4137947218961986 × 10^297 | 3954 | 81 |
| iv_506 | 3.1209575662598586 × 10^297 | 4030 | 77 |
| iv_498 | 7.872949857467284 × 10^296 | 4035 | 74 |
| iv_497 | 3.946666531936942 × 10^296 | 4056 | 77 |
| iv_501 | 4.077417857201405 × 10^297 | 4088 | 82 |
| iv_504 | 1.6869494698966448 × 10^298 | 4110 | 83 |
| iv_505 | 2.181546468762733 × 10^298 | 4120 | 83 |
| iv_500 | 2.4319892323403982 × 10^297 | 4129 | 76 |
| iv_503 | 1.0737443645594186 × 10^298 | 4163 | 85 |
| iv_511 | 3.1906538329093364 × 10^293 | 4386 | 80 |

### Input Bits Sorted by Output Occurrences

| Input Bit | Complexity | Occurrences | Output Occurrences |
|:---------:|:----------:|:-----------:|:------------------:|
| iv_502 | 6.688118067755573 × 10^297 | 3901 | 70 |
| iv_498 | 7.872949857467284 × 10^296 | 4035 | 74 |
| iv_500 | 2.4319892323403982 × 10^297 | 4129 | 76 |
| iv_506 | 3.1209575662598586 × 10^297 | 4030 | 77 |
| iv_497 | 3.946666531936942 × 10^296 | 4056 | 77 |
| iv_511 | 3.1906538329093364 × 10^293 | 4386 | 80 |
| iv_499 | 1.4137947218961986 × 10^297 | 3954 | 81 |
| iv_501 | 4.077417857201405 × 10^297 | 4088 | 82 |
| iv_505 | 2.181546468762733 × 10^298 | 4120 | 83 |
| iv_504 | 1.6869494698966448 × 10^298 | 4110 | 83 |
| iv_503 | 1.0737443645594186 × 10^298 | 4163 | 85 |

## Input Bit Co-occurrences

### Input Bit Co-occurrences Sorted by Co-occurrences

| Input Bits | Co-occurrences | Potential Occurrences | Output Co-occurrences | Potential Output Occurrences |
|:----------:|:--------------:|:---------------------:|:---------------------:|:----------------------------:|
| iv_500-iv_511 | 2081 | 4353 | 38 | 80 |
| iv_501-iv_511 | 2065 | 4344 | 47 | 68 |
| iv_503-iv_511 | 2061 | 4427 | 43 | 79 |
| iv_500-iv_501 | 2039 | 4139 | 39 | 80 |
| iv_504-iv_511 | 2035 | 4426 | 46 | 71 |
| iv_505-iv_511 | 2024 | 4458 | 40 | 83 |
| iv_500-iv_503 | 1997 | 4298 | 41 | 79 |
| iv_503-iv_505 | 1996 | 4291 | 40 | 88 |
| iv_498-iv_504 | 1990 | 4165 | 39 | 79 |
| iv_500-iv_504 | 1988 | 4263 | 39 | 81 |
| iv_497-iv_505 | 1982 | 4212 | 43 | 74 |

### Input Bit Co-occurrences Sorted by Potential Occurrences

| Input Bits | Co-occurrences | Potential Occurrences | Output Co-occurrences | Potential Output Occurrences |
|:----------:|:--------------:|:---------------------:|:---------------------:|:----------------------------:|
| iv_499-iv_504 | 1968 | 4128 | 42 | 80 |
| iv_500-iv_501 | 2039 | 4139 | 39 | 80 |
| iv_499-iv_502 | 1854 | 4147 | 37 | 77 |
| iv_498-iv_504 | 1990 | 4165 | 39 | 79 |
| iv_498-iv_499 | 1908 | 4173 | 39 | 77 |
| iv_500-iv_502 | 1918 | 4194 | 33 | 80 |
| iv_497-iv_505 | 1982 | 4212 | 43 | 74 |
| iv_497-iv_499 | 1898 | 4214 | 40 | 78 |
| iv_500-iv_506 | 1968 | 4223 | 37 | 79 |
| iv_497-iv_500 | 1973 | 4239 | 35 | 83 |
| iv_502-iv_506 | 1845 | 4241 | 34 | 79 |

### Input Bit Output Co-occurrences Sorted by Output Co-occurrences

| Input Bits | Co-occurrences | Potential Occurrences | Output Co-occurrences | Potential Output Occurrences |
|:----------:|:--------------:|:---------------------:|:---------------------:|:----------------------------:|
| iv_501-iv_505 | 1982 | 4244 | 48 | 69 |
| iv_501-iv_511 | 2065 | 4344 | 47 | 68 |
| iv_504-iv_511 | 2035 | 4426 | 46 | 71 |
| iv_500-iv_505 | 1968 | 4313 | 46 | 67 |
| iv_499-iv_503 | 1911 | 4295 | 45 | 76 |
| iv_504-iv_505 | 1948 | 4334 | 44 | 78 |
| iv_499-iv_501 | 1891 | 4260 | 43 | 77 |
| iv_501-iv_504 | 1960 | 4278 | 43 | 79 |
| iv_503-iv_511 | 2061 | 4427 | 43 | 79 |
| iv_499-iv_505 | 1860 | 4354 | 43 | 78 |
| iv_497-iv_498 | 1904 | 4283 | 43 | 65 |

### Input Bit Output Co-occurrences Sorted by Potential Output Occurrences

| Input Bits | Co-occurrences | Potential Occurrences | Output Co-occurrences | Potential Output Occurrences |
|:----------:|:--------------:|:---------------------:|:---------------------:|:----------------------------:|
| iv_497-iv_498 | 1904 | 4283 | 43 | 65 |
| iv_500-iv_505 | 1968 | 4313 | 46 | 67 |
| iv_501-iv_511 | 2065 | 4344 | 47 | 68 |
| iv_502-iv_505 | 1887 | 4247 | 42 | 69 |
| iv_501-iv_505 | 1982 | 4244 | 48 | 69 |
| iv_504-iv_511 | 2035 | 4426 | 46 | 71 |
| iv_502-iv_511 | 1864 | 4559 | 39 | 72 |
| iv_499-iv_500 | 1898 | 4287 | 42 | 73 |
| iv_498-iv_506 | 1907 | 4251 | 39 | 73 |
| iv_497-iv_505 | 1982 | 4212 | 43 | 74 |
| iv_506-iv_511 | 1963 | 4490 | 41 | 75 |

## Output Bits

### Output Bits in Regular Order

| Rank | Output Bit | Complexity |
|:----:|:----------:|:----------:|
| 1 | ov_001 | 1.0683118715400083 × 10^298 |
| 2 | ov_002 | 9.296186048135417 × 10^297 |
| 3 | ov_003 | 8.050997329479142 × 10^297 |
| 4 | ov_004 | 6.936930584478052 × 10^297 |
| 5 | ov_005 | 5.943945994152704 × 10^297 |
| 6 | ov_006 | 5.062543912357413 × 10^297 |
| 7 | ov_007 | 4.2837283495375646 × 10^297 |
| 8 | ov_008 | 3.598975592837859 × 10^297 |
| 9 | ov_009 | 3.000207552015394 × 10^297 |
| 10 | ov_010 | 2.4797693453912976 × 10^297 |
| 11 | ov_011 | 2.0304106345811318 × 10^297 |
| 12 | ov_012 | 1.6452702449031598 × 10^297 |
| 13 | ov_013 | 1.3178636359873327 × 10^297 |
| 14 | ov_014 | 1.0420728143137027 × 10^297 |
| 15 | ov_015 | 8.121383062925835 × 10^296 |
| 16 | ov_016 | 6.226528371366248 × 10^296 |
| 17 | ov_017 | 4.6855638722811905 × 10^296 |
| 18 | ov_018 | 3.4513233960104203 × 10^296 |
| 19 | ov_019 | 2.4800450354327914 × 10^296 |
| 20 | ov_020 | 1.7313486575239412 × 10^296 |
| 21 | ov_021 | 1.1682195077796447 × 10^296 |
| 22 | ov_022 | 7.569967645805782 × 10^295 |
| 23 | ov_023 | 4.673658494575552 × 10^295 |
| 24 | ov_024 | 2.723534295879291 × 10^295 |
| 25 | ov_025 | 1.4832436073998508 × 10^295 |
| 26 | ov_026 | 7.498001327302351 × 10^294 |
| 27 | ov_027 | 3.5357484876048985 × 10^294 |
| 28 | ov_028 | 1.5829290322336767 × 10^294 |
| 29 | ov_029 | 6.103261656476624 × 10^293 |
| 30 | ov_030 | 1.867139037284836 × 10^293 |
| 31 | ov_031 | 3.645221658855177 × 10^292 |
| 32 | lv_80_m31 | 7.116016807518131 × 10^291 |
| 33 | ov_033 | 8.527203744095585 × 10^292 |
| 34 | ov_034 | 7.409358165368074 × 10^292 |
| 35 | ov_035 | 6.407954977400717 × 10^292 |
| 36 | ov_036 | 5.512710984311376 × 10^292 |
| 37 | ov_037 | 4.713896048714476 × 10^292 |
| 38 | ov_038 | 4.0022943678986995 × 10^292 |
| 39 | ov_039 | 3.369171061123419 × 10^292 |
| 40 | ov_040 | 2.8102750568485 × 10^292 |
| 41 | ov_041 | 2.321574838185928 × 10^292 |
| 42 | ov_042 | 1.8992472834329143 × 10^292 |
| 43 | ov_043 | 1.5396683049225658 × 10^292 |
| 44 | ov_044 | 1.236157123797279 × 10^292 |
| 45 | ov_045 | 9.823975349144129 × 10^291 |
| 46 | ov_046 | 7.724285834580983 × 10^291 |
| 47 | ov_047 | 6.006371495647742 × 10^291 |
| 48 | ov_048 | 4.617521340126773 × 10^291 |
| 49 | ov_049 | 3.508399617193539 × 10^291 |
| 50 | ov_050 | 2.6330114304757092 × 10^291 |
| 51 | ov_051 | 1.9486766782853982 × 10^291 |
| 52 | ov_052 | 1.4160106425405945 × 10^291 |
| 53 | ov_053 | 9.989100766528855 × 10^290 |
| 54 | ov_054 | 6.8014229988470995 × 10^290 |
| 55 | ov_055 | 4.44108822748442 × 10^290 |
| 56 | ov_056 | 2.7684307147669514 × 10^290 |
| 57 | ov_057 | 1.6600901114453903 × 10^290 |
| 58 | ov_058 | 9.18233638520908 × 10^289 |
| 59 | ov_059 | 4.520914769118795 × 10^289 |
| 60 | ov_060 | 1.8718497689695898 × 10^289 |
| 61 | ov_061 | 6.532593124963734 × 10^288 |
| 62 | ov_062 | 1.7903928381265515 × 10^288 |
| 63 | ov_063 | 3.486209539688777 × 10^287 |
| 64 | lv_79_m31 | 6.786759975152662 × 10^286 |
| 65 | ov_065 | 8.086646839969599 × 10^287 |
| 66 | ov_066 | 8.086620666638167 × 10^287 |
| 67 | ov_067 | 8.08661426075884 × 10^287 |
| 68 | ov_068 | 6.981906919237033 × 10^287 |
| 69 | ov_069 | 5.997974934626827 × 10^287 |
| 70 | ov_070 | 5.124906918092078 × 10^287 |
| 71 | ov_071 | 4.353401370863492 × 10^287 |
| 72 | ov_072 | 3.674725372511694 × 10^287 |
| 73 | ov_073 | 3.0806769213425743 × 10^287 |
| 74 | ov_074 | 2.5635507344137025 × 10^287 |
| 75 | ov_075 | 2.1161073218444698 × 10^287 |
| 76 | ov_076 | 1.7315451559688728 × 10^287 |
| 77 | ov_077 | 1.4034757606335324 × 10^287 |
| 78 | ov_078 | 1.1259015497383985 × 10^287 |
| 79 | ov_079 | 8.931962471060028 × 10^286 |
| 80 | ov_080 | 7.00087722088113 × 10^286 |
| 81 | ov_081 | 5.416430771045092 × 10^286 |
| 82 | ov_082 | 4.132558246670819 × 10^286 |
| 83 | ov_083 | 3.1063499245804027 × 10^286 |
| 84 | ov_084 | 2.2979599576583154 × 10^286 |
| 85 | ov_085 | 1.6705311708898397 × 10^286 |
| 86 | ov_086 | 1.190134330499597 × 10^286 |
| 87 | ov_087 | 8.257202897003173 × 10^285 |
| 88 | ov_088 | 5.490834158354195 × 10^285 |
| 89 | ov_089 | 3.46827854753557 × 10^285 |
| 90 | ov_090 | 2.0696045613758984 × 10^285 |
| 91 | ov_091 | 1.1888320092431293 × 10^285 |
| 92 | ov_092 | 6.556862633159548 × 10^284 |
| 93 | ov_093 | 3.2763477447988186 × 10^284 |
| 94 | ov_094 | 1.4034352816766482 × 10^284 |
| 95 | aaa_78_28 | 4.333770740187366 × 10^283 |
| 96 | aaa_78_29 | 1.330965506327738 × 10^283 |
| 97 | ov_097 | 8.788013493818815 × 10^282 |
| 98 | ov_098 | 8.787751349770094 × 10^282 |
| 99 | ov_099 | 8.787667682166848 × 10^282 |
| 100 | ov_100 | 7.907844611834914 × 10^282 |
| 101 | ov_101 | 7.09289803267875 × 10^282 |
| 102 | ov_102 | 6.339283583474566 × 10^282 |
| 103 | ov_103 | 5.643714242546545 × 10^282 |
| 104 | ov_104 | 5.0031263087617877 × 10^282 |
| 105 | ov_105 | 4.4146485604641457 × 10^282 |
| 106 | ov_106 | 3.875574428326403 × 10^282 |
| 107 | ov_107 | 3.3833370239002 × 10^282 |
| 108 | ov_108 | 2.935486870295418 × 10^282 |
| 109 | ov_109 | 2.5296721850906744 × 10^282 |
| 110 | ov_110 | 2.1636215684101515 × 10^282 |
| 111 | ov_111 | 1.8351289512392426 × 10^282 |
| 112 | ov_112 | 1.54204066062222 × 10^282 |
| 113 | ov_113 | 1.2822444595085657 × 10^282 |
| 114 | ov_114 | 1.0536604197986927 × 10^282 |
| 115 | ov_115 | 8.542334876758877 × 10^281 |
| 116 | ov_116 | 6.81927600669505 × 10^281 |
| 117 | ov_117 | 5.347210659841267 × 10^281 |
| 118 | ov_118 | 4.1060277713737765 × 10^281 |
| 119 | ov_119 | 3.0756903118372046 × 10^281 |
| 120 | ov_120 | 2.236209741114379 × 10^281 |
| 121 | ov_121 | 1.5676278213994153 × 10^281 |
| 122 | ov_122 | 1.0500049140350871 × 10^281 |
| 123 | ov_123 | 6.634122826380424 × 10^280 |
| 124 | ov_124 | 3.8792690119553226 × 10^280 |
| 125 | ov_125 | 2.0362823767610139 × 10^280 |
| 126 | ov_126 | 9.059661337563176 × 10^279 |
| 127 | aaa_77_28 | 2.8912573151107883 × 10^279 |
| 128 | aaa_77_29 | 1.0829793348635061 × 10^279 |
| 129 | ov_129 | 9.985842946634797 × 10^278 |
| 130 | ov_130 | 9.985812653235036 × 10^278 |
| 131 | ov_131 | 9.985805331770618 × 10^278 |
| 132 | ov_132 | 8.642512165676285 × 10^278 |
| 133 | ov_133 | 7.44167610942109 × 10^278 |
| 134 | ov_134 | 6.372381067689269 × 10^278 |
| 135 | ov_135 | 5.424292645542542 × 10^278 |
| 136 | ov_136 | 4.5876166130374625 × 10^278 |
| 137 | ov_137 | 3.853063214361374 × 10^278 |
| 138 | ov_138 | 3.2118167545940237 × 10^278 |
| 139 | ov_139 | 2.6555099261261174 × 10^278 |
| 140 | ov_140 | 2.1762023648667245 × 10^278 |
| 141 | ov_141 | 1.766362953833999 × 10^278 |
| 142 | ov_142 | 1.4188554187022764 × 10^278 |
| 143 | ov_143 | 1.126926786498562 × 10^278 |
| 144 | ov_144 | 8.841983050014751 × 10^277 |
| 145 | ov_145 | 6.8465844657066065 × 10^277 |
| 146 | ov_146 | 5.226576461801617 × 10^277 |
| 147 | ov_147 | 3.929044493859924 × 10^277 |
| 148 | ov_148 | 2.9046277185607004 × 10^277 |
| 149 | ov_149 | 2.107499979507162 × 10^277 |
| 150 | ov_150 | 1.4953568386780639 × 10^277 |
| 151 | ov_151 | 1.029406916441733 × 10^277 |
| 152 | ov_152 | 6.743663623450158 × 10^276 |
| 153 | ov_153 | 4.134696075019325 × 10^276 |
| 154 | ov_154 | 2.317025903624981 × 10^276 |
| 155 | ov_155 | 1.1580208708382122 × 10^276 |
| 156 | aaa_76_25 | 4.4492848748975504 × 10^275 |
| 157 | aaa_76_26 | 2.5688812848019293 × 10^275 |
| 158 | aaa_76_27 | 1.3147029842456829 × 10^275 |
| 159 | aaa_76_28 | 5.117408205388915 × 10^274 |
| 160 | aaa_76_29 | 1.5558629421786383 × 10^274 |

### Output Bits Sorted by Complexity

| Rank | Output Bit | Complexity |
|:----:|:----------:|:----------:|
| 160 | aaa_76_29 | 1.5558629421786383 × 10^274 |
| 159 | aaa_76_28 | 5.117408205388915 × 10^274 |
| 158 | aaa_76_27 | 1.3147029842456829 × 10^275 |
| 157 | aaa_76_26 | 2.5688812848019293 × 10^275 |
| 156 | aaa_76_25 | 4.4492848748975504 × 10^275 |
| 155 | ov_155 | 1.1580208708382122 × 10^276 |
| 154 | ov_154 | 2.317025903624981 × 10^276 |
| 153 | ov_153 | 4.134696075019325 × 10^276 |
| 152 | ov_152 | 6.743663623450158 × 10^276 |
| 151 | ov_151 | 1.029406916441733 × 10^277 |
| 150 | ov_150 | 1.4953568386780639 × 10^277 |
| 149 | ov_149 | 2.107499979507162 × 10^277 |
| 148 | ov_148 | 2.9046277185607004 × 10^277 |
| 147 | ov_147 | 3.929044493859924 × 10^277 |
| 146 | ov_146 | 5.226576461801617 × 10^277 |
| 145 | ov_145 | 6.8465844657066065 × 10^277 |
| 144 | ov_144 | 8.841983050014751 × 10^277 |
| 143 | ov_143 | 1.126926786498562 × 10^278 |
| 142 | ov_142 | 1.4188554187022764 × 10^278 |
| 141 | ov_141 | 1.766362953833999 × 10^278 |
| 140 | ov_140 | 2.1762023648667245 × 10^278 |
| 139 | ov_139 | 2.6555099261261174 × 10^278 |
| 138 | ov_138 | 3.2118167545940237 × 10^278 |
| 137 | ov_137 | 3.853063214361374 × 10^278 |
| 136 | ov_136 | 4.5876166130374625 × 10^278 |
| 135 | ov_135 | 5.424292645542542 × 10^278 |
| 134 | ov_134 | 6.372381067689269 × 10^278 |
| 133 | ov_133 | 7.44167610942109 × 10^278 |
| 132 | ov_132 | 8.642512165676285 × 10^278 |
| 131 | ov_131 | 9.985805331770618 × 10^278 |
| 130 | ov_130 | 9.985812653235036 × 10^278 |
| 129 | ov_129 | 9.985842946634797 × 10^278 |
| 128 | aaa_77_29 | 1.0829793348635061 × 10^279 |
| 127 | aaa_77_28 | 2.8912573151107883 × 10^279 |
| 126 | ov_126 | 9.059661337563176 × 10^279 |
| 125 | ov_125 | 2.0362823767610139 × 10^280 |
| 124 | ov_124 | 3.8792690119553226 × 10^280 |
| 123 | ov_123 | 6.634122826380424 × 10^280 |
| 122 | ov_122 | 1.0500049140350871 × 10^281 |
| 121 | ov_121 | 1.5676278213994153 × 10^281 |
| 120 | ov_120 | 2.236209741114379 × 10^281 |
| 119 | ov_119 | 3.0756903118372046 × 10^281 |
| 118 | ov_118 | 4.1060277713737765 × 10^281 |
| 117 | ov_117 | 5.347210659841267 × 10^281 |
| 116 | ov_116 | 6.81927600669505 × 10^281 |
| 115 | ov_115 | 8.542334876758877 × 10^281 |
| 114 | ov_114 | 1.0536604197986927 × 10^282 |
| 113 | ov_113 | 1.2822444595085657 × 10^282 |
| 112 | ov_112 | 1.54204066062222 × 10^282 |
| 111 | ov_111 | 1.8351289512392426 × 10^282 |
| 110 | ov_110 | 2.1636215684101515 × 10^282 |
| 109 | ov_109 | 2.5296721850906744 × 10^282 |
| 108 | ov_108 | 2.935486870295418 × 10^282 |
| 107 | ov_107 | 3.3833370239002 × 10^282 |
| 106 | ov_106 | 3.875574428326403 × 10^282 |
| 105 | ov_105 | 4.4146485604641457 × 10^282 |
| 104 | ov_104 | 5.0031263087617877 × 10^282 |
| 103 | ov_103 | 5.643714242546545 × 10^282 |
| 102 | ov_102 | 6.339283583474566 × 10^282 |
| 101 | ov_101 | 7.09289803267875 × 10^282 |
| 100 | ov_100 | 7.907844611834914 × 10^282 |
| 99 | ov_099 | 8.787667682166848 × 10^282 |
| 98 | ov_098 | 8.787751349770094 × 10^282 |
| 97 | ov_097 | 8.788013493818815 × 10^282 |
| 96 | aaa_78_29 | 1.330965506327738 × 10^283 |
| 95 | aaa_78_28 | 4.333770740187366 × 10^283 |
| 94 | ov_094 | 1.4034352816766482 × 10^284 |
| 93 | ov_093 | 3.2763477447988186 × 10^284 |
| 92 | ov_092 | 6.556862633159548 × 10^284 |
| 91 | ov_091 | 1.1888320092431293 × 10^285 |
| 90 | ov_090 | 2.0696045613758984 × 10^285 |
| 89 | ov_089 | 3.46827854753557 × 10^285 |
| 88 | ov_088 | 5.490834158354195 × 10^285 |
| 87 | ov_087 | 8.257202897003173 × 10^285 |
| 86 | ov_086 | 1.190134330499597 × 10^286 |
| 85 | ov_085 | 1.6705311708898397 × 10^286 |
| 84 | ov_084 | 2.2979599576583154 × 10^286 |
| 83 | ov_083 | 3.1063499245804027 × 10^286 |
| 82 | ov_082 | 4.132558246670819 × 10^286 |
| 81 | ov_081 | 5.416430771045092 × 10^286 |
| 64 | lv_79_m31 | 6.786759975152662 × 10^286 |
| 80 | ov_080 | 7.00087722088113 × 10^286 |
| 79 | ov_079 | 8.931962471060028 × 10^286 |
| 78 | ov_078 | 1.1259015497383985 × 10^287 |
| 77 | ov_077 | 1.4034757606335324 × 10^287 |
| 76 | ov_076 | 1.7315451559688728 × 10^287 |
| 75 | ov_075 | 2.1161073218444698 × 10^287 |
| 74 | ov_074 | 2.5635507344137025 × 10^287 |
| 73 | ov_073 | 3.0806769213425743 × 10^287 |
| 63 | ov_063 | 3.486209539688777 × 10^287 |
| 72 | ov_072 | 3.674725372511694 × 10^287 |
| 71 | ov_071 | 4.353401370863492 × 10^287 |
| 70 | ov_070 | 5.124906918092078 × 10^287 |
| 69 | ov_069 | 5.997974934626827 × 10^287 |
| 68 | ov_068 | 6.981906919237033 × 10^287 |
| 67 | ov_067 | 8.08661426075884 × 10^287 |
| 66 | ov_066 | 8.086620666638167 × 10^287 |
| 65 | ov_065 | 8.086646839969599 × 10^287 |
| 62 | ov_062 | 1.7903928381265515 × 10^288 |
| 61 | ov_061 | 6.532593124963734 × 10^288 |
| 60 | ov_060 | 1.8718497689695898 × 10^289 |
| 59 | ov_059 | 4.520914769118795 × 10^289 |
| 58 | ov_058 | 9.18233638520908 × 10^289 |
| 57 | ov_057 | 1.6600901114453903 × 10^290 |
| 56 | ov_056 | 2.7684307147669514 × 10^290 |
| 55 | ov_055 | 4.44108822748442 × 10^290 |
| 54 | ov_054 | 6.8014229988470995 × 10^290 |
| 53 | ov_053 | 9.989100766528855 × 10^290 |
| 52 | ov_052 | 1.4160106425405945 × 10^291 |
| 51 | ov_051 | 1.9486766782853982 × 10^291 |
| 50 | ov_050 | 2.6330114304757092 × 10^291 |
| 49 | ov_049 | 3.508399617193539 × 10^291 |
| 48 | ov_048 | 4.617521340126773 × 10^291 |
| 47 | ov_047 | 6.006371495647742 × 10^291 |
| 32 | lv_80_m31 | 7.116016807518131 × 10^291 |
| 46 | ov_046 | 7.724285834580983 × 10^291 |
| 45 | ov_045 | 9.823975349144129 × 10^291 |
| 44 | ov_044 | 1.236157123797279 × 10^292 |
| 43 | ov_043 | 1.5396683049225658 × 10^292 |
| 42 | ov_042 | 1.8992472834329143 × 10^292 |
| 41 | ov_041 | 2.321574838185928 × 10^292 |
| 40 | ov_040 | 2.8102750568485 × 10^292 |
| 39 | ov_039 | 3.369171061123419 × 10^292 |
| 31 | ov_031 | 3.645221658855177 × 10^292 |
| 38 | ov_038 | 4.0022943678986995 × 10^292 |
| 37 | ov_037 | 4.713896048714476 × 10^292 |
| 36 | ov_036 | 5.512710984311376 × 10^292 |
| 35 | ov_035 | 6.407954977400717 × 10^292 |
| 34 | ov_034 | 7.409358165368074 × 10^292 |
| 33 | ov_033 | 8.527203744095585 × 10^292 |
| 30 | ov_030 | 1.867139037284836 × 10^293 |
| 29 | ov_029 | 6.103261656476624 × 10^293 |
| 28 | ov_028 | 1.5829290322336767 × 10^294 |
| 27 | ov_027 | 3.5357484876048985 × 10^294 |
| 26 | ov_026 | 7.498001327302351 × 10^294 |
| 25 | ov_025 | 1.4832436073998508 × 10^295 |
| 24 | ov_024 | 2.723534295879291 × 10^295 |
| 23 | ov_023 | 4.673658494575552 × 10^295 |
| 22 | ov_022 | 7.569967645805782 × 10^295 |
| 21 | ov_021 | 1.1682195077796447 × 10^296 |
| 20 | ov_020 | 1.7313486575239412 × 10^296 |
| 19 | ov_019 | 2.4800450354327914 × 10^296 |
| 18 | ov_018 | 3.4513233960104203 × 10^296 |
| 17 | ov_017 | 4.6855638722811905 × 10^296 |
| 16 | ov_016 | 6.226528371366248 × 10^296 |
| 15 | ov_015 | 8.121383062925835 × 10^296 |
| 14 | ov_014 | 1.0420728143137027 × 10^297 |
| 13 | ov_013 | 1.3178636359873327 × 10^297 |
| 12 | ov_012 | 1.6452702449031598 × 10^297 |
| 11 | ov_011 | 2.0304106345811318 × 10^297 |
| 10 | ov_010 | 2.4797693453912976 × 10^297 |
| 9 | ov_009 | 3.000207552015394 × 10^297 |
| 8 | ov_008 | 3.598975592837859 × 10^297 |
| 7 | ov_007 | 4.2837283495375646 × 10^297 |
| 6 | ov_006 | 5.062543912357413 × 10^297 |
| 5 | ov_005 | 5.943945994152704 × 10^297 |
| 4 | ov_004 | 6.936930584478052 × 10^297 |
| 3 | ov_003 | 8.050997329479142 × 10^297 |
| 2 | ov_002 | 9.296186048135417 × 10^297 |
| 1 | ov_001 | 1.0683118715400083 × 10^298 |

