# Results for F001-F002-F003-F004-F005-F006-F007-F008-F009-F010-F011-F012-F013-F014-F015-F016-F017-F018-F019-F020-F021-F022-F023-F024-F025-F026-F027-F028-F029-F030-F031-F032-F033-F034-F035-F036-F037-F038-F039-F040-F041-F042-F043-F044-F045-F046-F047-F048-F049-F050-F051-F052-F053-F054-F055-F056-F057-F058-F059-F060-F061-F062-F063-F064-F065-F066-F067-F068-F069-F070-F071-F072-F073-F074-F075-F076-F077-F078-F079-F080-F081-F082-F083-F084-F085-F086-F087-F088-F089-F090-F091-F092-F093-F094-F095-F096-F097-F098-F099-F100-F101-F102-F103-F104-F105-F106-F107-F108-F109-F110-F111-F112-F113-F114-F115-F116-F117-F118-F119-F120-F121-F122-F123-F124-F125-F126-F127-F128-F129-F130-F131-F132-F133-F134-F135-F136-F137-F138-F139-F140-F141-F142-F143-F144-F145-F146-F147-F148-F149-F150-F151-F152-F153-F154-F155-F156-F157-F158-F159-F160-F161-F162-F163-F164-F165-F166-F167-F168-F169-F170-F171-F172-F173-F174-F175-F176-F177-F178-F179-F180-F181-F182-F183-F184-F185-F186-F187-F188-F189-F190-F191-F192-F193-F194-F195-F196-F197-F198-F199-F200-F201-F202-F203-F204-F205-F206-F207-F208-F209-F210-F211-F212-F213-F214-F215-F216-F217-F218-F219-F220-F221-F222-F223-F224-F225-F226-F227-F228-F229-F230-F231-F232-F233-F234-F235-F236-F237-F238-F239-F240-F241-F242-F243-F244-F245-F246-F247-F248-F249-F250-F251-F252-F253-F254-F255-F256-F257-F258-F259-F260-F261-F262-F263-F264-F265-F266-F267-F268-F269-F270-F271-F272-F273-F274-F275-F276-F277-F278-F279-F280-F281-F282-F283-F284-F285-F286-F287-F288-F289-F290-F291-F292-F293-F294-F295-F296-F297-F298-F299-F300-F301-F302-F303-F304-F305-F306-F307-F308-F309-F310-F311-F312-F313-F314-F315-F316-F317-F318-F319-F320-F321-F322-F323-F324-F325-F326-F327-F328-F329-F330-F331-F332-F333-F334-F335-F336-F337-F338-F339-F340-F341-F342-F343-F344-F345-F346-F347-F348-F349-F350-F351-F352-F353-F354-F355-F356-F357-F358-F359-F360-F361-F362-F363-F364-F365-F366-F367-F368-F369-F370-F371-F372-F373-F374-F375-F376-F377-F378-F379-F380-F381-F382-F383-F384-F385-F386-F387-F388-F389-F390-F391-F392-F393-F394-F395-F396-F397-F398-F399-F400-F401-F402-F403-F404-F405-F406-F407-F408-F409-F410-F411-F412-F413-F414-F415-F416-F417-F418-F419-F420-F421-F422-F423-F424-F425-F426-F427-F428-F429-F430-F431-F432-F433-F434-F435-F436-F437-F438-F439-F440-F441-F442-F443-F444-F445-F446-F447-F448-F449-F450-F451-F452-F453-F454-F455-F456-F457-F458-F459-F460-F461-F462-F463-F464-F465-F466-F467-F468-F469-F470-F471-F472-F473-F474-F475-F476-F477-F478-F479-F480-F481-F482-F483-F484-F485-F486-F487-F488-F489-F490-F491-F492-F493-F494-F495-F496-E499504-O499505-F510-F511-F512

## Summary

Number of input bits: 512  
Number of free input bits: 11  
Number of output bits: 160

Number of direct occurrences: 45063  
Number of assignments: 31406  
Number of operations: 11066485
(xor: 11038344,
and: 14728,
or: 13413)

Total complexity: 1.5448369500039512 × 10^300

Least occurring input variable: iv_498 (3930)  
Most occurring input variable: iv_509 (4223)

Most co-occurring input variables: iv_508-iv_509 (2072)  
Least co-occurring input variables: iv_498-iv_499 (1771)

Potentially most occurring input variable: iv_497/iv_499 (4640)  
Potentially least occurring input variable: iv_501/iv_502 (4098)

Least output occurring input variable: iv_501 (71)  
Most output occurring input variable: iv_499 (95)

Most output co-occurring input variables: iv_499-iv_502 (52)  
Least output co-occurring input variables: iv_501-iv_506 (30)

Potentially most output occurring input variable: iv_501/iv_506 (93)  
Potentially least output occurring input variable: iv_499/iv_500 (69)

Least complex input bit: iv_497 (7.347226320647652 × 10^297)  
Most complex input bit: iv_509 (3.597225910060232 × 10^299)

Least complex output bit: aaa_76_29 (7.43730038979196 × 10^274)  
Most complex output bit: ov_001 (2.450131904020625 × 10^299)

Least complex input/output complexity: iv_497/aaa_76_29 (3.537171296835092 × 10^272)  
Most complex input/output complexity: iv_509/ov_001 (5.705248031635728 × 10^298)

## Input Bits

### Input Bits in Regular Order

| Input Bit | Complexity | Occurrences | Output Occurrences |
|:---------:|:----------:|:-----------:|:------------------:|
| iv_497 | 7.347226320647652 × 10^297 | 4120 | 91 |
| iv_498 | 1.463551720960882 × 10^298 | 3930 | 90 |
| iv_499 | 1.0953472063677454 × 10^299 | 4166 | 95 |
| iv_500 | 4.3257027830142213 × 10^298 | 4100 | 74 |
| iv_501 | 7.125515674381201 × 10^298 | 4027 | 71 |
| iv_502 | 1.1514363219523514 × 10^299 | 4141 | 83 |
| iv_503 | 6.781431177539271 × 10^298 | 4090 | 72 |
| iv_506 | 1.5316074918601147 × 10^299 | 3949 | 82 |
| iv_507 | 2.4945319233443817 × 10^299 | 4165 | 76 |
| iv_508 | 3.535128247658678 × 10^299 | 4152 | 78 |
| iv_509 | 3.597225910060232 × 10^299 | 4223 | 81 |

### Input Bits Sorted by Complexity

| Input Bit | Complexity | Occurrences | Output Occurrences |
|:---------:|:----------:|:-----------:|:------------------:|
| iv_497 | 7.347226320647652 × 10^297 | 4120 | 91 |
| iv_498 | 1.463551720960882 × 10^298 | 3930 | 90 |
| iv_500 | 4.3257027830142213 × 10^298 | 4100 | 74 |
| iv_503 | 6.781431177539271 × 10^298 | 4090 | 72 |
| iv_501 | 7.125515674381201 × 10^298 | 4027 | 71 |
| iv_499 | 1.0953472063677454 × 10^299 | 4166 | 95 |
| iv_502 | 1.1514363219523514 × 10^299 | 4141 | 83 |
| iv_506 | 1.5316074918601147 × 10^299 | 3949 | 82 |
| iv_507 | 2.4945319233443817 × 10^299 | 4165 | 76 |
| iv_508 | 3.535128247658678 × 10^299 | 4152 | 78 |
| iv_509 | 3.597225910060232 × 10^299 | 4223 | 81 |

### Input Bits Sorted by Occurrences

| Input Bit | Complexity | Occurrences | Output Occurrences |
|:---------:|:----------:|:-----------:|:------------------:|
| iv_498 | 1.463551720960882 × 10^298 | 3930 | 90 |
| iv_506 | 1.5316074918601147 × 10^299 | 3949 | 82 |
| iv_501 | 7.125515674381201 × 10^298 | 4027 | 71 |
| iv_503 | 6.781431177539271 × 10^298 | 4090 | 72 |
| iv_500 | 4.3257027830142213 × 10^298 | 4100 | 74 |
| iv_497 | 7.347226320647652 × 10^297 | 4120 | 91 |
| iv_502 | 1.1514363219523514 × 10^299 | 4141 | 83 |
| iv_508 | 3.535128247658678 × 10^299 | 4152 | 78 |
| iv_507 | 2.4945319233443817 × 10^299 | 4165 | 76 |
| iv_499 | 1.0953472063677454 × 10^299 | 4166 | 95 |
| iv_509 | 3.597225910060232 × 10^299 | 4223 | 81 |

### Input Bits Sorted by Output Occurrences

| Input Bit | Complexity | Occurrences | Output Occurrences |
|:---------:|:----------:|:-----------:|:------------------:|
| iv_501 | 7.125515674381201 × 10^298 | 4027 | 71 |
| iv_503 | 6.781431177539271 × 10^298 | 4090 | 72 |
| iv_500 | 4.3257027830142213 × 10^298 | 4100 | 74 |
| iv_507 | 2.4945319233443817 × 10^299 | 4165 | 76 |
| iv_508 | 3.535128247658678 × 10^299 | 4152 | 78 |
| iv_509 | 3.597225910060232 × 10^299 | 4223 | 81 |
| iv_506 | 1.5316074918601147 × 10^299 | 3949 | 82 |
| iv_502 | 1.1514363219523514 × 10^299 | 4141 | 83 |
| iv_498 | 1.463551720960882 × 10^298 | 3930 | 90 |
| iv_497 | 7.347226320647652 × 10^297 | 4120 | 91 |
| iv_499 | 1.0953472063677454 × 10^299 | 4166 | 95 |

## Input Bit Co-occurrences

### Input Bit Co-occurrences Sorted by Co-occurrences

| Input Bits | Co-occurrences | Potential Occurrences | Output Co-occurrences | Potential Output Occurrences |
|:----------:|:--------------:|:---------------------:|:---------------------:|:----------------------------:|
| iv_508-iv_509 | 2072 | 4231 | 39 | 81 |
| iv_507-iv_509 | 2063 | 4262 | 41 | 75 |
| iv_501-iv_502 | 2035 | 4098 | 38 | 78 |
| iv_497-iv_507 | 2023 | 4239 | 41 | 85 |
| iv_500-iv_502 | 2009 | 4223 | 34 | 89 |
| iv_502-iv_507 | 2005 | 4296 | 40 | 79 |
| iv_497-iv_509 | 2004 | 4335 | 43 | 86 |
| iv_501-iv_509 | 2000 | 4250 | 40 | 72 |
| iv_502-iv_509 | 1999 | 4366 | 46 | 72 |
| iv_497-iv_502 | 1991 | 4279 | 50 | 74 |
| iv_502-iv_508 | 1983 | 4327 | 46 | 69 |

### Input Bit Co-occurrences Sorted by Potential Occurrences

| Input Bits | Co-occurrences | Potential Occurrences | Output Co-occurrences | Potential Output Occurrences |
|:----------:|:--------------:|:---------------------:|:---------------------:|:----------------------------:|
| iv_501-iv_502 | 2035 | 4098 | 38 | 78 |
| iv_506-iv_507 | 1976 | 4162 | 39 | 80 |
| iv_503-iv_506 | 1925 | 4189 | 35 | 84 |
| iv_498-iv_506 | 1844 | 4191 | 42 | 88 |
| iv_497-iv_506 | 1937 | 4195 | 50 | 73 |
| iv_498-iv_501 | 1870 | 4217 | 43 | 75 |
| iv_500-iv_506 | 1915 | 4219 | 35 | 86 |
| iv_500-iv_502 | 2009 | 4223 | 34 | 89 |
| iv_508-iv_509 | 2072 | 4231 | 39 | 81 |
| iv_497-iv_501 | 1956 | 4235 | 41 | 80 |
| iv_497-iv_507 | 2023 | 4239 | 41 | 85 |

### Input Bit Output Co-occurrences Sorted by Output Co-occurrences

| Input Bits | Co-occurrences | Potential Occurrences | Output Co-occurrences | Potential Output Occurrences |
|:----------:|:--------------:|:---------------------:|:---------------------:|:----------------------------:|
| iv_499-iv_502 | 1976 | 4355 | 52 | 74 |
| iv_499-iv_506 | 1877 | 4361 | 51 | 75 |
| iv_497-iv_499 | 1823 | 4640 | 51 | 84 |
| iv_499-iv_500 | 1945 | 4376 | 50 | 69 |
| iv_497-iv_502 | 1991 | 4279 | 50 | 74 |
| iv_497-iv_506 | 1937 | 4195 | 50 | 73 |
| iv_497-iv_498 | 1885 | 4280 | 50 | 81 |
| iv_498-iv_499 | 1771 | 4554 | 48 | 89 |
| iv_499-iv_508 | 1925 | 4468 | 48 | 77 |
| iv_499-iv_509 | 1926 | 4537 | 48 | 80 |
| iv_498-iv_509 | 1885 | 4383 | 47 | 77 |

### Input Bit Output Co-occurrences Sorted by Potential Output Occurrences

| Input Bits | Co-occurrences | Potential Occurrences | Output Co-occurrences | Potential Output Occurrences |
|:----------:|:--------------:|:---------------------:|:---------------------:|:----------------------------:|
| iv_499-iv_500 | 1945 | 4376 | 50 | 69 |
| iv_502-iv_508 | 1983 | 4327 | 46 | 69 |
| iv_501-iv_508 | 1921 | 4337 | 39 | 71 |
| iv_501-iv_509 | 2000 | 4250 | 40 | 72 |
| iv_502-iv_509 | 1999 | 4366 | 46 | 72 |
| iv_497-iv_506 | 1937 | 4195 | 50 | 73 |
| iv_499-iv_502 | 1976 | 4355 | 52 | 74 |
| iv_497-iv_502 | 1991 | 4279 | 50 | 74 |
| iv_498-iv_503 | 1863 | 4294 | 44 | 74 |
| iv_498-iv_501 | 1870 | 4217 | 43 | 75 |
| iv_499-iv_506 | 1877 | 4361 | 51 | 75 |

## Output Bits

### Output Bits in Regular Order

| Rank | Output Bit | Complexity |
|:----:|:----------:|:----------:|
| 1 | ov_001 | 2.450131904020625 × 10^299 |
| 2 | ov_002 | 2.1276691552110115 × 10^299 |
| 3 | ov_003 | 1.8385355878535394 × 10^299 |
| 4 | ov_004 | 1.5802186677845074 × 10^299 |
| 5 | ov_005 | 1.3503428117988986 × 10^299 |
| 6 | ov_006 | 1.1466596865435025 × 10^299 |
| 7 | ov_007 | 9.670397675306114 × 10^298 |
| 8 | ov_008 | 8.094650565141022 × 10^298 |
| 9 | ov_009 | 6.720228620339582 × 10^298 |
| 10 | ov_010 | 5.529005396435354 × 10^298 |
| 11 | ov_011 | 4.503810871697305 × 10^298 |
| 12 | ov_012 | 3.6283949635580334 × 10^298 |
| 13 | ov_013 | 2.88739768117054 × 10^298 |
| 14 | ov_014 | 2.266325044271208 × 10^298 |
| 15 | ov_015 | 1.7515299556964343 × 10^298 |
| 16 | ov_016 | 1.330197271549191 × 10^298 |
| 17 | ov_017 | 9.903323692872824 × 10^297 |
| 18 | ov_018 | 7.20752570020242 × 10^297 |
| 19 | ov_019 | 5.11080827139199 × 10^297 |
| 20 | ov_020 | 3.517411491223474 × 10^297 |
| 21 | ov_021 | 2.339553028338125 × 10^297 |
| 22 | ov_022 | 1.497404642577018 × 10^297 |
| 23 | ov_023 | 9.190759378968487 × 10^296 |
| 24 | ov_024 | 5.406036729078497 × 10^296 |
| 25 | ov_025 | 3.0594521878791974 × 10^296 |
| 26 | ov_026 | 1.6697497488284218 × 10^296 |
| 27 | ov_027 | 8.348268185181676 × 10^295 |
| 28 | ov_028 | 3.7341921458184175 × 10^295 |
| 29 | ov_029 | 1.4383528644401507 × 10^295 |
| 30 | ov_030 | 4.3955470319675764 × 10^294 |
| 31 | ov_031 | 8.56980665709494 × 10^293 |
| 32 | lv_80_m31 | 1.6704903754345569 × 10^293 |
| 33 | ov_033 | 2.002791843597748 × 10^294 |
| 34 | ov_034 | 1.7365525541759496 × 10^294 |
| 35 | ov_035 | 1.4982876248116978 × 10^294 |
| 36 | ov_036 | 1.2858013180030347 × 10^294 |
| 37 | ov_037 | 1.0970168025102879 × 10^294 |
| 38 | ov_038 | 9.299677649555367 × 10^293 |
| 39 | ov_039 | 7.827911520975231 × 10^293 |
| 40 | ov_040 | 6.537209358980149 × 10^293 |
| 41 | ov_041 | 5.410827989044035 × 10^293 |
| 42 | ov_042 | 4.432896427938783 × 10^293 |
| 43 | ov_043 | 3.595692102495331 × 10^293 |
| 44 | ov_044 | 2.8849820513149272 × 10^293 |
| 45 | ov_045 | 2.287311218166628 × 10^293 |
| 46 | ov_046 | 1.7899817888123373 × 10^293 |
| 47 | ov_047 | 1.3810366773352514 × 10^293 |
| 48 | ov_048 | 1.0492465326805371 × 10^293 |
| 49 | ov_049 | 7.840997565796826 × 10^292 |
| 50 | ov_050 | 5.757950736453826 × 10^292 |
| 51 | ov_051 | 4.1523617324080647 × 10^292 |
| 52 | ov_052 | 2.9402795673419167 × 10^292 |
| 53 | ov_053 | 2.0447397297901001 × 10^292 |
| 54 | ov_054 | 1.3957469088512304 × 10^292 |
| 55 | ov_055 | 9.302635458377055 × 10^291 |
| 56 | ov_056 | 5.922025409970168 × 10^291 |
| 57 | ov_057 | 3.5525726506772713 × 10^291 |
| 58 | ov_058 | 1.965933421690064 × 10^291 |
| 59 | ov_059 | 9.684782158272141 × 10^290 |
| 60 | ov_060 | 4.012880064722396 × 10^290 |
| 61 | ov_061 | 1.4015288346214681 × 10^290 |
| 62 | ov_062 | 3.84407520075231 × 10^289 |
| 63 | ov_063 | 7.490998218368411 × 10^288 |
| 64 | lv_79_m31 | 1.4594393178252534 × 10^288 |
| 65 | ov_065 | 1.7394953784189466 × 10^289 |
| 66 | ov_066 | 1.7394906293394223 × 10^289 |
| 67 | ov_067 | 1.7394894993281432 × 10^289 |
| 68 | ov_068 | 1.5056402158635718 × 10^289 |
| 69 | ov_069 | 1.2964480679519623 × 10^289 |
| 70 | ov_070 | 1.1100685337434803 × 10^289 |
| 71 | ov_071 | 9.447444391557589 × 10^288 |
| 72 | ov_072 | 7.988005073317701 × 10^288 |
| 73 | ov_073 | 6.706390366937346 × 10^288 |
| 74 | ov_074 | 5.587365285407389 × 10^288 |
| 75 | ov_075 | 4.6164109459792576 × 10^288 |
| 76 | ov_076 | 3.7797048402131907 × 10^288 |
| 77 | ov_077 | 3.064105781604738 × 10^288 |
| 78 | ov_078 | 2.457142099381268 × 10^288 |
| 79 | ov_079 | 1.9470018737293905 × 10^288 |
| 80 | ov_080 | 1.5225245089598543 × 10^288 |
| 81 | ov_081 | 1.173193411383611 × 10^288 |
| 82 | ov_082 | 8.891296923808215 × 10^287 |
| 83 | ov_083 | 6.610868175957724 × 10^287 |
| 84 | ov_084 | 4.804461235058431 × 10^287 |
| 85 | ov_085 | 3.392131228295741 × 10^287 |
| 86 | ov_086 | 2.3354620101351245 × 10^287 |
| 87 | ov_087 | 1.5669090299573884 × 10^287 |
| 88 | ov_088 | 1.025098157812284 × 10^287 |
| 89 | ov_089 | 6.548124612260595 × 10^286 |
| 90 | ov_090 | 4.069829575697812 × 10^286 |
| 91 | ov_091 | 2.386825603081574 × 10^286 |
| 92 | ov_092 | 1.2998261866894837 × 10^286 |
| 93 | ov_093 | 6.402295800905332 × 10^285 |
| 94 | ov_094 | 2.7011235953844772 × 10^285 |
| 95 | aaa_78_28 | 8.222679253267879 × 10^284 |
| 96 | aaa_78_29 | 2.4690035277757953 × 10^284 |
| 97 | ov_097 | 1.2745154030154869 × 10^284 |
| 98 | ov_098 | 1.2745024202009003 × 10^284 |
| 99 | ov_099 | 1.2744982731656759 × 10^284 |
| 100 | ov_100 | 1.052120444802827 × 10^284 |
| 101 | ov_101 | 8.61696461490992 × 10^283 |
| 102 | ov_102 | 7.000384501590583 × 10^283 |
| 103 | ov_103 | 5.641338815869516 × 10^283 |
| 104 | ov_104 | 4.511327536386721 × 10^283 |
| 105 | ov_105 | 3.5833643876065844 × 10^283 |
| 106 | ov_106 | 2.831880443031147 × 10^283 |
| 107 | ov_107 | 2.232641420333593 × 10^283 |
| 108 | ov_108 | 1.7626773074178132 × 10^283 |
| 109 | ov_109 | 1.4002230314803366 × 10^283 |
| 110 | ov_110 | 1.124668954453078 × 10^283 |
| 111 | ov_111 | 9.165200481468114 × 10^282 |
| 112 | ov_112 | 7.57362671338167 × 10^282 |
| 113 | ov_113 | 6.298379392281279 × 10^282 |
| 114 | ov_114 | 5.1762074337232716 × 10^282 |
| 115 | ov_115 | 4.1970574728559815 × 10^282 |
| 116 | ov_116 | 3.350966221787936 × 10^282 |
| 117 | ov_117 | 2.6280349247926894 × 10^282 |
| 118 | ov_118 | 2.018409880048488 × 10^282 |
| 119 | ov_119 | 1.512268359447747 × 10^282 |
| 120 | ov_120 | 1.0998087922643356 × 10^282 |
| 121 | ov_121 | 7.712436961521633 × 10^281 |
| 122 | ov_122 | 5.167944719642777 × 10^281 |
| 123 | ov_123 | 3.266877283542661 × 10^281 |
| 124 | ov_124 | 1.9115280213127917 × 10^281 |
| 125 | ov_125 | 1.0042022182523348 × 10^281 |
| 126 | ov_126 | 4.472092380220177 × 10^280 |
| 127 | aaa_77_28 | 1.4285951299715422 × 10^280 |
| 128 | aaa_77_29 | 5.358034660862804 × 10^279 |
| 129 | ov_129 | 4.9423126776290733 × 10^279 |
| 130 | ov_130 | 4.9422981935096775 × 10^279 |
| 131 | ov_131 | 4.9422946918938466 × 10^279 |
| 132 | ov_132 | 4.288663752456103 × 10^279 |
| 133 | ov_133 | 3.701729389290576 × 10^279 |
| 134 | ov_134 | 3.1762879323071653 × 10^279 |
| 135 | ov_135 | 2.707413518615567 × 10^279 |
| 136 | ov_136 | 2.2927099961347222 × 10^279 |
| 137 | ov_137 | 1.9277501377944557 × 10^279 |
| 138 | ov_138 | 1.6083328433709743 × 10^279 |
| 139 | ov_139 | 1.3304707811415967 × 10^279 |
| 140 | ov_140 | 1.0903800538487602 × 10^279 |
| 141 | ov_141 | 8.844716624551254 × 10^278 |
| 142 | ov_142 | 7.093445537793332 × 10^278 |
| 143 | ov_143 | 5.6178005055038085 × 10^278 |
| 144 | ov_144 | 4.387374747562749 × 10^278 |
| 145 | ov_145 | 3.373507874267509 × 10^278 |
| 146 | ov_146 | 2.549260802070169 × 10^278 |
| 147 | ov_147 | 1.8893976626720044 × 10^278 |
| 148 | ov_148 | 1.3703733026082454 × 10^278 |
| 149 | ov_149 | 9.703250920107969 × 10^277 |
| 150 | ov_150 | 6.690678826953392 × 10^277 |
| 151 | ov_151 | 4.480910771092285 × 10^277 |
| 152 | ov_152 | 2.9055693317563677 × 10^277 |
| 153 | ov_153 | 1.8129950484591652 × 10^277 |
| 154 | ov_154 | 1.0682393176253154 × 10^277 |
| 155 | ov_155 | 5.530597327190276 × 10^276 |
| 156 | aaa_76_25 | 2.125112679127557 × 10^276 |
| 157 | aaa_76_26 | 1.2271718549792781 × 10^276 |
| 158 | aaa_76_27 | 6.281570559637779 × 10^275 |
| 159 | aaa_76_28 | 2.4456359840831 × 10^275 |
| 160 | aaa_76_29 | 7.43730038979196 × 10^274 |

### Output Bits Sorted by Complexity

| Rank | Output Bit | Complexity |
|:----:|:----------:|:----------:|
| 160 | aaa_76_29 | 7.43730038979196 × 10^274 |
| 159 | aaa_76_28 | 2.4456359840831 × 10^275 |
| 158 | aaa_76_27 | 6.281570559637779 × 10^275 |
| 157 | aaa_76_26 | 1.2271718549792781 × 10^276 |
| 156 | aaa_76_25 | 2.125112679127557 × 10^276 |
| 155 | ov_155 | 5.530597327190276 × 10^276 |
| 154 | ov_154 | 1.0682393176253154 × 10^277 |
| 153 | ov_153 | 1.8129950484591652 × 10^277 |
| 152 | ov_152 | 2.9055693317563677 × 10^277 |
| 151 | ov_151 | 4.480910771092285 × 10^277 |
| 150 | ov_150 | 6.690678826953392 × 10^277 |
| 149 | ov_149 | 9.703250920107969 × 10^277 |
| 148 | ov_148 | 1.3703733026082454 × 10^278 |
| 147 | ov_147 | 1.8893976626720044 × 10^278 |
| 146 | ov_146 | 2.549260802070169 × 10^278 |
| 145 | ov_145 | 3.373507874267509 × 10^278 |
| 144 | ov_144 | 4.387374747562749 × 10^278 |
| 143 | ov_143 | 5.6178005055038085 × 10^278 |
| 142 | ov_142 | 7.093445537793332 × 10^278 |
| 141 | ov_141 | 8.844716624551254 × 10^278 |
| 140 | ov_140 | 1.0903800538487602 × 10^279 |
| 139 | ov_139 | 1.3304707811415967 × 10^279 |
| 138 | ov_138 | 1.6083328433709743 × 10^279 |
| 137 | ov_137 | 1.9277501377944557 × 10^279 |
| 136 | ov_136 | 2.2927099961347222 × 10^279 |
| 135 | ov_135 | 2.707413518615567 × 10^279 |
| 134 | ov_134 | 3.1762879323071653 × 10^279 |
| 133 | ov_133 | 3.701729389290576 × 10^279 |
| 132 | ov_132 | 4.288663752456103 × 10^279 |
| 131 | ov_131 | 4.9422946918938466 × 10^279 |
| 130 | ov_130 | 4.9422981935096775 × 10^279 |
| 129 | ov_129 | 4.9423126776290733 × 10^279 |
| 128 | aaa_77_29 | 5.358034660862804 × 10^279 |
| 127 | aaa_77_28 | 1.4285951299715422 × 10^280 |
| 126 | ov_126 | 4.472092380220177 × 10^280 |
| 125 | ov_125 | 1.0042022182523348 × 10^281 |
| 124 | ov_124 | 1.9115280213127917 × 10^281 |
| 123 | ov_123 | 3.266877283542661 × 10^281 |
| 122 | ov_122 | 5.167944719642777 × 10^281 |
| 121 | ov_121 | 7.712436961521633 × 10^281 |
| 120 | ov_120 | 1.0998087922643356 × 10^282 |
| 119 | ov_119 | 1.512268359447747 × 10^282 |
| 118 | ov_118 | 2.018409880048488 × 10^282 |
| 117 | ov_117 | 2.6280349247926894 × 10^282 |
| 116 | ov_116 | 3.350966221787936 × 10^282 |
| 115 | ov_115 | 4.1970574728559815 × 10^282 |
| 114 | ov_114 | 5.1762074337232716 × 10^282 |
| 113 | ov_113 | 6.298379392281279 × 10^282 |
| 112 | ov_112 | 7.57362671338167 × 10^282 |
| 111 | ov_111 | 9.165200481468114 × 10^282 |
| 110 | ov_110 | 1.124668954453078 × 10^283 |
| 109 | ov_109 | 1.4002230314803366 × 10^283 |
| 108 | ov_108 | 1.7626773074178132 × 10^283 |
| 107 | ov_107 | 2.232641420333593 × 10^283 |
| 106 | ov_106 | 2.831880443031147 × 10^283 |
| 105 | ov_105 | 3.5833643876065844 × 10^283 |
| 104 | ov_104 | 4.511327536386721 × 10^283 |
| 103 | ov_103 | 5.641338815869516 × 10^283 |
| 102 | ov_102 | 7.000384501590583 × 10^283 |
| 101 | ov_101 | 8.61696461490992 × 10^283 |
| 100 | ov_100 | 1.052120444802827 × 10^284 |
| 99 | ov_099 | 1.2744982731656759 × 10^284 |
| 98 | ov_098 | 1.2745024202009003 × 10^284 |
| 97 | ov_097 | 1.2745154030154869 × 10^284 |
| 96 | aaa_78_29 | 2.4690035277757953 × 10^284 |
| 95 | aaa_78_28 | 8.222679253267879 × 10^284 |
| 94 | ov_094 | 2.7011235953844772 × 10^285 |
| 93 | ov_093 | 6.402295800905332 × 10^285 |
| 92 | ov_092 | 1.2998261866894837 × 10^286 |
| 91 | ov_091 | 2.386825603081574 × 10^286 |
| 90 | ov_090 | 4.069829575697812 × 10^286 |
| 89 | ov_089 | 6.548124612260595 × 10^286 |
| 88 | ov_088 | 1.025098157812284 × 10^287 |
| 87 | ov_087 | 1.5669090299573884 × 10^287 |
| 86 | ov_086 | 2.3354620101351245 × 10^287 |
| 85 | ov_085 | 3.392131228295741 × 10^287 |
| 84 | ov_084 | 4.804461235058431 × 10^287 |
| 83 | ov_083 | 6.610868175957724 × 10^287 |
| 82 | ov_082 | 8.891296923808215 × 10^287 |
| 81 | ov_081 | 1.173193411383611 × 10^288 |
| 64 | lv_79_m31 | 1.4594393178252534 × 10^288 |
| 80 | ov_080 | 1.5225245089598543 × 10^288 |
| 79 | ov_079 | 1.9470018737293905 × 10^288 |
| 78 | ov_078 | 2.457142099381268 × 10^288 |
| 77 | ov_077 | 3.064105781604738 × 10^288 |
| 76 | ov_076 | 3.7797048402131907 × 10^288 |
| 75 | ov_075 | 4.6164109459792576 × 10^288 |
| 74 | ov_074 | 5.587365285407389 × 10^288 |
| 73 | ov_073 | 6.706390366937346 × 10^288 |
| 63 | ov_063 | 7.490998218368411 × 10^288 |
| 72 | ov_072 | 7.988005073317701 × 10^288 |
| 71 | ov_071 | 9.447444391557589 × 10^288 |
| 70 | ov_070 | 1.1100685337434803 × 10^289 |
| 69 | ov_069 | 1.2964480679519623 × 10^289 |
| 68 | ov_068 | 1.5056402158635718 × 10^289 |
| 67 | ov_067 | 1.7394894993281432 × 10^289 |
| 66 | ov_066 | 1.7394906293394223 × 10^289 |
| 65 | ov_065 | 1.7394953784189466 × 10^289 |
| 62 | ov_062 | 3.84407520075231 × 10^289 |
| 61 | ov_061 | 1.4015288346214681 × 10^290 |
| 60 | ov_060 | 4.012880064722396 × 10^290 |
| 59 | ov_059 | 9.684782158272141 × 10^290 |
| 58 | ov_058 | 1.965933421690064 × 10^291 |
| 57 | ov_057 | 3.5525726506772713 × 10^291 |
| 56 | ov_056 | 5.922025409970168 × 10^291 |
| 55 | ov_055 | 9.302635458377055 × 10^291 |
| 54 | ov_054 | 1.3957469088512304 × 10^292 |
| 53 | ov_053 | 2.0447397297901001 × 10^292 |
| 52 | ov_052 | 2.9402795673419167 × 10^292 |
| 51 | ov_051 | 4.1523617324080647 × 10^292 |
| 50 | ov_050 | 5.757950736453826 × 10^292 |
| 49 | ov_049 | 7.840997565796826 × 10^292 |
| 48 | ov_048 | 1.0492465326805371 × 10^293 |
| 47 | ov_047 | 1.3810366773352514 × 10^293 |
| 32 | lv_80_m31 | 1.6704903754345569 × 10^293 |
| 46 | ov_046 | 1.7899817888123373 × 10^293 |
| 45 | ov_045 | 2.287311218166628 × 10^293 |
| 44 | ov_044 | 2.8849820513149272 × 10^293 |
| 43 | ov_043 | 3.595692102495331 × 10^293 |
| 42 | ov_042 | 4.432896427938783 × 10^293 |
| 41 | ov_041 | 5.410827989044035 × 10^293 |
| 40 | ov_040 | 6.537209358980149 × 10^293 |
| 39 | ov_039 | 7.827911520975231 × 10^293 |
| 31 | ov_031 | 8.56980665709494 × 10^293 |
| 38 | ov_038 | 9.299677649555367 × 10^293 |
| 37 | ov_037 | 1.0970168025102879 × 10^294 |
| 36 | ov_036 | 1.2858013180030347 × 10^294 |
| 35 | ov_035 | 1.4982876248116978 × 10^294 |
| 34 | ov_034 | 1.7365525541759496 × 10^294 |
| 33 | ov_033 | 2.002791843597748 × 10^294 |
| 30 | ov_030 | 4.3955470319675764 × 10^294 |
| 29 | ov_029 | 1.4383528644401507 × 10^295 |
| 28 | ov_028 | 3.7341921458184175 × 10^295 |
| 27 | ov_027 | 8.348268185181676 × 10^295 |
| 26 | ov_026 | 1.6697497488284218 × 10^296 |
| 25 | ov_025 | 3.0594521878791974 × 10^296 |
| 24 | ov_024 | 5.406036729078497 × 10^296 |
| 23 | ov_023 | 9.190759378968487 × 10^296 |
| 22 | ov_022 | 1.497404642577018 × 10^297 |
| 21 | ov_021 | 2.339553028338125 × 10^297 |
| 20 | ov_020 | 3.517411491223474 × 10^297 |
| 19 | ov_019 | 5.11080827139199 × 10^297 |
| 18 | ov_018 | 7.20752570020242 × 10^297 |
| 17 | ov_017 | 9.903323692872824 × 10^297 |
| 16 | ov_016 | 1.330197271549191 × 10^298 |
| 15 | ov_015 | 1.7515299556964343 × 10^298 |
| 14 | ov_014 | 2.266325044271208 × 10^298 |
| 13 | ov_013 | 2.88739768117054 × 10^298 |
| 12 | ov_012 | 3.6283949635580334 × 10^298 |
| 11 | ov_011 | 4.503810871697305 × 10^298 |
| 10 | ov_010 | 5.529005396435354 × 10^298 |
| 9 | ov_009 | 6.720228620339582 × 10^298 |
| 8 | ov_008 | 8.094650565141022 × 10^298 |
| 7 | ov_007 | 9.670397675306114 × 10^298 |
| 6 | ov_006 | 1.1466596865435025 × 10^299 |
| 5 | ov_005 | 1.3503428117988986 × 10^299 |
| 4 | ov_004 | 1.5802186677845074 × 10^299 |
| 3 | ov_003 | 1.8385355878535394 × 10^299 |
| 2 | ov_002 | 2.1276691552110115 × 10^299 |
| 1 | ov_001 | 2.450131904020625 × 10^299 |

