# Results for F001-F002-F003-F004-F005-F006-F007-F008-F009-F010-F011-F012-F013-F014-F015-F016-F017-F018-F019-F020-F021-F022-F023-F024-F025-F026-F027-F028-F029-F030-F031-F032-F033-F034-F035-F036-F037-F038-F039-F040-F041-F042-F043-F044-F045-F046-F047-F048-F049-F050-F051-F052-F053-F054-F055-F056-F057-F058-F059-F060-F061-F062-F063-F064-F065-F066-F067-F068-F069-F070-F071-F072-F073-F074-F075-F076-F077-F078-F079-F080-F081-F082-F083-F084-F085-F086-F087-F088-F089-F090-F091-F092-F093-F094-F095-F096-F097-F098-F099-F100-F101-F102-F103-F104-F105-F106-F107-F108-F109-F110-F111-F112-F113-F114-F115-F116-F117-F118-F119-F120-F121-F122-F123-F124-F125-F126-F127-F128-F129-F130-F131-F132-F133-F134-F135-F136-F137-F138-F139-F140-F141-F142-F143-F144-F145-F146-F147-F148-F149-F150-F151-F152-F153-F154-F155-F156-F157-F158-F159-F160-F161-F162-F163-F164-F165-F166-F167-F168-F169-F170-F171-F172-F173-F174-F175-F176-F177-F178-F179-F180-F181-F182-F183-F184-F185-F186-F187-F188-F189-F190-F191-F192-F193-F194-F195-F196-F197-F198-F199-F200-F201-F202-F203-F204-F205-F206-F207-F208-F209-F210-F211-F212-F213-F214-F215-F216-F217-F218-F219-F220-F221-F222-F223-F224-F225-F226-F227-F228-F229-F230-F231-F232-F233-F234-F235-F236-F237-F238-F239-F240-F241-F242-F243-F244-F245-F246-F247-F248-F249-F250-F251-F252-F253-F254-F255-F256-F257-F258-F259-F260-F261-F262-F263-F264-F265-F266-F267-F268-F269-F270-F271-F272-F273-F274-F275-F276-F277-F278-F279-F280-F281-F282-F283-F284-F285-F286-F287-F288-F289-F290-F291-F292-F293-F294-F295-F296-F297-F298-F299-F300-F301-F302-F303-F304-F305-F306-F307-F308-F309-F310-F311-F312-F313-F314-F315-F316-F317-F318-F319-F320-F321-F322-F323-F324-F325-F326-F327-F328-F329-F330-F331-F332-F333-F334-F335-F336-F337-F338-F339-F340-F341-F342-F343-F344-F345-F346-F347-F348-F349-F350-F351-F352-F353-F354-F355-F356-F357-F358-F359-F360-F361-F362-F363-F364-F365-F366-F367-F368-F369-F370-F371-F372-F373-F374-F375-F376-F377-F378-F379-F380-F381-F382-F383-F384-F385-F386-F387-F388-F389-F390-F391-F392-F393-F394-F395-F396-F397-F398-F399-F400-F401-F402-F403-F404-F405-F406-F407-F408-F409-F410-F411-F412-F413-F414-F415-F416-F417-F418-F419-F420-F421-F422-F423-F424-F425-F426-F427-F428-F429-F430-F431-F432-F433-F434-F435-F436-F437-F438-F439-F440-F441-F442-F443-F444-F445-F446-F447-F448-F449-F450-F451-F452-F453-F454-F455-F456-F457-F458-F459-F460-F461-F462-F463-F464-F465-F466-F467-F468-F469-F470-F471-F472-F473-F474-F475-F476-F477-F478-F479-F480-F481-F482-F483-F484-F485-F486-F487-F488-F489-F490-F491-F492-F493-F494-F495-F496-F497-F498-F499-F500-E506509

## Summary

Number of input bits: 512  
Number of free input bits: 11  
Number of output bits: 160

Number of direct occurrences: 44843  
Number of assignments: 31413  
Number of operations: 11174646
(xor: 11145542,
and: 15751,
or: 13353)

Total complexity: 8.873815414055132 × 10^300

Least occurring input variable: iv_502 (3897)  
Most occurring input variable: iv_512 (4366)

Most co-occurring input variables: iv_511-iv_512 (2149)  
Least co-occurring input variables: iv_502-iv_503 (1775)

Potentially most occurring input variable: iv_506/iv_510 (4478)  
Potentially least occurring input variable: iv_502/iv_505 (4160)

Least output occurring input variable: iv_508 (70)  
Most output occurring input variable: iv_502 (82)

Most output co-occurring input variables: iv_502-iv_511 (45)  
Least output co-occurring input variables: iv_503-iv_506 (27)

Potentially most output occurring input variable: iv_503/iv_506 (94)  
Potentially least output occurring input variable: iv_502/iv_506 (70)

Least complex input bit: iv_501 (5.234926553936184 × 10^298)  
Most complex input bit: iv_510 (2.320731453442628 × 10^300)

Least complex output bit: aaa_76_29 (1.0610654327898851 × 10^276)  
Most complex output bit: ov_001 (1.3960116772666608 × 10^300)

Least complex input/output complexity: iv_501/aaa_76_29 (6.259539274140967 × 10^273)  
Most complex input/output complexity: iv_510/ov_001 (3.6509303581799807 × 10^299)

## Input Bits

### Input Bits in Regular Order

| Input Bit | Complexity | Occurrences | Output Occurrences |
|:---------:|:----------:|:-----------:|:------------------:|
| iv_501 | 5.234926553936184 × 10^298 | 4084 | 79 |
| iv_502 | 9.524458424265438 × 10^298 | 3897 | 82 |
| iv_503 | 1.6056814463333836 × 10^299 | 4026 | 74 |
| iv_504 | 2.5789467927863567 × 10^299 | 3926 | 78 |
| iv_505 | 4.00065758752322 × 10^299 | 3919 | 79 |
| iv_506 | 1.9463890244288445 × 10^300 | 4128 | 74 |
| iv_507 | 8.910757970232988 × 10^299 | 4174 | 76 |
| iv_508 | 1.2682694214180123 × 10^300 | 3987 | 70 |
| iv_510 | 2.320731453442628 × 10^300 | 4124 | 79 |
| iv_511 | 6.88273403310651 × 10^299 | 4212 | 80 |
| iv_512 | 7.929538819853953 × 10^299 | 4366 | 80 |

### Input Bits Sorted by Complexity

| Input Bit | Complexity | Occurrences | Output Occurrences |
|:---------:|:----------:|:-----------:|:------------------:|
| iv_501 | 5.234926553936184 × 10^298 | 4084 | 79 |
| iv_502 | 9.524458424265438 × 10^298 | 3897 | 82 |
| iv_503 | 1.6056814463333836 × 10^299 | 4026 | 74 |
| iv_504 | 2.5789467927863567 × 10^299 | 3926 | 78 |
| iv_505 | 4.00065758752322 × 10^299 | 3919 | 79 |
| iv_511 | 6.88273403310651 × 10^299 | 4212 | 80 |
| iv_512 | 7.929538819853953 × 10^299 | 4366 | 80 |
| iv_507 | 8.910757970232988 × 10^299 | 4174 | 76 |
| iv_508 | 1.2682694214180123 × 10^300 | 3987 | 70 |
| iv_506 | 1.9463890244288445 × 10^300 | 4128 | 74 |
| iv_510 | 2.320731453442628 × 10^300 | 4124 | 79 |

### Input Bits Sorted by Occurrences

| Input Bit | Complexity | Occurrences | Output Occurrences |
|:---------:|:----------:|:-----------:|:------------------:|
| iv_502 | 9.524458424265438 × 10^298 | 3897 | 82 |
| iv_505 | 4.00065758752322 × 10^299 | 3919 | 79 |
| iv_504 | 2.5789467927863567 × 10^299 | 3926 | 78 |
| iv_508 | 1.2682694214180123 × 10^300 | 3987 | 70 |
| iv_503 | 1.6056814463333836 × 10^299 | 4026 | 74 |
| iv_501 | 5.234926553936184 × 10^298 | 4084 | 79 |
| iv_510 | 2.320731453442628 × 10^300 | 4124 | 79 |
| iv_506 | 1.9463890244288445 × 10^300 | 4128 | 74 |
| iv_507 | 8.910757970232988 × 10^299 | 4174 | 76 |
| iv_511 | 6.88273403310651 × 10^299 | 4212 | 80 |
| iv_512 | 7.929538819853953 × 10^299 | 4366 | 80 |

### Input Bits Sorted by Output Occurrences

| Input Bit | Complexity | Occurrences | Output Occurrences |
|:---------:|:----------:|:-----------:|:------------------:|
| iv_508 | 1.2682694214180123 × 10^300 | 3987 | 70 |
| iv_503 | 1.6056814463333836 × 10^299 | 4026 | 74 |
| iv_506 | 1.9463890244288445 × 10^300 | 4128 | 74 |
| iv_507 | 8.910757970232988 × 10^299 | 4174 | 76 |
| iv_504 | 2.5789467927863567 × 10^299 | 3926 | 78 |
| iv_501 | 5.234926553936184 × 10^298 | 4084 | 79 |
| iv_505 | 4.00065758752322 × 10^299 | 3919 | 79 |
| iv_510 | 2.320731453442628 × 10^300 | 4124 | 79 |
| iv_511 | 6.88273403310651 × 10^299 | 4212 | 80 |
| iv_512 | 7.929538819853953 × 10^299 | 4366 | 80 |
| iv_502 | 9.524458424265438 × 10^298 | 3897 | 82 |

## Input Bit Co-occurrences

### Input Bit Co-occurrences Sorted by Co-occurrences

| Input Bits | Co-occurrences | Potential Occurrences | Output Co-occurrences | Potential Output Occurrences |
|:----------:|:--------------:|:---------------------:|:---------------------:|:----------------------------:|
| iv_511-iv_512 | 2149 | 4280 | 43 | 74 |
| iv_507-iv_512 | 2102 | 4336 | 42 | 72 |
| iv_510-iv_512 | 2082 | 4326 | 42 | 75 |
| iv_501-iv_512 | 2070 | 4310 | 37 | 85 |
| iv_501-iv_511 | 2052 | 4192 | 41 | 77 |
| iv_506-iv_507 | 2042 | 4218 | 35 | 80 |
| iv_503-iv_512 | 2040 | 4312 | 34 | 86 |
| iv_507-iv_510 | 2033 | 4232 | 41 | 73 |
| iv_508-iv_512 | 2026 | 4301 | 32 | 86 |
| iv_506-iv_512 | 2020 | 4454 | 37 | 80 |
| iv_501-iv_510 | 2012 | 4184 | 42 | 74 |

### Input Bit Co-occurrences Sorted by Potential Occurrences

| Input Bits | Co-occurrences | Potential Occurrences | Output Co-occurrences | Potential Output Occurrences |
|:----------:|:--------------:|:---------------------:|:---------------------:|:----------------------------:|
| iv_502-iv_505 | 1828 | 4160 | 36 | 89 |
| iv_507-iv_508 | 1998 | 4165 | 31 | 84 |
| iv_504-iv_505 | 1838 | 4169 | 41 | 75 |
| iv_501-iv_508 | 1944 | 4183 | 34 | 81 |
| iv_501-iv_510 | 2012 | 4184 | 42 | 74 |
| iv_501-iv_505 | 1906 | 4191 | 36 | 86 |
| iv_501-iv_511 | 2052 | 4192 | 41 | 77 |
| iv_504-iv_508 | 1858 | 4197 | 37 | 74 |
| iv_503-iv_507 | 1999 | 4202 | 31 | 88 |
| iv_503-iv_505 | 1871 | 4203 | 40 | 73 |
| iv_506-iv_507 | 2042 | 4218 | 35 | 80 |

### Input Bit Output Co-occurrences Sorted by Output Co-occurrences

| Input Bits | Co-occurrences | Potential Occurrences | Output Co-occurrences | Potential Output Occurrences |
|:----------:|:--------------:|:---------------------:|:---------------------:|:----------------------------:|
| iv_502-iv_511 | 1913 | 4283 | 45 | 72 |
| iv_502-iv_506 | 1873 | 4279 | 43 | 70 |
| iv_511-iv_512 | 2149 | 4280 | 43 | 74 |
| iv_502-iv_504 | 1796 | 4231 | 42 | 76 |
| iv_501-iv_510 | 2012 | 4184 | 42 | 74 |
| iv_502-iv_507 | 1889 | 4293 | 42 | 74 |
| iv_502-iv_510 | 1867 | 4287 | 42 | 77 |
| iv_507-iv_512 | 2102 | 4336 | 42 | 72 |
| iv_510-iv_512 | 2082 | 4326 | 42 | 75 |
| iv_503-iv_504 | 1850 | 4252 | 41 | 70 |
| iv_504-iv_505 | 1838 | 4169 | 41 | 75 |

### Input Bit Output Co-occurrences Sorted by Potential Output Occurrences

| Input Bits | Co-occurrences | Potential Occurrences | Output Co-occurrences | Potential Output Occurrences |
|:----------:|:--------------:|:---------------------:|:---------------------:|:----------------------------:|
| iv_502-iv_506 | 1873 | 4279 | 43 | 70 |
| iv_503-iv_504 | 1850 | 4252 | 41 | 70 |
| iv_502-iv_511 | 1913 | 4283 | 45 | 72 |
| iv_507-iv_512 | 2102 | 4336 | 42 | 72 |
| iv_503-iv_505 | 1871 | 4203 | 40 | 73 |
| iv_507-iv_510 | 2033 | 4232 | 41 | 73 |
| iv_504-iv_508 | 1858 | 4197 | 37 | 74 |
| iv_501-iv_510 | 2012 | 4184 | 42 | 74 |
| iv_502-iv_507 | 1889 | 4293 | 42 | 74 |
| iv_511-iv_512 | 2149 | 4280 | 43 | 74 |
| iv_504-iv_505 | 1838 | 4169 | 41 | 75 |

## Output Bits

### Output Bits in Regular Order

| Rank | Output Bit | Complexity |
|:----:|:----------:|:----------:|
| 1 | ov_001 | 1.3960116772666608 × 10^300 |
| 2 | ov_002 | 1.2143522442113678 × 10^300 |
| 3 | ov_003 | 1.0507335264552491 × 10^300 |
| 4 | ov_004 | 9.04429877132568 × 10^299 |
| 5 | ov_005 | 7.74108169371235 × 10^299 |
| 6 | ov_006 | 6.585076293544901 × 10^299 |
| 7 | ov_007 | 5.5643507216214785 × 10^299 |
| 8 | ov_008 | 4.667607605079929 × 10^299 |
| 9 | ov_009 | 3.884148218714154 × 10^299 |
| 10 | ov_010 | 3.203841663939017 × 10^299 |
| 11 | ov_011 | 2.617098612703793 × 10^299 |
| 12 | ov_012 | 2.11484927046267 × 10^299 |
| 13 | ov_013 | 1.6885251766898364 × 10^299 |
| 14 | ov_014 | 1.3300443953840744 × 10^299 |
| 15 | ov_015 | 1.0317996474865798 × 10^299 |
| 16 | ov_016 | 7.866489682850725 × 10^298 |
| 17 | ov_017 | 5.879085038387357 × 10^298 |
| 18 | ov_018 | 4.2934709129518974 × 10^298 |
| 19 | ov_019 | 3.051822987293323 × 10^298 |
| 20 | ov_020 | 2.1007763084684853 × 10^298 |
| 21 | ov_021 | 1.3914063758315658 × 10^298 |
| 22 | ov_022 | 8.792169330315187 × 10^297 |
| 23 | ov_023 | 5.2413244974474544 × 10^297 |
| 24 | ov_024 | 2.904936520289059 × 10^297 |
| 25 | ov_025 | 1.4705495320931979 × 10^297 |
| 26 | ov_026 | 6.69830727385365 × 10^296 |
| 27 | ov_027 | 2.785637016364288 × 10^296 |
| 28 | ov_028 | 1.1664565712732237 × 10^296 |
| 29 | ov_029 | 4.808642833358298 × 10^295 |
| 30 | ov_030 | 1.591903560124565 × 10^295 |
| 31 | ov_031 | 3.857239026251565 × 10^294 |
| 32 | lv_80_k31 | 9.343560645795862 × 10^293 |
| 33 | ov_033 | 1.1356589919821872 × 10^295 |
| 34 | ov_034 | 9.875576606246738 × 10^294 |
| 35 | ov_035 | 8.548707600134435 × 10^294 |
| 36 | ov_036 | 7.363901575804256 × 10^294 |
| 37 | ov_037 | 6.309730743502553 × 10^294 |
| 38 | ov_038 | 5.3753746788507504 × 10^294 |
| 39 | ov_039 | 4.5505803541953356 × 10^294 |
| 40 | ov_040 | 3.8256277755832197 × 10^294 |
| 41 | ov_041 | 3.191300665474911 × 10^294 |
| 42 | ov_042 | 2.6388616658051498 × 10^294 |
| 43 | ov_043 | 2.1600315688315957 × 10^294 |
| 44 | ov_044 | 1.7469721145878305 × 10^294 |
| 45 | ov_045 | 1.392271923873697 × 10^294 |
| 46 | ov_046 | 1.092330451866188 × 10^294 |
| 47 | ov_047 | 8.437524114545014 × 10^293 |
| 48 | ov_048 | 6.403481566574698 × 10^293 |
| 49 | ov_049 | 4.7632238657697 × 10^293 |
| 50 | ov_050 | 3.4627027770165747 × 10^293 |
| 51 | ov_051 | 2.4517474836129607 × 10^293 |
| 52 | ov_052 | 1.6840461326722294 × 10^293 |
| 53 | ov_053 | 1.1171341144428425 × 10^293 |
| 54 | ov_054 | 7.12387160849048 × 10^292 |
| 55 | ov_055 | 4.35017599886604 × 10^292 |
| 56 | ov_056 | 2.5407241026974654 × 10^292 |
| 57 | ov_057 | 1.4243216785596336 × 10^292 |
| 58 | ov_058 | 7.681044346789335 × 10^291 |
| 59 | ov_059 | 3.775347684532741 × 10^291 |
| 60 | ov_060 | 1.6492528046126798 × 10^291 |
| 61 | ov_061 | 6.175092850915577 × 10^290 |
| 62 | ov_062 | 1.864888373889363 × 10^290 |
| 63 | ov_063 | 4.1238789189825226 × 10^289 |
| 64 | lv_79_m31 | 8.032995103018567 × 10^288 |
| 65 | ov_065 | 9.562401954187444 × 10^289 |
| 66 | ov_066 | 9.562379636386224 × 10^289 |
| 67 | ov_067 | 9.56237240380009 × 10^289 |
| 68 | ov_068 | 8.267758011754133 × 10^289 |
| 69 | ov_069 | 7.112085412957491 × 10^289 |
| 70 | ov_070 | 6.08416097118258 × 10^289 |
| 71 | ov_071 | 5.173480096135589 × 10^289 |
| 72 | ov_072 | 4.3701805848830664 × 10^289 |
| 73 | ov_073 | 3.665000080940936 × 10^289 |
| 74 | ov_074 | 3.0492374342395606 × 10^289 |
| 75 | ov_075 | 2.514717753487516 × 10^289 |
| 76 | ov_076 | 2.0537609492627355 × 10^289 |
| 77 | ov_077 | 1.6591535716529106 × 10^289 |
| 78 | ov_078 | 1.324123750624993 × 10^289 |
| 79 | ov_079 | 1.0423190506916836 × 10^289 |
| 80 | ov_080 | 8.077870540138114 × 10^288 |
| 81 | ov_081 | 6.149584879722923 × 10^288 |
| 82 | ov_082 | 4.58632714590472 × 10^288 |
| 83 | ov_083 | 3.3396540010354214 × 10^288 |
| 84 | ov_084 | 2.3645818356065045 × 10^288 |
| 85 | ov_085 | 1.619501636995064 × 10^288 |
| 86 | ov_086 | 1.0661102353204762 × 10^288 |
| 87 | ov_087 | 6.693561218665158 × 10^287 |
| 88 | ov_088 | 3.973980361085788 × 10^287 |
| 89 | ov_089 | 2.2157451772250133 × 10^287 |
| 90 | ov_090 | 1.1638262014789746 × 10^287 |
| 91 | ov_091 | 5.946398239032513 × 10^286 |
| 92 | ov_092 | 3.159647097078993 × 10^286 |
| 93 | ov_093 | 1.668969334575222 × 10^286 |
| 94 | ov_094 | 7.481018857762029 × 10^285 |
| 95 | aaa_78_28 | 2.4061120197843062 × 10^285 |
| 96 | aaa_78_29 | 9.116600368943416 × 10^284 |
| 97 | ov_097 | 9.927894206748732 × 10^284 |
| 98 | ov_098 | 9.92759653305877 × 10^284 |
| 99 | ov_099 | 9.927501457036847 × 10^284 |
| 100 | ov_100 | 8.934363188845595 × 10^284 |
| 101 | ov_101 | 8.014435098780675 × 10^284 |
| 102 | ov_102 | 7.1637008924162 × 10^284 |
| 103 | ov_103 | 6.378438000013105 × 10^284 |
| 104 | ov_104 | 5.655179385629982 × 10^284 |
| 105 | ov_105 | 4.990678835105248 × 10^284 |
| 106 | ov_106 | 4.3818795372090275 × 10^284 |
| 107 | ov_107 | 3.825885779834609 × 10^284 |
| 108 | ov_108 | 3.319937589344078 × 10^284 |
| 109 | ov_109 | 2.8613881462679266 × 10^284 |
| 110 | ov_110 | 2.4476838146332177 × 10^284 |
| 111 | ov_111 | 2.0763466253943853 × 10^284 |
| 112 | ov_112 | 1.744959056904256 × 10^284 |
| 113 | ov_113 | 1.451150957215463 × 10^284 |
| 114 | ov_114 | 1.1925884543508449 × 10^284 |
| 115 | ov_115 | 9.66964701626227 × 10^283 |
| 116 | ov_116 | 7.719923057398509 × 10^283 |
| 117 | ov_117 | 6.053972857391689 × 10^283 |
| 118 | ov_118 | 4.649144112066473 × 10^283 |
| 119 | ov_119 | 3.4828376812969378 × 10^283 |
| 120 | ov_120 | 2.532484009812517 × 10^283 |
| 121 | ov_121 | 1.7755287956740008 × 10^283 |
| 122 | ov_122 | 1.1894257093863033 × 10^283 |
| 123 | ov_123 | 7.516329797405028 × 10^282 |
| 124 | ov_124 | 4.396114071873366 × 10^282 |
| 125 | ov_125 | 2.3082306107553377 × 10^282 |
| 126 | ov_126 | 1.0273053089735317 × 10^282 |
| 127 | aaa_77_28 | 3.2796572216575355 × 10^281 |
| 128 | aaa_77_29 | 1.2291131303729645 × 10^281 |
| 129 | ov_129 | 1.1324356242199265 × 10^281 |
| 130 | ov_130 | 1.1324330445282516 × 10^281 |
| 131 | ov_131 | 1.1324322165380522 × 10^281 |
| 132 | ov_132 | 9.808305162595801 × 10^280 |
| 133 | ov_133 | 8.451107988696893 × 10^280 |
| 134 | ov_134 | 7.240620306599232 × 10^280 |
| 135 | ov_135 | 6.165403845709486 × 10^280 |
| 136 | ov_136 | 5.214643626380158 × 10^280 |
| 137 | ov_137 | 4.378105495118063 × 10^280 |
| 138 | ov_138 | 3.6460994290956986 × 10^280 |
| 139 | ov_139 | 3.0094480608301053 × 10^280 |
| 140 | ov_140 | 2.459459903310291 × 10^280 |
| 141 | ov_141 | 1.987906784415983 × 10^280 |
| 142 | ov_142 | 1.5870050273574364 × 10^280 |
| 143 | ov_143 | 1.2493999412303256 × 10^280 |
| 144 | ov_144 | 9.681532127495818 × 10^279 |
| 145 | ov_145 | 7.36732816907209 × 10^279 |
| 146 | ov_146 | 5.490050907770129 × 10^279 |
| 147 | ov_147 | 3.9922864103041845 × 10^279 |
| 148 | ov_148 | 2.820497819820167 × 10^279 |
| 149 | ov_149 | 1.9249922718610538 × 10^279 |
| 150 | ov_150 | 1.2598978377873437 × 10^279 |
| 151 | ov_151 | 7.83148249165239 × 10^278 |
| 152 | ov_152 | 4.564734181073357 × 10^278 |
| 153 | ov_153 | 2.453940299657134 × 10^278 |
| 154 | ov_154 | 1.1921874615985715 × 10^278 |
| 155 | ov_155 | 5.104285429252279 × 10^277 |
| 156 | aaa_76_25 | 1.7747637027499016 × 10^277 |
| 157 | aaa_76_26 | 1.0920207799437357 × 10^277 |
| 158 | aaa_76_27 | 5.985490620815852 × 10^276 |
| 159 | aaa_76_28 | 2.8194506809122335 × 10^276 |
| 160 | aaa_76_29 | 1.0610654327898851 × 10^276 |

### Output Bits Sorted by Complexity

| Rank | Output Bit | Complexity |
|:----:|:----------:|:----------:|
| 160 | aaa_76_29 | 1.0610654327898851 × 10^276 |
| 159 | aaa_76_28 | 2.8194506809122335 × 10^276 |
| 158 | aaa_76_27 | 5.985490620815852 × 10^276 |
| 157 | aaa_76_26 | 1.0920207799437357 × 10^277 |
| 156 | aaa_76_25 | 1.7747637027499016 × 10^277 |
| 155 | ov_155 | 5.104285429252279 × 10^277 |
| 154 | ov_154 | 1.1921874615985715 × 10^278 |
| 153 | ov_153 | 2.453940299657134 × 10^278 |
| 152 | ov_152 | 4.564734181073357 × 10^278 |
| 151 | ov_151 | 7.83148249165239 × 10^278 |
| 150 | ov_150 | 1.2598978377873437 × 10^279 |
| 149 | ov_149 | 1.9249922718610538 × 10^279 |
| 148 | ov_148 | 2.820497819820167 × 10^279 |
| 147 | ov_147 | 3.9922864103041845 × 10^279 |
| 146 | ov_146 | 5.490050907770129 × 10^279 |
| 145 | ov_145 | 7.36732816907209 × 10^279 |
| 144 | ov_144 | 9.681532127495818 × 10^279 |
| 143 | ov_143 | 1.2493999412303256 × 10^280 |
| 142 | ov_142 | 1.5870050273574364 × 10^280 |
| 141 | ov_141 | 1.987906784415983 × 10^280 |
| 140 | ov_140 | 2.459459903310291 × 10^280 |
| 139 | ov_139 | 3.0094480608301053 × 10^280 |
| 138 | ov_138 | 3.6460994290956986 × 10^280 |
| 137 | ov_137 | 4.378105495118063 × 10^280 |
| 136 | ov_136 | 5.214643626380158 × 10^280 |
| 135 | ov_135 | 6.165403845709486 × 10^280 |
| 134 | ov_134 | 7.240620306599232 × 10^280 |
| 133 | ov_133 | 8.451107988696893 × 10^280 |
| 132 | ov_132 | 9.808305162595801 × 10^280 |
| 131 | ov_131 | 1.1324322165380522 × 10^281 |
| 130 | ov_130 | 1.1324330445282516 × 10^281 |
| 129 | ov_129 | 1.1324356242199265 × 10^281 |
| 128 | aaa_77_29 | 1.2291131303729645 × 10^281 |
| 127 | aaa_77_28 | 3.2796572216575355 × 10^281 |
| 126 | ov_126 | 1.0273053089735317 × 10^282 |
| 125 | ov_125 | 2.3082306107553377 × 10^282 |
| 124 | ov_124 | 4.396114071873366 × 10^282 |
| 123 | ov_123 | 7.516329797405028 × 10^282 |
| 122 | ov_122 | 1.1894257093863033 × 10^283 |
| 121 | ov_121 | 1.7755287956740008 × 10^283 |
| 120 | ov_120 | 2.532484009812517 × 10^283 |
| 119 | ov_119 | 3.4828376812969378 × 10^283 |
| 118 | ov_118 | 4.649144112066473 × 10^283 |
| 117 | ov_117 | 6.053972857391689 × 10^283 |
| 116 | ov_116 | 7.719923057398509 × 10^283 |
| 115 | ov_115 | 9.66964701626227 × 10^283 |
| 114 | ov_114 | 1.1925884543508449 × 10^284 |
| 113 | ov_113 | 1.451150957215463 × 10^284 |
| 112 | ov_112 | 1.744959056904256 × 10^284 |
| 111 | ov_111 | 2.0763466253943853 × 10^284 |
| 110 | ov_110 | 2.4476838146332177 × 10^284 |
| 109 | ov_109 | 2.8613881462679266 × 10^284 |
| 108 | ov_108 | 3.319937589344078 × 10^284 |
| 107 | ov_107 | 3.825885779834609 × 10^284 |
| 106 | ov_106 | 4.3818795372090275 × 10^284 |
| 105 | ov_105 | 4.990678835105248 × 10^284 |
| 104 | ov_104 | 5.655179385629982 × 10^284 |
| 103 | ov_103 | 6.378438000013105 × 10^284 |
| 102 | ov_102 | 7.1637008924162 × 10^284 |
| 101 | ov_101 | 8.014435098780675 × 10^284 |
| 100 | ov_100 | 8.934363188845595 × 10^284 |
| 96 | aaa_78_29 | 9.116600368943416 × 10^284 |
| 99 | ov_099 | 9.927501457036847 × 10^284 |
| 98 | ov_098 | 9.92759653305877 × 10^284 |
| 97 | ov_097 | 9.927894206748732 × 10^284 |
| 95 | aaa_78_28 | 2.4061120197843062 × 10^285 |
| 94 | ov_094 | 7.481018857762029 × 10^285 |
| 93 | ov_093 | 1.668969334575222 × 10^286 |
| 92 | ov_092 | 3.159647097078993 × 10^286 |
| 91 | ov_091 | 5.946398239032513 × 10^286 |
| 90 | ov_090 | 1.1638262014789746 × 10^287 |
| 89 | ov_089 | 2.2157451772250133 × 10^287 |
| 88 | ov_088 | 3.973980361085788 × 10^287 |
| 87 | ov_087 | 6.693561218665158 × 10^287 |
| 86 | ov_086 | 1.0661102353204762 × 10^288 |
| 85 | ov_085 | 1.619501636995064 × 10^288 |
| 84 | ov_084 | 2.3645818356065045 × 10^288 |
| 83 | ov_083 | 3.3396540010354214 × 10^288 |
| 82 | ov_082 | 4.58632714590472 × 10^288 |
| 81 | ov_081 | 6.149584879722923 × 10^288 |
| 64 | lv_79_m31 | 8.032995103018567 × 10^288 |
| 80 | ov_080 | 8.077870540138114 × 10^288 |
| 79 | ov_079 | 1.0423190506916836 × 10^289 |
| 78 | ov_078 | 1.324123750624993 × 10^289 |
| 77 | ov_077 | 1.6591535716529106 × 10^289 |
| 76 | ov_076 | 2.0537609492627355 × 10^289 |
| 75 | ov_075 | 2.514717753487516 × 10^289 |
| 74 | ov_074 | 3.0492374342395606 × 10^289 |
| 73 | ov_073 | 3.665000080940936 × 10^289 |
| 63 | ov_063 | 4.1238789189825226 × 10^289 |
| 72 | ov_072 | 4.3701805848830664 × 10^289 |
| 71 | ov_071 | 5.173480096135589 × 10^289 |
| 70 | ov_070 | 6.08416097118258 × 10^289 |
| 69 | ov_069 | 7.112085412957491 × 10^289 |
| 68 | ov_068 | 8.267758011754133 × 10^289 |
| 67 | ov_067 | 9.56237240380009 × 10^289 |
| 66 | ov_066 | 9.562379636386224 × 10^289 |
| 65 | ov_065 | 9.562401954187444 × 10^289 |
| 62 | ov_062 | 1.864888373889363 × 10^290 |
| 61 | ov_061 | 6.175092850915577 × 10^290 |
| 60 | ov_060 | 1.6492528046126798 × 10^291 |
| 59 | ov_059 | 3.775347684532741 × 10^291 |
| 58 | ov_058 | 7.681044346789335 × 10^291 |
| 57 | ov_057 | 1.4243216785596336 × 10^292 |
| 56 | ov_056 | 2.5407241026974654 × 10^292 |
| 55 | ov_055 | 4.35017599886604 × 10^292 |
| 54 | ov_054 | 7.12387160849048 × 10^292 |
| 53 | ov_053 | 1.1171341144428425 × 10^293 |
| 52 | ov_052 | 1.6840461326722294 × 10^293 |
| 51 | ov_051 | 2.4517474836129607 × 10^293 |
| 50 | ov_050 | 3.4627027770165747 × 10^293 |
| 49 | ov_049 | 4.7632238657697 × 10^293 |
| 48 | ov_048 | 6.403481566574698 × 10^293 |
| 47 | ov_047 | 8.437524114545014 × 10^293 |
| 32 | lv_80_k31 | 9.343560645795862 × 10^293 |
| 46 | ov_046 | 1.092330451866188 × 10^294 |
| 45 | ov_045 | 1.392271923873697 × 10^294 |
| 44 | ov_044 | 1.7469721145878305 × 10^294 |
| 43 | ov_043 | 2.1600315688315957 × 10^294 |
| 42 | ov_042 | 2.6388616658051498 × 10^294 |
| 41 | ov_041 | 3.191300665474911 × 10^294 |
| 40 | ov_040 | 3.8256277755832197 × 10^294 |
| 31 | ov_031 | 3.857239026251565 × 10^294 |
| 39 | ov_039 | 4.5505803541953356 × 10^294 |
| 38 | ov_038 | 5.3753746788507504 × 10^294 |
| 37 | ov_037 | 6.309730743502553 × 10^294 |
| 36 | ov_036 | 7.363901575804256 × 10^294 |
| 35 | ov_035 | 8.548707600134435 × 10^294 |
| 34 | ov_034 | 9.875576606246738 × 10^294 |
| 33 | ov_033 | 1.1356589919821872 × 10^295 |
| 30 | ov_030 | 1.591903560124565 × 10^295 |
| 29 | ov_029 | 4.808642833358298 × 10^295 |
| 28 | ov_028 | 1.1664565712732237 × 10^296 |
| 27 | ov_027 | 2.785637016364288 × 10^296 |
| 26 | ov_026 | 6.69830727385365 × 10^296 |
| 25 | ov_025 | 1.4705495320931979 × 10^297 |
| 24 | ov_024 | 2.904936520289059 × 10^297 |
| 23 | ov_023 | 5.2413244974474544 × 10^297 |
| 22 | ov_022 | 8.792169330315187 × 10^297 |
| 21 | ov_021 | 1.3914063758315658 × 10^298 |
| 20 | ov_020 | 2.1007763084684853 × 10^298 |
| 19 | ov_019 | 3.051822987293323 × 10^298 |
| 18 | ov_018 | 4.2934709129518974 × 10^298 |
| 17 | ov_017 | 5.879085038387357 × 10^298 |
| 16 | ov_016 | 7.866489682850725 × 10^298 |
| 15 | ov_015 | 1.0317996474865798 × 10^299 |
| 14 | ov_014 | 1.3300443953840744 × 10^299 |
| 13 | ov_013 | 1.6885251766898364 × 10^299 |
| 12 | ov_012 | 2.11484927046267 × 10^299 |
| 11 | ov_011 | 2.617098612703793 × 10^299 |
| 10 | ov_010 | 3.203841663939017 × 10^299 |
| 9 | ov_009 | 3.884148218714154 × 10^299 |
| 8 | ov_008 | 4.667607605079929 × 10^299 |
| 7 | ov_007 | 5.5643507216214785 × 10^299 |
| 6 | ov_006 | 6.585076293544901 × 10^299 |
| 5 | ov_005 | 7.74108169371235 × 10^299 |
| 4 | ov_004 | 9.04429877132568 × 10^299 |
| 3 | ov_003 | 1.0507335264552491 × 10^300 |
| 2 | ov_002 | 1.2143522442113678 × 10^300 |
| 1 | ov_001 | 1.3960116772666608 × 10^300 |

