# Results for F001-F002-F003-F004-F005-F006-F007-F008-F009-F010-F011-F012-F013-F014-F015-F016-F017-F018-F019-F020-F021-F022-F023-F024-F025-F026-F027-F028-F029-F030-F031-F032-F033-F034-F035-F036-F037-F038-F039-F040-F041-F042-F043-F044-F045-F046-F047-F048-F049-F050-F051-F052-F053-F054-F055-F056-F057-F058-F059-F060-F061-F062-F063-F064-F065-F066-F067-F068-F069-F070-F071-F072-F073-F074-F075-F076-F077-F078-F079-F080-F081-F082-F083-F084-F085-F086-F087-F088-F089-F090-F091-F092-F093-F094-F095-F096-F097-F098-F099-F100-F101-F102-F103-F104-F105-F106-F107-F108-F109-F110-F111-F112-F113-F114-F115-F116-F117-F118-F119-F120-F121-F122-F123-F124-F125-F126-F127-F128-F129-F130-F131-F132-F133-F134-F135-F136-F137-F138-F139-F140-F141-F142-F143-F144-F145-F146-F147-F148-F149-F150-F151-F152-F153-F154-F155-F156-F157-F158-F159-F160-F161-F162-F163-F164-F165-F166-F167-F168-F169-F170-F171-F172-F173-F174-F175-F176-F177-F178-F179-F180-F181-F182-F183-F184-F185-F186-F187-F188-F189-F190-F191-F192-F193-F194-F195-F196-F197-F198-F199-F200-F201-F202-F203-F204-F205-F206-F207-F208-F209-F210-F211-F212-F213-F214-F215-F216-F217-F218-F219-F220-F221-F222-F223-F224-F225-F226-F227-F228-F229-F230-F231-F232-F233-F234-F235-F236-F237-F238-F239-F240-F241-F242-F243-F244-F245-F246-F247-F248-F249-F250-F251-F252-F253-F254-F255-F256-F257-F258-F259-F260-F261-F262-F263-F264-F265-F266-F267-F268-F269-F270-F271-F272-F273-F274-F275-F276-F277-F278-F279-F280-F281-F282-F283-F284-F285-F286-F287-F288-F289-F290-F291-F292-F293-F294-F295-F296-F297-F298-F299-F300-F301-F302-F303-F304-F305-F306-F307-F308-F309-F310-F311-F312-F313-F314-F315-F316-F317-F318-F319-F320-F321-F322-F323-F324-F325-F326-F327-F328-F329-F330-F331-F332-F333-F334-F335-F336-F337-F338-F339-F340-F341-F342-F343-F344-F345-F346-F347-F348-F349-F350-F351-F352-F353-F354-F355-F356-F357-F358-F359-F360-F361-F362-F363-F364-F365-F366-F367-F368-F369-F370-F371-F372-F373-F374-F375-F376-F377-F378-F379-F380-F381-F382-F383-F384-F385-F386-F387-F388-F389-F390-F391-F392-F393-F394-F395-F396-F397-F398-F399-F400-F401-F402-F403-F404-F405-F406-F407-F408-F409-F410-F411-F412-F413-F414-F415-F416-F417-F418-F419-F420-F421-F422-F423-F424-F425-F426-F427-F428-F429-F430-F431-F432-F433-F434-F435-F436-F437-F438-F439-F440-F441-F442-F443-F444-F445-F446-F447-F448-F449-F450-F451-F452-F453-F454-F455-F456-F457-F458-F459-F460-F461-F462-F463-F464-F465-F466-F467-F468-F469-F470-F471-F472-F473-F474-F475-F476-F477-F478-F479-F480-F481-F482-F483-F484-F485-F486-F487-F488-F489-F490-F491-F492-F493-F494-F495-F496-E499505-O504506-F510-F511-F512

## Summary

Number of input bits: 512  
Number of free input bits: 11  
Number of output bits: 160

Number of direct occurrences: 45633  
Number of assignments: 31683  
Number of operations: 11609758
(xor: 11580739,
and: 15569,
or: 13450)

Total complexity: 1.1798668131301251 × 10^306

Least occurring input variable: iv_502 (3889)  
Most occurring input variable: iv_504 (4319)

Most co-occurring input variables: iv_499-iv_509 (2095)  
Least co-occurring input variables: iv_498-iv_502 (1781)

Potentially most occurring input variable: iv_497/iv_508 (4550)  
Potentially least occurring input variable: iv_501/iv_502 (4210)

Least output occurring input variable: iv_507 (69)  
Most output occurring input variable: iv_501 (88)

Most output co-occurring input variables: iv_499-iv_501 (49)  
Least output co-occurring input variables: iv_500-iv_507 (24)

Potentially most output occurring input variable: iv_497/iv_499 (98)  
Potentially least output occurring input variable: iv_500/iv_501 (65)

Least complex input bit: iv_497 (3.37375715958614 × 10^303)  
Most complex input bit: iv_504 (2.3243236259005425 × 10^305)

Least complex output bit: aaa_76_29 (3.6303150317188054 × 10^280)  
Most complex output bit: ov_001 (1.8712876472484337 × 10^305)

Least complex input/output complexity: iv_497/aaa_76_29 (1.0380664320341144 × 10^278)  
Most complex input/output complexity: iv_504/ov_001 (3.6864144672536735 × 10^304)

## Input Bits

### Input Bits in Regular Order

| Input Bit | Complexity | Occurrences | Output Occurrences |
|:---------:|:----------:|:-----------:|:------------------:|
| iv_497 | 3.37375715958614 × 10^303 | 4077 | 82 |
| iv_498 | 6.720451884189548 × 10^303 | 3997 | 78 |
| iv_499 | 2.1239972749944476 × 10^305 | 4304 | 82 |
| iv_500 | 1.9863102206914802 × 10^304 | 4110 | 69 |
| iv_501 | 3.2719503215286416 × 10^304 | 4113 | 88 |
| iv_502 | 5.287255850656636 × 10^304 | 3889 | 79 |
| iv_503 | 8.401202710473496 × 10^304 | 4095 | 75 |
| iv_504 | 2.3243236259005425 × 10^305 | 4319 | 87 |
| iv_507 | 1.4568534433490128 × 10^305 | 4194 | 69 |
| iv_508 | 1.9346826466673156 × 10^305 | 4233 | 76 |
| iv_509 | 1.9631971396171441 × 10^305 | 4302 | 76 |

### Input Bits Sorted by Complexity

| Input Bit | Complexity | Occurrences | Output Occurrences |
|:---------:|:----------:|:-----------:|:------------------:|
| iv_497 | 3.37375715958614 × 10^303 | 4077 | 82 |
| iv_498 | 6.720451884189548 × 10^303 | 3997 | 78 |
| iv_500 | 1.9863102206914802 × 10^304 | 4110 | 69 |
| iv_501 | 3.2719503215286416 × 10^304 | 4113 | 88 |
| iv_502 | 5.287255850656636 × 10^304 | 3889 | 79 |
| iv_503 | 8.401202710473496 × 10^304 | 4095 | 75 |
| iv_507 | 1.4568534433490128 × 10^305 | 4194 | 69 |
| iv_508 | 1.9346826466673156 × 10^305 | 4233 | 76 |
| iv_509 | 1.9631971396171441 × 10^305 | 4302 | 76 |
| iv_499 | 2.1239972749944476 × 10^305 | 4304 | 82 |
| iv_504 | 2.3243236259005425 × 10^305 | 4319 | 87 |

### Input Bits Sorted by Occurrences

| Input Bit | Complexity | Occurrences | Output Occurrences |
|:---------:|:----------:|:-----------:|:------------------:|
| iv_502 | 5.287255850656636 × 10^304 | 3889 | 79 |
| iv_498 | 6.720451884189548 × 10^303 | 3997 | 78 |
| iv_497 | 3.37375715958614 × 10^303 | 4077 | 82 |
| iv_503 | 8.401202710473496 × 10^304 | 4095 | 75 |
| iv_500 | 1.9863102206914802 × 10^304 | 4110 | 69 |
| iv_501 | 3.2719503215286416 × 10^304 | 4113 | 88 |
| iv_507 | 1.4568534433490128 × 10^305 | 4194 | 69 |
| iv_508 | 1.9346826466673156 × 10^305 | 4233 | 76 |
| iv_509 | 1.9631971396171441 × 10^305 | 4302 | 76 |
| iv_499 | 2.1239972749944476 × 10^305 | 4304 | 82 |
| iv_504 | 2.3243236259005425 × 10^305 | 4319 | 87 |

### Input Bits Sorted by Output Occurrences

| Input Bit | Complexity | Occurrences | Output Occurrences |
|:---------:|:----------:|:-----------:|:------------------:|
| iv_507 | 1.4568534433490128 × 10^305 | 4194 | 69 |
| iv_500 | 1.9863102206914802 × 10^304 | 4110 | 69 |
| iv_503 | 8.401202710473496 × 10^304 | 4095 | 75 |
| iv_509 | 1.9631971396171441 × 10^305 | 4302 | 76 |
| iv_508 | 1.9346826466673156 × 10^305 | 4233 | 76 |
| iv_498 | 6.720451884189548 × 10^303 | 3997 | 78 |
| iv_502 | 5.287255850656636 × 10^304 | 3889 | 79 |
| iv_497 | 3.37375715958614 × 10^303 | 4077 | 82 |
| iv_499 | 2.1239972749944476 × 10^305 | 4304 | 82 |
| iv_504 | 2.3243236259005425 × 10^305 | 4319 | 87 |
| iv_501 | 3.2719503215286416 × 10^304 | 4113 | 88 |

## Input Bit Co-occurrences

### Input Bit Co-occurrences Sorted by Co-occurrences

| Input Bits | Co-occurrences | Potential Occurrences | Output Co-occurrences | Potential Output Occurrences |
|:----------:|:--------------:|:---------------------:|:---------------------:|:----------------------------:|
| iv_499-iv_509 | 2095 | 4416 | 43 | 72 |
| iv_504-iv_509 | 2086 | 4449 | 42 | 79 |
| iv_507-iv_509 | 2083 | 4330 | 30 | 85 |
| iv_499-iv_504 | 2079 | 4465 | 38 | 93 |
| iv_504-iv_508 | 2076 | 4400 | 41 | 81 |
| iv_499-iv_508 | 2076 | 4385 | 37 | 84 |
| iv_508-iv_509 | 2054 | 4427 | 33 | 86 |
| iv_497-iv_509 | 2037 | 4305 | 36 | 86 |
| iv_503-iv_504 | 2022 | 4370 | 44 | 74 |
| iv_500-iv_504 | 2020 | 4389 | 34 | 88 |
| iv_499-iv_507 | 2016 | 4466 | 35 | 81 |

### Input Bit Co-occurrences Sorted by Potential Occurrences

| Input Bits | Co-occurrences | Potential Occurrences | Output Co-occurrences | Potential Output Occurrences |
|:----------:|:--------------:|:---------------------:|:---------------------:|:----------------------------:|
| iv_501-iv_502 | 1896 | 4210 | 38 | 91 |
| iv_497-iv_503 | 1973 | 4226 | 40 | 77 |
| iv_497-iv_500 | 1975 | 4237 | 35 | 81 |
| iv_497-iv_501 | 1971 | 4248 | 45 | 80 |
| iv_498-iv_500 | 1916 | 4275 | 33 | 81 |
| iv_502-iv_507 | 1900 | 4283 | 34 | 80 |
| iv_500-iv_502 | 1852 | 4295 | 34 | 80 |
| iv_497-iv_509 | 2037 | 4305 | 36 | 86 |
| iv_498-iv_507 | 1943 | 4305 | 33 | 81 |
| iv_497-iv_502 | 1829 | 4308 | 43 | 75 |
| iv_498-iv_501 | 1900 | 4310 | 39 | 88 |

### Input Bit Output Co-occurrences Sorted by Output Co-occurrences

| Input Bits | Co-occurrences | Potential Occurrences | Output Co-occurrences | Potential Output Occurrences |
|:----------:|:--------------:|:---------------------:|:---------------------:|:----------------------------:|
| iv_499-iv_501 | 1981 | 4455 | 49 | 72 |
| iv_502-iv_504 | 1938 | 4332 | 46 | 74 |
| iv_500-iv_501 | 1913 | 4397 | 46 | 65 |
| iv_497-iv_501 | 1971 | 4248 | 45 | 80 |
| iv_503-iv_504 | 2022 | 4370 | 44 | 74 |
| iv_497-iv_502 | 1829 | 4308 | 43 | 75 |
| iv_501-iv_504 | 1987 | 4458 | 43 | 89 |
| iv_504-iv_507 | 2009 | 4495 | 43 | 70 |
| iv_499-iv_509 | 2095 | 4416 | 43 | 72 |
| iv_504-iv_509 | 2086 | 4449 | 42 | 79 |
| iv_501-iv_509 | 2008 | 4399 | 42 | 80 |

### Input Bit Output Co-occurrences Sorted by Potential Output Occurrences

| Input Bits | Co-occurrences | Potential Occurrences | Output Co-occurrences | Potential Output Occurrences |
|:----------:|:--------------:|:---------------------:|:---------------------:|:----------------------------:|
| iv_500-iv_501 | 1913 | 4397 | 46 | 65 |
| iv_504-iv_507 | 2009 | 4495 | 43 | 70 |
| iv_507-iv_508 | 1987 | 4453 | 37 | 71 |
| iv_499-iv_501 | 1981 | 4455 | 49 | 72 |
| iv_499-iv_509 | 2095 | 4416 | 43 | 72 |
| iv_503-iv_508 | 1955 | 4418 | 39 | 73 |
| iv_502-iv_504 | 1938 | 4332 | 46 | 74 |
| iv_503-iv_504 | 2022 | 4370 | 44 | 74 |
| iv_497-iv_502 | 1829 | 4308 | 43 | 75 |
| iv_502-iv_509 | 1883 | 4425 | 40 | 75 |
| iv_500-iv_508 | 1941 | 4461 | 35 | 75 |

## Output Bits

### Output Bits in Regular Order

| Rank | Output Bit | Complexity |
|:----:|:----------:|:----------:|
| 1 | ov_001 | 1.8712876472484337 × 10^305 |
| 2 | ov_002 | 1.6250059767354733 × 10^305 |
| 3 | ov_003 | 1.4041797288376755 × 10^305 |
| 4 | ov_004 | 1.2068899028138352 × 10^305 |
| 5 | ov_005 | 1.0313221009666953 × 10^305 |
| 6 | ov_006 | 8.757591191210372 × 10^304 |
| 7 | ov_007 | 7.385744994354041 × 10^304 |
| 8 | ov_008 | 6.182269678466355 × 10^304 |
| 9 | ov_009 | 5.13255683461529 × 10^304 |
| 10 | ov_010 | 4.2227622087920526 × 10^304 |
| 11 | ov_011 | 3.4397720553722556 × 10^304 |
| 12 | ov_012 | 2.771175267528352 × 10^304 |
| 13 | ov_013 | 2.205240576179916 × 10^304 |
| 14 | ov_014 | 1.7308981532377585 × 10^304 |
| 15 | ov_015 | 1.3377249985360743 × 10^304 |
| 16 | ov_016 | 1.0159335330934641 × 10^304 |
| 17 | ov_017 | 7.563628643096088 × 10^303 |
| 18 | ov_018 | 5.5047223147391085 × 10^303 |
| 19 | ov_019 | 3.903361825976104 × 10^303 |
| 20 | ov_020 | 2.686410761256933 × 10^303 |
| 21 | ov_021 | 1.7868256101259437 × 10^303 |
| 22 | ov_022 | 1.1436378076966202 × 10^303 |
| 23 | ov_023 | 7.019413124245249 × 10^302 |
| 24 | ov_024 | 4.1288443178558215 × 10^302 |
| 25 | ov_025 | 2.3366481851711177 × 10^302 |
| 26 | ov_026 | 1.2752672842514862 × 10^302 |
| 27 | ov_027 | 6.375972951127605 × 10^301 |
| 28 | ov_028 | 2.851983899147303 × 10^301 |
| 29 | ov_029 | 1.0985410581248405 × 10^301 |
| 30 | ov_030 | 3.357100409887565 × 10^300 |
| 31 | ov_031 | 6.5452038364850816 × 10^299 |
| 32 | lv_80_m31 | 1.2758422477046921 × 10^299 |
| 33 | ov_033 | 1.5297206680714323 × 10^300 |
| 34 | ov_034 | 1.3263809020276108 × 10^300 |
| 35 | ov_035 | 1.1444075985012057 × 10^300 |
| 36 | ov_036 | 9.821226616146276 × 10^299 |
| 37 | ov_037 | 8.37939177083069 × 10^299 |
| 38 | ov_038 | 7.103549523034792 × 10^299 |
| 39 | ov_039 | 5.9794691604014735 × 10^299 |
| 40 | ov_040 | 4.993662979685272 × 10^299 |
| 41 | ov_041 | 4.1333451235561304 × 10^299 |
| 42 | ov_042 | 3.3863967407302103 × 10^299 |
| 43 | ov_043 | 2.746921175468225 × 10^299 |
| 44 | ov_044 | 2.2040510021437434 × 10^299 |
| 45 | ov_045 | 1.7475126145196628 × 10^299 |
| 46 | ov_046 | 1.3676102601236356 × 10^299 |
| 47 | ov_047 | 1.0552133753231985 × 10^299 |
| 48 | ov_048 | 8.017467278769887 × 10^298 |
| 49 | ov_049 | 5.991829104265232 × 10^298 |
| 50 | ov_050 | 4.400367649757102 × 10^298 |
| 51 | ov_051 | 3.1736135490579735 × 10^298 |
| 52 | ov_052 | 2.2474513751206555 × 10^298 |
| 53 | ov_053 | 1.563100264423712 × 10^298 |
| 54 | ov_054 | 1.0671008237911455 × 10^298 |
| 55 | ov_055 | 7.113064217506818 × 10^297 |
| 56 | ov_056 | 4.528776170105525 × 10^297 |
| 57 | ov_057 | 2.7172095460279457 × 10^297 |
| 58 | ov_058 | 1.503942869007587 × 10^297 |
| 59 | ov_059 | 7.410613073250444 × 10^296 |
| 60 | ov_060 | 3.0715372528611467 × 10^296 |
| 61 | ov_061 | 1.0731160900941556 × 10^296 |
| 62 | ov_062 | 2.944333971132071 × 10^295 |
| 63 | ov_063 | 5.73984149936824 × 10^294 |
| 64 | lv_79_m31 | 1.1187021814524077 × 10^294 |
| 65 | ov_065 | 1.3342098732327868 × 10^295 |
| 66 | ov_066 | 1.3342060814801847 × 10^295 |
| 67 | ov_067 | 1.334205169191469 × 10^295 |
| 68 | ov_068 | 1.1560493225820733 × 10^295 |
| 69 | ov_069 | 9.964709241600853 × 10^294 |
| 70 | ov_070 | 8.540866623790069 × 10^294 |
| 71 | ov_071 | 7.275833850812416 × 10^294 |
| 72 | ov_072 | 6.157131669157615 × 10^294 |
| 73 | ov_073 | 5.1728917231964686 × 10^294 |
| 74 | ov_074 | 4.3118222621298645 × 10^294 |
| 75 | ov_075 | 3.56318009195667 × 10^294 |
| 76 | ov_076 | 2.9167479849614132 × 10^294 |
| 77 | ov_077 | 2.3628168023824326 × 10^294 |
| 78 | ov_078 | 1.892171627902601 × 10^294 |
| 79 | ov_079 | 1.4960812506477613 × 10^294 |
| 80 | ov_080 | 1.1662903766867434 × 10^294 |
| 81 | ov_081 | 8.950139877726932 × 10^293 |
| 82 | ov_082 | 6.749333053896268 × 10^293 |
| 83 | ov_083 | 4.991928571841564 × 10^293 |
| 84 | ov_084 | 3.6139822761774277 × 10^293 |
| 85 | ov_085 | 2.556142463908467 × 10^293 |
| 86 | ov_086 | 1.7636352539317801 × 10^293 |
| 87 | ov_087 | 1.186253057513332 × 10^293 |
| 88 | ov_088 | 7.7834576574612 × 10^292 |
| 89 | ov_089 | 4.988142701699737 × 10^292 |
| 90 | ov_090 | 3.1110593282418043 × 10^292 |
| 91 | ov_091 | 1.8321162204792388 × 10^292 |
| 92 | ov_092 | 1.002623639303301 × 10^292 |
| 93 | ov_093 | 4.965972812836001 × 10^291 |
| 94 | ov_094 | 2.1075513129151786 × 10^291 |
| 95 | aaa_78_28 | 6.451617703710112 × 10^290 |
| 96 | aaa_78_29 | 1.954313378538499 × 10^290 |
| 97 | ov_097 | 1.0313878442901831 × 10^290 |
| 98 | ov_098 | 1.0313815070838745 × 10^290 |
| 99 | ov_099 | 1.031379482821908 × 10^290 |
| 100 | ov_100 | 8.743989724387754 × 10^289 |
| 101 | ov_101 | 7.361172350084796 × 10^289 |
| 102 | ov_102 | 6.149708340827921 × 10^289 |
| 103 | ov_103 | 5.094821886676637 × 10^289 |
| 104 | ov_104 | 4.1825331706852863 × 10^289 |
| 105 | ov_105 | 3.399603931012667 × 10^289 |
| 106 | ov_106 | 2.7334904074637123 × 10^289 |
| 107 | ov_107 | 2.1723029713680353 × 10^289 |
| 108 | ov_108 | 1.7047717744631977 × 10^289 |
| 109 | ov_109 | 1.3202177881179494 × 10^289 |
| 110 | ov_110 | 1.0085286390348448 × 10^289 |
| 111 | ov_111 | 7.60138681711682 × 10^288 |
| 112 | ov_112 | 5.660127815840205 × 10^288 |
| 113 | ov_113 | 4.176333160537717 × 10^288 |
| 114 | ov_114 | 3.0698993364125605 × 10^288 |
| 115 | ov_115 | 2.2657164436491545 × 10^288 |
| 116 | ov_116 | 1.6936084721616132 × 10^288 |
| 117 | ov_117 | 1.2882893329861165 × 10^288 |
| 118 | ov_118 | 9.893313586672859 × 10^287 |
| 119 | ov_119 | 7.411433114252763 × 10^287 |
| 120 | ov_120 | 5.389142079548945 × 10^287 |
| 121 | ov_121 | 3.778399418088345 × 10^287 |
| 122 | ov_122 | 2.531207426307999 × 10^287 |
| 123 | ov_123 | 1.5995938211007385 × 10^287 |
| 124 | ov_124 | 9.355996361055716 × 10^286 |
| 125 | ov_125 | 4.912717220208998 × 10^286 |
| 126 | ov_126 | 2.1865892028591817 × 10^286 |
| 127 | aaa_77_28 | 6.98105940036551 × 10^285 |
| 128 | aaa_77_29 | 2.616487191078213 × 10^285 |
| 129 | ov_129 | 2.4191085043630647 × 10^285 |
| 130 | ov_130 | 2.419101434335822 × 10^285 |
| 131 | ov_131 | 2.4190997251177025 × 10^285 |
| 132 | ov_132 | 2.09672085003508 × 10^285 |
| 133 | ov_133 | 1.8080070155593988 × 10^285 |
| 134 | ov_134 | 1.5504181922770068 × 10^285 |
| 135 | ov_135 | 1.3215499547703928 × 10^285 |
| 136 | ov_136 | 1.119123758103567 × 10^285 |
| 137 | ov_137 | 9.409785723141284 × 10^284 |
| 138 | ov_138 | 7.850637450829675 × 10^284 |
| 139 | ov_139 | 6.494329693456007 × 10^284 |
| 140 | ov_140 | 5.32239239014778 × 10^284 |
| 141 | ov_141 | 4.317306822457094 × 10^284 |
| 142 | ov_142 | 3.462471678293678 × 10^284 |
| 143 | ov_143 | 2.742175863756777 × 10^284 |
| 144 | ov_144 | 2.1415771397071096 × 10^284 |
| 145 | ov_145 | 1.6466857197840727 × 10^284 |
| 146 | ov_146 | 1.2443520262081637 × 10^284 |
| 147 | ov_147 | 9.22257859199604 × 10^283 |
| 148 | ov_148 | 6.689102952420968 × 10^283 |
| 149 | ov_149 | 4.73637688754097 × 10^283 |
| 150 | ov_150 | 3.265872110167509 × 10^283 |
| 151 | ov_151 | 2.1872341946087737 × 10^283 |
| 152 | ov_152 | 1.4182743022293918 × 10^283 |
| 153 | ov_153 | 8.849640100461871 × 10^282 |
| 154 | ov_154 | 5.214318434118108 × 10^282 |
| 155 | ov_155 | 2.6996100142573574 × 10^282 |
| 156 | aaa_76_25 | 1.0373157058084954 × 10^282 |
| 157 | aaa_76_26 | 5.990104201995978 × 10^281 |
| 158 | aaa_76_27 | 3.0661770844671554 × 10^281 |
| 159 | aaa_76_28 | 1.1937704018678464 × 10^281 |
| 160 | aaa_76_29 | 3.6303150317188054 × 10^280 |

### Output Bits Sorted by Complexity

| Rank | Output Bit | Complexity |
|:----:|:----------:|:----------:|
| 160 | aaa_76_29 | 3.6303150317188054 × 10^280 |
| 159 | aaa_76_28 | 1.1937704018678464 × 10^281 |
| 158 | aaa_76_27 | 3.0661770844671554 × 10^281 |
| 157 | aaa_76_26 | 5.990104201995978 × 10^281 |
| 156 | aaa_76_25 | 1.0373157058084954 × 10^282 |
| 155 | ov_155 | 2.6996100142573574 × 10^282 |
| 154 | ov_154 | 5.214318434118108 × 10^282 |
| 153 | ov_153 | 8.849640100461871 × 10^282 |
| 152 | ov_152 | 1.4182743022293918 × 10^283 |
| 151 | ov_151 | 2.1872341946087737 × 10^283 |
| 150 | ov_150 | 3.265872110167509 × 10^283 |
| 149 | ov_149 | 4.73637688754097 × 10^283 |
| 148 | ov_148 | 6.689102952420968 × 10^283 |
| 147 | ov_147 | 9.22257859199604 × 10^283 |
| 146 | ov_146 | 1.2443520262081637 × 10^284 |
| 145 | ov_145 | 1.6466857197840727 × 10^284 |
| 144 | ov_144 | 2.1415771397071096 × 10^284 |
| 143 | ov_143 | 2.742175863756777 × 10^284 |
| 142 | ov_142 | 3.462471678293678 × 10^284 |
| 141 | ov_141 | 4.317306822457094 × 10^284 |
| 140 | ov_140 | 5.32239239014778 × 10^284 |
| 139 | ov_139 | 6.494329693456007 × 10^284 |
| 138 | ov_138 | 7.850637450829675 × 10^284 |
| 137 | ov_137 | 9.409785723141284 × 10^284 |
| 136 | ov_136 | 1.119123758103567 × 10^285 |
| 135 | ov_135 | 1.3215499547703928 × 10^285 |
| 134 | ov_134 | 1.5504181922770068 × 10^285 |
| 133 | ov_133 | 1.8080070155593988 × 10^285 |
| 132 | ov_132 | 2.09672085003508 × 10^285 |
| 131 | ov_131 | 2.4190997251177025 × 10^285 |
| 130 | ov_130 | 2.419101434335822 × 10^285 |
| 129 | ov_129 | 2.4191085043630647 × 10^285 |
| 128 | aaa_77_29 | 2.616487191078213 × 10^285 |
| 127 | aaa_77_28 | 6.98105940036551 × 10^285 |
| 126 | ov_126 | 2.1865892028591817 × 10^286 |
| 125 | ov_125 | 4.912717220208998 × 10^286 |
| 124 | ov_124 | 9.355996361055716 × 10^286 |
| 123 | ov_123 | 1.5995938211007385 × 10^287 |
| 122 | ov_122 | 2.531207426307999 × 10^287 |
| 121 | ov_121 | 3.778399418088345 × 10^287 |
| 120 | ov_120 | 5.389142079548945 × 10^287 |
| 119 | ov_119 | 7.411433114252763 × 10^287 |
| 118 | ov_118 | 9.893313586672859 × 10^287 |
| 117 | ov_117 | 1.2882893329861165 × 10^288 |
| 116 | ov_116 | 1.6936084721616132 × 10^288 |
| 115 | ov_115 | 2.2657164436491545 × 10^288 |
| 114 | ov_114 | 3.0698993364125605 × 10^288 |
| 113 | ov_113 | 4.176333160537717 × 10^288 |
| 112 | ov_112 | 5.660127815840205 × 10^288 |
| 111 | ov_111 | 7.60138681711682 × 10^288 |
| 110 | ov_110 | 1.0085286390348448 × 10^289 |
| 109 | ov_109 | 1.3202177881179494 × 10^289 |
| 108 | ov_108 | 1.7047717744631977 × 10^289 |
| 107 | ov_107 | 2.1723029713680353 × 10^289 |
| 106 | ov_106 | 2.7334904074637123 × 10^289 |
| 105 | ov_105 | 3.399603931012667 × 10^289 |
| 104 | ov_104 | 4.1825331706852863 × 10^289 |
| 103 | ov_103 | 5.094821886676637 × 10^289 |
| 102 | ov_102 | 6.149708340827921 × 10^289 |
| 101 | ov_101 | 7.361172350084796 × 10^289 |
| 100 | ov_100 | 8.743989724387754 × 10^289 |
| 99 | ov_099 | 1.031379482821908 × 10^290 |
| 98 | ov_098 | 1.0313815070838745 × 10^290 |
| 97 | ov_097 | 1.0313878442901831 × 10^290 |
| 96 | aaa_78_29 | 1.954313378538499 × 10^290 |
| 95 | aaa_78_28 | 6.451617703710112 × 10^290 |
| 94 | ov_094 | 2.1075513129151786 × 10^291 |
| 93 | ov_093 | 4.965972812836001 × 10^291 |
| 92 | ov_092 | 1.002623639303301 × 10^292 |
| 91 | ov_091 | 1.8321162204792388 × 10^292 |
| 90 | ov_090 | 3.1110593282418043 × 10^292 |
| 89 | ov_089 | 4.988142701699737 × 10^292 |
| 88 | ov_088 | 7.7834576574612 × 10^292 |
| 87 | ov_087 | 1.186253057513332 × 10^293 |
| 86 | ov_086 | 1.7636352539317801 × 10^293 |
| 85 | ov_085 | 2.556142463908467 × 10^293 |
| 84 | ov_084 | 3.6139822761774277 × 10^293 |
| 83 | ov_083 | 4.991928571841564 × 10^293 |
| 82 | ov_082 | 6.749333053896268 × 10^293 |
| 81 | ov_081 | 8.950139877726932 × 10^293 |
| 64 | lv_79_m31 | 1.1187021814524077 × 10^294 |
| 80 | ov_080 | 1.1662903766867434 × 10^294 |
| 79 | ov_079 | 1.4960812506477613 × 10^294 |
| 78 | ov_078 | 1.892171627902601 × 10^294 |
| 77 | ov_077 | 2.3628168023824326 × 10^294 |
| 76 | ov_076 | 2.9167479849614132 × 10^294 |
| 75 | ov_075 | 3.56318009195667 × 10^294 |
| 74 | ov_074 | 4.3118222621298645 × 10^294 |
| 73 | ov_073 | 5.1728917231964686 × 10^294 |
| 63 | ov_063 | 5.73984149936824 × 10^294 |
| 72 | ov_072 | 6.157131669157615 × 10^294 |
| 71 | ov_071 | 7.275833850812416 × 10^294 |
| 70 | ov_070 | 8.540866623790069 × 10^294 |
| 69 | ov_069 | 9.964709241600853 × 10^294 |
| 68 | ov_068 | 1.1560493225820733 × 10^295 |
| 67 | ov_067 | 1.334205169191469 × 10^295 |
| 66 | ov_066 | 1.3342060814801847 × 10^295 |
| 65 | ov_065 | 1.3342098732327868 × 10^295 |
| 62 | ov_062 | 2.944333971132071 × 10^295 |
| 61 | ov_061 | 1.0731160900941556 × 10^296 |
| 60 | ov_060 | 3.0715372528611467 × 10^296 |
| 59 | ov_059 | 7.410613073250444 × 10^296 |
| 58 | ov_058 | 1.503942869007587 × 10^297 |
| 57 | ov_057 | 2.7172095460279457 × 10^297 |
| 56 | ov_056 | 4.528776170105525 × 10^297 |
| 55 | ov_055 | 7.113064217506818 × 10^297 |
| 54 | ov_054 | 1.0671008237911455 × 10^298 |
| 53 | ov_053 | 1.563100264423712 × 10^298 |
| 52 | ov_052 | 2.2474513751206555 × 10^298 |
| 51 | ov_051 | 3.1736135490579735 × 10^298 |
| 50 | ov_050 | 4.400367649757102 × 10^298 |
| 49 | ov_049 | 5.991829104265232 × 10^298 |
| 48 | ov_048 | 8.017467278769887 × 10^298 |
| 47 | ov_047 | 1.0552133753231985 × 10^299 |
| 32 | lv_80_m31 | 1.2758422477046921 × 10^299 |
| 46 | ov_046 | 1.3676102601236356 × 10^299 |
| 45 | ov_045 | 1.7475126145196628 × 10^299 |
| 44 | ov_044 | 2.2040510021437434 × 10^299 |
| 43 | ov_043 | 2.746921175468225 × 10^299 |
| 42 | ov_042 | 3.3863967407302103 × 10^299 |
| 41 | ov_041 | 4.1333451235561304 × 10^299 |
| 40 | ov_040 | 4.993662979685272 × 10^299 |
| 39 | ov_039 | 5.9794691604014735 × 10^299 |
| 31 | ov_031 | 6.5452038364850816 × 10^299 |
| 38 | ov_038 | 7.103549523034792 × 10^299 |
| 37 | ov_037 | 8.37939177083069 × 10^299 |
| 36 | ov_036 | 9.821226616146276 × 10^299 |
| 35 | ov_035 | 1.1444075985012057 × 10^300 |
| 34 | ov_034 | 1.3263809020276108 × 10^300 |
| 33 | ov_033 | 1.5297206680714323 × 10^300 |
| 30 | ov_030 | 3.357100409887565 × 10^300 |
| 29 | ov_029 | 1.0985410581248405 × 10^301 |
| 28 | ov_028 | 2.851983899147303 × 10^301 |
| 27 | ov_027 | 6.375972951127605 × 10^301 |
| 26 | ov_026 | 1.2752672842514862 × 10^302 |
| 25 | ov_025 | 2.3366481851711177 × 10^302 |
| 24 | ov_024 | 4.1288443178558215 × 10^302 |
| 23 | ov_023 | 7.019413124245249 × 10^302 |
| 22 | ov_022 | 1.1436378076966202 × 10^303 |
| 21 | ov_021 | 1.7868256101259437 × 10^303 |
| 20 | ov_020 | 2.686410761256933 × 10^303 |
| 19 | ov_019 | 3.903361825976104 × 10^303 |
| 18 | ov_018 | 5.5047223147391085 × 10^303 |
| 17 | ov_017 | 7.563628643096088 × 10^303 |
| 16 | ov_016 | 1.0159335330934641 × 10^304 |
| 15 | ov_015 | 1.3377249985360743 × 10^304 |
| 14 | ov_014 | 1.7308981532377585 × 10^304 |
| 13 | ov_013 | 2.205240576179916 × 10^304 |
| 12 | ov_012 | 2.771175267528352 × 10^304 |
| 11 | ov_011 | 3.4397720553722556 × 10^304 |
| 10 | ov_010 | 4.2227622087920526 × 10^304 |
| 9 | ov_009 | 5.13255683461529 × 10^304 |
| 8 | ov_008 | 6.182269678466355 × 10^304 |
| 7 | ov_007 | 7.385744994354041 × 10^304 |
| 6 | ov_006 | 8.757591191210372 × 10^304 |
| 5 | ov_005 | 1.0313221009666953 × 10^305 |
| 4 | ov_004 | 1.2068899028138352 × 10^305 |
| 3 | ov_003 | 1.4041797288376755 × 10^305 |
| 2 | ov_002 | 1.6250059767354733 × 10^305 |
| 1 | ov_001 | 1.8712876472484337 × 10^305 |

