# Results for F001-F002-F003-F004-F005-F006-F007-F008-F009-F010-F011-F012-F013-F014-F015-F016-F017-F018-F019-F020-F021-F022-F023-F024-F025-F026-F027-F028-F029-F030-F031-F032-F033-F034-F035-F036-F037-F038-F039-F040-F041-F042-F043-F044-F045-F046-F047-F048-F049-F050-F051-F052-F053-F054-F055-F056-F057-F058-F059-F060-F061-F062-F063-F064-F065-F066-F067-F068-F069-F070-F071-F072-F073-F074-F075-F076-F077-F078-F079-F080-F081-F082-F083-F084-F085-F086-F087-F088-F089-F090-F091-F092-F093-F094-F095-F096-F097-F098-F099-F100-F101-F102-F103-F104-F105-F106-F107-F108-F109-F110-F111-F112-F113-F114-F115-F116-F117-F118-F119-F120-F121-F122-F123-F124-F125-F126-F127-F128-F129-F130-F131-F132-F133-F134-F135-F136-F137-F138-F139-F140-F141-F142-F143-F144-F145-F146-F147-F148-F149-F150-F151-F152-F153-F154-F155-F156-F157-F158-F159-F160-F161-F162-F163-F164-F165-F166-F167-F168-F169-F170-F171-F172-F173-F174-F175-F176-F177-F178-F179-F180-F181-F182-F183-F184-F185-F186-F187-F188-F189-F190-F191-F192-F193-F194-F195-F196-F197-F198-F199-F200-F201-F202-F203-F204-F205-F206-F207-F208-F209-F210-F211-F212-F213-F214-F215-F216-F217-F218-F219-F220-F221-F222-F223-F224-F225-F226-F227-F228-F229-F230-F231-F232-F233-F234-F235-F236-F237-F238-F239-F240-F241-F242-F243-F244-F245-F246-F247-F248-F249-F250-F251-F252-F253-F254-F255-F256-F257-F258-F259-F260-F261-F262-F263-F264-F265-F266-F267-F268-F269-F270-F271-F272-F273-F274-F275-F276-F277-F278-F279-F280-F281-F282-F283-F284-F285-F286-F287-F288-F289-F290-F291-F292-F293-F294-F295-F296-F297-F298-F299-F300-F301-F302-F303-F304-F305-F306-F307-F308-F309-F310-F311-F312-F313-F314-F315-F316-F317-F318-F319-F320-F321-F322-F323-F324-F325-F326-F327-F328-F329-F330-F331-F332-F333-F334-F335-F336-F337-F338-F339-F340-F341-F342-F343-F344-F345-F346-F347-F348-F349-F350-F351-F352-F353-F354-F355-F356-F357-F358-F359-F360-F361-F362-F363-F364-F365-F366-F367-F368-F369-F370-F371-F372-F373-F374-F375-F376-F377-F378-F379-F380-F381-F382-F383-F384-F385-F386-F387-F388-F389-F390-F391-F392-F393-F394-F395-F396-F397-F398-F399-F400-F401-F402-F403-F404-F405-F406-F407-F408-F409-F410-F411-F412-F413-F414-F415-F416-F417-F418-F419-F420-F421-F422-F423-F424-F425-F426-F427-F428-F429-F430-F431-F432-F433-F434-F435-F436-F437-F438-F439-F440-F441-F442-F443-F444-F445-F446-F447-F448-F449-F450-F451-F452-F453-F454-F455-F456-F457-F458-F459-F460-F461-F462-F463-F464-F465-F466-F467-F468-F469-F470-F471-F472-F473-F474-F475-F476-F477-F478-F479-F480-F481-F482-F483-F484-F485-F486-F487-F488-F489-F490-F491-F492-F493-F494-F495-F496-T508-F509-F510-F511-F512

## Summary

Number of input bits: 512  
Number of free input bits: 11  
Number of output bits: 160

Number of direct occurrences: 45125  
Number of assignments: 31362  
Number of operations: 11694806
(xor: 11665839,
and: 15657,
or: 13310)

Total complexity: 1.0860610051694862 × 10^305

Least occurring input variable: iv_501 (3961)  
Most occurring input variable: iv_507 (4335)

Most co-occurring input variables: iv_505-iv_507 (2129)  
Least co-occurring input variables: iv_497-iv_501 (1761)

Potentially most occurring input variable: iv_501/iv_507 (4508)  
Potentially least occurring input variable: iv_500/iv_501 (4162)

Least output occurring input variable: iv_500 (68)  
Most output occurring input variable: iv_505 (91)

Most output co-occurring input variables: iv_505-iv_506 (49)  
Least output co-occurring input variables: iv_500-iv_507 (28)

Potentially most output occurring input variable: iv_502/iv_507 (94)  
Potentially least output occurring input variable: iv_498/iv_502 (69)

Least complex input bit: iv_497 (4.445267841008089 × 10^302)  
Most complex input bit: iv_505 (2.9110854584886374 × 10^304)

Least complex output bit: aaa_76_29 (3.7610535187605795 × 10^279)  
Most complex output bit: ov_001 (1.7524678839277967 × 10^304)

Least complex input/output complexity: iv_497/aaa_76_29 (1.5394061821276443 × 10^277)  
Most complex input/output complexity: iv_505/ov_001 (4.697327082997911 × 10^303)

## Input Bits

### Input Bits in Regular Order

| Input Bit | Complexity | Occurrences | Output Occurrences |
|:---------:|:----------:|:-----------:|:------------------:|
| iv_497 | 4.445267841008089 × 10^302 | 4010 | 73 |
| iv_498 | 8.896815253543417 × 10^302 | 4045 | 83 |
| iv_499 | 1.600340838862268 × 10^303 | 4130 | 78 |
| iv_500 | 2.7520022013740673 × 10^303 | 3971 | 68 |
| iv_501 | 4.6161588443907154 × 10^303 | 3961 | 75 |
| iv_502 | 7.555762331425893 × 10^303 | 4019 | 80 |
| iv_503 | 1.2105190960413874 × 10^304 | 4206 | 77 |
| iv_504 | 1.8961686095039534 × 10^304 | 3962 | 87 |
| iv_505 | 2.9110854584886374 × 10^304 | 4236 | 91 |
| iv_506 | 1.475954022321888 × 10^304 | 4250 | 88 |
| iv_507 | 1.5810356127881916 × 10^304 | 4335 | 76 |

### Input Bits Sorted by Complexity

| Input Bit | Complexity | Occurrences | Output Occurrences |
|:---------:|:----------:|:-----------:|:------------------:|
| iv_497 | 4.445267841008089 × 10^302 | 4010 | 73 |
| iv_498 | 8.896815253543417 × 10^302 | 4045 | 83 |
| iv_499 | 1.600340838862268 × 10^303 | 4130 | 78 |
| iv_500 | 2.7520022013740673 × 10^303 | 3971 | 68 |
| iv_501 | 4.6161588443907154 × 10^303 | 3961 | 75 |
| iv_502 | 7.555762331425893 × 10^303 | 4019 | 80 |
| iv_503 | 1.2105190960413874 × 10^304 | 4206 | 77 |
| iv_506 | 1.475954022321888 × 10^304 | 4250 | 88 |
| iv_507 | 1.5810356127881916 × 10^304 | 4335 | 76 |
| iv_504 | 1.8961686095039534 × 10^304 | 3962 | 87 |
| iv_505 | 2.9110854584886374 × 10^304 | 4236 | 91 |

### Input Bits Sorted by Occurrences

| Input Bit | Complexity | Occurrences | Output Occurrences |
|:---------:|:----------:|:-----------:|:------------------:|
| iv_501 | 4.6161588443907154 × 10^303 | 3961 | 75 |
| iv_504 | 1.8961686095039534 × 10^304 | 3962 | 87 |
| iv_500 | 2.7520022013740673 × 10^303 | 3971 | 68 |
| iv_497 | 4.445267841008089 × 10^302 | 4010 | 73 |
| iv_502 | 7.555762331425893 × 10^303 | 4019 | 80 |
| iv_498 | 8.896815253543417 × 10^302 | 4045 | 83 |
| iv_499 | 1.600340838862268 × 10^303 | 4130 | 78 |
| iv_503 | 1.2105190960413874 × 10^304 | 4206 | 77 |
| iv_505 | 2.9110854584886374 × 10^304 | 4236 | 91 |
| iv_506 | 1.475954022321888 × 10^304 | 4250 | 88 |
| iv_507 | 1.5810356127881916 × 10^304 | 4335 | 76 |

### Input Bits Sorted by Output Occurrences

| Input Bit | Complexity | Occurrences | Output Occurrences |
|:---------:|:----------:|:-----------:|:------------------:|
| iv_500 | 2.7520022013740673 × 10^303 | 3971 | 68 |
| iv_497 | 4.445267841008089 × 10^302 | 4010 | 73 |
| iv_501 | 4.6161588443907154 × 10^303 | 3961 | 75 |
| iv_507 | 1.5810356127881916 × 10^304 | 4335 | 76 |
| iv_503 | 1.2105190960413874 × 10^304 | 4206 | 77 |
| iv_499 | 1.600340838862268 × 10^303 | 4130 | 78 |
| iv_502 | 7.555762331425893 × 10^303 | 4019 | 80 |
| iv_498 | 8.896815253543417 × 10^302 | 4045 | 83 |
| iv_504 | 1.8961686095039534 × 10^304 | 3962 | 87 |
| iv_506 | 1.475954022321888 × 10^304 | 4250 | 88 |
| iv_505 | 2.9110854584886374 × 10^304 | 4236 | 91 |

## Input Bit Co-occurrences

### Input Bit Co-occurrences Sorted by Co-occurrences

| Input Bits | Co-occurrences | Potential Occurrences | Output Co-occurrences | Potential Output Occurrences |
|:----------:|:--------------:|:---------------------:|:---------------------:|:----------------------------:|
| iv_505-iv_507 | 2129 | 4313 | 42 | 83 |
| iv_506-iv_507 | 2109 | 4367 | 45 | 74 |
| iv_505-iv_506 | 2062 | 4362 | 49 | 81 |
| iv_499-iv_506 | 2054 | 4272 | 47 | 72 |
| iv_502-iv_505 | 2041 | 4173 | 47 | 77 |
| iv_499-iv_503 | 2037 | 4262 | 41 | 73 |
| iv_499-iv_505 | 2024 | 4318 | 43 | 83 |
| iv_503-iv_507 | 2023 | 4495 | 37 | 79 |
| iv_503-iv_505 | 2020 | 4402 | 45 | 78 |
| iv_498-iv_506 | 2016 | 4263 | 43 | 85 |
| iv_500-iv_505 | 1999 | 4209 | 40 | 79 |

### Input Bit Co-occurrences Sorted by Potential Occurrences

| Input Bits | Co-occurrences | Potential Occurrences | Output Co-occurrences | Potential Output Occurrences |
|:----------:|:--------------:|:---------------------:|:---------------------:|:----------------------------:|
| iv_500-iv_501 | 1885 | 4162 | 35 | 73 |
| iv_499-iv_500 | 1965 | 4171 | 38 | 70 |
| iv_502-iv_505 | 2041 | 4173 | 47 | 77 |
| iv_497-iv_502 | 1917 | 4195 | 34 | 85 |
| iv_500-iv_505 | 1999 | 4209 | 40 | 79 |
| iv_500-iv_504 | 1859 | 4215 | 40 | 75 |
| iv_504-iv_505 | 1985 | 4228 | 46 | 86 |
| iv_498-iv_504 | 1888 | 4231 | 48 | 74 |
| iv_498-iv_500 | 1890 | 4236 | 33 | 85 |
| iv_498-iv_501 | 1879 | 4248 | 41 | 76 |
| iv_501-iv_503 | 1954 | 4259 | 38 | 76 |

### Input Bit Output Co-occurrences Sorted by Output Co-occurrences

| Input Bits | Co-occurrences | Potential Occurrences | Output Co-occurrences | Potential Output Occurrences |
|:----------:|:--------------:|:---------------------:|:---------------------:|:----------------------------:|
| iv_505-iv_506 | 2062 | 4362 | 49 | 81 |
| iv_498-iv_504 | 1888 | 4231 | 48 | 74 |
| iv_499-iv_506 | 2054 | 4272 | 47 | 72 |
| iv_502-iv_505 | 2041 | 4173 | 47 | 77 |
| iv_502-iv_506 | 1928 | 4413 | 47 | 74 |
| iv_498-iv_502 | 1839 | 4386 | 47 | 69 |
| iv_504-iv_506 | 1928 | 4356 | 46 | 83 |
| iv_498-iv_505 | 1978 | 4325 | 46 | 82 |
| iv_504-iv_505 | 1985 | 4228 | 46 | 86 |
| iv_506-iv_507 | 2109 | 4367 | 45 | 74 |
| iv_503-iv_505 | 2020 | 4402 | 45 | 78 |

### Input Bit Output Co-occurrences Sorted by Potential Output Occurrences

| Input Bits | Co-occurrences | Potential Occurrences | Output Co-occurrences | Potential Output Occurrences |
|:----------:|:--------------:|:---------------------:|:---------------------:|:----------------------------:|
| iv_498-iv_502 | 1839 | 4386 | 47 | 69 |
| iv_499-iv_500 | 1965 | 4171 | 38 | 70 |
| iv_499-iv_502 | 1926 | 4297 | 44 | 70 |
| iv_499-iv_506 | 2054 | 4272 | 47 | 72 |
| iv_499-iv_507 | 1994 | 4477 | 41 | 72 |
| iv_500-iv_501 | 1885 | 4162 | 35 | 73 |
| iv_499-iv_503 | 2037 | 4262 | 41 | 73 |
| iv_498-iv_504 | 1888 | 4231 | 48 | 74 |
| iv_506-iv_507 | 2109 | 4367 | 45 | 74 |
| iv_502-iv_506 | 1928 | 4413 | 47 | 74 |
| iv_497-iv_498 | 1849 | 4357 | 41 | 74 |

## Output Bits

### Output Bits in Regular Order

| Rank | Output Bit | Complexity |
|:----:|:----------:|:----------:|
| 1 | ov_001 | 1.7524678839277967 × 10^304 |
| 2 | ov_002 | 1.5175271698872434 × 10^304 |
| 3 | ov_003 | 1.3072934837243592 × 10^304 |
| 4 | ov_004 | 1.119882656199161 × 10^304 |
| 5 | ov_005 | 9.535132639391212 × 10^303 |
| 6 | ov_006 | 8.064992498778438 × 10^303 |
| 7 | ov_007 | 6.772435049844912 × 10^303 |
| 8 | ov_008 | 5.642323538021786 × 10^303 |
| 9 | ov_009 | 4.6603087237682256 × 10^303 |
| 10 | ov_010 | 3.812789540488354 × 10^303 |
| 11 | ov_011 | 3.0868803760104602 × 10^303 |
| 12 | ov_012 | 2.4703841713432113 × 10^303 |
| 13 | ov_013 | 1.9517705783106183 × 10^303 |
| 14 | ov_014 | 1.5201584648688166 × 10^303 |
| 15 | ov_015 | 1.1653021035932633 × 10^303 |
| 16 | ov_016 | 8.775804251283304 × 10^302 |
| 17 | ov_017 | 6.479887644150333 × 10^302 |
| 18 | ov_018 | 4.681325733338103 × 10^302 |
| 19 | ov_019 | 3.302226434244331 × 10^302 |
| 20 | ov_020 | 2.2707149812582044 × 10^302 |
| 21 | ov_021 | 1.5209072117040089 × 10^302 |
| 22 | ov_022 | 9.928903770192491 × 10^301 |
| 23 | ov_023 | 6.327098741193543 × 10^301 |
| 24 | ov_024 | 3.923605170735512 × 10^301 |
| 25 | ov_025 | 2.297811963440447 × 10^301 |
| 26 | ov_026 | 1.2542688791307671 × 10^301 |
| 27 | ov_027 | 6.272265716534126 × 10^300 |
| 28 | ov_028 | 2.806325462885711 × 10^300 |
| 29 | ov_029 | 1.0812977602783006 × 10^300 |
| 30 | ov_030 | 3.305633881919734 × 10^299 |
| 31 | ov_031 | 6.44808605835696 × 10^298 |
| 32 | lv_80_m31 | 1.2576214240941018 × 10^298 |
| 33 | ov_033 | 1.5044238171327765 × 10^299 |
| 34 | ov_034 | 1.3046979729888248 × 10^299 |
| 35 | ov_035 | 1.1260487411505732 × 10^299 |
| 36 | ov_036 | 9.666894275251542 × 10^298 |
| 37 | ov_037 | 8.249293913672853 × 10^298 |
| 38 | ov_038 | 6.991672489474564 × 10^298 |
| 39 | ov_039 | 5.878850098865833 × 10^298 |
| 40 | ov_040 | 4.896430568304149 × 10^298 |
| 41 | ov_041 | 4.0374059680730496 × 10^298 |
| 42 | ov_042 | 3.2951291672418153 × 10^298 |
| 43 | ov_043 | 2.6632975144739687 × 10^298 |
| 44 | ov_044 | 2.1302876562544605 × 10^298 |
| 45 | ov_045 | 1.6851073264861455 × 10^298 |
| 46 | ov_046 | 1.3173794696455285 × 10^298 |
| 47 | ov_047 | 1.0173297691751 × 10^298 |
| 48 | ov_048 | 7.757770299512211 × 10^297 |
| 49 | ov_049 | 5.8412590458961486 × 10^297 |
| 50 | ov_050 | 4.343614941649517 × 10^297 |
| 51 | ov_051 | 3.1904539465337945 × 10^297 |
| 52 | ov_052 | 2.3131282025159122 × 10^297 |
| 53 | ov_053 | 1.648705303385495 × 10^297 |
| 54 | ov_054 | 1.1399537482139736 × 10^297 |
| 55 | ov_055 | 7.596815330927472 × 10^296 |
| 56 | ov_056 | 4.835402710279501 × 10^296 |
| 57 | ov_057 | 2.9002279445480556 × 10^296 |
| 58 | ov_058 | 1.6046177371013473 × 10^296 |
| 59 | ov_059 | 7.902899010585896 × 10^295 |
| 60 | ov_060 | 3.2735001905012654 × 10^295 |
| 61 | ov_061 | 1.1429022403546957 × 10^295 |
| 62 | ov_062 | 3.133614311930408 × 10^294 |
| 63 | ov_063 | 6.1041619384768286 × 10^293 |
| 64 | lv_79_m31 | 1.1887815733906164 × 10^293 |
| 65 | ov_065 | 1.4064410894434718 × 10^294 |
| 66 | ov_066 | 1.4064367705988538 × 10^294 |
| 67 | ov_067 | 1.4064357285013828 × 10^294 |
| 68 | ov_068 | 1.2147088862147388 × 10^294 |
| 69 | ov_069 | 1.0434597356596481 × 10^294 |
| 70 | ov_070 | 8.91124457264486 × 10^293 |
| 71 | ov_071 | 7.562208928304302 × 10^293 |
| 72 | ov_072 | 6.37342735471353 × 10^293 |
| 73 | ov_073 | 5.331545805762193 × 10^293 |
| 74 | ov_074 | 4.423877504992265 × 10^293 |
| 75 | ov_075 | 3.6383681025216812 × 10^293 |
| 76 | ov_076 | 2.96356695875223 × 10^293 |
| 77 | ov_077 | 2.3886038142782306 × 10^293 |
| 78 | ov_078 | 1.9031701469743634 × 10^293 |
| 79 | ov_079 | 1.4975045579405847 × 10^293 |
| 80 | ov_080 | 1.1623815680128362 × 10^293 |
| 81 | ov_081 | 8.891032460694076 × 10^292 |
| 82 | ov_082 | 6.694931295021542 × 10^292 |
| 83 | ov_083 | 4.958919360786031 × 10^292 |
| 84 | ov_084 | 3.6115460507045483 × 10^292 |
| 85 | ov_085 | 2.5864824402285335 × 10^292 |
| 86 | ov_086 | 1.8225063211889787 × 10^292 |
| 87 | ov_087 | 1.2634907319893046 × 10^292 |
| 88 | ov_088 | 8.583951921768689 × 10^291 |
| 89 | ov_089 | 5.612592590944645 × 10^291 |
| 90 | ov_090 | 3.503720486289332 × 10^291 |
| 91 | ov_091 | 2.0655953655932593 × 10^291 |
| 92 | ov_092 | 1.1318342734427304 × 10^291 |
| 93 | ov_093 | 5.614051840337381 × 10^290 |
| 94 | ov_094 | 2.386238784414412 × 10^290 |
| 95 | aaa_78_28 | 7.315267018886579 × 10^289 |
| 96 | aaa_78_29 | 2.2209897334860844 × 10^289 |
| 97 | ov_097 | 1.1993242533768014 × 10^289 |
| 98 | ov_098 | 1.1993179787935527 × 10^289 |
| 99 | ov_099 | 1.1993159768949923 × 10^289 |
| 100 | ov_100 | 1.0262929681549212 × 10^289 |
| 101 | ov_101 | 8.727121978099349 × 10^288 |
| 102 | ov_102 | 7.37025973136336 × 10^288 |
| 103 | ov_103 | 6.17770752737812 × 10^288 |
| 104 | ov_104 | 5.135610056138379 × 10^288 |
| 105 | ov_105 | 4.230838914437571 × 10^288 |
| 106 | ov_106 | 3.4509468534113406 × 10^288 |
| 107 | ov_107 | 2.7841287424456566 × 10^288 |
| 108 | ov_108 | 2.2191885588976768 × 10^288 |
| 109 | ov_109 | 1.745511749812248 × 10^288 |
| 110 | ov_110 | 1.3530423477375978 × 10^288 |
| 111 | ov_111 | 1.0322642580510226 × 10^288 |
| 112 | ov_112 | 7.74186170065192 × 10^287 |
| 113 | ov_113 | 5.7032957873145415 × 10^287 |
| 114 | ov_114 | 4.127194380920062 × 10^287 |
| 115 | ov_115 | 2.938770018344839 × 10^287 |
| 116 | ov_116 | 2.068144404225382 × 10^287 |
| 117 | ov_117 | 1.450308583462138 × 10^287 |
| 118 | ov_118 | 1.025093690740553 × 10^287 |
| 119 | ov_119 | 7.371495147962846 × 10^286 |
| 120 | ov_120 | 5.35929056171601 × 10^286 |
| 121 | ov_121 | 3.7567779142326295 × 10^286 |
| 122 | ov_122 | 2.516148952806448 × 10^286 |
| 123 | ov_123 | 1.5896218191255258 × 10^286 |
| 124 | ov_124 | 9.294284746640992 × 10^285 |
| 125 | ov_125 | 4.878069141431082 × 10^285 |
| 126 | ov_126 | 2.169971956189474 × 10^285 |
| 127 | aaa_77_28 | 6.923991746299326 × 10^284 |
| 128 | aaa_77_29 | 2.592858324725592 × 10^284 |
| 129 | ov_129 | 2.372668030566355 × 10^284 |
| 130 | ov_130 | 2.37266071150113 × 10^284 |
| 131 | ov_131 | 2.3726589438071274 × 10^284 |
| 132 | ov_132 | 2.0502376123936213 × 10^284 |
| 133 | ov_133 | 1.762176728501615 × 10^284 |
| 134 | ov_134 | 1.5058506040652433 × 10^284 |
| 135 | ov_135 | 1.2787719913408445 × 10^284 |
| 136 | ov_136 | 1.0785821352766016 × 10^284 |
| 137 | ov_137 | 9.030422626975148 × 10^283 |
| 138 | ov_138 | 7.500263674334433 × 10^283 |
| 139 | ov_139 | 6.175151575916951 × 10^283 |
| 140 | ov_140 | 5.035910380663224 × 10^283 |
| 141 | ov_141 | 4.0643400812952628 × 10^283 |
| 142 | ov_142 | 3.2431836060377264 × 10^283 |
| 143 | ov_143 | 2.5561007569638263 × 10^283 |
| 144 | ov_144 | 1.987648091143614 × 10^283 |
| 145 | ov_145 | 1.5232638058265237 × 10^283 |
| 146 | ov_146 | 1.1492567537474118 × 10^283 |
| 147 | ov_147 | 8.527987793709784 × 10^282 |
| 148 | ov_148 | 6.219196315205334 × 10^282 |
| 149 | ov_149 | 4.4550377239697244 × 10^282 |
| 150 | ov_150 | 3.132884675004245 × 10^282 |
| 151 | ov_151 | 2.1586263181890148 × 10^282 |
| 152 | ov_152 | 1.4466606957365984 × 10^282 |
| 153 | ov_153 | 9.19889353331127 × 10^281 |
| 154 | ov_154 | 5.418883778735652 × 10^281 |
| 155 | ov_155 | 2.8048296021163256 × 10^281 |
| 156 | aaa_76_25 | 1.0774650491291167 × 10^281 |
| 157 | aaa_76_26 | 6.218813849905366 × 10^280 |
| 158 | aaa_76_27 | 3.18140843738425 × 10^280 |
| 159 | aaa_76_28 | 1.2377093814866203 × 10^280 |
| 160 | aaa_76_29 | 3.7610535187605795 × 10^279 |

### Output Bits Sorted by Complexity

| Rank | Output Bit | Complexity |
|:----:|:----------:|:----------:|
| 160 | aaa_76_29 | 3.7610535187605795 × 10^279 |
| 159 | aaa_76_28 | 1.2377093814866203 × 10^280 |
| 158 | aaa_76_27 | 3.18140843738425 × 10^280 |
| 157 | aaa_76_26 | 6.218813849905366 × 10^280 |
| 156 | aaa_76_25 | 1.0774650491291167 × 10^281 |
| 155 | ov_155 | 2.8048296021163256 × 10^281 |
| 154 | ov_154 | 5.418883778735652 × 10^281 |
| 153 | ov_153 | 9.19889353331127 × 10^281 |
| 152 | ov_152 | 1.4466606957365984 × 10^282 |
| 151 | ov_151 | 2.1586263181890148 × 10^282 |
| 150 | ov_150 | 3.132884675004245 × 10^282 |
| 149 | ov_149 | 4.4550377239697244 × 10^282 |
| 148 | ov_148 | 6.219196315205334 × 10^282 |
| 147 | ov_147 | 8.527987793709784 × 10^282 |
| 146 | ov_146 | 1.1492567537474118 × 10^283 |
| 145 | ov_145 | 1.5232638058265237 × 10^283 |
| 144 | ov_144 | 1.987648091143614 × 10^283 |
| 143 | ov_143 | 2.5561007569638263 × 10^283 |
| 142 | ov_142 | 3.2431836060377264 × 10^283 |
| 141 | ov_141 | 4.0643400812952628 × 10^283 |
| 140 | ov_140 | 5.035910380663224 × 10^283 |
| 139 | ov_139 | 6.175151575916951 × 10^283 |
| 138 | ov_138 | 7.500263674334433 × 10^283 |
| 137 | ov_137 | 9.030422626975148 × 10^283 |
| 136 | ov_136 | 1.0785821352766016 × 10^284 |
| 135 | ov_135 | 1.2787719913408445 × 10^284 |
| 134 | ov_134 | 1.5058506040652433 × 10^284 |
| 133 | ov_133 | 1.762176728501615 × 10^284 |
| 132 | ov_132 | 2.0502376123936213 × 10^284 |
| 131 | ov_131 | 2.3726589438071274 × 10^284 |
| 130 | ov_130 | 2.37266071150113 × 10^284 |
| 129 | ov_129 | 2.372668030566355 × 10^284 |
| 128 | aaa_77_29 | 2.592858324725592 × 10^284 |
| 127 | aaa_77_28 | 6.923991746299326 × 10^284 |
| 126 | ov_126 | 2.169971956189474 × 10^285 |
| 125 | ov_125 | 4.878069141431082 × 10^285 |
| 124 | ov_124 | 9.294284746640992 × 10^285 |
| 123 | ov_123 | 1.5896218191255258 × 10^286 |
| 122 | ov_122 | 2.516148952806448 × 10^286 |
| 121 | ov_121 | 3.7567779142326295 × 10^286 |
| 120 | ov_120 | 5.35929056171601 × 10^286 |
| 119 | ov_119 | 7.371495147962846 × 10^286 |
| 118 | ov_118 | 1.025093690740553 × 10^287 |
| 117 | ov_117 | 1.450308583462138 × 10^287 |
| 116 | ov_116 | 2.068144404225382 × 10^287 |
| 115 | ov_115 | 2.938770018344839 × 10^287 |
| 114 | ov_114 | 4.127194380920062 × 10^287 |
| 113 | ov_113 | 5.7032957873145415 × 10^287 |
| 112 | ov_112 | 7.74186170065192 × 10^287 |
| 111 | ov_111 | 1.0322642580510226 × 10^288 |
| 110 | ov_110 | 1.3530423477375978 × 10^288 |
| 109 | ov_109 | 1.745511749812248 × 10^288 |
| 108 | ov_108 | 2.2191885588976768 × 10^288 |
| 107 | ov_107 | 2.7841287424456566 × 10^288 |
| 106 | ov_106 | 3.4509468534113406 × 10^288 |
| 105 | ov_105 | 4.230838914437571 × 10^288 |
| 104 | ov_104 | 5.135610056138379 × 10^288 |
| 103 | ov_103 | 6.17770752737812 × 10^288 |
| 102 | ov_102 | 7.37025973136336 × 10^288 |
| 101 | ov_101 | 8.727121978099349 × 10^288 |
| 100 | ov_100 | 1.0262929681549212 × 10^289 |
| 99 | ov_099 | 1.1993159768949923 × 10^289 |
| 98 | ov_098 | 1.1993179787935527 × 10^289 |
| 97 | ov_097 | 1.1993242533768014 × 10^289 |
| 96 | aaa_78_29 | 2.2209897334860844 × 10^289 |
| 95 | aaa_78_28 | 7.315267018886579 × 10^289 |
| 94 | ov_094 | 2.386238784414412 × 10^290 |
| 93 | ov_093 | 5.614051840337381 × 10^290 |
| 92 | ov_092 | 1.1318342734427304 × 10^291 |
| 91 | ov_091 | 2.0655953655932593 × 10^291 |
| 90 | ov_090 | 3.503720486289332 × 10^291 |
| 89 | ov_089 | 5.612592590944645 × 10^291 |
| 88 | ov_088 | 8.583951921768689 × 10^291 |
| 87 | ov_087 | 1.2634907319893046 × 10^292 |
| 86 | ov_086 | 1.8225063211889787 × 10^292 |
| 85 | ov_085 | 2.5864824402285335 × 10^292 |
| 84 | ov_084 | 3.6115460507045483 × 10^292 |
| 83 | ov_083 | 4.958919360786031 × 10^292 |
| 82 | ov_082 | 6.694931295021542 × 10^292 |
| 81 | ov_081 | 8.891032460694076 × 10^292 |
| 80 | ov_080 | 1.1623815680128362 × 10^293 |
| 64 | lv_79_m31 | 1.1887815733906164 × 10^293 |
| 79 | ov_079 | 1.4975045579405847 × 10^293 |
| 78 | ov_078 | 1.9031701469743634 × 10^293 |
| 77 | ov_077 | 2.3886038142782306 × 10^293 |
| 76 | ov_076 | 2.96356695875223 × 10^293 |
| 75 | ov_075 | 3.6383681025216812 × 10^293 |
| 74 | ov_074 | 4.423877504992265 × 10^293 |
| 73 | ov_073 | 5.331545805762193 × 10^293 |
| 63 | ov_063 | 6.1041619384768286 × 10^293 |
| 72 | ov_072 | 6.37342735471353 × 10^293 |
| 71 | ov_071 | 7.562208928304302 × 10^293 |
| 70 | ov_070 | 8.91124457264486 × 10^293 |
| 69 | ov_069 | 1.0434597356596481 × 10^294 |
| 68 | ov_068 | 1.2147088862147388 × 10^294 |
| 67 | ov_067 | 1.4064357285013828 × 10^294 |
| 66 | ov_066 | 1.4064367705988538 × 10^294 |
| 65 | ov_065 | 1.4064410894434718 × 10^294 |
| 62 | ov_062 | 3.133614311930408 × 10^294 |
| 61 | ov_061 | 1.1429022403546957 × 10^295 |
| 60 | ov_060 | 3.2735001905012654 × 10^295 |
| 59 | ov_059 | 7.902899010585896 × 10^295 |
| 58 | ov_058 | 1.6046177371013473 × 10^296 |
| 57 | ov_057 | 2.9002279445480556 × 10^296 |
| 56 | ov_056 | 4.835402710279501 × 10^296 |
| 55 | ov_055 | 7.596815330927472 × 10^296 |
| 54 | ov_054 | 1.1399537482139736 × 10^297 |
| 53 | ov_053 | 1.648705303385495 × 10^297 |
| 52 | ov_052 | 2.3131282025159122 × 10^297 |
| 51 | ov_051 | 3.1904539465337945 × 10^297 |
| 50 | ov_050 | 4.343614941649517 × 10^297 |
| 49 | ov_049 | 5.8412590458961486 × 10^297 |
| 48 | ov_048 | 7.757770299512211 × 10^297 |
| 47 | ov_047 | 1.0173297691751 × 10^298 |
| 32 | lv_80_m31 | 1.2576214240941018 × 10^298 |
| 46 | ov_046 | 1.3173794696455285 × 10^298 |
| 45 | ov_045 | 1.6851073264861455 × 10^298 |
| 44 | ov_044 | 2.1302876562544605 × 10^298 |
| 43 | ov_043 | 2.6632975144739687 × 10^298 |
| 42 | ov_042 | 3.2951291672418153 × 10^298 |
| 41 | ov_041 | 4.0374059680730496 × 10^298 |
| 40 | ov_040 | 4.896430568304149 × 10^298 |
| 39 | ov_039 | 5.878850098865833 × 10^298 |
| 31 | ov_031 | 6.44808605835696 × 10^298 |
| 38 | ov_038 | 6.991672489474564 × 10^298 |
| 37 | ov_037 | 8.249293913672853 × 10^298 |
| 36 | ov_036 | 9.666894275251542 × 10^298 |
| 35 | ov_035 | 1.1260487411505732 × 10^299 |
| 34 | ov_034 | 1.3046979729888248 × 10^299 |
| 33 | ov_033 | 1.5044238171327765 × 10^299 |
| 30 | ov_030 | 3.305633881919734 × 10^299 |
| 29 | ov_029 | 1.0812977602783006 × 10^300 |
| 28 | ov_028 | 2.806325462885711 × 10^300 |
| 27 | ov_027 | 6.272265716534126 × 10^300 |
| 26 | ov_026 | 1.2542688791307671 × 10^301 |
| 25 | ov_025 | 2.297811963440447 × 10^301 |
| 24 | ov_024 | 3.923605170735512 × 10^301 |
| 23 | ov_023 | 6.327098741193543 × 10^301 |
| 22 | ov_022 | 9.928903770192491 × 10^301 |
| 21 | ov_021 | 1.5209072117040089 × 10^302 |
| 20 | ov_020 | 2.2707149812582044 × 10^302 |
| 19 | ov_019 | 3.302226434244331 × 10^302 |
| 18 | ov_018 | 4.681325733338103 × 10^302 |
| 17 | ov_017 | 6.479887644150333 × 10^302 |
| 16 | ov_016 | 8.775804251283304 × 10^302 |
| 15 | ov_015 | 1.1653021035932633 × 10^303 |
| 14 | ov_014 | 1.5201584648688166 × 10^303 |
| 13 | ov_013 | 1.9517705783106183 × 10^303 |
| 12 | ov_012 | 2.4703841713432113 × 10^303 |
| 11 | ov_011 | 3.0868803760104602 × 10^303 |
| 10 | ov_010 | 3.812789540488354 × 10^303 |
| 9 | ov_009 | 4.6603087237682256 × 10^303 |
| 8 | ov_008 | 5.642323538021786 × 10^303 |
| 7 | ov_007 | 6.772435049844912 × 10^303 |
| 6 | ov_006 | 8.064992498778438 × 10^303 |
| 5 | ov_005 | 9.535132639391212 × 10^303 |
| 4 | ov_004 | 1.119882656199161 × 10^304 |
| 3 | ov_003 | 1.3072934837243592 × 10^304 |
| 2 | ov_002 | 1.5175271698872434 × 10^304 |
| 1 | ov_001 | 1.7524678839277967 × 10^304 |

