# Results for F001-F002-F003-F004-F005-F006-F007-F008-F009-F010-F011-F012-F013-F014-F015-F016-F017-F018-F019-F020-F021-F022-F023-F024-F025-F026-F027-F028-F029-F030-F031-F032-F033-F034-F035-F036-F037-F038-F039-F040-F041-F042-F043-F044-F045-F046-F047-F048-F049-F050-F051-F052-F053-F054-F055-F056-F057-F058-F059-F060-F061-F062-F063-F064-F065-F066-F067-F068-F069-F070-F071-F072-F073-F074-F075-F076-F077-F078-F079-F080-F081-F082-F083-F084-F085-F086-F087-F088-F089-F090-F091-F092-F093-F094-F095-F096-F097-F098-F099-F100-F101-F102-F103-F104-F105-F106-F107-F108-F109-F110-F111-F112-F113-F114-F115-F116-F117-F118-F119-F120-F121-F122-F123-F124-F125-F126-F127-F128-F129-F130-F131-F132-F133-F134-F135-F136-F137-F138-F139-F140-F141-F142-F143-F144-F145-F146-F147-F148-F149-F150-F151-F152-F153-F154-F155-F156-F157-F158-F159-F160-F161-F162-F163-F164-F165-F166-F167-F168-F169-F170-F171-F172-F173-F174-F175-F176-F177-F178-F179-F180-F181-F182-F183-F184-F185-F186-F187-F188-F189-F190-F191-F192-F193-F194-F195-F196-F197-F198-F199-F200-F201-F202-F203-F204-F205-F206-F207-F208-F209-F210-F211-F212-F213-F214-F215-F216-F217-F218-F219-F220-F221-F222-F223-F224-F225-F226-F227-F228-F229-F230-F231-F232-F233-F234-F235-F236-F237-F238-F239-F240-F241-F242-F243-F244-F245-F246-F247-F248-F249-F250-F251-F252-F253-F254-F255-F256-F257-F258-F259-F260-F261-F262-F263-F264-F265-F266-F267-F268-F269-F270-F271-F272-F273-F274-F275-F276-F277-F278-F279-F280-F281-F282-F283-F284-F285-F286-F287-F288-F289-F290-F291-F292-F293-F294-F295-F296-F297-F298-F299-F300-F301-F302-F303-F304-F305-F306-F307-F308-F309-F310-F311-F312-F313-F314-F315-F316-F317-F318-F319-F320-F321-F322-F323-F324-F325-F326-F327-F328-F329-F330-F331-F332-F333-F334-F335-F336-F337-F338-F339-F340-F341-F342-F343-F344-F345-F346-F347-F348-F349-F350-F351-F352-F353-F354-F355-F356-F357-F358-F359-F360-F361-F362-F363-F364-F365-F366-F367-F368-F369-F370-F371-F372-F373-F374-F375-F376-F377-F378-F379-F380-F381-F382-F383-F384-F385-F386-F387-F388-F389-F390-F391-F392-F393-F394-F395-F396-F397-F398-F399-F400-F401-F402-F403-F404-F405-F406-F407-F408-F409-F410-F411-F412-F413-F414-F415-F416-F417-F418-F419-F420-F421-F422-F423-F424-F425-F426-F427-F428-F429-F430-F431-F432-F433-F434-F435-F436-F437-F438-F439-F440-F441-F442-F443-F444-F445-F446-F447-F448-F449-F450-F451-F452-F453-F454-F455-F456-F457-F458-F459-F460-F461-F462-F463-F464-F465-F466-F467-F468-F469-F470-F471-F472-F473-F474-F475-F476-F477-F478-F479-F480-F481-F482-F483-F484-F485-F486-F487-F488-F489-F490-F491-F492-F493-F494-F495-F496-F497-F498-F499-F500-E507509

## Summary

Number of input bits: 512  
Number of free input bits: 11  
Number of output bits: 160

Number of direct occurrences: 44718  
Number of assignments: 31396  
Number of operations: 11174251
(xor: 11145157,
and: 15751,
or: 13343)

Total complexity: 7.611251368037842 × 10^300

Least occurring input variable: iv_502 (3897)  
Most occurring input variable: iv_512 (4366)

Most co-occurring input variables: iv_511-iv_512 (2149)  
Least co-occurring input variables: iv_502-iv_503 (1775)

Potentially most occurring input variable: iv_507/iv_512 (4531)  
Potentially least occurring input variable: iv_506/iv_508 (4147)

Least output occurring input variable: iv_507 (66)  
Most output occurring input variable: iv_506 (82)

Most output co-occurring input variables: iv_502-iv_511 (45)  
Least output co-occurring input variables: iv_502-iv_508 (30)

Potentially most output occurring input variable: iv_504/iv_510 (93)  
Potentially least output occurring input variable: iv_507/iv_508 (68)

Least complex input bit: iv_501 (4.607871155283006 × 10^298)  
Most complex input bit: iv_510 (2.035971826804206 × 10^300)

Least complex output bit: aaa_76_29 (9.100973313134438 × 10^275)  
Most complex output bit: ov_001 (1.1973875151339336 × 10^300)

Least complex input/output complexity: iv_501/aaa_76_29 (5.509752652592206 × 10^273)  
Most complex input/output complexity: iv_510/ov_001 (3.202951957173701 × 10^299)

## Input Bits

### Input Bits in Regular Order

| Input Bit | Complexity | Occurrences | Output Occurrences |
|:---------:|:----------:|:-----------:|:------------------:|
| iv_501 | 4.607871155283006 × 10^298 | 4085 | 79 |
| iv_502 | 8.383589872882844 × 10^298 | 3897 | 82 |
| iv_503 | 1.4133480469882635 × 10^299 | 4026 | 74 |
| iv_504 | 2.2700327148916003 × 10^299 | 3930 | 78 |
| iv_505 | 3.521446673564371 × 10^299 | 3919 | 79 |
| iv_506 | 5.314500598926844 × 10^299 | 3948 | 82 |
| iv_507 | 1.7800538514355386 × 10^300 | 4233 | 66 |
| iv_508 | 1.1095768928102958 × 10^300 | 3987 | 70 |
| iv_510 | 2.035971826804206 × 10^300 | 4120 | 79 |
| iv_511 | 6.0582992509779585 × 10^299 | 4207 | 80 |
| iv_512 | 6.979714581712462 × 10^299 | 4366 | 80 |

### Input Bits Sorted by Complexity

| Input Bit | Complexity | Occurrences | Output Occurrences |
|:---------:|:----------:|:-----------:|:------------------:|
| iv_501 | 4.607871155283006 × 10^298 | 4085 | 79 |
| iv_502 | 8.383589872882844 × 10^298 | 3897 | 82 |
| iv_503 | 1.4133480469882635 × 10^299 | 4026 | 74 |
| iv_504 | 2.2700327148916003 × 10^299 | 3930 | 78 |
| iv_505 | 3.521446673564371 × 10^299 | 3919 | 79 |
| iv_506 | 5.314500598926844 × 10^299 | 3948 | 82 |
| iv_511 | 6.0582992509779585 × 10^299 | 4207 | 80 |
| iv_512 | 6.979714581712462 × 10^299 | 4366 | 80 |
| iv_508 | 1.1095768928102958 × 10^300 | 3987 | 70 |
| iv_507 | 1.7800538514355386 × 10^300 | 4233 | 66 |
| iv_510 | 2.035971826804206 × 10^300 | 4120 | 79 |

### Input Bits Sorted by Occurrences

| Input Bit | Complexity | Occurrences | Output Occurrences |
|:---------:|:----------:|:-----------:|:------------------:|
| iv_502 | 8.383589872882844 × 10^298 | 3897 | 82 |
| iv_505 | 3.521446673564371 × 10^299 | 3919 | 79 |
| iv_504 | 2.2700327148916003 × 10^299 | 3930 | 78 |
| iv_506 | 5.314500598926844 × 10^299 | 3948 | 82 |
| iv_508 | 1.1095768928102958 × 10^300 | 3987 | 70 |
| iv_503 | 1.4133480469882635 × 10^299 | 4026 | 74 |
| iv_501 | 4.607871155283006 × 10^298 | 4085 | 79 |
| iv_510 | 2.035971826804206 × 10^300 | 4120 | 79 |
| iv_511 | 6.0582992509779585 × 10^299 | 4207 | 80 |
| iv_507 | 1.7800538514355386 × 10^300 | 4233 | 66 |
| iv_512 | 6.979714581712462 × 10^299 | 4366 | 80 |

### Input Bits Sorted by Output Occurrences

| Input Bit | Complexity | Occurrences | Output Occurrences |
|:---------:|:----------:|:-----------:|:------------------:|
| iv_507 | 1.7800538514355386 × 10^300 | 4233 | 66 |
| iv_508 | 1.1095768928102958 × 10^300 | 3987 | 70 |
| iv_503 | 1.4133480469882635 × 10^299 | 4026 | 74 |
| iv_504 | 2.2700327148916003 × 10^299 | 3930 | 78 |
| iv_501 | 4.607871155283006 × 10^298 | 4085 | 79 |
| iv_505 | 3.521446673564371 × 10^299 | 3919 | 79 |
| iv_510 | 2.035971826804206 × 10^300 | 4120 | 79 |
| iv_511 | 6.0582992509779585 × 10^299 | 4207 | 80 |
| iv_512 | 6.979714581712462 × 10^299 | 4366 | 80 |
| iv_502 | 8.383589872882844 × 10^298 | 3897 | 82 |
| iv_506 | 5.314500598926844 × 10^299 | 3948 | 82 |

## Input Bit Co-occurrences

### Input Bit Co-occurrences Sorted by Co-occurrences

| Input Bits | Co-occurrences | Potential Occurrences | Output Co-occurrences | Potential Output Occurrences |
|:----------:|:--------------:|:---------------------:|:---------------------:|:----------------------------:|
| iv_511-iv_512 | 2149 | 4275 | 43 | 74 |
| iv_510-iv_512 | 2082 | 4322 | 42 | 75 |
| iv_501-iv_512 | 2070 | 4311 | 37 | 85 |
| iv_501-iv_511 | 2052 | 4188 | 41 | 77 |
| iv_503-iv_512 | 2040 | 4312 | 34 | 86 |
| iv_507-iv_512 | 2034 | 4531 | 33 | 80 |
| iv_508-iv_512 | 2026 | 4301 | 32 | 86 |
| iv_501-iv_510 | 2012 | 4181 | 42 | 74 |
| iv_503-iv_511 | 2006 | 4221 | 37 | 80 |
| iv_510-iv_511 | 1995 | 4337 | 38 | 83 |
| iv_506-iv_507 | 1981 | 4219 | 34 | 80 |

### Input Bit Co-occurrences Sorted by Potential Occurrences

| Input Bits | Co-occurrences | Potential Occurrences | Output Co-occurrences | Potential Output Occurrences |
|:----------:|:--------------:|:---------------------:|:---------------------:|:----------------------------:|
| iv_506-iv_508 | 1894 | 4147 | 37 | 78 |
| iv_504-iv_506 | 1864 | 4150 | 42 | 76 |
| iv_503-iv_506 | 1910 | 4154 | 38 | 80 |
| iv_502-iv_505 | 1828 | 4160 | 36 | 89 |
| iv_504-iv_505 | 1838 | 4173 | 41 | 75 |
| iv_501-iv_510 | 2012 | 4181 | 42 | 74 |
| iv_501-iv_508 | 1944 | 4184 | 34 | 81 |
| iv_501-iv_511 | 2052 | 4188 | 41 | 77 |
| iv_506-iv_510 | 1939 | 4190 | 44 | 73 |
| iv_501-iv_505 | 1905 | 4194 | 36 | 86 |
| iv_504-iv_508 | 1858 | 4201 | 37 | 74 |

### Input Bit Output Co-occurrences Sorted by Output Co-occurrences

| Input Bits | Co-occurrences | Potential Occurrences | Output Co-occurrences | Potential Output Occurrences |
|:----------:|:--------------:|:---------------------:|:---------------------:|:----------------------------:|
| iv_502-iv_511 | 1913 | 4278 | 45 | 72 |
| iv_502-iv_506 | 1810 | 4225 | 44 | 76 |
| iv_506-iv_510 | 1939 | 4190 | 44 | 73 |
| iv_511-iv_512 | 2149 | 4275 | 43 | 74 |
| iv_502-iv_504 | 1796 | 4235 | 42 | 76 |
| iv_501-iv_510 | 2012 | 4181 | 42 | 74 |
| iv_502-iv_510 | 1867 | 4283 | 42 | 77 |
| iv_504-iv_506 | 1864 | 4150 | 42 | 76 |
| iv_510-iv_512 | 2082 | 4322 | 42 | 75 |
| iv_503-iv_504 | 1850 | 4256 | 41 | 70 |
| iv_504-iv_505 | 1838 | 4173 | 41 | 75 |

### Input Bit Output Co-occurrences Sorted by Potential Output Occurrences

| Input Bits | Co-occurrences | Potential Occurrences | Output Co-occurrences | Potential Output Occurrences |
|:----------:|:--------------:|:---------------------:|:---------------------:|:----------------------------:|
| iv_507-iv_508 | 1906 | 4408 | 34 | 68 |
| iv_503-iv_504 | 1850 | 4256 | 41 | 70 |
| iv_502-iv_511 | 1913 | 4278 | 45 | 72 |
| iv_503-iv_505 | 1871 | 4203 | 40 | 73 |
| iv_506-iv_510 | 1939 | 4190 | 44 | 73 |
| iv_504-iv_508 | 1858 | 4201 | 37 | 74 |
| iv_501-iv_510 | 2012 | 4181 | 42 | 74 |
| iv_511-iv_512 | 2149 | 4275 | 43 | 74 |
| iv_504-iv_505 | 1838 | 4173 | 41 | 75 |
| iv_510-iv_512 | 2082 | 4322 | 42 | 75 |
| iv_502-iv_504 | 1796 | 4235 | 42 | 76 |

## Output Bits

### Output Bits in Regular Order

| Rank | Output Bit | Complexity |
|:----:|:----------:|:----------:|
| 1 | ov_001 | 1.1973875151339336 × 10^300 |
| 2 | ov_002 | 1.0415745368552659 × 10^300 |
| 3 | ov_003 | 9.01235445804829 × 10^299 |
| 4 | ov_004 | 7.757478399557778 × 10^299 |
| 5 | ov_005 | 6.639682693651616 × 10^299 |
| 6 | ov_006 | 5.648153427723055 × 10^299 |
| 7 | ov_007 | 4.772656412832692 × 10^299 |
| 8 | ov_008 | 4.003501663259603 × 10^299 |
| 9 | ov_009 | 3.331512665513078 × 10^299 |
| 10 | ov_010 | 2.747999942506012 × 10^299 |
| 11 | ov_011 | 2.2447385331772375 × 10^299 |
| 12 | ov_012 | 1.8139490908845737 × 10^299 |
| 13 | ov_013 | 1.4482822733376957 × 10^299 |
| 14 | ov_014 | 1.1408060401937053 × 10^299 |
| 15 | ov_015 | 8.849954739913187 × 10^298 |
| 16 | ov_016 | 6.747247668169848 × 10^298 |
| 17 | ov_017 | 5.042610416525231 × 10^298 |
| 18 | ov_018 | 3.682597038031286 × 10^298 |
| 19 | ov_019 | 2.617610441868643 × 10^298 |
| 20 | ov_020 | 1.8018784260991733 × 10^298 |
| 21 | ov_021 | 1.1934374547357224 × 10^298 |
| 22 | ov_022 | 7.541221866908447 × 10^297 |
| 23 | ov_023 | 4.495590272065054 × 10^297 |
| 24 | ov_024 | 2.4916229414793875 × 10^297 |
| 25 | ov_025 | 1.2613201442283479 × 10^297 |
| 26 | ov_026 | 5.745273934919338 × 10^296 |
| 27 | ov_027 | 2.3892973385582986 × 10^296 |
| 28 | ov_028 | 1.000493447249081 × 10^296 |
| 29 | ov_029 | 4.12447043757905 × 10^295 |
| 30 | ov_030 | 1.3654079541243794 × 10^295 |
| 31 | ov_031 | 3.308432105642599 × 10^294 |
| 32 | lv_80_k31 | 8.014161375840451 × 10^293 |
| 33 | ov_033 | 9.740777391715974 × 10^294 |
| 34 | ov_034 | 8.470482249991839 × 10^294 |
| 35 | ov_035 | 7.332399805547099 × 10^294 |
| 36 | ov_036 | 6.316167660436296 × 10^294 |
| 37 | ov_037 | 5.411983967726901 × 10^294 |
| 38 | ov_038 | 4.6105678300809135 × 10^294 |
| 39 | ov_039 | 3.903125017833527 × 10^294 |
| 40 | ov_040 | 3.281318495130288 × 10^294 |
| 41 | ov_041 | 2.7372432738958787 × 10^294 |
| 42 | ov_042 | 2.2634051449965483 × 10^294 |
| 43 | ov_043 | 1.852702864118001 × 10^294 |
| 44 | ov_044 | 1.4984133967921158 × 10^294 |
| 45 | ov_045 | 1.1941798528375963 × 10^294 |
| 46 | ov_046 | 9.369139719705533 × 10^293 |
| 47 | ov_047 | 7.2370354760778 × 10^293 |
| 48 | ov_048 | 5.492395949165273 × 10^293 |
| 49 | ov_049 | 4.085513668358221 × 10^293 |
| 50 | ov_050 | 2.9700303667497595 × 10^293 |
| 51 | ov_051 | 2.1029135178060784 × 10^293 |
| 52 | ov_052 | 1.4444405064859182 × 10^293 |
| 53 | ov_053 | 9.581885761751771 × 10^292 |
| 54 | ov_054 | 6.110289091653651 × 10^292 |
| 55 | ov_055 | 3.7312341397288407 × 10^292 |
| 56 | ov_056 | 2.179230567702978 × 10^292 |
| 57 | ov_057 | 1.2216695771350209 × 10^292 |
| 58 | ov_058 | 6.588187444136126 × 10^291 |
| 59 | ov_059 | 3.2381922417729236 × 10^291 |
| 60 | ov_060 | 1.4145975636890252 × 10^291 |
| 61 | ov_061 | 5.296502317914889 × 10^290 |
| 62 | ov_062 | 1.5995525627591212 × 10^290 |
| 63 | ov_063 | 3.5371345468842237 × 10^289 |
| 64 | lv_79_m31 | 6.89006274239721 × 10^288 |
| 65 | ov_065 | 8.201866002335208 × 10^289 |
| 66 | ov_066 | 8.201846859904683 × 10^289 |
| 67 | ov_067 | 8.201840656368938 × 10^289 |
| 68 | ov_068 | 7.09142364826505 × 10^289 |
| 69 | ov_069 | 6.100179832818681 × 10^289 |
| 70 | ov_070 | 5.218508201323304 × 10^289 |
| 71 | ov_071 | 4.437398753737916 × 10^289 |
| 72 | ov_072 | 3.7483924786827886 × 10^289 |
| 73 | ov_073 | 3.143544865237737 × 10^289 |
| 74 | ov_074 | 2.6153927606008526 × 10^289 |
| 75 | ov_075 | 2.1569243947924631 × 10^289 |
| 76 | ov_076 | 1.7615523994267266 × 10^289 |
| 77 | ov_077 | 1.423089652284898 × 10^289 |
| 78 | ov_078 | 1.135727783162254 × 10^289 |
| 79 | ov_079 | 8.940181793666158 × 10^288 |
| 80 | ov_080 | 6.928553314516445 × 10^288 |
| 81 | ov_081 | 5.274623613932784 × 10^288 |
| 82 | ov_082 | 3.933785765731222 × 10^288 |
| 83 | ov_083 | 2.864488937181759 × 10^288 |
| 84 | ov_084 | 2.0281497745143 × 10^288 |
| 85 | ov_085 | 1.3890793841163868 × 10^288 |
| 86 | ov_086 | 9.144243607106998 × 10^287 |
| 87 | ov_087 | 5.741203147173522 × 10^287 |
| 88 | ov_088 | 3.408563515076267 × 10^287 |
| 89 | ov_089 | 1.9004895554470854 × 10^287 |
| 90 | ov_090 | 9.982373257544632 × 10^286 |
| 91 | ov_091 | 5.100346313272191 × 10^286 |
| 92 | ov_092 | 2.7100933666107766 × 10^286 |
| 93 | ov_093 | 1.431508831125653 × 10^286 |
| 94 | ov_094 | 6.416621527338924 × 10^285 |
| 95 | aaa_78_28 | 2.0637710553714046 × 10^285 |
| 96 | aaa_78_29 | 7.819492945511452 × 10^284 |
| 97 | ov_097 | 8.515356116509568 × 10^284 |
| 98 | ov_098 | 8.515100795751334 × 10^284 |
| 99 | ov_099 | 8.515019247119975 × 10^284 |
| 100 | ov_100 | 7.663184421882487 × 10^284 |
| 101 | ov_101 | 6.874143450519371 × 10^284 |
| 102 | ov_102 | 6.144451475884391 × 10^284 |
| 103 | ov_103 | 5.4709155744495055 × 10^284 |
| 104 | ov_104 | 4.8505619992050235 × 10^284 |
| 105 | ov_105 | 4.280606406458246 × 10^284 |
| 106 | ov_106 | 3.758426907250522 × 10^284 |
| 107 | ov_107 | 3.2815397906068925 × 10^284 |
| 108 | ov_108 | 2.8475777711887374 × 10^284 |
| 109 | ov_109 | 2.454270618281503 × 10^284 |
| 110 | ov_110 | 2.0994280265446395 × 10^284 |
| 111 | ov_111 | 1.7809245916950946 × 10^284 |
| 112 | ov_112 | 1.4966867564087948 × 10^284 |
| 113 | ov_113 | 1.2446815933134528 × 10^284 |
| 114 | ov_114 | 1.0229072931026835 × 10^284 |
| 115 | ov_115 | 8.293852266117464 × 10^283 |
| 116 | ov_116 | 6.6215345023635185 × 10^283 |
| 117 | ov_117 | 5.1926152441602005 × 10^283 |
| 118 | ov_118 | 3.987665151015409 × 10^283 |
| 119 | ov_119 | 2.9873004823199463 × 10^283 |
| 120 | ov_120 | 2.172162872994794 × 10^283 |
| 121 | ov_121 | 1.52290704105245 × 10^283 |
| 122 | ov_122 | 1.0201945426323511 × 10^283 |
| 123 | ov_123 | 6.446908436083816 × 10^282 |
| 124 | ov_124 | 3.770636156190469 × 10^282 |
| 125 | ov_125 | 1.97981618662383 × 10^282 |
| 126 | ov_126 | 8.811405887407558 × 10^281 |
| 127 | aaa_77_28 | 2.813028483272102 × 10^281 |
| 128 | aaa_77_29 | 1.054235248144455 × 10^281 |
| 129 | ov_129 | 9.71312991298734 × 10^280 |
| 130 | ov_130 | 9.713107786448896 × 10^280 |
| 131 | ov_131 | 9.713100684609107 × 10^280 |
| 132 | ov_132 | 8.412782169065312 × 10^280 |
| 133 | ov_133 | 7.248686640306212 × 10^280 |
| 134 | ov_134 | 6.210426816717149 × 10^280 |
| 135 | ov_135 | 5.288191861736933 × 10^280 |
| 136 | ov_136 | 4.472705548083784 × 10^280 |
| 137 | ov_137 | 3.75518983484282 × 10^280 |
| 138 | ov_138 | 3.1273333930015663 × 10^280 |
| 139 | ov_139 | 2.58126460842897 × 10^280 |
| 140 | ov_140 | 2.1095286165244063 × 10^280 |
| 141 | ov_141 | 1.705067947261209 × 10^280 |
| 142 | ov_142 | 1.3612063832683842 × 10^280 |
| 143 | ov_143 | 1.0716356570651378 × 10^280 |
| 144 | ov_144 | 8.304046366953994 × 10^279 |
| 145 | ov_145 | 6.319106718945022 × 10^279 |
| 146 | ov_146 | 4.708927956308196 × 10^279 |
| 147 | ov_147 | 3.424264984585787 × 10^279 |
| 148 | ov_148 | 2.419198156370466 × 10^279 |
| 149 | ov_149 | 1.6511048944581635 × 10^279 |
| 150 | ov_150 | 1.0806399157523949 × 10^279 |
| 151 | ov_151 | 6.717221290623451 × 10^278 |
| 152 | ov_152 | 3.915265042069066 × 10^278 |
| 153 | ov_153 | 2.1047943405792948 × 10^278 |
| 154 | ov_154 | 1.0225633534902505 × 10^278 |
| 155 | ov_155 | 4.378049085257958 × 10^277 |
| 156 | aaa_76_25 | 1.5222508053417091 × 10^277 |
| 157 | aaa_76_26 | 9.366483600850874 × 10^276 |
| 158 | aaa_76_27 | 5.133876641597143 × 10^276 |
| 159 | aaa_76_28 | 2.4183000041018364 × 10^276 |
| 160 | aaa_76_29 | 9.100973313134438 × 10^275 |

### Output Bits Sorted by Complexity

| Rank | Output Bit | Complexity |
|:----:|:----------:|:----------:|
| 160 | aaa_76_29 | 9.100973313134438 × 10^275 |
| 159 | aaa_76_28 | 2.4183000041018364 × 10^276 |
| 158 | aaa_76_27 | 5.133876641597143 × 10^276 |
| 157 | aaa_76_26 | 9.366483600850874 × 10^276 |
| 156 | aaa_76_25 | 1.5222508053417091 × 10^277 |
| 155 | ov_155 | 4.378049085257958 × 10^277 |
| 154 | ov_154 | 1.0225633534902505 × 10^278 |
| 153 | ov_153 | 2.1047943405792948 × 10^278 |
| 152 | ov_152 | 3.915265042069066 × 10^278 |
| 151 | ov_151 | 6.717221290623451 × 10^278 |
| 150 | ov_150 | 1.0806399157523949 × 10^279 |
| 149 | ov_149 | 1.6511048944581635 × 10^279 |
| 148 | ov_148 | 2.419198156370466 × 10^279 |
| 147 | ov_147 | 3.424264984585787 × 10^279 |
| 146 | ov_146 | 4.708927956308196 × 10^279 |
| 145 | ov_145 | 6.319106718945022 × 10^279 |
| 144 | ov_144 | 8.304046366953994 × 10^279 |
| 143 | ov_143 | 1.0716356570651378 × 10^280 |
| 142 | ov_142 | 1.3612063832683842 × 10^280 |
| 141 | ov_141 | 1.705067947261209 × 10^280 |
| 140 | ov_140 | 2.1095286165244063 × 10^280 |
| 139 | ov_139 | 2.58126460842897 × 10^280 |
| 138 | ov_138 | 3.1273333930015663 × 10^280 |
| 137 | ov_137 | 3.75518983484282 × 10^280 |
| 136 | ov_136 | 4.472705548083784 × 10^280 |
| 135 | ov_135 | 5.288191861736933 × 10^280 |
| 134 | ov_134 | 6.210426816717149 × 10^280 |
| 133 | ov_133 | 7.248686640306212 × 10^280 |
| 132 | ov_132 | 8.412782169065312 × 10^280 |
| 131 | ov_131 | 9.713100684609107 × 10^280 |
| 130 | ov_130 | 9.713107786448896 × 10^280 |
| 129 | ov_129 | 9.71312991298734 × 10^280 |
| 128 | aaa_77_29 | 1.054235248144455 × 10^281 |
| 127 | aaa_77_28 | 2.813028483272102 × 10^281 |
| 126 | ov_126 | 8.811405887407558 × 10^281 |
| 125 | ov_125 | 1.97981618662383 × 10^282 |
| 124 | ov_124 | 3.770636156190469 × 10^282 |
| 123 | ov_123 | 6.446908436083816 × 10^282 |
| 122 | ov_122 | 1.0201945426323511 × 10^283 |
| 121 | ov_121 | 1.52290704105245 × 10^283 |
| 120 | ov_120 | 2.172162872994794 × 10^283 |
| 119 | ov_119 | 2.9873004823199463 × 10^283 |
| 118 | ov_118 | 3.987665151015409 × 10^283 |
| 117 | ov_117 | 5.1926152441602005 × 10^283 |
| 116 | ov_116 | 6.6215345023635185 × 10^283 |
| 115 | ov_115 | 8.293852266117464 × 10^283 |
| 114 | ov_114 | 1.0229072931026835 × 10^284 |
| 113 | ov_113 | 1.2446815933134528 × 10^284 |
| 112 | ov_112 | 1.4966867564087948 × 10^284 |
| 111 | ov_111 | 1.7809245916950946 × 10^284 |
| 110 | ov_110 | 2.0994280265446395 × 10^284 |
| 109 | ov_109 | 2.454270618281503 × 10^284 |
| 108 | ov_108 | 2.8475777711887374 × 10^284 |
| 107 | ov_107 | 3.2815397906068925 × 10^284 |
| 106 | ov_106 | 3.758426907250522 × 10^284 |
| 105 | ov_105 | 4.280606406458246 × 10^284 |
| 104 | ov_104 | 4.8505619992050235 × 10^284 |
| 103 | ov_103 | 5.4709155744495055 × 10^284 |
| 102 | ov_102 | 6.144451475884391 × 10^284 |
| 101 | ov_101 | 6.874143450519371 × 10^284 |
| 100 | ov_100 | 7.663184421882487 × 10^284 |
| 96 | aaa_78_29 | 7.819492945511452 × 10^284 |
| 99 | ov_099 | 8.515019247119975 × 10^284 |
| 98 | ov_098 | 8.515100795751334 × 10^284 |
| 97 | ov_097 | 8.515356116509568 × 10^284 |
| 95 | aaa_78_28 | 2.0637710553714046 × 10^285 |
| 94 | ov_094 | 6.416621527338924 × 10^285 |
| 93 | ov_093 | 1.431508831125653 × 10^286 |
| 92 | ov_092 | 2.7100933666107766 × 10^286 |
| 91 | ov_091 | 5.100346313272191 × 10^286 |
| 90 | ov_090 | 9.982373257544632 × 10^286 |
| 89 | ov_089 | 1.9004895554470854 × 10^287 |
| 88 | ov_088 | 3.408563515076267 × 10^287 |
| 87 | ov_087 | 5.741203147173522 × 10^287 |
| 86 | ov_086 | 9.144243607106998 × 10^287 |
| 85 | ov_085 | 1.3890793841163868 × 10^288 |
| 84 | ov_084 | 2.0281497745143 × 10^288 |
| 83 | ov_083 | 2.864488937181759 × 10^288 |
| 82 | ov_082 | 3.933785765731222 × 10^288 |
| 81 | ov_081 | 5.274623613932784 × 10^288 |
| 64 | lv_79_m31 | 6.89006274239721 × 10^288 |
| 80 | ov_080 | 6.928553314516445 × 10^288 |
| 79 | ov_079 | 8.940181793666158 × 10^288 |
| 78 | ov_078 | 1.135727783162254 × 10^289 |
| 77 | ov_077 | 1.423089652284898 × 10^289 |
| 76 | ov_076 | 1.7615523994267266 × 10^289 |
| 75 | ov_075 | 2.1569243947924631 × 10^289 |
| 74 | ov_074 | 2.6153927606008526 × 10^289 |
| 73 | ov_073 | 3.143544865237737 × 10^289 |
| 63 | ov_063 | 3.5371345468842237 × 10^289 |
| 72 | ov_072 | 3.7483924786827886 × 10^289 |
| 71 | ov_071 | 4.437398753737916 × 10^289 |
| 70 | ov_070 | 5.218508201323304 × 10^289 |
| 69 | ov_069 | 6.100179832818681 × 10^289 |
| 68 | ov_068 | 7.09142364826505 × 10^289 |
| 67 | ov_067 | 8.201840656368938 × 10^289 |
| 66 | ov_066 | 8.201846859904683 × 10^289 |
| 65 | ov_065 | 8.201866002335208 × 10^289 |
| 62 | ov_062 | 1.5995525627591212 × 10^290 |
| 61 | ov_061 | 5.296502317914889 × 10^290 |
| 60 | ov_060 | 1.4145975636890252 × 10^291 |
| 59 | ov_059 | 3.2381922417729236 × 10^291 |
| 58 | ov_058 | 6.588187444136126 × 10^291 |
| 57 | ov_057 | 1.2216695771350209 × 10^292 |
| 56 | ov_056 | 2.179230567702978 × 10^292 |
| 55 | ov_055 | 3.7312341397288407 × 10^292 |
| 54 | ov_054 | 6.110289091653651 × 10^292 |
| 53 | ov_053 | 9.581885761751771 × 10^292 |
| 52 | ov_052 | 1.4444405064859182 × 10^293 |
| 51 | ov_051 | 2.1029135178060784 × 10^293 |
| 50 | ov_050 | 2.9700303667497595 × 10^293 |
| 49 | ov_049 | 4.085513668358221 × 10^293 |
| 48 | ov_048 | 5.492395949165273 × 10^293 |
| 47 | ov_047 | 7.2370354760778 × 10^293 |
| 32 | lv_80_k31 | 8.014161375840451 × 10^293 |
| 46 | ov_046 | 9.369139719705533 × 10^293 |
| 45 | ov_045 | 1.1941798528375963 × 10^294 |
| 44 | ov_044 | 1.4984133967921158 × 10^294 |
| 43 | ov_043 | 1.852702864118001 × 10^294 |
| 42 | ov_042 | 2.2634051449965483 × 10^294 |
| 41 | ov_041 | 2.7372432738958787 × 10^294 |
| 40 | ov_040 | 3.281318495130288 × 10^294 |
| 31 | ov_031 | 3.308432105642599 × 10^294 |
| 39 | ov_039 | 3.903125017833527 × 10^294 |
| 38 | ov_038 | 4.6105678300809135 × 10^294 |
| 37 | ov_037 | 5.411983967726901 × 10^294 |
| 36 | ov_036 | 6.316167660436296 × 10^294 |
| 35 | ov_035 | 7.332399805547099 × 10^294 |
| 34 | ov_034 | 8.470482249991839 × 10^294 |
| 33 | ov_033 | 9.740777391715974 × 10^294 |
| 30 | ov_030 | 1.3654079541243794 × 10^295 |
| 29 | ov_029 | 4.12447043757905 × 10^295 |
| 28 | ov_028 | 1.000493447249081 × 10^296 |
| 27 | ov_027 | 2.3892973385582986 × 10^296 |
| 26 | ov_026 | 5.745273934919338 × 10^296 |
| 25 | ov_025 | 1.2613201442283479 × 10^297 |
| 24 | ov_024 | 2.4916229414793875 × 10^297 |
| 23 | ov_023 | 4.495590272065054 × 10^297 |
| 22 | ov_022 | 7.541221866908447 × 10^297 |
| 21 | ov_021 | 1.1934374547357224 × 10^298 |
| 20 | ov_020 | 1.8018784260991733 × 10^298 |
| 19 | ov_019 | 2.617610441868643 × 10^298 |
| 18 | ov_018 | 3.682597038031286 × 10^298 |
| 17 | ov_017 | 5.042610416525231 × 10^298 |
| 16 | ov_016 | 6.747247668169848 × 10^298 |
| 15 | ov_015 | 8.849954739913187 × 10^298 |
| 14 | ov_014 | 1.1408060401937053 × 10^299 |
| 13 | ov_013 | 1.4482822733376957 × 10^299 |
| 12 | ov_012 | 1.8139490908845737 × 10^299 |
| 11 | ov_011 | 2.2447385331772375 × 10^299 |
| 10 | ov_010 | 2.747999942506012 × 10^299 |
| 9 | ov_009 | 3.331512665513078 × 10^299 |
| 8 | ov_008 | 4.003501663259603 × 10^299 |
| 7 | ov_007 | 4.772656412832692 × 10^299 |
| 6 | ov_006 | 5.648153427723055 × 10^299 |
| 5 | ov_005 | 6.639682693651616 × 10^299 |
| 4 | ov_004 | 7.757478399557778 × 10^299 |
| 3 | ov_003 | 9.01235445804829 × 10^299 |
| 2 | ov_002 | 1.0415745368552659 × 10^300 |
| 1 | ov_001 | 1.1973875151339336 × 10^300 |

