# Results for F001-F002-F003-F004-F005-F006-F007-F008-F009-F010-F011-F012-F013-F014-F015-F016-F017-F018-F019-F020-F021-F022-F023-F024-F025-F026-F027-F028-F029-F030-F031-F032-F033-F034-F035-F036-F037-F038-F039-F040-F041-F042-F043-F044-F045-F046-F047-F048-F049-F050-F051-F052-F053-F054-F055-F056-F057-F058-F059-F060-F061-F062-F063-F064-F065-F066-F067-F068-F069-F070-F071-F072-F073-F074-F075-F076-F077-F078-F079-F080-F081-F082-F083-F084-F085-F086-F087-F088-F089-F090-F091-F092-F093-F094-F095-F096-F097-F098-F099-F100-F101-F102-F103-F104-F105-F106-F107-F108-F109-F110-F111-F112-F113-F114-F115-F116-F117-F118-F119-F120-F121-F122-F123-F124-F125-F126-F127-F128-F129-F130-F131-F132-F133-F134-F135-F136-F137-F138-F139-F140-F141-F142-F143-F144-F145-F146-F147-F148-F149-F150-F151-F152-F153-F154-F155-F156-F157-F158-F159-F160-F161-F162-F163-F164-F165-F166-F167-F168-F169-F170-F171-F172-F173-F174-F175-F176-F177-F178-F179-F180-F181-F182-F183-F184-F185-F186-F187-F188-F189-F190-F191-F192-F193-F194-F195-F196-F197-F198-F199-F200-F201-F202-F203-F204-F205-F206-F207-F208-F209-F210-F211-F212-F213-F214-F215-F216-F217-F218-F219-F220-F221-F222-F223-F224-F225-F226-F227-F228-F229-F230-F231-F232-F233-F234-F235-F236-F237-F238-F239-F240-F241-F242-F243-F244-F245-F246-F247-F248-F249-F250-F251-F252-F253-F254-F255-F256-F257-F258-F259-F260-F261-F262-F263-F264-F265-F266-F267-F268-F269-F270-F271-F272-F273-F274-F275-F276-F277-F278-F279-F280-F281-F282-F283-F284-F285-F286-F287-F288-F289-F290-F291-F292-F293-F294-F295-F296-F297-F298-F299-F300-F301-F302-F303-F304-F305-F306-F307-F308-F309-F310-F311-F312-F313-F314-F315-F316-F317-F318-F319-F320-F321-F322-F323-F324-F325-F326-F327-F328-F329-F330-F331-F332-F333-F334-F335-F336-F337-F338-F339-F340-F341-F342-F343-F344-F345-F346-F347-F348-F349-F350-F351-F352-F353-F354-F355-F356-F357-F358-F359-F360-F361-F362-F363-F364-F365-F366-F367-F368-F369-F370-F371-F372-F373-F374-F375-F376-F377-F378-F379-F380-F381-F382-F383-F384-F385-F386-F387-F388-F389-F390-F391-F392-F393-F394-F395-F396-F397-F398-F399-F400-F401-F402-F403-F404-F405-F406-F407-F408-F409-F410-F411-F412-F413-F414-F415-F416-F417-F418-F419-F420-F421-F422-F423-F424-F425-F426-F427-F428-F429-F430-F431-F432-F433-F434-F435-F436-F437-F438-F439-F440-F441-F442-F443-F444-F445-F446-F447-F448-F449-F450-F451-F452-F453-F454-F455-F456-F457-F458-F459-F460-F461-F462-F463-F464-F465-F466-F467-F468-F469-F470-F471-F472-F473-F474-F475-F476-F477-F478-F479-F480-F481-F482-F483-F484-F485-F486-F487-F488-F489-F490-F491-F492-F493-F494-F495-F496-O499504-E499505-F510-F511-F512

## Summary

Number of input bits: 512  
Number of free input bits: 11  
Number of output bits: 160

Number of direct occurrences: 45043  
Number of assignments: 31401  
Number of operations: 11057614
(xor: 11029423,
and: 14783,
or: 13408)

Total complexity: 1.3883379989779238 × 10^300

Least occurring input variable: iv_498 (3923)  
Most occurring input variable: iv_509 (4225)

Most co-occurring input variables: iv_508-iv_509 (2073)  
Least co-occurring input variables: iv_498-iv_499 (1762)

Potentially most occurring input variable: iv_497/iv_499 (4632)  
Potentially least occurring input variable: iv_501/iv_502 (4107)

Least output occurring input variable: iv_501 (67)  
Most output occurring input variable: iv_497 (93)

Most output co-occurring input variables: iv_497-iv_506 (53)  
Least output co-occurring input variables: iv_501-iv_506 (27)

Potentially most output occurring input variable: iv_501/iv_506 (95)  
Potentially least output occurring input variable: iv_502/iv_508 (65)

Least complex input bit: iv_497 (6.602919154684756 × 10^297)  
Most complex input bit: iv_509 (3.23281070007536 × 10^299)

Least complex output bit: aaa_76_29 (7.437300389791958 × 10^274)  
Most complex output bit: ov_001 (2.2019220156886223 × 10^299)

Least complex input/output complexity: iv_497/aaa_76_29 (3.537171296835092 × 10^272)  
Most complex input/output complexity: iv_509/ov_001 (5.127279566136018 × 10^298)

## Input Bits

### Input Bits in Regular Order

| Input Bit | Complexity | Occurrences | Output Occurrences |
|:---------:|:----------:|:-----------:|:------------------:|
| iv_497 | 6.602919154684756 × 10^297 | 4128 | 93 |
| iv_498 | 1.31528733027413 × 10^298 | 3923 | 88 |
| iv_499 | 9.843835937965895 × 10^298 | 4152 | 93 |
| iv_500 | 3.887489580002495 × 10^298 | 4109 | 80 |
| iv_501 | 6.403668796911492 × 10^298 | 4012 | 67 |
| iv_502 | 1.0347906289823904 × 10^299 | 4139 | 81 |
| iv_503 | 6.094441611593564 × 10^298 | 4089 | 72 |
| iv_506 | 1.3764487446155547 × 10^299 | 3942 | 82 |
| iv_507 | 2.2418245879176035 × 10^299 | 4165 | 76 |
| iv_508 | 3.177003810966735 × 10^299 | 4159 | 78 |
| iv_509 | 3.23281070007536 × 10^299 | 4225 | 81 |

### Input Bits Sorted by Complexity

| Input Bit | Complexity | Occurrences | Output Occurrences |
|:---------:|:----------:|:-----------:|:------------------:|
| iv_497 | 6.602919154684756 × 10^297 | 4128 | 93 |
| iv_498 | 1.31528733027413 × 10^298 | 3923 | 88 |
| iv_500 | 3.887489580002495 × 10^298 | 4109 | 80 |
| iv_503 | 6.094441611593564 × 10^298 | 4089 | 72 |
| iv_501 | 6.403668796911492 × 10^298 | 4012 | 67 |
| iv_499 | 9.843835937965895 × 10^298 | 4152 | 93 |
| iv_502 | 1.0347906289823904 × 10^299 | 4139 | 81 |
| iv_506 | 1.3764487446155547 × 10^299 | 3942 | 82 |
| iv_507 | 2.2418245879176035 × 10^299 | 4165 | 76 |
| iv_508 | 3.177003810966735 × 10^299 | 4159 | 78 |
| iv_509 | 3.23281070007536 × 10^299 | 4225 | 81 |

### Input Bits Sorted by Occurrences

| Input Bit | Complexity | Occurrences | Output Occurrences |
|:---------:|:----------:|:-----------:|:------------------:|
| iv_498 | 1.31528733027413 × 10^298 | 3923 | 88 |
| iv_506 | 1.3764487446155547 × 10^299 | 3942 | 82 |
| iv_501 | 6.403668796911492 × 10^298 | 4012 | 67 |
| iv_503 | 6.094441611593564 × 10^298 | 4089 | 72 |
| iv_500 | 3.887489580002495 × 10^298 | 4109 | 80 |
| iv_497 | 6.602919154684756 × 10^297 | 4128 | 93 |
| iv_502 | 1.0347906289823904 × 10^299 | 4139 | 81 |
| iv_499 | 9.843835937965895 × 10^298 | 4152 | 93 |
| iv_508 | 3.177003810966735 × 10^299 | 4159 | 78 |
| iv_507 | 2.2418245879176035 × 10^299 | 4165 | 76 |
| iv_509 | 3.23281070007536 × 10^299 | 4225 | 81 |

### Input Bits Sorted by Output Occurrences

| Input Bit | Complexity | Occurrences | Output Occurrences |
|:---------:|:----------:|:-----------:|:------------------:|
| iv_501 | 6.403668796911492 × 10^298 | 4012 | 67 |
| iv_503 | 6.094441611593564 × 10^298 | 4089 | 72 |
| iv_507 | 2.2418245879176035 × 10^299 | 4165 | 76 |
| iv_508 | 3.177003810966735 × 10^299 | 4159 | 78 |
| iv_500 | 3.887489580002495 × 10^298 | 4109 | 80 |
| iv_502 | 1.0347906289823904 × 10^299 | 4139 | 81 |
| iv_509 | 3.23281070007536 × 10^299 | 4225 | 81 |
| iv_506 | 1.3764487446155547 × 10^299 | 3942 | 82 |
| iv_498 | 1.31528733027413 × 10^298 | 3923 | 88 |
| iv_499 | 9.843835937965895 × 10^298 | 4152 | 93 |
| iv_497 | 6.602919154684756 × 10^297 | 4128 | 93 |

## Input Bit Co-occurrences

### Input Bit Co-occurrences Sorted by Co-occurrences

| Input Bits | Co-occurrences | Potential Occurrences | Output Co-occurrences | Potential Output Occurrences |
|:----------:|:--------------:|:---------------------:|:---------------------:|:----------------------------:|
| iv_508-iv_509 | 2073 | 4238 | 39 | 81 |
| iv_507-iv_509 | 2066 | 4258 | 40 | 77 |
| iv_497-iv_507 | 2035 | 4223 | 44 | 81 |
| iv_501-iv_502 | 2022 | 4107 | 34 | 80 |
| iv_497-iv_509 | 2018 | 4317 | 46 | 82 |
| iv_500-iv_502 | 2010 | 4228 | 36 | 89 |
| iv_502-iv_507 | 2000 | 4304 | 38 | 81 |
| iv_502-iv_509 | 1999 | 4366 | 46 | 70 |
| iv_497-iv_502 | 1997 | 4273 | 51 | 72 |
| iv_502-iv_508 | 1991 | 4316 | 47 | 65 |
| iv_501-iv_509 | 1991 | 4255 | 38 | 72 |

### Input Bit Co-occurrences Sorted by Potential Occurrences

| Input Bits | Co-occurrences | Potential Occurrences | Output Co-occurrences | Potential Output Occurrences |
|:----------:|:--------------:|:---------------------:|:---------------------:|:----------------------------:|
| iv_501-iv_502 | 2022 | 4107 | 34 | 80 |
| iv_497-iv_506 | 1949 | 4172 | 53 | 69 |
| iv_506-iv_507 | 1967 | 4173 | 37 | 84 |
| iv_503-iv_506 | 1926 | 4179 | 36 | 82 |
| iv_498-iv_506 | 1838 | 4189 | 41 | 88 |
| iv_498-iv_501 | 1861 | 4213 | 40 | 75 |
| iv_500-iv_506 | 1917 | 4217 | 38 | 86 |
| iv_497-iv_507 | 2035 | 4223 | 44 | 81 |
| iv_500-iv_502 | 2010 | 4228 | 36 | 89 |
| iv_497-iv_501 | 1952 | 4236 | 40 | 80 |
| iv_508-iv_509 | 2073 | 4238 | 39 | 81 |

### Input Bit Output Co-occurrences Sorted by Output Co-occurrences

| Input Bits | Co-occurrences | Potential Occurrences | Output Co-occurrences | Potential Output Occurrences |
|:----------:|:--------------:|:---------------------:|:---------------------:|:----------------------------:|
| iv_497-iv_499 | 1824 | 4632 | 53 | 80 |
| iv_497-iv_506 | 1949 | 4172 | 53 | 69 |
| iv_499-iv_500 | 1944 | 4373 | 52 | 69 |
| iv_499-iv_502 | 1973 | 4345 | 52 | 70 |
| iv_497-iv_502 | 1997 | 4273 | 51 | 72 |
| iv_499-iv_506 | 1867 | 4360 | 50 | 75 |
| iv_497-iv_498 | 1887 | 4277 | 50 | 81 |
| iv_499-iv_508 | 1923 | 4465 | 47 | 77 |
| iv_502-iv_508 | 1991 | 4316 | 47 | 65 |
| iv_499-iv_509 | 1921 | 4535 | 47 | 80 |
| iv_497-iv_508 | 1920 | 4447 | 47 | 77 |

### Input Bit Output Co-occurrences Sorted by Potential Output Occurrences

| Input Bits | Co-occurrences | Potential Occurrences | Output Co-occurrences | Potential Output Occurrences |
|:----------:|:--------------:|:---------------------:|:---------------------:|:----------------------------:|
| iv_502-iv_508 | 1991 | 4316 | 47 | 65 |
| iv_499-iv_500 | 1944 | 4373 | 52 | 69 |
| iv_497-iv_506 | 1949 | 4172 | 53 | 69 |
| iv_499-iv_502 | 1973 | 4345 | 52 | 70 |
| iv_502-iv_509 | 1999 | 4366 | 46 | 70 |
| iv_501-iv_508 | 1915 | 4341 | 37 | 71 |
| iv_506-iv_508 | 1922 | 4257 | 44 | 72 |
| iv_497-iv_502 | 1997 | 4273 | 51 | 72 |
| iv_501-iv_509 | 1991 | 4255 | 38 | 72 |
| iv_498-iv_501 | 1861 | 4213 | 40 | 75 |
| iv_499-iv_506 | 1867 | 4360 | 50 | 75 |

## Output Bits

### Output Bits in Regular Order

| Rank | Output Bit | Complexity |
|:----:|:----------:|:----------:|
| 1 | ov_001 | 2.2019220156886223 × 10^299 |
| 2 | ov_002 | 1.9121263177094824 × 10^299 |
| 3 | ov_003 | 1.6522833906704008 × 10^299 |
| 4 | ov_004 | 1.4201352308048007 × 10^299 |
| 5 | ov_005 | 1.21354691220921 × 10^299 |
| 6 | ov_006 | 1.0304978683701792 × 10^299 |
| 7 | ov_007 | 8.690743061608397 × 10^298 |
| 8 | ov_008 | 7.274626608625276 × 10^298 |
| 9 | ov_009 | 6.039440066641848 × 10^298 |
| 10 | ov_010 | 4.968893296393357 × 10^298 |
| 11 | ov_011 | 4.0475556915314747 × 10^298 |
| 12 | ov_012 | 3.260823390428973 × 10^298 |
| 13 | ov_013 | 2.594892451991343 × 10^298 |
| 14 | ov_014 | 2.0367372137555255 × 10^298 |
| 15 | ov_015 | 1.5740931019305848 × 10^298 |
| 16 | ov_016 | 1.1954432139432303 × 10^298 |
| 17 | ov_017 | 8.90008044624966 × 10^297 |
| 18 | ov_018 | 6.477377775185482 × 10^297 |
| 19 | ov_019 | 4.593066129634704 × 10^297 |
| 20 | ov_020 | 3.1610865469579673 × 10^297 |
| 21 | ov_021 | 2.1025494722588198 × 10^297 |
| 22 | ov_022 | 1.3457136466599298 × 10^297 |
| 23 | ov_023 | 8.259715070253599 × 10^296 |
| 24 | ov_024 | 4.8583958013441415 × 10^296 |
| 25 | ov_025 | 2.74952603902684 × 10^296 |
| 26 | ov_026 | 1.500603064782359 × 10^296 |
| 27 | ov_027 | 7.502589049291541 × 10^295 |
| 28 | ov_028 | 3.3559214558721013 × 10^295 |
| 29 | ov_029 | 1.2926499412189275 × 10^295 |
| 30 | ov_030 | 3.950287931790858 × 10^294 |
| 31 | ov_031 | 7.701710675643698 × 10^293 |
| 32 | lv_80_m31 | 1.5012758473418528 × 10^293 |
| 33 | ov_033 | 1.7999113255120054 × 10^294 |
| 34 | ov_034 | 1.560645310823841 × 10^294 |
| 35 | ov_035 | 1.3465184026458688 × 10^294 |
| 36 | ov_036 | 1.1555576557809 × 10^294 |
| 37 | ov_037 | 9.85896927190838 × 10^293 |
| 38 | ov_038 | 8.35769342446735 × 10^293 |
| 39 | ov_039 | 7.035007786472091 × 10^293 |
| 40 | ov_040 | 5.8750426662686874 × 10^293 |
| 41 | ov_041 | 4.862752201844463 × 10^293 |
| 42 | ov_042 | 3.983874048847878 × 10^293 |
| 43 | ov_043 | 3.2314683111755344 × 10^293 |
| 44 | ov_044 | 2.592744239005435 × 10^293 |
| 45 | ov_045 | 2.0556100031720506 × 10^293 |
| 46 | ov_046 | 1.608654162977968 × 10^293 |
| 47 | ov_047 | 1.2411308588534066 × 10^293 |
| 48 | ov_048 | 9.429481643803464 × 10^292 |
| 49 | ov_049 | 7.046591405263679 × 10^292 |
| 50 | ov_050 | 5.174551796043807 × 10^292 |
| 51 | ov_051 | 3.7316120753242237 × 10^292 |
| 52 | ov_052 | 2.6423232561857043 × 10^292 |
| 53 | ov_053 | 1.8375151737637206 × 10^292 |
| 54 | ov_054 | 1.2542810521504589 × 10^292 |
| 55 | ov_055 | 8.359672863113933 × 10^291 |
| 56 | ov_056 | 5.321669401143764 × 10^291 |
| 57 | ov_057 | 3.192375944258537 × 10^291 |
| 58 | ov_058 | 1.7665751592002798 × 10^291 |
| 59 | ov_059 | 8.702492196138467 × 10^290 |
| 60 | ov_060 | 3.605764655857981 × 10^290 |
| 61 | ov_061 | 1.2593019765988399 × 10^290 |
| 62 | ov_062 | 3.453870564482475 × 10^289 |
| 63 | ov_063 | 6.730372405683719 × 10^288 |
| 64 | lv_79_m31 | 1.3112048105479098 × 10^288 |
| 65 | ov_065 | 1.5624436075360415 × 10^289 |
| 66 | ov_066 | 1.5624394248353587 × 10^289 |
| 67 | ov_067 | 1.5624384325919055 × 10^289 |
| 68 | ov_068 | 1.3522189336169147 × 10^289 |
| 69 | ov_069 | 1.1641899138028774 × 10^289 |
| 70 | ov_070 | 9.966895773602264 × 10^288 |
| 71 | ov_071 | 8.481342611300368 × 10^288 |
| 72 | ov_072 | 7.170137800337823 × 10^288 |
| 73 | ov_073 | 6.01887778658841 × 10^288 |
| 74 | ov_074 | 5.013829099274173 × 10^288 |
| 75 | ov_075 | 4.1419067125674745 × 10^288 |
| 76 | ov_076 | 3.3906573771464945 × 10^288 |
| 77 | ov_077 | 2.748246404726082 × 10^288 |
| 78 | ov_078 | 2.2034466272310736 × 10^288 |
| 79 | ov_079 | 1.745628785099084 × 10^288 |
| 80 | ov_080 | 1.3647531004453947 × 10^288 |
| 81 | ov_081 | 1.0513619549390277 × 10^288 |
| 82 | ov_082 | 7.965735928717443 × 10^287 |
| 83 | ov_083 | 5.9207677035296455 × 10^287 |
| 84 | ov_084 | 4.301262718787353 × 10^287 |
| 85 | ov_085 | 3.035392157397966 × 10^287 |
| 86 | ov_086 | 2.0886432955717845 × 10^287 |
| 87 | ov_087 | 1.4003507894822711 × 10^287 |
| 88 | ov_088 | 9.154012915071609 × 10^286 |
| 89 | ov_089 | 5.842202270360136 × 10^286 |
| 90 | ov_090 | 3.627625468385373 × 10^286 |
| 91 | ov_091 | 2.1250667331340974 × 10^286 |
| 92 | ov_092 | 1.1557210403920835 × 10^286 |
| 93 | ov_093 | 5.683760049131383 × 10^285 |
| 94 | ov_094 | 2.394054418124455 × 10^285 |
| 95 | aaa_78_28 | 7.276673512755948 × 10^284 |
| 96 | aaa_78_29 | 2.1796910925706894 × 10^284 |
| 97 | ov_097 | 1.1352168231019176 × 10^284 |
| 98 | ov_098 | 1.1352038402873308 × 10^284 |
| 99 | ov_099 | 1.1351996932521062 × 10^284 |
| 100 | ov_100 | 9.327216620197674 × 10^283 |
| 101 | ov_101 | 7.606667222130184 × 10^283 |
| 102 | ov_102 | 6.158470007607472 × 10^283 |
| 103 | ov_103 | 4.952499684428787 × 10^283 |
| 104 | ov_104 | 3.9602562312341374 × 10^283 |
| 105 | ov_105 | 3.1547533724879095 × 10^283 |
| 106 | ov_106 | 2.51042218169214 × 10^283 |
| 107 | ov_107 | 2.003028376520017 × 10^283 |
| 108 | ov_108 | 1.609601944875429 × 10^283 |
| 109 | ov_109 | 1.3083778139549063 × 10^283 |
| 110 | ov_110 | 1.0787463456903626 × 10^283 |
| 111 | ov_111 | 9.012125118925729 × 10^282 |
| 112 | ov_112 | 7.573626713381668 × 10^282 |
| 113 | ov_113 | 6.298379392281279 × 10^282 |
| 114 | ov_114 | 5.1762074337232704 × 10^282 |
| 115 | ov_115 | 4.197057472855981 × 10^282 |
| 116 | ov_116 | 3.3509662217879357 × 10^282 |
| 117 | ov_117 | 2.6280349247926894 × 10^282 |
| 118 | ov_118 | 2.018409880048488 × 10^282 |
| 119 | ov_119 | 1.512268359447747 × 10^282 |
| 120 | ov_120 | 1.0998087922643356 × 10^282 |
| 121 | ov_121 | 7.712436961521633 × 10^281 |
| 122 | ov_122 | 5.167944719642777 × 10^281 |
| 123 | ov_123 | 3.266877283542661 × 10^281 |
| 124 | ov_124 | 1.9115280213127917 × 10^281 |
| 125 | ov_125 | 1.0042022182523348 × 10^281 |
| 126 | ov_126 | 4.472092380220177 × 10^280 |
| 127 | aaa_77_28 | 1.4285951299715422 × 10^280 |
| 128 | aaa_77_29 | 5.358034660862804 × 10^279 |
| 129 | ov_129 | 4.942312677629073 × 10^279 |
| 130 | ov_130 | 4.9422981935096775 × 10^279 |
| 131 | ov_131 | 4.9422946918938454 × 10^279 |
| 132 | ov_132 | 4.288663752456102 × 10^279 |
| 133 | ov_133 | 3.701729389290576 × 10^279 |
| 134 | ov_134 | 3.176287932307165 × 10^279 |
| 135 | ov_135 | 2.707413518615567 × 10^279 |
| 136 | ov_136 | 2.2927099961347222 × 10^279 |
| 137 | ov_137 | 1.9277501377944557 × 10^279 |
| 138 | ov_138 | 1.6083328433709743 × 10^279 |
| 139 | ov_139 | 1.3304707811415964 × 10^279 |
| 140 | ov_140 | 1.0903800538487602 × 10^279 |
| 141 | ov_141 | 8.844716624551254 × 10^278 |
| 142 | ov_142 | 7.093445537793332 × 10^278 |
| 143 | ov_143 | 5.6178005055038085 × 10^278 |
| 144 | ov_144 | 4.387374747562749 × 10^278 |
| 145 | ov_145 | 3.373507874267509 × 10^278 |
| 146 | ov_146 | 2.5492608020701682 × 10^278 |
| 147 | ov_147 | 1.8893976626720044 × 10^278 |
| 148 | ov_148 | 1.3703733026082454 × 10^278 |
| 149 | ov_149 | 9.703250920107967 × 10^277 |
| 150 | ov_150 | 6.690678826953392 × 10^277 |
| 151 | ov_151 | 4.480910771092284 × 10^277 |
| 152 | ov_152 | 2.9055693317563677 × 10^277 |
| 153 | ov_153 | 1.812995048459165 × 10^277 |
| 154 | ov_154 | 1.0682393176253154 × 10^277 |
| 155 | ov_155 | 5.530597327190275 × 10^276 |
| 156 | aaa_76_25 | 2.125112679127557 × 10^276 |
| 157 | aaa_76_26 | 1.2271718549792781 × 10^276 |
| 158 | aaa_76_27 | 6.2815705596377785 × 10^275 |
| 159 | aaa_76_28 | 2.4456359840831 × 10^275 |
| 160 | aaa_76_29 | 7.437300389791958 × 10^274 |

### Output Bits Sorted by Complexity

| Rank | Output Bit | Complexity |
|:----:|:----------:|:----------:|
| 160 | aaa_76_29 | 7.437300389791958 × 10^274 |
| 159 | aaa_76_28 | 2.4456359840831 × 10^275 |
| 158 | aaa_76_27 | 6.2815705596377785 × 10^275 |
| 157 | aaa_76_26 | 1.2271718549792781 × 10^276 |
| 156 | aaa_76_25 | 2.125112679127557 × 10^276 |
| 155 | ov_155 | 5.530597327190275 × 10^276 |
| 154 | ov_154 | 1.0682393176253154 × 10^277 |
| 153 | ov_153 | 1.812995048459165 × 10^277 |
| 152 | ov_152 | 2.9055693317563677 × 10^277 |
| 151 | ov_151 | 4.480910771092284 × 10^277 |
| 150 | ov_150 | 6.690678826953392 × 10^277 |
| 149 | ov_149 | 9.703250920107967 × 10^277 |
| 148 | ov_148 | 1.3703733026082454 × 10^278 |
| 147 | ov_147 | 1.8893976626720044 × 10^278 |
| 146 | ov_146 | 2.5492608020701682 × 10^278 |
| 145 | ov_145 | 3.373507874267509 × 10^278 |
| 144 | ov_144 | 4.387374747562749 × 10^278 |
| 143 | ov_143 | 5.6178005055038085 × 10^278 |
| 142 | ov_142 | 7.093445537793332 × 10^278 |
| 141 | ov_141 | 8.844716624551254 × 10^278 |
| 140 | ov_140 | 1.0903800538487602 × 10^279 |
| 139 | ov_139 | 1.3304707811415964 × 10^279 |
| 138 | ov_138 | 1.6083328433709743 × 10^279 |
| 137 | ov_137 | 1.9277501377944557 × 10^279 |
| 136 | ov_136 | 2.2927099961347222 × 10^279 |
| 135 | ov_135 | 2.707413518615567 × 10^279 |
| 134 | ov_134 | 3.176287932307165 × 10^279 |
| 133 | ov_133 | 3.701729389290576 × 10^279 |
| 132 | ov_132 | 4.288663752456102 × 10^279 |
| 131 | ov_131 | 4.9422946918938454 × 10^279 |
| 130 | ov_130 | 4.9422981935096775 × 10^279 |
| 129 | ov_129 | 4.942312677629073 × 10^279 |
| 128 | aaa_77_29 | 5.358034660862804 × 10^279 |
| 127 | aaa_77_28 | 1.4285951299715422 × 10^280 |
| 126 | ov_126 | 4.472092380220177 × 10^280 |
| 125 | ov_125 | 1.0042022182523348 × 10^281 |
| 124 | ov_124 | 1.9115280213127917 × 10^281 |
| 123 | ov_123 | 3.266877283542661 × 10^281 |
| 122 | ov_122 | 5.167944719642777 × 10^281 |
| 121 | ov_121 | 7.712436961521633 × 10^281 |
| 120 | ov_120 | 1.0998087922643356 × 10^282 |
| 119 | ov_119 | 1.512268359447747 × 10^282 |
| 118 | ov_118 | 2.018409880048488 × 10^282 |
| 117 | ov_117 | 2.6280349247926894 × 10^282 |
| 116 | ov_116 | 3.3509662217879357 × 10^282 |
| 115 | ov_115 | 4.197057472855981 × 10^282 |
| 114 | ov_114 | 5.1762074337232704 × 10^282 |
| 113 | ov_113 | 6.298379392281279 × 10^282 |
| 112 | ov_112 | 7.573626713381668 × 10^282 |
| 111 | ov_111 | 9.012125118925729 × 10^282 |
| 110 | ov_110 | 1.0787463456903626 × 10^283 |
| 109 | ov_109 | 1.3083778139549063 × 10^283 |
| 108 | ov_108 | 1.609601944875429 × 10^283 |
| 107 | ov_107 | 2.003028376520017 × 10^283 |
| 106 | ov_106 | 2.51042218169214 × 10^283 |
| 105 | ov_105 | 3.1547533724879095 × 10^283 |
| 104 | ov_104 | 3.9602562312341374 × 10^283 |
| 103 | ov_103 | 4.952499684428787 × 10^283 |
| 102 | ov_102 | 6.158470007607472 × 10^283 |
| 101 | ov_101 | 7.606667222130184 × 10^283 |
| 100 | ov_100 | 9.327216620197674 × 10^283 |
| 99 | ov_099 | 1.1351996932521062 × 10^284 |
| 98 | ov_098 | 1.1352038402873308 × 10^284 |
| 97 | ov_097 | 1.1352168231019176 × 10^284 |
| 96 | aaa_78_29 | 2.1796910925706894 × 10^284 |
| 95 | aaa_78_28 | 7.276673512755948 × 10^284 |
| 94 | ov_094 | 2.394054418124455 × 10^285 |
| 93 | ov_093 | 5.683760049131383 × 10^285 |
| 92 | ov_092 | 1.1557210403920835 × 10^286 |
| 91 | ov_091 | 2.1250667331340974 × 10^286 |
| 90 | ov_090 | 3.627625468385373 × 10^286 |
| 89 | ov_089 | 5.842202270360136 × 10^286 |
| 88 | ov_088 | 9.154012915071609 × 10^286 |
| 87 | ov_087 | 1.4003507894822711 × 10^287 |
| 86 | ov_086 | 2.0886432955717845 × 10^287 |
| 85 | ov_085 | 3.035392157397966 × 10^287 |
| 84 | ov_084 | 4.301262718787353 × 10^287 |
| 83 | ov_083 | 5.9207677035296455 × 10^287 |
| 82 | ov_082 | 7.965735928717443 × 10^287 |
| 81 | ov_081 | 1.0513619549390277 × 10^288 |
| 64 | lv_79_m31 | 1.3112048105479098 × 10^288 |
| 80 | ov_080 | 1.3647531004453947 × 10^288 |
| 79 | ov_079 | 1.745628785099084 × 10^288 |
| 78 | ov_078 | 2.2034466272310736 × 10^288 |
| 77 | ov_077 | 2.748246404726082 × 10^288 |
| 76 | ov_076 | 3.3906573771464945 × 10^288 |
| 75 | ov_075 | 4.1419067125674745 × 10^288 |
| 74 | ov_074 | 5.013829099274173 × 10^288 |
| 73 | ov_073 | 6.01887778658841 × 10^288 |
| 63 | ov_063 | 6.730372405683719 × 10^288 |
| 72 | ov_072 | 7.170137800337823 × 10^288 |
| 71 | ov_071 | 8.481342611300368 × 10^288 |
| 70 | ov_070 | 9.966895773602264 × 10^288 |
| 69 | ov_069 | 1.1641899138028774 × 10^289 |
| 68 | ov_068 | 1.3522189336169147 × 10^289 |
| 67 | ov_067 | 1.5624384325919055 × 10^289 |
| 66 | ov_066 | 1.5624394248353587 × 10^289 |
| 65 | ov_065 | 1.5624436075360415 × 10^289 |
| 62 | ov_062 | 3.453870564482475 × 10^289 |
| 61 | ov_061 | 1.2593019765988399 × 10^290 |
| 60 | ov_060 | 3.605764655857981 × 10^290 |
| 59 | ov_059 | 8.702492196138467 × 10^290 |
| 58 | ov_058 | 1.7665751592002798 × 10^291 |
| 57 | ov_057 | 3.192375944258537 × 10^291 |
| 56 | ov_056 | 5.321669401143764 × 10^291 |
| 55 | ov_055 | 8.359672863113933 × 10^291 |
| 54 | ov_054 | 1.2542810521504589 × 10^292 |
| 53 | ov_053 | 1.8375151737637206 × 10^292 |
| 52 | ov_052 | 2.6423232561857043 × 10^292 |
| 51 | ov_051 | 3.7316120753242237 × 10^292 |
| 50 | ov_050 | 5.174551796043807 × 10^292 |
| 49 | ov_049 | 7.046591405263679 × 10^292 |
| 48 | ov_048 | 9.429481643803464 × 10^292 |
| 47 | ov_047 | 1.2411308588534066 × 10^293 |
| 32 | lv_80_m31 | 1.5012758473418528 × 10^293 |
| 46 | ov_046 | 1.608654162977968 × 10^293 |
| 45 | ov_045 | 2.0556100031720506 × 10^293 |
| 44 | ov_044 | 2.592744239005435 × 10^293 |
| 43 | ov_043 | 3.2314683111755344 × 10^293 |
| 42 | ov_042 | 3.983874048847878 × 10^293 |
| 41 | ov_041 | 4.862752201844463 × 10^293 |
| 40 | ov_040 | 5.8750426662686874 × 10^293 |
| 39 | ov_039 | 7.035007786472091 × 10^293 |
| 31 | ov_031 | 7.701710675643698 × 10^293 |
| 38 | ov_038 | 8.35769342446735 × 10^293 |
| 37 | ov_037 | 9.85896927190838 × 10^293 |
| 36 | ov_036 | 1.1555576557809 × 10^294 |
| 35 | ov_035 | 1.3465184026458688 × 10^294 |
| 34 | ov_034 | 1.560645310823841 × 10^294 |
| 33 | ov_033 | 1.7999113255120054 × 10^294 |
| 30 | ov_030 | 3.950287931790858 × 10^294 |
| 29 | ov_029 | 1.2926499412189275 × 10^295 |
| 28 | ov_028 | 3.3559214558721013 × 10^295 |
| 27 | ov_027 | 7.502589049291541 × 10^295 |
| 26 | ov_026 | 1.500603064782359 × 10^296 |
| 25 | ov_025 | 2.74952603902684 × 10^296 |
| 24 | ov_024 | 4.8583958013441415 × 10^296 |
| 23 | ov_023 | 8.259715070253599 × 10^296 |
| 22 | ov_022 | 1.3457136466599298 × 10^297 |
| 21 | ov_021 | 2.1025494722588198 × 10^297 |
| 20 | ov_020 | 3.1610865469579673 × 10^297 |
| 19 | ov_019 | 4.593066129634704 × 10^297 |
| 18 | ov_018 | 6.477377775185482 × 10^297 |
| 17 | ov_017 | 8.90008044624966 × 10^297 |
| 16 | ov_016 | 1.1954432139432303 × 10^298 |
| 15 | ov_015 | 1.5740931019305848 × 10^298 |
| 14 | ov_014 | 2.0367372137555255 × 10^298 |
| 13 | ov_013 | 2.594892451991343 × 10^298 |
| 12 | ov_012 | 3.260823390428973 × 10^298 |
| 11 | ov_011 | 4.0475556915314747 × 10^298 |
| 10 | ov_010 | 4.968893296393357 × 10^298 |
| 9 | ov_009 | 6.039440066641848 × 10^298 |
| 8 | ov_008 | 7.274626608625276 × 10^298 |
| 7 | ov_007 | 8.690743061608397 × 10^298 |
| 6 | ov_006 | 1.0304978683701792 × 10^299 |
| 5 | ov_005 | 1.21354691220921 × 10^299 |
| 4 | ov_004 | 1.4201352308048007 × 10^299 |
| 3 | ov_003 | 1.6522833906704008 × 10^299 |
| 2 | ov_002 | 1.9121263177094824 × 10^299 |
| 1 | ov_001 | 2.2019220156886223 × 10^299 |

