# Results for F001-F002-F003-F004-F005-F006-F007-F008-F009-F010-F011-F012-F013-F014-F015-F016-F017-F018-F019-F020-F021-F022-F023-F024-F025-F026-F027-F028-F029-F030-F031-F032-F033-F034-F035-F036-F037-F038-F039-F040-F041-F042-F043-F044-F045-F046-F047-F048-F049-F050-F051-F052-F053-F054-F055-F056-F057-F058-F059-F060-F061-F062-F063-F064-F065-F066-F067-F068-F069-F070-F071-F072-F073-F074-F075-F076-F077-F078-F079-F080-F081-F082-F083-F084-F085-F086-F087-F088-F089-F090-F091-F092-F093-F094-F095-F096-F097-F098-F099-F100-F101-F102-F103-F104-F105-F106-F107-F108-F109-F110-F111-F112-F113-F114-F115-F116-F117-F118-F119-F120-F121-F122-F123-F124-F125-F126-F127-F128-F129-F130-F131-F132-F133-F134-F135-F136-F137-F138-F139-F140-F141-F142-F143-F144-F145-F146-F147-F148-F149-F150-F151-F152-F153-F154-F155-F156-F157-F158-F159-F160-F161-F162-F163-F164-F165-F166-F167-F168-F169-F170-F171-F172-F173-F174-F175-F176-F177-F178-F179-F180-F181-F182-F183-F184-F185-F186-F187-F188-F189-F190-F191-F192-F193-F194-F195-F196-F197-F198-F199-F200-F201-F202-F203-F204-F205-F206-F207-F208-F209-F210-F211-F212-F213-F214-F215-F216-F217-F218-F219-F220-F221-F222-F223-F224-F225-F226-F227-F228-F229-F230-F231-F232-F233-F234-F235-F236-F237-F238-F239-F240-F241-F242-F243-F244-F245-F246-F247-F248-F249-F250-F251-F252-F253-F254-F255-F256-F257-F258-F259-F260-F261-F262-F263-F264-F265-F266-F267-F268-F269-F270-F271-F272-F273-F274-F275-F276-F277-F278-F279-F280-F281-F282-F283-F284-F285-F286-F287-F288-F289-F290-F291-F292-F293-F294-F295-F296-F297-F298-F299-F300-F301-F302-F303-F304-F305-F306-F307-F308-F309-F310-F311-F312-F313-F314-F315-F316-F317-F318-F319-F320-F321-F322-F323-F324-F325-F326-F327-F328-F329-F330-F331-F332-F333-F334-F335-F336-F337-F338-F339-F340-F341-F342-F343-F344-F345-F346-F347-F348-F349-F350-F351-F352-F353-F354-F355-F356-F357-F358-F359-F360-F361-F362-F363-F364-F365-F366-F367-F368-F369-F370-F371-F372-F373-F374-F375-F376-F377-F378-F379-F380-F381-F382-F383-F384-F385-F386-F387-F388-F389-F390-F391-F392-F393-F394-F395-F396-F397-F398-F399-F400-F401-F402-F403-F404-F405-F406-F407-F408-F409-F410-F411-F412-F413-F414-F415-F416-F417-F418-F419-F420-F421-F422-F423-F424-F425-F426-F427-F428-F429-F430-F431-F432-F433-F434-F435-F436-F437-F438-F439-F440-F441-F442-F443-F444-F445-F446-F447-F448-F449-F450-F451-F452-F453-F454-F455-F456-F457-F458-F459-F460-F461-F462-F463-F464-F465-F466-F467-F468-F469-F470-F471-F472-F473-F474-F475-F476-F477-F478-F479-F480-F481-F482-F483-F484-F485-F486-F487-F488-F489-F490-F491-F492-F493-F494-F495-F496-F497-F498-F499-F500-T510

## Summary

Number of input bits: 512  
Number of free input bits: 11  
Number of output bits: 160

Number of direct occurrences: 45954  
Number of assignments: 31744  
Number of operations: 11992886
(xor: 11962253,
and: 17237,
or: 13396)

Total complexity: 2.1062634170643607 × 10^308

Least occurring input variable: iv_505 (4048)  
Most occurring input variable: iv_512 (4402)

Most co-occurring input variables: iv_503-iv_507 (2112)  
Least co-occurring input variables: iv_505-iv_508 (1856)

Potentially most occurring input variable: iv_506/iv_512 (4563)  
Potentially least occurring input variable: iv_506/iv_507 (4205)

Least output occurring input variable: iv_512 (68)  
Most output occurring input variable: iv_506 (95)

Most output co-occurring input variables: iv_504-iv_506 (57)  
Least output co-occurring input variables: iv_511-iv_512 (28)

Potentially most output occurring input variable: iv_505/iv_508 (91)  
Potentially least output occurring input variable: iv_501/iv_507 (66)

Least complex input bit: iv_501 (1.8945300430549095 × 10^306)  
Most complex input bit: iv_509 (5.651297330094212 × 10^307)

Least complex output bit: aaa_76_29 (3.762956657876776 × 10^282)  
Most complex output bit: ov_001 (3.313505019843061 × 10^307)

Least complex input/output complexity: iv_501/aaa_76_29 (3.384683217352397 × 10^280)  
Most complex input/output complexity: iv_509/ov_001 (8.890436932144031 × 10^306)

## Input Bits

### Input Bits in Regular Order

| Input Bit | Complexity | Occurrences | Output Occurrences |
|:---------:|:----------:|:-----------:|:------------------:|
| iv_501 | 1.8945300430549095 × 10^306 | 4233 | 83 |
| iv_502 | 3.446504836134078 × 10^306 | 4172 | 69 |
| iv_503 | 5.809634071665298 × 10^306 | 4192 | 85 |
| iv_504 | 9.329987043726828 × 10^306 | 4120 | 89 |
| iv_505 | 1.447162252900535 × 10^307 | 4048 | 79 |
| iv_506 | 2.1837595009349025 × 10^307 | 4137 | 95 |
| iv_507 | 3.2224977999304777 × 10^307 | 4288 | 85 |
| iv_508 | 4.586092684815151 × 10^307 | 4103 | 82 |
| iv_509 | 5.651297330094212 × 10^307 | 4127 | 78 |
| iv_511 | 7.727505883899668 × 10^306 | 4132 | 73 |
| iv_512 | 1.1510084141202347 × 10^307 | 4402 | 68 |

### Input Bits Sorted by Complexity

| Input Bit | Complexity | Occurrences | Output Occurrences |
|:---------:|:----------:|:-----------:|:------------------:|
| iv_501 | 1.8945300430549095 × 10^306 | 4233 | 83 |
| iv_502 | 3.446504836134078 × 10^306 | 4172 | 69 |
| iv_503 | 5.809634071665298 × 10^306 | 4192 | 85 |
| iv_511 | 7.727505883899668 × 10^306 | 4132 | 73 |
| iv_504 | 9.329987043726828 × 10^306 | 4120 | 89 |
| iv_512 | 1.1510084141202347 × 10^307 | 4402 | 68 |
| iv_505 | 1.447162252900535 × 10^307 | 4048 | 79 |
| iv_506 | 2.1837595009349025 × 10^307 | 4137 | 95 |
| iv_507 | 3.2224977999304777 × 10^307 | 4288 | 85 |
| iv_508 | 4.586092684815151 × 10^307 | 4103 | 82 |
| iv_509 | 5.651297330094212 × 10^307 | 4127 | 78 |

### Input Bits Sorted by Occurrences

| Input Bit | Complexity | Occurrences | Output Occurrences |
|:---------:|:----------:|:-----------:|:------------------:|
| iv_505 | 1.447162252900535 × 10^307 | 4048 | 79 |
| iv_508 | 4.586092684815151 × 10^307 | 4103 | 82 |
| iv_504 | 9.329987043726828 × 10^306 | 4120 | 89 |
| iv_509 | 5.651297330094212 × 10^307 | 4127 | 78 |
| iv_511 | 7.727505883899668 × 10^306 | 4132 | 73 |
| iv_506 | 2.1837595009349025 × 10^307 | 4137 | 95 |
| iv_502 | 3.446504836134078 × 10^306 | 4172 | 69 |
| iv_503 | 5.809634071665298 × 10^306 | 4192 | 85 |
| iv_501 | 1.8945300430549095 × 10^306 | 4233 | 83 |
| iv_507 | 3.2224977999304777 × 10^307 | 4288 | 85 |
| iv_512 | 1.1510084141202347 × 10^307 | 4402 | 68 |

### Input Bits Sorted by Output Occurrences

| Input Bit | Complexity | Occurrences | Output Occurrences |
|:---------:|:----------:|:-----------:|:------------------:|
| iv_512 | 1.1510084141202347 × 10^307 | 4402 | 68 |
| iv_502 | 3.446504836134078 × 10^306 | 4172 | 69 |
| iv_511 | 7.727505883899668 × 10^306 | 4132 | 73 |
| iv_509 | 5.651297330094212 × 10^307 | 4127 | 78 |
| iv_505 | 1.447162252900535 × 10^307 | 4048 | 79 |
| iv_508 | 4.586092684815151 × 10^307 | 4103 | 82 |
| iv_501 | 1.8945300430549095 × 10^306 | 4233 | 83 |
| iv_503 | 5.809634071665298 × 10^306 | 4192 | 85 |
| iv_507 | 3.2224977999304777 × 10^307 | 4288 | 85 |
| iv_504 | 9.329987043726828 × 10^306 | 4120 | 89 |
| iv_506 | 2.1837595009349025 × 10^307 | 4137 | 95 |

## Input Bit Co-occurrences

### Input Bit Co-occurrences Sorted by Co-occurrences

| Input Bits | Co-occurrences | Potential Occurrences | Output Co-occurrences | Potential Output Occurrences |
|:----------:|:--------------:|:---------------------:|:---------------------:|:----------------------------:|
| iv_503-iv_507 | 2112 | 4256 | 47 | 76 |
| iv_506-iv_507 | 2110 | 4205 | 52 | 76 |
| iv_507-iv_512 | 2103 | 4484 | 31 | 91 |
| iv_501-iv_507 | 2093 | 4335 | 51 | 66 |
| iv_503-iv_512 | 2077 | 4440 | 38 | 77 |
| iv_508-iv_512 | 2077 | 4351 | 38 | 74 |
| iv_501-iv_512 | 2067 | 4501 | 35 | 81 |
| iv_502-iv_507 | 2048 | 4364 | 43 | 68 |
| iv_501-iv_511 | 2045 | 4275 | 42 | 72 |
| iv_502-iv_512 | 2043 | 4488 | 29 | 79 |
| iv_504-iv_507 | 2038 | 4332 | 52 | 70 |

### Input Bit Co-occurrences Sorted by Potential Occurrences

| Input Bits | Co-occurrences | Potential Occurrences | Output Co-occurrences | Potential Output Occurrences |
|:----------:|:--------------:|:---------------------:|:---------------------:|:----------------------------:|
| iv_506-iv_507 | 2110 | 4205 | 52 | 76 |
| iv_506-iv_509 | 2018 | 4228 | 51 | 71 |
| iv_504-iv_505 | 1959 | 4250 | 48 | 72 |
| iv_503-iv_507 | 2112 | 4256 | 47 | 76 |
| iv_504-iv_506 | 1998 | 4261 | 57 | 70 |
| iv_501-iv_511 | 2045 | 4275 | 42 | 72 |
| iv_501-iv_505 | 2001 | 4279 | 43 | 76 |
| iv_502-iv_505 | 1970 | 4280 | 32 | 84 |
| iv_506-iv_508 | 1979 | 4282 | 54 | 69 |
| iv_508-iv_509 | 1969 | 4292 | 43 | 74 |
| iv_503-iv_505 | 1967 | 4306 | 39 | 86 |

### Input Bit Output Co-occurrences Sorted by Output Co-occurrences

| Input Bits | Co-occurrences | Potential Occurrences | Output Co-occurrences | Potential Output Occurrences |
|:----------:|:--------------:|:---------------------:|:---------------------:|:----------------------------:|
| iv_504-iv_506 | 1998 | 4261 | 57 | 70 |
| iv_506-iv_508 | 1979 | 4282 | 54 | 69 |
| iv_504-iv_507 | 2038 | 4332 | 52 | 70 |
| iv_506-iv_507 | 2110 | 4205 | 52 | 76 |
| iv_501-iv_507 | 2093 | 4335 | 51 | 66 |
| iv_506-iv_509 | 2018 | 4228 | 51 | 71 |
| iv_501-iv_506 | 2002 | 4366 | 49 | 80 |
| iv_505-iv_506 | 1925 | 4335 | 49 | 76 |
| iv_504-iv_505 | 1959 | 4250 | 48 | 72 |
| iv_503-iv_506 | 2008 | 4313 | 48 | 84 |
| iv_503-iv_504 | 1973 | 4366 | 47 | 80 |

### Input Bit Output Co-occurrences Sorted by Potential Output Occurrences

| Input Bits | Co-occurrences | Potential Occurrences | Output Co-occurrences | Potential Output Occurrences |
|:----------:|:--------------:|:---------------------:|:---------------------:|:----------------------------:|
| iv_501-iv_507 | 2093 | 4335 | 51 | 66 |
| iv_509-iv_512 | 2032 | 4465 | 40 | 66 |
| iv_502-iv_507 | 2048 | 4364 | 43 | 68 |
| iv_506-iv_508 | 1979 | 4282 | 54 | 69 |
| iv_504-iv_507 | 2038 | 4332 | 52 | 70 |
| iv_504-iv_506 | 1998 | 4261 | 57 | 70 |
| iv_506-iv_509 | 2018 | 4228 | 51 | 71 |
| iv_509-iv_511 | 1898 | 4463 | 40 | 71 |
| iv_504-iv_505 | 1959 | 4250 | 48 | 72 |
| iv_505-iv_507 | 1959 | 4418 | 46 | 72 |
| iv_501-iv_511 | 2045 | 4275 | 42 | 72 |

## Output Bits

### Output Bits in Regular Order

| Rank | Output Bit | Complexity |
|:----:|:----------:|:----------:|
| 1 | ov_001 | 3.313505019843061 × 10^307 |
| 2 | ov_002 | 2.8823447236855246 × 10^307 |
| 3 | ov_003 | 2.4939986804878688 × 10^307 |
| 4 | ov_004 | 2.1467450427201165 × 10^307 |
| 5 | ov_005 | 1.8374207293874948 × 10^307 |
| 6 | ov_006 | 1.563034428597976 × 10^307 |
| 7 | ov_007 | 1.3207552141054322 × 10^307 |
| 8 | ov_008 | 1.1079026390134052 × 10^307 |
| 9 | ov_009 | 9.21938176859588 × 10^306 |
| 10 | ov_010 | 7.604578773885999 × 10^306 |
| 11 | ov_011 | 6.211861274287204 × 10^306 |
| 12 | ov_012 | 5.019704312573895 × 10^306 |
| 13 | ov_013 | 4.007771160282926 × 10^306 |
| 14 | ov_014 | 3.1568785148886443 × 10^306 |
| 15 | ov_015 | 2.4489687308818665 × 10^306 |
| 16 | ov_016 | 1.8670880528357825 × 10^306 |
| 17 | ov_017 | 1.3953698951506196 × 10^306 |
| 18 | ov_018 | 1.0190222894629244 × 10^306 |
| 19 | ov_019 | 7.2431869680285206 × 10^305 |
| 20 | ov_020 | 4.9859145756578 × 10^305 |
| 21 | ov_021 | 3.302272594877534 × 10^305 |
| 22 | ov_022 | 2.0866414210706753 × 10^305 |
| 23 | ov_023 | 1.2438963206368077 × 10^305 |
| 24 | ov_024 | 6.893963402243684 × 10^304 |
| 25 | ov_025 | 3.489779285804325 × 10^304 |
| 26 | ov_026 | 1.5895150570222567 × 10^304 |
| 27 | ov_027 | 6.609980726048738 × 10^303 |
| 28 | ov_028 | 2.7677189561133267 × 10^303 |
| 29 | ov_029 | 1.1409386941885256 × 10^303 |
| 30 | ov_030 | 3.7770973961758074 × 10^302 |
| 31 | ov_031 | 9.152464497298141 × 10^301 |
| 32 | lv_80_k31 | 2.2172225617593956 × 10^301 |
| 33 | ov_033 | 2.6970340687554776 × 10^302 |
| 34 | ov_034 | 2.3451736428128924 × 10^302 |
| 35 | ov_035 | 2.0301820446363534 × 10^302 |
| 36 | ov_036 | 1.7490630414036742 × 10^302 |
| 37 | ov_037 | 1.4989833602482738 × 10^302 |
| 38 | ov_038 | 1.2772611040559936 × 10^302 |
| 39 | ov_039 | 1.0813557024212468 × 10^302 |
| 40 | ov_040 | 9.088592564361781 × 10^301 |
| 41 | ov_041 | 7.574891431627761 × 10^301 |
| 42 | ov_042 | 6.250817526200266 × 10^301 |
| 43 | ov_043 | 5.105843170960295 × 10^301 |
| 44 | ov_044 | 4.1205639859562965 × 10^301 |
| 45 | ov_045 | 3.276634083191501 × 10^301 |
| 46 | ov_046 | 2.565141153177054 × 10^301 |
| 47 | ov_047 | 1.97768141481262 × 10^301 |
| 48 | ov_048 | 1.4989353100010179 × 10^301 |
| 49 | ov_049 | 1.1145594079726816 × 10^301 |
| 50 | ov_050 | 8.111766248411074 × 10^300 |
| 51 | ov_051 | 5.7636931223100385 × 10^300 |
| 52 | ov_052 | 3.9867460033272776 × 10^300 |
| 53 | ov_053 | 2.6758144514134248 × 10^300 |
| 54 | ov_054 | 1.735288939920888 × 10^300 |
| 55 | ov_055 | 1.0790514782464404 × 10^300 |
| 56 | ov_056 | 6.3047077203116095 × 10^299 |
| 57 | ov_057 | 3.5360243411257426 × 10^299 |
| 58 | ov_058 | 1.907818979919051 × 10^299 |
| 59 | ov_059 | 9.382644032184213 × 10^298 |
| 60 | ov_060 | 4.1015095610779437 × 10^298 |
| 61 | ov_061 | 1.5367585608786916 × 10^298 |
| 62 | ov_062 | 4.644285994229523 × 10^297 |
| 63 | ov_063 | 1.0277400519735087 × 10^297 |
| 64 | lv_79_m31 | 2.0033011953630716 × 10^296 |
| 65 | ov_065 | 2.385406756238 × 10^297 |
| 66 | ov_066 | 2.385401607867071 × 10^297 |
| 67 | ov_067 | 2.3853999734114553 × 10^297 |
| 68 | ov_068 | 2.0669220878611212 × 10^297 |
| 69 | ov_069 | 1.7815509508804376 × 10^297 |
| 70 | ov_070 | 1.5268236472577546 × 10^297 |
| 71 | ov_071 | 1.3004040735263298 × 10^297 |
| 72 | ov_072 | 1.1000739539562723 × 10^297 |
| 73 | ov_073 | 9.23725242542374 × 10^296 |
| 74 | ov_074 | 7.693537648633228 × 10^296 |
| 75 | ov_075 | 6.3505396138033064 × 10^296 |
| 76 | ov_076 | 5.19014601140833 × 10^296 |
| 77 | ov_077 | 4.195153420089932 × 10^296 |
| 78 | ov_078 | 3.3492402050589165 × 10^296 |
| 79 | ov_079 | 2.6369456114879704 × 10^296 |
| 80 | ov_080 | 2.043654018652553 × 10^296 |
| 81 | ov_081 | 1.5555833865288642 × 10^296 |
| 82 | ov_082 | 1.1597769918377547 × 10^296 |
| 83 | ov_083 | 8.440976153261989 × 10^295 |
| 84 | ov_084 | 5.972234065565818 × 10^295 |
| 85 | ov_085 | 4.086447853935829 × 10^295 |
| 86 | ov_086 | 2.68662001467935 × 10^295 |
| 87 | ov_087 | 1.683832109092267 × 10^295 |
| 88 | ov_088 | 9.972300631524213 × 10^294 |
| 89 | ov_089 | 5.540133593729459 × 10^294 |
| 90 | ov_090 | 2.894274806797641 × 10^294 |
| 91 | ov_091 | 1.4675896621702812 × 10^294 |
| 92 | ov_092 | 7.733244438749106 × 10^293 |
| 93 | ov_093 | 4.05090401693848 × 10^293 |
| 94 | ov_094 | 1.7978308983433206 × 10^293 |
| 95 | aaa_78_28 | 5.722547455493594 × 10^292 |
| 96 | aaa_78_29 | 2.135173630827237 × 10^292 |
| 97 | ov_097 | 1.8635993987875227 × 10^292 |
| 98 | ov_098 | 1.8635888310797666 × 10^292 |
| 99 | ov_099 | 1.8635854557059052 × 10^292 |
| 100 | ov_100 | 1.5876550018484283 × 10^292 |
| 101 | ov_101 | 1.343603956472386 × 10^292 |
| 102 | ov_102 | 1.1288335441981294 × 10^292 |
| 103 | ov_103 | 9.408875745211964 × 10^291 |
| 104 | ov_104 | 7.774420129107476 × 10^291 |
| 105 | ov_105 | 6.3629590747881 × 10^291 |
| 106 | ov_106 | 5.1536354787149546 × 10^291 |
| 107 | ov_107 | 4.1266773958635104 × 10^291 |
| 108 | ov_108 | 3.263340832096288 × 10^291 |
| 109 | ov_109 | 2.5458615414057322 × 10^291 |
| 110 | ov_110 | 1.957414842678099 × 10^291 |
| 111 | ov_111 | 1.4820825282117113 × 10^291 |
| 112 | ov_112 | 1.1048259927157366 × 10^291 |
| 113 | ov_113 | 8.114647671754051 × 10^290 |
| 114 | ov_114 | 5.886596970084646 × 10^290 |
| 115 | ov_115 | 4.23900058528776 × 10^290 |
| 116 | ov_116 | 3.0549396201346128 × 10^290 |
| 117 | ov_117 | 2.2256144374447097 × 10^290 |
| 118 | ov_118 | 1.6502970334010797 × 10^290 |
| 119 | ov_119 | 1.2362999655961755 × 10^290 |
| 120 | ov_120 | 8.989574758885922 × 10^289 |
| 121 | ov_121 | 6.302637995019195 × 10^289 |
| 122 | ov_122 | 4.2221600165842594 × 10^289 |
| 123 | ov_123 | 2.668127653727128 × 10^289 |
| 124 | ov_124 | 1.560536861973943 × 10^289 |
| 125 | ov_125 | 8.193880984442596 × 10^288 |
| 126 | ov_126 | 3.646836651209037 × 10^288 |
| 127 | aaa_77_28 | 1.1642645287876777 × 10^288 |
| 128 | aaa_77_29 | 4.3633892791053785 × 10^287 |
| 129 | ov_129 | 4.0203521408272426 × 10^287 |
| 130 | ov_130 | 4.0203429947052146 × 10^287 |
| 131 | ov_131 | 4.020340060227241 × 10^287 |
| 132 | ov_132 | 3.482290350274413 × 10^287 |
| 133 | ov_133 | 3.0005664685413685 × 10^287 |
| 134 | ov_134 | 2.570881523275438 × 10^287 |
| 135 | ov_135 | 2.1891855199813857 × 10^287 |
| 136 | ov_136 | 1.8516481338256214 × 10^287 |
| 137 | ov_137 | 1.5546437380800758 × 10^287 |
| 138 | ov_138 | 1.2947384933257998 × 10^287 |
| 139 | ov_139 | 1.0686792993198398 × 10^287 |
| 140 | ov_140 | 8.733844220000124 × 10^286 |
| 141 | ov_141 | 7.059356183749152 × 10^286 |
| 142 | ov_142 | 5.635715920850584 × 10^286 |
| 143 | ov_143 | 4.43682622279449 × 10^286 |
| 144 | ov_144 | 3.438062181753741 × 10^286 |
| 145 | ov_145 | 2.6162366129448416 × 10^286 |
| 146 | ov_146 | 1.9495730692490223 × 10^286 |
| 147 | ov_147 | 1.4176852586947112 × 10^286 |
| 148 | ov_148 | 1.001561770208649 × 10^286 |
| 149 | ov_149 | 6.835551076665118 × 10^285 |
| 150 | ov_150 | 4.473741267903942 × 10^285 |
| 151 | ov_151 | 2.780790638954801 × 10^285 |
| 152 | ov_152 | 1.6207843990711425 × 10^285 |
| 153 | ov_153 | 8.712724455479711 × 10^284 |
| 154 | ov_154 | 4.2325954210502076 × 10^284 |
| 155 | ov_155 | 1.812004493196128 × 10^284 |
| 156 | aaa_76_25 | 6.299764842229872 × 10^283 |
| 157 | aaa_76_26 | 3.8756505368956 × 10^283 |
| 158 | aaa_76_27 | 2.1238193626259424 × 10^283 |
| 159 | aaa_76_28 | 1.0001577894699184 × 10^283 |
| 160 | aaa_76_29 | 3.762956657876776 × 10^282 |

### Output Bits Sorted by Complexity

| Rank | Output Bit | Complexity |
|:----:|:----------:|:----------:|
| 160 | aaa_76_29 | 3.762956657876776 × 10^282 |
| 159 | aaa_76_28 | 1.0001577894699184 × 10^283 |
| 158 | aaa_76_27 | 2.1238193626259424 × 10^283 |
| 157 | aaa_76_26 | 3.8756505368956 × 10^283 |
| 156 | aaa_76_25 | 6.299764842229872 × 10^283 |
| 155 | ov_155 | 1.812004493196128 × 10^284 |
| 154 | ov_154 | 4.2325954210502076 × 10^284 |
| 153 | ov_153 | 8.712724455479711 × 10^284 |
| 152 | ov_152 | 1.6207843990711425 × 10^285 |
| 151 | ov_151 | 2.780790638954801 × 10^285 |
| 150 | ov_150 | 4.473741267903942 × 10^285 |
| 149 | ov_149 | 6.835551076665118 × 10^285 |
| 148 | ov_148 | 1.001561770208649 × 10^286 |
| 147 | ov_147 | 1.4176852586947112 × 10^286 |
| 146 | ov_146 | 1.9495730692490223 × 10^286 |
| 145 | ov_145 | 2.6162366129448416 × 10^286 |
| 144 | ov_144 | 3.438062181753741 × 10^286 |
| 143 | ov_143 | 4.43682622279449 × 10^286 |
| 142 | ov_142 | 5.635715920850584 × 10^286 |
| 141 | ov_141 | 7.059356183749152 × 10^286 |
| 140 | ov_140 | 8.733844220000124 × 10^286 |
| 139 | ov_139 | 1.0686792993198398 × 10^287 |
| 138 | ov_138 | 1.2947384933257998 × 10^287 |
| 137 | ov_137 | 1.5546437380800758 × 10^287 |
| 136 | ov_136 | 1.8516481338256214 × 10^287 |
| 135 | ov_135 | 2.1891855199813857 × 10^287 |
| 134 | ov_134 | 2.570881523275438 × 10^287 |
| 133 | ov_133 | 3.0005664685413685 × 10^287 |
| 132 | ov_132 | 3.482290350274413 × 10^287 |
| 131 | ov_131 | 4.020340060227241 × 10^287 |
| 130 | ov_130 | 4.0203429947052146 × 10^287 |
| 129 | ov_129 | 4.0203521408272426 × 10^287 |
| 128 | aaa_77_29 | 4.3633892791053785 × 10^287 |
| 127 | aaa_77_28 | 1.1642645287876777 × 10^288 |
| 126 | ov_126 | 3.646836651209037 × 10^288 |
| 125 | ov_125 | 8.193880984442596 × 10^288 |
| 124 | ov_124 | 1.560536861973943 × 10^289 |
| 123 | ov_123 | 2.668127653727128 × 10^289 |
| 122 | ov_122 | 4.2221600165842594 × 10^289 |
| 121 | ov_121 | 6.302637995019195 × 10^289 |
| 120 | ov_120 | 8.989574758885922 × 10^289 |
| 119 | ov_119 | 1.2362999655961755 × 10^290 |
| 118 | ov_118 | 1.6502970334010797 × 10^290 |
| 117 | ov_117 | 2.2256144374447097 × 10^290 |
| 116 | ov_116 | 3.0549396201346128 × 10^290 |
| 115 | ov_115 | 4.23900058528776 × 10^290 |
| 114 | ov_114 | 5.886596970084646 × 10^290 |
| 113 | ov_113 | 8.114647671754051 × 10^290 |
| 112 | ov_112 | 1.1048259927157366 × 10^291 |
| 111 | ov_111 | 1.4820825282117113 × 10^291 |
| 110 | ov_110 | 1.957414842678099 × 10^291 |
| 109 | ov_109 | 2.5458615414057322 × 10^291 |
| 108 | ov_108 | 3.263340832096288 × 10^291 |
| 107 | ov_107 | 4.1266773958635104 × 10^291 |
| 106 | ov_106 | 5.1536354787149546 × 10^291 |
| 105 | ov_105 | 6.3629590747881 × 10^291 |
| 104 | ov_104 | 7.774420129107476 × 10^291 |
| 103 | ov_103 | 9.408875745211964 × 10^291 |
| 102 | ov_102 | 1.1288335441981294 × 10^292 |
| 101 | ov_101 | 1.343603956472386 × 10^292 |
| 100 | ov_100 | 1.5876550018484283 × 10^292 |
| 99 | ov_099 | 1.8635854557059052 × 10^292 |
| 98 | ov_098 | 1.8635888310797666 × 10^292 |
| 97 | ov_097 | 1.8635993987875227 × 10^292 |
| 96 | aaa_78_29 | 2.135173630827237 × 10^292 |
| 95 | aaa_78_28 | 5.722547455493594 × 10^292 |
| 94 | ov_094 | 1.7978308983433206 × 10^293 |
| 93 | ov_093 | 4.05090401693848 × 10^293 |
| 92 | ov_092 | 7.733244438749106 × 10^293 |
| 91 | ov_091 | 1.4675896621702812 × 10^294 |
| 90 | ov_090 | 2.894274806797641 × 10^294 |
| 89 | ov_089 | 5.540133593729459 × 10^294 |
| 88 | ov_088 | 9.972300631524213 × 10^294 |
| 87 | ov_087 | 1.683832109092267 × 10^295 |
| 86 | ov_086 | 2.68662001467935 × 10^295 |
| 85 | ov_085 | 4.086447853935829 × 10^295 |
| 84 | ov_084 | 5.972234065565818 × 10^295 |
| 83 | ov_083 | 8.440976153261989 × 10^295 |
| 82 | ov_082 | 1.1597769918377547 × 10^296 |
| 81 | ov_081 | 1.5555833865288642 × 10^296 |
| 64 | lv_79_m31 | 2.0033011953630716 × 10^296 |
| 80 | ov_080 | 2.043654018652553 × 10^296 |
| 79 | ov_079 | 2.6369456114879704 × 10^296 |
| 78 | ov_078 | 3.3492402050589165 × 10^296 |
| 77 | ov_077 | 4.195153420089932 × 10^296 |
| 76 | ov_076 | 5.19014601140833 × 10^296 |
| 75 | ov_075 | 6.3505396138033064 × 10^296 |
| 74 | ov_074 | 7.693537648633228 × 10^296 |
| 73 | ov_073 | 9.23725242542374 × 10^296 |
| 63 | ov_063 | 1.0277400519735087 × 10^297 |
| 72 | ov_072 | 1.1000739539562723 × 10^297 |
| 71 | ov_071 | 1.3004040735263298 × 10^297 |
| 70 | ov_070 | 1.5268236472577546 × 10^297 |
| 69 | ov_069 | 1.7815509508804376 × 10^297 |
| 68 | ov_068 | 2.0669220878611212 × 10^297 |
| 67 | ov_067 | 2.3853999734114553 × 10^297 |
| 66 | ov_066 | 2.385401607867071 × 10^297 |
| 65 | ov_065 | 2.385406756238 × 10^297 |
| 62 | ov_062 | 4.644285994229523 × 10^297 |
| 61 | ov_061 | 1.5367585608786916 × 10^298 |
| 60 | ov_060 | 4.1015095610779437 × 10^298 |
| 59 | ov_059 | 9.382644032184213 × 10^298 |
| 58 | ov_058 | 1.907818979919051 × 10^299 |
| 57 | ov_057 | 3.5360243411257426 × 10^299 |
| 56 | ov_056 | 6.3047077203116095 × 10^299 |
| 55 | ov_055 | 1.0790514782464404 × 10^300 |
| 54 | ov_054 | 1.735288939920888 × 10^300 |
| 53 | ov_053 | 2.6758144514134248 × 10^300 |
| 52 | ov_052 | 3.9867460033272776 × 10^300 |
| 51 | ov_051 | 5.7636931223100385 × 10^300 |
| 50 | ov_050 | 8.111766248411074 × 10^300 |
| 49 | ov_049 | 1.1145594079726816 × 10^301 |
| 48 | ov_048 | 1.4989353100010179 × 10^301 |
| 47 | ov_047 | 1.97768141481262 × 10^301 |
| 32 | lv_80_k31 | 2.2172225617593956 × 10^301 |
| 46 | ov_046 | 2.565141153177054 × 10^301 |
| 45 | ov_045 | 3.276634083191501 × 10^301 |
| 44 | ov_044 | 4.1205639859562965 × 10^301 |
| 43 | ov_043 | 5.105843170960295 × 10^301 |
| 42 | ov_042 | 6.250817526200266 × 10^301 |
| 41 | ov_041 | 7.574891431627761 × 10^301 |
| 40 | ov_040 | 9.088592564361781 × 10^301 |
| 31 | ov_031 | 9.152464497298141 × 10^301 |
| 39 | ov_039 | 1.0813557024212468 × 10^302 |
| 38 | ov_038 | 1.2772611040559936 × 10^302 |
| 37 | ov_037 | 1.4989833602482738 × 10^302 |
| 36 | ov_036 | 1.7490630414036742 × 10^302 |
| 35 | ov_035 | 2.0301820446363534 × 10^302 |
| 34 | ov_034 | 2.3451736428128924 × 10^302 |
| 33 | ov_033 | 2.6970340687554776 × 10^302 |
| 30 | ov_030 | 3.7770973961758074 × 10^302 |
| 29 | ov_029 | 1.1409386941885256 × 10^303 |
| 28 | ov_028 | 2.7677189561133267 × 10^303 |
| 27 | ov_027 | 6.609980726048738 × 10^303 |
| 26 | ov_026 | 1.5895150570222567 × 10^304 |
| 25 | ov_025 | 3.489779285804325 × 10^304 |
| 24 | ov_024 | 6.893963402243684 × 10^304 |
| 23 | ov_023 | 1.2438963206368077 × 10^305 |
| 22 | ov_022 | 2.0866414210706753 × 10^305 |
| 21 | ov_021 | 3.302272594877534 × 10^305 |
| 20 | ov_020 | 4.9859145756578 × 10^305 |
| 19 | ov_019 | 7.2431869680285206 × 10^305 |
| 18 | ov_018 | 1.0190222894629244 × 10^306 |
| 17 | ov_017 | 1.3953698951506196 × 10^306 |
| 16 | ov_016 | 1.8670880528357825 × 10^306 |
| 15 | ov_015 | 2.4489687308818665 × 10^306 |
| 14 | ov_014 | 3.1568785148886443 × 10^306 |
| 13 | ov_013 | 4.007771160282926 × 10^306 |
| 12 | ov_012 | 5.019704312573895 × 10^306 |
| 11 | ov_011 | 6.211861274287204 × 10^306 |
| 10 | ov_010 | 7.604578773885999 × 10^306 |
| 9 | ov_009 | 9.21938176859588 × 10^306 |
| 8 | ov_008 | 1.1079026390134052 × 10^307 |
| 7 | ov_007 | 1.3207552141054322 × 10^307 |
| 6 | ov_006 | 1.563034428597976 × 10^307 |
| 5 | ov_005 | 1.8374207293874948 × 10^307 |
| 4 | ov_004 | 2.1467450427201165 × 10^307 |
| 3 | ov_003 | 2.4939986804878688 × 10^307 |
| 2 | ov_002 | 2.8823447236855246 × 10^307 |
| 1 | ov_001 | 3.313505019843061 × 10^307 |

