# Results for F001-F002-F003-F004-F005-F006-F007-F008-F009-F010-F011-F012-F013-F014-F015-F016-F017-F018-F019-F020-F021-F022-F023-F024-F025-F026-F027-F028-F029-F030-F031-F032-F033-F034-F035-F036-F037-F038-F039-F040-F041-F042-F043-F044-F045-F046-F047-F048-F049-F050-F051-F052-F053-F054-F055-F056-F057-F058-F059-F060-F061-F062-F063-F064-F065-F066-F067-F068-F069-F070-F071-F072-F073-F074-F075-F076-F077-F078-F079-F080-F081-F082-F083-F084-F085-F086-F087-F088-F089-F090-F091-F092-F093-F094-F095-F096-F097-F098-F099-F100-F101-F102-F103-F104-F105-F106-F107-F108-F109-F110-F111-F112-F113-F114-F115-F116-F117-F118-F119-F120-F121-F122-F123-F124-F125-F126-F127-F128-F129-F130-F131-F132-F133-F134-F135-F136-F137-F138-F139-F140-F141-F142-F143-F144-F145-F146-F147-F148-F149-F150-F151-F152-F153-F154-F155-F156-F157-F158-F159-F160-F161-F162-F163-F164-F165-F166-F167-F168-F169-F170-F171-F172-F173-F174-F175-F176-F177-F178-F179-F180-F181-F182-F183-F184-F185-F186-F187-F188-F189-F190-F191-F192-F193-F194-F195-F196-F197-F198-F199-F200-F201-F202-F203-F204-F205-F206-F207-F208-F209-F210-F211-F212-F213-F214-F215-F216-F217-F218-F219-F220-F221-F222-F223-F224-F225-F226-F227-F228-F229-F230-F231-F232-F233-F234-F235-F236-F237-F238-F239-F240-F241-F242-F243-F244-F245-F246-F247-F248-F249-F250-F251-F252-F253-F254-F255-F256-F257-F258-F259-F260-F261-F262-F263-F264-F265-F266-F267-F268-F269-F270-F271-F272-F273-F274-F275-F276-F277-F278-F279-F280-F281-F282-F283-F284-F285-F286-F287-F288-F289-F290-F291-F292-F293-F294-F295-F296-F297-F298-F299-F300-F301-F302-F303-F304-F305-F306-F307-F308-F309-F310-F311-F312-F313-F314-F315-F316-F317-F318-F319-F320-F321-F322-F323-F324-F325-F326-F327-F328-F329-F330-F331-F332-F333-F334-F335-F336-F337-F338-F339-F340-F341-F342-F343-F344-F345-F346-F347-F348-F349-F350-F351-F352-F353-F354-F355-F356-F357-F358-F359-F360-F361-F362-F363-F364-F365-F366-F367-F368-F369-F370-F371-F372-F373-F374-F375-F376-F377-F378-F379-F380-F381-F382-F383-F384-F385-F386-F387-F388-F389-F390-F391-F392-F393-F394-F395-F396-F397-F398-F399-F400-F401-F402-F403-F404-F405-F406-F407-F408-F409-F410-F411-F412-F413-F414-F415-F416-F417-F418-F419-F420-F421-F422-F423-F424-F425-F426-F427-F428-F429-F430-F431-F432-F433-F434-F435-F436-F437-F438-F439-F440-F441-F442-F443-F444-F445-F446-F447-F448-F449-F450-F451-F452-F453-F454-F455-F456-F457-F458-F459-F460-F461-F462-F463-F464-F465-F466-F467-F468-F469-F470-F471-F472-F473-F474-F475-F476-F477-F478-F479-F480-F481-F482-F483-F484-F485-F486-F487-F488-F489-F490-F491-F492-F493-F494-F495-F496-T507-F508-F509-F510-F512

## Summary

Number of input bits: 512  
Number of free input bits: 11  
Number of output bits: 160

Number of direct occurrences: 45772  
Number of assignments: 31546  
Number of operations: 11739452
(xor: 11710371,
and: 15750,
or: 13331)

Total complexity: 8.139439159206215 × 10^305

Least occurring input variable: iv_499 (3991)  
Most occurring input variable: iv_503 (4339)

Most co-occurring input variables: iv_501-iv_503 (2150)  
Least co-occurring input variables: iv_497-iv_499 (1801)

Potentially most occurring input variable: iv_502/iv_511 (4612)  
Potentially least occurring input variable: iv_499/iv_504 (4210)

Least output occurring input variable: iv_501 (66)  
Most output occurring input variable: iv_503 (89)

Most output co-occurring input variables: iv_503-iv_506 (56)  
Least output co-occurring input variables: iv_501-iv_504 (29)

Potentially most output occurring input variable: iv_497/iv_498 (93)  
Potentially least output occurring input variable: iv_503/iv_506 (64)

Least complex input bit: iv_511 (4.294311711279052 × 10^300)  
Most complex input bit: iv_505 (2.5962471734855606 × 10^305)

Least complex output bit: aaa_76_29 (2.6631125447861154 × 10^280)  
Most complex output bit: ov_001 (1.272444287698965 × 10^305)

Least complex input/output complexity: iv_511/aaa_76_29 (1.4050397288852603 × 10^275)  
Most complex input/output complexity: iv_505/ov_001 (4.0587315916229033 × 10^304)

## Input Bits

### Input Bits in Regular Order

| Input Bit | Complexity | Occurrences | Output Occurrences |
|:---------:|:----------:|:-----------:|:------------------:|
| iv_497 | 4.649116319753309 × 10^303 | 4101 | 70 |
| iv_498 | 9.270801460246948 × 10^303 | 4034 | 87 |
| iv_499 | 1.70401530932803 × 10^304 | 3991 | 74 |
| iv_500 | 3.0082413978325646 × 10^304 | 4200 | 83 |
| iv_501 | 5.156658796379785 × 10^304 | 4238 | 66 |
| iv_502 | 8.604230044331124 × 10^304 | 4158 | 81 |
| iv_503 | 1.3988038931365556 × 10^305 | 4339 | 89 |
| iv_504 | 2.0239335717593453 × 10^305 | 4009 | 72 |
| iv_505 | 2.5962471734855606 × 10^305 | 4235 | 84 |
| iv_506 | 1.3389784512049032 × 10^304 | 4141 | 87 |
| iv_511 | 4.294311711279052 × 10^300 | 4326 | 77 |

### Input Bits Sorted by Complexity

| Input Bit | Complexity | Occurrences | Output Occurrences |
|:---------:|:----------:|:-----------:|:------------------:|
| iv_511 | 4.294311711279052 × 10^300 | 4326 | 77 |
| iv_497 | 4.649116319753309 × 10^303 | 4101 | 70 |
| iv_498 | 9.270801460246948 × 10^303 | 4034 | 87 |
| iv_506 | 1.3389784512049032 × 10^304 | 4141 | 87 |
| iv_499 | 1.70401530932803 × 10^304 | 3991 | 74 |
| iv_500 | 3.0082413978325646 × 10^304 | 4200 | 83 |
| iv_501 | 5.156658796379785 × 10^304 | 4238 | 66 |
| iv_502 | 8.604230044331124 × 10^304 | 4158 | 81 |
| iv_503 | 1.3988038931365556 × 10^305 | 4339 | 89 |
| iv_504 | 2.0239335717593453 × 10^305 | 4009 | 72 |
| iv_505 | 2.5962471734855606 × 10^305 | 4235 | 84 |

### Input Bits Sorted by Occurrences

| Input Bit | Complexity | Occurrences | Output Occurrences |
|:---------:|:----------:|:-----------:|:------------------:|
| iv_499 | 1.70401530932803 × 10^304 | 3991 | 74 |
| iv_504 | 2.0239335717593453 × 10^305 | 4009 | 72 |
| iv_498 | 9.270801460246948 × 10^303 | 4034 | 87 |
| iv_497 | 4.649116319753309 × 10^303 | 4101 | 70 |
| iv_506 | 1.3389784512049032 × 10^304 | 4141 | 87 |
| iv_502 | 8.604230044331124 × 10^304 | 4158 | 81 |
| iv_500 | 3.0082413978325646 × 10^304 | 4200 | 83 |
| iv_505 | 2.5962471734855606 × 10^305 | 4235 | 84 |
| iv_501 | 5.156658796379785 × 10^304 | 4238 | 66 |
| iv_511 | 4.294311711279052 × 10^300 | 4326 | 77 |
| iv_503 | 1.3988038931365556 × 10^305 | 4339 | 89 |

### Input Bits Sorted by Output Occurrences

| Input Bit | Complexity | Occurrences | Output Occurrences |
|:---------:|:----------:|:-----------:|:------------------:|
| iv_501 | 5.156658796379785 × 10^304 | 4238 | 66 |
| iv_497 | 4.649116319753309 × 10^303 | 4101 | 70 |
| iv_504 | 2.0239335717593453 × 10^305 | 4009 | 72 |
| iv_499 | 1.70401530932803 × 10^304 | 3991 | 74 |
| iv_511 | 4.294311711279052 × 10^300 | 4326 | 77 |
| iv_502 | 8.604230044331124 × 10^304 | 4158 | 81 |
| iv_500 | 3.0082413978325646 × 10^304 | 4200 | 83 |
| iv_505 | 2.5962471734855606 × 10^305 | 4235 | 84 |
| iv_498 | 9.270801460246948 × 10^303 | 4034 | 87 |
| iv_506 | 1.3389784512049032 × 10^304 | 4141 | 87 |
| iv_503 | 1.3988038931365556 × 10^305 | 4339 | 89 |

## Input Bit Co-occurrences

### Input Bit Co-occurrences Sorted by Co-occurrences

| Input Bits | Co-occurrences | Potential Occurrences | Output Co-occurrences | Potential Output Occurrences |
|:----------:|:--------------:|:---------------------:|:---------------------:|:----------------------------:|
| iv_501-iv_503 | 2150 | 4277 | 42 | 71 |
| iv_503-iv_506 | 2089 | 4302 | 56 | 64 |
| iv_501-iv_511 | 2078 | 4408 | 31 | 81 |
| iv_503-iv_511 | 2069 | 4527 | 41 | 84 |
| iv_500-iv_503 | 2048 | 4443 | 46 | 80 |
| iv_501-iv_505 | 2045 | 4383 | 38 | 74 |
| iv_502-iv_503 | 2040 | 4417 | 43 | 84 |
| iv_503-iv_505 | 2039 | 4496 | 51 | 71 |
| iv_500-iv_506 | 2038 | 4265 | 45 | 80 |
| iv_501-iv_506 | 2036 | 4307 | 34 | 85 |
| iv_501-iv_502 | 2032 | 4332 | 34 | 79 |

### Input Bit Co-occurrences Sorted by Potential Occurrences

| Input Bits | Co-occurrences | Potential Occurrences | Output Co-occurrences | Potential Output Occurrences |
|:----------:|:--------------:|:---------------------:|:---------------------:|:----------------------------:|
| iv_499-iv_504 | 1895 | 4210 | 40 | 66 |
| iv_502-iv_504 | 1962 | 4243 | 33 | 87 |
| iv_498-iv_504 | 1896 | 4251 | 41 | 77 |
| iv_500-iv_506 | 2038 | 4265 | 45 | 80 |
| iv_501-iv_503 | 2150 | 4277 | 42 | 71 |
| iv_497-iv_505 | 2024 | 4288 | 38 | 78 |
| iv_499-iv_503 | 2018 | 4294 | 39 | 85 |
| iv_504-iv_506 | 1927 | 4296 | 39 | 81 |
| iv_499-iv_500 | 1946 | 4299 | 42 | 73 |
| iv_503-iv_506 | 2089 | 4302 | 56 | 64 |
| iv_499-iv_506 | 1913 | 4306 | 45 | 71 |

### Input Bit Output Co-occurrences Sorted by Output Co-occurrences

| Input Bits | Co-occurrences | Potential Occurrences | Output Co-occurrences | Potential Output Occurrences |
|:----------:|:--------------:|:---------------------:|:---------------------:|:----------------------------:|
| iv_503-iv_506 | 2089 | 4302 | 56 | 64 |
| iv_498-iv_506 | 1930 | 4315 | 51 | 72 |
| iv_503-iv_505 | 2039 | 4496 | 51 | 71 |
| iv_500-iv_505 | 2029 | 4377 | 48 | 71 |
| iv_498-iv_503 | 1894 | 4585 | 48 | 80 |
| iv_498-iv_502 | 1878 | 4436 | 47 | 74 |
| iv_500-iv_503 | 2048 | 4443 | 46 | 80 |
| iv_500-iv_502 | 1994 | 4370 | 45 | 74 |
| iv_499-iv_506 | 1913 | 4306 | 45 | 71 |
| iv_500-iv_506 | 2038 | 4265 | 45 | 80 |
| iv_502-iv_506 | 1952 | 4395 | 45 | 78 |

### Input Bit Output Co-occurrences Sorted by Potential Output Occurrences

| Input Bits | Co-occurrences | Potential Occurrences | Output Co-occurrences | Potential Output Occurrences |
|:----------:|:--------------:|:---------------------:|:---------------------:|:----------------------------:|
| iv_503-iv_506 | 2089 | 4302 | 56 | 64 |
| iv_499-iv_504 | 1895 | 4210 | 40 | 66 |
| iv_499-iv_511 | 1968 | 4381 | 41 | 69 |
| iv_500-iv_505 | 2029 | 4377 | 48 | 71 |
| iv_498-iv_501 | 1969 | 4334 | 41 | 71 |
| iv_499-iv_506 | 1913 | 4306 | 45 | 71 |
| iv_500-iv_504 | 1946 | 4317 | 42 | 71 |
| iv_501-iv_503 | 2150 | 4277 | 42 | 71 |
| iv_503-iv_505 | 2039 | 4496 | 51 | 71 |
| iv_504-iv_511 | 1939 | 4457 | 39 | 71 |
| iv_497-iv_503 | 1988 | 4464 | 44 | 71 |

## Output Bits

### Output Bits in Regular Order

| Rank | Output Bit | Complexity |
|:----:|:----------:|:----------:|
| 1 | ov_001 | 1.272444287698965 × 10^305 |
| 2 | ov_002 | 1.1072483299313217 × 10^305 |
| 3 | ov_003 | 9.589355805999457 × 10^304 |
| 4 | ov_004 | 8.262408107696967 × 10^304 |
| 5 | ov_005 | 7.079681378392285 × 10^304 |
| 6 | ov_006 | 6.029860249963027 × 10^304 |
| 7 | ov_007 | 5.102229317198305 × 10^304 |
| 8 | ov_008 | 4.2866357595784486 × 10^304 |
| 9 | ov_009 | 3.5734575908947237 × 10^304 |
| 10 | ov_010 | 2.9535769582613577 × 10^304 |
| 11 | ov_011 | 2.4183579055642108 × 10^304 |
| 12 | ov_012 | 1.9596280499423695 × 10^304 |
| 13 | ov_013 | 1.5696636528011477 × 10^304 |
| 14 | ov_014 | 1.2411775992505842 × 10^304 |
| 15 | ov_015 | 9.673098318688168 × 10^303 |
| 16 | ov_016 | 7.416198163980784 × 10^303 |
| 17 | ov_017 | 5.580806484665913 × 10^303 |
| 18 | ov_018 | 4.110744603283421 × 10^303 |
| 19 | ov_019 | 2.9538887160708688 × 10^303 |
| 20 | ov_020 | 2.0621430712432636 × 10^303 |
| 21 | ov_021 | 1.3914204096341658 × 10^303 |
| 22 | ov_022 | 9.016283064071043 × 10^302 |
| 23 | ov_023 | 5.566599914807657 × 10^302 |
| 24 | ov_024 | 3.243883814756329 × 10^302 |
| 25 | ov_025 | 1.7666242741446926 × 10^302 |
| 26 | ov_026 | 8.930511377704011 × 10^301 |
| 27 | ov_027 | 4.2112516918199734 × 10^301 |
| 28 | ov_028 | 1.8853433761706872 × 10^301 |
| 29 | ov_029 | 7.269262266887875 × 10^300 |
| 30 | ov_030 | 2.223845464162088 × 10^300 |
| 31 | ov_031 | 4.341618963982076 × 10^299 |
| 32 | lv_80_m31 | 8.47548839959488 × 10^298 |
| 33 | ov_033 | 1.01574151970669 × 10^300 |
| 34 | ov_034 | 8.825939338611068 × 10^299 |
| 35 | ov_035 | 7.633191899387621 × 10^299 |
| 36 | ov_036 | 6.566907531341837 × 10^299 |
| 37 | ov_037 | 5.615483927466427 × 10^299 |
| 38 | ov_038 | 4.767935087437172 × 10^299 |
| 39 | ov_039 | 4.013850912508757 × 10^299 |
| 40 | ov_040 | 3.348165654298585 × 10^299 |
| 41 | ov_041 | 2.76607618467948 × 10^299 |
| 42 | ov_042 | 2.2630284510625367 × 10^299 |
| 43 | ov_043 | 1.8347061045267445 × 10^299 |
| 44 | ov_044 | 1.4731534509907304 × 10^299 |
| 45 | ov_045 | 1.170849489435321 × 10^299 |
| 46 | ov_046 | 9.206965814682123 × 10^298 |
| 47 | ov_047 | 7.160114454615174 × 10^298 |
| 48 | ov_048 | 5.505181023179415 × 10^298 |
| 49 | ov_049 | 4.183424276344086 × 10^298 |
| 50 | ov_050 | 3.1400799266976363 × 10^298 |
| 51 | ov_051 | 2.324329187876873 × 10^298 |
| 52 | ov_052 | 1.6892753991914388 × 10^298 |
| 53 | ov_053 | 1.1919273227881697 × 10^298 |
| 54 | ov_054 | 8.117639879145316 × 10^297 |
| 55 | ov_055 | 5.3020931849607736 × 10^297 |
| 56 | ov_056 | 3.3062944097930644 × 10^297 |
| 57 | ov_057 | 1.9833106853811898 × 10^297 |
| 58 | ov_058 | 1.0974610738737733 × 10^297 |
| 59 | ov_059 | 5.406009423485686 × 10^296 |
| 60 | ov_060 | 2.2397508432198945 × 10^296 |
| 61 | ov_061 | 7.821690084046539 × 10^295 |
| 62 | ov_062 | 2.1450903974072282 × 10^295 |
| 63 | ov_063 | 4.179706670206402 × 10^294 |
| 64 | lv_79_m31 | 8.142253942200535 × 10^293 |
| 65 | ov_065 | 9.699636827512541 × 10^294 |
| 66 | ov_066 | 9.699607867346017 × 10^294 |
| 67 | ov_067 | 9.699600889026721 × 10^294 |
| 68 | ov_068 | 8.392173622250752 × 10^294 |
| 69 | ov_069 | 7.223289758344986 × 10^294 |
| 70 | ov_070 | 6.182432839680784 × 10^294 |
| 71 | ov_071 | 5.259627746765248 × 10^294 |
| 72 | ov_072 | 4.445402352402008 × 10^294 |
| 73 | ov_073 | 3.7307550961154504 × 10^294 |
| 74 | ov_074 | 3.107127853877633 × 10^294 |
| 75 | ov_075 | 2.566383511113851 × 10^294 |
| 76 | ov_076 | 2.1007876786721864 × 10^294 |
| 77 | ov_077 | 1.7029940221465426 × 10^294 |
| 78 | ov_078 | 1.366032704833831 × 10^294 |
| 79 | ov_079 | 1.0833014738481143 × 10^294 |
| 80 | ov_080 | 8.485589476457037 × 10^293 |
| 81 | ov_081 | 6.559196915493117 × 10^293 |
| 82 | ov_082 | 4.9985069588830825 × 10^293 |
| 83 | ov_083 | 3.7516889916905596 × 10^293 |
| 84 | ov_084 | 2.770394263128907 × 10^293 |
| 85 | ov_085 | 2.0097426874971075 × 10^293 |
| 86 | ov_086 | 1.4283124491048069 × 10^293 |
| 87 | ov_087 | 9.881318112386904 × 10^292 |
| 88 | ov_088 | 6.546728561229432 × 10^292 |
| 89 | ov_089 | 4.115319092560351 × 10^292 |
| 90 | ov_090 | 2.4402394433470326 × 10^292 |
| 91 | ov_091 | 1.3918128708364318 × 10^292 |
| 92 | ov_092 | 7.621776629034568 × 10^291 |
| 93 | ov_093 | 3.7779166785874066 × 10^291 |
| 94 | ov_094 | 1.6046314201812093 × 10^291 |
| 95 | aaa_78_28 | 4.9158095004808106 × 10^290 |
| 96 | aaa_78_29 | 1.4908774362109855 × 10^290 |
| 97 | ov_097 | 7.955438091652917 × 10^289 |
| 98 | ov_098 | 7.955393221434224 × 10^289 |
| 99 | ov_099 | 7.955378900362762 × 10^289 |
| 100 | ov_100 | 6.776884493986885 × 10^289 |
| 101 | ov_101 | 5.734617044012172 × 10^289 |
| 102 | ov_102 | 4.817471883515275 × 10^289 |
| 103 | ov_103 | 4.0149510206585827 × 10^289 |
| 104 | ov_104 | 3.3171190908399924 × 10^289 |
| 105 | ov_105 | 2.71456513174885 × 10^289 |
| 106 | ov_106 | 2.198369637372098 × 10^289 |
| 107 | ov_107 | 1.760076375069502 × 10^289 |
| 108 | ov_108 | 1.391668476918797 × 10^289 |
| 109 | ov_109 | 1.0855483428173594 × 10^289 |
| 110 | ov_110 | 8.345209184845163 × 10^288 |
| 111 | ov_111 | 6.317799366811498 × 10^288 |
| 112 | ov_112 | 4.708967347699494 × 10^288 |
| 113 | ov_113 | 3.4581128627751807 × 10^288 |
| 114 | ov_114 | 2.5082510846508516 × 10^288 |
| 115 | ov_115 | 1.8059573212592887 × 10^288 |
| 116 | ov_116 | 1.3013244394718926 × 10^288 |
| 117 | ov_117 | 9.479303583202338 × 10^287 |
| 118 | ov_118 | 7.028134529591392 × 10^287 |
| 119 | ov_119 | 5.2645443446965565 × 10^287 |
| 120 | ov_120 | 3.8276367750129375 × 10^287 |
| 121 | ov_121 | 2.6832500495824132 × 10^287 |
| 122 | ov_122 | 1.7972542329156494 × 10^287 |
| 123 | ov_123 | 1.1355380505387029 × 10^287 |
| 124 | ov_124 | 6.640000022059246 × 10^286 |
| 125 | ov_125 | 3.485428565263886 × 10^286 |
| 126 | ov_126 | 1.550708427177327 × 10^286 |
| 127 | aaa_77_28 | 4.948857265879194 × 10^285 |
| 128 | aaa_77_29 | 1.853695318685593 × 10^285 |
| 129 | ov_129 | 1.709239477375495 × 10^285 |
| 130 | ov_130 | 1.7092342921672912 × 10^285 |
| 131 | ov_131 | 1.7092330389795443 × 10^285 |
| 132 | ov_132 | 1.4793065599184445 × 10^285 |
| 133 | ov_133 | 1.2737639328036409 × 10^285 |
| 134 | ov_134 | 1.090736690330755 × 10^285 |
| 135 | ov_135 | 9.284559326785435 × 10^284 |
| 136 | ov_136 | 7.852452180524321 × 10^284 |
| 137 | ov_137 | 6.595144536124861 × 10^284 |
| 138 | ov_138 | 5.49754689752879 × 10^284 |
| 139 | ov_139 | 4.545337256507488 × 10^284 |
| 140 | ov_140 | 3.7249243881223324 × 10^284 |
| 141 | ov_141 | 3.0234175604412384 × 10^284 |
| 142 | ov_142 | 2.4286018789740846 × 10^284 |
| 143 | ov_143 | 1.928918531854138 × 10^284 |
| 144 | ov_144 | 1.5134492469120378 × 10^284 |
| 145 | ov_145 | 1.1719043165916555 × 10^284 |
| 146 | ov_146 | 8.946135912381518 × 10^283 |
| 147 | ov_147 | 6.725198857178008 × 10^283 |
| 148 | ov_148 | 4.971742886576301 × 10^283 |
| 149 | ov_149 | 3.607329078566116 × 10^283 |
| 150 | ov_150 | 2.559546505076033 × 10^283 |
| 151 | ov_151 | 1.7619974089986398 × 10^283 |
| 152 | ov_152 | 1.154287740046283 × 10^283 |
| 153 | ov_153 | 7.077204995241829 × 10^282 |
| 154 | ov_154 | 3.965966784912502 × 10^282 |
| 155 | ov_155 | 1.9821411158128177 × 10^282 |
| 156 | aaa_76_25 | 7.615674905852692 × 10^281 |
| 157 | aaa_76_26 | 4.3970582434826615 × 10^281 |
| 158 | aaa_76_27 | 2.2503280431081586 × 10^281 |
| 159 | aaa_76_28 | 8.759276681202336 × 10^280 |
| 160 | aaa_76_29 | 2.6631125447861154 × 10^280 |

### Output Bits Sorted by Complexity

| Rank | Output Bit | Complexity |
|:----:|:----------:|:----------:|
| 160 | aaa_76_29 | 2.6631125447861154 × 10^280 |
| 159 | aaa_76_28 | 8.759276681202336 × 10^280 |
| 158 | aaa_76_27 | 2.2503280431081586 × 10^281 |
| 157 | aaa_76_26 | 4.3970582434826615 × 10^281 |
| 156 | aaa_76_25 | 7.615674905852692 × 10^281 |
| 155 | ov_155 | 1.9821411158128177 × 10^282 |
| 154 | ov_154 | 3.965966784912502 × 10^282 |
| 153 | ov_153 | 7.077204995241829 × 10^282 |
| 152 | ov_152 | 1.154287740046283 × 10^283 |
| 151 | ov_151 | 1.7619974089986398 × 10^283 |
| 150 | ov_150 | 2.559546505076033 × 10^283 |
| 149 | ov_149 | 3.607329078566116 × 10^283 |
| 148 | ov_148 | 4.971742886576301 × 10^283 |
| 147 | ov_147 | 6.725198857178008 × 10^283 |
| 146 | ov_146 | 8.946135912381518 × 10^283 |
| 145 | ov_145 | 1.1719043165916555 × 10^284 |
| 144 | ov_144 | 1.5134492469120378 × 10^284 |
| 143 | ov_143 | 1.928918531854138 × 10^284 |
| 142 | ov_142 | 2.4286018789740846 × 10^284 |
| 141 | ov_141 | 3.0234175604412384 × 10^284 |
| 140 | ov_140 | 3.7249243881223324 × 10^284 |
| 139 | ov_139 | 4.545337256507488 × 10^284 |
| 138 | ov_138 | 5.49754689752879 × 10^284 |
| 137 | ov_137 | 6.595144536124861 × 10^284 |
| 136 | ov_136 | 7.852452180524321 × 10^284 |
| 135 | ov_135 | 9.284559326785435 × 10^284 |
| 134 | ov_134 | 1.090736690330755 × 10^285 |
| 133 | ov_133 | 1.2737639328036409 × 10^285 |
| 132 | ov_132 | 1.4793065599184445 × 10^285 |
| 131 | ov_131 | 1.7092330389795443 × 10^285 |
| 130 | ov_130 | 1.7092342921672912 × 10^285 |
| 129 | ov_129 | 1.709239477375495 × 10^285 |
| 128 | aaa_77_29 | 1.853695318685593 × 10^285 |
| 127 | aaa_77_28 | 4.948857265879194 × 10^285 |
| 126 | ov_126 | 1.550708427177327 × 10^286 |
| 125 | ov_125 | 3.485428565263886 × 10^286 |
| 124 | ov_124 | 6.640000022059246 × 10^286 |
| 123 | ov_123 | 1.1355380505387029 × 10^287 |
| 122 | ov_122 | 1.7972542329156494 × 10^287 |
| 121 | ov_121 | 2.6832500495824132 × 10^287 |
| 120 | ov_120 | 3.8276367750129375 × 10^287 |
| 119 | ov_119 | 5.2645443446965565 × 10^287 |
| 118 | ov_118 | 7.028134529591392 × 10^287 |
| 117 | ov_117 | 9.479303583202338 × 10^287 |
| 116 | ov_116 | 1.3013244394718926 × 10^288 |
| 115 | ov_115 | 1.8059573212592887 × 10^288 |
| 114 | ov_114 | 2.5082510846508516 × 10^288 |
| 113 | ov_113 | 3.4581128627751807 × 10^288 |
| 112 | ov_112 | 4.708967347699494 × 10^288 |
| 111 | ov_111 | 6.317799366811498 × 10^288 |
| 110 | ov_110 | 8.345209184845163 × 10^288 |
| 109 | ov_109 | 1.0855483428173594 × 10^289 |
| 108 | ov_108 | 1.391668476918797 × 10^289 |
| 107 | ov_107 | 1.760076375069502 × 10^289 |
| 106 | ov_106 | 2.198369637372098 × 10^289 |
| 105 | ov_105 | 2.71456513174885 × 10^289 |
| 104 | ov_104 | 3.3171190908399924 × 10^289 |
| 103 | ov_103 | 4.0149510206585827 × 10^289 |
| 102 | ov_102 | 4.817471883515275 × 10^289 |
| 101 | ov_101 | 5.734617044012172 × 10^289 |
| 100 | ov_100 | 6.776884493986885 × 10^289 |
| 99 | ov_099 | 7.955378900362762 × 10^289 |
| 98 | ov_098 | 7.955393221434224 × 10^289 |
| 97 | ov_097 | 7.955438091652917 × 10^289 |
| 96 | aaa_78_29 | 1.4908774362109855 × 10^290 |
| 95 | aaa_78_28 | 4.9158095004808106 × 10^290 |
| 94 | ov_094 | 1.6046314201812093 × 10^291 |
| 93 | ov_093 | 3.7779166785874066 × 10^291 |
| 92 | ov_092 | 7.621776629034568 × 10^291 |
| 91 | ov_091 | 1.3918128708364318 × 10^292 |
| 90 | ov_090 | 2.4402394433470326 × 10^292 |
| 89 | ov_089 | 4.115319092560351 × 10^292 |
| 88 | ov_088 | 6.546728561229432 × 10^292 |
| 87 | ov_087 | 9.881318112386904 × 10^292 |
| 86 | ov_086 | 1.4283124491048069 × 10^293 |
| 85 | ov_085 | 2.0097426874971075 × 10^293 |
| 84 | ov_084 | 2.770394263128907 × 10^293 |
| 83 | ov_083 | 3.7516889916905596 × 10^293 |
| 82 | ov_082 | 4.9985069588830825 × 10^293 |
| 81 | ov_081 | 6.559196915493117 × 10^293 |
| 64 | lv_79_m31 | 8.142253942200535 × 10^293 |
| 80 | ov_080 | 8.485589476457037 × 10^293 |
| 79 | ov_079 | 1.0833014738481143 × 10^294 |
| 78 | ov_078 | 1.366032704833831 × 10^294 |
| 77 | ov_077 | 1.7029940221465426 × 10^294 |
| 76 | ov_076 | 2.1007876786721864 × 10^294 |
| 75 | ov_075 | 2.566383511113851 × 10^294 |
| 74 | ov_074 | 3.107127853877633 × 10^294 |
| 73 | ov_073 | 3.7307550961154504 × 10^294 |
| 63 | ov_063 | 4.179706670206402 × 10^294 |
| 72 | ov_072 | 4.445402352402008 × 10^294 |
| 71 | ov_071 | 5.259627746765248 × 10^294 |
| 70 | ov_070 | 6.182432839680784 × 10^294 |
| 69 | ov_069 | 7.223289758344986 × 10^294 |
| 68 | ov_068 | 8.392173622250752 × 10^294 |
| 67 | ov_067 | 9.699600889026721 × 10^294 |
| 66 | ov_066 | 9.699607867346017 × 10^294 |
| 65 | ov_065 | 9.699636827512541 × 10^294 |
| 62 | ov_062 | 2.1450903974072282 × 10^295 |
| 61 | ov_061 | 7.821690084046539 × 10^295 |
| 60 | ov_060 | 2.2397508432198945 × 10^296 |
| 59 | ov_059 | 5.406009423485686 × 10^296 |
| 58 | ov_058 | 1.0974610738737733 × 10^297 |
| 57 | ov_057 | 1.9833106853811898 × 10^297 |
| 56 | ov_056 | 3.3062944097930644 × 10^297 |
| 55 | ov_055 | 5.3020931849607736 × 10^297 |
| 54 | ov_054 | 8.117639879145316 × 10^297 |
| 53 | ov_053 | 1.1919273227881697 × 10^298 |
| 52 | ov_052 | 1.6892753991914388 × 10^298 |
| 51 | ov_051 | 2.324329187876873 × 10^298 |
| 50 | ov_050 | 3.1400799266976363 × 10^298 |
| 49 | ov_049 | 4.183424276344086 × 10^298 |
| 48 | ov_048 | 5.505181023179415 × 10^298 |
| 47 | ov_047 | 7.160114454615174 × 10^298 |
| 32 | lv_80_m31 | 8.47548839959488 × 10^298 |
| 46 | ov_046 | 9.206965814682123 × 10^298 |
| 45 | ov_045 | 1.170849489435321 × 10^299 |
| 44 | ov_044 | 1.4731534509907304 × 10^299 |
| 43 | ov_043 | 1.8347061045267445 × 10^299 |
| 42 | ov_042 | 2.2630284510625367 × 10^299 |
| 41 | ov_041 | 2.76607618467948 × 10^299 |
| 40 | ov_040 | 3.348165654298585 × 10^299 |
| 39 | ov_039 | 4.013850912508757 × 10^299 |
| 31 | ov_031 | 4.341618963982076 × 10^299 |
| 38 | ov_038 | 4.767935087437172 × 10^299 |
| 37 | ov_037 | 5.615483927466427 × 10^299 |
| 36 | ov_036 | 6.566907531341837 × 10^299 |
| 35 | ov_035 | 7.633191899387621 × 10^299 |
| 34 | ov_034 | 8.825939338611068 × 10^299 |
| 33 | ov_033 | 1.01574151970669 × 10^300 |
| 30 | ov_030 | 2.223845464162088 × 10^300 |
| 29 | ov_029 | 7.269262266887875 × 10^300 |
| 28 | ov_028 | 1.8853433761706872 × 10^301 |
| 27 | ov_027 | 4.2112516918199734 × 10^301 |
| 26 | ov_026 | 8.930511377704011 × 10^301 |
| 25 | ov_025 | 1.7666242741446926 × 10^302 |
| 24 | ov_024 | 3.243883814756329 × 10^302 |
| 23 | ov_023 | 5.566599914807657 × 10^302 |
| 22 | ov_022 | 9.016283064071043 × 10^302 |
| 21 | ov_021 | 1.3914204096341658 × 10^303 |
| 20 | ov_020 | 2.0621430712432636 × 10^303 |
| 19 | ov_019 | 2.9538887160708688 × 10^303 |
| 18 | ov_018 | 4.110744603283421 × 10^303 |
| 17 | ov_017 | 5.580806484665913 × 10^303 |
| 16 | ov_016 | 7.416198163980784 × 10^303 |
| 15 | ov_015 | 9.673098318688168 × 10^303 |
| 14 | ov_014 | 1.2411775992505842 × 10^304 |
| 13 | ov_013 | 1.5696636528011477 × 10^304 |
| 12 | ov_012 | 1.9596280499423695 × 10^304 |
| 11 | ov_011 | 2.4183579055642108 × 10^304 |
| 10 | ov_010 | 2.9535769582613577 × 10^304 |
| 9 | ov_009 | 3.5734575908947237 × 10^304 |
| 8 | ov_008 | 4.2866357595784486 × 10^304 |
| 7 | ov_007 | 5.102229317198305 × 10^304 |
| 6 | ov_006 | 6.029860249963027 × 10^304 |
| 5 | ov_005 | 7.079681378392285 × 10^304 |
| 4 | ov_004 | 8.262408107696967 × 10^304 |
| 3 | ov_003 | 9.589355805999457 × 10^304 |
| 2 | ov_002 | 1.1072483299313217 × 10^305 |
| 1 | ov_001 | 1.272444287698965 × 10^305 |

