# Results for F001-F002-F003-F004-F005-F006-F007-F008-F009-F010-F011-F012-F013-F014-F015-F016-F017-F018-F019-F020-F021-F022-F023-F024-F025-F026-F027-F028-F029-F030-F031-F032-F033-F034-F035-F036-F037-F038-F039-F040-F041-F042-F043-F044-F045-F046-F047-F048-F049-F050-F051-F052-F053-F054-F055-F056-F057-F058-F059-F060-F061-F062-F063-F064-F065-F066-F067-F068-F069-F070-F071-F072-F073-F074-F075-F076-F077-F078-F079-F080-F081-F082-F083-F084-F085-F086-F087-F088-F089-F090-F091-F092-F093-F094-F095-F096-F097-F098-F099-F100-F101-F102-F103-F104-F105-F106-F107-F108-F109-F110-F111-F112-F113-F114-F115-F116-F117-F118-F119-F120-F121-F122-F123-F124-F125-F126-F127-F128-F129-F130-F131-F132-F133-F134-F135-F136-F137-F138-F139-F140-F141-F142-F143-F144-F145-F146-F147-F148-F149-F150-F151-F152-F153-F154-F155-F156-F157-F158-F159-F160-F161-F162-F163-F164-F165-F166-F167-F168-F169-F170-F171-F172-F173-F174-F175-F176-F177-F178-F179-F180-F181-F182-F183-F184-F185-F186-F187-F188-F189-F190-F191-F192-F193-F194-F195-F196-F197-F198-F199-F200-F201-F202-F203-F204-F205-F206-F207-F208-F209-F210-F211-F212-F213-F214-F215-F216-F217-F218-F219-F220-F221-F222-F223-F224-F225-F226-F227-F228-F229-F230-F231-F232-F233-F234-F235-F236-F237-F238-F239-F240-F241-F242-F243-F244-F245-F246-F247-F248-F249-F250-F251-F252-F253-F254-F255-F256-F257-F258-F259-F260-F261-F262-F263-F264-F265-F266-F267-F268-F269-F270-F271-F272-F273-F274-F275-F276-F277-F278-F279-F280-F281-F282-F283-F284-F285-F286-F287-F288-F289-F290-F291-F292-F293-F294-F295-F296-F297-F298-F299-F300-F301-F302-F303-F304-F305-F306-F307-F308-F309-F310-F311-F312-F313-F314-F315-F316-F317-F318-F319-F320-F321-F322-F323-F324-F325-F326-F327-F328-F329-F330-F331-F332-F333-F334-F335-F336-F337-F338-F339-F340-F341-F342-F343-F344-F345-F346-F347-F348-F349-F350-F351-F352-F353-F354-F355-F356-F357-F358-F359-F360-F361-F362-F363-F364-F365-F366-F367-F368-F369-F370-F371-F372-F373-F374-F375-F376-F377-F378-F379-F380-F381-F382-F383-F384-F385-F386-F387-F388-F389-F390-F391-F392-F393-F394-F395-F396-F397-F398-F399-F400-F401-F402-F403-F404-F405-F406-F407-F408-F409-F410-F411-F412-F413-F414-F415-F416-F417-F418-F419-F420-F421-F422-F423-F424-F425-F426-F427-F428-F429-F430-F431-F432-F433-F434-F435-F436-F437-F438-F439-F440-F441-F442-F443-F444-F445-F446-F447-F448-F449-F450-F451-F452-F453-F454-F455-F456-F457-F458-F459-F460-F461-F462-F463-F464-F465-F466-F467-F468-F469-F470-F471-F472-F473-F474-F475-F476-F477-F478-F479-F480-F481-F482-F483-F484-F485-F486-F487-F488-F489-F490-F491-F492-F493-F494-F495-F496-T507-F509-F510-F511-F512

## Summary

Number of input bits: 512  
Number of free input bits: 11  
Number of output bits: 160

Number of direct occurrences: 45211  
Number of assignments: 31323  
Number of operations: 11517491
(xor: 11488617,
and: 15550,
or: 13324)

Total complexity: 3.1639104217743073 × 10^304

Least occurring input variable: iv_498 (3944)  
Most occurring input variable: iv_508 (4309)

Most co-occurring input variables: iv_506-iv_508 (2125)  
Least co-occurring input variables: iv_498-iv_499 (1750)

Potentially most occurring input variable: iv_505/iv_508 (4551)  
Potentially least occurring input variable: iv_504/iv_505 (4097)

Least output occurring input variable: iv_508 (74)  
Most output occurring input variable: iv_499 (89)

Most output co-occurring input variables: iv_499-iv_502 (53)  
Least output co-occurring input variables: iv_501-iv_508 (31)

Potentially most output occurring input variable: iv_503/iv_506 (92)  
Potentially least output occurring input variable: iv_504/iv_508 (64)

Least complex input bit: iv_497 (1.411509408643332 × 10^302)  
Most complex input bit: iv_505 (8.31307087258533 × 10^303)

Least complex output bit: aaa_76_29 (1.130266236814597 × 10^279)  
Most complex output bit: ov_001 (5.060906375081816 × 10^303)

Least complex input/output complexity: iv_497/aaa_76_29 (5.0424355144701404 × 10^276)  
Most complex input/output complexity: iv_505/ov_001 (1.3297365527807961 × 10^303)

## Input Bits

### Input Bits in Regular Order

| Input Bit | Complexity | Occurrences | Output Occurrences |
|:---------:|:----------:|:-----------:|:------------------:|
| iv_497 | 1.411509408643332 × 10^302 | 4075 | 76 |
| iv_498 | 2.8223681790179266 × 10^302 | 3944 | 80 |
| iv_499 | 4.978477823680458 × 10^302 | 4024 | 89 |
| iv_500 | 8.37025660156296 × 10^302 | 4078 | 82 |
| iv_501 | 1.3766020999702825 × 10^303 | 4056 | 78 |
| iv_502 | 2.2173537805955755 × 10^303 | 4138 | 83 |
| iv_503 | 3.510072861994489 × 10^303 | 4082 | 74 |
| iv_504 | 5.449629650400954 × 10^303 | 3979 | 78 |
| iv_505 | 8.31307087258533 × 10^303 | 4268 | 85 |
| iv_506 | 4.158303149395306 × 10^303 | 4258 | 88 |
| iv_508 | 4.855810601510676 × 10^303 | 4309 | 74 |

### Input Bits Sorted by Complexity

| Input Bit | Complexity | Occurrences | Output Occurrences |
|:---------:|:----------:|:-----------:|:------------------:|
| iv_497 | 1.411509408643332 × 10^302 | 4075 | 76 |
| iv_498 | 2.8223681790179266 × 10^302 | 3944 | 80 |
| iv_499 | 4.978477823680458 × 10^302 | 4024 | 89 |
| iv_500 | 8.37025660156296 × 10^302 | 4078 | 82 |
| iv_501 | 1.3766020999702825 × 10^303 | 4056 | 78 |
| iv_502 | 2.2173537805955755 × 10^303 | 4138 | 83 |
| iv_503 | 3.510072861994489 × 10^303 | 4082 | 74 |
| iv_506 | 4.158303149395306 × 10^303 | 4258 | 88 |
| iv_508 | 4.855810601510676 × 10^303 | 4309 | 74 |
| iv_504 | 5.449629650400954 × 10^303 | 3979 | 78 |
| iv_505 | 8.31307087258533 × 10^303 | 4268 | 85 |

### Input Bits Sorted by Occurrences

| Input Bit | Complexity | Occurrences | Output Occurrences |
|:---------:|:----------:|:-----------:|:------------------:|
| iv_498 | 2.8223681790179266 × 10^302 | 3944 | 80 |
| iv_504 | 5.449629650400954 × 10^303 | 3979 | 78 |
| iv_499 | 4.978477823680458 × 10^302 | 4024 | 89 |
| iv_501 | 1.3766020999702825 × 10^303 | 4056 | 78 |
| iv_497 | 1.411509408643332 × 10^302 | 4075 | 76 |
| iv_500 | 8.37025660156296 × 10^302 | 4078 | 82 |
| iv_503 | 3.510072861994489 × 10^303 | 4082 | 74 |
| iv_502 | 2.2173537805955755 × 10^303 | 4138 | 83 |
| iv_506 | 4.158303149395306 × 10^303 | 4258 | 88 |
| iv_505 | 8.31307087258533 × 10^303 | 4268 | 85 |
| iv_508 | 4.855810601510676 × 10^303 | 4309 | 74 |

### Input Bits Sorted by Output Occurrences

| Input Bit | Complexity | Occurrences | Output Occurrences |
|:---------:|:----------:|:-----------:|:------------------:|
| iv_508 | 4.855810601510676 × 10^303 | 4309 | 74 |
| iv_503 | 3.510072861994489 × 10^303 | 4082 | 74 |
| iv_497 | 1.411509408643332 × 10^302 | 4075 | 76 |
| iv_501 | 1.3766020999702825 × 10^303 | 4056 | 78 |
| iv_504 | 5.449629650400954 × 10^303 | 3979 | 78 |
| iv_498 | 2.8223681790179266 × 10^302 | 3944 | 80 |
| iv_500 | 8.37025660156296 × 10^302 | 4078 | 82 |
| iv_502 | 2.2173537805955755 × 10^303 | 4138 | 83 |
| iv_505 | 8.31307087258533 × 10^303 | 4268 | 85 |
| iv_506 | 4.158303149395306 × 10^303 | 4258 | 88 |
| iv_499 | 4.978477823680458 × 10^302 | 4024 | 89 |

## Input Bit Co-occurrences

### Input Bit Co-occurrences Sorted by Co-occurrences

| Input Bits | Co-occurrences | Potential Occurrences | Output Co-occurrences | Potential Output Occurrences |
|:----------:|:--------------:|:---------------------:|:---------------------:|:----------------------------:|
| iv_506-iv_508 | 2125 | 4317 | 41 | 80 |
| iv_505-iv_506 | 2099 | 4328 | 52 | 69 |
| iv_502-iv_505 | 2094 | 4218 | 42 | 84 |
| iv_504-iv_505 | 2075 | 4097 | 46 | 71 |
| iv_501-iv_502 | 2033 | 4128 | 43 | 75 |
| iv_502-iv_506 | 2030 | 4336 | 48 | 75 |
| iv_499-iv_506 | 2025 | 4232 | 48 | 81 |
| iv_497-iv_505 | 2022 | 4299 | 40 | 81 |
| iv_501-iv_505 | 2020 | 4284 | 43 | 77 |
| iv_500-iv_506 | 2017 | 4302 | 44 | 82 |
| iv_504-iv_506 | 2014 | 4209 | 43 | 80 |

### Input Bit Co-occurrences Sorted by Potential Occurrences

| Input Bits | Co-occurrences | Potential Occurrences | Output Co-occurrences | Potential Output Occurrences |
|:----------:|:--------------:|:---------------------:|:---------------------:|:----------------------------:|
| iv_504-iv_505 | 2075 | 4097 | 46 | 71 |
| iv_499-iv_504 | 1945 | 4113 | 40 | 87 |
| iv_501-iv_502 | 2033 | 4128 | 43 | 75 |
| iv_502-iv_504 | 1991 | 4135 | 39 | 83 |
| iv_498-iv_506 | 1997 | 4208 | 46 | 76 |
| iv_504-iv_506 | 2014 | 4209 | 43 | 80 |
| iv_502-iv_505 | 2094 | 4218 | 42 | 84 |
| iv_497-iv_501 | 1954 | 4223 | 37 | 80 |
| iv_499-iv_502 | 1969 | 4224 | 53 | 66 |
| iv_498-iv_504 | 1849 | 4225 | 38 | 82 |
| iv_499-iv_506 | 2025 | 4232 | 48 | 81 |

### Input Bit Output Co-occurrences Sorted by Output Co-occurrences

| Input Bits | Co-occurrences | Potential Occurrences | Output Co-occurrences | Potential Output Occurrences |
|:----------:|:--------------:|:---------------------:|:---------------------:|:----------------------------:|
| iv_499-iv_502 | 1969 | 4224 | 53 | 66 |
| iv_505-iv_506 | 2099 | 4328 | 52 | 69 |
| iv_499-iv_506 | 2025 | 4232 | 48 | 81 |
| iv_502-iv_506 | 2030 | 4336 | 48 | 75 |
| iv_498-iv_505 | 1963 | 4286 | 48 | 69 |
| iv_498-iv_506 | 1997 | 4208 | 46 | 76 |
| iv_504-iv_505 | 2075 | 4097 | 46 | 71 |
| iv_499-iv_503 | 1897 | 4312 | 45 | 73 |
| iv_500-iv_502 | 1977 | 4262 | 45 | 75 |
| iv_497-iv_499 | 1865 | 4369 | 44 | 77 |
| iv_499-iv_505 | 1941 | 4410 | 44 | 86 |

### Input Bit Output Co-occurrences Sorted by Potential Output Occurrences

| Input Bits | Co-occurrences | Potential Occurrences | Output Co-occurrences | Potential Output Occurrences |
|:----------:|:--------------:|:---------------------:|:---------------------:|:----------------------------:|
| iv_504-iv_508 | 1949 | 4390 | 44 | 64 |
| iv_499-iv_502 | 1969 | 4224 | 53 | 66 |
| iv_498-iv_505 | 1963 | 4286 | 48 | 69 |
| iv_505-iv_506 | 2099 | 4328 | 52 | 69 |
| iv_503-iv_504 | 1893 | 4275 | 41 | 70 |
| iv_504-iv_505 | 2075 | 4097 | 46 | 71 |
| iv_505-iv_508 | 2013 | 4551 | 44 | 71 |
| iv_499-iv_503 | 1897 | 4312 | 45 | 73 |
| iv_500-iv_503 | 1895 | 4370 | 41 | 74 |
| iv_497-iv_504 | 1850 | 4354 | 40 | 74 |
| iv_501-iv_502 | 2033 | 4128 | 43 | 75 |

## Output Bits

### Output Bits in Regular Order

| Rank | Output Bit | Complexity |
|:----:|:----------:|:----------:|
| 1 | ov_001 | 5.060906375081816 × 10^303 |
| 2 | ov_002 | 4.388943347446739 × 10^303 |
| 3 | ov_003 | 3.786988627769778 × 10^303 |
| 4 | ov_004 | 3.249738393126664 × 10^303 |
| 5 | ov_005 | 2.772177931717714 × 10^303 |
| 6 | ov_006 | 2.3495609242404258 × 10^303 |
| 7 | ov_007 | 1.977391437278067 × 10^303 |
| 8 | ov_008 | 1.6514084484924275 × 10^303 |
| 9 | ov_009 | 1.3675727029850484 × 10^303 |
| 10 | ov_010 | 1.1220556634076786 × 10^303 |
| 11 | ov_011 | 9.112303136854882 × 10^302 |
| 12 | ov_012 | 7.316635899409462 × 10^302 |
| 13 | ov_013 | 5.801102256687151 × 10^302 |
| 14 | ov_014 | 4.535078114730608 × 10^302 |
| 15 | ov_015 | 3.4897288278901492 × 10^302 |
| 16 | ov_016 | 2.637978620068567 × 10^302 |
| 17 | ov_017 | 1.9544869433750812 × 10^302 |
| 18 | ov_018 | 1.4156303725349092 × 10^302 |
| 19 | ov_019 | 9.994889143327347 × 10^301 |
| 20 | ov_020 | 6.858357997075442 × 10^301 |
| 21 | ov_021 | 4.5612997438399 × 10^301 |
| 22 | ov_022 | 2.9351070452344255 × 10^301 |
| 23 | ov_023 | 1.827938460550402 × 10^301 |
| 24 | ov_024 | 1.1046939012210492 × 10^301 |
| 25 | ov_025 | 6.469996084162684 × 10^300 |
| 26 | ov_026 | 3.531999221296479 × 10^300 |
| 27 | ov_027 | 1.766458531666272 × 10^300 |
| 28 | ov_028 | 7.904495589400415 × 10^299 |
| 29 | ov_029 | 3.0460938552650256 × 10^299 |
| 30 | ov_030 | 9.313561059864876 × 10^298 |
| 31 | ov_031 | 1.8170501663480762 × 10^298 |
| 32 | lv_80_m31 | 3.544578431031634 × 10^297 |
| 33 | ov_033 | 4.233704901664547 × 10^298 |
| 34 | ov_034 | 3.67214065177612 × 10^298 |
| 35 | ov_035 | 3.1696309107846984 × 10^298 |
| 36 | ov_036 | 2.7211456924849374 × 10^298 |
| 37 | ov_037 | 2.3219268986571952 × 10^298 |
| 38 | ov_038 | 1.9674690555260302 × 10^298 |
| 39 | ov_039 | 1.6535026523343172 × 10^298 |
| 40 | ov_040 | 1.3779499965677886 × 10^298 |
| 41 | ov_041 | 1.1369727161923503 × 10^298 |
| 42 | ov_042 | 9.287025984743776 × 10^297 |
| 43 | ov_043 | 7.513686892371259 × 10^297 |
| 44 | ov_044 | 6.017059944382027 × 10^297 |
| 45 | ov_045 | 4.766273001273279 × 10^297 |
| 46 | ov_046 | 3.732185454114152 × 10^297 |
| 47 | ov_047 | 2.8873517209789303 × 10^297 |
| 48 | ov_048 | 2.2059929961601003 × 10^297 |
| 49 | ov_049 | 1.663975850775662 × 10^297 |
| 50 | ov_050 | 1.2387963956783954 × 10^297 |
| 51 | ov_051 | 9.095688296159714 × 10^296 |
| 52 | ov_052 | 6.570173074417771 × 10^296 |
| 53 | ov_053 | 4.634702205322237 × 10^296 |
| 54 | ov_054 | 3.2049223432217006 × 10^296 |
| 55 | ov_055 | 2.136095925841036 × 10^296 |
| 56 | ov_056 | 1.3598455026966374 × 10^296 |
| 57 | ov_057 | 8.157697536392208 × 10^295 |
| 58 | ov_058 | 4.514397312828976 × 10^295 |
| 59 | ov_059 | 2.2239688739379528 × 10^295 |
| 60 | ov_060 | 9.215216770299875 × 10^294 |
| 61 | ov_061 | 3.218568212189643 × 10^294 |
| 62 | ov_062 | 8.828037524650008 × 10^293 |
| 63 | ov_063 | 1.720379907057597 × 10^293 |
| 64 | lv_79_m31 | 3.351836895644802 × 10^292 |
| 65 | ov_065 | 3.9800529811420876 × 10^293 |
| 66 | ov_066 | 3.980041340111919 × 10^293 |
| 67 | ov_067 | 3.980038539247676 × 10^293 |
| 68 | ov_068 | 3.4432087392512302 × 10^293 |
| 69 | ov_069 | 2.9629483509003352 × 10^293 |
| 70 | ov_070 | 2.535011050232081 × 10^293 |
| 71 | ov_071 | 2.1553659016102025 × 10^293 |
| 72 | ov_072 | 1.8201822119837469 × 10^293 |
| 73 | ov_073 | 1.5258168274305404 × 10^293 |
| 74 | ov_074 | 1.2688036025047687 × 10^293 |
| 75 | ov_075 | 1.0458447870733914 × 10^293 |
| 76 | ov_076 | 8.538040889602285 × 10^292 |
| 77 | ov_077 | 6.897011839166298 × 10^292 |
| 78 | ov_078 | 5.507074572882479 × 10^292 |
| 79 | ov_079 | 4.3414277432108357 × 10^292 |
| 80 | ov_080 | 3.374730884081218 × 10^292 |
| 81 | ov_081 | 2.5830870877158407 × 10^292 |
| 82 | ov_082 | 1.944030611467348 × 10^292 |
| 83 | ov_083 | 1.4365178701422215 × 10^292 |
| 84 | ov_084 | 1.0409205295789197 × 10^292 |
| 85 | ov_085 | 7.39019944605176 × 10^291 |
| 86 | ov_086 | 5.1400266727480774 × 10^291 |
| 87 | ov_087 | 3.5045690734592526 × 10^291 |
| 88 | ov_088 | 2.3436982705469248 × 10^291 |
| 89 | ov_089 | 1.531255522925002 × 10^291 |
| 90 | ov_090 | 9.55037823229564 × 10^290 |
| 91 | ov_091 | 5.624312006133886 × 10^290 |
| 92 | ov_092 | 3.0779325635076124 × 10^290 |
| 93 | ov_093 | 1.5245119984366661 × 10^290 |
| 94 | ov_094 | 6.470088347917971 × 10^289 |
| 95 | aaa_78_28 | 1.9806408570750015 × 10^289 |
| 96 | aaa_78_29 | 5.999827107059989 × 10^288 |
| 97 | ov_097 | 3.1664003846920426 × 10^288 |
| 98 | ov_098 | 3.166380969063214 × 10^288 |
| 99 | ov_099 | 3.166374770443526 × 10^288 |
| 100 | ov_100 | 2.6845733388057595 × 10^288 |
| 101 | ov_101 | 2.2601241810532967 × 10^288 |
| 102 | ov_102 | 1.8882403740235944 × 10^288 |
| 103 | ov_103 | 1.5643966302479722 × 10^288 |
| 104 | ov_104 | 1.2843102059151223 × 10^288 |
| 105 | ov_105 | 1.0439243225956478 × 10^288 |
| 106 | ov_106 | 8.393938716361067 × 10^287 |
| 107 | ov_107 | 6.670731818427646 × 10^287 |
| 108 | ov_108 | 5.235056424012911 × 10^287 |
| 109 | ov_109 | 4.054149840021016 × 10^287 |
| 110 | ov_110 | 3.0969803193229075 × 10^287 |
| 111 | ov_111 | 2.3341875551323947 × 10^287 |
| 112 | ov_112 | 1.7380344875627282 × 10^287 |
| 113 | ov_113 | 1.2823688751548477 × 10^287 |
| 114 | ov_114 | 9.425931876607621 × 10^286 |
| 115 | ov_115 | 6.956414794902969 × 10^286 |
| 116 | ov_116 | 5.199620061233543 × 10^286 |
| 117 | ov_117 | 3.9550444853650223 × 10^286 |
| 118 | ov_118 | 3.0371071334098654 × 10^286 |
| 119 | ov_119 | 2.2750837890912935 × 10^286 |
| 120 | ov_120 | 1.6541965725966044 × 10^286 |
| 121 | ov_121 | 1.1596891200753774 × 10^286 |
| 122 | ov_122 | 7.768186256719224 × 10^285 |
| 123 | ov_123 | 4.9085022610116625 × 10^285 |
| 124 | ov_124 | 2.870532154210766 × 10^285 |
| 125 | ov_125 | 1.5069870199991697 × 10^285 |
| 126 | ov_126 | 6.705841443859208 × 10^284 |
| 127 | aaa_77_28 | 2.1404243688440245 × 10^284 |
| 128 | aaa_77_29 | 8.019274689332248 × 10^283 |
| 129 | ov_129 | 7.374865421642629 × 10^283 |
| 130 | ov_130 | 7.374843436484611 × 10^283 |
| 131 | ov_131 | 7.374838129743466 × 10^283 |
| 132 | ov_132 | 6.38295145842193 × 10^283 |
| 133 | ov_133 | 5.49549843757597 × 10^283 |
| 134 | ov_134 | 4.704590287954573 × 10^283 |
| 135 | ov_135 | 4.0027513427788786 × 10^283 |
| 136 | ov_136 | 3.382889373951259 × 10^283 |
| 137 | ov_137 | 2.838270286414632 × 10^283 |
| 138 | ov_138 | 2.3624967452129167 × 10^283 |
| 139 | ov_139 | 1.9494903215731607 × 10^283 |
| 140 | ov_140 | 1.593476765564051 × 10^283 |
| 141 | ov_141 | 1.2889740337216043 × 10^283 |
| 142 | ov_142 | 1.0307827205822144 × 10^283 |
| 143 | ov_143 | 8.139785634133561 × 10^282 |
| 144 | ov_144 | 6.339067096482892 × 10^282 |
| 145 | ov_145 | 4.861774566586722 × 10^282 |
| 146 | ov_146 | 3.6666319356752406 × 10^282 |
| 147 | ov_147 | 2.7149629483248 × 10^282 |
| 148 | ov_148 | 1.9706773532671777 × 10^282 |
| 149 | ov_149 | 1.4002621661965208 × 10^282 |
| 150 | ov_150 | 9.727762352046759 × 10^281 |
| 151 | ov_151 | 6.598467685718861 × 10^281 |
| 152 | ov_152 | 4.356669854060614 × 10^281 |
| 153 | ov_153 | 2.7699445069829332 × 10^281 |
| 154 | ov_154 | 1.6314991356519292 × 10^281 |
| 155 | ov_155 | 8.443442455004758 × 10^280 |
| 156 | aaa_76_25 | 3.2430114463654 × 10^280 |
| 157 | aaa_76_26 | 1.8712064252381593 × 10^280 |
| 158 | aaa_76_27 | 9.569369708722175 × 10^279 |
| 159 | aaa_76_28 | 3.7212481604983754 × 10^279 |
| 160 | aaa_76_29 | 1.130266236814597 × 10^279 |

### Output Bits Sorted by Complexity

| Rank | Output Bit | Complexity |
|:----:|:----------:|:----------:|
| 160 | aaa_76_29 | 1.130266236814597 × 10^279 |
| 159 | aaa_76_28 | 3.7212481604983754 × 10^279 |
| 158 | aaa_76_27 | 9.569369708722175 × 10^279 |
| 157 | aaa_76_26 | 1.8712064252381593 × 10^280 |
| 156 | aaa_76_25 | 3.2430114463654 × 10^280 |
| 155 | ov_155 | 8.443442455004758 × 10^280 |
| 154 | ov_154 | 1.6314991356519292 × 10^281 |
| 153 | ov_153 | 2.7699445069829332 × 10^281 |
| 152 | ov_152 | 4.356669854060614 × 10^281 |
| 151 | ov_151 | 6.598467685718861 × 10^281 |
| 150 | ov_150 | 9.727762352046759 × 10^281 |
| 149 | ov_149 | 1.4002621661965208 × 10^282 |
| 148 | ov_148 | 1.9706773532671777 × 10^282 |
| 147 | ov_147 | 2.7149629483248 × 10^282 |
| 146 | ov_146 | 3.6666319356752406 × 10^282 |
| 145 | ov_145 | 4.861774566586722 × 10^282 |
| 144 | ov_144 | 6.339067096482892 × 10^282 |
| 143 | ov_143 | 8.139785634133561 × 10^282 |
| 142 | ov_142 | 1.0307827205822144 × 10^283 |
| 141 | ov_141 | 1.2889740337216043 × 10^283 |
| 140 | ov_140 | 1.593476765564051 × 10^283 |
| 139 | ov_139 | 1.9494903215731607 × 10^283 |
| 138 | ov_138 | 2.3624967452129167 × 10^283 |
| 137 | ov_137 | 2.838270286414632 × 10^283 |
| 136 | ov_136 | 3.382889373951259 × 10^283 |
| 135 | ov_135 | 4.0027513427788786 × 10^283 |
| 134 | ov_134 | 4.704590287954573 × 10^283 |
| 133 | ov_133 | 5.49549843757597 × 10^283 |
| 132 | ov_132 | 6.38295145842193 × 10^283 |
| 131 | ov_131 | 7.374838129743466 × 10^283 |
| 130 | ov_130 | 7.374843436484611 × 10^283 |
| 129 | ov_129 | 7.374865421642629 × 10^283 |
| 128 | aaa_77_29 | 8.019274689332248 × 10^283 |
| 127 | aaa_77_28 | 2.1404243688440245 × 10^284 |
| 126 | ov_126 | 6.705841443859208 × 10^284 |
| 125 | ov_125 | 1.5069870199991697 × 10^285 |
| 124 | ov_124 | 2.870532154210766 × 10^285 |
| 123 | ov_123 | 4.9085022610116625 × 10^285 |
| 122 | ov_122 | 7.768186256719224 × 10^285 |
| 121 | ov_121 | 1.1596891200753774 × 10^286 |
| 120 | ov_120 | 1.6541965725966044 × 10^286 |
| 119 | ov_119 | 2.2750837890912935 × 10^286 |
| 118 | ov_118 | 3.0371071334098654 × 10^286 |
| 117 | ov_117 | 3.9550444853650223 × 10^286 |
| 116 | ov_116 | 5.199620061233543 × 10^286 |
| 115 | ov_115 | 6.956414794902969 × 10^286 |
| 114 | ov_114 | 9.425931876607621 × 10^286 |
| 113 | ov_113 | 1.2823688751548477 × 10^287 |
| 112 | ov_112 | 1.7380344875627282 × 10^287 |
| 111 | ov_111 | 2.3341875551323947 × 10^287 |
| 110 | ov_110 | 3.0969803193229075 × 10^287 |
| 109 | ov_109 | 4.054149840021016 × 10^287 |
| 108 | ov_108 | 5.235056424012911 × 10^287 |
| 107 | ov_107 | 6.670731818427646 × 10^287 |
| 106 | ov_106 | 8.393938716361067 × 10^287 |
| 105 | ov_105 | 1.0439243225956478 × 10^288 |
| 104 | ov_104 | 1.2843102059151223 × 10^288 |
| 103 | ov_103 | 1.5643966302479722 × 10^288 |
| 102 | ov_102 | 1.8882403740235944 × 10^288 |
| 101 | ov_101 | 2.2601241810532967 × 10^288 |
| 100 | ov_100 | 2.6845733388057595 × 10^288 |
| 99 | ov_099 | 3.166374770443526 × 10^288 |
| 98 | ov_098 | 3.166380969063214 × 10^288 |
| 97 | ov_097 | 3.1664003846920426 × 10^288 |
| 96 | aaa_78_29 | 5.999827107059989 × 10^288 |
| 95 | aaa_78_28 | 1.9806408570750015 × 10^289 |
| 94 | ov_094 | 6.470088347917971 × 10^289 |
| 93 | ov_093 | 1.5245119984366661 × 10^290 |
| 92 | ov_092 | 3.0779325635076124 × 10^290 |
| 91 | ov_091 | 5.624312006133886 × 10^290 |
| 90 | ov_090 | 9.55037823229564 × 10^290 |
| 89 | ov_089 | 1.531255522925002 × 10^291 |
| 88 | ov_088 | 2.3436982705469248 × 10^291 |
| 87 | ov_087 | 3.5045690734592526 × 10^291 |
| 86 | ov_086 | 5.1400266727480774 × 10^291 |
| 85 | ov_085 | 7.39019944605176 × 10^291 |
| 84 | ov_084 | 1.0409205295789197 × 10^292 |
| 83 | ov_083 | 1.4365178701422215 × 10^292 |
| 82 | ov_082 | 1.944030611467348 × 10^292 |
| 81 | ov_081 | 2.5830870877158407 × 10^292 |
| 64 | lv_79_m31 | 3.351836895644802 × 10^292 |
| 80 | ov_080 | 3.374730884081218 × 10^292 |
| 79 | ov_079 | 4.3414277432108357 × 10^292 |
| 78 | ov_078 | 5.507074572882479 × 10^292 |
| 77 | ov_077 | 6.897011839166298 × 10^292 |
| 76 | ov_076 | 8.538040889602285 × 10^292 |
| 75 | ov_075 | 1.0458447870733914 × 10^293 |
| 74 | ov_074 | 1.2688036025047687 × 10^293 |
| 73 | ov_073 | 1.5258168274305404 × 10^293 |
| 63 | ov_063 | 1.720379907057597 × 10^293 |
| 72 | ov_072 | 1.8201822119837469 × 10^293 |
| 71 | ov_071 | 2.1553659016102025 × 10^293 |
| 70 | ov_070 | 2.535011050232081 × 10^293 |
| 69 | ov_069 | 2.9629483509003352 × 10^293 |
| 68 | ov_068 | 3.4432087392512302 × 10^293 |
| 67 | ov_067 | 3.980038539247676 × 10^293 |
| 66 | ov_066 | 3.980041340111919 × 10^293 |
| 65 | ov_065 | 3.9800529811420876 × 10^293 |
| 62 | ov_062 | 8.828037524650008 × 10^293 |
| 61 | ov_061 | 3.218568212189643 × 10^294 |
| 60 | ov_060 | 9.215216770299875 × 10^294 |
| 59 | ov_059 | 2.2239688739379528 × 10^295 |
| 58 | ov_058 | 4.514397312828976 × 10^295 |
| 57 | ov_057 | 8.157697536392208 × 10^295 |
| 56 | ov_056 | 1.3598455026966374 × 10^296 |
| 55 | ov_055 | 2.136095925841036 × 10^296 |
| 54 | ov_054 | 3.2049223432217006 × 10^296 |
| 53 | ov_053 | 4.634702205322237 × 10^296 |
| 52 | ov_052 | 6.570173074417771 × 10^296 |
| 51 | ov_051 | 9.095688296159714 × 10^296 |
| 50 | ov_050 | 1.2387963956783954 × 10^297 |
| 49 | ov_049 | 1.663975850775662 × 10^297 |
| 48 | ov_048 | 2.2059929961601003 × 10^297 |
| 47 | ov_047 | 2.8873517209789303 × 10^297 |
| 32 | lv_80_m31 | 3.544578431031634 × 10^297 |
| 46 | ov_046 | 3.732185454114152 × 10^297 |
| 45 | ov_045 | 4.766273001273279 × 10^297 |
| 44 | ov_044 | 6.017059944382027 × 10^297 |
| 43 | ov_043 | 7.513686892371259 × 10^297 |
| 42 | ov_042 | 9.287025984743776 × 10^297 |
| 41 | ov_041 | 1.1369727161923503 × 10^298 |
| 40 | ov_040 | 1.3779499965677886 × 10^298 |
| 39 | ov_039 | 1.6535026523343172 × 10^298 |
| 31 | ov_031 | 1.8170501663480762 × 10^298 |
| 38 | ov_038 | 1.9674690555260302 × 10^298 |
| 37 | ov_037 | 2.3219268986571952 × 10^298 |
| 36 | ov_036 | 2.7211456924849374 × 10^298 |
| 35 | ov_035 | 3.1696309107846984 × 10^298 |
| 34 | ov_034 | 3.67214065177612 × 10^298 |
| 33 | ov_033 | 4.233704901664547 × 10^298 |
| 30 | ov_030 | 9.313561059864876 × 10^298 |
| 29 | ov_029 | 3.0460938552650256 × 10^299 |
| 28 | ov_028 | 7.904495589400415 × 10^299 |
| 27 | ov_027 | 1.766458531666272 × 10^300 |
| 26 | ov_026 | 3.531999221296479 × 10^300 |
| 25 | ov_025 | 6.469996084162684 × 10^300 |
| 24 | ov_024 | 1.1046939012210492 × 10^301 |
| 23 | ov_023 | 1.827938460550402 × 10^301 |
| 22 | ov_022 | 2.9351070452344255 × 10^301 |
| 21 | ov_021 | 4.5612997438399 × 10^301 |
| 20 | ov_020 | 6.858357997075442 × 10^301 |
| 19 | ov_019 | 9.994889143327347 × 10^301 |
| 18 | ov_018 | 1.4156303725349092 × 10^302 |
| 17 | ov_017 | 1.9544869433750812 × 10^302 |
| 16 | ov_016 | 2.637978620068567 × 10^302 |
| 15 | ov_015 | 3.4897288278901492 × 10^302 |
| 14 | ov_014 | 4.535078114730608 × 10^302 |
| 13 | ov_013 | 5.801102256687151 × 10^302 |
| 12 | ov_012 | 7.316635899409462 × 10^302 |
| 11 | ov_011 | 9.112303136854882 × 10^302 |
| 10 | ov_010 | 1.1220556634076786 × 10^303 |
| 9 | ov_009 | 1.3675727029850484 × 10^303 |
| 8 | ov_008 | 1.6514084484924275 × 10^303 |
| 7 | ov_007 | 1.977391437278067 × 10^303 |
| 6 | ov_006 | 2.3495609242404258 × 10^303 |
| 5 | ov_005 | 2.772177931717714 × 10^303 |
| 4 | ov_004 | 3.249738393126664 × 10^303 |
| 3 | ov_003 | 3.786988627769778 × 10^303 |
| 2 | ov_002 | 4.388943347446739 × 10^303 |
| 1 | ov_001 | 5.060906375081816 × 10^303 |

