# Results for F001-F002-F003-F004-F005-F006-F007-F008-F009-F010-F011-F012-F013-F014-F015-F016-F017-F018-F019-F020-F021-F022-F023-F024-F025-F026-F027-F028-F029-F030-F031-F032-F033-F034-F035-F036-F037-F038-F039-F040-F041-F042-F043-F044-F045-F046-F047-F048-F049-F050-F051-F052-F053-F054-F055-F056-F057-F058-F059-F060-F061-F062-F063-F064-F065-F066-F067-F068-F069-F070-F071-F072-F073-F074-F075-F076-F077-F078-F079-F080-F081-F082-F083-F084-F085-F086-F087-F088-F089-F090-F091-F092-F093-F094-F095-F096-F097-F098-F099-F100-F101-F102-F103-F104-F105-F106-F107-F108-F109-F110-F111-F112-F113-F114-F115-F116-F117-F118-F119-F120-F121-F122-F123-F124-F125-F126-F127-F128-F129-F130-F131-F132-F133-F134-F135-F136-F137-F138-F139-F140-F141-F142-F143-F144-F145-F146-F147-F148-F149-F150-F151-F152-F153-F154-F155-F156-F157-F158-F159-F160-F161-F162-F163-F164-F165-F166-F167-F168-F169-F170-F171-F172-F173-F174-F175-F176-F177-F178-F179-F180-F181-F182-F183-F184-F185-F186-F187-F188-F189-F190-F191-F192-F193-F194-F195-F196-F197-F198-F199-F200-F201-F202-F203-F204-F205-F206-F207-F208-F209-F210-F211-F212-F213-F214-F215-F216-F217-F218-F219-F220-F221-F222-F223-F224-F225-F226-F227-F228-F229-F230-F231-F232-F233-F234-F235-F236-F237-F238-F239-F240-F241-F242-F243-F244-F245-F246-F247-F248-F249-F250-F251-F252-F253-F254-F255-F256-F257-F258-F259-F260-F261-F262-F263-F264-F265-F266-F267-F268-F269-F270-F271-F272-F273-F274-F275-F276-F277-F278-F279-F280-F281-F282-F283-F284-F285-F286-F287-F288-F289-F290-F291-F292-F293-F294-F295-F296-F297-F298-F299-F300-F301-F302-F303-F304-F305-F306-F307-F308-F309-F310-F311-F312-F313-F314-F315-F316-F317-F318-F319-F320-F321-F322-F323-F324-F325-F326-F327-F328-F329-F330-F331-F332-F333-F334-F335-F336-F337-F338-F339-F340-F341-F342-F343-F344-F345-F346-F347-F348-F349-F350-F351-F352-F353-F354-F355-F356-F357-F358-F359-F360-F361-F362-F363-F364-F365-F366-F367-F368-F369-F370-F371-F372-F373-F374-F375-F376-F377-F378-F379-F380-F381-F382-F383-F384-F385-F386-F387-F388-F389-F390-F391-F392-F393-F394-F395-F396-F397-F398-F399-F400-F401-F402-F403-F404-F405-F406-F407-F408-F409-F410-F411-F412-F413-F414-F415-F416-F417-F418-F419-F420-F421-F422-F423-F424-F425-F426-F427-F428-F429-F430-F431-F432-F433-F434-F435-F436-F437-F438-F439-F440-F441-F442-F443-F444-F445-F446-F447-F448-F449-F450-F451-F452-F453-F454-F455-F456-F457-F458-F459-F460-F461-F462-F463-F464-F465-F466-F467-F468-F469-F470-F471-F472-F473-F474-F475-F476-F477-F478-F479-F480-F481-F482-F483-F484-F485-F486-F487-F488-F489-F490-F491-F492-F493-F494-F495-F496-E499504-E499505-F510-F511-F512

## Summary

Number of input bits: 512  
Number of free input bits: 11  
Number of output bits: 160

Number of direct occurrences: 44808  
Number of assignments: 31314  
Number of operations: 10940654
(xor: 10912501,
and: 14757,
or: 13396)

Total complexity: 8.409318874395406 × 10^298

Least occurring input variable: iv_502 (3856)  
Most occurring input variable: iv_499 (4404)

Most co-occurring input variables: iv_499-iv_509 (2072)  
Least co-occurring input variables: iv_498-iv_502 (1748)

Potentially most occurring input variable: iv_497/iv_499 (4541)  
Potentially least occurring input variable: iv_506/iv_507 (4132)

Least output occurring input variable: iv_508 (74)  
Most output occurring input variable: iv_497 (93)

Most output co-occurring input variables: iv_497-iv_499 (53)  
Least output co-occurring input variables: iv_507-iv_508 (32)

Potentially most output occurring input variable: iv_503/iv_509 (98)  
Potentially least output occurring input variable: iv_498/iv_508 (68)

Least complex input bit: iv_497 (2.831572158412603 × 10^296)  
Most complex input bit: iv_509 (1.6476984261357946 × 10^298)

Least complex output bit: aaa_76_29 (1.7488599066057534 × 10^274)  
Most complex output bit: ov_001 (1.3337242295842613 × 10^298)

Least complex input/output complexity: iv_497/aaa_76_29 (5.888732600670866 × 10^271)  
Most complex input/output complexity: iv_509/ov_001 (2.6132619618888637 × 10^297)

## Input Bits

### Input Bits in Regular Order

| Input Bit | Complexity | Occurrences | Output Occurrences |
|:---------:|:----------:|:-----------:|:------------------:|
| iv_497 | 2.831572158412603 × 10^296 | 4113 | 93 |
| iv_498 | 5.640430993426064 × 10^296 | 3908 | 88 |
| iv_499 | 1.3885980405589566 × 10^298 | 4404 | 87 |
| iv_500 | 1.667097082817404 × 10^297 | 4079 | 76 |
| iv_501 | 2.7461263499137567 × 10^297 | 4050 | 83 |
| iv_502 | 4.437559004086709 × 10^297 | 3856 | 82 |
| iv_503 | 7.051074089480503 × 10^297 | 4012 | 75 |
| iv_506 | 8.516228259541816 × 10^297 | 3918 | 82 |
| iv_507 | 1.222727497547553 × 10^298 | 4148 | 76 |
| iv_508 | 1.6237664000507078 × 10^298 | 4116 | 74 |
| iv_509 | 1.6476984261357946 × 10^298 | 4204 | 87 |

### Input Bits Sorted by Complexity

| Input Bit | Complexity | Occurrences | Output Occurrences |
|:---------:|:----------:|:-----------:|:------------------:|
| iv_497 | 2.831572158412603 × 10^296 | 4113 | 93 |
| iv_498 | 5.640430993426064 × 10^296 | 3908 | 88 |
| iv_500 | 1.667097082817404 × 10^297 | 4079 | 76 |
| iv_501 | 2.7461263499137567 × 10^297 | 4050 | 83 |
| iv_502 | 4.437559004086709 × 10^297 | 3856 | 82 |
| iv_503 | 7.051074089480503 × 10^297 | 4012 | 75 |
| iv_506 | 8.516228259541816 × 10^297 | 3918 | 82 |
| iv_507 | 1.222727497547553 × 10^298 | 4148 | 76 |
| iv_499 | 1.3885980405589566 × 10^298 | 4404 | 87 |
| iv_508 | 1.6237664000507078 × 10^298 | 4116 | 74 |
| iv_509 | 1.6476984261357946 × 10^298 | 4204 | 87 |

### Input Bits Sorted by Occurrences

| Input Bit | Complexity | Occurrences | Output Occurrences |
|:---------:|:----------:|:-----------:|:------------------:|
| iv_502 | 4.437559004086709 × 10^297 | 3856 | 82 |
| iv_498 | 5.640430993426064 × 10^296 | 3908 | 88 |
| iv_506 | 8.516228259541816 × 10^297 | 3918 | 82 |
| iv_503 | 7.051074089480503 × 10^297 | 4012 | 75 |
| iv_501 | 2.7461263499137567 × 10^297 | 4050 | 83 |
| iv_500 | 1.667097082817404 × 10^297 | 4079 | 76 |
| iv_497 | 2.831572158412603 × 10^296 | 4113 | 93 |
| iv_508 | 1.6237664000507078 × 10^298 | 4116 | 74 |
| iv_507 | 1.222727497547553 × 10^298 | 4148 | 76 |
| iv_509 | 1.6476984261357946 × 10^298 | 4204 | 87 |
| iv_499 | 1.3885980405589566 × 10^298 | 4404 | 87 |

### Input Bits Sorted by Output Occurrences

| Input Bit | Complexity | Occurrences | Output Occurrences |
|:---------:|:----------:|:-----------:|:------------------:|
| iv_508 | 1.6237664000507078 × 10^298 | 4116 | 74 |
| iv_503 | 7.051074089480503 × 10^297 | 4012 | 75 |
| iv_500 | 1.667097082817404 × 10^297 | 4079 | 76 |
| iv_507 | 1.222727497547553 × 10^298 | 4148 | 76 |
| iv_502 | 4.437559004086709 × 10^297 | 3856 | 82 |
| iv_506 | 8.516228259541816 × 10^297 | 3918 | 82 |
| iv_501 | 2.7461263499137567 × 10^297 | 4050 | 83 |
| iv_509 | 1.6476984261357946 × 10^298 | 4204 | 87 |
| iv_499 | 1.3885980405589566 × 10^298 | 4404 | 87 |
| iv_498 | 5.640430993426064 × 10^296 | 3908 | 88 |
| iv_497 | 2.831572158412603 × 10^296 | 4113 | 93 |

## Input Bit Co-occurrences

### Input Bit Co-occurrences Sorted by Co-occurrences

| Input Bits | Co-occurrences | Potential Occurrences | Output Co-occurrences | Potential Output Occurrences |
|:----------:|:--------------:|:---------------------:|:---------------------:|:----------------------------:|
| iv_499-iv_509 | 2072 | 4464 | 47 | 80 |
| iv_508-iv_509 | 2056 | 4208 | 40 | 81 |
| iv_499-iv_501 | 2046 | 4362 | 44 | 82 |
| iv_507-iv_509 | 2044 | 4264 | 44 | 75 |
| iv_499-iv_500 | 2033 | 4417 | 42 | 79 |
| iv_497-iv_507 | 2032 | 4197 | 44 | 81 |
| iv_501-iv_509 | 2014 | 4226 | 49 | 72 |
| iv_499-iv_507 | 2011 | 4530 | 40 | 83 |
| iv_499-iv_503 | 2010 | 4396 | 43 | 76 |
| iv_499-iv_508 | 2007 | 4506 | 39 | 83 |
| iv_497-iv_509 | 2003 | 4311 | 50 | 80 |

### Input Bit Co-occurrences Sorted by Potential Occurrences

| Input Bits | Co-occurrences | Potential Occurrences | Output Co-occurrences | Potential Output Occurrences |
|:----------:|:--------------:|:---------------------:|:---------------------:|:----------------------------:|
| iv_506-iv_507 | 1967 | 4132 | 39 | 80 |
| iv_497-iv_506 | 1936 | 4159 | 51 | 73 |
| iv_498-iv_506 | 1829 | 4168 | 41 | 88 |
| iv_497-iv_501 | 1989 | 4185 | 48 | 80 |
| iv_497-iv_503 | 1970 | 4185 | 46 | 76 |
| iv_500-iv_506 | 1906 | 4185 | 36 | 86 |
| iv_502-iv_506 | 1794 | 4186 | 44 | 76 |
| iv_497-iv_502 | 1891 | 4187 | 52 | 71 |
| iv_503-iv_506 | 1867 | 4196 | 38 | 81 |
| iv_497-iv_507 | 2032 | 4197 | 44 | 81 |
| iv_500-iv_502 | 1864 | 4207 | 37 | 84 |

### Input Bit Output Co-occurrences Sorted by Output Co-occurrences

| Input Bits | Co-occurrences | Potential Occurrences | Output Co-occurrences | Potential Output Occurrences |
|:----------:|:--------------:|:---------------------:|:---------------------:|:----------------------------:|
| iv_497-iv_499 | 1988 | 4541 | 53 | 74 |
| iv_498-iv_509 | 1868 | 4376 | 52 | 71 |
| iv_497-iv_502 | 1891 | 4187 | 52 | 71 |
| iv_497-iv_506 | 1936 | 4159 | 51 | 73 |
| iv_498-iv_499 | 1918 | 4476 | 51 | 73 |
| iv_497-iv_498 | 1879 | 4263 | 50 | 81 |
| iv_497-iv_509 | 2003 | 4311 | 50 | 80 |
| iv_501-iv_509 | 2014 | 4226 | 49 | 72 |
| iv_498-iv_501 | 1853 | 4252 | 48 | 75 |
| iv_497-iv_501 | 1989 | 4185 | 48 | 80 |
| iv_499-iv_506 | 1965 | 4392 | 48 | 73 |

### Input Bit Output Co-occurrences Sorted by Potential Output Occurrences

| Input Bits | Co-occurrences | Potential Occurrences | Output Co-occurrences | Potential Output Occurrences |
|:----------:|:--------------:|:---------------------:|:---------------------:|:----------------------------:|
| iv_498-iv_508 | 1857 | 4310 | 47 | 68 |
| iv_501-iv_508 | 1924 | 4318 | 43 | 71 |
| iv_498-iv_509 | 1868 | 4376 | 52 | 71 |
| iv_497-iv_502 | 1891 | 4187 | 52 | 71 |
| iv_501-iv_509 | 2014 | 4226 | 49 | 72 |
| iv_497-iv_506 | 1936 | 4159 | 51 | 73 |
| iv_498-iv_499 | 1918 | 4476 | 51 | 73 |
| iv_499-iv_506 | 1965 | 4392 | 48 | 73 |
| iv_500-iv_503 | 1930 | 4231 | 39 | 73 |
| iv_502-iv_507 | 1884 | 4236 | 42 | 74 |
| iv_497-iv_499 | 1988 | 4541 | 53 | 74 |

## Output Bits

### Output Bits in Regular Order

| Rank | Output Bit | Complexity |
|:----:|:----------:|:----------:|
| 1 | ov_001 | 1.3337242295842613 × 10^298 |
| 2 | ov_002 | 1.1581935325119637 × 10^298 |
| 3 | ov_003 | 1.0008051113591936 × 10^298 |
| 4 | ov_004 | 8.601913497255094 × 10^297 |
| 5 | ov_005 | 7.35059171048352 × 10^297 |
| 6 | ov_006 | 6.24184758137908 × 10^297 |
| 7 | ov_007 | 5.2640895876210626 × 10^297 |
| 8 | ov_008 | 4.406333218775592 × 10^297 |
| 9 | ov_009 | 3.658167126719736 × 10^297 |
| 10 | ov_010 | 3.009724500658065 × 10^297 |
| 11 | ov_011 | 2.4516590968587832 × 10^297 |
| 12 | ov_012 | 1.9751253859058557 × 10^297 |
| 13 | ov_013 | 1.5717623122920035 × 10^297 |
| 14 | ov_014 | 1.2336801927054438 × 10^297 |
| 15 | ov_015 | 9.534503105097443 × 10^296 |
| 16 | ov_016 | 7.2409679478009496 × 10^296 |
| 17 | ov_017 | 5.390904029197331 × 10^296 |
| 18 | ov_018 | 3.9234385639792436 × 10^296 |
| 19 | ov_019 | 2.7820840957037207 × 10^296 |
| 20 | ov_020 | 1.9147136189601024 × 10^296 |
| 21 | ov_021 | 1.2735426660006314 × 10^296 |
| 22 | ov_022 | 8.151165450365675 × 10^295 |
| 23 | ov_023 | 5.003015172141336 × 10^295 |
| 24 | ov_024 | 2.942789937538596 × 10^295 |
| 25 | ov_025 | 1.6654198599861913 × 10^295 |
| 26 | ov_026 | 9.089316134837911 × 10^294 |
| 27 | ov_027 | 4.544392889454569 × 10^294 |
| 28 | ov_028 | 2.032711148000254 × 10^294 |
| 29 | ov_029 | 7.829676664425143 × 10^293 |
| 30 | ov_030 | 2.3927126440294393 × 10^293 |
| 31 | ov_031 | 4.664956261325882 × 10^292 |
| 32 | lv_80_m31 | 9.093254153764725 × 10^291 |
| 33 | ov_033 | 1.090097661321847 × 10^293 |
| 34 | ov_034 | 9.451698849811123 × 10^292 |
| 35 | ov_035 | 8.154689439151963 × 10^292 |
| 36 | ov_036 | 6.998006444533109 × 10^292 |
| 37 | ov_037 | 5.9703518450027 × 10^292 |
| 38 | ov_038 | 5.061026429552439 × 10^292 |
| 39 | ov_039 | 4.2598908315444316 × 10^292 |
| 40 | ov_040 | 3.557332094023429 × 10^292 |
| 41 | ov_041 | 2.9442351937362426 × 10^292 |
| 42 | ov_042 | 2.411958986924526 × 10^292 |
| 43 | ov_043 | 1.956298624925111 × 10^292 |
| 44 | ov_044 | 1.5695037625514077 × 10^292 |
| 45 | ov_045 | 1.2442474272427068 × 10^292 |
| 46 | ov_046 | 9.736149324039576 × 10^291 |
| 47 | ov_047 | 7.51095004224321 × 10^291 |
| 48 | ov_048 | 5.705727865489679 × 10^291 |
| 49 | ov_049 | 4.263244531935579 × 10^291 |
| 50 | ov_050 | 3.1301318392660897 × 10^291 |
| 51 | ov_051 | 2.256862493130499 × 10^291 |
| 52 | ov_052 | 1.597729570199745 × 10^291 |
| 53 | ov_053 | 1.110832381151202 × 10^291 |
| 54 | ov_054 | 7.580668669264449 × 10^290 |
| 55 | ov_055 | 5.051191731476889 × 10^290 |
| 56 | ov_056 | 3.2146151057706876 × 10^290 |
| 57 | ov_057 | 1.927761037588399 × 10^290 |
| 58 | ov_058 | 1.066364927281018 × 10^290 |
| 59 | ov_059 | 5.250704287796438 × 10^289 |
| 60 | ov_060 | 2.1742717520398707 × 10^289 |
| 61 | ov_061 | 7.588994032088706 × 10^288 |
| 62 | ov_062 | 2.0802016739733987 × 10^288 |
| 63 | ov_063 | 4.0511239422534296 × 10^287 |
| 64 | lv_79_m31 | 7.887720060302348 × 10^286 |
| 65 | ov_065 | 9.413915407694522 × 10^287 |
| 66 | ov_066 | 9.41388521368303 × 10^287 |
| 67 | ov_067 | 9.413877823823802 × 10^287 |
| 68 | ov_068 | 8.132913076683276 × 10^287 |
| 69 | ov_069 | 6.991460783734557 × 10^287 |
| 70 | ov_070 | 5.9780834942330526 × 10^287 |
| 71 | ov_071 | 5.082047578899247 × 10^287 |
| 72 | ov_072 | 4.29327557189401 × 10^287 |
| 73 | ov_073 | 3.60230272420107 × 10^287 |
| 74 | ov_074 | 3.000237545893107 × 10^287 |
| 75 | ov_075 | 2.478726123311244 × 10^287 |
| 76 | ov_076 | 2.029920004195329 × 10^287 |
| 77 | ov_077 | 1.6464474494768416 × 10^287 |
| 78 | ov_078 | 1.3213878549711127 × 10^287 |
| 79 | ov_079 | 1.0482491497463476 × 10^287 |
| 80 | ov_080 | 8.209479806619847 × 10^286 |
| 81 | ov_081 | 6.337924946037757 × 10^286 |
| 82 | ov_082 | 4.814675314307199 × 10^286 |
| 83 | ov_083 | 3.5902204171001007 × 10^286 |
| 84 | ov_084 | 2.6185854405724516 × 10^286 |
| 85 | ov_085 | 1.8572443740921206 × 10^286 |
| 86 | ov_086 | 1.2857866551743334 × 10^286 |
| 87 | ov_087 | 8.683882310120548 × 10^285 |
| 88 | ov_088 | 5.725060939435292 × 10^285 |
| 89 | ov_089 | 3.6884718749358673 × 10^285 |
| 90 | ov_090 | 2.3134666083235295 × 10^285 |
| 91 | ov_091 | 1.3715363355257045 × 10^285 |
| 92 | ov_092 | 7.564479060980127 × 10^284 |
| 93 | ov_093 | 3.779798952721499 × 10^284 |
| 94 | ov_094 | 1.619074637565565 × 10^284 |
| 95 | aaa_78_28 | 4.999616998288611 × 10^283 |
| 96 | aaa_78_29 | 1.53543951169343 × 10^283 |
| 97 | ov_097 | 1.0140981530142586 × 10^283 |
| 98 | ov_098 | 1.0140676242972301 × 10^283 |
| 99 | ov_099 | 1.014057872662557 × 10^283 |
| 100 | ov_100 | 9.125317677849827 × 10^282 |
| 101 | ov_101 | 8.185018552207764 × 10^282 |
| 102 | ov_102 | 7.315558189212668 × 10^282 |
| 103 | ov_103 | 6.513114810985747 × 10^282 |
| 104 | ov_104 | 5.774128887533181 × 10^282 |
| 105 | ov_105 | 5.095267563146977 × 10^282 |
| 106 | ov_106 | 4.4733924602463256 × 10^282 |
| 107 | ov_107 | 3.905530683557798 × 10^282 |
| 108 | ov_108 | 3.3888488528111974 × 10^282 |
| 109 | ov_109 | 2.920629996286268 × 10^282 |
| 110 | ov_110 | 2.498253140744763 × 10^282 |
| 111 | ov_111 | 2.1191754356777686 × 10^282 |
| 112 | ov_112 | 1.7809166515327488 × 10^282 |
| 113 | ov_113 | 1.4810458927907784 × 10^282 |
| 114 | ov_114 | 1.2171703675621612 × 10^282 |
| 115 | ov_115 | 9.86926055867324 × 10^281 |
| 116 | ov_116 | 7.879701190661485 × 10^281 |
| 117 | ov_117 | 6.179748930724801 × 10^281 |
| 118 | ov_118 | 4.746233080969409 × 10^281 |
| 119 | ov_119 | 3.556055777304167 × 10^281 |
| 120 | ov_120 | 2.5861689066150452 × 10^281 |
| 121 | ov_121 | 1.8135574842105816 × 10^281 |
| 122 | ov_122 | 1.2152274139879108 × 10^281 |
| 123 | ov_123 | 7.681968458381296 × 10^280 |
| 124 | ov_124 | 4.494903448320824 × 10^280 |
| 125 | ov_125 | 2.3613527833789622 × 10^280 |
| 126 | ov_126 | 1.0515997273874983 × 10^280 |
| 127 | aaa_77_28 | 3.3593005722999344 × 10^279 |
| 128 | aaa_77_29 | 1.2599265197689598 × 10^279 |
| 129 | ov_129 | 1.1621706849004373 × 10^279 |
| 130 | ov_130 | 1.1621672790012041 × 10^279 |
| 131 | ov_131 | 1.1621664556062605 × 10^279 |
| 132 | ov_132 | 1.0084670104058632 × 10^279 |
| 133 | ov_133 | 8.704510742795987 × 10^278 |
| 134 | ov_134 | 7.468950190948351 × 10^278 |
| 135 | ov_135 | 6.36640542287095 × 10^278 |
| 136 | ov_136 | 5.391241955505319 × 10^278 |
| 137 | ov_137 | 4.5330492910704475 × 10^278 |
| 138 | ov_138 | 3.781948662594503 × 10^278 |
| 139 | ov_139 | 3.1285639736195508 × 10^278 |
| 140 | ov_140 | 2.563997498011588 × 10^278 |
| 141 | ov_141 | 2.079809807224923 × 10^278 |
| 142 | ov_142 | 1.6680034220165817 × 10^278 |
| 143 | ov_143 | 1.321009714878542 × 10^278 |
| 144 | ov_144 | 1.0316786184673203 × 10^278 |
| 145 | ov_145 | 7.932707241491804 × 10^277 |
| 146 | ov_146 | 5.994513835075652 × 10^277 |
| 147 | ov_147 | 4.442864543184225 × 10^277 |
| 148 | ov_148 | 3.22239361113329 × 10^277 |
| 149 | ov_149 | 2.2816916903348177 × 10^277 |
| 150 | ov_150 | 1.5732939823830497 × 10^277 |
| 151 | ov_151 | 1.0536733467693613 × 10^277 |
| 152 | ov_152 | 6.832363147717532 × 10^276 |
| 153 | ov_153 | 4.2632059819405534 × 10^276 |
| 154 | ov_154 | 2.5119341902862975 × 10^276 |
| 155 | ov_155 | 1.300504137009124 × 10^276 |
| 156 | aaa_76_25 | 4.9971416599588 × 10^275 |
| 157 | aaa_76_26 | 2.885659504400229 × 10^275 |
| 158 | aaa_76_27 | 1.4770933438891087 × 10^275 |
| 159 | aaa_76_28 | 5.7508430405550455 × 10^274 |
| 160 | aaa_76_29 | 1.7488599066057534 × 10^274 |

### Output Bits Sorted by Complexity

| Rank | Output Bit | Complexity |
|:----:|:----------:|:----------:|
| 160 | aaa_76_29 | 1.7488599066057534 × 10^274 |
| 159 | aaa_76_28 | 5.7508430405550455 × 10^274 |
| 158 | aaa_76_27 | 1.4770933438891087 × 10^275 |
| 157 | aaa_76_26 | 2.885659504400229 × 10^275 |
| 156 | aaa_76_25 | 4.9971416599588 × 10^275 |
| 155 | ov_155 | 1.300504137009124 × 10^276 |
| 154 | ov_154 | 2.5119341902862975 × 10^276 |
| 153 | ov_153 | 4.2632059819405534 × 10^276 |
| 152 | ov_152 | 6.832363147717532 × 10^276 |
| 151 | ov_151 | 1.0536733467693613 × 10^277 |
| 150 | ov_150 | 1.5732939823830497 × 10^277 |
| 149 | ov_149 | 2.2816916903348177 × 10^277 |
| 148 | ov_148 | 3.22239361113329 × 10^277 |
| 147 | ov_147 | 4.442864543184225 × 10^277 |
| 146 | ov_146 | 5.994513835075652 × 10^277 |
| 145 | ov_145 | 7.932707241491804 × 10^277 |
| 144 | ov_144 | 1.0316786184673203 × 10^278 |
| 143 | ov_143 | 1.321009714878542 × 10^278 |
| 142 | ov_142 | 1.6680034220165817 × 10^278 |
| 141 | ov_141 | 2.079809807224923 × 10^278 |
| 140 | ov_140 | 2.563997498011588 × 10^278 |
| 139 | ov_139 | 3.1285639736195508 × 10^278 |
| 138 | ov_138 | 3.781948662594503 × 10^278 |
| 137 | ov_137 | 4.5330492910704475 × 10^278 |
| 136 | ov_136 | 5.391241955505319 × 10^278 |
| 135 | ov_135 | 6.36640542287095 × 10^278 |
| 134 | ov_134 | 7.468950190948351 × 10^278 |
| 133 | ov_133 | 8.704510742795987 × 10^278 |
| 132 | ov_132 | 1.0084670104058632 × 10^279 |
| 131 | ov_131 | 1.1621664556062605 × 10^279 |
| 130 | ov_130 | 1.1621672790012041 × 10^279 |
| 129 | ov_129 | 1.1621706849004373 × 10^279 |
| 128 | aaa_77_29 | 1.2599265197689598 × 10^279 |
| 127 | aaa_77_28 | 3.3593005722999344 × 10^279 |
| 126 | ov_126 | 1.0515997273874983 × 10^280 |
| 125 | ov_125 | 2.3613527833789622 × 10^280 |
| 124 | ov_124 | 4.494903448320824 × 10^280 |
| 123 | ov_123 | 7.681968458381296 × 10^280 |
| 122 | ov_122 | 1.2152274139879108 × 10^281 |
| 121 | ov_121 | 1.8135574842105816 × 10^281 |
| 120 | ov_120 | 2.5861689066150452 × 10^281 |
| 119 | ov_119 | 3.556055777304167 × 10^281 |
| 118 | ov_118 | 4.746233080969409 × 10^281 |
| 117 | ov_117 | 6.179748930724801 × 10^281 |
| 116 | ov_116 | 7.879701190661485 × 10^281 |
| 115 | ov_115 | 9.86926055867324 × 10^281 |
| 114 | ov_114 | 1.2171703675621612 × 10^282 |
| 113 | ov_113 | 1.4810458927907784 × 10^282 |
| 112 | ov_112 | 1.7809166515327488 × 10^282 |
| 111 | ov_111 | 2.1191754356777686 × 10^282 |
| 110 | ov_110 | 2.498253140744763 × 10^282 |
| 109 | ov_109 | 2.920629996286268 × 10^282 |
| 108 | ov_108 | 3.3888488528111974 × 10^282 |
| 107 | ov_107 | 3.905530683557798 × 10^282 |
| 106 | ov_106 | 4.4733924602463256 × 10^282 |
| 105 | ov_105 | 5.095267563146977 × 10^282 |
| 104 | ov_104 | 5.774128887533181 × 10^282 |
| 103 | ov_103 | 6.513114810985747 × 10^282 |
| 102 | ov_102 | 7.315558189212668 × 10^282 |
| 101 | ov_101 | 8.185018552207764 × 10^282 |
| 100 | ov_100 | 9.125317677849827 × 10^282 |
| 99 | ov_099 | 1.014057872662557 × 10^283 |
| 98 | ov_098 | 1.0140676242972301 × 10^283 |
| 97 | ov_097 | 1.0140981530142586 × 10^283 |
| 96 | aaa_78_29 | 1.53543951169343 × 10^283 |
| 95 | aaa_78_28 | 4.999616998288611 × 10^283 |
| 94 | ov_094 | 1.619074637565565 × 10^284 |
| 93 | ov_093 | 3.779798952721499 × 10^284 |
| 92 | ov_092 | 7.564479060980127 × 10^284 |
| 91 | ov_091 | 1.3715363355257045 × 10^285 |
| 90 | ov_090 | 2.3134666083235295 × 10^285 |
| 89 | ov_089 | 3.6884718749358673 × 10^285 |
| 88 | ov_088 | 5.725060939435292 × 10^285 |
| 87 | ov_087 | 8.683882310120548 × 10^285 |
| 86 | ov_086 | 1.2857866551743334 × 10^286 |
| 85 | ov_085 | 1.8572443740921206 × 10^286 |
| 84 | ov_084 | 2.6185854405724516 × 10^286 |
| 83 | ov_083 | 3.5902204171001007 × 10^286 |
| 82 | ov_082 | 4.814675314307199 × 10^286 |
| 81 | ov_081 | 6.337924946037757 × 10^286 |
| 64 | lv_79_m31 | 7.887720060302348 × 10^286 |
| 80 | ov_080 | 8.209479806619847 × 10^286 |
| 79 | ov_079 | 1.0482491497463476 × 10^287 |
| 78 | ov_078 | 1.3213878549711127 × 10^287 |
| 77 | ov_077 | 1.6464474494768416 × 10^287 |
| 76 | ov_076 | 2.029920004195329 × 10^287 |
| 75 | ov_075 | 2.478726123311244 × 10^287 |
| 74 | ov_074 | 3.000237545893107 × 10^287 |
| 73 | ov_073 | 3.60230272420107 × 10^287 |
| 63 | ov_063 | 4.0511239422534296 × 10^287 |
| 72 | ov_072 | 4.29327557189401 × 10^287 |
| 71 | ov_071 | 5.082047578899247 × 10^287 |
| 70 | ov_070 | 5.9780834942330526 × 10^287 |
| 69 | ov_069 | 6.991460783734557 × 10^287 |
| 68 | ov_068 | 8.132913076683276 × 10^287 |
| 67 | ov_067 | 9.413877823823802 × 10^287 |
| 66 | ov_066 | 9.41388521368303 × 10^287 |
| 65 | ov_065 | 9.413915407694522 × 10^287 |
| 62 | ov_062 | 2.0802016739733987 × 10^288 |
| 61 | ov_061 | 7.588994032088706 × 10^288 |
| 60 | ov_060 | 2.1742717520398707 × 10^289 |
| 59 | ov_059 | 5.250704287796438 × 10^289 |
| 58 | ov_058 | 1.066364927281018 × 10^290 |
| 57 | ov_057 | 1.927761037588399 × 10^290 |
| 56 | ov_056 | 3.2146151057706876 × 10^290 |
| 55 | ov_055 | 5.051191731476889 × 10^290 |
| 54 | ov_054 | 7.580668669264449 × 10^290 |
| 53 | ov_053 | 1.110832381151202 × 10^291 |
| 52 | ov_052 | 1.597729570199745 × 10^291 |
| 51 | ov_051 | 2.256862493130499 × 10^291 |
| 50 | ov_050 | 3.1301318392660897 × 10^291 |
| 49 | ov_049 | 4.263244531935579 × 10^291 |
| 48 | ov_048 | 5.705727865489679 × 10^291 |
| 47 | ov_047 | 7.51095004224321 × 10^291 |
| 32 | lv_80_m31 | 9.093254153764725 × 10^291 |
| 46 | ov_046 | 9.736149324039576 × 10^291 |
| 45 | ov_045 | 1.2442474272427068 × 10^292 |
| 44 | ov_044 | 1.5695037625514077 × 10^292 |
| 43 | ov_043 | 1.956298624925111 × 10^292 |
| 42 | ov_042 | 2.411958986924526 × 10^292 |
| 41 | ov_041 | 2.9442351937362426 × 10^292 |
| 40 | ov_040 | 3.557332094023429 × 10^292 |
| 39 | ov_039 | 4.2598908315444316 × 10^292 |
| 31 | ov_031 | 4.664956261325882 × 10^292 |
| 38 | ov_038 | 5.061026429552439 × 10^292 |
| 37 | ov_037 | 5.9703518450027 × 10^292 |
| 36 | ov_036 | 6.998006444533109 × 10^292 |
| 35 | ov_035 | 8.154689439151963 × 10^292 |
| 34 | ov_034 | 9.451698849811123 × 10^292 |
| 33 | ov_033 | 1.090097661321847 × 10^293 |
| 30 | ov_030 | 2.3927126440294393 × 10^293 |
| 29 | ov_029 | 7.829676664425143 × 10^293 |
| 28 | ov_028 | 2.032711148000254 × 10^294 |
| 27 | ov_027 | 4.544392889454569 × 10^294 |
| 26 | ov_026 | 9.089316134837911 × 10^294 |
| 25 | ov_025 | 1.6654198599861913 × 10^295 |
| 24 | ov_024 | 2.942789937538596 × 10^295 |
| 23 | ov_023 | 5.003015172141336 × 10^295 |
| 22 | ov_022 | 8.151165450365675 × 10^295 |
| 21 | ov_021 | 1.2735426660006314 × 10^296 |
| 20 | ov_020 | 1.9147136189601024 × 10^296 |
| 19 | ov_019 | 2.7820840957037207 × 10^296 |
| 18 | ov_018 | 3.9234385639792436 × 10^296 |
| 17 | ov_017 | 5.390904029197331 × 10^296 |
| 16 | ov_016 | 7.2409679478009496 × 10^296 |
| 15 | ov_015 | 9.534503105097443 × 10^296 |
| 14 | ov_014 | 1.2336801927054438 × 10^297 |
| 13 | ov_013 | 1.5717623122920035 × 10^297 |
| 12 | ov_012 | 1.9751253859058557 × 10^297 |
| 11 | ov_011 | 2.4516590968587832 × 10^297 |
| 10 | ov_010 | 3.009724500658065 × 10^297 |
| 9 | ov_009 | 3.658167126719736 × 10^297 |
| 8 | ov_008 | 4.406333218775592 × 10^297 |
| 7 | ov_007 | 5.2640895876210626 × 10^297 |
| 6 | ov_006 | 6.24184758137908 × 10^297 |
| 5 | ov_005 | 7.35059171048352 × 10^297 |
| 4 | ov_004 | 8.601913497255094 × 10^297 |
| 3 | ov_003 | 1.0008051113591936 × 10^298 |
| 2 | ov_002 | 1.1581935325119637 × 10^298 |
| 1 | ov_001 | 1.3337242295842613 × 10^298 |

