# Results for F001-F002-F003-F004-F005-F006-F007-F008-F009-F010-F011-F012-F013-F014-F015-F016-F017-F018-F019-F020-F021-F022-F023-F024-F025-F026-F027-F028-F029-F030-F031-F032-F033-F034-F035-F036-F037-F038-F039-F040-F041-F042-F043-F044-F045-F046-F047-F048-F049-F050-F051-F052-F053-F054-F055-F056-F057-F058-F059-F060-F061-F062-F063-F064-F065-F066-F067-F068-F069-F070-F071-F072-F073-F074-F075-F076-F077-F078-F079-F080-F081-F082-F083-F084-F085-F086-F087-F088-F089-F090-F091-F092-F093-F094-F095-F096-F097-F098-F099-F100-F101-F102-F103-F104-F105-F106-F107-F108-F109-F110-F111-F112-F113-F114-F115-F116-F117-F118-F119-F120-F121-F122-F123-F124-F125-F126-F127-F128-F129-F130-F131-F132-F133-F134-F135-F136-F137-F138-F139-F140-F141-F142-F143-F144-F145-F146-F147-F148-F149-F150-F151-F152-F153-F154-F155-F156-F157-F158-F159-F160-F161-F162-F163-F164-F165-F166-F167-F168-F169-F170-F171-F172-F173-F174-F175-F176-F177-F178-F179-F180-F181-F182-F183-F184-F185-F186-F187-F188-F189-F190-F191-F192-F193-F194-F195-F196-F197-F198-F199-F200-F201-F202-F203-F204-F205-F206-F207-F208-F209-F210-F211-F212-F213-F214-F215-F216-F217-F218-F219-F220-F221-F222-F223-F224-F225-F226-F227-F228-F229-F230-F231-F232-F233-F234-F235-F236-F237-F238-F239-F240-F241-F242-F243-F244-F245-F246-F247-F248-F249-F250-F251-F252-F253-F254-F255-F256-F257-F258-F259-F260-F261-F262-F263-F264-F265-F266-F267-F268-F269-F270-F271-F272-F273-F274-F275-F276-F277-F278-F279-F280-F281-F282-F283-F284-F285-F286-F287-F288-F289-F290-F291-F292-F293-F294-F295-F296-F297-F298-F299-F300-F301-F302-F303-F304-F305-F306-F307-F308-F309-F310-F311-F312-F313-F314-F315-F316-F317-F318-F319-F320-F321-F322-F323-F324-F325-F326-F327-F328-F329-F330-F331-F332-F333-F334-F335-F336-F337-F338-F339-F340-F341-F342-F343-F344-F345-F346-F347-F348-F349-F350-F351-F352-F353-F354-F355-F356-F357-F358-F359-F360-F361-F362-F363-F364-F365-F366-F367-F368-F369-F370-F371-F372-F373-F374-F375-F376-F377-F378-F379-F380-F381-F382-F383-F384-F385-F386-F387-F388-F389-F390-F391-F392-F393-F394-F395-F396-F397-F398-F399-F400-F401-F402-F403-F404-F405-F406-F407-F408-F409-F410-F411-F412-F413-F414-F415-F416-F417-F418-F419-F420-F421-F422-F423-F424-F425-F426-F427-F428-F429-F430-F431-F432-F433-F434-F435-F436-F437-F438-F439-F440-F441-F442-F443-F444-F445-F446-F447-F448-F449-F450-F451-F452-F453-F454-F455-F456-F457-F458-F459-F460-F461-F462-F463-F464-F465-F466-F467-F468-F469-F470-F471-F472-F473-F474-F475-F476-F477-F478-F479-F480-F481-F482-F483-F484-F485-F486-F487-F488-F489-F490-F491-F492-F493-F494-F495-F496-E499505-O507509-F510-F511-F512

## Summary

Number of input bits: 512  
Number of free input bits: 11  
Number of output bits: 160

Number of direct occurrences: 45856  
Number of assignments: 31762  
Number of operations: 11832499
(xor: 11803050,
and: 15990,
or: 13459)

Total complexity: 7.148086440929793 × 10^306

Least occurring input variable: iv_504 (4001)  
Most occurring input variable: iv_499 (4343)

Most co-occurring input variables: iv_503-iv_508 (2114)  
Least co-occurring input variables: iv_497-iv_507 (1831)

Potentially most occurring input variable: iv_497/iv_507 (4670)  
Potentially least occurring input variable: iv_498/iv_506 (4151)

Least output occurring input variable: iv_507 (71)  
Most output occurring input variable: iv_498 (92)

Most output co-occurring input variables: iv_498-iv_501 (52)  
Least output co-occurring input variables: iv_506-iv_507 (30)

Potentially most output occurring input variable: iv_497/iv_498 (92)  
Potentially least output occurring input variable: iv_500/iv_503 (68)

Least complex input bit: iv_497 (2.0876812420449653 × 10^304)  
Most complex input bit: iv_507 (1.9633971279398066 × 10^306)

Least complex output bit: aaa_76_29 (1.861372700820227 × 10^281)  
Most complex output bit: ov_001 (1.1336976572658511 × 10^306)

Least complex input/output complexity: iv_497/aaa_76_29 (5.436354056529148 × 10^278)  
Most complex input/output complexity: iv_507/ov_001 (3.11397846489714 × 10^305)

## Input Bits

### Input Bits in Regular Order

| Input Bit | Complexity | Occurrences | Output Occurrences |
|:---------:|:----------:|:-----------:|:------------------:|
| iv_497 | 2.0876812420449653 × 10^304 | 4041 | 72 |
| iv_498 | 4.1586162468224273 × 10^304 | 4035 | 92 |
| iv_499 | 1.3143297099974122 × 10^306 | 4343 | 86 |
| iv_500 | 1.2291289480741724 × 10^305 | 4118 | 81 |
| iv_501 | 2.0246831612493155 × 10^305 | 4203 | 84 |
| iv_502 | 3.271754408862817 × 10^305 | 4112 | 78 |
| iv_503 | 5.198665013407317 × 10^305 | 4336 | 77 |
| iv_504 | 8.104012660171004 × 10^305 | 4001 | 80 |
| iv_506 | 6.278904084291507 × 10^305 | 4050 | 75 |
| iv_507 | 1.9633971279398066 × 10^306 | 4291 | 71 |
| iv_508 | 1.1971818004982763 × 10^306 | 4326 | 89 |

### Input Bits Sorted by Complexity

| Input Bit | Complexity | Occurrences | Output Occurrences |
|:---------:|:----------:|:-----------:|:------------------:|
| iv_497 | 2.0876812420449653 × 10^304 | 4041 | 72 |
| iv_498 | 4.1586162468224273 × 10^304 | 4035 | 92 |
| iv_500 | 1.2291289480741724 × 10^305 | 4118 | 81 |
| iv_501 | 2.0246831612493155 × 10^305 | 4203 | 84 |
| iv_502 | 3.271754408862817 × 10^305 | 4112 | 78 |
| iv_503 | 5.198665013407317 × 10^305 | 4336 | 77 |
| iv_506 | 6.278904084291507 × 10^305 | 4050 | 75 |
| iv_504 | 8.104012660171004 × 10^305 | 4001 | 80 |
| iv_508 | 1.1971818004982763 × 10^306 | 4326 | 89 |
| iv_499 | 1.3143297099974122 × 10^306 | 4343 | 86 |
| iv_507 | 1.9633971279398066 × 10^306 | 4291 | 71 |

### Input Bits Sorted by Occurrences

| Input Bit | Complexity | Occurrences | Output Occurrences |
|:---------:|:----------:|:-----------:|:------------------:|
| iv_504 | 8.104012660171004 × 10^305 | 4001 | 80 |
| iv_498 | 4.1586162468224273 × 10^304 | 4035 | 92 |
| iv_497 | 2.0876812420449653 × 10^304 | 4041 | 72 |
| iv_506 | 6.278904084291507 × 10^305 | 4050 | 75 |
| iv_502 | 3.271754408862817 × 10^305 | 4112 | 78 |
| iv_500 | 1.2291289480741724 × 10^305 | 4118 | 81 |
| iv_501 | 2.0246831612493155 × 10^305 | 4203 | 84 |
| iv_507 | 1.9633971279398066 × 10^306 | 4291 | 71 |
| iv_508 | 1.1971818004982763 × 10^306 | 4326 | 89 |
| iv_503 | 5.198665013407317 × 10^305 | 4336 | 77 |
| iv_499 | 1.3143297099974122 × 10^306 | 4343 | 86 |

### Input Bits Sorted by Output Occurrences

| Input Bit | Complexity | Occurrences | Output Occurrences |
|:---------:|:----------:|:-----------:|:------------------:|
| iv_507 | 1.9633971279398066 × 10^306 | 4291 | 71 |
| iv_497 | 2.0876812420449653 × 10^304 | 4041 | 72 |
| iv_506 | 6.278904084291507 × 10^305 | 4050 | 75 |
| iv_503 | 5.198665013407317 × 10^305 | 4336 | 77 |
| iv_502 | 3.271754408862817 × 10^305 | 4112 | 78 |
| iv_504 | 8.104012660171004 × 10^305 | 4001 | 80 |
| iv_500 | 1.2291289480741724 × 10^305 | 4118 | 81 |
| iv_501 | 2.0246831612493155 × 10^305 | 4203 | 84 |
| iv_499 | 1.3143297099974122 × 10^306 | 4343 | 86 |
| iv_508 | 1.1971818004982763 × 10^306 | 4326 | 89 |
| iv_498 | 4.1586162468224273 × 10^304 | 4035 | 92 |

## Input Bit Co-occurrences

### Input Bit Co-occurrences Sorted by Co-occurrences

| Input Bits | Co-occurrences | Potential Occurrences | Output Co-occurrences | Potential Output Occurrences |
|:----------:|:--------------:|:---------------------:|:---------------------:|:----------------------------:|
| iv_503-iv_508 | 2114 | 4434 | 45 | 76 |
| iv_499-iv_508 | 2104 | 4461 | 46 | 83 |
| iv_503-iv_506 | 2079 | 4228 | 33 | 86 |
| iv_501-iv_503 | 2076 | 4387 | 43 | 75 |
| iv_500-iv_503 | 2076 | 4302 | 45 | 68 |
| iv_507-iv_508 | 2069 | 4479 | 45 | 70 |
| iv_499-iv_503 | 2062 | 4555 | 41 | 81 |
| iv_499-iv_501 | 2056 | 4434 | 45 | 80 |
| iv_499-iv_502 | 2045 | 4365 | 39 | 86 |
| iv_499-iv_500 | 2035 | 4391 | 43 | 81 |
| iv_501-iv_506 | 2033 | 4187 | 44 | 71 |

### Input Bit Co-occurrences Sorted by Potential Occurrences

| Input Bits | Co-occurrences | Potential Occurrences | Output Co-occurrences | Potential Output Occurrences |
|:----------:|:--------------:|:---------------------:|:---------------------:|:----------------------------:|
| iv_498-iv_506 | 1967 | 4151 | 46 | 75 |
| iv_501-iv_506 | 2033 | 4187 | 44 | 71 |
| iv_500-iv_506 | 1972 | 4224 | 40 | 76 |
| iv_503-iv_506 | 2079 | 4228 | 33 | 86 |
| iv_497-iv_504 | 1897 | 4248 | 37 | 78 |
| iv_498-iv_501 | 1988 | 4262 | 52 | 72 |
| iv_501-iv_502 | 2021 | 4273 | 39 | 84 |
| iv_499-iv_504 | 2026 | 4292 | 46 | 74 |
| iv_498-iv_500 | 1929 | 4295 | 45 | 83 |
| iv_500-iv_501 | 2012 | 4297 | 45 | 75 |
| iv_502-iv_504 | 1906 | 4301 | 40 | 78 |

### Input Bit Output Co-occurrences Sorted by Output Co-occurrences

| Input Bits | Co-occurrences | Potential Occurrences | Output Co-occurrences | Potential Output Occurrences |
|:----------:|:--------------:|:---------------------:|:---------------------:|:----------------------------:|
| iv_498-iv_501 | 1988 | 4262 | 52 | 72 |
| iv_498-iv_499 | 1930 | 4518 | 50 | 78 |
| iv_498-iv_503 | 2014 | 4343 | 49 | 71 |
| iv_498-iv_508 | 1929 | 4503 | 49 | 83 |
| iv_500-iv_508 | 1986 | 4472 | 47 | 76 |
| iv_504-iv_508 | 1941 | 4445 | 47 | 75 |
| iv_498-iv_506 | 1967 | 4151 | 46 | 75 |
| iv_499-iv_504 | 2026 | 4292 | 46 | 74 |
| iv_499-iv_508 | 2104 | 4461 | 46 | 83 |
| iv_498-iv_504 | 1861 | 4314 | 46 | 80 |
| iv_498-iv_500 | 1929 | 4295 | 45 | 83 |

### Input Bit Output Co-occurrences Sorted by Potential Output Occurrences

| Input Bits | Co-occurrences | Potential Occurrences | Output Co-occurrences | Potential Output Occurrences |
|:----------:|:--------------:|:---------------------:|:---------------------:|:----------------------------:|
| iv_500-iv_503 | 2076 | 4302 | 45 | 68 |
| iv_507-iv_508 | 2069 | 4479 | 45 | 70 |
| iv_497-iv_502 | 1895 | 4363 | 40 | 70 |
| iv_503-iv_504 | 1949 | 4439 | 43 | 71 |
| iv_498-iv_503 | 2014 | 4343 | 49 | 71 |
| iv_501-iv_506 | 2033 | 4187 | 44 | 71 |
| iv_498-iv_501 | 1988 | 4262 | 52 | 72 |
| iv_500-iv_507 | 1968 | 4473 | 39 | 74 |
| iv_499-iv_504 | 2026 | 4292 | 46 | 74 |
| iv_498-iv_506 | 1967 | 4151 | 46 | 75 |
| iv_500-iv_501 | 2012 | 4297 | 45 | 75 |

## Output Bits

### Output Bits in Regular Order

| Rank | Output Bit | Complexity |
|:----:|:----------:|:----------:|
| 1 | ov_001 | 1.1336976572658511 × 10^306 |
| 2 | ov_002 | 9.844908962370494 × 10^305 |
| 3 | ov_003 | 8.507059684318484 × 10^305 |
| 4 | ov_004 | 7.31180277717408 × 10^305 |
| 5 | ov_005 | 6.248145993237534 × 10^305 |
| 6 | ov_006 | 5.305685909562472 × 10^305 |
| 7 | ov_007 | 4.474568869344106 × 10^305 |
| 8 | ov_008 | 3.7454572827979444 × 10^305 |
| 9 | ov_009 | 3.1095008471446795 × 10^305 |
| 10 | ov_010 | 2.5583122069638997 × 10^305 |
| 11 | ov_011 | 2.083946570787089 × 10^305 |
| 12 | ov_012 | 1.6788848275425725 × 10^305 |
| 13 | ov_013 | 1.3360197336551116 × 10^305 |
| 14 | ov_014 | 1.0486447683665135 × 10^305 |
| 15 | ov_015 | 8.104452812848035 × 10^304 |
| 16 | ov_016 | 6.154915823730985 × 10^304 |
| 17 | ov_017 | 4.582336506222806 × 10^304 |
| 18 | ov_018 | 3.334971635652039 × 10^304 |
| 19 | ov_019 | 2.3648057562195355 × 10^304 |
| 20 | ov_020 | 1.6275299904243892 × 10^304 |
| 21 | ov_021 | 1.082526775197474 × 10^304 |
| 22 | ov_022 | 6.928589835928151 × 10^303 |
| 23 | ov_023 | 4.252624006912595 × 10^303 |
| 24 | ov_024 | 2.501407725973744 × 10^303 |
| 25 | ov_025 | 1.4156277588238037 × 10^303 |
| 26 | ov_026 | 7.72603568268831 × 10^302 |
| 27 | ov_027 | 3.86279496655661 × 10^302 |
| 28 | ov_028 | 1.7278336075044845 × 10^302 |
| 29 | ov_029 | 6.655348171136882 × 10^301 |
| 30 | ov_030 | 2.033847869199215 × 10^301 |
| 31 | ov_031 | 3.9653078264563166 × 10^300 |
| 32 | lv_80_m31 | 7.72948041718182 × 10^299 |
| 33 | ov_033 | 9.267470941178145 × 10^300 |
| 34 | ov_034 | 8.035551528858366 × 10^300 |
| 35 | ov_035 | 6.933082980132304 × 10^300 |
| 36 | ov_036 | 5.949898233166616 × 10^300 |
| 37 | ov_037 | 5.0763825738025396 × 10^300 |
| 38 | ov_038 | 4.3034345320275136 × 10^300 |
| 39 | ov_039 | 3.6224319822366984 × 10^300 |
| 40 | ov_040 | 3.025202963061816 × 10^300 |
| 41 | ov_041 | 2.5040007576021857 × 10^300 |
| 42 | ov_042 | 2.051482799163188 × 10^300 |
| 43 | ov_043 | 1.6640764310438594 × 10^300 |
| 44 | ov_044 | 1.3351973731452582 × 10^300 |
| 45 | ov_045 | 1.0586211688531094 × 10^300 |
| 46 | ov_046 | 8.284735103108812 × 10^299 |
| 47 | ov_047 | 6.392225614871126 × 10^299 |
| 48 | ov_048 | 4.856729808712399 × 10^299 |
| 49 | ov_049 | 3.629613677608172 × 10^299 |
| 50 | ov_050 | 2.665528781700998 × 10^299 |
| 51 | ov_051 | 1.922387784132023 × 10^299 |
| 52 | ov_052 | 1.3613472640635606 × 10^299 |
| 53 | ov_053 | 9.467959270211688 × 10^298 |
| 54 | ov_054 | 6.463466285544919 × 10^298 |
| 55 | ov_055 | 4.3083106196809456 × 10^298 |
| 56 | ov_056 | 2.7429635444344107 × 10^298 |
| 57 | ov_057 | 1.6456960274316916 × 10^298 |
| 58 | ov_058 | 9.108421972458689 × 10^297 |
| 59 | ov_059 | 4.487953930268088 × 10^297 |
| 60 | ov_060 | 1.860063479786853 × 10^297 |
| 61 | ov_061 | 6.498252585566564 × 10^296 |
| 62 | ov_062 | 1.7828557222983713 × 10^296 |
| 63 | ov_063 | 3.4754288326774856 × 10^295 |
| 64 | lv_79_m31 | 6.773350992873711 × 10^294 |
| 65 | ov_065 | 8.081455742595482 × 10^295 |
| 66 | ov_066 | 8.081432205921164 × 10^295 |
| 67 | ov_067 | 8.081426520364612 × 10^295 |
| 68 | ov_068 | 7.001494249795869 × 10^295 |
| 69 | ov_069 | 6.034541640811077 × 10^295 |
| 70 | ov_070 | 5.172053491573525 × 10^295 |
| 71 | ov_071 | 4.405965056343398 × 10^295 |
| 72 | ov_072 | 3.7286299569522536 × 10^295 |
| 73 | ov_073 | 3.132792679824749 × 10^295 |
| 74 | ov_074 | 2.6115652081113795 × 10^295 |
| 75 | ov_075 | 2.1584073622817388 × 10^295 |
| 76 | ov_076 | 1.767110445403642 × 10^295 |
| 77 | ov_077 | 1.4317838114627178 × 10^295 |
| 78 | ov_078 | 1.1468439966022809 × 10^295 |
| 79 | ov_079 | 9.070060742072771 × 10^294 |
| 80 | ov_080 | 7.072769154236055 × 10^294 |
| 81 | ov_081 | 5.4295005708304265 × 10^294 |
| 82 | ov_082 | 4.0960189916668435 × 10^294 |
| 83 | ov_083 | 3.030889739445304 × 10^294 |
| 84 | ov_084 | 2.19546048820961 × 10^294 |
| 85 | ov_085 | 1.5538484472944508 × 10^294 |
| 86 | ov_086 | 1.0729317167946137 × 10^294 |
| 87 | ov_087 | 7.2234318962482905 × 10^293 |
| 88 | ov_088 | 4.744660330620973 × 10^293 |
| 89 | ov_089 | 3.044303665708049 × 10^293 |
| 90 | ov_090 | 1.9011093916121515 × 10^293 |
| 91 | ov_091 | 1.1212560955438586 × 10^293 |
| 92 | ov_092 | 6.146893858706119 × 10^292 |
| 93 | ov_093 | 3.0506421761920684 × 10^292 |
| 94 | ov_094 | 1.2974327872029783 × 10^292 |
| 95 | aaa_78_28 | 3.979633091244686 × 10^291 |
| 96 | aaa_78_29 | 1.2093284281814725 × 10^291 |
| 97 | ov_097 | 6.6096848955750795 × 10^290 |
| 98 | ov_098 | 6.609652402794916 × 10^290 |
| 99 | ov_099 | 6.609642023789425 × 10^290 |
| 100 | ov_100 | 5.678635269768066 × 10^290 |
| 101 | ov_101 | 4.849833422568472 × 10^290 |
| 102 | ov_102 | 4.1152202689983014 × 10^290 |
| 103 | ov_103 | 3.4672198028369754 × 10^290 |
| 104 | ov_104 | 2.8986641476317295 × 10^290 |
| 105 | ov_105 | 2.4027656447389593 × 10^290 |
| 106 | ov_106 | 1.973092727588014 × 10^290 |
| 107 | ov_107 | 1.6035492226946412 × 10^290 |
| 108 | ov_108 | 1.2883567368008409 × 10^290 |
| 109 | ov_109 | 1.0220398078056267 × 10^290 |
| 110 | ov_110 | 7.994135149963424 × 10^289 |
| 111 | ov_111 | 6.15573261594816 × 10^289 |
| 112 | ov_112 | 4.658864598823283 × 10^289 |
| 113 | ov_113 | 3.4598586623243644 × 10^289 |
| 114 | ov_114 | 2.51764330317412 × 10^289 |
| 115 | ov_115 | 1.7937073960585307 × 10^289 |
| 116 | ov_116 | 1.252069570677656 × 10^289 |
| 117 | ov_117 | 8.59255667706005 × 10^288 |
| 118 | ov_118 | 5.842825879845789 × 10^288 |
| 119 | ov_119 | 3.986470166406625 × 10^288 |
| 120 | ov_120 | 2.7631767113173976 × 10^288 |
| 121 | ov_121 | 1.937300060751779 × 10^288 |
| 122 | ov_122 | 1.2978268727446751 × 10^288 |
| 123 | ov_123 | 8.20160301728735 × 10^287 |
| 124 | ov_124 | 4.7971033003655095 × 10^287 |
| 125 | ov_125 | 2.5188992258361916 × 10^287 |
| 126 | ov_126 | 1.1211306499866267 × 10^287 |
| 127 | aaa_77_28 | 3.5794010383284692 × 10^286 |
| 128 | aaa_77_29 | 1.341552396474799 × 10^286 |
| 129 | ov_129 | 1.2403503530955203 × 10^286 |
| 130 | ov_130 | 1.24034672807797 × 10^286 |
| 131 | ov_131 | 1.2403458517099635 × 10^286 |
| 132 | ov_132 | 1.0750524178536351 × 10^286 |
| 133 | ov_133 | 9.270200720940682 × 10^285 |
| 134 | ov_134 | 7.949464642574263 × 10^285 |
| 135 | ov_135 | 6.775987724544952 × 10^285 |
| 136 | ov_136 | 5.738087175396168 × 10^285 |
| 137 | ov_137 | 4.824682738608663 × 10^285 |
| 138 | ov_138 | 4.0252600973417916 × 10^285 |
| 139 | ov_139 | 3.329839944545886 × 10^285 |
| 140 | ov_140 | 2.728952119421022 × 10^285 |
| 141 | ov_141 | 2.2136142433031234 × 10^285 |
| 142 | ov_142 | 1.7753143196123875 × 10^285 |
| 143 | ov_143 | 1.4059967936542458 × 10^285 |
| 144 | ov_144 | 1.0980515989413578 × 10^285 |
| 145 | ov_145 | 8.443057473991688 × 10^284 |
| 146 | ov_146 | 6.3801705139414825 × 10^284 |
| 147 | ov_147 | 4.728695960266705 × 10^284 |
| 148 | ov_148 | 3.4297061058561956 × 10^284 |
| 149 | ov_149 | 2.42848418483876 × 10^284 |
| 150 | ov_150 | 1.6745117539195884 × 10^284 |
| 151 | ov_151 | 1.1214613566802497 × 10^284 |
| 152 | ov_152 | 7.271922810219189 × 10^283 |
| 153 | ov_153 | 4.537479076293848 × 10^283 |
| 154 | ov_154 | 2.6735393217264237 × 10^283 |
| 155 | ov_155 | 1.3841719905601548 × 10^283 |
| 156 | aaa_76_25 | 5.318632460799103 × 10^282 |
| 157 | aaa_76_26 | 3.071308230780885 × 10^282 |
| 158 | aaa_76_27 | 1.572122053107236 × 10^282 |
| 159 | aaa_76_28 | 6.120823172914404 × 10^281 |
| 160 | aaa_76_29 | 1.861372700820227 × 10^281 |

### Output Bits Sorted by Complexity

| Rank | Output Bit | Complexity |
|:----:|:----------:|:----------:|
| 160 | aaa_76_29 | 1.861372700820227 × 10^281 |
| 159 | aaa_76_28 | 6.120823172914404 × 10^281 |
| 158 | aaa_76_27 | 1.572122053107236 × 10^282 |
| 157 | aaa_76_26 | 3.071308230780885 × 10^282 |
| 156 | aaa_76_25 | 5.318632460799103 × 10^282 |
| 155 | ov_155 | 1.3841719905601548 × 10^283 |
| 154 | ov_154 | 2.6735393217264237 × 10^283 |
| 153 | ov_153 | 4.537479076293848 × 10^283 |
| 152 | ov_152 | 7.271922810219189 × 10^283 |
| 151 | ov_151 | 1.1214613566802497 × 10^284 |
| 150 | ov_150 | 1.6745117539195884 × 10^284 |
| 149 | ov_149 | 2.42848418483876 × 10^284 |
| 148 | ov_148 | 3.4297061058561956 × 10^284 |
| 147 | ov_147 | 4.728695960266705 × 10^284 |
| 146 | ov_146 | 6.3801705139414825 × 10^284 |
| 145 | ov_145 | 8.443057473991688 × 10^284 |
| 144 | ov_144 | 1.0980515989413578 × 10^285 |
| 143 | ov_143 | 1.4059967936542458 × 10^285 |
| 142 | ov_142 | 1.7753143196123875 × 10^285 |
| 141 | ov_141 | 2.2136142433031234 × 10^285 |
| 140 | ov_140 | 2.728952119421022 × 10^285 |
| 139 | ov_139 | 3.329839944545886 × 10^285 |
| 138 | ov_138 | 4.0252600973417916 × 10^285 |
| 137 | ov_137 | 4.824682738608663 × 10^285 |
| 136 | ov_136 | 5.738087175396168 × 10^285 |
| 135 | ov_135 | 6.775987724544952 × 10^285 |
| 134 | ov_134 | 7.949464642574263 × 10^285 |
| 133 | ov_133 | 9.270200720940682 × 10^285 |
| 132 | ov_132 | 1.0750524178536351 × 10^286 |
| 131 | ov_131 | 1.2403458517099635 × 10^286 |
| 130 | ov_130 | 1.24034672807797 × 10^286 |
| 129 | ov_129 | 1.2403503530955203 × 10^286 |
| 128 | aaa_77_29 | 1.341552396474799 × 10^286 |
| 127 | aaa_77_28 | 3.5794010383284692 × 10^286 |
| 126 | ov_126 | 1.1211306499866267 × 10^287 |
| 125 | ov_125 | 2.5188992258361916 × 10^287 |
| 124 | ov_124 | 4.7971033003655095 × 10^287 |
| 123 | ov_123 | 8.20160301728735 × 10^287 |
| 122 | ov_122 | 1.2978268727446751 × 10^288 |
| 121 | ov_121 | 1.937300060751779 × 10^288 |
| 120 | ov_120 | 2.7631767113173976 × 10^288 |
| 119 | ov_119 | 3.986470166406625 × 10^288 |
| 118 | ov_118 | 5.842825879845789 × 10^288 |
| 117 | ov_117 | 8.59255667706005 × 10^288 |
| 116 | ov_116 | 1.252069570677656 × 10^289 |
| 115 | ov_115 | 1.7937073960585307 × 10^289 |
| 114 | ov_114 | 2.51764330317412 × 10^289 |
| 113 | ov_113 | 3.4598586623243644 × 10^289 |
| 112 | ov_112 | 4.658864598823283 × 10^289 |
| 111 | ov_111 | 6.15573261594816 × 10^289 |
| 110 | ov_110 | 7.994135149963424 × 10^289 |
| 109 | ov_109 | 1.0220398078056267 × 10^290 |
| 108 | ov_108 | 1.2883567368008409 × 10^290 |
| 107 | ov_107 | 1.6035492226946412 × 10^290 |
| 106 | ov_106 | 1.973092727588014 × 10^290 |
| 105 | ov_105 | 2.4027656447389593 × 10^290 |
| 104 | ov_104 | 2.8986641476317295 × 10^290 |
| 103 | ov_103 | 3.4672198028369754 × 10^290 |
| 102 | ov_102 | 4.1152202689983014 × 10^290 |
| 101 | ov_101 | 4.849833422568472 × 10^290 |
| 100 | ov_100 | 5.678635269768066 × 10^290 |
| 99 | ov_099 | 6.609642023789425 × 10^290 |
| 98 | ov_098 | 6.609652402794916 × 10^290 |
| 97 | ov_097 | 6.6096848955750795 × 10^290 |
| 96 | aaa_78_29 | 1.2093284281814725 × 10^291 |
| 95 | aaa_78_28 | 3.979633091244686 × 10^291 |
| 94 | ov_094 | 1.2974327872029783 × 10^292 |
| 93 | ov_093 | 3.0506421761920684 × 10^292 |
| 92 | ov_092 | 6.146893858706119 × 10^292 |
| 91 | ov_091 | 1.1212560955438586 × 10^293 |
| 90 | ov_090 | 1.9011093916121515 × 10^293 |
| 89 | ov_089 | 3.044303665708049 × 10^293 |
| 88 | ov_088 | 4.744660330620973 × 10^293 |
| 87 | ov_087 | 7.2234318962482905 × 10^293 |
| 86 | ov_086 | 1.0729317167946137 × 10^294 |
| 85 | ov_085 | 1.5538484472944508 × 10^294 |
| 84 | ov_084 | 2.19546048820961 × 10^294 |
| 83 | ov_083 | 3.030889739445304 × 10^294 |
| 82 | ov_082 | 4.0960189916668435 × 10^294 |
| 81 | ov_081 | 5.4295005708304265 × 10^294 |
| 64 | lv_79_m31 | 6.773350992873711 × 10^294 |
| 80 | ov_080 | 7.072769154236055 × 10^294 |
| 79 | ov_079 | 9.070060742072771 × 10^294 |
| 78 | ov_078 | 1.1468439966022809 × 10^295 |
| 77 | ov_077 | 1.4317838114627178 × 10^295 |
| 76 | ov_076 | 1.767110445403642 × 10^295 |
| 75 | ov_075 | 2.1584073622817388 × 10^295 |
| 74 | ov_074 | 2.6115652081113795 × 10^295 |
| 73 | ov_073 | 3.132792679824749 × 10^295 |
| 63 | ov_063 | 3.4754288326774856 × 10^295 |
| 72 | ov_072 | 3.7286299569522536 × 10^295 |
| 71 | ov_071 | 4.405965056343398 × 10^295 |
| 70 | ov_070 | 5.172053491573525 × 10^295 |
| 69 | ov_069 | 6.034541640811077 × 10^295 |
| 68 | ov_068 | 7.001494249795869 × 10^295 |
| 67 | ov_067 | 8.081426520364612 × 10^295 |
| 66 | ov_066 | 8.081432205921164 × 10^295 |
| 65 | ov_065 | 8.081455742595482 × 10^295 |
| 62 | ov_062 | 1.7828557222983713 × 10^296 |
| 61 | ov_061 | 6.498252585566564 × 10^296 |
| 60 | ov_060 | 1.860063479786853 × 10^297 |
| 59 | ov_059 | 4.487953930268088 × 10^297 |
| 58 | ov_058 | 9.108421972458689 × 10^297 |
| 57 | ov_057 | 1.6456960274316916 × 10^298 |
| 56 | ov_056 | 2.7429635444344107 × 10^298 |
| 55 | ov_055 | 4.3083106196809456 × 10^298 |
| 54 | ov_054 | 6.463466285544919 × 10^298 |
| 53 | ov_053 | 9.467959270211688 × 10^298 |
| 52 | ov_052 | 1.3613472640635606 × 10^299 |
| 51 | ov_051 | 1.922387784132023 × 10^299 |
| 50 | ov_050 | 2.665528781700998 × 10^299 |
| 49 | ov_049 | 3.629613677608172 × 10^299 |
| 48 | ov_048 | 4.856729808712399 × 10^299 |
| 47 | ov_047 | 6.392225614871126 × 10^299 |
| 32 | lv_80_m31 | 7.72948041718182 × 10^299 |
| 46 | ov_046 | 8.284735103108812 × 10^299 |
| 45 | ov_045 | 1.0586211688531094 × 10^300 |
| 44 | ov_044 | 1.3351973731452582 × 10^300 |
| 43 | ov_043 | 1.6640764310438594 × 10^300 |
| 42 | ov_042 | 2.051482799163188 × 10^300 |
| 41 | ov_041 | 2.5040007576021857 × 10^300 |
| 40 | ov_040 | 3.025202963061816 × 10^300 |
| 39 | ov_039 | 3.6224319822366984 × 10^300 |
| 31 | ov_031 | 3.9653078264563166 × 10^300 |
| 38 | ov_038 | 4.3034345320275136 × 10^300 |
| 37 | ov_037 | 5.0763825738025396 × 10^300 |
| 36 | ov_036 | 5.949898233166616 × 10^300 |
| 35 | ov_035 | 6.933082980132304 × 10^300 |
| 34 | ov_034 | 8.035551528858366 × 10^300 |
| 33 | ov_033 | 9.267470941178145 × 10^300 |
| 30 | ov_030 | 2.033847869199215 × 10^301 |
| 29 | ov_029 | 6.655348171136882 × 10^301 |
| 28 | ov_028 | 1.7278336075044845 × 10^302 |
| 27 | ov_027 | 3.86279496655661 × 10^302 |
| 26 | ov_026 | 7.72603568268831 × 10^302 |
| 25 | ov_025 | 1.4156277588238037 × 10^303 |
| 24 | ov_024 | 2.501407725973744 × 10^303 |
| 23 | ov_023 | 4.252624006912595 × 10^303 |
| 22 | ov_022 | 6.928589835928151 × 10^303 |
| 21 | ov_021 | 1.082526775197474 × 10^304 |
| 20 | ov_020 | 1.6275299904243892 × 10^304 |
| 19 | ov_019 | 2.3648057562195355 × 10^304 |
| 18 | ov_018 | 3.334971635652039 × 10^304 |
| 17 | ov_017 | 4.582336506222806 × 10^304 |
| 16 | ov_016 | 6.154915823730985 × 10^304 |
| 15 | ov_015 | 8.104452812848035 × 10^304 |
| 14 | ov_014 | 1.0486447683665135 × 10^305 |
| 13 | ov_013 | 1.3360197336551116 × 10^305 |
| 12 | ov_012 | 1.6788848275425725 × 10^305 |
| 11 | ov_011 | 2.083946570787089 × 10^305 |
| 10 | ov_010 | 2.5583122069638997 × 10^305 |
| 9 | ov_009 | 3.1095008471446795 × 10^305 |
| 8 | ov_008 | 3.7454572827979444 × 10^305 |
| 7 | ov_007 | 4.474568869344106 × 10^305 |
| 6 | ov_006 | 5.305685909562472 × 10^305 |
| 5 | ov_005 | 6.248145993237534 × 10^305 |
| 4 | ov_004 | 7.31180277717408 × 10^305 |
| 3 | ov_003 | 8.507059684318484 × 10^305 |
| 2 | ov_002 | 9.844908962370494 × 10^305 |
| 1 | ov_001 | 1.1336976572658511 × 10^306 |

