# Results for F001-F002-F003-F004-F005-F006-F007-F008-F009-F010-F011-F012-F013-F014-F015-F016-F017-F018-F019-F020-F021-F022-F023-F024-F025-F026-F027-F028-F029-F030-F031-F032-F033-F034-F035-F036-F037-F038-F039-F040-F041-F042-F043-F044-F045-F046-F047-F048-F049-F050-F051-F052-F053-F054-F055-F056-F057-F058-F059-F060-F061-F062-F063-F064-F065-F066-F067-F068-F069-F070-F071-F072-F073-F074-F075-F076-F077-F078-F079-F080-F081-F082-F083-F084-F085-F086-F087-F088-F089-F090-F091-F092-F093-F094-F095-F096-F097-F098-F099-F100-F101-F102-F103-F104-F105-F106-F107-F108-F109-F110-F111-F112-F113-F114-F115-F116-F117-F118-F119-F120-F121-F122-F123-F124-F125-F126-F127-F128-F129-F130-F131-F132-F133-F134-F135-F136-F137-F138-F139-F140-F141-F142-F143-F144-F145-F146-F147-F148-F149-F150-F151-F152-F153-F154-F155-F156-F157-F158-F159-F160-F161-F162-F163-F164-F165-F166-F167-F168-F169-F170-F171-F172-F173-F174-F175-F176-F177-F178-F179-F180-F181-F182-F183-F184-F185-F186-F187-F188-F189-F190-F191-F192-F193-F194-F195-F196-F197-F198-F199-F200-F201-F202-F203-F204-F205-F206-F207-F208-F209-F210-F211-F212-F213-F214-F215-F216-F217-F218-F219-F220-F221-F222-F223-F224-F225-F226-F227-F228-F229-F230-F231-F232-F233-F234-F235-F236-F237-F238-F239-F240-F241-F242-F243-F244-F245-F246-F247-F248-F249-F250-F251-F252-F253-F254-F255-F256-F257-F258-F259-F260-F261-F262-F263-F264-F265-F266-F267-F268-F269-F270-F271-F272-F273-F274-F275-F276-F277-F278-F279-F280-F281-F282-F283-F284-F285-F286-F287-F288-F289-F290-F291-F292-F293-F294-F295-F296-F297-F298-F299-F300-F301-F302-F303-F304-F305-F306-F307-F308-F309-F310-F311-F312-F313-F314-F315-F316-F317-F318-F319-F320-F321-F322-F323-F324-F325-F326-F327-F328-F329-F330-F331-F332-F333-F334-F335-F336-F337-F338-F339-F340-F341-F342-F343-F344-F345-F346-F347-F348-F349-F350-F351-F352-F353-F354-F355-F356-F357-F358-F359-F360-F361-F362-F363-F364-F365-F366-F367-F368-F369-F370-F371-F372-F373-F374-F375-F376-F377-F378-F379-F380-F381-F382-F383-F384-F385-F386-F387-F388-F389-F390-F391-F392-F393-F394-F395-F396-F397-F398-F399-F400-F401-F402-F403-F404-F405-F406-F407-F408-F409-F410-F411-F412-F413-F414-F415-F416-F417-F418-F419-F420-F421-F422-F423-F424-F425-F426-F427-F428-F429-F430-F431-F432-F433-F434-F435-F436-F437-F438-F439-F440-F441-F442-F443-F444-F445-F446-F447-F448-F449-F450-F451-F452-F453-F454-F455-F456-F457-F458-F459-F460-F461-F462-F463-F464-F465-F466-F467-F468-F469-F470-F471-F472-F473-F474-F475-F476-F477-F478-F479-F480-F481-F482-F483-F484-F485-F486-F487-F488-F489-F490-F491-F492-F493-F494-F495-F496-F501-F509-F510-F511-F512

## Summary

Number of input bits: 512  
Number of free input bits: 11  
Number of output bits: 160

Number of direct occurrences: 43930  
Number of assignments: 30980  
Number of operations: 10811940
(xor: 10783980,
and: 14731,
or: 13229)

Total complexity: 2.6531350159584325 × 10^297

Least occurring input variable: iv_502 (3834)  
Most occurring input variable: iv_508 (4153)

Most co-occurring input variables: iv_497-iv_507 (2018)  
Least co-occurring input variables: iv_498-iv_502 (1737)

Potentially most occurring input variable: iv_497/iv_508 (4397)  
Potentially least occurring input variable: iv_504/iv_505 (3979)

Least output occurring input variable: iv_505 (72)  
Most output occurring input variable: iv_497 (93)

Most output co-occurring input variables: iv_497-iv_502 (52)  
Least output co-occurring input variables: iv_505-iv_507 (31)

Potentially most output occurring input variable: iv_497/iv_500 (91)  
Potentially least output occurring input variable: iv_499/iv_505 (57)

Least complex input bit: iv_497 (9.755310834277862 × 10^294)  
Most complex input bit: iv_505 (5.778495203176408 × 10^296)

Least complex output bit: aaa_76_29 (6.156709605214616 × 10^272)  
Most complex output bit: ov_001 (4.244350644101363 × 10^296)

Least complex input/output complexity: iv_497/aaa_76_29 (2.2637602517019304 × 10^270)  
Most complex input/output complexity: iv_505/ov_001 (9.24414313256444 × 10^295)

## Input Bits

### Input Bits in Regular Order

| Input Bit | Complexity | Occurrences | Output Occurrences |
|:---------:|:----------:|:-----------:|:------------------:|
| iv_497 | 9.755310834277862 × 10^294 | 4102 | 93 |
| iv_498 | 1.9521831884597992 × 10^295 | 3889 | 88 |
| iv_499 | 3.4471602283804827 × 10^295 | 3917 | 81 |
| iv_500 | 5.802663856459598 × 10^295 | 4060 | 76 |
| iv_502 | 1.5397759921155138 × 10^296 | 3834 | 82 |
| iv_503 | 2.4386405548487778 × 10^296 | 4013 | 75 |
| iv_504 | 3.7874680905575504 × 10^296 | 3875 | 78 |
| iv_505 | 5.778495203176408 × 10^296 | 4042 | 72 |
| iv_506 | 2.890283845021554 × 10^296 | 3907 | 82 |
| iv_507 | 4.112808632767733 × 10^296 | 4138 | 76 |
| iv_508 | 4.7661240054240715 × 10^296 | 4153 | 81 |

### Input Bits Sorted by Complexity

| Input Bit | Complexity | Occurrences | Output Occurrences |
|:---------:|:----------:|:-----------:|:------------------:|
| iv_497 | 9.755310834277862 × 10^294 | 4102 | 93 |
| iv_498 | 1.9521831884597992 × 10^295 | 3889 | 88 |
| iv_499 | 3.4471602283804827 × 10^295 | 3917 | 81 |
| iv_500 | 5.802663856459598 × 10^295 | 4060 | 76 |
| iv_502 | 1.5397759921155138 × 10^296 | 3834 | 82 |
| iv_503 | 2.4386405548487778 × 10^296 | 4013 | 75 |
| iv_506 | 2.890283845021554 × 10^296 | 3907 | 82 |
| iv_504 | 3.7874680905575504 × 10^296 | 3875 | 78 |
| iv_507 | 4.112808632767733 × 10^296 | 4138 | 76 |
| iv_508 | 4.7661240054240715 × 10^296 | 4153 | 81 |
| iv_505 | 5.778495203176408 × 10^296 | 4042 | 72 |

### Input Bits Sorted by Occurrences

| Input Bit | Complexity | Occurrences | Output Occurrences |
|:---------:|:----------:|:-----------:|:------------------:|
| iv_502 | 1.5397759921155138 × 10^296 | 3834 | 82 |
| iv_504 | 3.7874680905575504 × 10^296 | 3875 | 78 |
| iv_498 | 1.9521831884597992 × 10^295 | 3889 | 88 |
| iv_506 | 2.890283845021554 × 10^296 | 3907 | 82 |
| iv_499 | 3.4471602283804827 × 10^295 | 3917 | 81 |
| iv_503 | 2.4386405548487778 × 10^296 | 4013 | 75 |
| iv_505 | 5.778495203176408 × 10^296 | 4042 | 72 |
| iv_500 | 5.802663856459598 × 10^295 | 4060 | 76 |
| iv_497 | 9.755310834277862 × 10^294 | 4102 | 93 |
| iv_507 | 4.112808632767733 × 10^296 | 4138 | 76 |
| iv_508 | 4.7661240054240715 × 10^296 | 4153 | 81 |

### Input Bits Sorted by Output Occurrences

| Input Bit | Complexity | Occurrences | Output Occurrences |
|:---------:|:----------:|:-----------:|:------------------:|
| iv_505 | 5.778495203176408 × 10^296 | 4042 | 72 |
| iv_503 | 2.4386405548487778 × 10^296 | 4013 | 75 |
| iv_500 | 5.802663856459598 × 10^295 | 4060 | 76 |
| iv_507 | 4.112808632767733 × 10^296 | 4138 | 76 |
| iv_504 | 3.7874680905575504 × 10^296 | 3875 | 78 |
| iv_499 | 3.4471602283804827 × 10^295 | 3917 | 81 |
| iv_508 | 4.7661240054240715 × 10^296 | 4153 | 81 |
| iv_502 | 1.5397759921155138 × 10^296 | 3834 | 82 |
| iv_506 | 2.890283845021554 × 10^296 | 3907 | 82 |
| iv_498 | 1.9521831884597992 × 10^295 | 3889 | 88 |
| iv_497 | 9.755310834277862 × 10^294 | 4102 | 93 |

## Input Bit Co-occurrences

### Input Bit Co-occurrences Sorted by Co-occurrences

| Input Bits | Co-occurrences | Potential Occurrences | Output Co-occurrences | Potential Output Occurrences |
|:----------:|:--------------:|:---------------------:|:---------------------:|:----------------------------:|
| iv_497-iv_507 | 2018 | 4204 | 44 | 81 |
| iv_507-iv_508 | 2015 | 4261 | 43 | 71 |
| iv_505-iv_507 | 2012 | 4156 | 31 | 86 |
| iv_504-iv_505 | 1969 | 3979 | 39 | 72 |
| iv_497-iv_500 | 1962 | 4238 | 39 | 91 |
| iv_500-iv_508 | 1961 | 4291 | 36 | 85 |
| iv_497-iv_503 | 1960 | 4195 | 46 | 76 |
| iv_500-iv_507 | 1959 | 4280 | 35 | 82 |
| iv_506-iv_507 | 1958 | 4129 | 39 | 80 |
| iv_497-iv_505 | 1956 | 4232 | 38 | 89 |
| iv_505-iv_508 | 1952 | 4291 | 36 | 81 |

### Input Bit Co-occurrences Sorted by Potential Occurrences

| Input Bits | Co-occurrences | Potential Occurrences | Output Co-occurrences | Potential Output Occurrences |
|:----------:|:--------------:|:---------------------:|:---------------------:|:----------------------------:|
| iv_504-iv_505 | 1969 | 3979 | 39 | 72 |
| iv_502-iv_505 | 1892 | 4092 | 37 | 80 |
| iv_504-iv_506 | 1845 | 4092 | 42 | 76 |
| iv_499-iv_504 | 1835 | 4122 | 38 | 83 |
| iv_506-iv_507 | 1958 | 4129 | 39 | 80 |
| iv_498-iv_504 | 1814 | 4136 | 46 | 74 |
| iv_505-iv_507 | 2012 | 4156 | 31 | 86 |
| iv_498-iv_506 | 1818 | 4160 | 41 | 88 |
| iv_499-iv_505 | 1899 | 4161 | 48 | 57 |
| iv_502-iv_504 | 1773 | 4163 | 42 | 76 |
| iv_497-iv_506 | 1921 | 4167 | 51 | 73 |

### Input Bit Output Co-occurrences Sorted by Output Co-occurrences

| Input Bits | Co-occurrences | Potential Occurrences | Output Co-occurrences | Potential Output Occurrences |
|:----------:|:--------------:|:---------------------:|:---------------------:|:----------------------------:|
| iv_497-iv_502 | 1882 | 4172 | 52 | 71 |
| iv_497-iv_506 | 1921 | 4167 | 51 | 73 |
| iv_497-iv_504 | 1900 | 4177 | 50 | 71 |
| iv_497-iv_498 | 1869 | 4253 | 50 | 81 |
| iv_498-iv_499 | 1803 | 4200 | 48 | 73 |
| iv_498-iv_505 | 1869 | 4193 | 48 | 64 |
| iv_499-iv_505 | 1899 | 4161 | 48 | 57 |
| iv_498-iv_502 | 1737 | 4249 | 46 | 78 |
| iv_498-iv_504 | 1814 | 4136 | 46 | 74 |
| iv_497-iv_503 | 1960 | 4195 | 46 | 76 |
| iv_497-iv_508 | 1929 | 4397 | 46 | 82 |

### Input Bit Output Co-occurrences Sorted by Potential Output Occurrences

| Input Bits | Co-occurrences | Potential Occurrences | Output Co-occurrences | Potential Output Occurrences |
|:----------:|:--------------:|:---------------------:|:---------------------:|:----------------------------:|
| iv_499-iv_505 | 1899 | 4161 | 48 | 57 |
| iv_498-iv_505 | 1869 | 4193 | 48 | 64 |
| iv_497-iv_504 | 1900 | 4177 | 50 | 71 |
| iv_503-iv_505 | 1900 | 4255 | 38 | 71 |
| iv_497-iv_502 | 1882 | 4172 | 52 | 71 |
| iv_507-iv_508 | 2015 | 4261 | 43 | 71 |
| iv_504-iv_505 | 1969 | 3979 | 39 | 72 |
| iv_498-iv_499 | 1803 | 4200 | 48 | 73 |
| iv_499-iv_500 | 1866 | 4245 | 42 | 73 |
| iv_497-iv_506 | 1921 | 4167 | 51 | 73 |
| iv_500-iv_503 | 1918 | 4237 | 39 | 73 |

## Output Bits

### Output Bits in Regular Order

| Rank | Output Bit | Complexity |
|:----:|:----------:|:----------:|
| 1 | ov_001 | 4.244350644101363 × 10^296 |
| 2 | ov_002 | 3.680699858483247 × 10^296 |
| 3 | ov_003 | 3.1757987466915033 × 10^296 |
| 4 | ov_004 | 2.72519108034008 × 10^296 |
| 5 | ov_005 | 2.324664031002518 × 10^296 |
| 6 | ov_006 | 1.970230903234421 × 10^296 |
| 7 | ov_007 | 1.6581160854992563 × 10^296 |
| 8 | ov_008 | 1.3847420694411532 × 10^296 |
| 9 | ov_009 | 1.146718370973118 × 10^296 |
| 10 | ov_010 | 9.40832156101881 × 10^295 |
| 11 | ov_011 | 7.64040372144928 × 10^295 |
| 12 | ov_012 | 6.13463206739134 × 10^295 |
| 13 | ov_013 | 4.863787289279737 × 10^295 |
| 14 | ov_014 | 3.802185776235834 × 10^295 |
| 15 | ov_015 | 2.9256455291148846 × 10^295 |
| 16 | ov_016 | 2.211459661031167 × 10^295 |
| 17 | ov_017 | 1.638376151695633 × 10^295 |
| 18 | ov_018 | 1.1865826287142415 × 10^295 |
| 19 | ov_019 | 8.376950554782095 × 10^294 |
| 20 | ov_020 | 5.747493616554957 × 10^294 |
| 21 | ov_021 | 3.821953021436679 × 10^294 |
| 22 | ov_022 | 2.458920602372849 × 10^294 |
| 23 | ov_023 | 1.5310522049528862 × 10^294 |
| 24 | ov_024 | 9.250478975815221 × 10^293 |
| 25 | ov_025 | 5.4163997717771584 × 10^293 |
| 26 | ov_026 | 2.9558650533457164 × 10^293 |
| 27 | ov_027 | 1.4777242578750773 × 10^293 |
| 28 | ov_028 | 6.609367059891192 × 10^292 |
| 29 | ov_029 | 2.545689524782902 × 10^292 |
| 30 | ov_030 | 7.77941403722774 × 10^291 |
| 31 | ov_031 | 1.516767242724033 × 10^291 |
| 32 | lv_80_m31 | 2.956797757961173 × 10^290 |
| 33 | ov_033 | 3.558388233944571 × 10^291 |
| 34 | ov_034 | 3.085969596002263 × 10^291 |
| 35 | ov_035 | 2.6637683139273188 × 10^291 |
| 36 | ov_036 | 2.2876158061338093 × 10^291 |
| 37 | ov_037 | 1.9535676666949817 × 10^291 |
| 38 | ov_038 | 1.6578878908731966 × 10^291 |
| 39 | ov_039 | 1.3970352584244707 × 10^291 |
| 40 | ov_040 | 1.1676516627812298 × 10^291 |
| 41 | ov_041 | 9.665521871454531 × 10^290 |
| 42 | ov_042 | 7.921865332327515 × 10^290 |
| 43 | ov_043 | 6.430849085914026 × 10^290 |
| 44 | ov_044 | 5.165371601999539 × 10^290 |
| 45 | ov_045 | 4.0998053600263114 × 10^290 |
| 46 | ov_046 | 3.2099592084752957 × 10^290 |
| 47 | ov_047 | 2.473048647223867 × 10^290 |
| 48 | ov_048 | 1.8780298295535954 × 10^290 |
| 49 | ov_049 | 1.4048680344087847 × 10^290 |
| 50 | ov_050 | 1.0348817351099273 × 10^290 |
| 51 | ov_051 | 7.507332003800797 × 10^289 |
| 52 | ov_052 | 5.364217955980865 × 10^289 |
| 53 | ov_053 | 3.77279251070167 × 10^289 |
| 54 | ov_054 | 2.5996635902288524 × 10^289 |
| 55 | ov_055 | 1.724707389051609 × 10^289 |
| 56 | ov_056 | 1.0911768544258268 × 10^289 |
| 57 | ov_057 | 6.489491089980913 × 10^288 |
| 58 | ov_058 | 3.545222411786551 × 10^288 |
| 59 | ov_059 | 1.7101360041031733 × 10^288 |
| 60 | ov_060 | 6.8159006090784244 × 10^287 |
| 61 | ov_061 | 2.2312455904392756 × 10^287 |
| 62 | ov_062 | 5.587836823143573 × 10^286 |
| 63 | ov_063 | 1.1420226959213086 × 10^286 |
| 64 | lv_79_k31 | 2.7611011377021914 × 10^285 |
| 65 | ov_065 | 3.2798600520898 × 10^286 |
| 66 | ov_066 | 3.279849549259554 × 10^286 |
| 67 | ov_067 | 3.279846978646247 × 10^286 |
| 68 | ov_068 | 2.8314514224627657 × 10^286 |
| 69 | ov_069 | 2.431852874477286 × 10^286 |
| 70 | ov_070 | 2.077073788082598 × 10^286 |
| 71 | ov_071 | 1.7633814344376442 × 10^286 |
| 72 | ov_072 | 1.4872713203308013 × 10^286 |
| 73 | ov_073 | 1.2454520703270652 × 10^286 |
| 74 | ov_074 | 1.0348316962180685 × 10^286 |
| 75 | ov_075 | 8.525051796811685 × 10^285 |
| 76 | ov_076 | 6.95743296412533 × 10^285 |
| 77 | ov_077 | 5.61982611898846 × 10^285 |
| 78 | ov_078 | 4.4881658049783206 × 10^285 |
| 79 | ov_079 | 3.5398768066982016 × 10^285 |
| 80 | ov_080 | 2.753805200969954 × 10^285 |
| 81 | ov_081 | 2.1101584509539904 × 10^285 |
| 82 | ov_082 | 1.5904538921419778 × 10^285 |
| 83 | ov_083 | 1.1774749626943198 × 10^285 |
| 84 | ov_084 | 8.55234533108599 × 10^284 |
| 85 | ov_085 | 6.089446919753044 × 10^284 |
| 86 | ov_086 | 4.24992345793197 × 10^284 |
| 87 | ov_087 | 2.9091999161901853 × 10^284 |
| 88 | ov_088 | 1.9541102182787515 × 10^284 |
| 89 | ov_089 | 1.2827892055289685 × 10^284 |
| 90 | ov_090 | 8.045971152800772 × 10^283 |
| 91 | ov_091 | 4.770128070638269 × 10^283 |
| 92 | ov_092 | 2.6309364513689185 × 10^283 |
| 93 | ov_093 | 1.3146483019182705 × 10^283 |
| 94 | ov_094 | 5.631415684820146 × 10^282 |
| 95 | aaa_78_28 | 1.7389873218241756 × 10^282 |
| 96 | aaa_78_29 | 5.340793382312541 × 10^281 |
| 97 | ov_097 | 3.527528167239036 × 10^281 |
| 98 | ov_098 | 3.5274227086355426 × 10^281 |
| 99 | ov_099 | 3.527389040624231 × 10^281 |
| 100 | ov_100 | 3.174438406855823 × 10^281 |
| 101 | ov_101 | 2.8474915885895973 × 10^281 |
| 102 | ov_102 | 2.5451274070972716 × 10^281 |
| 103 | ov_103 | 2.2660283755990205 × 10^281 |
| 104 | ov_104 | 2.0089670446346253 × 10^281 |
| 105 | ov_105 | 1.7727936038177215 × 10^281 |
| 106 | ov_106 | 1.556424675937846 × 10^281 |
| 107 | ov_107 | 1.3588332415517253 × 10^281 |
| 108 | ov_108 | 1.179039633926179 × 10^281 |
| 109 | ov_109 | 1.0161035455276807 × 10^281 |
| 110 | ov_110 | 8.691169882575744 × 10^280 |
| 111 | ov_111 | 7.371981503644404 × 10^280 |
| 112 | ov_112 | 6.194860934791174 × 10^280 |
| 113 | ov_113 | 5.151362335621392 × 10^280 |
| 114 | ov_114 | 4.233165497723893 × 10^280 |
| 115 | ov_115 | 3.4320446539945495 × 10^280 |
| 116 | ov_116 | 2.739843450836772 × 10^280 |
| 117 | ov_117 | 2.14845552600511 × 10^280 |
| 118 | ov_118 | 1.6498101352207978 × 10^280 |
| 119 | ov_119 | 1.2358618137614904 × 10^280 |
| 120 | ov_120 | 8.98582671752893 × 10^279 |
| 121 | ov_121 | 6.29956518240607 × 10^279 |
| 122 | ov_122 | 4.2197453588204276 × 10^279 |
| 123 | ov_123 | 2.666322281171078 × 10^279 |
| 124 | ov_124 | 1.5592736068028803 × 10^279 |
| 125 | ov_125 | 8.185868693948386 × 10^278 |
| 126 | ov_126 | 3.642529802486236 × 10^278 |
| 127 | aaa_77_28 | 1.1626373513995522 × 10^278 |
| 128 | aaa_77_29 | 4.355842673774626 × 10^277 |
| 129 | ov_129 | 4.0059045402506185 × 10^277 |
| 130 | ov_130 | 4.0058925592983423 × 10^277 |
| 131 | ov_131 | 4.005889665696745 × 10^277 |
| 132 | ov_132 | 3.467000433829177 × 10^277 |
| 133 | ov_133 | 2.9848885497691467 × 10^277 |
| 134 | ov_134 | 2.5552555983772574 × 10^277 |
| 135 | ov_135 | 2.1740297897806934 × 10^277 |
| 136 | ov_136 | 1.8373496766246205 × 10^277 |
| 137 | ov_137 | 1.5415502233632565 × 10^277 |
| 138 | ov_138 | 1.2831509968867118 × 10^277 |
| 139 | ov_139 | 1.0588462594028685 × 10^277 |
| 140 | ov_140 | 8.654967558055683 × 10^276 |
| 141 | ov_141 | 7.001229988366237 × 10^276 |
| 142 | ov_142 | 5.598998662532013 × 10^276 |
| 143 | ov_143 | 4.421523349958705 × 10^276 |
| 144 | ov_144 | 3.4435218805549695 × 10^276 |
| 145 | ov_145 | 2.641155403874516 × 10^276 |
| 146 | ov_146 | 1.9920104083805228 × 10^276 |
| 147 | ov_147 | 1.4750861764206842 × 10^276 |
| 148 | ov_148 | 1.0707864562788463 × 10^276 |
| 149 | ov_149 | 7.60914238322188 × 10^275 |
| 150 | ov_150 | 5.286686278220253 × 10^275 |
| 151 | ov_151 | 3.586429557100918 × 10^275 |
| 152 | ov_152 | 2.368235335661739 × 10^275 |
| 153 | ov_153 | 1.5058877099394885 × 10^275 |
| 154 | ov_154 | 8.870855948548084 × 10^274 |
| 155 | ov_155 | 4.591565156198257 × 10^274 |
| 156 | aaa_76_25 | 1.7638269109347483 × 10^274 |
| 157 | aaa_76_26 | 1.0180227376958538 × 10^274 |
| 158 | aaa_76_27 | 5.207942410055023 × 10^273 |
| 159 | aaa_76_28 | 2.026103134427151 × 10^273 |
| 160 | aaa_76_29 | 6.156709605214616 × 10^272 |

### Output Bits Sorted by Complexity

| Rank | Output Bit | Complexity |
|:----:|:----------:|:----------:|
| 160 | aaa_76_29 | 6.156709605214616 × 10^272 |
| 159 | aaa_76_28 | 2.026103134427151 × 10^273 |
| 158 | aaa_76_27 | 5.207942410055023 × 10^273 |
| 157 | aaa_76_26 | 1.0180227376958538 × 10^274 |
| 156 | aaa_76_25 | 1.7638269109347483 × 10^274 |
| 155 | ov_155 | 4.591565156198257 × 10^274 |
| 154 | ov_154 | 8.870855948548084 × 10^274 |
| 153 | ov_153 | 1.5058877099394885 × 10^275 |
| 152 | ov_152 | 2.368235335661739 × 10^275 |
| 151 | ov_151 | 3.586429557100918 × 10^275 |
| 150 | ov_150 | 5.286686278220253 × 10^275 |
| 149 | ov_149 | 7.60914238322188 × 10^275 |
| 148 | ov_148 | 1.0707864562788463 × 10^276 |
| 147 | ov_147 | 1.4750861764206842 × 10^276 |
| 146 | ov_146 | 1.9920104083805228 × 10^276 |
| 145 | ov_145 | 2.641155403874516 × 10^276 |
| 144 | ov_144 | 3.4435218805549695 × 10^276 |
| 143 | ov_143 | 4.421523349958705 × 10^276 |
| 142 | ov_142 | 5.598998662532013 × 10^276 |
| 141 | ov_141 | 7.001229988366237 × 10^276 |
| 140 | ov_140 | 8.654967558055683 × 10^276 |
| 139 | ov_139 | 1.0588462594028685 × 10^277 |
| 138 | ov_138 | 1.2831509968867118 × 10^277 |
| 137 | ov_137 | 1.5415502233632565 × 10^277 |
| 136 | ov_136 | 1.8373496766246205 × 10^277 |
| 135 | ov_135 | 2.1740297897806934 × 10^277 |
| 134 | ov_134 | 2.5552555983772574 × 10^277 |
| 133 | ov_133 | 2.9848885497691467 × 10^277 |
| 132 | ov_132 | 3.467000433829177 × 10^277 |
| 131 | ov_131 | 4.005889665696745 × 10^277 |
| 130 | ov_130 | 4.0058925592983423 × 10^277 |
| 129 | ov_129 | 4.0059045402506185 × 10^277 |
| 128 | aaa_77_29 | 4.355842673774626 × 10^277 |
| 127 | aaa_77_28 | 1.1626373513995522 × 10^278 |
| 126 | ov_126 | 3.642529802486236 × 10^278 |
| 125 | ov_125 | 8.185868693948386 × 10^278 |
| 124 | ov_124 | 1.5592736068028803 × 10^279 |
| 123 | ov_123 | 2.666322281171078 × 10^279 |
| 122 | ov_122 | 4.2197453588204276 × 10^279 |
| 121 | ov_121 | 6.29956518240607 × 10^279 |
| 120 | ov_120 | 8.98582671752893 × 10^279 |
| 119 | ov_119 | 1.2358618137614904 × 10^280 |
| 118 | ov_118 | 1.6498101352207978 × 10^280 |
| 117 | ov_117 | 2.14845552600511 × 10^280 |
| 116 | ov_116 | 2.739843450836772 × 10^280 |
| 115 | ov_115 | 3.4320446539945495 × 10^280 |
| 114 | ov_114 | 4.233165497723893 × 10^280 |
| 113 | ov_113 | 5.151362335621392 × 10^280 |
| 112 | ov_112 | 6.194860934791174 × 10^280 |
| 111 | ov_111 | 7.371981503644404 × 10^280 |
| 110 | ov_110 | 8.691169882575744 × 10^280 |
| 109 | ov_109 | 1.0161035455276807 × 10^281 |
| 108 | ov_108 | 1.179039633926179 × 10^281 |
| 107 | ov_107 | 1.3588332415517253 × 10^281 |
| 106 | ov_106 | 1.556424675937846 × 10^281 |
| 105 | ov_105 | 1.7727936038177215 × 10^281 |
| 104 | ov_104 | 2.0089670446346253 × 10^281 |
| 103 | ov_103 | 2.2660283755990205 × 10^281 |
| 102 | ov_102 | 2.5451274070972716 × 10^281 |
| 101 | ov_101 | 2.8474915885895973 × 10^281 |
| 100 | ov_100 | 3.174438406855823 × 10^281 |
| 99 | ov_099 | 3.527389040624231 × 10^281 |
| 98 | ov_098 | 3.5274227086355426 × 10^281 |
| 97 | ov_097 | 3.527528167239036 × 10^281 |
| 96 | aaa_78_29 | 5.340793382312541 × 10^281 |
| 95 | aaa_78_28 | 1.7389873218241756 × 10^282 |
| 94 | ov_094 | 5.631415684820146 × 10^282 |
| 93 | ov_093 | 1.3146483019182705 × 10^283 |
| 92 | ov_092 | 2.6309364513689185 × 10^283 |
| 91 | ov_091 | 4.770128070638269 × 10^283 |
| 90 | ov_090 | 8.045971152800772 × 10^283 |
| 89 | ov_089 | 1.2827892055289685 × 10^284 |
| 88 | ov_088 | 1.9541102182787515 × 10^284 |
| 87 | ov_087 | 2.9091999161901853 × 10^284 |
| 86 | ov_086 | 4.24992345793197 × 10^284 |
| 85 | ov_085 | 6.089446919753044 × 10^284 |
| 84 | ov_084 | 8.55234533108599 × 10^284 |
| 83 | ov_083 | 1.1774749626943198 × 10^285 |
| 82 | ov_082 | 1.5904538921419778 × 10^285 |
| 81 | ov_081 | 2.1101584509539904 × 10^285 |
| 80 | ov_080 | 2.753805200969954 × 10^285 |
| 64 | lv_79_k31 | 2.7611011377021914 × 10^285 |
| 79 | ov_079 | 3.5398768066982016 × 10^285 |
| 78 | ov_078 | 4.4881658049783206 × 10^285 |
| 77 | ov_077 | 5.61982611898846 × 10^285 |
| 76 | ov_076 | 6.95743296412533 × 10^285 |
| 75 | ov_075 | 8.525051796811685 × 10^285 |
| 74 | ov_074 | 1.0348316962180685 × 10^286 |
| 63 | ov_063 | 1.1420226959213086 × 10^286 |
| 73 | ov_073 | 1.2454520703270652 × 10^286 |
| 72 | ov_072 | 1.4872713203308013 × 10^286 |
| 71 | ov_071 | 1.7633814344376442 × 10^286 |
| 70 | ov_070 | 2.077073788082598 × 10^286 |
| 69 | ov_069 | 2.431852874477286 × 10^286 |
| 68 | ov_068 | 2.8314514224627657 × 10^286 |
| 67 | ov_067 | 3.279846978646247 × 10^286 |
| 66 | ov_066 | 3.279849549259554 × 10^286 |
| 65 | ov_065 | 3.2798600520898 × 10^286 |
| 62 | ov_062 | 5.587836823143573 × 10^286 |
| 61 | ov_061 | 2.2312455904392756 × 10^287 |
| 60 | ov_060 | 6.8159006090784244 × 10^287 |
| 59 | ov_059 | 1.7101360041031733 × 10^288 |
| 58 | ov_058 | 3.545222411786551 × 10^288 |
| 57 | ov_057 | 6.489491089980913 × 10^288 |
| 56 | ov_056 | 1.0911768544258268 × 10^289 |
| 55 | ov_055 | 1.724707389051609 × 10^289 |
| 54 | ov_054 | 2.5996635902288524 × 10^289 |
| 53 | ov_053 | 3.77279251070167 × 10^289 |
| 52 | ov_052 | 5.364217955980865 × 10^289 |
| 51 | ov_051 | 7.507332003800797 × 10^289 |
| 50 | ov_050 | 1.0348817351099273 × 10^290 |
| 49 | ov_049 | 1.4048680344087847 × 10^290 |
| 48 | ov_048 | 1.8780298295535954 × 10^290 |
| 47 | ov_047 | 2.473048647223867 × 10^290 |
| 32 | lv_80_m31 | 2.956797757961173 × 10^290 |
| 46 | ov_046 | 3.2099592084752957 × 10^290 |
| 45 | ov_045 | 4.0998053600263114 × 10^290 |
| 44 | ov_044 | 5.165371601999539 × 10^290 |
| 43 | ov_043 | 6.430849085914026 × 10^290 |
| 42 | ov_042 | 7.921865332327515 × 10^290 |
| 41 | ov_041 | 9.665521871454531 × 10^290 |
| 40 | ov_040 | 1.1676516627812298 × 10^291 |
| 39 | ov_039 | 1.3970352584244707 × 10^291 |
| 31 | ov_031 | 1.516767242724033 × 10^291 |
| 38 | ov_038 | 1.6578878908731966 × 10^291 |
| 37 | ov_037 | 1.9535676666949817 × 10^291 |
| 36 | ov_036 | 2.2876158061338093 × 10^291 |
| 35 | ov_035 | 2.6637683139273188 × 10^291 |
| 34 | ov_034 | 3.085969596002263 × 10^291 |
| 33 | ov_033 | 3.558388233944571 × 10^291 |
| 30 | ov_030 | 7.77941403722774 × 10^291 |
| 29 | ov_029 | 2.545689524782902 × 10^292 |
| 28 | ov_028 | 6.609367059891192 × 10^292 |
| 27 | ov_027 | 1.4777242578750773 × 10^293 |
| 26 | ov_026 | 2.9558650533457164 × 10^293 |
| 25 | ov_025 | 5.4163997717771584 × 10^293 |
| 24 | ov_024 | 9.250478975815221 × 10^293 |
| 23 | ov_023 | 1.5310522049528862 × 10^294 |
| 22 | ov_022 | 2.458920602372849 × 10^294 |
| 21 | ov_021 | 3.821953021436679 × 10^294 |
| 20 | ov_020 | 5.747493616554957 × 10^294 |
| 19 | ov_019 | 8.376950554782095 × 10^294 |
| 18 | ov_018 | 1.1865826287142415 × 10^295 |
| 17 | ov_017 | 1.638376151695633 × 10^295 |
| 16 | ov_016 | 2.211459661031167 × 10^295 |
| 15 | ov_015 | 2.9256455291148846 × 10^295 |
| 14 | ov_014 | 3.802185776235834 × 10^295 |
| 13 | ov_013 | 4.863787289279737 × 10^295 |
| 12 | ov_012 | 6.13463206739134 × 10^295 |
| 11 | ov_011 | 7.64040372144928 × 10^295 |
| 10 | ov_010 | 9.40832156101881 × 10^295 |
| 9 | ov_009 | 1.146718370973118 × 10^296 |
| 8 | ov_008 | 1.3847420694411532 × 10^296 |
| 7 | ov_007 | 1.6581160854992563 × 10^296 |
| 6 | ov_006 | 1.970230903234421 × 10^296 |
| 5 | ov_005 | 2.324664031002518 × 10^296 |
| 4 | ov_004 | 2.72519108034008 × 10^296 |
| 3 | ov_003 | 3.1757987466915033 × 10^296 |
| 2 | ov_002 | 3.680699858483247 × 10^296 |
| 1 | ov_001 | 4.244350644101363 × 10^296 |

