# Results for F012-F013-F014-F015-F016-F017-F018-F019-F020-F021-F022-F023-F024-F025-F026-F027-F028-F029-F030-F031-F032-F033-F034-F035-F036-F037-F038-F039-F040-F041-F042-F043-F044-F045-F046-F047-F048-F049-F050-F051-F052-F053-F054-F055-F056-F057-F058-F059-F060-F061-F062-F063-F064-F065-F066-F067-F068-F069-F070-F071-F072-F073-F074-F075-F076-F077-F078-F079-F080-F081-F082-F083-F084-F085-F086-F087-F088-F089-F090-F091-F092-F093-F094-F095-F096-F097-F098-F099-F100-F101-F102-F103-F104-F105-F106-F107-F108-F109-F110-F111-F112-F113-F114-F115-F116-F117-F118-F119-F120-F121-F122-F123-F124-F125-F126-F127-F128-F129-F130-F131-F132-F133-F134-F135-F136-F137-F138-F139-F140-F141-F142-F143-F144-F145-F146-F147-F148-F149-F150-F151-F152-F153-F154-F155-F156-F157-F158-F159-F160-F161-F162-F163-F164-F165-F166-F167-F168-F169-F170-F171-F172-F173-F174-F175-F176-F177-F178-F179-F180-F181-F182-F183-F184-F185-F186-F187-F188-F189-F190-F191-F192-F193-F194-F195-F196-F197-F198-F199-F200-F201-F202-F203-F204-F205-F206-F207-F208-F209-F210-F211-F212-F213-F214-F215-F216-F217-F218-F219-F220-F221-F222-F223-F224-F225-F226-F227-F228-F229-F230-F231-F232-F233-F234-F235-F236-F237-F238-F239-F240-F241-F242-F243-F244-F245-F246-F247-F248-F249-F250-F251-F252-F253-F254-F255-F256-F257-F258-F259-F260-F261-F262-F263-F264-F265-F266-F267-F268-F269-F270-F271-F272-F273-F274-F275-F276-F277-F278-F279-F280-F281-F282-F283-F284-F285-F286-F287-F288-F289-F290-F291-F292-F293-F294-F295-F296-F297-F298-F299-F300-F301-F302-F303-F304-F305-F306-F307-F308-F309-F310-F311-F312-F313-F314-F315-F316-F317-F318-F319-F320-F321-F322-F323-F324-F325-F326-F327-F328-F329-F330-F331-F332-F333-F334-F335-F336-F337-F338-F339-F340-F341-F342-F343-F344-F345-F346-F347-F348-F349-F350-F351-F352-F353-F354-F355-F356-F357-F358-F359-F360-F361-F362-F363-F364-F365-F366-F367-F368-F369-F370-F371-F372-F373-F374-F375-F376-F377-F378-F379-F380-F381-F382-F383-F384-F385-F386-F387-F388-F389-F390-F391-F392-F393-F394-F395-F396-F397-F398-F399-F400-F401-F402-F403-F404-F405-F406-F407-F408-F409-F410-F411-F412-F413-F414-F415-F416-F417-F418-F419-F420-F421-F422-F423-F424-F425-F426-F427-F428-F429-F430-F431-F432-F433-F434-F435-F436-F437-F438-F439-F440-F441-F442-F443-F444-F445-F446-F447-F448-F449-F450-F451-F452-F453-F454-F455-F456-F457-F458-F459-F460-F461-F462-F463-F464-F465-F466-F467-F468-F469-F470-F471-F472-F473-F474-F475-F476-F477-F478-F479-F480-F481-F482-F483-F484-F485-F486-F487-F488-F489-F490-F491-F492-F493-F494-F495-F496-F497-F498-F499-F500-F501-F502-F503-F504-F505-F506-F507-F508-F509-F510-F511-F512

## Summary

Number of input bits: 512  
Number of free input bits: 11  
Number of output bits: 160

Number of direct occurrences: 50389  
Number of assignments: 38130  
Number of operations: 18789168
(xor: 18749542,
and: 23540,
or: 16086)

Total complexity: 3.739167483887474 × 10^352

Least occurring input variable: iv_007 (4322)  
Most occurring input variable: iv_011 (4989)

Most co-occurring input variables: iv_010-iv_011 (2368)  
Least co-occurring input variables: iv_003-iv_007 (1997)

Potentially most occurring input variable: iv_007/iv_011 (5187)  
Potentially least occurring input variable: iv_004/iv_005 (4433)

Least output occurring input variable: iv_007 (70)  
Most output occurring input variable: iv_011 (90)

Most output co-occurring input variables: iv_002-iv_011 (50)  
Least output co-occurring input variables: iv_005-iv_007 (25)

Potentially most output occurring input variable: iv_002/iv_005 (100)  
Potentially least output occurring input variable: iv_004/iv_005 (67)

Least complex input bit: iv_001 (5.528445153368104 × 10^349)  
Most complex input bit: iv_011 (7.089059923953877 × 10^351)

Least complex output bit: aaa_76_29 (1.1659498036368495 × 10^328)  
Most complex output bit: ov_001 (5.713711690458403 × 10^351)

Least complex input/output complexity: iv_001/aaa_76_29 (1.7238836101251797 × 10^325)  
Most complex input/output complexity: iv_011/ov_001 (1.0832583653017858 × 10^351)

Input variable with highest collision probability: iv_006 (½^160.0000000000005)

## Input Bits

### Input Bits in Regular Order

| Input Bit | Complexity | Occurrences | Output Occurrences | Collision Probability |
|:---------:|:----------:|:-----------:|:------------------:|:---------------------:|
| iv_001 | 5.528445153368104 × 10^349 | 4564 | 75 | ½^160.0000000000009 |
| iv_002 | 2.3592693884599745 × 10^350 | 4615 | 85 | ½^160.00000000000068 |
| iv_003 | 6.66218942243414 × 10^350 | 4434 | 72 | ½^160.00000000000108 |
| iv_004 | 1.4377053723369956 × 10^351 | 4556 | 78 | ½^160.00000000000165 |
| iv_005 | 2.2946048709091826 × 10^351 | 4611 | 73 | ½^160.00000000000102 |
| iv_006 | 3.163912673024761 × 10^351 | 4599 | 87 | ½^160.0000000000005 |
| iv_007 | 4.0860389872240177 × 10^351 | 4322 | 70 | ½^160.00000000000117 |
| iv_008 | 5.149320725326116 × 10^351 | 4522 | 81 | ½^160.00000000000063 |
| iv_009 | 6.419578828318114 × 10^351 | 4680 | 74 | ½^160.00000000000088 |
| iv_010 | 6.794023125158619 × 10^351 | 4497 | 83 | ½^160.00000000000077 |
| iv_011 | 7.089059923953877 × 10^351 | 4989 | 90 | ½^160.00000000000088 |

### Input Bits Sorted by Complexity

| Input Bit | Complexity | Occurrences | Output Occurrences | Collision Probability |
|:---------:|:----------:|:-----------:|:------------------:|:---------------------:|
| iv_001 | 5.528445153368104 × 10^349 | 4564 | 75 | ½^160.0000000000009 |
| iv_002 | 2.3592693884599745 × 10^350 | 4615 | 85 | ½^160.00000000000068 |
| iv_003 | 6.66218942243414 × 10^350 | 4434 | 72 | ½^160.00000000000108 |
| iv_004 | 1.4377053723369956 × 10^351 | 4556 | 78 | ½^160.00000000000165 |
| iv_005 | 2.2946048709091826 × 10^351 | 4611 | 73 | ½^160.00000000000102 |
| iv_006 | 3.163912673024761 × 10^351 | 4599 | 87 | ½^160.0000000000005 |
| iv_007 | 4.0860389872240177 × 10^351 | 4322 | 70 | ½^160.00000000000117 |
| iv_008 | 5.149320725326116 × 10^351 | 4522 | 81 | ½^160.00000000000063 |
| iv_009 | 6.419578828318114 × 10^351 | 4680 | 74 | ½^160.00000000000088 |
| iv_010 | 6.794023125158619 × 10^351 | 4497 | 83 | ½^160.00000000000077 |
| iv_011 | 7.089059923953877 × 10^351 | 4989 | 90 | ½^160.00000000000088 |

### Input Bits Sorted by Occurrences

| Input Bit | Complexity | Occurrences | Output Occurrences | Collision Probability |
|:---------:|:----------:|:-----------:|:------------------:|:---------------------:|
| iv_007 | 4.0860389872240177 × 10^351 | 4322 | 70 | ½^160.00000000000117 |
| iv_003 | 6.66218942243414 × 10^350 | 4434 | 72 | ½^160.00000000000108 |
| iv_010 | 6.794023125158619 × 10^351 | 4497 | 83 | ½^160.00000000000077 |
| iv_008 | 5.149320725326116 × 10^351 | 4522 | 81 | ½^160.00000000000063 |
| iv_004 | 1.4377053723369956 × 10^351 | 4556 | 78 | ½^160.00000000000165 |
| iv_001 | 5.528445153368104 × 10^349 | 4564 | 75 | ½^160.0000000000009 |
| iv_006 | 3.163912673024761 × 10^351 | 4599 | 87 | ½^160.0000000000005 |
| iv_005 | 2.2946048709091826 × 10^351 | 4611 | 73 | ½^160.00000000000102 |
| iv_002 | 2.3592693884599745 × 10^350 | 4615 | 85 | ½^160.00000000000068 |
| iv_009 | 6.419578828318114 × 10^351 | 4680 | 74 | ½^160.00000000000088 |
| iv_011 | 7.089059923953877 × 10^351 | 4989 | 90 | ½^160.00000000000088 |

### Input Bits Sorted by Output Occurrences

| Input Bit | Complexity | Occurrences | Output Occurrences | Collision Probability |
|:---------:|:----------:|:-----------:|:------------------:|:---------------------:|
| iv_007 | 4.0860389872240177 × 10^351 | 4322 | 70 | ½^160.00000000000117 |
| iv_003 | 6.66218942243414 × 10^350 | 4434 | 72 | ½^160.00000000000108 |
| iv_005 | 2.2946048709091826 × 10^351 | 4611 | 73 | ½^160.00000000000102 |
| iv_009 | 6.419578828318114 × 10^351 | 4680 | 74 | ½^160.00000000000088 |
| iv_001 | 5.528445153368104 × 10^349 | 4564 | 75 | ½^160.0000000000009 |
| iv_004 | 1.4377053723369956 × 10^351 | 4556 | 78 | ½^160.00000000000165 |
| iv_008 | 5.149320725326116 × 10^351 | 4522 | 81 | ½^160.00000000000063 |
| iv_010 | 6.794023125158619 × 10^351 | 4497 | 83 | ½^160.00000000000077 |
| iv_002 | 2.3592693884599745 × 10^350 | 4615 | 85 | ½^160.00000000000068 |
| iv_006 | 3.163912673024761 × 10^351 | 4599 | 87 | ½^160.0000000000005 |
| iv_011 | 7.089059923953877 × 10^351 | 4989 | 90 | ½^160.00000000000088 |

### Input Bits Sorted by Collision Probability

| Input Bit | Complexity | Occurrences | Output Occurrences | Collision Probability |
|:---------:|:----------:|:-----------:|:------------------:|:---------------------:|
| iv_006 | 3.163912673024761 × 10^351 | 4599 | 87 | ½^160.0000000000005 |
| iv_008 | 5.149320725326116 × 10^351 | 4522 | 81 | ½^160.00000000000063 |
| iv_002 | 2.3592693884599745 × 10^350 | 4615 | 85 | ½^160.00000000000068 |
| iv_010 | 6.794023125158619 × 10^351 | 4497 | 83 | ½^160.00000000000077 |
| iv_009 | 6.419578828318114 × 10^351 | 4680 | 74 | ½^160.00000000000088 |
| iv_011 | 7.089059923953877 × 10^351 | 4989 | 90 | ½^160.00000000000088 |
| iv_001 | 5.528445153368104 × 10^349 | 4564 | 75 | ½^160.0000000000009 |
| iv_005 | 2.2946048709091826 × 10^351 | 4611 | 73 | ½^160.00000000000102 |
| iv_003 | 6.66218942243414 × 10^350 | 4434 | 72 | ½^160.00000000000108 |
| iv_007 | 4.0860389872240177 × 10^351 | 4322 | 70 | ½^160.00000000000117 |
| iv_004 | 1.4377053723369956 × 10^351 | 4556 | 78 | ½^160.00000000000165 |

## Input Bit/Output Bit Collision Probabilities

| Input Bit | Output Bit | Collision Probability |
|:---------:|:----------:|:---------------------:|
| iv_006 | ov_044 | 0.5000000000000044 |
| iv_006 | ov_098 | 0.5000000000000044 |
| iv_006 | ov_054 | 0.5000000000000039 |
| iv_006 | ov_082 | 0.5000000000000033 |
| iv_001 | ov_081 | 0.500000000000002 |
| iv_006 | ov_143 | 0.500000000000002 |
| iv_006 | aaa_76_26 | 0.500000000000002 |
| iv_008 | ov_025 | 0.500000000000002 |
| iv_008 | ov_029 | 0.500000000000002 |
| iv_010 | aaa_76_26 | 0.500000000000002 |
| iv_011 | ov_028 | 0.500000000000002 |

## Input Bit Co-occurrences

### Input Bit Co-occurrences Sorted by Co-occurrences

| Input Bits | Co-occurrences | Potential Occurrences | Output Co-occurrences | Potential Output Occurrences |
|:----------:|:--------------:|:---------------------:|:---------------------:|:----------------------------:|
| iv_010-iv_011 | 2368 | 4750 | 45 | 83 |
| iv_004-iv_005 | 2367 | 4433 | 42 | 67 |
| iv_008-iv_009 | 2337 | 4528 | 34 | 87 |
| iv_002-iv_011 | 2312 | 4980 | 50 | 75 |
| iv_001-iv_011 | 2304 | 4945 | 43 | 79 |
| iv_009-iv_011 | 2249 | 5171 | 43 | 78 |
| iv_005-iv_011 | 2236 | 5128 | 34 | 95 |
| iv_001-iv_006 | 2221 | 4721 | 47 | 68 |
| iv_001-iv_002 | 2214 | 4751 | 40 | 80 |
| iv_006-iv_011 | 2212 | 5164 | 47 | 83 |
| iv_002-iv_006 | 2212 | 4790 | 45 | 82 |

### Input Bit Co-occurrences Sorted by Potential Occurrences

| Input Bits | Co-occurrences | Potential Occurrences | Output Co-occurrences | Potential Output Occurrences |
|:----------:|:--------------:|:---------------------:|:---------------------:|:----------------------------:|
| iv_004-iv_005 | 2367 | 4433 | 42 | 67 |
| iv_008-iv_009 | 2337 | 4528 | 34 | 87 |
| iv_002-iv_007 | 2198 | 4541 | 43 | 69 |
| iv_006-iv_007 | 2112 | 4697 | 37 | 83 |
| iv_005-iv_010 | 2197 | 4714 | 34 | 88 |
| iv_003-iv_008 | 2118 | 4720 | 41 | 71 |
| iv_001-iv_007 | 2083 | 4720 | 34 | 77 |
| iv_001-iv_006 | 2221 | 4721 | 47 | 68 |
| iv_002-iv_003 | 2157 | 4735 | 42 | 73 |
| iv_003-iv_005 | 2149 | 4747 | 33 | 79 |
| iv_010-iv_011 | 2368 | 4750 | 45 | 83 |

### Input Bit Output Co-occurrences Sorted by Output Co-occurrences

| Input Bits | Co-occurrences | Potential Occurrences | Output Co-occurrences | Potential Output Occurrences |
|:----------:|:--------------:|:---------------------:|:---------------------:|:----------------------------:|
| iv_002-iv_011 | 2312 | 4980 | 50 | 75 |
| iv_008-iv_011 | 2207 | 5097 | 49 | 73 |
| iv_006-iv_010 | 2104 | 4888 | 48 | 74 |
| iv_006-iv_008 | 2083 | 4955 | 47 | 74 |
| iv_006-iv_011 | 2212 | 5164 | 47 | 83 |
| iv_001-iv_006 | 2221 | 4721 | 47 | 68 |
| iv_008-iv_010 | 2062 | 4895 | 46 | 72 |
| iv_002-iv_010 | 2112 | 4888 | 46 | 76 |
| iv_010-iv_011 | 2368 | 4750 | 45 | 83 |
| iv_002-iv_006 | 2212 | 4790 | 45 | 82 |
| iv_006-iv_009 | 2073 | 5133 | 44 | 73 |

### Input Bit Output Co-occurrences Sorted by Potential Output Occurrences

| Input Bits | Co-occurrences | Potential Occurrences | Output Co-occurrences | Potential Output Occurrences |
|:----------:|:--------------:|:---------------------:|:---------------------:|:----------------------------:|
| iv_004-iv_005 | 2367 | 4433 | 42 | 67 |
| iv_005-iv_009 | 2172 | 4947 | 40 | 67 |
| iv_001-iv_006 | 2221 | 4721 | 47 | 68 |
| iv_002-iv_007 | 2198 | 4541 | 43 | 69 |
| iv_001-iv_010 | 2107 | 4847 | 44 | 70 |
| iv_003-iv_008 | 2118 | 4720 | 41 | 71 |
| iv_008-iv_010 | 2062 | 4895 | 46 | 72 |
| iv_006-iv_009 | 2073 | 5133 | 44 | 73 |
| iv_008-iv_011 | 2207 | 5097 | 49 | 73 |
| iv_009-iv_010 | 2175 | 4827 | 42 | 73 |
| iv_002-iv_003 | 2157 | 4735 | 42 | 73 |

## Output Bits

### Output Bits in Regular Order

| Rank | Output Bit | Complexity |
|:----:|:----------:|:----------:|
| 1 | ov_001 | 5.713711690458403 × 10^351 |
| 2 | ov_002 | 5.006619559222229 × 10^351 |
| 3 | ov_003 | 4.36723575995318 × 10^351 |
| 4 | ov_004 | 3.788991171645476 × 10^351 |
| 5 | ov_005 | 3.2656926344303 × 10^351 |
| 6 | ov_006 | 2.7943339897668617 × 10^351 |
| 7 | ov_007 | 2.3720771975692535 × 10^351 |
| 8 | ov_008 | 1.9962410717606935 × 10^351 |
| 9 | ov_009 | 1.6642913898985335 × 10^351 |
| 10 | ov_010 | 1.3738322962777313 × 10^351 |
| 11 | ov_011 | 1.1225989228742221 × 10^351 |
| 12 | ov_012 | 9.084511416946939 × 10^350 |
| 13 | ov_013 | 7.2746290376313 × 10^350 |
| 14 | ov_014 | 5.759349857015976 × 10^350 |
| 15 | ov_015 | 4.5038859190566613 × 10^350 |
| 16 | ov_016 | 3.475602286511526 × 10^350 |
| 17 | ov_017 | 2.6439766577942496 × 10^350 |
| 18 | ov_018 | 1.9805681674632353 × 10^350 |
| 19 | ov_019 | 1.458993827364872 × 10^350 |
| 20 | ov_020 | 1.0549112129471429 × 10^350 |
| 21 | ov_021 | 7.46006145549491 × 10^349 |
| 22 | ov_022 | 5.119842669337244 × 10^349 |
| 23 | ov_023 | 3.3456554724570507 × 10^349 |
| 24 | ov_024 | 2.0511302278747633 × 10^349 |
| 25 | ov_025 | 1.1599458297881396 × 10^349 |
| 26 | ov_026 | 6.058229636156035 × 10^348 |
| 27 | ov_027 | 2.8631723202287224 × 10^348 |
| 28 | ov_028 | 1.190580978166129 × 10^348 |
| 29 | ov_029 | 4.174828679075151 × 10^347 |
| 30 | ov_030 | 1.150083490872443 × 10^347 |
| 31 | ov_031 | 2.2525253961192046 × 10^346 |
| 32 | lv_80_m31 | 4.412039117716486 × 10^345 |
| 33 | ov_033 | 5.485664808829881 × 10^346 |
| 34 | ov_034 | 4.822862675931601 × 10^346 |
| 35 | ov_035 | 4.224736116245639 × 10^346 |
| 36 | ov_036 | 3.6848417930561414 × 10^346 |
| 37 | ov_037 | 3.19713204565843 × 10^346 |
| 38 | ov_038 | 2.7559281333222073 × 10^346 |
| 39 | ov_039 | 2.358479724184646 × 10^346 |
| 40 | ov_040 | 2.0022029547378205 × 10^346 |
| 41 | ov_041 | 1.684669914855909 × 10^346 |
| 42 | ov_042 | 1.4035991655048385 × 10^346 |
| 43 | ov_043 | 1.1568472303283736 × 10^346 |
| 44 | ov_044 | 9.424010040935754 × 10^345 |
| 45 | ov_045 | 7.583710224231024 × 10^345 |
| 46 | ov_046 | 6.029855383900784 × 10^345 |
| 47 | ov_047 | 4.730342307003 × 10^345 |
| 48 | ov_048 | 3.6551911223009247 × 10^345 |
| 49 | ov_049 | 2.7764748335188593 × 10^345 |
| 50 | ov_050 | 2.068260259143699 × 10^345 |
| 51 | ov_051 | 1.506559346301261 × 10^345 |
| 52 | ov_052 | 1.0692898290810094 × 10^345 |
| 53 | ov_053 | 7.3624420345257 × 10^344 |
| 54 | ov_054 | 4.8906599194861385 × 10^344 |
| 55 | ov_055 | 3.112322718452087 × 10^344 |
| 56 | ov_056 | 1.88041440846613 × 10^344 |
| 57 | ov_057 | 1.0660519440799814 × 10^344 |
| 58 | ov_058 | 5.584369733282246 × 10^343 |
| 59 | ov_059 | 2.6482982179986263 × 10^343 |
| 60 | ov_060 | 1.105373658854043 × 10^343 |
| 61 | ov_061 | 3.890837590318954 × 10^342 |
| 62 | ov_062 | 1.0758097364788798 × 10^342 |
| 63 | ov_063 | 2.115003412683807 × 10^341 |
| 64 | lv_79_m31 | 4.1576288863166285 × 10^340 |
| 65 | ov_065 | 5.700855611373073 × 10^341 |
| 66 | ov_066 | 5.700680264495589 × 10^341 |
| 67 | ov_067 | 5.700623797376829 × 10^341 |
| 68 | ov_068 | 5.1266227714864813 × 10^341 |
| 69 | ov_069 | 4.5957242592975865 × 10^341 |
| 70 | ov_070 | 4.105447985293271 × 10^341 |
| 71 | ov_071 | 3.653496129059584 × 10^341 |
| 72 | ov_072 | 3.2377332399333337 × 10^341 |
| 73 | ov_073 | 2.8561672543901253 × 10^341 |
| 74 | ov_074 | 2.506931554348497 × 10^341 |
| 75 | ov_075 | 2.188268007617762 × 10^341 |
| 76 | ov_076 | 1.898511139267202 × 10^341 |
| 77 | ov_077 | 1.6360737772649804 × 10^341 |
| 78 | ov_078 | 1.3994342878191642 × 10^341 |
| 79 | ov_079 | 1.187125300756464 × 10^341 |
| 80 | ov_080 | 9.977238275138662 × 10^340 |
| 81 | ov_081 | 8.298426760588285 × 10^340 |
| 82 | ov_082 | 6.821230683715126 × 10^340 |
| 83 | ov_083 | 5.532283670933713 × 10^340 |
| 84 | ov_084 | 4.418388186394179 × 10^340 |
| 85 | ov_085 | 3.466472205477879 × 10^340 |
| 86 | ov_086 | 2.6635542115280117 × 10^340 |
| 87 | ov_087 | 1.9967155986170255 × 10^340 |
| 88 | ov_088 | 1.4530795642893132 × 10^340 |
| 89 | ov_089 | 1.0197955768277138 × 10^340 |
| 90 | ov_090 | 6.840285018632316 × 10^339 |
| 91 | ov_091 | 4.329514732534931 × 10^339 |
| 92 | ov_092 | 2.5374160083562777 × 10^339 |
| 93 | ov_093 | 1.3357765270189037 × 10^339 |
| 94 | ov_094 | 5.963896637751043 × 10^338 |
| 95 | aaa_78_28 | 1.9105029221650392 × 10^338 |
| 96 | aaa_78_29 | 7.198988002474001 × 10^337 |
| 97 | ov_097 | 6.978082706223478 × 10^337 |
| 98 | ov_098 | 6.978062361338703 × 10^337 |
| 99 | ov_099 | 6.978057414368064 × 10^337 |
| 100 | ov_100 | 6.133416338725151 × 10^337 |
| 101 | ov_101 | 5.36972896247493 × 10^337 |
| 102 | ov_102 | 4.679400084607603 × 10^337 |
| 103 | ov_103 | 4.0552736851950234 × 10^337 |
| 104 | ov_104 | 3.4906024975348045 × 10^337 |
| 105 | ov_105 | 2.9821114840338772 × 10^337 |
| 106 | ov_106 | 2.5267099950826404 × 10^337 |
| 107 | ov_107 | 2.1214804181421604 × 10^337 |
| 108 | ov_108 | 1.763668171835349 × 10^337 |
| 109 | ov_109 | 1.4506729435563175 × 10^337 |
| 110 | ov_110 | 1.180041074994413 × 10^337 |
| 111 | ov_111 | 9.494590056464037 × 10^336 |
| 112 | ov_112 | 7.546984707975372 × 10^336 |
| 113 | ov_113 | 5.917869911364076 × 10^336 |
| 114 | ov_114 | 4.570008897254315 × 10^336 |
| 115 | ov_115 | 3.468597366169092 × 10^336 |
| 116 | ov_116 | 2.5812204732806307 × 10^336 |
| 117 | ov_117 | 1.8778203662893503 × 10^336 |
| 118 | ov_118 | 1.3306723469356764 × 10^336 |
| 119 | ov_119 | 9.143679279129749 × 10^335 |
| 120 | ov_120 | 6.058032578941497 × 10^335 |
| 121 | ov_121 | 3.841715881526423 × 10^335 |
| 122 | ov_122 | 2.309586549363319 × 10^335 |
| 123 | ov_123 | 1.2994005238817546 × 10^335 |
| 124 | ov_124 | 6.717987060400874 × 10^334 |
| 125 | ov_125 | 3.103006753377729 × 10^334 |
| 126 | ov_126 | 1.2130220078175527 × 10^334 |
| 127 | aaa_77_28 | 3.407443551843829 × 10^333 |
| 128 | aaa_77_29 | 1.0402639569856463 × 10^333 |
| 129 | ov_129 | 6.368836087578807 × 10^332 |
| 130 | ov_130 | 6.368813234946259 × 10^332 |
| 131 | ov_131 | 6.368807665145598 × 10^332 |
| 132 | ov_132 | 5.605092968284229 × 10^332 |
| 133 | ov_133 | 4.92065520867221 × 10^332 |
| 134 | ov_134 | 4.3071614035300566 × 10^332 |
| 135 | ov_135 | 3.7567641188624613 × 10^332 |
| 136 | ov_136 | 3.262067054670155 × 10^332 |
| 137 | ov_137 | 2.8160942766605707 × 10^332 |
| 138 | ov_138 | 2.4154592832938092 × 10^332 |
| 139 | ov_139 | 2.056965646007754 × 10^332 |
| 140 | ov_140 | 1.7375956854390875 × 10^332 |
| 141 | ov_141 | 1.454500577382664 × 10^332 |
| 142 | ov_142 | 1.2049917894736019 × 10^332 |
| 143 | ov_143 | 9.865337551483263 × 10^331 |
| 144 | ov_144 | 7.967376969162898 × 10^331 |
| 145 | ov_145 | 6.333565163807092 × 10^331 |
| 146 | ov_146 | 4.942806571662297 × 10^331 |
| 147 | ov_147 | 3.775348202846602 × 10^331 |
| 148 | ov_148 | 2.81275404111084 × 10^331 |
| 149 | ov_149 | 2.037885517325763 × 10^331 |
| 150 | ov_150 | 1.4348869900999627 × 10^331 |
| 151 | ov_151 | 9.758572582600259 × 10^330 |
| 152 | ov_152 | 6.354206246570283 × 10^330 |
| 153 | ov_153 | 3.907190117746505 × 10^330 |
| 154 | ov_154 | 2.2140713337381954 × 10^330 |
| 155 | ov_155 | 1.0964974601747823 × 10^330 |
| 156 | aaa_76_25 | 4.0120252344865125 × 10^329 |
| 157 | aaa_76_26 | 2.1021929724238695 × 10^329 |
| 158 | aaa_76_27 | 9.726899239668595 × 10^328 |
| 159 | aaa_76_28 | 3.8097256258974786 × 10^328 |
| 160 | aaa_76_29 | 1.1659498036368495 × 10^328 |

### Output Bits Sorted by Complexity

| Rank | Output Bit | Complexity |
|:----:|:----------:|:----------:|
| 160 | aaa_76_29 | 1.1659498036368495 × 10^328 |
| 159 | aaa_76_28 | 3.8097256258974786 × 10^328 |
| 158 | aaa_76_27 | 9.726899239668595 × 10^328 |
| 157 | aaa_76_26 | 2.1021929724238695 × 10^329 |
| 156 | aaa_76_25 | 4.0120252344865125 × 10^329 |
| 155 | ov_155 | 1.0964974601747823 × 10^330 |
| 154 | ov_154 | 2.2140713337381954 × 10^330 |
| 153 | ov_153 | 3.907190117746505 × 10^330 |
| 152 | ov_152 | 6.354206246570283 × 10^330 |
| 151 | ov_151 | 9.758572582600259 × 10^330 |
| 150 | ov_150 | 1.4348869900999627 × 10^331 |
| 149 | ov_149 | 2.037885517325763 × 10^331 |
| 148 | ov_148 | 2.81275404111084 × 10^331 |
| 147 | ov_147 | 3.775348202846602 × 10^331 |
| 146 | ov_146 | 4.942806571662297 × 10^331 |
| 145 | ov_145 | 6.333565163807092 × 10^331 |
| 144 | ov_144 | 7.967376969162898 × 10^331 |
| 143 | ov_143 | 9.865337551483263 × 10^331 |
| 142 | ov_142 | 1.2049917894736019 × 10^332 |
| 141 | ov_141 | 1.454500577382664 × 10^332 |
| 140 | ov_140 | 1.7375956854390875 × 10^332 |
| 139 | ov_139 | 2.056965646007754 × 10^332 |
| 138 | ov_138 | 2.4154592832938092 × 10^332 |
| 137 | ov_137 | 2.8160942766605707 × 10^332 |
| 136 | ov_136 | 3.262067054670155 × 10^332 |
| 135 | ov_135 | 3.7567641188624613 × 10^332 |
| 134 | ov_134 | 4.3071614035300566 × 10^332 |
| 133 | ov_133 | 4.92065520867221 × 10^332 |
| 132 | ov_132 | 5.605092968284229 × 10^332 |
| 131 | ov_131 | 6.368807665145598 × 10^332 |
| 130 | ov_130 | 6.368813234946259 × 10^332 |
| 129 | ov_129 | 6.368836087578807 × 10^332 |
| 128 | aaa_77_29 | 1.0402639569856463 × 10^333 |
| 127 | aaa_77_28 | 3.407443551843829 × 10^333 |
| 126 | ov_126 | 1.2130220078175527 × 10^334 |
| 125 | ov_125 | 3.103006753377729 × 10^334 |
| 124 | ov_124 | 6.717987060400874 × 10^334 |
| 123 | ov_123 | 1.2994005238817546 × 10^335 |
| 122 | ov_122 | 2.309586549363319 × 10^335 |
| 121 | ov_121 | 3.841715881526423 × 10^335 |
| 120 | ov_120 | 6.058032578941497 × 10^335 |
| 119 | ov_119 | 9.143679279129749 × 10^335 |
| 118 | ov_118 | 1.3306723469356764 × 10^336 |
| 117 | ov_117 | 1.8778203662893503 × 10^336 |
| 116 | ov_116 | 2.5812204732806307 × 10^336 |
| 115 | ov_115 | 3.468597366169092 × 10^336 |
| 114 | ov_114 | 4.570008897254315 × 10^336 |
| 113 | ov_113 | 5.917869911364076 × 10^336 |
| 112 | ov_112 | 7.546984707975372 × 10^336 |
| 111 | ov_111 | 9.494590056464037 × 10^336 |
| 110 | ov_110 | 1.180041074994413 × 10^337 |
| 109 | ov_109 | 1.4506729435563175 × 10^337 |
| 108 | ov_108 | 1.763668171835349 × 10^337 |
| 107 | ov_107 | 2.1214804181421604 × 10^337 |
| 106 | ov_106 | 2.5267099950826404 × 10^337 |
| 105 | ov_105 | 2.9821114840338772 × 10^337 |
| 104 | ov_104 | 3.4906024975348045 × 10^337 |
| 103 | ov_103 | 4.0552736851950234 × 10^337 |
| 102 | ov_102 | 4.679400084607603 × 10^337 |
| 101 | ov_101 | 5.36972896247493 × 10^337 |
| 100 | ov_100 | 6.133416338725151 × 10^337 |
| 99 | ov_099 | 6.978057414368064 × 10^337 |
| 98 | ov_098 | 6.978062361338703 × 10^337 |
| 97 | ov_097 | 6.978082706223478 × 10^337 |
| 96 | aaa_78_29 | 7.198988002474001 × 10^337 |
| 95 | aaa_78_28 | 1.9105029221650392 × 10^338 |
| 94 | ov_094 | 5.963896637751043 × 10^338 |
| 93 | ov_093 | 1.3357765270189037 × 10^339 |
| 92 | ov_092 | 2.5374160083562777 × 10^339 |
| 91 | ov_091 | 4.329514732534931 × 10^339 |
| 90 | ov_090 | 6.840285018632316 × 10^339 |
| 89 | ov_089 | 1.0197955768277138 × 10^340 |
| 88 | ov_088 | 1.4530795642893132 × 10^340 |
| 87 | ov_087 | 1.9967155986170255 × 10^340 |
| 86 | ov_086 | 2.6635542115280117 × 10^340 |
| 85 | ov_085 | 3.466472205477879 × 10^340 |
| 64 | lv_79_m31 | 4.1576288863166285 × 10^340 |
| 84 | ov_084 | 4.418388186394179 × 10^340 |
| 83 | ov_083 | 5.532283670933713 × 10^340 |
| 82 | ov_082 | 6.821230683715126 × 10^340 |
| 81 | ov_081 | 8.298426760588285 × 10^340 |
| 80 | ov_080 | 9.977238275138662 × 10^340 |
| 79 | ov_079 | 1.187125300756464 × 10^341 |
| 78 | ov_078 | 1.3994342878191642 × 10^341 |
| 77 | ov_077 | 1.6360737772649804 × 10^341 |
| 76 | ov_076 | 1.898511139267202 × 10^341 |
| 63 | ov_063 | 2.115003412683807 × 10^341 |
| 75 | ov_075 | 2.188268007617762 × 10^341 |
| 74 | ov_074 | 2.506931554348497 × 10^341 |
| 73 | ov_073 | 2.8561672543901253 × 10^341 |
| 72 | ov_072 | 3.2377332399333337 × 10^341 |
| 71 | ov_071 | 3.653496129059584 × 10^341 |
| 70 | ov_070 | 4.105447985293271 × 10^341 |
| 69 | ov_069 | 4.5957242592975865 × 10^341 |
| 68 | ov_068 | 5.1266227714864813 × 10^341 |
| 67 | ov_067 | 5.700623797376829 × 10^341 |
| 66 | ov_066 | 5.700680264495589 × 10^341 |
| 65 | ov_065 | 5.700855611373073 × 10^341 |
| 62 | ov_062 | 1.0758097364788798 × 10^342 |
| 61 | ov_061 | 3.890837590318954 × 10^342 |
| 60 | ov_060 | 1.105373658854043 × 10^343 |
| 59 | ov_059 | 2.6482982179986263 × 10^343 |
| 58 | ov_058 | 5.584369733282246 × 10^343 |
| 57 | ov_057 | 1.0660519440799814 × 10^344 |
| 56 | ov_056 | 1.88041440846613 × 10^344 |
| 55 | ov_055 | 3.112322718452087 × 10^344 |
| 54 | ov_054 | 4.8906599194861385 × 10^344 |
| 53 | ov_053 | 7.3624420345257 × 10^344 |
| 52 | ov_052 | 1.0692898290810094 × 10^345 |
| 51 | ov_051 | 1.506559346301261 × 10^345 |
| 50 | ov_050 | 2.068260259143699 × 10^345 |
| 49 | ov_049 | 2.7764748335188593 × 10^345 |
| 48 | ov_048 | 3.6551911223009247 × 10^345 |
| 32 | lv_80_m31 | 4.412039117716486 × 10^345 |
| 47 | ov_047 | 4.730342307003 × 10^345 |
| 46 | ov_046 | 6.029855383900784 × 10^345 |
| 45 | ov_045 | 7.583710224231024 × 10^345 |
| 44 | ov_044 | 9.424010040935754 × 10^345 |
| 43 | ov_043 | 1.1568472303283736 × 10^346 |
| 42 | ov_042 | 1.4035991655048385 × 10^346 |
| 41 | ov_041 | 1.684669914855909 × 10^346 |
| 40 | ov_040 | 2.0022029547378205 × 10^346 |
| 31 | ov_031 | 2.2525253961192046 × 10^346 |
| 39 | ov_039 | 2.358479724184646 × 10^346 |
| 38 | ov_038 | 2.7559281333222073 × 10^346 |
| 37 | ov_037 | 3.19713204565843 × 10^346 |
| 36 | ov_036 | 3.6848417930561414 × 10^346 |
| 35 | ov_035 | 4.224736116245639 × 10^346 |
| 34 | ov_034 | 4.822862675931601 × 10^346 |
| 33 | ov_033 | 5.485664808829881 × 10^346 |
| 30 | ov_030 | 1.150083490872443 × 10^347 |
| 29 | ov_029 | 4.174828679075151 × 10^347 |
| 28 | ov_028 | 1.190580978166129 × 10^348 |
| 27 | ov_027 | 2.8631723202287224 × 10^348 |
| 26 | ov_026 | 6.058229636156035 × 10^348 |
| 25 | ov_025 | 1.1599458297881396 × 10^349 |
| 24 | ov_024 | 2.0511302278747633 × 10^349 |
| 23 | ov_023 | 3.3456554724570507 × 10^349 |
| 22 | ov_022 | 5.119842669337244 × 10^349 |
| 21 | ov_021 | 7.46006145549491 × 10^349 |
| 20 | ov_020 | 1.0549112129471429 × 10^350 |
| 19 | ov_019 | 1.458993827364872 × 10^350 |
| 18 | ov_018 | 1.9805681674632353 × 10^350 |
| 17 | ov_017 | 2.6439766577942496 × 10^350 |
| 16 | ov_016 | 3.475602286511526 × 10^350 |
| 15 | ov_015 | 4.5038859190566613 × 10^350 |
| 14 | ov_014 | 5.759349857015976 × 10^350 |
| 13 | ov_013 | 7.2746290376313 × 10^350 |
| 12 | ov_012 | 9.084511416946939 × 10^350 |
| 11 | ov_011 | 1.1225989228742221 × 10^351 |
| 10 | ov_010 | 1.3738322962777313 × 10^351 |
| 9 | ov_009 | 1.6642913898985335 × 10^351 |
| 8 | ov_008 | 1.9962410717606935 × 10^351 |
| 7 | ov_007 | 2.3720771975692535 × 10^351 |
| 6 | ov_006 | 2.7943339897668617 × 10^351 |
| 5 | ov_005 | 3.2656926344303 × 10^351 |
| 4 | ov_004 | 3.788991171645476 × 10^351 |
| 3 | ov_003 | 4.36723575995318 × 10^351 |
| 2 | ov_002 | 5.006619559222229 × 10^351 |
| 1 | ov_001 | 5.713711690458403 × 10^351 |

