# Results for F001-F002-F003-F004-F005-F006-F007-F008-F009-F010-F011-F012-F013-F014-F015-F016-F017-F018-F019-F020-F021-F022-F023-F024-F025-F026-F027-F028-F029-F030-F031-F032-F033-F034-F035-F036-F037-F038-F039-F040-F041-F042-F043-F044-F045-F046-F047-F048-F049-F050-F051-F052-F053-F054-F055-F056-F057-F058-F059-F060-F061-F062-F063-F064-F065-F066-F067-F068-F069-F070-F071-F072-F073-F074-F075-F076-F077-F078-F079-F080-F081-F082-F083-F084-F085-F086-F087-F088-F089-F090-F091-F092-F093-F094-F095-F096-F097-F098-F099-F100-F101-F102-F103-F104-F105-F106-F107-F108-F109-F110-F111-F112-F113-F114-F115-F116-F117-F118-F119-F120-F121-F122-F123-F124-F125-F126-F127-F128-F129-F130-F131-F132-F133-F134-F135-F136-F137-F138-F139-F140-F141-F142-F143-F144-F145-F146-F147-F148-F149-F150-F151-F152-F153-F154-F155-F156-F157-F158-F159-F160-F161-F162-F163-F164-F165-F166-F167-F168-F169-F170-F171-F172-F173-F174-F175-F176-F177-F178-F179-F180-F181-F182-F183-F184-F185-F186-F187-F188-F189-F190-F191-F192-F193-F194-F195-F196-F197-F198-F199-F200-F201-F202-F203-F204-F205-F206-F207-F208-F209-F210-F211-F212-F213-F214-F215-F216-F217-F218-F219-F220-F221-F222-F223-F224-F225-F226-F227-F228-F229-F230-F231-F232-F233-F234-F235-F236-F237-F238-F239-F240-F241-F242-F243-F244-F245-F246-F247-F248-F249-F250-F251-F252-F253-F254-F255-F256-F257-F258-F259-F260-F261-F262-F263-F264-F265-F266-F267-F268-F269-F270-F271-F272-F273-F274-F275-F276-F277-F278-F279-F280-F281-F282-F283-F284-F285-F286-F287-F288-F289-F290-F291-F292-F293-F294-F295-F296-F297-F298-F299-F300-F301-F302-F303-F304-F305-F306-F307-F308-F309-F310-F311-F312-F313-F314-F315-F316-F317-F318-F319-F320-F321-F322-F323-F324-F325-F326-F327-F328-F329-F330-F331-F332-F333-F334-F335-F336-F337-F338-F339-F340-F341-F342-F343-F344-F345-F346-F347-F348-F349-F350-F351-F352-F353-F354-F355-F356-F357-F358-F359-F360-F361-F362-F363-F364-F365-F366-F367-F368-F369-F370-F371-F372-F373-F374-F375-F376-F377-F378-F379-F380-F381-F382-F383-F384-F385-F386-F387-F388-F389-F390-F391-F392-F393-F394-F395-F396-F397-F398-F399-F400-F401-F402-F403-F404-F405-F406-F407-F408-F409-F410-F411-F412-F413-F414-F415-F416-F417-F418-F419-F420-F421-F422-F423-F424-F425-F426-F427-F428-F429-F430-F431-F432-F433-F434-F435-F436-F437-F438-F439-F440-F441-F442-F443-F444-F445-F446-F447-F448-F449-F450-F451-F452-F453-F454-F455-F456-F457-F458-F459-F460-F461-F462-F463-F464-F465-F466-F467-F468-F469-F470-F471-F472-F473-F474-F475-F476-F477-F478-F479-F480-F481-F482-F483-F484-F485-F486-F487-F488-F489-F490-F491-F492-F493-F494-F495-F496-O497502-F509-F510-F511-F512

## Summary

Number of input bits: 512  
Number of free input bits: 11  
Number of output bits: 160

Number of direct occurrences: 44420  
Number of assignments: 31146  
Number of operations: 10899166
(xor: 10871108,
and: 14760,
or: 13298)

Total complexity: 5.855576553954674 × 10^298

Least occurring input variable: iv_504 (3896)  
Most occurring input variable: iv_497 (4203)

Most co-occurring input variables: iv_505-iv_507 (2023)  
Least co-occurring input variables: iv_499-iv_506 (1808)

Potentially most occurring input variable: iv_497/iv_508 (4450)  
Potentially least occurring input variable: iv_504/iv_505 (3992)

Least output occurring input variable: iv_497 (73)  
Most output occurring input variable: iv_501 (85)

Most output co-occurring input variables: iv_499-iv_506 (50)  
Least output co-occurring input variables: iv_504-iv_507 (33)

Potentially most output occurring input variable: iv_506/iv_507 (90)  
Potentially least output occurring input variable: iv_499/iv_505 (57)

Least complex input bit: iv_498 (4.15878951864723 × 10^296)  
Most complex input bit: iv_505 (1.2310190090022672 × 10^298)

Least complex output bit: aaa_76_29 (3.814311896265903 × 10^273)  
Most complex output bit: ov_001 (9.36652985409692 × 10^297)

Least complex input/output complexity: iv_498/aaa_76_29 (2.709027913626839 × 10^271)  
Most complex input/output complexity: iv_505/ov_001 (1.9691274108598684 × 10^297)

## Input Bits

### Input Bits in Regular Order

| Input Bit | Complexity | Occurrences | Output Occurrences |
|:---------:|:----------:|:-----------:|:------------------:|
| iv_497 | 3.4880957445851845 × 10^297 | 4203 | 73 |
| iv_498 | 4.15878951864723 × 10^296 | 3948 | 84 |
| iv_499 | 7.343641552595559 × 10^296 | 3928 | 83 |
| iv_500 | 1.2361745542067339 × 10^297 | 4088 | 76 |
| iv_501 | 2.0347902609308558 × 10^297 | 4021 | 85 |
| iv_503 | 5.1951740863946265 × 10^297 | 4024 | 75 |
| iv_504 | 8.068635633886667 × 10^297 | 3896 | 80 |
| iv_505 | 1.2310190090022672 × 10^298 | 4058 | 74 |
| iv_506 | 6.157279715605187 × 10^297 | 3936 | 82 |
| iv_507 | 8.761697049555628 × 10^297 | 4151 | 76 |
| iv_508 | 1.0153485297235013 × 10^298 | 4167 | 81 |

### Input Bits Sorted by Complexity

| Input Bit | Complexity | Occurrences | Output Occurrences |
|:---------:|:----------:|:-----------:|:------------------:|
| iv_498 | 4.15878951864723 × 10^296 | 3948 | 84 |
| iv_499 | 7.343641552595559 × 10^296 | 3928 | 83 |
| iv_500 | 1.2361745542067339 × 10^297 | 4088 | 76 |
| iv_501 | 2.0347902609308558 × 10^297 | 4021 | 85 |
| iv_497 | 3.4880957445851845 × 10^297 | 4203 | 73 |
| iv_503 | 5.1951740863946265 × 10^297 | 4024 | 75 |
| iv_506 | 6.157279715605187 × 10^297 | 3936 | 82 |
| iv_504 | 8.068635633886667 × 10^297 | 3896 | 80 |
| iv_507 | 8.761697049555628 × 10^297 | 4151 | 76 |
| iv_508 | 1.0153485297235013 × 10^298 | 4167 | 81 |
| iv_505 | 1.2310190090022672 × 10^298 | 4058 | 74 |

### Input Bits Sorted by Occurrences

| Input Bit | Complexity | Occurrences | Output Occurrences |
|:---------:|:----------:|:-----------:|:------------------:|
| iv_504 | 8.068635633886667 × 10^297 | 3896 | 80 |
| iv_499 | 7.343641552595559 × 10^296 | 3928 | 83 |
| iv_506 | 6.157279715605187 × 10^297 | 3936 | 82 |
| iv_498 | 4.15878951864723 × 10^296 | 3948 | 84 |
| iv_501 | 2.0347902609308558 × 10^297 | 4021 | 85 |
| iv_503 | 5.1951740863946265 × 10^297 | 4024 | 75 |
| iv_505 | 1.2310190090022672 × 10^298 | 4058 | 74 |
| iv_500 | 1.2361745542067339 × 10^297 | 4088 | 76 |
| iv_507 | 8.761697049555628 × 10^297 | 4151 | 76 |
| iv_508 | 1.0153485297235013 × 10^298 | 4167 | 81 |
| iv_497 | 3.4880957445851845 × 10^297 | 4203 | 73 |

### Input Bits Sorted by Output Occurrences

| Input Bit | Complexity | Occurrences | Output Occurrences |
|:---------:|:----------:|:-----------:|:------------------:|
| iv_497 | 3.4880957445851845 × 10^297 | 4203 | 73 |
| iv_505 | 1.2310190090022672 × 10^298 | 4058 | 74 |
| iv_503 | 5.1951740863946265 × 10^297 | 4024 | 75 |
| iv_500 | 1.2361745542067339 × 10^297 | 4088 | 76 |
| iv_507 | 8.761697049555628 × 10^297 | 4151 | 76 |
| iv_504 | 8.068635633886667 × 10^297 | 3896 | 80 |
| iv_508 | 1.0153485297235013 × 10^298 | 4167 | 81 |
| iv_506 | 6.157279715605187 × 10^297 | 3936 | 82 |
| iv_499 | 7.343641552595559 × 10^296 | 3928 | 83 |
| iv_498 | 4.15878951864723 × 10^296 | 3948 | 84 |
| iv_501 | 2.0347902609308558 × 10^297 | 4021 | 85 |

## Input Bit Co-occurrences

### Input Bit Co-occurrences Sorted by Co-occurrences

| Input Bits | Co-occurrences | Potential Occurrences | Output Co-occurrences | Potential Output Occurrences |
|:----------:|:--------------:|:---------------------:|:---------------------:|:----------------------------:|
| iv_505-iv_507 | 2023 | 4163 | 33 | 84 |
| iv_507-iv_508 | 2019 | 4280 | 43 | 71 |
| iv_497-iv_507 | 2017 | 4320 | 36 | 77 |
| iv_497-iv_505 | 2002 | 4257 | 37 | 73 |
| iv_497-iv_501 | 2000 | 4224 | 45 | 68 |
| iv_501-iv_505 | 1989 | 4101 | 40 | 79 |
| iv_504-iv_505 | 1981 | 3992 | 41 | 72 |
| iv_497-iv_500 | 1977 | 4337 | 39 | 71 |
| iv_500-iv_508 | 1969 | 4317 | 36 | 85 |
| iv_500-iv_507 | 1965 | 4309 | 35 | 82 |
| iv_497-iv_508 | 1960 | 4450 | 37 | 80 |

### Input Bit Co-occurrences Sorted by Potential Occurrences

| Input Bits | Co-occurrences | Potential Occurrences | Output Co-occurrences | Potential Output Occurrences |
|:----------:|:--------------:|:---------------------:|:---------------------:|:----------------------------:|
| iv_504-iv_505 | 1981 | 3992 | 41 | 72 |
| iv_501-iv_505 | 1989 | 4101 | 40 | 79 |
| iv_504-iv_506 | 1862 | 4108 | 43 | 76 |
| iv_499-iv_504 | 1849 | 4126 | 40 | 83 |
| iv_499-iv_505 | 1916 | 4154 | 50 | 57 |
| iv_505-iv_507 | 2023 | 4163 | 33 | 84 |
| iv_506-iv_507 | 1959 | 4169 | 34 | 90 |
| iv_498-iv_506 | 1851 | 4182 | 39 | 88 |
| iv_499-iv_501 | 1880 | 4189 | 43 | 82 |
| iv_503-iv_506 | 1881 | 4198 | 40 | 77 |
| iv_498-iv_500 | 1918 | 4200 | 40 | 80 |

### Input Bit Output Co-occurrences Sorted by Output Co-occurrences

| Input Bits | Co-occurrences | Potential Occurrences | Output Co-occurrences | Potential Output Occurrences |
|:----------:|:--------------:|:---------------------:|:---------------------:|:----------------------------:|
| iv_499-iv_505 | 1916 | 4154 | 50 | 57 |
| iv_499-iv_506 | 1808 | 4248 | 50 | 65 |
| iv_498-iv_501 | 1860 | 4249 | 48 | 73 |
| iv_498-iv_507 | 1902 | 4295 | 46 | 68 |
| iv_497-iv_501 | 2000 | 4224 | 45 | 68 |
| iv_501-iv_504 | 1831 | 4255 | 45 | 75 |
| iv_499-iv_500 | 1881 | 4254 | 43 | 73 |
| iv_499-iv_501 | 1880 | 4189 | 43 | 82 |
| iv_501-iv_506 | 1826 | 4305 | 43 | 81 |
| iv_504-iv_506 | 1862 | 4108 | 43 | 76 |
| iv_499-iv_508 | 1944 | 4207 | 43 | 78 |

### Input Bit Output Co-occurrences Sorted by Potential Output Occurrences

| Input Bits | Co-occurrences | Potential Occurrences | Output Co-occurrences | Potential Output Occurrences |
|:----------:|:--------------:|:---------------------:|:---------------------:|:----------------------------:|
| iv_499-iv_505 | 1916 | 4154 | 50 | 57 |
| iv_499-iv_506 | 1808 | 4248 | 50 | 65 |
| iv_497-iv_501 | 2000 | 4224 | 45 | 68 |
| iv_498-iv_507 | 1902 | 4295 | 46 | 68 |
| iv_497-iv_500 | 1977 | 4337 | 39 | 71 |
| iv_503-iv_505 | 1909 | 4264 | 39 | 71 |
| iv_507-iv_508 | 2019 | 4280 | 43 | 71 |
| iv_504-iv_505 | 1981 | 3992 | 41 | 72 |
| iv_497-iv_504 | 1897 | 4305 | 40 | 73 |
| iv_497-iv_505 | 2002 | 4257 | 37 | 73 |
| iv_499-iv_500 | 1881 | 4254 | 43 | 73 |

## Output Bits

### Output Bits in Regular Order

| Rank | Output Bit | Complexity |
|:----:|:----------:|:----------:|
| 1 | ov_001 | 9.36652985409692 × 10^297 |
| 2 | ov_002 | 8.122881186761127 × 10^297 |
| 3 | ov_003 | 7.008805739293933 × 10^297 |
| 4 | ov_004 | 6.014485149605623 × 10^297 |
| 5 | ov_005 | 5.130636438975922 × 10^297 |
| 6 | ov_006 | 4.348473839299605 × 10^297 |
| 7 | ov_007 | 3.659675547642426 × 10^297 |
| 8 | ov_008 | 3.056355088010833 × 10^297 |
| 9 | ov_009 | 2.5310369239223803 × 10^297 |
| 10 | ov_010 | 2.0766358999903967 × 10^297 |
| 11 | ov_011 | 1.6864400858835492 × 10^297 |
| 12 | ov_012 | 1.3540966203815582 × 10^297 |
| 13 | ov_013 | 1.0736001771490914 × 10^297 |
| 14 | ov_014 | 8.392836973979137 × 10^296 |
| 15 | ov_015 | 6.458110578906669 × 10^296 |
| 16 | ov_016 | 4.8817136582863386 × 10^296 |
| 17 | ov_017 | 3.6167459511520132 × 10^296 |
| 18 | ov_018 | 2.6194830133738023 × 10^296 |
| 19 | ov_019 | 1.8493517558956846 × 10^296 |
| 20 | ov_020 | 1.268912307326464 × 10^296 |
| 21 | ov_021 | 8.438446717063477 × 10^295 |
| 22 | ov_022 | 5.4293914446488 × 10^295 |
| 23 | ov_023 | 3.3808968448815826 × 10^295 |
| 24 | ov_024 | 2.0428955355830155 × 10^295 |
| 25 | ov_025 | 1.1962864775213023 × 10^295 |
| 26 | ov_026 | 6.529203539527687 × 10^294 |
| 27 | ov_027 | 3.2645922240079406 × 10^294 |
| 28 | ov_028 | 1.460365510036523 × 10^294 |
| 29 | ov_029 | 5.625652651467282 × 10^293 |
| 30 | ov_030 | 1.7193872845728857 × 10^293 |
| 31 | ov_031 | 3.352796917271633 × 10^292 |
| 32 | lv_80_m31 | 6.536838386499318 × 10^291 |
| 33 | ov_033 | 7.833054667964464 × 10^292 |
| 34 | ov_034 | 6.792037074495847 × 10^292 |
| 35 | ov_035 | 5.860773425712009 × 10^292 |
| 36 | ov_036 | 5.030334500456659 × 10^292 |
| 37 | ov_037 | 4.2922729379493337 × 10^292 |
| 38 | ov_038 | 3.638589099255801 × 10^292 |
| 39 | ov_039 | 3.0617015627845467 × 10^292 |
| 40 | ov_040 | 2.5544218145140846 × 10^292 |
| 41 | ov_041 | 2.1099327160586215 × 10^292 |
| 42 | ov_042 | 1.7249160740759792 × 10^292 |
| 43 | ov_043 | 1.396226170155719 × 10^292 |
| 44 | ov_044 | 1.1180627853966123 × 10^292 |
| 45 | ov_045 | 8.849411514671956 × 10^291 |
| 46 | ov_046 | 6.916838121157444 × 10^291 |
| 47 | ov_047 | 5.3341421160483834 × 10^291 |
| 48 | ov_048 | 4.055517408998274 × 10^291 |
| 49 | ov_049 | 3.0380799272678885 × 10^291 |
| 50 | ov_050 | 2.2418399679285735 × 10^291 |
| 51 | ov_051 | 1.6296822655248156 × 10^291 |
| 52 | ov_052 | 1.1673518892902003 × 10^291 |
| 53 | ov_053 | 8.234443642629034 × 10^290 |
| 54 | ov_054 | 5.693988390482911 × 10^290 |
| 55 | ov_055 | 3.7949351384082875 × 10^290 |
| 56 | ov_056 | 2.4157680128940852 × 10^290 |
| 57 | ov_057 | 1.4491463492931596 × 10^290 |
| 58 | ov_058 | 8.018983985417231 × 10^289 |
| 59 | ov_059 | 3.9501805764690063 × 10^289 |
| 60 | ov_060 | 1.6366338719022584 × 10^289 |
| 61 | ov_061 | 5.715607723788444 × 10^288 |
| 62 | ov_062 | 1.5675257886917773 × 10^288 |
| 63 | ov_063 | 3.0543580199981475 × 10^287 |
| 64 | lv_79_m31 | 5.950064665020073 × 10^286 |
| 65 | ov_065 | 7.05472617557338 × 10^287 |
| 66 | ov_066 | 7.054707726926592 × 10^287 |
| 67 | ov_067 | 7.0547033644782 × 10^287 |
| 68 | ov_068 | 6.100005659382228 × 10^287 |
| 69 | ov_069 | 5.24617096946663 × 10^287 |
| 70 | ov_070 | 4.485673780361593 × 10^287 |
| 71 | ov_071 | 3.81134162696972 × 10^287 |
| 72 | ov_072 | 3.216335160259176 × 10^287 |
| 73 | ov_073 | 2.694132646660257 × 10^287 |
| 74 | ov_074 | 2.2385179940289664 × 10^287 |
| 75 | ov_075 | 1.843571445769291 × 10^287 |
| 76 | ov_076 | 1.5036621305475296 × 10^287 |
| 77 | ov_077 | 1.2134417821139006 × 10^287 |
| 78 | ov_078 | 9.678392299044392 × 10^286 |
| 79 | ov_079 | 7.620555309331219 × 10^286 |
| 80 | ov_080 | 5.915597019657819 × 10^286 |
| 81 | ov_081 | 4.520850113814594 × 10^286 |
| 82 | ov_082 | 3.3962579043005196 × 10^286 |
| 83 | ov_083 | 2.5043472381362626 × 10^286 |
| 84 | ov_084 | 1.8102057967449838 × 10^286 |
| 85 | ov_085 | 1.281463391828543 × 10^286 |
| 86 | ov_086 | 8.882768599201611 × 10^285 |
| 87 | ov_087 | 6.033181587916589 × 10^285 |
| 88 | ov_088 | 4.01765269204167 × 10^285 |
| 89 | ov_089 | 2.6129550567225858 × 10^285 |
| 90 | ov_090 | 1.6208084000763713 × 10^285 |
| 91 | ov_091 | 9.483045130080485 × 10^284 |
| 92 | ov_092 | 5.149872970555764 × 10^284 |
| 93 | ov_093 | 2.52846156337867 × 10^284 |
| 94 | ov_094 | 1.0631274997286313 × 10^284 |
| 95 | aaa_78_28 | 3.225966608772968 × 10^283 |
| 96 | aaa_78_29 | 9.638264399944364 × 10^282 |
| 97 | ov_097 | 5.1023108202716366 × 10^282 |
| 98 | ov_098 | 5.1022454891214734 × 10^282 |
| 99 | ov_099 | 5.102224631932456 × 10^282 |
| 100 | ov_100 | 4.176713327122341 × 10^282 |
| 101 | ov_101 | 3.396797712815106 × 10^282 |
| 102 | ov_102 | 2.7463825142374735 × 10^282 |
| 103 | ov_103 | 2.210252353810057 × 10^282 |
| 104 | ov_104 | 1.7740075143977428 × 10^282 |
| 105 | ov_105 | 1.4240081615301268 × 10^282 |
| 106 | ov_106 | 1.147326246269962 × 10^282 |
| 107 | ov_107 | 9.317043500775514 × 10^281 |
| 108 | ov_108 | 7.655207713403126 × 10^281 |
| 109 | ov_109 | 6.377601904917587 × 10^281 |
| 110 | ov_110 | 5.37989287073443 × 10^281 |
| 111 | ov_111 | 4.563367179006916 × 10^281 |
| 112 | ov_112 | 3.834769008463918 × 10^281 |
| 113 | ov_113 | 3.188871374125096 × 10^281 |
| 114 | ov_114 | 2.6205251201639462 × 10^281 |
| 115 | ov_115 | 2.1246395973536713 × 10^281 |
| 116 | ov_116 | 1.6961671583842602 × 10^281 |
| 117 | ov_117 | 1.3300911258495672 × 10^281 |
| 118 | ov_118 | 1.0214168879277625 × 10^281 |
| 119 | ov_119 | 7.651654937134792 × 10^280 |
| 120 | ov_120 | 5.56368880119902 × 10^280 |
| 121 | ov_121 | 3.9006623170590344 × 10^280 |
| 122 | ov_122 | 2.613013011104126 × 10^280 |
| 123 | ov_123 | 1.6512051778784527 × 10^280 |
| 124 | ov_124 | 9.657171274084451 × 10^279 |
| 125 | ov_125 | 5.070332884012849 × 10^279 |
| 126 | ov_126 | 2.2564018211750258 × 10^279 |
| 127 | aaa_77_28 | 7.202487778374195 × 10^278 |
| 128 | aaa_77_29 | 2.6984256574654156 × 10^278 |
| 129 | ov_129 | 2.480348349742367 × 10^278 |
| 130 | ov_130 | 2.4803409270357227 × 10^278 |
| 131 | ov_131 | 2.4803391343103736 × 10^278 |
| 132 | ov_132 | 2.147794614738118 × 10^278 |
| 133 | ov_133 | 1.8491284461667093 × 10^278 |
| 134 | ov_134 | 1.5829727362638963 × 10^278 |
| 135 | ov_135 | 1.3468050150410237 × 10^278 |
| 136 | ov_136 | 1.1382331248472851 × 10^278 |
| 137 | ov_137 | 9.549865890337868 × 10^277 |
| 138 | ov_138 | 7.949092949103263 × 10^277 |
| 139 | ov_139 | 6.559533553019393 × 10^277 |
| 140 | ov_140 | 5.361740200006406 × 10^277 |
| 141 | ov_141 | 4.3372551525668345 × 10^277 |
| 142 | ov_142 | 3.4685769620109256 × 10^277 |
| 143 | ov_143 | 2.7391340376755623 × 10^277 |
| 144 | ov_144 | 2.133264243102791 × 10^277 |
| 145 | ov_145 | 1.6361995671186952 × 10^277 |
| 146 | ov_146 | 1.2340549835284572 × 10^277 |
| 147 | ov_147 | 9.138206787848816 × 10^276 |
| 148 | ov_148 | 6.633568925331783 × 10^276 |
| 149 | ov_149 | 4.7139068140812236 × 10^276 |
| 150 | ov_150 | 3.2751398187895923 × 10^276 |
| 151 | ov_151 | 2.2218244007525887 × 10^276 |
| 152 | ov_152 | 1.4671464074550935 × 10^276 |
| 153 | ov_153 | 9.329156072130602 × 10^275 |
| 154 | ov_154 | 5.495618746167855 × 10^275 |
| 155 | ov_155 | 2.8445477925727347 × 10^275 |
| 156 | aaa_76_25 | 1.092722628525953 × 10^275 |
| 157 | aaa_76_26 | 6.306875948552484 × 10^274 |
| 158 | aaa_76_27 | 3.2264589641895998 × 10^274 |
| 159 | aaa_76_28 | 1.2552359949252493 × 10^274 |
| 160 | aaa_76_29 | 3.814311896265903 × 10^273 |

### Output Bits Sorted by Complexity

| Rank | Output Bit | Complexity |
|:----:|:----------:|:----------:|
| 160 | aaa_76_29 | 3.814311896265903 × 10^273 |
| 159 | aaa_76_28 | 1.2552359949252493 × 10^274 |
| 158 | aaa_76_27 | 3.2264589641895998 × 10^274 |
| 157 | aaa_76_26 | 6.306875948552484 × 10^274 |
| 156 | aaa_76_25 | 1.092722628525953 × 10^275 |
| 155 | ov_155 | 2.8445477925727347 × 10^275 |
| 154 | ov_154 | 5.495618746167855 × 10^275 |
| 153 | ov_153 | 9.329156072130602 × 10^275 |
| 152 | ov_152 | 1.4671464074550935 × 10^276 |
| 151 | ov_151 | 2.2218244007525887 × 10^276 |
| 150 | ov_150 | 3.2751398187895923 × 10^276 |
| 149 | ov_149 | 4.7139068140812236 × 10^276 |
| 148 | ov_148 | 6.633568925331783 × 10^276 |
| 147 | ov_147 | 9.138206787848816 × 10^276 |
| 146 | ov_146 | 1.2340549835284572 × 10^277 |
| 145 | ov_145 | 1.6361995671186952 × 10^277 |
| 144 | ov_144 | 2.133264243102791 × 10^277 |
| 143 | ov_143 | 2.7391340376755623 × 10^277 |
| 142 | ov_142 | 3.4685769620109256 × 10^277 |
| 141 | ov_141 | 4.3372551525668345 × 10^277 |
| 140 | ov_140 | 5.361740200006406 × 10^277 |
| 139 | ov_139 | 6.559533553019393 × 10^277 |
| 138 | ov_138 | 7.949092949103263 × 10^277 |
| 137 | ov_137 | 9.549865890337868 × 10^277 |
| 136 | ov_136 | 1.1382331248472851 × 10^278 |
| 135 | ov_135 | 1.3468050150410237 × 10^278 |
| 134 | ov_134 | 1.5829727362638963 × 10^278 |
| 133 | ov_133 | 1.8491284461667093 × 10^278 |
| 132 | ov_132 | 2.147794614738118 × 10^278 |
| 131 | ov_131 | 2.4803391343103736 × 10^278 |
| 130 | ov_130 | 2.4803409270357227 × 10^278 |
| 129 | ov_129 | 2.480348349742367 × 10^278 |
| 128 | aaa_77_29 | 2.6984256574654156 × 10^278 |
| 127 | aaa_77_28 | 7.202487778374195 × 10^278 |
| 126 | ov_126 | 2.2564018211750258 × 10^279 |
| 125 | ov_125 | 5.070332884012849 × 10^279 |
| 124 | ov_124 | 9.657171274084451 × 10^279 |
| 123 | ov_123 | 1.6512051778784527 × 10^280 |
| 122 | ov_122 | 2.613013011104126 × 10^280 |
| 121 | ov_121 | 3.9006623170590344 × 10^280 |
| 120 | ov_120 | 5.56368880119902 × 10^280 |
| 119 | ov_119 | 7.651654937134792 × 10^280 |
| 118 | ov_118 | 1.0214168879277625 × 10^281 |
| 117 | ov_117 | 1.3300911258495672 × 10^281 |
| 116 | ov_116 | 1.6961671583842602 × 10^281 |
| 115 | ov_115 | 2.1246395973536713 × 10^281 |
| 114 | ov_114 | 2.6205251201639462 × 10^281 |
| 113 | ov_113 | 3.188871374125096 × 10^281 |
| 112 | ov_112 | 3.834769008463918 × 10^281 |
| 111 | ov_111 | 4.563367179006916 × 10^281 |
| 110 | ov_110 | 5.37989287073443 × 10^281 |
| 109 | ov_109 | 6.377601904917587 × 10^281 |
| 108 | ov_108 | 7.655207713403126 × 10^281 |
| 107 | ov_107 | 9.317043500775514 × 10^281 |
| 106 | ov_106 | 1.147326246269962 × 10^282 |
| 105 | ov_105 | 1.4240081615301268 × 10^282 |
| 104 | ov_104 | 1.7740075143977428 × 10^282 |
| 103 | ov_103 | 2.210252353810057 × 10^282 |
| 102 | ov_102 | 2.7463825142374735 × 10^282 |
| 101 | ov_101 | 3.396797712815106 × 10^282 |
| 100 | ov_100 | 4.176713327122341 × 10^282 |
| 99 | ov_099 | 5.102224631932456 × 10^282 |
| 98 | ov_098 | 5.1022454891214734 × 10^282 |
| 97 | ov_097 | 5.1023108202716366 × 10^282 |
| 96 | aaa_78_29 | 9.638264399944364 × 10^282 |
| 95 | aaa_78_28 | 3.225966608772968 × 10^283 |
| 94 | ov_094 | 1.0631274997286313 × 10^284 |
| 93 | ov_093 | 2.52846156337867 × 10^284 |
| 92 | ov_092 | 5.149872970555764 × 10^284 |
| 91 | ov_091 | 9.483045130080485 × 10^284 |
| 90 | ov_090 | 1.6208084000763713 × 10^285 |
| 89 | ov_089 | 2.6129550567225858 × 10^285 |
| 88 | ov_088 | 4.01765269204167 × 10^285 |
| 87 | ov_087 | 6.033181587916589 × 10^285 |
| 86 | ov_086 | 8.882768599201611 × 10^285 |
| 85 | ov_085 | 1.281463391828543 × 10^286 |
| 84 | ov_084 | 1.8102057967449838 × 10^286 |
| 83 | ov_083 | 2.5043472381362626 × 10^286 |
| 82 | ov_082 | 3.3962579043005196 × 10^286 |
| 81 | ov_081 | 4.520850113814594 × 10^286 |
| 80 | ov_080 | 5.915597019657819 × 10^286 |
| 64 | lv_79_m31 | 5.950064665020073 × 10^286 |
| 79 | ov_079 | 7.620555309331219 × 10^286 |
| 78 | ov_078 | 9.678392299044392 × 10^286 |
| 77 | ov_077 | 1.2134417821139006 × 10^287 |
| 76 | ov_076 | 1.5036621305475296 × 10^287 |
| 75 | ov_075 | 1.843571445769291 × 10^287 |
| 74 | ov_074 | 2.2385179940289664 × 10^287 |
| 73 | ov_073 | 2.694132646660257 × 10^287 |
| 63 | ov_063 | 3.0543580199981475 × 10^287 |
| 72 | ov_072 | 3.216335160259176 × 10^287 |
| 71 | ov_071 | 3.81134162696972 × 10^287 |
| 70 | ov_070 | 4.485673780361593 × 10^287 |
| 69 | ov_069 | 5.24617096946663 × 10^287 |
| 68 | ov_068 | 6.100005659382228 × 10^287 |
| 67 | ov_067 | 7.0547033644782 × 10^287 |
| 66 | ov_066 | 7.054707726926592 × 10^287 |
| 65 | ov_065 | 7.05472617557338 × 10^287 |
| 62 | ov_062 | 1.5675257886917773 × 10^288 |
| 61 | ov_061 | 5.715607723788444 × 10^288 |
| 60 | ov_060 | 1.6366338719022584 × 10^289 |
| 59 | ov_059 | 3.9501805764690063 × 10^289 |
| 58 | ov_058 | 8.018983985417231 × 10^289 |
| 57 | ov_057 | 1.4491463492931596 × 10^290 |
| 56 | ov_056 | 2.4157680128940852 × 10^290 |
| 55 | ov_055 | 3.7949351384082875 × 10^290 |
| 54 | ov_054 | 5.693988390482911 × 10^290 |
| 53 | ov_053 | 8.234443642629034 × 10^290 |
| 52 | ov_052 | 1.1673518892902003 × 10^291 |
| 51 | ov_051 | 1.6296822655248156 × 10^291 |
| 50 | ov_050 | 2.2418399679285735 × 10^291 |
| 49 | ov_049 | 3.0380799272678885 × 10^291 |
| 48 | ov_048 | 4.055517408998274 × 10^291 |
| 47 | ov_047 | 5.3341421160483834 × 10^291 |
| 32 | lv_80_m31 | 6.536838386499318 × 10^291 |
| 46 | ov_046 | 6.916838121157444 × 10^291 |
| 45 | ov_045 | 8.849411514671956 × 10^291 |
| 44 | ov_044 | 1.1180627853966123 × 10^292 |
| 43 | ov_043 | 1.396226170155719 × 10^292 |
| 42 | ov_042 | 1.7249160740759792 × 10^292 |
| 41 | ov_041 | 2.1099327160586215 × 10^292 |
| 40 | ov_040 | 2.5544218145140846 × 10^292 |
| 39 | ov_039 | 3.0617015627845467 × 10^292 |
| 31 | ov_031 | 3.352796917271633 × 10^292 |
| 38 | ov_038 | 3.638589099255801 × 10^292 |
| 37 | ov_037 | 4.2922729379493337 × 10^292 |
| 36 | ov_036 | 5.030334500456659 × 10^292 |
| 35 | ov_035 | 5.860773425712009 × 10^292 |
| 34 | ov_034 | 6.792037074495847 × 10^292 |
| 33 | ov_033 | 7.833054667964464 × 10^292 |
| 30 | ov_030 | 1.7193872845728857 × 10^293 |
| 29 | ov_029 | 5.625652651467282 × 10^293 |
| 28 | ov_028 | 1.460365510036523 × 10^294 |
| 27 | ov_027 | 3.2645922240079406 × 10^294 |
| 26 | ov_026 | 6.529203539527687 × 10^294 |
| 25 | ov_025 | 1.1962864775213023 × 10^295 |
| 24 | ov_024 | 2.0428955355830155 × 10^295 |
| 23 | ov_023 | 3.3808968448815826 × 10^295 |
| 22 | ov_022 | 5.4293914446488 × 10^295 |
| 21 | ov_021 | 8.438446717063477 × 10^295 |
| 20 | ov_020 | 1.268912307326464 × 10^296 |
| 19 | ov_019 | 1.8493517558956846 × 10^296 |
| 18 | ov_018 | 2.6194830133738023 × 10^296 |
| 17 | ov_017 | 3.6167459511520132 × 10^296 |
| 16 | ov_016 | 4.8817136582863386 × 10^296 |
| 15 | ov_015 | 6.458110578906669 × 10^296 |
| 14 | ov_014 | 8.392836973979137 × 10^296 |
| 13 | ov_013 | 1.0736001771490914 × 10^297 |
| 12 | ov_012 | 1.3540966203815582 × 10^297 |
| 11 | ov_011 | 1.6864400858835492 × 10^297 |
| 10 | ov_010 | 2.0766358999903967 × 10^297 |
| 9 | ov_009 | 2.5310369239223803 × 10^297 |
| 8 | ov_008 | 3.056355088010833 × 10^297 |
| 7 | ov_007 | 3.659675547642426 × 10^297 |
| 6 | ov_006 | 4.348473839299605 × 10^297 |
| 5 | ov_005 | 5.130636438975922 × 10^297 |
| 4 | ov_004 | 6.014485149605623 × 10^297 |
| 3 | ov_003 | 7.008805739293933 × 10^297 |
| 2 | ov_002 | 8.122881186761127 × 10^297 |
| 1 | ov_001 | 9.36652985409692 × 10^297 |

