# Results for F001-F002-F003-F004-F005-F006-F007-F008-F009-F010-F011-F012-F013-F014-F015-F016-F017-F018-F019-F020-F021-F022-F023-F024-F025-F026-F027-F028-F029-F030-F031-F032-F033-F034-F035-F036-F037-F038-F039-F040-F041-F042-F043-F044-F045-F046-F047-F048-F049-F050-F051-F052-F053-F054-F055-F056-F057-F058-F059-F060-F061-F062-F063-F064-F065-F066-F067-F068-F069-F070-F071-F072-F073-F074-F075-F076-F077-F078-F079-F080-F081-F082-F083-F084-F085-F086-F087-F088-F089-F090-F091-F092-F093-F094-F095-F096-F097-F098-F099-F100-F101-F102-F103-F104-F105-F106-F107-F108-F109-F110-F111-F112-F113-F114-F115-F116-F117-F118-F119-F120-F121-F122-F123-F124-F125-F126-F127-F128-F129-F130-F131-F132-F133-F134-F135-F136-F137-F138-F139-F140-F141-F142-F143-F144-F145-F146-F147-F148-F149-F150-F151-F152-F153-F154-F155-F156-F157-F158-F159-F160-F161-F162-F163-F164-F165-F166-F167-F168-F169-F170-F171-F172-F173-F174-F175-F176-F177-F178-F179-F180-F181-F182-F183-F184-F185-F186-F187-F188-F189-F190-F191-F192-F193-F194-F195-F196-F197-F198-F199-F200-F201-F202-F203-F204-F205-F206-F207-F208-F209-F210-F211-F212-F213-F214-F215-F216-F217-F218-F219-F220-F221-F222-F223-F224-F225-F226-F227-F228-F229-F230-F231-F232-F233-F234-F235-F236-F237-F238-F239-F240-F241-F242-F243-F244-F245-F246-F247-F248-F249-F250-F251-F252-F253-F254-F255-F256-F257-F258-F259-F260-F261-F262-F263-F264-F265-F266-F267-F268-F269-F270-F271-F272-F273-F274-F275-F276-F277-F278-F279-F280-F281-F282-F283-F284-F285-F286-F287-F288-F289-F290-F291-F292-F293-F294-F295-F296-F297-F298-F299-F300-F301-F302-F303-F304-F305-F306-F307-F308-F309-F310-F311-F312-F313-F314-F315-F316-F317-F318-F319-F320-F321-F322-F323-F324-F325-F326-F327-F328-F329-F330-F331-F332-F333-F334-F335-F336-F337-F338-F339-F340-F341-F342-F343-F344-F345-F346-F347-F348-F349-F350-F351-F352-F353-F354-F355-F356-F357-F358-F359-F360-F361-F362-F363-F364-F365-F366-F367-F368-F369-F370-F371-F372-F373-F374-F375-F376-F377-F378-F379-F380-F381-F382-F383-F384-F385-F386-F387-F388-F389-F390-F391-F392-F393-F394-F395-F396-F397-F398-F399-F400-F401-F402-F403-F404-F405-F406-F407-F408-F409-F410-F411-F412-F413-F414-F415-F416-F417-F418-F419-F420-F421-F422-F423-F424-F425-F426-F427-F428-F429-F430-F431-F432-F433-F434-F435-F436-F437-F438-F439-F440-F441-F442-F443-F444-F445-F446-F447-F448-F449-F450-F451-F452-F453-F454-F455-F456-F457-F458-F459-F460-F461-F462-F463-F464-F465-F466-F467-F468-F469-F470-F471-F472-F473-F474-F475-F476-F477-F478-F479-F480-F481-F482-F483-F484-F485-F486-F487-F488-F489-F490-F491-F492-F493-F494-F495-F496-F497-F498-F499-F500-E511512

## Summary

Number of input bits: 512  
Number of free input bits: 11  
Number of output bits: 160

Number of direct occurrences: 44605  
Number of assignments: 31392  
Number of operations: 11166244
(xor: 11137148,
and: 15757,
or: 13339)

Total complexity: 7.960628156114805 × 10^300

Least occurring input variable: iv_502 (3899)  
Most occurring input variable: iv_511 (4499)

Most co-occurring input variables: iv_510-iv_511 (2118)  
Least co-occurring input variables: iv_502-iv_503 (1776)

Potentially most occurring input variable: iv_502/iv_511 (4626)  
Potentially least occurring input variable: iv_506/iv_509 (4140)

Least output occurring input variable: iv_508 (70)  
Most output occurring input variable: iv_511 (86)

Most output co-occurring input variables: iv_510-iv_511 (47)  
Least output co-occurring input variables: iv_502-iv_508 (30)

Potentially most output occurring input variable: iv_504/iv_510 (93)  
Potentially least output occurring input variable: iv_507/iv_509 (66)

Least complex input bit: iv_501 (4.922946691376176 × 10^298)  
Most complex input bit: iv_510 (2.182425506416185 × 10^300)

Least complex output bit: aaa_76_29 (1.004903356013731 × 10^276)  
Most complex output bit: ov_001 (1.2609293531068468 × 10^300)

Least complex input/output complexity: iv_501/aaa_76_29 (6.214441316217726 × 10^273)  
Most complex input/output complexity: iv_510/ov_001 (3.456868387823671 × 10^299)

## Input Bits

### Input Bits in Regular Order

| Input Bit | Complexity | Occurrences | Output Occurrences |
|:---------:|:----------:|:-----------:|:------------------:|
| iv_501 | 4.922946691376176 × 10^298 | 4084 | 79 |
| iv_502 | 8.956840293107438 × 10^298 | 3899 | 82 |
| iv_503 | 1.5099895066564708 × 10^299 | 4027 | 74 |
| iv_504 | 2.425252284283349 × 10^299 | 3926 | 78 |
| iv_505 | 3.762235025733174 × 10^299 | 3920 | 79 |
| iv_506 | 5.677893818121408 × 10^299 | 3949 | 82 |
| iv_507 | 8.379713837467123 × 10^299 | 4177 | 76 |
| iv_508 | 1.1926858361867298 × 10^300 | 3993 | 70 |
| iv_509 | 1.6388264442685194 × 10^300 | 4003 | 78 |
| iv_510 | 2.182425506416185 × 10^300 | 4128 | 79 |
| iv_511 | 6.323840521724156 × 10^299 | 4499 | 86 |

### Input Bits Sorted by Complexity

| Input Bit | Complexity | Occurrences | Output Occurrences |
|:---------:|:----------:|:-----------:|:------------------:|
| iv_501 | 4.922946691376176 × 10^298 | 4084 | 79 |
| iv_502 | 8.956840293107438 × 10^298 | 3899 | 82 |
| iv_503 | 1.5099895066564708 × 10^299 | 4027 | 74 |
| iv_504 | 2.425252284283349 × 10^299 | 3926 | 78 |
| iv_505 | 3.762235025733174 × 10^299 | 3920 | 79 |
| iv_506 | 5.677893818121408 × 10^299 | 3949 | 82 |
| iv_511 | 6.323840521724156 × 10^299 | 4499 | 86 |
| iv_507 | 8.379713837467123 × 10^299 | 4177 | 76 |
| iv_508 | 1.1926858361867298 × 10^300 | 3993 | 70 |
| iv_509 | 1.6388264442685194 × 10^300 | 4003 | 78 |
| iv_510 | 2.182425506416185 × 10^300 | 4128 | 79 |

### Input Bits Sorted by Occurrences

| Input Bit | Complexity | Occurrences | Output Occurrences |
|:---------:|:----------:|:-----------:|:------------------:|
| iv_502 | 8.956840293107438 × 10^298 | 3899 | 82 |
| iv_505 | 3.762235025733174 × 10^299 | 3920 | 79 |
| iv_504 | 2.425252284283349 × 10^299 | 3926 | 78 |
| iv_506 | 5.677893818121408 × 10^299 | 3949 | 82 |
| iv_508 | 1.1926858361867298 × 10^300 | 3993 | 70 |
| iv_509 | 1.6388264442685194 × 10^300 | 4003 | 78 |
| iv_503 | 1.5099895066564708 × 10^299 | 4027 | 74 |
| iv_501 | 4.922946691376176 × 10^298 | 4084 | 79 |
| iv_510 | 2.182425506416185 × 10^300 | 4128 | 79 |
| iv_507 | 8.379713837467123 × 10^299 | 4177 | 76 |
| iv_511 | 6.323840521724156 × 10^299 | 4499 | 86 |

### Input Bits Sorted by Output Occurrences

| Input Bit | Complexity | Occurrences | Output Occurrences |
|:---------:|:----------:|:-----------:|:------------------:|
| iv_508 | 1.1926858361867298 × 10^300 | 3993 | 70 |
| iv_503 | 1.5099895066564708 × 10^299 | 4027 | 74 |
| iv_507 | 8.379713837467123 × 10^299 | 4177 | 76 |
| iv_504 | 2.425252284283349 × 10^299 | 3926 | 78 |
| iv_509 | 1.6388264442685194 × 10^300 | 4003 | 78 |
| iv_501 | 4.922946691376176 × 10^298 | 4084 | 79 |
| iv_505 | 3.762235025733174 × 10^299 | 3920 | 79 |
| iv_510 | 2.182425506416185 × 10^300 | 4128 | 79 |
| iv_502 | 8.956840293107438 × 10^298 | 3899 | 82 |
| iv_506 | 5.677893818121408 × 10^299 | 3949 | 82 |
| iv_511 | 6.323840521724156 × 10^299 | 4499 | 86 |

## Input Bit Co-occurrences

### Input Bit Co-occurrences Sorted by Co-occurrences

| Input Bits | Co-occurrences | Potential Occurrences | Output Co-occurrences | Potential Output Occurrences |
|:----------:|:--------------:|:---------------------:|:---------------------:|:----------------------------:|
| iv_510-iv_511 | 2118 | 4391 | 47 | 71 |
| iv_507-iv_511 | 2078 | 4520 | 43 | 76 |
| iv_509-iv_511 | 2040 | 4422 | 45 | 74 |
| iv_506-iv_511 | 2040 | 4368 | 42 | 84 |
| iv_507-iv_510 | 2034 | 4237 | 41 | 73 |
| iv_501-iv_510 | 2012 | 4188 | 42 | 74 |
| iv_501-iv_511 | 2005 | 4573 | 43 | 79 |
| iv_503-iv_511 | 2003 | 4520 | 44 | 72 |
| iv_503-iv_507 | 2000 | 4204 | 31 | 88 |
| iv_507-iv_508 | 1999 | 4172 | 31 | 84 |
| iv_506-iv_507 | 1989 | 4148 | 39 | 80 |

### Input Bit Co-occurrences Sorted by Potential Occurrences

| Input Bits | Co-occurrences | Potential Occurrences | Output Co-occurrences | Potential Output Occurrences |
|:----------:|:--------------:|:---------------------:|:---------------------:|:----------------------------:|
| iv_506-iv_509 | 1906 | 4140 | 43 | 74 |
| iv_504-iv_506 | 1864 | 4147 | 42 | 76 |
| iv_506-iv_507 | 1989 | 4148 | 39 | 80 |
| iv_506-iv_508 | 1895 | 4152 | 37 | 78 |
| iv_508-iv_509 | 1920 | 4156 | 35 | 78 |
| iv_503-iv_506 | 1910 | 4156 | 38 | 80 |
| iv_502-iv_505 | 1828 | 4163 | 36 | 89 |
| iv_504-iv_505 | 1838 | 4170 | 41 | 75 |
| iv_507-iv_508 | 1999 | 4172 | 31 | 84 |
| iv_501-iv_510 | 2012 | 4188 | 42 | 74 |
| iv_501-iv_508 | 1944 | 4189 | 34 | 81 |

### Input Bit Output Co-occurrences Sorted by Output Co-occurrences

| Input Bits | Co-occurrences | Potential Occurrences | Output Co-occurrences | Potential Output Occurrences |
|:----------:|:--------------:|:---------------------:|:---------------------:|:----------------------------:|
| iv_510-iv_511 | 2118 | 4391 | 47 | 71 |
| iv_509-iv_511 | 2040 | 4422 | 45 | 74 |
| iv_502-iv_506 | 1810 | 4228 | 44 | 76 |
| iv_503-iv_511 | 2003 | 4520 | 44 | 72 |
| iv_506-iv_510 | 1940 | 4197 | 44 | 73 |
| iv_507-iv_509 | 1971 | 4238 | 44 | 66 |
| iv_501-iv_511 | 2005 | 4573 | 43 | 79 |
| iv_502-iv_511 | 1886 | 4626 | 43 | 82 |
| iv_504-iv_511 | 1970 | 4485 | 43 | 78 |
| iv_507-iv_511 | 2078 | 4520 | 43 | 76 |
| iv_506-iv_509 | 1906 | 4140 | 43 | 74 |

### Input Bit Output Co-occurrences Sorted by Potential Output Occurrences

| Input Bits | Co-occurrences | Potential Occurrences | Output Co-occurrences | Potential Output Occurrences |
|:----------:|:--------------:|:---------------------:|:---------------------:|:----------------------------:|
| iv_507-iv_509 | 1971 | 4238 | 44 | 66 |
| iv_503-iv_504 | 1850 | 4253 | 41 | 70 |
| iv_510-iv_511 | 2118 | 4391 | 47 | 71 |
| iv_503-iv_511 | 2003 | 4520 | 44 | 72 |
| iv_503-iv_505 | 1871 | 4205 | 40 | 73 |
| iv_506-iv_510 | 1940 | 4197 | 44 | 73 |
| iv_507-iv_510 | 2034 | 4237 | 41 | 73 |
| iv_504-iv_508 | 1858 | 4203 | 37 | 74 |
| iv_501-iv_510 | 2012 | 4188 | 42 | 74 |
| iv_502-iv_507 | 1890 | 4296 | 42 | 74 |
| iv_506-iv_509 | 1906 | 4140 | 43 | 74 |

## Output Bits

### Output Bits in Regular Order

| Rank | Output Bit | Complexity |
|:----:|:----------:|:----------:|
| 1 | ov_001 | 1.2609293531068468 × 10^300 |
| 2 | ov_002 | 1.095820836081973 × 10^300 |
| 3 | ov_003 | 9.471920081088769 × 10^299 |
| 4 | ov_004 | 8.14377891427402 × 10^299 |
| 5 | ov_005 | 6.961568295622989 × 10^299 |
| 6 | ov_006 | 5.9137347621635795 × 10^299 |
| 7 | ov_007 | 4.989344281340938 × 10^299 |
| 8 | ov_008 | 4.178044288370603 × 10^299 |
| 9 | ov_009 | 3.4700308416495813 × 10^299 |
| 10 | ov_010 | 2.8560203683837665 × 10^299 |
| 11 | ov_011 | 2.3272255948830106 × 10^299 |
| 12 | ov_012 | 1.875335344591043 × 10^299 |
| 13 | ov_013 | 1.4924978541961868 × 10^299 |
| 14 | ov_014 | 1.1713071975834383 × 10^299 |
| 15 | ov_015 | 9.04792406869592 × 10^298 |
| 16 | ov_016 | 6.86408908288281 × 10^298 |
| 17 | ov_017 | 5.100319190593733 × 10^298 |
| 18 | ov_018 | 3.6995147964152616 × 10^298 |
| 19 | ov_019 | 2.6086882396707997 × 10^298 |
| 20 | ov_020 | 1.7789381842125007 × 10^298 |
| 21 | ov_021 | 1.1654322846906359 × 10^298 |
| 22 | ov_022 | 7.27395999630903 × 10^297 |
| 23 | ov_023 | 4.281057028793738 × 10^297 |
| 24 | ov_024 | 2.348845889724989 × 10^297 |
| 25 | ov_025 | 1.1910032000684605 × 10^297 |
| 26 | ov_026 | 5.61637608745603 × 10^296 |
| 27 | ov_027 | 2.552836950087109 × 10^296 |
| 28 | ov_028 | 1.0689941105132927 × 10^296 |
| 29 | ov_029 | 4.406940351703087 × 10^295 |
| 30 | ov_030 | 1.4589459099170384 × 10^295 |
| 31 | ov_031 | 3.535144948119375 × 10^294 |
| 32 | lv_80_k31 | 8.563495881945764 × 10^293 |
| 33 | ov_033 | 1.0408337508474066 × 10^295 |
| 34 | ov_034 | 9.051392745298271 × 10^294 |
| 35 | ov_035 | 7.835572296339906 × 10^294 |
| 36 | ov_036 | 6.749836592714182 × 10^294 |
| 37 | ov_037 | 5.7837404093751745 × 10^294 |
| 38 | ov_038 | 4.927390821113332 × 10^294 |
| 39 | ov_039 | 4.1714108792913276 × 10^294 |
| 40 | ov_040 | 3.5069084540745103 × 10^294 |
| 41 | ov_041 | 2.925449720804956 × 10^294 |
| 42 | ov_042 | 2.4190368012972475 × 10^294 |
| 43 | ov_043 | 1.9800891014101828 × 10^294 |
| 44 | ov_044 | 1.6014279154681837 × 10^294 |
| 45 | ov_045 | 1.2762638961521915 × 10^294 |
| 46 | ov_046 | 1.0012983101066204 × 10^294 |
| 47 | ov_047 | 7.734198627465727 × 10^293 |
| 48 | ov_048 | 5.86955297243307 × 10^293 |
| 49 | ov_049 | 4.365921514131382 × 10^293 |
| 50 | ov_050 | 3.1737545392267373 × 10^293 |
| 51 | ov_051 | 2.247054205703614 × 10^293 |
| 52 | ov_052 | 1.543359252536867 × 10^293 |
| 53 | ov_053 | 1.0237354385309753 × 10^293 |
| 54 | ov_054 | 6.527699275089866 × 10^292 |
| 55 | ov_055 | 3.9856813866789943 × 10^292 |
| 56 | ov_056 | 2.327520027276526 × 10^292 |
| 57 | ov_057 | 1.304589808357975 × 10^292 |
| 58 | ov_058 | 7.034150379897374 × 10^291 |
| 59 | ov_059 | 3.456666844602142 × 10^291 |
| 60 | ov_060 | 1.5096664513663205 × 10^291 |
| 61 | ov_061 | 5.650922796722398 × 10^290 |
| 62 | ov_062 | 1.7061017466459312 × 10^290 |
| 63 | ov_063 | 3.771589197928993 × 10^289 |
| 64 | lv_79_m31 | 7.344551994031067 × 10^288 |
| 65 | ov_065 | 8.701025592979447 × 10^289 |
| 66 | ov_066 | 8.701004806709113 × 10^289 |
| 67 | ov_067 | 8.700998070110542 × 10^289 |
| 68 | ov_068 | 7.511747310010347 × 10^289 |
| 69 | ov_069 | 6.451201288617584 × 10^289 |
| 70 | ov_070 | 5.508935423898701 × 10^289 |
| 71 | ov_071 | 4.675167026117116 × 10^289 |
| 72 | ov_072 | 3.9407118258301796 × 10^289 |
| 73 | ov_073 | 3.296944334171316 × 10^289 |
| 74 | ov_074 | 2.73576183466423 × 10^289 |
| 75 | ov_075 | 2.249551813381324 × 10^289 |
| 76 | ov_076 | 1.8311626404267931 × 10^289 |
| 77 | ov_077 | 1.473877320676225 × 10^289 |
| 78 | ov_078 | 1.1713901356072433 × 10^289 |
| 79 | ov_079 | 9.177860010661836 × 10^288 |
| 80 | ov_080 | 7.075223680789913 × 10^288 |
| 81 | ov_081 | 5.354134954636486 × 10^288 |
| 82 | ov_082 | 3.966169241583374 × 10^288 |
| 83 | ov_083 | 2.86621983954451 × 10^288 |
| 84 | ov_084 | 2.012401638152611 × 10^288 |
| 85 | ov_085 | 1.3659717725601132 × 10^288 |
| 86 | ov_086 | 8.912655443045863 × 10^287 |
| 87 | ov_087 | 5.556459266436153 × 10^287 |
| 88 | ov_088 | 3.2946497230974373 × 10^287 |
| 89 | ov_089 | 1.8603544195508146 × 10^287 |
| 90 | ov_090 | 1.0161097174120542 × 10^287 |
| 91 | ov_091 | 5.537309863548557 × 10^286 |
| 92 | ov_092 | 2.94234761951367 × 10^286 |
| 93 | ov_093 | 1.554226006733136 × 10^286 |
| 94 | ov_094 | 6.966887306009588 × 10^285 |
| 95 | aaa_78_28 | 2.2408169880625118 × 10^285 |
| 96 | aaa_78_29 | 8.49065600440516 × 10^284 |
| 97 | ov_097 | 9.248485372623224 × 10^284 |
| 98 | ov_098 | 9.248208492514065 × 10^284 |
| 99 | ov_099 | 9.248120100575237 × 10^284 |
| 100 | ov_100 | 8.323656102355365 × 10^284 |
| 101 | ov_101 | 7.467201027240958 × 10^284 |
| 102 | ov_102 | 6.675040768622765 × 10^284 |
| 103 | ov_103 | 5.943733451572014 × 10^284 |
| 104 | ov_104 | 5.270073593734762 × 10^284 |
| 105 | ov_105 | 4.651059560961297 × 10^284 |
| 106 | ov_106 | 4.08386414179813 × 10^284 |
| 107 | ov_107 | 3.565808072140885 × 10^284 |
| 108 | ov_108 | 3.0943363472605087 × 10^284 |
| 109 | ov_109 | 2.666997163231361 × 10^284 |
| 110 | ov_110 | 2.2814233336487932 × 10^284 |
| 111 | ov_111 | 1.935316030553963 × 10^284 |
| 112 | ov_112 | 1.626430700816801 × 10^284 |
| 113 | ov_113 | 1.3525650109825098 × 10^284 |
| 114 | ov_114 | 1.1115486748640763 × 10^284 |
| 115 | ov_115 | 9.012350190580399 × 10^283 |
| 116 | ov_116 | 7.194941421582586 × 10^283 |
| 117 | ov_117 | 5.64207523817868 × 10^283 |
| 118 | ov_118 | 4.33263940028338 × 10^283 |
| 119 | ov_119 | 3.2455654110146877 × 10^283 |
| 120 | ov_120 | 2.3598094889834122 × 10^283 |
| 121 | ov_121 | 1.6543414729147146 × 10^283 |
| 122 | ov_122 | 1.108138751997288 × 10^283 |
| 123 | ov_123 | 7.001830324364032 × 10^282 |
| 124 | ov_124 | 4.094584559793274 × 10^282 |
| 125 | ov_125 | 2.1495036610868784 × 10^282 |
| 126 | ov_126 | 9.564459891950217 × 10^281 |
| 127 | aaa_77_28 | 3.0527147788162015 × 10^281 |
| 128 | aaa_77_29 | 1.1436575690821616 × 10^281 |
| 129 | ov_129 | 1.0477201354918527 × 10^281 |
| 130 | ov_130 | 1.0477176923429747 × 10^281 |
| 131 | ov_131 | 1.0477169081782057 × 10^281 |
| 132 | ov_132 | 9.061215328835758 × 10^280 |
| 133 | ov_133 | 7.794849228830162 × 10^280 |
| 134 | ov_134 | 6.666601443492008 × 10^280 |
| 135 | ov_135 | 5.66563912863372 × 10^280 |
| 136 | ov_136 | 4.78171974029228 × 10^280 |
| 137 | ov_137 | 4.005150817594452 × 10^280 |
| 138 | ov_138 | 3.326755229556326 × 10^280 |
| 139 | ov_139 | 2.7378413657474838 × 10^280 |
| 140 | ov_140 | 2.2301777786094713 × 10^280 |
| 141 | ov_141 | 1.7959718122682976 × 10^280 |
| 142 | ov_142 | 1.4278517790914902 × 10^280 |
| 143 | ov_143 | 1.1188522711562145 × 10^280 |
| 144 | ov_144 | 8.624022193372527 × 10^279 |
| 145 | ov_145 | 6.523153379925968 × 10^279 |
| 146 | ov_146 | 4.827826183008172 × 10^279 |
| 147 | ov_147 | 3.483665582514018 × 10^279 |
| 148 | ov_148 | 2.439968421540501 × 10^279 |
| 149 | ov_149 | 1.6496720734864522 × 10^279 |
| 150 | ov_150 | 1.0693326058552178 × 10^279 |
| 151 | ov_151 | 6.591103131792943 × 10^278 |
| 152 | ov_152 | 3.827607391183455 × 10^278 |
| 153 | ov_153 | 2.0762955536045344 × 10^278 |
| 154 | ov_154 | 1.0464991250404995 × 10^278 |
| 155 | ov_155 | 4.834116162300166 × 10^277 |
| 156 | aaa_76_25 | 1.6808256549602428 × 10^277 |
| 157 | aaa_76_26 | 1.0342202400438553 × 10^277 |
| 158 | aaa_76_27 | 5.668679259894082 × 10^276 |
| 159 | aaa_76_28 | 2.670217466150322 × 10^276 |
| 160 | aaa_76_29 | 1.004903356013731 × 10^276 |

### Output Bits Sorted by Complexity

| Rank | Output Bit | Complexity |
|:----:|:----------:|:----------:|
| 160 | aaa_76_29 | 1.004903356013731 × 10^276 |
| 159 | aaa_76_28 | 2.670217466150322 × 10^276 |
| 158 | aaa_76_27 | 5.668679259894082 × 10^276 |
| 157 | aaa_76_26 | 1.0342202400438553 × 10^277 |
| 156 | aaa_76_25 | 1.6808256549602428 × 10^277 |
| 155 | ov_155 | 4.834116162300166 × 10^277 |
| 154 | ov_154 | 1.0464991250404995 × 10^278 |
| 153 | ov_153 | 2.0762955536045344 × 10^278 |
| 152 | ov_152 | 3.827607391183455 × 10^278 |
| 151 | ov_151 | 6.591103131792943 × 10^278 |
| 150 | ov_150 | 1.0693326058552178 × 10^279 |
| 149 | ov_149 | 1.6496720734864522 × 10^279 |
| 148 | ov_148 | 2.439968421540501 × 10^279 |
| 147 | ov_147 | 3.483665582514018 × 10^279 |
| 146 | ov_146 | 4.827826183008172 × 10^279 |
| 145 | ov_145 | 6.523153379925968 × 10^279 |
| 144 | ov_144 | 8.624022193372527 × 10^279 |
| 143 | ov_143 | 1.1188522711562145 × 10^280 |
| 142 | ov_142 | 1.4278517790914902 × 10^280 |
| 141 | ov_141 | 1.7959718122682976 × 10^280 |
| 140 | ov_140 | 2.2301777786094713 × 10^280 |
| 139 | ov_139 | 2.7378413657474838 × 10^280 |
| 138 | ov_138 | 3.326755229556326 × 10^280 |
| 137 | ov_137 | 4.005150817594452 × 10^280 |
| 136 | ov_136 | 4.78171974029228 × 10^280 |
| 135 | ov_135 | 5.66563912863372 × 10^280 |
| 134 | ov_134 | 6.666601443492008 × 10^280 |
| 133 | ov_133 | 7.794849228830162 × 10^280 |
| 132 | ov_132 | 9.061215328835758 × 10^280 |
| 131 | ov_131 | 1.0477169081782057 × 10^281 |
| 130 | ov_130 | 1.0477176923429747 × 10^281 |
| 129 | ov_129 | 1.0477201354918527 × 10^281 |
| 128 | aaa_77_29 | 1.1436575690821616 × 10^281 |
| 127 | aaa_77_28 | 3.0527147788162015 × 10^281 |
| 126 | ov_126 | 9.564459891950217 × 10^281 |
| 125 | ov_125 | 2.1495036610868784 × 10^282 |
| 124 | ov_124 | 4.094584559793274 × 10^282 |
| 123 | ov_123 | 7.001830324364032 × 10^282 |
| 122 | ov_122 | 1.108138751997288 × 10^283 |
| 121 | ov_121 | 1.6543414729147146 × 10^283 |
| 120 | ov_120 | 2.3598094889834122 × 10^283 |
| 119 | ov_119 | 3.2455654110146877 × 10^283 |
| 118 | ov_118 | 4.33263940028338 × 10^283 |
| 117 | ov_117 | 5.64207523817868 × 10^283 |
| 116 | ov_116 | 7.194941421582586 × 10^283 |
| 115 | ov_115 | 9.012350190580399 × 10^283 |
| 114 | ov_114 | 1.1115486748640763 × 10^284 |
| 113 | ov_113 | 1.3525650109825098 × 10^284 |
| 112 | ov_112 | 1.626430700816801 × 10^284 |
| 111 | ov_111 | 1.935316030553963 × 10^284 |
| 110 | ov_110 | 2.2814233336487932 × 10^284 |
| 109 | ov_109 | 2.666997163231361 × 10^284 |
| 108 | ov_108 | 3.0943363472605087 × 10^284 |
| 107 | ov_107 | 3.565808072140885 × 10^284 |
| 106 | ov_106 | 4.08386414179813 × 10^284 |
| 105 | ov_105 | 4.651059560961297 × 10^284 |
| 104 | ov_104 | 5.270073593734762 × 10^284 |
| 103 | ov_103 | 5.943733451572014 × 10^284 |
| 102 | ov_102 | 6.675040768622765 × 10^284 |
| 101 | ov_101 | 7.467201027240958 × 10^284 |
| 100 | ov_100 | 8.323656102355365 × 10^284 |
| 96 | aaa_78_29 | 8.49065600440516 × 10^284 |
| 99 | ov_099 | 9.248120100575237 × 10^284 |
| 98 | ov_098 | 9.248208492514065 × 10^284 |
| 97 | ov_097 | 9.248485372623224 × 10^284 |
| 95 | aaa_78_28 | 2.2408169880625118 × 10^285 |
| 94 | ov_094 | 6.966887306009588 × 10^285 |
| 93 | ov_093 | 1.554226006733136 × 10^286 |
| 92 | ov_092 | 2.94234761951367 × 10^286 |
| 91 | ov_091 | 5.537309863548557 × 10^286 |
| 90 | ov_090 | 1.0161097174120542 × 10^287 |
| 89 | ov_089 | 1.8603544195508146 × 10^287 |
| 88 | ov_088 | 3.2946497230974373 × 10^287 |
| 87 | ov_087 | 5.556459266436153 × 10^287 |
| 86 | ov_086 | 8.912655443045863 × 10^287 |
| 85 | ov_085 | 1.3659717725601132 × 10^288 |
| 84 | ov_084 | 2.012401638152611 × 10^288 |
| 83 | ov_083 | 2.86621983954451 × 10^288 |
| 82 | ov_082 | 3.966169241583374 × 10^288 |
| 81 | ov_081 | 5.354134954636486 × 10^288 |
| 80 | ov_080 | 7.075223680789913 × 10^288 |
| 64 | lv_79_m31 | 7.344551994031067 × 10^288 |
| 79 | ov_079 | 9.177860010661836 × 10^288 |
| 78 | ov_078 | 1.1713901356072433 × 10^289 |
| 77 | ov_077 | 1.473877320676225 × 10^289 |
| 76 | ov_076 | 1.8311626404267931 × 10^289 |
| 75 | ov_075 | 2.249551813381324 × 10^289 |
| 74 | ov_074 | 2.73576183466423 × 10^289 |
| 73 | ov_073 | 3.296944334171316 × 10^289 |
| 63 | ov_063 | 3.771589197928993 × 10^289 |
| 72 | ov_072 | 3.9407118258301796 × 10^289 |
| 71 | ov_071 | 4.675167026117116 × 10^289 |
| 70 | ov_070 | 5.508935423898701 × 10^289 |
| 69 | ov_069 | 6.451201288617584 × 10^289 |
| 68 | ov_068 | 7.511747310010347 × 10^289 |
| 67 | ov_067 | 8.700998070110542 × 10^289 |
| 66 | ov_066 | 8.701004806709113 × 10^289 |
| 65 | ov_065 | 8.701025592979447 × 10^289 |
| 62 | ov_062 | 1.7061017466459312 × 10^290 |
| 61 | ov_061 | 5.650922796722398 × 10^290 |
| 60 | ov_060 | 1.5096664513663205 × 10^291 |
| 59 | ov_059 | 3.456666844602142 × 10^291 |
| 58 | ov_058 | 7.034150379897374 × 10^291 |
| 57 | ov_057 | 1.304589808357975 × 10^292 |
| 56 | ov_056 | 2.327520027276526 × 10^292 |
| 55 | ov_055 | 3.9856813866789943 × 10^292 |
| 54 | ov_054 | 6.527699275089866 × 10^292 |
| 53 | ov_053 | 1.0237354385309753 × 10^293 |
| 52 | ov_052 | 1.543359252536867 × 10^293 |
| 51 | ov_051 | 2.247054205703614 × 10^293 |
| 50 | ov_050 | 3.1737545392267373 × 10^293 |
| 49 | ov_049 | 4.365921514131382 × 10^293 |
| 48 | ov_048 | 5.86955297243307 × 10^293 |
| 47 | ov_047 | 7.734198627465727 × 10^293 |
| 32 | lv_80_k31 | 8.563495881945764 × 10^293 |
| 46 | ov_046 | 1.0012983101066204 × 10^294 |
| 45 | ov_045 | 1.2762638961521915 × 10^294 |
| 44 | ov_044 | 1.6014279154681837 × 10^294 |
| 43 | ov_043 | 1.9800891014101828 × 10^294 |
| 42 | ov_042 | 2.4190368012972475 × 10^294 |
| 41 | ov_041 | 2.925449720804956 × 10^294 |
| 40 | ov_040 | 3.5069084540745103 × 10^294 |
| 31 | ov_031 | 3.535144948119375 × 10^294 |
| 39 | ov_039 | 4.1714108792913276 × 10^294 |
| 38 | ov_038 | 4.927390821113332 × 10^294 |
| 37 | ov_037 | 5.7837404093751745 × 10^294 |
| 36 | ov_036 | 6.749836592714182 × 10^294 |
| 35 | ov_035 | 7.835572296339906 × 10^294 |
| 34 | ov_034 | 9.051392745298271 × 10^294 |
| 33 | ov_033 | 1.0408337508474066 × 10^295 |
| 30 | ov_030 | 1.4589459099170384 × 10^295 |
| 29 | ov_029 | 4.406940351703087 × 10^295 |
| 28 | ov_028 | 1.0689941105132927 × 10^296 |
| 27 | ov_027 | 2.552836950087109 × 10^296 |
| 26 | ov_026 | 5.61637608745603 × 10^296 |
| 25 | ov_025 | 1.1910032000684605 × 10^297 |
| 24 | ov_024 | 2.348845889724989 × 10^297 |
| 23 | ov_023 | 4.281057028793738 × 10^297 |
| 22 | ov_022 | 7.27395999630903 × 10^297 |
| 21 | ov_021 | 1.1654322846906359 × 10^298 |
| 20 | ov_020 | 1.7789381842125007 × 10^298 |
| 19 | ov_019 | 2.6086882396707997 × 10^298 |
| 18 | ov_018 | 3.6995147964152616 × 10^298 |
| 17 | ov_017 | 5.100319190593733 × 10^298 |
| 16 | ov_016 | 6.86408908288281 × 10^298 |
| 15 | ov_015 | 9.04792406869592 × 10^298 |
| 14 | ov_014 | 1.1713071975834383 × 10^299 |
| 13 | ov_013 | 1.4924978541961868 × 10^299 |
| 12 | ov_012 | 1.875335344591043 × 10^299 |
| 11 | ov_011 | 2.3272255948830106 × 10^299 |
| 10 | ov_010 | 2.8560203683837665 × 10^299 |
| 9 | ov_009 | 3.4700308416495813 × 10^299 |
| 8 | ov_008 | 4.178044288370603 × 10^299 |
| 7 | ov_007 | 4.989344281340938 × 10^299 |
| 6 | ov_006 | 5.9137347621635795 × 10^299 |
| 5 | ov_005 | 6.961568295622989 × 10^299 |
| 4 | ov_004 | 8.14377891427402 × 10^299 |
| 3 | ov_003 | 9.471920081088769 × 10^299 |
| 2 | ov_002 | 1.095820836081973 × 10^300 |
| 1 | ov_001 | 1.2609293531068468 × 10^300 |

