# Results for F001-F002-F003-F004-F005-F006-F007-F008-F009-F010-F011-F012-F013-F014-F015-F016-F017-F018-F019-F020-F021-F022-F023-F024-F025-F026-F027-F028-F029-F030-F031-F032-F033-F034-F035-F036-F037-F038-F039-F040-F041-F042-F043-F044-F045-F046-F047-F048-F049-F050-F051-F052-F053-F054-F055-F056-F057-F058-F059-F060-F061-F062-F063-F064-F065-F066-F067-F068-F069-F070-F071-F072-F073-F074-F075-F076-F077-F078-F079-F080-F081-F082-F083-F084-F085-F086-F087-F088-F089-F090-F091-F092-F093-F094-F095-F096-F097-F098-F099-F100-F101-F102-F103-F104-F105-F106-F107-F108-F109-F110-F111-F112-F113-F114-F115-F116-F117-F118-F119-F120-F121-F122-F123-F124-F125-F126-F127-F128-F129-F130-F131-F132-F133-F134-F135-F136-F137-F138-F139-F140-F141-F142-F143-F144-F145-F146-F147-F148-F149-F150-F151-F152-F153-F154-F155-F156-F157-F158-F159-F160-F161-F162-F163-F164-F165-F166-F167-F168-F169-F170-F171-F172-F173-F174-F175-F176-F177-F178-F179-F180-F181-F182-F183-F184-F185-F186-F187-F188-F189-F190-F191-F192-F193-F194-F195-F196-F197-F198-F199-F200-F201-F202-F203-F204-F205-F206-F207-F208-F209-F210-F211-F212-F213-F214-F215-F216-F217-F218-F219-F220-F221-F222-F223-F224-F225-F226-F227-F228-F229-F230-F231-F232-F233-F234-F235-F236-F237-F238-F239-F240-F241-F242-F243-F244-F245-F246-F247-F248-F249-F250-F251-F252-F253-F254-F255-F256-F257-F258-F259-F260-F261-F262-F263-F264-F265-F266-F267-F268-F269-F270-F271-F272-F273-F274-F275-F276-F277-F278-F279-F280-F281-F282-F283-F284-F285-F286-F287-F288-F289-F290-F291-F292-F293-F294-F295-F296-F297-F298-F299-F300-F301-F302-F303-F304-F305-F306-F307-F308-F309-F310-F311-F312-F313-F314-F315-F316-F317-F318-F319-F320-F321-F322-F323-F324-F325-F326-F327-F328-F329-F330-F331-F332-F333-F334-F335-F336-F337-F338-F339-F340-F341-F342-F343-F344-F345-F346-F347-F348-F349-F350-F351-F352-F353-F354-F355-F356-F357-F358-F359-F360-F361-F362-F363-F364-F365-F366-F367-F368-F369-F370-F371-F372-F373-F374-F375-F376-F377-F378-F379-F380-F381-F382-F383-F384-F385-F386-F387-F388-F389-F390-F391-F392-F393-F394-F395-F396-F397-F398-F399-F400-F401-F402-F403-F404-F405-F406-F407-F408-F409-F410-F411-F412-F413-F414-F415-F416-F417-F418-F419-F420-F421-F422-F423-F424-F425-F426-F427-F428-F429-F430-F431-F432-F433-F434-F435-F436-F437-F438-F439-F440-F441-F442-F443-F444-F445-F446-F447-F448-F449-F450-F451-F452-F453-F454-F455-F456-F457-F458-F459-F460-F461-F462-F463-F464-F465-F466-F467-F468-F469-F470-F471-F472-F473-F474-F475-F476-F477-F478-F479-F480-F481-F482-F483-F484-F485-F486-F487-F488-F489-F490-F491-F492-F493-F494-F495-F496-F497-F498-F499-F500-T512

## Summary

Number of input bits: 512  
Number of free input bits: 11  
Number of output bits: 160

Number of direct occurrences: 46104  
Number of assignments: 31791  
Number of operations: 12436171
(xor: 12405251,
and: 17550,
or: 13370)

Total complexity: 9.57762812108849 × 10^308

Least occurring input variable: iv_504 (4078)  
Most occurring input variable: iv_501 (4306)

Most co-occurring input variables: iv_501-iv_508 (2135)  
Least co-occurring input variables: iv_503-iv_504 (1889)

Potentially most occurring input variable: iv_505/iv_507 (4573)  
Potentially least occurring input variable: iv_505/iv_508 (4236)

Least output occurring input variable: iv_507 (65)  
Most output occurring input variable: iv_501 (93)

Most output co-occurring input variables: iv_501-iv_505 (56)  
Least output co-occurring input variables: iv_504-iv_507 (27)

Potentially most output occurring input variable: iv_509/iv_510 (102)  
Potentially least output occurring input variable: iv_502/iv_504 (64)

Least complex input bit: iv_501 (5.926364510905119 × 10^306)  
Most complex input bit: iv_510 (2.6264679026622952 × 10^308)

Least complex output bit: aaa_76_29 (1.4207533465384281 × 10^283)  
Most complex output bit: ov_001 (1.5066904579561038 × 10^308)

Least complex input/output complexity: iv_501/aaa_76_29 (8.79121856186467 × 10^280)  
Most complex input/output complexity: iv_510/ov_001 (4.131789287533453 × 10^307)

## Input Bits

### Input Bits in Regular Order

| Input Bit | Complexity | Occurrences | Output Occurrences |
|:---------:|:----------:|:-----------:|:------------------:|
| iv_501 | 5.926364510905119 × 10^306 | 4306 | 93 |
| iv_502 | 1.0782652235073459 × 10^307 | 4162 | 75 |
| iv_503 | 1.816353466519914 × 10^307 | 4120 | 75 |
| iv_504 | 2.9167819128854545 × 10^307 | 4078 | 69 |
| iv_505 | 4.5249589598229543 × 10^307 | 4145 | 84 |
| iv_506 | 6.829884074989795 × 10^307 | 4187 | 77 |
| iv_507 | 1.0081400157730769 × 10^308 | 4270 | 65 |
| iv_508 | 1.4350755067920082 × 10^308 | 4247 | 90 |
| iv_509 | 1.972096786523398 × 10^308 | 4268 | 81 |
| iv_510 | 2.6264679026622952 × 10^308 | 4213 | 87 |
| iv_511 | 7.599599004561211 × 10^307 | 4108 | 76 |

### Input Bits Sorted by Complexity

| Input Bit | Complexity | Occurrences | Output Occurrences |
|:---------:|:----------:|:-----------:|:------------------:|
| iv_501 | 5.926364510905119 × 10^306 | 4306 | 93 |
| iv_502 | 1.0782652235073459 × 10^307 | 4162 | 75 |
| iv_503 | 1.816353466519914 × 10^307 | 4120 | 75 |
| iv_504 | 2.9167819128854545 × 10^307 | 4078 | 69 |
| iv_505 | 4.5249589598229543 × 10^307 | 4145 | 84 |
| iv_506 | 6.829884074989795 × 10^307 | 4187 | 77 |
| iv_511 | 7.599599004561211 × 10^307 | 4108 | 76 |
| iv_507 | 1.0081400157730769 × 10^308 | 4270 | 65 |
| iv_508 | 1.4350755067920082 × 10^308 | 4247 | 90 |
| iv_509 | 1.972096786523398 × 10^308 | 4268 | 81 |
| iv_510 | 2.6264679026622952 × 10^308 | 4213 | 87 |

### Input Bits Sorted by Occurrences

| Input Bit | Complexity | Occurrences | Output Occurrences |
|:---------:|:----------:|:-----------:|:------------------:|
| iv_504 | 2.9167819128854545 × 10^307 | 4078 | 69 |
| iv_511 | 7.599599004561211 × 10^307 | 4108 | 76 |
| iv_503 | 1.816353466519914 × 10^307 | 4120 | 75 |
| iv_505 | 4.5249589598229543 × 10^307 | 4145 | 84 |
| iv_502 | 1.0782652235073459 × 10^307 | 4162 | 75 |
| iv_506 | 6.829884074989795 × 10^307 | 4187 | 77 |
| iv_510 | 2.6264679026622952 × 10^308 | 4213 | 87 |
| iv_508 | 1.4350755067920082 × 10^308 | 4247 | 90 |
| iv_509 | 1.972096786523398 × 10^308 | 4268 | 81 |
| iv_507 | 1.0081400157730769 × 10^308 | 4270 | 65 |
| iv_501 | 5.926364510905119 × 10^306 | 4306 | 93 |

### Input Bits Sorted by Output Occurrences

| Input Bit | Complexity | Occurrences | Output Occurrences |
|:---------:|:----------:|:-----------:|:------------------:|
| iv_507 | 1.0081400157730769 × 10^308 | 4270 | 65 |
| iv_504 | 2.9167819128854545 × 10^307 | 4078 | 69 |
| iv_502 | 1.0782652235073459 × 10^307 | 4162 | 75 |
| iv_503 | 1.816353466519914 × 10^307 | 4120 | 75 |
| iv_511 | 7.599599004561211 × 10^307 | 4108 | 76 |
| iv_506 | 6.829884074989795 × 10^307 | 4187 | 77 |
| iv_509 | 1.972096786523398 × 10^308 | 4268 | 81 |
| iv_505 | 4.5249589598229543 × 10^307 | 4145 | 84 |
| iv_510 | 2.6264679026622952 × 10^308 | 4213 | 87 |
| iv_508 | 1.4350755067920082 × 10^308 | 4247 | 90 |
| iv_501 | 5.926364510905119 × 10^306 | 4306 | 93 |

## Input Bit Co-occurrences

### Input Bit Co-occurrences Sorted by Co-occurrences

| Input Bits | Co-occurrences | Potential Occurrences | Output Co-occurrences | Potential Output Occurrences |
|:----------:|:--------------:|:---------------------:|:---------------------:|:----------------------------:|
| iv_501-iv_508 | 2135 | 4283 | 52 | 79 |
| iv_501-iv_509 | 2116 | 4342 | 49 | 76 |
| iv_507-iv_509 | 2097 | 4344 | 32 | 82 |
| iv_501-iv_507 | 2087 | 4402 | 34 | 90 |
| iv_501-iv_505 | 2082 | 4287 | 56 | 65 |
| iv_505-iv_508 | 2078 | 4236 | 50 | 74 |
| iv_506-iv_508 | 2066 | 4302 | 42 | 83 |
| iv_507-iv_508 | 2058 | 4401 | 33 | 89 |
| iv_506-iv_509 | 2058 | 4339 | 41 | 76 |
| iv_506-iv_507 | 2057 | 4343 | 30 | 82 |
| iv_502-iv_507 | 2053 | 4326 | 36 | 68 |

### Input Bit Co-occurrences Sorted by Potential Occurrences

| Input Bits | Co-occurrences | Potential Occurrences | Output Co-occurrences | Potential Output Occurrences |
|:----------:|:--------------:|:---------------------:|:---------------------:|:----------------------------:|
| iv_505-iv_508 | 2078 | 4236 | 50 | 74 |
| iv_504-iv_506 | 1997 | 4271 | 34 | 78 |
| iv_502-iv_504 | 1983 | 4274 | 40 | 64 |
| iv_501-iv_508 | 2135 | 4283 | 52 | 79 |
| iv_501-iv_505 | 2082 | 4287 | 56 | 65 |
| iv_504-iv_510 | 2000 | 4291 | 41 | 74 |
| iv_503-iv_505 | 1983 | 4299 | 43 | 73 |
| iv_506-iv_508 | 2066 | 4302 | 42 | 83 |
| iv_502-iv_505 | 1999 | 4309 | 43 | 73 |
| iv_503-iv_509 | 2034 | 4320 | 32 | 92 |
| iv_505-iv_506 | 2005 | 4322 | 41 | 79 |

### Input Bit Output Co-occurrences Sorted by Output Co-occurrences

| Input Bits | Co-occurrences | Potential Occurrences | Output Co-occurrences | Potential Output Occurrences |
|:----------:|:--------------:|:---------------------:|:---------------------:|:----------------------------:|
| iv_501-iv_505 | 2082 | 4287 | 56 | 65 |
| iv_501-iv_508 | 2135 | 4283 | 52 | 79 |
| iv_505-iv_508 | 2078 | 4236 | 50 | 74 |
| iv_501-iv_511 | 2023 | 4368 | 50 | 69 |
| iv_501-iv_509 | 2116 | 4342 | 49 | 76 |
| iv_508-iv_511 | 1972 | 4411 | 49 | 68 |
| iv_501-iv_510 | 2021 | 4477 | 48 | 84 |
| iv_508-iv_510 | 1963 | 4534 | 47 | 83 |
| iv_501-iv_503 | 2043 | 4340 | 46 | 76 |
| iv_501-iv_502 | 2045 | 4378 | 46 | 76 |
| iv_501-iv_506 | 2046 | 4401 | 46 | 78 |

### Input Bit Output Co-occurrences Sorted by Potential Output Occurrences

| Input Bits | Co-occurrences | Potential Occurrences | Output Co-occurrences | Potential Output Occurrences |
|:----------:|:--------------:|:---------------------:|:---------------------:|:----------------------------:|
| iv_502-iv_504 | 1983 | 4274 | 40 | 64 |
| iv_501-iv_505 | 2082 | 4287 | 56 | 65 |
| iv_508-iv_511 | 1972 | 4411 | 49 | 68 |
| iv_502-iv_507 | 2053 | 4326 | 36 | 68 |
| iv_502-iv_511 | 1957 | 4356 | 41 | 69 |
| iv_504-iv_511 | 1901 | 4384 | 38 | 69 |
| iv_501-iv_511 | 2023 | 4368 | 50 | 69 |
| iv_503-iv_504 | 1889 | 4420 | 36 | 72 |
| iv_503-iv_506 | 1944 | 4419 | 40 | 72 |
| iv_507-iv_510 | 2052 | 4379 | 40 | 72 |
| iv_502-iv_505 | 1999 | 4309 | 43 | 73 |

## Output Bits

### Output Bits in Regular Order

| Rank | Output Bit | Complexity |
|:----:|:----------:|:----------:|
| 1 | ov_001 | 1.5066904579561038 × 10^308 |
| 2 | ov_002 | 1.3106439407716342 × 10^308 |
| 3 | ov_003 | 1.1340639234226268 × 10^308 |
| 4 | ov_004 | 9.761675596099004 × 10^307 |
| 5 | ov_005 | 8.355166912468541 × 10^307 |
| 6 | ov_006 | 7.107512543616848 × 10^307 |
| 7 | ov_007 | 6.005841322867997 × 10^307 |
| 8 | ov_008 | 5.0379666904400775 × 10^307 |
| 9 | ov_009 | 4.192347744302239 × 10^307 |
| 10 | ov_010 | 3.4580556814122873 × 10^307 |
| 11 | ov_011 | 2.8247452529782865 × 10^307 |
| 12 | ov_012 | 2.2826308852999315 × 10^307 |
| 13 | ov_013 | 1.8224670372284422 × 10^307 |
| 14 | ov_014 | 1.435532291037642 × 10^307 |
| 15 | ov_015 | 1.1136166729152969 × 10^307 |
| 16 | ov_016 | 8.490117343028562 × 10^306 |
| 17 | ov_017 | 6.345029601155025 × 10^306 |
| 18 | ov_018 | 4.633641045351726 × 10^306 |
| 19 | ov_019 | 3.2935308964066665 × 10^306 |
| 20 | ov_020 | 2.2670913665831473 × 10^306 |
| 21 | ov_021 | 1.5015083410754257 × 10^306 |
| 22 | ov_022 | 9.48748815914149 × 10^305 |
| 23 | ov_023 | 5.655529231578127 × 10^305 |
| 24 | ov_024 | 3.1342899327929174 × 10^305 |
| 25 | ov_025 | 1.5865065909529963 × 10^305 |
| 26 | ov_026 | 7.225529808528518 × 10^304 |
| 27 | ov_027 | 3.0043280796702675 × 10^304 |
| 28 | ov_028 | 1.2577655345509528 × 10^304 |
| 29 | ov_029 | 5.184037301821146 × 10^303 |
| 30 | ov_030 | 1.715870104008156 × 10^303 |
| 31 | ov_031 | 4.156901364340302 × 10^302 |
| 32 | lv_80_k31 | 1.0067932417353625 × 10^302 |
| 33 | ov_033 | 1.2254291217471026 × 10^303 |
| 34 | ov_034 | 1.0652691082514608 × 10^303 |
| 35 | ov_035 | 9.219479466391564 × 10^302 |
| 36 | ov_036 | 7.9410474374152 × 10^302 |
| 37 | ov_037 | 6.804525798500338 × 10^302 |
| 38 | ov_038 | 5.797732556688522 × 10^302 |
| 39 | ov_039 | 4.909127362112653 × 10^302 |
| 40 | ov_040 | 4.127772270874839 × 10^302 |
| 41 | ov_041 | 3.443298220393033 × 10^302 |
| 42 | ov_042 | 2.845876638665976 × 10^302 |
| 43 | ov_043 | 2.3261956408385618 × 10^302 |
| 44 | ov_044 | 1.8754402976173513 × 10^302 |
| 45 | ov_045 | 1.4893251556625272 × 10^302 |
| 46 | ov_046 | 1.1638015499683542 × 10^302 |
| 47 | ov_047 | 8.95051825736079 × 10^301 |
| 48 | ov_048 | 6.761166564589146 × 10^301 |
| 49 | ov_049 | 5.004801678484293 × 10^301 |
| 50 | ov_050 | 3.6206549897563726 × 10^301 |
| 51 | ov_051 | 2.552316646361715 × 10^301 |
| 52 | ov_052 | 1.747714404375946 × 10^301 |
| 53 | ov_053 | 1.1591002121589327 × 10^301 |
| 54 | ov_054 | 7.43042324776809 × 10^300 |
| 55 | ov_055 | 4.6042103641690115 × 10^300 |
| 56 | ov_056 | 2.7642647424409167 × 10^300 |
| 57 | ov_057 | 1.605574115380638 × 10^300 |
| 58 | ov_058 | 8.662059459129968 × 10^299 |
| 59 | ov_059 | 4.259632924679699 × 10^299 |
| 60 | ov_060 | 1.8618667709920496 × 10^299 |
| 61 | ov_061 | 6.975359951219783 × 10^298 |
| 62 | ov_062 | 2.107838248299487 × 10^298 |
| 63 | ov_063 | 4.664004061466367 × 10^297 |
| 64 | lv_79_m31 | 9.090394205932011 × 10^296 |
| 65 | ov_065 | 1.082713283425398 × 10^298 |
| 66 | ov_066 | 1.0827108883824959 × 10^298 |
| 67 | ov_067 | 1.082710123693816 × 10^298 |
| 68 | ov_068 | 9.378972755942944 × 10^297 |
| 69 | ov_069 | 8.082179256783177 × 10^297 |
| 70 | ov_070 | 6.925273316881898 × 10^297 |
| 71 | ov_071 | 5.897426938153659 × 10^297 |
| 72 | ov_072 | 4.988387517433153 × 10^297 |
| 73 | ov_073 | 4.1884397294982344 × 10^297 |
| 74 | ov_074 | 3.488372771427257 × 10^297 |
| 75 | ov_075 | 2.87945244604941 × 10^297 |
| 76 | ov_076 | 2.353397590153384 × 10^297 |
| 77 | ov_077 | 1.902360380115559 × 10^297 |
| 78 | ov_078 | 1.518910073869687 × 10^297 |
| 79 | ov_079 | 1.1960197738177501 × 10^297 |
| 80 | ov_080 | 9.27055820506182 × 10^296 |
| 81 | ov_081 | 7.057694517723198 × 10^296 |
| 82 | ov_082 | 5.262903866933769 × 10^296 |
| 83 | ov_083 | 3.8312201811766975 × 10^296 |
| 84 | ov_084 | 2.7113792188308212 × 10^296 |
| 85 | ov_085 | 1.8557941507455368 × 10^296 |
| 86 | ov_086 | 1.2205391987216884 × 10^296 |
| 87 | ov_087 | 7.653391371501684 × 10^295 |
| 88 | ov_088 | 4.535627066567551 × 10^295 |
| 89 | ov_089 | 2.522183683648014 × 10^295 |
| 90 | ov_090 | 1.3195145341032833 × 10^295 |
| 91 | ov_091 | 6.704229780494739 × 10^294 |
| 92 | ov_092 | 3.540512320188442 × 10^294 |
| 93 | ov_093 | 1.8587428119769986 × 10^294 |
| 94 | ov_094 | 8.271245492995982 × 10^293 |
| 95 | aaa_78_28 | 2.6401384524865826 × 10^293 |
| 96 | aaa_78_29 | 9.891869512391944 × 10^292 |
| 97 | ov_097 | 9.070213644376445 × 10^292 |
| 98 | ov_098 | 9.070173782596533 × 10^292 |
| 99 | ov_099 | 9.070161050869159 × 10^292 |
| 100 | ov_100 | 7.846927729122983 × 10^292 |
| 101 | ov_101 | 6.752508024854318 × 10^292 |
| 102 | ov_102 | 5.777098305212101 × 10^292 |
| 103 | ov_103 | 4.911432762867684 × 10^292 |
| 104 | ov_104 | 4.14674408301474 × 10^292 |
| 105 | ov_105 | 3.474729224547919 × 10^292 |
| 106 | ov_106 | 2.887519849565995 × 10^292 |
| 107 | ov_107 | 2.377656960210666 × 10^292 |
| 108 | ov_108 | 1.9380693257042568 × 10^292 |
| 109 | ov_109 | 1.5620553054658384 × 10^292 |
| 110 | ov_110 | 1.243267696520833 × 10^292 |
| 111 | ov_111 | 9.757012552094796 × 10^291 |
| 112 | ov_112 | 7.536825645614973 × 10^291 |
| 113 | ov_113 | 5.718619397365956 × 10^291 |
| 114 | ov_114 | 4.252070847148045 × 10^291 |
| 115 | ov_115 | 3.089982340244496 × 10^291 |
| 116 | ov_116 | 2.1882453377299475 × 10^291 |
| 117 | ov_117 | 1.5058143663892214 × 10^291 |
| 118 | ov_118 | 1.0046890582271225 × 10^291 |
| 119 | ov_119 | 6.4990243263961196 × 10^290 |
| 120 | ov_120 | 4.095137772412251 × 10^290 |
| 121 | ov_121 | 2.54604686185867 × 10^290 |
| 122 | ov_122 | 1.5927701762043793 × 10^290 |
| 123 | ov_123 | 1.006518261189497 × 10^290 |
| 124 | ov_124 | 5.886875230306527 × 10^289 |
| 125 | ov_125 | 3.090972438777214 × 10^289 |
| 126 | ov_126 | 1.3756740235178495 × 10^289 |
| 127 | aaa_77_28 | 4.3918199440124233 × 10^288 |
| 128 | aaa_77_29 | 1.6459173275811117 × 10^288 |
| 129 | ov_129 | 1.516454769500224 × 10^288 |
| 130 | ov_130 | 1.516451315378612 × 10^288 |
| 131 | ov_131 | 1.5164502067495908 × 10^288 |
| 132 | ov_132 | 1.3134394969566416 × 10^288 |
| 133 | ov_133 | 1.1316962446289483 × 10^288 |
| 134 | ov_134 | 9.695988176406394 × 10^287 |
| 135 | ov_135 | 8.25615566067388 × 10^287 |
| 136 | ov_136 | 6.982982923065905 × 10^287 |
| 137 | ov_137 | 5.862765663586164 × 10^287 |
| 138 | ov_138 | 4.88252813672504 × 10^287 |
| 139 | ov_139 | 4.029981019481351 × 10^287 |
| 140 | ov_140 | 3.293485572482394 × 10^287 |
| 141 | ov_141 | 2.662023436171463 × 10^287 |
| 142 | ov_142 | 2.125171441531058 × 10^287 |
| 143 | ov_143 | 1.6730808515783492 × 10^287 |
| 144 | ov_144 | 1.296460486080167 × 10^287 |
| 145 | ov_145 | 9.86563217732416 × 10^286 |
| 146 | ov_146 | 7.351753635505089 × 10^286 |
| 147 | ov_147 | 5.346085305157445 × 10^286 |
| 148 | ov_148 | 3.77693509687969 × 10^286 |
| 149 | ov_149 | 2.577758480780477 × 10^286 |
| 150 | ov_150 | 1.6871276260872758 × 10^286 |
| 151 | ov_151 | 1.0487109550041132 × 10^286 |
| 152 | ov_152 | 6.112604541129069 × 10^285 |
| 153 | ov_153 | 3.286044364584963 × 10^285 |
| 154 | ov_154 | 1.596437972572479 × 10^285 |
| 155 | ov_155 | 5.0065132824591635 × 10^284 |
| 156 | aaa_76_25 | 2.3765265574334303 × 10^284 |
| 157 | aaa_76_26 | 1.4622722714639788 × 10^284 |
| 158 | aaa_76_27 | 8.014762630648471 × 10^283 |
| 159 | aaa_76_28 | 3.7752705681598067 × 10^283 |
| 160 | aaa_76_29 | 1.4207533465384281 × 10^283 |

### Output Bits Sorted by Complexity

| Rank | Output Bit | Complexity |
|:----:|:----------:|:----------:|
| 160 | aaa_76_29 | 1.4207533465384281 × 10^283 |
| 159 | aaa_76_28 | 3.7752705681598067 × 10^283 |
| 158 | aaa_76_27 | 8.014762630648471 × 10^283 |
| 157 | aaa_76_26 | 1.4622722714639788 × 10^284 |
| 156 | aaa_76_25 | 2.3765265574334303 × 10^284 |
| 155 | ov_155 | 5.0065132824591635 × 10^284 |
| 154 | ov_154 | 1.596437972572479 × 10^285 |
| 153 | ov_153 | 3.286044364584963 × 10^285 |
| 152 | ov_152 | 6.112604541129069 × 10^285 |
| 151 | ov_151 | 1.0487109550041132 × 10^286 |
| 150 | ov_150 | 1.6871276260872758 × 10^286 |
| 149 | ov_149 | 2.577758480780477 × 10^286 |
| 148 | ov_148 | 3.77693509687969 × 10^286 |
| 147 | ov_147 | 5.346085305157445 × 10^286 |
| 146 | ov_146 | 7.351753635505089 × 10^286 |
| 145 | ov_145 | 9.86563217732416 × 10^286 |
| 144 | ov_144 | 1.296460486080167 × 10^287 |
| 143 | ov_143 | 1.6730808515783492 × 10^287 |
| 142 | ov_142 | 2.125171441531058 × 10^287 |
| 141 | ov_141 | 2.662023436171463 × 10^287 |
| 140 | ov_140 | 3.293485572482394 × 10^287 |
| 139 | ov_139 | 4.029981019481351 × 10^287 |
| 138 | ov_138 | 4.88252813672504 × 10^287 |
| 137 | ov_137 | 5.862765663586164 × 10^287 |
| 136 | ov_136 | 6.982982923065905 × 10^287 |
| 135 | ov_135 | 8.25615566067388 × 10^287 |
| 134 | ov_134 | 9.695988176406394 × 10^287 |
| 133 | ov_133 | 1.1316962446289483 × 10^288 |
| 132 | ov_132 | 1.3134394969566416 × 10^288 |
| 131 | ov_131 | 1.5164502067495908 × 10^288 |
| 130 | ov_130 | 1.516451315378612 × 10^288 |
| 129 | ov_129 | 1.516454769500224 × 10^288 |
| 128 | aaa_77_29 | 1.6459173275811117 × 10^288 |
| 127 | aaa_77_28 | 4.3918199440124233 × 10^288 |
| 126 | ov_126 | 1.3756740235178495 × 10^289 |
| 125 | ov_125 | 3.090972438777214 × 10^289 |
| 124 | ov_124 | 5.886875230306527 × 10^289 |
| 123 | ov_123 | 1.006518261189497 × 10^290 |
| 122 | ov_122 | 1.5927701762043793 × 10^290 |
| 121 | ov_121 | 2.54604686185867 × 10^290 |
| 120 | ov_120 | 4.095137772412251 × 10^290 |
| 119 | ov_119 | 6.4990243263961196 × 10^290 |
| 118 | ov_118 | 1.0046890582271225 × 10^291 |
| 117 | ov_117 | 1.5058143663892214 × 10^291 |
| 116 | ov_116 | 2.1882453377299475 × 10^291 |
| 115 | ov_115 | 3.089982340244496 × 10^291 |
| 114 | ov_114 | 4.252070847148045 × 10^291 |
| 113 | ov_113 | 5.718619397365956 × 10^291 |
| 112 | ov_112 | 7.536825645614973 × 10^291 |
| 111 | ov_111 | 9.757012552094796 × 10^291 |
| 110 | ov_110 | 1.243267696520833 × 10^292 |
| 109 | ov_109 | 1.5620553054658384 × 10^292 |
| 108 | ov_108 | 1.9380693257042568 × 10^292 |
| 107 | ov_107 | 2.377656960210666 × 10^292 |
| 106 | ov_106 | 2.887519849565995 × 10^292 |
| 105 | ov_105 | 3.474729224547919 × 10^292 |
| 104 | ov_104 | 4.14674408301474 × 10^292 |
| 103 | ov_103 | 4.911432762867684 × 10^292 |
| 102 | ov_102 | 5.777098305212101 × 10^292 |
| 101 | ov_101 | 6.752508024854318 × 10^292 |
| 100 | ov_100 | 7.846927729122983 × 10^292 |
| 99 | ov_099 | 9.070161050869159 × 10^292 |
| 98 | ov_098 | 9.070173782596533 × 10^292 |
| 97 | ov_097 | 9.070213644376445 × 10^292 |
| 96 | aaa_78_29 | 9.891869512391944 × 10^292 |
| 95 | aaa_78_28 | 2.6401384524865826 × 10^293 |
| 94 | ov_094 | 8.271245492995982 × 10^293 |
| 93 | ov_093 | 1.8587428119769986 × 10^294 |
| 92 | ov_092 | 3.540512320188442 × 10^294 |
| 91 | ov_091 | 6.704229780494739 × 10^294 |
| 90 | ov_090 | 1.3195145341032833 × 10^295 |
| 89 | ov_089 | 2.522183683648014 × 10^295 |
| 88 | ov_088 | 4.535627066567551 × 10^295 |
| 87 | ov_087 | 7.653391371501684 × 10^295 |
| 86 | ov_086 | 1.2205391987216884 × 10^296 |
| 85 | ov_085 | 1.8557941507455368 × 10^296 |
| 84 | ov_084 | 2.7113792188308212 × 10^296 |
| 83 | ov_083 | 3.8312201811766975 × 10^296 |
| 82 | ov_082 | 5.262903866933769 × 10^296 |
| 81 | ov_081 | 7.057694517723198 × 10^296 |
| 64 | lv_79_m31 | 9.090394205932011 × 10^296 |
| 80 | ov_080 | 9.27055820506182 × 10^296 |
| 79 | ov_079 | 1.1960197738177501 × 10^297 |
| 78 | ov_078 | 1.518910073869687 × 10^297 |
| 77 | ov_077 | 1.902360380115559 × 10^297 |
| 76 | ov_076 | 2.353397590153384 × 10^297 |
| 75 | ov_075 | 2.87945244604941 × 10^297 |
| 74 | ov_074 | 3.488372771427257 × 10^297 |
| 73 | ov_073 | 4.1884397294982344 × 10^297 |
| 63 | ov_063 | 4.664004061466367 × 10^297 |
| 72 | ov_072 | 4.988387517433153 × 10^297 |
| 71 | ov_071 | 5.897426938153659 × 10^297 |
| 70 | ov_070 | 6.925273316881898 × 10^297 |
| 69 | ov_069 | 8.082179256783177 × 10^297 |
| 68 | ov_068 | 9.378972755942944 × 10^297 |
| 67 | ov_067 | 1.082710123693816 × 10^298 |
| 66 | ov_066 | 1.0827108883824959 × 10^298 |
| 65 | ov_065 | 1.082713283425398 × 10^298 |
| 62 | ov_062 | 2.107838248299487 × 10^298 |
| 61 | ov_061 | 6.975359951219783 × 10^298 |
| 60 | ov_060 | 1.8618667709920496 × 10^299 |
| 59 | ov_059 | 4.259632924679699 × 10^299 |
| 58 | ov_058 | 8.662059459129968 × 10^299 |
| 57 | ov_057 | 1.605574115380638 × 10^300 |
| 56 | ov_056 | 2.7642647424409167 × 10^300 |
| 55 | ov_055 | 4.6042103641690115 × 10^300 |
| 54 | ov_054 | 7.43042324776809 × 10^300 |
| 53 | ov_053 | 1.1591002121589327 × 10^301 |
| 52 | ov_052 | 1.747714404375946 × 10^301 |
| 51 | ov_051 | 2.552316646361715 × 10^301 |
| 50 | ov_050 | 3.6206549897563726 × 10^301 |
| 49 | ov_049 | 5.004801678484293 × 10^301 |
| 48 | ov_048 | 6.761166564589146 × 10^301 |
| 47 | ov_047 | 8.95051825736079 × 10^301 |
| 32 | lv_80_k31 | 1.0067932417353625 × 10^302 |
| 46 | ov_046 | 1.1638015499683542 × 10^302 |
| 45 | ov_045 | 1.4893251556625272 × 10^302 |
| 44 | ov_044 | 1.8754402976173513 × 10^302 |
| 43 | ov_043 | 2.3261956408385618 × 10^302 |
| 42 | ov_042 | 2.845876638665976 × 10^302 |
| 41 | ov_041 | 3.443298220393033 × 10^302 |
| 40 | ov_040 | 4.127772270874839 × 10^302 |
| 31 | ov_031 | 4.156901364340302 × 10^302 |
| 39 | ov_039 | 4.909127362112653 × 10^302 |
| 38 | ov_038 | 5.797732556688522 × 10^302 |
| 37 | ov_037 | 6.804525798500338 × 10^302 |
| 36 | ov_036 | 7.9410474374152 × 10^302 |
| 35 | ov_035 | 9.219479466391564 × 10^302 |
| 34 | ov_034 | 1.0652691082514608 × 10^303 |
| 33 | ov_033 | 1.2254291217471026 × 10^303 |
| 30 | ov_030 | 1.715870104008156 × 10^303 |
| 29 | ov_029 | 5.184037301821146 × 10^303 |
| 28 | ov_028 | 1.2577655345509528 × 10^304 |
| 27 | ov_027 | 3.0043280796702675 × 10^304 |
| 26 | ov_026 | 7.225529808528518 × 10^304 |
| 25 | ov_025 | 1.5865065909529963 × 10^305 |
| 24 | ov_024 | 3.1342899327929174 × 10^305 |
| 23 | ov_023 | 5.655529231578127 × 10^305 |
| 22 | ov_022 | 9.48748815914149 × 10^305 |
| 21 | ov_021 | 1.5015083410754257 × 10^306 |
| 20 | ov_020 | 2.2670913665831473 × 10^306 |
| 19 | ov_019 | 3.2935308964066665 × 10^306 |
| 18 | ov_018 | 4.633641045351726 × 10^306 |
| 17 | ov_017 | 6.345029601155025 × 10^306 |
| 16 | ov_016 | 8.490117343028562 × 10^306 |
| 15 | ov_015 | 1.1136166729152969 × 10^307 |
| 14 | ov_014 | 1.435532291037642 × 10^307 |
| 13 | ov_013 | 1.8224670372284422 × 10^307 |
| 12 | ov_012 | 2.2826308852999315 × 10^307 |
| 11 | ov_011 | 2.8247452529782865 × 10^307 |
| 10 | ov_010 | 3.4580556814122873 × 10^307 |
| 9 | ov_009 | 4.192347744302239 × 10^307 |
| 8 | ov_008 | 5.0379666904400775 × 10^307 |
| 7 | ov_007 | 6.005841322867997 × 10^307 |
| 6 | ov_006 | 7.107512543616848 × 10^307 |
| 5 | ov_005 | 8.355166912468541 × 10^307 |
| 4 | ov_004 | 9.761675596099004 × 10^307 |
| 3 | ov_003 | 1.1340639234226268 × 10^308 |
| 2 | ov_002 | 1.3106439407716342 × 10^308 |
| 1 | ov_001 | 1.5066904579561038 × 10^308 |

