# Results for F001-F002-F003-F004-F005-F006-F007-F008-F009-F010-F011-F012-F013-F014-F015-F016-F017-F018-F019-F020-F021-F022-F023-F024-F025-F026-F027-F028-F029-F030-F031-F032-F033-F034-F035-F036-F037-F038-F039-F040-F041-F042-F043-F044-F045-F046-F047-F048-F049-F050-F051-F052-F053-F054-F055-F056-F057-F058-F059-F060-F061-F062-F063-F064-F065-F066-F067-F068-F069-F070-F071-F072-F073-F074-F075-F076-F077-F078-F079-F080-F081-F082-F083-F084-F085-F086-F087-F088-F089-F090-F091-F092-F093-F094-F095-F096-F097-F098-F099-F100-F101-F102-F103-F104-F105-F106-F107-F108-F109-F110-F111-F112-F113-F114-F115-F116-F117-F118-F119-F120-F121-F122-F123-F124-F125-F126-F127-F128-F129-F130-F131-F132-F133-F134-F135-F136-F137-F138-F139-F140-F141-F142-F143-F144-F145-F146-F147-F148-F149-F150-F151-F152-F153-F154-F155-F156-F157-F158-F159-F160-F161-F162-F163-F164-F165-F166-F167-F168-F169-F170-F171-F172-F173-F174-F175-F176-F177-F178-F179-F180-F181-F182-F183-F184-F185-F186-F187-F188-F189-F190-F191-F192-F193-F194-F195-F196-F197-F198-F199-F200-F201-F202-F203-F204-F205-F206-F207-F208-F209-F210-F211-F212-F213-F214-F215-F216-F217-F218-F219-F220-F221-F222-F223-F224-F225-F226-F227-F228-F229-F230-F231-F232-F233-F234-F235-F236-F237-F238-F239-F240-F241-F242-F243-F244-F245-F246-F247-F248-F249-F250-F251-F252-F253-F254-F255-F256-F257-F258-F259-F260-F261-F262-F263-F264-F265-F266-F267-F268-F269-F270-F271-F272-F273-F274-F275-F276-F277-F278-F279-F280-F281-F282-F283-F284-F285-F286-F287-F288-F289-F290-F291-F292-F293-F294-F295-F296-F297-F298-F299-F300-F301-F302-F303-F304-F305-F306-F307-F308-F309-F310-F311-F312-F313-F314-F315-F316-F317-F318-F319-F320-F321-F322-F323-F324-F325-F326-F327-F328-F329-F330-F331-F332-F333-F334-F335-F336-F337-F338-F339-F340-F341-F342-F343-F344-F345-F346-F347-F348-F349-F350-F351-F352-F353-F354-F355-F356-F357-F358-F359-F360-F361-F362-F363-F364-F365-F366-F367-F368-F369-F370-F371-F372-F373-F374-F375-F376-F377-F378-F379-F380-F381-F382-F383-F384-F385-F386-F387-F388-F389-F390-F391-F392-F393-F394-F395-F396-F397-F398-F399-F400-F401-F402-F403-F404-F405-F406-F407-F408-F409-F410-F411-F412-F413-F414-F415-F416-F417-F418-F419-F420-F421-F422-F423-F424-F425-F426-F427-F428-F429-F430-F431-F432-F433-F434-F435-F436-F437-F438-F439-F440-F441-F442-F443-F444-F445-F446-F447-F448-F449-F450-F451-F452-F453-F454-F455-F456-F457-F458-F459-F460-F461-F462-F463-F464-F465-F466-F467-F468-F469-F470-F471-F472-F473-F474-F475-F476-F477-F478-F479-F480-F481-F482-F483-F484-F485-F486-F487-F488-F489-F490-F491-F492-F493-F494-F495-F496-T505-F508-F509-F510-F512

## Summary

Number of input bits: 512  
Number of free input bits: 11  
Number of output bits: 160

Number of direct occurrences: 45774  
Number of assignments: 31535  
Number of operations: 11649659
(xor: 11620661,
and: 15620,
or: 13378)

Total complexity: 1.7138249981013908 × 10^305

Least occurring input variable: iv_502 (3974)  
Most occurring input variable: iv_511 (4366)

Most co-occurring input variables: iv_506-iv_511 (2126)  
Least co-occurring input variables: iv_499-iv_502 (1791)

Potentially most occurring input variable: iv_497/iv_511 (4553)  
Potentially least occurring input variable: iv_498/iv_506 (4207)

Least output occurring input variable: iv_502 (72)  
Most output occurring input variable: iv_497 (88)

Most output co-occurring input variables: iv_499-iv_503 (50)  
Least output co-occurring input variables: iv_504-iv_511 (32)

Potentially most output occurring input variable: iv_504/iv_511 (96)  
Potentially least output occurring input variable: iv_497/iv_504 (68)

Least complex input bit: iv_511 (1.0624554164121485 × 10^300)  
Most complex input bit: iv_504 (4.858298212829704 × 10^304)

Least complex output bit: aaa_76_29 (9.53229493745995 × 10^279)  
Most complex output bit: ov_001 (2.6792328543952054 × 10^304)

Least complex input/output complexity: iv_511/aaa_76_29 (5.909377210836579 × 10^274)  
Most complex input/output complexity: iv_504/ov_001 (7.595006609591275 × 10^303)

## Input Bits

### Input Bits in Regular Order

| Input Bit | Complexity | Occurrences | Output Occurrences |
|:---------:|:----------:|:-----------:|:------------------:|
| iv_497 | 1.655458444547248 × 10^303 | 4199 | 88 |
| iv_498 | 3.313956037144065 × 10^303 | 4003 | 80 |
| iv_499 | 5.85709028706213 × 10^303 | 4010 | 87 |
| iv_500 | 9.875937608495685 × 10^303 | 4010 | 80 |
| iv_501 | 1.6248701118525435 × 10^304 | 4252 | 80 |
| iv_502 | 2.6232322477943204 × 10^304 | 3974 | 72 |
| iv_503 | 4.158144715905545 × 10^304 | 4308 | 87 |
| iv_504 | 4.858298212829704 × 10^304 | 4064 | 80 |
| iv_506 | 7.720221215259557 × 10^303 | 4248 | 86 |
| iv_507 | 1.0313320878393351 × 10^304 | 4340 | 85 |
| iv_511 | 1.0624554164121485 × 10^300 | 4366 | 80 |

### Input Bits Sorted by Complexity

| Input Bit | Complexity | Occurrences | Output Occurrences |
|:---------:|:----------:|:-----------:|:------------------:|
| iv_511 | 1.0624554164121485 × 10^300 | 4366 | 80 |
| iv_497 | 1.655458444547248 × 10^303 | 4199 | 88 |
| iv_498 | 3.313956037144065 × 10^303 | 4003 | 80 |
| iv_499 | 5.85709028706213 × 10^303 | 4010 | 87 |
| iv_506 | 7.720221215259557 × 10^303 | 4248 | 86 |
| iv_500 | 9.875937608495685 × 10^303 | 4010 | 80 |
| iv_507 | 1.0313320878393351 × 10^304 | 4340 | 85 |
| iv_501 | 1.6248701118525435 × 10^304 | 4252 | 80 |
| iv_502 | 2.6232322477943204 × 10^304 | 3974 | 72 |
| iv_503 | 4.158144715905545 × 10^304 | 4308 | 87 |
| iv_504 | 4.858298212829704 × 10^304 | 4064 | 80 |

### Input Bits Sorted by Occurrences

| Input Bit | Complexity | Occurrences | Output Occurrences |
|:---------:|:----------:|:-----------:|:------------------:|
| iv_502 | 2.6232322477943204 × 10^304 | 3974 | 72 |
| iv_498 | 3.313956037144065 × 10^303 | 4003 | 80 |
| iv_500 | 9.875937608495685 × 10^303 | 4010 | 80 |
| iv_499 | 5.85709028706213 × 10^303 | 4010 | 87 |
| iv_504 | 4.858298212829704 × 10^304 | 4064 | 80 |
| iv_497 | 1.655458444547248 × 10^303 | 4199 | 88 |
| iv_506 | 7.720221215259557 × 10^303 | 4248 | 86 |
| iv_501 | 1.6248701118525435 × 10^304 | 4252 | 80 |
| iv_503 | 4.158144715905545 × 10^304 | 4308 | 87 |
| iv_507 | 1.0313320878393351 × 10^304 | 4340 | 85 |
| iv_511 | 1.0624554164121485 × 10^300 | 4366 | 80 |

### Input Bits Sorted by Output Occurrences

| Input Bit | Complexity | Occurrences | Output Occurrences |
|:---------:|:----------:|:-----------:|:------------------:|
| iv_502 | 2.6232322477943204 × 10^304 | 3974 | 72 |
| iv_498 | 3.313956037144065 × 10^303 | 4003 | 80 |
| iv_500 | 9.875937608495685 × 10^303 | 4010 | 80 |
| iv_501 | 1.6248701118525435 × 10^304 | 4252 | 80 |
| iv_504 | 4.858298212829704 × 10^304 | 4064 | 80 |
| iv_511 | 1.0624554164121485 × 10^300 | 4366 | 80 |
| iv_507 | 1.0313320878393351 × 10^304 | 4340 | 85 |
| iv_506 | 7.720221215259557 × 10^303 | 4248 | 86 |
| iv_499 | 5.85709028706213 × 10^303 | 4010 | 87 |
| iv_503 | 4.158144715905545 × 10^304 | 4308 | 87 |
| iv_497 | 1.655458444547248 × 10^303 | 4199 | 88 |

## Input Bit Co-occurrences

### Input Bit Co-occurrences Sorted by Co-occurrences

| Input Bits | Co-occurrences | Potential Occurrences | Output Co-occurrences | Potential Output Occurrences |
|:----------:|:--------------:|:---------------------:|:---------------------:|:----------------------------:|
| iv_506-iv_511 | 2126 | 4362 | 44 | 78 |
| iv_501-iv_507 | 2108 | 4376 | 37 | 91 |
| iv_507-iv_511 | 2104 | 4498 | 44 | 77 |
| iv_501-iv_511 | 2100 | 4418 | 38 | 84 |
| iv_497-iv_507 | 2094 | 4351 | 46 | 81 |
| iv_501-iv_503 | 2074 | 4412 | 42 | 83 |
| iv_503-iv_507 | 2065 | 4518 | 43 | 86 |
| iv_503-iv_511 | 2064 | 4546 | 49 | 69 |
| iv_503-iv_506 | 2057 | 4442 | 48 | 77 |
| iv_506-iv_507 | 2046 | 4496 | 40 | 91 |
| iv_497-iv_501 | 2046 | 4359 | 42 | 84 |

### Input Bit Co-occurrences Sorted by Potential Occurrences

| Input Bits | Co-occurrences | Potential Occurrences | Output Co-occurrences | Potential Output Occurrences |
|:----------:|:--------------:|:---------------------:|:---------------------:|:----------------------------:|
| iv_498-iv_506 | 2022 | 4207 | 39 | 88 |
| iv_497-iv_500 | 1978 | 4253 | 46 | 76 |
| iv_502-iv_504 | 1888 | 4262 | 39 | 74 |
| iv_501-iv_504 | 2020 | 4276 | 37 | 86 |
| iv_499-iv_504 | 1898 | 4278 | 42 | 83 |
| iv_504-iv_506 | 2016 | 4280 | 44 | 78 |
| iv_502-iv_506 | 1970 | 4282 | 38 | 82 |
| iv_499-iv_501 | 1982 | 4298 | 43 | 81 |
| iv_497-iv_498 | 1951 | 4300 | 49 | 70 |
| iv_498-iv_504 | 1881 | 4305 | 40 | 80 |
| iv_500-iv_506 | 1975 | 4308 | 40 | 86 |

### Input Bit Output Co-occurrences Sorted by Output Co-occurrences

| Input Bits | Co-occurrences | Potential Occurrences | Output Co-occurrences | Potential Output Occurrences |
|:----------:|:--------------:|:---------------------:|:---------------------:|:----------------------------:|
| iv_497-iv_504 | 1966 | 4331 | 50 | 68 |
| iv_499-iv_503 | 1946 | 4426 | 50 | 74 |
| iv_497-iv_498 | 1951 | 4300 | 49 | 70 |
| iv_497-iv_503 | 2015 | 4477 | 49 | 77 |
| iv_503-iv_511 | 2064 | 4546 | 49 | 69 |
| iv_499-iv_506 | 1925 | 4408 | 48 | 77 |
| iv_497-iv_511 | 2006 | 4553 | 48 | 72 |
| iv_503-iv_506 | 2057 | 4442 | 48 | 77 |
| iv_497-iv_506 | 1991 | 4465 | 47 | 80 |
| iv_498-iv_503 | 1995 | 4321 | 47 | 73 |
| iv_497-iv_500 | 1978 | 4253 | 46 | 76 |

### Input Bit Output Co-occurrences Sorted by Potential Output Occurrences

| Input Bits | Co-occurrences | Potential Occurrences | Output Co-occurrences | Potential Output Occurrences |
|:----------:|:--------------:|:---------------------:|:---------------------:|:----------------------------:|
| iv_497-iv_504 | 1966 | 4331 | 50 | 68 |
| iv_503-iv_511 | 2064 | 4546 | 49 | 69 |
| iv_497-iv_498 | 1951 | 4300 | 49 | 70 |
| iv_497-iv_511 | 2006 | 4553 | 48 | 72 |
| iv_498-iv_503 | 1995 | 4321 | 47 | 73 |
| iv_501-iv_502 | 1925 | 4376 | 39 | 74 |
| iv_502-iv_504 | 1888 | 4262 | 39 | 74 |
| iv_499-iv_503 | 1946 | 4426 | 50 | 74 |
| iv_502-iv_507 | 1921 | 4472 | 41 | 75 |
| iv_503-iv_504 | 1928 | 4516 | 46 | 75 |
| iv_498-iv_499 | 1812 | 4389 | 46 | 75 |

## Output Bits

### Output Bits in Regular Order

| Rank | Output Bit | Complexity |
|:----:|:----------:|:----------:|
| 1 | ov_001 | 2.6792328543952054 × 10^304 |
| 2 | ov_002 | 2.331386898328713 × 10^304 |
| 3 | ov_003 | 2.0190956308305351 × 10^304 |
| 4 | ov_004 | 1.7396938882470425 × 10^304 |
| 5 | ov_005 | 1.4906625063639193 × 10^304 |
| 6 | ov_006 | 1.269617857850097 × 10^304 |
| 7 | ov_007 | 1.0743027459857684 × 10^304 |
| 8 | ov_008 | 9.025785722581993 × 10^303 |
| 9 | ov_009 | 7.524186754911905 × 10^303 |
| 10 | ov_010 | 6.2190272144330435 × 10^303 |
| 11 | ov_011 | 5.092120204519315 × 10^303 |
| 12 | ov_012 | 4.126256577230128 × 10^303 |
| 13 | ov_013 | 3.3051732775002544 × 10^303 |
| 14 | ov_014 | 2.613527711216634 × 10^303 |
| 15 | ov_015 | 2.036877186709943 × 10^303 |
| 16 | ov_016 | 1.5616625925441922 × 10^303 |
| 17 | ov_017 | 1.1751956344276544 × 10^303 |
| 18 | ov_018 | 8.656490195989301 × 10^302 |
| 19 | ov_019 | 6.220489830896899 × 10^302 |
| 20 | ov_020 | 4.342696687941585 × 10^302 |
| 21 | ov_021 | 2.930290315662602 × 10^302 |
| 22 | ov_022 | 1.8988597532141891 × 10^302 |
| 23 | ov_023 | 1.172384293176945 × 10^302 |
| 24 | ov_024 | 6.832209726853199 × 10^301 |
| 25 | ov_025 | 3.720969170292833 × 10^301 |
| 26 | ov_026 | 1.8810514418996652 × 10^301 |
| 27 | ov_027 | 8.870259010897569 × 10^300 |
| 28 | ov_028 | 3.970932975668636 × 10^300 |
| 29 | ov_029 | 1.5308326308497127 × 10^300 |
| 30 | ov_030 | 4.681770373842555 × 10^299 |
| 31 | ov_031 | 9.134480359727678 × 10^298 |
| 32 | lv_80_m31 | 1.7815567532839068 × 10^298 |
| 33 | ov_033 | 2.136862235990535 × 10^299 |
| 34 | ov_034 | 1.8570501693569005 × 10^299 |
| 35 | ov_035 | 1.6060908456797588 × 10^299 |
| 36 | ov_036 | 1.3814139545667832 × 10^299 |
| 37 | ov_037 | 1.1805886199555616 × 10^299 |
| 38 | ov_038 | 1.0024329446145028 × 10^299 |
| 39 | ov_039 | 8.447666887152283 × 10^298 |
| 40 | ov_040 | 7.055233293161339 × 10^298 |
| 41 | ov_041 | 5.83697188142182 × 10^298 |
| 42 | ov_042 | 4.783348792985818 × 10^298 |
| 43 | ov_043 | 3.885328910298621 × 10^298 |
| 44 | ov_044 | 3.1262612325361684 × 10^298 |
| 45 | ov_045 | 2.4904053439260567 × 10^298 |
| 46 | ov_046 | 1.9629071581509977 × 10^298 |
| 47 | ov_047 | 1.529779632250664 × 10^298 |
| 48 | ov_048 | 1.1778876871546243 × 10^298 |
| 49 | ov_049 | 8.949366293110696 × 10^297 |
| 50 | ov_050 | 6.694634249376321 × 10^297 |
| 51 | ov_051 | 4.908302352681321 × 10^297 |
| 52 | ov_052 | 3.539237552900594 × 10^297 |
| 53 | ov_053 | 2.4974377524668873 × 10^297 |
| 54 | ov_054 | 1.701049970606007 × 10^297 |
| 55 | ov_055 | 1.111182813392973 × 10^297 |
| 56 | ov_056 | 6.930097755922421 × 10^296 |
| 57 | ov_057 | 4.157660814845006 × 10^296 |
| 58 | ov_058 | 2.3010101800678192 × 10^296 |
| 59 | ov_059 | 1.1336872201960598 × 10^296 |
| 60 | ov_060 | 4.698189047219939 × 10^295 |
| 61 | ov_061 | 1.6411626356645275 × 10^295 |
| 62 | ov_062 | 4.5021368794935085 × 10^294 |
| 63 | ov_063 | 8.77506606528785 × 10^293 |
| 64 | lv_79_m31 | 1.70994327075433 × 10^293 |
| 65 | ov_065 | 2.0398395075438617 × 10^294 |
| 66 | ov_066 | 2.0398341648566072 × 10^294 |
| 67 | ov_067 | 2.0398328974493363 × 10^294 |
| 68 | ov_068 | 1.7667434255212393 × 10^294 |
| 69 | ov_069 | 1.5222633699476435 × 10^294 |
| 70 | ov_070 | 1.304270109946021 × 10^294 |
| 71 | ov_071 | 1.1107408118698744 × 10^294 |
| 72 | ov_072 | 9.397464847418578 × 10^293 |
| 73 | ov_073 | 7.8944732114971 × 10^293 |
| 74 | ov_074 | 6.580890947207789 × 10^293 |
| 75 | ov_075 | 5.4400039748655374 × 10^293 |
| 76 | ov_076 | 4.455905120841303 × 10^293 |
| 77 | ov_077 | 3.6134772499911864 × 10^293 |
| 78 | ov_078 | 2.8983791755249604 × 10^293 |
| 79 | ov_079 | 2.297033393941791 × 10^293 |
| 80 | ov_080 | 1.7966153328628411 × 10^293 |
| 81 | ov_081 | 1.3850440092189863 × 10^293 |
| 82 | ov_082 | 1.050973996103405 × 10^293 |
| 83 | ov_083 | 7.837885972260372 × 10^292 |
| 84 | ov_084 | 5.735941283570634 × 10^292 |
| 85 | ov_085 | 4.112152054563253 × 10^292 |
| 86 | ov_086 | 2.881909393885487 × 10^292 |
| 87 | ov_087 | 1.9677193725203858 × 10^292 |
| 88 | ov_088 | 1.299180104264066 × 10^292 |
| 89 | ov_089 | 8.129648949002962 × 10^291 |
| 90 | ov_090 | 4.791774370603788 × 10^291 |
| 91 | ov_091 | 2.7145075550298363 × 10^291 |
| 92 | ov_092 | 1.4762834927999865 × 10^291 |
| 93 | ov_093 | 7.260231266477261 × 10^290 |
| 94 | ov_094 | 3.0580637048571473 × 10^290 |
| 95 | aaa_78_28 | 9.294868209230294 × 10^289 |
| 96 | aaa_78_29 | 2.7842079085664746 × 10^289 |
| 97 | ov_097 | 1.449858654652718 × 10^289 |
| 98 | ov_098 | 1.4498421867268402 × 10^289 |
| 99 | ov_099 | 1.449836927485183 × 10^289 |
| 100 | ov_100 | 1.1911817223673986 × 10^289 |
| 101 | ov_101 | 9.713932821666724 × 10^288 |
| 102 | ov_102 | 7.863999085246045 × 10^288 |
| 103 | ov_103 | 6.323533645596748 × 10^288 |
| 104 | ov_104 | 5.056126374087449 × 10^288 |
| 105 | ov_105 | 4.0272981628371756 × 10^288 |
| 106 | ov_106 | 3.204378917051107 × 10^288 |
| 107 | ov_107 | 2.5564029165284 × 10^288 |
| 108 | ov_108 | 2.0540198008740656 × 10^288 |
| 109 | ov_109 | 1.669419527127393 × 10^288 |
| 110 | ov_110 | 1.3762697403603646 × 10^288 |
| 111 | ov_111 | 1.1496640878228876 × 10^288 |
| 112 | ov_112 | 9.660800958559329 × 10^287 |
| 113 | ov_113 | 8.033453164199254 × 10^287 |
| 114 | ov_114 | 6.601573606157295 × 10^287 |
| 115 | ov_115 | 5.3522977645318785 × 10^287 |
| 116 | ov_116 | 4.272880871115016 × 10^287 |
| 117 | ov_117 | 3.350666914586139 × 10^287 |
| 118 | ov_118 | 2.5730646017628807 × 10^287 |
| 119 | ov_119 | 1.9275279054211108 × 10^287 |
| 120 | ov_120 | 1.401540450168378 × 10^287 |
| 121 | ov_121 | 9.826043948811088 × 10^286 |
| 122 | ov_122 | 6.582332771959981 × 10^286 |
| 123 | ov_123 | 4.159473062879236 × 10^286 |
| 124 | ov_124 | 2.432701867094224 × 10^286 |
| 125 | ov_125 | 1.2772715008978728 × 10^286 |
| 126 | ov_126 | 5.684395074347399 × 10^285 |
| 127 | aaa_77_28 | 1.8146479971988978 × 10^285 |
| 128 | aaa_77_29 | 6.800227572745541 × 10^284 |
| 129 | ov_129 | 6.294773021930119 × 10^284 |
| 130 | ov_130 | 6.2947544546023054 × 10^284 |
| 131 | ov_131 | 6.2947499648390765 × 10^284 |
| 132 | ov_132 | 5.455406611230801 × 10^284 |
| 133 | ov_133 | 4.704098446059277 × 10^284 |
| 134 | ov_134 | 4.034137149726063 × 10^284 |
| 135 | ov_135 | 3.439192893466164 × 10^284 |
| 136 | ov_136 | 2.9132687277272746 × 10^284 |
| 137 | ov_137 | 2.450678514279232 × 10^284 |
| 138 | ov_138 | 2.046028063820366 × 10^284 |
| 139 | ov_139 | 1.6941991581497505 × 10^284 |
| 140 | ov_140 | 1.3903361527777404 × 10^284 |
| 141 | ov_141 | 1.129834872261134 × 10^284 |
| 142 | ov_142 | 9.083335266649154 × 10^283 |
| 143 | ov_143 | 7.217053934442163 × 10^283 |
| 144 | ov_144 | 5.660530247679565 × 10^283 |
| 145 | ov_145 | 4.37703755917163 × 10^283 |
| 146 | ov_146 | 3.3320630592243433 × 10^283 |
| 147 | ov_147 | 2.49328277082749 × 10^283 |
| 148 | ov_148 | 1.8305437545026463 × 10^283 |
| 149 | ov_149 | 1.3158518978557212 × 10^283 |
| 150 | ov_150 | 9.233638189324987 × 10^282 |
| 151 | ov_151 | 6.293816295092826 × 10^282 |
| 152 | ov_152 | 4.123496379539486 × 10^282 |
| 153 | ov_153 | 2.5285237591227274 × 10^282 |
| 154 | ov_154 | 1.417169853329259 × 10^282 |
| 155 | ov_155 | 7.08399610928203 × 10^281 |
| 156 | aaa_76_25 | 2.722156791472734 × 10^281 |
| 157 | aaa_76_26 | 1.5721168783302454 × 10^281 |
| 158 | aaa_76_27 | 8.048282329077748 × 10^280 |
| 159 | aaa_76_28 | 3.1340006219606544 × 10^280 |
| 160 | aaa_76_29 | 9.53229493745995 × 10^279 |

### Output Bits Sorted by Complexity

| Rank | Output Bit | Complexity |
|:----:|:----------:|:----------:|
| 160 | aaa_76_29 | 9.53229493745995 × 10^279 |
| 159 | aaa_76_28 | 3.1340006219606544 × 10^280 |
| 158 | aaa_76_27 | 8.048282329077748 × 10^280 |
| 157 | aaa_76_26 | 1.5721168783302454 × 10^281 |
| 156 | aaa_76_25 | 2.722156791472734 × 10^281 |
| 155 | ov_155 | 7.08399610928203 × 10^281 |
| 154 | ov_154 | 1.417169853329259 × 10^282 |
| 153 | ov_153 | 2.5285237591227274 × 10^282 |
| 152 | ov_152 | 4.123496379539486 × 10^282 |
| 151 | ov_151 | 6.293816295092826 × 10^282 |
| 150 | ov_150 | 9.233638189324987 × 10^282 |
| 149 | ov_149 | 1.3158518978557212 × 10^283 |
| 148 | ov_148 | 1.8305437545026463 × 10^283 |
| 147 | ov_147 | 2.49328277082749 × 10^283 |
| 146 | ov_146 | 3.3320630592243433 × 10^283 |
| 145 | ov_145 | 4.37703755917163 × 10^283 |
| 144 | ov_144 | 5.660530247679565 × 10^283 |
| 143 | ov_143 | 7.217053934442163 × 10^283 |
| 142 | ov_142 | 9.083335266649154 × 10^283 |
| 141 | ov_141 | 1.129834872261134 × 10^284 |
| 140 | ov_140 | 1.3903361527777404 × 10^284 |
| 139 | ov_139 | 1.6941991581497505 × 10^284 |
| 138 | ov_138 | 2.046028063820366 × 10^284 |
| 137 | ov_137 | 2.450678514279232 × 10^284 |
| 136 | ov_136 | 2.9132687277272746 × 10^284 |
| 135 | ov_135 | 3.439192893466164 × 10^284 |
| 134 | ov_134 | 4.034137149726063 × 10^284 |
| 133 | ov_133 | 4.704098446059277 × 10^284 |
| 132 | ov_132 | 5.455406611230801 × 10^284 |
| 131 | ov_131 | 6.2947499648390765 × 10^284 |
| 130 | ov_130 | 6.2947544546023054 × 10^284 |
| 129 | ov_129 | 6.294773021930119 × 10^284 |
| 128 | aaa_77_29 | 6.800227572745541 × 10^284 |
| 127 | aaa_77_28 | 1.8146479971988978 × 10^285 |
| 126 | ov_126 | 5.684395074347399 × 10^285 |
| 125 | ov_125 | 1.2772715008978728 × 10^286 |
| 124 | ov_124 | 2.432701867094224 × 10^286 |
| 123 | ov_123 | 4.159473062879236 × 10^286 |
| 122 | ov_122 | 6.582332771959981 × 10^286 |
| 121 | ov_121 | 9.826043948811088 × 10^286 |
| 120 | ov_120 | 1.401540450168378 × 10^287 |
| 119 | ov_119 | 1.9275279054211108 × 10^287 |
| 118 | ov_118 | 2.5730646017628807 × 10^287 |
| 117 | ov_117 | 3.350666914586139 × 10^287 |
| 116 | ov_116 | 4.272880871115016 × 10^287 |
| 115 | ov_115 | 5.3522977645318785 × 10^287 |
| 114 | ov_114 | 6.601573606157295 × 10^287 |
| 113 | ov_113 | 8.033453164199254 × 10^287 |
| 112 | ov_112 | 9.660800958559329 × 10^287 |
| 111 | ov_111 | 1.1496640878228876 × 10^288 |
| 110 | ov_110 | 1.3762697403603646 × 10^288 |
| 109 | ov_109 | 1.669419527127393 × 10^288 |
| 108 | ov_108 | 2.0540198008740656 × 10^288 |
| 107 | ov_107 | 2.5564029165284 × 10^288 |
| 106 | ov_106 | 3.204378917051107 × 10^288 |
| 105 | ov_105 | 4.0272981628371756 × 10^288 |
| 104 | ov_104 | 5.056126374087449 × 10^288 |
| 103 | ov_103 | 6.323533645596748 × 10^288 |
| 102 | ov_102 | 7.863999085246045 × 10^288 |
| 101 | ov_101 | 9.713932821666724 × 10^288 |
| 100 | ov_100 | 1.1911817223673986 × 10^289 |
| 99 | ov_099 | 1.449836927485183 × 10^289 |
| 98 | ov_098 | 1.4498421867268402 × 10^289 |
| 97 | ov_097 | 1.449858654652718 × 10^289 |
| 96 | aaa_78_29 | 2.7842079085664746 × 10^289 |
| 95 | aaa_78_28 | 9.294868209230294 × 10^289 |
| 94 | ov_094 | 3.0580637048571473 × 10^290 |
| 93 | ov_093 | 7.260231266477261 × 10^290 |
| 92 | ov_092 | 1.4762834927999865 × 10^291 |
| 91 | ov_091 | 2.7145075550298363 × 10^291 |
| 90 | ov_090 | 4.791774370603788 × 10^291 |
| 89 | ov_089 | 8.129648949002962 × 10^291 |
| 88 | ov_088 | 1.299180104264066 × 10^292 |
| 87 | ov_087 | 1.9677193725203858 × 10^292 |
| 86 | ov_086 | 2.881909393885487 × 10^292 |
| 85 | ov_085 | 4.112152054563253 × 10^292 |
| 84 | ov_084 | 5.735941283570634 × 10^292 |
| 83 | ov_083 | 7.837885972260372 × 10^292 |
| 82 | ov_082 | 1.050973996103405 × 10^293 |
| 81 | ov_081 | 1.3850440092189863 × 10^293 |
| 64 | lv_79_m31 | 1.70994327075433 × 10^293 |
| 80 | ov_080 | 1.7966153328628411 × 10^293 |
| 79 | ov_079 | 2.297033393941791 × 10^293 |
| 78 | ov_078 | 2.8983791755249604 × 10^293 |
| 77 | ov_077 | 3.6134772499911864 × 10^293 |
| 76 | ov_076 | 4.455905120841303 × 10^293 |
| 75 | ov_075 | 5.4400039748655374 × 10^293 |
| 74 | ov_074 | 6.580890947207789 × 10^293 |
| 73 | ov_073 | 7.8944732114971 × 10^293 |
| 63 | ov_063 | 8.77506606528785 × 10^293 |
| 72 | ov_072 | 9.397464847418578 × 10^293 |
| 71 | ov_071 | 1.1107408118698744 × 10^294 |
| 70 | ov_070 | 1.304270109946021 × 10^294 |
| 69 | ov_069 | 1.5222633699476435 × 10^294 |
| 68 | ov_068 | 1.7667434255212393 × 10^294 |
| 67 | ov_067 | 2.0398328974493363 × 10^294 |
| 66 | ov_066 | 2.0398341648566072 × 10^294 |
| 65 | ov_065 | 2.0398395075438617 × 10^294 |
| 62 | ov_062 | 4.5021368794935085 × 10^294 |
| 61 | ov_061 | 1.6411626356645275 × 10^295 |
| 60 | ov_060 | 4.698189047219939 × 10^295 |
| 59 | ov_059 | 1.1336872201960598 × 10^296 |
| 58 | ov_058 | 2.3010101800678192 × 10^296 |
| 57 | ov_057 | 4.157660814845006 × 10^296 |
| 56 | ov_056 | 6.930097755922421 × 10^296 |
| 55 | ov_055 | 1.111182813392973 × 10^297 |
| 54 | ov_054 | 1.701049970606007 × 10^297 |
| 53 | ov_053 | 2.4974377524668873 × 10^297 |
| 52 | ov_052 | 3.539237552900594 × 10^297 |
| 51 | ov_051 | 4.908302352681321 × 10^297 |
| 50 | ov_050 | 6.694634249376321 × 10^297 |
| 49 | ov_049 | 8.949366293110696 × 10^297 |
| 48 | ov_048 | 1.1778876871546243 × 10^298 |
| 47 | ov_047 | 1.529779632250664 × 10^298 |
| 32 | lv_80_m31 | 1.7815567532839068 × 10^298 |
| 46 | ov_046 | 1.9629071581509977 × 10^298 |
| 45 | ov_045 | 2.4904053439260567 × 10^298 |
| 44 | ov_044 | 3.1262612325361684 × 10^298 |
| 43 | ov_043 | 3.885328910298621 × 10^298 |
| 42 | ov_042 | 4.783348792985818 × 10^298 |
| 41 | ov_041 | 5.83697188142182 × 10^298 |
| 40 | ov_040 | 7.055233293161339 × 10^298 |
| 39 | ov_039 | 8.447666887152283 × 10^298 |
| 31 | ov_031 | 9.134480359727678 × 10^298 |
| 38 | ov_038 | 1.0024329446145028 × 10^299 |
| 37 | ov_037 | 1.1805886199555616 × 10^299 |
| 36 | ov_036 | 1.3814139545667832 × 10^299 |
| 35 | ov_035 | 1.6060908456797588 × 10^299 |
| 34 | ov_034 | 1.8570501693569005 × 10^299 |
| 33 | ov_033 | 2.136862235990535 × 10^299 |
| 30 | ov_030 | 4.681770373842555 × 10^299 |
| 29 | ov_029 | 1.5308326308497127 × 10^300 |
| 28 | ov_028 | 3.970932975668636 × 10^300 |
| 27 | ov_027 | 8.870259010897569 × 10^300 |
| 26 | ov_026 | 1.8810514418996652 × 10^301 |
| 25 | ov_025 | 3.720969170292833 × 10^301 |
| 24 | ov_024 | 6.832209726853199 × 10^301 |
| 23 | ov_023 | 1.172384293176945 × 10^302 |
| 22 | ov_022 | 1.8988597532141891 × 10^302 |
| 21 | ov_021 | 2.930290315662602 × 10^302 |
| 20 | ov_020 | 4.342696687941585 × 10^302 |
| 19 | ov_019 | 6.220489830896899 × 10^302 |
| 18 | ov_018 | 8.656490195989301 × 10^302 |
| 17 | ov_017 | 1.1751956344276544 × 10^303 |
| 16 | ov_016 | 1.5616625925441922 × 10^303 |
| 15 | ov_015 | 2.036877186709943 × 10^303 |
| 14 | ov_014 | 2.613527711216634 × 10^303 |
| 13 | ov_013 | 3.3051732775002544 × 10^303 |
| 12 | ov_012 | 4.126256577230128 × 10^303 |
| 11 | ov_011 | 5.092120204519315 × 10^303 |
| 10 | ov_010 | 6.2190272144330435 × 10^303 |
| 9 | ov_009 | 7.524186754911905 × 10^303 |
| 8 | ov_008 | 9.025785722581993 × 10^303 |
| 7 | ov_007 | 1.0743027459857684 × 10^304 |
| 6 | ov_006 | 1.269617857850097 × 10^304 |
| 5 | ov_005 | 1.4906625063639193 × 10^304 |
| 4 | ov_004 | 1.7396938882470425 × 10^304 |
| 3 | ov_003 | 2.0190956308305351 × 10^304 |
| 2 | ov_002 | 2.331386898328713 × 10^304 |
| 1 | ov_001 | 2.6792328543952054 × 10^304 |

