# Results for E004005-F013-F014-F015-F016-F017-F018-F019-F020-F021-F022-F023-F024-F025-F026-F027-F028-F029-F030-F031-F032-F033-F034-F035-F036-F037-F038-F039-F040-F041-F042-F043-F044-F045-F046-F047-F048-F049-F050-F051-F052-F053-F054-F055-F056-F057-F058-F059-F060-F061-F062-F063-F064-F065-F066-F067-F068-F069-F070-F071-F072-F073-F074-F075-F076-F077-F078-F079-F080-F081-F082-F083-F084-F085-F086-F087-F088-F089-F090-F091-F092-F093-F094-F095-F096-F097-F098-F099-F100-F101-F102-F103-F104-F105-F106-F107-F108-F109-F110-F111-F112-F113-F114-F115-F116-F117-F118-F119-F120-F121-F122-F123-F124-F125-F126-F127-F128-F129-F130-F131-F132-F133-F134-F135-F136-F137-F138-F139-F140-F141-F142-F143-F144-F145-F146-F147-F148-F149-F150-F151-F152-F153-F154-F155-F156-F157-F158-F159-F160-F161-F162-F163-F164-F165-F166-F167-F168-F169-F170-F171-F172-F173-F174-F175-F176-F177-F178-F179-F180-F181-F182-F183-F184-F185-F186-F187-F188-F189-F190-F191-F192-F193-F194-F195-F196-F197-F198-F199-F200-F201-F202-F203-F204-F205-F206-F207-F208-F209-F210-F211-F212-F213-F214-F215-F216-F217-F218-F219-F220-F221-F222-F223-F224-F225-F226-F227-F228-F229-F230-F231-F232-F233-F234-F235-F236-F237-F238-F239-F240-F241-F242-F243-F244-F245-F246-F247-F248-F249-F250-F251-F252-F253-F254-F255-F256-F257-F258-F259-F260-F261-F262-F263-F264-F265-F266-F267-F268-F269-F270-F271-F272-F273-F274-F275-F276-F277-F278-F279-F280-F281-F282-F283-F284-F285-F286-F287-F288-F289-F290-F291-F292-F293-F294-F295-F296-F297-F298-F299-F300-F301-F302-F303-F304-F305-F306-F307-F308-F309-F310-F311-F312-F313-F314-F315-F316-F317-F318-F319-F320-F321-F322-F323-F324-F325-F326-F327-F328-F329-F330-F331-F332-F333-F334-F335-F336-F337-F338-F339-F340-F341-F342-F343-F344-F345-F346-F347-F348-F349-F350-F351-F352-F353-F354-F355-F356-F357-F358-F359-F360-F361-F362-F363-F364-F365-F366-F367-F368-F369-F370-F371-F372-F373-F374-F375-F376-F377-F378-F379-F380-F381-F382-F383-F384-F385-F386-F387-F388-F389-F390-F391-F392-F393-F394-F395-F396-F397-F398-F399-F400-F401-F402-F403-F404-F405-F406-F407-F408-F409-F410-F411-F412-F413-F414-F415-F416-F417-F418-F419-F420-F421-F422-F423-F424-F425-F426-F427-F428-F429-F430-F431-F432-F433-F434-F435-F436-F437-F438-F439-F440-F441-F442-F443-F444-F445-F446-F447-F448-F449-F450-F451-F452-F453-F454-F455-F456-F457-F458-F459-F460-F461-F462-F463-F464-F465-F466-F467-F468-F469-F470-F471-F472-F473-F474-F475-F476-F477-F478-F479-F480-F481-F482-F483-F484-F485-F486-F487-F488-F489-F490-F491-F492-F493-F494-F495-F496-F497-F498-F499-F500-F501-F502-F503-F504-F505-F506-F507-F508-F509-F510-F511-F512

## Summary

Number of input bits: 512  
Number of free input bits: 11  
Number of output bits: 160

Number of direct occurrences: 50354  
Number of assignments: 38323  
Number of operations: 18848910
(xor: 18809755,
and: 22962,
or: 16193)

Total complexity: 1.8698379582361114 × 10^353

Least occurring input variable: iv_007 (4326)  
Most occurring input variable: iv_012 (4785)

Most co-occurring input variables: iv_011-iv_012 (2350)  
Least co-occurring input variables: iv_007-iv_011 (1936)

Potentially most occurring input variable: iv_008/iv_011 (5178)  
Potentially least occurring input variable: iv_008/iv_009 (4521)

Least output occurring input variable: iv_011 (63)  
Most output occurring input variable: iv_012 (87)

Most output co-occurring input variables: iv_003-iv_006 (50)  
Least output co-occurring input variables: iv_001-iv_011 (28)

Potentially most output occurring input variable: iv_003/iv_008 (98)  
Potentially least output occurring input variable: iv_009/iv_012 (65)

Least complex input bit: iv_001 (2.4096927765813933 × 10^350)  
Most complex input bit: iv_012 (3.104367488351342 × 10^352)

Least complex output bit: aaa_76_29 (5.4080075205053385 × 10^328)  
Most complex output bit: ov_001 (2.8492443751274333 × 10^352)

Least complex input/output complexity: iv_001/aaa_76_29 (6.969393577908109 × 10^325)  
Most complex input/output complexity: iv_012/ov_001 (4.730410763966655 × 10^351)

Input variable with highest collision probability: iv_007 (½^160.00000000000063)

## Input Bits

### Input Bits in Regular Order

| Input Bit | Complexity | Occurrences | Output Occurrences | Collision Probability |
|:---------:|:----------:|:-----------:|:------------------:|:---------------------:|
| iv_001 | 2.4096927765813933 × 10^350 | 4575 | 75 | ½^160.00000000000074 |
| iv_002 | 1.0311604341560454 × 10^351 | 4618 | 85 | ½^160.00000000000085 |
| iv_003 | 2.9151852991712096 × 10^351 | 4670 | 87 | ½^160.0000000000008 |
| iv_004 | 1.256066503449251 × 10^352 | 4434 | 67 | ½^160.00000000000077 |
| iv_006 | 1.32075283635171 × 10^352 | 4599 | 87 | ½^160.0000000000011 |
| iv_007 | 1.7239257648703291 × 10^352 | 4326 | 70 | ½^160.00000000000063 |
| iv_008 | 2.1854160104116403 × 10^352 | 4520 | 81 | ½^160.00000000000065 |
| iv_009 | 2.732073293692805 × 10^352 | 4677 | 74 | ½^160.00000000000065 |
| iv_010 | 2.8855155186983226 × 10^352 | 4488 | 83 | ½^160.00000000000088 |
| iv_011 | 3.07153066543718 × 10^352 | 4662 | 63 | ½^160.00000000000065 |
| iv_012 | 3.104367488351342 × 10^352 | 4785 | 87 | ½^160.00000000000063 |

### Input Bits Sorted by Complexity

| Input Bit | Complexity | Occurrences | Output Occurrences | Collision Probability |
|:---------:|:----------:|:-----------:|:------------------:|:---------------------:|
| iv_001 | 2.4096927765813933 × 10^350 | 4575 | 75 | ½^160.00000000000074 |
| iv_002 | 1.0311604341560454 × 10^351 | 4618 | 85 | ½^160.00000000000085 |
| iv_003 | 2.9151852991712096 × 10^351 | 4670 | 87 | ½^160.0000000000008 |
| iv_004 | 1.256066503449251 × 10^352 | 4434 | 67 | ½^160.00000000000077 |
| iv_006 | 1.32075283635171 × 10^352 | 4599 | 87 | ½^160.0000000000011 |
| iv_007 | 1.7239257648703291 × 10^352 | 4326 | 70 | ½^160.00000000000063 |
| iv_008 | 2.1854160104116403 × 10^352 | 4520 | 81 | ½^160.00000000000065 |
| iv_009 | 2.732073293692805 × 10^352 | 4677 | 74 | ½^160.00000000000065 |
| iv_010 | 2.8855155186983226 × 10^352 | 4488 | 83 | ½^160.00000000000088 |
| iv_011 | 3.07153066543718 × 10^352 | 4662 | 63 | ½^160.00000000000065 |
| iv_012 | 3.104367488351342 × 10^352 | 4785 | 87 | ½^160.00000000000063 |

### Input Bits Sorted by Occurrences

| Input Bit | Complexity | Occurrences | Output Occurrences | Collision Probability |
|:---------:|:----------:|:-----------:|:------------------:|:---------------------:|
| iv_007 | 1.7239257648703291 × 10^352 | 4326 | 70 | ½^160.00000000000063 |
| iv_004 | 1.256066503449251 × 10^352 | 4434 | 67 | ½^160.00000000000077 |
| iv_010 | 2.8855155186983226 × 10^352 | 4488 | 83 | ½^160.00000000000088 |
| iv_008 | 2.1854160104116403 × 10^352 | 4520 | 81 | ½^160.00000000000065 |
| iv_001 | 2.4096927765813933 × 10^350 | 4575 | 75 | ½^160.00000000000074 |
| iv_006 | 1.32075283635171 × 10^352 | 4599 | 87 | ½^160.0000000000011 |
| iv_002 | 1.0311604341560454 × 10^351 | 4618 | 85 | ½^160.00000000000085 |
| iv_011 | 3.07153066543718 × 10^352 | 4662 | 63 | ½^160.00000000000065 |
| iv_003 | 2.9151852991712096 × 10^351 | 4670 | 87 | ½^160.0000000000008 |
| iv_009 | 2.732073293692805 × 10^352 | 4677 | 74 | ½^160.00000000000065 |
| iv_012 | 3.104367488351342 × 10^352 | 4785 | 87 | ½^160.00000000000063 |

### Input Bits Sorted by Output Occurrences

| Input Bit | Complexity | Occurrences | Output Occurrences | Collision Probability |
|:---------:|:----------:|:-----------:|:------------------:|:---------------------:|
| iv_011 | 3.07153066543718 × 10^352 | 4662 | 63 | ½^160.00000000000065 |
| iv_004 | 1.256066503449251 × 10^352 | 4434 | 67 | ½^160.00000000000077 |
| iv_007 | 1.7239257648703291 × 10^352 | 4326 | 70 | ½^160.00000000000063 |
| iv_009 | 2.732073293692805 × 10^352 | 4677 | 74 | ½^160.00000000000065 |
| iv_001 | 2.4096927765813933 × 10^350 | 4575 | 75 | ½^160.00000000000074 |
| iv_008 | 2.1854160104116403 × 10^352 | 4520 | 81 | ½^160.00000000000065 |
| iv_010 | 2.8855155186983226 × 10^352 | 4488 | 83 | ½^160.00000000000088 |
| iv_002 | 1.0311604341560454 × 10^351 | 4618 | 85 | ½^160.00000000000085 |
| iv_006 | 1.32075283635171 × 10^352 | 4599 | 87 | ½^160.0000000000011 |
| iv_003 | 2.9151852991712096 × 10^351 | 4670 | 87 | ½^160.0000000000008 |
| iv_012 | 3.104367488351342 × 10^352 | 4785 | 87 | ½^160.00000000000063 |

### Input Bits Sorted by Collision Probability

| Input Bit | Complexity | Occurrences | Output Occurrences | Collision Probability |
|:---------:|:----------:|:-----------:|:------------------:|:---------------------:|
| iv_007 | 1.7239257648703291 × 10^352 | 4326 | 70 | ½^160.00000000000063 |
| iv_012 | 3.104367488351342 × 10^352 | 4785 | 87 | ½^160.00000000000063 |
| iv_009 | 2.732073293692805 × 10^352 | 4677 | 74 | ½^160.00000000000065 |
| iv_008 | 2.1854160104116403 × 10^352 | 4520 | 81 | ½^160.00000000000065 |
| iv_011 | 3.07153066543718 × 10^352 | 4662 | 63 | ½^160.00000000000065 |
| iv_001 | 2.4096927765813933 × 10^350 | 4575 | 75 | ½^160.00000000000074 |
| iv_004 | 1.256066503449251 × 10^352 | 4434 | 67 | ½^160.00000000000077 |
| iv_003 | 2.9151852991712096 × 10^351 | 4670 | 87 | ½^160.0000000000008 |
| iv_002 | 1.0311604341560454 × 10^351 | 4618 | 85 | ½^160.00000000000085 |
| iv_010 | 2.8855155186983226 × 10^352 | 4488 | 83 | ½^160.00000000000088 |
| iv_006 | 1.32075283635171 × 10^352 | 4599 | 87 | ½^160.0000000000011 |

## Input Bit/Output Bit Collision Probabilities

| Input Bit | Output Bit | Collision Probability |
|:---------:|:----------:|:---------------------:|
| iv_007 | ov_112 | 0.5000000000000022 |
| iv_008 | ov_058 | 0.5000000000000022 |
| iv_007 | aaa_76_25 | 0.500000000000002 |
| iv_007 | aaa_76_28 | 0.500000000000002 |
| iv_008 | ov_025 | 0.500000000000002 |
| iv_001 | ov_151 | 0.5000000000000018 |
| iv_002 | ov_087 | 0.5000000000000018 |
| iv_003 | ov_118 | 0.5000000000000018 |
| iv_004 | ov_034 | 0.5000000000000018 |
| iv_004 | ov_062 | 0.5000000000000018 |
| iv_007 | ov_009 | 0.5000000000000018 |

## Input Bit Co-occurrences

### Input Bit Co-occurrences Sorted by Co-occurrences

| Input Bits | Co-occurrences | Potential Occurrences | Output Co-occurrences | Potential Output Occurrences |
|:----------:|:--------------:|:---------------------:|:---------------------:|:----------------------------:|
| iv_011-iv_012 | 2350 | 4747 | 31 | 88 |
| iv_008-iv_009 | 2338 | 4521 | 34 | 87 |
| iv_002-iv_003 | 2315 | 4658 | 43 | 86 |
| iv_002-iv_012 | 2248 | 4907 | 41 | 90 |
| iv_009-iv_012 | 2245 | 4972 | 48 | 65 |
| iv_001-iv_003 | 2228 | 4789 | 44 | 74 |
| iv_010-iv_012 | 2226 | 4821 | 43 | 84 |
| iv_001-iv_006 | 2223 | 4728 | 47 | 68 |
| iv_001-iv_002 | 2217 | 4759 | 40 | 80 |
| iv_002-iv_006 | 2215 | 4787 | 45 | 82 |
| iv_002-iv_007 | 2199 | 4546 | 43 | 69 |

### Input Bit Co-occurrences Sorted by Potential Occurrences

| Input Bits | Co-occurrences | Potential Occurrences | Output Co-occurrences | Potential Output Occurrences |
|:----------:|:--------------:|:---------------------:|:---------------------:|:----------------------------:|
| iv_008-iv_009 | 2338 | 4521 | 34 | 87 |
| iv_002-iv_007 | 2199 | 4546 | 43 | 69 |
| iv_004-iv_010 | 2139 | 4644 | 33 | 84 |
| iv_002-iv_003 | 2315 | 4658 | 43 | 86 |
| iv_006-iv_007 | 2113 | 4699 | 37 | 83 |
| iv_001-iv_006 | 2223 | 4728 | 47 | 68 |
| iv_001-iv_007 | 2084 | 4733 | 34 | 77 |
| iv_011-iv_012 | 2350 | 4747 | 31 | 88 |
| iv_007-iv_010 | 2028 | 4758 | 32 | 89 |
| iv_001-iv_002 | 2217 | 4759 | 40 | 80 |
| iv_002-iv_006 | 2215 | 4787 | 45 | 82 |

### Input Bit Output Co-occurrences Sorted by Output Co-occurrences

| Input Bits | Co-occurrences | Potential Occurrences | Output Co-occurrences | Potential Output Occurrences |
|:----------:|:--------------:|:---------------------:|:---------------------:|:----------------------------:|
| iv_003-iv_006 | 2178 | 4913 | 50 | 74 |
| iv_006-iv_010 | 2105 | 4877 | 48 | 74 |
| iv_009-iv_012 | 2245 | 4972 | 48 | 65 |
| iv_006-iv_008 | 2084 | 4951 | 47 | 74 |
| iv_003-iv_012 | 2179 | 5097 | 47 | 80 |
| iv_001-iv_006 | 2223 | 4728 | 47 | 68 |
| iv_006-iv_012 | 2163 | 5058 | 47 | 80 |
| iv_008-iv_010 | 2065 | 4878 | 46 | 72 |
| iv_002-iv_010 | 2114 | 4878 | 46 | 76 |
| iv_008-iv_012 | 2085 | 5135 | 46 | 76 |
| iv_002-iv_006 | 2215 | 4787 | 45 | 82 |

### Input Bit Output Co-occurrences Sorted by Potential Output Occurrences

| Input Bits | Co-occurrences | Potential Occurrences | Output Co-occurrences | Potential Output Occurrences |
|:----------:|:--------------:|:---------------------:|:---------------------:|:----------------------------:|
| iv_009-iv_012 | 2245 | 4972 | 48 | 65 |
| iv_001-iv_006 | 2223 | 4728 | 47 | 68 |
| iv_002-iv_007 | 2199 | 4546 | 43 | 69 |
| iv_001-iv_010 | 2109 | 4845 | 44 | 70 |
| iv_002-iv_011 | 2125 | 5030 | 39 | 70 |
| iv_004-iv_009 | 2063 | 4985 | 35 | 71 |
| iv_008-iv_010 | 2065 | 4878 | 46 | 72 |
| iv_002-iv_004 | 2066 | 4920 | 40 | 72 |
| iv_006-iv_009 | 2075 | 5126 | 44 | 73 |
| iv_009-iv_010 | 2176 | 4813 | 42 | 73 |
| iv_006-iv_008 | 2084 | 4951 | 47 | 74 |

## Output Bits

### Output Bits in Regular Order

| Rank | Output Bit | Complexity |
|:----:|:----------:|:----------:|
| 1 | ov_001 | 2.8492443751274333 × 10^352 |
| 2 | ov_002 | 2.4963058549865066 × 10^352 |
| 3 | ov_003 | 2.177763762428241 × 10^352 |
| 4 | ov_004 | 1.8904516584453166 × 10^352 |
| 5 | ov_005 | 1.631383758187946 × 10^352 |
| 6 | ov_006 | 1.3977420281066216 × 10^352 |
| 7 | ov_007 | 1.188157869057048 × 10^352 |
| 8 | ov_008 | 1.001338134027887 × 10^352 |
| 9 | ov_009 | 8.360604016548243 × 10^351 |
| 10 | ov_010 | 6.911688678643036 × 10^351 |
| 11 | ov_011 | 5.655708195016772 × 10^351 |
| 12 | ov_012 | 4.582336486398004 × 10^351 |
| 13 | ov_013 | 3.6726289102296645 × 10^351 |
| 14 | ov_014 | 2.908734664605434 × 10^351 |
| 15 | ov_015 | 2.2738662134465347 × 10^351 |
| 16 | ov_016 | 1.752274790105791 × 10^351 |
| 17 | ov_017 | 1.3292310984109864 × 10^351 |
| 18 | ov_018 | 9.910104024968356 × 10^350 |
| 19 | ov_019 | 7.24881268056407 × 10^350 |
| 20 | ov_020 | 5.190972881275951 × 10^350 |
| 21 | ov_021 | 3.628911964380497 × 10^350 |
| 22 | ov_022 | 2.4647084084345825 × 10^350 |
| 23 | ov_023 | 1.6101655865093453 × 10^350 |
| 24 | ov_024 | 9.867956472589313 × 10^349 |
| 25 | ov_025 | 5.577803662247168 × 10^349 |
| 26 | ov_026 | 2.911497002589191 × 10^349 |
| 27 | ov_027 | 1.375027821148615 × 10^349 |
| 28 | ov_028 | 5.713046069494646 × 10^348 |
| 29 | ov_029 | 2.0015015656004258 × 10^348 |
| 30 | ov_030 | 5.508405996682754 × 10^347 |
| 31 | ov_031 | 1.0776796687980617 × 10^347 |
| 32 | lv_80_m31 | 2.108441747188087 × 10^346 |
| 33 | ov_033 | 2.633866132349938 × 10^347 |
| 34 | ov_034 | 2.3121867357552412 × 10^347 |
| 35 | ov_035 | 2.0226488498954617 × 10^347 |
| 36 | ov_036 | 1.762173410440885 × 10^347 |
| 37 | ov_037 | 1.5278704412910997 × 10^347 |
| 38 | ov_038 | 1.317026266304834 × 10^347 |
| 39 | ov_039 | 1.1270918591756436 × 10^347 |
| 40 | ov_040 | 9.568324820856626 × 10^346 |
| 41 | ov_041 | 8.050879221528582 × 10^346 |
| 42 | ov_042 | 6.7076795932647905 × 10^346 |
| 43 | ov_043 | 5.528482998225655 × 10^346 |
| 44 | ov_044 | 4.5036694785789474 × 10^346 |
| 45 | ov_045 | 3.624209891247578 × 10^346 |
| 46 | ov_046 | 2.8816375999264757 × 10^346 |
| 47 | ov_047 | 2.2606113745947 × 10^346 |
| 48 | ov_048 | 1.7468046103104748 × 10^346 |
| 49 | ov_049 | 1.3268716582405905 × 10^346 |
| 50 | ov_050 | 9.88419609252191 × 10^345 |
| 51 | ov_051 | 7.19985036300008 × 10^345 |
| 52 | ov_052 | 5.110152031871842 × 10^345 |
| 53 | ov_053 | 3.5185324811437876 × 10^345 |
| 54 | ov_054 | 2.337268509190482 × 10^345 |
| 55 | ov_055 | 1.4873989316958344 × 10^345 |
| 56 | ov_056 | 8.986662040920183 × 10^344 |
| 57 | ov_057 | 5.094781590418727 × 10^344 |
| 58 | ov_058 | 2.6688499337373172 × 10^344 |
| 59 | ov_059 | 1.2656687860617895 × 10^344 |
| 60 | ov_060 | 5.2828191317898165 × 10^343 |
| 61 | ov_061 | 1.85952997437797 × 10^343 |
| 62 | ov_062 | 5.141606544642327 × 10^342 |
| 63 | ov_063 | 1.010829157501189 × 10^342 |
| 64 | lv_79_m31 | 1.98708095681848 × 10^341 |
| 65 | ov_065 | 2.7244119751318564 × 10^342 |
| 66 | ov_066 | 2.724328761672324 × 10^342 |
| 67 | ov_067 | 2.724302011409205 × 10^342 |
| 68 | ov_068 | 2.450017851925543 × 10^342 |
| 69 | ov_069 | 2.1963147228184745 × 10^342 |
| 70 | ov_070 | 1.9620119107726238 × 10^342 |
| 71 | ov_071 | 1.7460151369007134 × 10^342 |
| 72 | ov_072 | 1.547307040986618 × 10^342 |
| 73 | ov_073 | 1.364938187908483 × 10^342 |
| 74 | ov_074 | 1.1980185670547652 × 10^342 |
| 75 | ov_075 | 1.0457095569709434 × 10^342 |
| 76 | ov_076 | 9.072164258011304 × 10^341 |
| 77 | ov_077 | 7.817815302705593 × 10^341 |
| 78 | ov_078 | 6.68678267953373 × 10^341 |
| 79 | ov_079 | 5.672057356369913 × 10^341 |
| 80 | ov_080 | 4.766840476384849 × 10^341 |
| 81 | ov_081 | 3.9645026873975566 × 10^341 |
| 82 | ov_082 | 3.258549170225325 × 10^341 |
| 83 | ov_083 | 2.642589923366048 × 10^341 |
| 84 | ov_084 | 2.1103148645757722 × 10^341 |
| 85 | ov_085 | 1.655473312122564 × 10^341 |
| 86 | ov_086 | 1.2718574099532358 × 10^341 |
| 87 | ov_087 | 9.532890619121687 × 10^340 |
| 88 | ov_088 | 6.9360994068025 × 10^340 |
| 89 | ov_089 | 4.866741373855575 × 10^340 |
| 90 | ov_090 | 3.2634301796324455 × 10^340 |
| 91 | ov_091 | 2.06481852391311 × 10^340 |
| 92 | ov_092 | 1.2095778658684895 × 10^340 |
| 93 | ov_093 | 6.363874819595057 × 10^339 |
| 94 | ov_094 | 2.8392933063914175 × 10^339 |
| 95 | aaa_78_28 | 9.088607539812337 × 10^338 |
| 96 | aaa_78_29 | 3.4206109005267174 × 10^338 |
| 97 | ov_097 | 3.320060050977284 × 10^338 |
| 98 | ov_098 | 3.3200504841947774 × 10^338 |
| 99 | ov_099 | 3.3200481612086213 × 10^338 |
| 100 | ov_100 | 2.914100389479767 × 10^338 |
| 101 | ov_101 | 2.5479479980820058 × 10^338 |
| 102 | ov_102 | 2.2179995498023338 × 10^338 |
| 103 | ov_103 | 1.9208702169597776 × 10^338 |
| 104 | ov_104 | 1.6533675857429952 × 10^338 |
| 105 | ov_105 | 1.4124789790928707 × 10^338 |
| 106 | ov_106 | 1.1967414994134673 × 10^338 |
| 107 | ov_107 | 1.0047738358140326 × 10^338 |
| 108 | ov_108 | 8.352715965722327 × 10^337 |
| 109 | ov_109 | 6.870032218517093 × 10^337 |
| 110 | ov_110 | 5.588064320473281 × 10^337 |
| 111 | ov_111 | 4.495851697806268 × 10^337 |
| 112 | ov_112 | 3.5733598928403864 × 10^337 |
| 113 | ov_113 | 2.8017650540758165 × 10^337 |
| 114 | ov_114 | 2.1634213753904267 × 10^337 |
| 115 | ov_115 | 1.641835195170183 × 10^337 |
| 116 | ov_116 | 1.2216449442189688 × 10^337 |
| 117 | ov_117 | 8.88606015780354 × 10^336 |
| 118 | ov_118 | 6.295796571785257 × 10^336 |
| 119 | ov_119 | 4.325250765801745 × 10^336 |
| 120 | ov_120 | 2.8649405222518416 × 10^336 |
| 121 | ov_121 | 1.8162742523826803 × 10^336 |
| 122 | ov_122 | 1.0915295085595074 × 10^336 |
| 123 | ov_123 | 6.13840766058225 × 10^335 |
| 124 | ov_124 | 3.17193092833248 × 10^335 |
| 125 | ov_125 | 1.464192321055314 × 10^335 |
| 126 | ov_126 | 5.7198446986678924 × 10^334 |
| 127 | aaa_77_28 | 1.6056146836566118 × 10^334 |
| 128 | aaa_77_29 | 4.896777039761299 × 10^333 |
| 129 | ov_129 | 2.993504623752443 × 10^333 |
| 130 | ov_130 | 2.993494027597591 × 10^333 |
| 131 | ov_131 | 2.993491445102962 × 10^333 |
| 132 | ov_132 | 2.6296979253112742 × 10^333 |
| 133 | ov_133 | 2.3043860478423756 × 10^333 |
| 134 | ov_134 | 2.013669223749798 × 10^333 |
| 135 | ov_135 | 1.7538868197225844 × 10^333 |
| 136 | ov_136 | 1.5215882041667487 × 10^333 |
| 137 | ov_137 | 1.3135184844089366 × 10^333 |
| 138 | ov_138 | 1.1266058235429806 × 10^333 |
| 139 | ov_139 | 9.593585770011172 × 10^332 |
| 140 | ov_140 | 8.103683990886303 × 10^332 |
| 141 | ov_141 | 6.783056567994009 × 10^332 |
| 142 | ov_142 | 5.619154604016512 × 10^332 |
| 143 | ov_143 | 4.6001426745632076 × 10^332 |
| 144 | ov_144 | 3.7148701948522427 × 10^332 |
| 145 | ov_145 | 2.9528477302353 × 10^332 |
| 146 | ov_146 | 2.3042278157265489 × 10^332 |
| 147 | ov_147 | 1.7597897263730264 × 10^332 |
| 148 | ov_148 | 1.3109276062196886 × 10^332 |
| 149 | ov_149 | 9.496414126758927 × 10^331 |
| 150 | ov_150 | 6.685301820807753 × 10^331 |
| 151 | ov_151 | 4.545712695768121 × 10^331 |
| 152 | ov_152 | 2.9592146680479466 × 10^331 |
| 153 | ov_153 | 1.8191334227538075 × 10^331 |
| 154 | ov_154 | 1.0305299949327652 × 10^331 |
| 155 | ov_155 | 5.101880027567519 × 10^330 |
| 156 | aaa_76_25 | 1.8660715685007082 × 10^330 |
| 157 | aaa_76_26 | 9.770907583518001 × 10^329 |
| 158 | aaa_76_27 | 4.517525225039118 × 10^329 |
| 159 | aaa_76_28 | 1.7680701079242084 × 10^329 |
| 160 | aaa_76_29 | 5.4080075205053385 × 10^328 |

### Output Bits Sorted by Complexity

| Rank | Output Bit | Complexity |
|:----:|:----------:|:----------:|
| 160 | aaa_76_29 | 5.4080075205053385 × 10^328 |
| 159 | aaa_76_28 | 1.7680701079242084 × 10^329 |
| 158 | aaa_76_27 | 4.517525225039118 × 10^329 |
| 157 | aaa_76_26 | 9.770907583518001 × 10^329 |
| 156 | aaa_76_25 | 1.8660715685007082 × 10^330 |
| 155 | ov_155 | 5.101880027567519 × 10^330 |
| 154 | ov_154 | 1.0305299949327652 × 10^331 |
| 153 | ov_153 | 1.8191334227538075 × 10^331 |
| 152 | ov_152 | 2.9592146680479466 × 10^331 |
| 151 | ov_151 | 4.545712695768121 × 10^331 |
| 150 | ov_150 | 6.685301820807753 × 10^331 |
| 149 | ov_149 | 9.496414126758927 × 10^331 |
| 148 | ov_148 | 1.3109276062196886 × 10^332 |
| 147 | ov_147 | 1.7597897263730264 × 10^332 |
| 146 | ov_146 | 2.3042278157265489 × 10^332 |
| 145 | ov_145 | 2.9528477302353 × 10^332 |
| 144 | ov_144 | 3.7148701948522427 × 10^332 |
| 143 | ov_143 | 4.6001426745632076 × 10^332 |
| 142 | ov_142 | 5.619154604016512 × 10^332 |
| 141 | ov_141 | 6.783056567994009 × 10^332 |
| 140 | ov_140 | 8.103683990886303 × 10^332 |
| 139 | ov_139 | 9.593585770011172 × 10^332 |
| 138 | ov_138 | 1.1266058235429806 × 10^333 |
| 137 | ov_137 | 1.3135184844089366 × 10^333 |
| 136 | ov_136 | 1.5215882041667487 × 10^333 |
| 135 | ov_135 | 1.7538868197225844 × 10^333 |
| 134 | ov_134 | 2.013669223749798 × 10^333 |
| 133 | ov_133 | 2.3043860478423756 × 10^333 |
| 132 | ov_132 | 2.6296979253112742 × 10^333 |
| 131 | ov_131 | 2.993491445102962 × 10^333 |
| 130 | ov_130 | 2.993494027597591 × 10^333 |
| 129 | ov_129 | 2.993504623752443 × 10^333 |
| 128 | aaa_77_29 | 4.896777039761299 × 10^333 |
| 127 | aaa_77_28 | 1.6056146836566118 × 10^334 |
| 126 | ov_126 | 5.7198446986678924 × 10^334 |
| 125 | ov_125 | 1.464192321055314 × 10^335 |
| 124 | ov_124 | 3.17193092833248 × 10^335 |
| 123 | ov_123 | 6.13840766058225 × 10^335 |
| 122 | ov_122 | 1.0915295085595074 × 10^336 |
| 121 | ov_121 | 1.8162742523826803 × 10^336 |
| 120 | ov_120 | 2.8649405222518416 × 10^336 |
| 119 | ov_119 | 4.325250765801745 × 10^336 |
| 118 | ov_118 | 6.295796571785257 × 10^336 |
| 117 | ov_117 | 8.88606015780354 × 10^336 |
| 116 | ov_116 | 1.2216449442189688 × 10^337 |
| 115 | ov_115 | 1.641835195170183 × 10^337 |
| 114 | ov_114 | 2.1634213753904267 × 10^337 |
| 113 | ov_113 | 2.8017650540758165 × 10^337 |
| 112 | ov_112 | 3.5733598928403864 × 10^337 |
| 111 | ov_111 | 4.495851697806268 × 10^337 |
| 110 | ov_110 | 5.588064320473281 × 10^337 |
| 109 | ov_109 | 6.870032218517093 × 10^337 |
| 108 | ov_108 | 8.352715965722327 × 10^337 |
| 107 | ov_107 | 1.0047738358140326 × 10^338 |
| 106 | ov_106 | 1.1967414994134673 × 10^338 |
| 105 | ov_105 | 1.4124789790928707 × 10^338 |
| 104 | ov_104 | 1.6533675857429952 × 10^338 |
| 103 | ov_103 | 1.9208702169597776 × 10^338 |
| 102 | ov_102 | 2.2179995498023338 × 10^338 |
| 101 | ov_101 | 2.5479479980820058 × 10^338 |
| 100 | ov_100 | 2.914100389479767 × 10^338 |
| 99 | ov_099 | 3.3200481612086213 × 10^338 |
| 98 | ov_098 | 3.3200504841947774 × 10^338 |
| 97 | ov_097 | 3.320060050977284 × 10^338 |
| 96 | aaa_78_29 | 3.4206109005267174 × 10^338 |
| 95 | aaa_78_28 | 9.088607539812337 × 10^338 |
| 94 | ov_094 | 2.8392933063914175 × 10^339 |
| 93 | ov_093 | 6.363874819595057 × 10^339 |
| 92 | ov_092 | 1.2095778658684895 × 10^340 |
| 91 | ov_091 | 2.06481852391311 × 10^340 |
| 90 | ov_090 | 3.2634301796324455 × 10^340 |
| 89 | ov_089 | 4.866741373855575 × 10^340 |
| 88 | ov_088 | 6.9360994068025 × 10^340 |
| 87 | ov_087 | 9.532890619121687 × 10^340 |
| 86 | ov_086 | 1.2718574099532358 × 10^341 |
| 85 | ov_085 | 1.655473312122564 × 10^341 |
| 64 | lv_79_m31 | 1.98708095681848 × 10^341 |
| 84 | ov_084 | 2.1103148645757722 × 10^341 |
| 83 | ov_083 | 2.642589923366048 × 10^341 |
| 82 | ov_082 | 3.258549170225325 × 10^341 |
| 81 | ov_081 | 3.9645026873975566 × 10^341 |
| 80 | ov_080 | 4.766840476384849 × 10^341 |
| 79 | ov_079 | 5.672057356369913 × 10^341 |
| 78 | ov_078 | 6.68678267953373 × 10^341 |
| 77 | ov_077 | 7.817815302705593 × 10^341 |
| 76 | ov_076 | 9.072164258011304 × 10^341 |
| 63 | ov_063 | 1.010829157501189 × 10^342 |
| 75 | ov_075 | 1.0457095569709434 × 10^342 |
| 74 | ov_074 | 1.1980185670547652 × 10^342 |
| 73 | ov_073 | 1.364938187908483 × 10^342 |
| 72 | ov_072 | 1.547307040986618 × 10^342 |
| 71 | ov_071 | 1.7460151369007134 × 10^342 |
| 70 | ov_070 | 1.9620119107726238 × 10^342 |
| 69 | ov_069 | 2.1963147228184745 × 10^342 |
| 68 | ov_068 | 2.450017851925543 × 10^342 |
| 67 | ov_067 | 2.724302011409205 × 10^342 |
| 66 | ov_066 | 2.724328761672324 × 10^342 |
| 65 | ov_065 | 2.7244119751318564 × 10^342 |
| 62 | ov_062 | 5.141606544642327 × 10^342 |
| 61 | ov_061 | 1.85952997437797 × 10^343 |
| 60 | ov_060 | 5.2828191317898165 × 10^343 |
| 59 | ov_059 | 1.2656687860617895 × 10^344 |
| 58 | ov_058 | 2.6688499337373172 × 10^344 |
| 57 | ov_057 | 5.094781590418727 × 10^344 |
| 56 | ov_056 | 8.986662040920183 × 10^344 |
| 55 | ov_055 | 1.4873989316958344 × 10^345 |
| 54 | ov_054 | 2.337268509190482 × 10^345 |
| 53 | ov_053 | 3.5185324811437876 × 10^345 |
| 52 | ov_052 | 5.110152031871842 × 10^345 |
| 51 | ov_051 | 7.19985036300008 × 10^345 |
| 50 | ov_050 | 9.88419609252191 × 10^345 |
| 49 | ov_049 | 1.3268716582405905 × 10^346 |
| 48 | ov_048 | 1.7468046103104748 × 10^346 |
| 32 | lv_80_m31 | 2.108441747188087 × 10^346 |
| 47 | ov_047 | 2.2606113745947 × 10^346 |
| 46 | ov_046 | 2.8816375999264757 × 10^346 |
| 45 | ov_045 | 3.624209891247578 × 10^346 |
| 44 | ov_044 | 4.5036694785789474 × 10^346 |
| 43 | ov_043 | 5.528482998225655 × 10^346 |
| 42 | ov_042 | 6.7076795932647905 × 10^346 |
| 41 | ov_041 | 8.050879221528582 × 10^346 |
| 40 | ov_040 | 9.568324820856626 × 10^346 |
| 31 | ov_031 | 1.0776796687980617 × 10^347 |
| 39 | ov_039 | 1.1270918591756436 × 10^347 |
| 38 | ov_038 | 1.317026266304834 × 10^347 |
| 37 | ov_037 | 1.5278704412910997 × 10^347 |
| 36 | ov_036 | 1.762173410440885 × 10^347 |
| 35 | ov_035 | 2.0226488498954617 × 10^347 |
| 34 | ov_034 | 2.3121867357552412 × 10^347 |
| 33 | ov_033 | 2.633866132349938 × 10^347 |
| 30 | ov_030 | 5.508405996682754 × 10^347 |
| 29 | ov_029 | 2.0015015656004258 × 10^348 |
| 28 | ov_028 | 5.713046069494646 × 10^348 |
| 27 | ov_027 | 1.375027821148615 × 10^349 |
| 26 | ov_026 | 2.911497002589191 × 10^349 |
| 25 | ov_025 | 5.577803662247168 × 10^349 |
| 24 | ov_024 | 9.867956472589313 × 10^349 |
| 23 | ov_023 | 1.6101655865093453 × 10^350 |
| 22 | ov_022 | 2.4647084084345825 × 10^350 |
| 21 | ov_021 | 3.628911964380497 × 10^350 |
| 20 | ov_020 | 5.190972881275951 × 10^350 |
| 19 | ov_019 | 7.24881268056407 × 10^350 |
| 18 | ov_018 | 9.910104024968356 × 10^350 |
| 17 | ov_017 | 1.3292310984109864 × 10^351 |
| 16 | ov_016 | 1.752274790105791 × 10^351 |
| 15 | ov_015 | 2.2738662134465347 × 10^351 |
| 14 | ov_014 | 2.908734664605434 × 10^351 |
| 13 | ov_013 | 3.6726289102296645 × 10^351 |
| 12 | ov_012 | 4.582336486398004 × 10^351 |
| 11 | ov_011 | 5.655708195016772 × 10^351 |
| 10 | ov_010 | 6.911688678643036 × 10^351 |
| 9 | ov_009 | 8.360604016548243 × 10^351 |
| 8 | ov_008 | 1.001338134027887 × 10^352 |
| 7 | ov_007 | 1.188157869057048 × 10^352 |
| 6 | ov_006 | 1.3977420281066216 × 10^352 |
| 5 | ov_005 | 1.631383758187946 × 10^352 |
| 4 | ov_004 | 1.8904516584453166 × 10^352 |
| 3 | ov_003 | 2.177763762428241 × 10^352 |
| 2 | ov_002 | 2.4963058549865066 × 10^352 |
| 1 | ov_001 | 2.8492443751274333 × 10^352 |

