# Results for F001-F002-F003-F004-F005-F006-F007-F008-F009-F010-F011-F012-F013-F014-F015-F016-F017-F018-F019-F020-F021-F022-F023-F024-F025-F026-F027-F028-F029-F030-F031-F032-F033-F034-F035-F036-F037-F038-F039-F040-F041-F042-F043-F044-F045-F046-F047-F048-F049-F050-F051-F052-F053-F054-F055-F056-F057-F058-F059-F060-F061-F062-F063-F064-F065-F066-F067-F068-F069-F070-F071-F072-F073-F074-F075-F076-F077-F078-F079-F080-F081-F082-F083-F084-F085-F086-F087-F088-F089-F090-F091-F092-F093-F094-F095-F096-F097-F098-F099-F100-F101-F102-F103-F104-F105-F106-F107-F108-F109-F110-F111-F112-F113-F114-F115-F116-F117-F118-F119-F120-F121-F122-F123-F124-F125-F126-F127-F128-F129-F130-F131-F132-F133-F134-F135-F136-F137-F138-F139-F140-F141-F142-F143-F144-F145-F146-F147-F148-F149-F150-F151-F152-F153-F154-F155-F156-F157-F158-F159-F160-F161-F162-F163-F164-F165-F166-F167-F168-F169-F170-F171-F172-F173-F174-F175-F176-F177-F178-F179-F180-F181-F182-F183-F184-F185-F186-F187-F188-F189-F190-F191-F192-F193-F194-F195-F196-F197-F198-F199-F200-F201-F202-F203-F204-F205-F206-F207-F208-F209-F210-F211-F212-F213-F214-F215-F216-F217-F218-F219-F220-F221-F222-F223-F224-F225-F226-F227-F228-F229-F230-F231-F232-F233-F234-F235-F236-F237-F238-F239-F240-F241-F242-F243-F244-F245-F246-F247-F248-F249-F250-F251-F252-F253-F254-F255-F256-F257-F258-F259-F260-F261-F262-F263-F264-F265-F266-F267-F268-F269-F270-F271-F272-F273-F274-F275-F276-F277-F278-F279-F280-F281-F282-F283-F284-F285-F286-F287-F288-F289-F290-F291-F292-F293-F294-F295-F296-F297-F298-F299-F300-F301-F302-F303-F304-F305-F306-F307-F308-F309-F310-F311-F312-F313-F314-F315-F316-F317-F318-F319-F320-F321-F322-F323-F324-F325-F326-F327-F328-F329-F330-F331-F332-F333-F334-F335-F336-F337-F338-F339-F340-F341-F342-F343-F344-F345-F346-F347-F348-F349-F350-F351-F352-F353-F354-F355-F356-F357-F358-F359-F360-F361-F362-F363-F364-F365-F366-F367-F368-F369-F370-F371-F372-F373-F374-F375-F376-F377-F378-F379-F380-F381-F382-F383-F384-F385-F386-F387-F388-F389-F390-F391-F392-F393-F394-F395-F396-F397-F398-F399-F400-F401-F402-F403-F404-F405-F406-F407-F408-F409-F410-F411-F412-F413-F414-F415-F416-F417-F418-F419-F420-F421-F422-F423-F424-F425-F426-F427-F428-F429-F430-F431-F432-F433-F434-F435-F436-F437-F438-F439-F440-F441-F442-F443-F444-F445-F446-F447-F448-F449-F450-F451-F452-F453-F454-F455-F456-F457-F458-F459-F460-F461-F462-F463-F464-F465-F466-F467-F468-F469-F470-F471-F472-F473-F474-F475-F476-F477-F478-F479-F480-F481-F482-F483-F484-F485-F486-F487-F488-F489-F490-F491-F492-F493-F494-F495-F496-E500511-F508-F509-F510-F512

## Summary

Number of input bits: 512  
Number of free input bits: 11  
Number of output bits: 160

Number of direct occurrences: 44598  
Number of assignments: 31365  
Number of operations: 11109632
(xor: 11081326,
and: 14971,
or: 13335)

Total complexity: 3.1969282450754503 × 10^299

Least occurring input variable: iv_502 (3898)  
Most occurring input variable: iv_500 (4304)

Most co-occurring input variables: iv_500-iv_507 (2049)  
Least co-occurring input variables: iv_498-iv_502 (1767)

Potentially most occurring input variable: iv_500/iv_502 (4644)  
Potentially least occurring input variable: iv_501/iv_504 (4158)

Least output occurring input variable: iv_504 (78)  
Most output occurring input variable: iv_497 (93)

Most output co-occurring input variables: iv_497-iv_506 (57)  
Least output co-occurring input variables: iv_500-iv_502 (34)

Potentially most output occurring input variable: iv_498/iv_505 (94)  
Potentially least output occurring input variable: iv_497/iv_501 (65)

Least complex input bit: iv_497 (1.8482582411672194 × 10^297)  
Most complex input bit: iv_505 (9.305264969981307 × 10^298)

Least complex output bit: aaa_76_29 (6.66269181828312 × 10^274)  
Most complex output bit: ov_001 (4.997838498463429 × 10^298)

Least complex input/output complexity: iv_497/aaa_76_29 (3.8519397738964724 × 10^272)  
Most complex input/output complexity: iv_505/ov_001 (1.4547155250360672 × 10^298)

## Input Bits

### Input Bits in Regular Order

| Input Bit | Complexity | Occurrences | Output Occurrences |
|:---------:|:----------:|:-----------:|:------------------:|
| iv_497 | 1.8482582411672194 × 10^297 | 4144 | 93 |
| iv_498 | 3.7001343104492055 × 10^297 | 3944 | 88 |
| iv_499 | 6.540030180267784 × 10^297 | 3955 | 81 |
| iv_500 | 1.1029132911979675 × 10^298 | 4304 | 80 |
| iv_501 | 1.8144539978520515 × 10^298 | 4084 | 82 |
| iv_502 | 2.929311394782151 × 10^298 | 3898 | 82 |
| iv_503 | 4.643257970894882 × 10^298 | 4056 | 79 |
| iv_504 | 7.22221087296353 × 10^298 | 3946 | 78 |
| iv_505 | 9.305264969981307 × 10^298 | 3983 | 82 |
| iv_506 | 1.7267776912085937 × 10^298 | 4123 | 93 |
| iv_507 | 2.0162499886856284 × 10^298 | 4161 | 87 |

### Input Bits Sorted by Complexity

| Input Bit | Complexity | Occurrences | Output Occurrences |
|:---------:|:----------:|:-----------:|:------------------:|
| iv_497 | 1.8482582411672194 × 10^297 | 4144 | 93 |
| iv_498 | 3.7001343104492055 × 10^297 | 3944 | 88 |
| iv_499 | 6.540030180267784 × 10^297 | 3955 | 81 |
| iv_500 | 1.1029132911979675 × 10^298 | 4304 | 80 |
| iv_506 | 1.7267776912085937 × 10^298 | 4123 | 93 |
| iv_501 | 1.8144539978520515 × 10^298 | 4084 | 82 |
| iv_507 | 2.0162499886856284 × 10^298 | 4161 | 87 |
| iv_502 | 2.929311394782151 × 10^298 | 3898 | 82 |
| iv_503 | 4.643257970894882 × 10^298 | 4056 | 79 |
| iv_504 | 7.22221087296353 × 10^298 | 3946 | 78 |
| iv_505 | 9.305264969981307 × 10^298 | 3983 | 82 |

### Input Bits Sorted by Occurrences

| Input Bit | Complexity | Occurrences | Output Occurrences |
|:---------:|:----------:|:-----------:|:------------------:|
| iv_502 | 2.929311394782151 × 10^298 | 3898 | 82 |
| iv_498 | 3.7001343104492055 × 10^297 | 3944 | 88 |
| iv_504 | 7.22221087296353 × 10^298 | 3946 | 78 |
| iv_499 | 6.540030180267784 × 10^297 | 3955 | 81 |
| iv_505 | 9.305264969981307 × 10^298 | 3983 | 82 |
| iv_503 | 4.643257970894882 × 10^298 | 4056 | 79 |
| iv_501 | 1.8144539978520515 × 10^298 | 4084 | 82 |
| iv_506 | 1.7267776912085937 × 10^298 | 4123 | 93 |
| iv_497 | 1.8482582411672194 × 10^297 | 4144 | 93 |
| iv_507 | 2.0162499886856284 × 10^298 | 4161 | 87 |
| iv_500 | 1.1029132911979675 × 10^298 | 4304 | 80 |

### Input Bits Sorted by Output Occurrences

| Input Bit | Complexity | Occurrences | Output Occurrences |
|:---------:|:----------:|:-----------:|:------------------:|
| iv_504 | 7.22221087296353 × 10^298 | 3946 | 78 |
| iv_503 | 4.643257970894882 × 10^298 | 4056 | 79 |
| iv_500 | 1.1029132911979675 × 10^298 | 4304 | 80 |
| iv_499 | 6.540030180267784 × 10^297 | 3955 | 81 |
| iv_502 | 2.929311394782151 × 10^298 | 3898 | 82 |
| iv_501 | 1.8144539978520515 × 10^298 | 4084 | 82 |
| iv_505 | 9.305264969981307 × 10^298 | 3983 | 82 |
| iv_507 | 2.0162499886856284 × 10^298 | 4161 | 87 |
| iv_498 | 3.7001343104492055 × 10^297 | 3944 | 88 |
| iv_506 | 1.7267776912085937 × 10^298 | 4123 | 93 |
| iv_497 | 1.8482582411672194 × 10^297 | 4144 | 93 |

## Input Bit Co-occurrences

### Input Bit Co-occurrences Sorted by Co-occurrences

| Input Bits | Co-occurrences | Potential Occurrences | Output Co-occurrences | Potential Output Occurrences |
|:----------:|:--------------:|:---------------------:|:---------------------:|:----------------------------:|
| iv_500-iv_507 | 2049 | 4367 | 44 | 79 |
| iv_501-iv_507 | 1974 | 4297 | 40 | 89 |
| iv_497-iv_501 | 1970 | 4288 | 55 | 65 |
| iv_497-iv_507 | 1967 | 4371 | 48 | 84 |
| iv_497-iv_505 | 1964 | 4199 | 49 | 77 |
| iv_506-iv_507 | 1958 | 4368 | 49 | 82 |
| iv_497-iv_503 | 1949 | 4302 | 48 | 76 |
| iv_500-iv_506 | 1948 | 4531 | 45 | 83 |
| iv_497-iv_500 | 1944 | 4560 | 48 | 77 |
| iv_497-iv_506 | 1941 | 4385 | 57 | 72 |
| iv_503-iv_506 | 1936 | 4307 | 46 | 80 |

### Input Bit Co-occurrences Sorted by Potential Occurrences

| Input Bits | Co-occurrences | Potential Occurrences | Output Co-occurrences | Potential Output Occurrences |
|:----------:|:--------------:|:---------------------:|:---------------------:|:----------------------------:|
| iv_501-iv_504 | 1936 | 4158 | 40 | 80 |
| iv_499-iv_505 | 1887 | 4164 | 37 | 89 |
| iv_499-iv_504 | 1868 | 4165 | 38 | 83 |
| iv_498-iv_504 | 1847 | 4196 | 46 | 74 |
| iv_497-iv_505 | 1964 | 4199 | 49 | 77 |
| iv_499-iv_503 | 1901 | 4209 | 44 | 72 |
| iv_504-iv_505 | 1857 | 4215 | 36 | 88 |
| iv_503-iv_505 | 1912 | 4215 | 43 | 75 |
| iv_502-iv_506 | 1900 | 4221 | 51 | 73 |
| iv_502-iv_504 | 1809 | 4226 | 42 | 76 |
| iv_504-iv_506 | 1921 | 4227 | 45 | 81 |

### Input Bit Output Co-occurrences Sorted by Output Co-occurrences

| Input Bits | Co-occurrences | Potential Occurrences | Output Co-occurrences | Potential Output Occurrences |
|:----------:|:--------------:|:---------------------:|:---------------------:|:----------------------------:|
| iv_497-iv_506 | 1941 | 4385 | 57 | 72 |
| iv_497-iv_501 | 1970 | 4288 | 55 | 65 |
| iv_498-iv_506 | 1907 | 4253 | 54 | 73 |
| iv_497-iv_502 | 1905 | 4232 | 52 | 71 |
| iv_502-iv_506 | 1900 | 4221 | 51 | 73 |
| iv_497-iv_504 | 1929 | 4232 | 50 | 71 |
| iv_497-iv_498 | 1893 | 4302 | 50 | 81 |
| iv_499-iv_506 | 1872 | 4334 | 49 | 76 |
| iv_506-iv_507 | 1958 | 4368 | 49 | 82 |
| iv_497-iv_505 | 1964 | 4199 | 49 | 77 |
| iv_498-iv_499 | 1833 | 4233 | 48 | 73 |

### Input Bit Output Co-occurrences Sorted by Potential Output Occurrences

| Input Bits | Co-occurrences | Potential Occurrences | Output Co-occurrences | Potential Output Occurrences |
|:----------:|:--------------:|:---------------------:|:---------------------:|:----------------------------:|
| iv_497-iv_501 | 1970 | 4288 | 55 | 65 |
| iv_497-iv_504 | 1929 | 4232 | 50 | 71 |
| iv_497-iv_502 | 1905 | 4232 | 52 | 71 |
| iv_499-iv_503 | 1901 | 4209 | 44 | 72 |
| iv_497-iv_506 | 1941 | 4385 | 57 | 72 |
| iv_498-iv_499 | 1833 | 4233 | 48 | 73 |
| iv_498-iv_506 | 1907 | 4253 | 54 | 73 |
| iv_502-iv_506 | 1900 | 4221 | 51 | 73 |
| iv_503-iv_504 | 1856 | 4290 | 42 | 73 |
| iv_505-iv_507 | 1840 | 4464 | 48 | 73 |
| iv_498-iv_504 | 1847 | 4196 | 46 | 74 |

## Output Bits

### Output Bits in Regular Order

| Rank | Output Bit | Complexity |
|:----:|:----------:|:----------:|
| 1 | ov_001 | 4.997838498463429 × 10^298 |
| 2 | ov_002 | 4.3489932614178084 × 10^298 |
| 3 | ov_003 | 3.766460658261754 × 10^298 |
| 4 | ov_004 | 3.245270732937948 × 10^298 |
| 5 | ov_005 | 2.78072594138608 × 10^298 |
| 6 | ov_006 | 2.3683816143576538 × 10^298 |
| 7 | ov_007 | 2.004028928998936 × 10^298 |
| 8 | ov_008 | 1.6836802408492068 × 10^298 |
| 9 | ov_009 | 1.4035565920364217 × 10^298 |
| 10 | ov_010 | 1.1600771777282125 × 10^298 |
| 11 | ov_011 | 9.498505504502845 × 10^297 |
| 12 | ov_012 | 7.696673545288298 × 10^297 |
| 13 | ov_013 | 6.164943953103474 × 10^297 |
| 14 | ov_014 | 4.874698600159159 × 10^297 |
| 15 | ov_015 | 3.798995191427104 × 10^297 |
| 16 | ov_016 | 2.9125374926988393 × 10^297 |
| 17 | ov_017 | 2.1916522998780713 × 10^297 |
| 18 | ov_018 | 1.6142717947177552 × 10^297 |
| 19 | ov_019 | 1.1599201124819824 × 10^297 |
| 20 | ov_020 | 8.097032450206676 × 10^296 |
| 21 | ov_021 | 5.463016786385433 × 10^296 |
| 22 | ov_022 | 3.5396525393183055 × 10^296 |
| 23 | ov_023 | 2.1850971179839136 × 10^296 |
| 24 | ov_024 | 1.273144483040687 × 10^296 |
| 25 | ov_025 | 6.932114102080825 × 10^295 |
| 26 | ov_026 | 3.5032996646884693 × 10^295 |
| 27 | ov_027 | 1.6514397067066222 × 10^295 |
| 28 | ov_028 | 7.39075982416468 × 10^294 |
| 29 | ov_029 | 2.848493214525241 × 10^294 |
| 30 | ov_030 | 8.710467430596074 × 10^293 |
| 31 | ov_031 | 1.6996189842574748 × 10^293 |
| 32 | lv_80_m31 | 3.315945071663072 × 10^292 |
| 33 | ov_033 | 3.9864476181756605 × 10^293 |
| 34 | ov_034 | 3.46247910634025 × 10^293 |
| 35 | ov_035 | 2.993292182697559 × 10^293 |
| 36 | ov_036 | 2.5742645119148927 × 10^293 |
| 37 | ov_037 | 2.2010235564325646 × 10^293 |
| 38 | ov_038 | 1.8694290492382487 × 10^293 |
| 39 | ov_039 | 1.5755578347951258 × 10^293 |
| 40 | ov_040 | 1.3156908468415981 × 10^293 |
| 41 | ov_041 | 1.088018073344038 × 10^293 |
| 42 | ov_042 | 8.908234468457184 × 10^292 |
| 43 | ov_043 | 7.224805554757703 × 10^292 |
| 44 | ov_044 | 5.79991880798372 × 10^292 |
| 45 | ov_045 | 4.605237897189895 × 10^292 |
| 46 | ov_046 | 3.614022200417188 × 10^292 |
| 47 | ov_047 | 2.8010924370228834 × 10^292 |
| 48 | ov_048 | 2.1428037324009852 × 10^292 |
| 49 | ov_049 | 1.6170248745020023 × 10^292 |
| 50 | ov_050 | 1.2031226234202376 × 10^292 |
| 51 | ov_051 | 8.819500356825529 × 10^291 |
| 52 | ov_052 | 6.35837910528689 × 10^291 |
| 53 | ov_053 | 4.485886970573183 × 10^291 |
| 54 | ov_054 | 3.0547237963152977 × 10^291 |
| 55 | ov_055 | 1.9949042981981318 × 10^291 |
| 56 | ov_056 | 1.243762814159897 × 10^291 |
| 57 | ov_057 | 7.459472745622227 × 10^290 |
| 58 | ov_058 | 4.126819478088955 × 10^290 |
| 59 | ov_059 | 2.0323308254705902 × 10^290 |
| 60 | ov_060 | 8.417429297935315 × 10^289 |
| 61 | ov_061 | 2.938624056498128 × 10^289 |
| 62 | ov_062 | 8.056783620323065 × 10^288 |
| 63 | ov_063 | 1.5694097043791438 × 10^288 |
| 64 | lv_79_m31 | 3.0564552492487516 × 10^287 |
| 65 | ov_065 | 3.6520221241111056 × 10^288 |
| 66 | ov_066 | 3.652010662978424 × 10^288 |
| 67 | ov_067 | 3.652007857944276 × 10^288 |
| 68 | ov_068 | 3.1576717921864526 × 10^288 |
| 69 | ov_069 | 2.716756948678199 × 10^288 |
| 70 | ov_070 | 2.324922567865156 × 10^288 |
| 71 | ov_071 | 1.978094964240292 × 10^288 |
| 72 | ov_072 | 1.6724494389478773 × 10^288 |
| 73 | ov_073 | 1.4043937919069694 × 10^288 |
| 74 | ov_074 | 1.1705533488777728 × 10^288 |
| 75 | ov_075 | 9.677574221120336 × 10^287 |
| 76 | ov_076 | 7.930271258717618 × 10^287 |
| 77 | ov_077 | 6.435644702438039 × 10^287 |
| 78 | ov_078 | 5.1674265839107184 × 10^287 |
| 79 | ov_079 | 4.100975137295614 × 10^287 |
| 80 | ov_080 | 3.2131996456394683 × 10^287 |
| 81 | ov_081 | 2.4824951450889856 × 10^287 |
| 82 | ov_082 | 1.8886862761842147 × 10^287 |
| 83 | ov_083 | 1.4129795758393944 × 10^287 |
| 84 | ov_084 | 1.0379235067648743 × 10^287 |
| 85 | ov_085 | 7.473755232488871 × 10^286 |
| 86 | ov_086 | 5.264754736364738 × 10^286 |
| 87 | ov_087 | 3.6162464073609314 × 10^286 |
| 88 | ov_088 | 2.4046972192898636 × 10^286 |
| 89 | ov_089 | 1.5189105107176255 × 10^286 |
| 90 | ov_090 | 9.063597525530051 × 10^285 |
| 91 | ov_091 | 5.206288367457099 × 10^285 |
| 92 | ov_092 | 2.8714309180626515 × 10^285 |
| 93 | ov_093 | 1.434783095604548 × 10^285 |
| 94 | ov_094 | 6.1458572017012296 × 10^284 |
| 95 | aaa_78_28 | 1.8977997985201047 × 10^284 |
| 96 | aaa_78_29 | 5.828314490151069 × 10^283 |
| 97 | ov_097 | 3.848255835438834 × 10^283 |
| 98 | ov_098 | 3.848140730862437 × 10^283 |
| 99 | ov_099 | 3.8481039707566095 × 10^283 |
| 100 | ov_100 | 3.462694248705478 × 10^283 |
| 101 | ov_101 | 3.105744172768156 × 10^283 |
| 102 | ov_102 | 2.7756918320712573 × 10^283 |
| 103 | ov_103 | 2.471088809348735 × 10^283 |
| 104 | ov_104 | 2.190585394273781 × 10^283 |
| 105 | ov_105 | 1.932917155150877 × 10^283 |
| 106 | ov_106 | 1.696892798520517 × 10^283 |
| 107 | ov_107 | 1.4813832487851007 × 10^283 |
| 108 | ov_108 | 1.2853118820257327 × 10^283 |
| 109 | ov_109 | 1.1076458498152946 × 10^283 |
| 110 | ov_110 | 9.473884301038128 × 10^282 |
| 111 | ov_111 | 8.035723432163725 × 10^282 |
| 112 | ov_112 | 6.752539717155584 × 10^282 |
| 113 | ov_113 | 5.615084233894858 × 10^282 |
| 114 | ov_114 | 4.6142537697829764 × 10^282 |
| 115 | ov_115 | 3.741056504872412 × 10^282 |
| 116 | ov_116 | 2.98658432087382 × 10^282 |
| 117 | ov_117 | 2.341991137015533 × 10^282 |
| 118 | ov_118 | 1.7984761079133973 × 10^282 |
| 119 | ov_119 | 1.3472700272718296 × 10^282 |
| 120 | ov_120 | 9.796244142325134 × 10^281 |
| 121 | ov_121 | 6.868037426428842 × 10^281 |
| 122 | ov_122 | 4.6008043964310176 × 10^281 |
| 123 | ov_123 | 2.9073159550781638 × 10^281 |
| 124 | ov_124 | 1.7003674363872982 × 10^281 |
| 125 | ov_125 | 8.92764848023235 × 10^280 |
| 126 | ov_126 | 3.973178510097695 × 10^280 |
| 127 | aaa_77_28 | 1.268370638558547 × 10^280 |
| 128 | aaa_77_29 | 4.7531025207691355 × 10^279 |
| 129 | ov_129 | 4.399807246351789 × 10^279 |
| 130 | ov_130 | 4.399794268523531 × 10^279 |
| 131 | ov_131 | 4.3997911303519743 × 10^279 |
| 132 | ov_132 | 3.8131209074577303 × 10^279 |
| 133 | ov_133 | 3.2879843093129064 × 10^279 |
| 134 | ov_134 | 2.8197063755104487 × 10^279 |
| 135 | ov_135 | 2.403862728174803 × 10^279 |
| 136 | ov_136 | 2.036261669872906 × 10^279 |
| 137 | ov_137 | 1.7129287582651222 × 10^279 |
| 138 | ov_138 | 1.430093621130141 × 10^279 |
| 139 | ov_139 | 1.1841787874992069 × 10^279 |
| 140 | ov_140 | 9.71790322379276 × 10^278 |
| 141 | ov_141 | 7.897100640106677 × 10^278 |
| 142 | ov_142 | 6.348892738589899 × 10^278 |
| 143 | ov_143 | 5.044435206382148 × 10^278 |
| 144 | ov_144 | 3.956486306456611 × 10^278 |
| 145 | ov_145 | 3.0593754759413352 × 10^278 |
| 146 | ov_146 | 2.328979559766735 × 10^278 |
| 147 | ov_147 | 1.742705328131809 × 10^278 |
| 148 | ov_148 | 1.2794770341808765 × 10^278 |
| 149 | ov_149 | 9.197278760286136 × 10^277 |
| 150 | ov_150 | 6.453943349194573 × 10^277 |
| 151 | ov_151 | 4.399125129893633 × 10^277 |
| 152 | ov_152 | 2.8821582721335445 × 10^277 |
| 153 | ov_153 | 1.7673362905617691 × 10^277 |
| 154 | ov_154 | 9.905445216080074 × 10^276 |
| 155 | ov_155 | 4.951426654443344 × 10^276 |
| 156 | aaa_76_25 | 1.9026772643603788 × 10^276 |
| 157 | aaa_76_26 | 1.0988458254994608 × 10^276 |
| 158 | aaa_76_27 | 5.6254221232096004 × 10^275 |
| 159 | aaa_76_28 | 2.190539511242322 × 10^275 |
| 160 | aaa_76_29 | 6.66269181828312 × 10^274 |

### Output Bits Sorted by Complexity

| Rank | Output Bit | Complexity |
|:----:|:----------:|:----------:|
| 160 | aaa_76_29 | 6.66269181828312 × 10^274 |
| 159 | aaa_76_28 | 2.190539511242322 × 10^275 |
| 158 | aaa_76_27 | 5.6254221232096004 × 10^275 |
| 157 | aaa_76_26 | 1.0988458254994608 × 10^276 |
| 156 | aaa_76_25 | 1.9026772643603788 × 10^276 |
| 155 | ov_155 | 4.951426654443344 × 10^276 |
| 154 | ov_154 | 9.905445216080074 × 10^276 |
| 153 | ov_153 | 1.7673362905617691 × 10^277 |
| 152 | ov_152 | 2.8821582721335445 × 10^277 |
| 151 | ov_151 | 4.399125129893633 × 10^277 |
| 150 | ov_150 | 6.453943349194573 × 10^277 |
| 149 | ov_149 | 9.197278760286136 × 10^277 |
| 148 | ov_148 | 1.2794770341808765 × 10^278 |
| 147 | ov_147 | 1.742705328131809 × 10^278 |
| 146 | ov_146 | 2.328979559766735 × 10^278 |
| 145 | ov_145 | 3.0593754759413352 × 10^278 |
| 144 | ov_144 | 3.956486306456611 × 10^278 |
| 143 | ov_143 | 5.044435206382148 × 10^278 |
| 142 | ov_142 | 6.348892738589899 × 10^278 |
| 141 | ov_141 | 7.897100640106677 × 10^278 |
| 140 | ov_140 | 9.71790322379276 × 10^278 |
| 139 | ov_139 | 1.1841787874992069 × 10^279 |
| 138 | ov_138 | 1.430093621130141 × 10^279 |
| 137 | ov_137 | 1.7129287582651222 × 10^279 |
| 136 | ov_136 | 2.036261669872906 × 10^279 |
| 135 | ov_135 | 2.403862728174803 × 10^279 |
| 134 | ov_134 | 2.8197063755104487 × 10^279 |
| 133 | ov_133 | 3.2879843093129064 × 10^279 |
| 132 | ov_132 | 3.8131209074577303 × 10^279 |
| 131 | ov_131 | 4.3997911303519743 × 10^279 |
| 130 | ov_130 | 4.399794268523531 × 10^279 |
| 129 | ov_129 | 4.399807246351789 × 10^279 |
| 128 | aaa_77_29 | 4.7531025207691355 × 10^279 |
| 127 | aaa_77_28 | 1.268370638558547 × 10^280 |
| 126 | ov_126 | 3.973178510097695 × 10^280 |
| 125 | ov_125 | 8.92764848023235 × 10^280 |
| 124 | ov_124 | 1.7003674363872982 × 10^281 |
| 123 | ov_123 | 2.9073159550781638 × 10^281 |
| 122 | ov_122 | 4.6008043964310176 × 10^281 |
| 121 | ov_121 | 6.868037426428842 × 10^281 |
| 120 | ov_120 | 9.796244142325134 × 10^281 |
| 119 | ov_119 | 1.3472700272718296 × 10^282 |
| 118 | ov_118 | 1.7984761079133973 × 10^282 |
| 117 | ov_117 | 2.341991137015533 × 10^282 |
| 116 | ov_116 | 2.98658432087382 × 10^282 |
| 115 | ov_115 | 3.741056504872412 × 10^282 |
| 114 | ov_114 | 4.6142537697829764 × 10^282 |
| 113 | ov_113 | 5.615084233894858 × 10^282 |
| 112 | ov_112 | 6.752539717155584 × 10^282 |
| 111 | ov_111 | 8.035723432163725 × 10^282 |
| 110 | ov_110 | 9.473884301038128 × 10^282 |
| 109 | ov_109 | 1.1076458498152946 × 10^283 |
| 108 | ov_108 | 1.2853118820257327 × 10^283 |
| 107 | ov_107 | 1.4813832487851007 × 10^283 |
| 106 | ov_106 | 1.696892798520517 × 10^283 |
| 105 | ov_105 | 1.932917155150877 × 10^283 |
| 104 | ov_104 | 2.190585394273781 × 10^283 |
| 103 | ov_103 | 2.471088809348735 × 10^283 |
| 102 | ov_102 | 2.7756918320712573 × 10^283 |
| 101 | ov_101 | 3.105744172768156 × 10^283 |
| 100 | ov_100 | 3.462694248705478 × 10^283 |
| 99 | ov_099 | 3.8481039707566095 × 10^283 |
| 98 | ov_098 | 3.848140730862437 × 10^283 |
| 97 | ov_097 | 3.848255835438834 × 10^283 |
| 96 | aaa_78_29 | 5.828314490151069 × 10^283 |
| 95 | aaa_78_28 | 1.8977997985201047 × 10^284 |
| 94 | ov_094 | 6.1458572017012296 × 10^284 |
| 93 | ov_093 | 1.434783095604548 × 10^285 |
| 92 | ov_092 | 2.8714309180626515 × 10^285 |
| 91 | ov_091 | 5.206288367457099 × 10^285 |
| 90 | ov_090 | 9.063597525530051 × 10^285 |
| 89 | ov_089 | 1.5189105107176255 × 10^286 |
| 88 | ov_088 | 2.4046972192898636 × 10^286 |
| 87 | ov_087 | 3.6162464073609314 × 10^286 |
| 86 | ov_086 | 5.264754736364738 × 10^286 |
| 85 | ov_085 | 7.473755232488871 × 10^286 |
| 84 | ov_084 | 1.0379235067648743 × 10^287 |
| 83 | ov_083 | 1.4129795758393944 × 10^287 |
| 82 | ov_082 | 1.8886862761842147 × 10^287 |
| 81 | ov_081 | 2.4824951450889856 × 10^287 |
| 64 | lv_79_m31 | 3.0564552492487516 × 10^287 |
| 80 | ov_080 | 3.2131996456394683 × 10^287 |
| 79 | ov_079 | 4.100975137295614 × 10^287 |
| 78 | ov_078 | 5.1674265839107184 × 10^287 |
| 77 | ov_077 | 6.435644702438039 × 10^287 |
| 76 | ov_076 | 7.930271258717618 × 10^287 |
| 75 | ov_075 | 9.677574221120336 × 10^287 |
| 74 | ov_074 | 1.1705533488777728 × 10^288 |
| 73 | ov_073 | 1.4043937919069694 × 10^288 |
| 63 | ov_063 | 1.5694097043791438 × 10^288 |
| 72 | ov_072 | 1.6724494389478773 × 10^288 |
| 71 | ov_071 | 1.978094964240292 × 10^288 |
| 70 | ov_070 | 2.324922567865156 × 10^288 |
| 69 | ov_069 | 2.716756948678199 × 10^288 |
| 68 | ov_068 | 3.1576717921864526 × 10^288 |
| 67 | ov_067 | 3.652007857944276 × 10^288 |
| 66 | ov_066 | 3.652010662978424 × 10^288 |
| 65 | ov_065 | 3.6520221241111056 × 10^288 |
| 62 | ov_062 | 8.056783620323065 × 10^288 |
| 61 | ov_061 | 2.938624056498128 × 10^289 |
| 60 | ov_060 | 8.417429297935315 × 10^289 |
| 59 | ov_059 | 2.0323308254705902 × 10^290 |
| 58 | ov_058 | 4.126819478088955 × 10^290 |
| 57 | ov_057 | 7.459472745622227 × 10^290 |
| 56 | ov_056 | 1.243762814159897 × 10^291 |
| 55 | ov_055 | 1.9949042981981318 × 10^291 |
| 54 | ov_054 | 3.0547237963152977 × 10^291 |
| 53 | ov_053 | 4.485886970573183 × 10^291 |
| 52 | ov_052 | 6.35837910528689 × 10^291 |
| 51 | ov_051 | 8.819500356825529 × 10^291 |
| 50 | ov_050 | 1.2031226234202376 × 10^292 |
| 49 | ov_049 | 1.6170248745020023 × 10^292 |
| 48 | ov_048 | 2.1428037324009852 × 10^292 |
| 47 | ov_047 | 2.8010924370228834 × 10^292 |
| 32 | lv_80_m31 | 3.315945071663072 × 10^292 |
| 46 | ov_046 | 3.614022200417188 × 10^292 |
| 45 | ov_045 | 4.605237897189895 × 10^292 |
| 44 | ov_044 | 5.79991880798372 × 10^292 |
| 43 | ov_043 | 7.224805554757703 × 10^292 |
| 42 | ov_042 | 8.908234468457184 × 10^292 |
| 41 | ov_041 | 1.088018073344038 × 10^293 |
| 40 | ov_040 | 1.3156908468415981 × 10^293 |
| 39 | ov_039 | 1.5755578347951258 × 10^293 |
| 31 | ov_031 | 1.6996189842574748 × 10^293 |
| 38 | ov_038 | 1.8694290492382487 × 10^293 |
| 37 | ov_037 | 2.2010235564325646 × 10^293 |
| 36 | ov_036 | 2.5742645119148927 × 10^293 |
| 35 | ov_035 | 2.993292182697559 × 10^293 |
| 34 | ov_034 | 3.46247910634025 × 10^293 |
| 33 | ov_033 | 3.9864476181756605 × 10^293 |
| 30 | ov_030 | 8.710467430596074 × 10^293 |
| 29 | ov_029 | 2.848493214525241 × 10^294 |
| 28 | ov_028 | 7.39075982416468 × 10^294 |
| 27 | ov_027 | 1.6514397067066222 × 10^295 |
| 26 | ov_026 | 3.5032996646884693 × 10^295 |
| 25 | ov_025 | 6.932114102080825 × 10^295 |
| 24 | ov_024 | 1.273144483040687 × 10^296 |
| 23 | ov_023 | 2.1850971179839136 × 10^296 |
| 22 | ov_022 | 3.5396525393183055 × 10^296 |
| 21 | ov_021 | 5.463016786385433 × 10^296 |
| 20 | ov_020 | 8.097032450206676 × 10^296 |
| 19 | ov_019 | 1.1599201124819824 × 10^297 |
| 18 | ov_018 | 1.6142717947177552 × 10^297 |
| 17 | ov_017 | 2.1916522998780713 × 10^297 |
| 16 | ov_016 | 2.9125374926988393 × 10^297 |
| 15 | ov_015 | 3.798995191427104 × 10^297 |
| 14 | ov_014 | 4.874698600159159 × 10^297 |
| 13 | ov_013 | 6.164943953103474 × 10^297 |
| 12 | ov_012 | 7.696673545288298 × 10^297 |
| 11 | ov_011 | 9.498505504502845 × 10^297 |
| 10 | ov_010 | 1.1600771777282125 × 10^298 |
| 9 | ov_009 | 1.4035565920364217 × 10^298 |
| 8 | ov_008 | 1.6836802408492068 × 10^298 |
| 7 | ov_007 | 2.004028928998936 × 10^298 |
| 6 | ov_006 | 2.3683816143576538 × 10^298 |
| 5 | ov_005 | 2.78072594138608 × 10^298 |
| 4 | ov_004 | 3.245270732937948 × 10^298 |
| 3 | ov_003 | 3.766460658261754 × 10^298 |
| 2 | ov_002 | 4.3489932614178084 × 10^298 |
| 1 | ov_001 | 4.997838498463429 × 10^298 |

