# Results for T012-F013-F014-F015-F016-F017-F018-F019-F020-F021-F022-F023-F024-F025-F026-F027-F028-F029-F030-F031-F032-F033-F034-F035-F036-F037-F038-F039-F040-F041-F042-F043-F044-F045-F046-F047-F048-F049-F050-F051-F052-F053-F054-F055-F056-F057-F058-F059-F060-F061-F062-F063-F064-F065-F066-F067-F068-F069-F070-F071-F072-F073-F074-F075-F076-F077-F078-F079-F080-F081-F082-F083-F084-F085-F086-F087-F088-F089-F090-F091-F092-F093-F094-F095-F096-F097-F098-F099-F100-F101-F102-F103-F104-F105-F106-F107-F108-F109-F110-F111-F112-F113-F114-F115-F116-F117-F118-F119-F120-F121-F122-F123-F124-F125-F126-F127-F128-F129-F130-F131-F132-F133-F134-F135-F136-F137-F138-F139-F140-F141-F142-F143-F144-F145-F146-F147-F148-F149-F150-F151-F152-F153-F154-F155-F156-F157-F158-F159-F160-F161-F162-F163-F164-F165-F166-F167-F168-F169-F170-F171-F172-F173-F174-F175-F176-F177-F178-F179-F180-F181-F182-F183-F184-F185-F186-F187-F188-F189-F190-F191-F192-F193-F194-F195-F196-F197-F198-F199-F200-F201-F202-F203-F204-F205-F206-F207-F208-F209-F210-F211-F212-F213-F214-F215-F216-F217-F218-F219-F220-F221-F222-F223-F224-F225-F226-F227-F228-F229-F230-F231-F232-F233-F234-F235-F236-F237-F238-F239-F240-F241-F242-F243-F244-F245-F246-F247-F248-F249-F250-F251-F252-F253-F254-F255-F256-F257-F258-F259-F260-F261-F262-F263-F264-F265-F266-F267-F268-F269-F270-F271-F272-F273-F274-F275-F276-F277-F278-F279-F280-F281-F282-F283-F284-F285-F286-F287-F288-F289-F290-F291-F292-F293-F294-F295-F296-F297-F298-F299-F300-F301-F302-F303-F304-F305-F306-F307-F308-F309-F310-F311-F312-F313-F314-F315-F316-F317-F318-F319-F320-F321-F322-F323-F324-F325-F326-F327-F328-F329-F330-F331-F332-F333-F334-F335-F336-F337-F338-F339-F340-F341-F342-F343-F344-F345-F346-F347-F348-F349-F350-F351-F352-F353-F354-F355-F356-F357-F358-F359-F360-F361-F362-F363-F364-F365-F366-F367-F368-F369-F370-F371-F372-F373-F374-F375-F376-F377-F378-F379-F380-F381-F382-F383-F384-F385-F386-F387-F388-F389-F390-F391-F392-F393-F394-F395-F396-F397-F398-F399-F400-F401-F402-F403-F404-F405-F406-F407-F408-F409-F410-F411-F412-F413-F414-F415-F416-F417-F418-F419-F420-F421-F422-F423-F424-F425-F426-F427-F428-F429-F430-F431-F432-F433-F434-F435-F436-F437-F438-F439-F440-F441-F442-F443-F444-F445-F446-F447-F448-F449-F450-F451-F452-F453-F454-F455-F456-F457-F458-F459-F460-F461-F462-F463-F464-F465-F466-F467-F468-F469-F470-F471-F472-F473-F474-F475-F476-F477-F478-F479-F480-F481-F482-F483-F484-F485-F486-F487-F488-F489-F490-F491-F492-F493-F494-F495-F496-F497-F498-F499-F500-F501-F502-F503-F504-F505-F506-F507-F508-F509-F510-F511-F512

## Summary

Number of input bits: 512  
Number of free input bits: 11  
Number of output bits: 160

Number of direct occurrences: 52165  
Number of assignments: 38384  
Number of operations: 19445578
(xor: 19406614,
and: 22784,
or: 16180)

Total complexity: 1.558776615560771 × 10^356

Least occurring input variable: iv_007 (4434)  
Most occurring input variable: iv_011 (5050)

Most co-occurring input variables: iv_009-iv_010 (2532)  
Least co-occurring input variables: iv_003-iv_007 (2053)

Potentially most occurring input variable: iv_010/iv_011 (5217)  
Potentially least occurring input variable: iv_008/iv_009 (4598)

Least output occurring input variable: iv_002 (72)  
Most output occurring input variable: iv_007 (95)

Most output co-occurring input variables: iv_004-iv_008 (53)  
Least output co-occurring input variables: iv_002-iv_009 (29)

Potentially most output occurring input variable: iv_001/iv_004 (93)  
Potentially least output occurring input variable: iv_005/iv_008 (67)

Least complex input bit: iv_001 (2.811707426964953 × 10^353)  
Most complex input bit: iv_010 (3.4188635959825742 × 10^355)

Least complex output bit: aaa_76_29 (5.248196321115563 × 10^330)  
Most complex output bit: ov_001 (2.3817185393114437 × 10^355)

Least complex input/output complexity: iv_001/aaa_76_29 (9.466649952881234 × 10^327)  
Most complex input/output complexity: iv_010/ov_001 (5.223821507611787 × 10^354)

## Input Bits

### Input Bits in Regular Order

| Input Bit | Complexity | Occurrences | Output Occurrences |
|:---------:|:----------:|:-----------:|:------------------:|
| iv_001 | 2.811707426964953 × 10^353 | 4603 | 74 |
| iv_002 | 1.2032194097283552 × 10^354 | 4648 | 72 |
| iv_003 | 3.398523796720678 × 10^354 | 4783 | 89 |
| iv_004 | 7.345011534818211 × 10^354 | 4681 | 89 |
| iv_005 | 1.1730355289898808 × 10^355 | 4980 | 86 |
| iv_006 | 1.6176057292332158 × 10^355 | 4665 | 77 |
| iv_007 | 2.0877515870862322 × 10^355 | 4434 | 95 |
| iv_008 | 2.625927656329333 × 10^355 | 4583 | 85 |
| iv_009 | 3.2634526241769406 × 10^355 | 4879 | 73 |
| iv_010 | 3.4188635959825742 × 10^355 | 4859 | 91 |
| iv_011 | 1.7833688541319773 × 10^354 | 5050 | 77 |

### Input Bits Sorted by Complexity

| Input Bit | Complexity | Occurrences | Output Occurrences |
|:---------:|:----------:|:-----------:|:------------------:|
| iv_001 | 2.811707426964953 × 10^353 | 4603 | 74 |
| iv_002 | 1.2032194097283552 × 10^354 | 4648 | 72 |
| iv_011 | 1.7833688541319773 × 10^354 | 5050 | 77 |
| iv_003 | 3.398523796720678 × 10^354 | 4783 | 89 |
| iv_004 | 7.345011534818211 × 10^354 | 4681 | 89 |
| iv_005 | 1.1730355289898808 × 10^355 | 4980 | 86 |
| iv_006 | 1.6176057292332158 × 10^355 | 4665 | 77 |
| iv_007 | 2.0877515870862322 × 10^355 | 4434 | 95 |
| iv_008 | 2.625927656329333 × 10^355 | 4583 | 85 |
| iv_009 | 3.2634526241769406 × 10^355 | 4879 | 73 |
| iv_010 | 3.4188635959825742 × 10^355 | 4859 | 91 |

### Input Bits Sorted by Occurrences

| Input Bit | Complexity | Occurrences | Output Occurrences |
|:---------:|:----------:|:-----------:|:------------------:|
| iv_007 | 2.0877515870862322 × 10^355 | 4434 | 95 |
| iv_008 | 2.625927656329333 × 10^355 | 4583 | 85 |
| iv_001 | 2.811707426964953 × 10^353 | 4603 | 74 |
| iv_002 | 1.2032194097283552 × 10^354 | 4648 | 72 |
| iv_006 | 1.6176057292332158 × 10^355 | 4665 | 77 |
| iv_004 | 7.345011534818211 × 10^354 | 4681 | 89 |
| iv_003 | 3.398523796720678 × 10^354 | 4783 | 89 |
| iv_010 | 3.4188635959825742 × 10^355 | 4859 | 91 |
| iv_009 | 3.2634526241769406 × 10^355 | 4879 | 73 |
| iv_005 | 1.1730355289898808 × 10^355 | 4980 | 86 |
| iv_011 | 1.7833688541319773 × 10^354 | 5050 | 77 |

### Input Bits Sorted by Output Occurrences

| Input Bit | Complexity | Occurrences | Output Occurrences |
|:---------:|:----------:|:-----------:|:------------------:|
| iv_002 | 1.2032194097283552 × 10^354 | 4648 | 72 |
| iv_009 | 3.2634526241769406 × 10^355 | 4879 | 73 |
| iv_001 | 2.811707426964953 × 10^353 | 4603 | 74 |
| iv_006 | 1.6176057292332158 × 10^355 | 4665 | 77 |
| iv_011 | 1.7833688541319773 × 10^354 | 5050 | 77 |
| iv_008 | 2.625927656329333 × 10^355 | 4583 | 85 |
| iv_005 | 1.1730355289898808 × 10^355 | 4980 | 86 |
| iv_003 | 3.398523796720678 × 10^354 | 4783 | 89 |
| iv_004 | 7.345011534818211 × 10^354 | 4681 | 89 |
| iv_010 | 3.4188635959825742 × 10^355 | 4859 | 91 |
| iv_007 | 2.0877515870862322 × 10^355 | 4434 | 95 |

## Input Bit Co-occurrences

### Input Bit Co-occurrences Sorted by Co-occurrences

| Input Bits | Co-occurrences | Potential Occurrences | Output Co-occurrences | Potential Output Occurrences |
|:----------:|:--------------:|:---------------------:|:---------------------:|:----------------------------:|
| iv_009-iv_010 | 2532 | 4674 | 44 | 76 |
| iv_005-iv_011 | 2476 | 5078 | 43 | 77 |
| iv_008-iv_009 | 2432 | 4598 | 36 | 86 |
| iv_005-iv_010 | 2425 | 4989 | 48 | 81 |
| iv_009-iv_011 | 2383 | 5163 | 36 | 78 |
| iv_005-iv_009 | 2369 | 5121 | 42 | 75 |
| iv_004-iv_005 | 2365 | 4931 | 49 | 77 |
| iv_006-iv_011 | 2350 | 5015 | 35 | 84 |
| iv_003-iv_011 | 2349 | 5135 | 42 | 82 |
| iv_010-iv_011 | 2346 | 5217 | 41 | 86 |
| iv_002-iv_003 | 2344 | 4743 | 44 | 73 |

### Input Bit Co-occurrences Sorted by Potential Occurrences

| Input Bits | Co-occurrences | Potential Occurrences | Output Co-occurrences | Potential Output Occurrences |
|:----------:|:--------------:|:---------------------:|:---------------------:|:----------------------------:|
| iv_008-iv_009 | 2432 | 4598 | 36 | 86 |
| iv_009-iv_010 | 2532 | 4674 | 44 | 76 |
| iv_001-iv_006 | 2272 | 4724 | 41 | 69 |
| iv_002-iv_003 | 2344 | 4743 | 44 | 73 |
| iv_002-iv_007 | 2163 | 4756 | 46 | 75 |
| iv_006-iv_007 | 2166 | 4767 | 44 | 84 |
| iv_001-iv_002 | 2237 | 4777 | 34 | 78 |
| iv_001-iv_007 | 2125 | 4787 | 44 | 81 |
| iv_007-iv_009 | 2252 | 4809 | 49 | 70 |
| iv_004-iv_008 | 2223 | 4818 | 53 | 68 |
| iv_007-iv_008 | 2084 | 4849 | 49 | 82 |

### Input Bit Output Co-occurrences Sorted by Output Co-occurrences

| Input Bits | Co-occurrences | Potential Occurrences | Output Co-occurrences | Potential Output Occurrences |
|:----------:|:--------------:|:---------------------:|:---------------------:|:----------------------------:|
| iv_004-iv_007 | 2121 | 4873 | 53 | 78 |
| iv_004-iv_008 | 2223 | 4818 | 53 | 68 |
| iv_005-iv_007 | 2217 | 4980 | 52 | 77 |
| iv_005-iv_008 | 2203 | 5157 | 52 | 67 |
| iv_003-iv_007 | 2053 | 5111 | 52 | 80 |
| iv_003-iv_010 | 2233 | 5176 | 52 | 76 |
| iv_008-iv_010 | 2280 | 4882 | 52 | 72 |
| iv_004-iv_010 | 2329 | 4882 | 50 | 80 |
| iv_003-iv_004 | 2224 | 5016 | 49 | 80 |
| iv_004-iv_005 | 2365 | 4931 | 49 | 77 |
| iv_007-iv_008 | 2084 | 4849 | 49 | 82 |

### Input Bit Output Co-occurrences Sorted by Potential Output Occurrences

| Input Bits | Co-occurrences | Potential Occurrences | Output Co-occurrences | Potential Output Occurrences |
|:----------:|:--------------:|:---------------------:|:---------------------:|:----------------------------:|
| iv_005-iv_008 | 2203 | 5157 | 52 | 67 |
| iv_004-iv_008 | 2223 | 4818 | 53 | 68 |
| iv_001-iv_006 | 2272 | 4724 | 41 | 69 |
| iv_007-iv_009 | 2252 | 4809 | 49 | 70 |
| iv_008-iv_010 | 2280 | 4882 | 52 | 72 |
| iv_002-iv_003 | 2344 | 4743 | 44 | 73 |
| iv_008-iv_011 | 2297 | 5039 | 44 | 74 |
| iv_006-iv_010 | 2196 | 5132 | 47 | 74 |
| iv_002-iv_007 | 2163 | 4756 | 46 | 75 |
| iv_005-iv_009 | 2369 | 5121 | 42 | 75 |
| iv_006-iv_009 | 2180 | 5184 | 37 | 76 |

## Output Bits

### Output Bits in Regular Order

| Rank | Output Bit | Complexity |
|:----:|:----------:|:----------:|
| 1 | ov_001 | 2.3817185393114437 × 10^355 |
| 2 | ov_002 | 2.0869832323241217 × 10^355 |
| 3 | ov_003 | 1.820474785820024 × 10^355 |
| 4 | ov_004 | 1.5794526492887253 × 10^355 |
| 5 | ov_005 | 1.3613335432941343 × 10^355 |
| 6 | ov_006 | 1.1648636494561746 × 10^355 |
| 7 | ov_007 | 9.88859451781413 × 10^354 |
| 8 | ov_008 | 8.322030052311637 × 10^354 |
| 9 | ov_009 | 6.938377785417812 × 10^354 |
| 10 | ov_010 | 5.727650385762559 × 10^354 |
| 11 | ov_011 | 4.6804074529801354 × 10^354 |
| 12 | ov_012 | 3.7877292176263724 × 10^354 |
| 13 | ov_013 | 3.0332537650928894 × 10^354 |
| 14 | ov_014 | 2.4015650531227504 × 10^354 |
| 15 | ov_015 | 1.8781659804268047 × 10^354 |
| 16 | ov_016 | 1.4494568194377113 × 10^354 |
| 17 | ov_017 | 1.1027182367260796 × 10^354 |
| 18 | ov_018 | 8.260981869655034 × 10^353 |
| 19 | ov_019 | 6.086020283819175 × 10^353 |
| 20 | ov_020 | 4.400852694568253 × 10^353 |
| 21 | ov_021 | 3.1124841834808423 × 10^353 |
| 22 | ov_022 | 2.136334681001296 × 10^353 |
| 23 | ov_023 | 1.396216122746038 × 10^353 |
| 24 | ov_024 | 8.56130274305434 × 10^352 |
| 25 | ov_025 | 4.8426533303324055 × 10^352 |
| 26 | ov_026 | 2.5299315671496532 × 10^352 |
| 27 | ov_027 | 1.1960389254362194 × 10^352 |
| 28 | ov_028 | 4.975104545199605 × 10^351 |
| 29 | ov_029 | 1.7451237858913603 × 10^351 |
| 30 | ov_030 | 4.8089742333448904 × 10^350 |
| 31 | ov_031 | 9.42164810135184 × 10^349 |
| 32 | lv_80_m31 | 1.845956893677502 × 10^349 |
| 33 | ov_033 | 2.2952056106813136 × 10^350 |
| 34 | ov_034 | 2.0200302537972718 × 10^350 |
| 35 | ov_035 | 1.7710917920775716 × 10^350 |
| 36 | ov_036 | 1.545905010152128 × 10^350 |
| 37 | ov_037 | 1.3421229575615918 × 10^350 |
| 38 | ov_038 | 1.1575272681684092 × 10^350 |
| 39 | ov_039 | 9.91039773631522 × 10^349 |
| 40 | ov_040 | 8.4164038429135 × 10^349 |
| 41 | ov_041 | 7.083636609103308 × 10^349 |
| 42 | ov_042 | 5.902958596714563 × 10^349 |
| 43 | ov_043 | 4.865724039253549 × 10^349 |
| 44 | ov_044 | 3.963757388249639 × 10^349 |
| 45 | ov_045 | 3.189335275547783 × 10^349 |
| 46 | ov_046 | 2.535171503645527 × 10^349 |
| 47 | ov_047 | 1.98795813483866 × 10^349 |
| 48 | ov_048 | 1.5352088337005775 × 10^349 |
| 49 | ov_049 | 1.1652445655700643 × 10^349 |
| 50 | ov_050 | 8.671824624806119 × 10^348 |
| 51 | ov_051 | 6.309273427983814 × 10^348 |
| 52 | ov_052 | 4.471654173332897 × 10^348 |
| 53 | ov_053 | 3.0735976105781164 × 10^348 |
| 54 | ov_054 | 2.0374717585929573 × 10^348 |
| 55 | ov_055 | 1.2933611599720478 × 10^348 |
| 56 | ov_056 | 7.790539415805692 × 10^347 |
| 57 | ov_057 | 4.400343221061627 × 10^347 |
| 58 | ov_058 | 2.294786696877997 × 10^347 |
| 59 | ov_059 | 1.0825367092291051 × 10^347 |
| 60 | ov_060 | 4.491560831151233 × 10^346 |
| 61 | ov_061 | 1.5710125948638004 × 10^346 |
| 62 | ov_062 | 4.3155675187678364 × 10^345 |
| 63 | ov_063 | 8.424171452870686 × 10^344 |
| 64 | lv_79_m31 | 1.6441321305392868 × 10^344 |
| 65 | ov_065 | 2.0162947901119299 × 10^345 |
| 66 | ov_066 | 2.0162868912959517 × 10^345 |
| 67 | ov_067 | 2.016284347632706 × 10^345 |
| 68 | ov_068 | 1.7596862053064549 × 10^345 |
| 69 | ov_069 | 1.5289370666962273 × 10^345 |
| 70 | ov_070 | 1.322095301696358 × 10^345 |
| 71 | ov_071 | 1.1373310087116507 × 10^345 |
| 72 | ov_072 | 9.729177956354424 × 10^344 |
| 73 | ov_073 | 8.272254656077319 × 10^344 |
| 74 | ov_074 | 6.987135578787236 × 10^344 |
| 75 | ov_075 | 5.859256968880645 × 10^344 |
| 76 | ov_076 | 4.8748470531752585 × 10^344 |
| 77 | ov_077 | 4.0208843017290405 × 10^344 |
| 78 | ov_078 | 3.285062154841606 × 10^344 |
| 79 | ov_079 | 2.6557595001294482 × 10^344 |
| 80 | ov_080 | 2.1220162284614948 × 10^344 |
| 81 | ov_081 | 1.6735132414279036 × 10^344 |
| 82 | ov_082 | 1.3005563261174366 × 10^344 |
| 83 | ov_083 | 9.940633554876008 × 10^343 |
| 84 | ov_084 | 7.45554314683359 × 10^343 |
| 85 | ov_085 | 5.471436954196645 × 10^343 |
| 86 | ov_086 | 3.915348420880627 × 10^343 |
| 87 | ov_087 | 2.7201587465177608 × 10^343 |
| 88 | ov_088 | 1.824568547105403 × 10^343 |
| 89 | ov_089 | 1.1730790238210636 × 10^343 |
| 90 | ov_090 | 7.159801288551122 × 10^342 |
| 91 | ov_091 | 4.0934362937211606 × 10^342 |
| 92 | ov_092 | 2.150193829238664 × 10^342 |
| 93 | ov_093 | 1.0063354638967045 × 10^342 |
| 94 | ov_094 | 3.958782898180364 × 10^341 |
| 95 | aaa_78_28 | 1.1059235732856591 × 10^341 |
| 96 | aaa_78_29 | 3.2429136688926462 × 10^340 |
| 97 | ov_097 | 3.1434039223390992 × 10^340 |
| 98 | ov_098 | 3.1433947575680556 × 10^340 |
| 99 | ov_099 | 3.1433925291033743 × 10^340 |
| 100 | ov_100 | 2.7629090582269513 × 10^340 |
| 101 | ov_101 | 2.418892517608099 × 10^340 |
| 102 | ov_102 | 2.107921539654638 × 10^340 |
| 103 | ov_103 | 1.8267725911649205 × 10^340 |
| 104 | ov_104 | 1.5724062665351893 × 10^340 |
| 105 | ov_105 | 1.3433472765353026 × 10^340 |
| 106 | ov_106 | 1.1382033915182975 × 10^340 |
| 107 | ov_107 | 9.556603282382858 × 10^339 |
| 108 | ov_108 | 7.944772425671795 × 10^339 |
| 109 | ov_109 | 6.534827823916974 × 10^339 |
| 110 | ov_110 | 5.315716576215438 × 10^339 |
| 111 | ov_111 | 4.277016867967674 × 10^339 |
| 112 | ov_112 | 3.399681765577327 × 10^339 |
| 113 | ov_113 | 2.665816553068352 × 10^339 |
| 114 | ov_114 | 2.0586472778847446 × 10^339 |
| 115 | ov_115 | 1.562495727726075 × 10^339 |
| 116 | ov_116 | 1.1627600555153944 × 10^339 |
| 117 | ov_117 | 8.459001580619584 × 10^338 |
| 118 | ov_118 | 5.994269392007691 × 10^338 |
| 119 | ov_119 | 4.11894678867041 × 10^338 |
| 120 | ov_120 | 2.728958200955342 × 10^338 |
| 121 | ov_121 | 1.730575763870609 × 10^338 |
| 122 | ov_122 | 1.0403985229595847 × 10^338 |
| 123 | ov_123 | 5.8534060484609665 × 10^337 |
| 124 | ov_124 | 3.0262508505111804 × 10^337 |
| 125 | ov_125 | 1.3978116020736574 × 10^337 |
| 126 | ov_126 | 5.464302756007557 × 10^336 |
| 127 | aaa_77_28 | 1.5349522440077646 × 10^336 |
| 128 | aaa_77_29 | 4.686081818262508 × 10^335 |
| 129 | ov_129 | 2.8689265175441483 × 10^335 |
| 130 | ov_130 | 2.868916231929321 × 10^335 |
| 131 | ov_131 | 2.8689137253010634 × 10^335 |
| 132 | ov_132 | 2.5248864441229566 × 10^335 |
| 133 | ov_133 | 2.2165691247990203 × 10^335 |
| 134 | ov_134 | 1.9402088241097312 × 10^335 |
| 135 | ov_135 | 1.692271124319418 × 10^335 |
| 136 | ov_136 | 1.46942465613177 × 10^335 |
| 137 | ov_137 | 1.2685272646428645 × 10^335 |
| 138 | ov_138 | 1.0880535459295115 × 10^335 |
| 139 | ov_139 | 9.26563663332068 × 10^334 |
| 140 | ov_140 | 7.826982579987634 × 10^334 |
| 141 | ov_141 | 6.551740023724886 × 10^334 |
| 142 | ov_142 | 5.4277975187986145 × 10^334 |
| 143 | ov_143 | 4.44373252663366 × 10^334 |
| 144 | ov_144 | 3.588783657196082 × 10^334 |
| 145 | ov_145 | 2.852827702838216 × 10^334 |
| 146 | ov_146 | 2.2263610427018837 × 10^334 |
| 147 | ov_147 | 1.700484876452039 × 10^334 |
| 148 | ov_148 | 1.2668937132652863 × 10^334 |
| 149 | ov_149 | 9.17866589680627 × 10^333 |
| 150 | ov_150 | 6.46260537466283 × 10^333 |
| 151 | ov_151 | 4.395061864524694 × 10^333 |
| 152 | ov_152 | 2.8617199130464354 × 10^333 |
| 153 | ov_153 | 1.7596067852300222 × 10^333 |
| 154 | ov_154 | 9.970706895324093 × 10^332 |
| 155 | ov_155 | 4.9376837106147905 × 10^332 |
| 156 | aaa_76_25 | 1.8065880032393893 × 10^332 |
| 157 | aaa_76_26 | 9.465191199240664 × 10^331 |
| 158 | aaa_76_27 | 4.3791296565955344 × 10^331 |
| 159 | aaa_76_28 | 1.7149982103801453 × 10^331 |
| 160 | aaa_76_29 | 5.248196321115563 × 10^330 |

### Output Bits Sorted by Complexity

| Rank | Output Bit | Complexity |
|:----:|:----------:|:----------:|
| 160 | aaa_76_29 | 5.248196321115563 × 10^330 |
| 159 | aaa_76_28 | 1.7149982103801453 × 10^331 |
| 158 | aaa_76_27 | 4.3791296565955344 × 10^331 |
| 157 | aaa_76_26 | 9.465191199240664 × 10^331 |
| 156 | aaa_76_25 | 1.8065880032393893 × 10^332 |
| 155 | ov_155 | 4.9376837106147905 × 10^332 |
| 154 | ov_154 | 9.970706895324093 × 10^332 |
| 153 | ov_153 | 1.7596067852300222 × 10^333 |
| 152 | ov_152 | 2.8617199130464354 × 10^333 |
| 151 | ov_151 | 4.395061864524694 × 10^333 |
| 150 | ov_150 | 6.46260537466283 × 10^333 |
| 149 | ov_149 | 9.17866589680627 × 10^333 |
| 148 | ov_148 | 1.2668937132652863 × 10^334 |
| 147 | ov_147 | 1.700484876452039 × 10^334 |
| 146 | ov_146 | 2.2263610427018837 × 10^334 |
| 145 | ov_145 | 2.852827702838216 × 10^334 |
| 144 | ov_144 | 3.588783657196082 × 10^334 |
| 143 | ov_143 | 4.44373252663366 × 10^334 |
| 142 | ov_142 | 5.4277975187986145 × 10^334 |
| 141 | ov_141 | 6.551740023724886 × 10^334 |
| 140 | ov_140 | 7.826982579987634 × 10^334 |
| 139 | ov_139 | 9.26563663332068 × 10^334 |
| 138 | ov_138 | 1.0880535459295115 × 10^335 |
| 137 | ov_137 | 1.2685272646428645 × 10^335 |
| 136 | ov_136 | 1.46942465613177 × 10^335 |
| 135 | ov_135 | 1.692271124319418 × 10^335 |
| 134 | ov_134 | 1.9402088241097312 × 10^335 |
| 133 | ov_133 | 2.2165691247990203 × 10^335 |
| 132 | ov_132 | 2.5248864441229566 × 10^335 |
| 131 | ov_131 | 2.8689137253010634 × 10^335 |
| 130 | ov_130 | 2.868916231929321 × 10^335 |
| 129 | ov_129 | 2.8689265175441483 × 10^335 |
| 128 | aaa_77_29 | 4.686081818262508 × 10^335 |
| 127 | aaa_77_28 | 1.5349522440077646 × 10^336 |
| 126 | ov_126 | 5.464302756007557 × 10^336 |
| 125 | ov_125 | 1.3978116020736574 × 10^337 |
| 124 | ov_124 | 3.0262508505111804 × 10^337 |
| 123 | ov_123 | 5.8534060484609665 × 10^337 |
| 122 | ov_122 | 1.0403985229595847 × 10^338 |
| 121 | ov_121 | 1.730575763870609 × 10^338 |
| 120 | ov_120 | 2.728958200955342 × 10^338 |
| 119 | ov_119 | 4.11894678867041 × 10^338 |
| 118 | ov_118 | 5.994269392007691 × 10^338 |
| 117 | ov_117 | 8.459001580619584 × 10^338 |
| 116 | ov_116 | 1.1627600555153944 × 10^339 |
| 115 | ov_115 | 1.562495727726075 × 10^339 |
| 114 | ov_114 | 2.0586472778847446 × 10^339 |
| 113 | ov_113 | 2.665816553068352 × 10^339 |
| 112 | ov_112 | 3.399681765577327 × 10^339 |
| 111 | ov_111 | 4.277016867967674 × 10^339 |
| 110 | ov_110 | 5.315716576215438 × 10^339 |
| 109 | ov_109 | 6.534827823916974 × 10^339 |
| 108 | ov_108 | 7.944772425671795 × 10^339 |
| 107 | ov_107 | 9.556603282382858 × 10^339 |
| 106 | ov_106 | 1.1382033915182975 × 10^340 |
| 105 | ov_105 | 1.3433472765353026 × 10^340 |
| 104 | ov_104 | 1.5724062665351893 × 10^340 |
| 103 | ov_103 | 1.8267725911649205 × 10^340 |
| 102 | ov_102 | 2.107921539654638 × 10^340 |
| 101 | ov_101 | 2.418892517608099 × 10^340 |
| 100 | ov_100 | 2.7629090582269513 × 10^340 |
| 99 | ov_099 | 3.1433925291033743 × 10^340 |
| 98 | ov_098 | 3.1433947575680556 × 10^340 |
| 97 | ov_097 | 3.1434039223390992 × 10^340 |
| 96 | aaa_78_29 | 3.2429136688926462 × 10^340 |
| 95 | aaa_78_28 | 1.1059235732856591 × 10^341 |
| 94 | ov_094 | 3.958782898180364 × 10^341 |
| 93 | ov_093 | 1.0063354638967045 × 10^342 |
| 92 | ov_092 | 2.150193829238664 × 10^342 |
| 91 | ov_091 | 4.0934362937211606 × 10^342 |
| 90 | ov_090 | 7.159801288551122 × 10^342 |
| 89 | ov_089 | 1.1730790238210636 × 10^343 |
| 88 | ov_088 | 1.824568547105403 × 10^343 |
| 87 | ov_087 | 2.7201587465177608 × 10^343 |
| 86 | ov_086 | 3.915348420880627 × 10^343 |
| 85 | ov_085 | 5.471436954196645 × 10^343 |
| 84 | ov_084 | 7.45554314683359 × 10^343 |
| 83 | ov_083 | 9.940633554876008 × 10^343 |
| 82 | ov_082 | 1.3005563261174366 × 10^344 |
| 64 | lv_79_m31 | 1.6441321305392868 × 10^344 |
| 81 | ov_081 | 1.6735132414279036 × 10^344 |
| 80 | ov_080 | 2.1220162284614948 × 10^344 |
| 79 | ov_079 | 2.6557595001294482 × 10^344 |
| 78 | ov_078 | 3.285062154841606 × 10^344 |
| 77 | ov_077 | 4.0208843017290405 × 10^344 |
| 76 | ov_076 | 4.8748470531752585 × 10^344 |
| 75 | ov_075 | 5.859256968880645 × 10^344 |
| 74 | ov_074 | 6.987135578787236 × 10^344 |
| 73 | ov_073 | 8.272254656077319 × 10^344 |
| 63 | ov_063 | 8.424171452870686 × 10^344 |
| 72 | ov_072 | 9.729177956354424 × 10^344 |
| 71 | ov_071 | 1.1373310087116507 × 10^345 |
| 70 | ov_070 | 1.322095301696358 × 10^345 |
| 69 | ov_069 | 1.5289370666962273 × 10^345 |
| 68 | ov_068 | 1.7596862053064549 × 10^345 |
| 67 | ov_067 | 2.016284347632706 × 10^345 |
| 66 | ov_066 | 2.0162868912959517 × 10^345 |
| 65 | ov_065 | 2.0162947901119299 × 10^345 |
| 62 | ov_062 | 4.3155675187678364 × 10^345 |
| 61 | ov_061 | 1.5710125948638004 × 10^346 |
| 60 | ov_060 | 4.491560831151233 × 10^346 |
| 59 | ov_059 | 1.0825367092291051 × 10^347 |
| 58 | ov_058 | 2.294786696877997 × 10^347 |
| 57 | ov_057 | 4.400343221061627 × 10^347 |
| 56 | ov_056 | 7.790539415805692 × 10^347 |
| 55 | ov_055 | 1.2933611599720478 × 10^348 |
| 54 | ov_054 | 2.0374717585929573 × 10^348 |
| 53 | ov_053 | 3.0735976105781164 × 10^348 |
| 52 | ov_052 | 4.471654173332897 × 10^348 |
| 51 | ov_051 | 6.309273427983814 × 10^348 |
| 50 | ov_050 | 8.671824624806119 × 10^348 |
| 49 | ov_049 | 1.1652445655700643 × 10^349 |
| 48 | ov_048 | 1.5352088337005775 × 10^349 |
| 32 | lv_80_m31 | 1.845956893677502 × 10^349 |
| 47 | ov_047 | 1.98795813483866 × 10^349 |
| 46 | ov_046 | 2.535171503645527 × 10^349 |
| 45 | ov_045 | 3.189335275547783 × 10^349 |
| 44 | ov_044 | 3.963757388249639 × 10^349 |
| 43 | ov_043 | 4.865724039253549 × 10^349 |
| 42 | ov_042 | 5.902958596714563 × 10^349 |
| 41 | ov_041 | 7.083636609103308 × 10^349 |
| 40 | ov_040 | 8.4164038429135 × 10^349 |
| 31 | ov_031 | 9.42164810135184 × 10^349 |
| 39 | ov_039 | 9.91039773631522 × 10^349 |
| 38 | ov_038 | 1.1575272681684092 × 10^350 |
| 37 | ov_037 | 1.3421229575615918 × 10^350 |
| 36 | ov_036 | 1.545905010152128 × 10^350 |
| 35 | ov_035 | 1.7710917920775716 × 10^350 |
| 34 | ov_034 | 2.0200302537972718 × 10^350 |
| 33 | ov_033 | 2.2952056106813136 × 10^350 |
| 30 | ov_030 | 4.8089742333448904 × 10^350 |
| 29 | ov_029 | 1.7451237858913603 × 10^351 |
| 28 | ov_028 | 4.975104545199605 × 10^351 |
| 27 | ov_027 | 1.1960389254362194 × 10^352 |
| 26 | ov_026 | 2.5299315671496532 × 10^352 |
| 25 | ov_025 | 4.8426533303324055 × 10^352 |
| 24 | ov_024 | 8.56130274305434 × 10^352 |
| 23 | ov_023 | 1.396216122746038 × 10^353 |
| 22 | ov_022 | 2.136334681001296 × 10^353 |
| 21 | ov_021 | 3.1124841834808423 × 10^353 |
| 20 | ov_020 | 4.400852694568253 × 10^353 |
| 19 | ov_019 | 6.086020283819175 × 10^353 |
| 18 | ov_018 | 8.260981869655034 × 10^353 |
| 17 | ov_017 | 1.1027182367260796 × 10^354 |
| 16 | ov_016 | 1.4494568194377113 × 10^354 |
| 15 | ov_015 | 1.8781659804268047 × 10^354 |
| 14 | ov_014 | 2.4015650531227504 × 10^354 |
| 13 | ov_013 | 3.0332537650928894 × 10^354 |
| 12 | ov_012 | 3.7877292176263724 × 10^354 |
| 11 | ov_011 | 4.6804074529801354 × 10^354 |
| 10 | ov_010 | 5.727650385762559 × 10^354 |
| 9 | ov_009 | 6.938377785417812 × 10^354 |
| 8 | ov_008 | 8.322030052311637 × 10^354 |
| 7 | ov_007 | 9.88859451781413 × 10^354 |
| 6 | ov_006 | 1.1648636494561746 × 10^355 |
| 5 | ov_005 | 1.3613335432941343 × 10^355 |
| 4 | ov_004 | 1.5794526492887253 × 10^355 |
| 3 | ov_003 | 1.820474785820024 × 10^355 |
| 2 | ov_002 | 2.0869832323241217 × 10^355 |
| 1 | ov_001 | 2.3817185393114437 × 10^355 |

