# Results for F001-F002-F003-F004-F005-F006-F007-F008-F009-F010-F011-F012-F013-F014-F015-F016-F017-F018-F019-F020-F021-F022-F023-F024-F025-F026-F027-F028-F029-F030-F031-F032-F033-F034-F035-F036-F037-F038-F039-F040-F041-F042-F043-F044-F045-F046-F047-F048-F049-F050-F051-F052-F053-F054-F055-F056-F057-F058-F059-F060-F061-F062-F063-F064-F065-F066-F067-F068-F069-F070-F071-F072-F073-F074-F075-F076-F077-F078-F079-F080-F081-F082-F083-F084-F085-F086-F087-F088-F089-F090-F091-F092-F093-F094-F095-F096-F097-F098-F099-F100-F101-F102-F103-F104-F105-F106-F107-F108-F109-F110-F111-F112-F113-F114-F115-F116-F117-F118-F119-F120-F121-F122-F123-F124-F125-F126-F127-F128-F129-F130-F131-F132-F133-F134-F135-F136-F137-F138-F139-F140-F141-F142-F143-F144-F145-F146-F147-F148-F149-F150-F151-F152-F153-F154-F155-F156-F157-F158-F159-F160-F161-F162-F163-F164-F165-F166-F167-F168-F169-F170-F171-F172-F173-F174-F175-F176-F177-F178-F179-F180-F181-F182-F183-F184-F185-F186-F187-F188-F189-F190-F191-F192-F193-F194-F195-F196-F197-F198-F199-F200-F201-F202-F203-F204-F205-F206-F207-F208-F209-F210-F211-F212-F213-F214-F215-F216-F217-F218-F219-F220-F221-F222-F223-F224-F225-F226-F227-F228-F229-F230-F231-F232-F233-F234-F235-F236-F237-F238-F239-F240-F241-F242-F243-F244-F245-F246-F247-F248-F249-F250-F251-F252-F253-F254-F255-F256-F257-F258-F259-F260-F261-F262-F263-F264-F265-F266-F267-F268-F269-F270-F271-F272-F273-F274-F275-F276-F277-F278-F279-F280-F281-F282-F283-F284-F285-F286-F287-F288-F289-F290-F291-F292-F293-F294-F295-F296-F297-F298-F299-F300-F301-F302-F303-F304-F305-F306-F307-F308-F309-F310-F311-F312-F313-F314-F315-F316-F317-F318-F319-F320-F321-F322-F323-F324-F325-F326-F327-F328-F329-F330-F331-F332-F333-F334-F335-F336-F337-F338-F339-F340-F341-F342-F343-F344-F345-F346-F347-F348-F349-F350-F351-F352-F353-F354-F355-F356-F357-F358-F359-F360-F361-F362-F363-F364-F365-F366-F367-F368-F369-F370-F371-F372-F373-F374-F375-F376-F377-F378-F379-F380-F381-F382-F383-F384-F385-F386-F387-F388-F389-F390-F391-F392-F393-F394-F395-F396-F397-F398-F399-F400-F401-F402-F403-F404-F405-F406-F407-F408-F409-F410-F411-F412-F413-F414-F415-F416-F417-F418-F419-F420-F421-F422-F423-F424-F425-F426-F427-F428-F429-F430-F431-F432-F433-F434-F435-F436-F437-F438-F439-F440-F441-F442-F443-F444-F445-F446-F447-F448-F449-F450-F451-F452-F453-F454-F455-F456-F457-F458-F459-F460-F461-F462-F463-F464-F465-F466-F467-F468-F469-F470-F471-F472-F473-F474-F475-F476-F477-F478-F479-F480-F481-F482-F483-F484-F485-F486-F487-F488-F489-F490-F491-F492-F493-F494-F495-F496-O498503-O500505-F510-F511-F512

## Summary

Number of input bits: 512  
Number of free input bits: 11  
Number of output bits: 160

Number of direct occurrences: 44933  
Number of assignments: 31435  
Number of operations: 11067743
(xor: 11039537,
and: 14789,
or: 13417)

Total complexity: 3.675840148694709 × 10^300

Least occurring input variable: iv_502 (3820)  
Most occurring input variable: iv_500 (4286)

Most co-occurring input variables: iv_508-iv_509 (2083)  
Least co-occurring input variables: iv_499-iv_502 (1722)

Potentially most occurring input variable: iv_500/iv_508 (4544)  
Potentially least occurring input variable: iv_499/iv_504 (4156)

Least output occurring input variable: iv_498 (68)  
Most output occurring input variable: iv_497 (93)

Most output co-occurring input variables: iv_497-iv_506 (51)  
Least output co-occurring input variables: iv_498-iv_502 (27)

Potentially most output occurring input variable: iv_497/iv_498 (93)  
Potentially least output occurring input variable: iv_498/iv_500 (64)

Least complex input bit: iv_497 (1.0510840634565921 × 10^298)  
Most complex input bit: iv_500 (6.8678557506963746 × 10^299)

Least complex output bit: aaa_76_29 (1.9267698772694052 × 10^275)  
Most complex output bit: ov_001 (5.829938031167838 × 10^299)

Least complex input/output complexity: iv_497/aaa_76_29 (5.509480907827923 × 10^272)  
Most complex input/output complexity: iv_500/ov_001 (1.0892523018928736 × 10^299)

## Input Bits

### Input Bits in Regular Order

| Input Bit | Complexity | Occurrences | Output Occurrences |
|:---------:|:----------:|:-----------:|:------------------:|
| iv_497 | 1.0510840634565921 × 10^298 | 4131 | 93 |
| iv_498 | 2.826743473964187 × 10^299 | 4262 | 68 |
| iv_499 | 3.68224005192924 × 10^298 | 3891 | 72 |
| iv_500 | 6.8678557506963746 × 10^299 | 4286 | 82 |
| iv_501 | 1.0193664442055788 × 10^299 | 4081 | 79 |
| iv_502 | 1.6472289205084725 × 10^299 | 3820 | 71 |
| iv_504 | 4.0801241040094836 × 10^299 | 3931 | 69 |
| iv_506 | 3.161237398725982 × 10^299 | 3955 | 81 |
| iv_507 | 4.538783808861494 × 10^299 | 4168 | 76 |
| iv_508 | 6.027446557556869 × 10^299 | 4180 | 81 |
| iv_509 | 6.116282616880052 × 10^299 | 4228 | 78 |

### Input Bits Sorted by Complexity

| Input Bit | Complexity | Occurrences | Output Occurrences |
|:---------:|:----------:|:-----------:|:------------------:|
| iv_497 | 1.0510840634565921 × 10^298 | 4131 | 93 |
| iv_499 | 3.68224005192924 × 10^298 | 3891 | 72 |
| iv_501 | 1.0193664442055788 × 10^299 | 4081 | 79 |
| iv_502 | 1.6472289205084725 × 10^299 | 3820 | 71 |
| iv_498 | 2.826743473964187 × 10^299 | 4262 | 68 |
| iv_506 | 3.161237398725982 × 10^299 | 3955 | 81 |
| iv_504 | 4.0801241040094836 × 10^299 | 3931 | 69 |
| iv_507 | 4.538783808861494 × 10^299 | 4168 | 76 |
| iv_508 | 6.027446557556869 × 10^299 | 4180 | 81 |
| iv_509 | 6.116282616880052 × 10^299 | 4228 | 78 |
| iv_500 | 6.8678557506963746 × 10^299 | 4286 | 82 |

### Input Bits Sorted by Occurrences

| Input Bit | Complexity | Occurrences | Output Occurrences |
|:---------:|:----------:|:-----------:|:------------------:|
| iv_502 | 1.6472289205084725 × 10^299 | 3820 | 71 |
| iv_499 | 3.68224005192924 × 10^298 | 3891 | 72 |
| iv_504 | 4.0801241040094836 × 10^299 | 3931 | 69 |
| iv_506 | 3.161237398725982 × 10^299 | 3955 | 81 |
| iv_501 | 1.0193664442055788 × 10^299 | 4081 | 79 |
| iv_497 | 1.0510840634565921 × 10^298 | 4131 | 93 |
| iv_507 | 4.538783808861494 × 10^299 | 4168 | 76 |
| iv_508 | 6.027446557556869 × 10^299 | 4180 | 81 |
| iv_509 | 6.116282616880052 × 10^299 | 4228 | 78 |
| iv_498 | 2.826743473964187 × 10^299 | 4262 | 68 |
| iv_500 | 6.8678557506963746 × 10^299 | 4286 | 82 |

### Input Bits Sorted by Output Occurrences

| Input Bit | Complexity | Occurrences | Output Occurrences |
|:---------:|:----------:|:-----------:|:------------------:|
| iv_498 | 2.826743473964187 × 10^299 | 4262 | 68 |
| iv_504 | 4.0801241040094836 × 10^299 | 3931 | 69 |
| iv_502 | 1.6472289205084725 × 10^299 | 3820 | 71 |
| iv_499 | 3.68224005192924 × 10^298 | 3891 | 72 |
| iv_507 | 4.538783808861494 × 10^299 | 4168 | 76 |
| iv_509 | 6.116282616880052 × 10^299 | 4228 | 78 |
| iv_501 | 1.0193664442055788 × 10^299 | 4081 | 79 |
| iv_508 | 6.027446557556869 × 10^299 | 4180 | 81 |
| iv_506 | 3.161237398725982 × 10^299 | 3955 | 81 |
| iv_500 | 6.8678557506963746 × 10^299 | 4286 | 82 |
| iv_497 | 1.0510840634565921 × 10^298 | 4131 | 93 |

## Input Bit Co-occurrences

### Input Bit Co-occurrences Sorted by Co-occurrences

| Input Bits | Co-occurrences | Potential Occurrences | Output Co-occurrences | Potential Output Occurrences |
|:----------:|:--------------:|:---------------------:|:---------------------:|:----------------------------:|
| iv_508-iv_509 | 2083 | 4242 | 39 | 81 |
| iv_507-iv_509 | 2051 | 4294 | 37 | 80 |
| iv_498-iv_508 | 2040 | 4362 | 36 | 77 |
| iv_500-iv_501 | 2039 | 4289 | 45 | 71 |
| iv_497-iv_507 | 2035 | 4229 | 44 | 81 |
| iv_498-iv_500 | 2031 | 4486 | 43 | 64 |
| iv_497-iv_500 | 2031 | 4355 | 45 | 85 |
| iv_500-iv_507 | 2030 | 4394 | 34 | 90 |
| iv_500-iv_509 | 2026 | 4462 | 40 | 80 |
| iv_498-iv_501 | 2023 | 4297 | 34 | 79 |
| iv_497-iv_509 | 2012 | 4335 | 42 | 87 |

### Input Bit Co-occurrences Sorted by Potential Occurrences

| Input Bits | Co-occurrences | Potential Occurrences | Output Co-occurrences | Potential Output Occurrences |
|:----------:|:--------------:|:---------------------:|:---------------------:|:----------------------------:|
| iv_499-iv_504 | 1833 | 4156 | 31 | 79 |
| iv_506-iv_507 | 1982 | 4159 | 39 | 79 |
| iv_499-iv_501 | 1898 | 4176 | 38 | 75 |
| iv_504-iv_506 | 1847 | 4192 | 31 | 88 |
| iv_502-iv_506 | 1787 | 4201 | 39 | 74 |
| iv_497-iv_506 | 1936 | 4214 | 51 | 72 |
| iv_497-iv_507 | 2035 | 4229 | 44 | 81 |
| iv_501-iv_502 | 1834 | 4233 | 36 | 78 |
| iv_497-iv_502 | 1856 | 4239 | 40 | 84 |
| iv_502-iv_504 | 1756 | 4239 | 28 | 84 |
| iv_508-iv_509 | 2083 | 4242 | 39 | 81 |

### Input Bit Output Co-occurrences Sorted by Output Co-occurrences

| Input Bits | Co-occurrences | Potential Occurrences | Output Co-occurrences | Potential Output Occurrences |
|:----------:|:--------------:|:---------------------:|:---------------------:|:----------------------------:|
| iv_497-iv_506 | 1936 | 4214 | 51 | 72 |
| iv_500-iv_501 | 2039 | 4289 | 45 | 71 |
| iv_497-iv_500 | 2031 | 4355 | 45 | 85 |
| iv_497-iv_508 | 1924 | 4463 | 45 | 84 |
| iv_497-iv_507 | 2035 | 4229 | 44 | 81 |
| iv_500-iv_508 | 1961 | 4544 | 43 | 77 |
| iv_498-iv_500 | 2031 | 4486 | 43 | 64 |
| iv_501-iv_508 | 1939 | 4383 | 42 | 76 |
| iv_497-iv_501 | 1984 | 4244 | 42 | 88 |
| iv_500-iv_506 | 1975 | 4291 | 42 | 79 |
| iv_497-iv_509 | 2012 | 4335 | 42 | 87 |

### Input Bit Output Co-occurrences Sorted by Potential Output Occurrences

| Input Bits | Co-occurrences | Potential Occurrences | Output Co-occurrences | Potential Output Occurrences |
|:----------:|:--------------:|:---------------------:|:---------------------:|:----------------------------:|
| iv_498-iv_500 | 2031 | 4486 | 43 | 64 |
| iv_504-iv_507 | 1912 | 4275 | 38 | 69 |
| iv_498-iv_509 | 2008 | 4474 | 38 | 70 |
| iv_500-iv_501 | 2039 | 4289 | 45 | 71 |
| iv_504-iv_508 | 1930 | 4251 | 39 | 72 |
| iv_497-iv_506 | 1936 | 4214 | 51 | 72 |
| iv_499-iv_500 | 1949 | 4279 | 41 | 72 |
| iv_499-iv_507 | 1906 | 4247 | 38 | 72 |
| iv_498-iv_499 | 1897 | 4359 | 33 | 74 |
| iv_498-iv_507 | 1957 | 4516 | 35 | 74 |
| iv_502-iv_506 | 1787 | 4201 | 39 | 74 |

## Output Bits

### Output Bits in Regular Order

| Rank | Output Bit | Complexity |
|:----:|:----------:|:----------:|
| 1 | ov_001 | 5.829938031167838 × 10^299 |
| 2 | ov_002 | 5.0626553219889 × 10^299 |
| 3 | ov_003 | 4.374678267693636 × 10^299 |
| 4 | ov_004 | 3.76002823613582 × 10^299 |
| 5 | ov_005 | 3.2130524942416986 × 10^299 |
| 6 | ov_006 | 2.728401122229512 × 10^299 |
| 7 | ov_007 | 2.3010069259662607 × 10^299 |
| 8 | ov_008 | 1.9260681054486877 × 10^299 |
| 9 | ov_009 | 1.5990334529990754 × 10^299 |
| 10 | ov_010 | 1.3155898350315754 × 10^299 |
| 11 | ov_011 | 1.0716517084589333 × 10^299 |
| 12 | ov_012 | 8.633524370614867 × 10^298 |
| 13 | ov_013 | 6.870371871112268 × 10^298 |
| 14 | ov_014 | 5.392571952978031 × 10^298 |
| 15 | ov_015 | 4.167652155938379 × 10^298 |
| 16 | ov_016 | 3.165119651671594 × 10^298 |
| 17 | ov_017 | 2.3564340283171573 × 10^298 |
| 18 | ov_018 | 1.7149868685308675 × 10^298 |
| 19 | ov_019 | 1.2160867220774933 × 10^298 |
| 20 | ov_020 | 8.369482065107509 × 10^297 |
| 21 | ov_021 | 5.566841562181206 × 10^297 |
| 22 | ov_022 | 3.563000271605582 × 10^297 |
| 23 | ov_023 | 2.1869002684531485 × 10^297 |
| 24 | ov_024 | 1.2863456776925627 × 10^297 |
| 25 | ov_025 | 7.279870864706687 × 10^296 |
| 26 | ov_026 | 3.973130020058318 × 10^296 |
| 27 | ov_027 | 1.9864583066087183 × 10^296 |
| 28 | ov_028 | 8.885495502118924 × 10^295 |
| 29 | ov_029 | 3.4225711810357206 × 10^295 |
| 30 | ov_030 | 1.0459285739620149 × 10^295 |
| 31 | ov_031 | 2.039212557305901 × 10^294 |
| 32 | lv_80_m31 | 3.975006906595763 × 10^293 |
| 33 | ov_033 | 4.765979367206611 × 10^294 |
| 34 | ov_034 | 4.1325038105218976 × 10^294 |
| 35 | ov_035 | 3.5655800687516166 × 10^294 |
| 36 | ov_036 | 3.0599837374321235 × 10^294 |
| 37 | ov_037 | 2.6107739428612815 × 10^294 |
| 38 | ov_038 | 2.213273252176162 × 10^294 |
| 39 | ov_039 | 1.8630502668449218 × 10^294 |
| 40 | ov_040 | 1.5559046492754245 × 10^294 |
| 41 | ov_041 | 1.2878543448848199 × 10^294 |
| 42 | ov_042 | 1.0551247744006235 × 10^294 |
| 43 | ov_043 | 8.558792823454728 × 10^293 |
| 44 | ov_044 | 6.8673264502437535 × 10^293 |
| 45 | ov_045 | 5.444844426898871 × 10^293 |
| 46 | ov_046 | 4.261141229558412 × 10^293 |
| 47 | ov_047 | 3.2877708895441765 × 10^293 |
| 48 | ov_048 | 2.4980165841851294 × 10^293 |
| 49 | ov_049 | 1.866867514317397 × 10^293 |
| 50 | ov_050 | 1.3710017609410546 × 10^293 |
| 51 | ov_051 | 9.887739281387293 × 10^292 |
| 52 | ov_052 | 7.002064936511331 × 10^292 |
| 53 | ov_053 | 4.86983902554751 × 10^292 |
| 54 | ov_054 | 3.324485923216253 × 10^292 |
| 55 | ov_055 | 2.2159836105968203 × 10^292 |
| 56 | ov_056 | 1.4108469287453625 × 10^292 |
| 57 | ov_057 | 8.464659207196177 × 10^291 |
| 58 | ov_058 | 4.684922377765327 × 10^291 |
| 59 | ov_059 | 2.308372460270912 × 10^291 |
| 60 | ov_060 | 9.567116608013717 × 10^290 |
| 61 | ov_061 | 3.342276243439362 × 10^290 |
| 62 | ov_062 | 9.16960057148174 × 10^289 |
| 63 | ov_063 | 1.7874192673676975 × 10^289 |
| 64 | lv_79_m31 | 3.483392730203322 × 10^288 |
| 65 | ov_065 | 4.1492798264632383 × 10^289 |
| 66 | ov_066 | 4.1492690537354265 × 10^289 |
| 67 | ov_067 | 4.1492664981762806 × 10^289 |
| 68 | ov_068 | 3.5939282653984374 × 10^289 |
| 69 | ov_069 | 3.0965618610047256 × 10^289 |
| 70 | ov_070 | 2.652887061092022 × 10^289 |
| 71 | ov_071 | 2.258824886114551 × 10^289 |
| 72 | ov_072 | 1.9104856129867994 × 10^289 |
| 73 | ov_073 | 1.6041593784620942 × 10^289 |
| 74 | ov_074 | 1.3363089126108005 × 10^289 |
| 75 | ov_075 | 1.1035639656051007 × 10^289 |
| 76 | ov_076 | 9.027170144579466 × 10^288 |
| 77 | ov_077 | 7.307198590311532 × 10^288 |
| 78 | ov_078 | 5.846807780925802 × 10^288 |
| 79 | ov_079 | 4.6186205342562914 × 10^288 |
| 80 | ov_080 | 3.5967779908466464 × 10^288 |
| 81 | ov_081 | 2.7569207515706123 × 10^288 |
| 82 | ov_082 | 2.0761726555648428 × 10^288 |
| 83 | ov_083 | 1.53312699488914 × 10^288 |
| 84 | ov_084 | 1.107834963145659 × 10^288 |
| 85 | ov_085 | 7.817961358505768 × 10^287 |
| 86 | ov_086 | 5.379507807324192 × 10^287 |
| 87 | ov_087 | 3.6067379638157884 × 10^287 |
| 88 | ov_088 | 2.357700778321274 × 10^287 |
| 89 | ov_089 | 1.504711077482767 × 10^287 |
| 90 | ov_090 | 9.34325719363243 × 10^286 |
| 91 | ov_091 | 5.473279792616591 × 10^286 |
| 92 | ov_092 | 2.976645988916385 × 10^286 |
| 93 | ov_093 | 1.4638914989474163 × 10^286 |
| 94 | ov_094 | 6.166037114954986 × 10^285 |
| 95 | aaa_78_28 | 1.874148887064582 × 10^285 |
| 96 | aaa_78_29 | 5.613903165731845 × 10^284 |
| 97 | ov_097 | 2.923926078342065 × 10^284 |
| 98 | ov_098 | 2.923892499805366 × 10^284 |
| 99 | ov_099 | 2.9238817561455274 × 10^284 |
| 100 | ov_100 | 2.4023615839593886 × 10^284 |
| 101 | ov_101 | 1.9592105104861668 × 10^284 |
| 102 | ov_102 | 1.5862135837908224 × 10^284 |
| 103 | ov_103 | 1.2756085465638745 × 10^284 |
| 104 | ov_104 | 1.020052631922011 × 10^284 |
| 105 | ov_105 | 8.125936707950646 × 10^283 |
| 106 | ov_106 | 6.466451185599781 × 10^283 |
| 107 | ov_107 | 5.159646288193096 × 10^283 |
| 108 | ov_108 | 4.1463582173362515 × 10^283 |
| 109 | ov_109 | 3.370529132473941 × 10^283 |
| 110 | ov_110 | 2.779078900201178 × 10^283 |
| 111 | ov_111 | 2.3217993299406635 × 10^283 |
| 112 | ov_112 | 1.9512681038573329 × 10^283 |
| 113 | ov_113 | 1.6227797855275003 × 10^283 |
| 114 | ov_114 | 1.3337138261586904 × 10^283 |
| 115 | ov_115 | 1.081481375809505 × 10^283 |
| 116 | ov_116 | 8.63516920636921 × 10^282 |
| 117 | ov_117 | 6.772716650458238 × 10^282 |
| 118 | ov_118 | 5.2020848548631226 × 10^282 |
| 119 | ov_119 | 3.8979828272057714 × 10^282 |
| 120 | ov_120 | 2.835174387208085 × 10^282 |
| 121 | ov_121 | 1.9884598531396386 × 10^282 |
| 122 | ov_122 | 1.3326625568362384 × 10^282 |
| 123 | ov_123 | 8.426193219017822 × 10^281 |
| 124 | ov_124 | 4.931740397304731 × 10^281 |
| 125 | ov_125 | 2.5917368908902 × 10^281 |
| 126 | ov_126 | 1.154663053189362 × 10^281 |
| 127 | aaa_77_28 | 3.690020063196552 × 10^280 |
| 128 | aaa_77_29 | 1.3847775087369853 × 10^280 |
| 129 | ov_129 | 1.2764823555552435 × 10^280 |
| 130 | ov_130 | 1.2764786031768952 × 10^280 |
| 131 | ov_131 | 1.2764776960187125 × 10^280 |
| 132 | ov_132 | 1.10885199133731 × 10^280 |
| 133 | ov_133 | 9.579146587307752 × 10^279 |
| 134 | ov_134 | 8.223175914593764 × 10^279 |
| 135 | ov_135 | 7.014054212671601 × 10^279 |
| 136 | ov_136 | 5.939688228729004 × 10^279 |
| 137 | ov_137 | 4.9941923839875567 × 10^279 |
| 138 | ov_138 | 4.1666829532534604 × 10^279 |
| 139 | ov_139 | 3.4468300180733646 × 10^279 |
| 140 | ov_140 | 2.824830694507577 × 10^279 |
| 141 | ov_141 | 2.2913870184128096 × 10^279 |
| 142 | ov_142 | 1.8376879340599618 × 10^279 |
| 143 | ov_143 | 1.455394864162377 × 10^279 |
| 144 | ov_144 | 1.1366303713530753 × 10^279 |
| 145 | ov_145 | 8.739694529219603 × 10^278 |
| 146 | ov_146 | 6.604330422748211 × 10^278 |
| 147 | ov_147 | 4.894833221504944 × 10^278 |
| 148 | ov_148 | 3.5502048615767305 × 10^278 |
| 149 | ov_149 | 2.5138061668377113 × 10^278 |
| 150 | ov_150 | 1.7333437869436622 × 10^278 |
| 151 | ov_151 | 1.1608626039007907 × 10^278 |
| 152 | ov_152 | 7.527413404517343 × 10^277 |
| 153 | ov_153 | 4.696898153810055 × 10^277 |
| 154 | ov_154 | 2.7674710325576143 × 10^277 |
| 155 | ov_155 | 1.4328032720011156 × 10^277 |
| 156 | aaa_76_25 | 5.505496458863602 × 10^276 |
| 157 | aaa_76_26 | 3.1792150921510924 × 10^276 |
| 158 | aaa_76_27 | 1.6273567426254824 × 10^276 |
| 159 | aaa_76_28 | 6.335871213923748 × 10^275 |
| 160 | aaa_76_29 | 1.9267698772694052 × 10^275 |

### Output Bits Sorted by Complexity

| Rank | Output Bit | Complexity |
|:----:|:----------:|:----------:|
| 160 | aaa_76_29 | 1.9267698772694052 × 10^275 |
| 159 | aaa_76_28 | 6.335871213923748 × 10^275 |
| 158 | aaa_76_27 | 1.6273567426254824 × 10^276 |
| 157 | aaa_76_26 | 3.1792150921510924 × 10^276 |
| 156 | aaa_76_25 | 5.505496458863602 × 10^276 |
| 155 | ov_155 | 1.4328032720011156 × 10^277 |
| 154 | ov_154 | 2.7674710325576143 × 10^277 |
| 153 | ov_153 | 4.696898153810055 × 10^277 |
| 152 | ov_152 | 7.527413404517343 × 10^277 |
| 151 | ov_151 | 1.1608626039007907 × 10^278 |
| 150 | ov_150 | 1.7333437869436622 × 10^278 |
| 149 | ov_149 | 2.5138061668377113 × 10^278 |
| 148 | ov_148 | 3.5502048615767305 × 10^278 |
| 147 | ov_147 | 4.894833221504944 × 10^278 |
| 146 | ov_146 | 6.604330422748211 × 10^278 |
| 145 | ov_145 | 8.739694529219603 × 10^278 |
| 144 | ov_144 | 1.1366303713530753 × 10^279 |
| 143 | ov_143 | 1.455394864162377 × 10^279 |
| 142 | ov_142 | 1.8376879340599618 × 10^279 |
| 141 | ov_141 | 2.2913870184128096 × 10^279 |
| 140 | ov_140 | 2.824830694507577 × 10^279 |
| 139 | ov_139 | 3.4468300180733646 × 10^279 |
| 138 | ov_138 | 4.1666829532534604 × 10^279 |
| 137 | ov_137 | 4.9941923839875567 × 10^279 |
| 136 | ov_136 | 5.939688228729004 × 10^279 |
| 135 | ov_135 | 7.014054212671601 × 10^279 |
| 134 | ov_134 | 8.223175914593764 × 10^279 |
| 133 | ov_133 | 9.579146587307752 × 10^279 |
| 132 | ov_132 | 1.10885199133731 × 10^280 |
| 131 | ov_131 | 1.2764776960187125 × 10^280 |
| 130 | ov_130 | 1.2764786031768952 × 10^280 |
| 129 | ov_129 | 1.2764823555552435 × 10^280 |
| 128 | aaa_77_29 | 1.3847775087369853 × 10^280 |
| 127 | aaa_77_28 | 3.690020063196552 × 10^280 |
| 126 | ov_126 | 1.154663053189362 × 10^281 |
| 125 | ov_125 | 2.5917368908902 × 10^281 |
| 124 | ov_124 | 4.931740397304731 × 10^281 |
| 123 | ov_123 | 8.426193219017822 × 10^281 |
| 122 | ov_122 | 1.3326625568362384 × 10^282 |
| 121 | ov_121 | 1.9884598531396386 × 10^282 |
| 120 | ov_120 | 2.835174387208085 × 10^282 |
| 119 | ov_119 | 3.8979828272057714 × 10^282 |
| 118 | ov_118 | 5.2020848548631226 × 10^282 |
| 117 | ov_117 | 6.772716650458238 × 10^282 |
| 116 | ov_116 | 8.63516920636921 × 10^282 |
| 115 | ov_115 | 1.081481375809505 × 10^283 |
| 114 | ov_114 | 1.3337138261586904 × 10^283 |
| 113 | ov_113 | 1.6227797855275003 × 10^283 |
| 112 | ov_112 | 1.9512681038573329 × 10^283 |
| 111 | ov_111 | 2.3217993299406635 × 10^283 |
| 110 | ov_110 | 2.779078900201178 × 10^283 |
| 109 | ov_109 | 3.370529132473941 × 10^283 |
| 108 | ov_108 | 4.1463582173362515 × 10^283 |
| 107 | ov_107 | 5.159646288193096 × 10^283 |
| 106 | ov_106 | 6.466451185599781 × 10^283 |
| 105 | ov_105 | 8.125936707950646 × 10^283 |
| 104 | ov_104 | 1.020052631922011 × 10^284 |
| 103 | ov_103 | 1.2756085465638745 × 10^284 |
| 102 | ov_102 | 1.5862135837908224 × 10^284 |
| 101 | ov_101 | 1.9592105104861668 × 10^284 |
| 100 | ov_100 | 2.4023615839593886 × 10^284 |
| 99 | ov_099 | 2.9238817561455274 × 10^284 |
| 98 | ov_098 | 2.923892499805366 × 10^284 |
| 97 | ov_097 | 2.923926078342065 × 10^284 |
| 96 | aaa_78_29 | 5.613903165731845 × 10^284 |
| 95 | aaa_78_28 | 1.874148887064582 × 10^285 |
| 94 | ov_094 | 6.166037114954986 × 10^285 |
| 93 | ov_093 | 1.4638914989474163 × 10^286 |
| 92 | ov_092 | 2.976645988916385 × 10^286 |
| 91 | ov_091 | 5.473279792616591 × 10^286 |
| 90 | ov_090 | 9.34325719363243 × 10^286 |
| 89 | ov_089 | 1.504711077482767 × 10^287 |
| 88 | ov_088 | 2.357700778321274 × 10^287 |
| 87 | ov_087 | 3.6067379638157884 × 10^287 |
| 86 | ov_086 | 5.379507807324192 × 10^287 |
| 85 | ov_085 | 7.817961358505768 × 10^287 |
| 84 | ov_084 | 1.107834963145659 × 10^288 |
| 83 | ov_083 | 1.53312699488914 × 10^288 |
| 82 | ov_082 | 2.0761726555648428 × 10^288 |
| 81 | ov_081 | 2.7569207515706123 × 10^288 |
| 64 | lv_79_m31 | 3.483392730203322 × 10^288 |
| 80 | ov_080 | 3.5967779908466464 × 10^288 |
| 79 | ov_079 | 4.6186205342562914 × 10^288 |
| 78 | ov_078 | 5.846807780925802 × 10^288 |
| 77 | ov_077 | 7.307198590311532 × 10^288 |
| 76 | ov_076 | 9.027170144579466 × 10^288 |
| 75 | ov_075 | 1.1035639656051007 × 10^289 |
| 74 | ov_074 | 1.3363089126108005 × 10^289 |
| 73 | ov_073 | 1.6041593784620942 × 10^289 |
| 63 | ov_063 | 1.7874192673676975 × 10^289 |
| 72 | ov_072 | 1.9104856129867994 × 10^289 |
| 71 | ov_071 | 2.258824886114551 × 10^289 |
| 70 | ov_070 | 2.652887061092022 × 10^289 |
| 69 | ov_069 | 3.0965618610047256 × 10^289 |
| 68 | ov_068 | 3.5939282653984374 × 10^289 |
| 67 | ov_067 | 4.1492664981762806 × 10^289 |
| 66 | ov_066 | 4.1492690537354265 × 10^289 |
| 65 | ov_065 | 4.1492798264632383 × 10^289 |
| 62 | ov_062 | 9.16960057148174 × 10^289 |
| 61 | ov_061 | 3.342276243439362 × 10^290 |
| 60 | ov_060 | 9.567116608013717 × 10^290 |
| 59 | ov_059 | 2.308372460270912 × 10^291 |
| 58 | ov_058 | 4.684922377765327 × 10^291 |
| 57 | ov_057 | 8.464659207196177 × 10^291 |
| 56 | ov_056 | 1.4108469287453625 × 10^292 |
| 55 | ov_055 | 2.2159836105968203 × 10^292 |
| 54 | ov_054 | 3.324485923216253 × 10^292 |
| 53 | ov_053 | 4.86983902554751 × 10^292 |
| 52 | ov_052 | 7.002064936511331 × 10^292 |
| 51 | ov_051 | 9.887739281387293 × 10^292 |
| 50 | ov_050 | 1.3710017609410546 × 10^293 |
| 49 | ov_049 | 1.866867514317397 × 10^293 |
| 48 | ov_048 | 2.4980165841851294 × 10^293 |
| 47 | ov_047 | 3.2877708895441765 × 10^293 |
| 32 | lv_80_m31 | 3.975006906595763 × 10^293 |
| 46 | ov_046 | 4.261141229558412 × 10^293 |
| 45 | ov_045 | 5.444844426898871 × 10^293 |
| 44 | ov_044 | 6.8673264502437535 × 10^293 |
| 43 | ov_043 | 8.558792823454728 × 10^293 |
| 42 | ov_042 | 1.0551247744006235 × 10^294 |
| 41 | ov_041 | 1.2878543448848199 × 10^294 |
| 40 | ov_040 | 1.5559046492754245 × 10^294 |
| 39 | ov_039 | 1.8630502668449218 × 10^294 |
| 31 | ov_031 | 2.039212557305901 × 10^294 |
| 38 | ov_038 | 2.213273252176162 × 10^294 |
| 37 | ov_037 | 2.6107739428612815 × 10^294 |
| 36 | ov_036 | 3.0599837374321235 × 10^294 |
| 35 | ov_035 | 3.5655800687516166 × 10^294 |
| 34 | ov_034 | 4.1325038105218976 × 10^294 |
| 33 | ov_033 | 4.765979367206611 × 10^294 |
| 30 | ov_030 | 1.0459285739620149 × 10^295 |
| 29 | ov_029 | 3.4225711810357206 × 10^295 |
| 28 | ov_028 | 8.885495502118924 × 10^295 |
| 27 | ov_027 | 1.9864583066087183 × 10^296 |
| 26 | ov_026 | 3.973130020058318 × 10^296 |
| 25 | ov_025 | 7.279870864706687 × 10^296 |
| 24 | ov_024 | 1.2863456776925627 × 10^297 |
| 23 | ov_023 | 2.1869002684531485 × 10^297 |
| 22 | ov_022 | 3.563000271605582 × 10^297 |
| 21 | ov_021 | 5.566841562181206 × 10^297 |
| 20 | ov_020 | 8.369482065107509 × 10^297 |
| 19 | ov_019 | 1.2160867220774933 × 10^298 |
| 18 | ov_018 | 1.7149868685308675 × 10^298 |
| 17 | ov_017 | 2.3564340283171573 × 10^298 |
| 16 | ov_016 | 3.165119651671594 × 10^298 |
| 15 | ov_015 | 4.167652155938379 × 10^298 |
| 14 | ov_014 | 5.392571952978031 × 10^298 |
| 13 | ov_013 | 6.870371871112268 × 10^298 |
| 12 | ov_012 | 8.633524370614867 × 10^298 |
| 11 | ov_011 | 1.0716517084589333 × 10^299 |
| 10 | ov_010 | 1.3155898350315754 × 10^299 |
| 9 | ov_009 | 1.5990334529990754 × 10^299 |
| 8 | ov_008 | 1.9260681054486877 × 10^299 |
| 7 | ov_007 | 2.3010069259662607 × 10^299 |
| 6 | ov_006 | 2.728401122229512 × 10^299 |
| 5 | ov_005 | 3.2130524942416986 × 10^299 |
| 4 | ov_004 | 3.76002823613582 × 10^299 |
| 3 | ov_003 | 4.374678267693636 × 10^299 |
| 2 | ov_002 | 5.0626553219889 × 10^299 |
| 1 | ov_001 | 5.829938031167838 × 10^299 |

