# Results for F001-F002-F003-F004-F005-F006-F007-F008-F009-F010-F011-F012-F013-F014-F015-F016-F017-F018-F019-F020-F021-F022-F023-F024-F025-F026-F027-F028-F029-F030-F031-F032-F033-F034-F035-F036-F037-F038-F039-F040-F041-F042-F043-F044-F045-F046-F047-F048-F049-F050-F051-F052-F053-F054-F055-F056-F057-F058-F059-F060-F061-F062-F063-F064-F065-F066-F067-F068-F069-F070-F071-F072-F073-F074-F075-F076-F077-F078-F079-F080-F081-F082-F083-F084-F085-F086-F087-F088-F089-F090-F091-F092-F093-F094-F095-F096-F097-F098-F099-F100-F101-F102-F103-F104-F105-F106-F107-F108-F109-F110-F111-F112-F113-F114-F115-F116-F117-F118-F119-F120-F121-F122-F123-F124-F125-F126-F127-F128-F129-F130-F131-F132-F133-F134-F135-F136-F137-F138-F139-F140-F141-F142-F143-F144-F145-F146-F147-F148-F149-F150-F151-F152-F153-F154-F155-F156-F157-F158-F159-F160-F161-F162-F163-F164-F165-F166-F167-F168-F169-F170-F171-F172-F173-F174-F175-F176-F177-F178-F179-F180-F181-F182-F183-F184-F185-F186-F187-F188-F189-F190-F191-F192-F193-F194-F195-F196-F197-F198-F199-F200-F201-F202-F203-F204-F205-F206-F207-F208-F209-F210-F211-F212-F213-F214-F215-F216-F217-F218-F219-F220-F221-F222-F223-F224-F225-F226-F227-F228-F229-F230-F231-F232-F233-F234-F235-F236-F237-F238-F239-F240-F241-F242-F243-F244-F245-F246-F247-F248-F249-F250-F251-F252-F253-F254-F255-F256-F257-F258-F259-F260-F261-F262-F263-F264-F265-F266-F267-F268-F269-F270-F271-F272-F273-F274-F275-F276-F277-F278-F279-F280-F281-F282-F283-F284-F285-F286-F287-F288-F289-F290-F291-F292-F293-F294-F295-F296-F297-F298-F299-F300-F301-F302-F303-F304-F305-F306-F307-F308-F309-F310-F311-F312-F313-F314-F315-F316-F317-F318-F319-F320-F321-F322-F323-F324-F325-F326-F327-F328-F329-F330-F331-F332-F333-F334-F335-F336-F337-F338-F339-F340-F341-F342-F343-F344-F345-F346-F347-F348-F349-F350-F351-F352-F353-F354-F355-F356-F357-F358-F359-F360-F361-F362-F363-F364-F365-F366-F367-F368-F369-F370-F371-F372-F373-F374-F375-F376-F377-F378-F379-F380-F381-F382-F383-F384-F385-F386-F387-F388-F389-F390-F391-F392-F393-F394-F395-F396-F397-F398-F399-F400-F401-F402-F403-F404-F405-F406-F407-F408-F409-F410-F411-F412-F413-F414-F415-F416-F417-F418-F419-F420-F421-F422-F423-F424-F425-F426-F427-F428-F429-F430-F431-F432-F433-F434-F435-F436-F437-F438-F439-F440-F441-F442-F443-F444-F445-F446-F447-F448-F449-F450-F451-F452-F453-F454-F455-F456-F457-F458-F459-F460-F461-F462-F463-F464-F465-F466-F467-F468-F469-F470-F471-F472-F473-F474-F475-F476-F477-F478-F479-F480-F481-F482-F483-F484-F485-F486-F487-F488-F489-F490-F491-F492-F493-F494-F495-F496-T501-F509-F510-F511-F512

## Summary

Number of input bits: 512  
Number of free input bits: 11  
Number of output bits: 160

Number of direct occurrences: 44262  
Number of assignments: 31195  
Number of operations: 11245333
(xor: 11217002,
and: 15009,
or: 13322)

Total complexity: 3.8393067442638323 × 10^302

Least occurring input variable: iv_500 (3848)  
Most occurring input variable: iv_507 (4196)

Most co-occurring input variables: iv_506-iv_507 (2034)  
Least co-occurring input variables: iv_500-iv_502 (1703)

Potentially most occurring input variable: iv_503/iv_507 (4523)  
Potentially least occurring input variable: iv_504/iv_505 (4091)

Least output occurring input variable: iv_503 (70)  
Most output occurring input variable: iv_507 (89)

Most output co-occurring input variables: iv_504-iv_507 (52)  
Least output co-occurring input variables: iv_499-iv_503 (26)

Potentially most output occurring input variable: iv_497/iv_506 (99)  
Potentially least output occurring input variable: iv_497/iv_503 (67)

Least complex input bit: iv_497 (8.873451696288594 × 10^299)  
Most complex input bit: iv_505 (8.518602709444828 × 10^301)

Least complex output bit: aaa_76_29 (3.334727352475005 × 10^277)  
Most complex output bit: ov_001 (6.142097942947065 × 10^301)

Least complex input/output complexity: iv_497/aaa_76_29 (7.70726176716393 × 10^274)  
Most complex input/output complexity: iv_505/ov_001 (1.3628005174797988 × 10^301)

## Input Bits

### Input Bits in Regular Order

| Input Bit | Complexity | Occurrences | Output Occurrences |
|:---------:|:----------:|:-----------:|:------------------:|
| iv_497 | 8.873451696288594 × 10^299 | 4093 | 79 |
| iv_498 | 1.2524179938710143 × 10^300 | 4000 | 83 |
| iv_499 | 2.1150398068171015 × 10^300 | 3921 | 73 |
| iv_500 | 3.554835887821941 × 10^300 | 3848 | 78 |
| iv_502 | 1.5308608795019358 × 10^301 | 3885 | 85 |
| iv_503 | 3.000429446308799 × 10^301 | 4029 | 70 |
| iv_504 | 5.226261886832604 × 10^301 | 4012 | 87 |
| iv_505 | 8.518602709444828 × 10^301 | 4087 | 73 |
| iv_506 | 4.7651682571204825 × 10^301 | 4028 | 80 |
| iv_507 | 6.742739817781733 × 10^301 | 4196 | 89 |
| iv_508 | 7.828040559834078 × 10^301 | 4163 | 77 |

### Input Bits Sorted by Complexity

| Input Bit | Complexity | Occurrences | Output Occurrences |
|:---------:|:----------:|:-----------:|:------------------:|
| iv_497 | 8.873451696288594 × 10^299 | 4093 | 79 |
| iv_498 | 1.2524179938710143 × 10^300 | 4000 | 83 |
| iv_499 | 2.1150398068171015 × 10^300 | 3921 | 73 |
| iv_500 | 3.554835887821941 × 10^300 | 3848 | 78 |
| iv_502 | 1.5308608795019358 × 10^301 | 3885 | 85 |
| iv_503 | 3.000429446308799 × 10^301 | 4029 | 70 |
| iv_506 | 4.7651682571204825 × 10^301 | 4028 | 80 |
| iv_504 | 5.226261886832604 × 10^301 | 4012 | 87 |
| iv_507 | 6.742739817781733 × 10^301 | 4196 | 89 |
| iv_508 | 7.828040559834078 × 10^301 | 4163 | 77 |
| iv_505 | 8.518602709444828 × 10^301 | 4087 | 73 |

### Input Bits Sorted by Occurrences

| Input Bit | Complexity | Occurrences | Output Occurrences |
|:---------:|:----------:|:-----------:|:------------------:|
| iv_500 | 3.554835887821941 × 10^300 | 3848 | 78 |
| iv_502 | 1.5308608795019358 × 10^301 | 3885 | 85 |
| iv_499 | 2.1150398068171015 × 10^300 | 3921 | 73 |
| iv_498 | 1.2524179938710143 × 10^300 | 4000 | 83 |
| iv_504 | 5.226261886832604 × 10^301 | 4012 | 87 |
| iv_506 | 4.7651682571204825 × 10^301 | 4028 | 80 |
| iv_503 | 3.000429446308799 × 10^301 | 4029 | 70 |
| iv_505 | 8.518602709444828 × 10^301 | 4087 | 73 |
| iv_497 | 8.873451696288594 × 10^299 | 4093 | 79 |
| iv_508 | 7.828040559834078 × 10^301 | 4163 | 77 |
| iv_507 | 6.742739817781733 × 10^301 | 4196 | 89 |

### Input Bits Sorted by Output Occurrences

| Input Bit | Complexity | Occurrences | Output Occurrences |
|:---------:|:----------:|:-----------:|:------------------:|
| iv_503 | 3.000429446308799 × 10^301 | 4029 | 70 |
| iv_499 | 2.1150398068171015 × 10^300 | 3921 | 73 |
| iv_505 | 8.518602709444828 × 10^301 | 4087 | 73 |
| iv_508 | 7.828040559834078 × 10^301 | 4163 | 77 |
| iv_500 | 3.554835887821941 × 10^300 | 3848 | 78 |
| iv_497 | 8.873451696288594 × 10^299 | 4093 | 79 |
| iv_506 | 4.7651682571204825 × 10^301 | 4028 | 80 |
| iv_498 | 1.2524179938710143 × 10^300 | 4000 | 83 |
| iv_502 | 1.5308608795019358 × 10^301 | 3885 | 85 |
| iv_504 | 5.226261886832604 × 10^301 | 4012 | 87 |
| iv_507 | 6.742739817781733 × 10^301 | 4196 | 89 |

## Input Bit Co-occurrences

### Input Bit Co-occurrences Sorted by Co-occurrences

| Input Bits | Co-occurrences | Potential Occurrences | Output Co-occurrences | Potential Output Occurrences |
|:----------:|:--------------:|:---------------------:|:---------------------:|:----------------------------:|
| iv_506-iv_507 | 2034 | 4156 | 44 | 81 |
| iv_507-iv_508 | 2024 | 4311 | 47 | 72 |
| iv_504-iv_507 | 2010 | 4188 | 52 | 72 |
| iv_505-iv_507 | 2010 | 4263 | 43 | 76 |
| iv_504-iv_505 | 2004 | 4091 | 37 | 86 |
| iv_497-iv_505 | 1993 | 4194 | 35 | 82 |
| iv_497-iv_507 | 1985 | 4319 | 44 | 80 |
| iv_505-iv_508 | 1961 | 4328 | 36 | 78 |
| iv_503-iv_506 | 1951 | 4155 | 35 | 80 |
| iv_504-iv_508 | 1948 | 4279 | 41 | 82 |
| iv_497-iv_506 | 1944 | 4233 | 30 | 99 |

### Input Bit Co-occurrences Sorted by Potential Occurrences

| Input Bits | Co-occurrences | Potential Occurrences | Output Co-occurrences | Potential Output Occurrences |
|:----------:|:--------------:|:---------------------:|:---------------------:|:----------------------------:|
| iv_504-iv_505 | 2004 | 4091 | 37 | 86 |
| iv_498-iv_504 | 1931 | 4150 | 47 | 76 |
| iv_503-iv_506 | 1951 | 4155 | 35 | 80 |
| iv_506-iv_507 | 2034 | 4156 | 44 | 81 |
| iv_504-iv_506 | 1932 | 4176 | 44 | 79 |
| iv_504-iv_507 | 2010 | 4188 | 52 | 72 |
| iv_497-iv_505 | 1993 | 4194 | 35 | 82 |
| iv_498-iv_506 | 1906 | 4216 | 42 | 79 |
| iv_499-iv_505 | 1892 | 4224 | 38 | 70 |
| iv_498-iv_505 | 1930 | 4227 | 38 | 80 |
| iv_497-iv_506 | 1944 | 4233 | 30 | 99 |

### Input Bit Output Co-occurrences Sorted by Output Co-occurrences

| Input Bits | Co-occurrences | Potential Occurrences | Output Co-occurrences | Potential Output Occurrences |
|:----------:|:--------------:|:---------------------:|:---------------------:|:----------------------------:|
| iv_504-iv_507 | 2010 | 4188 | 52 | 72 |
| iv_498-iv_502 | 1801 | 4283 | 48 | 72 |
| iv_507-iv_508 | 2024 | 4311 | 47 | 72 |
| iv_498-iv_504 | 1931 | 4150 | 47 | 76 |
| iv_502-iv_504 | 1810 | 4277 | 46 | 80 |
| iv_502-iv_506 | 1810 | 4293 | 46 | 73 |
| iv_506-iv_507 | 2034 | 4156 | 44 | 81 |
| iv_497-iv_504 | 1891 | 4323 | 44 | 78 |
| iv_500-iv_504 | 1790 | 4280 | 44 | 77 |
| iv_497-iv_507 | 1985 | 4319 | 44 | 80 |
| iv_504-iv_506 | 1932 | 4176 | 44 | 79 |

### Input Bit Output Co-occurrences Sorted by Potential Output Occurrences

| Input Bits | Co-occurrences | Potential Occurrences | Output Co-occurrences | Potential Output Occurrences |
|:----------:|:--------------:|:---------------------:|:---------------------:|:----------------------------:|
| iv_497-iv_503 | 1879 | 4364 | 41 | 67 |
| iv_498-iv_503 | 1873 | 4283 | 43 | 67 |
| iv_499-iv_505 | 1892 | 4224 | 38 | 70 |
| iv_505-iv_506 | 1865 | 4385 | 41 | 71 |
| iv_507-iv_508 | 2024 | 4311 | 47 | 72 |
| iv_498-iv_502 | 1801 | 4283 | 48 | 72 |
| iv_504-iv_507 | 2010 | 4188 | 52 | 72 |
| iv_502-iv_506 | 1810 | 4293 | 46 | 73 |
| iv_499-iv_506 | 1839 | 4271 | 40 | 73 |
| iv_500-iv_508 | 1828 | 4355 | 40 | 75 |
| iv_505-iv_507 | 2010 | 4263 | 43 | 76 |

## Output Bits

### Output Bits in Regular Order

| Rank | Output Bit | Complexity |
|:----:|:----------:|:----------:|
| 1 | ov_001 | 6.142097942947065 × 10^301 |
| 2 | ov_002 | 5.326383995693847 × 10^301 |
| 3 | ov_003 | 4.5957011480955413 × 10^301 |
| 4 | ov_004 | 3.9435982553784314 × 10^301 |
| 5 | ov_005 | 3.363976681173799 × 10^301 |
| 6 | ov_006 | 2.8510652989134687 × 10^301 |
| 7 | ov_007 | 2.3993987007009036 × 10^301 |
| 8 | ov_008 | 2.0037983975404025 × 10^301 |
| 9 | ov_009 | 1.6593567702734832 × 10^301 |
| 10 | ov_010 | 1.3614234864208697 × 10^301 |
| 11 | ov_011 | 1.1055940948432521 × 10^301 |
| 12 | ov_012 | 8.877005415464353 × 10^300 |
| 13 | ov_013 | 7.038033960307095 × 10^300 |
| 14 | ov_014 | 5.501855934815213 × 10^300 |
| 15 | ov_015 | 4.2334748387785765 × 10^300 |
| 16 | ov_016 | 3.200029797143703 × 10^300 |
| 17 | ov_017 | 2.3707660952986523 × 10^300 |
| 18 | ov_018 | 1.7170129986550426 × 10^300 |
| 19 | ov_019 | 1.2121672366096426 × 10^300 |
| 20 | ov_020 | 8.316807569917474 × 10^299 |
| 21 | ov_021 | 5.5305171832603854 × 10^299 |
| 22 | ov_022 | 3.5581801962964616 × 10^299 |
| 23 | ov_023 | 2.2155282610049 × 10^299 |
| 24 | ov_024 | 1.3386162560445207 × 10^299 |
| 25 | ov_025 | 7.838042740558841 × 10^298 |
| 26 | ov_026 | 4.2774775382034705 × 10^298 |
| 27 | ov_027 | 2.138474314544117 × 10^298 |
| 28 | ov_028 | 9.564871260212818 × 10^297 |
| 29 | ov_029 | 3.684120551323132 × 10^297 |
| 30 | ov_030 | 1.1258598620523949 × 10^297 |
| 31 | ov_031 | 2.195163395052534 × 10^296 |
| 32 | lv_80_m31 | 4.279374076975214 × 10^295 |
| 33 | ov_033 | 5.1530998632064755 × 10^296 |
| 34 | ov_034 | 4.469627378201479 × 10^296 |
| 35 | ov_035 | 3.858759445508641 × 10^296 |
| 36 | ov_036 | 3.3144694626984133 × 10^296 |
| 37 | ov_037 | 2.831055698540448 × 10^296 |
| 38 | ov_038 | 2.403118290815054 × 10^296 |
| 39 | ov_039 | 2.0255393750895747 × 10^296 |
| 40 | ov_040 | 1.693466045827137 × 10^296 |
| 41 | ov_041 | 1.4022958668231782 × 10^296 |
| 42 | ov_042 | 1.149788576843323 × 10^296 |
| 43 | ov_043 | 9.338202622734191 × 10^295 |
| 44 | ov_044 | 7.504745240748357 × 10^295 |
| 45 | ov_045 | 5.960478352636108 × 10^295 |
| 46 | ov_046 | 4.67044076772315 × 10^295 |
| 47 | ov_047 | 3.6017023530380587 × 10^295 |
| 48 | ov_048 | 2.738301096184831 × 10^295 |
| 49 | ov_049 | 2.051277454664938 × 10^295 |
| 50 | ov_050 | 1.513626130659393 × 10^295 |
| 51 | ov_051 | 1.100282746224325 × 10^295 |
| 52 | ov_052 | 7.881144293954512 × 10^294 |
| 53 | ov_053 | 5.559132308297473 × 10^294 |
| 54 | ov_054 | 3.8439157919018134 × 10^294 |
| 55 | ov_055 | 2.5617924666297512 × 10^294 |
| 56 | ov_056 | 1.6307015677977994 × 10^294 |
| 57 | ov_057 | 9.781557850940699 × 10^293 |
| 58 | ov_058 | 5.412371214708794 × 10^293 |
| 59 | ov_059 | 2.665947514280523 × 10^293 |
| 60 | ov_060 | 1.1044405442772696 × 10^293 |
| 61 | ov_061 | 3.8566268224589365 × 10^292 |
| 62 | ov_062 | 1.0575825927647632 × 10^292 |
| 63 | ov_063 | 1.2577902412662483 × 10^291 |
| 64 | lv_79_k31 | 4.0135165901417454 × 10^290 |
| 65 | ov_065 | 4.7563175123219736 × 10^291 |
| 66 | ov_066 | 4.7563056391108445 × 10^291 |
| 67 | ov_067 | 4.756302849701949 × 10^291 |
| 68 | ov_068 | 4.110970292142199 × 10^291 |
| 69 | ov_069 | 3.534132745682065 × 10^291 |
| 70 | ov_070 | 3.020628404233474 × 10^291 |
| 71 | ov_071 | 2.5655414815186364 × 10^291 |
| 72 | ov_072 | 2.164189822322133 × 10^291 |
| 73 | ov_073 | 1.8121151244321458 × 10^291 |
| 74 | ov_074 | 1.5050749783560025 × 10^291 |
| 75 | ov_075 | 1.2390360551879726 × 10^291 |
| 76 | ov_076 | 1.010168053299713 × 10^291 |
| 77 | ov_077 | 8.14838279638415 × 10^290 |
| 78 | ov_078 | 6.4960682862242645 × 10^290 |
| 79 | ov_079 | 5.112223222589272 × 10^290 |
| 80 | ov_080 | 3.966181755926998 × 10^290 |
| 81 | ov_081 | 3.0290935195707664 × 10^290 |
| 82 | ov_082 | 2.273895727632555 × 10^290 |
| 83 | ov_083 | 1.6752894675520752 × 10^290 |
| 84 | ov_084 | 1.209719837935728 × 10^290 |
| 85 | ov_085 | 8.55359583278191 × 10^289 |
| 86 | ov_086 | 5.920958778180263 × 10^289 |
| 87 | ov_087 | 4.015199112133043 × 10^289 |
| 88 | ov_088 | 2.669189289949226 × 10^289 |
| 89 | ov_089 | 1.7327038091361564 × 10^289 |
| 90 | ov_090 | 1.0723783038072762 × 10^289 |
| 91 | ov_091 | 6.257417542891091 × 10^288 |
| 92 | ov_092 | 3.387351887237891 × 10^288 |
| 93 | ov_093 | 1.657059046845732 × 10^288 |
| 94 | ov_094 | 6.9404629617239684 × 10^287 |
| 95 | aaa_78_28 | 2.098436149273405 × 10^287 |
| 96 | aaa_78_29 | 6.235437148381525 × 10^286 |
| 97 | ov_097 | 3.50839676647013 × 10^286 |
| 98 | ov_098 | 3.5083396457494567 × 10^286 |
| 99 | ov_099 | 3.508321409768645 × 10^286 |
| 100 | ov_100 | 2.864631541684443 × 10^286 |
| 101 | ov_101 | 2.332500295586703 × 10^286 |
| 102 | ov_102 | 1.897842934597353 × 10^286 |
| 103 | ov_103 | 1.5473444907379226 × 10^286 |
| 104 | ov_104 | 1.268403601101961 × 10^286 |
| 105 | ov_105 | 1.0490837399365043 × 10^286 |
| 106 | ov_106 | 8.780711661238006 × 10^285 |
| 107 | ov_107 | 7.446389402386331 × 10^285 |
| 108 | ov_108 | 6.386163988617416 × 10^285 |
| 109 | ov_109 | 5.503635064028425 × 10^285 |
| 110 | ov_110 | 4.7074953653794357 × 10^285 |
| 111 | ov_111 | 3.9929686372422065 × 10^285 |
| 112 | ov_112 | 3.3553916830189695 × 10^285 |
| 113 | ov_113 | 2.7901898878935636 × 10^285 |
| 114 | ov_114 | 2.2928566845035124 × 10^285 |
| 115 | ov_115 | 1.8589366587857456 × 10^285 |
| 116 | ov_116 | 1.4840119938901612 × 10^285 |
| 117 | ov_117 | 1.163691950340241 × 10^285 |
| 118 | ov_118 | 8.936050808163774 × 10^284 |
| 119 | ov_119 | 6.693936304473069 × 10^284 |
| 120 | ov_120 | 4.8670936362291 × 10^284 |
| 121 | ov_121 | 3.4121038134964805 × 10^284 |
| 122 | ov_122 | 2.285587784856603 × 10^284 |
| 123 | ov_123 | 1.4441899020274399 × 10^284 |
| 124 | ov_124 | 8.445667702456342 × 10^283 |
| 125 | ov_125 | 4.433803441769436 × 10^283 |
| 126 | ov_126 | 1.972944079465965 × 10^283 |
| 127 | aaa_77_28 | 6.297322474737421 × 10^282 |
| 128 | aaa_77_29 | 2.359303692846414 × 10^282 |
| 129 | ov_129 | 2.1697627951316704 × 10^282 |
| 130 | ov_130 | 2.1697563057547427 × 10^282 |
| 131 | ov_131 | 2.1697547384610068 × 10^282 |
| 132 | ov_132 | 1.8778701480383473 × 10^282 |
| 133 | ov_133 | 1.6167385063295654 × 10^282 |
| 134 | ov_134 | 1.3840316147583436 × 10^282 |
| 135 | ov_135 | 1.1775440243213781 × 10^282 |
| 136 | ov_136 | 9.951842161814907 × 10^281 |
| 137 | ov_137 | 8.349670562222369 × 10^281 |
| 138 | ov_138 | 6.950073986052926 × 10^281 |
| 139 | ov_139 | 5.73514719667468 × 10^281 |
| 140 | ov_140 | 4.68788669621261 × 10^281 |
| 141 | ov_141 | 3.7921543552219745 × 10^281 |
| 142 | ov_142 | 3.032648148722877 × 10^281 |
| 143 | ov_143 | 2.394879050698465 × 10^281 |
| 144 | ov_144 | 1.8651531971304576 × 10^281 |
| 145 | ov_145 | 1.4305584853320941 × 10^281 |
| 146 | ov_146 | 1.078954834841592 × 10^281 |
| 147 | ov_147 | 7.989673925202397 × 10^280 |
| 148 | ov_148 | 5.799820217927569 × 10^280 |
| 149 | ov_149 | 4.121424731935768 × 10^280 |
| 150 | ov_150 | 2.8634869055786904 × 10^280 |
| 151 | ov_151 | 1.9425578772937339 × 10^280 |
| 152 | ov_152 | 1.282733742104548 × 10^280 |
| 153 | ov_153 | 8.156507709652515 × 10^279 |
| 154 | ov_154 | 4.8048207351692346 × 10^279 |
| 155 | ov_155 | 2.4869806924312606 × 10^279 |
| 156 | aaa_76_25 | 9.55361259844697 × 10^278 |
| 157 | aaa_76_26 | 5.514030198801597 × 10^278 |
| 158 | aaa_76_27 | 2.8208359852204988 × 10^278 |
| 159 | aaa_76_28 | 1.0974208586336772 × 10^278 |
| 160 | aaa_76_29 | 3.334727352475005 × 10^277 |

### Output Bits Sorted by Complexity

| Rank | Output Bit | Complexity |
|:----:|:----------:|:----------:|
| 160 | aaa_76_29 | 3.334727352475005 × 10^277 |
| 159 | aaa_76_28 | 1.0974208586336772 × 10^278 |
| 158 | aaa_76_27 | 2.8208359852204988 × 10^278 |
| 157 | aaa_76_26 | 5.514030198801597 × 10^278 |
| 156 | aaa_76_25 | 9.55361259844697 × 10^278 |
| 155 | ov_155 | 2.4869806924312606 × 10^279 |
| 154 | ov_154 | 4.8048207351692346 × 10^279 |
| 153 | ov_153 | 8.156507709652515 × 10^279 |
| 152 | ov_152 | 1.282733742104548 × 10^280 |
| 151 | ov_151 | 1.9425578772937339 × 10^280 |
| 150 | ov_150 | 2.8634869055786904 × 10^280 |
| 149 | ov_149 | 4.121424731935768 × 10^280 |
| 148 | ov_148 | 5.799820217927569 × 10^280 |
| 147 | ov_147 | 7.989673925202397 × 10^280 |
| 146 | ov_146 | 1.078954834841592 × 10^281 |
| 145 | ov_145 | 1.4305584853320941 × 10^281 |
| 144 | ov_144 | 1.8651531971304576 × 10^281 |
| 143 | ov_143 | 2.394879050698465 × 10^281 |
| 142 | ov_142 | 3.032648148722877 × 10^281 |
| 141 | ov_141 | 3.7921543552219745 × 10^281 |
| 140 | ov_140 | 4.68788669621261 × 10^281 |
| 139 | ov_139 | 5.73514719667468 × 10^281 |
| 138 | ov_138 | 6.950073986052926 × 10^281 |
| 137 | ov_137 | 8.349670562222369 × 10^281 |
| 136 | ov_136 | 9.951842161814907 × 10^281 |
| 135 | ov_135 | 1.1775440243213781 × 10^282 |
| 134 | ov_134 | 1.3840316147583436 × 10^282 |
| 133 | ov_133 | 1.6167385063295654 × 10^282 |
| 132 | ov_132 | 1.8778701480383473 × 10^282 |
| 131 | ov_131 | 2.1697547384610068 × 10^282 |
| 130 | ov_130 | 2.1697563057547427 × 10^282 |
| 129 | ov_129 | 2.1697627951316704 × 10^282 |
| 128 | aaa_77_29 | 2.359303692846414 × 10^282 |
| 127 | aaa_77_28 | 6.297322474737421 × 10^282 |
| 126 | ov_126 | 1.972944079465965 × 10^283 |
| 125 | ov_125 | 4.433803441769436 × 10^283 |
| 124 | ov_124 | 8.445667702456342 × 10^283 |
| 123 | ov_123 | 1.4441899020274399 × 10^284 |
| 122 | ov_122 | 2.285587784856603 × 10^284 |
| 121 | ov_121 | 3.4121038134964805 × 10^284 |
| 120 | ov_120 | 4.8670936362291 × 10^284 |
| 119 | ov_119 | 6.693936304473069 × 10^284 |
| 118 | ov_118 | 8.936050808163774 × 10^284 |
| 117 | ov_117 | 1.163691950340241 × 10^285 |
| 116 | ov_116 | 1.4840119938901612 × 10^285 |
| 115 | ov_115 | 1.8589366587857456 × 10^285 |
| 114 | ov_114 | 2.2928566845035124 × 10^285 |
| 113 | ov_113 | 2.7901898878935636 × 10^285 |
| 112 | ov_112 | 3.3553916830189695 × 10^285 |
| 111 | ov_111 | 3.9929686372422065 × 10^285 |
| 110 | ov_110 | 4.7074953653794357 × 10^285 |
| 109 | ov_109 | 5.503635064028425 × 10^285 |
| 108 | ov_108 | 6.386163988617416 × 10^285 |
| 107 | ov_107 | 7.446389402386331 × 10^285 |
| 106 | ov_106 | 8.780711661238006 × 10^285 |
| 105 | ov_105 | 1.0490837399365043 × 10^286 |
| 104 | ov_104 | 1.268403601101961 × 10^286 |
| 103 | ov_103 | 1.5473444907379226 × 10^286 |
| 102 | ov_102 | 1.897842934597353 × 10^286 |
| 101 | ov_101 | 2.332500295586703 × 10^286 |
| 100 | ov_100 | 2.864631541684443 × 10^286 |
| 99 | ov_099 | 3.508321409768645 × 10^286 |
| 98 | ov_098 | 3.5083396457494567 × 10^286 |
| 97 | ov_097 | 3.50839676647013 × 10^286 |
| 96 | aaa_78_29 | 6.235437148381525 × 10^286 |
| 95 | aaa_78_28 | 2.098436149273405 × 10^287 |
| 94 | ov_094 | 6.9404629617239684 × 10^287 |
| 93 | ov_093 | 1.657059046845732 × 10^288 |
| 92 | ov_092 | 3.387351887237891 × 10^288 |
| 91 | ov_091 | 6.257417542891091 × 10^288 |
| 90 | ov_090 | 1.0723783038072762 × 10^289 |
| 89 | ov_089 | 1.7327038091361564 × 10^289 |
| 88 | ov_088 | 2.669189289949226 × 10^289 |
| 87 | ov_087 | 4.015199112133043 × 10^289 |
| 86 | ov_086 | 5.920958778180263 × 10^289 |
| 85 | ov_085 | 8.55359583278191 × 10^289 |
| 84 | ov_084 | 1.209719837935728 × 10^290 |
| 83 | ov_083 | 1.6752894675520752 × 10^290 |
| 82 | ov_082 | 2.273895727632555 × 10^290 |
| 81 | ov_081 | 3.0290935195707664 × 10^290 |
| 80 | ov_080 | 3.966181755926998 × 10^290 |
| 64 | lv_79_k31 | 4.0135165901417454 × 10^290 |
| 79 | ov_079 | 5.112223222589272 × 10^290 |
| 78 | ov_078 | 6.4960682862242645 × 10^290 |
| 77 | ov_077 | 8.14838279638415 × 10^290 |
| 76 | ov_076 | 1.010168053299713 × 10^291 |
| 75 | ov_075 | 1.2390360551879726 × 10^291 |
| 63 | ov_063 | 1.2577902412662483 × 10^291 |
| 74 | ov_074 | 1.5050749783560025 × 10^291 |
| 73 | ov_073 | 1.8121151244321458 × 10^291 |
| 72 | ov_072 | 2.164189822322133 × 10^291 |
| 71 | ov_071 | 2.5655414815186364 × 10^291 |
| 70 | ov_070 | 3.020628404233474 × 10^291 |
| 69 | ov_069 | 3.534132745682065 × 10^291 |
| 68 | ov_068 | 4.110970292142199 × 10^291 |
| 67 | ov_067 | 4.756302849701949 × 10^291 |
| 66 | ov_066 | 4.7563056391108445 × 10^291 |
| 65 | ov_065 | 4.7563175123219736 × 10^291 |
| 62 | ov_062 | 1.0575825927647632 × 10^292 |
| 61 | ov_061 | 3.8566268224589365 × 10^292 |
| 60 | ov_060 | 1.1044405442772696 × 10^293 |
| 59 | ov_059 | 2.665947514280523 × 10^293 |
| 58 | ov_058 | 5.412371214708794 × 10^293 |
| 57 | ov_057 | 9.781557850940699 × 10^293 |
| 56 | ov_056 | 1.6307015677977994 × 10^294 |
| 55 | ov_055 | 2.5617924666297512 × 10^294 |
| 54 | ov_054 | 3.8439157919018134 × 10^294 |
| 53 | ov_053 | 5.559132308297473 × 10^294 |
| 52 | ov_052 | 7.881144293954512 × 10^294 |
| 51 | ov_051 | 1.100282746224325 × 10^295 |
| 50 | ov_050 | 1.513626130659393 × 10^295 |
| 49 | ov_049 | 2.051277454664938 × 10^295 |
| 48 | ov_048 | 2.738301096184831 × 10^295 |
| 47 | ov_047 | 3.6017023530380587 × 10^295 |
| 32 | lv_80_m31 | 4.279374076975214 × 10^295 |
| 46 | ov_046 | 4.67044076772315 × 10^295 |
| 45 | ov_045 | 5.960478352636108 × 10^295 |
| 44 | ov_044 | 7.504745240748357 × 10^295 |
| 43 | ov_043 | 9.338202622734191 × 10^295 |
| 42 | ov_042 | 1.149788576843323 × 10^296 |
| 41 | ov_041 | 1.4022958668231782 × 10^296 |
| 40 | ov_040 | 1.693466045827137 × 10^296 |
| 39 | ov_039 | 2.0255393750895747 × 10^296 |
| 31 | ov_031 | 2.195163395052534 × 10^296 |
| 38 | ov_038 | 2.403118290815054 × 10^296 |
| 37 | ov_037 | 2.831055698540448 × 10^296 |
| 36 | ov_036 | 3.3144694626984133 × 10^296 |
| 35 | ov_035 | 3.858759445508641 × 10^296 |
| 34 | ov_034 | 4.469627378201479 × 10^296 |
| 33 | ov_033 | 5.1530998632064755 × 10^296 |
| 30 | ov_030 | 1.1258598620523949 × 10^297 |
| 29 | ov_029 | 3.684120551323132 × 10^297 |
| 28 | ov_028 | 9.564871260212818 × 10^297 |
| 27 | ov_027 | 2.138474314544117 × 10^298 |
| 26 | ov_026 | 4.2774775382034705 × 10^298 |
| 25 | ov_025 | 7.838042740558841 × 10^298 |
| 24 | ov_024 | 1.3386162560445207 × 10^299 |
| 23 | ov_023 | 2.2155282610049 × 10^299 |
| 22 | ov_022 | 3.5581801962964616 × 10^299 |
| 21 | ov_021 | 5.5305171832603854 × 10^299 |
| 20 | ov_020 | 8.316807569917474 × 10^299 |
| 19 | ov_019 | 1.2121672366096426 × 10^300 |
| 18 | ov_018 | 1.7170129986550426 × 10^300 |
| 17 | ov_017 | 2.3707660952986523 × 10^300 |
| 16 | ov_016 | 3.200029797143703 × 10^300 |
| 15 | ov_015 | 4.2334748387785765 × 10^300 |
| 14 | ov_014 | 5.501855934815213 × 10^300 |
| 13 | ov_013 | 7.038033960307095 × 10^300 |
| 12 | ov_012 | 8.877005415464353 × 10^300 |
| 11 | ov_011 | 1.1055940948432521 × 10^301 |
| 10 | ov_010 | 1.3614234864208697 × 10^301 |
| 9 | ov_009 | 1.6593567702734832 × 10^301 |
| 8 | ov_008 | 2.0037983975404025 × 10^301 |
| 7 | ov_007 | 2.3993987007009036 × 10^301 |
| 6 | ov_006 | 2.8510652989134687 × 10^301 |
| 5 | ov_005 | 3.363976681173799 × 10^301 |
| 4 | ov_004 | 3.9435982553784314 × 10^301 |
| 3 | ov_003 | 4.5957011480955413 × 10^301 |
| 2 | ov_002 | 5.326383995693847 × 10^301 |
| 1 | ov_001 | 6.142097942947065 × 10^301 |

