# Results for F001-F002-F003-F004-F005-F006-F007-F008-F009-F010-F011-F012-F013-F014-F015-F016-F017-F018-F019-F020-F021-F022-F023-F024-F025-F026-F027-F028-F029-F030-F031-F032-F033-F034-F035-F036-F037-F038-F039-F040-F041-F042-F043-F044-F045-F046-F047-F048-F049-F050-F051-F052-F053-F054-F055-F056-F057-F058-F059-F060-F061-F062-F063-F064-F065-F066-F067-F068-F069-F070-F071-F072-F073-F074-F075-F076-F077-F078-F079-F080-F081-F082-F083-F084-F085-F086-F087-F088-F089-F090-F091-F092-F093-F094-F095-F096-F097-F098-F099-F100-F101-F102-F103-F104-F105-F106-F107-F108-F109-F110-F111-F112-F113-F114-F115-F116-F117-F118-F119-F120-F121-F122-F123-F124-F125-F126-F127-F128-F129-F130-F131-F132-F133-F134-F135-F136-F137-F138-F139-F140-F141-F142-F143-F144-F145-F146-F147-F148-F149-F150-F151-F152-F153-F154-F155-F156-F157-F158-F159-F160-F161-F162-F163-F164-F165-F166-F167-F168-F169-F170-F171-F172-F173-F174-F175-F176-F177-F178-F179-F180-F181-F182-F183-F184-F185-F186-F187-F188-F189-F190-F191-F192-F193-F194-F195-F196-F197-F198-F199-F200-F201-F202-F203-F204-F205-F206-F207-F208-F209-F210-F211-F212-F213-F214-F215-F216-F217-F218-F219-F220-F221-F222-F223-F224-F225-F226-F227-F228-F229-F230-F231-F232-F233-F234-F235-F236-F237-F238-F239-F240-F241-F242-F243-F244-F245-F246-F247-F248-F249-F250-F251-F252-F253-F254-F255-F256-F257-F258-F259-F260-F261-F262-F263-F264-F265-F266-F267-F268-F269-F270-F271-F272-F273-F274-F275-F276-F277-F278-F279-F280-F281-F282-F283-F284-F285-F286-F287-F288-F289-F290-F291-F292-F293-F294-F295-F296-F297-F298-F299-F300-F301-F302-F303-F304-F305-F306-F307-F308-F309-F310-F311-F312-F313-F314-F315-F316-F317-F318-F319-F320-F321-F322-F323-F324-F325-F326-F327-F328-F329-F330-F331-F332-F333-F334-F335-F336-F337-F338-F339-F340-F341-F342-F343-F344-F345-F346-F347-F348-F349-F350-F351-F352-F353-F354-F355-F356-F357-F358-F359-F360-F361-F362-F363-F364-F365-F366-F367-F368-F369-F370-F371-F372-F373-F374-F375-F376-F377-F378-F379-F380-F381-F382-F383-F384-F385-F386-F387-F388-F389-F390-F391-F392-F393-F394-F395-F396-F397-F398-F399-F400-F401-F402-F403-F404-F405-F406-F407-F408-F409-F410-F411-F412-F413-F414-F415-F416-F417-F418-F419-F420-F421-F422-F423-F424-F425-F426-F427-F428-F429-F430-F431-F432-F433-F434-F435-F436-F437-F438-F439-F440-F441-F442-F443-F444-F445-F446-F447-F448-F449-F450-F451-F452-F453-F454-F455-F456-F457-F458-F459-F460-F461-F462-F463-F464-F465-F466-F467-F468-F469-F470-F471-F472-F473-F474-F475-F476-F477-F478-F479-F480-F481-F482-F483-F484-F485-F486-F487-F488-F489-F490-F491-F492-F493-F494-F495-F496-O500505-E501503-F510-F511-F512

## Summary

Number of input bits: 512  
Number of free input bits: 11  
Number of output bits: 160

Number of direct occurrences: 44531  
Number of assignments: 31365  
Number of operations: 10995210
(xor: 10967038,
and: 14769,
or: 13403)

Total complexity: 3.6930348973285075 × 10^299

Least occurring input variable: iv_502 (3805)  
Most occurring input variable: iv_500 (4267)

Most co-occurring input variables: iv_508-iv_509 (2067)  
Least co-occurring input variables: iv_499-iv_502 (1719)

Potentially most occurring input variable: iv_500/iv_508 (4534)  
Potentially least occurring input variable: iv_504/iv_506 (4122)

Least output occurring input variable: iv_501 (69)  
Most output occurring input variable: iv_497 (93)

Most output co-occurring input variables: iv_497-iv_506 (51)  
Least output co-occurring input variables: iv_501-iv_504 (28)

Potentially most output occurring input variable: iv_500/iv_507 (90)  
Potentially least output occurring input variable: iv_504/iv_508 (72)

Least complex input bit: iv_497 (1.0560144233495725 × 10^297)  
Most complex input bit: iv_500 (6.90007106222214 × 10^298)

Least complex output bit: aaa_76_29 (7.508329551625584 × 10^274)  
Most complex output bit: ov_001 (5.857189239322247 × 10^298)

Least complex input/output complexity: iv_497/aaa_76_29 (2.146988729381923 × 10^272)  
Most complex input/output complexity: iv_500/ov_001 (1.0943579765639917 × 10^298)

## Input Bits

### Input Bits in Regular Order

| Input Bit | Complexity | Occurrences | Output Occurrences |
|:---------:|:----------:|:-----------:|:------------------:|
| iv_497 | 1.0560144233495725 × 10^297 | 4122 | 93 |
| iv_498 | 2.1035580764804003 × 10^297 | 3920 | 88 |
| iv_499 | 3.699512475039385 × 10^297 | 3876 | 72 |
| iv_500 | 6.90007106222214 × 10^298 | 4267 | 82 |
| iv_501 | 3.6533186621559354 × 10^298 | 4173 | 69 |
| iv_502 | 1.65495563969926 × 10^298 | 3805 | 71 |
| iv_504 | 4.099262896937846 × 10^298 | 3908 | 71 |
| iv_506 | 3.176065934924711 × 10^298 | 3946 | 81 |
| iv_507 | 4.5600740542682347 × 10^298 | 4161 | 76 |
| iv_508 | 6.055719729796539 × 10^298 | 4165 | 73 |
| iv_509 | 6.144972495793497 × 10^298 | 4188 | 78 |

### Input Bits Sorted by Complexity

| Input Bit | Complexity | Occurrences | Output Occurrences |
|:---------:|:----------:|:-----------:|:------------------:|
| iv_497 | 1.0560144233495725 × 10^297 | 4122 | 93 |
| iv_498 | 2.1035580764804003 × 10^297 | 3920 | 88 |
| iv_499 | 3.699512475039385 × 10^297 | 3876 | 72 |
| iv_502 | 1.65495563969926 × 10^298 | 3805 | 71 |
| iv_506 | 3.176065934924711 × 10^298 | 3946 | 81 |
| iv_501 | 3.6533186621559354 × 10^298 | 4173 | 69 |
| iv_504 | 4.099262896937846 × 10^298 | 3908 | 71 |
| iv_507 | 4.5600740542682347 × 10^298 | 4161 | 76 |
| iv_508 | 6.055719729796539 × 10^298 | 4165 | 73 |
| iv_509 | 6.144972495793497 × 10^298 | 4188 | 78 |
| iv_500 | 6.90007106222214 × 10^298 | 4267 | 82 |

### Input Bits Sorted by Occurrences

| Input Bit | Complexity | Occurrences | Output Occurrences |
|:---------:|:----------:|:-----------:|:------------------:|
| iv_502 | 1.65495563969926 × 10^298 | 3805 | 71 |
| iv_499 | 3.699512475039385 × 10^297 | 3876 | 72 |
| iv_504 | 4.099262896937846 × 10^298 | 3908 | 71 |
| iv_498 | 2.1035580764804003 × 10^297 | 3920 | 88 |
| iv_506 | 3.176065934924711 × 10^298 | 3946 | 81 |
| iv_497 | 1.0560144233495725 × 10^297 | 4122 | 93 |
| iv_507 | 4.5600740542682347 × 10^298 | 4161 | 76 |
| iv_508 | 6.055719729796539 × 10^298 | 4165 | 73 |
| iv_501 | 3.6533186621559354 × 10^298 | 4173 | 69 |
| iv_509 | 6.144972495793497 × 10^298 | 4188 | 78 |
| iv_500 | 6.90007106222214 × 10^298 | 4267 | 82 |

### Input Bits Sorted by Output Occurrences

| Input Bit | Complexity | Occurrences | Output Occurrences |
|:---------:|:----------:|:-----------:|:------------------:|
| iv_501 | 3.6533186621559354 × 10^298 | 4173 | 69 |
| iv_502 | 1.65495563969926 × 10^298 | 3805 | 71 |
| iv_504 | 4.099262896937846 × 10^298 | 3908 | 71 |
| iv_499 | 3.699512475039385 × 10^297 | 3876 | 72 |
| iv_508 | 6.055719729796539 × 10^298 | 4165 | 73 |
| iv_507 | 4.5600740542682347 × 10^298 | 4161 | 76 |
| iv_509 | 6.144972495793497 × 10^298 | 4188 | 78 |
| iv_506 | 3.176065934924711 × 10^298 | 3946 | 81 |
| iv_500 | 6.90007106222214 × 10^298 | 4267 | 82 |
| iv_498 | 2.1035580764804003 × 10^297 | 3920 | 88 |
| iv_497 | 1.0560144233495725 × 10^297 | 4122 | 93 |

## Input Bit Co-occurrences

### Input Bit Co-occurrences Sorted by Co-occurrences

| Input Bits | Co-occurrences | Potential Occurrences | Output Co-occurrences | Potential Output Occurrences |
|:----------:|:--------------:|:---------------------:|:---------------------:|:----------------------------:|
| iv_508-iv_509 | 2067 | 4219 | 35 | 81 |
| iv_497-iv_507 | 2034 | 4215 | 44 | 81 |
| iv_507-iv_509 | 2030 | 4289 | 38 | 78 |
| iv_500-iv_507 | 2028 | 4372 | 34 | 90 |
| iv_497-iv_500 | 2025 | 4339 | 45 | 85 |
| iv_497-iv_509 | 1995 | 4320 | 42 | 87 |
| iv_500-iv_501 | 1990 | 4460 | 38 | 75 |
| iv_500-iv_509 | 1986 | 4483 | 37 | 86 |
| iv_506-iv_507 | 1979 | 4149 | 39 | 79 |
| iv_501-iv_509 | 1970 | 4421 | 35 | 77 |
| iv_500-iv_506 | 1969 | 4275 | 42 | 79 |

### Input Bit Co-occurrences Sorted by Potential Occurrences

| Input Bits | Co-occurrences | Potential Occurrences | Output Co-occurrences | Potential Output Occurrences |
|:----------:|:--------------:|:---------------------:|:---------------------:|:----------------------------:|
| iv_504-iv_506 | 1866 | 4122 | 38 | 76 |
| iv_499-iv_504 | 1828 | 4128 | 30 | 83 |
| iv_506-iv_507 | 1979 | 4149 | 39 | 79 |
| iv_498-iv_499 | 1808 | 4180 | 44 | 72 |
| iv_497-iv_504 | 1925 | 4180 | 44 | 76 |
| iv_498-iv_504 | 1822 | 4184 | 40 | 79 |
| iv_498-iv_506 | 1839 | 4188 | 41 | 87 |
| iv_499-iv_508 | 1923 | 4195 | 36 | 73 |
| iv_502-iv_504 | 1759 | 4195 | 33 | 76 |
| iv_502-iv_506 | 1776 | 4199 | 38 | 76 |
| iv_497-iv_506 | 1932 | 4204 | 51 | 72 |

### Input Bit Output Co-occurrences Sorted by Output Co-occurrences

| Input Bits | Co-occurrences | Potential Occurrences | Output Co-occurrences | Potential Output Occurrences |
|:----------:|:--------------:|:---------------------:|:---------------------:|:----------------------------:|
| iv_497-iv_506 | 1932 | 4204 | 51 | 72 |
| iv_497-iv_498 | 1882 | 4278 | 50 | 81 |
| iv_497-iv_500 | 2025 | 4339 | 45 | 85 |
| iv_498-iv_500 | 1935 | 4317 | 45 | 80 |
| iv_498-iv_509 | 1864 | 4380 | 44 | 78 |
| iv_497-iv_504 | 1925 | 4180 | 44 | 76 |
| iv_497-iv_507 | 2034 | 4215 | 44 | 81 |
| iv_498-iv_499 | 1808 | 4180 | 44 | 72 |
| iv_498-iv_507 | 1891 | 4299 | 43 | 78 |
| iv_500-iv_506 | 1969 | 4275 | 42 | 79 |
| iv_497-iv_509 | 1995 | 4320 | 42 | 87 |

### Input Bit Output Co-occurrences Sorted by Potential Output Occurrences

| Input Bits | Co-occurrences | Potential Occurrences | Output Co-occurrences | Potential Output Occurrences |
|:----------:|:--------------:|:---------------------:|:---------------------:|:----------------------------:|
| iv_504-iv_508 | 1921 | 4231 | 36 | 72 |
| iv_497-iv_506 | 1932 | 4204 | 51 | 72 |
| iv_499-iv_500 | 1944 | 4255 | 41 | 72 |
| iv_499-iv_507 | 1902 | 4233 | 38 | 72 |
| iv_498-iv_499 | 1808 | 4180 | 44 | 72 |
| iv_499-iv_508 | 1923 | 4195 | 36 | 73 |
| iv_507-iv_508 | 1959 | 4408 | 38 | 73 |
| iv_499-iv_501 | 1834 | 4381 | 34 | 73 |
| iv_500-iv_501 | 1990 | 4460 | 38 | 75 |
| iv_502-iv_507 | 1870 | 4226 | 36 | 75 |
| iv_502-iv_504 | 1759 | 4195 | 33 | 76 |

## Output Bits

### Output Bits in Regular Order

| Rank | Output Bit | Complexity |
|:----:|:----------:|:----------:|
| 1 | ov_001 | 5.857189239322247 × 10^298 |
| 2 | ov_002 | 5.086325160532616 × 10^298 |
| 3 | ov_003 | 4.395135748105843 × 10^298 |
| 4 | ov_004 | 3.7776147580867553 × 10^298 |
| 5 | ov_005 | 3.2280833274062934 × 10^298 |
| 6 | ov_006 | 2.741166781926816 × 10^298 |
| 7 | ov_007 | 2.3117744570852181 × 10^298 |
| 8 | ov_008 | 1.9350822879214317 × 10^298 |
| 9 | ov_009 | 1.6065179409466735 × 10^298 |
| 10 | ov_010 | 1.321748240464012 × 10^298 |
| 11 | ov_011 | 1.0766686391522356 × 10^298 |
| 12 | ov_012 | 8.673944970502561 × 10^297 |
| 13 | ov_013 | 6.902539471258088 × 10^297 |
| 14 | ov_014 | 5.417821394423871 × 10^297 |
| 15 | ov_015 | 4.1871666960479945 × 10^297 |
| 16 | ov_016 | 3.179940107092899 × 10^297 |
| 17 | ov_017 | 2.3674678148274572 × 10^297 |
| 18 | ov_018 | 1.7230169669304888 × 10^297 |
| 19 | ov_019 | 1.2217805926818426 × 10^297 |
| 20 | ov_020 | 8.40866668889011 × 10^296 |
| 21 | ov_021 | 5.592902458677891 × 10^296 |
| 22 | ov_022 | 3.5796783721655193 × 10^296 |
| 23 | ov_023 | 2.1971354056622653 × 10^296 |
| 24 | ov_024 | 1.2923648581389445 × 10^296 |
| 25 | ov_025 | 7.31392737693219 × 10^295 |
| 26 | ov_026 | 3.9917120920431155 × 10^295 |
| 27 | ov_027 | 1.9957457077162245 × 10^295 |
| 28 | ov_028 | 8.927020930517351 × 10^294 |
| 29 | ov_029 | 3.438558292180686 × 10^294 |
| 30 | ov_030 | 1.050811489355359 × 10^294 |
| 31 | ov_031 | 2.0487258805717656 × 10^293 |
| 32 | lv_80_m31 | 3.993536793254906 × 10^292 |
| 33 | ov_033 | 4.787712353057602 × 10^293 |
| 34 | ov_034 | 4.1512659488189106 × 10^293 |
| 35 | ov_035 | 3.581682003413055 × 10^293 |
| 36 | ov_036 | 3.0737152856925785 × 10^293 |
| 37 | ov_037 | 2.622404122546569 × 10^293 |
| 38 | ov_038 | 2.2230504431895352 × 10^293 |
| 39 | ov_039 | 1.871202512499808 × 10^293 |
| 40 | ov_040 | 1.5626400929079552 × 10^293 |
| 41 | ov_041 | 1.2933617902280194 × 10^293 |
| 42 | ov_042 | 1.0595743538912086 × 10^293 |
| 43 | ov_043 | 8.594319722530156 × 10^292 |
| 44 | ov_044 | 6.895323379928983 × 10^292 |
| 45 | ov_045 | 5.466588304954785 × 10^292 |
| 46 | ov_046 | 4.277756160743356 × 10^292 |
| 47 | ov_047 | 3.3002375854545375 × 10^292 |
| 48 | ov_048 | 2.5071818874460393 × 10^292 |
| 49 | ov_049 | 1.873453932714737 × 10^292 |
| 50 | ov_050 | 1.3756169421573592 × 10^292 |
| 51 | ov_051 | 9.919200292420171 × 10^291 |
| 52 | ov_052 | 7.022894204511702 × 10^291 |
| 53 | ov_053 | 4.883224117064868 × 10^291 |
| 54 | ov_054 | 3.332832627749259 × 10^291 |
| 55 | ov_055 | 2.221004503405726 × 10^291 |
| 56 | ov_056 | 1.413648983602614 × 10^291 |
| 57 | ov_057 | 8.478751086216401 × 10^290 |
| 58 | ov_058 | 4.690968146548664 × 10^290 |
| 59 | ov_059 | 2.310308385129592 × 10^290 |
| 60 | ov_060 | 9.56957453379106 × 10^289 |
| 61 | ov_061 | 3.3411570133132717 × 10^289 |
| 62 | ov_062 | 9.161255669312914 × 10^288 |
| 63 | ov_063 | 1.7847329795258198 × 10^288 |
| 64 | lv_79_m31 | 3.4761528906971338 × 10^287 |
| 65 | ov_065 | 4.14702724013814 × 10^288 |
| 66 | ov_066 | 4.1470143324978963 × 10^288 |
| 67 | ov_067 | 4.147011173417911 × 10^288 |
| 68 | ov_068 | 3.585778777165336 × 10^288 |
| 69 | ov_069 | 3.084989089193666 × 10^288 |
| 70 | ov_070 | 2.6397526346804107 × 10^288 |
| 71 | ov_071 | 2.245480812635744 × 10^288 |
| 72 | ov_072 | 1.897865523147929 × 10^288 |
| 73 | ov_073 | 1.592860595053925 × 10^288 |
| 74 | ov_074 | 1.3266649188572568 × 10^288 |
| 75 | ov_075 | 1.0957071933872424 × 10^288 |
| 76 | ov_076 | 8.966321977032045 × 10^287 |
| 77 | ov_077 | 7.262885021785068 × 10^287 |
| 78 | ov_078 | 5.817175346374292 × 10^287 |
| 79 | ov_079 | 4.6014391893628884 × 10^287 |
| 80 | ov_080 | 3.5896700454452165 × 10^287 |
| 81 | ov_081 | 2.757535065540896 × 10^287 |
| 82 | ov_082 | 2.082311761836149 × 10^287 |
| 83 | ov_083 | 1.5428342229869841 × 10^287 |
| 84 | ov_084 | 1.119448047877389 × 10^287 |
| 85 | ov_085 | 7.939732085134629 × 10^286 |
| 86 | ov_086 | 5.496740541166849 × 10^286 |
| 87 | ov_087 | 3.7123566945430725 × 10^286 |
| 88 | ov_088 | 2.4474580105452374 × 10^286 |
| 89 | ov_089 | 1.576815653094627 × 10^286 |
| 90 | ov_090 | 9.890015265788115 × 10^285 |
| 91 | ov_091 | 5.863274212996534 × 10^285 |
| 92 | ov_092 | 3.2337835801600286 × 10^285 |
| 93 | ov_093 | 1.6158445022782655 × 10^285 |
| 94 | ov_094 | 6.921443020157162 × 10^284 |
| 95 | aaa_78_28 | 2.137300232518441 × 10^284 |
| 96 | aaa_78_29 | 6.563871509504747 × 10^283 |
| 97 | ov_097 | 4.335123278789269 × 10^283 |
| 98 | ov_098 | 4.334992581253129 × 10^283 |
| 99 | ov_099 | 4.334950764101505 × 10^283 |
| 100 | ov_100 | 3.9009084701259445 × 10^283 |
| 101 | ov_101 | 3.498922139080373 × 10^283 |
| 102 | ov_102 | 3.127226818515647 × 10^283 |
| 103 | ov_103 | 2.78418679112639 × 10^283 |
| 104 | ov_104 | 2.46827879225045 × 10^283 |
| 105 | ov_105 | 2.1780767551368287 × 10^283 |
| 106 | ov_106 | 1.9122380049601536 × 10^283 |
| 107 | ov_107 | 1.6694908254486398 × 10^283 |
| 108 | ov_108 | 1.4486233243095327 × 10^283 |
| 109 | ov_109 | 1.2484735254612574 × 10^283 |
| 110 | ov_110 | 1.0679206174858648 × 10^283 |
| 111 | ov_111 | 9.058772887652257 × 10^282 |
| 112 | ov_112 | 7.612830805258417 × 10^282 |
| 113 | ov_113 | 6.330986895495647 × 10^282 |
| 114 | ov_114 | 5.2030115265769635 × 10^282 |
| 115 | ov_115 | 4.218798452932822 × 10^282 |
| 116 | ov_116 | 3.368332266564714 × 10^282 |
| 117 | ov_117 | 2.6416626392399551 × 10^282 |
| 118 | ov_118 | 2.0288846813052343 × 10^282 |
| 119 | ov_119 | 1.5201247432004172 × 10^282 |
| 120 | ov_120 | 1.1055305161362207 × 10^282 |
| 121 | ov_121 | 7.752639028917371 × 10^281 |
| 122 | ov_122 | 5.194957679425767 × 10^281 |
| 123 | ov_123 | 3.284022301609332 × 10^281 |
| 124 | ov_124 | 1.921621613386735 × 10^281 |
| 125 | ov_125 | 1.009556359928419 × 10^281 |
| 126 | ov_126 | 4.496314032100379 × 10^280 |
| 127 | aaa_77_28 | 1.4365268422558013 × 10^280 |
| 128 | aaa_77_29 | 5.38999743315711 × 10^279 |
| 129 | ov_129 | 4.9757595010407197 × 10^279 |
| 130 | ov_130 | 4.975744875078416 × 10^279 |
| 131 | ov_131 | 4.975741337985178 × 10^279 |
| 132 | ov_132 | 4.318377453518663 × 10^279 |
| 133 | ov_133 | 3.7284209590545814 × 10^279 |
| 134 | ov_134 | 3.200614268255461 × 10^279 |
| 135 | ov_135 | 2.7299819394244444 × 10^279 |
| 136 | ov_136 | 2.3118104231495574 × 10^279 |
| 137 | ov_137 | 1.9438060668109075 × 10^279 |
| 138 | ov_138 | 1.6217290819690705 × 10^279 |
| 139 | ov_139 | 1.3415563126583444 × 10^279 |
| 140 | ov_140 | 1.0994705689511974 × 10^279 |
| 141 | ov_141 | 8.918518161406823 × 10^278 |
| 142 | ov_142 | 7.152699987498414 × 10^278 |
| 143 | ov_143 | 5.664792914259262 × 10^278 |
| 144 | ov_144 | 4.4241358151181976 × 10^278 |
| 145 | ov_145 | 3.401830007456466 × 10^278 |
| 146 | ov_146 | 2.570713361497022 × 10^278 |
| 147 | ov_147 | 1.9053416274957477 × 10^278 |
| 148 | ov_148 | 1.3819755332439589 × 10^278 |
| 149 | ov_149 | 9.785723293557879 × 10^277 |
| 150 | ov_150 | 6.747805851795677 × 10^277 |
| 151 | ov_151 | 4.519371634669452 × 10^277 |
| 152 | ov_152 | 2.9306547069146276 × 10^277 |
| 153 | ov_153 | 1.8287436352324805 × 10^277 |
| 154 | ov_154 | 1.0775741564358881 × 10^277 |
| 155 | ov_155 | 5.579243676906359 × 10^276 |
| 156 | aaa_76_25 | 2.1439352388853367 × 10^276 |
| 157 | aaa_76_26 | 1.2381901227239844 × 10^276 |
| 158 | aaa_76_27 | 6.338879852946453 × 10^275 |
| 159 | aaa_76_28 | 2.4684417235991823 × 10^275 |
| 160 | aaa_76_29 | 7.508329551625584 × 10^274 |

### Output Bits Sorted by Complexity

| Rank | Output Bit | Complexity |
|:----:|:----------:|:----------:|
| 160 | aaa_76_29 | 7.508329551625584 × 10^274 |
| 159 | aaa_76_28 | 2.4684417235991823 × 10^275 |
| 158 | aaa_76_27 | 6.338879852946453 × 10^275 |
| 157 | aaa_76_26 | 1.2381901227239844 × 10^276 |
| 156 | aaa_76_25 | 2.1439352388853367 × 10^276 |
| 155 | ov_155 | 5.579243676906359 × 10^276 |
| 154 | ov_154 | 1.0775741564358881 × 10^277 |
| 153 | ov_153 | 1.8287436352324805 × 10^277 |
| 152 | ov_152 | 2.9306547069146276 × 10^277 |
| 151 | ov_151 | 4.519371634669452 × 10^277 |
| 150 | ov_150 | 6.747805851795677 × 10^277 |
| 149 | ov_149 | 9.785723293557879 × 10^277 |
| 148 | ov_148 | 1.3819755332439589 × 10^278 |
| 147 | ov_147 | 1.9053416274957477 × 10^278 |
| 146 | ov_146 | 2.570713361497022 × 10^278 |
| 145 | ov_145 | 3.401830007456466 × 10^278 |
| 144 | ov_144 | 4.4241358151181976 × 10^278 |
| 143 | ov_143 | 5.664792914259262 × 10^278 |
| 142 | ov_142 | 7.152699987498414 × 10^278 |
| 141 | ov_141 | 8.918518161406823 × 10^278 |
| 140 | ov_140 | 1.0994705689511974 × 10^279 |
| 139 | ov_139 | 1.3415563126583444 × 10^279 |
| 138 | ov_138 | 1.6217290819690705 × 10^279 |
| 137 | ov_137 | 1.9438060668109075 × 10^279 |
| 136 | ov_136 | 2.3118104231495574 × 10^279 |
| 135 | ov_135 | 2.7299819394244444 × 10^279 |
| 134 | ov_134 | 3.200614268255461 × 10^279 |
| 133 | ov_133 | 3.7284209590545814 × 10^279 |
| 132 | ov_132 | 4.318377453518663 × 10^279 |
| 131 | ov_131 | 4.975741337985178 × 10^279 |
| 130 | ov_130 | 4.975744875078416 × 10^279 |
| 129 | ov_129 | 4.9757595010407197 × 10^279 |
| 128 | aaa_77_29 | 5.38999743315711 × 10^279 |
| 127 | aaa_77_28 | 1.4365268422558013 × 10^280 |
| 126 | ov_126 | 4.496314032100379 × 10^280 |
| 125 | ov_125 | 1.009556359928419 × 10^281 |
| 124 | ov_124 | 1.921621613386735 × 10^281 |
| 123 | ov_123 | 3.284022301609332 × 10^281 |
| 122 | ov_122 | 5.194957679425767 × 10^281 |
| 121 | ov_121 | 7.752639028917371 × 10^281 |
| 120 | ov_120 | 1.1055305161362207 × 10^282 |
| 119 | ov_119 | 1.5201247432004172 × 10^282 |
| 118 | ov_118 | 2.0288846813052343 × 10^282 |
| 117 | ov_117 | 2.6416626392399551 × 10^282 |
| 116 | ov_116 | 3.368332266564714 × 10^282 |
| 115 | ov_115 | 4.218798452932822 × 10^282 |
| 114 | ov_114 | 5.2030115265769635 × 10^282 |
| 113 | ov_113 | 6.330986895495647 × 10^282 |
| 112 | ov_112 | 7.612830805258417 × 10^282 |
| 111 | ov_111 | 9.058772887652257 × 10^282 |
| 110 | ov_110 | 1.0679206174858648 × 10^283 |
| 109 | ov_109 | 1.2484735254612574 × 10^283 |
| 108 | ov_108 | 1.4486233243095327 × 10^283 |
| 107 | ov_107 | 1.6694908254486398 × 10^283 |
| 106 | ov_106 | 1.9122380049601536 × 10^283 |
| 105 | ov_105 | 2.1780767551368287 × 10^283 |
| 104 | ov_104 | 2.46827879225045 × 10^283 |
| 103 | ov_103 | 2.78418679112639 × 10^283 |
| 102 | ov_102 | 3.127226818515647 × 10^283 |
| 101 | ov_101 | 3.498922139080373 × 10^283 |
| 100 | ov_100 | 3.9009084701259445 × 10^283 |
| 99 | ov_099 | 4.334950764101505 × 10^283 |
| 98 | ov_098 | 4.334992581253129 × 10^283 |
| 97 | ov_097 | 4.335123278789269 × 10^283 |
| 96 | aaa_78_29 | 6.563871509504747 × 10^283 |
| 95 | aaa_78_28 | 2.137300232518441 × 10^284 |
| 94 | ov_094 | 6.921443020157162 × 10^284 |
| 93 | ov_093 | 1.6158445022782655 × 10^285 |
| 92 | ov_092 | 3.2337835801600286 × 10^285 |
| 91 | ov_091 | 5.863274212996534 × 10^285 |
| 90 | ov_090 | 9.890015265788115 × 10^285 |
| 89 | ov_089 | 1.576815653094627 × 10^286 |
| 88 | ov_088 | 2.4474580105452374 × 10^286 |
| 87 | ov_087 | 3.7123566945430725 × 10^286 |
| 86 | ov_086 | 5.496740541166849 × 10^286 |
| 85 | ov_085 | 7.939732085134629 × 10^286 |
| 84 | ov_084 | 1.119448047877389 × 10^287 |
| 83 | ov_083 | 1.5428342229869841 × 10^287 |
| 82 | ov_082 | 2.082311761836149 × 10^287 |
| 81 | ov_081 | 2.757535065540896 × 10^287 |
| 64 | lv_79_m31 | 3.4761528906971338 × 10^287 |
| 80 | ov_080 | 3.5896700454452165 × 10^287 |
| 79 | ov_079 | 4.6014391893628884 × 10^287 |
| 78 | ov_078 | 5.817175346374292 × 10^287 |
| 77 | ov_077 | 7.262885021785068 × 10^287 |
| 76 | ov_076 | 8.966321977032045 × 10^287 |
| 75 | ov_075 | 1.0957071933872424 × 10^288 |
| 74 | ov_074 | 1.3266649188572568 × 10^288 |
| 73 | ov_073 | 1.592860595053925 × 10^288 |
| 63 | ov_063 | 1.7847329795258198 × 10^288 |
| 72 | ov_072 | 1.897865523147929 × 10^288 |
| 71 | ov_071 | 2.245480812635744 × 10^288 |
| 70 | ov_070 | 2.6397526346804107 × 10^288 |
| 69 | ov_069 | 3.084989089193666 × 10^288 |
| 68 | ov_068 | 3.585778777165336 × 10^288 |
| 67 | ov_067 | 4.147011173417911 × 10^288 |
| 66 | ov_066 | 4.1470143324978963 × 10^288 |
| 65 | ov_065 | 4.14702724013814 × 10^288 |
| 62 | ov_062 | 9.161255669312914 × 10^288 |
| 61 | ov_061 | 3.3411570133132717 × 10^289 |
| 60 | ov_060 | 9.56957453379106 × 10^289 |
| 59 | ov_059 | 2.310308385129592 × 10^290 |
| 58 | ov_058 | 4.690968146548664 × 10^290 |
| 57 | ov_057 | 8.478751086216401 × 10^290 |
| 56 | ov_056 | 1.413648983602614 × 10^291 |
| 55 | ov_055 | 2.221004503405726 × 10^291 |
| 54 | ov_054 | 3.332832627749259 × 10^291 |
| 53 | ov_053 | 4.883224117064868 × 10^291 |
| 52 | ov_052 | 7.022894204511702 × 10^291 |
| 51 | ov_051 | 9.919200292420171 × 10^291 |
| 50 | ov_050 | 1.3756169421573592 × 10^292 |
| 49 | ov_049 | 1.873453932714737 × 10^292 |
| 48 | ov_048 | 2.5071818874460393 × 10^292 |
| 47 | ov_047 | 3.3002375854545375 × 10^292 |
| 32 | lv_80_m31 | 3.993536793254906 × 10^292 |
| 46 | ov_046 | 4.277756160743356 × 10^292 |
| 45 | ov_045 | 5.466588304954785 × 10^292 |
| 44 | ov_044 | 6.895323379928983 × 10^292 |
| 43 | ov_043 | 8.594319722530156 × 10^292 |
| 42 | ov_042 | 1.0595743538912086 × 10^293 |
| 41 | ov_041 | 1.2933617902280194 × 10^293 |
| 40 | ov_040 | 1.5626400929079552 × 10^293 |
| 39 | ov_039 | 1.871202512499808 × 10^293 |
| 31 | ov_031 | 2.0487258805717656 × 10^293 |
| 38 | ov_038 | 2.2230504431895352 × 10^293 |
| 37 | ov_037 | 2.622404122546569 × 10^293 |
| 36 | ov_036 | 3.0737152856925785 × 10^293 |
| 35 | ov_035 | 3.581682003413055 × 10^293 |
| 34 | ov_034 | 4.1512659488189106 × 10^293 |
| 33 | ov_033 | 4.787712353057602 × 10^293 |
| 30 | ov_030 | 1.050811489355359 × 10^294 |
| 29 | ov_029 | 3.438558292180686 × 10^294 |
| 28 | ov_028 | 8.927020930517351 × 10^294 |
| 27 | ov_027 | 1.9957457077162245 × 10^295 |
| 26 | ov_026 | 3.9917120920431155 × 10^295 |
| 25 | ov_025 | 7.31392737693219 × 10^295 |
| 24 | ov_024 | 1.2923648581389445 × 10^296 |
| 23 | ov_023 | 2.1971354056622653 × 10^296 |
| 22 | ov_022 | 3.5796783721655193 × 10^296 |
| 21 | ov_021 | 5.592902458677891 × 10^296 |
| 20 | ov_020 | 8.40866668889011 × 10^296 |
| 19 | ov_019 | 1.2217805926818426 × 10^297 |
| 18 | ov_018 | 1.7230169669304888 × 10^297 |
| 17 | ov_017 | 2.3674678148274572 × 10^297 |
| 16 | ov_016 | 3.179940107092899 × 10^297 |
| 15 | ov_015 | 4.1871666960479945 × 10^297 |
| 14 | ov_014 | 5.417821394423871 × 10^297 |
| 13 | ov_013 | 6.902539471258088 × 10^297 |
| 12 | ov_012 | 8.673944970502561 × 10^297 |
| 11 | ov_011 | 1.0766686391522356 × 10^298 |
| 10 | ov_010 | 1.321748240464012 × 10^298 |
| 9 | ov_009 | 1.6065179409466735 × 10^298 |
| 8 | ov_008 | 1.9350822879214317 × 10^298 |
| 7 | ov_007 | 2.3117744570852181 × 10^298 |
| 6 | ov_006 | 2.741166781926816 × 10^298 |
| 5 | ov_005 | 3.2280833274062934 × 10^298 |
| 4 | ov_004 | 3.7776147580867553 × 10^298 |
| 3 | ov_003 | 4.395135748105843 × 10^298 |
| 2 | ov_002 | 5.086325160532616 × 10^298 |
| 1 | ov_001 | 5.857189239322247 × 10^298 |

