# Results for F001-F002-F003-F004-F005-F006-F007-F008-F009-F010-F011-F012-F013-F014-F015-F016-F017-F018-F019-F020-F021-F022-F023-F024-F025-F026-F027-F028-F029-F030-F031-F032-F033-F034-F035-F036-F037-F038-F039-F040-F041-F042-F043-F044-F045-F046-F047-F048-F049-F050-F051-F052-F053-F054-F055-F056-F057-F058-F059-F060-F061-F062-F063-F064-F065-F066-F067-F068-F069-F070-F071-F072-F073-F074-F075-F076-F077-F078-F079-F080-F081-F082-F083-F084-F085-F086-F087-F088-F089-F090-F091-F092-F093-F094-F095-F096-F097-F098-F099-F100-F101-F102-F103-F104-F105-F106-F107-F108-F109-F110-F111-F112-F113-F114-F115-F116-F117-F118-F119-F120-F121-F122-F123-F124-F125-F126-F127-F128-F129-F130-F131-F132-F133-F134-F135-F136-F137-F138-F139-F140-F141-F142-F143-F144-F145-F146-F147-F148-F149-F150-F151-F152-F153-F154-F155-F156-F157-F158-F159-F160-F161-F162-F163-F164-F165-F166-F167-F168-F169-F170-F171-F172-F173-F174-F175-F176-F177-F178-F179-F180-F181-F182-F183-F184-F185-F186-F187-F188-F189-F190-F191-F192-F193-F194-F195-F196-F197-F198-F199-F200-F201-F202-F203-F204-F205-F206-F207-F208-F209-F210-F211-F212-F213-F214-F215-F216-F217-F218-F219-F220-F221-F222-F223-F224-F225-F226-F227-F228-F229-F230-F231-F232-F233-F234-F235-F236-F237-F238-F239-F240-F241-F242-F243-F244-F245-F246-F247-F248-F249-F250-F251-F252-F253-F254-F255-F256-F257-F258-F259-F260-F261-F262-F263-F264-F265-F266-F267-F268-F269-F270-F271-F272-F273-F274-F275-F276-F277-F278-F279-F280-F281-F282-F283-F284-F285-F286-F287-F288-F289-F290-F291-F292-F293-F294-F295-F296-F297-F298-F299-F300-F301-F302-F303-F304-F305-F306-F307-F308-F309-F310-F311-F312-F313-F314-F315-F316-F317-F318-F319-F320-F321-F322-F323-F324-F325-F326-F327-F328-F329-F330-F331-F332-F333-F334-F335-F336-F337-F338-F339-F340-F341-F342-F343-F344-F345-F346-F347-F348-F349-F350-F351-F352-F353-F354-F355-F356-F357-F358-F359-F360-F361-F362-F363-F364-F365-F366-F367-F368-F369-F370-F371-F372-F373-F374-F375-F376-F377-F378-F379-F380-F381-F382-F383-F384-F385-F386-F387-F388-F389-F390-F391-F392-F393-F394-F395-F396-F397-F398-F399-F400-F401-F402-F403-F404-F405-F406-F407-F408-F409-F410-F411-F412-F413-F414-F415-F416-F417-F418-F419-F420-F421-F422-F423-F424-F425-F426-F427-F428-F429-F430-F431-F432-F433-F434-F435-F436-F437-F438-F439-F440-F441-F442-F443-F444-F445-F446-F447-F448-F449-F450-F451-F452-F453-F454-F455-F456-F457-F458-F459-F460-F461-F462-F463-F464-F465-F466-F467-F468-F469-F470-F471-F472-F473-F474-F475-F476-F477-F478-F479-F480-F481-F482-F483-F484-F485-F486-F487-F488-F489-F490-F491-F492-F493-F494-F495-F496-F508-F509-F510-T511-F512

## Summary

Number of input bits: 512  
Number of free input bits: 11  
Number of output bits: 160

Number of direct occurrences: 45232  
Number of assignments: 31383  
Number of operations: 11865285
(xor: 11836885,
and: 15068,
or: 13332)

Total complexity: 5.261771837793296 × 10^302

Least occurring input variable: iv_502 (4009)  
Most occurring input variable: iv_506 (4262)

Most co-occurring input variables: iv_500-iv_506 (2083)  
Least co-occurring input variables: iv_498-iv_502 (1846)

Potentially most occurring input variable: iv_506/iv_507 (4551)  
Potentially least occurring input variable: iv_500/iv_502 (4053)

Least output occurring input variable: iv_505 (77)  
Most output occurring input variable: iv_504 (90)

Most output co-occurring input variables: iv_500-iv_506 (51)  
Least output co-occurring input variables: iv_498-iv_502 (32)

Potentially most output occurring input variable: iv_497/iv_504 (96)  
Potentially least output occurring input variable: iv_498/iv_505 (65)

Least complex input bit: iv_497 (3.042101026396173 × 10^300)  
Most complex input bit: iv_505 (1.5315360623543574 × 10^302)

Least complex output bit: aaa_76_29 (1.9350684351812865 × 10^277)  
Most complex output bit: ov_001 (8.490395155912544 × 10^301)

Least complex input/output complexity: iv_497/aaa_76_29 (1.1187626248880816 × 10^275)  
Most complex input/output complexity: iv_505/ov_001 (2.4712866246918435 × 10^301)

## Input Bits

### Input Bits in Regular Order

| Input Bit | Complexity | Occurrences | Output Occurrences |
|:---------:|:----------:|:-----------:|:------------------:|
| iv_497 | 3.042101026396173 × 10^300 | 4018 | 80 |
| iv_498 | 6.090156699960711 × 10^300 | 4053 | 82 |
| iv_499 | 1.0764422315049047 × 10^301 | 4084 | 83 |
| iv_500 | 1.8151276462280582 × 10^301 | 4132 | 89 |
| iv_501 | 2.986388387700297 × 10^301 | 4100 | 86 |
| iv_502 | 4.8212907694818217 × 10^301 | 4009 | 77 |
| iv_503 | 7.642226314608067 × 10^301 | 4141 | 81 |
| iv_504 | 1.1886900462664326 × 10^302 | 4226 | 90 |
| iv_505 | 1.5315360623543574 × 10^302 | 4084 | 77 |
| iv_506 | 2.842152722136726 × 10^301 | 4262 | 84 |
| iv_507 | 3.318603447429575 × 10^301 | 4123 | 81 |

### Input Bits Sorted by Complexity

| Input Bit | Complexity | Occurrences | Output Occurrences |
|:---------:|:----------:|:-----------:|:------------------:|
| iv_497 | 3.042101026396173 × 10^300 | 4018 | 80 |
| iv_498 | 6.090156699960711 × 10^300 | 4053 | 82 |
| iv_499 | 1.0764422315049047 × 10^301 | 4084 | 83 |
| iv_500 | 1.8151276462280582 × 10^301 | 4132 | 89 |
| iv_506 | 2.842152722136726 × 10^301 | 4262 | 84 |
| iv_501 | 2.986388387700297 × 10^301 | 4100 | 86 |
| iv_507 | 3.318603447429575 × 10^301 | 4123 | 81 |
| iv_502 | 4.8212907694818217 × 10^301 | 4009 | 77 |
| iv_503 | 7.642226314608067 × 10^301 | 4141 | 81 |
| iv_504 | 1.1886900462664326 × 10^302 | 4226 | 90 |
| iv_505 | 1.5315360623543574 × 10^302 | 4084 | 77 |

### Input Bits Sorted by Occurrences

| Input Bit | Complexity | Occurrences | Output Occurrences |
|:---------:|:----------:|:-----------:|:------------------:|
| iv_502 | 4.8212907694818217 × 10^301 | 4009 | 77 |
| iv_497 | 3.042101026396173 × 10^300 | 4018 | 80 |
| iv_498 | 6.090156699960711 × 10^300 | 4053 | 82 |
| iv_505 | 1.5315360623543574 × 10^302 | 4084 | 77 |
| iv_499 | 1.0764422315049047 × 10^301 | 4084 | 83 |
| iv_501 | 2.986388387700297 × 10^301 | 4100 | 86 |
| iv_507 | 3.318603447429575 × 10^301 | 4123 | 81 |
| iv_500 | 1.8151276462280582 × 10^301 | 4132 | 89 |
| iv_503 | 7.642226314608067 × 10^301 | 4141 | 81 |
| iv_504 | 1.1886900462664326 × 10^302 | 4226 | 90 |
| iv_506 | 2.842152722136726 × 10^301 | 4262 | 84 |

### Input Bits Sorted by Output Occurrences

| Input Bit | Complexity | Occurrences | Output Occurrences |
|:---------:|:----------:|:-----------:|:------------------:|
| iv_505 | 1.5315360623543574 × 10^302 | 4084 | 77 |
| iv_502 | 4.8212907694818217 × 10^301 | 4009 | 77 |
| iv_497 | 3.042101026396173 × 10^300 | 4018 | 80 |
| iv_503 | 7.642226314608067 × 10^301 | 4141 | 81 |
| iv_507 | 3.318603447429575 × 10^301 | 4123 | 81 |
| iv_498 | 6.090156699960711 × 10^300 | 4053 | 82 |
| iv_499 | 1.0764422315049047 × 10^301 | 4084 | 83 |
| iv_506 | 2.842152722136726 × 10^301 | 4262 | 84 |
| iv_501 | 2.986388387700297 × 10^301 | 4100 | 86 |
| iv_500 | 1.8151276462280582 × 10^301 | 4132 | 89 |
| iv_504 | 1.1886900462664326 × 10^302 | 4226 | 90 |

## Input Bit Co-occurrences

### Input Bit Co-occurrences Sorted by Co-occurrences

| Input Bits | Co-occurrences | Potential Occurrences | Output Co-occurrences | Potential Output Occurrences |
|:----------:|:--------------:|:---------------------:|:---------------------:|:----------------------------:|
| iv_500-iv_506 | 2083 | 4228 | 51 | 71 |
| iv_503-iv_506 | 2053 | 4297 | 45 | 75 |
| iv_498-iv_506 | 2047 | 4221 | 44 | 78 |
| iv_499-iv_504 | 2045 | 4220 | 51 | 71 |
| iv_500-iv_502 | 2044 | 4053 | 48 | 70 |
| iv_499-iv_506 | 2042 | 4262 | 43 | 81 |
| iv_501-iv_504 | 2040 | 4246 | 47 | 82 |
| iv_504-iv_505 | 2039 | 4232 | 43 | 81 |
| iv_504-iv_506 | 2039 | 4410 | 50 | 74 |
| iv_504-iv_507 | 2016 | 4317 | 45 | 81 |
| iv_501-iv_506 | 2014 | 4334 | 42 | 86 |

### Input Bit Co-occurrences Sorted by Potential Occurrences

| Input Bits | Co-occurrences | Potential Occurrences | Output Co-occurrences | Potential Output Occurrences |
|:----------:|:--------------:|:---------------------:|:---------------------:|:----------------------------:|
| iv_500-iv_502 | 2044 | 4053 | 48 | 70 |
| iv_499-iv_505 | 2010 | 4148 | 43 | 74 |
| iv_497-iv_502 | 1916 | 4195 | 41 | 75 |
| iv_501-iv_502 | 1954 | 4201 | 38 | 87 |
| iv_499-iv_502 | 1945 | 4203 | 39 | 82 |
| iv_502-iv_505 | 1943 | 4207 | 44 | 66 |
| iv_499-iv_504 | 2045 | 4220 | 51 | 71 |
| iv_498-iv_506 | 2047 | 4221 | 44 | 78 |
| iv_499-iv_501 | 1981 | 4222 | 44 | 81 |
| iv_500-iv_506 | 2083 | 4228 | 51 | 71 |
| iv_504-iv_505 | 2039 | 4232 | 43 | 81 |

### Input Bit Output Co-occurrences Sorted by Output Co-occurrences

| Input Bits | Co-occurrences | Potential Occurrences | Output Co-occurrences | Potential Output Occurrences |
|:----------:|:--------------:|:---------------------:|:---------------------:|:----------------------------:|
| iv_499-iv_504 | 2045 | 4220 | 51 | 71 |
| iv_500-iv_506 | 2083 | 4228 | 51 | 71 |
| iv_504-iv_506 | 2039 | 4410 | 50 | 74 |
| iv_498-iv_501 | 1909 | 4335 | 49 | 70 |
| iv_498-iv_499 | 1946 | 4245 | 48 | 69 |
| iv_500-iv_505 | 1979 | 4258 | 48 | 70 |
| iv_503-iv_504 | 1971 | 4425 | 48 | 75 |
| iv_500-iv_502 | 2044 | 4053 | 48 | 70 |
| iv_502-iv_504 | 1930 | 4375 | 48 | 71 |
| iv_498-iv_500 | 1940 | 4305 | 47 | 77 |
| iv_498-iv_505 | 1907 | 4323 | 47 | 65 |

### Input Bit Output Co-occurrences Sorted by Potential Output Occurrences

| Input Bits | Co-occurrences | Potential Occurrences | Output Co-occurrences | Potential Output Occurrences |
|:----------:|:--------------:|:---------------------:|:---------------------:|:----------------------------:|
| iv_498-iv_505 | 1907 | 4323 | 47 | 65 |
| iv_502-iv_505 | 1943 | 4207 | 44 | 66 |
| iv_498-iv_499 | 1946 | 4245 | 48 | 69 |
| iv_498-iv_501 | 1909 | 4335 | 49 | 70 |
| iv_500-iv_505 | 1979 | 4258 | 48 | 70 |
| iv_500-iv_502 | 2044 | 4053 | 48 | 70 |
| iv_499-iv_504 | 2045 | 4220 | 51 | 71 |
| iv_500-iv_506 | 2083 | 4228 | 51 | 71 |
| iv_502-iv_504 | 1930 | 4375 | 48 | 71 |
| iv_505-iv_507 | 1920 | 4367 | 43 | 72 |
| iv_499-iv_505 | 2010 | 4148 | 43 | 74 |

## Output Bits

### Output Bits in Regular Order

| Rank | Output Bit | Complexity |
|:----:|:----------:|:----------:|
| 1 | ov_001 | 8.490395155912544 × 10^301 |
| 2 | ov_002 | 7.352148905315787 × 10^301 |
| 3 | ov_003 | 6.333603912411917 × 10^301 |
| 4 | ov_004 | 5.425631689854882 × 10^301 |
| 5 | ov_005 | 4.6196015389841147 × 10^301 |
| 6 | ov_006 | 3.907344796942806 × 10^301 |
| 7 | ov_007 | 3.2811237410558883 × 10^301 |
| 8 | ov_008 | 2.733604871985348 × 10^301 |
| 9 | ov_009 | 2.25783622966025 × 10^301 |
| 10 | ov_010 | 1.8472283324680698 × 10^301 |
| 11 | ov_011 | 1.4955383254497796 × 10^301 |
| 12 | ov_012 | 1.1968569468732999 × 10^301 |
| 13 | ov_013 | 9.455979457588522 × 10^300 |
| 14 | ov_014 | 7.364896057968324 × 10^300 |
| 15 | ov_015 | 5.645680537159988 × 10^300 |
| 16 | ov_016 | 4.2517205259204935 × 10^300 |
| 17 | ov_017 | 3.139390028835629 × 10^300 |
| 18 | ov_018 | 2.2680189618116842 × 10^300 |
| 19 | ov_019 | 1.5998700058134158 × 10^300 |
| 20 | ov_020 | 1.1001211268985169 × 10^300 |
| 21 | ov_021 | 7.368526319251052 × 10^299 |
| 22 | ov_022 | 4.810378712306658 × 10^299 |
| 23 | ov_023 | 3.0653680968437534 × 10^299 |
| 24 | ov_024 | 1.900917975745126 × 10^299 |
| 25 | ov_025 | 1.1132498283078325 × 10^299 |
| 26 | ov_026 | 6.076715220573457 × 10^298 |
| 27 | ov_027 | 3.0388047000107085 × 10^298 |
| 28 | ov_028 | 1.3596167176820545 × 10^298 |
| 29 | ov_029 | 5.2387043107538514 × 10^297 |
| 30 | ov_030 | 1.601524010662543 × 10^297 |
| 31 | ov_031 | 3.123990207674432 × 10^296 |
| 32 | lv_80_m31 | 6.092968080854854 × 10^295 |
| 33 | ov_033 | 7.288710594361015 × 10^296 |
| 34 | ov_034 | 6.321077017042028 × 10^296 |
| 35 | ov_035 | 5.455554569313169 × 10^296 |
| 36 | ov_036 | 4.6834871954824944 × 10^296 |
| 37 | ov_037 | 3.9966842203426115 × 10^296 |
| 38 | ov_038 | 3.3873874122071203 × 10^296 |
| 39 | ov_039 | 2.8482425657590134 × 10^296 |
| 40 | ov_040 | 2.372275172282622 × 10^296 |
| 41 | ov_041 | 1.9560901026458278 × 10^296 |
| 42 | ov_042 | 1.5964670210099604 × 10^296 |
| 43 | ov_043 | 1.2903524769335055 × 10^296 |
| 44 | ov_044 | 1.0321152771251071 × 10^296 |
| 45 | ov_045 | 8.164299592152851 × 10^295 |
| 46 | ov_046 | 6.382691004138816 × 10^295 |
| 47 | ov_047 | 4.928972765039767 × 10^295 |
| 48 | ov_048 | 3.758664039477015 × 10^295 |
| 49 | ov_049 | 2.830122177363153 × 10^295 |
| 50 | ov_050 | 2.1045165741987135 × 10^295 |
| 51 | ov_051 | 1.5458095351292838 × 10^295 |
| 52 | ov_052 | 1.1207423549413429 × 10^295 |
| 53 | ov_053 | 7.988252896974474 × 10^294 |
| 54 | ov_054 | 5.52330522182618 × 10^294 |
| 55 | ov_055 | 3.68083910033343 × 10^294 |
| 56 | ov_056 | 2.342889701985038 × 10^294 |
| 57 | ov_057 | 1.4052572103406734 × 10^294 |
| 58 | ov_058 | 7.775001555086646 × 10^293 |
| 59 | ov_059 | 3.829319087615802 × 10^293 |
| 60 | ov_060 | 1.586190731981572 × 10^293 |
| 61 | ov_061 | 5.538089683826113 × 10^292 |
| 62 | ov_062 | 1.518461692023807 × 10^292 |
| 63 | ov_063 | 2.9579560216479335 × 10^291 |
| 64 | lv_79_m31 | 5.760692256010737 × 10^290 |
| 65 | ov_065 | 6.814461055723008 × 10^291 |
| 66 | ov_066 | 6.814440299242796 × 10^291 |
| 67 | ov_067 | 6.814435297526256 × 10^291 |
| 68 | ov_068 | 5.885732929140584 × 10^291 |
| 69 | ov_069 | 5.0561114889287875 × 10^291 |
| 70 | ov_070 | 4.318035133172289 × 10^291 |
| 71 | ov_071 | 3.664356014222346 × 10^291 |
| 72 | ov_072 | 3.088286788518815 × 10^291 |
| 73 | ov_073 | 2.5833773667677775 × 10^291 |
| 74 | ov_074 | 2.1434954591734986 × 10^291 |
| 75 | ov_075 | 1.7628104920193968 × 10^291 |
| 76 | ov_076 | 1.4357804944351273 × 10^291 |
| 77 | ov_077 | 1.1571415760323507 × 10^291 |
| 78 | ov_078 | 9.218996373783398 × 10^290 |
| 79 | ov_079 | 7.253239761220664 × 10^290 |
| 80 | ov_080 | 5.62942472090783 × 10^290 |
| 81 | ov_081 | 4.305380549177136 × 10^290 |
| 82 | ov_082 | 3.24146177808699 × 10^290 |
| 83 | ov_083 | 2.400530409582417 × 10^290 |
| 84 | ov_084 | 1.747943279218688 × 10^290 |
| 85 | ov_085 | 1.2515425895449556 × 10^290 |
| 86 | ov_086 | 8.816484549052512 × 10^289 |
| 87 | ov_087 | 6.110530272483124 × 10^289 |
| 88 | ov_088 | 4.150160070400626 × 10^289 |
| 89 | ov_089 | 2.712613434641632 × 10^289 |
| 90 | ov_090 | 1.6926672902926645 × 10^289 |
| 91 | ov_091 | 9.974036285084715 × 10^288 |
| 92 | ov_092 | 5.4620371381999945 × 10^288 |
| 93 | ov_093 | 2.707448289449216 × 10^288 |
| 94 | ov_094 | 1.1499867590218163 × 10^288 |
| 95 | aaa_78_28 | 3.5230723526097366 × 10^287 |
| 96 | aaa_78_29 | 1.0685181652848602 × 10^287 |
| 97 | ov_097 | 5.702065764403189 × 10^286 |
| 98 | ov_098 | 5.702033642913094 × 10^286 |
| 99 | ov_099 | 5.702023395441399 × 10^286 |
| 100 | ov_100 | 4.857801637964486 × 10^286 |
| 101 | ov_101 | 4.1110586131660786 × 10^286 |
| 102 | ov_102 | 3.453868222467888 × 10^286 |
| 103 | ov_103 | 2.8787351640871134 × 10^286 |
| 104 | ov_104 | 2.378563509859887 × 10^286 |
| 105 | ov_105 | 1.9466294884048233 × 10^286 |
| 106 | ov_106 | 1.5765580801139682 × 10^286 |
| 107 | ov_107 | 1.2623030499186455 × 10^286 |
| 108 | ov_108 | 9.981300634956873 × 10^285 |
| 109 | ov_109 | 7.786025516987694 × 10^285 |
| 110 | ov_110 | 5.985700066438353 × 10^285 |
| 111 | ov_111 | 4.531584111527784 × 10^285 |
| 112 | ov_112 | 3.3776252125471893 × 10^285 |
| 113 | ov_113 | 2.4803973923265074 × 10^285 |
| 114 | ov_114 | 1.7990533234383773 × 10^285 |
| 115 | ov_115 | 1.2952876988075125 × 10^285 |
| 116 | ov_116 | 9.333096870944234 × 10^284 |
| 117 | ov_117 | 6.798225484792146 × 10^284 |
| 118 | ov_118 | 5.040086604475928 × 10^284 |
| 119 | ov_119 | 3.775185414899779 × 10^284 |
| 120 | ov_120 | 2.744629416339558 × 10^284 |
| 121 | ov_121 | 1.9239079308843676 × 10^284 |
| 122 | ov_122 | 1.2885333796349666 × 10^284 |
| 123 | ov_123 | 8.14031726989201 × 10^283 |
| 124 | ov_124 | 4.759360330009187 × 10^283 |
| 125 | ov_125 | 2.497824577076392 × 10^283 |
| 126 | ov_126 | 1.1110822220439618 × 10^283 |
| 127 | aaa_77_28 | 3.545082567192525 × 10^282 |
| 128 | aaa_77_29 | 1.3274492617219123 × 10^282 |
| 129 | ov_129 | 1.2146075250961668 × 10^282 |
| 130 | ov_130 | 1.2146037559006792 × 10^282 |
| 131 | ov_131 | 1.21460284447059 × 10^282 |
| 132 | ov_132 | 1.0493851702371237 × 10^282 |
| 133 | ov_133 | 9.018184023249578 × 10^281 |
| 134 | ov_134 | 7.70544777660203 × 10^281 |
| 135 | ov_135 | 6.5427931062028005 × 10^281 |
| 136 | ov_136 | 5.518045936671112 × 10^281 |
| 137 | ov_137 | 4.619663173092694 × 10^281 |
| 138 | ov_138 | 3.8366944074475854 × 10^281 |
| 139 | ov_139 | 3.1587494805053435 × 10^281 |
| 140 | ov_140 | 2.5759712819564995 × 10^281 |
| 141 | ov_141 | 2.0790132048492117 × 10^281 |
| 142 | ov_142 | 1.6590207030855309 × 10^281 |
| 143 | ov_143 | 1.3076164329612203 × 10^281 |
| 144 | ov_144 | 1.0168884916339192 × 10^281 |
| 145 | ov_145 | 7.793812970749376 × 10^280 |
| 146 | ov_146 | 5.8808868557289805 × 10^280 |
| 147 | ov_147 | 4.364488342647268 × 10^280 |
| 148 | ov_148 | 3.1834064750747644 × 10^280 |
| 149 | ov_149 | 2.280812771979688 × 10^280 |
| 150 | ov_150 | 1.6042447841242356 × 10^280 |
| 151 | ov_151 | 1.1055954579215226 × 10^280 |
| 152 | ov_152 | 7.411064380615938 × 10^279 |
| 153 | ov_153 | 4.713640586472879 × 10^279 |
| 154 | ov_154 | 2.777472939881471 × 10^279 |
| 155 | ov_155 | 1.4380592134598034 × 10^279 |
| 156 | aaa_76_25 | 5.526008731431149 × 10^278 |
| 157 | aaa_76_26 | 3.191414672049897 × 10^278 |
| 158 | aaa_76_27 | 1.6338103064556134 × 10^278 |
| 159 | aaa_76_28 | 6.362058412706406 × 10^277 |
| 160 | aaa_76_29 | 1.9350684351812865 × 10^277 |

### Output Bits Sorted by Complexity

| Rank | Output Bit | Complexity |
|:----:|:----------:|:----------:|
| 160 | aaa_76_29 | 1.9350684351812865 × 10^277 |
| 159 | aaa_76_28 | 6.362058412706406 × 10^277 |
| 158 | aaa_76_27 | 1.6338103064556134 × 10^278 |
| 157 | aaa_76_26 | 3.191414672049897 × 10^278 |
| 156 | aaa_76_25 | 5.526008731431149 × 10^278 |
| 155 | ov_155 | 1.4380592134598034 × 10^279 |
| 154 | ov_154 | 2.777472939881471 × 10^279 |
| 153 | ov_153 | 4.713640586472879 × 10^279 |
| 152 | ov_152 | 7.411064380615938 × 10^279 |
| 151 | ov_151 | 1.1055954579215226 × 10^280 |
| 150 | ov_150 | 1.6042447841242356 × 10^280 |
| 149 | ov_149 | 2.280812771979688 × 10^280 |
| 148 | ov_148 | 3.1834064750747644 × 10^280 |
| 147 | ov_147 | 4.364488342647268 × 10^280 |
| 146 | ov_146 | 5.8808868557289805 × 10^280 |
| 145 | ov_145 | 7.793812970749376 × 10^280 |
| 144 | ov_144 | 1.0168884916339192 × 10^281 |
| 143 | ov_143 | 1.3076164329612203 × 10^281 |
| 142 | ov_142 | 1.6590207030855309 × 10^281 |
| 141 | ov_141 | 2.0790132048492117 × 10^281 |
| 140 | ov_140 | 2.5759712819564995 × 10^281 |
| 139 | ov_139 | 3.1587494805053435 × 10^281 |
| 138 | ov_138 | 3.8366944074475854 × 10^281 |
| 137 | ov_137 | 4.619663173092694 × 10^281 |
| 136 | ov_136 | 5.518045936671112 × 10^281 |
| 135 | ov_135 | 6.5427931062028005 × 10^281 |
| 134 | ov_134 | 7.70544777660203 × 10^281 |
| 133 | ov_133 | 9.018184023249578 × 10^281 |
| 132 | ov_132 | 1.0493851702371237 × 10^282 |
| 131 | ov_131 | 1.21460284447059 × 10^282 |
| 130 | ov_130 | 1.2146037559006792 × 10^282 |
| 129 | ov_129 | 1.2146075250961668 × 10^282 |
| 128 | aaa_77_29 | 1.3274492617219123 × 10^282 |
| 127 | aaa_77_28 | 3.545082567192525 × 10^282 |
| 126 | ov_126 | 1.1110822220439618 × 10^283 |
| 125 | ov_125 | 2.497824577076392 × 10^283 |
| 124 | ov_124 | 4.759360330009187 × 10^283 |
| 123 | ov_123 | 8.14031726989201 × 10^283 |
| 122 | ov_122 | 1.2885333796349666 × 10^284 |
| 121 | ov_121 | 1.9239079308843676 × 10^284 |
| 120 | ov_120 | 2.744629416339558 × 10^284 |
| 119 | ov_119 | 3.775185414899779 × 10^284 |
| 118 | ov_118 | 5.040086604475928 × 10^284 |
| 117 | ov_117 | 6.798225484792146 × 10^284 |
| 116 | ov_116 | 9.333096870944234 × 10^284 |
| 115 | ov_115 | 1.2952876988075125 × 10^285 |
| 114 | ov_114 | 1.7990533234383773 × 10^285 |
| 113 | ov_113 | 2.4803973923265074 × 10^285 |
| 112 | ov_112 | 3.3776252125471893 × 10^285 |
| 111 | ov_111 | 4.531584111527784 × 10^285 |
| 110 | ov_110 | 5.985700066438353 × 10^285 |
| 109 | ov_109 | 7.786025516987694 × 10^285 |
| 108 | ov_108 | 9.981300634956873 × 10^285 |
| 107 | ov_107 | 1.2623030499186455 × 10^286 |
| 106 | ov_106 | 1.5765580801139682 × 10^286 |
| 105 | ov_105 | 1.9466294884048233 × 10^286 |
| 104 | ov_104 | 2.378563509859887 × 10^286 |
| 103 | ov_103 | 2.8787351640871134 × 10^286 |
| 102 | ov_102 | 3.453868222467888 × 10^286 |
| 101 | ov_101 | 4.1110586131660786 × 10^286 |
| 100 | ov_100 | 4.857801637964486 × 10^286 |
| 99 | ov_099 | 5.702023395441399 × 10^286 |
| 98 | ov_098 | 5.702033642913094 × 10^286 |
| 97 | ov_097 | 5.702065764403189 × 10^286 |
| 96 | aaa_78_29 | 1.0685181652848602 × 10^287 |
| 95 | aaa_78_28 | 3.5230723526097366 × 10^287 |
| 94 | ov_094 | 1.1499867590218163 × 10^288 |
| 93 | ov_093 | 2.707448289449216 × 10^288 |
| 92 | ov_092 | 5.4620371381999945 × 10^288 |
| 91 | ov_091 | 9.974036285084715 × 10^288 |
| 90 | ov_090 | 1.6926672902926645 × 10^289 |
| 89 | ov_089 | 2.712613434641632 × 10^289 |
| 88 | ov_088 | 4.150160070400626 × 10^289 |
| 87 | ov_087 | 6.110530272483124 × 10^289 |
| 86 | ov_086 | 8.816484549052512 × 10^289 |
| 85 | ov_085 | 1.2515425895449556 × 10^290 |
| 84 | ov_084 | 1.747943279218688 × 10^290 |
| 83 | ov_083 | 2.400530409582417 × 10^290 |
| 82 | ov_082 | 3.24146177808699 × 10^290 |
| 81 | ov_081 | 4.305380549177136 × 10^290 |
| 80 | ov_080 | 5.62942472090783 × 10^290 |
| 64 | lv_79_m31 | 5.760692256010737 × 10^290 |
| 79 | ov_079 | 7.253239761220664 × 10^290 |
| 78 | ov_078 | 9.218996373783398 × 10^290 |
| 77 | ov_077 | 1.1571415760323507 × 10^291 |
| 76 | ov_076 | 1.4357804944351273 × 10^291 |
| 75 | ov_075 | 1.7628104920193968 × 10^291 |
| 74 | ov_074 | 2.1434954591734986 × 10^291 |
| 73 | ov_073 | 2.5833773667677775 × 10^291 |
| 63 | ov_063 | 2.9579560216479335 × 10^291 |
| 72 | ov_072 | 3.088286788518815 × 10^291 |
| 71 | ov_071 | 3.664356014222346 × 10^291 |
| 70 | ov_070 | 4.318035133172289 × 10^291 |
| 69 | ov_069 | 5.0561114889287875 × 10^291 |
| 68 | ov_068 | 5.885732929140584 × 10^291 |
| 67 | ov_067 | 6.814435297526256 × 10^291 |
| 66 | ov_066 | 6.814440299242796 × 10^291 |
| 65 | ov_065 | 6.814461055723008 × 10^291 |
| 62 | ov_062 | 1.518461692023807 × 10^292 |
| 61 | ov_061 | 5.538089683826113 × 10^292 |
| 60 | ov_060 | 1.586190731981572 × 10^293 |
| 59 | ov_059 | 3.829319087615802 × 10^293 |
| 58 | ov_058 | 7.775001555086646 × 10^293 |
| 57 | ov_057 | 1.4052572103406734 × 10^294 |
| 56 | ov_056 | 2.342889701985038 × 10^294 |
| 55 | ov_055 | 3.68083910033343 × 10^294 |
| 54 | ov_054 | 5.52330522182618 × 10^294 |
| 53 | ov_053 | 7.988252896974474 × 10^294 |
| 52 | ov_052 | 1.1207423549413429 × 10^295 |
| 51 | ov_051 | 1.5458095351292838 × 10^295 |
| 50 | ov_050 | 2.1045165741987135 × 10^295 |
| 49 | ov_049 | 2.830122177363153 × 10^295 |
| 48 | ov_048 | 3.758664039477015 × 10^295 |
| 47 | ov_047 | 4.928972765039767 × 10^295 |
| 32 | lv_80_m31 | 6.092968080854854 × 10^295 |
| 46 | ov_046 | 6.382691004138816 × 10^295 |
| 45 | ov_045 | 8.164299592152851 × 10^295 |
| 44 | ov_044 | 1.0321152771251071 × 10^296 |
| 43 | ov_043 | 1.2903524769335055 × 10^296 |
| 42 | ov_042 | 1.5964670210099604 × 10^296 |
| 41 | ov_041 | 1.9560901026458278 × 10^296 |
| 40 | ov_040 | 2.372275172282622 × 10^296 |
| 39 | ov_039 | 2.8482425657590134 × 10^296 |
| 31 | ov_031 | 3.123990207674432 × 10^296 |
| 38 | ov_038 | 3.3873874122071203 × 10^296 |
| 37 | ov_037 | 3.9966842203426115 × 10^296 |
| 36 | ov_036 | 4.6834871954824944 × 10^296 |
| 35 | ov_035 | 5.455554569313169 × 10^296 |
| 34 | ov_034 | 6.321077017042028 × 10^296 |
| 33 | ov_033 | 7.288710594361015 × 10^296 |
| 30 | ov_030 | 1.601524010662543 × 10^297 |
| 29 | ov_029 | 5.2387043107538514 × 10^297 |
| 28 | ov_028 | 1.3596167176820545 × 10^298 |
| 27 | ov_027 | 3.0388047000107085 × 10^298 |
| 26 | ov_026 | 6.076715220573457 × 10^298 |
| 25 | ov_025 | 1.1132498283078325 × 10^299 |
| 24 | ov_024 | 1.900917975745126 × 10^299 |
| 23 | ov_023 | 3.0653680968437534 × 10^299 |
| 22 | ov_022 | 4.810378712306658 × 10^299 |
| 21 | ov_021 | 7.368526319251052 × 10^299 |
| 20 | ov_020 | 1.1001211268985169 × 10^300 |
| 19 | ov_019 | 1.5998700058134158 × 10^300 |
| 18 | ov_018 | 2.2680189618116842 × 10^300 |
| 17 | ov_017 | 3.139390028835629 × 10^300 |
| 16 | ov_016 | 4.2517205259204935 × 10^300 |
| 15 | ov_015 | 5.645680537159988 × 10^300 |
| 14 | ov_014 | 7.364896057968324 × 10^300 |
| 13 | ov_013 | 9.455979457588522 × 10^300 |
| 12 | ov_012 | 1.1968569468732999 × 10^301 |
| 11 | ov_011 | 1.4955383254497796 × 10^301 |
| 10 | ov_010 | 1.8472283324680698 × 10^301 |
| 9 | ov_009 | 2.25783622966025 × 10^301 |
| 8 | ov_008 | 2.733604871985348 × 10^301 |
| 7 | ov_007 | 3.2811237410558883 × 10^301 |
| 6 | ov_006 | 3.907344796942806 × 10^301 |
| 5 | ov_005 | 4.6196015389841147 × 10^301 |
| 4 | ov_004 | 5.425631689854882 × 10^301 |
| 3 | ov_003 | 6.333603912411917 × 10^301 |
| 2 | ov_002 | 7.352148905315787 × 10^301 |
| 1 | ov_001 | 8.490395155912544 × 10^301 |

