# Results for T001-T002-T003-T004-T005-T006-T007-T008-T009-T010-T011-T012-T013-T014-T015-T016-T017-T018-T019-T020-T021-T022-T023-T024-T025-T026-T027-T028-T029-T030-T031-T032-T033-T034-T035-T036-T037-T038-T039-T040-T041-T042-T043-T044-T045-T046-T047-T048-T049-T050-T051-T052-T053-T054-T055-T056-T057-T058-T059-T060-T061-T062-T063-T064-T065-T066-T067-T068-T069-T070-T071-T072-T073-T074-T075-T076-T077-T078-T079-T080-T081-T082-T083-T084-T085-T086-T087-T088-T089-T090-T091-T092-T093-T094-T095-T096-T097-T098-T099-T100-T101-T102-T103-T104-T105-T106-T107-T108-T109-T110-T111-T112-T113-T114-T115-T116-T117-T118-T119-T120-T121-T122-T123-T124-T125-T126-T127-T128-T129-T130-T131-T132-T133-T134-T135-T136-T137-T138-T139-T140-T141-T142-T143-T144-T145-T146-T147-T148-T149-T150-T151-T152-T153-T154-T155-T156-T157-T158-T159-T160-T161-T162-T163-T164-T165-T166-T167-T168-T169-T170-T171-T172-T173-T174-T175-T176-T177-T178-T179-T180-T181-T182-T183-T184-T185-T186-T187-T188-T189-T190-T191-T192-T193-T194-T195-T196-T197-T198-T199-T200-T201-T202-T203-T204-T205-T206-T207-T208-T209-T210-T211-T212-T213-T214-T215-T216-T217-T218-T219-T220-T221-T222-T223-T224-T225-T226-T227-T228-T229-T230-T231-T232-T233-T234-T235-T236-T237-T238-T239-T240-T241-T242-T243-T244-T245-T246-T247-T248-T249-T250-T251-T252-T253-T254-T255-T256-T257-T258-T259-T260-T261-T262-T263-T264-T265-T266-T267-T268-T269-T270-T271-T272-T273-T274-T275-T276-T277-T278-T279-T280-T281-T282-T283-T284-T285-T286-T287-T288-T289-T290-T291-T292-T293-T294-T295-T296-T297-T298-T299-T300-T301-T302-T303-T304-T305-T306-T307-T308-T309-T310-T311-T312-T313-T314-T315-T316-T317-T318-T319-T320-T321-T322-T323-T324-T325-T326-T327-T328-T329-T330-T331-T332-T333-T334-T335-T336-T337-T338-T339-T340-T341-T342-T343-T344-T345-T346-T347-T348-T349-T350-T351-T352-T353-T354-T355-T356-T357-T358-T359-T360-T361-T362-T363-T364-T365-T366-T367-T368-T369-T370-T371-T372-T373-T374-T375-T376-T377-T378-T379-T380-T381-T382-T383-T384-T385-T386-T387-T388-T389-T390-T391-T392-T393-T394-T395-T396-T397-T398-T399-T400-T401-T402-T403-T404-T405-T406-T407-T408-T409-T410-T411-T412-T413-T414-T415-T416-T417-T418-T419-T420-T421-T422-T423-T424-T425-T426-T427-T428-T429-T430-T431-T432-T433-T434-T435-T436-T437-T438-T439-T440-T441-T442-T443-T444-T445-T446-T447-T448-T449-T450-T451-T452-T453-T454-T455-T456-T457-T458-T459-T460-T461-T462-T463-T464-T465-T466-T467-T468-T469-T470-T471-T472-T473-T474-T475-T476-T477-T478-T479-T480-T481-T482-T483-T484-T485-T486-T487-T488-T489-T490-T491-T492-T493-T494-T495-T496-T497-T498-T499-T500-T501

## Summary

Number of input bits: 512  
Number of free input bits: 11  
Number of output bits: 160

Number of direct occurrences: 46724  
Number of assignments: 32311  
Number of operations: 12778121
(xor: 12745439,
and: 15910,
or: 16772)

Total complexity: 2.379198155508517 × 10^311

Least occurring input variable: iv_504 (4132)  
Most occurring input variable: iv_511 (4426)

Most co-occurring input variables: iv_509-iv_511 (2145)  
Least co-occurring input variables: iv_502-iv_507 (1860)

Potentially most occurring input variable: iv_502/iv_507 (4707)  
Potentially least occurring input variable: iv_502/iv_508 (4326)

Least output occurring input variable: iv_504 (66)  
Most output occurring input variable: iv_509 (89)

Most output co-occurring input variables: iv_508-iv_509 (49)  
Least output co-occurring input variables: iv_502-iv_510 (27)

Potentially most output occurring input variable: iv_502/iv_506 (89)  
Potentially least output occurring input variable: iv_510/iv_512 (65)

Least complex input bit: iv_502 (1.2702933975189666 × 10^309)  
Most complex input bit: iv_512 (6.153877283816005 × 10^310)

Least complex output bit: aaa_76_29 (4.243422982682815 × 10^285)  
Most complex output bit: ov_001 (3.6988291268860094 × 10^310)

Least complex input/output complexity: iv_502/aaa_76_29 (2.2656339848372593 × 10^283)  
Most complex input/output complexity: iv_512/ov_001 (9.567147859441625 × 10^309)

Input variable with highest collision probability: iv_505 (½^160.0000000000003)

## Input Bits

### Input Bits in Regular Order

| Input Bit | Complexity | Occurrences | Output Occurrences | Collision Probability |
|:---------:|:----------:|:-----------:|:------------------:|:---------------------:|
| iv_502 | 1.2702933975189666 × 10^309 | 4177 | 67 | ½^160.00000000000068 |
| iv_503 | 2.3112746110526232 × 10^309 | 4287 | 75 | ½^160.00000000000077 |
| iv_504 | 3.851558152590287 × 10^309 | 4132 | 66 | ½^160.00000000000068 |
| iv_505 | 6.104385972353702 × 10^309 | 4283 | 79 | ½^160.0000000000003 |
| iv_506 | 9.291213588868682 × 10^309 | 4150 | 80 | ½^160.0000000000008 |
| iv_507 | 1.372241258502635 × 10^310 | 4250 | 74 | ½^160.00000000000068 |
| iv_508 | 1.978661971054855 × 10^310 | 4173 | 88 | ½^160.00000000000043 |
| iv_509 | 2.796472599183538 × 10^310 | 4270 | 89 | ½^160.00000000000074 |
| iv_510 | 3.8860739365853714 × 10^310 | 4276 | 73 | ½^160.00000000000068 |
| iv_511 | 5.321781933704351 × 10^310 | 4426 | 83 | ½^160.00000000000077 |
| iv_512 | 6.153877283816005 × 10^310 | 4300 | 74 | ½^160.00000000000088 |

### Input Bits Sorted by Complexity

| Input Bit | Complexity | Occurrences | Output Occurrences | Collision Probability |
|:---------:|:----------:|:-----------:|:------------------:|:---------------------:|
| iv_502 | 1.2702933975189666 × 10^309 | 4177 | 67 | ½^160.00000000000068 |
| iv_503 | 2.3112746110526232 × 10^309 | 4287 | 75 | ½^160.00000000000077 |
| iv_504 | 3.851558152590287 × 10^309 | 4132 | 66 | ½^160.00000000000068 |
| iv_505 | 6.104385972353702 × 10^309 | 4283 | 79 | ½^160.0000000000003 |
| iv_506 | 9.291213588868682 × 10^309 | 4150 | 80 | ½^160.0000000000008 |
| iv_507 | 1.372241258502635 × 10^310 | 4250 | 74 | ½^160.00000000000068 |
| iv_508 | 1.978661971054855 × 10^310 | 4173 | 88 | ½^160.00000000000043 |
| iv_509 | 2.796472599183538 × 10^310 | 4270 | 89 | ½^160.00000000000074 |
| iv_510 | 3.8860739365853714 × 10^310 | 4276 | 73 | ½^160.00000000000068 |
| iv_511 | 5.321781933704351 × 10^310 | 4426 | 83 | ½^160.00000000000077 |
| iv_512 | 6.153877283816005 × 10^310 | 4300 | 74 | ½^160.00000000000088 |

### Input Bits Sorted by Occurrences

| Input Bit | Complexity | Occurrences | Output Occurrences | Collision Probability |
|:---------:|:----------:|:-----------:|:------------------:|:---------------------:|
| iv_504 | 3.851558152590287 × 10^309 | 4132 | 66 | ½^160.00000000000068 |
| iv_506 | 9.291213588868682 × 10^309 | 4150 | 80 | ½^160.0000000000008 |
| iv_508 | 1.978661971054855 × 10^310 | 4173 | 88 | ½^160.00000000000043 |
| iv_502 | 1.2702933975189666 × 10^309 | 4177 | 67 | ½^160.00000000000068 |
| iv_507 | 1.372241258502635 × 10^310 | 4250 | 74 | ½^160.00000000000068 |
| iv_509 | 2.796472599183538 × 10^310 | 4270 | 89 | ½^160.00000000000074 |
| iv_510 | 3.8860739365853714 × 10^310 | 4276 | 73 | ½^160.00000000000068 |
| iv_505 | 6.104385972353702 × 10^309 | 4283 | 79 | ½^160.0000000000003 |
| iv_503 | 2.3112746110526232 × 10^309 | 4287 | 75 | ½^160.00000000000077 |
| iv_512 | 6.153877283816005 × 10^310 | 4300 | 74 | ½^160.00000000000088 |
| iv_511 | 5.321781933704351 × 10^310 | 4426 | 83 | ½^160.00000000000077 |

### Input Bits Sorted by Output Occurrences

| Input Bit | Complexity | Occurrences | Output Occurrences | Collision Probability |
|:---------:|:----------:|:-----------:|:------------------:|:---------------------:|
| iv_504 | 3.851558152590287 × 10^309 | 4132 | 66 | ½^160.00000000000068 |
| iv_502 | 1.2702933975189666 × 10^309 | 4177 | 67 | ½^160.00000000000068 |
| iv_510 | 3.8860739365853714 × 10^310 | 4276 | 73 | ½^160.00000000000068 |
| iv_507 | 1.372241258502635 × 10^310 | 4250 | 74 | ½^160.00000000000068 |
| iv_512 | 6.153877283816005 × 10^310 | 4300 | 74 | ½^160.00000000000088 |
| iv_503 | 2.3112746110526232 × 10^309 | 4287 | 75 | ½^160.00000000000077 |
| iv_505 | 6.104385972353702 × 10^309 | 4283 | 79 | ½^160.0000000000003 |
| iv_506 | 9.291213588868682 × 10^309 | 4150 | 80 | ½^160.0000000000008 |
| iv_511 | 5.321781933704351 × 10^310 | 4426 | 83 | ½^160.00000000000077 |
| iv_508 | 1.978661971054855 × 10^310 | 4173 | 88 | ½^160.00000000000043 |
| iv_509 | 2.796472599183538 × 10^310 | 4270 | 89 | ½^160.00000000000074 |

### Input Bits Sorted by Collision Probability

| Input Bit | Complexity | Occurrences | Output Occurrences | Collision Probability |
|:---------:|:----------:|:-----------:|:------------------:|:---------------------:|
| iv_505 | 6.104385972353702 × 10^309 | 4283 | 79 | ½^160.0000000000003 |
| iv_508 | 1.978661971054855 × 10^310 | 4173 | 88 | ½^160.00000000000043 |
| iv_502 | 1.2702933975189666 × 10^309 | 4177 | 67 | ½^160.00000000000068 |
| iv_507 | 1.372241258502635 × 10^310 | 4250 | 74 | ½^160.00000000000068 |
| iv_510 | 3.8860739365853714 × 10^310 | 4276 | 73 | ½^160.00000000000068 |
| iv_504 | 3.851558152590287 × 10^309 | 4132 | 66 | ½^160.00000000000068 |
| iv_509 | 2.796472599183538 × 10^310 | 4270 | 89 | ½^160.00000000000074 |
| iv_503 | 2.3112746110526232 × 10^309 | 4287 | 75 | ½^160.00000000000077 |
| iv_511 | 5.321781933704351 × 10^310 | 4426 | 83 | ½^160.00000000000077 |
| iv_506 | 9.291213588868682 × 10^309 | 4150 | 80 | ½^160.0000000000008 |
| iv_512 | 6.153877283816005 × 10^310 | 4300 | 74 | ½^160.00000000000088 |

## Input Bit/Output Bit Collision Probabilities

| Input Bit | Output Bit | Collision Probability |
|:---------:|:----------:|:---------------------:|
| iv_505 | ov_102 | 0.500000000000004 |
| iv_508 | ov_055 | 0.5000000000000026 |
| iv_502 | ov_137 | 0.5000000000000022 |
| iv_505 | ov_026 | 0.5000000000000022 |
| iv_505 | ov_137 | 0.5000000000000022 |
| iv_508 | ov_026 | 0.5000000000000022 |
| iv_512 | ov_060 | 0.5000000000000022 |
| iv_505 | ov_124 | 0.500000000000002 |
| iv_505 | ov_129 | 0.500000000000002 |
| iv_505 | ov_105 | 0.5000000000000019 |
| iv_508 | ov_072 | 0.5000000000000019 |

## Input Bit Co-occurrences

### Input Bit Co-occurrences Sorted by Co-occurrences

| Input Bits | Co-occurrences | Potential Occurrences | Output Co-occurrences | Potential Output Occurrences |
|:----------:|:--------------:|:---------------------:|:---------------------:|:----------------------------:|
| iv_509-iv_511 | 2145 | 4406 | 46 | 80 |
| iv_510-iv_511 | 2134 | 4434 | 36 | 84 |
| iv_507-iv_511 | 2125 | 4426 | 40 | 77 |
| iv_503-iv_511 | 2121 | 4471 | 40 | 78 |
| iv_505-iv_511 | 2112 | 4485 | 42 | 78 |
| iv_506-iv_511 | 2089 | 4398 | 46 | 71 |
| iv_508-iv_511 | 2065 | 4469 | 45 | 81 |
| iv_505-iv_510 | 2049 | 4461 | 34 | 84 |
| iv_510-iv_512 | 2044 | 4488 | 41 | 65 |
| iv_505-iv_507 | 2043 | 4447 | 40 | 73 |
| iv_507-iv_512 | 2040 | 4470 | 39 | 70 |

### Input Bit Co-occurrences Sorted by Potential Occurrences

| Input Bits | Co-occurrences | Potential Occurrences | Output Co-occurrences | Potential Output Occurrences |
|:----------:|:--------------:|:---------------------:|:---------------------:|:----------------------------:|
| iv_502-iv_508 | 2012 | 4326 | 39 | 77 |
| iv_502-iv_509 | 2035 | 4377 | 40 | 76 |
| iv_506-iv_511 | 2089 | 4398 | 46 | 71 |
| iv_506-iv_507 | 1998 | 4404 | 40 | 74 |
| iv_509-iv_511 | 2145 | 4406 | 46 | 80 |
| iv_504-iv_507 | 1987 | 4408 | 30 | 80 |
| iv_504-iv_510 | 1996 | 4416 | 29 | 81 |
| iv_506-iv_510 | 2001 | 4424 | 39 | 75 |
| iv_507-iv_511 | 2125 | 4426 | 40 | 77 |
| iv_502-iv_504 | 1940 | 4429 | 32 | 69 |
| iv_504-iv_508 | 1938 | 4429 | 38 | 78 |

### Input Bit Output Co-occurrences Sorted by Output Co-occurrences

| Input Bits | Co-occurrences | Potential Occurrences | Output Co-occurrences | Potential Output Occurrences |
|:----------:|:--------------:|:---------------------:|:---------------------:|:----------------------------:|
| iv_508-iv_509 | 1953 | 4537 | 49 | 79 |
| iv_506-iv_509 | 1985 | 4450 | 46 | 77 |
| iv_506-iv_511 | 2089 | 4398 | 46 | 71 |
| iv_509-iv_511 | 2145 | 4406 | 46 | 80 |
| iv_505-iv_508 | 1967 | 4522 | 46 | 75 |
| iv_508-iv_511 | 2065 | 4469 | 45 | 81 |
| iv_506-iv_508 | 1891 | 4541 | 44 | 80 |
| iv_507-iv_509 | 2027 | 4466 | 43 | 77 |
| iv_509-iv_510 | 2003 | 4540 | 43 | 76 |
| iv_503-iv_508 | 1945 | 4570 | 42 | 79 |
| iv_505-iv_511 | 2112 | 4485 | 42 | 78 |

### Input Bit Output Co-occurrences Sorted by Potential Output Occurrences

| Input Bits | Co-occurrences | Potential Occurrences | Output Co-occurrences | Potential Output Occurrences |
|:----------:|:--------------:|:---------------------:|:---------------------:|:----------------------------:|
| iv_510-iv_512 | 2044 | 4488 | 41 | 65 |
| iv_502-iv_512 | 1972 | 4533 | 37 | 67 |
| iv_502-iv_504 | 1940 | 4429 | 32 | 69 |
| iv_507-iv_512 | 2040 | 4470 | 39 | 70 |
| iv_506-iv_511 | 2089 | 4398 | 46 | 71 |
| iv_502-iv_511 | 1989 | 4625 | 39 | 72 |
| iv_505-iv_507 | 2043 | 4447 | 40 | 73 |
| iv_506-iv_507 | 1998 | 4404 | 40 | 74 |
| iv_503-iv_504 | 1963 | 4493 | 33 | 75 |
| iv_505-iv_508 | 1967 | 4522 | 46 | 75 |
| iv_506-iv_510 | 2001 | 4424 | 39 | 75 |

## Output Bits

### Output Bits in Regular Order

| Rank | Output Bit | Complexity |
|:----:|:----------:|:----------:|
| 1 | ov_001 | 3.6988291268860094 × 10^310 |
| 2 | ov_002 | 3.2244820753344845 × 10^310 |
| 3 | ov_003 | 2.7955962373668527 × 10^310 |
| 4 | ov_004 | 2.410279680508686 × 10^310 |
| 5 | ov_005 | 2.066745904555779 × 10^310 |
| 6 | ov_006 | 1.76170891823359 × 10^310 |
| 7 | ov_007 | 1.4920594732555891 × 10^310 |
| 8 | ov_008 | 1.2548542756397659 × 10^310 |
| 9 | ov_009 | 1.0473066263125684 × 10^310 |
| 10 | ov_010 | 8.667783368801875 × 10^309 |
| 11 | ov_011 | 7.107728021812279 × 10^309 |
| 12 | ov_012 | 5.7692914513816285 × 10^309 |
| 13 | ov_013 | 4.630173559242614 × 10^309 |
| 14 | ov_014 | 3.6693432980509364 × 10^309 |
| 15 | ov_015 | 2.8670069185418866 × 10^309 |
| 16 | ov_016 | 2.2045829705989376 × 10^309 |
| 17 | ov_017 | 1.6646830261682964 × 10^309 |
| 18 | ov_018 | 1.2310971743773004 × 10^309 |
| 19 | ov_019 | 8.887834214261983 × 10^308 |
| 20 | ov_020 | 6.238602099107968 × 10^308 |
| 21 | ov_021 | 4.236013542536005 × 10^308 |
| 22 | ov_022 | 2.764327709052904 × 10^308 |
| 23 | ov_023 | 1.7193046394316808 × 10^308 |
| 24 | ov_024 | 1.008193269922549 × 10^308 |
| 25 | ov_025 | 5.497245425653001 × 10^307 |
| 26 | ov_026 | 2.7410769942496806 × 10^307 |
| 27 | ov_027 | 1.2302849453080126 × 10^307 |
| 28 | ov_028 | 4.964844332118205 × 10^306 |
| 29 | ov_029 | 1.8604560704802372 × 10^306 |
| 30 | ov_030 | 5.623551710506399 × 10^305 |
| 31 | ov_031 | 7.593512668201395 × 10^304 |
| 32 | lv_80_k31 | 2.4270127516562102 × 10^304 |
| 33 | ov_033 | 2.964857435006367 × 10^305 |
| 34 | ov_034 | 2.579120437692983 × 10^305 |
| 35 | ov_035 | 2.2338234431542985 × 10^305 |
| 36 | ov_036 | 1.9257306005517297 × 10^305 |
| 37 | ov_037 | 1.6517818841156238 × 10^305 |
| 38 | ov_038 | 1.4090806089316437 × 10^305 |
| 39 | ov_039 | 1.194882605707673 × 10^305 |
| 40 | ov_040 | 1.006586900046423 × 10^305 |
| 41 | ov_041 | 8.417277500974903 × 10^304 |
| 42 | ov_042 | 6.9796790449534 × 10^304 |
| 43 | ov_043 | 5.730929502611581 × 10^304 |
| 44 | ov_044 | 4.6500662790452823 × 10^304 |
| 45 | ov_045 | 3.7172699834707067 × 10^304 |
| 46 | ov_046 | 2.922912427655927 × 10^304 |
| 47 | ov_047 | 2.25791471934887 × 10^304 |
| 48 | ov_048 | 1.713736513909729 × 10^304 |
| 49 | ov_049 | 1.2748819440980228 × 10^304 |
| 50 | ov_050 | 9.268991068464845 × 10^303 |
| 51 | ov_051 | 6.563726117664438 × 10^303 |
| 52 | ov_052 | 4.509185578434168 × 10^303 |
| 53 | ov_053 | 2.9918134639140613 × 10^303 |
| 54 | ov_054 | 1.9083180731756473 × 10^303 |
| 55 | ov_055 | 1.1656618469727193 × 10^303 |
| 56 | ov_056 | 6.810561204183335 × 10^302 |
| 57 | ov_057 | 3.8195829754520696 × 10^302 |
| 58 | ov_058 | 2.0607024727875196 × 10^302 |
| 59 | ov_059 | 1.0133744155150848 × 10^302 |
| 60 | ov_060 | 4.42934460219361 × 10^301 |
| 61 | ov_061 | 1.659336952475647 × 10^301 |
| 62 | ov_062 | 5.0138270549301 × 10^300 |
| 63 | ov_063 | 6.769253462306436 × 10^299 |
| 64 | lv_79_k31 | 2.1619396941239214 × 10^299 |
| 65 | ov_065 | 2.5735636802332725 × 10^300 |
| 66 | ov_066 | 2.5735579411657412 × 10^300 |
| 67 | ov_067 | 2.5735561049570072 × 10^300 |
| 68 | ov_068 | 2.229939051343875 × 10^300 |
| 69 | ov_069 | 1.921166408247567 × 10^300 |
| 70 | ov_070 | 1.6458167771826073 × 10^300 |
| 71 | ov_071 | 1.4012793698578131 × 10^300 |
| 72 | ov_072 | 1.1850854004172083 × 10^300 |
| 73 | ov_073 | 9.948986900770899 × 10^299 |
| 74 | ov_074 | 8.285075124301933 × 10^299 |
| 75 | ov_075 | 6.838175637776849 × 10^299 |
| 76 | ov_076 | 5.588459491104169 × 10^299 |
| 77 | ov_077 | 4.5171608040714 × 10^299 |
| 78 | ov_078 | 3.606533897881795 × 10^299 |
| 79 | ov_079 | 2.8398176579241348 × 10^299 |
| 80 | ov_080 | 2.201206266625009 × 10^299 |
| 81 | ov_081 | 1.6758255005308986 × 10^299 |
| 82 | ov_082 | 1.2497138404008454 × 10^299 |
| 83 | ov_083 | 9.098076972318792 × 10^298 |
| 84 | ov_084 | 6.439301109278267 × 10^298 |
| 85 | ov_085 | 4.4078233186699905 × 10^298 |
| 86 | ov_086 | 2.899377490087638 × 10^298 |
| 87 | ov_087 | 1.8183768146343117 × 10^298 |
| 88 | ov_088 | 1.0778860367542202 × 10^298 |
| 89 | ov_089 | 5.99604275623127 × 10^297 |
| 90 | ov_090 | 3.13855181275178 × 10^297 |
| 91 | ov_091 | 1.5958172230893965 × 10^297 |
| 92 | ov_092 | 8.434354340222623 × 10^296 |
| 93 | ov_093 | 4.4315638208493935 × 10^296 |
| 94 | ov_094 | 1.9739231413907826 × 10^296 |
| 95 | aaa_78_28 | 6.307103033066911 × 10^295 |
| 96 | aaa_78_29 | 2.3667089405149767 × 10^295 |
| 97 | ov_097 | 2.230504292713363 × 10^295 |
| 98 | ov_098 | 2.2304954679966594 × 10^295 |
| 99 | ov_099 | 2.2304926463364756 × 10^295 |
| 100 | ov_100 | 1.9425402214567105 × 10^295 |
| 101 | ov_101 | 1.6838260956814797 × 10^295 |
| 102 | ov_102 | 1.452167427538637 × 10^295 |
| 103 | ov_103 | 1.2455024212877502 × 10^295 |
| 104 | ov_104 | 1.0618815478681916 × 10^295 |
| 105 | ov_105 | 8.994598742840111 × 10^294 |
| 106 | ov_106 | 7.56490402270299 × 10^294 |
| 107 | ov_107 | 6.313183223922559 × 10^294 |
| 108 | ov_108 | 5.22376094815131 × 10^294 |
| 109 | ov_109 | 4.281792728890093 × 10^294 |
| 110 | ov_110 | 3.473229904508787 × 10^294 |
| 111 | ov_111 | 2.7847903838668065 × 10^294 |
| 112 | ov_112 | 2.203934605433111 × 10^294 |
| 113 | ov_113 | 1.7188460355634504 × 10^294 |
| 114 | ov_114 | 1.3184155958144055 × 10^294 |
| 115 | ov_115 | 9.922294530043976 × 10^293 |
| 116 | ov_116 | 7.305596492884446 × 10^293 |
| 117 | ov_117 | 5.24357092886973 × 10^293 |
| 118 | ov_118 | 3.65246473367536 × 10^293 |
| 119 | ov_119 | 2.455227085698107 × 10^293 |
| 120 | ov_120 | 1.581485734199348 × 10^293 |
| 121 | ov_121 | 9.675320401810515 × 10^292 |
| 122 | ov_122 | 5.563121351256514 × 10^292 |
| 123 | ov_123 | 2.9742199398063567 × 10^292 |
| 124 | ov_124 | 1.471047906893865 × 10^292 |
| 125 | ov_125 | 6.824956327176008 × 10^291 |
| 126 | ov_126 | 3.0390617399556085 × 10^291 |
| 127 | aaa_77_28 | 9.70732062801984 × 10^290 |
| 128 | aaa_77_29 | 3.640892688107658 × 10^290 |
| 129 | ov_129 | 3.4076608764619232 × 10^290 |
| 130 | ov_130 | 3.4076511308423716 × 10^290 |
| 131 | ov_131 | 3.4076487612132445 × 10^290 |
| 132 | ov_132 | 2.962348132533403 × 10^290 |
| 133 | ov_133 | 2.5628270125050176 × 10^290 |
| 134 | ov_134 | 2.2056286026702723 × 10^290 |
| 135 | ov_135 | 1.887488969186617 × 10^290 |
| 136 | ov_136 | 1.6053229507695014 × 10^290 |
| 137 | ov_137 | 1.3562118546933704 × 10^290 |
| 138 | ov_138 | 1.1373928152978073 × 10^290 |
| 139 | ov_139 | 9.462496662384057 × 10^289 |
| 140 | ov_140 | 7.803051757675849 × 10^289 |
| 141 | ov_141 | 6.372145026201502 × 10^289 |
| 142 | ov_142 | 5.147597381697545 × 10^289 |
| 143 | ov_143 | 4.1084540846041133 × 10^289 |
| 144 | ov_144 | 3.2349481753936896 × 10^289 |
| 145 | ov_145 | 2.5084712125490725 × 10^289 |
| 146 | ov_146 | 1.9115502835999723 × 10^289 |
| 147 | ov_147 | 1.4278303339985153 × 10^289 |
| 148 | ov_148 | 1.0420609347282568 × 10^289 |
| 149 | ov_149 | 7.400866855020798 × 10^288 |
| 150 | ov_150 | 5.0884052627764687 × 10^288 |
| 151 | ov_151 | 3.363393056429773 × 10^288 |
| 152 | ov_152 | 2.1168103041970366 × 10^288 |
| 153 | ov_153 | 1.2504329660917625 × 10^288 |
| 154 | ov_154 | 6.768247757407771 × 10^287 |
| 155 | ov_155 | 3.193333213664525 × 10^287 |
| 156 | aaa_76_25 | 1.1208821283459699 × 10^287 |
| 157 | aaa_76_26 | 6.124014358873177 × 10^286 |
| 158 | aaa_76_27 | 2.9851382991928097 × 10^286 |
| 159 | aaa_76_28 | 1.2531750219822236 × 10^286 |
| 160 | aaa_76_29 | 4.243422982682815 × 10^285 |

### Output Bits Sorted by Complexity

| Rank | Output Bit | Complexity |
|:----:|:----------:|:----------:|
| 160 | aaa_76_29 | 4.243422982682815 × 10^285 |
| 159 | aaa_76_28 | 1.2531750219822236 × 10^286 |
| 158 | aaa_76_27 | 2.9851382991928097 × 10^286 |
| 157 | aaa_76_26 | 6.124014358873177 × 10^286 |
| 156 | aaa_76_25 | 1.1208821283459699 × 10^287 |
| 155 | ov_155 | 3.193333213664525 × 10^287 |
| 154 | ov_154 | 6.768247757407771 × 10^287 |
| 153 | ov_153 | 1.2504329660917625 × 10^288 |
| 152 | ov_152 | 2.1168103041970366 × 10^288 |
| 151 | ov_151 | 3.363393056429773 × 10^288 |
| 150 | ov_150 | 5.0884052627764687 × 10^288 |
| 149 | ov_149 | 7.400866855020798 × 10^288 |
| 148 | ov_148 | 1.0420609347282568 × 10^289 |
| 147 | ov_147 | 1.4278303339985153 × 10^289 |
| 146 | ov_146 | 1.9115502835999723 × 10^289 |
| 145 | ov_145 | 2.5084712125490725 × 10^289 |
| 144 | ov_144 | 3.2349481753936896 × 10^289 |
| 143 | ov_143 | 4.1084540846041133 × 10^289 |
| 142 | ov_142 | 5.147597381697545 × 10^289 |
| 141 | ov_141 | 6.372145026201502 × 10^289 |
| 140 | ov_140 | 7.803051757675849 × 10^289 |
| 139 | ov_139 | 9.462496662384057 × 10^289 |
| 138 | ov_138 | 1.1373928152978073 × 10^290 |
| 137 | ov_137 | 1.3562118546933704 × 10^290 |
| 136 | ov_136 | 1.6053229507695014 × 10^290 |
| 135 | ov_135 | 1.887488969186617 × 10^290 |
| 134 | ov_134 | 2.2056286026702723 × 10^290 |
| 133 | ov_133 | 2.5628270125050176 × 10^290 |
| 132 | ov_132 | 2.962348132533403 × 10^290 |
| 131 | ov_131 | 3.4076487612132445 × 10^290 |
| 130 | ov_130 | 3.4076511308423716 × 10^290 |
| 129 | ov_129 | 3.4076608764619232 × 10^290 |
| 128 | aaa_77_29 | 3.640892688107658 × 10^290 |
| 127 | aaa_77_28 | 9.70732062801984 × 10^290 |
| 126 | ov_126 | 3.0390617399556085 × 10^291 |
| 125 | ov_125 | 6.824956327176008 × 10^291 |
| 124 | ov_124 | 1.471047906893865 × 10^292 |
| 123 | ov_123 | 2.9742199398063567 × 10^292 |
| 122 | ov_122 | 5.563121351256514 × 10^292 |
| 121 | ov_121 | 9.675320401810515 × 10^292 |
| 120 | ov_120 | 1.581485734199348 × 10^293 |
| 119 | ov_119 | 2.455227085698107 × 10^293 |
| 118 | ov_118 | 3.65246473367536 × 10^293 |
| 117 | ov_117 | 5.24357092886973 × 10^293 |
| 116 | ov_116 | 7.305596492884446 × 10^293 |
| 115 | ov_115 | 9.922294530043976 × 10^293 |
| 114 | ov_114 | 1.3184155958144055 × 10^294 |
| 113 | ov_113 | 1.7188460355634504 × 10^294 |
| 112 | ov_112 | 2.203934605433111 × 10^294 |
| 111 | ov_111 | 2.7847903838668065 × 10^294 |
| 110 | ov_110 | 3.473229904508787 × 10^294 |
| 109 | ov_109 | 4.281792728890093 × 10^294 |
| 108 | ov_108 | 5.22376094815131 × 10^294 |
| 107 | ov_107 | 6.313183223922559 × 10^294 |
| 106 | ov_106 | 7.56490402270299 × 10^294 |
| 105 | ov_105 | 8.994598742840111 × 10^294 |
| 104 | ov_104 | 1.0618815478681916 × 10^295 |
| 103 | ov_103 | 1.2455024212877502 × 10^295 |
| 102 | ov_102 | 1.452167427538637 × 10^295 |
| 101 | ov_101 | 1.6838260956814797 × 10^295 |
| 100 | ov_100 | 1.9425402214567105 × 10^295 |
| 99 | ov_099 | 2.2304926463364756 × 10^295 |
| 98 | ov_098 | 2.2304954679966594 × 10^295 |
| 97 | ov_097 | 2.230504292713363 × 10^295 |
| 96 | aaa_78_29 | 2.3667089405149767 × 10^295 |
| 95 | aaa_78_28 | 6.307103033066911 × 10^295 |
| 94 | ov_094 | 1.9739231413907826 × 10^296 |
| 93 | ov_093 | 4.4315638208493935 × 10^296 |
| 92 | ov_092 | 8.434354340222623 × 10^296 |
| 91 | ov_091 | 1.5958172230893965 × 10^297 |
| 90 | ov_090 | 3.13855181275178 × 10^297 |
| 89 | ov_089 | 5.99604275623127 × 10^297 |
| 88 | ov_088 | 1.0778860367542202 × 10^298 |
| 87 | ov_087 | 1.8183768146343117 × 10^298 |
| 86 | ov_086 | 2.899377490087638 × 10^298 |
| 85 | ov_085 | 4.4078233186699905 × 10^298 |
| 84 | ov_084 | 6.439301109278267 × 10^298 |
| 83 | ov_083 | 9.098076972318792 × 10^298 |
| 82 | ov_082 | 1.2497138404008454 × 10^299 |
| 81 | ov_081 | 1.6758255005308986 × 10^299 |
| 64 | lv_79_k31 | 2.1619396941239214 × 10^299 |
| 80 | ov_080 | 2.201206266625009 × 10^299 |
| 79 | ov_079 | 2.8398176579241348 × 10^299 |
| 78 | ov_078 | 3.606533897881795 × 10^299 |
| 77 | ov_077 | 4.5171608040714 × 10^299 |
| 76 | ov_076 | 5.588459491104169 × 10^299 |
| 63 | ov_063 | 6.769253462306436 × 10^299 |
| 75 | ov_075 | 6.838175637776849 × 10^299 |
| 74 | ov_074 | 8.285075124301933 × 10^299 |
| 73 | ov_073 | 9.948986900770899 × 10^299 |
| 72 | ov_072 | 1.1850854004172083 × 10^300 |
| 71 | ov_071 | 1.4012793698578131 × 10^300 |
| 70 | ov_070 | 1.6458167771826073 × 10^300 |
| 69 | ov_069 | 1.921166408247567 × 10^300 |
| 68 | ov_068 | 2.229939051343875 × 10^300 |
| 67 | ov_067 | 2.5735561049570072 × 10^300 |
| 66 | ov_066 | 2.5735579411657412 × 10^300 |
| 65 | ov_065 | 2.5735636802332725 × 10^300 |
| 62 | ov_062 | 5.0138270549301 × 10^300 |
| 61 | ov_061 | 1.659336952475647 × 10^301 |
| 60 | ov_060 | 4.42934460219361 × 10^301 |
| 59 | ov_059 | 1.0133744155150848 × 10^302 |
| 58 | ov_058 | 2.0607024727875196 × 10^302 |
| 57 | ov_057 | 3.8195829754520696 × 10^302 |
| 56 | ov_056 | 6.810561204183335 × 10^302 |
| 55 | ov_055 | 1.1656618469727193 × 10^303 |
| 54 | ov_054 | 1.9083180731756473 × 10^303 |
| 53 | ov_053 | 2.9918134639140613 × 10^303 |
| 52 | ov_052 | 4.509185578434168 × 10^303 |
| 51 | ov_051 | 6.563726117664438 × 10^303 |
| 50 | ov_050 | 9.268991068464845 × 10^303 |
| 49 | ov_049 | 1.2748819440980228 × 10^304 |
| 48 | ov_048 | 1.713736513909729 × 10^304 |
| 47 | ov_047 | 2.25791471934887 × 10^304 |
| 32 | lv_80_k31 | 2.4270127516562102 × 10^304 |
| 46 | ov_046 | 2.922912427655927 × 10^304 |
| 45 | ov_045 | 3.7172699834707067 × 10^304 |
| 44 | ov_044 | 4.6500662790452823 × 10^304 |
| 43 | ov_043 | 5.730929502611581 × 10^304 |
| 42 | ov_042 | 6.9796790449534 × 10^304 |
| 31 | ov_031 | 7.593512668201395 × 10^304 |
| 41 | ov_041 | 8.417277500974903 × 10^304 |
| 40 | ov_040 | 1.006586900046423 × 10^305 |
| 39 | ov_039 | 1.194882605707673 × 10^305 |
| 38 | ov_038 | 1.4090806089316437 × 10^305 |
| 37 | ov_037 | 1.6517818841156238 × 10^305 |
| 36 | ov_036 | 1.9257306005517297 × 10^305 |
| 35 | ov_035 | 2.2338234431542985 × 10^305 |
| 34 | ov_034 | 2.579120437692983 × 10^305 |
| 33 | ov_033 | 2.964857435006367 × 10^305 |
| 30 | ov_030 | 5.623551710506399 × 10^305 |
| 29 | ov_029 | 1.8604560704802372 × 10^306 |
| 28 | ov_028 | 4.964844332118205 × 10^306 |
| 27 | ov_027 | 1.2302849453080126 × 10^307 |
| 26 | ov_026 | 2.7410769942496806 × 10^307 |
| 25 | ov_025 | 5.497245425653001 × 10^307 |
| 24 | ov_024 | 1.008193269922549 × 10^308 |
| 23 | ov_023 | 1.7193046394316808 × 10^308 |
| 22 | ov_022 | 2.764327709052904 × 10^308 |
| 21 | ov_021 | 4.236013542536005 × 10^308 |
| 20 | ov_020 | 6.238602099107968 × 10^308 |
| 19 | ov_019 | 8.887834214261983 × 10^308 |
| 18 | ov_018 | 1.2310971743773004 × 10^309 |
| 17 | ov_017 | 1.6646830261682964 × 10^309 |
| 16 | ov_016 | 2.2045829705989376 × 10^309 |
| 15 | ov_015 | 2.8670069185418866 × 10^309 |
| 14 | ov_014 | 3.6693432980509364 × 10^309 |
| 13 | ov_013 | 4.630173559242614 × 10^309 |
| 12 | ov_012 | 5.7692914513816285 × 10^309 |
| 11 | ov_011 | 7.107728021812279 × 10^309 |
| 10 | ov_010 | 8.667783368801875 × 10^309 |
| 9 | ov_009 | 1.0473066263125684 × 10^310 |
| 8 | ov_008 | 1.2548542756397659 × 10^310 |
| 7 | ov_007 | 1.4920594732555891 × 10^310 |
| 6 | ov_006 | 1.76170891823359 × 10^310 |
| 5 | ov_005 | 2.066745904555779 × 10^310 |
| 4 | ov_004 | 2.410279680508686 × 10^310 |
| 3 | ov_003 | 2.7955962373668527 × 10^310 |
| 2 | ov_002 | 3.2244820753344845 × 10^310 |
| 1 | ov_001 | 3.6988291268860094 × 10^310 |

