# Results for F001-F002-F003-F004-F005-F006-F007-F008-F009-F010-F011-F012-F013-F014-F015-F016-F017-F018-F019-F020-F021-F022-F023-F024-F025-F026-F027-F028-F029-F030-F031-F032-F033-F034-F035-F036-F037-F038-F039-F040-F041-F042-F043-F044-F045-F046-F047-F048-F049-F050-F051-F052-F053-F054-F055-F056-F057-F058-F059-F060-F061-F062-F063-F064-F065-F066-F067-F068-F069-F070-F071-F072-F073-F074-F075-F076-F077-F078-F079-F080-F081-F082-F083-F084-F085-F086-F087-F088-F089-F090-F091-F092-F093-F094-F095-F096-F097-F098-F099-F100-F101-F102-F103-F104-F105-F106-F107-F108-F109-F110-F111-F112-F113-F114-F115-F116-F117-F118-F119-F120-F121-F122-F123-F124-F125-F126-F127-F128-F129-F130-F131-F132-F133-F134-F135-F136-F137-F138-F139-F140-F141-F142-F143-F144-F145-F146-F147-F148-F149-F150-F151-F152-F153-F154-F155-F156-F157-F158-F159-F160-F161-F162-F163-F164-F165-F166-F167-F168-F169-F170-F171-F172-F173-F174-F175-F176-F177-F178-F179-F180-F181-F182-F183-F184-F185-F186-F187-F188-F189-F190-F191-F192-F193-F194-F195-F196-F197-F198-F199-F200-F201-F202-F203-F204-F205-F206-F207-F208-F209-F210-F211-F212-F213-F214-F215-F216-F217-F218-F219-F220-F221-F222-F223-F224-F225-F226-F227-F228-F229-F230-F231-F232-F233-F234-F235-F236-F237-F238-F239-F240-F241-F242-F243-F244-F245-F246-F247-F248-F249-F250-F251-F252-F253-F254-F255-F256-F257-F258-F259-F260-F261-F262-F263-F264-F265-F266-F267-F268-F269-F270-F271-F272-F273-F274-F275-F276-F277-F278-F279-F280-F281-F282-F283-F284-F285-F286-F287-F288-F289-F290-F291-F292-F293-F294-F295-F296-F297-F298-F299-F300-F301-F302-F303-F304-F305-F306-F307-F308-F309-F310-F311-F312-F313-F314-F315-F316-F317-F318-F319-F320-F321-F322-F323-F324-F325-F326-F327-F328-F329-F330-F331-F332-F333-F334-F335-F336-F337-F338-F339-F340-F341-F342-F343-F344-F345-F346-F347-F348-F349-F350-F351-F352-F353-F354-F355-F356-F357-F358-F359-F360-F361-F362-F363-F364-F365-F366-F367-F368-F369-F370-F371-F372-F373-F374-F375-F376-F377-F378-F379-F380-F381-F382-F383-F384-F385-F386-F387-F388-F389-F390-F391-F392-F393-F394-F395-F396-F397-F398-F399-F400-F401-F402-F403-F404-F405-F406-F407-F408-F409-F410-F411-F412-F413-F414-F415-F416-F417-F418-F419-F420-F421-F422-F423-F424-F425-F426-F427-F428-F429-F430-F431-F432-F433-F434-F435-F436-F437-F438-F439-F440-F441-F442-F443-F444-F445-F446-F447-F448-F449-F450-F451-F452-F453-F454-F455-F456-F457-F458-F459-F460-F461-F462-F463-F464-F465-F466-F467-F468-F469-F470-F471-F472-F473-F474-F475-F476-F477-F478-F479-F480-F481-F482-F483-F484-F485-F486-F487-F488-F489-F490-F491-F492-F493-F494-F495-F496-E499505-T501-F510-F511-F512

## Summary

Number of input bits: 512  
Number of free input bits: 11  
Number of output bits: 160

Number of direct occurrences: 44850  
Number of assignments: 31473  
Number of operations: 11350205
(xor: 11321718,
and: 15029,
or: 13458)

Total complexity: 8.911297926126733 × 10^303

Least occurring input variable: iv_502 (3951)  
Most occurring input variable: iv_499 (4286)

Most co-occurring input variables: iv_499-iv_509 (2029)  
Least co-occurring input variables: iv_500-iv_502 (1786)

Potentially most occurring input variable: iv_497/iv_499 (4552)  
Potentially least occurring input variable: iv_498/iv_504 (4142)

Least output occurring input variable: iv_507 (72)  
Most output occurring input variable: iv_502 (86)

Most output co-occurring input variables: iv_502-iv_508 (49)  
Least output co-occurring input variables: iv_507-iv_508 (30)

Potentially most output occurring input variable: iv_500/iv_508 (92)  
Potentially least output occurring input variable: iv_502/iv_508 (60)

Least complex input bit: iv_497 (1.5869073141021673 × 10^301)  
Most complex input bit: iv_509 (1.67651915863776 × 10^303)

Least complex output bit: aaa_76_29 (6.045833760639519 × 10^278)  
Most complex output bit: ov_001 (1.4135156426412085 × 10^303)

Least complex input/output complexity: iv_497/aaa_76_29 (1.0766307999282382 × 10^276)  
Most complex input/output complexity: iv_509/ov_001 (2.6593051602216745 × 10^302)

## Input Bits

### Input Bits in Regular Order

| Input Bit | Complexity | Occurrences | Output Occurrences |
|:---------:|:----------:|:-----------:|:------------------:|
| iv_497 | 1.5869073141021673 × 10^301 | 4056 | 80 |
| iv_498 | 2.232852327448988 × 10^301 | 4045 | 83 |
| iv_499 | 1.5880249857357388 × 10^303 | 4286 | 75 |
| iv_500 | 6.339931236955519 × 10^301 | 3955 | 84 |
| iv_502 | 2.7549723955130957 × 10^302 | 3951 | 86 |
| iv_503 | 5.4199096540740796 × 10^302 | 4094 | 83 |
| iv_504 | 9.476675733025688 × 10^302 | 3983 | 85 |
| iv_506 | 8.757955228837318 × 10^302 | 4033 | 76 |
| iv_507 | 1.2503417510618735 × 10^303 | 4119 | 72 |
| iv_508 | 1.6538638207612777 × 10^303 | 4075 | 72 |
| iv_509 | 1.67651915863776 × 10^303 | 4253 | 80 |

### Input Bits Sorted by Complexity

| Input Bit | Complexity | Occurrences | Output Occurrences |
|:---------:|:----------:|:-----------:|:------------------:|
| iv_497 | 1.5869073141021673 × 10^301 | 4056 | 80 |
| iv_498 | 2.232852327448988 × 10^301 | 4045 | 83 |
| iv_500 | 6.339931236955519 × 10^301 | 3955 | 84 |
| iv_502 | 2.7549723955130957 × 10^302 | 3951 | 86 |
| iv_503 | 5.4199096540740796 × 10^302 | 4094 | 83 |
| iv_506 | 8.757955228837318 × 10^302 | 4033 | 76 |
| iv_504 | 9.476675733025688 × 10^302 | 3983 | 85 |
| iv_507 | 1.2503417510618735 × 10^303 | 4119 | 72 |
| iv_499 | 1.5880249857357388 × 10^303 | 4286 | 75 |
| iv_508 | 1.6538638207612777 × 10^303 | 4075 | 72 |
| iv_509 | 1.67651915863776 × 10^303 | 4253 | 80 |

### Input Bits Sorted by Occurrences

| Input Bit | Complexity | Occurrences | Output Occurrences |
|:---------:|:----------:|:-----------:|:------------------:|
| iv_502 | 2.7549723955130957 × 10^302 | 3951 | 86 |
| iv_500 | 6.339931236955519 × 10^301 | 3955 | 84 |
| iv_504 | 9.476675733025688 × 10^302 | 3983 | 85 |
| iv_506 | 8.757955228837318 × 10^302 | 4033 | 76 |
| iv_498 | 2.232852327448988 × 10^301 | 4045 | 83 |
| iv_497 | 1.5869073141021673 × 10^301 | 4056 | 80 |
| iv_508 | 1.6538638207612777 × 10^303 | 4075 | 72 |
| iv_503 | 5.4199096540740796 × 10^302 | 4094 | 83 |
| iv_507 | 1.2503417510618735 × 10^303 | 4119 | 72 |
| iv_509 | 1.67651915863776 × 10^303 | 4253 | 80 |
| iv_499 | 1.5880249857357388 × 10^303 | 4286 | 75 |

### Input Bits Sorted by Output Occurrences

| Input Bit | Complexity | Occurrences | Output Occurrences |
|:---------:|:----------:|:-----------:|:------------------:|
| iv_507 | 1.2503417510618735 × 10^303 | 4119 | 72 |
| iv_508 | 1.6538638207612777 × 10^303 | 4075 | 72 |
| iv_499 | 1.5880249857357388 × 10^303 | 4286 | 75 |
| iv_506 | 8.757955228837318 × 10^302 | 4033 | 76 |
| iv_509 | 1.67651915863776 × 10^303 | 4253 | 80 |
| iv_497 | 1.5869073141021673 × 10^301 | 4056 | 80 |
| iv_503 | 5.4199096540740796 × 10^302 | 4094 | 83 |
| iv_498 | 2.232852327448988 × 10^301 | 4045 | 83 |
| iv_500 | 6.339931236955519 × 10^301 | 3955 | 84 |
| iv_504 | 9.476675733025688 × 10^302 | 3983 | 85 |
| iv_502 | 2.7549723955130957 × 10^302 | 3951 | 86 |

## Input Bit Co-occurrences

### Input Bit Co-occurrences Sorted by Co-occurrences

| Input Bits | Co-occurrences | Potential Occurrences | Output Co-occurrences | Potential Output Occurrences |
|:----------:|:--------------:|:---------------------:|:---------------------:|:----------------------------:|
| iv_499-iv_509 | 2029 | 4481 | 37 | 81 |
| iv_499-iv_504 | 2023 | 4223 | 38 | 84 |
| iv_497-iv_509 | 2003 | 4303 | 40 | 80 |
| iv_499-iv_508 | 1999 | 4363 | 37 | 73 |
| iv_506-iv_509 | 1995 | 4296 | 37 | 82 |
| iv_503-iv_509 | 1995 | 4357 | 38 | 87 |
| iv_503-iv_506 | 1984 | 4159 | 41 | 77 |
| iv_506-iv_507 | 1976 | 4200 | 34 | 80 |
| iv_507-iv_509 | 1968 | 4436 | 39 | 74 |
| iv_499-iv_503 | 1962 | 4456 | 38 | 82 |
| iv_508-iv_509 | 1960 | 4408 | 35 | 82 |

### Input Bit Co-occurrences Sorted by Potential Occurrences

| Input Bits | Co-occurrences | Potential Occurrences | Output Co-occurrences | Potential Output Occurrences |
|:----------:|:--------------:|:---------------------:|:---------------------:|:----------------------------:|
| iv_498-iv_504 | 1943 | 4142 | 48 | 72 |
| iv_503-iv_506 | 1984 | 4159 | 41 | 77 |
| iv_506-iv_507 | 1976 | 4200 | 34 | 80 |
| iv_498-iv_500 | 1894 | 4212 | 48 | 71 |
| iv_500-iv_506 | 1887 | 4214 | 42 | 76 |
| iv_499-iv_504 | 2023 | 4223 | 38 | 84 |
| iv_497-iv_506 | 1923 | 4243 | 36 | 84 |
| iv_504-iv_506 | 1886 | 4244 | 36 | 89 |
| iv_498-iv_506 | 1914 | 4250 | 41 | 77 |
| iv_502-iv_507 | 1905 | 4260 | 42 | 74 |
| iv_504-iv_507 | 1921 | 4260 | 33 | 91 |

### Input Bit Output Co-occurrences Sorted by Output Co-occurrences

| Input Bits | Co-occurrences | Potential Occurrences | Output Co-occurrences | Potential Output Occurrences |
|:----------:|:--------------:|:---------------------:|:---------------------:|:----------------------------:|
| iv_502-iv_508 | 1862 | 4302 | 49 | 60 |
| iv_502-iv_503 | 1805 | 4435 | 48 | 73 |
| iv_498-iv_500 | 1894 | 4212 | 48 | 71 |
| iv_498-iv_504 | 1943 | 4142 | 48 | 72 |
| iv_498-iv_509 | 1932 | 4434 | 47 | 69 |
| iv_497-iv_503 | 1880 | 4390 | 47 | 69 |
| iv_502-iv_509 | 1920 | 4364 | 46 | 74 |
| iv_498-iv_502 | 1846 | 4304 | 46 | 77 |
| iv_500-iv_504 | 1830 | 4278 | 45 | 79 |
| iv_500-iv_509 | 1870 | 4468 | 45 | 74 |
| iv_503-iv_508 | 1912 | 4345 | 45 | 65 |

### Input Bit Output Co-occurrences Sorted by Potential Output Occurrences

| Input Bits | Co-occurrences | Potential Occurrences | Output Co-occurrences | Potential Output Occurrences |
|:----------:|:--------------:|:---------------------:|:---------------------:|:----------------------------:|
| iv_502-iv_508 | 1862 | 4302 | 49 | 60 |
| iv_503-iv_508 | 1912 | 4345 | 45 | 65 |
| iv_498-iv_507 | 1922 | 4320 | 44 | 67 |
| iv_498-iv_509 | 1932 | 4434 | 47 | 69 |
| iv_499-iv_506 | 1902 | 4515 | 41 | 69 |
| iv_497-iv_503 | 1880 | 4390 | 47 | 69 |
| iv_498-iv_500 | 1894 | 4212 | 48 | 71 |
| iv_498-iv_504 | 1943 | 4142 | 48 | 72 |
| iv_502-iv_503 | 1805 | 4435 | 48 | 73 |
| iv_499-iv_508 | 1999 | 4363 | 37 | 73 |
| iv_504-iv_508 | 1816 | 4426 | 42 | 73 |

## Output Bits

### Output Bits in Regular Order

| Rank | Output Bit | Complexity |
|:----:|:----------:|:----------:|
| 1 | ov_001 | 1.4135156426412085 × 10^303 |
| 2 | ov_002 | 1.227439589129072 × 10^303 |
| 3 | ov_003 | 1.0606057358163559 × 10^303 |
| 4 | ov_004 | 9.115617329509839 × 10^302 |
| 5 | ov_005 | 7.789345570830853 × 10^302 |
| 6 | ov_006 | 6.614249218399885 × 10^302 |
| 7 | ov_007 | 5.578024105365052 × 10^302 |
| 8 | ov_008 | 4.669012702790591 × 10^302 |
| 9 | ov_009 | 3.8761681111013086 × 10^302 |
| 10 | ov_010 | 3.189023488165387 × 10^302 |
| 11 | ov_011 | 2.597666293287601 × 10^302 |
| 12 | ov_012 | 2.0927167941517965 × 10^302 |
| 13 | ov_013 | 1.6653103830641118 × 10^302 |
| 14 | ov_014 | 1.3070832831381588 × 10^302 |
| 15 | ov_015 | 1.010161194462834 × 10^302 |
| 16 | ov_016 | 7.671504316379311 × 10^301 |
| 17 | ov_017 | 5.71131137437288 × 10^301 |
| 18 | ov_018 | 4.156521905856778 × 10^301 |
| 19 | ov_019 | 2.9472745876131745 × 10^301 |
| 20 | ov_020 | 2.0283308099417766 × 10^301 |
| 21 | ov_021 | 1.349055101978292 × 10^301 |
| 22 | ov_022 | 8.634011815902437 × 10^300 |
| 23 | ov_023 | 5.299023069980295 × 10^300 |
| 24 | ov_024 | 3.116649282317918 × 10^300 |
| 25 | ov_025 | 1.763648013317803 × 10^300 |
| 26 | ov_026 | 9.62448590544606 × 10^299 |
| 27 | ov_027 | 4.811420865088983 × 10^299 |
| 28 | ov_028 | 2.1518873750496478 × 10^299 |
| 29 | ov_029 | 8.287717141449596 × 10^298 |
| 30 | ov_030 | 2.5324143190215375 × 10^298 |
| 31 | ov_031 | 4.936784552319809 × 10^297 |
| 32 | lv_80_m31 | 9.622144927455952 × 10^296 |
| 33 | ov_033 | 1.1591232032819315 × 10^298 |
| 34 | ov_034 | 1.005353503410738 × 10^298 |
| 35 | ov_035 | 8.678548262217466 × 10^297 |
| 36 | ov_036 | 7.453249607608025 × 10^297 |
| 37 | ov_037 | 6.365323026497907 × 10^297 |
| 38 | ov_038 | 5.4031085336918734 × 10^297 |
| 39 | ov_039 | 4.555558890983547 × 10^297 |
| 40 | ov_040 | 3.812202363326081 × 10^297 |
| 41 | ov_041 | 3.163110947354401 × 10^297 |
| 42 | ov_042 | 2.598873508565413 × 10^297 |
| 43 | ov_043 | 2.114910628737039 × 10^297 |
| 44 | ov_044 | 1.7027813250695008 × 10^297 |
| 45 | ov_045 | 1.3545051741283391 × 10^297 |
| 46 | ov_046 | 1.0625500620297887 × 10^297 |
| 47 | ov_047 | 8.198224824888884 × 10^296 |
| 48 | ov_048 | 6.228842683271103 × 10^296 |
| 49 | ov_049 | 4.654983264261123 × 10^296 |
| 50 | ov_050 | 3.418486640992518 × 10^296 |
| 51 | ov_051 | 2.4653733433407966 × 10^296 |
| 52 | ov_052 | 1.745823005113362 × 10^296 |
| 53 | ov_053 | 1.2141598077410355 × 10^296 |
| 54 | ov_054 | 8.288427031850621 × 10^295 |
| 55 | ov_055 | 5.52458954942033 × 10^295 |
| 56 | ov_056 | 3.5172003881225983 × 10^295 |
| 57 | ov_057 | 2.110123566962041 × 10^295 |
| 58 | ov_058 | 1.1678275323760048 × 10^295 |
| 59 | ov_059 | 5.753805694831927 × 10^294 |
| 60 | ov_060 | 2.3844872628998998 × 10^294 |
| 61 | ov_061 | 8.329506755187248 × 10^293 |
| 62 | ov_062 | 2.2850205389539325 × 10^293 |
| 63 | ov_063 | 2.7179834024339516 × 10^292 |
| 64 | lv_79_k31 | 8.678863010425878 × 10^291 |
| 65 | ov_065 | 1.0332929431774605 × 10^293 |
| 66 | ov_066 | 1.0332903770166505 × 10^293 |
| 67 | ov_067 | 1.0332897722541977 × 10^293 |
| 68 | ov_068 | 8.946944332963936 × 10^292 |
| 69 | ov_069 | 7.706194723114956 × 10^292 |
| 70 | ov_070 | 6.599856556049182 × 10^292 |
| 71 | ov_071 | 5.617645756667928 × 10^292 |
| 72 | ov_072 | 4.749759455288275 × 10^292 |
| 73 | ov_073 | 3.986854950827275 × 10^292 |
| 74 | ov_074 | 3.320033230538587 × 10^292 |
| 75 | ov_075 | 2.74082566049674 × 10^292 |
| 76 | ov_076 | 2.2411826771798412 × 10^292 |
| 77 | ov_077 | 1.813463799489379 × 10^292 |
| 78 | ov_078 | 1.4504287423588544 × 10^292 |
| 79 | ov_079 | 1.1452295647983113 × 10^292 |
| 80 | ov_080 | 8.914037861604134 × 10^291 |
| 81 | ov_081 | 6.828684051171852 × 10^291 |
| 82 | ov_082 | 5.1391475635086013 × 10^291 |
| 83 | ov_083 | 3.7920414032907525 × 10^291 |
| 84 | ov_084 | 2.7376416179085426 × 10^291 |
| 85 | ov_085 | 1.9298571274614532 × 10^291 |
| 86 | ov_086 | 1.3262053591114453 × 10^291 |
| 87 | ov_087 | 8.877930458018054 × 10^290 |
| 88 | ov_088 | 5.793015498406999 × 10^290 |
| 89 | ov_089 | 3.689760721348338 × 10^290 |
| 90 | ov_090 | 2.286181080107602 × 10^290 |
| 91 | ov_091 | 1.33580510634308 × 10^290 |
| 92 | ov_092 | 7.242707198280622 × 10^289 |
| 93 | ov_093 | 3.5495248514242425 × 10^289 |
| 94 | ov_094 | 1.4895637002986248 × 10^289 |
| 95 | aaa_78_28 | 4.511760458706996 × 10^288 |
| 96 | aaa_78_29 | 1.3442530044307813 × 10^288 |
| 97 | ov_097 | 7.29878451891179 × 10^287 |
| 98 | ov_098 | 7.298678979063198 × 10^287 |
| 99 | ov_099 | 7.298645267003438 × 10^287 |
| 100 | ov_100 | 5.960340065337391 × 10^287 |
| 101 | ov_101 | 4.8430729820095315 × 10^287 |
| 102 | ov_102 | 3.920806536998043 × 10^287 |
| 103 | ov_103 | 3.1689330865902672 × 10^287 |
| 104 | ov_104 | 2.564170633438014 × 10^287 |
| 105 | ov_105 | 2.0844721657684378 × 10^287 |
| 106 | ov_106 | 1.7089472946390843 × 10^287 |
| 107 | ov_107 | 1.417795021627575 × 10^287 |
| 108 | ov_108 | 1.1922465305728564 × 10^287 |
| 109 | ov_109 | 1.0145169563864207 × 10^287 |
| 110 | ov_110 | 8.677651419156594 × 10^286 |
| 111 | ov_111 | 7.36060450699084 × 10^286 |
| 112 | ov_112 | 6.185410179535941 × 10^286 |
| 113 | ov_113 | 5.143620339494747 × 10^286 |
| 114 | ov_114 | 4.2269186159170013 × 10^286 |
| 115 | ov_115 | 3.42708810389154 × 10^286 |
| 116 | ov_116 | 2.7359851235003964 × 10^286 |
| 117 | ov_117 | 2.1455184540180712 × 10^286 |
| 118 | ov_118 | 1.6476334997073972 × 10^286 |
| 119 | ov_119 | 1.2343008438031685 × 10^286 |
| 120 | ov_120 | 8.975082686612273 × 10^285 |
| 121 | ov_121 | 6.292550092611694 × 10^285 |
| 122 | ov_122 | 4.215475218406003 × 10^285 |
| 123 | ov_123 | 2.663964961148277 × 10^285 |
| 124 | ov_124 | 1.558148395436295 × 10^285 |
| 125 | ov_125 | 8.181642834704135 × 10^284 |
| 126 | ov_126 | 3.641547027827437 × 10^284 |
| 127 | aaa_77_28 | 1.1626259967107554 × 10^284 |
| 128 | aaa_77_29 | 4.3574987447994425 × 10^283 |
| 129 | ov_129 | 4.0287821710352295 × 10^283 |
| 130 | ov_130 | 4.0287703968052914 × 10^283 |
| 131 | ov_131 | 4.028767550323126 × 10^283 |
| 132 | ov_132 | 3.491877075423791 × 10^283 |
| 133 | ov_133 | 3.011052588229708 × 10^283 |
| 134 | ov_134 | 2.5820638828663467 × 10^283 |
| 135 | ov_135 | 2.2009065922208447 × 10^283 |
| 136 | ov_136 | 1.8637859945926096 × 10^283 |
| 137 | ov_137 | 1.5671030818479783 × 10^283 |
| 138 | ov_138 | 1.3074426728618667 × 10^283 |
| 139 | ov_139 | 1.0815633670207586 × 10^283 |
| 140 | ov_140 | 8.863891432365085 × 10^282 |
| 141 | ov_141 | 7.190024203521748 × 10^282 |
| 142 | ov_142 | 5.766384050708565 × 10^282 |
| 143 | ov_143 | 4.5668056365709125 × 10^282 |
| 144 | ov_144 | 3.566570636878703 × 10^282 |
| 145 | ov_145 | 2.742380420971457 × 10^282 |
| 146 | ov_146 | 2.0723356568584157 × 10^282 |
| 147 | ov_147 | 1.5359216017322506 × 10^282 |
| 148 | ov_148 | 1.1139979375361386 × 10^282 |
| 149 | ov_149 | 7.88792109996323 × 10^281 |
| 150 | ov_150 | 5.4389522822568155 × 10^281 |
| 151 | ov_151 | 3.6425968064059954 × 10^281 |
| 152 | ov_152 | 2.3619775581356914 × 10^281 |
| 153 | ov_153 | 1.4738078026716043 × 10^281 |
| 154 | ov_154 | 8.683854019278481 × 10^280 |
| 155 | ov_155 | 4.495890193198924 × 10^280 |
| 156 | aaa_76_25 | 1.7275288425981623 × 10^280 |
| 157 | aaa_76_26 | 9.975809574747465 × 10^279 |
| 158 | aaa_76_27 | 5.106347754107224 × 10^279 |
| 159 | aaa_76_28 | 1.9880773288097286 × 10^279 |
| 160 | aaa_76_29 | 6.045833760639519 × 10^278 |

### Output Bits Sorted by Complexity

| Rank | Output Bit | Complexity |
|:----:|:----------:|:----------:|
| 160 | aaa_76_29 | 6.045833760639519 × 10^278 |
| 159 | aaa_76_28 | 1.9880773288097286 × 10^279 |
| 158 | aaa_76_27 | 5.106347754107224 × 10^279 |
| 157 | aaa_76_26 | 9.975809574747465 × 10^279 |
| 156 | aaa_76_25 | 1.7275288425981623 × 10^280 |
| 155 | ov_155 | 4.495890193198924 × 10^280 |
| 154 | ov_154 | 8.683854019278481 × 10^280 |
| 153 | ov_153 | 1.4738078026716043 × 10^281 |
| 152 | ov_152 | 2.3619775581356914 × 10^281 |
| 151 | ov_151 | 3.6425968064059954 × 10^281 |
| 150 | ov_150 | 5.4389522822568155 × 10^281 |
| 149 | ov_149 | 7.88792109996323 × 10^281 |
| 148 | ov_148 | 1.1139979375361386 × 10^282 |
| 147 | ov_147 | 1.5359216017322506 × 10^282 |
| 146 | ov_146 | 2.0723356568584157 × 10^282 |
| 145 | ov_145 | 2.742380420971457 × 10^282 |
| 144 | ov_144 | 3.566570636878703 × 10^282 |
| 143 | ov_143 | 4.5668056365709125 × 10^282 |
| 142 | ov_142 | 5.766384050708565 × 10^282 |
| 141 | ov_141 | 7.190024203521748 × 10^282 |
| 140 | ov_140 | 8.863891432365085 × 10^282 |
| 139 | ov_139 | 1.0815633670207586 × 10^283 |
| 138 | ov_138 | 1.3074426728618667 × 10^283 |
| 137 | ov_137 | 1.5671030818479783 × 10^283 |
| 136 | ov_136 | 1.8637859945926096 × 10^283 |
| 135 | ov_135 | 2.2009065922208447 × 10^283 |
| 134 | ov_134 | 2.5820638828663467 × 10^283 |
| 133 | ov_133 | 3.011052588229708 × 10^283 |
| 132 | ov_132 | 3.491877075423791 × 10^283 |
| 131 | ov_131 | 4.028767550323126 × 10^283 |
| 130 | ov_130 | 4.0287703968052914 × 10^283 |
| 129 | ov_129 | 4.0287821710352295 × 10^283 |
| 128 | aaa_77_29 | 4.3574987447994425 × 10^283 |
| 127 | aaa_77_28 | 1.1626259967107554 × 10^284 |
| 126 | ov_126 | 3.641547027827437 × 10^284 |
| 125 | ov_125 | 8.181642834704135 × 10^284 |
| 124 | ov_124 | 1.558148395436295 × 10^285 |
| 123 | ov_123 | 2.663964961148277 × 10^285 |
| 122 | ov_122 | 4.215475218406003 × 10^285 |
| 121 | ov_121 | 6.292550092611694 × 10^285 |
| 120 | ov_120 | 8.975082686612273 × 10^285 |
| 119 | ov_119 | 1.2343008438031685 × 10^286 |
| 118 | ov_118 | 1.6476334997073972 × 10^286 |
| 117 | ov_117 | 2.1455184540180712 × 10^286 |
| 116 | ov_116 | 2.7359851235003964 × 10^286 |
| 115 | ov_115 | 3.42708810389154 × 10^286 |
| 114 | ov_114 | 4.2269186159170013 × 10^286 |
| 113 | ov_113 | 5.143620339494747 × 10^286 |
| 112 | ov_112 | 6.185410179535941 × 10^286 |
| 111 | ov_111 | 7.36060450699084 × 10^286 |
| 110 | ov_110 | 8.677651419156594 × 10^286 |
| 109 | ov_109 | 1.0145169563864207 × 10^287 |
| 108 | ov_108 | 1.1922465305728564 × 10^287 |
| 107 | ov_107 | 1.417795021627575 × 10^287 |
| 106 | ov_106 | 1.7089472946390843 × 10^287 |
| 105 | ov_105 | 2.0844721657684378 × 10^287 |
| 104 | ov_104 | 2.564170633438014 × 10^287 |
| 103 | ov_103 | 3.1689330865902672 × 10^287 |
| 102 | ov_102 | 3.920806536998043 × 10^287 |
| 101 | ov_101 | 4.8430729820095315 × 10^287 |
| 100 | ov_100 | 5.960340065337391 × 10^287 |
| 99 | ov_099 | 7.298645267003438 × 10^287 |
| 98 | ov_098 | 7.298678979063198 × 10^287 |
| 97 | ov_097 | 7.29878451891179 × 10^287 |
| 96 | aaa_78_29 | 1.3442530044307813 × 10^288 |
| 95 | aaa_78_28 | 4.511760458706996 × 10^288 |
| 94 | ov_094 | 1.4895637002986248 × 10^289 |
| 93 | ov_093 | 3.5495248514242425 × 10^289 |
| 92 | ov_092 | 7.242707198280622 × 10^289 |
| 91 | ov_091 | 1.33580510634308 × 10^290 |
| 90 | ov_090 | 2.286181080107602 × 10^290 |
| 89 | ov_089 | 3.689760721348338 × 10^290 |
| 88 | ov_088 | 5.793015498406999 × 10^290 |
| 87 | ov_087 | 8.877930458018054 × 10^290 |
| 86 | ov_086 | 1.3262053591114453 × 10^291 |
| 85 | ov_085 | 1.9298571274614532 × 10^291 |
| 84 | ov_084 | 2.7376416179085426 × 10^291 |
| 83 | ov_083 | 3.7920414032907525 × 10^291 |
| 82 | ov_082 | 5.1391475635086013 × 10^291 |
| 81 | ov_081 | 6.828684051171852 × 10^291 |
| 64 | lv_79_k31 | 8.678863010425878 × 10^291 |
| 80 | ov_080 | 8.914037861604134 × 10^291 |
| 79 | ov_079 | 1.1452295647983113 × 10^292 |
| 78 | ov_078 | 1.4504287423588544 × 10^292 |
| 77 | ov_077 | 1.813463799489379 × 10^292 |
| 76 | ov_076 | 2.2411826771798412 × 10^292 |
| 63 | ov_063 | 2.7179834024339516 × 10^292 |
| 75 | ov_075 | 2.74082566049674 × 10^292 |
| 74 | ov_074 | 3.320033230538587 × 10^292 |
| 73 | ov_073 | 3.986854950827275 × 10^292 |
| 72 | ov_072 | 4.749759455288275 × 10^292 |
| 71 | ov_071 | 5.617645756667928 × 10^292 |
| 70 | ov_070 | 6.599856556049182 × 10^292 |
| 69 | ov_069 | 7.706194723114956 × 10^292 |
| 68 | ov_068 | 8.946944332963936 × 10^292 |
| 67 | ov_067 | 1.0332897722541977 × 10^293 |
| 66 | ov_066 | 1.0332903770166505 × 10^293 |
| 65 | ov_065 | 1.0332929431774605 × 10^293 |
| 62 | ov_062 | 2.2850205389539325 × 10^293 |
| 61 | ov_061 | 8.329506755187248 × 10^293 |
| 60 | ov_060 | 2.3844872628998998 × 10^294 |
| 59 | ov_059 | 5.753805694831927 × 10^294 |
| 58 | ov_058 | 1.1678275323760048 × 10^295 |
| 57 | ov_057 | 2.110123566962041 × 10^295 |
| 56 | ov_056 | 3.5172003881225983 × 10^295 |
| 55 | ov_055 | 5.52458954942033 × 10^295 |
| 54 | ov_054 | 8.288427031850621 × 10^295 |
| 53 | ov_053 | 1.2141598077410355 × 10^296 |
| 52 | ov_052 | 1.745823005113362 × 10^296 |
| 51 | ov_051 | 2.4653733433407966 × 10^296 |
| 50 | ov_050 | 3.418486640992518 × 10^296 |
| 49 | ov_049 | 4.654983264261123 × 10^296 |
| 48 | ov_048 | 6.228842683271103 × 10^296 |
| 47 | ov_047 | 8.198224824888884 × 10^296 |
| 32 | lv_80_m31 | 9.622144927455952 × 10^296 |
| 46 | ov_046 | 1.0625500620297887 × 10^297 |
| 45 | ov_045 | 1.3545051741283391 × 10^297 |
| 44 | ov_044 | 1.7027813250695008 × 10^297 |
| 43 | ov_043 | 2.114910628737039 × 10^297 |
| 42 | ov_042 | 2.598873508565413 × 10^297 |
| 41 | ov_041 | 3.163110947354401 × 10^297 |
| 40 | ov_040 | 3.812202363326081 × 10^297 |
| 39 | ov_039 | 4.555558890983547 × 10^297 |
| 31 | ov_031 | 4.936784552319809 × 10^297 |
| 38 | ov_038 | 5.4031085336918734 × 10^297 |
| 37 | ov_037 | 6.365323026497907 × 10^297 |
| 36 | ov_036 | 7.453249607608025 × 10^297 |
| 35 | ov_035 | 8.678548262217466 × 10^297 |
| 34 | ov_034 | 1.005353503410738 × 10^298 |
| 33 | ov_033 | 1.1591232032819315 × 10^298 |
| 30 | ov_030 | 2.5324143190215375 × 10^298 |
| 29 | ov_029 | 8.287717141449596 × 10^298 |
| 28 | ov_028 | 2.1518873750496478 × 10^299 |
| 27 | ov_027 | 4.811420865088983 × 10^299 |
| 26 | ov_026 | 9.62448590544606 × 10^299 |
| 25 | ov_025 | 1.763648013317803 × 10^300 |
| 24 | ov_024 | 3.116649282317918 × 10^300 |
| 23 | ov_023 | 5.299023069980295 × 10^300 |
| 22 | ov_022 | 8.634011815902437 × 10^300 |
| 21 | ov_021 | 1.349055101978292 × 10^301 |
| 20 | ov_020 | 2.0283308099417766 × 10^301 |
| 19 | ov_019 | 2.9472745876131745 × 10^301 |
| 18 | ov_018 | 4.156521905856778 × 10^301 |
| 17 | ov_017 | 5.71131137437288 × 10^301 |
| 16 | ov_016 | 7.671504316379311 × 10^301 |
| 15 | ov_015 | 1.010161194462834 × 10^302 |
| 14 | ov_014 | 1.3070832831381588 × 10^302 |
| 13 | ov_013 | 1.6653103830641118 × 10^302 |
| 12 | ov_012 | 2.0927167941517965 × 10^302 |
| 11 | ov_011 | 2.597666293287601 × 10^302 |
| 10 | ov_010 | 3.189023488165387 × 10^302 |
| 9 | ov_009 | 3.8761681111013086 × 10^302 |
| 8 | ov_008 | 4.669012702790591 × 10^302 |
| 7 | ov_007 | 5.578024105365052 × 10^302 |
| 6 | ov_006 | 6.614249218399885 × 10^302 |
| 5 | ov_005 | 7.789345570830853 × 10^302 |
| 4 | ov_004 | 9.115617329509839 × 10^302 |
| 3 | ov_003 | 1.0606057358163559 × 10^303 |
| 2 | ov_002 | 1.227439589129072 × 10^303 |
| 1 | ov_001 | 1.4135156426412085 × 10^303 |

