# Results for F001-F002-F003-F004-F005-F006-F007-F008-F009-F010-F011-F012-F013-F014-F015-F016-F017-F018-F019-F020-F021-F022-F023-F024-F025-F026-F027-F028-F029-F030-F031-F032-F033-F034-F035-F036-F037-F038-F039-F040-F041-F042-F043-F044-F045-F046-F047-F048-F049-F050-F051-F052-F053-F054-F055-F056-F057-F058-F059-F060-F061-F062-F063-F064-F065-F066-F067-F068-F069-F070-F071-F072-F073-F074-F075-F076-F077-F078-F079-F080-F081-F082-F083-F084-F085-F086-F087-F088-F089-F090-F091-F092-F093-F094-F095-F096-F097-F098-F099-F100-F101-F102-F103-F104-F105-F106-F107-F108-F109-F110-F111-F112-F113-F114-F115-F116-F117-F118-F119-F120-F121-F122-F123-F124-F125-F126-F127-F128-F129-F130-F131-F132-F133-F134-F135-F136-F137-F138-F139-F140-F141-F142-F143-F144-F145-F146-F147-F148-F149-F150-F151-F152-F153-F154-F155-F156-F157-F158-F159-F160-F161-F162-F163-F164-F165-F166-F167-F168-F169-F170-F171-F172-F173-F174-F175-F176-F177-F178-F179-F180-F181-F182-F183-F184-F185-F186-F187-F188-F189-F190-F191-F192-F193-F194-F195-F196-F197-F198-F199-F200-F201-F202-F203-F204-F205-F206-F207-F208-F209-F210-F211-F212-F213-F214-F215-F216-F217-F218-F219-F220-F221-F222-F223-F224-F225-F226-F227-F228-F229-F230-F231-F232-F233-F234-F235-F236-F237-F238-F239-F240-F241-F242-F243-F244-F245-F246-F247-F248-F249-F250-F251-F252-F253-F254-F255-F256-F257-F258-F259-F260-F261-F262-F263-F264-F265-F266-F267-F268-F269-F270-F271-F272-F273-F274-F275-F276-F277-F278-F279-F280-F281-F282-F283-F284-F285-F286-F287-F288-F289-F290-F291-F292-F293-F294-F295-F296-F297-F298-F299-F300-F301-F302-F303-F304-F305-F306-F307-F308-F309-F310-F311-F312-F313-F314-F315-F316-F317-F318-F319-F320-F321-F322-F323-F324-F325-F326-F327-F328-F329-F330-F331-F332-F333-F334-F335-F336-F337-F338-F339-F340-F341-F342-F343-F344-F345-F346-F347-F348-F349-F350-F351-F352-F353-F354-F355-F356-F357-F358-F359-F360-F361-F362-F363-F364-F365-F366-F367-F368-F369-F370-F371-F372-F373-F374-F375-F376-F377-F378-F379-F380-F381-F382-F383-F384-F385-F386-F387-F388-F389-F390-F391-F392-F393-F394-F395-F396-F397-F398-F399-F400-F401-F402-F403-F404-F405-F406-F407-F408-F409-F410-F411-F412-F413-F414-F415-F416-F417-F418-F419-F420-F421-F422-F423-F424-F425-F426-F427-F428-F429-F430-F431-F432-F433-F434-F435-F436-F437-F438-F439-F440-F441-F442-F443-F444-F445-F446-F447-F448-F449-F450-F451-F452-F453-F454-F455-F456-F457-F458-F459-F460-F461-F462-F463-F464-F465-F466-F467-F468-F469-F470-F471-F472-F473-F474-F475-F476-F477-F478-F479-F480-F481-F482-F483-F484-F485-F486-F487-F488-F489-F490-F491-F492-F493-F494-F495-F496-E499505-E508509-F510-F511-F512

## Summary

Number of input bits: 512  
Number of free input bits: 11  
Number of output bits: 160

Number of direct occurrences: 44587  
Number of assignments: 31300  
Number of operations: 10923200
(xor: 10895061,
and: 14749,
or: 13390)

Total complexity: 6.601778835112917 × 10^298

Least occurring input variable: iv_502 (3855)  
Most occurring input variable: iv_508 (4375)

Most co-occurring input variables: iv_506-iv_508 (2044)  
Least co-occurring input variables: iv_498-iv_502 (1747)

Potentially most occurring input variable: iv_497/iv_508 (4578)  
Potentially least occurring input variable: iv_499/iv_504 (4095)

Least output occurring input variable: iv_499 (57)  
Most output occurring input variable: iv_497 (93)

Most output co-occurring input variables: iv_497-iv_506 (57)  
Least output co-occurring input variables: iv_499-iv_501 (25)

Potentially most output occurring input variable: iv_497/iv_499 (92)  
Potentially least output occurring input variable: iv_503/iv_508 (68)

Least complex input bit: iv_497 (2.4156219362791903 × 10^296)  
Most complex input bit: iv_499 (1.5203923498006157 × 10^298)

Least complex output bit: aaa_76_29 (1.4396280734113371 × 10^274)  
Most complex output bit: ov_001 (1.0557091372079781 × 10^298)

Least complex input/output complexity: iv_497/aaa_76_29 (5.267666853241825 × 10^271)  
Most complex input/output complexity: iv_499/ov_001 (2.431302435168846 × 10^297)

## Input Bits

### Input Bits in Regular Order

| Input Bit | Complexity | Occurrences | Output Occurrences |
|:---------:|:----------:|:-----------:|:------------------:|
| iv_497 | 2.4156219362791903 × 10^296 | 4113 | 93 |
| iv_498 | 4.811633943356095 × 10^296 | 3906 | 88 |
| iv_499 | 1.5203923498006157 × 10^298 | 4145 | 57 |
| iv_500 | 1.4219770552298091 × 10^297 | 4082 | 76 |
| iv_501 | 2.3421201463449927 × 10^297 | 4047 | 83 |
| iv_502 | 3.7845763378801185 × 10^297 | 3855 | 82 |
| iv_503 | 6.013488512494086 × 10^297 | 4018 | 75 |
| iv_504 | 9.374314193957687 × 10^297 | 3898 | 78 |
| iv_506 | 7.263734207954838 × 10^297 | 4052 | 93 |
| iv_507 | 9.928471453032065 × 10^297 | 4096 | 87 |
| iv_508 | 9.962457358265884 × 10^297 | 4375 | 79 |

### Input Bits Sorted by Complexity

| Input Bit | Complexity | Occurrences | Output Occurrences |
|:---------:|:----------:|:-----------:|:------------------:|
| iv_497 | 2.4156219362791903 × 10^296 | 4113 | 93 |
| iv_498 | 4.811633943356095 × 10^296 | 3906 | 88 |
| iv_500 | 1.4219770552298091 × 10^297 | 4082 | 76 |
| iv_501 | 2.3421201463449927 × 10^297 | 4047 | 83 |
| iv_502 | 3.7845763378801185 × 10^297 | 3855 | 82 |
| iv_503 | 6.013488512494086 × 10^297 | 4018 | 75 |
| iv_506 | 7.263734207954838 × 10^297 | 4052 | 93 |
| iv_504 | 9.374314193957687 × 10^297 | 3898 | 78 |
| iv_507 | 9.928471453032065 × 10^297 | 4096 | 87 |
| iv_508 | 9.962457358265884 × 10^297 | 4375 | 79 |
| iv_499 | 1.5203923498006157 × 10^298 | 4145 | 57 |

### Input Bits Sorted by Occurrences

| Input Bit | Complexity | Occurrences | Output Occurrences |
|:---------:|:----------:|:-----------:|:------------------:|
| iv_502 | 3.7845763378801185 × 10^297 | 3855 | 82 |
| iv_504 | 9.374314193957687 × 10^297 | 3898 | 78 |
| iv_498 | 4.811633943356095 × 10^296 | 3906 | 88 |
| iv_503 | 6.013488512494086 × 10^297 | 4018 | 75 |
| iv_501 | 2.3421201463449927 × 10^297 | 4047 | 83 |
| iv_506 | 7.263734207954838 × 10^297 | 4052 | 93 |
| iv_500 | 1.4219770552298091 × 10^297 | 4082 | 76 |
| iv_507 | 9.928471453032065 × 10^297 | 4096 | 87 |
| iv_497 | 2.4156219362791903 × 10^296 | 4113 | 93 |
| iv_499 | 1.5203923498006157 × 10^298 | 4145 | 57 |
| iv_508 | 9.962457358265884 × 10^297 | 4375 | 79 |

### Input Bits Sorted by Output Occurrences

| Input Bit | Complexity | Occurrences | Output Occurrences |
|:---------:|:----------:|:-----------:|:------------------:|
| iv_499 | 1.5203923498006157 × 10^298 | 4145 | 57 |
| iv_503 | 6.013488512494086 × 10^297 | 4018 | 75 |
| iv_500 | 1.4219770552298091 × 10^297 | 4082 | 76 |
| iv_504 | 9.374314193957687 × 10^297 | 3898 | 78 |
| iv_508 | 9.962457358265884 × 10^297 | 4375 | 79 |
| iv_502 | 3.7845763378801185 × 10^297 | 3855 | 82 |
| iv_501 | 2.3421201463449927 × 10^297 | 4047 | 83 |
| iv_507 | 9.928471453032065 × 10^297 | 4096 | 87 |
| iv_498 | 4.811633943356095 × 10^296 | 3906 | 88 |
| iv_506 | 7.263734207954838 × 10^297 | 4052 | 93 |
| iv_497 | 2.4156219362791903 × 10^296 | 4113 | 93 |

## Input Bit Co-occurrences

### Input Bit Co-occurrences Sorted by Co-occurrences

| Input Bits | Co-occurrences | Potential Occurrences | Output Co-occurrences | Potential Output Occurrences |
|:----------:|:--------------:|:---------------------:|:---------------------:|:----------------------------:|
| iv_506-iv_508 | 2044 | 4339 | 48 | 76 |
| iv_500-iv_508 | 2026 | 4405 | 43 | 69 |
| iv_507-iv_508 | 2011 | 4449 | 42 | 82 |
| iv_497-iv_501 | 1989 | 4182 | 48 | 80 |
| iv_499-iv_508 | 1979 | 4562 | 29 | 78 |
| iv_501-iv_508 | 1975 | 4472 | 39 | 84 |
| iv_500-iv_506 | 1975 | 4184 | 45 | 79 |
| iv_499-iv_504 | 1974 | 4095 | 27 | 81 |
| iv_503-iv_508 | 1974 | 4445 | 43 | 68 |
| iv_497-iv_503 | 1970 | 4191 | 46 | 76 |
| iv_497-iv_500 | 1970 | 4255 | 39 | 91 |

### Input Bit Co-occurrences Sorted by Potential Occurrences

| Input Bits | Co-occurrences | Potential Occurrences | Output Co-occurrences | Potential Output Occurrences |
|:----------:|:--------------:|:---------------------:|:---------------------:|:----------------------------:|
| iv_499-iv_504 | 1974 | 4095 | 27 | 81 |
| iv_502-iv_506 | 1882 | 4143 | 51 | 73 |
| iv_504-iv_506 | 1899 | 4152 | 45 | 81 |
| iv_498-iv_504 | 1825 | 4154 | 46 | 74 |
| iv_498-iv_506 | 1892 | 4174 | 54 | 73 |
| iv_497-iv_501 | 1989 | 4182 | 48 | 80 |
| iv_502-iv_504 | 1785 | 4183 | 42 | 76 |
| iv_500-iv_506 | 1975 | 4184 | 45 | 79 |
| iv_497-iv_504 | 1912 | 4187 | 50 | 71 |
| iv_497-iv_502 | 1890 | 4188 | 52 | 71 |
| iv_497-iv_503 | 1970 | 4191 | 46 | 76 |

### Input Bit Output Co-occurrences Sorted by Output Co-occurrences

| Input Bits | Co-occurrences | Potential Occurrences | Output Co-occurrences | Potential Output Occurrences |
|:----------:|:--------------:|:---------------------:|:---------------------:|:----------------------------:|
| iv_497-iv_506 | 1924 | 4317 | 57 | 72 |
| iv_498-iv_506 | 1892 | 4174 | 54 | 73 |
| iv_497-iv_502 | 1890 | 4188 | 52 | 71 |
| iv_502-iv_506 | 1882 | 4143 | 51 | 73 |
| iv_497-iv_504 | 1912 | 4187 | 50 | 71 |
| iv_497-iv_498 | 1878 | 4263 | 50 | 81 |
| iv_501-iv_507 | 1944 | 4255 | 49 | 72 |
| iv_506-iv_507 | 1933 | 4282 | 49 | 82 |
| iv_498-iv_501 | 1853 | 4247 | 48 | 75 |
| iv_506-iv_508 | 2044 | 4339 | 48 | 76 |
| iv_497-iv_501 | 1989 | 4182 | 48 | 80 |

### Input Bit Output Co-occurrences Sorted by Potential Output Occurrences

| Input Bits | Co-occurrences | Potential Occurrences | Output Co-occurrences | Potential Output Occurrences |
|:----------:|:--------------:|:---------------------:|:---------------------:|:----------------------------:|
| iv_503-iv_508 | 1974 | 4445 | 43 | 68 |
| iv_500-iv_508 | 2026 | 4405 | 43 | 69 |
| iv_497-iv_504 | 1912 | 4187 | 50 | 71 |
| iv_497-iv_502 | 1890 | 4188 | 52 | 71 |
| iv_501-iv_507 | 1944 | 4255 | 49 | 72 |
| iv_499-iv_503 | 1891 | 4381 | 30 | 72 |
| iv_497-iv_506 | 1924 | 4317 | 57 | 72 |
| iv_498-iv_506 | 1892 | 4174 | 54 | 73 |
| iv_502-iv_506 | 1882 | 4143 | 51 | 73 |
| iv_498-iv_499 | 1820 | 4411 | 36 | 73 |
| iv_500-iv_503 | 1931 | 4238 | 39 | 73 |

## Output Bits

### Output Bits in Regular Order

| Rank | Output Bit | Complexity |
|:----:|:----------:|:----------:|
| 1 | ov_001 | 1.0557091372079781 × 10^298 |
| 2 | ov_002 | 9.154676104992647 × 10^297 |
| 3 | ov_003 | 7.898554511395059 × 10^297 |
| 4 | ov_004 | 6.77762474616803 × 10^297 |
| 5 | ov_005 | 5.781390108079413 × 10^297 |
| 6 | ov_006 | 4.899916166038931 × 10^297 |
| 7 | ov_007 | 4.1237934544324334 × 10^297 |
| 8 | ov_008 | 3.4441052881893293 × 10^297 |
| 9 | ov_009 | 2.852400277075653 × 10^297 |
| 10 | ov_010 | 2.3406690819485797 × 10^297 |
| 11 | ov_011 | 1.901324950468691 × 10^297 |
| 12 | ov_012 | 1.5271875962031705 × 10^297 |
| 13 | ov_013 | 1.2114700109927832 × 10^297 |
| 14 | ov_014 | 9.47767826011437 × 10^296 |
| 15 | ov_015 | 7.300508622124993 × 10^296 |
| 16 | ov_016 | 5.526565359056199 × 10^296 |
| 17 | ov_017 | 4.102848101000475 × 10^296 |
| 18 | ov_018 | 2.979944070302327 × 10^296 |
| 19 | ov_019 | 2.1120002198072377 × 10^296 |
| 20 | ov_020 | 1.4567030317504067 × 10^296 |
| 21 | ov_021 | 9.7526397196167 × 10^295 |
| 22 | ov_022 | 6.324091273275063 × 10^295 |
| 23 | ov_023 | 3.963720415199935 × 10^295 |
| 24 | ov_024 | 2.388890031261254 × 10^295 |
| 25 | ov_025 | 1.351961631446355 × 10^295 |
| 26 | ov_026 | 7.378629914978196 × 10^294 |
| 27 | ov_027 | 3.689138747302052 × 10^294 |
| 28 | ov_028 | 1.6501747140489986 × 10^294 |
| 29 | ov_029 | 6.356284301295723 × 10^293 |
| 30 | ov_030 | 1.94247267672407 × 10^293 |
| 31 | ov_031 | 3.787191494505618 × 10^292 |
| 32 | lv_80_m31 | 7.382343230708018 × 10^291 |
| 33 | ov_033 | 8.849919375898474 × 10^292 |
| 34 | ov_034 | 7.673614636121662 × 10^292 |
| 35 | ov_035 | 6.62082724814142 × 10^292 |
| 36 | ov_036 | 5.681883268695604 × 10^292 |
| 37 | ov_037 | 4.847629066707306 × 10^292 |
| 38 | ov_038 | 4.1093947435768515 × 10^292 |
| 39 | ov_039 | 3.458962557959757 × 10^292 |
| 40 | ov_040 | 2.888539862571512 × 10^292 |
| 41 | ov_041 | 2.3907360906052175 × 10^292 |
| 42 | ov_042 | 1.9585433578319242 × 10^292 |
| 43 | ov_043 | 1.588551180897651 × 10^292 |
| 44 | ov_044 | 1.2744713015632542 × 10^292 |
| 45 | ov_045 | 1.0103577048551332 × 10^292 |
| 46 | ov_046 | 7.905978697237047 × 10^291 |
| 47 | ov_047 | 6.099058507131055 × 10^291 |
| 48 | ov_048 | 4.633169044162255 × 10^291 |
| 49 | ov_049 | 3.461833965844417 × 10^291 |
| 50 | ov_050 | 2.5417174744825087 × 10^291 |
| 51 | ov_051 | 1.8326019417357542 × 10^291 |
| 52 | ov_052 | 1.2973718038951295 × 10^291 |
| 53 | ov_053 | 9.020022344311336 × 10^290 |
| 54 | ov_054 | 6.1555138164595735 × 10^290 |
| 55 | ov_055 | 4.10155175040141 × 10^290 |
| 56 | ov_056 | 2.610239793747063 × 10^290 |
| 57 | ov_057 | 1.565312648531904 × 10^290 |
| 58 | ov_058 | 8.658633138439627 × 10^289 |
| 59 | ov_059 | 4.263391239167238 × 10^289 |
| 60 | ov_060 | 1.7653990961882779 × 10^289 |
| 61 | ov_061 | 6.161732060244946 × 10^288 |
| 62 | ov_062 | 1.688929252517569 × 10^288 |
| 63 | ov_063 | 3.289015356218088 × 10^287 |
| 64 | lv_79_m31 | 6.403602217126305 × 10^286 |
| 65 | ov_065 | 7.611640586355129 × 10^287 |
| 66 | ov_066 | 7.611616177391829 × 10^287 |
| 67 | ov_067 | 7.611610203221814 × 10^287 |
| 68 | ov_068 | 6.5713658710769985 × 10^287 |
| 69 | ov_069 | 5.64439900959129 × 10^287 |
| 70 | ov_070 | 4.821465793731072 × 10^287 |
| 71 | ov_071 | 4.0938913266060676 × 10^287 |
| 72 | ov_072 | 3.4535311041116633 × 10^287 |
| 73 | ov_073 | 2.8927358831912654 × 10^287 |
| 74 | ov_074 | 2.4043197746830083 × 10^287 |
| 75 | ov_075 | 1.981531388422787 × 10^287 |
| 76 | ov_076 | 1.6180278637588858 × 10^287 |
| 77 | ov_077 | 1.3078516230540867 × 10^287 |
| 78 | ov_078 | 1.0454096892602884 × 10^287 |
| 79 | ov_079 | 8.254554113889542 × 10^286 |
| 80 | ov_080 | 6.430724437984394 × 10^286 |
| 81 | ov_081 | 4.936608267963027 × 10^286 |
| 82 | ov_082 | 3.729250172193253 × 10^286 |
| 83 | ov_083 | 2.7686371849922677 × 10^286 |
| 84 | ov_084 | 2.0176136032352647 × 10^286 |
| 85 | ov_085 | 1.4418107841964297 × 10^286 |
| 86 | ov_086 | 1.009590452747801 × 10^286 |
| 87 | ov_087 | 6.920000279118924 × 10^285 |
| 88 | ov_088 | 4.627384799338348 × 10^285 |
| 89 | ov_089 | 2.981312297205782 × 10^285 |
| 90 | ov_090 | 1.869949814717083 × 10^285 |
| 91 | ov_091 | 1.1086148643867907 × 10^285 |
| 92 | ov_092 | 6.1144874487674536 × 10^284 |
| 93 | ov_093 | 3.055330565822482 × 10^284 |
| 94 | ov_094 | 1.3087752372544632 × 10^284 |
| 95 | aaa_78_28 | 4.041502258888637 × 10^283 |
| 96 | aaa_78_29 | 1.2412248527632818 × 10^283 |
| 97 | ov_097 | 8.19760995203184 × 10^282 |
| 98 | ov_098 | 8.19736501669761 × 10^282 |
| 99 | ov_099 | 8.197286826006762 × 10^282 |
| 100 | ov_100 | 7.376967290128416 × 10^282 |
| 101 | ov_101 | 6.617095578823783 × 10^282 |
| 102 | ov_102 | 5.914368358156411 × 10^282 |
| 103 | ov_103 | 5.265723035173113 × 10^282 |
| 104 | ov_104 | 4.668306033042387 × 10^282 |
| 105 | ov_105 | 4.119443997641904 × 10^282 |
| 106 | ov_106 | 3.6166177843905396 × 10^282 |
| 107 | ov_107 | 3.1574390795381914 × 10^282 |
| 108 | ov_108 | 2.7396295144718576 × 10^282 |
| 109 | ov_109 | 2.36100213501949 × 10^282 |
| 110 | ov_110 | 2.01944509036679 × 10^282 |
| 111 | ov_111 | 1.712907408173903 × 10^282 |
| 112 | ov_112 | 1.4393867239068934 × 10^282 |
| 113 | ov_113 | 1.1969188333915817 × 10^282 |
| 114 | ov_114 | 9.835689382540453 × 10^281 |
| 115 | ov_115 | 7.974244543225724 × 10^281 |
| 116 | ov_116 | 6.365892533097563 × 10^281 |
| 117 | ov_117 | 4.9917920823629705 × 10^281 |
| 118 | ov_118 | 3.8331879062193644 × 10^281 |
| 119 | ov_119 | 2.8713846752594255 × 10^281 |
| 120 | ov_120 | 2.0877280141299966 × 10^281 |
| 121 | ov_121 | 1.463590818162651 × 10^281 |
| 122 | ov_122 | 9.803631777761438 × 10^280 |
| 123 | ov_123 | 6.194452640575697 × 10^280 |
| 124 | ov_124 | 3.6224252894746877 × 10^280 |
| 125 | ov_125 | 1.9016273118398117 × 10^280 |
| 126 | ov_126 | 8.461441894812268 × 10^279 |
| 127 | aaa_77_28 | 2.70063472905307 × 10^279 |
| 128 | aaa_77_29 | 1.0117346957126334 × 10^279 |
| 129 | ov_129 | 9.310122542049379 × 10^278 |
| 130 | ov_130 | 9.310094505337389 × 10^278 |
| 131 | ov_131 | 9.310087727307475 × 10^278 |
| 132 | ov_132 | 8.057400616581204 × 10^278 |
| 133 | ov_133 | 6.93698945825798 × 10^278 |
| 134 | ov_134 | 5.938781579252328 × 10^278 |
| 135 | ov_135 | 5.05324205407921 × 10^278 |
| 136 | ov_136 | 4.271335145543057 × 10^278 |
| 137 | ov_137 | 3.584491130702016 × 10^278 |
| 138 | ov_138 | 2.984577997260751 × 10^278 |
| 139 | ov_139 | 2.4638775216903943 × 10^278 |
| 140 | ov_140 | 2.015065265776284 × 10^278 |
| 141 | ov_141 | 1.631194053125366 × 10^278 |
| 142 | ov_142 | 1.3056805115697386 × 10^278 |
| 143 | ov_143 | 1.0322942914990149 × 10^278 |
| 144 | ov_144 | 8.051495940361202 × 10^277 |
| 145 | ov_145 | 6.186986667106199 × 10^277 |
| 146 | ov_146 | 4.677269479322906 × 10^277 |
| 147 | ov_147 | 3.473495651592601 × 10^277 |
| 148 | ov_148 | 2.530089152097087 × 10^277 |
| 149 | ov_149 | 1.8047307869526405 × 10^277 |
| 150 | ov_150 | 1.2583484406481027 × 10^277 |
| 151 | ov_151 | 8.551114024473818 × 10^276 |
| 152 | ov_152 | 5.624270850994218 × 10^276 |
| 153 | ov_153 | 3.509389740798907 × 10^276 |
| 154 | ov_154 | 2.067776249680554 × 10^276 |
| 155 | ov_155 | 1.0705501670854987 × 10^276 |
| 156 | aaa_76_25 | 4.113551573409002 × 10^275 |
| 157 | aaa_76_26 | 2.3754197904299697 × 10^275 |
| 158 | aaa_76_27 | 1.2159150294884981 × 10^275 |
| 159 | aaa_76_28 | 4.733984154873539 × 10^274 |
| 160 | aaa_76_29 | 1.4396280734113371 × 10^274 |

### Output Bits Sorted by Complexity

| Rank | Output Bit | Complexity |
|:----:|:----------:|:----------:|
| 160 | aaa_76_29 | 1.4396280734113371 × 10^274 |
| 159 | aaa_76_28 | 4.733984154873539 × 10^274 |
| 158 | aaa_76_27 | 1.2159150294884981 × 10^275 |
| 157 | aaa_76_26 | 2.3754197904299697 × 10^275 |
| 156 | aaa_76_25 | 4.113551573409002 × 10^275 |
| 155 | ov_155 | 1.0705501670854987 × 10^276 |
| 154 | ov_154 | 2.067776249680554 × 10^276 |
| 153 | ov_153 | 3.509389740798907 × 10^276 |
| 152 | ov_152 | 5.624270850994218 × 10^276 |
| 151 | ov_151 | 8.551114024473818 × 10^276 |
| 150 | ov_150 | 1.2583484406481027 × 10^277 |
| 149 | ov_149 | 1.8047307869526405 × 10^277 |
| 148 | ov_148 | 2.530089152097087 × 10^277 |
| 147 | ov_147 | 3.473495651592601 × 10^277 |
| 146 | ov_146 | 4.677269479322906 × 10^277 |
| 145 | ov_145 | 6.186986667106199 × 10^277 |
| 144 | ov_144 | 8.051495940361202 × 10^277 |
| 143 | ov_143 | 1.0322942914990149 × 10^278 |
| 142 | ov_142 | 1.3056805115697386 × 10^278 |
| 141 | ov_141 | 1.631194053125366 × 10^278 |
| 140 | ov_140 | 2.015065265776284 × 10^278 |
| 139 | ov_139 | 2.4638775216903943 × 10^278 |
| 138 | ov_138 | 2.984577997260751 × 10^278 |
| 137 | ov_137 | 3.584491130702016 × 10^278 |
| 136 | ov_136 | 4.271335145543057 × 10^278 |
| 135 | ov_135 | 5.05324205407921 × 10^278 |
| 134 | ov_134 | 5.938781579252328 × 10^278 |
| 133 | ov_133 | 6.93698945825798 × 10^278 |
| 132 | ov_132 | 8.057400616581204 × 10^278 |
| 131 | ov_131 | 9.310087727307475 × 10^278 |
| 130 | ov_130 | 9.310094505337389 × 10^278 |
| 129 | ov_129 | 9.310122542049379 × 10^278 |
| 128 | aaa_77_29 | 1.0117346957126334 × 10^279 |
| 127 | aaa_77_28 | 2.70063472905307 × 10^279 |
| 126 | ov_126 | 8.461441894812268 × 10^279 |
| 125 | ov_125 | 1.9016273118398117 × 10^280 |
| 124 | ov_124 | 3.6224252894746877 × 10^280 |
| 123 | ov_123 | 6.194452640575697 × 10^280 |
| 122 | ov_122 | 9.803631777761438 × 10^280 |
| 121 | ov_121 | 1.463590818162651 × 10^281 |
| 120 | ov_120 | 2.0877280141299966 × 10^281 |
| 119 | ov_119 | 2.8713846752594255 × 10^281 |
| 118 | ov_118 | 3.8331879062193644 × 10^281 |
| 117 | ov_117 | 4.9917920823629705 × 10^281 |
| 116 | ov_116 | 6.365892533097563 × 10^281 |
| 115 | ov_115 | 7.974244543225724 × 10^281 |
| 114 | ov_114 | 9.835689382540453 × 10^281 |
| 113 | ov_113 | 1.1969188333915817 × 10^282 |
| 112 | ov_112 | 1.4393867239068934 × 10^282 |
| 111 | ov_111 | 1.712907408173903 × 10^282 |
| 110 | ov_110 | 2.01944509036679 × 10^282 |
| 109 | ov_109 | 2.36100213501949 × 10^282 |
| 108 | ov_108 | 2.7396295144718576 × 10^282 |
| 107 | ov_107 | 3.1574390795381914 × 10^282 |
| 106 | ov_106 | 3.6166177843905396 × 10^282 |
| 105 | ov_105 | 4.119443997641904 × 10^282 |
| 104 | ov_104 | 4.668306033042387 × 10^282 |
| 103 | ov_103 | 5.265723035173113 × 10^282 |
| 102 | ov_102 | 5.914368358156411 × 10^282 |
| 101 | ov_101 | 6.617095578823783 × 10^282 |
| 100 | ov_100 | 7.376967290128416 × 10^282 |
| 99 | ov_099 | 8.197286826006762 × 10^282 |
| 98 | ov_098 | 8.19736501669761 × 10^282 |
| 97 | ov_097 | 8.19760995203184 × 10^282 |
| 96 | aaa_78_29 | 1.2412248527632818 × 10^283 |
| 95 | aaa_78_28 | 4.041502258888637 × 10^283 |
| 94 | ov_094 | 1.3087752372544632 × 10^284 |
| 93 | ov_093 | 3.055330565822482 × 10^284 |
| 92 | ov_092 | 6.1144874487674536 × 10^284 |
| 91 | ov_091 | 1.1086148643867907 × 10^285 |
| 90 | ov_090 | 1.869949814717083 × 10^285 |
| 89 | ov_089 | 2.981312297205782 × 10^285 |
| 88 | ov_088 | 4.627384799338348 × 10^285 |
| 87 | ov_087 | 6.920000279118924 × 10^285 |
| 86 | ov_086 | 1.009590452747801 × 10^286 |
| 85 | ov_085 | 1.4418107841964297 × 10^286 |
| 84 | ov_084 | 2.0176136032352647 × 10^286 |
| 83 | ov_083 | 2.7686371849922677 × 10^286 |
| 82 | ov_082 | 3.729250172193253 × 10^286 |
| 81 | ov_081 | 4.936608267963027 × 10^286 |
| 64 | lv_79_m31 | 6.403602217126305 × 10^286 |
| 80 | ov_080 | 6.430724437984394 × 10^286 |
| 79 | ov_079 | 8.254554113889542 × 10^286 |
| 78 | ov_078 | 1.0454096892602884 × 10^287 |
| 77 | ov_077 | 1.3078516230540867 × 10^287 |
| 76 | ov_076 | 1.6180278637588858 × 10^287 |
| 75 | ov_075 | 1.981531388422787 × 10^287 |
| 74 | ov_074 | 2.4043197746830083 × 10^287 |
| 73 | ov_073 | 2.8927358831912654 × 10^287 |
| 63 | ov_063 | 3.289015356218088 × 10^287 |
| 72 | ov_072 | 3.4535311041116633 × 10^287 |
| 71 | ov_071 | 4.0938913266060676 × 10^287 |
| 70 | ov_070 | 4.821465793731072 × 10^287 |
| 69 | ov_069 | 5.64439900959129 × 10^287 |
| 68 | ov_068 | 6.5713658710769985 × 10^287 |
| 67 | ov_067 | 7.611610203221814 × 10^287 |
| 66 | ov_066 | 7.611616177391829 × 10^287 |
| 65 | ov_065 | 7.611640586355129 × 10^287 |
| 62 | ov_062 | 1.688929252517569 × 10^288 |
| 61 | ov_061 | 6.161732060244946 × 10^288 |
| 60 | ov_060 | 1.7653990961882779 × 10^289 |
| 59 | ov_059 | 4.263391239167238 × 10^289 |
| 58 | ov_058 | 8.658633138439627 × 10^289 |
| 57 | ov_057 | 1.565312648531904 × 10^290 |
| 56 | ov_056 | 2.610239793747063 × 10^290 |
| 55 | ov_055 | 4.10155175040141 × 10^290 |
| 54 | ov_054 | 6.1555138164595735 × 10^290 |
| 53 | ov_053 | 9.020022344311336 × 10^290 |
| 52 | ov_052 | 1.2973718038951295 × 10^291 |
| 51 | ov_051 | 1.8326019417357542 × 10^291 |
| 50 | ov_050 | 2.5417174744825087 × 10^291 |
| 49 | ov_049 | 3.461833965844417 × 10^291 |
| 48 | ov_048 | 4.633169044162255 × 10^291 |
| 47 | ov_047 | 6.099058507131055 × 10^291 |
| 32 | lv_80_m31 | 7.382343230708018 × 10^291 |
| 46 | ov_046 | 7.905978697237047 × 10^291 |
| 45 | ov_045 | 1.0103577048551332 × 10^292 |
| 44 | ov_044 | 1.2744713015632542 × 10^292 |
| 43 | ov_043 | 1.588551180897651 × 10^292 |
| 42 | ov_042 | 1.9585433578319242 × 10^292 |
| 41 | ov_041 | 2.3907360906052175 × 10^292 |
| 40 | ov_040 | 2.888539862571512 × 10^292 |
| 39 | ov_039 | 3.458962557959757 × 10^292 |
| 31 | ov_031 | 3.787191494505618 × 10^292 |
| 38 | ov_038 | 4.1093947435768515 × 10^292 |
| 37 | ov_037 | 4.847629066707306 × 10^292 |
| 36 | ov_036 | 5.681883268695604 × 10^292 |
| 35 | ov_035 | 6.62082724814142 × 10^292 |
| 34 | ov_034 | 7.673614636121662 × 10^292 |
| 33 | ov_033 | 8.849919375898474 × 10^292 |
| 30 | ov_030 | 1.94247267672407 × 10^293 |
| 29 | ov_029 | 6.356284301295723 × 10^293 |
| 28 | ov_028 | 1.6501747140489986 × 10^294 |
| 27 | ov_027 | 3.689138747302052 × 10^294 |
| 26 | ov_026 | 7.378629914978196 × 10^294 |
| 25 | ov_025 | 1.351961631446355 × 10^295 |
| 24 | ov_024 | 2.388890031261254 × 10^295 |
| 23 | ov_023 | 3.963720415199935 × 10^295 |
| 22 | ov_022 | 6.324091273275063 × 10^295 |
| 21 | ov_021 | 9.7526397196167 × 10^295 |
| 20 | ov_020 | 1.4567030317504067 × 10^296 |
| 19 | ov_019 | 2.1120002198072377 × 10^296 |
| 18 | ov_018 | 2.979944070302327 × 10^296 |
| 17 | ov_017 | 4.102848101000475 × 10^296 |
| 16 | ov_016 | 5.526565359056199 × 10^296 |
| 15 | ov_015 | 7.300508622124993 × 10^296 |
| 14 | ov_014 | 9.47767826011437 × 10^296 |
| 13 | ov_013 | 1.2114700109927832 × 10^297 |
| 12 | ov_012 | 1.5271875962031705 × 10^297 |
| 11 | ov_011 | 1.901324950468691 × 10^297 |
| 10 | ov_010 | 2.3406690819485797 × 10^297 |
| 9 | ov_009 | 2.852400277075653 × 10^297 |
| 8 | ov_008 | 3.4441052881893293 × 10^297 |
| 7 | ov_007 | 4.1237934544324334 × 10^297 |
| 6 | ov_006 | 4.899916166038931 × 10^297 |
| 5 | ov_005 | 5.781390108079413 × 10^297 |
| 4 | ov_004 | 6.77762474616803 × 10^297 |
| 3 | ov_003 | 7.898554511395059 × 10^297 |
| 2 | ov_002 | 9.154676104992647 × 10^297 |
| 1 | ov_001 | 1.0557091372079781 × 10^298 |

