# Results for F001-F002-F003-F004-F005-F006-F007-F008-F009-F010-F011-F012-F013-F014-F015-F016-F017-F018-F019-F020-F021-F022-F023-F024-F025-F026-F027-F028-F029-F030-F031-F032-F033-F034-F035-F036-F037-F038-F039-F040-F041-F042-F043-F044-F045-F046-F047-F048-F049-F050-F051-F052-F053-F054-F055-F056-F057-F058-F059-F060-F061-F062-F063-F064-F065-F066-F067-F068-F069-F070-F071-F072-F073-F074-F075-F076-F077-F078-F079-F080-F081-F082-F083-F084-F085-F086-F087-F088-F089-F090-F091-F092-F093-F094-F095-F096-F097-F098-F099-F100-F101-F102-F103-F104-F105-F106-F107-F108-F109-F110-F111-F112-F113-F114-F115-F116-F117-F118-F119-F120-F121-F122-F123-F124-F125-F126-F127-F128-F129-F130-F131-F132-F133-F134-F135-F136-F137-F138-F139-F140-F141-F142-F143-F144-F145-F146-F147-F148-F149-F150-F151-F152-F153-F154-F155-F156-F157-F158-F159-F160-F161-F162-F163-F164-F165-F166-F167-F168-F169-F170-F171-F172-F173-F174-F175-F176-F177-F178-F179-F180-F181-F182-F183-F184-F185-F186-F187-F188-F189-F190-F191-F192-F193-F194-F195-F196-F197-F198-F199-F200-F201-F202-F203-F204-F205-F206-F207-F208-F209-F210-F211-F212-F213-F214-F215-F216-F217-F218-F219-F220-F221-F222-F223-F224-F225-F226-F227-F228-F229-F230-F231-F232-F233-F234-F235-F236-F237-F238-F239-F240-F241-F242-F243-F244-F245-F246-F247-F248-F249-F250-F251-F252-F253-F254-F255-F256-F257-F258-F259-F260-F261-F262-F263-F264-F265-F266-F267-F268-F269-F270-F271-F272-F273-F274-F275-F276-F277-F278-F279-F280-F281-F282-F283-F284-F285-F286-F287-F288-F289-F290-F291-F292-F293-F294-F295-F296-F297-F298-F299-F300-F301-F302-F303-F304-F305-F306-F307-F308-F309-F310-F311-F312-F313-F314-F315-F316-F317-F318-F319-F320-F321-F322-F323-F324-F325-F326-F327-F328-F329-F330-F331-F332-F333-F334-F335-F336-F337-F338-F339-F340-F341-F342-F343-F344-F345-F346-F347-F348-F349-F350-F351-F352-F353-F354-F355-F356-F357-F358-F359-F360-F361-F362-F363-F364-F365-F366-F367-F368-F369-F370-F371-F372-F373-F374-F375-F376-F377-F378-F379-F380-F381-F382-F383-F384-F385-F386-F387-F388-F389-F390-F391-F392-F393-F394-F395-F396-F397-F398-F399-F400-F401-F402-F403-F404-F405-F406-F407-F408-F409-F410-F411-F412-F413-F414-F415-F416-F417-F418-F419-F420-F421-F422-F423-F424-F425-F426-F427-F428-F429-F430-F431-F432-F433-F434-F435-F436-F437-F438-F439-F440-F441-F442-F443-F444-F445-F446-F447-F448-F449-F450-F451-F452-F453-F454-F455-F456-F457-F458-F459-F460-F461-F462-F463-F464-F465-F466-F467-F468-F469-F470-F471-F472-F473-F474-F475-F476-F477-F478-F479-F480-F481-F482-F483-F484-F485-F486-F487-F488-F489-F490-F491-F492-F493-F494-F495-F496-E497502-F509-F510-F511-F512

## Summary

Number of input bits: 512  
Number of free input bits: 11  
Number of output bits: 160

Number of direct occurrences: 44165  
Number of assignments: 31074  
Number of operations: 10819326
(xor: 10791307,
and: 14733,
or: 13286)

Total complexity: 5.624012181342804 × 10^297

Least occurring input variable: iv_504 (3877)  
Most occurring input variable: iv_497 (4161)

Most co-occurring input variables: iv_507-iv_508 (2016)  
Least co-occurring input variables: iv_499-iv_506 (1767)

Potentially most occurring input variable: iv_497/iv_498 (4433)  
Potentially least occurring input variable: iv_504/iv_505 (3973)

Least output occurring input variable: iv_497 (71)  
Most output occurring input variable: iv_498 (88)

Most output co-occurring input variables: iv_499-iv_505 (48)  
Least output co-occurring input variables: iv_505-iv_507 (31)

Potentially most output occurring input variable: iv_503/iv_508 (88)  
Potentially least output occurring input variable: iv_499/iv_505 (57)

Least complex input bit: iv_498 (3.994326211432847 × 10^295)  
Most complex input bit: iv_505 (1.182337185467679 × 10^297)

Least complex output bit: aaa_76_29 (1.2672691968777124 × 10^273)  
Most complex output bit: ov_001 (8.996091611110495 × 10^296)

Least complex input/output complexity: iv_498/aaa_76_29 (9.000490053742223 × 10^270)  
Most complex input/output complexity: iv_505/ov_001 (1.8912501062809204 × 10^296)

## Input Bits

### Input Bits in Regular Order

| Input Bit | Complexity | Occurrences | Output Occurrences |
|:---------:|:----------:|:-----------:|:------------------:|
| iv_497 | 3.3501556638326757 × 10^296 | 4161 | 71 |
| iv_498 | 3.994326211432847 × 10^295 | 3890 | 88 |
| iv_499 | 7.053230227059257 × 10^295 | 3897 | 81 |
| iv_500 | 1.187288849708461 × 10^296 | 4069 | 76 |
| iv_501 | 1.954322534853398 × 10^296 | 4032 | 83 |
| iv_503 | 4.989725960690769 × 10^296 | 4004 | 75 |
| iv_504 | 7.749553724329356 × 10^296 | 3877 | 78 |
| iv_505 | 1.182337185467679 × 10^297 | 4036 | 72 |
| iv_506 | 5.913784203045105 × 10^296 | 3909 | 82 |
| iv_507 | 8.415207363766206 × 10^296 | 4137 | 76 |
| iv_508 | 9.751956014676124 × 10^296 | 4153 | 81 |

### Input Bits Sorted by Complexity

| Input Bit | Complexity | Occurrences | Output Occurrences |
|:---------:|:----------:|:-----------:|:------------------:|
| iv_498 | 3.994326211432847 × 10^295 | 3890 | 88 |
| iv_499 | 7.053230227059257 × 10^295 | 3897 | 81 |
| iv_500 | 1.187288849708461 × 10^296 | 4069 | 76 |
| iv_501 | 1.954322534853398 × 10^296 | 4032 | 83 |
| iv_497 | 3.3501556638326757 × 10^296 | 4161 | 71 |
| iv_503 | 4.989725960690769 × 10^296 | 4004 | 75 |
| iv_506 | 5.913784203045105 × 10^296 | 3909 | 82 |
| iv_504 | 7.749553724329356 × 10^296 | 3877 | 78 |
| iv_507 | 8.415207363766206 × 10^296 | 4137 | 76 |
| iv_508 | 9.751956014676124 × 10^296 | 4153 | 81 |
| iv_505 | 1.182337185467679 × 10^297 | 4036 | 72 |

### Input Bits Sorted by Occurrences

| Input Bit | Complexity | Occurrences | Output Occurrences |
|:---------:|:----------:|:-----------:|:------------------:|
| iv_504 | 7.749553724329356 × 10^296 | 3877 | 78 |
| iv_498 | 3.994326211432847 × 10^295 | 3890 | 88 |
| iv_499 | 7.053230227059257 × 10^295 | 3897 | 81 |
| iv_506 | 5.913784203045105 × 10^296 | 3909 | 82 |
| iv_503 | 4.989725960690769 × 10^296 | 4004 | 75 |
| iv_501 | 1.954322534853398 × 10^296 | 4032 | 83 |
| iv_505 | 1.182337185467679 × 10^297 | 4036 | 72 |
| iv_500 | 1.187288849708461 × 10^296 | 4069 | 76 |
| iv_507 | 8.415207363766206 × 10^296 | 4137 | 76 |
| iv_508 | 9.751956014676124 × 10^296 | 4153 | 81 |
| iv_497 | 3.3501556638326757 × 10^296 | 4161 | 71 |

### Input Bits Sorted by Output Occurrences

| Input Bit | Complexity | Occurrences | Output Occurrences |
|:---------:|:----------:|:-----------:|:------------------:|
| iv_497 | 3.3501556638326757 × 10^296 | 4161 | 71 |
| iv_505 | 1.182337185467679 × 10^297 | 4036 | 72 |
| iv_503 | 4.989725960690769 × 10^296 | 4004 | 75 |
| iv_500 | 1.187288849708461 × 10^296 | 4069 | 76 |
| iv_507 | 8.415207363766206 × 10^296 | 4137 | 76 |
| iv_504 | 7.749553724329356 × 10^296 | 3877 | 78 |
| iv_499 | 7.053230227059257 × 10^295 | 3897 | 81 |
| iv_508 | 9.751956014676124 × 10^296 | 4153 | 81 |
| iv_506 | 5.913784203045105 × 10^296 | 3909 | 82 |
| iv_501 | 1.954322534853398 × 10^296 | 4032 | 83 |
| iv_498 | 3.994326211432847 × 10^295 | 3890 | 88 |

## Input Bit Co-occurrences

### Input Bit Co-occurrences Sorted by Co-occurrences

| Input Bits | Co-occurrences | Potential Occurrences | Output Co-occurrences | Potential Output Occurrences |
|:----------:|:--------------:|:---------------------:|:---------------------:|:----------------------------:|
| iv_507-iv_508 | 2016 | 4258 | 43 | 71 |
| iv_505-iv_507 | 2011 | 4151 | 31 | 86 |
| iv_501-iv_505 | 2006 | 4056 | 41 | 73 |
| iv_497-iv_507 | 1997 | 4304 | 34 | 79 |
| iv_497-iv_505 | 1984 | 4229 | 35 | 73 |
| iv_497-iv_501 | 1978 | 4237 | 36 | 82 |
| iv_504-iv_505 | 1970 | 3973 | 39 | 72 |
| iv_497-iv_500 | 1966 | 4298 | 38 | 71 |
| iv_500-iv_508 | 1962 | 4298 | 36 | 85 |
| iv_506-iv_507 | 1958 | 4130 | 39 | 80 |
| iv_500-iv_507 | 1958 | 4290 | 35 | 82 |

### Input Bit Co-occurrences Sorted by Potential Occurrences

| Input Bits | Co-occurrences | Potential Occurrences | Output Co-occurrences | Potential Output Occurrences |
|:----------:|:--------------:|:---------------------:|:---------------------:|:----------------------------:|
| iv_504-iv_505 | 1970 | 3973 | 39 | 72 |
| iv_501-iv_505 | 2006 | 4056 | 41 | 73 |
| iv_504-iv_506 | 1847 | 4092 | 42 | 76 |
| iv_499-iv_504 | 1836 | 4102 | 38 | 83 |
| iv_499-iv_501 | 1901 | 4127 | 44 | 76 |
| iv_506-iv_507 | 1958 | 4130 | 39 | 80 |
| iv_499-iv_505 | 1899 | 4135 | 48 | 57 |
| iv_498-iv_504 | 1814 | 4139 | 46 | 74 |
| iv_505-iv_507 | 2011 | 4151 | 31 | 86 |
| iv_498-iv_506 | 1818 | 4163 | 41 | 88 |
| iv_499-iv_508 | 1935 | 4180 | 43 | 76 |

### Input Bit Output Co-occurrences Sorted by Output Co-occurrences

| Input Bits | Co-occurrences | Potential Occurrences | Output Co-occurrences | Potential Output Occurrences |
|:----------:|:--------------:|:---------------------:|:---------------------:|:----------------------------:|
| iv_498-iv_499 | 1803 | 4181 | 48 | 73 |
| iv_498-iv_501 | 1843 | 4236 | 48 | 75 |
| iv_498-iv_505 | 1869 | 4188 | 48 | 64 |
| iv_499-iv_505 | 1899 | 4135 | 48 | 57 |
| iv_498-iv_504 | 1814 | 4139 | 46 | 74 |
| iv_498-iv_508 | 1838 | 4367 | 45 | 79 |
| iv_499-iv_501 | 1901 | 4127 | 44 | 76 |
| iv_501-iv_506 | 1835 | 4271 | 44 | 77 |
| iv_498-iv_507 | 1876 | 4275 | 43 | 78 |
| iv_499-iv_508 | 1935 | 4180 | 43 | 76 |
| iv_498-iv_503 | 1829 | 4236 | 43 | 77 |

### Input Bit Output Co-occurrences Sorted by Potential Output Occurrences

| Input Bits | Co-occurrences | Potential Occurrences | Output Co-occurrences | Potential Output Occurrences |
|:----------:|:--------------:|:---------------------:|:---------------------:|:----------------------------:|
| iv_499-iv_505 | 1899 | 4135 | 48 | 57 |
| iv_498-iv_505 | 1869 | 4188 | 48 | 64 |
| iv_497-iv_500 | 1966 | 4298 | 38 | 71 |
| iv_503-iv_505 | 1901 | 4238 | 38 | 71 |
| iv_507-iv_508 | 2016 | 4258 | 43 | 71 |
| iv_504-iv_505 | 1970 | 3973 | 39 | 72 |
| iv_497-iv_504 | 1882 | 4274 | 38 | 73 |
| iv_497-iv_505 | 1984 | 4229 | 35 | 73 |
| iv_498-iv_499 | 1803 | 4181 | 48 | 73 |
| iv_499-iv_500 | 1867 | 4232 | 42 | 73 |
| iv_501-iv_505 | 2006 | 4056 | 41 | 73 |

## Output Bits

### Output Bits in Regular Order

| Rank | Output Bit | Complexity |
|:----:|:----------:|:----------:|
| 1 | ov_001 | 8.996091611110495 × 10^296 |
| 2 | ov_002 | 7.801636281386151 × 10^296 |
| 3 | ov_003 | 6.731626957915832 × 10^296 |
| 4 | ov_004 | 5.77663413421128 × 10^296 |
| 5 | ov_005 | 4.927742442761493 × 10^296 |
| 6 | ov_006 | 4.1765139953602636 × 10^296 |
| 7 | ov_007 | 3.5149564565619923 × 10^296 |
| 8 | ov_008 | 2.9354955427202855 × 10^296 |
| 9 | ov_009 | 2.430951604156173 × 10^296 |
| 10 | ov_010 | 1.994519885185916 × 10^296 |
| 11 | ov_011 | 1.6197540520793037 × 10^296 |
| 12 | ov_012 | 1.3005526024350433 × 10^296 |
| 13 | ov_013 | 1.0311477924368795 × 10^296 |
| 14 | ov_014 | 8.060967410934438 × 10^295 |
| 15 | ov_015 | 6.202743929498102 × 10^295 |
| 16 | ov_016 | 4.688680429560658 × 10^295 |
| 17 | ov_017 | 3.4737314923980795 × 10^295 |
| 18 | ov_018 | 2.5159018149447704 × 10^295 |
| 19 | ov_019 | 1.7762227459245123 × 10^295 |
| 20 | ov_020 | 1.2187348918920854 × 10^295 |
| 21 | ov_021 | 8.104753246383972 × 10^294 |
| 22 | ov_022 | 5.214683941606117 × 10^294 |
| 23 | ov_023 | 3.247193770509535 × 10^294 |
| 24 | ov_024 | 1.962102990727684 × 10^294 |
| 25 | ov_025 | 1.1489737958476554 × 10^294 |
| 26 | ov_026 | 6.270963202842985 × 10^293 |
| 27 | ov_027 | 3.135464540777779 × 10^293 |
| 28 | ov_028 | 1.402598000212656 × 10^293 |
| 29 | ov_029 | 5.403101225469534 × 10^292 |
| 30 | ov_030 | 1.651362291932953 × 10^292 |
| 31 | ov_031 | 3.22013460539782 × 10^291 |
| 32 | lv_80_m31 | 6.278162319666433 × 10^290 |
| 33 | ov_033 | 7.522327670215374 × 10^291 |
| 34 | ov_034 | 6.522455023794564 × 10^291 |
| 35 | ov_035 | 5.6280019108342925 × 10^291 |
| 36 | ov_036 | 4.830396124002124 × 10^291 |
| 37 | ov_037 | 4.1215264466780275 × 10^291 |
| 38 | ov_038 | 3.4937102146586026 × 10^291 |
| 39 | ov_039 | 2.9396653150827345 × 10^291 |
| 40 | ov_040 | 2.4524861868335812 × 10^291 |
| 41 | ov_041 | 2.0256234132587624 × 10^291 |
| 42 | ov_042 | 1.655888983375888 × 10^291 |
| 43 | ov_043 | 1.340260437064961 × 10^291 |
| 44 | ov_044 | 1.0731646541443642 × 10^291 |
| 45 | ov_045 | 8.493316274945251 × 10^290 |
| 46 | ov_046 | 6.637867227522764 × 10^290 |
| 47 | ov_047 | 5.1184456726489365 × 10^290 |
| 48 | ov_048 | 3.891043150492876 × 10^290 |
| 49 | ov_049 | 2.9144605405244644 × 10^290 |
| 50 | ov_050 | 2.1502814119826843 × 10^290 |
| 51 | ov_051 | 1.562852696132169 × 10^290 |
| 52 | ov_052 | 1.1192709111807863 × 10^290 |
| 53 | ov_053 | 7.893724321103453 × 10^289 |
| 54 | ov_054 | 5.457266984831909 × 10^289 |
| 55 | ov_055 | 3.6363161908419167 × 10^289 |
| 56 | ov_056 | 2.3141780950017613 × 10^289 |
| 57 | ov_057 | 1.3877807164009982 × 10^289 |
| 58 | ov_058 | 7.67667337181967 × 10^288 |
| 59 | ov_059 | 3.779929969883623 × 10^288 |
| 60 | ov_060 | 1.565228662197455 × 10^288 |
| 61 | ov_061 | 5.463164625445925 × 10^287 |
| 62 | ov_062 | 1.4974747935812441 × 10^287 |
| 63 | ov_063 | 2.9162243228352733 × 10^286 |
| 64 | lv_79_m31 | 5.677880798077761 × 10^285 |
| 65 | ov_065 | 6.744643872905124 × 10^286 |
| 66 | ov_066 | 6.744622275239125 × 10^286 |
| 67 | ov_067 | 6.744616989115295 × 10^286 |
| 68 | ov_068 | 5.822541503279365 × 10^286 |
| 69 | ov_069 | 5.000812202295074 × 10^286 |
| 70 | ov_070 | 4.27124957841899 × 10^286 |
| 71 | ov_071 | 3.6261775768024345 × 10^286 |
| 72 | ov_072 | 3.0583894963018155 × 10^286 |
| 73 | ov_073 | 2.561116901275647 × 10^286 |
| 74 | ov_074 | 2.1280013860664334 × 10^286 |
| 75 | ov_075 | 1.7530690398038987 × 10^286 |
| 76 | ov_076 | 1.4307074640208774 × 10^286 |
| 77 | ov_077 | 1.1556451994830962 × 10^286 |
| 78 | ov_078 | 9.229334217329609 × 10^285 |
| 79 | ov_079 | 7.279297672597164 × 10^285 |
| 80 | ov_080 | 5.662841540493075 × 10^285 |
| 81 | ov_081 | 4.339264616430193 × 10^285 |
| 82 | ov_082 | 3.270559368413988 × 10^285 |
| 83 | ov_083 | 2.4213219191589016 × 10^285 |
| 84 | ov_084 | 1.7586766270806474 × 10^285 |
| 85 | ov_085 | 1.2522139436068283 × 10^285 |
| 86 | ov_086 | 8.739402267510806 × 10^284 |
| 87 | ov_087 | 5.982381925474391 × 10^284 |
| 88 | ov_088 | 4.0183668697412025 × 10^284 |
| 89 | ov_089 | 2.637884615974795 × 10^284 |
| 90 | ov_090 | 1.654546364864314 × 10^284 |
| 91 | ov_091 | 9.809129848402678 × 10^283 |
| 92 | ov_092 | 5.410168320700781 × 10^283 |
| 93 | ov_093 | 2.703397958278372 × 10^283 |
| 94 | ov_094 | 1.1580250870929263 × 10^283 |
| 95 | aaa_78_28 | 3.5759941155616935 × 10^282 |
| 96 | aaa_78_29 | 1.0982625914163424 × 10^282 |
| 97 | ov_097 | 7.254114905384544 × 10^281 |
| 98 | ov_098 | 7.253897848792295 × 10^281 |
| 99 | ov_099 | 7.253828552746523 × 10^281 |
| 100 | ov_100 | 6.5280307073041535 × 10^281 |
| 101 | ov_101 | 5.855707896127922 × 10^281 |
| 102 | ov_102 | 5.2339367436770715 × 10^281 |
| 103 | ov_103 | 4.660007294960383 × 10^281 |
| 104 | ov_104 | 4.131394911404976 × 10^281 |
| 105 | ov_105 | 3.6457347526268304 × 10^281 |
| 106 | ov_106 | 3.2007987123031916 × 10^281 |
| 107 | ov_107 | 2.7944746808279845 × 10^281 |
| 108 | ov_108 | 2.4247480109739886 × 10^281 |
| 109 | ov_109 | 2.0896850655288095 × 10^281 |
| 110 | ov_110 | 1.7874187279383594 × 10^281 |
| 111 | ov_111 | 1.5161357584993524 × 10^281 |
| 112 | ov_112 | 1.274065879700372 × 10^281 |
| 113 | ov_113 | 1.0594724750196783 × 10^281 |
| 114 | ov_114 | 8.70644785938745 × 10^280 |
| 115 | ov_115 | 7.058914922056691 × 10^280 |
| 116 | ov_116 | 5.635355605503236 × 10^280 |
| 117 | ov_117 | 4.4191024716140535 × 10^280 |
| 118 | ov_118 | 3.3935613931014323 × 10^280 |
| 119 | ov_119 | 2.542190274597361 × 10^280 |
| 120 | ov_120 | 1.8484831944853333 × 10^280 |
| 121 | ov_121 | 1.295958310768921 × 10^280 |
| 122 | ov_122 | 8.681489584673689 × 10^279 |
| 123 | ov_123 | 5.485973660672226 × 10^279 |
| 124 | ov_124 | 3.2085041856698676 × 10^279 |
| 125 | ov_125 | 1.684570338392088 × 10^279 |
| 126 | ov_126 | 7.49668249875742 × 10^278 |
| 127 | aaa_77_28 | 2.392958717234777 × 10^278 |
| 128 | aaa_77_29 | 8.965265056373936 × 10^277 |
| 129 | ov_129 | 8.240723744254202 × 10^277 |
| 130 | ov_130 | 8.240699083010592 × 10^277 |
| 131 | ov_131 | 8.240693126849491 × 10^277 |
| 132 | ov_132 | 7.135845286123678 × 10^277 |
| 133 | ov_133 | 6.143555075271851 × 10^277 |
| 134 | ov_134 | 5.259277800874985 × 10^277 |
| 135 | ov_135 | 4.4746327940113785 × 10^277 |
| 136 | ov_136 | 3.781672336226467 × 10^277 |
| 137 | ov_137 | 3.172852982732239 × 10^277 |
| 138 | ov_138 | 2.6410112522204 × 10^277 |
| 139 | ov_139 | 2.1793432324622364 × 10^277 |
| 140 | ov_140 | 1.7813876740863637 × 10^277 |
| 141 | ov_141 | 1.4410121676803547 × 10^277 |
| 142 | ov_142 | 1.152402021779945 × 10^277 |
| 143 | ov_143 | 9.100514814909963 × 10^276 |
| 144 | ov_144 | 7.087569495120163 × 10^276 |
| 145 | ov_145 | 5.436118932445115 × 10^276 |
| 146 | ov_146 | 4.100031435316126 × 10^276 |
| 147 | ov_147 | 3.036083123741574 × 10^276 |
| 148 | ov_148 | 2.2039407875029538 × 10^276 |
| 149 | ov_149 | 1.5661511341757997 × 10^276 |
| 150 | ov_150 | 1.0881343531143595 × 10^276 |
| 151 | ov_151 | 7.381802276582245 × 10^275 |
| 152 | ov_152 | 4.874455734198892 × 10^275 |
| 153 | ov_153 | 3.099524224710022 × 10^275 |
| 154 | ov_154 | 1.8258675599182663 × 10^275 |
| 155 | ov_155 | 9.45074208562472 × 10^274 |
| 156 | aaa_76_25 | 3.630467999268333 × 10^274 |
| 157 | aaa_76_26 | 2.0954001234020473 × 10^274 |
| 158 | aaa_76_27 | 1.0719605977451018 × 10^274 |
| 159 | aaa_76_28 | 4.1704033504396593 × 10^273 |
| 160 | aaa_76_29 | 1.2672691968777124 × 10^273 |

### Output Bits Sorted by Complexity

| Rank | Output Bit | Complexity |
|:----:|:----------:|:----------:|
| 160 | aaa_76_29 | 1.2672691968777124 × 10^273 |
| 159 | aaa_76_28 | 4.1704033504396593 × 10^273 |
| 158 | aaa_76_27 | 1.0719605977451018 × 10^274 |
| 157 | aaa_76_26 | 2.0954001234020473 × 10^274 |
| 156 | aaa_76_25 | 3.630467999268333 × 10^274 |
| 155 | ov_155 | 9.45074208562472 × 10^274 |
| 154 | ov_154 | 1.8258675599182663 × 10^275 |
| 153 | ov_153 | 3.099524224710022 × 10^275 |
| 152 | ov_152 | 4.874455734198892 × 10^275 |
| 151 | ov_151 | 7.381802276582245 × 10^275 |
| 150 | ov_150 | 1.0881343531143595 × 10^276 |
| 149 | ov_149 | 1.5661511341757997 × 10^276 |
| 148 | ov_148 | 2.2039407875029538 × 10^276 |
| 147 | ov_147 | 3.036083123741574 × 10^276 |
| 146 | ov_146 | 4.100031435316126 × 10^276 |
| 145 | ov_145 | 5.436118932445115 × 10^276 |
| 144 | ov_144 | 7.087569495120163 × 10^276 |
| 143 | ov_143 | 9.100514814909963 × 10^276 |
| 142 | ov_142 | 1.152402021779945 × 10^277 |
| 141 | ov_141 | 1.4410121676803547 × 10^277 |
| 140 | ov_140 | 1.7813876740863637 × 10^277 |
| 139 | ov_139 | 2.1793432324622364 × 10^277 |
| 138 | ov_138 | 2.6410112522204 × 10^277 |
| 137 | ov_137 | 3.172852982732239 × 10^277 |
| 136 | ov_136 | 3.781672336226467 × 10^277 |
| 135 | ov_135 | 4.4746327940113785 × 10^277 |
| 134 | ov_134 | 5.259277800874985 × 10^277 |
| 133 | ov_133 | 6.143555075271851 × 10^277 |
| 132 | ov_132 | 7.135845286123678 × 10^277 |
| 131 | ov_131 | 8.240693126849491 × 10^277 |
| 130 | ov_130 | 8.240699083010592 × 10^277 |
| 129 | ov_129 | 8.240723744254202 × 10^277 |
| 128 | aaa_77_29 | 8.965265056373936 × 10^277 |
| 127 | aaa_77_28 | 2.392958717234777 × 10^278 |
| 126 | ov_126 | 7.49668249875742 × 10^278 |
| 125 | ov_125 | 1.684570338392088 × 10^279 |
| 124 | ov_124 | 3.2085041856698676 × 10^279 |
| 123 | ov_123 | 5.485973660672226 × 10^279 |
| 122 | ov_122 | 8.681489584673689 × 10^279 |
| 121 | ov_121 | 1.295958310768921 × 10^280 |
| 120 | ov_120 | 1.8484831944853333 × 10^280 |
| 119 | ov_119 | 2.542190274597361 × 10^280 |
| 118 | ov_118 | 3.3935613931014323 × 10^280 |
| 117 | ov_117 | 4.4191024716140535 × 10^280 |
| 116 | ov_116 | 5.635355605503236 × 10^280 |
| 115 | ov_115 | 7.058914922056691 × 10^280 |
| 114 | ov_114 | 8.70644785938745 × 10^280 |
| 113 | ov_113 | 1.0594724750196783 × 10^281 |
| 112 | ov_112 | 1.274065879700372 × 10^281 |
| 111 | ov_111 | 1.5161357584993524 × 10^281 |
| 110 | ov_110 | 1.7874187279383594 × 10^281 |
| 109 | ov_109 | 2.0896850655288095 × 10^281 |
| 108 | ov_108 | 2.4247480109739886 × 10^281 |
| 107 | ov_107 | 2.7944746808279845 × 10^281 |
| 106 | ov_106 | 3.2007987123031916 × 10^281 |
| 105 | ov_105 | 3.6457347526268304 × 10^281 |
| 104 | ov_104 | 4.131394911404976 × 10^281 |
| 103 | ov_103 | 4.660007294960383 × 10^281 |
| 102 | ov_102 | 5.2339367436770715 × 10^281 |
| 101 | ov_101 | 5.855707896127922 × 10^281 |
| 100 | ov_100 | 6.5280307073041535 × 10^281 |
| 99 | ov_099 | 7.253828552746523 × 10^281 |
| 98 | ov_098 | 7.253897848792295 × 10^281 |
| 97 | ov_097 | 7.254114905384544 × 10^281 |
| 96 | aaa_78_29 | 1.0982625914163424 × 10^282 |
| 95 | aaa_78_28 | 3.5759941155616935 × 10^282 |
| 94 | ov_094 | 1.1580250870929263 × 10^283 |
| 93 | ov_093 | 2.703397958278372 × 10^283 |
| 92 | ov_092 | 5.410168320700781 × 10^283 |
| 91 | ov_091 | 9.809129848402678 × 10^283 |
| 90 | ov_090 | 1.654546364864314 × 10^284 |
| 89 | ov_089 | 2.637884615974795 × 10^284 |
| 88 | ov_088 | 4.0183668697412025 × 10^284 |
| 87 | ov_087 | 5.982381925474391 × 10^284 |
| 86 | ov_086 | 8.739402267510806 × 10^284 |
| 85 | ov_085 | 1.2522139436068283 × 10^285 |
| 84 | ov_084 | 1.7586766270806474 × 10^285 |
| 83 | ov_083 | 2.4213219191589016 × 10^285 |
| 82 | ov_082 | 3.270559368413988 × 10^285 |
| 81 | ov_081 | 4.339264616430193 × 10^285 |
| 80 | ov_080 | 5.662841540493075 × 10^285 |
| 64 | lv_79_m31 | 5.677880798077761 × 10^285 |
| 79 | ov_079 | 7.279297672597164 × 10^285 |
| 78 | ov_078 | 9.229334217329609 × 10^285 |
| 77 | ov_077 | 1.1556451994830962 × 10^286 |
| 76 | ov_076 | 1.4307074640208774 × 10^286 |
| 75 | ov_075 | 1.7530690398038987 × 10^286 |
| 74 | ov_074 | 2.1280013860664334 × 10^286 |
| 73 | ov_073 | 2.561116901275647 × 10^286 |
| 63 | ov_063 | 2.9162243228352733 × 10^286 |
| 72 | ov_072 | 3.0583894963018155 × 10^286 |
| 71 | ov_071 | 3.6261775768024345 × 10^286 |
| 70 | ov_070 | 4.27124957841899 × 10^286 |
| 69 | ov_069 | 5.000812202295074 × 10^286 |
| 68 | ov_068 | 5.822541503279365 × 10^286 |
| 67 | ov_067 | 6.744616989115295 × 10^286 |
| 66 | ov_066 | 6.744622275239125 × 10^286 |
| 65 | ov_065 | 6.744643872905124 × 10^286 |
| 62 | ov_062 | 1.4974747935812441 × 10^287 |
| 61 | ov_061 | 5.463164625445925 × 10^287 |
| 60 | ov_060 | 1.565228662197455 × 10^288 |
| 59 | ov_059 | 3.779929969883623 × 10^288 |
| 58 | ov_058 | 7.67667337181967 × 10^288 |
| 57 | ov_057 | 1.3877807164009982 × 10^289 |
| 56 | ov_056 | 2.3141780950017613 × 10^289 |
| 55 | ov_055 | 3.6363161908419167 × 10^289 |
| 54 | ov_054 | 5.457266984831909 × 10^289 |
| 53 | ov_053 | 7.893724321103453 × 10^289 |
| 52 | ov_052 | 1.1192709111807863 × 10^290 |
| 51 | ov_051 | 1.562852696132169 × 10^290 |
| 50 | ov_050 | 2.1502814119826843 × 10^290 |
| 49 | ov_049 | 2.9144605405244644 × 10^290 |
| 48 | ov_048 | 3.891043150492876 × 10^290 |
| 47 | ov_047 | 5.1184456726489365 × 10^290 |
| 32 | lv_80_m31 | 6.278162319666433 × 10^290 |
| 46 | ov_046 | 6.637867227522764 × 10^290 |
| 45 | ov_045 | 8.493316274945251 × 10^290 |
| 44 | ov_044 | 1.0731646541443642 × 10^291 |
| 43 | ov_043 | 1.340260437064961 × 10^291 |
| 42 | ov_042 | 1.655888983375888 × 10^291 |
| 41 | ov_041 | 2.0256234132587624 × 10^291 |
| 40 | ov_040 | 2.4524861868335812 × 10^291 |
| 39 | ov_039 | 2.9396653150827345 × 10^291 |
| 31 | ov_031 | 3.22013460539782 × 10^291 |
| 38 | ov_038 | 3.4937102146586026 × 10^291 |
| 37 | ov_037 | 4.1215264466780275 × 10^291 |
| 36 | ov_036 | 4.830396124002124 × 10^291 |
| 35 | ov_035 | 5.6280019108342925 × 10^291 |
| 34 | ov_034 | 6.522455023794564 × 10^291 |
| 33 | ov_033 | 7.522327670215374 × 10^291 |
| 30 | ov_030 | 1.651362291932953 × 10^292 |
| 29 | ov_029 | 5.403101225469534 × 10^292 |
| 28 | ov_028 | 1.402598000212656 × 10^293 |
| 27 | ov_027 | 3.135464540777779 × 10^293 |
| 26 | ov_026 | 6.270963202842985 × 10^293 |
| 25 | ov_025 | 1.1489737958476554 × 10^294 |
| 24 | ov_024 | 1.962102990727684 × 10^294 |
| 23 | ov_023 | 3.247193770509535 × 10^294 |
| 22 | ov_022 | 5.214683941606117 × 10^294 |
| 21 | ov_021 | 8.104753246383972 × 10^294 |
| 20 | ov_020 | 1.2187348918920854 × 10^295 |
| 19 | ov_019 | 1.7762227459245123 × 10^295 |
| 18 | ov_018 | 2.5159018149447704 × 10^295 |
| 17 | ov_017 | 3.4737314923980795 × 10^295 |
| 16 | ov_016 | 4.688680429560658 × 10^295 |
| 15 | ov_015 | 6.202743929498102 × 10^295 |
| 14 | ov_014 | 8.060967410934438 × 10^295 |
| 13 | ov_013 | 1.0311477924368795 × 10^296 |
| 12 | ov_012 | 1.3005526024350433 × 10^296 |
| 11 | ov_011 | 1.6197540520793037 × 10^296 |
| 10 | ov_010 | 1.994519885185916 × 10^296 |
| 9 | ov_009 | 2.430951604156173 × 10^296 |
| 8 | ov_008 | 2.9354955427202855 × 10^296 |
| 7 | ov_007 | 3.5149564565619923 × 10^296 |
| 6 | ov_006 | 4.1765139953602636 × 10^296 |
| 5 | ov_005 | 4.927742442761493 × 10^296 |
| 4 | ov_004 | 5.77663413421128 × 10^296 |
| 3 | ov_003 | 6.731626957915832 × 10^296 |
| 2 | ov_002 | 7.801636281386151 × 10^296 |
| 1 | ov_001 | 8.996091611110495 × 10^296 |

