# Results for E003006-F013-F014-F015-F016-F017-F018-F019-F020-F021-F022-F023-F024-F025-F026-F027-F028-F029-F030-F031-F032-F033-F034-F035-F036-F037-F038-F039-F040-F041-F042-F043-F044-F045-F046-F047-F048-F049-F050-F051-F052-F053-F054-F055-F056-F057-F058-F059-F060-F061-F062-F063-F064-F065-F066-F067-F068-F069-F070-F071-F072-F073-F074-F075-F076-F077-F078-F079-F080-F081-F082-F083-F084-F085-F086-F087-F088-F089-F090-F091-F092-F093-F094-F095-F096-F097-F098-F099-F100-F101-F102-F103-F104-F105-F106-F107-F108-F109-F110-F111-F112-F113-F114-F115-F116-F117-F118-F119-F120-F121-F122-F123-F124-F125-F126-F127-F128-F129-F130-F131-F132-F133-F134-F135-F136-F137-F138-F139-F140-F141-F142-F143-F144-F145-F146-F147-F148-F149-F150-F151-F152-F153-F154-F155-F156-F157-F158-F159-F160-F161-F162-F163-F164-F165-F166-F167-F168-F169-F170-F171-F172-F173-F174-F175-F176-F177-F178-F179-F180-F181-F182-F183-F184-F185-F186-F187-F188-F189-F190-F191-F192-F193-F194-F195-F196-F197-F198-F199-F200-F201-F202-F203-F204-F205-F206-F207-F208-F209-F210-F211-F212-F213-F214-F215-F216-F217-F218-F219-F220-F221-F222-F223-F224-F225-F226-F227-F228-F229-F230-F231-F232-F233-F234-F235-F236-F237-F238-F239-F240-F241-F242-F243-F244-F245-F246-F247-F248-F249-F250-F251-F252-F253-F254-F255-F256-F257-F258-F259-F260-F261-F262-F263-F264-F265-F266-F267-F268-F269-F270-F271-F272-F273-F274-F275-F276-F277-F278-F279-F280-F281-F282-F283-F284-F285-F286-F287-F288-F289-F290-F291-F292-F293-F294-F295-F296-F297-F298-F299-F300-F301-F302-F303-F304-F305-F306-F307-F308-F309-F310-F311-F312-F313-F314-F315-F316-F317-F318-F319-F320-F321-F322-F323-F324-F325-F326-F327-F328-F329-F330-F331-F332-F333-F334-F335-F336-F337-F338-F339-F340-F341-F342-F343-F344-F345-F346-F347-F348-F349-F350-F351-F352-F353-F354-F355-F356-F357-F358-F359-F360-F361-F362-F363-F364-F365-F366-F367-F368-F369-F370-F371-F372-F373-F374-F375-F376-F377-F378-F379-F380-F381-F382-F383-F384-F385-F386-F387-F388-F389-F390-F391-F392-F393-F394-F395-F396-F397-F398-F399-F400-F401-F402-F403-F404-F405-F406-F407-F408-F409-F410-F411-F412-F413-F414-F415-F416-F417-F418-F419-F420-F421-F422-F423-F424-F425-F426-F427-F428-F429-F430-F431-F432-F433-F434-F435-F436-F437-F438-F439-F440-F441-F442-F443-F444-F445-F446-F447-F448-F449-F450-F451-F452-F453-F454-F455-F456-F457-F458-F459-F460-F461-F462-F463-F464-F465-F466-F467-F468-F469-F470-F471-F472-F473-F474-F475-F476-F477-F478-F479-F480-F481-F482-F483-F484-F485-F486-F487-F488-F489-F490-F491-F492-F493-F494-F495-F496-F497-F498-F499-F500-F501-F502-F503-F504-F505-F506-F507-F508-F509-F510-F511-F512

## Summary

Number of input bits: 512  
Number of free input bits: 11  
Number of output bits: 160

Number of direct occurrences: 50720  
Number of assignments: 38323  
Number of operations: 18853419
(xor: 18814258,
and: 22966,
or: 16195)

Total complexity: 1.957076843107174 × 10^353

Least occurring input variable: iv_007 (4326)  
Most occurring input variable: iv_003 (4906)

Most co-occurring input variables: iv_004-iv_005 (2369)  
Least co-occurring input variables: iv_007-iv_011 (1935)

Potentially most occurring input variable: iv_008/iv_011 (5178)  
Potentially least occurring input variable: iv_004/iv_005 (4435)

Least output occurring input variable: iv_011 (63)  
Most output occurring input variable: iv_012 (87)

Most output co-occurring input variables: iv_009-iv_012 (48)  
Least output co-occurring input variables: iv_005-iv_011 (20)

Potentially most output occurring input variable: iv_002/iv_005 (100)  
Potentially least output occurring input variable: iv_009/iv_012 (65)

Least complex input bit: iv_001 (2.4129570092605075 × 10^350)  
Most complex input bit: iv_012 (3.1752239513417506 × 10^352)

Least complex output bit: aaa_76_29 (5.660322724282813 × 10^328)  
Most complex output bit: ov_001 (2.9821783017901176 × 10^352)

Least complex input/output complexity: iv_001/aaa_76_29 (6.978834500208126 × 10^325)  
Most complex input/output complexity: iv_012/ov_001 (4.838381285009717 × 10^351)

Input variable with highest collision probability: iv_007 (½^160.00000000000074)

## Input Bits

### Input Bits in Regular Order

| Input Bit | Complexity | Occurrences | Output Occurrences | Collision Probability |
|:---------:|:----------:|:-----------:|:------------------:|:---------------------:|
| iv_001 | 2.4129570092605075 × 10^350 | 4569 | 75 | ½^160.00000000000082 |
| iv_002 | 1.03255727097246 × 10^351 | 4616 | 85 | ½^160.00000000000088 |
| iv_003 | 1.6811065969388834 × 10^352 | 4906 | 74 | ½^160.00000000000094 |
| iv_004 | 6.308419254511741 × 10^351 | 4559 | 78 | ½^160.00000000000088 |
| iv_005 | 1.0074271737136247 × 10^352 | 4614 | 73 | ½^160.00000000000082 |
| iv_007 | 1.7929122455006454 × 10^352 | 4326 | 70 | ½^160.00000000000074 |
| iv_008 | 2.2550276377640743 × 10^352 | 4521 | 81 | ½^160.00000000000094 |
| iv_009 | 2.802425437257806 × 10^352 | 4677 | 74 | ½^160.0000000000009 |
| iv_010 | 2.9560755191030383 × 10^352 | 4487 | 83 | ½^160.00000000000074 |
| iv_011 | 3.1423426468108866 × 10^352 | 4661 | 63 | ½^160.00000000000085 |
| iv_012 | 3.1752239513417506 × 10^352 | 4784 | 87 | ½^160.00000000000082 |

### Input Bits Sorted by Complexity

| Input Bit | Complexity | Occurrences | Output Occurrences | Collision Probability |
|:---------:|:----------:|:-----------:|:------------------:|:---------------------:|
| iv_001 | 2.4129570092605075 × 10^350 | 4569 | 75 | ½^160.00000000000082 |
| iv_002 | 1.03255727097246 × 10^351 | 4616 | 85 | ½^160.00000000000088 |
| iv_004 | 6.308419254511741 × 10^351 | 4559 | 78 | ½^160.00000000000088 |
| iv_005 | 1.0074271737136247 × 10^352 | 4614 | 73 | ½^160.00000000000082 |
| iv_003 | 1.6811065969388834 × 10^352 | 4906 | 74 | ½^160.00000000000094 |
| iv_007 | 1.7929122455006454 × 10^352 | 4326 | 70 | ½^160.00000000000074 |
| iv_008 | 2.2550276377640743 × 10^352 | 4521 | 81 | ½^160.00000000000094 |
| iv_009 | 2.802425437257806 × 10^352 | 4677 | 74 | ½^160.0000000000009 |
| iv_010 | 2.9560755191030383 × 10^352 | 4487 | 83 | ½^160.00000000000074 |
| iv_011 | 3.1423426468108866 × 10^352 | 4661 | 63 | ½^160.00000000000085 |
| iv_012 | 3.1752239513417506 × 10^352 | 4784 | 87 | ½^160.00000000000082 |

### Input Bits Sorted by Occurrences

| Input Bit | Complexity | Occurrences | Output Occurrences | Collision Probability |
|:---------:|:----------:|:-----------:|:------------------:|:---------------------:|
| iv_007 | 1.7929122455006454 × 10^352 | 4326 | 70 | ½^160.00000000000074 |
| iv_010 | 2.9560755191030383 × 10^352 | 4487 | 83 | ½^160.00000000000074 |
| iv_008 | 2.2550276377640743 × 10^352 | 4521 | 81 | ½^160.00000000000094 |
| iv_004 | 6.308419254511741 × 10^351 | 4559 | 78 | ½^160.00000000000088 |
| iv_001 | 2.4129570092605075 × 10^350 | 4569 | 75 | ½^160.00000000000082 |
| iv_005 | 1.0074271737136247 × 10^352 | 4614 | 73 | ½^160.00000000000082 |
| iv_002 | 1.03255727097246 × 10^351 | 4616 | 85 | ½^160.00000000000088 |
| iv_011 | 3.1423426468108866 × 10^352 | 4661 | 63 | ½^160.00000000000085 |
| iv_009 | 2.802425437257806 × 10^352 | 4677 | 74 | ½^160.0000000000009 |
| iv_012 | 3.1752239513417506 × 10^352 | 4784 | 87 | ½^160.00000000000082 |
| iv_003 | 1.6811065969388834 × 10^352 | 4906 | 74 | ½^160.00000000000094 |

### Input Bits Sorted by Output Occurrences

| Input Bit | Complexity | Occurrences | Output Occurrences | Collision Probability |
|:---------:|:----------:|:-----------:|:------------------:|:---------------------:|
| iv_011 | 3.1423426468108866 × 10^352 | 4661 | 63 | ½^160.00000000000085 |
| iv_007 | 1.7929122455006454 × 10^352 | 4326 | 70 | ½^160.00000000000074 |
| iv_005 | 1.0074271737136247 × 10^352 | 4614 | 73 | ½^160.00000000000082 |
| iv_003 | 1.6811065969388834 × 10^352 | 4906 | 74 | ½^160.00000000000094 |
| iv_009 | 2.802425437257806 × 10^352 | 4677 | 74 | ½^160.0000000000009 |
| iv_001 | 2.4129570092605075 × 10^350 | 4569 | 75 | ½^160.00000000000082 |
| iv_004 | 6.308419254511741 × 10^351 | 4559 | 78 | ½^160.00000000000088 |
| iv_008 | 2.2550276377640743 × 10^352 | 4521 | 81 | ½^160.00000000000094 |
| iv_010 | 2.9560755191030383 × 10^352 | 4487 | 83 | ½^160.00000000000074 |
| iv_002 | 1.03255727097246 × 10^351 | 4616 | 85 | ½^160.00000000000088 |
| iv_012 | 3.1752239513417506 × 10^352 | 4784 | 87 | ½^160.00000000000082 |

### Input Bits Sorted by Collision Probability

| Input Bit | Complexity | Occurrences | Output Occurrences | Collision Probability |
|:---------:|:----------:|:-----------:|:------------------:|:---------------------:|
| iv_007 | 1.7929122455006454 × 10^352 | 4326 | 70 | ½^160.00000000000074 |
| iv_010 | 2.9560755191030383 × 10^352 | 4487 | 83 | ½^160.00000000000074 |
| iv_001 | 2.4129570092605075 × 10^350 | 4569 | 75 | ½^160.00000000000082 |
| iv_012 | 3.1752239513417506 × 10^352 | 4784 | 87 | ½^160.00000000000082 |
| iv_005 | 1.0074271737136247 × 10^352 | 4614 | 73 | ½^160.00000000000082 |
| iv_011 | 3.1423426468108866 × 10^352 | 4661 | 63 | ½^160.00000000000085 |
| iv_002 | 1.03255727097246 × 10^351 | 4616 | 85 | ½^160.00000000000088 |
| iv_004 | 6.308419254511741 × 10^351 | 4559 | 78 | ½^160.00000000000088 |
| iv_009 | 2.802425437257806 × 10^352 | 4677 | 74 | ½^160.0000000000009 |
| iv_003 | 1.6811065969388834 × 10^352 | 4906 | 74 | ½^160.00000000000094 |
| iv_008 | 2.2550276377640743 × 10^352 | 4521 | 81 | ½^160.00000000000094 |

## Input Bit/Output Bit Collision Probabilities

| Input Bit | Output Bit | Collision Probability |
|:---------:|:----------:|:---------------------:|
| iv_003 | aaa_76_27 | 0.5000000000000022 |
| iv_004 | ov_150 | 0.500000000000002 |
| iv_005 | aaa_78_28 | 0.5000000000000018 |
| iv_012 | ov_144 | 0.5000000000000018 |
| iv_005 | ov_078 | 0.5000000000000017 |
| iv_005 | ov_134 | 0.5000000000000017 |
| iv_001 | ov_137 | 0.5000000000000016 |
| iv_003 | ov_049 | 0.5000000000000016 |
| iv_003 | ov_146 | 0.5000000000000016 |
| iv_005 | ov_043 | 0.5000000000000016 |
| iv_005 | ov_153 | 0.5000000000000016 |

## Input Bit Co-occurrences

### Input Bit Co-occurrences Sorted by Co-occurrences

| Input Bits | Co-occurrences | Potential Occurrences | Output Co-occurrences | Potential Output Occurrences |
|:----------:|:--------------:|:---------------------:|:---------------------:|:----------------------------:|
| iv_004-iv_005 | 2369 | 4435 | 42 | 67 |
| iv_011-iv_012 | 2350 | 4745 | 31 | 88 |
| iv_008-iv_009 | 2338 | 4522 | 34 | 87 |
| iv_002-iv_003 | 2303 | 4916 | 46 | 67 |
| iv_003-iv_005 | 2263 | 4994 | 39 | 69 |
| iv_003-iv_012 | 2263 | 5164 | 42 | 77 |
| iv_002-iv_012 | 2248 | 4904 | 41 | 90 |
| iv_009-iv_012 | 2245 | 4971 | 48 | 65 |
| iv_003-iv_009 | 2242 | 5099 | 41 | 66 |
| iv_003-iv_011 | 2232 | 5103 | 31 | 75 |
| iv_010-iv_012 | 2226 | 4819 | 43 | 84 |

### Input Bit Co-occurrences Sorted by Potential Occurrences

| Input Bits | Co-occurrences | Potential Occurrences | Output Co-occurrences | Potential Output Occurrences |
|:----------:|:--------------:|:---------------------:|:---------------------:|:----------------------------:|
| iv_004-iv_005 | 2369 | 4435 | 42 | 67 |
| iv_008-iv_009 | 2338 | 4522 | 34 | 87 |
| iv_002-iv_007 | 2198 | 4546 | 43 | 69 |
| iv_005-iv_010 | 2198 | 4705 | 34 | 88 |
| iv_001-iv_007 | 2084 | 4727 | 34 | 77 |
| iv_011-iv_012 | 2350 | 4745 | 31 | 88 |
| iv_001-iv_002 | 2217 | 4751 | 40 | 80 |
| iv_007-iv_010 | 2028 | 4757 | 32 | 89 |
| iv_010-iv_011 | 2172 | 4804 | 35 | 76 |
| iv_004-iv_007 | 2038 | 4809 | 33 | 82 |
| iv_007-iv_009 | 2096 | 4811 | 32 | 80 |

### Input Bit Output Co-occurrences Sorted by Output Co-occurrences

| Input Bits | Co-occurrences | Potential Occurrences | Output Co-occurrences | Potential Output Occurrences |
|:----------:|:--------------:|:---------------------:|:---------------------:|:----------------------------:|
| iv_009-iv_012 | 2245 | 4971 | 48 | 65 |
| iv_008-iv_010 | 2065 | 4878 | 46 | 72 |
| iv_002-iv_003 | 2303 | 4916 | 46 | 67 |
| iv_002-iv_010 | 2114 | 4875 | 46 | 76 |
| iv_008-iv_012 | 2084 | 5137 | 46 | 76 |
| iv_003-iv_008 | 2209 | 5009 | 44 | 67 |
| iv_001-iv_010 | 2109 | 4838 | 44 | 70 |
| iv_002-iv_008 | 2160 | 4817 | 44 | 78 |
| iv_002-iv_007 | 2198 | 4546 | 43 | 69 |
| iv_010-iv_012 | 2226 | 4819 | 43 | 84 |
| iv_004-iv_012 | 2199 | 4945 | 43 | 79 |

### Input Bit Output Co-occurrences Sorted by Potential Output Occurrences

| Input Bits | Co-occurrences | Potential Occurrences | Output Co-occurrences | Potential Output Occurrences |
|:----------:|:--------------:|:---------------------:|:---------------------:|:----------------------------:|
| iv_009-iv_012 | 2245 | 4971 | 48 | 65 |
| iv_003-iv_009 | 2242 | 5099 | 41 | 66 |
| iv_003-iv_008 | 2209 | 5009 | 44 | 67 |
| iv_004-iv_005 | 2369 | 4435 | 42 | 67 |
| iv_005-iv_009 | 2172 | 4947 | 40 | 67 |
| iv_002-iv_003 | 2303 | 4916 | 46 | 67 |
| iv_003-iv_005 | 2263 | 4994 | 39 | 69 |
| iv_002-iv_007 | 2198 | 4546 | 43 | 69 |
| iv_001-iv_010 | 2109 | 4838 | 44 | 70 |
| iv_002-iv_011 | 2125 | 5027 | 39 | 70 |
| iv_008-iv_010 | 2065 | 4878 | 46 | 72 |

## Output Bits

### Output Bits in Regular Order

| Rank | Output Bit | Complexity |
|:----:|:----------:|:----------:|
| 1 | ov_001 | 2.9821783017901176 × 10^352 |
| 2 | ov_002 | 2.6127731339434277 × 10^352 |
| 3 | ov_003 | 2.279369188347644 × 10^352 |
| 4 | ov_004 | 1.9786522930826593 × 10^352 |
| 5 | ov_005 | 1.7074973589597125 × 10^352 |
| 6 | ov_006 | 1.4629548746703236 × 10^352 |
| 7 | ov_007 | 1.2435923879097375 × 10^352 |
| 8 | ov_008 | 1.0480564187897753 × 10^352 |
| 9 | ov_009 | 8.750675128346737 × 10^351 |
| 10 | ov_010 | 7.234159409459497 × 10^351 |
| 11 | ov_011 | 5.91958008504666 × 10^351 |
| 12 | ov_012 | 4.796129303800453 × 10^351 |
| 13 | ov_013 | 3.8439785447059576 × 10^351 |
| 14 | ov_014 | 3.0444441614675876 × 10^351 |
| 15 | ov_015 | 2.379955381191417 × 10^351 |
| 16 | ov_016 | 1.8340286650890048 × 10^351 |
| 17 | ov_017 | 1.3912475091114628 × 10^351 |
| 18 | ov_018 | 1.0372468381348206 × 10^351 |
| 19 | ov_019 | 7.587012219249318 × 10^350 |
| 20 | ov_020 | 5.4331621488345317 × 10^350 |
| 21 | ov_021 | 3.798221947458631 × 10^350 |
| 22 | ov_022 | 2.579701481570715 × 10^350 |
| 23 | ov_023 | 1.685289235382825 × 10^350 |
| 24 | ov_024 | 1.0328354398962009 × 10^350 |
| 25 | ov_025 | 5.838040849849881 × 10^349 |
| 26 | ov_026 | 3.0473353786861888 × 10^349 |
| 27 | ov_027 | 1.4391809170119856 × 10^349 |
| 28 | ov_028 | 5.97959310696621 × 10^348 |
| 29 | ov_029 | 2.0948833283791534 × 10^348 |
| 30 | ov_030 | 5.765405377003918 × 10^347 |
| 31 | ov_031 | 1.1279597329822577 × 10^347 |
| 32 | lv_80_m31 | 2.206812895356347 × 10^346 |
| 33 | ov_033 | 2.7567514033830604 × 10^347 |
| 34 | ov_034 | 2.4200637801549768 × 10^347 |
| 35 | ov_035 | 2.1170172572611304 × 10^347 |
| 36 | ov_036 | 1.844389113999132 × 10^347 |
| 37 | ov_037 | 1.5991545399685215 × 10^347 |
| 38 | ov_038 | 1.3784732501529517 × 10^347 |
| 39 | ov_039 | 1.1796772912493885 × 10^347 |
| 40 | ov_040 | 1.0014743176938703 × 10^347 |
| 41 | ov_041 | 8.426499858827179 × 10^346 |
| 42 | ov_042 | 7.020632106187788 × 10^346 |
| 43 | ov_043 | 5.786419088179034 × 10^346 |
| 44 | ov_044 | 4.7137920196304175 × 10^346 |
| 45 | ov_045 | 3.793300495092933 × 10^346 |
| 46 | ov_046 | 3.0160828601228484 × 10^346 |
| 47 | ov_047 | 2.366082126526871 × 10^346 |
| 48 | ov_048 | 1.828303269389398 × 10^346 |
| 49 | ov_049 | 1.388777987247368 × 10^346 |
| 50 | ov_050 | 1.0345351692214594 × 10^346 |
| 51 | ov_051 | 7.53576552299563 × 10^345 |
| 52 | ov_052 | 5.348570533763115 × 10^345 |
| 53 | ov_053 | 3.6826926152803063 × 10^345 |
| 54 | ov_054 | 2.446315765124025 × 10^345 |
| 55 | ov_055 | 1.5567947975718055 × 10^345 |
| 56 | ov_056 | 9.405942423859109 × 10^344 |
| 57 | ov_057 | 5.3324829712533656 × 10^344 |
| 58 | ov_058 | 2.7933674038645606 × 10^344 |
| 59 | ov_059 | 1.3247196428623971 × 10^344 |
| 60 | ov_060 | 5.5292935645089004 × 10^343 |
| 61 | ov_061 | 1.9462879314696526 × 10^343 |
| 62 | ov_062 | 5.381492583656896 × 10^342 |
| 63 | ov_063 | 1.0579902540588532 × 10^342 |
| 64 | lv_79_m31 | 2.0797899137940326 × 10^341 |
| 65 | ov_065 | 2.851521739693529 × 10^342 |
| 66 | ov_066 | 2.8514346438390623 × 10^342 |
| 67 | ov_067 | 2.8514066455196 × 10^342 |
| 68 | ov_068 | 2.5643255246170336 × 10^342 |
| 69 | ov_069 | 2.2987856596184345 × 10^342 |
| 70 | ov_070 | 2.0535512500215767 × 10^342 |
| 71 | ov_071 | 1.827476962424302 × 10^342 |
| 72 | ov_072 | 1.619497970801815 × 10^342 |
| 73 | ov_073 | 1.428620543326806 × 10^342 |
| 74 | ov_074 | 1.253913145183491 × 10^342 |
| 75 | ov_075 | 1.0944980283180621 × 10^342 |
| 76 | ov_076 | 9.495433819820078 × 10^341 |
| 77 | ov_077 | 8.182562144073244 × 10^341 |
| 78 | ov_078 | 6.998760229122009 × 10^341 |
| 79 | ov_079 | 5.936692030468196 × 10^341 |
| 80 | ov_080 | 4.9892414848178716 × 10^341 |
| 81 | ov_081 | 4.14946994190936 × 10^341 |
| 82 | ov_082 | 3.410579561231049 × 10^341 |
| 83 | ov_083 | 2.765882210310224 × 10^341 |
| 84 | ov_084 | 2.208773404633482 × 10^341 |
| 85 | ov_085 | 1.7327108315809956 × 10^341 |
| 86 | ov_086 | 1.3311970022802551 × 10^341 |
| 87 | ov_087 | 9.977655762297248 × 10^340 |
| 88 | ov_088 | 7.259709040963042 × 10^340 |
| 89 | ov_089 | 5.093803343873304 × 10^340 |
| 90 | ov_090 | 3.415688298295449 × 10^340 |
| 91 | ov_091 | 2.161154393389852 × 10^340 |
| 92 | ov_092 | 1.2660117529431903 × 10^340 |
| 93 | ov_093 | 6.660786827544784 × 10^339 |
| 94 | ov_094 | 2.971762957454186 × 10^339 |
| 95 | aaa_78_28 | 9.512644276959285 × 10^338 |
| 96 | aaa_78_29 | 3.58020241979465 × 10^338 |
| 97 | ov_097 | 3.4749602845918833 × 10^338 |
| 98 | ov_098 | 3.474950271462978 × 10^338 |
| 99 | ov_099 | 3.4749478400959225 × 10^338 |
| 100 | ov_100 | 3.050060228812775 × 10^338 |
| 101 | ov_101 | 2.66682468527463 × 10^338 |
| 102 | ov_102 | 2.321482210701894 × 10^338 |
| 103 | ov_103 | 2.010490055390956 × 10^338 |
| 104 | ov_104 | 1.730506860741051 × 10^338 |
| 105 | ov_105 | 1.4783793906751227 × 10^338 |
| 106 | ov_106 | 1.2525764948620782 × 10^338 |
| 107 | ov_107 | 1.0516524161733298 × 10^338 |
| 108 | ov_108 | 8.74241905378121 × 10^337 |
| 109 | ov_109 | 7.190559431654358 × 10^337 |
| 110 | ov_110 | 5.848780227837644 × 10^337 |
| 111 | ov_111 | 4.705609493627398 × 10^337 |
| 112 | ov_112 | 3.740078046636153 × 10^337 |
| 113 | ov_113 | 2.932483792516049 × 10^337 |
| 114 | ov_114 | 2.2643576450088486 × 10^337 |
| 115 | ov_115 | 1.7184364166491952 × 10^337 |
| 116 | ov_116 | 1.2786418311270565 × 10^337 |
| 117 | ov_117 | 9.300646874074524 × 10^336 |
| 118 | ov_118 | 6.589532331014209 × 10^336 |
| 119 | ov_119 | 4.527049029621461 × 10^336 |
| 120 | ov_120 | 2.998606766047074 × 10^336 |
| 121 | ov_121 | 1.9010140768685188 × 10^336 |
| 122 | ov_122 | 1.1424557488313745 × 10^336 |
| 123 | ov_123 | 6.424800305909838 × 10^335 |
| 124 | ov_124 | 3.319920071379289 × 10^335 |
| 125 | ov_125 | 1.5325054627171368 × 10^335 |
| 126 | ov_126 | 5.986708931982611 × 10^334 |
| 127 | aaa_77_28 | 1.68052600627568 × 10^334 |
| 128 | aaa_77_29 | 5.125240349391604 × 10^333 |
| 129 | ov_129 | 3.1331691353654603 × 10^333 |
| 130 | ov_130 | 3.1331580448379663 × 10^333 |
| 131 | ov_131 | 3.133155341854848 × 10^333 |
| 132 | ov_132 | 2.7523887250896217 × 10^333 |
| 133 | ov_133 | 2.4118991444937253 × 10^333 |
| 134 | ov_134 | 2.1076186789982225 × 10^333 |
| 135 | ov_135 | 1.835715905322595 × 10^333 |
| 136 | ov_136 | 1.5925791997125282 × 10^333 |
| 137 | ov_137 | 1.3748018097006423 × 10^333 |
| 138 | ov_138 | 1.1791685792097063 × 10^333 |
| 139 | ov_139 | 1.0041182697223076 × 10^333 |
| 140 | ov_140 | 8.481768279740562 × 10^332 |
| 141 | ov_141 | 7.099525857967857 × 10^332 |
| 142 | ov_142 | 5.881321055078895 × 10^332 |
| 143 | ov_143 | 4.81476625486278 × 10^332 |
| 144 | ov_144 | 3.888190632493466 × 10^332 |
| 145 | ov_145 | 3.0906153598018645 × 10^332 |
| 146 | ov_146 | 2.4117335299235667 × 10^332 |
| 147 | ov_147 | 1.8418942171178592 × 10^332 |
| 148 | ov_148 | 1.3720900518795142 × 10^332 |
| 149 | ov_149 | 9.939477428069676 × 10^331 |
| 150 | ov_150 | 6.997210279669034 × 10^331 |
| 151 | ov_151 | 4.757796798979467 × 10^331 |
| 152 | ov_152 | 3.097279352529014 × 10^331 |
| 153 | ov_153 | 1.9040066442721185 × 10^331 |
| 154 | ov_154 | 1.078610250865169 × 10^331 |
| 155 | ov_155 | 5.339912592042142 × 10^330 |
| 156 | aaa_76_25 | 1.9531347292460195 × 10^330 |
| 157 | aaa_76_26 | 1.0226777611190567 × 10^330 |
| 158 | aaa_76_27 | 4.728294217760326 × 10^329 |
| 159 | aaa_76_28 | 1.85056092693329 × 10^329 |
| 160 | aaa_76_29 | 5.660322724282813 × 10^328 |

### Output Bits Sorted by Complexity

| Rank | Output Bit | Complexity |
|:----:|:----------:|:----------:|
| 160 | aaa_76_29 | 5.660322724282813 × 10^328 |
| 159 | aaa_76_28 | 1.85056092693329 × 10^329 |
| 158 | aaa_76_27 | 4.728294217760326 × 10^329 |
| 157 | aaa_76_26 | 1.0226777611190567 × 10^330 |
| 156 | aaa_76_25 | 1.9531347292460195 × 10^330 |
| 155 | ov_155 | 5.339912592042142 × 10^330 |
| 154 | ov_154 | 1.078610250865169 × 10^331 |
| 153 | ov_153 | 1.9040066442721185 × 10^331 |
| 152 | ov_152 | 3.097279352529014 × 10^331 |
| 151 | ov_151 | 4.757796798979467 × 10^331 |
| 150 | ov_150 | 6.997210279669034 × 10^331 |
| 149 | ov_149 | 9.939477428069676 × 10^331 |
| 148 | ov_148 | 1.3720900518795142 × 10^332 |
| 147 | ov_147 | 1.8418942171178592 × 10^332 |
| 146 | ov_146 | 2.4117335299235667 × 10^332 |
| 145 | ov_145 | 3.0906153598018645 × 10^332 |
| 144 | ov_144 | 3.888190632493466 × 10^332 |
| 143 | ov_143 | 4.81476625486278 × 10^332 |
| 142 | ov_142 | 5.881321055078895 × 10^332 |
| 141 | ov_141 | 7.099525857967857 × 10^332 |
| 140 | ov_140 | 8.481768279740562 × 10^332 |
| 139 | ov_139 | 1.0041182697223076 × 10^333 |
| 138 | ov_138 | 1.1791685792097063 × 10^333 |
| 137 | ov_137 | 1.3748018097006423 × 10^333 |
| 136 | ov_136 | 1.5925791997125282 × 10^333 |
| 135 | ov_135 | 1.835715905322595 × 10^333 |
| 134 | ov_134 | 2.1076186789982225 × 10^333 |
| 133 | ov_133 | 2.4118991444937253 × 10^333 |
| 132 | ov_132 | 2.7523887250896217 × 10^333 |
| 131 | ov_131 | 3.133155341854848 × 10^333 |
| 130 | ov_130 | 3.1331580448379663 × 10^333 |
| 129 | ov_129 | 3.1331691353654603 × 10^333 |
| 128 | aaa_77_29 | 5.125240349391604 × 10^333 |
| 127 | aaa_77_28 | 1.68052600627568 × 10^334 |
| 126 | ov_126 | 5.986708931982611 × 10^334 |
| 125 | ov_125 | 1.5325054627171368 × 10^335 |
| 124 | ov_124 | 3.319920071379289 × 10^335 |
| 123 | ov_123 | 6.424800305909838 × 10^335 |
| 122 | ov_122 | 1.1424557488313745 × 10^336 |
| 121 | ov_121 | 1.9010140768685188 × 10^336 |
| 120 | ov_120 | 2.998606766047074 × 10^336 |
| 119 | ov_119 | 4.527049029621461 × 10^336 |
| 118 | ov_118 | 6.589532331014209 × 10^336 |
| 117 | ov_117 | 9.300646874074524 × 10^336 |
| 116 | ov_116 | 1.2786418311270565 × 10^337 |
| 115 | ov_115 | 1.7184364166491952 × 10^337 |
| 114 | ov_114 | 2.2643576450088486 × 10^337 |
| 113 | ov_113 | 2.932483792516049 × 10^337 |
| 112 | ov_112 | 3.740078046636153 × 10^337 |
| 111 | ov_111 | 4.705609493627398 × 10^337 |
| 110 | ov_110 | 5.848780227837644 × 10^337 |
| 109 | ov_109 | 7.190559431654358 × 10^337 |
| 108 | ov_108 | 8.74241905378121 × 10^337 |
| 107 | ov_107 | 1.0516524161733298 × 10^338 |
| 106 | ov_106 | 1.2525764948620782 × 10^338 |
| 105 | ov_105 | 1.4783793906751227 × 10^338 |
| 104 | ov_104 | 1.730506860741051 × 10^338 |
| 103 | ov_103 | 2.010490055390956 × 10^338 |
| 102 | ov_102 | 2.321482210701894 × 10^338 |
| 101 | ov_101 | 2.66682468527463 × 10^338 |
| 100 | ov_100 | 3.050060228812775 × 10^338 |
| 99 | ov_099 | 3.4749478400959225 × 10^338 |
| 98 | ov_098 | 3.474950271462978 × 10^338 |
| 97 | ov_097 | 3.4749602845918833 × 10^338 |
| 96 | aaa_78_29 | 3.58020241979465 × 10^338 |
| 95 | aaa_78_28 | 9.512644276959285 × 10^338 |
| 94 | ov_094 | 2.971762957454186 × 10^339 |
| 93 | ov_093 | 6.660786827544784 × 10^339 |
| 92 | ov_092 | 1.2660117529431903 × 10^340 |
| 91 | ov_091 | 2.161154393389852 × 10^340 |
| 90 | ov_090 | 3.415688298295449 × 10^340 |
| 89 | ov_089 | 5.093803343873304 × 10^340 |
| 88 | ov_088 | 7.259709040963042 × 10^340 |
| 87 | ov_087 | 9.977655762297248 × 10^340 |
| 86 | ov_086 | 1.3311970022802551 × 10^341 |
| 85 | ov_085 | 1.7327108315809956 × 10^341 |
| 64 | lv_79_m31 | 2.0797899137940326 × 10^341 |
| 84 | ov_084 | 2.208773404633482 × 10^341 |
| 83 | ov_083 | 2.765882210310224 × 10^341 |
| 82 | ov_082 | 3.410579561231049 × 10^341 |
| 81 | ov_081 | 4.14946994190936 × 10^341 |
| 80 | ov_080 | 4.9892414848178716 × 10^341 |
| 79 | ov_079 | 5.936692030468196 × 10^341 |
| 78 | ov_078 | 6.998760229122009 × 10^341 |
| 77 | ov_077 | 8.182562144073244 × 10^341 |
| 76 | ov_076 | 9.495433819820078 × 10^341 |
| 63 | ov_063 | 1.0579902540588532 × 10^342 |
| 75 | ov_075 | 1.0944980283180621 × 10^342 |
| 74 | ov_074 | 1.253913145183491 × 10^342 |
| 73 | ov_073 | 1.428620543326806 × 10^342 |
| 72 | ov_072 | 1.619497970801815 × 10^342 |
| 71 | ov_071 | 1.827476962424302 × 10^342 |
| 70 | ov_070 | 2.0535512500215767 × 10^342 |
| 69 | ov_069 | 2.2987856596184345 × 10^342 |
| 68 | ov_068 | 2.5643255246170336 × 10^342 |
| 67 | ov_067 | 2.8514066455196 × 10^342 |
| 66 | ov_066 | 2.8514346438390623 × 10^342 |
| 65 | ov_065 | 2.851521739693529 × 10^342 |
| 62 | ov_062 | 5.381492583656896 × 10^342 |
| 61 | ov_061 | 1.9462879314696526 × 10^343 |
| 60 | ov_060 | 5.5292935645089004 × 10^343 |
| 59 | ov_059 | 1.3247196428623971 × 10^344 |
| 58 | ov_058 | 2.7933674038645606 × 10^344 |
| 57 | ov_057 | 5.3324829712533656 × 10^344 |
| 56 | ov_056 | 9.405942423859109 × 10^344 |
| 55 | ov_055 | 1.5567947975718055 × 10^345 |
| 54 | ov_054 | 2.446315765124025 × 10^345 |
| 53 | ov_053 | 3.6826926152803063 × 10^345 |
| 52 | ov_052 | 5.348570533763115 × 10^345 |
| 51 | ov_051 | 7.53576552299563 × 10^345 |
| 50 | ov_050 | 1.0345351692214594 × 10^346 |
| 49 | ov_049 | 1.388777987247368 × 10^346 |
| 48 | ov_048 | 1.828303269389398 × 10^346 |
| 32 | lv_80_m31 | 2.206812895356347 × 10^346 |
| 47 | ov_047 | 2.366082126526871 × 10^346 |
| 46 | ov_046 | 3.0160828601228484 × 10^346 |
| 45 | ov_045 | 3.793300495092933 × 10^346 |
| 44 | ov_044 | 4.7137920196304175 × 10^346 |
| 43 | ov_043 | 5.786419088179034 × 10^346 |
| 42 | ov_042 | 7.020632106187788 × 10^346 |
| 41 | ov_041 | 8.426499858827179 × 10^346 |
| 40 | ov_040 | 1.0014743176938703 × 10^347 |
| 31 | ov_031 | 1.1279597329822577 × 10^347 |
| 39 | ov_039 | 1.1796772912493885 × 10^347 |
| 38 | ov_038 | 1.3784732501529517 × 10^347 |
| 37 | ov_037 | 1.5991545399685215 × 10^347 |
| 36 | ov_036 | 1.844389113999132 × 10^347 |
| 35 | ov_035 | 2.1170172572611304 × 10^347 |
| 34 | ov_034 | 2.4200637801549768 × 10^347 |
| 33 | ov_033 | 2.7567514033830604 × 10^347 |
| 30 | ov_030 | 5.765405377003918 × 10^347 |
| 29 | ov_029 | 2.0948833283791534 × 10^348 |
| 28 | ov_028 | 5.97959310696621 × 10^348 |
| 27 | ov_027 | 1.4391809170119856 × 10^349 |
| 26 | ov_026 | 3.0473353786861888 × 10^349 |
| 25 | ov_025 | 5.838040849849881 × 10^349 |
| 24 | ov_024 | 1.0328354398962009 × 10^350 |
| 23 | ov_023 | 1.685289235382825 × 10^350 |
| 22 | ov_022 | 2.579701481570715 × 10^350 |
| 21 | ov_021 | 3.798221947458631 × 10^350 |
| 20 | ov_020 | 5.4331621488345317 × 10^350 |
| 19 | ov_019 | 7.587012219249318 × 10^350 |
| 18 | ov_018 | 1.0372468381348206 × 10^351 |
| 17 | ov_017 | 1.3912475091114628 × 10^351 |
| 16 | ov_016 | 1.8340286650890048 × 10^351 |
| 15 | ov_015 | 2.379955381191417 × 10^351 |
| 14 | ov_014 | 3.0444441614675876 × 10^351 |
| 13 | ov_013 | 3.8439785447059576 × 10^351 |
| 12 | ov_012 | 4.796129303800453 × 10^351 |
| 11 | ov_011 | 5.91958008504666 × 10^351 |
| 10 | ov_010 | 7.234159409459497 × 10^351 |
| 9 | ov_009 | 8.750675128346737 × 10^351 |
| 8 | ov_008 | 1.0480564187897753 × 10^352 |
| 7 | ov_007 | 1.2435923879097375 × 10^352 |
| 6 | ov_006 | 1.4629548746703236 × 10^352 |
| 5 | ov_005 | 1.7074973589597125 × 10^352 |
| 4 | ov_004 | 1.9786522930826593 × 10^352 |
| 3 | ov_003 | 2.279369188347644 × 10^352 |
| 2 | ov_002 | 2.6127731339434277 × 10^352 |
| 1 | ov_001 | 2.9821783017901176 × 10^352 |

