# Results for F001-F002-F003-F004-F005-F006-F007-F008-F009-F010-F011-F012-F013-F014-F015-F016-F017-F018-F019-F020-F021-F022-F023-F024-F025-F026-F027-F028-F029-F030-F031-F032-F033-F034-F035-F036-F037-F038-F039-F040-F041-F042-F043-F044-F045-F046-F047-F048-F049-F050-F051-F052-F053-F054-F055-F056-F057-F058-F059-F060-F061-F062-F063-F064-F065-F066-F067-F068-F069-F070-F071-F072-F073-F074-F075-F076-F077-F078-F079-F080-F081-F082-F083-F084-F085-F086-F087-F088-F089-F090-F091-F092-F093-F094-F095-F096-F097-F098-F099-F100-F101-F102-F103-F104-F105-F106-F107-F108-F109-F110-F111-F112-F113-F114-F115-F116-F117-F118-F119-F120-F121-F122-F123-F124-F125-F126-F127-F128-F129-F130-F131-F132-F133-F134-F135-F136-F137-F138-F139-F140-F141-F142-F143-F144-F145-F146-F147-F148-F149-F150-F151-F152-F153-F154-F155-F156-F157-F158-F159-F160-F161-F162-F163-F164-F165-F166-F167-F168-F169-F170-F171-F172-F173-F174-F175-F176-F177-F178-F179-F180-F181-F182-F183-F184-F185-F186-F187-F188-F189-F190-F191-F192-F193-F194-F195-F196-F197-F198-F199-F200-F201-F202-F203-F204-F205-F206-F207-F208-F209-F210-F211-F212-F213-F214-F215-F216-F217-F218-F219-F220-F221-F222-F223-F224-F225-F226-F227-F228-F229-F230-F231-F232-F233-F234-F235-F236-F237-F238-F239-F240-F241-F242-F243-F244-F245-F246-F247-F248-F249-F250-F251-F252-F253-F254-F255-F256-F257-F258-F259-F260-F261-F262-F263-F264-F265-F266-F267-F268-F269-F270-F271-F272-F273-F274-F275-F276-F277-F278-F279-F280-F281-F282-F283-F284-F285-F286-F287-F288-F289-F290-F291-F292-F293-F294-F295-F296-F297-F298-F299-F300-F301-F302-F303-F304-F305-F306-F307-F308-F309-F310-F311-F312-F313-F314-F315-F316-F317-F318-F319-F320-F321-F322-F323-F324-F325-F326-F327-F328-F329-F330-F331-F332-F333-F334-F335-F336-F337-F338-F339-F340-F341-F342-F343-F344-F345-F346-F347-F348-F349-F350-F351-F352-F353-F354-F355-F356-F357-F358-F359-F360-F361-F362-F363-F364-F365-F366-F367-F368-F369-F370-F371-F372-F373-F374-F375-F376-F377-F378-F379-F380-F381-F382-F383-F384-F385-F386-F387-F388-F389-F390-F391-F392-F393-F394-F395-F396-F397-F398-F399-F400-F401-F402-F403-F404-F405-F406-F407-F408-F409-F410-F411-F412-F413-F414-F415-F416-F417-F418-F419-F420-F421-F422-F423-F424-F425-F426-F427-F428-F429-F430-F431-F432-F433-F434-F435-F436-F437-F438-F439-F440-F441-F442-F443-F444-F445-F446-F447-F448-F449-F450-F451-F452-F453-F454-F455-F456-F457-F458-F459-F460-F461-F462-F463-F464-F465-F466-F467-F468-F469-F470-F471-F472-F473-F474-F475-F476-F477-F478-F479-F480-F481-F482-F483-F484-F485-F486-F487-F488-F489-F490-F491-F492-F493-F494-F495-F496-O501505-F509-F510-F511-F512

## Summary

Number of input bits: 512  
Number of free input bits: 11  
Number of output bits: 160

Number of direct occurrences: 44092  
Number of assignments: 31160  
Number of operations: 10970371
(xor: 10942271,
and: 14784,
or: 13316)

Total complexity: 4.890537359877564 × 10^299

Least occurring input variable: iv_502 (3812)  
Most occurring input variable: iv_508 (4196)

Most co-occurring input variables: iv_507-iv_508 (2002)  
Least co-occurring input variables: iv_498-iv_502 (1726)

Potentially most occurring input variable: iv_501/iv_508 (4450)  
Potentially least occurring input variable: iv_504/iv_506 (4054)

Least output occurring input variable: iv_502 (72)  
Most output occurring input variable: iv_508 (94)

Most output co-occurring input variables: iv_498-iv_508 (51)  
Least output co-occurring input variables: iv_501-iv_502 (28)

Potentially most output occurring input variable: iv_497/iv_503 (93)  
Potentially least output occurring input variable: iv_498/iv_499 (68)

Least complex input bit: iv_497 (1.7356910321458783 × 10^297)  
Most complex input bit: iv_501 (1.1980829161156352 × 10^299)

Least complex output bit: aaa_76_29 (2.5473575499954 × 10^274)  
Most complex output bit: ov_001 (7.822865331595606 × 10^298)

Least complex input/output complexity: iv_497/aaa_76_29 (9.040776769174517 × 10^271)  
Most complex input/output complexity: iv_501/ov_001 (1.916444067220583 × 10^298)

## Input Bits

### Input Bits in Regular Order

| Input Bit | Complexity | Occurrences | Output Occurrences |
|:---------:|:----------:|:-----------:|:------------------:|
| iv_497 | 1.7356910321458783 × 10^297 | 4050 | 86 |
| iv_498 | 3.473392470477822 × 10^297 | 3930 | 87 |
| iv_499 | 6.133359036398304 × 10^297 | 3918 | 79 |
| iv_500 | 1.0324445056730365 × 10^298 | 4080 | 77 |
| iv_501 | 1.1980829161156352 × 10^299 | 4078 | 73 |
| iv_502 | 2.7396645291311767 × 10^298 | 3812 | 72 |
| iv_503 | 4.338973750317186 × 10^298 | 4050 | 73 |
| iv_504 | 6.738869118552352 × 10^298 | 3907 | 80 |
| iv_506 | 5.142517770354856 × 10^298 | 3929 | 80 |
| iv_507 | 7.317709257484502 × 10^298 | 4142 | 80 |
| iv_508 | 8.480121252203968 × 10^298 | 4196 | 94 |

### Input Bits Sorted by Complexity

| Input Bit | Complexity | Occurrences | Output Occurrences |
|:---------:|:----------:|:-----------:|:------------------:|
| iv_497 | 1.7356910321458783 × 10^297 | 4050 | 86 |
| iv_498 | 3.473392470477822 × 10^297 | 3930 | 87 |
| iv_499 | 6.133359036398304 × 10^297 | 3918 | 79 |
| iv_500 | 1.0324445056730365 × 10^298 | 4080 | 77 |
| iv_502 | 2.7396645291311767 × 10^298 | 3812 | 72 |
| iv_503 | 4.338973750317186 × 10^298 | 4050 | 73 |
| iv_506 | 5.142517770354856 × 10^298 | 3929 | 80 |
| iv_504 | 6.738869118552352 × 10^298 | 3907 | 80 |
| iv_507 | 7.317709257484502 × 10^298 | 4142 | 80 |
| iv_508 | 8.480121252203968 × 10^298 | 4196 | 94 |
| iv_501 | 1.1980829161156352 × 10^299 | 4078 | 73 |

### Input Bits Sorted by Occurrences

| Input Bit | Complexity | Occurrences | Output Occurrences |
|:---------:|:----------:|:-----------:|:------------------:|
| iv_502 | 2.7396645291311767 × 10^298 | 3812 | 72 |
| iv_504 | 6.738869118552352 × 10^298 | 3907 | 80 |
| iv_499 | 6.133359036398304 × 10^297 | 3918 | 79 |
| iv_506 | 5.142517770354856 × 10^298 | 3929 | 80 |
| iv_498 | 3.473392470477822 × 10^297 | 3930 | 87 |
| iv_503 | 4.338973750317186 × 10^298 | 4050 | 73 |
| iv_497 | 1.7356910321458783 × 10^297 | 4050 | 86 |
| iv_501 | 1.1980829161156352 × 10^299 | 4078 | 73 |
| iv_500 | 1.0324445056730365 × 10^298 | 4080 | 77 |
| iv_507 | 7.317709257484502 × 10^298 | 4142 | 80 |
| iv_508 | 8.480121252203968 × 10^298 | 4196 | 94 |

### Input Bits Sorted by Output Occurrences

| Input Bit | Complexity | Occurrences | Output Occurrences |
|:---------:|:----------:|:-----------:|:------------------:|
| iv_502 | 2.7396645291311767 × 10^298 | 3812 | 72 |
| iv_501 | 1.1980829161156352 × 10^299 | 4078 | 73 |
| iv_503 | 4.338973750317186 × 10^298 | 4050 | 73 |
| iv_500 | 1.0324445056730365 × 10^298 | 4080 | 77 |
| iv_499 | 6.133359036398304 × 10^297 | 3918 | 79 |
| iv_504 | 6.738869118552352 × 10^298 | 3907 | 80 |
| iv_506 | 5.142517770354856 × 10^298 | 3929 | 80 |
| iv_507 | 7.317709257484502 × 10^298 | 4142 | 80 |
| iv_497 | 1.7356910321458783 × 10^297 | 4050 | 86 |
| iv_498 | 3.473392470477822 × 10^297 | 3930 | 87 |
| iv_508 | 8.480121252203968 × 10^298 | 4196 | 94 |

## Input Bit Co-occurrences

### Input Bit Co-occurrences Sorted by Co-occurrences

| Input Bits | Co-occurrences | Potential Occurrences | Output Co-occurrences | Potential Output Occurrences |
|:----------:|:--------------:|:---------------------:|:---------------------:|:----------------------------:|
| iv_507-iv_508 | 2002 | 4334 | 46 | 82 |
| iv_500-iv_508 | 1989 | 4298 | 43 | 85 |
| iv_501-iv_503 | 1970 | 4188 | 32 | 82 |
| iv_500-iv_507 | 1965 | 4292 | 38 | 81 |
| iv_499-iv_508 | 1961 | 4192 | 50 | 73 |
| iv_497-iv_507 | 1959 | 4274 | 40 | 86 |
| iv_506-iv_507 | 1955 | 4161 | 40 | 80 |
| iv_500-iv_503 | 1945 | 4240 | 40 | 70 |
| iv_503-iv_507 | 1936 | 4320 | 37 | 79 |
| iv_504-iv_508 | 1935 | 4233 | 50 | 74 |
| iv_501-iv_507 | 1931 | 4358 | 35 | 83 |

### Input Bit Co-occurrences Sorted by Potential Occurrences

| Input Bits | Co-occurrences | Potential Occurrences | Output Co-occurrences | Potential Output Occurrences |
|:----------:|:--------------:|:---------------------:|:---------------------:|:----------------------------:|
| iv_504-iv_506 | 1891 | 4054 | 44 | 72 |
| iv_499-iv_504 | 1849 | 4127 | 38 | 83 |
| iv_498-iv_506 | 1859 | 4141 | 41 | 85 |
| iv_506-iv_507 | 1955 | 4161 | 40 | 80 |
| iv_499-iv_502 | 1778 | 4174 | 37 | 77 |
| iv_498-iv_499 | 1836 | 4176 | 49 | 68 |
| iv_498-iv_504 | 1830 | 4177 | 43 | 81 |
| iv_497-iv_502 | 1841 | 4180 | 41 | 76 |
| iv_501-iv_504 | 1899 | 4187 | 35 | 83 |
| iv_501-iv_503 | 1970 | 4188 | 32 | 82 |
| iv_500-iv_506 | 1909 | 4191 | 36 | 85 |

### Input Bit Output Co-occurrences Sorted by Output Co-occurrences

| Input Bits | Co-occurrences | Potential Occurrences | Output Co-occurrences | Potential Output Occurrences |
|:----------:|:--------------:|:---------------------:|:---------------------:|:----------------------------:|
| iv_498-iv_508 | 1869 | 4388 | 51 | 79 |
| iv_499-iv_508 | 1961 | 4192 | 50 | 73 |
| iv_504-iv_508 | 1935 | 4233 | 50 | 74 |
| iv_497-iv_508 | 1919 | 4408 | 49 | 82 |
| iv_498-iv_499 | 1836 | 4176 | 49 | 68 |
| iv_506-iv_508 | 1891 | 4343 | 48 | 78 |
| iv_507-iv_508 | 2002 | 4334 | 46 | 82 |
| iv_497-iv_498 | 1856 | 4268 | 46 | 81 |
| iv_497-iv_504 | 1866 | 4225 | 45 | 76 |
| iv_502-iv_508 | 1838 | 4332 | 45 | 76 |
| iv_504-iv_506 | 1891 | 4054 | 44 | 72 |

### Input Bit Output Co-occurrences Sorted by Potential Output Occurrences

| Input Bits | Co-occurrences | Potential Occurrences | Output Co-occurrences | Potential Output Occurrences |
|:----------:|:--------------:|:---------------------:|:---------------------:|:----------------------------:|
| iv_498-iv_499 | 1836 | 4176 | 49 | 68 |
| iv_500-iv_503 | 1945 | 4240 | 40 | 70 |
| iv_502-iv_504 | 1763 | 4193 | 41 | 70 |
| iv_504-iv_506 | 1891 | 4054 | 44 | 72 |
| iv_499-iv_508 | 1961 | 4192 | 50 | 73 |
| iv_502-iv_507 | 1850 | 4254 | 39 | 74 |
| iv_504-iv_508 | 1935 | 4233 | 50 | 74 |
| iv_499-iv_506 | 1788 | 4271 | 42 | 75 |
| iv_497-iv_502 | 1841 | 4180 | 41 | 76 |
| iv_497-iv_504 | 1866 | 4225 | 45 | 76 |
| iv_502-iv_506 | 1774 | 4193 | 38 | 76 |

## Output Bits

### Output Bits in Regular Order

| Rank | Output Bit | Complexity |
|:----:|:----------:|:----------:|
| 1 | ov_001 | 7.822865331595606 × 10^298 |
| 2 | ov_002 | 6.784177470279539 × 10^298 |
| 3 | ov_003 | 5.853708413625485 × 10^298 |
| 4 | ov_004 | 5.02325793111456 × 10^298 |
| 5 | ov_005 | 4.2850729367069785 × 10^298 |
| 6 | ov_006 | 3.63181560816411 × 10^298 |
| 7 | ov_007 | 3.0565356215777466 × 10^298 |
| 8 | ov_008 | 2.552646233733496 × 10^298 |
| 9 | ov_009 | 2.1139039146138925 × 10^298 |
| 10 | ov_010 | 1.734391177753984 × 10^298 |
| 11 | ov_011 | 1.4085022521173618 × 10^298 |
| 12 | ov_012 | 1.130931259514182 × 10^298 |
| 13 | ov_013 | 8.96662581550268 × 10^297 |
| 14 | ov_014 | 7.009631197676856 × 10^297 |
| 15 | ov_015 | 5.393761720858671 × 10^297 |
| 16 | ov_016 | 4.07716667937583 × 10^297 |
| 17 | ov_017 | 3.020675236616639 × 10^297 |
| 18 | ov_018 | 2.187768987986925 × 10^297 |
| 19 | ov_019 | 1.5445615296210256 × 10^297 |
| 20 | ov_020 | 1.0597833090797594 × 10^297 |
| 21 | ov_021 | 7.0477048097038966 × 10^296 |
| 22 | ov_022 | 4.534569014664169 × 10^296 |
| 23 | ov_023 | 2.8236859187468445 × 10^296 |
| 24 | ov_024 | 1.7062009604978066 × 10^296 |
| 25 | ov_025 | 9.991225109018536 × 10^295 |
| 26 | ov_026 | 5.453096590916324 × 10^295 |
| 27 | ov_027 | 2.7265361431740886 × 10^295 |
| 28 | ov_028 | 1.2196722646880361 × 10^295 |
| 29 | ov_029 | 4.698440785415542 × 10^294 |
| 30 | ov_030 | 1.4359981567515787 × 10^294 |
| 31 | ov_031 | 2.8001848920005537 × 10^293 |
| 32 | lv_80_m31 | 5.459420198396521 × 10^292 |
| 33 | ov_033 | 6.542039942698344 × 10^293 |
| 34 | ov_034 | 5.672573897490994 × 10^293 |
| 35 | ov_035 | 4.894783709826519 × 10^293 |
| 36 | ov_036 | 4.201208961484056 × 10^293 |
| 37 | ov_037 | 3.5847921489874084 × 10^293 |
| 38 | ov_038 | 3.0388501291095223 × 10^293 |
| 39 | ov_039 | 2.557049432277097 × 10^293 |
| 40 | ov_040 | 2.133385078795531 × 10^293 |
| 41 | ov_041 | 1.7621625511177102 × 10^293 |
| 42 | ov_042 | 1.4406101392399512 × 10^293 |
| 43 | ov_043 | 1.166100297307173 × 10^293 |
| 44 | ov_044 | 9.337884630061586 × 10^292 |
| 45 | ov_045 | 7.390936753206973 × 10^292 |
| 46 | ov_046 | 5.776917475056806 × 10^292 |
| 47 | ov_047 | 4.455098859410862 × 10^292 |
| 48 | ov_048 | 3.3872252996060284 × 10^292 |
| 49 | ov_049 | 2.537482046115298 × 10^292 |
| 50 | ov_050 | 1.872471950922145 × 10^292 |
| 51 | ov_051 | 1.3611986834718442 × 10^292 |
| 52 | ov_052 | 9.750548399118612 × 10^291 |
| 53 | ov_053 | 6.878136013646836 × 10^291 |
| 54 | ov_054 | 4.7562295528757104 × 10^291 |
| 55 | ov_055 | 3.1700182099991715 × 10^291 |
| 56 | ov_056 | 2.0180200896788434 × 10^291 |
| 57 | ov_057 | 1.2105909160408306 × 10^291 |
| 58 | ov_058 | 6.699186586801642 × 10^290 |
| 59 | ov_059 | 3.300207295383518 × 10^290 |
| 60 | ov_060 | 1.3674270655098618 × 10^290 |
| 61 | ov_061 | 4.775787194176089 × 10^289 |
| 62 | ov_062 | 1.3098684036615519 × 10^289 |
| 63 | ov_063 | 2.55249925918731 × 10^288 |
| 64 | lv_79_m31 | 4.972791096153167 × 10^287 |
| 65 | ov_065 | 5.89878872948903 × 10^288 |
| 66 | ov_066 | 5.898772654859043 × 10^288 |
| 67 | ov_067 | 5.898768829907062 × 10^288 |
| 68 | ov_068 | 5.101932654030412 × 10^288 |
| 69 | ov_069 | 4.389057692516192 × 10^288 |
| 70 | ov_070 | 3.7539019767960576 × 10^288 |
| 71 | ov_071 | 3.190519156469547 × 10^288 |
| 72 | ov_072 | 2.6932400467149607 × 10^288 |
| 73 | ov_073 | 2.256657995754136 × 10^288 |
| 74 | ov_074 | 1.8756174667137797 × 10^288 |
| 75 | ov_075 | 1.545205260062624 × 10^288 |
| 76 | ov_076 | 1.2607438334462829 × 10^288 |
| 77 | ov_077 | 1.0177862054091415 × 10^288 |
| 78 | ov_078 | 8.121119583745708 × 10^287 |
| 79 | ov_079 | 6.397239329517254 × 10^287 |
| 80 | ov_080 | 4.968453753498176 × 10^287 |
| 81 | ov_081 | 3.799174589210858 × 10^287 |
| 82 | ov_082 | 2.8559715289666998 × 10^287 |
| 83 | ov_083 | 2.107554115255281 × 10^287 |
| 84 | ov_084 | 1.524756569305449 × 10^287 |
| 85 | ov_085 | 1.0805252906921908 × 10^287 |
| 86 | ov_086 | 7.499087623662772 × 10^286 |
| 87 | ov_087 | 5.100495958156291 × 10^286 |
| 88 | ov_088 | 3.4017845127489766 × 10^286 |
| 89 | ov_089 | 2.2160956802067407 × 10^286 |
| 90 | ov_090 | 1.3773763985397254 × 10^286 |
| 91 | ov_091 | 8.077981253851051 × 10^285 |
| 92 | ov_092 | 4.399204443819183 × 10^285 |
| 93 | ov_093 | 2.1668665143125683 × 10^285 |
| 94 | ov_094 | 9.14215857382915 × 10^284 |
| 95 | aaa_78_28 | 2.783074426063302 × 10^284 |
| 96 | aaa_78_29 | 8.356869200451289 × 10^283 |
| 97 | ov_097 | 4.313588307113541 × 10^283 |
| 98 | ov_098 | 4.313544676229865 × 10^283 |
| 99 | ov_099 | 4.313530746923774 × 10^283 |
| 100 | ov_100 | 3.5611312121846675 × 10^283 |
| 101 | ov_101 | 2.9167681686587075 × 10^283 |
| 102 | ov_102 | 2.3696831761373816 × 10^283 |
| 103 | ov_103 | 1.90970577261921 × 10^283 |
| 104 | ov_104 | 1.5272105743126809 × 10^283 |
| 105 | ov_105 | 1.2130800248943665 × 10^283 |
| 106 | ov_106 | 9.586722742260929 × 10^282 |
| 107 | ov_107 | 7.557936932283196 × 10^282 |
| 108 | ov_108 | 5.966755571994539 × 10^282 |
| 109 | ov_109 | 4.73954454751278 × 10^282 |
| 110 | ov_110 | 3.806560038596953 × 10^282 |
| 111 | ov_111 | 3.1018148044359725 × 10^282 |
| 112 | ov_112 | 2.5629698849516984 × 10^282 |
| 113 | ov_113 | 2.1312482418279206 × 10^282 |
| 114 | ov_114 | 1.751367096030737 × 10^282 |
| 115 | ov_115 | 1.4199232390153336 × 10^282 |
| 116 | ov_116 | 1.1335421807214808 × 10^282 |
| 117 | ov_117 | 8.88870114090393 × 10^281 |
| 118 | ov_118 | 6.825679683864623 × 10^281 |
| 119 | ov_119 | 5.113071318913004 × 10^281 |
| 120 | ov_120 | 3.717662642286487 × 10^281 |
| 121 | ov_121 | 2.6062886530418462 × 10^281 |
| 122 | ov_122 | 1.7458148577914424 × 10^281 |
| 123 | ov_123 | 1.10312464004477 × 10^281 |
| 124 | ov_124 | 6.451107434385393 × 10^280 |
| 125 | ov_125 | 3.386699979212338 × 10^280 |
| 126 | ov_126 | 1.5070063093627625 × 10^280 |
| 127 | aaa_77_28 | 4.810123588185472 × 10^279 |
| 128 | aaa_77_29 | 1.8021218925089963 × 10^279 |
| 129 | ov_129 | 1.6573455558486754 × 10^279 |
| 130 | ov_130 | 1.6573405986536883 × 10^279 |
| 131 | ov_131 | 1.6573394013964693 × 10^279 |
| 132 | ov_132 | 1.4343873751367472 × 10^279 |
| 133 | ov_133 | 1.2349255743470712 × 10^279 |
| 134 | ov_134 | 1.0571756221460027 × 10^279 |
| 135 | ov_135 | 8.994529072205886 × 10^278 |
| 136 | ov_136 | 7.601598463055914 × 10^278 |
| 137 | ov_137 | 6.3778011981514254 × 10^278 |
| 138 | ov_138 | 5.308737852142244 × 10^278 |
| 139 | ov_139 | 4.3807317750853686 × 10^278 |
| 140 | ov_140 | 3.5807951089843236 × 10^278 |
| 141 | ov_141 | 2.896601002165861 × 10^278 |
| 142 | ov_142 | 2.3164612527528413 × 10^278 |
| 143 | ov_143 | 1.8293086570794828 × 10^278 |
| 144 | ov_144 | 1.4246833831631435 × 10^278 |
| 145 | ov_145 | 1.092722733407527 × 10^278 |
| 146 | ov_146 | 8.241537046395424 × 10^277 |
| 147 | ov_147 | 6.102877974201843 × 10^277 |
| 148 | ov_148 | 4.430175703438222 × 10^277 |
| 149 | ov_149 | 3.148144787661368 × 10^277 |
| 150 | ov_150 | 2.1872758109065487 × 10^277 |
| 151 | ov_151 | 1.4838275727734682 × 10^277 |
| 152 | ov_152 | 9.798219390881802 × 10^276 |
| 153 | ov_153 | 6.230401919075791 × 10^276 |
| 154 | ov_154 | 3.67020481998327 × 10^276 |
| 155 | ov_155 | 1.8997083860932122 × 10^276 |
| 156 | aaa_76_25 | 7.297660269524557 × 10^275 |
| 157 | aaa_76_26 | 4.211996423622581 × 10^275 |
| 158 | aaa_76_27 | 2.154764693119081 × 10^275 |
| 159 | aaa_76_28 | 8.382992727763316 × 10^274 |
| 160 | aaa_76_29 | 2.5473575499954 × 10^274 |

### Output Bits Sorted by Complexity

| Rank | Output Bit | Complexity |
|:----:|:----------:|:----------:|
| 160 | aaa_76_29 | 2.5473575499954 × 10^274 |
| 159 | aaa_76_28 | 8.382992727763316 × 10^274 |
| 158 | aaa_76_27 | 2.154764693119081 × 10^275 |
| 157 | aaa_76_26 | 4.211996423622581 × 10^275 |
| 156 | aaa_76_25 | 7.297660269524557 × 10^275 |
| 155 | ov_155 | 1.8997083860932122 × 10^276 |
| 154 | ov_154 | 3.67020481998327 × 10^276 |
| 153 | ov_153 | 6.230401919075791 × 10^276 |
| 152 | ov_152 | 9.798219390881802 × 10^276 |
| 151 | ov_151 | 1.4838275727734682 × 10^277 |
| 150 | ov_150 | 2.1872758109065487 × 10^277 |
| 149 | ov_149 | 3.148144787661368 × 10^277 |
| 148 | ov_148 | 4.430175703438222 × 10^277 |
| 147 | ov_147 | 6.102877974201843 × 10^277 |
| 146 | ov_146 | 8.241537046395424 × 10^277 |
| 145 | ov_145 | 1.092722733407527 × 10^278 |
| 144 | ov_144 | 1.4246833831631435 × 10^278 |
| 143 | ov_143 | 1.8293086570794828 × 10^278 |
| 142 | ov_142 | 2.3164612527528413 × 10^278 |
| 141 | ov_141 | 2.896601002165861 × 10^278 |
| 140 | ov_140 | 3.5807951089843236 × 10^278 |
| 139 | ov_139 | 4.3807317750853686 × 10^278 |
| 138 | ov_138 | 5.308737852142244 × 10^278 |
| 137 | ov_137 | 6.3778011981514254 × 10^278 |
| 136 | ov_136 | 7.601598463055914 × 10^278 |
| 135 | ov_135 | 8.994529072205886 × 10^278 |
| 134 | ov_134 | 1.0571756221460027 × 10^279 |
| 133 | ov_133 | 1.2349255743470712 × 10^279 |
| 132 | ov_132 | 1.4343873751367472 × 10^279 |
| 131 | ov_131 | 1.6573394013964693 × 10^279 |
| 130 | ov_130 | 1.6573405986536883 × 10^279 |
| 129 | ov_129 | 1.6573455558486754 × 10^279 |
| 128 | aaa_77_29 | 1.8021218925089963 × 10^279 |
| 127 | aaa_77_28 | 4.810123588185472 × 10^279 |
| 126 | ov_126 | 1.5070063093627625 × 10^280 |
| 125 | ov_125 | 3.386699979212338 × 10^280 |
| 124 | ov_124 | 6.451107434385393 × 10^280 |
| 123 | ov_123 | 1.10312464004477 × 10^281 |
| 122 | ov_122 | 1.7458148577914424 × 10^281 |
| 121 | ov_121 | 2.6062886530418462 × 10^281 |
| 120 | ov_120 | 3.717662642286487 × 10^281 |
| 119 | ov_119 | 5.113071318913004 × 10^281 |
| 118 | ov_118 | 6.825679683864623 × 10^281 |
| 117 | ov_117 | 8.88870114090393 × 10^281 |
| 116 | ov_116 | 1.1335421807214808 × 10^282 |
| 115 | ov_115 | 1.4199232390153336 × 10^282 |
| 114 | ov_114 | 1.751367096030737 × 10^282 |
| 113 | ov_113 | 2.1312482418279206 × 10^282 |
| 112 | ov_112 | 2.5629698849516984 × 10^282 |
| 111 | ov_111 | 3.1018148044359725 × 10^282 |
| 110 | ov_110 | 3.806560038596953 × 10^282 |
| 109 | ov_109 | 4.73954454751278 × 10^282 |
| 108 | ov_108 | 5.966755571994539 × 10^282 |
| 107 | ov_107 | 7.557936932283196 × 10^282 |
| 106 | ov_106 | 9.586722742260929 × 10^282 |
| 105 | ov_105 | 1.2130800248943665 × 10^283 |
| 104 | ov_104 | 1.5272105743126809 × 10^283 |
| 103 | ov_103 | 1.90970577261921 × 10^283 |
| 102 | ov_102 | 2.3696831761373816 × 10^283 |
| 101 | ov_101 | 2.9167681686587075 × 10^283 |
| 100 | ov_100 | 3.5611312121846675 × 10^283 |
| 99 | ov_099 | 4.313530746923774 × 10^283 |
| 98 | ov_098 | 4.313544676229865 × 10^283 |
| 97 | ov_097 | 4.313588307113541 × 10^283 |
| 96 | aaa_78_29 | 8.356869200451289 × 10^283 |
| 95 | aaa_78_28 | 2.783074426063302 × 10^284 |
| 94 | ov_094 | 9.14215857382915 × 10^284 |
| 93 | ov_093 | 2.1668665143125683 × 10^285 |
| 92 | ov_092 | 4.399204443819183 × 10^285 |
| 91 | ov_091 | 8.077981253851051 × 10^285 |
| 90 | ov_090 | 1.3773763985397254 × 10^286 |
| 89 | ov_089 | 2.2160956802067407 × 10^286 |
| 88 | ov_088 | 3.4017845127489766 × 10^286 |
| 87 | ov_087 | 5.100495958156291 × 10^286 |
| 86 | ov_086 | 7.499087623662772 × 10^286 |
| 85 | ov_085 | 1.0805252906921908 × 10^287 |
| 84 | ov_084 | 1.524756569305449 × 10^287 |
| 83 | ov_083 | 2.107554115255281 × 10^287 |
| 82 | ov_082 | 2.8559715289666998 × 10^287 |
| 81 | ov_081 | 3.799174589210858 × 10^287 |
| 80 | ov_080 | 4.968453753498176 × 10^287 |
| 64 | lv_79_m31 | 4.972791096153167 × 10^287 |
| 79 | ov_079 | 6.397239329517254 × 10^287 |
| 78 | ov_078 | 8.121119583745708 × 10^287 |
| 77 | ov_077 | 1.0177862054091415 × 10^288 |
| 76 | ov_076 | 1.2607438334462829 × 10^288 |
| 75 | ov_075 | 1.545205260062624 × 10^288 |
| 74 | ov_074 | 1.8756174667137797 × 10^288 |
| 73 | ov_073 | 2.256657995754136 × 10^288 |
| 63 | ov_063 | 2.55249925918731 × 10^288 |
| 72 | ov_072 | 2.6932400467149607 × 10^288 |
| 71 | ov_071 | 3.190519156469547 × 10^288 |
| 70 | ov_070 | 3.7539019767960576 × 10^288 |
| 69 | ov_069 | 4.389057692516192 × 10^288 |
| 68 | ov_068 | 5.101932654030412 × 10^288 |
| 67 | ov_067 | 5.898768829907062 × 10^288 |
| 66 | ov_066 | 5.898772654859043 × 10^288 |
| 65 | ov_065 | 5.89878872948903 × 10^288 |
| 62 | ov_062 | 1.3098684036615519 × 10^289 |
| 61 | ov_061 | 4.775787194176089 × 10^289 |
| 60 | ov_060 | 1.3674270655098618 × 10^290 |
| 59 | ov_059 | 3.300207295383518 × 10^290 |
| 58 | ov_058 | 6.699186586801642 × 10^290 |
| 57 | ov_057 | 1.2105909160408306 × 10^291 |
| 56 | ov_056 | 2.0180200896788434 × 10^291 |
| 55 | ov_055 | 3.1700182099991715 × 10^291 |
| 54 | ov_054 | 4.7562295528757104 × 10^291 |
| 53 | ov_053 | 6.878136013646836 × 10^291 |
| 52 | ov_052 | 9.750548399118612 × 10^291 |
| 51 | ov_051 | 1.3611986834718442 × 10^292 |
| 50 | ov_050 | 1.872471950922145 × 10^292 |
| 49 | ov_049 | 2.537482046115298 × 10^292 |
| 48 | ov_048 | 3.3872252996060284 × 10^292 |
| 47 | ov_047 | 4.455098859410862 × 10^292 |
| 32 | lv_80_m31 | 5.459420198396521 × 10^292 |
| 46 | ov_046 | 5.776917475056806 × 10^292 |
| 45 | ov_045 | 7.390936753206973 × 10^292 |
| 44 | ov_044 | 9.337884630061586 × 10^292 |
| 43 | ov_043 | 1.166100297307173 × 10^293 |
| 42 | ov_042 | 1.4406101392399512 × 10^293 |
| 41 | ov_041 | 1.7621625511177102 × 10^293 |
| 40 | ov_040 | 2.133385078795531 × 10^293 |
| 39 | ov_039 | 2.557049432277097 × 10^293 |
| 31 | ov_031 | 2.8001848920005537 × 10^293 |
| 38 | ov_038 | 3.0388501291095223 × 10^293 |
| 37 | ov_037 | 3.5847921489874084 × 10^293 |
| 36 | ov_036 | 4.201208961484056 × 10^293 |
| 35 | ov_035 | 4.894783709826519 × 10^293 |
| 34 | ov_034 | 5.672573897490994 × 10^293 |
| 33 | ov_033 | 6.542039942698344 × 10^293 |
| 30 | ov_030 | 1.4359981567515787 × 10^294 |
| 29 | ov_029 | 4.698440785415542 × 10^294 |
| 28 | ov_028 | 1.2196722646880361 × 10^295 |
| 27 | ov_027 | 2.7265361431740886 × 10^295 |
| 26 | ov_026 | 5.453096590916324 × 10^295 |
| 25 | ov_025 | 9.991225109018536 × 10^295 |
| 24 | ov_024 | 1.7062009604978066 × 10^296 |
| 23 | ov_023 | 2.8236859187468445 × 10^296 |
| 22 | ov_022 | 4.534569014664169 × 10^296 |
| 21 | ov_021 | 7.0477048097038966 × 10^296 |
| 20 | ov_020 | 1.0597833090797594 × 10^297 |
| 19 | ov_019 | 1.5445615296210256 × 10^297 |
| 18 | ov_018 | 2.187768987986925 × 10^297 |
| 17 | ov_017 | 3.020675236616639 × 10^297 |
| 16 | ov_016 | 4.07716667937583 × 10^297 |
| 15 | ov_015 | 5.393761720858671 × 10^297 |
| 14 | ov_014 | 7.009631197676856 × 10^297 |
| 13 | ov_013 | 8.96662581550268 × 10^297 |
| 12 | ov_012 | 1.130931259514182 × 10^298 |
| 11 | ov_011 | 1.4085022521173618 × 10^298 |
| 10 | ov_010 | 1.734391177753984 × 10^298 |
| 9 | ov_009 | 2.1139039146138925 × 10^298 |
| 8 | ov_008 | 2.552646233733496 × 10^298 |
| 7 | ov_007 | 3.0565356215777466 × 10^298 |
| 6 | ov_006 | 3.63181560816411 × 10^298 |
| 5 | ov_005 | 4.2850729367069785 × 10^298 |
| 4 | ov_004 | 5.02325793111456 × 10^298 |
| 3 | ov_003 | 5.853708413625485 × 10^298 |
| 2 | ov_002 | 6.784177470279539 × 10^298 |
| 1 | ov_001 | 7.822865331595606 × 10^298 |

