# Results for F001-F002-F003-F004-F005-F006-F007-F008-F009-F010-F011-F012-F013-F014-F015-F016-F017-F018-F019-F020-F021-F022-F023-F024-F025-F026-F027-F028-F029-F030-F031-F032-F033-F034-F035-F036-F037-F038-F039-F040-F041-F042-F043-F044-F045-F046-F047-F048-F049-F050-F051-F052-F053-F054-F055-F056-F057-F058-F059-F060-F061-F062-F063-F064-F065-F066-F067-F068-F069-F070-F071-F072-F073-F074-F075-F076-F077-F078-F079-F080-F081-F082-F083-F084-F085-F086-F087-F088-F089-F090-F091-F092-F093-F094-F095-F096-F097-F098-F099-F100-F101-F102-F103-F104-F105-F106-F107-F108-F109-F110-F111-F112-F113-F114-F115-F116-F117-F118-F119-F120-F121-F122-F123-F124-F125-F126-F127-F128-F129-F130-F131-F132-F133-F134-F135-F136-F137-F138-F139-F140-F141-F142-F143-F144-F145-F146-F147-F148-F149-F150-F151-F152-F153-F154-F155-F156-F157-F158-F159-F160-F161-F162-F163-F164-F165-F166-F167-F168-F169-F170-F171-F172-F173-F174-F175-F176-F177-F178-F179-F180-F181-F182-F183-F184-F185-F186-F187-F188-F189-F190-F191-F192-F193-F194-F195-F196-F197-F198-F199-F200-F201-F202-F203-F204-F205-F206-F207-F208-F209-F210-F211-F212-F213-F214-F215-F216-F217-F218-F219-F220-F221-F222-F223-F224-F225-F226-F227-F228-F229-F230-F231-F232-F233-F234-F235-F236-F237-F238-F239-F240-F241-F242-F243-F244-F245-F246-F247-F248-F249-F250-F251-F252-F253-F254-F255-F256-F257-F258-F259-F260-F261-F262-F263-F264-F265-F266-F267-F268-F269-F270-F271-F272-F273-F274-F275-F276-F277-F278-F279-F280-F281-F282-F283-F284-F285-F286-F287-F288-F289-F290-F291-F292-F293-F294-F295-F296-F297-F298-F299-F300-F301-F302-F303-F304-F305-F306-F307-F308-F309-F310-F311-F312-F313-F314-F315-F316-F317-F318-F319-F320-F321-F322-F323-F324-F325-F326-F327-F328-F329-F330-F331-F332-F333-F334-F335-F336-F337-F338-F339-F340-F341-F342-F343-F344-F345-F346-F347-F348-F349-F350-F351-F352-F353-F354-F355-F356-F357-F358-F359-F360-F361-F362-F363-F364-F365-F366-F367-F368-F369-F370-F371-F372-F373-F374-F375-F376-F377-F378-F379-F380-F381-F382-F383-F384-F385-F386-F387-F388-F389-F390-F391-F392-F393-F394-F395-F396-F397-F398-F399-F400-F401-F402-F403-F404-F405-F406-F407-F408-F409-F410-F411-F412-F413-F414-F415-F416-F417-F418-F419-F420-F421-F422-F423-F424-F425-F426-F427-F428-F429-F430-F431-F432-F433-F434-F435-F436-F437-F438-F439-F440-F441-F442-F443-F444-F445-F446-F447-F448-F449-F450-F451-F452-F453-F454-F455-F456-F457-F458-F459-F460-F461-F462-F463-F464-F465-F466-F467-F468-F469-F470-F471-F472-F473-F474-F475-F476-F477-F478-F479-F480-F481-F482-F483-F484-F485-F486-F487-F488-F489-F490-F491-F492-F493-F494-F495-F496-O499504-O500505-F510-F511-F512

## Summary

Number of input bits: 512  
Number of free input bits: 11  
Number of output bits: 160

Number of direct occurrences: 44896  
Number of assignments: 31412  
Number of operations: 11039624
(xor: 11011411,
and: 14796,
or: 13417)

Total complexity: 1.4137804589295373 × 10^300

Least occurring input variable: iv_502 (3815)  
Most occurring input variable: iv_500 (4278)

Most co-occurring input variables: iv_508-iv_509 (2074)  
Least co-occurring input variables: iv_498-iv_502 (1727)

Potentially most occurring input variable: iv_500/iv_508 (4549)  
Potentially least occurring input variable: iv_506/iv_507 (4158)

Least output occurring input variable: iv_502 (71)  
Most output occurring input variable: iv_497 (89)

Most output co-occurring input variables: iv_497-iv_506 (51)  
Least output co-occurring input variables: iv_503-iv_509 (31)

Potentially most output occurring input variable: iv_503/iv_509 (98)  
Potentially least output occurring input variable: iv_501/iv_503 (67)

Least complex input bit: iv_497 (4.0426189569163316 × 10^297)  
Most complex input bit: iv_500 (2.6414751033163903 × 10^299)

Least complex output bit: aaa_76_29 (8.340787348282128 × 10^274)  
Most complex output bit: ov_001 (2.2422765817014034 × 10^299)

Least complex input/output complexity: iv_497/aaa_76_29 (2.3849972488163945 × 10^272)  
Most complex input/output complexity: iv_500/ov_001 (4.1894183272261815 × 10^298)

## Input Bits

### Input Bits in Regular Order

| Input Bit | Complexity | Occurrences | Output Occurrences |
|:---------:|:----------:|:-----------:|:------------------:|
| iv_497 | 4.0426189569163316 × 10^297 | 4115 | 89 |
| iv_498 | 8.05281023528131 × 10^297 | 3926 | 88 |
| iv_499 | 1.710898016480516 × 10^299 | 4144 | 83 |
| iv_500 | 2.6414751033163903 × 10^299 | 4278 | 82 |
| iv_501 | 3.920628477457701 × 10^298 | 4068 | 81 |
| iv_502 | 6.335476953697928 × 10^298 | 3815 | 71 |
| iv_503 | 1.0066777106869001 × 10^299 | 4052 | 82 |
| iv_506 | 1.2158569118986913 × 10^299 | 3952 | 81 |
| iv_507 | 1.7456808741545683 × 10^299 | 4166 | 76 |
| iv_508 | 2.3182417622475808 × 10^299 | 4177 | 75 |
| iv_509 | 2.3524093754731733 × 10^299 | 4203 | 78 |

### Input Bits Sorted by Complexity

| Input Bit | Complexity | Occurrences | Output Occurrences |
|:---------:|:----------:|:-----------:|:------------------:|
| iv_497 | 4.0426189569163316 × 10^297 | 4115 | 89 |
| iv_498 | 8.05281023528131 × 10^297 | 3926 | 88 |
| iv_501 | 3.920628477457701 × 10^298 | 4068 | 81 |
| iv_502 | 6.335476953697928 × 10^298 | 3815 | 71 |
| iv_503 | 1.0066777106869001 × 10^299 | 4052 | 82 |
| iv_506 | 1.2158569118986913 × 10^299 | 3952 | 81 |
| iv_499 | 1.710898016480516 × 10^299 | 4144 | 83 |
| iv_507 | 1.7456808741545683 × 10^299 | 4166 | 76 |
| iv_508 | 2.3182417622475808 × 10^299 | 4177 | 75 |
| iv_509 | 2.3524093754731733 × 10^299 | 4203 | 78 |
| iv_500 | 2.6414751033163903 × 10^299 | 4278 | 82 |

### Input Bits Sorted by Occurrences

| Input Bit | Complexity | Occurrences | Output Occurrences |
|:---------:|:----------:|:-----------:|:------------------:|
| iv_502 | 6.335476953697928 × 10^298 | 3815 | 71 |
| iv_498 | 8.05281023528131 × 10^297 | 3926 | 88 |
| iv_506 | 1.2158569118986913 × 10^299 | 3952 | 81 |
| iv_503 | 1.0066777106869001 × 10^299 | 4052 | 82 |
| iv_501 | 3.920628477457701 × 10^298 | 4068 | 81 |
| iv_497 | 4.0426189569163316 × 10^297 | 4115 | 89 |
| iv_499 | 1.710898016480516 × 10^299 | 4144 | 83 |
| iv_507 | 1.7456808741545683 × 10^299 | 4166 | 76 |
| iv_508 | 2.3182417622475808 × 10^299 | 4177 | 75 |
| iv_509 | 2.3524093754731733 × 10^299 | 4203 | 78 |
| iv_500 | 2.6414751033163903 × 10^299 | 4278 | 82 |

### Input Bits Sorted by Output Occurrences

| Input Bit | Complexity | Occurrences | Output Occurrences |
|:---------:|:----------:|:-----------:|:------------------:|
| iv_502 | 6.335476953697928 × 10^298 | 3815 | 71 |
| iv_508 | 2.3182417622475808 × 10^299 | 4177 | 75 |
| iv_507 | 1.7456808741545683 × 10^299 | 4166 | 76 |
| iv_509 | 2.3524093754731733 × 10^299 | 4203 | 78 |
| iv_501 | 3.920628477457701 × 10^298 | 4068 | 81 |
| iv_506 | 1.2158569118986913 × 10^299 | 3952 | 81 |
| iv_503 | 1.0066777106869001 × 10^299 | 4052 | 82 |
| iv_500 | 2.6414751033163903 × 10^299 | 4278 | 82 |
| iv_499 | 1.710898016480516 × 10^299 | 4144 | 83 |
| iv_498 | 8.05281023528131 × 10^297 | 3926 | 88 |
| iv_497 | 4.0426189569163316 × 10^297 | 4115 | 89 |

## Input Bit Co-occurrences

### Input Bit Co-occurrences Sorted by Co-occurrences

| Input Bits | Co-occurrences | Potential Occurrences | Output Co-occurrences | Potential Output Occurrences |
|:----------:|:--------------:|:---------------------:|:---------------------:|:----------------------------:|
| iv_508-iv_509 | 2074 | 4232 | 36 | 81 |
| iv_507-iv_509 | 2033 | 4303 | 38 | 78 |
| iv_500-iv_507 | 2027 | 4390 | 34 | 90 |
| iv_497-iv_507 | 2024 | 4233 | 42 | 81 |
| iv_499-iv_507 | 2024 | 4262 | 43 | 73 |
| iv_497-iv_500 | 2021 | 4351 | 43 | 85 |
| iv_500-iv_501 | 2014 | 4318 | 41 | 81 |
| iv_499-iv_508 | 2007 | 4307 | 40 | 78 |
| iv_499-iv_500 | 2005 | 4412 | 43 | 79 |
| iv_499-iv_509 | 2004 | 4339 | 41 | 79 |
| iv_501-iv_509 | 1999 | 4273 | 37 | 85 |

### Input Bit Co-occurrences Sorted by Potential Occurrences

| Input Bits | Co-occurrences | Potential Occurrences | Output Co-occurrences | Potential Output Occurrences |
|:----------:|:--------------:|:---------------------:|:---------------------:|:----------------------------:|
| iv_506-iv_507 | 1980 | 4158 | 39 | 79 |
| iv_501-iv_503 | 1967 | 4186 | 48 | 67 |
| iv_498-iv_506 | 1843 | 4192 | 41 | 87 |
| iv_497-iv_506 | 1936 | 4195 | 51 | 68 |
| iv_497-iv_501 | 1989 | 4205 | 45 | 80 |
| iv_502-iv_506 | 1778 | 4211 | 38 | 76 |
| iv_508-iv_509 | 2074 | 4232 | 36 | 81 |
| iv_497-iv_507 | 2024 | 4233 | 42 | 81 |
| iv_503-iv_506 | 1885 | 4234 | 41 | 81 |
| iv_497-iv_502 | 1848 | 4234 | 38 | 84 |
| iv_502-iv_507 | 1872 | 4237 | 36 | 75 |

### Input Bit Output Co-occurrences Sorted by Output Co-occurrences

| Input Bits | Co-occurrences | Potential Occurrences | Output Co-occurrences | Potential Output Occurrences |
|:----------:|:--------------:|:---------------------:|:---------------------:|:----------------------------:|
| iv_498-iv_503 | 1862 | 4254 | 51 | 68 |
| iv_497-iv_506 | 1936 | 4195 | 51 | 68 |
| iv_498-iv_499 | 1876 | 4318 | 50 | 71 |
| iv_498-iv_501 | 1865 | 4264 | 48 | 73 |
| iv_501-iv_503 | 1967 | 4186 | 48 | 67 |
| iv_497-iv_498 | 1875 | 4291 | 46 | 85 |
| iv_497-iv_501 | 1989 | 4205 | 45 | 80 |
| iv_498-iv_500 | 1937 | 4330 | 45 | 80 |
| iv_498-iv_509 | 1868 | 4393 | 44 | 78 |
| iv_498-iv_507 | 1892 | 4308 | 43 | 78 |
| iv_497-iv_500 | 2021 | 4351 | 43 | 85 |

### Input Bit Output Co-occurrences Sorted by Potential Output Occurrences

| Input Bits | Co-occurrences | Potential Occurrences | Output Co-occurrences | Potential Output Occurrences |
|:----------:|:--------------:|:---------------------:|:---------------------:|:----------------------------:|
| iv_501-iv_503 | 1967 | 4186 | 48 | 67 |
| iv_498-iv_503 | 1862 | 4254 | 51 | 68 |
| iv_497-iv_506 | 1936 | 4195 | 51 | 68 |
| iv_507-iv_508 | 1966 | 4411 | 40 | 71 |
| iv_498-iv_499 | 1876 | 4318 | 50 | 71 |
| iv_498-iv_501 | 1865 | 4264 | 48 | 73 |
| iv_499-iv_507 | 2024 | 4262 | 43 | 73 |
| iv_503-iv_507 | 1931 | 4356 | 42 | 74 |
| iv_502-iv_507 | 1872 | 4237 | 36 | 75 |
| iv_501-iv_508 | 1938 | 4369 | 40 | 76 |
| iv_502-iv_506 | 1778 | 4211 | 38 | 76 |

## Output Bits

### Output Bits in Regular Order

| Rank | Output Bit | Complexity |
|:----:|:----------:|:----------:|
| 1 | ov_001 | 2.2422765817014034 × 10^299 |
| 2 | ov_002 | 1.947168885923136 × 10^299 |
| 3 | ov_003 | 1.6825632520565764 × 10^299 |
| 4 | ov_004 | 1.4461602134994555 × 10^299 |
| 5 | ov_005 | 1.2357856496609888 × 10^299 |
| 6 | ov_006 | 1.0493819067011394 × 10^299 |
| 7 | ov_007 | 8.850000714030091 × 10^298 |
| 8 | ov_008 | 7.407933051021123 × 10^298 |
| 9 | ov_009 | 6.150111505954417 × 10^298 |
| 10 | ov_010 | 5.059947173616052 × 10^298 |
| 11 | ov_011 | 4.1217264935062563 × 10^298 |
| 12 | ov_012 | 3.3205778508242725 × 10^298 |
| 13 | ov_013 | 2.6424442516563714 × 10^298 |
| 14 | ov_014 | 2.0740612763777325 × 10^298 |
| 15 | ov_015 | 1.6029395675463142 × 10^298 |
| 16 | ov_016 | 1.2173511603734347 × 10^298 |
| 17 | ov_017 | 9.063190153327058 × 10^297 |
| 18 | ov_018 | 6.596091637163017 × 10^297 |
| 19 | ov_019 | 4.67724928038394 × 10^297 |
| 20 | ov_020 | 3.219027301717306 × 10^297 |
| 21 | ov_021 | 2.1410907192496792 × 10^297 |
| 22 | ov_022 | 1.3703838317771158 × 10^297 |
| 23 | ov_023 | 8.411153354362285 × 10^296 |
| 24 | ov_024 | 4.947485303413877 × 10^296 |
| 25 | ov_025 | 2.7999532611408136 × 10^296 |
| 26 | ov_026 | 1.5281295699077636 × 10^296 |
| 27 | ov_027 | 7.640243561634593 × 10^295 |
| 28 | ov_028 | 3.417509933236317 × 10^295 |
| 29 | ov_029 | 1.3163791917752125 × 10^295 |
| 30 | ov_030 | 4.022822774241804 × 10^294 |
| 31 | ov_031 | 7.843172092975703 × 10^293 |
| 32 | lv_80_m31 | 1.5288592215584947 × 10^293 |
| 33 | ov_033 | 1.8330742813914282 × 10^294 |
| 34 | ov_034 | 1.5894327897435713 × 10^294 |
| 35 | ov_035 | 1.3713866057764804 × 10^294 |
| 36 | ov_036 | 1.1769267515752791 × 10^294 |
| 37 | ov_037 | 1.004153230937258 × 10^294 |
| 38 | ov_038 | 8.512673087718312 × 10^293 |
| 39 | ov_039 | 7.165648229068623 × 10^293 |
| 40 | ov_040 | 5.984304317710171 × 10^293 |
| 41 | ov_041 | 4.953327063445754 × 10^293 |
| 42 | ov_042 | 4.05819979602339 × 10^293 |
| 43 | ov_043 | 3.291858844170155 × 10^293 |
| 44 | ov_044 | 2.641284506020718 × 10^293 |
| 45 | ov_045 | 2.094167663325407 × 10^293 |
| 46 | ov_046 | 1.638890838101901 × 10^293 |
| 47 | ov_047 | 1.2645131853310621 × 10^293 |
| 48 | ov_048 | 9.607588302312223 × 10^292 |
| 49 | ov_049 | 7.180080032232699 × 10^292 |
| 50 | ov_050 | 5.272904700372494 × 10^292 |
| 51 | ov_051 | 3.802807985590553 × 10^292 |
| 52 | ov_052 | 2.6929504802099197 × 10^292 |
| 53 | ov_053 | 1.8728851004336043 × 10^292 |
| 54 | ov_054 | 1.2785418981152243 × 10^292 |
| 55 | ov_055 | 8.522180155901027 × 10^291 |
| 56 | ov_056 | 5.4257130185084345 × 10^291 |
| 57 | ov_057 | 3.255202515536662 × 10^291 |
| 58 | ov_058 | 1.8016111704588575 × 10^291 |
| 59 | ov_059 | 8.876719007741934 × 10^290 |
| 60 | ov_060 | 3.678847611643544 × 10^290 |
| 61 | ov_061 | 1.285157702023481 × 10^290 |
| 62 | ov_062 | 3.525718688413187 × 10^289 |
| 63 | ov_063 | 6.872356034068877 × 10^288 |
| 64 | lv_79_m31 | 1.3392560819499088 × 10^288 |
| 65 | ov_065 | 1.5948874833581337 × 10^289 |
| 66 | ov_066 | 1.5948834307492586 × 10^289 |
| 67 | ov_067 | 1.594882472485738 × 10^289 |
| 68 | ov_068 | 1.3812123192468518 × 10^289 |
| 69 | ov_069 | 1.1898822559740852 × 10^289 |
| 70 | ov_070 | 1.0192386641088455 × 10^289 |
| 71 | ov_071 | 8.677054936156398 × 10^288 |
| 72 | ov_072 | 7.337798853741485 × 10^288 |
| 73 | ov_073 | 6.160287672460328 × 10^288 |
| 74 | ov_074 | 5.130862246760859 × 10^288 |
| 75 | ov_075 | 4.236514572198923 × 10^288 |
| 76 | ov_076 | 3.464871425140133 × 10^288 |
| 77 | ov_077 | 2.8041805714740287 × 10^288 |
| 78 | ov_078 | 2.2432986674089525 × 10^288 |
| 79 | ov_079 | 1.771680567935324 × 10^288 |
| 80 | ov_080 | 1.3793699528726504 × 10^288 |
| 81 | ov_081 | 1.0569911813860933 × 10^288 |
| 82 | ov_082 | 7.957422865679428 × 10^287 |
| 83 | ov_083 | 5.873890221854033 × 10^287 |
| 84 | ov_084 | 4.242598740495254 × 10^287 |
| 85 | ov_085 | 2.9924194870338676 × 10^287 |
| 86 | ov_086 | 2.0577765229242305 × 10^287 |
| 87 | ov_087 | 1.3786207258818068 × 10^287 |
| 88 | ov_088 | 9.004097720453976 × 10^286 |
| 89 | ov_089 | 5.740934108495657 × 10^286 |
| 90 | ov_090 | 3.561031636026418 × 10^286 |
| 91 | ov_091 | 2.083455768663093 × 10^286 |
| 92 | ov_092 | 1.1314203193001972 × 10^286 |
| 93 | ov_093 | 5.554866587609054 × 10^285 |
| 94 | ov_094 | 2.3355652620767546 × 10^285 |
| 95 | aaa_78_28 | 7.086908794541533 × 10^284 |
| 96 | aaa_78_29 | 2.1172974371267226 × 10^284 |
| 97 | ov_097 | 1.1209799161034857 × 10^284 |
| 98 | ov_098 | 1.1209653803025386 × 10^284 |
| 99 | ov_099 | 1.1209607294834079 × 10^284 |
| 100 | ov_100 | 9.175463762617305 × 10^283 |
| 101 | ov_101 | 7.461590354900796 × 10^283 |
| 102 | ov_102 | 6.032506428058239 × 10^283 |
| 103 | ov_103 | 4.8546881165871785 × 10^283 |
| 104 | ov_104 | 3.896424595566992 × 10^283 |
| 105 | ov_105 | 3.127693007527938 × 10^283 |
| 106 | ov_106 | 2.5200503553347326 × 10^283 |
| 107 | ov_107 | 2.0465407502916346 × 10^283 |
| 108 | ov_108 | 1.681616489140636 × 10^283 |
| 109 | ov_109 | 1.4010715155714718 × 10^283 |
| 110 | ov_110 | 1.1819859018260735 × 10^283 |
| 111 | ov_111 | 1.0026800644181234 × 10^283 |
| 112 | ov_112 | 8.426775052840191 × 10^282 |
| 113 | ov_113 | 7.008285333730316 × 10^282 |
| 114 | ov_114 | 5.76001630288937 × 10^282 |
| 115 | ov_115 | 4.670789997400114 × 10^282 |
| 116 | ov_116 | 3.729529473899512 × 10^282 |
| 117 | ov_117 | 2.9252301605891395 × 10^282 |
| 118 | ov_118 | 2.24693801274606 × 10^282 |
| 119 | ov_119 | 1.6837337220637436 × 10^282 |
| 120 | ov_120 | 1.2247217078263566 × 10^282 |
| 121 | ov_121 | 8.590221891615381 × 10^281 |
| 122 | ov_122 | 5.757653475315228 × 10^281 |
| 123 | ov_123 | 3.640872048452907 × 10^281 |
| 124 | ov_124 | 2.1312684258508346 × 10^281 |
| 125 | ov_125 | 1.1202467872474074 × 10^281 |
| 126 | ov_126 | 4.992158861839812 × 10^280 |
| 127 | aaa_77_28 | 1.595856747444786 × 10^280 |
| 128 | aaa_77_29 | 5.992010683336714 × 10^279 |
| 129 | ov_129 | 5.518534858283022 × 10^279 |
| 130 | ov_130 | 5.518518614625583 × 10^279 |
| 131 | ov_131 | 5.518514687631715 × 10^279 |
| 132 | ov_132 | 4.795149306639628 × 10^279 |
| 133 | ov_133 | 4.144165592557286 × 10^279 |
| 134 | ov_134 | 3.5597277308582606 × 10^279 |
| 135 | ov_135 | 3.036311462373029 × 10^279 |
| 136 | ov_136 | 2.571229549271355 × 10^279 |
| 137 | ov_137 | 2.1619341854248933 × 10^279 |
| 138 | ov_138 | 1.8037139188606158 × 10^279 |
| 139 | ov_139 | 1.492097034810676 × 10^279 |
| 140 | ov_140 | 1.222839966292571 × 10^279 |
| 141 | ov_141 | 9.919177208769603 × 10^278 |
| 142 | ov_142 | 7.955160837467522 × 10^278 |
| 143 | ov_143 | 6.300253711117054 × 10^278 |
| 144 | ov_144 | 4.9203552187929714 × 10^278 |
| 145 | ov_145 | 3.7833232923657205 × 10^278 |
| 146 | ov_146 | 2.8589462749901367 × 10^278 |
| 147 | ov_147 | 2.1189226325076944 × 10^278 |
| 148 | ov_148 | 1.5368469344745901 × 10^278 |
| 149 | ov_149 | 1.08820066784888 × 10^278 |
| 150 | ov_150 | 7.503465825834821 × 10^277 |
| 151 | ov_151 | 5.025254045084106 × 10^277 |
| 152 | ov_152 | 3.2585393424653617 × 10^277 |
| 153 | ov_153 | 2.0332385906372333 × 10^277 |
| 154 | ov_154 | 1.1980095623966047 × 10^277 |
| 155 | ov_155 | 6.202457047235384 × 10^276 |
| 156 | aaa_76_25 | 2.3832724266549195 × 10^276 |
| 157 | aaa_76_26 | 1.376249303608589 × 10^276 |
| 158 | aaa_76_27 | 7.044658882284817 × 10^275 |
| 159 | aaa_76_28 | 2.7427330624619876 × 10^275 |
| 160 | aaa_76_29 | 8.340787348282128 × 10^274 |

### Output Bits Sorted by Complexity

| Rank | Output Bit | Complexity |
|:----:|:----------:|:----------:|
| 160 | aaa_76_29 | 8.340787348282128 × 10^274 |
| 159 | aaa_76_28 | 2.7427330624619876 × 10^275 |
| 158 | aaa_76_27 | 7.044658882284817 × 10^275 |
| 157 | aaa_76_26 | 1.376249303608589 × 10^276 |
| 156 | aaa_76_25 | 2.3832724266549195 × 10^276 |
| 155 | ov_155 | 6.202457047235384 × 10^276 |
| 154 | ov_154 | 1.1980095623966047 × 10^277 |
| 153 | ov_153 | 2.0332385906372333 × 10^277 |
| 152 | ov_152 | 3.2585393424653617 × 10^277 |
| 151 | ov_151 | 5.025254045084106 × 10^277 |
| 150 | ov_150 | 7.503465825834821 × 10^277 |
| 149 | ov_149 | 1.08820066784888 × 10^278 |
| 148 | ov_148 | 1.5368469344745901 × 10^278 |
| 147 | ov_147 | 2.1189226325076944 × 10^278 |
| 146 | ov_146 | 2.8589462749901367 × 10^278 |
| 145 | ov_145 | 3.7833232923657205 × 10^278 |
| 144 | ov_144 | 4.9203552187929714 × 10^278 |
| 143 | ov_143 | 6.300253711117054 × 10^278 |
| 142 | ov_142 | 7.955160837467522 × 10^278 |
| 141 | ov_141 | 9.919177208769603 × 10^278 |
| 140 | ov_140 | 1.222839966292571 × 10^279 |
| 139 | ov_139 | 1.492097034810676 × 10^279 |
| 138 | ov_138 | 1.8037139188606158 × 10^279 |
| 137 | ov_137 | 2.1619341854248933 × 10^279 |
| 136 | ov_136 | 2.571229549271355 × 10^279 |
| 135 | ov_135 | 3.036311462373029 × 10^279 |
| 134 | ov_134 | 3.5597277308582606 × 10^279 |
| 133 | ov_133 | 4.144165592557286 × 10^279 |
| 132 | ov_132 | 4.795149306639628 × 10^279 |
| 131 | ov_131 | 5.518514687631715 × 10^279 |
| 130 | ov_130 | 5.518518614625583 × 10^279 |
| 129 | ov_129 | 5.518534858283022 × 10^279 |
| 128 | aaa_77_29 | 5.992010683336714 × 10^279 |
| 127 | aaa_77_28 | 1.595856747444786 × 10^280 |
| 126 | ov_126 | 4.992158861839812 × 10^280 |
| 125 | ov_125 | 1.1202467872474074 × 10^281 |
| 124 | ov_124 | 2.1312684258508346 × 10^281 |
| 123 | ov_123 | 3.640872048452907 × 10^281 |
| 122 | ov_122 | 5.757653475315228 × 10^281 |
| 121 | ov_121 | 8.590221891615381 × 10^281 |
| 120 | ov_120 | 1.2247217078263566 × 10^282 |
| 119 | ov_119 | 1.6837337220637436 × 10^282 |
| 118 | ov_118 | 2.24693801274606 × 10^282 |
| 117 | ov_117 | 2.9252301605891395 × 10^282 |
| 116 | ov_116 | 3.729529473899512 × 10^282 |
| 115 | ov_115 | 4.670789997400114 × 10^282 |
| 114 | ov_114 | 5.76001630288937 × 10^282 |
| 113 | ov_113 | 7.008285333730316 × 10^282 |
| 112 | ov_112 | 8.426775052840191 × 10^282 |
| 111 | ov_111 | 1.0026800644181234 × 10^283 |
| 110 | ov_110 | 1.1819859018260735 × 10^283 |
| 109 | ov_109 | 1.4010715155714718 × 10^283 |
| 108 | ov_108 | 1.681616489140636 × 10^283 |
| 107 | ov_107 | 2.0465407502916346 × 10^283 |
| 106 | ov_106 | 2.5200503553347326 × 10^283 |
| 105 | ov_105 | 3.127693007527938 × 10^283 |
| 104 | ov_104 | 3.896424595566992 × 10^283 |
| 103 | ov_103 | 4.8546881165871785 × 10^283 |
| 102 | ov_102 | 6.032506428058239 × 10^283 |
| 101 | ov_101 | 7.461590354900796 × 10^283 |
| 100 | ov_100 | 9.175463762617305 × 10^283 |
| 99 | ov_099 | 1.1209607294834079 × 10^284 |
| 98 | ov_098 | 1.1209653803025386 × 10^284 |
| 97 | ov_097 | 1.1209799161034857 × 10^284 |
| 96 | aaa_78_29 | 2.1172974371267226 × 10^284 |
| 95 | aaa_78_28 | 7.086908794541533 × 10^284 |
| 94 | ov_094 | 2.3355652620767546 × 10^285 |
| 93 | ov_093 | 5.554866587609054 × 10^285 |
| 92 | ov_092 | 1.1314203193001972 × 10^286 |
| 91 | ov_091 | 2.083455768663093 × 10^286 |
| 90 | ov_090 | 3.561031636026418 × 10^286 |
| 89 | ov_089 | 5.740934108495657 × 10^286 |
| 88 | ov_088 | 9.004097720453976 × 10^286 |
| 87 | ov_087 | 1.3786207258818068 × 10^287 |
| 86 | ov_086 | 2.0577765229242305 × 10^287 |
| 85 | ov_085 | 2.9924194870338676 × 10^287 |
| 84 | ov_084 | 4.242598740495254 × 10^287 |
| 83 | ov_083 | 5.873890221854033 × 10^287 |
| 82 | ov_082 | 7.957422865679428 × 10^287 |
| 81 | ov_081 | 1.0569911813860933 × 10^288 |
| 64 | lv_79_m31 | 1.3392560819499088 × 10^288 |
| 80 | ov_080 | 1.3793699528726504 × 10^288 |
| 79 | ov_079 | 1.771680567935324 × 10^288 |
| 78 | ov_078 | 2.2432986674089525 × 10^288 |
| 77 | ov_077 | 2.8041805714740287 × 10^288 |
| 76 | ov_076 | 3.464871425140133 × 10^288 |
| 75 | ov_075 | 4.236514572198923 × 10^288 |
| 74 | ov_074 | 5.130862246760859 × 10^288 |
| 73 | ov_073 | 6.160287672460328 × 10^288 |
| 63 | ov_063 | 6.872356034068877 × 10^288 |
| 72 | ov_072 | 7.337798853741485 × 10^288 |
| 71 | ov_071 | 8.677054936156398 × 10^288 |
| 70 | ov_070 | 1.0192386641088455 × 10^289 |
| 69 | ov_069 | 1.1898822559740852 × 10^289 |
| 68 | ov_068 | 1.3812123192468518 × 10^289 |
| 67 | ov_067 | 1.594882472485738 × 10^289 |
| 66 | ov_066 | 1.5948834307492586 × 10^289 |
| 65 | ov_065 | 1.5948874833581337 × 10^289 |
| 62 | ov_062 | 3.525718688413187 × 10^289 |
| 61 | ov_061 | 1.285157702023481 × 10^290 |
| 60 | ov_060 | 3.678847611643544 × 10^290 |
| 59 | ov_059 | 8.876719007741934 × 10^290 |
| 58 | ov_058 | 1.8016111704588575 × 10^291 |
| 57 | ov_057 | 3.255202515536662 × 10^291 |
| 56 | ov_056 | 5.4257130185084345 × 10^291 |
| 55 | ov_055 | 8.522180155901027 × 10^291 |
| 54 | ov_054 | 1.2785418981152243 × 10^292 |
| 53 | ov_053 | 1.8728851004336043 × 10^292 |
| 52 | ov_052 | 2.6929504802099197 × 10^292 |
| 51 | ov_051 | 3.802807985590553 × 10^292 |
| 50 | ov_050 | 5.272904700372494 × 10^292 |
| 49 | ov_049 | 7.180080032232699 × 10^292 |
| 48 | ov_048 | 9.607588302312223 × 10^292 |
| 47 | ov_047 | 1.2645131853310621 × 10^293 |
| 32 | lv_80_m31 | 1.5288592215584947 × 10^293 |
| 46 | ov_046 | 1.638890838101901 × 10^293 |
| 45 | ov_045 | 2.094167663325407 × 10^293 |
| 44 | ov_044 | 2.641284506020718 × 10^293 |
| 43 | ov_043 | 3.291858844170155 × 10^293 |
| 42 | ov_042 | 4.05819979602339 × 10^293 |
| 41 | ov_041 | 4.953327063445754 × 10^293 |
| 40 | ov_040 | 5.984304317710171 × 10^293 |
| 39 | ov_039 | 7.165648229068623 × 10^293 |
| 31 | ov_031 | 7.843172092975703 × 10^293 |
| 38 | ov_038 | 8.512673087718312 × 10^293 |
| 37 | ov_037 | 1.004153230937258 × 10^294 |
| 36 | ov_036 | 1.1769267515752791 × 10^294 |
| 35 | ov_035 | 1.3713866057764804 × 10^294 |
| 34 | ov_034 | 1.5894327897435713 × 10^294 |
| 33 | ov_033 | 1.8330742813914282 × 10^294 |
| 30 | ov_030 | 4.022822774241804 × 10^294 |
| 29 | ov_029 | 1.3163791917752125 × 10^295 |
| 28 | ov_028 | 3.417509933236317 × 10^295 |
| 27 | ov_027 | 7.640243561634593 × 10^295 |
| 26 | ov_026 | 1.5281295699077636 × 10^296 |
| 25 | ov_025 | 2.7999532611408136 × 10^296 |
| 24 | ov_024 | 4.947485303413877 × 10^296 |
| 23 | ov_023 | 8.411153354362285 × 10^296 |
| 22 | ov_022 | 1.3703838317771158 × 10^297 |
| 21 | ov_021 | 2.1410907192496792 × 10^297 |
| 20 | ov_020 | 3.219027301717306 × 10^297 |
| 19 | ov_019 | 4.67724928038394 × 10^297 |
| 18 | ov_018 | 6.596091637163017 × 10^297 |
| 17 | ov_017 | 9.063190153327058 × 10^297 |
| 16 | ov_016 | 1.2173511603734347 × 10^298 |
| 15 | ov_015 | 1.6029395675463142 × 10^298 |
| 14 | ov_014 | 2.0740612763777325 × 10^298 |
| 13 | ov_013 | 2.6424442516563714 × 10^298 |
| 12 | ov_012 | 3.3205778508242725 × 10^298 |
| 11 | ov_011 | 4.1217264935062563 × 10^298 |
| 10 | ov_010 | 5.059947173616052 × 10^298 |
| 9 | ov_009 | 6.150111505954417 × 10^298 |
| 8 | ov_008 | 7.407933051021123 × 10^298 |
| 7 | ov_007 | 8.850000714030091 × 10^298 |
| 6 | ov_006 | 1.0493819067011394 × 10^299 |
| 5 | ov_005 | 1.2357856496609888 × 10^299 |
| 4 | ov_004 | 1.4461602134994555 × 10^299 |
| 3 | ov_003 | 1.6825632520565764 × 10^299 |
| 2 | ov_002 | 1.947168885923136 × 10^299 |
| 1 | ov_001 | 2.2422765817014034 × 10^299 |

