# Results for F001-F002-F003-F004-F005-F006-F007-F008-F009-F010-F011-F012-F013-F014-F015-F016-F017-F018-F019-F020-F021-F022-F023-F024-F025-F026-F027-F028-F029-F030-F031-F032-F033-F034-F035-F036-F037-F038-F039-F040-F041-F042-F043-F044-F045-F046-F047-F048-F049-F050-F051-F052-F053-F054-F055-F056-F057-F058-F059-F060-F061-F062-F063-F064-F065-F066-F067-F068-F069-F070-F071-F072-F073-F074-F075-F076-F077-F078-F079-F080-F081-F082-F083-F084-F085-F086-F087-F088-F089-F090-F091-F092-F093-F094-F095-F096-F097-F098-F099-F100-F101-F102-F103-F104-F105-F106-F107-F108-F109-F110-F111-F112-F113-F114-F115-F116-F117-F118-F119-F120-F121-F122-F123-F124-F125-F126-F127-F128-F129-F130-F131-F132-F133-F134-F135-F136-F137-F138-F139-F140-F141-F142-F143-F144-F145-F146-F147-F148-F149-F150-F151-F152-F153-F154-F155-F156-F157-F158-F159-F160-F161-F162-F163-F164-F165-F166-F167-F168-F169-F170-F171-F172-F173-F174-F175-F176-F177-F178-F179-F180-F181-F182-F183-F184-F185-F186-F187-F188-F189-F190-F191-F192-F193-F194-F195-F196-F197-F198-F199-F200-F201-F202-F203-F204-F205-F206-F207-F208-F209-F210-F211-F212-F213-F214-F215-F216-F217-F218-F219-F220-F221-F222-F223-F224-F225-F226-F227-F228-F229-F230-F231-F232-F233-F234-F235-F236-F237-F238-F239-F240-F241-F242-F243-F244-F245-F246-F247-F248-F249-F250-F251-F252-F253-F254-F255-F256-F257-F258-F259-F260-F261-F262-F263-F264-F265-F266-F267-F268-F269-F270-F271-F272-F273-F274-F275-F276-F277-F278-F279-F280-F281-F282-F283-F284-F285-F286-F287-F288-F289-F290-F291-F292-F293-F294-F295-F296-F297-F298-F299-F300-F301-F302-F303-F304-F305-F306-F307-F308-F309-F310-F311-F312-F313-F314-F315-F316-F317-F318-F319-F320-F321-F322-F323-F324-F325-F326-F327-F328-F329-F330-F331-F332-F333-F334-F335-F336-F337-F338-F339-F340-F341-F342-F343-F344-F345-F346-F347-F348-F349-F350-F351-F352-F353-F354-F355-F356-F357-F358-F359-F360-F361-F362-F363-F364-F365-F366-F367-F368-F369-F370-F371-F372-F373-F374-F375-F376-F377-F378-F379-F380-F381-F382-F383-F384-F385-F386-F387-F388-F389-F390-F391-F392-F393-F394-F395-F396-F397-F398-F399-F400-F401-F402-F403-F404-F405-F406-F407-F408-F409-F410-F411-F412-F413-F414-F415-F416-F417-F418-F419-F420-F421-F422-F423-F424-F425-F426-F427-F428-F429-F430-F431-F432-F433-F434-F435-F436-F437-F438-F439-F440-F441-F442-F443-F444-F445-F446-F447-F448-F449-F450-F451-F452-F453-F454-F455-F456-F457-F458-F459-F460-F461-F462-F463-F464-F465-F466-F467-F468-F469-F470-F471-F472-F473-F474-F475-F476-F477-F478-F479-F480-F481-F482-F483-F484-F485-F486-F487-F488-F489-F490-F491-F492-F493-F494-F495-F496-F499-F505-F510-F511-F512

## Summary

Number of input bits: 512  
Number of free input bits: 11  
Number of output bits: 160

Number of direct occurrences: 44744  
Number of assignments: 31137  
Number of operations: 10918618
(xor: 10890585,
and: 14756,
or: 13277)

Total complexity: 1.3133622352534394 × 10^298

Least occurring input variable: iv_504 (3907)  
Most occurring input variable: iv_509 (4216)

Most co-occurring input variables: iv_508-iv_509 (2054)  
Least co-occurring input variables: iv_498-iv_504 (1824)

Potentially most occurring input variable: iv_500/iv_509 (4506)  
Potentially least occurring input variable: iv_501/iv_502 (4106)

Least output occurring input variable: iv_503 (72)  
Most output occurring input variable: iv_497 (93)

Most output co-occurring input variables: iv_498-iv_509 (52)  
Least output co-occurring input variables: iv_500-iv_502 (32)

Potentially most output occurring input variable: iv_500/iv_502 (95)  
Potentially least output occurring input variable: iv_502/iv_508 (65)

Least complex input bit: iv_497 (7.244586907161244 × 10^295)  
Most complex input bit: iv_509 (3.207335147879135 × 10^297)

Least complex output bit: aaa_76_29 (2.3957441009608305 × 10^273)  
Most complex output bit: ov_001 (2.0830936973069987 × 10^297)

Least complex input/output complexity: iv_497/aaa_76_29 (1.321507188257197 × 10^271)  
Most complex input/output complexity: iv_509/ov_001 (5.087080663933482 × 10^296)

## Input Bits

### Input Bits in Regular Order

| Input Bit | Complexity | Occurrences | Output Occurrences |
|:---------:|:----------:|:-----------:|:------------------:|
| iv_497 | 7.244586907161244 × 10^295 | 4134 | 93 |
| iv_498 | 1.4430992494819377 × 10^296 | 3919 | 88 |
| iv_500 | 4.265200488410819 × 10^296 | 4098 | 76 |
| iv_501 | 7.0258400732239745 × 10^296 | 4077 | 83 |
| iv_502 | 1.1353316290171662 × 10^297 | 4103 | 83 |
| iv_503 | 6.686646195718995 × 10^296 | 4085 | 72 |
| iv_504 | 3.395382470191443 × 10^296 | 3907 | 78 |
| iv_506 | 1.1706693688577785 × 10^297 | 3932 | 82 |
| iv_507 | 2.1201060617041058 × 10^297 | 4156 | 76 |
| iv_508 | 3.146117428301894 × 10^297 | 4117 | 74 |
| iv_509 | 3.207335147879135 × 10^297 | 4216 | 87 |

### Input Bits Sorted by Complexity

| Input Bit | Complexity | Occurrences | Output Occurrences |
|:---------:|:----------:|:-----------:|:------------------:|
| iv_497 | 7.244586907161244 × 10^295 | 4134 | 93 |
| iv_498 | 1.4430992494819377 × 10^296 | 3919 | 88 |
| iv_504 | 3.395382470191443 × 10^296 | 3907 | 78 |
| iv_500 | 4.265200488410819 × 10^296 | 4098 | 76 |
| iv_503 | 6.686646195718995 × 10^296 | 4085 | 72 |
| iv_501 | 7.0258400732239745 × 10^296 | 4077 | 83 |
| iv_502 | 1.1353316290171662 × 10^297 | 4103 | 83 |
| iv_506 | 1.1706693688577785 × 10^297 | 3932 | 82 |
| iv_507 | 2.1201060617041058 × 10^297 | 4156 | 76 |
| iv_508 | 3.146117428301894 × 10^297 | 4117 | 74 |
| iv_509 | 3.207335147879135 × 10^297 | 4216 | 87 |

### Input Bits Sorted by Occurrences

| Input Bit | Complexity | Occurrences | Output Occurrences |
|:---------:|:----------:|:-----------:|:------------------:|
| iv_504 | 3.395382470191443 × 10^296 | 3907 | 78 |
| iv_498 | 1.4430992494819377 × 10^296 | 3919 | 88 |
| iv_506 | 1.1706693688577785 × 10^297 | 3932 | 82 |
| iv_501 | 7.0258400732239745 × 10^296 | 4077 | 83 |
| iv_503 | 6.686646195718995 × 10^296 | 4085 | 72 |
| iv_500 | 4.265200488410819 × 10^296 | 4098 | 76 |
| iv_502 | 1.1353316290171662 × 10^297 | 4103 | 83 |
| iv_508 | 3.146117428301894 × 10^297 | 4117 | 74 |
| iv_497 | 7.244586907161244 × 10^295 | 4134 | 93 |
| iv_507 | 2.1201060617041058 × 10^297 | 4156 | 76 |
| iv_509 | 3.207335147879135 × 10^297 | 4216 | 87 |

### Input Bits Sorted by Output Occurrences

| Input Bit | Complexity | Occurrences | Output Occurrences |
|:---------:|:----------:|:-----------:|:------------------:|
| iv_503 | 6.686646195718995 × 10^296 | 4085 | 72 |
| iv_508 | 3.146117428301894 × 10^297 | 4117 | 74 |
| iv_500 | 4.265200488410819 × 10^296 | 4098 | 76 |
| iv_507 | 2.1201060617041058 × 10^297 | 4156 | 76 |
| iv_504 | 3.395382470191443 × 10^296 | 3907 | 78 |
| iv_506 | 1.1706693688577785 × 10^297 | 3932 | 82 |
| iv_501 | 7.0258400732239745 × 10^296 | 4077 | 83 |
| iv_502 | 1.1353316290171662 × 10^297 | 4103 | 83 |
| iv_509 | 3.207335147879135 × 10^297 | 4216 | 87 |
| iv_498 | 1.4430992494819377 × 10^296 | 3919 | 88 |
| iv_497 | 7.244586907161244 × 10^295 | 4134 | 93 |

## Input Bit Co-occurrences

### Input Bit Co-occurrences Sorted by Co-occurrences

| Input Bits | Co-occurrences | Potential Occurrences | Output Co-occurrences | Potential Output Occurrences |
|:----------:|:--------------:|:---------------------:|:---------------------:|:----------------------------:|
| iv_508-iv_509 | 2054 | 4225 | 40 | 81 |
| iv_507-iv_509 | 2043 | 4286 | 44 | 75 |
| iv_501-iv_502 | 2037 | 4106 | 43 | 80 |
| iv_497-iv_507 | 2031 | 4228 | 44 | 81 |
| iv_501-iv_509 | 2015 | 4263 | 49 | 72 |
| iv_497-iv_509 | 2003 | 4344 | 50 | 80 |
| iv_497-iv_502 | 1992 | 4253 | 49 | 78 |
| iv_497-iv_501 | 1988 | 4235 | 48 | 80 |
| iv_502-iv_509 | 1987 | 4345 | 50 | 70 |
| iv_502-iv_507 | 1983 | 4293 | 38 | 83 |
| iv_500-iv_502 | 1978 | 4245 | 32 | 95 |

### Input Bit Co-occurrences Sorted by Potential Occurrences

| Input Bits | Co-occurrences | Potential Occurrences | Output Co-occurrences | Potential Output Occurrences |
|:----------:|:--------------:|:---------------------:|:---------------------:|:----------------------------:|
| iv_501-iv_502 | 2037 | 4106 | 43 | 80 |
| iv_504-iv_506 | 1857 | 4125 | 42 | 76 |
| iv_506-iv_507 | 1968 | 4152 | 39 | 80 |
| iv_498-iv_504 | 1824 | 4178 | 46 | 74 |
| iv_503-iv_506 | 1913 | 4191 | 35 | 84 |
| iv_498-iv_506 | 1829 | 4193 | 41 | 88 |
| iv_497-iv_506 | 1936 | 4194 | 51 | 73 |
| iv_500-iv_504 | 1894 | 4217 | 38 | 78 |
| iv_500-iv_506 | 1906 | 4218 | 36 | 86 |
| iv_497-iv_504 | 1911 | 4219 | 50 | 71 |
| iv_508-iv_509 | 2054 | 4225 | 40 | 81 |

### Input Bit Output Co-occurrences Sorted by Output Co-occurrences

| Input Bits | Co-occurrences | Potential Occurrences | Output Co-occurrences | Potential Output Occurrences |
|:----------:|:--------------:|:---------------------:|:---------------------:|:----------------------------:|
| iv_498-iv_509 | 1868 | 4399 | 52 | 71 |
| iv_497-iv_506 | 1936 | 4194 | 51 | 73 |
| iv_502-iv_509 | 1987 | 4345 | 50 | 70 |
| iv_497-iv_504 | 1911 | 4219 | 50 | 71 |
| iv_497-iv_498 | 1877 | 4299 | 50 | 81 |
| iv_497-iv_509 | 2003 | 4344 | 50 | 80 |
| iv_501-iv_509 | 2015 | 4263 | 49 | 72 |
| iv_497-iv_502 | 1992 | 4253 | 49 | 78 |
| iv_498-iv_501 | 1853 | 4290 | 48 | 75 |
| iv_497-iv_501 | 1988 | 4235 | 48 | 80 |
| iv_498-iv_508 | 1857 | 4322 | 47 | 68 |

### Input Bit Output Co-occurrences Sorted by Potential Output Occurrences

| Input Bits | Co-occurrences | Potential Occurrences | Output Co-occurrences | Potential Output Occurrences |
|:----------:|:--------------:|:---------------------:|:---------------------:|:----------------------------:|
| iv_502-iv_508 | 1968 | 4284 | 46 | 65 |
| iv_501-iv_503 | 1937 | 4288 | 44 | 67 |
| iv_498-iv_508 | 1857 | 4322 | 47 | 68 |
| iv_502-iv_509 | 1987 | 4345 | 50 | 70 |
| iv_501-iv_508 | 1924 | 4346 | 43 | 71 |
| iv_497-iv_504 | 1911 | 4219 | 50 | 71 |
| iv_498-iv_509 | 1868 | 4399 | 52 | 71 |
| iv_501-iv_509 | 2015 | 4263 | 49 | 72 |
| iv_504-iv_508 | 1896 | 4232 | 40 | 72 |
| iv_497-iv_506 | 1936 | 4194 | 51 | 73 |
| iv_503-iv_509 | 1970 | 4361 | 43 | 73 |

## Output Bits

### Output Bits in Regular Order

| Rank | Output Bit | Complexity |
|:----:|:----------:|:----------:|
| 1 | ov_001 | 2.0830936973069987 × 10^297 |
| 2 | ov_002 | 1.8088928847153085 × 10^297 |
| 3 | ov_003 | 1.5630462135981476 × 10^297 |
| 4 | ov_004 | 1.343413448243197 × 10^297 |
| 5 | ov_005 | 1.1479713158040116 × 10^297 |
| 6 | ov_006 | 9.748052544907126 × 10^296 |
| 7 | ov_007 | 8.221022277078035 × 10^296 |
| 8 | ov_008 | 6.8814451204448056 × 10^296 |
| 9 | ov_009 | 5.7130437295521636 × 10^296 |
| 10 | ov_010 | 4.70039540033765 × 10^296 |
| 11 | ov_011 | 3.828894038802148 × 10^296 |
| 12 | ov_012 | 3.084718619854748 × 10^296 |
| 13 | ov_013 | 2.4548073521914237 × 10^296 |
| 14 | ov_014 | 1.9268367616497352 × 10^296 |
| 15 | ov_015 | 1.4892049572310524 × 10^296 |
| 16 | ov_016 | 1.1310184316945983 × 10^296 |
| 17 | ov_017 | 8.420818724323923 × 10^295 |
| 18 | ov_018 | 6.128905090651378 × 10^295 |
| 19 | ov_019 | 4.3462450192844516 × 10^295 |
| 20 | ov_020 | 2.991448896619989 × 10^295 |
| 21 | ov_021 | 1.9899068517739902 × 10^295 |
| 22 | ov_022 | 1.2737681849359479 × 10^295 |
| 23 | ov_023 | 7.819272468366753 × 10^294 |
| 24 | ov_024 | 4.60014241470963 × 10^294 |
| 25 | ov_025 | 2.6038967572674463 × 10^294 |
| 26 | ov_026 | 1.4214137941604669 × 10^294 |
| 27 | ov_027 | 7.1083136789399544 × 10^293 |
| 28 | ov_028 | 3.1803229631565533 × 10^293 |
| 29 | ov_029 | 1.2252578796071689 × 10^293 |
| 30 | ov_030 | 3.744704047721957 × 10^292 |
| 31 | ov_031 | 7.300189256455373 × 10^291 |
| 32 | lv_80_m31 | 1.4225595078565898 × 10^291 |
| 33 | ov_033 | 1.7095526293405687 × 10^292 |
| 34 | ov_034 | 1.4838555816341447 × 10^292 |
| 35 | ov_035 | 1.281676209065461 × 10^292 |
| 36 | ov_036 | 1.1010283541140456 × 10^292 |
| 37 | ov_037 | 9.400332316580249 × 10^291 |
| 38 | ov_038 | 7.977772808604203 × 10^291 |
| 39 | ov_039 | 6.725748102475749 × 10^291 |
| 40 | ov_040 | 5.6282778741327484 × 10^291 |
| 41 | ov_041 | 4.6702104734660196 × 10^291 |
| 42 | ov_042 | 3.837182408129985 × 10^291 |
| 43 | ov_043 | 3.122204343109636 × 10^291 |
| 44 | ov_044 | 2.5123931327314264 × 10^291 |
| 45 | ov_045 | 1.995568752477167 × 10^291 |
| 46 | ov_046 | 1.565814393416388 × 10^291 |
| 47 | ov_047 | 1.2123044376284335 × 10^291 |
| 48 | ov_048 | 9.24871630988098 × 10^290 |
| 49 | ov_049 | 6.9399833113783575 × 10^290 |
| 50 | ov_050 | 5.108099933132703 × 10^290 |
| 51 | ov_051 | 3.670704512100147 × 10^290 |
| 52 | ov_052 | 2.5882072541589475 × 10^290 |
| 53 | ov_053 | 1.790924688333649 × 10^290 |
| 54 | ov_054 | 1.2154854500345067 × 10^290 |
| 55 | ov_055 | 8.04819879047812 × 10^289 |
| 56 | ov_056 | 5.081533182498625 × 10^289 |
| 57 | ov_057 | 3.0167154697025354 × 10^289 |
| 58 | ov_058 | 1.6470506638221047 × 10^289 |
| 59 | ov_059 | 7.972830604394656 × 10^288 |
| 60 | ov_060 | 3.235925570402943 × 10^288 |
| 61 | ov_061 | 1.1359329551946873 × 10^288 |
| 62 | ov_062 | 3.4689988298727517 × 10^287 |
| 63 | ov_063 | 6.758067660567986 × 10^286 |
| 64 | lv_79_m31 | 1.3162800397766016 × 10^286 |
| 65 | ov_065 | 1.5703176082550881 × 10^287 |
| 66 | ov_066 | 1.5703127201776666 × 10^287 |
| 67 | ov_067 | 1.5703115238351982 × 10^287 |
| 68 | ov_068 | 1.357796347244694 × 10^287 |
| 69 | ov_069 | 1.168168085145306 × 10^287 |
| 70 | ov_070 | 9.995753214831677 × 10^286 |
| 71 | ov_071 | 8.502805717878095 × 10^286 |
| 72 | ov_072 | 7.186525676530905 × 10^286 |
| 73 | ov_073 | 6.031592230098938 × 10^286 |
| 74 | ov_074 | 5.023612461953229 × 10^286 |
| 75 | ov_075 | 4.14906363199352 × 10^286 |
| 76 | ov_076 | 3.395241185988386 × 10^286 |
| 77 | ov_077 | 2.750212216021049 × 10^286 |
| 78 | ov_078 | 2.202774053545742 × 10^286 |
| 79 | ov_079 | 1.7424176822474932 × 10^286 |
| 80 | ov_080 | 1.3592956622565175 × 10^286 |
| 81 | ov_081 | 1.0441942605318234 × 10^286 |
| 82 | ov_082 | 7.885094846116305 × 10^285 |
| 83 | ov_083 | 5.842267186248136 × 10^285 |
| 84 | ov_084 | 4.2390366164001434 × 10^285 |
| 85 | ov_085 | 3.006562692405168 × 10^285 |
| 86 | ov_086 | 2.0814739976077685 × 10^285 |
| 87 | ov_087 | 1.405778669789982 × 10^285 |
| 88 | ov_088 | 9.26796012829165 × 10^284 |
| 89 | ov_089 | 5.971062145459437 × 10^284 |
| 90 | ov_090 | 3.745151928751802 × 10^284 |
| 91 | ov_091 | 2.2203159281194347 × 10^284 |
| 92 | ov_092 | 1.2245820961519831 × 10^284 |
| 93 | ov_093 | 6.118981541813692 × 10^283 |
| 94 | ov_094 | 2.6210716814476256 × 10^283 |
| 95 | aaa_78_28 | 8.093757331845184 × 10^282 |
| 96 | aaa_78_29 | 2.4856968887787747 × 10^282 |
| 97 | ov_097 | 1.64160148618737 × 10^282 |
| 98 | ov_098 | 1.641552309322422 × 10^282 |
| 99 | ov_099 | 1.6415366012426803 × 10^282 |
| 100 | ov_100 | 1.477193144711637 × 10^282 |
| 101 | ov_101 | 1.3249789263070395 × 10^282 |
| 102 | ov_102 | 1.1842280127216559 × 10^282 |
| 103 | ov_103 | 1.054323011579385 × 10^282 |
| 104 | ov_104 | 9.346887646118263 × 10^281 |
| 105 | ov_105 | 8.247866147239723 × 10^281 |
| 106 | ov_106 | 7.241092174382515 × 10^281 |
| 107 | ov_107 | 6.3217586823803544 × 10^281 |
| 108 | ov_108 | 5.485283181567346 × 10^281 |
| 109 | ov_109 | 4.727270506070171 × 10^281 |
| 110 | ov_110 | 4.0434799294324726 × 10^281 |
| 111 | ov_111 | 3.4297963662458446 × 10^281 |
| 112 | ov_112 | 2.88220540119818 × 10^281 |
| 113 | ov_113 | 2.3967718888837 × 10^281 |
| 114 | ov_114 | 1.969621869021376 × 10^281 |
| 115 | ov_115 | 1.596927542552162 × 10^281 |
| 116 | ov_116 | 1.2748950545765185 × 10^281 |
| 117 | ov_117 | 9.997548303814766 × 10^280 |
| 118 | ov_118 | 7.677542109828701 × 10^280 |
| 119 | ov_119 | 5.751521347231951 × 10^280 |
| 120 | ov_120 | 4.182154349600971 × 10^280 |
| 121 | ov_121 | 2.9321617900568253 × 10^280 |
| 122 | ov_122 | 1.9642971340664264 × 10^280 |
| 123 | ov_123 | 1.2413328891404267 × 10^280 |
| 124 | ov_124 | 7.260513849534244 × 10^279 |
| 125 | ov_125 | 3.812391257679257 × 10^279 |
| 126 | ov_126 | 1.696839915324239 × 10^279 |
| 127 | aaa_77_28 | 5.417422453176577 × 10^278 |
| 128 | aaa_77_29 | 2.0304206123907536 × 10^278 |
| 129 | ov_129 | 1.876495911578286 × 10^278 |
| 130 | ov_130 | 1.876490440084297 × 10^278 |
| 131 | ov_131 | 1.876489118032103 × 10^278 |
| 132 | ov_132 | 1.626303945695106 × 10^278 |
| 133 | ov_133 | 1.4022455459095558 × 10^278 |
| 134 | ov_134 | 1.2023449913430148 × 10^278 |
| 135 | ov_135 | 1.0247379367374455 × 10^278 |
| 136 | ov_136 | 8.676571393062844 × 10^277 |
| 137 | ov_137 | 7.2942604059412885 × 10^277 |
| 138 | ov_138 | 6.084533061621524 × 10^277 |
| 139 | ov_139 | 5.032282247210072 × 10^277 |
| 140 | ov_140 | 4.123168734449404 × 10^277 |
| 141 | ov_141 | 3.3435896120022988 × 10^277 |
| 142 | ov_142 | 2.680652663357701 × 10^277 |
| 143 | ov_143 | 2.1221559053637282 × 10^277 |
| 144 | ov_144 | 1.6565715504831424 × 10^277 |
| 145 | ov_145 | 1.2730337036610958 × 10^277 |
| 146 | ov_146 | 9.613291522997049 × 10^276 |
| 147 | ov_147 | 7.118906553194607 × 10^276 |
| 148 | ov_148 | 5.15792212940739 × 10^276 |
| 149 | ov_149 | 3.6474590266342186 × 10^276 |
| 150 | ov_150 | 2.5109991423856795 × 10^276 |
| 151 | ov_151 | 1.6783740722440563 × 10^276 |
| 152 | ov_152 | 1.0857585017301709 × 10^276 |
| 153 | ov_153 | 6.756660756306102 × 10^275 |
| 154 | ov_154 | 3.969466279737841 × 10^275 |
| 155 | ov_155 | 2.0478436446990836 × 10^275 |
| 156 | aaa_76_25 | 7.83548358735467 × 10^274 |
| 157 | aaa_76_26 | 4.477189297824033 × 10^274 |
| 158 | aaa_76_27 | 2.2514523432648476 × 10^274 |
| 159 | aaa_76_28 | 8.416567784281595 × 10^273 |
| 160 | aaa_76_29 | 2.3957441009608305 × 10^273 |

### Output Bits Sorted by Complexity

| Rank | Output Bit | Complexity |
|:----:|:----------:|:----------:|
| 160 | aaa_76_29 | 2.3957441009608305 × 10^273 |
| 159 | aaa_76_28 | 8.416567784281595 × 10^273 |
| 158 | aaa_76_27 | 2.2514523432648476 × 10^274 |
| 157 | aaa_76_26 | 4.477189297824033 × 10^274 |
| 156 | aaa_76_25 | 7.83548358735467 × 10^274 |
| 155 | ov_155 | 2.0478436446990836 × 10^275 |
| 154 | ov_154 | 3.969466279737841 × 10^275 |
| 153 | ov_153 | 6.756660756306102 × 10^275 |
| 152 | ov_152 | 1.0857585017301709 × 10^276 |
| 151 | ov_151 | 1.6783740722440563 × 10^276 |
| 150 | ov_150 | 2.5109991423856795 × 10^276 |
| 149 | ov_149 | 3.6474590266342186 × 10^276 |
| 148 | ov_148 | 5.15792212940739 × 10^276 |
| 147 | ov_147 | 7.118906553194607 × 10^276 |
| 146 | ov_146 | 9.613291522997049 × 10^276 |
| 145 | ov_145 | 1.2730337036610958 × 10^277 |
| 144 | ov_144 | 1.6565715504831424 × 10^277 |
| 143 | ov_143 | 2.1221559053637282 × 10^277 |
| 142 | ov_142 | 2.680652663357701 × 10^277 |
| 141 | ov_141 | 3.3435896120022988 × 10^277 |
| 140 | ov_140 | 4.123168734449404 × 10^277 |
| 139 | ov_139 | 5.032282247210072 × 10^277 |
| 138 | ov_138 | 6.084533061621524 × 10^277 |
| 137 | ov_137 | 7.2942604059412885 × 10^277 |
| 136 | ov_136 | 8.676571393062844 × 10^277 |
| 135 | ov_135 | 1.0247379367374455 × 10^278 |
| 134 | ov_134 | 1.2023449913430148 × 10^278 |
| 133 | ov_133 | 1.4022455459095558 × 10^278 |
| 132 | ov_132 | 1.626303945695106 × 10^278 |
| 131 | ov_131 | 1.876489118032103 × 10^278 |
| 130 | ov_130 | 1.876490440084297 × 10^278 |
| 129 | ov_129 | 1.876495911578286 × 10^278 |
| 128 | aaa_77_29 | 2.0304206123907536 × 10^278 |
| 127 | aaa_77_28 | 5.417422453176577 × 10^278 |
| 126 | ov_126 | 1.696839915324239 × 10^279 |
| 125 | ov_125 | 3.812391257679257 × 10^279 |
| 124 | ov_124 | 7.260513849534244 × 10^279 |
| 123 | ov_123 | 1.2413328891404267 × 10^280 |
| 122 | ov_122 | 1.9642971340664264 × 10^280 |
| 121 | ov_121 | 2.9321617900568253 × 10^280 |
| 120 | ov_120 | 4.182154349600971 × 10^280 |
| 119 | ov_119 | 5.751521347231951 × 10^280 |
| 118 | ov_118 | 7.677542109828701 × 10^280 |
| 117 | ov_117 | 9.997548303814766 × 10^280 |
| 116 | ov_116 | 1.2748950545765185 × 10^281 |
| 115 | ov_115 | 1.596927542552162 × 10^281 |
| 114 | ov_114 | 1.969621869021376 × 10^281 |
| 113 | ov_113 | 2.3967718888837 × 10^281 |
| 112 | ov_112 | 2.88220540119818 × 10^281 |
| 111 | ov_111 | 3.4297963662458446 × 10^281 |
| 110 | ov_110 | 4.0434799294324726 × 10^281 |
| 109 | ov_109 | 4.727270506070171 × 10^281 |
| 108 | ov_108 | 5.485283181567346 × 10^281 |
| 107 | ov_107 | 6.3217586823803544 × 10^281 |
| 106 | ov_106 | 7.241092174382515 × 10^281 |
| 105 | ov_105 | 8.247866147239723 × 10^281 |
| 104 | ov_104 | 9.346887646118263 × 10^281 |
| 103 | ov_103 | 1.054323011579385 × 10^282 |
| 102 | ov_102 | 1.1842280127216559 × 10^282 |
| 101 | ov_101 | 1.3249789263070395 × 10^282 |
| 100 | ov_100 | 1.477193144711637 × 10^282 |
| 99 | ov_099 | 1.6415366012426803 × 10^282 |
| 98 | ov_098 | 1.641552309322422 × 10^282 |
| 97 | ov_097 | 1.64160148618737 × 10^282 |
| 96 | aaa_78_29 | 2.4856968887787747 × 10^282 |
| 95 | aaa_78_28 | 8.093757331845184 × 10^282 |
| 94 | ov_094 | 2.6210716814476256 × 10^283 |
| 93 | ov_093 | 6.118981541813692 × 10^283 |
| 92 | ov_092 | 1.2245820961519831 × 10^284 |
| 91 | ov_091 | 2.2203159281194347 × 10^284 |
| 90 | ov_090 | 3.745151928751802 × 10^284 |
| 89 | ov_089 | 5.971062145459437 × 10^284 |
| 88 | ov_088 | 9.26796012829165 × 10^284 |
| 87 | ov_087 | 1.405778669789982 × 10^285 |
| 86 | ov_086 | 2.0814739976077685 × 10^285 |
| 85 | ov_085 | 3.006562692405168 × 10^285 |
| 84 | ov_084 | 4.2390366164001434 × 10^285 |
| 83 | ov_083 | 5.842267186248136 × 10^285 |
| 82 | ov_082 | 7.885094846116305 × 10^285 |
| 81 | ov_081 | 1.0441942605318234 × 10^286 |
| 64 | lv_79_m31 | 1.3162800397766016 × 10^286 |
| 80 | ov_080 | 1.3592956622565175 × 10^286 |
| 79 | ov_079 | 1.7424176822474932 × 10^286 |
| 78 | ov_078 | 2.202774053545742 × 10^286 |
| 77 | ov_077 | 2.750212216021049 × 10^286 |
| 76 | ov_076 | 3.395241185988386 × 10^286 |
| 75 | ov_075 | 4.14906363199352 × 10^286 |
| 74 | ov_074 | 5.023612461953229 × 10^286 |
| 73 | ov_073 | 6.031592230098938 × 10^286 |
| 63 | ov_063 | 6.758067660567986 × 10^286 |
| 72 | ov_072 | 7.186525676530905 × 10^286 |
| 71 | ov_071 | 8.502805717878095 × 10^286 |
| 70 | ov_070 | 9.995753214831677 × 10^286 |
| 69 | ov_069 | 1.168168085145306 × 10^287 |
| 68 | ov_068 | 1.357796347244694 × 10^287 |
| 67 | ov_067 | 1.5703115238351982 × 10^287 |
| 66 | ov_066 | 1.5703127201776666 × 10^287 |
| 65 | ov_065 | 1.5703176082550881 × 10^287 |
| 62 | ov_062 | 3.4689988298727517 × 10^287 |
| 61 | ov_061 | 1.1359329551946873 × 10^288 |
| 60 | ov_060 | 3.235925570402943 × 10^288 |
| 59 | ov_059 | 7.972830604394656 × 10^288 |
| 58 | ov_058 | 1.6470506638221047 × 10^289 |
| 57 | ov_057 | 3.0167154697025354 × 10^289 |
| 56 | ov_056 | 5.081533182498625 × 10^289 |
| 55 | ov_055 | 8.04819879047812 × 10^289 |
| 54 | ov_054 | 1.2154854500345067 × 10^290 |
| 53 | ov_053 | 1.790924688333649 × 10^290 |
| 52 | ov_052 | 2.5882072541589475 × 10^290 |
| 51 | ov_051 | 3.670704512100147 × 10^290 |
| 50 | ov_050 | 5.108099933132703 × 10^290 |
| 49 | ov_049 | 6.9399833113783575 × 10^290 |
| 48 | ov_048 | 9.24871630988098 × 10^290 |
| 47 | ov_047 | 1.2123044376284335 × 10^291 |
| 32 | lv_80_m31 | 1.4225595078565898 × 10^291 |
| 46 | ov_046 | 1.565814393416388 × 10^291 |
| 45 | ov_045 | 1.995568752477167 × 10^291 |
| 44 | ov_044 | 2.5123931327314264 × 10^291 |
| 43 | ov_043 | 3.122204343109636 × 10^291 |
| 42 | ov_042 | 3.837182408129985 × 10^291 |
| 41 | ov_041 | 4.6702104734660196 × 10^291 |
| 40 | ov_040 | 5.6282778741327484 × 10^291 |
| 39 | ov_039 | 6.725748102475749 × 10^291 |
| 31 | ov_031 | 7.300189256455373 × 10^291 |
| 38 | ov_038 | 7.977772808604203 × 10^291 |
| 37 | ov_037 | 9.400332316580249 × 10^291 |
| 36 | ov_036 | 1.1010283541140456 × 10^292 |
| 35 | ov_035 | 1.281676209065461 × 10^292 |
| 34 | ov_034 | 1.4838555816341447 × 10^292 |
| 33 | ov_033 | 1.7095526293405687 × 10^292 |
| 30 | ov_030 | 3.744704047721957 × 10^292 |
| 29 | ov_029 | 1.2252578796071689 × 10^293 |
| 28 | ov_028 | 3.1803229631565533 × 10^293 |
| 27 | ov_027 | 7.1083136789399544 × 10^293 |
| 26 | ov_026 | 1.4214137941604669 × 10^294 |
| 25 | ov_025 | 2.6038967572674463 × 10^294 |
| 24 | ov_024 | 4.60014241470963 × 10^294 |
| 23 | ov_023 | 7.819272468366753 × 10^294 |
| 22 | ov_022 | 1.2737681849359479 × 10^295 |
| 21 | ov_021 | 1.9899068517739902 × 10^295 |
| 20 | ov_020 | 2.991448896619989 × 10^295 |
| 19 | ov_019 | 4.3462450192844516 × 10^295 |
| 18 | ov_018 | 6.128905090651378 × 10^295 |
| 17 | ov_017 | 8.420818724323923 × 10^295 |
| 16 | ov_016 | 1.1310184316945983 × 10^296 |
| 15 | ov_015 | 1.4892049572310524 × 10^296 |
| 14 | ov_014 | 1.9268367616497352 × 10^296 |
| 13 | ov_013 | 2.4548073521914237 × 10^296 |
| 12 | ov_012 | 3.084718619854748 × 10^296 |
| 11 | ov_011 | 3.828894038802148 × 10^296 |
| 10 | ov_010 | 4.70039540033765 × 10^296 |
| 9 | ov_009 | 5.7130437295521636 × 10^296 |
| 8 | ov_008 | 6.8814451204448056 × 10^296 |
| 7 | ov_007 | 8.221022277078035 × 10^296 |
| 6 | ov_006 | 9.748052544907126 × 10^296 |
| 5 | ov_005 | 1.1479713158040116 × 10^297 |
| 4 | ov_004 | 1.343413448243197 × 10^297 |
| 3 | ov_003 | 1.5630462135981476 × 10^297 |
| 2 | ov_002 | 1.8088928847153085 × 10^297 |
| 1 | ov_001 | 2.0830936973069987 × 10^297 |

