# Results for F001-F002-F003-F004-F005-F006-F007-F008-F009-F010-F011-F012-F013-F014-F015-F016-F017-F018-F019-F020-F021-F022-F023-F024-F025-F026-F027-F028-F029-F030-F031-F032-F033-F034-F035-F036-F037-F038-F039-F040-F041-F042-F043-F044-F045-F046-F047-F048-F049-F050-F051-F052-F053-F054-F055-F056-F057-F058-F059-F060-F061-F062-F063-F064-F065-F066-F067-F068-F069-F070-F071-F072-F073-F074-F075-F076-F077-F078-F079-F080-F081-F082-F083-F084-F085-F086-F087-F088-F089-F090-F091-F092-F093-F094-F095-F096-F097-F098-F099-F100-F101-F102-F103-F104-F105-F106-F107-F108-F109-F110-F111-F112-F113-F114-F115-F116-F117-F118-F119-F120-F121-F122-F123-F124-F125-F126-F127-F128-F129-F130-F131-F132-F133-F134-F135-F136-F137-F138-F139-F140-F141-F142-F143-F144-F145-F146-F147-F148-F149-F150-F151-F152-F153-F154-F155-F156-F157-F158-F159-F160-F161-F162-F163-F164-F165-F166-F167-F168-F169-F170-F171-F172-F173-F174-F175-F176-F177-F178-F179-F180-F181-F182-F183-F184-F185-F186-F187-F188-F189-F190-F191-F192-F193-F194-F195-F196-F197-F198-F199-F200-F201-F202-F203-F204-F205-F206-F207-F208-F209-F210-F211-F212-F213-F214-F215-F216-F217-F218-F219-F220-F221-F222-F223-F224-F225-F226-F227-F228-F229-F230-F231-F232-F233-F234-F235-F236-F237-F238-F239-F240-F241-F242-F243-F244-F245-F246-F247-F248-F249-F250-F251-F252-F253-F254-F255-F256-F257-F258-F259-F260-F261-F262-F263-F264-F265-F266-F267-F268-F269-F270-F271-F272-F273-F274-F275-F276-F277-F278-F279-F280-F281-F282-F283-F284-F285-F286-F287-F288-F289-F290-F291-F292-F293-F294-F295-F296-F297-F298-F299-F300-F301-F302-F303-F304-F305-F306-F307-F308-F309-F310-F311-F312-F313-F314-F315-F316-F317-F318-F319-F320-F321-F322-F323-F324-F325-F326-F327-F328-F329-F330-F331-F332-F333-F334-F335-F336-F337-F338-F339-F340-F341-F342-F343-F344-F345-F346-F347-F348-F349-F350-F351-F352-F353-F354-F355-F356-F357-F358-F359-F360-F361-F362-F363-F364-F365-F366-F367-F368-F369-F370-F371-F372-F373-F374-F375-F376-F377-F378-F379-F380-F381-F382-F383-F384-F385-F386-F387-F388-F389-F390-F391-F392-F393-F394-F395-F396-F397-F398-F399-F400-F401-F402-F403-F404-F405-F406-F407-F408-F409-F410-F411-F412-F413-F414-F415-F416-F417-F418-F419-F420-F421-F422-F423-F424-F425-F426-F427-F428-F429-F430-F431-F432-F433-F434-F435-F436-F437-F438-F439-F440-F441-F442-F443-F444-F445-F446-F447-F448-F449-F450-F451-F452-F453-F454-F455-F456-F457-F458-F459-F460-F461-F462-F463-F464-F465-F466-F467-F468-F469-F470-F471-F472-F473-F474-F475-F476-F477-F478-F479-F480-F481-F482-F483-F484-F485-F486-F487-F488-F489-F490-F491-F492-F493-F494-F495-F496-F497-F498-F499-F500-F510

## Summary

Number of input bits: 512  
Number of free input bits: 11  
Number of output bits: 160

Number of direct occurrences: 44758  
Number of assignments: 31283  
Number of operations: 11155360
(xor: 11126339,
and: 15743,
or: 13278)

Total complexity: 1.6900703427988204 × 10^300

Least occurring input variable: iv_502 (3899)  
Most occurring input variable: iv_512 (4376)

Most co-occurring input variables: iv_511-iv_512 (2145)  
Least co-occurring input variables: iv_502-iv_503 (1775)

Potentially most occurring input variable: iv_506/iv_512 (4484)  
Potentially least occurring input variable: iv_506/iv_509 (4146)

Least output occurring input variable: iv_508 (70)  
Most output occurring input variable: iv_506 (82)

Most output co-occurring input variables: iv_505-iv_507 (47)  
Least output co-occurring input variables: iv_502-iv_508 (30)

Potentially most output occurring input variable: iv_501/iv_502 (93)  
Potentially least output occurring input variable: iv_505/iv_507 (61)

Least complex input bit: iv_501 (2.33924331397016 × 10^298)  
Most complex input bit: iv_512 (3.5294258877152805 × 10^299)

Least complex output bit: aaa_76_29 (2.106084150531545 × 10^275)  
Most complex output bit: ov_001 (2.6587552758956165 × 10^299)

Least complex input/output complexity: iv_501/aaa_76_29 (2.915052198141489 × 10^273)  
Most complex input/output complexity: iv_512/ov_001 (5.552360432705727 × 10^298)

## Input Bits

### Input Bits in Regular Order

| Input Bit | Complexity | Occurrences | Output Occurrences |
|:---------:|:----------:|:-----------:|:------------------:|
| iv_501 | 2.33924331397016 × 10^298 | 4084 | 79 |
| iv_502 | 4.255521533716215 × 10^298 | 3899 | 82 |
| iv_503 | 7.173360859900793 × 10^298 | 4030 | 74 |
| iv_504 | 1.1520065301405011 × 10^299 | 3925 | 78 |
| iv_505 | 1.7868624658328859 × 10^299 | 4114 | 79 |
| iv_506 | 9.095027323099038 × 10^298 | 3956 | 82 |
| iv_507 | 1.2825669864293112 × 10^299 | 4174 | 76 |
| iv_508 | 1.6836789158280056 × 10^299 | 3993 | 70 |
| iv_509 | 2.117469779792153 × 10^299 | 4000 | 78 |
| iv_511 | 3.0623775591814514 × 10^299 | 4207 | 80 |
| iv_512 | 3.5294258877152805 × 10^299 | 4376 | 80 |

### Input Bits Sorted by Complexity

| Input Bit | Complexity | Occurrences | Output Occurrences |
|:---------:|:----------:|:-----------:|:------------------:|
| iv_501 | 2.33924331397016 × 10^298 | 4084 | 79 |
| iv_502 | 4.255521533716215 × 10^298 | 3899 | 82 |
| iv_503 | 7.173360859900793 × 10^298 | 4030 | 74 |
| iv_506 | 9.095027323099038 × 10^298 | 3956 | 82 |
| iv_504 | 1.1520065301405011 × 10^299 | 3925 | 78 |
| iv_507 | 1.2825669864293112 × 10^299 | 4174 | 76 |
| iv_508 | 1.6836789158280056 × 10^299 | 3993 | 70 |
| iv_505 | 1.7868624658328859 × 10^299 | 4114 | 79 |
| iv_509 | 2.117469779792153 × 10^299 | 4000 | 78 |
| iv_511 | 3.0623775591814514 × 10^299 | 4207 | 80 |
| iv_512 | 3.5294258877152805 × 10^299 | 4376 | 80 |

### Input Bits Sorted by Occurrences

| Input Bit | Complexity | Occurrences | Output Occurrences |
|:---------:|:----------:|:-----------:|:------------------:|
| iv_502 | 4.255521533716215 × 10^298 | 3899 | 82 |
| iv_504 | 1.1520065301405011 × 10^299 | 3925 | 78 |
| iv_506 | 9.095027323099038 × 10^298 | 3956 | 82 |
| iv_508 | 1.6836789158280056 × 10^299 | 3993 | 70 |
| iv_509 | 2.117469779792153 × 10^299 | 4000 | 78 |
| iv_503 | 7.173360859900793 × 10^298 | 4030 | 74 |
| iv_501 | 2.33924331397016 × 10^298 | 4084 | 79 |
| iv_505 | 1.7868624658328859 × 10^299 | 4114 | 79 |
| iv_507 | 1.2825669864293112 × 10^299 | 4174 | 76 |
| iv_511 | 3.0623775591814514 × 10^299 | 4207 | 80 |
| iv_512 | 3.5294258877152805 × 10^299 | 4376 | 80 |

### Input Bits Sorted by Output Occurrences

| Input Bit | Complexity | Occurrences | Output Occurrences |
|:---------:|:----------:|:-----------:|:------------------:|
| iv_508 | 1.6836789158280056 × 10^299 | 3993 | 70 |
| iv_503 | 7.173360859900793 × 10^298 | 4030 | 74 |
| iv_507 | 1.2825669864293112 × 10^299 | 4174 | 76 |
| iv_504 | 1.1520065301405011 × 10^299 | 3925 | 78 |
| iv_509 | 2.117469779792153 × 10^299 | 4000 | 78 |
| iv_501 | 2.33924331397016 × 10^298 | 4084 | 79 |
| iv_505 | 1.7868624658328859 × 10^299 | 4114 | 79 |
| iv_511 | 3.0623775591814514 × 10^299 | 4207 | 80 |
| iv_512 | 3.5294258877152805 × 10^299 | 4376 | 80 |
| iv_502 | 4.255521533716215 × 10^298 | 3899 | 82 |
| iv_506 | 9.095027323099038 × 10^298 | 3956 | 82 |

## Input Bit Co-occurrences

### Input Bit Co-occurrences Sorted by Co-occurrences

| Input Bits | Co-occurrences | Potential Occurrences | Output Co-occurrences | Potential Output Occurrences |
|:----------:|:--------------:|:---------------------:|:---------------------:|:----------------------------:|
| iv_511-iv_512 | 2145 | 4293 | 43 | 74 |
| iv_507-iv_512 | 2101 | 4348 | 42 | 72 |
| iv_501-iv_512 | 2070 | 4320 | 37 | 85 |
| iv_505-iv_512 | 2058 | 4374 | 40 | 79 |
| iv_501-iv_511 | 2052 | 4187 | 41 | 77 |
| iv_503-iv_512 | 2040 | 4326 | 34 | 86 |
| iv_508-iv_512 | 2025 | 4319 | 32 | 86 |
| iv_505-iv_511 | 2010 | 4301 | 40 | 79 |
| iv_507-iv_511 | 2008 | 4365 | 39 | 78 |
| iv_503-iv_511 | 2005 | 4227 | 37 | 80 |
| iv_509-iv_512 | 2000 | 4376 | 37 | 84 |

### Input Bit Co-occurrences Sorted by Potential Occurrences

| Input Bits | Co-occurrences | Potential Occurrences | Output Co-occurrences | Potential Output Occurrences |
|:----------:|:--------------:|:---------------------:|:---------------------:|:----------------------------:|
| iv_506-iv_509 | 1905 | 4146 | 43 | 74 |
| iv_502-iv_505 | 1931 | 4151 | 43 | 75 |
| iv_506-iv_507 | 1989 | 4152 | 39 | 80 |
| iv_504-iv_506 | 1864 | 4153 | 42 | 76 |
| iv_508-iv_509 | 1918 | 4157 | 35 | 78 |
| iv_506-iv_508 | 1893 | 4163 | 37 | 78 |
| iv_503-iv_506 | 1910 | 4166 | 38 | 80 |
| iv_507-iv_508 | 1997 | 4173 | 31 | 84 |
| iv_505-iv_508 | 1963 | 4181 | 36 | 77 |
| iv_501-iv_511 | 2052 | 4187 | 41 | 77 |
| iv_501-iv_508 | 1944 | 4189 | 34 | 81 |

### Input Bit Output Co-occurrences Sorted by Output Co-occurrences

| Input Bits | Co-occurrences | Potential Occurrences | Output Co-occurrences | Potential Output Occurrences |
|:----------:|:--------------:|:---------------------:|:---------------------:|:----------------------------:|
| iv_505-iv_507 | 1941 | 4406 | 47 | 61 |
| iv_502-iv_511 | 1913 | 4280 | 45 | 72 |
| iv_502-iv_506 | 1810 | 4235 | 44 | 76 |
| iv_507-iv_509 | 1967 | 4240 | 44 | 66 |
| iv_502-iv_505 | 1931 | 4151 | 43 | 75 |
| iv_511-iv_512 | 2145 | 4293 | 43 | 74 |
| iv_506-iv_509 | 1905 | 4146 | 43 | 74 |
| iv_502-iv_504 | 1796 | 4232 | 42 | 76 |
| iv_505-iv_509 | 1919 | 4276 | 42 | 73 |
| iv_502-iv_507 | 1890 | 4293 | 42 | 74 |
| iv_504-iv_506 | 1864 | 4153 | 42 | 76 |

### Input Bit Output Co-occurrences Sorted by Potential Output Occurrences

| Input Bits | Co-occurrences | Potential Occurrences | Output Co-occurrences | Potential Output Occurrences |
|:----------:|:--------------:|:---------------------:|:---------------------:|:----------------------------:|
| iv_505-iv_507 | 1941 | 4406 | 47 | 61 |
| iv_507-iv_509 | 1967 | 4240 | 44 | 66 |
| iv_503-iv_504 | 1850 | 4255 | 41 | 70 |
| iv_502-iv_511 | 1913 | 4280 | 45 | 72 |
| iv_507-iv_512 | 2101 | 4348 | 42 | 72 |
| iv_505-iv_509 | 1919 | 4276 | 42 | 73 |
| iv_504-iv_508 | 1858 | 4202 | 37 | 74 |
| iv_502-iv_507 | 1890 | 4293 | 42 | 74 |
| iv_511-iv_512 | 2145 | 4293 | 43 | 74 |
| iv_506-iv_509 | 1905 | 4146 | 43 | 74 |
| iv_501-iv_509 | 1933 | 4218 | 41 | 75 |

## Output Bits

### Output Bits in Regular Order

| Rank | Output Bit | Complexity |
|:----:|:----------:|:----------:|
| 1 | ov_001 | 2.6587552758956165 × 10^299 |
| 2 | ov_002 | 2.312794130641452 × 10^299 |
| 3 | ov_003 | 2.0011866659076876 × 10^299 |
| 4 | ov_004 | 1.7225513138677292 × 10^299 |
| 5 | ov_005 | 1.474350094059149 × 10^299 |
| 6 | ov_006 | 1.254182846620133 × 10^299 |
| 7 | ov_007 | 1.05977809789458 × 10^299 |
| 8 | ov_008 | 8.889851114929215 × 10^298 |
| 9 | ov_009 | 7.397670206682355 × 10^298 |
| 10 | ov_010 | 6.101949355183175 × 10^298 |
| 11 | ov_011 | 4.984429370638978 × 10^298 |
| 12 | ov_012 | 4.027838894858155 × 10^298 |
| 13 | ov_013 | 3.21585994727277 × 10^298 |
| 14 | ov_014 | 2.533100005468284 × 10^298 |
| 15 | ov_015 | 1.9650697300413777 × 10^298 |
| 16 | ov_016 | 1.498165505490198 × 10^298 |
| 17 | ov_017 | 1.1196560303515544 × 10^298 |
| 18 | ov_018 | 8.176722510618485 × 10^297 |
| 19 | ov_019 | 5.811999951256936 × 10^297 |
| 20 | ov_020 | 4.000747201926904 × 10^297 |
| 21 | ov_021 | 2.649778816444576 × 10^297 |
| 22 | ov_022 | 1.674345323039249 × 10^297 |
| 23 | ov_023 | 9.981182880477617 × 10^296 |
| 24 | ov_024 | 5.531814362088175 × 10^296 |
| 25 | ov_025 | 2.800255466857269 × 10^296 |
| 26 | ov_026 | 1.2754570919811924 × 10^296 |
| 27 | ov_027 | 5.304000083573381 × 10^295 |
| 28 | ov_028 | 2.220893095634443 × 10^295 |
| 29 | ov_029 | 9.155247561972465 × 10^294 |
| 30 | ov_030 | 3.030873399857111 × 10^294 |
| 31 | ov_031 | 7.34428175604253 × 10^293 |
| 32 | lv_80_k31 | 1.779188540423649 × 10^293 |
| 33 | ov_033 | 2.164035788966038 × 10^294 |
| 34 | ov_034 | 1.8817161133539813 × 10^294 |
| 35 | ov_035 | 1.6289693387774983 × 10^294 |
| 36 | ov_036 | 1.4033953062882618 × 10^294 |
| 37 | ov_037 | 1.2027236928530425 × 10^294 |
| 38 | ov_038 | 1.0248048387963303 × 10^294 |
| 39 | ov_039 | 8.676018073555035 × 10^293 |
| 40 | ov_040 | 7.2918355788807885 × 10^293 |
| 41 | ov_041 | 6.077191214998917 × 10^293 |
| 42 | ov_042 | 5.014726747165041 × 10^293 |
| 43 | ov_043 | 4.095995293347824 × 10^293 |
| 44 | ov_044 | 3.3054248286381406 × 10^293 |
| 45 | ov_045 | 2.628291398697233 × 10^293 |
| 46 | ov_046 | 2.0574419141732766 × 10^293 |
| 47 | ov_047 | 1.5861310647523408 × 10^293 |
| 48 | ov_048 | 1.2020620750481226 × 10^293 |
| 49 | ov_049 | 8.937216026598842 × 10^292 |
| 50 | ov_050 | 6.503720543470202 × 10^292 |
| 51 | ov_051 | 4.620461514104169 × 10^292 |
| 52 | ov_052 | 3.1954326337889856 × 10^292 |
| 53 | ov_053 | 2.144270795004556 × 10^292 |
| 54 | ov_054 | 1.3902423765233792 × 10^292 |
| 55 | ov_055 | 8.642358021445062 × 10^291 |
| 56 | ov_056 | 5.0475767592698866 × 10^291 |
| 57 | ov_057 | 2.8296551255655754 × 10^291 |
| 58 | ov_058 | 1.5259689408375776 × 10^291 |
| 59 | ov_059 | 7.500364564418662 × 10^290 |
| 60 | ov_060 | 3.276518685490579 × 10^290 |
| 61 | ov_061 | 1.2267862720728851 × 10^290 |
| 62 | ov_062 | 3.7049150477623977 × 10^289 |
| 63 | ov_063 | 8.192780424117232 × 10^288 |
| 64 | lv_79_m31 | 1.5958898381187792 × 10^288 |
| 65 | ov_065 | 1.899732154804469 × 10^289 |
| 66 | ov_066 | 1.8997277210138833 × 10^289 |
| 67 | ov_067 | 1.8997262841449106 × 10^289 |
| 68 | ov_068 | 1.6425292968023468 × 10^289 |
| 69 | ov_069 | 1.4129354441052652 × 10^289 |
| 70 | ov_070 | 1.2087209215409292 × 10^289 |
| 71 | ov_071 | 1.027798814918801 × 10^289 |
| 72 | ov_072 | 8.682098309180275 × 10^288 |
| 73 | ov_073 | 7.281138456762879 × 10^288 |
| 74 | ov_074 | 6.057822283494524 × 10^288 |
| 75 | ov_075 | 4.9959089822294917 × 10^288 |
| 76 | ov_076 | 4.080140753084636 × 10^288 |
| 77 | ov_077 | 3.296186854513906 × 10^288 |
| 78 | ov_078 | 2.6305938184062695 × 10^288 |
| 79 | ov_079 | 2.0707414548566458 × 10^288 |
| 80 | ov_080 | 1.6048042773693415 × 10^288 |
| 81 | ov_081 | 1.221717983019299 × 10^288 |
| 82 | ov_082 | 9.11150624773744 × 10^287 |
| 83 | ov_083 | 6.634781149970226 × 10^287 |
| 84 | ov_084 | 4.6976370033181805 × 10^287 |
| 85 | ov_085 | 3.217410488537564 × 10^287 |
| 86 | ov_086 | 2.1180059079139746 × 10^287 |
| 87 | ov_087 | 1.32978754316029 × 10^287 |
| 88 | ov_088 | 7.89497380218697 × 10^286 |
| 89 | ov_089 | 4.4019461784200115 × 10^286 |
| 90 | ov_090 | 2.3121337721949827 × 10^286 |
| 91 | ov_091 | 1.1813503013398273 × 10^286 |
| 92 | ov_092 | 6.277159337739795 × 10^285 |
| 93 | ov_093 | 3.3156814765883735 × 10^285 |
| 94 | ov_094 | 1.4862266590163316 × 10^285 |
| 95 | aaa_78_28 | 4.780133129663312 × 10^284 |
| 96 | aaa_78_29 | 1.8111602085409726 × 10^284 |
| 97 | ov_097 | 1.9723387152973153 × 10^284 |
| 98 | ov_098 | 1.9722795695819607 × 10^284 |
| 99 | ov_099 | 1.972260678172181 × 10^284 |
| 100 | ov_100 | 1.774956361543372 × 10^284 |
| 101 | ov_101 | 1.5921969637122914 × 10^284 |
| 102 | ov_102 | 1.4231844606086167 × 10^284 |
| 103 | ov_103 | 1.2671791969972383 × 10^284 |
| 104 | ov_104 | 1.123492299572158 × 10^284 |
| 105 | ov_105 | 9.914787804141061 × 10^283 |
| 106 | ov_106 | 8.705312941356078 × 10^283 |
| 107 | ov_107 | 7.600745135112427 × 10^283 |
| 108 | ov_108 | 6.595600896016246 × 10^283 |
| 109 | ov_109 | 5.684621633609732 × 10^283 |
| 110 | ov_110 | 4.862733965001743 × 10^283 |
| 111 | ov_111 | 4.1250148998725346 × 10^283 |
| 112 | ov_112 | 3.4666615903336425 × 10^283 |
| 113 | ov_113 | 2.882965337599638 × 10^283 |
| 114 | ov_114 | 2.3692895499344016 × 10^283 |
| 115 | ov_115 | 1.9210513480732208 × 10^283 |
| 116 | ov_116 | 1.5337065154751943 × 10^283 |
| 117 | ov_117 | 1.202737491486889 × 10^283 |
| 118 | ov_118 | 9.23644105929744 × 10^282 |
| 119 | ov_119 | 6.919367538624805 × 10^282 |
| 120 | ov_120 | 5.0313170939227413 × 10^282 |
| 121 | ov_121 | 3.527482774686004 × 10^282 |
| 122 | ov_122 | 2.3630734694930055 × 10^282 |
| 123 | ov_123 | 1.4933071214767054 × 10^282 |
| 124 | ov_124 | 8.734067811226373 × 10^281 |
| 125 | ov_125 | 4.5859801840137674 × 10^281 |
| 126 | ov_126 | 2.0410743583173058 × 10^281 |
| 127 | aaa_77_28 | 6.516196552893236 × 10^280 |
| 128 | aaa_77_29 | 2.4421169708040266 × 10^280 |
| 129 | ov_129 | 2.250124862721048 × 10^280 |
| 130 | ov_130 | 2.2501197437325333 × 10^280 |
| 131 | ov_131 | 2.250118101332766 × 10^280 |
| 132 | ov_132 | 1.948980474726822 × 10^280 |
| 133 | ov_133 | 1.679367520872912 × 10^280 |
| 134 | ov_134 | 1.4388799267258384 × 10^280 |
| 135 | ov_135 | 1.2252509688161336 × 10^280 |
| 136 | ov_136 | 1.0363368710052644 × 10^280 |
| 137 | ov_137 | 8.701084248998534 × 10^279 |
| 138 | ov_138 | 7.246437636424157 × 10^279 |
| 139 | ov_139 | 5.981221782169535 × 10^279 |
| 140 | ov_140 | 4.888188713209585 × 10^279 |
| 141 | ov_141 | 3.951005496022214 × 10^279 |
| 142 | ov_142 | 3.154217606752223 × 10^279 |
| 143 | ov_143 | 2.4832188684792304 × 10^279 |
| 144 | ov_144 | 1.9242271293069616 × 10^279 |
| 145 | ov_145 | 1.464264908854905 × 10^279 |
| 146 | ov_146 | 1.0911442942152071 × 10^279 |
| 147 | ov_147 | 7.934554196628957 × 10^278 |
| 148 | ov_148 | 5.605579174677868 × 10^278 |
| 149 | ov_149 | 3.8257478011576044 × 10^278 |
| 150 | ov_150 | 2.5038812714734984 × 10^278 |
| 151 | ov_151 | 1.5563642268814718 × 10^278 |
| 152 | ov_152 | 9.071274259237715 × 10^277 |
| 153 | ov_153 | 4.87637581177117 × 10^277 |
| 154 | ov_154 | 2.36891862009538 × 10^277 |
| 155 | ov_155 | 1.0141516905751855 × 10^277 |
| 156 | aaa_76_25 | 3.525886022994984 × 10^276 |
| 157 | aaa_76_26 | 2.1691472096451803 × 10^276 |
| 158 | aaa_76_27 | 1.1886736673280846 × 10^276 |
| 159 | aaa_76_28 | 5.597760634808493 × 10^275 |
| 160 | aaa_76_29 | 2.106084150531545 × 10^275 |

### Output Bits Sorted by Complexity

| Rank | Output Bit | Complexity |
|:----:|:----------:|:----------:|
| 160 | aaa_76_29 | 2.106084150531545 × 10^275 |
| 159 | aaa_76_28 | 5.597760634808493 × 10^275 |
| 158 | aaa_76_27 | 1.1886736673280846 × 10^276 |
| 157 | aaa_76_26 | 2.1691472096451803 × 10^276 |
| 156 | aaa_76_25 | 3.525886022994984 × 10^276 |
| 155 | ov_155 | 1.0141516905751855 × 10^277 |
| 154 | ov_154 | 2.36891862009538 × 10^277 |
| 153 | ov_153 | 4.87637581177117 × 10^277 |
| 152 | ov_152 | 9.071274259237715 × 10^277 |
| 151 | ov_151 | 1.5563642268814718 × 10^278 |
| 150 | ov_150 | 2.5038812714734984 × 10^278 |
| 149 | ov_149 | 3.8257478011576044 × 10^278 |
| 148 | ov_148 | 5.605579174677868 × 10^278 |
| 147 | ov_147 | 7.934554196628957 × 10^278 |
| 146 | ov_146 | 1.0911442942152071 × 10^279 |
| 145 | ov_145 | 1.464264908854905 × 10^279 |
| 144 | ov_144 | 1.9242271293069616 × 10^279 |
| 143 | ov_143 | 2.4832188684792304 × 10^279 |
| 142 | ov_142 | 3.154217606752223 × 10^279 |
| 141 | ov_141 | 3.951005496022214 × 10^279 |
| 140 | ov_140 | 4.888188713209585 × 10^279 |
| 139 | ov_139 | 5.981221782169535 × 10^279 |
| 138 | ov_138 | 7.246437636424157 × 10^279 |
| 137 | ov_137 | 8.701084248998534 × 10^279 |
| 136 | ov_136 | 1.0363368710052644 × 10^280 |
| 135 | ov_135 | 1.2252509688161336 × 10^280 |
| 134 | ov_134 | 1.4388799267258384 × 10^280 |
| 133 | ov_133 | 1.679367520872912 × 10^280 |
| 132 | ov_132 | 1.948980474726822 × 10^280 |
| 131 | ov_131 | 2.250118101332766 × 10^280 |
| 130 | ov_130 | 2.2501197437325333 × 10^280 |
| 129 | ov_129 | 2.250124862721048 × 10^280 |
| 128 | aaa_77_29 | 2.4421169708040266 × 10^280 |
| 127 | aaa_77_28 | 6.516196552893236 × 10^280 |
| 126 | ov_126 | 2.0410743583173058 × 10^281 |
| 125 | ov_125 | 4.5859801840137674 × 10^281 |
| 124 | ov_124 | 8.734067811226373 × 10^281 |
| 123 | ov_123 | 1.4933071214767054 × 10^282 |
| 122 | ov_122 | 2.3630734694930055 × 10^282 |
| 121 | ov_121 | 3.527482774686004 × 10^282 |
| 120 | ov_120 | 5.0313170939227413 × 10^282 |
| 119 | ov_119 | 6.919367538624805 × 10^282 |
| 118 | ov_118 | 9.23644105929744 × 10^282 |
| 117 | ov_117 | 1.202737491486889 × 10^283 |
| 116 | ov_116 | 1.5337065154751943 × 10^283 |
| 115 | ov_115 | 1.9210513480732208 × 10^283 |
| 114 | ov_114 | 2.3692895499344016 × 10^283 |
| 113 | ov_113 | 2.882965337599638 × 10^283 |
| 112 | ov_112 | 3.4666615903336425 × 10^283 |
| 111 | ov_111 | 4.1250148998725346 × 10^283 |
| 110 | ov_110 | 4.862733965001743 × 10^283 |
| 109 | ov_109 | 5.684621633609732 × 10^283 |
| 108 | ov_108 | 6.595600896016246 × 10^283 |
| 107 | ov_107 | 7.600745135112427 × 10^283 |
| 106 | ov_106 | 8.705312941356078 × 10^283 |
| 105 | ov_105 | 9.914787804141061 × 10^283 |
| 104 | ov_104 | 1.123492299572158 × 10^284 |
| 103 | ov_103 | 1.2671791969972383 × 10^284 |
| 102 | ov_102 | 1.4231844606086167 × 10^284 |
| 101 | ov_101 | 1.5921969637122914 × 10^284 |
| 100 | ov_100 | 1.774956361543372 × 10^284 |
| 96 | aaa_78_29 | 1.8111602085409726 × 10^284 |
| 99 | ov_099 | 1.972260678172181 × 10^284 |
| 98 | ov_098 | 1.9722795695819607 × 10^284 |
| 97 | ov_097 | 1.9723387152973153 × 10^284 |
| 95 | aaa_78_28 | 4.780133129663312 × 10^284 |
| 94 | ov_094 | 1.4862266590163316 × 10^285 |
| 93 | ov_093 | 3.3156814765883735 × 10^285 |
| 92 | ov_092 | 6.277159337739795 × 10^285 |
| 91 | ov_091 | 1.1813503013398273 × 10^286 |
| 90 | ov_090 | 2.3121337721949827 × 10^286 |
| 89 | ov_089 | 4.4019461784200115 × 10^286 |
| 88 | ov_088 | 7.89497380218697 × 10^286 |
| 87 | ov_087 | 1.32978754316029 × 10^287 |
| 86 | ov_086 | 2.1180059079139746 × 10^287 |
| 85 | ov_085 | 3.217410488537564 × 10^287 |
| 84 | ov_084 | 4.6976370033181805 × 10^287 |
| 83 | ov_083 | 6.634781149970226 × 10^287 |
| 82 | ov_082 | 9.11150624773744 × 10^287 |
| 81 | ov_081 | 1.221717983019299 × 10^288 |
| 64 | lv_79_m31 | 1.5958898381187792 × 10^288 |
| 80 | ov_080 | 1.6048042773693415 × 10^288 |
| 79 | ov_079 | 2.0707414548566458 × 10^288 |
| 78 | ov_078 | 2.6305938184062695 × 10^288 |
| 77 | ov_077 | 3.296186854513906 × 10^288 |
| 76 | ov_076 | 4.080140753084636 × 10^288 |
| 75 | ov_075 | 4.9959089822294917 × 10^288 |
| 74 | ov_074 | 6.057822283494524 × 10^288 |
| 73 | ov_073 | 7.281138456762879 × 10^288 |
| 63 | ov_063 | 8.192780424117232 × 10^288 |
| 72 | ov_072 | 8.682098309180275 × 10^288 |
| 71 | ov_071 | 1.027798814918801 × 10^289 |
| 70 | ov_070 | 1.2087209215409292 × 10^289 |
| 69 | ov_069 | 1.4129354441052652 × 10^289 |
| 68 | ov_068 | 1.6425292968023468 × 10^289 |
| 67 | ov_067 | 1.8997262841449106 × 10^289 |
| 66 | ov_066 | 1.8997277210138833 × 10^289 |
| 65 | ov_065 | 1.899732154804469 × 10^289 |
| 62 | ov_062 | 3.7049150477623977 × 10^289 |
| 61 | ov_061 | 1.2267862720728851 × 10^290 |
| 60 | ov_060 | 3.276518685490579 × 10^290 |
| 59 | ov_059 | 7.500364564418662 × 10^290 |
| 58 | ov_058 | 1.5259689408375776 × 10^291 |
| 57 | ov_057 | 2.8296551255655754 × 10^291 |
| 56 | ov_056 | 5.0475767592698866 × 10^291 |
| 55 | ov_055 | 8.642358021445062 × 10^291 |
| 54 | ov_054 | 1.3902423765233792 × 10^292 |
| 53 | ov_053 | 2.144270795004556 × 10^292 |
| 52 | ov_052 | 3.1954326337889856 × 10^292 |
| 51 | ov_051 | 4.620461514104169 × 10^292 |
| 50 | ov_050 | 6.503720543470202 × 10^292 |
| 49 | ov_049 | 8.937216026598842 × 10^292 |
| 48 | ov_048 | 1.2020620750481226 × 10^293 |
| 47 | ov_047 | 1.5861310647523408 × 10^293 |
| 32 | lv_80_k31 | 1.779188540423649 × 10^293 |
| 46 | ov_046 | 2.0574419141732766 × 10^293 |
| 45 | ov_045 | 2.628291398697233 × 10^293 |
| 44 | ov_044 | 3.3054248286381406 × 10^293 |
| 43 | ov_043 | 4.095995293347824 × 10^293 |
| 42 | ov_042 | 5.014726747165041 × 10^293 |
| 41 | ov_041 | 6.077191214998917 × 10^293 |
| 40 | ov_040 | 7.2918355788807885 × 10^293 |
| 31 | ov_031 | 7.34428175604253 × 10^293 |
| 39 | ov_039 | 8.676018073555035 × 10^293 |
| 38 | ov_038 | 1.0248048387963303 × 10^294 |
| 37 | ov_037 | 1.2027236928530425 × 10^294 |
| 36 | ov_036 | 1.4033953062882618 × 10^294 |
| 35 | ov_035 | 1.6289693387774983 × 10^294 |
| 34 | ov_034 | 1.8817161133539813 × 10^294 |
| 33 | ov_033 | 2.164035788966038 × 10^294 |
| 30 | ov_030 | 3.030873399857111 × 10^294 |
| 29 | ov_029 | 9.155247561972465 × 10^294 |
| 28 | ov_028 | 2.220893095634443 × 10^295 |
| 27 | ov_027 | 5.304000083573381 × 10^295 |
| 26 | ov_026 | 1.2754570919811924 × 10^296 |
| 25 | ov_025 | 2.800255466857269 × 10^296 |
| 24 | ov_024 | 5.531814362088175 × 10^296 |
| 23 | ov_023 | 9.981182880477617 × 10^296 |
| 22 | ov_022 | 1.674345323039249 × 10^297 |
| 21 | ov_021 | 2.649778816444576 × 10^297 |
| 20 | ov_020 | 4.000747201926904 × 10^297 |
| 19 | ov_019 | 5.811999951256936 × 10^297 |
| 18 | ov_018 | 8.176722510618485 × 10^297 |
| 17 | ov_017 | 1.1196560303515544 × 10^298 |
| 16 | ov_016 | 1.498165505490198 × 10^298 |
| 15 | ov_015 | 1.9650697300413777 × 10^298 |
| 14 | ov_014 | 2.533100005468284 × 10^298 |
| 13 | ov_013 | 3.21585994727277 × 10^298 |
| 12 | ov_012 | 4.027838894858155 × 10^298 |
| 11 | ov_011 | 4.984429370638978 × 10^298 |
| 10 | ov_010 | 6.101949355183175 × 10^298 |
| 9 | ov_009 | 7.397670206682355 × 10^298 |
| 8 | ov_008 | 8.889851114929215 × 10^298 |
| 7 | ov_007 | 1.05977809789458 × 10^299 |
| 6 | ov_006 | 1.254182846620133 × 10^299 |
| 5 | ov_005 | 1.474350094059149 × 10^299 |
| 4 | ov_004 | 1.7225513138677292 × 10^299 |
| 3 | ov_003 | 2.0011866659076876 × 10^299 |
| 2 | ov_002 | 2.312794130641452 × 10^299 |
| 1 | ov_001 | 2.6587552758956165 × 10^299 |

