# Results for F001-F002-F003-F004-F005-F006-F007-F008-F009-F010-F011-F012-F013-F014-F015-F016-F017-F018-F019-F020-F021-F022-F023-F024-F025-F026-F027-F028-F029-F030-F031-F032-F033-F034-F035-F036-F037-F038-F039-F040-F041-F042-F043-F044-F045-F046-F047-F048-F049-F050-F051-F052-F053-F054-F055-F056-F057-F058-F059-F060-F061-F062-F063-F064-F065-F066-F067-F068-F069-F070-F071-F072-F073-F074-F075-F076-F077-F078-F079-F080-F081-F082-F083-F084-F085-F086-F087-F088-F089-F090-F091-F092-F093-F094-F095-F096-F097-F098-F099-F100-F101-F102-F103-F104-F105-F106-F107-F108-F109-F110-F111-F112-F113-F114-F115-F116-F117-F118-F119-F120-F121-F122-F123-F124-F125-F126-F127-F128-F129-F130-F131-F132-F133-F134-F135-F136-F137-F138-F139-F140-F141-F142-F143-F144-F145-F146-F147-F148-F149-F150-F151-F152-F153-F154-F155-F156-F157-F158-F159-F160-F161-F162-F163-F164-F165-F166-F167-F168-F169-F170-F171-F172-F173-F174-F175-F176-F177-F178-F179-F180-F181-F182-F183-F184-F185-F186-F187-F188-F189-F190-F191-F192-F193-F194-F195-F196-F197-F198-F199-F200-F201-F202-F203-F204-F205-F206-F207-F208-F209-F210-F211-F212-F213-F214-F215-F216-F217-F218-F219-F220-F221-F222-F223-F224-F225-F226-F227-F228-F229-F230-F231-F232-F233-F234-F235-F236-F237-F238-F239-F240-F241-F242-F243-F244-F245-F246-F247-F248-F249-F250-F251-F252-F253-F254-F255-F256-F257-F258-F259-F260-F261-F262-F263-F264-F265-F266-F267-F268-F269-F270-F271-F272-F273-F274-F275-F276-F277-F278-F279-F280-F281-F282-F283-F284-F285-F286-F287-F288-F289-F290-F291-F292-F293-F294-F295-F296-F297-F298-F299-F300-F301-F302-F303-F304-F305-F306-F307-F308-F309-F310-F311-F312-F313-F314-F315-F316-F317-F318-F319-F320-F321-F322-F323-F324-F325-F326-F327-F328-F329-F330-F331-F332-F333-F334-F335-F336-F337-F338-F339-F340-F341-F342-F343-F344-F345-F346-F347-F348-F349-F350-F351-F352-F353-F354-F355-F356-F357-F358-F359-F360-F361-F362-F363-F364-F365-F366-F367-F368-F369-F370-F371-F372-F373-F374-F375-F376-F377-F378-F379-F380-F381-F382-F383-F384-F385-F386-F387-F388-F389-F390-F391-F392-F393-F394-F395-F396-F397-F398-F399-F400-F401-F402-F403-F404-F405-F406-F407-F408-F409-F410-F411-F412-F413-F414-F415-F416-F417-F418-F419-F420-F421-F422-F423-F424-F425-F426-F427-F428-F429-F430-F431-F432-F433-F434-F435-F436-F437-F438-F439-F440-F441-F442-F443-F444-F445-F446-F447-F448-F449-F450-F451-F452-F453-F454-F455-F456-F457-F458-F459-F460-F461-F462-F463-F464-F465-F466-F467-F468-F469-F470-F471-F472-F473-F474-F475-F476-F477-F478-F479-F480-F481-F482-F483-F484-F485-F486-F487-F488-F489-F490-F491-F492-F493-F494-F495-F496-O499505-O508509-F510-F511-F512

## Summary

Number of input bits: 512  
Number of free input bits: 11  
Number of output bits: 160

Number of direct occurrences: 45372  
Number of assignments: 31594  
Number of operations: 11412915
(xor: 11384210,
and: 15275,
or: 13430)

Total complexity: 3.737368412951202 × 10^303

Least occurring input variable: iv_502 (3932)  
Most occurring input variable: iv_499 (4398)

Most co-occurring input variables: iv_499-iv_506 (2115)  
Least co-occurring input variables: iv_502-iv_503 (1770)

Potentially most occurring input variable: iv_499/iv_508 (4706)  
Potentially least occurring input variable: iv_502/iv_506 (4188)

Least output occurring input variable: iv_508 (73)  
Most output occurring input variable: iv_500 (91)

Most output co-occurring input variables: iv_501-iv_502 (51)  
Least output co-occurring input variables: iv_504-iv_508 (29)

Potentially most output occurring input variable: iv_504/iv_508 (100)  
Potentially least output occurring input variable: iv_499/iv_508 (67)

Least complex input bit: iv_497 (1.664124222523099 × 10^301)  
Most complex input bit: iv_499 (1.048362910103092 × 10^303)

Least complex output bit: aaa_76_29 (1.1071614964696006 × 10^278)  
Most complex output bit: ov_001 (5.976554761973808 × 10^302)

Least complex input/output complexity: iv_497/aaa_76_29 (4.9298170823493906 × 10^275)  
Most complex input/output complexity: iv_499/ov_001 (1.6764732962747293 × 10^302)

## Input Bits

### Input Bits in Regular Order

| Input Bit | Complexity | Occurrences | Output Occurrences |
|:---------:|:----------:|:-----------:|:------------------:|
| iv_497 | 1.664124222523099 × 10^301 | 4105 | 80 |
| iv_498 | 3.314917941914048 × 10^301 | 3950 | 85 |
| iv_499 | 1.048362910103092 × 10^303 | 4398 | 84 |
| iv_500 | 9.799184212071752 × 10^301 | 4051 | 91 |
| iv_501 | 1.6142402320098177 × 10^302 | 4114 | 86 |
| iv_502 | 2.6088270169471313 × 10^302 | 3932 | 88 |
| iv_503 | 4.145823200207022 × 10^302 | 4035 | 78 |
| iv_504 | 6.46359822842122 × 10^302 | 4029 | 85 |
| iv_506 | 5.009806326411516 × 10^302 | 4174 | 86 |
| iv_507 | 5.39005472130905 × 10^302 | 4316 | 83 |
| iv_508 | 1.7988266552443832 × 10^301 | 4268 | 73 |

### Input Bits Sorted by Complexity

| Input Bit | Complexity | Occurrences | Output Occurrences |
|:---------:|:----------:|:-----------:|:------------------:|
| iv_497 | 1.664124222523099 × 10^301 | 4105 | 80 |
| iv_508 | 1.7988266552443832 × 10^301 | 4268 | 73 |
| iv_498 | 3.314917941914048 × 10^301 | 3950 | 85 |
| iv_500 | 9.799184212071752 × 10^301 | 4051 | 91 |
| iv_501 | 1.6142402320098177 × 10^302 | 4114 | 86 |
| iv_502 | 2.6088270169471313 × 10^302 | 3932 | 88 |
| iv_503 | 4.145823200207022 × 10^302 | 4035 | 78 |
| iv_506 | 5.009806326411516 × 10^302 | 4174 | 86 |
| iv_507 | 5.39005472130905 × 10^302 | 4316 | 83 |
| iv_504 | 6.46359822842122 × 10^302 | 4029 | 85 |
| iv_499 | 1.048362910103092 × 10^303 | 4398 | 84 |

### Input Bits Sorted by Occurrences

| Input Bit | Complexity | Occurrences | Output Occurrences |
|:---------:|:----------:|:-----------:|:------------------:|
| iv_502 | 2.6088270169471313 × 10^302 | 3932 | 88 |
| iv_498 | 3.314917941914048 × 10^301 | 3950 | 85 |
| iv_504 | 6.46359822842122 × 10^302 | 4029 | 85 |
| iv_503 | 4.145823200207022 × 10^302 | 4035 | 78 |
| iv_500 | 9.799184212071752 × 10^301 | 4051 | 91 |
| iv_497 | 1.664124222523099 × 10^301 | 4105 | 80 |
| iv_501 | 1.6142402320098177 × 10^302 | 4114 | 86 |
| iv_506 | 5.009806326411516 × 10^302 | 4174 | 86 |
| iv_508 | 1.7988266552443832 × 10^301 | 4268 | 73 |
| iv_507 | 5.39005472130905 × 10^302 | 4316 | 83 |
| iv_499 | 1.048362910103092 × 10^303 | 4398 | 84 |

### Input Bits Sorted by Output Occurrences

| Input Bit | Complexity | Occurrences | Output Occurrences |
|:---------:|:----------:|:-----------:|:------------------:|
| iv_508 | 1.7988266552443832 × 10^301 | 4268 | 73 |
| iv_503 | 4.145823200207022 × 10^302 | 4035 | 78 |
| iv_497 | 1.664124222523099 × 10^301 | 4105 | 80 |
| iv_507 | 5.39005472130905 × 10^302 | 4316 | 83 |
| iv_499 | 1.048362910103092 × 10^303 | 4398 | 84 |
| iv_498 | 3.314917941914048 × 10^301 | 3950 | 85 |
| iv_504 | 6.46359822842122 × 10^302 | 4029 | 85 |
| iv_506 | 5.009806326411516 × 10^302 | 4174 | 86 |
| iv_501 | 1.6142402320098177 × 10^302 | 4114 | 86 |
| iv_502 | 2.6088270169471313 × 10^302 | 3932 | 88 |
| iv_500 | 9.799184212071752 × 10^301 | 4051 | 91 |

## Input Bit Co-occurrences

### Input Bit Co-occurrences Sorted by Co-occurrences

| Input Bits | Co-occurrences | Potential Occurrences | Output Co-occurrences | Potential Output Occurrences |
|:----------:|:--------------:|:---------------------:|:---------------------:|:----------------------------:|
| iv_499-iv_506 | 2115 | 4342 | 45 | 80 |
| iv_499-iv_507 | 2112 | 4490 | 40 | 87 |
| iv_506-iv_507 | 2097 | 4296 | 48 | 73 |
| iv_500-iv_507 | 2072 | 4223 | 49 | 76 |
| iv_499-iv_504 | 2070 | 4287 | 39 | 91 |
| iv_497-iv_499 | 2048 | 4407 | 46 | 72 |
| iv_499-iv_501 | 2040 | 4432 | 47 | 76 |
| iv_507-iv_508 | 2029 | 4526 | 39 | 78 |
| iv_501-iv_507 | 2027 | 4376 | 43 | 83 |
| iv_499-iv_502 | 2018 | 4294 | 46 | 80 |
| iv_500-iv_506 | 2011 | 4203 | 49 | 79 |

### Input Bit Co-occurrences Sorted by Potential Occurrences

| Input Bits | Co-occurrences | Potential Occurrences | Output Co-occurrences | Potential Output Occurrences |
|:----------:|:--------------:|:---------------------:|:---------------------:|:----------------------------:|
| iv_502-iv_506 | 1959 | 4188 | 47 | 80 |
| iv_500-iv_506 | 2011 | 4203 | 49 | 79 |
| iv_498-iv_504 | 1887 | 4205 | 48 | 74 |
| iv_500-iv_502 | 1880 | 4223 | 51 | 77 |
| iv_500-iv_507 | 2072 | 4223 | 49 | 76 |
| iv_498-iv_501 | 1917 | 4230 | 43 | 85 |
| iv_497-iv_500 | 1961 | 4234 | 41 | 89 |
| iv_497-iv_501 | 1991 | 4237 | 45 | 76 |
| iv_504-iv_506 | 1976 | 4251 | 46 | 79 |
| iv_502-iv_504 | 1846 | 4269 | 49 | 75 |
| iv_501-iv_502 | 1887 | 4272 | 51 | 72 |

### Input Bit Output Co-occurrences Sorted by Output Co-occurrences

| Input Bits | Co-occurrences | Potential Occurrences | Output Co-occurrences | Potential Output Occurrences |
|:----------:|:--------------:|:---------------------:|:---------------------:|:----------------------------:|
| iv_500-iv_502 | 1880 | 4223 | 51 | 77 |
| iv_501-iv_502 | 1887 | 4272 | 51 | 72 |
| iv_498-iv_507 | 1933 | 4400 | 50 | 68 |
| iv_500-iv_507 | 2072 | 4223 | 49 | 76 |
| iv_502-iv_504 | 1846 | 4269 | 49 | 75 |
| iv_500-iv_506 | 2011 | 4203 | 49 | 79 |
| iv_500-iv_501 | 1930 | 4305 | 49 | 79 |
| iv_498-iv_500 | 1820 | 4361 | 48 | 80 |
| iv_498-iv_502 | 1802 | 4278 | 48 | 77 |
| iv_498-iv_504 | 1887 | 4205 | 48 | 74 |
| iv_506-iv_507 | 2097 | 4296 | 48 | 73 |

### Input Bit Output Co-occurrences Sorted by Potential Output Occurrences

| Input Bits | Co-occurrences | Potential Occurrences | Output Co-occurrences | Potential Output Occurrences |
|:----------:|:--------------:|:---------------------:|:---------------------:|:----------------------------:|
| iv_499-iv_508 | 1980 | 4706 | 45 | 67 |
| iv_498-iv_507 | 1933 | 4400 | 50 | 68 |
| iv_503-iv_504 | 1881 | 4302 | 47 | 69 |
| iv_502-iv_508 | 1890 | 4420 | 46 | 69 |
| iv_497-iv_499 | 2048 | 4407 | 46 | 72 |
| iv_501-iv_502 | 1887 | 4272 | 51 | 72 |
| iv_497-iv_507 | 1971 | 4479 | 45 | 73 |
| iv_506-iv_507 | 2097 | 4296 | 48 | 73 |
| iv_498-iv_504 | 1887 | 4205 | 48 | 74 |
| iv_499-iv_503 | 1982 | 4469 | 44 | 74 |
| iv_502-iv_504 | 1846 | 4269 | 49 | 75 |

## Output Bits

### Output Bits in Regular Order

| Rank | Output Bit | Complexity |
|:----:|:----------:|:----------:|
| 1 | ov_001 | 5.976554761973808 × 10^302 |
| 2 | ov_002 | 5.182617663826899 × 10^302 |
| 3 | ov_003 | 4.471501547400116 × 10^302 |
| 4 | ov_004 | 3.836921185540747 × 10^302 |
| 5 | ov_005 | 3.2729339615154398 × 10^302 |
| 6 | ov_006 | 2.7739155976012363 × 10^302 |
| 7 | ov_007 | 2.334539035968106 × 10^302 |
| 8 | ov_008 | 1.9497562174676948 × 10^302 |
| 9 | ov_009 | 1.6147825203024623 × 10^302 |
| 10 | ov_010 | 1.3250835997685002 × 10^302 |
| 11 | ov_011 | 1.0763643673148976 × 10^302 |
| 12 | ov_012 | 8.645598621345459 × 10^301 |
| 13 | ov_013 | 6.858277831863267 × 10^301 |
| 14 | ov_014 | 5.365424640124298 × 10^301 |
| 15 | ov_015 | 4.132900870110044 × 10^301 |
| 16 | ov_016 | 3.128649479968167 × 10^301 |
| 17 | ov_017 | 2.3226659596484514 × 10^301 |
| 18 | ov_018 | 1.6869768698973746 × 10^301 |
| 19 | ov_019 | 1.1956240516730123 × 10^301 |
| 20 | ov_020 | 8.246531744708076 × 10^300 |
| 21 | ov_021 | 5.521054884120843 × 10^300 |
| 22 | ov_022 | 3.580119467611667 × 10^300 |
| 23 | ov_023 | 2.24389141219008 × 10^300 |
| 24 | ov_024 | 1.3523662766287385 × 10^300 |
| 25 | ov_025 | 7.6535289489283335 × 10^299 |
| 26 | ov_026 | 4.177075060372578 × 10^299 |
| 27 | ov_027 | 2.0884334034222566 × 10^299 |
| 28 | ov_028 | 9.341672506103831 × 10^298 |
| 29 | ov_029 | 3.5982987184947057 × 10^298 |
| 30 | ov_030 | 1.0996342123003269 × 10^298 |
| 31 | ov_031 | 2.1439278959738097 × 10^297 |
| 32 | lv_80_m31 | 4.1791396841513155 × 10^296 |
| 33 | ov_033 | 5.010424316499368 × 10^297 |
| 34 | ov_034 | 4.3444809410645605 × 10^297 |
| 35 | ov_035 | 3.7484801973424836 × 10^297 |
| 36 | ov_036 | 3.2169377479647465 × 10^297 |
| 37 | ov_037 | 2.744665725771819 × 10^297 |
| 38 | ov_038 | 2.3267517573254833 × 10^297 |
| 39 | ov_039 | 1.9585408201141206 × 10^297 |
| 40 | ov_040 | 1.6356196658707965 × 10^297 |
| 41 | ov_041 | 1.3538035561349396 × 10^297 |
| 42 | ov_042 | 1.1091250694971258 × 10^297 |
| 43 | ov_043 | 8.99653547588891 × 10^296 |
| 44 | ov_044 | 7.21829786504887 × 10^296 |
| 45 | ov_045 | 5.7228853919186255 × 10^296 |
| 46 | ov_046 | 4.478534605283785 × 10^296 |
| 47 | ov_047 | 3.4553311231713044 × 10^296 |
| 48 | ov_048 | 2.6251786308814463 × 10^296 |
| 49 | ov_049 | 1.9617752986985418 × 10^296 |
| 50 | ov_050 | 1.4405962131126356 × 10^296 |
| 51 | ov_051 | 1.0388805374001244 × 10^296 |
| 52 | ov_052 | 7.356222966788246 × 10^295 |
| 53 | ov_053 | 5.115639191225625 × 10^295 |
| 54 | ov_054 | 3.491918288726929 × 10^295 |
| 55 | ov_055 | 2.327335120046637 × 10^295 |
| 56 | ov_056 | 1.4815563735086333 × 10^295 |
| 57 | ov_057 | 8.887615548618012 × 10^294 |
| 58 | ov_058 | 4.918183549741525 × 10^294 |
| 59 | ov_059 | 2.422804725197151 × 10^294 |
| 60 | ov_060 | 1.0038661351403839 × 10^294 |
| 61 | ov_061 | 3.5060126151338347 × 10^293 |
| 62 | ov_062 | 9.616042753432252 × 10^292 |
| 63 | ov_063 | 1.87386327702006 × 10^292 |
| 64 | lv_79_m31 | 3.6507210325573984 × 10^291 |
| 65 | ov_065 | 4.3390975543702657 × 10^292 |
| 66 | ov_066 | 4.3390846191104846 × 10^292 |
| 67 | ov_067 | 4.339081498007474 × 10^292 |
| 68 | ov_068 | 3.753796808774923 × 10^292 |
| 69 | ov_069 | 3.230351541013024 × 10^292 |
| 70 | ov_070 | 2.764061352185669 × 10^292 |
| 71 | ov_071 | 2.350486488361034 × 10^292 |
| 72 | ov_072 | 1.985414385045171 × 10^292 |
| 73 | ov_073 | 1.6648448470383647 × 10^292 |
| 74 | ov_074 | 1.3849775456218102 × 10^292 |
| 75 | ov_075 | 1.142201585145658 × 10^292 |
| 76 | ov_076 | 9.330869043374184 × 10^291 |
| 77 | ov_077 | 7.543772904762031 × 10^291 |
| 78 | ov_078 | 6.029847970650605 × 10^291 |
| 79 | ov_079 | 4.759853678507909 × 10^291 |
| 80 | ov_080 | 3.7061548204740115 × 10^291 |
| 81 | ov_081 | 2.8426964746502213 × 10^291 |
| 82 | ov_082 | 2.1449857997070852 × 10^291 |
| 83 | ov_083 | 1.5900791934277648 × 10^291 |
| 84 | ov_084 | 1.1565734315077469 × 10^291 |
| 85 | ov_085 | 8.245995181757286 × 10^290 |
| 86 | ov_086 | 5.7581820349243115 × 10^290 |
| 87 | ov_087 | 3.934165476909497 × 10^290 |
| 88 | ov_088 | 2.6210529537806013 × 10^290 |
| 89 | ov_089 | 1.6811694514852055 × 10^290 |
| 90 | ov_090 | 1.0494798338588875 × 10^290 |
| 91 | ov_091 | 6.187083506950714 × 10^289 |
| 92 | ov_092 | 3.390150837235307 × 10^289 |
| 93 | ov_093 | 1.6815412237099626 × 10^289 |
| 94 | ov_094 | 7.147262720611366 × 10^288 |
| 95 | aaa_78_28 | 2.1910447580382488 × 10^288 |
| 96 | aaa_78_29 | 6.652128213757425 × 10^287 |
| 97 | ov_097 | 3.5921093347383915 × 10^287 |
| 98 | ov_098 | 3.5920904977223405 × 10^287 |
| 99 | ov_099 | 3.592084484382929 × 10^287 |
| 100 | ov_100 | 3.0737190858377415 × 10^287 |
| 101 | ov_101 | 2.6136412515227906 × 10^287 |
| 102 | ov_102 | 2.2072021762940744 × 10^287 |
| 103 | ov_103 | 1.850007101466735 × 10^287 |
| 104 | ov_104 | 1.5378968003700927 × 10^287 |
| 105 | ov_105 | 1.2669315037373748 × 10^287 |
| 106 | ov_106 | 1.0333770394838937 × 10^287 |
| 107 | ov_107 | 8.3369297305595845 × 10^286 |
| 108 | ov_108 | 6.645225457447111 × 10^286 |
| 109 | ov_109 | 5.226842192367774 × 10^286 |
| 110 | ov_110 | 4.0516464528809336 × 10^286 |
| 111 | ov_111 | 3.09112889819175 × 10^286 |
| 112 | ov_112 | 2.3183575099038286 × 10^286 |
| 113 | ov_113 | 1.7079402096618256 × 10^286 |
| 114 | ov_114 | 1.2359955115152057 × 10^286 |
| 115 | ov_115 | 8.801299070704052 × 10^285 |
| 116 | ov_116 | 6.19420781419036 × 10^285 |
| 117 | ov_117 | 4.3440375756257914 × 10^285 |
| 118 | ov_118 | 3.070634666769484 × 10^285 |
| 119 | ov_119 | 2.2082693534406454 × 10^285 |
| 120 | ov_120 | 1.605589746174906 × 10^285 |
| 121 | ov_121 | 1.1255903040681385 × 10^285 |
| 122 | ov_122 | 7.539588754421449 × 10^284 |
| 123 | ov_123 | 4.763910612654363 × 10^284 |
| 124 | ov_124 | 2.7858652380382084 × 10^284 |
| 125 | ov_125 | 1.4624669939068083 × 10^284 |
| 126 | ov_126 | 6.507363148895558 × 10^283 |
| 127 | aaa_77_28 | 2.0769522656898454 × 10^283 |
| 128 | aaa_77_29 | 7.780854796562776 × 10^282 |
| 129 | ov_129 | 7.160050153863209 × 10^282 |
| 130 | ov_130 | 7.160028591927473 × 10^282 |
| 131 | ov_131 | 7.160023379210466 × 10^282 |
| 132 | ov_132 | 6.196630845997991 × 10^282 |
| 133 | ov_133 | 5.334966560636805 × 10^282 |
| 134 | ov_134 | 4.567284025250598 × 10^282 |
| 135 | ov_135 | 3.886250302555283 × 10^282 |
| 136 | ov_136 | 3.284916361405021 × 10^282 |
| 137 | ov_137 | 2.756691563942219 × 10^282 |
| 138 | ov_138 | 2.2953218984031314 × 10^282 |
| 139 | ov_139 | 1.8948715817379855 × 10^282 |
| 140 | ov_140 | 1.5497076757402452 × 10^282 |
| 141 | ov_141 | 1.2544873794763879 × 10^282 |
| 142 | ov_142 | 1.0041476795761822 × 10^282 |
| 143 | ov_143 | 7.938970584748752 × 10^281 |
| 144 | ov_144 | 6.192089790653926 × 10^281 |
| 145 | ov_145 | 4.7581688247573465 × 10^281 |
| 146 | ov_146 | 3.597104538739882 × 10^281 |
| 147 | ov_147 | 2.6713292934674505 × 10^281 |
| 148 | ov_148 | 1.94579235011705 × 10^281 |
| 149 | ov_149 | 1.3879476762056467 × 10^281 |
| 150 | ov_150 | 9.677464398937338 × 10^280 |
| 151 | ov_151 | 6.576326466439149 × 10^280 |
| 152 | ov_152 | 4.325406157093571 × 10^280 |
| 153 | ov_153 | 2.698934029759468 × 10^280 |
| 154 | ov_154 | 1.5902456262566799 × 10^280 |
| 155 | ov_155 | 8.233181521167575 × 10^279 |
| 156 | aaa_76_25 | 3.1635712030563703 × 10^279 |
| 157 | aaa_76_26 | 1.8268422091998778 × 10^279 |
| 158 | aaa_76_27 | 9.351125672919045 × 10^278 |
| 159 | aaa_76_28 | 3.640721571109056 × 10^278 |
| 160 | aaa_76_29 | 1.1071614964696006 × 10^278 |

### Output Bits Sorted by Complexity

| Rank | Output Bit | Complexity |
|:----:|:----------:|:----------:|
| 160 | aaa_76_29 | 1.1071614964696006 × 10^278 |
| 159 | aaa_76_28 | 3.640721571109056 × 10^278 |
| 158 | aaa_76_27 | 9.351125672919045 × 10^278 |
| 157 | aaa_76_26 | 1.8268422091998778 × 10^279 |
| 156 | aaa_76_25 | 3.1635712030563703 × 10^279 |
| 155 | ov_155 | 8.233181521167575 × 10^279 |
| 154 | ov_154 | 1.5902456262566799 × 10^280 |
| 153 | ov_153 | 2.698934029759468 × 10^280 |
| 152 | ov_152 | 4.325406157093571 × 10^280 |
| 151 | ov_151 | 6.576326466439149 × 10^280 |
| 150 | ov_150 | 9.677464398937338 × 10^280 |
| 149 | ov_149 | 1.3879476762056467 × 10^281 |
| 148 | ov_148 | 1.94579235011705 × 10^281 |
| 147 | ov_147 | 2.6713292934674505 × 10^281 |
| 146 | ov_146 | 3.597104538739882 × 10^281 |
| 145 | ov_145 | 4.7581688247573465 × 10^281 |
| 144 | ov_144 | 6.192089790653926 × 10^281 |
| 143 | ov_143 | 7.938970584748752 × 10^281 |
| 142 | ov_142 | 1.0041476795761822 × 10^282 |
| 141 | ov_141 | 1.2544873794763879 × 10^282 |
| 140 | ov_140 | 1.5497076757402452 × 10^282 |
| 139 | ov_139 | 1.8948715817379855 × 10^282 |
| 138 | ov_138 | 2.2953218984031314 × 10^282 |
| 137 | ov_137 | 2.756691563942219 × 10^282 |
| 136 | ov_136 | 3.284916361405021 × 10^282 |
| 135 | ov_135 | 3.886250302555283 × 10^282 |
| 134 | ov_134 | 4.567284025250598 × 10^282 |
| 133 | ov_133 | 5.334966560636805 × 10^282 |
| 132 | ov_132 | 6.196630845997991 × 10^282 |
| 131 | ov_131 | 7.160023379210466 × 10^282 |
| 130 | ov_130 | 7.160028591927473 × 10^282 |
| 129 | ov_129 | 7.160050153863209 × 10^282 |
| 128 | aaa_77_29 | 7.780854796562776 × 10^282 |
| 127 | aaa_77_28 | 2.0769522656898454 × 10^283 |
| 126 | ov_126 | 6.507363148895558 × 10^283 |
| 125 | ov_125 | 1.4624669939068083 × 10^284 |
| 124 | ov_124 | 2.7858652380382084 × 10^284 |
| 123 | ov_123 | 4.763910612654363 × 10^284 |
| 122 | ov_122 | 7.539588754421449 × 10^284 |
| 121 | ov_121 | 1.1255903040681385 × 10^285 |
| 120 | ov_120 | 1.605589746174906 × 10^285 |
| 119 | ov_119 | 2.2082693534406454 × 10^285 |
| 118 | ov_118 | 3.070634666769484 × 10^285 |
| 117 | ov_117 | 4.3440375756257914 × 10^285 |
| 116 | ov_116 | 6.19420781419036 × 10^285 |
| 115 | ov_115 | 8.801299070704052 × 10^285 |
| 114 | ov_114 | 1.2359955115152057 × 10^286 |
| 113 | ov_113 | 1.7079402096618256 × 10^286 |
| 112 | ov_112 | 2.3183575099038286 × 10^286 |
| 111 | ov_111 | 3.09112889819175 × 10^286 |
| 110 | ov_110 | 4.0516464528809336 × 10^286 |
| 109 | ov_109 | 5.226842192367774 × 10^286 |
| 108 | ov_108 | 6.645225457447111 × 10^286 |
| 107 | ov_107 | 8.3369297305595845 × 10^286 |
| 106 | ov_106 | 1.0333770394838937 × 10^287 |
| 105 | ov_105 | 1.2669315037373748 × 10^287 |
| 104 | ov_104 | 1.5378968003700927 × 10^287 |
| 103 | ov_103 | 1.850007101466735 × 10^287 |
| 102 | ov_102 | 2.2072021762940744 × 10^287 |
| 101 | ov_101 | 2.6136412515227906 × 10^287 |
| 100 | ov_100 | 3.0737190858377415 × 10^287 |
| 99 | ov_099 | 3.592084484382929 × 10^287 |
| 98 | ov_098 | 3.5920904977223405 × 10^287 |
| 97 | ov_097 | 3.5921093347383915 × 10^287 |
| 96 | aaa_78_29 | 6.652128213757425 × 10^287 |
| 95 | aaa_78_28 | 2.1910447580382488 × 10^288 |
| 94 | ov_094 | 7.147262720611366 × 10^288 |
| 93 | ov_093 | 1.6815412237099626 × 10^289 |
| 92 | ov_092 | 3.390150837235307 × 10^289 |
| 91 | ov_091 | 6.187083506950714 × 10^289 |
| 90 | ov_090 | 1.0494798338588875 × 10^290 |
| 89 | ov_089 | 1.6811694514852055 × 10^290 |
| 88 | ov_088 | 2.6210529537806013 × 10^290 |
| 87 | ov_087 | 3.934165476909497 × 10^290 |
| 86 | ov_086 | 5.7581820349243115 × 10^290 |
| 85 | ov_085 | 8.245995181757286 × 10^290 |
| 84 | ov_084 | 1.1565734315077469 × 10^291 |
| 83 | ov_083 | 1.5900791934277648 × 10^291 |
| 82 | ov_082 | 2.1449857997070852 × 10^291 |
| 81 | ov_081 | 2.8426964746502213 × 10^291 |
| 64 | lv_79_m31 | 3.6507210325573984 × 10^291 |
| 80 | ov_080 | 3.7061548204740115 × 10^291 |
| 79 | ov_079 | 4.759853678507909 × 10^291 |
| 78 | ov_078 | 6.029847970650605 × 10^291 |
| 77 | ov_077 | 7.543772904762031 × 10^291 |
| 76 | ov_076 | 9.330869043374184 × 10^291 |
| 75 | ov_075 | 1.142201585145658 × 10^292 |
| 74 | ov_074 | 1.3849775456218102 × 10^292 |
| 73 | ov_073 | 1.6648448470383647 × 10^292 |
| 63 | ov_063 | 1.87386327702006 × 10^292 |
| 72 | ov_072 | 1.985414385045171 × 10^292 |
| 71 | ov_071 | 2.350486488361034 × 10^292 |
| 70 | ov_070 | 2.764061352185669 × 10^292 |
| 69 | ov_069 | 3.230351541013024 × 10^292 |
| 68 | ov_068 | 3.753796808774923 × 10^292 |
| 67 | ov_067 | 4.339081498007474 × 10^292 |
| 66 | ov_066 | 4.3390846191104846 × 10^292 |
| 65 | ov_065 | 4.3390975543702657 × 10^292 |
| 62 | ov_062 | 9.616042753432252 × 10^292 |
| 61 | ov_061 | 3.5060126151338347 × 10^293 |
| 60 | ov_060 | 1.0038661351403839 × 10^294 |
| 59 | ov_059 | 2.422804725197151 × 10^294 |
| 58 | ov_058 | 4.918183549741525 × 10^294 |
| 57 | ov_057 | 8.887615548618012 × 10^294 |
| 56 | ov_056 | 1.4815563735086333 × 10^295 |
| 55 | ov_055 | 2.327335120046637 × 10^295 |
| 54 | ov_054 | 3.491918288726929 × 10^295 |
| 53 | ov_053 | 5.115639191225625 × 10^295 |
| 52 | ov_052 | 7.356222966788246 × 10^295 |
| 51 | ov_051 | 1.0388805374001244 × 10^296 |
| 50 | ov_050 | 1.4405962131126356 × 10^296 |
| 49 | ov_049 | 1.9617752986985418 × 10^296 |
| 48 | ov_048 | 2.6251786308814463 × 10^296 |
| 47 | ov_047 | 3.4553311231713044 × 10^296 |
| 32 | lv_80_m31 | 4.1791396841513155 × 10^296 |
| 46 | ov_046 | 4.478534605283785 × 10^296 |
| 45 | ov_045 | 5.7228853919186255 × 10^296 |
| 44 | ov_044 | 7.21829786504887 × 10^296 |
| 43 | ov_043 | 8.99653547588891 × 10^296 |
| 42 | ov_042 | 1.1091250694971258 × 10^297 |
| 41 | ov_041 | 1.3538035561349396 × 10^297 |
| 40 | ov_040 | 1.6356196658707965 × 10^297 |
| 39 | ov_039 | 1.9585408201141206 × 10^297 |
| 31 | ov_031 | 2.1439278959738097 × 10^297 |
| 38 | ov_038 | 2.3267517573254833 × 10^297 |
| 37 | ov_037 | 2.744665725771819 × 10^297 |
| 36 | ov_036 | 3.2169377479647465 × 10^297 |
| 35 | ov_035 | 3.7484801973424836 × 10^297 |
| 34 | ov_034 | 4.3444809410645605 × 10^297 |
| 33 | ov_033 | 5.010424316499368 × 10^297 |
| 30 | ov_030 | 1.0996342123003269 × 10^298 |
| 29 | ov_029 | 3.5982987184947057 × 10^298 |
| 28 | ov_028 | 9.341672506103831 × 10^298 |
| 27 | ov_027 | 2.0884334034222566 × 10^299 |
| 26 | ov_026 | 4.177075060372578 × 10^299 |
| 25 | ov_025 | 7.6535289489283335 × 10^299 |
| 24 | ov_024 | 1.3523662766287385 × 10^300 |
| 23 | ov_023 | 2.24389141219008 × 10^300 |
| 22 | ov_022 | 3.580119467611667 × 10^300 |
| 21 | ov_021 | 5.521054884120843 × 10^300 |
| 20 | ov_020 | 8.246531744708076 × 10^300 |
| 19 | ov_019 | 1.1956240516730123 × 10^301 |
| 18 | ov_018 | 1.6869768698973746 × 10^301 |
| 17 | ov_017 | 2.3226659596484514 × 10^301 |
| 16 | ov_016 | 3.128649479968167 × 10^301 |
| 15 | ov_015 | 4.132900870110044 × 10^301 |
| 14 | ov_014 | 5.365424640124298 × 10^301 |
| 13 | ov_013 | 6.858277831863267 × 10^301 |
| 12 | ov_012 | 8.645598621345459 × 10^301 |
| 11 | ov_011 | 1.0763643673148976 × 10^302 |
| 10 | ov_010 | 1.3250835997685002 × 10^302 |
| 9 | ov_009 | 1.6147825203024623 × 10^302 |
| 8 | ov_008 | 1.9497562174676948 × 10^302 |
| 7 | ov_007 | 2.334539035968106 × 10^302 |
| 6 | ov_006 | 2.7739155976012363 × 10^302 |
| 5 | ov_005 | 3.2729339615154398 × 10^302 |
| 4 | ov_004 | 3.836921185540747 × 10^302 |
| 3 | ov_003 | 4.471501547400116 × 10^302 |
| 2 | ov_002 | 5.182617663826899 × 10^302 |
| 1 | ov_001 | 5.976554761973808 × 10^302 |

