# Results for F001-F002-F003-F004-F005-F006-F007-F008-F009-F010-F011-F012-F013-F014-F015-F016-F017-F018-F019-F020-F021-F022-F023-F024-F025-F026-F027-F028-F029-F030-F031-F032-F033-F034-F035-F036-F037-F038-F039-F040-F041-F042-F043-F044-F045-F046-F047-F048-F049-F050-F051-F052-F053-F054-F055-F056-F057-F058-F059-F060-F061-F062-F063-F064-F065-F066-F067-F068-F069-F070-F071-F072-F073-F074-F075-F076-F077-F078-F079-F080-F081-F082-F083-F084-F085-F086-F087-F088-F089-F090-F091-F092-F093-F094-F095-F096-F097-F098-F099-F100-F101-F102-F103-F104-F105-F106-F107-F108-F109-F110-F111-F112-F113-F114-F115-F116-F117-F118-F119-F120-F121-F122-F123-F124-F125-F126-F127-F128-F129-F130-F131-F132-F133-F134-F135-F136-F137-F138-F139-F140-F141-F142-F143-F144-F145-F146-F147-F148-F149-F150-F151-F152-F153-F154-F155-F156-F157-F158-F159-F160-F161-F162-F163-F164-F165-F166-F167-F168-F169-F170-F171-F172-F173-F174-F175-F176-F177-F178-F179-F180-F181-F182-F183-F184-F185-F186-F187-F188-F189-F190-F191-F192-F193-F194-F195-F196-F197-F198-F199-F200-F201-F202-F203-F204-F205-F206-F207-F208-F209-F210-F211-F212-F213-F214-F215-F216-F217-F218-F219-F220-F221-F222-F223-F224-F225-F226-F227-F228-F229-F230-F231-F232-F233-F234-F235-F236-F237-F238-F239-F240-F241-F242-F243-F244-F245-F246-F247-F248-F249-F250-F251-F252-F253-F254-F255-F256-F257-F258-F259-F260-F261-F262-F263-F264-F265-F266-F267-F268-F269-F270-F271-F272-F273-F274-F275-F276-F277-F278-F279-F280-F281-F282-F283-F284-F285-F286-F287-F288-F289-F290-F291-F292-F293-F294-F295-F296-F297-F298-F299-F300-F301-F302-F303-F304-F305-F306-F307-F308-F309-F310-F311-F312-F313-F314-F315-F316-F317-F318-F319-F320-F321-F322-F323-F324-F325-F326-F327-F328-F329-F330-F331-F332-F333-F334-F335-F336-F337-F338-F339-F340-F341-F342-F343-F344-F345-F346-F347-F348-F349-F350-F351-F352-F353-F354-F355-F356-F357-F358-F359-F360-F361-F362-F363-F364-F365-F366-F367-F368-F369-F370-F371-F372-F373-F374-F375-F376-F377-F378-F379-F380-F381-F382-F383-F384-F385-F386-F387-F388-F389-F390-F391-F392-F393-F394-F395-F396-F397-F398-F399-F400-F401-F402-F403-F404-F405-F406-F407-F408-F409-F410-F411-F412-F413-F414-F415-F416-F417-F418-F419-F420-F421-F422-F423-F424-F425-F426-F427-F428-F429-F430-F431-F432-F433-F434-F435-F436-F437-F438-F439-F440-F441-F442-F443-F444-F445-F446-F447-F448-F449-F450-F451-F452-F453-F454-F455-F456-F457-F458-F459-F460-F461-F462-F463-F464-F465-F466-F467-F468-F469-F470-F471-F472-F473-F474-F475-F476-F477-F478-F479-F480-F481-F482-F483-F484-F485-F486-F487-F488-F489-F490-F491-F492-F493-F494-F495-F496-O498505-F509-F510-F511-F512

## Summary

Number of input bits: 512  
Number of free input bits: 11  
Number of output bits: 160

Number of direct occurrences: 44276  
Number of assignments: 31134  
Number of operations: 10921606
(xor: 10893552,
and: 14758,
or: 13296)

Total complexity: 4.931907763369436 × 10^298

Least occurring input variable: iv_502 (3834)  
Most occurring input variable: iv_498 (4206)

Most co-occurring input variables: iv_507-iv_508 (2027)  
Least co-occurring input variables: iv_499-iv_502 (1757)

Potentially most occurring input variable: iv_498/iv_507 (4481)  
Potentially least occurring input variable: iv_504/iv_506 (4096)

Least output occurring input variable: iv_498 (70)  
Most output occurring input variable: iv_502 (84)

Most output co-occurring input variables: iv_502-iv_506 (48)  
Least output co-occurring input variables: iv_498-iv_508 (30)

Potentially most output occurring input variable: iv_498/iv_508 (91)  
Potentially least output occurring input variable: iv_497/iv_502 (69)

Least complex input bit: iv_497 (1.750373720990123 × 10^296)  
Most complex input bit: iv_498 (1.0718636862914691 × 10^298)

Least complex output bit: aaa_76_29 (4.7990243502001283 × 10^273)  
Most complex output bit: ov_001 (7.889027740648646 × 10^297)

Least complex input/output complexity: iv_497/aaa_76_29 (1.7032123291866144 × 10^271)  
Most complex input/output complexity: iv_498/ov_001 (1.7145418692036272 × 10^297)

## Input Bits

### Input Bits in Regular Order

| Input Bit | Complexity | Occurrences | Output Occurrences |
|:---------:|:----------:|:-----------:|:------------------:|
| iv_497 | 1.750373720990123 × 10^296 | 4058 | 77 |
| iv_498 | 1.0718636862914691 × 10^298 | 4206 | 70 |
| iv_499 | 6.1852428110065845 × 10^296 | 3909 | 81 |
| iv_500 | 1.0411782383161167 × 10^297 | 4081 | 84 |
| iv_501 | 1.7138189198355523 × 10^297 | 4040 | 75 |
| iv_502 | 2.7628401065086275 × 10^297 | 3834 | 84 |
| iv_503 | 4.375678325209479 × 10^297 | 4025 | 81 |
| iv_504 | 6.795875069840517 × 10^297 | 3881 | 76 |
| iv_506 | 5.186019745591078 × 10^297 | 3931 | 82 |
| iv_507 | 7.379611777051879 × 10^297 | 4149 | 76 |
| iv_508 | 8.551856935226782 × 10^297 | 4162 | 81 |

### Input Bits Sorted by Complexity

| Input Bit | Complexity | Occurrences | Output Occurrences |
|:---------:|:----------:|:-----------:|:------------------:|
| iv_497 | 1.750373720990123 × 10^296 | 4058 | 77 |
| iv_499 | 6.1852428110065845 × 10^296 | 3909 | 81 |
| iv_500 | 1.0411782383161167 × 10^297 | 4081 | 84 |
| iv_501 | 1.7138189198355523 × 10^297 | 4040 | 75 |
| iv_502 | 2.7628401065086275 × 10^297 | 3834 | 84 |
| iv_503 | 4.375678325209479 × 10^297 | 4025 | 81 |
| iv_506 | 5.186019745591078 × 10^297 | 3931 | 82 |
| iv_504 | 6.795875069840517 × 10^297 | 3881 | 76 |
| iv_507 | 7.379611777051879 × 10^297 | 4149 | 76 |
| iv_508 | 8.551856935226782 × 10^297 | 4162 | 81 |
| iv_498 | 1.0718636862914691 × 10^298 | 4206 | 70 |

### Input Bits Sorted by Occurrences

| Input Bit | Complexity | Occurrences | Output Occurrences |
|:---------:|:----------:|:-----------:|:------------------:|
| iv_502 | 2.7628401065086275 × 10^297 | 3834 | 84 |
| iv_504 | 6.795875069840517 × 10^297 | 3881 | 76 |
| iv_499 | 6.1852428110065845 × 10^296 | 3909 | 81 |
| iv_506 | 5.186019745591078 × 10^297 | 3931 | 82 |
| iv_503 | 4.375678325209479 × 10^297 | 4025 | 81 |
| iv_501 | 1.7138189198355523 × 10^297 | 4040 | 75 |
| iv_497 | 1.750373720990123 × 10^296 | 4058 | 77 |
| iv_500 | 1.0411782383161167 × 10^297 | 4081 | 84 |
| iv_507 | 7.379611777051879 × 10^297 | 4149 | 76 |
| iv_508 | 8.551856935226782 × 10^297 | 4162 | 81 |
| iv_498 | 1.0718636862914691 × 10^298 | 4206 | 70 |

### Input Bits Sorted by Output Occurrences

| Input Bit | Complexity | Occurrences | Output Occurrences |
|:---------:|:----------:|:-----------:|:------------------:|
| iv_498 | 1.0718636862914691 × 10^298 | 4206 | 70 |
| iv_501 | 1.7138189198355523 × 10^297 | 4040 | 75 |
| iv_504 | 6.795875069840517 × 10^297 | 3881 | 76 |
| iv_507 | 7.379611777051879 × 10^297 | 4149 | 76 |
| iv_497 | 1.750373720990123 × 10^296 | 4058 | 77 |
| iv_503 | 4.375678325209479 × 10^297 | 4025 | 81 |
| iv_499 | 6.1852428110065845 × 10^296 | 3909 | 81 |
| iv_508 | 8.551856935226782 × 10^297 | 4162 | 81 |
| iv_506 | 5.186019745591078 × 10^297 | 3931 | 82 |
| iv_500 | 1.0411782383161167 × 10^297 | 4081 | 84 |
| iv_502 | 2.7628401065086275 × 10^297 | 3834 | 84 |

## Input Bit Co-occurrences

### Input Bit Co-occurrences Sorted by Co-occurrences

| Input Bits | Co-occurrences | Potential Occurrences | Output Co-occurrences | Potential Output Occurrences |
|:----------:|:--------------:|:---------------------:|:---------------------:|:----------------------------:|
| iv_507-iv_508 | 2027 | 4257 | 44 | 69 |
| iv_497-iv_507 | 2026 | 4155 | 42 | 69 |
| iv_498-iv_500 | 1988 | 4311 | 36 | 82 |
| iv_498-iv_508 | 1982 | 4404 | 30 | 91 |
| iv_506-iv_507 | 1977 | 4126 | 42 | 74 |
| iv_500-iv_508 | 1971 | 4301 | 40 | 85 |
| iv_497-iv_498 | 1967 | 4330 | 31 | 85 |
| iv_500-iv_507 | 1967 | 4296 | 35 | 90 |
| iv_497-iv_501 | 1959 | 4180 | 36 | 80 |
| iv_500-iv_501 | 1950 | 4221 | 41 | 77 |
| iv_497-iv_503 | 1946 | 4191 | 41 | 76 |

### Input Bit Co-occurrences Sorted by Potential Occurrences

| Input Bits | Co-occurrences | Potential Occurrences | Output Co-occurrences | Potential Output Occurrences |
|:----------:|:--------------:|:---------------------:|:---------------------:|:----------------------------:|
| iv_504-iv_506 | 1858 | 4096 | 42 | 74 |
| iv_502-iv_506 | 1820 | 4125 | 48 | 70 |
| iv_506-iv_507 | 1977 | 4126 | 42 | 74 |
| iv_497-iv_507 | 2026 | 4155 | 42 | 69 |
| iv_499-iv_504 | 1817 | 4156 | 38 | 81 |
| iv_499-iv_501 | 1892 | 4165 | 38 | 80 |
| iv_497-iv_499 | 1896 | 4175 | 37 | 84 |
| iv_497-iv_502 | 1857 | 4178 | 46 | 69 |
| iv_497-iv_504 | 1880 | 4179 | 40 | 73 |
| iv_497-iv_501 | 1959 | 4180 | 36 | 80 |
| iv_500-iv_504 | 1889 | 4184 | 43 | 74 |

### Input Bit Output Co-occurrences Sorted by Output Co-occurrences

| Input Bits | Co-occurrences | Potential Occurrences | Output Co-occurrences | Potential Output Occurrences |
|:----------:|:--------------:|:---------------------:|:---------------------:|:----------------------------:|
| iv_502-iv_506 | 1820 | 4125 | 48 | 70 |
| iv_500-iv_503 | 1932 | 4242 | 46 | 73 |
| iv_497-iv_502 | 1857 | 4178 | 46 | 69 |
| iv_502-iv_503 | 1781 | 4297 | 45 | 75 |
| iv_507-iv_508 | 2027 | 4257 | 44 | 69 |
| iv_500-iv_504 | 1889 | 4184 | 43 | 74 |
| iv_503-iv_506 | 1884 | 4188 | 43 | 77 |
| iv_499-iv_500 | 1860 | 4270 | 42 | 81 |
| iv_499-iv_502 | 1757 | 4229 | 42 | 81 |
| iv_499-iv_506 | 1780 | 4280 | 42 | 79 |
| iv_500-iv_506 | 1913 | 4186 | 42 | 82 |

### Input Bit Output Co-occurrences Sorted by Potential Output Occurrences

| Input Bits | Co-occurrences | Potential Occurrences | Output Co-occurrences | Potential Output Occurrences |
|:----------:|:--------------:|:---------------------:|:---------------------:|:----------------------------:|
| iv_497-iv_502 | 1857 | 4178 | 46 | 69 |
| iv_497-iv_507 | 2026 | 4155 | 42 | 69 |
| iv_507-iv_508 | 2027 | 4257 | 44 | 69 |
| iv_502-iv_506 | 1820 | 4125 | 48 | 70 |
| iv_500-iv_503 | 1932 | 4242 | 46 | 73 |
| iv_501-iv_507 | 1920 | 4349 | 39 | 73 |
| iv_497-iv_504 | 1880 | 4179 | 40 | 73 |
| iv_500-iv_504 | 1889 | 4184 | 43 | 74 |
| iv_504-iv_506 | 1858 | 4096 | 42 | 74 |
| iv_506-iv_507 | 1977 | 4126 | 42 | 74 |
| iv_498-iv_506 | 1887 | 4363 | 39 | 74 |

## Output Bits

### Output Bits in Regular Order

| Rank | Output Bit | Complexity |
|:----:|:----------:|:----------:|
| 1 | ov_001 | 7.889027740648646 × 10^297 |
| 2 | ov_002 | 6.841557157073889 × 10^297 |
| 3 | ov_003 | 5.903220211550896 × 10^297 |
| 4 | ov_004 | 5.065747349025301 × 10^297 |
| 5 | ov_005 | 4.3213199486476634 × 10^297 |
| 6 | ov_006 | 3.6625381708493696 × 10^297 |
| 7 | ov_007 | 3.082392954622631 × 10^297 |
| 8 | ov_008 | 2.5742418954536217 × 10^297 |
| 9 | ov_009 | 2.1317887037487368 × 10^297 |
| 10 | ov_010 | 1.749065888518294 × 10^297 |
| 11 | ov_011 | 1.4204203069785412 × 10^297 |
| 12 | ov_012 | 1.1405012412366856 × 10^297 |
| 13 | ov_013 | 9.04250683344235 × 10^296 |
| 14 | ov_014 | 7.068955298307971 × 10^296 |
| 15 | ov_015 | 5.439414064371253 × 10^296 |
| 16 | ov_016 | 4.1116786321154225 × 10^296 |
| 17 | ov_017 | 3.0462469946346023 × 10^296 |
| 18 | ov_018 | 2.2062919731569 × 10^296 |
| 19 | ov_019 | 1.5576406178844358 × 10^296 |
| 20 | ov_020 | 1.0687589354234717 × 10^296 |
| 21 | ov_021 | 7.10740654667817 × 10^295 |
| 22 | ov_022 | 4.5729915762042203 × 10^295 |
| 23 | ov_023 | 2.8476189952650574 × 10^295 |
| 24 | ov_024 | 1.7206673818549442 × 10^295 |
| 25 | ov_025 | 1.0075968778601677 × 10^295 |
| 26 | ov_026 | 5.499368845886165 × 10^294 |
| 27 | ov_027 | 2.7496839534886913 × 10^294 |
| 28 | ov_028 | 1.2300328823600722 × 10^294 |
| 29 | ov_029 | 4.738374402064603 × 10^293 |
| 30 | ov_030 | 1.4482093535626164 × 10^293 |
| 31 | ov_031 | 2.824009260845701 × 10^292 |
| 32 | lv_80_m31 | 5.505893255368162 × 10^291 |
| 33 | ov_033 | 6.597535160219162 × 10^292 |
| 34 | ov_034 | 5.720757483509764 × 10^292 |
| 35 | ov_035 | 4.936401869118138 × 10^292 |
| 36 | ov_036 | 4.2369532122233255 × 10^292 |
| 37 | ov_037 | 3.615301253651622 × 10^292 |
| 38 | ov_038 | 3.0647119280809114 × 10^292 |
| 39 | ov_039 | 2.5788026186032733 × 10^292 |
| 40 | ov_040 | 2.151520943604005 × 10^292 |
| 41 | ov_041 | 1.777126721818288 × 10^292 |
| 42 | ov_042 | 1.4528258462091739 × 10^292 |
| 43 | ov_043 | 1.1759692513734547 × 10^292 |
| 44 | ov_044 | 9.416720209247774 × 10^291 |
| 45 | ov_045 | 7.453146670483914 × 10^291 |
| 46 | ov_046 | 5.825363377012814 × 10^291 |
| 47 | ov_047 | 4.4922946995311335 × 10^291 |
| 48 | ov_048 | 3.4153566321064294 × 10^291 |
| 49 | ov_049 | 2.5584256330376914 × 10^291 |
| 50 | ov_050 | 1.8878156550993104 × 10^291 |
| 51 | ov_051 | 1.3722616158530234 × 10^291 |
| 52 | ov_052 | 9.829077278249398 × 10^290 |
| 53 | ov_053 | 6.932993440996267 × 10^290 |
| 54 | ov_054 | 4.793773342072064 × 10^290 |
| 55 | ov_055 | 3.1947433280955772 × 10^290 |
| 56 | ov_056 | 2.0335422984945726 × 10^290 |
| 57 | ov_057 | 1.219751607714495 × 10^290 |
| 58 | ov_058 | 6.748899668844732 × 10^289 |
| 59 | ov_059 | 3.3241081263378717 × 10^289 |
| 60 | ov_060 | 1.3770112215698425 × 10^289 |
| 61 | ov_061 | 4.808098906626479 × 10^288 |
| 62 | ov_062 | 1.3184113664373968 × 10^288 |
| 63 | ov_063 | 2.5684863132462115 × 10^287 |
| 64 | lv_79_m31 | 5.002657754725237 × 10^286 |
| 65 | ov_065 | 5.927130084335131 × 10^287 |
| 66 | ov_066 | 5.927115609292075 × 10^287 |
| 67 | ov_067 | 5.927112216882506 × 10^287 |
| 68 | ov_068 | 5.1216237243776065 × 10^287 |
| 69 | ov_069 | 4.401898463612473 × 10^287 |
| 70 | ov_070 | 3.761422637203686 × 10^287 |
| 71 | ov_071 | 3.1939994266002588 × 10^287 |
| 72 | ov_072 | 2.6937336508653613 × 10^287 |
| 73 | ov_073 | 2.2550191877439998 × 10^287 |
| 74 | ov_074 | 1.8725281403199695 × 10^287 |
| 75 | ov_075 | 1.5412011586145762 × 10^287 |
| 76 | ov_076 | 1.2562387288229057 × 10^287 |
| 77 | ov_077 | 1.0130933757560712 × 10^287 |
| 78 | ov_078 | 8.074627252313712 × 10^286 |
| 79 | ov_079 | 6.352833740657774 × 10^286 |
| 80 | ov_080 | 4.927255160253431 × 10^286 |
| 81 | ov_081 | 3.761882726040933 × 10^286 |
| 82 | ov_082 | 2.822956778874651 × 10^286 |
| 83 | ov_083 | 2.078932670302659 × 10^286 |
| 84 | ov_084 | 1.500452180750737 × 10^286 |
| 85 | ov_085 | 1.0603199697497914 × 10^286 |
| 86 | ov_086 | 7.334845577934848 × 10^285 |
| 87 | ov_087 | 4.9702334003829926 × 10^285 |
| 88 | ov_088 | 3.301311324492221 × 10^285 |
| 89 | ov_089 | 2.141117512220679 × 10^285 |
| 90 | ov_090 | 1.3237212643444871 × 10^285 |
| 91 | ov_091 | 7.714090859728179 × 10^284 |
| 92 | ov_092 | 4.169564004868321 × 10^284 |
| 93 | ov_093 | 2.0361923439569394 × 10^284 |
| 94 | ov_094 | 8.51301311877149 × 10^283 |
| 95 | aaa_78_28 | 2.5696483019646716 × 10^283 |
| 96 | aaa_78_29 | 7.617816920358802 × 10^282 |
| 97 | ov_097 | 4.4891967777823506 × 10^282 |
| 98 | ov_098 | 4.4891145805764104 × 10^282 |
| 99 | ov_099 | 4.489088338842464 × 10^282 |
| 100 | ov_100 | 3.674696246271621 × 10^282 |
| 101 | ov_101 | 3.008406539522333 × 10^282 |
| 102 | ov_102 | 2.4699511504076024 × 10^282 |
| 103 | ov_103 | 2.040169716147698 × 10^282 |
| 104 | ov_104 | 1.700928759097979 × 10^282 |
| 105 | ov_105 | 1.4350515092359982 × 10^282 |
| 106 | ov_106 | 1.2262573901522161 × 10^282 |
| 107 | ov_107 | 1.0591102391999797 × 10^282 |
| 108 | ov_108 | 9.189743806748235 × 10^281 |
| 109 | ov_109 | 7.919777177660043 × 10^281 |
| 110 | ov_110 | 6.774125400010085 × 10^281 |
| 111 | ov_111 | 5.745915395431272 × 10^281 |
| 112 | ov_112 | 4.8284367791700216 × 10^281 |
| 113 | ov_113 | 4.015106637344375 × 10^281 |
| 114 | ov_114 | 3.2994399777983766 × 10^281 |
| 115 | ov_115 | 2.6750254191882683 × 10^281 |
| 116 | ov_116 | 2.135505683571209 × 10^281 |
| 117 | ov_117 | 1.6745624581773226 × 10^281 |
| 118 | ov_118 | 1.2859051923283795 × 10^281 |
| 119 | ov_119 | 9.632630393246125 × 10^280 |
| 120 | ov_120 | 7.003788511117164 × 10^280 |
| 121 | ov_121 | 4.910045983517065 × 10^280 |
| 122 | ov_122 | 3.2889799909381205 × 10^280 |
| 123 | ov_123 | 2.078201392562391 × 10^280 |
| 124 | ov_124 | 1.2153386813267328 × 10^280 |
| 125 | ov_125 | 6.380280484629299 × 10^279 |
| 126 | ov_126 | 2.8390831797500657 × 10^279 |
| 127 | aaa_77_28 | 9.061900329742366 × 10^278 |
| 128 | aaa_77_29 | 3.395058083762696 × 10^278 |
| 129 | ov_129 | 3.122310677420883 × 10^278 |
| 130 | ov_130 | 3.1223013384494252 × 10^278 |
| 131 | ov_131 | 3.1222990829095433 × 10^278 |
| 132 | ov_132 | 2.702274731510607 × 10^278 |
| 133 | ov_133 | 2.3265041457435215 × 10^278 |
| 134 | ov_134 | 1.991637001286463 × 10^278 |
| 135 | ov_135 | 1.6944996208871668 × 10^278 |
| 136 | ov_136 | 1.4320822813955723 × 10^278 |
| 137 | ov_137 | 1.2015283541402589 × 10^278 |
| 138 | ov_138 | 1.0001250988987496 × 10^278 |
| 139 | ov_139 | 8.252959407378948 × 10^277 |
| 140 | ov_140 | 6.745940677930621 × 10^277 |
| 141 | ov_141 | 5.4569719667188325 × 10^277 |
| 142 | ov_142 | 4.364033606576801 × 10^277 |
| 143 | ov_143 | 3.4462758428759455 × 10^277 |
| 144 | ov_144 | 2.6839931622020066 × 10^277 |
| 145 | ov_145 | 2.0586050060806775 × 10^277 |
| 146 | ov_146 | 1.5526417546632288 × 10^277 |
| 147 | ov_147 | 1.1497349478701845 × 10^277 |
| 148 | ov_148 | 8.346107939580316 × 10^276 |
| 149 | ov_149 | 5.930860978500289 × 10^276 |
| 150 | ov_150 | 4.1206582388023193 × 10^276 |
| 151 | ov_151 | 2.795416235242128 × 10^276 |
| 152 | ov_152 | 1.8459086530364614 × 10^276 |
| 153 | ov_153 | 1.1737594715542404 × 10^276 |
| 154 | ov_154 | 6.914381649841676 × 10^275 |
| 155 | ov_155 | 3.578903480663611 × 10^275 |
| 156 | aaa_76_25 | 1.3748226796688475 × 10^275 |
| 157 | aaa_76_26 | 7.935075073555107 × 10^274 |
| 158 | aaa_76_27 | 4.059409811042584 × 10^274 |
| 159 | aaa_76_28 | 1.5792909097951122 × 10^274 |
| 160 | aaa_76_29 | 4.7990243502001283 × 10^273 |

### Output Bits Sorted by Complexity

| Rank | Output Bit | Complexity |
|:----:|:----------:|:----------:|
| 160 | aaa_76_29 | 4.7990243502001283 × 10^273 |
| 159 | aaa_76_28 | 1.5792909097951122 × 10^274 |
| 158 | aaa_76_27 | 4.059409811042584 × 10^274 |
| 157 | aaa_76_26 | 7.935075073555107 × 10^274 |
| 156 | aaa_76_25 | 1.3748226796688475 × 10^275 |
| 155 | ov_155 | 3.578903480663611 × 10^275 |
| 154 | ov_154 | 6.914381649841676 × 10^275 |
| 153 | ov_153 | 1.1737594715542404 × 10^276 |
| 152 | ov_152 | 1.8459086530364614 × 10^276 |
| 151 | ov_151 | 2.795416235242128 × 10^276 |
| 150 | ov_150 | 4.1206582388023193 × 10^276 |
| 149 | ov_149 | 5.930860978500289 × 10^276 |
| 148 | ov_148 | 8.346107939580316 × 10^276 |
| 147 | ov_147 | 1.1497349478701845 × 10^277 |
| 146 | ov_146 | 1.5526417546632288 × 10^277 |
| 145 | ov_145 | 2.0586050060806775 × 10^277 |
| 144 | ov_144 | 2.6839931622020066 × 10^277 |
| 143 | ov_143 | 3.4462758428759455 × 10^277 |
| 142 | ov_142 | 4.364033606576801 × 10^277 |
| 141 | ov_141 | 5.4569719667188325 × 10^277 |
| 140 | ov_140 | 6.745940677930621 × 10^277 |
| 139 | ov_139 | 8.252959407378948 × 10^277 |
| 138 | ov_138 | 1.0001250988987496 × 10^278 |
| 137 | ov_137 | 1.2015283541402589 × 10^278 |
| 136 | ov_136 | 1.4320822813955723 × 10^278 |
| 135 | ov_135 | 1.6944996208871668 × 10^278 |
| 134 | ov_134 | 1.991637001286463 × 10^278 |
| 133 | ov_133 | 2.3265041457435215 × 10^278 |
| 132 | ov_132 | 2.702274731510607 × 10^278 |
| 131 | ov_131 | 3.1222990829095433 × 10^278 |
| 130 | ov_130 | 3.1223013384494252 × 10^278 |
| 129 | ov_129 | 3.122310677420883 × 10^278 |
| 128 | aaa_77_29 | 3.395058083762696 × 10^278 |
| 127 | aaa_77_28 | 9.061900329742366 × 10^278 |
| 126 | ov_126 | 2.8390831797500657 × 10^279 |
| 125 | ov_125 | 6.380280484629299 × 10^279 |
| 124 | ov_124 | 1.2153386813267328 × 10^280 |
| 123 | ov_123 | 2.078201392562391 × 10^280 |
| 122 | ov_122 | 3.2889799909381205 × 10^280 |
| 121 | ov_121 | 4.910045983517065 × 10^280 |
| 120 | ov_120 | 7.003788511117164 × 10^280 |
| 119 | ov_119 | 9.632630393246125 × 10^280 |
| 118 | ov_118 | 1.2859051923283795 × 10^281 |
| 117 | ov_117 | 1.6745624581773226 × 10^281 |
| 116 | ov_116 | 2.135505683571209 × 10^281 |
| 115 | ov_115 | 2.6750254191882683 × 10^281 |
| 114 | ov_114 | 3.2994399777983766 × 10^281 |
| 113 | ov_113 | 4.015106637344375 × 10^281 |
| 112 | ov_112 | 4.8284367791700216 × 10^281 |
| 111 | ov_111 | 5.745915395431272 × 10^281 |
| 110 | ov_110 | 6.774125400010085 × 10^281 |
| 109 | ov_109 | 7.919777177660043 × 10^281 |
| 108 | ov_108 | 9.189743806748235 × 10^281 |
| 107 | ov_107 | 1.0591102391999797 × 10^282 |
| 106 | ov_106 | 1.2262573901522161 × 10^282 |
| 105 | ov_105 | 1.4350515092359982 × 10^282 |
| 104 | ov_104 | 1.700928759097979 × 10^282 |
| 103 | ov_103 | 2.040169716147698 × 10^282 |
| 102 | ov_102 | 2.4699511504076024 × 10^282 |
| 101 | ov_101 | 3.008406539522333 × 10^282 |
| 100 | ov_100 | 3.674696246271621 × 10^282 |
| 99 | ov_099 | 4.489088338842464 × 10^282 |
| 98 | ov_098 | 4.4891145805764104 × 10^282 |
| 97 | ov_097 | 4.4891967777823506 × 10^282 |
| 96 | aaa_78_29 | 7.617816920358802 × 10^282 |
| 95 | aaa_78_28 | 2.5696483019646716 × 10^283 |
| 94 | ov_094 | 8.51301311877149 × 10^283 |
| 93 | ov_093 | 2.0361923439569394 × 10^284 |
| 92 | ov_092 | 4.169564004868321 × 10^284 |
| 91 | ov_091 | 7.714090859728179 × 10^284 |
| 90 | ov_090 | 1.3237212643444871 × 10^285 |
| 89 | ov_089 | 2.141117512220679 × 10^285 |
| 88 | ov_088 | 3.301311324492221 × 10^285 |
| 87 | ov_087 | 4.9702334003829926 × 10^285 |
| 86 | ov_086 | 7.334845577934848 × 10^285 |
| 85 | ov_085 | 1.0603199697497914 × 10^286 |
| 84 | ov_084 | 1.500452180750737 × 10^286 |
| 83 | ov_083 | 2.078932670302659 × 10^286 |
| 82 | ov_082 | 2.822956778874651 × 10^286 |
| 81 | ov_081 | 3.761882726040933 × 10^286 |
| 80 | ov_080 | 4.927255160253431 × 10^286 |
| 64 | lv_79_m31 | 5.002657754725237 × 10^286 |
| 79 | ov_079 | 6.352833740657774 × 10^286 |
| 78 | ov_078 | 8.074627252313712 × 10^286 |
| 77 | ov_077 | 1.0130933757560712 × 10^287 |
| 76 | ov_076 | 1.2562387288229057 × 10^287 |
| 75 | ov_075 | 1.5412011586145762 × 10^287 |
| 74 | ov_074 | 1.8725281403199695 × 10^287 |
| 73 | ov_073 | 2.2550191877439998 × 10^287 |
| 63 | ov_063 | 2.5684863132462115 × 10^287 |
| 72 | ov_072 | 2.6937336508653613 × 10^287 |
| 71 | ov_071 | 3.1939994266002588 × 10^287 |
| 70 | ov_070 | 3.761422637203686 × 10^287 |
| 69 | ov_069 | 4.401898463612473 × 10^287 |
| 68 | ov_068 | 5.1216237243776065 × 10^287 |
| 67 | ov_067 | 5.927112216882506 × 10^287 |
| 66 | ov_066 | 5.927115609292075 × 10^287 |
| 65 | ov_065 | 5.927130084335131 × 10^287 |
| 62 | ov_062 | 1.3184113664373968 × 10^288 |
| 61 | ov_061 | 4.808098906626479 × 10^288 |
| 60 | ov_060 | 1.3770112215698425 × 10^289 |
| 59 | ov_059 | 3.3241081263378717 × 10^289 |
| 58 | ov_058 | 6.748899668844732 × 10^289 |
| 57 | ov_057 | 1.219751607714495 × 10^290 |
| 56 | ov_056 | 2.0335422984945726 × 10^290 |
| 55 | ov_055 | 3.1947433280955772 × 10^290 |
| 54 | ov_054 | 4.793773342072064 × 10^290 |
| 53 | ov_053 | 6.932993440996267 × 10^290 |
| 52 | ov_052 | 9.829077278249398 × 10^290 |
| 51 | ov_051 | 1.3722616158530234 × 10^291 |
| 50 | ov_050 | 1.8878156550993104 × 10^291 |
| 49 | ov_049 | 2.5584256330376914 × 10^291 |
| 48 | ov_048 | 3.4153566321064294 × 10^291 |
| 47 | ov_047 | 4.4922946995311335 × 10^291 |
| 32 | lv_80_m31 | 5.505893255368162 × 10^291 |
| 46 | ov_046 | 5.825363377012814 × 10^291 |
| 45 | ov_045 | 7.453146670483914 × 10^291 |
| 44 | ov_044 | 9.416720209247774 × 10^291 |
| 43 | ov_043 | 1.1759692513734547 × 10^292 |
| 42 | ov_042 | 1.4528258462091739 × 10^292 |
| 41 | ov_041 | 1.777126721818288 × 10^292 |
| 40 | ov_040 | 2.151520943604005 × 10^292 |
| 39 | ov_039 | 2.5788026186032733 × 10^292 |
| 31 | ov_031 | 2.824009260845701 × 10^292 |
| 38 | ov_038 | 3.0647119280809114 × 10^292 |
| 37 | ov_037 | 3.615301253651622 × 10^292 |
| 36 | ov_036 | 4.2369532122233255 × 10^292 |
| 35 | ov_035 | 4.936401869118138 × 10^292 |
| 34 | ov_034 | 5.720757483509764 × 10^292 |
| 33 | ov_033 | 6.597535160219162 × 10^292 |
| 30 | ov_030 | 1.4482093535626164 × 10^293 |
| 29 | ov_029 | 4.738374402064603 × 10^293 |
| 28 | ov_028 | 1.2300328823600722 × 10^294 |
| 27 | ov_027 | 2.7496839534886913 × 10^294 |
| 26 | ov_026 | 5.499368845886165 × 10^294 |
| 25 | ov_025 | 1.0075968778601677 × 10^295 |
| 24 | ov_024 | 1.7206673818549442 × 10^295 |
| 23 | ov_023 | 2.8476189952650574 × 10^295 |
| 22 | ov_022 | 4.5729915762042203 × 10^295 |
| 21 | ov_021 | 7.10740654667817 × 10^295 |
| 20 | ov_020 | 1.0687589354234717 × 10^296 |
| 19 | ov_019 | 1.5576406178844358 × 10^296 |
| 18 | ov_018 | 2.2062919731569 × 10^296 |
| 17 | ov_017 | 3.0462469946346023 × 10^296 |
| 16 | ov_016 | 4.1116786321154225 × 10^296 |
| 15 | ov_015 | 5.439414064371253 × 10^296 |
| 14 | ov_014 | 7.068955298307971 × 10^296 |
| 13 | ov_013 | 9.04250683344235 × 10^296 |
| 12 | ov_012 | 1.1405012412366856 × 10^297 |
| 11 | ov_011 | 1.4204203069785412 × 10^297 |
| 10 | ov_010 | 1.749065888518294 × 10^297 |
| 9 | ov_009 | 2.1317887037487368 × 10^297 |
| 8 | ov_008 | 2.5742418954536217 × 10^297 |
| 7 | ov_007 | 3.082392954622631 × 10^297 |
| 6 | ov_006 | 3.6625381708493696 × 10^297 |
| 5 | ov_005 | 4.3213199486476634 × 10^297 |
| 4 | ov_004 | 5.065747349025301 × 10^297 |
| 3 | ov_003 | 5.903220211550896 × 10^297 |
| 2 | ov_002 | 6.841557157073889 × 10^297 |
| 1 | ov_001 | 7.889027740648646 × 10^297 |

