# Results for F001-F002-F003-F004-F005-F006-F007-F008-F009-F010-F011-F012-F013-F014-F015-F016-F017-F018-F019-F020-F021-F022-F023-F024-F025-F026-F027-F028-F029-F030-F031-F032-F033-F034-F035-F036-F037-F038-F039-F040-F041-F042-F043-F044-F045-F046-F047-F048-F049-F050-F051-F052-F053-F054-F055-F056-F057-F058-F059-F060-F061-F062-F063-F064-F065-F066-F067-F068-F069-F070-F071-F072-F073-F074-F075-F076-F077-F078-F079-F080-F081-F082-F083-F084-F085-F086-F087-F088-F089-F090-F091-F092-F093-F094-F095-F096-F097-F098-F099-F100-F101-F102-F103-F104-F105-F106-F107-F108-F109-F110-F111-F112-F113-F114-F115-F116-F117-F118-F119-F120-F121-F122-F123-F124-F125-F126-F127-F128-F129-F130-F131-F132-F133-F134-F135-F136-F137-F138-F139-F140-F141-F142-F143-F144-F145-F146-F147-F148-F149-F150-F151-F152-F153-F154-F155-F156-F157-F158-F159-F160-F161-F162-F163-F164-F165-F166-F167-F168-F169-F170-F171-F172-F173-F174-F175-F176-F177-F178-F179-F180-F181-F182-F183-F184-F185-F186-F187-F188-F189-F190-F191-F192-F193-F194-F195-F196-F197-F198-F199-F200-F201-F202-F203-F204-F205-F206-F207-F208-F209-F210-F211-F212-F213-F214-F215-F216-F217-F218-F219-F220-F221-F222-F223-F224-F225-F226-F227-F228-F229-F230-F231-F232-F233-F234-F235-F236-F237-F238-F239-F240-F241-F242-F243-F244-F245-F246-F247-F248-F249-F250-F251-F252-F253-F254-F255-F256-F257-F258-F259-F260-F261-F262-F263-F264-F265-F266-F267-F268-F269-F270-F271-F272-F273-F274-F275-F276-F277-F278-F279-F280-F281-F282-F283-F284-F285-F286-F287-F288-F289-F290-F291-F292-F293-F294-F295-F296-F297-F298-F299-F300-F301-F302-F303-F304-F305-F306-F307-F308-F309-F310-F311-F312-F313-F314-F315-F316-F317-F318-F319-F320-F321-F322-F323-F324-F325-F326-F327-F328-F329-F330-F331-F332-F333-F334-F335-F336-F337-F338-F339-F340-F341-F342-F343-F344-F345-F346-F347-F348-F349-F350-F351-F352-F353-F354-F355-F356-F357-F358-F359-F360-F361-F362-F363-F364-F365-F366-F367-F368-F369-F370-F371-F372-F373-F374-F375-F376-F377-F378-F379-F380-F381-F382-F383-F384-F385-F386-F387-F388-F389-F390-F391-F392-F393-F394-F395-F396-F397-F398-F399-F400-F401-F402-F403-F404-F405-F406-F407-F408-F409-F410-F411-F412-F413-F414-F415-F416-F417-F418-F419-F420-F421-F422-F423-F424-F425-F426-F427-F428-F429-F430-F431-F432-F433-F434-F435-F436-F437-F438-F439-F440-F441-F442-F443-F444-F445-F446-F447-F448-F449-F450-F451-F452-F453-F454-F455-F456-F457-F458-F459-F460-F461-F462-F463-F464-F465-F466-F467-F468-F469-F470-F471-F472-F473-F474-F475-F476-F477-F478-F479-F480-F481-F482-F483-F484-F485-F486-F487-F488-F489-F490-F491-F492-F493-F494-F495-F496-O500505-F509-F510-F511-F512

## Summary

Number of input bits: 512  
Number of free input bits: 11  
Number of output bits: 160

Number of direct occurrences: 44056  
Number of assignments: 31116  
Number of operations: 10866246
(xor: 10838221,
and: 14726,
or: 13299)

Total complexity: 2.3375721727818386 × 10^298

Least occurring input variable: iv_502 (3787)  
Most occurring input variable: iv_500 (4251)

Most co-occurring input variables: iv_497-iv_507 (2020)  
Least co-occurring input variables: iv_499-iv_502 (1710)

Potentially most occurring input variable: iv_500/iv_508 (4424)  
Potentially least occurring input variable: iv_504/iv_506 (4105)

Least output occurring input variable: iv_502 (71)  
Most output occurring input variable: iv_497 (93)

Most output co-occurring input variables: iv_497-iv_506 (51)  
Least output co-occurring input variables: iv_499-iv_504 (30)

Potentially most output occurring input variable: iv_500/iv_507 (90)  
Potentially least output occurring input variable: iv_498/iv_503 (68)

Least complex input bit: iv_497 (8.296231597323514 × 10^295)  
Most complex input bit: iv_500 (5.407768943488773 × 10^297)

Least complex output bit: aaa_76_29 (5.306473402563192 × 10^273)  
Most complex output bit: ov_001 (3.7391479066068515 × 10^297)

Least complex input/output complexity: iv_497/aaa_76_29 (1.8833100780931566 × 10^271)  
Most complex input/output complexity: iv_500/ov_001 (8.650191921302741 × 10^296)

## Input Bits

### Input Bits in Regular Order

| Input Bit | Complexity | Occurrences | Output Occurrences |
|:---------:|:----------:|:-----------:|:------------------:|
| iv_497 | 8.296231597323514 × 10^295 | 4101 | 93 |
| iv_498 | 1.660207250587551 × 10^296 | 3900 | 88 |
| iv_499 | 2.9316143307250067 × 10^296 | 3860 | 72 |
| iv_500 | 5.407768943488773 × 10^297 | 4251 | 82 |
| iv_501 | 8.122973113871837 × 10^296 | 4044 | 83 |
| iv_502 | 1.309501000563691 × 10^297 | 3787 | 71 |
| iv_503 | 2.073936574001589 × 10^297 | 4030 | 82 |
| iv_504 | 3.2210351886442824 × 10^297 | 3884 | 71 |
| iv_506 | 2.4580134151796367 × 10^297 | 3929 | 81 |
| iv_507 | 3.49770838459154 × 10^297 | 4147 | 76 |
| iv_508 | 4.053316435857242 × 10^297 | 4123 | 78 |

### Input Bits Sorted by Complexity

| Input Bit | Complexity | Occurrences | Output Occurrences |
|:---------:|:----------:|:-----------:|:------------------:|
| iv_497 | 8.296231597323514 × 10^295 | 4101 | 93 |
| iv_498 | 1.660207250587551 × 10^296 | 3900 | 88 |
| iv_499 | 2.9316143307250067 × 10^296 | 3860 | 72 |
| iv_501 | 8.122973113871837 × 10^296 | 4044 | 83 |
| iv_502 | 1.309501000563691 × 10^297 | 3787 | 71 |
| iv_503 | 2.073936574001589 × 10^297 | 4030 | 82 |
| iv_506 | 2.4580134151796367 × 10^297 | 3929 | 81 |
| iv_504 | 3.2210351886442824 × 10^297 | 3884 | 71 |
| iv_507 | 3.49770838459154 × 10^297 | 4147 | 76 |
| iv_508 | 4.053316435857242 × 10^297 | 4123 | 78 |
| iv_500 | 5.407768943488773 × 10^297 | 4251 | 82 |

### Input Bits Sorted by Occurrences

| Input Bit | Complexity | Occurrences | Output Occurrences |
|:---------:|:----------:|:-----------:|:------------------:|
| iv_502 | 1.309501000563691 × 10^297 | 3787 | 71 |
| iv_499 | 2.9316143307250067 × 10^296 | 3860 | 72 |
| iv_504 | 3.2210351886442824 × 10^297 | 3884 | 71 |
| iv_498 | 1.660207250587551 × 10^296 | 3900 | 88 |
| iv_506 | 2.4580134151796367 × 10^297 | 3929 | 81 |
| iv_503 | 2.073936574001589 × 10^297 | 4030 | 82 |
| iv_501 | 8.122973113871837 × 10^296 | 4044 | 83 |
| iv_497 | 8.296231597323514 × 10^295 | 4101 | 93 |
| iv_508 | 4.053316435857242 × 10^297 | 4123 | 78 |
| iv_507 | 3.49770838459154 × 10^297 | 4147 | 76 |
| iv_500 | 5.407768943488773 × 10^297 | 4251 | 82 |

### Input Bits Sorted by Output Occurrences

| Input Bit | Complexity | Occurrences | Output Occurrences |
|:---------:|:----------:|:-----------:|:------------------:|
| iv_502 | 1.309501000563691 × 10^297 | 3787 | 71 |
| iv_504 | 3.2210351886442824 × 10^297 | 3884 | 71 |
| iv_499 | 2.9316143307250067 × 10^296 | 3860 | 72 |
| iv_507 | 3.49770838459154 × 10^297 | 4147 | 76 |
| iv_508 | 4.053316435857242 × 10^297 | 4123 | 78 |
| iv_506 | 2.4580134151796367 × 10^297 | 3929 | 81 |
| iv_503 | 2.073936574001589 × 10^297 | 4030 | 82 |
| iv_500 | 5.407768943488773 × 10^297 | 4251 | 82 |
| iv_501 | 8.122973113871837 × 10^296 | 4044 | 83 |
| iv_498 | 1.660207250587551 × 10^296 | 3900 | 88 |
| iv_497 | 8.296231597323514 × 10^295 | 4101 | 93 |

## Input Bit Co-occurrences

### Input Bit Co-occurrences Sorted by Co-occurrences

| Input Bits | Co-occurrences | Potential Occurrences | Output Co-occurrences | Potential Output Occurrences |
|:----------:|:--------------:|:---------------------:|:---------------------:|:----------------------------:|
| iv_497-iv_507 | 2020 | 4208 | 44 | 81 |
| iv_500-iv_507 | 2014 | 4370 | 34 | 90 |
| iv_497-iv_500 | 2013 | 4326 | 45 | 85 |
| iv_500-iv_501 | 2000 | 4295 | 42 | 81 |
| iv_497-iv_501 | 1985 | 4175 | 48 | 80 |
| iv_500-iv_508 | 1975 | 4424 | 39 | 82 |
| iv_506-iv_507 | 1966 | 4144 | 39 | 79 |
| iv_507-iv_508 | 1961 | 4348 | 33 | 88 |
| iv_500-iv_506 | 1958 | 4264 | 42 | 79 |
| iv_497-iv_503 | 1957 | 4217 | 44 | 87 |
| iv_501-iv_503 | 1956 | 4162 | 48 | 69 |

### Input Bit Co-occurrences Sorted by Potential Occurrences

| Input Bits | Co-occurrences | Potential Occurrences | Output Co-occurrences | Potential Output Occurrences |
|:----------:|:--------------:|:---------------------:|:---------------------:|:----------------------------:|
| iv_504-iv_506 | 1854 | 4105 | 38 | 76 |
| iv_499-iv_504 | 1817 | 4110 | 30 | 83 |
| iv_506-iv_507 | 1966 | 4144 | 39 | 79 |
| iv_497-iv_504 | 1912 | 4161 | 44 | 76 |
| iv_501-iv_503 | 1956 | 4162 | 48 | 69 |
| iv_498-iv_504 | 1810 | 4164 | 40 | 79 |
| iv_498-iv_499 | 1797 | 4166 | 44 | 72 |
| iv_498-iv_506 | 1829 | 4171 | 41 | 87 |
| iv_497-iv_501 | 1985 | 4175 | 48 | 80 |
| iv_502-iv_504 | 1745 | 4181 | 33 | 76 |
| iv_499-iv_501 | 1860 | 4184 | 33 | 89 |

### Input Bit Output Co-occurrences Sorted by Output Co-occurrences

| Input Bits | Co-occurrences | Potential Occurrences | Output Co-occurrences | Potential Output Occurrences |
|:----------:|:--------------:|:---------------------:|:---------------------:|:----------------------------:|
| iv_498-iv_503 | 1850 | 4230 | 51 | 68 |
| iv_497-iv_506 | 1918 | 4194 | 51 | 72 |
| iv_497-iv_498 | 1873 | 4255 | 50 | 81 |
| iv_498-iv_501 | 1849 | 4246 | 48 | 75 |
| iv_501-iv_503 | 1956 | 4162 | 48 | 69 |
| iv_497-iv_501 | 1985 | 4175 | 48 | 80 |
| iv_497-iv_500 | 2013 | 4326 | 45 | 85 |
| iv_498-iv_500 | 1925 | 4301 | 45 | 80 |
| iv_497-iv_503 | 1957 | 4217 | 44 | 87 |
| iv_497-iv_504 | 1912 | 4161 | 44 | 76 |
| iv_497-iv_507 | 2020 | 4208 | 44 | 81 |

### Input Bit Output Co-occurrences Sorted by Potential Output Occurrences

| Input Bits | Co-occurrences | Potential Occurrences | Output Co-occurrences | Potential Output Occurrences |
|:----------:|:--------------:|:---------------------:|:---------------------:|:----------------------------:|
| iv_498-iv_503 | 1850 | 4230 | 51 | 68 |
| iv_501-iv_503 | 1956 | 4162 | 48 | 69 |
| iv_497-iv_506 | 1918 | 4194 | 51 | 72 |
| iv_499-iv_500 | 1935 | 4241 | 41 | 72 |
| iv_499-iv_507 | 1890 | 4227 | 38 | 72 |
| iv_498-iv_499 | 1797 | 4166 | 44 | 72 |
| iv_503-iv_507 | 1918 | 4341 | 42 | 74 |
| iv_498-iv_501 | 1849 | 4246 | 48 | 75 |
| iv_501-iv_508 | 1917 | 4333 | 43 | 75 |
| iv_502-iv_507 | 1858 | 4218 | 36 | 75 |
| iv_502-iv_504 | 1745 | 4181 | 33 | 76 |

## Output Bits

### Output Bits in Regular Order

| Rank | Output Bit | Complexity |
|:----:|:----------:|:----------:|
| 1 | ov_001 | 3.7391479066068515 × 10^297 |
| 2 | ov_002 | 3.242682849313727 × 10^297 |
| 3 | ov_003 | 2.7979427012775355 × 10^297 |
| 4 | ov_004 | 2.401008169434947 × 10^297 |
| 5 | ov_005 | 2.0481736581621754 × 10^297 |
| 6 | ov_006 | 1.735932031996556 × 10^297 |
| 7 | ov_007 | 1.4609613456421773 × 10^297 |
| 8 | ov_008 | 1.2201134134309931 × 10^297 |
| 9 | ov_009 | 1.0104040759017448 × 10^297 |
| 10 | ov_010 | 8.29004995049716 × 10^296 |
| 11 | ov_011 | 6.7323680786383 × 10^296 |
| 12 | ov_012 | 5.405634775001264 × 10^296 |
| 13 | ov_013 | 4.285876909908394 × 10^296 |
| 14 | ov_014 | 3.350471617981578 × 10^296 |
| 15 | ov_015 | 2.57811704825868 × 10^296 |
| 16 | ov_016 | 1.948809607281967 × 10^296 |
| 17 | ov_017 | 1.4438265552490125 × 10^296 |
| 18 | ov_018 | 1.0457129066120471 × 10^296 |
| 19 | ov_019 | 7.38271677524917 × 10^295 |
| 20 | ov_020 | 5.065566561961534 × 10^295 |
| 21 | ov_021 | 3.368670857590394 × 10^295 |
| 22 | ov_022 | 2.1674384576352306 × 10^295 |
| 23 | ov_023 | 1.3496681218522283 × 10^295 |
| 24 | ov_024 | 8.155312111634876 × 10^294 |
| 25 | ov_025 | 4.775610656354279 × 10^294 |
| 26 | ov_026 | 2.6064718753117704 × 10^294 |
| 27 | ov_027 | 1.3032288540121207 × 10^294 |
| 28 | ov_028 | 5.829777923655579 × 10^293 |
| 29 | ov_029 | 2.2457525561430154 × 10^293 |
| 30 | ov_030 | 6.863745383861133 × 10^292 |
| 31 | ov_031 | 1.3384212704097837 × 10^292 |
| 32 | lv_80_m31 | 2.6094642200061538 × 10^291 |
| 33 | ov_033 | 3.126590761254565 × 10^292 |
| 34 | ov_034 | 2.711002344305532 × 10^292 |
| 35 | ov_035 | 2.3392306291367184 × 10^292 |
| 36 | ov_036 | 2.0077126568686424 × 10^292 |
| 37 | ov_037 | 1.7130770745474143 × 10^292 |
| 38 | ov_038 | 1.452130652524862 × 10^292 |
| 39 | ov_039 | 1.2218466461378595 × 10^292 |
| 40 | ov_040 | 1.0193548205696763 × 10^292 |
| 41 | ov_041 | 8.419329688273305 × 10^291 |
| 42 | ov_042 | 6.882560222905336 × 10^291 |
| 43 | ov_043 | 5.5706772191446903 × 10^291 |
| 44 | ov_044 | 4.4605164874774314 × 10^291 |
| 45 | ov_045 | 3.530173699227345 × 10^291 |
| 46 | ov_046 | 2.758972215231443 × 10^291 |
| 47 | ov_047 | 2.1274376863124693 × 10^291 |
| 48 | ov_048 | 1.6172783729190675 × 10^291 |
| 49 | ov_049 | 1.211370212567742 × 10^291 |
| 50 | ov_050 | 8.937457434806443 × 10^290 |
| 51 | ov_051 | 6.495860714015879 × 10^290 |
| 52 | ov_052 | 4.652151442773804 × 10^290 |
| 53 | ov_053 | 3.2809570813163996 × 10^290 |
| 54 | ov_054 | 2.268264840500343 × 10^290 |
| 55 | ov_055 | 1.511402582341253 × 10^290 |
| 56 | ov_056 | 9.618675049277973 × 10^289 |
| 57 | ov_057 | 5.768186187612596 × 10^289 |
| 58 | ov_058 | 3.1907400358990545 × 10^289 |
| 59 | ov_059 | 1.5710935143735626 × 10^289 |
| 60 | ov_060 | 6.505729050058718 × 10^288 |
| 61 | ov_061 | 2.270713587373361 × 10^288 |
| 62 | ov_062 | 6.224113159742464 × 10^287 |
| 63 | ov_063 | 1.2121008760328675 × 10^287 |
| 64 | lv_79_m31 | 2.3599564259644153 × 10^286 |
| 65 | ov_065 | 2.8033403858701185 × 10^287 |
| 66 | ov_066 | 2.8033314096467242 × 10^287 |
| 67 | ov_067 | 2.803329212688884 × 10^287 |
| 68 | ov_068 | 2.4200756348968603 × 10^287 |
| 69 | ov_069 | 2.078530531755974 × 10^287 |
| 70 | ov_070 | 1.7752941013097986 × 10^287 |
| 71 | ov_071 | 1.5071757964965145 × 10^287 |
| 72 | ov_072 | 1.2711801536099565 × 10^287 |
| 73 | ov_073 | 1.0644938721470411 × 10^287 |
| 74 | ov_074 | 8.844740801897493 × 10^286 |
| 75 | ov_075 | 7.286377219613144 × 10^286 |
| 76 | ov_076 | 5.946520062291132 × 10^286 |
| 77 | ov_077 | 4.803258558609098 × 10^286 |
| 78 | ov_078 | 3.836023001371635 × 10^286 |
| 79 | ov_079 | 3.025517524321976 × 10^286 |
| 80 | ov_080 | 2.353661166479038 × 10^286 |
| 81 | ov_081 | 1.8035366635972308 × 10^286 |
| 82 | ov_082 | 1.3593464105649007 × 10^286 |
| 83 | ov_083 | 1.0063750415969304 × 10^286 |
| 84 | ov_084 | 7.309580772438171 × 10^285 |
| 85 | ov_085 | 5.2045608876516206 × 10^285 |
| 86 | ov_086 | 3.632338314635688 × 10^285 |
| 87 | ov_087 | 2.4864379926646315 × 10^285 |
| 88 | ov_088 | 1.670136532756892 × 10^285 |
| 89 | ov_089 | 1.0963697725663423 × 10^285 |
| 90 | ov_090 | 6.876681317243008 × 10^284 |
| 91 | ov_091 | 4.076889515960176 × 10^284 |
| 92 | ov_092 | 2.248575799145546 × 10^284 |
| 93 | ov_093 | 1.1235822500667464 × 10^284 |
| 94 | ov_094 | 4.8129457419838025 × 10^283 |
| 95 | aaa_78_28 | 1.4862371511702527 × 10^283 |
| 96 | aaa_78_29 | 4.5645202278884936 × 10^282 |
| 97 | ov_097 | 3.015057928204339 × 10^282 |
| 98 | ov_098 | 3.014967193302551 × 10^282 |
| 99 | ov_099 | 3.014938176766467 × 10^282 |
| 100 | ov_100 | 2.713253126019133 × 10^282 |
| 101 | ov_101 | 2.4338069886212312 × 10^282 |
| 102 | ov_102 | 2.175381083962892 × 10^282 |
| 103 | ov_103 | 1.9368460976456598 × 10^282 |
| 104 | ov_104 | 1.7171503133573757 × 10^282 |
| 105 | ov_105 | 1.515308927549248 × 10^282 |
| 106 | ov_106 | 1.330394391726197 × 10^282 |
| 107 | ov_107 | 1.1615277290378541 × 10^282 |
| 108 | ov_108 | 1.007870773341032 × 10^282 |
| 109 | ov_109 | 8.686192800531783 × 10^281 |
| 110 | ov_110 | 7.429968589817067 × 10^281 |
| 111 | ov_111 | 6.302496799454712 × 10^281 |
| 112 | ov_112 | 5.296419024476827 × 10^281 |
| 113 | ov_113 | 4.4045178095628924 × 10^281 |
| 114 | ov_114 | 3.619683975366136 × 10^281 |
| 115 | ov_115 | 2.9348897369626044 × 10^281 |
| 116 | ov_116 | 2.3431671337253263 × 10^281 |
| 117 | ov_117 | 1.8375912903794496 × 10^281 |
| 118 | ov_118 | 1.4112680293066011 × 10^281 |
| 119 | ov_119 | 1.0573249603664431 × 10^281 |
| 120 | ov_120 | 7.6890484055949325 × 10^280 |
| 121 | ov_121 | 5.391605098160666 × 10^280 |
| 122 | ov_122 | 3.6125116318267696 × 10^280 |
| 123 | ov_123 | 2.2833971969343314 × 10^280 |
| 124 | ov_124 | 1.335910482173263 × 10^280 |
| 125 | ov_125 | 7.017086885464635 × 10^279 |
| 126 | ov_126 | 3.124519282185255 × 10^279 |
| 127 | aaa_77_28 | 9.980107568488466 × 10^278 |
| 128 | aaa_77_29 | 3.7432828490467035 × 10^278 |
| 129 | ov_129 | 3.4370799065622406 × 10^278 |
| 130 | ov_130 | 3.437069580087518 × 10^278 |
| 131 | ov_131 | 3.437067086046746 × 10^278 |
| 132 | ov_132 | 2.9787829580642347 × 10^278 |
| 133 | ov_133 | 2.5678935865539843 × 10^278 |
| 134 | ov_134 | 2.200694383748489 × 10^278 |
| 135 | ov_135 | 1.8736760876189485 × 10^278 |
| 136 | ov_136 | 1.5835107267529667 × 10^278 |
| 137 | ov_137 | 1.3285780167776457 × 10^278 |
| 138 | ov_138 | 1.1058783721964018 × 10^278 |
| 139 | ov_139 | 9.125627709258444 × 10^277 |
| 140 | ov_140 | 7.459256751038485 × 10^277 |
| 141 | ov_141 | 6.033992429868563 × 10^277 |
| 142 | ov_142 | 4.8254867179774295 × 10^277 |
| 143 | ov_143 | 3.810685206736859 × 10^277 |
| 144 | ov_144 | 2.9677987208508325 × 10^277 |
| 145 | ov_145 | 2.2762819927496287 × 10^277 |
| 146 | ov_146 | 1.7168181641897407 × 10^277 |
| 147 | ov_147 | 1.2713079733808352 × 10^277 |
| 148 | ov_148 | 9.22862577148014 × 10^276 |
| 149 | ov_149 | 6.557990487241376 × 10^276 |
| 150 | ov_150 | 4.556376827782898 × 10^276 |
| 151 | ov_151 | 3.0910036746868086 × 10^276 |
| 152 | ov_152 | 2.0410951176929816 × 10^276 |
| 153 | ov_153 | 1.2978728512890036 × 10^276 |
| 154 | ov_154 | 7.64550867896159 × 10^275 |
| 155 | ov_155 | 3.9573368969601395 × 10^275 |
| 156 | aaa_76_25 | 1.5201964921454036 × 10^275 |
| 157 | aaa_76_26 | 8.77413027157604 × 10^274 |
| 158 | aaa_76_27 | 4.4886519885001425 × 10^274 |
| 159 | aaa_76_28 | 1.7462852021963853 × 10^274 |
| 160 | aaa_76_29 | 5.306473402563192 × 10^273 |

### Output Bits Sorted by Complexity

| Rank | Output Bit | Complexity |
|:----:|:----------:|:----------:|
| 160 | aaa_76_29 | 5.306473402563192 × 10^273 |
| 159 | aaa_76_28 | 1.7462852021963853 × 10^274 |
| 158 | aaa_76_27 | 4.4886519885001425 × 10^274 |
| 157 | aaa_76_26 | 8.77413027157604 × 10^274 |
| 156 | aaa_76_25 | 1.5201964921454036 × 10^275 |
| 155 | ov_155 | 3.9573368969601395 × 10^275 |
| 154 | ov_154 | 7.64550867896159 × 10^275 |
| 153 | ov_153 | 1.2978728512890036 × 10^276 |
| 152 | ov_152 | 2.0410951176929816 × 10^276 |
| 151 | ov_151 | 3.0910036746868086 × 10^276 |
| 150 | ov_150 | 4.556376827782898 × 10^276 |
| 149 | ov_149 | 6.557990487241376 × 10^276 |
| 148 | ov_148 | 9.22862577148014 × 10^276 |
| 147 | ov_147 | 1.2713079733808352 × 10^277 |
| 146 | ov_146 | 1.7168181641897407 × 10^277 |
| 145 | ov_145 | 2.2762819927496287 × 10^277 |
| 144 | ov_144 | 2.9677987208508325 × 10^277 |
| 143 | ov_143 | 3.810685206736859 × 10^277 |
| 142 | ov_142 | 4.8254867179774295 × 10^277 |
| 141 | ov_141 | 6.033992429868563 × 10^277 |
| 140 | ov_140 | 7.459256751038485 × 10^277 |
| 139 | ov_139 | 9.125627709258444 × 10^277 |
| 138 | ov_138 | 1.1058783721964018 × 10^278 |
| 137 | ov_137 | 1.3285780167776457 × 10^278 |
| 136 | ov_136 | 1.5835107267529667 × 10^278 |
| 135 | ov_135 | 1.8736760876189485 × 10^278 |
| 134 | ov_134 | 2.200694383748489 × 10^278 |
| 133 | ov_133 | 2.5678935865539843 × 10^278 |
| 132 | ov_132 | 2.9787829580642347 × 10^278 |
| 131 | ov_131 | 3.437067086046746 × 10^278 |
| 130 | ov_130 | 3.437069580087518 × 10^278 |
| 129 | ov_129 | 3.4370799065622406 × 10^278 |
| 128 | aaa_77_29 | 3.7432828490467035 × 10^278 |
| 127 | aaa_77_28 | 9.980107568488466 × 10^278 |
| 126 | ov_126 | 3.124519282185255 × 10^279 |
| 125 | ov_125 | 7.017086885464635 × 10^279 |
| 124 | ov_124 | 1.335910482173263 × 10^280 |
| 123 | ov_123 | 2.2833971969343314 × 10^280 |
| 122 | ov_122 | 3.6125116318267696 × 10^280 |
| 121 | ov_121 | 5.391605098160666 × 10^280 |
| 120 | ov_120 | 7.6890484055949325 × 10^280 |
| 119 | ov_119 | 1.0573249603664431 × 10^281 |
| 118 | ov_118 | 1.4112680293066011 × 10^281 |
| 117 | ov_117 | 1.8375912903794496 × 10^281 |
| 116 | ov_116 | 2.3431671337253263 × 10^281 |
| 115 | ov_115 | 2.9348897369626044 × 10^281 |
| 114 | ov_114 | 3.619683975366136 × 10^281 |
| 113 | ov_113 | 4.4045178095628924 × 10^281 |
| 112 | ov_112 | 5.296419024476827 × 10^281 |
| 111 | ov_111 | 6.302496799454712 × 10^281 |
| 110 | ov_110 | 7.429968589817067 × 10^281 |
| 109 | ov_109 | 8.686192800531783 × 10^281 |
| 108 | ov_108 | 1.007870773341032 × 10^282 |
| 107 | ov_107 | 1.1615277290378541 × 10^282 |
| 106 | ov_106 | 1.330394391726197 × 10^282 |
| 105 | ov_105 | 1.515308927549248 × 10^282 |
| 104 | ov_104 | 1.7171503133573757 × 10^282 |
| 103 | ov_103 | 1.9368460976456598 × 10^282 |
| 102 | ov_102 | 2.175381083962892 × 10^282 |
| 101 | ov_101 | 2.4338069886212312 × 10^282 |
| 100 | ov_100 | 2.713253126019133 × 10^282 |
| 99 | ov_099 | 3.014938176766467 × 10^282 |
| 98 | ov_098 | 3.014967193302551 × 10^282 |
| 97 | ov_097 | 3.015057928204339 × 10^282 |
| 96 | aaa_78_29 | 4.5645202278884936 × 10^282 |
| 95 | aaa_78_28 | 1.4862371511702527 × 10^283 |
| 94 | ov_094 | 4.8129457419838025 × 10^283 |
| 93 | ov_093 | 1.1235822500667464 × 10^284 |
| 92 | ov_092 | 2.248575799145546 × 10^284 |
| 91 | ov_091 | 4.076889515960176 × 10^284 |
| 90 | ov_090 | 6.876681317243008 × 10^284 |
| 89 | ov_089 | 1.0963697725663423 × 10^285 |
| 88 | ov_088 | 1.670136532756892 × 10^285 |
| 87 | ov_087 | 2.4864379926646315 × 10^285 |
| 86 | ov_086 | 3.632338314635688 × 10^285 |
| 85 | ov_085 | 5.2045608876516206 × 10^285 |
| 84 | ov_084 | 7.309580772438171 × 10^285 |
| 83 | ov_083 | 1.0063750415969304 × 10^286 |
| 82 | ov_082 | 1.3593464105649007 × 10^286 |
| 81 | ov_081 | 1.8035366635972308 × 10^286 |
| 80 | ov_080 | 2.353661166479038 × 10^286 |
| 64 | lv_79_m31 | 2.3599564259644153 × 10^286 |
| 79 | ov_079 | 3.025517524321976 × 10^286 |
| 78 | ov_078 | 3.836023001371635 × 10^286 |
| 77 | ov_077 | 4.803258558609098 × 10^286 |
| 76 | ov_076 | 5.946520062291132 × 10^286 |
| 75 | ov_075 | 7.286377219613144 × 10^286 |
| 74 | ov_074 | 8.844740801897493 × 10^286 |
| 73 | ov_073 | 1.0644938721470411 × 10^287 |
| 63 | ov_063 | 1.2121008760328675 × 10^287 |
| 72 | ov_072 | 1.2711801536099565 × 10^287 |
| 71 | ov_071 | 1.5071757964965145 × 10^287 |
| 70 | ov_070 | 1.7752941013097986 × 10^287 |
| 69 | ov_069 | 2.078530531755974 × 10^287 |
| 68 | ov_068 | 2.4200756348968603 × 10^287 |
| 67 | ov_067 | 2.803329212688884 × 10^287 |
| 66 | ov_066 | 2.8033314096467242 × 10^287 |
| 65 | ov_065 | 2.8033403858701185 × 10^287 |
| 62 | ov_062 | 6.224113159742464 × 10^287 |
| 61 | ov_061 | 2.270713587373361 × 10^288 |
| 60 | ov_060 | 6.505729050058718 × 10^288 |
| 59 | ov_059 | 1.5710935143735626 × 10^289 |
| 58 | ov_058 | 3.1907400358990545 × 10^289 |
| 57 | ov_057 | 5.768186187612596 × 10^289 |
| 56 | ov_056 | 9.618675049277973 × 10^289 |
| 55 | ov_055 | 1.511402582341253 × 10^290 |
| 54 | ov_054 | 2.268264840500343 × 10^290 |
| 53 | ov_053 | 3.2809570813163996 × 10^290 |
| 52 | ov_052 | 4.652151442773804 × 10^290 |
| 51 | ov_051 | 6.495860714015879 × 10^290 |
| 50 | ov_050 | 8.937457434806443 × 10^290 |
| 49 | ov_049 | 1.211370212567742 × 10^291 |
| 48 | ov_048 | 1.6172783729190675 × 10^291 |
| 47 | ov_047 | 2.1274376863124693 × 10^291 |
| 32 | lv_80_m31 | 2.6094642200061538 × 10^291 |
| 46 | ov_046 | 2.758972215231443 × 10^291 |
| 45 | ov_045 | 3.530173699227345 × 10^291 |
| 44 | ov_044 | 4.4605164874774314 × 10^291 |
| 43 | ov_043 | 5.5706772191446903 × 10^291 |
| 42 | ov_042 | 6.882560222905336 × 10^291 |
| 41 | ov_041 | 8.419329688273305 × 10^291 |
| 40 | ov_040 | 1.0193548205696763 × 10^292 |
| 39 | ov_039 | 1.2218466461378595 × 10^292 |
| 31 | ov_031 | 1.3384212704097837 × 10^292 |
| 38 | ov_038 | 1.452130652524862 × 10^292 |
| 37 | ov_037 | 1.7130770745474143 × 10^292 |
| 36 | ov_036 | 2.0077126568686424 × 10^292 |
| 35 | ov_035 | 2.3392306291367184 × 10^292 |
| 34 | ov_034 | 2.711002344305532 × 10^292 |
| 33 | ov_033 | 3.126590761254565 × 10^292 |
| 30 | ov_030 | 6.863745383861133 × 10^292 |
| 29 | ov_029 | 2.2457525561430154 × 10^293 |
| 28 | ov_028 | 5.829777923655579 × 10^293 |
| 27 | ov_027 | 1.3032288540121207 × 10^294 |
| 26 | ov_026 | 2.6064718753117704 × 10^294 |
| 25 | ov_025 | 4.775610656354279 × 10^294 |
| 24 | ov_024 | 8.155312111634876 × 10^294 |
| 23 | ov_023 | 1.3496681218522283 × 10^295 |
| 22 | ov_022 | 2.1674384576352306 × 10^295 |
| 21 | ov_021 | 3.368670857590394 × 10^295 |
| 20 | ov_020 | 5.065566561961534 × 10^295 |
| 19 | ov_019 | 7.38271677524917 × 10^295 |
| 18 | ov_018 | 1.0457129066120471 × 10^296 |
| 17 | ov_017 | 1.4438265552490125 × 10^296 |
| 16 | ov_016 | 1.948809607281967 × 10^296 |
| 15 | ov_015 | 2.57811704825868 × 10^296 |
| 14 | ov_014 | 3.350471617981578 × 10^296 |
| 13 | ov_013 | 4.285876909908394 × 10^296 |
| 12 | ov_012 | 5.405634775001264 × 10^296 |
| 11 | ov_011 | 6.7323680786383 × 10^296 |
| 10 | ov_010 | 8.29004995049716 × 10^296 |
| 9 | ov_009 | 1.0104040759017448 × 10^297 |
| 8 | ov_008 | 1.2201134134309931 × 10^297 |
| 7 | ov_007 | 1.4609613456421773 × 10^297 |
| 6 | ov_006 | 1.735932031996556 × 10^297 |
| 5 | ov_005 | 2.0481736581621754 × 10^297 |
| 4 | ov_004 | 2.401008169434947 × 10^297 |
| 3 | ov_003 | 2.7979427012775355 × 10^297 |
| 2 | ov_002 | 3.242682849313727 × 10^297 |
| 1 | ov_001 | 3.7391479066068515 × 10^297 |

