# Results for F001-F002-F003-F004-F005-F006-F007-F008-F009-F010-F011-F012-F013-F014-F015-F016-F017-F018-F019-F020-F021-F022-F023-F024-F025-F026-F027-F028-F029-F030-F031-F032-F033-F034-F035-F036-F037-F038-F039-F040-F041-F042-F043-F044-F045-F046-F047-F048-F049-F050-F051-F052-F053-F054-F055-F056-F057-F058-F059-F060-F061-F062-F063-F064-F065-F066-F067-F068-F069-F070-F071-F072-F073-F074-F075-F076-F077-F078-F079-F080-F081-F082-F083-F084-F085-F086-F087-F088-F089-F090-F091-F092-F093-F094-F095-F096-F097-F098-F099-F100-F101-F102-F103-F104-F105-F106-F107-F108-F109-F110-F111-F112-F113-F114-F115-F116-F117-F118-F119-F120-F121-F122-F123-F124-F125-F126-F127-F128-F129-F130-F131-F132-F133-F134-F135-F136-F137-F138-F139-F140-F141-F142-F143-F144-F145-F146-F147-F148-F149-F150-F151-F152-F153-F154-F155-F156-F157-F158-F159-F160-F161-F162-F163-F164-F165-F166-F167-F168-F169-F170-F171-F172-F173-F174-F175-F176-F177-F178-F179-F180-F181-F182-F183-F184-F185-F186-F187-F188-F189-F190-F191-F192-F193-F194-F195-F196-F197-F198-F199-F200-F201-F202-F203-F204-F205-F206-F207-F208-F209-F210-F211-F212-F213-F214-F215-F216-F217-F218-F219-F220-F221-F222-F223-F224-F225-F226-F227-F228-F229-F230-F231-F232-F233-F234-F235-F236-F237-F238-F239-F240-F241-F242-F243-F244-F245-F246-F247-F248-F249-F250-F251-F252-F253-F254-F255-F256-F257-F258-F259-F260-F261-F262-F263-F264-F265-F266-F267-F268-F269-F270-F271-F272-F273-F274-F275-F276-F277-F278-F279-F280-F281-F282-F283-F284-F285-F286-F287-F288-F289-F290-F291-F292-F293-F294-F295-F296-F297-F298-F299-F300-F301-F302-F303-F304-F305-F306-F307-F308-F309-F310-F311-F312-F313-F314-F315-F316-F317-F318-F319-F320-F321-F322-F323-F324-F325-F326-F327-F328-F329-F330-F331-F332-F333-F334-F335-F336-F337-F338-F339-F340-F341-F342-F343-F344-F345-F346-F347-F348-F349-F350-F351-F352-F353-F354-F355-F356-F357-F358-F359-F360-F361-F362-F363-F364-F365-F366-F367-F368-F369-F370-F371-F372-F373-F374-F375-F376-F377-F378-F379-F380-F381-F382-F383-F384-F385-F386-F387-F388-F389-F390-F391-F392-F393-F394-F395-F396-F397-F398-F399-F400-F401-F402-F403-F404-F405-F406-F407-F408-F409-F410-F411-F412-F413-F414-F415-F416-F417-F418-F419-F420-F421-F422-F423-F424-F425-F426-F427-F428-F429-F430-F431-F432-F433-F434-F435-F436-F437-F438-F439-F440-F441-F442-F443-F444-F445-F446-F447-F448-F449-F450-F451-F452-F453-F454-F455-F456-F457-F458-F459-F460-F461-F462-F463-F464-F465-F466-F467-F468-F469-F470-F471-F472-F473-F474-F475-F476-F477-F478-F479-F480-F481-F482-F483-F484-F485-F486-F487-F488-F489-F490-F491-F492-F493-F494-F495-F496-E499505-O508509-F510-F511-F512

## Summary

Number of input bits: 512  
Number of free input bits: 11  
Number of output bits: 160

Number of direct occurrences: 45492  
Number of assignments: 31583  
Number of operations: 11459399
(xor: 11430591,
and: 15383,
or: 13425)

Total complexity: 4.462062374372852 × 10^303

Least occurring input variable: iv_502 (3889)  
Most occurring input variable: iv_507 (4416)

Most co-occurring input variables: iv_499-iv_507 (2155)  
Least co-occurring input variables: iv_502-iv_503 (1771)

Potentially most occurring input variable: iv_499/iv_508 (4693)  
Potentially least occurring input variable: iv_500/iv_506 (4192)

Least output occurring input variable: iv_502 (70)  
Most output occurring input variable: iv_500 (91)

Most output co-occurring input variables: iv_500-iv_506 (49)  
Least output co-occurring input variables: iv_497-iv_502 (32)

Potentially most output occurring input variable: iv_498/iv_506 (91)  
Potentially least output occurring input variable: iv_498/iv_507 (68)

Least complex input bit: iv_497 (1.9868060247609694 × 10^301)  
Most complex input bit: iv_499 (1.251645590958796 × 10^303)

Least complex output bit: aaa_76_29 (1.3218455103260057 × 10^278)  
Most complex output bit: ov_001 (7.1354378763864265 × 10^302)

Least complex input/output complexity: iv_497/aaa_76_29 (5.8857326576212806 × 10^275)  
Most complex input/output complexity: iv_499/ov_001 (2.001549644136188 × 10^302)

## Input Bits

### Input Bits in Regular Order

| Input Bit | Complexity | Occurrences | Output Occurrences |
|:---------:|:----------:|:-----------:|:------------------:|
| iv_497 | 1.9868060247609694 × 10^301 | 4142 | 80 |
| iv_498 | 3.957696696823159 × 10^301 | 3955 | 77 |
| iv_499 | 1.251645590958796 × 10^303 | 4353 | 80 |
| iv_500 | 1.1699293818804086 × 10^302 | 4048 | 91 |
| iv_501 | 1.9272492852162337 × 10^302 | 4107 | 84 |
| iv_502 | 3.114691298087757 × 10^302 | 3889 | 70 |
| iv_503 | 4.949718536802789 × 10^302 | 4034 | 78 |
| iv_504 | 7.716921446159258 × 10^302 | 4014 | 81 |
| iv_506 | 5.981232204593949 × 10^302 | 4170 | 86 |
| iv_507 | 6.435212617632285 × 10^302 | 4416 | 85 |
| iv_508 | 2.1476279160947992 × 10^301 | 4364 | 75 |

### Input Bits Sorted by Complexity

| Input Bit | Complexity | Occurrences | Output Occurrences |
|:---------:|:----------:|:-----------:|:------------------:|
| iv_497 | 1.9868060247609694 × 10^301 | 4142 | 80 |
| iv_508 | 2.1476279160947992 × 10^301 | 4364 | 75 |
| iv_498 | 3.957696696823159 × 10^301 | 3955 | 77 |
| iv_500 | 1.1699293818804086 × 10^302 | 4048 | 91 |
| iv_501 | 1.9272492852162337 × 10^302 | 4107 | 84 |
| iv_502 | 3.114691298087757 × 10^302 | 3889 | 70 |
| iv_503 | 4.949718536802789 × 10^302 | 4034 | 78 |
| iv_506 | 5.981232204593949 × 10^302 | 4170 | 86 |
| iv_507 | 6.435212617632285 × 10^302 | 4416 | 85 |
| iv_504 | 7.716921446159258 × 10^302 | 4014 | 81 |
| iv_499 | 1.251645590958796 × 10^303 | 4353 | 80 |

### Input Bits Sorted by Occurrences

| Input Bit | Complexity | Occurrences | Output Occurrences |
|:---------:|:----------:|:-----------:|:------------------:|
| iv_502 | 3.114691298087757 × 10^302 | 3889 | 70 |
| iv_498 | 3.957696696823159 × 10^301 | 3955 | 77 |
| iv_504 | 7.716921446159258 × 10^302 | 4014 | 81 |
| iv_503 | 4.949718536802789 × 10^302 | 4034 | 78 |
| iv_500 | 1.1699293818804086 × 10^302 | 4048 | 91 |
| iv_501 | 1.9272492852162337 × 10^302 | 4107 | 84 |
| iv_497 | 1.9868060247609694 × 10^301 | 4142 | 80 |
| iv_506 | 5.981232204593949 × 10^302 | 4170 | 86 |
| iv_499 | 1.251645590958796 × 10^303 | 4353 | 80 |
| iv_508 | 2.1476279160947992 × 10^301 | 4364 | 75 |
| iv_507 | 6.435212617632285 × 10^302 | 4416 | 85 |

### Input Bits Sorted by Output Occurrences

| Input Bit | Complexity | Occurrences | Output Occurrences |
|:---------:|:----------:|:-----------:|:------------------:|
| iv_502 | 3.114691298087757 × 10^302 | 3889 | 70 |
| iv_508 | 2.1476279160947992 × 10^301 | 4364 | 75 |
| iv_498 | 3.957696696823159 × 10^301 | 3955 | 77 |
| iv_503 | 4.949718536802789 × 10^302 | 4034 | 78 |
| iv_499 | 1.251645590958796 × 10^303 | 4353 | 80 |
| iv_497 | 1.9868060247609694 × 10^301 | 4142 | 80 |
| iv_504 | 7.716921446159258 × 10^302 | 4014 | 81 |
| iv_501 | 1.9272492852162337 × 10^302 | 4107 | 84 |
| iv_507 | 6.435212617632285 × 10^302 | 4416 | 85 |
| iv_506 | 5.981232204593949 × 10^302 | 4170 | 86 |
| iv_500 | 1.1699293818804086 × 10^302 | 4048 | 91 |

## Input Bit Co-occurrences

### Input Bit Co-occurrences Sorted by Co-occurrences

| Input Bits | Co-occurrences | Potential Occurrences | Output Co-occurrences | Potential Output Occurrences |
|:----------:|:--------------:|:---------------------:|:---------------------:|:----------------------------:|
| iv_499-iv_507 | 2155 | 4459 | 42 | 81 |
| iv_507-iv_508 | 2128 | 4524 | 41 | 78 |
| iv_506-iv_507 | 2125 | 4336 | 47 | 77 |
| iv_499-iv_506 | 2088 | 4347 | 39 | 88 |
| iv_500-iv_507 | 2083 | 4298 | 48 | 80 |
| iv_499-iv_504 | 2079 | 4209 | 44 | 73 |
| iv_501-iv_507 | 2078 | 4367 | 43 | 83 |
| iv_504-iv_507 | 2057 | 4316 | 45 | 76 |
| iv_497-iv_499 | 2050 | 4395 | 44 | 72 |
| iv_497-iv_508 | 2044 | 4418 | 35 | 85 |
| iv_503-iv_507 | 2033 | 4384 | 40 | 83 |

### Input Bit Co-occurrences Sorted by Potential Occurrences

| Input Bits | Co-occurrences | Potential Occurrences | Output Co-occurrences | Potential Output Occurrences |
|:----------:|:--------------:|:---------------------:|:---------------------:|:----------------------------:|
| iv_500-iv_506 | 2013 | 4192 | 49 | 79 |
| iv_499-iv_504 | 2079 | 4209 | 44 | 73 |
| iv_500-iv_502 | 1861 | 4215 | 44 | 73 |
| iv_504-iv_506 | 1984 | 4216 | 47 | 73 |
| iv_498-iv_504 | 1872 | 4225 | 41 | 76 |
| iv_498-iv_501 | 1918 | 4226 | 38 | 85 |
| iv_497-iv_501 | 2009 | 4231 | 41 | 82 |
| iv_502-iv_506 | 1907 | 4245 | 38 | 80 |
| iv_497-iv_498 | 1924 | 4249 | 39 | 79 |
| iv_500-iv_503 | 1908 | 4266 | 43 | 83 |
| iv_501-iv_502 | 1864 | 4268 | 41 | 72 |

### Input Bit Output Co-occurrences Sorted by Output Co-occurrences

| Input Bits | Co-occurrences | Potential Occurrences | Output Co-occurrences | Potential Output Occurrences |
|:----------:|:--------------:|:---------------------:|:---------------------:|:----------------------------:|
| iv_497-iv_500 | 1947 | 4296 | 49 | 73 |
| iv_500-iv_506 | 2013 | 4192 | 49 | 79 |
| iv_500-iv_501 | 1925 | 4305 | 48 | 79 |
| iv_500-iv_507 | 2083 | 4298 | 48 | 80 |
| iv_501-iv_506 | 1979 | 4319 | 48 | 74 |
| iv_497-iv_506 | 1923 | 4466 | 47 | 72 |
| iv_504-iv_506 | 1984 | 4216 | 47 | 73 |
| iv_498-iv_507 | 1988 | 4395 | 47 | 68 |
| iv_506-iv_507 | 2125 | 4336 | 47 | 77 |
| iv_499-iv_500 | 1992 | 4417 | 45 | 81 |
| iv_500-iv_504 | 1896 | 4270 | 45 | 82 |

### Input Bit Output Co-occurrences Sorted by Potential Output Occurrences

| Input Bits | Co-occurrences | Potential Occurrences | Output Co-occurrences | Potential Output Occurrences |
|:----------:|:--------------:|:---------------------:|:---------------------:|:----------------------------:|
| iv_498-iv_507 | 1988 | 4395 | 47 | 68 |
| iv_503-iv_504 | 1873 | 4302 | 45 | 69 |
| iv_502-iv_508 | 1915 | 4423 | 38 | 69 |
| iv_497-iv_506 | 1923 | 4466 | 47 | 72 |
| iv_497-iv_499 | 2050 | 4395 | 44 | 72 |
| iv_501-iv_502 | 1864 | 4268 | 41 | 72 |
| iv_499-iv_504 | 2079 | 4209 | 44 | 73 |
| iv_499-iv_508 | 2012 | 4693 | 41 | 73 |
| iv_497-iv_500 | 1947 | 4296 | 49 | 73 |
| iv_504-iv_506 | 1984 | 4216 | 47 | 73 |
| iv_500-iv_502 | 1861 | 4215 | 44 | 73 |

## Output Bits

### Output Bits in Regular Order

| Rank | Output Bit | Complexity |
|:----:|:----------:|:----------:|
| 1 | ov_001 | 7.1354378763864265 × 10^302 |
| 2 | ov_002 | 6.187552503089045 × 10^302 |
| 3 | ov_003 | 5.338547503763194 × 10^302 |
| 4 | ov_004 | 4.580918915059869 × 10^302 |
| 5 | ov_005 | 3.9075718178805656 × 10^302 |
| 6 | ov_006 | 3.311791359623736 × 10^302 |
| 7 | ov_007 | 2.7872175399674647 × 10^302 |
| 8 | ov_008 | 2.327823456476494 × 10^302 |
| 9 | ov_009 | 1.927896725853412 × 10^302 |
| 10 | ov_010 | 1.5820237718434315 × 10^302 |
| 11 | ov_011 | 1.285076667279618 × 10^302 |
| 12 | ov_012 | 1.0322022356306323 × 10^302 |
| 13 | ov_013 | 8.188131349456044 × 10^301 |
| 14 | ov_014 | 6.405806643591448 × 10^301 |
| 15 | ov_015 | 4.93429050388125 × 10^301 |
| 16 | ov_016 | 3.735309871724286 × 10^301 |
| 17 | ov_017 | 2.773042216247598 × 10^301 |
| 18 | ov_018 | 2.014089911907393 × 10^301 |
| 19 | ov_019 | 1.4274613860324904 × 10^301 |
| 20 | ov_020 | 9.84557446614607 × 10^300 |
| 21 | ov_021 | 6.591614350866176 × 10^300 |
| 22 | ov_022 | 4.2743220916707544 × 10^300 |
| 23 | ov_023 | 2.6789928998745593 × 10^300 |
| 24 | ov_024 | 1.614596692797219 × 10^300 |
| 25 | ov_025 | 9.137585536347932 × 10^299 |
| 26 | ov_026 | 4.987030285061452 × 10^299 |
| 27 | ov_027 | 2.4933908250793484 × 10^299 |
| 28 | ov_028 | 1.1153068361886296 × 10^299 |
| 29 | ov_029 | 4.2960263879553797 × 10^298 |
| 30 | ov_030 | 1.3128586486885587 × 10^298 |
| 31 | ov_031 | 2.5596459703685084 × 10^297 |
| 32 | lv_80_m31 | 4.989495249459506 × 10^296 |
| 33 | ov_033 | 5.981970025973611 × 10^297 |
| 34 | ov_034 | 5.186896982413505 × 10^297 |
| 35 | ov_035 | 4.4753287879468194 × 10^297 |
| 36 | ov_036 | 3.840717665443773 × 10^297 |
| 37 | ov_037 | 3.27686979500276 × 10^297 |
| 38 | ov_038 | 2.777920270019554 × 10^297 |
| 39 | ov_039 | 2.33831143641623 × 10^297 |
| 40 | ov_040 | 1.9527742955646563 × 10^297 |
| 41 | ov_041 | 1.616312667808903 × 10^297 |
| 42 | ov_042 | 1.3241898293802004 × 10^297 |
| 43 | ov_043 | 1.0741007578371332 × 10^297 |
| 44 | ov_044 | 8.617961022798159 × 10^296 |
| 45 | ov_045 | 6.8325807783995855 × 10^296 |
| 46 | ov_046 | 5.346944305868859 × 10^296 |
| 47 | ov_047 | 4.125336678683885 × 10^296 |
| 48 | ov_048 | 3.134213569706404 × 10^296 |
| 49 | ov_049 | 2.3421730961718615 × 10^296 |
| 50 | ov_050 | 1.7199348442392478 × 10^296 |
| 51 | ov_051 | 1.2403245399457147 × 10^296 |
| 52 | ov_052 | 8.782630474388787 × 10^295 |
| 53 | ov_053 | 6.107586578014212 × 10^295 |
| 54 | ov_054 | 4.1690182740666065 × 10^295 |
| 55 | ov_055 | 2.778616749617245 × 10^295 |
| 56 | ov_056 | 1.7688373794878226 × 10^295 |
| 57 | ov_057 | 1.0610967546029124 × 10^295 |
| 58 | ov_058 | 5.871843324707768 × 10^294 |
| 59 | ov_059 | 2.892598376786281 × 10^294 |
| 60 | ov_060 | 1.1985206743318954 × 10^294 |
| 61 | ov_061 | 4.185845559098086 × 10^293 |
| 62 | ov_062 | 1.1480640338202324 × 10^293 |
| 63 | ov_063 | 2.2372145047664025 × 10^292 |
| 64 | lv_79_m31 | 4.358613644364489 × 10^291 |
| 65 | ov_065 | 5.180469730785809 × 10^292 |
| 66 | ov_066 | 5.180454287316075 × 10^292 |
| 67 | ov_067 | 5.180450561015969 × 10^292 |
| 68 | ov_068 | 4.4816763162636694 × 10^292 |
| 69 | ov_069 | 3.8567324583795706 × 10^292 |
| 70 | ov_070 | 3.300026327965522 × 10^292 |
| 71 | ov_071 | 2.8062572811508236 × 10^292 |
| 72 | ov_072 | 2.370395916642594 × 10^292 |
| 73 | ov_073 | 1.987666381884006 × 10^292 |
| 74 | ov_074 | 1.6535314458844879 × 10^292 |
| 75 | ov_075 | 1.3636800427183085 × 10^292 |
| 76 | ov_076 | 1.1140170055047469 × 10^292 |
| 77 | ov_077 | 9.006547259966513 × 10^291 |
| 78 | ov_078 | 7.19906489812219 × 10^291 |
| 79 | ov_079 | 5.682812519309114 × 10^291 |
| 80 | ov_080 | 4.424796314093759 × 10^291 |
| 81 | ov_081 | 3.3939091841583656 × 10^291 |
| 82 | ov_082 | 2.560909006794633 × 10^291 |
| 83 | ov_083 | 1.898403303426039 × 10^291 |
| 84 | ov_084 | 1.3808386601776016 × 10^291 |
| 85 | ov_085 | 9.8449338610216 × 10^290 |
| 86 | ov_086 | 6.874721612615723 × 10^290 |
| 87 | ov_087 | 4.6970193487590015 × 10^290 |
| 88 | ov_088 | 3.1292879036954726 × 10^290 |
| 89 | ov_089 | 2.0071564067435755 × 10^290 |
| 90 | ov_090 | 1.2529790916775672 × 10^290 |
| 91 | ov_091 | 7.386789171705558 × 10^289 |
| 92 | ov_092 | 4.047517617437112 × 10^289 |
| 93 | ov_093 | 2.007600267415542 × 10^289 |
| 94 | ov_094 | 8.533151817432336 × 10^288 |
| 95 | aaa_78_28 | 2.6158990217628194 × 10^288 |
| 96 | aaa_78_29 | 7.942008315059897 × 10^287 |
| 97 | ov_097 | 4.28863685250335 × 10^287 |
| 98 | ov_098 | 4.288614362898025 × 10^287 |
| 99 | ov_099 | 4.288607183542776 × 10^287 |
| 100 | ov_100 | 3.669728206289451 × 10^287 |
| 101 | ov_101 | 3.1204390362236883 × 10^287 |
| 102 | ov_102 | 2.6351894422130367 × 10^287 |
| 103 | ov_103 | 2.2087325004315402 × 10^287 |
| 104 | ov_104 | 1.8361024898736035 × 10^287 |
| 105 | ov_105 | 1.5125957007984007 × 10^287 |
| 106 | ov_106 | 1.2337538869434424 × 10^287 |
| 107 | ov_107 | 9.953501062293084 × 10^286 |
| 108 | ov_108 | 7.933767080634661 × 10^286 |
| 109 | ov_109 | 6.240352383380576 × 10^286 |
| 110 | ov_110 | 4.837280458891949 × 10^286 |
| 111 | ov_111 | 3.6905138661613516 × 10^286 |
| 112 | ov_112 | 2.7678983370850486 × 10^286 |
| 113 | ov_113 | 2.0391181454842075 × 10^286 |
| 114 | ov_114 | 1.4756610688188587 × 10^286 |
| 115 | ov_115 | 1.0507913882107765 × 10^286 |
| 116 | ov_116 | 7.395294916868436 × 10^285 |
| 117 | ov_117 | 5.186367646259744 × 10^285 |
| 118 | ov_118 | 3.666045703329632 × 10^285 |
| 119 | ov_119 | 2.6364635502201228 × 10^285 |
| 120 | ov_120 | 1.9169214279970652 × 10^285 |
| 121 | ov_121 | 1.3438477532356634 × 10^285 |
| 122 | ov_122 | 9.0015517825081 × 10^284 |
| 123 | ov_123 | 5.687656112801146 × 10^284 |
| 124 | ov_124 | 3.326058093638352 × 10^284 |
| 125 | ov_125 | 1.7460464761015974 × 10^284 |
| 126 | ov_126 | 7.7691725982215015 × 10^283 |
| 127 | aaa_77_28 | 2.479683438779924 × 10^283 |
| 128 | aaa_77_29 | 9.289600486909779 × 10^282 |
| 129 | ov_129 | 8.54841879657891 × 10^282 |
| 130 | ov_130 | 8.548393053678675 × 10^282 |
| 131 | ov_131 | 8.548386830190417 × 10^282 |
| 132 | ov_132 | 7.398187786601211 × 10^282 |
| 133 | ov_133 | 6.369442594209984 × 10^282 |
| 134 | ov_134 | 5.45290267142755 × 10^282 |
| 135 | ov_135 | 4.6398131886722255 × 10^282 |
| 136 | ov_136 | 3.921877663772643 × 10^282 |
| 137 | ov_137 | 3.291227502051696 × 10^282 |
| 138 | ov_138 | 2.740396008367036 × 10^282 |
| 139 | ov_139 | 2.262296422389535 × 10^282 |
| 140 | ov_140 | 1.8502035517250223 × 10^282 |
| 141 | ov_141 | 1.4977386002842643 × 10^282 |
| 142 | ov_142 | 1.1988568117140791 × 10^282 |
| 143 | ov_143 | 9.478375698272849 × 10^281 |
| 144 | ov_144 | 7.392766198972207 × 10^281 |
| 145 | ov_145 | 5.6808009647981154 × 10^281 |
| 146 | ov_146 | 4.294600651399892 × 10^281 |
| 147 | ov_147 | 3.189313071207236 × 10^281 |
| 148 | ov_148 | 2.3230909762050344 × 10^281 |
| 149 | ov_149 | 1.6570774994919258 × 10^281 |
| 150 | ov_150 | 1.1553971941928268 × 10^281 |
| 151 | ov_151 | 7.851508240444272 × 10^280 |
| 152 | ov_152 | 5.164123505625106 × 10^280 |
| 153 | ov_153 | 3.222270500655709 × 10^280 |
| 154 | ov_154 | 1.898602008731108 × 10^280 |
| 155 | ov_155 | 9.829635571013174 × 10^279 |
| 156 | aaa_76_25 | 3.777003087977853 × 10^279 |
| 157 | aaa_76_26 | 2.181075823065329 × 10^279 |
| 158 | aaa_76_27 | 1.1164354546520372 × 10^279 |
| 159 | aaa_76_28 | 4.346675239702057 × 10^278 |
| 160 | aaa_76_29 | 1.3218455103260057 × 10^278 |

### Output Bits Sorted by Complexity

| Rank | Output Bit | Complexity |
|:----:|:----------:|:----------:|
| 160 | aaa_76_29 | 1.3218455103260057 × 10^278 |
| 159 | aaa_76_28 | 4.346675239702057 × 10^278 |
| 158 | aaa_76_27 | 1.1164354546520372 × 10^279 |
| 157 | aaa_76_26 | 2.181075823065329 × 10^279 |
| 156 | aaa_76_25 | 3.777003087977853 × 10^279 |
| 155 | ov_155 | 9.829635571013174 × 10^279 |
| 154 | ov_154 | 1.898602008731108 × 10^280 |
| 153 | ov_153 | 3.222270500655709 × 10^280 |
| 152 | ov_152 | 5.164123505625106 × 10^280 |
| 151 | ov_151 | 7.851508240444272 × 10^280 |
| 150 | ov_150 | 1.1553971941928268 × 10^281 |
| 149 | ov_149 | 1.6570774994919258 × 10^281 |
| 148 | ov_148 | 2.3230909762050344 × 10^281 |
| 147 | ov_147 | 3.189313071207236 × 10^281 |
| 146 | ov_146 | 4.294600651399892 × 10^281 |
| 145 | ov_145 | 5.6808009647981154 × 10^281 |
| 144 | ov_144 | 7.392766198972207 × 10^281 |
| 143 | ov_143 | 9.478375698272849 × 10^281 |
| 142 | ov_142 | 1.1988568117140791 × 10^282 |
| 141 | ov_141 | 1.4977386002842643 × 10^282 |
| 140 | ov_140 | 1.8502035517250223 × 10^282 |
| 139 | ov_139 | 2.262296422389535 × 10^282 |
| 138 | ov_138 | 2.740396008367036 × 10^282 |
| 137 | ov_137 | 3.291227502051696 × 10^282 |
| 136 | ov_136 | 3.921877663772643 × 10^282 |
| 135 | ov_135 | 4.6398131886722255 × 10^282 |
| 134 | ov_134 | 5.45290267142755 × 10^282 |
| 133 | ov_133 | 6.369442594209984 × 10^282 |
| 132 | ov_132 | 7.398187786601211 × 10^282 |
| 131 | ov_131 | 8.548386830190417 × 10^282 |
| 130 | ov_130 | 8.548393053678675 × 10^282 |
| 129 | ov_129 | 8.54841879657891 × 10^282 |
| 128 | aaa_77_29 | 9.289600486909779 × 10^282 |
| 127 | aaa_77_28 | 2.479683438779924 × 10^283 |
| 126 | ov_126 | 7.7691725982215015 × 10^283 |
| 125 | ov_125 | 1.7460464761015974 × 10^284 |
| 124 | ov_124 | 3.326058093638352 × 10^284 |
| 123 | ov_123 | 5.687656112801146 × 10^284 |
| 122 | ov_122 | 9.0015517825081 × 10^284 |
| 121 | ov_121 | 1.3438477532356634 × 10^285 |
| 120 | ov_120 | 1.9169214279970652 × 10^285 |
| 119 | ov_119 | 2.6364635502201228 × 10^285 |
| 118 | ov_118 | 3.666045703329632 × 10^285 |
| 117 | ov_117 | 5.186367646259744 × 10^285 |
| 116 | ov_116 | 7.395294916868436 × 10^285 |
| 115 | ov_115 | 1.0507913882107765 × 10^286 |
| 114 | ov_114 | 1.4756610688188587 × 10^286 |
| 113 | ov_113 | 2.0391181454842075 × 10^286 |
| 112 | ov_112 | 2.7678983370850486 × 10^286 |
| 111 | ov_111 | 3.6905138661613516 × 10^286 |
| 110 | ov_110 | 4.837280458891949 × 10^286 |
| 109 | ov_109 | 6.240352383380576 × 10^286 |
| 108 | ov_108 | 7.933767080634661 × 10^286 |
| 107 | ov_107 | 9.953501062293084 × 10^286 |
| 106 | ov_106 | 1.2337538869434424 × 10^287 |
| 105 | ov_105 | 1.5125957007984007 × 10^287 |
| 104 | ov_104 | 1.8361024898736035 × 10^287 |
| 103 | ov_103 | 2.2087325004315402 × 10^287 |
| 102 | ov_102 | 2.6351894422130367 × 10^287 |
| 101 | ov_101 | 3.1204390362236883 × 10^287 |
| 100 | ov_100 | 3.669728206289451 × 10^287 |
| 99 | ov_099 | 4.288607183542776 × 10^287 |
| 98 | ov_098 | 4.288614362898025 × 10^287 |
| 97 | ov_097 | 4.28863685250335 × 10^287 |
| 96 | aaa_78_29 | 7.942008315059897 × 10^287 |
| 95 | aaa_78_28 | 2.6158990217628194 × 10^288 |
| 94 | ov_094 | 8.533151817432336 × 10^288 |
| 93 | ov_093 | 2.007600267415542 × 10^289 |
| 92 | ov_092 | 4.047517617437112 × 10^289 |
| 91 | ov_091 | 7.386789171705558 × 10^289 |
| 90 | ov_090 | 1.2529790916775672 × 10^290 |
| 89 | ov_089 | 2.0071564067435755 × 10^290 |
| 88 | ov_088 | 3.1292879036954726 × 10^290 |
| 87 | ov_087 | 4.6970193487590015 × 10^290 |
| 86 | ov_086 | 6.874721612615723 × 10^290 |
| 85 | ov_085 | 9.8449338610216 × 10^290 |
| 84 | ov_084 | 1.3808386601776016 × 10^291 |
| 83 | ov_083 | 1.898403303426039 × 10^291 |
| 82 | ov_082 | 2.560909006794633 × 10^291 |
| 81 | ov_081 | 3.3939091841583656 × 10^291 |
| 64 | lv_79_m31 | 4.358613644364489 × 10^291 |
| 80 | ov_080 | 4.424796314093759 × 10^291 |
| 79 | ov_079 | 5.682812519309114 × 10^291 |
| 78 | ov_078 | 7.19906489812219 × 10^291 |
| 77 | ov_077 | 9.006547259966513 × 10^291 |
| 76 | ov_076 | 1.1140170055047469 × 10^292 |
| 75 | ov_075 | 1.3636800427183085 × 10^292 |
| 74 | ov_074 | 1.6535314458844879 × 10^292 |
| 73 | ov_073 | 1.987666381884006 × 10^292 |
| 63 | ov_063 | 2.2372145047664025 × 10^292 |
| 72 | ov_072 | 2.370395916642594 × 10^292 |
| 71 | ov_071 | 2.8062572811508236 × 10^292 |
| 70 | ov_070 | 3.300026327965522 × 10^292 |
| 69 | ov_069 | 3.8567324583795706 × 10^292 |
| 68 | ov_068 | 4.4816763162636694 × 10^292 |
| 67 | ov_067 | 5.180450561015969 × 10^292 |
| 66 | ov_066 | 5.180454287316075 × 10^292 |
| 65 | ov_065 | 5.180469730785809 × 10^292 |
| 62 | ov_062 | 1.1480640338202324 × 10^293 |
| 61 | ov_061 | 4.185845559098086 × 10^293 |
| 60 | ov_060 | 1.1985206743318954 × 10^294 |
| 59 | ov_059 | 2.892598376786281 × 10^294 |
| 58 | ov_058 | 5.871843324707768 × 10^294 |
| 57 | ov_057 | 1.0610967546029124 × 10^295 |
| 56 | ov_056 | 1.7688373794878226 × 10^295 |
| 55 | ov_055 | 2.778616749617245 × 10^295 |
| 54 | ov_054 | 4.1690182740666065 × 10^295 |
| 53 | ov_053 | 6.107586578014212 × 10^295 |
| 52 | ov_052 | 8.782630474388787 × 10^295 |
| 51 | ov_051 | 1.2403245399457147 × 10^296 |
| 50 | ov_050 | 1.7199348442392478 × 10^296 |
| 49 | ov_049 | 2.3421730961718615 × 10^296 |
| 48 | ov_048 | 3.134213569706404 × 10^296 |
| 47 | ov_047 | 4.125336678683885 × 10^296 |
| 32 | lv_80_m31 | 4.989495249459506 × 10^296 |
| 46 | ov_046 | 5.346944305868859 × 10^296 |
| 45 | ov_045 | 6.8325807783995855 × 10^296 |
| 44 | ov_044 | 8.617961022798159 × 10^296 |
| 43 | ov_043 | 1.0741007578371332 × 10^297 |
| 42 | ov_042 | 1.3241898293802004 × 10^297 |
| 41 | ov_041 | 1.616312667808903 × 10^297 |
| 40 | ov_040 | 1.9527742955646563 × 10^297 |
| 39 | ov_039 | 2.33831143641623 × 10^297 |
| 31 | ov_031 | 2.5596459703685084 × 10^297 |
| 38 | ov_038 | 2.777920270019554 × 10^297 |
| 37 | ov_037 | 3.27686979500276 × 10^297 |
| 36 | ov_036 | 3.840717665443773 × 10^297 |
| 35 | ov_035 | 4.4753287879468194 × 10^297 |
| 34 | ov_034 | 5.186896982413505 × 10^297 |
| 33 | ov_033 | 5.981970025973611 × 10^297 |
| 30 | ov_030 | 1.3128586486885587 × 10^298 |
| 29 | ov_029 | 4.2960263879553797 × 10^298 |
| 28 | ov_028 | 1.1153068361886296 × 10^299 |
| 27 | ov_027 | 2.4933908250793484 × 10^299 |
| 26 | ov_026 | 4.987030285061452 × 10^299 |
| 25 | ov_025 | 9.137585536347932 × 10^299 |
| 24 | ov_024 | 1.614596692797219 × 10^300 |
| 23 | ov_023 | 2.6789928998745593 × 10^300 |
| 22 | ov_022 | 4.2743220916707544 × 10^300 |
| 21 | ov_021 | 6.591614350866176 × 10^300 |
| 20 | ov_020 | 9.84557446614607 × 10^300 |
| 19 | ov_019 | 1.4274613860324904 × 10^301 |
| 18 | ov_018 | 2.014089911907393 × 10^301 |
| 17 | ov_017 | 2.773042216247598 × 10^301 |
| 16 | ov_016 | 3.735309871724286 × 10^301 |
| 15 | ov_015 | 4.93429050388125 × 10^301 |
| 14 | ov_014 | 6.405806643591448 × 10^301 |
| 13 | ov_013 | 8.188131349456044 × 10^301 |
| 12 | ov_012 | 1.0322022356306323 × 10^302 |
| 11 | ov_011 | 1.285076667279618 × 10^302 |
| 10 | ov_010 | 1.5820237718434315 × 10^302 |
| 9 | ov_009 | 1.927896725853412 × 10^302 |
| 8 | ov_008 | 2.327823456476494 × 10^302 |
| 7 | ov_007 | 2.7872175399674647 × 10^302 |
| 6 | ov_006 | 3.311791359623736 × 10^302 |
| 5 | ov_005 | 3.9075718178805656 × 10^302 |
| 4 | ov_004 | 4.580918915059869 × 10^302 |
| 3 | ov_003 | 5.338547503763194 × 10^302 |
| 2 | ov_002 | 6.187552503089045 × 10^302 |
| 1 | ov_001 | 7.1354378763864265 × 10^302 |

