# Results for F001-F002-F003-F004-F005-F006-F007-F008-F009-F010-F011-F012-F013-F014-F015-F016-F017-F018-F019-F020-F021-F022-F023-F024-F025-F026-F027-F028-F029-F030-F031-F032-F033-F034-F035-F036-F037-F038-F039-F040-F041-F042-F043-F044-F045-F046-F047-F048-F049-F050-F051-F052-F053-F054-F055-F056-F057-F058-F059-F060-F061-F062-F063-F064-F065-F066-F067-F068-F069-F070-F071-F072-F073-F074-F075-F076-F077-F078-F079-F080-F081-F082-F083-F084-F085-F086-F087-F088-F089-F090-F091-F092-F093-F094-F095-F096-F097-F098-F099-F100-F101-F102-F103-F104-F105-F106-F107-F108-F109-F110-F111-F112-F113-F114-F115-F116-F117-F118-F119-F120-F121-F122-F123-F124-F125-F126-F127-F128-F129-F130-F131-F132-F133-F134-F135-F136-F137-F138-F139-F140-F141-F142-F143-F144-F145-F146-F147-F148-F149-F150-F151-F152-F153-F154-F155-F156-F157-F158-F159-F160-F161-F162-F163-F164-F165-F166-F167-F168-F169-F170-F171-F172-F173-F174-F175-F176-F177-F178-F179-F180-F181-F182-F183-F184-F185-F186-F187-F188-F189-F190-F191-F192-F193-F194-F195-F196-F197-F198-F199-F200-F201-F202-F203-F204-F205-F206-F207-F208-F209-F210-F211-F212-F213-F214-F215-F216-F217-F218-F219-F220-F221-F222-F223-F224-F225-F226-F227-F228-F229-F230-F231-F232-F233-F234-F235-F236-F237-F238-F239-F240-F241-F242-F243-F244-F245-F246-F247-F248-F249-F250-F251-F252-F253-F254-F255-F256-F257-F258-F259-F260-F261-F262-F263-F264-F265-F266-F267-F268-F269-F270-F271-F272-F273-F274-F275-F276-F277-F278-F279-F280-F281-F282-F283-F284-F285-F286-F287-F288-F289-F290-F291-F292-F293-F294-F295-F296-F297-F298-F299-F300-F301-F302-F303-F304-F305-F306-F307-F308-F309-F310-F311-F312-F313-F314-F315-F316-F317-F318-F319-F320-F321-F322-F323-F324-F325-F326-F327-F328-F329-F330-F331-F332-F333-F334-F335-F336-F337-F338-F339-F340-F341-F342-F343-F344-F345-F346-F347-F348-F349-F350-F351-F352-F353-F354-F355-F356-F357-F358-F359-F360-F361-F362-F363-F364-F365-F366-F367-F368-F369-F370-F371-F372-F373-F374-F375-F376-F377-F378-F379-F380-F381-F382-F383-F384-F385-F386-F387-F388-F389-F390-F391-F392-F393-F394-F395-F396-F397-F398-F399-F400-F401-F402-F403-F404-F405-F406-F407-F408-F409-F410-F411-F412-F413-F414-F415-F416-F417-F418-F419-F420-F421-F422-F423-F424-F425-F426-F427-F428-F429-F430-F431-F432-F433-F434-F435-F436-F437-F438-F439-F440-F441-F442-F443-F444-F445-F446-F447-F448-F449-F450-F451-F452-F453-F454-F455-F456-F457-F458-F459-F460-F461-F462-F463-F464-F465-F466-F467-F468-F469-F470-F471-F472-F473-F474-F475-F476-F477-F478-F479-F480-F481-F482-F483-F484-F485-F486-F487-F488-F489-F490-F491-F492-F493-F494-F495-F496-E500501-F508-F509-F510-F512

## Summary

Number of input bits: 512  
Number of free input bits: 11  
Number of output bits: 160

Number of direct occurrences: 44685  
Number of assignments: 31358  
Number of operations: 11106086
(xor: 11077787,
and: 14971,
or: 13328)

Total complexity: 3.0341519393223057 × 10^299

Least occurring input variable: iv_502 (3894)  
Most occurring input variable: iv_511 (4348)

Most co-occurring input variables: iv_507-iv_511 (2038)  
Least co-occurring input variables: iv_498-iv_502 (1767)

Potentially most occurring input variable: iv_500/iv_507 (4577)  
Potentially least occurring input variable: iv_499/iv_505 (4162)

Least output occurring input variable: iv_504 (78)  
Most output occurring input variable: iv_497 (93)

Most output co-occurring input variables: iv_497-iv_506 (57)  
Least output co-occurring input variables: iv_504-iv_505 (36)

Potentially most output occurring input variable: iv_498/iv_505 (94)  
Potentially least output occurring input variable: iv_497/iv_504 (71)

Least complex input bit: iv_511 (1.1114346130962362 × 10^294)  
Most complex input bit: iv_505 (9.015914231765442 × 10^298)

Least complex output bit: aaa_76_29 (6.323451060464287 × 10^274)  
Most complex output bit: ov_001 (4.7433661971898926 × 10^298)

Least complex input/output complexity: iv_511/aaa_76_29 (2.3163317208135144 × 10^269)  
Most complex input/output complexity: iv_505/ov_001 (1.4094805948732883 × 10^298)

## Input Bits

### Input Bits in Regular Order

| Input Bit | Complexity | Occurrences | Output Occurrences |
|:---------:|:----------:|:-----------:|:------------------:|
| iv_497 | 1.7907859512090702 × 10^297 | 4151 | 93 |
| iv_498 | 3.5850772327975825 × 10^297 | 3944 | 88 |
| iv_499 | 6.33666546505457 × 10^297 | 3954 | 81 |
| iv_500 | 2.1928733921922822 × 10^298 | 4127 | 80 |
| iv_502 | 2.8382233476078037 × 10^298 | 3894 | 82 |
| iv_503 | 4.4988741058520807 × 10^298 | 4055 | 79 |
| iv_504 | 6.997633490762377 × 10^298 | 3946 | 78 |
| iv_505 | 9.015914231765442 × 10^298 | 3982 | 82 |
| iv_506 | 1.673082884956986 × 10^298 | 4124 | 93 |
| iv_507 | 1.9535539317186783 × 10^298 | 4160 | 87 |
| iv_511 | 1.1114346130962362 × 10^294 | 4348 | 80 |

### Input Bits Sorted by Complexity

| Input Bit | Complexity | Occurrences | Output Occurrences |
|:---------:|:----------:|:-----------:|:------------------:|
| iv_511 | 1.1114346130962362 × 10^294 | 4348 | 80 |
| iv_497 | 1.7907859512090702 × 10^297 | 4151 | 93 |
| iv_498 | 3.5850772327975825 × 10^297 | 3944 | 88 |
| iv_499 | 6.33666546505457 × 10^297 | 3954 | 81 |
| iv_506 | 1.673082884956986 × 10^298 | 4124 | 93 |
| iv_507 | 1.9535539317186783 × 10^298 | 4160 | 87 |
| iv_500 | 2.1928733921922822 × 10^298 | 4127 | 80 |
| iv_502 | 2.8382233476078037 × 10^298 | 3894 | 82 |
| iv_503 | 4.4988741058520807 × 10^298 | 4055 | 79 |
| iv_504 | 6.997633490762377 × 10^298 | 3946 | 78 |
| iv_505 | 9.015914231765442 × 10^298 | 3982 | 82 |

### Input Bits Sorted by Occurrences

| Input Bit | Complexity | Occurrences | Output Occurrences |
|:---------:|:----------:|:-----------:|:------------------:|
| iv_502 | 2.8382233476078037 × 10^298 | 3894 | 82 |
| iv_498 | 3.5850772327975825 × 10^297 | 3944 | 88 |
| iv_504 | 6.997633490762377 × 10^298 | 3946 | 78 |
| iv_499 | 6.33666546505457 × 10^297 | 3954 | 81 |
| iv_505 | 9.015914231765442 × 10^298 | 3982 | 82 |
| iv_503 | 4.4988741058520807 × 10^298 | 4055 | 79 |
| iv_506 | 1.673082884956986 × 10^298 | 4124 | 93 |
| iv_500 | 2.1928733921922822 × 10^298 | 4127 | 80 |
| iv_497 | 1.7907859512090702 × 10^297 | 4151 | 93 |
| iv_507 | 1.9535539317186783 × 10^298 | 4160 | 87 |
| iv_511 | 1.1114346130962362 × 10^294 | 4348 | 80 |

### Input Bits Sorted by Output Occurrences

| Input Bit | Complexity | Occurrences | Output Occurrences |
|:---------:|:----------:|:-----------:|:------------------:|
| iv_504 | 6.997633490762377 × 10^298 | 3946 | 78 |
| iv_503 | 4.4988741058520807 × 10^298 | 4055 | 79 |
| iv_511 | 1.1114346130962362 × 10^294 | 4348 | 80 |
| iv_500 | 2.1928733921922822 × 10^298 | 4127 | 80 |
| iv_499 | 6.33666546505457 × 10^297 | 3954 | 81 |
| iv_502 | 2.8382233476078037 × 10^298 | 3894 | 82 |
| iv_505 | 9.015914231765442 × 10^298 | 3982 | 82 |
| iv_507 | 1.9535539317186783 × 10^298 | 4160 | 87 |
| iv_498 | 3.5850772327975825 × 10^297 | 3944 | 88 |
| iv_506 | 1.673082884956986 × 10^298 | 4124 | 93 |
| iv_497 | 1.7907859512090702 × 10^297 | 4151 | 93 |

## Input Bit Co-occurrences

### Input Bit Co-occurrences Sorted by Co-occurrences

| Input Bits | Co-occurrences | Potential Occurrences | Output Co-occurrences | Potential Output Occurrences |
|:----------:|:--------------:|:---------------------:|:---------------------:|:----------------------------:|
| iv_507-iv_511 | 2038 | 4432 | 45 | 77 |
| iv_506-iv_511 | 2030 | 4412 | 40 | 93 |
| iv_503-iv_511 | 2029 | 4345 | 41 | 77 |
| iv_497-iv_511 | 2010 | 4479 | 47 | 79 |
| iv_497-iv_507 | 1967 | 4377 | 48 | 84 |
| iv_500-iv_511 | 1964 | 4547 | 41 | 78 |
| iv_497-iv_505 | 1964 | 4205 | 49 | 77 |
| iv_506-iv_507 | 1959 | 4366 | 49 | 82 |
| iv_497-iv_503 | 1949 | 4308 | 48 | 76 |
| iv_497-iv_500 | 1946 | 4386 | 50 | 73 |
| iv_497-iv_506 | 1941 | 4393 | 57 | 72 |

### Input Bit Co-occurrences Sorted by Potential Occurrences

| Input Bits | Co-occurrences | Potential Occurrences | Output Co-occurrences | Potential Output Occurrences |
|:----------:|:--------------:|:---------------------:|:---------------------:|:----------------------------:|
| iv_499-iv_505 | 1887 | 4162 | 37 | 89 |
| iv_499-iv_504 | 1868 | 4164 | 38 | 83 |
| iv_498-iv_504 | 1847 | 4196 | 46 | 74 |
| iv_497-iv_505 | 1964 | 4205 | 49 | 77 |
| iv_499-iv_503 | 1901 | 4207 | 44 | 72 |
| iv_504-iv_505 | 1857 | 4214 | 36 | 88 |
| iv_503-iv_505 | 1911 | 4215 | 43 | 75 |
| iv_502-iv_506 | 1900 | 4218 | 51 | 73 |
| iv_502-iv_504 | 1808 | 4224 | 42 | 76 |
| iv_499-iv_500 | 1927 | 4227 | 43 | 75 |
| iv_504-iv_506 | 1921 | 4228 | 45 | 81 |

### Input Bit Output Co-occurrences Sorted by Output Co-occurrences

| Input Bits | Co-occurrences | Potential Occurrences | Output Co-occurrences | Potential Output Occurrences |
|:----------:|:--------------:|:---------------------:|:---------------------:|:----------------------------:|
| iv_497-iv_506 | 1941 | 4393 | 57 | 72 |
| iv_498-iv_506 | 1907 | 4254 | 54 | 73 |
| iv_497-iv_502 | 1905 | 4235 | 52 | 71 |
| iv_502-iv_506 | 1900 | 4218 | 51 | 73 |
| iv_497-iv_500 | 1946 | 4386 | 50 | 73 |
| iv_497-iv_504 | 1929 | 4239 | 50 | 71 |
| iv_497-iv_498 | 1893 | 4309 | 50 | 81 |
| iv_499-iv_506 | 1872 | 4334 | 49 | 76 |
| iv_506-iv_507 | 1959 | 4366 | 49 | 82 |
| iv_497-iv_505 | 1964 | 4205 | 49 | 77 |
| iv_498-iv_499 | 1833 | 4232 | 48 | 73 |

### Input Bit Output Co-occurrences Sorted by Potential Output Occurrences

| Input Bits | Co-occurrences | Potential Occurrences | Output Co-occurrences | Potential Output Occurrences |
|:----------:|:--------------:|:---------------------:|:---------------------:|:----------------------------:|
| iv_497-iv_504 | 1929 | 4239 | 50 | 71 |
| iv_497-iv_502 | 1905 | 4235 | 52 | 71 |
| iv_499-iv_503 | 1901 | 4207 | 44 | 72 |
| iv_502-iv_511 | 1924 | 4394 | 45 | 72 |
| iv_497-iv_506 | 1941 | 4393 | 57 | 72 |
| iv_498-iv_499 | 1833 | 4232 | 48 | 73 |
| iv_498-iv_506 | 1907 | 4254 | 54 | 73 |
| iv_502-iv_506 | 1900 | 4218 | 51 | 73 |
| iv_503-iv_504 | 1856 | 4289 | 42 | 73 |
| iv_497-iv_500 | 1946 | 4386 | 50 | 73 |
| iv_505-iv_507 | 1839 | 4464 | 48 | 73 |

## Output Bits

### Output Bits in Regular Order

| Rank | Output Bit | Complexity |
|:----:|:----------:|:----------:|
| 1 | ov_001 | 4.7433661971898926 × 10^298 |
| 2 | ov_002 | 4.1275578701388885 × 10^298 |
| 3 | ov_003 | 3.5746857716465134 × 10^298 |
| 4 | ov_004 | 3.080032998281201 × 10^298 |
| 5 | ov_005 | 2.639141188350724 × 10^298 |
| 6 | ov_006 | 2.2477919794815325 × 10^298 |
| 7 | ov_007 | 1.9019908472286084 × 10^298 |
| 8 | ov_008 | 1.5979531839166139 × 10^298 |
| 9 | ov_009 | 1.3320924428741467 × 10^298 |
| 10 | ov_010 | 1.1010101412158942 × 10^298 |
| 11 | ov_011 | 9.014875120060984 × 10^297 |
| 12 | ov_012 | 7.304786086375243 × 10^297 |
| 13 | ov_013 | 5.851046760256815 × 10^297 |
| 14 | ov_014 | 4.6264961480033375 × 10^297 |
| 15 | ov_015 | 3.605563761182453 × 10^297 |
| 16 | ov_016 | 2.764241360572841 × 10^297 |
| 17 | ov_017 | 2.0800610980989652 × 10^297 |
| 18 | ov_018 | 1.5320787709517635 × 10^297 |
| 19 | ov_019 | 1.1008610731777912 × 10^297 |
| 20 | ov_020 | 7.6847601285372 × 10^296 |
| 21 | ov_021 | 5.184859248090653 × 10^296 |
| 22 | ov_022 | 3.3594259218183636 × 10^296 |
| 23 | ov_023 | 2.073839682936644 × 10^296 |
| 24 | ov_024 | 1.2083204583042576 × 10^296 |
| 25 | ov_025 | 6.579155312238056 × 10^295 |
| 26 | ov_026 | 3.3249240072921426 × 10^295 |
| 27 | ov_027 | 1.5673542240105862 × 10^295 |
| 28 | ov_028 | 7.014448412502738 × 10^294 |
| 29 | ov_029 | 2.703457991061108 × 10^294 |
| 30 | ov_030 | 8.266961164254444 × 10^293 |
| 31 | ov_031 | 1.6130803827510105 × 10^293 |
| 32 | lv_80_m31 | 3.1471088490556037 × 10^292 |
| 33 | ov_033 | 3.783471771794178 × 10^293 |
| 34 | ov_034 | 3.286181887738081 × 10^293 |
| 35 | ov_035 | 2.8408843067029017 × 10^293 |
| 36 | ov_036 | 2.443192046360997 × 10^293 |
| 37 | ov_037 | 2.088955203336549 × 10^293 |
| 38 | ov_038 | 1.774244318404406 × 10^293 |
| 39 | ov_039 | 1.495335989264676 × 10^293 |
| 40 | ov_040 | 1.2487005113869318 × 10^293 |
| 41 | ov_041 | 1.0326200321635996 × 10^293 |
| 42 | ov_042 | 8.454658602376378 × 10^292 |
| 43 | ov_043 | 6.856943948917845 × 10^292 |
| 44 | ov_044 | 5.504607407521088 × 10^292 |
| 45 | ov_045 | 4.37075543322666 × 10^292 |
| 46 | ov_046 | 3.430008942190343 × 10^292 |
| 47 | ov_047 | 2.658470693893676 × 10^292 |
| 48 | ov_048 | 2.0336997273137358 × 10^292 |
| 49 | ov_049 | 1.5346916736277466 × 10^292 |
| 50 | ov_050 | 1.1418638647008167 × 10^292 |
| 51 | ov_051 | 8.37044251860723 × 10^291 |
| 52 | ov_052 | 6.034632877034539 × 10^291 |
| 53 | ov_053 | 4.257481434658868 × 10^291 |
| 54 | ov_054 | 2.8991880393190716 × 10^291 |
| 55 | ov_055 | 1.8933308104315653 × 10^291 |
| 56 | ov_056 | 1.180434800328512 × 10^291 |
| 57 | ov_057 | 7.079662714455889 × 10^290 |
| 58 | ov_058 | 3.916696391908274 × 10^290 |
| 59 | ov_059 | 1.928851710996273 × 10^290 |
| 60 | ov_060 | 7.98884349931228 × 10^289 |
| 61 | ov_061 | 2.7889996885909295 × 10^289 |
| 62 | ov_062 | 7.646560627051698 × 10^288 |
| 63 | ov_063 | 1.489500899955558 × 10^288 |
| 64 | lv_79_m31 | 2.9008313327786537 × 10^287 |
| 65 | ov_065 | 3.466074043853982 × 10^288 |
| 66 | ov_066 | 3.4660631662817344 × 10^288 |
| 67 | ov_067 | 3.466060504070028 × 10^288 |
| 68 | ov_068 | 2.996894286496489 × 10^288 |
| 69 | ov_069 | 2.578429271034441 × 10^288 |
| 70 | ov_070 | 2.2065457142894906 × 10^288 |
| 71 | ov_071 | 1.877377348446468 × 10^288 |
| 72 | ov_072 | 1.5872942148197768 × 10^288 |
| 73 | ov_073 | 1.3328870154813788 × 10^288 |
| 74 | ov_074 | 1.1109529026960979 × 10^288 |
| 75 | ov_075 | 9.18482628947927 × 10^287 |
| 76 | ov_076 | 7.526489828495392 × 10^287 |
| 77 | ov_077 | 6.107964382613428 × 10^287 |
| 78 | ov_078 | 4.904319455724384 × 10^287 |
| 79 | ov_079 | 3.892167953755365 × 10^287 |
| 80 | ov_080 | 3.0495948575838756 × 10^287 |
| 81 | ov_081 | 2.3560952518820714 × 10^287 |
| 82 | ov_082 | 1.7925210353041604 × 10^287 |
| 83 | ov_083 | 1.3410356415912382 × 10^287 |
| 84 | ov_084 | 9.850761041540131 × 10^286 |
| 85 | ov_085 | 7.093217987487597 × 10^286 |
| 86 | ov_086 | 4.99669200208163 × 10^286 |
| 87 | ov_087 | 3.4321199003647134 × 10^286 |
| 88 | ov_088 | 2.282258521951624 × 10^286 |
| 89 | ov_089 | 1.441572947046908 × 10^286 |
| 90 | ov_090 | 8.602111120787706 × 10^285 |
| 91 | ov_091 | 4.941202534377903 × 10^285 |
| 92 | ov_092 | 2.725227787670975 × 10^285 |
| 93 | ov_093 | 1.3617290030645206 × 10^285 |
| 94 | ov_094 | 5.832931838887629 × 10^284 |
| 95 | aaa_78_28 | 1.801170529240126 × 10^284 |
| 96 | aaa_78_29 | 5.531557281747749 × 10^283 |
| 97 | ov_097 | 3.652316227019212 × 10^283 |
| 98 | ov_098 | 3.652206983161694 × 10^283 |
| 99 | ov_099 | 3.652172094750746 × 10^283 |
| 100 | ov_100 | 3.2863860758132106 × 10^283 |
| 101 | ov_101 | 2.9476106382303405 × 10^283 |
| 102 | ov_102 | 2.634363398119161 × 10^283 |
| 103 | ov_103 | 2.345269686510014 × 10^283 |
| 104 | ov_104 | 2.0790485155634285 × 10^283 |
| 105 | ov_105 | 1.834499833984223 × 10^283 |
| 106 | ov_106 | 1.6104930047723266 × 10^283 |
| 107 | ov_107 | 1.4059564408755792 × 10^283 |
| 108 | ov_108 | 1.2198683362661276 × 10^283 |
| 109 | ov_109 | 1.0512484315143156 × 10^283 |
| 110 | ov_110 | 8.991507541399815 × 10^282 |
| 111 | ov_111 | 7.626572749361737 × 10^282 |
| 112 | ov_112 | 6.408724221357985 × 10^282 |
| 113 | ov_113 | 5.329183957748825 × 10^282 |
| 114 | ov_114 | 4.379312249400161 × 10^282 |
| 115 | ov_115 | 3.5505751081082107 × 10^282 |
| 116 | ov_116 | 2.834517985534276 × 10^282 |
| 117 | ov_117 | 2.2227452121258433 × 10^282 |
| 118 | ov_118 | 1.7069040504915934 × 10^282 |
| 119 | ov_119 | 1.278671791378027 × 10^282 |
| 120 | ov_120 | 9.297453957027771 × 10^281 |
| 121 | ov_121 | 6.518341194813223 × 10^281 |
| 122 | ov_122 | 4.366547670682645 × 10^281 |
| 123 | ov_123 | 2.7592856852234113 × 10^281 |
| 124 | ov_124 | 1.6137907263393262 × 10^281 |
| 125 | ov_125 | 8.47308412117505 × 10^280 |
| 126 | ov_126 | 3.7708782798789767 × 10^280 |
| 127 | aaa_77_28 | 1.2037896811384519 × 10^280 |
| 128 | aaa_77_29 | 4.511091311919342 × 10^279 |
| 129 | ov_129 | 4.175784586259162 × 10^279 |
| 130 | ov_130 | 4.1757722692161254 × 10^279 |
| 131 | ov_131 | 4.175769290829191 × 10^279 |
| 132 | ov_132 | 3.6189702455959416 × 10^279 |
| 133 | ov_133 | 3.1205717500636676 × 10^279 |
| 134 | ov_134 | 2.676136876313463 × 10^279 |
| 135 | ov_135 | 2.2814665201796082 × 10^279 |
| 136 | ov_136 | 1.9325824106717612 × 10^279 |
| 137 | ov_137 | 1.625712470030246 × 10^279 |
| 138 | ov_138 | 1.357278300083357 × 10^279 |
| 139 | ov_139 | 1.1238845820608209 × 10^279 |
| 140 | ov_140 | 9.223101881638073 × 10^278 |
| 141 | ov_141 | 7.495008140740298 × 10^278 |
| 142 | ov_142 | 6.025629522656744 × 10^278 |
| 143 | ov_143 | 4.787590365159692 × 10^278 |
| 144 | ov_144 | 3.755035984348205 × 10^278 |
| 145 | ov_145 | 2.903602871832185 × 10^278 |
| 146 | ov_146 | 2.2103961384786963 × 10^278 |
| 147 | ov_147 | 1.65397292202711 × 10^278 |
| 148 | ov_148 | 1.2143305782850428 × 10^278 |
| 149 | ov_149 | 8.728985778769464 × 10^277 |
| 150 | ov_150 | 6.125331326844607 × 10^277 |
| 151 | ov_151 | 4.175137200764179 × 10^277 |
| 152 | ov_152 | 2.7354089427244665 × 10^277 |
| 153 | ov_153 | 1.6773497627614489 × 10^277 |
| 154 | ov_154 | 9.401094897427356 × 10^276 |
| 155 | ov_155 | 4.6993174805013064 × 10^276 |
| 156 | aaa_76_25 | 1.805799651730142 × 10^276 |
| 157 | aaa_76_26 | 1.0428964733854142 × 10^276 |
| 158 | aaa_76_27 | 5.338995478217304 × 10^275 |
| 159 | aaa_76_28 | 2.079004968734031 × 10^275 |
| 160 | aaa_76_29 | 6.323451060464287 × 10^274 |

### Output Bits Sorted by Complexity

| Rank | Output Bit | Complexity |
|:----:|:----------:|:----------:|
| 160 | aaa_76_29 | 6.323451060464287 × 10^274 |
| 159 | aaa_76_28 | 2.079004968734031 × 10^275 |
| 158 | aaa_76_27 | 5.338995478217304 × 10^275 |
| 157 | aaa_76_26 | 1.0428964733854142 × 10^276 |
| 156 | aaa_76_25 | 1.805799651730142 × 10^276 |
| 155 | ov_155 | 4.6993174805013064 × 10^276 |
| 154 | ov_154 | 9.401094897427356 × 10^276 |
| 153 | ov_153 | 1.6773497627614489 × 10^277 |
| 152 | ov_152 | 2.7354089427244665 × 10^277 |
| 151 | ov_151 | 4.175137200764179 × 10^277 |
| 150 | ov_150 | 6.125331326844607 × 10^277 |
| 149 | ov_149 | 8.728985778769464 × 10^277 |
| 148 | ov_148 | 1.2143305782850428 × 10^278 |
| 147 | ov_147 | 1.65397292202711 × 10^278 |
| 146 | ov_146 | 2.2103961384786963 × 10^278 |
| 145 | ov_145 | 2.903602871832185 × 10^278 |
| 144 | ov_144 | 3.755035984348205 × 10^278 |
| 143 | ov_143 | 4.787590365159692 × 10^278 |
| 142 | ov_142 | 6.025629522656744 × 10^278 |
| 141 | ov_141 | 7.495008140740298 × 10^278 |
| 140 | ov_140 | 9.223101881638073 × 10^278 |
| 139 | ov_139 | 1.1238845820608209 × 10^279 |
| 138 | ov_138 | 1.357278300083357 × 10^279 |
| 137 | ov_137 | 1.625712470030246 × 10^279 |
| 136 | ov_136 | 1.9325824106717612 × 10^279 |
| 135 | ov_135 | 2.2814665201796082 × 10^279 |
| 134 | ov_134 | 2.676136876313463 × 10^279 |
| 133 | ov_133 | 3.1205717500636676 × 10^279 |
| 132 | ov_132 | 3.6189702455959416 × 10^279 |
| 131 | ov_131 | 4.175769290829191 × 10^279 |
| 130 | ov_130 | 4.1757722692161254 × 10^279 |
| 129 | ov_129 | 4.175784586259162 × 10^279 |
| 128 | aaa_77_29 | 4.511091311919342 × 10^279 |
| 127 | aaa_77_28 | 1.2037896811384519 × 10^280 |
| 126 | ov_126 | 3.7708782798789767 × 10^280 |
| 125 | ov_125 | 8.47308412117505 × 10^280 |
| 124 | ov_124 | 1.6137907263393262 × 10^281 |
| 123 | ov_123 | 2.7592856852234113 × 10^281 |
| 122 | ov_122 | 4.366547670682645 × 10^281 |
| 121 | ov_121 | 6.518341194813223 × 10^281 |
| 120 | ov_120 | 9.297453957027771 × 10^281 |
| 119 | ov_119 | 1.278671791378027 × 10^282 |
| 118 | ov_118 | 1.7069040504915934 × 10^282 |
| 117 | ov_117 | 2.2227452121258433 × 10^282 |
| 116 | ov_116 | 2.834517985534276 × 10^282 |
| 115 | ov_115 | 3.5505751081082107 × 10^282 |
| 114 | ov_114 | 4.379312249400161 × 10^282 |
| 113 | ov_113 | 5.329183957748825 × 10^282 |
| 112 | ov_112 | 6.408724221357985 × 10^282 |
| 111 | ov_111 | 7.626572749361737 × 10^282 |
| 110 | ov_110 | 8.991507541399815 × 10^282 |
| 109 | ov_109 | 1.0512484315143156 × 10^283 |
| 108 | ov_108 | 1.2198683362661276 × 10^283 |
| 107 | ov_107 | 1.4059564408755792 × 10^283 |
| 106 | ov_106 | 1.6104930047723266 × 10^283 |
| 105 | ov_105 | 1.834499833984223 × 10^283 |
| 104 | ov_104 | 2.0790485155634285 × 10^283 |
| 103 | ov_103 | 2.345269686510014 × 10^283 |
| 102 | ov_102 | 2.634363398119161 × 10^283 |
| 101 | ov_101 | 2.9476106382303405 × 10^283 |
| 100 | ov_100 | 3.2863860758132106 × 10^283 |
| 99 | ov_099 | 3.652172094750746 × 10^283 |
| 98 | ov_098 | 3.652206983161694 × 10^283 |
| 97 | ov_097 | 3.652316227019212 × 10^283 |
| 96 | aaa_78_29 | 5.531557281747749 × 10^283 |
| 95 | aaa_78_28 | 1.801170529240126 × 10^284 |
| 94 | ov_094 | 5.832931838887629 × 10^284 |
| 93 | ov_093 | 1.3617290030645206 × 10^285 |
| 92 | ov_092 | 2.725227787670975 × 10^285 |
| 91 | ov_091 | 4.941202534377903 × 10^285 |
| 90 | ov_090 | 8.602111120787706 × 10^285 |
| 89 | ov_089 | 1.441572947046908 × 10^286 |
| 88 | ov_088 | 2.282258521951624 × 10^286 |
| 87 | ov_087 | 3.4321199003647134 × 10^286 |
| 86 | ov_086 | 4.99669200208163 × 10^286 |
| 85 | ov_085 | 7.093217987487597 × 10^286 |
| 84 | ov_084 | 9.850761041540131 × 10^286 |
| 83 | ov_083 | 1.3410356415912382 × 10^287 |
| 82 | ov_082 | 1.7925210353041604 × 10^287 |
| 81 | ov_081 | 2.3560952518820714 × 10^287 |
| 64 | lv_79_m31 | 2.9008313327786537 × 10^287 |
| 80 | ov_080 | 3.0495948575838756 × 10^287 |
| 79 | ov_079 | 3.892167953755365 × 10^287 |
| 78 | ov_078 | 4.904319455724384 × 10^287 |
| 77 | ov_077 | 6.107964382613428 × 10^287 |
| 76 | ov_076 | 7.526489828495392 × 10^287 |
| 75 | ov_075 | 9.18482628947927 × 10^287 |
| 74 | ov_074 | 1.1109529026960979 × 10^288 |
| 73 | ov_073 | 1.3328870154813788 × 10^288 |
| 63 | ov_063 | 1.489500899955558 × 10^288 |
| 72 | ov_072 | 1.5872942148197768 × 10^288 |
| 71 | ov_071 | 1.877377348446468 × 10^288 |
| 70 | ov_070 | 2.2065457142894906 × 10^288 |
| 69 | ov_069 | 2.578429271034441 × 10^288 |
| 68 | ov_068 | 2.996894286496489 × 10^288 |
| 67 | ov_067 | 3.466060504070028 × 10^288 |
| 66 | ov_066 | 3.4660631662817344 × 10^288 |
| 65 | ov_065 | 3.466074043853982 × 10^288 |
| 62 | ov_062 | 7.646560627051698 × 10^288 |
| 61 | ov_061 | 2.7889996885909295 × 10^289 |
| 60 | ov_060 | 7.98884349931228 × 10^289 |
| 59 | ov_059 | 1.928851710996273 × 10^290 |
| 58 | ov_058 | 3.916696391908274 × 10^290 |
| 57 | ov_057 | 7.079662714455889 × 10^290 |
| 56 | ov_056 | 1.180434800328512 × 10^291 |
| 55 | ov_055 | 1.8933308104315653 × 10^291 |
| 54 | ov_054 | 2.8991880393190716 × 10^291 |
| 53 | ov_053 | 4.257481434658868 × 10^291 |
| 52 | ov_052 | 6.034632877034539 × 10^291 |
| 51 | ov_051 | 8.37044251860723 × 10^291 |
| 50 | ov_050 | 1.1418638647008167 × 10^292 |
| 49 | ov_049 | 1.5346916736277466 × 10^292 |
| 48 | ov_048 | 2.0336997273137358 × 10^292 |
| 47 | ov_047 | 2.658470693893676 × 10^292 |
| 32 | lv_80_m31 | 3.1471088490556037 × 10^292 |
| 46 | ov_046 | 3.430008942190343 × 10^292 |
| 45 | ov_045 | 4.37075543322666 × 10^292 |
| 44 | ov_044 | 5.504607407521088 × 10^292 |
| 43 | ov_043 | 6.856943948917845 × 10^292 |
| 42 | ov_042 | 8.454658602376378 × 10^292 |
| 41 | ov_041 | 1.0326200321635996 × 10^293 |
| 40 | ov_040 | 1.2487005113869318 × 10^293 |
| 39 | ov_039 | 1.495335989264676 × 10^293 |
| 31 | ov_031 | 1.6130803827510105 × 10^293 |
| 38 | ov_038 | 1.774244318404406 × 10^293 |
| 37 | ov_037 | 2.088955203336549 × 10^293 |
| 36 | ov_036 | 2.443192046360997 × 10^293 |
| 35 | ov_035 | 2.8408843067029017 × 10^293 |
| 34 | ov_034 | 3.286181887738081 × 10^293 |
| 33 | ov_033 | 3.783471771794178 × 10^293 |
| 30 | ov_030 | 8.266961164254444 × 10^293 |
| 29 | ov_029 | 2.703457991061108 × 10^294 |
| 28 | ov_028 | 7.014448412502738 × 10^294 |
| 27 | ov_027 | 1.5673542240105862 × 10^295 |
| 26 | ov_026 | 3.3249240072921426 × 10^295 |
| 25 | ov_025 | 6.579155312238056 × 10^295 |
| 24 | ov_024 | 1.2083204583042576 × 10^296 |
| 23 | ov_023 | 2.073839682936644 × 10^296 |
| 22 | ov_022 | 3.3594259218183636 × 10^296 |
| 21 | ov_021 | 5.184859248090653 × 10^296 |
| 20 | ov_020 | 7.6847601285372 × 10^296 |
| 19 | ov_019 | 1.1008610731777912 × 10^297 |
| 18 | ov_018 | 1.5320787709517635 × 10^297 |
| 17 | ov_017 | 2.0800610980989652 × 10^297 |
| 16 | ov_016 | 2.764241360572841 × 10^297 |
| 15 | ov_015 | 3.605563761182453 × 10^297 |
| 14 | ov_014 | 4.6264961480033375 × 10^297 |
| 13 | ov_013 | 5.851046760256815 × 10^297 |
| 12 | ov_012 | 7.304786086375243 × 10^297 |
| 11 | ov_011 | 9.014875120060984 × 10^297 |
| 10 | ov_010 | 1.1010101412158942 × 10^298 |
| 9 | ov_009 | 1.3320924428741467 × 10^298 |
| 8 | ov_008 | 1.5979531839166139 × 10^298 |
| 7 | ov_007 | 1.9019908472286084 × 10^298 |
| 6 | ov_006 | 2.2477919794815325 × 10^298 |
| 5 | ov_005 | 2.639141188350724 × 10^298 |
| 4 | ov_004 | 3.080032998281201 × 10^298 |
| 3 | ov_003 | 3.5746857716465134 × 10^298 |
| 2 | ov_002 | 4.1275578701388885 × 10^298 |
| 1 | ov_001 | 4.7433661971898926 × 10^298 |

