# Results for O009012-F013-F014-F015-F016-F017-F018-F019-F020-F021-F022-F023-F024-F025-F026-F027-F028-F029-F030-F031-F032-F033-F034-F035-F036-F037-F038-F039-F040-F041-F042-F043-F044-F045-F046-F047-F048-F049-F050-F051-F052-F053-F054-F055-F056-F057-F058-F059-F060-F061-F062-F063-F064-F065-F066-F067-F068-F069-F070-F071-F072-F073-F074-F075-F076-F077-F078-F079-F080-F081-F082-F083-F084-F085-F086-F087-F088-F089-F090-F091-F092-F093-F094-F095-F096-F097-F098-F099-F100-F101-F102-F103-F104-F105-F106-F107-F108-F109-F110-F111-F112-F113-F114-F115-F116-F117-F118-F119-F120-F121-F122-F123-F124-F125-F126-F127-F128-F129-F130-F131-F132-F133-F134-F135-F136-F137-F138-F139-F140-F141-F142-F143-F144-F145-F146-F147-F148-F149-F150-F151-F152-F153-F154-F155-F156-F157-F158-F159-F160-F161-F162-F163-F164-F165-F166-F167-F168-F169-F170-F171-F172-F173-F174-F175-F176-F177-F178-F179-F180-F181-F182-F183-F184-F185-F186-F187-F188-F189-F190-F191-F192-F193-F194-F195-F196-F197-F198-F199-F200-F201-F202-F203-F204-F205-F206-F207-F208-F209-F210-F211-F212-F213-F214-F215-F216-F217-F218-F219-F220-F221-F222-F223-F224-F225-F226-F227-F228-F229-F230-F231-F232-F233-F234-F235-F236-F237-F238-F239-F240-F241-F242-F243-F244-F245-F246-F247-F248-F249-F250-F251-F252-F253-F254-F255-F256-F257-F258-F259-F260-F261-F262-F263-F264-F265-F266-F267-F268-F269-F270-F271-F272-F273-F274-F275-F276-F277-F278-F279-F280-F281-F282-F283-F284-F285-F286-F287-F288-F289-F290-F291-F292-F293-F294-F295-F296-F297-F298-F299-F300-F301-F302-F303-F304-F305-F306-F307-F308-F309-F310-F311-F312-F313-F314-F315-F316-F317-F318-F319-F320-F321-F322-F323-F324-F325-F326-F327-F328-F329-F330-F331-F332-F333-F334-F335-F336-F337-F338-F339-F340-F341-F342-F343-F344-F345-F346-F347-F348-F349-F350-F351-F352-F353-F354-F355-F356-F357-F358-F359-F360-F361-F362-F363-F364-F365-F366-F367-F368-F369-F370-F371-F372-F373-F374-F375-F376-F377-F378-F379-F380-F381-F382-F383-F384-F385-F386-F387-F388-F389-F390-F391-F392-F393-F394-F395-F396-F397-F398-F399-F400-F401-F402-F403-F404-F405-F406-F407-F408-F409-F410-F411-F412-F413-F414-F415-F416-F417-F418-F419-F420-F421-F422-F423-F424-F425-F426-F427-F428-F429-F430-F431-F432-F433-F434-F435-F436-F437-F438-F439-F440-F441-F442-F443-F444-F445-F446-F447-F448-F449-F450-F451-F452-F453-F454-F455-F456-F457-F458-F459-F460-F461-F462-F463-F464-F465-F466-F467-F468-F469-F470-F471-F472-F473-F474-F475-F476-F477-F478-F479-F480-F481-F482-F483-F484-F485-F486-F487-F488-F489-F490-F491-F492-F493-F494-F495-F496-F497-F498-F499-F500-F501-F502-F503-F504-F505-F506-F507-F508-F509-F510-F511-F512

## Summary

Number of input bits: 512  
Number of free input bits: 11  
Number of output bits: 160

Number of direct occurrences: 51048  
Number of assignments: 38454  
Number of operations: 19169893
(xor: 19130045,
and: 23649,
or: 16199)

Total complexity: 1.7839751782392783 × 10^355

Least occurring input variable: iv_007 (4359)  
Most occurring input variable: iv_009 (5070)

Most co-occurring input variables: iv_002-iv_009 (2410)  
Least co-occurring input variables: iv_007-iv_011 (1949)

Potentially most occurring input variable: iv_001/iv_009 (5320)  
Potentially least occurring input variable: iv_004/iv_005 (4444)

Least output occurring input variable: iv_011 (67)  
Most output occurring input variable: iv_006 (90)

Most output co-occurring input variables: iv_006-iv_010 (52)  
Least output co-occurring input variables: iv_004-iv_007 (24)

Potentially most output occurring input variable: iv_005/iv_011 (96)  
Potentially least output occurring input variable: iv_004/iv_005 (68)

Least complex input bit: iv_001 (2.1996289184633897 × 10^352)  
Most complex input bit: iv_009 (5.448392291449968 × 10^354)

Least complex output bit: aaa_76_29 (5.573989132671105 × 10^329)  
Most complex output bit: ov_001 (2.7181668512552907 × 10^354)

Least complex input/output complexity: iv_001/aaa_76_29 (6.872689618655408 × 10^326)  
Most complex input/output complexity: iv_009/ov_001 (8.301482834458907 × 10^353)

## Input Bits

### Input Bits in Regular Order

| Input Bit | Complexity | Occurrences | Output Occurrences |
|:---------:|:----------:|:-----------:|:------------------:|
| iv_001 | 2.1996289184633897 × 10^352 | 4622 | 78 |
| iv_002 | 9.41269498165126 × 10^352 | 4644 | 85 |
| iv_003 | 2.6610553631793053 × 10^353 | 4697 | 85 |
| iv_004 | 5.750695668742091 × 10^353 | 4565 | 69 |
| iv_005 | 9.183611378246025 × 10^353 | 4665 | 77 |
| iv_006 | 1.2663754285126956 × 10^354 | 4646 | 90 |
| iv_007 | 1.6344019426516738 × 10^354 | 4359 | 70 |
| iv_008 | 2.0556619885574365 × 10^354 | 4536 | 76 |
| iv_009 | 5.448392291449968 × 10^354 | 5070 | 82 |
| iv_010 | 2.6947306446099807 × 10^354 | 4544 | 88 |
| iv_011 | 2.8645300065931643 × 10^354 | 4700 | 67 |

### Input Bits Sorted by Complexity

| Input Bit | Complexity | Occurrences | Output Occurrences |
|:---------:|:----------:|:-----------:|:------------------:|
| iv_001 | 2.1996289184633897 × 10^352 | 4622 | 78 |
| iv_002 | 9.41269498165126 × 10^352 | 4644 | 85 |
| iv_003 | 2.6610553631793053 × 10^353 | 4697 | 85 |
| iv_004 | 5.750695668742091 × 10^353 | 4565 | 69 |
| iv_005 | 9.183611378246025 × 10^353 | 4665 | 77 |
| iv_006 | 1.2663754285126956 × 10^354 | 4646 | 90 |
| iv_007 | 1.6344019426516738 × 10^354 | 4359 | 70 |
| iv_008 | 2.0556619885574365 × 10^354 | 4536 | 76 |
| iv_010 | 2.6947306446099807 × 10^354 | 4544 | 88 |
| iv_011 | 2.8645300065931643 × 10^354 | 4700 | 67 |
| iv_009 | 5.448392291449968 × 10^354 | 5070 | 82 |

### Input Bits Sorted by Occurrences

| Input Bit | Complexity | Occurrences | Output Occurrences |
|:---------:|:----------:|:-----------:|:------------------:|
| iv_007 | 1.6344019426516738 × 10^354 | 4359 | 70 |
| iv_008 | 2.0556619885574365 × 10^354 | 4536 | 76 |
| iv_010 | 2.6947306446099807 × 10^354 | 4544 | 88 |
| iv_004 | 5.750695668742091 × 10^353 | 4565 | 69 |
| iv_001 | 2.1996289184633897 × 10^352 | 4622 | 78 |
| iv_002 | 9.41269498165126 × 10^352 | 4644 | 85 |
| iv_006 | 1.2663754285126956 × 10^354 | 4646 | 90 |
| iv_005 | 9.183611378246025 × 10^353 | 4665 | 77 |
| iv_003 | 2.6610553631793053 × 10^353 | 4697 | 85 |
| iv_011 | 2.8645300065931643 × 10^354 | 4700 | 67 |
| iv_009 | 5.448392291449968 × 10^354 | 5070 | 82 |

### Input Bits Sorted by Output Occurrences

| Input Bit | Complexity | Occurrences | Output Occurrences |
|:---------:|:----------:|:-----------:|:------------------:|
| iv_011 | 2.8645300065931643 × 10^354 | 4700 | 67 |
| iv_004 | 5.750695668742091 × 10^353 | 4565 | 69 |
| iv_007 | 1.6344019426516738 × 10^354 | 4359 | 70 |
| iv_008 | 2.0556619885574365 × 10^354 | 4536 | 76 |
| iv_005 | 9.183611378246025 × 10^353 | 4665 | 77 |
| iv_001 | 2.1996289184633897 × 10^352 | 4622 | 78 |
| iv_009 | 5.448392291449968 × 10^354 | 5070 | 82 |
| iv_003 | 2.6610553631793053 × 10^353 | 4697 | 85 |
| iv_002 | 9.41269498165126 × 10^352 | 4644 | 85 |
| iv_010 | 2.6947306446099807 × 10^354 | 4544 | 88 |
| iv_006 | 1.2663754285126956 × 10^354 | 4646 | 90 |

## Input Bit Co-occurrences

### Input Bit Co-occurrences Sorted by Co-occurrences

| Input Bits | Co-occurrences | Potential Occurrences | Output Co-occurrences | Potential Output Occurrences |
|:----------:|:--------------:|:---------------------:|:---------------------:|:----------------------------:|
| iv_002-iv_009 | 2410 | 4894 | 45 | 77 |
| iv_004-iv_005 | 2393 | 4444 | 39 | 68 |
| iv_002-iv_003 | 2330 | 4681 | 45 | 80 |
| iv_005-iv_009 | 2288 | 5159 | 35 | 89 |
| iv_003-iv_009 | 2287 | 5193 | 42 | 83 |
| iv_009-iv_011 | 2284 | 5202 | 31 | 87 |
| iv_001-iv_003 | 2258 | 4803 | 45 | 73 |
| iv_004-iv_009 | 2256 | 5123 | 35 | 81 |
| iv_008-iv_009 | 2255 | 5096 | 39 | 80 |
| iv_001-iv_002 | 2245 | 4776 | 38 | 87 |
| iv_006-iv_009 | 2245 | 5226 | 51 | 70 |

### Input Bit Co-occurrences Sorted by Potential Occurrences

| Input Bits | Co-occurrences | Potential Occurrences | Output Co-occurrences | Potential Output Occurrences |
|:----------:|:--------------:|:---------------------:|:---------------------:|:----------------------------:|
| iv_004-iv_005 | 2393 | 4444 | 39 | 68 |
| iv_002-iv_007 | 2215 | 4573 | 43 | 69 |
| iv_002-iv_003 | 2330 | 4681 | 45 | 80 |
| iv_005-iv_010 | 2239 | 4731 | 38 | 89 |
| iv_007-iv_010 | 2073 | 4757 | 41 | 76 |
| iv_006-iv_007 | 2117 | 4771 | 36 | 88 |
| iv_001-iv_007 | 2105 | 4771 | 38 | 72 |
| iv_001-iv_002 | 2245 | 4776 | 38 | 87 |
| iv_001-iv_006 | 2245 | 4778 | 45 | 78 |
| iv_001-iv_003 | 2258 | 4803 | 45 | 73 |
| iv_003-iv_008 | 2210 | 4813 | 35 | 91 |

### Input Bit Output Co-occurrences Sorted by Output Co-occurrences

| Input Bits | Co-occurrences | Potential Occurrences | Output Co-occurrences | Potential Output Occurrences |
|:----------:|:--------------:|:---------------------:|:---------------------:|:----------------------------:|
| iv_006-iv_010 | 2138 | 4914 | 52 | 74 |
| iv_006-iv_009 | 2245 | 5226 | 51 | 70 |
| iv_006-iv_008 | 2108 | 4966 | 49 | 68 |
| iv_003-iv_006 | 2189 | 4965 | 49 | 77 |
| iv_005-iv_006 | 2123 | 5065 | 48 | 71 |
| iv_003-iv_010 | 2102 | 5037 | 46 | 81 |
| iv_002-iv_010 | 2117 | 4954 | 46 | 81 |
| iv_002-iv_003 | 2330 | 4681 | 45 | 80 |
| iv_002-iv_009 | 2410 | 4894 | 45 | 77 |
| iv_001-iv_003 | 2258 | 4803 | 45 | 73 |
| iv_001-iv_006 | 2245 | 4778 | 45 | 78 |

### Input Bit Output Co-occurrences Sorted by Potential Output Occurrences

| Input Bits | Co-occurrences | Potential Occurrences | Output Co-occurrences | Potential Output Occurrences |
|:----------:|:--------------:|:---------------------:|:---------------------:|:----------------------------:|
| iv_004-iv_005 | 2393 | 4444 | 39 | 68 |
| iv_006-iv_008 | 2108 | 4966 | 49 | 68 |
| iv_003-iv_007 | 2059 | 4938 | 43 | 69 |
| iv_002-iv_007 | 2215 | 4573 | 43 | 69 |
| iv_006-iv_009 | 2245 | 5226 | 51 | 70 |
| iv_002-iv_011 | 2126 | 5092 | 41 | 70 |
| iv_004-iv_008 | 2105 | 4891 | 37 | 71 |
| iv_005-iv_006 | 2123 | 5065 | 48 | 71 |
| iv_010-iv_011 | 2205 | 4834 | 42 | 71 |
| iv_001-iv_007 | 2105 | 4771 | 38 | 72 |
| iv_001-iv_003 | 2258 | 4803 | 45 | 73 |

## Output Bits

### Output Bits in Regular Order

| Rank | Output Bit | Complexity |
|:----:|:----------:|:----------:|
| 1 | ov_001 | 2.7181668512552907 × 10^354 |
| 2 | ov_002 | 2.381477368120038 × 10^354 |
| 3 | ov_003 | 2.07760587538731 × 10^354 |
| 4 | ov_004 | 1.803529024004581 × 10^354 |
| 5 | ov_005 | 1.5563964489919392 × 10^354 |
| 6 | ov_006 | 1.333518376135834 × 10^354 |
| 7 | ov_007 | 1.1335886051390677 × 10^354 |
| 8 | ov_008 | 9.553731320245193 × 10^353 |
| 9 | ov_009 | 7.97705600199883 × 10^353 |
| 10 | ov_010 | 6.594833440827792 × 10^353 |
| 11 | ov_011 | 5.39663991465127 × 10^353 |
| 12 | ov_012 | 4.3726258565795204 × 10^353 |
| 13 | ov_013 | 3.5047223885533454 × 10^353 |
| 14 | ov_014 | 2.7759045639780184 × 10^353 |
| 15 | ov_015 | 2.170161898323282 × 10^353 |
| 16 | ov_016 | 1.672474769368294 × 10^353 |
| 17 | ov_017 | 1.2687958374457225 × 10^353 |
| 18 | ov_018 | 9.460357042768448 × 10^352 |
| 19 | ov_019 | 6.9205209688446496 × 10^352 |
| 20 | ov_020 | 4.956419307309233 × 10^352 |
| 21 | ov_021 | 3.4653567373613494 × 10^352 |
| 22 | ov_022 | 2.3539350024434317 × 10^352 |
| 23 | ov_023 | 1.5380279136847817 × 10^352 |
| 24 | ov_024 | 9.4276605473352 × 10^351 |
| 25 | ov_025 | 5.330274979288241 × 10^351 |
| 26 | ov_026 | 2.7831284412544533 × 10^351 |
| 27 | ov_027 | 1.314859021220667 × 10^351 |
| 28 | ov_028 | 5.465120111985331 × 10^350 |
| 29 | ov_029 | 1.915372782615714 × 10^350 |
| 30 | ov_030 | 5.273291890601851 × 10^349 |
| 31 | ov_031 | 1.03206262097931 × 10^349 |
| 32 | lv_80_m31 | 2.019904649719118 × 10^348 |
| 33 | ov_033 | 2.5226505459618344 × 10^349 |
| 34 | ov_034 | 2.217081723012632 × 10^349 |
| 35 | ov_035 | 1.941337767074117 × 10^349 |
| 36 | ov_036 | 1.6926994049979882 × 10^349 |
| 37 | ov_037 | 1.4685986439860584 × 10^349 |
| 38 | ov_038 | 1.2666081789865605 × 10^349 |
| 39 | ov_039 | 1.0844321181520402 × 10^349 |
| 40 | ov_040 | 9.209542881505971 × 10^348 |
| 41 | ov_041 | 7.751183098256306 × 10^348 |
| 42 | ov_042 | 6.459243651089093 × 10^348 |
| 43 | ov_043 | 5.324264309514465 × 10^348 |
| 44 | ov_044 | 4.3372993226526136 × 10^348 |
| 45 | ov_045 | 3.4898976867833323 × 10^348 |
| 46 | ov_046 | 2.7740867264375046 × 10^348 |
| 47 | ov_047 | 2.1753046073127877 × 10^348 |
| 48 | ov_048 | 1.6798884682478335 × 10^348 |
| 49 | ov_049 | 1.2750587814913803 × 10^348 |
| 50 | ov_050 | 9.489071782043816 × 10^347 |
| 51 | ov_051 | 6.903871769104573 × 10^347 |
| 52 | ov_052 | 4.893073035249023 × 10^347 |
| 53 | ov_053 | 3.3632614236963985 × 10^347 |
| 54 | ov_054 | 2.229489082732846 × 10^347 |
| 55 | ov_055 | 1.415251804979265 × 10^347 |
| 56 | ov_056 | 8.524748985048367 × 10^346 |
| 57 | ov_057 | 4.815050094018731 × 10^346 |
| 58 | ov_058 | 2.511058214220889 × 10^346 |
| 59 | ov_059 | 1.184560600532208 × 10^346 |
| 60 | ov_060 | 4.914870547657334 × 10^345 |
| 61 | ov_061 | 1.719073757400979 × 10^345 |
| 62 | ov_062 | 4.7222901990143064 × 10^344 |
| 63 | ov_063 | 9.218106610479948 × 10^343 |
| 64 | lv_79_m31 | 1.7990818132300583 × 10^343 |
| 65 | ov_065 | 2.206125548385282 × 10^344 |
| 66 | ov_066 | 2.2061169655806368 × 10^344 |
| 67 | ov_067 | 2.2061142065041744 × 10^344 |
| 68 | ov_068 | 1.9253378994496957 × 10^344 |
| 69 | ov_069 | 1.6728432246118344 × 10^344 |
| 70 | ov_070 | 1.4465074131740348 × 10^344 |
| 71 | ov_071 | 1.2443294775110862 × 10^344 |
| 72 | ov_072 | 1.0644212961641258 × 10^344 |
| 73 | ov_073 | 9.049996802892923 × 10^343 |
| 74 | ov_074 | 7.643793677215766 × 10^343 |
| 75 | ov_075 | 6.409668938057943 × 10^343 |
| 76 | ov_076 | 5.332552910100215 × 10^343 |
| 77 | ov_077 | 4.398195620586827 × 10^343 |
| 78 | ov_078 | 3.59312854536528 × 10^343 |
| 79 | ov_079 | 2.9046325926825852 × 10^343 |
| 80 | ov_080 | 2.3207115964565973 × 10^343 |
| 81 | ov_081 | 1.8300706383350134 × 10^343 |
| 82 | ov_082 | 1.4220985646119826 × 10^343 |
| 83 | ov_083 | 1.0868541101960522 × 10^343 |
| 84 | ov_084 | 8.150550874804896 × 10^342 |
| 85 | ov_085 | 5.980701432913184 × 10^342 |
| 86 | ov_086 | 4.27912632183987 × 10^342 |
| 87 | ov_087 | 2.972361993050727 × 10^342 |
| 88 | ov_088 | 1.9933171088783316 × 10^342 |
| 89 | ov_089 | 1.281252152483074 × 10^342 |
| 90 | ov_090 | 7.817666191731299 × 10^341 |
| 91 | ov_091 | 4.4679151299364327 × 10^341 |
| 92 | ov_092 | 2.3458532000139015 × 10^341 |
| 93 | ov_093 | 1.0973207337440007 × 10^341 |
| 94 | ov_094 | 4.314054711682612 × 10^340 |
| 95 | aaa_78_28 | 1.2043979431394877 × 10^340 |
| 96 | aaa_78_29 | 3.5280871352571 × 10^339 |
| 97 | ov_097 | 3.4243779596978587 × 10^339 |
| 98 | ov_098 | 3.4243680922668004 × 10^339 |
| 99 | ov_099 | 3.424365696277286 × 10^339 |
| 100 | ov_100 | 3.0056632806938775 × 10^339 |
| 101 | ov_101 | 2.6280065020573683 × 10^339 |
| 102 | ov_102 | 2.2876911049799122 × 10^339 |
| 103 | ov_103 | 1.9812259329790785 × 10^339 |
| 104 | ov_104 | 1.705318286742499 × 10^339 |
| 105 | ov_105 | 1.4568608486895538 × 10^339 |
| 106 | ov_106 | 1.2343447652921504 × 10^339 |
| 107 | ov_107 | 1.0363453320371283 × 10^339 |
| 108 | ov_108 | 8.6151717927996 × 10^338 |
| 109 | ov_109 | 7.08590056600089 × 10^338 |
| 110 | ov_110 | 5.763651696265013 × 10^338 |
| 111 | ov_111 | 4.6371202603429534 × 10^338 |
| 112 | ov_112 | 3.6856423586301724 × 10^338 |
| 113 | ov_113 | 2.889802722003529 × 10^338 |
| 114 | ov_114 | 2.231401129920324 × 10^338 |
| 115 | ov_115 | 1.6934256976732096 × 10^338 |
| 116 | ov_116 | 1.2600321961141927 × 10^338 |
| 117 | ov_117 | 9.165284480119247 × 10^337 |
| 118 | ov_118 | 6.4936287221205655 × 10^337 |
| 119 | ov_119 | 4.461163437312382 × 10^337 |
| 120 | ov_120 | 2.9549663472288073 × 10^337 |
| 121 | ov_121 | 1.8733479797588515 × 10^337 |
| 122 | ov_122 | 1.1258295128720468 × 10^337 |
| 123 | ov_123 | 6.331301770834634 × 10^336 |
| 124 | ov_124 | 3.2716072918176674 × 10^336 |
| 125 | ov_125 | 1.5102044471247436 × 10^336 |
| 126 | ov_126 | 5.89959270139956 × 10^335 |
| 127 | aaa_77_28 | 1.6560722094807532 × 10^335 |
| 128 | aaa_77_29 | 5.050663345219088 × 10^334 |
| 129 | ov_129 | 3.087534989419668 × 10^334 |
| 130 | ov_130 | 3.08752406885802 × 10^334 |
| 131 | ov_131 | 3.087521407523513 × 10^334 |
| 132 | ov_132 | 2.7122993913152452 × 10^334 |
| 133 | ov_133 | 2.376766256204889 × 10^334 |
| 134 | ov_134 | 2.076914088185638 × 10^334 |
| 135 | ov_135 | 1.8089678370805795 × 10^334 |
| 136 | ov_136 | 1.5693688855285255 × 10^334 |
| 137 | ov_137 | 1.3547603625480268 × 10^334 |
| 138 | ov_138 | 1.1619740857858089 × 10^334 |
| 139 | ov_139 | 9.89471602274741 × 10^333 |
| 140 | ov_140 | 8.358003325649031 × 10^333 |
| 141 | ov_141 | 6.9958885036113115 × 10^333 |
| 142 | ov_142 | 5.795427971828359 × 10^333 |
| 143 | ov_143 | 4.744413872788997 × 10^333 |
| 144 | ov_144 | 3.831344607154907 × 10^333 |
| 145 | ov_145 | 3.0454004518941788 × 10^333 |
| 146 | ov_146 | 2.376423817840208 × 10^333 |
| 147 | ov_147 | 1.8149035722188227 × 10^333 |
| 148 | ov_148 | 1.351962816828646 × 10^333 |
| 149 | ov_149 | 9.793495631649027 × 10^332 |
| 150 | ov_150 | 6.894297962325083 × 10^332 |
| 151 | ov_151 | 4.6877090820025756 × 10^332 |
| 152 | ov_152 | 3.051569467614021 × 10^332 |
| 153 | ov_153 | 1.8758484126776507 × 10^332 |
| 154 | ov_154 | 1.0626208957817737 × 10^332 |
| 155 | ov_155 | 5.260543986656847 × 10^331 |
| 156 | aaa_76_25 | 1.9240219952497727 × 10^331 |
| 157 | aaa_76_26 | 1.0073509204476066 × 10^331 |
| 158 | aaa_76_27 | 4.656998738057909 × 10^330 |
| 159 | aaa_76_28 | 1.82248824454811 × 10^330 |
| 160 | aaa_76_29 | 5.573989132671105 × 10^329 |

### Output Bits Sorted by Complexity

| Rank | Output Bit | Complexity |
|:----:|:----------:|:----------:|
| 160 | aaa_76_29 | 5.573989132671105 × 10^329 |
| 159 | aaa_76_28 | 1.82248824454811 × 10^330 |
| 158 | aaa_76_27 | 4.656998738057909 × 10^330 |
| 157 | aaa_76_26 | 1.0073509204476066 × 10^331 |
| 156 | aaa_76_25 | 1.9240219952497727 × 10^331 |
| 155 | ov_155 | 5.260543986656847 × 10^331 |
| 154 | ov_154 | 1.0626208957817737 × 10^332 |
| 153 | ov_153 | 1.8758484126776507 × 10^332 |
| 152 | ov_152 | 3.051569467614021 × 10^332 |
| 151 | ov_151 | 4.6877090820025756 × 10^332 |
| 150 | ov_150 | 6.894297962325083 × 10^332 |
| 149 | ov_149 | 9.793495631649027 × 10^332 |
| 148 | ov_148 | 1.351962816828646 × 10^333 |
| 147 | ov_147 | 1.8149035722188227 × 10^333 |
| 146 | ov_146 | 2.376423817840208 × 10^333 |
| 145 | ov_145 | 3.0454004518941788 × 10^333 |
| 144 | ov_144 | 3.831344607154907 × 10^333 |
| 143 | ov_143 | 4.744413872788997 × 10^333 |
| 142 | ov_142 | 5.795427971828359 × 10^333 |
| 141 | ov_141 | 6.9958885036113115 × 10^333 |
| 140 | ov_140 | 8.358003325649031 × 10^333 |
| 139 | ov_139 | 9.89471602274741 × 10^333 |
| 138 | ov_138 | 1.1619740857858089 × 10^334 |
| 137 | ov_137 | 1.3547603625480268 × 10^334 |
| 136 | ov_136 | 1.5693688855285255 × 10^334 |
| 135 | ov_135 | 1.8089678370805795 × 10^334 |
| 134 | ov_134 | 2.076914088185638 × 10^334 |
| 133 | ov_133 | 2.376766256204889 × 10^334 |
| 132 | ov_132 | 2.7122993913152452 × 10^334 |
| 131 | ov_131 | 3.087521407523513 × 10^334 |
| 130 | ov_130 | 3.08752406885802 × 10^334 |
| 129 | ov_129 | 3.087534989419668 × 10^334 |
| 128 | aaa_77_29 | 5.050663345219088 × 10^334 |
| 127 | aaa_77_28 | 1.6560722094807532 × 10^335 |
| 126 | ov_126 | 5.89959270139956 × 10^335 |
| 125 | ov_125 | 1.5102044471247436 × 10^336 |
| 124 | ov_124 | 3.2716072918176674 × 10^336 |
| 123 | ov_123 | 6.331301770834634 × 10^336 |
| 122 | ov_122 | 1.1258295128720468 × 10^337 |
| 121 | ov_121 | 1.8733479797588515 × 10^337 |
| 120 | ov_120 | 2.9549663472288073 × 10^337 |
| 119 | ov_119 | 4.461163437312382 × 10^337 |
| 118 | ov_118 | 6.4936287221205655 × 10^337 |
| 117 | ov_117 | 9.165284480119247 × 10^337 |
| 116 | ov_116 | 1.2600321961141927 × 10^338 |
| 115 | ov_115 | 1.6934256976732096 × 10^338 |
| 114 | ov_114 | 2.231401129920324 × 10^338 |
| 113 | ov_113 | 2.889802722003529 × 10^338 |
| 112 | ov_112 | 3.6856423586301724 × 10^338 |
| 111 | ov_111 | 4.6371202603429534 × 10^338 |
| 110 | ov_110 | 5.763651696265013 × 10^338 |
| 109 | ov_109 | 7.08590056600089 × 10^338 |
| 108 | ov_108 | 8.6151717927996 × 10^338 |
| 107 | ov_107 | 1.0363453320371283 × 10^339 |
| 106 | ov_106 | 1.2343447652921504 × 10^339 |
| 105 | ov_105 | 1.4568608486895538 × 10^339 |
| 104 | ov_104 | 1.705318286742499 × 10^339 |
| 103 | ov_103 | 1.9812259329790785 × 10^339 |
| 102 | ov_102 | 2.2876911049799122 × 10^339 |
| 101 | ov_101 | 2.6280065020573683 × 10^339 |
| 100 | ov_100 | 3.0056632806938775 × 10^339 |
| 99 | ov_099 | 3.424365696277286 × 10^339 |
| 98 | ov_098 | 3.4243680922668004 × 10^339 |
| 97 | ov_097 | 3.4243779596978587 × 10^339 |
| 96 | aaa_78_29 | 3.5280871352571 × 10^339 |
| 95 | aaa_78_28 | 1.2043979431394877 × 10^340 |
| 94 | ov_094 | 4.314054711682612 × 10^340 |
| 93 | ov_093 | 1.0973207337440007 × 10^341 |
| 92 | ov_092 | 2.3458532000139015 × 10^341 |
| 91 | ov_091 | 4.4679151299364327 × 10^341 |
| 90 | ov_090 | 7.817666191731299 × 10^341 |
| 89 | ov_089 | 1.281252152483074 × 10^342 |
| 88 | ov_088 | 1.9933171088783316 × 10^342 |
| 87 | ov_087 | 2.972361993050727 × 10^342 |
| 86 | ov_086 | 4.27912632183987 × 10^342 |
| 85 | ov_085 | 5.980701432913184 × 10^342 |
| 84 | ov_084 | 8.150550874804896 × 10^342 |
| 83 | ov_083 | 1.0868541101960522 × 10^343 |
| 82 | ov_082 | 1.4220985646119826 × 10^343 |
| 64 | lv_79_m31 | 1.7990818132300583 × 10^343 |
| 81 | ov_081 | 1.8300706383350134 × 10^343 |
| 80 | ov_080 | 2.3207115964565973 × 10^343 |
| 79 | ov_079 | 2.9046325926825852 × 10^343 |
| 78 | ov_078 | 3.59312854536528 × 10^343 |
| 77 | ov_077 | 4.398195620586827 × 10^343 |
| 76 | ov_076 | 5.332552910100215 × 10^343 |
| 75 | ov_075 | 6.409668938057943 × 10^343 |
| 74 | ov_074 | 7.643793677215766 × 10^343 |
| 73 | ov_073 | 9.049996802892923 × 10^343 |
| 63 | ov_063 | 9.218106610479948 × 10^343 |
| 72 | ov_072 | 1.0644212961641258 × 10^344 |
| 71 | ov_071 | 1.2443294775110862 × 10^344 |
| 70 | ov_070 | 1.4465074131740348 × 10^344 |
| 69 | ov_069 | 1.6728432246118344 × 10^344 |
| 68 | ov_068 | 1.9253378994496957 × 10^344 |
| 67 | ov_067 | 2.2061142065041744 × 10^344 |
| 66 | ov_066 | 2.2061169655806368 × 10^344 |
| 65 | ov_065 | 2.206125548385282 × 10^344 |
| 62 | ov_062 | 4.7222901990143064 × 10^344 |
| 61 | ov_061 | 1.719073757400979 × 10^345 |
| 60 | ov_060 | 4.914870547657334 × 10^345 |
| 59 | ov_059 | 1.184560600532208 × 10^346 |
| 58 | ov_058 | 2.511058214220889 × 10^346 |
| 57 | ov_057 | 4.815050094018731 × 10^346 |
| 56 | ov_056 | 8.524748985048367 × 10^346 |
| 55 | ov_055 | 1.415251804979265 × 10^347 |
| 54 | ov_054 | 2.229489082732846 × 10^347 |
| 53 | ov_053 | 3.3632614236963985 × 10^347 |
| 52 | ov_052 | 4.893073035249023 × 10^347 |
| 51 | ov_051 | 6.903871769104573 × 10^347 |
| 50 | ov_050 | 9.489071782043816 × 10^347 |
| 49 | ov_049 | 1.2750587814913803 × 10^348 |
| 48 | ov_048 | 1.6798884682478335 × 10^348 |
| 32 | lv_80_m31 | 2.019904649719118 × 10^348 |
| 47 | ov_047 | 2.1753046073127877 × 10^348 |
| 46 | ov_046 | 2.7740867264375046 × 10^348 |
| 45 | ov_045 | 3.4898976867833323 × 10^348 |
| 44 | ov_044 | 4.3372993226526136 × 10^348 |
| 43 | ov_043 | 5.324264309514465 × 10^348 |
| 42 | ov_042 | 6.459243651089093 × 10^348 |
| 41 | ov_041 | 7.751183098256306 × 10^348 |
| 40 | ov_040 | 9.209542881505971 × 10^348 |
| 31 | ov_031 | 1.03206262097931 × 10^349 |
| 39 | ov_039 | 1.0844321181520402 × 10^349 |
| 38 | ov_038 | 1.2666081789865605 × 10^349 |
| 37 | ov_037 | 1.4685986439860584 × 10^349 |
| 36 | ov_036 | 1.6926994049979882 × 10^349 |
| 35 | ov_035 | 1.941337767074117 × 10^349 |
| 34 | ov_034 | 2.217081723012632 × 10^349 |
| 33 | ov_033 | 2.5226505459618344 × 10^349 |
| 30 | ov_030 | 5.273291890601851 × 10^349 |
| 29 | ov_029 | 1.915372782615714 × 10^350 |
| 28 | ov_028 | 5.465120111985331 × 10^350 |
| 27 | ov_027 | 1.314859021220667 × 10^351 |
| 26 | ov_026 | 2.7831284412544533 × 10^351 |
| 25 | ov_025 | 5.330274979288241 × 10^351 |
| 24 | ov_024 | 9.4276605473352 × 10^351 |
| 23 | ov_023 | 1.5380279136847817 × 10^352 |
| 22 | ov_022 | 2.3539350024434317 × 10^352 |
| 21 | ov_021 | 3.4653567373613494 × 10^352 |
| 20 | ov_020 | 4.956419307309233 × 10^352 |
| 19 | ov_019 | 6.9205209688446496 × 10^352 |
| 18 | ov_018 | 9.460357042768448 × 10^352 |
| 17 | ov_017 | 1.2687958374457225 × 10^353 |
| 16 | ov_016 | 1.672474769368294 × 10^353 |
| 15 | ov_015 | 2.170161898323282 × 10^353 |
| 14 | ov_014 | 2.7759045639780184 × 10^353 |
| 13 | ov_013 | 3.5047223885533454 × 10^353 |
| 12 | ov_012 | 4.3726258565795204 × 10^353 |
| 11 | ov_011 | 5.39663991465127 × 10^353 |
| 10 | ov_010 | 6.594833440827792 × 10^353 |
| 9 | ov_009 | 7.97705600199883 × 10^353 |
| 8 | ov_008 | 9.553731320245193 × 10^353 |
| 7 | ov_007 | 1.1335886051390677 × 10^354 |
| 6 | ov_006 | 1.333518376135834 × 10^354 |
| 5 | ov_005 | 1.5563964489919392 × 10^354 |
| 4 | ov_004 | 1.803529024004581 × 10^354 |
| 3 | ov_003 | 2.07760587538731 × 10^354 |
| 2 | ov_002 | 2.381477368120038 × 10^354 |
| 1 | ov_001 | 2.7181668512552907 × 10^354 |

