# Results for F001-F002-F003-F004-F005-F006-F007-F008-F009-F010-F011-F012-F013-F014-F015-F016-F017-F018-F019-F020-F021-F022-F023-F024-F025-F026-F027-F028-F029-F030-F031-F032-F033-F034-F035-F036-F037-F038-F039-F040-F041-F042-F043-F044-F045-F046-F047-F048-F049-F050-F051-F052-F053-F054-F055-F056-F057-F058-F059-F060-F061-F062-F063-F064-F065-F066-F067-F068-F069-F070-F071-F072-F073-F074-F075-F076-F077-F078-F079-F080-F081-F082-F083-F084-F085-F086-F087-F088-F089-F090-F091-F092-F093-F094-F095-F096-F097-F098-F099-F100-F101-F102-F103-F104-F105-F106-F107-F108-F109-F110-F111-F112-F113-F114-F115-F116-F117-F118-F119-F120-F121-F122-F123-F124-F125-F126-F127-F128-F129-F130-F131-F132-F133-F134-F135-F136-F137-F138-F139-F140-F141-F142-F143-F144-F145-F146-F147-F148-F149-F150-F151-F152-F153-F154-F155-F156-F157-F158-F159-F160-F161-F162-F163-F164-F165-F166-F167-F168-F169-F170-F171-F172-F173-F174-F175-F176-F177-F178-F179-F180-F181-F182-F183-F184-F185-F186-F187-F188-F189-F190-F191-F192-F193-F194-F195-F196-F197-F198-F199-F200-F201-F202-F203-F204-F205-F206-F207-F208-F209-F210-F211-F212-F213-F214-F215-F216-F217-F218-F219-F220-F221-F222-F223-F224-F225-F226-F227-F228-F229-F230-F231-F232-F233-F234-F235-F236-F237-F238-F239-F240-F241-F242-F243-F244-F245-F246-F247-F248-F249-F250-F251-F252-F253-F254-F255-F256-F257-F258-F259-F260-F261-F262-F263-F264-F265-F266-F267-F268-F269-F270-F271-F272-F273-F274-F275-F276-F277-F278-F279-F280-F281-F282-F283-F284-F285-F286-F287-F288-F289-F290-F291-F292-F293-F294-F295-F296-F297-F298-F299-F300-F301-F302-F303-F304-F305-F306-F307-F308-F309-F310-F311-F312-F313-F314-F315-F316-F317-F318-F319-F320-F321-F322-F323-F324-F325-F326-F327-F328-F329-F330-F331-F332-F333-F334-F335-F336-F337-F338-F339-F340-F341-F342-F343-F344-F345-F346-F347-F348-F349-F350-F351-F352-F353-F354-F355-F356-F357-F358-F359-F360-F361-F362-F363-F364-F365-F366-F367-F368-F369-F370-F371-F372-F373-F374-F375-F376-F377-F378-F379-F380-F381-F382-F383-F384-F385-F386-F387-F388-F389-F390-F391-F392-F393-F394-F395-F396-F397-F398-F399-F400-F401-F402-F403-F404-F405-F406-F407-F408-F409-F410-F411-F412-F413-F414-F415-F416-F417-F418-F419-F420-F421-F422-F423-F424-F425-F426-F427-F428-F429-F430-F431-F432-F433-F434-F435-F436-F437-F438-F439-F440-F441-F442-F443-F444-F445-F446-F447-F448-F449-F450-F451-F452-F453-F454-F455-F456-F457-F458-F459-F460-F461-F462-F463-F464-F465-F466-F467-F468-F469-F470-F471-F472-F473-F474-F475-F476-F477-F478-F479-F480-F481-F482-F483-F484-F485-F486-F487-F488-F489-F490-F491-F492-F493-F494-F495-F496-E501504-F508-F509-F510-F512

## Summary

Number of input bits: 512  
Number of free input bits: 11  
Number of output bits: 160

Number of direct occurrences: 44874  
Number of assignments: 31357  
Number of operations: 11109912
(xor: 11081606,
and: 14971,
or: 13335)

Total complexity: 3.196928240710876 × 10^299

Least occurring input variable: iv_502 (3896)  
Most occurring input variable: iv_511 (4344)

Most co-occurring input variables: iv_500-iv_511 (2080)  
Least co-occurring input variables: iv_498-iv_502 (1767)

Potentially most occurring input variable: iv_498/iv_511 (4494)  
Potentially least occurring input variable: iv_499/iv_505 (4163)

Least output occurring input variable: iv_500 (76)  
Most output occurring input variable: iv_497 (93)

Most output co-occurring input variables: iv_497-iv_506 (57)  
Least output co-occurring input variables: iv_500-iv_502 (37)

Potentially most output occurring input variable: iv_498/iv_505 (94)  
Potentially least output occurring input variable: iv_497/iv_501 (71)

Least complex input bit: iv_511 (1.1471042543005683 × 10^294)  
Most complex input bit: iv_505 (9.305264969981307 × 10^298)

Least complex output bit: aaa_76_29 (6.662691809186949 × 10^274)  
Most complex output bit: ov_001 (4.997838491640181 × 10^298)

Least complex input/output complexity: iv_511/aaa_76_29 (2.3906705261899836 × 10^269)  
Most complex input/output complexity: iv_505/ov_001 (1.4547155250360672 × 10^298)

## Input Bits

### Input Bits in Regular Order

| Input Bit | Complexity | Occurrences | Output Occurrences |
|:---------:|:----------:|:-----------:|:------------------:|
| iv_497 | 1.8482582411672194 × 10^297 | 4142 | 93 |
| iv_498 | 3.7001343104492055 × 10^297 | 3944 | 88 |
| iv_499 | 6.540030180267784 × 10^297 | 3954 | 81 |
| iv_500 | 1.10279858077255 × 10^298 | 4123 | 76 |
| iv_501 | 9.036664827169827 × 10^298 | 4147 | 80 |
| iv_502 | 2.929311394782151 × 10^298 | 3896 | 82 |
| iv_503 | 4.643257970894882 × 10^298 | 4053 | 79 |
| iv_505 | 9.305264969981307 × 10^298 | 3983 | 82 |
| iv_506 | 1.7267776912085937 × 10^298 | 4127 | 93 |
| iv_507 | 2.0162499886856284 × 10^298 | 4161 | 87 |
| iv_511 | 1.1471042543005683 × 10^294 | 4344 | 80 |

### Input Bits Sorted by Complexity

| Input Bit | Complexity | Occurrences | Output Occurrences |
|:---------:|:----------:|:-----------:|:------------------:|
| iv_511 | 1.1471042543005683 × 10^294 | 4344 | 80 |
| iv_497 | 1.8482582411672194 × 10^297 | 4142 | 93 |
| iv_498 | 3.7001343104492055 × 10^297 | 3944 | 88 |
| iv_499 | 6.540030180267784 × 10^297 | 3954 | 81 |
| iv_500 | 1.10279858077255 × 10^298 | 4123 | 76 |
| iv_506 | 1.7267776912085937 × 10^298 | 4127 | 93 |
| iv_507 | 2.0162499886856284 × 10^298 | 4161 | 87 |
| iv_502 | 2.929311394782151 × 10^298 | 3896 | 82 |
| iv_503 | 4.643257970894882 × 10^298 | 4053 | 79 |
| iv_501 | 9.036664827169827 × 10^298 | 4147 | 80 |
| iv_505 | 9.305264969981307 × 10^298 | 3983 | 82 |

### Input Bits Sorted by Occurrences

| Input Bit | Complexity | Occurrences | Output Occurrences |
|:---------:|:----------:|:-----------:|:------------------:|
| iv_502 | 2.929311394782151 × 10^298 | 3896 | 82 |
| iv_498 | 3.7001343104492055 × 10^297 | 3944 | 88 |
| iv_499 | 6.540030180267784 × 10^297 | 3954 | 81 |
| iv_505 | 9.305264969981307 × 10^298 | 3983 | 82 |
| iv_503 | 4.643257970894882 × 10^298 | 4053 | 79 |
| iv_500 | 1.10279858077255 × 10^298 | 4123 | 76 |
| iv_506 | 1.7267776912085937 × 10^298 | 4127 | 93 |
| iv_497 | 1.8482582411672194 × 10^297 | 4142 | 93 |
| iv_501 | 9.036664827169827 × 10^298 | 4147 | 80 |
| iv_507 | 2.0162499886856284 × 10^298 | 4161 | 87 |
| iv_511 | 1.1471042543005683 × 10^294 | 4344 | 80 |

### Input Bits Sorted by Output Occurrences

| Input Bit | Complexity | Occurrences | Output Occurrences |
|:---------:|:----------:|:-----------:|:------------------:|
| iv_500 | 1.10279858077255 × 10^298 | 4123 | 76 |
| iv_503 | 4.643257970894882 × 10^298 | 4053 | 79 |
| iv_501 | 9.036664827169827 × 10^298 | 4147 | 80 |
| iv_511 | 1.1471042543005683 × 10^294 | 4344 | 80 |
| iv_499 | 6.540030180267784 × 10^297 | 3954 | 81 |
| iv_502 | 2.929311394782151 × 10^298 | 3896 | 82 |
| iv_505 | 9.305264969981307 × 10^298 | 3983 | 82 |
| iv_507 | 2.0162499886856284 × 10^298 | 4161 | 87 |
| iv_498 | 3.7001343104492055 × 10^297 | 3944 | 88 |
| iv_506 | 1.7267776912085937 × 10^298 | 4127 | 93 |
| iv_497 | 1.8482582411672194 × 10^297 | 4142 | 93 |

## Input Bit Co-occurrences

### Input Bit Co-occurrences Sorted by Co-occurrences

| Input Bits | Co-occurrences | Potential Occurrences | Output Co-occurrences | Potential Output Occurrences |
|:----------:|:--------------:|:---------------------:|:---------------------:|:----------------------------:|
| iv_500-iv_511 | 2080 | 4307 | 38 | 80 |
| iv_507-iv_511 | 2038 | 4429 | 45 | 77 |
| iv_506-iv_511 | 2030 | 4411 | 40 | 93 |
| iv_503-iv_511 | 2029 | 4339 | 41 | 77 |
| iv_501-iv_506 | 2019 | 4236 | 42 | 89 |
| iv_501-iv_511 | 2019 | 4453 | 41 | 78 |
| iv_497-iv_511 | 2010 | 4466 | 47 | 79 |
| iv_500-iv_506 | 1999 | 4252 | 45 | 79 |
| iv_500-iv_503 | 1988 | 4200 | 41 | 73 |
| iv_497-iv_500 | 1988 | 4289 | 39 | 91 |
| iv_500-iv_507 | 1974 | 4336 | 41 | 81 |

### Input Bit Co-occurrences Sorted by Potential Occurrences

| Input Bits | Co-occurrences | Potential Occurrences | Output Co-occurrences | Potential Output Occurrences |
|:----------:|:--------------:|:---------------------:|:---------------------:|:----------------------------:|
| iv_499-iv_505 | 1887 | 4163 | 37 | 89 |
| iv_497-iv_505 | 1964 | 4197 | 49 | 77 |
| iv_500-iv_503 | 1988 | 4200 | 41 | 73 |
| iv_499-iv_503 | 1901 | 4205 | 44 | 72 |
| iv_503-iv_505 | 1910 | 4216 | 43 | 75 |
| iv_502-iv_506 | 1900 | 4223 | 51 | 73 |
| iv_497-iv_502 | 1904 | 4230 | 52 | 71 |
| iv_498-iv_499 | 1833 | 4232 | 48 | 73 |
| iv_501-iv_506 | 2019 | 4236 | 42 | 89 |
| iv_497-iv_499 | 1925 | 4246 | 45 | 84 |
| iv_500-iv_506 | 1999 | 4252 | 45 | 79 |

### Input Bit Output Co-occurrences Sorted by Output Co-occurrences

| Input Bits | Co-occurrences | Potential Occurrences | Output Co-occurrences | Potential Output Occurrences |
|:----------:|:--------------:|:---------------------:|:---------------------:|:----------------------------:|
| iv_497-iv_506 | 1941 | 4387 | 57 | 72 |
| iv_498-iv_506 | 1908 | 4255 | 54 | 73 |
| iv_497-iv_502 | 1904 | 4230 | 52 | 71 |
| iv_502-iv_506 | 1900 | 4223 | 51 | 73 |
| iv_497-iv_501 | 1931 | 4427 | 51 | 71 |
| iv_497-iv_498 | 1892 | 4302 | 50 | 81 |
| iv_499-iv_506 | 1872 | 4337 | 49 | 76 |
| iv_506-iv_507 | 1959 | 4370 | 49 | 82 |
| iv_497-iv_505 | 1964 | 4197 | 49 | 77 |
| iv_498-iv_499 | 1833 | 4232 | 48 | 73 |
| iv_497-iv_507 | 1967 | 4369 | 48 | 84 |

### Input Bit Output Co-occurrences Sorted by Potential Output Occurrences

| Input Bits | Co-occurrences | Potential Occurrences | Output Co-occurrences | Potential Output Occurrences |
|:----------:|:--------------:|:---------------------:|:---------------------:|:----------------------------:|
| iv_497-iv_501 | 1931 | 4427 | 51 | 71 |
| iv_497-iv_502 | 1904 | 4230 | 52 | 71 |
| iv_499-iv_503 | 1901 | 4205 | 44 | 72 |
| iv_502-iv_511 | 1924 | 4392 | 45 | 72 |
| iv_497-iv_506 | 1941 | 4387 | 57 | 72 |
| iv_498-iv_499 | 1833 | 4232 | 48 | 73 |
| iv_498-iv_506 | 1908 | 4255 | 54 | 73 |
| iv_499-iv_500 | 1899 | 4279 | 42 | 73 |
| iv_500-iv_503 | 1988 | 4200 | 41 | 73 |
| iv_502-iv_506 | 1900 | 4223 | 51 | 73 |
| iv_505-iv_507 | 1840 | 4464 | 48 | 73 |

## Output Bits

### Output Bits in Regular Order

| Rank | Output Bit | Complexity |
|:----:|:----------:|:----------:|
| 1 | ov_001 | 4.997838491640181 × 10^298 |
| 2 | ov_002 | 4.3489932554803883 × 10^298 |
| 3 | ov_003 | 3.766460653119631 × 10^298 |
| 4 | ov_004 | 3.2452707285073744 × 10^298 |
| 5 | ov_005 | 2.780725937589722 × 10^298 |
| 6 | ov_006 | 2.3683816111242445 × 10^298 |
| 7 | ov_007 | 2.0040289262629555 × 10^298 |
| 8 | ov_008 | 1.6836802385505797 × 10^298 |
| 9 | ov_009 | 1.40355659012023 × 10^298 |
| 10 | ov_010 | 1.1600771761444288 × 10^298 |
| 11 | ov_011 | 9.498505491535106 × 10^297 |
| 12 | ov_012 | 7.696673534780494 × 10^297 |
| 13 | ov_013 | 6.164943944686845 × 10^297 |
| 14 | ov_014 | 4.874698593504025 × 10^297 |
| 15 | ov_015 | 3.7989951862405635 × 10^297 |
| 16 | ov_016 | 2.9125374887225262 × 10^297 |
| 17 | ov_017 | 2.1916522968859396 × 10^297 |
| 18 | ov_018 | 1.614271792513887 × 10^297 |
| 19 | ov_019 | 1.159920110898413 × 10^297 |
| 20 | ov_020 | 8.097032439152284 × 10^296 |
| 21 | ov_021 | 5.4630167789271044 × 10^296 |
| 22 | ov_022 | 3.53965253448583 × 10^296 |
| 23 | ov_023 | 2.185097115000732 × 10^296 |
| 24 | ov_024 | 1.2731444813025393 × 10^296 |
| 25 | ov_025 | 6.932114092616825 × 10^295 |
| 26 | ov_026 | 3.503299659905624 × 10^295 |
| 27 | ov_027 | 1.651439704452011 × 10^295 |
| 28 | ov_028 | 7.390759814074519 × 10^294 |
| 29 | ov_029 | 2.8484932106363638 × 10^294 |
| 30 | ov_030 | 8.710467418704195 × 10^293 |
| 31 | ov_031 | 1.6996189819370866 × 10^293 |
| 32 | lv_80_m31 | 3.315945067136011 × 10^292 |
| 33 | ov_033 | 3.986447612733202 × 10^293 |
| 34 | ov_034 | 3.462479101613135 × 10^293 |
| 35 | ov_035 | 2.993292178610996 × 10^293 |
| 36 | ov_036 | 2.5742645084004034 × 10^293 |
| 37 | ov_037 | 2.201023553427639 × 10^293 |
| 38 | ov_038 | 1.8694290466860292 × 10^293 |
| 39 | ov_039 | 1.5755578326441107 × 10^293 |
| 40 | ov_040 | 1.3156908450453642 × 10^293 |
| 41 | ov_041 | 1.0880180718586323 × 10^293 |
| 42 | ov_042 | 8.908234456295304 × 10^292 |
| 43 | ov_043 | 7.224805544894109 × 10^292 |
| 44 | ov_044 | 5.799918800065438 × 10^292 |
| 45 | ov_045 | 4.605237890902639 × 10^292 |
| 46 | ov_046 | 3.6140221954831793 × 10^292 |
| 47 | ov_047 | 2.80109243319872 × 10^292 |
| 48 | ov_048 | 2.1428037294755433 × 10^292 |
| 49 | ov_049 | 1.617024872294375 × 10^292 |
| 50 | ov_050 | 1.203122621777686 × 10^292 |
| 51 | ov_051 | 8.819500344784794 × 10^291 |
| 52 | ov_052 | 6.358379096606176 × 10^291 |
| 53 | ov_053 | 4.48588696444887 × 10^291 |
| 54 | ov_054 | 3.054723792144866 × 10^291 |
| 55 | ov_055 | 1.9949042954746085 × 10^291 |
| 56 | ov_056 | 1.2437628124618623 × 10^291 |
| 57 | ov_057 | 7.459472735438256 × 10^290 |
| 58 | ov_058 | 4.126819472454855 × 10^290 |
| 59 | ov_059 | 2.0323308226959705 × 10^290 |
| 60 | ov_060 | 8.417429286443502 × 10^289 |
| 61 | ov_061 | 2.9386240524862005 × 10^289 |
| 62 | ov_062 | 8.056783609323621 × 10^288 |
| 63 | ov_063 | 1.569409702236523 × 10^288 |
| 64 | lv_79_m31 | 3.0564552450759565 × 10^287 |
| 65 | ov_065 | 3.6520221191252184 × 10^288 |
| 66 | ov_066 | 3.652010657992553 × 10^288 |
| 67 | ov_067 | 3.652007852958409 × 10^288 |
| 68 | ov_068 | 3.157671787875473 × 10^288 |
| 69 | ov_069 | 2.7167569449691732 × 10^288 |
| 70 | ov_070 | 2.3249225646910787 × 10^288 |
| 71 | ov_071 | 1.9780949615397174 × 10^288 |
| 72 | ov_072 | 1.6724494366645824 × 10^288 |
| 73 | ov_073 | 1.404393789989635 × 10^288 |
| 74 | ov_074 | 1.1705533472796865 × 10^288 |
| 75 | ov_075 | 9.677574207908126 × 10^287 |
| 76 | ov_076 | 7.930271247890894 × 10^287 |
| 77 | ov_077 | 6.43564469365184 × 10^287 |
| 78 | ov_078 | 5.167426576855942 × 10^287 |
| 79 | ov_079 | 4.1009751316968 × 10^287 |
| 80 | ov_080 | 3.213199641252679 × 10^287 |
| 81 | ov_081 | 2.4824951416997835 × 10^287 |
| 82 | ov_082 | 1.8886862736057045 × 10^287 |
| 83 | ov_083 | 1.412979573910338 × 10^287 |
| 84 | ov_084 | 1.0379235053478595 × 10^287 |
| 85 | ov_085 | 7.473755222285403 × 10^286 |
| 86 | ov_086 | 5.264754729177084 × 10^286 |
| 87 | ov_087 | 3.6162464024238876 × 10^286 |
| 88 | ov_088 | 2.4046972160068747 × 10^286 |
| 89 | ov_089 | 1.518910508643948 × 10^286 |
| 90 | ov_090 | 9.063597513156067 × 10^285 |
| 91 | ov_091 | 5.2062883603492665 × 10^285 |
| 92 | ov_092 | 2.871430914142459 × 10^285 |
| 93 | ov_093 | 1.4347830936457246 × 10^285 |
| 94 | ov_094 | 6.14585719331066 × 10^284 |
| 95 | aaa_78_28 | 1.8977997959291527 × 10^284 |
| 96 | aaa_78_29 | 5.828314482194021 × 10^283 |
| 97 | ov_097 | 3.848255830185042 × 10^283 |
| 98 | ov_098 | 3.848140725608802 × 10^283 |
| 99 | ov_099 | 3.8481039655030246 × 10^283 |
| 100 | ov_100 | 3.46269424397807 × 10^283 |
| 101 | ov_101 | 3.10574416852807 × 10^283 |
| 102 | ov_102 | 2.775691828281772 × 10^283 |
| 103 | ov_103 | 2.4710888059751053 × 10^283 |
| 104 | ov_104 | 2.1905853912831063 × 10^283 |
| 105 | ov_105 | 1.9329171525119817 × 10^283 |
| 106 | ov_106 | 1.6968927962038514 × 10^283 |
| 107 | ov_107 | 1.481383246762657 × 10^283 |
| 108 | ov_108 | 1.285311880270974 × 10^283 |
| 109 | ov_109 | 1.1076458483030924 × 10^283 |
| 110 | ov_110 | 9.473884288104004 × 10^282 |
| 111 | ov_111 | 8.035723421193037 × 10^282 |
| 112 | ov_112 | 6.752539707936747 × 10^282 |
| 113 | ov_113 | 5.615084226228922 × 10^282 |
| 114 | ov_114 | 4.614253763483414 × 10^282 |
| 115 | ov_115 | 3.741056499764974 × 10^282 |
| 116 | ov_116 | 2.9865843167964165 × 10^282 |
| 117 | ov_117 | 2.3419911338181532 × 10^282 |
| 118 | ov_118 | 1.798476105458046 × 10^282 |
| 119 | ov_119 | 1.347270025432483 × 10^282 |
| 120 | ov_120 | 9.796244128950912 × 10^281 |
| 121 | ov_121 | 6.868037417052325 × 10^281 |
| 122 | ov_122 | 4.600804390149816 × 10^281 |
| 123 | ov_123 | 2.907315951108981 × 10^281 |
| 124 | ov_124 | 1.700367434065889 × 10^281 |
| 125 | ov_125 | 8.927648468043967 × 10^280 |
| 126 | ov_126 | 3.9731785046733534 × 10^280 |
| 127 | aaa_77_28 | 1.268370636826917 × 10^280 |
| 128 | aaa_77_29 | 4.7531025142800105 × 10^279 |
| 129 | ov_129 | 4.399807240344997 × 10^279 |
| 130 | ov_130 | 4.399794262516757 × 10^279 |
| 131 | ov_131 | 4.399791124345204 × 10^279 |
| 132 | ov_132 | 3.8131209022519063 × 10^279 |
| 133 | ov_133 | 3.287984304824019 × 10^279 |
| 134 | ov_134 | 2.819706371660873 × 10^279 |
| 135 | ov_135 | 2.4038627248929545 × 10^279 |
| 136 | ov_136 | 2.0362616670929205 × 10^279 |
| 137 | ov_137 | 1.7129287559265638 × 10^279 |
| 138 | ov_138 | 1.4300936191777203 × 10^279 |
| 139 | ov_139 | 1.184178785882519 × 10^279 |
| 140 | ov_140 | 9.717903210525492 × 10^278 |
| 141 | ov_141 | 7.89710062932524 × 10^278 |
| 142 | ov_142 | 6.348892729922139 × 10^278 |
| 143 | ov_143 | 5.044435199495285 × 10^278 |
| 144 | ov_144 | 3.956486301055058 × 10^278 |
| 145 | ov_145 | 3.059375471764554 × 10^278 |
| 146 | ov_146 | 2.32897955658712 × 10^278 |
| 147 | ov_147 | 1.742705325752598 × 10^278 |
| 148 | ov_148 | 1.2794770324340836 × 10^278 |
| 149 | ov_149 | 9.197278747729646 × 10^277 |
| 150 | ov_150 | 6.453943340383394 × 10^277 |
| 151 | ov_151 | 4.399125123887772 × 10^277 |
| 152 | ov_152 | 2.8821582681987077 × 10^277 |
| 153 | ov_153 | 1.7673362881489315 × 10^277 |
| 154 | ov_154 | 9.905445202556766 × 10^276 |
| 155 | ov_155 | 4.95142664768346 × 10^276 |
| 156 | aaa_76_25 | 1.902677261762768 × 10^276 |
| 157 | aaa_76_26 | 1.0988458239992726 × 10^276 |
| 158 | aaa_76_27 | 5.625422115529551 × 10^275 |
| 159 | aaa_76_28 | 2.1905395082517106 × 10^275 |
| 160 | aaa_76_29 | 6.662691809186949 × 10^274 |

### Output Bits Sorted by Complexity

| Rank | Output Bit | Complexity |
|:----:|:----------:|:----------:|
| 160 | aaa_76_29 | 6.662691809186949 × 10^274 |
| 159 | aaa_76_28 | 2.1905395082517106 × 10^275 |
| 158 | aaa_76_27 | 5.625422115529551 × 10^275 |
| 157 | aaa_76_26 | 1.0988458239992726 × 10^276 |
| 156 | aaa_76_25 | 1.902677261762768 × 10^276 |
| 155 | ov_155 | 4.95142664768346 × 10^276 |
| 154 | ov_154 | 9.905445202556766 × 10^276 |
| 153 | ov_153 | 1.7673362881489315 × 10^277 |
| 152 | ov_152 | 2.8821582681987077 × 10^277 |
| 151 | ov_151 | 4.399125123887772 × 10^277 |
| 150 | ov_150 | 6.453943340383394 × 10^277 |
| 149 | ov_149 | 9.197278747729646 × 10^277 |
| 148 | ov_148 | 1.2794770324340836 × 10^278 |
| 147 | ov_147 | 1.742705325752598 × 10^278 |
| 146 | ov_146 | 2.32897955658712 × 10^278 |
| 145 | ov_145 | 3.059375471764554 × 10^278 |
| 144 | ov_144 | 3.956486301055058 × 10^278 |
| 143 | ov_143 | 5.044435199495285 × 10^278 |
| 142 | ov_142 | 6.348892729922139 × 10^278 |
| 141 | ov_141 | 7.89710062932524 × 10^278 |
| 140 | ov_140 | 9.717903210525492 × 10^278 |
| 139 | ov_139 | 1.184178785882519 × 10^279 |
| 138 | ov_138 | 1.4300936191777203 × 10^279 |
| 137 | ov_137 | 1.7129287559265638 × 10^279 |
| 136 | ov_136 | 2.0362616670929205 × 10^279 |
| 135 | ov_135 | 2.4038627248929545 × 10^279 |
| 134 | ov_134 | 2.819706371660873 × 10^279 |
| 133 | ov_133 | 3.287984304824019 × 10^279 |
| 132 | ov_132 | 3.8131209022519063 × 10^279 |
| 131 | ov_131 | 4.399791124345204 × 10^279 |
| 130 | ov_130 | 4.399794262516757 × 10^279 |
| 129 | ov_129 | 4.399807240344997 × 10^279 |
| 128 | aaa_77_29 | 4.7531025142800105 × 10^279 |
| 127 | aaa_77_28 | 1.268370636826917 × 10^280 |
| 126 | ov_126 | 3.9731785046733534 × 10^280 |
| 125 | ov_125 | 8.927648468043967 × 10^280 |
| 124 | ov_124 | 1.700367434065889 × 10^281 |
| 123 | ov_123 | 2.907315951108981 × 10^281 |
| 122 | ov_122 | 4.600804390149816 × 10^281 |
| 121 | ov_121 | 6.868037417052325 × 10^281 |
| 120 | ov_120 | 9.796244128950912 × 10^281 |
| 119 | ov_119 | 1.347270025432483 × 10^282 |
| 118 | ov_118 | 1.798476105458046 × 10^282 |
| 117 | ov_117 | 2.3419911338181532 × 10^282 |
| 116 | ov_116 | 2.9865843167964165 × 10^282 |
| 115 | ov_115 | 3.741056499764974 × 10^282 |
| 114 | ov_114 | 4.614253763483414 × 10^282 |
| 113 | ov_113 | 5.615084226228922 × 10^282 |
| 112 | ov_112 | 6.752539707936747 × 10^282 |
| 111 | ov_111 | 8.035723421193037 × 10^282 |
| 110 | ov_110 | 9.473884288104004 × 10^282 |
| 109 | ov_109 | 1.1076458483030924 × 10^283 |
| 108 | ov_108 | 1.285311880270974 × 10^283 |
| 107 | ov_107 | 1.481383246762657 × 10^283 |
| 106 | ov_106 | 1.6968927962038514 × 10^283 |
| 105 | ov_105 | 1.9329171525119817 × 10^283 |
| 104 | ov_104 | 2.1905853912831063 × 10^283 |
| 103 | ov_103 | 2.4710888059751053 × 10^283 |
| 102 | ov_102 | 2.775691828281772 × 10^283 |
| 101 | ov_101 | 3.10574416852807 × 10^283 |
| 100 | ov_100 | 3.46269424397807 × 10^283 |
| 99 | ov_099 | 3.8481039655030246 × 10^283 |
| 98 | ov_098 | 3.848140725608802 × 10^283 |
| 97 | ov_097 | 3.848255830185042 × 10^283 |
| 96 | aaa_78_29 | 5.828314482194021 × 10^283 |
| 95 | aaa_78_28 | 1.8977997959291527 × 10^284 |
| 94 | ov_094 | 6.14585719331066 × 10^284 |
| 93 | ov_093 | 1.4347830936457246 × 10^285 |
| 92 | ov_092 | 2.871430914142459 × 10^285 |
| 91 | ov_091 | 5.2062883603492665 × 10^285 |
| 90 | ov_090 | 9.063597513156067 × 10^285 |
| 89 | ov_089 | 1.518910508643948 × 10^286 |
| 88 | ov_088 | 2.4046972160068747 × 10^286 |
| 87 | ov_087 | 3.6162464024238876 × 10^286 |
| 86 | ov_086 | 5.264754729177084 × 10^286 |
| 85 | ov_085 | 7.473755222285403 × 10^286 |
| 84 | ov_084 | 1.0379235053478595 × 10^287 |
| 83 | ov_083 | 1.412979573910338 × 10^287 |
| 82 | ov_082 | 1.8886862736057045 × 10^287 |
| 81 | ov_081 | 2.4824951416997835 × 10^287 |
| 64 | lv_79_m31 | 3.0564552450759565 × 10^287 |
| 80 | ov_080 | 3.213199641252679 × 10^287 |
| 79 | ov_079 | 4.1009751316968 × 10^287 |
| 78 | ov_078 | 5.167426576855942 × 10^287 |
| 77 | ov_077 | 6.43564469365184 × 10^287 |
| 76 | ov_076 | 7.930271247890894 × 10^287 |
| 75 | ov_075 | 9.677574207908126 × 10^287 |
| 74 | ov_074 | 1.1705533472796865 × 10^288 |
| 73 | ov_073 | 1.404393789989635 × 10^288 |
| 63 | ov_063 | 1.569409702236523 × 10^288 |
| 72 | ov_072 | 1.6724494366645824 × 10^288 |
| 71 | ov_071 | 1.9780949615397174 × 10^288 |
| 70 | ov_070 | 2.3249225646910787 × 10^288 |
| 69 | ov_069 | 2.7167569449691732 × 10^288 |
| 68 | ov_068 | 3.157671787875473 × 10^288 |
| 67 | ov_067 | 3.652007852958409 × 10^288 |
| 66 | ov_066 | 3.652010657992553 × 10^288 |
| 65 | ov_065 | 3.6520221191252184 × 10^288 |
| 62 | ov_062 | 8.056783609323621 × 10^288 |
| 61 | ov_061 | 2.9386240524862005 × 10^289 |
| 60 | ov_060 | 8.417429286443502 × 10^289 |
| 59 | ov_059 | 2.0323308226959705 × 10^290 |
| 58 | ov_058 | 4.126819472454855 × 10^290 |
| 57 | ov_057 | 7.459472735438256 × 10^290 |
| 56 | ov_056 | 1.2437628124618623 × 10^291 |
| 55 | ov_055 | 1.9949042954746085 × 10^291 |
| 54 | ov_054 | 3.054723792144866 × 10^291 |
| 53 | ov_053 | 4.48588696444887 × 10^291 |
| 52 | ov_052 | 6.358379096606176 × 10^291 |
| 51 | ov_051 | 8.819500344784794 × 10^291 |
| 50 | ov_050 | 1.203122621777686 × 10^292 |
| 49 | ov_049 | 1.617024872294375 × 10^292 |
| 48 | ov_048 | 2.1428037294755433 × 10^292 |
| 47 | ov_047 | 2.80109243319872 × 10^292 |
| 32 | lv_80_m31 | 3.315945067136011 × 10^292 |
| 46 | ov_046 | 3.6140221954831793 × 10^292 |
| 45 | ov_045 | 4.605237890902639 × 10^292 |
| 44 | ov_044 | 5.799918800065438 × 10^292 |
| 43 | ov_043 | 7.224805544894109 × 10^292 |
| 42 | ov_042 | 8.908234456295304 × 10^292 |
| 41 | ov_041 | 1.0880180718586323 × 10^293 |
| 40 | ov_040 | 1.3156908450453642 × 10^293 |
| 39 | ov_039 | 1.5755578326441107 × 10^293 |
| 31 | ov_031 | 1.6996189819370866 × 10^293 |
| 38 | ov_038 | 1.8694290466860292 × 10^293 |
| 37 | ov_037 | 2.201023553427639 × 10^293 |
| 36 | ov_036 | 2.5742645084004034 × 10^293 |
| 35 | ov_035 | 2.993292178610996 × 10^293 |
| 34 | ov_034 | 3.462479101613135 × 10^293 |
| 33 | ov_033 | 3.986447612733202 × 10^293 |
| 30 | ov_030 | 8.710467418704195 × 10^293 |
| 29 | ov_029 | 2.8484932106363638 × 10^294 |
| 28 | ov_028 | 7.390759814074519 × 10^294 |
| 27 | ov_027 | 1.651439704452011 × 10^295 |
| 26 | ov_026 | 3.503299659905624 × 10^295 |
| 25 | ov_025 | 6.932114092616825 × 10^295 |
| 24 | ov_024 | 1.2731444813025393 × 10^296 |
| 23 | ov_023 | 2.185097115000732 × 10^296 |
| 22 | ov_022 | 3.53965253448583 × 10^296 |
| 21 | ov_021 | 5.4630167789271044 × 10^296 |
| 20 | ov_020 | 8.097032439152284 × 10^296 |
| 19 | ov_019 | 1.159920110898413 × 10^297 |
| 18 | ov_018 | 1.614271792513887 × 10^297 |
| 17 | ov_017 | 2.1916522968859396 × 10^297 |
| 16 | ov_016 | 2.9125374887225262 × 10^297 |
| 15 | ov_015 | 3.7989951862405635 × 10^297 |
| 14 | ov_014 | 4.874698593504025 × 10^297 |
| 13 | ov_013 | 6.164943944686845 × 10^297 |
| 12 | ov_012 | 7.696673534780494 × 10^297 |
| 11 | ov_011 | 9.498505491535106 × 10^297 |
| 10 | ov_010 | 1.1600771761444288 × 10^298 |
| 9 | ov_009 | 1.40355659012023 × 10^298 |
| 8 | ov_008 | 1.6836802385505797 × 10^298 |
| 7 | ov_007 | 2.0040289262629555 × 10^298 |
| 6 | ov_006 | 2.3683816111242445 × 10^298 |
| 5 | ov_005 | 2.780725937589722 × 10^298 |
| 4 | ov_004 | 3.2452707285073744 × 10^298 |
| 3 | ov_003 | 3.766460653119631 × 10^298 |
| 2 | ov_002 | 4.3489932554803883 × 10^298 |
| 1 | ov_001 | 4.997838491640181 × 10^298 |

