# Results for F001-F002-F003-F004-F005-F006-F007-F008-F009-F010-F011-F012-F013-F014-F015-F016-F017-F018-F019-F020-F021-F022-F023-F024-F025-F026-F027-F028-F029-F030-F031-F032-F033-F034-F035-F036-F037-F038-F039-F040-F041-F042-F043-F044-F045-F046-F047-F048-F049-F050-F051-F052-F053-F054-F055-F056-F057-F058-F059-F060-F061-F062-F063-F064-F065-F066-F067-F068-F069-F070-F071-F072-F073-F074-F075-F076-F077-F078-F079-F080-F081-F082-F083-F084-F085-F086-F087-F088-F089-F090-F091-F092-F093-F094-F095-F096-F097-F098-F099-F100-F101-F102-F103-F104-F105-F106-F107-F108-F109-F110-F111-F112-F113-F114-F115-F116-F117-F118-F119-F120-F121-F122-F123-F124-F125-F126-F127-F128-F129-F130-F131-F132-F133-F134-F135-F136-F137-F138-F139-F140-F141-F142-F143-F144-F145-F146-F147-F148-F149-F150-F151-F152-F153-F154-F155-F156-F157-F158-F159-F160-F161-F162-F163-F164-F165-F166-F167-F168-F169-F170-F171-F172-F173-F174-F175-F176-F177-F178-F179-F180-F181-F182-F183-F184-F185-F186-F187-F188-F189-F190-F191-F192-F193-F194-F195-F196-F197-F198-F199-F200-F201-F202-F203-F204-F205-F206-F207-F208-F209-F210-F211-F212-F213-F214-F215-F216-F217-F218-F219-F220-F221-F222-F223-F224-F225-F226-F227-F228-F229-F230-F231-F232-F233-F234-F235-F236-F237-F238-F239-F240-F241-F242-F243-F244-F245-F246-F247-F248-F249-F250-F251-F252-F253-F254-F255-F256-F257-F258-F259-F260-F261-F262-F263-F264-F265-F266-F267-F268-F269-F270-F271-F272-F273-F274-F275-F276-F277-F278-F279-F280-F281-F282-F283-F284-F285-F286-F287-F288-F289-F290-F291-F292-F293-F294-F295-F296-F297-F298-F299-F300-F301-F302-F303-F304-F305-F306-F307-F308-F309-F310-F311-F312-F313-F314-F315-F316-F317-F318-F319-F320-F321-F322-F323-F324-F325-F326-F327-F328-F329-F330-F331-F332-F333-F334-F335-F336-F337-F338-F339-F340-F341-F342-F343-F344-F345-F346-F347-F348-F349-F350-F351-F352-F353-F354-F355-F356-F357-F358-F359-F360-F361-F362-F363-F364-F365-F366-F367-F368-F369-F370-F371-F372-F373-F374-F375-F376-F377-F378-F379-F380-F381-F382-F383-F384-F385-F386-F387-F388-F389-F390-F391-F392-F393-F394-F395-F396-F397-F398-F399-F400-F401-F402-F403-F404-F405-F406-F407-F408-F409-F410-F411-F412-F413-F414-F415-F416-F417-F418-F419-F420-F421-F422-F423-F424-F425-F426-F427-F428-F429-F430-F431-F432-F433-F434-F435-F436-F437-F438-F439-F440-F441-F442-F443-F444-F445-F446-F447-F448-F449-F450-F451-F452-F453-F454-F455-F456-F457-F458-F459-F460-F461-F462-F463-F464-F465-F466-F467-F468-F469-F470-F471-F472-F473-F474-F475-F476-F477-F478-F479-F480-F481-F482-F483-F484-F485-F486-F487-F488-F489-F490-F491-F492-F493-F494-F495-F496-F508-F509-F510-F511-F512

## Summary

Number of input bits: 512  
Number of free input bits: 11  
Number of output bits: 160

Number of direct occurrences: 43525  
Number of assignments: 30809  
Number of operations: 10680795
(xor: 10652897,
and: 14713,
or: 13185)

Total complexity: 9.627374593022864 × 10^295

Least occurring input variable: iv_502 (3827)  
Most occurring input variable: iv_507 (4090)

Most co-occurring input variables: iv_500-iv_501 (1995)  
Least co-occurring input variables: iv_498-iv_502 (1736)

Potentially most occurring input variable: iv_505/iv_507 (4335)  
Potentially least occurring input variable: iv_500/iv_501 (4059)

Least output occurring input variable: iv_503 (75)  
Most output occurring input variable: iv_506 (93)

Most output co-occurring input variables: iv_498-iv_507 (54)  
Least output co-occurring input variables: iv_497-iv_504 (33)

Potentially most output occurring input variable: iv_505/iv_507 (95)  
Potentially least output occurring input variable: iv_498/iv_507 (61)

Least complex input bit: iv_497 (5.725987005790346 × 10^293)  
Most complex input bit: iv_505 (2.792721363264614 × 10^295)

Least complex output bit: aaa_76_29 (2.4408316873308537 × 10^271)  
Most complex output bit: ov_001 (1.5534664402582554 × 10^295)

Least complex input/output complexity: iv_497/aaa_76_29 (1.4517115117870838 × 10^269)  
Most complex input/output complexity: iv_505/ov_001 (4.506315686488375 × 10^294)

## Input Bits

### Input Bits in Regular Order

| Input Bit | Complexity | Occurrences | Output Occurrences |
|:---------:|:----------:|:-----------:|:------------------:|
| iv_497 | 5.725987005790346 × 10^293 | 3989 | 77 |
| iv_498 | 1.1422481383540835 × 10^294 | 3880 | 88 |
| iv_499 | 2.0086319315807127 × 10^294 | 3878 | 81 |
| iv_500 | 3.3653607505079395 × 10^294 | 4044 | 76 |
| iv_501 | 5.5098150999653725 × 10^294 | 4005 | 82 |
| iv_502 | 8.849282499920478 × 10^294 | 3827 | 82 |
| iv_503 | 1.397966041348433 × 10^295 | 3988 | 75 |
| iv_504 | 2.1685673126224493 × 10^295 | 3869 | 78 |
| iv_505 | 2.792721363264614 × 10^295 | 3911 | 82 |
| iv_506 | 5.180362426839773 × 10^294 | 4044 | 93 |
| iv_507 | 6.052899210126377 × 10^294 | 4090 | 81 |

### Input Bits Sorted by Complexity

| Input Bit | Complexity | Occurrences | Output Occurrences |
|:---------:|:----------:|:-----------:|:------------------:|
| iv_497 | 5.725987005790346 × 10^293 | 3989 | 77 |
| iv_498 | 1.1422481383540835 × 10^294 | 3880 | 88 |
| iv_499 | 2.0086319315807127 × 10^294 | 3878 | 81 |
| iv_500 | 3.3653607505079395 × 10^294 | 4044 | 76 |
| iv_506 | 5.180362426839773 × 10^294 | 4044 | 93 |
| iv_501 | 5.5098150999653725 × 10^294 | 4005 | 82 |
| iv_507 | 6.052899210126377 × 10^294 | 4090 | 81 |
| iv_502 | 8.849282499920478 × 10^294 | 3827 | 82 |
| iv_503 | 1.397966041348433 × 10^295 | 3988 | 75 |
| iv_504 | 2.1685673126224493 × 10^295 | 3869 | 78 |
| iv_505 | 2.792721363264614 × 10^295 | 3911 | 82 |

### Input Bits Sorted by Occurrences

| Input Bit | Complexity | Occurrences | Output Occurrences |
|:---------:|:----------:|:-----------:|:------------------:|
| iv_502 | 8.849282499920478 × 10^294 | 3827 | 82 |
| iv_504 | 2.1685673126224493 × 10^295 | 3869 | 78 |
| iv_499 | 2.0086319315807127 × 10^294 | 3878 | 81 |
| iv_498 | 1.1422481383540835 × 10^294 | 3880 | 88 |
| iv_505 | 2.792721363264614 × 10^295 | 3911 | 82 |
| iv_503 | 1.397966041348433 × 10^295 | 3988 | 75 |
| iv_497 | 5.725987005790346 × 10^293 | 3989 | 77 |
| iv_501 | 5.5098150999653725 × 10^294 | 4005 | 82 |
| iv_500 | 3.3653607505079395 × 10^294 | 4044 | 76 |
| iv_506 | 5.180362426839773 × 10^294 | 4044 | 93 |
| iv_507 | 6.052899210126377 × 10^294 | 4090 | 81 |

### Input Bits Sorted by Output Occurrences

| Input Bit | Complexity | Occurrences | Output Occurrences |
|:---------:|:----------:|:-----------:|:------------------:|
| iv_503 | 1.397966041348433 × 10^295 | 3988 | 75 |
| iv_500 | 3.3653607505079395 × 10^294 | 4044 | 76 |
| iv_497 | 5.725987005790346 × 10^293 | 3989 | 77 |
| iv_504 | 2.1685673126224493 × 10^295 | 3869 | 78 |
| iv_499 | 2.0086319315807127 × 10^294 | 3878 | 81 |
| iv_507 | 6.052899210126377 × 10^294 | 4090 | 81 |
| iv_502 | 8.849282499920478 × 10^294 | 3827 | 82 |
| iv_501 | 5.5098150999653725 × 10^294 | 4005 | 82 |
| iv_505 | 2.792721363264614 × 10^295 | 3911 | 82 |
| iv_498 | 1.1422481383540835 × 10^294 | 3880 | 88 |
| iv_506 | 5.180362426839773 × 10^294 | 4044 | 93 |

## Input Bit Co-occurrences

### Input Bit Co-occurrences Sorted by Co-occurrences

| Input Bits | Co-occurrences | Potential Occurrences | Output Co-occurrences | Potential Output Occurrences |
|:----------:|:--------------:|:---------------------:|:---------------------:|:----------------------------:|
| iv_500-iv_501 | 1995 | 4059 | 39 | 80 |
| iv_500-iv_506 | 1953 | 4182 | 45 | 79 |
| iv_500-iv_507 | 1947 | 4240 | 37 | 83 |
| iv_497-iv_503 | 1945 | 4087 | 37 | 78 |
| iv_506-iv_507 | 1939 | 4256 | 52 | 70 |
| iv_503-iv_507 | 1937 | 4204 | 39 | 78 |
| iv_497-iv_500 | 1931 | 4171 | 35 | 83 |
| iv_501-iv_507 | 1925 | 4245 | 38 | 87 |
| iv_500-iv_503 | 1909 | 4214 | 39 | 73 |
| iv_497-iv_506 | 1901 | 4231 | 40 | 90 |
| iv_501-iv_503 | 1896 | 4201 | 35 | 87 |

### Input Bit Co-occurrences Sorted by Potential Occurrences

| Input Bits | Co-occurrences | Potential Occurrences | Output Co-occurrences | Potential Output Occurrences |
|:----------:|:--------------:|:---------------------:|:---------------------:|:----------------------------:|
| iv_500-iv_501 | 1995 | 4059 | 39 | 80 |
| iv_501-iv_504 | 1895 | 4084 | 40 | 80 |
| iv_497-iv_503 | 1945 | 4087 | 37 | 78 |
| iv_499-iv_505 | 1850 | 4089 | 37 | 89 |
| iv_499-iv_504 | 1828 | 4091 | 38 | 83 |
| iv_497-iv_505 | 1896 | 4108 | 43 | 73 |
| iv_498-iv_504 | 1806 | 4137 | 46 | 74 |
| iv_504-iv_505 | 1820 | 4140 | 36 | 88 |
| iv_497-iv_499 | 1862 | 4143 | 40 | 78 |
| iv_502-iv_506 | 1863 | 4145 | 51 | 73 |
| iv_504-iv_506 | 1877 | 4159 | 45 | 81 |

### Input Bit Output Co-occurrences Sorted by Output Co-occurrences

| Input Bits | Co-occurrences | Potential Occurrences | Output Co-occurrences | Potential Output Occurrences |
|:----------:|:--------------:|:---------------------:|:---------------------:|:----------------------------:|
| iv_498-iv_506 | 1875 | 4174 | 54 | 73 |
| iv_498-iv_507 | 1872 | 4226 | 54 | 61 |
| iv_506-iv_507 | 1939 | 4256 | 52 | 70 |
| iv_502-iv_506 | 1863 | 4145 | 51 | 73 |
| iv_499-iv_506 | 1829 | 4264 | 49 | 76 |
| iv_498-iv_499 | 1794 | 4170 | 48 | 73 |
| iv_498-iv_501 | 1834 | 4217 | 46 | 78 |
| iv_498-iv_502 | 1736 | 4235 | 46 | 78 |
| iv_498-iv_504 | 1806 | 4137 | 46 | 74 |
| iv_497-iv_498 | 1826 | 4217 | 46 | 73 |
| iv_500-iv_506 | 1953 | 4182 | 45 | 79 |

### Input Bit Output Co-occurrences Sorted by Potential Output Occurrences

| Input Bits | Co-occurrences | Potential Occurrences | Output Co-occurrences | Potential Output Occurrences |
|:----------:|:--------------:|:---------------------:|:---------------------:|:----------------------------:|
| iv_498-iv_507 | 1872 | 4226 | 54 | 61 |
| iv_506-iv_507 | 1939 | 4256 | 52 | 70 |
| iv_498-iv_499 | 1794 | 4170 | 48 | 73 |
| iv_498-iv_506 | 1875 | 4174 | 54 | 73 |
| iv_499-iv_500 | 1858 | 4206 | 42 | 73 |
| iv_502-iv_506 | 1863 | 4145 | 51 | 73 |
| iv_497-iv_505 | 1896 | 4108 | 43 | 73 |
| iv_497-iv_498 | 1826 | 4217 | 46 | 73 |
| iv_500-iv_503 | 1909 | 4214 | 39 | 73 |
| iv_498-iv_504 | 1806 | 4137 | 46 | 74 |
| iv_502-iv_504 | 1768 | 4160 | 42 | 76 |

## Output Bits

### Output Bits in Regular Order

| Rank | Output Bit | Complexity |
|:----:|:----------:|:----------:|
| 1 | ov_001 | 1.5534664402582554 × 10^295 |
| 2 | ov_002 | 1.3452059085032168 × 10^295 |
| 3 | ov_003 | 1.1588463427084844 × 10^295 |
| 4 | ov_004 | 9.927176124897651 × 10^294 |
| 5 | ov_005 | 8.452406576038286 × 10^294 |
| 6 | ov_006 | 7.14920946363327 × 10^294 |
| 7 | ov_007 | 6.003427863170961 × 10^294 |
| 8 | ov_008 | 5.001644362412669 × 10^294 |
| 9 | ov_009 | 4.131139561229454 × 10^294 |
| 10 | ov_010 | 3.3798572018958116 × 10^294 |
| 11 | ov_011 | 2.7363751716500006 × 10^294 |
| 12 | ov_012 | 2.1898816625586022 × 10^294 |
| 13 | ov_013 | 1.7301558161735387 × 10^294 |
| 14 | ov_014 | 1.3475522223238435 × 10^294 |
| 15 | ov_015 | 1.032988682788844 × 10^294 |
| 16 | ov_016 | 7.779366916700368 × 10^293 |
| 17 | ov_017 | 5.744141251046672 × 10^293 |
| 18 | ov_018 | 4.14979673611818 × 10^293 |
| 19 | ov_019 | 2.9272861246743767 × 10^293 |
| 20 | ov_020 | 2.0128960817154387 × 10^293 |
| 21 | ov_021 | 1.3482235411831546 × 10^293 |
| 22 | ov_022 | 8.801587286245172 × 10^292 |
| 23 | ov_023 | 5.608734253581743 × 10^292 |
| 24 | ov_024 | 3.4781325120830105 × 10^292 |
| 25 | ov_025 | 2.0369294435366767 × 10^292 |
| 26 | ov_026 | 1.1118672200074286 × 10^292 |
| 27 | ov_027 | 5.5601639202786215 × 10^291 |
| 28 | ov_028 | 2.487723213296821 × 10^291 |
| 29 | ov_029 | 9.585396062674185 × 10^290 |
| 30 | ov_030 | 2.930353392595371 × 10^290 |
| 31 | ov_031 | 5.716054603294683 × 10^289 |
| 32 | lv_80_m31 | 1.114847834230609 × 10^289 |
| 33 | ov_033 | 1.3334881986124931 × 10^290 |
| 34 | ov_034 | 1.1564464411759806 × 10^290 |
| 35 | ov_035 | 9.980832523085336 × 10^289 |
| 36 | ov_036 | 8.568170077277729 × 10^289 |
| 37 | ov_037 | 7.311506811297598 × 10^289 |
| 38 | ov_038 | 6.196658976967079 × 10^289 |
| 39 | ov_039 | 5.210178140370375 × 10^289 |
| 40 | ov_040 | 4.339307420997017 × 10^289 |
| 41 | ov_041 | 3.577836236859679 × 10^289 |
| 42 | ov_042 | 2.9198727474622317 × 10^289 |
| 43 | ov_043 | 2.359829672380116 × 10^289 |
| 44 | ov_044 | 1.8874014176240597 × 10^289 |
| 45 | ov_045 | 1.492841258355931 × 10^289 |
| 46 | ov_046 | 1.1669475517880814 × 10^289 |
| 47 | ov_047 | 9.010529008295791 × 10^288 |
| 48 | ov_048 | 6.870157892414255 × 10^288 |
| 49 | ov_049 | 5.172142460579897 × 10^288 |
| 50 | ov_050 | 3.845411333427485 × 10^288 |
| 51 | ov_051 | 2.824006871241184 × 10^288 |
| 52 | ov_052 | 2.047059932794702 × 10^288 |
| 53 | ov_053 | 1.4587716268940048 × 10^288 |
| 54 | ov_054 | 1.0084004583083992 × 10^288 |
| 55 | ov_055 | 6.718387174322201 × 10^287 |
| 56 | ov_056 | 4.2750131788719106 × 10^287 |
| 57 | ov_057 | 2.5632364646070314 × 10^287 |
| 58 | ov_058 | 1.4176031396611937 × 10^287 |
| 59 | ov_059 | 6.978449177134039 × 10^286 |
| 60 | ov_060 | 2.8887603908928777 × 10^286 |
| 61 | ov_061 | 1.0079213555465189 × 10^286 |
| 62 | ov_062 | 2.761754243008514 × 10^285 |
| 63 | ov_063 | 5.376187662695371 × 10^284 |
| 64 | lv_79_m31 | 1.0463188925049603 × 10^284 |
| 65 | ov_065 | 1.2380981872873307 × 10^285 |
| 66 | ov_066 | 1.2380940993062096 × 10^285 |
| 67 | ov_067 | 1.2380930987259217 × 10^285 |
| 68 | ov_068 | 1.0670792556165871 × 10^285 |
| 69 | ov_069 | 9.148891357745591 × 10^284 |
| 70 | ov_070 | 7.799747960811008 × 10^284 |
| 71 | ov_071 | 6.60883587188083 × 10^284 |
| 72 | ov_072 | 5.562516978069471 × 10^284 |
| 73 | ov_073 | 4.647982687152233 × 10^284 |
| 74 | ov_074 | 3.853200466549151 × 10^284 |
| 75 | ov_075 | 3.166865493912954 × 10^284 |
| 76 | ov_076 | 2.578357140907822 × 10^284 |
| 77 | ov_077 | 2.0777000189030757 × 10^284 |
| 78 | ov_078 | 1.6555293209387952 × 10^284 |
| 79 | ov_079 | 1.3030601986899308 × 10^284 |
| 80 | ov_080 | 1.0120609164853285 × 10^284 |
| 81 | ov_081 | 7.748295269337627 × 10^283 |
| 82 | ov_082 | 5.841738145563725 × 10^283 |
| 83 | ov_083 | 4.333942551815107 × 10^283 |
| 84 | ov_084 | 3.162697398445318 × 10^283 |
| 85 | ov_085 | 2.2704581263769973 × 10^283 |
| 86 | ov_086 | 1.604251724393835 × 10^283 |
| 87 | ov_087 | 1.1156018877093335 × 10^283 |
| 88 | ov_088 | 7.604718222912796 × 10^282 |
| 89 | ov_089 | 4.992222005826929 × 10^282 |
| 90 | ov_090 | 3.13128338915469 × 10^282 |
| 91 | ov_091 | 1.856436732510403 × 10^282 |
| 92 | ov_092 | 1.0239237737512472 × 10^282 |
| 93 | ov_093 | 5.1165214335877004 × 10^281 |
| 94 | ov_094 | 2.1917498541503668 × 10^281 |
| 95 | aaa_78_28 | 6.7682640328718265 × 10^280 |
| 96 | aaa_78_29 | 2.078728906538297 × 10^280 |
| 97 | ov_097 | 1.3730844766445962 × 10^280 |
| 98 | ov_098 | 1.3730435247596416 × 10^280 |
| 99 | ov_099 | 1.3730304585293614 × 10^280 |
| 100 | ov_100 | 1.235718025712165 × 10^280 |
| 101 | ov_101 | 1.1085042071272024 × 10^280 |
| 102 | ov_102 | 9.908398282866696 × 10^279 |
| 103 | ov_103 | 8.822158029009647 × 10^279 |
| 104 | ov_104 | 7.821577740233716 × 10^279 |
| 105 | ov_105 | 6.902212549879206 × 10^279 |
| 106 | ov_106 | 6.05987244979168 × 10^279 |
| 107 | ov_107 | 5.290582948734135 × 10^279 |
| 108 | ov_108 | 4.590549996130373 × 10^279 |
| 109 | ov_109 | 3.956128938474263 × 10^279 |
| 110 | ov_110 | 3.383797279204259 × 10^279 |
| 111 | ov_111 | 2.8701310152936817 × 10^279 |
| 112 | ov_112 | 2.4117843254670736 × 10^279 |
| 113 | ov_113 | 2.0054723860259557 × 10^279 |
| 114 | ov_114 | 1.6479570909379092 × 10^279 |
| 115 | ov_115 | 1.3360354532661646 × 10^279 |
| 116 | ov_116 | 1.0665304653018829 × 10^279 |
| 117 | ov_117 | 8.36284194966729 × 10^278 |
| 118 | ov_118 | 6.421526861154108 × 10^278 |
| 119 | ov_119 | 4.810020481443849 × 10^278 |
| 120 | ov_120 | 3.497053859848401 × 10^278 |
| 121 | ov_121 | 2.4514045943828055 × 10^278 |
| 122 | ov_122 | 1.641879608284442 × 10^278 |
| 123 | ov_123 | 1.0373029994904488 × 10^278 |
| 124 | ov_124 | 6.065078528662284 × 10^277 |
| 125 | ov_125 | 3.18331173903838 × 10^277 |
| 126 | ov_126 | 1.4161130784721342 × 10^277 |
| 127 | aaa_77_28 | 4.5186950487026523 × 10^276 |
| 128 | aaa_77_29 | 1.6922026060933174 × 10^276 |
| 129 | ov_129 | 1.5484512944603977 × 10^276 |
| 130 | ov_130 | 1.5484465488695523 × 10^276 |
| 131 | ov_131 | 1.5484454040533105 × 10^276 |
| 132 | ov_132 | 1.3381322071472568 × 10^276 |
| 133 | ov_133 | 1.1501978118349724 × 10^276 |
| 134 | ov_134 | 9.829402423366783 × 10^275 |
| 135 | ov_135 | 8.347459984345553 × 10^275 |
| 136 | ov_136 | 7.040836956190185 × 10^275 |
| 137 | ov_137 | 5.8949865987084105 × 10^275 |
| 138 | ov_138 | 4.896083805442242 × 10^275 |
| 139 | ov_139 | 4.03098729613042 × 10^275 |
| 140 | ov_140 | 3.287208602287984 × 10^275 |
| 141 | ov_141 | 2.6528870214403266 × 10^275 |
| 142 | ov_142 | 2.116769761028427 × 10^275 |
| 143 | ov_143 | 1.668196538091971 × 10^275 |
| 144 | ov_144 | 1.2970879456703495 × 10^275 |
| 145 | ov_145 | 9.93936941525891 × 10^274 |
| 146 | ov_146 | 7.498028593417544 × 10^274 |
| 147 | ov_147 | 5.563073870089283 × 10^274 |
| 148 | ov_148 | 4.056320010120872 × 10^274 |
| 149 | ov_149 | 2.905163902676435 × 10^274 |
| 150 | ov_150 | 2.04257467934261 × 10^274 |
| 151 | ov_151 | 1.4070869191144229 × 10^274 |
| 152 | ov_152 | 9.427956205250312 × 10^273 |
| 153 | ov_153 | 5.993525110442957 × 10^273 |
| 154 | ov_154 | 3.529722519820067 × 10^273 |
| 155 | ov_155 | 1.8264605691113773 × 10^273 |
| 156 | aaa_76_25 | 7.014108281242016 × 10^272 |
| 157 | aaa_76_26 | 4.045911416113841 × 10^272 |
| 158 | aaa_76_27 | 2.0683767480811287 × 10^272 |
| 159 | aaa_76_28 | 8.039757730030672 × 10^271 |
| 160 | aaa_76_29 | 2.4408316873308537 × 10^271 |

### Output Bits Sorted by Complexity

| Rank | Output Bit | Complexity |
|:----:|:----------:|:----------:|
| 160 | aaa_76_29 | 2.4408316873308537 × 10^271 |
| 159 | aaa_76_28 | 8.039757730030672 × 10^271 |
| 158 | aaa_76_27 | 2.0683767480811287 × 10^272 |
| 157 | aaa_76_26 | 4.045911416113841 × 10^272 |
| 156 | aaa_76_25 | 7.014108281242016 × 10^272 |
| 155 | ov_155 | 1.8264605691113773 × 10^273 |
| 154 | ov_154 | 3.529722519820067 × 10^273 |
| 153 | ov_153 | 5.993525110442957 × 10^273 |
| 152 | ov_152 | 9.427956205250312 × 10^273 |
| 151 | ov_151 | 1.4070869191144229 × 10^274 |
| 150 | ov_150 | 2.04257467934261 × 10^274 |
| 149 | ov_149 | 2.905163902676435 × 10^274 |
| 148 | ov_148 | 4.056320010120872 × 10^274 |
| 147 | ov_147 | 5.563073870089283 × 10^274 |
| 146 | ov_146 | 7.498028593417544 × 10^274 |
| 145 | ov_145 | 9.93936941525891 × 10^274 |
| 144 | ov_144 | 1.2970879456703495 × 10^275 |
| 143 | ov_143 | 1.668196538091971 × 10^275 |
| 142 | ov_142 | 2.116769761028427 × 10^275 |
| 141 | ov_141 | 2.6528870214403266 × 10^275 |
| 140 | ov_140 | 3.287208602287984 × 10^275 |
| 139 | ov_139 | 4.03098729613042 × 10^275 |
| 138 | ov_138 | 4.896083805442242 × 10^275 |
| 137 | ov_137 | 5.8949865987084105 × 10^275 |
| 136 | ov_136 | 7.040836956190185 × 10^275 |
| 135 | ov_135 | 8.347459984345553 × 10^275 |
| 134 | ov_134 | 9.829402423366783 × 10^275 |
| 133 | ov_133 | 1.1501978118349724 × 10^276 |
| 132 | ov_132 | 1.3381322071472568 × 10^276 |
| 131 | ov_131 | 1.5484454040533105 × 10^276 |
| 130 | ov_130 | 1.5484465488695523 × 10^276 |
| 129 | ov_129 | 1.5484512944603977 × 10^276 |
| 128 | aaa_77_29 | 1.6922026060933174 × 10^276 |
| 127 | aaa_77_28 | 4.5186950487026523 × 10^276 |
| 126 | ov_126 | 1.4161130784721342 × 10^277 |
| 125 | ov_125 | 3.18331173903838 × 10^277 |
| 124 | ov_124 | 6.065078528662284 × 10^277 |
| 123 | ov_123 | 1.0373029994904488 × 10^278 |
| 122 | ov_122 | 1.641879608284442 × 10^278 |
| 121 | ov_121 | 2.4514045943828055 × 10^278 |
| 120 | ov_120 | 3.497053859848401 × 10^278 |
| 119 | ov_119 | 4.810020481443849 × 10^278 |
| 118 | ov_118 | 6.421526861154108 × 10^278 |
| 117 | ov_117 | 8.36284194966729 × 10^278 |
| 116 | ov_116 | 1.0665304653018829 × 10^279 |
| 115 | ov_115 | 1.3360354532661646 × 10^279 |
| 114 | ov_114 | 1.6479570909379092 × 10^279 |
| 113 | ov_113 | 2.0054723860259557 × 10^279 |
| 112 | ov_112 | 2.4117843254670736 × 10^279 |
| 111 | ov_111 | 2.8701310152936817 × 10^279 |
| 110 | ov_110 | 3.383797279204259 × 10^279 |
| 109 | ov_109 | 3.956128938474263 × 10^279 |
| 108 | ov_108 | 4.590549996130373 × 10^279 |
| 107 | ov_107 | 5.290582948734135 × 10^279 |
| 106 | ov_106 | 6.05987244979168 × 10^279 |
| 105 | ov_105 | 6.902212549879206 × 10^279 |
| 104 | ov_104 | 7.821577740233716 × 10^279 |
| 103 | ov_103 | 8.822158029009647 × 10^279 |
| 102 | ov_102 | 9.908398282866696 × 10^279 |
| 101 | ov_101 | 1.1085042071272024 × 10^280 |
| 100 | ov_100 | 1.235718025712165 × 10^280 |
| 99 | ov_099 | 1.3730304585293614 × 10^280 |
| 98 | ov_098 | 1.3730435247596416 × 10^280 |
| 97 | ov_097 | 1.3730844766445962 × 10^280 |
| 96 | aaa_78_29 | 2.078728906538297 × 10^280 |
| 95 | aaa_78_28 | 6.7682640328718265 × 10^280 |
| 94 | ov_094 | 2.1917498541503668 × 10^281 |
| 93 | ov_093 | 5.1165214335877004 × 10^281 |
| 92 | ov_092 | 1.0239237737512472 × 10^282 |
| 91 | ov_091 | 1.856436732510403 × 10^282 |
| 90 | ov_090 | 3.13128338915469 × 10^282 |
| 89 | ov_089 | 4.992222005826929 × 10^282 |
| 88 | ov_088 | 7.604718222912796 × 10^282 |
| 87 | ov_087 | 1.1156018877093335 × 10^283 |
| 86 | ov_086 | 1.604251724393835 × 10^283 |
| 85 | ov_085 | 2.2704581263769973 × 10^283 |
| 84 | ov_084 | 3.162697398445318 × 10^283 |
| 83 | ov_083 | 4.333942551815107 × 10^283 |
| 82 | ov_082 | 5.841738145563725 × 10^283 |
| 81 | ov_081 | 7.748295269337627 × 10^283 |
| 80 | ov_080 | 1.0120609164853285 × 10^284 |
| 64 | lv_79_m31 | 1.0463188925049603 × 10^284 |
| 79 | ov_079 | 1.3030601986899308 × 10^284 |
| 78 | ov_078 | 1.6555293209387952 × 10^284 |
| 77 | ov_077 | 2.0777000189030757 × 10^284 |
| 76 | ov_076 | 2.578357140907822 × 10^284 |
| 75 | ov_075 | 3.166865493912954 × 10^284 |
| 74 | ov_074 | 3.853200466549151 × 10^284 |
| 73 | ov_073 | 4.647982687152233 × 10^284 |
| 63 | ov_063 | 5.376187662695371 × 10^284 |
| 72 | ov_072 | 5.562516978069471 × 10^284 |
| 71 | ov_071 | 6.60883587188083 × 10^284 |
| 70 | ov_070 | 7.799747960811008 × 10^284 |
| 69 | ov_069 | 9.148891357745591 × 10^284 |
| 68 | ov_068 | 1.0670792556165871 × 10^285 |
| 67 | ov_067 | 1.2380930987259217 × 10^285 |
| 66 | ov_066 | 1.2380940993062096 × 10^285 |
| 65 | ov_065 | 1.2380981872873307 × 10^285 |
| 62 | ov_062 | 2.761754243008514 × 10^285 |
| 61 | ov_061 | 1.0079213555465189 × 10^286 |
| 60 | ov_060 | 2.8887603908928777 × 10^286 |
| 59 | ov_059 | 6.978449177134039 × 10^286 |
| 58 | ov_058 | 1.4176031396611937 × 10^287 |
| 57 | ov_057 | 2.5632364646070314 × 10^287 |
| 56 | ov_056 | 4.2750131788719106 × 10^287 |
| 55 | ov_055 | 6.718387174322201 × 10^287 |
| 54 | ov_054 | 1.0084004583083992 × 10^288 |
| 53 | ov_053 | 1.4587716268940048 × 10^288 |
| 52 | ov_052 | 2.047059932794702 × 10^288 |
| 51 | ov_051 | 2.824006871241184 × 10^288 |
| 50 | ov_050 | 3.845411333427485 × 10^288 |
| 49 | ov_049 | 5.172142460579897 × 10^288 |
| 48 | ov_048 | 6.870157892414255 × 10^288 |
| 47 | ov_047 | 9.010529008295791 × 10^288 |
| 32 | lv_80_m31 | 1.114847834230609 × 10^289 |
| 46 | ov_046 | 1.1669475517880814 × 10^289 |
| 45 | ov_045 | 1.492841258355931 × 10^289 |
| 44 | ov_044 | 1.8874014176240597 × 10^289 |
| 43 | ov_043 | 2.359829672380116 × 10^289 |
| 42 | ov_042 | 2.9198727474622317 × 10^289 |
| 41 | ov_041 | 3.577836236859679 × 10^289 |
| 40 | ov_040 | 4.339307420997017 × 10^289 |
| 39 | ov_039 | 5.210178140370375 × 10^289 |
| 31 | ov_031 | 5.716054603294683 × 10^289 |
| 38 | ov_038 | 6.196658976967079 × 10^289 |
| 37 | ov_037 | 7.311506811297598 × 10^289 |
| 36 | ov_036 | 8.568170077277729 × 10^289 |
| 35 | ov_035 | 9.980832523085336 × 10^289 |
| 34 | ov_034 | 1.1564464411759806 × 10^290 |
| 33 | ov_033 | 1.3334881986124931 × 10^290 |
| 30 | ov_030 | 2.930353392595371 × 10^290 |
| 29 | ov_029 | 9.585396062674185 × 10^290 |
| 28 | ov_028 | 2.487723213296821 × 10^291 |
| 27 | ov_027 | 5.5601639202786215 × 10^291 |
| 26 | ov_026 | 1.1118672200074286 × 10^292 |
| 25 | ov_025 | 2.0369294435366767 × 10^292 |
| 24 | ov_024 | 3.4781325120830105 × 10^292 |
| 23 | ov_023 | 5.608734253581743 × 10^292 |
| 22 | ov_022 | 8.801587286245172 × 10^292 |
| 21 | ov_021 | 1.3482235411831546 × 10^293 |
| 20 | ov_020 | 2.0128960817154387 × 10^293 |
| 19 | ov_019 | 2.9272861246743767 × 10^293 |
| 18 | ov_018 | 4.14979673611818 × 10^293 |
| 17 | ov_017 | 5.744141251046672 × 10^293 |
| 16 | ov_016 | 7.779366916700368 × 10^293 |
| 15 | ov_015 | 1.032988682788844 × 10^294 |
| 14 | ov_014 | 1.3475522223238435 × 10^294 |
| 13 | ov_013 | 1.7301558161735387 × 10^294 |
| 12 | ov_012 | 2.1898816625586022 × 10^294 |
| 11 | ov_011 | 2.7363751716500006 × 10^294 |
| 10 | ov_010 | 3.3798572018958116 × 10^294 |
| 9 | ov_009 | 4.131139561229454 × 10^294 |
| 8 | ov_008 | 5.001644362412669 × 10^294 |
| 7 | ov_007 | 6.003427863170961 × 10^294 |
| 6 | ov_006 | 7.14920946363327 × 10^294 |
| 5 | ov_005 | 8.452406576038286 × 10^294 |
| 4 | ov_004 | 9.927176124897651 × 10^294 |
| 3 | ov_003 | 1.1588463427084844 × 10^295 |
| 2 | ov_002 | 1.3452059085032168 × 10^295 |
| 1 | ov_001 | 1.5534664402582554 × 10^295 |

