# Results for F001-F002-F003-F004-F005-F006-F007-F008-F009-F010-F011-F012-F013-F014-F015-F016-F017-F018-F019-F020-F021-F022-F023-F024-F025-F026-F027-F028-F029-F030-F031-F032-F033-F034-F035-F036-F037-F038-F039-F040-F041-F042-F043-F044-F045-F046-F047-F048-F049-F050-F051-F052-F053-F054-F055-F056-F057-F058-F059-F060-F061-F062-F063-F064-F065-F066-F067-F068-F069-F070-F071-F072-F073-F074-F075-F076-F077-F078-F079-F080-F081-F082-F083-F084-F085-F086-F087-F088-F089-F090-F091-F092-F093-F094-F095-F096-F097-F098-F099-F100-F101-F102-F103-F104-F105-F106-F107-F108-F109-F110-F111-F112-F113-F114-F115-F116-F117-F118-F119-F120-F121-F122-F123-F124-F125-F126-F127-F128-F129-F130-F131-F132-F133-F134-F135-F136-F137-F138-F139-F140-F141-F142-F143-F144-F145-F146-F147-F148-F149-F150-F151-F152-F153-F154-F155-F156-F157-F158-F159-F160-F161-F162-F163-F164-F165-F166-F167-F168-F169-F170-F171-F172-F173-F174-F175-F176-F177-F178-F179-F180-F181-F182-F183-F184-F185-F186-F187-F188-F189-F190-F191-F192-F193-F194-F195-F196-F197-F198-F199-F200-F201-F202-F203-F204-F205-F206-F207-F208-F209-F210-F211-F212-F213-F214-F215-F216-F217-F218-F219-F220-F221-F222-F223-F224-F225-F226-F227-F228-F229-F230-F231-F232-F233-F234-F235-F236-F237-F238-F239-F240-F241-F242-F243-F244-F245-F246-F247-F248-F249-F250-F251-F252-F253-F254-F255-F256-F257-F258-F259-F260-F261-F262-F263-F264-F265-F266-F267-F268-F269-F270-F271-F272-F273-F274-F275-F276-F277-F278-F279-F280-F281-F282-F283-F284-F285-F286-F287-F288-F289-F290-F291-F292-F293-F294-F295-F296-F297-F298-F299-F300-F301-F302-F303-F304-F305-F306-F307-F308-F309-F310-F311-F312-F313-F314-F315-F316-F317-F318-F319-F320-F321-F322-F323-F324-F325-F326-F327-F328-F329-F330-F331-F332-F333-F334-F335-F336-F337-F338-F339-F340-F341-F342-F343-F344-F345-F346-F347-F348-F349-F350-F351-F352-F353-F354-F355-F356-F357-F358-F359-F360-F361-F362-F363-F364-F365-F366-F367-F368-F369-F370-F371-F372-F373-F374-F375-F376-F377-F378-F379-F380-F381-F382-F383-F384-F385-F386-F387-F388-F389-F390-F391-F392-F393-F394-F395-F396-F397-F398-F399-F400-F401-F402-F403-F404-F405-F406-F407-F408-F409-F410-F411-F412-F413-F414-F415-F416-F417-F418-F419-F420-F421-F422-F423-F424-F425-F426-F427-F428-F429-F430-F431-F432-F433-F434-F435-F436-F437-F438-F439-F440-F441-F442-F443-F444-F445-F446-F447-F448-F449-F450-F451-F452-F453-F454-F455-F456-F457-F458-F459-F460-F461-F462-F463-F464-F465-F466-F467-F468-F469-F470-F471-F472-F473-F474-F475-F476-F477-F478-F479-F480-F481-F482-F483-F484-F485-F486-F487-F488-F489-F490-F491-F492-F493-F494-F495-F496-F497-F498-F499-F500-O506509

## Summary

Number of input bits: 512  
Number of free input bits: 11  
Number of output bits: 160

Number of direct occurrences: 45274  
Number of assignments: 31503  
Number of operations: 11339665
(xor: 11310332,
and: 15979,
or: 13354)

Total complexity: 2.70556836576514 × 10^302

Least occurring input variable: iv_502 (3884)  
Most occurring input variable: iv_512 (4384)

Most co-occurring input variables: iv_511-iv_512 (2153)  
Least co-occurring input variables: iv_502-iv_503 (1791)

Potentially most occurring input variable: iv_506/iv_511 (4479)  
Potentially least occurring input variable: iv_505/iv_508 (4139)

Least output occurring input variable: iv_510 (71)  
Most output occurring input variable: iv_506 (84)

Most output co-occurring input variables: iv_506-iv_512 (47)  
Least output co-occurring input variables: iv_508-iv_510 (27)

Potentially most output occurring input variable: iv_502/iv_508 (92)  
Potentially least output occurring input variable: iv_505/iv_507 (61)

Least complex input bit: iv_501 (1.94725367820509 × 10^300)  
Most complex input bit: iv_510 (7.144366428991576 × 10^301)

Least complex output bit: aaa_76_29 (7.471258698238284 × 10^276)  
Most complex output bit: ov_001 (4.256360719658232 × 10^301)

Least complex input/output complexity: iv_501/aaa_76_29 (5.377219871822374 × 10^274)  
Most complex input/output complexity: iv_510/ov_001 (1.1239413137729004 × 10^301)

## Input Bits

### Input Bits in Regular Order

| Input Bit | Complexity | Occurrences | Output Occurrences |
|:---------:|:----------:|:-----------:|:------------------:|
| iv_501 | 1.94725367820509 × 10^300 | 4084 | 73 |
| iv_502 | 3.5428456366053514 × 10^300 | 3884 | 74 |
| iv_503 | 5.9727086334141294 × 10^300 | 4081 | 74 |
| iv_504 | 9.592997296920008 × 10^300 | 3949 | 80 |
| iv_505 | 1.4881383955016724 × 10^301 | 4131 | 79 |
| iv_506 | 5.751911989956122 × 10^301 | 4168 | 84 |
| iv_507 | 1.8264269949874997 × 10^301 | 4191 | 76 |
| iv_508 | 3.2294871237792693 × 10^301 | 4026 | 74 |
| iv_510 | 7.144366428991576 × 10^301 | 4125 | 71 |
| iv_511 | 2.5601943072146085 × 10^301 | 4251 | 82 |
| iv_512 | 2.949577892706171 × 10^301 | 4384 | 80 |

### Input Bits Sorted by Complexity

| Input Bit | Complexity | Occurrences | Output Occurrences |
|:---------:|:----------:|:-----------:|:------------------:|
| iv_501 | 1.94725367820509 × 10^300 | 4084 | 73 |
| iv_502 | 3.5428456366053514 × 10^300 | 3884 | 74 |
| iv_503 | 5.9727086334141294 × 10^300 | 4081 | 74 |
| iv_504 | 9.592997296920008 × 10^300 | 3949 | 80 |
| iv_505 | 1.4881383955016724 × 10^301 | 4131 | 79 |
| iv_507 | 1.8264269949874997 × 10^301 | 4191 | 76 |
| iv_511 | 2.5601943072146085 × 10^301 | 4251 | 82 |
| iv_512 | 2.949577892706171 × 10^301 | 4384 | 80 |
| iv_508 | 3.2294871237792693 × 10^301 | 4026 | 74 |
| iv_506 | 5.751911989956122 × 10^301 | 4168 | 84 |
| iv_510 | 7.144366428991576 × 10^301 | 4125 | 71 |

### Input Bits Sorted by Occurrences

| Input Bit | Complexity | Occurrences | Output Occurrences |
|:---------:|:----------:|:-----------:|:------------------:|
| iv_502 | 3.5428456366053514 × 10^300 | 3884 | 74 |
| iv_504 | 9.592997296920008 × 10^300 | 3949 | 80 |
| iv_508 | 3.2294871237792693 × 10^301 | 4026 | 74 |
| iv_503 | 5.9727086334141294 × 10^300 | 4081 | 74 |
| iv_501 | 1.94725367820509 × 10^300 | 4084 | 73 |
| iv_510 | 7.144366428991576 × 10^301 | 4125 | 71 |
| iv_505 | 1.4881383955016724 × 10^301 | 4131 | 79 |
| iv_506 | 5.751911989956122 × 10^301 | 4168 | 84 |
| iv_507 | 1.8264269949874997 × 10^301 | 4191 | 76 |
| iv_511 | 2.5601943072146085 × 10^301 | 4251 | 82 |
| iv_512 | 2.949577892706171 × 10^301 | 4384 | 80 |

### Input Bits Sorted by Output Occurrences

| Input Bit | Complexity | Occurrences | Output Occurrences |
|:---------:|:----------:|:-----------:|:------------------:|
| iv_510 | 7.144366428991576 × 10^301 | 4125 | 71 |
| iv_501 | 1.94725367820509 × 10^300 | 4084 | 73 |
| iv_502 | 3.5428456366053514 × 10^300 | 3884 | 74 |
| iv_503 | 5.9727086334141294 × 10^300 | 4081 | 74 |
| iv_508 | 3.2294871237792693 × 10^301 | 4026 | 74 |
| iv_507 | 1.8264269949874997 × 10^301 | 4191 | 76 |
| iv_505 | 1.4881383955016724 × 10^301 | 4131 | 79 |
| iv_504 | 9.592997296920008 × 10^300 | 3949 | 80 |
| iv_512 | 2.949577892706171 × 10^301 | 4384 | 80 |
| iv_511 | 2.5601943072146085 × 10^301 | 4251 | 82 |
| iv_506 | 5.751911989956122 × 10^301 | 4168 | 84 |

## Input Bit Co-occurrences

### Input Bit Co-occurrences Sorted by Co-occurrences

| Input Bits | Co-occurrences | Potential Occurrences | Output Co-occurrences | Potential Output Occurrences |
|:----------:|:--------------:|:---------------------:|:---------------------:|:----------------------------:|
| iv_511-iv_512 | 2153 | 4329 | 45 | 72 |
| iv_501-iv_512 | 2092 | 4284 | 39 | 75 |
| iv_505-iv_512 | 2078 | 4359 | 45 | 69 |
| iv_503-iv_512 | 2075 | 4315 | 36 | 82 |
| iv_507-iv_512 | 2074 | 4427 | 34 | 88 |
| iv_510-iv_512 | 2072 | 4365 | 36 | 79 |
| iv_501-iv_511 | 2054 | 4227 | 36 | 83 |
| iv_503-iv_511 | 2054 | 4224 | 42 | 72 |
| iv_508-iv_512 | 2046 | 4318 | 34 | 86 |
| iv_506-iv_507 | 2039 | 4281 | 44 | 72 |
| iv_506-iv_512 | 2039 | 4474 | 47 | 70 |

### Input Bit Co-occurrences Sorted by Potential Occurrences

| Input Bits | Co-occurrences | Potential Occurrences | Output Co-occurrences | Potential Output Occurrences |
|:----------:|:--------------:|:---------------------:|:---------------------:|:----------------------------:|
| iv_505-iv_508 | 2009 | 4139 | 39 | 75 |
| iv_507-iv_508 | 2017 | 4183 | 32 | 86 |
| iv_502-iv_505 | 1909 | 4197 | 33 | 87 |
| iv_503-iv_507 | 2037 | 4198 | 32 | 86 |
| iv_501-iv_510 | 2001 | 4207 | 34 | 76 |
| iv_501-iv_508 | 1949 | 4212 | 31 | 85 |
| iv_504-iv_508 | 1880 | 4215 | 44 | 66 |
| iv_503-iv_511 | 2054 | 4224 | 42 | 72 |
| iv_501-iv_511 | 2054 | 4227 | 36 | 83 |
| iv_502-iv_504 | 1794 | 4245 | 36 | 82 |
| iv_507-iv_510 | 2034 | 4248 | 37 | 73 |

### Input Bit Output Co-occurrences Sorted by Output Co-occurrences

| Input Bits | Co-occurrences | Potential Occurrences | Output Co-occurrences | Potential Output Occurrences |
|:----------:|:--------------:|:---------------------:|:---------------------:|:----------------------------:|
| iv_505-iv_507 | 1945 | 4432 | 47 | 61 |
| iv_506-iv_512 | 2039 | 4474 | 47 | 70 |
| iv_505-iv_512 | 2078 | 4359 | 45 | 69 |
| iv_506-iv_511 | 1970 | 4479 | 45 | 76 |
| iv_511-iv_512 | 2153 | 4329 | 45 | 72 |
| iv_502-iv_506 | 1873 | 4306 | 44 | 70 |
| iv_504-iv_508 | 1880 | 4215 | 44 | 66 |
| iv_506-iv_507 | 2039 | 4281 | 44 | 72 |
| iv_503-iv_511 | 2054 | 4224 | 42 | 72 |
| iv_504-iv_511 | 1935 | 4330 | 42 | 78 |
| iv_507-iv_511 | 2033 | 4376 | 42 | 74 |

### Input Bit Output Co-occurrences Sorted by Potential Output Occurrences

| Input Bits | Co-occurrences | Potential Occurrences | Output Co-occurrences | Potential Output Occurrences |
|:----------:|:--------------:|:---------------------:|:---------------------:|:----------------------------:|
| iv_505-iv_507 | 1945 | 4432 | 47 | 61 |
| iv_504-iv_508 | 1880 | 4215 | 44 | 66 |
| iv_505-iv_512 | 2078 | 4359 | 45 | 69 |
| iv_502-iv_506 | 1873 | 4306 | 44 | 70 |
| iv_506-iv_512 | 2039 | 4474 | 47 | 70 |
| iv_501-iv_507 | 1987 | 4301 | 39 | 71 |
| iv_503-iv_511 | 2054 | 4224 | 42 | 72 |
| iv_506-iv_507 | 2039 | 4281 | 44 | 72 |
| iv_508-iv_511 | 1992 | 4293 | 42 | 72 |
| iv_511-iv_512 | 2153 | 4329 | 45 | 72 |
| iv_507-iv_510 | 2034 | 4248 | 37 | 73 |

## Output Bits

### Output Bits in Regular Order

| Rank | Output Bit | Complexity |
|:----:|:----------:|:----------:|
| 1 | ov_001 | 4.256360719658232 × 10^301 |
| 2 | ov_002 | 3.702488632902591 × 10^301 |
| 3 | ov_003 | 3.2036224396869306 × 10^301 |
| 4 | ov_004 | 2.757549605111635 × 10^301 |
| 5 | ov_005 | 2.36020536609523 × 10^301 |
| 6 | ov_006 | 2.0077455751477491 × 10^301 |
| 7 | ov_007 | 1.6965321745373212 × 10^301 |
| 8 | ov_008 | 1.423120569372708 × 10^301 |
| 9 | ov_009 | 1.1842487029673727 × 10^301 |
| 10 | ov_010 | 9.768276588145747 × 10^300 |
| 11 | ov_011 | 7.979336542326116 × 10^300 |
| 12 | ov_012 | 6.448013202520886 × 10^300 |
| 13 | ov_013 | 5.1481815146289866 × 10^300 |
| 14 | ov_014 | 4.055199894096961 × 10^300 |
| 15 | ov_015 | 3.1458740296441506 × 10^300 |
| 16 | ov_016 | 2.3984283859584763 × 10^300 |
| 17 | ov_017 | 1.79248422889759 × 10^300 |
| 18 | ov_018 | 1.3090430906805803 × 10^300 |
| 19 | ov_019 | 9.304746862662083 × 10^299 |
| 20 | ov_020 | 6.405083856849693 × 10^299 |
| 21 | ov_021 | 4.242274405877424 × 10^299 |
| 22 | ov_022 | 2.6806525672914682 × 10^299 |
| 23 | ov_023 | 1.5980309753772404 × 10^299 |
| 24 | ov_024 | 8.856871825924162 × 10^298 |
| 25 | ov_025 | 4.483558047291612 × 10^298 |
| 26 | ov_026 | 2.0422429576460752 × 10^298 |
| 27 | ov_027 | 8.493090900570023 × 10^297 |
| 28 | ov_028 | 3.5563841155364965 × 10^297 |
| 29 | ov_029 | 1.466093355434345 × 10^297 |
| 30 | ov_030 | 4.853501182181441 × 10^296 |
| 31 | ov_031 | 1.1760192816641419 × 10^296 |
| 32 | lv_80_k31 | 2.8487217072384596 × 10^295 |
| 33 | ov_033 | 3.4627387673860762 × 10^296 |
| 34 | ov_034 | 3.01117507454289 × 10^296 |
| 35 | ov_035 | 2.606619899054981 × 10^296 |
| 36 | ov_036 | 2.2453848705153026 × 10^296 |
| 37 | ov_037 | 1.92398210107394 × 10^296 |
| 38 | ov_038 | 1.6391099303317928 × 10^296 |
| 39 | ov_039 | 1.3876405636730783 × 10^296 |
| 40 | ov_040 | 1.1666094292743346 × 10^296 |
| 41 | ov_041 | 9.732060877902092 × 10^295 |
| 42 | ov_042 | 8.047665373358368 × 10^295 |
| 43 | ov_043 | 6.587667648855409 × 10^295 |
| 44 | ov_044 | 5.328174036048007 × 10^295 |
| 45 | ov_045 | 4.2465936394098717 × 10^295 |
| 46 | ov_046 | 3.3319518118325 × 10^295 |
| 47 | ov_047 | 2.573899886793881 × 10^295 |
| 48 | ov_048 | 1.9535724268560654 × 10^295 |
| 49 | ov_049 | 1.4533058207312198 × 10^295 |
| 50 | ov_050 | 1.0566263171520067 × 10^295 |
| 51 | ov_051 | 7.482415758549534 × 10^294 |
| 52 | ov_052 | 5.140349801844649 × 10^294 |
| 53 | ov_053 | 3.4106203556915755 × 10^294 |
| 54 | ov_054 | 2.1754825776199925 × 10^294 |
| 55 | ov_055 | 1.328880343103359 × 10^294 |
| 56 | ov_056 | 7.764403963136819 × 10^293 |
| 57 | ov_057 | 4.354692313999668 × 10^293 |
| 58 | ov_058 | 2.3495134231557287 × 10^293 |
| 59 | ov_059 | 1.1554829463408638 × 10^293 |
| 60 | ov_060 | 5.051006329443286 × 10^292 |
| 61 | ov_061 | 1.8924885588711332 × 10^292 |
| 62 | ov_062 | 5.719222930716077 × 10^291 |
| 63 | ov_063 | 1.2655771323850984 × 10^291 |
| 64 | lv_79_m31 | 2.466819628436127 × 10^290 |
| 65 | ov_065 | 2.93494758579635 × 10^291 |
| 66 | ov_066 | 2.934941722216846 × 10^291 |
| 67 | ov_067 | 2.9349398913127345 × 10^291 |
| 68 | ov_068 | 2.542765730760177 × 10^291 |
| 69 | ov_069 | 2.191307464253091 × 10^291 |
| 70 | ov_070 | 1.8775769810183174 × 10^291 |
| 71 | ov_071 | 1.5987277001997646 × 10^291 |
| 72 | ov_072 | 1.3520457372892125 × 10^291 |
| 73 | ov_073 | 1.1349428987969848 × 10^291 |
| 74 | ov_074 | 9.449512152975002 × 10^290 |
| 75 | ov_075 | 7.797187382434113 × 10^290 |
| 76 | ov_076 | 6.3700634061601746 × 10^290 |
| 77 | ov_077 | 5.146852756746528 × 10^290 |
| 78 | ov_078 | 4.1073526187627386 × 10^290 |
| 79 | ov_079 | 3.2324289873164988 × 10^290 |
| 80 | ov_080 | 2.5040029959734324 × 10^290 |
| 81 | ov_081 | 1.9050390363221333 × 10^290 |
| 82 | ov_082 | 1.4195345405962034 × 10^290 |
| 83 | ov_083 | 1.0325112994099895 × 10^290 |
| 84 | ov_084 | 7.300081870793903 × 10^289 |
| 85 | ov_085 | 4.99075167248499 × 10^289 |
| 86 | ov_086 | 3.277684516827981 × 10^289 |
| 87 | ov_087 | 2.0514668516491418 × 10^289 |
| 88 | ov_088 | 1.2126802947011593 × 10^289 |
| 89 | ov_089 | 6.718801942245566 × 10^288 |
| 90 | ov_090 | 3.495806404628692 × 10^288 |
| 91 | ov_091 | 1.7624465835734648 × 10^288 |
| 92 | ov_092 | 9.227832236678871 × 10^287 |
| 93 | ov_093 | 4.802759731795463 × 10^287 |
| 94 | ov_094 | 2.115017795484673 × 10^287 |
| 95 | aaa_78_28 | 6.677199924252141 × 10^286 |
| 96 | aaa_78_29 | 2.461302004659939 × 10^286 |
| 97 | ov_097 | 2.0651251671665584 × 10^286 |
| 98 | ov_098 | 2.0651042069753472 × 10^286 |
| 99 | ov_099 | 2.0650975123574264 × 10^286 |
| 100 | ov_100 | 1.704930767008256 × 10^286 |
| 101 | ov_101 | 1.3964879314004458 × 10^286 |
| 102 | ov_102 | 1.1346140347078157 × 10^286 |
| 103 | ov_103 | 9.144369066861541 × 10^285 |
| 104 | ov_104 | 7.313464955437235 × 10^285 |
| 105 | ov_105 | 5.809768749589534 × 10^285 |
| 106 | ov_106 | 4.5919069528657995 × 10^285 |
| 107 | ov_107 | 3.620658470692929 × 10^285 |
| 108 | ov_108 | 2.858841175146347 × 10^285 |
| 109 | ov_109 | 2.2712163269989645 × 10^285 |
| 110 | ov_110 | 1.8244089001267727 × 10^285 |
| 111 | ov_111 | 1.4868419679280897 × 10^285 |
| 112 | ov_112 | 1.2286834237408799 × 10^285 |
| 113 | ov_113 | 1.0218034178354183 × 10^285 |
| 114 | ov_114 | 8.397410028480394 × 10^284 |
| 115 | ov_115 | 6.808718517294152 × 10^284 |
| 116 | ov_116 | 5.4358533519428035 × 10^284 |
| 117 | ov_117 | 4.262802680308943 × 10^284 |
| 118 | ov_118 | 3.2736162656437394 × 10^284 |
| 119 | ov_119 | 2.4523813057306434 × 10^284 |
| 120 | ov_120 | 1.783205830003613 × 10^284 |
| 121 | ov_121 | 1.2502086082538305 × 10^284 |
| 122 | ov_122 | 8.37514023920578 × 10^283 |
| 123 | ov_123 | 5.292496700725989 × 10^283 |
| 124 | ov_124 | 3.0954495056146305 × 10^283 |
| 125 | ov_125 | 1.625301627069079 × 10^283 |
| 126 | ov_126 | 7.233597007651526 × 10^282 |
| 127 | aaa_77_28 | 2.3093153173417084 × 10^282 |
| 128 | aaa_77_29 | 8.654592891399301 × 10^281 |
| 129 | ov_129 | 7.973854091937622 × 10^281 |
| 130 | ov_130 | 7.973835927627627 × 10^281 |
| 131 | ov_131 | 7.973830097532401 × 10^281 |
| 132 | ov_132 | 6.906352453418298 × 10^281 |
| 133 | ov_133 | 5.9507050376167776 × 10^281 |
| 134 | ov_134 | 5.098360584477407 × 10^281 |
| 135 | ov_135 | 4.341265047479459 × 10^281 |
| 136 | ov_136 | 3.6718032554094755 × 10^281 |
| 137 | ov_137 | 3.082769012165899 × 10^281 |
| 138 | ov_138 | 2.5673392589035388 × 10^281 |
| 139 | ov_139 | 2.1190519118282705 × 10^281 |
| 140 | ov_140 | 1.7317870096746367 × 10^281 |
| 141 | ov_141 | 1.3997508250176953 × 10^281 |
| 142 | ov_142 | 1.1174626132121793 × 10^281 |
| 143 | ov_143 | 8.797436920243496 × 10^280 |
| 144 | ov_144 | 6.817085640151582 × 10^280 |
| 145 | ov_145 | 5.187578125223736 × 10^280 |
| 146 | ov_146 | 3.8657252073435783 × 10^280 |
| 147 | ov_147 | 2.81109981896425 × 10^280 |
| 148 | ov_148 | 1.986004871773648 × 10^280 |
| 149 | ov_149 | 1.3554499617354496 × 10^280 |
| 150 | ov_150 | 8.871351345691969 × 10^279 |
| 151 | ov_151 | 5.514401299039148 × 10^279 |
| 152 | ov_152 | 3.214177064423768 × 10^279 |
| 153 | ov_153 | 1.7278983453463325 × 10^279 |
| 154 | ov_154 | 8.394572659717908 × 10^278 |
| 155 | ov_155 | 3.594088659963313 × 10^278 |
| 156 | aaa_76_25 | 1.2496665655483473 × 10^278 |
| 157 | aaa_76_26 | 7.689252706633028 × 10^277 |
| 158 | aaa_76_27 | 4.2145622950404955 × 10^277 |
| 159 | aaa_76_28 | 1.9852566152792764 × 10^277 |
| 160 | aaa_76_29 | 7.471258698238284 × 10^276 |

### Output Bits Sorted by Complexity

| Rank | Output Bit | Complexity |
|:----:|:----------:|:----------:|
| 160 | aaa_76_29 | 7.471258698238284 × 10^276 |
| 159 | aaa_76_28 | 1.9852566152792764 × 10^277 |
| 158 | aaa_76_27 | 4.2145622950404955 × 10^277 |
| 157 | aaa_76_26 | 7.689252706633028 × 10^277 |
| 156 | aaa_76_25 | 1.2496665655483473 × 10^278 |
| 155 | ov_155 | 3.594088659963313 × 10^278 |
| 154 | ov_154 | 8.394572659717908 × 10^278 |
| 153 | ov_153 | 1.7278983453463325 × 10^279 |
| 152 | ov_152 | 3.214177064423768 × 10^279 |
| 151 | ov_151 | 5.514401299039148 × 10^279 |
| 150 | ov_150 | 8.871351345691969 × 10^279 |
| 149 | ov_149 | 1.3554499617354496 × 10^280 |
| 148 | ov_148 | 1.986004871773648 × 10^280 |
| 147 | ov_147 | 2.81109981896425 × 10^280 |
| 146 | ov_146 | 3.8657252073435783 × 10^280 |
| 145 | ov_145 | 5.187578125223736 × 10^280 |
| 144 | ov_144 | 6.817085640151582 × 10^280 |
| 143 | ov_143 | 8.797436920243496 × 10^280 |
| 142 | ov_142 | 1.1174626132121793 × 10^281 |
| 141 | ov_141 | 1.3997508250176953 × 10^281 |
| 140 | ov_140 | 1.7317870096746367 × 10^281 |
| 139 | ov_139 | 2.1190519118282705 × 10^281 |
| 138 | ov_138 | 2.5673392589035388 × 10^281 |
| 137 | ov_137 | 3.082769012165899 × 10^281 |
| 136 | ov_136 | 3.6718032554094755 × 10^281 |
| 135 | ov_135 | 4.341265047479459 × 10^281 |
| 134 | ov_134 | 5.098360584477407 × 10^281 |
| 133 | ov_133 | 5.9507050376167776 × 10^281 |
| 132 | ov_132 | 6.906352453418298 × 10^281 |
| 131 | ov_131 | 7.973830097532401 × 10^281 |
| 130 | ov_130 | 7.973835927627627 × 10^281 |
| 129 | ov_129 | 7.973854091937622 × 10^281 |
| 128 | aaa_77_29 | 8.654592891399301 × 10^281 |
| 127 | aaa_77_28 | 2.3093153173417084 × 10^282 |
| 126 | ov_126 | 7.233597007651526 × 10^282 |
| 125 | ov_125 | 1.625301627069079 × 10^283 |
| 124 | ov_124 | 3.0954495056146305 × 10^283 |
| 123 | ov_123 | 5.292496700725989 × 10^283 |
| 122 | ov_122 | 8.37514023920578 × 10^283 |
| 121 | ov_121 | 1.2502086082538305 × 10^284 |
| 120 | ov_120 | 1.783205830003613 × 10^284 |
| 119 | ov_119 | 2.4523813057306434 × 10^284 |
| 118 | ov_118 | 3.2736162656437394 × 10^284 |
| 117 | ov_117 | 4.262802680308943 × 10^284 |
| 116 | ov_116 | 5.4358533519428035 × 10^284 |
| 115 | ov_115 | 6.808718517294152 × 10^284 |
| 114 | ov_114 | 8.397410028480394 × 10^284 |
| 113 | ov_113 | 1.0218034178354183 × 10^285 |
| 112 | ov_112 | 1.2286834237408799 × 10^285 |
| 111 | ov_111 | 1.4868419679280897 × 10^285 |
| 110 | ov_110 | 1.8244089001267727 × 10^285 |
| 109 | ov_109 | 2.2712163269989645 × 10^285 |
| 108 | ov_108 | 2.858841175146347 × 10^285 |
| 107 | ov_107 | 3.620658470692929 × 10^285 |
| 106 | ov_106 | 4.5919069528657995 × 10^285 |
| 105 | ov_105 | 5.809768749589534 × 10^285 |
| 104 | ov_104 | 7.313464955437235 × 10^285 |
| 103 | ov_103 | 9.144369066861541 × 10^285 |
| 102 | ov_102 | 1.1346140347078157 × 10^286 |
| 101 | ov_101 | 1.3964879314004458 × 10^286 |
| 100 | ov_100 | 1.704930767008256 × 10^286 |
| 99 | ov_099 | 2.0650975123574264 × 10^286 |
| 98 | ov_098 | 2.0651042069753472 × 10^286 |
| 97 | ov_097 | 2.0651251671665584 × 10^286 |
| 96 | aaa_78_29 | 2.461302004659939 × 10^286 |
| 95 | aaa_78_28 | 6.677199924252141 × 10^286 |
| 94 | ov_094 | 2.115017795484673 × 10^287 |
| 93 | ov_093 | 4.802759731795463 × 10^287 |
| 92 | ov_092 | 9.227832236678871 × 10^287 |
| 91 | ov_091 | 1.7624465835734648 × 10^288 |
| 90 | ov_090 | 3.495806404628692 × 10^288 |
| 89 | ov_089 | 6.718801942245566 × 10^288 |
| 88 | ov_088 | 1.2126802947011593 × 10^289 |
| 87 | ov_087 | 2.0514668516491418 × 10^289 |
| 86 | ov_086 | 3.277684516827981 × 10^289 |
| 85 | ov_085 | 4.99075167248499 × 10^289 |
| 84 | ov_084 | 7.300081870793903 × 10^289 |
| 83 | ov_083 | 1.0325112994099895 × 10^290 |
| 82 | ov_082 | 1.4195345405962034 × 10^290 |
| 81 | ov_081 | 1.9050390363221333 × 10^290 |
| 64 | lv_79_m31 | 2.466819628436127 × 10^290 |
| 80 | ov_080 | 2.5040029959734324 × 10^290 |
| 79 | ov_079 | 3.2324289873164988 × 10^290 |
| 78 | ov_078 | 4.1073526187627386 × 10^290 |
| 77 | ov_077 | 5.146852756746528 × 10^290 |
| 76 | ov_076 | 6.3700634061601746 × 10^290 |
| 75 | ov_075 | 7.797187382434113 × 10^290 |
| 74 | ov_074 | 9.449512152975002 × 10^290 |
| 73 | ov_073 | 1.1349428987969848 × 10^291 |
| 63 | ov_063 | 1.2655771323850984 × 10^291 |
| 72 | ov_072 | 1.3520457372892125 × 10^291 |
| 71 | ov_071 | 1.5987277001997646 × 10^291 |
| 70 | ov_070 | 1.8775769810183174 × 10^291 |
| 69 | ov_069 | 2.191307464253091 × 10^291 |
| 68 | ov_068 | 2.542765730760177 × 10^291 |
| 67 | ov_067 | 2.9349398913127345 × 10^291 |
| 66 | ov_066 | 2.934941722216846 × 10^291 |
| 65 | ov_065 | 2.93494758579635 × 10^291 |
| 62 | ov_062 | 5.719222930716077 × 10^291 |
| 61 | ov_061 | 1.8924885588711332 × 10^292 |
| 60 | ov_060 | 5.051006329443286 × 10^292 |
| 59 | ov_059 | 1.1554829463408638 × 10^293 |
| 58 | ov_058 | 2.3495134231557287 × 10^293 |
| 57 | ov_057 | 4.354692313999668 × 10^293 |
| 56 | ov_056 | 7.764403963136819 × 10^293 |
| 55 | ov_055 | 1.328880343103359 × 10^294 |
| 54 | ov_054 | 2.1754825776199925 × 10^294 |
| 53 | ov_053 | 3.4106203556915755 × 10^294 |
| 52 | ov_052 | 5.140349801844649 × 10^294 |
| 51 | ov_051 | 7.482415758549534 × 10^294 |
| 50 | ov_050 | 1.0566263171520067 × 10^295 |
| 49 | ov_049 | 1.4533058207312198 × 10^295 |
| 48 | ov_048 | 1.9535724268560654 × 10^295 |
| 47 | ov_047 | 2.573899886793881 × 10^295 |
| 32 | lv_80_k31 | 2.8487217072384596 × 10^295 |
| 46 | ov_046 | 3.3319518118325 × 10^295 |
| 45 | ov_045 | 4.2465936394098717 × 10^295 |
| 44 | ov_044 | 5.328174036048007 × 10^295 |
| 43 | ov_043 | 6.587667648855409 × 10^295 |
| 42 | ov_042 | 8.047665373358368 × 10^295 |
| 41 | ov_041 | 9.732060877902092 × 10^295 |
| 40 | ov_040 | 1.1666094292743346 × 10^296 |
| 31 | ov_031 | 1.1760192816641419 × 10^296 |
| 39 | ov_039 | 1.3876405636730783 × 10^296 |
| 38 | ov_038 | 1.6391099303317928 × 10^296 |
| 37 | ov_037 | 1.92398210107394 × 10^296 |
| 36 | ov_036 | 2.2453848705153026 × 10^296 |
| 35 | ov_035 | 2.606619899054981 × 10^296 |
| 34 | ov_034 | 3.01117507454289 × 10^296 |
| 33 | ov_033 | 3.4627387673860762 × 10^296 |
| 30 | ov_030 | 4.853501182181441 × 10^296 |
| 29 | ov_029 | 1.466093355434345 × 10^297 |
| 28 | ov_028 | 3.5563841155364965 × 10^297 |
| 27 | ov_027 | 8.493090900570023 × 10^297 |
| 26 | ov_026 | 2.0422429576460752 × 10^298 |
| 25 | ov_025 | 4.483558047291612 × 10^298 |
| 24 | ov_024 | 8.856871825924162 × 10^298 |
| 23 | ov_023 | 1.5980309753772404 × 10^299 |
| 22 | ov_022 | 2.6806525672914682 × 10^299 |
| 21 | ov_021 | 4.242274405877424 × 10^299 |
| 20 | ov_020 | 6.405083856849693 × 10^299 |
| 19 | ov_019 | 9.304746862662083 × 10^299 |
| 18 | ov_018 | 1.3090430906805803 × 10^300 |
| 17 | ov_017 | 1.79248422889759 × 10^300 |
| 16 | ov_016 | 2.3984283859584763 × 10^300 |
| 15 | ov_015 | 3.1458740296441506 × 10^300 |
| 14 | ov_014 | 4.055199894096961 × 10^300 |
| 13 | ov_013 | 5.1481815146289866 × 10^300 |
| 12 | ov_012 | 6.448013202520886 × 10^300 |
| 11 | ov_011 | 7.979336542326116 × 10^300 |
| 10 | ov_010 | 9.768276588145747 × 10^300 |
| 9 | ov_009 | 1.1842487029673727 × 10^301 |
| 8 | ov_008 | 1.423120569372708 × 10^301 |
| 7 | ov_007 | 1.6965321745373212 × 10^301 |
| 6 | ov_006 | 2.0077455751477491 × 10^301 |
| 5 | ov_005 | 2.36020536609523 × 10^301 |
| 4 | ov_004 | 2.757549605111635 × 10^301 |
| 3 | ov_003 | 3.2036224396869306 × 10^301 |
| 2 | ov_002 | 3.702488632902591 × 10^301 |
| 1 | ov_001 | 4.256360719658232 × 10^301 |

