# Results for F001-F002-F003-F004-F005-F006-F007-F008-F009-F010-F011-F012-F013-F014-F015-F016-F017-F018-F019-F020-F021-F022-F023-F024-F025-F026-F027-F028-F029-F030-F031-F032-F033-F034-F035-F036-F037-F038-F039-F040-F041-F042-F043-F044-F045-F046-F047-F048-F049-F050-F051-F052-F053-F054-F055-F056-F057-F058-F059-F060-F061-F062-F063-F064-F065-F066-F067-F068-F069-F070-F071-F072-F073-F074-F075-F076-F077-F078-F079-F080-F081-F082-F083-F084-F085-F086-F087-F088-F089-F090-F091-F092-F093-F094-F095-F096-F097-F098-F099-F100-F101-F102-F103-F104-F105-F106-F107-F108-F109-F110-F111-F112-F113-F114-F115-F116-F117-F118-F119-F120-F121-F122-F123-F124-F125-F126-F127-F128-F129-F130-F131-F132-F133-F134-F135-F136-F137-F138-F139-F140-F141-F142-F143-F144-F145-F146-F147-F148-F149-F150-F151-F152-F153-F154-F155-F156-F157-F158-F159-F160-F161-F162-F163-F164-F165-F166-F167-F168-F169-F170-F171-F172-F173-F174-F175-F176-F177-F178-F179-F180-F181-F182-F183-F184-F185-F186-F187-F188-F189-F190-F191-F192-F193-F194-F195-F196-F197-F198-F199-F200-F201-F202-F203-F204-F205-F206-F207-F208-F209-F210-F211-F212-F213-F214-F215-F216-F217-F218-F219-F220-F221-F222-F223-F224-F225-F226-F227-F228-F229-F230-F231-F232-F233-F234-F235-F236-F237-F238-F239-F240-F241-F242-F243-F244-F245-F246-F247-F248-F249-F250-F251-F252-F253-F254-F255-F256-F257-F258-F259-F260-F261-F262-F263-F264-F265-F266-F267-F268-F269-F270-F271-F272-F273-F274-F275-F276-F277-F278-F279-F280-F281-F282-F283-F284-F285-F286-F287-F288-F289-F290-F291-F292-F293-F294-F295-F296-F297-F298-F299-F300-F301-F302-F303-F304-F305-F306-F307-F308-F309-F310-F311-F312-F313-F314-F315-F316-F317-F318-F319-F320-F321-F322-F323-F324-F325-F326-F327-F328-F329-F330-F331-F332-F333-F334-F335-F336-F337-F338-F339-F340-F341-F342-F343-F344-F345-F346-F347-F348-F349-F350-F351-F352-F353-F354-F355-F356-F357-F358-F359-F360-F361-F362-F363-F364-F365-F366-F367-F368-F369-F370-F371-F372-F373-F374-F375-F376-F377-F378-F379-F380-F381-F382-F383-F384-F385-F386-F387-F388-F389-F390-F391-F392-F393-F394-F395-F396-F397-F398-F399-F400-F401-F402-F403-F404-F405-F406-F407-F408-F409-F410-F411-F412-F413-F414-F415-F416-F417-F418-F419-F420-F421-F422-F423-F424-F425-F426-F427-F428-F429-F430-F431-F432-F433-F434-F435-F436-F437-F438-F439-F440-F441-F442-F443-F444-F445-F446-F447-F448-F449-F450-F451-F452-F453-F454-F455-F456-F457-F458-F459-F460-F461-F462-F463-F464-F465-F466-F467-F468-F469-F470-F471-F472-F473-F474-F475-F476-F477-F478-F479-F480-F481-F482-F483-F484-F485-F486-F487-F488-F489-F490-F491-F492-F493-F494-F495-F496-E497506-O500505-F510-F511-F512

## Summary

Number of input bits: 512  
Number of free input bits: 11  
Number of output bits: 160

Number of direct occurrences: 44601  
Number of assignments: 31388  
Number of operations: 10995245
(xor: 10967103,
and: 14727,
or: 13415)

Total complexity: 4.415440436173633 × 10^299

Least occurring input variable: iv_502 (3803)  
Most occurring input variable: iv_500 (4268)

Most co-occurring input variables: iv_508-iv_509 (2067)  
Least co-occurring input variables: iv_499-iv_502 (1719)

Potentially most occurring input variable: iv_500/iv_508 (4537)  
Potentially least occurring input variable: iv_499/iv_504 (4130)

Least output occurring input variable: iv_502 (71)  
Most output occurring input variable: iv_498 (88)

Most output co-occurring input variables: iv_498-iv_503 (51)  
Least output co-occurring input variables: iv_502-iv_508 (30)

Potentially most output occurring input variable: iv_503/iv_509 (98)  
Potentially least output occurring input variable: iv_498/iv_503 (68)

Least complex input bit: iv_498 (2.515008869525305 × 10^297)  
Most complex input bit: iv_500 (8.249708014184837 × 10^298)

Least complex output bit: aaa_76_29 (8.967097349931492 × 10^274)  
Most complex output bit: ov_001 (7.002931444620705 × 10^298)

Least complex input/output complexity: iv_498/aaa_76_29 (5.1076058424916876 × 10^272)  
Most complex input/output complexity: iv_500/ov_001 (1.3084117087884202 × 10^298)

## Input Bits

### Input Bits in Regular Order

| Input Bit | Complexity | Occurrences | Output Occurrences |
|:---------:|:----------:|:-----------:|:------------------:|
| iv_497 | 3.9235534558899686 × 10^298 | 4196 | 72 |
| iv_498 | 2.515008869525305 × 10^297 | 3918 | 88 |
| iv_499 | 4.423128028493147 × 10^297 | 3877 | 72 |
| iv_500 | 8.249708014184837 × 10^298 | 4268 | 82 |
| iv_501 | 1.224468863269466 × 10^298 | 4063 | 83 |
| iv_502 | 1.9786608979575384 × 10^298 | 3803 | 71 |
| iv_503 | 3.143999792815853 × 10^298 | 4046 | 82 |
| iv_504 | 4.901068651056443 × 10^298 | 3909 | 71 |
| iv_507 | 5.452013338926096 × 10^298 | 4162 | 76 |
| iv_508 | 7.240203635014579 × 10^298 | 4167 | 73 |
| iv_509 | 7.346914022819789 × 10^298 | 4192 | 78 |

### Input Bits Sorted by Complexity

| Input Bit | Complexity | Occurrences | Output Occurrences |
|:---------:|:----------:|:-----------:|:------------------:|
| iv_498 | 2.515008869525305 × 10^297 | 3918 | 88 |
| iv_499 | 4.423128028493147 × 10^297 | 3877 | 72 |
| iv_501 | 1.224468863269466 × 10^298 | 4063 | 83 |
| iv_502 | 1.9786608979575384 × 10^298 | 3803 | 71 |
| iv_503 | 3.143999792815853 × 10^298 | 4046 | 82 |
| iv_497 | 3.9235534558899686 × 10^298 | 4196 | 72 |
| iv_504 | 4.901068651056443 × 10^298 | 3909 | 71 |
| iv_507 | 5.452013338926096 × 10^298 | 4162 | 76 |
| iv_508 | 7.240203635014579 × 10^298 | 4167 | 73 |
| iv_509 | 7.346914022819789 × 10^298 | 4192 | 78 |
| iv_500 | 8.249708014184837 × 10^298 | 4268 | 82 |

### Input Bits Sorted by Occurrences

| Input Bit | Complexity | Occurrences | Output Occurrences |
|:---------:|:----------:|:-----------:|:------------------:|
| iv_502 | 1.9786608979575384 × 10^298 | 3803 | 71 |
| iv_499 | 4.423128028493147 × 10^297 | 3877 | 72 |
| iv_504 | 4.901068651056443 × 10^298 | 3909 | 71 |
| iv_498 | 2.515008869525305 × 10^297 | 3918 | 88 |
| iv_503 | 3.143999792815853 × 10^298 | 4046 | 82 |
| iv_501 | 1.224468863269466 × 10^298 | 4063 | 83 |
| iv_507 | 5.452013338926096 × 10^298 | 4162 | 76 |
| iv_508 | 7.240203635014579 × 10^298 | 4167 | 73 |
| iv_509 | 7.346914022819789 × 10^298 | 4192 | 78 |
| iv_497 | 3.9235534558899686 × 10^298 | 4196 | 72 |
| iv_500 | 8.249708014184837 × 10^298 | 4268 | 82 |

### Input Bits Sorted by Output Occurrences

| Input Bit | Complexity | Occurrences | Output Occurrences |
|:---------:|:----------:|:-----------:|:------------------:|
| iv_502 | 1.9786608979575384 × 10^298 | 3803 | 71 |
| iv_504 | 4.901068651056443 × 10^298 | 3909 | 71 |
| iv_499 | 4.423128028493147 × 10^297 | 3877 | 72 |
| iv_497 | 3.9235534558899686 × 10^298 | 4196 | 72 |
| iv_508 | 7.240203635014579 × 10^298 | 4167 | 73 |
| iv_507 | 5.452013338926096 × 10^298 | 4162 | 76 |
| iv_509 | 7.346914022819789 × 10^298 | 4192 | 78 |
| iv_503 | 3.143999792815853 × 10^298 | 4046 | 82 |
| iv_500 | 8.249708014184837 × 10^298 | 4268 | 82 |
| iv_501 | 1.224468863269466 × 10^298 | 4063 | 83 |
| iv_498 | 2.515008869525305 × 10^297 | 3918 | 88 |

## Input Bit Co-occurrences

### Input Bit Co-occurrences Sorted by Co-occurrences

| Input Bits | Co-occurrences | Potential Occurrences | Output Co-occurrences | Potential Output Occurrences |
|:----------:|:--------------:|:---------------------:|:---------------------:|:----------------------------:|
| iv_508-iv_509 | 2067 | 4225 | 35 | 81 |
| iv_507-iv_509 | 2030 | 4294 | 38 | 78 |
| iv_500-iv_507 | 2028 | 4374 | 34 | 90 |
| iv_497-iv_509 | 2019 | 4350 | 38 | 74 |
| iv_500-iv_501 | 2009 | 4313 | 42 | 81 |
| iv_497-iv_500 | 2006 | 4452 | 43 | 68 |
| iv_501-iv_509 | 1998 | 4259 | 38 | 85 |
| iv_500-iv_509 | 1988 | 4484 | 37 | 86 |
| iv_503-iv_509 | 1966 | 4306 | 31 | 98 |
| iv_501-iv_503 | 1963 | 4183 | 48 | 69 |
| iv_507-iv_508 | 1960 | 4409 | 38 | 73 |

### Input Bit Co-occurrences Sorted by Potential Occurrences

| Input Bits | Co-occurrences | Potential Occurrences | Output Co-occurrences | Potential Output Occurrences |
|:----------:|:--------------:|:---------------------:|:---------------------:|:----------------------------:|
| iv_499-iv_504 | 1828 | 4130 | 30 | 83 |
| iv_498-iv_499 | 1808 | 4179 | 44 | 72 |
| iv_501-iv_503 | 1963 | 4183 | 48 | 69 |
| iv_498-iv_504 | 1822 | 4183 | 40 | 79 |
| iv_502-iv_504 | 1759 | 4194 | 33 | 76 |
| iv_499-iv_508 | 1923 | 4198 | 36 | 73 |
| iv_499-iv_501 | 1870 | 4200 | 33 | 89 |
| iv_503-iv_504 | 1866 | 4223 | 34 | 85 |
| iv_508-iv_509 | 2067 | 4225 | 35 | 81 |
| iv_502-iv_507 | 1870 | 4225 | 36 | 75 |
| iv_504-iv_508 | 1922 | 4232 | 36 | 72 |

### Input Bit Output Co-occurrences Sorted by Output Co-occurrences

| Input Bits | Co-occurrences | Potential Occurrences | Output Co-occurrences | Potential Output Occurrences |
|:----------:|:--------------:|:---------------------:|:---------------------:|:----------------------------:|
| iv_498-iv_503 | 1860 | 4244 | 51 | 68 |
| iv_498-iv_501 | 1859 | 4263 | 48 | 75 |
| iv_501-iv_503 | 1963 | 4183 | 48 | 69 |
| iv_498-iv_500 | 1935 | 4316 | 45 | 80 |
| iv_498-iv_509 | 1864 | 4382 | 44 | 78 |
| iv_498-iv_499 | 1808 | 4179 | 44 | 72 |
| iv_498-iv_507 | 1891 | 4298 | 43 | 78 |
| iv_497-iv_500 | 2006 | 4452 | 43 | 68 |
| iv_497-iv_498 | 1832 | 4450 | 43 | 74 |
| iv_503-iv_507 | 1929 | 4350 | 42 | 74 |
| iv_500-iv_501 | 2009 | 4313 | 42 | 81 |

### Input Bit Output Co-occurrences Sorted by Potential Output Occurrences

| Input Bits | Co-occurrences | Potential Occurrences | Output Co-occurrences | Potential Output Occurrences |
|:----------:|:--------------:|:---------------------:|:---------------------:|:----------------------------:|
| iv_498-iv_503 | 1860 | 4244 | 51 | 68 |
| iv_497-iv_500 | 2006 | 4452 | 43 | 68 |
| iv_501-iv_503 | 1963 | 4183 | 48 | 69 |
| iv_504-iv_508 | 1922 | 4232 | 36 | 72 |
| iv_499-iv_500 | 1944 | 4257 | 41 | 72 |
| iv_499-iv_507 | 1903 | 4233 | 38 | 72 |
| iv_498-iv_499 | 1808 | 4179 | 44 | 72 |
| iv_499-iv_508 | 1923 | 4198 | 36 | 73 |
| iv_507-iv_508 | 1960 | 4409 | 38 | 73 |
| iv_503-iv_507 | 1929 | 4350 | 42 | 74 |
| iv_497-iv_509 | 2019 | 4350 | 38 | 74 |

## Output Bits

### Output Bits in Regular Order

| Rank | Output Bit | Complexity |
|:----:|:----------:|:----------:|
| 1 | ov_001 | 7.002931444620705 × 10^298 |
| 2 | ov_002 | 6.081276351018441 × 10^298 |
| 3 | ov_003 | 5.254881322193368 × 10^298 |
| 4 | ov_004 | 4.516565214949817 × 10^298 |
| 5 | ov_005 | 3.8595383069270195 × 10^298 |
| 6 | ov_006 | 3.277374567997146 × 10^298 |
| 7 | ov_007 | 2.763987533564373 × 10^298 |
| 8 | ov_008 | 2.3136094889770445 × 10^298 |
| 9 | ov_009 | 1.920773692996424 × 10^298 |
| 10 | ov_010 | 1.5802993445424158 × 10^298 |
| 11 | ov_011 | 1.2872789935870135 × 10^298 |
| 12 | ov_012 | 1.037068114194899 × 10^298 |
| 13 | ov_013 | 8.252765745048171 × 10^297 |
| 14 | ov_014 | 6.477617549808908 × 10^297 |
| 15 | ov_015 | 5.006230826028217 × 10^297 |
| 16 | ov_016 | 3.8019776485917256 × 10^297 |
| 17 | ov_017 | 2.830575234991719 × 10^297 |
| 18 | ov_018 | 2.0600614401674965 × 10^297 |
| 19 | ov_019 | 1.4607767280859202 × 10^297 |
| 20 | ov_020 | 1.0053510988215257 × 10^297 |
| 21 | ov_021 | 6.686946742769459 × 10^296 |
| 22 | ov_022 | 4.279909905243345 × 10^296 |
| 23 | ov_023 | 2.6269235972378095 × 10^296 |
| 24 | ov_024 | 1.5451681919835377 × 10^296 |
| 25 | ov_025 | 8.744626465967957 × 10^295 |
| 26 | ov_026 | 4.772542767847126 × 10^295 |
| 27 | ov_027 | 2.386139462232468 × 10^295 |
| 28 | ov_028 | 1.0673262050505414 × 10^295 |
| 29 | ov_029 | 4.111184909019014 × 10^294 |
| 30 | ov_030 | 1.2563638509408896 × 10^294 |
| 31 | ov_031 | 2.4494832452364855 × 10^293 |
| 32 | lv_80_m31 | 4.774724406982274 × 10^292 |
| 33 | ov_033 | 5.724251006540523 × 10^293 |
| 34 | ov_034 | 4.963307429280549 × 10^293 |
| 35 | ov_035 | 4.282305474707401 × 10^293 |
| 36 | ov_036 | 3.674973876576907 × 10^293 |
| 37 | ov_037 | 3.13538039428134 × 10^293 |
| 38 | ov_038 | 2.657907953545399 × 10^293 |
| 39 | ov_039 | 2.237234002184854 × 10^293 |
| 40 | ov_040 | 1.8683127694711287 × 10^293 |
| 41 | ov_041 | 1.5463601366461682 × 10^293 |
| 42 | ov_042 | 1.2668408441460833 × 10^293 |
| 43 | ov_043 | 1.0275480156326614 × 10^293 |
| 44 | ov_044 | 8.244138083399823 × 10^292 |
| 45 | ov_045 | 6.535923889285904 × 10^292 |
| 46 | ov_046 | 5.114540752514543 × 10^292 |
| 47 | ov_047 | 3.945806861067682 × 10^292 |
| 48 | ov_048 | 2.9976191795498786 × 10^292 |
| 49 | ov_049 | 2.2399258155242566 × 10^292 |
| 50 | ov_050 | 1.6447054517028558 × 10^292 |
| 51 | ov_051 | 1.1859524458316466 × 10^292 |
| 52 | ov_052 | 8.396663337431671 × 10^291 |
| 53 | ov_053 | 5.83844603583278 × 10^291 |
| 54 | ov_054 | 3.9847778711240275 × 10^291 |
| 55 | ov_055 | 2.655461754444149 × 10^291 |
| 56 | ov_056 | 1.6901770323811995 × 10^291 |
| 57 | ov_057 | 1.013730457319381 × 10^291 |
| 58 | ov_058 | 5.608582230318693 × 10^290 |
| 59 | ov_059 | 2.762234595246029 × 10^290 |
| 60 | ov_060 | 1.1441507055786794 × 10^290 |
| 61 | ov_061 | 3.994730505536195 × 10^289 |
| 62 | ov_062 | 1.0953315610488459 × 10^289 |
| 63 | ov_063 | 2.133849789234437 × 10^288 |
| 64 | lv_79_m31 | 4.156133242498765 × 10^287 |
| 65 | ov_065 | 4.9582391197500906 × 10^288 |
| 66 | ov_066 | 4.95822368722122 × 10^288 |
| 67 | ov_067 | 4.958219910187586 × 10^288 |
| 68 | ov_068 | 4.28720313915159 × 10^288 |
| 69 | ov_069 | 3.688452475214892 × 10^288 |
| 70 | ov_070 | 3.156121995038071 × 10^288 |
| 71 | ov_071 | 2.6847255042407345 × 10^288 |
| 72 | ov_072 | 2.2691121794909358 × 10^288 |
| 73 | ov_073 | 1.904444363200556 × 10^288 |
| 74 | ov_074 | 1.5861773970301223 × 10^288 |
| 75 | ov_075 | 1.3100413847973094 × 10^288 |
| 76 | ov_076 | 1.0720247789819492 × 10^288 |
| 77 | ov_077 | 8.683596879274217 × 10^287 |
| 78 | ov_078 | 6.95508803155775 × 10^287 |
| 79 | ov_079 | 5.501538480294351 × 10^287 |
| 80 | ov_080 | 4.291854503844643 × 10^287 |
| 81 | ov_081 | 3.2969434280369214 × 10^287 |
| 82 | ov_082 | 2.4896379496085776 × 10^287 |
| 83 | ov_083 | 1.844631830109375 × 10^287 |
| 84 | ov_084 | 1.3384260138182072 × 10^287 |
| 85 | ov_085 | 9.49284225840174 × 10^286 |
| 86 | ov_086 | 6.571971083226195 × 10^286 |
| 87 | ov_087 | 4.438539538938412 × 10^286 |
| 88 | ov_088 | 2.9262109615681603 × 10^286 |
| 89 | ov_089 | 1.8852601749499317 × 10^286 |
| 90 | ov_090 | 1.18246234672835 × 10^286 |
| 91 | ov_091 | 7.010202282196233 × 10^285 |
| 92 | ov_092 | 3.8663510141856124 × 10^285 |
| 93 | ov_093 | 1.9319232802787234 × 10^285 |
| 94 | ov_094 | 8.275360877188723 × 10^284 |
| 95 | aaa_78_28 | 2.555381887994758 × 10^284 |
| 96 | aaa_78_29 | 7.847843459881355 × 10^283 |
| 97 | ov_097 | 5.183132720148048 × 10^283 |
| 98 | ov_098 | 5.182976447200771 × 10^283 |
| 99 | ov_099 | 5.182926446707819 × 10^283 |
| 100 | ov_100 | 4.6639796888657075 × 10^283 |
| 101 | ov_101 | 4.183359695002274 × 10^283 |
| 102 | ov_102 | 3.738956178568396 × 10^283 |
| 103 | ov_103 | 3.328813383813813 × 10^283 |
| 104 | ov_104 | 2.9511100198648176 × 10^283 |
| 105 | ov_105 | 2.6041410207311233 × 10^283 |
| 106 | ov_106 | 2.286301037060257 × 10^283 |
| 107 | ov_107 | 1.996069568832408 × 10^283 |
| 108 | ov_108 | 1.7319976508951974 × 10^283 |
| 109 | ov_109 | 1.49269600536998 × 10^283 |
| 110 | ov_110 | 1.2768245766017086 × 10^283 |
| 111 | ov_111 | 1.083083365552592 × 10^283 |
| 112 | ov_112 | 9.102044814291828 × 10^282 |
| 113 | ov_113 | 7.569453289508605 × 10^282 |
| 114 | ov_114 | 6.220828500767465 × 10^282 |
| 115 | ov_115 | 5.044087392637487 × 10^282 |
| 116 | ov_116 | 4.0272555148036803 × 10^282 |
| 117 | ov_117 | 3.1584362228988684 × 10^282 |
| 118 | ov_118 | 2.4257871937111563 × 10^282 |
| 119 | ov_119 | 1.817503448803728 × 10^282 |
| 120 | ov_120 | 1.3218055190360482 × 10^282 |
| 121 | ov_121 | 9.269309215218264 × 10^281 |
| 122 | ov_122 | 6.211278837814091 × 10^281 |
| 123 | ov_123 | 3.9265091234122924 × 10^281 |
| 124 | ov_124 | 2.2975780304444 × 10^281 |
| 125 | ov_125 | 1.2070778858299172 × 10^281 |
| 126 | ov_126 | 5.376059337383245 × 10^280 |
| 127 | aaa_77_28 | 1.717607068802708 × 10^280 |
| 128 | aaa_77_29 | 6.444690087436723 × 10^279 |
| 129 | ov_129 | 5.94935655168385 × 10^279 |
| 130 | ov_130 | 5.949339088289628 × 10^279 |
| 131 | ov_131 | 5.94933486641766 × 10^279 |
| 132 | ov_132 | 5.163434591784559 × 10^279 |
| 133 | ov_133 | 4.458090246832366 × 10^279 |
| 134 | ov_134 | 3.827027805526189 × 10^279 |
| 135 | ov_135 | 3.264308191890238 × 10^279 |
| 136 | ov_136 | 2.764303262339548 × 10^279 |
| 137 | ov_137 | 2.3242738958981696 × 10^279 |
| 138 | ov_138 | 1.9391548575064434 × 10^279 |
| 139 | ov_139 | 1.6041386511846695 × 10^279 |
| 140 | ov_140 | 1.314663060363342 × 10^279 |
| 141 | ov_141 | 1.0664008557966435 × 10^279 |
| 142 | ov_142 | 8.552514131489748 × 10^278 |
| 143 | ov_143 | 6.773339973532536 × 10^278 |
| 144 | ov_144 | 5.2898248571518 × 10^278 |
| 145 | ov_145 | 4.067413165244411 × 10^278 |
| 146 | ov_146 | 3.0736246466397036 × 10^278 |
| 147 | ov_147 | 2.2780326040302387 × 10^278 |
| 148 | ov_148 | 1.652248822314813 × 10^278 |
| 149 | ov_149 | 1.1699136924850547 × 10^278 |
| 150 | ov_150 | 8.066901326288202 × 10^277 |
| 151 | ov_151 | 5.402600539826397 × 10^277 |
| 152 | ov_152 | 3.5032231709500113 × 10^277 |
| 153 | ov_153 | 2.185914544582736 × 10^277 |
| 154 | ov_154 | 1.2879681406062639 × 10^277 |
| 155 | ov_155 | 6.668199754880866 × 10^276 |
| 156 | aaa_76_25 | 2.5622324330836365 × 10^276 |
| 157 | aaa_76_26 | 1.4795919099622404 × 10^276 |
| 158 | aaa_76_27 | 7.573642553963218 × 10^275 |
| 159 | aaa_76_28 | 2.9486849800861836 × 10^275 |
| 160 | aaa_76_29 | 8.967097349931492 × 10^274 |

### Output Bits Sorted by Complexity

| Rank | Output Bit | Complexity |
|:----:|:----------:|:----------:|
| 160 | aaa_76_29 | 8.967097349931492 × 10^274 |
| 159 | aaa_76_28 | 2.9486849800861836 × 10^275 |
| 158 | aaa_76_27 | 7.573642553963218 × 10^275 |
| 157 | aaa_76_26 | 1.4795919099622404 × 10^276 |
| 156 | aaa_76_25 | 2.5622324330836365 × 10^276 |
| 155 | ov_155 | 6.668199754880866 × 10^276 |
| 154 | ov_154 | 1.2879681406062639 × 10^277 |
| 153 | ov_153 | 2.185914544582736 × 10^277 |
| 152 | ov_152 | 3.5032231709500113 × 10^277 |
| 151 | ov_151 | 5.402600539826397 × 10^277 |
| 150 | ov_150 | 8.066901326288202 × 10^277 |
| 149 | ov_149 | 1.1699136924850547 × 10^278 |
| 148 | ov_148 | 1.652248822314813 × 10^278 |
| 147 | ov_147 | 2.2780326040302387 × 10^278 |
| 146 | ov_146 | 3.0736246466397036 × 10^278 |
| 145 | ov_145 | 4.067413165244411 × 10^278 |
| 144 | ov_144 | 5.2898248571518 × 10^278 |
| 143 | ov_143 | 6.773339973532536 × 10^278 |
| 142 | ov_142 | 8.552514131489748 × 10^278 |
| 141 | ov_141 | 1.0664008557966435 × 10^279 |
| 140 | ov_140 | 1.314663060363342 × 10^279 |
| 139 | ov_139 | 1.6041386511846695 × 10^279 |
| 138 | ov_138 | 1.9391548575064434 × 10^279 |
| 137 | ov_137 | 2.3242738958981696 × 10^279 |
| 136 | ov_136 | 2.764303262339548 × 10^279 |
| 135 | ov_135 | 3.264308191890238 × 10^279 |
| 134 | ov_134 | 3.827027805526189 × 10^279 |
| 133 | ov_133 | 4.458090246832366 × 10^279 |
| 132 | ov_132 | 5.163434591784559 × 10^279 |
| 131 | ov_131 | 5.94933486641766 × 10^279 |
| 130 | ov_130 | 5.949339088289628 × 10^279 |
| 129 | ov_129 | 5.94935655168385 × 10^279 |
| 128 | aaa_77_29 | 6.444690087436723 × 10^279 |
| 127 | aaa_77_28 | 1.717607068802708 × 10^280 |
| 126 | ov_126 | 5.376059337383245 × 10^280 |
| 125 | ov_125 | 1.2070778858299172 × 10^281 |
| 124 | ov_124 | 2.2975780304444 × 10^281 |
| 123 | ov_123 | 3.9265091234122924 × 10^281 |
| 122 | ov_122 | 6.211278837814091 × 10^281 |
| 121 | ov_121 | 9.269309215218264 × 10^281 |
| 120 | ov_120 | 1.3218055190360482 × 10^282 |
| 119 | ov_119 | 1.817503448803728 × 10^282 |
| 118 | ov_118 | 2.4257871937111563 × 10^282 |
| 117 | ov_117 | 3.1584362228988684 × 10^282 |
| 116 | ov_116 | 4.0272555148036803 × 10^282 |
| 115 | ov_115 | 5.044087392637487 × 10^282 |
| 114 | ov_114 | 6.220828500767465 × 10^282 |
| 113 | ov_113 | 7.569453289508605 × 10^282 |
| 112 | ov_112 | 9.102044814291828 × 10^282 |
| 111 | ov_111 | 1.083083365552592 × 10^283 |
| 110 | ov_110 | 1.2768245766017086 × 10^283 |
| 109 | ov_109 | 1.49269600536998 × 10^283 |
| 108 | ov_108 | 1.7319976508951974 × 10^283 |
| 107 | ov_107 | 1.996069568832408 × 10^283 |
| 106 | ov_106 | 2.286301037060257 × 10^283 |
| 105 | ov_105 | 2.6041410207311233 × 10^283 |
| 104 | ov_104 | 2.9511100198648176 × 10^283 |
| 103 | ov_103 | 3.328813383813813 × 10^283 |
| 102 | ov_102 | 3.738956178568396 × 10^283 |
| 101 | ov_101 | 4.183359695002274 × 10^283 |
| 100 | ov_100 | 4.6639796888657075 × 10^283 |
| 99 | ov_099 | 5.182926446707819 × 10^283 |
| 98 | ov_098 | 5.182976447200771 × 10^283 |
| 97 | ov_097 | 5.183132720148048 × 10^283 |
| 96 | aaa_78_29 | 7.847843459881355 × 10^283 |
| 95 | aaa_78_28 | 2.555381887994758 × 10^284 |
| 94 | ov_094 | 8.275360877188723 × 10^284 |
| 93 | ov_093 | 1.9319232802787234 × 10^285 |
| 92 | ov_092 | 3.8663510141856124 × 10^285 |
| 91 | ov_091 | 7.010202282196233 × 10^285 |
| 90 | ov_090 | 1.18246234672835 × 10^286 |
| 89 | ov_089 | 1.8852601749499317 × 10^286 |
| 88 | ov_088 | 2.9262109615681603 × 10^286 |
| 87 | ov_087 | 4.438539538938412 × 10^286 |
| 86 | ov_086 | 6.571971083226195 × 10^286 |
| 85 | ov_085 | 9.49284225840174 × 10^286 |
| 84 | ov_084 | 1.3384260138182072 × 10^287 |
| 83 | ov_083 | 1.844631830109375 × 10^287 |
| 82 | ov_082 | 2.4896379496085776 × 10^287 |
| 81 | ov_081 | 3.2969434280369214 × 10^287 |
| 64 | lv_79_m31 | 4.156133242498765 × 10^287 |
| 80 | ov_080 | 4.291854503844643 × 10^287 |
| 79 | ov_079 | 5.501538480294351 × 10^287 |
| 78 | ov_078 | 6.95508803155775 × 10^287 |
| 77 | ov_077 | 8.683596879274217 × 10^287 |
| 76 | ov_076 | 1.0720247789819492 × 10^288 |
| 75 | ov_075 | 1.3100413847973094 × 10^288 |
| 74 | ov_074 | 1.5861773970301223 × 10^288 |
| 73 | ov_073 | 1.904444363200556 × 10^288 |
| 63 | ov_063 | 2.133849789234437 × 10^288 |
| 72 | ov_072 | 2.2691121794909358 × 10^288 |
| 71 | ov_071 | 2.6847255042407345 × 10^288 |
| 70 | ov_070 | 3.156121995038071 × 10^288 |
| 69 | ov_069 | 3.688452475214892 × 10^288 |
| 68 | ov_068 | 4.28720313915159 × 10^288 |
| 67 | ov_067 | 4.958219910187586 × 10^288 |
| 66 | ov_066 | 4.95822368722122 × 10^288 |
| 65 | ov_065 | 4.9582391197500906 × 10^288 |
| 62 | ov_062 | 1.0953315610488459 × 10^289 |
| 61 | ov_061 | 3.994730505536195 × 10^289 |
| 60 | ov_060 | 1.1441507055786794 × 10^290 |
| 59 | ov_059 | 2.762234595246029 × 10^290 |
| 58 | ov_058 | 5.608582230318693 × 10^290 |
| 57 | ov_057 | 1.013730457319381 × 10^291 |
| 56 | ov_056 | 1.6901770323811995 × 10^291 |
| 55 | ov_055 | 2.655461754444149 × 10^291 |
| 54 | ov_054 | 3.9847778711240275 × 10^291 |
| 53 | ov_053 | 5.83844603583278 × 10^291 |
| 52 | ov_052 | 8.396663337431671 × 10^291 |
| 51 | ov_051 | 1.1859524458316466 × 10^292 |
| 50 | ov_050 | 1.6447054517028558 × 10^292 |
| 49 | ov_049 | 2.2399258155242566 × 10^292 |
| 48 | ov_048 | 2.9976191795498786 × 10^292 |
| 47 | ov_047 | 3.945806861067682 × 10^292 |
| 32 | lv_80_m31 | 4.774724406982274 × 10^292 |
| 46 | ov_046 | 5.114540752514543 × 10^292 |
| 45 | ov_045 | 6.535923889285904 × 10^292 |
| 44 | ov_044 | 8.244138083399823 × 10^292 |
| 43 | ov_043 | 1.0275480156326614 × 10^293 |
| 42 | ov_042 | 1.2668408441460833 × 10^293 |
| 41 | ov_041 | 1.5463601366461682 × 10^293 |
| 40 | ov_040 | 1.8683127694711287 × 10^293 |
| 39 | ov_039 | 2.237234002184854 × 10^293 |
| 31 | ov_031 | 2.4494832452364855 × 10^293 |
| 38 | ov_038 | 2.657907953545399 × 10^293 |
| 37 | ov_037 | 3.13538039428134 × 10^293 |
| 36 | ov_036 | 3.674973876576907 × 10^293 |
| 35 | ov_035 | 4.282305474707401 × 10^293 |
| 34 | ov_034 | 4.963307429280549 × 10^293 |
| 33 | ov_033 | 5.724251006540523 × 10^293 |
| 30 | ov_030 | 1.2563638509408896 × 10^294 |
| 29 | ov_029 | 4.111184909019014 × 10^294 |
| 28 | ov_028 | 1.0673262050505414 × 10^295 |
| 27 | ov_027 | 2.386139462232468 × 10^295 |
| 26 | ov_026 | 4.772542767847126 × 10^295 |
| 25 | ov_025 | 8.744626465967957 × 10^295 |
| 24 | ov_024 | 1.5451681919835377 × 10^296 |
| 23 | ov_023 | 2.6269235972378095 × 10^296 |
| 22 | ov_022 | 4.279909905243345 × 10^296 |
| 21 | ov_021 | 6.686946742769459 × 10^296 |
| 20 | ov_020 | 1.0053510988215257 × 10^297 |
| 19 | ov_019 | 1.4607767280859202 × 10^297 |
| 18 | ov_018 | 2.0600614401674965 × 10^297 |
| 17 | ov_017 | 2.830575234991719 × 10^297 |
| 16 | ov_016 | 3.8019776485917256 × 10^297 |
| 15 | ov_015 | 5.006230826028217 × 10^297 |
| 14 | ov_014 | 6.477617549808908 × 10^297 |
| 13 | ov_013 | 8.252765745048171 × 10^297 |
| 12 | ov_012 | 1.037068114194899 × 10^298 |
| 11 | ov_011 | 1.2872789935870135 × 10^298 |
| 10 | ov_010 | 1.5802993445424158 × 10^298 |
| 9 | ov_009 | 1.920773692996424 × 10^298 |
| 8 | ov_008 | 2.3136094889770445 × 10^298 |
| 7 | ov_007 | 2.763987533564373 × 10^298 |
| 6 | ov_006 | 3.277374567997146 × 10^298 |
| 5 | ov_005 | 3.8595383069270195 × 10^298 |
| 4 | ov_004 | 4.516565214949817 × 10^298 |
| 3 | ov_003 | 5.254881322193368 × 10^298 |
| 2 | ov_002 | 6.081276351018441 × 10^298 |
| 1 | ov_001 | 7.002931444620705 × 10^298 |

