# Results for F001-F002-F003-F004-F005-F006-F007-F008-F009-F010-F011-F012-F013-F014-F015-F016-F017-F018-F019-F020-F021-F022-F023-F024-F025-F026-F027-F028-F029-F030-F031-F032-F033-F034-F035-F036-F037-F038-F039-F040-F041-F042-F043-F044-F045-F046-F047-F048-F049-F050-F051-F052-F053-F054-F055-F056-F057-F058-F059-F060-F061-F062-F063-F064-F065-F066-F067-F068-F069-F070-F071-F072-F073-F074-F075-F076-F077-F078-F079-F080-F081-F082-F083-F084-F085-F086-F087-F088-F089-F090-F091-F092-F093-F094-F095-F096-F097-F098-F099-F100-F101-F102-F103-F104-F105-F106-F107-F108-F109-F110-F111-F112-F113-F114-F115-F116-F117-F118-F119-F120-F121-F122-F123-F124-F125-F126-F127-F128-F129-F130-F131-F132-F133-F134-F135-F136-F137-F138-F139-F140-F141-F142-F143-F144-F145-F146-F147-F148-F149-F150-F151-F152-F153-F154-F155-F156-F157-F158-F159-F160-F161-F162-F163-F164-F165-F166-F167-F168-F169-F170-F171-F172-F173-F174-F175-F176-F177-F178-F179-F180-F181-F182-F183-F184-F185-F186-F187-F188-F189-F190-F191-F192-F193-F194-F195-F196-F197-F198-F199-F200-F201-F202-F203-F204-F205-F206-F207-F208-F209-F210-F211-F212-F213-F214-F215-F216-F217-F218-F219-F220-F221-F222-F223-F224-F225-F226-F227-F228-F229-F230-F231-F232-F233-F234-F235-F236-F237-F238-F239-F240-F241-F242-F243-F244-F245-F246-F247-F248-F249-F250-F251-F252-F253-F254-F255-F256-F257-F258-F259-F260-F261-F262-F263-F264-F265-F266-F267-F268-F269-F270-F271-F272-F273-F274-F275-F276-F277-F278-F279-F280-F281-F282-F283-F284-F285-F286-F287-F288-F289-F290-F291-F292-F293-F294-F295-F296-F297-F298-F299-F300-F301-F302-F303-F304-F305-F306-F307-F308-F309-F310-F311-F312-F313-F314-F315-F316-F317-F318-F319-F320-F321-F322-F323-F324-F325-F326-F327-F328-F329-F330-F331-F332-F333-F334-F335-F336-F337-F338-F339-F340-F341-F342-F343-F344-F345-F346-F347-F348-F349-F350-F351-F352-F353-F354-F355-F356-F357-F358-F359-F360-F361-F362-F363-F364-F365-F366-F367-F368-F369-F370-F371-F372-F373-F374-F375-F376-F377-F378-F379-F380-F381-F382-F383-F384-F385-F386-F387-F388-F389-F390-F391-F392-F393-F394-F395-F396-F397-F398-F399-F400-F401-F402-F403-F404-F405-F406-F407-F408-F409-F410-F411-F412-F413-F414-F415-F416-F417-F418-F419-F420-F421-F422-F423-F424-F425-F426-F427-F428-F429-F430-F431-F432-F433-F434-F435-F436-F437-F438-F439-F440-F441-F442-F443-F444-F445-F446-F447-F448-F449-F450-F451-F452-F453-F454-F455-F456-F457-F458-F459-F460-F461-F462-F463-F464-F465-F466-F467-F468-F469-F470-F471-F472-F473-F474-F475-F476-F477-F478-F479-F480-F481-F482-F483-F484-F485-F486-F487-F488-F489-F490-F491-F492-F493-F494-F495-F496-E498505-F509-F510-F511-F512

## Summary

Number of input bits: 512  
Number of free input bits: 11  
Number of output bits: 160

Number of direct occurrences: 44182  
Number of assignments: 31075  
Number of operations: 10819332
(xor: 10791310,
and: 14734,
or: 13288)

Total complexity: 5.5832425012529546 × 10^297

Least occurring input variable: iv_502 (3836)  
Most occurring input variable: iv_498 (4182)

Most co-occurring input variables: iv_497-iv_507 (2018)  
Least co-occurring input variables: iv_499-iv_502 (1759)

Potentially most occurring input variable: iv_498/iv_507 (4470)  
Potentially least occurring input variable: iv_504/iv_506 (4093)

Least output occurring input variable: iv_498 (64)  
Most output occurring input variable: iv_497 (93)

Most output co-occurring input variables: iv_497-iv_502 (52)  
Least output co-occurring input variables: iv_498-iv_503 (29)

Potentially most output occurring input variable: iv_497/iv_500 (91)  
Potentially least output occurring input variable: iv_497/iv_504 (71)

Least complex input bit: iv_497 (1.9815376566230982 × 10^295)  
Most complex input bit: iv_498 (1.213419872386998 × 10^297)

Least complex output bit: aaa_76_29 (1.2569635995465352 × 10^273)  
Most complex output bit: ov_001 (8.930877007048778 × 10^296)

Least complex input/output complexity: iv_497/aaa_76_29 (4.461064882900976 × 10^270)  
Most complex input/output complexity: iv_498/ov_001 (1.9409695415818223 × 10^296)

## Input Bits

### Input Bits in Regular Order

| Input Bit | Complexity | Occurrences | Output Occurrences |
|:---------:|:----------:|:-----------:|:------------------:|
| iv_497 | 1.9815376566230982 × 10^295 | 4096 | 93 |
| iv_498 | 1.213419872386998 × 10^297 | 4182 | 64 |
| iv_499 | 7.002099836390305 × 10^295 | 3897 | 81 |
| iv_500 | 1.17868193617123 × 10^296 | 4062 | 76 |
| iv_501 | 1.9401552283167734 × 10^296 | 4034 | 83 |
| iv_502 | 3.127715895539498 × 10^296 | 3836 | 82 |
| iv_503 | 4.9535543585328925 × 10^296 | 4002 | 75 |
| iv_504 | 7.693375534098924 × 10^296 | 3875 | 78 |
| iv_506 | 5.8709139029273765 × 10^296 | 3908 | 82 |
| iv_507 | 8.35420370640384 × 10^296 | 4138 | 76 |
| iv_508 | 9.681261977367683 × 10^296 | 4152 | 81 |

### Input Bits Sorted by Complexity

| Input Bit | Complexity | Occurrences | Output Occurrences |
|:---------:|:----------:|:-----------:|:------------------:|
| iv_497 | 1.9815376566230982 × 10^295 | 4096 | 93 |
| iv_499 | 7.002099836390305 × 10^295 | 3897 | 81 |
| iv_500 | 1.17868193617123 × 10^296 | 4062 | 76 |
| iv_501 | 1.9401552283167734 × 10^296 | 4034 | 83 |
| iv_502 | 3.127715895539498 × 10^296 | 3836 | 82 |
| iv_503 | 4.9535543585328925 × 10^296 | 4002 | 75 |
| iv_506 | 5.8709139029273765 × 10^296 | 3908 | 82 |
| iv_504 | 7.693375534098924 × 10^296 | 3875 | 78 |
| iv_507 | 8.35420370640384 × 10^296 | 4138 | 76 |
| iv_508 | 9.681261977367683 × 10^296 | 4152 | 81 |
| iv_498 | 1.213419872386998 × 10^297 | 4182 | 64 |

### Input Bits Sorted by Occurrences

| Input Bit | Complexity | Occurrences | Output Occurrences |
|:---------:|:----------:|:-----------:|:------------------:|
| iv_502 | 3.127715895539498 × 10^296 | 3836 | 82 |
| iv_504 | 7.693375534098924 × 10^296 | 3875 | 78 |
| iv_499 | 7.002099836390305 × 10^295 | 3897 | 81 |
| iv_506 | 5.8709139029273765 × 10^296 | 3908 | 82 |
| iv_503 | 4.9535543585328925 × 10^296 | 4002 | 75 |
| iv_501 | 1.9401552283167734 × 10^296 | 4034 | 83 |
| iv_500 | 1.17868193617123 × 10^296 | 4062 | 76 |
| iv_497 | 1.9815376566230982 × 10^295 | 4096 | 93 |
| iv_507 | 8.35420370640384 × 10^296 | 4138 | 76 |
| iv_508 | 9.681261977367683 × 10^296 | 4152 | 81 |
| iv_498 | 1.213419872386998 × 10^297 | 4182 | 64 |

### Input Bits Sorted by Output Occurrences

| Input Bit | Complexity | Occurrences | Output Occurrences |
|:---------:|:----------:|:-----------:|:------------------:|
| iv_498 | 1.213419872386998 × 10^297 | 4182 | 64 |
| iv_503 | 4.9535543585328925 × 10^296 | 4002 | 75 |
| iv_500 | 1.17868193617123 × 10^296 | 4062 | 76 |
| iv_507 | 8.35420370640384 × 10^296 | 4138 | 76 |
| iv_504 | 7.693375534098924 × 10^296 | 3875 | 78 |
| iv_499 | 7.002099836390305 × 10^295 | 3897 | 81 |
| iv_508 | 9.681261977367683 × 10^296 | 4152 | 81 |
| iv_502 | 3.127715895539498 × 10^296 | 3836 | 82 |
| iv_506 | 5.8709139029273765 × 10^296 | 3908 | 82 |
| iv_501 | 1.9401552283167734 × 10^296 | 4034 | 83 |
| iv_497 | 1.9815376566230982 × 10^295 | 4096 | 93 |

## Input Bit Co-occurrences

### Input Bit Co-occurrences Sorted by Co-occurrences

| Input Bits | Co-occurrences | Potential Occurrences | Output Co-occurrences | Potential Output Occurrences |
|:----------:|:--------------:|:---------------------:|:---------------------:|:----------------------------:|
| iv_497-iv_507 | 2018 | 4198 | 44 | 81 |
| iv_507-iv_508 | 2016 | 4258 | 43 | 71 |
| iv_498-iv_508 | 2007 | 4320 | 31 | 83 |
| iv_497-iv_501 | 1983 | 4164 | 48 | 80 |
| iv_497-iv_498 | 1981 | 4316 | 34 | 89 |
| iv_498-iv_500 | 1980 | 4284 | 30 | 80 |
| iv_497-iv_500 | 1962 | 4234 | 39 | 91 |
| iv_500-iv_508 | 1962 | 4290 | 36 | 85 |
| iv_497-iv_503 | 1960 | 4178 | 46 | 76 |
| iv_500-iv_507 | 1959 | 4282 | 35 | 82 |
| iv_506-iv_507 | 1958 | 4130 | 39 | 80 |

### Input Bit Co-occurrences Sorted by Potential Occurrences

| Input Bits | Co-occurrences | Potential Occurrences | Output Co-occurrences | Potential Output Occurrences |
|:----------:|:--------------:|:---------------------:|:---------------------:|:----------------------------:|
| iv_504-iv_506 | 1845 | 4093 | 42 | 76 |
| iv_499-iv_504 | 1836 | 4100 | 38 | 83 |
| iv_499-iv_501 | 1901 | 4129 | 44 | 76 |
| iv_506-iv_507 | 1958 | 4130 | 39 | 80 |
| iv_497-iv_506 | 1922 | 4160 | 51 | 73 |
| iv_497-iv_501 | 1983 | 4164 | 48 | 80 |
| iv_502-iv_504 | 1773 | 4165 | 42 | 76 |
| iv_497-iv_502 | 1883 | 4166 | 52 | 71 |
| iv_502-iv_506 | 1787 | 4170 | 44 | 76 |
| iv_497-iv_504 | 1900 | 4171 | 50 | 71 |
| iv_500-iv_504 | 1881 | 4175 | 38 | 78 |

### Input Bit Output Co-occurrences Sorted by Output Co-occurrences

| Input Bits | Co-occurrences | Potential Occurrences | Output Co-occurrences | Potential Output Occurrences |
|:----------:|:--------------:|:---------------------:|:---------------------:|:----------------------------:|
| iv_497-iv_502 | 1883 | 4166 | 52 | 71 |
| iv_497-iv_506 | 1922 | 4160 | 51 | 73 |
| iv_497-iv_504 | 1900 | 4171 | 50 | 71 |
| iv_497-iv_501 | 1983 | 4164 | 48 | 80 |
| iv_497-iv_503 | 1960 | 4178 | 46 | 76 |
| iv_497-iv_508 | 1930 | 4388 | 46 | 82 |
| iv_497-iv_499 | 1899 | 4195 | 45 | 84 |
| iv_499-iv_501 | 1901 | 4129 | 44 | 76 |
| iv_501-iv_506 | 1836 | 4270 | 44 | 77 |
| iv_502-iv_506 | 1787 | 4170 | 44 | 76 |
| iv_497-iv_507 | 2018 | 4198 | 44 | 81 |

### Input Bit Output Co-occurrences Sorted by Potential Output Occurrences

| Input Bits | Co-occurrences | Potential Occurrences | Output Co-occurrences | Potential Output Occurrences |
|:----------:|:--------------:|:---------------------:|:---------------------:|:----------------------------:|
| iv_497-iv_504 | 1900 | 4171 | 50 | 71 |
| iv_497-iv_502 | 1883 | 4166 | 52 | 71 |
| iv_507-iv_508 | 2016 | 4258 | 43 | 71 |
| iv_499-iv_500 | 1867 | 4225 | 42 | 73 |
| iv_497-iv_506 | 1922 | 4160 | 51 | 73 |
| iv_498-iv_499 | 1840 | 4399 | 36 | 73 |
| iv_500-iv_503 | 1918 | 4228 | 39 | 73 |
| iv_502-iv_507 | 1872 | 4230 | 42 | 74 |
| iv_502-iv_504 | 1773 | 4165 | 42 | 76 |
| iv_499-iv_501 | 1901 | 4129 | 44 | 76 |
| iv_502-iv_506 | 1787 | 4170 | 44 | 76 |

## Output Bits

### Output Bits in Regular Order

| Rank | Output Bit | Complexity |
|:----:|:----------:|:----------:|
| 1 | ov_001 | 8.930877007048778 × 10^296 |
| 2 | ov_002 | 7.745080539477172 × 10^296 |
| 3 | ov_003 | 6.682827942681576 × 10^296 |
| 4 | ov_004 | 5.7347580666431514 × 10^296 |
| 5 | ov_005 | 4.892020173217106 × 10^296 |
| 6 | ov_006 | 4.146237542215173 × 10^296 |
| 7 | ov_007 | 3.4894757763047538 × 10^296 |
| 8 | ov_008 | 2.914215499408648 × 10^296 |
| 9 | ov_009 | 2.413329108634726 × 10^296 |
| 10 | ov_010 | 1.980061177403384 × 10^296 |
| 11 | ov_011 | 1.6080121028153623 × 10^296 |
| 12 | ov_012 | 1.29112461354848 × 10^296 |
| 13 | ov_013 | 1.0236727773822883 × 10^296 |
| 14 | ov_014 | 8.002531699249127 × 10^295 |
| 15 | ov_015 | 6.15777888339059 × 10^295 |
| 16 | ov_016 | 4.654691159005602 × 10^295 |
| 17 | ov_017 | 3.448549651245312 × 10^295 |
| 18 | ov_018 | 2.497663489999514 × 10^295 |
| 19 | ov_019 | 1.763346516117793 × 10^295 |
| 20 | ov_020 | 1.209900013539605 × 10^295 |
| 21 | ov_021 | 8.046000094320253 × 10^294 |
| 22 | ov_022 | 5.176881537555219 × 10^294 |
| 23 | ov_023 | 3.2236541369438335 × 10^294 |
| 24 | ov_024 | 1.9478792651382312 × 10^294 |
| 25 | ov_025 | 1.140644625086893 × 10^294 |
| 26 | ov_026 | 6.225503563530538 × 10^293 |
| 27 | ov_027 | 3.11273483923244 × 10^293 |
| 28 | ov_028 | 1.3924302429169784 × 10^293 |
| 29 | ov_029 | 5.363932884808953 × 10^292 |
| 30 | ov_030 | 1.6393911788510528 × 10^292 |
| 31 | ov_031 | 3.1967910878779373 × 10^291 |
| 32 | lv_80_m31 | 6.23265042580391 × 10^290 |
| 33 | ov_033 | 7.467796679224891 × 10^291 |
| 34 | ov_034 | 6.475172304581287 × 10^291 |
| 35 | ov_035 | 5.587203269427166 × 10^291 |
| 36 | ov_036 | 4.795379503429323 × 10^291 |
| 37 | ov_037 | 4.0916485860786014 × 10^291 |
| 38 | ov_038 | 3.46838354344581 × 10^291 |
| 39 | ov_039 | 2.918355049988481 × 10^291 |
| 40 | ov_040 | 2.4347076028264445 × 10^291 |
| 41 | ov_041 | 2.0109392622976942 × 10^291 |
| 42 | ov_042 | 1.6438851275454006 × 10^291 |
| 43 | ov_043 | 1.3305446486518312 × 10^291 |
| 44 | ov_044 | 1.0653851060715824 × 10^291 |
| 45 | ov_045 | 8.431746961844742 × 10^290 |
| 46 | ov_046 | 6.589748470436749 × 10^290 |
| 47 | ov_047 | 5.081341515824365 × 10^290 |
| 48 | ov_048 | 3.862836668601634 × 10^290 |
| 49 | ov_049 | 2.8933334733717366 × 10^290 |
| 50 | ov_050 | 2.1346939921725895 × 10^290 |
| 51 | ov_051 | 1.5515236166728193 × 10^290 |
| 52 | ov_052 | 1.1111573928232218 × 10^290 |
| 53 | ov_053 | 7.836503611342502 × 10^289 |
| 54 | ov_054 | 5.41770813657702 × 10^289 |
| 55 | ov_055 | 3.609957318985188 × 10^289 |
| 56 | ov_056 | 2.297403261633917 × 10^289 |
| 57 | ov_057 | 1.3777211802566256 × 10^289 |
| 58 | ov_058 | 7.62102850868295 × 10^288 |
| 59 | ov_059 | 3.752531295933637 × 10^288 |
| 60 | ov_060 | 1.5538833769765686 × 10^288 |
| 61 | ov_061 | 5.423566615384888 × 10^287 |
| 62 | ov_062 | 1.4866210397540773 × 10^287 |
| 63 | ov_063 | 2.8950878675509274 × 10^286 |
| 64 | lv_79_m31 | 5.636729050935927 × 10^285 |
| 65 | ov_065 | 6.695764301679242 × 10^286 |
| 66 | ov_066 | 6.69574286037643 × 10^286 |
| 67 | ov_067 | 6.695737612524506 × 10^286 |
| 68 | ov_068 | 5.780347657252532 × 10^286 |
| 69 | ov_069 | 4.964575751459304 × 10^286 |
| 70 | ov_070 | 4.240301818956817 × 10^286 |
| 71 | ov_071 | 3.599905573751709 × 10^286 |
| 72 | ov_072 | 3.0362326679709066 × 10^286 |
| 73 | ov_073 | 2.5425638290919475 × 10^286 |
| 74 | ov_074 | 2.112586829322639 × 10^286 |
| 75 | ov_075 | 1.7403711358690612 × 10^286 |
| 76 | ov_076 | 1.4203450956461738 × 10^286 |
| 77 | ov_077 | 1.1472755118635141 × 10^286 |
| 78 | ov_078 | 9.162494729920698 × 10^285 |
| 79 | ov_079 | 7.226582970110956 × 10^285 |
| 80 | ov_080 | 5.621834556596234 × 10^285 |
| 81 | ov_081 | 4.307843447819614 × 10^285 |
| 82 | ov_082 | 3.246877678557322 × 10^285 |
| 83 | ov_083 | 2.403790005110072 × 10^285 |
| 84 | ov_084 | 1.7459430436234957 × 10^285 |
| 85 | ov_085 | 1.2431475883696176 × 10^285 |
| 86 | ov_086 | 8.676127993038675 × 10^284 |
| 87 | ov_087 | 5.939069498501699 × 10^284 |
| 88 | ov_088 | 3.989274268907397 × 10^284 |
| 89 | ov_089 | 2.618786755339059 × 10^284 |
| 90 | ov_090 | 1.6425678155019296 × 10^284 |
| 91 | ov_091 | 9.738114480528338 × 10^283 |
| 92 | ov_092 | 5.371000501270766 × 10^283 |
| 93 | ov_093 | 2.683826382588828 × 10^283 |
| 94 | ov_094 | 1.1496414591356466 × 10^283 |
| 95 | aaa_78_28 | 3.550105383719486 × 10^282 |
| 96 | aaa_78_29 | 1.0903115270014974 × 10^282 |
| 97 | ov_097 | 7.201372765533859 × 10^281 |
| 98 | ov_098 | 7.201157474073946 × 10^281 |
| 99 | ov_099 | 7.201088741552597 × 10^281 |
| 100 | ov_100 | 6.480547512147215 × 10^281 |
| 101 | ov_101 | 5.813092539624689 × 10^281 |
| 102 | ov_102 | 5.19582251473058 × 10^281 |
| 103 | ov_103 | 4.626047813196423 × 10^281 |
| 104 | ov_104 | 4.101262620154962 × 10^281 |
| 105 | ov_105 | 3.619119619428224 × 10^281 |
| 106 | ov_106 | 3.177407116960394 × 10^281 |
| 107 | ov_107 | 2.774028472112008 × 10^281 |
| 108 | ov_108 | 2.4069837140457586 × 10^281 |
| 109 | ov_109 | 2.074353223155229 × 10^281 |
| 110 | ov_110 | 1.774283359537695 × 10^281 |
| 111 | ov_111 | 1.5049739220077004 × 10^281 |
| 112 | ov_112 | 1.264667322197549 × 10^281 |
| 113 | ov_113 | 1.0516393589936892 × 10^281 |
| 114 | ov_114 | 8.64191479005152 × 10^280 |
| 115 | ov_115 | 7.0064440903308735 × 10^280 |
| 116 | ov_116 | 5.593330466768339 × 10^280 |
| 117 | ov_117 | 4.3860249531934235 × 10^280 |
| 118 | ov_118 | 3.368051298087819 × 10^280 |
| 119 | ov_119 | 2.522984858722604 × 10^280 |
| 120 | ov_120 | 1.8344368719507278 × 10^280 |
| 121 | ov_121 | 1.2860424584266265 × 10^280 |
| 122 | ov_122 | 8.614517923989507 × 10^279 |
| 123 | ov_123 | 5.443238692608239 × 10^279 |
| 124 | ov_124 | 3.183223030499697 × 10^279 |
| 125 | ov_125 | 1.6711272414655942 × 10^279 |
| 126 | ov_126 | 7.436145250819257 × 10^278 |
| 127 | aaa_77_28 | 2.3734988668540292 × 10^278 |
| 128 | aaa_77_29 | 8.892358359169316 × 10^277 |
| 129 | ov_129 | 8.177976566903373 × 10^277 |
| 130 | ov_130 | 8.177952106208192 × 10^277 |
| 131 | ov_131 | 8.177946198483367 × 10^277 |
| 132 | ov_132 | 7.0778156675566175 × 10^277 |
| 133 | ov_133 | 6.093594889285701 × 10^277 |
| 134 | ov_134 | 5.216508672273568 × 10^277 |
| 135 | ov_135 | 4.438244500284209 × 10^277 |
| 136 | ov_136 | 3.750919286739452 × 10^277 |
| 137 | ov_137 | 3.1470509311218275 × 10^277 |
| 138 | ov_138 | 2.6195342064813283 × 10^277 |
| 139 | ov_139 | 2.1616205308851746 × 10^277 |
| 140 | ov_140 | 1.7669011986791566 × 10^277 |
| 141 | ov_141 | 1.4292936699988606 × 10^277 |
| 142 | ov_142 | 1.1430305392045093 × 10^277 |
| 143 | ov_143 | 9.026508249142291 × 10^276 |
| 144 | ov_144 | 7.029932461540922 × 10^276 |
| 145 | ov_145 | 5.391911708845106 × 10^276 |
| 146 | ov_146 | 4.066689448379969 × 10^276 |
| 147 | ov_147 | 3.01139330234715 × 10^276 |
| 148 | ov_148 | 2.1860180554202238 × 10^276 |
| 149 | ov_149 | 1.553414990202108 × 10^276 |
| 150 | ov_150 | 1.0792855035482482 × 10^276 |
| 151 | ov_151 | 7.321772503892877 × 10^275 |
| 152 | ov_152 | 4.834816028508061 × 10^275 |
| 153 | ov_153 | 3.0743184920600185 × 10^275 |
| 154 | ov_154 | 1.8110193683141172 × 10^275 |
| 155 | ov_155 | 9.373887426299385 × 10^274 |
| 156 | aaa_76_25 | 3.6009445630395737 × 10^274 |
| 157 | aaa_76_26 | 2.078360058063026 × 10^274 |
| 158 | aaa_76_27 | 1.0632432752523586 × 10^274 |
| 159 | aaa_76_28 | 4.13648908996347 × 10^273 |
| 160 | aaa_76_29 | 1.2569635995465352 × 10^273 |

### Output Bits Sorted by Complexity

| Rank | Output Bit | Complexity |
|:----:|:----------:|:----------:|
| 160 | aaa_76_29 | 1.2569635995465352 × 10^273 |
| 159 | aaa_76_28 | 4.13648908996347 × 10^273 |
| 158 | aaa_76_27 | 1.0632432752523586 × 10^274 |
| 157 | aaa_76_26 | 2.078360058063026 × 10^274 |
| 156 | aaa_76_25 | 3.6009445630395737 × 10^274 |
| 155 | ov_155 | 9.373887426299385 × 10^274 |
| 154 | ov_154 | 1.8110193683141172 × 10^275 |
| 153 | ov_153 | 3.0743184920600185 × 10^275 |
| 152 | ov_152 | 4.834816028508061 × 10^275 |
| 151 | ov_151 | 7.321772503892877 × 10^275 |
| 150 | ov_150 | 1.0792855035482482 × 10^276 |
| 149 | ov_149 | 1.553414990202108 × 10^276 |
| 148 | ov_148 | 2.1860180554202238 × 10^276 |
| 147 | ov_147 | 3.01139330234715 × 10^276 |
| 146 | ov_146 | 4.066689448379969 × 10^276 |
| 145 | ov_145 | 5.391911708845106 × 10^276 |
| 144 | ov_144 | 7.029932461540922 × 10^276 |
| 143 | ov_143 | 9.026508249142291 × 10^276 |
| 142 | ov_142 | 1.1430305392045093 × 10^277 |
| 141 | ov_141 | 1.4292936699988606 × 10^277 |
| 140 | ov_140 | 1.7669011986791566 × 10^277 |
| 139 | ov_139 | 2.1616205308851746 × 10^277 |
| 138 | ov_138 | 2.6195342064813283 × 10^277 |
| 137 | ov_137 | 3.1470509311218275 × 10^277 |
| 136 | ov_136 | 3.750919286739452 × 10^277 |
| 135 | ov_135 | 4.438244500284209 × 10^277 |
| 134 | ov_134 | 5.216508672273568 × 10^277 |
| 133 | ov_133 | 6.093594889285701 × 10^277 |
| 132 | ov_132 | 7.0778156675566175 × 10^277 |
| 131 | ov_131 | 8.177946198483367 × 10^277 |
| 130 | ov_130 | 8.177952106208192 × 10^277 |
| 129 | ov_129 | 8.177976566903373 × 10^277 |
| 128 | aaa_77_29 | 8.892358359169316 × 10^277 |
| 127 | aaa_77_28 | 2.3734988668540292 × 10^278 |
| 126 | ov_126 | 7.436145250819257 × 10^278 |
| 125 | ov_125 | 1.6711272414655942 × 10^279 |
| 124 | ov_124 | 3.183223030499697 × 10^279 |
| 123 | ov_123 | 5.443238692608239 × 10^279 |
| 122 | ov_122 | 8.614517923989507 × 10^279 |
| 121 | ov_121 | 1.2860424584266265 × 10^280 |
| 120 | ov_120 | 1.8344368719507278 × 10^280 |
| 119 | ov_119 | 2.522984858722604 × 10^280 |
| 118 | ov_118 | 3.368051298087819 × 10^280 |
| 117 | ov_117 | 4.3860249531934235 × 10^280 |
| 116 | ov_116 | 5.593330466768339 × 10^280 |
| 115 | ov_115 | 7.0064440903308735 × 10^280 |
| 114 | ov_114 | 8.64191479005152 × 10^280 |
| 113 | ov_113 | 1.0516393589936892 × 10^281 |
| 112 | ov_112 | 1.264667322197549 × 10^281 |
| 111 | ov_111 | 1.5049739220077004 × 10^281 |
| 110 | ov_110 | 1.774283359537695 × 10^281 |
| 109 | ov_109 | 2.074353223155229 × 10^281 |
| 108 | ov_108 | 2.4069837140457586 × 10^281 |
| 107 | ov_107 | 2.774028472112008 × 10^281 |
| 106 | ov_106 | 3.177407116960394 × 10^281 |
| 105 | ov_105 | 3.619119619428224 × 10^281 |
| 104 | ov_104 | 4.101262620154962 × 10^281 |
| 103 | ov_103 | 4.626047813196423 × 10^281 |
| 102 | ov_102 | 5.19582251473058 × 10^281 |
| 101 | ov_101 | 5.813092539624689 × 10^281 |
| 100 | ov_100 | 6.480547512147215 × 10^281 |
| 99 | ov_099 | 7.201088741552597 × 10^281 |
| 98 | ov_098 | 7.201157474073946 × 10^281 |
| 97 | ov_097 | 7.201372765533859 × 10^281 |
| 96 | aaa_78_29 | 1.0903115270014974 × 10^282 |
| 95 | aaa_78_28 | 3.550105383719486 × 10^282 |
| 94 | ov_094 | 1.1496414591356466 × 10^283 |
| 93 | ov_093 | 2.683826382588828 × 10^283 |
| 92 | ov_092 | 5.371000501270766 × 10^283 |
| 91 | ov_091 | 9.738114480528338 × 10^283 |
| 90 | ov_090 | 1.6425678155019296 × 10^284 |
| 89 | ov_089 | 2.618786755339059 × 10^284 |
| 88 | ov_088 | 3.989274268907397 × 10^284 |
| 87 | ov_087 | 5.939069498501699 × 10^284 |
| 86 | ov_086 | 8.676127993038675 × 10^284 |
| 85 | ov_085 | 1.2431475883696176 × 10^285 |
| 84 | ov_084 | 1.7459430436234957 × 10^285 |
| 83 | ov_083 | 2.403790005110072 × 10^285 |
| 82 | ov_082 | 3.246877678557322 × 10^285 |
| 81 | ov_081 | 4.307843447819614 × 10^285 |
| 80 | ov_080 | 5.621834556596234 × 10^285 |
| 64 | lv_79_m31 | 5.636729050935927 × 10^285 |
| 79 | ov_079 | 7.226582970110956 × 10^285 |
| 78 | ov_078 | 9.162494729920698 × 10^285 |
| 77 | ov_077 | 1.1472755118635141 × 10^286 |
| 76 | ov_076 | 1.4203450956461738 × 10^286 |
| 75 | ov_075 | 1.7403711358690612 × 10^286 |
| 74 | ov_074 | 2.112586829322639 × 10^286 |
| 73 | ov_073 | 2.5425638290919475 × 10^286 |
| 63 | ov_063 | 2.8950878675509274 × 10^286 |
| 72 | ov_072 | 3.0362326679709066 × 10^286 |
| 71 | ov_071 | 3.599905573751709 × 10^286 |
| 70 | ov_070 | 4.240301818956817 × 10^286 |
| 69 | ov_069 | 4.964575751459304 × 10^286 |
| 68 | ov_068 | 5.780347657252532 × 10^286 |
| 67 | ov_067 | 6.695737612524506 × 10^286 |
| 66 | ov_066 | 6.69574286037643 × 10^286 |
| 65 | ov_065 | 6.695764301679242 × 10^286 |
| 62 | ov_062 | 1.4866210397540773 × 10^287 |
| 61 | ov_061 | 5.423566615384888 × 10^287 |
| 60 | ov_060 | 1.5538833769765686 × 10^288 |
| 59 | ov_059 | 3.752531295933637 × 10^288 |
| 58 | ov_058 | 7.62102850868295 × 10^288 |
| 57 | ov_057 | 1.3777211802566256 × 10^289 |
| 56 | ov_056 | 2.297403261633917 × 10^289 |
| 55 | ov_055 | 3.609957318985188 × 10^289 |
| 54 | ov_054 | 5.41770813657702 × 10^289 |
| 53 | ov_053 | 7.836503611342502 × 10^289 |
| 52 | ov_052 | 1.1111573928232218 × 10^290 |
| 51 | ov_051 | 1.5515236166728193 × 10^290 |
| 50 | ov_050 | 2.1346939921725895 × 10^290 |
| 49 | ov_049 | 2.8933334733717366 × 10^290 |
| 48 | ov_048 | 3.862836668601634 × 10^290 |
| 47 | ov_047 | 5.081341515824365 × 10^290 |
| 32 | lv_80_m31 | 6.23265042580391 × 10^290 |
| 46 | ov_046 | 6.589748470436749 × 10^290 |
| 45 | ov_045 | 8.431746961844742 × 10^290 |
| 44 | ov_044 | 1.0653851060715824 × 10^291 |
| 43 | ov_043 | 1.3305446486518312 × 10^291 |
| 42 | ov_042 | 1.6438851275454006 × 10^291 |
| 41 | ov_041 | 2.0109392622976942 × 10^291 |
| 40 | ov_040 | 2.4347076028264445 × 10^291 |
| 39 | ov_039 | 2.918355049988481 × 10^291 |
| 31 | ov_031 | 3.1967910878779373 × 10^291 |
| 38 | ov_038 | 3.46838354344581 × 10^291 |
| 37 | ov_037 | 4.0916485860786014 × 10^291 |
| 36 | ov_036 | 4.795379503429323 × 10^291 |
| 35 | ov_035 | 5.587203269427166 × 10^291 |
| 34 | ov_034 | 6.475172304581287 × 10^291 |
| 33 | ov_033 | 7.467796679224891 × 10^291 |
| 30 | ov_030 | 1.6393911788510528 × 10^292 |
| 29 | ov_029 | 5.363932884808953 × 10^292 |
| 28 | ov_028 | 1.3924302429169784 × 10^293 |
| 27 | ov_027 | 3.11273483923244 × 10^293 |
| 26 | ov_026 | 6.225503563530538 × 10^293 |
| 25 | ov_025 | 1.140644625086893 × 10^294 |
| 24 | ov_024 | 1.9478792651382312 × 10^294 |
| 23 | ov_023 | 3.2236541369438335 × 10^294 |
| 22 | ov_022 | 5.176881537555219 × 10^294 |
| 21 | ov_021 | 8.046000094320253 × 10^294 |
| 20 | ov_020 | 1.209900013539605 × 10^295 |
| 19 | ov_019 | 1.763346516117793 × 10^295 |
| 18 | ov_018 | 2.497663489999514 × 10^295 |
| 17 | ov_017 | 3.448549651245312 × 10^295 |
| 16 | ov_016 | 4.654691159005602 × 10^295 |
| 15 | ov_015 | 6.15777888339059 × 10^295 |
| 14 | ov_014 | 8.002531699249127 × 10^295 |
| 13 | ov_013 | 1.0236727773822883 × 10^296 |
| 12 | ov_012 | 1.29112461354848 × 10^296 |
| 11 | ov_011 | 1.6080121028153623 × 10^296 |
| 10 | ov_010 | 1.980061177403384 × 10^296 |
| 9 | ov_009 | 2.413329108634726 × 10^296 |
| 8 | ov_008 | 2.914215499408648 × 10^296 |
| 7 | ov_007 | 3.4894757763047538 × 10^296 |
| 6 | ov_006 | 4.146237542215173 × 10^296 |
| 5 | ov_005 | 4.892020173217106 × 10^296 |
| 4 | ov_004 | 5.7347580666431514 × 10^296 |
| 3 | ov_003 | 6.682827942681576 × 10^296 |
| 2 | ov_002 | 7.745080539477172 × 10^296 |
| 1 | ov_001 | 8.930877007048778 × 10^296 |

