# Results for F001-F002-F003-F004-F005-F006-F007-F008-F009-F010-F011-F012-F013-F014-F015-F016-F017-F018-F019-F020-F021-F022-F023-F024-F025-F026-F027-F028-F029-F030-F031-F032-F033-F034-F035-F036-F037-F038-F039-F040-F041-F042-F043-F044-F045-F046-F047-F048-F049-F050-F051-F052-F053-F054-F055-F056-F057-F058-F059-F060-F061-F062-F063-F064-F065-F066-F067-F068-F069-F070-F071-F072-F073-F074-F075-F076-F077-F078-F079-F080-F081-F082-F083-F084-F085-F086-F087-F088-F089-F090-F091-F092-F093-F094-F095-F096-F097-F098-F099-F100-F101-F102-F103-F104-F105-F106-F107-F108-F109-F110-F111-F112-F113-F114-F115-F116-F117-F118-F119-F120-F121-F122-F123-F124-F125-F126-F127-F128-F129-F130-F131-F132-F133-F134-F135-F136-F137-F138-F139-F140-F141-F142-F143-F144-F145-F146-F147-F148-F149-F150-F151-F152-F153-F154-F155-F156-F157-F158-F159-F160-F161-F162-F163-F164-F165-F166-F167-F168-F169-F170-F171-F172-F173-F174-F175-F176-F177-F178-F179-F180-F181-F182-F183-F184-F185-F186-F187-F188-F189-F190-F191-F192-F193-F194-F195-F196-F197-F198-F199-F200-F201-F202-F203-F204-F205-F206-F207-F208-F209-F210-F211-F212-F213-F214-F215-F216-F217-F218-F219-F220-F221-F222-F223-F224-F225-F226-F227-F228-F229-F230-F231-F232-F233-F234-F235-F236-F237-F238-F239-F240-F241-F242-F243-F244-F245-F246-F247-F248-F249-F250-F251-F252-F253-F254-F255-F256-F257-F258-F259-F260-F261-F262-F263-F264-F265-F266-F267-F268-F269-F270-F271-F272-F273-F274-F275-F276-F277-F278-F279-F280-F281-F282-F283-F284-F285-F286-F287-F288-F289-F290-F291-F292-F293-F294-F295-F296-F297-F298-F299-F300-F301-F302-F303-F304-F305-F306-F307-F308-F309-F310-F311-F312-F313-F314-F315-F316-F317-F318-F319-F320-F321-F322-F323-F324-F325-F326-F327-F328-F329-F330-F331-F332-F333-F334-F335-F336-F337-F338-F339-F340-F341-F342-F343-F344-F345-F346-F347-F348-F349-F350-F351-F352-F353-F354-F355-F356-F357-F358-F359-F360-F361-F362-F363-F364-F365-F366-F367-F368-F369-F370-F371-F372-F373-F374-F375-F376-F377-F378-F379-F380-F381-F382-F383-F384-F385-F386-F387-F388-F389-F390-F391-F392-F393-F394-F395-F396-F397-F398-F399-F400-F401-F402-F403-F404-F405-F406-F407-F408-F409-F410-F411-F412-F413-F414-F415-F416-F417-F418-F419-F420-F421-F422-F423-F424-F425-F426-F427-F428-F429-F430-F431-F432-F433-F434-F435-F436-F437-F438-F439-F440-F441-F442-F443-F444-F445-F446-F447-F448-F449-F450-F451-F452-F453-F454-F455-F456-F457-F458-F459-F460-F461-F462-F463-F464-F465-F466-F467-F468-F469-F470-F471-F472-F473-F474-F475-F476-F477-F478-F479-F480-F481-F482-F483-F484-F485-F486-F487-F488-F489-F490-F491-F492-F493-F494-F495-F496-O497501-F508-F509-F510-F512

## Summary

Number of input bits: 512  
Number of free input bits: 11  
Number of output bits: 160

Number of direct occurrences: 45145  
Number of assignments: 31435  
Number of operations: 11275467
(xor: 11247070,
and: 15057,
or: 13340)

Total complexity: 6.923667938375325 × 10^300

Least occurring input variable: iv_502 (3902)  
Most occurring input variable: iv_511 (4375)

Most co-occurring input variables: iv_500-iv_511 (2113)  
Least co-occurring input variables: iv_498-iv_502 (1779)

Potentially most occurring input variable: iv_497/iv_499 (4577)  
Potentially least occurring input variable: iv_499/iv_505 (4188)

Least output occurring input variable: iv_497 (67)  
Most output occurring input variable: iv_499 (90)

Most output co-occurring input variables: iv_499-iv_500 (52)  
Least output co-occurring input variables: iv_498-iv_505 (32)

Potentially most output occurring input variable: iv_498/iv_505 (94)  
Potentially least output occurring input variable: iv_500/iv_504 (68)

Least complex input bit: iv_511 (2.484312548186594 × 10^295)  
Most complex input bit: iv_505 (2.0152646494385995 × 10^300)

Least complex output bit: aaa_76_29 (5.405052251044211 × 10^275)  
Most complex output bit: ov_001 (1.0823971697679728 × 10^300)

Least complex input/output complexity: iv_511/aaa_76_29 (1.9394111979934504 × 10^270)  
Most complex input/output complexity: iv_505/ov_001 (3.1505219087639327 × 10^299)

## Input Bits

### Input Bits in Regular Order

| Input Bit | Complexity | Occurrences | Output Occurrences |
|:---------:|:----------:|:-----------:|:------------------:|
| iv_497 | 4.329890553756826 × 10^299 | 4316 | 67 |
| iv_498 | 8.013473982824342 × 10^298 | 3986 | 78 |
| iv_499 | 1.4163907928547396 × 10^299 | 3999 | 90 |
| iv_500 | 2.3883586361608506 × 10^299 | 4179 | 87 |
| iv_502 | 6.344083398104489 × 10^299 | 3902 | 84 |
| iv_503 | 1.0056020626124361 × 10^300 | 4097 | 79 |
| iv_504 | 1.5641323820469076 × 10^300 | 3987 | 77 |
| iv_505 | 2.0152646494385995 × 10^300 | 4027 | 80 |
| iv_506 | 3.7397258968530747 × 10^299 | 4098 | 76 |
| iv_507 | 4.366643335506556 × 10^299 | 4179 | 87 |
| iv_511 | 2.484312548186594 × 10^295 | 4375 | 84 |

### Input Bits Sorted by Complexity

| Input Bit | Complexity | Occurrences | Output Occurrences |
|:---------:|:----------:|:-----------:|:------------------:|
| iv_511 | 2.484312548186594 × 10^295 | 4375 | 84 |
| iv_498 | 8.013473982824342 × 10^298 | 3986 | 78 |
| iv_499 | 1.4163907928547396 × 10^299 | 3999 | 90 |
| iv_500 | 2.3883586361608506 × 10^299 | 4179 | 87 |
| iv_506 | 3.7397258968530747 × 10^299 | 4098 | 76 |
| iv_497 | 4.329890553756826 × 10^299 | 4316 | 67 |
| iv_507 | 4.366643335506556 × 10^299 | 4179 | 87 |
| iv_502 | 6.344083398104489 × 10^299 | 3902 | 84 |
| iv_503 | 1.0056020626124361 × 10^300 | 4097 | 79 |
| iv_504 | 1.5641323820469076 × 10^300 | 3987 | 77 |
| iv_505 | 2.0152646494385995 × 10^300 | 4027 | 80 |

### Input Bits Sorted by Occurrences

| Input Bit | Complexity | Occurrences | Output Occurrences |
|:---------:|:----------:|:-----------:|:------------------:|
| iv_502 | 6.344083398104489 × 10^299 | 3902 | 84 |
| iv_498 | 8.013473982824342 × 10^298 | 3986 | 78 |
| iv_504 | 1.5641323820469076 × 10^300 | 3987 | 77 |
| iv_499 | 1.4163907928547396 × 10^299 | 3999 | 90 |
| iv_505 | 2.0152646494385995 × 10^300 | 4027 | 80 |
| iv_503 | 1.0056020626124361 × 10^300 | 4097 | 79 |
| iv_506 | 3.7397258968530747 × 10^299 | 4098 | 76 |
| iv_500 | 2.3883586361608506 × 10^299 | 4179 | 87 |
| iv_507 | 4.366643335506556 × 10^299 | 4179 | 87 |
| iv_497 | 4.329890553756826 × 10^299 | 4316 | 67 |
| iv_511 | 2.484312548186594 × 10^295 | 4375 | 84 |

### Input Bits Sorted by Output Occurrences

| Input Bit | Complexity | Occurrences | Output Occurrences |
|:---------:|:----------:|:-----------:|:------------------:|
| iv_497 | 4.329890553756826 × 10^299 | 4316 | 67 |
| iv_506 | 3.7397258968530747 × 10^299 | 4098 | 76 |
| iv_504 | 1.5641323820469076 × 10^300 | 3987 | 77 |
| iv_498 | 8.013473982824342 × 10^298 | 3986 | 78 |
| iv_503 | 1.0056020626124361 × 10^300 | 4097 | 79 |
| iv_505 | 2.0152646494385995 × 10^300 | 4027 | 80 |
| iv_511 | 2.484312548186594 × 10^295 | 4375 | 84 |
| iv_502 | 6.344083398104489 × 10^299 | 3902 | 84 |
| iv_500 | 2.3883586361608506 × 10^299 | 4179 | 87 |
| iv_507 | 4.366643335506556 × 10^299 | 4179 | 87 |
| iv_499 | 1.4163907928547396 × 10^299 | 3999 | 90 |

## Input Bit Co-occurrences

### Input Bit Co-occurrences Sorted by Co-occurrences

| Input Bits | Co-occurrences | Potential Occurrences | Output Co-occurrences | Potential Output Occurrences |
|:----------:|:--------------:|:---------------------:|:---------------------:|:----------------------------:|
| iv_500-iv_511 | 2113 | 4328 | 48 | 75 |
| iv_497-iv_511 | 2088 | 4515 | 35 | 81 |
| iv_506-iv_511 | 2052 | 4369 | 41 | 78 |
| iv_507-iv_511 | 2052 | 4450 | 43 | 85 |
| iv_497-iv_507 | 2046 | 4403 | 37 | 80 |
| iv_503-iv_511 | 2046 | 4380 | 41 | 81 |
| iv_497-iv_500 | 2042 | 4411 | 37 | 80 |
| iv_500-iv_503 | 2007 | 4262 | 42 | 82 |
| iv_497-iv_503 | 2003 | 4407 | 35 | 76 |
| iv_500-iv_507 | 1995 | 4368 | 45 | 84 |
| iv_500-iv_506 | 1994 | 4289 | 42 | 79 |

### Input Bit Co-occurrences Sorted by Potential Occurrences

| Input Bits | Co-occurrences | Potential Occurrences | Output Co-occurrences | Potential Output Occurrences |
|:----------:|:--------------:|:---------------------:|:---------------------:|:----------------------------:|
| iv_499-iv_505 | 1919 | 4188 | 41 | 88 |
| iv_500-iv_504 | 1986 | 4194 | 48 | 68 |
| iv_499-iv_504 | 1888 | 4210 | 41 | 85 |
| iv_498-iv_504 | 1866 | 4241 | 37 | 81 |
| iv_503-iv_505 | 1941 | 4242 | 43 | 73 |
| iv_499-iv_502 | 1826 | 4249 | 50 | 74 |
| iv_504-iv_505 | 1882 | 4250 | 40 | 77 |
| iv_504-iv_506 | 1917 | 4251 | 38 | 77 |
| iv_498-iv_499 | 1864 | 4257 | 49 | 70 |
| iv_502-iv_506 | 1871 | 4258 | 42 | 76 |
| iv_499-iv_503 | 1918 | 4260 | 45 | 79 |

### Input Bit Output Co-occurrences Sorted by Output Co-occurrences

| Input Bits | Co-occurrences | Potential Occurrences | Output Co-occurrences | Potential Output Occurrences |
|:----------:|:--------------:|:---------------------:|:---------------------:|:----------------------------:|
| iv_499-iv_500 | 1933 | 4312 | 52 | 73 |
| iv_499-iv_502 | 1826 | 4249 | 50 | 74 |
| iv_498-iv_499 | 1864 | 4257 | 49 | 70 |
| iv_500-iv_504 | 1986 | 4194 | 48 | 68 |
| iv_500-iv_511 | 2113 | 4328 | 48 | 75 |
| iv_502-iv_511 | 1928 | 4421 | 48 | 72 |
| iv_499-iv_507 | 1932 | 4314 | 47 | 83 |
| iv_503-iv_507 | 1961 | 4354 | 47 | 72 |
| iv_502-iv_507 | 1873 | 4335 | 47 | 77 |
| iv_499-iv_511 | 1941 | 4492 | 46 | 82 |
| iv_499-iv_503 | 1918 | 4260 | 45 | 79 |

### Input Bit Output Co-occurrences Sorted by Potential Output Occurrences

| Input Bits | Co-occurrences | Potential Occurrences | Output Co-occurrences | Potential Output Occurrences |
|:----------:|:--------------:|:---------------------:|:---------------------:|:----------------------------:|
| iv_500-iv_504 | 1986 | 4194 | 48 | 68 |
| iv_498-iv_499 | 1864 | 4257 | 49 | 70 |
| iv_498-iv_506 | 1891 | 4302 | 42 | 70 |
| iv_497-iv_505 | 1958 | 4427 | 38 | 71 |
| iv_503-iv_507 | 1961 | 4354 | 47 | 72 |
| iv_502-iv_511 | 1928 | 4421 | 48 | 72 |
| iv_499-iv_500 | 1933 | 4312 | 52 | 73 |
| iv_503-iv_505 | 1941 | 4242 | 43 | 73 |
| iv_499-iv_502 | 1826 | 4249 | 50 | 74 |
| iv_498-iv_503 | 1866 | 4351 | 41 | 75 |
| iv_500-iv_511 | 2113 | 4328 | 48 | 75 |

## Output Bits

### Output Bits in Regular Order

| Rank | Output Bit | Complexity |
|:----:|:----------:|:----------:|
| 1 | ov_001 | 1.0823971697679728 × 10^300 |
| 2 | ov_002 | 9.41873944146744 × 10^299 |
| 3 | ov_003 | 8.15712537220165 × 10^299 |
| 4 | ov_004 | 7.02836528993172 × 10^299 |
| 5 | ov_005 | 6.0222850504997935 × 10^299 |
| 6 | ov_006 | 5.1292582481211755 × 10^299 |
| 7 | ov_007 | 4.3401693305716 × 10^299 |
| 8 | ov_008 | 3.646381825846958 × 10^299 |
| 9 | ov_009 | 3.0397112815189005 × 10^299 |
| 10 | ov_010 | 2.5124024449937076 × 10^299 |
| 11 | ov_011 | 2.0571102075683804 × 10^299 |
| 12 | ov_012 | 1.6668838625285055 × 10^299 |
| 13 | ov_013 | 1.3351542543466258 × 10^299 |
| 14 | ov_014 | 1.055723422437421 × 10^299 |
| 15 | ov_015 | 8.227563690059558 × 10^298 |
| 16 | ov_016 | 6.307746063670673 × 10^298 |
| 17 | ov_017 | 4.746511647806849 × 10^298 |
| 18 | ov_018 | 3.496067673885388 × 10^298 |
| 19 | ov_019 | 2.5120691786561347 × 10^298 |
| 20 | ov_020 | 1.7535971093574392 × 10^298 |
| 21 | ov_021 | 1.183142356513695 × 10^298 |
| 22 | ov_022 | 7.665946034346581 × 10^297 |
| 23 | ov_023 | 4.732348316036222 × 10^297 |
| 24 | ov_024 | 2.7573044774861662 × 10^297 |
| 25 | ov_025 | 1.501323015008457 × 10^297 |
| 26 | ov_026 | 7.58730513405799 × 10^296 |
| 27 | ov_027 | 3.5766395576441105 × 10^296 |
| 28 | ov_028 | 1.6006769049843337 × 10^296 |
| 29 | ov_029 | 6.169245485052722 × 10^295 |
| 30 | ov_030 | 1.8865163929311434 × 10^295 |
| 31 | ov_031 | 3.6810634794563895 × 10^294 |
| 32 | lv_80_m31 | 7.181773952250254 × 10^293 |
| 33 | ov_033 | 8.634728586090767 × 10^294 |
| 34 | ov_034 | 7.500007124155558 × 10^294 |
| 35 | ov_035 | 6.483904252307479 × 10^294 |
| 36 | ov_036 | 5.576409835788765 × 10^294 |
| 37 | ov_037 | 4.7680559374032854 × 10^294 |
| 38 | ov_038 | 4.0498785421326904 × 10^294 |
| 39 | ov_039 | 3.41338442943376 × 10^294 |
| 40 | ov_040 | 2.8505227047937118 × 10^294 |
| 41 | ov_041 | 2.357375220252801 × 10^294 |
| 42 | ov_042 | 1.9302272832337545 × 10^294 |
| 43 | ov_043 | 1.5655582861811232 × 10^294 |
| 44 | ov_044 | 1.2568794596248479 × 10^294 |
| 45 | ov_045 | 9.980565695025836 × 10^293 |
| 46 | ov_046 | 7.833005407212329 × 10^293 |
| 47 | ov_047 | 6.071600079997088 × 10^293 |
| 48 | ov_048 | 4.64515497032358 × 10^293 |
| 49 | ov_049 | 3.5057496154292123 × 10^293 |
| 50 | ov_050 | 2.608704241724932 × 10^293 |
| 51 | ov_051 | 1.9125549139739866 × 10^293 |
| 52 | ov_052 | 1.3790354505175873 × 10^293 |
| 53 | ov_053 | 9.730646440188158 × 10^292 |
| 54 | ov_054 | 6.627377245297284 × 10^292 |
| 55 | ov_055 | 4.328955842398108 × 10^292 |
| 56 | ov_056 | 2.6996365644736276 × 10^292 |
| 57 | ov_057 | 1.6195072266187306 × 10^292 |
| 58 | ov_058 | 8.962200871666763 × 10^291 |
| 59 | ov_059 | 4.415128792298991 × 10^291 |
| 60 | ov_060 | 1.8294496326995503 × 10^291 |
| 61 | ov_061 | 6.3896760251365535 × 10^290 |
| 62 | ov_062 | 1.7526005476662274 × 10^290 |
| 63 | ov_063 | 3.415448122316768 × 10^289 |
| 64 | lv_79_m31 | 6.654454375753148 × 10^288 |
| 65 | ov_065 | 7.932151762097373 × 10^289 |
| 66 | ov_066 | 7.932132349338855 × 10^289 |
| 67 | ov_067 | 7.932127788897097 × 10^289 |
| 68 | ov_068 | 6.866305183918263 × 10^289 |
| 69 | ov_069 | 5.912842032319265 × 10^289 |
| 70 | ov_070 | 5.063296795257103 × 10^289 |
| 71 | ov_071 | 4.3096301416454883 × 10^289 |
| 72 | ov_072 | 3.6441847037720093 × 10^289 |
| 73 | ov_073 | 3.059669102688192 × 10^289 |
| 74 | ov_074 | 2.5491449461028373 × 10^289 |
| 75 | ov_075 | 2.1060157034735593 × 10^289 |
| 76 | ov_076 | 1.7240168214496413 × 10^289 |
| 77 | ov_077 | 1.3972068763215771 × 10^289 |
| 78 | ov_078 | 1.1199597027483872 × 10^289 |
| 79 | ov_079 | 8.869574391276594 × 10^288 |
| 80 | ov_080 | 6.931844308198884 × 10^288 |
| 81 | ov_081 | 5.3392193308312996 × 10^288 |
| 82 | ov_082 | 4.04743556056779 × 10^288 |
| 83 | ov_083 | 3.0151139448896315 × 10^288 |
| 84 | ov_084 | 2.203727851572837 × 10^288 |
| 85 | ov_085 | 1.577576351082837 × 10^288 |
| 86 | ov_086 | 1.1037626395610024 × 10^288 |
| 87 | ov_087 | 7.521770355322088 × 10^287 |
| 88 | ov_088 | 4.954839839043705 × 10^287 |
| 89 | ov_089 | 3.0911250108677345 × 10^287 |
| 90 | ov_090 | 1.8146724117904956 × 10^287 |
| 91 | ov_091 | 1.0233045819210999 × 10^287 |
| 92 | ov_092 | 5.539347952985606 × 10^286 |
| 93 | ov_093 | 2.7097123000976115 × 10^286 |
| 94 | ov_094 | 1.134905412513577 × 10^286 |
| 95 | aaa_78_28 | 3.431262196016243 × 10^285 |
| 96 | aaa_78_29 | 1.0195421395298801 × 10^285 |
| 97 | ov_097 | 5.735614531307968 × 10^284 |
| 98 | ov_098 | 5.735521153696235 × 10^284 |
| 99 | ov_099 | 5.7354913323720384 × 10^284 |
| 100 | ov_100 | 4.682385173190077 × 10^284 |
| 101 | ov_101 | 3.811931910418877 × 10^284 |
| 102 | ov_102 | 3.10104389743218 × 10^284 |
| 103 | ov_103 | 2.527900574557728 × 10^284 |
| 104 | ov_104 | 2.0718563983505182 × 10^284 |
| 105 | ov_105 | 1.7133607664251887 × 10^284 |
| 106 | ov_106 | 1.4338888358893965 × 10^284 |
| 107 | ov_107 | 1.215882190569918 × 10^284 |
| 108 | ov_108 | 1.042698367299672 × 10^284 |
| 109 | ov_109 | 8.985683049380593 × 10^283 |
| 110 | ov_110 | 7.685608318743951 × 10^283 |
| 111 | ov_111 | 6.518912506730923 × 10^283 |
| 112 | ov_112 | 5.47794059688124 × 10^283 |
| 113 | ov_113 | 4.555189479539214 × 10^283 |
| 114 | ov_114 | 3.7432742506621345 × 10^283 |
| 115 | ov_115 | 3.0349003725510485 × 10^283 |
| 116 | ov_116 | 2.4228412097675733 × 10^283 |
| 117 | ov_117 | 1.8999204542835826 × 10^283 |
| 118 | ov_118 | 1.4589984948955596 × 10^283 |
| 119 | ov_119 | 1.0929613873423513 × 10^283 |
| 120 | ov_120 | 7.947120006980748 × 10^282 |
| 121 | ov_121 | 5.571637134320567 × 10^282 |
| 122 | ov_122 | 3.7323635605491845 × 10^282 |
| 123 | ov_123 | 2.3585354200560238 × 10^282 |
| 124 | ov_124 | 1.3794086668915798 × 10^282 |
| 125 | ov_125 | 7.242479140126322 × 10^281 |
| 126 | ov_126 | 3.2232073813246175 × 10^281 |
| 127 | aaa_77_28 | 1.0289549271606474 × 10^281 |
| 128 | aaa_77_29 | 3.8559141227026926 × 10^280 |
| 129 | ov_129 | 3.5693063265963993 × 10^280 |
| 130 | ov_130 | 3.5692957984432517 × 10^280 |
| 131 | ov_131 | 3.569293252628181 × 10^280 |
| 132 | ov_132 | 3.093362008145875 × 10^280 |
| 133 | ov_133 | 2.667349395056315 × 10^280 |
| 134 | ov_134 | 2.287462891363384 × 10^280 |
| 135 | ov_135 | 1.9501132580252807 × 10^280 |
| 136 | ov_136 | 1.6519000160365763 × 10^280 |
| 137 | ov_137 | 1.3895989327445652 × 10^280 |
| 138 | ov_138 | 1.1601513256499825 × 10^280 |
| 139 | ov_139 | 9.606550017593308 × 10^279 |
| 140 | ov_140 | 7.88356660083433 × 10^279 |
| 141 | ov_141 | 6.406455941785065 × 10^279 |
| 142 | ov_142 | 5.1504854075594 × 10^279 |
| 143 | ov_143 | 4.092255293893788 × 10^279 |
| 144 | ov_144 | 3.209665972583067 × 10^279 |
| 145 | ov_145 | 2.4818924171348481 × 10^279 |
| 146 | ov_146 | 1.8893649225174948 × 10^279 |
| 147 | ov_147 | 1.4137549226027608 × 10^279 |
| 148 | ov_148 | 1.0379648964364965 × 10^279 |
| 149 | ov_149 | 7.461214418788098 × 10^278 |
| 150 | ov_150 | 5.235706824838631 × 10^278 |
| 151 | ov_151 | 3.568752965401287 × 10^278 |
| 152 | ov_152 | 2.3381264630487527 × 10^278 |
| 153 | ov_153 | 1.4337365820745484 × 10^278 |
| 154 | ov_154 | 8.035708452290411 × 10^277 |
| 155 | ov_155 | 4.0168028948003427 × 10^277 |
| 156 | aaa_76_25 | 1.543530799660275 × 10^277 |
| 157 | aaa_76_26 | 8.914293598413471 × 10^276 |
| 158 | aaa_76_27 | 4.563576004768675 × 10^276 |
| 159 | aaa_76_28 | 1.7770566069916642 × 10^276 |
| 160 | aaa_76_29 | 5.405052251044211 × 10^275 |

### Output Bits Sorted by Complexity

| Rank | Output Bit | Complexity |
|:----:|:----------:|:----------:|
| 160 | aaa_76_29 | 5.405052251044211 × 10^275 |
| 159 | aaa_76_28 | 1.7770566069916642 × 10^276 |
| 158 | aaa_76_27 | 4.563576004768675 × 10^276 |
| 157 | aaa_76_26 | 8.914293598413471 × 10^276 |
| 156 | aaa_76_25 | 1.543530799660275 × 10^277 |
| 155 | ov_155 | 4.0168028948003427 × 10^277 |
| 154 | ov_154 | 8.035708452290411 × 10^277 |
| 153 | ov_153 | 1.4337365820745484 × 10^278 |
| 152 | ov_152 | 2.3381264630487527 × 10^278 |
| 151 | ov_151 | 3.568752965401287 × 10^278 |
| 150 | ov_150 | 5.235706824838631 × 10^278 |
| 149 | ov_149 | 7.461214418788098 × 10^278 |
| 148 | ov_148 | 1.0379648964364965 × 10^279 |
| 147 | ov_147 | 1.4137549226027608 × 10^279 |
| 146 | ov_146 | 1.8893649225174948 × 10^279 |
| 145 | ov_145 | 2.4818924171348481 × 10^279 |
| 144 | ov_144 | 3.209665972583067 × 10^279 |
| 143 | ov_143 | 4.092255293893788 × 10^279 |
| 142 | ov_142 | 5.1504854075594 × 10^279 |
| 141 | ov_141 | 6.406455941785065 × 10^279 |
| 140 | ov_140 | 7.88356660083433 × 10^279 |
| 139 | ov_139 | 9.606550017593308 × 10^279 |
| 138 | ov_138 | 1.1601513256499825 × 10^280 |
| 137 | ov_137 | 1.3895989327445652 × 10^280 |
| 136 | ov_136 | 1.6519000160365763 × 10^280 |
| 135 | ov_135 | 1.9501132580252807 × 10^280 |
| 134 | ov_134 | 2.287462891363384 × 10^280 |
| 133 | ov_133 | 2.667349395056315 × 10^280 |
| 132 | ov_132 | 3.093362008145875 × 10^280 |
| 131 | ov_131 | 3.569293252628181 × 10^280 |
| 130 | ov_130 | 3.5692957984432517 × 10^280 |
| 129 | ov_129 | 3.5693063265963993 × 10^280 |
| 128 | aaa_77_29 | 3.8559141227026926 × 10^280 |
| 127 | aaa_77_28 | 1.0289549271606474 × 10^281 |
| 126 | ov_126 | 3.2232073813246175 × 10^281 |
| 125 | ov_125 | 7.242479140126322 × 10^281 |
| 124 | ov_124 | 1.3794086668915798 × 10^282 |
| 123 | ov_123 | 2.3585354200560238 × 10^282 |
| 122 | ov_122 | 3.7323635605491845 × 10^282 |
| 121 | ov_121 | 5.571637134320567 × 10^282 |
| 120 | ov_120 | 7.947120006980748 × 10^282 |
| 119 | ov_119 | 1.0929613873423513 × 10^283 |
| 118 | ov_118 | 1.4589984948955596 × 10^283 |
| 117 | ov_117 | 1.8999204542835826 × 10^283 |
| 116 | ov_116 | 2.4228412097675733 × 10^283 |
| 115 | ov_115 | 3.0349003725510485 × 10^283 |
| 114 | ov_114 | 3.7432742506621345 × 10^283 |
| 113 | ov_113 | 4.555189479539214 × 10^283 |
| 112 | ov_112 | 5.47794059688124 × 10^283 |
| 111 | ov_111 | 6.518912506730923 × 10^283 |
| 110 | ov_110 | 7.685608318743951 × 10^283 |
| 109 | ov_109 | 8.985683049380593 × 10^283 |
| 108 | ov_108 | 1.042698367299672 × 10^284 |
| 107 | ov_107 | 1.215882190569918 × 10^284 |
| 106 | ov_106 | 1.4338888358893965 × 10^284 |
| 105 | ov_105 | 1.7133607664251887 × 10^284 |
| 104 | ov_104 | 2.0718563983505182 × 10^284 |
| 103 | ov_103 | 2.527900574557728 × 10^284 |
| 102 | ov_102 | 3.10104389743218 × 10^284 |
| 101 | ov_101 | 3.811931910418877 × 10^284 |
| 100 | ov_100 | 4.682385173190077 × 10^284 |
| 99 | ov_099 | 5.7354913323720384 × 10^284 |
| 98 | ov_098 | 5.735521153696235 × 10^284 |
| 97 | ov_097 | 5.735614531307968 × 10^284 |
| 96 | aaa_78_29 | 1.0195421395298801 × 10^285 |
| 95 | aaa_78_28 | 3.431262196016243 × 10^285 |
| 94 | ov_094 | 1.134905412513577 × 10^286 |
| 93 | ov_093 | 2.7097123000976115 × 10^286 |
| 92 | ov_092 | 5.539347952985606 × 10^286 |
| 91 | ov_091 | 1.0233045819210999 × 10^287 |
| 90 | ov_090 | 1.8146724117904956 × 10^287 |
| 89 | ov_089 | 3.0911250108677345 × 10^287 |
| 88 | ov_088 | 4.954839839043705 × 10^287 |
| 87 | ov_087 | 7.521770355322088 × 10^287 |
| 86 | ov_086 | 1.1037626395610024 × 10^288 |
| 85 | ov_085 | 1.577576351082837 × 10^288 |
| 84 | ov_084 | 2.203727851572837 × 10^288 |
| 83 | ov_083 | 3.0151139448896315 × 10^288 |
| 82 | ov_082 | 4.04743556056779 × 10^288 |
| 81 | ov_081 | 5.3392193308312996 × 10^288 |
| 64 | lv_79_m31 | 6.654454375753148 × 10^288 |
| 80 | ov_080 | 6.931844308198884 × 10^288 |
| 79 | ov_079 | 8.869574391276594 × 10^288 |
| 78 | ov_078 | 1.1199597027483872 × 10^289 |
| 77 | ov_077 | 1.3972068763215771 × 10^289 |
| 76 | ov_076 | 1.7240168214496413 × 10^289 |
| 75 | ov_075 | 2.1060157034735593 × 10^289 |
| 74 | ov_074 | 2.5491449461028373 × 10^289 |
| 73 | ov_073 | 3.059669102688192 × 10^289 |
| 63 | ov_063 | 3.415448122316768 × 10^289 |
| 72 | ov_072 | 3.6441847037720093 × 10^289 |
| 71 | ov_071 | 4.3096301416454883 × 10^289 |
| 70 | ov_070 | 5.063296795257103 × 10^289 |
| 69 | ov_069 | 5.912842032319265 × 10^289 |
| 68 | ov_068 | 6.866305183918263 × 10^289 |
| 67 | ov_067 | 7.932127788897097 × 10^289 |
| 66 | ov_066 | 7.932132349338855 × 10^289 |
| 65 | ov_065 | 7.932151762097373 × 10^289 |
| 62 | ov_062 | 1.7526005476662274 × 10^290 |
| 61 | ov_061 | 6.3896760251365535 × 10^290 |
| 60 | ov_060 | 1.8294496326995503 × 10^291 |
| 59 | ov_059 | 4.415128792298991 × 10^291 |
| 58 | ov_058 | 8.962200871666763 × 10^291 |
| 57 | ov_057 | 1.6195072266187306 × 10^292 |
| 56 | ov_056 | 2.6996365644736276 × 10^292 |
| 55 | ov_055 | 4.328955842398108 × 10^292 |
| 54 | ov_054 | 6.627377245297284 × 10^292 |
| 53 | ov_053 | 9.730646440188158 × 10^292 |
| 52 | ov_052 | 1.3790354505175873 × 10^293 |
| 51 | ov_051 | 1.9125549139739866 × 10^293 |
| 50 | ov_050 | 2.608704241724932 × 10^293 |
| 49 | ov_049 | 3.5057496154292123 × 10^293 |
| 48 | ov_048 | 4.64515497032358 × 10^293 |
| 47 | ov_047 | 6.071600079997088 × 10^293 |
| 32 | lv_80_m31 | 7.181773952250254 × 10^293 |
| 46 | ov_046 | 7.833005407212329 × 10^293 |
| 45 | ov_045 | 9.980565695025836 × 10^293 |
| 44 | ov_044 | 1.2568794596248479 × 10^294 |
| 43 | ov_043 | 1.5655582861811232 × 10^294 |
| 42 | ov_042 | 1.9302272832337545 × 10^294 |
| 41 | ov_041 | 2.357375220252801 × 10^294 |
| 40 | ov_040 | 2.8505227047937118 × 10^294 |
| 39 | ov_039 | 3.41338442943376 × 10^294 |
| 31 | ov_031 | 3.6810634794563895 × 10^294 |
| 38 | ov_038 | 4.0498785421326904 × 10^294 |
| 37 | ov_037 | 4.7680559374032854 × 10^294 |
| 36 | ov_036 | 5.576409835788765 × 10^294 |
| 35 | ov_035 | 6.483904252307479 × 10^294 |
| 34 | ov_034 | 7.500007124155558 × 10^294 |
| 33 | ov_033 | 8.634728586090767 × 10^294 |
| 30 | ov_030 | 1.8865163929311434 × 10^295 |
| 29 | ov_029 | 6.169245485052722 × 10^295 |
| 28 | ov_028 | 1.6006769049843337 × 10^296 |
| 27 | ov_027 | 3.5766395576441105 × 10^296 |
| 26 | ov_026 | 7.58730513405799 × 10^296 |
| 25 | ov_025 | 1.501323015008457 × 10^297 |
| 24 | ov_024 | 2.7573044774861662 × 10^297 |
| 23 | ov_023 | 4.732348316036222 × 10^297 |
| 22 | ov_022 | 7.665946034346581 × 10^297 |
| 21 | ov_021 | 1.183142356513695 × 10^298 |
| 20 | ov_020 | 1.7535971093574392 × 10^298 |
| 19 | ov_019 | 2.5120691786561347 × 10^298 |
| 18 | ov_018 | 3.496067673885388 × 10^298 |
| 17 | ov_017 | 4.746511647806849 × 10^298 |
| 16 | ov_016 | 6.307746063670673 × 10^298 |
| 15 | ov_015 | 8.227563690059558 × 10^298 |
| 14 | ov_014 | 1.055723422437421 × 10^299 |
| 13 | ov_013 | 1.3351542543466258 × 10^299 |
| 12 | ov_012 | 1.6668838625285055 × 10^299 |
| 11 | ov_011 | 2.0571102075683804 × 10^299 |
| 10 | ov_010 | 2.5124024449937076 × 10^299 |
| 9 | ov_009 | 3.0397112815189005 × 10^299 |
| 8 | ov_008 | 3.646381825846958 × 10^299 |
| 7 | ov_007 | 4.3401693305716 × 10^299 |
| 6 | ov_006 | 5.1292582481211755 × 10^299 |
| 5 | ov_005 | 6.0222850504997935 × 10^299 |
| 4 | ov_004 | 7.02836528993172 × 10^299 |
| 3 | ov_003 | 8.15712537220165 × 10^299 |
| 2 | ov_002 | 9.41873944146744 × 10^299 |
| 1 | ov_001 | 1.0823971697679728 × 10^300 |

