# Results for F001-F002-F003-F004-F005-F006-F007-F008-F009-F010-F011-F012-F013-F014-F015-F016-F017-F018-F019-F020-F021-F022-F023-F024-F025-F026-F027-F028-F029-F030-F031-F032-F033-F034-F035-F036-F037-F038-F039-F040-F041-F042-F043-F044-F045-F046-F047-F048-F049-F050-F051-F052-F053-F054-F055-F056-F057-F058-F059-F060-F061-F062-F063-F064-F065-F066-F067-F068-F069-F070-F071-F072-F073-F074-F075-F076-F077-F078-F079-F080-F081-F082-F083-F084-F085-F086-F087-F088-F089-F090-F091-F092-F093-F094-F095-F096-F097-F098-F099-F100-F101-F102-F103-F104-F105-F106-F107-F108-F109-F110-F111-F112-F113-F114-F115-F116-F117-F118-F119-F120-F121-F122-F123-F124-F125-F126-F127-F128-F129-F130-F131-F132-F133-F134-F135-F136-F137-F138-F139-F140-F141-F142-F143-F144-F145-F146-F147-F148-F149-F150-F151-F152-F153-F154-F155-F156-F157-F158-F159-F160-F161-F162-F163-F164-F165-F166-F167-F168-F169-F170-F171-F172-F173-F174-F175-F176-F177-F178-F179-F180-F181-F182-F183-F184-F185-F186-F187-F188-F189-F190-F191-F192-F193-F194-F195-F196-F197-F198-F199-F200-F201-F202-F203-F204-F205-F206-F207-F208-F209-F210-F211-F212-F213-F214-F215-F216-F217-F218-F219-F220-F221-F222-F223-F224-F225-F226-F227-F228-F229-F230-F231-F232-F233-F234-F235-F236-F237-F238-F239-F240-F241-F242-F243-F244-F245-F246-F247-F248-F249-F250-F251-F252-F253-F254-F255-F256-F257-F258-F259-F260-F261-F262-F263-F264-F265-F266-F267-F268-F269-F270-F271-F272-F273-F274-F275-F276-F277-F278-F279-F280-F281-F282-F283-F284-F285-F286-F287-F288-F289-F290-F291-F292-F293-F294-F295-F296-F297-F298-F299-F300-F301-F302-F303-F304-F305-F306-F307-F308-F309-F310-F311-F312-F313-F314-F315-F316-F317-F318-F319-F320-F321-F322-F323-F324-F325-F326-F327-F328-F329-F330-F331-F332-F333-F334-F335-F336-F337-F338-F339-F340-F341-F342-F343-F344-F345-F346-F347-F348-F349-F350-F351-F352-F353-F354-F355-F356-F357-F358-F359-F360-F361-F362-F363-F364-F365-F366-F367-F368-F369-F370-F371-F372-F373-F374-F375-F376-F377-F378-F379-F380-F381-F382-F383-F384-F385-F386-F387-F388-F389-F390-F391-F392-F393-F394-F395-F396-F397-F398-F399-F400-F401-F402-F403-F404-F405-F406-F407-F408-F409-F410-F411-F412-F413-F414-F415-F416-F417-F418-F419-F420-F421-F422-F423-F424-F425-F426-F427-F428-F429-F430-F431-F432-F433-F434-F435-F436-F437-F438-F439-F440-F441-F442-F443-F444-F445-F446-F447-F448-F449-F450-F451-F452-F453-F454-F455-F456-F457-F458-F459-F460-F461-F462-F463-F464-F465-F466-F467-F468-F469-F470-F471-F472-F473-F474-F475-F476-F477-F478-F479-F480-F481-F482-F483-F484-F485-F486-F487-F488-F489-F490-F491-F492-F493-F494-F495-F496-F505-F508-F509-F510-F512

## Summary

Number of input bits: 512  
Number of free input bits: 11  
Number of output bits: 160

Number of direct occurrences: 45352  
Number of assignments: 31230  
Number of operations: 11084793
(xor: 11056575,
and: 14966,
or: 13252)

Total complexity: 4.5776990537376045 × 10^298

Least occurring input variable: iv_504 (3945)  
Most occurring input variable: iv_511 (4347)

Most co-occurring input variables: iv_502-iv_503 (2135)  
Least co-occurring input variables: iv_498-iv_499 (1832)

Potentially most occurring input variable: iv_503/iv_511 (4591)  
Potentially least occurring input variable: iv_501/iv_502 (4132)

Least output occurring input variable: iv_500 (76)  
Most output occurring input variable: iv_497 (93)

Most output co-occurring input variables: iv_497-iv_506 (57)  
Least output co-occurring input variables: iv_500-iv_507 (34)

Potentially most output occurring input variable: iv_506/iv_511 (93)  
Potentially least output occurring input variable: iv_497/iv_501 (65)

Least complex input bit: iv_511 (4.059432484921158 × 10^293)  
Most complex input bit: iv_502 (1.0022885463928953 × 10^298)

Least complex output bit: aaa_76_29 (9.88954001116334 × 10^273)  
Most complex output bit: ov_001 (7.156317824021227 × 10^297)

Least complex input/output complexity: iv_511/aaa_76_29 (8.769890617747269 × 10^268)  
Most complex input/output complexity: iv_502/ov_001 (1.5668778801672048 × 10^297)

## Input Bits

### Input Bits in Regular Order

| Input Bit | Complexity | Occurrences | Output Occurrences |
|:---------:|:----------:|:-----------:|:------------------:|
| iv_497 | 6.32520759703149 × 10^296 | 4142 | 93 |
| iv_498 | 1.2662022729437913 × 10^297 | 3948 | 88 |
| iv_499 | 2.2378867745181976 × 10^297 | 3953 | 81 |
| iv_500 | 3.773413676875167 × 10^297 | 4131 | 76 |
| iv_501 | 6.208328358698307 × 10^297 | 4091 | 82 |
| iv_502 | 1.0022885463928953 × 10^298 | 4177 | 76 |
| iv_503 | 5.864619965155767 × 10^297 | 4274 | 80 |
| iv_504 | 2.960162193904786 × 10^297 | 3945 | 78 |
| iv_506 | 5.9098939622222804 × 10^297 | 4125 | 93 |
| iv_507 | 6.900671166177204 × 10^297 | 4219 | 83 |
| iv_511 | 4.059432484921158 × 10^293 | 4347 | 80 |

### Input Bits Sorted by Complexity

| Input Bit | Complexity | Occurrences | Output Occurrences |
|:---------:|:----------:|:-----------:|:------------------:|
| iv_511 | 4.059432484921158 × 10^293 | 4347 | 80 |
| iv_497 | 6.32520759703149 × 10^296 | 4142 | 93 |
| iv_498 | 1.2662022729437913 × 10^297 | 3948 | 88 |
| iv_499 | 2.2378867745181976 × 10^297 | 3953 | 81 |
| iv_504 | 2.960162193904786 × 10^297 | 3945 | 78 |
| iv_500 | 3.773413676875167 × 10^297 | 4131 | 76 |
| iv_503 | 5.864619965155767 × 10^297 | 4274 | 80 |
| iv_506 | 5.9098939622222804 × 10^297 | 4125 | 93 |
| iv_501 | 6.208328358698307 × 10^297 | 4091 | 82 |
| iv_507 | 6.900671166177204 × 10^297 | 4219 | 83 |
| iv_502 | 1.0022885463928953 × 10^298 | 4177 | 76 |

### Input Bits Sorted by Occurrences

| Input Bit | Complexity | Occurrences | Output Occurrences |
|:---------:|:----------:|:-----------:|:------------------:|
| iv_504 | 2.960162193904786 × 10^297 | 3945 | 78 |
| iv_498 | 1.2662022729437913 × 10^297 | 3948 | 88 |
| iv_499 | 2.2378867745181976 × 10^297 | 3953 | 81 |
| iv_501 | 6.208328358698307 × 10^297 | 4091 | 82 |
| iv_506 | 5.9098939622222804 × 10^297 | 4125 | 93 |
| iv_500 | 3.773413676875167 × 10^297 | 4131 | 76 |
| iv_497 | 6.32520759703149 × 10^296 | 4142 | 93 |
| iv_502 | 1.0022885463928953 × 10^298 | 4177 | 76 |
| iv_507 | 6.900671166177204 × 10^297 | 4219 | 83 |
| iv_503 | 5.864619965155767 × 10^297 | 4274 | 80 |
| iv_511 | 4.059432484921158 × 10^293 | 4347 | 80 |

### Input Bits Sorted by Output Occurrences

| Input Bit | Complexity | Occurrences | Output Occurrences |
|:---------:|:----------:|:-----------:|:------------------:|
| iv_500 | 3.773413676875167 × 10^297 | 4131 | 76 |
| iv_502 | 1.0022885463928953 × 10^298 | 4177 | 76 |
| iv_504 | 2.960162193904786 × 10^297 | 3945 | 78 |
| iv_503 | 5.864619965155767 × 10^297 | 4274 | 80 |
| iv_511 | 4.059432484921158 × 10^293 | 4347 | 80 |
| iv_499 | 2.2378867745181976 × 10^297 | 3953 | 81 |
| iv_501 | 6.208328358698307 × 10^297 | 4091 | 82 |
| iv_507 | 6.900671166177204 × 10^297 | 4219 | 83 |
| iv_498 | 1.2662022729437913 × 10^297 | 3948 | 88 |
| iv_506 | 5.9098939622222804 × 10^297 | 4125 | 93 |
| iv_497 | 6.32520759703149 × 10^296 | 4142 | 93 |

## Input Bit Co-occurrences

### Input Bit Co-occurrences Sorted by Co-occurrences

| Input Bits | Co-occurrences | Potential Occurrences | Output Co-occurrences | Potential Output Occurrences |
|:----------:|:--------------:|:---------------------:|:---------------------:|:----------------------------:|
| iv_502-iv_503 | 2135 | 4181 | 41 | 74 |
| iv_500-iv_511 | 2081 | 4316 | 38 | 80 |
| iv_507-iv_511 | 2071 | 4424 | 44 | 75 |
| iv_501-iv_502 | 2068 | 4132 | 39 | 80 |
| iv_501-iv_503 | 2068 | 4229 | 43 | 76 |
| iv_501-iv_511 | 2065 | 4308 | 47 | 68 |
| iv_502-iv_511 | 2059 | 4406 | 40 | 76 |
| iv_502-iv_507 | 2047 | 4302 | 38 | 83 |
| iv_500-iv_502 | 2042 | 4224 | 40 | 72 |
| iv_500-iv_501 | 2038 | 4146 | 39 | 80 |
| iv_497-iv_507 | 2030 | 4301 | 49 | 78 |

### Input Bit Co-occurrences Sorted by Potential Occurrences

| Input Bits | Co-occurrences | Potential Occurrences | Output Co-occurrences | Potential Output Occurrences |
|:----------:|:--------------:|:---------------------:|:---------------------:|:----------------------------:|
| iv_501-iv_502 | 2068 | 4132 | 39 | 80 |
| iv_500-iv_501 | 2038 | 4146 | 39 | 80 |
| iv_501-iv_504 | 1936 | 4164 | 40 | 80 |
| iv_499-iv_504 | 1867 | 4164 | 38 | 83 |
| iv_502-iv_503 | 2135 | 4181 | 41 | 74 |
| iv_503-iv_504 | 2017 | 4185 | 45 | 68 |
| iv_499-iv_507 | 1991 | 4190 | 44 | 76 |
| iv_498-iv_504 | 1846 | 4201 | 46 | 74 |
| iv_504-iv_507 | 1971 | 4222 | 39 | 83 |
| iv_500-iv_502 | 2042 | 4224 | 40 | 72 |
| iv_501-iv_503 | 2068 | 4229 | 43 | 76 |

### Input Bit Output Co-occurrences Sorted by Output Co-occurrences

| Input Bits | Co-occurrences | Potential Occurrences | Output Co-occurrences | Potential Output Occurrences |
|:----------:|:--------------:|:---------------------:|:---------------------:|:----------------------------:|
| iv_497-iv_506 | 1941 | 4385 | 57 | 72 |
| iv_497-iv_501 | 1969 | 4295 | 55 | 65 |
| iv_498-iv_506 | 1908 | 4257 | 54 | 73 |
| iv_498-iv_507 | 1910 | 4347 | 51 | 69 |
| iv_503-iv_506 | 1985 | 4429 | 50 | 73 |
| iv_497-iv_504 | 1928 | 4231 | 50 | 71 |
| iv_497-iv_498 | 1891 | 4308 | 50 | 81 |
| iv_499-iv_506 | 1872 | 4334 | 49 | 76 |
| iv_497-iv_507 | 2030 | 4301 | 49 | 78 |
| iv_498-iv_499 | 1832 | 4237 | 48 | 73 |
| iv_502-iv_506 | 2022 | 4258 | 48 | 73 |

### Input Bit Output Co-occurrences Sorted by Potential Output Occurrences

| Input Bits | Co-occurrences | Potential Occurrences | Output Co-occurrences | Potential Output Occurrences |
|:----------:|:--------------:|:---------------------:|:---------------------:|:----------------------------:|
| iv_497-iv_501 | 1969 | 4295 | 55 | 65 |
| iv_501-iv_511 | 2065 | 4308 | 47 | 68 |
| iv_503-iv_504 | 2017 | 4185 | 45 | 68 |
| iv_498-iv_507 | 1910 | 4347 | 51 | 69 |
| iv_497-iv_504 | 1928 | 4231 | 50 | 71 |
| iv_500-iv_502 | 2042 | 4224 | 40 | 72 |
| iv_497-iv_506 | 1941 | 4385 | 57 | 72 |
| iv_498-iv_499 | 1832 | 4237 | 48 | 73 |
| iv_498-iv_506 | 1908 | 4257 | 54 | 73 |
| iv_499-iv_500 | 1899 | 4286 | 42 | 73 |
| iv_499-iv_502 | 1937 | 4256 | 42 | 73 |

## Output Bits

### Output Bits in Regular Order

| Rank | Output Bit | Complexity |
|:----:|:----------:|:----------:|
| 1 | ov_001 | 7.156317824021227 × 10^297 |
| 2 | ov_002 | 6.227216868282914 × 10^297 |
| 3 | ov_003 | 5.3930814113118066 × 10^297 |
| 4 | ov_004 | 4.646793152143018 × 10^297 |
| 5 | ov_005 | 3.981623705166729 × 10^297 |
| 6 | ov_006 | 3.3912066564546304 × 10^297 |
| 7 | ov_007 | 2.869513243345948 × 10^297 |
| 8 | ov_008 | 2.4108314370914227 × 10^297 |
| 9 | ov_009 | 2.0097481551188163 × 10^297 |
| 10 | ov_010 | 1.6611342794263107 × 10^297 |
| 11 | ov_011 | 1.3601321539797892 × 10^297 |
| 12 | ov_012 | 1.1021452527584168 × 10^297 |
| 13 | ov_013 | 8.828297284935851 × 10^296 |
| 14 | ov_014 | 6.980875702603084 × 10^296 |
| 15 | ov_015 | 5.440611159746039 × 10^296 |
| 16 | ov_016 | 4.171286961457628 × 10^296 |
| 17 | ov_017 | 3.1390122797161504 × 10^296 |
| 18 | ov_018 | 2.3121959638291204 × 10^296 |
| 19 | ov_019 | 1.6615266026792664 × 10^296 |
| 20 | ov_020 | 1.1599575377571724 × 10^296 |
| 21 | ov_021 | 7.826959354764841 × 10^295 |
| 22 | ov_022 | 5.071951575779991 × 10^295 |
| 23 | ov_023 | 3.131496343379417 × 10^295 |
| 24 | ov_024 | 1.8249153209358596 × 10^295 |
| 25 | ov_025 | 9.938871430317172 × 10^294 |
| 26 | ov_026 | 5.024362478107053 × 10^294 |
| 27 | ov_027 | 2.369276234134307 × 10^294 |
| 28 | ov_028 | 1.0606473694263606 × 10^294 |
| 29 | ov_029 | 4.0888867941055545 × 10^293 |
| 30 | ov_030 | 1.25050746812256 × 10^293 |
| 31 | ov_031 | 2.4398241441940015 × 10^292 |
| 32 | lv_80_m31 | 4.7585290600037536 × 10^291 |
| 33 | ov_033 | 5.706922995552397 × 10^292 |
| 34 | ov_034 | 4.959522585207707 × 10^292 |
| 35 | ov_035 | 4.2891888578169805 × 10^292 |
| 36 | ov_036 | 3.689060834752667 × 10^292 |
| 37 | ov_037 | 3.1526483147233195 × 10^292 |
| 38 | ov_038 | 2.6767954086813705 × 10^292 |
| 39 | ov_039 | 2.2556789375722718 × 10^292 |
| 40 | ov_040 | 1.8837786540965484 × 10^292 |
| 41 | ov_041 | 1.5584079392649254 × 10^292 |
| 42 | ov_042 | 1.2770196169644387 × 10^292 |
| 43 | ov_043 | 1.0371995877660839 × 10^292 |
| 44 | ov_044 | 8.344986050342436 × 10^291 |
| 45 | ov_045 | 6.647106787866647 × 10^291 |
| 46 | ov_046 | 5.2386667172402324 × 10^291 |
| 47 | ov_047 | 4.082291980022702 × 10^291 |
| 48 | ov_048 | 3.142886252021151 × 10^291 |
| 49 | ov_049 | 2.3875999535349676 × 10^291 |
| 50 | ov_050 | 1.785806959919209 × 10^291 |
| 51 | ov_051 | 1.3090872712095841 × 10^291 |
| 52 | ov_052 | 9.437805788869936 × 10^290 |
| 53 | ov_053 | 6.658446959209562 × 10^290 |
| 54 | ov_054 | 4.534157125720668 × 10^290 |
| 55 | ov_055 | 2.9610564299514647 × 10^290 |
| 56 | ov_056 | 1.8461296020707277 × 10^290 |
| 57 | ov_057 | 1.1072170107310247 × 10^290 |
| 58 | ov_058 | 6.125479483832273 × 10^289 |
| 59 | ov_059 | 3.016608999219185 × 10^289 |
| 60 | ov_060 | 1.2494074612320674 × 10^289 |
| 61 | ov_061 | 4.361829119044385 × 10^288 |
| 62 | ov_062 | 1.1958764620795076 × 10^288 |
| 63 | ov_063 | 2.3294905426902504 × 10^287 |
| 64 | lv_79_m31 | 4.536727138437621 × 10^286 |
| 65 | ov_065 | 5.4207330127279924 × 10^287 |
| 66 | ov_066 | 5.420716000854434 × 10^287 |
| 67 | ov_067 | 5.4207118373142825 × 10^287 |
| 68 | ov_068 | 4.686963863879349 × 10^287 |
| 69 | ov_069 | 4.03250954562979 × 10^287 |
| 70 | ov_070 | 3.4509058497174517 × 10^287 |
| 71 | ov_071 | 2.936106163967871 × 10^287 |
| 72 | ov_072 | 2.4824334495785656 × 10^287 |
| 73 | ov_073 | 2.0845557680001754 × 10^287 |
| 74 | ov_074 | 1.7374640564624377 × 10^287 |
| 75 | ov_075 | 1.4364520313832354 × 10^287 |
| 76 | ov_076 | 1.1770981028221488 × 10^287 |
| 77 | ov_077 | 9.552491863212219 × 10^286 |
| 78 | ov_078 | 7.67006301018669 × 10^286 |
| 79 | ov_079 | 6.087118449226039 × 10^286 |
| 80 | ov_080 | 4.76938439780983 × 10^286 |
| 81 | ov_081 | 3.684792391630373 × 10^286 |
| 82 | ov_082 | 2.8033959425084903 × 10^286 |
| 83 | ov_083 | 2.0972997249051025 × 10^286 |
| 84 | ov_084 | 1.5406002471930624 × 10^286 |
| 85 | ov_085 | 1.109336967067508 × 10^286 |
| 86 | ov_086 | 7.814528125785373 × 10^285 |
| 87 | ov_087 | 5.367630715958536 × 10^285 |
| 88 | ov_088 | 3.569316133232711 × 10^285 |
| 89 | ov_089 | 2.2545340594914998 × 10^285 |
| 90 | ov_090 | 1.345318841614986 × 10^285 |
| 91 | ov_091 | 7.727745856639377 × 10^284 |
| 92 | ov_092 | 4.262093601483788 × 10^284 |
| 93 | ov_093 | 2.129662880010014 × 10^284 |
| 94 | ov_094 | 9.122357212589108 × 10^283 |
| 95 | aaa_78_28 | 2.8169231856195677 × 10^283 |
| 96 | aaa_78_29 | 8.65102535416452 × 10^282 |
| 97 | ov_097 | 5.712004526319074 × 10^282 |
| 98 | ov_098 | 5.711833675319461 × 10^282 |
| 99 | ov_099 | 5.711779111878928 × 10^282 |
| 100 | ov_100 | 5.139711586093367 × 10^282 |
| 101 | ov_101 | 4.609887008194723 × 10^282 |
| 102 | ov_102 | 4.119987015993161 × 10^282 |
| 103 | ov_103 | 3.667861707251597 × 10^282 |
| 104 | ov_104 | 3.251507691695314 × 10^282 |
| 105 | ov_105 | 2.86904815923676 × 10^282 |
| 106 | ov_106 | 2.5187148598530754 × 10^282 |
| 107 | ov_107 | 2.1988318943471472 × 10^282 |
| 108 | ov_108 | 1.907801218282031 × 10^282 |
| 109 | ov_109 | 1.6440897638058463 × 10^282 |
| 110 | ov_110 | 1.4062180859699155 × 10^282 |
| 111 | ov_111 | 1.1927504415737396 × 10^282 |
| 112 | ov_112 | 1.0022862096265465 × 10^282 |
| 113 | ov_113 | 8.33452563270528 × 10^281 |
| 114 | ov_114 | 6.848983035328721 × 10^281 |
| 115 | ov_115 | 5.552887656227278 × 10^281 |
| 116 | ov_116 | 4.433017087161141 × 10^281 |
| 117 | ov_117 | 3.476241003150122 × 10^281 |
| 118 | ov_118 | 2.6694962228160036 × 10^281 |
| 119 | ov_119 | 1.9997665271865835 × 10^281 |
| 120 | ov_120 | 1.4540664603931678 × 10^281 |
| 121 | ov_121 | 1.019429795451063 × 10^281 |
| 122 | ov_122 | 6.829021105815306 × 10^280 |
| 123 | ov_123 | 4.315359055755304 × 10^280 |
| 124 | ov_124 | 2.523873065991443 × 10^280 |
| 125 | ov_125 | 1.3251402412598733 × 10^280 |
| 126 | ov_126 | 5.897431090368765 × 10^279 |
| 127 | aaa_77_28 | 1.8826561800834585 × 10^279 |
| 128 | aaa_77_29 | 7.055082024483648 × 10^278 |
| 129 | ov_129 | 6.530684380801666 × 10^278 |
| 130 | ov_130 | 6.530665117619763 × 10^278 |
| 131 | ov_131 | 6.530660459592145 × 10^278 |
| 132 | ov_132 | 5.659860748396356 × 10^278 |
| 133 | ov_133 | 4.880395550467711 × 10^278 |
| 134 | ov_134 | 4.1853258857694005 × 10^278 |
| 135 | ov_135 | 3.568084700381485 × 10^278 |
| 136 | ov_136 | 3.0224502950246856 × 10^278 |
| 137 | ov_137 | 2.5425234301239647 × 10^278 |
| 138 | ov_138 | 2.122707756502504 × 10^278 |
| 139 | ov_139 | 1.7576932387474456 × 10^278 |
| 140 | ov_140 | 1.4424422557218896 × 10^278 |
| 141 | ov_141 | 1.1721780797267353 × 10^278 |
| 142 | ov_142 | 9.423754525355623 × 10^277 |
| 143 | ov_143 | 7.487529930129763 × 10^277 |
| 144 | ov_144 | 5.872671873441442 × 10^277 |
| 145 | ov_145 | 4.541077290998178 × 10^277 |
| 146 | ov_146 | 3.4569399247473066 × 10^277 |
| 147 | ov_147 | 2.586724380950167 × 10^277 |
| 148 | ov_148 | 1.8991476681151065 × 10^277 |
| 149 | ov_149 | 1.3651665289349105 × 10^277 |
| 150 | ov_150 | 9.579690402016369 × 10^276 |
| 151 | ov_151 | 6.52969179839312 × 10^276 |
| 152 | ov_152 | 4.278034061969806 × 10^276 |
| 153 | ov_153 | 2.6232861078048406 × 10^276 |
| 154 | ov_154 | 1.4702816120380846 × 10^276 |
| 155 | ov_155 | 7.349485451416826 × 10^275 |
| 156 | aaa_76_25 | 2.8241759914570765 × 10^275 |
| 157 | aaa_76_26 | 1.6310356396278298 × 10^275 |
| 158 | aaa_76_27 | 8.349910555290576 × 10^274 |
| 159 | aaa_76_28 | 3.2514546338751413 × 10^274 |
| 160 | aaa_76_29 | 9.88954001116334 × 10^273 |

### Output Bits Sorted by Complexity

| Rank | Output Bit | Complexity |
|:----:|:----------:|:----------:|
| 160 | aaa_76_29 | 9.88954001116334 × 10^273 |
| 159 | aaa_76_28 | 3.2514546338751413 × 10^274 |
| 158 | aaa_76_27 | 8.349910555290576 × 10^274 |
| 157 | aaa_76_26 | 1.6310356396278298 × 10^275 |
| 156 | aaa_76_25 | 2.8241759914570765 × 10^275 |
| 155 | ov_155 | 7.349485451416826 × 10^275 |
| 154 | ov_154 | 1.4702816120380846 × 10^276 |
| 153 | ov_153 | 2.6232861078048406 × 10^276 |
| 152 | ov_152 | 4.278034061969806 × 10^276 |
| 151 | ov_151 | 6.52969179839312 × 10^276 |
| 150 | ov_150 | 9.579690402016369 × 10^276 |
| 149 | ov_149 | 1.3651665289349105 × 10^277 |
| 148 | ov_148 | 1.8991476681151065 × 10^277 |
| 147 | ov_147 | 2.586724380950167 × 10^277 |
| 146 | ov_146 | 3.4569399247473066 × 10^277 |
| 145 | ov_145 | 4.541077290998178 × 10^277 |
| 144 | ov_144 | 5.872671873441442 × 10^277 |
| 143 | ov_143 | 7.487529930129763 × 10^277 |
| 142 | ov_142 | 9.423754525355623 × 10^277 |
| 141 | ov_141 | 1.1721780797267353 × 10^278 |
| 140 | ov_140 | 1.4424422557218896 × 10^278 |
| 139 | ov_139 | 1.7576932387474456 × 10^278 |
| 138 | ov_138 | 2.122707756502504 × 10^278 |
| 137 | ov_137 | 2.5425234301239647 × 10^278 |
| 136 | ov_136 | 3.0224502950246856 × 10^278 |
| 135 | ov_135 | 3.568084700381485 × 10^278 |
| 134 | ov_134 | 4.1853258857694005 × 10^278 |
| 133 | ov_133 | 4.880395550467711 × 10^278 |
| 132 | ov_132 | 5.659860748396356 × 10^278 |
| 131 | ov_131 | 6.530660459592145 × 10^278 |
| 130 | ov_130 | 6.530665117619763 × 10^278 |
| 129 | ov_129 | 6.530684380801666 × 10^278 |
| 128 | aaa_77_29 | 7.055082024483648 × 10^278 |
| 127 | aaa_77_28 | 1.8826561800834585 × 10^279 |
| 126 | ov_126 | 5.897431090368765 × 10^279 |
| 125 | ov_125 | 1.3251402412598733 × 10^280 |
| 124 | ov_124 | 2.523873065991443 × 10^280 |
| 123 | ov_123 | 4.315359055755304 × 10^280 |
| 122 | ov_122 | 6.829021105815306 × 10^280 |
| 121 | ov_121 | 1.019429795451063 × 10^281 |
| 120 | ov_120 | 1.4540664603931678 × 10^281 |
| 119 | ov_119 | 1.9997665271865835 × 10^281 |
| 118 | ov_118 | 2.6694962228160036 × 10^281 |
| 117 | ov_117 | 3.476241003150122 × 10^281 |
| 116 | ov_116 | 4.433017087161141 × 10^281 |
| 115 | ov_115 | 5.552887656227278 × 10^281 |
| 114 | ov_114 | 6.848983035328721 × 10^281 |
| 113 | ov_113 | 8.33452563270528 × 10^281 |
| 112 | ov_112 | 1.0022862096265465 × 10^282 |
| 111 | ov_111 | 1.1927504415737396 × 10^282 |
| 110 | ov_110 | 1.4062180859699155 × 10^282 |
| 109 | ov_109 | 1.6440897638058463 × 10^282 |
| 108 | ov_108 | 1.907801218282031 × 10^282 |
| 107 | ov_107 | 2.1988318943471472 × 10^282 |
| 106 | ov_106 | 2.5187148598530754 × 10^282 |
| 105 | ov_105 | 2.86904815923676 × 10^282 |
| 104 | ov_104 | 3.251507691695314 × 10^282 |
| 103 | ov_103 | 3.667861707251597 × 10^282 |
| 102 | ov_102 | 4.119987015993161 × 10^282 |
| 101 | ov_101 | 4.609887008194723 × 10^282 |
| 100 | ov_100 | 5.139711586093367 × 10^282 |
| 99 | ov_099 | 5.711779111878928 × 10^282 |
| 98 | ov_098 | 5.711833675319461 × 10^282 |
| 97 | ov_097 | 5.712004526319074 × 10^282 |
| 96 | aaa_78_29 | 8.65102535416452 × 10^282 |
| 95 | aaa_78_28 | 2.8169231856195677 × 10^283 |
| 94 | ov_094 | 9.122357212589108 × 10^283 |
| 93 | ov_093 | 2.129662880010014 × 10^284 |
| 92 | ov_092 | 4.262093601483788 × 10^284 |
| 91 | ov_091 | 7.727745856639377 × 10^284 |
| 90 | ov_090 | 1.345318841614986 × 10^285 |
| 89 | ov_089 | 2.2545340594914998 × 10^285 |
| 88 | ov_088 | 3.569316133232711 × 10^285 |
| 87 | ov_087 | 5.367630715958536 × 10^285 |
| 86 | ov_086 | 7.814528125785373 × 10^285 |
| 85 | ov_085 | 1.109336967067508 × 10^286 |
| 84 | ov_084 | 1.5406002471930624 × 10^286 |
| 83 | ov_083 | 2.0972997249051025 × 10^286 |
| 82 | ov_082 | 2.8033959425084903 × 10^286 |
| 81 | ov_081 | 3.684792391630373 × 10^286 |
| 64 | lv_79_m31 | 4.536727138437621 × 10^286 |
| 80 | ov_080 | 4.76938439780983 × 10^286 |
| 79 | ov_079 | 6.087118449226039 × 10^286 |
| 78 | ov_078 | 7.67006301018669 × 10^286 |
| 77 | ov_077 | 9.552491863212219 × 10^286 |
| 76 | ov_076 | 1.1770981028221488 × 10^287 |
| 75 | ov_075 | 1.4364520313832354 × 10^287 |
| 74 | ov_074 | 1.7374640564624377 × 10^287 |
| 73 | ov_073 | 2.0845557680001754 × 10^287 |
| 63 | ov_063 | 2.3294905426902504 × 10^287 |
| 72 | ov_072 | 2.4824334495785656 × 10^287 |
| 71 | ov_071 | 2.936106163967871 × 10^287 |
| 70 | ov_070 | 3.4509058497174517 × 10^287 |
| 69 | ov_069 | 4.03250954562979 × 10^287 |
| 68 | ov_068 | 4.686963863879349 × 10^287 |
| 67 | ov_067 | 5.4207118373142825 × 10^287 |
| 66 | ov_066 | 5.420716000854434 × 10^287 |
| 65 | ov_065 | 5.4207330127279924 × 10^287 |
| 62 | ov_062 | 1.1958764620795076 × 10^288 |
| 61 | ov_061 | 4.361829119044385 × 10^288 |
| 60 | ov_060 | 1.2494074612320674 × 10^289 |
| 59 | ov_059 | 3.016608999219185 × 10^289 |
| 58 | ov_058 | 6.125479483832273 × 10^289 |
| 57 | ov_057 | 1.1072170107310247 × 10^290 |
| 56 | ov_056 | 1.8461296020707277 × 10^290 |
| 55 | ov_055 | 2.9610564299514647 × 10^290 |
| 54 | ov_054 | 4.534157125720668 × 10^290 |
| 53 | ov_053 | 6.658446959209562 × 10^290 |
| 52 | ov_052 | 9.437805788869936 × 10^290 |
| 51 | ov_051 | 1.3090872712095841 × 10^291 |
| 50 | ov_050 | 1.785806959919209 × 10^291 |
| 49 | ov_049 | 2.3875999535349676 × 10^291 |
| 48 | ov_048 | 3.142886252021151 × 10^291 |
| 47 | ov_047 | 4.082291980022702 × 10^291 |
| 32 | lv_80_m31 | 4.7585290600037536 × 10^291 |
| 46 | ov_046 | 5.2386667172402324 × 10^291 |
| 45 | ov_045 | 6.647106787866647 × 10^291 |
| 44 | ov_044 | 8.344986050342436 × 10^291 |
| 43 | ov_043 | 1.0371995877660839 × 10^292 |
| 42 | ov_042 | 1.2770196169644387 × 10^292 |
| 41 | ov_041 | 1.5584079392649254 × 10^292 |
| 40 | ov_040 | 1.8837786540965484 × 10^292 |
| 39 | ov_039 | 2.2556789375722718 × 10^292 |
| 31 | ov_031 | 2.4398241441940015 × 10^292 |
| 38 | ov_038 | 2.6767954086813705 × 10^292 |
| 37 | ov_037 | 3.1526483147233195 × 10^292 |
| 36 | ov_036 | 3.689060834752667 × 10^292 |
| 35 | ov_035 | 4.2891888578169805 × 10^292 |
| 34 | ov_034 | 4.959522585207707 × 10^292 |
| 33 | ov_033 | 5.706922995552397 × 10^292 |
| 30 | ov_030 | 1.25050746812256 × 10^293 |
| 29 | ov_029 | 4.0888867941055545 × 10^293 |
| 28 | ov_028 | 1.0606473694263606 × 10^294 |
| 27 | ov_027 | 2.369276234134307 × 10^294 |
| 26 | ov_026 | 5.024362478107053 × 10^294 |
| 25 | ov_025 | 9.938871430317172 × 10^294 |
| 24 | ov_024 | 1.8249153209358596 × 10^295 |
| 23 | ov_023 | 3.131496343379417 × 10^295 |
| 22 | ov_022 | 5.071951575779991 × 10^295 |
| 21 | ov_021 | 7.826959354764841 × 10^295 |
| 20 | ov_020 | 1.1599575377571724 × 10^296 |
| 19 | ov_019 | 1.6615266026792664 × 10^296 |
| 18 | ov_018 | 2.3121959638291204 × 10^296 |
| 17 | ov_017 | 3.1390122797161504 × 10^296 |
| 16 | ov_016 | 4.171286961457628 × 10^296 |
| 15 | ov_015 | 5.440611159746039 × 10^296 |
| 14 | ov_014 | 6.980875702603084 × 10^296 |
| 13 | ov_013 | 8.828297284935851 × 10^296 |
| 12 | ov_012 | 1.1021452527584168 × 10^297 |
| 11 | ov_011 | 1.3601321539797892 × 10^297 |
| 10 | ov_010 | 1.6611342794263107 × 10^297 |
| 9 | ov_009 | 2.0097481551188163 × 10^297 |
| 8 | ov_008 | 2.4108314370914227 × 10^297 |
| 7 | ov_007 | 2.869513243345948 × 10^297 |
| 6 | ov_006 | 3.3912066564546304 × 10^297 |
| 5 | ov_005 | 3.981623705166729 × 10^297 |
| 4 | ov_004 | 4.646793152143018 × 10^297 |
| 3 | ov_003 | 5.3930814113118066 × 10^297 |
| 2 | ov_002 | 6.227216868282914 × 10^297 |
| 1 | ov_001 | 7.156317824021227 × 10^297 |

