# Results for F001-F002-F003-F004-F005-F006-F007-F008-F009-F010-F011-F012-F013-F014-F015-F016-F017-F018-F019-F020-F021-F022-F023-F024-F025-F026-F027-F028-F029-F030-F031-F032-F033-F034-F035-F036-F037-F038-F039-F040-F041-F042-F043-F044-F045-F046-F047-F048-F049-F050-F051-F052-F053-F054-F055-F056-F057-F058-F059-F060-F061-F062-F063-F064-F065-F066-F067-F068-F069-F070-F071-F072-F073-F074-F075-F076-F077-F078-F079-F080-F081-F082-F083-F084-F085-F086-F087-F088-F089-F090-F091-F092-F093-F094-F095-F096-F097-F098-F099-F100-F101-F102-F103-F104-F105-F106-F107-F108-F109-F110-F111-F112-F113-F114-F115-F116-F117-F118-F119-F120-F121-F122-F123-F124-F125-F126-F127-F128-F129-F130-F131-F132-F133-F134-F135-F136-F137-F138-F139-F140-F141-F142-F143-F144-F145-F146-F147-F148-F149-F150-F151-F152-F153-F154-F155-F156-F157-F158-F159-F160-F161-F162-F163-F164-F165-F166-F167-F168-F169-F170-F171-F172-F173-F174-F175-F176-F177-F178-F179-F180-F181-F182-F183-F184-F185-F186-F187-F188-F189-F190-F191-F192-F193-F194-F195-F196-F197-F198-F199-F200-F201-F202-F203-F204-F205-F206-F207-F208-F209-F210-F211-F212-F213-F214-F215-F216-F217-F218-F219-F220-F221-F222-F223-F224-F225-F226-F227-F228-F229-F230-F231-F232-F233-F234-F235-F236-F237-F238-F239-F240-F241-F242-F243-F244-F245-F246-F247-F248-F249-F250-F251-F252-F253-F254-F255-F256-F257-F258-F259-F260-F261-F262-F263-F264-F265-F266-F267-F268-F269-F270-F271-F272-F273-F274-F275-F276-F277-F278-F279-F280-F281-F282-F283-F284-F285-F286-F287-F288-F289-F290-F291-F292-F293-F294-F295-F296-F297-F298-F299-F300-F301-F302-F303-F304-F305-F306-F307-F308-F309-F310-F311-F312-F313-F314-F315-F316-F317-F318-F319-F320-F321-F322-F323-F324-F325-F326-F327-F328-F329-F330-F331-F332-F333-F334-F335-F336-F337-F338-F339-F340-F341-F342-F343-F344-F345-F346-F347-F348-F349-F350-F351-F352-F353-F354-F355-F356-F357-F358-F359-F360-F361-F362-F363-F364-F365-F366-F367-F368-F369-F370-F371-F372-F373-F374-F375-F376-F377-F378-F379-F380-F381-F382-F383-F384-F385-F386-F387-F388-F389-F390-F391-F392-F393-F394-F395-F396-F397-F398-F399-F400-F401-F402-F403-F404-F405-F406-F407-F408-F409-F410-F411-F412-F413-F414-F415-F416-F417-F418-F419-F420-F421-F422-F423-F424-F425-F426-F427-F428-F429-F430-F431-F432-F433-F434-F435-F436-F437-F438-F439-F440-F441-F442-F443-F444-F445-F446-F447-F448-F449-F450-F451-F452-F453-F454-F455-F456-F457-F458-F459-F460-F461-F462-F463-F464-F465-F466-F467-F468-F469-F470-F471-F472-F473-F474-F475-F476-F477-F478-F479-F480-F481-F482-F483-F484-F485-F486-F487-F488-F489-F490-F491-F492-F493-F494-F495-F496-F500-T505-F510-F511-F512

## Summary

Number of input bits: 512  
Number of free input bits: 11  
Number of output bits: 160

Number of direct occurrences: 45194  
Number of assignments: 31465  
Number of operations: 11552344
(xor: 11523555,
and: 15394,
or: 13395)

Total complexity: 9.522635906177649 × 10^304

Least occurring input variable: iv_499 (3919)  
Most occurring input variable: iv_509 (4279)

Most co-occurring input variables: iv_497-iv_507 (2110)  
Least co-occurring input variables: iv_498-iv_499 (1722)

Potentially most occurring input variable: iv_504/iv_508 (4514)  
Potentially least occurring input variable: iv_497/iv_507 (4185)

Least output occurring input variable: iv_499 (72)  
Most output occurring input variable: iv_497 (91)

Most output co-occurring input variables: iv_497-iv_502 (50)  
Least output co-occurring input variables: iv_499-iv_507 (30)

Potentially most output occurring input variable: iv_504/iv_508 (94)  
Potentially least output occurring input variable: iv_503/iv_504 (67)

Least complex input bit: iv_497 (3.3486423624039546 × 10^302)  
Most complex input bit: iv_509 (1.948537256268464 × 10^304)

Least complex output bit: aaa_76_29 (2.985328849786183 × 10^279)  
Most complex output bit: ov_001 (1.5104347230526746 × 10^304)

Least complex input/output complexity: iv_497/aaa_76_29 (1.0497932243335504 × 10^277)  
Most complex input/output complexity: iv_509/ov_001 (3.0906761111388947 × 10^303)

## Input Bits

### Input Bits in Regular Order

| Input Bit | Complexity | Occurrences | Output Occurrences |
|:---------:|:----------:|:-----------:|:------------------:|
| iv_497 | 3.3486423624039546 × 10^302 | 4173 | 91 |
| iv_498 | 6.670389799804376 × 10^302 | 3937 | 73 |
| iv_499 | 1.1731082716507063 × 10^303 | 3919 | 72 |
| iv_501 | 3.247523611614821 × 10^303 | 4096 | 85 |
| iv_502 | 5.2477839310250916 × 10^303 | 3957 | 80 |
| iv_503 | 8.338500800688476 × 10^303 | 4103 | 77 |
| iv_504 | 1.2998636014279505 × 10^304 | 4211 | 74 |
| iv_506 | 1.0071275551152676 × 10^304 | 4044 | 72 |
| iv_507 | 1.4459857638887121 × 10^304 | 4232 | 73 |
| iv_508 | 1.920239746357264 × 10^304 | 4243 | 88 |
| iv_509 | 1.948537256268464 × 10^304 | 4279 | 80 |

### Input Bits Sorted by Complexity

| Input Bit | Complexity | Occurrences | Output Occurrences |
|:---------:|:----------:|:-----------:|:------------------:|
| iv_497 | 3.3486423624039546 × 10^302 | 4173 | 91 |
| iv_498 | 6.670389799804376 × 10^302 | 3937 | 73 |
| iv_499 | 1.1731082716507063 × 10^303 | 3919 | 72 |
| iv_501 | 3.247523611614821 × 10^303 | 4096 | 85 |
| iv_502 | 5.2477839310250916 × 10^303 | 3957 | 80 |
| iv_503 | 8.338500800688476 × 10^303 | 4103 | 77 |
| iv_506 | 1.0071275551152676 × 10^304 | 4044 | 72 |
| iv_504 | 1.2998636014279505 × 10^304 | 4211 | 74 |
| iv_507 | 1.4459857638887121 × 10^304 | 4232 | 73 |
| iv_508 | 1.920239746357264 × 10^304 | 4243 | 88 |
| iv_509 | 1.948537256268464 × 10^304 | 4279 | 80 |

### Input Bits Sorted by Occurrences

| Input Bit | Complexity | Occurrences | Output Occurrences |
|:---------:|:----------:|:-----------:|:------------------:|
| iv_499 | 1.1731082716507063 × 10^303 | 3919 | 72 |
| iv_498 | 6.670389799804376 × 10^302 | 3937 | 73 |
| iv_502 | 5.2477839310250916 × 10^303 | 3957 | 80 |
| iv_506 | 1.0071275551152676 × 10^304 | 4044 | 72 |
| iv_501 | 3.247523611614821 × 10^303 | 4096 | 85 |
| iv_503 | 8.338500800688476 × 10^303 | 4103 | 77 |
| iv_497 | 3.3486423624039546 × 10^302 | 4173 | 91 |
| iv_504 | 1.2998636014279505 × 10^304 | 4211 | 74 |
| iv_507 | 1.4459857638887121 × 10^304 | 4232 | 73 |
| iv_508 | 1.920239746357264 × 10^304 | 4243 | 88 |
| iv_509 | 1.948537256268464 × 10^304 | 4279 | 80 |

### Input Bits Sorted by Output Occurrences

| Input Bit | Complexity | Occurrences | Output Occurrences |
|:---------:|:----------:|:-----------:|:------------------:|
| iv_499 | 1.1731082716507063 × 10^303 | 3919 | 72 |
| iv_506 | 1.0071275551152676 × 10^304 | 4044 | 72 |
| iv_507 | 1.4459857638887121 × 10^304 | 4232 | 73 |
| iv_498 | 6.670389799804376 × 10^302 | 3937 | 73 |
| iv_504 | 1.2998636014279505 × 10^304 | 4211 | 74 |
| iv_503 | 8.338500800688476 × 10^303 | 4103 | 77 |
| iv_502 | 5.2477839310250916 × 10^303 | 3957 | 80 |
| iv_509 | 1.948537256268464 × 10^304 | 4279 | 80 |
| iv_501 | 3.247523611614821 × 10^303 | 4096 | 85 |
| iv_508 | 1.920239746357264 × 10^304 | 4243 | 88 |
| iv_497 | 3.3486423624039546 × 10^302 | 4173 | 91 |

## Input Bit Co-occurrences

### Input Bit Co-occurrences Sorted by Co-occurrences

| Input Bits | Co-occurrences | Potential Occurrences | Output Co-occurrences | Potential Output Occurrences |
|:----------:|:--------------:|:---------------------:|:---------------------:|:----------------------------:|
| iv_497-iv_507 | 2110 | 4185 | 43 | 78 |
| iv_508-iv_509 | 2109 | 4304 | 47 | 74 |
| iv_497-iv_509 | 2064 | 4324 | 43 | 85 |
| iv_504-iv_507 | 2044 | 4355 | 38 | 71 |
| iv_506-iv_509 | 2039 | 4245 | 35 | 82 |
| iv_503-iv_504 | 2037 | 4240 | 42 | 67 |
| iv_506-iv_507 | 2035 | 4206 | 35 | 75 |
| iv_507-iv_508 | 2031 | 4413 | 41 | 79 |
| iv_507-iv_509 | 2028 | 4455 | 35 | 83 |
| iv_501-iv_504 | 2022 | 4263 | 43 | 73 |
| iv_504-iv_509 | 2016 | 4458 | 38 | 78 |

### Input Bit Co-occurrences Sorted by Potential Occurrences

| Input Bits | Co-occurrences | Potential Occurrences | Output Co-occurrences | Potential Output Occurrences |
|:----------:|:--------------:|:---------------------:|:---------------------:|:----------------------------:|
| iv_497-iv_507 | 2110 | 4185 | 43 | 78 |
| iv_506-iv_507 | 2035 | 4206 | 35 | 75 |
| iv_501-iv_502 | 1910 | 4233 | 46 | 73 |
| iv_499-iv_508 | 1963 | 4236 | 44 | 72 |
| iv_503-iv_504 | 2037 | 4240 | 42 | 67 |
| iv_506-iv_509 | 2039 | 4245 | 35 | 82 |
| iv_498-iv_506 | 1868 | 4245 | 33 | 79 |
| iv_497-iv_502 | 1941 | 4248 | 50 | 71 |
| iv_501-iv_504 | 2022 | 4263 | 43 | 73 |
| iv_502-iv_506 | 1866 | 4269 | 31 | 90 |
| iv_501-iv_503 | 1963 | 4273 | 43 | 76 |

### Input Bit Output Co-occurrences Sorted by Output Co-occurrences

| Input Bits | Co-occurrences | Potential Occurrences | Output Co-occurrences | Potential Output Occurrences |
|:----------:|:--------------:|:---------------------:|:---------------------:|:----------------------------:|
| iv_497-iv_502 | 1941 | 4248 | 50 | 71 |
| iv_497-iv_501 | 1969 | 4331 | 48 | 80 |
| iv_497-iv_508 | 1958 | 4500 | 47 | 85 |
| iv_501-iv_508 | 1973 | 4393 | 47 | 79 |
| iv_508-iv_509 | 2109 | 4304 | 47 | 74 |
| iv_501-iv_502 | 1910 | 4233 | 46 | 73 |
| iv_506-iv_508 | 1995 | 4297 | 45 | 70 |
| iv_499-iv_501 | 1847 | 4321 | 44 | 69 |
| iv_499-iv_508 | 1963 | 4236 | 44 | 72 |
| iv_503-iv_508 | 2016 | 4314 | 44 | 77 |
| iv_497-iv_507 | 2110 | 4185 | 43 | 78 |

### Input Bit Output Co-occurrences Sorted by Potential Output Occurrences

| Input Bits | Co-occurrences | Potential Occurrences | Output Co-occurrences | Potential Output Occurrences |
|:----------:|:--------------:|:---------------------:|:---------------------:|:----------------------------:|
| iv_503-iv_504 | 2037 | 4240 | 42 | 67 |
| iv_498-iv_504 | 1911 | 4326 | 40 | 67 |
| iv_499-iv_502 | 1792 | 4292 | 42 | 68 |
| iv_499-iv_501 | 1847 | 4321 | 44 | 69 |
| iv_506-iv_508 | 1995 | 4297 | 45 | 70 |
| iv_502-iv_503 | 1851 | 4358 | 43 | 71 |
| iv_503-iv_509 | 1962 | 4458 | 43 | 71 |
| iv_504-iv_507 | 2044 | 4355 | 38 | 71 |
| iv_497-iv_502 | 1941 | 4248 | 50 | 71 |
| iv_499-iv_508 | 1963 | 4236 | 44 | 72 |
| iv_502-iv_504 | 1891 | 4386 | 41 | 72 |

## Output Bits

### Output Bits in Regular Order

| Rank | Output Bit | Complexity |
|:----:|:----------:|:----------:|
| 1 | ov_001 | 1.5104347230526746 × 10^304 |
| 2 | ov_002 | 1.3115990597142148 × 10^304 |
| 3 | ov_003 | 1.1333267504700432 × 10^304 |
| 4 | ov_004 | 9.740654205446143 × 10^303 |
| 5 | ov_005 | 8.323474926186483 × 10^303 |
| 6 | ov_006 | 7.067842146515554 × 10^303 |
| 7 | ov_007 | 5.960604628158468 × 10^303 |
| 8 | ov_008 | 4.989302527854355 × 10^303 |
| 9 | ov_009 | 4.1421289692693006 × 10^303 |
| 10 | ov_010 | 3.407897395021634 × 10^303 |
| 11 | ov_011 | 2.776014050263691 × 10^303 |
| 12 | ov_012 | 2.2364550646416437 × 10^303 |
| 13 | ov_013 | 1.7797476380019932 × 10^303 |
| 14 | ov_014 | 1.3969547971076725 × 10^303 |
| 15 | ov_015 | 1.0796631900917275 × 10^303 |
| 16 | ov_016 | 8.199734489318333 × 10^302 |
| 17 | ov_017 | 6.10492739943906 × 10^302 |
| 18 | ov_018 | 4.443291590415822 × 10^302 |
| 19 | ov_019 | 3.150876123433763 × 10^302 |
| 20 | ov_020 | 2.168668328670479 × 10^302 |
| 21 | ov_021 | 1.4425723554600257 × 10^302 |
| 22 | ov_022 | 9.233939196516805 × 10^301 |
| 23 | ov_023 | 5.668297852475838 × 10^301 |
| 24 | ov_024 | 3.3346087232029444 × 10^301 |
| 25 | ov_025 | 1.8874806542731189 × 10^301 |
| 26 | ov_026 | 1.0302994139908132 × 10^301 |
| 27 | ov_027 | 5.1521720229435827 × 10^300 |
| 28 | ov_028 | 2.3050097230855896 × 10^300 |
| 29 | ov_029 | 8.879838731162527 × 10^299 |
| 30 | ov_030 | 2.7137557923656007 × 10^299 |
| 31 | ov_031 | 5.290034057262112 × 10^298 |
| 32 | lv_80_m31 | 1.0307764250895563 × 10^298 |
| 33 | ov_033 | 1.2392371755777254 × 10^299 |
| 34 | ov_034 | 1.07554227469618 × 10^299 |
| 35 | ov_035 | 9.289301941403741 × 10^298 |
| 36 | ov_036 | 7.979593675583128 × 10^298 |
| 37 | ov_037 | 6.812665318965928 × 10^298 |
| 38 | ov_038 | 5.781888893801352 × 10^298 |
| 39 | ov_039 | 4.875038749723844 × 10^298 |
| 40 | ov_040 | 4.080527284368528 × 10^298 |
| 41 | ov_041 | 3.3873696060947637 × 10^298 |
| 42 | ov_042 | 2.78515363314324 × 10^298 |
| 43 | ov_043 | 2.268813110465526 × 10^298 |
| 44 | ov_044 | 1.8290107245763948 × 10^298 |
| 45 | ov_045 | 1.4569191965219676 × 10^298 |
| 46 | ov_046 | 1.1442075979826322 × 10^298 |
| 47 | ov_047 | 8.868330328358759 × 10^297 |
| 48 | ov_048 | 6.774271332912948 × 10^297 |
| 49 | ov_049 | 5.090921680199112 × 10^297 |
| 50 | ov_050 | 3.7539627464755824 × 10^297 |
| 51 | ov_051 | 2.7037001877752247 × 10^297 |
| 52 | ov_052 | 1.9114393318625552 × 10^297 |
| 53 | ov_053 | 1.3266696358620233 × 10^297 |
| 54 | ov_054 | 9.034530672320201 × 10^296 |
| 55 | ov_055 | 6.004167108619112 × 10^296 |
| 56 | ov_056 | 3.807480499609255 × 10^296 |
| 57 | ov_057 | 2.2718047594332973 × 10^296 |
| 58 | ov_058 | 1.2472564804827036 × 10^296 |
| 59 | ov_059 | 6.067295339665185 × 10^295 |
| 60 | ov_060 | 2.45892603005208 × 10^295 |
| 61 | ov_061 | 8.318828726956492 × 10^294 |
| 62 | ov_062 | 2.2292056462746345 × 10^294 |
| 63 | ov_063 | 4.932430319075728 × 10^293 |
| 64 | lv_79_m31 | 9.613255595521312 × 10^292 |
| 65 | ov_065 | 1.1458586320094813 × 10^294 |
| 66 | ov_066 | 1.145855494532128 × 10^294 |
| 67 | ov_067 | 1.1458547440844941 × 10^294 |
| 68 | ov_068 | 9.92781336827844 × 10^293 |
| 69 | ov_069 | 8.556532983591935 × 10^293 |
| 70 | ov_070 | 7.332930922596705 × 10^293 |
| 71 | ov_071 | 6.245802842361926 × 10^293 |
| 72 | ov_072 | 5.284477282589849 × 10^293 |
| 73 | ov_073 | 4.438784661604349 × 10^293 |
| 74 | ov_074 | 3.699032460324248 × 10^293 |
| 75 | ov_075 | 3.055985697609848 × 10^293 |
| 76 | ov_076 | 2.500851848460267 × 10^293 |
| 77 | ov_077 | 2.0252694030466213 × 10^293 |
| 78 | ov_078 | 1.6212993097974289 × 10^293 |
| 79 | ov_079 | 1.2814185899679891 × 10^293 |
| 80 | ov_080 | 9.985154545459778 × 10^292 |
| 81 | ov_081 | 7.658853622763638 × 10^292 |
| 82 | ov_082 | 5.772276900935407 × 10^292 |
| 83 | ov_083 | 4.2664290380927894 × 10^292 |
| 84 | ov_084 | 3.0863018742244287 × 10^292 |
| 85 | ov_085 | 2.1808548952958125 × 10^292 |
| 86 | ov_086 | 1.5029994539177615 × 10^292 |
| 87 | ov_087 | 1.0095863326297329 × 10^292 |
| 88 | ov_088 | 6.613962361588683 × 10^291 |
| 89 | ov_089 | 4.2313279919328546 × 10^291 |
| 90 | ov_090 | 2.6341769630054557 × 10^291 |
| 91 | ov_091 | 1.5478744066544725 × 10^291 |
| 92 | ov_092 | 8.448869101210978 × 10^290 |
| 93 | ov_093 | 4.172421812720159 × 10^290 |
| 94 | ov_094 | 1.7652564298772684 × 10^290 |
| 95 | aaa_78_28 | 5.387904092074382 × 10^289 |
| 96 | aaa_78_29 | 1.6245202649173808 × 10^289 |
| 97 | ov_097 | 8.376712553621974 × 10^288 |
| 98 | ov_098 | 8.376643801254916 × 10^288 |
| 99 | ov_099 | 8.376621803991408 × 10^288 |
| 100 | ov_100 | 6.989507733728296 × 10^288 |
| 101 | ov_101 | 5.785933936215673 × 10^288 |
| 102 | ov_102 | 4.749044058693749 × 10^288 |
| 103 | ov_103 | 3.8629096070475664 × 10^288 |
| 104 | ov_104 | 3.112461973180825 × 10^288 |
| 105 | ov_105 | 2.483433295600337 × 10^288 |
| 106 | ov_106 | 1.9623053493661992 × 10^288 |
| 107 | ov_107 | 1.536265702898334 × 10^288 |
| 108 | ov_108 | 1.193170419020255 × 10^288 |
| 109 | ov_109 | 9.215126163555988 × 10^287 |
| 110 | ov_110 | 7.103962450193967 × 10^287 |
| 111 | ov_111 | 5.495144676742328 × 10^287 |
| 112 | ov_112 | 4.291320736252249 × 10^287 |
| 113 | ov_113 | 3.400713898483243 × 10^287 |
| 114 | ov_114 | 2.7370118879614364 × 10^287 |
| 115 | ov_115 | 2.219281285928157 × 10^287 |
| 116 | ov_116 | 1.7719029688131585 × 10^287 |
| 117 | ov_117 | 1.389644025616558 × 10^287 |
| 118 | ov_118 | 1.0672951650308404 × 10^287 |
| 119 | ov_119 | 7.996632733853627 × 10^286 |
| 120 | ov_120 | 5.81566236244069 × 10^286 |
| 121 | ov_121 | 4.078292184798664 × 10^286 |
| 122 | ov_122 | 2.7328193371805783 × 10^286 |
| 123 | ov_123 | 1.7275672574874646 × 10^286 |
| 124 | ov_124 | 1.0108728451333136 × 10^286 |
| 125 | ov_125 | 5.3107862461323714 × 10^285 |
| 126 | ov_126 | 2.365288991849033 × 10^285 |
| 127 | aaa_77_28 | 7.55684055540288 × 10^284 |
| 128 | aaa_77_29 | 2.8353873480977937 × 10^284 |
| 129 | ov_129 | 2.616075129949508 × 10^284 |
| 130 | ov_130 | 2.6160693178909226 × 10^284 |
| 131 | ov_131 | 2.6160674661157535 × 10^284 |
| 132 | ov_132 | 2.2702650341420754 × 10^284 |
| 133 | ov_133 | 1.9599129837586073 × 10^284 |
| 134 | ov_134 | 1.6822534483592329 × 10^284 |
| 135 | ov_135 | 1.4346750479949983 × 10^284 |
| 136 | ov_136 | 1.2147024128978089 × 10^284 |
| 137 | ov_137 | 1.0211306487465592 × 10^284 |
| 138 | ov_138 | 8.51730778656016 × 10^283 |
| 139 | ov_139 | 7.043867538612416 × 10^283 |
| 140 | ov_140 | 5.770900826090392 × 10^283 |
| 141 | ov_141 | 4.679354085836119 × 10^283 |
| 142 | ov_142 | 3.7511692211607104 × 10^283 |
| 143 | ov_143 | 2.9692549422517135 × 10^283 |
| 144 | ov_144 | 2.3174643027288275 × 10^283 |
| 145 | ov_145 | 1.7805774671312178 × 10^283 |
| 146 | ov_146 | 1.3442888108001076 × 10^283 |
| 147 | ov_147 | 9.951975201330187 × 10^282 |
| 148 | ov_148 | 7.208009671518655 × 10^282 |
| 149 | ov_149 | 5.094902777793472 × 10^282 |
| 150 | ov_150 | 3.505475794924491 × 10^282 |
| 151 | ov_151 | 2.3414440113408686 × 10^282 |
| 152 | ov_152 | 1.513407473235126 × 10^282 |
| 153 | ov_153 | 9.408451987332276 × 10^281 |
| 154 | ov_154 | 5.5211129786011786 × 10^281 |
| 155 | ov_155 | 2.8443242655147667 × 10^281 |
| 156 | aaa_76_25 | 1.0863984617760074 × 10^281 |
| 157 | aaa_76_26 | 6.17856473914098 × 10^280 |
| 158 | aaa_76_27 | 3.07951251707688 × 10^280 |
| 159 | aaa_76_28 | 1.1233444545383284 × 10^280 |
| 160 | aaa_76_29 | 2.985328849786183 × 10^279 |

### Output Bits Sorted by Complexity

| Rank | Output Bit | Complexity |
|:----:|:----------:|:----------:|
| 160 | aaa_76_29 | 2.985328849786183 × 10^279 |
| 159 | aaa_76_28 | 1.1233444545383284 × 10^280 |
| 158 | aaa_76_27 | 3.07951251707688 × 10^280 |
| 157 | aaa_76_26 | 6.17856473914098 × 10^280 |
| 156 | aaa_76_25 | 1.0863984617760074 × 10^281 |
| 155 | ov_155 | 2.8443242655147667 × 10^281 |
| 154 | ov_154 | 5.5211129786011786 × 10^281 |
| 153 | ov_153 | 9.408451987332276 × 10^281 |
| 152 | ov_152 | 1.513407473235126 × 10^282 |
| 151 | ov_151 | 2.3414440113408686 × 10^282 |
| 150 | ov_150 | 3.505475794924491 × 10^282 |
| 149 | ov_149 | 5.094902777793472 × 10^282 |
| 148 | ov_148 | 7.208009671518655 × 10^282 |
| 147 | ov_147 | 9.951975201330187 × 10^282 |
| 146 | ov_146 | 1.3442888108001076 × 10^283 |
| 145 | ov_145 | 1.7805774671312178 × 10^283 |
| 144 | ov_144 | 2.3174643027288275 × 10^283 |
| 143 | ov_143 | 2.9692549422517135 × 10^283 |
| 142 | ov_142 | 3.7511692211607104 × 10^283 |
| 141 | ov_141 | 4.679354085836119 × 10^283 |
| 140 | ov_140 | 5.770900826090392 × 10^283 |
| 139 | ov_139 | 7.043867538612416 × 10^283 |
| 138 | ov_138 | 8.51730778656016 × 10^283 |
| 137 | ov_137 | 1.0211306487465592 × 10^284 |
| 136 | ov_136 | 1.2147024128978089 × 10^284 |
| 135 | ov_135 | 1.4346750479949983 × 10^284 |
| 134 | ov_134 | 1.6822534483592329 × 10^284 |
| 133 | ov_133 | 1.9599129837586073 × 10^284 |
| 132 | ov_132 | 2.2702650341420754 × 10^284 |
| 131 | ov_131 | 2.6160674661157535 × 10^284 |
| 130 | ov_130 | 2.6160693178909226 × 10^284 |
| 129 | ov_129 | 2.616075129949508 × 10^284 |
| 128 | aaa_77_29 | 2.8353873480977937 × 10^284 |
| 127 | aaa_77_28 | 7.55684055540288 × 10^284 |
| 126 | ov_126 | 2.365288991849033 × 10^285 |
| 125 | ov_125 | 5.3107862461323714 × 10^285 |
| 124 | ov_124 | 1.0108728451333136 × 10^286 |
| 123 | ov_123 | 1.7275672574874646 × 10^286 |
| 122 | ov_122 | 2.7328193371805783 × 10^286 |
| 121 | ov_121 | 4.078292184798664 × 10^286 |
| 120 | ov_120 | 5.81566236244069 × 10^286 |
| 119 | ov_119 | 7.996632733853627 × 10^286 |
| 118 | ov_118 | 1.0672951650308404 × 10^287 |
| 117 | ov_117 | 1.389644025616558 × 10^287 |
| 116 | ov_116 | 1.7719029688131585 × 10^287 |
| 115 | ov_115 | 2.219281285928157 × 10^287 |
| 114 | ov_114 | 2.7370118879614364 × 10^287 |
| 113 | ov_113 | 3.400713898483243 × 10^287 |
| 112 | ov_112 | 4.291320736252249 × 10^287 |
| 111 | ov_111 | 5.495144676742328 × 10^287 |
| 110 | ov_110 | 7.103962450193967 × 10^287 |
| 109 | ov_109 | 9.215126163555988 × 10^287 |
| 108 | ov_108 | 1.193170419020255 × 10^288 |
| 107 | ov_107 | 1.536265702898334 × 10^288 |
| 106 | ov_106 | 1.9623053493661992 × 10^288 |
| 105 | ov_105 | 2.483433295600337 × 10^288 |
| 104 | ov_104 | 3.112461973180825 × 10^288 |
| 103 | ov_103 | 3.8629096070475664 × 10^288 |
| 102 | ov_102 | 4.749044058693749 × 10^288 |
| 101 | ov_101 | 5.785933936215673 × 10^288 |
| 100 | ov_100 | 6.989507733728296 × 10^288 |
| 99 | ov_099 | 8.376621803991408 × 10^288 |
| 98 | ov_098 | 8.376643801254916 × 10^288 |
| 97 | ov_097 | 8.376712553621974 × 10^288 |
| 96 | aaa_78_29 | 1.6245202649173808 × 10^289 |
| 95 | aaa_78_28 | 5.387904092074382 × 10^289 |
| 94 | ov_094 | 1.7652564298772684 × 10^290 |
| 93 | ov_093 | 4.172421812720159 × 10^290 |
| 92 | ov_092 | 8.448869101210978 × 10^290 |
| 91 | ov_091 | 1.5478744066544725 × 10^291 |
| 90 | ov_090 | 2.6341769630054557 × 10^291 |
| 89 | ov_089 | 4.2313279919328546 × 10^291 |
| 88 | ov_088 | 6.613962361588683 × 10^291 |
| 87 | ov_087 | 1.0095863326297329 × 10^292 |
| 86 | ov_086 | 1.5029994539177615 × 10^292 |
| 85 | ov_085 | 2.1808548952958125 × 10^292 |
| 84 | ov_084 | 3.0863018742244287 × 10^292 |
| 83 | ov_083 | 4.2664290380927894 × 10^292 |
| 82 | ov_082 | 5.772276900935407 × 10^292 |
| 81 | ov_081 | 7.658853622763638 × 10^292 |
| 64 | lv_79_m31 | 9.613255595521312 × 10^292 |
| 80 | ov_080 | 9.985154545459778 × 10^292 |
| 79 | ov_079 | 1.2814185899679891 × 10^293 |
| 78 | ov_078 | 1.6212993097974289 × 10^293 |
| 77 | ov_077 | 2.0252694030466213 × 10^293 |
| 76 | ov_076 | 2.500851848460267 × 10^293 |
| 75 | ov_075 | 3.055985697609848 × 10^293 |
| 74 | ov_074 | 3.699032460324248 × 10^293 |
| 73 | ov_073 | 4.438784661604349 × 10^293 |
| 63 | ov_063 | 4.932430319075728 × 10^293 |
| 72 | ov_072 | 5.284477282589849 × 10^293 |
| 71 | ov_071 | 6.245802842361926 × 10^293 |
| 70 | ov_070 | 7.332930922596705 × 10^293 |
| 69 | ov_069 | 8.556532983591935 × 10^293 |
| 68 | ov_068 | 9.92781336827844 × 10^293 |
| 67 | ov_067 | 1.1458547440844941 × 10^294 |
| 66 | ov_066 | 1.145855494532128 × 10^294 |
| 65 | ov_065 | 1.1458586320094813 × 10^294 |
| 62 | ov_062 | 2.2292056462746345 × 10^294 |
| 61 | ov_061 | 8.318828726956492 × 10^294 |
| 60 | ov_060 | 2.45892603005208 × 10^295 |
| 59 | ov_059 | 6.067295339665185 × 10^295 |
| 58 | ov_058 | 1.2472564804827036 × 10^296 |
| 57 | ov_057 | 2.2718047594332973 × 10^296 |
| 56 | ov_056 | 3.807480499609255 × 10^296 |
| 55 | ov_055 | 6.004167108619112 × 10^296 |
| 54 | ov_054 | 9.034530672320201 × 10^296 |
| 53 | ov_053 | 1.3266696358620233 × 10^297 |
| 52 | ov_052 | 1.9114393318625552 × 10^297 |
| 51 | ov_051 | 2.7037001877752247 × 10^297 |
| 50 | ov_050 | 3.7539627464755824 × 10^297 |
| 49 | ov_049 | 5.090921680199112 × 10^297 |
| 48 | ov_048 | 6.774271332912948 × 10^297 |
| 47 | ov_047 | 8.868330328358759 × 10^297 |
| 32 | lv_80_m31 | 1.0307764250895563 × 10^298 |
| 46 | ov_046 | 1.1442075979826322 × 10^298 |
| 45 | ov_045 | 1.4569191965219676 × 10^298 |
| 44 | ov_044 | 1.8290107245763948 × 10^298 |
| 43 | ov_043 | 2.268813110465526 × 10^298 |
| 42 | ov_042 | 2.78515363314324 × 10^298 |
| 41 | ov_041 | 3.3873696060947637 × 10^298 |
| 40 | ov_040 | 4.080527284368528 × 10^298 |
| 39 | ov_039 | 4.875038749723844 × 10^298 |
| 31 | ov_031 | 5.290034057262112 × 10^298 |
| 38 | ov_038 | 5.781888893801352 × 10^298 |
| 37 | ov_037 | 6.812665318965928 × 10^298 |
| 36 | ov_036 | 7.979593675583128 × 10^298 |
| 35 | ov_035 | 9.289301941403741 × 10^298 |
| 34 | ov_034 | 1.07554227469618 × 10^299 |
| 33 | ov_033 | 1.2392371755777254 × 10^299 |
| 30 | ov_030 | 2.7137557923656007 × 10^299 |
| 29 | ov_029 | 8.879838731162527 × 10^299 |
| 28 | ov_028 | 2.3050097230855896 × 10^300 |
| 27 | ov_027 | 5.1521720229435827 × 10^300 |
| 26 | ov_026 | 1.0302994139908132 × 10^301 |
| 25 | ov_025 | 1.8874806542731189 × 10^301 |
| 24 | ov_024 | 3.3346087232029444 × 10^301 |
| 23 | ov_023 | 5.668297852475838 × 10^301 |
| 22 | ov_022 | 9.233939196516805 × 10^301 |
| 21 | ov_021 | 1.4425723554600257 × 10^302 |
| 20 | ov_020 | 2.168668328670479 × 10^302 |
| 19 | ov_019 | 3.150876123433763 × 10^302 |
| 18 | ov_018 | 4.443291590415822 × 10^302 |
| 17 | ov_017 | 6.10492739943906 × 10^302 |
| 16 | ov_016 | 8.199734489318333 × 10^302 |
| 15 | ov_015 | 1.0796631900917275 × 10^303 |
| 14 | ov_014 | 1.3969547971076725 × 10^303 |
| 13 | ov_013 | 1.7797476380019932 × 10^303 |
| 12 | ov_012 | 2.2364550646416437 × 10^303 |
| 11 | ov_011 | 2.776014050263691 × 10^303 |
| 10 | ov_010 | 3.407897395021634 × 10^303 |
| 9 | ov_009 | 4.1421289692693006 × 10^303 |
| 8 | ov_008 | 4.989302527854355 × 10^303 |
| 7 | ov_007 | 5.960604628158468 × 10^303 |
| 6 | ov_006 | 7.067842146515554 × 10^303 |
| 5 | ov_005 | 8.323474926186483 × 10^303 |
| 4 | ov_004 | 9.740654205446143 × 10^303 |
| 3 | ov_003 | 1.1333267504700432 × 10^304 |
| 2 | ov_002 | 1.3115990597142148 × 10^304 |
| 1 | ov_001 | 1.5104347230526746 × 10^304 |

