# Results for F001-F002-F003-F004-F005-F006-F007-F008-F009-F010-F011-F012-F013-F014-F015-F016-F017-F018-F019-F020-F021-F022-F023-F024-F025-F026-F027-F028-F029-F030-F031-F032-F033-F034-F035-F036-F037-F038-F039-F040-F041-F042-F043-F044-F045-F046-F047-F048-F049-F050-F051-F052-F053-F054-F055-F056-F057-F058-F059-F060-F061-F062-F063-F064-F065-F066-F067-F068-F069-F070-F071-F072-F073-F074-F075-F076-F077-F078-F079-F080-F081-F082-F083-F084-F085-F086-F087-F088-F089-F090-F091-F092-F093-F094-F095-F096-F097-F098-F099-F100-F101-F102-F103-F104-F105-F106-F107-F108-F109-F110-F111-F112-F113-F114-F115-F116-F117-F118-F119-F120-F121-F122-F123-F124-F125-F126-F127-F128-F129-F130-F131-F132-F133-F134-F135-F136-F137-F138-F139-F140-F141-F142-F143-F144-F145-F146-F147-F148-F149-F150-F151-F152-F153-F154-F155-F156-F157-F158-F159-F160-F161-F162-F163-F164-F165-F166-F167-F168-F169-F170-F171-F172-F173-F174-F175-F176-F177-F178-F179-F180-F181-F182-F183-F184-F185-F186-F187-F188-F189-F190-F191-F192-F193-F194-F195-F196-F197-F198-F199-F200-F201-F202-F203-F204-F205-F206-F207-F208-F209-F210-F211-F212-F213-F214-F215-F216-F217-F218-F219-F220-F221-F222-F223-F224-F225-F226-F227-F228-F229-F230-F231-F232-F233-F234-F235-F236-F237-F238-F239-F240-F241-F242-F243-F244-F245-F246-F247-F248-F249-F250-F251-F252-F253-F254-F255-F256-F257-F258-F259-F260-F261-F262-F263-F264-F265-F266-F267-F268-F269-F270-F271-F272-F273-F274-F275-F276-F277-F278-F279-F280-F281-F282-F283-F284-F285-F286-F287-F288-F289-F290-F291-F292-F293-F294-F295-F296-F297-F298-F299-F300-F301-F302-F303-F304-F305-F306-F307-F308-F309-F310-F311-F312-F313-F314-F315-F316-F317-F318-F319-F320-F321-F322-F323-F324-F325-F326-F327-F328-F329-F330-F331-F332-F333-F334-F335-F336-F337-F338-F339-F340-F341-F342-F343-F344-F345-F346-F347-F348-F349-F350-F351-F352-F353-F354-F355-F356-F357-F358-F359-F360-F361-F362-F363-F364-F365-F366-F367-F368-F369-F370-F371-F372-F373-F374-F375-F376-F377-F378-F379-F380-F381-F382-F383-F384-F385-F386-F387-F388-F389-F390-F391-F392-F393-F394-F395-F396-F397-F398-F399-F400-F401-F402-F403-F404-F405-F406-F407-F408-F409-F410-F411-F412-F413-F414-F415-F416-F417-F418-F419-F420-F421-F422-F423-F424-F425-F426-F427-F428-F429-F430-F431-F432-F433-F434-F435-F436-F437-F438-F439-F440-F441-F442-F443-F444-F445-F446-F447-F448-F449-F450-F451-F452-F453-F454-F455-F456-F457-F458-F459-F460-F461-F462-F463-F464-F465-F466-F467-F468-F469-F470-F471-F472-F473-F474-F475-F476-F477-F478-F479-F480-F481-F482-F483-F484-F485-F486-F487-F488-F489-F490-F491-F492-F493-F494-F495-F496-O498508-E499505-F510-F511-F512

## Summary

Number of input bits: 512  
Number of free input bits: 11  
Number of output bits: 160

Number of direct occurrences: 44787  
Number of assignments: 31361  
Number of operations: 10948164
(xor: 10919999,
and: 14755,
or: 13410)

Total complexity: 1.0984056953311117 × 10^299

Least occurring input variable: iv_502 (3858)  
Most occurring input variable: iv_498 (4320)

Most co-occurring input variables: iv_498-iv_509 (2089)  
Least co-occurring input variables: iv_502-iv_504 (1787)

Potentially most occurring input variable: iv_497/iv_498 (4516)  
Potentially least occurring input variable: iv_499/iv_504 (4100)

Least output occurring input variable: iv_499 (57)  
Most output occurring input variable: iv_497 (93)

Most output co-occurring input variables: iv_497-iv_502 (52)  
Least output co-occurring input variables: iv_499-iv_501 (25)

Potentially most output occurring input variable: iv_503/iv_509 (98)  
Potentially least output occurring input variable: iv_497/iv_504 (71)

Least complex input bit: iv_497 (3.1408240638589164 × 10^296)  
Most complex input bit: iv_499 (1.977350899106107 × 10^298)

Least complex output bit: aaa_76_29 (2.2125808359007926 × 10^274)  
Most complex output bit: ov_001 (1.7420821127004209 × 10^298)

Least complex input/output complexity: iv_497/aaa_76_29 (6.326739894165808 × 10^271)  
Most complex input/output complexity: iv_499/ov_001 (3.1360977519571595 × 10^297)

## Input Bits

### Input Bits in Regular Order

| Input Bit | Complexity | Occurrences | Output Occurrences |
|:---------:|:----------:|:-----------:|:------------------:|
| iv_497 | 3.1408240638589164 × 10^296 | 4114 | 93 |
| iv_498 | 1.8636715935386412 × 10^298 | 4320 | 68 |
| iv_499 | 1.977350899106107 × 10^298 | 4146 | 57 |
| iv_500 | 1.8491701223101717 × 10^297 | 4082 | 76 |
| iv_501 | 3.046046238511353 × 10^297 | 4050 | 83 |
| iv_502 | 4.9222097566614065 × 10^297 | 3858 | 82 |
| iv_503 | 7.821161509338983 × 10^297 | 4022 | 75 |
| iv_504 | 1.2192128503271768 × 10^298 | 3904 | 78 |
| iv_506 | 9.446333398717139 × 10^297 | 3927 | 82 |
| iv_507 | 1.3562684378112207 × 10^298 | 4155 | 76 |
| iv_509 | 1.827652829335491 × 10^298 | 4209 | 87 |

### Input Bits Sorted by Complexity

| Input Bit | Complexity | Occurrences | Output Occurrences |
|:---------:|:----------:|:-----------:|:------------------:|
| iv_497 | 3.1408240638589164 × 10^296 | 4114 | 93 |
| iv_500 | 1.8491701223101717 × 10^297 | 4082 | 76 |
| iv_501 | 3.046046238511353 × 10^297 | 4050 | 83 |
| iv_502 | 4.9222097566614065 × 10^297 | 3858 | 82 |
| iv_503 | 7.821161509338983 × 10^297 | 4022 | 75 |
| iv_506 | 9.446333398717139 × 10^297 | 3927 | 82 |
| iv_504 | 1.2192128503271768 × 10^298 | 3904 | 78 |
| iv_507 | 1.3562684378112207 × 10^298 | 4155 | 76 |
| iv_509 | 1.827652829335491 × 10^298 | 4209 | 87 |
| iv_498 | 1.8636715935386412 × 10^298 | 4320 | 68 |
| iv_499 | 1.977350899106107 × 10^298 | 4146 | 57 |

### Input Bits Sorted by Occurrences

| Input Bit | Complexity | Occurrences | Output Occurrences |
|:---------:|:----------:|:-----------:|:------------------:|
| iv_502 | 4.9222097566614065 × 10^297 | 3858 | 82 |
| iv_504 | 1.2192128503271768 × 10^298 | 3904 | 78 |
| iv_506 | 9.446333398717139 × 10^297 | 3927 | 82 |
| iv_503 | 7.821161509338983 × 10^297 | 4022 | 75 |
| iv_501 | 3.046046238511353 × 10^297 | 4050 | 83 |
| iv_500 | 1.8491701223101717 × 10^297 | 4082 | 76 |
| iv_497 | 3.1408240638589164 × 10^296 | 4114 | 93 |
| iv_499 | 1.977350899106107 × 10^298 | 4146 | 57 |
| iv_507 | 1.3562684378112207 × 10^298 | 4155 | 76 |
| iv_509 | 1.827652829335491 × 10^298 | 4209 | 87 |
| iv_498 | 1.8636715935386412 × 10^298 | 4320 | 68 |

### Input Bits Sorted by Output Occurrences

| Input Bit | Complexity | Occurrences | Output Occurrences |
|:---------:|:----------:|:-----------:|:------------------:|
| iv_499 | 1.977350899106107 × 10^298 | 4146 | 57 |
| iv_498 | 1.8636715935386412 × 10^298 | 4320 | 68 |
| iv_503 | 7.821161509338983 × 10^297 | 4022 | 75 |
| iv_500 | 1.8491701223101717 × 10^297 | 4082 | 76 |
| iv_507 | 1.3562684378112207 × 10^298 | 4155 | 76 |
| iv_504 | 1.2192128503271768 × 10^298 | 3904 | 78 |
| iv_502 | 4.9222097566614065 × 10^297 | 3858 | 82 |
| iv_506 | 9.446333398717139 × 10^297 | 3927 | 82 |
| iv_501 | 3.046046238511353 × 10^297 | 4050 | 83 |
| iv_509 | 1.827652829335491 × 10^298 | 4209 | 87 |
| iv_497 | 3.1408240638589164 × 10^296 | 4114 | 93 |

## Input Bit Co-occurrences

### Input Bit Co-occurrences Sorted by Co-occurrences

| Input Bits | Co-occurrences | Potential Occurrences | Output Co-occurrences | Potential Output Occurrences |
|:----------:|:--------------:|:---------------------:|:---------------------:|:----------------------------:|
| iv_498-iv_509 | 2089 | 4351 | 34 | 87 |
| iv_507-iv_509 | 2046 | 4272 | 44 | 75 |
| iv_498-iv_507 | 2041 | 4393 | 33 | 78 |
| iv_497-iv_507 | 2032 | 4205 | 44 | 81 |
| iv_499-iv_509 | 2017 | 4321 | 31 | 82 |
| iv_501-iv_509 | 2015 | 4229 | 49 | 72 |
| iv_497-iv_509 | 2003 | 4317 | 50 | 80 |
| iv_498-iv_503 | 1997 | 4348 | 32 | 79 |
| iv_497-iv_501 | 1989 | 4186 | 48 | 80 |
| iv_498-iv_500 | 1987 | 4428 | 34 | 76 |
| iv_499-iv_507 | 1980 | 4341 | 29 | 75 |

### Input Bit Co-occurrences Sorted by Potential Occurrences

| Input Bits | Co-occurrences | Potential Occurrences | Output Co-occurrences | Potential Output Occurrences |
|:----------:|:--------------:|:---------------------:|:---------------------:|:----------------------------:|
| iv_499-iv_504 | 1975 | 4100 | 27 | 81 |
| iv_504-iv_506 | 1859 | 4113 | 42 | 76 |
| iv_506-iv_507 | 1970 | 4142 | 39 | 80 |
| iv_497-iv_506 | 1936 | 4169 | 51 | 73 |
| iv_497-iv_501 | 1989 | 4186 | 48 | 80 |
| iv_502-iv_504 | 1787 | 4188 | 42 | 76 |
| iv_497-iv_502 | 1891 | 4190 | 52 | 71 |
| iv_502-iv_506 | 1797 | 4191 | 44 | 76 |
| iv_497-iv_504 | 1913 | 4192 | 50 | 71 |
| iv_497-iv_503 | 1970 | 4196 | 46 | 76 |
| iv_500-iv_506 | 1906 | 4197 | 36 | 86 |

### Input Bit Output Co-occurrences Sorted by Output Co-occurrences

| Input Bits | Co-occurrences | Potential Occurrences | Output Co-occurrences | Potential Output Occurrences |
|:----------:|:--------------:|:---------------------:|:---------------------:|:----------------------------:|
| iv_497-iv_502 | 1891 | 4190 | 52 | 71 |
| iv_497-iv_506 | 1936 | 4169 | 51 | 73 |
| iv_497-iv_504 | 1913 | 4192 | 50 | 71 |
| iv_497-iv_509 | 2003 | 4317 | 50 | 80 |
| iv_501-iv_509 | 2015 | 4229 | 49 | 72 |
| iv_497-iv_501 | 1989 | 4186 | 48 | 80 |
| iv_502-iv_509 | 1859 | 4349 | 46 | 77 |
| iv_497-iv_503 | 1970 | 4196 | 46 | 76 |
| iv_501-iv_506 | 1844 | 4289 | 44 | 77 |
| iv_502-iv_506 | 1797 | 4191 | 44 | 76 |
| iv_497-iv_507 | 2032 | 4205 | 44 | 81 |

### Input Bit Output Co-occurrences Sorted by Potential Output Occurrences

| Input Bits | Co-occurrences | Potential Occurrences | Output Co-occurrences | Potential Output Occurrences |
|:----------:|:--------------:|:---------------------:|:---------------------:|:----------------------------:|
| iv_497-iv_504 | 1913 | 4192 | 50 | 71 |
| iv_498-iv_499 | 1975 | 4516 | 27 | 71 |
| iv_497-iv_502 | 1891 | 4190 | 52 | 71 |
| iv_501-iv_509 | 2015 | 4229 | 49 | 72 |
| iv_499-iv_503 | 1891 | 4386 | 30 | 72 |
| iv_497-iv_506 | 1936 | 4169 | 51 | 73 |
| iv_500-iv_503 | 1931 | 4242 | 39 | 73 |
| iv_502-iv_507 | 1885 | 4243 | 42 | 74 |
| iv_499-iv_507 | 1980 | 4341 | 29 | 75 |
| iv_507-iv_509 | 2046 | 4272 | 44 | 75 |
| iv_502-iv_504 | 1787 | 4188 | 42 | 76 |

## Output Bits

### Output Bits in Regular Order

| Rank | Output Bit | Complexity |
|:----:|:----------:|:----------:|
| 1 | ov_001 | 1.7420821127004209 × 10^298 |
| 2 | ov_002 | 1.512806862731904 × 10^298 |
| 3 | ov_003 | 1.3072289539660048 × 10^298 |
| 4 | ov_004 | 1.1235619714917888 × 10^298 |
| 5 | ov_005 | 9.601168720798527 × 10^297 |
| 6 | ov_006 | 8.152950862860788 × 10^297 |
| 7 | ov_007 | 6.875825165811376 × 10^297 |
| 8 | ov_008 | 5.755443591679301 × 10^297 |
| 9 | ov_009 | 4.778206818088935 × 10^297 |
| 10 | ov_010 | 3.9312268408363575 × 10^297 |
| 11 | ov_011 | 3.2022956566410305 × 10^297 |
| 12 | ov_012 | 2.579859324554984 × 10^297 |
| 13 | ov_013 | 2.0529967462898148 × 10^297 |
| 14 | ov_014 | 1.6114025468563986 × 10^297 |
| 15 | ov_015 | 1.2453734775598556 × 10^297 |
| 16 | ov_016 | 9.457978036803608 × 10^296 |
| 17 | ov_017 | 7.041471791997403 × 10^296 |
| 18 | ov_018 | 5.124705507815776 × 10^296 |
| 19 | ov_019 | 3.633896729354702 × 10^296 |
| 20 | ov_020 | 2.5009585593461076 × 10^296 |
| 21 | ov_021 | 1.6634762387399142 × 10^296 |
| 22 | ov_022 | 1.0646904604051138 × 10^296 |
| 23 | ov_023 | 6.534858312096484 × 10^295 |
| 24 | ov_024 | 3.843832823877821 × 10^295 |
| 25 | ov_025 | 2.175354256581538 × 10^295 |
| 26 | ov_026 | 1.1872400952733593 × 10^295 |
| 27 | ov_027 | 5.935872257456849 × 10^294 |
| 28 | ov_028 | 2.655130623441528 × 10^294 |
| 29 | ov_029 | 1.0227175917967041 × 10^294 |
| 30 | ov_030 | 3.125389470202645 × 10^293 |
| 31 | ov_031 | 6.093449024504017 × 10^292 |
| 32 | lv_80_m31 | 1.1877827544825997 × 10^292 |
| 33 | ov_033 | 1.4239914933807638 × 10^293 |
| 34 | ov_034 | 1.2346955797297416 × 10^293 |
| 35 | ov_035 | 1.0652863304749993 × 10^293 |
| 36 | ov_036 | 9.142036728422678 × 10^292 |
| 37 | ov_037 | 7.799718722217287 × 10^292 |
| 38 | ov_038 | 6.611935967640859 × 10^292 |
| 39 | ov_039 | 5.565447817671053 × 10^292 |
| 40 | ov_040 | 4.647702163754337 × 10^292 |
| 41 | ov_041 | 3.8467977984296524 × 10^292 |
| 42 | ov_042 | 3.15145259087952 × 10^292 |
| 43 | ov_043 | 2.5561766094557804 × 10^292 |
| 44 | ov_044 | 2.0508504954976443 × 10^292 |
| 45 | ov_045 | 1.6259071728638217 × 10^292 |
| 46 | ov_046 | 1.2723172743514476 × 10^292 |
| 47 | ov_047 | 9.815775732118533 × 10^291 |
| 48 | ov_048 | 7.457019694414844 × 10^291 |
| 49 | ov_049 | 5.5721461528928457 × 10^291 |
| 50 | ov_050 | 4.0914479854244224 × 10^291 |
| 51 | ov_051 | 2.950232357723552 × 10^291 |
| 52 | ov_052 | 2.0887946096515294 × 10^291 |
| 53 | ov_053 | 1.452400279305043 × 10^291 |
| 54 | ov_054 | 9.912728913652348 × 10^290 |
| 55 | ov_055 | 6.605857866256971 × 10^290 |
| 56 | ov_056 | 4.204568583368377 × 10^290 |
| 57 | ov_057 | 2.5218068627509294 × 10^290 |
| 58 | ov_058 | 1.3952194307892737 × 10^290 |
| 59 | ov_059 | 6.871477101431593 × 10^289 |
| 60 | ov_060 | 2.846249277112081 × 10^289 |
| 61 | ov_061 | 9.937504837028553 × 10^288 |
| 62 | ov_062 | 2.724806325345279 × 10^288 |
| 63 | ov_063 | 5.3082829645254024 × 10^287 |
| 64 | lv_79_m31 | 1.0339031750769236 × 10^287 |
| 65 | ov_065 | 1.2334428387822346 × 10^288 |
| 66 | ov_066 | 1.2334389993954257 × 10^288 |
| 67 | ov_067 | 1.2334380597196493 × 10^288 |
| 68 | ov_068 | 1.0665133543649983 × 10^288 |
| 69 | ov_069 | 9.17565590575142 × 10^287 |
| 70 | ov_070 | 7.851405578257018 × 10^287 |
| 71 | ov_071 | 6.678735317580081 × 10^287 |
| 72 | ov_072 | 5.644832141269627 × 10^287 |
| 73 | ov_073 | 4.737662083090969 × 10^287 |
| 74 | ov_074 | 3.945920020863308 × 10^287 |
| 75 | ov_075 | 3.2589843050306837 × 10^287 |
| 76 | ov_076 | 2.6668759248218176 × 10^287 |
| 77 | ov_077 | 2.160221956040274 × 10^287 |
| 78 | ov_078 | 1.7302230402509445 × 10^287 |
| 79 | ov_079 | 1.368624649608574 × 10^287 |
| 80 | ov_080 | 1.0676918950089648 × 10^287 |
| 81 | ov_081 | 8.201876378179371 × 10^286 |
| 82 | ov_082 | 6.193536673153202 × 10^286 |
| 83 | ov_083 | 4.588947073336416 × 10^286 |
| 84 | ov_084 | 3.3296501650876464 × 10^286 |
| 85 | ov_085 | 2.3615734720502544 × 10^286 |
| 86 | ov_086 | 1.6349402861459812 × 10^286 |
| 87 | ov_087 | 1.1041993981829073 × 10^286 |
| 88 | ov_088 | 7.279713877476312 × 10^285 |
| 89 | ov_089 | 4.6900913309949564 × 10^285 |
| 90 | ov_090 | 2.9417020234144125 × 10^285 |
| 91 | ov_091 | 1.7439878740895903 × 10^285 |
| 92 | ov_092 | 9.61869053284417 × 10^284 |
| 93 | ov_093 | 4.8062512960025465 × 10^284 |
| 94 | ov_094 | 2.058758875495032 × 10^284 |
| 95 | aaa_78_28 | 6.357349299850772 × 10^283 |
| 96 | aaa_78_29 | 1.9524188449526017 × 10^283 |
| 97 | ov_097 | 1.2893779804977744 × 10^283 |
| 98 | ov_098 | 1.2893393569042047 × 10^283 |
| 99 | ov_099 | 1.2893270195637957 × 10^283 |
| 100 | ov_100 | 1.1602365482108728 × 10^283 |
| 101 | ov_101 | 1.0406748078172863 × 10^283 |
| 102 | ov_102 | 9.301185321350225 × 10^282 |
| 103 | ov_103 | 8.280825845215351 × 10^282 |
| 104 | ov_104 | 7.341150067862715 × 10^282 |
| 105 | ov_105 | 6.477925185749606 × 10^282 |
| 106 | ov_106 | 5.687164440528571 × 10^282 |
| 107 | ov_107 | 4.965090434808184 × 10^282 |
| 108 | ov_108 | 4.308102279458946 × 10^282 |
| 109 | ov_109 | 3.7127463603421966 × 10^282 |
| 110 | ov_110 | 3.1756905163875166 × 10^282 |
| 111 | ov_111 | 2.693701423974595 × 10^282 |
| 112 | ov_112 | 2.2636249847701126 × 10^282 |
| 113 | ov_113 | 1.882369515695917 × 10^282 |
| 114 | ov_114 | 1.5468915407140506 × 10^282 |
| 115 | ov_115 | 1.2541839847450942 × 10^282 |
| 116 | ov_116 | 1.0012665704111366 × 10^282 |
| 117 | ov_117 | 7.851782185142736 × 10^281 |
| 118 | ov_118 | 6.0297125329613805 × 10^281 |
| 119 | ov_119 | 4.517072136115695 × 10^281 |
| 120 | ov_120 | 3.284539325907877 × 10^281 |
| 121 | ov_121 | 2.302834346267094 × 10^281 |
| 122 | ov_122 | 1.5427038684484806 × 10^281 |
| 123 | ov_123 | 9.749100568015305 × 10^280 |
| 124 | ov_124 | 5.7022319187973855 × 10^280 |
| 125 | ov_125 | 2.994170995801901 × 10^280 |
| 126 | ov_126 | 1.3326681910374634 × 10^280 |
| 127 | aaa_77_28 | 4.254770759155385 × 10^279 |
| 128 | aaa_77_29 | 1.5946796258059672 × 10^279 |
| 129 | ov_129 | 1.4743825452981317 × 10^279 |
| 130 | ov_130 | 1.47437823630383 × 10^279 |
| 131 | ov_131 | 1.4743771945806678 × 10^279 |
| 132 | ov_132 | 1.2778958108240303 × 10^279 |
| 133 | ov_133 | 1.1019323774479266 × 10^279 |
| 134 | ov_134 | 9.44938813816336 × 10^278 |
| 135 | ov_135 | 8.054496863364026 × 10^278 |
| 136 | ov_136 | 6.820762822338774 × 10^278 |
| 137 | ov_137 | 5.7350151099765336 × 10^278 |
| 138 | ov_138 | 4.784755543660367 × 10^278 |
| 139 | ov_139 | 3.958121897456665 × 10^278 |
| 140 | ov_140 | 3.243857158580799 × 10^278 |
| 141 | ov_141 | 2.6312841322525447 × 10^278 |
| 142 | ov_142 | 2.1102847585623127 × 10^278 |
| 143 | ov_143 | 1.6712835420029615 × 10^278 |
| 144 | ov_144 | 1.3052345310263795 × 10^278 |
| 145 | ov_145 | 1.0036113214694968 × 10^278 |
| 146 | ov_146 | 7.583995940402397 × 10^277 |
| 147 | ov_147 | 5.62091732312128 × 10^277 |
| 148 | ov_148 | 4.076831038776821 × 10^277 |
| 149 | ov_149 | 2.886696234729894 × 10^277 |
| 150 | ov_150 | 1.990462530194826 × 10^277 |
| 151 | ov_151 | 1.3330612964225804 × 10^277 |
| 152 | ov_152 | 8.644006136486093 × 10^276 |
| 153 | ov_153 | 5.393621192589731 × 10^276 |
| 154 | ov_154 | 3.177988945528698 × 10^276 |
| 155 | ov_155 | 1.6453407844089574 × 10^276 |
| 156 | aaa_76_25 | 6.322164416568563 × 10^275 |
| 157 | aaa_76_26 | 3.650809818587856 × 10^275 |
| 158 | aaa_76_27 | 1.868753702444166 × 10^275 |
| 159 | aaa_76_28 | 7.275714340379101 × 10^274 |
| 160 | aaa_76_29 | 2.2125808359007926 × 10^274 |

### Output Bits Sorted by Complexity

| Rank | Output Bit | Complexity |
|:----:|:----------:|:----------:|
| 160 | aaa_76_29 | 2.2125808359007926 × 10^274 |
| 159 | aaa_76_28 | 7.275714340379101 × 10^274 |
| 158 | aaa_76_27 | 1.868753702444166 × 10^275 |
| 157 | aaa_76_26 | 3.650809818587856 × 10^275 |
| 156 | aaa_76_25 | 6.322164416568563 × 10^275 |
| 155 | ov_155 | 1.6453407844089574 × 10^276 |
| 154 | ov_154 | 3.177988945528698 × 10^276 |
| 153 | ov_153 | 5.393621192589731 × 10^276 |
| 152 | ov_152 | 8.644006136486093 × 10^276 |
| 151 | ov_151 | 1.3330612964225804 × 10^277 |
| 150 | ov_150 | 1.990462530194826 × 10^277 |
| 149 | ov_149 | 2.886696234729894 × 10^277 |
| 148 | ov_148 | 4.076831038776821 × 10^277 |
| 147 | ov_147 | 5.62091732312128 × 10^277 |
| 146 | ov_146 | 7.583995940402397 × 10^277 |
| 145 | ov_145 | 1.0036113214694968 × 10^278 |
| 144 | ov_144 | 1.3052345310263795 × 10^278 |
| 143 | ov_143 | 1.6712835420029615 × 10^278 |
| 142 | ov_142 | 2.1102847585623127 × 10^278 |
| 141 | ov_141 | 2.6312841322525447 × 10^278 |
| 140 | ov_140 | 3.243857158580799 × 10^278 |
| 139 | ov_139 | 3.958121897456665 × 10^278 |
| 138 | ov_138 | 4.784755543660367 × 10^278 |
| 137 | ov_137 | 5.7350151099765336 × 10^278 |
| 136 | ov_136 | 6.820762822338774 × 10^278 |
| 135 | ov_135 | 8.054496863364026 × 10^278 |
| 134 | ov_134 | 9.44938813816336 × 10^278 |
| 133 | ov_133 | 1.1019323774479266 × 10^279 |
| 132 | ov_132 | 1.2778958108240303 × 10^279 |
| 131 | ov_131 | 1.4743771945806678 × 10^279 |
| 130 | ov_130 | 1.47437823630383 × 10^279 |
| 129 | ov_129 | 1.4743825452981317 × 10^279 |
| 128 | aaa_77_29 | 1.5946796258059672 × 10^279 |
| 127 | aaa_77_28 | 4.254770759155385 × 10^279 |
| 126 | ov_126 | 1.3326681910374634 × 10^280 |
| 125 | ov_125 | 2.994170995801901 × 10^280 |
| 124 | ov_124 | 5.7022319187973855 × 10^280 |
| 123 | ov_123 | 9.749100568015305 × 10^280 |
| 122 | ov_122 | 1.5427038684484806 × 10^281 |
| 121 | ov_121 | 2.302834346267094 × 10^281 |
| 120 | ov_120 | 3.284539325907877 × 10^281 |
| 119 | ov_119 | 4.517072136115695 × 10^281 |
| 118 | ov_118 | 6.0297125329613805 × 10^281 |
| 117 | ov_117 | 7.851782185142736 × 10^281 |
| 116 | ov_116 | 1.0012665704111366 × 10^282 |
| 115 | ov_115 | 1.2541839847450942 × 10^282 |
| 114 | ov_114 | 1.5468915407140506 × 10^282 |
| 113 | ov_113 | 1.882369515695917 × 10^282 |
| 112 | ov_112 | 2.2636249847701126 × 10^282 |
| 111 | ov_111 | 2.693701423974595 × 10^282 |
| 110 | ov_110 | 3.1756905163875166 × 10^282 |
| 109 | ov_109 | 3.7127463603421966 × 10^282 |
| 108 | ov_108 | 4.308102279458946 × 10^282 |
| 107 | ov_107 | 4.965090434808184 × 10^282 |
| 106 | ov_106 | 5.687164440528571 × 10^282 |
| 105 | ov_105 | 6.477925185749606 × 10^282 |
| 104 | ov_104 | 7.341150067862715 × 10^282 |
| 103 | ov_103 | 8.280825845215351 × 10^282 |
| 102 | ov_102 | 9.301185321350225 × 10^282 |
| 101 | ov_101 | 1.0406748078172863 × 10^283 |
| 100 | ov_100 | 1.1602365482108728 × 10^283 |
| 99 | ov_099 | 1.2893270195637957 × 10^283 |
| 98 | ov_098 | 1.2893393569042047 × 10^283 |
| 97 | ov_097 | 1.2893779804977744 × 10^283 |
| 96 | aaa_78_29 | 1.9524188449526017 × 10^283 |
| 95 | aaa_78_28 | 6.357349299850772 × 10^283 |
| 94 | ov_094 | 2.058758875495032 × 10^284 |
| 93 | ov_093 | 4.8062512960025465 × 10^284 |
| 92 | ov_092 | 9.61869053284417 × 10^284 |
| 91 | ov_091 | 1.7439878740895903 × 10^285 |
| 90 | ov_090 | 2.9417020234144125 × 10^285 |
| 89 | ov_089 | 4.6900913309949564 × 10^285 |
| 88 | ov_088 | 7.279713877476312 × 10^285 |
| 87 | ov_087 | 1.1041993981829073 × 10^286 |
| 86 | ov_086 | 1.6349402861459812 × 10^286 |
| 85 | ov_085 | 2.3615734720502544 × 10^286 |
| 84 | ov_084 | 3.3296501650876464 × 10^286 |
| 83 | ov_083 | 4.588947073336416 × 10^286 |
| 82 | ov_082 | 6.193536673153202 × 10^286 |
| 81 | ov_081 | 8.201876378179371 × 10^286 |
| 64 | lv_79_m31 | 1.0339031750769236 × 10^287 |
| 80 | ov_080 | 1.0676918950089648 × 10^287 |
| 79 | ov_079 | 1.368624649608574 × 10^287 |
| 78 | ov_078 | 1.7302230402509445 × 10^287 |
| 77 | ov_077 | 2.160221956040274 × 10^287 |
| 76 | ov_076 | 2.6668759248218176 × 10^287 |
| 75 | ov_075 | 3.2589843050306837 × 10^287 |
| 74 | ov_074 | 3.945920020863308 × 10^287 |
| 73 | ov_073 | 4.737662083090969 × 10^287 |
| 63 | ov_063 | 5.3082829645254024 × 10^287 |
| 72 | ov_072 | 5.644832141269627 × 10^287 |
| 71 | ov_071 | 6.678735317580081 × 10^287 |
| 70 | ov_070 | 7.851405578257018 × 10^287 |
| 69 | ov_069 | 9.17565590575142 × 10^287 |
| 68 | ov_068 | 1.0665133543649983 × 10^288 |
| 67 | ov_067 | 1.2334380597196493 × 10^288 |
| 66 | ov_066 | 1.2334389993954257 × 10^288 |
| 65 | ov_065 | 1.2334428387822346 × 10^288 |
| 62 | ov_062 | 2.724806325345279 × 10^288 |
| 61 | ov_061 | 9.937504837028553 × 10^288 |
| 60 | ov_060 | 2.846249277112081 × 10^289 |
| 59 | ov_059 | 6.871477101431593 × 10^289 |
| 58 | ov_058 | 1.3952194307892737 × 10^290 |
| 57 | ov_057 | 2.5218068627509294 × 10^290 |
| 56 | ov_056 | 4.204568583368377 × 10^290 |
| 55 | ov_055 | 6.605857866256971 × 10^290 |
| 54 | ov_054 | 9.912728913652348 × 10^290 |
| 53 | ov_053 | 1.452400279305043 × 10^291 |
| 52 | ov_052 | 2.0887946096515294 × 10^291 |
| 51 | ov_051 | 2.950232357723552 × 10^291 |
| 50 | ov_050 | 4.0914479854244224 × 10^291 |
| 49 | ov_049 | 5.5721461528928457 × 10^291 |
| 48 | ov_048 | 7.457019694414844 × 10^291 |
| 47 | ov_047 | 9.815775732118533 × 10^291 |
| 32 | lv_80_m31 | 1.1877827544825997 × 10^292 |
| 46 | ov_046 | 1.2723172743514476 × 10^292 |
| 45 | ov_045 | 1.6259071728638217 × 10^292 |
| 44 | ov_044 | 2.0508504954976443 × 10^292 |
| 43 | ov_043 | 2.5561766094557804 × 10^292 |
| 42 | ov_042 | 3.15145259087952 × 10^292 |
| 41 | ov_041 | 3.8467977984296524 × 10^292 |
| 40 | ov_040 | 4.647702163754337 × 10^292 |
| 39 | ov_039 | 5.565447817671053 × 10^292 |
| 31 | ov_031 | 6.093449024504017 × 10^292 |
| 38 | ov_038 | 6.611935967640859 × 10^292 |
| 37 | ov_037 | 7.799718722217287 × 10^292 |
| 36 | ov_036 | 9.142036728422678 × 10^292 |
| 35 | ov_035 | 1.0652863304749993 × 10^293 |
| 34 | ov_034 | 1.2346955797297416 × 10^293 |
| 33 | ov_033 | 1.4239914933807638 × 10^293 |
| 30 | ov_030 | 3.125389470202645 × 10^293 |
| 29 | ov_029 | 1.0227175917967041 × 10^294 |
| 28 | ov_028 | 2.655130623441528 × 10^294 |
| 27 | ov_027 | 5.935872257456849 × 10^294 |
| 26 | ov_026 | 1.1872400952733593 × 10^295 |
| 25 | ov_025 | 2.175354256581538 × 10^295 |
| 24 | ov_024 | 3.843832823877821 × 10^295 |
| 23 | ov_023 | 6.534858312096484 × 10^295 |
| 22 | ov_022 | 1.0646904604051138 × 10^296 |
| 21 | ov_021 | 1.6634762387399142 × 10^296 |
| 20 | ov_020 | 2.5009585593461076 × 10^296 |
| 19 | ov_019 | 3.633896729354702 × 10^296 |
| 18 | ov_018 | 5.124705507815776 × 10^296 |
| 17 | ov_017 | 7.041471791997403 × 10^296 |
| 16 | ov_016 | 9.457978036803608 × 10^296 |
| 15 | ov_015 | 1.2453734775598556 × 10^297 |
| 14 | ov_014 | 1.6114025468563986 × 10^297 |
| 13 | ov_013 | 2.0529967462898148 × 10^297 |
| 12 | ov_012 | 2.579859324554984 × 10^297 |
| 11 | ov_011 | 3.2022956566410305 × 10^297 |
| 10 | ov_010 | 3.9312268408363575 × 10^297 |
| 9 | ov_009 | 4.778206818088935 × 10^297 |
| 8 | ov_008 | 5.755443591679301 × 10^297 |
| 7 | ov_007 | 6.875825165811376 × 10^297 |
| 6 | ov_006 | 8.152950862860788 × 10^297 |
| 5 | ov_005 | 9.601168720798527 × 10^297 |
| 4 | ov_004 | 1.1235619714917888 × 10^298 |
| 3 | ov_003 | 1.3072289539660048 × 10^298 |
| 2 | ov_002 | 1.512806862731904 × 10^298 |
| 1 | ov_001 | 1.7420821127004209 × 10^298 |

