# Results for F001-F002-F003-F004-F005-F006-F007-F008-F009-F010-F011-F012-F013-F014-F015-F016-F017-F018-F019-F020-F021-F022-F023-F024-F025-F026-F027-F028-F029-F030-F031-F032-F033-F034-F035-F036-F037-F038-F039-F040-F041-F042-F043-F044-F045-F046-F047-F048-F049-F050-F051-F052-F053-F054-F055-F056-F057-F058-F059-F060-F061-F062-F063-F064-F065-F066-F067-F068-F069-F070-F071-F072-F073-F074-F075-F076-F077-F078-F079-F080-F081-F082-F083-F084-F085-F086-F087-F088-F089-F090-F091-F092-F093-F094-F095-F096-F097-F098-F099-F100-F101-F102-F103-F104-F105-F106-F107-F108-F109-F110-F111-F112-F113-F114-F115-F116-F117-F118-F119-F120-F121-F122-F123-F124-F125-F126-F127-F128-F129-F130-F131-F132-F133-F134-F135-F136-F137-F138-F139-F140-F141-F142-F143-F144-F145-F146-F147-F148-F149-F150-F151-F152-F153-F154-F155-F156-F157-F158-F159-F160-F161-F162-F163-F164-F165-F166-F167-F168-F169-F170-F171-F172-F173-F174-F175-F176-F177-F178-F179-F180-F181-F182-F183-F184-F185-F186-F187-F188-F189-F190-F191-F192-F193-F194-F195-F196-F197-F198-F199-F200-F201-F202-F203-F204-F205-F206-F207-F208-F209-F210-F211-F212-F213-F214-F215-F216-F217-F218-F219-F220-F221-F222-F223-F224-F225-F226-F227-F228-F229-F230-F231-F232-F233-F234-F235-F236-F237-F238-F239-F240-F241-F242-F243-F244-F245-F246-F247-F248-F249-F250-F251-F252-F253-F254-F255-F256-F257-F258-F259-F260-F261-F262-F263-F264-F265-F266-F267-F268-F269-F270-F271-F272-F273-F274-F275-F276-F277-F278-F279-F280-F281-F282-F283-F284-F285-F286-F287-F288-F289-F290-F291-F292-F293-F294-F295-F296-F297-F298-F299-F300-F301-F302-F303-F304-F305-F306-F307-F308-F309-F310-F311-F312-F313-F314-F315-F316-F317-F318-F319-F320-F321-F322-F323-F324-F325-F326-F327-F328-F329-F330-F331-F332-F333-F334-F335-F336-F337-F338-F339-F340-F341-F342-F343-F344-F345-F346-F347-F348-F349-F350-F351-F352-F353-F354-F355-F356-F357-F358-F359-F360-F361-F362-F363-F364-F365-F366-F367-F368-F369-F370-F371-F372-F373-F374-F375-F376-F377-F378-F379-F380-F381-F382-F383-F384-F385-F386-F387-F388-F389-F390-F391-F392-F393-F394-F395-F396-F397-F398-F399-F400-F401-F402-F403-F404-F405-F406-F407-F408-F409-F410-F411-F412-F413-F414-F415-F416-F417-F418-F419-F420-F421-F422-F423-F424-F425-F426-F427-F428-F429-F430-F431-F432-F433-F434-F435-F436-F437-F438-F439-F440-F441-F442-F443-F444-F445-F446-F447-F448-F449-F450-F451-F452-F453-F454-F455-F456-F457-F458-F459-F460-F461-F462-F463-F464-F465-F466-F467-F468-F469-F470-F471-F472-F473-F474-F475-F476-F477-F478-F479-F480-F481-F482-F483-F484-F485-F486-F487-F488-F489-F490-F491-F492-F493-F494-F495-F496-T505-F509-F510-F511-F512

## Summary

Number of input bits: 512  
Number of free input bits: 11  
Number of output bits: 160

Number of direct occurrences: 44809  
Number of assignments: 31307  
Number of operations: 11435694
(xor: 11407021,
and: 15329,
or: 13344)

Total complexity: 2.5525137980508078 × 10^303

Least occurring input variable: iv_499 (3900)  
Most occurring input variable: iv_508 (4278)

Most co-occurring input variables: iv_497-iv_507 (2102)  
Least co-occurring input variables: iv_498-iv_499 (1714)

Potentially most occurring input variable: iv_497/iv_508 (4570)  
Potentially least occurring input variable: iv_497/iv_507 (4176)

Least output occurring input variable: iv_507 (73)  
Most output occurring input variable: iv_497 (88)

Most output co-occurring input variables: iv_497-iv_502 (49)  
Least output co-occurring input variables: iv_500-iv_506 (25)

Potentially most output occurring input variable: iv_500/iv_506 (98)  
Potentially least output occurring input variable: iv_500/iv_502 (66)

Least complex input bit: iv_497 (1.1964807277613098 × 10^301)  
Most complex input bit: iv_508 (5.597313133570511 × 10^302)

Least complex output bit: aaa_76_29 (1.2441977762796384 × 10^278)  
Most complex output bit: ov_001 (4.082939100555548 × 10^302)

Least complex input/output complexity: iv_497/aaa_76_29 (5.832127771371334 × 10^275)  
Most complex input/output complexity: iv_508/ov_001 (8.953326194969 × 10^301)

## Input Bits

### Input Bits in Regular Order

| Input Bit | Complexity | Occurrences | Output Occurrences |
|:---------:|:----------:|:-----------:|:------------------:|
| iv_497 | 1.1964807277613098 × 10^301 | 4160 | 88 |
| iv_498 | 2.3785967216584908 × 10^301 | 3905 | 73 |
| iv_499 | 4.1636687516371754 × 10^301 | 3900 | 73 |
| iv_500 | 6.93889073632405 × 10^301 | 4036 | 75 |
| iv_501 | 1.1340778581257091 × 10^302 | 4081 | 85 |
| iv_502 | 1.8154204212655429 × 10^302 | 3921 | 81 |
| iv_503 | 2.8635641141794146 × 10^302 | 4088 | 74 |
| iv_504 | 4.434502759167248 × 10^302 | 4189 | 74 |
| iv_506 | 3.381405993838856 × 10^302 | 4031 | 73 |
| iv_507 | 4.831090006622719 × 10^302 | 4220 | 73 |
| iv_508 | 5.597313133570511 × 10^302 | 4278 | 85 |

### Input Bits Sorted by Complexity

| Input Bit | Complexity | Occurrences | Output Occurrences |
|:---------:|:----------:|:-----------:|:------------------:|
| iv_497 | 1.1964807277613098 × 10^301 | 4160 | 88 |
| iv_498 | 2.3785967216584908 × 10^301 | 3905 | 73 |
| iv_499 | 4.1636687516371754 × 10^301 | 3900 | 73 |
| iv_500 | 6.93889073632405 × 10^301 | 4036 | 75 |
| iv_501 | 1.1340778581257091 × 10^302 | 4081 | 85 |
| iv_502 | 1.8154204212655429 × 10^302 | 3921 | 81 |
| iv_503 | 2.8635641141794146 × 10^302 | 4088 | 74 |
| iv_506 | 3.381405993838856 × 10^302 | 4031 | 73 |
| iv_504 | 4.434502759167248 × 10^302 | 4189 | 74 |
| iv_507 | 4.831090006622719 × 10^302 | 4220 | 73 |
| iv_508 | 5.597313133570511 × 10^302 | 4278 | 85 |

### Input Bits Sorted by Occurrences

| Input Bit | Complexity | Occurrences | Output Occurrences |
|:---------:|:----------:|:-----------:|:------------------:|
| iv_499 | 4.1636687516371754 × 10^301 | 3900 | 73 |
| iv_498 | 2.3785967216584908 × 10^301 | 3905 | 73 |
| iv_502 | 1.8154204212655429 × 10^302 | 3921 | 81 |
| iv_506 | 3.381405993838856 × 10^302 | 4031 | 73 |
| iv_500 | 6.93889073632405 × 10^301 | 4036 | 75 |
| iv_501 | 1.1340778581257091 × 10^302 | 4081 | 85 |
| iv_503 | 2.8635641141794146 × 10^302 | 4088 | 74 |
| iv_497 | 1.1964807277613098 × 10^301 | 4160 | 88 |
| iv_504 | 4.434502759167248 × 10^302 | 4189 | 74 |
| iv_507 | 4.831090006622719 × 10^302 | 4220 | 73 |
| iv_508 | 5.597313133570511 × 10^302 | 4278 | 85 |

### Input Bits Sorted by Output Occurrences

| Input Bit | Complexity | Occurrences | Output Occurrences |
|:---------:|:----------:|:-----------:|:------------------:|
| iv_507 | 4.831090006622719 × 10^302 | 4220 | 73 |
| iv_499 | 4.1636687516371754 × 10^301 | 3900 | 73 |
| iv_498 | 2.3785967216584908 × 10^301 | 3905 | 73 |
| iv_506 | 3.381405993838856 × 10^302 | 4031 | 73 |
| iv_503 | 2.8635641141794146 × 10^302 | 4088 | 74 |
| iv_504 | 4.434502759167248 × 10^302 | 4189 | 74 |
| iv_500 | 6.93889073632405 × 10^301 | 4036 | 75 |
| iv_502 | 1.8154204212655429 × 10^302 | 3921 | 81 |
| iv_508 | 5.597313133570511 × 10^302 | 4278 | 85 |
| iv_501 | 1.1340778581257091 × 10^302 | 4081 | 85 |
| iv_497 | 1.1964807277613098 × 10^301 | 4160 | 88 |

## Input Bit Co-occurrences

### Input Bit Co-occurrences Sorted by Co-occurrences

| Input Bits | Co-occurrences | Potential Occurrences | Output Co-occurrences | Potential Output Occurrences |
|:----------:|:--------------:|:---------------------:|:---------------------:|:----------------------------:|
| iv_497-iv_507 | 2102 | 4176 | 44 | 73 |
| iv_504-iv_507 | 2033 | 4343 | 38 | 71 |
| iv_507-iv_508 | 2031 | 4436 | 39 | 80 |
| iv_504-iv_508 | 2031 | 4405 | 42 | 75 |
| iv_503-iv_504 | 2025 | 4227 | 40 | 68 |
| iv_506-iv_507 | 2024 | 4203 | 34 | 78 |
| iv_501-iv_504 | 2017 | 4236 | 43 | 73 |
| iv_503-iv_508 | 1994 | 4378 | 42 | 75 |
| iv_497-iv_500 | 1985 | 4226 | 42 | 79 |
| iv_503-iv_507 | 1981 | 4346 | 31 | 85 |
| iv_500-iv_507 | 1975 | 4306 | 40 | 68 |

### Input Bit Co-occurrences Sorted by Potential Occurrences

| Input Bits | Co-occurrences | Potential Occurrences | Output Co-occurrences | Potential Output Occurrences |
|:----------:|:--------------:|:---------------------:|:---------------------:|:----------------------------:|
| iv_497-iv_507 | 2102 | 4176 | 44 | 73 |
| iv_500-iv_503 | 1969 | 4186 | 38 | 73 |
| iv_506-iv_507 | 2024 | 4203 | 34 | 78 |
| iv_501-iv_502 | 1897 | 4208 | 46 | 74 |
| iv_497-iv_502 | 1934 | 4213 | 49 | 71 |
| iv_498-iv_506 | 1856 | 4224 | 34 | 78 |
| iv_497-iv_500 | 1985 | 4226 | 42 | 79 |
| iv_503-iv_504 | 2025 | 4227 | 40 | 68 |
| iv_498-iv_500 | 1854 | 4233 | 37 | 74 |
| iv_501-iv_504 | 2017 | 4236 | 43 | 73 |
| iv_502-iv_506 | 1855 | 4242 | 32 | 90 |

### Input Bit Output Co-occurrences Sorted by Output Co-occurrences

| Input Bits | Co-occurrences | Potential Occurrences | Output Co-occurrences | Potential Output Occurrences |
|:----------:|:--------------:|:---------------------:|:---------------------:|:----------------------------:|
| iv_497-iv_502 | 1934 | 4213 | 49 | 71 |
| iv_497-iv_501 | 1969 | 4303 | 48 | 77 |
| iv_501-iv_502 | 1897 | 4208 | 46 | 74 |
| iv_500-iv_502 | 1851 | 4255 | 45 | 66 |
| iv_497-iv_507 | 2102 | 4176 | 44 | 73 |
| iv_499-iv_501 | 1839 | 4303 | 44 | 70 |
| iv_497-iv_508 | 1934 | 4570 | 43 | 87 |
| iv_501-iv_504 | 2017 | 4236 | 43 | 73 |
| iv_501-iv_508 | 1950 | 4459 | 43 | 84 |
| iv_506-iv_508 | 1925 | 4459 | 43 | 72 |
| iv_497-iv_500 | 1985 | 4226 | 42 | 79 |

### Input Bit Output Co-occurrences Sorted by Potential Output Occurrences

| Input Bits | Co-occurrences | Potential Occurrences | Output Co-occurrences | Potential Output Occurrences |
|:----------:|:--------------:|:---------------------:|:---------------------:|:----------------------------:|
| iv_500-iv_502 | 1851 | 4255 | 45 | 66 |
| iv_498-iv_504 | 1905 | 4284 | 40 | 67 |
| iv_500-iv_507 | 1975 | 4306 | 40 | 68 |
| iv_503-iv_504 | 2025 | 4227 | 40 | 68 |
| iv_499-iv_501 | 1839 | 4303 | 44 | 70 |
| iv_502-iv_504 | 1881 | 4348 | 42 | 71 |
| iv_504-iv_507 | 2033 | 4343 | 38 | 71 |
| iv_504-iv_506 | 1962 | 4296 | 38 | 71 |
| iv_497-iv_502 | 1934 | 4213 | 49 | 71 |
| iv_506-iv_508 | 1925 | 4459 | 43 | 72 |
| iv_497-iv_507 | 2102 | 4176 | 44 | 73 |

## Output Bits

### Output Bits in Regular Order

| Rank | Output Bit | Complexity |
|:----:|:----------:|:----------:|
| 1 | ov_001 | 4.082939100555548 × 10^302 |
| 2 | ov_002 | 3.5408049815307785 × 10^302 |
| 3 | ov_003 | 3.05515997716744 × 10^302 |
| 4 | ov_004 | 2.621723392475019 × 10^302 |
| 5 | ov_005 | 2.236447757750967 × 10^302 |
| 6 | ov_006 | 1.8955022161309928 × 10^302 |
| 7 | ov_007 | 1.5952580765883086 × 10^302 |
| 8 | ov_008 | 1.3322763878288422 × 10^302 |
| 9 | ov_009 | 1.1032973721394374 × 10^302 |
| 10 | ov_010 | 9.052315287337029 × 10^301 |
| 11 | ov_011 | 7.351522139553669 × 10^301 |
| 12 | ov_012 | 5.902895167041925 × 10^301 |
| 13 | ov_013 | 4.680252582456342 × 10^301 |
| 14 | ov_014 | 3.658889562009827 × 10^301 |
| 15 | ov_015 | 2.8155460302966646 × 10^301 |
| 16 | ov_016 | 2.1283812715201065 × 10^301 |
| 17 | ov_017 | 1.5769543004392715 × 10^301 |
| 18 | ov_018 | 1.142209029522711 × 10^301 |
| 19 | ov_019 | 8.064632234457295 × 10^300 |
| 20 | ov_020 | 5.5340030906722356 × 10^300 |
| 21 | ov_021 | 3.680633505077828 × 10^300 |
| 22 | ov_022 | 2.3685072115913237 × 10^300 |
| 23 | ov_023 | 1.4751311050315046 × 10^300 |
| 24 | ov_024 | 8.915155478674179 × 10^299 |
| 25 | ov_025 | 5.221623175702296 × 10^299 |
| 26 | ov_026 | 2.8505800290018863 × 10^299 |
| 27 | ov_027 | 1.4256655236789657 × 10^299 |
| 28 | ov_028 | 6.379230969379711 × 10^298 |
| 29 | ov_029 | 2.457970117202026 × 10^298 |
| 30 | ov_030 | 7.513153682291947 × 10^297 |
| 31 | ov_031 | 1.4649002449321165 × 10^297 |
| 32 | lv_80_m31 | 2.8550817213663515 × 10^296 |
| 33 | ov_033 | 3.4127725615153245 × 10^297 |
| 34 | ov_034 | 2.9605946363349247 × 10^297 |
| 35 | ov_035 | 2.5554813427837683 × 10^297 |
| 36 | ov_036 | 2.193398866097877 × 10^297 |
| 37 | ov_037 | 1.8705313097922755 × 10^297 |
| 38 | ov_038 | 1.5850231376345334 × 10^297 |
| 39 | ov_039 | 1.3334500456258904 × 10^297 |
| 40 | ov_040 | 1.112565387696239 × 10^297 |
| 41 | ov_041 | 9.192904208151783 × 10^296 |
| 42 | ov_042 | 7.521266308070607 × 10^296 |
| 43 | ov_043 | 6.096534656697876 × 10^296 |
| 44 | ov_044 | 4.892518188056825 × 10^296 |
| 45 | ov_045 | 3.8844512157662685 × 10^296 |
| 46 | ov_046 | 3.048956461826218 × 10^296 |
| 47 | ov_047 | 2.364015908999492 × 10^296 |
| 48 | ov_048 | 1.8089482608847008 × 10^296 |
| 49 | ov_049 | 1.3643918847495067 × 10^296 |
| 50 | ov_050 | 1.0122922028102184 × 10^296 |
| 51 | ov_051 | 7.358925879854253 × 10^295 |
| 52 | ov_052 | 5.2713826731943 × 10^295 |
| 53 | ov_053 | 3.718510776075698 × 10^295 |
| 54 | ov_054 | 2.5713668186457523 × 10^295 |
| 55 | ov_055 | 1.7138246185813785 × 10^295 |
| 56 | ov_056 | 1.0910233016807461 × 10^295 |
| 57 | ov_057 | 6.545013072594159 × 10^294 |
| 58 | ov_058 | 3.621934554034133 × 10^294 |
| 59 | ov_059 | 1.7842941458349793 × 10^294 |
| 60 | ov_060 | 7.393300265013833 × 10^293 |
| 61 | ov_061 | 2.5821933528106176 × 10^293 |
| 62 | ov_062 | 7.082416636510363 × 10^292 |
| 63 | ov_063 | 1.38016313279639 × 10^292 |
| 64 | lv_79_m31 | 2.688909738327642 × 10^291 |
| 65 | ov_065 | 3.190333638440831 × 10^292 |
| 66 | ov_066 | 3.1903247891607486 × 10^292 |
| 67 | ov_067 | 3.1903226776851034 × 10^292 |
| 68 | ov_068 | 2.7596264716419934 × 10^292 |
| 69 | ov_069 | 2.3742807979881345 × 10^292 |
| 70 | ov_070 | 2.0309136431332368 × 10^292 |
| 71 | ov_071 | 1.7263144058636817 × 10^292 |
| 72 | ov_072 | 1.4574234319626732 × 10^292 |
| 73 | ov_073 | 1.2213236104363585 × 10^292 |
| 74 | ov_074 | 1.0152337345889335 × 10^292 |
| 75 | ov_075 | 8.365033467884795 × 10^291 |
| 76 | ov_076 | 6.82608800779037 × 10^291 |
| 77 | ov_077 | 5.511502899303627 × 10^291 |
| 78 | ov_078 | 4.398496039679784 × 10^291 |
| 79 | ov_079 | 3.4654839057238815 × 10^291 |
| 80 | ov_080 | 2.6920673392524602 × 10^291 |
| 81 | ov_081 | 2.0590194030471174 × 10^291 |
| 82 | ov_082 | 1.548274937988528 × 10^291 |
| 83 | ov_083 | 1.1429216901073449 × 10^291 |
| 84 | ov_084 | 8.271928767976285 × 10^290 |
| 85 | ov_085 | 5.864610617969923 × 10^290 |
| 86 | ov_086 | 4.072332087839065 × 10^290 |
| 87 | ov_087 | 2.7714678360503676 × 10^290 |
| 88 | ov_088 | 1.8496677524704555 × 10^290 |
| 89 | ov_089 | 1.2058350572642728 × 10^290 |
| 90 | ov_090 | 7.501109910235875 × 10^289 |
| 91 | ov_091 | 4.403741368112371 × 10^289 |
| 92 | ov_092 | 2.401151561419926 × 10^289 |
| 93 | ov_093 | 1.1843462625602475 × 10^289 |
| 94 | ov_094 | 5.00419773245702 × 10^288 |
| 95 | aaa_78_28 | 1.5255058524709724 × 10^288 |
| 96 | aaa_78_29 | 4.5907072229514975 × 10^287 |
| 97 | ov_097 | 2.3627649872235558 × 10^287 |
| 98 | ov_098 | 2.3627436076244638 × 10^287 |
| 99 | ov_099 | 2.3627367820681408 × 10^287 |
| 100 | ov_100 | 1.9608518166301873 × 10^287 |
| 101 | ov_101 | 1.614275386709967 × 10^287 |
| 102 | ov_102 | 1.3177361418034605 × 10^287 |
| 103 | ov_103 | 1.0662508273269239 × 10^287 |
| 104 | ov_104 | 8.551032627485412 × 10^286 |
| 105 | ov_105 | 6.798260880304199 × 10^286 |
| 106 | ov_106 | 5.361850237579795 × 10^286 |
| 107 | ov_107 | 4.2016540326450525 × 10^286 |
| 108 | ov_108 | 3.2796074756244967 × 10^286 |
| 109 | ov_109 | 2.559631660608832 × 10^286 |
| 110 | ov_110 | 2.007553779571499 × 10^286 |
| 111 | ov_111 | 1.591041609046689 × 10^286 |
| 112 | ov_112 | 1.279550451303834 × 10^286 |
| 113 | ov_113 | 1.0442808264611482 × 10^286 |
| 114 | ov_114 | 8.58145326000399 × 10^285 |
| 115 | ov_115 | 6.95743151716947 × 10^285 |
| 116 | ov_116 | 5.554208966531483 × 10^285 |
| 117 | ov_117 | 4.355352822369102 × 10^285 |
| 118 | ov_118 | 3.344502451907905 × 10^285 |
| 119 | ov_119 | 2.5053484247026634 × 10^285 |
| 120 | ov_120 | 1.82161690126923 × 10^285 |
| 121 | ov_121 | 1.2770577289362613 × 10^285 |
| 122 | ov_122 | 8.554356807812384 × 10^284 |
| 123 | ov_123 | 5.405242735806223 × 10^284 |
| 124 | ov_124 | 3.1610160071207456 × 10^284 |
| 125 | ov_125 | 1.65947752800989 × 10^284 |
| 126 | ov_126 | 7.38435032323693 × 10^283 |
| 127 | aaa_77_28 | 2.3569804105916804 × 10^283 |
| 128 | aaa_77_29 | 8.830535924459378 × 10^282 |
| 129 | ov_129 | 8.120699995693146 × 10^282 |
| 130 | ov_130 | 8.120675794791737 × 10^282 |
| 131 | ov_131 | 8.120669953316413 × 10^282 |
| 132 | ov_132 | 7.028313390798294 × 10^282 |
| 133 | ov_133 | 6.051003793124274 × 10^282 |
| 134 | ov_134 | 5.1800448862203917 × 10^282 |
| 135 | ov_135 | 4.4071962416876324 × 10^282 |
| 136 | ov_136 | 3.7246406093652775 × 10^282 |
| 137 | ov_137 | 3.124956053313539 × 10^282 |
| 138 | ov_138 | 2.6010924099596888 × 10^282 |
| 139 | ov_139 | 2.1463516112795935 × 10^282 |
| 140 | ov_140 | 1.754371439411139 × 10^282 |
| 141 | ov_141 | 1.4191123021674092 × 10^282 |
| 142 | ov_142 | 1.134846641657424 × 10^282 |
| 143 | ov_143 | 8.961506107267548 × 10^281 |
| 144 | ov_144 | 6.978976742733718 × 10^281 |
| 145 | ov_145 | 5.3525381473032984 × 10^281 |
| 146 | ov_146 | 4.036740431737572 × 10^281 |
| 147 | ov_147 | 2.9889993963487297 × 10^281 |
| 148 | ov_148 | 2.1695798142033908 × 10^281 |
| 149 | ov_149 | 1.5415846658439349 × 10^281 |
| 150 | ov_150 | 1.0709486173901233 × 10^281 |
| 151 | ov_151 | 7.264340815037393 × 10^280 |
| 152 | ov_152 | 4.7962862240866145 × 10^280 |
| 153 | ov_153 | 3.049431168631557 × 10^280 |
| 154 | ov_154 | 1.796104709163541 × 10^280 |
| 155 | ov_155 | 9.295251231378169 × 10^279 |
| 156 | aaa_76_25 | 3.570151812255291 × 10^279 |
| 157 | aaa_76_26 | 2.059934881431776 × 10^279 |
| 158 | aaa_76_27 | 1.053435787973778 × 10^279 |
| 159 | aaa_76_28 | 4.096424744688005 × 10^278 |
| 160 | aaa_76_29 | 1.2441977762796384 × 10^278 |

### Output Bits Sorted by Complexity

| Rank | Output Bit | Complexity |
|:----:|:----------:|:----------:|
| 160 | aaa_76_29 | 1.2441977762796384 × 10^278 |
| 159 | aaa_76_28 | 4.096424744688005 × 10^278 |
| 158 | aaa_76_27 | 1.053435787973778 × 10^279 |
| 157 | aaa_76_26 | 2.059934881431776 × 10^279 |
| 156 | aaa_76_25 | 3.570151812255291 × 10^279 |
| 155 | ov_155 | 9.295251231378169 × 10^279 |
| 154 | ov_154 | 1.796104709163541 × 10^280 |
| 153 | ov_153 | 3.049431168631557 × 10^280 |
| 152 | ov_152 | 4.7962862240866145 × 10^280 |
| 151 | ov_151 | 7.264340815037393 × 10^280 |
| 150 | ov_150 | 1.0709486173901233 × 10^281 |
| 149 | ov_149 | 1.5415846658439349 × 10^281 |
| 148 | ov_148 | 2.1695798142033908 × 10^281 |
| 147 | ov_147 | 2.9889993963487297 × 10^281 |
| 146 | ov_146 | 4.036740431737572 × 10^281 |
| 145 | ov_145 | 5.3525381473032984 × 10^281 |
| 144 | ov_144 | 6.978976742733718 × 10^281 |
| 143 | ov_143 | 8.961506107267548 × 10^281 |
| 142 | ov_142 | 1.134846641657424 × 10^282 |
| 141 | ov_141 | 1.4191123021674092 × 10^282 |
| 140 | ov_140 | 1.754371439411139 × 10^282 |
| 139 | ov_139 | 2.1463516112795935 × 10^282 |
| 138 | ov_138 | 2.6010924099596888 × 10^282 |
| 137 | ov_137 | 3.124956053313539 × 10^282 |
| 136 | ov_136 | 3.7246406093652775 × 10^282 |
| 135 | ov_135 | 4.4071962416876324 × 10^282 |
| 134 | ov_134 | 5.1800448862203917 × 10^282 |
| 133 | ov_133 | 6.051003793124274 × 10^282 |
| 132 | ov_132 | 7.028313390798294 × 10^282 |
| 131 | ov_131 | 8.120669953316413 × 10^282 |
| 130 | ov_130 | 8.120675794791737 × 10^282 |
| 129 | ov_129 | 8.120699995693146 × 10^282 |
| 128 | aaa_77_29 | 8.830535924459378 × 10^282 |
| 127 | aaa_77_28 | 2.3569804105916804 × 10^283 |
| 126 | ov_126 | 7.38435032323693 × 10^283 |
| 125 | ov_125 | 1.65947752800989 × 10^284 |
| 124 | ov_124 | 3.1610160071207456 × 10^284 |
| 123 | ov_123 | 5.405242735806223 × 10^284 |
| 122 | ov_122 | 8.554356807812384 × 10^284 |
| 121 | ov_121 | 1.2770577289362613 × 10^285 |
| 120 | ov_120 | 1.82161690126923 × 10^285 |
| 119 | ov_119 | 2.5053484247026634 × 10^285 |
| 118 | ov_118 | 3.344502451907905 × 10^285 |
| 117 | ov_117 | 4.355352822369102 × 10^285 |
| 116 | ov_116 | 5.554208966531483 × 10^285 |
| 115 | ov_115 | 6.95743151716947 × 10^285 |
| 114 | ov_114 | 8.58145326000399 × 10^285 |
| 113 | ov_113 | 1.0442808264611482 × 10^286 |
| 112 | ov_112 | 1.279550451303834 × 10^286 |
| 111 | ov_111 | 1.591041609046689 × 10^286 |
| 110 | ov_110 | 2.007553779571499 × 10^286 |
| 109 | ov_109 | 2.559631660608832 × 10^286 |
| 108 | ov_108 | 3.2796074756244967 × 10^286 |
| 107 | ov_107 | 4.2016540326450525 × 10^286 |
| 106 | ov_106 | 5.361850237579795 × 10^286 |
| 105 | ov_105 | 6.798260880304199 × 10^286 |
| 104 | ov_104 | 8.551032627485412 × 10^286 |
| 103 | ov_103 | 1.0662508273269239 × 10^287 |
| 102 | ov_102 | 1.3177361418034605 × 10^287 |
| 101 | ov_101 | 1.614275386709967 × 10^287 |
| 100 | ov_100 | 1.9608518166301873 × 10^287 |
| 99 | ov_099 | 2.3627367820681408 × 10^287 |
| 98 | ov_098 | 2.3627436076244638 × 10^287 |
| 97 | ov_097 | 2.3627649872235558 × 10^287 |
| 96 | aaa_78_29 | 4.5907072229514975 × 10^287 |
| 95 | aaa_78_28 | 1.5255058524709724 × 10^288 |
| 94 | ov_094 | 5.00419773245702 × 10^288 |
| 93 | ov_093 | 1.1843462625602475 × 10^289 |
| 92 | ov_092 | 2.401151561419926 × 10^289 |
| 91 | ov_091 | 4.403741368112371 × 10^289 |
| 90 | ov_090 | 7.501109910235875 × 10^289 |
| 89 | ov_089 | 1.2058350572642728 × 10^290 |
| 88 | ov_088 | 1.8496677524704555 × 10^290 |
| 87 | ov_087 | 2.7714678360503676 × 10^290 |
| 86 | ov_086 | 4.072332087839065 × 10^290 |
| 85 | ov_085 | 5.864610617969923 × 10^290 |
| 84 | ov_084 | 8.271928767976285 × 10^290 |
| 83 | ov_083 | 1.1429216901073449 × 10^291 |
| 82 | ov_082 | 1.548274937988528 × 10^291 |
| 81 | ov_081 | 2.0590194030471174 × 10^291 |
| 64 | lv_79_m31 | 2.688909738327642 × 10^291 |
| 80 | ov_080 | 2.6920673392524602 × 10^291 |
| 79 | ov_079 | 3.4654839057238815 × 10^291 |
| 78 | ov_078 | 4.398496039679784 × 10^291 |
| 77 | ov_077 | 5.511502899303627 × 10^291 |
| 76 | ov_076 | 6.82608800779037 × 10^291 |
| 75 | ov_075 | 8.365033467884795 × 10^291 |
| 74 | ov_074 | 1.0152337345889335 × 10^292 |
| 73 | ov_073 | 1.2213236104363585 × 10^292 |
| 63 | ov_063 | 1.38016313279639 × 10^292 |
| 72 | ov_072 | 1.4574234319626732 × 10^292 |
| 71 | ov_071 | 1.7263144058636817 × 10^292 |
| 70 | ov_070 | 2.0309136431332368 × 10^292 |
| 69 | ov_069 | 2.3742807979881345 × 10^292 |
| 68 | ov_068 | 2.7596264716419934 × 10^292 |
| 67 | ov_067 | 3.1903226776851034 × 10^292 |
| 66 | ov_066 | 3.1903247891607486 × 10^292 |
| 65 | ov_065 | 3.190333638440831 × 10^292 |
| 62 | ov_062 | 7.082416636510363 × 10^292 |
| 61 | ov_061 | 2.5821933528106176 × 10^293 |
| 60 | ov_060 | 7.393300265013833 × 10^293 |
| 59 | ov_059 | 1.7842941458349793 × 10^294 |
| 58 | ov_058 | 3.621934554034133 × 10^294 |
| 57 | ov_057 | 6.545013072594159 × 10^294 |
| 56 | ov_056 | 1.0910233016807461 × 10^295 |
| 55 | ov_055 | 1.7138246185813785 × 10^295 |
| 54 | ov_054 | 2.5713668186457523 × 10^295 |
| 53 | ov_053 | 3.718510776075698 × 10^295 |
| 52 | ov_052 | 5.2713826731943 × 10^295 |
| 51 | ov_051 | 7.358925879854253 × 10^295 |
| 50 | ov_050 | 1.0122922028102184 × 10^296 |
| 49 | ov_049 | 1.3643918847495067 × 10^296 |
| 48 | ov_048 | 1.8089482608847008 × 10^296 |
| 47 | ov_047 | 2.364015908999492 × 10^296 |
| 32 | lv_80_m31 | 2.8550817213663515 × 10^296 |
| 46 | ov_046 | 3.048956461826218 × 10^296 |
| 45 | ov_045 | 3.8844512157662685 × 10^296 |
| 44 | ov_044 | 4.892518188056825 × 10^296 |
| 43 | ov_043 | 6.096534656697876 × 10^296 |
| 42 | ov_042 | 7.521266308070607 × 10^296 |
| 41 | ov_041 | 9.192904208151783 × 10^296 |
| 40 | ov_040 | 1.112565387696239 × 10^297 |
| 39 | ov_039 | 1.3334500456258904 × 10^297 |
| 31 | ov_031 | 1.4649002449321165 × 10^297 |
| 38 | ov_038 | 1.5850231376345334 × 10^297 |
| 37 | ov_037 | 1.8705313097922755 × 10^297 |
| 36 | ov_036 | 2.193398866097877 × 10^297 |
| 35 | ov_035 | 2.5554813427837683 × 10^297 |
| 34 | ov_034 | 2.9605946363349247 × 10^297 |
| 33 | ov_033 | 3.4127725615153245 × 10^297 |
| 30 | ov_030 | 7.513153682291947 × 10^297 |
| 29 | ov_029 | 2.457970117202026 × 10^298 |
| 28 | ov_028 | 6.379230969379711 × 10^298 |
| 27 | ov_027 | 1.4256655236789657 × 10^299 |
| 26 | ov_026 | 2.8505800290018863 × 10^299 |
| 25 | ov_025 | 5.221623175702296 × 10^299 |
| 24 | ov_024 | 8.915155478674179 × 10^299 |
| 23 | ov_023 | 1.4751311050315046 × 10^300 |
| 22 | ov_022 | 2.3685072115913237 × 10^300 |
| 21 | ov_021 | 3.680633505077828 × 10^300 |
| 20 | ov_020 | 5.5340030906722356 × 10^300 |
| 19 | ov_019 | 8.064632234457295 × 10^300 |
| 18 | ov_018 | 1.142209029522711 × 10^301 |
| 17 | ov_017 | 1.5769543004392715 × 10^301 |
| 16 | ov_016 | 2.1283812715201065 × 10^301 |
| 15 | ov_015 | 2.8155460302966646 × 10^301 |
| 14 | ov_014 | 3.658889562009827 × 10^301 |
| 13 | ov_013 | 4.680252582456342 × 10^301 |
| 12 | ov_012 | 5.902895167041925 × 10^301 |
| 11 | ov_011 | 7.351522139553669 × 10^301 |
| 10 | ov_010 | 9.052315287337029 × 10^301 |
| 9 | ov_009 | 1.1032973721394374 × 10^302 |
| 8 | ov_008 | 1.3322763878288422 × 10^302 |
| 7 | ov_007 | 1.5952580765883086 × 10^302 |
| 6 | ov_006 | 1.8955022161309928 × 10^302 |
| 5 | ov_005 | 2.236447757750967 × 10^302 |
| 4 | ov_004 | 2.621723392475019 × 10^302 |
| 3 | ov_003 | 3.05515997716744 × 10^302 |
| 2 | ov_002 | 3.5408049815307785 × 10^302 |
| 1 | ov_001 | 4.082939100555548 × 10^302 |

