# Results for F001-F002-F003-F004-F005-F006-F007-F008-F009-F010-F011-F012-F013-F014-F015-F016-F017-F018-F019-F020-F021-F022-F023-F024-F025-F026-F027-F028-F029-F030-F031-F032-F033-F034-F035-F036-F037-F038-F039-F040-F041-F042-F043-F044-F045-F046-F047-F048-F049-F050-F051-F052-F053-F054-F055-F056-F057-F058-F059-F060-F061-F062-F063-F064-F065-F066-F067-F068-F069-F070-F071-F072-F073-F074-F075-F076-F077-F078-F079-F080-F081-F082-F083-F084-F085-F086-F087-F088-F089-F090-F091-F092-F093-F094-F095-F096-F097-F098-F099-F100-F101-F102-F103-F104-F105-F106-F107-F108-F109-F110-F111-F112-F113-F114-F115-F116-F117-F118-F119-F120-F121-F122-F123-F124-F125-F126-F127-F128-F129-F130-F131-F132-F133-F134-F135-F136-F137-F138-F139-F140-F141-F142-F143-F144-F145-F146-F147-F148-F149-F150-F151-F152-F153-F154-F155-F156-F157-F158-F159-F160-F161-F162-F163-F164-F165-F166-F167-F168-F169-F170-F171-F172-F173-F174-F175-F176-F177-F178-F179-F180-F181-F182-F183-F184-F185-F186-F187-F188-F189-F190-F191-F192-F193-F194-F195-F196-F197-F198-F199-F200-F201-F202-F203-F204-F205-F206-F207-F208-F209-F210-F211-F212-F213-F214-F215-F216-F217-F218-F219-F220-F221-F222-F223-F224-F225-F226-F227-F228-F229-F230-F231-F232-F233-F234-F235-F236-F237-F238-F239-F240-F241-F242-F243-F244-F245-F246-F247-F248-F249-F250-F251-F252-F253-F254-F255-F256-F257-F258-F259-F260-F261-F262-F263-F264-F265-F266-F267-F268-F269-F270-F271-F272-F273-F274-F275-F276-F277-F278-F279-F280-F281-F282-F283-F284-F285-F286-F287-F288-F289-F290-F291-F292-F293-F294-F295-F296-F297-F298-F299-F300-F301-F302-F303-F304-F305-F306-F307-F308-F309-F310-F311-F312-F313-F314-F315-F316-F317-F318-F319-F320-F321-F322-F323-F324-F325-F326-F327-F328-F329-F330-F331-F332-F333-F334-F335-F336-F337-F338-F339-F340-F341-F342-F343-F344-F345-F346-F347-F348-F349-F350-F351-F352-F353-F354-F355-F356-F357-F358-F359-F360-F361-F362-F363-F364-F365-F366-F367-F368-F369-F370-F371-F372-F373-F374-F375-F376-F377-F378-F379-F380-F381-F382-F383-F384-F385-F386-F387-F388-F389-F390-F391-F392-F393-F394-F395-F396-F397-F398-F399-F400-F401-F402-F403-F404-F405-F406-F407-F408-F409-F410-F411-F412-F413-F414-F415-F416-F417-F418-F419-F420-F421-F422-F423-F424-F425-F426-F427-F428-F429-F430-F431-F432-F433-F434-F435-F436-F437-F438-F439-F440-F441-F442-F443-F444-F445-F446-F447-F448-F449-F450-F451-F452-F453-F454-F455-F456-F457-F458-F459-F460-F461-F462-F463-F464-F465-F466-F467-F468-F469-F470-F471-F472-F473-F474-F475-F476-F477-F478-F479-F480-F481-F482-F483-F484-F485-F486-F487-F488-F489-F490-F491-F492-F493-F494-F495-F496-E499505-F507-F510-F511-F512

## Summary

Number of input bits: 512  
Number of free input bits: 11  
Number of output bits: 160

Number of direct occurrences: 44340  
Number of assignments: 31219  
Number of operations: 10936525
(xor: 10908428,
and: 14758,
or: 13339)

Total complexity: 2.035987043041097 × 10^298

Least occurring input variable: iv_502 (3856)  
Most occurring input variable: iv_509 (4226)

Most co-occurring input variables: iv_508-iv_509 (2062)  
Least co-occurring input variables: iv_498-iv_502 (1747)

Potentially most occurring input variable: iv_500/iv_509 (4503)  
Potentially least occurring input variable: iv_504/iv_506 (4118)

Least output occurring input variable: iv_508 (74)  
Most output occurring input variable: iv_497 (93)

Most output co-occurring input variables: iv_497-iv_499 (54)  
Least output co-occurring input variables: iv_503-iv_509 (32)

Potentially most output occurring input variable: iv_503/iv_509 (98)  
Potentially least output occurring input variable: iv_498/iv_508 (68)

Least complex input bit: iv_497 (9.423200332429036 × 10^295)  
Most complex input bit: iv_499 (5.038710193070543 × 10^297)

Least complex output bit: aaa_76_29 (4.246476322273277 × 10^273)  
Most complex output bit: ov_001 (3.2290582028409256 × 10^297)

Least complex input/output complexity: iv_497/aaa_76_29 (1.96540529216373 × 10^271)  
Most complex input/output complexity: iv_499/ov_001 (7.991351681870299 × 10^296)

## Input Bits

### Input Bits in Regular Order

| Input Bit | Complexity | Occurrences | Output Occurrences |
|:---------:|:----------:|:-----------:|:------------------:|
| iv_497 | 9.423200332429036 × 10^295 | 4115 | 93 |
| iv_498 | 1.8759774997121038 × 10^296 | 3907 | 88 |
| iv_499 | 5.038710193070543 × 10^297 | 4116 | 89 |
| iv_500 | 5.537824929795205 × 10^296 | 4085 | 76 |
| iv_501 | 9.119568214368498 × 10^296 | 4047 | 83 |
| iv_502 | 1.4733845171709985 × 10^297 | 3856 | 82 |
| iv_503 | 2.341136491376259 × 10^297 | 4026 | 75 |
| iv_504 | 3.649784933739037 × 10^297 | 3901 | 78 |
| iv_506 | 8.891380028777515 × 10^296 | 3933 | 82 |
| iv_508 | 2.5700921790067246 × 10^297 | 4128 | 74 |
| iv_509 | 2.650055045457797 × 10^297 | 4226 | 87 |

### Input Bits Sorted by Complexity

| Input Bit | Complexity | Occurrences | Output Occurrences |
|:---------:|:----------:|:-----------:|:------------------:|
| iv_497 | 9.423200332429036 × 10^295 | 4115 | 93 |
| iv_498 | 1.8759774997121038 × 10^296 | 3907 | 88 |
| iv_500 | 5.537824929795205 × 10^296 | 4085 | 76 |
| iv_506 | 8.891380028777515 × 10^296 | 3933 | 82 |
| iv_501 | 9.119568214368498 × 10^296 | 4047 | 83 |
| iv_502 | 1.4733845171709985 × 10^297 | 3856 | 82 |
| iv_503 | 2.341136491376259 × 10^297 | 4026 | 75 |
| iv_508 | 2.5700921790067246 × 10^297 | 4128 | 74 |
| iv_509 | 2.650055045457797 × 10^297 | 4226 | 87 |
| iv_504 | 3.649784933739037 × 10^297 | 3901 | 78 |
| iv_499 | 5.038710193070543 × 10^297 | 4116 | 89 |

### Input Bits Sorted by Occurrences

| Input Bit | Complexity | Occurrences | Output Occurrences |
|:---------:|:----------:|:-----------:|:------------------:|
| iv_502 | 1.4733845171709985 × 10^297 | 3856 | 82 |
| iv_504 | 3.649784933739037 × 10^297 | 3901 | 78 |
| iv_498 | 1.8759774997121038 × 10^296 | 3907 | 88 |
| iv_506 | 8.891380028777515 × 10^296 | 3933 | 82 |
| iv_503 | 2.341136491376259 × 10^297 | 4026 | 75 |
| iv_501 | 9.119568214368498 × 10^296 | 4047 | 83 |
| iv_500 | 5.537824929795205 × 10^296 | 4085 | 76 |
| iv_497 | 9.423200332429036 × 10^295 | 4115 | 93 |
| iv_499 | 5.038710193070543 × 10^297 | 4116 | 89 |
| iv_508 | 2.5700921790067246 × 10^297 | 4128 | 74 |
| iv_509 | 2.650055045457797 × 10^297 | 4226 | 87 |

### Input Bits Sorted by Output Occurrences

| Input Bit | Complexity | Occurrences | Output Occurrences |
|:---------:|:----------:|:-----------:|:------------------:|
| iv_508 | 2.5700921790067246 × 10^297 | 4128 | 74 |
| iv_503 | 2.341136491376259 × 10^297 | 4026 | 75 |
| iv_500 | 5.537824929795205 × 10^296 | 4085 | 76 |
| iv_504 | 3.649784933739037 × 10^297 | 3901 | 78 |
| iv_502 | 1.4733845171709985 × 10^297 | 3856 | 82 |
| iv_506 | 8.891380028777515 × 10^296 | 3933 | 82 |
| iv_501 | 9.119568214368498 × 10^296 | 4047 | 83 |
| iv_509 | 2.650055045457797 × 10^297 | 4226 | 87 |
| iv_498 | 1.8759774997121038 × 10^296 | 3907 | 88 |
| iv_499 | 5.038710193070543 × 10^297 | 4116 | 89 |
| iv_497 | 9.423200332429036 × 10^295 | 4115 | 93 |

## Input Bit Co-occurrences

### Input Bit Co-occurrences Sorted by Co-occurrences

| Input Bits | Co-occurrences | Potential Occurrences | Output Co-occurrences | Potential Output Occurrences |
|:----------:|:--------------:|:---------------------:|:---------------------:|:----------------------------:|
| iv_508-iv_509 | 2062 | 4230 | 40 | 81 |
| iv_501-iv_509 | 2014 | 4245 | 49 | 72 |
| iv_497-iv_509 | 2003 | 4335 | 50 | 80 |
| iv_497-iv_501 | 1989 | 4184 | 48 | 80 |
| iv_499-iv_509 | 1972 | 4398 | 48 | 80 |
| iv_503-iv_509 | 1971 | 4310 | 32 | 98 |
| iv_497-iv_503 | 1970 | 4201 | 46 | 76 |
| iv_497-iv_500 | 1970 | 4260 | 39 | 91 |
| iv_500-iv_501 | 1953 | 4226 | 41 | 77 |
| iv_506-iv_509 | 1944 | 4271 | 43 | 83 |
| iv_499-iv_501 | 1942 | 4279 | 44 | 84 |

### Input Bit Co-occurrences Sorted by Potential Occurrences

| Input Bits | Co-occurrences | Potential Occurrences | Output Co-occurrences | Potential Output Occurrences |
|:----------:|:--------------:|:---------------------:|:---------------------:|:----------------------------:|
| iv_504-iv_506 | 1858 | 4118 | 42 | 76 |
| iv_498-iv_504 | 1826 | 4156 | 46 | 74 |
| iv_497-iv_506 | 1936 | 4176 | 51 | 73 |
| iv_498-iv_506 | 1829 | 4182 | 41 | 88 |
| iv_502-iv_504 | 1787 | 4183 | 42 | 76 |
| iv_497-iv_501 | 1989 | 4184 | 48 | 80 |
| iv_497-iv_502 | 1891 | 4189 | 52 | 71 |
| iv_497-iv_504 | 1913 | 4190 | 50 | 71 |
| iv_502-iv_506 | 1796 | 4197 | 44 | 76 |
| iv_500-iv_504 | 1894 | 4198 | 38 | 78 |
| iv_497-iv_503 | 1970 | 4201 | 46 | 76 |

### Input Bit Output Co-occurrences Sorted by Output Co-occurrences

| Input Bits | Co-occurrences | Potential Occurrences | Output Co-occurrences | Potential Output Occurrences |
|:----------:|:--------------:|:---------------------:|:---------------------:|:----------------------------:|
| iv_497-iv_499 | 1934 | 4363 | 54 | 74 |
| iv_498-iv_509 | 1868 | 4397 | 52 | 71 |
| iv_497-iv_502 | 1891 | 4189 | 52 | 71 |
| iv_497-iv_506 | 1936 | 4176 | 51 | 73 |
| iv_497-iv_504 | 1913 | 4190 | 50 | 71 |
| iv_497-iv_498 | 1879 | 4264 | 50 | 81 |
| iv_497-iv_509 | 2003 | 4335 | 50 | 80 |
| iv_501-iv_509 | 2014 | 4245 | 49 | 72 |
| iv_498-iv_501 | 1853 | 4248 | 48 | 75 |
| iv_499-iv_506 | 1907 | 4235 | 48 | 75 |
| iv_497-iv_501 | 1989 | 4184 | 48 | 80 |

### Input Bit Output Co-occurrences Sorted by Potential Output Occurrences

| Input Bits | Co-occurrences | Potential Occurrences | Output Co-occurrences | Potential Output Occurrences |
|:----------:|:--------------:|:---------------------:|:---------------------:|:----------------------------:|
| iv_498-iv_508 | 1857 | 4321 | 47 | 68 |
| iv_499-iv_503 | 1940 | 4262 | 47 | 70 |
| iv_501-iv_508 | 1924 | 4327 | 43 | 71 |
| iv_497-iv_504 | 1913 | 4190 | 50 | 71 |
| iv_498-iv_509 | 1868 | 4397 | 52 | 71 |
| iv_497-iv_502 | 1891 | 4189 | 52 | 71 |
| iv_501-iv_509 | 2014 | 4245 | 49 | 72 |
| iv_504-iv_508 | 1897 | 4235 | 40 | 72 |
| iv_497-iv_506 | 1936 | 4176 | 51 | 73 |
| iv_500-iv_503 | 1931 | 4249 | 39 | 73 |
| iv_498-iv_504 | 1826 | 4156 | 46 | 74 |

## Output Bits

### Output Bits in Regular Order

| Rank | Output Bit | Complexity |
|:----:|:----------:|:----------:|
| 1 | ov_001 | 3.2290582028409256 × 10^297 |
| 2 | ov_002 | 2.8040836455371735 × 10^297 |
| 3 | ov_003 | 2.42303240954266 × 10^297 |
| 4 | ov_004 | 2.0825939043289348 × 10^297 |
| 5 | ov_005 | 1.779637932902794 × 10^297 |
| 6 | ov_006 | 1.5112018524977617 × 10^297 |
| 7 | ov_007 | 1.2744794258167376 × 10^297 |
| 8 | ov_008 | 1.0668112234004672 × 10^297 |
| 9 | ov_009 | 8.856764466777643 × 10^296 |
| 10 | ov_010 | 7.286860298788232 × 10^296 |
| 11 | ov_011 | 5.935768773869098 × 10^296 |
| 12 | ov_012 | 4.782071013164892 × 10^296 |
| 13 | ov_013 | 3.8055213215824445 × 10^296 |
| 14 | ov_014 | 2.9870158325980086 × 10^296 |
| 15 | ov_015 | 2.3085675774548525 × 10^296 |
| 16 | ov_016 | 1.753286942436441 × 10^296 |
| 17 | ov_017 | 1.3053665550538175 × 10^296 |
| 18 | ov_018 | 9.500697623726496 × 10^295 |
| 19 | ov_019 | 6.737220324350076 × 10^295 |
| 20 | ov_020 | 4.6370468613103004 × 10^295 |
| 21 | ov_021 | 3.084503832937558 × 10^295 |
| 22 | ov_022 | 1.974399065487193 × 10^295 |
| 23 | ov_023 | 1.2119993747231996 × 10^295 |
| 24 | ov_024 | 7.13015937509732 × 10^294 |
| 25 | ov_025 | 4.035953411009877 × 10^294 |
| 26 | ov_026 | 2.2031468037031833 × 10^294 |
| 27 | ov_027 | 1.1017925123755897 × 10^294 |
| 28 | ov_028 | 4.9298582555661875 × 10^293 |
| 29 | ov_029 | 1.8995733069303388 × 10^293 |
| 30 | ov_030 | 5.807230618980411 × 10^292 |
| 31 | ov_031 | 1.1327553387316872 × 10^292 |
| 32 | lv_80_m31 | 2.209206405468327 × 10^291 |
| 33 | ov_033 | 2.640359150673548 × 10^292 |
| 34 | ov_034 | 2.2900545950029793 × 10^292 |
| 35 | ov_035 | 1.9764466960077793 × 10^292 |
| 36 | ov_036 | 1.6965285383991855 × 10^292 |
| 37 | ov_037 | 1.447455761925802 × 10^292 |
| 38 | ov_038 | 1.2265351213608847 × 10^292 |
| 39 | ov_039 | 1.0312145880217183 × 10^292 |
| 40 | ov_040 | 8.602523059257625 × 10^291 |
| 41 | ov_041 | 7.113544126187424 × 10^291 |
| 42 | ov_042 | 5.823463677053138 × 10^291 |
| 43 | ov_043 | 4.7217003080852935 × 10^291 |
| 44 | ov_044 | 3.788749765478001 × 10^291 |
| 45 | ov_045 | 3.006172275744329 × 10^291 |
| 46 | ov_046 | 2.3565644563179345 × 10^291 |
| 47 | ov_047 | 1.8235370182354514 × 10^291 |
| 48 | ov_048 | 1.3916973929409643 × 10^291 |
| 49 | ov_049 | 1.046636482256864 × 10^291 |
| 50 | ov_050 | 7.749187963300568 × 10^290 |
| 51 | ov_051 | 5.640753091622785 × 10^290 |
| 52 | ov_052 | 4.025984254054745 × 10^290 |
| 53 | ov_053 | 2.7993851564902236 × 10^290 |
| 54 | ov_054 | 1.9105990564145674 × 10^290 |
| 55 | ov_055 | 1.2732261565771255 × 10^290 |
| 56 | ov_056 | 8.103968889106 × 10^289 |
| 57 | ov_057 | 4.860580534010795 × 10^289 |
| 58 | ov_058 | 2.689173563602224 × 10^289 |
| 59 | ov_059 | 1.3244220918958073 × 10^289 |
| 60 | ov_060 | 5.4859170963149037 × 10^288 |
| 61 | ov_061 | 1.915374291388235 × 10^288 |
| 62 | ov_062 | 5.2518454064698856 × 10^287 |
| 63 | ov_063 | 1.0231289044008748 × 10^287 |
| 64 | lv_79_m31 | 1.992765297036976 × 10^286 |
| 65 | ov_065 | 2.3773619692562363 × 10^287 |
| 66 | ov_066 | 2.3773545691323478 × 10^287 |
| 67 | ov_067 | 2.377352757978653 × 10^287 |
| 68 | ov_068 | 2.055618708409582 × 10^287 |
| 69 | ov_069 | 1.768533801910669 × 10^287 |
| 70 | ov_070 | 1.5132951575061553 × 10^287 |
| 71 | ov_071 | 1.2872723726025584 × 10^287 |
| 72 | ov_072 | 1.087995842661097 × 10^287 |
| 73 | ov_073 | 9.131461131115364 × 10^286 |
| 74 | ov_074 | 7.6054420899401365 × 10^286 |
| 75 | ov_075 | 6.281428899008659 × 10^286 |
| 76 | ov_076 | 5.14018779501631 × 10^286 |
| 77 | ov_077 | 4.163653203190904 × 10^286 |
| 78 | ov_078 | 3.3348650552730437 × 10^286 |
| 79 | ov_079 | 2.637913404057064 × 10^286 |
| 80 | ov_080 | 2.0578898674508947 × 10^286 |
| 81 | ov_081 | 1.5808454399724745 × 10^286 |
| 82 | ov_082 | 1.1937542132256806 × 10^286 |
| 83 | ov_083 | 8.844825494838921 × 10^285 |
| 84 | ov_084 | 6.417632543145577 × 10^285 |
| 85 | ov_085 | 4.551742954203282 × 10^285 |
| 86 | ov_086 | 3.151216157136645 × 10^285 |
| 87 | ov_087 | 2.1282558919493934 × 10^285 |
| 88 | ov_088 | 1.4031066854986453 × 10^285 |
| 89 | ov_089 | 9.039777358357436 × 10^284 |
| 90 | ov_090 | 5.669896971572402 × 10^284 |
| 91 | ov_091 | 3.3613985812268197 × 10^284 |
| 92 | ov_092 | 1.8539267770635783 × 10^284 |
| 93 | ov_093 | 9.263672260138425 × 10^283 |
| 94 | ov_094 | 3.96809698337405 × 10^283 |
| 95 | aaa_78_28 | 1.2253296657874924 × 10^283 |
| 96 | aaa_78_29 | 3.7631366666464765 × 10^282 |
| 97 | ov_097 | 2.4851860172659176 × 10^282 |
| 98 | ov_098 | 2.4851115702164592 × 10^282 |
| 99 | ov_099 | 2.485087789905671 × 10^282 |
| 100 | ov_100 | 2.2362769701643093 × 10^282 |
| 101 | ov_101 | 2.0058316883504283 × 10^282 |
| 102 | ov_102 | 1.7927434215878652 × 10^282 |
| 103 | ov_103 | 1.596077141884466 × 10^282 |
| 104 | ov_104 | 1.4149617722247874 × 10^282 |
| 105 | ov_105 | 1.2485815109274997 × 10^282 |
| 106 | ov_106 | 1.0961679795719584 × 10^282 |
| 107 | ov_107 | 9.569931513821449 × 10^281 |
| 108 | ov_108 | 8.303630182269333 × 10^281 |
| 109 | ov_109 | 7.156119553933768 × 10^281 |
| 110 | ov_110 | 6.1209774405231805 × 10^281 |
| 111 | ov_111 | 5.191972119023496 × 10^281 |
| 112 | ov_112 | 4.363024528858401 × 10^281 |
| 113 | ov_113 | 3.628175871534444 × 10^281 |
| 114 | ov_114 | 2.9815602264186098 × 10^281 |
| 115 | ov_115 | 2.4173817974927108 × 10^281 |
| 116 | ov_116 | 1.929896406667126 × 10^281 |
| 117 | ov_117 | 1.5133968496939602 × 10^281 |
| 118 | ov_118 | 1.1622017309933883 × 10^281 |
| 119 | ov_119 | 8.706473938778807 × 10^280 |
| 120 | ov_120 | 6.330822956532093 × 10^280 |
| 121 | ov_121 | 4.438629579327613 × 10^280 |
| 122 | ov_122 | 2.973509854784822 × 10^280 |
| 123 | ov_123 | 1.8791096192478122 × 10^280 |
| 124 | ov_124 | 1.0990903074746067 × 10^280 |
| 125 | ov_125 | 5.771201646725927 × 10^279 |
| 126 | ov_126 | 2.5686976548728314 × 10^279 |
| 127 | aaa_77_28 | 8.201029465337185 × 10^278 |
| 128 | aaa_77_29 | 3.0737399427122622 × 10^278 |
| 129 | ov_129 | 2.841695483310808 × 10^278 |
| 130 | ov_130 | 2.8416872182064847 × 10^278 |
| 131 | ov_131 | 2.8416852215546597 × 10^278 |
| 132 | ov_132 | 2.4629911813414353 × 10^278 |
| 133 | ov_133 | 2.1238341429249937 × 10^278 |
| 134 | ov_134 | 1.821234241750054 × 10^278 |
| 135 | ov_135 | 1.5523699629890131 × 10^278 |
| 136 | ov_136 | 1.3145668550875154 × 10^278 |
| 137 | ov_137 | 1.10528784274174 × 10^278 |
| 138 | ov_138 | 9.221249783317198 × 10^277 |
| 139 | ov_139 | 7.627924789788611 × 10^277 |
| 140 | ov_140 | 6.251209043173606 × 10^277 |
| 141 | ov_141 | 5.070523378209799 × 10^277 |
| 142 | ov_142 | 4.0663644930886425 × 10^277 |
| 143 | ov_143 | 3.22027338101999 × 10^277 |
| 144 | ov_144 | 2.514810637734141 × 10^277 |
| 145 | ov_145 | 1.9335376455095955 × 10^277 |
| 146 | ov_146 | 1.461002636757889 × 10^277 |
| 147 | ov_147 | 1.0827307140252528 × 10^277 |
| 148 | ov_148 | 7.852169769806941 × 10^276 |
| 149 | ov_149 | 5.559219805875524 × 10^276 |
| 150 | ov_150 | 3.83268856923124 × 10^276 |
| 151 | ov_151 | 2.566415760354028 × 10^276 |
| 152 | ov_152 | 1.663839202378869 × 10^276 |
| 153 | ov_153 | 1.0379884320429012 × 10^276 |
| 154 | ov_154 | 6.1148040361445716 × 10^275 |
| 155 | ov_155 | 3.1651667152636448 × 10^275 |
| 156 | aaa_76_25 | 1.2159393816330362 × 10^275 |
| 157 | aaa_76_26 | 7.01864300497187 × 10^274 |
| 158 | aaa_76_27 | 3.5909471607543024 × 10^274 |
| 159 | aaa_76_28 | 1.3972351720295707 × 10^274 |
| 160 | aaa_76_29 | 4.246476322273277 × 10^273 |

### Output Bits Sorted by Complexity

| Rank | Output Bit | Complexity |
|:----:|:----------:|:----------:|
| 160 | aaa_76_29 | 4.246476322273277 × 10^273 |
| 159 | aaa_76_28 | 1.3972351720295707 × 10^274 |
| 158 | aaa_76_27 | 3.5909471607543024 × 10^274 |
| 157 | aaa_76_26 | 7.01864300497187 × 10^274 |
| 156 | aaa_76_25 | 1.2159393816330362 × 10^275 |
| 155 | ov_155 | 3.1651667152636448 × 10^275 |
| 154 | ov_154 | 6.1148040361445716 × 10^275 |
| 153 | ov_153 | 1.0379884320429012 × 10^276 |
| 152 | ov_152 | 1.663839202378869 × 10^276 |
| 151 | ov_151 | 2.566415760354028 × 10^276 |
| 150 | ov_150 | 3.83268856923124 × 10^276 |
| 149 | ov_149 | 5.559219805875524 × 10^276 |
| 148 | ov_148 | 7.852169769806941 × 10^276 |
| 147 | ov_147 | 1.0827307140252528 × 10^277 |
| 146 | ov_146 | 1.461002636757889 × 10^277 |
| 145 | ov_145 | 1.9335376455095955 × 10^277 |
| 144 | ov_144 | 2.514810637734141 × 10^277 |
| 143 | ov_143 | 3.22027338101999 × 10^277 |
| 142 | ov_142 | 4.0663644930886425 × 10^277 |
| 141 | ov_141 | 5.070523378209799 × 10^277 |
| 140 | ov_140 | 6.251209043173606 × 10^277 |
| 139 | ov_139 | 7.627924789788611 × 10^277 |
| 138 | ov_138 | 9.221249783317198 × 10^277 |
| 137 | ov_137 | 1.10528784274174 × 10^278 |
| 136 | ov_136 | 1.3145668550875154 × 10^278 |
| 135 | ov_135 | 1.5523699629890131 × 10^278 |
| 134 | ov_134 | 1.821234241750054 × 10^278 |
| 133 | ov_133 | 2.1238341429249937 × 10^278 |
| 132 | ov_132 | 2.4629911813414353 × 10^278 |
| 131 | ov_131 | 2.8416852215546597 × 10^278 |
| 130 | ov_130 | 2.8416872182064847 × 10^278 |
| 129 | ov_129 | 2.841695483310808 × 10^278 |
| 128 | aaa_77_29 | 3.0737399427122622 × 10^278 |
| 127 | aaa_77_28 | 8.201029465337185 × 10^278 |
| 126 | ov_126 | 2.5686976548728314 × 10^279 |
| 125 | ov_125 | 5.771201646725927 × 10^279 |
| 124 | ov_124 | 1.0990903074746067 × 10^280 |
| 123 | ov_123 | 1.8791096192478122 × 10^280 |
| 122 | ov_122 | 2.973509854784822 × 10^280 |
| 121 | ov_121 | 4.438629579327613 × 10^280 |
| 120 | ov_120 | 6.330822956532093 × 10^280 |
| 119 | ov_119 | 8.706473938778807 × 10^280 |
| 118 | ov_118 | 1.1622017309933883 × 10^281 |
| 117 | ov_117 | 1.5133968496939602 × 10^281 |
| 116 | ov_116 | 1.929896406667126 × 10^281 |
| 115 | ov_115 | 2.4173817974927108 × 10^281 |
| 114 | ov_114 | 2.9815602264186098 × 10^281 |
| 113 | ov_113 | 3.628175871534444 × 10^281 |
| 112 | ov_112 | 4.363024528858401 × 10^281 |
| 111 | ov_111 | 5.191972119023496 × 10^281 |
| 110 | ov_110 | 6.1209774405231805 × 10^281 |
| 109 | ov_109 | 7.156119553933768 × 10^281 |
| 108 | ov_108 | 8.303630182269333 × 10^281 |
| 107 | ov_107 | 9.569931513821449 × 10^281 |
| 106 | ov_106 | 1.0961679795719584 × 10^282 |
| 105 | ov_105 | 1.2485815109274997 × 10^282 |
| 104 | ov_104 | 1.4149617722247874 × 10^282 |
| 103 | ov_103 | 1.596077141884466 × 10^282 |
| 102 | ov_102 | 1.7927434215878652 × 10^282 |
| 101 | ov_101 | 2.0058316883504283 × 10^282 |
| 100 | ov_100 | 2.2362769701643093 × 10^282 |
| 99 | ov_099 | 2.485087789905671 × 10^282 |
| 98 | ov_098 | 2.4851115702164592 × 10^282 |
| 97 | ov_097 | 2.4851860172659176 × 10^282 |
| 96 | aaa_78_29 | 3.7631366666464765 × 10^282 |
| 95 | aaa_78_28 | 1.2253296657874924 × 10^283 |
| 94 | ov_094 | 3.96809698337405 × 10^283 |
| 93 | ov_093 | 9.263672260138425 × 10^283 |
| 92 | ov_092 | 1.8539267770635783 × 10^284 |
| 91 | ov_091 | 3.3613985812268197 × 10^284 |
| 90 | ov_090 | 5.669896971572402 × 10^284 |
| 89 | ov_089 | 9.039777358357436 × 10^284 |
| 88 | ov_088 | 1.4031066854986453 × 10^285 |
| 87 | ov_087 | 2.1282558919493934 × 10^285 |
| 86 | ov_086 | 3.151216157136645 × 10^285 |
| 85 | ov_085 | 4.551742954203282 × 10^285 |
| 84 | ov_084 | 6.417632543145577 × 10^285 |
| 83 | ov_083 | 8.844825494838921 × 10^285 |
| 82 | ov_082 | 1.1937542132256806 × 10^286 |
| 81 | ov_081 | 1.5808454399724745 × 10^286 |
| 64 | lv_79_m31 | 1.992765297036976 × 10^286 |
| 80 | ov_080 | 2.0578898674508947 × 10^286 |
| 79 | ov_079 | 2.637913404057064 × 10^286 |
| 78 | ov_078 | 3.3348650552730437 × 10^286 |
| 77 | ov_077 | 4.163653203190904 × 10^286 |
| 76 | ov_076 | 5.14018779501631 × 10^286 |
| 75 | ov_075 | 6.281428899008659 × 10^286 |
| 74 | ov_074 | 7.6054420899401365 × 10^286 |
| 73 | ov_073 | 9.131461131115364 × 10^286 |
| 63 | ov_063 | 1.0231289044008748 × 10^287 |
| 72 | ov_072 | 1.087995842661097 × 10^287 |
| 71 | ov_071 | 1.2872723726025584 × 10^287 |
| 70 | ov_070 | 1.5132951575061553 × 10^287 |
| 69 | ov_069 | 1.768533801910669 × 10^287 |
| 68 | ov_068 | 2.055618708409582 × 10^287 |
| 67 | ov_067 | 2.377352757978653 × 10^287 |
| 66 | ov_066 | 2.3773545691323478 × 10^287 |
| 65 | ov_065 | 2.3773619692562363 × 10^287 |
| 62 | ov_062 | 5.2518454064698856 × 10^287 |
| 61 | ov_061 | 1.915374291388235 × 10^288 |
| 60 | ov_060 | 5.4859170963149037 × 10^288 |
| 59 | ov_059 | 1.3244220918958073 × 10^289 |
| 58 | ov_058 | 2.689173563602224 × 10^289 |
| 57 | ov_057 | 4.860580534010795 × 10^289 |
| 56 | ov_056 | 8.103968889106 × 10^289 |
| 55 | ov_055 | 1.2732261565771255 × 10^290 |
| 54 | ov_054 | 1.9105990564145674 × 10^290 |
| 53 | ov_053 | 2.7993851564902236 × 10^290 |
| 52 | ov_052 | 4.025984254054745 × 10^290 |
| 51 | ov_051 | 5.640753091622785 × 10^290 |
| 50 | ov_050 | 7.749187963300568 × 10^290 |
| 49 | ov_049 | 1.046636482256864 × 10^291 |
| 48 | ov_048 | 1.3916973929409643 × 10^291 |
| 47 | ov_047 | 1.8235370182354514 × 10^291 |
| 32 | lv_80_m31 | 2.209206405468327 × 10^291 |
| 46 | ov_046 | 2.3565644563179345 × 10^291 |
| 45 | ov_045 | 3.006172275744329 × 10^291 |
| 44 | ov_044 | 3.788749765478001 × 10^291 |
| 43 | ov_043 | 4.7217003080852935 × 10^291 |
| 42 | ov_042 | 5.823463677053138 × 10^291 |
| 41 | ov_041 | 7.113544126187424 × 10^291 |
| 40 | ov_040 | 8.602523059257625 × 10^291 |
| 39 | ov_039 | 1.0312145880217183 × 10^292 |
| 31 | ov_031 | 1.1327553387316872 × 10^292 |
| 38 | ov_038 | 1.2265351213608847 × 10^292 |
| 37 | ov_037 | 1.447455761925802 × 10^292 |
| 36 | ov_036 | 1.6965285383991855 × 10^292 |
| 35 | ov_035 | 1.9764466960077793 × 10^292 |
| 34 | ov_034 | 2.2900545950029793 × 10^292 |
| 33 | ov_033 | 2.640359150673548 × 10^292 |
| 30 | ov_030 | 5.807230618980411 × 10^292 |
| 29 | ov_029 | 1.8995733069303388 × 10^293 |
| 28 | ov_028 | 4.9298582555661875 × 10^293 |
| 27 | ov_027 | 1.1017925123755897 × 10^294 |
| 26 | ov_026 | 2.2031468037031833 × 10^294 |
| 25 | ov_025 | 4.035953411009877 × 10^294 |
| 24 | ov_024 | 7.13015937509732 × 10^294 |
| 23 | ov_023 | 1.2119993747231996 × 10^295 |
| 22 | ov_022 | 1.974399065487193 × 10^295 |
| 21 | ov_021 | 3.084503832937558 × 10^295 |
| 20 | ov_020 | 4.6370468613103004 × 10^295 |
| 19 | ov_019 | 6.737220324350076 × 10^295 |
| 18 | ov_018 | 9.500697623726496 × 10^295 |
| 17 | ov_017 | 1.3053665550538175 × 10^296 |
| 16 | ov_016 | 1.753286942436441 × 10^296 |
| 15 | ov_015 | 2.3085675774548525 × 10^296 |
| 14 | ov_014 | 2.9870158325980086 × 10^296 |
| 13 | ov_013 | 3.8055213215824445 × 10^296 |
| 12 | ov_012 | 4.782071013164892 × 10^296 |
| 11 | ov_011 | 5.935768773869098 × 10^296 |
| 10 | ov_010 | 7.286860298788232 × 10^296 |
| 9 | ov_009 | 8.856764466777643 × 10^296 |
| 8 | ov_008 | 1.0668112234004672 × 10^297 |
| 7 | ov_007 | 1.2744794258167376 × 10^297 |
| 6 | ov_006 | 1.5112018524977617 × 10^297 |
| 5 | ov_005 | 1.779637932902794 × 10^297 |
| 4 | ov_004 | 2.0825939043289348 × 10^297 |
| 3 | ov_003 | 2.42303240954266 × 10^297 |
| 2 | ov_002 | 2.8040836455371735 × 10^297 |
| 1 | ov_001 | 3.2290582028409256 × 10^297 |

