# Results for F001-F002-F003-F004-F005-F006-F007-F008-F009-F010-F011-F012-F013-F014-F015-F016-F017-F018-F019-F020-F021-F022-F023-F024-F025-F026-F027-F028-F029-F030-F031-F032-F033-F034-F035-F036-F037-F038-F039-F040-F041-F042-F043-F044-F045-F046-F047-F048-F049-F050-F051-F052-F053-F054-F055-F056-F057-F058-F059-F060-F061-F062-F063-F064-F065-F066-F067-F068-F069-F070-F071-F072-F073-F074-F075-F076-F077-F078-F079-F080-F081-F082-F083-F084-F085-F086-F087-F088-F089-F090-F091-F092-F093-F094-F095-F096-F097-F098-F099-F100-F101-F102-F103-F104-F105-F106-F107-F108-F109-F110-F111-F112-F113-F114-F115-F116-F117-F118-F119-F120-F121-F122-F123-F124-F125-F126-F127-F128-F129-F130-F131-F132-F133-F134-F135-F136-F137-F138-F139-F140-F141-F142-F143-F144-F145-F146-F147-F148-F149-F150-F151-F152-F153-F154-F155-F156-F157-F158-F159-F160-F161-F162-F163-F164-F165-F166-F167-F168-F169-F170-F171-F172-F173-F174-F175-F176-F177-F178-F179-F180-F181-F182-F183-F184-F185-F186-F187-F188-F189-F190-F191-F192-F193-F194-F195-F196-F197-F198-F199-F200-F201-F202-F203-F204-F205-F206-F207-F208-F209-F210-F211-F212-F213-F214-F215-F216-F217-F218-F219-F220-F221-F222-F223-F224-F225-F226-F227-F228-F229-F230-F231-F232-F233-F234-F235-F236-F237-F238-F239-F240-F241-F242-F243-F244-F245-F246-F247-F248-F249-F250-F251-F252-F253-F254-F255-F256-F257-F258-F259-F260-F261-F262-F263-F264-F265-F266-F267-F268-F269-F270-F271-F272-F273-F274-F275-F276-F277-F278-F279-F280-F281-F282-F283-F284-F285-F286-F287-F288-F289-F290-F291-F292-F293-F294-F295-F296-F297-F298-F299-F300-F301-F302-F303-F304-F305-F306-F307-F308-F309-F310-F311-F312-F313-F314-F315-F316-F317-F318-F319-F320-F321-F322-F323-F324-F325-F326-F327-F328-F329-F330-F331-F332-F333-F334-F335-F336-F337-F338-F339-F340-F341-F342-F343-F344-F345-F346-F347-F348-F349-F350-F351-F352-F353-F354-F355-F356-F357-F358-F359-F360-F361-F362-F363-F364-F365-F366-F367-F368-F369-F370-F371-F372-F373-F374-F375-F376-F377-F378-F379-F380-F381-F382-F383-F384-F385-F386-F387-F388-F389-F390-F391-F392-F393-F394-F395-F396-F397-F398-F399-F400-F401-F402-F403-F404-F405-F406-F407-F408-F409-F410-F411-F412-F413-F414-F415-F416-F417-F418-F419-F420-F421-F422-F423-F424-F425-F426-F427-F428-F429-F430-F431-F432-F433-F434-F435-F436-F437-F438-F439-F440-F441-F442-F443-F444-F445-F446-F447-F448-F449-F450-F451-F452-F453-F454-F455-F456-F457-F458-F459-F460-F461-F462-F463-F464-F465-F466-F467-F468-F469-F470-F471-F472-F473-F474-F475-F476-F477-F478-F479-F480-F481-F482-F483-F484-F485-F486-F487-F488-F489-F490-F491-F492-F493-F494-F495-F496-F497-F498-F499-F500-O511512

## Summary

Number of input bits: 512  
Number of free input bits: 11  
Number of output bits: 160

Number of direct occurrences: 45559  
Number of assignments: 31733  
Number of operations: 11850286
(xor: 11819997,
and: 16915,
or: 13374)

Total complexity: 1.6008306151100837 × 10^306

Least occurring input variable: iv_506 (3959)  
Most occurring input variable: iv_511 (4378)

Most co-occurring input variables: iv_503-iv_507 (2144)  
Least co-occurring input variables: iv_502-iv_504 (1834)

Potentially most occurring input variable: iv_509/iv_511 (4679)  
Potentially least occurring input variable: iv_502/iv_505 (4177)

Least output occurring input variable: iv_511 (73)  
Most output occurring input variable: iv_509 (89)

Most output co-occurring input variables: iv_501-iv_509 (55)  
Least output co-occurring input variables: iv_503-iv_506 (33)

Potentially most output occurring input variable: iv_501/iv_502 (95)  
Potentially least output occurring input variable: iv_501/iv_509 (63)

Least complex input bit: iv_511 (7.901747336131531 × 10^302)  
Most complex input bit: iv_510 (4.016129583241167 × 10^305)

Least complex output bit: aaa_76_29 (2.4053092275532295 × 10^280)  
Most complex output bit: ov_001 (2.535653557037247 × 10^305)

Least complex input/output complexity: iv_511/aaa_76_29 (1.1872677597488546 × 10^277)  
Most complex input/output complexity: iv_510/ov_001 (6.361393371132954 × 10^304)

## Input Bits

### Input Bits in Regular Order

| Input Bit | Complexity | Occurrences | Output Occurrences |
|:---------:|:----------:|:-----------:|:------------------:|
| iv_501 | 1.1465240036263693 × 10^304 | 4223 | 84 |
| iv_502 | 2.0859930112642527 × 10^304 | 3978 | 81 |
| iv_503 | 3.516672682542433 × 10^304 | 4177 | 79 |
| iv_504 | 5.648253785631962 × 10^304 | 3961 | 81 |
| iv_505 | 8.761994744962035 × 10^304 | 4017 | 81 |
| iv_506 | 1.322343663329891 × 10^305 | 3959 | 81 |
| iv_507 | 1.9515799663520707 × 10^305 | 4321 | 85 |
| iv_508 | 2.7776871471300865 × 10^305 | 4107 | 78 |
| iv_509 | 3.8167202209088013 × 10^305 | 4167 | 89 |
| iv_510 | 4.016129583241167 × 10^305 | 4271 | 82 |
| iv_511 | 7.901747336131531 × 10^302 | 4378 | 73 |

### Input Bits Sorted by Complexity

| Input Bit | Complexity | Occurrences | Output Occurrences |
|:---------:|:----------:|:-----------:|:------------------:|
| iv_511 | 7.901747336131531 × 10^302 | 4378 | 73 |
| iv_501 | 1.1465240036263693 × 10^304 | 4223 | 84 |
| iv_502 | 2.0859930112642527 × 10^304 | 3978 | 81 |
| iv_503 | 3.516672682542433 × 10^304 | 4177 | 79 |
| iv_504 | 5.648253785631962 × 10^304 | 3961 | 81 |
| iv_505 | 8.761994744962035 × 10^304 | 4017 | 81 |
| iv_506 | 1.322343663329891 × 10^305 | 3959 | 81 |
| iv_507 | 1.9515799663520707 × 10^305 | 4321 | 85 |
| iv_508 | 2.7776871471300865 × 10^305 | 4107 | 78 |
| iv_509 | 3.8167202209088013 × 10^305 | 4167 | 89 |
| iv_510 | 4.016129583241167 × 10^305 | 4271 | 82 |

### Input Bits Sorted by Occurrences

| Input Bit | Complexity | Occurrences | Output Occurrences |
|:---------:|:----------:|:-----------:|:------------------:|
| iv_506 | 1.322343663329891 × 10^305 | 3959 | 81 |
| iv_504 | 5.648253785631962 × 10^304 | 3961 | 81 |
| iv_502 | 2.0859930112642527 × 10^304 | 3978 | 81 |
| iv_505 | 8.761994744962035 × 10^304 | 4017 | 81 |
| iv_508 | 2.7776871471300865 × 10^305 | 4107 | 78 |
| iv_509 | 3.8167202209088013 × 10^305 | 4167 | 89 |
| iv_503 | 3.516672682542433 × 10^304 | 4177 | 79 |
| iv_501 | 1.1465240036263693 × 10^304 | 4223 | 84 |
| iv_510 | 4.016129583241167 × 10^305 | 4271 | 82 |
| iv_507 | 1.9515799663520707 × 10^305 | 4321 | 85 |
| iv_511 | 7.901747336131531 × 10^302 | 4378 | 73 |

### Input Bits Sorted by Output Occurrences

| Input Bit | Complexity | Occurrences | Output Occurrences |
|:---------:|:----------:|:-----------:|:------------------:|
| iv_511 | 7.901747336131531 × 10^302 | 4378 | 73 |
| iv_508 | 2.7776871471300865 × 10^305 | 4107 | 78 |
| iv_503 | 3.516672682542433 × 10^304 | 4177 | 79 |
| iv_504 | 5.648253785631962 × 10^304 | 3961 | 81 |
| iv_506 | 1.322343663329891 × 10^305 | 3959 | 81 |
| iv_505 | 8.761994744962035 × 10^304 | 4017 | 81 |
| iv_502 | 2.0859930112642527 × 10^304 | 3978 | 81 |
| iv_510 | 4.016129583241167 × 10^305 | 4271 | 82 |
| iv_501 | 1.1465240036263693 × 10^304 | 4223 | 84 |
| iv_507 | 1.9515799663520707 × 10^305 | 4321 | 85 |
| iv_509 | 3.8167202209088013 × 10^305 | 4167 | 89 |

## Input Bit Co-occurrences

### Input Bit Co-occurrences Sorted by Co-occurrences

| Input Bits | Co-occurrences | Potential Occurrences | Output Co-occurrences | Potential Output Occurrences |
|:----------:|:--------------:|:---------------------:|:---------------------:|:----------------------------:|
| iv_503-iv_507 | 2144 | 4210 | 42 | 80 |
| iv_501-iv_507 | 2118 | 4308 | 48 | 73 |
| iv_507-iv_508 | 2091 | 4246 | 40 | 83 |
| iv_507-iv_510 | 2077 | 4438 | 49 | 69 |
| iv_510-iv_511 | 2063 | 4523 | 35 | 85 |
| iv_507-iv_509 | 2062 | 4364 | 49 | 76 |
| iv_501-iv_510 | 2062 | 4370 | 46 | 74 |
| iv_501-iv_509 | 2061 | 4268 | 55 | 63 |
| iv_509-iv_510 | 2060 | 4318 | 46 | 79 |
| iv_508-iv_511 | 2047 | 4391 | 36 | 79 |
| iv_507-iv_511 | 2046 | 4607 | 34 | 90 |

### Input Bit Co-occurrences Sorted by Potential Occurrences

| Input Bits | Co-occurrences | Potential Occurrences | Output Co-occurrences | Potential Output Occurrences |
|:----------:|:--------------:|:---------------------:|:---------------------:|:----------------------------:|
| iv_502-iv_505 | 1909 | 4177 | 44 | 74 |
| iv_502-iv_506 | 1871 | 4195 | 43 | 76 |
| iv_503-iv_507 | 2144 | 4210 | 42 | 80 |
| iv_506-iv_507 | 2033 | 4214 | 44 | 78 |
| iv_506-iv_508 | 1921 | 4224 | 43 | 73 |
| iv_504-iv_506 | 1845 | 4230 | 42 | 78 |
| iv_507-iv_508 | 2091 | 4246 | 40 | 83 |
| iv_501-iv_508 | 2037 | 4256 | 44 | 74 |
| iv_503-iv_506 | 1937 | 4262 | 33 | 94 |
| iv_504-iv_505 | 1856 | 4266 | 41 | 80 |
| iv_501-iv_509 | 2061 | 4268 | 55 | 63 |

### Input Bit Output Co-occurrences Sorted by Output Co-occurrences

| Input Bits | Co-occurrences | Potential Occurrences | Output Co-occurrences | Potential Output Occurrences |
|:----------:|:--------------:|:---------------------:|:---------------------:|:----------------------------:|
| iv_501-iv_509 | 2061 | 4268 | 55 | 63 |
| iv_506-iv_510 | 1886 | 4458 | 49 | 65 |
| iv_507-iv_510 | 2077 | 4438 | 49 | 69 |
| iv_507-iv_509 | 2062 | 4364 | 49 | 76 |
| iv_501-iv_507 | 2118 | 4308 | 48 | 73 |
| iv_502-iv_507 | 1965 | 4369 | 47 | 72 |
| iv_501-iv_510 | 2062 | 4370 | 46 | 74 |
| iv_503-iv_509 | 1980 | 4384 | 46 | 76 |
| iv_509-iv_510 | 2060 | 4318 | 46 | 79 |
| iv_502-iv_509 | 1862 | 4421 | 46 | 78 |
| iv_505-iv_509 | 1917 | 4350 | 45 | 80 |

### Input Bit Output Co-occurrences Sorted by Potential Output Occurrences

| Input Bits | Co-occurrences | Potential Occurrences | Output Co-occurrences | Potential Output Occurrences |
|:----------:|:--------------:|:---------------------:|:---------------------:|:----------------------------:|
| iv_501-iv_509 | 2061 | 4268 | 55 | 63 |
| iv_506-iv_510 | 1886 | 4458 | 49 | 65 |
| iv_506-iv_511 | 1964 | 4409 | 43 | 68 |
| iv_507-iv_510 | 2077 | 4438 | 49 | 69 |
| iv_504-iv_511 | 1897 | 4545 | 42 | 70 |
| iv_502-iv_507 | 1965 | 4369 | 47 | 72 |
| iv_501-iv_507 | 2118 | 4308 | 48 | 73 |
| iv_506-iv_508 | 1921 | 4224 | 43 | 73 |
| iv_501-iv_508 | 2037 | 4256 | 44 | 74 |
| iv_501-iv_510 | 2062 | 4370 | 46 | 74 |
| iv_502-iv_505 | 1909 | 4177 | 44 | 74 |

## Output Bits

### Output Bits in Regular Order

| Rank | Output Bit | Complexity |
|:----:|:----------:|:----------:|
| 1 | ov_001 | 2.535653557037247 × 10^305 |
| 2 | ov_002 | 2.203628855517596 × 10^305 |
| 3 | ov_003 | 1.904744181222865 × 10^305 |
| 4 | ov_004 | 1.6376622715972756 × 10^305 |
| 5 | ov_005 | 1.399926391164313 × 10^305 |
| 6 | ov_006 | 1.1892131552801752 × 10^305 |
| 7 | ov_007 | 1.0033237484011046 × 10^305 |
| 8 | ov_008 | 8.401762901889863 × 10^304 |
| 9 | ov_009 | 6.977992306809122 × 10^304 |
| 10 | ov_010 | 5.743256683898504 × 10^304 |
| 11 | ov_011 | 4.679885097979781 × 10^304 |
| 12 | ov_012 | 3.771164065249266 × 10^304 |
| 13 | ov_013 | 3.001303998782132 × 10^304 |
| 14 | ov_014 | 2.3554119031486841 × 10^304 |
| 15 | ov_015 | 1.8194694923918554 × 10^304 |
| 16 | ov_016 | 1.3803159629527743 × 10^304 |
| 17 | ov_017 | 1.0256347101456812 × 10^304 |
| 18 | ov_018 | 7.439433335863396 × 10^303 |
| 19 | ov_019 | 5.2458633365009296 × 10^303 |
| 20 | ov_020 | 3.5772995763095725 × 10^303 |
| 21 | ov_021 | 2.3435871082506895 × 10^303 |
| 22 | ov_022 | 1.462731042896619 × 10^303 |
| 23 | ov_023 | 8.608826754317684 × 10^302 |
| 24 | ov_024 | 4.723312361775951 × 10^302 |
| 25 | ov_025 | 2.394991476326386 × 10^302 |
| 26 | ov_026 | 1.129394739420106 × 10^302 |
| 27 | ov_027 | 5.133469053814767 × 10^301 |
| 28 | ov_028 | 2.1496167802448615 × 10^301 |
| 29 | ov_029 | 8.861779780717231 × 10^300 |
| 30 | ov_030 | 2.9337375941180567 × 10^300 |
| 31 | ov_031 | 7.108659676890174 × 10^299 |
| 32 | lv_80_k31 | 1.7219884497003446 × 10^299 |
| 33 | ov_033 | 2.0930968027941093 × 10^300 |
| 34 | ov_034 | 1.820211891855411 × 10^300 |
| 35 | ov_035 | 1.5757154352846763 × 10^300 |
| 36 | ov_036 | 1.3573840426839459 × 10^300 |
| 37 | ov_037 | 1.1631146099415697 × 10^300 |
| 38 | ov_038 | 9.909157649588004 × 10^299 |
| 39 | ov_039 | 8.389004629548632 × 10^299 |
| 40 | ov_040 | 7.0527962384680036 × 10^299 |
| 41 | ov_041 | 5.8835670987657 × 10^299 |
| 42 | ov_042 | 4.86523147136125 × 10^299 |
| 43 | ov_043 | 3.982544999592675 × 10^299 |
| 44 | ov_044 | 3.2210731233968796 × 10^299 |
| 45 | ov_045 | 2.5671653562575914 × 10^299 |
| 46 | ov_046 | 2.0141895998993855 × 10^299 |
| 47 | ov_047 | 1.555890922002929 × 10^299 |
| 48 | ov_048 | 1.1808642830858194 × 10^299 |
| 49 | ov_049 | 8.784300474303446 × 10^298 |
| 50 | ov_050 | 6.386272002353237 × 10^298 |
| 51 | ov_051 | 4.5220862096322277 × 10^298 |
| 52 | ov_052 | 3.1063794907716806 × 10^298 |
| 53 | ov_053 | 2.0608762683863306 × 10^298 |
| 54 | ov_054 | 1.3143775228023561 × 10^298 |
| 55 | ov_055 | 8.027543774371023 × 10^297 |
| 56 | ov_056 | 4.689445631683863 × 10^297 |
| 57 | ov_057 | 2.629504416804019 × 10^297 |
| 58 | ov_058 | 1.4183788443099116 × 10^297 |
| 59 | ov_059 | 6.973567097717516 × 10^296 |
| 60 | ov_060 | 3.04738685598862 × 10^296 |
| 61 | ov_061 | 1.1413818403348094 × 10^296 |
| 62 | ov_062 | 3.4481099681125903 × 10^295 |
| 63 | ov_063 | 7.627330911639728 × 10^294 |
| 64 | lv_79_m31 | 1.48617187989673 × 10^294 |
| 65 | ov_065 | 1.7615509229344212 × 10^295 |
| 66 | ov_066 | 1.7615469337173426 × 10^295 |
| 67 | ov_067 | 1.7615456600070626 × 10^295 |
| 68 | ov_068 | 1.5237043486585585 × 10^295 |
| 69 | ov_069 | 1.3109274542394606 × 10^295 |
| 70 | ov_070 | 1.1213084926078963 × 10^295 |
| 71 | ov_071 | 9.530441534632927 × 10^294 |
| 72 | ov_072 | 8.044269654524644 × 10^294 |
| 73 | ov_073 | 6.738389459428375 × 10^294 |
| 74 | ov_074 | 5.597461437570348 × 10^294 |
| 75 | ov_075 | 4.606939879663408 × 10^294 |
| 76 | ov_076 | 3.7530336046288426 × 10^294 |
| 77 | ov_077 | 3.022673145051444 × 10^294 |
| 78 | ov_078 | 2.4034836578773032 × 10^294 |
| 79 | ov_079 | 1.8837628684940076 × 10^294 |
| 80 | ov_080 | 1.4524633982432911 × 10^294 |
| 81 | ov_081 | 1.0991788667856924 × 10^294 |
| 82 | ov_082 | 8.141332017122588 × 10^293 |
| 83 | ov_083 | 5.8817262849770915 × 10^293 |
| 84 | ov_084 | 4.127598544040441 × 10^293 |
| 85 | ov_085 | 2.799700003412275 × 10^293 |
| 86 | ov_086 | 1.8248787501928497 × 10^293 |
| 87 | ov_087 | 1.1360622601408337 × 10^293 |
| 88 | ov_088 | 6.722464263481641 × 10^292 |
| 89 | ov_089 | 3.784884876489432 × 10^292 |
| 90 | ov_090 | 2.0590228155303395 × 10^292 |
| 91 | ov_091 | 1.1165513863351975 × 10^292 |
| 92 | ov_092 | 5.896601930423299 × 10^291 |
| 93 | ov_093 | 3.0957143614187375 × 10^291 |
| 94 | ov_094 | 1.3775881859451542 × 10^291 |
| 95 | aaa_78_28 | 4.397261034451399 × 10^290 |
| 96 | aaa_78_29 | 1.647569273178547 × 10^290 |
| 97 | ov_097 | 1.5107887170878961 × 10^290 |
| 98 | ov_098 | 1.510782089710939 × 10^290 |
| 99 | ov_099 | 1.5107799739694651 × 10^290 |
| 100 | ov_100 | 1.3070989768299173 × 10^290 |
| 101 | ov_101 | 1.1248499828942501 × 10^290 |
| 102 | ov_102 | 9.62405137224594 × 10^289 |
| 103 | ov_103 | 8.182254853974262 × 10^289 |
| 104 | ov_104 | 6.908544573891449 × 10^289 |
| 105 | ov_105 | 5.789122093029275 × 10^289 |
| 106 | ov_106 | 4.810907440745988 × 10^289 |
| 107 | ov_107 | 3.9614973650485565 × 10^289 |
| 108 | ov_108 | 3.229129920031572 × 10^289 |
| 109 | ov_109 | 2.6026547232503013 × 10^289 |
| 110 | ov_110 | 2.0715082536568803 × 10^289 |
| 111 | ov_111 | 1.6256935976166568 × 10^289 |
| 112 | ov_112 | 1.2557640866844058 × 10^289 |
| 113 | ov_113 | 9.52810306424487 × 10^288 |
| 114 | ov_114 | 7.084499907434497 × 10^288 |
| 115 | ov_115 | 5.1482035108236714 × 10^288 |
| 116 | ov_116 | 3.645724244808319 × 10^288 |
| 117 | ov_117 | 2.508670590461955 × 10^288 |
| 118 | ov_118 | 1.673721897934241 × 10^288 |
| 119 | ov_119 | 1.0826109220040077 × 10^288 |
| 120 | ov_120 | 6.821133517497419 × 10^287 |
| 121 | ov_121 | 4.240418946760385 × 10^287 |
| 122 | ov_122 | 2.6524301661953163 × 10^287 |
| 123 | ov_123 | 1.6759513448046707 × 10^287 |
| 124 | ov_124 | 9.80075829086733 × 10^286 |
| 125 | ov_125 | 5.1450314765942645 × 10^286 |
| 126 | ov_126 | 2.289340082450431 × 10^286 |
| 127 | aaa_77_28 | 7.306949502998388 × 10^285 |
| 128 | aaa_77_29 | 2.737448174778663 × 10^285 |
| 129 | ov_129 | 2.5078133349685374 × 10^285 |
| 130 | ov_130 | 2.5078074871228614 × 10^285 |
| 131 | ov_131 | 2.507805610174074 × 10^285 |
| 132 | ov_132 | 2.168884441843137 × 10^285 |
| 133 | ov_133 | 1.8657683494090316 × 10^285 |
| 134 | ov_134 | 1.5957120637359863 × 10^285 |
| 135 | ov_135 | 1.3561226628790372 × 10^285 |
| 136 | ov_136 | 1.1445485154544693 × 10^285 |
| 137 | ov_137 | 9.586696546220992 × 10^284 |
| 138 | ov_138 | 7.962894599232288 × 10^284 |
| 139 | ov_139 | 6.553275224779491 × 10^284 |
| 140 | ov_140 | 5.338135757166541 × 10^284 |
| 141 | ov_141 | 4.298823802977975 × 10^284 |
| 142 | ov_142 | 3.417694581877813 × 10^284 |
| 143 | ov_143 | 2.6780757708394996 × 10^284 |
| 144 | ov_144 | 2.064238924769923 × 10^284 |
| 145 | ov_145 | 1.5613766069865899 × 10^284 |
| 146 | ov_146 | 1.1555844230398018 × 10^284 |
| 147 | ov_147 | 8.338472110925053 × 10^283 |
| 148 | ov_148 | 5.84028701592922 × 10^283 |
| 149 | ov_149 | 3.9486401837865586 × 10^283 |
| 150 | ov_150 | 2.5595445268694623 × 10^283 |
| 151 | ov_151 | 1.5776400084352525 × 10^283 |
| 152 | ov_152 | 9.161721567802465 × 10^282 |
| 153 | ov_153 | 4.9697980975933975 × 10^282 |
| 154 | ov_154 | 2.5048877531395275 × 10^282 |
| 155 | ov_155 | 1.1570877229051866 × 10^282 |
| 156 | aaa_76_25 | 4.023200025295094 × 10^281 |
| 157 | aaa_76_26 | 2.4754922149233713 × 10^281 |
| 158 | aaa_76_27 | 1.3568437575488424 × 10^281 |
| 159 | aaa_76_28 | 6.391369396726838 × 10^280 |
| 160 | aaa_76_29 | 2.4053092275532295 × 10^280 |

### Output Bits Sorted by Complexity

| Rank | Output Bit | Complexity |
|:----:|:----------:|:----------:|
| 160 | aaa_76_29 | 2.4053092275532295 × 10^280 |
| 159 | aaa_76_28 | 6.391369396726838 × 10^280 |
| 158 | aaa_76_27 | 1.3568437575488424 × 10^281 |
| 157 | aaa_76_26 | 2.4754922149233713 × 10^281 |
| 156 | aaa_76_25 | 4.023200025295094 × 10^281 |
| 155 | ov_155 | 1.1570877229051866 × 10^282 |
| 154 | ov_154 | 2.5048877531395275 × 10^282 |
| 153 | ov_153 | 4.9697980975933975 × 10^282 |
| 152 | ov_152 | 9.161721567802465 × 10^282 |
| 151 | ov_151 | 1.5776400084352525 × 10^283 |
| 150 | ov_150 | 2.5595445268694623 × 10^283 |
| 149 | ov_149 | 3.9486401837865586 × 10^283 |
| 148 | ov_148 | 5.84028701592922 × 10^283 |
| 147 | ov_147 | 8.338472110925053 × 10^283 |
| 146 | ov_146 | 1.1555844230398018 × 10^284 |
| 145 | ov_145 | 1.5613766069865899 × 10^284 |
| 144 | ov_144 | 2.064238924769923 × 10^284 |
| 143 | ov_143 | 2.6780757708394996 × 10^284 |
| 142 | ov_142 | 3.417694581877813 × 10^284 |
| 141 | ov_141 | 4.298823802977975 × 10^284 |
| 140 | ov_140 | 5.338135757166541 × 10^284 |
| 139 | ov_139 | 6.553275224779491 × 10^284 |
| 138 | ov_138 | 7.962894599232288 × 10^284 |
| 137 | ov_137 | 9.586696546220992 × 10^284 |
| 136 | ov_136 | 1.1445485154544693 × 10^285 |
| 135 | ov_135 | 1.3561226628790372 × 10^285 |
| 134 | ov_134 | 1.5957120637359863 × 10^285 |
| 133 | ov_133 | 1.8657683494090316 × 10^285 |
| 132 | ov_132 | 2.168884441843137 × 10^285 |
| 131 | ov_131 | 2.507805610174074 × 10^285 |
| 130 | ov_130 | 2.5078074871228614 × 10^285 |
| 129 | ov_129 | 2.5078133349685374 × 10^285 |
| 128 | aaa_77_29 | 2.737448174778663 × 10^285 |
| 127 | aaa_77_28 | 7.306949502998388 × 10^285 |
| 126 | ov_126 | 2.289340082450431 × 10^286 |
| 125 | ov_125 | 5.1450314765942645 × 10^286 |
| 124 | ov_124 | 9.80075829086733 × 10^286 |
| 123 | ov_123 | 1.6759513448046707 × 10^287 |
| 122 | ov_122 | 2.6524301661953163 × 10^287 |
| 121 | ov_121 | 4.240418946760385 × 10^287 |
| 120 | ov_120 | 6.821133517497419 × 10^287 |
| 119 | ov_119 | 1.0826109220040077 × 10^288 |
| 118 | ov_118 | 1.673721897934241 × 10^288 |
| 117 | ov_117 | 2.508670590461955 × 10^288 |
| 116 | ov_116 | 3.645724244808319 × 10^288 |
| 115 | ov_115 | 5.1482035108236714 × 10^288 |
| 114 | ov_114 | 7.084499907434497 × 10^288 |
| 113 | ov_113 | 9.52810306424487 × 10^288 |
| 112 | ov_112 | 1.2557640866844058 × 10^289 |
| 111 | ov_111 | 1.6256935976166568 × 10^289 |
| 110 | ov_110 | 2.0715082536568803 × 10^289 |
| 109 | ov_109 | 2.6026547232503013 × 10^289 |
| 108 | ov_108 | 3.229129920031572 × 10^289 |
| 107 | ov_107 | 3.9614973650485565 × 10^289 |
| 106 | ov_106 | 4.810907440745988 × 10^289 |
| 105 | ov_105 | 5.789122093029275 × 10^289 |
| 104 | ov_104 | 6.908544573891449 × 10^289 |
| 103 | ov_103 | 8.182254853974262 × 10^289 |
| 102 | ov_102 | 9.62405137224594 × 10^289 |
| 101 | ov_101 | 1.1248499828942501 × 10^290 |
| 100 | ov_100 | 1.3070989768299173 × 10^290 |
| 99 | ov_099 | 1.5107799739694651 × 10^290 |
| 98 | ov_098 | 1.510782089710939 × 10^290 |
| 97 | ov_097 | 1.5107887170878961 × 10^290 |
| 96 | aaa_78_29 | 1.647569273178547 × 10^290 |
| 95 | aaa_78_28 | 4.397261034451399 × 10^290 |
| 94 | ov_094 | 1.3775881859451542 × 10^291 |
| 93 | ov_093 | 3.0957143614187375 × 10^291 |
| 92 | ov_092 | 5.896601930423299 × 10^291 |
| 91 | ov_091 | 1.1165513863351975 × 10^292 |
| 90 | ov_090 | 2.0590228155303395 × 10^292 |
| 89 | ov_089 | 3.784884876489432 × 10^292 |
| 88 | ov_088 | 6.722464263481641 × 10^292 |
| 87 | ov_087 | 1.1360622601408337 × 10^293 |
| 86 | ov_086 | 1.8248787501928497 × 10^293 |
| 85 | ov_085 | 2.799700003412275 × 10^293 |
| 84 | ov_084 | 4.127598544040441 × 10^293 |
| 83 | ov_083 | 5.8817262849770915 × 10^293 |
| 82 | ov_082 | 8.141332017122588 × 10^293 |
| 81 | ov_081 | 1.0991788667856924 × 10^294 |
| 80 | ov_080 | 1.4524633982432911 × 10^294 |
| 64 | lv_79_m31 | 1.48617187989673 × 10^294 |
| 79 | ov_079 | 1.8837628684940076 × 10^294 |
| 78 | ov_078 | 2.4034836578773032 × 10^294 |
| 77 | ov_077 | 3.022673145051444 × 10^294 |
| 76 | ov_076 | 3.7530336046288426 × 10^294 |
| 75 | ov_075 | 4.606939879663408 × 10^294 |
| 74 | ov_074 | 5.597461437570348 × 10^294 |
| 73 | ov_073 | 6.738389459428375 × 10^294 |
| 63 | ov_063 | 7.627330911639728 × 10^294 |
| 72 | ov_072 | 8.044269654524644 × 10^294 |
| 71 | ov_071 | 9.530441534632927 × 10^294 |
| 70 | ov_070 | 1.1213084926078963 × 10^295 |
| 69 | ov_069 | 1.3109274542394606 × 10^295 |
| 68 | ov_068 | 1.5237043486585585 × 10^295 |
| 67 | ov_067 | 1.7615456600070626 × 10^295 |
| 66 | ov_066 | 1.7615469337173426 × 10^295 |
| 65 | ov_065 | 1.7615509229344212 × 10^295 |
| 62 | ov_062 | 3.4481099681125903 × 10^295 |
| 61 | ov_061 | 1.1413818403348094 × 10^296 |
| 60 | ov_060 | 3.04738685598862 × 10^296 |
| 59 | ov_059 | 6.973567097717516 × 10^296 |
| 58 | ov_058 | 1.4183788443099116 × 10^297 |
| 57 | ov_057 | 2.629504416804019 × 10^297 |
| 56 | ov_056 | 4.689445631683863 × 10^297 |
| 55 | ov_055 | 8.027543774371023 × 10^297 |
| 54 | ov_054 | 1.3143775228023561 × 10^298 |
| 53 | ov_053 | 2.0608762683863306 × 10^298 |
| 52 | ov_052 | 3.1063794907716806 × 10^298 |
| 51 | ov_051 | 4.5220862096322277 × 10^298 |
| 50 | ov_050 | 6.386272002353237 × 10^298 |
| 49 | ov_049 | 8.784300474303446 × 10^298 |
| 48 | ov_048 | 1.1808642830858194 × 10^299 |
| 47 | ov_047 | 1.555890922002929 × 10^299 |
| 32 | lv_80_k31 | 1.7219884497003446 × 10^299 |
| 46 | ov_046 | 2.0141895998993855 × 10^299 |
| 45 | ov_045 | 2.5671653562575914 × 10^299 |
| 44 | ov_044 | 3.2210731233968796 × 10^299 |
| 43 | ov_043 | 3.982544999592675 × 10^299 |
| 42 | ov_042 | 4.86523147136125 × 10^299 |
| 41 | ov_041 | 5.8835670987657 × 10^299 |
| 40 | ov_040 | 7.0527962384680036 × 10^299 |
| 31 | ov_031 | 7.108659676890174 × 10^299 |
| 39 | ov_039 | 8.389004629548632 × 10^299 |
| 38 | ov_038 | 9.909157649588004 × 10^299 |
| 37 | ov_037 | 1.1631146099415697 × 10^300 |
| 36 | ov_036 | 1.3573840426839459 × 10^300 |
| 35 | ov_035 | 1.5757154352846763 × 10^300 |
| 34 | ov_034 | 1.820211891855411 × 10^300 |
| 33 | ov_033 | 2.0930968027941093 × 10^300 |
| 30 | ov_030 | 2.9337375941180567 × 10^300 |
| 29 | ov_029 | 8.861779780717231 × 10^300 |
| 28 | ov_028 | 2.1496167802448615 × 10^301 |
| 27 | ov_027 | 5.133469053814767 × 10^301 |
| 26 | ov_026 | 1.129394739420106 × 10^302 |
| 25 | ov_025 | 2.394991476326386 × 10^302 |
| 24 | ov_024 | 4.723312361775951 × 10^302 |
| 23 | ov_023 | 8.608826754317684 × 10^302 |
| 22 | ov_022 | 1.462731042896619 × 10^303 |
| 21 | ov_021 | 2.3435871082506895 × 10^303 |
| 20 | ov_020 | 3.5772995763095725 × 10^303 |
| 19 | ov_019 | 5.2458633365009296 × 10^303 |
| 18 | ov_018 | 7.439433335863396 × 10^303 |
| 17 | ov_017 | 1.0256347101456812 × 10^304 |
| 16 | ov_016 | 1.3803159629527743 × 10^304 |
| 15 | ov_015 | 1.8194694923918554 × 10^304 |
| 14 | ov_014 | 2.3554119031486841 × 10^304 |
| 13 | ov_013 | 3.001303998782132 × 10^304 |
| 12 | ov_012 | 3.771164065249266 × 10^304 |
| 11 | ov_011 | 4.679885097979781 × 10^304 |
| 10 | ov_010 | 5.743256683898504 × 10^304 |
| 9 | ov_009 | 6.977992306809122 × 10^304 |
| 8 | ov_008 | 8.401762901889863 × 10^304 |
| 7 | ov_007 | 1.0033237484011046 × 10^305 |
| 6 | ov_006 | 1.1892131552801752 × 10^305 |
| 5 | ov_005 | 1.399926391164313 × 10^305 |
| 4 | ov_004 | 1.6376622715972756 × 10^305 |
| 3 | ov_003 | 1.904744181222865 × 10^305 |
| 2 | ov_002 | 2.203628855517596 × 10^305 |
| 1 | ov_001 | 2.535653557037247 × 10^305 |

