# Results for F001-F002-F003-F004-F005-F006-F007-F008-F009-F010-F011-F012-F013-F014-F015-F016-F017-F018-F019-F020-F021-F022-F023-F024-F025-F026-F027-F028-F029-F030-F031-F032-F033-F034-F035-F036-F037-F038-F039-F040-F041-F042-F043-F044-F045-F046-F047-F048-F049-F050-F051-F052-F053-F054-F055-F056-F057-F058-F059-F060-F061-F062-F063-F064-F065-F066-F067-F068-F069-F070-F071-F072-F073-F074-F075-F076-F077-F078-F079-F080-F081-F082-F083-F084-F085-F086-F087-F088-F089-F090-F091-F092-F093-F094-F095-F096-F097-F098-F099-F100-F101-F102-F103-F104-F105-F106-F107-F108-F109-F110-F111-F112-F113-F114-F115-F116-F117-F118-F119-F120-F121-F122-F123-F124-F125-F126-F127-F128-F129-F130-F131-F132-F133-F134-F135-F136-F137-F138-F139-F140-F141-F142-F143-F144-F145-F146-F147-F148-F149-F150-F151-F152-F153-F154-F155-F156-F157-F158-F159-F160-F161-F162-F163-F164-F165-F166-F167-F168-F169-F170-F171-F172-F173-F174-F175-F176-F177-F178-F179-F180-F181-F182-F183-F184-F185-F186-F187-F188-F189-F190-F191-F192-F193-F194-F195-F196-F197-F198-F199-F200-F201-F202-F203-F204-F205-F206-F207-F208-F209-F210-F211-F212-F213-F214-F215-F216-F217-F218-F219-F220-F221-F222-F223-F224-F225-F226-F227-F228-F229-F230-F231-F232-F233-F234-F235-F236-F237-F238-F239-F240-F241-F242-F243-F244-F245-F246-F247-F248-F249-F250-F251-F252-F253-F254-F255-F256-F257-F258-F259-F260-F261-F262-F263-F264-F265-F266-F267-F268-F269-F270-F271-F272-F273-F274-F275-F276-F277-F278-F279-F280-F281-F282-F283-F284-F285-F286-F287-F288-F289-F290-F291-F292-F293-F294-F295-F296-F297-F298-F299-F300-F301-F302-F303-F304-F305-F306-F307-F308-F309-F310-F311-F312-F313-F314-F315-F316-F317-F318-F319-F320-F321-F322-F323-F324-F325-F326-F327-F328-F329-F330-F331-F332-F333-F334-F335-F336-F337-F338-F339-F340-F341-F342-F343-F344-F345-F346-F347-F348-F349-F350-F351-F352-F353-F354-F355-F356-F357-F358-F359-F360-F361-F362-F363-F364-F365-F366-F367-F368-F369-F370-F371-F372-F373-F374-F375-F376-F377-F378-F379-F380-F381-F382-F383-F384-F385-F386-F387-F388-F389-F390-F391-F392-F393-F394-F395-F396-F397-F398-F399-F400-F401-F402-F403-F404-F405-F406-F407-F408-F409-F410-F411-F412-F413-F414-F415-F416-F417-F418-F419-F420-F421-F422-F423-F424-F425-F426-F427-F428-F429-F430-F431-F432-F433-F434-F435-F436-F437-F438-F439-F440-F441-F442-F443-F444-F445-F446-F447-F448-F449-F450-F451-F452-F453-F454-F455-F456-F457-F458-F459-F460-F461-F462-F463-F464-F465-F466-F467-F468-F469-F470-F471-F472-F473-F474-F475-F476-F477-F478-F479-F480-F481-F482-F483-F484-F485-F486-F487-F488-F489-F490-F491-F492-F493-F494-F495-F496-E497502-E499505-F510-F511-F512

## Summary

Number of input bits: 512  
Number of free input bits: 11  
Number of output bits: 160

Number of direct occurrences: 44691  
Number of assignments: 31339  
Number of operations: 10948070
(xor: 10919912,
and: 14756,
or: 13402)

Total complexity: 1.0578005266930027 × 10^299

Least occurring input variable: iv_504 (3901)  
Most occurring input variable: iv_509 (4209)

Most co-occurring input variables: iv_508-iv_509 (2057)  
Least co-occurring input variables: iv_499-iv_506 (1812)

Potentially most occurring input variable: iv_497/iv_509 (4527)  
Potentially least occurring input variable: iv_499/iv_504 (4095)

Least output occurring input variable: iv_499 (57)  
Most output occurring input variable: iv_498 (88)

Most output co-occurring input variables: iv_498-iv_509 (52)  
Least output co-occurring input variables: iv_499-iv_501 (25)

Potentially most output occurring input variable: iv_503/iv_509 (98)  
Potentially least output occurring input variable: iv_498/iv_508 (68)

Least complex input bit: iv_498 (6.025169505235175 × 10^296)  
Most complex input bit: iv_499 (1.9042534387614858 × 10^298)

Least complex output bit: aaa_76_29 (2.132655459627694 × 10^274)  
Most complex output bit: ov_001 (1.677681918869931 × 10^298)

Least complex input/output complexity: iv_498/aaa_76_29 (1.2147479904073922 × 10^272)  
Most complex input/output complexity: iv_499/ov_001 (3.020164466304157 × 10^297)

## Input Bits

### Input Bits in Regular Order

| Input Bit | Complexity | Occurrences | Output Occurrences |
|:---------:|:----------:|:-----------:|:------------------:|
| iv_497 | 5.04272021841926 × 10^297 | 4182 | 71 |
| iv_498 | 6.025169505235175 × 10^296 | 3906 | 88 |
| iv_499 | 1.9042534387614858 × 10^298 | 4144 | 57 |
| iv_500 | 1.780811168041047 × 10^297 | 4088 | 76 |
| iv_501 | 2.9334419231983162 × 10^297 | 4045 | 83 |
| iv_503 | 7.532033745755832 × 10^297 | 4018 | 75 |
| iv_504 | 1.1741417589904124 × 10^298 | 3901 | 78 |
| iv_506 | 9.097127306198631 × 10^297 | 3923 | 82 |
| iv_507 | 1.306130761997388 × 10^298 | 4152 | 76 |
| iv_508 | 1.7345248631912966 × 10^298 | 4123 | 74 |
| iv_509 | 1.7600893127757997 × 10^298 | 4209 | 87 |

### Input Bits Sorted by Complexity

| Input Bit | Complexity | Occurrences | Output Occurrences |
|:---------:|:----------:|:-----------:|:------------------:|
| iv_498 | 6.025169505235175 × 10^296 | 3906 | 88 |
| iv_500 | 1.780811168041047 × 10^297 | 4088 | 76 |
| iv_501 | 2.9334419231983162 × 10^297 | 4045 | 83 |
| iv_497 | 5.04272021841926 × 10^297 | 4182 | 71 |
| iv_503 | 7.532033745755832 × 10^297 | 4018 | 75 |
| iv_506 | 9.097127306198631 × 10^297 | 3923 | 82 |
| iv_504 | 1.1741417589904124 × 10^298 | 3901 | 78 |
| iv_507 | 1.306130761997388 × 10^298 | 4152 | 76 |
| iv_508 | 1.7345248631912966 × 10^298 | 4123 | 74 |
| iv_509 | 1.7600893127757997 × 10^298 | 4209 | 87 |
| iv_499 | 1.9042534387614858 × 10^298 | 4144 | 57 |

### Input Bits Sorted by Occurrences

| Input Bit | Complexity | Occurrences | Output Occurrences |
|:---------:|:----------:|:-----------:|:------------------:|
| iv_504 | 1.1741417589904124 × 10^298 | 3901 | 78 |
| iv_498 | 6.025169505235175 × 10^296 | 3906 | 88 |
| iv_506 | 9.097127306198631 × 10^297 | 3923 | 82 |
| iv_503 | 7.532033745755832 × 10^297 | 4018 | 75 |
| iv_501 | 2.9334419231983162 × 10^297 | 4045 | 83 |
| iv_500 | 1.780811168041047 × 10^297 | 4088 | 76 |
| iv_508 | 1.7345248631912966 × 10^298 | 4123 | 74 |
| iv_499 | 1.9042534387614858 × 10^298 | 4144 | 57 |
| iv_507 | 1.306130761997388 × 10^298 | 4152 | 76 |
| iv_497 | 5.04272021841926 × 10^297 | 4182 | 71 |
| iv_509 | 1.7600893127757997 × 10^298 | 4209 | 87 |

### Input Bits Sorted by Output Occurrences

| Input Bit | Complexity | Occurrences | Output Occurrences |
|:---------:|:----------:|:-----------:|:------------------:|
| iv_499 | 1.9042534387614858 × 10^298 | 4144 | 57 |
| iv_497 | 5.04272021841926 × 10^297 | 4182 | 71 |
| iv_508 | 1.7345248631912966 × 10^298 | 4123 | 74 |
| iv_503 | 7.532033745755832 × 10^297 | 4018 | 75 |
| iv_500 | 1.780811168041047 × 10^297 | 4088 | 76 |
| iv_507 | 1.306130761997388 × 10^298 | 4152 | 76 |
| iv_504 | 1.1741417589904124 × 10^298 | 3901 | 78 |
| iv_506 | 9.097127306198631 × 10^297 | 3923 | 82 |
| iv_501 | 2.9334419231983162 × 10^297 | 4045 | 83 |
| iv_509 | 1.7600893127757997 × 10^298 | 4209 | 87 |
| iv_498 | 6.025169505235175 × 10^296 | 3906 | 88 |

## Input Bit Co-occurrences

### Input Bit Co-occurrences Sorted by Co-occurrences

| Input Bits | Co-occurrences | Potential Occurrences | Output Co-occurrences | Potential Output Occurrences |
|:----------:|:--------------:|:---------------------:|:---------------------:|:----------------------------:|
| iv_508-iv_509 | 2057 | 4218 | 40 | 81 |
| iv_507-iv_509 | 2046 | 4269 | 44 | 75 |
| iv_499-iv_509 | 2017 | 4319 | 31 | 82 |
| iv_497-iv_507 | 2015 | 4304 | 34 | 79 |
| iv_501-iv_509 | 2015 | 4224 | 49 | 72 |
| iv_497-iv_501 | 1986 | 4255 | 36 | 82 |
| iv_497-iv_500 | 1983 | 4304 | 38 | 71 |
| iv_499-iv_507 | 1979 | 4338 | 29 | 75 |
| iv_497-iv_508 | 1976 | 4353 | 33 | 79 |
| iv_499-iv_504 | 1975 | 4095 | 27 | 81 |
| iv_503-iv_509 | 1971 | 4285 | 32 | 98 |

### Input Bit Co-occurrences Sorted by Potential Occurrences

| Input Bits | Co-occurrences | Potential Occurrences | Output Co-occurrences | Potential Output Occurrences |
|:----------:|:--------------:|:---------------------:|:---------------------:|:----------------------------:|
| iv_499-iv_504 | 1975 | 4095 | 27 | 81 |
| iv_504-iv_506 | 1859 | 4106 | 42 | 76 |
| iv_506-iv_507 | 1970 | 4135 | 39 | 80 |
| iv_498-iv_504 | 1826 | 4155 | 46 | 74 |
| iv_498-iv_506 | 1828 | 4173 | 41 | 88 |
| iv_500-iv_506 | 1906 | 4199 | 36 | 86 |
| iv_500-iv_504 | 1894 | 4201 | 38 | 78 |
| iv_503-iv_506 | 1868 | 4205 | 38 | 81 |
| iv_503-iv_504 | 1855 | 4209 | 34 | 85 |
| iv_508-iv_509 | 2057 | 4218 | 40 | 81 |
| iv_501-iv_509 | 2015 | 4224 | 49 | 72 |

### Input Bit Output Co-occurrences Sorted by Output Co-occurrences

| Input Bits | Co-occurrences | Potential Occurrences | Output Co-occurrences | Potential Output Occurrences |
|:----------:|:--------------:|:---------------------:|:---------------------:|:----------------------------:|
| iv_498-iv_509 | 1868 | 4379 | 52 | 71 |
| iv_501-iv_509 | 2015 | 4224 | 49 | 72 |
| iv_498-iv_501 | 1853 | 4245 | 48 | 75 |
| iv_498-iv_508 | 1857 | 4315 | 47 | 68 |
| iv_498-iv_504 | 1826 | 4155 | 46 | 74 |
| iv_501-iv_506 | 1842 | 4284 | 44 | 77 |
| iv_507-iv_509 | 2046 | 4269 | 44 | 75 |
| iv_501-iv_508 | 1924 | 4320 | 43 | 71 |
| iv_498-iv_507 | 1888 | 4282 | 43 | 78 |
| iv_498-iv_503 | 1838 | 4248 | 43 | 77 |
| iv_506-iv_509 | 1945 | 4242 | 43 | 83 |

### Input Bit Output Co-occurrences Sorted by Potential Output Occurrences

| Input Bits | Co-occurrences | Potential Occurrences | Output Co-occurrences | Potential Output Occurrences |
|:----------:|:--------------:|:---------------------:|:---------------------:|:----------------------------:|
| iv_498-iv_508 | 1857 | 4315 | 47 | 68 |
| iv_501-iv_508 | 1924 | 4320 | 43 | 71 |
| iv_497-iv_500 | 1983 | 4304 | 38 | 71 |
| iv_498-iv_509 | 1868 | 4379 | 52 | 71 |
| iv_501-iv_509 | 2015 | 4224 | 49 | 72 |
| iv_504-iv_508 | 1898 | 4228 | 40 | 72 |
| iv_497-iv_499 | 1922 | 4482 | 28 | 72 |
| iv_499-iv_503 | 1890 | 4382 | 30 | 72 |
| iv_497-iv_504 | 1899 | 4285 | 38 | 73 |
| iv_498-iv_499 | 1820 | 4410 | 36 | 73 |
| iv_500-iv_503 | 1931 | 4244 | 39 | 73 |

## Output Bits

### Output Bits in Regular Order

| Rank | Output Bit | Complexity |
|:----:|:----------:|:----------:|
| 1 | ov_001 | 1.677681918869931 × 10^298 |
| 2 | ov_002 | 1.4568823721485798 × 10^298 |
| 3 | ov_003 | 1.2589041381838132 × 10^298 |
| 4 | ov_004 | 1.0820268411339136 × 10^298 |
| 5 | ov_005 | 9.246238772637227 × 10^297 |
| 6 | ov_006 | 7.851557720452704 × 10^297 |
| 7 | ov_007 | 6.621644001604646 × 10^297 |
| 8 | ov_008 | 5.542679987421719 × 10^297 |
| 9 | ov_009 | 4.601569086775094 × 10^297 |
| 10 | ov_010 | 3.7858997311384164 × 10^297 |
| 11 | ov_011 | 3.083915215055393 × 10^297 |
| 12 | ov_012 | 2.4844887164303827 × 10^297 |
| 13 | ov_013 | 1.9771028612910836 × 10^297 |
| 14 | ov_014 | 1.5518332372863767 × 10^297 |
| 15 | ov_015 | 1.1993352993273722 × 10^297 |
| 16 | ov_016 | 9.108341495784327 × 10^296 |
| 17 | ov_017 | 6.781167125545016 × 10^296 |
| 18 | ov_018 | 4.935258644557923 × 10^296 |
| 19 | ov_019 | 3.4995611412537337 × 10^296 |
| 20 | ov_020 | 2.4085047118837755 × 10^296 |
| 21 | ov_021 | 1.6019819068625695 × 10^296 |
| 22 | ov_022 | 1.0253316613228422 × 10^296 |
| 23 | ov_023 | 6.293281837263684 × 10^295 |
| 24 | ov_024 | 3.701736468035425 × 10^295 |
| 25 | ov_025 | 2.094937153460211 × 10^295 |
| 26 | ov_026 | 1.1433509654566558 × 10^295 |
| 27 | ov_027 | 5.716438751959605 × 10^294 |
| 28 | ov_028 | 2.5569774682981145 × 10^294 |
| 29 | ov_029 | 9.84910429863429 × 10^293 |
| 30 | ov_030 | 3.0098521004590715 × 10^293 |
| 31 | ov_031 | 5.868190365559768 × 10^292 |
| 32 | lv_80_m31 | 1.1438735763145092 × 10^292 |
| 33 | ov_033 | 1.371350278613755 × 10^293 |
| 34 | ov_034 | 1.1890521407134336 × 10^293 |
| 35 | ov_035 | 1.0259055068443853 × 10^293 |
| 36 | ov_036 | 8.804079768636386 × 10^292 |
| 37 | ov_037 | 7.511383708689267 × 10^292 |
| 38 | ov_038 | 6.3675101322844 × 10^292 |
| 39 | ov_039 | 5.359707868356687 × 10^292 |
| 40 | ov_040 | 4.475888829755279 × 10^292 |
| 41 | ov_041 | 3.7045917673983317 × 10^292 |
| 42 | ov_042 | 3.034951622456173 × 10^292 |
| 43 | ov_043 | 2.46168141208785 × 10^292 |
| 44 | ov_044 | 1.9750358639202642 × 10^292 |
| 45 | ov_045 | 1.5658015713190353 × 10^292 |
| 46 | ov_046 | 1.225282958656116 × 10^292 |
| 47 | ov_047 | 9.452911405667483 × 10^291 |
| 48 | ov_048 | 7.181352415222812 × 10^291 |
| 49 | ov_049 | 5.366157755237547 × 10^291 |
| 50 | ov_050 | 3.940197185806912 × 10^291 |
| 51 | ov_051 | 2.8411693901684826 × 10^291 |
| 52 | ov_052 | 2.011576826583543 × 10^291 |
| 53 | ov_053 | 1.3987084171023 × 10^291 |
| 54 | ov_054 | 9.546277874521537 × 10^290 |
| 55 | ov_055 | 6.3616539867856296 × 10^290 |
| 56 | ov_056 | 4.049134781196755 × 10^290 |
| 57 | ov_057 | 2.4285809472642593 × 10^290 |
| 58 | ov_058 | 1.343640979625776 × 10^290 |
| 59 | ov_059 | 6.617451761515017 × 10^289 |
| 60 | ov_060 | 2.741028528447001 × 10^289 |
| 61 | ov_061 | 9.570131700702761 × 10^288 |
| 62 | ov_062 | 2.6240743653808206 × 10^288 |
| 63 | ov_063 | 5.1120430152054256 × 10^287 |
| 64 | lv_79_m31 | 9.956810403893854 × 10^286 |
| 65 | ov_065 | 1.187843284747666 × 10^288 |
| 66 | ov_066 | 1.1878395873274765 × 10^288 |
| 67 | ov_067 | 1.1878386823973079 × 10^288 |
| 68 | ov_068 | 1.0270845362456436 × 10^288 |
| 69 | ov_069 | 8.836428925242044 × 10^287 |
| 70 | ov_070 | 7.561132757436166 × 10^287 |
| 71 | ov_071 | 6.431813907201151 × 10^287 |
| 72 | ov_072 | 5.4361328656227945 × 10^287 |
| 73 | ov_073 | 4.562500363952638 × 10^287 |
| 74 | ov_074 | 3.800029055836854 × 10^287 |
| 75 | ov_075 | 3.138489822566548 × 10^287 |
| 76 | ov_076 | 2.568272447942753 × 10^287 |
| 77 | ov_077 | 2.080350416275693 × 10^287 |
| 78 | ov_078 | 1.6662495925556809 × 10^287 |
| 79 | ov_079 | 1.318020548150924 × 10^287 |
| 80 | ov_080 | 1.0282142986983337 × 10^287 |
| 81 | ov_081 | 7.898612233348823 × 10^286 |
| 82 | ov_082 | 5.964529362312619 × 10^286 |
| 83 | ov_083 | 4.41926882683498 × 10^286 |
| 84 | ov_084 | 3.2065343292188203 × 10^286 |
| 85 | ov_085 | 2.2742524741858466 × 10^286 |
| 86 | ov_086 | 1.5744868789668942 × 10^286 |
| 87 | ov_087 | 1.0633704852048051 × 10^286 |
| 88 | ov_088 | 7.010538192011238 × 10^285 |
| 89 | ov_089 | 4.5166694804792365 × 10^285 |
| 90 | ov_090 | 2.8329287972273594 × 10^285 |
| 91 | ov_091 | 1.6795015548180706 × 10^285 |
| 92 | ov_092 | 9.263025747871075 × 10^284 |
| 93 | ov_093 | 4.628533010490165 × 10^284 |
| 94 | ov_094 | 1.9826331112570092 × 10^284 |
| 95 | aaa_78_28 | 6.1222764598163635 × 10^283 |
| 96 | aaa_78_29 | 1.8802252440192685 × 10^283 |
| 97 | ov_097 | 1.2417393213810775 × 10^283 |
| 98 | ov_098 | 1.2417020929931427 × 10^283 |
| 99 | ov_099 | 1.2416902013162582 × 10^283 |
| 100 | ov_100 | 1.1173726363481854 × 10^283 |
| 101 | ov_101 | 1.0022317603217524 × 10^283 |
| 102 | ov_102 | 8.957634991701364 × 10^282 |
| 103 | ov_103 | 7.975005310707485 × 10^282 |
| 104 | ov_104 | 7.070075141429934 × 10^282 |
| 105 | ov_105 | 6.238767484089461 × 10^282 |
| 106 | ov_106 | 5.47724249617605 × 10^282 |
| 107 | ov_107 | 4.7818621333597174 × 10^282 |
| 108 | ov_108 | 4.149158483539052 × 10^282 |
| 109 | ov_109 | 3.5758055895677615 × 10^282 |
| 110 | ov_110 | 3.0585945601011186 × 10^282 |
| 111 | ov_111 | 2.594411770925054 × 10^282 |
| 112 | ov_112 | 2.1802199612460353 × 10^282 |
| 113 | ov_113 | 1.813042030890444 × 10^282 |
| 114 | ov_114 | 1.4899473453349982 × 10^282 |
| 115 | ov_115 | 1.2080403560978852 × 10^282 |
| 116 | ov_116 | 9.644513443815692 × 10^281 |
| 117 | ov_117 | 7.563290960698979 × 10^281 |
| 118 | ov_118 | 5.808353163118805 × 10^281 |
| 119 | ov_119 | 4.3514059200893135 × 10^281 |
| 120 | ov_120 | 3.1642157696882934 × 10^281 |
| 121 | ov_121 | 2.218589648604639 × 10^281 |
| 122 | ov_122 | 1.4863599662151101 × 10^281 |
| 123 | ov_123 | 9.393740653315448 × 10^280 |
| 124 | ov_124 | 5.494871117869771 × 10^280 |
| 125 | ov_125 | 2.885576886890741 × 10^280 |
| 126 | ov_126 | 1.2844554862093132 × 10^280 |
| 127 | aaa_77_28 | 4.101075062092717 × 10^279 |
| 128 | aaa_77_29 | 1.5370747839581456 × 10^279 |
| 129 | ov_129 | 1.4203978143884922 × 10^279 |
| 130 | ov_130 | 1.4203936610486124 × 10^279 |
| 131 | ov_131 | 1.4203926569557658 × 10^279 |
| 132 | ov_132 | 1.2317341963597412 × 10^279 |
| 133 | ov_133 | 1.0621271154362546 × 10^279 |
| 134 | ov_134 | 9.108046529197564 × 10^278 |
| 135 | ov_135 | 7.763543112861722 × 10^278 |
| 136 | ov_136 | 6.574375424328502 × 10^278 |
| 137 | ov_137 | 5.527848332989529 × 10^278 |
| 138 | ov_138 | 4.611915129878985 × 10^278 |
| 139 | ov_139 | 3.815142089959498 × 10^278 |
| 140 | ov_140 | 3.1266788391409123 × 10^278 |
| 141 | ov_141 | 2.5362338764881732 × 10^278 |
| 142 | ov_142 | 2.034054638227382 × 10^278 |
| 143 | ov_143 | 1.6109115258550222 × 10^278 |
| 144 | ov_144 | 1.258085356033886 × 10^278 |
| 145 | ov_145 | 9.673577251267742 × 10^277 |
| 146 | ov_146 | 7.310038162519209 × 10^277 |
| 147 | ov_147 | 5.41787211692544 × 10^277 |
| 148 | ov_148 | 3.9295630838668594 × 10^277 |
| 149 | ov_149 | 2.7824196907938217 × 10^277 |
| 150 | ov_150 | 1.918560765476451 × 10^277 |
| 151 | ov_151 | 1.2849069311750385 × 10^277 |
| 152 | ov_152 | 8.331757457587839 × 10^276 |
| 153 | ov_153 | 5.198786637260689 × 10^276 |
| 154 | ov_154 | 3.0631899930376736 × 10^276 |
| 155 | ov_155 | 1.585905902230824 × 10^276 |
| 156 | aaa_76_25 | 6.0937879605965435 × 10^275 |
| 157 | aaa_76_26 | 3.518931089586138 × 10^275 |
| 158 | aaa_76_27 | 1.801248443243642 × 10^275 |
| 159 | aaa_76_28 | 7.0128926631436885 × 10^274 |
| 160 | aaa_76_29 | 2.132655459627694 × 10^274 |

### Output Bits Sorted by Complexity

| Rank | Output Bit | Complexity |
|:----:|:----------:|:----------:|
| 160 | aaa_76_29 | 2.132655459627694 × 10^274 |
| 159 | aaa_76_28 | 7.0128926631436885 × 10^274 |
| 158 | aaa_76_27 | 1.801248443243642 × 10^275 |
| 157 | aaa_76_26 | 3.518931089586138 × 10^275 |
| 156 | aaa_76_25 | 6.0937879605965435 × 10^275 |
| 155 | ov_155 | 1.585905902230824 × 10^276 |
| 154 | ov_154 | 3.0631899930376736 × 10^276 |
| 153 | ov_153 | 5.198786637260689 × 10^276 |
| 152 | ov_152 | 8.331757457587839 × 10^276 |
| 151 | ov_151 | 1.2849069311750385 × 10^277 |
| 150 | ov_150 | 1.918560765476451 × 10^277 |
| 149 | ov_149 | 2.7824196907938217 × 10^277 |
| 148 | ov_148 | 3.9295630838668594 × 10^277 |
| 147 | ov_147 | 5.41787211692544 × 10^277 |
| 146 | ov_146 | 7.310038162519209 × 10^277 |
| 145 | ov_145 | 9.673577251267742 × 10^277 |
| 144 | ov_144 | 1.258085356033886 × 10^278 |
| 143 | ov_143 | 1.6109115258550222 × 10^278 |
| 142 | ov_142 | 2.034054638227382 × 10^278 |
| 141 | ov_141 | 2.5362338764881732 × 10^278 |
| 140 | ov_140 | 3.1266788391409123 × 10^278 |
| 139 | ov_139 | 3.815142089959498 × 10^278 |
| 138 | ov_138 | 4.611915129878985 × 10^278 |
| 137 | ov_137 | 5.527848332989529 × 10^278 |
| 136 | ov_136 | 6.574375424328502 × 10^278 |
| 135 | ov_135 | 7.763543112861722 × 10^278 |
| 134 | ov_134 | 9.108046529197564 × 10^278 |
| 133 | ov_133 | 1.0621271154362546 × 10^279 |
| 132 | ov_132 | 1.2317341963597412 × 10^279 |
| 131 | ov_131 | 1.4203926569557658 × 10^279 |
| 130 | ov_130 | 1.4203936610486124 × 10^279 |
| 129 | ov_129 | 1.4203978143884922 × 10^279 |
| 128 | aaa_77_29 | 1.5370747839581456 × 10^279 |
| 127 | aaa_77_28 | 4.101075062092717 × 10^279 |
| 126 | ov_126 | 1.2844554862093132 × 10^280 |
| 125 | ov_125 | 2.885576886890741 × 10^280 |
| 124 | ov_124 | 5.494871117869771 × 10^280 |
| 123 | ov_123 | 9.393740653315448 × 10^280 |
| 122 | ov_122 | 1.4863599662151101 × 10^281 |
| 121 | ov_121 | 2.218589648604639 × 10^281 |
| 120 | ov_120 | 3.1642157696882934 × 10^281 |
| 119 | ov_119 | 4.3514059200893135 × 10^281 |
| 118 | ov_118 | 5.808353163118805 × 10^281 |
| 117 | ov_117 | 7.563290960698979 × 10^281 |
| 116 | ov_116 | 9.644513443815692 × 10^281 |
| 115 | ov_115 | 1.2080403560978852 × 10^282 |
| 114 | ov_114 | 1.4899473453349982 × 10^282 |
| 113 | ov_113 | 1.813042030890444 × 10^282 |
| 112 | ov_112 | 2.1802199612460353 × 10^282 |
| 111 | ov_111 | 2.594411770925054 × 10^282 |
| 110 | ov_110 | 3.0585945601011186 × 10^282 |
| 109 | ov_109 | 3.5758055895677615 × 10^282 |
| 108 | ov_108 | 4.149158483539052 × 10^282 |
| 107 | ov_107 | 4.7818621333597174 × 10^282 |
| 106 | ov_106 | 5.47724249617605 × 10^282 |
| 105 | ov_105 | 6.238767484089461 × 10^282 |
| 104 | ov_104 | 7.070075141429934 × 10^282 |
| 103 | ov_103 | 7.975005310707485 × 10^282 |
| 102 | ov_102 | 8.957634991701364 × 10^282 |
| 101 | ov_101 | 1.0022317603217524 × 10^283 |
| 100 | ov_100 | 1.1173726363481854 × 10^283 |
| 99 | ov_099 | 1.2416902013162582 × 10^283 |
| 98 | ov_098 | 1.2417020929931427 × 10^283 |
| 97 | ov_097 | 1.2417393213810775 × 10^283 |
| 96 | aaa_78_29 | 1.8802252440192685 × 10^283 |
| 95 | aaa_78_28 | 6.1222764598163635 × 10^283 |
| 94 | ov_094 | 1.9826331112570092 × 10^284 |
| 93 | ov_093 | 4.628533010490165 × 10^284 |
| 92 | ov_092 | 9.263025747871075 × 10^284 |
| 91 | ov_091 | 1.6795015548180706 × 10^285 |
| 90 | ov_090 | 2.8329287972273594 × 10^285 |
| 89 | ov_089 | 4.5166694804792365 × 10^285 |
| 88 | ov_088 | 7.010538192011238 × 10^285 |
| 87 | ov_087 | 1.0633704852048051 × 10^286 |
| 86 | ov_086 | 1.5744868789668942 × 10^286 |
| 85 | ov_085 | 2.2742524741858466 × 10^286 |
| 84 | ov_084 | 3.2065343292188203 × 10^286 |
| 83 | ov_083 | 4.41926882683498 × 10^286 |
| 82 | ov_082 | 5.964529362312619 × 10^286 |
| 81 | ov_081 | 7.898612233348823 × 10^286 |
| 64 | lv_79_m31 | 9.956810403893854 × 10^286 |
| 80 | ov_080 | 1.0282142986983337 × 10^287 |
| 79 | ov_079 | 1.318020548150924 × 10^287 |
| 78 | ov_078 | 1.6662495925556809 × 10^287 |
| 77 | ov_077 | 2.080350416275693 × 10^287 |
| 76 | ov_076 | 2.568272447942753 × 10^287 |
| 75 | ov_075 | 3.138489822566548 × 10^287 |
| 74 | ov_074 | 3.800029055836854 × 10^287 |
| 73 | ov_073 | 4.562500363952638 × 10^287 |
| 63 | ov_063 | 5.1120430152054256 × 10^287 |
| 72 | ov_072 | 5.4361328656227945 × 10^287 |
| 71 | ov_071 | 6.431813907201151 × 10^287 |
| 70 | ov_070 | 7.561132757436166 × 10^287 |
| 69 | ov_069 | 8.836428925242044 × 10^287 |
| 68 | ov_068 | 1.0270845362456436 × 10^288 |
| 67 | ov_067 | 1.1878386823973079 × 10^288 |
| 66 | ov_066 | 1.1878395873274765 × 10^288 |
| 65 | ov_065 | 1.187843284747666 × 10^288 |
| 62 | ov_062 | 2.6240743653808206 × 10^288 |
| 61 | ov_061 | 9.570131700702761 × 10^288 |
| 60 | ov_060 | 2.741028528447001 × 10^289 |
| 59 | ov_059 | 6.617451761515017 × 10^289 |
| 58 | ov_058 | 1.343640979625776 × 10^290 |
| 57 | ov_057 | 2.4285809472642593 × 10^290 |
| 56 | ov_056 | 4.049134781196755 × 10^290 |
| 55 | ov_055 | 6.3616539867856296 × 10^290 |
| 54 | ov_054 | 9.546277874521537 × 10^290 |
| 53 | ov_053 | 1.3987084171023 × 10^291 |
| 52 | ov_052 | 2.011576826583543 × 10^291 |
| 51 | ov_051 | 2.8411693901684826 × 10^291 |
| 50 | ov_050 | 3.940197185806912 × 10^291 |
| 49 | ov_049 | 5.366157755237547 × 10^291 |
| 48 | ov_048 | 7.181352415222812 × 10^291 |
| 47 | ov_047 | 9.452911405667483 × 10^291 |
| 32 | lv_80_m31 | 1.1438735763145092 × 10^292 |
| 46 | ov_046 | 1.225282958656116 × 10^292 |
| 45 | ov_045 | 1.5658015713190353 × 10^292 |
| 44 | ov_044 | 1.9750358639202642 × 10^292 |
| 43 | ov_043 | 2.46168141208785 × 10^292 |
| 42 | ov_042 | 3.034951622456173 × 10^292 |
| 41 | ov_041 | 3.7045917673983317 × 10^292 |
| 40 | ov_040 | 4.475888829755279 × 10^292 |
| 39 | ov_039 | 5.359707868356687 × 10^292 |
| 31 | ov_031 | 5.868190365559768 × 10^292 |
| 38 | ov_038 | 6.3675101322844 × 10^292 |
| 37 | ov_037 | 7.511383708689267 × 10^292 |
| 36 | ov_036 | 8.804079768636386 × 10^292 |
| 35 | ov_035 | 1.0259055068443853 × 10^293 |
| 34 | ov_034 | 1.1890521407134336 × 10^293 |
| 33 | ov_033 | 1.371350278613755 × 10^293 |
| 30 | ov_030 | 3.0098521004590715 × 10^293 |
| 29 | ov_029 | 9.84910429863429 × 10^293 |
| 28 | ov_028 | 2.5569774682981145 × 10^294 |
| 27 | ov_027 | 5.716438751959605 × 10^294 |
| 26 | ov_026 | 1.1433509654566558 × 10^295 |
| 25 | ov_025 | 2.094937153460211 × 10^295 |
| 24 | ov_024 | 3.701736468035425 × 10^295 |
| 23 | ov_023 | 6.293281837263684 × 10^295 |
| 22 | ov_022 | 1.0253316613228422 × 10^296 |
| 21 | ov_021 | 1.6019819068625695 × 10^296 |
| 20 | ov_020 | 2.4085047118837755 × 10^296 |
| 19 | ov_019 | 3.4995611412537337 × 10^296 |
| 18 | ov_018 | 4.935258644557923 × 10^296 |
| 17 | ov_017 | 6.781167125545016 × 10^296 |
| 16 | ov_016 | 9.108341495784327 × 10^296 |
| 15 | ov_015 | 1.1993352993273722 × 10^297 |
| 14 | ov_014 | 1.5518332372863767 × 10^297 |
| 13 | ov_013 | 1.9771028612910836 × 10^297 |
| 12 | ov_012 | 2.4844887164303827 × 10^297 |
| 11 | ov_011 | 3.083915215055393 × 10^297 |
| 10 | ov_010 | 3.7858997311384164 × 10^297 |
| 9 | ov_009 | 4.601569086775094 × 10^297 |
| 8 | ov_008 | 5.542679987421719 × 10^297 |
| 7 | ov_007 | 6.621644001604646 × 10^297 |
| 6 | ov_006 | 7.851557720452704 × 10^297 |
| 5 | ov_005 | 9.246238772637227 × 10^297 |
| 4 | ov_004 | 1.0820268411339136 × 10^298 |
| 3 | ov_003 | 1.2589041381838132 × 10^298 |
| 2 | ov_002 | 1.4568823721485798 × 10^298 |
| 1 | ov_001 | 1.677681918869931 × 10^298 |

