# Results for F001-F002-F003-F004-F005-F006-F007-F008-F009-F010-F011-F012-F013-F014-F015-F016-F017-F018-F019-F020-F021-F022-F023-F024-F025-F026-F027-F028-F029-F030-F031-F032-F033-F034-F035-F036-F037-F038-F039-F040-F041-F042-F043-F044-F045-F046-F047-F048-F049-F050-F051-F052-F053-F054-F055-F056-F057-F058-F059-F060-F061-F062-F063-F064-F065-F066-F067-F068-F069-F070-F071-F072-F073-F074-F075-F076-F077-F078-F079-F080-F081-F082-F083-F084-F085-F086-F087-F088-F089-F090-F091-F092-F093-F094-F095-F096-F097-F098-F099-F100-F101-F102-F103-F104-F105-F106-F107-F108-F109-F110-F111-F112-F113-F114-F115-F116-F117-F118-F119-F120-F121-F122-F123-F124-F125-F126-F127-F128-F129-F130-F131-F132-F133-F134-F135-F136-F137-F138-F139-F140-F141-F142-F143-F144-F145-F146-F147-F148-F149-F150-F151-F152-F153-F154-F155-F156-F157-F158-F159-F160-F161-F162-F163-F164-F165-F166-F167-F168-F169-F170-F171-F172-F173-F174-F175-F176-F177-F178-F179-F180-F181-F182-F183-F184-F185-F186-F187-F188-F189-F190-F191-F192-F193-F194-F195-F196-F197-F198-F199-F200-F201-F202-F203-F204-F205-F206-F207-F208-F209-F210-F211-F212-F213-F214-F215-F216-F217-F218-F219-F220-F221-F222-F223-F224-F225-F226-F227-F228-F229-F230-F231-F232-F233-F234-F235-F236-F237-F238-F239-F240-F241-F242-F243-F244-F245-F246-F247-F248-F249-F250-F251-F252-F253-F254-F255-F256-F257-F258-F259-F260-F261-F262-F263-F264-F265-F266-F267-F268-F269-F270-F271-F272-F273-F274-F275-F276-F277-F278-F279-F280-F281-F282-F283-F284-F285-F286-F287-F288-F289-F290-F291-F292-F293-F294-F295-F296-F297-F298-F299-F300-F301-F302-F303-F304-F305-F306-F307-F308-F309-F310-F311-F312-F313-F314-F315-F316-F317-F318-F319-F320-F321-F322-F323-F324-F325-F326-F327-F328-F329-F330-F331-F332-F333-F334-F335-F336-F337-F338-F339-F340-F341-F342-F343-F344-F345-F346-F347-F348-F349-F350-F351-F352-F353-F354-F355-F356-F357-F358-F359-F360-F361-F362-F363-F364-F365-F366-F367-F368-F369-F370-F371-F372-F373-F374-F375-F376-F377-F378-F379-F380-F381-F382-F383-F384-F385-F386-F387-F388-F389-F390-F391-F392-F393-F394-F395-F396-F397-F398-F399-F400-F401-F402-F403-F404-F405-F406-F407-F408-F409-F410-F411-F412-F413-F414-F415-F416-F417-F418-F419-F420-F421-F422-F423-F424-F425-F426-F427-F428-F429-F430-F431-F432-F433-F434-F435-F436-F437-F438-F439-F440-F441-F442-F443-F444-F445-F446-F447-F448-F449-F450-F451-F452-F453-F454-F455-F456-F457-F458-F459-F460-F461-F462-F463-F464-F465-F466-F467-F468-F469-F470-F471-F472-F473-F474-F475-F476-F477-F478-F479-F480-F481-F482-F483-F484-F485-F486-F487-F488-F489-F490-F491-F492-F493-F494-F495-F496-F497-F498-F499-F500-O507509

## Summary

Number of input bits: 512  
Number of free input bits: 11  
Number of output bits: 160

Number of direct occurrences: 46266  
Number of assignments: 31815  
Number of operations: 11922352
(xor: 11891831,
and: 17130,
or: 13391)

Total complexity: 2.386942685106553 × 10^308

Least occurring input variable: iv_504 (3990)  
Most occurring input variable: iv_512 (4430)

Most co-occurring input variables: iv_505-iv_512 (2158)  
Least co-occurring input variables: iv_504-iv_506 (1825)

Potentially most occurring input variable: iv_501/iv_507 (4696)  
Potentially least occurring input variable: iv_504/iv_505 (4179)

Least output occurring input variable: iv_507 (72)  
Most output occurring input variable: iv_512 (86)

Most output co-occurring input variables: iv_505-iv_512 (49)  
Least output co-occurring input variables: iv_507-iv_511 (28)

Potentially most output occurring input variable: iv_507/iv_511 (89)  
Potentially least output occurring input variable: iv_501/iv_510 (69)

Least complex input bit: iv_501 (1.934663932119422 × 10^306)  
Most complex input bit: iv_510 (6.345342499803272 × 10^307)

Least complex output bit: aaa_76_29 (5.0264760935016177 × 10^282)  
Most complex output bit: ov_001 (3.75510419661903 × 10^307)

Least complex input/output complexity: iv_501/aaa_76_29 (4.074057607011212 × 10^280)  
Most complex input/output complexity: iv_510/ov_001 (9.982402341986977 × 10^306)

## Input Bits

### Input Bits in Regular Order

| Input Bit | Complexity | Occurrences | Output Occurrences |
|:---------:|:----------:|:-----------:|:------------------:|
| iv_501 | 1.934663932119422 × 10^306 | 4304 | 82 |
| iv_502 | 3.519939773088536 × 10^306 | 4154 | 84 |
| iv_503 | 5.9340927684243736 × 10^306 | 4178 | 78 |
| iv_504 | 9.530974869374722 × 10^306 | 3990 | 83 |
| iv_505 | 1.478517006799523 × 10^307 | 4343 | 85 |
| iv_506 | 7.528328738009859 × 10^306 | 4002 | 76 |
| iv_507 | 5.270843539564067 × 10^307 | 4390 | 72 |
| iv_508 | 2.455774399268767 × 10^307 | 4041 | 77 |
| iv_510 | 6.345342499803272 × 10^307 | 4180 | 79 |
| iv_511 | 2.5436416635510933 × 10^307 | 4254 | 73 |
| iv_512 | 2.930507733977131 × 10^307 | 4430 | 86 |

### Input Bits Sorted by Complexity

| Input Bit | Complexity | Occurrences | Output Occurrences |
|:---------:|:----------:|:-----------:|:------------------:|
| iv_501 | 1.934663932119422 × 10^306 | 4304 | 82 |
| iv_502 | 3.519939773088536 × 10^306 | 4154 | 84 |
| iv_503 | 5.9340927684243736 × 10^306 | 4178 | 78 |
| iv_506 | 7.528328738009859 × 10^306 | 4002 | 76 |
| iv_504 | 9.530974869374722 × 10^306 | 3990 | 83 |
| iv_505 | 1.478517006799523 × 10^307 | 4343 | 85 |
| iv_508 | 2.455774399268767 × 10^307 | 4041 | 77 |
| iv_511 | 2.5436416635510933 × 10^307 | 4254 | 73 |
| iv_512 | 2.930507733977131 × 10^307 | 4430 | 86 |
| iv_507 | 5.270843539564067 × 10^307 | 4390 | 72 |
| iv_510 | 6.345342499803272 × 10^307 | 4180 | 79 |

### Input Bits Sorted by Occurrences

| Input Bit | Complexity | Occurrences | Output Occurrences |
|:---------:|:----------:|:-----------:|:------------------:|
| iv_504 | 9.530974869374722 × 10^306 | 3990 | 83 |
| iv_506 | 7.528328738009859 × 10^306 | 4002 | 76 |
| iv_508 | 2.455774399268767 × 10^307 | 4041 | 77 |
| iv_502 | 3.519939773088536 × 10^306 | 4154 | 84 |
| iv_503 | 5.9340927684243736 × 10^306 | 4178 | 78 |
| iv_510 | 6.345342499803272 × 10^307 | 4180 | 79 |
| iv_511 | 2.5436416635510933 × 10^307 | 4254 | 73 |
| iv_501 | 1.934663932119422 × 10^306 | 4304 | 82 |
| iv_505 | 1.478517006799523 × 10^307 | 4343 | 85 |
| iv_507 | 5.270843539564067 × 10^307 | 4390 | 72 |
| iv_512 | 2.930507733977131 × 10^307 | 4430 | 86 |

### Input Bits Sorted by Output Occurrences

| Input Bit | Complexity | Occurrences | Output Occurrences |
|:---------:|:----------:|:-----------:|:------------------:|
| iv_507 | 5.270843539564067 × 10^307 | 4390 | 72 |
| iv_511 | 2.5436416635510933 × 10^307 | 4254 | 73 |
| iv_506 | 7.528328738009859 × 10^306 | 4002 | 76 |
| iv_508 | 2.455774399268767 × 10^307 | 4041 | 77 |
| iv_503 | 5.9340927684243736 × 10^306 | 4178 | 78 |
| iv_510 | 6.345342499803272 × 10^307 | 4180 | 79 |
| iv_501 | 1.934663932119422 × 10^306 | 4304 | 82 |
| iv_504 | 9.530974869374722 × 10^306 | 3990 | 83 |
| iv_502 | 3.519939773088536 × 10^306 | 4154 | 84 |
| iv_505 | 1.478517006799523 × 10^307 | 4343 | 85 |
| iv_512 | 2.930507733977131 × 10^307 | 4430 | 86 |

## Input Bit Co-occurrences

### Input Bit Co-occurrences Sorted by Co-occurrences

| Input Bits | Co-occurrences | Potential Occurrences | Output Co-occurrences | Potential Output Occurrences |
|:----------:|:--------------:|:---------------------:|:---------------------:|:----------------------------:|
| iv_505-iv_512 | 2158 | 4457 | 49 | 73 |
| iv_501-iv_511 | 2149 | 4260 | 36 | 83 |
| iv_501-iv_512 | 2133 | 4468 | 47 | 74 |
| iv_505-iv_507 | 2123 | 4487 | 39 | 79 |
| iv_507-iv_512 | 2119 | 4582 | 36 | 86 |
| iv_505-iv_511 | 2106 | 4385 | 39 | 80 |
| iv_501-iv_505 | 2103 | 4441 | 44 | 79 |
| iv_511-iv_512 | 2098 | 4488 | 39 | 81 |
| iv_503-iv_512 | 2086 | 4436 | 38 | 88 |
| iv_503-iv_511 | 2079 | 4274 | 35 | 81 |
| iv_504-iv_505 | 2077 | 4179 | 47 | 74 |

### Input Bit Co-occurrences Sorted by Potential Occurrences

| Input Bits | Co-occurrences | Potential Occurrences | Output Co-occurrences | Potential Output Occurrences |
|:----------:|:--------------:|:---------------------:|:---------------------:|:----------------------------:|
| iv_504-iv_505 | 2077 | 4179 | 47 | 74 |
| iv_501-iv_511 | 2149 | 4260 | 36 | 83 |
| iv_503-iv_511 | 2079 | 4274 | 35 | 81 |
| iv_506-iv_508 | 1882 | 4279 | 38 | 77 |
| iv_508-iv_511 | 2001 | 4293 | 37 | 76 |
| iv_506-iv_510 | 1940 | 4302 | 37 | 81 |
| iv_504-iv_508 | 1864 | 4303 | 36 | 88 |
| iv_501-iv_506 | 2000 | 4306 | 39 | 80 |
| iv_506-iv_507 | 2028 | 4336 | 38 | 72 |
| iv_502-iv_504 | 1901 | 4342 | 40 | 87 |
| iv_504-iv_506 | 1825 | 4342 | 41 | 77 |

### Input Bit Output Co-occurrences Sorted by Output Co-occurrences

| Input Bits | Co-occurrences | Potential Occurrences | Output Co-occurrences | Potential Output Occurrences |
|:----------:|:--------------:|:---------------------:|:---------------------:|:----------------------------:|
| iv_505-iv_512 | 2158 | 4457 | 49 | 73 |
| iv_504-iv_505 | 2077 | 4179 | 47 | 74 |
| iv_501-iv_512 | 2133 | 4468 | 47 | 74 |
| iv_502-iv_505 | 2046 | 4405 | 46 | 77 |
| iv_502-iv_512 | 2064 | 4456 | 46 | 78 |
| iv_501-iv_510 | 2027 | 4430 | 46 | 69 |
| iv_504-iv_512 | 1986 | 4448 | 45 | 79 |
| iv_508-iv_512 | 2045 | 4381 | 44 | 75 |
| iv_506-iv_512 | 2014 | 4404 | 44 | 74 |
| iv_501-iv_505 | 2103 | 4441 | 44 | 79 |
| iv_510-iv_512 | 2061 | 4488 | 43 | 79 |

### Input Bit Output Co-occurrences Sorted by Potential Output Occurrences

| Input Bits | Co-occurrences | Potential Occurrences | Output Co-occurrences | Potential Output Occurrences |
|:----------:|:--------------:|:---------------------:|:---------------------:|:----------------------------:|
| iv_501-iv_510 | 2027 | 4430 | 46 | 69 |
| iv_510-iv_511 | 2012 | 4410 | 41 | 70 |
| iv_506-iv_507 | 2028 | 4336 | 38 | 72 |
| iv_505-iv_512 | 2158 | 4457 | 49 | 73 |
| iv_504-iv_505 | 2077 | 4179 | 47 | 74 |
| iv_504-iv_511 | 1919 | 4406 | 41 | 74 |
| iv_506-iv_512 | 2014 | 4404 | 44 | 74 |
| iv_501-iv_507 | 1999 | 4696 | 40 | 74 |
| iv_501-iv_512 | 2133 | 4468 | 47 | 74 |
| iv_508-iv_512 | 2045 | 4381 | 44 | 75 |
| iv_506-iv_511 | 1918 | 4420 | 37 | 75 |

## Output Bits

### Output Bits in Regular Order

| Rank | Output Bit | Complexity |
|:----:|:----------:|:----------:|
| 1 | ov_001 | 3.75510419661903 × 10^307 |
| 2 | ov_002 | 3.2664595998222263 × 10^307 |
| 3 | ov_003 | 2.826343045932118 × 10^307 |
| 4 | ov_004 | 2.4328025663574262 × 10^307 |
| 5 | ov_005 | 2.082252095420234 × 10^307 |
| 6 | ov_006 | 1.771300200192325 × 10^307 |
| 7 | ov_007 | 1.4967372656406382 × 10^307 |
| 8 | ov_008 | 1.2555243550389103 × 10^307 |
| 9 | ov_009 | 1.0447835721597793 × 10^307 |
| 10 | ov_010 | 8.617897702603935 × 10^306 |
| 11 | ov_011 | 7.039634888102555 × 10^306 |
| 12 | ov_012 | 5.688650249490816 × 10^306 |
| 13 | ov_013 | 4.541895370882127 × 10^306 |
| 14 | ov_014 | 3.5776306031214735 × 10^306 |
| 15 | ov_015 | 2.7753931309619434 × 10^306 |
| 16 | ov_016 | 2.115971832302156 × 10^306 |
| 17 | ov_017 | 1.581387891609664 × 10^306 |
| 18 | ov_018 | 1.1548802125399637 × 10^306 |
| 19 | ov_019 | 8.208947574324107 × 10^305 |
| 20 | ov_020 | 5.650770239120835 × 10^305 |
| 21 | ov_021 | 3.7426695130679065 × 10^305 |
| 22 | ov_022 | 2.3649563203277224 × 10^305 |
| 23 | ov_023 | 1.4098328552785204 × 10^305 |
| 24 | ov_024 | 7.813805317455337 × 10^304 |
| 25 | ov_025 | 3.955530526173465 × 10^304 |
| 26 | ov_026 | 1.8017268185933483 × 10^304 |
| 27 | ov_027 | 7.492844550479599 × 10^303 |
| 28 | ov_028 | 3.137537638234001 × 10^303 |
| 29 | ov_029 | 1.2934250482011776 × 10^303 |
| 30 | ov_030 | 4.281876719429618 × 10^302 |
| 31 | ov_031 | 1.0375112445140002 × 10^302 |
| 32 | lv_80_k31 | 2.513204158216908 × 10^301 |
| 33 | ov_033 | 3.054910780285346 × 10^302 |
| 34 | ov_034 | 2.6565212416412042 × 10^302 |
| 35 | ov_035 | 2.2996074052033367 × 10^302 |
| 36 | ov_036 | 1.98091441061945 × 10^302 |
| 37 | ov_037 | 1.6973644136188727 × 10^302 |
| 38 | ov_038 | 1.4460439977800985 × 10^302 |
| 39 | ov_039 | 1.2241932554406627 × 10^302 |
| 40 | ov_040 | 1.0291963842008047 × 10^302 |
| 41 | ov_041 | 8.585736531306806 × 10^301 |
| 42 | ov_042 | 7.099746002971907 × 10^301 |
| 43 | ov_043 | 5.811723306198274 × 10^301 |
| 44 | ov_044 | 4.700587903739189 × 10^301 |
| 45 | ov_045 | 3.746409019036075 × 10^301 |
| 46 | ov_046 | 2.939504374744609 × 10^301 |
| 47 | ov_047 | 2.2707440891062553 × 10^301 |
| 48 | ov_048 | 1.7234848130341216 × 10^301 |
| 49 | ov_049 | 1.2821435886116763 × 10^301 |
| 50 | ov_050 | 9.321872445106119 × 10^300 |
| 51 | ov_051 | 6.601249047817848 × 10^300 |
| 52 | ov_052 | 4.5350294329183684 × 10^300 |
| 53 | ov_053 | 3.0090178625654343 × 10^300 |
| 54 | ov_054 | 1.9193403543430924 × 10^300 |
| 55 | ov_055 | 1.1724345461139416 × 10^300 |
| 56 | ov_056 | 6.850444750525923 × 10^299 |
| 57 | ov_057 | 3.842177830617263 × 10^299 |
| 58 | ov_058 | 2.073041412703566 × 10^299 |
| 59 | ov_059 | 1.0195441010731664 × 10^299 |
| 60 | ov_060 | 4.456924828299124 × 10^298 |
| 61 | ov_061 | 1.6699659997148143 × 10^298 |
| 62 | ov_062 | 5.046959761127672 × 10^297 |
| 63 | ov_063 | 1.1168680056520049 × 10^297 |
| 64 | lv_79_m31 | 2.177062499573522 × 10^296 |
| 65 | ov_065 | 2.5913286719506026 × 10^297 |
| 66 | ov_066 | 2.591323252273438 × 10^297 |
| 67 | ov_067 | 2.591321543406951 × 10^297 |
| 68 | ov_068 | 2.2454260139303115 × 10^297 |
| 69 | ov_069 | 1.9354139659794667 × 10^297 |
| 70 | ov_070 | 1.6586427454140022 × 10^297 |
| 71 | ov_071 | 1.4125997397206432 × 10^297 |
| 72 | ov_072 | 1.1948934897182555 × 10^297 |
| 73 | ov_073 | 1.0032463797961657 × 10^297 |
| 74 | ov_074 | 8.354887116716014 × 10^296 |
| 75 | ov_075 | 6.89553976917749 × 10^296 |
| 76 | ov_076 | 5.6347515338620795 × 10^296 |
| 77 | ov_077 | 4.553818601977015 × 10^296 |
| 78 | ov_078 | 3.6349821526493654 × 10^296 |
| 79 | ov_079 | 2.861412483952769 × 10^296 |
| 80 | ov_080 | 2.2171973194433183 × 10^296 |
| 81 | ov_081 | 1.6873329979337994 × 10^296 |
| 82 | ov_082 | 1.2577174650570144 × 10^296 |
| 83 | ov_083 | 9.151444320470811 × 10^295 |
| 84 | ov_084 | 6.472984815101202 × 10^295 |
| 85 | ov_085 | 4.427510345539285 × 10^295 |
| 86 | ov_086 | 2.909570937403848 × 10^295 |
| 87 | ov_087 | 1.8225267637498858 × 10^295 |
| 88 | ov_088 | 1.0785285267563661 × 10^295 |
| 89 | ov_089 | 5.98503033786991 × 10^294 |
| 90 | ov_090 | 3.121431134975912 × 10^294 |
| 91 | ov_091 | 1.5790101771660328 × 10^294 |
| 92 | ov_092 | 8.298446203711071 × 10^293 |
| 93 | ov_093 | 4.335450041678977 × 10^293 |
| 94 | ov_094 | 1.9179819328021082 × 10^293 |
| 95 | aaa_78_28 | 6.084476745534934 × 10^292 |
| 96 | aaa_78_29 | 2.258895709223856 × 10^292 |
| 97 | ov_097 | 1.9102758595841882 × 10^292 |
| 98 | ov_098 | 1.9102617580695845 × 10^292 |
| 99 | ov_099 | 1.910257254090896 × 10^292 |
| 100 | ov_100 | 1.6028110293320363 × 10^292 |
| 101 | ov_101 | 1.3345201265812978 × 10^292 |
| 102 | ov_102 | 1.1019164052719884 × 10^292 |
| 103 | ov_103 | 9.01721986297815 × 10^291 |
| 104 | ov_104 | 7.308353375698262 × 10^291 |
| 105 | ov_105 | 5.863191687668779 × 10^291 |
| 106 | ov_106 | 4.653899704774359 × 10^291 |
| 107 | ov_107 | 3.6540904172756996 × 10^291 |
| 108 | ov_108 | 2.8387485832836433 × 10^291 |
| 109 | ov_109 | 2.1841664261854433 × 10^291 |
| 110 | ov_110 | 1.6678900307979506 × 10^291 |
| 111 | ov_111 | 1.2686752001091496 × 10^291 |
| 112 | ov_112 | 9.664516100405044 × 10^290 |
| 113 | ov_113 | 7.422941740667067 × 10^290 |
| 114 | ov_114 | 5.784006030559726 × 10^290 |
| 115 | ov_115 | 4.580742185818689 × 10^290 |
| 116 | ov_116 | 3.657111503979528 × 10^290 |
| 117 | ov_117 | 2.867911209079622 × 10^290 |
| 118 | ov_118 | 2.202410365447393 × 10^290 |
| 119 | ov_119 | 1.6499032224713936 × 10^290 |
| 120 | ov_120 | 1.199698044576581 × 10^290 |
| 121 | ov_121 | 8.41110322042594 × 10^289 |
| 122 | ov_122 | 5.634593218761397 × 10^289 |
| 123 | ov_123 | 3.5606647044473027 × 10^289 |
| 124 | ov_124 | 2.082544123662948 × 10^289 |
| 125 | ov_125 | 1.0934639336211089 × 10^289 |
| 126 | ov_126 | 4.8665905555887813 × 10^288 |
| 127 | aaa_77_28 | 1.5536519742631255 × 10^288 |
| 128 | aaa_77_29 | 5.822602696229772 × 10^287 |
| 129 | ov_129 | 5.364618146138708 × 10^287 |
| 130 | ov_130 | 5.3646059256497164 × 10^287 |
| 131 | ov_131 | 5.364602003311007 × 10^287 |
| 132 | ov_132 | 4.646428806434776 × 10^287 |
| 133 | ov_133 | 4.0034922350529085 × 10^287 |
| 134 | ov_134 | 3.43005536574358 × 10^287 |
| 135 | ov_135 | 2.9206996431104465 × 10^287 |
| 136 | ov_136 | 2.470301774246616 × 10^287 |
| 137 | ov_137 | 2.0740136127893314 × 10^287 |
| 138 | ov_138 | 1.727244776036232 × 10^287 |
| 139 | ov_139 | 1.4256477349596852 × 10^287 |
| 140 | ov_140 | 1.165105130898165 × 10^287 |
| 141 | ov_141 | 9.417190862400742 × 10^286 |
| 142 | ov_142 | 7.5180228963098 × 10^286 |
| 143 | ov_143 | 5.918706492022013 × 10^286 |
| 144 | ov_144 | 4.58637320097862 × 10^286 |
| 145 | ov_145 | 3.490079252191822 × 10^286 |
| 146 | ov_146 | 2.600768006494979 × 10^286 |
| 147 | ov_147 | 1.8912410970300787 × 10^286 |
| 148 | ov_148 | 1.3361368197822551 × 10^286 |
| 149 | ov_149 | 9.119144621028263 × 10^285 |
| 150 | ov_150 | 5.968433811525535 × 10^285 |
| 151 | ov_151 | 3.7099576810743296 × 10^285 |
| 152 | ov_152 | 2.1624215783339496 × 10^285 |
| 153 | ov_153 | 1.162488675724015 × 10^285 |
| 154 | ov_154 | 5.647667200237671 × 10^284 |
| 155 | ov_155 | 2.4180163846861755 × 10^284 |
| 156 | aaa_76_25 | 8.407454941833096 × 10^283 |
| 157 | aaa_76_26 | 5.173142436030407 × 10^283 |
| 158 | aaa_76_27 | 2.8354542724902672 × 10^283 |
| 159 | aaa_76_28 | 1.3356315332291268 × 10^283 |
| 160 | aaa_76_29 | 5.0264760935016177 × 10^282 |

### Output Bits Sorted by Complexity

| Rank | Output Bit | Complexity |
|:----:|:----------:|:----------:|
| 160 | aaa_76_29 | 5.0264760935016177 × 10^282 |
| 159 | aaa_76_28 | 1.3356315332291268 × 10^283 |
| 158 | aaa_76_27 | 2.8354542724902672 × 10^283 |
| 157 | aaa_76_26 | 5.173142436030407 × 10^283 |
| 156 | aaa_76_25 | 8.407454941833096 × 10^283 |
| 155 | ov_155 | 2.4180163846861755 × 10^284 |
| 154 | ov_154 | 5.647667200237671 × 10^284 |
| 153 | ov_153 | 1.162488675724015 × 10^285 |
| 152 | ov_152 | 2.1624215783339496 × 10^285 |
| 151 | ov_151 | 3.7099576810743296 × 10^285 |
| 150 | ov_150 | 5.968433811525535 × 10^285 |
| 149 | ov_149 | 9.119144621028263 × 10^285 |
| 148 | ov_148 | 1.3361368197822551 × 10^286 |
| 147 | ov_147 | 1.8912410970300787 × 10^286 |
| 146 | ov_146 | 2.600768006494979 × 10^286 |
| 145 | ov_145 | 3.490079252191822 × 10^286 |
| 144 | ov_144 | 4.58637320097862 × 10^286 |
| 143 | ov_143 | 5.918706492022013 × 10^286 |
| 142 | ov_142 | 7.5180228963098 × 10^286 |
| 141 | ov_141 | 9.417190862400742 × 10^286 |
| 140 | ov_140 | 1.165105130898165 × 10^287 |
| 139 | ov_139 | 1.4256477349596852 × 10^287 |
| 138 | ov_138 | 1.727244776036232 × 10^287 |
| 137 | ov_137 | 2.0740136127893314 × 10^287 |
| 136 | ov_136 | 2.470301774246616 × 10^287 |
| 135 | ov_135 | 2.9206996431104465 × 10^287 |
| 134 | ov_134 | 3.43005536574358 × 10^287 |
| 133 | ov_133 | 4.0034922350529085 × 10^287 |
| 132 | ov_132 | 4.646428806434776 × 10^287 |
| 131 | ov_131 | 5.364602003311007 × 10^287 |
| 130 | ov_130 | 5.3646059256497164 × 10^287 |
| 129 | ov_129 | 5.364618146138708 × 10^287 |
| 128 | aaa_77_29 | 5.822602696229772 × 10^287 |
| 127 | aaa_77_28 | 1.5536519742631255 × 10^288 |
| 126 | ov_126 | 4.8665905555887813 × 10^288 |
| 125 | ov_125 | 1.0934639336211089 × 10^289 |
| 124 | ov_124 | 2.082544123662948 × 10^289 |
| 123 | ov_123 | 3.5606647044473027 × 10^289 |
| 122 | ov_122 | 5.634593218761397 × 10^289 |
| 121 | ov_121 | 8.41110322042594 × 10^289 |
| 120 | ov_120 | 1.199698044576581 × 10^290 |
| 119 | ov_119 | 1.6499032224713936 × 10^290 |
| 118 | ov_118 | 2.202410365447393 × 10^290 |
| 117 | ov_117 | 2.867911209079622 × 10^290 |
| 116 | ov_116 | 3.657111503979528 × 10^290 |
| 115 | ov_115 | 4.580742185818689 × 10^290 |
| 114 | ov_114 | 5.784006030559726 × 10^290 |
| 113 | ov_113 | 7.422941740667067 × 10^290 |
| 112 | ov_112 | 9.664516100405044 × 10^290 |
| 111 | ov_111 | 1.2686752001091496 × 10^291 |
| 110 | ov_110 | 1.6678900307979506 × 10^291 |
| 109 | ov_109 | 2.1841664261854433 × 10^291 |
| 108 | ov_108 | 2.8387485832836433 × 10^291 |
| 107 | ov_107 | 3.6540904172756996 × 10^291 |
| 106 | ov_106 | 4.653899704774359 × 10^291 |
| 105 | ov_105 | 5.863191687668779 × 10^291 |
| 104 | ov_104 | 7.308353375698262 × 10^291 |
| 103 | ov_103 | 9.01721986297815 × 10^291 |
| 102 | ov_102 | 1.1019164052719884 × 10^292 |
| 101 | ov_101 | 1.3345201265812978 × 10^292 |
| 100 | ov_100 | 1.6028110293320363 × 10^292 |
| 99 | ov_099 | 1.910257254090896 × 10^292 |
| 98 | ov_098 | 1.9102617580695845 × 10^292 |
| 97 | ov_097 | 1.9102758595841882 × 10^292 |
| 96 | aaa_78_29 | 2.258895709223856 × 10^292 |
| 95 | aaa_78_28 | 6.084476745534934 × 10^292 |
| 94 | ov_094 | 1.9179819328021082 × 10^293 |
| 93 | ov_093 | 4.335450041678977 × 10^293 |
| 92 | ov_092 | 8.298446203711071 × 10^293 |
| 91 | ov_091 | 1.5790101771660328 × 10^294 |
| 90 | ov_090 | 3.121431134975912 × 10^294 |
| 89 | ov_089 | 5.98503033786991 × 10^294 |
| 88 | ov_088 | 1.0785285267563661 × 10^295 |
| 87 | ov_087 | 1.8225267637498858 × 10^295 |
| 86 | ov_086 | 2.909570937403848 × 10^295 |
| 85 | ov_085 | 4.427510345539285 × 10^295 |
| 84 | ov_084 | 6.472984815101202 × 10^295 |
| 83 | ov_083 | 9.151444320470811 × 10^295 |
| 82 | ov_082 | 1.2577174650570144 × 10^296 |
| 81 | ov_081 | 1.6873329979337994 × 10^296 |
| 64 | lv_79_m31 | 2.177062499573522 × 10^296 |
| 80 | ov_080 | 2.2171973194433183 × 10^296 |
| 79 | ov_079 | 2.861412483952769 × 10^296 |
| 78 | ov_078 | 3.6349821526493654 × 10^296 |
| 77 | ov_077 | 4.553818601977015 × 10^296 |
| 76 | ov_076 | 5.6347515338620795 × 10^296 |
| 75 | ov_075 | 6.89553976917749 × 10^296 |
| 74 | ov_074 | 8.354887116716014 × 10^296 |
| 73 | ov_073 | 1.0032463797961657 × 10^297 |
| 63 | ov_063 | 1.1168680056520049 × 10^297 |
| 72 | ov_072 | 1.1948934897182555 × 10^297 |
| 71 | ov_071 | 1.4125997397206432 × 10^297 |
| 70 | ov_070 | 1.6586427454140022 × 10^297 |
| 69 | ov_069 | 1.9354139659794667 × 10^297 |
| 68 | ov_068 | 2.2454260139303115 × 10^297 |
| 67 | ov_067 | 2.591321543406951 × 10^297 |
| 66 | ov_066 | 2.591323252273438 × 10^297 |
| 65 | ov_065 | 2.5913286719506026 × 10^297 |
| 62 | ov_062 | 5.046959761127672 × 10^297 |
| 61 | ov_061 | 1.6699659997148143 × 10^298 |
| 60 | ov_060 | 4.456924828299124 × 10^298 |
| 59 | ov_059 | 1.0195441010731664 × 10^299 |
| 58 | ov_058 | 2.073041412703566 × 10^299 |
| 57 | ov_057 | 3.842177830617263 × 10^299 |
| 56 | ov_056 | 6.850444750525923 × 10^299 |
| 55 | ov_055 | 1.1724345461139416 × 10^300 |
| 54 | ov_054 | 1.9193403543430924 × 10^300 |
| 53 | ov_053 | 3.0090178625654343 × 10^300 |
| 52 | ov_052 | 4.5350294329183684 × 10^300 |
| 51 | ov_051 | 6.601249047817848 × 10^300 |
| 50 | ov_050 | 9.321872445106119 × 10^300 |
| 49 | ov_049 | 1.2821435886116763 × 10^301 |
| 48 | ov_048 | 1.7234848130341216 × 10^301 |
| 47 | ov_047 | 2.2707440891062553 × 10^301 |
| 32 | lv_80_k31 | 2.513204158216908 × 10^301 |
| 46 | ov_046 | 2.939504374744609 × 10^301 |
| 45 | ov_045 | 3.746409019036075 × 10^301 |
| 44 | ov_044 | 4.700587903739189 × 10^301 |
| 43 | ov_043 | 5.811723306198274 × 10^301 |
| 42 | ov_042 | 7.099746002971907 × 10^301 |
| 41 | ov_041 | 8.585736531306806 × 10^301 |
| 40 | ov_040 | 1.0291963842008047 × 10^302 |
| 31 | ov_031 | 1.0375112445140002 × 10^302 |
| 39 | ov_039 | 1.2241932554406627 × 10^302 |
| 38 | ov_038 | 1.4460439977800985 × 10^302 |
| 37 | ov_037 | 1.6973644136188727 × 10^302 |
| 36 | ov_036 | 1.98091441061945 × 10^302 |
| 35 | ov_035 | 2.2996074052033367 × 10^302 |
| 34 | ov_034 | 2.6565212416412042 × 10^302 |
| 33 | ov_033 | 3.054910780285346 × 10^302 |
| 30 | ov_030 | 4.281876719429618 × 10^302 |
| 29 | ov_029 | 1.2934250482011776 × 10^303 |
| 28 | ov_028 | 3.137537638234001 × 10^303 |
| 27 | ov_027 | 7.492844550479599 × 10^303 |
| 26 | ov_026 | 1.8017268185933483 × 10^304 |
| 25 | ov_025 | 3.955530526173465 × 10^304 |
| 24 | ov_024 | 7.813805317455337 × 10^304 |
| 23 | ov_023 | 1.4098328552785204 × 10^305 |
| 22 | ov_022 | 2.3649563203277224 × 10^305 |
| 21 | ov_021 | 3.7426695130679065 × 10^305 |
| 20 | ov_020 | 5.650770239120835 × 10^305 |
| 19 | ov_019 | 8.208947574324107 × 10^305 |
| 18 | ov_018 | 1.1548802125399637 × 10^306 |
| 17 | ov_017 | 1.581387891609664 × 10^306 |
| 16 | ov_016 | 2.115971832302156 × 10^306 |
| 15 | ov_015 | 2.7753931309619434 × 10^306 |
| 14 | ov_014 | 3.5776306031214735 × 10^306 |
| 13 | ov_013 | 4.541895370882127 × 10^306 |
| 12 | ov_012 | 5.688650249490816 × 10^306 |
| 11 | ov_011 | 7.039634888102555 × 10^306 |
| 10 | ov_010 | 8.617897702603935 × 10^306 |
| 9 | ov_009 | 1.0447835721597793 × 10^307 |
| 8 | ov_008 | 1.2555243550389103 × 10^307 |
| 7 | ov_007 | 1.4967372656406382 × 10^307 |
| 6 | ov_006 | 1.771300200192325 × 10^307 |
| 5 | ov_005 | 2.082252095420234 × 10^307 |
| 4 | ov_004 | 2.4328025663574262 × 10^307 |
| 3 | ov_003 | 2.826343045932118 × 10^307 |
| 2 | ov_002 | 3.2664595998222263 × 10^307 |
| 1 | ov_001 | 3.75510419661903 × 10^307 |

