# Results for F001-F002-F003-F004-F005-F006-F007-F008-F009-F010-F011-F012-F013-F014-F015-F016-F017-F018-F019-F020-F021-F022-F023-F024-F025-F026-F027-F028-F029-F030-F031-F032-F033-F034-F035-F036-F037-F038-F039-F040-F041-F042-F043-F044-F045-F046-F047-F048-F049-F050-F051-F052-F053-F054-F055-F056-F057-F058-F059-F060-F061-F062-F063-F064-F065-F066-F067-F068-F069-F070-F071-F072-F073-F074-F075-F076-F077-F078-F079-F080-F081-F082-F083-F084-F085-F086-F087-F088-F089-F090-F091-F092-F093-F094-F095-F096-F097-F098-F099-F100-F101-F102-F103-F104-F105-F106-F107-F108-F109-F110-F111-F112-F113-F114-F115-F116-F117-F118-F119-F120-F121-F122-F123-F124-F125-F126-F127-F128-F129-F130-F131-F132-F133-F134-F135-F136-F137-F138-F139-F140-F141-F142-F143-F144-F145-F146-F147-F148-F149-F150-F151-F152-F153-F154-F155-F156-F157-F158-F159-F160-F161-F162-F163-F164-F165-F166-F167-F168-F169-F170-F171-F172-F173-F174-F175-F176-F177-F178-F179-F180-F181-F182-F183-F184-F185-F186-F187-F188-F189-F190-F191-F192-F193-F194-F195-F196-F197-F198-F199-F200-F201-F202-F203-F204-F205-F206-F207-F208-F209-F210-F211-F212-F213-F214-F215-F216-F217-F218-F219-F220-F221-F222-F223-F224-F225-F226-F227-F228-F229-F230-F231-F232-F233-F234-F235-F236-F237-F238-F239-F240-F241-F242-F243-F244-F245-F246-F247-F248-F249-F250-F251-F252-F253-F254-F255-F256-F257-F258-F259-F260-F261-F262-F263-F264-F265-F266-F267-F268-F269-F270-F271-F272-F273-F274-F275-F276-F277-F278-F279-F280-F281-F282-F283-F284-F285-F286-F287-F288-F289-F290-F291-F292-F293-F294-F295-F296-F297-F298-F299-F300-F301-F302-F303-F304-F305-F306-F307-F308-F309-F310-F311-F312-F313-F314-F315-F316-F317-F318-F319-F320-F321-F322-F323-F324-F325-F326-F327-F328-F329-F330-F331-F332-F333-F334-F335-F336-F337-F338-F339-F340-F341-F342-F343-F344-F345-F346-F347-F348-F349-F350-F351-F352-F353-F354-F355-F356-F357-F358-F359-F360-F361-F362-F363-F364-F365-F366-F367-F368-F369-F370-F371-F372-F373-F374-F375-F376-F377-F378-F379-F380-F381-F382-F383-F384-F385-F386-F387-F388-F389-F390-F391-F392-F393-F394-F395-F396-F397-F398-F399-F400-F401-F402-F403-F404-F405-F406-F407-F408-F409-F410-F411-F412-F413-F414-F415-F416-F417-F418-F419-F420-F421-F422-F423-F424-F425-F426-F427-F428-F429-F430-F431-F432-F433-F434-F435-F436-F437-F438-F439-F440-F441-F442-F443-F444-F445-F446-F447-F448-F449-F450-F451-F452-F453-F454-F455-F456-F457-F458-F459-F460-F461-F462-F463-F464-F465-F466-F467-F468-F469-F470-F471-F472-F473-F474-F475-F476-F477-F478-F479-F480-F481-F482-F483-F484-F485-F486-F487-F488-F489-F490-F491-F492-F493-F494-F495-F496-E501511-F508-F509-F510-F512

## Summary

Number of input bits: 512  
Number of free input bits: 11  
Number of output bits: 160

Number of direct occurrences: 44629  
Number of assignments: 31362  
Number of operations: 11109663
(xor: 11081359,
and: 14971,
or: 13333)

Total complexity: 3.106564285889759 × 10^299

Least occurring input variable: iv_502 (3897)  
Most occurring input variable: iv_501 (4296)

Most co-occurring input variables: iv_500-iv_506 (1998)  
Least co-occurring input variables: iv_498-iv_502 (1767)

Potentially most occurring input variable: iv_501/iv_507 (4636)  
Potentially least occurring input variable: iv_499/iv_505 (4163)

Least output occurring input variable: iv_501 (68)  
Most output occurring input variable: iv_497 (93)

Most output co-occurring input variables: iv_497-iv_506 (57)  
Least output co-occurring input variables: iv_501-iv_507 (31)

Potentially most output occurring input variable: iv_498/iv_505 (94)  
Potentially least output occurring input variable: iv_499/iv_501 (67)

Least complex input bit: iv_497 (1.7960230679266737 × 10^297)  
Most complex input bit: iv_505 (9.042281087680749 × 10^298)

Least complex output bit: aaa_76_29 (6.47436503539032 × 10^274)  
Most complex output bit: ov_001 (4.856570243604249 × 10^298)

Least complex input/output complexity: iv_497/aaa_76_29 (3.743076879675282 × 10^272)  
Most complex input/output complexity: iv_505/ov_001 (1.413602591911537 × 10^298)

## Input Bits

### Input Bits in Regular Order

| Input Bit | Complexity | Occurrences | Output Occurrences |
|:---------:|:----------:|:-----------:|:------------------:|
| iv_497 | 1.7960230679266737 × 10^297 | 4143 | 93 |
| iv_498 | 3.5955617174994556 × 10^297 | 3944 | 88 |
| iv_499 | 6.355196913002629 × 10^297 | 3955 | 81 |
| iv_500 | 1.0716314669823777 × 10^298 | 4125 | 76 |
| iv_501 | 1.763156722538301 × 10^298 | 4296 | 68 |
| iv_502 | 2.8465236734703637 × 10^298 | 3897 | 82 |
| iv_503 | 4.512030970734403 × 10^298 | 4056 | 79 |
| iv_504 | 7.018097926121904 × 10^298 | 3946 | 78 |
| iv_505 | 9.042281087680749 × 10^298 | 3982 | 82 |
| iv_506 | 1.677975781475876 × 10^298 | 4123 | 93 |
| iv_507 | 1.9592670600507605 × 10^298 | 4162 | 87 |

### Input Bits Sorted by Complexity

| Input Bit | Complexity | Occurrences | Output Occurrences |
|:---------:|:----------:|:-----------:|:------------------:|
| iv_497 | 1.7960230679266737 × 10^297 | 4143 | 93 |
| iv_498 | 3.5955617174994556 × 10^297 | 3944 | 88 |
| iv_499 | 6.355196913002629 × 10^297 | 3955 | 81 |
| iv_500 | 1.0716314669823777 × 10^298 | 4125 | 76 |
| iv_506 | 1.677975781475876 × 10^298 | 4123 | 93 |
| iv_501 | 1.763156722538301 × 10^298 | 4296 | 68 |
| iv_507 | 1.9592670600507605 × 10^298 | 4162 | 87 |
| iv_502 | 2.8465236734703637 × 10^298 | 3897 | 82 |
| iv_503 | 4.512030970734403 × 10^298 | 4056 | 79 |
| iv_504 | 7.018097926121904 × 10^298 | 3946 | 78 |
| iv_505 | 9.042281087680749 × 10^298 | 3982 | 82 |

### Input Bits Sorted by Occurrences

| Input Bit | Complexity | Occurrences | Output Occurrences |
|:---------:|:----------:|:-----------:|:------------------:|
| iv_502 | 2.8465236734703637 × 10^298 | 3897 | 82 |
| iv_498 | 3.5955617174994556 × 10^297 | 3944 | 88 |
| iv_504 | 7.018097926121904 × 10^298 | 3946 | 78 |
| iv_499 | 6.355196913002629 × 10^297 | 3955 | 81 |
| iv_505 | 9.042281087680749 × 10^298 | 3982 | 82 |
| iv_503 | 4.512030970734403 × 10^298 | 4056 | 79 |
| iv_506 | 1.677975781475876 × 10^298 | 4123 | 93 |
| iv_500 | 1.0716314669823777 × 10^298 | 4125 | 76 |
| iv_497 | 1.7960230679266737 × 10^297 | 4143 | 93 |
| iv_507 | 1.9592670600507605 × 10^298 | 4162 | 87 |
| iv_501 | 1.763156722538301 × 10^298 | 4296 | 68 |

### Input Bits Sorted by Output Occurrences

| Input Bit | Complexity | Occurrences | Output Occurrences |
|:---------:|:----------:|:-----------:|:------------------:|
| iv_501 | 1.763156722538301 × 10^298 | 4296 | 68 |
| iv_500 | 1.0716314669823777 × 10^298 | 4125 | 76 |
| iv_504 | 7.018097926121904 × 10^298 | 3946 | 78 |
| iv_503 | 4.512030970734403 × 10^298 | 4056 | 79 |
| iv_499 | 6.355196913002629 × 10^297 | 3955 | 81 |
| iv_502 | 2.8465236734703637 × 10^298 | 3897 | 82 |
| iv_505 | 9.042281087680749 × 10^298 | 3982 | 82 |
| iv_507 | 1.9592670600507605 × 10^298 | 4162 | 87 |
| iv_498 | 3.5955617174994556 × 10^297 | 3944 | 88 |
| iv_506 | 1.677975781475876 × 10^298 | 4123 | 93 |
| iv_497 | 1.7960230679266737 × 10^297 | 4143 | 93 |

## Input Bit Co-occurrences

### Input Bit Co-occurrences Sorted by Co-occurrences

| Input Bits | Co-occurrences | Potential Occurrences | Output Co-occurrences | Potential Output Occurrences |
|:----------:|:--------------:|:---------------------:|:---------------------:|:----------------------------:|
| iv_500-iv_506 | 1998 | 4252 | 45 | 79 |
| iv_500-iv_503 | 1988 | 4205 | 41 | 73 |
| iv_497-iv_500 | 1988 | 4292 | 39 | 91 |
| iv_497-iv_501 | 1983 | 4473 | 40 | 81 |
| iv_500-iv_507 | 1974 | 4339 | 41 | 81 |
| iv_497-iv_507 | 1967 | 4371 | 48 | 84 |
| iv_497-iv_505 | 1964 | 4197 | 49 | 77 |
| iv_506-iv_507 | 1959 | 4367 | 49 | 82 |
| iv_497-iv_503 | 1949 | 4301 | 48 | 76 |
| iv_497-iv_506 | 1941 | 4384 | 57 | 72 |
| iv_500-iv_501 | 1938 | 4545 | 33 | 78 |

### Input Bit Co-occurrences Sorted by Potential Occurrences

| Input Bits | Co-occurrences | Potential Occurrences | Output Co-occurrences | Potential Output Occurrences |
|:----------:|:--------------:|:---------------------:|:---------------------:|:----------------------------:|
| iv_499-iv_505 | 1887 | 4163 | 37 | 89 |
| iv_499-iv_504 | 1868 | 4165 | 38 | 83 |
| iv_498-iv_504 | 1847 | 4196 | 46 | 74 |
| iv_497-iv_505 | 1964 | 4197 | 49 | 77 |
| iv_500-iv_503 | 1988 | 4205 | 41 | 73 |
| iv_499-iv_503 | 1901 | 4209 | 44 | 72 |
| iv_503-iv_505 | 1912 | 4214 | 43 | 75 |
| iv_504-iv_505 | 1856 | 4216 | 36 | 88 |
| iv_502-iv_506 | 1899 | 4222 | 51 | 73 |
| iv_502-iv_504 | 1809 | 4225 | 42 | 76 |
| iv_504-iv_506 | 1921 | 4227 | 45 | 81 |

### Input Bit Output Co-occurrences Sorted by Output Co-occurrences

| Input Bits | Co-occurrences | Potential Occurrences | Output Co-occurrences | Potential Output Occurrences |
|:----------:|:--------------:|:---------------------:|:---------------------:|:----------------------------:|
| iv_497-iv_506 | 1941 | 4384 | 57 | 72 |
| iv_498-iv_506 | 1907 | 4253 | 54 | 73 |
| iv_497-iv_502 | 1905 | 4230 | 52 | 71 |
| iv_502-iv_506 | 1899 | 4222 | 51 | 73 |
| iv_497-iv_504 | 1929 | 4231 | 50 | 71 |
| iv_497-iv_498 | 1893 | 4301 | 50 | 81 |
| iv_499-iv_506 | 1872 | 4334 | 49 | 76 |
| iv_506-iv_507 | 1959 | 4367 | 49 | 82 |
| iv_497-iv_505 | 1964 | 4197 | 49 | 77 |
| iv_498-iv_499 | 1833 | 4233 | 48 | 73 |
| iv_497-iv_507 | 1967 | 4371 | 48 | 84 |

### Input Bit Output Co-occurrences Sorted by Potential Output Occurrences

| Input Bits | Co-occurrences | Potential Occurrences | Output Co-occurrences | Potential Output Occurrences |
|:----------:|:--------------:|:---------------------:|:---------------------:|:----------------------------:|
| iv_499-iv_501 | 1830 | 4591 | 41 | 67 |
| iv_497-iv_504 | 1929 | 4231 | 50 | 71 |
| iv_497-iv_502 | 1905 | 4230 | 52 | 71 |
| iv_499-iv_503 | 1901 | 4209 | 44 | 72 |
| iv_497-iv_506 | 1941 | 4384 | 57 | 72 |
| iv_498-iv_499 | 1833 | 4233 | 48 | 73 |
| iv_498-iv_506 | 1907 | 4253 | 54 | 73 |
| iv_499-iv_500 | 1899 | 4282 | 42 | 73 |
| iv_500-iv_503 | 1988 | 4205 | 41 | 73 |
| iv_502-iv_506 | 1899 | 4222 | 51 | 73 |
| iv_503-iv_504 | 1857 | 4288 | 42 | 73 |

## Output Bits

### Output Bits in Regular Order

| Rank | Output Bit | Complexity |
|:----:|:----------:|:----------:|
| 1 | ov_001 | 4.856570243604249 × 10^298 |
| 2 | ov_002 | 4.226065181884283 × 10^298 |
| 3 | ov_003 | 3.6599983697440313 × 10^298 |
| 4 | ov_004 | 3.153540331259569 × 10^298 |
| 5 | ov_005 | 2.702126302541801 × 10^298 |
| 6 | ov_006 | 2.3014372467868053 × 10^298 |
| 7 | ov_007 | 1.9473833071818178 × 10^298 |
| 8 | ov_008 | 1.6360895535073133 × 10^298 |
| 9 | ov_009 | 1.3638838434243878 × 10^298 |
| 10 | ov_010 | 1.1272865866656935 × 10^298 |
| 11 | ov_011 | 9.230021979714283 × 10^297 |
| 12 | ov_012 | 7.479120368990587 × 10^297 |
| 13 | ov_013 | 5.990686446818035 × 10^297 |
| 14 | ov_014 | 4.736911001696204 × 10^297 |
| 15 | ov_015 | 3.6916132860141275 × 10^297 |
| 16 | ov_016 | 2.830212085638967 × 10^297 |
| 17 | ov_017 | 2.1297033401913832 × 10^297 |
| 18 | ov_018 | 1.568642997513066 × 10^297 |
| 19 | ov_019 | 1.1271339610053445 × 10^297 |
| 20 | ov_020 | 7.868162781022583 × 10^296 |
| 21 | ov_021 | 5.308599862365909 × 10^296 |
| 22 | ov_022 | 3.4396011796773125 × 10^296 |
| 23 | ov_023 | 2.1233334462185462 × 10^296 |
| 24 | ov_024 | 1.2371579461891965 × 10^296 |
| 25 | ov_025 | 6.736171863853888 × 10^295 |
| 26 | ov_026 | 3.404275850687386 × 10^295 |
| 27 | ov_027 | 1.6047603261217295 × 10^295 |
| 28 | ov_028 | 7.181853565436214 × 10^294 |
| 29 | ov_029 | 2.767978074726723 × 10^294 |
| 30 | ov_030 | 8.464258487808836 × 10^293 |
| 31 | ov_031 | 1.6515777744613985 × 10^293 |
| 32 | lv_80_m31 | 3.222216998291601 × 10^292 |
| 33 | ov_033 | 3.873767206777742 × 10^293 |
| 34 | ov_034 | 3.3646091209476753 × 10^293 |
| 35 | ov_035 | 2.9086841740427537 × 10^293 |
| 36 | ov_036 | 2.501500685061355 × 10^293 |
| 37 | ov_037 | 2.1388097100234074 × 10^293 |
| 38 | ov_038 | 1.8165880101670304 × 10^293 |
| 39 | ov_039 | 1.5310233213610386 × 10^293 |
| 40 | ov_040 | 1.2785016999884825 × 10^293 |
| 41 | ov_041 | 1.057264295581148 × 10^293 |
| 42 | ov_042 | 8.656435468224931 × 10^292 |
| 43 | ov_043 | 7.020590137886724 × 10^292 |
| 44 | ov_044 | 5.63597905511241 × 10^292 |
| 45 | ov_045 | 4.4750668400123977 × 10^292 |
| 46 | ov_046 | 3.511868717580109 × 10^292 |
| 47 | ov_047 | 2.721917121454137 × 10^292 |
| 48 | ov_048 | 2.0822355199877396 × 10^292 |
| 49 | ov_049 | 1.5713182591011613 × 10^292 |
| 50 | ov_050 | 1.169115315372082 × 10^292 |
| 51 | ov_051 | 8.570209503485287 × 10^291 |
| 52 | ov_052 | 6.178653986075233 × 10^291 |
| 53 | ov_053 | 4.359089471209559 × 10^291 |
| 54 | ov_054 | 2.968379369636655 × 10^291 |
| 55 | ov_055 | 1.9385165920119132 × 10^291 |
| 56 | ov_056 | 1.2086067757506662 × 10^291 |
| 57 | ov_057 | 7.24862425636679 × 10^290 |
| 58 | ov_058 | 4.010171333902675 × 10^290 |
| 59 | ov_059 | 1.9748852259181 × 10^290 |
| 60 | ov_060 | 8.179503333003585 × 10^289 |
| 61 | ov_061 | 2.8555612900089096 × 10^289 |
| 62 | ov_062 | 7.829051619344845 × 10^288 |
| 63 | ov_063 | 1.5250489732020826 × 10^288 |
| 64 | lv_79_m31 | 2.9700618815460337 × 10^287 |
| 65 | ov_065 | 3.548794540358868 × 10^288 |
| 66 | ov_066 | 3.548783403185076 × 10^288 |
| 67 | ov_067 | 3.548780677437659 × 10^288 |
| 68 | ov_068 | 3.0684174508071965 × 10^288 |
| 69 | ov_069 | 2.6399654490860618 × 10^288 |
| 70 | ov_070 | 2.2592066080665326 × 10^288 |
| 71 | ov_071 | 1.9221823885078282 × 10^288 |
| 72 | ov_072 | 1.6251761999960745 × 10^288 |
| 73 | ov_073 | 1.3646973791119662 × 10^288 |
| 74 | ov_074 | 1.1374666397201294 × 10^288 |
| 75 | ov_075 | 9.404029163210168 × 10^287 |
| 76 | ov_076 | 7.70611523974594 × 10^287 |
| 77 | ov_077 | 6.253735603877398 × 10^287 |
| 78 | ov_078 | 5.021364774221103 × 10^287 |
| 79 | ov_079 | 3.9850575058946086 × 10^287 |
| 80 | ov_080 | 3.1223757611555692 × 10^287 |
| 81 | ov_081 | 2.412325259257154 × 10^287 |
| 82 | ov_082 | 1.8353009148334913 × 10^287 |
| 83 | ov_083 | 1.373040478389194 × 10^287 |
| 84 | ov_084 | 1.0085856955244603 × 10^287 |
| 85 | ov_085 | 7.26250303631187 × 10^286 |
| 86 | ov_086 | 5.115941861739736 × 10^286 |
| 87 | ov_087 | 3.514030055378826 × 10^286 |
| 88 | ov_088 | 2.336726359539545 × 10^286 |
| 89 | ov_089 | 1.4759771831996764 × 10^286 |
| 90 | ov_090 | 8.807407053274642 × 10^285 |
| 91 | ov_091 | 5.0591280956335026 × 10^285 |
| 92 | ov_092 | 2.790267424110592 × 10^285 |
| 93 | ov_093 | 1.3942277026922272 × 10^285 |
| 94 | ov_094 | 5.9721391990556895 × 10^284 |
| 95 | aaa_78_28 | 1.8441568355289103 × 10^284 |
| 96 | aaa_78_29 | 5.6635721086100785 × 10^283 |
| 97 | ov_097 | 3.7394815350505282 × 10^283 |
| 98 | ov_098 | 3.7393696840051614 × 10^283 |
| 99 | ov_099 | 3.739333962955717 × 10^283 |
| 100 | ov_100 | 3.3648181821267096 × 10^283 |
| 101 | ov_101 | 3.01795761074521 × 10^283 |
| 102 | ov_102 | 2.697234486708028 × 10^283 |
| 103 | ov_103 | 2.401241333523721 × 10^283 |
| 104 | ov_104 | 2.128666591602544 × 10^283 |
| 105 | ov_105 | 1.8782815695113076 × 10^283 |
| 106 | ov_106 | 1.6489286467369402 × 10^283 |
| 107 | ov_107 | 1.4395106619862608 × 10^283 |
| 108 | ov_108 | 1.2489814230524453 × 10^283 |
| 109 | ov_109 | 1.0763372758680717 × 10^283 |
| 110 | ov_110 | 9.206096715993732 × 10^282 |
| 111 | ov_111 | 7.808586715732853 × 10^282 |
| 112 | ov_112 | 6.561673305205067 × 10^282 |
| 113 | ov_113 | 5.456368991124708 × 10^282 |
| 114 | ov_114 | 4.4838278711199767 × 10^282 |
| 115 | ov_115 | 3.6353122868598865 × 10^282 |
| 116 | ov_116 | 2.9021659157714243 × 10^282 |
| 117 | ov_117 | 2.275792719254821 × 10^282 |
| 118 | ov_118 | 1.7476406154802243 × 10^282 |
| 119 | ov_119 | 1.3091882673999796 × 10^282 |
| 120 | ov_120 | 9.519344775811748 × 10^281 |
| 121 | ov_121 | 6.673906371206183 × 10^281 |
| 122 | ov_122 | 4.4707586560110174 × 10^281 |
| 123 | ov_123 | 2.8251381393235298 × 10^281 |
| 124 | ov_124 | 1.6523050709403829 × 10^281 |
| 125 | ov_125 | 8.675300726060942 × 10^280 |
| 126 | ov_126 | 3.860873161587921 × 10^280 |
| 127 | aaa_77_28 | 1.2325190385760992 × 10^280 |
| 128 | aaa_77_29 | 4.618751941317185 × 10^279 |
| 129 | ov_129 | 4.2754428653098676 × 10^279 |
| 130 | ov_130 | 4.27543025431122 × 10^279 |
| 131 | ov_131 | 4.2754272048428137 × 10^279 |
| 132 | ov_132 | 3.7053397263873095 × 10^279 |
| 133 | ov_133 | 3.195046571223969 × 10^279 |
| 134 | ov_134 | 2.740004920770337 × 10^279 |
| 135 | ov_135 | 2.3359154560421228 × 10^279 |
| 136 | ov_136 | 1.9787049615823072 × 10^279 |
| 137 | ov_137 | 1.6645113361230077 × 10^279 |
| 138 | ov_138 | 1.3896707802951655 × 10^279 |
| 139 | ov_139 | 1.1507069434604882 × 10^279 |
| 140 | ov_140 | 9.443218231523065 × 10^278 |
| 141 | ov_141 | 7.673882217538966 × 10^278 |
| 142 | ov_142 | 6.169435759789071 × 10^278 |
| 143 | ov_143 | 4.901849855019772 × 10^278 |
| 144 | ov_144 | 3.844652777610249 × 10^278 |
| 145 | ov_145 | 2.9728995654896306 × 10^278 |
| 146 | ov_146 | 2.263148925561148 × 10^278 |
| 147 | ov_147 | 1.6934462453273794 × 10^278 |
| 148 | ov_148 | 1.2433115022600864 × 10^278 |
| 149 | ov_149 | 8.937309671585393 × 10^277 |
| 150 | ov_150 | 6.271517023457748 × 10^277 |
| 151 | ov_151 | 4.274780029467058 × 10^277 |
| 152 | ov_152 | 2.800691560182481 × 10^277 |
| 153 | ov_153 | 1.7173809921675297 × 10^277 |
| 154 | ov_154 | 9.625459186177533 × 10^276 |
| 155 | ov_155 | 4.811470270748373 × 10^276 |
| 156 | aaa_76_25 | 1.8488964355522713 × 10^276 |
| 157 | aaa_76_26 | 1.067785991898329 × 10^276 |
| 158 | aaa_76_27 | 5.4664146710007364 × 10^275 |
| 159 | aaa_76_28 | 2.1286220054949025 × 10^275 |
| 160 | aaa_76_29 | 6.47436503539032 × 10^274 |

### Output Bits Sorted by Complexity

| Rank | Output Bit | Complexity |
|:----:|:----------:|:----------:|
| 160 | aaa_76_29 | 6.47436503539032 × 10^274 |
| 159 | aaa_76_28 | 2.1286220054949025 × 10^275 |
| 158 | aaa_76_27 | 5.4664146710007364 × 10^275 |
| 157 | aaa_76_26 | 1.067785991898329 × 10^276 |
| 156 | aaa_76_25 | 1.8488964355522713 × 10^276 |
| 155 | ov_155 | 4.811470270748373 × 10^276 |
| 154 | ov_154 | 9.625459186177533 × 10^276 |
| 153 | ov_153 | 1.7173809921675297 × 10^277 |
| 152 | ov_152 | 2.800691560182481 × 10^277 |
| 151 | ov_151 | 4.274780029467058 × 10^277 |
| 150 | ov_150 | 6.271517023457748 × 10^277 |
| 149 | ov_149 | 8.937309671585393 × 10^277 |
| 148 | ov_148 | 1.2433115022600864 × 10^278 |
| 147 | ov_147 | 1.6934462453273794 × 10^278 |
| 146 | ov_146 | 2.263148925561148 × 10^278 |
| 145 | ov_145 | 2.9728995654896306 × 10^278 |
| 144 | ov_144 | 3.844652777610249 × 10^278 |
| 143 | ov_143 | 4.901849855019772 × 10^278 |
| 142 | ov_142 | 6.169435759789071 × 10^278 |
| 141 | ov_141 | 7.673882217538966 × 10^278 |
| 140 | ov_140 | 9.443218231523065 × 10^278 |
| 139 | ov_139 | 1.1507069434604882 × 10^279 |
| 138 | ov_138 | 1.3896707802951655 × 10^279 |
| 137 | ov_137 | 1.6645113361230077 × 10^279 |
| 136 | ov_136 | 1.9787049615823072 × 10^279 |
| 135 | ov_135 | 2.3359154560421228 × 10^279 |
| 134 | ov_134 | 2.740004920770337 × 10^279 |
| 133 | ov_133 | 3.195046571223969 × 10^279 |
| 132 | ov_132 | 3.7053397263873095 × 10^279 |
| 131 | ov_131 | 4.2754272048428137 × 10^279 |
| 130 | ov_130 | 4.27543025431122 × 10^279 |
| 129 | ov_129 | 4.2754428653098676 × 10^279 |
| 128 | aaa_77_29 | 4.618751941317185 × 10^279 |
| 127 | aaa_77_28 | 1.2325190385760992 × 10^280 |
| 126 | ov_126 | 3.860873161587921 × 10^280 |
| 125 | ov_125 | 8.675300726060942 × 10^280 |
| 124 | ov_124 | 1.6523050709403829 × 10^281 |
| 123 | ov_123 | 2.8251381393235298 × 10^281 |
| 122 | ov_122 | 4.4707586560110174 × 10^281 |
| 121 | ov_121 | 6.673906371206183 × 10^281 |
| 120 | ov_120 | 9.519344775811748 × 10^281 |
| 119 | ov_119 | 1.3091882673999796 × 10^282 |
| 118 | ov_118 | 1.7476406154802243 × 10^282 |
| 117 | ov_117 | 2.275792719254821 × 10^282 |
| 116 | ov_116 | 2.9021659157714243 × 10^282 |
| 115 | ov_115 | 3.6353122868598865 × 10^282 |
| 114 | ov_114 | 4.4838278711199767 × 10^282 |
| 113 | ov_113 | 5.456368991124708 × 10^282 |
| 112 | ov_112 | 6.561673305205067 × 10^282 |
| 111 | ov_111 | 7.808586715732853 × 10^282 |
| 110 | ov_110 | 9.206096715993732 × 10^282 |
| 109 | ov_109 | 1.0763372758680717 × 10^283 |
| 108 | ov_108 | 1.2489814230524453 × 10^283 |
| 107 | ov_107 | 1.4395106619862608 × 10^283 |
| 106 | ov_106 | 1.6489286467369402 × 10^283 |
| 105 | ov_105 | 1.8782815695113076 × 10^283 |
| 104 | ov_104 | 2.128666591602544 × 10^283 |
| 103 | ov_103 | 2.401241333523721 × 10^283 |
| 102 | ov_102 | 2.697234486708028 × 10^283 |
| 101 | ov_101 | 3.01795761074521 × 10^283 |
| 100 | ov_100 | 3.3648181821267096 × 10^283 |
| 99 | ov_099 | 3.739333962955717 × 10^283 |
| 98 | ov_098 | 3.7393696840051614 × 10^283 |
| 97 | ov_097 | 3.7394815350505282 × 10^283 |
| 96 | aaa_78_29 | 5.6635721086100785 × 10^283 |
| 95 | aaa_78_28 | 1.8441568355289103 × 10^284 |
| 94 | ov_094 | 5.9721391990556895 × 10^284 |
| 93 | ov_093 | 1.3942277026922272 × 10^285 |
| 92 | ov_092 | 2.790267424110592 × 10^285 |
| 91 | ov_091 | 5.0591280956335026 × 10^285 |
| 90 | ov_090 | 8.807407053274642 × 10^285 |
| 89 | ov_089 | 1.4759771831996764 × 10^286 |
| 88 | ov_088 | 2.336726359539545 × 10^286 |
| 87 | ov_087 | 3.514030055378826 × 10^286 |
| 86 | ov_086 | 5.115941861739736 × 10^286 |
| 85 | ov_085 | 7.26250303631187 × 10^286 |
| 84 | ov_084 | 1.0085856955244603 × 10^287 |
| 83 | ov_083 | 1.373040478389194 × 10^287 |
| 82 | ov_082 | 1.8353009148334913 × 10^287 |
| 81 | ov_081 | 2.412325259257154 × 10^287 |
| 64 | lv_79_m31 | 2.9700618815460337 × 10^287 |
| 80 | ov_080 | 3.1223757611555692 × 10^287 |
| 79 | ov_079 | 3.9850575058946086 × 10^287 |
| 78 | ov_078 | 5.021364774221103 × 10^287 |
| 77 | ov_077 | 6.253735603877398 × 10^287 |
| 76 | ov_076 | 7.70611523974594 × 10^287 |
| 75 | ov_075 | 9.404029163210168 × 10^287 |
| 74 | ov_074 | 1.1374666397201294 × 10^288 |
| 73 | ov_073 | 1.3646973791119662 × 10^288 |
| 63 | ov_063 | 1.5250489732020826 × 10^288 |
| 72 | ov_072 | 1.6251761999960745 × 10^288 |
| 71 | ov_071 | 1.9221823885078282 × 10^288 |
| 70 | ov_070 | 2.2592066080665326 × 10^288 |
| 69 | ov_069 | 2.6399654490860618 × 10^288 |
| 68 | ov_068 | 3.0684174508071965 × 10^288 |
| 67 | ov_067 | 3.548780677437659 × 10^288 |
| 66 | ov_066 | 3.548783403185076 × 10^288 |
| 65 | ov_065 | 3.548794540358868 × 10^288 |
| 62 | ov_062 | 7.829051619344845 × 10^288 |
| 61 | ov_061 | 2.8555612900089096 × 10^289 |
| 60 | ov_060 | 8.179503333003585 × 10^289 |
| 59 | ov_059 | 1.9748852259181 × 10^290 |
| 58 | ov_058 | 4.010171333902675 × 10^290 |
| 57 | ov_057 | 7.24862425636679 × 10^290 |
| 56 | ov_056 | 1.2086067757506662 × 10^291 |
| 55 | ov_055 | 1.9385165920119132 × 10^291 |
| 54 | ov_054 | 2.968379369636655 × 10^291 |
| 53 | ov_053 | 4.359089471209559 × 10^291 |
| 52 | ov_052 | 6.178653986075233 × 10^291 |
| 51 | ov_051 | 8.570209503485287 × 10^291 |
| 50 | ov_050 | 1.169115315372082 × 10^292 |
| 49 | ov_049 | 1.5713182591011613 × 10^292 |
| 48 | ov_048 | 2.0822355199877396 × 10^292 |
| 47 | ov_047 | 2.721917121454137 × 10^292 |
| 32 | lv_80_m31 | 3.222216998291601 × 10^292 |
| 46 | ov_046 | 3.511868717580109 × 10^292 |
| 45 | ov_045 | 4.4750668400123977 × 10^292 |
| 44 | ov_044 | 5.63597905511241 × 10^292 |
| 43 | ov_043 | 7.020590137886724 × 10^292 |
| 42 | ov_042 | 8.656435468224931 × 10^292 |
| 41 | ov_041 | 1.057264295581148 × 10^293 |
| 40 | ov_040 | 1.2785016999884825 × 10^293 |
| 39 | ov_039 | 1.5310233213610386 × 10^293 |
| 31 | ov_031 | 1.6515777744613985 × 10^293 |
| 38 | ov_038 | 1.8165880101670304 × 10^293 |
| 37 | ov_037 | 2.1388097100234074 × 10^293 |
| 36 | ov_036 | 2.501500685061355 × 10^293 |
| 35 | ov_035 | 2.9086841740427537 × 10^293 |
| 34 | ov_034 | 3.3646091209476753 × 10^293 |
| 33 | ov_033 | 3.873767206777742 × 10^293 |
| 30 | ov_030 | 8.464258487808836 × 10^293 |
| 29 | ov_029 | 2.767978074726723 × 10^294 |
| 28 | ov_028 | 7.181853565436214 × 10^294 |
| 27 | ov_027 | 1.6047603261217295 × 10^295 |
| 26 | ov_026 | 3.404275850687386 × 10^295 |
| 25 | ov_025 | 6.736171863853888 × 10^295 |
| 24 | ov_024 | 1.2371579461891965 × 10^296 |
| 23 | ov_023 | 2.1233334462185462 × 10^296 |
| 22 | ov_022 | 3.4396011796773125 × 10^296 |
| 21 | ov_021 | 5.308599862365909 × 10^296 |
| 20 | ov_020 | 7.868162781022583 × 10^296 |
| 19 | ov_019 | 1.1271339610053445 × 10^297 |
| 18 | ov_018 | 1.568642997513066 × 10^297 |
| 17 | ov_017 | 2.1297033401913832 × 10^297 |
| 16 | ov_016 | 2.830212085638967 × 10^297 |
| 15 | ov_015 | 3.6916132860141275 × 10^297 |
| 14 | ov_014 | 4.736911001696204 × 10^297 |
| 13 | ov_013 | 5.990686446818035 × 10^297 |
| 12 | ov_012 | 7.479120368990587 × 10^297 |
| 11 | ov_011 | 9.230021979714283 × 10^297 |
| 10 | ov_010 | 1.1272865866656935 × 10^298 |
| 9 | ov_009 | 1.3638838434243878 × 10^298 |
| 8 | ov_008 | 1.6360895535073133 × 10^298 |
| 7 | ov_007 | 1.9473833071818178 × 10^298 |
| 6 | ov_006 | 2.3014372467868053 × 10^298 |
| 5 | ov_005 | 2.702126302541801 × 10^298 |
| 4 | ov_004 | 3.153540331259569 × 10^298 |
| 3 | ov_003 | 3.6599983697440313 × 10^298 |
| 2 | ov_002 | 4.226065181884283 × 10^298 |
| 1 | ov_001 | 4.856570243604249 × 10^298 |

