# Results for F001-F002-F003-F004-F005-F006-F007-F008-F009-F010-F011-F012-F013-F014-F015-F016-F017-F018-F019-F020-F021-F022-F023-F024-F025-F026-F027-F028-F029-F030-F031-F032-F033-F034-F035-F036-F037-F038-F039-F040-F041-F042-F043-F044-F045-F046-F047-F048-F049-F050-F051-F052-F053-F054-F055-F056-F057-F058-F059-F060-F061-F062-F063-F064-F065-F066-F067-F068-F069-F070-F071-F072-F073-F074-F075-F076-F077-F078-F079-F080-F081-F082-F083-F084-F085-F086-F087-F088-F089-F090-F091-F092-F093-F094-F095-F096-F097-F098-F099-F100-F101-F102-F103-F104-F105-F106-F107-F108-F109-F110-F111-F112-F113-F114-F115-F116-F117-F118-F119-F120-F121-F122-F123-F124-F125-F126-F127-F128-F129-F130-F131-F132-F133-F134-F135-F136-F137-F138-F139-F140-F141-F142-F143-F144-F145-F146-F147-F148-F149-F150-F151-F152-F153-F154-F155-F156-F157-F158-F159-F160-F161-F162-F163-F164-F165-F166-F167-F168-F169-F170-F171-F172-F173-F174-F175-F176-F177-F178-F179-F180-F181-F182-F183-F184-F185-F186-F187-F188-F189-F190-F191-F192-F193-F194-F195-F196-F197-F198-F199-F200-F201-F202-F203-F204-F205-F206-F207-F208-F209-F210-F211-F212-F213-F214-F215-F216-F217-F218-F219-F220-F221-F222-F223-F224-F225-F226-F227-F228-F229-F230-F231-F232-F233-F234-F235-F236-F237-F238-F239-F240-F241-F242-F243-F244-F245-F246-F247-F248-F249-F250-F251-F252-F253-F254-F255-F256-F257-F258-F259-F260-F261-F262-F263-F264-F265-F266-F267-F268-F269-F270-F271-F272-F273-F274-F275-F276-F277-F278-F279-F280-F281-F282-F283-F284-F285-F286-F287-F288-F289-F290-F291-F292-F293-F294-F295-F296-F297-F298-F299-F300-F301-F302-F303-F304-F305-F306-F307-F308-F309-F310-F311-F312-F313-F314-F315-F316-F317-F318-F319-F320-F321-F322-F323-F324-F325-F326-F327-F328-F329-F330-F331-F332-F333-F334-F335-F336-F337-F338-F339-F340-F341-F342-F343-F344-F345-F346-F347-F348-F349-F350-F351-F352-F353-F354-F355-F356-F357-F358-F359-F360-F361-F362-F363-F364-F365-F366-F367-F368-F369-F370-F371-F372-F373-F374-F375-F376-F377-F378-F379-F380-F381-F382-F383-F384-F385-F386-F387-F388-F389-F390-F391-F392-F393-F394-F395-F396-F397-F398-F399-F400-F401-F402-F403-F404-F405-F406-F407-F408-F409-F410-F411-F412-F413-F414-F415-F416-F417-F418-F419-F420-F421-F422-F423-F424-F425-F426-F427-F428-F429-F430-F431-F432-F433-F434-F435-F436-F437-F438-F439-F440-F441-F442-F443-F444-F445-F446-F447-F448-F449-F450-F451-F452-F453-F454-F455-F456-F457-F458-F459-F460-F461-F462-F463-F464-F465-F466-F467-F468-F469-F470-F471-F472-F473-F474-F475-F476-F477-F478-F479-F480-F481-F482-F483-F484-F485-F486-F487-F488-F489-F490-F491-F492-F493-F494-F495-F496-O500505-E504506-F510-F511-F512

## Summary

Number of input bits: 512  
Number of free input bits: 11  
Number of output bits: 160

Number of direct occurrences: 44722  
Number of assignments: 31363  
Number of operations: 10995402
(xor: 10967228,
and: 14769,
or: 13405)

Total complexity: 3.7861224409713915 × 10^299

Least occurring input variable: iv_502 (3806)  
Most occurring input variable: iv_500 (4265)

Most co-occurring input variables: iv_508-iv_509 (2067)  
Least co-occurring input variables: iv_499-iv_502 (1719)

Potentially most occurring input variable: iv_500/iv_508 (4532)  
Potentially least occurring input variable: iv_498/iv_499 (4179)

Least output occurring input variable: iv_502 (71)  
Most output occurring input variable: iv_497 (93)

Most output co-occurring input variables: iv_498-iv_503 (51)  
Least output co-occurring input variables: iv_502-iv_508 (30)

Potentially most output occurring input variable: iv_503/iv_509 (98)  
Potentially least output occurring input variable: iv_498/iv_503 (68)

Least complex input bit: iv_497 (1.0826186100115634 × 10^297)  
Most complex input bit: iv_504 (7.458616296491755 × 10^298)

Least complex output bit: aaa_76_29 (7.689046879402986 × 10^274)  
Most complex output bit: ov_001 (6.004826988004681 × 10^298)

Least complex input/output complexity: iv_497/aaa_76_29 (2.1986360384999264 × 10^272)  
Most complex input/output complexity: iv_504/ov_001 (1.1829437935148817 × 10^298)

## Input Bits

### Input Bits in Regular Order

| Input Bit | Complexity | Occurrences | Output Occurrences |
|:---------:|:----------:|:-----------:|:------------------:|
| iv_497 | 1.0826186100115634 × 10^297 | 4122 | 93 |
| iv_498 | 2.1565530455675752 × 10^297 | 3919 | 88 |
| iv_499 | 3.7927143464041154 × 10^297 | 3876 | 72 |
| iv_500 | 7.073904652428293 × 10^298 | 4265 | 82 |
| iv_501 | 1.049949401086935 × 10^298 | 4061 | 83 |
| iv_502 | 1.6966489610993725 × 10^298 | 3806 | 71 |
| iv_503 | 2.6958959909117716 × 10^298 | 4044 | 82 |
| iv_504 | 7.458616296491755 × 10^298 | 4117 | 76 |
| iv_507 | 4.6749560659622106 × 10^298 | 4160 | 76 |
| iv_508 | 6.208281564655927 × 10^298 | 4163 | 73 |
| iv_509 | 6.299782876879317 × 10^298 | 4189 | 78 |

### Input Bits Sorted by Complexity

| Input Bit | Complexity | Occurrences | Output Occurrences |
|:---------:|:----------:|:-----------:|:------------------:|
| iv_497 | 1.0826186100115634 × 10^297 | 4122 | 93 |
| iv_498 | 2.1565530455675752 × 10^297 | 3919 | 88 |
| iv_499 | 3.7927143464041154 × 10^297 | 3876 | 72 |
| iv_501 | 1.049949401086935 × 10^298 | 4061 | 83 |
| iv_502 | 1.6966489610993725 × 10^298 | 3806 | 71 |
| iv_503 | 2.6958959909117716 × 10^298 | 4044 | 82 |
| iv_507 | 4.6749560659622106 × 10^298 | 4160 | 76 |
| iv_508 | 6.208281564655927 × 10^298 | 4163 | 73 |
| iv_509 | 6.299782876879317 × 10^298 | 4189 | 78 |
| iv_500 | 7.073904652428293 × 10^298 | 4265 | 82 |
| iv_504 | 7.458616296491755 × 10^298 | 4117 | 76 |

### Input Bits Sorted by Occurrences

| Input Bit | Complexity | Occurrences | Output Occurrences |
|:---------:|:----------:|:-----------:|:------------------:|
| iv_502 | 1.6966489610993725 × 10^298 | 3806 | 71 |
| iv_499 | 3.7927143464041154 × 10^297 | 3876 | 72 |
| iv_498 | 2.1565530455675752 × 10^297 | 3919 | 88 |
| iv_503 | 2.6958959909117716 × 10^298 | 4044 | 82 |
| iv_501 | 1.049949401086935 × 10^298 | 4061 | 83 |
| iv_504 | 7.458616296491755 × 10^298 | 4117 | 76 |
| iv_497 | 1.0826186100115634 × 10^297 | 4122 | 93 |
| iv_507 | 4.6749560659622106 × 10^298 | 4160 | 76 |
| iv_508 | 6.208281564655927 × 10^298 | 4163 | 73 |
| iv_509 | 6.299782876879317 × 10^298 | 4189 | 78 |
| iv_500 | 7.073904652428293 × 10^298 | 4265 | 82 |

### Input Bits Sorted by Output Occurrences

| Input Bit | Complexity | Occurrences | Output Occurrences |
|:---------:|:----------:|:-----------:|:------------------:|
| iv_502 | 1.6966489610993725 × 10^298 | 3806 | 71 |
| iv_499 | 3.7927143464041154 × 10^297 | 3876 | 72 |
| iv_508 | 6.208281564655927 × 10^298 | 4163 | 73 |
| iv_504 | 7.458616296491755 × 10^298 | 4117 | 76 |
| iv_507 | 4.6749560659622106 × 10^298 | 4160 | 76 |
| iv_509 | 6.299782876879317 × 10^298 | 4189 | 78 |
| iv_503 | 2.6958959909117716 × 10^298 | 4044 | 82 |
| iv_500 | 7.073904652428293 × 10^298 | 4265 | 82 |
| iv_501 | 1.049949401086935 × 10^298 | 4061 | 83 |
| iv_498 | 2.1565530455675752 × 10^297 | 3919 | 88 |
| iv_497 | 1.0826186100115634 × 10^297 | 4122 | 93 |

## Input Bit Co-occurrences

### Input Bit Co-occurrences Sorted by Co-occurrences

| Input Bits | Co-occurrences | Potential Occurrences | Output Co-occurrences | Potential Output Occurrences |
|:----------:|:--------------:|:---------------------:|:---------------------:|:----------------------------:|
| iv_508-iv_509 | 2067 | 4218 | 35 | 81 |
| iv_497-iv_507 | 2034 | 4214 | 44 | 81 |
| iv_507-iv_509 | 2030 | 4289 | 38 | 78 |
| iv_500-iv_507 | 2026 | 4373 | 34 | 90 |
| iv_497-iv_500 | 2025 | 4337 | 45 | 85 |
| iv_504-iv_509 | 2015 | 4276 | 37 | 80 |
| iv_500-iv_501 | 2009 | 4308 | 42 | 81 |
| iv_501-iv_509 | 1997 | 4256 | 38 | 85 |
| iv_497-iv_509 | 1995 | 4321 | 42 | 87 |
| iv_497-iv_501 | 1993 | 4197 | 48 | 80 |
| iv_500-iv_509 | 1987 | 4480 | 37 | 86 |

### Input Bit Co-occurrences Sorted by Potential Occurrences

| Input Bits | Co-occurrences | Potential Occurrences | Output Co-occurrences | Potential Output Occurrences |
|:----------:|:--------------:|:---------------------:|:---------------------:|:----------------------------:|
| iv_498-iv_499 | 1808 | 4179 | 44 | 72 |
| iv_501-iv_503 | 1963 | 4179 | 48 | 69 |
| iv_499-iv_508 | 1923 | 4193 | 36 | 73 |
| iv_499-iv_501 | 1870 | 4197 | 33 | 89 |
| iv_497-iv_501 | 1993 | 4197 | 48 | 80 |
| iv_497-iv_507 | 2034 | 4214 | 44 | 81 |
| iv_508-iv_509 | 2067 | 4218 | 35 | 81 |
| iv_497-iv_502 | 1854 | 4220 | 40 | 84 |
| iv_502-iv_507 | 1870 | 4226 | 36 | 75 |
| iv_497-iv_503 | 1968 | 4230 | 44 | 87 |
| iv_499-iv_507 | 1903 | 4230 | 38 | 72 |

### Input Bit Output Co-occurrences Sorted by Output Co-occurrences

| Input Bits | Co-occurrences | Potential Occurrences | Output Co-occurrences | Potential Output Occurrences |
|:----------:|:--------------:|:---------------------:|:---------------------:|:----------------------------:|
| iv_498-iv_503 | 1860 | 4243 | 51 | 68 |
| iv_497-iv_498 | 1883 | 4275 | 50 | 81 |
| iv_498-iv_501 | 1859 | 4262 | 48 | 75 |
| iv_501-iv_503 | 1963 | 4179 | 48 | 69 |
| iv_497-iv_501 | 1993 | 4197 | 48 | 80 |
| iv_497-iv_500 | 2025 | 4337 | 45 | 85 |
| iv_498-iv_500 | 1935 | 4314 | 45 | 80 |
| iv_498-iv_509 | 1864 | 4380 | 44 | 78 |
| iv_497-iv_503 | 1968 | 4230 | 44 | 87 |
| iv_497-iv_507 | 2034 | 4214 | 44 | 81 |
| iv_498-iv_499 | 1808 | 4179 | 44 | 72 |

### Input Bit Output Co-occurrences Sorted by Potential Output Occurrences

| Input Bits | Co-occurrences | Potential Occurrences | Output Co-occurrences | Potential Output Occurrences |
|:----------:|:--------------:|:---------------------:|:---------------------:|:----------------------------:|
| iv_498-iv_503 | 1860 | 4243 | 51 | 68 |
| iv_501-iv_503 | 1963 | 4179 | 48 | 69 |
| iv_499-iv_500 | 1943 | 4255 | 41 | 72 |
| iv_499-iv_507 | 1903 | 4230 | 38 | 72 |
| iv_498-iv_499 | 1808 | 4179 | 44 | 72 |
| iv_499-iv_508 | 1923 | 4193 | 36 | 73 |
| iv_507-iv_508 | 1957 | 4409 | 38 | 73 |
| iv_503-iv_507 | 1928 | 4348 | 42 | 74 |
| iv_504-iv_508 | 1975 | 4330 | 37 | 75 |
| iv_498-iv_501 | 1859 | 4262 | 48 | 75 |
| iv_502-iv_507 | 1870 | 4226 | 36 | 75 |

## Output Bits

### Output Bits in Regular Order

| Rank | Output Bit | Complexity |
|:----:|:----------:|:----------:|
| 1 | ov_001 | 6.004826988004681 × 10^298 |
| 2 | ov_002 | 5.214532320198661 × 10^298 |
| 3 | ov_003 | 4.505920617930244 × 10^298 |
| 4 | ov_004 | 3.8728342423867285 × 10^298 |
| 5 | ov_005 | 3.309451187684519 × 10^298 |
| 6 | ov_006 | 2.8102613043322975 × 10^298 |
| 7 | ov_007 | 2.3700456112282826 × 10^298 |
| 8 | ov_008 | 1.9838584468486884 × 10^298 |
| 9 | ov_009 | 1.6470122263461696 × 10^298 |
| 10 | ov_010 | 1.355064550935123 × 10^298 |
| 11 | ov_011 | 1.1038074130684958 × 10^298 |
| 12 | ov_012 | 8.892582555981228 × 10^297 |
| 13 | ov_013 | 7.076526575111991 × 10^297 |
| 14 | ov_014 | 5.554384330142767 × 10^297 |
| 15 | ov_015 | 4.2927094474710233 × 10^297 |
| 16 | ov_016 | 3.260094457956058 × 10^297 |
| 17 | ov_017 | 2.4271427897116255 × 10^297 |
| 18 | ov_018 | 1.7664477555849583 × 10^297 |
| 19 | ov_019 | 1.2525770942677853 × 10^297 |
| 20 | ov_020 | 8.62061760616112 × 10^296 |
| 21 | ov_021 | 5.733878531564987 × 10^296 |
| 22 | ov_022 | 3.6699086244768714 × 10^296 |
| 23 | ov_023 | 2.252516940493097 × 10^296 |
| 24 | ov_024 | 1.3249405243508977 × 10^296 |
| 25 | ov_025 | 7.498284028354993 × 10^295 |
| 26 | ov_026 | 4.092328168625558 × 10^295 |
| 27 | ov_027 | 2.0460509649802168 × 10^295 |
| 28 | ov_028 | 9.152037617068579 × 10^294 |
| 29 | ov_029 | 3.525231439088013 × 10^294 |
| 30 | ov_030 | 1.0772985025690136 × 10^294 |
| 31 | ov_031 | 2.1003665699112086 × 10^293 |
| 32 | lv_80_m31 | 4.0941988660128483 × 10^292 |
| 33 | ov_033 | 4.908392607011908 × 10^293 |
| 34 | ov_034 | 4.255903779266858 × 10^293 |
| 35 | ov_035 | 3.671962761416973 × 10^293 |
| 36 | ov_036 | 3.1511921098745565 × 10^293 |
| 37 | ov_037 | 2.6885050864954004 × 10^293 |
| 38 | ov_038 | 2.2790851998617773 × 10^293 |
| 39 | ov_039 | 1.9183685033959323 × 10^293 |
| 40 | ov_040 | 1.6020283832382486 × 10^293 |
| 41 | ov_041 | 1.3259625851171601 × 10^293 |
| 42 | ov_042 | 1.0862822448845286 × 10^293 |
| 43 | ov_043 | 8.810950249243596 × 10^292 |
| 44 | ov_044 | 7.069128585296 × 10^292 |
| 45 | ov_045 | 5.60438046156744 × 10^292 |
| 46 | ov_046 | 4.3855823214634543 × 10^292 |
| 47 | ov_047 | 3.3834241726004176 × 10^292 |
| 48 | ov_048 | 2.570378518120206 × 10^292 |
| 49 | ov_049 | 1.9206766615601156 × 10^292 |
| 50 | ov_050 | 1.4102910705044971 × 10^292 |
| 51 | ov_051 | 1.0169226001334568 × 10^292 |
| 52 | ov_052 | 7.19991492370379 × 10^291 |
| 53 | ov_053 | 5.006311799740387 × 10^291 |
| 54 | ov_054 | 3.4168407746029835 × 10^291 |
| 55 | ov_055 | 2.2769876493577662 × 10^291 |
| 56 | ov_056 | 1.449281738484589 × 10^291 |
| 57 | ov_057 | 8.692468371012945 × 10^290 |
| 58 | ov_058 | 4.809209715587225 × 10^290 |
| 59 | ov_059 | 2.3685425133605483 × 10^290 |
| 60 | ov_060 | 9.810787224657133 × 10^289 |
| 61 | ov_061 | 3.4253748932349505 × 10^289 |
| 62 | ov_062 | 9.392176077422171 × 10^288 |
| 63 | ov_063 | 1.829719297421603 × 10^288 |
| 64 | lv_79_m31 | 3.563773436547145 × 10^287 |
| 65 | ov_065 | 4.251557838985601 × 10^288 |
| 66 | ov_066 | 4.251544606003587 × 10^288 |
| 67 | ov_067 | 4.2515413672979554 × 10^288 |
| 68 | ov_068 | 3.676162378086825 × 10^288 |
| 69 | ov_069 | 3.1627496488140575 × 10^288 |
| 70 | ov_070 | 2.7062904560914588 × 10^288 |
| 71 | ov_071 | 2.3020805345214123 × 10^288 |
| 72 | ov_072 | 1.945703190438028 × 10^288 |
| 73 | ov_073 | 1.6330102614505148 × 10^288 |
| 74 | ov_074 | 1.3601048242112805 × 10^288 |
| 75 | ov_075 | 1.1233255565962465 × 10^288 |
| 76 | ov_076 | 9.192326635705377 × 10^287 |
| 77 | ov_077 | 7.445952785054468 × 10^287 |
| 78 | ov_078 | 5.9638025369971874 × 10^287 |
| 79 | ov_079 | 4.71742255414969 × 10^287 |
| 80 | ov_080 | 3.6801507992874 × 10^287 |
| 81 | ov_081 | 2.8270410800334572 × 10^287 |
| 82 | ov_082 | 2.134798158227571 × 10^287 |
| 83 | ov_083 | 1.5817226091627376 × 10^287 |
| 84 | ov_084 | 1.1476646191355658 × 10^287 |
| 85 | ov_085 | 8.139859119984499 × 10^286 |
| 86 | ov_086 | 5.635289969210952 × 10^286 |
| 87 | ov_087 | 3.8059293056790455 × 10^286 |
| 88 | ov_088 | 2.509147875225463 × 10^286 |
| 89 | ov_089 | 1.6165603315516863 × 10^286 |
| 90 | ov_090 | 1.0139299332121798 × 10^286 |
| 91 | ov_091 | 6.011061537356506 × 10^285 |
| 92 | ov_092 | 3.315292902505132 × 10^285 |
| 93 | ov_093 | 1.6565727001487933 × 10^285 |
| 94 | ov_094 | 7.095901298447222 × 10^284 |
| 95 | aaa_78_28 | 2.1911718324011635 × 10^284 |
| 96 | aaa_78_29 | 6.729316512405754 × 10^283 |
| 97 | ov_097 | 4.444398104776943 × 10^283 |
| 98 | ov_098 | 4.444264104891506 × 10^283 |
| 99 | ov_099 | 4.444221230802011 × 10^283 |
| 100 | ov_100 | 3.999238223118629 × 10^283 |
| 101 | ov_101 | 3.587119393604355 × 10^283 |
| 102 | ov_102 | 3.206055227811872 × 10^283 |
| 103 | ov_103 | 2.854368717333491 × 10^283 |
| 104 | ov_104 | 2.5304981538078007 × 10^283 |
| 105 | ov_105 | 2.232981488611912 × 10^283 |
| 106 | ov_106 | 1.960442177481021 × 10^283 |
| 107 | ov_107 | 1.711576432190663 × 10^283 |
| 108 | ov_108 | 1.4851418037577978 × 10^283 |
| 109 | ov_109 | 1.2799470234451105 × 10^283 |
| 110 | ov_110 | 1.0948430292595645 × 10^283 |
| 111 | ov_111 | 9.287151066893537 × 10^282 |
| 112 | ov_112 | 7.80476073186062 × 10^282 |
| 113 | ov_113 | 6.490604364290467 × 10^282 |
| 114 | ov_114 | 5.334194567598028 × 10^282 |
| 115 | ov_115 | 4.325170443933179 × 10^282 |
| 116 | ov_116 | 3.453264221436861 × 10^282 |
| 117 | ov_117 | 2.7082748447756556 × 10^282 |
| 118 | ov_118 | 2.080047837558382 × 10^282 |
| 119 | ov_119 | 1.5584607455427306 × 10^282 |
| 120 | ov_120 | 1.1334129880277724 × 10^282 |
| 121 | ov_121 | 7.94818549572676 × 10^281 |
| 122 | ov_122 | 5.3260059862471685 × 10^281 |
| 123 | ov_123 | 3.366876877114678 × 10^281 |
| 124 | ov_124 | 1.9701118986188257 × 10^281 |
| 125 | ov_125 | 1.0350371016444678 × 10^281 |
| 126 | ov_126 | 4.609827534872001 × 10^280 |
| 127 | aaa_77_28 | 1.4728022633231333 × 10^280 |
| 128 | aaa_77_29 | 5.526149909134566 × 10^279 |
| 129 | ov_129 | 5.1014146097711224 × 10^279 |
| 130 | ov_130 | 5.101399635376221 × 10^279 |
| 131 | ov_131 | 5.101396015233579 × 10^279 |
| 132 | ov_132 | 4.427507484935002 × 10^279 |
| 133 | ov_133 | 3.822693516399171 × 10^279 |
| 134 | ov_134 | 3.281574299591431 × 10^279 |
| 135 | ov_135 | 2.7990572352217186 × 10^279 |
| 136 | ov_136 | 2.3703163402344225 × 10^279 |
| 137 | ov_137 | 1.9930028914284268 × 10^279 |
| 138 | ov_138 | 1.662773584799208 × 10^279 |
| 139 | ov_139 | 1.3755061207309673 × 10^279 |
| 140 | ov_140 | 1.1272885201620309 × 10^279 |
| 141 | ov_141 | 9.144102993950994 × 10^278 |
| 142 | ov_142 | 7.333552824012067 × 10^278 |
| 143 | ov_143 | 5.807958423360237 × 10^278 |
| 144 | ov_144 | 4.535883767424712 × 10^278 |
| 145 | ov_145 | 3.487698335928526 × 10^278 |
| 146 | ov_146 | 2.6355511795443686 × 10^278 |
| 147 | ov_147 | 1.9533522166267987 × 10^278 |
| 148 | ov_148 | 1.4167593096682542 × 10^278 |
| 149 | ov_149 | 1.0031697967951426 × 10^278 |
| 150 | ov_150 | 6.917152791903389 × 10^277 |
| 151 | ov_151 | 4.632585908273921 × 10^277 |
| 152 | ov_152 | 3.00392045935034 × 10^277 |
| 153 | ov_153 | 1.8743634368811554 × 10^277 |
| 154 | ov_154 | 1.104398338262127 × 10^277 |
| 155 | ov_155 | 5.717803489319116 × 10^276 |
| 156 | aaa_76_25 | 2.1970459921523404 × 10^276 |
| 157 | aaa_76_26 | 1.2687106110398126 × 10^276 |
| 158 | aaa_76_27 | 6.494196546857992 × 10^275 |
| 159 | aaa_76_28 | 2.528418746858742 × 10^275 |
| 160 | aaa_76_29 | 7.689046879402986 × 10^274 |

### Output Bits Sorted by Complexity

| Rank | Output Bit | Complexity |
|:----:|:----------:|:----------:|
| 160 | aaa_76_29 | 7.689046879402986 × 10^274 |
| 159 | aaa_76_28 | 2.528418746858742 × 10^275 |
| 158 | aaa_76_27 | 6.494196546857992 × 10^275 |
| 157 | aaa_76_26 | 1.2687106110398126 × 10^276 |
| 156 | aaa_76_25 | 2.1970459921523404 × 10^276 |
| 155 | ov_155 | 5.717803489319116 × 10^276 |
| 154 | ov_154 | 1.104398338262127 × 10^277 |
| 153 | ov_153 | 1.8743634368811554 × 10^277 |
| 152 | ov_152 | 3.00392045935034 × 10^277 |
| 151 | ov_151 | 4.632585908273921 × 10^277 |
| 150 | ov_150 | 6.917152791903389 × 10^277 |
| 149 | ov_149 | 1.0031697967951426 × 10^278 |
| 148 | ov_148 | 1.4167593096682542 × 10^278 |
| 147 | ov_147 | 1.9533522166267987 × 10^278 |
| 146 | ov_146 | 2.6355511795443686 × 10^278 |
| 145 | ov_145 | 3.487698335928526 × 10^278 |
| 144 | ov_144 | 4.535883767424712 × 10^278 |
| 143 | ov_143 | 5.807958423360237 × 10^278 |
| 142 | ov_142 | 7.333552824012067 × 10^278 |
| 141 | ov_141 | 9.144102993950994 × 10^278 |
| 140 | ov_140 | 1.1272885201620309 × 10^279 |
| 139 | ov_139 | 1.3755061207309673 × 10^279 |
| 138 | ov_138 | 1.662773584799208 × 10^279 |
| 137 | ov_137 | 1.9930028914284268 × 10^279 |
| 136 | ov_136 | 2.3703163402344225 × 10^279 |
| 135 | ov_135 | 2.7990572352217186 × 10^279 |
| 134 | ov_134 | 3.281574299591431 × 10^279 |
| 133 | ov_133 | 3.822693516399171 × 10^279 |
| 132 | ov_132 | 4.427507484935002 × 10^279 |
| 131 | ov_131 | 5.101396015233579 × 10^279 |
| 130 | ov_130 | 5.101399635376221 × 10^279 |
| 129 | ov_129 | 5.1014146097711224 × 10^279 |
| 128 | aaa_77_29 | 5.526149909134566 × 10^279 |
| 127 | aaa_77_28 | 1.4728022633231333 × 10^280 |
| 126 | ov_126 | 4.609827534872001 × 10^280 |
| 125 | ov_125 | 1.0350371016444678 × 10^281 |
| 124 | ov_124 | 1.9701118986188257 × 10^281 |
| 123 | ov_123 | 3.366876877114678 × 10^281 |
| 122 | ov_122 | 5.3260059862471685 × 10^281 |
| 121 | ov_121 | 7.94818549572676 × 10^281 |
| 120 | ov_120 | 1.1334129880277724 × 10^282 |
| 119 | ov_119 | 1.5584607455427306 × 10^282 |
| 118 | ov_118 | 2.080047837558382 × 10^282 |
| 117 | ov_117 | 2.7082748447756556 × 10^282 |
| 116 | ov_116 | 3.453264221436861 × 10^282 |
| 115 | ov_115 | 4.325170443933179 × 10^282 |
| 114 | ov_114 | 5.334194567598028 × 10^282 |
| 113 | ov_113 | 6.490604364290467 × 10^282 |
| 112 | ov_112 | 7.80476073186062 × 10^282 |
| 111 | ov_111 | 9.287151066893537 × 10^282 |
| 110 | ov_110 | 1.0948430292595645 × 10^283 |
| 109 | ov_109 | 1.2799470234451105 × 10^283 |
| 108 | ov_108 | 1.4851418037577978 × 10^283 |
| 107 | ov_107 | 1.711576432190663 × 10^283 |
| 106 | ov_106 | 1.960442177481021 × 10^283 |
| 105 | ov_105 | 2.232981488611912 × 10^283 |
| 104 | ov_104 | 2.5304981538078007 × 10^283 |
| 103 | ov_103 | 2.854368717333491 × 10^283 |
| 102 | ov_102 | 3.206055227811872 × 10^283 |
| 101 | ov_101 | 3.587119393604355 × 10^283 |
| 100 | ov_100 | 3.999238223118629 × 10^283 |
| 99 | ov_099 | 4.444221230802011 × 10^283 |
| 98 | ov_098 | 4.444264104891506 × 10^283 |
| 97 | ov_097 | 4.444398104776943 × 10^283 |
| 96 | aaa_78_29 | 6.729316512405754 × 10^283 |
| 95 | aaa_78_28 | 2.1911718324011635 × 10^284 |
| 94 | ov_094 | 7.095901298447222 × 10^284 |
| 93 | ov_093 | 1.6565727001487933 × 10^285 |
| 92 | ov_092 | 3.315292902505132 × 10^285 |
| 91 | ov_091 | 6.011061537356506 × 10^285 |
| 90 | ov_090 | 1.0139299332121798 × 10^286 |
| 89 | ov_089 | 1.6165603315516863 × 10^286 |
| 88 | ov_088 | 2.509147875225463 × 10^286 |
| 87 | ov_087 | 3.8059293056790455 × 10^286 |
| 86 | ov_086 | 5.635289969210952 × 10^286 |
| 85 | ov_085 | 8.139859119984499 × 10^286 |
| 84 | ov_084 | 1.1476646191355658 × 10^287 |
| 83 | ov_083 | 1.5817226091627376 × 10^287 |
| 82 | ov_082 | 2.134798158227571 × 10^287 |
| 81 | ov_081 | 2.8270410800334572 × 10^287 |
| 64 | lv_79_m31 | 3.563773436547145 × 10^287 |
| 80 | ov_080 | 3.6801507992874 × 10^287 |
| 79 | ov_079 | 4.71742255414969 × 10^287 |
| 78 | ov_078 | 5.9638025369971874 × 10^287 |
| 77 | ov_077 | 7.445952785054468 × 10^287 |
| 76 | ov_076 | 9.192326635705377 × 10^287 |
| 75 | ov_075 | 1.1233255565962465 × 10^288 |
| 74 | ov_074 | 1.3601048242112805 × 10^288 |
| 73 | ov_073 | 1.6330102614505148 × 10^288 |
| 63 | ov_063 | 1.829719297421603 × 10^288 |
| 72 | ov_072 | 1.945703190438028 × 10^288 |
| 71 | ov_071 | 2.3020805345214123 × 10^288 |
| 70 | ov_070 | 2.7062904560914588 × 10^288 |
| 69 | ov_069 | 3.1627496488140575 × 10^288 |
| 68 | ov_068 | 3.676162378086825 × 10^288 |
| 67 | ov_067 | 4.2515413672979554 × 10^288 |
| 66 | ov_066 | 4.251544606003587 × 10^288 |
| 65 | ov_065 | 4.251557838985601 × 10^288 |
| 62 | ov_062 | 9.392176077422171 × 10^288 |
| 61 | ov_061 | 3.4253748932349505 × 10^289 |
| 60 | ov_060 | 9.810787224657133 × 10^289 |
| 59 | ov_059 | 2.3685425133605483 × 10^290 |
| 58 | ov_058 | 4.809209715587225 × 10^290 |
| 57 | ov_057 | 8.692468371012945 × 10^290 |
| 56 | ov_056 | 1.449281738484589 × 10^291 |
| 55 | ov_055 | 2.2769876493577662 × 10^291 |
| 54 | ov_054 | 3.4168407746029835 × 10^291 |
| 53 | ov_053 | 5.006311799740387 × 10^291 |
| 52 | ov_052 | 7.19991492370379 × 10^291 |
| 51 | ov_051 | 1.0169226001334568 × 10^292 |
| 50 | ov_050 | 1.4102910705044971 × 10^292 |
| 49 | ov_049 | 1.9206766615601156 × 10^292 |
| 48 | ov_048 | 2.570378518120206 × 10^292 |
| 47 | ov_047 | 3.3834241726004176 × 10^292 |
| 32 | lv_80_m31 | 4.0941988660128483 × 10^292 |
| 46 | ov_046 | 4.3855823214634543 × 10^292 |
| 45 | ov_045 | 5.60438046156744 × 10^292 |
| 44 | ov_044 | 7.069128585296 × 10^292 |
| 43 | ov_043 | 8.810950249243596 × 10^292 |
| 42 | ov_042 | 1.0862822448845286 × 10^293 |
| 41 | ov_041 | 1.3259625851171601 × 10^293 |
| 40 | ov_040 | 1.6020283832382486 × 10^293 |
| 39 | ov_039 | 1.9183685033959323 × 10^293 |
| 31 | ov_031 | 2.1003665699112086 × 10^293 |
| 38 | ov_038 | 2.2790851998617773 × 10^293 |
| 37 | ov_037 | 2.6885050864954004 × 10^293 |
| 36 | ov_036 | 3.1511921098745565 × 10^293 |
| 35 | ov_035 | 3.671962761416973 × 10^293 |
| 34 | ov_034 | 4.255903779266858 × 10^293 |
| 33 | ov_033 | 4.908392607011908 × 10^293 |
| 30 | ov_030 | 1.0772985025690136 × 10^294 |
| 29 | ov_029 | 3.525231439088013 × 10^294 |
| 28 | ov_028 | 9.152037617068579 × 10^294 |
| 27 | ov_027 | 2.0460509649802168 × 10^295 |
| 26 | ov_026 | 4.092328168625558 × 10^295 |
| 25 | ov_025 | 7.498284028354993 × 10^295 |
| 24 | ov_024 | 1.3249405243508977 × 10^296 |
| 23 | ov_023 | 2.252516940493097 × 10^296 |
| 22 | ov_022 | 3.6699086244768714 × 10^296 |
| 21 | ov_021 | 5.733878531564987 × 10^296 |
| 20 | ov_020 | 8.62061760616112 × 10^296 |
| 19 | ov_019 | 1.2525770942677853 × 10^297 |
| 18 | ov_018 | 1.7664477555849583 × 10^297 |
| 17 | ov_017 | 2.4271427897116255 × 10^297 |
| 16 | ov_016 | 3.260094457956058 × 10^297 |
| 15 | ov_015 | 4.2927094474710233 × 10^297 |
| 14 | ov_014 | 5.554384330142767 × 10^297 |
| 13 | ov_013 | 7.076526575111991 × 10^297 |
| 12 | ov_012 | 8.892582555981228 × 10^297 |
| 11 | ov_011 | 1.1038074130684958 × 10^298 |
| 10 | ov_010 | 1.355064550935123 × 10^298 |
| 9 | ov_009 | 1.6470122263461696 × 10^298 |
| 8 | ov_008 | 1.9838584468486884 × 10^298 |
| 7 | ov_007 | 2.3700456112282826 × 10^298 |
| 6 | ov_006 | 2.8102613043322975 × 10^298 |
| 5 | ov_005 | 3.309451187684519 × 10^298 |
| 4 | ov_004 | 3.8728342423867285 × 10^298 |
| 3 | ov_003 | 4.505920617930244 × 10^298 |
| 2 | ov_002 | 5.214532320198661 × 10^298 |
| 1 | ov_001 | 6.004826988004681 × 10^298 |

