# Results for F001-F002-F003-F004-F005-F006-F007-F008-F009-F010-F011-F012-F013-F014-F015-F016-F017-F018-F019-F020-F021-F022-F023-F024-F025-F026-F027-F028-F029-F030-F031-F032-F033-F034-F035-F036-F037-F038-F039-F040-F041-F042-F043-F044-F045-F046-F047-F048-F049-F050-F051-F052-F053-F054-F055-F056-F057-F058-F059-F060-F061-F062-F063-F064-F065-F066-F067-F068-F069-F070-F071-F072-F073-F074-F075-F076-F077-F078-F079-F080-F081-F082-F083-F084-F085-F086-F087-F088-F089-F090-F091-F092-F093-F094-F095-F096-F097-F098-F099-F100-F101-F102-F103-F104-F105-F106-F107-F108-F109-F110-F111-F112-F113-F114-F115-F116-F117-F118-F119-F120-F121-F122-F123-F124-F125-F126-F127-F128-F129-F130-F131-F132-F133-F134-F135-F136-F137-F138-F139-F140-F141-F142-F143-F144-F145-F146-F147-F148-F149-F150-F151-F152-F153-F154-F155-F156-F157-F158-F159-F160-F161-F162-F163-F164-F165-F166-F167-F168-F169-F170-F171-F172-F173-F174-F175-F176-F177-F178-F179-F180-F181-F182-F183-F184-F185-F186-F187-F188-F189-F190-F191-F192-F193-F194-F195-F196-F197-F198-F199-F200-F201-F202-F203-F204-F205-F206-F207-F208-F209-F210-F211-F212-F213-F214-F215-F216-F217-F218-F219-F220-F221-F222-F223-F224-F225-F226-F227-F228-F229-F230-F231-F232-F233-F234-F235-F236-F237-F238-F239-F240-F241-F242-F243-F244-F245-F246-F247-F248-F249-F250-F251-F252-F253-F254-F255-F256-F257-F258-F259-F260-F261-F262-F263-F264-F265-F266-F267-F268-F269-F270-F271-F272-F273-F274-F275-F276-F277-F278-F279-F280-F281-F282-F283-F284-F285-F286-F287-F288-F289-F290-F291-F292-F293-F294-F295-F296-F297-F298-F299-F300-F301-F302-F303-F304-F305-F306-F307-F308-F309-F310-F311-F312-F313-F314-F315-F316-F317-F318-F319-F320-F321-F322-F323-F324-F325-F326-F327-F328-F329-F330-F331-F332-F333-F334-F335-F336-F337-F338-F339-F340-F341-F342-F343-F344-F345-F346-F347-F348-F349-F350-F351-F352-F353-F354-F355-F356-F357-F358-F359-F360-F361-F362-F363-F364-F365-F366-F367-F368-F369-F370-F371-F372-F373-F374-F375-F376-F377-F378-F379-F380-F381-F382-F383-F384-F385-F386-F387-F388-F389-F390-F391-F392-F393-F394-F395-F396-F397-F398-F399-F400-F401-F402-F403-F404-F405-F406-F407-F408-F409-F410-F411-F412-F413-F414-F415-F416-F417-F418-F419-F420-F421-F422-F423-F424-F425-F426-F427-F428-F429-F430-F431-F432-F433-F434-F435-F436-F437-F438-F439-F440-F441-F442-F443-F444-F445-F446-F447-F448-F449-F450-F451-F452-F453-F454-F455-F456-F457-F458-F459-F460-F461-F462-F463-F464-F465-F466-F467-F468-F469-F470-F471-F472-F473-F474-F475-F476-F477-F478-F479-F480-F481-F482-F483-F484-F485-F486-F487-F488-F489-F490-F491-F492-F493-F494-F495-F496-F507-F509-F510-F511-F512

## Summary

Number of input bits: 512  
Number of free input bits: 11  
Number of output bits: 160

Number of direct occurrences: 44166  
Number of assignments: 30921  
Number of operations: 10789829
(xor: 10761866,
and: 14767,
or: 13196)

Total complexity: 6.862035444025421 × 10^296

Least occurring input variable: iv_502 (3835)  
Most occurring input variable: iv_508 (4216)

Most co-occurring input variables: iv_506-iv_508 (2029)  
Least co-occurring input variables: iv_498-iv_502 (1738)

Potentially most occurring input variable: iv_503/iv_508 (4456)  
Potentially least occurring input variable: iv_504/iv_505 (4058)

Least output occurring input variable: iv_503 (75)  
Most output occurring input variable: iv_506 (97)

Most output co-occurring input variables: iv_497-iv_506 (56)  
Least output co-occurring input variables: iv_499-iv_503 (34)

Potentially most output occurring input variable: iv_497/iv_500 (91)  
Potentially least output occurring input variable: iv_501/iv_505 (66)

Least complex input bit: iv_508 (1.5558391871848088 × 10^294)  
Most complex input bit: iv_505 (2.1551139161102774 × 10^296)

Least complex output bit: aaa_76_29 (1.6046662138918323 × 10^272)  
Most complex output bit: ov_001 (1.0976280737186064 × 10^296)

Least complex input/output complexity: iv_508/aaa_76_29 (3.6382828364696257 × 10^269)  
Most complex input/output complexity: iv_505/ov_001 (3.447247621613305 × 10^295)

## Input Bits

### Input Bits in Regular Order

| Input Bit | Complexity | Occurrences | Output Occurrences |
|:---------:|:----------:|:-----------:|:------------------:|
| iv_497 | 4.333654617703225 × 10^294 | 4096 | 93 |
| iv_498 | 8.665311628078783 × 10^294 | 3891 | 88 |
| iv_499 | 1.5285058163701985 × 10^295 | 3897 | 81 |
| iv_500 | 2.569858971580561 × 10^295 | 4066 | 76 |
| iv_501 | 4.2264812481909423 × 10^295 | 4035 | 83 |
| iv_502 | 6.807779949264111 × 10^295 | 3835 | 82 |
| iv_503 | 1.077672126994721 × 10^296 | 4010 | 75 |
| iv_504 | 1.6731601330189943 × 10^296 | 3879 | 78 |
| iv_505 | 2.1551139161102774 × 10^296 | 4049 | 83 |
| iv_506 | 2.972786150311826 × 10^295 | 4192 | 97 |
| iv_508 | 1.5558391871848088 × 10^294 | 4216 | 81 |

### Input Bits Sorted by Complexity

| Input Bit | Complexity | Occurrences | Output Occurrences |
|:---------:|:----------:|:-----------:|:------------------:|
| iv_508 | 1.5558391871848088 × 10^294 | 4216 | 81 |
| iv_497 | 4.333654617703225 × 10^294 | 4096 | 93 |
| iv_498 | 8.665311628078783 × 10^294 | 3891 | 88 |
| iv_499 | 1.5285058163701985 × 10^295 | 3897 | 81 |
| iv_500 | 2.569858971580561 × 10^295 | 4066 | 76 |
| iv_506 | 2.972786150311826 × 10^295 | 4192 | 97 |
| iv_501 | 4.2264812481909423 × 10^295 | 4035 | 83 |
| iv_502 | 6.807779949264111 × 10^295 | 3835 | 82 |
| iv_503 | 1.077672126994721 × 10^296 | 4010 | 75 |
| iv_504 | 1.6731601330189943 × 10^296 | 3879 | 78 |
| iv_505 | 2.1551139161102774 × 10^296 | 4049 | 83 |

### Input Bits Sorted by Occurrences

| Input Bit | Complexity | Occurrences | Output Occurrences |
|:---------:|:----------:|:-----------:|:------------------:|
| iv_502 | 6.807779949264111 × 10^295 | 3835 | 82 |
| iv_504 | 1.6731601330189943 × 10^296 | 3879 | 78 |
| iv_498 | 8.665311628078783 × 10^294 | 3891 | 88 |
| iv_499 | 1.5285058163701985 × 10^295 | 3897 | 81 |
| iv_503 | 1.077672126994721 × 10^296 | 4010 | 75 |
| iv_501 | 4.2264812481909423 × 10^295 | 4035 | 83 |
| iv_505 | 2.1551139161102774 × 10^296 | 4049 | 83 |
| iv_500 | 2.569858971580561 × 10^295 | 4066 | 76 |
| iv_497 | 4.333654617703225 × 10^294 | 4096 | 93 |
| iv_506 | 2.972786150311826 × 10^295 | 4192 | 97 |
| iv_508 | 1.5558391871848088 × 10^294 | 4216 | 81 |

### Input Bits Sorted by Output Occurrences

| Input Bit | Complexity | Occurrences | Output Occurrences |
|:---------:|:----------:|:-----------:|:------------------:|
| iv_503 | 1.077672126994721 × 10^296 | 4010 | 75 |
| iv_500 | 2.569858971580561 × 10^295 | 4066 | 76 |
| iv_504 | 1.6731601330189943 × 10^296 | 3879 | 78 |
| iv_499 | 1.5285058163701985 × 10^295 | 3897 | 81 |
| iv_508 | 1.5558391871848088 × 10^294 | 4216 | 81 |
| iv_502 | 6.807779949264111 × 10^295 | 3835 | 82 |
| iv_501 | 4.2264812481909423 × 10^295 | 4035 | 83 |
| iv_505 | 2.1551139161102774 × 10^296 | 4049 | 83 |
| iv_498 | 8.665311628078783 × 10^294 | 3891 | 88 |
| iv_497 | 4.333654617703225 × 10^294 | 4096 | 93 |
| iv_506 | 2.972786150311826 × 10^295 | 4192 | 97 |

## Input Bit Co-occurrences

### Input Bit Co-occurrences Sorted by Co-occurrences

| Input Bits | Co-occurrences | Potential Occurrences | Output Co-occurrences | Potential Output Occurrences |
|:----------:|:--------------:|:---------------------:|:---------------------:|:----------------------------:|
| iv_506-iv_508 | 2029 | 4350 | 54 | 70 |
| iv_500-iv_506 | 2012 | 4234 | 50 | 73 |
| iv_497-iv_501 | 1983 | 4165 | 48 | 80 |
| iv_497-iv_505 | 1982 | 4181 | 48 | 80 |
| iv_499-iv_506 | 1979 | 4131 | 56 | 66 |
| iv_498-iv_506 | 1975 | 4133 | 54 | 77 |
| iv_505-iv_506 | 1966 | 4309 | 48 | 84 |
| iv_497-iv_506 | 1964 | 4360 | 56 | 78 |
| iv_497-iv_500 | 1962 | 4238 | 39 | 91 |
| iv_500-iv_508 | 1961 | 4360 | 36 | 85 |
| iv_497-iv_503 | 1960 | 4186 | 46 | 76 |

### Input Bit Co-occurrences Sorted by Potential Occurrences

| Input Bits | Co-occurrences | Potential Occurrences | Output Co-occurrences | Potential Output Occurrences |
|:----------:|:--------------:|:---------------------:|:---------------------:|:----------------------------:|
| iv_504-iv_505 | 1935 | 4058 | 43 | 75 |
| iv_499-iv_504 | 1836 | 4104 | 38 | 83 |
| iv_499-iv_501 | 1901 | 4130 | 44 | 76 |
| iv_499-iv_506 | 1979 | 4131 | 56 | 66 |
| iv_498-iv_506 | 1975 | 4133 | 54 | 77 |
| iv_502-iv_505 | 1874 | 4136 | 44 | 77 |
| iv_498-iv_504 | 1814 | 4142 | 46 | 74 |
| iv_497-iv_501 | 1983 | 4165 | 48 | 80 |
| iv_497-iv_502 | 1883 | 4165 | 52 | 71 |
| iv_502-iv_504 | 1773 | 4168 | 42 | 76 |
| iv_497-iv_504 | 1899 | 4177 | 50 | 71 |

### Input Bit Output Co-occurrences Sorted by Output Co-occurrences

| Input Bits | Co-occurrences | Potential Occurrences | Output Co-occurrences | Potential Output Occurrences |
|:----------:|:--------------:|:---------------------:|:---------------------:|:----------------------------:|
| iv_499-iv_506 | 1979 | 4131 | 56 | 66 |
| iv_497-iv_506 | 1964 | 4360 | 56 | 78 |
| iv_498-iv_506 | 1975 | 4133 | 54 | 77 |
| iv_506-iv_508 | 2029 | 4350 | 54 | 70 |
| iv_497-iv_502 | 1883 | 4165 | 52 | 71 |
| iv_501-iv_505 | 1948 | 4188 | 50 | 66 |
| iv_500-iv_506 | 2012 | 4234 | 50 | 73 |
| iv_497-iv_504 | 1899 | 4177 | 50 | 71 |
| iv_497-iv_498 | 1869 | 4249 | 50 | 81 |
| iv_504-iv_506 | 1928 | 4215 | 49 | 77 |
| iv_501-iv_506 | 1958 | 4311 | 48 | 84 |

### Input Bit Output Co-occurrences Sorted by Potential Output Occurrences

| Input Bits | Co-occurrences | Potential Occurrences | Output Co-occurrences | Potential Output Occurrences |
|:----------:|:--------------:|:---------------------:|:---------------------:|:----------------------------:|
| iv_501-iv_505 | 1948 | 4188 | 50 | 66 |
| iv_499-iv_506 | 1979 | 4131 | 56 | 66 |
| iv_500-iv_505 | 1939 | 4237 | 46 | 67 |
| iv_506-iv_508 | 2029 | 4350 | 54 | 70 |
| iv_497-iv_504 | 1899 | 4177 | 50 | 71 |
| iv_497-iv_502 | 1883 | 4165 | 52 | 71 |
| iv_498-iv_499 | 1803 | 4182 | 48 | 73 |
| iv_499-iv_500 | 1866 | 4231 | 42 | 73 |
| iv_500-iv_506 | 2012 | 4234 | 50 | 73 |
| iv_500-iv_503 | 1918 | 4240 | 39 | 73 |
| iv_498-iv_504 | 1814 | 4142 | 46 | 74 |

## Output Bits

### Output Bits in Regular Order

| Rank | Output Bit | Complexity |
|:----:|:----------:|:----------:|
| 1 | ov_001 | 1.0976280737186064 × 10^296 |
| 2 | ov_002 | 9.518913465305202 × 10^295 |
| 3 | ov_003 | 8.213379431212614 × 10^295 |
| 4 | ov_004 | 7.048176121164173 × 10^295 |
| 5 | ov_005 | 6.012427991219818 × 10^295 |
| 6 | ov_006 | 5.095841532418914 × 10^295 |
| 7 | ov_007 | 4.2886662188310686 × 10^295 |
| 8 | ov_008 | 3.581660947619604 × 10^295 |
| 9 | ov_009 | 2.966065535890242 × 10^295 |
| 10 | ov_010 | 2.4335767592630844 × 10^295 |
| 11 | ov_011 | 1.9763284111846182 × 10^295 |
| 12 | ov_012 | 1.586874891755828 × 10^295 |
| 13 | ov_013 | 1.2581778640542106 × 10^295 |
| 14 | ov_014 | 9.835955447001182 × 10^294 |
| 15 | ov_015 | 7.568742238671676 × 10^294 |
| 16 | ov_016 | 5.721416381472556 × 10^294 |
| 17 | ov_017 | 4.2390184771906457 × 10^294 |
| 18 | ov_018 | 3.070313137478754 × 10^294 |
| 19 | ov_019 | 2.1677593290047106 × 10^294 |
| 20 | ov_020 | 1.487488267280578 × 10^294 |
| 21 | ov_021 | 9.892871584140169 × 10^293 |
| 22 | ov_022 | 6.36587523211056 × 10^293 |
| 23 | ov_023 | 3.9645712484313076 × 10^293 |
| 24 | ov_024 | 2.3959465971240935 × 10^293 |
| 25 | ov_025 | 1.4032650954180298 × 10^293 |
| 26 | ov_026 | 7.660496271849882 × 10^292 |
| 27 | ov_027 | 3.8312492374689356 × 10^292 |
| 28 | ov_028 | 1.714398386366828 × 10^292 |
| 29 | ov_029 | 6.606650700929612 × 10^291 |
| 30 | ov_030 | 2.020012533488807 × 10^291 |
| 31 | ov_031 | 3.940988970756566 × 10^290 |
| 32 | lv_80_m31 | 7.687811342366948 × 10^289 |
| 33 | ov_033 | 9.181420568285915 × 10^290 |
| 34 | ov_034 | 7.963502502599878 × 10^290 |
| 35 | ov_035 | 6.873634869276506 × 10^290 |
| 36 | ov_036 | 5.900923153646557 × 10^290 |
| 37 | ov_037 | 5.035058720100043 × 10^290 |
| 38 | ov_038 | 4.2662775857962664 × 10^290 |
| 39 | ov_039 | 3.5853248336806915 × 10^290 |
| 40 | ov_040 | 2.987696157907984 × 10^290 |
| 41 | ov_041 | 2.4650678341221127 × 10^290 |
| 42 | ov_042 | 2.013388184854488 × 10^290 |
| 43 | ov_043 | 1.6288159332020687 × 10^290 |
| 44 | ov_044 | 1.3042681415285259 × 10^290 |
| 45 | ov_045 | 1.033047102025491 × 10^290 |
| 46 | ov_046 | 8.088304994098081 × 10^289 |
| 47 | ov_047 | 6.256636442755118 × 10^289 |
| 48 | ov_048 | 4.779534552359151 × 10^289 |
| 49 | ov_049 | 3.6046389283799045 × 10^289 |
| 50 | ov_050 | 2.6831257261856147 × 10^289 |
| 51 | ov_051 | 1.9696830870118188 × 10^289 |
| 52 | ov_052 | 1.4224936309200982 × 10^289 |
| 53 | ov_053 | 1.0032220905205368 × 10^289 |
| 54 | ov_054 | 6.935700825727267 × 10^288 |
| 55 | ov_055 | 4.621434597605937 × 10^288 |
| 56 | ov_056 | 2.94111478711596 × 10^288 |
| 57 | ov_057 | 1.7637461277287595 × 10^288 |
| 58 | ov_058 | 9.75637131817955 × 10^287 |
| 59 | ov_059 | 4.803956353796321 × 10^287 |
| 60 | ov_060 | 1.98926730567238 × 10^287 |
| 61 | ov_061 | 6.943200342255938 × 10^286 |
| 62 | ov_062 | 1.9031586216862554 × 10^286 |
| 63 | ov_063 | 3.7062648813950556 × 10^285 |
| 64 | lv_79_m31 | 7.216088617954118 × 10^284 |
| 65 | ov_065 | 8.571855323580717 × 10^285 |
| 66 | ov_066 | 8.571827874652564 × 10^285 |
| 67 | ov_067 | 8.571821156408186 × 10^285 |
| 68 | ov_068 | 7.399947039013869 × 10^285 |
| 69 | ov_069 | 6.355603140088698 × 10^285 |
| 70 | ov_070 | 5.4283941935062345 × 10^285 |
| 71 | ov_071 | 4.608564761817067 × 10^285 |
| 72 | ov_072 | 3.8869558991417704 × 10^285 |
| 73 | ov_073 | 3.2549656409186 × 10^285 |
| 74 | ov_074 | 2.704513119317443 × 10^285 |
| 75 | ov_075 | 2.22800611067879 × 10^285 |
| 76 | ov_076 | 1.8183118275020087 × 10^285 |
| 77 | ov_077 | 1.4687307724725214 × 10^285 |
| 78 | ov_078 | 1.1729734759526798 × 10^285 |
| 79 | ov_079 | 9.251399414241766 × 10^284 |
| 80 | ov_080 | 7.197016257073545 × 10^284 |
| 81 | ov_081 | 5.514857825293979 × 10^284 |
| 82 | ov_082 | 4.1566199929232176 × 10^284 |
| 83 | ov_083 | 3.0773075781309054 × 10^284 |
| 84 | ov_084 | 2.2351385046494177 × 10^284 |
| 85 | ov_085 | 1.5914648361133288 × 10^284 |
| 86 | ov_086 | 1.110709005414894 × 10^284 |
| 87 | ov_087 | 7.603135632602573 × 10^283 |
| 88 | ov_088 | 5.1070277142059405 × 10^283 |
| 89 | ov_089 | 3.352543669351813 × 10^283 |
| 90 | ov_090 | 2.102798239284691 × 10^283 |
| 91 | ov_091 | 1.2466632527435926 × 10^283 |
| 92 | ov_092 | 6.875898559586885 × 10^282 |
| 93 | ov_093 | 3.435806293579251 × 10^282 |
| 94 | ov_094 | 1.471758852048052 × 10^282 |
| 95 | aaa_78_28 | 4.54480730518504 × 10^281 |
| 96 | aaa_78_29 | 1.3958052425691818 × 10^281 |
| 97 | ov_097 | 9.219153330843308 × 10^280 |
| 98 | ov_098 | 9.218877682481994 × 10^280 |
| 99 | ov_099 | 9.218789679184524 × 10^280 |
| 100 | ov_100 | 8.296359335380882 × 10^280 |
| 101 | ov_101 | 7.441890093282329 × 10^280 |
| 102 | ov_102 | 6.651667447893385 × 10^280 |
| 103 | ov_103 | 5.9222479484614575 × 10^280 |
| 104 | ov_104 | 5.250423510005774 × 10^280 |
| 105 | ov_105 | 4.633189005708313 × 10^280 |
| 106 | ov_106 | 4.0677129738925964 × 10^280 |
| 107 | ov_107 | 3.5513112787919107 × 10^280 |
| 108 | ov_108 | 3.081423568604169 × 10^280 |
| 109 | ov_109 | 2.6555923776274816 × 10^280 |
| 110 | ov_110 | 2.2714447217282417 × 10^280 |
| 111 | ov_111 | 1.926676038165839 × 10^280 |
| 112 | ov_112 | 1.6190363220270777 × 10^280 |
| 113 | ov_113 | 1.3463183123397235 × 10^280 |
| 114 | ov_114 | 1.1063475814565099 × 10^280 |
| 115 | ov_115 | 8.969743816285972 × 10^279 |
| 116 | ov_116 | 7.16067102896586 × 10^279 |
| 117 | ov_117 | 5.615071965668438 × 10^279 |
| 118 | ov_118 | 4.311854186380262 × 10^279 |
| 119 | ov_119 | 3.2299912809941984 × 10^279 |
| 120 | ov_120 | 2.348502737418566 × 10^279 |
| 121 | ov_121 | 1.646438590291839 × 10^279 |
| 122 | ov_122 | 1.1028681228643314 × 10^279 |
| 123 | ov_123 | 6.968718946452655 × 10^278 |
| 124 | ov_124 | 4.075363674239631 × 10^278 |
| 125 | ov_125 | 2.13950578809795 × 10^278 |
| 126 | ov_126 | 9.520444697135942 × 10^277 |
| 127 | aaa_77_28 | 3.0388120570077323 × 10^277 |
| 128 | aaa_77_29 | 1.138515752722462 × 10^277 |
| 129 | ov_129 | 1.0470274160726874 × 10^277 |
| 130 | ov_130 | 1.0470242947868229 × 10^277 |
| 131 | ov_131 | 1.0470235413759944 × 10^277 |
| 132 | ov_132 | 9.062030003715315 × 10^276 |
| 133 | ov_133 | 7.802091563922979 × 10^276 |
| 134 | ov_134 | 6.679220204374185 × 10^276 |
| 135 | ov_135 | 5.682802540792211 × 10^276 |
| 136 | ov_136 | 4.802769566036289 × 10^276 |
| 137 | ov_137 | 4.0295607230737193 × 10^276 |
| 138 | ov_138 | 3.354093561302533 × 10^276 |
| 139 | ov_139 | 2.7677383889140464 × 10^276 |
| 140 | ov_140 | 2.2622973641312413 × 10^276 |
| 141 | ov_141 | 1.8299874977404433 × 10^276 |
| 142 | ov_142 | 1.4634270685082073 × 10^276 |
| 143 | ov_143 | 1.1556249819668719 × 10^276 |
| 144 | ov_144 | 8.99972631753466 × 10^275 |
| 145 | ov_145 | 6.902378512622218 × 10^275 |
| 146 | ov_146 | 5.205605718627411 × 10^275 |
| 147 | ov_147 | 3.8544983236938075 × 10^275 |
| 148 | ov_148 | 2.797818128382711 × 10^275 |
| 149 | ov_149 | 1.987985941269612 × 10^275 |
| 150 | ov_150 | 1.3810738633617713 × 10^275 |
| 151 | ov_151 | 9.36800358518995 × 10^274 |
| 152 | ov_152 | 6.185269180095892 × 10^274 |
| 153 | ov_153 | 3.9325569674855443 × 10^274 |
| 154 | ov_154 | 2.316278639222341 × 10^274 |
| 155 | ov_155 | 1.198735872588716 × 10^274 |
| 156 | aaa_76_25 | 4.604181501433192 × 10^273 |
| 157 | aaa_76_26 | 2.656596854785599 × 10^273 |
| 158 | aaa_76_27 | 1.3585864780925083 × 10^273 |
| 159 | aaa_76_28 | 5.283145689182289 × 10^272 |
| 160 | aaa_76_29 | 1.6046662138918323 × 10^272 |

### Output Bits Sorted by Complexity

| Rank | Output Bit | Complexity |
|:----:|:----------:|:----------:|
| 160 | aaa_76_29 | 1.6046662138918323 × 10^272 |
| 159 | aaa_76_28 | 5.283145689182289 × 10^272 |
| 158 | aaa_76_27 | 1.3585864780925083 × 10^273 |
| 157 | aaa_76_26 | 2.656596854785599 × 10^273 |
| 156 | aaa_76_25 | 4.604181501433192 × 10^273 |
| 155 | ov_155 | 1.198735872588716 × 10^274 |
| 154 | ov_154 | 2.316278639222341 × 10^274 |
| 153 | ov_153 | 3.9325569674855443 × 10^274 |
| 152 | ov_152 | 6.185269180095892 × 10^274 |
| 151 | ov_151 | 9.36800358518995 × 10^274 |
| 150 | ov_150 | 1.3810738633617713 × 10^275 |
| 149 | ov_149 | 1.987985941269612 × 10^275 |
| 148 | ov_148 | 2.797818128382711 × 10^275 |
| 147 | ov_147 | 3.8544983236938075 × 10^275 |
| 146 | ov_146 | 5.205605718627411 × 10^275 |
| 145 | ov_145 | 6.902378512622218 × 10^275 |
| 144 | ov_144 | 8.99972631753466 × 10^275 |
| 143 | ov_143 | 1.1556249819668719 × 10^276 |
| 142 | ov_142 | 1.4634270685082073 × 10^276 |
| 141 | ov_141 | 1.8299874977404433 × 10^276 |
| 140 | ov_140 | 2.2622973641312413 × 10^276 |
| 139 | ov_139 | 2.7677383889140464 × 10^276 |
| 138 | ov_138 | 3.354093561302533 × 10^276 |
| 137 | ov_137 | 4.0295607230737193 × 10^276 |
| 136 | ov_136 | 4.802769566036289 × 10^276 |
| 135 | ov_135 | 5.682802540792211 × 10^276 |
| 134 | ov_134 | 6.679220204374185 × 10^276 |
| 133 | ov_133 | 7.802091563922979 × 10^276 |
| 132 | ov_132 | 9.062030003715315 × 10^276 |
| 131 | ov_131 | 1.0470235413759944 × 10^277 |
| 130 | ov_130 | 1.0470242947868229 × 10^277 |
| 129 | ov_129 | 1.0470274160726874 × 10^277 |
| 128 | aaa_77_29 | 1.138515752722462 × 10^277 |
| 127 | aaa_77_28 | 3.0388120570077323 × 10^277 |
| 126 | ov_126 | 9.520444697135942 × 10^277 |
| 125 | ov_125 | 2.13950578809795 × 10^278 |
| 124 | ov_124 | 4.075363674239631 × 10^278 |
| 123 | ov_123 | 6.968718946452655 × 10^278 |
| 122 | ov_122 | 1.1028681228643314 × 10^279 |
| 121 | ov_121 | 1.646438590291839 × 10^279 |
| 120 | ov_120 | 2.348502737418566 × 10^279 |
| 119 | ov_119 | 3.2299912809941984 × 10^279 |
| 118 | ov_118 | 4.311854186380262 × 10^279 |
| 117 | ov_117 | 5.615071965668438 × 10^279 |
| 116 | ov_116 | 7.16067102896586 × 10^279 |
| 115 | ov_115 | 8.969743816285972 × 10^279 |
| 114 | ov_114 | 1.1063475814565099 × 10^280 |
| 113 | ov_113 | 1.3463183123397235 × 10^280 |
| 112 | ov_112 | 1.6190363220270777 × 10^280 |
| 111 | ov_111 | 1.926676038165839 × 10^280 |
| 110 | ov_110 | 2.2714447217282417 × 10^280 |
| 109 | ov_109 | 2.6555923776274816 × 10^280 |
| 108 | ov_108 | 3.081423568604169 × 10^280 |
| 107 | ov_107 | 3.5513112787919107 × 10^280 |
| 106 | ov_106 | 4.0677129738925964 × 10^280 |
| 105 | ov_105 | 4.633189005708313 × 10^280 |
| 104 | ov_104 | 5.250423510005774 × 10^280 |
| 103 | ov_103 | 5.9222479484614575 × 10^280 |
| 102 | ov_102 | 6.651667447893385 × 10^280 |
| 101 | ov_101 | 7.441890093282329 × 10^280 |
| 100 | ov_100 | 8.296359335380882 × 10^280 |
| 99 | ov_099 | 9.218789679184524 × 10^280 |
| 98 | ov_098 | 9.218877682481994 × 10^280 |
| 97 | ov_097 | 9.219153330843308 × 10^280 |
| 96 | aaa_78_29 | 1.3958052425691818 × 10^281 |
| 95 | aaa_78_28 | 4.54480730518504 × 10^281 |
| 94 | ov_094 | 1.471758852048052 × 10^282 |
| 93 | ov_093 | 3.435806293579251 × 10^282 |
| 92 | ov_092 | 6.875898559586885 × 10^282 |
| 91 | ov_091 | 1.2466632527435926 × 10^283 |
| 90 | ov_090 | 2.102798239284691 × 10^283 |
| 89 | ov_089 | 3.352543669351813 × 10^283 |
| 88 | ov_088 | 5.1070277142059405 × 10^283 |
| 87 | ov_087 | 7.603135632602573 × 10^283 |
| 86 | ov_086 | 1.110709005414894 × 10^284 |
| 85 | ov_085 | 1.5914648361133288 × 10^284 |
| 84 | ov_084 | 2.2351385046494177 × 10^284 |
| 83 | ov_083 | 3.0773075781309054 × 10^284 |
| 82 | ov_082 | 4.1566199929232176 × 10^284 |
| 81 | ov_081 | 5.514857825293979 × 10^284 |
| 80 | ov_080 | 7.197016257073545 × 10^284 |
| 64 | lv_79_m31 | 7.216088617954118 × 10^284 |
| 79 | ov_079 | 9.251399414241766 × 10^284 |
| 78 | ov_078 | 1.1729734759526798 × 10^285 |
| 77 | ov_077 | 1.4687307724725214 × 10^285 |
| 76 | ov_076 | 1.8183118275020087 × 10^285 |
| 75 | ov_075 | 2.22800611067879 × 10^285 |
| 74 | ov_074 | 2.704513119317443 × 10^285 |
| 73 | ov_073 | 3.2549656409186 × 10^285 |
| 63 | ov_063 | 3.7062648813950556 × 10^285 |
| 72 | ov_072 | 3.8869558991417704 × 10^285 |
| 71 | ov_071 | 4.608564761817067 × 10^285 |
| 70 | ov_070 | 5.4283941935062345 × 10^285 |
| 69 | ov_069 | 6.355603140088698 × 10^285 |
| 68 | ov_068 | 7.399947039013869 × 10^285 |
| 67 | ov_067 | 8.571821156408186 × 10^285 |
| 66 | ov_066 | 8.571827874652564 × 10^285 |
| 65 | ov_065 | 8.571855323580717 × 10^285 |
| 62 | ov_062 | 1.9031586216862554 × 10^286 |
| 61 | ov_061 | 6.943200342255938 × 10^286 |
| 60 | ov_060 | 1.98926730567238 × 10^287 |
| 59 | ov_059 | 4.803956353796321 × 10^287 |
| 58 | ov_058 | 9.75637131817955 × 10^287 |
| 57 | ov_057 | 1.7637461277287595 × 10^288 |
| 56 | ov_056 | 2.94111478711596 × 10^288 |
| 55 | ov_055 | 4.621434597605937 × 10^288 |
| 54 | ov_054 | 6.935700825727267 × 10^288 |
| 53 | ov_053 | 1.0032220905205368 × 10^289 |
| 52 | ov_052 | 1.4224936309200982 × 10^289 |
| 51 | ov_051 | 1.9696830870118188 × 10^289 |
| 50 | ov_050 | 2.6831257261856147 × 10^289 |
| 49 | ov_049 | 3.6046389283799045 × 10^289 |
| 48 | ov_048 | 4.779534552359151 × 10^289 |
| 47 | ov_047 | 6.256636442755118 × 10^289 |
| 32 | lv_80_m31 | 7.687811342366948 × 10^289 |
| 46 | ov_046 | 8.088304994098081 × 10^289 |
| 45 | ov_045 | 1.033047102025491 × 10^290 |
| 44 | ov_044 | 1.3042681415285259 × 10^290 |
| 43 | ov_043 | 1.6288159332020687 × 10^290 |
| 42 | ov_042 | 2.013388184854488 × 10^290 |
| 41 | ov_041 | 2.4650678341221127 × 10^290 |
| 40 | ov_040 | 2.987696157907984 × 10^290 |
| 39 | ov_039 | 3.5853248336806915 × 10^290 |
| 31 | ov_031 | 3.940988970756566 × 10^290 |
| 38 | ov_038 | 4.2662775857962664 × 10^290 |
| 37 | ov_037 | 5.035058720100043 × 10^290 |
| 36 | ov_036 | 5.900923153646557 × 10^290 |
| 35 | ov_035 | 6.873634869276506 × 10^290 |
| 34 | ov_034 | 7.963502502599878 × 10^290 |
| 33 | ov_033 | 9.181420568285915 × 10^290 |
| 30 | ov_030 | 2.020012533488807 × 10^291 |
| 29 | ov_029 | 6.606650700929612 × 10^291 |
| 28 | ov_028 | 1.714398386366828 × 10^292 |
| 27 | ov_027 | 3.8312492374689356 × 10^292 |
| 26 | ov_026 | 7.660496271849882 × 10^292 |
| 25 | ov_025 | 1.4032650954180298 × 10^293 |
| 24 | ov_024 | 2.3959465971240935 × 10^293 |
| 23 | ov_023 | 3.9645712484313076 × 10^293 |
| 22 | ov_022 | 6.36587523211056 × 10^293 |
| 21 | ov_021 | 9.892871584140169 × 10^293 |
| 20 | ov_020 | 1.487488267280578 × 10^294 |
| 19 | ov_019 | 2.1677593290047106 × 10^294 |
| 18 | ov_018 | 3.070313137478754 × 10^294 |
| 17 | ov_017 | 4.2390184771906457 × 10^294 |
| 16 | ov_016 | 5.721416381472556 × 10^294 |
| 15 | ov_015 | 7.568742238671676 × 10^294 |
| 14 | ov_014 | 9.835955447001182 × 10^294 |
| 13 | ov_013 | 1.2581778640542106 × 10^295 |
| 12 | ov_012 | 1.586874891755828 × 10^295 |
| 11 | ov_011 | 1.9763284111846182 × 10^295 |
| 10 | ov_010 | 2.4335767592630844 × 10^295 |
| 9 | ov_009 | 2.966065535890242 × 10^295 |
| 8 | ov_008 | 3.581660947619604 × 10^295 |
| 7 | ov_007 | 4.2886662188310686 × 10^295 |
| 6 | ov_006 | 5.095841532418914 × 10^295 |
| 5 | ov_005 | 6.012427991219818 × 10^295 |
| 4 | ov_004 | 7.048176121164173 × 10^295 |
| 3 | ov_003 | 8.213379431212614 × 10^295 |
| 2 | ov_002 | 9.518913465305202 × 10^295 |
| 1 | ov_001 | 1.0976280737186064 × 10^296 |

