# Results for F001-F002-F003-F004-F005-F006-F007-F008-F009-F010-F011-F012-F013-F014-F015-F016-F017-F018-F019-F020-F021-F022-F023-F024-F025-F026-F027-F028-F029-F030-F031-F032-F033-F034-F035-F036-F037-F038-F039-F040-F041-F042-F043-F044-F045-F046-F047-F048-F049-F050-F051-F052-F053-F054-F055-F056-F057-F058-F059-F060-F061-F062-F063-F064-F065-F066-F067-F068-F069-F070-F071-F072-F073-F074-F075-F076-F077-F078-F079-F080-F081-F082-F083-F084-F085-F086-F087-F088-F089-F090-F091-F092-F093-F094-F095-F096-F097-F098-F099-F100-F101-F102-F103-F104-F105-F106-F107-F108-F109-F110-F111-F112-F113-F114-F115-F116-F117-F118-F119-F120-F121-F122-F123-F124-F125-F126-F127-F128-F129-F130-F131-F132-F133-F134-F135-F136-F137-F138-F139-F140-F141-F142-F143-F144-F145-F146-F147-F148-F149-F150-F151-F152-F153-F154-F155-F156-F157-F158-F159-F160-F161-F162-F163-F164-F165-F166-F167-F168-F169-F170-F171-F172-F173-F174-F175-F176-F177-F178-F179-F180-F181-F182-F183-F184-F185-F186-F187-F188-F189-F190-F191-F192-F193-F194-F195-F196-F197-F198-F199-F200-F201-F202-F203-F204-F205-F206-F207-F208-F209-F210-F211-F212-F213-F214-F215-F216-F217-F218-F219-F220-F221-F222-F223-F224-F225-F226-F227-F228-F229-F230-F231-F232-F233-F234-F235-F236-F237-F238-F239-F240-F241-F242-F243-F244-F245-F246-F247-F248-F249-F250-F251-F252-F253-F254-F255-F256-F257-F258-F259-F260-F261-F262-F263-F264-F265-F266-F267-F268-F269-F270-F271-F272-F273-F274-F275-F276-F277-F278-F279-F280-F281-F282-F283-F284-F285-F286-F287-F288-F289-F290-F291-F292-F293-F294-F295-F296-F297-F298-F299-F300-F301-F302-F303-F304-F305-F306-F307-F308-F309-F310-F311-F312-F313-F314-F315-F316-F317-F318-F319-F320-F321-F322-F323-F324-F325-F326-F327-F328-F329-F330-F331-F332-F333-F334-F335-F336-F337-F338-F339-F340-F341-F342-F343-F344-F345-F346-F347-F348-F349-F350-F351-F352-F353-F354-F355-F356-F357-F358-F359-F360-F361-F362-F363-F364-F365-F366-F367-F368-F369-F370-F371-F372-F373-F374-F375-F376-F377-F378-F379-F380-F381-F382-F383-F384-F385-F386-F387-F388-F389-F390-F391-F392-F393-F394-F395-F396-F397-F398-F399-F400-F401-F402-F403-F404-F405-F406-F407-F408-F409-F410-F411-F412-F413-F414-F415-F416-F417-F418-F419-F420-F421-F422-F423-F424-F425-F426-F427-F428-F429-F430-F431-F432-F433-F434-F435-F436-F437-F438-F439-F440-F441-F442-F443-F444-F445-F446-F447-F448-F449-F450-F451-F452-F453-F454-F455-F456-F457-F458-F459-F460-F461-F462-F463-F464-F465-F466-F467-F468-F469-F470-F471-F472-F473-F474-F475-F476-F477-F478-F479-F480-F481-F482-F483-F484-F485-F486-F487-F488-F489-F490-F491-F492-F493-F494-F495-F496-O500505-T501-F510-F511-F512

## Summary

Number of input bits: 512  
Number of free input bits: 11  
Number of output bits: 160

Number of direct occurrences: 44821  
Number of assignments: 31462  
Number of operations: 11351248
(xor: 11322775,
and: 15030,
or: 13443)

Total complexity: 7.161323612379103 × 10^303

Least occurring input variable: iv_499 (3942)  
Most occurring input variable: iv_500 (4278)

Most co-occurring input variables: iv_497-iv_509 (2002)  
Least co-occurring input variables: iv_499-iv_502 (1782)

Potentially most occurring input variable: iv_500/iv_508 (4552)  
Potentially least occurring input variable: iv_498/iv_504 (4148)

Least output occurring input variable: iv_507 (72)  
Most output occurring input variable: iv_504 (90)

Most output co-occurring input variables: iv_502-iv_503 (49)  
Least output co-occurring input variables: iv_500-iv_508 (28)

Potentially most output occurring input variable: iv_503/iv_504 (95)  
Potentially least output occurring input variable: iv_502/iv_508 (61)

Least complex input bit: iv_497 (1.2752751522107936 × 10^301)  
Most complex input bit: iv_509 (1.347289287922729 × 10^303)

Least complex output bit: aaa_76_29 (5.602413797018033 × 10^278)  
Most complex output bit: ov_001 (1.1359331806297483 × 10^303)

Least complex input/output complexity: iv_497/aaa_76_29 (9.976673998351119 × 10^275)  
Most complex input/output complexity: iv_509/ov_001 (2.137077848867137 × 10^302)

## Input Bits

### Input Bits in Regular Order

| Input Bit | Complexity | Occurrences | Output Occurrences |
|:---------:|:----------:|:-----------:|:------------------:|
| iv_497 | 1.2752751522107936 × 10^301 | 4051 | 75 |
| iv_498 | 1.794371395510751 × 10^301 | 4030 | 80 |
| iv_499 | 3.021772917504618 × 10^301 | 3942 | 74 |
| iv_500 | 1.2969047526583092 × 10^303 | 4278 | 74 |
| iv_502 | 2.2139590698226973 × 10^302 | 3944 | 83 |
| iv_503 | 4.355563836429015 × 10^302 | 4099 | 83 |
| iv_504 | 7.615674198794815 × 10^302 | 3996 | 90 |
| iv_506 | 7.038093900165706 × 10^302 | 4036 | 76 |
| iv_507 | 1.004803338374607 × 10^303 | 4116 | 72 |
| iv_508 | 1.329082938249958 × 10^303 | 4074 | 72 |
| iv_509 | 1.347289287922729 × 10^303 | 4255 | 81 |

### Input Bits Sorted by Complexity

| Input Bit | Complexity | Occurrences | Output Occurrences |
|:---------:|:----------:|:-----------:|:------------------:|
| iv_497 | 1.2752751522107936 × 10^301 | 4051 | 75 |
| iv_498 | 1.794371395510751 × 10^301 | 4030 | 80 |
| iv_499 | 3.021772917504618 × 10^301 | 3942 | 74 |
| iv_502 | 2.2139590698226973 × 10^302 | 3944 | 83 |
| iv_503 | 4.355563836429015 × 10^302 | 4099 | 83 |
| iv_506 | 7.038093900165706 × 10^302 | 4036 | 76 |
| iv_504 | 7.615674198794815 × 10^302 | 3996 | 90 |
| iv_507 | 1.004803338374607 × 10^303 | 4116 | 72 |
| iv_500 | 1.2969047526583092 × 10^303 | 4278 | 74 |
| iv_508 | 1.329082938249958 × 10^303 | 4074 | 72 |
| iv_509 | 1.347289287922729 × 10^303 | 4255 | 81 |

### Input Bits Sorted by Occurrences

| Input Bit | Complexity | Occurrences | Output Occurrences |
|:---------:|:----------:|:-----------:|:------------------:|
| iv_499 | 3.021772917504618 × 10^301 | 3942 | 74 |
| iv_502 | 2.2139590698226973 × 10^302 | 3944 | 83 |
| iv_504 | 7.615674198794815 × 10^302 | 3996 | 90 |
| iv_498 | 1.794371395510751 × 10^301 | 4030 | 80 |
| iv_506 | 7.038093900165706 × 10^302 | 4036 | 76 |
| iv_497 | 1.2752751522107936 × 10^301 | 4051 | 75 |
| iv_508 | 1.329082938249958 × 10^303 | 4074 | 72 |
| iv_503 | 4.355563836429015 × 10^302 | 4099 | 83 |
| iv_507 | 1.004803338374607 × 10^303 | 4116 | 72 |
| iv_509 | 1.347289287922729 × 10^303 | 4255 | 81 |
| iv_500 | 1.2969047526583092 × 10^303 | 4278 | 74 |

### Input Bits Sorted by Output Occurrences

| Input Bit | Complexity | Occurrences | Output Occurrences |
|:---------:|:----------:|:-----------:|:------------------:|
| iv_507 | 1.004803338374607 × 10^303 | 4116 | 72 |
| iv_508 | 1.329082938249958 × 10^303 | 4074 | 72 |
| iv_499 | 3.021772917504618 × 10^301 | 3942 | 74 |
| iv_500 | 1.2969047526583092 × 10^303 | 4278 | 74 |
| iv_497 | 1.2752751522107936 × 10^301 | 4051 | 75 |
| iv_506 | 7.038093900165706 × 10^302 | 4036 | 76 |
| iv_498 | 1.794371395510751 × 10^301 | 4030 | 80 |
| iv_509 | 1.347289287922729 × 10^303 | 4255 | 81 |
| iv_502 | 2.2139590698226973 × 10^302 | 3944 | 83 |
| iv_503 | 4.355563836429015 × 10^302 | 4099 | 83 |
| iv_504 | 7.615674198794815 × 10^302 | 3996 | 90 |

## Input Bit Co-occurrences

### Input Bit Co-occurrences Sorted by Co-occurrences

| Input Bits | Co-occurrences | Potential Occurrences | Output Co-occurrences | Potential Output Occurrences |
|:----------:|:--------------:|:---------------------:|:---------------------:|:----------------------------:|
| iv_497-iv_509 | 2002 | 4302 | 38 | 80 |
| iv_506-iv_509 | 2000 | 4291 | 38 | 81 |
| iv_500-iv_509 | 1999 | 4535 | 34 | 87 |
| iv_503-iv_509 | 1994 | 4366 | 39 | 86 |
| iv_503-iv_506 | 1984 | 4167 | 41 | 77 |
| iv_506-iv_507 | 1976 | 4200 | 34 | 80 |
| iv_500-iv_503 | 1975 | 4427 | 40 | 77 |
| iv_498-iv_500 | 1972 | 4364 | 32 | 90 |
| iv_508-iv_509 | 1967 | 4395 | 37 | 79 |
| iv_500-iv_507 | 1961 | 4472 | 30 | 86 |
| iv_500-iv_504 | 1959 | 4356 | 37 | 90 |

### Input Bit Co-occurrences Sorted by Potential Occurrences

| Input Bits | Co-occurrences | Potential Occurrences | Output Co-occurrences | Potential Output Occurrences |
|:----------:|:--------------:|:---------------------:|:---------------------:|:----------------------------:|
| iv_498-iv_504 | 1939 | 4148 | 48 | 74 |
| iv_503-iv_506 | 1984 | 4167 | 41 | 77 |
| iv_506-iv_507 | 1976 | 4200 | 34 | 80 |
| iv_504-iv_506 | 1899 | 4234 | 39 | 88 |
| iv_498-iv_506 | 1916 | 4234 | 41 | 74 |
| iv_497-iv_506 | 1924 | 4239 | 35 | 81 |
| iv_499-iv_508 | 1883 | 4250 | 35 | 76 |
| iv_504-iv_507 | 1931 | 4250 | 36 | 90 |
| iv_502-iv_507 | 1904 | 4252 | 41 | 73 |
| iv_497-iv_507 | 1953 | 4261 | 34 | 79 |
| iv_506-iv_509 | 2000 | 4291 | 38 | 81 |

### Input Bit Output Co-occurrences Sorted by Output Co-occurrences

| Input Bits | Co-occurrences | Potential Occurrences | Output Co-occurrences | Potential Output Occurrences |
|:----------:|:--------------:|:---------------------:|:---------------------:|:----------------------------:|
| iv_502-iv_503 | 1810 | 4423 | 49 | 68 |
| iv_498-iv_504 | 1939 | 4148 | 48 | 74 |
| iv_504-iv_509 | 1952 | 4347 | 47 | 77 |
| iv_502-iv_508 | 1857 | 4304 | 47 | 61 |
| iv_497-iv_503 | 1883 | 4384 | 46 | 66 |
| iv_499-iv_504 | 1822 | 4294 | 45 | 74 |
| iv_502-iv_509 | 1916 | 4367 | 45 | 74 |
| iv_503-iv_508 | 1912 | 4349 | 45 | 65 |
| iv_498-iv_509 | 1920 | 4445 | 44 | 73 |
| iv_504-iv_508 | 1825 | 4420 | 44 | 74 |
| iv_502-iv_504 | 1793 | 4354 | 41 | 91 |

### Input Bit Output Co-occurrences Sorted by Potential Output Occurrences

| Input Bits | Co-occurrences | Potential Occurrences | Output Co-occurrences | Potential Output Occurrences |
|:----------:|:--------------:|:---------------------:|:---------------------:|:----------------------------:|
| iv_502-iv_508 | 1857 | 4304 | 47 | 61 |
| iv_503-iv_508 | 1912 | 4349 | 45 | 65 |
| iv_497-iv_503 | 1883 | 4384 | 46 | 66 |
| iv_502-iv_503 | 1810 | 4423 | 49 | 68 |
| iv_498-iv_507 | 1912 | 4322 | 41 | 70 |
| iv_498-iv_509 | 1920 | 4445 | 44 | 73 |
| iv_502-iv_507 | 1904 | 4252 | 41 | 73 |
| iv_499-iv_504 | 1822 | 4294 | 45 | 74 |
| iv_502-iv_509 | 1916 | 4367 | 45 | 74 |
| iv_498-iv_504 | 1939 | 4148 | 48 | 74 |
| iv_498-iv_506 | 1916 | 4234 | 41 | 74 |

## Output Bits

### Output Bits in Regular Order

| Rank | Output Bit | Complexity |
|:----:|:----------:|:----------:|
| 1 | ov_001 | 1.1359331806297483 × 10^303 |
| 2 | ov_002 | 9.863983195030023 × 10^302 |
| 3 | ov_003 | 8.523269113323593 × 10^302 |
| 4 | ov_004 | 7.325518160596141 × 10^302 |
| 5 | ov_005 | 6.259696422805263 × 10^302 |
| 6 | ov_006 | 5.31536255533989 × 10^302 |
| 7 | ov_007 | 4.482628666803612 × 10^302 |
| 8 | ov_008 | 3.7521265188028817 × 10^302 |
| 9 | ov_009 | 3.114978588083512 × 10^302 |
| 10 | ov_010 | 2.5627734977879667 × 10^302 |
| 11 | ov_011 | 2.087545319002537 × 10^302 |
| 12 | ov_012 | 1.6817562982168363 × 10^302 |
| 13 | ov_013 | 1.338282646124963 × 10^302 |
| 14 | ov_014 | 1.05040305075062 × 10^302 |
| 15 | ov_015 | 8.11789553283468 × 10^301 |
| 16 | ov_016 | 6.165004260928371 × 10^301 |
| 17 | ov_017 | 4.5897471920565025 × 10^301 |
| 18 | ov_018 | 3.340281682378502 × 10^301 |
| 19 | ov_019 | 2.3685018339060972 × 10^301 |
| 20 | ov_020 | 1.6300166569086933 × 10^301 |
| 21 | ov_021 | 1.0841343408102634 × 10^301 |
| 22 | ov_022 | 6.938510449434429 × 10^300 |
| 23 | ov_023 | 4.258431460491084 × 10^300 |
| 24 | ov_024 | 2.504621373607804 × 10^300 |
| 25 | ov_025 | 1.4173150656145506 × 10^300 |
| 26 | ov_026 | 7.734502507659508 × 10^299 |
| 27 | ov_027 | 3.866594291538598 × 10^299 |
| 28 | ov_028 | 1.7293195586673072 × 10^299 |
| 29 | ov_029 | 6.660258596573541 × 10^298 |
| 30 | ov_030 | 2.035126201380762 × 10^298 |
| 31 | ov_031 | 3.9673562081980373 × 10^297 |
| 32 | lv_80_m31 | 7.732667426548943 × 10^296 |
| 33 | ov_033 | 9.31502743971209 × 10^297 |
| 34 | ov_034 | 8.079312385686803 × 10^297 |
| 35 | ov_035 | 6.974345864029676 × 10^297 |
| 36 | ov_036 | 5.989665634097308 × 10^297 |
| 37 | ov_037 | 5.115376396695942 × 10^297 |
| 38 | ov_038 | 4.3421096539938024 × 10^297 |
| 39 | ov_039 | 3.6609889517998345 × 10^297 |
| 40 | ov_040 | 3.0635999978304086 × 10^297 |
| 41 | ov_041 | 2.5419651760837816 × 10^297 |
| 42 | ov_042 | 2.0885220033237108 × 10^297 |
| 43 | ov_043 | 1.699590560778146 × 10^297 |
| 44 | ov_044 | 1.3683876501931164 × 10^297 |
| 45 | ov_045 | 1.0885000654961213 × 10^297 |
| 46 | ov_046 | 8.538747777674715 × 10^296 |
| 47 | ov_047 | 6.5881116385856216 × 10^296 |
| 48 | ov_048 | 5.005461599559304 × 10^296 |
| 49 | ov_049 | 3.7406729893599596 × 10^296 |
| 50 | ov_050 | 2.747005051761439 × 10^296 |
| 51 | ov_051 | 1.981076519325816 × 10^296 |
| 52 | ov_052 | 1.4028485518290041 × 10^296 |
| 53 | ov_053 | 9.75613115750471 × 10^295 |
| 54 | ov_054 | 6.659851872447328 × 10^295 |
| 55 | ov_055 | 4.438976072789715 × 10^295 |
| 56 | ov_056 | 2.8259782096291604 × 10^295 |
| 57 | ov_057 | 1.6953789271257607 × 10^295 |
| 58 | ov_058 | 9.382586859972023 × 10^294 |
| 59 | ov_059 | 4.622541326576459 × 10^294 |
| 60 | ov_060 | 1.915564606165265 × 10^294 |
| 61 | ov_061 | 6.691082280580375 × 10^293 |
| 62 | ov_062 | 1.8354499726336953 × 10^293 |
| 63 | ov_063 | 2.1831807640826713 × 10^292 |
| 64 | lv_79_k31 | 6.970492940019017 × 10^291 |
| 65 | ov_065 | 8.296901766412929 × 10^292 |
| 66 | ov_066 | 8.296881640154182 × 10^292 |
| 67 | ov_067 | 8.296876912033807 × 10^292 |
| 68 | ov_068 | 7.182455922472702 × 10^292 |
| 69 | ov_069 | 6.185094480256475 × 10^292 |
| 70 | ov_070 | 5.296040283797862 × 10^292 |
| 71 | ov_071 | 4.50695810861718 × 10^292 |
| 72 | ov_072 | 3.809908814302935 × 10^292 |
| 73 | ov_073 | 3.197332777076602 × 10^292 |
| 74 | ov_074 | 2.6620364033764 × 10^292 |
| 75 | ov_075 | 2.1971805892167573 × 10^292 |
| 76 | ov_076 | 1.7962704652909341 × 10^292 |
| 77 | ov_077 | 1.4531462171380627 × 10^292 |
| 78 | ov_078 | 1.1619749175321314 × 10^292 |
| 79 | ov_079 | 9.172433093847548 × 10^291 |
| 80 | ov_080 | 7.137514783233126 × 10^291 |
| 81 | ov_081 | 5.46607354757931 × 10^291 |
| 82 | ov_082 | 4.1122198572735885 × 10^291 |
| 83 | ov_083 | 3.0330551715370446 × 10^291 |
| 84 | ov_084 | 2.1886382737340202 × 10^291 |
| 85 | ov_085 | 1.541957529751718 × 10^291 |
| 86 | ov_086 | 1.0589084808643737 × 10^291 |
| 87 | ov_087 | 7.082761832245349 × 10^290 |
| 88 | ov_088 | 4.6172170657921526 × 10^290 |
| 89 | ov_089 | 2.937722050740497 × 10^290 |
| 90 | ov_090 | 1.818139731495338 × 10^290 |
| 91 | ov_091 | 1.0608789960102257 × 10^290 |
| 92 | ov_092 | 5.742764071678794 × 10^289 |
| 93 | ov_093 | 2.809229359523202 × 10^289 |
| 94 | ov_094 | 1.1765912518960997 × 10^289 |
| 95 | aaa_78_28 | 3.557311240770639 × 10^288 |
| 96 | aaa_78_29 | 1.0570045833394634 × 10^288 |
| 97 | ov_097 | 5.9475623376351594 × 10^287 |
| 98 | ov_098 | 5.947464700769512 × 10^287 |
| 99 | ov_099 | 5.947433461255459 × 10^287 |
| 100 | ov_100 | 4.855692909989572 × 10^287 |
| 101 | ov_101 | 3.953309091415389 × 10^287 |
| 102 | ov_102 | 3.2163360453337466 × 10^287 |
| 103 | ov_103 | 2.6221462845916118 × 10^287 |
| 104 | ov_104 | 2.1493342467470257 × 10^287 |
| 105 | ov_105 | 1.7776322826199056 × 10^287 |
| 106 | ov_106 | 1.487838040910796 × 10^287 |
| 107 | ov_107 | 1.2617521669140916 × 10^287 |
| 108 | ov_108 | 1.082125290088189 × 10^287 |
| 109 | ov_109 | 9.326133302898 × 10^286 |
| 110 | ov_110 | 7.977402061921936 × 10^286 |
| 111 | ov_111 | 6.766936988416649 × 10^286 |
| 112 | ov_112 | 5.68681649946981 × 10^286 |
| 113 | ov_113 | 4.729277054004473 × 10^286 |
| 114 | ov_114 | 3.8866771760768833 × 10^286 |
| 115 | ov_115 | 3.151467560638456 × 10^286 |
| 116 | ov_116 | 2.5161667570885497 × 10^286 |
| 117 | ov_117 | 1.973341926501151 × 10^286 |
| 118 | ov_118 | 1.5155941687497735 × 10^286 |
| 119 | ov_119 | 1.1355479159769742 × 10^286 |
| 120 | ov_120 | 8.258435380101494 × 10^285 |
| 121 | ov_121 | 5.791320173299471 × 10^285 |
| 122 | ov_122 | 3.8807102804584813 × 10^285 |
| 123 | ov_123 | 2.4532216724881533 × 10^285 |
| 124 | ov_124 | 1.4354908711811048 × 10^285 |
| 125 | ov_125 | 7.541633754140885 × 10^284 |
| 126 | ov_126 | 3.3588775623902758 × 10^284 |
| 127 | aaa_77_28 | 1.073133897555888 × 10^284 |
| 128 | aaa_77_29 | 4.0265407357736352 × 10^283 |
| 129 | ov_129 | 3.717062225353728 × 10^283 |
| 130 | ov_130 | 3.7170513146818725 × 10^283 |
| 131 | ov_131 | 3.717048676969426 × 10^283 |
| 132 | ov_132 | 3.2260300829267515 × 10^283 |
| 133 | ov_133 | 2.7853417530520575 × 10^283 |
| 134 | ov_134 | 2.391063737724834 × 10^283 |
| 135 | ov_135 | 2.039485362379814 × 10^283 |
| 136 | ov_136 | 1.7270902218274205 × 10^283 |
| 137 | ov_137 | 1.452166942507183 × 10^283 |
| 138 | ov_138 | 1.211550823136865 × 10^283 |
| 139 | ov_139 | 1.0022381973508692 × 10^283 |
| 140 | ov_140 | 8.213786488680963 × 10^282 |
| 141 | ov_141 | 6.662685808688682 × 10^282 |
| 142 | ov_142 | 5.343459784639722 × 10^282 |
| 143 | ov_143 | 4.2318621251534794 × 10^282 |
| 144 | ov_144 | 3.304987423599792 × 10^282 |
| 145 | ov_145 | 2.5412458422438392 × 10^282 |
| 146 | ov_146 | 1.920344213170678 × 10^282 |
| 147 | ov_147 | 1.4232724076377164 × 10^282 |
| 148 | ov_148 | 1.0322939171324361 × 10^282 |
| 149 | ov_149 | 7.309396809407008 × 10^281 |
| 150 | ov_150 | 5.040042864859568 × 10^281 |
| 151 | ov_151 | 3.3754376010206605 × 10^281 |
| 152 | ov_152 | 2.1887428903679645 × 10^281 |
| 153 | ov_153 | 1.3657142248262592 × 10^281 |
| 154 | ov_154 | 8.0469535708421605 × 10^280 |
| 155 | ov_155 | 4.166147837579873 × 10^280 |
| 156 | aaa_76_25 | 1.6008265866534145 × 10^280 |
| 157 | aaa_76_26 | 9.244153149205674 × 10^279 |
| 158 | aaa_76_27 | 4.731832571419605 × 10^279 |
| 159 | aaa_76_28 | 1.8422656489456993 × 10^279 |
| 160 | aaa_76_29 | 5.602413797018033 × 10^278 |

### Output Bits Sorted by Complexity

| Rank | Output Bit | Complexity |
|:----:|:----------:|:----------:|
| 160 | aaa_76_29 | 5.602413797018033 × 10^278 |
| 159 | aaa_76_28 | 1.8422656489456993 × 10^279 |
| 158 | aaa_76_27 | 4.731832571419605 × 10^279 |
| 157 | aaa_76_26 | 9.244153149205674 × 10^279 |
| 156 | aaa_76_25 | 1.6008265866534145 × 10^280 |
| 155 | ov_155 | 4.166147837579873 × 10^280 |
| 154 | ov_154 | 8.0469535708421605 × 10^280 |
| 153 | ov_153 | 1.3657142248262592 × 10^281 |
| 152 | ov_152 | 2.1887428903679645 × 10^281 |
| 151 | ov_151 | 3.3754376010206605 × 10^281 |
| 150 | ov_150 | 5.040042864859568 × 10^281 |
| 149 | ov_149 | 7.309396809407008 × 10^281 |
| 148 | ov_148 | 1.0322939171324361 × 10^282 |
| 147 | ov_147 | 1.4232724076377164 × 10^282 |
| 146 | ov_146 | 1.920344213170678 × 10^282 |
| 145 | ov_145 | 2.5412458422438392 × 10^282 |
| 144 | ov_144 | 3.304987423599792 × 10^282 |
| 143 | ov_143 | 4.2318621251534794 × 10^282 |
| 142 | ov_142 | 5.343459784639722 × 10^282 |
| 141 | ov_141 | 6.662685808688682 × 10^282 |
| 140 | ov_140 | 8.213786488680963 × 10^282 |
| 139 | ov_139 | 1.0022381973508692 × 10^283 |
| 138 | ov_138 | 1.211550823136865 × 10^283 |
| 137 | ov_137 | 1.452166942507183 × 10^283 |
| 136 | ov_136 | 1.7270902218274205 × 10^283 |
| 135 | ov_135 | 2.039485362379814 × 10^283 |
| 134 | ov_134 | 2.391063737724834 × 10^283 |
| 133 | ov_133 | 2.7853417530520575 × 10^283 |
| 132 | ov_132 | 3.2260300829267515 × 10^283 |
| 131 | ov_131 | 3.717048676969426 × 10^283 |
| 130 | ov_130 | 3.7170513146818725 × 10^283 |
| 129 | ov_129 | 3.717062225353728 × 10^283 |
| 128 | aaa_77_29 | 4.0265407357736352 × 10^283 |
| 127 | aaa_77_28 | 1.073133897555888 × 10^284 |
| 126 | ov_126 | 3.3588775623902758 × 10^284 |
| 125 | ov_125 | 7.541633754140885 × 10^284 |
| 124 | ov_124 | 1.4354908711811048 × 10^285 |
| 123 | ov_123 | 2.4532216724881533 × 10^285 |
| 122 | ov_122 | 3.8807102804584813 × 10^285 |
| 121 | ov_121 | 5.791320173299471 × 10^285 |
| 120 | ov_120 | 8.258435380101494 × 10^285 |
| 119 | ov_119 | 1.1355479159769742 × 10^286 |
| 118 | ov_118 | 1.5155941687497735 × 10^286 |
| 117 | ov_117 | 1.973341926501151 × 10^286 |
| 116 | ov_116 | 2.5161667570885497 × 10^286 |
| 115 | ov_115 | 3.151467560638456 × 10^286 |
| 114 | ov_114 | 3.8866771760768833 × 10^286 |
| 113 | ov_113 | 4.729277054004473 × 10^286 |
| 112 | ov_112 | 5.68681649946981 × 10^286 |
| 111 | ov_111 | 6.766936988416649 × 10^286 |
| 110 | ov_110 | 7.977402061921936 × 10^286 |
| 109 | ov_109 | 9.326133302898 × 10^286 |
| 108 | ov_108 | 1.082125290088189 × 10^287 |
| 107 | ov_107 | 1.2617521669140916 × 10^287 |
| 106 | ov_106 | 1.487838040910796 × 10^287 |
| 105 | ov_105 | 1.7776322826199056 × 10^287 |
| 104 | ov_104 | 2.1493342467470257 × 10^287 |
| 103 | ov_103 | 2.6221462845916118 × 10^287 |
| 102 | ov_102 | 3.2163360453337466 × 10^287 |
| 101 | ov_101 | 3.953309091415389 × 10^287 |
| 100 | ov_100 | 4.855692909989572 × 10^287 |
| 99 | ov_099 | 5.947433461255459 × 10^287 |
| 98 | ov_098 | 5.947464700769512 × 10^287 |
| 97 | ov_097 | 5.9475623376351594 × 10^287 |
| 96 | aaa_78_29 | 1.0570045833394634 × 10^288 |
| 95 | aaa_78_28 | 3.557311240770639 × 10^288 |
| 94 | ov_094 | 1.1765912518960997 × 10^289 |
| 93 | ov_093 | 2.809229359523202 × 10^289 |
| 92 | ov_092 | 5.742764071678794 × 10^289 |
| 91 | ov_091 | 1.0608789960102257 × 10^290 |
| 90 | ov_090 | 1.818139731495338 × 10^290 |
| 89 | ov_089 | 2.937722050740497 × 10^290 |
| 88 | ov_088 | 4.6172170657921526 × 10^290 |
| 87 | ov_087 | 7.082761832245349 × 10^290 |
| 86 | ov_086 | 1.0589084808643737 × 10^291 |
| 85 | ov_085 | 1.541957529751718 × 10^291 |
| 84 | ov_084 | 2.1886382737340202 × 10^291 |
| 83 | ov_083 | 3.0330551715370446 × 10^291 |
| 82 | ov_082 | 4.1122198572735885 × 10^291 |
| 81 | ov_081 | 5.46607354757931 × 10^291 |
| 64 | lv_79_k31 | 6.970492940019017 × 10^291 |
| 80 | ov_080 | 7.137514783233126 × 10^291 |
| 79 | ov_079 | 9.172433093847548 × 10^291 |
| 78 | ov_078 | 1.1619749175321314 × 10^292 |
| 77 | ov_077 | 1.4531462171380627 × 10^292 |
| 76 | ov_076 | 1.7962704652909341 × 10^292 |
| 63 | ov_063 | 2.1831807640826713 × 10^292 |
| 75 | ov_075 | 2.1971805892167573 × 10^292 |
| 74 | ov_074 | 2.6620364033764 × 10^292 |
| 73 | ov_073 | 3.197332777076602 × 10^292 |
| 72 | ov_072 | 3.809908814302935 × 10^292 |
| 71 | ov_071 | 4.50695810861718 × 10^292 |
| 70 | ov_070 | 5.296040283797862 × 10^292 |
| 69 | ov_069 | 6.185094480256475 × 10^292 |
| 68 | ov_068 | 7.182455922472702 × 10^292 |
| 67 | ov_067 | 8.296876912033807 × 10^292 |
| 66 | ov_066 | 8.296881640154182 × 10^292 |
| 65 | ov_065 | 8.296901766412929 × 10^292 |
| 62 | ov_062 | 1.8354499726336953 × 10^293 |
| 61 | ov_061 | 6.691082280580375 × 10^293 |
| 60 | ov_060 | 1.915564606165265 × 10^294 |
| 59 | ov_059 | 4.622541326576459 × 10^294 |
| 58 | ov_058 | 9.382586859972023 × 10^294 |
| 57 | ov_057 | 1.6953789271257607 × 10^295 |
| 56 | ov_056 | 2.8259782096291604 × 10^295 |
| 55 | ov_055 | 4.438976072789715 × 10^295 |
| 54 | ov_054 | 6.659851872447328 × 10^295 |
| 53 | ov_053 | 9.75613115750471 × 10^295 |
| 52 | ov_052 | 1.4028485518290041 × 10^296 |
| 51 | ov_051 | 1.981076519325816 × 10^296 |
| 50 | ov_050 | 2.747005051761439 × 10^296 |
| 49 | ov_049 | 3.7406729893599596 × 10^296 |
| 48 | ov_048 | 5.005461599559304 × 10^296 |
| 47 | ov_047 | 6.5881116385856216 × 10^296 |
| 32 | lv_80_m31 | 7.732667426548943 × 10^296 |
| 46 | ov_046 | 8.538747777674715 × 10^296 |
| 45 | ov_045 | 1.0885000654961213 × 10^297 |
| 44 | ov_044 | 1.3683876501931164 × 10^297 |
| 43 | ov_043 | 1.699590560778146 × 10^297 |
| 42 | ov_042 | 2.0885220033237108 × 10^297 |
| 41 | ov_041 | 2.5419651760837816 × 10^297 |
| 40 | ov_040 | 3.0635999978304086 × 10^297 |
| 39 | ov_039 | 3.6609889517998345 × 10^297 |
| 31 | ov_031 | 3.9673562081980373 × 10^297 |
| 38 | ov_038 | 4.3421096539938024 × 10^297 |
| 37 | ov_037 | 5.115376396695942 × 10^297 |
| 36 | ov_036 | 5.989665634097308 × 10^297 |
| 35 | ov_035 | 6.974345864029676 × 10^297 |
| 34 | ov_034 | 8.079312385686803 × 10^297 |
| 33 | ov_033 | 9.31502743971209 × 10^297 |
| 30 | ov_030 | 2.035126201380762 × 10^298 |
| 29 | ov_029 | 6.660258596573541 × 10^298 |
| 28 | ov_028 | 1.7293195586673072 × 10^299 |
| 27 | ov_027 | 3.866594291538598 × 10^299 |
| 26 | ov_026 | 7.734502507659508 × 10^299 |
| 25 | ov_025 | 1.4173150656145506 × 10^300 |
| 24 | ov_024 | 2.504621373607804 × 10^300 |
| 23 | ov_023 | 4.258431460491084 × 10^300 |
| 22 | ov_022 | 6.938510449434429 × 10^300 |
| 21 | ov_021 | 1.0841343408102634 × 10^301 |
| 20 | ov_020 | 1.6300166569086933 × 10^301 |
| 19 | ov_019 | 2.3685018339060972 × 10^301 |
| 18 | ov_018 | 3.340281682378502 × 10^301 |
| 17 | ov_017 | 4.5897471920565025 × 10^301 |
| 16 | ov_016 | 6.165004260928371 × 10^301 |
| 15 | ov_015 | 8.11789553283468 × 10^301 |
| 14 | ov_014 | 1.05040305075062 × 10^302 |
| 13 | ov_013 | 1.338282646124963 × 10^302 |
| 12 | ov_012 | 1.6817562982168363 × 10^302 |
| 11 | ov_011 | 2.087545319002537 × 10^302 |
| 10 | ov_010 | 2.5627734977879667 × 10^302 |
| 9 | ov_009 | 3.114978588083512 × 10^302 |
| 8 | ov_008 | 3.7521265188028817 × 10^302 |
| 7 | ov_007 | 4.482628666803612 × 10^302 |
| 6 | ov_006 | 5.31536255533989 × 10^302 |
| 5 | ov_005 | 6.259696422805263 × 10^302 |
| 4 | ov_004 | 7.325518160596141 × 10^302 |
| 3 | ov_003 | 8.523269113323593 × 10^302 |
| 2 | ov_002 | 9.863983195030023 × 10^302 |
| 1 | ov_001 | 1.1359331806297483 × 10^303 |

