# Results for F001-F002-F003-F004-F005-F006-F007-F008-F009-F010-F011-F012-F013-F014-F015-F016-F017-F018-F019-F020-F021-F022-F023-F024-F025-F026-F027-F028-F029-F030-F031-F032-F033-F034-F035-F036-F037-F038-F039-F040-F041-F042-F043-F044-F045-F046-F047-F048-F049-F050-F051-F052-F053-F054-F055-F056-F057-F058-F059-F060-F061-F062-F063-F064-F065-F066-F067-F068-F069-F070-F071-F072-F073-F074-F075-F076-F077-F078-F079-F080-F081-F082-F083-F084-F085-F086-F087-F088-F089-F090-F091-F092-F093-F094-F095-F096-F097-F098-F099-F100-F101-F102-F103-F104-F105-F106-F107-F108-F109-F110-F111-F112-F113-F114-F115-F116-F117-F118-F119-F120-F121-F122-F123-F124-F125-F126-F127-F128-F129-F130-F131-F132-F133-F134-F135-F136-F137-F138-F139-F140-F141-F142-F143-F144-F145-F146-F147-F148-F149-F150-F151-F152-F153-F154-F155-F156-F157-F158-F159-F160-F161-F162-F163-F164-F165-F166-F167-F168-F169-F170-F171-F172-F173-F174-F175-F176-F177-F178-F179-F180-F181-F182-F183-F184-F185-F186-F187-F188-F189-F190-F191-F192-F193-F194-F195-F196-F197-F198-F199-F200-F201-F202-F203-F204-F205-F206-F207-F208-F209-F210-F211-F212-F213-F214-F215-F216-F217-F218-F219-F220-F221-F222-F223-F224-F225-F226-F227-F228-F229-F230-F231-F232-F233-F234-F235-F236-F237-F238-F239-F240-F241-F242-F243-F244-F245-F246-F247-F248-F249-F250-F251-F252-F253-F254-F255-F256-F257-F258-F259-F260-F261-F262-F263-F264-F265-F266-F267-F268-F269-F270-F271-F272-F273-F274-F275-F276-F277-F278-F279-F280-F281-F282-F283-F284-F285-F286-F287-F288-F289-F290-F291-F292-F293-F294-F295-F296-F297-F298-F299-F300-F301-F302-F303-F304-F305-F306-F307-F308-F309-F310-F311-F312-F313-F314-F315-F316-F317-F318-F319-F320-F321-F322-F323-F324-F325-F326-F327-F328-F329-F330-F331-F332-F333-F334-F335-F336-F337-F338-F339-F340-F341-F342-F343-F344-F345-F346-F347-F348-F349-F350-F351-F352-F353-F354-F355-F356-F357-F358-F359-F360-F361-F362-F363-F364-F365-F366-F367-F368-F369-F370-F371-F372-F373-F374-F375-F376-F377-F378-F379-F380-F381-F382-F383-F384-F385-F386-F387-F388-F389-F390-F391-F392-F393-F394-F395-F396-F397-F398-F399-F400-F401-F402-F403-F404-F405-F406-F407-F408-F409-F410-F411-F412-F413-F414-F415-F416-F417-F418-F419-F420-F421-F422-F423-F424-F425-F426-F427-F428-F429-F430-F431-F432-F433-F434-F435-F436-F437-F438-F439-F440-F441-F442-F443-F444-F445-F446-F447-F448-F449-F450-F451-F452-F453-F454-F455-F456-F457-F458-F459-F460-F461-F462-F463-F464-F465-F466-F467-F468-F469-F470-F471-F472-F473-F474-F475-F476-F477-F478-F479-F480-F481-F482-F483-F484-F485-F486-F487-F488-F489-F490-F491-F492-F493-F494-F495-F496-T501-F508-F509-F510-F512

## Summary

Number of input bits: 512  
Number of free input bits: 11  
Number of output bits: 160

Number of direct occurrences: 45141  
Number of assignments: 31471  
Number of operations: 11495676
(xor: 11467025,
and: 15289,
or: 13362)

Total complexity: 2.3711773296125837 × 10^304

Least occurring input variable: iv_502 (3922)  
Most occurring input variable: iv_511 (4384)

Most co-occurring input variables: iv_506-iv_511 (2131)  
Least co-occurring input variables: iv_500-iv_502 (1746)

Potentially most occurring input variable: iv_505/iv_511 (4546)  
Potentially least occurring input variable: iv_505/iv_506 (4216)

Least output occurring input variable: iv_502 (72)  
Most output occurring input variable: iv_511 (92)

Most output co-occurring input variables: iv_506-iv_511 (52)  
Least output co-occurring input variables: iv_499-iv_507 (28)

Potentially most output occurring input variable: iv_499/iv_507 (98)  
Potentially least output occurring input variable: iv_506/iv_511 (64)

Least complex input bit: iv_511 (1.1888991427172804 × 10^299)  
Most complex input bit: iv_505 (8.005140032575429 × 10^303)

Least complex output bit: aaa_76_29 (1.1782651608865716 × 10^279)  
Most complex output bit: ov_001 (3.707425492098159 × 10^303)

Least complex input/output complexity: iv_511/aaa_76_29 (5.907775948163945 × 10^273)  
Most complex input/output complexity: iv_505/ov_001 (1.251633939560085 × 10^303)

## Input Bits

### Input Bits in Regular Order

| Input Bit | Complexity | Occurrences | Output Occurrences |
|:---------:|:----------:|:-----------:|:------------------:|
| iv_497 | 1.0018923300933054 × 10^302 | 4049 | 74 |
| iv_498 | 1.419116175562017 × 10^302 | 4077 | 82 |
| iv_499 | 2.402601974604978 × 10^302 | 3980 | 74 |
| iv_500 | 4.0516134697579985 × 10^302 | 3960 | 81 |
| iv_502 | 1.7434210606025292 × 10^303 | 3922 | 72 |
| iv_503 | 3.420985020807315 × 10^303 | 4146 | 86 |
| iv_504 | 5.9701144195808896 × 10^303 | 4063 | 81 |
| iv_505 | 8.005140032575429 × 10^303 | 4084 | 75 |
| iv_506 | 1.6961148951017592 × 10^303 | 4266 | 76 |
| iv_507 | 1.988356582541823 × 10^303 | 4210 | 80 |
| iv_511 | 1.1888991427172804 × 10^299 | 4384 | 92 |

### Input Bits Sorted by Complexity

| Input Bit | Complexity | Occurrences | Output Occurrences |
|:---------:|:----------:|:-----------:|:------------------:|
| iv_511 | 1.1888991427172804 × 10^299 | 4384 | 92 |
| iv_497 | 1.0018923300933054 × 10^302 | 4049 | 74 |
| iv_498 | 1.419116175562017 × 10^302 | 4077 | 82 |
| iv_499 | 2.402601974604978 × 10^302 | 3980 | 74 |
| iv_500 | 4.0516134697579985 × 10^302 | 3960 | 81 |
| iv_506 | 1.6961148951017592 × 10^303 | 4266 | 76 |
| iv_502 | 1.7434210606025292 × 10^303 | 3922 | 72 |
| iv_507 | 1.988356582541823 × 10^303 | 4210 | 80 |
| iv_503 | 3.420985020807315 × 10^303 | 4146 | 86 |
| iv_504 | 5.9701144195808896 × 10^303 | 4063 | 81 |
| iv_505 | 8.005140032575429 × 10^303 | 4084 | 75 |

### Input Bits Sorted by Occurrences

| Input Bit | Complexity | Occurrences | Output Occurrences |
|:---------:|:----------:|:-----------:|:------------------:|
| iv_502 | 1.7434210606025292 × 10^303 | 3922 | 72 |
| iv_500 | 4.0516134697579985 × 10^302 | 3960 | 81 |
| iv_499 | 2.402601974604978 × 10^302 | 3980 | 74 |
| iv_497 | 1.0018923300933054 × 10^302 | 4049 | 74 |
| iv_504 | 5.9701144195808896 × 10^303 | 4063 | 81 |
| iv_498 | 1.419116175562017 × 10^302 | 4077 | 82 |
| iv_505 | 8.005140032575429 × 10^303 | 4084 | 75 |
| iv_503 | 3.420985020807315 × 10^303 | 4146 | 86 |
| iv_507 | 1.988356582541823 × 10^303 | 4210 | 80 |
| iv_506 | 1.6961148951017592 × 10^303 | 4266 | 76 |
| iv_511 | 1.1888991427172804 × 10^299 | 4384 | 92 |

### Input Bits Sorted by Output Occurrences

| Input Bit | Complexity | Occurrences | Output Occurrences |
|:---------:|:----------:|:-----------:|:------------------:|
| iv_502 | 1.7434210606025292 × 10^303 | 3922 | 72 |
| iv_497 | 1.0018923300933054 × 10^302 | 4049 | 74 |
| iv_499 | 2.402601974604978 × 10^302 | 3980 | 74 |
| iv_505 | 8.005140032575429 × 10^303 | 4084 | 75 |
| iv_506 | 1.6961148951017592 × 10^303 | 4266 | 76 |
| iv_507 | 1.988356582541823 × 10^303 | 4210 | 80 |
| iv_500 | 4.0516134697579985 × 10^302 | 3960 | 81 |
| iv_504 | 5.9701144195808896 × 10^303 | 4063 | 81 |
| iv_498 | 1.419116175562017 × 10^302 | 4077 | 82 |
| iv_503 | 3.420985020807315 × 10^303 | 4146 | 86 |
| iv_511 | 1.1888991427172804 × 10^299 | 4384 | 92 |

## Input Bit Co-occurrences

### Input Bit Co-occurrences Sorted by Co-occurrences

| Input Bits | Co-occurrences | Potential Occurrences | Output Co-occurrences | Potential Output Occurrences |
|:----------:|:--------------:|:---------------------:|:---------------------:|:----------------------------:|
| iv_506-iv_511 | 2131 | 4388 | 52 | 64 |
| iv_505-iv_506 | 2067 | 4216 | 40 | 71 |
| iv_507-iv_511 | 2041 | 4512 | 43 | 86 |
| iv_503-iv_506 | 2004 | 4404 | 44 | 74 |
| iv_503-iv_511 | 2001 | 4528 | 49 | 80 |
| iv_498-iv_511 | 2000 | 4461 | 44 | 86 |
| iv_504-iv_506 | 1992 | 4345 | 41 | 75 |
| iv_506-iv_507 | 1983 | 4510 | 36 | 84 |
| iv_498-iv_506 | 1978 | 4387 | 35 | 88 |
| iv_504-iv_511 | 1968 | 4511 | 44 | 85 |
| iv_505-iv_511 | 1961 | 4546 | 42 | 83 |

### Input Bit Co-occurrences Sorted by Potential Occurrences

| Input Bits | Co-occurrences | Potential Occurrences | Output Co-occurrences | Potential Output Occurrences |
|:----------:|:--------------:|:---------------------:|:---------------------:|:----------------------------:|
| iv_505-iv_506 | 2067 | 4216 | 40 | 71 |
| iv_498-iv_504 | 1948 | 4244 | 37 | 89 |
| iv_499-iv_505 | 1909 | 4246 | 34 | 81 |
| iv_504-iv_505 | 1941 | 4265 | 41 | 74 |
| iv_498-iv_505 | 1936 | 4289 | 40 | 77 |
| iv_498-iv_500 | 1872 | 4293 | 39 | 85 |
| iv_497-iv_505 | 1920 | 4293 | 35 | 79 |
| iv_498-iv_499 | 1869 | 4319 | 43 | 70 |
| iv_499-iv_502 | 1785 | 4332 | 35 | 76 |
| iv_500-iv_506 | 1945 | 4336 | 37 | 83 |
| iv_502-iv_506 | 1926 | 4336 | 38 | 72 |

### Input Bit Output Co-occurrences Sorted by Output Co-occurrences

| Input Bits | Co-occurrences | Potential Occurrences | Output Co-occurrences | Potential Output Occurrences |
|:----------:|:--------------:|:---------------------:|:---------------------:|:----------------------------:|
| iv_500-iv_511 | 1909 | 4526 | 52 | 69 |
| iv_506-iv_511 | 2131 | 4388 | 52 | 64 |
| iv_498-iv_503 | 1931 | 4361 | 49 | 70 |
| iv_503-iv_511 | 2001 | 4528 | 49 | 80 |
| iv_504-iv_507 | 1934 | 4405 | 47 | 67 |
| iv_503-iv_507 | 1954 | 4448 | 46 | 74 |
| iv_499-iv_511 | 1953 | 4458 | 45 | 76 |
| iv_502-iv_503 | 1855 | 4358 | 45 | 68 |
| iv_503-iv_504 | 1925 | 4359 | 45 | 77 |
| iv_498-iv_511 | 2000 | 4461 | 44 | 86 |
| iv_503-iv_506 | 2004 | 4404 | 44 | 74 |

### Input Bit Output Co-occurrences Sorted by Potential Output Occurrences

| Input Bits | Co-occurrences | Potential Occurrences | Output Co-occurrences | Potential Output Occurrences |
|:----------:|:--------------:|:---------------------:|:---------------------:|:----------------------------:|
| iv_506-iv_511 | 2131 | 4388 | 52 | 64 |
| iv_504-iv_507 | 1934 | 4405 | 47 | 67 |
| iv_502-iv_503 | 1855 | 4358 | 45 | 68 |
| iv_500-iv_511 | 1909 | 4526 | 52 | 69 |
| iv_502-iv_505 | 1812 | 4382 | 39 | 69 |
| iv_497-iv_499 | 1832 | 4365 | 39 | 70 |
| iv_498-iv_499 | 1869 | 4319 | 43 | 70 |
| iv_498-iv_503 | 1931 | 4361 | 49 | 70 |
| iv_505-iv_506 | 2067 | 4216 | 40 | 71 |
| iv_498-iv_502 | 1828 | 4343 | 41 | 72 |
| iv_502-iv_506 | 1926 | 4336 | 38 | 72 |

## Output Bits

### Output Bits in Regular Order

| Rank | Output Bit | Complexity |
|:----:|:----------:|:----------:|
| 1 | ov_001 | 3.707425492098159 × 10^303 |
| 2 | ov_002 | 3.2259841904071854 × 10^303 |
| 3 | ov_003 | 2.7937745074544322 × 10^303 |
| 4 | ov_004 | 2.4071016382221575 × 10^303 |
| 5 | ov_005 | 2.0624737678944932 × 10^303 |
| 6 | ov_006 | 1.7565875917425382 × 10^303 |
| 7 | ov_007 | 1.4863156824144915 × 10^303 |
| 8 | ov_008 | 1.2486955912591856 × 10^303 |
| 9 | ov_009 | 1.0409205429154311 × 10^303 |
| 10 | ov_010 | 8.603315566365501 × 10^302 |
| 11 | ov_011 | 7.04410825953424 × 10^302 |
| 12 | ov_012 | 5.707762066840281 × 10^302 |
| 13 | ov_013 | 4.571766902533946 × 10^302 |
| 14 | ov_014 | 3.614887486091975 × 10^302 |
| 15 | ov_015 | 2.8171342873987616 × 10^302 |
| 16 | ov_016 | 2.1597407518142843 × 10^302 |
| 17 | ov_017 | 1.6251456795816842 × 10^302 |
| 18 | ov_018 | 1.1969797241652804 × 10^302 |
| 19 | ov_019 | 8.600551118349022 × 10^301 |
| 20 | ov_020 | 6.003579125475277 × 10^301 |
| 21 | ov_021 | 4.050424030235486 × 10^301 |
| 22 | ov_022 | 2.624271299762822 × 10^301 |
| 23 | ov_023 | 1.6199226384237337 × 10^301 |
| 24 | ov_024 | 9.437787803151526 × 10^300 |
| 25 | ov_025 | 5.138289567483967 × 10^300 |
| 26 | ov_026 | 2.5964512463671124 × 10^300 |
| 27 | ov_027 | 1.2237924982678251 × 10^300 |
| 28 | ov_028 | 5.476223547703953 × 10^299 |
| 29 | ov_029 | 2.110357697398394 × 10^299 |
| 30 | ov_030 | 6.452652141359341 × 10^298 |
| 31 | ov_031 | 1.2589412761841807 × 10^298 |
| 32 | lv_80_m31 | 2.455970613200974 × 10^297 |
| 33 | ov_033 | 2.967951488751277 × 10^298 |
| 34 | ov_034 | 2.5788081522029735 × 10^298 |
| 35 | ov_035 | 2.230667104180798 × 10^298 |
| 36 | ov_036 | 1.919992191454803 × 10^298 |
| 37 | ov_037 | 1.6434391606187854 × 10^298 |
| 38 | ov_038 | 1.3978420992808535 × 10^298 |
| 39 | ov_039 | 1.1802016917174344 × 10^298 |
| 40 | ov_040 | 9.876751186433229 × 10^297 |
| 41 | ov_041 | 8.188789295652866 × 10^297 |
| 42 | ov_042 | 6.725016342080274 × 10^297 |
| 43 | ov_043 | 5.4730037157425556 × 10^297 |
| 44 | ov_044 | 4.409847004938507 × 10^297 |
| 45 | ov_045 | 3.5138946524093984 × 10^297 |
| 46 | ov_046 | 2.764714523112388 × 10^297 |
| 47 | ov_047 | 2.1430673152792335 × 10^297 |
| 48 | ov_048 | 1.6396286564049243 × 10^297 |
| 49 | ov_049 | 1.2374873490872092 × 10^297 |
| 50 | ov_050 | 9.208762207878699 × 10^296 |
| 51 | ov_051 | 6.751631988630678 × 10^296 |
| 52 | ov_052 | 4.86844801812648 × 10^296 |
| 53 | ov_053 | 3.435415284512625 × 10^296 |
| 54 | ov_054 | 2.3399476727381744 × 10^296 |
| 55 | ov_055 | 1.5285513288760039 × 10^296 |
| 56 | ov_056 | 9.533234563193781 × 10^295 |
| 57 | ov_057 | 5.719479317078291 × 10^295 |
| 58 | ov_058 | 3.165436986755508 × 10^295 |
| 59 | ov_059 | 1.5596165818296523 × 10^295 |
| 60 | ov_060 | 6.463497403413862 × 10^294 |
| 61 | ov_061 | 2.2578857487889898 × 10^294 |
| 62 | ov_062 | 6.1941625560850065 × 10^293 |
| 63 | ov_063 | 7.367890443156786 × 10^292 |
| 64 | lv_79_k31 | 2.352746131490734 × 10^292 |
| 65 | ov_065 | 2.8073379147924573 × 10^293 |
| 66 | ov_066 | 2.8073304162338977 × 10^293 |
| 67 | ov_067 | 2.807328632022229 × 10^293 |
| 68 | ov_068 | 2.431796339745688 × 10^293 |
| 69 | ov_069 | 2.095561280962586 × 10^293 |
| 70 | ov_070 | 1.7957110799821995 × 10^293 |
| 71 | ov_071 | 1.5294712621512152 × 10^293 |
| 72 | ov_072 | 1.2941966489371389 × 10^293 |
| 73 | ov_073 | 1.0873645352562004 × 10^293 |
| 74 | ov_074 | 9.065693662277177 × 10^292 |
| 75 | ov_075 | 7.495186454892399 × 10^292 |
| 76 | ov_076 | 6.140298215903098 × 10^292 |
| 77 | ov_077 | 4.980279128990702 × 10^292 |
| 78 | ov_078 | 3.9954364499350544 × 10^292 |
| 79 | ov_079 | 3.1671191031703164 × 10^292 |
| 80 | ov_080 | 2.477704390185207 × 10^292 |
| 81 | ov_081 | 1.9105864413741034 × 10^292 |
| 82 | ov_082 | 1.450166285631717 × 10^292 |
| 83 | ov_083 | 1.0818434127594513 × 10^292 |
| 84 | ov_084 | 7.920087043080129 × 10^291 |
| 85 | ov_085 | 5.6803860886373725 × 10^291 |
| 86 | ov_086 | 3.9829043803698716 × 10^291 |
| 87 | ov_087 | 2.720986595689426 × 10^291 |
| 88 | ov_088 | 1.7977206406940234 × 10^291 |
| 89 | ov_089 | 1.12591681954 × 10^291 |
| 90 | ov_090 | 6.644087103000906 × 10^290 |
| 91 | ov_091 | 3.768808744629447 × 10^290 |
| 92 | ov_092 | 2.0524234747017244 × 10^290 |
| 93 | ov_093 | 1.0109168447589986 × 10^290 |
| 94 | ov_094 | 4.2650290124163824 × 10^289 |
| 95 | aaa_78_28 | 1.2983410158003573 × 10^289 |
| 96 | aaa_78_29 | 3.898464973388941 × 10^288 |
| 97 | ov_097 | 2.0121704333755292 × 10^288 |
| 98 | ov_098 | 2.012150076096127 × 10^288 |
| 99 | ov_099 | 2.012143574741309 × 10^288 |
| 100 | ov_100 | 1.6609872913748098 × 10^288 |
| 101 | ov_101 | 1.3602935792045979 × 10^288 |
| 102 | ov_102 | 1.1050290971926504 × 10^288 |
| 103 | ov_103 | 8.904367418732874 × 10^287 |
| 104 | ov_104 | 7.120155750014566 × 10^287 |
| 105 | ov_105 | 5.655033663614301 × 10^287 |
| 106 | ov_106 | 4.46861511496979 × 10^287 |
| 107 | ov_107 | 3.522620965832233 × 10^287 |
| 108 | ov_108 | 2.780768946675097 × 10^287 |
| 109 | ov_109 | 2.208680891493491 × 10^287 |
| 110 | ov_110 | 1.7738053172288658 × 10^287 |
| 111 | ov_111 | 1.4453535313412048 × 10^287 |
| 112 | ov_112 | 1.1942475606332425 × 10^287 |
| 113 | ov_113 | 9.9307830275488 × 10^286 |
| 114 | ov_114 | 8.160724092393505 × 10^286 |
| 115 | ov_115 | 6.616395965398997 × 10^286 |
| 116 | ov_116 | 5.282043842924003 × 10^286 |
| 117 | ov_117 | 4.142022638446826 × 10^286 |
| 118 | ov_118 | 3.180767266761878 × 10^286 |
| 119 | ov_119 | 2.38276859797332 × 10^286 |
| 120 | ov_120 | 1.7325541559806786 × 10^286 |
| 121 | ov_121 | 1.2146743754753776 × 10^286 |
| 122 | ov_122 | 8.136937566952815 × 10^285 |
| 123 | ov_123 | 5.141850466613909 × 10^285 |
| 124 | ov_124 | 3.007253130475279 × 10^285 |
| 125 | ov_125 | 1.5789351113879132 × 10^285 |
| 126 | ov_126 | 7.02692423029874 × 10^284 |
| 127 | aaa_77_28 | 2.2432277234099717 × 10^284 |
| 128 | aaa_77_29 | 8.406289612429764 × 10^283 |
| 129 | ov_129 | 7.78144443214774 × 10^283 |
| 130 | ov_130 | 7.781421481689116 × 10^283 |
| 131 | ov_131 | 7.7814159320936725 × 10^283 |
| 132 | ov_132 | 6.743836635987978 × 10^283 |
| 133 | ov_133 | 5.815085074823023 × 10^283 |
| 134 | ov_134 | 4.9868932366983405 × 10^283 |
| 135 | ov_135 | 4.2514362602696725 × 10^283 |
| 136 | ov_136 | 3.601300778384007 × 10^283 |
| 137 | ov_137 | 3.029457641780094 × 10^283 |
| 138 | ov_138 | 2.5292386046216 × 10^283 |
| 139 | ov_139 | 2.0943165751254917 × 10^283 |
| 140 | ov_140 | 1.7186890553888608 × 10^283 |
| 141 | ov_141 | 1.3966644148441488 × 10^283 |
| 142 | ov_142 | 1.1228506617073218 × 10^283 |
| 143 | ov_143 | 8.921463964277362 × 10^282 |
| 144 | ov_144 | 6.997336505834687 × 10^282 |
| 145 | ov_145 | 5.410723339540236 × 10^282 |
| 146 | ov_146 | 4.118960316900482 × 10^282 |
| 147 | ov_147 | 3.0820891262020367 × 10^282 |
| 148 | ov_148 | 2.2628352881188554 × 10^282 |
| 149 | ov_149 | 1.626593055502684 × 10^282 |
| 150 | ov_150 | 1.1414153992950226 × 10^282 |
| 151 | ov_151 | 7.780075306577752 × 10^281 |
| 152 | ov_152 | 5.0972282158900004 × 10^281 |
| 153 | ov_153 | 3.1256036278324035 × 10^281 |
| 154 | ov_154 | 1.75180906826302 × 10^281 |
| 155 | ov_155 | 8.756712618319707 × 10^280 |
| 156 | aaa_76_25 | 3.3649153900185442 × 10^280 |
| 157 | aaa_76_26 | 1.9433118178808811 × 10^280 |
| 158 | aaa_76_27 | 9.94849033655279 × 10^279 |
| 159 | aaa_76_28 | 3.873902466457668 × 10^279 |
| 160 | aaa_76_29 | 1.1782651608865716 × 10^279 |

### Output Bits Sorted by Complexity

| Rank | Output Bit | Complexity |
|:----:|:----------:|:----------:|
| 160 | aaa_76_29 | 1.1782651608865716 × 10^279 |
| 159 | aaa_76_28 | 3.873902466457668 × 10^279 |
| 158 | aaa_76_27 | 9.94849033655279 × 10^279 |
| 157 | aaa_76_26 | 1.9433118178808811 × 10^280 |
| 156 | aaa_76_25 | 3.3649153900185442 × 10^280 |
| 155 | ov_155 | 8.756712618319707 × 10^280 |
| 154 | ov_154 | 1.75180906826302 × 10^281 |
| 153 | ov_153 | 3.1256036278324035 × 10^281 |
| 152 | ov_152 | 5.0972282158900004 × 10^281 |
| 151 | ov_151 | 7.780075306577752 × 10^281 |
| 150 | ov_150 | 1.1414153992950226 × 10^282 |
| 149 | ov_149 | 1.626593055502684 × 10^282 |
| 148 | ov_148 | 2.2628352881188554 × 10^282 |
| 147 | ov_147 | 3.0820891262020367 × 10^282 |
| 146 | ov_146 | 4.118960316900482 × 10^282 |
| 145 | ov_145 | 5.410723339540236 × 10^282 |
| 144 | ov_144 | 6.997336505834687 × 10^282 |
| 143 | ov_143 | 8.921463964277362 × 10^282 |
| 142 | ov_142 | 1.1228506617073218 × 10^283 |
| 141 | ov_141 | 1.3966644148441488 × 10^283 |
| 140 | ov_140 | 1.7186890553888608 × 10^283 |
| 139 | ov_139 | 2.0943165751254917 × 10^283 |
| 138 | ov_138 | 2.5292386046216 × 10^283 |
| 137 | ov_137 | 3.029457641780094 × 10^283 |
| 136 | ov_136 | 3.601300778384007 × 10^283 |
| 135 | ov_135 | 4.2514362602696725 × 10^283 |
| 134 | ov_134 | 4.9868932366983405 × 10^283 |
| 133 | ov_133 | 5.815085074823023 × 10^283 |
| 132 | ov_132 | 6.743836635987978 × 10^283 |
| 131 | ov_131 | 7.7814159320936725 × 10^283 |
| 130 | ov_130 | 7.781421481689116 × 10^283 |
| 129 | ov_129 | 7.78144443214774 × 10^283 |
| 128 | aaa_77_29 | 8.406289612429764 × 10^283 |
| 127 | aaa_77_28 | 2.2432277234099717 × 10^284 |
| 126 | ov_126 | 7.02692423029874 × 10^284 |
| 125 | ov_125 | 1.5789351113879132 × 10^285 |
| 124 | ov_124 | 3.007253130475279 × 10^285 |
| 123 | ov_123 | 5.141850466613909 × 10^285 |
| 122 | ov_122 | 8.136937566952815 × 10^285 |
| 121 | ov_121 | 1.2146743754753776 × 10^286 |
| 120 | ov_120 | 1.7325541559806786 × 10^286 |
| 119 | ov_119 | 2.38276859797332 × 10^286 |
| 118 | ov_118 | 3.180767266761878 × 10^286 |
| 117 | ov_117 | 4.142022638446826 × 10^286 |
| 116 | ov_116 | 5.282043842924003 × 10^286 |
| 115 | ov_115 | 6.616395965398997 × 10^286 |
| 114 | ov_114 | 8.160724092393505 × 10^286 |
| 113 | ov_113 | 9.9307830275488 × 10^286 |
| 112 | ov_112 | 1.1942475606332425 × 10^287 |
| 111 | ov_111 | 1.4453535313412048 × 10^287 |
| 110 | ov_110 | 1.7738053172288658 × 10^287 |
| 109 | ov_109 | 2.208680891493491 × 10^287 |
| 108 | ov_108 | 2.780768946675097 × 10^287 |
| 107 | ov_107 | 3.522620965832233 × 10^287 |
| 106 | ov_106 | 4.46861511496979 × 10^287 |
| 105 | ov_105 | 5.655033663614301 × 10^287 |
| 104 | ov_104 | 7.120155750014566 × 10^287 |
| 103 | ov_103 | 8.904367418732874 × 10^287 |
| 102 | ov_102 | 1.1050290971926504 × 10^288 |
| 101 | ov_101 | 1.3602935792045979 × 10^288 |
| 100 | ov_100 | 1.6609872913748098 × 10^288 |
| 99 | ov_099 | 2.012143574741309 × 10^288 |
| 98 | ov_098 | 2.012150076096127 × 10^288 |
| 97 | ov_097 | 2.0121704333755292 × 10^288 |
| 96 | aaa_78_29 | 3.898464973388941 × 10^288 |
| 95 | aaa_78_28 | 1.2983410158003573 × 10^289 |
| 94 | ov_094 | 4.2650290124163824 × 10^289 |
| 93 | ov_093 | 1.0109168447589986 × 10^290 |
| 92 | ov_092 | 2.0524234747017244 × 10^290 |
| 91 | ov_091 | 3.768808744629447 × 10^290 |
| 90 | ov_090 | 6.644087103000906 × 10^290 |
| 89 | ov_089 | 1.12591681954 × 10^291 |
| 88 | ov_088 | 1.7977206406940234 × 10^291 |
| 87 | ov_087 | 2.720986595689426 × 10^291 |
| 86 | ov_086 | 3.9829043803698716 × 10^291 |
| 85 | ov_085 | 5.6803860886373725 × 10^291 |
| 84 | ov_084 | 7.920087043080129 × 10^291 |
| 83 | ov_083 | 1.0818434127594513 × 10^292 |
| 82 | ov_082 | 1.450166285631717 × 10^292 |
| 81 | ov_081 | 1.9105864413741034 × 10^292 |
| 64 | lv_79_k31 | 2.352746131490734 × 10^292 |
| 80 | ov_080 | 2.477704390185207 × 10^292 |
| 79 | ov_079 | 3.1671191031703164 × 10^292 |
| 78 | ov_078 | 3.9954364499350544 × 10^292 |
| 77 | ov_077 | 4.980279128990702 × 10^292 |
| 76 | ov_076 | 6.140298215903098 × 10^292 |
| 63 | ov_063 | 7.367890443156786 × 10^292 |
| 75 | ov_075 | 7.495186454892399 × 10^292 |
| 74 | ov_074 | 9.065693662277177 × 10^292 |
| 73 | ov_073 | 1.0873645352562004 × 10^293 |
| 72 | ov_072 | 1.2941966489371389 × 10^293 |
| 71 | ov_071 | 1.5294712621512152 × 10^293 |
| 70 | ov_070 | 1.7957110799821995 × 10^293 |
| 69 | ov_069 | 2.095561280962586 × 10^293 |
| 68 | ov_068 | 2.431796339745688 × 10^293 |
| 67 | ov_067 | 2.807328632022229 × 10^293 |
| 66 | ov_066 | 2.8073304162338977 × 10^293 |
| 65 | ov_065 | 2.8073379147924573 × 10^293 |
| 62 | ov_062 | 6.1941625560850065 × 10^293 |
| 61 | ov_061 | 2.2578857487889898 × 10^294 |
| 60 | ov_060 | 6.463497403413862 × 10^294 |
| 59 | ov_059 | 1.5596165818296523 × 10^295 |
| 58 | ov_058 | 3.165436986755508 × 10^295 |
| 57 | ov_057 | 5.719479317078291 × 10^295 |
| 56 | ov_056 | 9.533234563193781 × 10^295 |
| 55 | ov_055 | 1.5285513288760039 × 10^296 |
| 54 | ov_054 | 2.3399476727381744 × 10^296 |
| 53 | ov_053 | 3.435415284512625 × 10^296 |
| 52 | ov_052 | 4.86844801812648 × 10^296 |
| 51 | ov_051 | 6.751631988630678 × 10^296 |
| 50 | ov_050 | 9.208762207878699 × 10^296 |
| 49 | ov_049 | 1.2374873490872092 × 10^297 |
| 48 | ov_048 | 1.6396286564049243 × 10^297 |
| 47 | ov_047 | 2.1430673152792335 × 10^297 |
| 32 | lv_80_m31 | 2.455970613200974 × 10^297 |
| 46 | ov_046 | 2.764714523112388 × 10^297 |
| 45 | ov_045 | 3.5138946524093984 × 10^297 |
| 44 | ov_044 | 4.409847004938507 × 10^297 |
| 43 | ov_043 | 5.4730037157425556 × 10^297 |
| 42 | ov_042 | 6.725016342080274 × 10^297 |
| 41 | ov_041 | 8.188789295652866 × 10^297 |
| 40 | ov_040 | 9.876751186433229 × 10^297 |
| 39 | ov_039 | 1.1802016917174344 × 10^298 |
| 31 | ov_031 | 1.2589412761841807 × 10^298 |
| 38 | ov_038 | 1.3978420992808535 × 10^298 |
| 37 | ov_037 | 1.6434391606187854 × 10^298 |
| 36 | ov_036 | 1.919992191454803 × 10^298 |
| 35 | ov_035 | 2.230667104180798 × 10^298 |
| 34 | ov_034 | 2.5788081522029735 × 10^298 |
| 33 | ov_033 | 2.967951488751277 × 10^298 |
| 30 | ov_030 | 6.452652141359341 × 10^298 |
| 29 | ov_029 | 2.110357697398394 × 10^299 |
| 28 | ov_028 | 5.476223547703953 × 10^299 |
| 27 | ov_027 | 1.2237924982678251 × 10^300 |
| 26 | ov_026 | 2.5964512463671124 × 10^300 |
| 25 | ov_025 | 5.138289567483967 × 10^300 |
| 24 | ov_024 | 9.437787803151526 × 10^300 |
| 23 | ov_023 | 1.6199226384237337 × 10^301 |
| 22 | ov_022 | 2.624271299762822 × 10^301 |
| 21 | ov_021 | 4.050424030235486 × 10^301 |
| 20 | ov_020 | 6.003579125475277 × 10^301 |
| 19 | ov_019 | 8.600551118349022 × 10^301 |
| 18 | ov_018 | 1.1969797241652804 × 10^302 |
| 17 | ov_017 | 1.6251456795816842 × 10^302 |
| 16 | ov_016 | 2.1597407518142843 × 10^302 |
| 15 | ov_015 | 2.8171342873987616 × 10^302 |
| 14 | ov_014 | 3.614887486091975 × 10^302 |
| 13 | ov_013 | 4.571766902533946 × 10^302 |
| 12 | ov_012 | 5.707762066840281 × 10^302 |
| 11 | ov_011 | 7.04410825953424 × 10^302 |
| 10 | ov_010 | 8.603315566365501 × 10^302 |
| 9 | ov_009 | 1.0409205429154311 × 10^303 |
| 8 | ov_008 | 1.2486955912591856 × 10^303 |
| 7 | ov_007 | 1.4863156824144915 × 10^303 |
| 6 | ov_006 | 1.7565875917425382 × 10^303 |
| 5 | ov_005 | 2.0624737678944932 × 10^303 |
| 4 | ov_004 | 2.4071016382221575 × 10^303 |
| 3 | ov_003 | 2.7937745074544322 × 10^303 |
| 2 | ov_002 | 3.2259841904071854 × 10^303 |
| 1 | ov_001 | 3.707425492098159 × 10^303 |

