# Results for F001-F002-F003-F004-F005-F006-F007-F008-F009-F010-F011-F012-F013-F014-F015-F016-F017-F018-F019-F020-F021-F022-F023-F024-F025-F026-F027-F028-F029-F030-F031-F032-F033-F034-F035-F036-F037-F038-F039-F040-F041-F042-F043-F044-F045-F046-F047-F048-F049-F050-F051-F052-F053-F054-F055-F056-F057-F058-F059-F060-F061-F062-F063-F064-F065-F066-F067-F068-F069-F070-F071-F072-F073-F074-F075-F076-F077-F078-F079-F080-F081-F082-F083-F084-F085-F086-F087-F088-F089-F090-F091-F092-F093-F094-F095-F096-F097-F098-F099-F100-F101-F102-F103-F104-F105-F106-F107-F108-F109-F110-F111-F112-F113-F114-F115-F116-F117-F118-F119-F120-F121-F122-F123-F124-F125-F126-F127-F128-F129-F130-F131-F132-F133-F134-F135-F136-F137-F138-F139-F140-F141-F142-F143-F144-F145-F146-F147-F148-F149-F150-F151-F152-F153-F154-F155-F156-F157-F158-F159-F160-F161-F162-F163-F164-F165-F166-F167-F168-F169-F170-F171-F172-F173-F174-F175-F176-F177-F178-F179-F180-F181-F182-F183-F184-F185-F186-F187-F188-F189-F190-F191-F192-F193-F194-F195-F196-F197-F198-F199-F200-F201-F202-F203-F204-F205-F206-F207-F208-F209-F210-F211-F212-F213-F214-F215-F216-F217-F218-F219-F220-F221-F222-F223-F224-F225-F226-F227-F228-F229-F230-F231-F232-F233-F234-F235-F236-F237-F238-F239-F240-F241-F242-F243-F244-F245-F246-F247-F248-F249-F250-F251-F252-F253-F254-F255-F256-F257-F258-F259-F260-F261-F262-F263-F264-F265-F266-F267-F268-F269-F270-F271-F272-F273-F274-F275-F276-F277-F278-F279-F280-F281-F282-F283-F284-F285-F286-F287-F288-F289-F290-F291-F292-F293-F294-F295-F296-F297-F298-F299-F300-F301-F302-F303-F304-F305-F306-F307-F308-F309-F310-F311-F312-F313-F314-F315-F316-F317-F318-F319-F320-F321-F322-F323-F324-F325-F326-F327-F328-F329-F330-F331-F332-F333-F334-F335-F336-F337-F338-F339-F340-F341-F342-F343-F344-F345-F346-F347-F348-F349-F350-F351-F352-F353-F354-F355-F356-F357-F358-F359-F360-F361-F362-F363-F364-F365-F366-F367-F368-F369-F370-F371-F372-F373-F374-F375-F376-F377-F378-F379-F380-F381-F382-F383-F384-F385-F386-F387-F388-F389-F390-F391-F392-F393-F394-F395-F396-F397-F398-F399-F400-F401-F402-F403-F404-F405-F406-F407-F408-F409-F410-F411-F412-F413-F414-F415-F416-F417-F418-F419-F420-F421-F422-F423-F424-F425-F426-F427-F428-F429-F430-F431-F432-F433-F434-F435-F436-F437-F438-F439-F440-F441-F442-F443-F444-F445-F446-F447-F448-F449-F450-F451-F452-F453-F454-F455-F456-F457-F458-F459-F460-F461-F462-F463-F464-F465-F466-F467-F468-F469-F470-F471-F472-F473-F474-F475-F476-F477-F478-F479-F480-F481-F482-F483-F484-F485-F486-F487-F488-F489-F490-F491-F492-F493-F494-F495-F496-E501505-F509-F510-F511-F512

## Summary

Number of input bits: 512  
Number of free input bits: 11  
Number of output bits: 160

Number of direct occurrences: 43906  
Number of assignments: 31062  
Number of operations: 10819047
(xor: 10791029,
and: 14734,
or: 13284)

Total complexity: 5.1196224177472146 × 10^297

Least occurring input variable: iv_502 (3836)  
Most occurring input variable: iv_508 (4151)

Most co-occurring input variables: iv_497-iv_507 (2018)  
Least co-occurring input variables: iv_498-iv_502 (1739)

Potentially most occurring input variable: iv_501/iv_508 (4470)  
Potentially least occurring input variable: iv_504/iv_506 (4095)

Least output occurring input variable: iv_501 (73)  
Most output occurring input variable: iv_497 (93)

Most output co-occurring input variables: iv_497-iv_502 (52)  
Least output co-occurring input variables: iv_499-iv_501 (32)

Potentially most output occurring input variable: iv_497/iv_500 (91)  
Potentially least output occurring input variable: iv_497/iv_504 (71)

Least complex input bit: iv_497 (1.8169951611778036 × 10^295)  
Most complex input bit: iv_501 (1.2542041302019892 × 10^297)

Least complex output bit: aaa_76_29 (1.1525881277315042 × 10^273)  
Most complex output bit: ov_001 (8.18927677333902 × 10^296)

Least complex input/output complexity: iv_497/aaa_76_29 (4.090627940957915 × 10^270)  
Most complex input/output complexity: iv_501/ov_001 (2.00620747281761 × 10^296)

## Input Bits

### Input Bits in Regular Order

| Input Bit | Complexity | Occurrences | Output Occurrences |
|:---------:|:----------:|:-----------:|:------------------:|
| iv_497 | 1.8169951611778036 × 10^295 | 4095 | 93 |
| iv_498 | 3.636094901018779 × 10^295 | 3891 | 88 |
| iv_499 | 6.420660984302006 × 10^295 | 3897 | 81 |
| iv_500 | 1.0808068004322429 × 10^296 | 4062 | 76 |
| iv_501 | 1.2542041302019892 × 10^297 | 4047 | 73 |
| iv_502 | 2.8679972993393117 × 10^296 | 3836 | 82 |
| iv_503 | 4.54222218285983 × 10^296 | 4003 | 75 |
| iv_504 | 7.05453468010492 × 10^296 | 3879 | 78 |
| iv_506 | 5.3834062237756395 × 10^296 | 3908 | 82 |
| iv_507 | 7.660489145534688 × 10^296 | 4137 | 76 |
| iv_508 | 8.877351438755755 × 10^296 | 4151 | 81 |

### Input Bits Sorted by Complexity

| Input Bit | Complexity | Occurrences | Output Occurrences |
|:---------:|:----------:|:-----------:|:------------------:|
| iv_497 | 1.8169951611778036 × 10^295 | 4095 | 93 |
| iv_498 | 3.636094901018779 × 10^295 | 3891 | 88 |
| iv_499 | 6.420660984302006 × 10^295 | 3897 | 81 |
| iv_500 | 1.0808068004322429 × 10^296 | 4062 | 76 |
| iv_502 | 2.8679972993393117 × 10^296 | 3836 | 82 |
| iv_503 | 4.54222218285983 × 10^296 | 4003 | 75 |
| iv_506 | 5.3834062237756395 × 10^296 | 3908 | 82 |
| iv_504 | 7.05453468010492 × 10^296 | 3879 | 78 |
| iv_507 | 7.660489145534688 × 10^296 | 4137 | 76 |
| iv_508 | 8.877351438755755 × 10^296 | 4151 | 81 |
| iv_501 | 1.2542041302019892 × 10^297 | 4047 | 73 |

### Input Bits Sorted by Occurrences

| Input Bit | Complexity | Occurrences | Output Occurrences |
|:---------:|:----------:|:-----------:|:------------------:|
| iv_502 | 2.8679972993393117 × 10^296 | 3836 | 82 |
| iv_504 | 7.05453468010492 × 10^296 | 3879 | 78 |
| iv_498 | 3.636094901018779 × 10^295 | 3891 | 88 |
| iv_499 | 6.420660984302006 × 10^295 | 3897 | 81 |
| iv_506 | 5.3834062237756395 × 10^296 | 3908 | 82 |
| iv_503 | 4.54222218285983 × 10^296 | 4003 | 75 |
| iv_501 | 1.2542041302019892 × 10^297 | 4047 | 73 |
| iv_500 | 1.0808068004322429 × 10^296 | 4062 | 76 |
| iv_497 | 1.8169951611778036 × 10^295 | 4095 | 93 |
| iv_507 | 7.660489145534688 × 10^296 | 4137 | 76 |
| iv_508 | 8.877351438755755 × 10^296 | 4151 | 81 |

### Input Bits Sorted by Output Occurrences

| Input Bit | Complexity | Occurrences | Output Occurrences |
|:---------:|:----------:|:-----------:|:------------------:|
| iv_501 | 1.2542041302019892 × 10^297 | 4047 | 73 |
| iv_503 | 4.54222218285983 × 10^296 | 4003 | 75 |
| iv_500 | 1.0808068004322429 × 10^296 | 4062 | 76 |
| iv_507 | 7.660489145534688 × 10^296 | 4137 | 76 |
| iv_504 | 7.05453468010492 × 10^296 | 3879 | 78 |
| iv_499 | 6.420660984302006 × 10^295 | 3897 | 81 |
| iv_508 | 8.877351438755755 × 10^296 | 4151 | 81 |
| iv_502 | 2.8679972993393117 × 10^296 | 3836 | 82 |
| iv_506 | 5.3834062237756395 × 10^296 | 3908 | 82 |
| iv_498 | 3.636094901018779 × 10^295 | 3891 | 88 |
| iv_497 | 1.8169951611778036 × 10^295 | 4095 | 93 |

## Input Bit Co-occurrences

### Input Bit Co-occurrences Sorted by Co-occurrences

| Input Bits | Co-occurrences | Potential Occurrences | Output Co-occurrences | Potential Output Occurrences |
|:----------:|:--------------:|:---------------------:|:---------------------:|:----------------------------:|
| iv_497-iv_507 | 2018 | 4196 | 44 | 81 |
| iv_507-iv_508 | 2015 | 4258 | 43 | 71 |
| iv_497-iv_500 | 1962 | 4233 | 39 | 91 |
| iv_500-iv_508 | 1962 | 4289 | 36 | 85 |
| iv_497-iv_503 | 1959 | 4180 | 46 | 76 |
| iv_500-iv_507 | 1959 | 4281 | 35 | 82 |
| iv_506-iv_507 | 1958 | 4129 | 39 | 80 |
| iv_501-iv_507 | 1939 | 4306 | 36 | 77 |
| iv_499-iv_508 | 1935 | 4178 | 43 | 76 |
| iv_501-iv_503 | 1934 | 4182 | 35 | 78 |
| iv_497-iv_508 | 1930 | 4386 | 46 | 82 |

### Input Bit Co-occurrences Sorted by Potential Occurrences

| Input Bits | Co-occurrences | Potential Occurrences | Output Co-occurrences | Potential Output Occurrences |
|:----------:|:--------------:|:---------------------:|:---------------------:|:----------------------------:|
| iv_504-iv_506 | 1846 | 4095 | 42 | 76 |
| iv_499-iv_504 | 1836 | 4104 | 38 | 83 |
| iv_506-iv_507 | 1958 | 4129 | 39 | 80 |
| iv_498-iv_504 | 1813 | 4144 | 46 | 74 |
| iv_497-iv_506 | 1922 | 4159 | 51 | 73 |
| iv_501-iv_504 | 1883 | 4160 | 34 | 83 |
| iv_498-iv_506 | 1819 | 4161 | 41 | 88 |
| iv_497-iv_502 | 1883 | 4165 | 52 | 71 |
| iv_502-iv_504 | 1773 | 4169 | 42 | 76 |
| iv_502-iv_506 | 1786 | 4172 | 44 | 76 |
| iv_497-iv_504 | 1900 | 4174 | 50 | 71 |

### Input Bit Output Co-occurrences Sorted by Output Co-occurrences

| Input Bits | Co-occurrences | Potential Occurrences | Output Co-occurrences | Potential Output Occurrences |
|:----------:|:--------------:|:---------------------:|:---------------------:|:----------------------------:|
| iv_497-iv_502 | 1883 | 4165 | 52 | 71 |
| iv_497-iv_506 | 1922 | 4159 | 51 | 73 |
| iv_497-iv_504 | 1900 | 4174 | 50 | 71 |
| iv_497-iv_498 | 1869 | 4248 | 50 | 81 |
| iv_498-iv_499 | 1803 | 4182 | 48 | 73 |
| iv_498-iv_502 | 1739 | 4249 | 46 | 78 |
| iv_498-iv_504 | 1813 | 4144 | 46 | 74 |
| iv_497-iv_503 | 1959 | 4180 | 46 | 76 |
| iv_497-iv_508 | 1930 | 4386 | 46 | 82 |
| iv_497-iv_499 | 1898 | 4196 | 45 | 84 |
| iv_498-iv_508 | 1838 | 4366 | 45 | 79 |

### Input Bit Output Co-occurrences Sorted by Potential Output Occurrences

| Input Bits | Co-occurrences | Potential Occurrences | Output Co-occurrences | Potential Output Occurrences |
|:----------:|:--------------:|:---------------------:|:---------------------:|:----------------------------:|
| iv_497-iv_504 | 1900 | 4174 | 50 | 71 |
| iv_497-iv_502 | 1883 | 4165 | 52 | 71 |
| iv_507-iv_508 | 2015 | 4258 | 43 | 71 |
| iv_498-iv_499 | 1803 | 4182 | 48 | 73 |
| iv_499-iv_500 | 1867 | 4225 | 42 | 73 |
| iv_497-iv_506 | 1922 | 4159 | 51 | 73 |
| iv_500-iv_503 | 1918 | 4229 | 39 | 73 |
| iv_498-iv_504 | 1813 | 4144 | 46 | 74 |
| iv_502-iv_507 | 1873 | 4227 | 42 | 74 |
| iv_502-iv_504 | 1773 | 4169 | 42 | 76 |
| iv_502-iv_506 | 1786 | 4172 | 44 | 76 |

## Output Bits

### Output Bits in Regular Order

| Rank | Output Bit | Complexity |
|:----:|:----------:|:----------:|
| 1 | ov_001 | 8.18927677333902 × 10^296 |
| 2 | ov_002 | 7.101946216426497 × 10^296 |
| 3 | ov_003 | 6.1279007210634534 × 10^296 |
| 4 | ov_004 | 5.258556466382077 × 10^296 |
| 5 | ov_005 | 4.485797659917765 × 10^296 |
| 6 | ov_006 | 3.8019431657618775 × 10^296 |
| 7 | ov_007 | 3.1997174413517924 × 10^296 |
| 8 | ov_008 | 2.67222550293503 × 10^296 |
| 9 | ov_009 | 2.212931607967153 × 10^296 |
| 10 | ov_010 | 1.815641285520089 × 10^296 |
| 11 | ov_011 | 1.4744863415362856 × 10^296 |
| 12 | ov_012 | 1.1839124870797964 × 10^296 |
| 13 | ov_013 | 9.386692586517259 × 10^295 |
| 14 | ov_014 | 7.338019202464222 × 10^295 |
| 15 | ov_015 | 5.646450572021928 × 10^295 |
| 16 | ov_016 | 4.2681759210686296 × 10^295 |
| 17 | ov_017 | 3.162189731015223 × 10^295 |
| 18 | ov_018 | 2.2902630492085313 × 10^295 |
| 19 | ov_019 | 1.6169221294162262 × 10^295 |
| 20 | ov_020 | 1.1094325978425535 × 10^295 |
| 21 | ov_021 | 7.377878078344981 × 10^294 |
| 22 | ov_022 | 4.747004767882029 × 10^294 |
| 23 | ov_023 | 2.9559690417991883 × 10^294 |
| 24 | ov_024 | 1.7861316879266334 × 10^294 |
| 25 | ov_025 | 1.04592802336048 × 10^294 |
| 26 | ov_026 | 5.708551544817114 × 10^293 |
| 27 | ov_027 | 2.8542602367461057 × 10^293 |
| 28 | ov_028 | 1.2768059215029945 × 10^293 |
| 29 | ov_029 | 4.918523785810257 × 10^292 |
| 30 | ov_030 | 1.503259768641496 × 10^292 |
| 31 | ov_031 | 2.9313366407927945 × 10^291 |
| 32 | lv_80_m31 | 5.715104947486457 × 10^290 |
| 33 | ov_033 | 6.847687393402331 × 10^291 |
| 34 | ov_034 | 5.937488346936542 × 10^291 |
| 35 | ov_035 | 5.1232542925102474 × 10^291 |
| 36 | ov_036 | 4.3971818171703635 × 10^291 |
| 37 | ov_037 | 3.7518871555607255 × 10^291 |
| 38 | ov_038 | 3.180376660764031 × 10^291 |
| 39 | ov_039 | 2.676021314408945 × 10^291 |
| 40 | ov_040 | 2.2325348793810363 × 10^291 |
| 41 | ov_041 | 1.8439553226779824 × 10^291 |
| 42 | ov_042 | 1.5073805497959274 × 10^291 |
| 43 | ov_043 | 1.2200591698323731 × 10^291 |
| 44 | ov_044 | 9.769178880111386 × 10^290 |
| 45 | ov_045 | 7.731593380897381 × 10^290 |
| 46 | ov_046 | 6.042550361907499 × 10^290 |
| 47 | ov_047 | 4.6593981778162045 × 10^290 |
| 48 | ov_048 | 3.542075272609208 × 10^290 |
| 49 | ov_049 | 2.653077474060665 × 10^290 |
| 50 | ov_050 | 1.957433734054091 × 10^290 |
| 51 | ov_051 | 1.4226885340910455 × 10^290 |
| 52 | ov_052 | 1.0188893455132359 × 10^290 |
| 53 | ov_053 | 7.185777719019467 × 10^289 |
| 54 | ov_054 | 4.967833659850287 × 10^289 |
| 55 | ov_055 | 3.310194463743897 × 10^289 |
| 56 | ov_056 | 2.1066319863819321 × 10^289 |
| 57 | ov_057 | 1.2633182668071589 × 10^289 |
| 58 | ov_058 | 6.988195191340485 × 10^288 |
| 59 | ov_059 | 3.440929413624511 × 10^288 |
| 60 | ov_060 | 1.4248523451289596 × 10^288 |
| 61 | ov_061 | 4.973205663561723 × 10^287 |
| 62 | ov_062 | 1.3631753233200254 × 10^287 |
| 63 | ov_063 | 2.654686187235358 × 10^286 |
| 64 | lv_79_m31 | 5.168667562883438 × 10^285 |
| 65 | ov_065 | 6.139762873479979 × 10^286 |
| 66 | ov_066 | 6.139743212615434 × 10^286 |
| 67 | ov_067 | 6.139738400533504 × 10^286 |
| 68 | ov_068 | 5.300360398424632 × 10^286 |
| 69 | ov_069 | 4.552328383743174 × 10^286 |
| 70 | ov_070 | 3.8881965534317485 × 10^286 |
| 71 | ov_071 | 3.3009773931575106 × 10^286 |
| 72 | ov_072 | 2.7841106362390213 × 10^286 |
| 73 | ov_073 | 2.331434963652571 × 10^286 |
| 74 | ov_074 | 1.9371623010124288 × 10^286 |
| 75 | ov_075 | 1.5958545738244018 × 10^286 |
| 76 | ov_076 | 1.3024027867275203 × 10^286 |
| 77 | ov_077 | 1.0520082959947875 × 10^286 |
| 78 | ov_078 | 8.401661473823746 × 10^285 |
| 79 | ov_079 | 6.626503536106 × 10^285 |
| 80 | ov_080 | 5.1550098743439667 × 10^285 |
| 81 | ov_081 | 3.95012967512218 × 10^285 |
| 82 | ov_082 | 2.9772641519860053 × 10^285 |
| 83 | ov_083 | 2.2041846104582632 × 10^285 |
| 84 | ov_084 | 1.600963802707619 × 10^285 |
| 85 | ov_085 | 1.1399193677432608 × 10^285 |
| 86 | ov_086 | 7.955681552867846 × 10^284 |
| 87 | ov_087 | 5.445902329742148 × 10^284 |
| 88 | ov_088 | 3.658013774801621 × 10^284 |
| 89 | ov_089 | 2.4013285070324586 × 10^284 |
| 90 | ov_090 | 1.5061726244251507 × 10^284 |
| 91 | ov_091 | 8.929483036052383 × 10^283 |
| 92 | ov_092 | 4.925004523064996 × 10^283 |
| 93 | ov_093 | 2.460967387778875 × 10^283 |
| 94 | ov_094 | 1.0541777802490733 × 10^283 |
| 95 | aaa_78_28 | 3.255312500536895 × 10^282 |
| 96 | aaa_78_29 | 9.997744741900806 × 10^281 |
| 97 | ov_097 | 6.603386731047358 × 10^281 |
| 98 | ov_098 | 6.60318931691314 × 10^281 |
| 99 | ov_099 | 6.603126291788036 × 10^281 |
| 100 | ov_100 | 5.942417209181236 × 10^281 |
| 101 | ov_101 | 5.330386218337483 × 10^281 |
| 102 | ov_102 | 4.7643729282928445 × 10^281 |
| 103 | ov_103 | 4.241911055217269 × 10^281 |
| 104 | ov_104 | 3.7607028615566045 × 10^281 |
| 105 | ov_105 | 3.318595947066094 × 10^281 |
| 106 | ov_106 | 2.9135622718626856 × 10^281 |
| 107 | ov_107 | 2.5436792956989647 × 10^281 |
| 108 | ov_108 | 2.2071131208835508 × 10^281 |
| 109 | ov_109 | 1.902103528767814 × 10^281 |
| 110 | ov_110 | 1.6269508015984481 × 10^281 |
| 111 | ov_111 | 1.3800042229067663 × 10^281 |
| 112 | ov_112 | 1.1596521505678935 × 10^281 |
| 113 | ov_113 | 9.643135573075085 × 10^280 |
| 114 | ov_114 | 7.924309338438303 × 10^280 |
| 115 | ov_115 | 6.424644501027719 × 10^280 |
| 116 | ov_116 | 5.1288727009675925 × 10^280 |
| 117 | ov_117 | 4.021819161561767 × 10^280 |
| 118 | ov_118 | 3.0883757827027043 × 10^280 |
| 119 | ov_119 | 2.313481787592756 × 10^280 |
| 120 | ov_120 | 1.68210929965518 × 10^280 |
| 121 | ov_121 | 1.1792523428567777 × 10^280 |
| 122 | ov_122 | 7.899187447414608 × 10^279 |
| 123 | ov_123 | 4.991244215093256 × 10^279 |
| 124 | ov_124 | 2.918895244830569 × 10^279 |
| 125 | ov_125 | 1.5323605389517832 × 10^279 |
| 126 | ov_126 | 6.818664229466035 × 10^278 |
| 127 | aaa_77_28 | 2.1764087811908305 × 10^278 |
| 128 | aaa_77_29 | 8.153956628612036 × 10^277 |
| 129 | ov_129 | 7.498895517105681 × 10^277 |
| 130 | ov_130 | 7.498873087572421 × 10^277 |
| 131 | ov_131 | 7.498867670411974 × 10^277 |
| 132 | ov_132 | 6.490089540619642 × 10^277 |
| 133 | ov_133 | 5.587596274506785 × 10^277 |
| 134 | ov_134 | 4.783341353122126 × 10^277 |
| 135 | ov_135 | 4.0697025131553955 × 10^277 |
| 136 | ov_136 | 3.439451262067048 × 10^277 |
| 137 | ov_137 | 2.8857267963844163 × 10^277 |
| 138 | ov_138 | 2.4020138914564727 × 10^277 |
| 139 | ov_139 | 1.9821243526375878 × 10^277 |
| 140 | ov_140 | 1.6201816389877691 × 10^277 |
| 141 | ov_141 | 1.3106082912724996 × 10^277 |
| 142 | ov_142 | 1.0481158164342995 × 10^277 |
| 143 | ov_143 | 8.27696700882334 × 10^276 |
| 144 | ov_144 | 6.446182449760562 × 10^276 |
| 145 | ov_145 | 4.9441793101477007 × 10^276 |
| 146 | ov_146 | 3.729000569205732 × 10^276 |
| 147 | ov_147 | 2.761333876372882 × 10^276 |
| 148 | ov_148 | 2.0044959607420596 × 10^276 |
| 149 | ov_149 | 1.4244228520782243 × 10^276 |
| 150 | ov_150 | 9.89664027227952 × 10^275 |
| 151 | ov_151 | 6.713788741505104 × 10^275 |
| 152 | ov_152 | 4.4333436202666065 × 10^275 |
| 153 | ov_153 | 2.819033897663106 × 10^275 |
| 154 | ov_154 | 1.660636333464007 × 10^275 |
| 155 | ov_155 | 8.595500588295858 × 10^274 |
| 156 | aaa_76_25 | 3.3019301066988206 × 10^274 |
| 157 | aaa_76_26 | 1.905777644727015 × 10^274 |
| 158 | aaa_76_27 | 9.74953909923624 × 10^273 |
| 159 | aaa_76_28 | 3.7930042026852494 × 10^273 |
| 160 | aaa_76_29 | 1.1525881277315042 × 10^273 |

### Output Bits Sorted by Complexity

| Rank | Output Bit | Complexity |
|:----:|:----------:|:----------:|
| 160 | aaa_76_29 | 1.1525881277315042 × 10^273 |
| 159 | aaa_76_28 | 3.7930042026852494 × 10^273 |
| 158 | aaa_76_27 | 9.74953909923624 × 10^273 |
| 157 | aaa_76_26 | 1.905777644727015 × 10^274 |
| 156 | aaa_76_25 | 3.3019301066988206 × 10^274 |
| 155 | ov_155 | 8.595500588295858 × 10^274 |
| 154 | ov_154 | 1.660636333464007 × 10^275 |
| 153 | ov_153 | 2.819033897663106 × 10^275 |
| 152 | ov_152 | 4.4333436202666065 × 10^275 |
| 151 | ov_151 | 6.713788741505104 × 10^275 |
| 150 | ov_150 | 9.89664027227952 × 10^275 |
| 149 | ov_149 | 1.4244228520782243 × 10^276 |
| 148 | ov_148 | 2.0044959607420596 × 10^276 |
| 147 | ov_147 | 2.761333876372882 × 10^276 |
| 146 | ov_146 | 3.729000569205732 × 10^276 |
| 145 | ov_145 | 4.9441793101477007 × 10^276 |
| 144 | ov_144 | 6.446182449760562 × 10^276 |
| 143 | ov_143 | 8.27696700882334 × 10^276 |
| 142 | ov_142 | 1.0481158164342995 × 10^277 |
| 141 | ov_141 | 1.3106082912724996 × 10^277 |
| 140 | ov_140 | 1.6201816389877691 × 10^277 |
| 139 | ov_139 | 1.9821243526375878 × 10^277 |
| 138 | ov_138 | 2.4020138914564727 × 10^277 |
| 137 | ov_137 | 2.8857267963844163 × 10^277 |
| 136 | ov_136 | 3.439451262067048 × 10^277 |
| 135 | ov_135 | 4.0697025131553955 × 10^277 |
| 134 | ov_134 | 4.783341353122126 × 10^277 |
| 133 | ov_133 | 5.587596274506785 × 10^277 |
| 132 | ov_132 | 6.490089540619642 × 10^277 |
| 131 | ov_131 | 7.498867670411974 × 10^277 |
| 130 | ov_130 | 7.498873087572421 × 10^277 |
| 129 | ov_129 | 7.498895517105681 × 10^277 |
| 128 | aaa_77_29 | 8.153956628612036 × 10^277 |
| 127 | aaa_77_28 | 2.1764087811908305 × 10^278 |
| 126 | ov_126 | 6.818664229466035 × 10^278 |
| 125 | ov_125 | 1.5323605389517832 × 10^279 |
| 124 | ov_124 | 2.918895244830569 × 10^279 |
| 123 | ov_123 | 4.991244215093256 × 10^279 |
| 122 | ov_122 | 7.899187447414608 × 10^279 |
| 121 | ov_121 | 1.1792523428567777 × 10^280 |
| 120 | ov_120 | 1.68210929965518 × 10^280 |
| 119 | ov_119 | 2.313481787592756 × 10^280 |
| 118 | ov_118 | 3.0883757827027043 × 10^280 |
| 117 | ov_117 | 4.021819161561767 × 10^280 |
| 116 | ov_116 | 5.1288727009675925 × 10^280 |
| 115 | ov_115 | 6.424644501027719 × 10^280 |
| 114 | ov_114 | 7.924309338438303 × 10^280 |
| 113 | ov_113 | 9.643135573075085 × 10^280 |
| 112 | ov_112 | 1.1596521505678935 × 10^281 |
| 111 | ov_111 | 1.3800042229067663 × 10^281 |
| 110 | ov_110 | 1.6269508015984481 × 10^281 |
| 109 | ov_109 | 1.902103528767814 × 10^281 |
| 108 | ov_108 | 2.2071131208835508 × 10^281 |
| 107 | ov_107 | 2.5436792956989647 × 10^281 |
| 106 | ov_106 | 2.9135622718626856 × 10^281 |
| 105 | ov_105 | 3.318595947066094 × 10^281 |
| 104 | ov_104 | 3.7607028615566045 × 10^281 |
| 103 | ov_103 | 4.241911055217269 × 10^281 |
| 102 | ov_102 | 4.7643729282928445 × 10^281 |
| 101 | ov_101 | 5.330386218337483 × 10^281 |
| 100 | ov_100 | 5.942417209181236 × 10^281 |
| 99 | ov_099 | 6.603126291788036 × 10^281 |
| 98 | ov_098 | 6.60318931691314 × 10^281 |
| 97 | ov_097 | 6.603386731047358 × 10^281 |
| 96 | aaa_78_29 | 9.997744741900806 × 10^281 |
| 95 | aaa_78_28 | 3.255312500536895 × 10^282 |
| 94 | ov_094 | 1.0541777802490733 × 10^283 |
| 93 | ov_093 | 2.460967387778875 × 10^283 |
| 92 | ov_092 | 4.925004523064996 × 10^283 |
| 91 | ov_091 | 8.929483036052383 × 10^283 |
| 90 | ov_090 | 1.5061726244251507 × 10^284 |
| 89 | ov_089 | 2.4013285070324586 × 10^284 |
| 88 | ov_088 | 3.658013774801621 × 10^284 |
| 87 | ov_087 | 5.445902329742148 × 10^284 |
| 86 | ov_086 | 7.955681552867846 × 10^284 |
| 85 | ov_085 | 1.1399193677432608 × 10^285 |
| 84 | ov_084 | 1.600963802707619 × 10^285 |
| 83 | ov_083 | 2.2041846104582632 × 10^285 |
| 82 | ov_082 | 2.9772641519860053 × 10^285 |
| 81 | ov_081 | 3.95012967512218 × 10^285 |
| 80 | ov_080 | 5.1550098743439667 × 10^285 |
| 64 | lv_79_m31 | 5.168667562883438 × 10^285 |
| 79 | ov_079 | 6.626503536106 × 10^285 |
| 78 | ov_078 | 8.401661473823746 × 10^285 |
| 77 | ov_077 | 1.0520082959947875 × 10^286 |
| 76 | ov_076 | 1.3024027867275203 × 10^286 |
| 75 | ov_075 | 1.5958545738244018 × 10^286 |
| 74 | ov_074 | 1.9371623010124288 × 10^286 |
| 73 | ov_073 | 2.331434963652571 × 10^286 |
| 63 | ov_063 | 2.654686187235358 × 10^286 |
| 72 | ov_072 | 2.7841106362390213 × 10^286 |
| 71 | ov_071 | 3.3009773931575106 × 10^286 |
| 70 | ov_070 | 3.8881965534317485 × 10^286 |
| 69 | ov_069 | 4.552328383743174 × 10^286 |
| 68 | ov_068 | 5.300360398424632 × 10^286 |
| 67 | ov_067 | 6.139738400533504 × 10^286 |
| 66 | ov_066 | 6.139743212615434 × 10^286 |
| 65 | ov_065 | 6.139762873479979 × 10^286 |
| 62 | ov_062 | 1.3631753233200254 × 10^287 |
| 61 | ov_061 | 4.973205663561723 × 10^287 |
| 60 | ov_060 | 1.4248523451289596 × 10^288 |
| 59 | ov_059 | 3.440929413624511 × 10^288 |
| 58 | ov_058 | 6.988195191340485 × 10^288 |
| 57 | ov_057 | 1.2633182668071589 × 10^289 |
| 56 | ov_056 | 2.1066319863819321 × 10^289 |
| 55 | ov_055 | 3.310194463743897 × 10^289 |
| 54 | ov_054 | 4.967833659850287 × 10^289 |
| 53 | ov_053 | 7.185777719019467 × 10^289 |
| 52 | ov_052 | 1.0188893455132359 × 10^290 |
| 51 | ov_051 | 1.4226885340910455 × 10^290 |
| 50 | ov_050 | 1.957433734054091 × 10^290 |
| 49 | ov_049 | 2.653077474060665 × 10^290 |
| 48 | ov_048 | 3.542075272609208 × 10^290 |
| 47 | ov_047 | 4.6593981778162045 × 10^290 |
| 32 | lv_80_m31 | 5.715104947486457 × 10^290 |
| 46 | ov_046 | 6.042550361907499 × 10^290 |
| 45 | ov_045 | 7.731593380897381 × 10^290 |
| 44 | ov_044 | 9.769178880111386 × 10^290 |
| 43 | ov_043 | 1.2200591698323731 × 10^291 |
| 42 | ov_042 | 1.5073805497959274 × 10^291 |
| 41 | ov_041 | 1.8439553226779824 × 10^291 |
| 40 | ov_040 | 2.2325348793810363 × 10^291 |
| 39 | ov_039 | 2.676021314408945 × 10^291 |
| 31 | ov_031 | 2.9313366407927945 × 10^291 |
| 38 | ov_038 | 3.180376660764031 × 10^291 |
| 37 | ov_037 | 3.7518871555607255 × 10^291 |
| 36 | ov_036 | 4.3971818171703635 × 10^291 |
| 35 | ov_035 | 5.1232542925102474 × 10^291 |
| 34 | ov_034 | 5.937488346936542 × 10^291 |
| 33 | ov_033 | 6.847687393402331 × 10^291 |
| 30 | ov_030 | 1.503259768641496 × 10^292 |
| 29 | ov_029 | 4.918523785810257 × 10^292 |
| 28 | ov_028 | 1.2768059215029945 × 10^293 |
| 27 | ov_027 | 2.8542602367461057 × 10^293 |
| 26 | ov_026 | 5.708551544817114 × 10^293 |
| 25 | ov_025 | 1.04592802336048 × 10^294 |
| 24 | ov_024 | 1.7861316879266334 × 10^294 |
| 23 | ov_023 | 2.9559690417991883 × 10^294 |
| 22 | ov_022 | 4.747004767882029 × 10^294 |
| 21 | ov_021 | 7.377878078344981 × 10^294 |
| 20 | ov_020 | 1.1094325978425535 × 10^295 |
| 19 | ov_019 | 1.6169221294162262 × 10^295 |
| 18 | ov_018 | 2.2902630492085313 × 10^295 |
| 17 | ov_017 | 3.162189731015223 × 10^295 |
| 16 | ov_016 | 4.2681759210686296 × 10^295 |
| 15 | ov_015 | 5.646450572021928 × 10^295 |
| 14 | ov_014 | 7.338019202464222 × 10^295 |
| 13 | ov_013 | 9.386692586517259 × 10^295 |
| 12 | ov_012 | 1.1839124870797964 × 10^296 |
| 11 | ov_011 | 1.4744863415362856 × 10^296 |
| 10 | ov_010 | 1.815641285520089 × 10^296 |
| 9 | ov_009 | 2.212931607967153 × 10^296 |
| 8 | ov_008 | 2.67222550293503 × 10^296 |
| 7 | ov_007 | 3.1997174413517924 × 10^296 |
| 6 | ov_006 | 3.8019431657618775 × 10^296 |
| 5 | ov_005 | 4.485797659917765 × 10^296 |
| 4 | ov_004 | 5.258556466382077 × 10^296 |
| 3 | ov_003 | 6.1279007210634534 × 10^296 |
| 2 | ov_002 | 7.101946216426497 × 10^296 |
| 1 | ov_001 | 8.18927677333902 × 10^296 |

