# Results for F001-F002-F003-F004-F005-F006-F007-F008-F009-F010-F011-F012-F013-F014-F015-F016-F017-F018-F019-F020-F021-F022-F023-F024-F025-F026-F027-F028-F029-F030-F031-F032-F033-F034-F035-F036-F037-F038-F039-F040-F041-F042-F043-F044-F045-F046-F047-F048-F049-F050-F051-F052-F053-F054-F055-F056-F057-F058-F059-F060-F061-F062-F063-F064-F065-F066-F067-F068-F069-F070-F071-F072-F073-F074-F075-F076-F077-F078-F079-F080-F081-F082-F083-F084-F085-F086-F087-F088-F089-F090-F091-F092-F093-F094-F095-F096-F097-F098-F099-F100-F101-F102-F103-F104-F105-F106-F107-F108-F109-F110-F111-F112-F113-F114-F115-F116-F117-F118-F119-F120-F121-F122-F123-F124-F125-F126-F127-F128-F129-F130-F131-F132-F133-F134-F135-F136-F137-F138-F139-F140-F141-F142-F143-F144-F145-F146-F147-F148-F149-F150-F151-F152-F153-F154-F155-F156-F157-F158-F159-F160-F161-F162-F163-F164-F165-F166-F167-F168-F169-F170-F171-F172-F173-F174-F175-F176-F177-F178-F179-F180-F181-F182-F183-F184-F185-F186-F187-F188-F189-F190-F191-F192-F193-F194-F195-F196-F197-F198-F199-F200-F201-F202-F203-F204-F205-F206-F207-F208-F209-F210-F211-F212-F213-F214-F215-F216-F217-F218-F219-F220-F221-F222-F223-F224-F225-F226-F227-F228-F229-F230-F231-F232-F233-F234-F235-F236-F237-F238-F239-F240-F241-F242-F243-F244-F245-F246-F247-F248-F249-F250-F251-F252-F253-F254-F255-F256-F257-F258-F259-F260-F261-F262-F263-F264-F265-F266-F267-F268-F269-F270-F271-F272-F273-F274-F275-F276-F277-F278-F279-F280-F281-F282-F283-F284-F285-F286-F287-F288-F289-F290-F291-F292-F293-F294-F295-F296-F297-F298-F299-F300-F301-F302-F303-F304-F305-F306-F307-F308-F309-F310-F311-F312-F313-F314-F315-F316-F317-F318-F319-F320-F321-F322-F323-F324-F325-F326-F327-F328-F329-F330-F331-F332-F333-F334-F335-F336-F337-F338-F339-F340-F341-F342-F343-F344-F345-F346-F347-F348-F349-F350-F351-F352-F353-F354-F355-F356-F357-F358-F359-F360-F361-F362-F363-F364-F365-F366-F367-F368-F369-F370-F371-F372-F373-F374-F375-F376-F377-F378-F379-F380-F381-F382-F383-F384-F385-F386-F387-F388-F389-F390-F391-F392-F393-F394-F395-F396-F397-F398-F399-F400-F401-F402-F403-F404-F405-F406-F407-F408-F409-F410-F411-F412-F413-F414-F415-F416-F417-F418-F419-F420-F421-F422-F423-F424-F425-F426-F427-F428-F429-F430-F431-F432-F433-F434-F435-F436-F437-F438-F439-F440-F441-F442-F443-F444-F445-F446-F447-F448-F449-F450-F451-F452-F453-F454-F455-F456-F457-F458-F459-F460-F461-F462-F463-F464-F465-F466-F467-F468-F469-F470-F471-F472-F473-F474-F475-F476-F477-F478-F479-F480-F481-F482-F483-F484-F485-F486-F487-F488-F489-F490-F491-F492-F493-F494-F495-F496-O499505-F509-F510-F511-F512

## Summary

Number of input bits: 512  
Number of free input bits: 11  
Number of output bits: 160

Number of direct occurrences: 44278  
Number of assignments: 31148  
Number of operations: 10900117
(xor: 10872088,
and: 14731,
or: 13298)

Total complexity: 6.790811090694614 × 10^298

Least occurring input variable: iv_502 (3807)  
Most occurring input variable: iv_499 (4207)

Most co-occurring input variables: iv_497-iv_507 (2022)  
Least co-occurring input variables: iv_498-iv_502 (1719)

Potentially most occurring input variable: iv_499/iv_506 (4474)  
Potentially least occurring input variable: iv_499/iv_504 (4106)

Least output occurring input variable: iv_504 (71)  
Most output occurring input variable: iv_497 (93)

Most output co-occurring input variables: iv_497-iv_506 (53)  
Least output co-occurring input variables: iv_500-iv_506 (32)

Potentially most output occurring input variable: iv_500/iv_506 (93)  
Potentially least output occurring input variable: iv_499/iv_508 (64)

Least complex input bit: iv_497 (2.4101134586586644 × 10^296)  
Most complex input bit: iv_499 (1.5127990015292453 × 10^298)

Least complex output bit: aaa_76_29 (5.727644324954399 × 10^273)  
Most complex output bit: ov_001 (1.0862514989111145 × 10^298)

Least complex input/output complexity: iv_497/aaa_76_29 (2.032787024939977 × 10^271)  
Most complex input/output complexity: iv_499/ov_001 (2.4198584837887063 × 10^297)

## Input Bits

### Input Bits in Regular Order

| Input Bit | Complexity | Occurrences | Output Occurrences |
|:---------:|:----------:|:-----------:|:------------------:|
| iv_497 | 2.4101134586586644 × 10^296 | 4100 | 93 |
| iv_498 | 4.8230184896171716 × 10^296 | 3892 | 84 |
| iv_499 | 1.5127990015292453 × 10^298 | 4207 | 78 |
| iv_500 | 1.4336125222496656 × 10^297 | 4079 | 76 |
| iv_501 | 2.3597806541925616 × 10^297 | 4050 | 83 |
| iv_502 | 3.8041922390446805 × 10^297 | 3807 | 75 |
| iv_503 | 6.024931188056776 × 10^297 | 4030 | 82 |
| iv_504 | 9.357333107081045 × 10^297 | 3891 | 71 |
| iv_506 | 7.140701346137918 × 10^297 | 3935 | 81 |
| iv_507 | 1.0161088143786788 × 10^298 | 4149 | 76 |
| iv_508 | 1.1775168496276716 × 10^298 | 4138 | 80 |

### Input Bits Sorted by Complexity

| Input Bit | Complexity | Occurrences | Output Occurrences |
|:---------:|:----------:|:-----------:|:------------------:|
| iv_497 | 2.4101134586586644 × 10^296 | 4100 | 93 |
| iv_498 | 4.8230184896171716 × 10^296 | 3892 | 84 |
| iv_500 | 1.4336125222496656 × 10^297 | 4079 | 76 |
| iv_501 | 2.3597806541925616 × 10^297 | 4050 | 83 |
| iv_502 | 3.8041922390446805 × 10^297 | 3807 | 75 |
| iv_503 | 6.024931188056776 × 10^297 | 4030 | 82 |
| iv_506 | 7.140701346137918 × 10^297 | 3935 | 81 |
| iv_504 | 9.357333107081045 × 10^297 | 3891 | 71 |
| iv_507 | 1.0161088143786788 × 10^298 | 4149 | 76 |
| iv_508 | 1.1775168496276716 × 10^298 | 4138 | 80 |
| iv_499 | 1.5127990015292453 × 10^298 | 4207 | 78 |

### Input Bits Sorted by Occurrences

| Input Bit | Complexity | Occurrences | Output Occurrences |
|:---------:|:----------:|:-----------:|:------------------:|
| iv_502 | 3.8041922390446805 × 10^297 | 3807 | 75 |
| iv_504 | 9.357333107081045 × 10^297 | 3891 | 71 |
| iv_498 | 4.8230184896171716 × 10^296 | 3892 | 84 |
| iv_506 | 7.140701346137918 × 10^297 | 3935 | 81 |
| iv_503 | 6.024931188056776 × 10^297 | 4030 | 82 |
| iv_501 | 2.3597806541925616 × 10^297 | 4050 | 83 |
| iv_500 | 1.4336125222496656 × 10^297 | 4079 | 76 |
| iv_497 | 2.4101134586586644 × 10^296 | 4100 | 93 |
| iv_508 | 1.1775168496276716 × 10^298 | 4138 | 80 |
| iv_507 | 1.0161088143786788 × 10^298 | 4149 | 76 |
| iv_499 | 1.5127990015292453 × 10^298 | 4207 | 78 |

### Input Bits Sorted by Output Occurrences

| Input Bit | Complexity | Occurrences | Output Occurrences |
|:---------:|:----------:|:-----------:|:------------------:|
| iv_504 | 9.357333107081045 × 10^297 | 3891 | 71 |
| iv_502 | 3.8041922390446805 × 10^297 | 3807 | 75 |
| iv_500 | 1.4336125222496656 × 10^297 | 4079 | 76 |
| iv_507 | 1.0161088143786788 × 10^298 | 4149 | 76 |
| iv_499 | 1.5127990015292453 × 10^298 | 4207 | 78 |
| iv_508 | 1.1775168496276716 × 10^298 | 4138 | 80 |
| iv_506 | 7.140701346137918 × 10^297 | 3935 | 81 |
| iv_503 | 6.024931188056776 × 10^297 | 4030 | 82 |
| iv_501 | 2.3597806541925616 × 10^297 | 4050 | 83 |
| iv_498 | 4.8230184896171716 × 10^296 | 3892 | 84 |
| iv_497 | 2.4101134586586644 × 10^296 | 4100 | 93 |

## Input Bit Co-occurrences

### Input Bit Co-occurrences Sorted by Co-occurrences

| Input Bits | Co-occurrences | Potential Occurrences | Output Co-occurrences | Potential Output Occurrences |
|:----------:|:--------------:|:---------------------:|:---------------------:|:----------------------------:|
| iv_497-iv_507 | 2022 | 4205 | 46 | 77 |
| iv_499-iv_500 | 2019 | 4248 | 42 | 70 |
| iv_499-iv_507 | 2008 | 4340 | 35 | 84 |
| iv_499-iv_504 | 1996 | 4106 | 34 | 81 |
| iv_497-iv_501 | 1990 | 4170 | 50 | 76 |
| iv_499-iv_508 | 1990 | 4365 | 47 | 64 |
| iv_507-iv_508 | 1973 | 4341 | 35 | 86 |
| iv_497-iv_499 | 1973 | 4361 | 44 | 83 |
| iv_506-iv_507 | 1967 | 4150 | 39 | 79 |
| iv_500-iv_508 | 1967 | 4283 | 39 | 78 |
| iv_497-iv_500 | 1965 | 4249 | 39 | 91 |

### Input Bit Co-occurrences Sorted by Potential Occurrences

| Input Bits | Co-occurrences | Potential Occurrences | Output Co-occurrences | Potential Output Occurrences |
|:----------:|:--------------:|:---------------------:|:---------------------:|:----------------------------:|
| iv_499-iv_504 | 1996 | 4106 | 34 | 81 |
| iv_504-iv_506 | 1857 | 4112 | 38 | 76 |
| iv_506-iv_507 | 1967 | 4150 | 39 | 79 |
| iv_497-iv_504 | 1918 | 4155 | 47 | 70 |
| iv_501-iv_503 | 1960 | 4160 | 48 | 69 |
| iv_497-iv_501 | 1990 | 4170 | 50 | 76 |
| iv_500-iv_502 | 1857 | 4172 | 35 | 81 |
| iv_498-iv_506 | 1827 | 4173 | 39 | 87 |
| iv_502-iv_506 | 1783 | 4176 | 40 | 76 |
| iv_498-iv_504 | 1803 | 4177 | 37 | 81 |
| iv_502-iv_504 | 1758 | 4182 | 34 | 78 |

### Input Bit Output Co-occurrences Sorted by Output Co-occurrences

| Input Bits | Co-occurrences | Potential Occurrences | Output Co-occurrences | Potential Output Occurrences |
|:----------:|:--------------:|:---------------------:|:---------------------:|:----------------------------:|
| iv_497-iv_506 | 1925 | 4185 | 53 | 68 |
| iv_497-iv_501 | 1990 | 4170 | 50 | 76 |
| iv_498-iv_503 | 1841 | 4240 | 48 | 70 |
| iv_501-iv_503 | 1960 | 4160 | 48 | 69 |
| iv_497-iv_498 | 1866 | 4260 | 48 | 81 |
| iv_499-iv_508 | 1990 | 4365 | 47 | 64 |
| iv_497-iv_504 | 1918 | 4155 | 47 | 70 |
| iv_498-iv_501 | 1846 | 4250 | 46 | 75 |
| iv_497-iv_507 | 2022 | 4205 | 46 | 77 |
| iv_497-iv_503 | 1962 | 4206 | 45 | 85 |
| iv_497-iv_508 | 1914 | 4410 | 45 | 83 |

### Input Bit Output Co-occurrences Sorted by Potential Output Occurrences

| Input Bits | Co-occurrences | Potential Occurrences | Output Co-occurrences | Potential Output Occurrences |
|:----------:|:--------------:|:---------------------:|:---------------------:|:----------------------------:|
| iv_499-iv_508 | 1990 | 4365 | 47 | 64 |
| iv_497-iv_506 | 1925 | 4185 | 53 | 68 |
| iv_501-iv_503 | 1960 | 4160 | 48 | 69 |
| iv_498-iv_503 | 1841 | 4240 | 48 | 70 |
| iv_499-iv_500 | 2019 | 4248 | 42 | 70 |
| iv_500-iv_503 | 1949 | 4211 | 44 | 70 |
| iv_497-iv_504 | 1918 | 4155 | 47 | 70 |
| iv_499-iv_503 | 1923 | 4391 | 44 | 72 |
| iv_500-iv_504 | 1891 | 4188 | 37 | 73 |
| iv_503-iv_507 | 1918 | 4343 | 42 | 74 |
| iv_498-iv_501 | 1846 | 4250 | 46 | 75 |

## Output Bits

### Output Bits in Regular Order

| Rank | Output Bit | Complexity |
|:----:|:----------:|:----------:|
| 1 | ov_001 | 1.0862514989111145 × 10^298 |
| 2 | ov_002 | 9.420236917067637 × 10^297 |
| 3 | ov_003 | 8.128226717441763 × 10^297 |
| 4 | ov_004 | 6.975097898697071 × 10^297 |
| 5 | ov_005 | 5.950084866205586 × 10^297 |
| 6 | ov_006 | 5.042998651188073 × 10^297 |
| 7 | ov_007 | 4.244188354051077 × 10^297 |
| 8 | ov_008 | 3.544507930947737 × 10^297 |
| 9 | ov_009 | 2.9352879102541242 × 10^297 |
| 10 | ov_010 | 2.4083115498258587 × 10^297 |
| 11 | ov_011 | 1.955794940257518 × 10^297 |
| 12 | ov_012 | 1.570370587606034 × 10^297 |
| 13 | ov_013 | 1.2450740367482565 × 10^297 |
| 14 | ov_014 | 9.733331238456935 × 10^296 |
| 15 | ov_015 | 7.48959473387739 × 10^296 |
| 16 | ov_016 | 5.6614188205971546 × 10^296 |
| 17 | ov_017 | 4.194412582968273 × 10^296 |
| 18 | ov_018 | 3.0378681288678836 × 10^296 |
| 19 | ov_019 | 2.14473222406802 × 10^296 |
| 20 | ov_020 | 1.4715852609926197 × 10^296 |
| 21 | ov_021 | 9.786257882920978 × 10^295 |
| 22 | ov_022 | 6.296593985306211 × 10^295 |
| 23 | ov_023 | 3.9209104373619626 × 10^295 |
| 24 | ov_024 | 2.369199800360448 × 10^295 |
| 25 | ov_025 | 1.3873667404834948 × 10^295 |
| 26 | ov_026 | 7.57211081203485 × 10^294 |
| 27 | ov_027 | 3.786051155896897 × 10^294 |
| 28 | ov_028 | 1.6936355689286984 × 10^294 |
| 29 | ov_029 | 6.524273662578503 × 10^293 |
| 30 | ov_030 | 1.9940394307275988 × 10^293 |
| 31 | ov_031 | 3.88837456096408 × 10^292 |
| 32 | lv_80_m31 | 7.58105013936804 × 10^291 |
| 33 | ov_033 | 9.084210041106047 × 10^292 |
| 34 | ov_034 | 7.876949492054567 × 10^292 |
| 35 | ov_035 | 6.796955420006578 × 10^292 |
| 36 | ov_036 | 5.833877378233731 × 10^292 |
| 37 | ov_037 | 4.977922873196313 × 10^292 |
| 38 | ov_038 | 4.2198178592116377 × 10^292 |
| 39 | ov_039 | 3.550772610428464 × 10^292 |
| 40 | ov_040 | 2.9624524572180844 × 10^292 |
| 41 | ov_041 | 2.4469529009331263 × 10^292 |
| 42 | ov_042 | 2.000426383213237 × 10^292 |
| 43 | ov_043 | 1.6192251680455703 × 10^292 |
| 44 | ov_044 | 1.296622997959562 × 10^292 |
| 45 | ov_045 | 1.026259214657164 × 10^292 |
| 46 | ov_046 | 8.021293745758559 × 10^291 |
| 47 | ov_047 | 6.185778601259025 × 10^291 |
| 48 | ov_048 | 4.702921747808084 × 10^291 |
| 49 | ov_049 | 3.5229863385816 × 10^291 |
| 50 | ov_050 | 2.5995918632124096 × 10^291 |
| 51 | ov_051 | 1.889691262975976 × 10^291 |
| 52 | ov_052 | 1.3535547628044135 × 10^291 |
| 53 | ov_053 | 9.547585646340472 × 10^290 |
| 54 | ov_054 | 6.6017704221197736 × 10^290 |
| 55 | ov_055 | 4.399775294943775 × 10^290 |
| 56 | ov_056 | 2.8006642094903743 × 10^290 |
| 57 | ov_057 | 1.67994313239519 × 10^290 |
| 58 | ov_058 | 9.29552940066731 × 10^289 |
| 59 | ov_059 | 4.578657403744223 × 10^289 |
| 60 | ov_060 | 1.8968321257755922 × 10^289 |
| 61 | ov_061 | 6.623601193398678 × 10^288 |
| 62 | ov_062 | 1.816355530706752 × 10^288 |
| 63 | ov_063 | 3.538814332048396 × 10^287 |
| 64 | lv_79_m31 | 6.893052957686675 × 10^286 |
| 65 | ov_065 | 8.168783595118405 × 10^287 |
| 66 | ov_066 | 8.168763203358039 × 10^287 |
| 67 | ov_067 | 8.168758412661013 × 10^287 |
| 68 | ov_068 | 7.060425760552261 × 10^287 |
| 69 | ov_069 | 6.069730528213322 × 10^287 |
| 70 | ov_070 | 5.18780752194685 × 10^287 |
| 71 | ov_071 | 4.406214077131456 × 10^287 |
| 72 | ov_072 | 3.7169087810496455 × 10^287 |
| 73 | ov_073 | 3.1122346794690946 × 10^287 |
| 74 | ov_074 | 2.584905605177934 × 10^287 |
| 75 | ov_075 | 2.1279944784251483 × 10^287 |
| 76 | ov_076 | 1.7349229106081528 × 10^287 |
| 77 | ov_077 | 1.3994518978733857 × 10^287 |
| 78 | ov_078 | 1.1156735410662851 × 10^287 |
| 79 | ov_079 | 8.780037295573296 × 10^286 |
| 80 | ov_080 | 6.811757273028412 × 10^286 |
| 81 | ov_081 | 5.202346001210658 × 10^286 |
| 82 | ov_082 | 3.905324236193568 × 10^286 |
| 83 | ov_083 | 2.8772421153639016 × 10^286 |
| 84 | ov_084 | 2.07764504497205 × 10^286 |
| 85 | ov_085 | 1.4690455934354641 × 10^286 |
| 86 | ov_086 | 1.0169007931510106 × 10^286 |
| 87 | ov_087 | 6.895942543186302 × 10^285 |
| 88 | ov_088 | 4.5842249474529883 × 10^285 |
| 89 | ov_089 | 2.9758488987019545 × 10^285 |
| 90 | ov_090 | 1.8417664739638446 × 10^285 |
| 91 | ov_091 | 1.0746862149677018 × 10^285 |
| 92 | ov_092 | 5.81764016581328 × 10^284 |
| 93 | ov_093 | 2.8459320267175168 × 10^284 |
| 94 | ov_094 | 1.1919964927910897 × 10^284 |
| 95 | aaa_78_28 | 3.6039793484767976 × 10^283 |
| 96 | aaa_78_29 | 1.0709111428382753 × 10^283 |
| 97 | ov_097 | 6.025529561371327 × 10^282 |
| 98 | ov_098 | 6.025431458855945 × 10^282 |
| 99 | ov_099 | 6.025400139298562 × 10^282 |
| 100 | ov_100 | 4.9198886877716463 × 10^282 |
| 101 | ov_101 | 4.0059747043754136 × 10^282 |
| 102 | ov_102 | 3.2594682127193603 × 10^282 |
| 103 | ov_103 | 2.6575012848392156 × 10^282 |
| 104 | ov_104 | 2.178431582054522 × 10^282 |
| 105 | ov_105 | 1.8017585979788502 × 10^282 |
| 106 | ov_106 | 1.5080514349392193 × 10^282 |
| 107 | ov_107 | 1.2788870046305446 × 10^282 |
| 108 | ov_108 | 1.0967976013749247 × 10^282 |
| 109 | ov_109 | 9.452268522984055 × 10^281 |
| 110 | ov_110 | 8.084931034408275 × 10^281 |
| 111 | ov_111 | 6.857760516440602 × 10^281 |
| 112 | ov_112 | 5.762748112624527 × 10^281 |
| 113 | ov_113 | 4.792037103221588 × 10^281 |
| 114 | ov_114 | 3.937887638252113 × 10^281 |
| 115 | ov_115 | 3.1926477223751936 × 10^281 |
| 116 | ov_116 | 2.548729932757715 × 10^281 |
| 117 | ov_117 | 1.998593351571644 × 10^281 |
| 118 | ov_118 | 1.5347301950960191 × 10^281 |
| 119 | ov_119 | 1.1496561963441554 × 10^281 |
| 120 | ov_120 | 8.359034376877396 × 10^280 |
| 121 | ov_121 | 5.860148847030373 × 10^280 |
| 122 | ov_122 | 3.925403624834495 × 10^280 |
| 123 | ov_123 | 2.480337156801498 × 10^280 |
| 124 | ov_124 | 1.4505089353616711 × 10^280 |
| 125 | ov_125 | 7.614876408743556 × 10^279 |
| 126 | ov_126 | 3.3884509591736813 × 10^279 |
| 127 | aaa_77_28 | 1.0815394590501134 × 10^279 |
| 128 | aaa_77_29 | 4.052008022318184 × 10^278 |
| 129 | ov_129 | 3.7264834948148066 × 10^278 |
| 130 | ov_130 | 3.726472348735319 × 10^278 |
| 131 | ov_131 | 3.7264696567443505 × 10^278 |
| 132 | ov_132 | 3.225169826388737 × 10^278 |
| 133 | ov_133 | 2.776686946121767 × 10^278 |
| 134 | ov_134 | 2.3770223977476703 × 10^278 |
| 135 | ov_135 | 2.0223883916707584 × 10^278 |
| 136 | ov_136 | 1.7091928178156995 × 10^278 |
| 137 | ov_137 | 1.4340262846469687 × 10^278 |
| 138 | ov_138 | 1.1936511317555967 × 10^278 |
| 139 | ov_139 | 9.849922122540647 × 10^277 |
| 140 | ov_140 | 8.051292517140732 × 10^277 |
| 141 | ov_141 | 6.512906006663606 × 10^277 |
| 142 | ov_142 | 5.208482078137977 × 10^277 |
| 143 | ov_143 | 4.1131365113431625 × 10^277 |
| 144 | ov_144 | 3.2033507400371374 × 10^277 |
| 145 | ov_145 | 2.456948833752877 × 10^277 |
| 146 | ov_146 | 1.8530807693015461 × 10^277 |
| 147 | ov_147 | 1.3722107596896227 × 10^277 |
| 148 | ov_148 | 9.96109506581413 × 10^276 |
| 149 | ov_149 | 7.07849340754435 × 10^276 |
| 150 | ov_150 | 4.918013132299621 × 10^276 |
| 151 | ov_151 | 3.336334381169501 × 10^276 |
| 152 | ov_152 | 2.2030953480138767 × 10^276 |
| 153 | ov_153 | 1.400884072575792 × 10^276 |
| 154 | ov_154 | 8.25232712469484 × 10^275 |
| 155 | ov_155 | 4.271427839223297 × 10^275 |
| 156 | aaa_76_25 | 1.6408533786010082 × 10^275 |
| 157 | aaa_76_26 | 9.47052658967975 × 10^274 |
| 158 | aaa_76_27 | 4.84491302193462 × 10^274 |
| 159 | aaa_76_28 | 1.8848865846158097 × 10^274 |
| 160 | aaa_76_29 | 5.727644324954399 × 10^273 |

### Output Bits Sorted by Complexity

| Rank | Output Bit | Complexity |
|:----:|:----------:|:----------:|
| 160 | aaa_76_29 | 5.727644324954399 × 10^273 |
| 159 | aaa_76_28 | 1.8848865846158097 × 10^274 |
| 158 | aaa_76_27 | 4.84491302193462 × 10^274 |
| 157 | aaa_76_26 | 9.47052658967975 × 10^274 |
| 156 | aaa_76_25 | 1.6408533786010082 × 10^275 |
| 155 | ov_155 | 4.271427839223297 × 10^275 |
| 154 | ov_154 | 8.25232712469484 × 10^275 |
| 153 | ov_153 | 1.400884072575792 × 10^276 |
| 152 | ov_152 | 2.2030953480138767 × 10^276 |
| 151 | ov_151 | 3.336334381169501 × 10^276 |
| 150 | ov_150 | 4.918013132299621 × 10^276 |
| 149 | ov_149 | 7.07849340754435 × 10^276 |
| 148 | ov_148 | 9.96109506581413 × 10^276 |
| 147 | ov_147 | 1.3722107596896227 × 10^277 |
| 146 | ov_146 | 1.8530807693015461 × 10^277 |
| 145 | ov_145 | 2.456948833752877 × 10^277 |
| 144 | ov_144 | 3.2033507400371374 × 10^277 |
| 143 | ov_143 | 4.1131365113431625 × 10^277 |
| 142 | ov_142 | 5.208482078137977 × 10^277 |
| 141 | ov_141 | 6.512906006663606 × 10^277 |
| 140 | ov_140 | 8.051292517140732 × 10^277 |
| 139 | ov_139 | 9.849922122540647 × 10^277 |
| 138 | ov_138 | 1.1936511317555967 × 10^278 |
| 137 | ov_137 | 1.4340262846469687 × 10^278 |
| 136 | ov_136 | 1.7091928178156995 × 10^278 |
| 135 | ov_135 | 2.0223883916707584 × 10^278 |
| 134 | ov_134 | 2.3770223977476703 × 10^278 |
| 133 | ov_133 | 2.776686946121767 × 10^278 |
| 132 | ov_132 | 3.225169826388737 × 10^278 |
| 131 | ov_131 | 3.7264696567443505 × 10^278 |
| 130 | ov_130 | 3.726472348735319 × 10^278 |
| 129 | ov_129 | 3.7264834948148066 × 10^278 |
| 128 | aaa_77_29 | 4.052008022318184 × 10^278 |
| 127 | aaa_77_28 | 1.0815394590501134 × 10^279 |
| 126 | ov_126 | 3.3884509591736813 × 10^279 |
| 125 | ov_125 | 7.614876408743556 × 10^279 |
| 124 | ov_124 | 1.4505089353616711 × 10^280 |
| 123 | ov_123 | 2.480337156801498 × 10^280 |
| 122 | ov_122 | 3.925403624834495 × 10^280 |
| 121 | ov_121 | 5.860148847030373 × 10^280 |
| 120 | ov_120 | 8.359034376877396 × 10^280 |
| 119 | ov_119 | 1.1496561963441554 × 10^281 |
| 118 | ov_118 | 1.5347301950960191 × 10^281 |
| 117 | ov_117 | 1.998593351571644 × 10^281 |
| 116 | ov_116 | 2.548729932757715 × 10^281 |
| 115 | ov_115 | 3.1926477223751936 × 10^281 |
| 114 | ov_114 | 3.937887638252113 × 10^281 |
| 113 | ov_113 | 4.792037103221588 × 10^281 |
| 112 | ov_112 | 5.762748112624527 × 10^281 |
| 111 | ov_111 | 6.857760516440602 × 10^281 |
| 110 | ov_110 | 8.084931034408275 × 10^281 |
| 109 | ov_109 | 9.452268522984055 × 10^281 |
| 108 | ov_108 | 1.0967976013749247 × 10^282 |
| 107 | ov_107 | 1.2788870046305446 × 10^282 |
| 106 | ov_106 | 1.5080514349392193 × 10^282 |
| 105 | ov_105 | 1.8017585979788502 × 10^282 |
| 104 | ov_104 | 2.178431582054522 × 10^282 |
| 103 | ov_103 | 2.6575012848392156 × 10^282 |
| 102 | ov_102 | 3.2594682127193603 × 10^282 |
| 101 | ov_101 | 4.0059747043754136 × 10^282 |
| 100 | ov_100 | 4.9198886877716463 × 10^282 |
| 99 | ov_099 | 6.025400139298562 × 10^282 |
| 98 | ov_098 | 6.025431458855945 × 10^282 |
| 97 | ov_097 | 6.025529561371327 × 10^282 |
| 96 | aaa_78_29 | 1.0709111428382753 × 10^283 |
| 95 | aaa_78_28 | 3.6039793484767976 × 10^283 |
| 94 | ov_094 | 1.1919964927910897 × 10^284 |
| 93 | ov_093 | 2.8459320267175168 × 10^284 |
| 92 | ov_092 | 5.81764016581328 × 10^284 |
| 91 | ov_091 | 1.0746862149677018 × 10^285 |
| 90 | ov_090 | 1.8417664739638446 × 10^285 |
| 89 | ov_089 | 2.9758488987019545 × 10^285 |
| 88 | ov_088 | 4.5842249474529883 × 10^285 |
| 87 | ov_087 | 6.895942543186302 × 10^285 |
| 86 | ov_086 | 1.0169007931510106 × 10^286 |
| 85 | ov_085 | 1.4690455934354641 × 10^286 |
| 84 | ov_084 | 2.07764504497205 × 10^286 |
| 83 | ov_083 | 2.8772421153639016 × 10^286 |
| 82 | ov_082 | 3.905324236193568 × 10^286 |
| 81 | ov_081 | 5.202346001210658 × 10^286 |
| 80 | ov_080 | 6.811757273028412 × 10^286 |
| 64 | lv_79_m31 | 6.893052957686675 × 10^286 |
| 79 | ov_079 | 8.780037295573296 × 10^286 |
| 78 | ov_078 | 1.1156735410662851 × 10^287 |
| 77 | ov_077 | 1.3994518978733857 × 10^287 |
| 76 | ov_076 | 1.7349229106081528 × 10^287 |
| 75 | ov_075 | 2.1279944784251483 × 10^287 |
| 74 | ov_074 | 2.584905605177934 × 10^287 |
| 73 | ov_073 | 3.1122346794690946 × 10^287 |
| 63 | ov_063 | 3.538814332048396 × 10^287 |
| 72 | ov_072 | 3.7169087810496455 × 10^287 |
| 71 | ov_071 | 4.406214077131456 × 10^287 |
| 70 | ov_070 | 5.18780752194685 × 10^287 |
| 69 | ov_069 | 6.069730528213322 × 10^287 |
| 68 | ov_068 | 7.060425760552261 × 10^287 |
| 67 | ov_067 | 8.168758412661013 × 10^287 |
| 66 | ov_066 | 8.168763203358039 × 10^287 |
| 65 | ov_065 | 8.168783595118405 × 10^287 |
| 62 | ov_062 | 1.816355530706752 × 10^288 |
| 61 | ov_061 | 6.623601193398678 × 10^288 |
| 60 | ov_060 | 1.8968321257755922 × 10^289 |
| 59 | ov_059 | 4.578657403744223 × 10^289 |
| 58 | ov_058 | 9.29552940066731 × 10^289 |
| 57 | ov_057 | 1.67994313239519 × 10^290 |
| 56 | ov_056 | 2.8006642094903743 × 10^290 |
| 55 | ov_055 | 4.399775294943775 × 10^290 |
| 54 | ov_054 | 6.6017704221197736 × 10^290 |
| 53 | ov_053 | 9.547585646340472 × 10^290 |
| 52 | ov_052 | 1.3535547628044135 × 10^291 |
| 51 | ov_051 | 1.889691262975976 × 10^291 |
| 50 | ov_050 | 2.5995918632124096 × 10^291 |
| 49 | ov_049 | 3.5229863385816 × 10^291 |
| 48 | ov_048 | 4.702921747808084 × 10^291 |
| 47 | ov_047 | 6.185778601259025 × 10^291 |
| 32 | lv_80_m31 | 7.58105013936804 × 10^291 |
| 46 | ov_046 | 8.021293745758559 × 10^291 |
| 45 | ov_045 | 1.026259214657164 × 10^292 |
| 44 | ov_044 | 1.296622997959562 × 10^292 |
| 43 | ov_043 | 1.6192251680455703 × 10^292 |
| 42 | ov_042 | 2.000426383213237 × 10^292 |
| 41 | ov_041 | 2.4469529009331263 × 10^292 |
| 40 | ov_040 | 2.9624524572180844 × 10^292 |
| 39 | ov_039 | 3.550772610428464 × 10^292 |
| 31 | ov_031 | 3.88837456096408 × 10^292 |
| 38 | ov_038 | 4.2198178592116377 × 10^292 |
| 37 | ov_037 | 4.977922873196313 × 10^292 |
| 36 | ov_036 | 5.833877378233731 × 10^292 |
| 35 | ov_035 | 6.796955420006578 × 10^292 |
| 34 | ov_034 | 7.876949492054567 × 10^292 |
| 33 | ov_033 | 9.084210041106047 × 10^292 |
| 30 | ov_030 | 1.9940394307275988 × 10^293 |
| 29 | ov_029 | 6.524273662578503 × 10^293 |
| 28 | ov_028 | 1.6936355689286984 × 10^294 |
| 27 | ov_027 | 3.786051155896897 × 10^294 |
| 26 | ov_026 | 7.57211081203485 × 10^294 |
| 25 | ov_025 | 1.3873667404834948 × 10^295 |
| 24 | ov_024 | 2.369199800360448 × 10^295 |
| 23 | ov_023 | 3.9209104373619626 × 10^295 |
| 22 | ov_022 | 6.296593985306211 × 10^295 |
| 21 | ov_021 | 9.786257882920978 × 10^295 |
| 20 | ov_020 | 1.4715852609926197 × 10^296 |
| 19 | ov_019 | 2.14473222406802 × 10^296 |
| 18 | ov_018 | 3.0378681288678836 × 10^296 |
| 17 | ov_017 | 4.194412582968273 × 10^296 |
| 16 | ov_016 | 5.6614188205971546 × 10^296 |
| 15 | ov_015 | 7.48959473387739 × 10^296 |
| 14 | ov_014 | 9.733331238456935 × 10^296 |
| 13 | ov_013 | 1.2450740367482565 × 10^297 |
| 12 | ov_012 | 1.570370587606034 × 10^297 |
| 11 | ov_011 | 1.955794940257518 × 10^297 |
| 10 | ov_010 | 2.4083115498258587 × 10^297 |
| 9 | ov_009 | 2.9352879102541242 × 10^297 |
| 8 | ov_008 | 3.544507930947737 × 10^297 |
| 7 | ov_007 | 4.244188354051077 × 10^297 |
| 6 | ov_006 | 5.042998651188073 × 10^297 |
| 5 | ov_005 | 5.950084866205586 × 10^297 |
| 4 | ov_004 | 6.975097898697071 × 10^297 |
| 3 | ov_003 | 8.128226717441763 × 10^297 |
| 2 | ov_002 | 9.420236917067637 × 10^297 |
| 1 | ov_001 | 1.0862514989111145 × 10^298 |

