# Results for F001-F002-F003-F004-F005-F006-F007-F008-F009-F010-F011-F012-F013-F014-F015-F016-F017-F018-F019-F020-F021-F022-F023-F024-F025-F026-F027-F028-F029-F030-F031-F032-F033-F034-F035-F036-F037-F038-F039-F040-F041-F042-F043-F044-F045-F046-F047-F048-F049-F050-F051-F052-F053-F054-F055-F056-F057-F058-F059-F060-F061-F062-F063-F064-F065-F066-F067-F068-F069-F070-F071-F072-F073-F074-F075-F076-F077-F078-F079-F080-F081-F082-F083-F084-F085-F086-F087-F088-F089-F090-F091-F092-F093-F094-F095-F096-F097-F098-F099-F100-F101-F102-F103-F104-F105-F106-F107-F108-F109-F110-F111-F112-F113-F114-F115-F116-F117-F118-F119-F120-F121-F122-F123-F124-F125-F126-F127-F128-F129-F130-F131-F132-F133-F134-F135-F136-F137-F138-F139-F140-F141-F142-F143-F144-F145-F146-F147-F148-F149-F150-F151-F152-F153-F154-F155-F156-F157-F158-F159-F160-F161-F162-F163-F164-F165-F166-F167-F168-F169-F170-F171-F172-F173-F174-F175-F176-F177-F178-F179-F180-F181-F182-F183-F184-F185-F186-F187-F188-F189-F190-F191-F192-F193-F194-F195-F196-F197-F198-F199-F200-F201-F202-F203-F204-F205-F206-F207-F208-F209-F210-F211-F212-F213-F214-F215-F216-F217-F218-F219-F220-F221-F222-F223-F224-F225-F226-F227-F228-F229-F230-F231-F232-F233-F234-F235-F236-F237-F238-F239-F240-F241-F242-F243-F244-F245-F246-F247-F248-F249-F250-F251-F252-F253-F254-F255-F256-F257-F258-F259-F260-F261-F262-F263-F264-F265-F266-F267-F268-F269-F270-F271-F272-F273-F274-F275-F276-F277-F278-F279-F280-F281-F282-F283-F284-F285-F286-F287-F288-F289-F290-F291-F292-F293-F294-F295-F296-F297-F298-F299-F300-F301-F302-F303-F304-F305-F306-F307-F308-F309-F310-F311-F312-F313-F314-F315-F316-F317-F318-F319-F320-F321-F322-F323-F324-F325-F326-F327-F328-F329-F330-F331-F332-F333-F334-F335-F336-F337-F338-F339-F340-F341-F342-F343-F344-F345-F346-F347-F348-F349-F350-F351-F352-F353-F354-F355-F356-F357-F358-F359-F360-F361-F362-F363-F364-F365-F366-F367-F368-F369-F370-F371-F372-F373-F374-F375-F376-F377-F378-F379-F380-F381-F382-F383-F384-F385-F386-F387-F388-F389-F390-F391-F392-F393-F394-F395-F396-F397-F398-F399-F400-F401-F402-F403-F404-F405-F406-F407-F408-F409-F410-F411-F412-F413-F414-F415-F416-F417-F418-F419-F420-F421-F422-F423-F424-F425-F426-F427-F428-F429-F430-F431-F432-F433-F434-F435-F436-F437-F438-F439-F440-F441-F442-F443-F444-F445-F446-F447-F448-F449-F450-F451-F452-F453-F454-F455-F456-F457-F458-F459-F460-F461-F462-F463-F464-F465-F466-F467-F468-F469-F470-F471-F472-F473-F474-F475-F476-F477-F478-F479-F480-F481-F482-F483-F484-F485-F486-F487-F488-F489-F490-F491-F492-F493-F494-F495-F496-O500505-O501503-F510-F511-F512

## Summary

Number of input bits: 512  
Number of free input bits: 11  
Number of output bits: 160

Number of direct occurrences: 45318  
Number of assignments: 31606  
Number of operations: 11421640
(xor: 11392908,
and: 15289,
or: 13443)

Total complexity: 6.556621193903102 × 10^304

Least occurring input variable: iv_504 (3953)  
Most occurring input variable: iv_500 (4387)

Most co-occurring input variables: iv_500-iv_501 (2091)  
Least co-occurring input variables: iv_498-iv_502 (1797)

Potentially most occurring input variable: iv_501/iv_508 (4560)  
Potentially least occurring input variable: iv_498/iv_504 (4162)

Least output occurring input variable: iv_502 (77)  
Most output occurring input variable: iv_500 (89)

Most output co-occurring input variables: iv_497-iv_498 (53)  
Least output co-occurring input variables: iv_502-iv_507 (33)

Potentially most output occurring input variable: iv_497/iv_508 (93)  
Potentially least output occurring input variable: iv_497/iv_498 (69)

Least complex input bit: iv_497 (1.8748500194812131 × 10^302)  
Most complex input bit: iv_500 (1.2250399312156492 × 10^304)

Least complex output bit: aaa_76_29 (3.0837930509071976 × 10^279)  
Most complex output bit: ov_001 (1.0398902505284342 × 10^304)

Least complex input/output complexity: iv_497/aaa_76_29 (8.81803186517113 × 10^276)  
Most complex input/output complexity: iv_500/ov_001 (1.942932256272124 × 10^303)

## Input Bits

### Input Bits in Regular Order

| Input Bit | Complexity | Occurrences | Output Occurrences |
|:---------:|:----------:|:-----------:|:------------------:|
| iv_497 | 1.8748500194812131 × 10^302 | 4111 | 86 |
| iv_498 | 3.7346610173747724 × 10^302 | 3993 | 89 |
| iv_499 | 6.5681214977142105 × 10^302 | 4004 | 81 |
| iv_500 | 1.2250399312156492 × 10^304 | 4387 | 89 |
| iv_501 | 6.486108914297279 × 10^303 | 4308 | 78 |
| iv_502 | 2.9382113962884555 × 10^303 | 3955 | 77 |
| iv_504 | 7.277839158488874 × 10^303 | 3953 | 81 |
| iv_506 | 5.638793512951908 × 10^303 | 4049 | 87 |
| iv_507 | 8.095964165302355 × 10^303 | 4184 | 79 |
| iv_508 | 1.0751336347631882 × 10^304 | 4224 | 83 |
| iv_509 | 1.0909795878456718 × 10^304 | 4150 | 88 |

### Input Bits Sorted by Complexity

| Input Bit | Complexity | Occurrences | Output Occurrences |
|:---------:|:----------:|:-----------:|:------------------:|
| iv_497 | 1.8748500194812131 × 10^302 | 4111 | 86 |
| iv_498 | 3.7346610173747724 × 10^302 | 3993 | 89 |
| iv_499 | 6.5681214977142105 × 10^302 | 4004 | 81 |
| iv_502 | 2.9382113962884555 × 10^303 | 3955 | 77 |
| iv_506 | 5.638793512951908 × 10^303 | 4049 | 87 |
| iv_501 | 6.486108914297279 × 10^303 | 4308 | 78 |
| iv_504 | 7.277839158488874 × 10^303 | 3953 | 81 |
| iv_507 | 8.095964165302355 × 10^303 | 4184 | 79 |
| iv_508 | 1.0751336347631882 × 10^304 | 4224 | 83 |
| iv_509 | 1.0909795878456718 × 10^304 | 4150 | 88 |
| iv_500 | 1.2250399312156492 × 10^304 | 4387 | 89 |

### Input Bits Sorted by Occurrences

| Input Bit | Complexity | Occurrences | Output Occurrences |
|:---------:|:----------:|:-----------:|:------------------:|
| iv_504 | 7.277839158488874 × 10^303 | 3953 | 81 |
| iv_502 | 2.9382113962884555 × 10^303 | 3955 | 77 |
| iv_498 | 3.7346610173747724 × 10^302 | 3993 | 89 |
| iv_499 | 6.5681214977142105 × 10^302 | 4004 | 81 |
| iv_506 | 5.638793512951908 × 10^303 | 4049 | 87 |
| iv_497 | 1.8748500194812131 × 10^302 | 4111 | 86 |
| iv_509 | 1.0909795878456718 × 10^304 | 4150 | 88 |
| iv_507 | 8.095964165302355 × 10^303 | 4184 | 79 |
| iv_508 | 1.0751336347631882 × 10^304 | 4224 | 83 |
| iv_501 | 6.486108914297279 × 10^303 | 4308 | 78 |
| iv_500 | 1.2250399312156492 × 10^304 | 4387 | 89 |

### Input Bits Sorted by Output Occurrences

| Input Bit | Complexity | Occurrences | Output Occurrences |
|:---------:|:----------:|:-----------:|:------------------:|
| iv_502 | 2.9382113962884555 × 10^303 | 3955 | 77 |
| iv_501 | 6.486108914297279 × 10^303 | 4308 | 78 |
| iv_507 | 8.095964165302355 × 10^303 | 4184 | 79 |
| iv_499 | 6.5681214977142105 × 10^302 | 4004 | 81 |
| iv_504 | 7.277839158488874 × 10^303 | 3953 | 81 |
| iv_508 | 1.0751336347631882 × 10^304 | 4224 | 83 |
| iv_497 | 1.8748500194812131 × 10^302 | 4111 | 86 |
| iv_506 | 5.638793512951908 × 10^303 | 4049 | 87 |
| iv_509 | 1.0909795878456718 × 10^304 | 4150 | 88 |
| iv_498 | 3.7346610173747724 × 10^302 | 3993 | 89 |
| iv_500 | 1.2250399312156492 × 10^304 | 4387 | 89 |

## Input Bit Co-occurrences

### Input Bit Co-occurrences Sorted by Co-occurrences

| Input Bits | Co-occurrences | Potential Occurrences | Output Co-occurrences | Potential Output Occurrences |
|:----------:|:--------------:|:---------------------:|:---------------------:|:----------------------------:|
| iv_500-iv_501 | 2091 | 4513 | 49 | 69 |
| iv_500-iv_507 | 2072 | 4427 | 38 | 92 |
| iv_500-iv_506 | 2071 | 4294 | 50 | 76 |
| iv_500-iv_509 | 2042 | 4453 | 44 | 89 |
| iv_500-iv_508 | 2041 | 4529 | 50 | 72 |
| iv_507-iv_508 | 2025 | 4358 | 41 | 80 |
| iv_499-iv_500 | 2024 | 4343 | 44 | 82 |
| iv_507-iv_509 | 2018 | 4298 | 43 | 81 |
| iv_497-iv_500 | 2015 | 4468 | 48 | 79 |
| iv_508-iv_509 | 2013 | 4348 | 47 | 77 |
| iv_500-iv_504 | 2012 | 4316 | 45 | 80 |

### Input Bit Co-occurrences Sorted by Potential Occurrences

| Input Bits | Co-occurrences | Potential Occurrences | Output Co-occurrences | Potential Output Occurrences |
|:----------:|:--------------:|:---------------------:|:---------------------:|:----------------------------:|
| iv_498-iv_504 | 1892 | 4162 | 46 | 78 |
| iv_499-iv_504 | 1892 | 4173 | 40 | 82 |
| iv_498-iv_506 | 1922 | 4198 | 48 | 80 |
| iv_499-iv_502 | 1871 | 4217 | 44 | 70 |
| iv_506-iv_507 | 2005 | 4223 | 42 | 82 |
| iv_499-iv_506 | 1905 | 4243 | 45 | 78 |
| iv_499-iv_508 | 1988 | 4252 | 44 | 76 |
| iv_497-iv_504 | 1904 | 4256 | 45 | 77 |
| iv_497-iv_499 | 1928 | 4259 | 47 | 73 |
| iv_504-iv_506 | 1870 | 4262 | 44 | 80 |
| iv_502-iv_506 | 1868 | 4268 | 47 | 70 |

### Input Bit Output Co-occurrences Sorted by Output Co-occurrences

| Input Bits | Co-occurrences | Potential Occurrences | Output Co-occurrences | Potential Output Occurrences |
|:----------:|:--------------:|:---------------------:|:---------------------:|:----------------------------:|
| iv_497-iv_498 | 1899 | 4306 | 53 | 69 |
| iv_498-iv_509 | 1839 | 4465 | 51 | 75 |
| iv_500-iv_508 | 2041 | 4529 | 50 | 72 |
| iv_500-iv_506 | 2071 | 4294 | 50 | 76 |
| iv_500-iv_501 | 2091 | 4513 | 49 | 69 |
| iv_497-iv_500 | 2015 | 4468 | 48 | 79 |
| iv_498-iv_506 | 1922 | 4198 | 48 | 80 |
| iv_497-iv_499 | 1928 | 4259 | 47 | 73 |
| iv_508-iv_509 | 2013 | 4348 | 47 | 77 |
| iv_506-iv_508 | 1971 | 4331 | 47 | 76 |
| iv_502-iv_506 | 1868 | 4268 | 47 | 70 |

### Input Bit Output Co-occurrences Sorted by Potential Output Occurrences

| Input Bits | Co-occurrences | Potential Occurrences | Output Co-occurrences | Potential Output Occurrences |
|:----------:|:--------------:|:---------------------:|:---------------------:|:----------------------------:|
| iv_497-iv_498 | 1899 | 4306 | 53 | 69 |
| iv_500-iv_501 | 2091 | 4513 | 49 | 69 |
| iv_499-iv_502 | 1871 | 4217 | 44 | 70 |
| iv_502-iv_506 | 1868 | 4268 | 47 | 70 |
| iv_500-iv_508 | 2041 | 4529 | 50 | 72 |
| iv_497-iv_499 | 1928 | 4259 | 47 | 73 |
| iv_499-iv_507 | 1931 | 4326 | 43 | 74 |
| iv_501-iv_509 | 1977 | 4504 | 46 | 74 |
| iv_500-iv_502 | 1990 | 4362 | 46 | 74 |
| iv_502-iv_508 | 1952 | 4275 | 43 | 74 |
| iv_498-iv_509 | 1839 | 4465 | 51 | 75 |

## Output Bits

### Output Bits in Regular Order

| Rank | Output Bit | Complexity |
|:----:|:----------:|:----------:|
| 1 | ov_001 | 1.0398902505284342 × 10^304 |
| 2 | ov_002 | 9.030294536932614 × 10^303 |
| 3 | ov_003 | 7.803144673296838 × 10^303 |
| 4 | ov_004 | 6.706788790091192 × 10^303 |
| 5 | ov_005 | 5.7311440684548444 × 10^303 |
| 6 | ov_006 | 4.8666678172933606 × 10^303 |
| 7 | ov_007 | 4.104321643394828 × 10^303 |
| 8 | ov_008 | 3.4355405376172866 × 10^303 |
| 9 | ov_009 | 2.8522064732853854 × 10^303 |
| 10 | ov_010 | 2.3466260777382327 × 10^303 |
| 11 | ov_011 | 1.911511933006243 × 10^303 |
| 12 | ov_012 | 1.5399670870207232 × 10^303 |
| 13 | ov_013 | 1.2254723816834924 × 10^303 |
| 14 | ov_014 | 9.618762286594936 × 10^302 |
| 15 | ov_015 | 7.433864879984569 × 10^302 |
| 16 | ov_016 | 5.645641287195034 × 10^302 |
| 17 | ov_017 | 4.203183743663036 × 10^302 |
| 18 | ov_018 | 3.059030603066306 × 10^302 |
| 19 | ov_019 | 2.1691395324297896 × 10^302 |
| 20 | ov_020 | 1.4928680704458782 × 10^302 |
| 21 | ov_021 | 9.929596231659922 × 10^301 |
| 22 | ov_022 | 6.355334832189393 × 10^301 |
| 23 | ov_023 | 3.9007792639590714 × 10^301 |
| 24 | ov_024 | 2.29445668993027 × 10^301 |
| 25 | ov_025 | 1.298510871571151 × 10^301 |
| 26 | ov_026 | 7.086869304761154 × 10^300 |
| 27 | ov_027 | 3.5432417518975074 × 10^300 |
| 28 | ov_028 | 1.5849027976013525 × 10^300 |
| 29 | ov_029 | 6.104823583279952 × 10^299 |
| 30 | ov_030 | 1.8656163265681119 × 10^299 |
| 31 | ov_031 | 3.637327932434619 × 10^298 |
| 32 | lv_80_m31 | 7.090184137672411 × 10^297 |
| 33 | ov_033 | 8.501058281957651 × 10^298 |
| 34 | ov_034 | 7.371114256326458 × 10^298 |
| 35 | ov_035 | 6.359885249543294 × 10^298 |
| 36 | ov_036 | 5.458050823799204 × 10^298 |
| 37 | ov_037 | 4.656796546610767 × 10^298 |
| 38 | ov_038 | 3.9477781327968916 × 10^298 |
| 39 | ov_039 | 3.323090371328218 × 10^298 |
| 40 | ov_040 | 2.775240391628361 × 10^298 |
| 41 | ov_041 | 2.2971248462372935 × 10^298 |
| 42 | ov_042 | 1.8820106087141345 × 10^298 |
| 43 | ov_043 | 1.5266214658391202 × 10^298 |
| 44 | ov_044 | 1.2249190119763557 × 10^298 |
| 45 | ov_045 | 9.711945598335323 × 10^297 |
| 46 | ov_046 | 7.600603176385435 × 10^297 |
| 47 | ov_047 | 5.8644239617199364 × 10^297 |
| 48 | ov_048 | 4.455753712585882 × 10^297 |
| 49 | ov_049 | 3.329981478933467 × 10^297 |
| 50 | ov_050 | 2.4455089266333516 × 10^297 |
| 51 | ov_051 | 1.763728215423337 × 10^297 |
| 52 | ov_052 | 1.249006505002665 × 10^297 |
| 53 | ov_053 | 8.686753669457526 × 10^296 |
| 54 | ov_054 | 5.9302365270578625 × 10^296 |
| 55 | ov_055 | 3.952927669658689 × 10^296 |
| 56 | ov_056 | 2.5167365648724086 × 10^296 |
| 57 | ov_057 | 1.5099889359174713 × 10^296 |
| 58 | ov_058 | 8.357459291562184 × 10^295 |
| 59 | ov_059 | 4.118006946763906 × 10^295 |
| 60 | ov_060 | 1.7067682935651255 × 10^295 |
| 61 | ov_061 | 5.962781367499202 × 10^294 |
| 62 | ov_062 | 1.6359510528324786 × 10^294 |
| 63 | ov_063 | 3.1890457301566842 × 10^293 |
| 64 | lv_79_m31 | 6.215145392305944 × 10^292 |
| 65 | ov_065 | 7.40494837129183 × 10^293 |
| 66 | ov_066 | 7.404928764175661 × 10^293 |
| 67 | ov_067 | 7.40492409880746 × 10^293 |
| 68 | ov_068 | 6.4146421812461606 × 10^293 |
| 69 | ov_069 | 5.527620295573179 × 10^293 |
| 70 | ov_070 | 4.7362429823355014 × 10^293 |
| 71 | ov_071 | 4.0332554095949984 × 10^293 |
| 72 | ov_072 | 3.411740870192684 × 10^293 |
| 73 | ov_073 | 2.8651029385676626 × 10^293 |
| 74 | ov_074 | 2.3870515478481145 × 10^293 |
| 75 | ov_075 | 1.9715922870102887 × 10^293 |
| 76 | ov_076 | 1.6130182554728859 × 10^293 |
| 77 | ov_077 | 1.3059038488283676 × 10^293 |
| 78 | ov_078 | 1.0450998847482045 × 10^293 |
| 79 | ov_079 | 8.25729571684717 × 10^292 |
| 80 | ov_080 | 6.431850299322732 × 10^292 |
| 81 | ov_081 | 4.93124268759461 × 10^292 |
| 82 | ov_082 | 3.7146858678220293 × 10^292 |
| 83 | ov_083 | 2.7440036293468364 × 10^292 |
| 84 | ov_084 | 1.9836120552550978 × 10^292 |
| 85 | ov_085 | 1.4005042695637787 × 10^292 |
| 86 | ov_086 | 9.642381174140408 × 10^291 |
| 87 | ov_087 | 6.469264550530635 × 10^291 |
| 88 | ov_088 | 4.23229726636687 × 10^291 |
| 89 | ov_089 | 2.703505050311543 × 10^291 |
| 90 | ov_090 | 1.6802967386976937 × 10^291 |
| 91 | ov_091 | 9.854392815748266 × 10^290 |
| 92 | ov_092 | 5.366532814026634 × 10^290 |
| 93 | ov_093 | 2.6432819111130895 × 10^290 |
| 94 | ov_094 | 1.1151965513458378 × 10^290 |
| 95 | aaa_78_28 | 3.394842238989013 × 10^289 |
| 96 | aaa_78_29 | 1.0193584624226386 × 10^289 |
| 97 | ov_097 | 5.2620026559801223 × 10^288 |
| 98 | ov_098 | 5.261948976376564 × 10^288 |
| 99 | ov_099 | 5.2619318013923417 × 10^288 |
| 100 | ov_100 | 4.343782129075901 × 10^288 |
| 101 | ov_101 | 3.55757290273045 × 10^288 |
| 102 | ov_102 | 2.8901382170711573 × 10^288 |
| 103 | ov_103 | 2.329037061486562 × 10^288 |
| 104 | ov_104 | 1.8625002410633414 × 10^288 |
| 105 | ov_105 | 1.479384190456982 × 10^288 |
| 106 | ov_106 | 1.1691310531289875 × 10^288 |
| 107 | ov_107 | 9.21734430926867 × 10^287 |
| 108 | ov_108 | 7.277102402522123 × 10^287 |
| 109 | ov_109 | 5.7807214137962485 × 10^287 |
| 110 | ov_110 | 4.643110370570231 × 10^287 |
| 111 | ov_111 | 3.7837816550885104 × 10^287 |
| 112 | ov_112 | 3.1267134152350295 × 10^287 |
| 113 | ov_113 | 2.600239275533391 × 10^287 |
| 114 | ov_114 | 2.136961447840621 × 10^287 |
| 115 | ov_115 | 1.7327291327486824 × 10^287 |
| 116 | ov_116 | 1.3834288393172077 × 10^287 |
| 117 | ov_117 | 1.08497380592401 × 10^287 |
| 118 | ov_118 | 8.3329593331039675 × 10^286 |
| 119 | ov_119 | 6.243399530319833 × 10^286 |
| 120 | ov_120 | 4.540593616460277 × 10^286 |
| 121 | ov_121 | 3.1841349263203527 × 10^286 |
| 122 | ov_122 | 2.133653601840108 × 10^286 |
| 123 | ov_123 | 1.3488013656208522 × 10^286 |
| 124 | ov_124 | 7.892412469526865 × 10^285 |
| 125 | ov_125 | 4.146412149136079 × 10^285 |
| 126 | ov_126 | 1.8467092942046354 × 10^285 |
| 127 | aaa_77_28 | 5.900049356047761 × 10^284 |
| 128 | aaa_77_29 | 2.213759600527883 × 10^284 |
| 129 | ov_129 | 2.0436253452711402 × 10^284 |
| 130 | ov_130 | 2.0436193381505676 × 10^284 |
| 131 | ov_131 | 2.043617885408853 × 10^284 |
| 132 | ov_132 | 1.7736278476908672 × 10^284 |
| 133 | ov_133 | 1.5313231212582623 × 10^284 |
| 134 | ov_134 | 1.314544329900845 × 10^284 |
| 135 | ov_135 | 1.1212479788006937 × 10^284 |
| 136 | ov_136 | 9.494981365603035 × 10^283 |
| 137 | ov_137 | 7.983527627482046 × 10^283 |
| 138 | ov_138 | 6.66070507302848 × 10^283 |
| 139 | ov_139 | 5.509989946426235 × 10^283 |
| 140 | ov_140 | 4.515704427873158 × 10^283 |
| 141 | ov_141 | 3.662980446120369 × 10^283 |
| 142 | ov_142 | 2.937730205511886 × 10^283 |
| 143 | ov_143 | 2.3266225734722428 × 10^283 |
| 144 | ov_144 | 1.817064526692672 × 10^283 |
| 145 | ov_145 | 1.3971869062573785 × 10^283 |
| 146 | ov_146 | 1.0558337837433084 × 10^283 |
| 147 | ov_147 | 7.825547919939264 × 10^282 |
| 148 | ov_148 | 5.675998258536629 × 10^282 |
| 149 | ov_149 | 4.019155696799493 × 10^282 |
| 150 | ov_150 | 2.771433599393922 × 10^282 |
| 151 | ov_151 | 1.8561794265517878 × 10^282 |
| 152 | ov_152 | 1.2036675478446388 × 10^282 |
| 153 | ov_153 | 7.510947508974192 × 10^281 |
| 154 | ov_154 | 4.425772300766937 × 10^281 |
| 155 | ov_155 | 2.2914861104453245 × 10^281 |
| 156 | aaa_76_25 | 8.805490683144324 × 10^280 |
| 157 | aaa_76_26 | 5.085448194448224 × 10^280 |
| 158 | aaa_76_27 | 2.603481041510731 × 10^280 |
| 159 | aaa_76_28 | 1.01382915886535 × 10^280 |
| 160 | aaa_76_29 | 3.0837930509071976 × 10^279 |

### Output Bits Sorted by Complexity

| Rank | Output Bit | Complexity |
|:----:|:----------:|:----------:|
| 160 | aaa_76_29 | 3.0837930509071976 × 10^279 |
| 159 | aaa_76_28 | 1.01382915886535 × 10^280 |
| 158 | aaa_76_27 | 2.603481041510731 × 10^280 |
| 157 | aaa_76_26 | 5.085448194448224 × 10^280 |
| 156 | aaa_76_25 | 8.805490683144324 × 10^280 |
| 155 | ov_155 | 2.2914861104453245 × 10^281 |
| 154 | ov_154 | 4.425772300766937 × 10^281 |
| 153 | ov_153 | 7.510947508974192 × 10^281 |
| 152 | ov_152 | 1.2036675478446388 × 10^282 |
| 151 | ov_151 | 1.8561794265517878 × 10^282 |
| 150 | ov_150 | 2.771433599393922 × 10^282 |
| 149 | ov_149 | 4.019155696799493 × 10^282 |
| 148 | ov_148 | 5.675998258536629 × 10^282 |
| 147 | ov_147 | 7.825547919939264 × 10^282 |
| 146 | ov_146 | 1.0558337837433084 × 10^283 |
| 145 | ov_145 | 1.3971869062573785 × 10^283 |
| 144 | ov_144 | 1.817064526692672 × 10^283 |
| 143 | ov_143 | 2.3266225734722428 × 10^283 |
| 142 | ov_142 | 2.937730205511886 × 10^283 |
| 141 | ov_141 | 3.662980446120369 × 10^283 |
| 140 | ov_140 | 4.515704427873158 × 10^283 |
| 139 | ov_139 | 5.509989946426235 × 10^283 |
| 138 | ov_138 | 6.66070507302848 × 10^283 |
| 137 | ov_137 | 7.983527627482046 × 10^283 |
| 136 | ov_136 | 9.494981365603035 × 10^283 |
| 135 | ov_135 | 1.1212479788006937 × 10^284 |
| 134 | ov_134 | 1.314544329900845 × 10^284 |
| 133 | ov_133 | 1.5313231212582623 × 10^284 |
| 132 | ov_132 | 1.7736278476908672 × 10^284 |
| 131 | ov_131 | 2.043617885408853 × 10^284 |
| 130 | ov_130 | 2.0436193381505676 × 10^284 |
| 129 | ov_129 | 2.0436253452711402 × 10^284 |
| 128 | aaa_77_29 | 2.213759600527883 × 10^284 |
| 127 | aaa_77_28 | 5.900049356047761 × 10^284 |
| 126 | ov_126 | 1.8467092942046354 × 10^285 |
| 125 | ov_125 | 4.146412149136079 × 10^285 |
| 124 | ov_124 | 7.892412469526865 × 10^285 |
| 123 | ov_123 | 1.3488013656208522 × 10^286 |
| 122 | ov_122 | 2.133653601840108 × 10^286 |
| 121 | ov_121 | 3.1841349263203527 × 10^286 |
| 120 | ov_120 | 4.540593616460277 × 10^286 |
| 119 | ov_119 | 6.243399530319833 × 10^286 |
| 118 | ov_118 | 8.3329593331039675 × 10^286 |
| 117 | ov_117 | 1.08497380592401 × 10^287 |
| 116 | ov_116 | 1.3834288393172077 × 10^287 |
| 115 | ov_115 | 1.7327291327486824 × 10^287 |
| 114 | ov_114 | 2.136961447840621 × 10^287 |
| 113 | ov_113 | 2.600239275533391 × 10^287 |
| 112 | ov_112 | 3.1267134152350295 × 10^287 |
| 111 | ov_111 | 3.7837816550885104 × 10^287 |
| 110 | ov_110 | 4.643110370570231 × 10^287 |
| 109 | ov_109 | 5.7807214137962485 × 10^287 |
| 108 | ov_108 | 7.277102402522123 × 10^287 |
| 107 | ov_107 | 9.21734430926867 × 10^287 |
| 106 | ov_106 | 1.1691310531289875 × 10^288 |
| 105 | ov_105 | 1.479384190456982 × 10^288 |
| 104 | ov_104 | 1.8625002410633414 × 10^288 |
| 103 | ov_103 | 2.329037061486562 × 10^288 |
| 102 | ov_102 | 2.8901382170711573 × 10^288 |
| 101 | ov_101 | 3.55757290273045 × 10^288 |
| 100 | ov_100 | 4.343782129075901 × 10^288 |
| 99 | ov_099 | 5.2619318013923417 × 10^288 |
| 98 | ov_098 | 5.261948976376564 × 10^288 |
| 97 | ov_097 | 5.2620026559801223 × 10^288 |
| 96 | aaa_78_29 | 1.0193584624226386 × 10^289 |
| 95 | aaa_78_28 | 3.394842238989013 × 10^289 |
| 94 | ov_094 | 1.1151965513458378 × 10^290 |
| 93 | ov_093 | 2.6432819111130895 × 10^290 |
| 92 | ov_092 | 5.366532814026634 × 10^290 |
| 91 | ov_091 | 9.854392815748266 × 10^290 |
| 90 | ov_090 | 1.6802967386976937 × 10^291 |
| 89 | ov_089 | 2.703505050311543 × 10^291 |
| 88 | ov_088 | 4.23229726636687 × 10^291 |
| 87 | ov_087 | 6.469264550530635 × 10^291 |
| 86 | ov_086 | 9.642381174140408 × 10^291 |
| 85 | ov_085 | 1.4005042695637787 × 10^292 |
| 84 | ov_084 | 1.9836120552550978 × 10^292 |
| 83 | ov_083 | 2.7440036293468364 × 10^292 |
| 82 | ov_082 | 3.7146858678220293 × 10^292 |
| 81 | ov_081 | 4.93124268759461 × 10^292 |
| 64 | lv_79_m31 | 6.215145392305944 × 10^292 |
| 80 | ov_080 | 6.431850299322732 × 10^292 |
| 79 | ov_079 | 8.25729571684717 × 10^292 |
| 78 | ov_078 | 1.0450998847482045 × 10^293 |
| 77 | ov_077 | 1.3059038488283676 × 10^293 |
| 76 | ov_076 | 1.6130182554728859 × 10^293 |
| 75 | ov_075 | 1.9715922870102887 × 10^293 |
| 74 | ov_074 | 2.3870515478481145 × 10^293 |
| 73 | ov_073 | 2.8651029385676626 × 10^293 |
| 63 | ov_063 | 3.1890457301566842 × 10^293 |
| 72 | ov_072 | 3.411740870192684 × 10^293 |
| 71 | ov_071 | 4.0332554095949984 × 10^293 |
| 70 | ov_070 | 4.7362429823355014 × 10^293 |
| 69 | ov_069 | 5.527620295573179 × 10^293 |
| 68 | ov_068 | 6.4146421812461606 × 10^293 |
| 67 | ov_067 | 7.40492409880746 × 10^293 |
| 66 | ov_066 | 7.404928764175661 × 10^293 |
| 65 | ov_065 | 7.40494837129183 × 10^293 |
| 62 | ov_062 | 1.6359510528324786 × 10^294 |
| 61 | ov_061 | 5.962781367499202 × 10^294 |
| 60 | ov_060 | 1.7067682935651255 × 10^295 |
| 59 | ov_059 | 4.118006946763906 × 10^295 |
| 58 | ov_058 | 8.357459291562184 × 10^295 |
| 57 | ov_057 | 1.5099889359174713 × 10^296 |
| 56 | ov_056 | 2.5167365648724086 × 10^296 |
| 55 | ov_055 | 3.952927669658689 × 10^296 |
| 54 | ov_054 | 5.9302365270578625 × 10^296 |
| 53 | ov_053 | 8.686753669457526 × 10^296 |
| 52 | ov_052 | 1.249006505002665 × 10^297 |
| 51 | ov_051 | 1.763728215423337 × 10^297 |
| 50 | ov_050 | 2.4455089266333516 × 10^297 |
| 49 | ov_049 | 3.329981478933467 × 10^297 |
| 48 | ov_048 | 4.455753712585882 × 10^297 |
| 47 | ov_047 | 5.8644239617199364 × 10^297 |
| 32 | lv_80_m31 | 7.090184137672411 × 10^297 |
| 46 | ov_046 | 7.600603176385435 × 10^297 |
| 45 | ov_045 | 9.711945598335323 × 10^297 |
| 44 | ov_044 | 1.2249190119763557 × 10^298 |
| 43 | ov_043 | 1.5266214658391202 × 10^298 |
| 42 | ov_042 | 1.8820106087141345 × 10^298 |
| 41 | ov_041 | 2.2971248462372935 × 10^298 |
| 40 | ov_040 | 2.775240391628361 × 10^298 |
| 39 | ov_039 | 3.323090371328218 × 10^298 |
| 31 | ov_031 | 3.637327932434619 × 10^298 |
| 38 | ov_038 | 3.9477781327968916 × 10^298 |
| 37 | ov_037 | 4.656796546610767 × 10^298 |
| 36 | ov_036 | 5.458050823799204 × 10^298 |
| 35 | ov_035 | 6.359885249543294 × 10^298 |
| 34 | ov_034 | 7.371114256326458 × 10^298 |
| 33 | ov_033 | 8.501058281957651 × 10^298 |
| 30 | ov_030 | 1.8656163265681119 × 10^299 |
| 29 | ov_029 | 6.104823583279952 × 10^299 |
| 28 | ov_028 | 1.5849027976013525 × 10^300 |
| 27 | ov_027 | 3.5432417518975074 × 10^300 |
| 26 | ov_026 | 7.086869304761154 × 10^300 |
| 25 | ov_025 | 1.298510871571151 × 10^301 |
| 24 | ov_024 | 2.29445668993027 × 10^301 |
| 23 | ov_023 | 3.9007792639590714 × 10^301 |
| 22 | ov_022 | 6.355334832189393 × 10^301 |
| 21 | ov_021 | 9.929596231659922 × 10^301 |
| 20 | ov_020 | 1.4928680704458782 × 10^302 |
| 19 | ov_019 | 2.1691395324297896 × 10^302 |
| 18 | ov_018 | 3.059030603066306 × 10^302 |
| 17 | ov_017 | 4.203183743663036 × 10^302 |
| 16 | ov_016 | 5.645641287195034 × 10^302 |
| 15 | ov_015 | 7.433864879984569 × 10^302 |
| 14 | ov_014 | 9.618762286594936 × 10^302 |
| 13 | ov_013 | 1.2254723816834924 × 10^303 |
| 12 | ov_012 | 1.5399670870207232 × 10^303 |
| 11 | ov_011 | 1.911511933006243 × 10^303 |
| 10 | ov_010 | 2.3466260777382327 × 10^303 |
| 9 | ov_009 | 2.8522064732853854 × 10^303 |
| 8 | ov_008 | 3.4355405376172866 × 10^303 |
| 7 | ov_007 | 4.104321643394828 × 10^303 |
| 6 | ov_006 | 4.8666678172933606 × 10^303 |
| 5 | ov_005 | 5.7311440684548444 × 10^303 |
| 4 | ov_004 | 6.706788790091192 × 10^303 |
| 3 | ov_003 | 7.803144673296838 × 10^303 |
| 2 | ov_002 | 9.030294536932614 × 10^303 |
| 1 | ov_001 | 1.0398902505284342 × 10^304 |

