# Results for O003006-F013-F014-F015-F016-F017-F018-F019-F020-F021-F022-F023-F024-F025-F026-F027-F028-F029-F030-F031-F032-F033-F034-F035-F036-F037-F038-F039-F040-F041-F042-F043-F044-F045-F046-F047-F048-F049-F050-F051-F052-F053-F054-F055-F056-F057-F058-F059-F060-F061-F062-F063-F064-F065-F066-F067-F068-F069-F070-F071-F072-F073-F074-F075-F076-F077-F078-F079-F080-F081-F082-F083-F084-F085-F086-F087-F088-F089-F090-F091-F092-F093-F094-F095-F096-F097-F098-F099-F100-F101-F102-F103-F104-F105-F106-F107-F108-F109-F110-F111-F112-F113-F114-F115-F116-F117-F118-F119-F120-F121-F122-F123-F124-F125-F126-F127-F128-F129-F130-F131-F132-F133-F134-F135-F136-F137-F138-F139-F140-F141-F142-F143-F144-F145-F146-F147-F148-F149-F150-F151-F152-F153-F154-F155-F156-F157-F158-F159-F160-F161-F162-F163-F164-F165-F166-F167-F168-F169-F170-F171-F172-F173-F174-F175-F176-F177-F178-F179-F180-F181-F182-F183-F184-F185-F186-F187-F188-F189-F190-F191-F192-F193-F194-F195-F196-F197-F198-F199-F200-F201-F202-F203-F204-F205-F206-F207-F208-F209-F210-F211-F212-F213-F214-F215-F216-F217-F218-F219-F220-F221-F222-F223-F224-F225-F226-F227-F228-F229-F230-F231-F232-F233-F234-F235-F236-F237-F238-F239-F240-F241-F242-F243-F244-F245-F246-F247-F248-F249-F250-F251-F252-F253-F254-F255-F256-F257-F258-F259-F260-F261-F262-F263-F264-F265-F266-F267-F268-F269-F270-F271-F272-F273-F274-F275-F276-F277-F278-F279-F280-F281-F282-F283-F284-F285-F286-F287-F288-F289-F290-F291-F292-F293-F294-F295-F296-F297-F298-F299-F300-F301-F302-F303-F304-F305-F306-F307-F308-F309-F310-F311-F312-F313-F314-F315-F316-F317-F318-F319-F320-F321-F322-F323-F324-F325-F326-F327-F328-F329-F330-F331-F332-F333-F334-F335-F336-F337-F338-F339-F340-F341-F342-F343-F344-F345-F346-F347-F348-F349-F350-F351-F352-F353-F354-F355-F356-F357-F358-F359-F360-F361-F362-F363-F364-F365-F366-F367-F368-F369-F370-F371-F372-F373-F374-F375-F376-F377-F378-F379-F380-F381-F382-F383-F384-F385-F386-F387-F388-F389-F390-F391-F392-F393-F394-F395-F396-F397-F398-F399-F400-F401-F402-F403-F404-F405-F406-F407-F408-F409-F410-F411-F412-F413-F414-F415-F416-F417-F418-F419-F420-F421-F422-F423-F424-F425-F426-F427-F428-F429-F430-F431-F432-F433-F434-F435-F436-F437-F438-F439-F440-F441-F442-F443-F444-F445-F446-F447-F448-F449-F450-F451-F452-F453-F454-F455-F456-F457-F458-F459-F460-F461-F462-F463-F464-F465-F466-F467-F468-F469-F470-F471-F472-F473-F474-F475-F476-F477-F478-F479-F480-F481-F482-F483-F484-F485-F486-F487-F488-F489-F490-F491-F492-F493-F494-F495-F496-F497-F498-F499-F500-F501-F502-F503-F504-F505-F506-F507-F508-F509-F510-F511-F512

## Summary

Number of input bits: 512  
Number of free input bits: 11  
Number of output bits: 160

Number of direct occurrences: 51341  
Number of assignments: 38518  
Number of operations: 19232669
(xor: 19192697,
and: 23763,
or: 16209)

Total complexity: 1.5685240471447543 × 10^356

Least occurring input variable: iv_007 (4417)  
Most occurring input variable: iv_003 (4979)

Most co-occurring input variables: iv_004-iv_005 (2427)  
Least co-occurring input variables: iv_007-iv_011 (1952)

Potentially most occurring input variable: iv_008/iv_011 (5266)  
Potentially least occurring input variable: iv_004/iv_005 (4494)

Least output occurring input variable: iv_011 (63)  
Most output occurring input variable: iv_012 (88)

Most output co-occurring input variables: iv_004-iv_012 (50)  
Least output co-occurring input variables: iv_001-iv_011 (21)

Potentially most output occurring input variable: iv_002/iv_005 (100)  
Potentially least output occurring input variable: iv_003/iv_005 (67)

Least complex input bit: iv_001 (1.933894985821126 × 10^353)  
Most complex input bit: iv_012 (2.5448234903450785 × 10^355)

Least complex output bit: aaa_76_29 (5.1089662288923906 × 10^330)  
Most complex output bit: ov_001 (2.3898683074964904 × 10^355)

Least complex input/output complexity: iv_001/aaa_76_29 (6.2990453928773216 × 10^327)  
Most complex input/output complexity: iv_012/ov_001 (3.8773986403455004 × 10^354)

## Input Bits

### Input Bits in Regular Order

| Input Bit | Complexity | Occurrences | Output Occurrences |
|:---------:|:----------:|:-----------:|:------------------:|
| iv_001 | 1.933894985821126 × 10^353 | 4625 | 74 |
| iv_002 | 8.275561152739952 × 10^353 | 4641 | 80 |
| iv_003 | 1.34734419468471 × 10^355 | 4979 | 81 |
| iv_004 | 5.055962587786247 × 10^354 | 4648 | 85 |
| iv_005 | 8.074152802340243 × 10^354 | 4700 | 78 |
| iv_007 | 1.4369522491631996 × 10^355 | 4417 | 85 |
| iv_008 | 1.807320488853841 × 10^355 | 4569 | 82 |
| iv_009 | 2.2460393950041305 × 10^355 | 4703 | 78 |
| iv_010 | 2.3691842010289034 × 10^355 | 4525 | 74 |
| iv_011 | 2.518470351969451 × 10^355 | 4701 | 63 |
| iv_012 | 2.5448234903450785 × 10^355 | 4833 | 88 |

### Input Bits Sorted by Complexity

| Input Bit | Complexity | Occurrences | Output Occurrences |
|:---------:|:----------:|:-----------:|:------------------:|
| iv_001 | 1.933894985821126 × 10^353 | 4625 | 74 |
| iv_002 | 8.275561152739952 × 10^353 | 4641 | 80 |
| iv_004 | 5.055962587786247 × 10^354 | 4648 | 85 |
| iv_005 | 8.074152802340243 × 10^354 | 4700 | 78 |
| iv_003 | 1.34734419468471 × 10^355 | 4979 | 81 |
| iv_007 | 1.4369522491631996 × 10^355 | 4417 | 85 |
| iv_008 | 1.807320488853841 × 10^355 | 4569 | 82 |
| iv_009 | 2.2460393950041305 × 10^355 | 4703 | 78 |
| iv_010 | 2.3691842010289034 × 10^355 | 4525 | 74 |
| iv_011 | 2.518470351969451 × 10^355 | 4701 | 63 |
| iv_012 | 2.5448234903450785 × 10^355 | 4833 | 88 |

### Input Bits Sorted by Occurrences

| Input Bit | Complexity | Occurrences | Output Occurrences |
|:---------:|:----------:|:-----------:|:------------------:|
| iv_007 | 1.4369522491631996 × 10^355 | 4417 | 85 |
| iv_010 | 2.3691842010289034 × 10^355 | 4525 | 74 |
| iv_008 | 1.807320488853841 × 10^355 | 4569 | 82 |
| iv_001 | 1.933894985821126 × 10^353 | 4625 | 74 |
| iv_002 | 8.275561152739952 × 10^353 | 4641 | 80 |
| iv_004 | 5.055962587786247 × 10^354 | 4648 | 85 |
| iv_005 | 8.074152802340243 × 10^354 | 4700 | 78 |
| iv_011 | 2.518470351969451 × 10^355 | 4701 | 63 |
| iv_009 | 2.2460393950041305 × 10^355 | 4703 | 78 |
| iv_012 | 2.5448234903450785 × 10^355 | 4833 | 88 |
| iv_003 | 1.34734419468471 × 10^355 | 4979 | 81 |

### Input Bits Sorted by Output Occurrences

| Input Bit | Complexity | Occurrences | Output Occurrences |
|:---------:|:----------:|:-----------:|:------------------:|
| iv_011 | 2.518470351969451 × 10^355 | 4701 | 63 |
| iv_001 | 1.933894985821126 × 10^353 | 4625 | 74 |
| iv_010 | 2.3691842010289034 × 10^355 | 4525 | 74 |
| iv_009 | 2.2460393950041305 × 10^355 | 4703 | 78 |
| iv_005 | 8.074152802340243 × 10^354 | 4700 | 78 |
| iv_002 | 8.275561152739952 × 10^353 | 4641 | 80 |
| iv_003 | 1.34734419468471 × 10^355 | 4979 | 81 |
| iv_008 | 1.807320488853841 × 10^355 | 4569 | 82 |
| iv_007 | 1.4369522491631996 × 10^355 | 4417 | 85 |
| iv_004 | 5.055962587786247 × 10^354 | 4648 | 85 |
| iv_012 | 2.5448234903450785 × 10^355 | 4833 | 88 |

## Input Bit Co-occurrences

### Input Bit Co-occurrences Sorted by Co-occurrences

| Input Bits | Co-occurrences | Potential Occurrences | Output Co-occurrences | Potential Output Occurrences |
|:----------:|:--------------:|:---------------------:|:---------------------:|:----------------------------:|
| iv_004-iv_005 | 2427 | 4494 | 48 | 67 |
| iv_011-iv_012 | 2363 | 4808 | 33 | 85 |
| iv_008-iv_009 | 2345 | 4582 | 40 | 80 |
| iv_003-iv_005 | 2322 | 5035 | 46 | 67 |
| iv_003-iv_012 | 2309 | 5194 | 49 | 71 |
| iv_002-iv_003 | 2302 | 5016 | 40 | 81 |
| iv_003-iv_011 | 2274 | 5132 | 35 | 74 |
| iv_002-iv_012 | 2260 | 4954 | 38 | 92 |
| iv_004-iv_012 | 2259 | 4963 | 50 | 73 |
| iv_001-iv_003 | 2240 | 5124 | 33 | 89 |
| iv_009-iv_012 | 2239 | 5058 | 48 | 70 |

### Input Bit Co-occurrences Sorted by Potential Occurrences

| Input Bits | Co-occurrences | Potential Occurrences | Output Co-occurrences | Potential Output Occurrences |
|:----------:|:--------------:|:---------------------:|:---------------------:|:----------------------------:|
| iv_004-iv_005 | 2427 | 4494 | 48 | 67 |
| iv_008-iv_009 | 2345 | 4582 | 40 | 80 |
| iv_002-iv_007 | 2193 | 4672 | 40 | 85 |
| iv_005-iv_010 | 2229 | 4767 | 30 | 92 |
| iv_007-iv_010 | 2074 | 4794 | 38 | 83 |
| iv_001-iv_002 | 2235 | 4796 | 37 | 80 |
| iv_011-iv_012 | 2363 | 4808 | 33 | 85 |
| iv_001-iv_007 | 2116 | 4810 | 40 | 79 |
| iv_009-iv_010 | 2186 | 4856 | 39 | 74 |
| iv_007-iv_009 | 2132 | 4856 | 43 | 77 |
| iv_001-iv_010 | 2146 | 4858 | 40 | 68 |

### Input Bit Output Co-occurrences Sorted by Output Co-occurrences

| Input Bits | Co-occurrences | Potential Occurrences | Output Co-occurrences | Potential Output Occurrences |
|:----------:|:--------------:|:---------------------:|:---------------------:|:----------------------------:|
| iv_007-iv_012 | 2107 | 5036 | 50 | 73 |
| iv_004-iv_012 | 2259 | 4963 | 50 | 73 |
| iv_003-iv_012 | 2309 | 5194 | 49 | 71 |
| iv_009-iv_012 | 2239 | 5058 | 48 | 70 |
| iv_003-iv_008 | 2239 | 5070 | 48 | 67 |
| iv_004-iv_005 | 2427 | 4494 | 48 | 67 |
| iv_008-iv_012 | 2108 | 5186 | 47 | 76 |
| iv_003-iv_005 | 2322 | 5035 | 46 | 67 |
| iv_004-iv_007 | 2100 | 4865 | 44 | 82 |
| iv_005-iv_012 | 2216 | 5101 | 44 | 78 |
| iv_007-iv_009 | 2132 | 4856 | 43 | 77 |

### Input Bit Output Co-occurrences Sorted by Potential Output Occurrences

| Input Bits | Co-occurrences | Potential Occurrences | Output Co-occurrences | Potential Output Occurrences |
|:----------:|:--------------:|:---------------------:|:---------------------:|:----------------------------:|
| iv_003-iv_005 | 2322 | 5035 | 46 | 67 |
| iv_003-iv_008 | 2239 | 5070 | 48 | 67 |
| iv_004-iv_005 | 2427 | 4494 | 48 | 67 |
| iv_001-iv_009 | 2154 | 5020 | 42 | 68 |
| iv_001-iv_010 | 2146 | 4858 | 40 | 68 |
| iv_009-iv_012 | 2239 | 5058 | 48 | 70 |
| iv_003-iv_012 | 2309 | 5194 | 49 | 71 |
| iv_007-iv_012 | 2107 | 5036 | 50 | 73 |
| iv_004-iv_012 | 2259 | 4963 | 50 | 73 |
| iv_008-iv_010 | 2071 | 4952 | 41 | 74 |
| iv_009-iv_010 | 2186 | 4856 | 39 | 74 |

## Output Bits

### Output Bits in Regular Order

| Rank | Output Bit | Complexity |
|:----:|:----------:|:----------:|
| 1 | ov_001 | 2.3898683074964904 × 10^355 |
| 2 | ov_002 | 2.0938446431771793 × 10^355 |
| 3 | ov_003 | 1.8266759552408681 × 10^355 |
| 4 | ov_004 | 1.5857036900888724 × 10^355 |
| 5 | ov_005 | 1.3684214672671307 × 10^355 |
| 6 | ov_006 | 1.172464173011629 × 10^355 |
| 7 | ov_007 | 9.96683281404587 × 10^354 |
| 8 | ov_008 | 8.399937714170403 × 10^354 |
| 9 | ov_009 | 7.013701225234724 × 10^354 |
| 10 | ov_010 | 5.798428316083327 × 10^354 |
| 11 | ov_011 | 4.744954215133628 × 10^354 |
| 12 | ov_012 | 3.8446190703369774 × 10^354 |
| 13 | ov_013 | 3.081536738603073 × 10^354 |
| 14 | ov_014 | 2.4407390015570336 × 10^354 |
| 15 | ov_015 | 1.908149615021677 × 10^354 |
| 16 | ov_016 | 1.4705635279293145 × 10^354 |
| 17 | ov_017 | 1.115630522617184 × 10^354 |
| 18 | ov_018 | 8.318425883327263 × 10^353 |
| 19 | ov_019 | 6.08524399433814 × 10^353 |
| 20 | ov_020 | 4.358263292932416 × 10^353 |
| 21 | ov_021 | 3.047194903604964 × 10^353 |
| 22 | ov_022 | 2.0699235023129596 × 10^353 |
| 23 | ov_023 | 1.3524853294687165 × 10^353 |
| 24 | ov_024 | 8.290547410204042 × 10^352 |
| 25 | ov_025 | 4.687522020463552 × 10^352 |
| 26 | ov_026 | 2.4476208740661163 × 10^352 |
| 27 | ov_027 | 1.1564050499171511 × 10^352 |
| 28 | ov_028 | 4.806757528859183 × 10^351 |
| 29 | ov_029 | 1.684720090836759 × 10^351 |
| 30 | ov_030 | 4.6384980742018795 × 10^350 |
| 31 | ov_031 | 9.078688529465978 × 10^349 |
| 32 | lv_80_m31 | 1.7769225673570857 × 10^349 |
| 33 | ov_033 | 2.2192193576669913 × 10^350 |
| 34 | ov_034 | 1.9507084214034844 × 10^350 |
| 35 | ov_035 | 1.708324706502946 × 10^350 |
| 36 | ov_036 | 1.4897013483241555 × 10^350 |
| 37 | ov_037 | 1.29260152239347 × 10^350 |
| 38 | ov_038 | 1.114909265632478 × 10^350 |
| 39 | ov_039 | 9.546214796037752 × 10^349 |
| 40 | ov_040 | 8.10763902075137 × 10^349 |
| 41 | ov_041 | 6.824136391778181 × 10^349 |
| 42 | ov_042 | 5.68696421475074 × 10^349 |
| 43 | ov_043 | 4.687842750539476 × 10^349 |
| 44 | ov_044 | 3.81893563640508 × 10^349 |
| 45 | ov_045 | 3.0728336031346895 × 10^349 |
| 46 | ov_046 | 2.442541099012086 × 10^349 |
| 47 | ov_047 | 1.9152670399563593 × 10^349 |
| 48 | ov_048 | 1.4790020991681143 × 10^349 |
| 49 | ov_049 | 1.1225068067415964 × 10^349 |
| 50 | ov_050 | 8.353025650115213 × 10^348 |
| 51 | ov_051 | 6.076650642833977 × 10^348 |
| 52 | ov_052 | 4.3061963026126194 × 10^348 |
| 53 | ov_053 | 2.9593808102554823 × 10^348 |
| 54 | ov_054 | 1.9613671787440443 × 10^348 |
| 55 | ov_055 | 1.244751207570876 × 10^348 |
| 56 | ov_056 | 7.495546541940083 × 10^347 |
| 57 | ov_057 | 4.232214083095736 × 10^347 |
| 58 | ov_058 | 2.206153163620843 × 10^347 |
| 59 | ov_059 | 1.0401901033246965 × 10^347 |
| 60 | ov_060 | 4.313336231867302 × 10^346 |
| 61 | ov_061 | 1.5077275296332366 × 10^346 |
| 62 | ov_062 | 4.139014908292065 × 10^345 |
| 63 | ov_063 | 8.073712861207191 × 10^344 |
| 64 | lv_79_m31 | 1.5745713897211052 × 10^344 |
| 65 | ov_065 | 1.9001838335108693 × 10^345 |
| 66 | ov_066 | 1.9001759671071103 × 10^345 |
| 67 | ov_067 | 1.9001734383289 × 10^345 |
| 68 | ov_068 | 1.6515688551263474 × 10^345 |
| 69 | ov_069 | 1.4285599336233277 × 10^345 |
| 70 | ov_070 | 1.2292010910737852 × 10^345 |
| 71 | ov_071 | 1.051658360926767 × 10^345 |
| 72 | ov_072 | 8.942012219327013 × 10^344 |
| 73 | ov_073 | 7.551953268004459 × 10^344 |
| 74 | ov_074 | 6.330960810421545 × 10^344 |
| 75 | ov_075 | 5.264430254021349 × 10^344 |
| 76 | ov_076 | 4.338549778902805 × 10^344 |
| 77 | ov_077 | 3.540258847699976 × 10^344 |
| 78 | ov_078 | 2.85721314465718 × 10^344 |
| 79 | ov_079 | 2.2777552317992054 × 10^344 |
| 80 | ov_080 | 1.7908902547042216 × 10^344 |
| 81 | ov_081 | 1.3862660740085035 × 10^344 |
| 82 | ov_082 | 1.054157241626565 × 10^344 |
| 83 | ov_083 | 7.854522829442157 × 10^343 |
| 84 | ov_084 | 5.716437880883841 × 10^343 |
| 85 | ov_085 | 4.048208569186693 × 10^343 |
| 86 | ov_086 | 2.776634837170726 × 10^343 |
| 87 | ov_087 | 1.8343850874628615 × 10^343 |
| 88 | ov_088 | 1.1599680495552005 × 10^343 |
| 89 | ov_089 | 6.97714091714988 × 10^342 |
| 90 | ov_090 | 3.977634814409257 × 10^342 |
| 91 | ov_091 | 2.160595083600343 × 10^342 |
| 92 | ov_092 | 1.1434479361226405 × 10^342 |
| 93 | ov_093 | 6.015949837757928 × 10^341 |
| 94 | ov_094 | 2.68406391450118 × 10^341 |
| 95 | aaa_78_28 | 8.591716967633422 × 10^340 |
| 96 | aaa_78_29 | 3.2336001032159227 × 10^340 |
| 97 | ov_097 | 3.1385473799027783 × 10^340 |
| 98 | ov_098 | 3.1385383361074133 × 10^340 |
| 99 | ov_099 | 3.138536140111604 × 10^340 |
| 100 | ov_100 | 2.754782514857877 × 10^340 |
| 101 | ov_101 | 2.4086484808977525 × 10^340 |
| 102 | ov_102 | 2.096738973522287 × 10^340 |
| 103 | ov_103 | 1.815854239741784 × 10^340 |
| 104 | ov_104 | 1.5629764187009494 × 10^340 |
| 105 | ov_105 | 1.3352575576510095 × 10^340 |
| 106 | ov_106 | 1.1313147456318946 × 10^340 |
| 107 | ov_107 | 9.498421968753347 × 10^339 |
| 108 | ov_108 | 7.8960683849483935 × 10^339 |
| 109 | ov_109 | 6.494444467194022 × 10^339 |
| 110 | ov_110 | 5.282562894818476 × 10^339 |
| 111 | ov_111 | 4.2500623567688715 × 10^339 |
| 112 | ov_112 | 3.378003752114394 × 10^339 |
| 113 | ov_113 | 2.6485923887605173 × 10^339 |
| 114 | ov_114 | 2.045147204533532 × 10^339 |
| 115 | ov_115 | 1.5520762840499093 × 10^339 |
| 116 | ov_116 | 1.1548579045253903 × 10^339 |
| 117 | ov_117 | 8.4002623447529 × 10^338 |
| 118 | ov_118 | 5.951608340084641 × 10^338 |
| 119 | ov_119 | 4.0887919428407285 × 10^338 |
| 120 | ov_120 | 2.708316424264754 × 10^338 |
| 121 | ov_121 | 1.716980268423866 × 10^338 |
| 122 | ov_122 | 1.0318568649340244 × 10^338 |
| 123 | ov_123 | 5.802829626727538 × 10^337 |
| 124 | ov_124 | 2.9985268808598667 × 10^337 |
| 125 | ov_125 | 1.384147886157027 × 10^337 |
| 126 | ov_126 | 5.407154110288744 × 10^336 |
| 127 | aaa_77_28 | 1.5178398795234365 × 10^336 |
| 128 | aaa_77_29 | 4.629084163558138 × 10^335 |
| 129 | ov_129 | 2.8298205075691483 × 10^335 |
| 130 | ov_130 | 2.8298104980282505 × 10^335 |
| 131 | ov_131 | 2.8298080586941635 × 10^335 |
| 132 | ov_132 | 2.485905268527374 × 10^335 |
| 133 | ov_133 | 2.1783787815163884 × 10^335 |
| 134 | ov_134 | 1.9035551459870892 × 10^335 |
| 135 | ov_135 | 1.657974352214107 × 10^335 |
| 136 | ov_136 | 1.43837477131007 × 10^335 |
| 137 | ov_137 | 1.2416796930091546 × 10^335 |
| 138 | ov_138 | 1.0649853561845344 × 10^335 |
| 139 | ov_139 | 9.068817114423397 × 10^334 |
| 140 | ov_140 | 7.66037419013992 × 10^334 |
| 141 | ov_141 | 6.411955216597297 × 10^334 |
| 142 | ov_142 | 5.311696996509407 × 10^334 |
| 143 | ov_143 | 4.348410668093281 × 10^334 |
| 144 | ov_144 | 3.5115546903856845 × 10^334 |
| 145 | ov_145 | 2.7912124919621875 × 10^334 |
| 146 | ov_146 | 2.1780743726035096 × 10^334 |
| 147 | ov_147 | 1.663423131361266 × 10^334 |
| 148 | ov_148 | 1.2391228625001075 × 10^334 |
| 149 | ov_149 | 8.976104071596704 × 10^333 |
| 150 | ov_150 | 6.318889948160559 × 10^333 |
| 151 | ov_151 | 4.29647291782268 × 10^333 |
| 152 | ov_152 | 2.796890564205536 × 10^333 |
| 153 | ov_153 | 1.7192967971078843 × 10^333 |
| 154 | ov_154 | 9.73940648735253 × 10^332 |
| 155 | ov_155 | 4.821541906706117 × 10^332 |
| 156 | aaa_76_25 | 1.763463864535086 × 10^332 |
| 157 | aaa_76_26 | 9.232933672905666 × 10^331 |
| 158 | aaa_76_27 | 4.26842607272528 × 10^331 |
| 159 | aaa_76_28 | 1.6704332426589882 × 10^331 |
| 160 | aaa_76_29 | 5.1089662288923906 × 10^330 |

### Output Bits Sorted by Complexity

| Rank | Output Bit | Complexity |
|:----:|:----------:|:----------:|
| 160 | aaa_76_29 | 5.1089662288923906 × 10^330 |
| 159 | aaa_76_28 | 1.6704332426589882 × 10^331 |
| 158 | aaa_76_27 | 4.26842607272528 × 10^331 |
| 157 | aaa_76_26 | 9.232933672905666 × 10^331 |
| 156 | aaa_76_25 | 1.763463864535086 × 10^332 |
| 155 | ov_155 | 4.821541906706117 × 10^332 |
| 154 | ov_154 | 9.73940648735253 × 10^332 |
| 153 | ov_153 | 1.7192967971078843 × 10^333 |
| 152 | ov_152 | 2.796890564205536 × 10^333 |
| 151 | ov_151 | 4.29647291782268 × 10^333 |
| 150 | ov_150 | 6.318889948160559 × 10^333 |
| 149 | ov_149 | 8.976104071596704 × 10^333 |
| 148 | ov_148 | 1.2391228625001075 × 10^334 |
| 147 | ov_147 | 1.663423131361266 × 10^334 |
| 146 | ov_146 | 2.1780743726035096 × 10^334 |
| 145 | ov_145 | 2.7912124919621875 × 10^334 |
| 144 | ov_144 | 3.5115546903856845 × 10^334 |
| 143 | ov_143 | 4.348410668093281 × 10^334 |
| 142 | ov_142 | 5.311696996509407 × 10^334 |
| 141 | ov_141 | 6.411955216597297 × 10^334 |
| 140 | ov_140 | 7.66037419013992 × 10^334 |
| 139 | ov_139 | 9.068817114423397 × 10^334 |
| 138 | ov_138 | 1.0649853561845344 × 10^335 |
| 137 | ov_137 | 1.2416796930091546 × 10^335 |
| 136 | ov_136 | 1.43837477131007 × 10^335 |
| 135 | ov_135 | 1.657974352214107 × 10^335 |
| 134 | ov_134 | 1.9035551459870892 × 10^335 |
| 133 | ov_133 | 2.1783787815163884 × 10^335 |
| 132 | ov_132 | 2.485905268527374 × 10^335 |
| 131 | ov_131 | 2.8298080586941635 × 10^335 |
| 130 | ov_130 | 2.8298104980282505 × 10^335 |
| 129 | ov_129 | 2.8298205075691483 × 10^335 |
| 128 | aaa_77_29 | 4.629084163558138 × 10^335 |
| 127 | aaa_77_28 | 1.5178398795234365 × 10^336 |
| 126 | ov_126 | 5.407154110288744 × 10^336 |
| 125 | ov_125 | 1.384147886157027 × 10^337 |
| 124 | ov_124 | 2.9985268808598667 × 10^337 |
| 123 | ov_123 | 5.802829626727538 × 10^337 |
| 122 | ov_122 | 1.0318568649340244 × 10^338 |
| 121 | ov_121 | 1.716980268423866 × 10^338 |
| 120 | ov_120 | 2.708316424264754 × 10^338 |
| 119 | ov_119 | 4.0887919428407285 × 10^338 |
| 118 | ov_118 | 5.951608340084641 × 10^338 |
| 117 | ov_117 | 8.4002623447529 × 10^338 |
| 116 | ov_116 | 1.1548579045253903 × 10^339 |
| 115 | ov_115 | 1.5520762840499093 × 10^339 |
| 114 | ov_114 | 2.045147204533532 × 10^339 |
| 113 | ov_113 | 2.6485923887605173 × 10^339 |
| 112 | ov_112 | 3.378003752114394 × 10^339 |
| 111 | ov_111 | 4.2500623567688715 × 10^339 |
| 110 | ov_110 | 5.282562894818476 × 10^339 |
| 109 | ov_109 | 6.494444467194022 × 10^339 |
| 108 | ov_108 | 7.8960683849483935 × 10^339 |
| 107 | ov_107 | 9.498421968753347 × 10^339 |
| 106 | ov_106 | 1.1313147456318946 × 10^340 |
| 105 | ov_105 | 1.3352575576510095 × 10^340 |
| 104 | ov_104 | 1.5629764187009494 × 10^340 |
| 103 | ov_103 | 1.815854239741784 × 10^340 |
| 102 | ov_102 | 2.096738973522287 × 10^340 |
| 101 | ov_101 | 2.4086484808977525 × 10^340 |
| 100 | ov_100 | 2.754782514857877 × 10^340 |
| 99 | ov_099 | 3.138536140111604 × 10^340 |
| 98 | ov_098 | 3.1385383361074133 × 10^340 |
| 97 | ov_097 | 3.1385473799027783 × 10^340 |
| 96 | aaa_78_29 | 3.2336001032159227 × 10^340 |
| 95 | aaa_78_28 | 8.591716967633422 × 10^340 |
| 94 | ov_094 | 2.68406391450118 × 10^341 |
| 93 | ov_093 | 6.015949837757928 × 10^341 |
| 92 | ov_092 | 1.1434479361226405 × 10^342 |
| 91 | ov_091 | 2.160595083600343 × 10^342 |
| 90 | ov_090 | 3.977634814409257 × 10^342 |
| 89 | ov_089 | 6.97714091714988 × 10^342 |
| 88 | ov_088 | 1.1599680495552005 × 10^343 |
| 87 | ov_087 | 1.8343850874628615 × 10^343 |
| 86 | ov_086 | 2.776634837170726 × 10^343 |
| 85 | ov_085 | 4.048208569186693 × 10^343 |
| 84 | ov_084 | 5.716437880883841 × 10^343 |
| 83 | ov_083 | 7.854522829442157 × 10^343 |
| 82 | ov_082 | 1.054157241626565 × 10^344 |
| 81 | ov_081 | 1.3862660740085035 × 10^344 |
| 64 | lv_79_m31 | 1.5745713897211052 × 10^344 |
| 80 | ov_080 | 1.7908902547042216 × 10^344 |
| 79 | ov_079 | 2.2777552317992054 × 10^344 |
| 78 | ov_078 | 2.85721314465718 × 10^344 |
| 77 | ov_077 | 3.540258847699976 × 10^344 |
| 76 | ov_076 | 4.338549778902805 × 10^344 |
| 75 | ov_075 | 5.264430254021349 × 10^344 |
| 74 | ov_074 | 6.330960810421545 × 10^344 |
| 73 | ov_073 | 7.551953268004459 × 10^344 |
| 63 | ov_063 | 8.073712861207191 × 10^344 |
| 72 | ov_072 | 8.942012219327013 × 10^344 |
| 71 | ov_071 | 1.051658360926767 × 10^345 |
| 70 | ov_070 | 1.2292010910737852 × 10^345 |
| 69 | ov_069 | 1.4285599336233277 × 10^345 |
| 68 | ov_068 | 1.6515688551263474 × 10^345 |
| 67 | ov_067 | 1.9001734383289 × 10^345 |
| 66 | ov_066 | 1.9001759671071103 × 10^345 |
| 65 | ov_065 | 1.9001838335108693 × 10^345 |
| 62 | ov_062 | 4.139014908292065 × 10^345 |
| 61 | ov_061 | 1.5077275296332366 × 10^346 |
| 60 | ov_060 | 4.313336231867302 × 10^346 |
| 59 | ov_059 | 1.0401901033246965 × 10^347 |
| 58 | ov_058 | 2.206153163620843 × 10^347 |
| 57 | ov_057 | 4.232214083095736 × 10^347 |
| 56 | ov_056 | 7.495546541940083 × 10^347 |
| 55 | ov_055 | 1.244751207570876 × 10^348 |
| 54 | ov_054 | 1.9613671787440443 × 10^348 |
| 53 | ov_053 | 2.9593808102554823 × 10^348 |
| 52 | ov_052 | 4.3061963026126194 × 10^348 |
| 51 | ov_051 | 6.076650642833977 × 10^348 |
| 50 | ov_050 | 8.353025650115213 × 10^348 |
| 49 | ov_049 | 1.1225068067415964 × 10^349 |
| 48 | ov_048 | 1.4790020991681143 × 10^349 |
| 32 | lv_80_m31 | 1.7769225673570857 × 10^349 |
| 47 | ov_047 | 1.9152670399563593 × 10^349 |
| 46 | ov_046 | 2.442541099012086 × 10^349 |
| 45 | ov_045 | 3.0728336031346895 × 10^349 |
| 44 | ov_044 | 3.81893563640508 × 10^349 |
| 43 | ov_043 | 4.687842750539476 × 10^349 |
| 42 | ov_042 | 5.68696421475074 × 10^349 |
| 41 | ov_041 | 6.824136391778181 × 10^349 |
| 40 | ov_040 | 8.10763902075137 × 10^349 |
| 31 | ov_031 | 9.078688529465978 × 10^349 |
| 39 | ov_039 | 9.546214796037752 × 10^349 |
| 38 | ov_038 | 1.114909265632478 × 10^350 |
| 37 | ov_037 | 1.29260152239347 × 10^350 |
| 36 | ov_036 | 1.4897013483241555 × 10^350 |
| 35 | ov_035 | 1.708324706502946 × 10^350 |
| 34 | ov_034 | 1.9507084214034844 × 10^350 |
| 33 | ov_033 | 2.2192193576669913 × 10^350 |
| 30 | ov_030 | 4.6384980742018795 × 10^350 |
| 29 | ov_029 | 1.684720090836759 × 10^351 |
| 28 | ov_028 | 4.806757528859183 × 10^351 |
| 27 | ov_027 | 1.1564050499171511 × 10^352 |
| 26 | ov_026 | 2.4476208740661163 × 10^352 |
| 25 | ov_025 | 4.687522020463552 × 10^352 |
| 24 | ov_024 | 8.290547410204042 × 10^352 |
| 23 | ov_023 | 1.3524853294687165 × 10^353 |
| 22 | ov_022 | 2.0699235023129596 × 10^353 |
| 21 | ov_021 | 3.047194903604964 × 10^353 |
| 20 | ov_020 | 4.358263292932416 × 10^353 |
| 19 | ov_019 | 6.08524399433814 × 10^353 |
| 18 | ov_018 | 8.318425883327263 × 10^353 |
| 17 | ov_017 | 1.115630522617184 × 10^354 |
| 16 | ov_016 | 1.4705635279293145 × 10^354 |
| 15 | ov_015 | 1.908149615021677 × 10^354 |
| 14 | ov_014 | 2.4407390015570336 × 10^354 |
| 13 | ov_013 | 3.081536738603073 × 10^354 |
| 12 | ov_012 | 3.8446190703369774 × 10^354 |
| 11 | ov_011 | 4.744954215133628 × 10^354 |
| 10 | ov_010 | 5.798428316083327 × 10^354 |
| 9 | ov_009 | 7.013701225234724 × 10^354 |
| 8 | ov_008 | 8.399937714170403 × 10^354 |
| 7 | ov_007 | 9.96683281404587 × 10^354 |
| 6 | ov_006 | 1.172464173011629 × 10^355 |
| 5 | ov_005 | 1.3684214672671307 × 10^355 |
| 4 | ov_004 | 1.5857036900888724 × 10^355 |
| 3 | ov_003 | 1.8266759552408681 × 10^355 |
| 2 | ov_002 | 2.0938446431771793 × 10^355 |
| 1 | ov_001 | 2.3898683074964904 × 10^355 |

