# Results for F001-F002-F003-F004-F005-F006-F007-F008-F009-F010-F011-F012-F013-F014-F015-F016-F017-F018-F019-F020-F021-F022-F023-F024-F025-F026-F027-F028-F029-F030-F031-F032-F033-F034-F035-F036-F037-F038-F039-F040-F041-F042-F043-F044-F045-F046-F047-F048-F049-F050-F051-F052-F053-F054-F055-F056-F057-F058-F059-F060-F061-F062-F063-F064-F065-F066-F067-F068-F069-F070-F071-F072-F073-F074-F075-F076-F077-F078-F079-F080-F081-F082-F083-F084-F085-F086-F087-F088-F089-F090-F091-F092-F093-F094-F095-F096-F097-F098-F099-F100-F101-F102-F103-F104-F105-F106-F107-F108-F109-F110-F111-F112-F113-F114-F115-F116-F117-F118-F119-F120-F121-F122-F123-F124-F125-F126-F127-F128-F129-F130-F131-F132-F133-F134-F135-F136-F137-F138-F139-F140-F141-F142-F143-F144-F145-F146-F147-F148-F149-F150-F151-F152-F153-F154-F155-F156-F157-F158-F159-F160-F161-F162-F163-F164-F165-F166-F167-F168-F169-F170-F171-F172-F173-F174-F175-F176-F177-F178-F179-F180-F181-F182-F183-F184-F185-F186-F187-F188-F189-F190-F191-F192-F193-F194-F195-F196-F197-F198-F199-F200-F201-F202-F203-F204-F205-F206-F207-F208-F209-F210-F211-F212-F213-F214-F215-F216-F217-F218-F219-F220-F221-F222-F223-F224-F225-F226-F227-F228-F229-F230-F231-F232-F233-F234-F235-F236-F237-F238-F239-F240-F241-F242-F243-F244-F245-F246-F247-F248-F249-F250-F251-F252-F253-F254-F255-F256-F257-F258-F259-F260-F261-F262-F263-F264-F265-F266-F267-F268-F269-F270-F271-F272-F273-F274-F275-F276-F277-F278-F279-F280-F281-F282-F283-F284-F285-F286-F287-F288-F289-F290-F291-F292-F293-F294-F295-F296-F297-F298-F299-F300-F301-F302-F303-F304-F305-F306-F307-F308-F309-F310-F311-F312-F313-F314-F315-F316-F317-F318-F319-F320-F321-F322-F323-F324-F325-F326-F327-F328-F329-F330-F331-F332-F333-F334-F335-F336-F337-F338-F339-F340-F341-F342-F343-F344-F345-F346-F347-F348-F349-F350-F351-F352-F353-F354-F355-F356-F357-F358-F359-F360-F361-F362-F363-F364-F365-F366-F367-F368-F369-F370-F371-F372-F373-F374-F375-F376-F377-F378-F379-F380-F381-F382-F383-F384-F385-F386-F387-F388-F389-F390-F391-F392-F393-F394-F395-F396-F397-F398-F399-F400-F401-F402-F403-F404-F405-F406-F407-F408-F409-F410-F411-F412-F413-F414-F415-F416-F417-F418-F419-F420-F421-F422-F423-F424-F425-F426-F427-F428-F429-F430-F431-F432-F433-F434-F435-F436-F437-F438-F439-F440-F441-F442-F443-F444-F445-F446-F447-F448-F449-F450-F451-F452-F453-F454-F455-F456-F457-F458-F459-F460-F461-F462-F463-F464-F465-F466-F467-F468-F469-F470-F471-F472-F473-F474-F475-F476-F477-F478-F479-F480-F481-F482-F483-F484-F485-F486-F487-F488-F489-F490-F491-F492-F493-F494-F495-F496-E499505-F501-F510-F511-F512

## Summary

Number of input bits: 512  
Number of free input bits: 11  
Number of output bits: 160

Number of direct occurrences: 44457  
Number of assignments: 31248  
Number of operations: 10940640
(xor: 10912539,
and: 14754,
or: 13347)

Total complexity: 5.394988305259024 × 10^298

Least occurring input variable: iv_502 (3852)  
Most occurring input variable: iv_509 (4205)

Most co-occurring input variables: iv_508-iv_509 (2056)  
Least co-occurring input variables: iv_498-iv_502 (1746)

Potentially most occurring input variable: iv_500/iv_509 (4477)  
Potentially least occurring input variable: iv_504/iv_506 (4105)

Least output occurring input variable: iv_499 (57)  
Most output occurring input variable: iv_497 (93)

Most output co-occurring input variables: iv_497-iv_502 (52)  
Least output co-occurring input variables: iv_499-iv_508 (25)

Potentially most output occurring input variable: iv_503/iv_509 (98)  
Potentially least output occurring input variable: iv_498/iv_508 (68)

Least complex input bit: iv_497 (1.5866852914300923 × 10^296)  
Most complex input bit: iv_499 (9.989086027913759 × 10^297)

Least complex output bit: aaa_76_29 (1.1187892703272669 × 10^274)  
Most complex output bit: ov_001 (8.55733479370216 × 10^297)

Least complex input/output complexity: iv_497/aaa_76_29 (3.2903991241420308 × 10^271)  
Most complex input/output complexity: iv_499/ov_001 (1.5844325990591083 × 10^297)

## Input Bits

### Input Bits in Regular Order

| Input Bit | Complexity | Occurrences | Output Occurrences |
|:---------:|:----------:|:-----------:|:------------------:|
| iv_497 | 1.5866852914300923 × 10^296 | 4121 | 93 |
| iv_498 | 3.1606344743008436 × 10^296 | 3905 | 88 |
| iv_499 | 9.989086027913759 × 10^297 | 4172 | 57 |
| iv_500 | 9.34153984401565 × 10^296 | 4080 | 76 |
| iv_502 | 2.486564133133338 × 10^297 | 3852 | 82 |
| iv_503 | 3.951036938054206 × 10^297 | 4028 | 75 |
| iv_504 | 6.159144192265519 × 10^297 | 3898 | 78 |
| iv_506 | 4.772075040099579 × 10^297 | 3921 | 82 |
| iv_507 | 6.851541395743572 × 10^297 | 4151 | 76 |
| iv_508 | 9.098729398252805 × 10^297 | 4124 | 74 |
| iv_509 | 9.23281996615281 × 10^297 | 4205 | 87 |

### Input Bits Sorted by Complexity

| Input Bit | Complexity | Occurrences | Output Occurrences |
|:---------:|:----------:|:-----------:|:------------------:|
| iv_497 | 1.5866852914300923 × 10^296 | 4121 | 93 |
| iv_498 | 3.1606344743008436 × 10^296 | 3905 | 88 |
| iv_500 | 9.34153984401565 × 10^296 | 4080 | 76 |
| iv_502 | 2.486564133133338 × 10^297 | 3852 | 82 |
| iv_503 | 3.951036938054206 × 10^297 | 4028 | 75 |
| iv_506 | 4.772075040099579 × 10^297 | 3921 | 82 |
| iv_504 | 6.159144192265519 × 10^297 | 3898 | 78 |
| iv_507 | 6.851541395743572 × 10^297 | 4151 | 76 |
| iv_508 | 9.098729398252805 × 10^297 | 4124 | 74 |
| iv_509 | 9.23281996615281 × 10^297 | 4205 | 87 |
| iv_499 | 9.989086027913759 × 10^297 | 4172 | 57 |

### Input Bits Sorted by Occurrences

| Input Bit | Complexity | Occurrences | Output Occurrences |
|:---------:|:----------:|:-----------:|:------------------:|
| iv_502 | 2.486564133133338 × 10^297 | 3852 | 82 |
| iv_504 | 6.159144192265519 × 10^297 | 3898 | 78 |
| iv_498 | 3.1606344743008436 × 10^296 | 3905 | 88 |
| iv_506 | 4.772075040099579 × 10^297 | 3921 | 82 |
| iv_503 | 3.951036938054206 × 10^297 | 4028 | 75 |
| iv_500 | 9.34153984401565 × 10^296 | 4080 | 76 |
| iv_497 | 1.5866852914300923 × 10^296 | 4121 | 93 |
| iv_508 | 9.098729398252805 × 10^297 | 4124 | 74 |
| iv_507 | 6.851541395743572 × 10^297 | 4151 | 76 |
| iv_499 | 9.989086027913759 × 10^297 | 4172 | 57 |
| iv_509 | 9.23281996615281 × 10^297 | 4205 | 87 |

### Input Bits Sorted by Output Occurrences

| Input Bit | Complexity | Occurrences | Output Occurrences |
|:---------:|:----------:|:-----------:|:------------------:|
| iv_499 | 9.989086027913759 × 10^297 | 4172 | 57 |
| iv_508 | 9.098729398252805 × 10^297 | 4124 | 74 |
| iv_503 | 3.951036938054206 × 10^297 | 4028 | 75 |
| iv_500 | 9.34153984401565 × 10^296 | 4080 | 76 |
| iv_507 | 6.851541395743572 × 10^297 | 4151 | 76 |
| iv_504 | 6.159144192265519 × 10^297 | 3898 | 78 |
| iv_502 | 2.486564133133338 × 10^297 | 3852 | 82 |
| iv_506 | 4.772075040099579 × 10^297 | 3921 | 82 |
| iv_509 | 9.23281996615281 × 10^297 | 4205 | 87 |
| iv_498 | 3.1606344743008436 × 10^296 | 3905 | 88 |
| iv_497 | 1.5866852914300923 × 10^296 | 4121 | 93 |

## Input Bit Co-occurrences

### Input Bit Co-occurrences Sorted by Co-occurrences

| Input Bits | Co-occurrences | Potential Occurrences | Output Co-occurrences | Potential Output Occurrences |
|:----------:|:--------------:|:---------------------:|:---------------------:|:----------------------------:|
| iv_508-iv_509 | 2056 | 4217 | 40 | 81 |
| iv_507-iv_509 | 2044 | 4268 | 44 | 75 |
| iv_497-iv_507 | 2032 | 4208 | 44 | 81 |
| iv_499-iv_509 | 2016 | 4345 | 31 | 82 |
| iv_497-iv_509 | 2002 | 4322 | 50 | 80 |
| iv_499-iv_507 | 1979 | 4365 | 29 | 75 |
| iv_499-iv_504 | 1972 | 4126 | 27 | 81 |
| iv_503-iv_509 | 1971 | 4291 | 32 | 98 |
| iv_506-iv_507 | 1970 | 4132 | 39 | 80 |
| iv_497-iv_503 | 1970 | 4209 | 46 | 76 |
| iv_500-iv_507 | 1970 | 4291 | 35 | 82 |

### Input Bit Co-occurrences Sorted by Potential Occurrences

| Input Bits | Co-occurrences | Potential Occurrences | Output Co-occurrences | Potential Output Occurrences |
|:----------:|:--------------:|:---------------------:|:---------------------:|:----------------------------:|
| iv_504-iv_506 | 1857 | 4105 | 42 | 76 |
| iv_499-iv_504 | 1972 | 4126 | 27 | 81 |
| iv_506-iv_507 | 1970 | 4132 | 39 | 80 |
| iv_498-iv_504 | 1826 | 4151 | 46 | 74 |
| iv_498-iv_506 | 1828 | 4170 | 41 | 88 |
| iv_497-iv_506 | 1935 | 4172 | 51 | 73 |
| iv_502-iv_504 | 1787 | 4176 | 42 | 76 |
| iv_502-iv_506 | 1793 | 4187 | 44 | 76 |
| iv_500-iv_504 | 1893 | 4192 | 38 | 78 |
| iv_497-iv_504 | 1913 | 4193 | 50 | 71 |
| iv_497-iv_502 | 1890 | 4193 | 52 | 71 |

### Input Bit Output Co-occurrences Sorted by Output Co-occurrences

| Input Bits | Co-occurrences | Potential Occurrences | Output Co-occurrences | Potential Output Occurrences |
|:----------:|:--------------:|:---------------------:|:---------------------:|:----------------------------:|
| iv_498-iv_509 | 1868 | 4374 | 52 | 71 |
| iv_497-iv_502 | 1890 | 4193 | 52 | 71 |
| iv_497-iv_506 | 1935 | 4172 | 51 | 73 |
| iv_497-iv_504 | 1913 | 4193 | 50 | 71 |
| iv_497-iv_498 | 1879 | 4268 | 50 | 81 |
| iv_497-iv_509 | 2002 | 4322 | 50 | 80 |
| iv_498-iv_508 | 1857 | 4315 | 47 | 68 |
| iv_502-iv_509 | 1857 | 4343 | 46 | 77 |
| iv_498-iv_502 | 1746 | 4265 | 46 | 78 |
| iv_498-iv_504 | 1826 | 4151 | 46 | 74 |
| iv_497-iv_503 | 1970 | 4209 | 46 | 76 |

### Input Bit Output Co-occurrences Sorted by Potential Output Occurrences

| Input Bits | Co-occurrences | Potential Occurrences | Output Co-occurrences | Potential Output Occurrences |
|:----------:|:--------------:|:---------------------:|:---------------------:|:----------------------------:|
| iv_498-iv_508 | 1857 | 4315 | 47 | 68 |
| iv_497-iv_504 | 1913 | 4193 | 50 | 71 |
| iv_498-iv_509 | 1868 | 4374 | 52 | 71 |
| iv_497-iv_502 | 1890 | 4193 | 52 | 71 |
| iv_504-iv_508 | 1898 | 4226 | 40 | 72 |
| iv_499-iv_503 | 1890 | 4420 | 30 | 72 |
| iv_497-iv_506 | 1935 | 4172 | 51 | 73 |
| iv_498-iv_499 | 1820 | 4437 | 36 | 73 |
| iv_500-iv_503 | 1931 | 4246 | 39 | 73 |
| iv_498-iv_504 | 1826 | 4151 | 46 | 74 |
| iv_502-iv_507 | 1885 | 4233 | 42 | 74 |

## Output Bits

### Output Bits in Regular Order

| Rank | Output Bit | Complexity |
|:----:|:----------:|:----------:|
| 1 | ov_001 | 8.55733479370216 × 10^297 |
| 2 | ov_002 | 7.430898076216639 × 10^297 |
| 3 | ov_003 | 6.42093505899902 × 10^297 |
| 4 | ov_004 | 5.518656513127966 × 10^297 |
| 5 | ov_005 | 4.7157530818321134 × 10^297 |
| 6 | ov_006 | 4.004361458045239 × 10^297 |
| 7 | ov_007 | 3.3770349347109226 × 10^297 |
| 8 | ov_008 | 2.826717962055444 × 10^297 |
| 9 | ov_009 | 2.3467243696099444 × 10^297 |
| 10 | ov_010 | 1.9307188809217052 × 10^297 |
| 11 | ov_011 | 1.5727015446810056 × 10^297 |
| 12 | ov_012 | 1.2669947470784717 × 10^297 |
| 13 | ov_013 | 1.0082325304180026 × 10^297 |
| 14 | ov_014 | 7.913519638103557 × 10^296 |
| 15 | ov_015 | 6.115862932414906 × 10^296 |
| 16 | ov_016 | 4.644595991393316 × 10^296 |
| 17 | ov_017 | 3.4578270980372966 × 10^296 |
| 18 | ov_018 | 2.5165013921372236 × 10^296 |
| 19 | ov_019 | 1.7843783781236256 × 10^296 |
| 20 | ov_020 | 1.2280156491289065 × 10^296 |
| 21 | ov_021 | 8.167571959485533 × 10^295 |
| 22 | ov_022 | 5.227251033606635 × 10^295 |
| 23 | ov_023 | 3.2081383246866783 × 10^295 |
| 24 | ov_024 | 1.8868648223259857 × 10^295 |
| 25 | ov_025 | 1.0677252324906548 × 10^295 |
| 26 | ov_026 | 5.826657621392832 × 10^294 |
| 27 | ov_027 | 2.9127854204567618 × 10^294 |
| 28 | ov_028 | 1.3027072266878073 × 10^294 |
| 29 | ov_029 | 5.017112360544649 × 10^293 |
| 30 | ov_030 | 1.5330111390558403 × 10^293 |
| 31 | ov_031 | 2.988443144355902 × 10^292 |
| 32 | lv_80_m31 | 5.82455430425586 × 10^291 |
| 33 | ov_033 | 7.012465668985358 × 10^292 |
| 34 | ov_034 | 6.081336217182647 × 10^292 |
| 35 | ov_035 | 5.248789239550931 × 10^292 |
| 36 | ov_036 | 4.5069361177325223 × 10^292 |
| 37 | ov_037 | 3.84831469526516 × 10^292 |
| 38 | ov_038 | 3.26585926479213 × 10^292 |
| 39 | ov_039 | 2.752874599469479 × 10^292 |
| 40 | ov_040 | 2.303013636801428 × 10^292 |
| 41 | ov_041 | 1.9102584470347517 × 10^292 |
| 42 | ov_042 | 1.568904140901043 × 10^292 |
| 43 | ov_043 | 1.2761746956214163 × 10^292 |
| 44 | ov_044 | 1.0269531858951655 × 10^292 |
| 45 | ov_045 | 8.164019519849944 × 10^291 |
| 46 | ov_046 | 6.399552304826319 × 10^291 |
| 47 | ov_047 | 4.933133046229291 × 10^291 |
| 48 | ov_048 | 3.743921840517523 × 10^291 |
| 49 | ov_049 | 2.7941165346280587 × 10^291 |
| 50 | ov_050 | 2.0484692290853152 × 10^291 |
| 51 | ov_051 | 1.4742675345369924 × 10^291 |
| 52 | ov_052 | 1.0413213671794782 × 10^291 |
| 53 | ov_053 | 7.219538591107527 × 10^290 |
| 54 | ov_054 | 4.909951834226437 × 10^290 |
| 55 | ov_055 | 3.257784227438136 × 10^290 |
| 56 | ov_056 | 2.0613690763501713 × 10^290 |
| 57 | ov_057 | 1.2261211002155178 × 10^290 |
| 58 | ov_058 | 6.699452176008896 × 10^289 |
| 59 | ov_059 | 3.2323339495724163 × 10^289 |
| 60 | ov_060 | 1.2886318424116087 × 10^289 |
| 61 | ov_061 | 4.2197183752621365 × 10^288 |
| 62 | ov_062 | 1.0571204665574414 × 10^288 |
| 63 | ov_063 | 2.1613703804369572 × 10^287 |
| 64 | lv_79_k31 | 5.228004549992933 × 10^286 |
| 65 | ov_065 | 6.236990979090584 × 10^287 |
| 66 | ov_066 | 6.23697156495899 × 10^287 |
| 67 | ov_067 | 6.2369668134217906 × 10^287 |
| 68 | ov_068 | 5.39290023069405 × 10^287 |
| 69 | ov_069 | 4.639735325095776 × 10^287 |
| 70 | ov_070 | 3.97011877814225 × 10^287 |
| 71 | ov_071 | 3.3771497644935865 × 10^287 |
| 72 | ov_072 | 2.8543493088705503 × 10^287 |
| 73 | ov_073 | 2.395632351068298 × 10^287 |
| 74 | ov_074 | 1.995282376045607 × 10^287 |
| 75 | ov_075 | 1.6479284715389396 × 10^287 |
| 76 | ov_076 | 1.348524680140542 × 10^287 |
| 77 | ov_077 | 1.0923315164133332 × 10^287 |
| 78 | ov_078 | 8.74899522510026 × 10^286 |
| 79 | ov_079 | 6.920547380290961 × 10^286 |
| 80 | ov_080 | 5.398859615771081 × 10^286 |
| 81 | ov_081 | 4.1473368280867826 × 10^286 |
| 82 | ov_082 | 3.131805646671025 × 10^286 |
| 83 | ov_083 | 2.320433562274562 × 10^286 |
| 84 | ov_084 | 1.6836611701807311 × 10^286 |
| 85 | ov_085 | 1.1941463402260283 × 10^286 |
| 86 | ov_086 | 8.267191278591 × 10^285 |
| 87 | ov_087 | 5.583462419243862 × 10^285 |
| 88 | ov_088 | 3.6810388576576483 × 10^285 |
| 89 | ov_089 | 2.3715778877542085 × 10^285 |
| 90 | ov_090 | 1.48749245794683 × 10^285 |
| 91 | ov_091 | 8.818598190853532 × 10^284 |
| 92 | ov_092 | 4.863758995628879 × 10^284 |
| 93 | ov_093 | 2.4303150153984955 × 10^284 |
| 94 | ov_094 | 1.0410260121697827 × 10^284 |
| 95 | aaa_78_28 | 3.2146387237526266 × 10^283 |
| 96 | aaa_78_29 | 9.872544276624478 × 10^282 |
| 97 | ov_097 | 6.519831231591923 × 10^282 |
| 98 | ov_098 | 6.519635928752196 × 10^282 |
| 99 | ov_099 | 6.519573544154416 × 10^282 |
| 100 | ov_100 | 5.866818463320176 × 10^282 |
| 101 | ov_101 | 5.262246072298417 × 10^282 |
| 102 | ov_102 | 4.7032104407107364 × 10^282 |
| 103 | ov_103 | 4.1872584430040246 × 10^282 |
| 104 | ov_104 | 3.712104722575032 × 10^282 |
| 105 | ov_105 | 3.275608934082348 × 10^282 |
| 106 | ov_106 | 2.875755146434736 × 10^282 |
| 107 | ov_107 | 2.510633293155497 × 10^282 |
| 108 | ov_108 | 2.1784225601996693 × 10^282 |
| 109 | ov_109 | 1.8773766039613857 × 10^282 |
| 110 | ov_110 | 1.6058104942557227 × 10^282 |
| 111 | ov_111 | 1.3620892785919998 × 10^282 |
| 112 | ov_112 | 1.1446180651654189 × 10^282 |
| 113 | ov_113 | 9.518335227656118 × 10^281 |
| 114 | ov_114 | 7.821966963111876 × 10^281 |
| 115 | ov_115 | 6.3418703703851236 × 10^281 |
| 116 | ov_116 | 5.062975465626013 × 10^281 |
| 117 | ov_117 | 3.9703093413913315 × 10^281 |
| 118 | ov_118 | 3.048966865247232 × 10^281 |
| 119 | ov_119 | 2.2840894987695303 × 10^281 |
| 120 | ov_120 | 1.660850530727529 × 10^281 |
| 121 | ov_121 | 1.1644444431172703 × 10^281 |
| 122 | ov_122 | 7.800790809651061 × 10^280 |
| 123 | ov_123 | 4.929701234020256 × 10^280 |
| 124 | ov_124 | 2.883373535235259 × 10^280 |
| 125 | ov_125 | 1.5140234712835172 × 10^280 |
| 126 | ov_126 | 6.738729352162959 × 10^279 |
| 127 | aaa_77_28 | 2.1514542774686132 × 10^279 |
| 128 | aaa_77_29 | 8.063607161792365 × 10^278 |
| 129 | ov_129 | 7.455312937596182 × 10^278 |
| 130 | ov_130 | 7.455291149233084 × 10^278 |
| 131 | ov_131 | 7.455285881781428 × 10^278 |
| 132 | ov_132 | 6.4617631908882765 × 10^278 |
| 133 | ov_133 | 5.571991327355138 × 10^278 |
| 134 | ov_134 | 4.778142241104783 × 10^278 |
| 135 | ov_135 | 4.0728057995770376 × 10^278 |
| 136 | ov_136 | 3.448959821728602 × 10^278 |
| 137 | ov_137 | 2.899944296975053 × 10^278 |
| 138 | ov_138 | 2.4194393889625835 × 10^278 |
| 139 | ov_139 | 2.001446844396778 × 10^278 |
| 140 | ov_140 | 1.640274446910207 × 10^278 |
| 141 | ov_141 | 1.3305231752546608 × 10^278 |
| 142 | ov_142 | 1.0670767440711636 × 10^278 |
| 143 | ov_143 | 8.450932242154965 × 10^277 |
| 144 | ov_144 | 6.599984581729361 × 10^277 |
| 145 | ov_145 | 5.074810045396726 × 10^277 |
| 146 | ov_146 | 3.8348836392049996 × 10^277 |
| 147 | ov_147 | 2.8422425691956262 × 10^277 |
| 148 | ov_148 | 2.0614674319904313 × 10^277 |
| 149 | ov_149 | 1.4596698885861684 × 10^277 |
| 150 | ov_150 | 1.0064850765184796 × 10^277 |
| 151 | ov_151 | 6.740671980855763 × 10^276 |
| 152 | ov_152 | 4.370869682183319 × 10^276 |
| 153 | ov_153 | 2.727300189569993 × 10^276 |
| 154 | ov_154 | 1.6069582933438386 × 10^276 |
| 155 | ov_155 | 8.319702307162599 × 10^275 |
| 156 | aaa_76_25 | 3.196814219172468 × 10^275 |
| 157 | aaa_76_26 | 1.8460363213593127 × 10^275 |
| 158 | aaa_76_27 | 9.449361831684388 × 10^274 |
| 159 | aaa_76_28 | 3.67896252545475 × 10^274 |
| 160 | aaa_76_29 | 1.1187892703272669 × 10^274 |

### Output Bits Sorted by Complexity

| Rank | Output Bit | Complexity |
|:----:|:----------:|:----------:|
| 160 | aaa_76_29 | 1.1187892703272669 × 10^274 |
| 159 | aaa_76_28 | 3.67896252545475 × 10^274 |
| 158 | aaa_76_27 | 9.449361831684388 × 10^274 |
| 157 | aaa_76_26 | 1.8460363213593127 × 10^275 |
| 156 | aaa_76_25 | 3.196814219172468 × 10^275 |
| 155 | ov_155 | 8.319702307162599 × 10^275 |
| 154 | ov_154 | 1.6069582933438386 × 10^276 |
| 153 | ov_153 | 2.727300189569993 × 10^276 |
| 152 | ov_152 | 4.370869682183319 × 10^276 |
| 151 | ov_151 | 6.740671980855763 × 10^276 |
| 150 | ov_150 | 1.0064850765184796 × 10^277 |
| 149 | ov_149 | 1.4596698885861684 × 10^277 |
| 148 | ov_148 | 2.0614674319904313 × 10^277 |
| 147 | ov_147 | 2.8422425691956262 × 10^277 |
| 146 | ov_146 | 3.8348836392049996 × 10^277 |
| 145 | ov_145 | 5.074810045396726 × 10^277 |
| 144 | ov_144 | 6.599984581729361 × 10^277 |
| 143 | ov_143 | 8.450932242154965 × 10^277 |
| 142 | ov_142 | 1.0670767440711636 × 10^278 |
| 141 | ov_141 | 1.3305231752546608 × 10^278 |
| 140 | ov_140 | 1.640274446910207 × 10^278 |
| 139 | ov_139 | 2.001446844396778 × 10^278 |
| 138 | ov_138 | 2.4194393889625835 × 10^278 |
| 137 | ov_137 | 2.899944296975053 × 10^278 |
| 136 | ov_136 | 3.448959821728602 × 10^278 |
| 135 | ov_135 | 4.0728057995770376 × 10^278 |
| 134 | ov_134 | 4.778142241104783 × 10^278 |
| 133 | ov_133 | 5.571991327355138 × 10^278 |
| 132 | ov_132 | 6.4617631908882765 × 10^278 |
| 131 | ov_131 | 7.455285881781428 × 10^278 |
| 130 | ov_130 | 7.455291149233084 × 10^278 |
| 129 | ov_129 | 7.455312937596182 × 10^278 |
| 128 | aaa_77_29 | 8.063607161792365 × 10^278 |
| 127 | aaa_77_28 | 2.1514542774686132 × 10^279 |
| 126 | ov_126 | 6.738729352162959 × 10^279 |
| 125 | ov_125 | 1.5140234712835172 × 10^280 |
| 124 | ov_124 | 2.883373535235259 × 10^280 |
| 123 | ov_123 | 4.929701234020256 × 10^280 |
| 122 | ov_122 | 7.800790809651061 × 10^280 |
| 121 | ov_121 | 1.1644444431172703 × 10^281 |
| 120 | ov_120 | 1.660850530727529 × 10^281 |
| 119 | ov_119 | 2.2840894987695303 × 10^281 |
| 118 | ov_118 | 3.048966865247232 × 10^281 |
| 117 | ov_117 | 3.9703093413913315 × 10^281 |
| 116 | ov_116 | 5.062975465626013 × 10^281 |
| 115 | ov_115 | 6.3418703703851236 × 10^281 |
| 114 | ov_114 | 7.821966963111876 × 10^281 |
| 113 | ov_113 | 9.518335227656118 × 10^281 |
| 112 | ov_112 | 1.1446180651654189 × 10^282 |
| 111 | ov_111 | 1.3620892785919998 × 10^282 |
| 110 | ov_110 | 1.6058104942557227 × 10^282 |
| 109 | ov_109 | 1.8773766039613857 × 10^282 |
| 108 | ov_108 | 2.1784225601996693 × 10^282 |
| 107 | ov_107 | 2.510633293155497 × 10^282 |
| 106 | ov_106 | 2.875755146434736 × 10^282 |
| 105 | ov_105 | 3.275608934082348 × 10^282 |
| 104 | ov_104 | 3.712104722575032 × 10^282 |
| 103 | ov_103 | 4.1872584430040246 × 10^282 |
| 102 | ov_102 | 4.7032104407107364 × 10^282 |
| 101 | ov_101 | 5.262246072298417 × 10^282 |
| 100 | ov_100 | 5.866818463320176 × 10^282 |
| 99 | ov_099 | 6.519573544154416 × 10^282 |
| 98 | ov_098 | 6.519635928752196 × 10^282 |
| 97 | ov_097 | 6.519831231591923 × 10^282 |
| 96 | aaa_78_29 | 9.872544276624478 × 10^282 |
| 95 | aaa_78_28 | 3.2146387237526266 × 10^283 |
| 94 | ov_094 | 1.0410260121697827 × 10^284 |
| 93 | ov_093 | 2.4303150153984955 × 10^284 |
| 92 | ov_092 | 4.863758995628879 × 10^284 |
| 91 | ov_091 | 8.818598190853532 × 10^284 |
| 90 | ov_090 | 1.48749245794683 × 10^285 |
| 89 | ov_089 | 2.3715778877542085 × 10^285 |
| 88 | ov_088 | 3.6810388576576483 × 10^285 |
| 87 | ov_087 | 5.583462419243862 × 10^285 |
| 86 | ov_086 | 8.267191278591 × 10^285 |
| 85 | ov_085 | 1.1941463402260283 × 10^286 |
| 84 | ov_084 | 1.6836611701807311 × 10^286 |
| 83 | ov_083 | 2.320433562274562 × 10^286 |
| 82 | ov_082 | 3.131805646671025 × 10^286 |
| 81 | ov_081 | 4.1473368280867826 × 10^286 |
| 64 | lv_79_k31 | 5.228004549992933 × 10^286 |
| 80 | ov_080 | 5.398859615771081 × 10^286 |
| 79 | ov_079 | 6.920547380290961 × 10^286 |
| 78 | ov_078 | 8.74899522510026 × 10^286 |
| 77 | ov_077 | 1.0923315164133332 × 10^287 |
| 76 | ov_076 | 1.348524680140542 × 10^287 |
| 75 | ov_075 | 1.6479284715389396 × 10^287 |
| 74 | ov_074 | 1.995282376045607 × 10^287 |
| 63 | ov_063 | 2.1613703804369572 × 10^287 |
| 73 | ov_073 | 2.395632351068298 × 10^287 |
| 72 | ov_072 | 2.8543493088705503 × 10^287 |
| 71 | ov_071 | 3.3771497644935865 × 10^287 |
| 70 | ov_070 | 3.97011877814225 × 10^287 |
| 69 | ov_069 | 4.639735325095776 × 10^287 |
| 68 | ov_068 | 5.39290023069405 × 10^287 |
| 67 | ov_067 | 6.2369668134217906 × 10^287 |
| 66 | ov_066 | 6.23697156495899 × 10^287 |
| 65 | ov_065 | 6.236990979090584 × 10^287 |
| 62 | ov_062 | 1.0571204665574414 × 10^288 |
| 61 | ov_061 | 4.2197183752621365 × 10^288 |
| 60 | ov_060 | 1.2886318424116087 × 10^289 |
| 59 | ov_059 | 3.2323339495724163 × 10^289 |
| 58 | ov_058 | 6.699452176008896 × 10^289 |
| 57 | ov_057 | 1.2261211002155178 × 10^290 |
| 56 | ov_056 | 2.0613690763501713 × 10^290 |
| 55 | ov_055 | 3.257784227438136 × 10^290 |
| 54 | ov_054 | 4.909951834226437 × 10^290 |
| 53 | ov_053 | 7.219538591107527 × 10^290 |
| 52 | ov_052 | 1.0413213671794782 × 10^291 |
| 51 | ov_051 | 1.4742675345369924 × 10^291 |
| 50 | ov_050 | 2.0484692290853152 × 10^291 |
| 49 | ov_049 | 2.7941165346280587 × 10^291 |
| 48 | ov_048 | 3.743921840517523 × 10^291 |
| 47 | ov_047 | 4.933133046229291 × 10^291 |
| 32 | lv_80_m31 | 5.82455430425586 × 10^291 |
| 46 | ov_046 | 6.399552304826319 × 10^291 |
| 45 | ov_045 | 8.164019519849944 × 10^291 |
| 44 | ov_044 | 1.0269531858951655 × 10^292 |
| 43 | ov_043 | 1.2761746956214163 × 10^292 |
| 42 | ov_042 | 1.568904140901043 × 10^292 |
| 41 | ov_041 | 1.9102584470347517 × 10^292 |
| 40 | ov_040 | 2.303013636801428 × 10^292 |
| 39 | ov_039 | 2.752874599469479 × 10^292 |
| 31 | ov_031 | 2.988443144355902 × 10^292 |
| 38 | ov_038 | 3.26585926479213 × 10^292 |
| 37 | ov_037 | 3.84831469526516 × 10^292 |
| 36 | ov_036 | 4.5069361177325223 × 10^292 |
| 35 | ov_035 | 5.248789239550931 × 10^292 |
| 34 | ov_034 | 6.081336217182647 × 10^292 |
| 33 | ov_033 | 7.012465668985358 × 10^292 |
| 30 | ov_030 | 1.5330111390558403 × 10^293 |
| 29 | ov_029 | 5.017112360544649 × 10^293 |
| 28 | ov_028 | 1.3027072266878073 × 10^294 |
| 27 | ov_027 | 2.9127854204567618 × 10^294 |
| 26 | ov_026 | 5.826657621392832 × 10^294 |
| 25 | ov_025 | 1.0677252324906548 × 10^295 |
| 24 | ov_024 | 1.8868648223259857 × 10^295 |
| 23 | ov_023 | 3.2081383246866783 × 10^295 |
| 22 | ov_022 | 5.227251033606635 × 10^295 |
| 21 | ov_021 | 8.167571959485533 × 10^295 |
| 20 | ov_020 | 1.2280156491289065 × 10^296 |
| 19 | ov_019 | 1.7843783781236256 × 10^296 |
| 18 | ov_018 | 2.5165013921372236 × 10^296 |
| 17 | ov_017 | 3.4578270980372966 × 10^296 |
| 16 | ov_016 | 4.644595991393316 × 10^296 |
| 15 | ov_015 | 6.115862932414906 × 10^296 |
| 14 | ov_014 | 7.913519638103557 × 10^296 |
| 13 | ov_013 | 1.0082325304180026 × 10^297 |
| 12 | ov_012 | 1.2669947470784717 × 10^297 |
| 11 | ov_011 | 1.5727015446810056 × 10^297 |
| 10 | ov_010 | 1.9307188809217052 × 10^297 |
| 9 | ov_009 | 2.3467243696099444 × 10^297 |
| 8 | ov_008 | 2.826717962055444 × 10^297 |
| 7 | ov_007 | 3.3770349347109226 × 10^297 |
| 6 | ov_006 | 4.004361458045239 × 10^297 |
| 5 | ov_005 | 4.7157530818321134 × 10^297 |
| 4 | ov_004 | 5.518656513127966 × 10^297 |
| 3 | ov_003 | 6.42093505899902 × 10^297 |
| 2 | ov_002 | 7.430898076216639 × 10^297 |
| 1 | ov_001 | 8.55733479370216 × 10^297 |

