# Results for F001-F002-F003-F004-F005-F006-F007-F008-F009-F010-F011-F012-F013-F014-F015-F016-F017-F018-F019-F020-F021-F022-F023-F024-F025-F026-F027-F028-F029-F030-F031-F032-F033-F034-F035-F036-F037-F038-F039-F040-F041-F042-F043-F044-F045-F046-F047-F048-F049-F050-F051-F052-F053-F054-F055-F056-F057-F058-F059-F060-F061-F062-F063-F064-F065-F066-F067-F068-F069-F070-F071-F072-F073-F074-F075-F076-F077-F078-F079-F080-F081-F082-F083-F084-F085-F086-F087-F088-F089-F090-F091-F092-F093-F094-F095-F096-F097-F098-F099-F100-F101-F102-F103-F104-F105-F106-F107-F108-F109-F110-F111-F112-F113-F114-F115-F116-F117-F118-F119-F120-F121-F122-F123-F124-F125-F126-F127-F128-F129-F130-F131-F132-F133-F134-F135-F136-F137-F138-F139-F140-F141-F142-F143-F144-F145-F146-F147-F148-F149-F150-F151-F152-F153-F154-F155-F156-F157-F158-F159-F160-F161-F162-F163-F164-F165-F166-F167-F168-F169-F170-F171-F172-F173-F174-F175-F176-F177-F178-F179-F180-F181-F182-F183-F184-F185-F186-F187-F188-F189-F190-F191-F192-F193-F194-F195-F196-F197-F198-F199-F200-F201-F202-F203-F204-F205-F206-F207-F208-F209-F210-F211-F212-F213-F214-F215-F216-F217-F218-F219-F220-F221-F222-F223-F224-F225-F226-F227-F228-F229-F230-F231-F232-F233-F234-F235-F236-F237-F238-F239-F240-F241-F242-F243-F244-F245-F246-F247-F248-F249-F250-F251-F252-F253-F254-F255-F256-F257-F258-F259-F260-F261-F262-F263-F264-F265-F266-F267-F268-F269-F270-F271-F272-F273-F274-F275-F276-F277-F278-F279-F280-F281-F282-F283-F284-F285-F286-F287-F288-F289-F290-F291-F292-F293-F294-F295-F296-F297-F298-F299-F300-F301-F302-F303-F304-F305-F306-F307-F308-F309-F310-F311-F312-F313-F314-F315-F316-F317-F318-F319-F320-F321-F322-F323-F324-F325-F326-F327-F328-F329-F330-F331-F332-F333-F334-F335-F336-F337-F338-F339-F340-F341-F342-F343-F344-F345-F346-F347-F348-F349-F350-F351-F352-F353-F354-F355-F356-F357-F358-F359-F360-F361-F362-F363-F364-F365-F366-F367-F368-F369-F370-F371-F372-F373-F374-F375-F376-F377-F378-F379-F380-F381-F382-F383-F384-F385-F386-F387-F388-F389-F390-F391-F392-F393-F394-F395-F396-F397-F398-F399-F400-F401-F402-F403-F404-F405-F406-F407-F408-F409-F410-F411-F412-F413-F414-F415-F416-F417-F418-F419-F420-F421-F422-F423-F424-F425-F426-F427-F428-F429-F430-F431-F432-F433-F434-F435-F436-F437-F438-F439-F440-F441-F442-F443-F444-F445-F446-F447-F448-F449-F450-F451-F452-F453-F454-F455-F456-F457-F458-F459-F460-F461-F462-F463-F464-F465-F466-F467-F468-F469-F470-F471-F472-F473-F474-F475-F476-F477-F478-F479-F480-F481-F482-F483-F484-F485-F486-F487-F488-F489-F490-F491-F492-F493-F494-F495-F496-F505-F509-F510-F511-F512

## Summary

Number of input bits: 512  
Number of free input bits: 11  
Number of output bits: 160

Number of direct occurrences: 44246  
Number of assignments: 30962  
Number of operations: 10793775
(xor: 10765822,
and: 14733,
or: 13220)

Total complexity: 1.0226907438755284 × 10^297

Least occurring input variable: iv_504 (3879)  
Most occurring input variable: iv_508 (4158)

Most co-occurring input variables: iv_501-iv_502 (2032)  
Least co-occurring input variables: iv_499-iv_506 (1767)

Potentially most occurring input variable: iv_497/iv_508 (4395)  
Potentially least occurring input variable: iv_501/iv_502 (4069)

Least output occurring input variable: iv_503 (72)  
Most output occurring input variable: iv_497 (93)

Most output co-occurring input variables: iv_497-iv_506 (51)  
Least output co-occurring input variables: iv_500-iv_502 (32)

Potentially most output occurring input variable: iv_500/iv_502 (95)  
Potentially least output occurring input variable: iv_501/iv_503 (67)

Least complex input bit: iv_497 (7.803776187711799 × 10^294)  
Most complex input bit: iv_508 (2.733707938851167 × 10^296)

Least complex output bit: aaa_76_29 (2.377280602772939 × 10^272)  
Most complex output bit: ov_001 (1.635864645151385 × 10^296)

Least complex input/output complexity: iv_497/aaa_76_29 (1.814015221172914 × 10^270)  
Most complex input/output complexity: iv_508/ov_001 (4.3727551013022197 × 10^295)

## Input Bits

### Input Bits in Regular Order

| Input Bit | Complexity | Occurrences | Output Occurrences |
|:---------:|:----------:|:-----------:|:------------------:|
| iv_497 | 7.803776187711799 × 10^294 | 4097 | 93 |
| iv_498 | 1.561659118386586 × 10^295 | 3896 | 88 |
| iv_499 | 2.757596808319091 × 10^295 | 3897 | 81 |
| iv_500 | 4.641935420467982 × 10^295 | 4069 | 76 |
| iv_501 | 7.640801955607728 × 10^295 | 4041 | 83 |
| iv_502 | 1.2317703933826857 × 10^296 | 4092 | 83 |
| iv_503 | 7.190610549152878 × 10^295 | 4063 | 72 |
| iv_504 | 3.5995036107763336 × 10^295 | 3879 | 78 |
| iv_506 | 1.2331004060616935 × 10^296 | 3910 | 82 |
| iv_507 | 2.211080192311586 × 10^296 | 4144 | 76 |
| iv_508 | 2.733707938851167 × 10^296 | 4158 | 81 |

### Input Bits Sorted by Complexity

| Input Bit | Complexity | Occurrences | Output Occurrences |
|:---------:|:----------:|:-----------:|:------------------:|
| iv_497 | 7.803776187711799 × 10^294 | 4097 | 93 |
| iv_498 | 1.561659118386586 × 10^295 | 3896 | 88 |
| iv_499 | 2.757596808319091 × 10^295 | 3897 | 81 |
| iv_504 | 3.5995036107763336 × 10^295 | 3879 | 78 |
| iv_500 | 4.641935420467982 × 10^295 | 4069 | 76 |
| iv_503 | 7.190610549152878 × 10^295 | 4063 | 72 |
| iv_501 | 7.640801955607728 × 10^295 | 4041 | 83 |
| iv_502 | 1.2317703933826857 × 10^296 | 4092 | 83 |
| iv_506 | 1.2331004060616935 × 10^296 | 3910 | 82 |
| iv_507 | 2.211080192311586 × 10^296 | 4144 | 76 |
| iv_508 | 2.733707938851167 × 10^296 | 4158 | 81 |

### Input Bits Sorted by Occurrences

| Input Bit | Complexity | Occurrences | Output Occurrences |
|:---------:|:----------:|:-----------:|:------------------:|
| iv_504 | 3.5995036107763336 × 10^295 | 3879 | 78 |
| iv_498 | 1.561659118386586 × 10^295 | 3896 | 88 |
| iv_499 | 2.757596808319091 × 10^295 | 3897 | 81 |
| iv_506 | 1.2331004060616935 × 10^296 | 3910 | 82 |
| iv_501 | 7.640801955607728 × 10^295 | 4041 | 83 |
| iv_503 | 7.190610549152878 × 10^295 | 4063 | 72 |
| iv_500 | 4.641935420467982 × 10^295 | 4069 | 76 |
| iv_502 | 1.2317703933826857 × 10^296 | 4092 | 83 |
| iv_497 | 7.803776187711799 × 10^294 | 4097 | 93 |
| iv_507 | 2.211080192311586 × 10^296 | 4144 | 76 |
| iv_508 | 2.733707938851167 × 10^296 | 4158 | 81 |

### Input Bits Sorted by Output Occurrences

| Input Bit | Complexity | Occurrences | Output Occurrences |
|:---------:|:----------:|:-----------:|:------------------:|
| iv_503 | 7.190610549152878 × 10^295 | 4063 | 72 |
| iv_500 | 4.641935420467982 × 10^295 | 4069 | 76 |
| iv_507 | 2.211080192311586 × 10^296 | 4144 | 76 |
| iv_504 | 3.5995036107763336 × 10^295 | 3879 | 78 |
| iv_499 | 2.757596808319091 × 10^295 | 3897 | 81 |
| iv_508 | 2.733707938851167 × 10^296 | 4158 | 81 |
| iv_506 | 1.2331004060616935 × 10^296 | 3910 | 82 |
| iv_501 | 7.640801955607728 × 10^295 | 4041 | 83 |
| iv_502 | 1.2317703933826857 × 10^296 | 4092 | 83 |
| iv_498 | 1.561659118386586 × 10^295 | 3896 | 88 |
| iv_497 | 7.803776187711799 × 10^294 | 4097 | 93 |

## Input Bit Co-occurrences

### Input Bit Co-occurrences Sorted by Co-occurrences

| Input Bits | Co-occurrences | Potential Occurrences | Output Co-occurrences | Potential Output Occurrences |
|:----------:|:--------------:|:---------------------:|:---------------------:|:----------------------------:|
| iv_501-iv_502 | 2032 | 4069 | 43 | 80 |
| iv_497-iv_507 | 2018 | 4205 | 44 | 81 |
| iv_507-iv_508 | 2015 | 4272 | 43 | 71 |
| iv_497-iv_501 | 1982 | 4174 | 48 | 80 |
| iv_497-iv_502 | 1981 | 4227 | 49 | 78 |
| iv_502-iv_507 | 1975 | 4286 | 38 | 83 |
| iv_500-iv_502 | 1972 | 4217 | 32 | 95 |
| iv_497-iv_500 | 1962 | 4242 | 39 | 91 |
| iv_500-iv_508 | 1962 | 4303 | 36 | 85 |
| iv_500-iv_507 | 1959 | 4295 | 35 | 82 |
| iv_506-iv_507 | 1956 | 4142 | 39 | 80 |

### Input Bit Co-occurrences Sorted by Potential Occurrences

| Input Bits | Co-occurrences | Potential Occurrences | Output Co-occurrences | Potential Output Occurrences |
|:----------:|:--------------:|:---------------------:|:---------------------:|:----------------------------:|
| iv_501-iv_502 | 2032 | 4069 | 43 | 80 |
| iv_504-iv_506 | 1843 | 4103 | 42 | 76 |
| iv_499-iv_504 | 1836 | 4104 | 38 | 83 |
| iv_499-iv_501 | 1901 | 4136 | 44 | 76 |
| iv_506-iv_507 | 1956 | 4142 | 39 | 80 |
| iv_498-iv_504 | 1813 | 4149 | 46 | 74 |
| iv_497-iv_506 | 1922 | 4163 | 51 | 73 |
| iv_503-iv_506 | 1902 | 4169 | 35 | 84 |
| iv_498-iv_506 | 1818 | 4170 | 41 | 88 |
| iv_497-iv_501 | 1982 | 4174 | 48 | 80 |
| iv_497-iv_504 | 1900 | 4176 | 50 | 71 |

### Input Bit Output Co-occurrences Sorted by Output Co-occurrences

| Input Bits | Co-occurrences | Potential Occurrences | Output Co-occurrences | Potential Output Occurrences |
|:----------:|:--------------:|:---------------------:|:---------------------:|:----------------------------:|
| iv_497-iv_506 | 1922 | 4163 | 51 | 73 |
| iv_497-iv_504 | 1900 | 4176 | 50 | 71 |
| iv_497-iv_498 | 1869 | 4255 | 50 | 81 |
| iv_497-iv_502 | 1981 | 4227 | 49 | 78 |
| iv_498-iv_499 | 1803 | 4187 | 48 | 73 |
| iv_498-iv_501 | 1843 | 4251 | 48 | 75 |
| iv_497-iv_501 | 1982 | 4174 | 48 | 80 |
| iv_498-iv_504 | 1813 | 4149 | 46 | 74 |
| iv_497-iv_508 | 1930 | 4395 | 46 | 82 |
| iv_497-iv_499 | 1899 | 4196 | 45 | 84 |
| iv_498-iv_508 | 1838 | 4378 | 45 | 79 |

### Input Bit Output Co-occurrences Sorted by Potential Output Occurrences

| Input Bits | Co-occurrences | Potential Occurrences | Output Co-occurrences | Potential Output Occurrences |
|:----------:|:--------------:|:---------------------:|:---------------------:|:----------------------------:|
| iv_501-iv_503 | 1926 | 4252 | 44 | 67 |
| iv_497-iv_504 | 1900 | 4176 | 50 | 71 |
| iv_507-iv_508 | 2015 | 4272 | 43 | 71 |
| iv_498-iv_499 | 1803 | 4187 | 48 | 73 |
| iv_499-iv_500 | 1867 | 4232 | 42 | 73 |
| iv_497-iv_506 | 1922 | 4163 | 51 | 73 |
| iv_498-iv_504 | 1813 | 4149 | 46 | 74 |
| iv_498-iv_501 | 1843 | 4251 | 48 | 75 |
| iv_499-iv_501 | 1901 | 4136 | 44 | 76 |
| iv_504-iv_506 | 1843 | 4103 | 42 | 76 |
| iv_500-iv_503 | 1933 | 4266 | 36 | 76 |

## Output Bits

### Output Bits in Regular Order

| Rank | Output Bit | Complexity |
|:----:|:----------:|:----------:|
| 1 | ov_001 | 1.635864645151385 × 10^296 |
| 2 | ov_002 | 1.4186556031161432 × 10^296 |
| 3 | ov_003 | 1.2240788821490995 × 10^296 |
| 4 | ov_004 | 1.0504194864987368 × 10^296 |
| 5 | ov_005 | 8.960558521989266 × 10^295 |
| 6 | ov_006 | 7.59453191507103 × 10^295 |
| 7 | ov_007 | 6.391577050907155 × 10^295 |
| 8 | ov_008 | 5.337916040344708 × 10^295 |
| 9 | ov_009 | 4.420488771658566 × 10^295 |
| 10 | ov_010 | 3.6269172736462537 × 10^295 |
| 11 | ov_011 | 2.945475996443603 × 10^295 |
| 12 | ov_012 | 2.365067282047002 × 10^295 |
| 13 | ov_013 | 1.87520133980613 × 10^295 |
| 14 | ov_014 | 1.4659800847933595 × 10^295 |
| 15 | ov_015 | 1.1280842391190256 × 10^295 |
| 16 | ov_016 | 8.527631677668521 × 10^294 |
| 17 | ov_017 | 6.318270214688068 × 10^294 |
| 18 | ov_018 | 4.576408005106172 × 10^294 |
| 19 | ov_019 | 3.231199352121691 × 10^294 |
| 20 | ov_020 | 2.2172700970127752 × 10^294 |
| 21 | ov_021 | 1.47469352373783 × 10^294 |
| 22 | ov_022 | 9.489730547713821 × 10^293 |
| 23 | ov_023 | 5.910302875717039 × 10^293 |
| 24 | ov_024 | 3.5719712622294355 × 10^293 |
| 25 | ov_025 | 2.09210967897756 × 10^293 |
| 26 | ov_026 | 1.142120668146187 × 10^293 |
| 27 | ov_027 | 5.71210454059854 × 10^292 |
| 28 | ov_028 | 2.5559152678211527 × 10^292 |
| 29 | ov_029 | 9.848139632774802 × 10^291 |
| 30 | ov_030 | 3.0102266158948963 × 10^291 |
| 31 | ov_031 | 5.869269181159187 × 10^290 |
| 32 | lv_80_m31 | 1.1439142271260137 × 10^290 |
| 33 | ov_033 | 1.3672037226117485 × 10^291 |
| 34 | ov_034 | 1.1860338968838027 × 10^291 |
| 35 | ov_035 | 1.0237192730653085 × 10^291 |
| 36 | ov_036 | 8.78645238843263 × 10^290 |
| 37 | ov_037 | 7.49284011616768 × 10^290 |
| 38 | ov_038 | 6.3489258889422466 × 10^290 |
| 39 | ov_039 | 5.340993535452143 × 10^290 |
| 40 | ov_040 | 4.456036136612426 × 10^290 |
| 41 | ov_041 | 3.681717587407268 × 10^290 |
| 42 | ov_042 | 3.0120331336480393 × 10^290 |
| 43 | ov_043 | 2.4412898435285696 × 10^290 |
| 44 | ov_044 | 1.9589905095150506 × 10^290 |
| 45 | ov_045 | 1.555208850682266 × 10^290 |
| 46 | ov_046 | 1.2205749334193977 × 10^290 |
| 47 | ov_047 | 9.462636609323243 × 10^289 |
| 48 | ov_048 | 7.239858545257406 × 10^289 |
| 49 | ov_049 | 5.459814864723892 × 10^289 |
| 50 | ov_050 | 4.0501466041972094 × 10^289 |
| 51 | ov_051 | 2.943699708967948 × 10^289 |
| 52 | ov_052 | 2.1081945805985597 × 10^289 |
| 53 | ov_053 | 1.4868167623114357 × 10^289 |
| 54 | ov_054 | 1.0278996391215563 × 10^289 |
| 55 | ov_055 | 6.849157822058205 × 10^288 |
| 56 | ov_056 | 4.358854145803831 × 10^288 |
| 57 | ov_057 | 2.613944942670105 × 10^288 |
| 58 | ov_058 | 1.4459347111149136 × 10^288 |
| 59 | ov_059 | 7.119662649176245 × 10^287 |
| 60 | ov_060 | 2.948176691051441 × 10^287 |
| 61 | ov_061 | 1.0290111023561058 × 10^287 |
| 62 | ov_062 | 2.8205600545256913 × 10^286 |
| 63 | ov_063 | 5.492838364604947 × 10^285 |
| 64 | lv_79_m31 | 1.069454281726039 × 10^285 |
| 65 | ov_065 | 1.2703845860225773 × 10^286 |
| 66 | ov_066 | 1.2703805179690752 × 10^286 |
| 67 | ov_067 | 1.2703795222950904 × 10^286 |
| 68 | ov_068 | 1.0967029165307568 × 10^286 |
| 69 | ov_069 | 9.419268184397194 × 10^285 |
| 70 | ov_070 | 8.045106059991175 × 10^285 |
| 71 | ov_071 | 6.83008482603111 × 10^285 |
| 72 | ov_072 | 5.760630543001135 × 10^285 |
| 73 | ov_073 | 4.8239947418582843 × 10^285 |
| 74 | ov_074 | 4.008201241360246 × 10^285 |
| 75 | ov_075 | 3.301998051812866 × 10^285 |
| 76 | ov_076 | 2.6948140873950506 × 10^285 |
| 77 | ov_077 | 2.1767204165758314 × 10^285 |
| 78 | ov_078 | 1.7383957859690473 × 10^285 |
| 79 | ov_079 | 1.3710961575095885 × 10^285 |
| 80 | ov_080 | 1.0666280022985588 × 10^285 |
| 81 | ov_081 | 8.173250970526752 × 10^284 |
| 82 | ov_082 | 6.160285709881395 × 10^284 |
| 83 | ov_083 | 4.560699523344701 × 10^284 |
| 84 | ov_084 | 3.3125696464682666 × 10^284 |
| 85 | ov_085 | 2.3586182377039588 × 10^284 |
| 86 | ov_086 | 1.6461178678091253 × 10^284 |
| 87 | ov_087 | 1.1268170453577612 × 10^284 |
| 88 | ov_088 | 7.568832966423763 × 10^283 |
| 89 | ov_089 | 4.968613193814513 × 10^283 |
| 90 | ov_090 | 3.1164373024749625 × 10^283 |
| 91 | ov_091 | 1.8476087037673805 × 10^283 |
| 92 | ov_092 | 1.0190379591082308 × 10^283 |
| 93 | ov_093 | 5.092014568929154 × 10^282 |
| 94 | ov_094 | 2.1812110575351923 × 10^282 |
| 95 | aaa_78_28 | 6.735604357780931 × 10^281 |
| 96 | aaa_78_29 | 2.068645196759093 × 10^281 |
| 97 | ov_097 | 1.366319241940678 × 10^281 |
| 98 | ov_098 | 1.3662783920796784 × 10^281 |
| 99 | ov_099 | 1.3662653505335847 × 10^281 |
| 100 | ov_100 | 1.229557613409026 × 10^281 |
| 101 | ov_101 | 1.1029218114241066 × 10^281 |
| 102 | ov_102 | 9.858074815768303 × 10^280 |
| 103 | ov_103 | 8.777043272123935 × 10^280 |
| 104 | ov_104 | 7.781369286306078 × 10^280 |
| 105 | ov_105 | 6.866599401997392 × 10^280 |
| 106 | ov_106 | 6.028537492701158 × 10^280 |
| 107 | ov_107 | 5.263205729965542 × 10^280 |
| 108 | ov_108 | 4.566809698206354 × 10^280 |
| 109 | ov_109 | 3.935707428590353 × 10^280 |
| 110 | ov_110 | 3.366382128162723 × 10^280 |
| 111 | ov_111 | 2.8554183831216214 × 10^280 |
| 112 | ov_112 | 2.3994816170688224 × 10^280 |
| 113 | ov_113 | 1.9953005863799491 × 10^280 |
| 114 | ov_114 | 1.6396526956932595 × 10^280 |
| 115 | ov_115 | 1.3293519170461403 × 10^280 |
| 116 | ov_116 | 1.0612390965132127 × 10^280 |
| 117 | ov_117 | 8.321744324095288 × 10^279 |
| 118 | ov_118 | 6.390319092667219 × 10^279 |
| 119 | ov_119 | 4.786952948121804 × 10^279 |
| 120 | ov_120 | 3.4805515711508763 × 10^279 |
| 121 | ov_121 | 2.440065900685517 × 10^279 |
| 122 | ov_122 | 1.6344753941880529 × 10^279 |
| 123 | ov_123 | 1.0327762156496105 × 10^279 |
| 124 | ov_124 | 6.039732735434783 × 10^278 |
| 125 | ov_125 | 3.1707529247120366 × 10^278 |
| 126 | ov_126 | 1.4109230157868143 × 10^278 |
| 127 | aaa_77_28 | 4.5034671480817505 × 10^277 |
| 128 | aaa_77_29 | 1.687244758465137 × 10^277 |
| 129 | ov_129 | 1.5516168690113302 × 10^277 |
| 130 | ov_130 | 1.5516122449608308 × 10^277 |
| 131 | ov_131 | 1.5516111288339382 × 10^277 |
| 132 | ov_132 | 1.342895270560959 × 10^277 |
| 133 | ov_133 | 1.1561613610701555 × 10^277 |
| 134 | ov_134 | 9.897478089275515 × 10^276 |
| 135 | ov_135 | 8.420801208359452 × 10^276 |
| 136 | ov_136 | 7.11664659889022 × 10^276 |
| 137 | ov_137 | 5.970833216116738 × 10^276 |
| 138 | ov_138 | 4.9698903583328143 × 10^276 |
| 139 | ov_139 | 4.1010200705080365 × 10^276 |
| 140 | ov_140 | 3.352066104333241 × 10^276 |
| 141 | ov_141 | 2.7114886502795227 × 10^276 |
| 142 | ov_142 | 2.168344100718722 × 10^276 |
| 143 | ov_143 | 1.712269146152629 × 10^276 |
| 144 | ov_144 | 1.33346854928876 × 10^276 |
| 145 | ov_145 | 1.022705984187301 × 10^276 |
| 146 | ov_146 | 7.712973700578182 × 10^275 |
| 147 | ov_147 | 5.7110617154942146 × 10^275 |
| 148 | ov_148 | 4.1454020468332694 × 10^275 |
| 149 | ov_149 | 2.9454957993806172 × 10^275 |
| 150 | ov_150 | 2.046254561145789 × 10^275 |
| 151 | ov_151 | 1.3879928770733315 × 10^275 |
| 152 | ov_152 | 9.164232908315231 × 10^274 |
| 153 | ov_153 | 5.826528309940932 × 10^274 |
| 154 | ov_154 | 3.4318055915516395 × 10^274 |
| 155 | ov_155 | 1.7760376100557886 × 10^274 |
| 156 | aaa_76_25 | 6.821465858578562 × 10^273 |
| 157 | aaa_76_26 | 3.9359041865817443 × 10^273 |
| 158 | aaa_76_27 | 2.012792911832819 × 10^273 |
| 159 | aaa_76_28 | 7.827012129357144 × 10^272 |
| 160 | aaa_76_29 | 2.377280602772939 × 10^272 |

### Output Bits Sorted by Complexity

| Rank | Output Bit | Complexity |
|:----:|:----------:|:----------:|
| 160 | aaa_76_29 | 2.377280602772939 × 10^272 |
| 159 | aaa_76_28 | 7.827012129357144 × 10^272 |
| 158 | aaa_76_27 | 2.012792911832819 × 10^273 |
| 157 | aaa_76_26 | 3.9359041865817443 × 10^273 |
| 156 | aaa_76_25 | 6.821465858578562 × 10^273 |
| 155 | ov_155 | 1.7760376100557886 × 10^274 |
| 154 | ov_154 | 3.4318055915516395 × 10^274 |
| 153 | ov_153 | 5.826528309940932 × 10^274 |
| 152 | ov_152 | 9.164232908315231 × 10^274 |
| 151 | ov_151 | 1.3879928770733315 × 10^275 |
| 150 | ov_150 | 2.046254561145789 × 10^275 |
| 149 | ov_149 | 2.9454957993806172 × 10^275 |
| 148 | ov_148 | 4.1454020468332694 × 10^275 |
| 147 | ov_147 | 5.7110617154942146 × 10^275 |
| 146 | ov_146 | 7.712973700578182 × 10^275 |
| 145 | ov_145 | 1.022705984187301 × 10^276 |
| 144 | ov_144 | 1.33346854928876 × 10^276 |
| 143 | ov_143 | 1.712269146152629 × 10^276 |
| 142 | ov_142 | 2.168344100718722 × 10^276 |
| 141 | ov_141 | 2.7114886502795227 × 10^276 |
| 140 | ov_140 | 3.352066104333241 × 10^276 |
| 139 | ov_139 | 4.1010200705080365 × 10^276 |
| 138 | ov_138 | 4.9698903583328143 × 10^276 |
| 137 | ov_137 | 5.970833216116738 × 10^276 |
| 136 | ov_136 | 7.11664659889022 × 10^276 |
| 135 | ov_135 | 8.420801208359452 × 10^276 |
| 134 | ov_134 | 9.897478089275515 × 10^276 |
| 133 | ov_133 | 1.1561613610701555 × 10^277 |
| 132 | ov_132 | 1.342895270560959 × 10^277 |
| 131 | ov_131 | 1.5516111288339382 × 10^277 |
| 130 | ov_130 | 1.5516122449608308 × 10^277 |
| 129 | ov_129 | 1.5516168690113302 × 10^277 |
| 128 | aaa_77_29 | 1.687244758465137 × 10^277 |
| 127 | aaa_77_28 | 4.5034671480817505 × 10^277 |
| 126 | ov_126 | 1.4109230157868143 × 10^278 |
| 125 | ov_125 | 3.1707529247120366 × 10^278 |
| 124 | ov_124 | 6.039732735434783 × 10^278 |
| 123 | ov_123 | 1.0327762156496105 × 10^279 |
| 122 | ov_122 | 1.6344753941880529 × 10^279 |
| 121 | ov_121 | 2.440065900685517 × 10^279 |
| 120 | ov_120 | 3.4805515711508763 × 10^279 |
| 119 | ov_119 | 4.786952948121804 × 10^279 |
| 118 | ov_118 | 6.390319092667219 × 10^279 |
| 117 | ov_117 | 8.321744324095288 × 10^279 |
| 116 | ov_116 | 1.0612390965132127 × 10^280 |
| 115 | ov_115 | 1.3293519170461403 × 10^280 |
| 114 | ov_114 | 1.6396526956932595 × 10^280 |
| 113 | ov_113 | 1.9953005863799491 × 10^280 |
| 112 | ov_112 | 2.3994816170688224 × 10^280 |
| 111 | ov_111 | 2.8554183831216214 × 10^280 |
| 110 | ov_110 | 3.366382128162723 × 10^280 |
| 109 | ov_109 | 3.935707428590353 × 10^280 |
| 108 | ov_108 | 4.566809698206354 × 10^280 |
| 107 | ov_107 | 5.263205729965542 × 10^280 |
| 106 | ov_106 | 6.028537492701158 × 10^280 |
| 105 | ov_105 | 6.866599401997392 × 10^280 |
| 104 | ov_104 | 7.781369286306078 × 10^280 |
| 103 | ov_103 | 8.777043272123935 × 10^280 |
| 102 | ov_102 | 9.858074815768303 × 10^280 |
| 101 | ov_101 | 1.1029218114241066 × 10^281 |
| 100 | ov_100 | 1.229557613409026 × 10^281 |
| 99 | ov_099 | 1.3662653505335847 × 10^281 |
| 98 | ov_098 | 1.3662783920796784 × 10^281 |
| 97 | ov_097 | 1.366319241940678 × 10^281 |
| 96 | aaa_78_29 | 2.068645196759093 × 10^281 |
| 95 | aaa_78_28 | 6.735604357780931 × 10^281 |
| 94 | ov_094 | 2.1812110575351923 × 10^282 |
| 93 | ov_093 | 5.092014568929154 × 10^282 |
| 92 | ov_092 | 1.0190379591082308 × 10^283 |
| 91 | ov_091 | 1.8476087037673805 × 10^283 |
| 90 | ov_090 | 3.1164373024749625 × 10^283 |
| 89 | ov_089 | 4.968613193814513 × 10^283 |
| 88 | ov_088 | 7.568832966423763 × 10^283 |
| 87 | ov_087 | 1.1268170453577612 × 10^284 |
| 86 | ov_086 | 1.6461178678091253 × 10^284 |
| 85 | ov_085 | 2.3586182377039588 × 10^284 |
| 84 | ov_084 | 3.3125696464682666 × 10^284 |
| 83 | ov_083 | 4.560699523344701 × 10^284 |
| 82 | ov_082 | 6.160285709881395 × 10^284 |
| 81 | ov_081 | 8.173250970526752 × 10^284 |
| 80 | ov_080 | 1.0666280022985588 × 10^285 |
| 64 | lv_79_m31 | 1.069454281726039 × 10^285 |
| 79 | ov_079 | 1.3710961575095885 × 10^285 |
| 78 | ov_078 | 1.7383957859690473 × 10^285 |
| 77 | ov_077 | 2.1767204165758314 × 10^285 |
| 76 | ov_076 | 2.6948140873950506 × 10^285 |
| 75 | ov_075 | 3.301998051812866 × 10^285 |
| 74 | ov_074 | 4.008201241360246 × 10^285 |
| 73 | ov_073 | 4.8239947418582843 × 10^285 |
| 63 | ov_063 | 5.492838364604947 × 10^285 |
| 72 | ov_072 | 5.760630543001135 × 10^285 |
| 71 | ov_071 | 6.83008482603111 × 10^285 |
| 70 | ov_070 | 8.045106059991175 × 10^285 |
| 69 | ov_069 | 9.419268184397194 × 10^285 |
| 68 | ov_068 | 1.0967029165307568 × 10^286 |
| 67 | ov_067 | 1.2703795222950904 × 10^286 |
| 66 | ov_066 | 1.2703805179690752 × 10^286 |
| 65 | ov_065 | 1.2703845860225773 × 10^286 |
| 62 | ov_062 | 2.8205600545256913 × 10^286 |
| 61 | ov_061 | 1.0290111023561058 × 10^287 |
| 60 | ov_060 | 2.948176691051441 × 10^287 |
| 59 | ov_059 | 7.119662649176245 × 10^287 |
| 58 | ov_058 | 1.4459347111149136 × 10^288 |
| 57 | ov_057 | 2.613944942670105 × 10^288 |
| 56 | ov_056 | 4.358854145803831 × 10^288 |
| 55 | ov_055 | 6.849157822058205 × 10^288 |
| 54 | ov_054 | 1.0278996391215563 × 10^289 |
| 53 | ov_053 | 1.4868167623114357 × 10^289 |
| 52 | ov_052 | 2.1081945805985597 × 10^289 |
| 51 | ov_051 | 2.943699708967948 × 10^289 |
| 50 | ov_050 | 4.0501466041972094 × 10^289 |
| 49 | ov_049 | 5.459814864723892 × 10^289 |
| 48 | ov_048 | 7.239858545257406 × 10^289 |
| 47 | ov_047 | 9.462636609323243 × 10^289 |
| 32 | lv_80_m31 | 1.1439142271260137 × 10^290 |
| 46 | ov_046 | 1.2205749334193977 × 10^290 |
| 45 | ov_045 | 1.555208850682266 × 10^290 |
| 44 | ov_044 | 1.9589905095150506 × 10^290 |
| 43 | ov_043 | 2.4412898435285696 × 10^290 |
| 42 | ov_042 | 3.0120331336480393 × 10^290 |
| 41 | ov_041 | 3.681717587407268 × 10^290 |
| 40 | ov_040 | 4.456036136612426 × 10^290 |
| 39 | ov_039 | 5.340993535452143 × 10^290 |
| 31 | ov_031 | 5.869269181159187 × 10^290 |
| 38 | ov_038 | 6.3489258889422466 × 10^290 |
| 37 | ov_037 | 7.49284011616768 × 10^290 |
| 36 | ov_036 | 8.78645238843263 × 10^290 |
| 35 | ov_035 | 1.0237192730653085 × 10^291 |
| 34 | ov_034 | 1.1860338968838027 × 10^291 |
| 33 | ov_033 | 1.3672037226117485 × 10^291 |
| 30 | ov_030 | 3.0102266158948963 × 10^291 |
| 29 | ov_029 | 9.848139632774802 × 10^291 |
| 28 | ov_028 | 2.5559152678211527 × 10^292 |
| 27 | ov_027 | 5.71210454059854 × 10^292 |
| 26 | ov_026 | 1.142120668146187 × 10^293 |
| 25 | ov_025 | 2.09210967897756 × 10^293 |
| 24 | ov_024 | 3.5719712622294355 × 10^293 |
| 23 | ov_023 | 5.910302875717039 × 10^293 |
| 22 | ov_022 | 9.489730547713821 × 10^293 |
| 21 | ov_021 | 1.47469352373783 × 10^294 |
| 20 | ov_020 | 2.2172700970127752 × 10^294 |
| 19 | ov_019 | 3.231199352121691 × 10^294 |
| 18 | ov_018 | 4.576408005106172 × 10^294 |
| 17 | ov_017 | 6.318270214688068 × 10^294 |
| 16 | ov_016 | 8.527631677668521 × 10^294 |
| 15 | ov_015 | 1.1280842391190256 × 10^295 |
| 14 | ov_014 | 1.4659800847933595 × 10^295 |
| 13 | ov_013 | 1.87520133980613 × 10^295 |
| 12 | ov_012 | 2.365067282047002 × 10^295 |
| 11 | ov_011 | 2.945475996443603 × 10^295 |
| 10 | ov_010 | 3.6269172736462537 × 10^295 |
| 9 | ov_009 | 4.420488771658566 × 10^295 |
| 8 | ov_008 | 5.337916040344708 × 10^295 |
| 7 | ov_007 | 6.391577050907155 × 10^295 |
| 6 | ov_006 | 7.59453191507103 × 10^295 |
| 5 | ov_005 | 8.960558521989266 × 10^295 |
| 4 | ov_004 | 1.0504194864987368 × 10^296 |
| 3 | ov_003 | 1.2240788821490995 × 10^296 |
| 2 | ov_002 | 1.4186556031161432 × 10^296 |
| 1 | ov_001 | 1.635864645151385 × 10^296 |

