# Results for F001-F002-F003-F004-F005-F006-F007-F008-F009-F010-F011-F012-F013-F014-F015-F016-F017-F018-F019-F020-F021-F022-F023-F024-F025-F026-F027-F028-F029-F030-F031-F032-F033-F034-F035-F036-F037-F038-F039-F040-F041-F042-F043-F044-F045-F046-F047-F048-F049-F050-F051-F052-F053-F054-F055-F056-F057-F058-F059-F060-F061-F062-F063-F064-F065-F066-F067-F068-F069-F070-F071-F072-F073-F074-F075-F076-F077-F078-F079-F080-F081-F082-F083-F084-F085-F086-F087-F088-F089-F090-F091-F092-F093-F094-F095-F096-F097-F098-F099-F100-F101-F102-F103-F104-F105-F106-F107-F108-F109-F110-F111-F112-F113-F114-F115-F116-F117-F118-F119-F120-F121-F122-F123-F124-F125-F126-F127-F128-F129-F130-F131-F132-F133-F134-F135-F136-F137-F138-F139-F140-F141-F142-F143-F144-F145-F146-F147-F148-F149-F150-F151-F152-F153-F154-F155-F156-F157-F158-F159-F160-F161-F162-F163-F164-F165-F166-F167-F168-F169-F170-F171-F172-F173-F174-F175-F176-F177-F178-F179-F180-F181-F182-F183-F184-F185-F186-F187-F188-F189-F190-F191-F192-F193-F194-F195-F196-F197-F198-F199-F200-F201-F202-F203-F204-F205-F206-F207-F208-F209-F210-F211-F212-F213-F214-F215-F216-F217-F218-F219-F220-F221-F222-F223-F224-F225-F226-F227-F228-F229-F230-F231-F232-F233-F234-F235-F236-F237-F238-F239-F240-F241-F242-F243-F244-F245-F246-F247-F248-F249-F250-F251-F252-F253-F254-F255-F256-F257-F258-F259-F260-F261-F262-F263-F264-F265-F266-F267-F268-F269-F270-F271-F272-F273-F274-F275-F276-F277-F278-F279-F280-F281-F282-F283-F284-F285-F286-F287-F288-F289-F290-F291-F292-F293-F294-F295-F296-F297-F298-F299-F300-F301-F302-F303-F304-F305-F306-F307-F308-F309-F310-F311-F312-F313-F314-F315-F316-F317-F318-F319-F320-F321-F322-F323-F324-F325-F326-F327-F328-F329-F330-F331-F332-F333-F334-F335-F336-F337-F338-F339-F340-F341-F342-F343-F344-F345-F346-F347-F348-F349-F350-F351-F352-F353-F354-F355-F356-F357-F358-F359-F360-F361-F362-F363-F364-F365-F366-F367-F368-F369-F370-F371-F372-F373-F374-F375-F376-F377-F378-F379-F380-F381-F382-F383-F384-F385-F386-F387-F388-F389-F390-F391-F392-F393-F394-F395-F396-F397-F398-F399-F400-F401-F402-F403-F404-F405-F406-F407-F408-F409-F410-F411-F412-F413-F414-F415-F416-F417-F418-F419-F420-F421-F422-F423-F424-F425-F426-F427-F428-F429-F430-F431-F432-F433-F434-F435-F436-F437-F438-F439-F440-F441-F442-F443-F444-F445-F446-F447-F448-F449-F450-F451-F452-F453-F454-F455-F456-F457-F458-F459-F460-F461-F462-F463-F464-F465-F466-F467-F468-F469-F470-F471-F472-F473-F474-F475-F476-F477-F478-F479-F480-F481-F482-F483-F484-F485-F486-F487-F488-F489-F490-F491-F492-F493-F494-F495-F496-E498507-F508-F509-F510-F511-F512

## Summary

Number of input bits: 512  
Number of free input bits: 10  
Number of output bits: 160

Number of direct occurrences: 39758  
Number of assignments: 30798  
Number of operations: 10677065
(xor: 10649166,
and: 14714,
or: 13185)

Total complexity: 9.627374593022852 × 10^295

Least occurring input variable: iv_502 (3827)  
Most occurring input variable: iv_498 (4217)

Most co-occurring input variables: iv_500-iv_501 (1995)  
Least co-occurring input variables: iv_502-iv_505 (1747)

Potentially most occurring input variable: iv_498/iv_505 (4520)  
Potentially least occurring input variable: iv_500/iv_501 (4059)

Least output occurring input variable: iv_498 (61)  
Most output occurring input variable: iv_506 (93)

Most output co-occurring input variables: iv_502-iv_506 (51)  
Least output co-occurring input variables: iv_498-iv_502 (25)

Potentially most output occurring input variable: iv_498/iv_502 (93)  
Potentially least output occurring input variable: iv_497/iv_498 (72)

Least complex input bit: iv_497 (5.725987005790346 × 10^293)  
Most complex input bit: iv_505 (2.792721363264614 × 10^295)

Least complex output bit: aaa_76_29 (2.440831687330852 × 10^271)  
Most complex output bit: ov_001 (1.5534664402582544 × 10^295)

Least complex input/output complexity: iv_497/aaa_76_29 (1.4517115117870838 × 10^269)  
Most complex input/output complexity: iv_505/ov_001 (4.506315686488375 × 10^294)

## Input Bits

### Input Bits in Regular Order

| Input Bit | Complexity | Occurrences | Output Occurrences |
|:---------:|:----------:|:-----------:|:------------------:|
| iv_497 | 5.725987005790346 × 10^293 | 3987 | 77 |
| iv_498 | 7.195147348480395 × 10^294 | 4217 | 61 |
| iv_499 | 2.0086319315807127 × 10^294 | 3875 | 81 |
| iv_500 | 3.3653607505079395 × 10^294 | 4044 | 76 |
| iv_501 | 5.5098150999653725 × 10^294 | 4005 | 82 |
| iv_502 | 8.849282499920478 × 10^294 | 3827 | 82 |
| iv_503 | 1.397966041348433 × 10^295 | 3985 | 75 |
| iv_504 | 2.1685673126224493 × 10^295 | 3867 | 78 |
| iv_505 | 2.792721363264614 × 10^295 | 3909 | 82 |
| iv_506 | 5.180362426839773 × 10^294 | 4042 | 93 |

### Input Bits Sorted by Complexity

| Input Bit | Complexity | Occurrences | Output Occurrences |
|:---------:|:----------:|:-----------:|:------------------:|
| iv_497 | 5.725987005790346 × 10^293 | 3987 | 77 |
| iv_499 | 2.0086319315807127 × 10^294 | 3875 | 81 |
| iv_500 | 3.3653607505079395 × 10^294 | 4044 | 76 |
| iv_506 | 5.180362426839773 × 10^294 | 4042 | 93 |
| iv_501 | 5.5098150999653725 × 10^294 | 4005 | 82 |
| iv_498 | 7.195147348480395 × 10^294 | 4217 | 61 |
| iv_502 | 8.849282499920478 × 10^294 | 3827 | 82 |
| iv_503 | 1.397966041348433 × 10^295 | 3985 | 75 |
| iv_504 | 2.1685673126224493 × 10^295 | 3867 | 78 |
| iv_505 | 2.792721363264614 × 10^295 | 3909 | 82 |

### Input Bits Sorted by Occurrences

| Input Bit | Complexity | Occurrences | Output Occurrences |
|:---------:|:----------:|:-----------:|:------------------:|
| iv_502 | 8.849282499920478 × 10^294 | 3827 | 82 |
| iv_504 | 2.1685673126224493 × 10^295 | 3867 | 78 |
| iv_499 | 2.0086319315807127 × 10^294 | 3875 | 81 |
| iv_505 | 2.792721363264614 × 10^295 | 3909 | 82 |
| iv_503 | 1.397966041348433 × 10^295 | 3985 | 75 |
| iv_497 | 5.725987005790346 × 10^293 | 3987 | 77 |
| iv_501 | 5.5098150999653725 × 10^294 | 4005 | 82 |
| iv_506 | 5.180362426839773 × 10^294 | 4042 | 93 |
| iv_500 | 3.3653607505079395 × 10^294 | 4044 | 76 |
| iv_498 | 7.195147348480395 × 10^294 | 4217 | 61 |

### Input Bits Sorted by Output Occurrences

| Input Bit | Complexity | Occurrences | Output Occurrences |
|:---------:|:----------:|:-----------:|:------------------:|
| iv_498 | 7.195147348480395 × 10^294 | 4217 | 61 |
| iv_503 | 1.397966041348433 × 10^295 | 3985 | 75 |
| iv_500 | 3.3653607505079395 × 10^294 | 4044 | 76 |
| iv_497 | 5.725987005790346 × 10^293 | 3987 | 77 |
| iv_504 | 2.1685673126224493 × 10^295 | 3867 | 78 |
| iv_499 | 2.0086319315807127 × 10^294 | 3875 | 81 |
| iv_502 | 8.849282499920478 × 10^294 | 3827 | 82 |
| iv_501 | 5.5098150999653725 × 10^294 | 4005 | 82 |
| iv_505 | 2.792721363264614 × 10^295 | 3909 | 82 |
| iv_506 | 5.180362426839773 × 10^294 | 4042 | 93 |

## Input Bit Co-occurrences

### Input Bit Co-occurrences Sorted by Co-occurrences

| Input Bits | Co-occurrences | Potential Occurrences | Output Co-occurrences | Potential Output Occurrences |
|:----------:|:--------------:|:---------------------:|:---------------------:|:----------------------------:|
| iv_500-iv_501 | 1995 | 4059 | 39 | 80 |
| iv_498-iv_500 | 1964 | 4333 | 26 | 85 |
| iv_500-iv_506 | 1953 | 4180 | 45 | 79 |
| iv_497-iv_503 | 1945 | 4082 | 37 | 78 |
| iv_498-iv_501 | 1941 | 4340 | 34 | 75 |
| iv_497-iv_500 | 1931 | 4169 | 35 | 83 |
| iv_498-iv_503 | 1917 | 4368 | 28 | 80 |
| iv_498-iv_506 | 1911 | 4437 | 38 | 78 |
| iv_500-iv_503 | 1909 | 4211 | 39 | 73 |
| iv_497-iv_506 | 1901 | 4227 | 40 | 90 |

### Input Bit Co-occurrences Sorted by Potential Occurrences

| Input Bits | Co-occurrences | Potential Occurrences | Output Co-occurrences | Potential Output Occurrences |
|:----------:|:--------------:|:---------------------:|:---------------------:|:----------------------------:|
| iv_500-iv_501 | 1995 | 4059 | 39 | 80 |
| iv_501-iv_504 | 1895 | 4082 | 40 | 80 |
| iv_497-iv_503 | 1945 | 4082 | 37 | 78 |
| iv_499-iv_505 | 1850 | 4084 | 37 | 89 |
| iv_499-iv_504 | 1828 | 4086 | 38 | 83 |
| iv_497-iv_505 | 1896 | 4104 | 43 | 73 |
| iv_504-iv_505 | 1819 | 4138 | 36 | 88 |
| iv_497-iv_499 | 1862 | 4138 | 40 | 78 |
| iv_502-iv_506 | 1863 | 4143 | 51 | 73 |
| iv_502-iv_504 | 1768 | 4158 | 42 | 76 |

### Input Bit Output Co-occurrences Sorted by Output Co-occurrences

| Input Bits | Co-occurrences | Potential Occurrences | Output Co-occurrences | Potential Output Occurrences |
|:----------:|:--------------:|:---------------------:|:---------------------:|:----------------------------:|
| iv_502-iv_506 | 1863 | 4143 | 51 | 73 |
| iv_499-iv_506 | 1829 | 4259 | 49 | 76 |
| iv_500-iv_506 | 1953 | 4180 | 45 | 79 |
| iv_501-iv_506 | 1865 | 4317 | 45 | 85 |
| iv_504-iv_506 | 1875 | 4159 | 45 | 81 |
| iv_505-iv_506 | 1882 | 4187 | 45 | 85 |
| iv_503-iv_506 | 1879 | 4269 | 44 | 80 |
| iv_499-iv_501 | 1847 | 4186 | 43 | 77 |
| iv_501-iv_502 | 1794 | 4244 | 43 | 78 |
| iv_497-iv_505 | 1896 | 4104 | 43 | 73 |

### Input Bit Output Co-occurrences Sorted by Potential Output Occurrences

| Input Bits | Co-occurrences | Potential Occurrences | Output Co-occurrences | Potential Output Occurrences |
|:----------:|:--------------:|:---------------------:|:---------------------:|:----------------------------:|
| iv_497-iv_498 | 1862 | 4480 | 33 | 72 |
| iv_499-iv_500 | 1858 | 4203 | 42 | 73 |
| iv_502-iv_506 | 1863 | 4143 | 51 | 73 |
| iv_497-iv_505 | 1896 | 4104 | 43 | 73 |
| iv_500-iv_503 | 1909 | 4211 | 39 | 73 |
| iv_498-iv_499 | 1851 | 4390 | 34 | 74 |
| iv_498-iv_501 | 1941 | 4340 | 34 | 75 |
| iv_502-iv_504 | 1768 | 4158 | 42 | 76 |
| iv_499-iv_506 | 1829 | 4259 | 49 | 76 |
| iv_499-iv_501 | 1847 | 4186 | 43 | 77 |

## Output Bits

### Output Bits in Regular Order

| Rank | Output Bit | Complexity |
|:----:|:----------:|:----------:|
| 1 | ov_001 | 1.5534664402582544 × 10^295 |
| 2 | ov_002 | 1.3452059085032163 × 10^295 |
| 3 | ov_003 | 1.1588463427084836 × 10^295 |
| 4 | ov_004 | 9.927176124897643 × 10^294 |
| 5 | ov_005 | 8.45240657603828 × 10^294 |
| 6 | ov_006 | 7.149209463633266 × 10^294 |
| 7 | ov_007 | 6.003427863170958 × 10^294 |
| 8 | ov_008 | 5.001644362412666 × 10^294 |
| 9 | ov_009 | 4.131139561229451 × 10^294 |
| 10 | ov_010 | 3.379857201895809 × 10^294 |
| 11 | ov_011 | 2.736375171649999 × 10^294 |
| 12 | ov_012 | 2.1898816625586006 × 10^294 |
| 13 | ov_013 | 1.730155816173537 × 10^294 |
| 14 | ov_014 | 1.3475522223238426 × 10^294 |
| 15 | ov_015 | 1.0329886827888433 × 10^294 |
| 16 | ov_016 | 7.779366916700363 × 10^293 |
| 17 | ov_017 | 5.744141251046668 × 10^293 |
| 18 | ov_018 | 4.149796736118177 × 10^293 |
| 19 | ov_019 | 2.927286124674375 × 10^293 |
| 20 | ov_020 | 2.012896081715437 × 10^293 |
| 21 | ov_021 | 1.3482235411831538 × 10^293 |
| 22 | ov_022 | 8.801587286245166 × 10^292 |
| 23 | ov_023 | 5.608734253581739 × 10^292 |
| 24 | ov_024 | 3.478132512083008 × 10^292 |
| 25 | ov_025 | 2.0369294435366754 × 10^292 |
| 26 | ov_026 | 1.1118672200074279 × 10^292 |
| 27 | ov_027 | 5.5601639202786184 × 10^291 |
| 28 | ov_028 | 2.4877232132968195 × 10^291 |
| 29 | ov_029 | 9.585396062674179 × 10^290 |
| 30 | ov_030 | 2.930353392595369 × 10^290 |
| 31 | ov_031 | 5.716054603294679 × 10^289 |
| 32 | lv_80_m31 | 1.1148478342306081 × 10^289 |
| 33 | ov_033 | 1.3334881986124922 × 10^290 |
| 34 | ov_034 | 1.15644644117598 × 10^290 |
| 35 | ov_035 | 9.98083252308533 × 10^289 |
| 36 | ov_036 | 8.568170077277723 × 10^289 |
| 37 | ov_037 | 7.311506811297593 × 10^289 |
| 38 | ov_038 | 6.196658976967075 × 10^289 |
| 39 | ov_039 | 5.210178140370372 × 10^289 |
| 40 | ov_040 | 4.3393074209970146 × 10^289 |
| 41 | ov_041 | 3.577836236859676 × 10^289 |
| 42 | ov_042 | 2.91987274746223 × 10^289 |
| 43 | ov_043 | 2.359829672380115 × 10^289 |
| 44 | ov_044 | 1.8874014176240582 × 10^289 |
| 45 | ov_045 | 1.49284125835593 × 10^289 |
| 46 | ov_046 | 1.1669475517880807 × 10^289 |
| 47 | ov_047 | 9.010529008295786 × 10^288 |
| 48 | ov_048 | 6.87015789241425 × 10^288 |
| 49 | ov_049 | 5.172142460579894 × 10^288 |
| 50 | ov_050 | 3.845411333427483 × 10^288 |
| 51 | ov_051 | 2.824006871241182 × 10^288 |
| 52 | ov_052 | 2.0470599327947007 × 10^288 |
| 53 | ov_053 | 1.4587716268940042 × 10^288 |
| 54 | ov_054 | 1.0084004583083984 × 10^288 |
| 55 | ov_055 | 6.718387174322196 × 10^287 |
| 56 | ov_056 | 4.2750131788719075 × 10^287 |
| 57 | ov_057 | 2.56323646460703 × 10^287 |
| 58 | ov_058 | 1.4176031396611928 × 10^287 |
| 59 | ov_059 | 6.978449177134034 × 10^286 |
| 60 | ov_060 | 2.888760390892876 × 10^286 |
| 61 | ov_061 | 1.0079213555465183 × 10^286 |
| 62 | ov_062 | 2.761754243008512 × 10^285 |
| 63 | ov_063 | 5.3761876626953664 × 10^284 |
| 64 | lv_79_m31 | 1.0463188925049595 × 10^284 |
| 65 | ov_065 | 1.23809818728733 × 10^285 |
| 66 | ov_066 | 1.2380940993062088 × 10^285 |
| 67 | ov_067 | 1.238093098725921 × 10^285 |
| 68 | ov_068 | 1.0670792556165863 × 10^285 |
| 69 | ov_069 | 9.148891357745583 × 10^284 |
| 70 | ov_070 | 7.799747960811004 × 10^284 |
| 71 | ov_071 | 6.608835871880826 × 10^284 |
| 72 | ov_072 | 5.562516978069468 × 10^284 |
| 73 | ov_073 | 4.64798268715223 × 10^284 |
| 74 | ov_074 | 3.8532004665491486 × 10^284 |
| 75 | ov_075 | 3.166865493912952 × 10^284 |
| 76 | ov_076 | 2.57835714090782 × 10^284 |
| 77 | ov_077 | 2.077700018903074 × 10^284 |
| 78 | ov_078 | 1.6555293209387943 × 10^284 |
| 79 | ov_079 | 1.30306019868993 × 10^284 |
| 80 | ov_080 | 1.0120609164853277 × 10^284 |
| 81 | ov_081 | 7.748295269337621 × 10^283 |
| 82 | ov_082 | 5.841738145563721 × 10^283 |
| 83 | ov_083 | 4.333942551815104 × 10^283 |
| 84 | ov_084 | 3.1626973984453154 × 10^283 |
| 85 | ov_085 | 2.2704581263769954 × 10^283 |
| 86 | ov_086 | 1.6042517243938338 × 10^283 |
| 87 | ov_087 | 1.115601887709333 × 10^283 |
| 88 | ov_088 | 7.604718222912792 × 10^282 |
| 89 | ov_089 | 4.9922220058269256 × 10^282 |
| 90 | ov_090 | 3.131283389154688 × 10^282 |
| 91 | ov_091 | 1.8564367325104018 × 10^282 |
| 92 | ov_092 | 1.0239237737512466 × 10^282 |
| 93 | ov_093 | 5.116521433587697 × 10^281 |
| 94 | ov_094 | 2.1917498541503657 × 10^281 |
| 95 | aaa_78_28 | 6.768264032871822 × 10^280 |
| 96 | aaa_78_29 | 2.078728906538295 × 10^280 |
| 97 | ov_097 | 1.3730844766445953 × 10^280 |
| 98 | ov_098 | 1.3730435247596409 × 10^280 |
| 99 | ov_099 | 1.3730304585293607 × 10^280 |
| 100 | ov_100 | 1.2357180257121642 × 10^280 |
| 101 | ov_101 | 1.1085042071272014 × 10^280 |
| 102 | ov_102 | 9.908398282866689 × 10^279 |
| 103 | ov_103 | 8.822158029009641 × 10^279 |
| 104 | ov_104 | 7.82157774023371 × 10^279 |
| 105 | ov_105 | 6.902212549879203 × 10^279 |
| 106 | ov_106 | 6.059872449791676 × 10^279 |
| 107 | ov_107 | 5.290582948734132 × 10^279 |
| 108 | ov_108 | 4.59054999613037 × 10^279 |
| 109 | ov_109 | 3.9561289384742594 × 10^279 |
| 110 | ov_110 | 3.383797279204257 × 10^279 |
| 111 | ov_111 | 2.87013101529368 × 10^279 |
| 112 | ov_112 | 2.4117843254670722 × 10^279 |
| 113 | ov_113 | 2.0054723860259545 × 10^279 |
| 114 | ov_114 | 1.647957090937908 × 10^279 |
| 115 | ov_115 | 1.336035453266164 × 10^279 |
| 116 | ov_116 | 1.0665304653018823 × 10^279 |
| 117 | ov_117 | 8.362841949667286 × 10^278 |
| 118 | ov_118 | 6.4215268611541034 × 10^278 |
| 119 | ov_119 | 4.8100204814438464 × 10^278 |
| 120 | ov_120 | 3.497053859848399 × 10^278 |
| 121 | ov_121 | 2.4514045943828037 × 10^278 |
| 122 | ov_122 | 1.641879608284441 × 10^278 |
| 123 | ov_123 | 1.0373029994904483 × 10^278 |
| 124 | ov_124 | 6.065078528662281 × 10^277 |
| 125 | ov_125 | 3.1833117390383783 × 10^277 |
| 126 | ov_126 | 1.4161130784721331 × 10^277 |
| 127 | aaa_77_28 | 4.51869504870265 × 10^276 |
| 128 | aaa_77_29 | 1.6922026060933162 × 10^276 |
| 129 | ov_129 | 1.5484512944603966 × 10^276 |
| 130 | ov_130 | 1.5484465488695515 × 10^276 |
| 131 | ov_131 | 1.5484454040533096 × 10^276 |
| 132 | ov_132 | 1.338132207147256 × 10^276 |
| 133 | ov_133 | 1.1501978118349717 × 10^276 |
| 134 | ov_134 | 9.829402423366776 × 10^275 |
| 135 | ov_135 | 8.347459984345548 × 10^275 |
| 136 | ov_136 | 7.04083695619018 × 10^275 |
| 137 | ov_137 | 5.894986598708406 × 10^275 |
| 138 | ov_138 | 4.896083805442239 × 10^275 |
| 139 | ov_139 | 4.030987296130418 × 10^275 |
| 140 | ov_140 | 3.2872086022879816 × 10^275 |
| 141 | ov_141 | 2.6528870214403248 × 10^275 |
| 142 | ov_142 | 2.1167697610284256 × 10^275 |
| 143 | ov_143 | 1.6681965380919698 × 10^275 |
| 144 | ov_144 | 1.2970879456703486 × 10^275 |
| 145 | ov_145 | 9.939369415258905 × 10^274 |
| 146 | ov_146 | 7.49802859341754 × 10^274 |
| 147 | ov_147 | 5.56307387008928 × 10^274 |
| 148 | ov_148 | 4.056320010120869 × 10^274 |
| 149 | ov_149 | 2.905163902676433 × 10^274 |
| 150 | ov_150 | 2.0425746793426087 × 10^274 |
| 151 | ov_151 | 1.4070869191144218 × 10^274 |
| 152 | ov_152 | 9.427956205250307 × 10^273 |
| 153 | ov_153 | 5.993525110442953 × 10^273 |
| 154 | ov_154 | 3.5297225198200644 × 10^273 |
| 155 | ov_155 | 1.8264605691113762 × 10^273 |
| 156 | aaa_76_25 | 7.014108281242011 × 10^272 |
| 157 | aaa_76_26 | 4.045911416113838 × 10^272 |
| 158 | aaa_76_27 | 2.0683767480811277 × 10^272 |
| 159 | aaa_76_28 | 8.039757730030667 × 10^271 |
| 160 | aaa_76_29 | 2.440831687330852 × 10^271 |

### Output Bits Sorted by Complexity

| Rank | Output Bit | Complexity |
|:----:|:----------:|:----------:|
| 160 | aaa_76_29 | 2.440831687330852 × 10^271 |
| 159 | aaa_76_28 | 8.039757730030667 × 10^271 |
| 158 | aaa_76_27 | 2.0683767480811277 × 10^272 |
| 157 | aaa_76_26 | 4.045911416113838 × 10^272 |
| 156 | aaa_76_25 | 7.014108281242011 × 10^272 |
| 155 | ov_155 | 1.8264605691113762 × 10^273 |
| 154 | ov_154 | 3.5297225198200644 × 10^273 |
| 153 | ov_153 | 5.993525110442953 × 10^273 |
| 152 | ov_152 | 9.427956205250307 × 10^273 |
| 151 | ov_151 | 1.4070869191144218 × 10^274 |
| 150 | ov_150 | 2.0425746793426087 × 10^274 |
| 149 | ov_149 | 2.905163902676433 × 10^274 |
| 148 | ov_148 | 4.056320010120869 × 10^274 |
| 147 | ov_147 | 5.56307387008928 × 10^274 |
| 146 | ov_146 | 7.49802859341754 × 10^274 |
| 145 | ov_145 | 9.939369415258905 × 10^274 |
| 144 | ov_144 | 1.2970879456703486 × 10^275 |
| 143 | ov_143 | 1.6681965380919698 × 10^275 |
| 142 | ov_142 | 2.1167697610284256 × 10^275 |
| 141 | ov_141 | 2.6528870214403248 × 10^275 |
| 140 | ov_140 | 3.2872086022879816 × 10^275 |
| 139 | ov_139 | 4.030987296130418 × 10^275 |
| 138 | ov_138 | 4.896083805442239 × 10^275 |
| 137 | ov_137 | 5.894986598708406 × 10^275 |
| 136 | ov_136 | 7.04083695619018 × 10^275 |
| 135 | ov_135 | 8.347459984345548 × 10^275 |
| 134 | ov_134 | 9.829402423366776 × 10^275 |
| 133 | ov_133 | 1.1501978118349717 × 10^276 |
| 132 | ov_132 | 1.338132207147256 × 10^276 |
| 131 | ov_131 | 1.5484454040533096 × 10^276 |
| 130 | ov_130 | 1.5484465488695515 × 10^276 |
| 129 | ov_129 | 1.5484512944603966 × 10^276 |
| 128 | aaa_77_29 | 1.6922026060933162 × 10^276 |
| 127 | aaa_77_28 | 4.51869504870265 × 10^276 |
| 126 | ov_126 | 1.4161130784721331 × 10^277 |
| 125 | ov_125 | 3.1833117390383783 × 10^277 |
| 124 | ov_124 | 6.065078528662281 × 10^277 |
| 123 | ov_123 | 1.0373029994904483 × 10^278 |
| 122 | ov_122 | 1.641879608284441 × 10^278 |
| 121 | ov_121 | 2.4514045943828037 × 10^278 |
| 120 | ov_120 | 3.497053859848399 × 10^278 |
| 119 | ov_119 | 4.8100204814438464 × 10^278 |
| 118 | ov_118 | 6.4215268611541034 × 10^278 |
| 117 | ov_117 | 8.362841949667286 × 10^278 |
| 116 | ov_116 | 1.0665304653018823 × 10^279 |
| 115 | ov_115 | 1.336035453266164 × 10^279 |
| 114 | ov_114 | 1.647957090937908 × 10^279 |
| 113 | ov_113 | 2.0054723860259545 × 10^279 |
| 112 | ov_112 | 2.4117843254670722 × 10^279 |
| 111 | ov_111 | 2.87013101529368 × 10^279 |
| 110 | ov_110 | 3.383797279204257 × 10^279 |
| 109 | ov_109 | 3.9561289384742594 × 10^279 |
| 108 | ov_108 | 4.59054999613037 × 10^279 |
| 107 | ov_107 | 5.290582948734132 × 10^279 |
| 106 | ov_106 | 6.059872449791676 × 10^279 |
| 105 | ov_105 | 6.902212549879203 × 10^279 |
| 104 | ov_104 | 7.82157774023371 × 10^279 |
| 103 | ov_103 | 8.822158029009641 × 10^279 |
| 102 | ov_102 | 9.908398282866689 × 10^279 |
| 101 | ov_101 | 1.1085042071272014 × 10^280 |
| 100 | ov_100 | 1.2357180257121642 × 10^280 |
| 99 | ov_099 | 1.3730304585293607 × 10^280 |
| 98 | ov_098 | 1.3730435247596409 × 10^280 |
| 97 | ov_097 | 1.3730844766445953 × 10^280 |
| 96 | aaa_78_29 | 2.078728906538295 × 10^280 |
| 95 | aaa_78_28 | 6.768264032871822 × 10^280 |
| 94 | ov_094 | 2.1917498541503657 × 10^281 |
| 93 | ov_093 | 5.116521433587697 × 10^281 |
| 92 | ov_092 | 1.0239237737512466 × 10^282 |
| 91 | ov_091 | 1.8564367325104018 × 10^282 |
| 90 | ov_090 | 3.131283389154688 × 10^282 |
| 89 | ov_089 | 4.9922220058269256 × 10^282 |
| 88 | ov_088 | 7.604718222912792 × 10^282 |
| 87 | ov_087 | 1.115601887709333 × 10^283 |
| 86 | ov_086 | 1.6042517243938338 × 10^283 |
| 85 | ov_085 | 2.2704581263769954 × 10^283 |
| 84 | ov_084 | 3.1626973984453154 × 10^283 |
| 83 | ov_083 | 4.333942551815104 × 10^283 |
| 82 | ov_082 | 5.841738145563721 × 10^283 |
| 81 | ov_081 | 7.748295269337621 × 10^283 |
| 80 | ov_080 | 1.0120609164853277 × 10^284 |
| 64 | lv_79_m31 | 1.0463188925049595 × 10^284 |
| 79 | ov_079 | 1.30306019868993 × 10^284 |
| 78 | ov_078 | 1.6555293209387943 × 10^284 |
| 77 | ov_077 | 2.077700018903074 × 10^284 |
| 76 | ov_076 | 2.57835714090782 × 10^284 |
| 75 | ov_075 | 3.166865493912952 × 10^284 |
| 74 | ov_074 | 3.8532004665491486 × 10^284 |
| 73 | ov_073 | 4.64798268715223 × 10^284 |
| 63 | ov_063 | 5.3761876626953664 × 10^284 |
| 72 | ov_072 | 5.562516978069468 × 10^284 |
| 71 | ov_071 | 6.608835871880826 × 10^284 |
| 70 | ov_070 | 7.799747960811004 × 10^284 |
| 69 | ov_069 | 9.148891357745583 × 10^284 |
| 68 | ov_068 | 1.0670792556165863 × 10^285 |
| 67 | ov_067 | 1.238093098725921 × 10^285 |
| 66 | ov_066 | 1.2380940993062088 × 10^285 |
| 65 | ov_065 | 1.23809818728733 × 10^285 |
| 62 | ov_062 | 2.761754243008512 × 10^285 |
| 61 | ov_061 | 1.0079213555465183 × 10^286 |
| 60 | ov_060 | 2.888760390892876 × 10^286 |
| 59 | ov_059 | 6.978449177134034 × 10^286 |
| 58 | ov_058 | 1.4176031396611928 × 10^287 |
| 57 | ov_057 | 2.56323646460703 × 10^287 |
| 56 | ov_056 | 4.2750131788719075 × 10^287 |
| 55 | ov_055 | 6.718387174322196 × 10^287 |
| 54 | ov_054 | 1.0084004583083984 × 10^288 |
| 53 | ov_053 | 1.4587716268940042 × 10^288 |
| 52 | ov_052 | 2.0470599327947007 × 10^288 |
| 51 | ov_051 | 2.824006871241182 × 10^288 |
| 50 | ov_050 | 3.845411333427483 × 10^288 |
| 49 | ov_049 | 5.172142460579894 × 10^288 |
| 48 | ov_048 | 6.87015789241425 × 10^288 |
| 47 | ov_047 | 9.010529008295786 × 10^288 |
| 32 | lv_80_m31 | 1.1148478342306081 × 10^289 |
| 46 | ov_046 | 1.1669475517880807 × 10^289 |
| 45 | ov_045 | 1.49284125835593 × 10^289 |
| 44 | ov_044 | 1.8874014176240582 × 10^289 |
| 43 | ov_043 | 2.359829672380115 × 10^289 |
| 42 | ov_042 | 2.91987274746223 × 10^289 |
| 41 | ov_041 | 3.577836236859676 × 10^289 |
| 40 | ov_040 | 4.3393074209970146 × 10^289 |
| 39 | ov_039 | 5.210178140370372 × 10^289 |
| 31 | ov_031 | 5.716054603294679 × 10^289 |
| 38 | ov_038 | 6.196658976967075 × 10^289 |
| 37 | ov_037 | 7.311506811297593 × 10^289 |
| 36 | ov_036 | 8.568170077277723 × 10^289 |
| 35 | ov_035 | 9.98083252308533 × 10^289 |
| 34 | ov_034 | 1.15644644117598 × 10^290 |
| 33 | ov_033 | 1.3334881986124922 × 10^290 |
| 30 | ov_030 | 2.930353392595369 × 10^290 |
| 29 | ov_029 | 9.585396062674179 × 10^290 |
| 28 | ov_028 | 2.4877232132968195 × 10^291 |
| 27 | ov_027 | 5.5601639202786184 × 10^291 |
| 26 | ov_026 | 1.1118672200074279 × 10^292 |
| 25 | ov_025 | 2.0369294435366754 × 10^292 |
| 24 | ov_024 | 3.478132512083008 × 10^292 |
| 23 | ov_023 | 5.608734253581739 × 10^292 |
| 22 | ov_022 | 8.801587286245166 × 10^292 |
| 21 | ov_021 | 1.3482235411831538 × 10^293 |
| 20 | ov_020 | 2.012896081715437 × 10^293 |
| 19 | ov_019 | 2.927286124674375 × 10^293 |
| 18 | ov_018 | 4.149796736118177 × 10^293 |
| 17 | ov_017 | 5.744141251046668 × 10^293 |
| 16 | ov_016 | 7.779366916700363 × 10^293 |
| 15 | ov_015 | 1.0329886827888433 × 10^294 |
| 14 | ov_014 | 1.3475522223238426 × 10^294 |
| 13 | ov_013 | 1.730155816173537 × 10^294 |
| 12 | ov_012 | 2.1898816625586006 × 10^294 |
| 11 | ov_011 | 2.736375171649999 × 10^294 |
| 10 | ov_010 | 3.379857201895809 × 10^294 |
| 9 | ov_009 | 4.131139561229451 × 10^294 |
| 8 | ov_008 | 5.001644362412666 × 10^294 |
| 7 | ov_007 | 6.003427863170958 × 10^294 |
| 6 | ov_006 | 7.149209463633266 × 10^294 |
| 5 | ov_005 | 8.45240657603828 × 10^294 |
| 4 | ov_004 | 9.927176124897643 × 10^294 |
| 3 | ov_003 | 1.1588463427084836 × 10^295 |
| 2 | ov_002 | 1.3452059085032163 × 10^295 |
| 1 | ov_001 | 1.5534664402582544 × 10^295 |

