# Results for F001-F002-F003-F004-F005-F006-F007-F008-F009-F010-F011-F012-F013-F014-F015-F016-F017-F018-F019-F020-F021-F022-F023-F024-F025-F026-F027-F028-F029-F030-F031-F032-F033-F034-F035-F036-F037-F038-F039-F040-F041-F042-F043-F044-F045-F046-F047-F048-F049-F050-F051-F052-F053-F054-F055-F056-F057-F058-F059-F060-F061-F062-F063-F064-F065-F066-F067-F068-F069-F070-F071-F072-F073-F074-F075-F076-F077-F078-F079-F080-F081-F082-F083-F084-F085-F086-F087-F088-F089-F090-F091-F092-F093-F094-F095-F096-F097-F098-F099-F100-F101-F102-F103-F104-F105-F106-F107-F108-F109-F110-F111-F112-F113-F114-F115-F116-F117-F118-F119-F120-F121-F122-F123-F124-F125-F126-F127-F128-F129-F130-F131-F132-F133-F134-F135-F136-F137-F138-F139-F140-F141-F142-F143-F144-F145-F146-F147-F148-F149-F150-F151-F152-F153-F154-F155-F156-F157-F158-F159-F160-F161-F162-F163-F164-F165-F166-F167-F168-F169-F170-F171-F172-F173-F174-F175-F176-F177-F178-F179-F180-F181-F182-F183-F184-F185-F186-F187-F188-F189-F190-F191-F192-F193-F194-F195-F196-F197-F198-F199-F200-F201-F202-F203-F204-F205-F206-F207-F208-F209-F210-F211-F212-F213-F214-F215-F216-F217-F218-F219-F220-F221-F222-F223-F224-F225-F226-F227-F228-F229-F230-F231-F232-F233-F234-F235-F236-F237-F238-F239-F240-F241-F242-F243-F244-F245-F246-F247-F248-F249-F250-F251-F252-F253-F254-F255-F256-F257-F258-F259-F260-F261-F262-F263-F264-F265-F266-F267-F268-F269-F270-F271-F272-F273-F274-F275-F276-F277-F278-F279-F280-F281-F282-F283-F284-F285-F286-F287-F288-F289-F290-F291-F292-F293-F294-F295-F296-F297-F298-F299-F300-F301-F302-F303-F304-F305-F306-F307-F308-F309-F310-F311-F312-F313-F314-F315-F316-F317-F318-F319-F320-F321-F322-F323-F324-F325-F326-F327-F328-F329-F330-F331-F332-F333-F334-F335-F336-F337-F338-F339-F340-F341-F342-F343-F344-F345-F346-F347-F348-F349-F350-F351-F352-F353-F354-F355-F356-F357-F358-F359-F360-F361-F362-F363-F364-F365-F366-F367-F368-F369-F370-F371-F372-F373-F374-F375-F376-F377-F378-F379-F380-F381-F382-F383-F384-F385-F386-F387-F388-F389-F390-F391-F392-F393-F394-F395-F396-F397-F398-F399-F400-F401-F402-F403-F404-F405-F406-F407-F408-F409-F410-F411-F412-F413-F414-F415-F416-F417-F418-F419-F420-F421-F422-F423-F424-F425-F426-F427-F428-F429-F430-F431-F432-F433-F434-F435-F436-F437-F438-F439-F440-F441-F442-F443-F444-F445-F446-F447-F448-F449-F450-F451-F452-F453-F454-F455-F456-F457-F458-F459-F460-F461-F462-F463-F464-F465-F466-F467-F468-F469-F470-F471-F472-F473-F474-F475-F476-F477-F478-F479-F480-F481-F482-F483-F484-F485-F486-F487-F488-F489-F490-F491-F492-F493-F494-F495-F496-E499505-T508-F509-F510-F511-F512

## Summary

Number of input bits: 512  
Number of free input bits: 10  
Number of output bits: 160

Number of direct occurrences: 41074  
Number of assignments: 31353  
Number of operations: 11724649
(xor: 11695671,
and: 15673,
or: 13305)

Total complexity: 1.1841401635478656 × 10^305

Least occurring input variable: iv_504 (3960)  
Most occurring input variable: iv_507 (4334)

Most co-occurring input variables: iv_506-iv_507 (2109)  
Least co-occurring input variables: iv_497-iv_504 (1782)

Potentially most occurring input variable: iv_503/iv_507 (4500)  
Potentially least occurring input variable: iv_500/iv_501 (4176)

Least output occurring input variable: iv_500 (68)  
Most output occurring input variable: iv_506 (88)

Most output co-occurring input variables: iv_501-iv_504 (50)  
Least output co-occurring input variables: iv_500-iv_507 (28)

Potentially most output occurring input variable: iv_502/iv_507 (94)  
Potentially least output occurring input variable: iv_498/iv_502 (69)

Least complex input bit: iv_497 (4.8467076556572725 × 10^302)  
Most complex input bit: iv_499 (3.348463833865976 × 10^304)

Least complex output bit: aaa_76_29 (4.100703834884883 × 10^279)  
Most complex output bit: ov_001 (1.9107283999786045 × 10^304)

Least complex input/output complexity: iv_497/aaa_76_29 (1.678425686581844 × 10^277)  
Most complex input/output complexity: iv_499/ov_001 (5.403080767482406 × 10^303)

## Input Bits

### Input Bits in Regular Order

| Input Bit | Complexity | Occurrences | Output Occurrences |
|:---------:|:----------:|:-----------:|:------------------:|
| iv_497 | 4.8467076556572725 × 10^302 | 4030 | 81 |
| iv_498 | 9.70026197353693 × 10^302 | 4046 | 83 |
| iv_499 | 3.348463833865976 × 10^304 | 4314 | 83 |
| iv_500 | 3.0005278905220193 × 10^303 | 3969 | 68 |
| iv_501 | 5.033031351776716 × 10^303 | 3993 | 83 |
| iv_502 | 8.238102279961601 × 10^303 | 4020 | 80 |
| iv_503 | 1.3198377195585576 × 10^304 | 4158 | 79 |
| iv_504 | 2.0674063396854127 × 10^304 | 3960 | 87 |
| iv_506 | 1.6092433381389628 × 10^304 | 4250 | 88 |
| iv_507 | 1.7238145557118008 × 10^304 | 4334 | 76 |

### Input Bits Sorted by Complexity

| Input Bit | Complexity | Occurrences | Output Occurrences |
|:---------:|:----------:|:-----------:|:------------------:|
| iv_497 | 4.8467076556572725 × 10^302 | 4030 | 81 |
| iv_498 | 9.70026197353693 × 10^302 | 4046 | 83 |
| iv_500 | 3.0005278905220193 × 10^303 | 3969 | 68 |
| iv_501 | 5.033031351776716 × 10^303 | 3993 | 83 |
| iv_502 | 8.238102279961601 × 10^303 | 4020 | 80 |
| iv_503 | 1.3198377195585576 × 10^304 | 4158 | 79 |
| iv_506 | 1.6092433381389628 × 10^304 | 4250 | 88 |
| iv_507 | 1.7238145557118008 × 10^304 | 4334 | 76 |
| iv_504 | 2.0674063396854127 × 10^304 | 3960 | 87 |
| iv_499 | 3.348463833865976 × 10^304 | 4314 | 83 |

### Input Bits Sorted by Occurrences

| Input Bit | Complexity | Occurrences | Output Occurrences |
|:---------:|:----------:|:-----------:|:------------------:|
| iv_504 | 2.0674063396854127 × 10^304 | 3960 | 87 |
| iv_500 | 3.0005278905220193 × 10^303 | 3969 | 68 |
| iv_501 | 5.033031351776716 × 10^303 | 3993 | 83 |
| iv_502 | 8.238102279961601 × 10^303 | 4020 | 80 |
| iv_497 | 4.8467076556572725 × 10^302 | 4030 | 81 |
| iv_498 | 9.70026197353693 × 10^302 | 4046 | 83 |
| iv_503 | 1.3198377195585576 × 10^304 | 4158 | 79 |
| iv_506 | 1.6092433381389628 × 10^304 | 4250 | 88 |
| iv_499 | 3.348463833865976 × 10^304 | 4314 | 83 |
| iv_507 | 1.7238145557118008 × 10^304 | 4334 | 76 |

### Input Bits Sorted by Output Occurrences

| Input Bit | Complexity | Occurrences | Output Occurrences |
|:---------:|:----------:|:-----------:|:------------------:|
| iv_500 | 3.0005278905220193 × 10^303 | 3969 | 68 |
| iv_507 | 1.7238145557118008 × 10^304 | 4334 | 76 |
| iv_503 | 1.3198377195585576 × 10^304 | 4158 | 79 |
| iv_502 | 8.238102279961601 × 10^303 | 4020 | 80 |
| iv_497 | 4.8467076556572725 × 10^302 | 4030 | 81 |
| iv_498 | 9.70026197353693 × 10^302 | 4046 | 83 |
| iv_501 | 5.033031351776716 × 10^303 | 3993 | 83 |
| iv_499 | 3.348463833865976 × 10^304 | 4314 | 83 |
| iv_504 | 2.0674063396854127 × 10^304 | 3960 | 87 |
| iv_506 | 1.6092433381389628 × 10^304 | 4250 | 88 |

## Input Bit Co-occurrences

### Input Bit Co-occurrences Sorted by Co-occurrences

| Input Bits | Co-occurrences | Potential Occurrences | Output Co-occurrences | Potential Output Occurrences |
|:----------:|:--------------:|:---------------------:|:---------------------:|:----------------------------:|
| iv_506-iv_507 | 2109 | 4366 | 45 | 74 |
| iv_499-iv_507 | 2093 | 4462 | 35 | 89 |
| iv_499-iv_506 | 2032 | 4500 | 42 | 87 |
| iv_498-iv_499 | 2019 | 4322 | 42 | 82 |
| iv_498-iv_506 | 2019 | 4258 | 43 | 85 |
| iv_499-iv_504 | 1999 | 4276 | 47 | 76 |
| iv_499-iv_503 | 1999 | 4474 | 39 | 84 |
| iv_499-iv_502 | 1997 | 4340 | 44 | 75 |
| iv_503-iv_507 | 1996 | 4500 | 35 | 85 |
| iv_497-iv_507 | 1984 | 4396 | 41 | 75 |

### Input Bit Co-occurrences Sorted by Potential Occurrences

| Input Bits | Co-occurrences | Potential Occurrences | Output Co-occurrences | Potential Output Occurrences |
|:----------:|:--------------:|:---------------------:|:---------------------:|:----------------------------:|
| iv_500-iv_501 | 1893 | 4176 | 37 | 77 |
| iv_497-iv_502 | 1937 | 4176 | 39 | 83 |
| iv_500-iv_504 | 1857 | 4215 | 40 | 75 |
| iv_498-iv_504 | 1889 | 4228 | 48 | 74 |
| iv_498-iv_500 | 1892 | 4231 | 33 | 85 |
| iv_502-iv_503 | 1973 | 4232 | 41 | 77 |
| iv_501-iv_504 | 1854 | 4245 | 50 | 70 |
| iv_501-iv_503 | 1949 | 4253 | 43 | 76 |
| iv_498-iv_506 | 2019 | 4258 | 43 | 85 |
| iv_499-iv_504 | 1999 | 4276 | 47 | 76 |

### Input Bit Output Co-occurrences Sorted by Output Co-occurrences

| Input Bits | Co-occurrences | Potential Occurrences | Output Co-occurrences | Potential Output Occurrences |
|:----------:|:--------------:|:---------------------:|:---------------------:|:----------------------------:|
| iv_501-iv_504 | 1854 | 4245 | 50 | 70 |
| iv_498-iv_504 | 1889 | 4228 | 48 | 74 |
| iv_503-iv_504 | 1887 | 4344 | 48 | 70 |
| iv_497-iv_506 | 1939 | 4402 | 47 | 75 |
| iv_502-iv_506 | 1928 | 4414 | 47 | 74 |
| iv_498-iv_502 | 1840 | 4386 | 47 | 69 |
| iv_499-iv_504 | 1999 | 4276 | 47 | 76 |
| iv_504-iv_506 | 1928 | 4354 | 46 | 83 |
| iv_499-iv_501 | 1935 | 4437 | 46 | 74 |
| iv_506-iv_507 | 2109 | 4366 | 45 | 74 |

### Input Bit Output Co-occurrences Sorted by Potential Output Occurrences

| Input Bits | Co-occurrences | Potential Occurrences | Output Co-occurrences | Potential Output Occurrences |
|:----------:|:--------------:|:---------------------:|:---------------------:|:----------------------------:|
| iv_498-iv_502 | 1840 | 4386 | 47 | 69 |
| iv_503-iv_504 | 1887 | 4344 | 48 | 70 |
| iv_501-iv_504 | 1854 | 4245 | 50 | 70 |
| iv_500-iv_503 | 1898 | 4331 | 38 | 71 |
| iv_498-iv_504 | 1889 | 4228 | 48 | 74 |
| iv_506-iv_507 | 2109 | 4366 | 45 | 74 |
| iv_502-iv_506 | 1928 | 4414 | 47 | 74 |
| iv_497-iv_501 | 1788 | 4447 | 45 | 74 |
| iv_499-iv_501 | 1935 | 4437 | 46 | 74 |
| iv_498-iv_507 | 1977 | 4426 | 42 | 75 |

## Output Bits

### Output Bits in Regular Order

| Rank | Output Bit | Complexity |
|:----:|:----------:|:----------:|
| 1 | ov_001 | 1.9107283999786045 × 10^304 |
| 2 | ov_002 | 1.6545708414033217 × 10^304 |
| 3 | ov_003 | 1.4253515338955083 × 10^304 |
| 4 | ov_004 | 1.221016154114796 × 10^304 |
| 5 | ov_005 | 1.0396224032827059 × 10^304 |
| 6 | ov_006 | 8.793319611936054 × 10^303 |
| 7 | ov_007 | 7.384034883279116 × 10^303 |
| 8 | ov_008 | 6.151866133947464 × 10^303 |
| 9 | ov_009 | 5.0811682843591954 × 10^303 |
| 10 | ov_010 | 4.157111993301801 × 10^303 |
| 11 | ov_011 | 3.365647984692443 × 10^303 |
| 12 | ov_012 | 2.693477716957444 × 10^303 |
| 13 | ov_013 | 2.1280295681438087 × 10^303 |
| 14 | ov_014 | 1.6574397613396713 × 10^303 |
| 15 | ov_015 | 1.2705373058820602 × 10^303 |
| 16 | ov_016 | 9.568322803153206 × 10^302 |
| 17 | ov_017 | 7.0650683324354825 × 10^302 |
| 18 | ov_018 | 5.104083281795716 × 10^302 |
| 19 | ov_019 | 3.6004413484194197 × 10^302 |
| 20 | ov_020 | 2.475776955879264 × 10^302 |
| 21 | ov_021 | 1.6582561254257217 × 10^302 |
| 22 | ov_022 | 1.0825555542758852 × 10^302 |
| 23 | ov_023 | 6.898481487245033 × 10^301 |
| 24 | ov_024 | 4.277935075891025 × 10^301 |
| 25 | ov_025 | 2.5053209913986383 × 10^301 |
| 26 | ov_026 | 1.3675384242666268 × 10^301 |
| 27 | ov_027 | 6.838696644147852 × 10^300 |
| 28 | ov_028 | 3.0597569351746 × 10^300 |
| 29 | ov_029 | 1.1789467632161925 × 10^300 |
| 30 | ov_030 | 3.6041565132475714 × 10^299 |
| 31 | ov_031 | 7.030394833595913 × 10^298 |
| 32 | lv_80_m31 | 1.3711937282709956 × 10^298 |
| 33 | ov_033 | 1.6402841611893697 × 10^299 |
| 34 | ov_034 | 1.422521629781249 × 10^299 |
| 35 | ov_035 | 1.2277390811032995 × 10^299 |
| 36 | ov_036 | 1.0539884696725619 × 10^299 |
| 37 | ov_037 | 8.994264776651844 × 10^298 |
| 38 | ov_038 | 7.623071048267253 × 10^298 |
| 39 | ov_039 | 6.409752752754458 × 10^298 |
| 40 | ov_040 | 5.338613638050317 × 10^298 |
| 41 | ov_041 | 4.4020129077344777 × 10^298 |
| 42 | ov_042 | 3.592703146910389 × 10^298 |
| 43 | ov_043 | 2.903812529272865 × 10^298 |
| 44 | ov_044 | 2.3226680284755282 × 10^298 |
| 45 | ov_045 | 1.8372846973449896 × 10^298 |
| 46 | ov_046 | 1.4363483572428042 × 10^298 |
| 47 | ov_047 | 1.1092020001814934 × 10^298 |
| 48 | ov_048 | 8.458353027597754 × 10^297 |
| 49 | ov_049 | 6.368766956008618 × 10^297 |
| 50 | ov_050 | 4.7358747647800474 × 10^297 |
| 51 | ov_051 | 3.478574997222093 × 10^297 |
| 52 | ov_052 | 2.522020397562226 × 10^297 |
| 53 | ov_053 | 1.7975953084591875 × 10^297 |
| 54 | ov_054 | 1.242899810804316 × 10^297 |
| 55 | ov_055 | 8.282862662032119 × 10^296 |
| 56 | ov_056 | 5.272074523361263 × 10^296 |
| 57 | ov_057 | 3.162139489620376 × 10^296 |
| 58 | ov_058 | 1.749526316292406 × 10^296 |
| 59 | ov_059 | 8.616587910213271 × 10^295 |
| 60 | ov_060 | 3.5691209172446333 × 10^295 |
| 61 | ov_061 | 1.2461145730958593 × 10^295 |
| 62 | ov_062 | 3.416602332800031 × 10^294 |
| 63 | ov_063 | 6.655411879945567 × 10^293 |
| 64 | lv_79_m31 | 1.2961371415022667 × 10^293 |
| 65 | ov_065 | 1.5334528850100232 × 10^294 |
| 66 | ov_066 | 1.5334481761425212 × 10^294 |
| 67 | ov_067 | 1.5334470399361167 × 10^294 |
| 68 | ov_068 | 1.3244058780665834 × 10^294 |
| 69 | ov_069 | 1.1376916914964716 × 10^294 |
| 70 | ov_070 | 9.71599436444181 × 10^293 |
| 71 | ov_071 | 8.245131051130934 × 10^293 |
| 72 | ov_072 | 6.948993909410436 × 10^293 |
| 73 | ov_073 | 5.813022926288535 × 10^293 |
| 74 | ov_074 | 4.823385617698131 × 10^293 |
| 75 | ov_075 | 3.966939038838826 × 10^293 |
| 76 | ov_076 | 3.231198474596075 × 10^293 |
| 77 | ov_077 | 2.6043120025740093 × 10^293 |
| 78 | ov_078 | 2.075040166593544 × 10^293 |
| 79 | ov_079 | 1.6327400428825033 × 10^293 |
| 80 | ov_080 | 1.2673530248302659 × 10^293 |
| 81 | ov_081 | 9.693956952696866 × 10^292 |
| 82 | ov_082 | 7.29953197922927 × 10^292 |
| 83 | ov_083 | 5.406745620137141 × 10^292 |
| 84 | ov_084 | 3.937694761883616 × 10^292 |
| 85 | ov_085 | 2.8200604986346445 × 10^292 |
| 86 | ov_086 | 1.9870918143340906 × 10^292 |
| 87 | ov_087 | 1.3775930770901287 × 10^292 |
| 88 | ov_088 | 9.359144821652044 × 10^291 |
| 89 | ov_089 | 6.119450267465944 × 10^291 |
| 90 | ov_090 | 3.8201317696819497 × 10^291 |
| 91 | ov_091 | 2.252133556397796 × 10^291 |
| 92 | ov_092 | 1.2340470887769362 × 10^291 |
| 93 | ov_093 | 6.121041297625711 × 10^290 |
| 94 | ov_094 | 2.601733393420004 × 10^290 |
| 95 | aaa_78_28 | 7.975888502496114 × 10^289 |
| 96 | aaa_78_29 | 2.421561158839256 × 10^289 |
| 97 | ov_097 | 1.3076319016894498 × 10^289 |
| 98 | ov_098 | 1.3076250604659834 × 10^289 |
| 99 | ov_099 | 1.307622877781514 × 10^289 |
| 100 | ov_100 | 1.1189746408115855 × 10^289 |
| 101 | ov_101 | 9.515244168844877 × 10^288 |
| 102 | ov_102 | 8.03584745437473 × 10^288 |
| 103 | ov_103 | 6.735599167082546 × 10^288 |
| 104 | ov_104 | 5.599392762328995 × 10^288 |
| 105 | ov_105 | 4.612914247211155 × 10^288 |
| 106 | ov_106 | 3.762592296328509 × 10^288 |
| 107 | ov_107 | 3.0355556904498526 × 10^288 |
| 108 | ov_108 | 2.4195973251673505 × 10^288 |
| 109 | ov_109 | 1.9031440766762858 × 10^288 |
| 110 | ov_110 | 1.475231850983508 × 10^288 |
| 111 | ov_111 | 1.1254851813433833 × 10^288 |
| 112 | ov_112 | 8.441007767279434 × 10^287 |
| 113 | ov_113 | 6.2183446180342195 × 10^287 |
| 114 | ov_114 | 4.4999098632160644 × 10^287 |
| 115 | ov_115 | 3.2041621912475972 × 10^287 |
| 116 | ov_116 | 2.2549127916418247 × 10^287 |
| 117 | ov_117 | 1.5812819307951563 × 10^287 |
| 118 | ov_118 | 1.1176670599788058 × 10^287 |
| 119 | ov_119 | 8.037194438022243 × 10^286 |
| 120 | ov_120 | 5.843273234232902 × 10^286 |
| 121 | ov_121 | 4.096042112365706 × 10^286 |
| 122 | ov_122 | 2.7433753889562217 × 10^286 |
| 123 | ov_123 | 1.733176158538912 × 10^286 |
| 124 | ov_124 | 1.0133625834609915 × 10^286 |
| 125 | ov_125 | 5.3185940416216125 × 10^285 |
| 126 | ov_126 | 2.3659361075168128 × 10^285 |
| 127 | aaa_77_28 | 7.549278244814134 × 10^284 |
| 128 | aaa_77_29 | 2.827012171584113 × 10^284 |
| 129 | ov_129 | 2.5869371024155234 × 10^284 |
| 130 | ov_130 | 2.5869291223858092 × 10^284 |
| 131 | ov_131 | 2.5869271950562618 × 10^284 |
| 132 | ov_132 | 2.235388887084575 × 10^284 |
| 133 | ov_133 | 1.9213140233890566 × 10^284 |
| 134 | ov_134 | 1.6418397972940788 × 10^284 |
| 135 | ov_135 | 1.3942543446079012 × 10^284 |
| 136 | ov_136 | 1.1759858976493959 × 10^284 |
| 137 | ov_137 | 9.845935058449103 × 10^283 |
| 138 | ov_138 | 8.177591693012235 × 10^283 |
| 139 | ov_139 | 6.73281239473104 × 10^283 |
| 140 | ov_140 | 5.49068948556933 × 10^283 |
| 141 | ov_141 | 4.431379366049579 × 10^283 |
| 142 | ov_142 | 3.5360665260879726 × 10^283 |
| 143 | ov_143 | 2.7869351297845623 × 10^283 |
| 144 | ov_144 | 2.1671470796938377 × 10^283 |
| 145 | ov_145 | 1.6608255370300124 × 10^283 |
| 146 | ov_146 | 1.253042944975801 × 10^283 |
| 147 | ov_147 | 9.298126728343238 × 10^282 |
| 148 | ov_148 | 6.780834692314806 × 10^282 |
| 149 | ov_149 | 4.857359829662768 × 10^282 |
| 150 | ov_150 | 3.415806804385913 × 10^282 |
| 151 | ov_151 | 2.3535658764032093 × 10^282 |
| 152 | ov_152 | 1.5773046124425362 × 10^282 |
| 153 | ov_153 | 1.0029620105267245 × 10^282 |
| 154 | ov_154 | 5.908248149465192 × 10^281 |
| 155 | ov_155 | 3.05812598736626 × 10^281 |
| 156 | aaa_76_25 | 1.1747679305489448 × 10^281 |
| 157 | aaa_76_26 | 6.780417687633948 × 10^280 |
| 158 | aaa_76_27 | 3.4687126132190484 × 10^280 |
| 159 | aaa_76_28 | 1.3494834842998338 × 10^280 |
| 160 | aaa_76_29 | 4.100703834884883 × 10^279 |

### Output Bits Sorted by Complexity

| Rank | Output Bit | Complexity |
|:----:|:----------:|:----------:|
| 160 | aaa_76_29 | 4.100703834884883 × 10^279 |
| 159 | aaa_76_28 | 1.3494834842998338 × 10^280 |
| 158 | aaa_76_27 | 3.4687126132190484 × 10^280 |
| 157 | aaa_76_26 | 6.780417687633948 × 10^280 |
| 156 | aaa_76_25 | 1.1747679305489448 × 10^281 |
| 155 | ov_155 | 3.05812598736626 × 10^281 |
| 154 | ov_154 | 5.908248149465192 × 10^281 |
| 153 | ov_153 | 1.0029620105267245 × 10^282 |
| 152 | ov_152 | 1.5773046124425362 × 10^282 |
| 151 | ov_151 | 2.3535658764032093 × 10^282 |
| 150 | ov_150 | 3.415806804385913 × 10^282 |
| 149 | ov_149 | 4.857359829662768 × 10^282 |
| 148 | ov_148 | 6.780834692314806 × 10^282 |
| 147 | ov_147 | 9.298126728343238 × 10^282 |
| 146 | ov_146 | 1.253042944975801 × 10^283 |
| 145 | ov_145 | 1.6608255370300124 × 10^283 |
| 144 | ov_144 | 2.1671470796938377 × 10^283 |
| 143 | ov_143 | 2.7869351297845623 × 10^283 |
| 142 | ov_142 | 3.5360665260879726 × 10^283 |
| 141 | ov_141 | 4.431379366049579 × 10^283 |
| 140 | ov_140 | 5.49068948556933 × 10^283 |
| 139 | ov_139 | 6.73281239473104 × 10^283 |
| 138 | ov_138 | 8.177591693012235 × 10^283 |
| 137 | ov_137 | 9.845935058449103 × 10^283 |
| 136 | ov_136 | 1.1759858976493959 × 10^284 |
| 135 | ov_135 | 1.3942543446079012 × 10^284 |
| 134 | ov_134 | 1.6418397972940788 × 10^284 |
| 133 | ov_133 | 1.9213140233890566 × 10^284 |
| 132 | ov_132 | 2.235388887084575 × 10^284 |
| 131 | ov_131 | 2.5869271950562618 × 10^284 |
| 130 | ov_130 | 2.5869291223858092 × 10^284 |
| 129 | ov_129 | 2.5869371024155234 × 10^284 |
| 128 | aaa_77_29 | 2.827012171584113 × 10^284 |
| 127 | aaa_77_28 | 7.549278244814134 × 10^284 |
| 126 | ov_126 | 2.3659361075168128 × 10^285 |
| 125 | ov_125 | 5.3185940416216125 × 10^285 |
| 124 | ov_124 | 1.0133625834609915 × 10^286 |
| 123 | ov_123 | 1.733176158538912 × 10^286 |
| 122 | ov_122 | 2.7433753889562217 × 10^286 |
| 121 | ov_121 | 4.096042112365706 × 10^286 |
| 120 | ov_120 | 5.843273234232902 × 10^286 |
| 119 | ov_119 | 8.037194438022243 × 10^286 |
| 118 | ov_118 | 1.1176670599788058 × 10^287 |
| 117 | ov_117 | 1.5812819307951563 × 10^287 |
| 116 | ov_116 | 2.2549127916418247 × 10^287 |
| 115 | ov_115 | 3.2041621912475972 × 10^287 |
| 114 | ov_114 | 4.4999098632160644 × 10^287 |
| 113 | ov_113 | 6.2183446180342195 × 10^287 |
| 112 | ov_112 | 8.441007767279434 × 10^287 |
| 111 | ov_111 | 1.1254851813433833 × 10^288 |
| 110 | ov_110 | 1.475231850983508 × 10^288 |
| 109 | ov_109 | 1.9031440766762858 × 10^288 |
| 108 | ov_108 | 2.4195973251673505 × 10^288 |
| 107 | ov_107 | 3.0355556904498526 × 10^288 |
| 106 | ov_106 | 3.762592296328509 × 10^288 |
| 105 | ov_105 | 4.612914247211155 × 10^288 |
| 104 | ov_104 | 5.599392762328995 × 10^288 |
| 103 | ov_103 | 6.735599167082546 × 10^288 |
| 102 | ov_102 | 8.03584745437473 × 10^288 |
| 101 | ov_101 | 9.515244168844877 × 10^288 |
| 100 | ov_100 | 1.1189746408115855 × 10^289 |
| 99 | ov_099 | 1.307622877781514 × 10^289 |
| 98 | ov_098 | 1.3076250604659834 × 10^289 |
| 97 | ov_097 | 1.3076319016894498 × 10^289 |
| 96 | aaa_78_29 | 2.421561158839256 × 10^289 |
| 95 | aaa_78_28 | 7.975888502496114 × 10^289 |
| 94 | ov_094 | 2.601733393420004 × 10^290 |
| 93 | ov_093 | 6.121041297625711 × 10^290 |
| 92 | ov_092 | 1.2340470887769362 × 10^291 |
| 91 | ov_091 | 2.252133556397796 × 10^291 |
| 90 | ov_090 | 3.8201317696819497 × 10^291 |
| 89 | ov_089 | 6.119450267465944 × 10^291 |
| 88 | ov_088 | 9.359144821652044 × 10^291 |
| 87 | ov_087 | 1.3775930770901287 × 10^292 |
| 86 | ov_086 | 1.9870918143340906 × 10^292 |
| 85 | ov_085 | 2.8200604986346445 × 10^292 |
| 84 | ov_084 | 3.937694761883616 × 10^292 |
| 83 | ov_083 | 5.406745620137141 × 10^292 |
| 82 | ov_082 | 7.29953197922927 × 10^292 |
| 81 | ov_081 | 9.693956952696866 × 10^292 |
| 80 | ov_080 | 1.2673530248302659 × 10^293 |
| 64 | lv_79_m31 | 1.2961371415022667 × 10^293 |
| 79 | ov_079 | 1.6327400428825033 × 10^293 |
| 78 | ov_078 | 2.075040166593544 × 10^293 |
| 77 | ov_077 | 2.6043120025740093 × 10^293 |
| 76 | ov_076 | 3.231198474596075 × 10^293 |
| 75 | ov_075 | 3.966939038838826 × 10^293 |
| 74 | ov_074 | 4.823385617698131 × 10^293 |
| 73 | ov_073 | 5.813022926288535 × 10^293 |
| 63 | ov_063 | 6.655411879945567 × 10^293 |
| 72 | ov_072 | 6.948993909410436 × 10^293 |
| 71 | ov_071 | 8.245131051130934 × 10^293 |
| 70 | ov_070 | 9.71599436444181 × 10^293 |
| 69 | ov_069 | 1.1376916914964716 × 10^294 |
| 68 | ov_068 | 1.3244058780665834 × 10^294 |
| 67 | ov_067 | 1.5334470399361167 × 10^294 |
| 66 | ov_066 | 1.5334481761425212 × 10^294 |
| 65 | ov_065 | 1.5334528850100232 × 10^294 |
| 62 | ov_062 | 3.416602332800031 × 10^294 |
| 61 | ov_061 | 1.2461145730958593 × 10^295 |
| 60 | ov_060 | 3.5691209172446333 × 10^295 |
| 59 | ov_059 | 8.616587910213271 × 10^295 |
| 58 | ov_058 | 1.749526316292406 × 10^296 |
| 57 | ov_057 | 3.162139489620376 × 10^296 |
| 56 | ov_056 | 5.272074523361263 × 10^296 |
| 55 | ov_055 | 8.282862662032119 × 10^296 |
| 54 | ov_054 | 1.242899810804316 × 10^297 |
| 53 | ov_053 | 1.7975953084591875 × 10^297 |
| 52 | ov_052 | 2.522020397562226 × 10^297 |
| 51 | ov_051 | 3.478574997222093 × 10^297 |
| 50 | ov_050 | 4.7358747647800474 × 10^297 |
| 49 | ov_049 | 6.368766956008618 × 10^297 |
| 48 | ov_048 | 8.458353027597754 × 10^297 |
| 47 | ov_047 | 1.1092020001814934 × 10^298 |
| 32 | lv_80_m31 | 1.3711937282709956 × 10^298 |
| 46 | ov_046 | 1.4363483572428042 × 10^298 |
| 45 | ov_045 | 1.8372846973449896 × 10^298 |
| 44 | ov_044 | 2.3226680284755282 × 10^298 |
| 43 | ov_043 | 2.903812529272865 × 10^298 |
| 42 | ov_042 | 3.592703146910389 × 10^298 |
| 41 | ov_041 | 4.4020129077344777 × 10^298 |
| 40 | ov_040 | 5.338613638050317 × 10^298 |
| 39 | ov_039 | 6.409752752754458 × 10^298 |
| 31 | ov_031 | 7.030394833595913 × 10^298 |
| 38 | ov_038 | 7.623071048267253 × 10^298 |
| 37 | ov_037 | 8.994264776651844 × 10^298 |
| 36 | ov_036 | 1.0539884696725619 × 10^299 |
| 35 | ov_035 | 1.2277390811032995 × 10^299 |
| 34 | ov_034 | 1.422521629781249 × 10^299 |
| 33 | ov_033 | 1.6402841611893697 × 10^299 |
| 30 | ov_030 | 3.6041565132475714 × 10^299 |
| 29 | ov_029 | 1.1789467632161925 × 10^300 |
| 28 | ov_028 | 3.0597569351746 × 10^300 |
| 27 | ov_027 | 6.838696644147852 × 10^300 |
| 26 | ov_026 | 1.3675384242666268 × 10^301 |
| 25 | ov_025 | 2.5053209913986383 × 10^301 |
| 24 | ov_024 | 4.277935075891025 × 10^301 |
| 23 | ov_023 | 6.898481487245033 × 10^301 |
| 22 | ov_022 | 1.0825555542758852 × 10^302 |
| 21 | ov_021 | 1.6582561254257217 × 10^302 |
| 20 | ov_020 | 2.475776955879264 × 10^302 |
| 19 | ov_019 | 3.6004413484194197 × 10^302 |
| 18 | ov_018 | 5.104083281795716 × 10^302 |
| 17 | ov_017 | 7.0650683324354825 × 10^302 |
| 16 | ov_016 | 9.568322803153206 × 10^302 |
| 15 | ov_015 | 1.2705373058820602 × 10^303 |
| 14 | ov_014 | 1.6574397613396713 × 10^303 |
| 13 | ov_013 | 2.1280295681438087 × 10^303 |
| 12 | ov_012 | 2.693477716957444 × 10^303 |
| 11 | ov_011 | 3.365647984692443 × 10^303 |
| 10 | ov_010 | 4.157111993301801 × 10^303 |
| 9 | ov_009 | 5.0811682843591954 × 10^303 |
| 8 | ov_008 | 6.151866133947464 × 10^303 |
| 7 | ov_007 | 7.384034883279116 × 10^303 |
| 6 | ov_006 | 8.793319611936054 × 10^303 |
| 5 | ov_005 | 1.0396224032827059 × 10^304 |
| 4 | ov_004 | 1.221016154114796 × 10^304 |
| 3 | ov_003 | 1.4253515338955083 × 10^304 |
| 2 | ov_002 | 1.6545708414033217 × 10^304 |
| 1 | ov_001 | 1.9107283999786045 × 10^304 |

