# Results for F001-F002-F003-F004-F005-F006-F007-F008-F009-F010-F011-F012-F013-F014-F015-F016-F017-F018-F019-F020-F021-F022-F023-F024-F025-F026-F027-F028-F029-F030-F031-F032-F033-F034-F035-F036-F037-F038-F039-F040-F041-F042-F043-F044-F045-F046-F047-F048-F049-F050-F051-F052-F053-F054-F055-F056-F057-F058-F059-F060-F061-F062-F063-F064-F065-F066-F067-F068-F069-F070-F071-F072-F073-F074-F075-F076-F077-F078-F079-F080-F081-F082-F083-F084-F085-F086-F087-F088-F089-F090-F091-F092-F093-F094-F095-F096-F097-F098-F099-F100-F101-F102-F103-F104-F105-F106-F107-F108-F109-F110-F111-F112-F113-F114-F115-F116-F117-F118-F119-F120-F121-F122-F123-F124-F125-F126-F127-F128-F129-F130-F131-F132-F133-F134-F135-F136-F137-F138-F139-F140-F141-F142-F143-F144-F145-F146-F147-F148-F149-F150-F151-F152-F153-F154-F155-F156-F157-F158-F159-F160-F161-F162-F163-F164-F165-F166-F167-F168-F169-F170-F171-F172-F173-F174-F175-F176-F177-F178-F179-F180-F181-F182-F183-F184-F185-F186-F187-F188-F189-F190-F191-F192-F193-F194-F195-F196-F197-F198-F199-F200-F201-F202-F203-F204-F205-F206-F207-F208-F209-F210-F211-F212-F213-F214-F215-F216-F217-F218-F219-F220-F221-F222-F223-F224-F225-F226-F227-F228-F229-F230-F231-F232-F233-F234-F235-F236-F237-F238-F239-F240-F241-F242-F243-F244-F245-F246-F247-F248-F249-F250-F251-F252-F253-F254-F255-F256-F257-F258-F259-F260-F261-F262-F263-F264-F265-F266-F267-F268-F269-F270-F271-F272-F273-F274-F275-F276-F277-F278-F279-F280-F281-F282-F283-F284-F285-F286-F287-F288-F289-F290-F291-F292-F293-F294-F295-F296-F297-F298-F299-F300-F301-F302-F303-F304-F305-F306-F307-F308-F309-F310-F311-F312-F313-F314-F315-F316-F317-F318-F319-F320-F321-F322-F323-F324-F325-F326-F327-F328-F329-F330-F331-F332-F333-F334-F335-F336-F337-F338-F339-F340-F341-F342-F343-F344-F345-F346-F347-F348-F349-F350-F351-F352-F353-F354-F355-F356-F357-F358-F359-F360-F361-F362-F363-F364-F365-F366-F367-F368-F369-F370-F371-F372-F373-F374-F375-F376-F377-F378-F379-F380-F381-F382-F383-F384-F385-F386-F387-F388-F389-F390-F391-F392-F393-F394-F395-F396-F397-F398-F399-F400-F401-F402-F403-F404-F405-F406-F407-F408-F409-F410-F411-F412-F413-F414-F415-F416-F417-F418-F419-F420-F421-F422-F423-F424-F425-F426-F427-F428-F429-F430-F431-F432-F433-F434-F435-F436-F437-F438-F439-F440-F441-F442-F443-F444-F445-F446-F447-F448-F449-F450-F451-F452-F453-F454-F455-F456-F457-F458-F459-F460-F461-F462-F463-F464-F465-F466-F467-F468-F469-F470-F471-F472-F473-F474-F475-F476-F477-F478-F479-F480-F481-F482-F483-F484-F485-F486-F487-F488-F489-F490-F491-F492-F493-F494-F495-F496-F499-F505-F509-F510-F511-F512

## Summary

Number of input bits: 512  
Number of free input bits: 10  
Number of output bits: 160

Number of direct occurrences: 40388  
Number of assignments: 30837  
Number of operations: 10783221
(xor: 10755340,
and: 14731,
or: 13150)

Total complexity: 4.674032196994011 × 10^296

Least occurring input variable: iv_504 (3882)  
Most occurring input variable: iv_508 (4156)

Most co-occurring input variables: iv_501-iv_502 (2030)  
Least co-occurring input variables: iv_498-iv_504 (1810)

Potentially most occurring input variable: iv_497/iv_508 (4411)  
Potentially least occurring input variable: iv_501/iv_502 (4084)

Least output occurring input variable: iv_503 (72)  
Most output occurring input variable: iv_497 (93)

Most output co-occurring input variables: iv_497-iv_506 (51)  
Least output co-occurring input variables: iv_500-iv_502 (32)

Potentially most output occurring input variable: iv_500/iv_502 (95)  
Potentially least output occurring input variable: iv_501/iv_503 (67)

Least complex input bit: iv_497 (3.665482146703555 × 10^294)  
Most complex input bit: iv_508 (1.2840083485584683 × 10^296)

Least complex output bit: aaa_76_29 (9.554097988087742 × 10^271)  
Most complex output bit: ov_001 (7.476857555992031 × 10^295)

Least complex input/output complexity: iv_497/aaa_76_29 (7.49254051474323 × 10^269)  
Most complex input/output complexity: iv_508/ov_001 (2.0539754794694096 × 10^295)

## Input Bits

### Input Bits in Regular Order

| Input Bit | Complexity | Occurrences | Output Occurrences |
|:---------:|:----------:|:-----------:|:------------------:|
| iv_497 | 3.665482146703555 × 10^294 | 4113 | 93 |
| iv_498 | 7.33515189223906 × 10^294 | 3898 | 88 |
| iv_500 | 2.180295911134553 × 10^295 | 4075 | 76 |
| iv_501 | 3.588857095604077 × 10^295 | 4058 | 83 |
| iv_502 | 5.785626962261691 × 10^295 | 4086 | 83 |
| iv_503 | 3.3774857223677717 × 10^295 | 4065 | 72 |
| iv_504 | 1.6907425469126533 × 10^295 | 3882 | 78 |
| iv_506 | 5.791871734492434 × 10^295 | 3912 | 82 |
| iv_507 | 1.0385295107688005 × 10^296 | 4143 | 76 |
| iv_508 | 1.2840083485584683 × 10^296 | 4156 | 81 |

### Input Bits Sorted by Complexity

| Input Bit | Complexity | Occurrences | Output Occurrences |
|:---------:|:----------:|:-----------:|:------------------:|
| iv_497 | 3.665482146703555 × 10^294 | 4113 | 93 |
| iv_498 | 7.33515189223906 × 10^294 | 3898 | 88 |
| iv_504 | 1.6907425469126533 × 10^295 | 3882 | 78 |
| iv_500 | 2.180295911134553 × 10^295 | 4075 | 76 |
| iv_503 | 3.3774857223677717 × 10^295 | 4065 | 72 |
| iv_501 | 3.588857095604077 × 10^295 | 4058 | 83 |
| iv_502 | 5.785626962261691 × 10^295 | 4086 | 83 |
| iv_506 | 5.791871734492434 × 10^295 | 3912 | 82 |
| iv_507 | 1.0385295107688005 × 10^296 | 4143 | 76 |
| iv_508 | 1.2840083485584683 × 10^296 | 4156 | 81 |

### Input Bits Sorted by Occurrences

| Input Bit | Complexity | Occurrences | Output Occurrences |
|:---------:|:----------:|:-----------:|:------------------:|
| iv_504 | 1.6907425469126533 × 10^295 | 3882 | 78 |
| iv_498 | 7.33515189223906 × 10^294 | 3898 | 88 |
| iv_506 | 5.791871734492434 × 10^295 | 3912 | 82 |
| iv_501 | 3.588857095604077 × 10^295 | 4058 | 83 |
| iv_503 | 3.3774857223677717 × 10^295 | 4065 | 72 |
| iv_500 | 2.180295911134553 × 10^295 | 4075 | 76 |
| iv_502 | 5.785626962261691 × 10^295 | 4086 | 83 |
| iv_497 | 3.665482146703555 × 10^294 | 4113 | 93 |
| iv_507 | 1.0385295107688005 × 10^296 | 4143 | 76 |
| iv_508 | 1.2840083485584683 × 10^296 | 4156 | 81 |

### Input Bits Sorted by Output Occurrences

| Input Bit | Complexity | Occurrences | Output Occurrences |
|:---------:|:----------:|:-----------:|:------------------:|
| iv_503 | 3.3774857223677717 × 10^295 | 4065 | 72 |
| iv_500 | 2.180295911134553 × 10^295 | 4075 | 76 |
| iv_507 | 1.0385295107688005 × 10^296 | 4143 | 76 |
| iv_504 | 1.6907425469126533 × 10^295 | 3882 | 78 |
| iv_508 | 1.2840083485584683 × 10^296 | 4156 | 81 |
| iv_506 | 5.791871734492434 × 10^295 | 3912 | 82 |
| iv_501 | 3.588857095604077 × 10^295 | 4058 | 83 |
| iv_502 | 5.785626962261691 × 10^295 | 4086 | 83 |
| iv_498 | 7.33515189223906 × 10^294 | 3898 | 88 |
| iv_497 | 3.665482146703555 × 10^294 | 4113 | 93 |

## Input Bit Co-occurrences

### Input Bit Co-occurrences Sorted by Co-occurrences

| Input Bits | Co-occurrences | Potential Occurrences | Output Co-occurrences | Potential Output Occurrences |
|:----------:|:--------------:|:---------------------:|:---------------------:|:----------------------------:|
| iv_501-iv_502 | 2030 | 4084 | 43 | 80 |
| iv_497-iv_507 | 2017 | 4222 | 44 | 81 |
| iv_507-iv_508 | 2014 | 4271 | 43 | 71 |
| iv_497-iv_501 | 1980 | 4211 | 48 | 80 |
| iv_497-iv_502 | 1980 | 4239 | 49 | 78 |
| iv_502-iv_507 | 1974 | 4281 | 38 | 83 |
| iv_500-iv_502 | 1971 | 4219 | 32 | 95 |
| iv_500-iv_508 | 1962 | 4307 | 36 | 85 |
| iv_497-iv_500 | 1961 | 4266 | 39 | 91 |
| iv_500-iv_507 | 1958 | 4302 | 35 | 82 |

### Input Bit Co-occurrences Sorted by Potential Occurrences

| Input Bits | Co-occurrences | Potential Occurrences | Output Co-occurrences | Potential Output Occurrences |
|:----------:|:--------------:|:---------------------:|:---------------------:|:----------------------------:|
| iv_501-iv_502 | 2030 | 4084 | 43 | 80 |
| iv_504-iv_506 | 1843 | 4108 | 42 | 76 |
| iv_506-iv_507 | 1955 | 4145 | 39 | 80 |
| iv_498-iv_504 | 1810 | 4160 | 46 | 74 |
| iv_503-iv_506 | 1902 | 4173 | 35 | 84 |
| iv_498-iv_506 | 1817 | 4176 | 41 | 88 |
| iv_497-iv_506 | 1922 | 4181 | 51 | 73 |
| iv_500-iv_504 | 1880 | 4197 | 38 | 78 |
| iv_500-iv_506 | 1895 | 4197 | 36 | 86 |
| iv_497-iv_504 | 1898 | 4199 | 50 | 71 |

### Input Bit Output Co-occurrences Sorted by Output Co-occurrences

| Input Bits | Co-occurrences | Potential Occurrences | Output Co-occurrences | Potential Output Occurrences |
|:----------:|:--------------:|:---------------------:|:---------------------:|:----------------------------:|
| iv_497-iv_506 | 1922 | 4181 | 51 | 73 |
| iv_497-iv_504 | 1898 | 4199 | 50 | 71 |
| iv_497-iv_498 | 1867 | 4277 | 50 | 81 |
| iv_497-iv_502 | 1980 | 4239 | 49 | 78 |
| iv_498-iv_501 | 1843 | 4270 | 48 | 75 |
| iv_497-iv_501 | 1980 | 4211 | 48 | 80 |
| iv_498-iv_504 | 1810 | 4160 | 46 | 74 |
| iv_497-iv_508 | 1929 | 4411 | 46 | 82 |
| iv_498-iv_508 | 1837 | 4380 | 45 | 79 |
| iv_498-iv_502 | 1843 | 4298 | 44 | 83 |

### Input Bit Output Co-occurrences Sorted by Potential Output Occurrences

| Input Bits | Co-occurrences | Potential Occurrences | Output Co-occurrences | Potential Output Occurrences |
|:----------:|:--------------:|:---------------------:|:---------------------:|:----------------------------:|
| iv_501-iv_503 | 1926 | 4271 | 44 | 67 |
| iv_497-iv_504 | 1898 | 4199 | 50 | 71 |
| iv_507-iv_508 | 2014 | 4271 | 43 | 71 |
| iv_497-iv_506 | 1922 | 4181 | 51 | 73 |
| iv_498-iv_504 | 1810 | 4160 | 46 | 74 |
| iv_498-iv_501 | 1843 | 4270 | 48 | 75 |
| iv_504-iv_506 | 1843 | 4108 | 42 | 76 |
| iv_500-iv_503 | 1933 | 4274 | 36 | 76 |
| iv_503-iv_507 | 1931 | 4346 | 36 | 76 |
| iv_500-iv_501 | 1942 | 4249 | 41 | 77 |

## Output Bits

### Output Bits in Regular Order

| Rank | Output Bit | Complexity |
|:----:|:----------:|:----------:|
| 1 | ov_001 | 7.476857555992031 × 10^295 |
| 2 | ov_002 | 6.4839478345048 × 10^295 |
| 3 | ov_003 | 5.594536212580583 × 10^295 |
| 4 | ov_004 | 4.800770007536961 × 10^295 |
| 5 | ov_005 | 4.0952258816894665 × 10^295 |
| 6 | ov_006 | 3.4708793469739487 × 10^295 |
| 7 | ov_007 | 2.921078182363432 × 10^295 |
| 8 | ov_008 | 2.4395194911704905 × 10^295 |
| 9 | ov_009 | 2.0202300943498485 × 10^295 |
| 10 | ov_010 | 1.657549921597868 × 10^295 |
| 11 | ov_011 | 1.346118100759739 × 10^295 |
| 12 | ov_012 | 1.0808614668337652 × 10^295 |
| 13 | ov_013 | 8.569851894029427 × 10^294 |
| 14 | ov_014 | 6.699652159895067 × 10^294 |
| 15 | ov_015 | 5.155422486920201 × 10^294 |
| 16 | ov_016 | 3.897170051521918 × 10^294 |
| 17 | ov_017 | 2.8874656245597607 × 10^294 |
| 18 | ov_018 | 2.091416020647397 × 10^294 |
| 19 | ov_019 | 1.4766436532283098 × 10^294 |
| 20 | ov_020 | 1.0132714363342575 × 10^294 |
| 21 | ov_021 | 6.739117298707445 × 10^293 |
| 22 | ov_022 | 4.336584447803151 × 10^293 |
| 23 | ov_023 | 2.700816246731134 × 10^293 |
| 24 | ov_024 | 1.6322391716281584 × 10^293 |
| 25 | ov_025 | 9.559844477464638 × 10^292 |
| 26 | ov_026 | 5.218766209831385 × 10^292 |
| 27 | ov_027 | 2.6100036203216465 × 10^292 |
| 28 | ov_028 | 1.1678361995324262 × 10^292 |
| 29 | ov_029 | 4.499708477917658 × 10^291 |
| 30 | ov_030 | 1.3754033692984114 × 10^291 |
| 31 | ov_031 | 2.6817726024217596 × 10^290 |
| 32 | lv_80_m31 | 5.226877110798963 × 10^289 |
| 33 | ov_033 | 6.278249877936773 × 10^290 |
| 34 | ov_034 | 5.449722427221316 × 10^290 |
| 35 | ov_035 | 4.707833970516425 × 10^290 |
| 36 | ov_036 | 4.044977720321185 × 10^290 |
| 37 | ov_037 | 3.4539559624028387 × 10^290 |
| 38 | ov_038 | 2.9312682512761025 × 10^290 |
| 39 | ov_039 | 2.470452601590756 × 10^290 |
| 40 | ov_040 | 2.0653811719143887 × 10^290 |
| 41 | ov_041 | 1.7102421557300766 × 10^290 |
| 42 | ov_042 | 1.4022065831290753 × 10^290 |
| 43 | ov_043 | 1.138592390447424 × 10^290 |
| 44 | ov_044 | 9.144541154385083 × 10^289 |
| 45 | ov_045 | 7.251152717417558 × 10^289 |
| 46 | ov_046 | 5.683039039152151 × 10^289 |
| 47 | ov_047 | 4.398623173266273 × 10^289 |
| 48 | ov_048 | 3.358852999980486 × 10^289 |
| 49 | ov_049 | 2.527169344688665 × 10^289 |
| 50 | ov_050 | 1.8694823295921511 × 10^289 |
| 51 | ov_051 | 1.3541542225569177 × 10^289 |
| 52 | ov_052 | 9.659774044771178 × 10^288 |
| 53 | ov_053 | 6.781853525127652 × 10^288 |
| 54 | ov_054 | 4.664368039553012 × 10^288 |
| 55 | ov_055 | 3.088116783605992 × 10^288 |
| 56 | ov_056 | 1.949548263245987 × 10^288 |
| 57 | ov_057 | 1.1571987194452587 × 10^288 |
| 58 | ov_058 | 6.316862712511865 × 10^287 |
| 59 | ov_059 | 3.057078049808253 × 10^287 |
| 60 | ov_060 | 1.2403753065365169 × 10^287 |
| 61 | ov_061 | 4.352644975089985 × 10^286 |
| 62 | ov_062 | 1.3288258746654338 × 10^286 |
| 63 | ov_063 | 2.5877928218502003 × 10^285 |
| 64 | lv_79_m31 | 5.0384258137828034 × 10^284 |
| 65 | ov_065 | 5.985051865073456 × 10^285 |
| 66 | ov_066 | 5.985032699280554 × 10^285 |
| 67 | ov_067 | 5.985028008355388 × 10^285 |
| 68 | ov_068 | 5.1667991433359755 × 10^285 |
| 69 | ov_069 | 4.437615138602773 × 10^285 |
| 70 | ov_070 | 3.79021767017605 × 10^285 |
| 71 | ov_071 | 3.2177951756012593 × 10^285 |
| 72 | ov_072 | 2.7139525936086412 × 10^285 |
| 73 | ov_073 | 2.2726837756231454 × 10^285 |
| 74 | ov_074 | 1.8883464287074876 × 10^285 |
| 75 | ov_075 | 1.5556394547841147 × 10^285 |
| 76 | ov_076 | 1.2695825552800722 × 10^285 |
| 77 | ov_077 | 1.0254979737991275 × 10^285 |
| 78 | ov_078 | 8.189942521667409 × 10^284 |
| 79 | ov_079 | 6.459518773260447 × 10^284 |
| 80 | ov_080 | 5.025106981892277 × 10^284 |
| 81 | ov_081 | 3.8505899276274775 × 10^284 |
| 82 | ov_082 | 2.9022406675261534 × 10^284 |
| 83 | ov_083 | 2.1486426549461756 × 10^284 |
| 84 | ov_084 | 1.5606228150860943 × 10^284 |
| 85 | ov_085 | 1.1111964029499017 × 10^284 |
| 86 | ov_086 | 7.75522472098695 × 10^283 |
| 87 | ov_087 | 5.308687839885148 × 10^283 |
| 88 | ov_088 | 3.565849885845144 × 10^283 |
| 89 | ov_089 | 2.3408290745590774 × 10^283 |
| 90 | ov_090 | 1.4682275082585342 × 10^283 |
| 91 | ov_091 | 8.70453324591607 × 10^282 |
| 92 | ov_092 | 4.800942007461085 × 10^282 |
| 93 | ov_093 | 2.3989788363831782 × 10^282 |
| 94 | ov_094 | 1.0276262231611692 × 10^282 |
| 95 | aaa_78_28 | 3.1733261705683094 × 10^281 |
| 96 | aaa_78_29 | 9.745972237814512 × 10^280 |
| 97 | ov_097 | 6.437282205004122 × 10^280 |
| 98 | ov_098 | 6.4370897454806675 × 10^280 |
| 99 | ov_099 | 6.437028302999962 × 10^280 |
| 100 | ov_100 | 5.792983510540726 × 10^280 |
| 101 | ov_101 | 5.196382378245532 × 10^280 |
| 102 | ov_102 | 4.644632527809874 × 10^280 |
| 103 | ov_103 | 4.1353307897127797 × 10^280 |
| 104 | ov_104 | 3.6662382725110505 × 10^280 |
| 105 | ov_105 | 3.2352577258248557 × 10^280 |
| 106 | ov_106 | 2.840413080529284 × 10^280 |
| 107 | ov_107 | 2.4798310535126844 × 10^280 |
| 108 | ov_108 | 2.151724707389896 × 10^280 |
| 109 | ov_109 | 1.8543788578935033 × 10^280 |
| 110 | ov_110 | 1.5861372234212358 × 10^280 |
| 111 | ov_111 | 1.345391212500109 × 10^280 |
| 112 | ov_112 | 1.1305702458362605 × 10^280 |
| 113 | ov_113 | 9.401335102394678 × 10^279 |
| 114 | ov_114 | 7.725630421148489 × 10^279 |
| 115 | ov_115 | 6.263580384644028 × 10^279 |
| 116 | ov_116 | 5.000302934942908 × 10^279 |
| 117 | ov_117 | 3.921006590226897 × 10^279 |
| 118 | ov_118 | 3.0109642695123505 × 10^279 |
| 119 | ov_119 | 2.2554944862569146 × 10^279 |
| 120 | ov_120 | 1.6399473516174042 × 10^279 |
| 121 | ov_121 | 1.149693917209923 × 10^279 |
| 122 | ov_122 | 7.701183491932625 × 10^278 |
| 123 | ov_123 | 4.866124255557463 × 10^278 |
| 124 | ov_124 | 2.8457184849301918 × 10^278 |
| 125 | ov_125 | 1.4939398704452057 × 10^278 |
| 126 | ov_126 | 6.647675913696149 × 10^277 |
| 127 | aaa_77_28 | 2.12182271480245 × 10^277 |
| 128 | aaa_77_29 | 7.949385348132325 × 10^276 |
| 129 | ov_129 | 7.307704727536239 × 10^276 |
| 130 | ov_130 | 7.307682926914745 × 10^276 |
| 131 | ov_131 | 7.307677664794696 × 10^276 |
| 132 | ov_132 | 6.324163474227205 × 10^276 |
| 133 | ov_133 | 5.444269097401464 × 10^276 |
| 134 | ov_134 | 4.660160694225792 × 10^276 |
| 135 | ov_135 | 3.964415073938599 × 10^276 |
| 136 | ov_136 | 3.349990266829941 × 10^276 |
| 137 | ov_137 | 2.810200422736967 × 10^276 |
| 138 | ov_138 | 2.3386946028455159 × 10^276 |
| 139 | ov_139 | 1.929439053067474 × 10^276 |
| 140 | ov_140 | 1.5767025684529553 × 10^276 |
| 141 | ov_141 | 1.275044578875283 × 10^276 |
| 142 | ov_142 | 1.0193056067053786 × 10^276 |
| 143 | ov_143 | 8.045997674572838 × 10^275 |
| 144 | ov_144 | 6.2630900450519975 × 10^275 |
| 145 | ov_145 | 4.800787689942582 × 10^275 |
| 146 | ov_146 | 3.61814876026093 × 10^275 |
| 147 | ov_147 | 2.676812881169131 × 10^275 |
| 148 | ov_148 | 1.9409860864937844 × 10^275 |
| 149 | ov_149 | 1.3774311157767566 × 10^275 |
| 150 | ov_150 | 9.55461534915468 × 10^274 |
| 151 | ov_151 | 6.469381842470767 × 10^274 |
| 152 | ov_152 | 4.262668378527717 × 10^274 |
| 153 | ov_153 | 2.7039654419113197 × 10^274 |
| 154 | ov_154 | 1.5881846776107825 × 10^274 |
| 155 | ov_155 | 8.191360007972832 × 10^273 |
| 156 | aaa_76_25 | 3.1333480110279586 × 10^273 |
| 157 | aaa_76_26 | 1.7894642836898084 × 10^273 |
| 158 | aaa_76_27 | 8.993351088746453 × 10^272 |
| 159 | aaa_76_28 | 3.359354886398735 × 10^272 |
| 160 | aaa_76_29 | 9.554097988087742 × 10^271 |

### Output Bits Sorted by Complexity

| Rank | Output Bit | Complexity |
|:----:|:----------:|:----------:|
| 160 | aaa_76_29 | 9.554097988087742 × 10^271 |
| 159 | aaa_76_28 | 3.359354886398735 × 10^272 |
| 158 | aaa_76_27 | 8.993351088746453 × 10^272 |
| 157 | aaa_76_26 | 1.7894642836898084 × 10^273 |
| 156 | aaa_76_25 | 3.1333480110279586 × 10^273 |
| 155 | ov_155 | 8.191360007972832 × 10^273 |
| 154 | ov_154 | 1.5881846776107825 × 10^274 |
| 153 | ov_153 | 2.7039654419113197 × 10^274 |
| 152 | ov_152 | 4.262668378527717 × 10^274 |
| 151 | ov_151 | 6.469381842470767 × 10^274 |
| 150 | ov_150 | 9.55461534915468 × 10^274 |
| 149 | ov_149 | 1.3774311157767566 × 10^275 |
| 148 | ov_148 | 1.9409860864937844 × 10^275 |
| 147 | ov_147 | 2.676812881169131 × 10^275 |
| 146 | ov_146 | 3.61814876026093 × 10^275 |
| 145 | ov_145 | 4.800787689942582 × 10^275 |
| 144 | ov_144 | 6.2630900450519975 × 10^275 |
| 143 | ov_143 | 8.045997674572838 × 10^275 |
| 142 | ov_142 | 1.0193056067053786 × 10^276 |
| 141 | ov_141 | 1.275044578875283 × 10^276 |
| 140 | ov_140 | 1.5767025684529553 × 10^276 |
| 139 | ov_139 | 1.929439053067474 × 10^276 |
| 138 | ov_138 | 2.3386946028455159 × 10^276 |
| 137 | ov_137 | 2.810200422736967 × 10^276 |
| 136 | ov_136 | 3.349990266829941 × 10^276 |
| 135 | ov_135 | 3.964415073938599 × 10^276 |
| 134 | ov_134 | 4.660160694225792 × 10^276 |
| 133 | ov_133 | 5.444269097401464 × 10^276 |
| 132 | ov_132 | 6.324163474227205 × 10^276 |
| 131 | ov_131 | 7.307677664794696 × 10^276 |
| 130 | ov_130 | 7.307682926914745 × 10^276 |
| 129 | ov_129 | 7.307704727536239 × 10^276 |
| 128 | aaa_77_29 | 7.949385348132325 × 10^276 |
| 127 | aaa_77_28 | 2.12182271480245 × 10^277 |
| 126 | ov_126 | 6.647675913696149 × 10^277 |
| 125 | ov_125 | 1.4939398704452057 × 10^278 |
| 124 | ov_124 | 2.8457184849301918 × 10^278 |
| 123 | ov_123 | 4.866124255557463 × 10^278 |
| 122 | ov_122 | 7.701183491932625 × 10^278 |
| 121 | ov_121 | 1.149693917209923 × 10^279 |
| 120 | ov_120 | 1.6399473516174042 × 10^279 |
| 119 | ov_119 | 2.2554944862569146 × 10^279 |
| 118 | ov_118 | 3.0109642695123505 × 10^279 |
| 117 | ov_117 | 3.921006590226897 × 10^279 |
| 116 | ov_116 | 5.000302934942908 × 10^279 |
| 115 | ov_115 | 6.263580384644028 × 10^279 |
| 114 | ov_114 | 7.725630421148489 × 10^279 |
| 113 | ov_113 | 9.401335102394678 × 10^279 |
| 112 | ov_112 | 1.1305702458362605 × 10^280 |
| 111 | ov_111 | 1.345391212500109 × 10^280 |
| 110 | ov_110 | 1.5861372234212358 × 10^280 |
| 109 | ov_109 | 1.8543788578935033 × 10^280 |
| 108 | ov_108 | 2.151724707389896 × 10^280 |
| 107 | ov_107 | 2.4798310535126844 × 10^280 |
| 106 | ov_106 | 2.840413080529284 × 10^280 |
| 105 | ov_105 | 3.2352577258248557 × 10^280 |
| 104 | ov_104 | 3.6662382725110505 × 10^280 |
| 103 | ov_103 | 4.1353307897127797 × 10^280 |
| 102 | ov_102 | 4.644632527809874 × 10^280 |
| 101 | ov_101 | 5.196382378245532 × 10^280 |
| 100 | ov_100 | 5.792983510540726 × 10^280 |
| 99 | ov_099 | 6.437028302999962 × 10^280 |
| 98 | ov_098 | 6.4370897454806675 × 10^280 |
| 97 | ov_097 | 6.437282205004122 × 10^280 |
| 96 | aaa_78_29 | 9.745972237814512 × 10^280 |
| 95 | aaa_78_28 | 3.1733261705683094 × 10^281 |
| 94 | ov_094 | 1.0276262231611692 × 10^282 |
| 93 | ov_093 | 2.3989788363831782 × 10^282 |
| 92 | ov_092 | 4.800942007461085 × 10^282 |
| 91 | ov_091 | 8.70453324591607 × 10^282 |
| 90 | ov_090 | 1.4682275082585342 × 10^283 |
| 89 | ov_089 | 2.3408290745590774 × 10^283 |
| 88 | ov_088 | 3.565849885845144 × 10^283 |
| 87 | ov_087 | 5.308687839885148 × 10^283 |
| 86 | ov_086 | 7.75522472098695 × 10^283 |
| 85 | ov_085 | 1.1111964029499017 × 10^284 |
| 84 | ov_084 | 1.5606228150860943 × 10^284 |
| 83 | ov_083 | 2.1486426549461756 × 10^284 |
| 82 | ov_082 | 2.9022406675261534 × 10^284 |
| 81 | ov_081 | 3.8505899276274775 × 10^284 |
| 80 | ov_080 | 5.025106981892277 × 10^284 |
| 64 | lv_79_m31 | 5.0384258137828034 × 10^284 |
| 79 | ov_079 | 6.459518773260447 × 10^284 |
| 78 | ov_078 | 8.189942521667409 × 10^284 |
| 77 | ov_077 | 1.0254979737991275 × 10^285 |
| 76 | ov_076 | 1.2695825552800722 × 10^285 |
| 75 | ov_075 | 1.5556394547841147 × 10^285 |
| 74 | ov_074 | 1.8883464287074876 × 10^285 |
| 73 | ov_073 | 2.2726837756231454 × 10^285 |
| 63 | ov_063 | 2.5877928218502003 × 10^285 |
| 72 | ov_072 | 2.7139525936086412 × 10^285 |
| 71 | ov_071 | 3.2177951756012593 × 10^285 |
| 70 | ov_070 | 3.79021767017605 × 10^285 |
| 69 | ov_069 | 4.437615138602773 × 10^285 |
| 68 | ov_068 | 5.1667991433359755 × 10^285 |
| 67 | ov_067 | 5.985028008355388 × 10^285 |
| 66 | ov_066 | 5.985032699280554 × 10^285 |
| 65 | ov_065 | 5.985051865073456 × 10^285 |
| 62 | ov_062 | 1.3288258746654338 × 10^286 |
| 61 | ov_061 | 4.352644975089985 × 10^286 |
| 60 | ov_060 | 1.2403753065365169 × 10^287 |
| 59 | ov_059 | 3.057078049808253 × 10^287 |
| 58 | ov_058 | 6.316862712511865 × 10^287 |
| 57 | ov_057 | 1.1571987194452587 × 10^288 |
| 56 | ov_056 | 1.949548263245987 × 10^288 |
| 55 | ov_055 | 3.088116783605992 × 10^288 |
| 54 | ov_054 | 4.664368039553012 × 10^288 |
| 53 | ov_053 | 6.781853525127652 × 10^288 |
| 52 | ov_052 | 9.659774044771178 × 10^288 |
| 51 | ov_051 | 1.3541542225569177 × 10^289 |
| 50 | ov_050 | 1.8694823295921511 × 10^289 |
| 49 | ov_049 | 2.527169344688665 × 10^289 |
| 48 | ov_048 | 3.358852999980486 × 10^289 |
| 47 | ov_047 | 4.398623173266273 × 10^289 |
| 32 | lv_80_m31 | 5.226877110798963 × 10^289 |
| 46 | ov_046 | 5.683039039152151 × 10^289 |
| 45 | ov_045 | 7.251152717417558 × 10^289 |
| 44 | ov_044 | 9.144541154385083 × 10^289 |
| 43 | ov_043 | 1.138592390447424 × 10^290 |
| 42 | ov_042 | 1.4022065831290753 × 10^290 |
| 41 | ov_041 | 1.7102421557300766 × 10^290 |
| 40 | ov_040 | 2.0653811719143887 × 10^290 |
| 39 | ov_039 | 2.470452601590756 × 10^290 |
| 31 | ov_031 | 2.6817726024217596 × 10^290 |
| 38 | ov_038 | 2.9312682512761025 × 10^290 |
| 37 | ov_037 | 3.4539559624028387 × 10^290 |
| 36 | ov_036 | 4.044977720321185 × 10^290 |
| 35 | ov_035 | 4.707833970516425 × 10^290 |
| 34 | ov_034 | 5.449722427221316 × 10^290 |
| 33 | ov_033 | 6.278249877936773 × 10^290 |
| 30 | ov_030 | 1.3754033692984114 × 10^291 |
| 29 | ov_029 | 4.499708477917658 × 10^291 |
| 28 | ov_028 | 1.1678361995324262 × 10^292 |
| 27 | ov_027 | 2.6100036203216465 × 10^292 |
| 26 | ov_026 | 5.218766209831385 × 10^292 |
| 25 | ov_025 | 9.559844477464638 × 10^292 |
| 24 | ov_024 | 1.6322391716281584 × 10^293 |
| 23 | ov_023 | 2.700816246731134 × 10^293 |
| 22 | ov_022 | 4.336584447803151 × 10^293 |
| 21 | ov_021 | 6.739117298707445 × 10^293 |
| 20 | ov_020 | 1.0132714363342575 × 10^294 |
| 19 | ov_019 | 1.4766436532283098 × 10^294 |
| 18 | ov_018 | 2.091416020647397 × 10^294 |
| 17 | ov_017 | 2.8874656245597607 × 10^294 |
| 16 | ov_016 | 3.897170051521918 × 10^294 |
| 15 | ov_015 | 5.155422486920201 × 10^294 |
| 14 | ov_014 | 6.699652159895067 × 10^294 |
| 13 | ov_013 | 8.569851894029427 × 10^294 |
| 12 | ov_012 | 1.0808614668337652 × 10^295 |
| 11 | ov_011 | 1.346118100759739 × 10^295 |
| 10 | ov_010 | 1.657549921597868 × 10^295 |
| 9 | ov_009 | 2.0202300943498485 × 10^295 |
| 8 | ov_008 | 2.4395194911704905 × 10^295 |
| 7 | ov_007 | 2.921078182363432 × 10^295 |
| 6 | ov_006 | 3.4708793469739487 × 10^295 |
| 5 | ov_005 | 4.0952258816894665 × 10^295 |
| 4 | ov_004 | 4.800770007536961 × 10^295 |
| 3 | ov_003 | 5.594536212580583 × 10^295 |
| 2 | ov_002 | 6.4839478345048 × 10^295 |
| 1 | ov_001 | 7.476857555992031 × 10^295 |

