# Results for F001-F002-F003-F004-F005-F006-F007-F008-F009-F010-F011-F012-F013-F014-F015-F016-F017-F018-F019-F020-F021-F022-F023-F024-F025-F026-F027-F028-F029-F030-F031-F032-F033-F034-F035-F036-F037-F038-F039-F040-F041-F042-F043-F044-F045-F046-F047-F048-F049-F050-F051-F052-F053-F054-F055-F056-F057-F058-F059-F060-F061-F062-F063-F064-F065-F066-F067-F068-F069-F070-F071-F072-F073-F074-F075-F076-F077-F078-F079-F080-F081-F082-F083-F084-F085-F086-F087-F088-F089-F090-F091-F092-F093-F094-F095-F096-F097-F098-F099-F100-F101-F102-F103-F104-F105-F106-F107-F108-F109-F110-F111-F112-F113-F114-F115-F116-F117-F118-F119-F120-F121-F122-F123-F124-F125-F126-F127-F128-F129-F130-F131-F132-F133-F134-F135-F136-F137-F138-F139-F140-F141-F142-F143-F144-F145-F146-F147-F148-F149-F150-F151-F152-F153-F154-F155-F156-F157-F158-F159-F160-F161-F162-F163-F164-F165-F166-F167-F168-F169-F170-F171-F172-F173-F174-F175-F176-F177-F178-F179-F180-F181-F182-F183-F184-F185-F186-F187-F188-F189-F190-F191-F192-F193-F194-F195-F196-F197-F198-F199-F200-F201-F202-F203-F204-F205-F206-F207-F208-F209-F210-F211-F212-F213-F214-F215-F216-F217-F218-F219-F220-F221-F222-F223-F224-F225-F226-F227-F228-F229-F230-F231-F232-F233-F234-F235-F236-F237-F238-F239-F240-F241-F242-F243-F244-F245-F246-F247-F248-F249-F250-F251-F252-F253-F254-F255-F256-F257-F258-F259-F260-F261-F262-F263-F264-F265-F266-F267-F268-F269-F270-F271-F272-F273-F274-F275-F276-F277-F278-F279-F280-F281-F282-F283-F284-F285-F286-F287-F288-F289-F290-F291-F292-F293-F294-F295-F296-F297-F298-F299-F300-F301-F302-F303-F304-F305-F306-F307-F308-F309-F310-F311-F312-F313-F314-F315-F316-F317-F318-F319-F320-F321-F322-F323-F324-F325-F326-F327-F328-F329-F330-F331-F332-F333-F334-F335-F336-F337-F338-F339-F340-F341-F342-F343-F344-F345-F346-F347-F348-F349-F350-F351-F352-F353-F354-F355-F356-F357-F358-F359-F360-F361-F362-F363-F364-F365-F366-F367-F368-F369-F370-F371-F372-F373-F374-F375-F376-F377-F378-F379-F380-F381-F382-F383-F384-F385-F386-F387-F388-F389-F390-F391-F392-F393-F394-F395-F396-F397-F398-F399-F400-F401-F402-F403-F404-F405-F406-F407-F408-F409-F410-F411-F412-F413-F414-F415-F416-F417-F418-F419-F420-F421-F422-F423-F424-F425-F426-F427-F428-F429-F430-F431-F432-F433-F434-F435-F436-F437-F438-F439-F440-F441-F442-F443-F444-F445-F446-F447-F448-F449-F450-F451-F452-F453-F454-F455-F456-F457-F458-F459-F460-F461-F462-F463-F464-F465-F466-F467-F468-F469-F470-F471-F472-F473-F474-F475-F476-F477-F478-F479-F480-F481-F482-F483-F484-F485-F486-F487-F488-F489-F490-F491-F492-F493-F494-F495-F496-F497-F498-F499-F500-O509510-F512

## Summary

Number of input bits: 512  
Number of free input bits: 10  
Number of output bits: 160

Number of direct occurrences: 41221  
Number of assignments: 31357  
Number of operations: 11592136
(xor: 11562271,
and: 16612,
or: 13253)

Total complexity: 1.1266929039293787 × 10^304

Least occurring input variable: iv_504 (3965)  
Most occurring input variable: iv_509 (4340)

Most co-occurring input variables: iv_503-iv_511 (2063)  
Least co-occurring input variables: iv_501-iv_508 (1803)

Potentially most occurring input variable: iv_509/iv_511 (4540)  
Potentially least occurring input variable: iv_502/iv_505 (4196)

Least output occurring input variable: iv_505 (71)  
Most output occurring input variable: iv_508 (87)

Most output co-occurring input variables: iv_501-iv_507 (47)  
Least output co-occurring input variables: iv_502-iv_505 (28)

Potentially most output occurring input variable: iv_504/iv_506 (91)  
Potentially least output occurring input variable: iv_501/iv_507 (66)

Least complex input bit: iv_511 (2.9441777438946706 × 10^300)  
Most complex input bit: iv_505 (2.7275304760738036 × 10^303)

Least complex output bit: aaa_76_29 (2.0828962917729053 × 10^278)  
Most complex output bit: ov_001 (1.7941886653383814 × 10^303)

Least complex input/output complexity: iv_511/aaa_76_29 (5.442846834032155 × 10^274)  
Most complex input/output complexity: iv_505/ov_001 (4.343423347630619 × 10^302)

## Input Bits

### Input Bits in Regular Order

| Input Bit | Complexity | Occurrences | Output Occurrences |
|:---------:|:----------:|:-----------:|:------------------:|
| iv_501 | 3.449678484204906 × 10^302 | 4038 | 77 |
| iv_502 | 6.277382026090508 × 10^302 | 4035 | 73 |
| iv_503 | 1.068911332179808 × 10^303 | 4230 | 83 |
| iv_504 | 1.7376641065061945 × 10^303 | 3965 | 75 |
| iv_505 | 2.7275304760738036 × 10^303 | 4075 | 71 |
| iv_506 | 1.4332502702471718 × 10^303 | 4021 | 84 |
| iv_507 | 1.9818295241095913 × 10^303 | 4203 | 83 |
| iv_508 | 6.5344855372173 × 10^302 | 4092 | 87 |
| iv_509 | 6.886445476820746 × 10^302 | 4340 | 85 |
| iv_511 | 2.9441777438946706 × 10^300 | 4222 | 73 |

### Input Bits Sorted by Complexity

| Input Bit | Complexity | Occurrences | Output Occurrences |
|:---------:|:----------:|:-----------:|:------------------:|
| iv_511 | 2.9441777438946706 × 10^300 | 4222 | 73 |
| iv_501 | 3.449678484204906 × 10^302 | 4038 | 77 |
| iv_502 | 6.277382026090508 × 10^302 | 4035 | 73 |
| iv_508 | 6.5344855372173 × 10^302 | 4092 | 87 |
| iv_509 | 6.886445476820746 × 10^302 | 4340 | 85 |
| iv_503 | 1.068911332179808 × 10^303 | 4230 | 83 |
| iv_506 | 1.4332502702471718 × 10^303 | 4021 | 84 |
| iv_504 | 1.7376641065061945 × 10^303 | 3965 | 75 |
| iv_507 | 1.9818295241095913 × 10^303 | 4203 | 83 |
| iv_505 | 2.7275304760738036 × 10^303 | 4075 | 71 |

### Input Bits Sorted by Occurrences

| Input Bit | Complexity | Occurrences | Output Occurrences |
|:---------:|:----------:|:-----------:|:------------------:|
| iv_504 | 1.7376641065061945 × 10^303 | 3965 | 75 |
| iv_506 | 1.4332502702471718 × 10^303 | 4021 | 84 |
| iv_502 | 6.277382026090508 × 10^302 | 4035 | 73 |
| iv_501 | 3.449678484204906 × 10^302 | 4038 | 77 |
| iv_505 | 2.7275304760738036 × 10^303 | 4075 | 71 |
| iv_508 | 6.5344855372173 × 10^302 | 4092 | 87 |
| iv_507 | 1.9818295241095913 × 10^303 | 4203 | 83 |
| iv_511 | 2.9441777438946706 × 10^300 | 4222 | 73 |
| iv_503 | 1.068911332179808 × 10^303 | 4230 | 83 |
| iv_509 | 6.886445476820746 × 10^302 | 4340 | 85 |

### Input Bits Sorted by Output Occurrences

| Input Bit | Complexity | Occurrences | Output Occurrences |
|:---------:|:----------:|:-----------:|:------------------:|
| iv_505 | 2.7275304760738036 × 10^303 | 4075 | 71 |
| iv_502 | 6.277382026090508 × 10^302 | 4035 | 73 |
| iv_511 | 2.9441777438946706 × 10^300 | 4222 | 73 |
| iv_504 | 1.7376641065061945 × 10^303 | 3965 | 75 |
| iv_501 | 3.449678484204906 × 10^302 | 4038 | 77 |
| iv_503 | 1.068911332179808 × 10^303 | 4230 | 83 |
| iv_507 | 1.9818295241095913 × 10^303 | 4203 | 83 |
| iv_506 | 1.4332502702471718 × 10^303 | 4021 | 84 |
| iv_509 | 6.886445476820746 × 10^302 | 4340 | 85 |
| iv_508 | 6.5344855372173 × 10^302 | 4092 | 87 |

## Input Bit Co-occurrences

### Input Bit Co-occurrences Sorted by Co-occurrences

| Input Bits | Co-occurrences | Potential Occurrences | Output Co-occurrences | Potential Output Occurrences |
|:----------:|:--------------:|:---------------------:|:---------------------:|:----------------------------:|
| iv_503-iv_511 | 2063 | 4326 | 35 | 86 |
| iv_503-iv_509 | 2060 | 4450 | 39 | 90 |
| iv_507-iv_509 | 2043 | 4457 | 42 | 84 |
| iv_507-iv_511 | 2019 | 4387 | 39 | 78 |
| iv_501-iv_511 | 2016 | 4228 | 32 | 86 |
| iv_509-iv_511 | 2011 | 4540 | 37 | 84 |
| iv_501-iv_503 | 2008 | 4252 | 42 | 76 |
| iv_502-iv_509 | 2005 | 4365 | 39 | 80 |
| iv_506-iv_509 | 1993 | 4375 | 46 | 77 |
| iv_508-iv_511 | 1992 | 4330 | 45 | 70 |

### Input Bit Co-occurrences Sorted by Potential Occurrences

| Input Bits | Co-occurrences | Potential Occurrences | Output Co-occurrences | Potential Output Occurrences |
|:----------:|:--------------:|:---------------------:|:---------------------:|:----------------------------:|
| iv_502-iv_505 | 1957 | 4196 | 28 | 88 |
| iv_502-iv_506 | 1918 | 4220 | 40 | 77 |
| iv_501-iv_511 | 2016 | 4228 | 32 | 86 |
| iv_502-iv_508 | 1943 | 4241 | 41 | 78 |
| iv_501-iv_503 | 2008 | 4252 | 42 | 76 |
| iv_504-iv_505 | 1887 | 4266 | 32 | 82 |
| iv_504-iv_507 | 1947 | 4274 | 35 | 88 |
| iv_504-iv_506 | 1847 | 4292 | 34 | 91 |
| iv_502-iv_504 | 1853 | 4294 | 32 | 84 |
| iv_504-iv_508 | 1876 | 4305 | 45 | 72 |

### Input Bit Output Co-occurrences Sorted by Output Co-occurrences

| Input Bits | Co-occurrences | Potential Occurrences | Output Co-occurrences | Potential Output Occurrences |
|:----------:|:--------------:|:---------------------:|:---------------------:|:----------------------------:|
| iv_507-iv_508 | 1960 | 4375 | 47 | 76 |
| iv_501-iv_507 | 1909 | 4423 | 47 | 66 |
| iv_506-iv_509 | 1993 | 4375 | 46 | 77 |
| iv_503-iv_507 | 1986 | 4461 | 45 | 76 |
| iv_503-iv_508 | 1976 | 4370 | 45 | 80 |
| iv_504-iv_508 | 1876 | 4305 | 45 | 72 |
| iv_508-iv_511 | 1992 | 4330 | 45 | 70 |
| iv_508-iv_509 | 1946 | 4540 | 45 | 82 |
| iv_502-iv_503 | 1976 | 4313 | 44 | 68 |
| iv_501-iv_509 | 1969 | 4440 | 44 | 74 |

### Input Bit Output Co-occurrences Sorted by Potential Output Occurrences

| Input Bits | Co-occurrences | Potential Occurrences | Output Co-occurrences | Potential Output Occurrences |
|:----------:|:--------------:|:---------------------:|:---------------------:|:----------------------------:|
| iv_501-iv_507 | 1909 | 4423 | 47 | 66 |
| iv_502-iv_503 | 1976 | 4313 | 44 | 68 |
| iv_503-iv_504 | 1943 | 4309 | 44 | 70 |
| iv_508-iv_511 | 1992 | 4330 | 45 | 70 |
| iv_502-iv_511 | 1973 | 4311 | 37 | 72 |
| iv_504-iv_508 | 1876 | 4305 | 45 | 72 |
| iv_501-iv_502 | 1818 | 4437 | 38 | 74 |
| iv_501-iv_505 | 1852 | 4409 | 37 | 74 |
| iv_501-iv_509 | 1969 | 4440 | 44 | 74 |
| iv_504-iv_509 | 1939 | 4427 | 43 | 74 |

## Output Bits

### Output Bits in Regular Order

| Rank | Output Bit | Complexity |
|:----:|:----------:|:----------:|
| 1 | ov_001 | 1.7941886653383814 × 10^303 |
| 2 | ov_002 | 1.5581956994242862 × 10^303 |
| 3 | ov_003 | 1.3458351702924866 × 10^303 |
| 4 | ov_004 | 1.156151672309124 × 10^303 |
| 5 | ov_005 | 9.873900902602846 × 10^302 |
| 6 | ov_006 | 8.378906436466781 × 10^302 |
| 7 | ov_007 | 7.060825998348707 × 10^302 |
| 8 | ov_008 | 5.904787931920737 × 10^302 |
| 9 | ov_009 | 4.896708667920001 × 10^302 |
| 10 | ov_010 | 4.023251725250084 × 10^302 |
| 11 | ov_011 | 3.2717928372836235 × 10^302 |
| 12 | ov_012 | 2.630390778232041 × 10^302 |
| 13 | ov_013 | 2.087763365876667 × 10^302 |
| 14 | ov_014 | 1.6332680260693031 × 10^302 |
| 15 | ov_015 | 1.2568863035287957 × 10^302 |
| 16 | ov_016 | 9.492117461232109 × 10^301 |
| 17 | ov_017 | 7.014406322871913 × 10^301 |
| 18 | ov_018 | 5.053650535531952 × 10^301 |
| 19 | ov_019 | 3.533679064241069 × 10^301 |
| 20 | ov_020 | 2.3841939001622899 × 10^301 |
| 21 | ov_021 | 1.5407464807597897 × 10^301 |
| 22 | ov_022 | 9.44722361318743 × 10^300 |
| 23 | ov_023 | 5.433314874214198 × 10^300 |
| 24 | ov_024 | 2.8960217458151036 × 10^300 |
| 25 | ov_025 | 1.4237757879916613 × 10^300 |
| 26 | ov_026 | 6.631379933622801 × 10^299 |
| 27 | ov_027 | 3.1878963927662404 × 10^299 |
| 28 | ov_028 | 1.5352845072230393 × 10^299 |
| 29 | ov_029 | 6.32821429848436 × 10^298 |
| 30 | ov_030 | 2.0946956044707604 × 10^298 |
| 31 | ov_031 | 5.074941016094856 × 10^297 |
| 32 | lv_80_k31 | 1.2292086837877883 × 10^297 |
| 33 | ov_033 | 1.496071127364066 × 10^298 |
| 34 | ov_034 | 1.300713507188539 × 10^298 |
| 35 | ov_035 | 1.1258487395141543 × 10^298 |
| 36 | ov_036 | 9.698299293783783 × 10^297 |
| 37 | ov_037 | 8.310984329330236 × 10^297 |
| 38 | ov_038 | 7.081775645445327 × 10^297 |
| 39 | ov_039 | 5.996671720848232 × 10^297 |
| 40 | ov_040 | 5.042389977425794 × 10^297 |
| 41 | ov_041 | 4.206327459639964 × 10^297 |
| 42 | ov_042 | 3.4765278427633555 × 10^297 |
| 43 | ov_043 | 2.8416540678561445 × 10^297 |
| 44 | ov_044 | 2.2909659409543236 × 10^297 |
| 45 | ov_045 | 1.8192400713900224 × 10^297 |
| 46 | ov_046 | 1.4215384606481215 × 10^297 |
| 47 | ov_047 | 1.093202218149309 × 10^297 |
| 48 | ov_048 | 8.257328660399214 × 10^296 |
| 49 | ov_049 | 6.11170765392139 × 10^296 |
| 50 | ov_050 | 4.420907425074385 × 10^296 |
| 51 | ov_051 | 3.1159911391542395 × 10^296 |
| 52 | ov_052 | 2.1333175162579987 × 10^296 |
| 53 | ov_053 | 1.414528830687601 × 10^296 |
| 54 | ov_054 | 9.065438838441466 × 10^295 |
| 55 | ov_055 | 5.615540587473411 × 10^295 |
| 56 | ov_056 | 3.370210122771751 × 10^295 |
| 57 | ov_057 | 1.9567523638065363 × 10^295 |
| 58 | ov_058 | 1.0551519566362219 × 10^295 |
| 59 | ov_059 | 5.1857038065458506 × 10^294 |
| 60 | ov_060 | 2.265059062247994 × 10^294 |
| 61 | ov_061 | 8.479297430641797 × 10^293 |
| 62 | ov_062 | 2.5601999424305742 × 10^293 |
| 63 | ov_063 | 5.659898200275889 × 10^292 |
| 64 | lv_79_m31 | 1.1021800080904889 × 10^292 |
| 65 | ov_065 | 1.2938376034421626 × 10^293 |
| 66 | ov_066 | 1.2938345538670543 × 10^293 |
| 67 | ov_067 | 1.293833582467765 × 10^293 |
| 68 | ov_068 | 1.1158914379616664 × 10^293 |
| 69 | ov_069 | 9.56985769807514 × 10^292 |
| 70 | ov_070 | 8.156625564008508 × 10^292 |
| 71 | ov_071 | 6.905447396599327 × 10^292 |
| 72 | ov_072 | 5.803267388332662 × 10^292 |
| 73 | ov_073 | 4.837697471198742 × 10^292 |
| 74 | ov_074 | 3.9969773453600903 × 10^292 |
| 75 | ov_075 | 3.2699408443308043 × 10^292 |
| 76 | ov_076 | 2.645987948984477 × 10^292 |
| 77 | ov_077 | 2.115061799812158 × 10^292 |
| 78 | ov_078 | 1.667630093033344 × 10^292 |
| 79 | ov_079 | 1.2946702816267868 × 10^292 |
| 80 | ov_080 | 9.876580372669831 × 10^291 |
| 81 | ov_081 | 7.385584636696199 × 10^291 |
| 82 | ov_082 | 5.3981958608035 × 10^291 |
| 83 | ov_083 | 3.8436767567601054 × 10^291 |
| 84 | ov_084 | 2.6560400155329875 × 10^291 |
| 85 | ov_085 | 1.774026368049986 × 10^291 |
| 86 | ov_086 | 1.1410897896077821 × 10^291 |
| 87 | ov_087 | 7.0538706525035344 × 10^290 |
| 88 | ov_088 | 4.1977005981823155 × 10^290 |
| 89 | ov_089 | 2.417800362210085 × 10^290 |
| 90 | ov_090 | 1.3364368473431065 × 10^290 |
| 91 | ov_091 | 7.764530740158871 × 10^289 |
| 92 | ov_092 | 4.537569819909001 × 10^289 |
| 93 | ov_093 | 2.3800432360291226 × 10^289 |
| 94 | ov_094 | 1.0579540701851844 × 10^289 |
| 95 | aaa_78_28 | 3.373089702026409 × 10^288 |
| 96 | aaa_78_29 | 1.2616561166054411 × 10^288 |
| 97 | ov_097 | 1.1293585523783072 × 10^288 |
| 98 | ov_098 | 1.1293530277600127 × 10^288 |
| 99 | ov_099 | 1.1293512658274067 × 10^288 |
| 100 | ov_100 | 9.705061623860594 × 10^287 |
| 101 | ov_101 | 8.290464879255586 × 10^287 |
| 102 | ov_102 | 7.036182098485933 × 10^287 |
| 103 | ov_103 | 5.929405569553401 × 10^287 |
| 104 | ov_104 | 4.958006279916063 × 10^287 |
| 105 | ov_105 | 4.110487284274022 × 10^287 |
| 106 | ov_106 | 3.3759436726054666 × 10^287 |
| 107 | ov_107 | 2.7440284925071063 × 10^287 |
| 108 | ov_108 | 2.204924014559863 × 10^287 |
| 109 | ov_109 | 1.749317762926977 × 10^287 |
| 110 | ov_110 | 1.3683827659246556 × 10^287 |
| 111 | ov_111 | 1.0537615130820737 × 10^287 |
| 112 | ov_112 | 7.975531363977569 × 10^286 |
| 113 | ov_113 | 5.923033642449291 × 10^286 |
| 114 | ov_114 | 4.309968267958591 × 10^286 |
| 115 | ov_115 | 3.07051322019647 × 10^286 |
| 116 | ov_116 | 2.143136813340512 × 10^286 |
| 117 | ov_117 | 1.4705690391658604 × 10^286 |
| 118 | ov_118 | 9.997825854394383 × 10^285 |
| 119 | ov_119 | 6.819808165872987 × 10^285 |
| 120 | ov_120 | 4.7259054772381036 × 10^285 |
| 121 | ov_121 | 3.3125798713447523 × 10^285 |
| 122 | ov_122 | 2.218464457913762 × 10^285 |
| 123 | ov_123 | 1.401411497178386 × 10^285 |
| 124 | ov_124 | 8.19278301781722 × 10^284 |
| 125 | ov_125 | 4.2992467642320785 × 10^284 |
| 126 | ov_126 | 1.912114469496414 × 10^284 |
| 127 | aaa_77_28 | 6.0999765112400385 × 10^283 |
| 128 | aaa_77_29 | 2.283609857755648 × 10^283 |
| 129 | ov_129 | 2.0685261612934937 × 10^283 |
| 130 | ov_130 | 2.0685210993315372 × 10^283 |
| 131 | ov_131 | 2.0685194755279379 × 10^283 |
| 132 | ov_132 | 1.783606059282988 × 10^283 |
| 133 | ov_133 | 1.5292964479451668 × 10^283 |
| 134 | ov_134 | 1.303222695046755 × 10^283 |
| 135 | ov_135 | 1.1031473868998033 × 10^283 |
| 136 | ov_136 | 9.269541262530408 × 10^282 |
| 137 | ov_137 | 7.726392701387271 × 10^282 |
| 138 | ov_138 | 6.383048131249704 × 10^282 |
| 139 | ov_139 | 5.2215230558667 × 10^282 |
| 140 | ov_140 | 4.224777024668544 × 10^282 |
| 141 | ov_141 | 3.376670436983699 × 10^282 |
| 142 | ov_142 | 2.66192873029234 × 10^282 |
| 143 | ov_143 | 2.066113074733496 × 10^282 |
| 144 | ov_144 | 1.575596750165417 × 10^282 |
| 145 | ov_145 | 1.1775464356620966 × 10^282 |
| 146 | ov_146 | 8.599076945722052 × 10^281 |
| 147 | ov_147 | 6.113939912900405 × 10^281 |
| 148 | ov_148 | 4.214786287767161 × 10^281 |
| 149 | ov_149 | 2.8038904867883602 × 10^281 |
| 150 | ov_150 | 1.7910298865360607 × 10^281 |
| 151 | ov_151 | 1.0934604424138054 × 10^281 |
| 152 | ov_152 | 6.359023533944399 × 10^280 |
| 153 | ov_153 | 3.5053230031447627 × 10^280 |
| 154 | ov_154 | 1.7697943043518493 × 10^280 |
| 155 | ov_155 | 8.692108100289746 × 10^279 |
| 156 | aaa_76_25 | 3.4885805604665824 × 10^279 |
| 157 | aaa_76_26 | 2.1460337443231683 × 10^279 |
| 158 | aaa_76_27 | 1.175885138699435 × 10^279 |
| 159 | aaa_76_28 | 5.53684640442342 × 10^278 |
| 160 | aaa_76_29 | 2.0828962917729053 × 10^278 |

### Output Bits Sorted by Complexity

| Rank | Output Bit | Complexity |
|:----:|:----------:|:----------:|
| 160 | aaa_76_29 | 2.0828962917729053 × 10^278 |
| 159 | aaa_76_28 | 5.53684640442342 × 10^278 |
| 158 | aaa_76_27 | 1.175885138699435 × 10^279 |
| 157 | aaa_76_26 | 2.1460337443231683 × 10^279 |
| 156 | aaa_76_25 | 3.4885805604665824 × 10^279 |
| 155 | ov_155 | 8.692108100289746 × 10^279 |
| 154 | ov_154 | 1.7697943043518493 × 10^280 |
| 153 | ov_153 | 3.5053230031447627 × 10^280 |
| 152 | ov_152 | 6.359023533944399 × 10^280 |
| 151 | ov_151 | 1.0934604424138054 × 10^281 |
| 150 | ov_150 | 1.7910298865360607 × 10^281 |
| 149 | ov_149 | 2.8038904867883602 × 10^281 |
| 148 | ov_148 | 4.214786287767161 × 10^281 |
| 147 | ov_147 | 6.113939912900405 × 10^281 |
| 146 | ov_146 | 8.599076945722052 × 10^281 |
| 145 | ov_145 | 1.1775464356620966 × 10^282 |
| 144 | ov_144 | 1.575596750165417 × 10^282 |
| 143 | ov_143 | 2.066113074733496 × 10^282 |
| 142 | ov_142 | 2.66192873029234 × 10^282 |
| 141 | ov_141 | 3.376670436983699 × 10^282 |
| 140 | ov_140 | 4.224777024668544 × 10^282 |
| 139 | ov_139 | 5.2215230558667 × 10^282 |
| 138 | ov_138 | 6.383048131249704 × 10^282 |
| 137 | ov_137 | 7.726392701387271 × 10^282 |
| 136 | ov_136 | 9.269541262530408 × 10^282 |
| 135 | ov_135 | 1.1031473868998033 × 10^283 |
| 134 | ov_134 | 1.303222695046755 × 10^283 |
| 133 | ov_133 | 1.5292964479451668 × 10^283 |
| 132 | ov_132 | 1.783606059282988 × 10^283 |
| 131 | ov_131 | 2.0685194755279379 × 10^283 |
| 130 | ov_130 | 2.0685210993315372 × 10^283 |
| 129 | ov_129 | 2.0685261612934937 × 10^283 |
| 128 | aaa_77_29 | 2.283609857755648 × 10^283 |
| 127 | aaa_77_28 | 6.0999765112400385 × 10^283 |
| 126 | ov_126 | 1.912114469496414 × 10^284 |
| 125 | ov_125 | 4.2992467642320785 × 10^284 |
| 124 | ov_124 | 8.19278301781722 × 10^284 |
| 123 | ov_123 | 1.401411497178386 × 10^285 |
| 122 | ov_122 | 2.218464457913762 × 10^285 |
| 121 | ov_121 | 3.3125798713447523 × 10^285 |
| 120 | ov_120 | 4.7259054772381036 × 10^285 |
| 119 | ov_119 | 6.819808165872987 × 10^285 |
| 118 | ov_118 | 9.997825854394383 × 10^285 |
| 117 | ov_117 | 1.4705690391658604 × 10^286 |
| 116 | ov_116 | 2.143136813340512 × 10^286 |
| 115 | ov_115 | 3.07051322019647 × 10^286 |
| 114 | ov_114 | 4.309968267958591 × 10^286 |
| 113 | ov_113 | 5.923033642449291 × 10^286 |
| 112 | ov_112 | 7.975531363977569 × 10^286 |
| 111 | ov_111 | 1.0537615130820737 × 10^287 |
| 110 | ov_110 | 1.3683827659246556 × 10^287 |
| 109 | ov_109 | 1.749317762926977 × 10^287 |
| 108 | ov_108 | 2.204924014559863 × 10^287 |
| 107 | ov_107 | 2.7440284925071063 × 10^287 |
| 106 | ov_106 | 3.3759436726054666 × 10^287 |
| 105 | ov_105 | 4.110487284274022 × 10^287 |
| 104 | ov_104 | 4.958006279916063 × 10^287 |
| 103 | ov_103 | 5.929405569553401 × 10^287 |
| 102 | ov_102 | 7.036182098485933 × 10^287 |
| 101 | ov_101 | 8.290464879255586 × 10^287 |
| 100 | ov_100 | 9.705061623860594 × 10^287 |
| 99 | ov_099 | 1.1293512658274067 × 10^288 |
| 98 | ov_098 | 1.1293530277600127 × 10^288 |
| 97 | ov_097 | 1.1293585523783072 × 10^288 |
| 96 | aaa_78_29 | 1.2616561166054411 × 10^288 |
| 95 | aaa_78_28 | 3.373089702026409 × 10^288 |
| 94 | ov_094 | 1.0579540701851844 × 10^289 |
| 93 | ov_093 | 2.3800432360291226 × 10^289 |
| 92 | ov_092 | 4.537569819909001 × 10^289 |
| 91 | ov_091 | 7.764530740158871 × 10^289 |
| 90 | ov_090 | 1.3364368473431065 × 10^290 |
| 89 | ov_089 | 2.417800362210085 × 10^290 |
| 88 | ov_088 | 4.1977005981823155 × 10^290 |
| 87 | ov_087 | 7.0538706525035344 × 10^290 |
| 86 | ov_086 | 1.1410897896077821 × 10^291 |
| 85 | ov_085 | 1.774026368049986 × 10^291 |
| 84 | ov_084 | 2.6560400155329875 × 10^291 |
| 83 | ov_083 | 3.8436767567601054 × 10^291 |
| 82 | ov_082 | 5.3981958608035 × 10^291 |
| 81 | ov_081 | 7.385584636696199 × 10^291 |
| 80 | ov_080 | 9.876580372669831 × 10^291 |
| 64 | lv_79_m31 | 1.1021800080904889 × 10^292 |
| 79 | ov_079 | 1.2946702816267868 × 10^292 |
| 78 | ov_078 | 1.667630093033344 × 10^292 |
| 77 | ov_077 | 2.115061799812158 × 10^292 |
| 76 | ov_076 | 2.645987948984477 × 10^292 |
| 75 | ov_075 | 3.2699408443308043 × 10^292 |
| 74 | ov_074 | 3.9969773453600903 × 10^292 |
| 73 | ov_073 | 4.837697471198742 × 10^292 |
| 63 | ov_063 | 5.659898200275889 × 10^292 |
| 72 | ov_072 | 5.803267388332662 × 10^292 |
| 71 | ov_071 | 6.905447396599327 × 10^292 |
| 70 | ov_070 | 8.156625564008508 × 10^292 |
| 69 | ov_069 | 9.56985769807514 × 10^292 |
| 68 | ov_068 | 1.1158914379616664 × 10^293 |
| 67 | ov_067 | 1.293833582467765 × 10^293 |
| 66 | ov_066 | 1.2938345538670543 × 10^293 |
| 65 | ov_065 | 1.2938376034421626 × 10^293 |
| 62 | ov_062 | 2.5601999424305742 × 10^293 |
| 61 | ov_061 | 8.479297430641797 × 10^293 |
| 60 | ov_060 | 2.265059062247994 × 10^294 |
| 59 | ov_059 | 5.1857038065458506 × 10^294 |
| 58 | ov_058 | 1.0551519566362219 × 10^295 |
| 57 | ov_057 | 1.9567523638065363 × 10^295 |
| 56 | ov_056 | 3.370210122771751 × 10^295 |
| 55 | ov_055 | 5.615540587473411 × 10^295 |
| 54 | ov_054 | 9.065438838441466 × 10^295 |
| 53 | ov_053 | 1.414528830687601 × 10^296 |
| 52 | ov_052 | 2.1333175162579987 × 10^296 |
| 51 | ov_051 | 3.1159911391542395 × 10^296 |
| 50 | ov_050 | 4.420907425074385 × 10^296 |
| 49 | ov_049 | 6.11170765392139 × 10^296 |
| 48 | ov_048 | 8.257328660399214 × 10^296 |
| 47 | ov_047 | 1.093202218149309 × 10^297 |
| 32 | lv_80_k31 | 1.2292086837877883 × 10^297 |
| 46 | ov_046 | 1.4215384606481215 × 10^297 |
| 45 | ov_045 | 1.8192400713900224 × 10^297 |
| 44 | ov_044 | 2.2909659409543236 × 10^297 |
| 43 | ov_043 | 2.8416540678561445 × 10^297 |
| 42 | ov_042 | 3.4765278427633555 × 10^297 |
| 41 | ov_041 | 4.206327459639964 × 10^297 |
| 40 | ov_040 | 5.042389977425794 × 10^297 |
| 31 | ov_031 | 5.074941016094856 × 10^297 |
| 39 | ov_039 | 5.996671720848232 × 10^297 |
| 38 | ov_038 | 7.081775645445327 × 10^297 |
| 37 | ov_037 | 8.310984329330236 × 10^297 |
| 36 | ov_036 | 9.698299293783783 × 10^297 |
| 35 | ov_035 | 1.1258487395141543 × 10^298 |
| 34 | ov_034 | 1.300713507188539 × 10^298 |
| 33 | ov_033 | 1.496071127364066 × 10^298 |
| 30 | ov_030 | 2.0946956044707604 × 10^298 |
| 29 | ov_029 | 6.32821429848436 × 10^298 |
| 28 | ov_028 | 1.5352845072230393 × 10^299 |
| 27 | ov_027 | 3.1878963927662404 × 10^299 |
| 26 | ov_026 | 6.631379933622801 × 10^299 |
| 25 | ov_025 | 1.4237757879916613 × 10^300 |
| 24 | ov_024 | 2.8960217458151036 × 10^300 |
| 23 | ov_023 | 5.433314874214198 × 10^300 |
| 22 | ov_022 | 9.44722361318743 × 10^300 |
| 21 | ov_021 | 1.5407464807597897 × 10^301 |
| 20 | ov_020 | 2.3841939001622899 × 10^301 |
| 19 | ov_019 | 3.533679064241069 × 10^301 |
| 18 | ov_018 | 5.053650535531952 × 10^301 |
| 17 | ov_017 | 7.014406322871913 × 10^301 |
| 16 | ov_016 | 9.492117461232109 × 10^301 |
| 15 | ov_015 | 1.2568863035287957 × 10^302 |
| 14 | ov_014 | 1.6332680260693031 × 10^302 |
| 13 | ov_013 | 2.087763365876667 × 10^302 |
| 12 | ov_012 | 2.630390778232041 × 10^302 |
| 11 | ov_011 | 3.2717928372836235 × 10^302 |
| 10 | ov_010 | 4.023251725250084 × 10^302 |
| 9 | ov_009 | 4.896708667920001 × 10^302 |
| 8 | ov_008 | 5.904787931920737 × 10^302 |
| 7 | ov_007 | 7.060825998348707 × 10^302 |
| 6 | ov_006 | 8.378906436466781 × 10^302 |
| 5 | ov_005 | 9.873900902602846 × 10^302 |
| 4 | ov_004 | 1.156151672309124 × 10^303 |
| 3 | ov_003 | 1.3458351702924866 × 10^303 |
| 2 | ov_002 | 1.5581956994242862 × 10^303 |
| 1 | ov_001 | 1.7941886653383814 × 10^303 |

