# Results for F001-F002-F003-F004-F005-F006-F007-F008-F009-F010-F011-F012-F013-F014-F015-F016-F017-F018-F019-F020-F021-F022-F023-F024-F025-F026-F027-F028-F029-F030-F031-F032-F033-F034-F035-F036-F037-F038-F039-F040-F041-F042-F043-F044-F045-F046-F047-F048-F049-F050-F051-F052-F053-F054-F055-F056-F057-F058-F059-F060-F061-F062-F063-F064-F065-F066-F067-F068-F069-F070-F071-F072-F073-F074-F075-F076-F077-F078-F079-F080-F081-F082-F083-F084-F085-F086-F087-F088-F089-F090-F091-F092-F093-F094-F095-F096-F097-F098-F099-F100-F101-F102-F103-F104-F105-F106-F107-F108-F109-F110-F111-F112-F113-F114-F115-F116-F117-F118-F119-F120-F121-F122-F123-F124-F125-F126-F127-F128-F129-F130-F131-F132-F133-F134-F135-F136-F137-F138-F139-F140-F141-F142-F143-F144-F145-F146-F147-F148-F149-F150-F151-F152-F153-F154-F155-F156-F157-F158-F159-F160-F161-F162-F163-F164-F165-F166-F167-F168-F169-F170-F171-F172-F173-F174-F175-F176-F177-F178-F179-F180-F181-F182-F183-F184-F185-F186-F187-F188-F189-F190-F191-F192-F193-F194-F195-F196-F197-F198-F199-F200-F201-F202-F203-F204-F205-F206-F207-F208-F209-F210-F211-F212-F213-F214-F215-F216-F217-F218-F219-F220-F221-F222-F223-F224-F225-F226-F227-F228-F229-F230-F231-F232-F233-F234-F235-F236-F237-F238-F239-F240-F241-F242-F243-F244-F245-F246-F247-F248-F249-F250-F251-F252-F253-F254-F255-F256-F257-F258-F259-F260-F261-F262-F263-F264-F265-F266-F267-F268-F269-F270-F271-F272-F273-F274-F275-F276-F277-F278-F279-F280-F281-F282-F283-F284-F285-F286-F287-F288-F289-F290-F291-F292-F293-F294-F295-F296-F297-F298-F299-F300-F301-F302-F303-F304-F305-F306-F307-F308-F309-F310-F311-F312-F313-F314-F315-F316-F317-F318-F319-F320-F321-F322-F323-F324-F325-F326-F327-F328-F329-F330-F331-F332-F333-F334-F335-F336-F337-F338-F339-F340-F341-F342-F343-F344-F345-F346-F347-F348-F349-F350-F351-F352-F353-F354-F355-F356-F357-F358-F359-F360-F361-F362-F363-F364-F365-F366-F367-F368-F369-F370-F371-F372-F373-F374-F375-F376-F377-F378-F379-F380-F381-F382-F383-F384-F385-F386-F387-F388-F389-F390-F391-F392-F393-F394-F395-F396-F397-F398-F399-F400-F401-F402-F403-F404-F405-F406-F407-F408-F409-F410-F411-F412-F413-F414-F415-F416-F417-F418-F419-F420-F421-F422-F423-F424-F425-F426-F427-F428-F429-F430-F431-F432-F433-F434-F435-F436-F437-F438-F439-F440-F441-F442-F443-F444-F445-F446-F447-F448-F449-F450-F451-F452-F453-F454-F455-F456-F457-F458-F459-F460-F461-F462-F463-F464-F465-F466-F467-F468-F469-F470-F471-F472-F473-F474-F475-F476-F477-F478-F479-F480-F481-F482-F483-F484-F485-F486-F487-F488-F489-F490-F491-F492-F493-F494-F495-F496-O497506-O500505-F509-F510-F511-F512

## Summary

Number of input bits: 512  
Number of free input bits: 10  
Number of output bits: 160

Number of direct occurrences: 40245  
Number of assignments: 31121  
Number of operations: 10862429
(xor: 10834399,
and: 14732,
or: 13298)

Total complexity: 2.3375721727818386 × 10^298

Least occurring input variable: iv_502 (3788)  
Most occurring input variable: iv_500 (4253)

Most co-occurring input variables: iv_500-iv_507 (2014)  
Least co-occurring input variables: iv_499-iv_502 (1711)

Potentially most occurring input variable: iv_497/iv_508 (4594)  
Potentially least occurring input variable: iv_499/iv_504 (4113)

Least output occurring input variable: iv_502 (71)  
Most output occurring input variable: iv_498 (88)

Most output co-occurring input variables: iv_498-iv_503 (51)  
Least output co-occurring input variables: iv_499-iv_504 (30)

Potentially most output occurring input variable: iv_500/iv_507 (90)  
Potentially least output occurring input variable: iv_498/iv_503 (68)

Least complex input bit: iv_498 (1.660207250587551 × 10^296)  
Most complex input bit: iv_500 (5.407768943488773 × 10^297)

Least complex output bit: aaa_76_29 (5.306473402563194 × 10^273)  
Most complex output bit: ov_001 (3.739147906606853 × 10^297)

Least complex input/output complexity: iv_498/aaa_76_29 (3.7688015457085146 × 10^271)  
Most complex input/output complexity: iv_500/ov_001 (8.650191921302741 × 10^296)

## Input Bits

### Input Bits in Regular Order

| Input Bit | Complexity | Occurrences | Output Occurrences |
|:---------:|:----------:|:-----------:|:------------------:|
| iv_497 | 2.5409757311528834 × 10^297 | 4199 | 72 |
| iv_498 | 1.660207250587551 × 10^296 | 3900 | 88 |
| iv_499 | 2.9316143307250067 × 10^296 | 3863 | 72 |
| iv_500 | 5.407768943488773 × 10^297 | 4253 | 82 |
| iv_501 | 8.122973113871837 × 10^296 | 4053 | 83 |
| iv_502 | 1.309501000563691 × 10^297 | 3788 | 71 |
| iv_503 | 2.073936574001589 × 10^297 | 4031 | 82 |
| iv_504 | 3.2210351886442824 × 10^297 | 3886 | 71 |
| iv_507 | 3.497708384591536 × 10^297 | 4147 | 76 |
| iv_508 | 4.053316435857242 × 10^297 | 4125 | 78 |

### Input Bits Sorted by Complexity

| Input Bit | Complexity | Occurrences | Output Occurrences |
|:---------:|:----------:|:-----------:|:------------------:|
| iv_498 | 1.660207250587551 × 10^296 | 3900 | 88 |
| iv_499 | 2.9316143307250067 × 10^296 | 3863 | 72 |
| iv_501 | 8.122973113871837 × 10^296 | 4053 | 83 |
| iv_502 | 1.309501000563691 × 10^297 | 3788 | 71 |
| iv_503 | 2.073936574001589 × 10^297 | 4031 | 82 |
| iv_497 | 2.5409757311528834 × 10^297 | 4199 | 72 |
| iv_504 | 3.2210351886442824 × 10^297 | 3886 | 71 |
| iv_507 | 3.497708384591536 × 10^297 | 4147 | 76 |
| iv_508 | 4.053316435857242 × 10^297 | 4125 | 78 |
| iv_500 | 5.407768943488773 × 10^297 | 4253 | 82 |

### Input Bits Sorted by Occurrences

| Input Bit | Complexity | Occurrences | Output Occurrences |
|:---------:|:----------:|:-----------:|:------------------:|
| iv_502 | 1.309501000563691 × 10^297 | 3788 | 71 |
| iv_499 | 2.9316143307250067 × 10^296 | 3863 | 72 |
| iv_504 | 3.2210351886442824 × 10^297 | 3886 | 71 |
| iv_498 | 1.660207250587551 × 10^296 | 3900 | 88 |
| iv_503 | 2.073936574001589 × 10^297 | 4031 | 82 |
| iv_501 | 8.122973113871837 × 10^296 | 4053 | 83 |
| iv_508 | 4.053316435857242 × 10^297 | 4125 | 78 |
| iv_507 | 3.497708384591536 × 10^297 | 4147 | 76 |
| iv_497 | 2.5409757311528834 × 10^297 | 4199 | 72 |
| iv_500 | 5.407768943488773 × 10^297 | 4253 | 82 |

### Input Bits Sorted by Output Occurrences

| Input Bit | Complexity | Occurrences | Output Occurrences |
|:---------:|:----------:|:-----------:|:------------------:|
| iv_502 | 1.309501000563691 × 10^297 | 3788 | 71 |
| iv_504 | 3.2210351886442824 × 10^297 | 3886 | 71 |
| iv_499 | 2.9316143307250067 × 10^296 | 3863 | 72 |
| iv_497 | 2.5409757311528834 × 10^297 | 4199 | 72 |
| iv_507 | 3.497708384591536 × 10^297 | 4147 | 76 |
| iv_508 | 4.053316435857242 × 10^297 | 4125 | 78 |
| iv_503 | 2.073936574001589 × 10^297 | 4031 | 82 |
| iv_500 | 5.407768943488773 × 10^297 | 4253 | 82 |
| iv_501 | 8.122973113871837 × 10^296 | 4053 | 83 |
| iv_498 | 1.660207250587551 × 10^296 | 3900 | 88 |

## Input Bit Co-occurrences

### Input Bit Co-occurrences Sorted by Co-occurrences

| Input Bits | Co-occurrences | Potential Occurrences | Output Co-occurrences | Potential Output Occurrences |
|:----------:|:--------------:|:---------------------:|:---------------------:|:----------------------------:|
| iv_500-iv_507 | 2014 | 4372 | 34 | 90 |
| iv_500-iv_501 | 2002 | 4302 | 42 | 81 |
| iv_497-iv_500 | 2001 | 4450 | 43 | 68 |
| iv_500-iv_508 | 1975 | 4428 | 39 | 82 |
| iv_507-iv_508 | 1961 | 4350 | 33 | 88 |
| iv_501-iv_503 | 1956 | 4172 | 48 | 69 |
| iv_500-iv_503 | 1943 | 4398 | 42 | 80 |
| iv_497-iv_507 | 1942 | 4462 | 35 | 78 |
| iv_499-iv_500 | 1937 | 4242 | 41 | 72 |
| iv_500-iv_504 | 1935 | 4269 | 36 | 81 |

### Input Bit Co-occurrences Sorted by Potential Occurrences

| Input Bits | Co-occurrences | Potential Occurrences | Output Co-occurrences | Potential Output Occurrences |
|:----------:|:--------------:|:---------------------:|:---------------------:|:----------------------------:|
| iv_499-iv_504 | 1818 | 4113 | 30 | 83 |
| iv_498-iv_504 | 1810 | 4166 | 40 | 79 |
| iv_498-iv_499 | 1797 | 4169 | 44 | 72 |
| iv_501-iv_503 | 1956 | 4172 | 48 | 69 |
| iv_502-iv_504 | 1745 | 4184 | 33 | 76 |
| iv_499-iv_501 | 1863 | 4190 | 33 | 89 |
| iv_499-iv_508 | 1899 | 4190 | 37 | 76 |
| iv_503-iv_504 | 1854 | 4209 | 34 | 85 |
| iv_502-iv_507 | 1858 | 4219 | 36 | 75 |
| iv_499-iv_502 | 1711 | 4229 | 30 | 83 |

### Input Bit Output Co-occurrences Sorted by Output Co-occurrences

| Input Bits | Co-occurrences | Potential Occurrences | Output Co-occurrences | Potential Output Occurrences |
|:----------:|:--------------:|:---------------------:|:---------------------:|:----------------------------:|
| iv_498-iv_503 | 1850 | 4231 | 51 | 68 |
| iv_498-iv_501 | 1849 | 4255 | 48 | 75 |
| iv_501-iv_503 | 1956 | 4172 | 48 | 69 |
| iv_498-iv_500 | 1925 | 4303 | 45 | 80 |
| iv_498-iv_499 | 1797 | 4169 | 44 | 72 |
| iv_498-iv_507 | 1879 | 4289 | 43 | 78 |
| iv_498-iv_508 | 1822 | 4381 | 43 | 80 |
| iv_501-iv_508 | 1917 | 4344 | 43 | 75 |
| iv_497-iv_500 | 2001 | 4450 | 43 | 68 |
| iv_497-iv_498 | 1826 | 4447 | 43 | 74 |

### Input Bit Output Co-occurrences Sorted by Potential Output Occurrences

| Input Bits | Co-occurrences | Potential Occurrences | Output Co-occurrences | Potential Output Occurrences |
|:----------:|:--------------:|:---------------------:|:---------------------:|:----------------------------:|
| iv_498-iv_503 | 1850 | 4231 | 51 | 68 |
| iv_497-iv_500 | 2001 | 4450 | 43 | 68 |
| iv_501-iv_503 | 1956 | 4172 | 48 | 69 |
| iv_499-iv_500 | 1937 | 4242 | 41 | 72 |
| iv_499-iv_507 | 1890 | 4230 | 38 | 72 |
| iv_498-iv_499 | 1797 | 4169 | 44 | 72 |
| iv_503-iv_507 | 1918 | 4342 | 42 | 74 |
| iv_497-iv_498 | 1826 | 4447 | 43 | 74 |
| iv_498-iv_501 | 1849 | 4255 | 48 | 75 |
| iv_501-iv_508 | 1917 | 4344 | 43 | 75 |

## Output Bits

### Output Bits in Regular Order

| Rank | Output Bit | Complexity |
|:----:|:----------:|:----------:|
| 1 | ov_001 | 3.739147906606853 × 10^297 |
| 2 | ov_002 | 3.242682849313728 × 10^297 |
| 3 | ov_003 | 2.7979427012775365 × 10^297 |
| 4 | ov_004 | 2.401008169434948 × 10^297 |
| 5 | ov_005 | 2.048173658162176 × 10^297 |
| 6 | ov_006 | 1.7359320319965568 × 10^297 |
| 7 | ov_007 | 1.4609613456421778 × 10^297 |
| 8 | ov_008 | 1.2201134134309938 × 10^297 |
| 9 | ov_009 | 1.0104040759017452 × 10^297 |
| 10 | ov_010 | 8.290049950497164 × 10^296 |
| 11 | ov_011 | 6.732368078638304 × 10^296 |
| 12 | ov_012 | 5.405634775001267 × 10^296 |
| 13 | ov_013 | 4.285876909908395 × 10^296 |
| 14 | ov_014 | 3.3504716179815795 × 10^296 |
| 15 | ov_015 | 2.578117048258681 × 10^296 |
| 16 | ov_016 | 1.948809607281968 × 10^296 |
| 17 | ov_017 | 1.4438265552490129 × 10^296 |
| 18 | ov_018 | 1.0457129066120478 × 10^296 |
| 19 | ov_019 | 7.382716775249174 × 10^295 |
| 20 | ov_020 | 5.065566561961536 × 10^295 |
| 21 | ov_021 | 3.3686708575903953 × 10^295 |
| 22 | ov_022 | 2.1674384576352316 × 10^295 |
| 23 | ov_023 | 1.3496681218522286 × 10^295 |
| 24 | ov_024 | 8.15531211163488 × 10^294 |
| 25 | ov_025 | 4.7756106563542816 × 10^294 |
| 26 | ov_026 | 2.6064718753117714 × 10^294 |
| 27 | ov_027 | 1.3032288540121213 × 10^294 |
| 28 | ov_028 | 5.829777923655582 × 10^293 |
| 29 | ov_029 | 2.245752556143016 × 10^293 |
| 30 | ov_030 | 6.863745383861137 × 10^292 |
| 31 | ov_031 | 1.3384212704097845 × 10^292 |
| 32 | lv_80_m31 | 2.609464220006155 × 10^291 |
| 33 | ov_033 | 3.126590761254566 × 10^292 |
| 34 | ov_034 | 2.7110023443055335 × 10^292 |
| 35 | ov_035 | 2.33923062913672 × 10^292 |
| 36 | ov_036 | 2.0077126568686434 × 10^292 |
| 37 | ov_037 | 1.713077074547415 × 10^292 |
| 38 | ov_038 | 1.4521306525248626 × 10^292 |
| 39 | ov_039 | 1.22184664613786 × 10^292 |
| 40 | ov_040 | 1.0193548205696767 × 10^292 |
| 41 | ov_041 | 8.419329688273308 × 10^291 |
| 42 | ov_042 | 6.882560222905338 × 10^291 |
| 43 | ov_043 | 5.570677219144693 × 10^291 |
| 44 | ov_044 | 4.460516487477433 × 10^291 |
| 45 | ov_045 | 3.530173699227346 × 10^291 |
| 46 | ov_046 | 2.758972215231445 × 10^291 |
| 47 | ov_047 | 2.12743768631247 × 10^291 |
| 48 | ov_048 | 1.6172783729190685 × 10^291 |
| 49 | ov_049 | 1.2113702125677426 × 10^291 |
| 50 | ov_050 | 8.937457434806446 × 10^290 |
| 51 | ov_051 | 6.495860714015882 × 10^290 |
| 52 | ov_052 | 4.652151442773805 × 10^290 |
| 53 | ov_053 | 3.2809570813164008 × 10^290 |
| 54 | ov_054 | 2.268264840500344 × 10^290 |
| 55 | ov_055 | 1.5114025823412538 × 10^290 |
| 56 | ov_056 | 9.618675049277977 × 10^289 |
| 57 | ov_057 | 5.768186187612598 × 10^289 |
| 58 | ov_058 | 3.1907400358990555 × 10^289 |
| 59 | ov_059 | 1.5710935143735633 × 10^289 |
| 60 | ov_060 | 6.505729050058721 × 10^288 |
| 61 | ov_061 | 2.2707135873733615 × 10^288 |
| 62 | ov_062 | 6.224113159742467 × 10^287 |
| 63 | ov_063 | 1.2121008760328681 × 10^287 |
| 64 | lv_79_m31 | 2.3599564259644163 × 10^286 |
| 65 | ov_065 | 2.80334038587012 × 10^287 |
| 66 | ov_066 | 2.8033314096467258 × 10^287 |
| 67 | ov_067 | 2.803329212688885 × 10^287 |
| 68 | ov_068 | 2.420075634896861 × 10^287 |
| 69 | ov_069 | 2.078530531755975 × 10^287 |
| 70 | ov_070 | 1.7752941013097994 × 10^287 |
| 71 | ov_071 | 1.5071757964965152 × 10^287 |
| 72 | ov_072 | 1.271180153609957 × 10^287 |
| 73 | ov_073 | 1.0644938721470415 × 10^287 |
| 74 | ov_074 | 8.844740801897497 × 10^286 |
| 75 | ov_075 | 7.286377219613148 × 10^286 |
| 76 | ov_076 | 5.946520062291134 × 10^286 |
| 77 | ov_077 | 4.8032585586091 × 10^286 |
| 78 | ov_078 | 3.8360230013716366 × 10^286 |
| 79 | ov_079 | 3.0255175243219773 × 10^286 |
| 80 | ov_080 | 2.3536611664790387 × 10^286 |
| 81 | ov_081 | 1.8035366635972316 × 10^286 |
| 82 | ov_082 | 1.3593464105649012 × 10^286 |
| 83 | ov_083 | 1.006375041596931 × 10^286 |
| 84 | ov_084 | 7.309580772438175 × 10^285 |
| 85 | ov_085 | 5.204560887651623 × 10^285 |
| 86 | ov_086 | 3.63233831463569 × 10^285 |
| 87 | ov_087 | 2.4864379926646327 × 10^285 |
| 88 | ov_088 | 1.6701365327568925 × 10^285 |
| 89 | ov_089 | 1.0963697725663428 × 10^285 |
| 90 | ov_090 | 6.876681317243013 × 10^284 |
| 91 | ov_091 | 4.076889515960179 × 10^284 |
| 92 | ov_092 | 2.248575799145547 × 10^284 |
| 93 | ov_093 | 1.1235822500667472 × 10^284 |
| 94 | ov_094 | 4.812945741983805 × 10^283 |
| 95 | aaa_78_28 | 1.4862371511702537 × 10^283 |
| 96 | aaa_78_29 | 4.5645202278884954 × 10^282 |
| 97 | ov_097 | 3.015057928204341 × 10^282 |
| 98 | ov_098 | 3.014967193302553 × 10^282 |
| 99 | ov_099 | 3.0149381767664685 × 10^282 |
| 100 | ov_100 | 2.7132531260191347 × 10^282 |
| 101 | ov_101 | 2.4338069886212327 × 10^282 |
| 102 | ov_102 | 2.1753810839628928 × 10^282 |
| 103 | ov_103 | 1.936846097645661 × 10^282 |
| 104 | ov_104 | 1.7171503133573766 × 10^282 |
| 105 | ov_105 | 1.515308927549249 × 10^282 |
| 106 | ov_106 | 1.3303943917261975 × 10^282 |
| 107 | ov_107 | 1.1615277290378546 × 10^282 |
| 108 | ov_108 | 1.0078707733410326 × 10^282 |
| 109 | ov_109 | 8.68619280053179 × 10^281 |
| 110 | ov_110 | 7.429968589817073 × 10^281 |
| 111 | ov_111 | 6.302496799454715 × 10^281 |
| 112 | ov_112 | 5.296419024476831 × 10^281 |
| 113 | ov_113 | 4.4045178095628946 × 10^281 |
| 114 | ov_114 | 3.6196839753661385 × 10^281 |
| 115 | ov_115 | 2.934889736962606 × 10^281 |
| 116 | ov_116 | 2.343167133725327 × 10^281 |
| 117 | ov_117 | 1.8375912903794507 × 10^281 |
| 118 | ov_118 | 1.4112680293066018 × 10^281 |
| 119 | ov_119 | 1.0573249603664437 × 10^281 |
| 120 | ov_120 | 7.689048405594935 × 10^280 |
| 121 | ov_121 | 5.391605098160669 × 10^280 |
| 122 | ov_122 | 3.6125116318267715 × 10^280 |
| 123 | ov_123 | 2.2833971969343323 × 10^280 |
| 124 | ov_124 | 1.3359104821732639 × 10^280 |
| 125 | ov_125 | 7.017086885464639 × 10^279 |
| 126 | ov_126 | 3.124519282185256 × 10^279 |
| 127 | aaa_77_28 | 9.980107568488472 × 10^278 |
| 128 | aaa_77_29 | 3.743282849046705 × 10^278 |
| 129 | ov_129 | 3.437079906562242 × 10^278 |
| 130 | ov_130 | 3.437069580087519 × 10^278 |
| 131 | ov_131 | 3.437067086046748 × 10^278 |
| 132 | ov_132 | 2.978782958064236 × 10^278 |
| 133 | ov_133 | 2.5678935865539854 × 10^278 |
| 134 | ov_134 | 2.20069438374849 × 10^278 |
| 135 | ov_135 | 1.87367608761895 × 10^278 |
| 136 | ov_136 | 1.5835107267529674 × 10^278 |
| 137 | ov_137 | 1.3285780167776464 × 10^278 |
| 138 | ov_138 | 1.1058783721964024 × 10^278 |
| 139 | ov_139 | 9.125627709258448 × 10^277 |
| 140 | ov_140 | 7.459256751038487 × 10^277 |
| 141 | ov_141 | 6.033992429868567 × 10^277 |
| 142 | ov_142 | 4.82548671797743 × 10^277 |
| 143 | ov_143 | 3.810685206736862 × 10^277 |
| 144 | ov_144 | 2.967798720850834 × 10^277 |
| 145 | ov_145 | 2.2762819927496296 × 10^277 |
| 146 | ov_146 | 1.7168181641897414 × 10^277 |
| 147 | ov_147 | 1.271307973380836 × 10^277 |
| 148 | ov_148 | 9.228625771480147 × 10^276 |
| 149 | ov_149 | 6.557990487241378 × 10^276 |
| 150 | ov_150 | 4.556376827782901 × 10^276 |
| 151 | ov_151 | 3.0910036746868103 × 10^276 |
| 152 | ov_152 | 2.0410951176929824 × 10^276 |
| 153 | ov_153 | 1.2978728512890044 × 10^276 |
| 154 | ov_154 | 7.645508678961593 × 10^275 |
| 155 | ov_155 | 3.9573368969601416 × 10^275 |
| 156 | aaa_76_25 | 1.5201964921454043 × 10^275 |
| 157 | aaa_76_26 | 8.774130271576044 × 10^274 |
| 158 | aaa_76_27 | 4.488651988500145 × 10^274 |
| 159 | aaa_76_28 | 1.7462852021963866 × 10^274 |
| 160 | aaa_76_29 | 5.306473402563194 × 10^273 |

### Output Bits Sorted by Complexity

| Rank | Output Bit | Complexity |
|:----:|:----------:|:----------:|
| 160 | aaa_76_29 | 5.306473402563194 × 10^273 |
| 159 | aaa_76_28 | 1.7462852021963866 × 10^274 |
| 158 | aaa_76_27 | 4.488651988500145 × 10^274 |
| 157 | aaa_76_26 | 8.774130271576044 × 10^274 |
| 156 | aaa_76_25 | 1.5201964921454043 × 10^275 |
| 155 | ov_155 | 3.9573368969601416 × 10^275 |
| 154 | ov_154 | 7.645508678961593 × 10^275 |
| 153 | ov_153 | 1.2978728512890044 × 10^276 |
| 152 | ov_152 | 2.0410951176929824 × 10^276 |
| 151 | ov_151 | 3.0910036746868103 × 10^276 |
| 150 | ov_150 | 4.556376827782901 × 10^276 |
| 149 | ov_149 | 6.557990487241378 × 10^276 |
| 148 | ov_148 | 9.228625771480147 × 10^276 |
| 147 | ov_147 | 1.271307973380836 × 10^277 |
| 146 | ov_146 | 1.7168181641897414 × 10^277 |
| 145 | ov_145 | 2.2762819927496296 × 10^277 |
| 144 | ov_144 | 2.967798720850834 × 10^277 |
| 143 | ov_143 | 3.810685206736862 × 10^277 |
| 142 | ov_142 | 4.82548671797743 × 10^277 |
| 141 | ov_141 | 6.033992429868567 × 10^277 |
| 140 | ov_140 | 7.459256751038487 × 10^277 |
| 139 | ov_139 | 9.125627709258448 × 10^277 |
| 138 | ov_138 | 1.1058783721964024 × 10^278 |
| 137 | ov_137 | 1.3285780167776464 × 10^278 |
| 136 | ov_136 | 1.5835107267529674 × 10^278 |
| 135 | ov_135 | 1.87367608761895 × 10^278 |
| 134 | ov_134 | 2.20069438374849 × 10^278 |
| 133 | ov_133 | 2.5678935865539854 × 10^278 |
| 132 | ov_132 | 2.978782958064236 × 10^278 |
| 131 | ov_131 | 3.437067086046748 × 10^278 |
| 130 | ov_130 | 3.437069580087519 × 10^278 |
| 129 | ov_129 | 3.437079906562242 × 10^278 |
| 128 | aaa_77_29 | 3.743282849046705 × 10^278 |
| 127 | aaa_77_28 | 9.980107568488472 × 10^278 |
| 126 | ov_126 | 3.124519282185256 × 10^279 |
| 125 | ov_125 | 7.017086885464639 × 10^279 |
| 124 | ov_124 | 1.3359104821732639 × 10^280 |
| 123 | ov_123 | 2.2833971969343323 × 10^280 |
| 122 | ov_122 | 3.6125116318267715 × 10^280 |
| 121 | ov_121 | 5.391605098160669 × 10^280 |
| 120 | ov_120 | 7.689048405594935 × 10^280 |
| 119 | ov_119 | 1.0573249603664437 × 10^281 |
| 118 | ov_118 | 1.4112680293066018 × 10^281 |
| 117 | ov_117 | 1.8375912903794507 × 10^281 |
| 116 | ov_116 | 2.343167133725327 × 10^281 |
| 115 | ov_115 | 2.934889736962606 × 10^281 |
| 114 | ov_114 | 3.6196839753661385 × 10^281 |
| 113 | ov_113 | 4.4045178095628946 × 10^281 |
| 112 | ov_112 | 5.296419024476831 × 10^281 |
| 111 | ov_111 | 6.302496799454715 × 10^281 |
| 110 | ov_110 | 7.429968589817073 × 10^281 |
| 109 | ov_109 | 8.68619280053179 × 10^281 |
| 108 | ov_108 | 1.0078707733410326 × 10^282 |
| 107 | ov_107 | 1.1615277290378546 × 10^282 |
| 106 | ov_106 | 1.3303943917261975 × 10^282 |
| 105 | ov_105 | 1.515308927549249 × 10^282 |
| 104 | ov_104 | 1.7171503133573766 × 10^282 |
| 103 | ov_103 | 1.936846097645661 × 10^282 |
| 102 | ov_102 | 2.1753810839628928 × 10^282 |
| 101 | ov_101 | 2.4338069886212327 × 10^282 |
| 100 | ov_100 | 2.7132531260191347 × 10^282 |
| 99 | ov_099 | 3.0149381767664685 × 10^282 |
| 98 | ov_098 | 3.014967193302553 × 10^282 |
| 97 | ov_097 | 3.015057928204341 × 10^282 |
| 96 | aaa_78_29 | 4.5645202278884954 × 10^282 |
| 95 | aaa_78_28 | 1.4862371511702537 × 10^283 |
| 94 | ov_094 | 4.812945741983805 × 10^283 |
| 93 | ov_093 | 1.1235822500667472 × 10^284 |
| 92 | ov_092 | 2.248575799145547 × 10^284 |
| 91 | ov_091 | 4.076889515960179 × 10^284 |
| 90 | ov_090 | 6.876681317243013 × 10^284 |
| 89 | ov_089 | 1.0963697725663428 × 10^285 |
| 88 | ov_088 | 1.6701365327568925 × 10^285 |
| 87 | ov_087 | 2.4864379926646327 × 10^285 |
| 86 | ov_086 | 3.63233831463569 × 10^285 |
| 85 | ov_085 | 5.204560887651623 × 10^285 |
| 84 | ov_084 | 7.309580772438175 × 10^285 |
| 83 | ov_083 | 1.006375041596931 × 10^286 |
| 82 | ov_082 | 1.3593464105649012 × 10^286 |
| 81 | ov_081 | 1.8035366635972316 × 10^286 |
| 80 | ov_080 | 2.3536611664790387 × 10^286 |
| 64 | lv_79_m31 | 2.3599564259644163 × 10^286 |
| 79 | ov_079 | 3.0255175243219773 × 10^286 |
| 78 | ov_078 | 3.8360230013716366 × 10^286 |
| 77 | ov_077 | 4.8032585586091 × 10^286 |
| 76 | ov_076 | 5.946520062291134 × 10^286 |
| 75 | ov_075 | 7.286377219613148 × 10^286 |
| 74 | ov_074 | 8.844740801897497 × 10^286 |
| 73 | ov_073 | 1.0644938721470415 × 10^287 |
| 63 | ov_063 | 1.2121008760328681 × 10^287 |
| 72 | ov_072 | 1.271180153609957 × 10^287 |
| 71 | ov_071 | 1.5071757964965152 × 10^287 |
| 70 | ov_070 | 1.7752941013097994 × 10^287 |
| 69 | ov_069 | 2.078530531755975 × 10^287 |
| 68 | ov_068 | 2.420075634896861 × 10^287 |
| 67 | ov_067 | 2.803329212688885 × 10^287 |
| 66 | ov_066 | 2.8033314096467258 × 10^287 |
| 65 | ov_065 | 2.80334038587012 × 10^287 |
| 62 | ov_062 | 6.224113159742467 × 10^287 |
| 61 | ov_061 | 2.2707135873733615 × 10^288 |
| 60 | ov_060 | 6.505729050058721 × 10^288 |
| 59 | ov_059 | 1.5710935143735633 × 10^289 |
| 58 | ov_058 | 3.1907400358990555 × 10^289 |
| 57 | ov_057 | 5.768186187612598 × 10^289 |
| 56 | ov_056 | 9.618675049277977 × 10^289 |
| 55 | ov_055 | 1.5114025823412538 × 10^290 |
| 54 | ov_054 | 2.268264840500344 × 10^290 |
| 53 | ov_053 | 3.2809570813164008 × 10^290 |
| 52 | ov_052 | 4.652151442773805 × 10^290 |
| 51 | ov_051 | 6.495860714015882 × 10^290 |
| 50 | ov_050 | 8.937457434806446 × 10^290 |
| 49 | ov_049 | 1.2113702125677426 × 10^291 |
| 48 | ov_048 | 1.6172783729190685 × 10^291 |
| 47 | ov_047 | 2.12743768631247 × 10^291 |
| 32 | lv_80_m31 | 2.609464220006155 × 10^291 |
| 46 | ov_046 | 2.758972215231445 × 10^291 |
| 45 | ov_045 | 3.530173699227346 × 10^291 |
| 44 | ov_044 | 4.460516487477433 × 10^291 |
| 43 | ov_043 | 5.570677219144693 × 10^291 |
| 42 | ov_042 | 6.882560222905338 × 10^291 |
| 41 | ov_041 | 8.419329688273308 × 10^291 |
| 40 | ov_040 | 1.0193548205696767 × 10^292 |
| 39 | ov_039 | 1.22184664613786 × 10^292 |
| 31 | ov_031 | 1.3384212704097845 × 10^292 |
| 38 | ov_038 | 1.4521306525248626 × 10^292 |
| 37 | ov_037 | 1.713077074547415 × 10^292 |
| 36 | ov_036 | 2.0077126568686434 × 10^292 |
| 35 | ov_035 | 2.33923062913672 × 10^292 |
| 34 | ov_034 | 2.7110023443055335 × 10^292 |
| 33 | ov_033 | 3.126590761254566 × 10^292 |
| 30 | ov_030 | 6.863745383861137 × 10^292 |
| 29 | ov_029 | 2.245752556143016 × 10^293 |
| 28 | ov_028 | 5.829777923655582 × 10^293 |
| 27 | ov_027 | 1.3032288540121213 × 10^294 |
| 26 | ov_026 | 2.6064718753117714 × 10^294 |
| 25 | ov_025 | 4.7756106563542816 × 10^294 |
| 24 | ov_024 | 8.15531211163488 × 10^294 |
| 23 | ov_023 | 1.3496681218522286 × 10^295 |
| 22 | ov_022 | 2.1674384576352316 × 10^295 |
| 21 | ov_021 | 3.3686708575903953 × 10^295 |
| 20 | ov_020 | 5.065566561961536 × 10^295 |
| 19 | ov_019 | 7.382716775249174 × 10^295 |
| 18 | ov_018 | 1.0457129066120478 × 10^296 |
| 17 | ov_017 | 1.4438265552490129 × 10^296 |
| 16 | ov_016 | 1.948809607281968 × 10^296 |
| 15 | ov_015 | 2.578117048258681 × 10^296 |
| 14 | ov_014 | 3.3504716179815795 × 10^296 |
| 13 | ov_013 | 4.285876909908395 × 10^296 |
| 12 | ov_012 | 5.405634775001267 × 10^296 |
| 11 | ov_011 | 6.732368078638304 × 10^296 |
| 10 | ov_010 | 8.290049950497164 × 10^296 |
| 9 | ov_009 | 1.0104040759017452 × 10^297 |
| 8 | ov_008 | 1.2201134134309938 × 10^297 |
| 7 | ov_007 | 1.4609613456421778 × 10^297 |
| 6 | ov_006 | 1.7359320319965568 × 10^297 |
| 5 | ov_005 | 2.048173658162176 × 10^297 |
| 4 | ov_004 | 2.401008169434948 × 10^297 |
| 3 | ov_003 | 2.7979427012775365 × 10^297 |
| 2 | ov_002 | 3.242682849313728 × 10^297 |
| 1 | ov_001 | 3.739147906606853 × 10^297 |

