# Results for F001-F002-F003-F004-F005-F006-F007-F008-F009-F010-F011-F012-F013-F014-F015-F016-F017-F018-F019-F020-F021-F022-F023-F024-F025-F026-F027-F028-F029-F030-F031-F032-F033-F034-F035-F036-F037-F038-F039-F040-F041-F042-F043-F044-F045-F046-F047-F048-F049-F050-F051-F052-F053-F054-F055-F056-F057-F058-F059-F060-F061-F062-F063-F064-F065-F066-F067-F068-F069-F070-F071-F072-F073-F074-F075-F076-F077-F078-F079-F080-F081-F082-F083-F084-F085-F086-F087-F088-F089-F090-F091-F092-F093-F094-F095-F096-F097-F098-F099-F100-F101-F102-F103-F104-F105-F106-F107-F108-F109-F110-F111-F112-F113-F114-F115-F116-F117-F118-F119-F120-F121-F122-F123-F124-F125-F126-F127-F128-F129-F130-F131-F132-F133-F134-F135-F136-F137-F138-F139-F140-F141-F142-F143-F144-F145-F146-F147-F148-F149-F150-F151-F152-F153-F154-F155-F156-F157-F158-F159-F160-F161-F162-F163-F164-F165-F166-F167-F168-F169-F170-F171-F172-F173-F174-F175-F176-F177-F178-F179-F180-F181-F182-F183-F184-F185-F186-F187-F188-F189-F190-F191-F192-F193-F194-F195-F196-F197-F198-F199-F200-F201-F202-F203-F204-F205-F206-F207-F208-F209-F210-F211-F212-F213-F214-F215-F216-F217-F218-F219-F220-F221-F222-F223-F224-F225-F226-F227-F228-F229-F230-F231-F232-F233-F234-F235-F236-F237-F238-F239-F240-F241-F242-F243-F244-F245-F246-F247-F248-F249-F250-F251-F252-F253-F254-F255-F256-F257-F258-F259-F260-F261-F262-F263-F264-F265-F266-F267-F268-F269-F270-F271-F272-F273-F274-F275-F276-F277-F278-F279-F280-F281-F282-F283-F284-F285-F286-F287-F288-F289-F290-F291-F292-F293-F294-F295-F296-F297-F298-F299-F300-F301-F302-F303-F304-F305-F306-F307-F308-F309-F310-F311-F312-F313-F314-F315-F316-F317-F318-F319-F320-F321-F322-F323-F324-F325-F326-F327-F328-F329-F330-F331-F332-F333-F334-F335-F336-F337-F338-F339-F340-F341-F342-F343-F344-F345-F346-F347-F348-F349-F350-F351-F352-F353-F354-F355-F356-F357-F358-F359-F360-F361-F362-F363-F364-F365-F366-F367-F368-F369-F370-F371-F372-F373-F374-F375-F376-F377-F378-F379-F380-F381-F382-F383-F384-F385-F386-F387-F388-F389-F390-F391-F392-F393-F394-F395-F396-F397-F398-F399-F400-F401-F402-F403-F404-F405-F406-F407-F408-F409-F410-F411-F412-F413-F414-F415-F416-F417-F418-F419-F420-F421-F422-F423-F424-F425-F426-F427-F428-F429-F430-F431-F432-F433-F434-F435-F436-F437-F438-F439-F440-F441-F442-F443-F444-F445-F446-F447-F448-F449-F450-F451-F452-F453-F454-F455-F456-F457-F458-F459-F460-F461-F462-F463-F464-F465-F466-F467-F468-F469-F470-F471-F472-F473-F474-F475-F476-F477-F478-F479-F480-F481-F482-F483-F484-F485-F486-F487-F488-F489-F490-F491-F492-F493-F494-F495-F496-F497-F498-F499-F500-F501-E507509

## Summary

Number of input bits: 512  
Number of free input bits: 10  
Number of output bits: 160

Number of direct occurrences: 41057  
Number of assignments: 31413  
Number of operations: 11155017
(xor: 11125667,
and: 16104,
or: 13246)

Total complexity: 2.1765185909493208 × 10^300

Least occurring input variable: iv_502 (3934)  
Most occurring input variable: iv_512 (4397)

Most co-occurring input variables: iv_511-iv_512 (2158)  
Least co-occurring input variables: iv_502-iv_503 (1780)

Potentially most occurring input variable: iv_507/iv_512 (4613)  
Potentially least occurring input variable: iv_504/iv_506 (4216)

Least output occurring input variable: iv_507 (66)  
Most output occurring input variable: iv_506 (82)

Most output co-occurring input variables: iv_502-iv_511 (45)  
Least output co-occurring input variables: iv_502-iv_508 (30)

Potentially most output occurring input variable: iv_504/iv_510 (93)  
Potentially least output occurring input variable: iv_507/iv_508 (68)

Least complex input bit: iv_502 (2.1925713780620526 × 10^298)  
Most complex input bit: iv_510 (5.888321690250917 × 10^299)

Least complex output bit: aaa_76_29 (2.8393745608789693 × 10^275)  
Most complex output bit: ov_001 (3.418494146941 × 10^299)

Least complex input/output complexity: iv_502/aaa_76_29 (2.860316203899441 × 10^273)  
Most complex input/output complexity: iv_510/ov_001 (9.248344267369116 × 10^298)

Input variable with highest collision probability: iv_504 (½^160.00000000000045)

## Input Bits

### Input Bits in Regular Order

| Input Bit | Complexity | Occurrences | Output Occurrences | Collision Probability |
|:---------:|:----------:|:-----------:|:------------------:|:---------------------:|
| iv_502 | 2.1925713780620526 × 10^298 | 3934 | 82 | ½^160.0000000000007 |
| iv_503 | 3.856277064446949 × 10^298 | 4078 | 74 | ½^160.00000000000048 |
| iv_504 | 6.335154334015198 × 10^298 | 3969 | 78 | ½^160.00000000000045 |
| iv_505 | 9.956362196396845 × 10^298 | 3961 | 79 | ½^160.0000000000005 |
| iv_506 | 1.5145130967883025 × 10^299 | 3993 | 82 | ½^160.00000000000065 |
| iv_507 | 5.1475998488081635 × 10^299 | 4300 | 66 | ½^160.00000000000068 |
| iv_508 | 3.2072137104230534 × 10^299 | 4031 | 70 | ½^160.0000000000005 |
| iv_510 | 5.888321690250917 × 10^299 | 4157 | 79 | ½^160.00000000000077 |
| iv_511 | 1.7534014393081278 × 10^299 | 4237 | 80 | ½^160.0000000000007 |
| iv_512 | 2.020099626622573 × 10^299 | 4397 | 80 | ½^160.0000000000007 |

### Input Bits Sorted by Complexity

| Input Bit | Complexity | Occurrences | Output Occurrences | Collision Probability |
|:---------:|:----------:|:-----------:|:------------------:|:---------------------:|
| iv_502 | 2.1925713780620526 × 10^298 | 3934 | 82 | ½^160.0000000000007 |
| iv_503 | 3.856277064446949 × 10^298 | 4078 | 74 | ½^160.00000000000048 |
| iv_504 | 6.335154334015198 × 10^298 | 3969 | 78 | ½^160.00000000000045 |
| iv_505 | 9.956362196396845 × 10^298 | 3961 | 79 | ½^160.0000000000005 |
| iv_506 | 1.5145130967883025 × 10^299 | 3993 | 82 | ½^160.00000000000065 |
| iv_511 | 1.7534014393081278 × 10^299 | 4237 | 80 | ½^160.0000000000007 |
| iv_512 | 2.020099626622573 × 10^299 | 4397 | 80 | ½^160.0000000000007 |
| iv_508 | 3.2072137104230534 × 10^299 | 4031 | 70 | ½^160.0000000000005 |
| iv_507 | 5.1475998488081635 × 10^299 | 4300 | 66 | ½^160.00000000000068 |
| iv_510 | 5.888321690250917 × 10^299 | 4157 | 79 | ½^160.00000000000077 |

### Input Bits Sorted by Occurrences

| Input Bit | Complexity | Occurrences | Output Occurrences | Collision Probability |
|:---------:|:----------:|:-----------:|:------------------:|:---------------------:|
| iv_502 | 2.1925713780620526 × 10^298 | 3934 | 82 | ½^160.0000000000007 |
| iv_505 | 9.956362196396845 × 10^298 | 3961 | 79 | ½^160.0000000000005 |
| iv_504 | 6.335154334015198 × 10^298 | 3969 | 78 | ½^160.00000000000045 |
| iv_506 | 1.5145130967883025 × 10^299 | 3993 | 82 | ½^160.00000000000065 |
| iv_508 | 3.2072137104230534 × 10^299 | 4031 | 70 | ½^160.0000000000005 |
| iv_503 | 3.856277064446949 × 10^298 | 4078 | 74 | ½^160.00000000000048 |
| iv_510 | 5.888321690250917 × 10^299 | 4157 | 79 | ½^160.00000000000077 |
| iv_511 | 1.7534014393081278 × 10^299 | 4237 | 80 | ½^160.0000000000007 |
| iv_507 | 5.1475998488081635 × 10^299 | 4300 | 66 | ½^160.00000000000068 |
| iv_512 | 2.020099626622573 × 10^299 | 4397 | 80 | ½^160.0000000000007 |

### Input Bits Sorted by Output Occurrences

| Input Bit | Complexity | Occurrences | Output Occurrences | Collision Probability |
|:---------:|:----------:|:-----------:|:------------------:|:---------------------:|
| iv_507 | 5.1475998488081635 × 10^299 | 4300 | 66 | ½^160.00000000000068 |
| iv_508 | 3.2072137104230534 × 10^299 | 4031 | 70 | ½^160.0000000000005 |
| iv_503 | 3.856277064446949 × 10^298 | 4078 | 74 | ½^160.00000000000048 |
| iv_504 | 6.335154334015198 × 10^298 | 3969 | 78 | ½^160.00000000000045 |
| iv_505 | 9.956362196396845 × 10^298 | 3961 | 79 | ½^160.0000000000005 |
| iv_510 | 5.888321690250917 × 10^299 | 4157 | 79 | ½^160.00000000000077 |
| iv_511 | 1.7534014393081278 × 10^299 | 4237 | 80 | ½^160.0000000000007 |
| iv_512 | 2.020099626622573 × 10^299 | 4397 | 80 | ½^160.0000000000007 |
| iv_502 | 2.1925713780620526 × 10^298 | 3934 | 82 | ½^160.0000000000007 |
| iv_506 | 1.5145130967883025 × 10^299 | 3993 | 82 | ½^160.00000000000065 |

### Input Bits Sorted by Collision Probability

| Input Bit | Complexity | Occurrences | Output Occurrences | Collision Probability |
|:---------:|:----------:|:-----------:|:------------------:|:---------------------:|
| iv_504 | 6.335154334015198 × 10^298 | 3969 | 78 | ½^160.00000000000045 |
| iv_503 | 3.856277064446949 × 10^298 | 4078 | 74 | ½^160.00000000000048 |
| iv_505 | 9.956362196396845 × 10^298 | 3961 | 79 | ½^160.0000000000005 |
| iv_508 | 3.2072137104230534 × 10^299 | 4031 | 70 | ½^160.0000000000005 |
| iv_506 | 1.5145130967883025 × 10^299 | 3993 | 82 | ½^160.00000000000065 |
| iv_507 | 5.1475998488081635 × 10^299 | 4300 | 66 | ½^160.00000000000068 |
| iv_502 | 2.1925713780620526 × 10^298 | 3934 | 82 | ½^160.0000000000007 |
| iv_511 | 1.7534014393081278 × 10^299 | 4237 | 80 | ½^160.0000000000007 |
| iv_512 | 2.020099626622573 × 10^299 | 4397 | 80 | ½^160.0000000000007 |
| iv_510 | 5.888321690250917 × 10^299 | 4157 | 79 | ½^160.00000000000077 |

## Input Bit/Output Bit Collision Probabilities

| Input Bit | Output Bit | Collision Probability |
|:---------:|:----------:|:---------------------:|
| iv_504 | ov_135 | 0.5000000000000056 |
| iv_503 | ov_114 | 0.5000000000000037 |
| iv_503 | ov_088 | 0.5000000000000033 |
| iv_503 | ov_110 | 0.5000000000000033 |
| iv_504 | ov_108 | 0.5000000000000031 |
| iv_508 | ov_148 | 0.5000000000000031 |
| iv_503 | ov_132 | 0.500000000000003 |
| iv_504 | ov_118 | 0.500000000000003 |
| iv_505 | aaa_77_29 | 0.5000000000000024 |
| iv_504 | ov_074 | 0.5000000000000022 |

## Input Bit Co-occurrences

### Input Bit Co-occurrences Sorted by Co-occurrences

| Input Bits | Co-occurrences | Potential Occurrences | Output Co-occurrences | Potential Output Occurrences |
|:----------:|:--------------:|:---------------------:|:---------------------:|:----------------------------:|
| iv_511-iv_512 | 2158 | 4318 | 43 | 74 |
| iv_510-iv_512 | 2092 | 4370 | 42 | 75 |
| iv_507-iv_512 | 2042 | 4613 | 33 | 80 |
| iv_503-iv_512 | 2040 | 4395 | 34 | 86 |
| iv_508-iv_512 | 2032 | 4364 | 32 | 86 |
| iv_503-iv_511 | 2002 | 4311 | 37 | 80 |
| iv_510-iv_511 | 1999 | 4396 | 38 | 83 |
| iv_506-iv_507 | 1990 | 4313 | 34 | 80 |
| iv_507-iv_511 | 1980 | 4577 | 30 | 86 |
| iv_507-iv_510 | 1964 | 4529 | 34 | 77 |

### Input Bit Co-occurrences Sorted by Potential Occurrences

| Input Bits | Co-occurrences | Potential Occurrences | Output Co-occurrences | Potential Output Occurrences |
|:----------:|:--------------:|:---------------------:|:---------------------:|:----------------------------:|
| iv_504-iv_506 | 1873 | 4216 | 42 | 76 |
| iv_506-iv_508 | 1902 | 4220 | 37 | 78 |
| iv_502-iv_505 | 1829 | 4237 | 36 | 89 |
| iv_504-iv_505 | 1842 | 4246 | 41 | 75 |
| iv_503-iv_506 | 1912 | 4247 | 38 | 80 |
| iv_506-iv_510 | 1946 | 4258 | 44 | 73 |
| iv_504-iv_508 | 1867 | 4266 | 37 | 74 |
| iv_503-iv_505 | 1879 | 4281 | 40 | 73 |
| iv_502-iv_504 | 1807 | 4289 | 42 | 76 |
| iv_502-iv_506 | 1817 | 4293 | 44 | 76 |

### Input Bit Output Co-occurrences Sorted by Output Co-occurrences

| Input Bits | Co-occurrences | Potential Occurrences | Output Co-occurrences | Potential Output Occurrences |
|:----------:|:--------------:|:---------------------:|:---------------------:|:----------------------------:|
| iv_502-iv_511 | 1910 | 4351 | 45 | 72 |
| iv_502-iv_506 | 1817 | 4293 | 44 | 76 |
| iv_506-iv_510 | 1946 | 4258 | 44 | 73 |
| iv_511-iv_512 | 2158 | 4318 | 43 | 74 |
| iv_502-iv_504 | 1807 | 4289 | 42 | 76 |
| iv_502-iv_510 | 1863 | 4365 | 42 | 77 |
| iv_504-iv_506 | 1873 | 4216 | 42 | 76 |
| iv_510-iv_512 | 2092 | 4370 | 42 | 75 |
| iv_503-iv_504 | 1854 | 4339 | 41 | 70 |
| iv_504-iv_505 | 1842 | 4246 | 41 | 75 |

### Input Bit Output Co-occurrences Sorted by Potential Output Occurrences

| Input Bits | Co-occurrences | Potential Occurrences | Output Co-occurrences | Potential Output Occurrences |
|:----------:|:--------------:|:---------------------:|:---------------------:|:----------------------------:|
| iv_507-iv_508 | 1916 | 4499 | 34 | 68 |
| iv_503-iv_504 | 1854 | 4339 | 41 | 70 |
| iv_502-iv_511 | 1910 | 4351 | 45 | 72 |
| iv_503-iv_505 | 1879 | 4281 | 40 | 73 |
| iv_506-iv_510 | 1946 | 4258 | 44 | 73 |
| iv_504-iv_508 | 1867 | 4266 | 37 | 74 |
| iv_511-iv_512 | 2158 | 4318 | 43 | 74 |
| iv_504-iv_505 | 1842 | 4246 | 41 | 75 |
| iv_510-iv_512 | 2092 | 4370 | 42 | 75 |
| iv_502-iv_504 | 1807 | 4289 | 42 | 76 |

## Output Bits

### Output Bits in Regular Order

| Rank | Output Bit | Complexity |
|:----:|:----------:|:----------:|
| 1 | ov_001 | 3.418494146941 × 10^299 |
| 2 | ov_002 | 2.9767057954502575 × 10^299 |
| 3 | ov_003 | 2.5774187994790855 × 10^299 |
| 4 | ov_004 | 2.218873322190215 × 10^299 |
| 5 | ov_005 | 1.8994060179819825 × 10^299 |
| 6 | ov_006 | 1.6159526229615228 × 10^299 |
| 7 | ov_007 | 1.3656104527763872 × 10^299 |
| 8 | ov_008 | 1.145628599260392 × 10^299 |
| 9 | ov_009 | 9.533994968285416 × 10^298 |
| 10 | ov_010 | 7.864517048064091 × 10^298 |
| 11 | ov_011 | 6.424437875360282 × 10^298 |
| 12 | ov_012 | 5.191592079342535 × 10^298 |
| 13 | ov_013 | 4.145021566630183 × 10^298 |
| 14 | ov_014 | 3.264942214432424 × 10^298 |
| 15 | ov_015 | 2.5327178491306505 × 10^298 |
| 16 | ov_016 | 1.9308403974855093 × 10^298 |
| 17 | ov_017 | 1.4429151802792593 × 10^298 |
| 18 | ov_018 | 1.0536504004996786 × 10^298 |
| 19 | ov_019 | 7.48849960258864 × 10^297 |
| 20 | ov_020 | 5.154088226054424 × 10^297 |
| 21 | ov_021 | 3.413102162870514 × 10^297 |
| 22 | ov_022 | 2.1562406338257533 × 10^297 |
| 23 | ov_023 | 1.2850611497754415 × 10^297 |
| 24 | ov_024 | 7.1197445303367195 × 10^296 |
| 25 | ov_025 | 3.602413614042844 × 10^296 |
| 26 | ov_026 | 1.6397087501599438 × 10^296 |
| 27 | ov_027 | 6.811916055281104 × 10^295 |
| 28 | ov_028 | 2.8489080107373633 × 10^295 |
| 29 | ov_029 | 1.1730011233085075 × 10^295 |
| 30 | ov_030 | 3.878260720684492 × 10^294 |
| 31 | ov_031 | 9.383718202544983 × 10^293 |
| 32 | lv_80_m31 | 2.269751228724298 × 10^293 |
| 33 | ov_033 | 2.718701627858401 × 10^294 |
| 34 | ov_034 | 2.3518514755032476 × 10^294 |
| 35 | ov_035 | 2.0246358349285724 × 10^294 |
| 36 | ov_036 | 1.733829930085482 × 10^294 |
| 37 | ov_037 | 1.4763834785046747 × 10^294 |
| 38 | ov_038 | 1.24940835561295 × 10^294 |
| 39 | ov_039 | 1.050167916051314 × 10^294 |
| 40 | ov_040 | 8.760678126837419 × 10^293 |
| 41 | ov_041 | 7.2464816370794655 × 10^293 |
| 42 | ov_042 | 5.935769274963174 × 10^293 |
| 43 | ov_043 | 4.80644353566849 × 10^293 |
| 44 | ov_044 | 3.837583864666964 × 10^293 |
| 45 | ov_045 | 3.009409073974748 × 10^293 |
| 46 | ov_046 | 2.312309202098317 × 10^293 |
| 47 | ov_047 | 1.737222108639751 × 10^293 |
| 48 | ov_048 | 1.275622942072871 × 10^293 |
| 49 | ov_049 | 9.120436616356869 × 10^292 |
| 50 | ov_050 | 6.320583318167572 × 10^292 |
| 51 | ov_051 | 4.2227581361737074 × 10^292 |
| 52 | ov_052 | 2.7033483391530477 × 10^292 |
| 53 | ov_053 | 1.6490085397288478 × 10^292 |
| 54 | ov_054 | 9.566422552820268 × 10^291 |
| 55 | ov_055 | 5.333919005698396 × 10^291 |
| 56 | ov_056 | 2.966335901951253 × 10^291 |
| 57 | ov_057 | 1.7397432369762613 × 10^291 |
| 58 | ov_058 | 1.0325037667325029 × 10^291 |
| 59 | ov_059 | 5.59370604008993 × 10^290 |
| 60 | ov_060 | 2.692043621455291 × 10^290 |
| 61 | ov_061 | 1.108660389282567 × 10^290 |
| 62 | ov_062 | 3.6661158842742137 × 10^289 |
| 63 | ov_063 | 8.871804747352441 × 10^288 |
| 64 | lv_79_m31 | 2.1462267879968677 × 10^288 |
| 65 | ov_065 | 2.5534006990613235 × 10^289 |
| 66 | ov_066 | 2.5533947362515966 × 10^289 |
| 67 | ov_067 | 2.5533928038680005 × 10^289 |
| 68 | ov_068 | 2.2089501052244605 × 10^289 |
| 69 | ov_069 | 1.9001816797082011 × 10^289 |
| 70 | ov_070 | 1.625544536910236 × 10^289 |
| 71 | ov_071 | 1.3822320993028057 × 10^289 |
| 72 | ov_072 | 1.1676094202491633 × 10^289 |
| 73 | ov_073 | 9.79201818011816 × 10^288 |
| 74 | ov_074 | 8.146845519882998 × 10^288 |
| 75 | ov_075 | 6.718734854759429 × 10^288 |
| 76 | ov_076 | 5.4871668108479115 × 10^288 |
| 77 | ov_077 | 4.432868763849533 × 10^288 |
| 78 | ov_078 | 3.537747885385523 × 10^288 |
| 79 | ov_079 | 2.7848319757133634 × 10^288 |
| 80 | ov_080 | 2.1582175862568878 × 10^288 |
| 81 | ov_081 | 1.6430249404285396 × 10^288 |
| 82 | ov_082 | 1.2253591648200188 × 10^288 |
| 83 | ov_083 | 8.922773452839381 × 10^287 |
| 84 | ov_084 | 6.317609240022229 × 10^287 |
| 85 | ov_085 | 4.326929545830818 × 10^287 |
| 86 | ov_086 | 2.848397327594032 × 10^287 |
| 87 | ov_087 | 1.7883632054707194 × 10^287 |
| 88 | ov_088 | 1.0617548187798736 × 10^287 |
| 89 | ov_089 | 5.919954781259172 × 10^286 |
| 90 | ov_090 | 3.109472948922256 × 10^286 |
| 91 | ov_091 | 1.5887396997382226 × 10^286 |
| 92 | ov_092 | 8.441846430171207 × 10^285 |
| 93 | ov_093 | 4.459101263843024 × 10^285 |
| 94 | ov_094 | 1.9987563371768463 × 10^285 |
| 95 | aaa_78_28 | 6.428580291321012 × 10^284 |
| 96 | aaa_78_29 | 2.435747777694897 × 10^284 |
| 97 | ov_097 | 2.652503443571957 × 10^284 |
| 98 | ov_098 | 2.652423922754365 × 10^284 |
| 99 | ov_099 | 2.6523985246529168 × 10^284 |
| 100 | ov_100 | 2.3870561508303114 × 10^284 |
| 101 | ov_101 | 2.1412732452192085 × 10^284 |
| 102 | ov_102 | 1.913976894534228 × 10^284 |
| 103 | ov_103 | 1.7041726416775335 × 10^284 |
| 104 | ov_104 | 1.5109342818599155 × 10^284 |
| 105 | ov_105 | 1.333394589183813 × 10^284 |
| 106 | ov_106 | 1.1707369237626434 × 10^284 |
| 107 | ov_107 | 1.0221876715201939 × 10^284 |
| 108 | ov_108 | 8.87009470531153 × 10^283 |
| 109 | ov_109 | 7.644951791719093 × 10^283 |
| 110 | ov_110 | 6.539625424869343 × 10^283 |
| 111 | ov_111 | 5.547495140730852 × 10^283 |
| 112 | ov_112 | 4.662101914737856 × 10^283 |
| 113 | ov_113 | 3.8771132359263936 × 10^283 |
| 114 | ov_114 | 3.186293490135662 × 10^283 |
| 115 | ov_115 | 2.5834792437906547 × 10^283 |
| 116 | ov_116 | 2.0625590215487002 × 10^283 |
| 117 | ov_117 | 1.6174571721965202 × 10^283 |
| 118 | ov_118 | 1.242121417831222 × 10^283 |
| 119 | ov_119 | 9.305136817169786 × 10^282 |
| 120 | ov_120 | 6.766037903812975 × 10^282 |
| 121 | ov_121 | 4.7436564559210165 × 10^282 |
| 122 | ov_122 | 3.1777527951209196 × 10^282 |
| 123 | ov_123 | 2.0080994264566765 × 10^282 |
| 124 | ov_124 | 1.1744757303658167 × 10^282 |
| 125 | ov_125 | 6.166644808538958 × 10^281 |
| 126 | ov_126 | 2.744498435360871 × 10^281 |
| 127 | aaa_77_28 | 8.761642853353013 × 10^280 |
| 128 | aaa_77_29 | 3.283524351443435 × 10^280 |
| 129 | ov_129 | 3.025167336766896 × 10^280 |
| 130 | ov_130 | 3.0251604302846926 × 10^280 |
| 131 | ov_131 | 3.0251582119669206 × 10^280 |
| 132 | ov_132 | 2.6200541640211793 × 10^280 |
| 133 | ov_133 | 2.257421044906619 × 10^280 |
| 134 | ov_134 | 1.9340135152611255 × 10^280 |
| 135 | ov_135 | 1.6467673683758004 × 10^280 |
| 136 | ov_136 | 1.3927863538705918 × 10^280 |
| 137 | ov_137 | 1.1693306770643904 × 10^280 |
| 138 | ov_138 | 9.7380705289085 × 10^279 |
| 139 | ov_139 | 8.0376017081765 × 10^279 |
| 140 | ov_140 | 6.568654253402096 × 10^279 |
| 141 | ov_141 | 5.309227746185436 × 10^279 |
| 142 | ov_142 | 4.238515976322324 × 10^279 |
| 143 | ov_143 | 3.3368642788683825 × 10^279 |
| 144 | ov_144 | 2.585734554722741 × 10^279 |
| 145 | ov_145 | 1.9676770917955334 × 10^279 |
| 146 | ov_146 | 1.4663083778965492 × 10^279 |
| 147 | ov_147 | 1.0662940457582243 × 10^279 |
| 148 | ov_148 | 7.533361018411115 × 10^278 |
| 149 | ov_149 | 5.1416366386307914 × 10^278 |
| 150 | ov_150 | 3.365265052033349 × 10^278 |
| 151 | ov_151 | 2.0919077749547472 × 10^278 |
| 152 | ov_152 | 1.2193635585978263 × 10^278 |
| 153 | ov_153 | 6.555532434487482 × 10^277 |
| 154 | ov_154 | 3.1851192259401753 × 10^277 |
| 155 | ov_155 | 1.363851582352985 × 10^277 |
| 156 | aaa_76_25 | 4.742721193171132 × 10^276 |
| 157 | aaa_76_26 | 2.918863247215549 × 10^276 |
| 158 | aaa_76_27 | 1.600360109929802 × 10^276 |
| 159 | aaa_76_28 | 7.541419484951436 × 10^275 |
| 160 | aaa_76_29 | 2.8393745608789693 × 10^275 |

### Output Bits Sorted by Complexity

| Rank | Output Bit | Complexity |
|:----:|:----------:|:----------:|
| 160 | aaa_76_29 | 2.8393745608789693 × 10^275 |
| 159 | aaa_76_28 | 7.541419484951436 × 10^275 |
| 158 | aaa_76_27 | 1.600360109929802 × 10^276 |
| 157 | aaa_76_26 | 2.918863247215549 × 10^276 |
| 156 | aaa_76_25 | 4.742721193171132 × 10^276 |
| 155 | ov_155 | 1.363851582352985 × 10^277 |
| 154 | ov_154 | 3.1851192259401753 × 10^277 |
| 153 | ov_153 | 6.555532434487482 × 10^277 |
| 152 | ov_152 | 1.2193635585978263 × 10^278 |
| 151 | ov_151 | 2.0919077749547472 × 10^278 |
| 150 | ov_150 | 3.365265052033349 × 10^278 |
| 149 | ov_149 | 5.1416366386307914 × 10^278 |
| 148 | ov_148 | 7.533361018411115 × 10^278 |
| 147 | ov_147 | 1.0662940457582243 × 10^279 |
| 146 | ov_146 | 1.4663083778965492 × 10^279 |
| 145 | ov_145 | 1.9676770917955334 × 10^279 |
| 144 | ov_144 | 2.585734554722741 × 10^279 |
| 143 | ov_143 | 3.3368642788683825 × 10^279 |
| 142 | ov_142 | 4.238515976322324 × 10^279 |
| 141 | ov_141 | 5.309227746185436 × 10^279 |
| 140 | ov_140 | 6.568654253402096 × 10^279 |
| 139 | ov_139 | 8.0376017081765 × 10^279 |
| 138 | ov_138 | 9.7380705289085 × 10^279 |
| 137 | ov_137 | 1.1693306770643904 × 10^280 |
| 136 | ov_136 | 1.3927863538705918 × 10^280 |
| 135 | ov_135 | 1.6467673683758004 × 10^280 |
| 134 | ov_134 | 1.9340135152611255 × 10^280 |
| 133 | ov_133 | 2.257421044906619 × 10^280 |
| 132 | ov_132 | 2.6200541640211793 × 10^280 |
| 131 | ov_131 | 3.0251582119669206 × 10^280 |
| 130 | ov_130 | 3.0251604302846926 × 10^280 |
| 129 | ov_129 | 3.025167336766896 × 10^280 |
| 128 | aaa_77_29 | 3.283524351443435 × 10^280 |
| 127 | aaa_77_28 | 8.761642853353013 × 10^280 |
| 126 | ov_126 | 2.744498435360871 × 10^281 |
| 125 | ov_125 | 6.166644808538958 × 10^281 |
| 124 | ov_124 | 1.1744757303658167 × 10^282 |
| 123 | ov_123 | 2.0080994264566765 × 10^282 |
| 122 | ov_122 | 3.1777527951209196 × 10^282 |
| 121 | ov_121 | 4.7436564559210165 × 10^282 |
| 120 | ov_120 | 6.766037903812975 × 10^282 |
| 119 | ov_119 | 9.305136817169786 × 10^282 |
| 118 | ov_118 | 1.242121417831222 × 10^283 |
| 117 | ov_117 | 1.6174571721965202 × 10^283 |
| 116 | ov_116 | 2.0625590215487002 × 10^283 |
| 115 | ov_115 | 2.5834792437906547 × 10^283 |
| 114 | ov_114 | 3.186293490135662 × 10^283 |
| 113 | ov_113 | 3.8771132359263936 × 10^283 |
| 112 | ov_112 | 4.662101914737856 × 10^283 |
| 111 | ov_111 | 5.547495140730852 × 10^283 |
| 110 | ov_110 | 6.539625424869343 × 10^283 |
| 109 | ov_109 | 7.644951791719093 × 10^283 |
| 108 | ov_108 | 8.87009470531153 × 10^283 |
| 107 | ov_107 | 1.0221876715201939 × 10^284 |
| 106 | ov_106 | 1.1707369237626434 × 10^284 |
| 105 | ov_105 | 1.333394589183813 × 10^284 |
| 104 | ov_104 | 1.5109342818599155 × 10^284 |
| 103 | ov_103 | 1.7041726416775335 × 10^284 |
| 102 | ov_102 | 1.913976894534228 × 10^284 |
| 101 | ov_101 | 2.1412732452192085 × 10^284 |
| 100 | ov_100 | 2.3870561508303114 × 10^284 |
| 96 | aaa_78_29 | 2.435747777694897 × 10^284 |
| 99 | ov_099 | 2.6523985246529168 × 10^284 |
| 98 | ov_098 | 2.652423922754365 × 10^284 |
| 97 | ov_097 | 2.652503443571957 × 10^284 |
| 95 | aaa_78_28 | 6.428580291321012 × 10^284 |
| 94 | ov_094 | 1.9987563371768463 × 10^285 |
| 93 | ov_093 | 4.459101263843024 × 10^285 |
| 92 | ov_092 | 8.441846430171207 × 10^285 |
| 91 | ov_091 | 1.5887396997382226 × 10^286 |
| 90 | ov_090 | 3.109472948922256 × 10^286 |
| 89 | ov_089 | 5.919954781259172 × 10^286 |
| 88 | ov_088 | 1.0617548187798736 × 10^287 |
| 87 | ov_087 | 1.7883632054707194 × 10^287 |
| 86 | ov_086 | 2.848397327594032 × 10^287 |
| 85 | ov_085 | 4.326929545830818 × 10^287 |
| 84 | ov_084 | 6.317609240022229 × 10^287 |
| 83 | ov_083 | 8.922773452839381 × 10^287 |
| 82 | ov_082 | 1.2253591648200188 × 10^288 |
| 81 | ov_081 | 1.6430249404285396 × 10^288 |
| 64 | lv_79_m31 | 2.1462267879968677 × 10^288 |
| 80 | ov_080 | 2.1582175862568878 × 10^288 |
| 79 | ov_079 | 2.7848319757133634 × 10^288 |
| 78 | ov_078 | 3.537747885385523 × 10^288 |
| 77 | ov_077 | 4.432868763849533 × 10^288 |
| 76 | ov_076 | 5.4871668108479115 × 10^288 |
| 75 | ov_075 | 6.718734854759429 × 10^288 |
| 74 | ov_074 | 8.146845519882998 × 10^288 |
| 63 | ov_063 | 8.871804747352441 × 10^288 |
| 73 | ov_073 | 9.79201818011816 × 10^288 |
| 72 | ov_072 | 1.1676094202491633 × 10^289 |
| 71 | ov_071 | 1.3822320993028057 × 10^289 |
| 70 | ov_070 | 1.625544536910236 × 10^289 |
| 69 | ov_069 | 1.9001816797082011 × 10^289 |
| 68 | ov_068 | 2.2089501052244605 × 10^289 |
| 67 | ov_067 | 2.5533928038680005 × 10^289 |
| 66 | ov_066 | 2.5533947362515966 × 10^289 |
| 65 | ov_065 | 2.5534006990613235 × 10^289 |
| 62 | ov_062 | 3.6661158842742137 × 10^289 |
| 61 | ov_061 | 1.108660389282567 × 10^290 |
| 60 | ov_060 | 2.692043621455291 × 10^290 |
| 59 | ov_059 | 5.59370604008993 × 10^290 |
| 58 | ov_058 | 1.0325037667325029 × 10^291 |
| 57 | ov_057 | 1.7397432369762613 × 10^291 |
| 56 | ov_056 | 2.966335901951253 × 10^291 |
| 55 | ov_055 | 5.333919005698396 × 10^291 |
| 54 | ov_054 | 9.566422552820268 × 10^291 |
| 53 | ov_053 | 1.6490085397288478 × 10^292 |
| 52 | ov_052 | 2.7033483391530477 × 10^292 |
| 51 | ov_051 | 4.2227581361737074 × 10^292 |
| 50 | ov_050 | 6.320583318167572 × 10^292 |
| 49 | ov_049 | 9.120436616356869 × 10^292 |
| 48 | ov_048 | 1.275622942072871 × 10^293 |
| 47 | ov_047 | 1.737222108639751 × 10^293 |
| 32 | lv_80_m31 | 2.269751228724298 × 10^293 |
| 46 | ov_046 | 2.312309202098317 × 10^293 |
| 45 | ov_045 | 3.009409073974748 × 10^293 |
| 44 | ov_044 | 3.837583864666964 × 10^293 |
| 43 | ov_043 | 4.80644353566849 × 10^293 |
| 42 | ov_042 | 5.935769274963174 × 10^293 |
| 41 | ov_041 | 7.2464816370794655 × 10^293 |
| 40 | ov_040 | 8.760678126837419 × 10^293 |
| 31 | ov_031 | 9.383718202544983 × 10^293 |
| 39 | ov_039 | 1.050167916051314 × 10^294 |
| 38 | ov_038 | 1.24940835561295 × 10^294 |
| 37 | ov_037 | 1.4763834785046747 × 10^294 |
| 36 | ov_036 | 1.733829930085482 × 10^294 |
| 35 | ov_035 | 2.0246358349285724 × 10^294 |
| 34 | ov_034 | 2.3518514755032476 × 10^294 |
| 33 | ov_033 | 2.718701627858401 × 10^294 |
| 30 | ov_030 | 3.878260720684492 × 10^294 |
| 29 | ov_029 | 1.1730011233085075 × 10^295 |
| 28 | ov_028 | 2.8489080107373633 × 10^295 |
| 27 | ov_027 | 6.811916055281104 × 10^295 |
| 26 | ov_026 | 1.6397087501599438 × 10^296 |
| 25 | ov_025 | 3.602413614042844 × 10^296 |
| 24 | ov_024 | 7.1197445303367195 × 10^296 |
| 23 | ov_023 | 1.2850611497754415 × 10^297 |
| 22 | ov_022 | 2.1562406338257533 × 10^297 |
| 21 | ov_021 | 3.413102162870514 × 10^297 |
| 20 | ov_020 | 5.154088226054424 × 10^297 |
| 19 | ov_019 | 7.48849960258864 × 10^297 |
| 18 | ov_018 | 1.0536504004996786 × 10^298 |
| 17 | ov_017 | 1.4429151802792593 × 10^298 |
| 16 | ov_016 | 1.9308403974855093 × 10^298 |
| 15 | ov_015 | 2.5327178491306505 × 10^298 |
| 14 | ov_014 | 3.264942214432424 × 10^298 |
| 13 | ov_013 | 4.145021566630183 × 10^298 |
| 12 | ov_012 | 5.191592079342535 × 10^298 |
| 11 | ov_011 | 6.424437875360282 × 10^298 |
| 10 | ov_010 | 7.864517048064091 × 10^298 |
| 9 | ov_009 | 9.533994968285416 × 10^298 |
| 8 | ov_008 | 1.145628599260392 × 10^299 |
| 7 | ov_007 | 1.3656104527763872 × 10^299 |
| 6 | ov_006 | 1.6159526229615228 × 10^299 |
| 5 | ov_005 | 1.8994060179819825 × 10^299 |
| 4 | ov_004 | 2.218873322190215 × 10^299 |
| 3 | ov_003 | 2.5774187994790855 × 10^299 |
| 2 | ov_002 | 2.9767057954502575 × 10^299 |
| 1 | ov_001 | 3.418494146941 × 10^299 |

