# Results for F001-F002-F003-F004-F005-F006-F007-F008-F009-F010-F011-F012-F013-F014-F015-F016-F017-F018-F019-F020-F021-F022-F023-F024-F025-F026-F027-F028-F029-F030-F031-F032-F033-F034-F035-F036-F037-F038-F039-F040-F041-F042-F043-F044-F045-F046-F047-F048-F049-F050-F051-F052-F053-F054-F055-F056-F057-F058-F059-F060-F061-F062-F063-F064-F065-F066-F067-F068-F069-F070-F071-F072-F073-F074-F075-F076-F077-F078-F079-F080-F081-F082-F083-F084-F085-F086-F087-F088-F089-F090-F091-F092-F093-F094-F095-F096-F097-F098-F099-F100-F101-F102-F103-F104-F105-F106-F107-F108-F109-F110-F111-F112-F113-F114-F115-F116-F117-F118-F119-F120-F121-F122-F123-F124-F125-F126-F127-F128-F129-F130-F131-F132-F133-F134-F135-F136-F137-F138-F139-F140-F141-F142-F143-F144-F145-F146-F147-F148-F149-F150-F151-F152-F153-F154-F155-F156-F157-F158-F159-F160-F161-F162-F163-F164-F165-F166-F167-F168-F169-F170-F171-F172-F173-F174-F175-F176-F177-F178-F179-F180-F181-F182-F183-F184-F185-F186-F187-F188-F189-F190-F191-F192-F193-F194-F195-F196-F197-F198-F199-F200-F201-F202-F203-F204-F205-F206-F207-F208-F209-F210-F211-F212-F213-F214-F215-F216-F217-F218-F219-F220-F221-F222-F223-F224-F225-F226-F227-F228-F229-F230-F231-F232-F233-F234-F235-F236-F237-F238-F239-F240-F241-F242-F243-F244-F245-F246-F247-F248-F249-F250-F251-F252-F253-F254-F255-F256-F257-F258-F259-F260-F261-F262-F263-F264-F265-F266-F267-F268-F269-F270-F271-F272-F273-F274-F275-F276-F277-F278-F279-F280-F281-F282-F283-F284-F285-F286-F287-F288-F289-F290-F291-F292-F293-F294-F295-F296-F297-F298-F299-F300-F301-F302-F303-F304-F305-F306-F307-F308-F309-F310-F311-F312-F313-F314-F315-F316-F317-F318-F319-F320-F321-F322-F323-F324-F325-F326-F327-F328-F329-F330-F331-F332-F333-F334-F335-F336-F337-F338-F339-F340-F341-F342-F343-F344-F345-F346-F347-F348-F349-F350-F351-F352-F353-F354-F355-F356-F357-F358-F359-F360-F361-F362-F363-F364-F365-F366-F367-F368-F369-F370-F371-F372-F373-F374-F375-F376-F377-F378-F379-F380-F381-F382-F383-F384-F385-F386-F387-F388-F389-F390-F391-F392-F393-F394-F395-F396-F397-F398-F399-F400-F401-F402-F403-F404-F405-F406-F407-F408-F409-F410-F411-F412-F413-F414-F415-F416-F417-F418-F419-F420-F421-F422-F423-F424-F425-F426-F427-F428-F429-F430-F431-F432-F433-F434-F435-F436-F437-F438-F439-F440-F441-F442-F443-F444-F445-F446-F447-F448-F449-F450-F451-F452-F453-F454-F455-F456-F457-F458-F459-F460-F461-F462-F463-F464-F465-F466-F467-F468-F469-F470-F471-F472-F473-F474-F475-F476-F477-F478-F479-F480-F481-F482-F483-F484-F485-F486-F487-F488-F489-F490-F491-F492-F493-F494-F495-F496-F497-F498-F499-F500-F501-E507509

## Summary

Number of input bits: 512  
Number of free input bits: 10  
Number of output bits: 160

Number of direct occurrences: 40614  
Number of assignments: 31212  
Number of operations: 11140248
(xor: 11110905,
and: 16102,
or: 13241)

Total complexity: 2.1706343417867244 × 10^300

Least occurring input variable: iv_502 (3897)  
Most occurring input variable: iv_512 (4362)

Most co-occurring input variables: iv_511-iv_512 (2148)  
Least co-occurring input variables: iv_502-iv_503 (1772)

Potentially most occurring input variable: iv_507/iv_512 (4522)  
Potentially least occurring input variable: iv_506/iv_508 (4150)

Least output occurring input variable: iv_507 (66)  
Most output occurring input variable: iv_506 (82)

Most output co-occurring input variables: iv_502-iv_511 (45)  
Least output co-occurring input variables: iv_502-iv_508 (30)

Potentially most output occurring input variable: iv_504/iv_510 (93)  
Potentially least output occurring input variable: iv_507/iv_508 (68)

Least complex input bit: iv_502 (2.192571378052832 × 10^298)  
Most complex input bit: iv_510 (5.868707526378669 × 10^299)

Least complex output bit: aaa_76_29 (2.8316982711143777 × 10^275)  
Most complex output bit: ov_001 (3.4092521990866967 × 10^299)

Least complex input/output complexity: iv_502/aaa_76_29 (2.8603162038874146 × 10^273)  
Most complex input/output complexity: iv_510/ov_001 (9.21753777452626 × 10^298)

Input variable with highest collision probability: iv_508 (½^160.0000000000001)

## Input Bits

### Input Bits in Regular Order

| Input Bit | Complexity | Occurrences | Output Occurrences | Collision Probability |
|:---------:|:----------:|:-----------:|:------------------:|:---------------------:|
| iv_502 | 2.192571378052832 × 10^298 | 3897 | 82 | ½^160.00000000000065 |
| iv_503 | 3.856277064433105 × 10^298 | 4041 | 74 | ½^160.00000000000065 |
| iv_504 | 6.335154333996733 × 10^298 | 3924 | 78 | ½^160.00000000000065 |
| iv_505 | 9.95636219637378 × 10^298 | 3915 | 79 | ½^160.0000000000003 |
| iv_506 | 1.5145130967855353 × 10^299 | 3948 | 82 | ½^160.00000000000068 |
| iv_507 | 5.1279856849359345 × 10^299 | 4226 | 66 | ½^160.00000000000077 |
| iv_508 | 3.187599546551722 × 10^299 | 3988 | 70 | ½^160.0000000000001 |
| iv_510 | 5.868707526378669 × 10^299 | 4113 | 79 | ½^160.00000000000074 |
| iv_511 | 1.753401439307665 × 10^299 | 4200 | 80 | ½^160.00000000000082 |
| iv_512 | 2.0200996266221096 × 10^299 | 4362 | 80 | ½^160.0000000000007 |

### Input Bits Sorted by Complexity

| Input Bit | Complexity | Occurrences | Output Occurrences | Collision Probability |
|:---------:|:----------:|:-----------:|:------------------:|:---------------------:|
| iv_502 | 2.192571378052832 × 10^298 | 3897 | 82 | ½^160.00000000000065 |
| iv_503 | 3.856277064433105 × 10^298 | 4041 | 74 | ½^160.00000000000065 |
| iv_504 | 6.335154333996733 × 10^298 | 3924 | 78 | ½^160.00000000000065 |
| iv_505 | 9.95636219637378 × 10^298 | 3915 | 79 | ½^160.0000000000003 |
| iv_506 | 1.5145130967855353 × 10^299 | 3948 | 82 | ½^160.00000000000068 |
| iv_511 | 1.753401439307665 × 10^299 | 4200 | 80 | ½^160.00000000000082 |
| iv_512 | 2.0200996266221096 × 10^299 | 4362 | 80 | ½^160.0000000000007 |
| iv_508 | 3.187599546551722 × 10^299 | 3988 | 70 | ½^160.0000000000001 |
| iv_507 | 5.1279856849359345 × 10^299 | 4226 | 66 | ½^160.00000000000077 |
| iv_510 | 5.868707526378669 × 10^299 | 4113 | 79 | ½^160.00000000000074 |

### Input Bits Sorted by Occurrences

| Input Bit | Complexity | Occurrences | Output Occurrences | Collision Probability |
|:---------:|:----------:|:-----------:|:------------------:|:---------------------:|
| iv_502 | 2.192571378052832 × 10^298 | 3897 | 82 | ½^160.00000000000065 |
| iv_505 | 9.95636219637378 × 10^298 | 3915 | 79 | ½^160.0000000000003 |
| iv_504 | 6.335154333996733 × 10^298 | 3924 | 78 | ½^160.00000000000065 |
| iv_506 | 1.5145130967855353 × 10^299 | 3948 | 82 | ½^160.00000000000068 |
| iv_508 | 3.187599546551722 × 10^299 | 3988 | 70 | ½^160.0000000000001 |
| iv_503 | 3.856277064433105 × 10^298 | 4041 | 74 | ½^160.00000000000065 |
| iv_510 | 5.868707526378669 × 10^299 | 4113 | 79 | ½^160.00000000000074 |
| iv_511 | 1.753401439307665 × 10^299 | 4200 | 80 | ½^160.00000000000082 |
| iv_507 | 5.1279856849359345 × 10^299 | 4226 | 66 | ½^160.00000000000077 |
| iv_512 | 2.0200996266221096 × 10^299 | 4362 | 80 | ½^160.0000000000007 |

### Input Bits Sorted by Output Occurrences

| Input Bit | Complexity | Occurrences | Output Occurrences | Collision Probability |
|:---------:|:----------:|:-----------:|:------------------:|:---------------------:|
| iv_507 | 5.1279856849359345 × 10^299 | 4226 | 66 | ½^160.00000000000077 |
| iv_508 | 3.187599546551722 × 10^299 | 3988 | 70 | ½^160.0000000000001 |
| iv_503 | 3.856277064433105 × 10^298 | 4041 | 74 | ½^160.00000000000065 |
| iv_504 | 6.335154333996733 × 10^298 | 3924 | 78 | ½^160.00000000000065 |
| iv_505 | 9.95636219637378 × 10^298 | 3915 | 79 | ½^160.0000000000003 |
| iv_510 | 5.868707526378669 × 10^299 | 4113 | 79 | ½^160.00000000000074 |
| iv_511 | 1.753401439307665 × 10^299 | 4200 | 80 | ½^160.00000000000082 |
| iv_512 | 2.0200996266221096 × 10^299 | 4362 | 80 | ½^160.0000000000007 |
| iv_502 | 2.192571378052832 × 10^298 | 3897 | 82 | ½^160.00000000000065 |
| iv_506 | 1.5145130967855353 × 10^299 | 3948 | 82 | ½^160.00000000000068 |

### Input Bits Sorted by Collision Probability

| Input Bit | Complexity | Occurrences | Output Occurrences | Collision Probability |
|:---------:|:----------:|:-----------:|:------------------:|:---------------------:|
| iv_508 | 3.187599546551722 × 10^299 | 3988 | 70 | ½^160.0000000000001 |
| iv_505 | 9.95636219637378 × 10^298 | 3915 | 79 | ½^160.0000000000003 |
| iv_502 | 2.192571378052832 × 10^298 | 3897 | 82 | ½^160.00000000000065 |
| iv_504 | 6.335154333996733 × 10^298 | 3924 | 78 | ½^160.00000000000065 |
| iv_503 | 3.856277064433105 × 10^298 | 4041 | 74 | ½^160.00000000000065 |
| iv_506 | 1.5145130967855353 × 10^299 | 3948 | 82 | ½^160.00000000000068 |
| iv_512 | 2.0200996266221096 × 10^299 | 4362 | 80 | ½^160.0000000000007 |
| iv_510 | 5.868707526378669 × 10^299 | 4113 | 79 | ½^160.00000000000074 |
| iv_507 | 5.1279856849359345 × 10^299 | 4226 | 66 | ½^160.00000000000077 |
| iv_511 | 1.753401439307665 × 10^299 | 4200 | 80 | ½^160.00000000000082 |

## Input Bit/Output Bit Collision Probabilities

| Input Bit | Output Bit | Collision Probability |
|:---------:|:----------:|:---------------------:|
| iv_508 | aaa_78_28 | 0.5000000000000044 |
| iv_505 | ov_090 | 0.500000000000004 |
| iv_505 | ov_027 | 0.5000000000000036 |
| iv_508 | ov_022 | 0.5000000000000022 |
| iv_508 | ov_122 | 0.5000000000000022 |
| iv_508 | ov_132 | 0.5000000000000022 |
| iv_508 | ov_104 | 0.5000000000000021 |
| iv_505 | ov_125 | 0.500000000000002 |
| iv_508 | ov_057 | 0.500000000000002 |
| iv_508 | ov_115 | 0.500000000000002 |

## Input Bit Co-occurrences

### Input Bit Co-occurrences Sorted by Co-occurrences

| Input Bits | Co-occurrences | Potential Occurrences | Output Co-occurrences | Potential Output Occurrences |
|:----------:|:--------------:|:---------------------:|:---------------------:|:----------------------------:|
| iv_511-iv_512 | 2148 | 4266 | 43 | 74 |
| iv_510-iv_512 | 2081 | 4313 | 42 | 75 |
| iv_503-iv_512 | 2039 | 4325 | 34 | 86 |
| iv_507-iv_512 | 2033 | 4522 | 33 | 80 |
| iv_508-iv_512 | 2024 | 4302 | 32 | 86 |
| iv_503-iv_511 | 2002 | 4237 | 37 | 80 |
| iv_510-iv_511 | 1990 | 4333 | 38 | 83 |
| iv_506-iv_507 | 1978 | 4218 | 34 | 80 |
| iv_507-iv_511 | 1961 | 4504 | 30 | 86 |
| iv_508-iv_511 | 1955 | 4278 | 36 | 78 |

### Input Bit Co-occurrences Sorted by Potential Occurrences

| Input Bits | Co-occurrences | Potential Occurrences | Output Co-occurrences | Potential Output Occurrences |
|:----------:|:--------------:|:---------------------:|:---------------------:|:----------------------------:|
| iv_506-iv_508 | 1893 | 4150 | 37 | 78 |
| iv_504-iv_506 | 1861 | 4150 | 42 | 76 |
| iv_502-iv_505 | 1822 | 4168 | 36 | 89 |
| iv_504-iv_505 | 1835 | 4169 | 41 | 75 |
| iv_503-iv_506 | 1907 | 4175 | 38 | 80 |
| iv_506-iv_510 | 1936 | 4189 | 44 | 73 |
| iv_504-iv_508 | 1858 | 4196 | 37 | 74 |
| iv_506-iv_507 | 1978 | 4218 | 34 | 80 |
| iv_503-iv_505 | 1867 | 4222 | 40 | 73 |
| iv_502-iv_504 | 1795 | 4231 | 42 | 76 |

### Input Bit Output Co-occurrences Sorted by Output Co-occurrences

| Input Bits | Co-occurrences | Potential Occurrences | Output Co-occurrences | Potential Output Occurrences |
|:----------:|:--------------:|:---------------------:|:---------------------:|:----------------------------:|
| iv_502-iv_511 | 1908 | 4281 | 45 | 72 |
| iv_502-iv_506 | 1806 | 4233 | 44 | 76 |
| iv_506-iv_510 | 1936 | 4189 | 44 | 73 |
| iv_511-iv_512 | 2148 | 4266 | 43 | 74 |
| iv_502-iv_504 | 1795 | 4231 | 42 | 76 |
| iv_502-iv_510 | 1863 | 4284 | 42 | 77 |
| iv_504-iv_506 | 1861 | 4150 | 42 | 76 |
| iv_510-iv_512 | 2081 | 4313 | 42 | 75 |
| iv_503-iv_504 | 1847 | 4271 | 41 | 70 |
| iv_504-iv_505 | 1835 | 4169 | 41 | 75 |

### Input Bit Output Co-occurrences Sorted by Potential Output Occurrences

| Input Bits | Co-occurrences | Potential Occurrences | Output Co-occurrences | Potential Output Occurrences |
|:----------:|:--------------:|:---------------------:|:---------------------:|:----------------------------:|
| iv_507-iv_508 | 1905 | 4404 | 34 | 68 |
| iv_503-iv_504 | 1847 | 4271 | 41 | 70 |
| iv_502-iv_511 | 1908 | 4281 | 45 | 72 |
| iv_503-iv_505 | 1867 | 4222 | 40 | 73 |
| iv_506-iv_510 | 1936 | 4189 | 44 | 73 |
| iv_504-iv_508 | 1858 | 4196 | 37 | 74 |
| iv_511-iv_512 | 2148 | 4266 | 43 | 74 |
| iv_504-iv_505 | 1835 | 4169 | 41 | 75 |
| iv_510-iv_512 | 2081 | 4313 | 42 | 75 |
| iv_502-iv_504 | 1795 | 4231 | 42 | 76 |

## Output Bits

### Output Bits in Regular Order

| Rank | Output Bit | Complexity |
|:----:|:----------:|:----------:|
| 1 | ov_001 | 3.4092521990866967 × 10^299 |
| 2 | ov_002 | 2.968658228727414 × 10^299 |
| 3 | ov_003 | 2.5704507108647453 × 10^299 |
| 4 | ov_004 | 2.2128745664054964 × 10^299 |
| 5 | ov_005 | 1.8942709466266468 × 10^299 |
| 6 | ov_006 | 1.6115838719166217 × 10^299 |
| 7 | ov_007 | 1.3619185053716662 × 10^299 |
| 8 | ov_008 | 1.1425313759451967 × 10^299 |
| 9 | ov_009 | 9.508219676430977 × 10^298 |
| 10 | ov_010 | 7.843255213661792 × 10^298 |
| 11 | ov_011 | 6.407069315612881 × 10^298 |
| 12 | ov_012 | 5.177556535850078 × 10^298 |
| 13 | ov_013 | 4.133815441498145 × 10^298 |
| 14 | ov_014 | 3.2561153964254064 × 10^298 |
| 15 | ov_015 | 2.5258706101753706 × 10^298 |
| 16 | ov_016 | 1.9256203428352732 × 10^298 |
| 17 | ov_017 | 1.4390142384372912 × 10^298 |
| 18 | ov_018 | 1.050801841561294 × 10^298 |
| 19 | ov_019 | 7.468254336732027 × 10^297 |
| 20 | ov_020 | 5.140154074766115 × 10^297 |
| 21 | ov_021 | 3.403874792322318 × 10^297 |
| 22 | ov_022 | 2.1504112064104744 × 10^297 |
| 23 | ov_023 | 1.281586968564266 × 10^297 |
| 24 | ov_024 | 7.1004961990958375 × 10^296 |
| 25 | ov_025 | 3.592674437276837 × 10^296 |
| 26 | ov_026 | 1.6352757740851464 × 10^296 |
| 27 | ov_027 | 6.793499942728406 × 10^295 |
| 28 | ov_028 | 2.8412059471546293 × 10^295 |
| 29 | ov_029 | 1.1698298979827722 × 10^295 |
| 30 | ov_030 | 3.867775787317548 × 10^294 |
| 31 | ov_031 | 9.358349186077599 × 10^293 |
| 32 | lv_80_k31 | 2.2636149237910617 × 10^293 |
| 33 | ov_033 | 2.711351579095392 × 10^294 |
| 34 | ov_034 | 2.345493211377765 × 10^294 |
| 35 | ov_035 | 2.0191622029707385 × 10^294 |
| 36 | ov_036 | 1.7291424960536228 × 10^294 |
| 37 | ov_037 | 1.472392054639431 × 10^294 |
| 38 | ov_038 | 1.2460305622410823 × 10^294 |
| 39 | ov_039 | 1.0473287720594795 × 10^294 |
| 40 | ov_040 | 8.736993508132127 × 10^293 |
| 41 | ov_041 | 7.226890670256548 × 10^293 |
| 42 | ov_042 | 5.919721837771136 × 10^293 |
| 43 | ov_043 | 4.79344924677639 × 10^293 |
| 44 | ov_044 | 3.8272089017624634 × 10^293 |
| 45 | ov_045 | 3.0012730934703414 × 10^293 |
| 46 | ov_046 | 2.3060578410749436 × 10^293 |
| 47 | ov_047 | 1.73252550380462 × 10^293 |
| 48 | ov_048 | 1.2721742771913063 × 10^293 |
| 49 | ov_049 | 9.095779385426033 × 10^292 |
| 50 | ov_050 | 6.303495530701986 × 10^292 |
| 51 | ov_051 | 4.2113418491132864 × 10^292 |
| 52 | ov_052 | 2.696039798225802 × 10^292 |
| 53 | ov_053 | 1.6445504215398462 × 10^292 |
| 54 | ov_054 | 9.540559592526915 × 10^291 |
| 55 | ov_055 | 5.319498679323448 × 10^291 |
| 56 | ov_056 | 2.958316370383907 × 10^291 |
| 57 | ov_057 | 1.735039816234588 × 10^291 |
| 58 | ov_058 | 1.0297123780211744 × 10^291 |
| 59 | ov_059 | 5.578583375749237 × 10^290 |
| 60 | ov_060 | 2.6847656429941433 × 10^290 |
| 61 | ov_061 | 1.105663110052164 × 10^290 |
| 62 | ov_062 | 3.656204487508883 × 10^289 |
| 63 | ov_063 | 8.847819696238061 × 10^288 |
| 64 | lv_79_k31 | 2.1404244331571137 × 10^288 |
| 65 | ov_065 | 2.5464975437252284 × 10^289 |
| 66 | ov_066 | 2.5464915970360424 × 10^289 |
| 67 | ov_067 | 2.546489669876673 × 10^289 |
| 68 | ov_068 | 2.2029781769988379 × 10^289 |
| 69 | ov_069 | 1.8950445113402868 × 10^289 |
| 70 | ov_070 | 1.6211498539886887 × 10^289 |
| 71 | ov_071 | 1.3784952150387998 × 10^289 |
| 72 | ov_072 | 1.164452771469819 × 10^289 |
| 73 | ov_073 | 9.765545318817513 × 10^288 |
| 74 | ov_074 | 8.124820406416242 × 10^288 |
| 75 | ov_075 | 6.700570658916023 × 10^288 |
| 76 | ov_076 | 5.472332176838345 × 10^288 |
| 77 | ov_077 | 4.4208844396999285 × 10^288 |
| 78 | ov_078 | 3.5281835333424867 × 10^288 |
| 79 | ov_079 | 2.7773031426084212 × 10^288 |
| 80 | ov_080 | 2.152382814122416 × 10^288 |
| 81 | ov_081 | 1.638582998985888 × 10^288 |
| 82 | ov_082 | 1.2220463887796698 × 10^288 |
| 83 | ov_083 | 8.898650607100215 × 10^287 |
| 84 | ov_084 | 6.3005294930194765 × 10^287 |
| 85 | ov_085 | 4.3152316298734086 × 10^287 |
| 86 | ov_086 | 2.8406966446504853 × 10^287 |
| 87 | ov_087 | 1.783528339948336 × 10^287 |
| 88 | ov_088 | 1.0588843494306721 × 10^287 |
| 89 | ov_089 | 5.903950098777213 × 10^286 |
| 90 | ov_090 | 3.1010664442997395 × 10^286 |
| 91 | ov_091 | 1.5844445192207483 × 10^286 |
| 92 | ov_092 | 8.419023777521211 × 10^285 |
| 93 | ov_093 | 4.4470460197542276 × 10^285 |
| 94 | ov_094 | 1.9933526708115913 × 10^285 |
| 95 | aaa_78_28 | 6.41120053249277 × 10^284 |
| 96 | aaa_78_29 | 2.4291626987156527 × 10^284 |
| 97 | ov_097 | 2.6453323625476445 × 10^284 |
| 98 | ov_098 | 2.6452530567157213 × 10^284 |
| 99 | ov_099 | 2.6452277272784035 × 10^284 |
| 100 | ov_100 | 2.3806027103612068 × 10^284 |
| 101 | ov_101 | 2.1354842823532524 × 10^284 |
| 102 | ov_102 | 1.9088024306055846 × 10^284 |
| 103 | ov_103 | 1.6995653865493634 × 10^284 |
| 104 | ov_104 | 1.5068494494032844 × 10^284 |
| 105 | ov_105 | 1.3297897378274125 × 10^284 |
| 106 | ov_106 | 1.1675718197327874 × 10^284 |
| 107 | ov_107 | 1.0194241725199235 × 10^284 |
| 108 | ov_108 | 8.846114277320283 × 10^283 |
| 109 | ov_109 | 7.624283555129907 × 10^283 |
| 110 | ov_110 | 6.52194545393319 × 10^283 |
| 111 | ov_111 | 5.53249740821798 × 10^283 |
| 112 | ov_112 | 4.649497855483868 × 10^283 |
| 113 | ov_113 | 3.866631404800918 × 10^283 |
| 114 | ov_114 | 3.177679300080461 × 10^283 |
| 115 | ov_115 | 2.576494770678377 × 10^283 |
| 116 | ov_116 | 2.0569828637130534 × 10^283 |
| 117 | ov_117 | 1.6130843535812288 × 10^283 |
| 118 | ov_118 | 1.2387633247999434 × 10^283 |
| 119 | ov_119 | 9.279980246602479 × 10^282 |
| 120 | ov_120 | 6.747745823499416 × 10^282 |
| 121 | ov_121 | 4.73083191279767 × 10^282 |
| 122 | ov_122 | 3.1691616949569326 × 10^282 |
| 123 | ov_123 | 2.0026705009158275 × 10^282 |
| 124 | ov_124 | 1.1713005184187964 × 10^282 |
| 125 | ov_125 | 6.149973196037434 × 10^281 |
| 126 | ov_126 | 2.7370786445595556 × 10^281 |
| 127 | aaa_77_28 | 8.737955626495779 × 10^280 |
| 128 | aaa_77_29 | 3.274647296363047 × 10^280 |
| 129 | ov_129 | 3.016988753573486 × 10^280 |
| 130 | ov_130 | 3.016981865763056 × 10^280 |
| 131 | ov_131 | 3.016979653442537 × 10^280 |
| 132 | ov_132 | 2.6129708100885704 × 10^280 |
| 133 | ov_133 | 2.251318074801813 × 10^280 |
| 134 | ov_134 | 1.9287848820415673 × 10^280 |
| 135 | ov_135 | 1.642315309225628 × 10^280 |
| 136 | ov_136 | 1.3890209360283013 × 10^280 |
| 137 | ov_137 | 1.16616937484261 × 10^280 |
| 138 | ov_138 | 9.711743515855037 × 10^279 |
| 139 | ov_139 | 8.015871936918268 × 10^279 |
| 140 | ov_140 | 6.550895802612523 × 10^279 |
| 141 | ov_141 | 5.294874172983979 × 10^279 |
| 142 | ov_142 | 4.227057087715521 × 10^279 |
| 143 | ov_143 | 3.32784301853076 × 10^279 |
| 144 | ov_144 | 2.5787439843450782 × 10^279 |
| 145 | ov_145 | 1.962357448614996 × 10^279 |
| 146 | ov_146 | 1.462344192210002 × 10^279 |
| 147 | ov_147 | 1.0634113045439177 × 10^279 |
| 148 | ov_148 | 7.512994469074735 × 10^278 |
| 149 | ov_149 | 5.127736150387299 × 10^278 |
| 150 | ov_150 | 3.356167009798982 × 10^278 |
| 151 | ov_151 | 2.0862522723442057 × 10^278 |
| 152 | ov_152 | 1.2160669917647123 × 10^278 |
| 153 | ov_153 | 6.537809458723156 × 10^277 |
| 154 | ov_154 | 3.176508210525033 × 10^277 |
| 155 | ov_155 | 1.3601643900796284 × 10^277 |
| 156 | aaa_76_25 | 4.729899178544015 × 10^276 |
| 157 | aaa_76_26 | 2.9109720586497444 × 10^276 |
| 158 | aaa_76_27 | 1.5960335134670544 × 10^276 |
| 159 | aaa_76_28 | 7.521031149435426 × 10^275 |
| 160 | aaa_76_29 | 2.8316982711143777 × 10^275 |

### Output Bits Sorted by Complexity

| Rank | Output Bit | Complexity |
|:----:|:----------:|:----------:|
| 160 | aaa_76_29 | 2.8316982711143777 × 10^275 |
| 159 | aaa_76_28 | 7.521031149435426 × 10^275 |
| 158 | aaa_76_27 | 1.5960335134670544 × 10^276 |
| 157 | aaa_76_26 | 2.9109720586497444 × 10^276 |
| 156 | aaa_76_25 | 4.729899178544015 × 10^276 |
| 155 | ov_155 | 1.3601643900796284 × 10^277 |
| 154 | ov_154 | 3.176508210525033 × 10^277 |
| 153 | ov_153 | 6.537809458723156 × 10^277 |
| 152 | ov_152 | 1.2160669917647123 × 10^278 |
| 151 | ov_151 | 2.0862522723442057 × 10^278 |
| 150 | ov_150 | 3.356167009798982 × 10^278 |
| 149 | ov_149 | 5.127736150387299 × 10^278 |
| 148 | ov_148 | 7.512994469074735 × 10^278 |
| 147 | ov_147 | 1.0634113045439177 × 10^279 |
| 146 | ov_146 | 1.462344192210002 × 10^279 |
| 145 | ov_145 | 1.962357448614996 × 10^279 |
| 144 | ov_144 | 2.5787439843450782 × 10^279 |
| 143 | ov_143 | 3.32784301853076 × 10^279 |
| 142 | ov_142 | 4.227057087715521 × 10^279 |
| 141 | ov_141 | 5.294874172983979 × 10^279 |
| 140 | ov_140 | 6.550895802612523 × 10^279 |
| 139 | ov_139 | 8.015871936918268 × 10^279 |
| 138 | ov_138 | 9.711743515855037 × 10^279 |
| 137 | ov_137 | 1.16616937484261 × 10^280 |
| 136 | ov_136 | 1.3890209360283013 × 10^280 |
| 135 | ov_135 | 1.642315309225628 × 10^280 |
| 134 | ov_134 | 1.9287848820415673 × 10^280 |
| 133 | ov_133 | 2.251318074801813 × 10^280 |
| 132 | ov_132 | 2.6129708100885704 × 10^280 |
| 131 | ov_131 | 3.016979653442537 × 10^280 |
| 130 | ov_130 | 3.016981865763056 × 10^280 |
| 129 | ov_129 | 3.016988753573486 × 10^280 |
| 128 | aaa_77_29 | 3.274647296363047 × 10^280 |
| 127 | aaa_77_28 | 8.737955626495779 × 10^280 |
| 126 | ov_126 | 2.7370786445595556 × 10^281 |
| 125 | ov_125 | 6.149973196037434 × 10^281 |
| 124 | ov_124 | 1.1713005184187964 × 10^282 |
| 123 | ov_123 | 2.0026705009158275 × 10^282 |
| 122 | ov_122 | 3.1691616949569326 × 10^282 |
| 121 | ov_121 | 4.73083191279767 × 10^282 |
| 120 | ov_120 | 6.747745823499416 × 10^282 |
| 119 | ov_119 | 9.279980246602479 × 10^282 |
| 118 | ov_118 | 1.2387633247999434 × 10^283 |
| 117 | ov_117 | 1.6130843535812288 × 10^283 |
| 116 | ov_116 | 2.0569828637130534 × 10^283 |
| 115 | ov_115 | 2.576494770678377 × 10^283 |
| 114 | ov_114 | 3.177679300080461 × 10^283 |
| 113 | ov_113 | 3.866631404800918 × 10^283 |
| 112 | ov_112 | 4.649497855483868 × 10^283 |
| 111 | ov_111 | 5.53249740821798 × 10^283 |
| 110 | ov_110 | 6.52194545393319 × 10^283 |
| 109 | ov_109 | 7.624283555129907 × 10^283 |
| 108 | ov_108 | 8.846114277320283 × 10^283 |
| 107 | ov_107 | 1.0194241725199235 × 10^284 |
| 106 | ov_106 | 1.1675718197327874 × 10^284 |
| 105 | ov_105 | 1.3297897378274125 × 10^284 |
| 104 | ov_104 | 1.5068494494032844 × 10^284 |
| 103 | ov_103 | 1.6995653865493634 × 10^284 |
| 102 | ov_102 | 1.9088024306055846 × 10^284 |
| 101 | ov_101 | 2.1354842823532524 × 10^284 |
| 100 | ov_100 | 2.3806027103612068 × 10^284 |
| 96 | aaa_78_29 | 2.4291626987156527 × 10^284 |
| 99 | ov_099 | 2.6452277272784035 × 10^284 |
| 98 | ov_098 | 2.6452530567157213 × 10^284 |
| 97 | ov_097 | 2.6453323625476445 × 10^284 |
| 95 | aaa_78_28 | 6.41120053249277 × 10^284 |
| 94 | ov_094 | 1.9933526708115913 × 10^285 |
| 93 | ov_093 | 4.4470460197542276 × 10^285 |
| 92 | ov_092 | 8.419023777521211 × 10^285 |
| 91 | ov_091 | 1.5844445192207483 × 10^286 |
| 90 | ov_090 | 3.1010664442997395 × 10^286 |
| 89 | ov_089 | 5.903950098777213 × 10^286 |
| 88 | ov_088 | 1.0588843494306721 × 10^287 |
| 87 | ov_087 | 1.783528339948336 × 10^287 |
| 86 | ov_086 | 2.8406966446504853 × 10^287 |
| 85 | ov_085 | 4.3152316298734086 × 10^287 |
| 84 | ov_084 | 6.3005294930194765 × 10^287 |
| 83 | ov_083 | 8.898650607100215 × 10^287 |
| 82 | ov_082 | 1.2220463887796698 × 10^288 |
| 81 | ov_081 | 1.638582998985888 × 10^288 |
| 64 | lv_79_k31 | 2.1404244331571137 × 10^288 |
| 80 | ov_080 | 2.152382814122416 × 10^288 |
| 79 | ov_079 | 2.7773031426084212 × 10^288 |
| 78 | ov_078 | 3.5281835333424867 × 10^288 |
| 77 | ov_077 | 4.4208844396999285 × 10^288 |
| 76 | ov_076 | 5.472332176838345 × 10^288 |
| 75 | ov_075 | 6.700570658916023 × 10^288 |
| 74 | ov_074 | 8.124820406416242 × 10^288 |
| 63 | ov_063 | 8.847819696238061 × 10^288 |
| 73 | ov_073 | 9.765545318817513 × 10^288 |
| 72 | ov_072 | 1.164452771469819 × 10^289 |
| 71 | ov_071 | 1.3784952150387998 × 10^289 |
| 70 | ov_070 | 1.6211498539886887 × 10^289 |
| 69 | ov_069 | 1.8950445113402868 × 10^289 |
| 68 | ov_068 | 2.2029781769988379 × 10^289 |
| 67 | ov_067 | 2.546489669876673 × 10^289 |
| 66 | ov_066 | 2.5464915970360424 × 10^289 |
| 65 | ov_065 | 2.5464975437252284 × 10^289 |
| 62 | ov_062 | 3.656204487508883 × 10^289 |
| 61 | ov_061 | 1.105663110052164 × 10^290 |
| 60 | ov_060 | 2.6847656429941433 × 10^290 |
| 59 | ov_059 | 5.578583375749237 × 10^290 |
| 58 | ov_058 | 1.0297123780211744 × 10^291 |
| 57 | ov_057 | 1.735039816234588 × 10^291 |
| 56 | ov_056 | 2.958316370383907 × 10^291 |
| 55 | ov_055 | 5.319498679323448 × 10^291 |
| 54 | ov_054 | 9.540559592526915 × 10^291 |
| 53 | ov_053 | 1.6445504215398462 × 10^292 |
| 52 | ov_052 | 2.696039798225802 × 10^292 |
| 51 | ov_051 | 4.2113418491132864 × 10^292 |
| 50 | ov_050 | 6.303495530701986 × 10^292 |
| 49 | ov_049 | 9.095779385426033 × 10^292 |
| 48 | ov_048 | 1.2721742771913063 × 10^293 |
| 47 | ov_047 | 1.73252550380462 × 10^293 |
| 32 | lv_80_k31 | 2.2636149237910617 × 10^293 |
| 46 | ov_046 | 2.3060578410749436 × 10^293 |
| 45 | ov_045 | 3.0012730934703414 × 10^293 |
| 44 | ov_044 | 3.8272089017624634 × 10^293 |
| 43 | ov_043 | 4.79344924677639 × 10^293 |
| 42 | ov_042 | 5.919721837771136 × 10^293 |
| 41 | ov_041 | 7.226890670256548 × 10^293 |
| 40 | ov_040 | 8.736993508132127 × 10^293 |
| 31 | ov_031 | 9.358349186077599 × 10^293 |
| 39 | ov_039 | 1.0473287720594795 × 10^294 |
| 38 | ov_038 | 1.2460305622410823 × 10^294 |
| 37 | ov_037 | 1.472392054639431 × 10^294 |
| 36 | ov_036 | 1.7291424960536228 × 10^294 |
| 35 | ov_035 | 2.0191622029707385 × 10^294 |
| 34 | ov_034 | 2.345493211377765 × 10^294 |
| 33 | ov_033 | 2.711351579095392 × 10^294 |
| 30 | ov_030 | 3.867775787317548 × 10^294 |
| 29 | ov_029 | 1.1698298979827722 × 10^295 |
| 28 | ov_028 | 2.8412059471546293 × 10^295 |
| 27 | ov_027 | 6.793499942728406 × 10^295 |
| 26 | ov_026 | 1.6352757740851464 × 10^296 |
| 25 | ov_025 | 3.592674437276837 × 10^296 |
| 24 | ov_024 | 7.1004961990958375 × 10^296 |
| 23 | ov_023 | 1.281586968564266 × 10^297 |
| 22 | ov_022 | 2.1504112064104744 × 10^297 |
| 21 | ov_021 | 3.403874792322318 × 10^297 |
| 20 | ov_020 | 5.140154074766115 × 10^297 |
| 19 | ov_019 | 7.468254336732027 × 10^297 |
| 18 | ov_018 | 1.050801841561294 × 10^298 |
| 17 | ov_017 | 1.4390142384372912 × 10^298 |
| 16 | ov_016 | 1.9256203428352732 × 10^298 |
| 15 | ov_015 | 2.5258706101753706 × 10^298 |
| 14 | ov_014 | 3.2561153964254064 × 10^298 |
| 13 | ov_013 | 4.133815441498145 × 10^298 |
| 12 | ov_012 | 5.177556535850078 × 10^298 |
| 11 | ov_011 | 6.407069315612881 × 10^298 |
| 10 | ov_010 | 7.843255213661792 × 10^298 |
| 9 | ov_009 | 9.508219676430977 × 10^298 |
| 8 | ov_008 | 1.1425313759451967 × 10^299 |
| 7 | ov_007 | 1.3619185053716662 × 10^299 |
| 6 | ov_006 | 1.6115838719166217 × 10^299 |
| 5 | ov_005 | 1.8942709466266468 × 10^299 |
| 4 | ov_004 | 2.2128745664054964 × 10^299 |
| 3 | ov_003 | 2.5704507108647453 × 10^299 |
| 2 | ov_002 | 2.968658228727414 × 10^299 |
| 1 | ov_001 | 3.4092521990866967 × 10^299 |

