# Results for F001-F002-F003-F004-F005-F006-F007-F008-F009-F010-F011-F012-F013-F014-F015-F016-F017-F018-F019-F020-F021-F022-F023-F024-F025-F026-F027-F028-F029-F030-F031-F032-F033-F034-F035-F036-F037-F038-F039-F040-F041-F042-F043-F044-F045-F046-F047-F048-F049-F050-F051-F052-F053-F054-F055-F056-F057-F058-F059-F060-F061-F062-F063-F064-F065-F066-F067-F068-F069-F070-F071-F072-F073-F074-F075-F076-F077-F078-F079-F080-F081-F082-F083-F084-F085-F086-F087-F088-F089-F090-F091-F092-F093-F094-F095-F096-F097-F098-F099-F100-F101-F102-F103-F104-F105-F106-F107-F108-F109-F110-F111-F112-F113-F114-F115-F116-F117-F118-F119-F120-F121-F122-F123-F124-F125-F126-F127-F128-F129-F130-F131-F132-F133-F134-F135-F136-F137-F138-F139-F140-F141-F142-F143-F144-F145-F146-F147-F148-F149-F150-F151-F152-F153-F154-F155-F156-F157-F158-F159-F160-F161-F162-F163-F164-F165-F166-F167-F168-F169-F170-F171-F172-F173-F174-F175-F176-F177-F178-F179-F180-F181-F182-F183-F184-F185-F186-F187-F188-F189-F190-F191-F192-F193-F194-F195-F196-F197-F198-F199-F200-F201-F202-F203-F204-F205-F206-F207-F208-F209-F210-F211-F212-F213-F214-F215-F216-F217-F218-F219-F220-F221-F222-F223-F224-F225-F226-F227-F228-F229-F230-F231-F232-F233-F234-F235-F236-F237-F238-F239-F240-F241-F242-F243-F244-F245-F246-F247-F248-F249-F250-F251-F252-F253-F254-F255-F256-F257-F258-F259-F260-F261-F262-F263-F264-F265-F266-F267-F268-F269-F270-F271-F272-F273-F274-F275-F276-F277-F278-F279-F280-F281-F282-F283-F284-F285-F286-F287-F288-F289-F290-F291-F292-F293-F294-F295-F296-F297-F298-F299-F300-F301-F302-F303-F304-F305-F306-F307-F308-F309-F310-F311-F312-F313-F314-F315-F316-F317-F318-F319-F320-F321-F322-F323-F324-F325-F326-F327-F328-F329-F330-F331-F332-F333-F334-F335-F336-F337-F338-F339-F340-F341-F342-F343-F344-F345-F346-F347-F348-F349-F350-F351-F352-F353-F354-F355-F356-F357-F358-F359-F360-F361-F362-F363-F364-F365-F366-F367-F368-F369-F370-F371-F372-F373-F374-F375-F376-F377-F378-F379-F380-F381-F382-F383-F384-F385-F386-F387-F388-F389-F390-F391-F392-F393-F394-F395-F396-F397-F398-F399-F400-F401-F402-F403-F404-F405-F406-F407-F408-F409-F410-F411-F412-F413-F414-F415-F416-F417-F418-F419-F420-F421-F422-F423-F424-F425-F426-F427-F428-F429-F430-F431-F432-F433-F434-F435-F436-F437-F438-F439-F440-F441-F442-F443-F444-F445-F446-F447-F448-F449-F450-F451-F452-F453-F454-F455-F456-F457-F458-F459-F460-F461-F462-F463-F464-F465-F466-F467-F468-F469-F470-F471-F472-F473-F474-F475-F476-F477-F478-F479-F480-F481-F482-F483-F484-F485-F486-F487-F488-F489-F490-F491-F492-F493-F494-F495-F496-E500505-F507-F508-F509-F510-F512

## Summary

Number of input bits: 512  
Number of free input bits: 10  
Number of output bits: 160

Number of direct occurrences: 41009  
Number of assignments: 31168  
Number of operations: 11088314
(xor: 11060023,
and: 15070,
or: 13221)

Total complexity: 6.294382731511228 × 10^298

Least occurring input variable: iv_502 (3898)  
Most occurring input variable: iv_511 (4386)

Most co-occurring input variables: iv_501-iv_511 (2065)  
Least co-occurring input variables: iv_499-iv_506 (1799)

Potentially most occurring input variable: iv_497/iv_511 (4604)  
Potentially least occurring input variable: iv_499/iv_504 (4122)

Least output occurring input variable: iv_500 (67)  
Most output occurring input variable: iv_503 (85)

Most output co-occurring input variables: iv_501-iv_511 (47)  
Least output co-occurring input variables: iv_500-iv_502 (25)

Potentially most output occurring input variable: iv_497/iv_503 (94)  
Potentially least output occurring input variable: iv_497/iv_498 (65)

Least complex input bit: iv_511 (2.938848324645051 × 10^293)  
Most complex input bit: iv_500 (2.2333851637118356 × 10^298)

Least complex output bit: aaa_76_29 (1.445219580043459 × 10^274)  
Most complex output bit: ov_001 (9.84000994296839 × 10^297)

Least complex input/output complexity: iv_511/aaa_76_29 (6.74773257795716 × 10^268)  
Most complex input/output complexity: iv_500/ov_001 (3.491451529850987 × 10^297)

## Input Bits

### Input Bits in Regular Order

| Input Bit | Complexity | Occurrences | Output Occurrences |
|:---------:|:----------:|:-----------:|:------------------:|
| iv_497 | 3.635196712875483 × 10^296 | 4054 | 77 |
| iv_498 | 7.251618856294018 × 10^296 | 4033 | 74 |
| iv_499 | 1.302218437795261 × 10^297 | 3952 | 81 |
| iv_500 | 2.2333851637118356 × 10^298 | 4303 | 67 |
| iv_501 | 3.7556291801131466 × 10^297 | 4085 | 82 |
| iv_502 | 6.160293660102064 × 10^297 | 3898 | 70 |
| iv_503 | 9.890047595684046 × 10^297 | 4164 | 85 |
| iv_504 | 1.553815889468029 × 10^298 | 4106 | 83 |
| iv_506 | 2.8746524678697988 × 10^297 | 4028 | 77 |
| iv_511 | 2.938848324645051 × 10^293 | 4386 | 80 |

### Input Bits Sorted by Complexity

| Input Bit | Complexity | Occurrences | Output Occurrences |
|:---------:|:----------:|:-----------:|:------------------:|
| iv_511 | 2.938848324645051 × 10^293 | 4386 | 80 |
| iv_497 | 3.635196712875483 × 10^296 | 4054 | 77 |
| iv_498 | 7.251618856294018 × 10^296 | 4033 | 74 |
| iv_499 | 1.302218437795261 × 10^297 | 3952 | 81 |
| iv_506 | 2.8746524678697988 × 10^297 | 4028 | 77 |
| iv_501 | 3.7556291801131466 × 10^297 | 4085 | 82 |
| iv_502 | 6.160293660102064 × 10^297 | 3898 | 70 |
| iv_503 | 9.890047595684046 × 10^297 | 4164 | 85 |
| iv_504 | 1.553815889468029 × 10^298 | 4106 | 83 |
| iv_500 | 2.2333851637118356 × 10^298 | 4303 | 67 |

### Input Bits Sorted by Occurrences

| Input Bit | Complexity | Occurrences | Output Occurrences |
|:---------:|:----------:|:-----------:|:------------------:|
| iv_502 | 6.160293660102064 × 10^297 | 3898 | 70 |
| iv_499 | 1.302218437795261 × 10^297 | 3952 | 81 |
| iv_506 | 2.8746524678697988 × 10^297 | 4028 | 77 |
| iv_498 | 7.251618856294018 × 10^296 | 4033 | 74 |
| iv_497 | 3.635196712875483 × 10^296 | 4054 | 77 |
| iv_501 | 3.7556291801131466 × 10^297 | 4085 | 82 |
| iv_504 | 1.553815889468029 × 10^298 | 4106 | 83 |
| iv_503 | 9.890047595684046 × 10^297 | 4164 | 85 |
| iv_500 | 2.2333851637118356 × 10^298 | 4303 | 67 |
| iv_511 | 2.938848324645051 × 10^293 | 4386 | 80 |

### Input Bits Sorted by Output Occurrences

| Input Bit | Complexity | Occurrences | Output Occurrences |
|:---------:|:----------:|:-----------:|:------------------:|
| iv_500 | 2.2333851637118356 × 10^298 | 4303 | 67 |
| iv_502 | 6.160293660102064 × 10^297 | 3898 | 70 |
| iv_498 | 7.251618856294018 × 10^296 | 4033 | 74 |
| iv_506 | 2.8746524678697988 × 10^297 | 4028 | 77 |
| iv_497 | 3.635196712875483 × 10^296 | 4054 | 77 |
| iv_511 | 2.938848324645051 × 10^293 | 4386 | 80 |
| iv_499 | 1.302218437795261 × 10^297 | 3952 | 81 |
| iv_501 | 3.7556291801131466 × 10^297 | 4085 | 82 |
| iv_504 | 1.553815889468029 × 10^298 | 4106 | 83 |
| iv_503 | 9.890047595684046 × 10^297 | 4164 | 85 |

## Input Bit Co-occurrences

### Input Bit Co-occurrences Sorted by Co-occurrences

| Input Bits | Co-occurrences | Potential Occurrences | Output Co-occurrences | Potential Output Occurrences |
|:----------:|:--------------:|:---------------------:|:---------------------:|:----------------------------:|
| iv_501-iv_511 | 2065 | 4341 | 47 | 68 |
| iv_503-iv_511 | 2061 | 4428 | 43 | 79 |
| iv_500-iv_511 | 2051 | 4587 | 32 | 83 |
| iv_504-iv_511 | 2035 | 4422 | 46 | 71 |
| iv_500-iv_504 | 2014 | 4381 | 29 | 92 |
| iv_500-iv_503 | 2014 | 4439 | 31 | 90 |
| iv_500-iv_506 | 2009 | 4313 | 33 | 78 |
| iv_500-iv_501 | 1995 | 4398 | 35 | 79 |
| iv_498-iv_504 | 1990 | 4159 | 39 | 79 |
| iv_497-iv_503 | 1975 | 4268 | 34 | 94 |

### Input Bit Co-occurrences Sorted by Potential Occurrences

| Input Bits | Co-occurrences | Potential Occurrences | Output Co-occurrences | Potential Output Occurrences |
|:----------:|:--------------:|:---------------------:|:---------------------:|:----------------------------:|
| iv_499-iv_504 | 1968 | 4122 | 42 | 80 |
| iv_499-iv_502 | 1854 | 4142 | 37 | 77 |
| iv_498-iv_504 | 1990 | 4159 | 39 | 79 |
| iv_498-iv_499 | 1907 | 4171 | 39 | 77 |
| iv_497-iv_499 | 1898 | 4210 | 40 | 78 |
| iv_502-iv_506 | 1845 | 4236 | 34 | 79 |
| iv_501-iv_502 | 1872 | 4239 | 34 | 84 |
| iv_498-iv_506 | 1907 | 4247 | 39 | 73 |
| iv_502-iv_504 | 1878 | 4248 | 37 | 79 |
| iv_499-iv_501 | 1891 | 4255 | 43 | 77 |

### Input Bit Output Co-occurrences Sorted by Output Co-occurrences

| Input Bits | Co-occurrences | Potential Occurrences | Output Co-occurrences | Potential Output Occurrences |
|:----------:|:--------------:|:---------------------:|:---------------------:|:----------------------------:|
| iv_501-iv_511 | 2065 | 4341 | 47 | 68 |
| iv_504-iv_511 | 2035 | 4422 | 46 | 71 |
| iv_499-iv_503 | 1910 | 4296 | 45 | 76 |
| iv_499-iv_501 | 1891 | 4255 | 43 | 77 |
| iv_501-iv_504 | 1960 | 4271 | 43 | 79 |
| iv_503-iv_511 | 2061 | 4428 | 43 | 79 |
| iv_497-iv_498 | 1904 | 4279 | 43 | 65 |
| iv_499-iv_504 | 1968 | 4122 | 42 | 80 |
| iv_503-iv_504 | 1929 | 4412 | 42 | 84 |
| iv_501-iv_503 | 1972 | 4305 | 42 | 83 |

### Input Bit Output Co-occurrences Sorted by Potential Output Occurrences

| Input Bits | Co-occurrences | Potential Occurrences | Output Co-occurrences | Potential Output Occurrences |
|:----------:|:--------------:|:---------------------:|:---------------------:|:----------------------------:|
| iv_497-iv_498 | 1904 | 4279 | 43 | 65 |
| iv_501-iv_511 | 2065 | 4341 | 47 | 68 |
| iv_504-iv_511 | 2035 | 4422 | 46 | 71 |
| iv_497-iv_500 | 1962 | 4433 | 36 | 72 |
| iv_502-iv_511 | 1864 | 4556 | 39 | 72 |
| iv_498-iv_506 | 1907 | 4247 | 39 | 73 |
| iv_506-iv_511 | 1963 | 4488 | 41 | 75 |
| iv_499-iv_506 | 1799 | 4382 | 41 | 76 |
| iv_499-iv_503 | 1910 | 4296 | 45 | 76 |
| iv_499-iv_501 | 1891 | 4255 | 43 | 77 |

## Output Bits

### Output Bits in Regular Order

| Rank | Output Bit | Complexity |
|:----:|:----------:|:----------:|
| 1 | ov_001 | 9.84000994296839 × 10^297 |
| 2 | ov_002 | 8.562533622652159 × 10^297 |
| 3 | ov_003 | 7.415614856768281 × 10^297 |
| 4 | ov_004 | 6.38946995375711 × 10^297 |
| 5 | ov_005 | 5.474851434459685 × 10^297 |
| 6 | ov_006 | 4.6630093622703216 × 10^297 |
| 7 | ov_007 | 3.945657708740929 × 10^297 |
| 8 | ov_008 | 3.314945450177332 × 10^297 |
| 9 | ov_009 | 2.7634320170819228 × 10^297 |
| 10 | ov_010 | 2.2840666490128985 × 10^297 |
| 11 | ov_011 | 1.8701712023704464 × 10^297 |
| 12 | ov_012 | 1.5154259845567193 × 10^297 |
| 13 | ov_013 | 1.2138582134001097 × 10^297 |
| 14 | ov_014 | 9.598327257931186 × 10^296 |
| 15 | ov_015 | 7.480445842550148 × 10^296 |
| 16 | ov_016 | 5.7351325466611994 × 10^296 |
| 17 | ov_017 | 4.3157805278599265 × 10^296 |
| 18 | ov_018 | 3.178945957759917 × 10^296 |
| 19 | ov_019 | 2.284320606989002 × 10^296 |
| 20 | ov_020 | 1.5947111315375503 × 10^296 |
| 21 | ov_021 | 1.0760239711246476 × 10^296 |
| 22 | ov_022 | 6.972548068568577 × 10^295 |
| 23 | ov_023 | 4.3048147837171353 × 10^295 |
| 24 | ov_024 | 2.5085938074096047 × 10^295 |
| 25 | ov_025 | 1.366186486808041 × 10^295 |
| 26 | ov_026 | 6.906261466616461 × 10^294 |
| 27 | ov_027 | 3.256708380126949 × 10^294 |
| 28 | ov_028 | 1.458004805939152 × 10^294 |
| 29 | ov_029 | 5.621594347361857 × 10^293 |
| 30 | ov_030 | 1.7197850796007927 × 10^293 |
| 31 | ov_031 | 3.3575420693282463 × 10^292 |
| 32 | lv_80_m31 | 6.554423351271049 × 10^291 |
| 33 | ov_033 | 7.854239506536598 × 10^292 |
| 34 | ov_034 | 6.824614085752945 × 10^292 |
| 35 | ov_035 | 5.902241388390065 × 10^292 |
| 36 | ov_036 | 5.077649785846262 × 10^292 |
| 37 | ov_037 | 4.341877057257628 × 10^292 |
| 38 | ov_038 | 3.6864347220716127 × 10^292 |
| 39 | ov_039 | 3.1032772646101693 × 10^292 |
| 40 | ov_040 | 2.5884891113958687 × 10^292 |
| 41 | ov_041 | 2.138356915243191 × 10^292 |
| 42 | ov_042 | 1.7493592766669565 × 10^292 |
| 43 | ov_043 | 1.4181581216769237 × 10^292 |
| 44 | ov_044 | 1.1385999181027937 × 10^292 |
| 45 | ov_045 | 9.048669344781293 × 10^291 |
| 46 | ov_046 | 7.114686526813139 × 10^291 |
| 47 | ov_047 | 5.5323493797843483 × 10^291 |
| 48 | ov_048 | 4.2531068374374346 × 10^291 |
| 49 | ov_049 | 3.231516699583626 × 10^291 |
| 50 | ov_050 | 2.4252139600968507 × 10^291 |
| 51 | ov_051 | 1.794886804678297 × 10^291 |
| 52 | ov_052 | 1.3042587324021699 × 10^291 |
| 53 | ov_053 | 9.2007574207862 × 10^290 |
| 54 | ov_054 | 6.264651452723404 × 10^290 |
| 55 | ov_055 | 4.0905947568147065 × 10^290 |
| 56 | ov_056 | 2.549943932992444 × 10^290 |
| 57 | ov_057 | 1.529074162699656 × 10^290 |
| 58 | ov_058 | 8.457655383365436 × 10^289 |
| 59 | ov_059 | 4.1641175670669917 × 10^289 |
| 60 | ov_060 | 1.7241200006335254 × 10^289 |
| 61 | ov_061 | 6.017026665820997 × 10^288 |
| 62 | ov_062 | 1.6490904685019856 × 10^288 |
| 63 | ov_063 | 3.2110675729693125 × 10^287 |
| 64 | lv_79_m31 | 6.2511260191703 × 10^286 |
| 65 | ov_065 | 7.44840011796876 × 10^287 |
| 66 | ov_066 | 7.448376012287648 × 10^287 |
| 67 | ov_067 | 7.448370112495742 × 10^287 |
| 68 | ov_068 | 6.430842328496808 × 10^287 |
| 69 | ov_069 | 5.524560319122127 × 10^287 |
| 70 | ov_070 | 4.720394594088848 × 10^287 |
| 71 | ov_071 | 4.009777431020372 × 10^287 |
| 72 | ov_072 | 3.384664828326299 × 10^287 |
| 73 | ov_073 | 2.837501821550186 × 10^287 |
| 74 | ov_074 | 2.361190985721967 × 10^287 |
| 75 | ov_075 | 1.949063952924057 × 10^287 |
| 76 | ov_076 | 1.5948557797384898 × 10^287 |
| 77 | ov_077 | 1.292682003649681 × 10^287 |
| 78 | ov_078 | 1.0370182309982034 × 10^287 |
| 79 | ov_079 | 8.226821018568455 × 10^286 |
| 80 | ov_080 | 6.448174793580125 × 10^286 |
| 81 | ov_081 | 4.988807126604206 × 10^286 |
| 82 | ov_082 | 3.806288240048776 × 10^286 |
| 83 | ov_083 | 2.86109471252336 × 10^286 |
| 84 | ov_084 | 2.116525379799398 × 10^286 |
| 85 | ov_085 | 1.5386320368138943 × 10^286 |
| 86 | ov_086 | 1.0961634692620744 × 10^286 |
| 87 | ov_087 | 7.605213452656796 × 10^285 |
| 88 | ov_088 | 5.057264987863305 × 10^285 |
| 89 | ov_089 | 3.1944052730401336 × 10^285 |
| 90 | ov_090 | 1.906170406531637 × 10^285 |
| 91 | ov_091 | 1.0949467401136111 × 10^285 |
| 92 | ov_092 | 6.039024530724838 × 10^284 |
| 93 | ov_093 | 3.0175795972398706 × 10^284 |
| 94 | ov_094 | 1.2925851165437522 × 10^284 |
| 95 | aaa_78_28 | 3.991452263707108 × 10^283 |
| 96 | aaa_78_29 | 1.2258274981487916 × 10^283 |
| 97 | ov_097 | 8.09447195624467 × 10^282 |
| 98 | ov_098 | 8.094228874384953 × 10^282 |
| 99 | ov_099 | 8.094151156704849 × 10^282 |
| 100 | ov_100 | 7.283731077612041 × 10^282 |
| 101 | ov_101 | 6.533103336077787 × 10^282 |
| 102 | ov_102 | 5.838992428894748 × 10^282 |
| 103 | ov_103 | 5.198361892004445 × 10^282 |
| 104 | ov_104 | 4.608382700713723 × 10^282 |
| 105 | ov_105 | 4.0664046218547034 × 10^282 |
| 106 | ov_106 | 3.569930365531836 × 10^282 |
| 107 | ov_107 | 3.116592389487112 × 10^282 |
| 108 | ov_108 | 2.704132213435972 × 10^282 |
| 109 | ov_109 | 2.330382104135421 × 10^282 |
| 110 | ov_110 | 1.9932489945778933 × 10^282 |
| 111 | ov_111 | 1.690700502689729 × 10^282 |
| 112 | ov_112 | 1.420752916372076 × 10^282 |
| 113 | ov_113 | 1.1814610127656609 × 10^282 |
| 114 | ov_114 | 9.709095803491159 × 10^281 |
| 115 | ov_115 | 7.872065129785932 × 10^281 |
| 116 | ov_116 | 6.284773453090879 × 10^281 |
| 117 | ov_117 | 4.928609597882791 × 10^281 |
| 118 | ov_118 | 3.7850607234369524 × 10^281 |
| 119 | ov_119 | 2.8356827594589265 × 10^281 |
| 120 | ov_120 | 2.0620766767302625 × 10^281 |
| 121 | ov_121 | 1.4458715934305848 × 10^281 |
| 122 | ov_122 | 9.687139042316117 × 10^280 |
| 123 | ov_123 | 6.122601307765577 × 10^280 |
| 124 | ov_124 | 3.5817209899295535 × 10^280 |
| 125 | ov_125 | 1.8811395143308564 × 10^280 |
| 126 | ov_126 | 8.375062329319825 × 10^279 |
| 127 | aaa_77_28 | 2.674725743236033 × 10^279 |
| 128 | aaa_77_29 | 1.0030236696032742 × 10^279 |
| 129 | ov_129 | 9.233699129312074 × 10^278 |
| 130 | ov_130 | 9.233670990191792 × 10^278 |
| 131 | ov_131 | 9.233664189384698 × 10^278 |
| 132 | ov_132 | 8.002702675114284 × 10^278 |
| 133 | ov_133 | 6.899866366176944 × 10^278 |
| 134 | ov_134 | 5.915015452528824 × 10^278 |
| 135 | ov_135 | 5.038550457565776 × 10^278 |
| 136 | ov_136 | 4.261373656480565 × 10^278 |
| 137 | ov_137 | 3.5790571583013426 × 10^278 |
| 138 | ov_138 | 2.9834121858774673 × 10^278 |
| 139 | ov_139 | 2.46666646283332 × 10^278 |
| 140 | ov_140 | 2.0214442947257764 × 10^278 |
| 141 | ov_141 | 1.6407501310942554 × 10^278 |
| 142 | ov_142 | 1.3179551853635268 × 10^278 |
| 143 | ov_143 | 1.0467867142864184 × 10^278 |
| 144 | ov_144 | 8.213195830990174 × 10^277 |
| 145 | ov_145 | 6.359697668745224 × 10^277 |
| 146 | ov_146 | 4.8548946275517685 × 10^277 |
| 147 | ov_147 | 3.6496351185259724 × 10^277 |
| 148 | ov_148 | 2.698068536630077 × 10^277 |
| 149 | ov_149 | 1.9576275986495163 × 10^277 |
| 150 | ov_150 | 1.3890162968874763 × 10^277 |
| 151 | ov_151 | 9.562018550236408 × 10^276 |
| 152 | ov_152 | 6.264095921064734 × 10^276 |
| 153 | ov_153 | 3.840662029509716 × 10^276 |
| 154 | ov_154 | 2.1522533332516608 × 10^276 |
| 155 | ov_155 | 1.0756695794109388 × 10^276 |
| 156 | aaa_76_25 | 4.132879217104498 × 10^275 |
| 157 | aaa_76_26 | 2.3861983153890686 × 10^275 |
| 158 | aaa_76_27 | 1.221209428712824 × 10^275 |
| 159 | aaa_76_28 | 4.753489743220558 × 10^274 |
| 160 | aaa_76_29 | 1.445219580043459 × 10^274 |

### Output Bits Sorted by Complexity

| Rank | Output Bit | Complexity |
|:----:|:----------:|:----------:|
| 160 | aaa_76_29 | 1.445219580043459 × 10^274 |
| 159 | aaa_76_28 | 4.753489743220558 × 10^274 |
| 158 | aaa_76_27 | 1.221209428712824 × 10^275 |
| 157 | aaa_76_26 | 2.3861983153890686 × 10^275 |
| 156 | aaa_76_25 | 4.132879217104498 × 10^275 |
| 155 | ov_155 | 1.0756695794109388 × 10^276 |
| 154 | ov_154 | 2.1522533332516608 × 10^276 |
| 153 | ov_153 | 3.840662029509716 × 10^276 |
| 152 | ov_152 | 6.264095921064734 × 10^276 |
| 151 | ov_151 | 9.562018550236408 × 10^276 |
| 150 | ov_150 | 1.3890162968874763 × 10^277 |
| 149 | ov_149 | 1.9576275986495163 × 10^277 |
| 148 | ov_148 | 2.698068536630077 × 10^277 |
| 147 | ov_147 | 3.6496351185259724 × 10^277 |
| 146 | ov_146 | 4.8548946275517685 × 10^277 |
| 145 | ov_145 | 6.359697668745224 × 10^277 |
| 144 | ov_144 | 8.213195830990174 × 10^277 |
| 143 | ov_143 | 1.0467867142864184 × 10^278 |
| 142 | ov_142 | 1.3179551853635268 × 10^278 |
| 141 | ov_141 | 1.6407501310942554 × 10^278 |
| 140 | ov_140 | 2.0214442947257764 × 10^278 |
| 139 | ov_139 | 2.46666646283332 × 10^278 |
| 138 | ov_138 | 2.9834121858774673 × 10^278 |
| 137 | ov_137 | 3.5790571583013426 × 10^278 |
| 136 | ov_136 | 4.261373656480565 × 10^278 |
| 135 | ov_135 | 5.038550457565776 × 10^278 |
| 134 | ov_134 | 5.915015452528824 × 10^278 |
| 133 | ov_133 | 6.899866366176944 × 10^278 |
| 132 | ov_132 | 8.002702675114284 × 10^278 |
| 131 | ov_131 | 9.233664189384698 × 10^278 |
| 130 | ov_130 | 9.233670990191792 × 10^278 |
| 129 | ov_129 | 9.233699129312074 × 10^278 |
| 128 | aaa_77_29 | 1.0030236696032742 × 10^279 |
| 127 | aaa_77_28 | 2.674725743236033 × 10^279 |
| 126 | ov_126 | 8.375062329319825 × 10^279 |
| 125 | ov_125 | 1.8811395143308564 × 10^280 |
| 124 | ov_124 | 3.5817209899295535 × 10^280 |
| 123 | ov_123 | 6.122601307765577 × 10^280 |
| 122 | ov_122 | 9.687139042316117 × 10^280 |
| 121 | ov_121 | 1.4458715934305848 × 10^281 |
| 120 | ov_120 | 2.0620766767302625 × 10^281 |
| 119 | ov_119 | 2.8356827594589265 × 10^281 |
| 118 | ov_118 | 3.7850607234369524 × 10^281 |
| 117 | ov_117 | 4.928609597882791 × 10^281 |
| 116 | ov_116 | 6.284773453090879 × 10^281 |
| 115 | ov_115 | 7.872065129785932 × 10^281 |
| 114 | ov_114 | 9.709095803491159 × 10^281 |
| 113 | ov_113 | 1.1814610127656609 × 10^282 |
| 112 | ov_112 | 1.420752916372076 × 10^282 |
| 111 | ov_111 | 1.690700502689729 × 10^282 |
| 110 | ov_110 | 1.9932489945778933 × 10^282 |
| 109 | ov_109 | 2.330382104135421 × 10^282 |
| 108 | ov_108 | 2.704132213435972 × 10^282 |
| 107 | ov_107 | 3.116592389487112 × 10^282 |
| 106 | ov_106 | 3.569930365531836 × 10^282 |
| 105 | ov_105 | 4.0664046218547034 × 10^282 |
| 104 | ov_104 | 4.608382700713723 × 10^282 |
| 103 | ov_103 | 5.198361892004445 × 10^282 |
| 102 | ov_102 | 5.838992428894748 × 10^282 |
| 101 | ov_101 | 6.533103336077787 × 10^282 |
| 100 | ov_100 | 7.283731077612041 × 10^282 |
| 99 | ov_099 | 8.094151156704849 × 10^282 |
| 98 | ov_098 | 8.094228874384953 × 10^282 |
| 97 | ov_097 | 8.09447195624467 × 10^282 |
| 96 | aaa_78_29 | 1.2258274981487916 × 10^283 |
| 95 | aaa_78_28 | 3.991452263707108 × 10^283 |
| 94 | ov_094 | 1.2925851165437522 × 10^284 |
| 93 | ov_093 | 3.0175795972398706 × 10^284 |
| 92 | ov_092 | 6.039024530724838 × 10^284 |
| 91 | ov_091 | 1.0949467401136111 × 10^285 |
| 90 | ov_090 | 1.906170406531637 × 10^285 |
| 89 | ov_089 | 3.1944052730401336 × 10^285 |
| 88 | ov_088 | 5.057264987863305 × 10^285 |
| 87 | ov_087 | 7.605213452656796 × 10^285 |
| 86 | ov_086 | 1.0961634692620744 × 10^286 |
| 85 | ov_085 | 1.5386320368138943 × 10^286 |
| 84 | ov_084 | 2.116525379799398 × 10^286 |
| 83 | ov_083 | 2.86109471252336 × 10^286 |
| 82 | ov_082 | 3.806288240048776 × 10^286 |
| 81 | ov_081 | 4.988807126604206 × 10^286 |
| 64 | lv_79_m31 | 6.2511260191703 × 10^286 |
| 80 | ov_080 | 6.448174793580125 × 10^286 |
| 79 | ov_079 | 8.226821018568455 × 10^286 |
| 78 | ov_078 | 1.0370182309982034 × 10^287 |
| 77 | ov_077 | 1.292682003649681 × 10^287 |
| 76 | ov_076 | 1.5948557797384898 × 10^287 |
| 75 | ov_075 | 1.949063952924057 × 10^287 |
| 74 | ov_074 | 2.361190985721967 × 10^287 |
| 73 | ov_073 | 2.837501821550186 × 10^287 |
| 63 | ov_063 | 3.2110675729693125 × 10^287 |
| 72 | ov_072 | 3.384664828326299 × 10^287 |
| 71 | ov_071 | 4.009777431020372 × 10^287 |
| 70 | ov_070 | 4.720394594088848 × 10^287 |
| 69 | ov_069 | 5.524560319122127 × 10^287 |
| 68 | ov_068 | 6.430842328496808 × 10^287 |
| 67 | ov_067 | 7.448370112495742 × 10^287 |
| 66 | ov_066 | 7.448376012287648 × 10^287 |
| 65 | ov_065 | 7.44840011796876 × 10^287 |
| 62 | ov_062 | 1.6490904685019856 × 10^288 |
| 61 | ov_061 | 6.017026665820997 × 10^288 |
| 60 | ov_060 | 1.7241200006335254 × 10^289 |
| 59 | ov_059 | 4.1641175670669917 × 10^289 |
| 58 | ov_058 | 8.457655383365436 × 10^289 |
| 57 | ov_057 | 1.529074162699656 × 10^290 |
| 56 | ov_056 | 2.549943932992444 × 10^290 |
| 55 | ov_055 | 4.0905947568147065 × 10^290 |
| 54 | ov_054 | 6.264651452723404 × 10^290 |
| 53 | ov_053 | 9.2007574207862 × 10^290 |
| 52 | ov_052 | 1.3042587324021699 × 10^291 |
| 51 | ov_051 | 1.794886804678297 × 10^291 |
| 50 | ov_050 | 2.4252139600968507 × 10^291 |
| 49 | ov_049 | 3.231516699583626 × 10^291 |
| 48 | ov_048 | 4.2531068374374346 × 10^291 |
| 47 | ov_047 | 5.5323493797843483 × 10^291 |
| 32 | lv_80_m31 | 6.554423351271049 × 10^291 |
| 46 | ov_046 | 7.114686526813139 × 10^291 |
| 45 | ov_045 | 9.048669344781293 × 10^291 |
| 44 | ov_044 | 1.1385999181027937 × 10^292 |
| 43 | ov_043 | 1.4181581216769237 × 10^292 |
| 42 | ov_042 | 1.7493592766669565 × 10^292 |
| 41 | ov_041 | 2.138356915243191 × 10^292 |
| 40 | ov_040 | 2.5884891113958687 × 10^292 |
| 39 | ov_039 | 3.1032772646101693 × 10^292 |
| 31 | ov_031 | 3.3575420693282463 × 10^292 |
| 38 | ov_038 | 3.6864347220716127 × 10^292 |
| 37 | ov_037 | 4.341877057257628 × 10^292 |
| 36 | ov_036 | 5.077649785846262 × 10^292 |
| 35 | ov_035 | 5.902241388390065 × 10^292 |
| 34 | ov_034 | 6.824614085752945 × 10^292 |
| 33 | ov_033 | 7.854239506536598 × 10^292 |
| 30 | ov_030 | 1.7197850796007927 × 10^293 |
| 29 | ov_029 | 5.621594347361857 × 10^293 |
| 28 | ov_028 | 1.458004805939152 × 10^294 |
| 27 | ov_027 | 3.256708380126949 × 10^294 |
| 26 | ov_026 | 6.906261466616461 × 10^294 |
| 25 | ov_025 | 1.366186486808041 × 10^295 |
| 24 | ov_024 | 2.5085938074096047 × 10^295 |
| 23 | ov_023 | 4.3048147837171353 × 10^295 |
| 22 | ov_022 | 6.972548068568577 × 10^295 |
| 21 | ov_021 | 1.0760239711246476 × 10^296 |
| 20 | ov_020 | 1.5947111315375503 × 10^296 |
| 19 | ov_019 | 2.284320606989002 × 10^296 |
| 18 | ov_018 | 3.178945957759917 × 10^296 |
| 17 | ov_017 | 4.3157805278599265 × 10^296 |
| 16 | ov_016 | 5.7351325466611994 × 10^296 |
| 15 | ov_015 | 7.480445842550148 × 10^296 |
| 14 | ov_014 | 9.598327257931186 × 10^296 |
| 13 | ov_013 | 1.2138582134001097 × 10^297 |
| 12 | ov_012 | 1.5154259845567193 × 10^297 |
| 11 | ov_011 | 1.8701712023704464 × 10^297 |
| 10 | ov_010 | 2.2840666490128985 × 10^297 |
| 9 | ov_009 | 2.7634320170819228 × 10^297 |
| 8 | ov_008 | 3.314945450177332 × 10^297 |
| 7 | ov_007 | 3.945657708740929 × 10^297 |
| 6 | ov_006 | 4.6630093622703216 × 10^297 |
| 5 | ov_005 | 5.474851434459685 × 10^297 |
| 4 | ov_004 | 6.38946995375711 × 10^297 |
| 3 | ov_003 | 7.415614856768281 × 10^297 |
| 2 | ov_002 | 8.562533622652159 × 10^297 |
| 1 | ov_001 | 9.84000994296839 × 10^297 |

