# Results for F001-F002-F003-F004-F005-F006-F007-F008-F009-F010-F011-F012-F013-F014-F015-F016-F017-F018-F019-F020-F021-F022-F023-F024-F025-F026-F027-F028-F029-F030-F031-F032-F033-F034-F035-F036-F037-F038-F039-F040-F041-F042-F043-F044-F045-F046-F047-F048-F049-F050-F051-F052-F053-F054-F055-F056-F057-F058-F059-F060-F061-F062-F063-F064-F065-F066-F067-F068-F069-F070-F071-F072-F073-F074-F075-F076-F077-F078-F079-F080-F081-F082-F083-F084-F085-F086-F087-F088-F089-F090-F091-F092-F093-F094-F095-F096-F097-F098-F099-F100-F101-F102-F103-F104-F105-F106-F107-F108-F109-F110-F111-F112-F113-F114-F115-F116-F117-F118-F119-F120-F121-F122-F123-F124-F125-F126-F127-F128-F129-F130-F131-F132-F133-F134-F135-F136-F137-F138-F139-F140-F141-F142-F143-F144-F145-F146-F147-F148-F149-F150-F151-F152-F153-F154-F155-F156-F157-F158-F159-F160-F161-F162-F163-F164-F165-F166-F167-F168-F169-F170-F171-F172-F173-F174-F175-F176-F177-F178-F179-F180-F181-F182-F183-F184-F185-F186-F187-F188-F189-F190-F191-F192-F193-F194-F195-F196-F197-F198-F199-F200-F201-F202-F203-F204-F205-F206-F207-F208-F209-F210-F211-F212-F213-F214-F215-F216-F217-F218-F219-F220-F221-F222-F223-F224-F225-F226-F227-F228-F229-F230-F231-F232-F233-F234-F235-F236-F237-F238-F239-F240-F241-F242-F243-F244-F245-F246-F247-F248-F249-F250-F251-F252-F253-F254-F255-F256-F257-F258-F259-F260-F261-F262-F263-F264-F265-F266-F267-F268-F269-F270-F271-F272-F273-F274-F275-F276-F277-F278-F279-F280-F281-F282-F283-F284-F285-F286-F287-F288-F289-F290-F291-F292-F293-F294-F295-F296-F297-F298-F299-F300-F301-F302-F303-F304-F305-F306-F307-F308-F309-F310-F311-F312-F313-F314-F315-F316-F317-F318-F319-F320-F321-F322-F323-F324-F325-F326-F327-F328-F329-F330-F331-F332-F333-F334-F335-F336-F337-F338-F339-F340-F341-F342-F343-F344-F345-F346-F347-F348-F349-F350-F351-F352-F353-F354-F355-F356-F357-F358-F359-F360-F361-F362-F363-F364-F365-F366-F367-F368-F369-F370-F371-F372-F373-F374-F375-F376-F377-F378-F379-F380-F381-F382-F383-F384-F385-F386-F387-F388-F389-F390-F391-F392-F393-F394-F395-F396-F397-F398-F399-F400-F401-F402-F403-F404-F405-F406-F407-F408-F409-F410-F411-F412-F413-F414-F415-F416-F417-F418-F419-F420-F421-F422-F423-F424-F425-F426-F427-F428-F429-F430-F431-F432-F433-F434-F435-F436-F437-F438-F439-F440-F441-F442-F443-F444-F445-F446-F447-F448-F449-F450-F451-F452-F453-F454-F455-F456-F457-F458-F459-F460-F461-F462-F463-F464-F465-F466-F467-F468-F469-F470-F471-F472-F473-F474-F475-F476-F477-F478-F479-F480-F481-F482-F483-F484-F485-F486-F487-F488-F489-F490-F491-F492-F493-F494-F495-F496-O498503-O500505-F509-F510-F511-F512

## Summary

Number of input bits: 512  
Number of free input bits: 10  
Number of output bits: 160

Number of direct occurrences: 40506  
Number of assignments: 31149  
Number of operations: 10923722
(xor: 10895676,
and: 14745,
or: 13301)

Total complexity: 1.5245155762858255 × 10^299

Least occurring input variable: iv_502 (3798)  
Most occurring input variable: iv_500 (4265)

Most co-occurring input variables: iv_498-iv_501 (2029)  
Least co-occurring input variables: iv_499-iv_502 (1715)

Potentially most occurring input variable: iv_497/iv_498 (4511)  
Potentially least occurring input variable: iv_499/iv_504 (4133)

Least output occurring input variable: iv_502 (68)  
Most output occurring input variable: iv_497 (92)

Most output co-occurring input variables: iv_497-iv_506 (50)  
Least output co-occurring input variables: iv_502-iv_504 (27)

Potentially most output occurring input variable: iv_497/iv_498 (93)  
Potentially least output occurring input variable: iv_498/iv_500 (67)

Least complex input bit: iv_497 (5.410628382926538 × 10^296)  
Most complex input bit: iv_500 (3.526833573858832 × 10^298)

Least complex output bit: aaa_76_29 (1.1368315012535394 × 10^274)  
Most complex output bit: ov_001 (2.4386011711063555 × 10^298)

Least complex input/output complexity: iv_497/aaa_76_29 (4.03470642279234 × 10^271)  
Most complex input/output complexity: iv_500/ov_001 (5.6414907248523115 × 10^297)

## Input Bits

### Input Bits in Regular Order

| Input Bit | Complexity | Occurrences | Output Occurrences |
|:---------:|:----------:|:-----------:|:------------------:|
| iv_497 | 5.410628382926538 × 10^296 | 4101 | 92 |
| iv_498 | 1.4608531464774253 × 10^298 | 4258 | 71 |
| iv_499 | 1.9119374284021013 × 10^297 | 3872 | 72 |
| iv_500 | 3.526833573858832 × 10^298 | 4265 | 82 |
| iv_501 | 5.297632831012479 × 10^297 | 4070 | 81 |
| iv_502 | 8.540291092411689 × 10^297 | 3798 | 68 |
| iv_504 | 2.100691646518925 × 10^298 | 3903 | 69 |
| iv_506 | 1.6030648365790256 × 10^298 | 3938 | 81 |
| iv_507 | 2.2811321066514776 × 10^298 | 4152 | 76 |
| iv_508 | 2.6434880337606744 × 10^298 | 4149 | 80 |

### Input Bits Sorted by Complexity

| Input Bit | Complexity | Occurrences | Output Occurrences |
|:---------:|:----------:|:-----------:|:------------------:|
| iv_497 | 5.410628382926538 × 10^296 | 4101 | 92 |
| iv_499 | 1.9119374284021013 × 10^297 | 3872 | 72 |
| iv_501 | 5.297632831012479 × 10^297 | 4070 | 81 |
| iv_502 | 8.540291092411689 × 10^297 | 3798 | 68 |
| iv_498 | 1.4608531464774253 × 10^298 | 4258 | 71 |
| iv_506 | 1.6030648365790256 × 10^298 | 3938 | 81 |
| iv_504 | 2.100691646518925 × 10^298 | 3903 | 69 |
| iv_507 | 2.2811321066514776 × 10^298 | 4152 | 76 |
| iv_508 | 2.6434880337606744 × 10^298 | 4149 | 80 |
| iv_500 | 3.526833573858832 × 10^298 | 4265 | 82 |

### Input Bits Sorted by Occurrences

| Input Bit | Complexity | Occurrences | Output Occurrences |
|:---------:|:----------:|:-----------:|:------------------:|
| iv_502 | 8.540291092411689 × 10^297 | 3798 | 68 |
| iv_499 | 1.9119374284021013 × 10^297 | 3872 | 72 |
| iv_504 | 2.100691646518925 × 10^298 | 3903 | 69 |
| iv_506 | 1.6030648365790256 × 10^298 | 3938 | 81 |
| iv_501 | 5.297632831012479 × 10^297 | 4070 | 81 |
| iv_497 | 5.410628382926538 × 10^296 | 4101 | 92 |
| iv_508 | 2.6434880337606744 × 10^298 | 4149 | 80 |
| iv_507 | 2.2811321066514776 × 10^298 | 4152 | 76 |
| iv_498 | 1.4608531464774253 × 10^298 | 4258 | 71 |
| iv_500 | 3.526833573858832 × 10^298 | 4265 | 82 |

### Input Bits Sorted by Output Occurrences

| Input Bit | Complexity | Occurrences | Output Occurrences |
|:---------:|:----------:|:-----------:|:------------------:|
| iv_502 | 8.540291092411689 × 10^297 | 3798 | 68 |
| iv_504 | 2.100691646518925 × 10^298 | 3903 | 69 |
| iv_498 | 1.4608531464774253 × 10^298 | 4258 | 71 |
| iv_499 | 1.9119374284021013 × 10^297 | 3872 | 72 |
| iv_507 | 2.2811321066514776 × 10^298 | 4152 | 76 |
| iv_508 | 2.6434880337606744 × 10^298 | 4149 | 80 |
| iv_501 | 5.297632831012479 × 10^297 | 4070 | 81 |
| iv_506 | 1.6030648365790256 × 10^298 | 3938 | 81 |
| iv_500 | 3.526833573858832 × 10^298 | 4265 | 82 |
| iv_497 | 5.410628382926538 × 10^296 | 4101 | 92 |

## Input Bit Co-occurrences

### Input Bit Co-occurrences Sorted by Co-occurrences

| Input Bits | Co-occurrences | Potential Occurrences | Output Co-occurrences | Potential Output Occurrences |
|:----------:|:--------------:|:---------------------:|:---------------------:|:----------------------------:|
| iv_500-iv_501 | 2029 | 4277 | 45 | 73 |
| iv_498-iv_501 | 2029 | 4270 | 37 | 78 |
| iv_498-iv_500 | 2021 | 4481 | 43 | 67 |
| iv_497-iv_507 | 2017 | 4219 | 44 | 80 |
| iv_500-iv_507 | 2016 | 4385 | 34 | 90 |
| iv_497-iv_500 | 2015 | 4336 | 45 | 84 |
| iv_498-iv_508 | 1993 | 4421 | 38 | 75 |
| iv_507-iv_508 | 1989 | 4323 | 38 | 80 |
| iv_500-iv_508 | 1985 | 4444 | 40 | 82 |
| iv_497-iv_501 | 1984 | 4203 | 46 | 81 |

### Input Bit Co-occurrences Sorted by Potential Occurrences

| Input Bits | Co-occurrences | Potential Occurrences | Output Co-occurrences | Potential Output Occurrences |
|:----------:|:--------------:|:---------------------:|:---------------------:|:----------------------------:|
| iv_499-iv_504 | 1821 | 4133 | 31 | 79 |
| iv_499-iv_501 | 1896 | 4150 | 40 | 73 |
| iv_506-iv_507 | 1969 | 4152 | 39 | 79 |
| iv_504-iv_506 | 1835 | 4171 | 31 | 88 |
| iv_499-iv_508 | 1911 | 4199 | 38 | 76 |
| iv_497-iv_501 | 1984 | 4203 | 46 | 81 |
| iv_502-iv_506 | 1766 | 4204 | 35 | 79 |
| iv_497-iv_506 | 1917 | 4205 | 50 | 73 |
| iv_502-iv_504 | 1746 | 4209 | 27 | 83 |
| iv_497-iv_502 | 1844 | 4211 | 38 | 84 |

### Input Bit Output Co-occurrences Sorted by Output Co-occurrences

| Input Bits | Co-occurrences | Potential Occurrences | Output Co-occurrences | Potential Output Occurrences |
|:----------:|:--------------:|:---------------------:|:---------------------:|:----------------------------:|
| iv_497-iv_506 | 1917 | 4205 | 50 | 73 |
| iv_497-iv_501 | 1984 | 4203 | 46 | 81 |
| iv_500-iv_501 | 2029 | 4277 | 45 | 73 |
| iv_497-iv_500 | 2015 | 4336 | 45 | 84 |
| iv_497-iv_507 | 2017 | 4219 | 44 | 80 |
| iv_501-iv_508 | 1933 | 4353 | 43 | 75 |
| iv_498-iv_500 | 2021 | 4481 | 43 | 67 |
| iv_500-iv_506 | 1964 | 4275 | 42 | 79 |
| iv_497-iv_508 | 1900 | 4450 | 42 | 88 |
| iv_499-iv_500 | 1939 | 4259 | 41 | 72 |

### Input Bit Output Co-occurrences Sorted by Potential Output Occurrences

| Input Bits | Co-occurrences | Potential Occurrences | Output Co-occurrences | Potential Output Occurrences |
|:----------:|:--------------:|:---------------------:|:---------------------:|:----------------------------:|
| iv_498-iv_500 | 2021 | 4481 | 43 | 67 |
| iv_504-iv_507 | 1895 | 4265 | 38 | 69 |
| iv_499-iv_500 | 1939 | 4259 | 41 | 72 |
| iv_499-iv_507 | 1893 | 4238 | 38 | 72 |
| iv_500-iv_501 | 2029 | 4277 | 45 | 73 |
| iv_497-iv_506 | 1917 | 4205 | 50 | 73 |
| iv_498-iv_507 | 1956 | 4498 | 37 | 73 |
| iv_499-iv_501 | 1896 | 4150 | 40 | 73 |
| iv_501-iv_502 | 1826 | 4216 | 37 | 75 |
| iv_501-iv_508 | 1933 | 4353 | 43 | 75 |

## Output Bits

### Output Bits in Regular Order

| Rank | Output Bit | Complexity |
|:----:|:----------:|:----------:|
| 1 | ov_001 | 2.4386011711063555 × 10^298 |
| 2 | ov_002 | 2.1148140288371293 × 10^298 |
| 3 | ov_003 | 1.8247615962096468 × 10^298 |
| 4 | ov_004 | 1.5658876378434484 × 10^298 |
| 5 | ov_005 | 1.3357753073978222 × 10^298 |
| 6 | ov_006 | 1.1321372090264775 × 10^298 |
| 7 | ov_007 | 9.528067416823348 × 10^297 |
| 8 | ov_008 | 7.957306429397641 × 10^297 |
| 9 | ov_009 | 6.589626395445246 × 10^297 |
| 10 | ov_010 | 5.406580948802311 × 10^297 |
| 11 | ov_011 | 4.390695422751671 × 10^297 |
| 12 | ov_012 | 3.525429994142183 × 10^297 |
| 13 | ov_013 | 2.7951496534232935 × 10^297 |
| 14 | ov_014 | 2.18510007675988 × 10^297 |
| 15 | ov_015 | 1.681388537006799 × 10^297 |
| 16 | ov_016 | 1.2709690504333907 × 10^297 |
| 17 | ov_017 | 9.416310158372334 × 10^296 |
| 18 | ov_018 | 6.8199066218000066 × 10^296 |
| 19 | ov_019 | 4.8148468019385444 × 10^296 |
| 20 | ov_020 | 3.303655005484129 × 10^296 |
| 21 | ov_021 | 2.196978204356283 × 10^296 |
| 22 | ov_022 | 1.413561085802329 × 10^296 |
| 23 | ov_023 | 8.802287984455085 × 10^295 |
| 24 | ov_024 | 5.318756010870762 × 10^295 |
| 25 | ov_025 | 3.1145791614091603 × 10^295 |
| 26 | ov_026 | 1.6999052395566135 × 10^295 |
| 27 | ov_027 | 8.499508800711235 × 10^294 |
| 28 | ov_028 | 3.8021292307205985 × 10^294 |
| 29 | ov_029 | 1.4646661301020862 × 10^294 |
| 30 | ov_030 | 4.476512642549281 × 10^293 |
| 31 | ov_031 | 8.729186101119228 × 10^292 |
| 32 | lv_80_m31 | 1.7019023337984188 × 10^292 |
| 33 | ov_033 | 2.0393677589287135 × 10^293 |
| 34 | ov_034 | 1.7683386875542273 × 10^293 |
| 35 | ov_035 | 1.525882514386603 × 10^293 |
| 36 | ov_036 | 1.309675018833793 × 10^293 |
| 37 | ov_037 | 1.1175173422827868 × 10^293 |
| 38 | ov_038 | 9.473271088918981 × 10^292 |
| 39 | ov_039 | 7.971307532272765 × 10^292 |
| 40 | ov_040 | 6.650569400134421 × 10^292 |
| 41 | ov_041 | 5.493309671881871 × 10^292 |
| 42 | ov_042 | 4.490890005533001 × 10^292 |
| 43 | ov_043 | 3.6351208880547975 × 10^292 |
| 44 | ov_044 | 2.910901697616393 × 10^292 |
| 45 | ov_045 | 2.3039528427043553 × 10^292 |
| 46 | ov_046 | 1.8007946306514044 × 10^292 |
| 47 | ov_047 | 1.3887306249316464 × 10^292 |
| 48 | ov_048 | 1.0558347907420696 × 10^292 |
| 49 | ov_049 | 7.909417813515075 × 10^291 |
| 50 | ov_050 | 5.836397703326973 × 10^291 |
| 51 | ov_051 | 4.242652871741924 × 10^291 |
| 52 | ov_052 | 3.038995659611164 × 10^291 |
| 53 | ov_053 | 2.1436598976766138 × 10^291 |
| 54 | ov_054 | 1.482283248200912 × 10^291 |
| 55 | ov_055 | 9.878954012225125 × 10^290 |
| 56 | ov_056 | 6.288580469028459 × 10^290 |
| 57 | ov_057 | 3.772237215029784 × 10^290 |
| 58 | ov_058 | 2.087341895242248 × 10^290 |
| 59 | ov_059 | 1.0281960507036366 × 10^290 |
| 60 | ov_060 | 4.2598132468718006 × 10^289 |
| 61 | ov_061 | 1.4875809900528773 × 10^289 |
| 62 | ov_062 | 4.07954764713192 × 10^288 |
| 63 | ov_063 | 7.94868087704448 × 10^287 |
| 64 | lv_79_m31 | 1.5483698949249527 × 10^287 |
| 65 | ov_065 | 1.835381926315994 × 10^288 |
| 66 | ov_066 | 1.8353772360502805 × 10^288 |
| 67 | ov_067 | 1.8353761306712578 × 10^288 |
| 68 | ov_068 | 1.5867007552004614 × 10^288 |
| 69 | ov_069 | 1.3643518649283808 × 10^288 |
| 70 | ov_070 | 1.1663570881040786 × 10^288 |
| 71 | ov_071 | 9.908369585482444 × 10^287 |
| 72 | ov_072 | 8.359999689935961 × 10^287 |
| 73 | ov_073 | 7.001387244857331 × 10^287 |
| 74 | ov_074 | 5.816269285530805 × 10^287 |
| 75 | ov_075 | 4.78916948921896 × 10^287 |
| 76 | ov_076 | 3.905377490216458 × 10^287 |
| 77 | ov_077 | 3.1509306088826558 × 10^287 |
| 78 | ov_078 | 2.512597594825316 × 10^287 |
| 79 | ov_079 | 1.9778642616432904 × 10^287 |
| 80 | ov_080 | 1.5349208922874521 × 10^287 |
| 81 | ov_081 | 1.1726512953333531 × 10^287 |
| 82 | ov_082 | 8.806233933627853 × 10^286 |
| 83 | ov_083 | 6.49081225302642 × 10^286 |
| 84 | ov_084 | 4.689382450336739 × 10^286 |
| 85 | ov_085 | 3.317717989085753 × 10^286 |
| 86 | ov_086 | 2.2981866504336325 × 10^286 |
| 87 | ov_087 | 1.5597153739416676 × 10^286 |
| 88 | ov_088 | 1.0377633772415928 × 10^286 |
| 89 | ov_089 | 6.743023861933639 × 10^285 |
| 90 | ov_090 | 4.178028074050289 × 10^285 |
| 91 | ov_091 | 2.441231208292635 × 10^285 |
| 92 | ov_092 | 1.3236488076253493 × 10^285 |
| 93 | ov_093 | 6.487075789182906 × 10^284 |
| 94 | ov_094 | 2.722357591567303 × 10^284 |
| 95 | aaa_78_28 | 8.245917729133326 × 10^283 |
| 96 | aaa_78_29 | 2.456882912300825 × 10^283 |
| 97 | ov_097 | 1.334157077815922 × 10^283 |
| 98 | ov_098 | 1.3341376392383973 × 10^283 |
| 99 | ov_099 | 1.334131422885318 × 10^283 |
| 100 | ov_100 | 1.0896072927133668 × 10^283 |
| 101 | ov_101 | 8.854523865809482 × 10^282 |
| 102 | ov_102 | 7.169143541082846 × 10^282 |
| 103 | ov_103 | 5.79501489750585 × 10^282 |
| 104 | ov_104 | 4.689635874416879 × 10^282 |
| 105 | ov_105 | 3.8127531638015345 × 10^282 |
| 106 | ov_106 | 3.1262188598384725 × 10^282 |
| 107 | ov_107 | 2.593867798624427 × 10^282 |
| 108 | ov_108 | 2.181413500786969 × 10^282 |
| 109 | ov_109 | 1.8563607407296676 × 10^282 |
| 110 | ov_110 | 1.5879328748296005 × 10^282 |
| 111 | ov_111 | 1.3470121676284832 × 10^282 |
| 112 | ov_112 | 1.1320265825391882 × 10^282 |
| 113 | ov_113 | 9.414342793002946 × 10^281 |
| 114 | ov_114 | 7.737166141367207 × 10^281 |
| 115 | ov_115 | 6.27372380794853 × 10^281 |
| 116 | ov_116 | 5.0091318947000715 × 10^281 |
| 117 | ov_117 | 3.9285988074118545 × 10^281 |
| 118 | ov_118 | 3.0173987169503492 × 10^281 |
| 119 | ov_119 | 2.260852470551599 × 10^281 |
| 120 | ov_120 | 1.6443133659052148 × 10^281 |
| 121 | ov_121 | 1.1531563018497264 × 10^281 |
| 122 | ov_122 | 7.727697920969325 × 10^280 |
| 123 | ov_123 | 4.88550328437644 × 10^280 |
| 124 | ov_124 | 2.858985798883902 × 10^280 |
| 125 | ov_125 | 1.5021703909974397 × 10^280 |
| 126 | ov_126 | 6.690882239454948 × 10^279 |
| 127 | aaa_77_28 | 2.1377209413480143 × 10^279 |
| 128 | aaa_77_29 | 8.01941616979371 × 10^278 |
| 129 | ov_129 | 7.352447391837646 × 10^278 |
| 130 | ov_130 | 7.352425268930639 × 10^278 |
| 131 | ov_131 | 7.352419925826284 × 10^278 |
| 132 | ov_132 | 6.3779325607806664 × 10^278 |
| 133 | ov_133 | 5.5013228176339564 × 10^278 |
| 134 | ov_134 | 4.714654178563905 × 10^278 |
| 135 | ov_135 | 4.014067042203769 × 10^278 |
| 136 | ov_136 | 3.392431734191911 × 10^278 |
| 137 | ov_137 | 2.8462770408307115 × 10^278 |
| 138 | ov_138 | 2.369176804812788 × 10^278 |
| 139 | ov_139 | 1.9550274281240425 × 10^278 |
| 140 | ov_140 | 1.5980327059478802 × 10^278 |
| 141 | ov_141 | 1.2926914265324261 × 10^278 |
| 142 | ov_142 | 1.033787393947919 × 10^278 |
| 143 | ov_143 | 8.163815505598202 × 10^277 |
| 144 | ov_144 | 6.358058957990582 × 10^277 |
| 145 | ov_145 | 4.876589174741797 × 10^277 |
| 146 | ov_146 | 3.6780227147402397 × 10^277 |
| 147 | ov_147 | 2.723584652735549 × 10^277 |
| 148 | ov_148 | 1.9770932019091342 × 10^277 |
| 149 | ov_149 | 1.4049500685765823 × 10^277 |
| 150 | ov_150 | 9.761346786195991 × 10^276 |
| 151 | ov_151 | 6.622006898560835 × 10^276 |
| 152 | ov_152 | 4.372736940000525 × 10^276 |
| 153 | ov_153 | 2.7804958774627363 × 10^276 |
| 154 | ov_154 | 1.6379343586579245 × 10^276 |
| 155 | ov_155 | 8.477994525271164 × 10^275 |
| 156 | aaa_76_25 | 3.2567905824858366 × 10^275 |
| 157 | aaa_76_26 | 1.879724429414919 × 10^275 |
| 158 | aaa_76_27 | 9.616256582440473 × 10^274 |
| 159 | aaa_76_28 | 3.7411513776200144 × 10^274 |
| 160 | aaa_76_29 | 1.1368315012535394 × 10^274 |

### Output Bits Sorted by Complexity

| Rank | Output Bit | Complexity |
|:----:|:----------:|:----------:|
| 160 | aaa_76_29 | 1.1368315012535394 × 10^274 |
| 159 | aaa_76_28 | 3.7411513776200144 × 10^274 |
| 158 | aaa_76_27 | 9.616256582440473 × 10^274 |
| 157 | aaa_76_26 | 1.879724429414919 × 10^275 |
| 156 | aaa_76_25 | 3.2567905824858366 × 10^275 |
| 155 | ov_155 | 8.477994525271164 × 10^275 |
| 154 | ov_154 | 1.6379343586579245 × 10^276 |
| 153 | ov_153 | 2.7804958774627363 × 10^276 |
| 152 | ov_152 | 4.372736940000525 × 10^276 |
| 151 | ov_151 | 6.622006898560835 × 10^276 |
| 150 | ov_150 | 9.761346786195991 × 10^276 |
| 149 | ov_149 | 1.4049500685765823 × 10^277 |
| 148 | ov_148 | 1.9770932019091342 × 10^277 |
| 147 | ov_147 | 2.723584652735549 × 10^277 |
| 146 | ov_146 | 3.6780227147402397 × 10^277 |
| 145 | ov_145 | 4.876589174741797 × 10^277 |
| 144 | ov_144 | 6.358058957990582 × 10^277 |
| 143 | ov_143 | 8.163815505598202 × 10^277 |
| 142 | ov_142 | 1.033787393947919 × 10^278 |
| 141 | ov_141 | 1.2926914265324261 × 10^278 |
| 140 | ov_140 | 1.5980327059478802 × 10^278 |
| 139 | ov_139 | 1.9550274281240425 × 10^278 |
| 138 | ov_138 | 2.369176804812788 × 10^278 |
| 137 | ov_137 | 2.8462770408307115 × 10^278 |
| 136 | ov_136 | 3.392431734191911 × 10^278 |
| 135 | ov_135 | 4.014067042203769 × 10^278 |
| 134 | ov_134 | 4.714654178563905 × 10^278 |
| 133 | ov_133 | 5.5013228176339564 × 10^278 |
| 132 | ov_132 | 6.3779325607806664 × 10^278 |
| 131 | ov_131 | 7.352419925826284 × 10^278 |
| 130 | ov_130 | 7.352425268930639 × 10^278 |
| 129 | ov_129 | 7.352447391837646 × 10^278 |
| 128 | aaa_77_29 | 8.01941616979371 × 10^278 |
| 127 | aaa_77_28 | 2.1377209413480143 × 10^279 |
| 126 | ov_126 | 6.690882239454948 × 10^279 |
| 125 | ov_125 | 1.5021703909974397 × 10^280 |
| 124 | ov_124 | 2.858985798883902 × 10^280 |
| 123 | ov_123 | 4.88550328437644 × 10^280 |
| 122 | ov_122 | 7.727697920969325 × 10^280 |
| 121 | ov_121 | 1.1531563018497264 × 10^281 |
| 120 | ov_120 | 1.6443133659052148 × 10^281 |
| 119 | ov_119 | 2.260852470551599 × 10^281 |
| 118 | ov_118 | 3.0173987169503492 × 10^281 |
| 117 | ov_117 | 3.9285988074118545 × 10^281 |
| 116 | ov_116 | 5.0091318947000715 × 10^281 |
| 115 | ov_115 | 6.27372380794853 × 10^281 |
| 114 | ov_114 | 7.737166141367207 × 10^281 |
| 113 | ov_113 | 9.414342793002946 × 10^281 |
| 112 | ov_112 | 1.1320265825391882 × 10^282 |
| 111 | ov_111 | 1.3470121676284832 × 10^282 |
| 110 | ov_110 | 1.5879328748296005 × 10^282 |
| 109 | ov_109 | 1.8563607407296676 × 10^282 |
| 108 | ov_108 | 2.181413500786969 × 10^282 |
| 107 | ov_107 | 2.593867798624427 × 10^282 |
| 106 | ov_106 | 3.1262188598384725 × 10^282 |
| 105 | ov_105 | 3.8127531638015345 × 10^282 |
| 104 | ov_104 | 4.689635874416879 × 10^282 |
| 103 | ov_103 | 5.79501489750585 × 10^282 |
| 102 | ov_102 | 7.169143541082846 × 10^282 |
| 101 | ov_101 | 8.854523865809482 × 10^282 |
| 100 | ov_100 | 1.0896072927133668 × 10^283 |
| 99 | ov_099 | 1.334131422885318 × 10^283 |
| 98 | ov_098 | 1.3341376392383973 × 10^283 |
| 97 | ov_097 | 1.334157077815922 × 10^283 |
| 96 | aaa_78_29 | 2.456882912300825 × 10^283 |
| 95 | aaa_78_28 | 8.245917729133326 × 10^283 |
| 94 | ov_094 | 2.722357591567303 × 10^284 |
| 93 | ov_093 | 6.487075789182906 × 10^284 |
| 92 | ov_092 | 1.3236488076253493 × 10^285 |
| 91 | ov_091 | 2.441231208292635 × 10^285 |
| 90 | ov_090 | 4.178028074050289 × 10^285 |
| 89 | ov_089 | 6.743023861933639 × 10^285 |
| 88 | ov_088 | 1.0377633772415928 × 10^286 |
| 87 | ov_087 | 1.5597153739416676 × 10^286 |
| 86 | ov_086 | 2.2981866504336325 × 10^286 |
| 85 | ov_085 | 3.317717989085753 × 10^286 |
| 84 | ov_084 | 4.689382450336739 × 10^286 |
| 83 | ov_083 | 6.49081225302642 × 10^286 |
| 82 | ov_082 | 8.806233933627853 × 10^286 |
| 81 | ov_081 | 1.1726512953333531 × 10^287 |
| 80 | ov_080 | 1.5349208922874521 × 10^287 |
| 64 | lv_79_m31 | 1.5483698949249527 × 10^287 |
| 79 | ov_079 | 1.9778642616432904 × 10^287 |
| 78 | ov_078 | 2.512597594825316 × 10^287 |
| 77 | ov_077 | 3.1509306088826558 × 10^287 |
| 76 | ov_076 | 3.905377490216458 × 10^287 |
| 75 | ov_075 | 4.78916948921896 × 10^287 |
| 74 | ov_074 | 5.816269285530805 × 10^287 |
| 73 | ov_073 | 7.001387244857331 × 10^287 |
| 63 | ov_063 | 7.94868087704448 × 10^287 |
| 72 | ov_072 | 8.359999689935961 × 10^287 |
| 71 | ov_071 | 9.908369585482444 × 10^287 |
| 70 | ov_070 | 1.1663570881040786 × 10^288 |
| 69 | ov_069 | 1.3643518649283808 × 10^288 |
| 68 | ov_068 | 1.5867007552004614 × 10^288 |
| 67 | ov_067 | 1.8353761306712578 × 10^288 |
| 66 | ov_066 | 1.8353772360502805 × 10^288 |
| 65 | ov_065 | 1.835381926315994 × 10^288 |
| 62 | ov_062 | 4.07954764713192 × 10^288 |
| 61 | ov_061 | 1.4875809900528773 × 10^289 |
| 60 | ov_060 | 4.2598132468718006 × 10^289 |
| 59 | ov_059 | 1.0281960507036366 × 10^290 |
| 58 | ov_058 | 2.087341895242248 × 10^290 |
| 57 | ov_057 | 3.772237215029784 × 10^290 |
| 56 | ov_056 | 6.288580469028459 × 10^290 |
| 55 | ov_055 | 9.878954012225125 × 10^290 |
| 54 | ov_054 | 1.482283248200912 × 10^291 |
| 53 | ov_053 | 2.1436598976766138 × 10^291 |
| 52 | ov_052 | 3.038995659611164 × 10^291 |
| 51 | ov_051 | 4.242652871741924 × 10^291 |
| 50 | ov_050 | 5.836397703326973 × 10^291 |
| 49 | ov_049 | 7.909417813515075 × 10^291 |
| 48 | ov_048 | 1.0558347907420696 × 10^292 |
| 47 | ov_047 | 1.3887306249316464 × 10^292 |
| 32 | lv_80_m31 | 1.7019023337984188 × 10^292 |
| 46 | ov_046 | 1.8007946306514044 × 10^292 |
| 45 | ov_045 | 2.3039528427043553 × 10^292 |
| 44 | ov_044 | 2.910901697616393 × 10^292 |
| 43 | ov_043 | 3.6351208880547975 × 10^292 |
| 42 | ov_042 | 4.490890005533001 × 10^292 |
| 41 | ov_041 | 5.493309671881871 × 10^292 |
| 40 | ov_040 | 6.650569400134421 × 10^292 |
| 39 | ov_039 | 7.971307532272765 × 10^292 |
| 31 | ov_031 | 8.729186101119228 × 10^292 |
| 38 | ov_038 | 9.473271088918981 × 10^292 |
| 37 | ov_037 | 1.1175173422827868 × 10^293 |
| 36 | ov_036 | 1.309675018833793 × 10^293 |
| 35 | ov_035 | 1.525882514386603 × 10^293 |
| 34 | ov_034 | 1.7683386875542273 × 10^293 |
| 33 | ov_033 | 2.0393677589287135 × 10^293 |
| 30 | ov_030 | 4.476512642549281 × 10^293 |
| 29 | ov_029 | 1.4646661301020862 × 10^294 |
| 28 | ov_028 | 3.8021292307205985 × 10^294 |
| 27 | ov_027 | 8.499508800711235 × 10^294 |
| 26 | ov_026 | 1.6999052395566135 × 10^295 |
| 25 | ov_025 | 3.1145791614091603 × 10^295 |
| 24 | ov_024 | 5.318756010870762 × 10^295 |
| 23 | ov_023 | 8.802287984455085 × 10^295 |
| 22 | ov_022 | 1.413561085802329 × 10^296 |
| 21 | ov_021 | 2.196978204356283 × 10^296 |
| 20 | ov_020 | 3.303655005484129 × 10^296 |
| 19 | ov_019 | 4.8148468019385444 × 10^296 |
| 18 | ov_018 | 6.8199066218000066 × 10^296 |
| 17 | ov_017 | 9.416310158372334 × 10^296 |
| 16 | ov_016 | 1.2709690504333907 × 10^297 |
| 15 | ov_015 | 1.681388537006799 × 10^297 |
| 14 | ov_014 | 2.18510007675988 × 10^297 |
| 13 | ov_013 | 2.7951496534232935 × 10^297 |
| 12 | ov_012 | 3.525429994142183 × 10^297 |
| 11 | ov_011 | 4.390695422751671 × 10^297 |
| 10 | ov_010 | 5.406580948802311 × 10^297 |
| 9 | ov_009 | 6.589626395445246 × 10^297 |
| 8 | ov_008 | 7.957306429397641 × 10^297 |
| 7 | ov_007 | 9.528067416823348 × 10^297 |
| 6 | ov_006 | 1.1321372090264775 × 10^298 |
| 5 | ov_005 | 1.3357753073978222 × 10^298 |
| 4 | ov_004 | 1.5658876378434484 × 10^298 |
| 3 | ov_003 | 1.8247615962096468 × 10^298 |
| 2 | ov_002 | 2.1148140288371293 × 10^298 |
| 1 | ov_001 | 2.4386011711063555 × 10^298 |

