# Results for F001-F002-F003-F004-F005-F006-F007-F008-F009-F010-F011-F012-F013-F014-F015-F016-F017-F018-F019-F020-F021-F022-F023-F024-F025-F026-F027-F028-F029-F030-F031-F032-F033-F034-F035-F036-F037-F038-F039-F040-F041-F042-F043-F044-F045-F046-F047-F048-F049-F050-F051-F052-F053-F054-F055-F056-F057-F058-F059-F060-F061-F062-F063-F064-F065-F066-F067-F068-F069-F070-F071-F072-F073-F074-F075-F076-F077-F078-F079-F080-F081-F082-F083-F084-F085-F086-F087-F088-F089-F090-F091-F092-F093-F094-F095-F096-F097-F098-F099-F100-F101-F102-F103-F104-F105-F106-F107-F108-F109-F110-F111-F112-F113-F114-F115-F116-F117-F118-F119-F120-F121-F122-F123-F124-F125-F126-F127-F128-F129-F130-F131-F132-F133-F134-F135-F136-F137-F138-F139-F140-F141-F142-F143-F144-F145-F146-F147-F148-F149-F150-F151-F152-F153-F154-F155-F156-F157-F158-F159-F160-F161-F162-F163-F164-F165-F166-F167-F168-F169-F170-F171-F172-F173-F174-F175-F176-F177-F178-F179-F180-F181-F182-F183-F184-F185-F186-F187-F188-F189-F190-F191-F192-F193-F194-F195-F196-F197-F198-F199-F200-F201-F202-F203-F204-F205-F206-F207-F208-F209-F210-F211-F212-F213-F214-F215-F216-F217-F218-F219-F220-F221-F222-F223-F224-F225-F226-F227-F228-F229-F230-F231-F232-F233-F234-F235-F236-F237-F238-F239-F240-F241-F242-F243-F244-F245-F246-F247-F248-F249-F250-F251-F252-F253-F254-F255-F256-F257-F258-F259-F260-F261-F262-F263-F264-F265-F266-F267-F268-F269-F270-F271-F272-F273-F274-F275-F276-F277-F278-F279-F280-F281-F282-F283-F284-F285-F286-F287-F288-F289-F290-F291-F292-F293-F294-F295-F296-F297-F298-F299-F300-F301-F302-F303-F304-F305-F306-F307-F308-F309-F310-F311-F312-F313-F314-F315-F316-F317-F318-F319-F320-F321-F322-F323-F324-F325-F326-F327-F328-F329-F330-F331-F332-F333-F334-F335-F336-F337-F338-F339-F340-F341-F342-F343-F344-F345-F346-F347-F348-F349-F350-F351-F352-F353-F354-F355-F356-F357-F358-F359-F360-F361-F362-F363-F364-F365-F366-F367-F368-F369-F370-F371-F372-F373-F374-F375-F376-F377-F378-F379-F380-F381-F382-F383-F384-F385-F386-F387-F388-F389-F390-F391-F392-F393-F394-F395-F396-F397-F398-F399-F400-F401-F402-F403-F404-F405-F406-F407-F408-F409-F410-F411-F412-F413-F414-F415-F416-F417-F418-F419-F420-F421-F422-F423-F424-F425-F426-F427-F428-F429-F430-F431-F432-F433-F434-F435-F436-F437-F438-F439-F440-F441-F442-F443-F444-F445-F446-F447-F448-F449-F450-F451-F452-F453-F454-F455-F456-F457-F458-F459-F460-F461-F462-F463-F464-F465-F466-F467-F468-F469-F470-F471-F472-F473-F474-F475-F476-F477-F478-F479-F480-F481-F482-F483-F484-F485-F486-F487-F488-F489-F490-F491-F492-F493-F494-F495-F496-F497-F498-F499-F500-F501-E502511

## Summary

Number of input bits: 512  
Number of free input bits: 10  
Number of output bits: 160

Number of direct occurrences: 40733  
Number of assignments: 31235  
Number of operations: 11144028
(xor: 11114669,
and: 16106,
or: 13253)

Total complexity: 2.7319939910303027 × 10^300

Least occurring input variable: iv_505 (3914)  
Most occurring input variable: iv_512 (4362)

Most co-occurring input variables: iv_507-iv_512 (2100)  
Least co-occurring input variables: iv_505-iv_506 (1783)

Potentially most occurring input variable: iv_502/iv_509 (4587)  
Potentially least occurring input variable: iv_506/iv_509 (4141)

Least output occurring input variable: iv_508 (70)  
Most output occurring input variable: iv_506 (82)

Most output co-occurring input variables: iv_507-iv_509 (44)  
Least output co-occurring input variables: iv_503-iv_508 (31)

Potentially most output occurring input variable: iv_504/iv_510 (93)  
Potentially least output occurring input variable: iv_507/iv_509 (66)

Least complex input bit: iv_503 (4.525542093294806 × 10^298)  
Most complex input bit: iv_510 (6.910252355528765 × 10^299)

Least complex output bit: aaa_76_29 (3.56867107184341 × 10^275)  
Most complex output bit: ov_001 (4.2909376040103565 × 10^299)

Least complex input/output complexity: iv_503/aaa_76_29 (5.911495854593801 × 10^273)  
Most complex input/output complexity: iv_510/ov_001 (1.085341394706259 × 10^299)

Input variable with highest collision probability: iv_503 (½^160.0000000000006)

## Input Bits

### Input Bits in Regular Order

| Input Bit | Complexity | Occurrences | Output Occurrences | Collision Probability |
|:---------:|:----------:|:-----------:|:------------------:|:---------------------:|
| iv_502 | 2.315017639360427 × 10^299 | 4277 | 72 | ½^160.00000000000082 |
| iv_503 | 4.525542093294806 × 10^298 | 4038 | 74 | ½^160.0000000000006 |
| iv_504 | 7.434633748297824 × 10^298 | 3919 | 78 | ½^160.00000000000063 |
| iv_505 | 1.1684309883061404 × 10^299 | 3914 | 79 | ½^160.00000000000065 |
| iv_506 | 1.7773600433341263 × 10^299 | 3953 | 82 | ½^160.00000000000068 |
| iv_507 | 2.6362222172568636 × 10^299 | 4167 | 76 | ½^160.00000000000065 |
| iv_508 | 3.763832423391676 × 10^299 | 3991 | 70 | ½^160.00000000000077 |
| iv_509 | 5.182114475759988 × 10^299 | 3998 | 78 | ½^160.0000000000007 |
| iv_510 | 6.910252355528765 × 10^299 | 4114 | 79 | ½^160.00000000000074 |
| iv_512 | 2.370692183205833 × 10^299 | 4362 | 80 | ½^160.0000000000007 |

### Input Bits Sorted by Complexity

| Input Bit | Complexity | Occurrences | Output Occurrences | Collision Probability |
|:---------:|:----------:|:-----------:|:------------------:|:---------------------:|
| iv_503 | 4.525542093294806 × 10^298 | 4038 | 74 | ½^160.0000000000006 |
| iv_504 | 7.434633748297824 × 10^298 | 3919 | 78 | ½^160.00000000000063 |
| iv_505 | 1.1684309883061404 × 10^299 | 3914 | 79 | ½^160.00000000000065 |
| iv_506 | 1.7773600433341263 × 10^299 | 3953 | 82 | ½^160.00000000000068 |
| iv_502 | 2.315017639360427 × 10^299 | 4277 | 72 | ½^160.00000000000082 |
| iv_512 | 2.370692183205833 × 10^299 | 4362 | 80 | ½^160.0000000000007 |
| iv_507 | 2.6362222172568636 × 10^299 | 4167 | 76 | ½^160.00000000000065 |
| iv_508 | 3.763832423391676 × 10^299 | 3991 | 70 | ½^160.00000000000077 |
| iv_509 | 5.182114475759988 × 10^299 | 3998 | 78 | ½^160.0000000000007 |
| iv_510 | 6.910252355528765 × 10^299 | 4114 | 79 | ½^160.00000000000074 |

### Input Bits Sorted by Occurrences

| Input Bit | Complexity | Occurrences | Output Occurrences | Collision Probability |
|:---------:|:----------:|:-----------:|:------------------:|:---------------------:|
| iv_505 | 1.1684309883061404 × 10^299 | 3914 | 79 | ½^160.00000000000065 |
| iv_504 | 7.434633748297824 × 10^298 | 3919 | 78 | ½^160.00000000000063 |
| iv_506 | 1.7773600433341263 × 10^299 | 3953 | 82 | ½^160.00000000000068 |
| iv_508 | 3.763832423391676 × 10^299 | 3991 | 70 | ½^160.00000000000077 |
| iv_509 | 5.182114475759988 × 10^299 | 3998 | 78 | ½^160.0000000000007 |
| iv_503 | 4.525542093294806 × 10^298 | 4038 | 74 | ½^160.0000000000006 |
| iv_510 | 6.910252355528765 × 10^299 | 4114 | 79 | ½^160.00000000000074 |
| iv_507 | 2.6362222172568636 × 10^299 | 4167 | 76 | ½^160.00000000000065 |
| iv_502 | 2.315017639360427 × 10^299 | 4277 | 72 | ½^160.00000000000082 |
| iv_512 | 2.370692183205833 × 10^299 | 4362 | 80 | ½^160.0000000000007 |

### Input Bits Sorted by Output Occurrences

| Input Bit | Complexity | Occurrences | Output Occurrences | Collision Probability |
|:---------:|:----------:|:-----------:|:------------------:|:---------------------:|
| iv_508 | 3.763832423391676 × 10^299 | 3991 | 70 | ½^160.00000000000077 |
| iv_502 | 2.315017639360427 × 10^299 | 4277 | 72 | ½^160.00000000000082 |
| iv_503 | 4.525542093294806 × 10^298 | 4038 | 74 | ½^160.0000000000006 |
| iv_507 | 2.6362222172568636 × 10^299 | 4167 | 76 | ½^160.00000000000065 |
| iv_504 | 7.434633748297824 × 10^298 | 3919 | 78 | ½^160.00000000000063 |
| iv_509 | 5.182114475759988 × 10^299 | 3998 | 78 | ½^160.0000000000007 |
| iv_505 | 1.1684309883061404 × 10^299 | 3914 | 79 | ½^160.00000000000065 |
| iv_510 | 6.910252355528765 × 10^299 | 4114 | 79 | ½^160.00000000000074 |
| iv_512 | 2.370692183205833 × 10^299 | 4362 | 80 | ½^160.0000000000007 |
| iv_506 | 1.7773600433341263 × 10^299 | 3953 | 82 | ½^160.00000000000068 |

### Input Bits Sorted by Collision Probability

| Input Bit | Complexity | Occurrences | Output Occurrences | Collision Probability |
|:---------:|:----------:|:-----------:|:------------------:|:---------------------:|
| iv_503 | 4.525542093294806 × 10^298 | 4038 | 74 | ½^160.0000000000006 |
| iv_504 | 7.434633748297824 × 10^298 | 3919 | 78 | ½^160.00000000000063 |
| iv_507 | 2.6362222172568636 × 10^299 | 4167 | 76 | ½^160.00000000000065 |
| iv_505 | 1.1684309883061404 × 10^299 | 3914 | 79 | ½^160.00000000000065 |
| iv_506 | 1.7773600433341263 × 10^299 | 3953 | 82 | ½^160.00000000000068 |
| iv_512 | 2.370692183205833 × 10^299 | 4362 | 80 | ½^160.0000000000007 |
| iv_509 | 5.182114475759988 × 10^299 | 3998 | 78 | ½^160.0000000000007 |
| iv_510 | 6.910252355528765 × 10^299 | 4114 | 79 | ½^160.00000000000074 |
| iv_508 | 3.763832423391676 × 10^299 | 3991 | 70 | ½^160.00000000000077 |
| iv_502 | 2.315017639360427 × 10^299 | 4277 | 72 | ½^160.00000000000082 |

## Input Bit/Output Bit Collision Probabilities

| Input Bit | Output Bit | Collision Probability |
|:---------:|:----------:|:---------------------:|
| iv_507 | ov_067 | 0.500000000000002 |
| iv_506 | ov_009 | 0.5000000000000019 |
| iv_503 | ov_008 | 0.5000000000000018 |
| iv_503 | ov_015 | 0.5000000000000018 |
| iv_503 | ov_066 | 0.5000000000000018 |
| iv_506 | ov_086 | 0.5000000000000018 |
| iv_507 | ov_003 | 0.5000000000000018 |
| iv_509 | ov_044 | 0.5000000000000018 |
| iv_510 | ov_019 | 0.5000000000000018 |
| iv_510 | ov_035 | 0.5000000000000018 |

## Input Bit Co-occurrences

### Input Bit Co-occurrences Sorted by Co-occurrences

| Input Bits | Co-occurrences | Potential Occurrences | Output Co-occurrences | Potential Output Occurrences |
|:----------:|:--------------:|:---------------------:|:---------------------:|:----------------------------:|
| iv_507-iv_512 | 2100 | 4329 | 42 | 72 |
| iv_510-iv_512 | 2081 | 4314 | 42 | 75 |
| iv_503-iv_512 | 2039 | 4322 | 34 | 86 |
| iv_502-iv_512 | 2035 | 4569 | 37 | 78 |
| iv_507-iv_510 | 2033 | 4215 | 41 | 73 |
| iv_508-iv_512 | 2025 | 4303 | 32 | 86 |
| iv_502-iv_507 | 2016 | 4412 | 37 | 74 |
| iv_509-iv_512 | 1999 | 4362 | 37 | 84 |
| iv_507-iv_508 | 1997 | 4164 | 31 | 84 |
| iv_503-iv_507 | 1994 | 4217 | 31 | 88 |

### Input Bit Co-occurrences Sorted by Potential Occurrences

| Input Bits | Co-occurrences | Potential Occurrences | Output Co-occurrences | Potential Output Occurrences |
|:----------:|:--------------:|:---------------------:|:---------------------:|:----------------------------:|
| iv_506-iv_509 | 1905 | 4141 | 43 | 74 |
| iv_506-iv_507 | 1986 | 4148 | 39 | 80 |
| iv_508-iv_509 | 1920 | 4149 | 35 | 78 |
| iv_504-iv_506 | 1861 | 4150 | 42 | 76 |
| iv_506-iv_508 | 1894 | 4156 | 37 | 78 |
| iv_507-iv_508 | 1997 | 4164 | 31 | 84 |
| iv_504-iv_505 | 1834 | 4165 | 41 | 75 |
| iv_503-iv_506 | 1906 | 4179 | 38 | 80 |
| iv_506-iv_510 | 1937 | 4193 | 44 | 73 |
| iv_504-iv_508 | 1857 | 4196 | 37 | 74 |

### Input Bit Output Co-occurrences Sorted by Output Co-occurrences

| Input Bits | Co-occurrences | Potential Occurrences | Output Co-occurrences | Potential Output Occurrences |
|:----------:|:--------------:|:---------------------:|:---------------------:|:----------------------------:|
| iv_506-iv_510 | 1937 | 4193 | 44 | 73 |
| iv_507-iv_509 | 1969 | 4227 | 44 | 66 |
| iv_506-iv_509 | 1905 | 4141 | 43 | 74 |
| iv_504-iv_506 | 1861 | 4150 | 42 | 76 |
| iv_507-iv_512 | 2100 | 4329 | 42 | 72 |
| iv_510-iv_512 | 2081 | 4314 | 42 | 75 |
| iv_503-iv_504 | 1846 | 4265 | 41 | 70 |
| iv_504-iv_505 | 1834 | 4165 | 41 | 75 |
| iv_507-iv_510 | 2033 | 4215 | 41 | 73 |
| iv_503-iv_505 | 1866 | 4220 | 40 | 73 |

### Input Bit Output Co-occurrences Sorted by Potential Output Occurrences

| Input Bits | Co-occurrences | Potential Occurrences | Output Co-occurrences | Potential Output Occurrences |
|:----------:|:--------------:|:---------------------:|:---------------------:|:----------------------------:|
| iv_507-iv_509 | 1969 | 4227 | 44 | 66 |
| iv_503-iv_504 | 1846 | 4265 | 41 | 70 |
| iv_507-iv_512 | 2100 | 4329 | 42 | 72 |
| iv_503-iv_505 | 1866 | 4220 | 40 | 73 |
| iv_506-iv_510 | 1937 | 4193 | 44 | 73 |
| iv_507-iv_510 | 2033 | 4215 | 41 | 73 |
| iv_502-iv_504 | 1916 | 4364 | 38 | 74 |
| iv_502-iv_508 | 1964 | 4340 | 34 | 74 |
| iv_504-iv_508 | 1857 | 4196 | 37 | 74 |
| iv_502-iv_507 | 2016 | 4412 | 37 | 74 |

## Output Bits

### Output Bits in Regular Order

| Rank | Output Bit | Complexity |
|:----:|:----------:|:----------:|
| 1 | ov_001 | 4.2909376040103565 × 10^299 |
| 2 | ov_002 | 3.736399211096812 × 10^299 |
| 3 | ov_003 | 3.2352090635767147 × 10^299 |
| 4 | ov_004 | 2.785158191728479 × 10^299 |
| 5 | ov_005 | 2.3841587428644984 × 10^299 |
| 6 | ov_006 | 2.0283644137285913 × 10^299 |
| 7 | ov_007 | 1.7141317177718195 × 10^299 |
| 8 | ov_008 | 1.4380076798568647 × 10^299 |
| 9 | ov_009 | 1.1967192502889673 × 10^299 |
| 10 | ov_010 | 9.871642451033714 × 10^298 |
| 11 | ov_011 | 8.064036642958896 × 10^298 |
| 12 | ov_012 | 6.516552821519857 × 10^298 |
| 13 | ov_013 | 5.202884119678868 × 10^298 |
| 14 | ov_014 | 4.098197253307586 × 10^298 |
| 15 | ov_015 | 3.179099858770473 × 10^298 |
| 16 | ov_016 | 2.423615578465775 × 10^298 |
| 17 | ov_017 | 1.8111656012171328 × 10^298 |
| 18 | ov_018 | 1.322555467707448 × 10^298 |
| 19 | ov_019 | 9.399660541833938 × 10^297 |
| 20 | ov_020 | 6.469477505427221 × 10^297 |
| 21 | ov_021 | 4.284169517163444 × 10^297 |
| 22 | ov_022 | 2.706540840121819 × 10^297 |
| 23 | ov_023 | 1.613025202038608 × 10^297 |
| 24 | ov_024 | 8.93679445678023 × 10^296 |
| 25 | ov_025 | 4.52179567419469 × 10^296 |
| 26 | ov_026 | 2.0581834093275785 × 10^296 |
| 27 | ov_027 | 8.550404217112658 × 10^295 |
| 28 | ov_028 | 3.575985798191172 × 10^295 |
| 29 | ov_029 | 1.4723660233683953 × 10^295 |
| 30 | ov_030 | 4.868042495530667 × 10^294 |
| 31 | ov_031 | 1.1778563194102028 × 10^294 |
| 32 | lv_80_k31 | 2.8490207941708175 × 10^293 |
| 33 | ov_033 | 3.412549081670292 × 10^294 |
| 34 | ov_034 | 2.952074075826972 × 10^294 |
| 35 | ov_035 | 2.5413488161491262 × 10^294 |
| 36 | ov_036 | 2.1763255225346544 × 10^294 |
| 37 | ov_037 | 1.8531754414464933 × 10^294 |
| 38 | ov_038 | 1.568273362005192 × 10^294 |
| 39 | ov_039 | 1.3181842119712574 × 10^294 |
| 40 | ov_040 | 1.0996515336480957 × 10^294 |
| 41 | ov_041 | 9.095876519399494 × 10^293 |
| 42 | ov_042 | 7.450653583682621 × 10^293 |
| 43 | ov_043 | 6.033109458602091 × 10^293 |
| 44 | ov_044 | 4.816984396453538 × 10^293 |
| 45 | ov_045 | 3.777448796964311 × 10^293 |
| 46 | ov_046 | 2.90244011349344 × 10^293 |
| 47 | ov_047 | 2.1805834314374206 × 10^293 |
| 48 | ov_048 | 1.6011782480512837 × 10^293 |
| 49 | ov_049 | 1.1448088805762809 × 10^293 |
| 50 | ov_050 | 7.933677100941528 × 10^292 |
| 51 | ov_051 | 5.300460075092131 × 10^292 |
| 52 | ov_052 | 3.393277445531556 × 10^292 |
| 53 | ov_053 | 2.069856630981057 × 10^292 |
| 54 | ov_054 | 1.2007896065995395 × 10^292 |
| 55 | ov_055 | 6.695203425985123 × 10^291 |
| 56 | ov_056 | 3.723382802402954 × 10^291 |
| 57 | ov_057 | 2.1837479853236275 × 10^291 |
| 58 | ov_058 | 1.2960119474234777 × 10^291 |
| 59 | ov_059 | 7.0212914394383295 × 10^290 |
| 60 | ov_060 | 3.3790876205048446 × 10^290 |
| 61 | ov_061 | 1.3916047147004134 × 10^290 |
| 62 | ov_062 | 4.601755592225581 × 10^289 |
| 63 | ov_063 | 1.1136002886440625 × 10^289 |
| 64 | lv_79_k31 | 2.6939713346889974 × 10^288 |
| 65 | ov_065 | 3.205061116771846 × 10^289 |
| 66 | ov_066 | 3.2050536321969787 × 10^289 |
| 67 | ov_067 | 3.205051206651896 × 10^289 |
| 68 | ov_068 | 2.7727023234080144 × 10^289 |
| 69 | ov_069 | 2.3851322425325344 × 10^289 |
| 70 | ov_070 | 2.0404041837906245 × 10^289 |
| 71 | ov_071 | 1.7349952964680954 × 10^289 |
| 72 | ov_072 | 1.4655981626803995 × 10^289 |
| 73 | ov_073 | 1.2291065307137765 × 10^289 |
| 74 | ov_074 | 1.02260235658092 × 10^289 |
| 75 | ov_075 | 8.433440838753643 × 10^288 |
| 76 | ov_076 | 6.887560942911028 × 10^288 |
| 77 | ov_077 | 5.564192630160572 × 10^288 |
| 78 | ov_078 | 4.440625546694647 × 10^288 |
| 79 | ov_079 | 3.495555965894497 × 10^288 |
| 80 | ov_080 | 2.7090216713927847 × 10^288 |
| 81 | ov_081 | 2.062345373362598 × 10^288 |
| 82 | ov_082 | 1.5380860455906105 × 10^288 |
| 83 | ov_083 | 1.1199975739639708 × 10^288 |
| 84 | ov_084 | 7.92994108975914 × 10^287 |
| 85 | ov_085 | 5.431215160431536 × 10^287 |
| 86 | ov_086 | 3.5753431809496185 × 10^287 |
| 87 | ov_087 | 2.2447752525257966 × 10^287 |
| 88 | ov_088 | 1.3327274661389398 × 10^287 |
| 89 | ov_089 | 7.430797927139759 × 10^286 |
| 90 | ov_090 | 3.9030469757401834 × 10^286 |
| 91 | ov_091 | 1.9942043147885706 × 10^286 |
| 92 | ov_092 | 1.0596300162352273 × 10^286 |
| 93 | ov_093 | 5.597112585216303 × 10^285 |
| 94 | ov_094 | 2.508860123341431 × 10^285 |
| 95 | aaa_78_28 | 8.069219961226019 × 10^284 |
| 96 | aaa_78_29 | 3.057374519751498 × 10^284 |
| 97 | ov_097 | 3.329447653863103 × 10^284 |
| 98 | ov_098 | 3.329347831179484 × 10^284 |
| 99 | ov_099 | 3.3293159484128302 × 10^284 |
| 100 | ov_100 | 2.996253920025166 × 10^284 |
| 101 | ov_101 | 2.6877437816894347 × 10^284 |
| 102 | ov_102 | 2.402438664833371 × 10^284 |
| 103 | ov_103 | 2.1390901954787348 × 10^284 |
| 104 | ov_104 | 1.8965356869256227 × 10^284 |
| 105 | ov_105 | 1.673686499535149 × 10^284 |
| 106 | ov_106 | 1.4695175051498191 × 10^284 |
| 107 | ov_107 | 1.283057596275598 × 10^284 |
| 108 | ov_108 | 1.1133811822815481 × 10^284 |
| 109 | ov_109 | 9.596006166077204 × 10^283 |
| 110 | ov_110 | 8.208595003631528 × 10^283 |
| 111 | ov_111 | 6.963268087906651 × 10^283 |
| 112 | ov_112 | 5.851917879162846 × 10^283 |
| 113 | ov_113 | 4.866595693324626 × 10^283 |
| 114 | ov_114 | 3.9994745152471028 × 10^283 |
| 115 | ov_115 | 3.24281796473925 × 10^283 |
| 116 | ov_116 | 2.5889549048214134 × 10^283 |
| 117 | ov_117 | 2.03025918304861 × 10^283 |
| 118 | ov_118 | 1.5591339975200098 × 10^283 |
| 119 | ov_119 | 1.1680003796169143 × 10^283 |
| 120 | ov_120 | 8.492892857215132 × 10^282 |
| 121 | ov_121 | 5.954367902705903 × 10^282 |
| 122 | ov_122 | 3.98881643505245 × 10^282 |
| 123 | ov_123 | 2.5206412610364278 × 10^282 |
| 124 | ov_124 | 1.4742538252338907 × 10^282 |
| 125 | ov_125 | 7.740698363454903 × 10^281 |
| 126 | ov_126 | 3.445067519468983 × 10^281 |
| 127 | aaa_77_28 | 1.0998258832154354 × 10^281 |
| 128 | aaa_77_29 | 4.1217702283256297 × 10^280 |
| 129 | ov_129 | 3.797612993167041 × 10^280 |
| 130 | ov_130 | 3.7976043113079083 × 10^280 |
| 131 | ov_131 | 3.797601522147896 × 10^280 |
| 132 | ov_132 | 3.28915197249304 × 10^280 |
| 133 | ov_133 | 2.833988248263503 × 10^280 |
| 134 | ov_134 | 2.428041534923024 × 10^280 |
| 135 | ov_135 | 2.0674700318875247 × 10^280 |
| 136 | ov_136 | 1.7486423653220452 × 10^280 |
| 137 | ov_137 | 1.4681231054938767 × 10^280 |
| 138 | ov_138 | 1.2226602409157725 × 10^280 |
| 139 | ov_139 | 1.009174434199509 × 10^280 |
| 140 | ov_140 | 8.247498822388288 × 10^279 |
| 141 | ov_141 | 6.666266130956543 × 10^279 |
| 142 | ov_142 | 5.321940614848359 × 10^279 |
| 143 | ov_143 | 4.1898577409366285 × 10^279 |
| 144 | ov_144 | 3.246751051771114 × 10^279 |
| 145 | ov_145 | 2.470717719748093 × 10^279 |
| 146 | ov_146 | 1.8411914853045721 × 10^279 |
| 147 | ov_147 | 1.3389218548198002 × 10^279 |
| 148 | ov_148 | 9.459585234821893 × 10^278 |
| 149 | ov_149 | 6.4564007777599964 × 10^278 |
| 150 | ov_150 | 4.225861215367856 × 10^278 |
| 151 | ov_151 | 2.626920587622659 × 10^278 |
| 152 | ov_152 | 1.5312585556989462 × 10^278 |
| 153 | ov_153 | 8.232619287733241 × 10^277 |
| 154 | ov_154 | 4.0001510555651264 × 10^277 |
| 155 | ov_155 | 1.7129545954473932 × 10^277 |
| 156 | aaa_76_25 | 5.957118043142322 × 10^276 |
| 157 | aaa_76_26 | 3.666686297482434 × 10^276 |
| 158 | aaa_76_27 | 2.0106975908300495 × 10^276 |
| 159 | aaa_76_28 | 9.476782904587147 × 10^275 |
| 160 | aaa_76_29 | 3.56867107184341 × 10^275 |

### Output Bits Sorted by Complexity

| Rank | Output Bit | Complexity |
|:----:|:----------:|:----------:|
| 160 | aaa_76_29 | 3.56867107184341 × 10^275 |
| 159 | aaa_76_28 | 9.476782904587147 × 10^275 |
| 158 | aaa_76_27 | 2.0106975908300495 × 10^276 |
| 157 | aaa_76_26 | 3.666686297482434 × 10^276 |
| 156 | aaa_76_25 | 5.957118043142322 × 10^276 |
| 155 | ov_155 | 1.7129545954473932 × 10^277 |
| 154 | ov_154 | 4.0001510555651264 × 10^277 |
| 153 | ov_153 | 8.232619287733241 × 10^277 |
| 152 | ov_152 | 1.5312585556989462 × 10^278 |
| 151 | ov_151 | 2.626920587622659 × 10^278 |
| 150 | ov_150 | 4.225861215367856 × 10^278 |
| 149 | ov_149 | 6.4564007777599964 × 10^278 |
| 148 | ov_148 | 9.459585234821893 × 10^278 |
| 147 | ov_147 | 1.3389218548198002 × 10^279 |
| 146 | ov_146 | 1.8411914853045721 × 10^279 |
| 145 | ov_145 | 2.470717719748093 × 10^279 |
| 144 | ov_144 | 3.246751051771114 × 10^279 |
| 143 | ov_143 | 4.1898577409366285 × 10^279 |
| 142 | ov_142 | 5.321940614848359 × 10^279 |
| 141 | ov_141 | 6.666266130956543 × 10^279 |
| 140 | ov_140 | 8.247498822388288 × 10^279 |
| 139 | ov_139 | 1.009174434199509 × 10^280 |
| 138 | ov_138 | 1.2226602409157725 × 10^280 |
| 137 | ov_137 | 1.4681231054938767 × 10^280 |
| 136 | ov_136 | 1.7486423653220452 × 10^280 |
| 135 | ov_135 | 2.0674700318875247 × 10^280 |
| 134 | ov_134 | 2.428041534923024 × 10^280 |
| 133 | ov_133 | 2.833988248263503 × 10^280 |
| 132 | ov_132 | 3.28915197249304 × 10^280 |
| 131 | ov_131 | 3.797601522147896 × 10^280 |
| 130 | ov_130 | 3.7976043113079083 × 10^280 |
| 129 | ov_129 | 3.797612993167041 × 10^280 |
| 128 | aaa_77_29 | 4.1217702283256297 × 10^280 |
| 127 | aaa_77_28 | 1.0998258832154354 × 10^281 |
| 126 | ov_126 | 3.445067519468983 × 10^281 |
| 125 | ov_125 | 7.740698363454903 × 10^281 |
| 124 | ov_124 | 1.4742538252338907 × 10^282 |
| 123 | ov_123 | 2.5206412610364278 × 10^282 |
| 122 | ov_122 | 3.98881643505245 × 10^282 |
| 121 | ov_121 | 5.954367902705903 × 10^282 |
| 120 | ov_120 | 8.492892857215132 × 10^282 |
| 119 | ov_119 | 1.1680003796169143 × 10^283 |
| 118 | ov_118 | 1.5591339975200098 × 10^283 |
| 117 | ov_117 | 2.03025918304861 × 10^283 |
| 116 | ov_116 | 2.5889549048214134 × 10^283 |
| 115 | ov_115 | 3.24281796473925 × 10^283 |
| 114 | ov_114 | 3.9994745152471028 × 10^283 |
| 113 | ov_113 | 4.866595693324626 × 10^283 |
| 112 | ov_112 | 5.851917879162846 × 10^283 |
| 111 | ov_111 | 6.963268087906651 × 10^283 |
| 110 | ov_110 | 8.208595003631528 × 10^283 |
| 109 | ov_109 | 9.596006166077204 × 10^283 |
| 108 | ov_108 | 1.1133811822815481 × 10^284 |
| 107 | ov_107 | 1.283057596275598 × 10^284 |
| 106 | ov_106 | 1.4695175051498191 × 10^284 |
| 105 | ov_105 | 1.673686499535149 × 10^284 |
| 104 | ov_104 | 1.8965356869256227 × 10^284 |
| 103 | ov_103 | 2.1390901954787348 × 10^284 |
| 102 | ov_102 | 2.402438664833371 × 10^284 |
| 101 | ov_101 | 2.6877437816894347 × 10^284 |
| 100 | ov_100 | 2.996253920025166 × 10^284 |
| 96 | aaa_78_29 | 3.057374519751498 × 10^284 |
| 99 | ov_099 | 3.3293159484128302 × 10^284 |
| 98 | ov_098 | 3.329347831179484 × 10^284 |
| 97 | ov_097 | 3.329447653863103 × 10^284 |
| 95 | aaa_78_28 | 8.069219961226019 × 10^284 |
| 94 | ov_094 | 2.508860123341431 × 10^285 |
| 93 | ov_093 | 5.597112585216303 × 10^285 |
| 92 | ov_092 | 1.0596300162352273 × 10^286 |
| 91 | ov_091 | 1.9942043147885706 × 10^286 |
| 90 | ov_090 | 3.9030469757401834 × 10^286 |
| 89 | ov_089 | 7.430797927139759 × 10^286 |
| 88 | ov_088 | 1.3327274661389398 × 10^287 |
| 87 | ov_087 | 2.2447752525257966 × 10^287 |
| 86 | ov_086 | 3.5753431809496185 × 10^287 |
| 85 | ov_085 | 5.431215160431536 × 10^287 |
| 84 | ov_084 | 7.92994108975914 × 10^287 |
| 83 | ov_083 | 1.1199975739639708 × 10^288 |
| 82 | ov_082 | 1.5380860455906105 × 10^288 |
| 81 | ov_081 | 2.062345373362598 × 10^288 |
| 64 | lv_79_k31 | 2.6939713346889974 × 10^288 |
| 80 | ov_080 | 2.7090216713927847 × 10^288 |
| 79 | ov_079 | 3.495555965894497 × 10^288 |
| 78 | ov_078 | 4.440625546694647 × 10^288 |
| 77 | ov_077 | 5.564192630160572 × 10^288 |
| 76 | ov_076 | 6.887560942911028 × 10^288 |
| 75 | ov_075 | 8.433440838753643 × 10^288 |
| 74 | ov_074 | 1.02260235658092 × 10^289 |
| 63 | ov_063 | 1.1136002886440625 × 10^289 |
| 73 | ov_073 | 1.2291065307137765 × 10^289 |
| 72 | ov_072 | 1.4655981626803995 × 10^289 |
| 71 | ov_071 | 1.7349952964680954 × 10^289 |
| 70 | ov_070 | 2.0404041837906245 × 10^289 |
| 69 | ov_069 | 2.3851322425325344 × 10^289 |
| 68 | ov_068 | 2.7727023234080144 × 10^289 |
| 67 | ov_067 | 3.205051206651896 × 10^289 |
| 66 | ov_066 | 3.2050536321969787 × 10^289 |
| 65 | ov_065 | 3.205061116771846 × 10^289 |
| 62 | ov_062 | 4.601755592225581 × 10^289 |
| 61 | ov_061 | 1.3916047147004134 × 10^290 |
| 60 | ov_060 | 3.3790876205048446 × 10^290 |
| 59 | ov_059 | 7.0212914394383295 × 10^290 |
| 58 | ov_058 | 1.2960119474234777 × 10^291 |
| 57 | ov_057 | 2.1837479853236275 × 10^291 |
| 56 | ov_056 | 3.723382802402954 × 10^291 |
| 55 | ov_055 | 6.695203425985123 × 10^291 |
| 54 | ov_054 | 1.2007896065995395 × 10^292 |
| 53 | ov_053 | 2.069856630981057 × 10^292 |
| 52 | ov_052 | 3.393277445531556 × 10^292 |
| 51 | ov_051 | 5.300460075092131 × 10^292 |
| 50 | ov_050 | 7.933677100941528 × 10^292 |
| 49 | ov_049 | 1.1448088805762809 × 10^293 |
| 48 | ov_048 | 1.6011782480512837 × 10^293 |
| 47 | ov_047 | 2.1805834314374206 × 10^293 |
| 32 | lv_80_k31 | 2.8490207941708175 × 10^293 |
| 46 | ov_046 | 2.90244011349344 × 10^293 |
| 45 | ov_045 | 3.777448796964311 × 10^293 |
| 44 | ov_044 | 4.816984396453538 × 10^293 |
| 43 | ov_043 | 6.033109458602091 × 10^293 |
| 42 | ov_042 | 7.450653583682621 × 10^293 |
| 41 | ov_041 | 9.095876519399494 × 10^293 |
| 40 | ov_040 | 1.0996515336480957 × 10^294 |
| 31 | ov_031 | 1.1778563194102028 × 10^294 |
| 39 | ov_039 | 1.3181842119712574 × 10^294 |
| 38 | ov_038 | 1.568273362005192 × 10^294 |
| 37 | ov_037 | 1.8531754414464933 × 10^294 |
| 36 | ov_036 | 2.1763255225346544 × 10^294 |
| 35 | ov_035 | 2.5413488161491262 × 10^294 |
| 34 | ov_034 | 2.952074075826972 × 10^294 |
| 33 | ov_033 | 3.412549081670292 × 10^294 |
| 30 | ov_030 | 4.868042495530667 × 10^294 |
| 29 | ov_029 | 1.4723660233683953 × 10^295 |
| 28 | ov_028 | 3.575985798191172 × 10^295 |
| 27 | ov_027 | 8.550404217112658 × 10^295 |
| 26 | ov_026 | 2.0581834093275785 × 10^296 |
| 25 | ov_025 | 4.52179567419469 × 10^296 |
| 24 | ov_024 | 8.93679445678023 × 10^296 |
| 23 | ov_023 | 1.613025202038608 × 10^297 |
| 22 | ov_022 | 2.706540840121819 × 10^297 |
| 21 | ov_021 | 4.284169517163444 × 10^297 |
| 20 | ov_020 | 6.469477505427221 × 10^297 |
| 19 | ov_019 | 9.399660541833938 × 10^297 |
| 18 | ov_018 | 1.322555467707448 × 10^298 |
| 17 | ov_017 | 1.8111656012171328 × 10^298 |
| 16 | ov_016 | 2.423615578465775 × 10^298 |
| 15 | ov_015 | 3.179099858770473 × 10^298 |
| 14 | ov_014 | 4.098197253307586 × 10^298 |
| 13 | ov_013 | 5.202884119678868 × 10^298 |
| 12 | ov_012 | 6.516552821519857 × 10^298 |
| 11 | ov_011 | 8.064036642958896 × 10^298 |
| 10 | ov_010 | 9.871642451033714 × 10^298 |
| 9 | ov_009 | 1.1967192502889673 × 10^299 |
| 8 | ov_008 | 1.4380076798568647 × 10^299 |
| 7 | ov_007 | 1.7141317177718195 × 10^299 |
| 6 | ov_006 | 2.0283644137285913 × 10^299 |
| 5 | ov_005 | 2.3841587428644984 × 10^299 |
| 4 | ov_004 | 2.785158191728479 × 10^299 |
| 3 | ov_003 | 3.2352090635767147 × 10^299 |
| 2 | ov_002 | 3.736399211096812 × 10^299 |
| 1 | ov_001 | 4.2909376040103565 × 10^299 |

