# Results for F001-F002-F003-F004-F005-F006-F007-F008-F009-F010-F011-F012-F013-F014-F015-F016-F017-F018-F019-F020-F021-F022-F023-F024-F025-F026-F027-F028-F029-F030-F031-F032-F033-F034-F035-F036-F037-F038-F039-F040-F041-F042-F043-F044-F045-F046-F047-F048-F049-F050-F051-F052-F053-F054-F055-F056-F057-F058-F059-F060-F061-F062-F063-F064-F065-F066-F067-F068-F069-F070-F071-F072-F073-F074-F075-F076-F077-F078-F079-F080-F081-F082-F083-F084-F085-F086-F087-F088-F089-F090-F091-F092-F093-F094-F095-F096-F097-F098-F099-F100-F101-F102-F103-F104-F105-F106-F107-F108-F109-F110-F111-F112-F113-F114-F115-F116-F117-F118-F119-F120-F121-F122-F123-F124-F125-F126-F127-F128-F129-F130-F131-F132-F133-F134-F135-F136-F137-F138-F139-F140-F141-F142-F143-F144-F145-F146-F147-F148-F149-F150-F151-F152-F153-F154-F155-F156-F157-F158-F159-F160-F161-F162-F163-F164-F165-F166-F167-F168-F169-F170-F171-F172-F173-F174-F175-F176-F177-F178-F179-F180-F181-F182-F183-F184-F185-F186-F187-F188-F189-F190-F191-F192-F193-F194-F195-F196-F197-F198-F199-F200-F201-F202-F203-F204-F205-F206-F207-F208-F209-F210-F211-F212-F213-F214-F215-F216-F217-F218-F219-F220-F221-F222-F223-F224-F225-F226-F227-F228-F229-F230-F231-F232-F233-F234-F235-F236-F237-F238-F239-F240-F241-F242-F243-F244-F245-F246-F247-F248-F249-F250-F251-F252-F253-F254-F255-F256-F257-F258-F259-F260-F261-F262-F263-F264-F265-F266-F267-F268-F269-F270-F271-F272-F273-F274-F275-F276-F277-F278-F279-F280-F281-F282-F283-F284-F285-F286-F287-F288-F289-F290-F291-F292-F293-F294-F295-F296-F297-F298-F299-F300-F301-F302-F303-F304-F305-F306-F307-F308-F309-F310-F311-F312-F313-F314-F315-F316-F317-F318-F319-F320-F321-F322-F323-F324-F325-F326-F327-F328-F329-F330-F331-F332-F333-F334-F335-F336-F337-F338-F339-F340-F341-F342-F343-F344-F345-F346-F347-F348-F349-F350-F351-F352-F353-F354-F355-F356-F357-F358-F359-F360-F361-F362-F363-F364-F365-F366-F367-F368-F369-F370-F371-F372-F373-F374-F375-F376-F377-F378-F379-F380-F381-F382-F383-F384-F385-F386-F387-F388-F389-F390-F391-F392-F393-F394-F395-F396-F397-F398-F399-F400-F401-F402-F403-F404-F405-F406-F407-F408-F409-F410-F411-F412-F413-F414-F415-F416-F417-F418-F419-F420-F421-F422-F423-F424-F425-F426-F427-F428-F429-F430-F431-F432-F433-F434-F435-F436-F437-F438-F439-F440-F441-F442-F443-F444-F445-F446-F447-F448-F449-F450-F451-F452-F453-F454-F455-F456-F457-F458-F459-F460-F461-F462-F463-F464-F465-F466-F467-F468-F469-F470-F471-F472-F473-F474-F475-F476-F477-F478-F479-F480-F481-F482-F483-F484-F485-F486-F487-F488-F489-F490-F491-F492-F493-F494-F495-F496-F497-F498-F499-F500-E504508-F512

## Summary

Number of input bits: 512  
Number of free input bits: 10  
Number of output bits: 160

Number of direct occurrences: 40761  
Number of assignments: 31068  
Number of operations: 10983206
(xor: 10954352,
and: 15635,
or: 13219)

Total complexity: 3.1792201163321352 × 10^299

Least occurring input variable: iv_502 (3883)  
Most occurring input variable: iv_510 (4232)

Most co-occurring input variables: iv_509-iv_510 (2114)  
Least co-occurring input variables: iv_505-iv_506 (1782)

Potentially most occurring input variable: iv_501/iv_504 (4505)  
Potentially least occurring input variable: iv_506/iv_507 (4134)

Least output occurring input variable: iv_510 (74)  
Most output occurring input variable: iv_506 (82)

Most output co-occurring input variables: iv_502-iv_511 (45)  
Least output co-occurring input variables: iv_502-iv_503 (32)

Potentially most output occurring input variable: iv_502/iv_503 (96)  
Potentially least output occurring input variable: iv_504/iv_505 (71)

Least complex input bit: iv_511 (6.401321737458454 × 10^295)  
Most complex input bit: iv_510 (8.07949696291857 × 10^298)

Least complex output bit: aaa_76_29 (4.479585138241869 × 10^274)  
Most complex output bit: ov_001 (5.062707009616971 × 10^298)

Least complex input/output complexity: iv_511/aaa_76_29 (9.019591179897963 × 10^270)  
Most complex input/output complexity: iv_510/ov_001 (1.2866088037822913 × 10^298)

## Input Bits

### Input Bits in Regular Order

| Input Bit | Complexity | Occurrences | Output Occurrences |
|:---------:|:----------:|:-----------:|:------------------:|
| iv_501 | 2.1394239884096667 × 10^297 | 4063 | 79 |
| iv_502 | 3.911259605449379 × 10^297 | 3883 | 82 |
| iv_503 | 6.660861856329269 × 10^297 | 4122 | 78 |
| iv_504 | 6.622559709593032 × 10^298 | 4080 | 78 |
| iv_505 | 1.697626462730997 × 10^298 | 3894 | 79 |
| iv_506 | 2.5896523418993137 × 10^298 | 3935 | 82 |
| iv_507 | 3.8605720123571847 × 10^298 | 4159 | 76 |
| iv_509 | 7.664737807065982 × 10^298 | 4209 | 80 |
| iv_510 | 8.07949696291857 × 10^298 | 4232 | 74 |
| iv_511 | 6.401321737458454 × 10^295 | 4184 | 80 |

### Input Bits Sorted by Complexity

| Input Bit | Complexity | Occurrences | Output Occurrences |
|:---------:|:----------:|:-----------:|:------------------:|
| iv_511 | 6.401321737458454 × 10^295 | 4184 | 80 |
| iv_501 | 2.1394239884096667 × 10^297 | 4063 | 79 |
| iv_502 | 3.911259605449379 × 10^297 | 3883 | 82 |
| iv_503 | 6.660861856329269 × 10^297 | 4122 | 78 |
| iv_505 | 1.697626462730997 × 10^298 | 3894 | 79 |
| iv_506 | 2.5896523418993137 × 10^298 | 3935 | 82 |
| iv_507 | 3.8605720123571847 × 10^298 | 4159 | 76 |
| iv_504 | 6.622559709593032 × 10^298 | 4080 | 78 |
| iv_509 | 7.664737807065982 × 10^298 | 4209 | 80 |
| iv_510 | 8.07949696291857 × 10^298 | 4232 | 74 |

### Input Bits Sorted by Occurrences

| Input Bit | Complexity | Occurrences | Output Occurrences |
|:---------:|:----------:|:-----------:|:------------------:|
| iv_502 | 3.911259605449379 × 10^297 | 3883 | 82 |
| iv_505 | 1.697626462730997 × 10^298 | 3894 | 79 |
| iv_506 | 2.5896523418993137 × 10^298 | 3935 | 82 |
| iv_501 | 2.1394239884096667 × 10^297 | 4063 | 79 |
| iv_504 | 6.622559709593032 × 10^298 | 4080 | 78 |
| iv_503 | 6.660861856329269 × 10^297 | 4122 | 78 |
| iv_507 | 3.8605720123571847 × 10^298 | 4159 | 76 |
| iv_511 | 6.401321737458454 × 10^295 | 4184 | 80 |
| iv_509 | 7.664737807065982 × 10^298 | 4209 | 80 |
| iv_510 | 8.07949696291857 × 10^298 | 4232 | 74 |

### Input Bits Sorted by Output Occurrences

| Input Bit | Complexity | Occurrences | Output Occurrences |
|:---------:|:----------:|:-----------:|:------------------:|
| iv_510 | 8.07949696291857 × 10^298 | 4232 | 74 |
| iv_507 | 3.8605720123571847 × 10^298 | 4159 | 76 |
| iv_503 | 6.660861856329269 × 10^297 | 4122 | 78 |
| iv_504 | 6.622559709593032 × 10^298 | 4080 | 78 |
| iv_501 | 2.1394239884096667 × 10^297 | 4063 | 79 |
| iv_505 | 1.697626462730997 × 10^298 | 3894 | 79 |
| iv_509 | 7.664737807065982 × 10^298 | 4209 | 80 |
| iv_511 | 6.401321737458454 × 10^295 | 4184 | 80 |
| iv_502 | 3.911259605449379 × 10^297 | 3883 | 82 |
| iv_506 | 2.5896523418993137 × 10^298 | 3935 | 82 |

## Input Bit Co-occurrences

### Input Bit Co-occurrences Sorted by Co-occurrences

| Input Bits | Co-occurrences | Potential Occurrences | Output Co-occurrences | Potential Output Occurrences |
|:----------:|:--------------:|:---------------------:|:---------------------:|:----------------------------:|
| iv_509-iv_510 | 2114 | 4213 | 37 | 80 |
| iv_509-iv_511 | 2057 | 4279 | 37 | 86 |
| iv_510-iv_511 | 2054 | 4308 | 39 | 76 |
| iv_504-iv_511 | 2044 | 4176 | 39 | 80 |
| iv_501-iv_511 | 2043 | 4161 | 41 | 77 |
| iv_504-iv_510 | 2020 | 4272 | 38 | 76 |
| iv_507-iv_509 | 2020 | 4328 | 38 | 80 |
| iv_504-iv_509 | 2010 | 4269 | 32 | 94 |
| iv_503-iv_511 | 2010 | 4286 | 37 | 84 |
| iv_503-iv_509 | 2010 | 4311 | 38 | 82 |

### Input Bit Co-occurrences Sorted by Potential Occurrences

| Input Bits | Co-occurrences | Potential Occurrences | Output Co-occurrences | Potential Output Occurrences |
|:----------:|:--------------:|:---------------------:|:---------------------:|:----------------------------:|
| iv_506-iv_507 | 1980 | 4134 | 39 | 80 |
| iv_502-iv_505 | 1819 | 4139 | 36 | 89 |
| iv_501-iv_511 | 2043 | 4161 | 41 | 77 |
| iv_501-iv_505 | 1893 | 4171 | 36 | 86 |
| iv_504-iv_511 | 2044 | 4176 | 39 | 80 |
| iv_505-iv_510 | 1973 | 4180 | 40 | 73 |
| iv_503-iv_505 | 1906 | 4204 | 42 | 73 |
| iv_502-iv_506 | 1804 | 4210 | 44 | 76 |
| iv_509-iv_510 | 2114 | 4213 | 37 | 80 |
| iv_506-iv_509 | 1962 | 4220 | 39 | 84 |

### Input Bit Output Co-occurrences Sorted by Output Co-occurrences

| Input Bits | Co-occurrences | Potential Occurrences | Output Co-occurrences | Potential Output Occurrences |
|:----------:|:--------------:|:---------------------:|:---------------------:|:----------------------------:|
| iv_502-iv_511 | 1905 | 4257 | 45 | 72 |
| iv_502-iv_506 | 1804 | 4210 | 44 | 76 |
| iv_504-iv_505 | 1809 | 4356 | 43 | 71 |
| iv_503-iv_505 | 1906 | 4204 | 42 | 73 |
| iv_502-iv_507 | 1886 | 4270 | 42 | 74 |
| iv_504-iv_506 | 1826 | 4363 | 42 | 76 |
| iv_502-iv_509 | 1911 | 4270 | 41 | 80 |
| iv_501-iv_511 | 2043 | 4161 | 41 | 77 |
| iv_502-iv_504 | 1811 | 4341 | 41 | 78 |
| iv_504-iv_507 | 1964 | 4311 | 41 | 72 |

### Input Bit Output Co-occurrences Sorted by Potential Output Occurrences

| Input Bits | Co-occurrences | Potential Occurrences | Output Co-occurrences | Potential Output Occurrences |
|:----------:|:--------------:|:---------------------:|:---------------------:|:----------------------------:|
| iv_504-iv_505 | 1809 | 4356 | 43 | 71 |
| iv_502-iv_511 | 1905 | 4257 | 45 | 72 |
| iv_504-iv_507 | 1964 | 4311 | 41 | 72 |
| iv_503-iv_505 | 1906 | 4204 | 42 | 73 |
| iv_501-iv_510 | 1926 | 4443 | 40 | 73 |
| iv_505-iv_510 | 1973 | 4180 | 40 | 73 |
| iv_502-iv_507 | 1886 | 4270 | 42 | 74 |
| iv_502-iv_506 | 1804 | 4210 | 44 | 76 |
| iv_502-iv_510 | 1900 | 4315 | 40 | 76 |
| iv_503-iv_510 | 2004 | 4346 | 38 | 76 |

## Output Bits

### Output Bits in Regular Order

| Rank | Output Bit | Complexity |
|:----:|:----------:|:----------:|
| 1 | ov_001 | 5.062707009616971 × 10^298 |
| 2 | ov_002 | 4.396801753747474 × 10^298 |
| 3 | ov_003 | 3.797579964303505 × 10^298 |
| 4 | ov_004 | 3.2623458705408777 × 10^298 |
| 5 | ov_005 | 2.78614720339651 × 10^298 |
| 6 | ov_006 | 2.3643006674329817 × 10^298 |
| 7 | ov_007 | 1.9923742051813533 × 10^298 |
| 8 | ov_008 | 1.666171535694726 × 10^298 |
| 9 | ov_009 | 1.381718731818176 × 10^298 |
| 10 | ov_010 | 1.1352526550341105 × 10^298 |
| 11 | ov_011 | 9.232111183678483 × 10^297 |
| 12 | ov_012 | 7.42224657370828 × 10^297 |
| 13 | ov_013 | 5.89109761398749 × 10^297 |
| 14 | ov_014 | 4.6086339176875546 × 10^297 |
| 15 | ov_015 | 3.5465861314039843 × 10^297 |
| 16 | ov_016 | 2.678411765089072 × 10^297 |
| 17 | ov_017 | 1.979269041828739 × 10^297 |
| 18 | ov_018 | 1.4259973906363053 × 10^297 |
| 19 | ov_019 | 9.971033246573212 × 10^296 |
| 20 | ov_020 | 6.727505662691598 × 10^296 |
| 21 | ov_021 | 4.347533995738481 × 10^296 |
| 22 | ov_022 | 2.6657234975325855 × 10^296 |
| 23 | ov_023 | 1.5331144168264175 × 10^296 |
| 24 | ov_024 | 8.171650364349465 × 10^295 |
| 25 | ov_025 | 4.0174173117114017 × 10^295 |
| 26 | ov_026 | 1.871136251447679 × 10^295 |
| 27 | ov_027 | 8.995001652210835 × 10^294 |
| 28 | ov_028 | 4.331929770929536 × 10^294 |
| 29 | ov_029 | 1.785536556805113 × 10^294 |
| 30 | ov_030 | 5.910217556446811 × 10^293 |
| 31 | ov_031 | 1.4318848502980006 × 10^293 |
| 32 | lv_80_k31 | 3.46814548075287 × 10^292 |
| 33 | ov_033 | 4.220931179741098 × 10^293 |
| 34 | ov_034 | 3.669636283224144 × 10^293 |
| 35 | ov_035 | 3.1761954656754293 × 10^293 |
| 36 | ov_036 | 2.735956078587323 × 10^293 |
| 37 | ov_037 | 2.344514872599422 × 10^293 |
| 38 | ov_038 | 1.997700324495319 × 10^293 |
| 39 | ov_039 | 1.6915573964815768 × 10^293 |
| 40 | ov_040 | 1.4223344899070397 × 10^293 |
| 41 | ov_041 | 1.1864723701001664 × 10^293 |
| 42 | ov_042 | 9.805948527658842 × 10^292 |
| 43 | ov_043 | 8.015010554816648 × 10^292 |
| 44 | ov_044 | 6.461590303494315 × 10^292 |
| 45 | ov_045 | 5.130943218981064 × 10^292 |
| 46 | ov_046 | 4.009132141034222 × 10^292 |
| 47 | ov_047 | 3.0830091865587417 × 10^292 |
| 48 | ov_048 | 2.3285939863259084 × 10^292 |
| 49 | ov_049 | 1.723428129155939 × 10^292 |
| 50 | ov_050 | 1.2465621920455754 × 10^292 |
| 51 | ov_051 | 8.785468722608244 × 10^291 |
| 52 | ov_052 | 6.014272559465836 × 10^291 |
| 53 | ov_053 | 3.9873935898615205 × 10^291 |
| 54 | ov_054 | 2.5550817644850377 × 10^291 |
| 55 | ov_055 | 1.5824660616391417 × 10^291 |
| 56 | ov_056 | 9.495481537637498 × 10^290 |
| 57 | ov_057 | 5.511984321190132 × 10^290 |
| 58 | ov_058 | 2.9715360467090705 × 10^290 |
| 59 | ov_059 | 1.4599838728716721 × 10^290 |
| 60 | ov_060 | 6.374978809654435 × 10^289 |
| 61 | ov_061 | 2.385692934330053 × 10^289 |
| 62 | ov_062 | 7.200989978267829 × 10^288 |
| 63 | ov_063 | 1.5914574150208977 × 10^288 |
| 64 | lv_79_m31 | 3.0982874036847365 × 10^287 |
| 65 | ov_065 | 3.653194953077305 × 10^288 |
| 66 | ov_066 | 3.653186048628701 × 10^288 |
| 67 | ov_067 | 3.6531831627498396 × 10^288 |
| 68 | ov_068 | 3.1494498081787334 × 10^288 |
| 69 | ov_069 | 2.7006207407119157 × 10^288 |
| 70 | ov_070 | 2.3022303058032807 × 10^288 |
| 71 | ov_071 | 1.9500878533390838 × 10^288 |
| 72 | ov_072 | 1.6402591125929025 × 10^288 |
| 73 | ov_073 | 1.3690492082482734 × 10^288 |
| 74 | ov_074 | 1.1329872316353934 × 10^288 |
| 75 | ov_075 | 9.288122845822294 × 10^287 |
| 76 | ov_076 | 7.534609159276984 × 10^287 |
| 77 | ov_077 | 6.040558728590519 × 10^287 |
| 78 | ov_078 | 4.778960908909031 × 10^287 |
| 79 | ov_079 | 3.724478475694106 × 10^287 |
| 80 | ov_080 | 2.8533700592662557 × 10^287 |
| 81 | ov_081 | 2.1434227438651077 × 10^287 |
| 82 | ov_082 | 1.5738941029133244 × 10^287 |
| 83 | ov_083 | 1.1254629452429692 × 10^287 |
| 84 | ov_084 | 7.801880489154044 × 10^286 |
| 85 | ov_085 | 5.214741603251534 × 10^286 |
| 86 | ov_086 | 3.340445368790196 × 10^286 |
| 87 | ov_087 | 2.0391931190154405 × 10^286 |
| 88 | ov_088 | 1.1839896064120175 × 10^286 |
| 89 | ov_089 | 6.605214639120374 × 10^285 |
| 90 | ov_090 | 3.670722582176741 × 10^285 |
| 91 | ov_091 | 2.1446692667788714 × 10^285 |
| 92 | ov_092 | 1.2603845026196135 × 10^285 |
| 93 | ov_093 | 6.6577332783538054 × 10^284 |
| 94 | ov_094 | 2.9843840261115286 × 10^284 |
| 95 | aaa_78_28 | 9.599002692693512 × 10^283 |
| 96 | aaa_78_29 | 3.6371938185124646 × 10^283 |
| 97 | ov_097 | 3.962286880261918 × 10^283 |
| 98 | ov_098 | 3.962168500975613 × 10^283 |
| 99 | ov_099 | 3.962130726305334 × 10^283 |
| 100 | ov_100 | 3.5661749248854713 × 10^283 |
| 101 | ov_101 | 3.199330336666075 × 10^283 |
| 102 | ov_102 | 2.860009278182719 × 10^283 |
| 103 | ov_103 | 2.5467401912041433 × 10^283 |
| 104 | ov_104 | 2.2581523046843864 × 10^283 |
| 105 | ov_105 | 1.9929617635639075 × 10^283 |
| 106 | ov_106 | 1.7499591467637257 × 10^283 |
| 107 | ov_107 | 1.5279982998164456 × 10^283 |
| 108 | ov_108 | 1.3259864101169233 × 10^283 |
| 109 | ov_109 | 1.142875121048728 × 10^283 |
| 110 | ov_110 | 9.776524828691564 × 10^282 |
| 111 | ov_111 | 8.293358070510356 × 10^282 |
| 112 | ov_112 | 6.969654917359607 × 10^282 |
| 113 | ov_113 | 5.795997528822142 × 10^282 |
| 114 | ov_114 | 4.7631019619186665 × 10^282 |
| 115 | ov_115 | 3.8617816524190625 × 10^282 |
| 116 | ov_116 | 3.0829180146261863 × 10^282 |
| 117 | ov_117 | 2.4174375173724306 × 10^282 |
| 118 | ov_118 | 1.856294594697977 × 10^282 |
| 119 | ov_119 | 1.390459750065869 × 10^282 |
| 120 | ov_120 | 1.0109122131748873 × 10^282 |
| 121 | ov_121 | 7.086361397224389 × 10^281 |
| 122 | ov_122 | 4.746187670656608 × 10^281 |
| 123 | ov_123 | 2.9984925911603936 × 10^281 |
| 124 | ov_124 | 1.7531786637818492 × 10^281 |
| 125 | ov_125 | 9.201537530998561 × 10^280 |
| 126 | ov_126 | 4.0932791982408377 × 10^280 |
| 127 | aaa_77_28 | 1.3061192557209453 × 10^280 |
| 128 | aaa_77_29 | 4.891381326322488 × 10^279 |
| 129 | ov_129 | 4.4781302697355917 × 10^279 |
| 130 | ov_130 | 4.478119383198412 × 10^279 |
| 131 | ov_131 | 4.4781158909482197 × 10^279 |
| 132 | ov_132 | 3.8697869751232736 × 10^279 |
| 133 | ov_133 | 3.32646691145455 × 10^279 |
| 134 | ov_134 | 2.843063089419207 × 10^279 |
| 135 | ov_135 | 2.4147636320557875 × 10^279 |
| 136 | ov_136 | 2.0370169292308458 × 10^279 |
| 137 | ov_137 | 1.7055138681710715 × 10^279 |
| 138 | ov_138 | 1.4161725273356927 × 10^279 |
| 139 | ov_139 | 1.1651250962521408 × 10^279 |
| 140 | ov_140 | 9.4870679653067 × 10^278 |
| 141 | ov_141 | 7.634465915224898 × 10^278 |
| 142 | ov_142 | 6.060594840674448 × 10^278 |
| 143 | ov_143 | 4.7344021355555096 × 10^278 |
| 144 | ov_144 | 3.626581751549853 × 10^278 |
| 145 | ov_145 | 2.7229116632813124 × 10^278 |
| 146 | ov_146 | 1.9974672346966443 × 10^278 |
| 147 | ov_147 | 1.4259753037637397 × 10^278 |
| 148 | ov_148 | 9.857968415861704 × 10^277 |
| 149 | ov_149 | 6.559146929683203 × 10^277 |
| 150 | ov_150 | 4.169253114603907 × 10^277 |
| 151 | ov_151 | 2.5103351531916044 × 10^277 |
| 152 | ov_152 | 1.4204940418709234 × 10^277 |
| 153 | ov_153 | 7.538668963411999 × 10^276 |
| 154 | ov_154 | 3.80618314639022 × 10^276 |
| 155 | ov_155 | 1.8693570674405948 × 10^276 |
| 156 | aaa_76_25 | 7.502674779831944 × 10^275 |
| 157 | aaa_76_26 | 4.6153477589522035 × 10^275 |
| 158 | aaa_76_27 | 2.5289106312927285 × 10^275 |
| 159 | aaa_76_28 | 1.1907808820823003 × 10^275 |
| 160 | aaa_76_29 | 4.479585138241869 × 10^274 |

### Output Bits Sorted by Complexity

| Rank | Output Bit | Complexity |
|:----:|:----------:|:----------:|
| 160 | aaa_76_29 | 4.479585138241869 × 10^274 |
| 159 | aaa_76_28 | 1.1907808820823003 × 10^275 |
| 158 | aaa_76_27 | 2.5289106312927285 × 10^275 |
| 157 | aaa_76_26 | 4.6153477589522035 × 10^275 |
| 156 | aaa_76_25 | 7.502674779831944 × 10^275 |
| 155 | ov_155 | 1.8693570674405948 × 10^276 |
| 154 | ov_154 | 3.80618314639022 × 10^276 |
| 153 | ov_153 | 7.538668963411999 × 10^276 |
| 152 | ov_152 | 1.4204940418709234 × 10^277 |
| 151 | ov_151 | 2.5103351531916044 × 10^277 |
| 150 | ov_150 | 4.169253114603907 × 10^277 |
| 149 | ov_149 | 6.559146929683203 × 10^277 |
| 148 | ov_148 | 9.857968415861704 × 10^277 |
| 147 | ov_147 | 1.4259753037637397 × 10^278 |
| 146 | ov_146 | 1.9974672346966443 × 10^278 |
| 145 | ov_145 | 2.7229116632813124 × 10^278 |
| 144 | ov_144 | 3.626581751549853 × 10^278 |
| 143 | ov_143 | 4.7344021355555096 × 10^278 |
| 142 | ov_142 | 6.060594840674448 × 10^278 |
| 141 | ov_141 | 7.634465915224898 × 10^278 |
| 140 | ov_140 | 9.4870679653067 × 10^278 |
| 139 | ov_139 | 1.1651250962521408 × 10^279 |
| 138 | ov_138 | 1.4161725273356927 × 10^279 |
| 137 | ov_137 | 1.7055138681710715 × 10^279 |
| 136 | ov_136 | 2.0370169292308458 × 10^279 |
| 135 | ov_135 | 2.4147636320557875 × 10^279 |
| 134 | ov_134 | 2.843063089419207 × 10^279 |
| 133 | ov_133 | 3.32646691145455 × 10^279 |
| 132 | ov_132 | 3.8697869751232736 × 10^279 |
| 131 | ov_131 | 4.4781158909482197 × 10^279 |
| 130 | ov_130 | 4.478119383198412 × 10^279 |
| 129 | ov_129 | 4.4781302697355917 × 10^279 |
| 128 | aaa_77_29 | 4.891381326322488 × 10^279 |
| 127 | aaa_77_28 | 1.3061192557209453 × 10^280 |
| 126 | ov_126 | 4.0932791982408377 × 10^280 |
| 125 | ov_125 | 9.201537530998561 × 10^280 |
| 124 | ov_124 | 1.7531786637818492 × 10^281 |
| 123 | ov_123 | 2.9984925911603936 × 10^281 |
| 122 | ov_122 | 4.746187670656608 × 10^281 |
| 121 | ov_121 | 7.086361397224389 × 10^281 |
| 120 | ov_120 | 1.0109122131748873 × 10^282 |
| 119 | ov_119 | 1.390459750065869 × 10^282 |
| 118 | ov_118 | 1.856294594697977 × 10^282 |
| 117 | ov_117 | 2.4174375173724306 × 10^282 |
| 116 | ov_116 | 3.0829180146261863 × 10^282 |
| 115 | ov_115 | 3.8617816524190625 × 10^282 |
| 114 | ov_114 | 4.7631019619186665 × 10^282 |
| 113 | ov_113 | 5.795997528822142 × 10^282 |
| 112 | ov_112 | 6.969654917359607 × 10^282 |
| 111 | ov_111 | 8.293358070510356 × 10^282 |
| 110 | ov_110 | 9.776524828691564 × 10^282 |
| 109 | ov_109 | 1.142875121048728 × 10^283 |
| 108 | ov_108 | 1.3259864101169233 × 10^283 |
| 107 | ov_107 | 1.5279982998164456 × 10^283 |
| 106 | ov_106 | 1.7499591467637257 × 10^283 |
| 105 | ov_105 | 1.9929617635639075 × 10^283 |
| 104 | ov_104 | 2.2581523046843864 × 10^283 |
| 103 | ov_103 | 2.5467401912041433 × 10^283 |
| 102 | ov_102 | 2.860009278182719 × 10^283 |
| 101 | ov_101 | 3.199330336666075 × 10^283 |
| 100 | ov_100 | 3.5661749248854713 × 10^283 |
| 96 | aaa_78_29 | 3.6371938185124646 × 10^283 |
| 99 | ov_099 | 3.962130726305334 × 10^283 |
| 98 | ov_098 | 3.962168500975613 × 10^283 |
| 97 | ov_097 | 3.962286880261918 × 10^283 |
| 95 | aaa_78_28 | 9.599002692693512 × 10^283 |
| 94 | ov_094 | 2.9843840261115286 × 10^284 |
| 93 | ov_093 | 6.6577332783538054 × 10^284 |
| 92 | ov_092 | 1.2603845026196135 × 10^285 |
| 91 | ov_091 | 2.1446692667788714 × 10^285 |
| 90 | ov_090 | 3.670722582176741 × 10^285 |
| 89 | ov_089 | 6.605214639120374 × 10^285 |
| 88 | ov_088 | 1.1839896064120175 × 10^286 |
| 87 | ov_087 | 2.0391931190154405 × 10^286 |
| 86 | ov_086 | 3.340445368790196 × 10^286 |
| 85 | ov_085 | 5.214741603251534 × 10^286 |
| 84 | ov_084 | 7.801880489154044 × 10^286 |
| 83 | ov_083 | 1.1254629452429692 × 10^287 |
| 82 | ov_082 | 1.5738941029133244 × 10^287 |
| 81 | ov_081 | 2.1434227438651077 × 10^287 |
| 80 | ov_080 | 2.8533700592662557 × 10^287 |
| 64 | lv_79_m31 | 3.0982874036847365 × 10^287 |
| 79 | ov_079 | 3.724478475694106 × 10^287 |
| 78 | ov_078 | 4.778960908909031 × 10^287 |
| 77 | ov_077 | 6.040558728590519 × 10^287 |
| 76 | ov_076 | 7.534609159276984 × 10^287 |
| 75 | ov_075 | 9.288122845822294 × 10^287 |
| 74 | ov_074 | 1.1329872316353934 × 10^288 |
| 73 | ov_073 | 1.3690492082482734 × 10^288 |
| 63 | ov_063 | 1.5914574150208977 × 10^288 |
| 72 | ov_072 | 1.6402591125929025 × 10^288 |
| 71 | ov_071 | 1.9500878533390838 × 10^288 |
| 70 | ov_070 | 2.3022303058032807 × 10^288 |
| 69 | ov_069 | 2.7006207407119157 × 10^288 |
| 68 | ov_068 | 3.1494498081787334 × 10^288 |
| 67 | ov_067 | 3.6531831627498396 × 10^288 |
| 66 | ov_066 | 3.653186048628701 × 10^288 |
| 65 | ov_065 | 3.653194953077305 × 10^288 |
| 62 | ov_062 | 7.200989978267829 × 10^288 |
| 61 | ov_061 | 2.385692934330053 × 10^289 |
| 60 | ov_060 | 6.374978809654435 × 10^289 |
| 59 | ov_059 | 1.4599838728716721 × 10^290 |
| 58 | ov_058 | 2.9715360467090705 × 10^290 |
| 57 | ov_057 | 5.511984321190132 × 10^290 |
| 56 | ov_056 | 9.495481537637498 × 10^290 |
| 55 | ov_055 | 1.5824660616391417 × 10^291 |
| 54 | ov_054 | 2.5550817644850377 × 10^291 |
| 53 | ov_053 | 3.9873935898615205 × 10^291 |
| 52 | ov_052 | 6.014272559465836 × 10^291 |
| 51 | ov_051 | 8.785468722608244 × 10^291 |
| 50 | ov_050 | 1.2465621920455754 × 10^292 |
| 49 | ov_049 | 1.723428129155939 × 10^292 |
| 48 | ov_048 | 2.3285939863259084 × 10^292 |
| 47 | ov_047 | 3.0830091865587417 × 10^292 |
| 32 | lv_80_k31 | 3.46814548075287 × 10^292 |
| 46 | ov_046 | 4.009132141034222 × 10^292 |
| 45 | ov_045 | 5.130943218981064 × 10^292 |
| 44 | ov_044 | 6.461590303494315 × 10^292 |
| 43 | ov_043 | 8.015010554816648 × 10^292 |
| 42 | ov_042 | 9.805948527658842 × 10^292 |
| 41 | ov_041 | 1.1864723701001664 × 10^293 |
| 40 | ov_040 | 1.4223344899070397 × 10^293 |
| 31 | ov_031 | 1.4318848502980006 × 10^293 |
| 39 | ov_039 | 1.6915573964815768 × 10^293 |
| 38 | ov_038 | 1.997700324495319 × 10^293 |
| 37 | ov_037 | 2.344514872599422 × 10^293 |
| 36 | ov_036 | 2.735956078587323 × 10^293 |
| 35 | ov_035 | 3.1761954656754293 × 10^293 |
| 34 | ov_034 | 3.669636283224144 × 10^293 |
| 33 | ov_033 | 4.220931179741098 × 10^293 |
| 30 | ov_030 | 5.910217556446811 × 10^293 |
| 29 | ov_029 | 1.785536556805113 × 10^294 |
| 28 | ov_028 | 4.331929770929536 × 10^294 |
| 27 | ov_027 | 8.995001652210835 × 10^294 |
| 26 | ov_026 | 1.871136251447679 × 10^295 |
| 25 | ov_025 | 4.0174173117114017 × 10^295 |
| 24 | ov_024 | 8.171650364349465 × 10^295 |
| 23 | ov_023 | 1.5331144168264175 × 10^296 |
| 22 | ov_022 | 2.6657234975325855 × 10^296 |
| 21 | ov_021 | 4.347533995738481 × 10^296 |
| 20 | ov_020 | 6.727505662691598 × 10^296 |
| 19 | ov_019 | 9.971033246573212 × 10^296 |
| 18 | ov_018 | 1.4259973906363053 × 10^297 |
| 17 | ov_017 | 1.979269041828739 × 10^297 |
| 16 | ov_016 | 2.678411765089072 × 10^297 |
| 15 | ov_015 | 3.5465861314039843 × 10^297 |
| 14 | ov_014 | 4.6086339176875546 × 10^297 |
| 13 | ov_013 | 5.89109761398749 × 10^297 |
| 12 | ov_012 | 7.42224657370828 × 10^297 |
| 11 | ov_011 | 9.232111183678483 × 10^297 |
| 10 | ov_010 | 1.1352526550341105 × 10^298 |
| 9 | ov_009 | 1.381718731818176 × 10^298 |
| 8 | ov_008 | 1.666171535694726 × 10^298 |
| 7 | ov_007 | 1.9923742051813533 × 10^298 |
| 6 | ov_006 | 2.3643006674329817 × 10^298 |
| 5 | ov_005 | 2.78614720339651 × 10^298 |
| 4 | ov_004 | 3.2623458705408777 × 10^298 |
| 3 | ov_003 | 3.797579964303505 × 10^298 |
| 2 | ov_002 | 4.396801753747474 × 10^298 |
| 1 | ov_001 | 5.062707009616971 × 10^298 |

