# Results for F001-F002-F003-F004-F005-F006-F007-F008-F009-F010-F011-F012-F013-F014-F015-F016-F017-F018-F019-F020-F021-F022-F023-F024-F025-F026-F027-F028-F029-F030-F031-F032-F033-F034-F035-F036-F037-F038-F039-F040-F041-F042-F043-F044-F045-F046-F047-F048-F049-F050-F051-F052-F053-F054-F055-F056-F057-F058-F059-F060-F061-F062-F063-F064-F065-F066-F067-F068-F069-F070-F071-F072-F073-F074-F075-F076-F077-F078-F079-F080-F081-F082-F083-F084-F085-F086-F087-F088-F089-F090-F091-F092-F093-F094-F095-F096-F097-F098-F099-F100-F101-F102-F103-F104-F105-F106-F107-F108-F109-F110-F111-F112-F113-F114-F115-F116-F117-F118-F119-F120-F121-F122-F123-F124-F125-F126-F127-F128-F129-F130-F131-F132-F133-F134-F135-F136-F137-F138-F139-F140-F141-F142-F143-F144-F145-F146-F147-F148-F149-F150-F151-F152-F153-F154-F155-F156-F157-F158-F159-F160-F161-F162-F163-F164-F165-F166-F167-F168-F169-F170-F171-F172-F173-F174-F175-F176-F177-F178-F179-F180-F181-F182-F183-F184-F185-F186-F187-F188-F189-F190-F191-F192-F193-F194-F195-F196-F197-F198-F199-F200-F201-F202-F203-F204-F205-F206-F207-F208-F209-F210-F211-F212-F213-F214-F215-F216-F217-F218-F219-F220-F221-F222-F223-F224-F225-F226-F227-F228-F229-F230-F231-F232-F233-F234-F235-F236-F237-F238-F239-F240-F241-F242-F243-F244-F245-F246-F247-F248-F249-F250-F251-F252-F253-F254-F255-F256-F257-F258-F259-F260-F261-F262-F263-F264-F265-F266-F267-F268-F269-F270-F271-F272-F273-F274-F275-F276-F277-F278-F279-F280-F281-F282-F283-F284-F285-F286-F287-F288-F289-F290-F291-F292-F293-F294-F295-F296-F297-F298-F299-F300-F301-F302-F303-F304-F305-F306-F307-F308-F309-F310-F311-F312-F313-F314-F315-F316-F317-F318-F319-F320-F321-F322-F323-F324-F325-F326-F327-F328-F329-F330-F331-F332-F333-F334-F335-F336-F337-F338-F339-F340-F341-F342-F343-F344-F345-F346-F347-F348-F349-F350-F351-F352-F353-F354-F355-F356-F357-F358-F359-F360-F361-F362-F363-F364-F365-F366-F367-F368-F369-F370-F371-F372-F373-F374-F375-F376-F377-F378-F379-F380-F381-F382-F383-F384-F385-F386-F387-F388-F389-F390-F391-F392-F393-F394-F395-F396-F397-F398-F399-F400-F401-F402-F403-F404-F405-F406-F407-F408-F409-F410-F411-F412-F413-F414-F415-F416-F417-F418-F419-F420-F421-F422-F423-F424-F425-F426-F427-F428-F429-F430-F431-F432-F433-F434-F435-F436-F437-F438-F439-F440-F441-F442-F443-F444-F445-F446-F447-F448-F449-F450-F451-F452-F453-F454-F455-F456-F457-F458-F459-F460-F461-F462-F463-F464-F465-F466-F467-F468-F469-F470-F471-F472-F473-F474-F475-F476-F477-F478-F479-F480-F481-F482-F483-F484-F485-F486-F487-F488-F489-F490-F491-F492-F493-F494-F495-F496-E499505-E499508-F509-F510-F511-F512

## Summary

Number of input bits: 512  
Number of free input bits: 10  
Number of output bits: 160

Number of direct occurrences: 40148  
Number of assignments: 31046  
Number of operations: 10815312
(xor: 10787292,
and: 14734,
or: 13286)

Total complexity: 5.3094246215755317 × 10^297

Least occurring input variable: iv_502 (3834)  
Most occurring input variable: iv_499 (4341)

Most co-occurring input variables: iv_499-iv_507 (2022)  
Least co-occurring input variables: iv_498-iv_502 (1738)

Potentially most occurring input variable: iv_499/iv_506 (4627)  
Potentially least occurring input variable: iv_504/iv_506 (4081)

Least output occurring input variable: iv_499 (68)  
Most output occurring input variable: iv_497 (93)

Most output co-occurring input variables: iv_497-iv_502 (52)  
Least output co-occurring input variables: iv_499-iv_507 (26)

Potentially most output occurring input variable: iv_499/iv_507 (92)  
Potentially least output occurring input variable: iv_499/iv_500 (70)

Least complex input bit: iv_497 (1.8843574895256655 × 10^295)  
Most complex input bit: iv_499 (2.1034349252699144 × 10^297)

Least complex output bit: aaa_76_29 (1.1953185773989146 × 10^273)  
Most complex output bit: ov_001 (8.492881737242556 × 10^296)

Least complex input/output complexity: iv_497/aaa_76_29 (4.242281742804778 × 10^270)  
Most complex input/output complexity: iv_499/ov_001 (3.3646252344763296 × 10^296)

## Input Bits

### Input Bits in Regular Order

| Input Bit | Complexity | Occurrences | Output Occurrences |
|:---------:|:----------:|:-----------:|:------------------:|
| iv_497 | 1.8843574895256655 × 10^295 | 4090 | 93 |
| iv_498 | 3.770897581763193 × 10^295 | 3887 | 88 |
| iv_499 | 2.1034349252699144 × 10^297 | 4341 | 68 |
| iv_500 | 1.120876066507847 × 10^296 | 4058 | 76 |
| iv_501 | 1.8450045716272065 × 10^296 | 4028 | 83 |
| iv_502 | 2.9743239313010793 × 10^296 | 3834 | 82 |
| iv_503 | 4.710618152562019 × 10^296 | 4002 | 75 |
| iv_504 | 7.316070809433167 × 10^296 | 3869 | 78 |
| iv_506 | 5.5829878106857405 × 10^296 | 3902 | 82 |
| iv_507 | 7.94449011381034 × 10^296 | 4137 | 76 |

### Input Bits Sorted by Complexity

| Input Bit | Complexity | Occurrences | Output Occurrences |
|:---------:|:----------:|:-----------:|:------------------:|
| iv_497 | 1.8843574895256655 × 10^295 | 4090 | 93 |
| iv_498 | 3.770897581763193 × 10^295 | 3887 | 88 |
| iv_500 | 1.120876066507847 × 10^296 | 4058 | 76 |
| iv_501 | 1.8450045716272065 × 10^296 | 4028 | 83 |
| iv_502 | 2.9743239313010793 × 10^296 | 3834 | 82 |
| iv_503 | 4.710618152562019 × 10^296 | 4002 | 75 |
| iv_506 | 5.5829878106857405 × 10^296 | 3902 | 82 |
| iv_504 | 7.316070809433167 × 10^296 | 3869 | 78 |
| iv_507 | 7.94449011381034 × 10^296 | 4137 | 76 |
| iv_499 | 2.1034349252699144 × 10^297 | 4341 | 68 |

### Input Bits Sorted by Occurrences

| Input Bit | Complexity | Occurrences | Output Occurrences |
|:---------:|:----------:|:-----------:|:------------------:|
| iv_502 | 2.9743239313010793 × 10^296 | 3834 | 82 |
| iv_504 | 7.316070809433167 × 10^296 | 3869 | 78 |
| iv_498 | 3.770897581763193 × 10^295 | 3887 | 88 |
| iv_506 | 5.5829878106857405 × 10^296 | 3902 | 82 |
| iv_503 | 4.710618152562019 × 10^296 | 4002 | 75 |
| iv_501 | 1.8450045716272065 × 10^296 | 4028 | 83 |
| iv_500 | 1.120876066507847 × 10^296 | 4058 | 76 |
| iv_497 | 1.8843574895256655 × 10^295 | 4090 | 93 |
| iv_507 | 7.94449011381034 × 10^296 | 4137 | 76 |
| iv_499 | 2.1034349252699144 × 10^297 | 4341 | 68 |

### Input Bits Sorted by Output Occurrences

| Input Bit | Complexity | Occurrences | Output Occurrences |
|:---------:|:----------:|:-----------:|:------------------:|
| iv_499 | 2.1034349252699144 × 10^297 | 4341 | 68 |
| iv_503 | 4.710618152562019 × 10^296 | 4002 | 75 |
| iv_500 | 1.120876066507847 × 10^296 | 4058 | 76 |
| iv_507 | 7.94449011381034 × 10^296 | 4137 | 76 |
| iv_504 | 7.316070809433167 × 10^296 | 3869 | 78 |
| iv_502 | 2.9743239313010793 × 10^296 | 3834 | 82 |
| iv_506 | 5.5829878106857405 × 10^296 | 3902 | 82 |
| iv_501 | 1.8450045716272065 × 10^296 | 4028 | 83 |
| iv_498 | 3.770897581763193 × 10^295 | 3887 | 88 |
| iv_497 | 1.8843574895256655 × 10^295 | 4090 | 93 |

## Input Bit Co-occurrences

### Input Bit Co-occurrences Sorted by Co-occurrences

| Input Bits | Co-occurrences | Potential Occurrences | Output Co-occurrences | Potential Output Occurrences |
|:----------:|:--------------:|:---------------------:|:---------------------:|:----------------------------:|
| iv_499-iv_507 | 2022 | 4434 | 26 | 92 |
| iv_497-iv_507 | 2018 | 4191 | 44 | 81 |
| iv_499-iv_500 | 1992 | 4415 | 37 | 70 |
| iv_497-iv_499 | 1988 | 4455 | 43 | 75 |
| iv_497-iv_501 | 1980 | 4158 | 48 | 80 |
| iv_497-iv_500 | 1961 | 4226 | 39 | 91 |
| iv_497-iv_503 | 1959 | 4174 | 46 | 76 |
| iv_500-iv_507 | 1959 | 4277 | 35 | 82 |
| iv_506-iv_507 | 1954 | 4131 | 39 | 80 |
| iv_500-iv_501 | 1943 | 4200 | 41 | 77 |

### Input Bit Co-occurrences Sorted by Potential Occurrences

| Input Bits | Co-occurrences | Potential Occurrences | Output Co-occurrences | Potential Output Occurrences |
|:----------:|:--------------:|:---------------------:|:---------------------:|:----------------------------:|
| iv_504-iv_506 | 1845 | 4081 | 42 | 76 |
| iv_498-iv_504 | 1813 | 4130 | 46 | 74 |
| iv_506-iv_507 | 1954 | 4131 | 39 | 80 |
| iv_497-iv_506 | 1922 | 4148 | 51 | 73 |
| iv_498-iv_506 | 1819 | 4151 | 41 | 88 |
| iv_497-iv_501 | 1980 | 4158 | 48 | 80 |
| iv_497-iv_502 | 1882 | 4160 | 52 | 71 |
| iv_497-iv_504 | 1899 | 4161 | 50 | 71 |
| iv_502-iv_504 | 1771 | 4161 | 42 | 76 |
| iv_502-iv_506 | 1786 | 4164 | 44 | 76 |

### Input Bit Output Co-occurrences Sorted by Output Co-occurrences

| Input Bits | Co-occurrences | Potential Occurrences | Output Co-occurrences | Potential Output Occurrences |
|:----------:|:--------------:|:---------------------:|:---------------------:|:----------------------------:|
| iv_497-iv_502 | 1882 | 4160 | 52 | 71 |
| iv_497-iv_506 | 1922 | 4148 | 51 | 73 |
| iv_497-iv_504 | 1899 | 4161 | 50 | 71 |
| iv_497-iv_498 | 1867 | 4243 | 50 | 81 |
| iv_498-iv_501 | 1843 | 4229 | 48 | 75 |
| iv_497-iv_501 | 1980 | 4158 | 48 | 80 |
| iv_498-iv_502 | 1738 | 4245 | 46 | 78 |
| iv_498-iv_504 | 1813 | 4130 | 46 | 74 |
| iv_497-iv_503 | 1959 | 4174 | 46 | 76 |
| iv_501-iv_506 | 1835 | 4260 | 44 | 77 |

### Input Bit Output Co-occurrences Sorted by Potential Output Occurrences

| Input Bits | Co-occurrences | Potential Occurrences | Output Co-occurrences | Potential Output Occurrences |
|:----------:|:--------------:|:---------------------:|:---------------------:|:----------------------------:|
| iv_499-iv_500 | 1992 | 4415 | 37 | 70 |
| iv_497-iv_504 | 1899 | 4161 | 50 | 71 |
| iv_497-iv_502 | 1882 | 4160 | 52 | 71 |
| iv_497-iv_506 | 1922 | 4148 | 51 | 73 |
| iv_500-iv_503 | 1918 | 4224 | 39 | 73 |
| iv_498-iv_504 | 1813 | 4130 | 46 | 74 |
| iv_502-iv_507 | 1873 | 4225 | 42 | 74 |
| iv_499-iv_506 | 1808 | 4627 | 38 | 74 |
| iv_499-iv_502 | 1805 | 4565 | 38 | 74 |
| iv_498-iv_501 | 1843 | 4229 | 48 | 75 |

## Output Bits

### Output Bits in Regular Order

| Rank | Output Bit | Complexity |
|:----:|:----------:|:----------:|
| 1 | ov_001 | 8.492881737242556 × 10^296 |
| 2 | ov_002 | 7.365240055963424 × 10^296 |
| 3 | ov_003 | 6.355083307354812 × 10^296 |
| 4 | ov_004 | 5.4535094384636 × 10^296 |
| 5 | ov_005 | 4.652101776180111 × 10^296 |
| 6 | ov_006 | 3.9428944181804455 × 10^296 |
| 7 | ov_007 | 3.3183420922423046 × 10^296 |
| 8 | ov_008 | 2.7712941935918118 × 10^296 |
| 9 | ov_009 | 2.294972676983791 × 10^296 |
| 10 | ov_010 | 1.882953420914841 × 10^296 |
| 11 | ov_011 | 1.5291506769701279 × 10^296 |
| 12 | ov_012 | 1.227804239410723 × 10^296 |
| 13 | ov_013 | 9.734689918000925 × 10^295 |
| 14 | ov_014 | 7.610065088413589 × 10^295 |
| 15 | ov_015 | 5.855784127297877 × 10^295 |
| 16 | ov_016 | 4.426412042806352 × 10^295 |
| 17 | ov_017 | 3.279423099200624 × 10^295 |
| 18 | ov_018 | 2.375171063631525 × 10^295 |
| 19 | ov_019 | 1.6768670547525434 × 10^295 |
| 20 | ov_020 | 1.150563121714695 × 10^295 |
| 21 | ov_021 | 7.651401671411591 × 10^294 |
| 22 | ov_022 | 4.922992739847363 × 10^294 |
| 23 | ov_023 | 3.0655570920110383 × 10^294 |
| 24 | ov_024 | 1.8523497999344446 × 10^294 |
| 25 | ov_025 | 1.0847042118527125 × 10^294 |
| 26 | ov_026 | 5.920187399078152 × 10^293 |
| 27 | ov_027 | 2.9600775879156 × 10^293 |
| 28 | ov_028 | 1.3241415564361982 × 10^293 |
| 29 | ov_029 | 5.100870564137635 × 10^292 |
| 30 | ov_030 | 1.5589908350626343 × 10^292 |
| 31 | ov_031 | 3.04001148225308 × 10^291 |
| 32 | lv_80_m31 | 5.926983759170469 × 10^290 |
| 33 | ov_033 | 7.10155497431802 × 10^291 |
| 34 | ov_034 | 6.157611684459832 × 10^291 |
| 35 | ov_035 | 5.3131911425639807 × 10^291 |
| 36 | ov_036 | 4.560200636026937 × 10^291 |
| 37 | ov_037 | 3.890982657637611 × 10^291 |
| 38 | ov_038 | 3.298284281670733 × 10^291 |
| 39 | ov_039 | 2.7752307289950107 × 10^291 |
| 40 | ov_040 | 2.315302709829086 × 10^291 |
| 41 | ov_041 | 1.912317157877396 × 10^291 |
| 42 | ov_042 | 1.5632643879023168 × 10^291 |
| 43 | ov_043 | 1.265291005374074 × 10^291 |
| 44 | ov_044 | 1.0131356308394122 × 10^291 |
| 45 | ov_045 | 8.018230430089105 × 10^290 |
| 46 | ov_046 | 6.266568713623834 × 10^290 |
| 47 | ov_047 | 4.832138268881823 × 10^290 |
| 48 | ov_048 | 3.673392318674278 × 10^290 |
| 49 | ov_049 | 2.751436280709849 × 10^290 |
| 50 | ov_050 | 2.0300026085248914 × 10^290 |
| 51 | ov_051 | 1.475432544703181 × 10^290 |
| 52 | ov_052 | 1.0566631162048489 × 10^290 |
| 53 | ov_053 | 7.452179483837627 × 10^289 |
| 54 | ov_054 | 5.152008526657573 × 10^289 |
| 55 | ov_055 | 3.4329148819804097 × 10^289 |
| 56 | ov_056 | 2.184732158825218 × 10^289 |
| 57 | ov_057 | 1.310153867484545 × 10^289 |
| 58 | ov_058 | 7.247271884867958 × 10^288 |
| 59 | ov_059 | 3.56849663101534 × 10^288 |
| 60 | ov_060 | 1.477676575739793 × 10^288 |
| 61 | ov_061 | 5.157579689224935 × 10^287 |
| 62 | ov_062 | 1.4137129722829008 × 10^287 |
| 63 | ov_063 | 2.7531046344753996 × 10^286 |
| 64 | lv_79_m31 | 5.36028804077078 × 10^285 |
| 65 | ov_065 | 6.36738523100587 × 10^286 |
| 66 | ov_066 | 6.367364841244717 × 10^286 |
| 67 | ov_067 | 6.367359850762177 × 10^286 |
| 68 | ov_068 | 5.496863187618268 × 10^286 |
| 69 | ov_069 | 4.721099025263476 × 10^286 |
| 70 | ov_070 | 4.032345518832209 × 10^286 |
| 71 | ov_071 | 3.423356102539886 × 10^286 |
| 72 | ov_072 | 2.8873272978093014 × 10^286 |
| 73 | ov_073 | 2.417869364097779 × 10^286 |
| 74 | ov_074 | 2.0089796429771182 × 10^286 |
| 75 | ov_075 | 1.6550184516235728 × 10^286 |
| 76 | ov_076 | 1.3506873864542901 × 10^286 |
| 77 | ov_077 | 1.0910099013345458 × 10^286 |
| 78 | ov_078 | 8.713140277030767 × 10^285 |
| 79 | ov_079 | 6.872171062380887 × 10^285 |
| 80 | ov_080 | 5.346124014229693 × 10^285 |
| 81 | ov_081 | 4.096574716683633 × 10^285 |
| 82 | ov_082 | 3.087641685975061 × 10^285 |
| 83 | ov_083 | 2.2859013978641426 × 10^285 |
| 84 | ov_084 | 1.6603170973861217 × 10^285 |
| 85 | ov_085 | 1.1821801421773622 × 10^285 |
| 86 | ov_086 | 8.250626329743462 × 10^284 |
| 87 | ov_087 | 5.6478008643752814 × 10^284 |
| 88 | ov_088 | 3.793629064258175 × 10^284 |
| 89 | ov_089 | 2.4903541041487688 × 10^284 |
| 90 | ov_090 | 1.5620116805380342 × 10^284 |
| 91 | ov_091 | 9.260530019793245 × 10^283 |
| 92 | ov_092 | 5.107591564855372 × 10^283 |
| 93 | ov_093 | 2.5522040055672593 × 10^283 |
| 94 | ov_094 | 1.09325981591325 × 10^283 |
| 95 | aaa_78_28 | 3.3759982535736476 × 10^282 |
| 96 | aaa_78_29 | 1.036839590139649 × 10^282 |
| 97 | ov_097 | 6.848197236979854 × 10^281 |
| 98 | ov_098 | 6.847992504017276 × 10^281 |
| 99 | ov_099 | 6.847927142331648 × 10^281 |
| 100 | ov_100 | 6.162723276763078 × 10^281 |
| 101 | ov_101 | 5.528002169071831 × 10^281 |
| 102 | ov_102 | 4.941004798350812 × 10^281 |
| 103 | ov_103 | 4.399173447053169 × 10^281 |
| 104 | ov_104 | 3.9001251925044334 × 10^281 |
| 105 | ov_105 | 3.441627837498918 × 10^281 |
| 106 | ov_106 | 3.0215781556636512 × 10^281 |
| 107 | ov_107 | 2.637982331499616 × 10^281 |
| 108 | ov_108 | 2.2889384783515848 × 10^281 |
| 109 | ov_109 | 1.972621120145381 × 10^281 |
| 110 | ov_110 | 1.6872675246807 × 10^281 |
| 111 | ov_111 | 1.4311657776898556 × 10^281 |
| 112 | ov_112 | 1.2026444878707608 × 10^281 |
| 113 | ov_113 | 1.000064013770839 × 10^281 |
| 114 | ov_114 | 8.218091038238095 × 10^280 |
| 115 | ov_115 | 6.662828411007867 × 10^280 |
| 116 | ov_116 | 5.319017844953648 × 10^280 |
| 117 | ov_117 | 4.170921981644825 × 10^280 |
| 118 | ov_118 | 3.202872611172384 × 10^280 |
| 119 | ov_119 | 2.3992506013768386 × 10^280 |
| 120 | ov_120 | 1.744470940045198 × 10^280 |
| 121 | ov_121 | 1.2229713274373106 × 10^280 |
| 122 | ov_122 | 8.192037791367366 × 10^279 |
| 123 | ov_123 | 5.1762869925783136 × 10^279 |
| 124 | ov_124 | 3.027108840482578 × 10^279 |
| 125 | ov_125 | 1.5891704721103474 × 10^279 |
| 126 | ov_126 | 7.071455820779744 × 10^278 |
| 127 | aaa_77_28 | 2.257095822029539 × 10^278 |
| 128 | aaa_77_29 | 8.456252151943704 × 10^277 |
| 129 | ov_129 | 7.776905647433074 × 10^277 |
| 130 | ov_130 | 7.776882386359024 × 10^277 |
| 131 | ov_131 | 7.776876768365601 × 10^277 |
| 132 | ov_132 | 6.730699725806728 × 10^277 |
| 133 | ov_133 | 5.794747896373338 × 10^277 |
| 134 | ov_134 | 4.960676448678984 × 10^277 |
| 135 | ov_135 | 4.2205805356100305 × 10^277 |
| 136 | ov_136 | 3.566963679275209 × 10^277 |
| 137 | ov_137 | 2.9927107223623194 × 10^277 |
| 138 | ov_138 | 2.491064898189308 × 10^277 |
| 139 | ov_139 | 2.0556085942189093 × 10^277 |
| 140 | ov_140 | 1.6802474057059826 × 10^277 |
| 141 | ov_141 | 1.3591970976095828 × 10^277 |
| 142 | ov_142 | 1.0869731140467106 × 10^277 |
| 143 | ov_143 | 8.583822954867934 × 10^276 |
| 144 | ov_144 | 6.685164846581933 × 10^276 |
| 145 | ov_145 | 5.127477228130439 × 10^276 |
| 146 | ov_146 | 3.867247586091081 × 10^276 |
| 147 | ov_147 | 2.8637061243790635 × 10^276 |
| 148 | ov_148 | 2.0788095956882113 × 10^276 |
| 149 | ov_149 | 1.4772311599674789 × 10^276 |
| 150 | ov_150 | 1.0263543138175543 × 10^276 |
| 151 | ov_151 | 6.962692234312888 × 10^275 |
| 152 | ov_152 | 4.597703083253317 × 10^275 |
| 153 | ov_153 | 2.923545286212285 × 10^275 |
| 154 | ov_154 | 1.7222018965011883 × 10^275 |
| 155 | ov_155 | 8.914165682386662 × 10^274 |
| 156 | aaa_76_25 | 3.4243441368807054 × 10^274 |
| 157 | aaa_76_26 | 1.976431448627833 × 10^274 |
| 158 | aaa_76_27 | 1.0110988414153108 × 10^274 |
| 159 | aaa_76_28 | 3.933624057389786 × 10^273 |
| 160 | aaa_76_29 | 1.1953185773989146 × 10^273 |

### Output Bits Sorted by Complexity

| Rank | Output Bit | Complexity |
|:----:|:----------:|:----------:|
| 160 | aaa_76_29 | 1.1953185773989146 × 10^273 |
| 159 | aaa_76_28 | 3.933624057389786 × 10^273 |
| 158 | aaa_76_27 | 1.0110988414153108 × 10^274 |
| 157 | aaa_76_26 | 1.976431448627833 × 10^274 |
| 156 | aaa_76_25 | 3.4243441368807054 × 10^274 |
| 155 | ov_155 | 8.914165682386662 × 10^274 |
| 154 | ov_154 | 1.7222018965011883 × 10^275 |
| 153 | ov_153 | 2.923545286212285 × 10^275 |
| 152 | ov_152 | 4.597703083253317 × 10^275 |
| 151 | ov_151 | 6.962692234312888 × 10^275 |
| 150 | ov_150 | 1.0263543138175543 × 10^276 |
| 149 | ov_149 | 1.4772311599674789 × 10^276 |
| 148 | ov_148 | 2.0788095956882113 × 10^276 |
| 147 | ov_147 | 2.8637061243790635 × 10^276 |
| 146 | ov_146 | 3.867247586091081 × 10^276 |
| 145 | ov_145 | 5.127477228130439 × 10^276 |
| 144 | ov_144 | 6.685164846581933 × 10^276 |
| 143 | ov_143 | 8.583822954867934 × 10^276 |
| 142 | ov_142 | 1.0869731140467106 × 10^277 |
| 141 | ov_141 | 1.3591970976095828 × 10^277 |
| 140 | ov_140 | 1.6802474057059826 × 10^277 |
| 139 | ov_139 | 2.0556085942189093 × 10^277 |
| 138 | ov_138 | 2.491064898189308 × 10^277 |
| 137 | ov_137 | 2.9927107223623194 × 10^277 |
| 136 | ov_136 | 3.566963679275209 × 10^277 |
| 135 | ov_135 | 4.2205805356100305 × 10^277 |
| 134 | ov_134 | 4.960676448678984 × 10^277 |
| 133 | ov_133 | 5.794747896373338 × 10^277 |
| 132 | ov_132 | 6.730699725806728 × 10^277 |
| 131 | ov_131 | 7.776876768365601 × 10^277 |
| 130 | ov_130 | 7.776882386359024 × 10^277 |
| 129 | ov_129 | 7.776905647433074 × 10^277 |
| 128 | aaa_77_29 | 8.456252151943704 × 10^277 |
| 127 | aaa_77_28 | 2.257095822029539 × 10^278 |
| 126 | ov_126 | 7.071455820779744 × 10^278 |
| 125 | ov_125 | 1.5891704721103474 × 10^279 |
| 124 | ov_124 | 3.027108840482578 × 10^279 |
| 123 | ov_123 | 5.1762869925783136 × 10^279 |
| 122 | ov_122 | 8.192037791367366 × 10^279 |
| 121 | ov_121 | 1.2229713274373106 × 10^280 |
| 120 | ov_120 | 1.744470940045198 × 10^280 |
| 119 | ov_119 | 2.3992506013768386 × 10^280 |
| 118 | ov_118 | 3.202872611172384 × 10^280 |
| 117 | ov_117 | 4.170921981644825 × 10^280 |
| 116 | ov_116 | 5.319017844953648 × 10^280 |
| 115 | ov_115 | 6.662828411007867 × 10^280 |
| 114 | ov_114 | 8.218091038238095 × 10^280 |
| 113 | ov_113 | 1.000064013770839 × 10^281 |
| 112 | ov_112 | 1.2026444878707608 × 10^281 |
| 111 | ov_111 | 1.4311657776898556 × 10^281 |
| 110 | ov_110 | 1.6872675246807 × 10^281 |
| 109 | ov_109 | 1.972621120145381 × 10^281 |
| 108 | ov_108 | 2.2889384783515848 × 10^281 |
| 107 | ov_107 | 2.637982331499616 × 10^281 |
| 106 | ov_106 | 3.0215781556636512 × 10^281 |
| 105 | ov_105 | 3.441627837498918 × 10^281 |
| 104 | ov_104 | 3.9001251925044334 × 10^281 |
| 103 | ov_103 | 4.399173447053169 × 10^281 |
| 102 | ov_102 | 4.941004798350812 × 10^281 |
| 101 | ov_101 | 5.528002169071831 × 10^281 |
| 100 | ov_100 | 6.162723276763078 × 10^281 |
| 99 | ov_099 | 6.847927142331648 × 10^281 |
| 98 | ov_098 | 6.847992504017276 × 10^281 |
| 97 | ov_097 | 6.848197236979854 × 10^281 |
| 96 | aaa_78_29 | 1.036839590139649 × 10^282 |
| 95 | aaa_78_28 | 3.3759982535736476 × 10^282 |
| 94 | ov_094 | 1.09325981591325 × 10^283 |
| 93 | ov_093 | 2.5522040055672593 × 10^283 |
| 92 | ov_092 | 5.107591564855372 × 10^283 |
| 91 | ov_091 | 9.260530019793245 × 10^283 |
| 90 | ov_090 | 1.5620116805380342 × 10^284 |
| 89 | ov_089 | 2.4903541041487688 × 10^284 |
| 88 | ov_088 | 3.793629064258175 × 10^284 |
| 87 | ov_087 | 5.6478008643752814 × 10^284 |
| 86 | ov_086 | 8.250626329743462 × 10^284 |
| 85 | ov_085 | 1.1821801421773622 × 10^285 |
| 84 | ov_084 | 1.6603170973861217 × 10^285 |
| 83 | ov_083 | 2.2859013978641426 × 10^285 |
| 82 | ov_082 | 3.087641685975061 × 10^285 |
| 81 | ov_081 | 4.096574716683633 × 10^285 |
| 80 | ov_080 | 5.346124014229693 × 10^285 |
| 64 | lv_79_m31 | 5.36028804077078 × 10^285 |
| 79 | ov_079 | 6.872171062380887 × 10^285 |
| 78 | ov_078 | 8.713140277030767 × 10^285 |
| 77 | ov_077 | 1.0910099013345458 × 10^286 |
| 76 | ov_076 | 1.3506873864542901 × 10^286 |
| 75 | ov_075 | 1.6550184516235728 × 10^286 |
| 74 | ov_074 | 2.0089796429771182 × 10^286 |
| 73 | ov_073 | 2.417869364097779 × 10^286 |
| 63 | ov_063 | 2.7531046344753996 × 10^286 |
| 72 | ov_072 | 2.8873272978093014 × 10^286 |
| 71 | ov_071 | 3.423356102539886 × 10^286 |
| 70 | ov_070 | 4.032345518832209 × 10^286 |
| 69 | ov_069 | 4.721099025263476 × 10^286 |
| 68 | ov_068 | 5.496863187618268 × 10^286 |
| 67 | ov_067 | 6.367359850762177 × 10^286 |
| 66 | ov_066 | 6.367364841244717 × 10^286 |
| 65 | ov_065 | 6.36738523100587 × 10^286 |
| 62 | ov_062 | 1.4137129722829008 × 10^287 |
| 61 | ov_061 | 5.157579689224935 × 10^287 |
| 60 | ov_060 | 1.477676575739793 × 10^288 |
| 59 | ov_059 | 3.56849663101534 × 10^288 |
| 58 | ov_058 | 7.247271884867958 × 10^288 |
| 57 | ov_057 | 1.310153867484545 × 10^289 |
| 56 | ov_056 | 2.184732158825218 × 10^289 |
| 55 | ov_055 | 3.4329148819804097 × 10^289 |
| 54 | ov_054 | 5.152008526657573 × 10^289 |
| 53 | ov_053 | 7.452179483837627 × 10^289 |
| 52 | ov_052 | 1.0566631162048489 × 10^290 |
| 51 | ov_051 | 1.475432544703181 × 10^290 |
| 50 | ov_050 | 2.0300026085248914 × 10^290 |
| 49 | ov_049 | 2.751436280709849 × 10^290 |
| 48 | ov_048 | 3.673392318674278 × 10^290 |
| 47 | ov_047 | 4.832138268881823 × 10^290 |
| 32 | lv_80_m31 | 5.926983759170469 × 10^290 |
| 46 | ov_046 | 6.266568713623834 × 10^290 |
| 45 | ov_045 | 8.018230430089105 × 10^290 |
| 44 | ov_044 | 1.0131356308394122 × 10^291 |
| 43 | ov_043 | 1.265291005374074 × 10^291 |
| 42 | ov_042 | 1.5632643879023168 × 10^291 |
| 41 | ov_041 | 1.912317157877396 × 10^291 |
| 40 | ov_040 | 2.315302709829086 × 10^291 |
| 39 | ov_039 | 2.7752307289950107 × 10^291 |
| 31 | ov_031 | 3.04001148225308 × 10^291 |
| 38 | ov_038 | 3.298284281670733 × 10^291 |
| 37 | ov_037 | 3.890982657637611 × 10^291 |
| 36 | ov_036 | 4.560200636026937 × 10^291 |
| 35 | ov_035 | 5.3131911425639807 × 10^291 |
| 34 | ov_034 | 6.157611684459832 × 10^291 |
| 33 | ov_033 | 7.10155497431802 × 10^291 |
| 30 | ov_030 | 1.5589908350626343 × 10^292 |
| 29 | ov_029 | 5.100870564137635 × 10^292 |
| 28 | ov_028 | 1.3241415564361982 × 10^293 |
| 27 | ov_027 | 2.9600775879156 × 10^293 |
| 26 | ov_026 | 5.920187399078152 × 10^293 |
| 25 | ov_025 | 1.0847042118527125 × 10^294 |
| 24 | ov_024 | 1.8523497999344446 × 10^294 |
| 23 | ov_023 | 3.0655570920110383 × 10^294 |
| 22 | ov_022 | 4.922992739847363 × 10^294 |
| 21 | ov_021 | 7.651401671411591 × 10^294 |
| 20 | ov_020 | 1.150563121714695 × 10^295 |
| 19 | ov_019 | 1.6768670547525434 × 10^295 |
| 18 | ov_018 | 2.375171063631525 × 10^295 |
| 17 | ov_017 | 3.279423099200624 × 10^295 |
| 16 | ov_016 | 4.426412042806352 × 10^295 |
| 15 | ov_015 | 5.855784127297877 × 10^295 |
| 14 | ov_014 | 7.610065088413589 × 10^295 |
| 13 | ov_013 | 9.734689918000925 × 10^295 |
| 12 | ov_012 | 1.227804239410723 × 10^296 |
| 11 | ov_011 | 1.5291506769701279 × 10^296 |
| 10 | ov_010 | 1.882953420914841 × 10^296 |
| 9 | ov_009 | 2.294972676983791 × 10^296 |
| 8 | ov_008 | 2.7712941935918118 × 10^296 |
| 7 | ov_007 | 3.3183420922423046 × 10^296 |
| 6 | ov_006 | 3.9428944181804455 × 10^296 |
| 5 | ov_005 | 4.652101776180111 × 10^296 |
| 4 | ov_004 | 5.4535094384636 × 10^296 |
| 3 | ov_003 | 6.355083307354812 × 10^296 |
| 2 | ov_002 | 7.365240055963424 × 10^296 |
| 1 | ov_001 | 8.492881737242556 × 10^296 |

