# Results for O003006-E009012-F013-F014-F015-F016-F017-F018-F019-F020-F021-F022-F023-F024-F025-F026-F027-F028-F029-F030-F031-F032-F033-F034-F035-F036-F037-F038-F039-F040-F041-F042-F043-F044-F045-F046-F047-F048-F049-F050-F051-F052-F053-F054-F055-F056-F057-F058-F059-F060-F061-F062-F063-F064-F065-F066-F067-F068-F069-F070-F071-F072-F073-F074-F075-F076-F077-F078-F079-F080-F081-F082-F083-F084-F085-F086-F087-F088-F089-F090-F091-F092-F093-F094-F095-F096-F097-F098-F099-F100-F101-F102-F103-F104-F105-F106-F107-F108-F109-F110-F111-F112-F113-F114-F115-F116-F117-F118-F119-F120-F121-F122-F123-F124-F125-F126-F127-F128-F129-F130-F131-F132-F133-F134-F135-F136-F137-F138-F139-F140-F141-F142-F143-F144-F145-F146-F147-F148-F149-F150-F151-F152-F153-F154-F155-F156-F157-F158-F159-F160-F161-F162-F163-F164-F165-F166-F167-F168-F169-F170-F171-F172-F173-F174-F175-F176-F177-F178-F179-F180-F181-F182-F183-F184-F185-F186-F187-F188-F189-F190-F191-F192-F193-F194-F195-F196-F197-F198-F199-F200-F201-F202-F203-F204-F205-F206-F207-F208-F209-F210-F211-F212-F213-F214-F215-F216-F217-F218-F219-F220-F221-F222-F223-F224-F225-F226-F227-F228-F229-F230-F231-F232-F233-F234-F235-F236-F237-F238-F239-F240-F241-F242-F243-F244-F245-F246-F247-F248-F249-F250-F251-F252-F253-F254-F255-F256-F257-F258-F259-F260-F261-F262-F263-F264-F265-F266-F267-F268-F269-F270-F271-F272-F273-F274-F275-F276-F277-F278-F279-F280-F281-F282-F283-F284-F285-F286-F287-F288-F289-F290-F291-F292-F293-F294-F295-F296-F297-F298-F299-F300-F301-F302-F303-F304-F305-F306-F307-F308-F309-F310-F311-F312-F313-F314-F315-F316-F317-F318-F319-F320-F321-F322-F323-F324-F325-F326-F327-F328-F329-F330-F331-F332-F333-F334-F335-F336-F337-F338-F339-F340-F341-F342-F343-F344-F345-F346-F347-F348-F349-F350-F351-F352-F353-F354-F355-F356-F357-F358-F359-F360-F361-F362-F363-F364-F365-F366-F367-F368-F369-F370-F371-F372-F373-F374-F375-F376-F377-F378-F379-F380-F381-F382-F383-F384-F385-F386-F387-F388-F389-F390-F391-F392-F393-F394-F395-F396-F397-F398-F399-F400-F401-F402-F403-F404-F405-F406-F407-F408-F409-F410-F411-F412-F413-F414-F415-F416-F417-F418-F419-F420-F421-F422-F423-F424-F425-F426-F427-F428-F429-F430-F431-F432-F433-F434-F435-F436-F437-F438-F439-F440-F441-F442-F443-F444-F445-F446-F447-F448-F449-F450-F451-F452-F453-F454-F455-F456-F457-F458-F459-F460-F461-F462-F463-F464-F465-F466-F467-F468-F469-F470-F471-F472-F473-F474-F475-F476-F477-F478-F479-F480-F481-F482-F483-F484-F485-F486-F487-F488-F489-F490-F491-F492-F493-F494-F495-F496-F497-F498-F499-F500-F501-F502-F503-F504-F505-F506-F507-F508-F509-F510-F511-F512

## Summary

Number of input bits: 512  
Number of free input bits: 10  
Number of output bits: 160

Number of direct occurrences: 46834  
Number of assignments: 38490  
Number of operations: 19228165
(xor: 19188202,
and: 23762,
or: 16201)

Total complexity: 1.5198410944562 × 10^356

Least occurring input variable: iv_007 (4414)  
Most occurring input variable: iv_009 (5046)

Most co-occurring input variables: iv_004-iv_005 (2426)  
Least co-occurring input variables: iv_007-iv_011 (1952)

Potentially most occurring input variable: iv_003/iv_009 (5328)  
Potentially least occurring input variable: iv_004/iv_005 (4492)

Least output occurring input variable: iv_011 (63)  
Most output occurring input variable: iv_004 (85)

Most output co-occurring input variables: iv_004-iv_005 (48)  
Least output co-occurring input variables: iv_001-iv_011 (21)

Potentially most output occurring input variable: iv_002/iv_005 (100)  
Potentially least output occurring input variable: iv_005/iv_009 (62)

Least complex input bit: iv_001 (1.8739534403917096 × 10^353)  
Most complex input bit: iv_009 (4.641707241373617 × 10^355)

Least complex output bit: aaa_76_29 (4.950397055750015 × 10^330)  
Most complex output bit: ov_001 (2.3156929411975044 × 10^355)

Least complex input/output complexity: iv_001/aaa_76_29 (6.103804948929197 × 10^327)  
Most complex input/output complexity: iv_009/ov_001 (7.072297711360492 × 10^354)

## Input Bits

### Input Bits in Regular Order

| Input Bit | Complexity | Occurrences | Output Occurrences |
|:---------:|:----------:|:-----------:|:------------------:|
| iv_001 | 1.8739534403917096 × 10^353 | 4625 | 74 |
| iv_002 | 8.019058122106037 × 10^353 | 4640 | 80 |
| iv_003 | 1.3055829336819812 × 10^355 | 4978 | 81 |
| iv_004 | 4.899251797713764 × 10^354 | 4646 | 85 |
| iv_005 | 7.823892472511624 × 10^354 | 4698 | 78 |
| iv_007 | 1.3924135647182677 × 10^355 | 4414 | 85 |
| iv_008 | 1.7513021507421946 × 10^355 | 4564 | 82 |
| iv_009 | 4.641707241373617 × 10^355 | 5046 | 70 |
| iv_010 | 2.2957507605071474 × 10^355 | 4521 | 74 |
| iv_011 | 2.4404097508912992 × 10^355 | 4702 | 63 |

### Input Bits Sorted by Complexity

| Input Bit | Complexity | Occurrences | Output Occurrences |
|:---------:|:----------:|:-----------:|:------------------:|
| iv_001 | 1.8739534403917096 × 10^353 | 4625 | 74 |
| iv_002 | 8.019058122106037 × 10^353 | 4640 | 80 |
| iv_004 | 4.899251797713764 × 10^354 | 4646 | 85 |
| iv_005 | 7.823892472511624 × 10^354 | 4698 | 78 |
| iv_003 | 1.3055829336819812 × 10^355 | 4978 | 81 |
| iv_007 | 1.3924135647182677 × 10^355 | 4414 | 85 |
| iv_008 | 1.7513021507421946 × 10^355 | 4564 | 82 |
| iv_010 | 2.2957507605071474 × 10^355 | 4521 | 74 |
| iv_011 | 2.4404097508912992 × 10^355 | 4702 | 63 |
| iv_009 | 4.641707241373617 × 10^355 | 5046 | 70 |

### Input Bits Sorted by Occurrences

| Input Bit | Complexity | Occurrences | Output Occurrences |
|:---------:|:----------:|:-----------:|:------------------:|
| iv_007 | 1.3924135647182677 × 10^355 | 4414 | 85 |
| iv_010 | 2.2957507605071474 × 10^355 | 4521 | 74 |
| iv_008 | 1.7513021507421946 × 10^355 | 4564 | 82 |
| iv_001 | 1.8739534403917096 × 10^353 | 4625 | 74 |
| iv_002 | 8.019058122106037 × 10^353 | 4640 | 80 |
| iv_004 | 4.899251797713764 × 10^354 | 4646 | 85 |
| iv_005 | 7.823892472511624 × 10^354 | 4698 | 78 |
| iv_011 | 2.4404097508912992 × 10^355 | 4702 | 63 |
| iv_003 | 1.3055829336819812 × 10^355 | 4978 | 81 |
| iv_009 | 4.641707241373617 × 10^355 | 5046 | 70 |

### Input Bits Sorted by Output Occurrences

| Input Bit | Complexity | Occurrences | Output Occurrences |
|:---------:|:----------:|:-----------:|:------------------:|
| iv_011 | 2.4404097508912992 × 10^355 | 4702 | 63 |
| iv_009 | 4.641707241373617 × 10^355 | 5046 | 70 |
| iv_001 | 1.8739534403917096 × 10^353 | 4625 | 74 |
| iv_010 | 2.2957507605071474 × 10^355 | 4521 | 74 |
| iv_005 | 7.823892472511624 × 10^354 | 4698 | 78 |
| iv_002 | 8.019058122106037 × 10^353 | 4640 | 80 |
| iv_003 | 1.3055829336819812 × 10^355 | 4978 | 81 |
| iv_008 | 1.7513021507421946 × 10^355 | 4564 | 82 |
| iv_007 | 1.3924135647182677 × 10^355 | 4414 | 85 |
| iv_004 | 4.899251797713764 × 10^354 | 4646 | 85 |

## Input Bit Co-occurrences

### Input Bit Co-occurrences Sorted by Co-occurrences

| Input Bits | Co-occurrences | Potential Occurrences | Output Co-occurrences | Potential Output Occurrences |
|:----------:|:--------------:|:---------------------:|:---------------------:|:----------------------------:|
| iv_004-iv_005 | 2426 | 4492 | 48 | 67 |
| iv_003-iv_009 | 2348 | 5328 | 38 | 75 |
| iv_002-iv_009 | 2345 | 4996 | 27 | 96 |
| iv_005-iv_009 | 2338 | 5068 | 43 | 62 |
| iv_003-iv_005 | 2322 | 5032 | 46 | 67 |
| iv_002-iv_003 | 2302 | 5014 | 40 | 81 |
| iv_004-iv_009 | 2283 | 5126 | 37 | 81 |
| iv_009-iv_011 | 2279 | 5190 | 29 | 75 |
| iv_003-iv_011 | 2274 | 5132 | 35 | 74 |
| iv_008-iv_009 | 2240 | 5130 | 33 | 86 |

### Input Bit Co-occurrences Sorted by Potential Occurrences

| Input Bits | Co-occurrences | Potential Occurrences | Output Co-occurrences | Potential Output Occurrences |
|:----------:|:--------------:|:---------------------:|:---------------------:|:----------------------------:|
| iv_004-iv_005 | 2426 | 4492 | 48 | 67 |
| iv_002-iv_007 | 2193 | 4668 | 40 | 85 |
| iv_005-iv_010 | 2229 | 4761 | 30 | 92 |
| iv_007-iv_010 | 2073 | 4789 | 38 | 83 |
| iv_001-iv_002 | 2235 | 4795 | 37 | 80 |
| iv_001-iv_007 | 2116 | 4807 | 40 | 79 |
| iv_001-iv_010 | 2146 | 4854 | 40 | 68 |
| iv_002-iv_008 | 2173 | 4858 | 42 | 78 |
| iv_004-iv_007 | 2100 | 4860 | 44 | 82 |
| iv_010-iv_011 | 2181 | 4861 | 31 | 75 |

### Input Bit Output Co-occurrences Sorted by Output Co-occurrences

| Input Bits | Co-occurrences | Potential Occurrences | Output Co-occurrences | Potential Output Occurrences |
|:----------:|:--------------:|:---------------------:|:---------------------:|:----------------------------:|
| iv_003-iv_008 | 2238 | 5066 | 48 | 67 |
| iv_004-iv_005 | 2426 | 4492 | 48 | 67 |
| iv_003-iv_005 | 2322 | 5032 | 46 | 67 |
| iv_004-iv_007 | 2100 | 4860 | 44 | 82 |
| iv_007-iv_008 | 2027 | 4924 | 43 | 81 |
| iv_004-iv_008 | 2136 | 4938 | 43 | 81 |
| iv_005-iv_009 | 2338 | 5068 | 43 | 62 |
| iv_003-iv_007 | 2157 | 5078 | 42 | 82 |
| iv_003-iv_004 | 2227 | 5170 | 42 | 82 |
| iv_002-iv_008 | 2173 | 4858 | 42 | 78 |

### Input Bit Output Co-occurrences Sorted by Potential Output Occurrences

| Input Bits | Co-occurrences | Potential Occurrences | Output Co-occurrences | Potential Output Occurrences |
|:----------:|:--------------:|:---------------------:|:---------------------:|:----------------------------:|
| iv_005-iv_009 | 2338 | 5068 | 43 | 62 |
| iv_003-iv_005 | 2322 | 5032 | 46 | 67 |
| iv_003-iv_008 | 2238 | 5066 | 48 | 67 |
| iv_004-iv_005 | 2426 | 4492 | 48 | 67 |
| iv_001-iv_010 | 2146 | 4854 | 40 | 68 |
| iv_008-iv_010 | 2070 | 4945 | 41 | 74 |
| iv_003-iv_011 | 2274 | 5132 | 35 | 74 |
| iv_003-iv_009 | 2348 | 5328 | 38 | 75 |
| iv_009-iv_011 | 2279 | 5190 | 29 | 75 |
| iv_010-iv_011 | 2181 | 4861 | 31 | 75 |

## Output Bits

### Output Bits in Regular Order

| Rank | Output Bit | Complexity |
|:----:|:----------:|:----------:|
| 1 | ov_001 | 2.3156929411975044 × 10^355 |
| 2 | ov_002 | 2.028857090141869 × 10^355 |
| 3 | ov_003 | 1.7699806312079393 × 10^355 |
| 4 | ov_004 | 1.536487525463798 × 10^355 |
| 5 | ov_005 | 1.3259491840590804 × 10^355 |
| 6 | ov_006 | 1.1360739002787026 × 10^355 |
| 7 | ov_007 | 9.657487954957357 × 10^354 |
| 8 | ov_008 | 8.139225249436331 × 10^354 |
| 9 | ov_009 | 6.796013976166841 × 10^354 |
| 10 | ov_010 | 5.618460012827971 × 10^354 |
| 11 | ov_011 | 4.5976830387782464 × 10^354 |
| 12 | ov_012 | 3.725291981506277 × 10^354 |
| 13 | ov_013 | 2.985893762949278 × 10^354 |
| 14 | ov_014 | 2.364984739737324 × 10^354 |
| 15 | ov_015 | 1.848925558112964 × 10^354 |
| 16 | ov_016 | 1.4249210178345422 × 10^354 |
| 17 | ov_017 | 1.0810042202347962 × 10^354 |
| 18 | ov_018 | 8.060243336200589 × 10^353 |
| 19 | ov_019 | 5.896373670026601 × 10^353 |
| 20 | ov_020 | 4.222994008358602 × 10^353 |
| 21 | ov_021 | 2.9526178101934556 × 10^353 |
| 22 | ov_022 | 2.0056783999726636 × 10^353 |
| 23 | ov_023 | 1.3105076629953545 × 10^353 |
| 24 | ov_024 | 8.033230139188727 × 10^352 |
| 25 | ov_025 | 4.542033391733765 × 10^352 |
| 26 | ov_026 | 2.371653016621669 × 10^352 |
| 27 | ov_027 | 1.1205132110662245 × 10^352 |
| 28 | ov_028 | 4.657568136583828 × 10^351 |
| 29 | ov_029 | 1.6324307117705194 × 10^351 |
| 30 | ov_030 | 4.494531022690374 × 10^350 |
| 31 | ov_031 | 8.796909384951955 × 10^349 |
| 32 | lv_80_m31 | 1.7217714605345025 × 10^349 |
| 33 | ov_033 | 2.150340495916996 × 10^350 |
| 34 | ov_034 | 1.8901634485921194 × 10^350 |
| 35 | ov_035 | 1.6553027008698398 × 10^350 |
| 36 | ov_036 | 1.443464849500591 × 10^350 |
| 37 | ov_037 | 1.2524824952900058 × 10^350 |
| 38 | ov_038 | 1.080305349212057 × 10^350 |
| 39 | ov_039 | 9.249924838535174 × 10^349 |
| 40 | ov_040 | 7.855998755763649 × 10^349 |
| 41 | ov_041 | 6.6123327476415586 × 10^349 |
| 42 | ov_042 | 5.510455470551254 × 10^349 |
| 43 | ov_043 | 4.542344167172945 × 10^349 |
| 44 | ov_044 | 3.700405695314169 × 10^349 |
| 45 | ov_045 | 2.977460750424194 × 10^349 |
| 46 | ov_046 | 2.366730904721783 × 10^349 |
| 47 | ov_047 | 1.8558220764813815 × 10^349 |
| 48 | ov_048 | 1.4330976775233563 × 10^349 |
| 49 | ov_049 | 1.0876670821835584 × 10^349 |
| 50 | ov_050 | 8.09376921520681 × 10^348 |
| 51 | ov_051 | 5.888047034053816 × 10^348 |
| 52 | ov_052 | 4.172543043518929 × 10^348 |
| 53 | ov_053 | 2.8675292404721914 × 10^348 |
| 54 | ov_054 | 1.9004913855156925 × 10^348 |
| 55 | ov_055 | 1.2061173311840244 × 10^348 |
| 56 | ov_056 | 7.26290405339145 × 10^347 |
| 57 | ov_057 | 4.1008570418375905 × 10^347 |
| 58 | ov_058 | 2.137679842932029 × 10^347 |
| 59 | ov_059 | 1.0079052775488722 × 10^347 |
| 60 | ov_060 | 4.1794613677311285 × 10^346 |
| 61 | ov_061 | 1.4609315444993263 × 10^346 |
| 62 | ov_062 | 4.010550529741795 × 10^345 |
| 63 | ov_063 | 7.823125576964648 × 10^344 |
| 64 | lv_79_m31 | 1.5257007430707828 × 10^344 |
| 65 | ov_065 | 1.8412070139748471 × 10^345 |
| 66 | ov_066 | 1.8411993917240313 × 10^345 |
| 67 | ov_067 | 1.8411969414325935 × 10^345 |
| 68 | ov_068 | 1.6003084051623396 × 10^345 |
| 69 | ov_069 | 1.3842211070762002 × 10^345 |
| 70 | ov_070 | 1.1910498503131504 × 10^345 |
| 71 | ov_071 | 1.0190175899276109 × 10^345 |
| 72 | ov_072 | 8.66447515599259 × 10^344 |
| 73 | ov_073 | 7.31756005973858 × 10^344 |
| 74 | ov_074 | 6.134464068042685 × 10^344 |
| 75 | ov_075 | 5.10103587734268 × 10^344 |
| 76 | ov_076 | 4.20389235110771 × 10^344 |
| 77 | ov_077 | 3.430378317464209 × 10^344 |
| 78 | ov_078 | 2.768532596471981 × 10^344 |
| 79 | ov_079 | 2.2070595670514173 × 10^344 |
| 80 | ov_080 | 1.7353056267867424 × 10^344 |
| 81 | ov_081 | 1.343239940097739 × 10^344 |
| 82 | ov_082 | 1.0214389117967977 × 10^344 |
| 83 | ov_083 | 7.610738640099972 × 10^343 |
| 84 | ov_084 | 5.539014349884289 × 10^343 |
| 85 | ov_085 | 3.9225625858778174 × 10^343 |
| 86 | ov_086 | 2.690455232428651 × 10^343 |
| 87 | ov_087 | 1.777450491791149 × 10^343 |
| 88 | ov_088 | 1.1239656243583877 × 10^343 |
| 89 | ov_089 | 6.760588406023705 × 10^342 |
| 90 | ov_090 | 3.854179258955879 × 10^342 |
| 91 | ov_091 | 2.0935357685547684 × 10^342 |
| 92 | ov_092 | 1.1079582527624041 × 10^342 |
| 93 | ov_093 | 5.829230225864557 × 10^341 |
| 94 | ov_094 | 2.600757473136395 × 10^341 |
| 95 | aaa_78_28 | 8.325052168065863 × 10^340 |
| 96 | aaa_78_29 | 3.13323747178217 × 10^340 |
| 97 | ov_097 | 3.0411349405559087 × 10^340 |
| 98 | ov_098 | 3.0411261774566946 × 10^340 |
| 99 | ov_099 | 3.0411240496189477 × 10^340 |
| 100 | ov_100 | 2.6692811500033114 × 10^340 |
| 101 | ov_101 | 2.3338902263129044 × 10^340 |
| 102 | ov_102 | 2.031661587916344 × 10^340 |
| 103 | ov_103 | 1.7594947939280075 × 10^340 |
| 104 | ov_104 | 1.51446565013259 × 10^340 |
| 105 | ov_105 | 1.2938145969106318 × 10^340 |
| 106 | ov_106 | 1.0962016453018625 × 10^340 |
| 107 | ov_107 | 9.203615377702038 × 10^339 |
| 108 | ov_108 | 7.650994728404983 × 10^339 |
| 109 | ov_109 | 6.292873612535858 × 10^339 |
| 110 | ov_110 | 5.118605727600734 × 10^339 |
| 111 | ov_111 | 4.118151350995882 × 10^339 |
| 112 | ov_112 | 3.273159202778156 × 10^339 |
| 113 | ov_113 | 2.566386892333471 × 10^339 |
| 114 | ov_114 | 1.9816710947597128 × 10^339 |
| 115 | ov_115 | 1.50390382762951 × 10^339 |
| 116 | ov_116 | 1.1190140850886684 × 10^339 |
| 117 | ov_117 | 8.139539804320398 × 10^338 |
| 118 | ov_118 | 5.7668857228136 × 10^338 |
| 119 | ov_119 | 3.961886355980901 × 10^338 |
| 120 | ov_120 | 2.6242572473664935 × 10^338 |
| 121 | ov_121 | 1.6636896164080316 × 10^338 |
| 122 | ov_122 | 9.998306814474625 × 10^337 |
| 123 | ov_123 | 5.622724718108535 × 10^337 |
| 124 | ov_124 | 2.905460317716009 × 10^337 |
| 125 | ov_125 | 1.341187495349882 × 10^337 |
| 126 | ov_126 | 5.239329952150982 × 10^336 |
| 127 | aaa_77_28 | 1.4707300330546185 × 10^336 |
| 128 | aaa_77_29 | 4.485409295623498 × 10^335 |
| 129 | ov_129 | 2.741990156394186 × 10^335 |
| 130 | ov_130 | 2.7419804575236964 × 10^335 |
| 131 | ov_131 | 2.7419780939002664 × 10^335 |
| 132 | ov_132 | 2.4087491619338848 × 10^335 |
| 133 | ov_133 | 2.110767506221397 × 10^335 |
| 134 | ov_134 | 1.8444736895817247 × 10^335 |
| 135 | ov_135 | 1.6065150920933516 × 10^335 |
| 136 | ov_136 | 1.39373131744172 × 10^335 |
| 137 | ov_137 | 1.2031411485353565 × 10^335 |
| 138 | ov_138 | 1.0319309495252803 × 10^335 |
| 139 | ov_139 | 8.787344353246179 × 10^334 |
| 140 | ov_140 | 7.422615875274341 × 10^334 |
| 141 | ov_141 | 6.212944616142028 × 10^334 |
| 142 | ov_142 | 5.146835581698591 × 10^334 |
| 143 | ov_143 | 4.2134471836566795 × 10^334 |
| 144 | ov_144 | 3.402565063375139 × 10^334 |
| 145 | ov_145 | 2.7045804343043462 × 10^334 |
| 146 | ov_146 | 2.1104725453783025 × 10^334 |
| 147 | ov_147 | 1.6117947551482484 × 10^334 |
| 148 | ov_148 | 1.20066367546995 × 10^334 |
| 149 | ov_149 | 8.697508884840795 × 10^333 |
| 150 | ov_150 | 6.122767854303763 × 10^333 |
| 151 | ov_151 | 4.16312144758734 × 10^333 |
| 152 | ov_152 | 2.7100822737873495 × 10^333 |
| 153 | ov_153 | 1.6659342459989805 × 10^333 |
| 154 | ov_154 | 9.437120356577379 × 10^332 |
| 155 | ov_155 | 4.671893645362732 × 10^332 |
| 156 | aaa_76_25 | 1.7087304812365635 × 10^332 |
| 157 | aaa_76_26 | 8.946367155806963 × 10^331 |
| 158 | aaa_76_27 | 4.135945104434087 × 10^331 |
| 159 | aaa_76_28 | 1.6185872906188507 × 10^331 |
| 160 | aaa_76_29 | 4.950397055750015 × 10^330 |

### Output Bits Sorted by Complexity

| Rank | Output Bit | Complexity |
|:----:|:----------:|:----------:|
| 160 | aaa_76_29 | 4.950397055750015 × 10^330 |
| 159 | aaa_76_28 | 1.6185872906188507 × 10^331 |
| 158 | aaa_76_27 | 4.135945104434087 × 10^331 |
| 157 | aaa_76_26 | 8.946367155806963 × 10^331 |
| 156 | aaa_76_25 | 1.7087304812365635 × 10^332 |
| 155 | ov_155 | 4.671893645362732 × 10^332 |
| 154 | ov_154 | 9.437120356577379 × 10^332 |
| 153 | ov_153 | 1.6659342459989805 × 10^333 |
| 152 | ov_152 | 2.7100822737873495 × 10^333 |
| 151 | ov_151 | 4.16312144758734 × 10^333 |
| 150 | ov_150 | 6.122767854303763 × 10^333 |
| 149 | ov_149 | 8.697508884840795 × 10^333 |
| 148 | ov_148 | 1.20066367546995 × 10^334 |
| 147 | ov_147 | 1.6117947551482484 × 10^334 |
| 146 | ov_146 | 2.1104725453783025 × 10^334 |
| 145 | ov_145 | 2.7045804343043462 × 10^334 |
| 144 | ov_144 | 3.402565063375139 × 10^334 |
| 143 | ov_143 | 4.2134471836566795 × 10^334 |
| 142 | ov_142 | 5.146835581698591 × 10^334 |
| 141 | ov_141 | 6.212944616142028 × 10^334 |
| 140 | ov_140 | 7.422615875274341 × 10^334 |
| 139 | ov_139 | 8.787344353246179 × 10^334 |
| 138 | ov_138 | 1.0319309495252803 × 10^335 |
| 137 | ov_137 | 1.2031411485353565 × 10^335 |
| 136 | ov_136 | 1.39373131744172 × 10^335 |
| 135 | ov_135 | 1.6065150920933516 × 10^335 |
| 134 | ov_134 | 1.8444736895817247 × 10^335 |
| 133 | ov_133 | 2.110767506221397 × 10^335 |
| 132 | ov_132 | 2.4087491619338848 × 10^335 |
| 131 | ov_131 | 2.7419780939002664 × 10^335 |
| 130 | ov_130 | 2.7419804575236964 × 10^335 |
| 129 | ov_129 | 2.741990156394186 × 10^335 |
| 128 | aaa_77_29 | 4.485409295623498 × 10^335 |
| 127 | aaa_77_28 | 1.4707300330546185 × 10^336 |
| 126 | ov_126 | 5.239329952150982 × 10^336 |
| 125 | ov_125 | 1.341187495349882 × 10^337 |
| 124 | ov_124 | 2.905460317716009 × 10^337 |
| 123 | ov_123 | 5.622724718108535 × 10^337 |
| 122 | ov_122 | 9.998306814474625 × 10^337 |
| 121 | ov_121 | 1.6636896164080316 × 10^338 |
| 120 | ov_120 | 2.6242572473664935 × 10^338 |
| 119 | ov_119 | 3.961886355980901 × 10^338 |
| 118 | ov_118 | 5.7668857228136 × 10^338 |
| 117 | ov_117 | 8.139539804320398 × 10^338 |
| 116 | ov_116 | 1.1190140850886684 × 10^339 |
| 115 | ov_115 | 1.50390382762951 × 10^339 |
| 114 | ov_114 | 1.9816710947597128 × 10^339 |
| 113 | ov_113 | 2.566386892333471 × 10^339 |
| 112 | ov_112 | 3.273159202778156 × 10^339 |
| 111 | ov_111 | 4.118151350995882 × 10^339 |
| 110 | ov_110 | 5.118605727600734 × 10^339 |
| 109 | ov_109 | 6.292873612535858 × 10^339 |
| 108 | ov_108 | 7.650994728404983 × 10^339 |
| 107 | ov_107 | 9.203615377702038 × 10^339 |
| 106 | ov_106 | 1.0962016453018625 × 10^340 |
| 105 | ov_105 | 1.2938145969106318 × 10^340 |
| 104 | ov_104 | 1.51446565013259 × 10^340 |
| 103 | ov_103 | 1.7594947939280075 × 10^340 |
| 102 | ov_102 | 2.031661587916344 × 10^340 |
| 101 | ov_101 | 2.3338902263129044 × 10^340 |
| 100 | ov_100 | 2.6692811500033114 × 10^340 |
| 99 | ov_099 | 3.0411240496189477 × 10^340 |
| 98 | ov_098 | 3.0411261774566946 × 10^340 |
| 97 | ov_097 | 3.0411349405559087 × 10^340 |
| 96 | aaa_78_29 | 3.13323747178217 × 10^340 |
| 95 | aaa_78_28 | 8.325052168065863 × 10^340 |
| 94 | ov_094 | 2.600757473136395 × 10^341 |
| 93 | ov_093 | 5.829230225864557 × 10^341 |
| 92 | ov_092 | 1.1079582527624041 × 10^342 |
| 91 | ov_091 | 2.0935357685547684 × 10^342 |
| 90 | ov_090 | 3.854179258955879 × 10^342 |
| 89 | ov_089 | 6.760588406023705 × 10^342 |
| 88 | ov_088 | 1.1239656243583877 × 10^343 |
| 87 | ov_087 | 1.777450491791149 × 10^343 |
| 86 | ov_086 | 2.690455232428651 × 10^343 |
| 85 | ov_085 | 3.9225625858778174 × 10^343 |
| 84 | ov_084 | 5.539014349884289 × 10^343 |
| 83 | ov_083 | 7.610738640099972 × 10^343 |
| 82 | ov_082 | 1.0214389117967977 × 10^344 |
| 81 | ov_081 | 1.343239940097739 × 10^344 |
| 64 | lv_79_m31 | 1.5257007430707828 × 10^344 |
| 80 | ov_080 | 1.7353056267867424 × 10^344 |
| 79 | ov_079 | 2.2070595670514173 × 10^344 |
| 78 | ov_078 | 2.768532596471981 × 10^344 |
| 77 | ov_077 | 3.430378317464209 × 10^344 |
| 76 | ov_076 | 4.20389235110771 × 10^344 |
| 75 | ov_075 | 5.10103587734268 × 10^344 |
| 74 | ov_074 | 6.134464068042685 × 10^344 |
| 73 | ov_073 | 7.31756005973858 × 10^344 |
| 63 | ov_063 | 7.823125576964648 × 10^344 |
| 72 | ov_072 | 8.66447515599259 × 10^344 |
| 71 | ov_071 | 1.0190175899276109 × 10^345 |
| 70 | ov_070 | 1.1910498503131504 × 10^345 |
| 69 | ov_069 | 1.3842211070762002 × 10^345 |
| 68 | ov_068 | 1.6003084051623396 × 10^345 |
| 67 | ov_067 | 1.8411969414325935 × 10^345 |
| 66 | ov_066 | 1.8411993917240313 × 10^345 |
| 65 | ov_065 | 1.8412070139748471 × 10^345 |
| 62 | ov_062 | 4.010550529741795 × 10^345 |
| 61 | ov_061 | 1.4609315444993263 × 10^346 |
| 60 | ov_060 | 4.1794613677311285 × 10^346 |
| 59 | ov_059 | 1.0079052775488722 × 10^347 |
| 58 | ov_058 | 2.137679842932029 × 10^347 |
| 57 | ov_057 | 4.1008570418375905 × 10^347 |
| 56 | ov_056 | 7.26290405339145 × 10^347 |
| 55 | ov_055 | 1.2061173311840244 × 10^348 |
| 54 | ov_054 | 1.9004913855156925 × 10^348 |
| 53 | ov_053 | 2.8675292404721914 × 10^348 |
| 52 | ov_052 | 4.172543043518929 × 10^348 |
| 51 | ov_051 | 5.888047034053816 × 10^348 |
| 50 | ov_050 | 8.09376921520681 × 10^348 |
| 49 | ov_049 | 1.0876670821835584 × 10^349 |
| 48 | ov_048 | 1.4330976775233563 × 10^349 |
| 32 | lv_80_m31 | 1.7217714605345025 × 10^349 |
| 47 | ov_047 | 1.8558220764813815 × 10^349 |
| 46 | ov_046 | 2.366730904721783 × 10^349 |
| 45 | ov_045 | 2.977460750424194 × 10^349 |
| 44 | ov_044 | 3.700405695314169 × 10^349 |
| 43 | ov_043 | 4.542344167172945 × 10^349 |
| 42 | ov_042 | 5.510455470551254 × 10^349 |
| 41 | ov_041 | 6.6123327476415586 × 10^349 |
| 40 | ov_040 | 7.855998755763649 × 10^349 |
| 31 | ov_031 | 8.796909384951955 × 10^349 |
| 39 | ov_039 | 9.249924838535174 × 10^349 |
| 38 | ov_038 | 1.080305349212057 × 10^350 |
| 37 | ov_037 | 1.2524824952900058 × 10^350 |
| 36 | ov_036 | 1.443464849500591 × 10^350 |
| 35 | ov_035 | 1.6553027008698398 × 10^350 |
| 34 | ov_034 | 1.8901634485921194 × 10^350 |
| 33 | ov_033 | 2.150340495916996 × 10^350 |
| 30 | ov_030 | 4.494531022690374 × 10^350 |
| 29 | ov_029 | 1.6324307117705194 × 10^351 |
| 28 | ov_028 | 4.657568136583828 × 10^351 |
| 27 | ov_027 | 1.1205132110662245 × 10^352 |
| 26 | ov_026 | 2.371653016621669 × 10^352 |
| 25 | ov_025 | 4.542033391733765 × 10^352 |
| 24 | ov_024 | 8.033230139188727 × 10^352 |
| 23 | ov_023 | 1.3105076629953545 × 10^353 |
| 22 | ov_022 | 2.0056783999726636 × 10^353 |
| 21 | ov_021 | 2.9526178101934556 × 10^353 |
| 20 | ov_020 | 4.222994008358602 × 10^353 |
| 19 | ov_019 | 5.896373670026601 × 10^353 |
| 18 | ov_018 | 8.060243336200589 × 10^353 |
| 17 | ov_017 | 1.0810042202347962 × 10^354 |
| 16 | ov_016 | 1.4249210178345422 × 10^354 |
| 15 | ov_015 | 1.848925558112964 × 10^354 |
| 14 | ov_014 | 2.364984739737324 × 10^354 |
| 13 | ov_013 | 2.985893762949278 × 10^354 |
| 12 | ov_012 | 3.725291981506277 × 10^354 |
| 11 | ov_011 | 4.5976830387782464 × 10^354 |
| 10 | ov_010 | 5.618460012827971 × 10^354 |
| 9 | ov_009 | 6.796013976166841 × 10^354 |
| 8 | ov_008 | 8.139225249436331 × 10^354 |
| 7 | ov_007 | 9.657487954957357 × 10^354 |
| 6 | ov_006 | 1.1360739002787026 × 10^355 |
| 5 | ov_005 | 1.3259491840590804 × 10^355 |
| 4 | ov_004 | 1.536487525463798 × 10^355 |
| 3 | ov_003 | 1.7699806312079393 × 10^355 |
| 2 | ov_002 | 2.028857090141869 × 10^355 |
| 1 | ov_001 | 2.3156929411975044 × 10^355 |

