# Results for F001-F002-F003-F004-F005-F006-F007-F008-F009-F010-F011-F012-F013-F014-F015-F016-F017-F018-F019-F020-F021-F022-F023-F024-F025-F026-F027-F028-F029-F030-F031-F032-F033-F034-F035-F036-F037-F038-F039-F040-F041-F042-F043-F044-F045-F046-F047-F048-F049-F050-F051-F052-F053-F054-F055-F056-F057-F058-F059-F060-F061-F062-F063-F064-F065-F066-F067-F068-F069-F070-F071-F072-F073-F074-F075-F076-F077-F078-F079-F080-F081-F082-F083-F084-F085-F086-F087-F088-F089-F090-F091-F092-F093-F094-F095-F096-F097-F098-F099-F100-F101-F102-F103-F104-F105-F106-F107-F108-F109-F110-F111-F112-F113-F114-F115-F116-F117-F118-F119-F120-F121-F122-F123-F124-F125-F126-F127-F128-F129-F130-F131-F132-F133-F134-F135-F136-F137-F138-F139-F140-F141-F142-F143-F144-F145-F146-F147-F148-F149-F150-F151-F152-F153-F154-F155-F156-F157-F158-F159-F160-F161-F162-F163-F164-F165-F166-F167-F168-F169-F170-F171-F172-F173-F174-F175-F176-F177-F178-F179-F180-F181-F182-F183-F184-F185-F186-F187-F188-F189-F190-F191-F192-F193-F194-F195-F196-F197-F198-F199-F200-F201-F202-F203-F204-F205-F206-F207-F208-F209-F210-F211-F212-F213-F214-F215-F216-F217-F218-F219-F220-F221-F222-F223-F224-F225-F226-F227-F228-F229-F230-F231-F232-F233-F234-F235-F236-F237-F238-F239-F240-F241-F242-F243-F244-F245-F246-F247-F248-F249-F250-F251-F252-F253-F254-F255-F256-F257-F258-F259-F260-F261-F262-F263-F264-F265-F266-F267-F268-F269-F270-F271-F272-F273-F274-F275-F276-F277-F278-F279-F280-F281-F282-F283-F284-F285-F286-F287-F288-F289-F290-F291-F292-F293-F294-F295-F296-F297-F298-F299-F300-F301-F302-F303-F304-F305-F306-F307-F308-F309-F310-F311-F312-F313-F314-F315-F316-F317-F318-F319-F320-F321-F322-F323-F324-F325-F326-F327-F328-F329-F330-F331-F332-F333-F334-F335-F336-F337-F338-F339-F340-F341-F342-F343-F344-F345-F346-F347-F348-F349-F350-F351-F352-F353-F354-F355-F356-F357-F358-F359-F360-F361-F362-F363-F364-F365-F366-F367-F368-F369-F370-F371-F372-F373-F374-F375-F376-F377-F378-F379-F380-F381-F382-F383-F384-F385-F386-F387-F388-F389-F390-F391-F392-F393-F394-F395-F396-F397-F398-F399-F400-F401-F402-F403-F404-F405-F406-F407-F408-F409-F410-F411-F412-F413-F414-F415-F416-F417-F418-F419-F420-F421-F422-F423-F424-F425-F426-F427-F428-F429-F430-F431-F432-F433-F434-F435-F436-F437-F438-F439-F440-F441-F442-F443-F444-F445-F446-F447-F448-F449-F450-F451-F452-F453-F454-F455-F456-F457-F458-F459-F460-F461-F462-F463-F464-F465-F466-F467-F468-F469-F470-F471-F472-F473-F474-F475-F476-F477-F478-F479-F480-F481-F482-F483-F484-F485-F486-F487-F488-F489-F490-F491-F492-F493-F494-F495-F496-E499504-F507-F508-F509-F510-F512

## Summary

Number of input bits: 512  
Number of free input bits: 10  
Number of output bits: 160

Number of direct occurrences: 41017  
Number of assignments: 31171  
Number of operations: 11088341
(xor: 11060050,
and: 15070,
or: 13221)

Total complexity: 6.335920327080063 × 10^298

Least occurring input variable: iv_502 (3902)  
Most occurring input variable: iv_511 (4386)

Most co-occurring input variables: iv_500-iv_511 (2081)  
Least co-occurring input variables: iv_498-iv_502 (1813)

Potentially most occurring input variable: iv_497/iv_511 (4604)  
Potentially least occurring input variable: iv_500/iv_501 (4136)

Least output occurring input variable: iv_502 (70)  
Most output occurring input variable: iv_503 (85)

Most output co-occurring input variables: iv_501-iv_505 (48)  
Least output co-occurring input variables: iv_498-iv_500 (29)

Potentially most output occurring input variable: iv_497/iv_503 (94)  
Potentially least output occurring input variable: iv_497/iv_498 (65)

Least complex input bit: iv_511 (2.9582422347954516 × 10^293)  
Most complex input bit: iv_505 (2.02263963407721 × 10^298)

Least complex output bit: aaa_76_29 (1.4500223611120823 × 10^274)  
Most complex output bit: ov_001 (9.904945672645319 × 10^297)

Least complex input/output complexity: iv_511/aaa_76_29 (6.7701567706051256 × 10^268)  
Most complex input/output complexity: iv_505/ov_001 (3.1619929949634874 × 10^297)

## Input Bits

### Input Bits in Regular Order

| Input Bit | Complexity | Occurrences | Output Occurrences |
|:---------:|:----------:|:-----------:|:------------------:|
| iv_497 | 3.6591859326788162 × 10^296 | 4054 | 77 |
| iv_498 | 7.2994733996417006 × 10^296 | 4033 | 74 |
| iv_499 | 1.6951509561431436 × 10^298 | 4121 | 80 |
| iv_500 | 2.2548398035135695 × 10^297 | 4127 | 76 |
| iv_501 | 3.78041315221084 × 10^297 | 4087 | 82 |
| iv_502 | 6.200946381354207 × 10^297 | 3902 | 70 |
| iv_503 | 9.955313534332695 × 10^297 | 4160 | 85 |
| iv_505 | 2.02263963407721 × 10^298 | 4119 | 83 |
| iv_506 | 2.8936227397303647 × 10^297 | 4028 | 77 |
| iv_511 | 2.9582422347954516 × 10^293 | 4386 | 80 |

### Input Bits Sorted by Complexity

| Input Bit | Complexity | Occurrences | Output Occurrences |
|:---------:|:----------:|:-----------:|:------------------:|
| iv_511 | 2.9582422347954516 × 10^293 | 4386 | 80 |
| iv_497 | 3.6591859326788162 × 10^296 | 4054 | 77 |
| iv_498 | 7.2994733996417006 × 10^296 | 4033 | 74 |
| iv_500 | 2.2548398035135695 × 10^297 | 4127 | 76 |
| iv_506 | 2.8936227397303647 × 10^297 | 4028 | 77 |
| iv_501 | 3.78041315221084 × 10^297 | 4087 | 82 |
| iv_502 | 6.200946381354207 × 10^297 | 3902 | 70 |
| iv_503 | 9.955313534332695 × 10^297 | 4160 | 85 |
| iv_499 | 1.6951509561431436 × 10^298 | 4121 | 80 |
| iv_505 | 2.02263963407721 × 10^298 | 4119 | 83 |

### Input Bits Sorted by Occurrences

| Input Bit | Complexity | Occurrences | Output Occurrences |
|:---------:|:----------:|:-----------:|:------------------:|
| iv_502 | 6.200946381354207 × 10^297 | 3902 | 70 |
| iv_506 | 2.8936227397303647 × 10^297 | 4028 | 77 |
| iv_498 | 7.2994733996417006 × 10^296 | 4033 | 74 |
| iv_497 | 3.6591859326788162 × 10^296 | 4054 | 77 |
| iv_501 | 3.78041315221084 × 10^297 | 4087 | 82 |
| iv_505 | 2.02263963407721 × 10^298 | 4119 | 83 |
| iv_499 | 1.6951509561431436 × 10^298 | 4121 | 80 |
| iv_500 | 2.2548398035135695 × 10^297 | 4127 | 76 |
| iv_503 | 9.955313534332695 × 10^297 | 4160 | 85 |
| iv_511 | 2.9582422347954516 × 10^293 | 4386 | 80 |

### Input Bits Sorted by Output Occurrences

| Input Bit | Complexity | Occurrences | Output Occurrences |
|:---------:|:----------:|:-----------:|:------------------:|
| iv_502 | 6.200946381354207 × 10^297 | 3902 | 70 |
| iv_498 | 7.2994733996417006 × 10^296 | 4033 | 74 |
| iv_500 | 2.2548398035135695 × 10^297 | 4127 | 76 |
| iv_506 | 2.8936227397303647 × 10^297 | 4028 | 77 |
| iv_497 | 3.6591859326788162 × 10^296 | 4054 | 77 |
| iv_511 | 2.9582422347954516 × 10^293 | 4386 | 80 |
| iv_499 | 1.6951509561431436 × 10^298 | 4121 | 80 |
| iv_501 | 3.78041315221084 × 10^297 | 4087 | 82 |
| iv_505 | 2.02263963407721 × 10^298 | 4119 | 83 |
| iv_503 | 9.955313534332695 × 10^297 | 4160 | 85 |

## Input Bit Co-occurrences

### Input Bit Co-occurrences Sorted by Co-occurrences

| Input Bits | Co-occurrences | Potential Occurrences | Output Co-occurrences | Potential Output Occurrences |
|:----------:|:--------------:|:---------------------:|:---------------------:|:----------------------------:|
| iv_500-iv_511 | 2081 | 4351 | 38 | 80 |
| iv_501-iv_511 | 2065 | 4343 | 47 | 68 |
| iv_503-iv_511 | 2061 | 4424 | 43 | 79 |
| iv_500-iv_501 | 2039 | 4136 | 39 | 80 |
| iv_505-iv_511 | 2024 | 4457 | 40 | 83 |
| iv_499-iv_505 | 1997 | 4246 | 37 | 89 |
| iv_500-iv_503 | 1997 | 4293 | 41 | 79 |
| iv_503-iv_505 | 1996 | 4287 | 40 | 88 |
| iv_497-iv_505 | 1982 | 4209 | 43 | 74 |
| iv_501-iv_505 | 1982 | 4242 | 48 | 69 |

### Input Bit Co-occurrences Sorted by Potential Occurrences

| Input Bits | Co-occurrences | Potential Occurrences | Output Co-occurrences | Potential Output Occurrences |
|:----------:|:--------------:|:---------------------:|:---------------------:|:----------------------------:|
| iv_500-iv_501 | 2039 | 4136 | 39 | 80 |
| iv_500-iv_502 | 1918 | 4193 | 33 | 80 |
| iv_497-iv_505 | 1982 | 4209 | 43 | 74 |
| iv_500-iv_506 | 1967 | 4221 | 37 | 79 |
| iv_497-iv_500 | 1973 | 4235 | 35 | 83 |
| iv_502-iv_506 | 1845 | 4240 | 34 | 79 |
| iv_501-iv_505 | 1982 | 4242 | 48 | 69 |
| iv_501-iv_502 | 1873 | 4243 | 34 | 84 |
| iv_499-iv_505 | 1997 | 4246 | 37 | 89 |
| iv_502-iv_505 | 1887 | 4247 | 42 | 69 |

### Input Bit Output Co-occurrences Sorted by Output Co-occurrences

| Input Bits | Co-occurrences | Potential Occurrences | Output Co-occurrences | Potential Output Occurrences |
|:----------:|:--------------:|:---------------------:|:---------------------:|:----------------------------:|
| iv_501-iv_505 | 1982 | 4242 | 48 | 69 |
| iv_501-iv_511 | 2065 | 4343 | 47 | 68 |
| iv_500-iv_505 | 1968 | 4310 | 46 | 67 |
| iv_499-iv_511 | 1954 | 4599 | 44 | 72 |
| iv_499-iv_503 | 1960 | 4361 | 43 | 79 |
| iv_503-iv_511 | 2061 | 4424 | 43 | 79 |
| iv_497-iv_498 | 1903 | 4281 | 43 | 65 |
| iv_497-iv_505 | 1982 | 4209 | 43 | 74 |
| iv_502-iv_505 | 1887 | 4247 | 42 | 69 |
| iv_499-iv_501 | 1880 | 4448 | 42 | 78 |

### Input Bit Output Co-occurrences Sorted by Potential Output Occurrences

| Input Bits | Co-occurrences | Potential Occurrences | Output Co-occurrences | Potential Output Occurrences |
|:----------:|:--------------:|:---------------------:|:---------------------:|:----------------------------:|
| iv_497-iv_498 | 1903 | 4281 | 43 | 65 |
| iv_500-iv_505 | 1968 | 4310 | 46 | 67 |
| iv_501-iv_511 | 2065 | 4343 | 47 | 68 |
| iv_502-iv_505 | 1887 | 4247 | 42 | 69 |
| iv_501-iv_505 | 1982 | 4242 | 48 | 69 |
| iv_499-iv_511 | 1954 | 4599 | 44 | 72 |
| iv_502-iv_511 | 1864 | 4560 | 39 | 72 |
| iv_498-iv_506 | 1907 | 4247 | 39 | 73 |
| iv_497-iv_505 | 1982 | 4209 | 43 | 74 |
| iv_506-iv_511 | 1963 | 4488 | 41 | 75 |

## Output Bits

### Output Bits in Regular Order

| Rank | Output Bit | Complexity |
|:----:|:----------:|:----------:|
| 1 | ov_001 | 9.904945672645319 × 10^297 |
| 2 | ov_002 | 8.61903909182023 × 10^297 |
| 3 | ov_003 | 7.464551634321424 × 10^297 |
| 4 | ov_004 | 6.431635044594176 × 10^297 |
| 5 | ov_005 | 5.510980818020219 × 10^297 |
| 6 | ov_006 | 4.6937812758829225 × 10^297 |
| 7 | ov_007 | 3.9716957090139976 × 10^297 |
| 8 | ov_008 | 3.3368212836528174 × 10^297 |
| 9 | ov_009 | 2.7816683288771928 × 10^297 |
| 10 | ov_010 | 2.2991395552231768 × 10^297 |
| 11 | ov_011 | 1.882512749018187 × 10^297 |
| 12 | ov_012 | 1.5254265130593677 × 10^297 |
| 13 | ov_013 | 1.2218686498807179 × 10^297 |
| 14 | ov_014 | 9.661668090766356 × 10^296 |
| 15 | ov_015 | 7.529810450748848 × 10^296 |
| 16 | ov_016 | 5.772979564494982 × 10^296 |
| 17 | ov_017 | 4.344261023904058 × 10^296 |
| 18 | ov_018 | 3.1999243080954257 × 10^296 |
| 19 | ov_019 | 2.2993951874931347 × 10^296 |
| 20 | ov_020 | 1.6052348734851666 × 10^296 |
| 21 | ov_021 | 1.0831248171345049 × 10^296 |
| 22 | ov_022 | 7.018560972696437 × 10^295 |
| 23 | ov_023 | 4.333222908889855 × 10^295 |
| 24 | ov_024 | 2.525148396888328 × 10^295 |
| 25 | ov_025 | 1.3752021569270558 × 10^295 |
| 26 | ov_026 | 6.951836919101076 × 10^294 |
| 27 | ov_027 | 3.278199882669258 × 10^294 |
| 28 | ov_028 | 1.467626394932748 × 10^294 |
| 29 | ov_029 | 5.658692072988058 × 10^293 |
| 30 | ov_030 | 1.7311341919587154 × 10^293 |
| 31 | ov_031 | 3.379698975172048 × 10^292 |
| 32 | lv_80_m31 | 6.59767693224547 × 10^291 |
| 33 | ov_033 | 7.906070669479248 × 10^292 |
| 34 | ov_034 | 6.869650583337734 × 10^292 |
| 35 | ov_035 | 5.941191002825478 × 10^292 |
| 36 | ov_036 | 5.11115779389957 × 10^292 |
| 37 | ov_037 | 4.370529591858437 × 10^292 |
| 38 | ov_038 | 3.7107618985745885 × 10^292 |
| 39 | ov_039 | 3.1237561039965684 × 10^292 |
| 40 | ov_040 | 2.60557079479194 × 10^292 |
| 41 | ov_041 | 2.152468118465484 × 10^292 |
| 42 | ov_042 | 1.7609034369464666 × 10^292 |
| 43 | ov_043 | 1.4275166474900673 × 10^292 |
| 44 | ov_044 | 1.146113609363989 × 10^292 |
| 45 | ov_045 | 9.108381986244307 × 10^291 |
| 46 | ov_046 | 7.161636640846603 × 10^291 |
| 47 | ov_047 | 5.568857522802444 × 10^291 |
| 48 | ov_048 | 4.2811731684166966 × 10^291 |
| 49 | ov_049 | 3.252841496540808 × 10^291 |
| 50 | ov_050 | 2.4412179274693515 × 10^291 |
| 51 | ov_051 | 1.8067312222234998 × 10^291 |
| 52 | ov_052 | 1.3128654860338709 × 10^291 |
| 53 | ov_053 | 9.26147270072847 × 10^290 |
| 54 | ov_054 | 6.305991399661684 × 10^290 |
| 55 | ov_055 | 4.117588167534682 × 10^290 |
| 56 | ov_056 | 2.5667706719688128 × 10^290 |
| 57 | ov_057 | 1.5391642725144094 × 10^290 |
| 58 | ov_058 | 8.513465769298752 × 10^289 |
| 59 | ov_059 | 4.191595575891553 × 10^289 |
| 60 | ov_060 | 1.7354969607486382 × 10^289 |
| 61 | ov_061 | 6.056730929220627 × 10^288 |
| 62 | ov_062 | 1.659972157769737 × 10^288 |
| 63 | ov_063 | 3.2322559594443347 × 10^287 |
| 64 | lv_79_m31 | 6.292374072437708 × 10^286 |
| 65 | ov_065 | 7.497551667863583 × 10^287 |
| 66 | ov_066 | 7.49752740236642 × 10^287 |
| 67 | ov_067 | 7.497521463437609 × 10^287 |
| 68 | ov_068 | 6.473278310946182 × 10^287 |
| 69 | ov_069 | 5.5610154575501165 × 10^287 |
| 70 | ov_070 | 4.751543046468531 × 10^287 |
| 71 | ov_071 | 4.036236718235201 × 10^287 |
| 72 | ov_072 | 3.4069993102118044 × 10^287 |
| 73 | ov_073 | 2.8562259416949303 × 10^287 |
| 74 | ov_074 | 2.376772306077196 × 10^287 |
| 75 | ov_075 | 1.961925998208724 × 10^287 |
| 76 | ov_076 | 1.6053807105727942 × 10^287 |
| 77 | ov_077 | 1.3012131363153854 × 10^287 |
| 78 | ov_078 | 1.0438624207050127 × 10^287 |
| 79 | ov_079 | 8.281120053843858 × 10^286 |
| 80 | ov_080 | 6.490737119403773 × 10^286 |
| 81 | ov_081 | 5.021739129831795 × 10^286 |
| 82 | ov_082 | 3.831416401915743 × 10^286 |
| 83 | ov_083 | 2.8799847972776973 × 10^286 |
| 84 | ov_084 | 2.1305010611005445 × 10^286 |
| 85 | ov_085 | 1.5487930610369135 × 10^286 |
| 86 | ov_086 | 1.1034034449975583 × 10^286 |
| 87 | ov_087 | 7.65545238463445 × 10^285 |
| 88 | ov_088 | 5.090679031526045 × 10^285 |
| 89 | ov_089 | 3.215516439724068 × 10^285 |
| 90 | ov_090 | 1.918771965105156 × 10^285 |
| 91 | ov_091 | 1.1021879376178872 × 10^285 |
| 92 | ov_092 | 6.078976356269906 × 10^284 |
| 93 | ov_093 | 3.037550459200838 × 10^284 |
| 94 | ov_094 | 1.3011430561014825 × 10^284 |
| 95 | aaa_78_28 | 4.017888292254045 × 10^283 |
| 96 | aaa_78_29 | 1.2339505978228776 × 10^283 |
| 97 | ov_097 | 8.148218610390766 × 10^282 |
| 98 | ov_098 | 8.14797429919717 × 10^282 |
| 99 | ov_099 | 8.147896323244201 × 10^282 |
| 100 | ov_100 | 7.332158719589483 × 10^282 |
| 101 | ov_101 | 6.576589269492923 × 10^282 |
| 102 | ov_102 | 5.87789538600124 × 10^282 |
| 103 | ov_103 | 5.233024315689437 × 10^282 |
| 104 | ov_104 | 4.6391314338642716 × 10^282 |
| 105 | ov_105 | 4.0935515015211563 × 10^282 |
| 106 | ov_106 | 3.593772731191812 × 10^282 |
| 107 | ov_107 | 3.137413514225303 × 10^282 |
| 108 | ov_108 | 2.7222016663809614 × 10^282 |
| 109 | ov_109 | 2.3459560520319674 × 10^282 |
| 110 | ov_110 | 2.0065704499191818 × 10^282 |
| 111 | ov_111 | 1.701999525386687 × 10^282 |
| 112 | ov_112 | 1.4302467754943593 × 10^282 |
| 113 | ov_113 | 1.1893543144498199 × 10^282 |
| 114 | ov_114 | 9.773943675328448 × 10^281 |
| 115 | ov_115 | 7.924623421849562 × 10^281 |
| 116 | ov_116 | 6.326713452707568 × 10^281 |
| 117 | ov_117 | 4.961478758051702 × 10^281 |
| 118 | ov_118 | 3.8102829896177554 × 10^281 |
| 119 | ov_119 | 2.8545587981110003 × 10^281 |
| 120 | ov_120 | 2.0757840249940457 × 10^281 |
| 121 | ov_121 | 1.4554647526675448 × 10^281 |
| 122 | ov_122 | 9.751243974378102 × 10^280 |
| 123 | ov_123 | 6.162965362367926 × 10^280 |
| 124 | ov_124 | 3.605200679080606 × 10^280 |
| 125 | ov_125 | 1.8933621561858136 × 10^280 |
| 126 | ov_126 | 8.428699781342044 × 10^279 |
| 127 | aaa_77_28 | 2.6914641290569895 × 10^279 |
| 128 | aaa_77_29 | 1.0088633137567767 × 10^279 |
| 129 | ov_129 | 9.279881062246041 × 10^278 |
| 130 | ov_130 | 9.279852829613298 × 10^278 |
| 131 | ov_131 | 9.279846006205634 × 10^278 |
| 132 | ov_132 | 8.041260769149044 × 10^278 |
| 133 | ov_133 | 6.930999116122247 × 10^278 |
| 134 | ov_134 | 5.938887540272692 × 10^278 |
| 135 | ov_135 | 5.055294663833847 × 10^278 |
| 136 | ov_136 | 4.2755351340901224 × 10^278 |
| 137 | ov_137 | 3.590951148806851 × 10^278 |
| 138 | ov_138 | 2.9933267177341444 × 10^278 |
| 139 | ov_139 | 2.474863735520387 × 10^278 |
| 140 | ov_140 | 2.0281619966750504 × 10^278 |
| 141 | ov_141 | 1.6462027029918246 × 10^278 |
| 142 | ov_142 | 1.3223350389864398 × 10^278 |
| 143 | ov_143 | 1.050265415712613 × 10^278 |
| 144 | ov_144 | 8.240490078864115 × 10^277 |
| 145 | ov_145 | 6.380832336436827 × 10^277 |
| 146 | ov_146 | 4.87102850528865 × 10^277 |
| 147 | ov_147 | 3.661763655045048 × 10^277 |
| 148 | ov_148 | 2.7070348090695813 × 10^277 |
| 149 | ov_149 | 1.9641332237462412 × 10^277 |
| 150 | ov_150 | 1.3936323021415015 × 10^277 |
| 151 | ov_151 | 9.593795231306229 × 10^276 |
| 152 | ov_152 | 6.284912883218561 × 10^276 |
| 153 | ov_153 | 3.853425390275805 × 10^276 |
| 154 | ov_154 | 2.1594057422741792 × 10^276 |
| 155 | ov_155 | 1.0792442649213122 × 10^276 |
| 156 | aaa_76_25 | 4.146613679560521 × 10^275 |
| 157 | aaa_76_26 | 2.3941281748051625 × 10^275 |
| 158 | aaa_76_27 | 1.2252677750056895 × 10^275 |
| 159 | aaa_76_28 | 4.76928663032608 × 10^274 |
| 160 | aaa_76_29 | 1.4500223611120823 × 10^274 |

### Output Bits Sorted by Complexity

| Rank | Output Bit | Complexity |
|:----:|:----------:|:----------:|
| 160 | aaa_76_29 | 1.4500223611120823 × 10^274 |
| 159 | aaa_76_28 | 4.76928663032608 × 10^274 |
| 158 | aaa_76_27 | 1.2252677750056895 × 10^275 |
| 157 | aaa_76_26 | 2.3941281748051625 × 10^275 |
| 156 | aaa_76_25 | 4.146613679560521 × 10^275 |
| 155 | ov_155 | 1.0792442649213122 × 10^276 |
| 154 | ov_154 | 2.1594057422741792 × 10^276 |
| 153 | ov_153 | 3.853425390275805 × 10^276 |
| 152 | ov_152 | 6.284912883218561 × 10^276 |
| 151 | ov_151 | 9.593795231306229 × 10^276 |
| 150 | ov_150 | 1.3936323021415015 × 10^277 |
| 149 | ov_149 | 1.9641332237462412 × 10^277 |
| 148 | ov_148 | 2.7070348090695813 × 10^277 |
| 147 | ov_147 | 3.661763655045048 × 10^277 |
| 146 | ov_146 | 4.87102850528865 × 10^277 |
| 145 | ov_145 | 6.380832336436827 × 10^277 |
| 144 | ov_144 | 8.240490078864115 × 10^277 |
| 143 | ov_143 | 1.050265415712613 × 10^278 |
| 142 | ov_142 | 1.3223350389864398 × 10^278 |
| 141 | ov_141 | 1.6462027029918246 × 10^278 |
| 140 | ov_140 | 2.0281619966750504 × 10^278 |
| 139 | ov_139 | 2.474863735520387 × 10^278 |
| 138 | ov_138 | 2.9933267177341444 × 10^278 |
| 137 | ov_137 | 3.590951148806851 × 10^278 |
| 136 | ov_136 | 4.2755351340901224 × 10^278 |
| 135 | ov_135 | 5.055294663833847 × 10^278 |
| 134 | ov_134 | 5.938887540272692 × 10^278 |
| 133 | ov_133 | 6.930999116122247 × 10^278 |
| 132 | ov_132 | 8.041260769149044 × 10^278 |
| 131 | ov_131 | 9.279846006205634 × 10^278 |
| 130 | ov_130 | 9.279852829613298 × 10^278 |
| 129 | ov_129 | 9.279881062246041 × 10^278 |
| 128 | aaa_77_29 | 1.0088633137567767 × 10^279 |
| 127 | aaa_77_28 | 2.6914641290569895 × 10^279 |
| 126 | ov_126 | 8.428699781342044 × 10^279 |
| 125 | ov_125 | 1.8933621561858136 × 10^280 |
| 124 | ov_124 | 3.605200679080606 × 10^280 |
| 123 | ov_123 | 6.162965362367926 × 10^280 |
| 122 | ov_122 | 9.751243974378102 × 10^280 |
| 121 | ov_121 | 1.4554647526675448 × 10^281 |
| 120 | ov_120 | 2.0757840249940457 × 10^281 |
| 119 | ov_119 | 2.8545587981110003 × 10^281 |
| 118 | ov_118 | 3.8102829896177554 × 10^281 |
| 117 | ov_117 | 4.961478758051702 × 10^281 |
| 116 | ov_116 | 6.326713452707568 × 10^281 |
| 115 | ov_115 | 7.924623421849562 × 10^281 |
| 114 | ov_114 | 9.773943675328448 × 10^281 |
| 113 | ov_113 | 1.1893543144498199 × 10^282 |
| 112 | ov_112 | 1.4302467754943593 × 10^282 |
| 111 | ov_111 | 1.701999525386687 × 10^282 |
| 110 | ov_110 | 2.0065704499191818 × 10^282 |
| 109 | ov_109 | 2.3459560520319674 × 10^282 |
| 108 | ov_108 | 2.7222016663809614 × 10^282 |
| 107 | ov_107 | 3.137413514225303 × 10^282 |
| 106 | ov_106 | 3.593772731191812 × 10^282 |
| 105 | ov_105 | 4.0935515015211563 × 10^282 |
| 104 | ov_104 | 4.6391314338642716 × 10^282 |
| 103 | ov_103 | 5.233024315689437 × 10^282 |
| 102 | ov_102 | 5.87789538600124 × 10^282 |
| 101 | ov_101 | 6.576589269492923 × 10^282 |
| 100 | ov_100 | 7.332158719589483 × 10^282 |
| 99 | ov_099 | 8.147896323244201 × 10^282 |
| 98 | ov_098 | 8.14797429919717 × 10^282 |
| 97 | ov_097 | 8.148218610390766 × 10^282 |
| 96 | aaa_78_29 | 1.2339505978228776 × 10^283 |
| 95 | aaa_78_28 | 4.017888292254045 × 10^283 |
| 94 | ov_094 | 1.3011430561014825 × 10^284 |
| 93 | ov_093 | 3.037550459200838 × 10^284 |
| 92 | ov_092 | 6.078976356269906 × 10^284 |
| 91 | ov_091 | 1.1021879376178872 × 10^285 |
| 90 | ov_090 | 1.918771965105156 × 10^285 |
| 89 | ov_089 | 3.215516439724068 × 10^285 |
| 88 | ov_088 | 5.090679031526045 × 10^285 |
| 87 | ov_087 | 7.65545238463445 × 10^285 |
| 86 | ov_086 | 1.1034034449975583 × 10^286 |
| 85 | ov_085 | 1.5487930610369135 × 10^286 |
| 84 | ov_084 | 2.1305010611005445 × 10^286 |
| 83 | ov_083 | 2.8799847972776973 × 10^286 |
| 82 | ov_082 | 3.831416401915743 × 10^286 |
| 81 | ov_081 | 5.021739129831795 × 10^286 |
| 64 | lv_79_m31 | 6.292374072437708 × 10^286 |
| 80 | ov_080 | 6.490737119403773 × 10^286 |
| 79 | ov_079 | 8.281120053843858 × 10^286 |
| 78 | ov_078 | 1.0438624207050127 × 10^287 |
| 77 | ov_077 | 1.3012131363153854 × 10^287 |
| 76 | ov_076 | 1.6053807105727942 × 10^287 |
| 75 | ov_075 | 1.961925998208724 × 10^287 |
| 74 | ov_074 | 2.376772306077196 × 10^287 |
| 73 | ov_073 | 2.8562259416949303 × 10^287 |
| 63 | ov_063 | 3.2322559594443347 × 10^287 |
| 72 | ov_072 | 3.4069993102118044 × 10^287 |
| 71 | ov_071 | 4.036236718235201 × 10^287 |
| 70 | ov_070 | 4.751543046468531 × 10^287 |
| 69 | ov_069 | 5.5610154575501165 × 10^287 |
| 68 | ov_068 | 6.473278310946182 × 10^287 |
| 67 | ov_067 | 7.497521463437609 × 10^287 |
| 66 | ov_066 | 7.49752740236642 × 10^287 |
| 65 | ov_065 | 7.497551667863583 × 10^287 |
| 62 | ov_062 | 1.659972157769737 × 10^288 |
| 61 | ov_061 | 6.056730929220627 × 10^288 |
| 60 | ov_060 | 1.7354969607486382 × 10^289 |
| 59 | ov_059 | 4.191595575891553 × 10^289 |
| 58 | ov_058 | 8.513465769298752 × 10^289 |
| 57 | ov_057 | 1.5391642725144094 × 10^290 |
| 56 | ov_056 | 2.5667706719688128 × 10^290 |
| 55 | ov_055 | 4.117588167534682 × 10^290 |
| 54 | ov_054 | 6.305991399661684 × 10^290 |
| 53 | ov_053 | 9.26147270072847 × 10^290 |
| 52 | ov_052 | 1.3128654860338709 × 10^291 |
| 51 | ov_051 | 1.8067312222234998 × 10^291 |
| 50 | ov_050 | 2.4412179274693515 × 10^291 |
| 49 | ov_049 | 3.252841496540808 × 10^291 |
| 48 | ov_048 | 4.2811731684166966 × 10^291 |
| 47 | ov_047 | 5.568857522802444 × 10^291 |
| 32 | lv_80_m31 | 6.59767693224547 × 10^291 |
| 46 | ov_046 | 7.161636640846603 × 10^291 |
| 45 | ov_045 | 9.108381986244307 × 10^291 |
| 44 | ov_044 | 1.146113609363989 × 10^292 |
| 43 | ov_043 | 1.4275166474900673 × 10^292 |
| 42 | ov_042 | 1.7609034369464666 × 10^292 |
| 41 | ov_041 | 2.152468118465484 × 10^292 |
| 40 | ov_040 | 2.60557079479194 × 10^292 |
| 39 | ov_039 | 3.1237561039965684 × 10^292 |
| 31 | ov_031 | 3.379698975172048 × 10^292 |
| 38 | ov_038 | 3.7107618985745885 × 10^292 |
| 37 | ov_037 | 4.370529591858437 × 10^292 |
| 36 | ov_036 | 5.11115779389957 × 10^292 |
| 35 | ov_035 | 5.941191002825478 × 10^292 |
| 34 | ov_034 | 6.869650583337734 × 10^292 |
| 33 | ov_033 | 7.906070669479248 × 10^292 |
| 30 | ov_030 | 1.7311341919587154 × 10^293 |
| 29 | ov_029 | 5.658692072988058 × 10^293 |
| 28 | ov_028 | 1.467626394932748 × 10^294 |
| 27 | ov_027 | 3.278199882669258 × 10^294 |
| 26 | ov_026 | 6.951836919101076 × 10^294 |
| 25 | ov_025 | 1.3752021569270558 × 10^295 |
| 24 | ov_024 | 2.525148396888328 × 10^295 |
| 23 | ov_023 | 4.333222908889855 × 10^295 |
| 22 | ov_022 | 7.018560972696437 × 10^295 |
| 21 | ov_021 | 1.0831248171345049 × 10^296 |
| 20 | ov_020 | 1.6052348734851666 × 10^296 |
| 19 | ov_019 | 2.2993951874931347 × 10^296 |
| 18 | ov_018 | 3.1999243080954257 × 10^296 |
| 17 | ov_017 | 4.344261023904058 × 10^296 |
| 16 | ov_016 | 5.772979564494982 × 10^296 |
| 15 | ov_015 | 7.529810450748848 × 10^296 |
| 14 | ov_014 | 9.661668090766356 × 10^296 |
| 13 | ov_013 | 1.2218686498807179 × 10^297 |
| 12 | ov_012 | 1.5254265130593677 × 10^297 |
| 11 | ov_011 | 1.882512749018187 × 10^297 |
| 10 | ov_010 | 2.2991395552231768 × 10^297 |
| 9 | ov_009 | 2.7816683288771928 × 10^297 |
| 8 | ov_008 | 3.3368212836528174 × 10^297 |
| 7 | ov_007 | 3.9716957090139976 × 10^297 |
| 6 | ov_006 | 4.6937812758829225 × 10^297 |
| 5 | ov_005 | 5.510980818020219 × 10^297 |
| 4 | ov_004 | 6.431635044594176 × 10^297 |
| 3 | ov_003 | 7.464551634321424 × 10^297 |
| 2 | ov_002 | 8.61903909182023 × 10^297 |
| 1 | ov_001 | 9.904945672645319 × 10^297 |

