# Results for F001-F002-F003-F004-F005-F006-F007-F008-F009-F010-F011-F012-F013-F014-F015-F016-F017-F018-F019-F020-F021-F022-F023-F024-F025-F026-F027-F028-F029-F030-F031-F032-F033-F034-F035-F036-F037-F038-F039-F040-F041-F042-F043-F044-F045-F046-F047-F048-F049-F050-F051-F052-F053-F054-F055-F056-F057-F058-F059-F060-F061-F062-F063-F064-F065-F066-F067-F068-F069-F070-F071-F072-F073-F074-F075-F076-F077-F078-F079-F080-F081-F082-F083-F084-F085-F086-F087-F088-F089-F090-F091-F092-F093-F094-F095-F096-F097-F098-F099-F100-F101-F102-F103-F104-F105-F106-F107-F108-F109-F110-F111-F112-F113-F114-F115-F116-F117-F118-F119-F120-F121-F122-F123-F124-F125-F126-F127-F128-F129-F130-F131-F132-F133-F134-F135-F136-F137-F138-F139-F140-F141-F142-F143-F144-F145-F146-F147-F148-F149-F150-F151-F152-F153-F154-F155-F156-F157-F158-F159-F160-F161-F162-F163-F164-F165-F166-F167-F168-F169-F170-F171-F172-F173-F174-F175-F176-F177-F178-F179-F180-F181-F182-F183-F184-F185-F186-F187-F188-F189-F190-F191-F192-F193-F194-F195-F196-F197-F198-F199-F200-F201-F202-F203-F204-F205-F206-F207-F208-F209-F210-F211-F212-F213-F214-F215-F216-F217-F218-F219-F220-F221-F222-F223-F224-F225-F226-F227-F228-F229-F230-F231-F232-F233-F234-F235-F236-F237-F238-F239-F240-F241-F242-F243-F244-F245-F246-F247-F248-F249-F250-F251-F252-F253-F254-F255-F256-F257-F258-F259-F260-F261-F262-F263-F264-F265-F266-F267-F268-F269-F270-F271-F272-F273-F274-F275-F276-F277-F278-F279-F280-F281-F282-F283-F284-F285-F286-F287-F288-F289-F290-F291-F292-F293-F294-F295-F296-F297-F298-F299-F300-F301-F302-F303-F304-F305-F306-F307-F308-F309-F310-F311-F312-F313-F314-F315-F316-F317-F318-F319-F320-F321-F322-F323-F324-F325-F326-F327-F328-F329-F330-F331-F332-F333-F334-F335-F336-F337-F338-F339-F340-F341-F342-F343-F344-F345-F346-F347-F348-F349-F350-F351-F352-F353-F354-F355-F356-F357-F358-F359-F360-F361-F362-F363-F364-F365-F366-F367-F368-F369-F370-F371-F372-F373-F374-F375-F376-F377-F378-F379-F380-F381-F382-F383-F384-F385-F386-F387-F388-F389-F390-F391-F392-F393-F394-F395-F396-F397-F398-F399-F400-F401-F402-F403-F404-F405-F406-F407-F408-F409-F410-F411-F412-F413-F414-F415-F416-F417-F418-F419-F420-F421-F422-F423-F424-F425-F426-F427-F428-F429-F430-F431-F432-F433-F434-F435-F436-F437-F438-F439-F440-F441-F442-F443-F444-F445-F446-F447-F448-F449-F450-F451-F452-F453-F454-F455-F456-F457-F458-F459-F460-F461-F462-F463-F464-F465-F466-F467-F468-F469-F470-F471-F472-F473-F474-F475-F476-F477-F478-F479-F480-F481-F482-F483-F484-F485-F486-F487-F488-F489-F490-F491-F492-F493-F494-F495-F496-F497-F498-F499-F500-F501-F502

## Summary

Number of input bits: 512  
Number of free input bits: 10  
Number of output bits: 160

Number of direct occurrences: 41118  
Number of assignments: 31266  
Number of operations: 11152087
(xor: 11122370,
and: 16548,
or: 13169)

Total complexity: 7.740593282887285 × 10^299

Least occurring input variable: iv_505 (3960)  
Most occurring input variable: iv_512 (4398)

Most co-occurring input variables: iv_511-iv_512 (2158)  
Least co-occurring input variables: iv_505-iv_506 (1790)

Potentially most occurring input variable: iv_506/iv_512 (4544)  
Potentially least occurring input variable: iv_506/iv_509 (4222)

Least output occurring input variable: iv_508 (70)  
Most output occurring input variable: iv_506 (82)

Most output co-occurring input variables: iv_507-iv_509 (44)  
Least output co-occurring input variables: iv_503-iv_508 (31)

Potentially most output occurring input variable: iv_504/iv_510 (93)  
Potentially least output occurring input variable: iv_507/iv_509 (66)

Least complex input bit: iv_503 (1.2942473884240858 × 10^298)  
Most complex input bit: iv_510 (1.9765433201106806 × 10^299)

Least complex output bit: aaa_76_29 (1.0498166502405037 × 10^275)  
Most complex output bit: ov_001 (1.2135448544646475 × 10^299)

Least complex input/output complexity: iv_503/aaa_76_29 (1.7553208239240796 × 10^273)  
Most complex input/output complexity: iv_510/ov_001 (3.0987598599833447 × 10^298)

Input variable with highest collision probability: iv_503 (½^160.00000000000054)

## Input Bits

### Input Bits in Regular Order

| Input Bit | Complexity | Occurrences | Output Occurrences | Collision Probability |
|:---------:|:----------:|:-----------:|:------------------:|:---------------------:|
| iv_503 | 1.2942473884240858 × 10^298 | 4092 | 74 | ½^160.00000000000054 |
| iv_504 | 2.126254838785631 × 10^298 | 3987 | 78 | ½^160.00000000000065 |
| iv_505 | 3.3417094765151415 × 10^298 | 3960 | 79 | ½^160.00000000000063 |
| iv_506 | 5.083367920328507 × 10^298 | 3998 | 82 | ½^160.0000000000007 |
| iv_507 | 7.539961652760244 × 10^298 | 4215 | 76 | ½^160.00000000000074 |
| iv_508 | 1.0765323825296373 × 10^299 | 4031 | 70 | ½^160.00000000000077 |
| iv_509 | 1.4822184388810956 × 10^299 | 4044 | 78 | ½^160.00000000000068 |
| iv_510 | 1.9765433201106806 × 10^299 | 4157 | 79 | ½^160.00000000000074 |
| iv_511 | 5.886054613720172 × 10^298 | 4236 | 80 | ½^160.0000000000008 |
| iv_512 | 6.781395523125109 × 10^298 | 4398 | 80 | ½^160.0000000000007 |

### Input Bits Sorted by Complexity

| Input Bit | Complexity | Occurrences | Output Occurrences | Collision Probability |
|:---------:|:----------:|:-----------:|:------------------:|:---------------------:|
| iv_503 | 1.2942473884240858 × 10^298 | 4092 | 74 | ½^160.00000000000054 |
| iv_504 | 2.126254838785631 × 10^298 | 3987 | 78 | ½^160.00000000000065 |
| iv_505 | 3.3417094765151415 × 10^298 | 3960 | 79 | ½^160.00000000000063 |
| iv_506 | 5.083367920328507 × 10^298 | 3998 | 82 | ½^160.0000000000007 |
| iv_511 | 5.886054613720172 × 10^298 | 4236 | 80 | ½^160.0000000000008 |
| iv_512 | 6.781395523125109 × 10^298 | 4398 | 80 | ½^160.0000000000007 |
| iv_507 | 7.539961652760244 × 10^298 | 4215 | 76 | ½^160.00000000000074 |
| iv_508 | 1.0765323825296373 × 10^299 | 4031 | 70 | ½^160.00000000000077 |
| iv_509 | 1.4822184388810956 × 10^299 | 4044 | 78 | ½^160.00000000000068 |
| iv_510 | 1.9765433201106806 × 10^299 | 4157 | 79 | ½^160.00000000000074 |

### Input Bits Sorted by Occurrences

| Input Bit | Complexity | Occurrences | Output Occurrences | Collision Probability |
|:---------:|:----------:|:-----------:|:------------------:|:---------------------:|
| iv_505 | 3.3417094765151415 × 10^298 | 3960 | 79 | ½^160.00000000000063 |
| iv_504 | 2.126254838785631 × 10^298 | 3987 | 78 | ½^160.00000000000065 |
| iv_506 | 5.083367920328507 × 10^298 | 3998 | 82 | ½^160.0000000000007 |
| iv_508 | 1.0765323825296373 × 10^299 | 4031 | 70 | ½^160.00000000000077 |
| iv_509 | 1.4822184388810956 × 10^299 | 4044 | 78 | ½^160.00000000000068 |
| iv_503 | 1.2942473884240858 × 10^298 | 4092 | 74 | ½^160.00000000000054 |
| iv_510 | 1.9765433201106806 × 10^299 | 4157 | 79 | ½^160.00000000000074 |
| iv_507 | 7.539961652760244 × 10^298 | 4215 | 76 | ½^160.00000000000074 |
| iv_511 | 5.886054613720172 × 10^298 | 4236 | 80 | ½^160.0000000000008 |
| iv_512 | 6.781395523125109 × 10^298 | 4398 | 80 | ½^160.0000000000007 |

### Input Bits Sorted by Output Occurrences

| Input Bit | Complexity | Occurrences | Output Occurrences | Collision Probability |
|:---------:|:----------:|:-----------:|:------------------:|:---------------------:|
| iv_508 | 1.0765323825296373 × 10^299 | 4031 | 70 | ½^160.00000000000077 |
| iv_503 | 1.2942473884240858 × 10^298 | 4092 | 74 | ½^160.00000000000054 |
| iv_507 | 7.539961652760244 × 10^298 | 4215 | 76 | ½^160.00000000000074 |
| iv_504 | 2.126254838785631 × 10^298 | 3987 | 78 | ½^160.00000000000065 |
| iv_509 | 1.4822184388810956 × 10^299 | 4044 | 78 | ½^160.00000000000068 |
| iv_505 | 3.3417094765151415 × 10^298 | 3960 | 79 | ½^160.00000000000063 |
| iv_510 | 1.9765433201106806 × 10^299 | 4157 | 79 | ½^160.00000000000074 |
| iv_511 | 5.886054613720172 × 10^298 | 4236 | 80 | ½^160.0000000000008 |
| iv_512 | 6.781395523125109 × 10^298 | 4398 | 80 | ½^160.0000000000007 |
| iv_506 | 5.083367920328507 × 10^298 | 3998 | 82 | ½^160.0000000000007 |

### Input Bits Sorted by Collision Probability

| Input Bit | Complexity | Occurrences | Output Occurrences | Collision Probability |
|:---------:|:----------:|:-----------:|:------------------:|:---------------------:|
| iv_503 | 1.2942473884240858 × 10^298 | 4092 | 74 | ½^160.00000000000054 |
| iv_505 | 3.3417094765151415 × 10^298 | 3960 | 79 | ½^160.00000000000063 |
| iv_504 | 2.126254838785631 × 10^298 | 3987 | 78 | ½^160.00000000000065 |
| iv_509 | 1.4822184388810956 × 10^299 | 4044 | 78 | ½^160.00000000000068 |
| iv_512 | 6.781395523125109 × 10^298 | 4398 | 80 | ½^160.0000000000007 |
| iv_506 | 5.083367920328507 × 10^298 | 3998 | 82 | ½^160.0000000000007 |
| iv_507 | 7.539961652760244 × 10^298 | 4215 | 76 | ½^160.00000000000074 |
| iv_510 | 1.9765433201106806 × 10^299 | 4157 | 79 | ½^160.00000000000074 |
| iv_508 | 1.0765323825296373 × 10^299 | 4031 | 70 | ½^160.00000000000077 |
| iv_511 | 5.886054613720172 × 10^298 | 4236 | 80 | ½^160.0000000000008 |

## Input Bit/Output Bit Collision Probabilities

| Input Bit | Output Bit | Collision Probability |
|:---------:|:----------:|:---------------------:|
| iv_509 | ov_133 | 0.5000000000000033 |
| iv_503 | ov_001 | 0.500000000000002 |
| iv_506 | ov_005 | 0.500000000000002 |
| iv_503 | lv_80_m31 | 0.5000000000000018 |
| iv_506 | ov_076 | 0.5000000000000018 |
| iv_506 | ov_118 | 0.5000000000000018 |
| iv_507 | ov_025 | 0.5000000000000017 |
| iv_508 | ov_023 | 0.5000000000000017 |
| iv_503 | ov_044 | 0.5000000000000016 |
| iv_503 | ov_061 | 0.5000000000000016 |

## Input Bit Co-occurrences

### Input Bit Co-occurrences Sorted by Co-occurrences

| Input Bits | Co-occurrences | Potential Occurrences | Output Co-occurrences | Potential Output Occurrences |
|:----------:|:--------------:|:---------------------:|:---------------------:|:----------------------------:|
| iv_511-iv_512 | 2158 | 4318 | 43 | 74 |
| iv_507-iv_512 | 2104 | 4405 | 42 | 72 |
| iv_510-iv_512 | 2092 | 4371 | 42 | 75 |
| iv_503-iv_512 | 2040 | 4410 | 34 | 86 |
| iv_507-iv_510 | 2038 | 4296 | 41 | 73 |
| iv_508-iv_512 | 2032 | 4365 | 32 | 86 |
| iv_507-iv_511 | 2015 | 4421 | 39 | 78 |
| iv_509-iv_512 | 2006 | 4430 | 37 | 84 |
| iv_503-iv_507 | 2005 | 4297 | 31 | 88 |
| iv_507-iv_508 | 2002 | 4242 | 31 | 84 |

### Input Bit Co-occurrences Sorted by Potential Occurrences

| Input Bits | Co-occurrences | Potential Occurrences | Output Co-occurrences | Potential Output Occurrences |
|:----------:|:--------------:|:---------------------:|:---------------------:|:----------------------------:|
| iv_506-iv_509 | 1910 | 4222 | 43 | 74 |
| iv_508-iv_509 | 1926 | 4223 | 35 | 78 |
| iv_506-iv_508 | 1902 | 4225 | 37 | 78 |
| iv_506-iv_507 | 1993 | 4227 | 39 | 80 |
| iv_504-iv_506 | 1873 | 4239 | 42 | 76 |
| iv_507-iv_508 | 2002 | 4242 | 31 | 84 |
| iv_506-iv_510 | 1946 | 4263 | 44 | 73 |
| iv_504-iv_505 | 1842 | 4263 | 41 | 75 |
| iv_503-iv_506 | 1912 | 4266 | 38 | 80 |
| iv_504-iv_508 | 1867 | 4284 | 37 | 74 |

### Input Bit Output Co-occurrences Sorted by Output Co-occurrences

| Input Bits | Co-occurrences | Potential Occurrences | Output Co-occurrences | Potential Output Occurrences |
|:----------:|:--------------:|:---------------------:|:---------------------:|:----------------------------:|
| iv_506-iv_510 | 1946 | 4263 | 44 | 73 |
| iv_507-iv_509 | 1977 | 4305 | 44 | 66 |
| iv_511-iv_512 | 2158 | 4318 | 43 | 74 |
| iv_506-iv_509 | 1910 | 4222 | 43 | 74 |
| iv_504-iv_506 | 1873 | 4239 | 42 | 76 |
| iv_507-iv_512 | 2104 | 4405 | 42 | 72 |
| iv_510-iv_512 | 2092 | 4371 | 42 | 75 |
| iv_503-iv_504 | 1863 | 4353 | 41 | 70 |
| iv_504-iv_505 | 1842 | 4263 | 41 | 75 |
| iv_507-iv_510 | 2038 | 4296 | 41 | 73 |

### Input Bit Output Co-occurrences Sorted by Potential Output Occurrences

| Input Bits | Co-occurrences | Potential Occurrences | Output Co-occurrences | Potential Output Occurrences |
|:----------:|:--------------:|:---------------------:|:---------------------:|:----------------------------:|
| iv_507-iv_509 | 1977 | 4305 | 44 | 66 |
| iv_503-iv_504 | 1863 | 4353 | 41 | 70 |
| iv_507-iv_512 | 2104 | 4405 | 42 | 72 |
| iv_503-iv_505 | 1879 | 4294 | 40 | 73 |
| iv_506-iv_510 | 1946 | 4263 | 44 | 73 |
| iv_507-iv_510 | 2038 | 4296 | 41 | 73 |
| iv_504-iv_508 | 1867 | 4284 | 37 | 74 |
| iv_511-iv_512 | 2158 | 4318 | 43 | 74 |
| iv_506-iv_509 | 1910 | 4222 | 43 | 74 |
| iv_504-iv_505 | 1842 | 4263 | 41 | 75 |

## Output Bits

### Output Bits in Regular Order

| Rank | Output Bit | Complexity |
|:----:|:----------:|:----------:|
| 1 | ov_001 | 1.2135448544646475 × 10^299 |
| 2 | ov_002 | 1.0578626588278633 × 10^299 |
| 3 | ov_003 | 9.167854937894966 × 10^298 |
| 4 | ov_004 | 7.896859753881754 × 10^298 |
| 5 | ov_005 | 6.759711394925617 × 10^298 |
| 6 | ov_006 | 5.750799641058222 × 10^298 |
| 7 | ov_007 | 4.85977899135293 × 10^298 |
| 8 | ov_008 | 4.076846233536645 × 10^298 |
| 9 | ov_009 | 3.3927104715990835 × 10^298 |
| 10 | ov_010 | 2.798567397350338 × 10^298 |
| 11 | ov_011 | 2.2860773722490583 × 10^298 |
| 12 | ov_012 | 1.8473470100048857 × 10^298 |
| 13 | ov_013 | 1.474914001680283 × 10^298 |
| 14 | ov_014 | 1.1617349151669344 × 10^298 |
| 15 | ov_015 | 9.011756416991962 × 10^297 |
| 16 | ov_016 | 6.870041083717522 × 10^297 |
| 17 | ov_017 | 5.133848785225717 × 10^297 |
| 18 | ov_018 | 3.7487529204042233 × 10^297 |
| 19 | ov_019 | 2.6642282777758277 × 10^297 |
| 20 | ov_020 | 1.833634003249116 × 10^297 |
| 21 | ov_021 | 1.2142033345832585 × 10^297 |
| 22 | ov_022 | 7.670378260450465 × 10^296 |
| 23 | ov_023 | 4.571041730305189 × 10^296 |
| 24 | ov_024 | 2.5323235308144195 × 10^296 |
| 25 | ov_025 | 1.2811446572934763 × 10^296 |
| 26 | ov_026 | 5.830403630526599 × 10^295 |
| 27 | ov_027 | 2.4215642255828715 × 10^295 |
| 28 | ov_028 | 1.012473975763678 × 10^295 |
| 29 | ov_029 | 4.1675974809554476 × 10^294 |
| 30 | ov_030 | 1.3775488898738084 × 10^294 |
| 31 | ov_031 | 3.3321163365667682 × 10^293 |
| 32 | lv_80_m31 | 8.057527233313954 × 10^292 |
| 33 | ov_033 | 9.69206059979905 × 10^293 |
| 34 | ov_034 | 8.383847120645372 × 10^293 |
| 35 | ov_035 | 7.2183770056269734 × 10^293 |
| 36 | ov_036 | 6.183811616919027 × 10^293 |
| 37 | ov_037 | 5.268953450554067 × 10^293 |
| 38 | ov_038 | 4.463200727151645 × 10^293 |
| 39 | ov_039 | 3.756508082312951 × 10^293 |
| 40 | ov_040 | 3.1393527702282607 × 10^293 |
| 41 | ov_041 | 2.6027058298353533 × 10^293 |
| 42 | ov_042 | 2.1380076967965518 × 10^293 |
| 43 | ov_043 | 1.7371477768526801 × 10^293 |
| 44 | ov_044 | 1.3924475269715422 × 10^293 |
| 45 | ov_045 | 1.0966466203294832 × 10^293 |
| 46 | ov_046 | 8.462178981341602 × 10^292 |
| 47 | ov_047 | 6.378352619773613 × 10^292 |
| 48 | ov_048 | 4.683697968034229 × 10^292 |
| 49 | ov_049 | 3.34886801940555 × 10^292 |
| 50 | ov_050 | 2.320912919986551 × 10^292 |
| 51 | ov_051 | 1.5506800437603564 × 10^292 |
| 52 | ov_052 | 9.927958423784628 × 10^291 |
| 53 | ov_053 | 6.056543177951633 × 10^291 |
| 54 | ov_054 | 3.514102346378022 × 10^291 |
| 55 | ov_055 | 1.9597543638086544 × 10^291 |
| 56 | ov_056 | 1.0901693207873027 × 10^291 |
| 57 | ov_057 | 6.395586016758668 × 10^290 |
| 58 | ov_058 | 3.796689621930621 × 10^290 |
| 59 | ov_059 | 2.057570873147001 × 10^290 |
| 60 | ov_060 | 9.905786578837177 × 10^289 |
| 61 | ov_061 | 4.0806327880739134 × 10^289 |
| 62 | ov_062 | 1.3495479972366816 × 10^289 |
| 63 | ov_063 | 3.265833512867671 × 10^288 |
| 64 | lv_79_m31 | 7.9005549320299 × 10^287 |
| 65 | ov_065 | 9.384405437625835 × 10^288 |
| 66 | ov_066 | 9.384383487913436 × 10^288 |
| 67 | ov_067 | 9.384376374611602 × 10^288 |
| 68 | ov_068 | 8.126436966402374 × 10^288 |
| 69 | ov_069 | 6.994818129497941 × 10^288 |
| 70 | ov_070 | 5.983839803844229 × 10^288 |
| 71 | ov_071 | 5.0881727732705774 × 10^288 |
| 72 | ov_072 | 4.298117279131906 × 10^288 |
| 73 | ov_073 | 3.604563537129167 × 10^288 |
| 74 | ov_074 | 2.998953733943475 × 10^288 |
| 75 | ov_075 | 2.473247655228323 × 10^288 |
| 76 | ov_076 | 2.0198917466210556 × 10^288 |
| 77 | ov_077 | 1.6317914148412437 × 10^288 |
| 78 | ov_078 | 1.3022863802329242 × 10^288 |
| 79 | ov_079 | 1.0251288954424293 × 10^288 |
| 80 | ov_080 | 7.944646474542708 × 10^287 |
| 81 | ov_081 | 6.048161620727177 × 10^287 |
| 82 | ov_082 | 4.510685312628763 × 10^287 |
| 83 | ov_083 | 3.2845728466676763 × 10^287 |
| 84 | ov_084 | 2.3255822718979007 × 10^287 |
| 85 | ov_085 | 1.5927906490171482 × 10^287 |
| 86 | ov_086 | 1.0485264169215467 × 10^287 |
| 87 | ov_087 | 6.583160922577269 × 10^286 |
| 88 | ov_088 | 3.9084352800155174 × 10^286 |
| 89 | ov_089 | 2.1791995742484925 × 10^286 |
| 90 | ov_090 | 1.1446305000531933 × 10^286 |
| 91 | ov_091 | 5.848320594469889 × 10^285 |
| 92 | ov_092 | 3.107533089108821 × 10^285 |
| 93 | ov_093 | 1.6414420201791383 × 10^285 |
| 94 | ov_094 | 7.357630180191304 × 10^284 |
| 95 | aaa_78_28 | 2.3664268097930484 × 10^284 |
| 96 | aaa_78_29 | 8.966237400202985 × 10^283 |
| 97 | ov_097 | 9.764430326074464 × 10^283 |
| 98 | ov_098 | 9.764137338173182 × 10^283 |
| 99 | ov_099 | 9.764043760659498 × 10^283 |
| 100 | ov_100 | 8.787285096557838 × 10^283 |
| 101 | ov_101 | 7.882530263920158 × 10^283 |
| 102 | ov_102 | 7.045828337530927 × 10^283 |
| 103 | ov_103 | 6.273517466569909 × 10^283 |
| 104 | ov_104 | 5.562187282425976 × 10^283 |
| 105 | ov_105 | 4.908644733882598 × 10^283 |
| 106 | ov_106 | 4.309883165688354 × 10^283 |
| 107 | ov_107 | 3.7630544642696283 × 10^283 |
| 108 | ov_108 | 3.265444100729778 × 10^283 |
| 109 | ov_109 | 2.8144489064768445 × 10^283 |
| 110 | ov_110 | 2.407557420986629 × 10^283 |
| 111 | ov_111 | 2.0423326544884385 × 10^283 |
| 112 | ov_112 | 1.7163971108882716 × 10^283 |
| 113 | ov_113 | 1.4274199181360322 × 10^283 |
| 114 | ov_114 | 1.1731059146197616 × 10^283 |
| 115 | ov_115 | 9.511865411367907 × 10^282 |
| 116 | ov_116 | 7.59412388637524 × 10^282 |
| 117 | ov_117 | 5.955472523434408 × 10^282 |
| 118 | ov_118 | 4.573635430773979 × 10^282 |
| 119 | ov_119 | 3.4263890677082984 × 10^282 |
| 120 | ov_120 | 2.491539031753991 × 10^282 |
| 121 | ov_121 | 1.746905948372386 × 10^282 |
| 122 | ov_122 | 1.1703183016376181 × 10^282 |
| 123 | ov_123 | 7.396090716237213 × 10^281 |
| 124 | ov_124 | 4.3261377676062115 × 10^281 |
| 125 | ov_125 | 2.271691890503883 × 10^281 |
| 126 | ov_126 | 1.0111259485111463 × 10^281 |
| 127 | aaa_77_28 | 3.2281444917980953 × 10^280 |
| 128 | aaa_77_29 | 1.2097851815455302 × 10^280 |
| 129 | ov_129 | 1.114065365114059 × 10^280 |
| 130 | ov_130 | 1.1140628097928195 × 10^280 |
| 131 | ov_131 | 1.114061988246003 × 10^280 |
| 132 | ov_132 | 9.653851917423891 × 10^279 |
| 133 | ov_133 | 8.317768747693897 × 10^279 |
| 134 | ov_134 | 7.126211449692353 × 10^279 |
| 135 | ov_135 | 6.067882710731832 × 10^279 |
| 136 | ov_136 | 5.132107573831524 × 10^279 |
| 137 | ov_137 | 4.308790226043525 × 10^279 |
| 138 | ov_138 | 3.588376508391021 × 10^279 |
| 139 | ov_139 | 2.9618217280722915 × 10^279 |
| 140 | ov_140 | 2.4205632766054425 × 10^279 |
| 141 | ov_141 | 1.9564975517799582 × 10^279 |
| 142 | ov_142 | 1.5619607098225556 × 10^279 |
| 143 | ov_143 | 1.2297128021763269 × 10^279 |
| 144 | ov_144 | 9.529248788693556 × 10^278 |
| 145 | ov_145 | 7.2516866772294 × 10^278 |
| 146 | ov_146 | 5.4040846570962446 × 10^278 |
| 147 | ov_147 | 3.929949056875218 × 10^278 |
| 148 | ov_148 | 2.776602885623282 × 10^278 |
| 149 | ov_149 | 1.8951519769881015 × 10^278 |
| 150 | ov_150 | 1.2404613914294348 × 10^278 |
| 151 | ov_151 | 7.711397793792405 × 10^277 |
| 152 | ov_152 | 4.4952967529225785 × 10^277 |
| 153 | ov_153 | 2.417019595982367 × 10^277 |
| 154 | ov_154 | 1.174529925919251 × 10^277 |
| 155 | ov_155 | 5.030323021552823 × 10^276 |
| 156 | aaa_76_25 | 1.7496576325556038 × 10^276 |
| 157 | aaa_76_26 | 1.0772257687861566 × 10^276 |
| 158 | aaa_76_27 | 5.909369299865504 × 10^275 |
| 159 | aaa_76_28 | 2.7864641573452707 × 10^275 |
| 160 | aaa_76_29 | 1.0498166502405037 × 10^275 |

### Output Bits Sorted by Complexity

| Rank | Output Bit | Complexity |
|:----:|:----------:|:----------:|
| 160 | aaa_76_29 | 1.0498166502405037 × 10^275 |
| 159 | aaa_76_28 | 2.7864641573452707 × 10^275 |
| 158 | aaa_76_27 | 5.909369299865504 × 10^275 |
| 157 | aaa_76_26 | 1.0772257687861566 × 10^276 |
| 156 | aaa_76_25 | 1.7496576325556038 × 10^276 |
| 155 | ov_155 | 5.030323021552823 × 10^276 |
| 154 | ov_154 | 1.174529925919251 × 10^277 |
| 153 | ov_153 | 2.417019595982367 × 10^277 |
| 152 | ov_152 | 4.4952967529225785 × 10^277 |
| 151 | ov_151 | 7.711397793792405 × 10^277 |
| 150 | ov_150 | 1.2404613914294348 × 10^278 |
| 149 | ov_149 | 1.8951519769881015 × 10^278 |
| 148 | ov_148 | 2.776602885623282 × 10^278 |
| 147 | ov_147 | 3.929949056875218 × 10^278 |
| 146 | ov_146 | 5.4040846570962446 × 10^278 |
| 145 | ov_145 | 7.2516866772294 × 10^278 |
| 144 | ov_144 | 9.529248788693556 × 10^278 |
| 143 | ov_143 | 1.2297128021763269 × 10^279 |
| 142 | ov_142 | 1.5619607098225556 × 10^279 |
| 141 | ov_141 | 1.9564975517799582 × 10^279 |
| 140 | ov_140 | 2.4205632766054425 × 10^279 |
| 139 | ov_139 | 2.9618217280722915 × 10^279 |
| 138 | ov_138 | 3.588376508391021 × 10^279 |
| 137 | ov_137 | 4.308790226043525 × 10^279 |
| 136 | ov_136 | 5.132107573831524 × 10^279 |
| 135 | ov_135 | 6.067882710731832 × 10^279 |
| 134 | ov_134 | 7.126211449692353 × 10^279 |
| 133 | ov_133 | 8.317768747693897 × 10^279 |
| 132 | ov_132 | 9.653851917423891 × 10^279 |
| 131 | ov_131 | 1.114061988246003 × 10^280 |
| 130 | ov_130 | 1.1140628097928195 × 10^280 |
| 129 | ov_129 | 1.114065365114059 × 10^280 |
| 128 | aaa_77_29 | 1.2097851815455302 × 10^280 |
| 127 | aaa_77_28 | 3.2281444917980953 × 10^280 |
| 126 | ov_126 | 1.0111259485111463 × 10^281 |
| 125 | ov_125 | 2.271691890503883 × 10^281 |
| 124 | ov_124 | 4.3261377676062115 × 10^281 |
| 123 | ov_123 | 7.396090716237213 × 10^281 |
| 122 | ov_122 | 1.1703183016376181 × 10^282 |
| 121 | ov_121 | 1.746905948372386 × 10^282 |
| 120 | ov_120 | 2.491539031753991 × 10^282 |
| 119 | ov_119 | 3.4263890677082984 × 10^282 |
| 118 | ov_118 | 4.573635430773979 × 10^282 |
| 117 | ov_117 | 5.955472523434408 × 10^282 |
| 116 | ov_116 | 7.59412388637524 × 10^282 |
| 115 | ov_115 | 9.511865411367907 × 10^282 |
| 114 | ov_114 | 1.1731059146197616 × 10^283 |
| 113 | ov_113 | 1.4274199181360322 × 10^283 |
| 112 | ov_112 | 1.7163971108882716 × 10^283 |
| 111 | ov_111 | 2.0423326544884385 × 10^283 |
| 110 | ov_110 | 2.407557420986629 × 10^283 |
| 109 | ov_109 | 2.8144489064768445 × 10^283 |
| 108 | ov_108 | 3.265444100729778 × 10^283 |
| 107 | ov_107 | 3.7630544642696283 × 10^283 |
| 106 | ov_106 | 4.309883165688354 × 10^283 |
| 105 | ov_105 | 4.908644733882598 × 10^283 |
| 104 | ov_104 | 5.562187282425976 × 10^283 |
| 103 | ov_103 | 6.273517466569909 × 10^283 |
| 102 | ov_102 | 7.045828337530927 × 10^283 |
| 101 | ov_101 | 7.882530263920158 × 10^283 |
| 100 | ov_100 | 8.787285096557838 × 10^283 |
| 96 | aaa_78_29 | 8.966237400202985 × 10^283 |
| 99 | ov_099 | 9.764043760659498 × 10^283 |
| 98 | ov_098 | 9.764137338173182 × 10^283 |
| 97 | ov_097 | 9.764430326074464 × 10^283 |
| 95 | aaa_78_28 | 2.3664268097930484 × 10^284 |
| 94 | ov_094 | 7.357630180191304 × 10^284 |
| 93 | ov_093 | 1.6414420201791383 × 10^285 |
| 92 | ov_092 | 3.107533089108821 × 10^285 |
| 91 | ov_091 | 5.848320594469889 × 10^285 |
| 90 | ov_090 | 1.1446305000531933 × 10^286 |
| 89 | ov_089 | 2.1791995742484925 × 10^286 |
| 88 | ov_088 | 3.9084352800155174 × 10^286 |
| 87 | ov_087 | 6.583160922577269 × 10^286 |
| 86 | ov_086 | 1.0485264169215467 × 10^287 |
| 85 | ov_085 | 1.5927906490171482 × 10^287 |
| 84 | ov_084 | 2.3255822718979007 × 10^287 |
| 83 | ov_083 | 3.2845728466676763 × 10^287 |
| 82 | ov_082 | 4.510685312628763 × 10^287 |
| 81 | ov_081 | 6.048161620727177 × 10^287 |
| 64 | lv_79_m31 | 7.9005549320299 × 10^287 |
| 80 | ov_080 | 7.944646474542708 × 10^287 |
| 79 | ov_079 | 1.0251288954424293 × 10^288 |
| 78 | ov_078 | 1.3022863802329242 × 10^288 |
| 77 | ov_077 | 1.6317914148412437 × 10^288 |
| 76 | ov_076 | 2.0198917466210556 × 10^288 |
| 75 | ov_075 | 2.473247655228323 × 10^288 |
| 74 | ov_074 | 2.998953733943475 × 10^288 |
| 63 | ov_063 | 3.265833512867671 × 10^288 |
| 73 | ov_073 | 3.604563537129167 × 10^288 |
| 72 | ov_072 | 4.298117279131906 × 10^288 |
| 71 | ov_071 | 5.0881727732705774 × 10^288 |
| 70 | ov_070 | 5.983839803844229 × 10^288 |
| 69 | ov_069 | 6.994818129497941 × 10^288 |
| 68 | ov_068 | 8.126436966402374 × 10^288 |
| 67 | ov_067 | 9.384376374611602 × 10^288 |
| 66 | ov_066 | 9.384383487913436 × 10^288 |
| 65 | ov_065 | 9.384405437625835 × 10^288 |
| 62 | ov_062 | 1.3495479972366816 × 10^289 |
| 61 | ov_061 | 4.0806327880739134 × 10^289 |
| 60 | ov_060 | 9.905786578837177 × 10^289 |
| 59 | ov_059 | 2.057570873147001 × 10^290 |
| 58 | ov_058 | 3.796689621930621 × 10^290 |
| 57 | ov_057 | 6.395586016758668 × 10^290 |
| 56 | ov_056 | 1.0901693207873027 × 10^291 |
| 55 | ov_055 | 1.9597543638086544 × 10^291 |
| 54 | ov_054 | 3.514102346378022 × 10^291 |
| 53 | ov_053 | 6.056543177951633 × 10^291 |
| 52 | ov_052 | 9.927958423784628 × 10^291 |
| 51 | ov_051 | 1.5506800437603564 × 10^292 |
| 50 | ov_050 | 2.320912919986551 × 10^292 |
| 49 | ov_049 | 3.34886801940555 × 10^292 |
| 48 | ov_048 | 4.683697968034229 × 10^292 |
| 47 | ov_047 | 6.378352619773613 × 10^292 |
| 32 | lv_80_m31 | 8.057527233313954 × 10^292 |
| 46 | ov_046 | 8.462178981341602 × 10^292 |
| 45 | ov_045 | 1.0966466203294832 × 10^293 |
| 44 | ov_044 | 1.3924475269715422 × 10^293 |
| 43 | ov_043 | 1.7371477768526801 × 10^293 |
| 42 | ov_042 | 2.1380076967965518 × 10^293 |
| 41 | ov_041 | 2.6027058298353533 × 10^293 |
| 40 | ov_040 | 3.1393527702282607 × 10^293 |
| 31 | ov_031 | 3.3321163365667682 × 10^293 |
| 39 | ov_039 | 3.756508082312951 × 10^293 |
| 38 | ov_038 | 4.463200727151645 × 10^293 |
| 37 | ov_037 | 5.268953450554067 × 10^293 |
| 36 | ov_036 | 6.183811616919027 × 10^293 |
| 35 | ov_035 | 7.2183770056269734 × 10^293 |
| 34 | ov_034 | 8.383847120645372 × 10^293 |
| 33 | ov_033 | 9.69206059979905 × 10^293 |
| 30 | ov_030 | 1.3775488898738084 × 10^294 |
| 29 | ov_029 | 4.1675974809554476 × 10^294 |
| 28 | ov_028 | 1.012473975763678 × 10^295 |
| 27 | ov_027 | 2.4215642255828715 × 10^295 |
| 26 | ov_026 | 5.830403630526599 × 10^295 |
| 25 | ov_025 | 1.2811446572934763 × 10^296 |
| 24 | ov_024 | 2.5323235308144195 × 10^296 |
| 23 | ov_023 | 4.571041730305189 × 10^296 |
| 22 | ov_022 | 7.670378260450465 × 10^296 |
| 21 | ov_021 | 1.2142033345832585 × 10^297 |
| 20 | ov_020 | 1.833634003249116 × 10^297 |
| 19 | ov_019 | 2.6642282777758277 × 10^297 |
| 18 | ov_018 | 3.7487529204042233 × 10^297 |
| 17 | ov_017 | 5.133848785225717 × 10^297 |
| 16 | ov_016 | 6.870041083717522 × 10^297 |
| 15 | ov_015 | 9.011756416991962 × 10^297 |
| 14 | ov_014 | 1.1617349151669344 × 10^298 |
| 13 | ov_013 | 1.474914001680283 × 10^298 |
| 12 | ov_012 | 1.8473470100048857 × 10^298 |
| 11 | ov_011 | 2.2860773722490583 × 10^298 |
| 10 | ov_010 | 2.798567397350338 × 10^298 |
| 9 | ov_009 | 3.3927104715990835 × 10^298 |
| 8 | ov_008 | 4.076846233536645 × 10^298 |
| 7 | ov_007 | 4.85977899135293 × 10^298 |
| 6 | ov_006 | 5.750799641058222 × 10^298 |
| 5 | ov_005 | 6.759711394925617 × 10^298 |
| 4 | ov_004 | 7.896859753881754 × 10^298 |
| 3 | ov_003 | 9.167854937894966 × 10^298 |
| 2 | ov_002 | 1.0578626588278633 × 10^299 |
| 1 | ov_001 | 1.2135448544646475 × 10^299 |

