# Results for F001-F002-F003-F004-F005-F006-F007-F008-F009-F010-F011-F012-F013-F014-F015-F016-F017-F018-F019-F020-F021-F022-F023-F024-F025-F026-F027-F028-F029-F030-F031-F032-F033-F034-F035-F036-F037-F038-F039-F040-F041-F042-F043-F044-F045-F046-F047-F048-F049-F050-F051-F052-F053-F054-F055-F056-F057-F058-F059-F060-F061-F062-F063-F064-F065-F066-F067-F068-F069-F070-F071-F072-F073-F074-F075-F076-F077-F078-F079-F080-F081-F082-F083-F084-F085-F086-F087-F088-F089-F090-F091-F092-F093-F094-F095-F096-F097-F098-F099-F100-F101-F102-F103-F104-F105-F106-F107-F108-F109-F110-F111-F112-F113-F114-F115-F116-F117-F118-F119-F120-F121-F122-F123-F124-F125-F126-F127-F128-F129-F130-F131-F132-F133-F134-F135-F136-F137-F138-F139-F140-F141-F142-F143-F144-F145-F146-F147-F148-F149-F150-F151-F152-F153-F154-F155-F156-F157-F158-F159-F160-F161-F162-F163-F164-F165-F166-F167-F168-F169-F170-F171-F172-F173-F174-F175-F176-F177-F178-F179-F180-F181-F182-F183-F184-F185-F186-F187-F188-F189-F190-F191-F192-F193-F194-F195-F196-F197-F198-F199-F200-F201-F202-F203-F204-F205-F206-F207-F208-F209-F210-F211-F212-F213-F214-F215-F216-F217-F218-F219-F220-F221-F222-F223-F224-F225-F226-F227-F228-F229-F230-F231-F232-F233-F234-F235-F236-F237-F238-F239-F240-F241-F242-F243-F244-F245-F246-F247-F248-F249-F250-F251-F252-F253-F254-F255-F256-F257-F258-F259-F260-F261-F262-F263-F264-F265-F266-F267-F268-F269-F270-F271-F272-F273-F274-F275-F276-F277-F278-F279-F280-F281-F282-F283-F284-F285-F286-F287-F288-F289-F290-F291-F292-F293-F294-F295-F296-F297-F298-F299-F300-F301-F302-F303-F304-F305-F306-F307-F308-F309-F310-F311-F312-F313-F314-F315-F316-F317-F318-F319-F320-F321-F322-F323-F324-F325-F326-F327-F328-F329-F330-F331-F332-F333-F334-F335-F336-F337-F338-F339-F340-F341-F342-F343-F344-F345-F346-F347-F348-F349-F350-F351-F352-F353-F354-F355-F356-F357-F358-F359-F360-F361-F362-F363-F364-F365-F366-F367-F368-F369-F370-F371-F372-F373-F374-F375-F376-F377-F378-F379-F380-F381-F382-F383-F384-F385-F386-F387-F388-F389-F390-F391-F392-F393-F394-F395-F396-F397-F398-F399-F400-F401-F402-F403-F404-F405-F406-F407-F408-F409-F410-F411-F412-F413-F414-F415-F416-F417-F418-F419-F420-F421-F422-F423-F424-F425-F426-F427-F428-F429-F430-F431-F432-F433-F434-F435-F436-F437-F438-F439-F440-F441-F442-F443-F444-F445-F446-F447-F448-F449-F450-F451-F452-F453-F454-F455-F456-F457-F458-F459-F460-F461-F462-F463-F464-F465-F466-F467-F468-F469-F470-F471-F472-F473-F474-F475-F476-F477-F478-F479-F480-F481-F482-F483-F484-F485-F486-F487-F488-F489-F490-F491-F492-F493-F494-F495-F496-T502-F508-F509-F510-F511-F512

## Summary

Number of input bits: 512  
Number of free input bits: 10  
Number of output bits: 160

Number of direct occurrences: 40681  
Number of assignments: 30928  
Number of operations: 11135930
(xor: 11107633,
and: 15096,
or: 13201)

Total complexity: 1.4728334182580676 × 10^301

Least occurring input variable: iv_499 (3950)  
Most occurring input variable: iv_507 (4212)

Most co-occurring input variables: iv_501-iv_507 (2088)  
Least co-occurring input variables: iv_499-iv_500 (1812)

Potentially most occurring input variable: iv_503/iv_505 (4444)  
Potentially least occurring input variable: iv_500/iv_505 (4060)

Least output occurring input variable: iv_505 (70)  
Most output occurring input variable: iv_504 (90)

Most output co-occurring input variables: iv_497-iv_504 (52)  
Least output co-occurring input variables: iv_499-iv_505 (28)

Potentially most output occurring input variable: iv_498/iv_504 (90)  
Potentially least output occurring input variable: iv_497/iv_506 (63)

Least complex input bit: iv_497 (7.465088531007704 × 10^298)  
Most complex input bit: iv_505 (5.231514681754185 × 10^300)

Least complex output bit: aaa_76_29 (9.890613672776288 × 10^275)  
Most complex output bit: ov_001 (2.376894999537206 × 10^300)

Least complex input/output complexity: iv_497/aaa_76_29 (5.013079264632295 × 10^273)  
Most complex input/output complexity: iv_505/ov_001 (8.442747790020744 × 10^299)

## Input Bits

### Input Bits in Regular Order

| Input Bit | Complexity | Occurrences | Output Occurrences |
|:---------:|:----------:|:-----------:|:------------------:|
| iv_497 | 7.465088531007704 × 10^298 | 4131 | 89 |
| iv_498 | 1.0439345560257774 × 10^299 | 3985 | 76 |
| iv_499 | 1.7504666709250713 × 10^299 | 3950 | 72 |
| iv_500 | 2.9245113624349087 × 10^299 | 4007 | 76 |
| iv_501 | 4.814837264083261 × 10^299 | 4188 | 80 |
| iv_503 | 1.9653653888802603 × 10^300 | 4057 | 83 |
| iv_504 | 3.779328346322722 × 10^300 | 4020 | 90 |
| iv_505 | 5.231514681754185 × 10^300 | 4043 | 70 |
| iv_506 | 1.2076519068767615 × 10^300 | 4088 | 74 |
| iv_507 | 1.4164479880897676 × 10^300 | 4212 | 78 |

### Input Bits Sorted by Complexity

| Input Bit | Complexity | Occurrences | Output Occurrences |
|:---------:|:----------:|:-----------:|:------------------:|
| iv_497 | 7.465088531007704 × 10^298 | 4131 | 89 |
| iv_498 | 1.0439345560257774 × 10^299 | 3985 | 76 |
| iv_499 | 1.7504666709250713 × 10^299 | 3950 | 72 |
| iv_500 | 2.9245113624349087 × 10^299 | 4007 | 76 |
| iv_501 | 4.814837264083261 × 10^299 | 4188 | 80 |
| iv_506 | 1.2076519068767615 × 10^300 | 4088 | 74 |
| iv_507 | 1.4164479880897676 × 10^300 | 4212 | 78 |
| iv_503 | 1.9653653888802603 × 10^300 | 4057 | 83 |
| iv_504 | 3.779328346322722 × 10^300 | 4020 | 90 |
| iv_505 | 5.231514681754185 × 10^300 | 4043 | 70 |

### Input Bits Sorted by Occurrences

| Input Bit | Complexity | Occurrences | Output Occurrences |
|:---------:|:----------:|:-----------:|:------------------:|
| iv_499 | 1.7504666709250713 × 10^299 | 3950 | 72 |
| iv_498 | 1.0439345560257774 × 10^299 | 3985 | 76 |
| iv_500 | 2.9245113624349087 × 10^299 | 4007 | 76 |
| iv_504 | 3.779328346322722 × 10^300 | 4020 | 90 |
| iv_505 | 5.231514681754185 × 10^300 | 4043 | 70 |
| iv_503 | 1.9653653888802603 × 10^300 | 4057 | 83 |
| iv_506 | 1.2076519068767615 × 10^300 | 4088 | 74 |
| iv_497 | 7.465088531007704 × 10^298 | 4131 | 89 |
| iv_501 | 4.814837264083261 × 10^299 | 4188 | 80 |
| iv_507 | 1.4164479880897676 × 10^300 | 4212 | 78 |

### Input Bits Sorted by Output Occurrences

| Input Bit | Complexity | Occurrences | Output Occurrences |
|:---------:|:----------:|:-----------:|:------------------:|
| iv_505 | 5.231514681754185 × 10^300 | 4043 | 70 |
| iv_499 | 1.7504666709250713 × 10^299 | 3950 | 72 |
| iv_506 | 1.2076519068767615 × 10^300 | 4088 | 74 |
| iv_500 | 2.9245113624349087 × 10^299 | 4007 | 76 |
| iv_498 | 1.0439345560257774 × 10^299 | 3985 | 76 |
| iv_507 | 1.4164479880897676 × 10^300 | 4212 | 78 |
| iv_501 | 4.814837264083261 × 10^299 | 4188 | 80 |
| iv_503 | 1.9653653888802603 × 10^300 | 4057 | 83 |
| iv_497 | 7.465088531007704 × 10^298 | 4131 | 89 |
| iv_504 | 3.779328346322722 × 10^300 | 4020 | 90 |

## Input Bit Co-occurrences

### Input Bit Co-occurrences Sorted by Co-occurrences

| Input Bits | Co-occurrences | Potential Occurrences | Output Co-occurrences | Potential Output Occurrences |
|:----------:|:--------------:|:---------------------:|:---------------------:|:----------------------------:|
| iv_501-iv_507 | 2088 | 4224 | 43 | 72 |
| iv_501-iv_504 | 2032 | 4144 | 51 | 68 |
| iv_497-iv_501 | 2024 | 4271 | 52 | 65 |
| iv_501-iv_503 | 2019 | 4207 | 44 | 75 |
| iv_500-iv_501 | 2009 | 4177 | 40 | 76 |
| iv_500-iv_505 | 1995 | 4060 | 35 | 76 |
| iv_498-iv_501 | 1981 | 4211 | 42 | 72 |
| iv_504-iv_507 | 1977 | 4278 | 47 | 74 |
| iv_504-iv_506 | 1972 | 4164 | 44 | 76 |
| iv_504-iv_505 | 1969 | 4125 | 40 | 80 |

### Input Bit Co-occurrences Sorted by Potential Occurrences

| Input Bits | Co-occurrences | Potential Occurrences | Output Co-occurrences | Potential Output Occurrences |
|:----------:|:--------------:|:---------------------:|:---------------------:|:----------------------------:|
| iv_500-iv_505 | 1995 | 4060 | 35 | 76 |
| iv_504-iv_505 | 1969 | 4125 | 40 | 80 |
| iv_501-iv_504 | 2032 | 4144 | 51 | 68 |
| iv_499-iv_505 | 1921 | 4151 | 28 | 86 |
| iv_504-iv_506 | 1972 | 4164 | 44 | 76 |
| iv_500-iv_501 | 2009 | 4177 | 40 | 76 |
| iv_499-iv_504 | 1882 | 4206 | 39 | 84 |
| iv_501-iv_503 | 2019 | 4207 | 44 | 75 |
| iv_498-iv_501 | 1981 | 4211 | 42 | 72 |
| iv_497-iv_504 | 1969 | 4213 | 52 | 75 |

### Input Bit Output Co-occurrences Sorted by Output Co-occurrences

| Input Bits | Co-occurrences | Potential Occurrences | Output Co-occurrences | Potential Output Occurrences |
|:----------:|:--------------:|:---------------------:|:---------------------:|:----------------------------:|
| iv_497-iv_501 | 2024 | 4271 | 52 | 65 |
| iv_497-iv_504 | 1969 | 4213 | 52 | 75 |
| iv_501-iv_504 | 2032 | 4144 | 51 | 68 |
| iv_497-iv_503 | 1933 | 4322 | 50 | 72 |
| iv_497-iv_506 | 1944 | 4331 | 50 | 63 |
| iv_500-iv_504 | 1870 | 4287 | 49 | 68 |
| iv_503-iv_504 | 1902 | 4273 | 47 | 79 |
| iv_497-iv_507 | 1959 | 4425 | 47 | 73 |
| iv_504-iv_507 | 1977 | 4278 | 47 | 74 |
| iv_497-iv_500 | 1889 | 4360 | 45 | 75 |

### Input Bit Output Co-occurrences Sorted by Potential Output Occurrences

| Input Bits | Co-occurrences | Potential Occurrences | Output Co-occurrences | Potential Output Occurrences |
|:----------:|:--------------:|:---------------------:|:---------------------:|:----------------------------:|
| iv_497-iv_506 | 1944 | 4331 | 50 | 63 |
| iv_497-iv_501 | 2024 | 4271 | 52 | 65 |
| iv_500-iv_504 | 1870 | 4287 | 49 | 68 |
| iv_501-iv_504 | 2032 | 4144 | 51 | 68 |
| iv_505-iv_506 | 1929 | 4273 | 37 | 70 |
| iv_497-iv_503 | 1933 | 4322 | 50 | 72 |
| iv_498-iv_501 | 1981 | 4211 | 42 | 72 |
| iv_501-iv_507 | 2088 | 4224 | 43 | 72 |
| iv_498-iv_499 | 1843 | 4249 | 38 | 72 |
| iv_498-iv_503 | 1880 | 4282 | 43 | 73 |

## Output Bits

### Output Bits in Regular Order

| Rank | Output Bit | Complexity |
|:----:|:----------:|:----------:|
| 1 | ov_001 | 2.376894999537206 × 10^300 |
| 2 | ov_002 | 2.0581660340887386 × 10^300 |
| 3 | ov_003 | 1.772971190650825 × 10^300 |
| 4 | ov_004 | 1.5187506575939272 × 10^300 |
| 5 | ov_005 | 1.2930843485591396 × 10^300 |
| 6 | ov_006 | 1.0936819238923973 × 10^300 |
| 7 | ov_007 | 9.18374110744055 × 10^299 |
| 8 | ov_008 | 7.651052414237435 × 10^299 |
| 9 | ov_009 | 6.319269100957549 × 10^299 |
| 10 | ov_010 | 5.169926295530346 × 10^299 |
| 11 | ov_011 | 4.185533684317011 × 10^299 |
| 12 | ov_012 | 3.349538560473948 × 10^299 |
| 13 | ov_013 | 2.646295545407261 × 10^299 |
| 14 | ov_014 | 2.061042162406952 × 10^299 |
| 15 | ov_015 | 1.5798795068468749 × 10^299 |
| 16 | ov_016 | 1.1897572059007377 × 10^299 |
| 17 | ov_017 | 8.784618670091078 × 10^298 |
| 18 | ov_018 | 6.346082784438398 × 10^298 |
| 19 | ov_019 | 4.4763272330849506 × 10^298 |
| 20 | ov_020 | 3.0778793034800427 × 10^298 |
| 21 | ov_021 | 2.0613933495857303 × 10^298 |
| 22 | ov_022 | 1.3456239367317255 × 10^298 |
| 23 | ov_023 | 8.574072720425398 × 10^297 |
| 24 | ov_024 | 5.316489891964858 × 10^297 |
| 25 | ov_025 | 3.113166741606681 × 10^297 |
| 26 | ov_026 | 1.6990892456802027 × 10^297 |
| 27 | ov_027 | 8.495258696705811 × 10^296 |
| 28 | ov_028 | 3.800219111048419 × 10^296 |
| 29 | ov_029 | 1.4639756329045392 × 10^296 |
| 30 | ov_030 | 4.4747407741015816 × 10^295 |
| 31 | ov_031 | 8.726979093245116 × 10^294 |
| 32 | lv_80_m31 | 1.7017911039371785 × 10^294 |
| 33 | ov_033 | 2.044262336175667 × 10^295 |
| 34 | ov_034 | 1.7729290502425109 × 10^295 |
| 35 | ov_035 | 1.5304998948996888 × 10^295 |
| 36 | ov_036 | 1.314476629299127 × 10^295 |
| 37 | ov_037 | 1.1224951615981305 × 10^295 |
| 38 | ov_038 | 9.523160511915713 × 10^294 |
| 39 | ov_039 | 8.018163193758566 × 10^294 |
| 40 | ov_040 | 6.68982442681488 × 10^294 |
| 41 | ov_041 | 5.52834217435656 × 10^294 |
| 42 | ov_042 | 4.524418356656982 × 10^294 |
| 43 | ov_043 | 3.669236122025595 × 10^294 |
| 44 | ov_044 | 2.946533822892599 × 10^294 |
| 45 | ov_045 | 2.3409318034133376 × 10^294 |
| 46 | ov_046 | 1.8379103714344452 × 10^294 |
| 47 | ov_047 | 1.4237925206883631 × 10^294 |
| 48 | ov_048 | 1.0857306303402746 × 10^294 |
| 49 | ov_049 | 8.17506799116433 × 10^293 |
| 50 | ov_050 | 6.0790466894574684 × 10^293 |
| 51 | ov_051 | 4.465143708512259 × 10^293 |
| 52 | ov_052 | 3.237285897528793 × 10^293 |
| 53 | ov_053 | 2.307397388216233 × 10^293 |
| 54 | ov_054 | 1.5953798507716245 × 10^293 |
| 55 | ov_055 | 1.0631765021546026 × 10^293 |
| 56 | ov_056 | 6.767101082808886 × 10^292 |
| 57 | ov_057 | 4.0587978271836364 × 10^292 |
| 58 | ov_058 | 2.245591588354321 × 10^292 |
| 59 | ov_059 | 1.105954381807725 × 10^292 |
| 60 | ov_060 | 4.580895803730171 × 10^291 |
| 61 | ov_061 | 1.599303529282775 × 10^291 |
| 62 | ov_062 | 4.3847758049053935 × 10^290 |
| 63 | ov_063 | 8.540888294337774 × 10^289 |
| 64 | lv_79_m31 | 1.6632267724511869 × 10^289 |
| 65 | ov_065 | 1.9646376990660023 × 10^290 |
| 66 | ov_066 | 1.964632283664746 × 10^290 |
| 67 | ov_067 | 1.9646309989250685 × 10^290 |
| 68 | ov_068 | 1.6962934308829825 × 10^290 |
| 69 | ov_069 | 1.4565859897006469 × 10^290 |
| 70 | ov_070 | 1.2433579848179271 × 10^290 |
| 71 | ov_071 | 1.0545598645168985 × 10^290 |
| 72 | ov_072 | 8.882371872186656 × 10^289 |
| 73 | ov_073 | 7.42525895436791 × 10^289 |
| 74 | ov_074 | 6.156486608136689 × 10^289 |
| 75 | ov_075 | 5.059120807870596 × 10^289 |
| 76 | ov_076 | 4.1170451911039007 × 10^289 |
| 77 | ov_077 | 3.314943937652065 × 10^289 |
| 78 | ov_078 | 2.638287466689107 × 10^289 |
| 79 | ov_079 | 2.0733199859432703 × 10^289 |
| 80 | ov_080 | 1.6070485765747995 × 10^289 |
| 81 | ov_081 | 1.2272337098771667 × 10^289 |
| 82 | ov_082 | 9.223810926935622 × 10^288 |
| 83 | ov_083 | 6.817347389916017 × 10^288 |
| 84 | ov_084 | 4.9527116543988466 × 10^288 |
| 85 | ov_085 | 3.5369460911542204 × 10^288 |
| 86 | ov_086 | 2.484331656674626 × 10^288 |
| 87 | ov_087 | 1.716357463928553 × 10^288 |
| 88 | ov_088 | 1.161697527590519 × 10^288 |
| 89 | ov_089 | 7.561936695800574 × 10^287 |
| 90 | ov_090 | 4.695569691923768 × 10^287 |
| 91 | ov_091 | 2.7507402822759274 × 10^287 |
| 92 | ov_092 | 1.4960396969056884 × 10^287 |
| 93 | ov_093 | 7.357675106976713 × 10^286 |
| 94 | ov_094 | 3.09923357701991 × 10^286 |
| 95 | aaa_78_28 | 9.420354952377141 × 10^285 |
| 96 | aaa_78_29 | 2.8219531820133195 × 10^285 |
| 97 | ov_097 | 1.469568247156482 × 10^285 |
| 98 | ov_098 | 1.4695515971651723 × 10^285 |
| 99 | ov_099 | 1.469546284803423 × 10^285 |
| 100 | ov_100 | 1.2075979271160901 × 10^285 |
| 101 | ov_101 | 9.849576255842535 × 10^284 |
| 102 | ov_102 | 7.975196142539778 × 10^284 |
| 103 | ov_103 | 6.414013919347954 × 10^284 |
| 104 | ov_104 | 5.129274241810251 × 10^284 |
| 105 | ov_105 | 4.0861502430127815 × 10^284 |
| 106 | ov_106 | 3.2516221012185714 × 10^284 |
| 107 | ov_107 | 2.5943734346191152 × 10^284 |
| 108 | ov_108 | 2.0847036919034806 × 10^284 |
| 109 | ov_109 | 1.6944548039697858 × 10^284 |
| 110 | ov_110 | 1.3969504568185376 × 10^284 |
| 111 | ov_111 | 1.166946438960295 × 10^284 |
| 112 | ov_112 | 9.80590608943767 × 10^283 |
| 113 | ov_113 | 8.153911201884431 × 10^283 |
| 114 | ov_114 | 6.700314521536005 × 10^283 |
| 115 | ov_115 | 5.432093544793972 × 10^283 |
| 116 | ov_116 | 4.336331320162199 × 10^283 |
| 117 | ov_117 | 3.400188390192544 × 10^283 |
| 118 | ov_118 | 2.610882067046594 × 10^283 |
| 119 | ov_119 | 1.9556705429351867 × 10^283 |
| 120 | ov_120 | 1.4218404168130596 × 10^283 |
| 121 | ov_121 | 9.966971857671466 × 10^282 |
| 122 | ov_122 | 6.67558249587188 × 10^282 |
| 123 | ov_123 | 4.2174797703150424 × 10^282 |
| 124 | ov_124 | 2.4659438229995155 × 10^282 |
| 125 | ov_125 | 1.294270693675043 × 10^282 |
| 126 | ov_126 | 5.757618524120884 × 10^281 |
| 127 | aaa_77_28 | 1.8372018954184206 × 10^281 |
| 128 | aaa_77_29 | 6.8800944707122095 × 10^280 |
| 129 | ov_129 | 6.295208976722273 × 10^280 |
| 130 | ov_130 | 6.295189755611666 × 10^280 |
| 131 | ov_131 | 6.295185121412012 × 10^280 |
| 132 | ov_132 | 5.440073177675878 × 10^280 |
| 133 | ov_133 | 4.675954057749225 × 10^280 |
| 134 | ov_134 | 3.995910542490774 × 10^280 |
| 135 | ov_135 | 3.3933837615430696 × 10^280 |
| 136 | ov_136 | 2.8621475865579202 × 10^280 |
| 137 | ov_137 | 2.3962869182366574 × 10^280 |
| 138 | ov_138 | 1.9901794614655747 × 10^280 |
| 139 | ov_139 | 1.638480603044874 × 10^280 |
| 140 | ov_140 | 1.3361110262491064 × 10^280 |
| 141 | ov_141 | 1.0782467158425413 × 10^280 |
| 142 | ov_142 | 8.603110263045978 × 10^279 |
| 143 | ov_143 | 6.779685049786555 × 10^279 |
| 144 | ov_144 | 5.271201807018945 × 10^279 |
| 145 | ov_145 | 4.0390006182190193 × 10^279 |
| 146 | ov_146 | 3.046726353807184 × 10^279 |
| 147 | ov_147 | 2.260311779265129 × 10^279 |
| 148 | ov_148 | 1.6479667790598096 × 10^279 |
| 149 | ov_149 | 1.1801717363921152 × 10^279 |
| 150 | ov_150 | 8.296733825067745 × 10^278 |
| 151 | ov_151 | 5.714819425355288 × 10^278 |
| 152 | ov_152 | 3.828690235683433 × 10^278 |
| 153 | ov_153 | 2.4336606440171432 × 10^278 |
| 154 | ov_154 | 1.4330358078022983 × 10^278 |
| 155 | ov_155 | 7.414124304393609 × 10^277 |
| 156 | aaa_76_25 | 2.8467620360032225 × 10^277 |
| 157 | aaa_76_26 | 1.6415657299699736 × 10^277 |
| 158 | aaa_76_27 | 8.389104761988162 × 10^276 |
| 159 | aaa_76_28 | 3.2593405741188975 × 10^276 |
| 160 | aaa_76_29 | 9.890613672776288 × 10^275 |

### Output Bits Sorted by Complexity

| Rank | Output Bit | Complexity |
|:----:|:----------:|:----------:|
| 160 | aaa_76_29 | 9.890613672776288 × 10^275 |
| 159 | aaa_76_28 | 3.2593405741188975 × 10^276 |
| 158 | aaa_76_27 | 8.389104761988162 × 10^276 |
| 157 | aaa_76_26 | 1.6415657299699736 × 10^277 |
| 156 | aaa_76_25 | 2.8467620360032225 × 10^277 |
| 155 | ov_155 | 7.414124304393609 × 10^277 |
| 154 | ov_154 | 1.4330358078022983 × 10^278 |
| 153 | ov_153 | 2.4336606440171432 × 10^278 |
| 152 | ov_152 | 3.828690235683433 × 10^278 |
| 151 | ov_151 | 5.714819425355288 × 10^278 |
| 150 | ov_150 | 8.296733825067745 × 10^278 |
| 149 | ov_149 | 1.1801717363921152 × 10^279 |
| 148 | ov_148 | 1.6479667790598096 × 10^279 |
| 147 | ov_147 | 2.260311779265129 × 10^279 |
| 146 | ov_146 | 3.046726353807184 × 10^279 |
| 145 | ov_145 | 4.0390006182190193 × 10^279 |
| 144 | ov_144 | 5.271201807018945 × 10^279 |
| 143 | ov_143 | 6.779685049786555 × 10^279 |
| 142 | ov_142 | 8.603110263045978 × 10^279 |
| 141 | ov_141 | 1.0782467158425413 × 10^280 |
| 140 | ov_140 | 1.3361110262491064 × 10^280 |
| 139 | ov_139 | 1.638480603044874 × 10^280 |
| 138 | ov_138 | 1.9901794614655747 × 10^280 |
| 137 | ov_137 | 2.3962869182366574 × 10^280 |
| 136 | ov_136 | 2.8621475865579202 × 10^280 |
| 135 | ov_135 | 3.3933837615430696 × 10^280 |
| 134 | ov_134 | 3.995910542490774 × 10^280 |
| 133 | ov_133 | 4.675954057749225 × 10^280 |
| 132 | ov_132 | 5.440073177675878 × 10^280 |
| 131 | ov_131 | 6.295185121412012 × 10^280 |
| 130 | ov_130 | 6.295189755611666 × 10^280 |
| 129 | ov_129 | 6.295208976722273 × 10^280 |
| 128 | aaa_77_29 | 6.8800944707122095 × 10^280 |
| 127 | aaa_77_28 | 1.8372018954184206 × 10^281 |
| 126 | ov_126 | 5.757618524120884 × 10^281 |
| 125 | ov_125 | 1.294270693675043 × 10^282 |
| 124 | ov_124 | 2.4659438229995155 × 10^282 |
| 123 | ov_123 | 4.2174797703150424 × 10^282 |
| 122 | ov_122 | 6.67558249587188 × 10^282 |
| 121 | ov_121 | 9.966971857671466 × 10^282 |
| 120 | ov_120 | 1.4218404168130596 × 10^283 |
| 119 | ov_119 | 1.9556705429351867 × 10^283 |
| 118 | ov_118 | 2.610882067046594 × 10^283 |
| 117 | ov_117 | 3.400188390192544 × 10^283 |
| 116 | ov_116 | 4.336331320162199 × 10^283 |
| 115 | ov_115 | 5.432093544793972 × 10^283 |
| 114 | ov_114 | 6.700314521536005 × 10^283 |
| 113 | ov_113 | 8.153911201884431 × 10^283 |
| 112 | ov_112 | 9.80590608943767 × 10^283 |
| 111 | ov_111 | 1.166946438960295 × 10^284 |
| 110 | ov_110 | 1.3969504568185376 × 10^284 |
| 109 | ov_109 | 1.6944548039697858 × 10^284 |
| 108 | ov_108 | 2.0847036919034806 × 10^284 |
| 107 | ov_107 | 2.5943734346191152 × 10^284 |
| 106 | ov_106 | 3.2516221012185714 × 10^284 |
| 105 | ov_105 | 4.0861502430127815 × 10^284 |
| 104 | ov_104 | 5.129274241810251 × 10^284 |
| 103 | ov_103 | 6.414013919347954 × 10^284 |
| 102 | ov_102 | 7.975196142539778 × 10^284 |
| 101 | ov_101 | 9.849576255842535 × 10^284 |
| 100 | ov_100 | 1.2075979271160901 × 10^285 |
| 99 | ov_099 | 1.469546284803423 × 10^285 |
| 98 | ov_098 | 1.4695515971651723 × 10^285 |
| 97 | ov_097 | 1.469568247156482 × 10^285 |
| 96 | aaa_78_29 | 2.8219531820133195 × 10^285 |
| 95 | aaa_78_28 | 9.420354952377141 × 10^285 |
| 94 | ov_094 | 3.09923357701991 × 10^286 |
| 93 | ov_093 | 7.357675106976713 × 10^286 |
| 92 | ov_092 | 1.4960396969056884 × 10^287 |
| 91 | ov_091 | 2.7507402822759274 × 10^287 |
| 90 | ov_090 | 4.695569691923768 × 10^287 |
| 89 | ov_089 | 7.561936695800574 × 10^287 |
| 88 | ov_088 | 1.161697527590519 × 10^288 |
| 87 | ov_087 | 1.716357463928553 × 10^288 |
| 86 | ov_086 | 2.484331656674626 × 10^288 |
| 85 | ov_085 | 3.5369460911542204 × 10^288 |
| 84 | ov_084 | 4.9527116543988466 × 10^288 |
| 83 | ov_083 | 6.817347389916017 × 10^288 |
| 82 | ov_082 | 9.223810926935622 × 10^288 |
| 81 | ov_081 | 1.2272337098771667 × 10^289 |
| 80 | ov_080 | 1.6070485765747995 × 10^289 |
| 64 | lv_79_m31 | 1.6632267724511869 × 10^289 |
| 79 | ov_079 | 2.0733199859432703 × 10^289 |
| 78 | ov_078 | 2.638287466689107 × 10^289 |
| 77 | ov_077 | 3.314943937652065 × 10^289 |
| 76 | ov_076 | 4.1170451911039007 × 10^289 |
| 75 | ov_075 | 5.059120807870596 × 10^289 |
| 74 | ov_074 | 6.156486608136689 × 10^289 |
| 73 | ov_073 | 7.42525895436791 × 10^289 |
| 63 | ov_063 | 8.540888294337774 × 10^289 |
| 72 | ov_072 | 8.882371872186656 × 10^289 |
| 71 | ov_071 | 1.0545598645168985 × 10^290 |
| 70 | ov_070 | 1.2433579848179271 × 10^290 |
| 69 | ov_069 | 1.4565859897006469 × 10^290 |
| 68 | ov_068 | 1.6962934308829825 × 10^290 |
| 67 | ov_067 | 1.9646309989250685 × 10^290 |
| 66 | ov_066 | 1.964632283664746 × 10^290 |
| 65 | ov_065 | 1.9646376990660023 × 10^290 |
| 62 | ov_062 | 4.3847758049053935 × 10^290 |
| 61 | ov_061 | 1.599303529282775 × 10^291 |
| 60 | ov_060 | 4.580895803730171 × 10^291 |
| 59 | ov_059 | 1.105954381807725 × 10^292 |
| 58 | ov_058 | 2.245591588354321 × 10^292 |
| 57 | ov_057 | 4.0587978271836364 × 10^292 |
| 56 | ov_056 | 6.767101082808886 × 10^292 |
| 55 | ov_055 | 1.0631765021546026 × 10^293 |
| 54 | ov_054 | 1.5953798507716245 × 10^293 |
| 53 | ov_053 | 2.307397388216233 × 10^293 |
| 52 | ov_052 | 3.237285897528793 × 10^293 |
| 51 | ov_051 | 4.465143708512259 × 10^293 |
| 50 | ov_050 | 6.0790466894574684 × 10^293 |
| 49 | ov_049 | 8.17506799116433 × 10^293 |
| 48 | ov_048 | 1.0857306303402746 × 10^294 |
| 47 | ov_047 | 1.4237925206883631 × 10^294 |
| 32 | lv_80_m31 | 1.7017911039371785 × 10^294 |
| 46 | ov_046 | 1.8379103714344452 × 10^294 |
| 45 | ov_045 | 2.3409318034133376 × 10^294 |
| 44 | ov_044 | 2.946533822892599 × 10^294 |
| 43 | ov_043 | 3.669236122025595 × 10^294 |
| 42 | ov_042 | 4.524418356656982 × 10^294 |
| 41 | ov_041 | 5.52834217435656 × 10^294 |
| 40 | ov_040 | 6.68982442681488 × 10^294 |
| 39 | ov_039 | 8.018163193758566 × 10^294 |
| 31 | ov_031 | 8.726979093245116 × 10^294 |
| 38 | ov_038 | 9.523160511915713 × 10^294 |
| 37 | ov_037 | 1.1224951615981305 × 10^295 |
| 36 | ov_036 | 1.314476629299127 × 10^295 |
| 35 | ov_035 | 1.5304998948996888 × 10^295 |
| 34 | ov_034 | 1.7729290502425109 × 10^295 |
| 33 | ov_033 | 2.044262336175667 × 10^295 |
| 30 | ov_030 | 4.4747407741015816 × 10^295 |
| 29 | ov_029 | 1.4639756329045392 × 10^296 |
| 28 | ov_028 | 3.800219111048419 × 10^296 |
| 27 | ov_027 | 8.495258696705811 × 10^296 |
| 26 | ov_026 | 1.6990892456802027 × 10^297 |
| 25 | ov_025 | 3.113166741606681 × 10^297 |
| 24 | ov_024 | 5.316489891964858 × 10^297 |
| 23 | ov_023 | 8.574072720425398 × 10^297 |
| 22 | ov_022 | 1.3456239367317255 × 10^298 |
| 21 | ov_021 | 2.0613933495857303 × 10^298 |
| 20 | ov_020 | 3.0778793034800427 × 10^298 |
| 19 | ov_019 | 4.4763272330849506 × 10^298 |
| 18 | ov_018 | 6.346082784438398 × 10^298 |
| 17 | ov_017 | 8.784618670091078 × 10^298 |
| 16 | ov_016 | 1.1897572059007377 × 10^299 |
| 15 | ov_015 | 1.5798795068468749 × 10^299 |
| 14 | ov_014 | 2.061042162406952 × 10^299 |
| 13 | ov_013 | 2.646295545407261 × 10^299 |
| 12 | ov_012 | 3.349538560473948 × 10^299 |
| 11 | ov_011 | 4.185533684317011 × 10^299 |
| 10 | ov_010 | 5.169926295530346 × 10^299 |
| 9 | ov_009 | 6.319269100957549 × 10^299 |
| 8 | ov_008 | 7.651052414237435 × 10^299 |
| 7 | ov_007 | 9.18374110744055 × 10^299 |
| 6 | ov_006 | 1.0936819238923973 × 10^300 |
| 5 | ov_005 | 1.2930843485591396 × 10^300 |
| 4 | ov_004 | 1.5187506575939272 × 10^300 |
| 3 | ov_003 | 1.772971190650825 × 10^300 |
| 2 | ov_002 | 2.0581660340887386 × 10^300 |
| 1 | ov_001 | 2.376894999537206 × 10^300 |

