# Results for F001-F002-F003-F004-F005-F006-F007-F008-F009-F010-F011-F012-F013-F014-F015-F016-F017-F018-F019-F020-F021-F022-F023-F024-F025-F026-F027-F028-F029-F030-F031-F032-F033-F034-F035-F036-F037-F038-F039-F040-F041-F042-F043-F044-F045-F046-F047-F048-F049-F050-F051-F052-F053-F054-F055-F056-F057-F058-F059-F060-F061-F062-F063-F064-F065-F066-F067-F068-F069-F070-F071-F072-F073-F074-F075-F076-F077-F078-F079-F080-F081-F082-F083-F084-F085-F086-F087-F088-F089-F090-F091-F092-F093-F094-F095-F096-F097-F098-F099-F100-F101-F102-F103-F104-F105-F106-F107-F108-F109-F110-F111-F112-F113-F114-F115-F116-F117-F118-F119-F120-F121-F122-F123-F124-F125-F126-F127-F128-F129-F130-F131-F132-F133-F134-F135-F136-F137-F138-F139-F140-F141-F142-F143-F144-F145-F146-F147-F148-F149-F150-F151-F152-F153-F154-F155-F156-F157-F158-F159-F160-F161-F162-F163-F164-F165-F166-F167-F168-F169-F170-F171-F172-F173-F174-F175-F176-F177-F178-F179-F180-F181-F182-F183-F184-F185-F186-F187-F188-F189-F190-F191-F192-F193-F194-F195-F196-F197-F198-F199-F200-F201-F202-F203-F204-F205-F206-F207-F208-F209-F210-F211-F212-F213-F214-F215-F216-F217-F218-F219-F220-F221-F222-F223-F224-F225-F226-F227-F228-F229-F230-F231-F232-F233-F234-F235-F236-F237-F238-F239-F240-F241-F242-F243-F244-F245-F246-F247-F248-F249-F250-F251-F252-F253-F254-F255-F256-F257-F258-F259-F260-F261-F262-F263-F264-F265-F266-F267-F268-F269-F270-F271-F272-F273-F274-F275-F276-F277-F278-F279-F280-F281-F282-F283-F284-F285-F286-F287-F288-F289-F290-F291-F292-F293-F294-F295-F296-F297-F298-F299-F300-F301-F302-F303-F304-F305-F306-F307-F308-F309-F310-F311-F312-F313-F314-F315-F316-F317-F318-F319-F320-F321-F322-F323-F324-F325-F326-F327-F328-F329-F330-F331-F332-F333-F334-F335-F336-F337-F338-F339-F340-F341-F342-F343-F344-F345-F346-F347-F348-F349-F350-F351-F352-F353-F354-F355-F356-F357-F358-F359-F360-F361-F362-F363-F364-F365-F366-F367-F368-F369-F370-F371-F372-F373-F374-F375-F376-F377-F378-F379-F380-F381-F382-F383-F384-F385-F386-F387-F388-F389-F390-F391-F392-F393-F394-F395-F396-F397-F398-F399-F400-F401-F402-F403-F404-F405-F406-F407-F408-F409-F410-F411-F412-F413-F414-F415-F416-F417-F418-F419-F420-F421-F422-F423-F424-F425-F426-F427-F428-F429-F430-F431-F432-F433-F434-F435-F436-F437-F438-F439-F440-F441-F442-F443-F444-F445-F446-F447-F448-F449-F450-F451-F452-F453-F454-F455-F456-F457-F458-F459-F460-F461-F462-F463-F464-F465-F466-F467-F468-F469-F470-F471-F472-F473-F474-F475-F476-F477-F478-F479-F480-F481-F482-F483-F484-F485-F486-F487-F488-F489-F490-F491-F492-F493-F494-F495-F496-F507-F508-F509-F510-T511-F512

## Summary

Number of input bits: 512  
Number of free input bits: 10  
Number of output bits: 160

Number of direct occurrences: 41317  
Number of assignments: 31095  
Number of operations: 11711237
(xor: 11683005,
and: 15027,
or: 13205)

Total complexity: 3.2809877651324856 × 10^300

Least occurring input variable: iv_502 (4030)  
Most occurring input variable: iv_505 (4295)

Most co-occurring input variables: iv_499-iv_505 (2098)  
Least co-occurring input variables: iv_503-iv_504 (1849)

Potentially most occurring input variable: iv_501/iv_505 (4523)  
Potentially least occurring input variable: iv_498/iv_501 (4109)

Least output occurring input variable: iv_503 (69)  
Most output occurring input variable: iv_505 (93)

Most output co-occurring input variables: iv_499-iv_505 (58)  
Least output co-occurring input variables: iv_503-iv_504 (26)

Potentially most output occurring input variable: iv_499/iv_501 (94)  
Potentially least output occurring input variable: iv_500/iv_502 (65)

Least complex input bit: iv_497 (1.8949373735292025 × 10^298)  
Most complex input bit: iv_505 (1.0474034828841448 × 10^300)

Least complex output bit: aaa_76_29 (2.2114266983587158 × 10^275)  
Most complex output bit: ov_001 (5.3391985135453215 × 10^299)

Least complex input/output complexity: iv_497/aaa_76_29 (1.2772114373827933 × 10^273)  
Most complex input/output complexity: iv_505/ov_001 (1.704454731080474 × 10^299)

## Input Bits

### Input Bits in Regular Order

| Input Bit | Complexity | Occurrences | Output Occurrences |
|:---------:|:----------:|:-----------:|:------------------:|
| iv_497 | 1.8949373735292025 × 10^298 | 4165 | 76 |
| iv_498 | 3.780087988138005 × 10^298 | 4103 | 88 |
| iv_499 | 6.788139755441372 × 10^298 | 4077 | 90 |
| iv_500 | 1.1676859756213765 × 10^299 | 4123 | 83 |
| iv_501 | 1.9576561283655818 × 10^299 | 4124 | 88 |
| iv_502 | 3.2110880807502925 × 10^299 | 4030 | 86 |
| iv_503 | 5.1552359041170915 × 10^299 | 4125 | 69 |
| iv_504 | 8.099375573765465 × 10^299 | 4053 | 71 |
| iv_505 | 1.0474034828841448 × 10^300 | 4295 | 93 |
| iv_506 | 1.4984846481527591 × 10^299 | 4222 | 87 |

### Input Bits Sorted by Complexity

| Input Bit | Complexity | Occurrences | Output Occurrences |
|:---------:|:----------:|:-----------:|:------------------:|
| iv_497 | 1.8949373735292025 × 10^298 | 4165 | 76 |
| iv_498 | 3.780087988138005 × 10^298 | 4103 | 88 |
| iv_499 | 6.788139755441372 × 10^298 | 4077 | 90 |
| iv_500 | 1.1676859756213765 × 10^299 | 4123 | 83 |
| iv_506 | 1.4984846481527591 × 10^299 | 4222 | 87 |
| iv_501 | 1.9576561283655818 × 10^299 | 4124 | 88 |
| iv_502 | 3.2110880807502925 × 10^299 | 4030 | 86 |
| iv_503 | 5.1552359041170915 × 10^299 | 4125 | 69 |
| iv_504 | 8.099375573765465 × 10^299 | 4053 | 71 |
| iv_505 | 1.0474034828841448 × 10^300 | 4295 | 93 |

### Input Bits Sorted by Occurrences

| Input Bit | Complexity | Occurrences | Output Occurrences |
|:---------:|:----------:|:-----------:|:------------------:|
| iv_502 | 3.2110880807502925 × 10^299 | 4030 | 86 |
| iv_504 | 8.099375573765465 × 10^299 | 4053 | 71 |
| iv_499 | 6.788139755441372 × 10^298 | 4077 | 90 |
| iv_498 | 3.780087988138005 × 10^298 | 4103 | 88 |
| iv_500 | 1.1676859756213765 × 10^299 | 4123 | 83 |
| iv_501 | 1.9576561283655818 × 10^299 | 4124 | 88 |
| iv_503 | 5.1552359041170915 × 10^299 | 4125 | 69 |
| iv_497 | 1.8949373735292025 × 10^298 | 4165 | 76 |
| iv_506 | 1.4984846481527591 × 10^299 | 4222 | 87 |
| iv_505 | 1.0474034828841448 × 10^300 | 4295 | 93 |

### Input Bits Sorted by Output Occurrences

| Input Bit | Complexity | Occurrences | Output Occurrences |
|:---------:|:----------:|:-----------:|:------------------:|
| iv_503 | 5.1552359041170915 × 10^299 | 4125 | 69 |
| iv_504 | 8.099375573765465 × 10^299 | 4053 | 71 |
| iv_497 | 1.8949373735292025 × 10^298 | 4165 | 76 |
| iv_500 | 1.1676859756213765 × 10^299 | 4123 | 83 |
| iv_502 | 3.2110880807502925 × 10^299 | 4030 | 86 |
| iv_506 | 1.4984846481527591 × 10^299 | 4222 | 87 |
| iv_498 | 3.780087988138005 × 10^298 | 4103 | 88 |
| iv_501 | 1.9576561283655818 × 10^299 | 4124 | 88 |
| iv_499 | 6.788139755441372 × 10^298 | 4077 | 90 |
| iv_505 | 1.0474034828841448 × 10^300 | 4295 | 93 |

## Input Bit Co-occurrences

### Input Bit Co-occurrences Sorted by Co-occurrences

| Input Bits | Co-occurrences | Potential Occurrences | Output Co-occurrences | Potential Output Occurrences |
|:----------:|:--------------:|:---------------------:|:---------------------:|:----------------------------:|
| iv_499-iv_505 | 2098 | 4176 | 58 | 67 |
| iv_500-iv_505 | 2087 | 4244 | 49 | 78 |
| iv_497-iv_506 | 2082 | 4223 | 46 | 71 |
| iv_505-iv_506 | 2079 | 4359 | 48 | 84 |
| iv_498-iv_501 | 2059 | 4109 | 54 | 68 |
| iv_500-iv_506 | 2057 | 4231 | 47 | 76 |
| iv_504-iv_505 | 2049 | 4250 | 43 | 78 |
| iv_498-iv_505 | 2044 | 4310 | 52 | 77 |
| iv_497-iv_503 | 2033 | 4224 | 34 | 77 |
| iv_502-iv_505 | 2018 | 4289 | 55 | 69 |

### Input Bit Co-occurrences Sorted by Potential Occurrences

| Input Bits | Co-occurrences | Potential Occurrences | Output Co-occurrences | Potential Output Occurrences |
|:----------:|:--------------:|:---------------------:|:---------------------:|:----------------------------:|
| iv_498-iv_501 | 2059 | 4109 | 54 | 68 |
| iv_500-iv_502 | 2005 | 4143 | 52 | 65 |
| iv_499-iv_505 | 2098 | 4176 | 58 | 67 |
| iv_499-iv_504 | 1958 | 4214 | 39 | 83 |
| iv_498-iv_500 | 2003 | 4220 | 47 | 77 |
| iv_497-iv_506 | 2082 | 4223 | 46 | 71 |
| iv_497-iv_503 | 2033 | 4224 | 34 | 77 |
| iv_500-iv_506 | 2057 | 4231 | 47 | 76 |
| iv_499-iv_503 | 1985 | 4232 | 43 | 73 |
| iv_499-iv_501 | 1982 | 4237 | 42 | 94 |

### Input Bit Output Co-occurrences Sorted by Output Co-occurrences

| Input Bits | Co-occurrences | Potential Occurrences | Output Co-occurrences | Potential Output Occurrences |
|:----------:|:--------------:|:---------------------:|:---------------------:|:----------------------------:|
| iv_499-iv_505 | 2098 | 4176 | 58 | 67 |
| iv_502-iv_505 | 2018 | 4289 | 55 | 69 |
| iv_498-iv_501 | 2059 | 4109 | 54 | 68 |
| iv_500-iv_502 | 2005 | 4143 | 52 | 65 |
| iv_498-iv_505 | 2044 | 4310 | 52 | 77 |
| iv_497-iv_499 | 1992 | 4258 | 50 | 66 |
| iv_499-iv_506 | 2015 | 4269 | 50 | 77 |
| iv_500-iv_505 | 2087 | 4244 | 49 | 78 |
| iv_501-iv_502 | 1928 | 4298 | 48 | 78 |
| iv_505-iv_506 | 2079 | 4359 | 48 | 84 |

### Input Bit Output Co-occurrences Sorted by Potential Output Occurrences

| Input Bits | Co-occurrences | Potential Occurrences | Output Co-occurrences | Potential Output Occurrences |
|:----------:|:--------------:|:---------------------:|:---------------------:|:----------------------------:|
| iv_500-iv_502 | 2005 | 4143 | 52 | 65 |
| iv_497-iv_499 | 1992 | 4258 | 50 | 66 |
| iv_499-iv_505 | 2098 | 4176 | 58 | 67 |
| iv_498-iv_501 | 2059 | 4109 | 54 | 68 |
| iv_498-iv_504 | 1951 | 4254 | 45 | 69 |
| iv_502-iv_505 | 2018 | 4289 | 55 | 69 |
| iv_497-iv_506 | 2082 | 4223 | 46 | 71 |
| iv_497-iv_502 | 1946 | 4303 | 45 | 72 |
| iv_499-iv_503 | 1985 | 4232 | 43 | 73 |
| iv_501-iv_504 | 1957 | 4263 | 43 | 73 |

## Output Bits

### Output Bits in Regular Order

| Rank | Output Bit | Complexity |
|:----:|:----------:|:----------:|
| 1 | ov_001 | 5.3391985135453215 × 10^299 |
| 2 | ov_002 | 4.61611610138706 × 10^299 |
| 3 | ov_003 | 3.969876814306943 × 10^299 |
| 4 | ov_004 | 3.394575081622495 × 10^299 |
| 5 | ov_005 | 2.884627273944629 × 10^299 |
| 6 | ov_006 | 2.434748446718287 × 10^299 |
| 7 | ov_007 | 2.039932157882084 × 10^299 |
| 8 | ov_008 | 1.695433171694612 × 10^299 |
| 9 | ov_009 | 1.3967528151315749 × 10^299 |
| 10 | ov_010 | 1.1396267103255565 × 10^299 |
| 11 | ov_011 | 9.200146032771401 × 10^298 |
| 12 | ov_012 | 7.340920249970451 × 10^298 |
| 13 | ov_013 | 5.782435368907404 × 10^298 |
| 14 | ov_014 | 4.490573276348751 × 10^298 |
| 15 | ov_015 | 3.4332094407092975 × 10^298 |
| 16 | ov_016 | 2.5801795379624307 × 10^298 |
| 17 | ov_017 | 1.903253521971497 × 10^298 |
| 18 | ov_018 | 1.376115505658273 × 10^298 |
| 19 | ov_019 | 9.743482265808275 × 10^297 |
| 20 | ov_020 | 6.754212494061234 × 10^297 |
| 21 | ov_021 | 4.5868223059414245 × 10^297 |
| 22 | ov_022 | 3.0535064505187594 × 10^297 |
| 23 | ov_023 | 1.9851344890566523 × 10^297 |
| 24 | ov_024 | 1.2312222690217522 × 10^297 |
| 25 | ov_025 | 7.211865183693402 × 10^296 |
| 26 | ov_026 | 3.9375519169568016 × 10^296 |
| 27 | ov_027 | 1.9696429530873833 × 10^296 |
| 28 | ov_028 | 8.815656738975598 × 10^295 |
| 29 | ov_029 | 3.398102640567282 × 10^295 |
| 30 | ov_030 | 1.0392852768907313 × 10^295 |
| 31 | ov_031 | 2.0283782930725775 × 10^294 |
| 32 | lv_80_m31 | 3.95846370466694 × 10^293 |
| 33 | ov_033 | 4.718596088974861 × 10^294 |
| 34 | ov_034 | 4.093609369470918 × 10^294 |
| 35 | ov_035 | 3.534346884812832 × 10^294 |
| 36 | ov_036 | 3.0349785335166543 × 10^294 |
| 37 | ov_037 | 2.5899857224307084 × 10^294 |
| 38 | ov_038 | 2.1941393519324767 × 10^294 |
| 39 | ov_039 | 1.8424808808726988 × 10^294 |
| 40 | ov_040 | 1.532596494252319 × 10^294 |
| 41 | ov_041 | 1.2621958680609483 × 10^294 |
| 42 | ov_042 | 1.0291059258957281 × 10^294 |
| 43 | ov_043 | 8.31265640501751 × 10^293 |
| 44 | ov_044 | 6.648727952496202 × 10^293 |
| 45 | ov_045 | 5.26330982653262 × 10^293 |
| 46 | ov_046 | 4.122446287606278 × 10^293 |
| 47 | ov_047 | 3.194151002258914 × 10^293 |
| 48 | ov_048 | 2.4483770861758 × 10^293 |
| 49 | ov_049 | 1.856994404201767 × 10^293 |
| 50 | ov_050 | 1.3937725503025379 × 10^293 |
| 51 | ov_051 | 1.034368141204401 × 10^293 |
| 52 | ov_052 | 7.563154047359645 × 10^292 |
| 53 | ov_053 | 5.390193652139782 × 10^292 |
| 54 | ov_054 | 3.7264952621997565 × 10^292 |
| 55 | ov_055 | 2.4830743970293593 × 10^292 |
| 56 | ov_056 | 1.5802544537480663 × 10^292 |
| 57 | ov_057 | 9.476589578696728 × 10^291 |
| 58 | ov_058 | 5.2420713135038627 × 10^291 |
| 59 | ov_059 | 2.5811158076839056 × 10^291 |
| 60 | ov_060 | 1.0687724464218606 × 10^291 |
| 61 | ov_061 | 3.73010126232052 × 10^290 |
| 62 | ov_062 | 1.0223192165516344 × 10^290 |
| 63 | ov_063 | 1.9905668601922487 × 10^289 |
| 64 | lv_79_m31 | 3.874860396340565 × 10^288 |
| 65 | ov_065 | 4.562898161458637 × 10^289 |
| 66 | ov_066 | 4.562884902650054 × 10^289 |
| 67 | ov_067 | 4.56288174759531 × 10^289 |
| 68 | ov_068 | 3.9338722454784283 × 10^289 |
| 69 | ov_069 | 3.372723991817728 × 10^289 |
| 70 | ov_070 | 2.874290074714401 × 10^289 |
| 71 | ov_071 | 2.4336673733848885 × 10^289 |
| 72 | ov_072 | 2.0461813336368451 × 10^289 |
| 73 | ov_073 | 1.7073738942876544 × 10^289 |
| 74 | ov_074 | 1.4129940654224926 × 10^289 |
| 75 | ov_075 | 1.1589906854157254 × 10^289 |
| 76 | ov_076 | 9.41506908735559 × 10^288 |
| 77 | ov_077 | 7.56876000893804 × 10^288 |
| 78 | ov_078 | 6.016180406417427 × 10^288 |
| 79 | ov_079 | 4.7243719275558526 × 10^288 |
| 80 | ov_080 | 3.662193547981819 × 10^288 |
| 81 | ov_081 | 2.8003011266037176 × 10^288 |
| 82 | ov_082 | 2.1111298263425728 × 10^288 |
| 83 | ov_083 | 1.568879178911926 × 10^288 |
| 84 | ov_084 | 1.1495005732580415 × 10^288 |
| 85 | ov_085 | 8.306869479059939 × 10^287 |
| 86 | ov_086 | 5.918644678929828 × 10^287 |
| 87 | ov_087 | 4.141859672578277 × 10^287 |
| 88 | ov_088 | 2.8052593823545212 × 10^287 |
| 89 | ov_089 | 1.8275150497372797 × 10^287 |
| 90 | ov_090 | 1.1358801090891702 × 10^287 |
| 91 | ov_091 | 6.6617981961273425 × 10^286 |
| 92 | ov_092 | 3.6280480376976314 × 10^286 |
| 93 | ov_093 | 1.787074175002352 × 10^286 |
| 94 | ov_094 | 7.539996809422391 × 10^285 |
| 95 | aaa_78_28 | 2.2953987243412602 × 10^285 |
| 96 | aaa_78_29 | 6.892751906200066 × 10^284 |
| 97 | ov_097 | 3.5575112416665156 × 10^284 |
| 98 | ov_098 | 3.5574754813378584 × 10^284 |
| 99 | ov_099 | 3.5574640806598404 × 10^284 |
| 100 | ov_100 | 2.937246114108451 × 10^284 |
| 101 | ov_101 | 2.4059856415107193 × 10^284 |
| 102 | ov_102 | 1.95485047474235 × 10^284 |
| 103 | ov_103 | 1.5754860402588114 × 10^284 |
| 104 | ov_104 | 1.2599805656840434 × 10^284 |
| 105 | ov_105 | 1.0008350006301782 × 10^284 |
| 106 | ov_106 | 7.909372200522895 × 10^283 |
| 107 | ov_107 | 6.235400817552386 × 10^283 |
| 108 | ov_108 | 4.92242932158324 × 10^283 |
| 109 | ov_109 | 3.9097617625084895 × 10^283 |
| 110 | ov_110 | 3.1398854897749115 × 10^283 |
| 111 | ov_111 | 2.558367461953895 × 10^283 |
| 112 | ov_112 | 2.1137709394410646 × 10^283 |
| 113 | ov_113 | 1.757589551456301 × 10^283 |
| 114 | ov_114 | 1.4441959306789122 × 10^283 |
| 115 | ov_115 | 1.1707803236526692 × 10^283 |
| 116 | ov_116 | 9.345554724414426 × 10^282 |
| 117 | ov_117 | 7.327510561916449 × 10^282 |
| 118 | ov_118 | 5.626093242240796 × 10^282 |
| 119 | ov_119 | 4.213815827682448 × 10^282 |
| 120 | ov_120 | 3.063254357908739 × 10^282 |
| 121 | ov_121 | 2.1470268039372597 × 10^282 |
| 122 | ov_122 | 1.4377775726852845 × 10^282 |
| 123 | ov_123 | 9.0816656701816 × 10^281 |
| 124 | ov_124 | 5.308618062377783 × 10^281 |
| 125 | ov_125 | 2.7853485446723297 × 10^281 |
| 126 | ov_126 | 1.2385848870684836 × 10^281 |
| 127 | aaa_77_28 | 3.950580371565542 × 10^280 |
| 128 | aaa_77_29 | 1.4785540859357055 × 10^280 |
| 129 | ov_129 | 1.3468743443855216 × 10^280 |
| 130 | ov_130 | 1.3468700386310008 × 10^280 |
| 131 | ov_131 | 1.3468689979940352 × 10^280 |
| 132 | ov_132 | 1.1618648157006825 × 10^280 |
| 133 | ov_133 | 9.968561165637842 × 10^279 |
| 134 | ov_134 | 8.502913428327706 × 10^279 |
| 135 | ov_135 | 7.207016166597458 × 10^279 |
| 136 | ov_136 | 6.066948364634638 × 10^279 |
| 137 | ov_137 | 5.0695060400537626 × 10^279 |
| 138 | ov_138 | 4.2021590160270644 × 10^279 |
| 139 | ov_139 | 3.4530144301438826 × 10^279 |
| 140 | ov_140 | 2.810786255296385 × 10^279 |
| 141 | ov_141 | 2.2647701469220448 × 10^279 |
| 142 | ov_142 | 1.8048229692787558 × 10^279 |
| 143 | ov_143 | 1.421346391264539 × 10^279 |
| 144 | ov_144 | 1.1052739797606575 × 10^279 |
| 145 | ov_145 | 8.4806125568101 × 10^278 |
| 146 | ov_146 | 6.416782149307724 × 10^278 |
| 147 | ov_147 | 4.78603853371394 × 10^278 |
| 148 | ov_148 | 3.518222716996217 × 10^278 |
| 149 | ov_149 | 2.54819972905021 × 10^278 |
| 150 | ov_150 | 1.815840190190994 × 10^278 |
| 151 | ov_151 | 1.2660080025570779 × 10^278 |
| 152 | ov_152 | 8.485524913827075 × 10^277 |
| 153 | ov_153 | 5.3964392751773885 × 10^277 |
| 154 | ov_154 | 3.179420851307963 × 10^277 |
| 155 | ov_155 | 1.645952899866667 × 10^277 |
| 156 | aaa_76_25 | 6.323991106144995 × 10^276 |
| 157 | aaa_76_26 | 3.651279767449971 × 10^276 |
| 158 | aaa_76_27 | 1.868653448752303 × 10^276 |
| 159 | aaa_76_28 | 7.273630386874492 × 10^275 |
| 160 | aaa_76_29 | 2.2114266983587158 × 10^275 |

### Output Bits Sorted by Complexity

| Rank | Output Bit | Complexity |
|:----:|:----------:|:----------:|
| 160 | aaa_76_29 | 2.2114266983587158 × 10^275 |
| 159 | aaa_76_28 | 7.273630386874492 × 10^275 |
| 158 | aaa_76_27 | 1.868653448752303 × 10^276 |
| 157 | aaa_76_26 | 3.651279767449971 × 10^276 |
| 156 | aaa_76_25 | 6.323991106144995 × 10^276 |
| 155 | ov_155 | 1.645952899866667 × 10^277 |
| 154 | ov_154 | 3.179420851307963 × 10^277 |
| 153 | ov_153 | 5.3964392751773885 × 10^277 |
| 152 | ov_152 | 8.485524913827075 × 10^277 |
| 151 | ov_151 | 1.2660080025570779 × 10^278 |
| 150 | ov_150 | 1.815840190190994 × 10^278 |
| 149 | ov_149 | 2.54819972905021 × 10^278 |
| 148 | ov_148 | 3.518222716996217 × 10^278 |
| 147 | ov_147 | 4.78603853371394 × 10^278 |
| 146 | ov_146 | 6.416782149307724 × 10^278 |
| 145 | ov_145 | 8.4806125568101 × 10^278 |
| 144 | ov_144 | 1.1052739797606575 × 10^279 |
| 143 | ov_143 | 1.421346391264539 × 10^279 |
| 142 | ov_142 | 1.8048229692787558 × 10^279 |
| 141 | ov_141 | 2.2647701469220448 × 10^279 |
| 140 | ov_140 | 2.810786255296385 × 10^279 |
| 139 | ov_139 | 3.4530144301438826 × 10^279 |
| 138 | ov_138 | 4.2021590160270644 × 10^279 |
| 137 | ov_137 | 5.0695060400537626 × 10^279 |
| 136 | ov_136 | 6.066948364634638 × 10^279 |
| 135 | ov_135 | 7.207016166597458 × 10^279 |
| 134 | ov_134 | 8.502913428327706 × 10^279 |
| 133 | ov_133 | 9.968561165637842 × 10^279 |
| 132 | ov_132 | 1.1618648157006825 × 10^280 |
| 131 | ov_131 | 1.3468689979940352 × 10^280 |
| 130 | ov_130 | 1.3468700386310008 × 10^280 |
| 129 | ov_129 | 1.3468743443855216 × 10^280 |
| 128 | aaa_77_29 | 1.4785540859357055 × 10^280 |
| 127 | aaa_77_28 | 3.950580371565542 × 10^280 |
| 126 | ov_126 | 1.2385848870684836 × 10^281 |
| 125 | ov_125 | 2.7853485446723297 × 10^281 |
| 124 | ov_124 | 5.308618062377783 × 10^281 |
| 123 | ov_123 | 9.0816656701816 × 10^281 |
| 122 | ov_122 | 1.4377775726852845 × 10^282 |
| 121 | ov_121 | 2.1470268039372597 × 10^282 |
| 120 | ov_120 | 3.063254357908739 × 10^282 |
| 119 | ov_119 | 4.213815827682448 × 10^282 |
| 118 | ov_118 | 5.626093242240796 × 10^282 |
| 117 | ov_117 | 7.327510561916449 × 10^282 |
| 116 | ov_116 | 9.345554724414426 × 10^282 |
| 115 | ov_115 | 1.1707803236526692 × 10^283 |
| 114 | ov_114 | 1.4441959306789122 × 10^283 |
| 113 | ov_113 | 1.757589551456301 × 10^283 |
| 112 | ov_112 | 2.1137709394410646 × 10^283 |
| 111 | ov_111 | 2.558367461953895 × 10^283 |
| 110 | ov_110 | 3.1398854897749115 × 10^283 |
| 109 | ov_109 | 3.9097617625084895 × 10^283 |
| 108 | ov_108 | 4.92242932158324 × 10^283 |
| 107 | ov_107 | 6.235400817552386 × 10^283 |
| 106 | ov_106 | 7.909372200522895 × 10^283 |
| 105 | ov_105 | 1.0008350006301782 × 10^284 |
| 104 | ov_104 | 1.2599805656840434 × 10^284 |
| 103 | ov_103 | 1.5754860402588114 × 10^284 |
| 102 | ov_102 | 1.95485047474235 × 10^284 |
| 101 | ov_101 | 2.4059856415107193 × 10^284 |
| 100 | ov_100 | 2.937246114108451 × 10^284 |
| 99 | ov_099 | 3.5574640806598404 × 10^284 |
| 98 | ov_098 | 3.5574754813378584 × 10^284 |
| 97 | ov_097 | 3.5575112416665156 × 10^284 |
| 96 | aaa_78_29 | 6.892751906200066 × 10^284 |
| 95 | aaa_78_28 | 2.2953987243412602 × 10^285 |
| 94 | ov_094 | 7.539996809422391 × 10^285 |
| 93 | ov_093 | 1.787074175002352 × 10^286 |
| 92 | ov_092 | 3.6280480376976314 × 10^286 |
| 91 | ov_091 | 6.6617981961273425 × 10^286 |
| 90 | ov_090 | 1.1358801090891702 × 10^287 |
| 89 | ov_089 | 1.8275150497372797 × 10^287 |
| 88 | ov_088 | 2.8052593823545212 × 10^287 |
| 87 | ov_087 | 4.141859672578277 × 10^287 |
| 86 | ov_086 | 5.918644678929828 × 10^287 |
| 85 | ov_085 | 8.306869479059939 × 10^287 |
| 84 | ov_084 | 1.1495005732580415 × 10^288 |
| 83 | ov_083 | 1.568879178911926 × 10^288 |
| 82 | ov_082 | 2.1111298263425728 × 10^288 |
| 81 | ov_081 | 2.8003011266037176 × 10^288 |
| 80 | ov_080 | 3.662193547981819 × 10^288 |
| 64 | lv_79_m31 | 3.874860396340565 × 10^288 |
| 79 | ov_079 | 4.7243719275558526 × 10^288 |
| 78 | ov_078 | 6.016180406417427 × 10^288 |
| 77 | ov_077 | 7.56876000893804 × 10^288 |
| 76 | ov_076 | 9.41506908735559 × 10^288 |
| 75 | ov_075 | 1.1589906854157254 × 10^289 |
| 74 | ov_074 | 1.4129940654224926 × 10^289 |
| 73 | ov_073 | 1.7073738942876544 × 10^289 |
| 63 | ov_063 | 1.9905668601922487 × 10^289 |
| 72 | ov_072 | 2.0461813336368451 × 10^289 |
| 71 | ov_071 | 2.4336673733848885 × 10^289 |
| 70 | ov_070 | 2.874290074714401 × 10^289 |
| 69 | ov_069 | 3.372723991817728 × 10^289 |
| 68 | ov_068 | 3.9338722454784283 × 10^289 |
| 67 | ov_067 | 4.56288174759531 × 10^289 |
| 66 | ov_066 | 4.562884902650054 × 10^289 |
| 65 | ov_065 | 4.562898161458637 × 10^289 |
| 62 | ov_062 | 1.0223192165516344 × 10^290 |
| 61 | ov_061 | 3.73010126232052 × 10^290 |
| 60 | ov_060 | 1.0687724464218606 × 10^291 |
| 59 | ov_059 | 2.5811158076839056 × 10^291 |
| 58 | ov_058 | 5.2420713135038627 × 10^291 |
| 57 | ov_057 | 9.476589578696728 × 10^291 |
| 56 | ov_056 | 1.5802544537480663 × 10^292 |
| 55 | ov_055 | 2.4830743970293593 × 10^292 |
| 54 | ov_054 | 3.7264952621997565 × 10^292 |
| 53 | ov_053 | 5.390193652139782 × 10^292 |
| 52 | ov_052 | 7.563154047359645 × 10^292 |
| 51 | ov_051 | 1.034368141204401 × 10^293 |
| 50 | ov_050 | 1.3937725503025379 × 10^293 |
| 49 | ov_049 | 1.856994404201767 × 10^293 |
| 48 | ov_048 | 2.4483770861758 × 10^293 |
| 47 | ov_047 | 3.194151002258914 × 10^293 |
| 32 | lv_80_m31 | 3.95846370466694 × 10^293 |
| 46 | ov_046 | 4.122446287606278 × 10^293 |
| 45 | ov_045 | 5.26330982653262 × 10^293 |
| 44 | ov_044 | 6.648727952496202 × 10^293 |
| 43 | ov_043 | 8.31265640501751 × 10^293 |
| 42 | ov_042 | 1.0291059258957281 × 10^294 |
| 41 | ov_041 | 1.2621958680609483 × 10^294 |
| 40 | ov_040 | 1.532596494252319 × 10^294 |
| 39 | ov_039 | 1.8424808808726988 × 10^294 |
| 31 | ov_031 | 2.0283782930725775 × 10^294 |
| 38 | ov_038 | 2.1941393519324767 × 10^294 |
| 37 | ov_037 | 2.5899857224307084 × 10^294 |
| 36 | ov_036 | 3.0349785335166543 × 10^294 |
| 35 | ov_035 | 3.534346884812832 × 10^294 |
| 34 | ov_034 | 4.093609369470918 × 10^294 |
| 33 | ov_033 | 4.718596088974861 × 10^294 |
| 30 | ov_030 | 1.0392852768907313 × 10^295 |
| 29 | ov_029 | 3.398102640567282 × 10^295 |
| 28 | ov_028 | 8.815656738975598 × 10^295 |
| 27 | ov_027 | 1.9696429530873833 × 10^296 |
| 26 | ov_026 | 3.9375519169568016 × 10^296 |
| 25 | ov_025 | 7.211865183693402 × 10^296 |
| 24 | ov_024 | 1.2312222690217522 × 10^297 |
| 23 | ov_023 | 1.9851344890566523 × 10^297 |
| 22 | ov_022 | 3.0535064505187594 × 10^297 |
| 21 | ov_021 | 4.5868223059414245 × 10^297 |
| 20 | ov_020 | 6.754212494061234 × 10^297 |
| 19 | ov_019 | 9.743482265808275 × 10^297 |
| 18 | ov_018 | 1.376115505658273 × 10^298 |
| 17 | ov_017 | 1.903253521971497 × 10^298 |
| 16 | ov_016 | 2.5801795379624307 × 10^298 |
| 15 | ov_015 | 3.4332094407092975 × 10^298 |
| 14 | ov_014 | 4.490573276348751 × 10^298 |
| 13 | ov_013 | 5.782435368907404 × 10^298 |
| 12 | ov_012 | 7.340920249970451 × 10^298 |
| 11 | ov_011 | 9.200146032771401 × 10^298 |
| 10 | ov_010 | 1.1396267103255565 × 10^299 |
| 9 | ov_009 | 1.3967528151315749 × 10^299 |
| 8 | ov_008 | 1.695433171694612 × 10^299 |
| 7 | ov_007 | 2.039932157882084 × 10^299 |
| 6 | ov_006 | 2.434748446718287 × 10^299 |
| 5 | ov_005 | 2.884627273944629 × 10^299 |
| 4 | ov_004 | 3.394575081622495 × 10^299 |
| 3 | ov_003 | 3.969876814306943 × 10^299 |
| 2 | ov_002 | 4.61611610138706 × 10^299 |
| 1 | ov_001 | 5.3391985135453215 × 10^299 |

