# Results for F001-F002-F003-F004-F005-F006-F007-F008-F009-F010-F011-F012-F013-F014-F015-F016-F017-F018-F019-F020-F021-F022-F023-F024-F025-F026-F027-F028-F029-F030-F031-F032-F033-F034-F035-F036-F037-F038-F039-F040-F041-F042-F043-F044-F045-F046-F047-F048-F049-F050-F051-F052-F053-F054-F055-F056-F057-F058-F059-F060-F061-F062-F063-F064-F065-F066-F067-F068-F069-F070-F071-F072-F073-F074-F075-F076-F077-F078-F079-F080-F081-F082-F083-F084-F085-F086-F087-F088-F089-F090-F091-F092-F093-F094-F095-F096-F097-F098-F099-F100-F101-F102-F103-F104-F105-F106-F107-F108-F109-F110-F111-F112-F113-F114-F115-F116-F117-F118-F119-F120-F121-F122-F123-F124-F125-F126-F127-F128-F129-F130-F131-F132-F133-F134-F135-F136-F137-F138-F139-F140-F141-F142-F143-F144-F145-F146-F147-F148-F149-F150-F151-F152-F153-F154-F155-F156-F157-F158-F159-F160-F161-F162-F163-F164-F165-F166-F167-F168-F169-F170-F171-F172-F173-F174-F175-F176-F177-F178-F179-F180-F181-F182-F183-F184-F185-F186-F187-F188-F189-F190-F191-F192-F193-F194-F195-F196-F197-F198-F199-F200-F201-F202-F203-F204-F205-F206-F207-F208-F209-F210-F211-F212-F213-F214-F215-F216-F217-F218-F219-F220-F221-F222-F223-F224-F225-F226-F227-F228-F229-F230-F231-F232-F233-F234-F235-F236-F237-F238-F239-F240-F241-F242-F243-F244-F245-F246-F247-F248-F249-F250-F251-F252-F253-F254-F255-F256-F257-F258-F259-F260-F261-F262-F263-F264-F265-F266-F267-F268-F269-F270-F271-F272-F273-F274-F275-F276-F277-F278-F279-F280-F281-F282-F283-F284-F285-F286-F287-F288-F289-F290-F291-F292-F293-F294-F295-F296-F297-F298-F299-F300-F301-F302-F303-F304-F305-F306-F307-F308-F309-F310-F311-F312-F313-F314-F315-F316-F317-F318-F319-F320-F321-F322-F323-F324-F325-F326-F327-F328-F329-F330-F331-F332-F333-F334-F335-F336-F337-F338-F339-F340-F341-F342-F343-F344-F345-F346-F347-F348-F349-F350-F351-F352-F353-F354-F355-F356-F357-F358-F359-F360-F361-F362-F363-F364-F365-F366-F367-F368-F369-F370-F371-F372-F373-F374-F375-F376-F377-F378-F379-F380-F381-F382-F383-F384-F385-F386-F387-F388-F389-F390-F391-F392-F393-F394-F395-F396-F397-F398-F399-F400-F401-F402-F403-F404-F405-F406-F407-F408-F409-F410-F411-F412-F413-F414-F415-F416-F417-F418-F419-F420-F421-F422-F423-F424-F425-F426-F427-F428-F429-F430-F431-F432-F433-F434-F435-F436-F437-F438-F439-F440-F441-F442-F443-F444-F445-F446-F447-F448-F449-F450-F451-F452-F453-F454-F455-F456-F457-F458-F459-F460-F461-F462-F463-F464-F465-F466-F467-F468-F469-F470-F471-F472-F473-F474-F475-F476-F477-F478-F479-F480-F481-F482-F483-F484-F485-F486-F487-F488-F489-F490-F491-F492-F493-F494-F495-F496-E497506-E499505-F509-F510-F511-F512

## Summary

Number of input bits: 512  
Number of free input bits: 10  
Number of output bits: 160

Number of direct occurrences: 40253  
Number of assignments: 31069  
Number of operations: 10815416
(xor: 10787388,
and: 14734,
or: 13294)

Total complexity: 5.994965377802636 × 10^297

Least occurring input variable: iv_502 (3834)  
Most occurring input variable: iv_508 (4153)

Most co-occurring input variables: iv_507-iv_508 (2016)  
Least co-occurring input variables: iv_498-iv_502 (1738)

Potentially most occurring input variable: iv_497/iv_499 (4566)  
Potentially least occurring input variable: iv_499/iv_504 (4079)

Least output occurring input variable: iv_499 (57)  
Most output occurring input variable: iv_498 (88)

Most output co-occurring input variables: iv_498-iv_501 (48)  
Least output co-occurring input variables: iv_497-iv_499 (22)

Potentially most output occurring input variable: iv_499/iv_501 (90)  
Potentially least output occurring input variable: iv_497/iv_500 (67)

Least complex input bit: iv_498 (4.257787247443418 × 10^295)  
Most complex input bit: iv_499 (1.3355072783823482 × 10^297)

Least complex output bit: aaa_76_29 (1.3496553765602522 × 10^273)  
Most complex output bit: ov_001 (9.589463190727589 × 10^296)

Least complex input/output complexity: iv_498/aaa_76_29 (9.585619079701843 × 10^270)  
Most complex input/output complexity: iv_499/ov_001 (2.1362588572096894 × 10^296)

## Input Bits

### Input Bits in Regular Order

| Input Bit | Complexity | Occurrences | Output Occurrences |
|:---------:|:----------:|:-----------:|:------------------:|
| iv_497 | 6.51661656117759 × 10^296 | 4149 | 73 |
| iv_498 | 4.257787247443418 × 10^295 | 3887 | 88 |
| iv_499 | 1.3355072783823482 × 10^297 | 4125 | 57 |
| iv_500 | 1.2656010189781245 × 10^296 | 4060 | 76 |
| iv_501 | 2.0832273394378555 × 10^296 | 4035 | 83 |
| iv_502 | 3.358361830272259 × 10^296 | 3834 | 82 |
| iv_503 | 5.318842387699102 × 10^296 | 4000 | 75 |
| iv_504 | 8.26070512878589 × 10^296 | 3874 | 78 |
| iv_507 | 8.970264495543758 × 10^296 | 4136 | 76 |
| iv_508 | 1.0395183507563943 × 10^297 | 4153 | 81 |

### Input Bits Sorted by Complexity

| Input Bit | Complexity | Occurrences | Output Occurrences |
|:---------:|:----------:|:-----------:|:------------------:|
| iv_498 | 4.257787247443418 × 10^295 | 3887 | 88 |
| iv_500 | 1.2656010189781245 × 10^296 | 4060 | 76 |
| iv_501 | 2.0832273394378555 × 10^296 | 4035 | 83 |
| iv_502 | 3.358361830272259 × 10^296 | 3834 | 82 |
| iv_503 | 5.318842387699102 × 10^296 | 4000 | 75 |
| iv_497 | 6.51661656117759 × 10^296 | 4149 | 73 |
| iv_504 | 8.26070512878589 × 10^296 | 3874 | 78 |
| iv_507 | 8.970264495543758 × 10^296 | 4136 | 76 |
| iv_508 | 1.0395183507563943 × 10^297 | 4153 | 81 |
| iv_499 | 1.3355072783823482 × 10^297 | 4125 | 57 |

### Input Bits Sorted by Occurrences

| Input Bit | Complexity | Occurrences | Output Occurrences |
|:---------:|:----------:|:-----------:|:------------------:|
| iv_502 | 3.358361830272259 × 10^296 | 3834 | 82 |
| iv_504 | 8.26070512878589 × 10^296 | 3874 | 78 |
| iv_498 | 4.257787247443418 × 10^295 | 3887 | 88 |
| iv_503 | 5.318842387699102 × 10^296 | 4000 | 75 |
| iv_501 | 2.0832273394378555 × 10^296 | 4035 | 83 |
| iv_500 | 1.2656010189781245 × 10^296 | 4060 | 76 |
| iv_499 | 1.3355072783823482 × 10^297 | 4125 | 57 |
| iv_507 | 8.970264495543758 × 10^296 | 4136 | 76 |
| iv_497 | 6.51661656117759 × 10^296 | 4149 | 73 |
| iv_508 | 1.0395183507563943 × 10^297 | 4153 | 81 |

### Input Bits Sorted by Output Occurrences

| Input Bit | Complexity | Occurrences | Output Occurrences |
|:---------:|:----------:|:-----------:|:------------------:|
| iv_499 | 1.3355072783823482 × 10^297 | 4125 | 57 |
| iv_497 | 6.51661656117759 × 10^296 | 4149 | 73 |
| iv_503 | 5.318842387699102 × 10^296 | 4000 | 75 |
| iv_500 | 1.2656010189781245 × 10^296 | 4060 | 76 |
| iv_507 | 8.970264495543758 × 10^296 | 4136 | 76 |
| iv_504 | 8.26070512878589 × 10^296 | 3874 | 78 |
| iv_508 | 1.0395183507563943 × 10^297 | 4153 | 81 |
| iv_502 | 3.358361830272259 × 10^296 | 3834 | 82 |
| iv_501 | 2.0832273394378555 × 10^296 | 4035 | 83 |
| iv_498 | 4.257787247443418 × 10^295 | 3887 | 88 |

## Input Bit Co-occurrences

### Input Bit Co-occurrences Sorted by Co-occurrences

| Input Bits | Co-occurrences | Potential Occurrences | Output Co-occurrences | Potential Output Occurrences |
|:----------:|:--------------:|:---------------------:|:---------------------:|:----------------------------:|
| iv_507-iv_508 | 2016 | 4257 | 43 | 71 |
| iv_499-iv_507 | 1964 | 4333 | 29 | 75 |
| iv_499-iv_508 | 1963 | 4352 | 35 | 68 |
| iv_500-iv_508 | 1962 | 4289 | 36 | 85 |
| iv_499-iv_504 | 1960 | 4079 | 27 | 81 |
| iv_500-iv_507 | 1959 | 4278 | 35 | 82 |
| iv_499-iv_500 | 1950 | 4285 | 27 | 79 |
| iv_500-iv_501 | 1944 | 4207 | 41 | 77 |
| iv_497-iv_500 | 1938 | 4333 | 41 | 67 |
| iv_503-iv_507 | 1923 | 4290 | 36 | 79 |

### Input Bit Co-occurrences Sorted by Potential Occurrences

| Input Bits | Co-occurrences | Potential Occurrences | Output Co-occurrences | Potential Output Occurrences |
|:----------:|:--------------:|:---------------------:|:---------------------:|:----------------------------:|
| iv_499-iv_504 | 1960 | 4079 | 27 | 81 |
| iv_498-iv_504 | 1814 | 4133 | 46 | 74 |
| iv_502-iv_504 | 1773 | 4162 | 42 | 76 |
| iv_500-iv_504 | 1881 | 4172 | 38 | 78 |
| iv_503-iv_504 | 1843 | 4188 | 34 | 85 |
| iv_500-iv_502 | 1851 | 4192 | 37 | 84 |
| iv_500-iv_501 | 1944 | 4207 | 41 | 77 |
| iv_498-iv_500 | 1870 | 4207 | 39 | 86 |
| iv_502-iv_507 | 1873 | 4224 | 42 | 74 |
| iv_500-iv_503 | 1917 | 4226 | 39 | 73 |

### Input Bit Output Co-occurrences Sorted by Output Co-occurrences

| Input Bits | Co-occurrences | Potential Occurrences | Output Co-occurrences | Potential Output Occurrences |
|:----------:|:--------------:|:---------------------:|:---------------------:|:----------------------------:|
| iv_498-iv_501 | 1843 | 4236 | 48 | 75 |
| iv_498-iv_502 | 1738 | 4245 | 46 | 78 |
| iv_498-iv_504 | 1814 | 4133 | 46 | 74 |
| iv_498-iv_508 | 1838 | 4364 | 45 | 79 |
| iv_498-iv_507 | 1876 | 4271 | 43 | 78 |
| iv_498-iv_503 | 1827 | 4233 | 43 | 77 |
| iv_502-iv_508 | 1847 | 4293 | 43 | 77 |
| iv_507-iv_508 | 2016 | 4257 | 43 | 71 |
| iv_502-iv_504 | 1773 | 4162 | 42 | 76 |
| iv_502-iv_507 | 1873 | 4224 | 42 | 74 |

### Input Bit Output Co-occurrences Sorted by Potential Output Occurrences

| Input Bits | Co-occurrences | Potential Occurrences | Output Co-occurrences | Potential Output Occurrences |
|:----------:|:--------------:|:---------------------:|:---------------------:|:----------------------------:|
| iv_497-iv_500 | 1938 | 4333 | 41 | 67 |
| iv_499-iv_508 | 1963 | 4352 | 35 | 68 |
| iv_507-iv_508 | 2016 | 4257 | 43 | 71 |
| iv_499-iv_503 | 1880 | 4365 | 30 | 72 |
| iv_498-iv_499 | 1809 | 4394 | 36 | 73 |
| iv_500-iv_503 | 1917 | 4226 | 39 | 73 |
| iv_498-iv_504 | 1814 | 4133 | 46 | 74 |
| iv_502-iv_507 | 1873 | 4224 | 42 | 74 |
| iv_497-iv_502 | 1808 | 4367 | 40 | 75 |
| iv_498-iv_501 | 1843 | 4236 | 48 | 75 |

## Output Bits

### Output Bits in Regular Order

| Rank | Output Bit | Complexity |
|:----:|:----------:|:----------:|
| 1 | ov_001 | 9.589463190727589 × 10^296 |
| 2 | ov_002 | 8.316222996231806 × 10^296 |
| 3 | ov_003 | 7.175637120042217 × 10^296 |
| 4 | ov_004 | 6.1576540965012375 × 10^296 |
| 5 | ov_005 | 5.252770510929289 × 10^296 |
| 6 | ov_006 | 4.451991921924817 × 10^296 |
| 7 | ov_007 | 3.746798828983946 × 10^296 |
| 8 | ov_008 | 3.1291173576089554 × 10^296 |
| 9 | ov_009 | 2.5912942968645374 × 10^296 |
| 10 | ov_010 | 2.12607605738073 × 10^296 |
| 11 | ov_011 | 1.7265911128349462 × 10^296 |
| 12 | ov_012 | 1.3863355129057943 × 10^296 |
| 13 | ov_013 | 1.0991610801839047 × 10^296 |
| 14 | ov_014 | 8.592659276576361 × 10^295 |
| 15 | ov_015 | 6.61186957253001 × 10^295 |
| 16 | ov_016 | 4.997940235685698 × 10^295 |
| 17 | ov_017 | 3.7028547046289826 × 10^295 |
| 18 | ov_018 | 2.6818477156578 × 10^295 |
| 19 | ov_019 | 1.8933802912595584 × 10^295 |
| 20 | ov_020 | 1.299121198863408 × 10^295 |
| 21 | ov_021 | 8.639333144570017 × 10^294 |
| 22 | ov_022 | 5.558638295876361 × 10^294 |
| 23 | ov_023 | 3.4613748080352176 × 10^294 |
| 24 | ov_024 | 2.0915209668974172 × 10^294 |
| 25 | ov_025 | 1.2247587372817894 × 10^294 |
| 26 | ov_026 | 6.684588447372118 × 10^293 |
| 27 | ov_027 | 3.342276031766632 × 10^293 |
| 28 | ov_028 | 1.4951116838323413 × 10^293 |
| 29 | ov_029 | 5.759483297755795 × 10^292 |
| 30 | ov_030 | 1.7602841638495105 × 10^292 |
| 31 | ov_031 | 3.432530807607847 × 10^291 |
| 32 | lv_80_m31 | 6.6922623379257094 × 10^290 |
| 33 | ov_033 | 8.01849150030218 × 10^291 |
| 34 | ov_034 | 6.952668413123724 × 10^291 |
| 35 | ov_035 | 5.999218223361209 × 10^291 |
| 36 | ov_036 | 5.149003305880358 × 10^291 |
| 37 | ov_037 | 4.393377433663613 × 10^291 |
| 38 | ov_038 | 3.724151199814778 × 10^291 |
| 39 | ov_039 | 3.133562169454436 × 10^291 |
| 40 | ov_040 | 2.6142492970244163 × 10^291 |
| 41 | ov_041 | 2.1592311728593604 × 10^291 |
| 42 | ov_042 | 1.7651095080515924 × 10^291 |
| 43 | ov_043 | 1.428662484299804 × 10^291 |
| 44 | ov_044 | 1.1439493848766925 × 10^291 |
| 45 | ov_045 | 9.053525993060148 × 10^290 |
| 46 | ov_046 | 7.075693724539219 × 10^290 |
| 47 | ov_047 | 5.456052903545214 × 10^290 |
| 48 | ov_048 | 4.147692328100812 × 10^290 |
| 49 | ov_049 | 3.106695436461599 × 10^290 |
| 50 | ov_050 | 2.2921118995648225 × 10^290 |
| 51 | ov_051 | 1.6659370182665954 × 10^290 |
| 52 | ov_052 | 1.193097039537466 × 10^290 |
| 53 | ov_053 | 8.41438784406745 × 10^289 |
| 54 | ov_054 | 5.817224076964262 × 10^289 |
| 55 | ov_055 | 3.876164995126893 × 10^289 |
| 56 | ov_056 | 2.466819775292828 × 10^289 |
| 57 | ov_057 | 1.4793179364948473 × 10^289 |
| 58 | ov_058 | 8.183023044861148 × 10^288 |
| 59 | ov_059 | 4.0292527493109123 × 10^288 |
| 60 | ov_060 | 1.6684707934550667 × 10^288 |
| 61 | ov_061 | 5.823514575292409 × 10^287 |
| 62 | ov_062 | 1.5962483559040506 × 10^287 |
| 63 | ov_063 | 3.108579204247238 × 10^286 |
| 64 | lv_79_m31 | 6.052396165280624 × 10^285 |
| 65 | ov_065 | 7.189527439921469 × 10^286 |
| 66 | ov_066 | 7.189504417481018 × 10^286 |
| 67 | ov_067 | 7.189498782638794 × 10^286 |
| 68 | ov_068 | 6.206605582529313 × 10^286 |
| 69 | ov_069 | 5.330676526910292 × 10^286 |
| 70 | ov_070 | 4.5529927439789625 × 10^286 |
| 71 | ov_071 | 3.865372007960803 × 10^286 |
| 72 | ov_072 | 3.260132390694855 × 10^286 |
| 73 | ov_073 | 2.7300591229628453 × 10^286 |
| 74 | ov_074 | 2.268374496817737 × 10^286 |
| 75 | ov_075 | 1.8687106464963073 × 10^286 |
| 76 | ov_076 | 1.525085050670775 × 10^286 |
| 77 | ov_077 | 1.2318786029585995 × 10^286 |
| 78 | ov_078 | 9.838161009099451 × 10^285 |
| 79 | ov_079 | 7.759490062613445 × 10^285 |
| 80 | ov_080 | 6.036403312047708 × 10^285 |
| 81 | ov_081 | 4.6255150688649055 × 10^285 |
| 82 | ov_082 | 3.486310914230065 × 10^285 |
| 83 | ov_083 | 2.5810517549450813 × 10^285 |
| 84 | ov_084 | 1.8746934412734733 × 10^285 |
| 85 | ov_085 | 1.3348205366509216 × 10^285 |
| 86 | ov_086 | 9.315928319427056 × 10^284 |
| 87 | ov_087 | 6.3770319866800026 × 10^284 |
| 88 | ov_088 | 4.283453767106086 × 10^284 |
| 89 | ov_089 | 2.811902926763897 × 10^284 |
| 90 | ov_090 | 1.7636950539793227 × 10^284 |
| 91 | ov_091 | 1.0456228462715837 × 10^284 |
| 92 | ov_092 | 5.767072098704825 × 10^283 |
| 93 | ov_093 | 2.8817387459066366 × 10^283 |
| 94 | ov_094 | 1.2344190213586526 × 10^283 |
| 95 | aaa_78_28 | 3.811899421917091 × 10^282 |
| 96 | aaa_78_29 | 1.1707139451539591 × 10^282 |
| 97 | ov_097 | 7.732420791742051 × 10^281 |
| 98 | ov_098 | 7.732189624127887 × 10^281 |
| 99 | ov_099 | 7.732115823090994 × 10^281 |
| 100 | ov_100 | 6.958440002527006 × 10^281 |
| 101 | ov_101 | 6.2417651580048856 × 10^281 |
| 102 | ov_102 | 5.578976030152188 × 10^281 |
| 103 | ov_103 | 4.967184654785891 × 10^281 |
| 104 | ov_104 | 4.4037004317092455 × 10^281 |
| 105 | ov_105 | 3.886002947521874 × 10^281 |
| 106 | ov_106 | 3.4117174120748745 × 10^281 |
| 107 | ov_107 | 2.9785925729749545 × 10^281 |
| 108 | ov_108 | 2.584480976314536 × 10^281 |
| 109 | ov_109 | 2.2273214447264476 × 10^281 |
| 110 | ov_110 | 1.90512364606279 × 10^281 |
| 111 | ov_111 | 1.615954627603445 × 10^281 |
| 112 | ov_112 | 1.3579271918264696 × 10^281 |
| 113 | ov_113 | 1.1291899905273409 × 10^281 |
| 114 | ov_114 | 9.279192145541324 × 10^280 |
| 115 | ov_115 | 7.52311756718733 × 10^280 |
| 116 | ov_116 | 6.005797256228701 × 10^280 |
| 117 | ov_117 | 4.709461882530074 × 10^280 |
| 118 | ov_118 | 3.616420192776546 × 10^280 |
| 119 | ov_119 | 2.7090363482094396 × 10^280 |
| 120 | ov_120 | 1.9697130355059847 × 10^280 |
| 121 | ov_121 | 1.3808785863987597 × 10^280 |
| 122 | ov_122 | 9.249774963058937 × 10^279 |
| 123 | ov_123 | 5.844637322842083 × 10^279 |
| 124 | ov_124 | 3.417962206260344 × 10^279 |
| 125 | ov_125 | 1.7943605265650626 × 10^279 |
| 126 | ov_126 | 7.984506012942614 × 10^278 |
| 127 | aaa_77_28 | 2.5485268690818612 × 10^278 |
| 128 | aaa_77_29 | 9.548104077203771 × 10^277 |
| 129 | ov_129 | 8.781041906752628 × 10^277 |
| 130 | ov_130 | 8.781015642261932 × 10^277 |
| 131 | ov_131 | 8.781009298886055 × 10^277 |
| 132 | ov_132 | 7.599752270825776 × 10^277 |
| 133 | ov_133 | 6.542952483153268 × 10^277 |
| 134 | ov_134 | 5.601187638951078 × 10^277 |
| 135 | ov_135 | 4.765532235336929 × 10^277 |
| 136 | ov_136 | 4.027521866350339 × 10^277 |
| 137 | ov_137 | 3.3791226818503845 × 10^277 |
| 138 | ov_138 | 2.8127054969042585 × 10^277 |
| 139 | ov_139 | 2.321024071530943 × 10^277 |
| 140 | ov_140 | 1.8971971053919858 × 10^277 |
| 141 | ov_141 | 1.5346935162554955 × 10^277 |
| 142 | ov_142 | 1.2273205949345686 × 10^277 |
| 143 | ov_143 | 9.692146530248762 × 10^276 |
| 144 | ov_144 | 7.548338032204554 × 10^276 |
| 145 | ov_145 | 5.789525353312531 × 10^276 |
| 146 | ov_146 | 4.3665777439980145 × 10^276 |
| 147 | ov_147 | 3.233461305409661 × 10^276 |
| 148 | ov_148 | 2.3472207332131922 × 10^276 |
| 149 | ov_149 | 1.6679678666175897 × 10^276 |
| 150 | ov_150 | 1.1588748339492883 × 10^276 |
| 151 | ov_151 | 7.86169912110262 × 10^275 |
| 152 | ov_152 | 5.191347983266196 × 10^275 |
| 153 | ov_153 | 3.301026762873572 × 10^275 |
| 154 | ov_154 | 1.9445686640235072 × 10^275 |
| 155 | ov_155 | 1.0065142354737194 × 10^275 |
| 156 | aaa_76_25 | 3.8664876150345427 × 10^274 |
| 157 | aaa_76_26 | 2.231623754102411 × 10^274 |
| 158 | aaa_76_27 | 1.1416496098634583 × 10^274 |
| 159 | aaa_76_28 | 4.4415245933646075 × 10^273 |
| 160 | aaa_76_29 | 1.3496553765602522 × 10^273 |

### Output Bits Sorted by Complexity

| Rank | Output Bit | Complexity |
|:----:|:----------:|:----------:|
| 160 | aaa_76_29 | 1.3496553765602522 × 10^273 |
| 159 | aaa_76_28 | 4.4415245933646075 × 10^273 |
| 158 | aaa_76_27 | 1.1416496098634583 × 10^274 |
| 157 | aaa_76_26 | 2.231623754102411 × 10^274 |
| 156 | aaa_76_25 | 3.8664876150345427 × 10^274 |
| 155 | ov_155 | 1.0065142354737194 × 10^275 |
| 154 | ov_154 | 1.9445686640235072 × 10^275 |
| 153 | ov_153 | 3.301026762873572 × 10^275 |
| 152 | ov_152 | 5.191347983266196 × 10^275 |
| 151 | ov_151 | 7.86169912110262 × 10^275 |
| 150 | ov_150 | 1.1588748339492883 × 10^276 |
| 149 | ov_149 | 1.6679678666175897 × 10^276 |
| 148 | ov_148 | 2.3472207332131922 × 10^276 |
| 147 | ov_147 | 3.233461305409661 × 10^276 |
| 146 | ov_146 | 4.3665777439980145 × 10^276 |
| 145 | ov_145 | 5.789525353312531 × 10^276 |
| 144 | ov_144 | 7.548338032204554 × 10^276 |
| 143 | ov_143 | 9.692146530248762 × 10^276 |
| 142 | ov_142 | 1.2273205949345686 × 10^277 |
| 141 | ov_141 | 1.5346935162554955 × 10^277 |
| 140 | ov_140 | 1.8971971053919858 × 10^277 |
| 139 | ov_139 | 2.321024071530943 × 10^277 |
| 138 | ov_138 | 2.8127054969042585 × 10^277 |
| 137 | ov_137 | 3.3791226818503845 × 10^277 |
| 136 | ov_136 | 4.027521866350339 × 10^277 |
| 135 | ov_135 | 4.765532235336929 × 10^277 |
| 134 | ov_134 | 5.601187638951078 × 10^277 |
| 133 | ov_133 | 6.542952483153268 × 10^277 |
| 132 | ov_132 | 7.599752270825776 × 10^277 |
| 131 | ov_131 | 8.781009298886055 × 10^277 |
| 130 | ov_130 | 8.781015642261932 × 10^277 |
| 129 | ov_129 | 8.781041906752628 × 10^277 |
| 128 | aaa_77_29 | 9.548104077203771 × 10^277 |
| 127 | aaa_77_28 | 2.5485268690818612 × 10^278 |
| 126 | ov_126 | 7.984506012942614 × 10^278 |
| 125 | ov_125 | 1.7943605265650626 × 10^279 |
| 124 | ov_124 | 3.417962206260344 × 10^279 |
| 123 | ov_123 | 5.844637322842083 × 10^279 |
| 122 | ov_122 | 9.249774963058937 × 10^279 |
| 121 | ov_121 | 1.3808785863987597 × 10^280 |
| 120 | ov_120 | 1.9697130355059847 × 10^280 |
| 119 | ov_119 | 2.7090363482094396 × 10^280 |
| 118 | ov_118 | 3.616420192776546 × 10^280 |
| 117 | ov_117 | 4.709461882530074 × 10^280 |
| 116 | ov_116 | 6.005797256228701 × 10^280 |
| 115 | ov_115 | 7.52311756718733 × 10^280 |
| 114 | ov_114 | 9.279192145541324 × 10^280 |
| 113 | ov_113 | 1.1291899905273409 × 10^281 |
| 112 | ov_112 | 1.3579271918264696 × 10^281 |
| 111 | ov_111 | 1.615954627603445 × 10^281 |
| 110 | ov_110 | 1.90512364606279 × 10^281 |
| 109 | ov_109 | 2.2273214447264476 × 10^281 |
| 108 | ov_108 | 2.584480976314536 × 10^281 |
| 107 | ov_107 | 2.9785925729749545 × 10^281 |
| 106 | ov_106 | 3.4117174120748745 × 10^281 |
| 105 | ov_105 | 3.886002947521874 × 10^281 |
| 104 | ov_104 | 4.4037004317092455 × 10^281 |
| 103 | ov_103 | 4.967184654785891 × 10^281 |
| 102 | ov_102 | 5.578976030152188 × 10^281 |
| 101 | ov_101 | 6.2417651580048856 × 10^281 |
| 100 | ov_100 | 6.958440002527006 × 10^281 |
| 99 | ov_099 | 7.732115823090994 × 10^281 |
| 98 | ov_098 | 7.732189624127887 × 10^281 |
| 97 | ov_097 | 7.732420791742051 × 10^281 |
| 96 | aaa_78_29 | 1.1707139451539591 × 10^282 |
| 95 | aaa_78_28 | 3.811899421917091 × 10^282 |
| 94 | ov_094 | 1.2344190213586526 × 10^283 |
| 93 | ov_093 | 2.8817387459066366 × 10^283 |
| 92 | ov_092 | 5.767072098704825 × 10^283 |
| 91 | ov_091 | 1.0456228462715837 × 10^284 |
| 90 | ov_090 | 1.7636950539793227 × 10^284 |
| 89 | ov_089 | 2.811902926763897 × 10^284 |
| 88 | ov_088 | 4.283453767106086 × 10^284 |
| 87 | ov_087 | 6.3770319866800026 × 10^284 |
| 86 | ov_086 | 9.315928319427056 × 10^284 |
| 85 | ov_085 | 1.3348205366509216 × 10^285 |
| 84 | ov_084 | 1.8746934412734733 × 10^285 |
| 83 | ov_083 | 2.5810517549450813 × 10^285 |
| 82 | ov_082 | 3.486310914230065 × 10^285 |
| 81 | ov_081 | 4.6255150688649055 × 10^285 |
| 80 | ov_080 | 6.036403312047708 × 10^285 |
| 64 | lv_79_m31 | 6.052396165280624 × 10^285 |
| 79 | ov_079 | 7.759490062613445 × 10^285 |
| 78 | ov_078 | 9.838161009099451 × 10^285 |
| 77 | ov_077 | 1.2318786029585995 × 10^286 |
| 76 | ov_076 | 1.525085050670775 × 10^286 |
| 75 | ov_075 | 1.8687106464963073 × 10^286 |
| 74 | ov_074 | 2.268374496817737 × 10^286 |
| 73 | ov_073 | 2.7300591229628453 × 10^286 |
| 63 | ov_063 | 3.108579204247238 × 10^286 |
| 72 | ov_072 | 3.260132390694855 × 10^286 |
| 71 | ov_071 | 3.865372007960803 × 10^286 |
| 70 | ov_070 | 4.5529927439789625 × 10^286 |
| 69 | ov_069 | 5.330676526910292 × 10^286 |
| 68 | ov_068 | 6.206605582529313 × 10^286 |
| 67 | ov_067 | 7.189498782638794 × 10^286 |
| 66 | ov_066 | 7.189504417481018 × 10^286 |
| 65 | ov_065 | 7.189527439921469 × 10^286 |
| 62 | ov_062 | 1.5962483559040506 × 10^287 |
| 61 | ov_061 | 5.823514575292409 × 10^287 |
| 60 | ov_060 | 1.6684707934550667 × 10^288 |
| 59 | ov_059 | 4.0292527493109123 × 10^288 |
| 58 | ov_058 | 8.183023044861148 × 10^288 |
| 57 | ov_057 | 1.4793179364948473 × 10^289 |
| 56 | ov_056 | 2.466819775292828 × 10^289 |
| 55 | ov_055 | 3.876164995126893 × 10^289 |
| 54 | ov_054 | 5.817224076964262 × 10^289 |
| 53 | ov_053 | 8.41438784406745 × 10^289 |
| 52 | ov_052 | 1.193097039537466 × 10^290 |
| 51 | ov_051 | 1.6659370182665954 × 10^290 |
| 50 | ov_050 | 2.2921118995648225 × 10^290 |
| 49 | ov_049 | 3.106695436461599 × 10^290 |
| 48 | ov_048 | 4.147692328100812 × 10^290 |
| 47 | ov_047 | 5.456052903545214 × 10^290 |
| 32 | lv_80_m31 | 6.6922623379257094 × 10^290 |
| 46 | ov_046 | 7.075693724539219 × 10^290 |
| 45 | ov_045 | 9.053525993060148 × 10^290 |
| 44 | ov_044 | 1.1439493848766925 × 10^291 |
| 43 | ov_043 | 1.428662484299804 × 10^291 |
| 42 | ov_042 | 1.7651095080515924 × 10^291 |
| 41 | ov_041 | 2.1592311728593604 × 10^291 |
| 40 | ov_040 | 2.6142492970244163 × 10^291 |
| 39 | ov_039 | 3.133562169454436 × 10^291 |
| 31 | ov_031 | 3.432530807607847 × 10^291 |
| 38 | ov_038 | 3.724151199814778 × 10^291 |
| 37 | ov_037 | 4.393377433663613 × 10^291 |
| 36 | ov_036 | 5.149003305880358 × 10^291 |
| 35 | ov_035 | 5.999218223361209 × 10^291 |
| 34 | ov_034 | 6.952668413123724 × 10^291 |
| 33 | ov_033 | 8.01849150030218 × 10^291 |
| 30 | ov_030 | 1.7602841638495105 × 10^292 |
| 29 | ov_029 | 5.759483297755795 × 10^292 |
| 28 | ov_028 | 1.4951116838323413 × 10^293 |
| 27 | ov_027 | 3.342276031766632 × 10^293 |
| 26 | ov_026 | 6.684588447372118 × 10^293 |
| 25 | ov_025 | 1.2247587372817894 × 10^294 |
| 24 | ov_024 | 2.0915209668974172 × 10^294 |
| 23 | ov_023 | 3.4613748080352176 × 10^294 |
| 22 | ov_022 | 5.558638295876361 × 10^294 |
| 21 | ov_021 | 8.639333144570017 × 10^294 |
| 20 | ov_020 | 1.299121198863408 × 10^295 |
| 19 | ov_019 | 1.8933802912595584 × 10^295 |
| 18 | ov_018 | 2.6818477156578 × 10^295 |
| 17 | ov_017 | 3.7028547046289826 × 10^295 |
| 16 | ov_016 | 4.997940235685698 × 10^295 |
| 15 | ov_015 | 6.61186957253001 × 10^295 |
| 14 | ov_014 | 8.592659276576361 × 10^295 |
| 13 | ov_013 | 1.0991610801839047 × 10^296 |
| 12 | ov_012 | 1.3863355129057943 × 10^296 |
| 11 | ov_011 | 1.7265911128349462 × 10^296 |
| 10 | ov_010 | 2.12607605738073 × 10^296 |
| 9 | ov_009 | 2.5912942968645374 × 10^296 |
| 8 | ov_008 | 3.1291173576089554 × 10^296 |
| 7 | ov_007 | 3.746798828983946 × 10^296 |
| 6 | ov_006 | 4.451991921924817 × 10^296 |
| 5 | ov_005 | 5.252770510929289 × 10^296 |
| 4 | ov_004 | 6.1576540965012375 × 10^296 |
| 3 | ov_003 | 7.175637120042217 × 10^296 |
| 2 | ov_002 | 8.316222996231806 × 10^296 |
| 1 | ov_001 | 9.589463190727589 × 10^296 |

