# Results for F001-F002-F003-F004-F005-F006-F007-F008-F009-F010-F011-F012-F013-F014-F015-F016-F017-F018-F019-F020-F021-F022-F023-F024-F025-F026-F027-F028-F029-F030-F031-F032-F033-F034-F035-F036-F037-F038-F039-F040-F041-F042-F043-F044-F045-F046-F047-F048-F049-F050-F051-F052-F053-F054-F055-F056-F057-F058-F059-F060-F061-F062-F063-F064-F065-F066-F067-F068-F069-F070-F071-F072-F073-F074-F075-F076-F077-F078-F079-F080-F081-F082-F083-F084-F085-F086-F087-F088-F089-F090-F091-F092-F093-F094-F095-F096-F097-F098-F099-F100-F101-F102-F103-F104-F105-F106-F107-F108-F109-F110-F111-F112-F113-F114-F115-F116-F117-F118-F119-F120-F121-F122-F123-F124-F125-F126-F127-F128-F129-F130-F131-F132-F133-F134-F135-F136-F137-F138-F139-F140-F141-F142-F143-F144-F145-F146-F147-F148-F149-F150-F151-F152-F153-F154-F155-F156-F157-F158-F159-F160-F161-F162-F163-F164-F165-F166-F167-F168-F169-F170-F171-F172-F173-F174-F175-F176-F177-F178-F179-F180-F181-F182-F183-F184-F185-F186-F187-F188-F189-F190-F191-F192-F193-F194-F195-F196-F197-F198-F199-F200-F201-F202-F203-F204-F205-F206-F207-F208-F209-F210-F211-F212-F213-F214-F215-F216-F217-F218-F219-F220-F221-F222-F223-F224-F225-F226-F227-F228-F229-F230-F231-F232-F233-F234-F235-F236-F237-F238-F239-F240-F241-F242-F243-F244-F245-F246-F247-F248-F249-F250-F251-F252-F253-F254-F255-F256-F257-F258-F259-F260-F261-F262-F263-F264-F265-F266-F267-F268-F269-F270-F271-F272-F273-F274-F275-F276-F277-F278-F279-F280-F281-F282-F283-F284-F285-F286-F287-F288-F289-F290-F291-F292-F293-F294-F295-F296-F297-F298-F299-F300-F301-F302-F303-F304-F305-F306-F307-F308-F309-F310-F311-F312-F313-F314-F315-F316-F317-F318-F319-F320-F321-F322-F323-F324-F325-F326-F327-F328-F329-F330-F331-F332-F333-F334-F335-F336-F337-F338-F339-F340-F341-F342-F343-F344-F345-F346-F347-F348-F349-F350-F351-F352-F353-F354-F355-F356-F357-F358-F359-F360-F361-F362-F363-F364-F365-F366-F367-F368-F369-F370-F371-F372-F373-F374-F375-F376-F377-F378-F379-F380-F381-F382-F383-F384-F385-F386-F387-F388-F389-F390-F391-F392-F393-F394-F395-F396-F397-F398-F399-F400-F401-F402-F403-F404-F405-F406-F407-F408-F409-F410-F411-F412-F413-F414-F415-F416-F417-F418-F419-F420-F421-F422-F423-F424-F425-F426-F427-F428-F429-F430-F431-F432-F433-F434-F435-F436-F437-F438-F439-F440-F441-F442-F443-F444-F445-F446-F447-F448-F449-F450-F451-F452-F453-F454-F455-F456-F457-F458-F459-F460-F461-F462-F463-F464-F465-F466-F467-F468-F469-F470-F471-F472-F473-F474-F475-F476-F477-F478-F479-F480-F481-F482-F483-F484-F485-F486-F487-F488-F489-F490-F491-F492-F493-F494-F495-F496-F497-F498-F499-F500-F501-O511512

## Summary

Number of input bits: 512  
Number of free input bits: 10  
Number of output bits: 160

Number of direct occurrences: 41312  
Number of assignments: 31550  
Number of operations: 11815139
(xor: 11784599,
and: 17266,
or: 13274)

Total complexity: 4.792696474217333 × 10^305

Least occurring input variable: iv_504 (3954)  
Most occurring input variable: iv_511 (4369)

Most co-occurring input variables: iv_503-iv_507 (2140)  
Least co-occurring input variables: iv_502-iv_504 (1830)

Potentially most occurring input variable: iv_509/iv_511 (4670)  
Potentially least occurring input variable: iv_502/iv_505 (4183)

Least output occurring input variable: iv_511 (73)  
Most output occurring input variable: iv_509 (89)

Most output co-occurring input variables: iv_507-iv_509 (49)  
Least output co-occurring input variables: iv_503-iv_506 (33)

Potentially most output occurring input variable: iv_503/iv_506 (94)  
Potentially least output occurring input variable: iv_506/iv_510 (65)

Least complex input bit: iv_511 (2.4119071534644478 × 10^302)  
Most complex input bit: iv_510 (1.2188964160725313 × 10^305)

Least complex output bit: aaa_76_29 (7.86676426426553 × 10^279)  
Most complex output bit: ov_001 (7.578890515880945 × 10^304)

Least complex input/output complexity: iv_511/aaa_76_29 (3.9589206422046516 × 10^276)  
Most complex input/output complexity: iv_510/ov_001 (1.9274916609698202 × 10^304)

Input variable with highest collision probability: iv_502 (½^160.00000000000043)

## Input Bits

### Input Bits in Regular Order

| Input Bit | Complexity | Occurrences | Output Occurrences | Collision Probability |
|:---------:|:----------:|:-----------:|:------------------:|:---------------------:|
| iv_502 | 5.7501895004570346 × 10^303 | 3979 | 81 | ½^160.00000000000043 |
| iv_503 | 1.0113387463943004 × 10^304 | 4191 | 79 | ½^160.0000000000006 |
| iv_504 | 1.6614407282131018 × 10^304 | 3954 | 81 | ½^160.00000000000063 |
| iv_505 | 2.611127820506105 × 10^304 | 4014 | 81 | ½^160.00000000000068 |
| iv_506 | 3.9719199914311527 × 10^304 | 3959 | 81 | ½^160.00000000000074 |
| iv_507 | 5.89124645976358 × 10^304 | 4312 | 85 | ½^160.00000000000065 |
| iv_508 | 8.411153571517804 × 10^304 | 4106 | 78 | ½^160.0000000000007 |
| iv_509 | 1.1580635242041725 × 10^305 | 4161 | 89 | ½^160.0000000000008 |
| iv_510 | 1.2188964160725313 × 10^305 | 4267 | 82 | ½^160.00000000000077 |
| iv_511 | 2.4119071534644478 × 10^302 | 4369 | 73 | ½^160.00000000000063 |

### Input Bits Sorted by Complexity

| Input Bit | Complexity | Occurrences | Output Occurrences | Collision Probability |
|:---------:|:----------:|:-----------:|:------------------:|:---------------------:|
| iv_511 | 2.4119071534644478 × 10^302 | 4369 | 73 | ½^160.00000000000063 |
| iv_502 | 5.7501895004570346 × 10^303 | 3979 | 81 | ½^160.00000000000043 |
| iv_503 | 1.0113387463943004 × 10^304 | 4191 | 79 | ½^160.0000000000006 |
| iv_504 | 1.6614407282131018 × 10^304 | 3954 | 81 | ½^160.00000000000063 |
| iv_505 | 2.611127820506105 × 10^304 | 4014 | 81 | ½^160.00000000000068 |
| iv_506 | 3.9719199914311527 × 10^304 | 3959 | 81 | ½^160.00000000000074 |
| iv_507 | 5.89124645976358 × 10^304 | 4312 | 85 | ½^160.00000000000065 |
| iv_508 | 8.411153571517804 × 10^304 | 4106 | 78 | ½^160.0000000000007 |
| iv_509 | 1.1580635242041725 × 10^305 | 4161 | 89 | ½^160.0000000000008 |
| iv_510 | 1.2188964160725313 × 10^305 | 4267 | 82 | ½^160.00000000000077 |

### Input Bits Sorted by Occurrences

| Input Bit | Complexity | Occurrences | Output Occurrences | Collision Probability |
|:---------:|:----------:|:-----------:|:------------------:|:---------------------:|
| iv_504 | 1.6614407282131018 × 10^304 | 3954 | 81 | ½^160.00000000000063 |
| iv_506 | 3.9719199914311527 × 10^304 | 3959 | 81 | ½^160.00000000000074 |
| iv_502 | 5.7501895004570346 × 10^303 | 3979 | 81 | ½^160.00000000000043 |
| iv_505 | 2.611127820506105 × 10^304 | 4014 | 81 | ½^160.00000000000068 |
| iv_508 | 8.411153571517804 × 10^304 | 4106 | 78 | ½^160.0000000000007 |
| iv_509 | 1.1580635242041725 × 10^305 | 4161 | 89 | ½^160.0000000000008 |
| iv_503 | 1.0113387463943004 × 10^304 | 4191 | 79 | ½^160.0000000000006 |
| iv_510 | 1.2188964160725313 × 10^305 | 4267 | 82 | ½^160.00000000000077 |
| iv_507 | 5.89124645976358 × 10^304 | 4312 | 85 | ½^160.00000000000065 |
| iv_511 | 2.4119071534644478 × 10^302 | 4369 | 73 | ½^160.00000000000063 |

### Input Bits Sorted by Output Occurrences

| Input Bit | Complexity | Occurrences | Output Occurrences | Collision Probability |
|:---------:|:----------:|:-----------:|:------------------:|:---------------------:|
| iv_511 | 2.4119071534644478 × 10^302 | 4369 | 73 | ½^160.00000000000063 |
| iv_508 | 8.411153571517804 × 10^304 | 4106 | 78 | ½^160.0000000000007 |
| iv_503 | 1.0113387463943004 × 10^304 | 4191 | 79 | ½^160.0000000000006 |
| iv_504 | 1.6614407282131018 × 10^304 | 3954 | 81 | ½^160.00000000000063 |
| iv_506 | 3.9719199914311527 × 10^304 | 3959 | 81 | ½^160.00000000000074 |
| iv_505 | 2.611127820506105 × 10^304 | 4014 | 81 | ½^160.00000000000068 |
| iv_502 | 5.7501895004570346 × 10^303 | 3979 | 81 | ½^160.00000000000043 |
| iv_510 | 1.2188964160725313 × 10^305 | 4267 | 82 | ½^160.00000000000077 |
| iv_507 | 5.89124645976358 × 10^304 | 4312 | 85 | ½^160.00000000000065 |
| iv_509 | 1.1580635242041725 × 10^305 | 4161 | 89 | ½^160.0000000000008 |

### Input Bits Sorted by Collision Probability

| Input Bit | Complexity | Occurrences | Output Occurrences | Collision Probability |
|:---------:|:----------:|:-----------:|:------------------:|:---------------------:|
| iv_502 | 5.7501895004570346 × 10^303 | 3979 | 81 | ½^160.00000000000043 |
| iv_503 | 1.0113387463943004 × 10^304 | 4191 | 79 | ½^160.0000000000006 |
| iv_504 | 1.6614407282131018 × 10^304 | 3954 | 81 | ½^160.00000000000063 |
| iv_511 | 2.4119071534644478 × 10^302 | 4369 | 73 | ½^160.00000000000063 |
| iv_507 | 5.89124645976358 × 10^304 | 4312 | 85 | ½^160.00000000000065 |
| iv_505 | 2.611127820506105 × 10^304 | 4014 | 81 | ½^160.00000000000068 |
| iv_508 | 8.411153571517804 × 10^304 | 4106 | 78 | ½^160.0000000000007 |
| iv_506 | 3.9719199914311527 × 10^304 | 3959 | 81 | ½^160.00000000000074 |
| iv_510 | 1.2188964160725313 × 10^305 | 4267 | 82 | ½^160.00000000000077 |
| iv_509 | 1.1580635242041725 × 10^305 | 4161 | 89 | ½^160.0000000000008 |

## Input Bit/Output Bit Collision Probabilities

| Input Bit | Output Bit | Collision Probability |
|:---------:|:----------:|:---------------------:|
| iv_502 | ov_122 | 0.5000000000000044 |
| iv_503 | ov_123 | 0.5000000000000044 |
| iv_506 | ov_012 | 0.500000000000004 |
| iv_506 | ov_107 | 0.5000000000000033 |
| iv_511 | ov_070 | 0.500000000000002 |
| iv_502 | ov_088 | 0.5000000000000019 |
| iv_503 | ov_097 | 0.5000000000000018 |
| iv_504 | ov_019 | 0.5000000000000018 |
| iv_504 | ov_034 | 0.5000000000000018 |
| iv_504 | ov_149 | 0.5000000000000018 |

## Input Bit Co-occurrences

### Input Bit Co-occurrences Sorted by Co-occurrences

| Input Bits | Co-occurrences | Potential Occurrences | Output Co-occurrences | Potential Output Occurrences |
|:----------:|:--------------:|:---------------------:|:---------------------:|:----------------------------:|
| iv_503-iv_507 | 2140 | 4223 | 42 | 80 |
| iv_507-iv_508 | 2088 | 4242 | 40 | 83 |
| iv_507-iv_510 | 2075 | 4429 | 49 | 69 |
| iv_510-iv_511 | 2060 | 4516 | 35 | 85 |
| iv_509-iv_510 | 2059 | 4310 | 46 | 79 |
| iv_507-iv_509 | 2057 | 4359 | 49 | 76 |
| iv_508-iv_511 | 2042 | 4391 | 36 | 79 |
| iv_507-iv_511 | 2042 | 4597 | 34 | 90 |
| iv_506-iv_507 | 2030 | 4211 | 44 | 78 |
| iv_508-iv_510 | 2027 | 4319 | 41 | 78 |

### Input Bit Co-occurrences Sorted by Potential Occurrences

| Input Bits | Co-occurrences | Potential Occurrences | Output Co-occurrences | Potential Output Occurrences |
|:----------:|:--------------:|:---------------------:|:---------------------:|:----------------------------:|
| iv_502-iv_505 | 1905 | 4183 | 44 | 74 |
| iv_502-iv_506 | 1868 | 4202 | 43 | 76 |
| iv_506-iv_507 | 2030 | 4211 | 44 | 78 |
| iv_503-iv_507 | 2140 | 4223 | 42 | 80 |
| iv_506-iv_508 | 1919 | 4227 | 43 | 73 |
| iv_504-iv_506 | 1842 | 4229 | 42 | 78 |
| iv_507-iv_508 | 2088 | 4242 | 40 | 83 |
| iv_504-iv_505 | 1853 | 4262 | 41 | 80 |
| iv_502-iv_504 | 1830 | 4273 | 40 | 82 |
| iv_505-iv_508 | 1922 | 4276 | 40 | 79 |

### Input Bit Output Co-occurrences Sorted by Output Co-occurrences

| Input Bits | Co-occurrences | Potential Occurrences | Output Co-occurrences | Potential Output Occurrences |
|:----------:|:--------------:|:---------------------:|:---------------------:|:----------------------------:|
| iv_506-iv_510 | 1884 | 4458 | 49 | 65 |
| iv_507-iv_510 | 2075 | 4429 | 49 | 69 |
| iv_507-iv_509 | 2057 | 4359 | 49 | 76 |
| iv_502-iv_507 | 1963 | 4365 | 47 | 72 |
| iv_503-iv_509 | 1976 | 4400 | 46 | 76 |
| iv_509-iv_510 | 2059 | 4310 | 46 | 79 |
| iv_502-iv_509 | 1860 | 4420 | 46 | 78 |
| iv_505-iv_509 | 1915 | 4345 | 45 | 80 |
| iv_506-iv_507 | 2030 | 4211 | 44 | 78 |
| iv_502-iv_505 | 1905 | 4183 | 44 | 74 |

### Input Bit Output Co-occurrences Sorted by Potential Output Occurrences

| Input Bits | Co-occurrences | Potential Occurrences | Output Co-occurrences | Potential Output Occurrences |
|:----------:|:--------------:|:---------------------:|:---------------------:|:----------------------------:|
| iv_506-iv_510 | 1884 | 4458 | 49 | 65 |
| iv_506-iv_511 | 1959 | 4410 | 43 | 68 |
| iv_507-iv_510 | 2075 | 4429 | 49 | 69 |
| iv_504-iv_511 | 1893 | 4537 | 42 | 70 |
| iv_502-iv_507 | 1963 | 4365 | 47 | 72 |
| iv_506-iv_508 | 1919 | 4227 | 43 | 73 |
| iv_502-iv_505 | 1905 | 4183 | 44 | 74 |
| iv_503-iv_509 | 1976 | 4400 | 46 | 76 |
| iv_505-iv_506 | 1831 | 4311 | 43 | 76 |
| iv_502-iv_506 | 1868 | 4202 | 43 | 76 |

## Output Bits

### Output Bits in Regular Order

| Rank | Output Bit | Complexity |
|:----:|:----------:|:----------:|
| 1 | ov_001 | 7.578890515880945 × 10^304 |
| 2 | ov_002 | 6.593351578232679 × 10^304 |
| 3 | ov_003 | 5.703096585224084 × 10^304 |
| 4 | ov_004 | 4.904167006150929 × 10^304 |
| 5 | ov_005 | 4.1928213786247374 × 10^304 |
| 6 | ov_006 | 3.562167133914267 × 10^304 |
| 7 | ov_007 | 3.005675188060044 × 10^304 |
| 8 | ov_008 | 2.5171578841362124 × 10^304 |
| 9 | ov_009 | 2.090750015801233 × 10^304 |
| 10 | ov_010 | 1.720892586347384 × 10^304 |
| 11 | ov_011 | 1.4023190375898057 × 10^304 |
| 12 | ov_012 | 1.1300437589821357 × 10^304 |
| 13 | ov_013 | 8.993527018937597 × 10^303 |
| 14 | ov_014 | 7.057958843043569 × 10^303 |
| 15 | ov_015 | 5.451815348600066 × 10^303 |
| 16 | ov_016 | 4.135716259292337 × 10^303 |
| 17 | ov_017 | 3.0727856387148138 × 10^303 |
| 18 | ov_018 | 2.2286282323562653 × 10^303 |
| 19 | ov_019 | 1.57131330068603 × 10^303 |
| 20 | ov_020 | 1.0713641795160374 × 10^303 |
| 21 | ov_021 | 7.017519880462563 × 10^302 |
| 22 | ov_022 | 4.378920891555559 × 10^302 |
| 23 | ov_023 | 2.5764214330741815 × 10^302 |
| 24 | ov_024 | 1.413009693056647 × 10^302 |
| 25 | ov_025 | 7.16078333580934 × 10^301 |
| 26 | ov_026 | 3.374202247793773 × 10^301 |
| 27 | ov_027 | 1.5322615509112844 × 10^301 |
| 28 | ov_028 | 6.408376877539274 × 10^300 |
| 29 | ov_029 | 2.6386024913895766 × 10^300 |
| 30 | ov_030 | 8.724058542381026 × 10^299 |
| 31 | ov_031 | 2.11087794561163 × 10^299 |
| 32 | lv_80_k31 | 5.105908332221542 × 10^298 |
| 33 | ov_033 | 6.116043659582444 × 10^299 |
| 34 | ov_034 | 5.290980077501513 × 10^299 |
| 35 | ov_035 | 4.555016342745904 × 10^299 |
| 36 | ov_036 | 3.9009079754055185 × 10^299 |
| 37 | ov_037 | 3.3218025295795074 × 10^299 |
| 38 | ov_038 | 2.8112116963158232 × 10^299 |
| 39 | ov_039 | 2.362987155537704 × 10^299 |
| 40 | ov_040 | 1.97129982636778 × 10^299 |
| 41 | ov_041 | 1.6306221837715324 × 10^299 |
| 42 | ov_042 | 1.3357133273074203 × 10^299 |
| 43 | ov_043 | 1.0816065051141665 × 10^299 |
| 44 | ov_044 | 8.635988131932494 × 10^298 |
| 45 | ov_045 | 6.772428066478601 × 10^298 |
| 46 | ov_046 | 5.203776907350531 × 10^298 |
| 47 | ov_047 | 3.909655506153074 × 10^298 |
| 48 | ov_048 | 2.870890372361058 × 10^298 |
| 49 | ov_049 | 2.0526858797109006 × 10^298 |
| 50 | ov_050 | 1.422587539872787 × 10^298 |
| 51 | ov_051 | 9.504665879649624 × 10^297 |
| 52 | ov_052 | 6.085097611447993 × 10^297 |
| 53 | ov_053 | 3.712129158115492 × 10^297 |
| 54 | ov_054 | 2.1537728693935876 × 10^297 |
| 55 | ov_055 | 1.2010739615145463 × 10^297 |
| 56 | ov_056 | 6.680989868585903 × 10^296 |
| 57 | ov_057 | 3.919293877209081 × 10^296 |
| 58 | ov_058 | 2.3265784041753725 × 10^296 |
| 59 | ov_059 | 1.2608316270092875 × 10^296 |
| 60 | ov_060 | 6.070130587558709 × 10^295 |
| 61 | ov_061 | 2.5008305211599045 × 10^295 |
| 62 | ov_062 | 8.27284022523645 × 10^294 |
| 63 | ov_063 | 2.0027449894073242 × 10^294 |
| 64 | lv_79_k31 | 4.846680042030289 × 10^293 |
| 65 | ov_065 | 5.741720416714039 × 10^294 |
| 66 | ov_066 | 5.74170740714367 × 10^294 |
| 67 | ov_067 | 5.741703253340423 × 10^294 |
| 68 | ov_068 | 4.969080363445422 × 10^294 |
| 69 | ov_069 | 4.27517576273788 × 10^294 |
| 70 | ov_070 | 3.6567934367332677 × 10^294 |
| 71 | ov_071 | 3.1080524601328936 × 10^294 |
| 72 | ov_072 | 2.6233844558608783 × 10^294 |
| 73 | ov_073 | 2.1975128858211666 × 10^294 |
| 74 | ov_074 | 1.8254352537681017 × 10^294 |
| 75 | ov_075 | 1.502407936884871 × 10^294 |
| 76 | ov_076 | 1.223933377738331 × 10^294 |
| 77 | ov_077 | 9.85749382871849 × 10^293 |
| 78 | ov_078 | 7.838202885047063 × 10^293 |
| 79 | ov_079 | 6.143297677091831 × 10^293 |
| 80 | ov_080 | 4.736750671043108 × 10^293 |
| 81 | ov_081 | 3.5846247459672144 × 10^293 |
| 82 | ov_082 | 2.655038330620045 × 10^293 |
| 83 | ov_083 | 1.9181392813287625 × 10^293 |
| 84 | ov_084 | 1.3460859147311738 × 10^293 |
| 85 | ov_085 | 9.130337409072206 × 10^292 |
| 86 | ov_086 | 5.951265739539648 × 10^292 |
| 87 | ov_087 | 3.7049082844245096 × 10^292 |
| 88 | ov_088 | 2.1923194150957555 × 10^292 |
| 89 | ov_089 | 1.234320667177816 × 10^292 |
| 90 | ov_090 | 6.714852597948807 × 10^291 |
| 91 | ov_091 | 3.641279678428786 × 10^291 |
| 92 | ov_092 | 1.9229904586364142 × 10^291 |
| 93 | ov_093 | 1.009569444254009 × 10^291 |
| 94 | ov_094 | 4.49256863826839 × 10^290 |
| 95 | aaa_78_28 | 1.4340277435539521 × 10^290 |
| 96 | aaa_78_29 | 5.373026470403174 × 10^289 |
| 97 | ov_097 | 4.926956935828642 × 10^289 |
| 98 | ov_098 | 4.926935324099579 × 10^289 |
| 99 | ov_099 | 4.926928424775738 × 10^289 |
| 100 | ov_100 | 4.262687153083684 × 10^289 |
| 101 | ov_101 | 3.6683395777424073 × 10^289 |
| 102 | ov_102 | 3.138576993914254 × 10^289 |
| 103 | ov_103 | 2.668380606430781 × 10^289 |
| 104 | ov_104 | 2.2530002817476543 × 10^289 |
| 105 | ov_105 | 1.8879360973685271 × 10^289 |
| 106 | ov_106 | 1.568922431461995 × 10^289 |
| 107 | ov_107 | 1.2919143491643823 × 10^289 |
| 108 | ov_108 | 1.0530760552601242 × 10^289 |
| 109 | ov_109 | 8.487711956605614 × 10^288 |
| 110 | ov_110 | 6.755548024486147 × 10^288 |
| 111 | ov_111 | 5.301666892968378 × 10^288 |
| 112 | ov_112 | 4.095261158650267 × 10^288 |
| 113 | ov_113 | 3.1072755139686127 × 10^288 |
| 114 | ov_114 | 2.3103737920917408 × 10^288 |
| 115 | ov_115 | 1.6789139514008858 × 10^288 |
| 116 | ov_116 | 1.188929643237834 × 10^288 |
| 117 | ov_117 | 8.181171191367534 × 10^287 |
| 118 | ov_118 | 5.458263459999491 × 10^287 |
| 119 | ov_119 | 3.530553097452814 × 10^287 |
| 120 | ov_120 | 2.2244659992795166 × 10^287 |
| 121 | ov_121 | 1.3828547976808189 × 10^287 |
| 122 | ov_122 | 8.649882239817273 × 10^286 |
| 123 | ov_123 | 5.465452100666898 × 10^286 |
| 124 | ov_124 | 3.1961151467526233 × 10^286 |
| 125 | ov_125 | 1.6778315505442514 × 10^286 |
| 126 | ov_126 | 7.465653397272402 × 10^285 |
| 127 | aaa_77_28 | 2.382817735992764 × 10^285 |
| 128 | aaa_77_29 | 8.926823885501343 × 10^284 |
| 129 | ov_129 | 8.17807558217858 × 10^284 |
| 130 | ov_130 | 8.178056443950372 × 10^284 |
| 131 | ov_131 | 8.178050295557739 × 10^284 |
| 132 | ov_132 | 7.072692909168377 × 10^284 |
| 133 | ov_133 | 6.0841544096934234 × 10^284 |
| 134 | ov_134 | 5.203465519251645 × 10^284 |
| 135 | ov_135 | 4.4221573814523724 × 10^284 |
| 136 | ov_136 | 3.7322249972607855 × 10^284 |
| 137 | ov_137 | 3.1260953002605247 × 10^284 |
| 138 | ov_138 | 2.596599545536493 × 10^284 |
| 139 | ov_139 | 2.136949626189805 × 10^284 |
| 140 | ov_140 | 1.7407179264300462 × 10^284 |
| 141 | ov_141 | 1.401820341702092 × 10^284 |
| 142 | ov_142 | 1.1145021173011297 × 10^284 |
| 143 | ov_143 | 8.733261775270523 × 10^283 |
| 144 | ov_144 | 6.731636377255961 × 10^283 |
| 145 | ov_145 | 5.091862116389429 × 10^283 |
| 146 | ov_146 | 3.768602464081614 × 10^283 |
| 147 | ov_147 | 2.7194213738470504 × 10^283 |
| 148 | ov_148 | 1.904748946563254 × 10^283 |
| 149 | ov_149 | 1.2878565290098504 × 10^283 |
| 150 | ov_150 | 8.34839358678383 × 10^282 |
| 151 | ov_151 | 5.1460506457000505 × 10^282 |
| 152 | ov_152 | 2.9886653034979615 × 10^282 |
| 153 | ov_153 | 1.6213782283283247 × 10^282 |
| 154 | ov_154 | 8.173208535736594 × 10^281 |
| 155 | ov_155 | 3.776052077852307 × 10^281 |
| 156 | aaa_76_25 | 1.3131915785136303 × 10^281 |
| 157 | aaa_76_26 | 8.082863104085959 × 10^280 |
| 158 | aaa_76_27 | 4.432386915575475 × 10^280 |
| 159 | aaa_76_28 | 2.089061324864697 × 10^280 |
| 160 | aaa_76_29 | 7.86676426426553 × 10^279 |

### Output Bits Sorted by Complexity

| Rank | Output Bit | Complexity |
|:----:|:----------:|:----------:|
| 160 | aaa_76_29 | 7.86676426426553 × 10^279 |
| 159 | aaa_76_28 | 2.089061324864697 × 10^280 |
| 158 | aaa_76_27 | 4.432386915575475 × 10^280 |
| 157 | aaa_76_26 | 8.082863104085959 × 10^280 |
| 156 | aaa_76_25 | 1.3131915785136303 × 10^281 |
| 155 | ov_155 | 3.776052077852307 × 10^281 |
| 154 | ov_154 | 8.173208535736594 × 10^281 |
| 153 | ov_153 | 1.6213782283283247 × 10^282 |
| 152 | ov_152 | 2.9886653034979615 × 10^282 |
| 151 | ov_151 | 5.1460506457000505 × 10^282 |
| 150 | ov_150 | 8.34839358678383 × 10^282 |
| 149 | ov_149 | 1.2878565290098504 × 10^283 |
| 148 | ov_148 | 1.904748946563254 × 10^283 |
| 147 | ov_147 | 2.7194213738470504 × 10^283 |
| 146 | ov_146 | 3.768602464081614 × 10^283 |
| 145 | ov_145 | 5.091862116389429 × 10^283 |
| 144 | ov_144 | 6.731636377255961 × 10^283 |
| 143 | ov_143 | 8.733261775270523 × 10^283 |
| 142 | ov_142 | 1.1145021173011297 × 10^284 |
| 141 | ov_141 | 1.401820341702092 × 10^284 |
| 140 | ov_140 | 1.7407179264300462 × 10^284 |
| 139 | ov_139 | 2.136949626189805 × 10^284 |
| 138 | ov_138 | 2.596599545536493 × 10^284 |
| 137 | ov_137 | 3.1260953002605247 × 10^284 |
| 136 | ov_136 | 3.7322249972607855 × 10^284 |
| 135 | ov_135 | 4.4221573814523724 × 10^284 |
| 134 | ov_134 | 5.203465519251645 × 10^284 |
| 133 | ov_133 | 6.0841544096934234 × 10^284 |
| 132 | ov_132 | 7.072692909168377 × 10^284 |
| 131 | ov_131 | 8.178050295557739 × 10^284 |
| 130 | ov_130 | 8.178056443950372 × 10^284 |
| 129 | ov_129 | 8.17807558217858 × 10^284 |
| 128 | aaa_77_29 | 8.926823885501343 × 10^284 |
| 127 | aaa_77_28 | 2.382817735992764 × 10^285 |
| 126 | ov_126 | 7.465653397272402 × 10^285 |
| 125 | ov_125 | 1.6778315505442514 × 10^286 |
| 124 | ov_124 | 3.1961151467526233 × 10^286 |
| 123 | ov_123 | 5.465452100666898 × 10^286 |
| 122 | ov_122 | 8.649882239817273 × 10^286 |
| 121 | ov_121 | 1.3828547976808189 × 10^287 |
| 120 | ov_120 | 2.2244659992795166 × 10^287 |
| 119 | ov_119 | 3.530553097452814 × 10^287 |
| 118 | ov_118 | 5.458263459999491 × 10^287 |
| 117 | ov_117 | 8.181171191367534 × 10^287 |
| 116 | ov_116 | 1.188929643237834 × 10^288 |
| 115 | ov_115 | 1.6789139514008858 × 10^288 |
| 114 | ov_114 | 2.3103737920917408 × 10^288 |
| 113 | ov_113 | 3.1072755139686127 × 10^288 |
| 112 | ov_112 | 4.095261158650267 × 10^288 |
| 111 | ov_111 | 5.301666892968378 × 10^288 |
| 110 | ov_110 | 6.755548024486147 × 10^288 |
| 109 | ov_109 | 8.487711956605614 × 10^288 |
| 108 | ov_108 | 1.0530760552601242 × 10^289 |
| 107 | ov_107 | 1.2919143491643823 × 10^289 |
| 106 | ov_106 | 1.568922431461995 × 10^289 |
| 105 | ov_105 | 1.8879360973685271 × 10^289 |
| 104 | ov_104 | 2.2530002817476543 × 10^289 |
| 103 | ov_103 | 2.668380606430781 × 10^289 |
| 102 | ov_102 | 3.138576993914254 × 10^289 |
| 101 | ov_101 | 3.6683395777424073 × 10^289 |
| 100 | ov_100 | 4.262687153083684 × 10^289 |
| 99 | ov_099 | 4.926928424775738 × 10^289 |
| 98 | ov_098 | 4.926935324099579 × 10^289 |
| 97 | ov_097 | 4.926956935828642 × 10^289 |
| 96 | aaa_78_29 | 5.373026470403174 × 10^289 |
| 95 | aaa_78_28 | 1.4340277435539521 × 10^290 |
| 94 | ov_094 | 4.49256863826839 × 10^290 |
| 93 | ov_093 | 1.009569444254009 × 10^291 |
| 92 | ov_092 | 1.9229904586364142 × 10^291 |
| 91 | ov_091 | 3.641279678428786 × 10^291 |
| 90 | ov_090 | 6.714852597948807 × 10^291 |
| 89 | ov_089 | 1.234320667177816 × 10^292 |
| 88 | ov_088 | 2.1923194150957555 × 10^292 |
| 87 | ov_087 | 3.7049082844245096 × 10^292 |
| 86 | ov_086 | 5.951265739539648 × 10^292 |
| 85 | ov_085 | 9.130337409072206 × 10^292 |
| 84 | ov_084 | 1.3460859147311738 × 10^293 |
| 83 | ov_083 | 1.9181392813287625 × 10^293 |
| 82 | ov_082 | 2.655038330620045 × 10^293 |
| 81 | ov_081 | 3.5846247459672144 × 10^293 |
| 80 | ov_080 | 4.736750671043108 × 10^293 |
| 64 | lv_79_k31 | 4.846680042030289 × 10^293 |
| 79 | ov_079 | 6.143297677091831 × 10^293 |
| 78 | ov_078 | 7.838202885047063 × 10^293 |
| 77 | ov_077 | 9.85749382871849 × 10^293 |
| 76 | ov_076 | 1.223933377738331 × 10^294 |
| 75 | ov_075 | 1.502407936884871 × 10^294 |
| 74 | ov_074 | 1.8254352537681017 × 10^294 |
| 63 | ov_063 | 2.0027449894073242 × 10^294 |
| 73 | ov_073 | 2.1975128858211666 × 10^294 |
| 72 | ov_072 | 2.6233844558608783 × 10^294 |
| 71 | ov_071 | 3.1080524601328936 × 10^294 |
| 70 | ov_070 | 3.6567934367332677 × 10^294 |
| 69 | ov_069 | 4.27517576273788 × 10^294 |
| 68 | ov_068 | 4.969080363445422 × 10^294 |
| 67 | ov_067 | 5.741703253340423 × 10^294 |
| 66 | ov_066 | 5.74170740714367 × 10^294 |
| 65 | ov_065 | 5.741720416714039 × 10^294 |
| 62 | ov_062 | 8.27284022523645 × 10^294 |
| 61 | ov_061 | 2.5008305211599045 × 10^295 |
| 60 | ov_060 | 6.070130587558709 × 10^295 |
| 59 | ov_059 | 1.2608316270092875 × 10^296 |
| 58 | ov_058 | 2.3265784041753725 × 10^296 |
| 57 | ov_057 | 3.919293877209081 × 10^296 |
| 56 | ov_056 | 6.680989868585903 × 10^296 |
| 55 | ov_055 | 1.2010739615145463 × 10^297 |
| 54 | ov_054 | 2.1537728693935876 × 10^297 |
| 53 | ov_053 | 3.712129158115492 × 10^297 |
| 52 | ov_052 | 6.085097611447993 × 10^297 |
| 51 | ov_051 | 9.504665879649624 × 10^297 |
| 50 | ov_050 | 1.422587539872787 × 10^298 |
| 49 | ov_049 | 2.0526858797109006 × 10^298 |
| 48 | ov_048 | 2.870890372361058 × 10^298 |
| 47 | ov_047 | 3.909655506153074 × 10^298 |
| 32 | lv_80_k31 | 5.105908332221542 × 10^298 |
| 46 | ov_046 | 5.203776907350531 × 10^298 |
| 45 | ov_045 | 6.772428066478601 × 10^298 |
| 44 | ov_044 | 8.635988131932494 × 10^298 |
| 43 | ov_043 | 1.0816065051141665 × 10^299 |
| 42 | ov_042 | 1.3357133273074203 × 10^299 |
| 41 | ov_041 | 1.6306221837715324 × 10^299 |
| 40 | ov_040 | 1.97129982636778 × 10^299 |
| 31 | ov_031 | 2.11087794561163 × 10^299 |
| 39 | ov_039 | 2.362987155537704 × 10^299 |
| 38 | ov_038 | 2.8112116963158232 × 10^299 |
| 37 | ov_037 | 3.3218025295795074 × 10^299 |
| 36 | ov_036 | 3.9009079754055185 × 10^299 |
| 35 | ov_035 | 4.555016342745904 × 10^299 |
| 34 | ov_034 | 5.290980077501513 × 10^299 |
| 33 | ov_033 | 6.116043659582444 × 10^299 |
| 30 | ov_030 | 8.724058542381026 × 10^299 |
| 29 | ov_029 | 2.6386024913895766 × 10^300 |
| 28 | ov_028 | 6.408376877539274 × 10^300 |
| 27 | ov_027 | 1.5322615509112844 × 10^301 |
| 26 | ov_026 | 3.374202247793773 × 10^301 |
| 25 | ov_025 | 7.16078333580934 × 10^301 |
| 24 | ov_024 | 1.413009693056647 × 10^302 |
| 23 | ov_023 | 2.5764214330741815 × 10^302 |
| 22 | ov_022 | 4.378920891555559 × 10^302 |
| 21 | ov_021 | 7.017519880462563 × 10^302 |
| 20 | ov_020 | 1.0713641795160374 × 10^303 |
| 19 | ov_019 | 1.57131330068603 × 10^303 |
| 18 | ov_018 | 2.2286282323562653 × 10^303 |
| 17 | ov_017 | 3.0727856387148138 × 10^303 |
| 16 | ov_016 | 4.135716259292337 × 10^303 |
| 15 | ov_015 | 5.451815348600066 × 10^303 |
| 14 | ov_014 | 7.057958843043569 × 10^303 |
| 13 | ov_013 | 8.993527018937597 × 10^303 |
| 12 | ov_012 | 1.1300437589821357 × 10^304 |
| 11 | ov_011 | 1.4023190375898057 × 10^304 |
| 10 | ov_010 | 1.720892586347384 × 10^304 |
| 9 | ov_009 | 2.090750015801233 × 10^304 |
| 8 | ov_008 | 2.5171578841362124 × 10^304 |
| 7 | ov_007 | 3.005675188060044 × 10^304 |
| 6 | ov_006 | 3.562167133914267 × 10^304 |
| 5 | ov_005 | 4.1928213786247374 × 10^304 |
| 4 | ov_004 | 4.904167006150929 × 10^304 |
| 3 | ov_003 | 5.703096585224084 × 10^304 |
| 2 | ov_002 | 6.593351578232679 × 10^304 |
| 1 | ov_001 | 7.578890515880945 × 10^304 |

