# Results for F001-F002-F003-F004-F005-F006-F007-F008-F009-F010-F011-F012-F013-F014-F015-F016-F017-F018-F019-F020-F021-F022-F023-F024-F025-F026-F027-F028-F029-F030-F031-F032-F033-F034-F035-F036-F037-F038-F039-F040-F041-F042-F043-F044-F045-F046-F047-F048-F049-F050-F051-F052-F053-F054-F055-F056-F057-F058-F059-F060-F061-F062-F063-F064-F065-F066-F067-F068-F069-F070-F071-F072-F073-F074-F075-F076-F077-F078-F079-F080-F081-F082-F083-F084-F085-F086-F087-F088-F089-F090-F091-F092-F093-F094-F095-F096-F097-F098-F099-F100-F101-F102-F103-F104-F105-F106-F107-F108-F109-F110-F111-F112-F113-F114-F115-F116-F117-F118-F119-F120-F121-F122-F123-F124-F125-F126-F127-F128-F129-F130-F131-F132-F133-F134-F135-F136-F137-F138-F139-F140-F141-F142-F143-F144-F145-F146-F147-F148-F149-F150-F151-F152-F153-F154-F155-F156-F157-F158-F159-F160-F161-F162-F163-F164-F165-F166-F167-F168-F169-F170-F171-F172-F173-F174-F175-F176-F177-F178-F179-F180-F181-F182-F183-F184-F185-F186-F187-F188-F189-F190-F191-F192-F193-F194-F195-F196-F197-F198-F199-F200-F201-F202-F203-F204-F205-F206-F207-F208-F209-F210-F211-F212-F213-F214-F215-F216-F217-F218-F219-F220-F221-F222-F223-F224-F225-F226-F227-F228-F229-F230-F231-F232-F233-F234-F235-F236-F237-F238-F239-F240-F241-F242-F243-F244-F245-F246-F247-F248-F249-F250-F251-F252-F253-F254-F255-F256-F257-F258-F259-F260-F261-F262-F263-F264-F265-F266-F267-F268-F269-F270-F271-F272-F273-F274-F275-F276-F277-F278-F279-F280-F281-F282-F283-F284-F285-F286-F287-F288-F289-F290-F291-F292-F293-F294-F295-F296-F297-F298-F299-F300-F301-F302-F303-F304-F305-F306-F307-F308-F309-F310-F311-F312-F313-F314-F315-F316-F317-F318-F319-F320-F321-F322-F323-F324-F325-F326-F327-F328-F329-F330-F331-F332-F333-F334-F335-F336-F337-F338-F339-F340-F341-F342-F343-F344-F345-F346-F347-F348-F349-F350-F351-F352-F353-F354-F355-F356-F357-F358-F359-F360-F361-F362-F363-F364-F365-F366-F367-F368-F369-F370-F371-F372-F373-F374-F375-F376-F377-F378-F379-F380-F381-F382-F383-F384-F385-F386-F387-F388-F389-F390-F391-F392-F393-F394-F395-F396-F397-F398-F399-F400-F401-F402-F403-F404-F405-F406-F407-F408-F409-F410-F411-F412-F413-F414-F415-F416-F417-F418-F419-F420-F421-F422-F423-F424-F425-F426-F427-F428-F429-F430-F431-F432-F433-F434-F435-F436-F437-F438-F439-F440-F441-F442-F443-F444-F445-F446-F447-F448-F449-F450-F451-F452-F453-F454-F455-F456-F457-F458-F459-F460-F461-F462-F463-F464-F465-F466-F467-F468-F469-F470-F471-F472-F473-F474-F475-F476-F477-F478-F479-F480-F481-F482-F483-F484-F485-F486-F487-F488-F489-F490-F491-F492-F493-F494-F495-F496-O500505-E500507-F509-F510-F511-F512

## Summary

Number of input bits: 512  
Number of free input bits: 10  
Number of output bits: 160

Number of direct occurrences: 40451  
Number of assignments: 31167  
Number of operations: 11065791
(xor: 11037745,
and: 14733,
or: 13313)

Total complexity: 1.041772435053666 × 10^300

Least occurring input variable: iv_504 (3880)  
Most occurring input variable: iv_500 (4382)

Most co-occurring input variables: iv_500-iv_501 (2005)  
Least co-occurring input variables: iv_498-iv_502 (1754)

Potentially most occurring input variable: iv_498/iv_500 (4614)  
Potentially least occurring input variable: iv_504/iv_506 (4125)

Least output occurring input variable: iv_502 (74)  
Most output occurring input variable: iv_498 (89)

Most output co-occurring input variables: iv_499-iv_508 (50)  
Least output co-occurring input variables: iv_502-iv_504 (29)

Potentially most output occurring input variable: iv_498/iv_501 (96)  
Potentially least output occurring input variable: iv_500/iv_506 (68)

Least complex input bit: iv_497 (3.697334137337779 × 10^297)  
Most complex input bit: iv_500 (3.9688532013714275 × 10^299)

Least complex output bit: aaa_76_29 (4.531824823463663 × 10^274)  
Most complex output bit: ov_001 (1.6664115107939957 × 10^299)

Least complex input/output complexity: iv_497/aaa_76_29 (1.6083810686893234 × 10^272)  
Most complex input/output complexity: iv_500/ov_001 (6.348548336351637 × 10^298)

## Input Bits

### Input Bits in Regular Order

| Input Bit | Complexity | Occurrences | Output Occurrences |
|:---------:|:----------:|:-----------:|:------------------:|
| iv_497 | 3.697334137337779 × 10^297 | 4062 | 74 |
| iv_498 | 7.398950801510154 × 10^297 | 3924 | 89 |
| iv_499 | 1.3065158096593028 × 10^298 | 3963 | 87 |
| iv_500 | 3.9688532013714275 × 10^299 | 4382 | 80 |
| iv_501 | 3.620119018891006 × 10^298 | 4101 | 77 |
| iv_502 | 5.835978293836576 × 10^298 | 3907 | 74 |
| iv_503 | 9.242794639681031 × 10^298 | 4079 | 78 |
| iv_504 | 1.4355003498676271 × 10^299 | 3880 | 74 |
| iv_506 | 1.0954487954398324 × 10^299 | 3993 | 80 |
| iv_508 | 1.8064183782625075 × 10^299 | 4160 | 83 |

### Input Bits Sorted by Complexity

| Input Bit | Complexity | Occurrences | Output Occurrences |
|:---------:|:----------:|:-----------:|:------------------:|
| iv_497 | 3.697334137337779 × 10^297 | 4062 | 74 |
| iv_498 | 7.398950801510154 × 10^297 | 3924 | 89 |
| iv_499 | 1.3065158096593028 × 10^298 | 3963 | 87 |
| iv_501 | 3.620119018891006 × 10^298 | 4101 | 77 |
| iv_502 | 5.835978293836576 × 10^298 | 3907 | 74 |
| iv_503 | 9.242794639681031 × 10^298 | 4079 | 78 |
| iv_506 | 1.0954487954398324 × 10^299 | 3993 | 80 |
| iv_504 | 1.4355003498676271 × 10^299 | 3880 | 74 |
| iv_508 | 1.8064183782625075 × 10^299 | 4160 | 83 |
| iv_500 | 3.9688532013714275 × 10^299 | 4382 | 80 |

### Input Bits Sorted by Occurrences

| Input Bit | Complexity | Occurrences | Output Occurrences |
|:---------:|:----------:|:-----------:|:------------------:|
| iv_504 | 1.4355003498676271 × 10^299 | 3880 | 74 |
| iv_502 | 5.835978293836576 × 10^298 | 3907 | 74 |
| iv_498 | 7.398950801510154 × 10^297 | 3924 | 89 |
| iv_499 | 1.3065158096593028 × 10^298 | 3963 | 87 |
| iv_506 | 1.0954487954398324 × 10^299 | 3993 | 80 |
| iv_497 | 3.697334137337779 × 10^297 | 4062 | 74 |
| iv_503 | 9.242794639681031 × 10^298 | 4079 | 78 |
| iv_501 | 3.620119018891006 × 10^298 | 4101 | 77 |
| iv_508 | 1.8064183782625075 × 10^299 | 4160 | 83 |
| iv_500 | 3.9688532013714275 × 10^299 | 4382 | 80 |

### Input Bits Sorted by Output Occurrences

| Input Bit | Complexity | Occurrences | Output Occurrences |
|:---------:|:----------:|:-----------:|:------------------:|
| iv_502 | 5.835978293836576 × 10^298 | 3907 | 74 |
| iv_504 | 1.4355003498676271 × 10^299 | 3880 | 74 |
| iv_497 | 3.697334137337779 × 10^297 | 4062 | 74 |
| iv_501 | 3.620119018891006 × 10^298 | 4101 | 77 |
| iv_503 | 9.242794639681031 × 10^298 | 4079 | 78 |
| iv_500 | 3.9688532013714275 × 10^299 | 4382 | 80 |
| iv_506 | 1.0954487954398324 × 10^299 | 3993 | 80 |
| iv_508 | 1.8064183782625075 × 10^299 | 4160 | 83 |
| iv_499 | 1.3065158096593028 × 10^298 | 3963 | 87 |
| iv_498 | 7.398950801510154 × 10^297 | 3924 | 89 |

## Input Bit Co-occurrences

### Input Bit Co-occurrences Sorted by Co-occurrences

| Input Bits | Co-occurrences | Potential Occurrences | Output Co-occurrences | Potential Output Occurrences |
|:----------:|:--------------:|:---------------------:|:---------------------:|:----------------------------:|
| iv_500-iv_501 | 2005 | 4473 | 41 | 75 |
| iv_497-iv_500 | 1997 | 4450 | 40 | 74 |
| iv_500-iv_503 | 1988 | 4485 | 43 | 72 |
| iv_497-iv_501 | 1980 | 4203 | 37 | 77 |
| iv_499-iv_508 | 1971 | 4181 | 50 | 70 |
| iv_500-iv_508 | 1965 | 4612 | 40 | 83 |
| iv_500-iv_506 | 1964 | 4447 | 46 | 68 |
| iv_501-iv_503 | 1962 | 4256 | 41 | 73 |
| iv_499-iv_500 | 1938 | 4469 | 41 | 85 |
| iv_501-iv_508 | 1935 | 4391 | 39 | 82 |

### Input Bit Co-occurrences Sorted by Potential Occurrences

| Input Bits | Co-occurrences | Potential Occurrences | Output Co-occurrences | Potential Output Occurrences |
|:----------:|:--------------:|:---------------------:|:---------------------:|:----------------------------:|
| iv_504-iv_506 | 1874 | 4125 | 40 | 74 |
| iv_498-iv_506 | 1875 | 4167 | 45 | 79 |
| iv_498-iv_504 | 1812 | 4180 | 42 | 79 |
| iv_499-iv_508 | 1971 | 4181 | 50 | 70 |
| iv_499-iv_501 | 1933 | 4198 | 42 | 80 |
| iv_497-iv_501 | 1980 | 4203 | 37 | 77 |
| iv_499-iv_502 | 1833 | 4204 | 44 | 73 |
| iv_499-iv_504 | 1818 | 4207 | 42 | 77 |
| iv_497-iv_502 | 1880 | 4209 | 33 | 82 |
| iv_501-iv_506 | 1934 | 4226 | 39 | 79 |

### Input Bit Output Co-occurrences Sorted by Output Co-occurrences

| Input Bits | Co-occurrences | Potential Occurrences | Output Co-occurrences | Potential Output Occurrences |
|:----------:|:--------------:|:---------------------:|:---------------------:|:----------------------------:|
| iv_499-iv_508 | 1971 | 4181 | 50 | 70 |
| iv_500-iv_506 | 1964 | 4447 | 46 | 68 |
| iv_498-iv_499 | 1780 | 4327 | 45 | 86 |
| iv_498-iv_506 | 1875 | 4167 | 45 | 79 |
| iv_498-iv_503 | 1843 | 4317 | 45 | 77 |
| iv_497-iv_498 | 1842 | 4302 | 44 | 75 |
| iv_499-iv_502 | 1833 | 4204 | 44 | 73 |
| iv_506-iv_508 | 1903 | 4347 | 44 | 75 |
| iv_498-iv_502 | 1754 | 4323 | 43 | 77 |
| iv_500-iv_503 | 1988 | 4485 | 43 | 72 |

### Input Bit Output Co-occurrences Sorted by Potential Output Occurrences

| Input Bits | Co-occurrences | Potential Occurrences | Output Co-occurrences | Potential Output Occurrences |
|:----------:|:--------------:|:---------------------:|:---------------------:|:----------------------------:|
| iv_500-iv_506 | 1964 | 4447 | 46 | 68 |
| iv_499-iv_508 | 1971 | 4181 | 50 | 70 |
| iv_500-iv_503 | 1988 | 4485 | 43 | 72 |
| iv_499-iv_502 | 1833 | 4204 | 44 | 73 |
| iv_501-iv_503 | 1962 | 4256 | 41 | 73 |
| iv_497-iv_500 | 1997 | 4450 | 40 | 74 |
| iv_504-iv_506 | 1874 | 4125 | 40 | 74 |
| iv_497-iv_498 | 1842 | 4302 | 44 | 75 |
| iv_500-iv_501 | 2005 | 4473 | 41 | 75 |
| iv_506-iv_508 | 1903 | 4347 | 44 | 75 |

## Output Bits

### Output Bits in Regular Order

| Rank | Output Bit | Complexity |
|:----:|:----------:|:----------:|
| 1 | ov_001 | 1.6664115107939957 × 10^299 |
| 2 | ov_002 | 1.4451522087376675 × 10^299 |
| 3 | ov_003 | 1.2469454651044457 × 10^299 |
| 4 | ov_004 | 1.0700444860176532 × 10^299 |
| 5 | ov_005 | 9.127977263903655 × 10^298 |
| 6 | ov_006 | 7.736420989383676 × 10^298 |
| 7 | ov_007 | 6.510970598016854 × 10^298 |
| 8 | ov_008 | 5.437595138139279 × 10^298 |
| 9 | ov_009 | 4.5029947600122544 × 10^298 |
| 10 | ov_010 | 3.6945641426421094 × 10^298 |
| 11 | ov_011 | 3.0003619733623504 × 10^298 |
| 12 | ov_012 | 2.409085764480064 × 10^298 |
| 13 | ov_013 | 1.910051333833277 × 10^298 |
| 14 | ov_014 | 1.4931763180168386 × 10^298 |
| 15 | ov_015 | 1.1489671284688802 × 10^298 |
| 16 | ov_016 | 8.685088016941356 × 10^297 |
| 17 | ov_017 | 6.434572357324547 × 10^297 |
| 18 | ov_018 | 4.6603334563413384 × 10^297 |
| 19 | ov_019 | 3.2901871123207815 × 10^297 |
| 20 | ov_020 | 2.2575235003837902 × 10^297 |
| 21 | ov_021 | 1.5012834324309615 × 10^297 |
| 22 | ov_022 | 9.659413034732373 × 10^296 |
| 23 | ov_023 | 6.014932974748567 × 10^296 |
| 24 | ov_024 | 3.63449627488016 × 10^296 |
| 25 | ov_025 | 2.1282978642933407 × 10^296 |
| 26 | ov_026 | 1.1615994492904802 × 10^296 |
| 27 | ov_027 | 5.807964152052464 × 10^295 |
| 28 | ov_028 | 2.598096138365297 × 10^295 |
| 29 | ov_029 | 1.0008413147872842 × 10^295 |
| 30 | ov_030 | 3.0588965834680684 × 10^294 |
| 31 | ov_031 | 5.964815652874275 × 10^293 |
| 32 | lv_80_m31 | 1.1629372029102527 × 10^293 |
| 33 | ov_033 | 1.3935552907539801 × 10^294 |
| 34 | ov_034 | 1.2083407645588565 × 10^294 |
| 35 | ov_035 | 1.0426565304621798 × 10^294 |
| 36 | ov_036 | 8.949129447694219 × 10^293 |
| 37 | ov_037 | 7.636062606784755 × 10^293 |
| 38 | ov_038 | 6.473125403789772 × 10^293 |
| 39 | ov_039 | 5.446823905378917 × 10^293 |
| 40 | ov_040 | 4.544364436641065 × 10^293 |
| 41 | ov_041 | 3.753615117056923 × 10^293 |
| 42 | ov_042 | 3.068671044689419 × 10^293 |
| 43 | ov_043 | 2.4839345951021822 × 10^293 |
| 44 | ov_044 | 1.9890854558360618 × 10^293 |
| 45 | ov_045 | 1.5743650636232271 × 10^293 |
| 46 | ov_046 | 1.2305620160121681 × 10^293 |
| 47 | ov_047 | 9.490005678076151 × 10^292 |
| 48 | ov_048 | 7.215317332637382 × 10^292 |
| 49 | ov_049 | 5.405265507488974 × 10^292 |
| 50 | ov_050 | 3.988711022517298 × 10^292 |
| 51 | ov_051 | 2.8996291564980167 × 10^292 |
| 52 | ov_052 | 2.077084131387688 × 10^292 |
| 53 | ov_053 | 1.465211190451048 × 10^292 |
| 54 | ov_054 | 1.0132041662725033 × 10^292 |
| 55 | ov_055 | 6.75307131998914 × 10^291 |
| 56 | ov_056 | 4.299038599470035 × 10^291 |
| 57 | ov_057 | 2.5789956219447068 × 10^291 |
| 58 | ov_058 | 1.427197253450432 × 10^291 |
| 59 | ov_059 | 7.030950074565472 × 10^290 |
| 60 | ov_060 | 2.9133425882836407 × 10^290 |
| 61 | ov_061 | 1.0175323262303433 × 10^290 |
| 62 | ov_062 | 2.7909215481857275 × 10^289 |
| 63 | ov_063 | 5.438813029043416 × 10^288 |
| 64 | lv_79_m31 | 1.0596386172690678 × 10^288 |
| 65 | ov_065 | 1.2575088831484865 × 10^289 |
| 66 | ov_066 | 1.2575053396461523 × 10^289 |
| 67 | ov_067 | 1.257504492065327 × 10^289 |
| 68 | ov_068 | 1.0878172519874868 × 10^289 |
| 69 | ov_069 | 9.359920409316421 × 10^288 |
| 70 | ov_070 | 8.006991285701685 × 10^288 |
| 71 | ov_071 | 6.806732726446635 × 10^288 |
| 72 | ov_072 | 5.747094108929803 × 10^288 |
| 73 | ov_073 | 4.8165915874023913 × 10^288 |
| 74 | ov_074 | 4.0042800590962085 × 10^288 |
| 75 | ov_075 | 3.299731107307851 × 10^288 |
| 76 | ov_076 | 2.693015963331402 × 10^288 |
| 77 | ov_077 | 2.1746925814679736 × 10^288 |
| 78 | ov_078 | 1.7357959723006952 × 10^288 |
| 79 | ov_079 | 1.3678309892780306 × 10^288 |
| 80 | ov_080 | 1.0627668126409623 × 10^288 |
| 81 | ov_081 | 8.130324966356294 × 10^287 |
| 82 | ov_082 | 6.115132086220374 × 10^287 |
| 83 | ov_083 | 4.515470333544318 × 10^287 |
| 84 | ov_084 | 3.2692229537883326 × 10^287 |
| 85 | ov_085 | 2.318753526235329 × 10^287 |
| 86 | ov_086 | 1.610888143478455 × 10^287 |
| 87 | ov_087 | 1.0969013667347841 × 10^287 |
| 88 | ov_088 | 7.325054895979664 × 10^286 |
| 89 | ov_089 | 4.778426430577586 × 10^286 |
| 90 | ov_090 | 2.9747927472862967 × 10^286 |
| 91 | ov_091 | 1.7480413127125763 × 10^286 |
| 92 | ov_092 | 9.541561669877431 × 10^285 |
| 93 | ov_093 | 4.712101131101784 × 10^285 |
| 94 | ov_094 | 1.9936087525294398 × 10^285 |
| 95 | aaa_78_28 | 6.0849528727770254 × 10^284 |
| 96 | aaa_78_29 | 1.8347215006657364 × 10^284 |
| 97 | ov_097 | 9.46040310813792 × 10^283 |
| 98 | ov_098 | 9.4603256188811 × 10^283 |
| 99 | ov_099 | 9.460300838231403 × 10^283 |
| 100 | ov_100 | 7.894146510983436 × 10^283 |
| 101 | ov_101 | 6.535102518668055 × 10^283 |
| 102 | ov_102 | 5.3641764247037685 × 10^283 |
| 103 | ov_103 | 4.363416567920735 × 10^283 |
| 104 | ov_104 | 3.5158357421904095 × 10^283 |
| 105 | ov_105 | 2.805344926248154 × 10^283 |
| 106 | ov_106 | 2.216696138976011 × 10^283 |
| 107 | ov_107 | 1.7354335425452243 × 10^283 |
| 108 | ov_108 | 1.3478519613480203 × 10^283 |
| 109 | ov_109 | 1.0409620289112275 × 10^283 |
| 110 | ov_110 | 8.024612182663787 × 10^282 |
| 111 | ov_111 | 6.207100537939404 × 10^282 |
| 112 | ov_112 | 4.847128445631226 × 10^282 |
| 113 | ov_113 | 3.841023208141601 × 10^282 |
| 114 | ov_114 | 3.0912759660200676 × 10^282 |
| 115 | ov_115 | 2.506449228311964 × 10^282 |
| 116 | ov_116 | 2.0011073602405852 × 10^282 |
| 117 | ov_117 | 1.569336392340486 × 10^282 |
| 118 | ov_118 | 1.205248571503318 × 10^282 |
| 119 | ov_119 | 9.029747515233435 × 10^281 |
| 120 | ov_120 | 6.566587221286769 × 10^281 |
| 121 | ov_121 | 4.604528840529137 × 10^281 |
| 122 | ov_122 | 3.0851506541449726 × 10^281 |
| 123 | ov_123 | 1.9500627468502546 × 10^281 |
| 124 | ov_124 | 1.1408918553055842 × 10^281 |
| 125 | ov_125 | 5.9927198584170855 × 10^280 |
| 126 | ov_126 | 2.6683963097442476 × 10^280 |
| 127 | aaa_77_28 | 8.52319342639378 × 10^279 |
| 128 | aaa_77_29 | 3.1968316526761384 × 10^279 |
| 129 | ov_129 | 2.935328769180629 × 10^279 |
| 130 | ov_130 | 2.935319950183352 × 10^279 |
| 131 | ov_131 | 2.93531782022716 × 10^279 |
| 132 | ov_132 | 2.543934837594786 × 10^279 |
| 133 | ov_133 | 2.1930278392223903 × 10^279 |
| 134 | ov_134 | 1.8794330397598213 × 10^279 |
| 135 | ov_135 | 1.60015346559139 × 10^279 |
| 136 | ov_136 | 1.3523469685860827 × 10^279 |
| 137 | ov_137 | 1.1346297964121028 × 10^279 |
| 138 | ov_138 | 9.444402484849473 × 10^278 |
| 139 | ov_139 | 7.79345208114212 × 10^278 |
| 140 | ov_140 | 6.370340967448818 × 10^278 |
| 141 | ov_141 | 5.153139308123134 × 10^278 |
| 142 | ov_142 | 4.121053444495739 × 10^278 |
| 143 | ov_143 | 3.254394492180157 × 10^278 |
| 144 | ov_144 | 2.53455409907379 × 10^278 |
| 145 | ov_145 | 1.9439862329024196 × 10^278 |
| 146 | ov_146 | 1.4661939453044933 × 10^278 |
| 147 | ov_147 | 1.0857201374407653 × 10^278 |
| 148 | ov_148 | 7.881414299902309 × 10^277 |
| 149 | ov_149 | 5.600643181828203 × 10^277 |
| 150 | ov_150 | 3.8912287024464744 × 10^277 |
| 151 | ov_151 | 2.6397733710154315 × 10^277 |
| 152 | ov_152 | 1.7431323629647858 × 10^277 |
| 153 | ov_153 | 1.1084070264449283 × 10^277 |
| 154 | ov_154 | 6.529403502110442 × 10^276 |
| 155 | ov_155 | 3.3796377035224877 × 10^276 |
| 156 | aaa_76_25 | 1.2982754603384527 × 10^276 |
| 157 | aaa_76_26 | 7.49326687455144 × 10^275 |
| 158 | aaa_76_27 | 3.833390457610667 × 10^275 |
| 159 | aaa_76_28 | 1.491359331836767 × 10^275 |
| 160 | aaa_76_29 | 4.531824823463663 × 10^274 |

### Output Bits Sorted by Complexity

| Rank | Output Bit | Complexity |
|:----:|:----------:|:----------:|
| 160 | aaa_76_29 | 4.531824823463663 × 10^274 |
| 159 | aaa_76_28 | 1.491359331836767 × 10^275 |
| 158 | aaa_76_27 | 3.833390457610667 × 10^275 |
| 157 | aaa_76_26 | 7.49326687455144 × 10^275 |
| 156 | aaa_76_25 | 1.2982754603384527 × 10^276 |
| 155 | ov_155 | 3.3796377035224877 × 10^276 |
| 154 | ov_154 | 6.529403502110442 × 10^276 |
| 153 | ov_153 | 1.1084070264449283 × 10^277 |
| 152 | ov_152 | 1.7431323629647858 × 10^277 |
| 151 | ov_151 | 2.6397733710154315 × 10^277 |
| 150 | ov_150 | 3.8912287024464744 × 10^277 |
| 149 | ov_149 | 5.600643181828203 × 10^277 |
| 148 | ov_148 | 7.881414299902309 × 10^277 |
| 147 | ov_147 | 1.0857201374407653 × 10^278 |
| 146 | ov_146 | 1.4661939453044933 × 10^278 |
| 145 | ov_145 | 1.9439862329024196 × 10^278 |
| 144 | ov_144 | 2.53455409907379 × 10^278 |
| 143 | ov_143 | 3.254394492180157 × 10^278 |
| 142 | ov_142 | 4.121053444495739 × 10^278 |
| 141 | ov_141 | 5.153139308123134 × 10^278 |
| 140 | ov_140 | 6.370340967448818 × 10^278 |
| 139 | ov_139 | 7.79345208114212 × 10^278 |
| 138 | ov_138 | 9.444402484849473 × 10^278 |
| 137 | ov_137 | 1.1346297964121028 × 10^279 |
| 136 | ov_136 | 1.3523469685860827 × 10^279 |
| 135 | ov_135 | 1.60015346559139 × 10^279 |
| 134 | ov_134 | 1.8794330397598213 × 10^279 |
| 133 | ov_133 | 2.1930278392223903 × 10^279 |
| 132 | ov_132 | 2.543934837594786 × 10^279 |
| 131 | ov_131 | 2.93531782022716 × 10^279 |
| 130 | ov_130 | 2.935319950183352 × 10^279 |
| 129 | ov_129 | 2.935328769180629 × 10^279 |
| 128 | aaa_77_29 | 3.1968316526761384 × 10^279 |
| 127 | aaa_77_28 | 8.52319342639378 × 10^279 |
| 126 | ov_126 | 2.6683963097442476 × 10^280 |
| 125 | ov_125 | 5.9927198584170855 × 10^280 |
| 124 | ov_124 | 1.1408918553055842 × 10^281 |
| 123 | ov_123 | 1.9500627468502546 × 10^281 |
| 122 | ov_122 | 3.0851506541449726 × 10^281 |
| 121 | ov_121 | 4.604528840529137 × 10^281 |
| 120 | ov_120 | 6.566587221286769 × 10^281 |
| 119 | ov_119 | 9.029747515233435 × 10^281 |
| 118 | ov_118 | 1.205248571503318 × 10^282 |
| 117 | ov_117 | 1.569336392340486 × 10^282 |
| 116 | ov_116 | 2.0011073602405852 × 10^282 |
| 115 | ov_115 | 2.506449228311964 × 10^282 |
| 114 | ov_114 | 3.0912759660200676 × 10^282 |
| 113 | ov_113 | 3.841023208141601 × 10^282 |
| 112 | ov_112 | 4.847128445631226 × 10^282 |
| 111 | ov_111 | 6.207100537939404 × 10^282 |
| 110 | ov_110 | 8.024612182663787 × 10^282 |
| 109 | ov_109 | 1.0409620289112275 × 10^283 |
| 108 | ov_108 | 1.3478519613480203 × 10^283 |
| 107 | ov_107 | 1.7354335425452243 × 10^283 |
| 106 | ov_106 | 2.216696138976011 × 10^283 |
| 105 | ov_105 | 2.805344926248154 × 10^283 |
| 104 | ov_104 | 3.5158357421904095 × 10^283 |
| 103 | ov_103 | 4.363416567920735 × 10^283 |
| 102 | ov_102 | 5.3641764247037685 × 10^283 |
| 101 | ov_101 | 6.535102518668055 × 10^283 |
| 100 | ov_100 | 7.894146510983436 × 10^283 |
| 99 | ov_099 | 9.460300838231403 × 10^283 |
| 98 | ov_098 | 9.4603256188811 × 10^283 |
| 97 | ov_097 | 9.46040310813792 × 10^283 |
| 96 | aaa_78_29 | 1.8347215006657364 × 10^284 |
| 95 | aaa_78_28 | 6.0849528727770254 × 10^284 |
| 94 | ov_094 | 1.9936087525294398 × 10^285 |
| 93 | ov_093 | 4.712101131101784 × 10^285 |
| 92 | ov_092 | 9.541561669877431 × 10^285 |
| 91 | ov_091 | 1.7480413127125763 × 10^286 |
| 90 | ov_090 | 2.9747927472862967 × 10^286 |
| 89 | ov_089 | 4.778426430577586 × 10^286 |
| 88 | ov_088 | 7.325054895979664 × 10^286 |
| 87 | ov_087 | 1.0969013667347841 × 10^287 |
| 86 | ov_086 | 1.610888143478455 × 10^287 |
| 85 | ov_085 | 2.318753526235329 × 10^287 |
| 84 | ov_084 | 3.2692229537883326 × 10^287 |
| 83 | ov_083 | 4.515470333544318 × 10^287 |
| 82 | ov_082 | 6.115132086220374 × 10^287 |
| 81 | ov_081 | 8.130324966356294 × 10^287 |
| 64 | lv_79_m31 | 1.0596386172690678 × 10^288 |
| 80 | ov_080 | 1.0627668126409623 × 10^288 |
| 79 | ov_079 | 1.3678309892780306 × 10^288 |
| 78 | ov_078 | 1.7357959723006952 × 10^288 |
| 77 | ov_077 | 2.1746925814679736 × 10^288 |
| 76 | ov_076 | 2.693015963331402 × 10^288 |
| 75 | ov_075 | 3.299731107307851 × 10^288 |
| 74 | ov_074 | 4.0042800590962085 × 10^288 |
| 73 | ov_073 | 4.8165915874023913 × 10^288 |
| 63 | ov_063 | 5.438813029043416 × 10^288 |
| 72 | ov_072 | 5.747094108929803 × 10^288 |
| 71 | ov_071 | 6.806732726446635 × 10^288 |
| 70 | ov_070 | 8.006991285701685 × 10^288 |
| 69 | ov_069 | 9.359920409316421 × 10^288 |
| 68 | ov_068 | 1.0878172519874868 × 10^289 |
| 67 | ov_067 | 1.257504492065327 × 10^289 |
| 66 | ov_066 | 1.2575053396461523 × 10^289 |
| 65 | ov_065 | 1.2575088831484865 × 10^289 |
| 62 | ov_062 | 2.7909215481857275 × 10^289 |
| 61 | ov_061 | 1.0175323262303433 × 10^290 |
| 60 | ov_060 | 2.9133425882836407 × 10^290 |
| 59 | ov_059 | 7.030950074565472 × 10^290 |
| 58 | ov_058 | 1.427197253450432 × 10^291 |
| 57 | ov_057 | 2.5789956219447068 × 10^291 |
| 56 | ov_056 | 4.299038599470035 × 10^291 |
| 55 | ov_055 | 6.75307131998914 × 10^291 |
| 54 | ov_054 | 1.0132041662725033 × 10^292 |
| 53 | ov_053 | 1.465211190451048 × 10^292 |
| 52 | ov_052 | 2.077084131387688 × 10^292 |
| 51 | ov_051 | 2.8996291564980167 × 10^292 |
| 50 | ov_050 | 3.988711022517298 × 10^292 |
| 49 | ov_049 | 5.405265507488974 × 10^292 |
| 48 | ov_048 | 7.215317332637382 × 10^292 |
| 47 | ov_047 | 9.490005678076151 × 10^292 |
| 32 | lv_80_m31 | 1.1629372029102527 × 10^293 |
| 46 | ov_046 | 1.2305620160121681 × 10^293 |
| 45 | ov_045 | 1.5743650636232271 × 10^293 |
| 44 | ov_044 | 1.9890854558360618 × 10^293 |
| 43 | ov_043 | 2.4839345951021822 × 10^293 |
| 42 | ov_042 | 3.068671044689419 × 10^293 |
| 41 | ov_041 | 3.753615117056923 × 10^293 |
| 40 | ov_040 | 4.544364436641065 × 10^293 |
| 39 | ov_039 | 5.446823905378917 × 10^293 |
| 31 | ov_031 | 5.964815652874275 × 10^293 |
| 38 | ov_038 | 6.473125403789772 × 10^293 |
| 37 | ov_037 | 7.636062606784755 × 10^293 |
| 36 | ov_036 | 8.949129447694219 × 10^293 |
| 35 | ov_035 | 1.0426565304621798 × 10^294 |
| 34 | ov_034 | 1.2083407645588565 × 10^294 |
| 33 | ov_033 | 1.3935552907539801 × 10^294 |
| 30 | ov_030 | 3.0588965834680684 × 10^294 |
| 29 | ov_029 | 1.0008413147872842 × 10^295 |
| 28 | ov_028 | 2.598096138365297 × 10^295 |
| 27 | ov_027 | 5.807964152052464 × 10^295 |
| 26 | ov_026 | 1.1615994492904802 × 10^296 |
| 25 | ov_025 | 2.1282978642933407 × 10^296 |
| 24 | ov_024 | 3.63449627488016 × 10^296 |
| 23 | ov_023 | 6.014932974748567 × 10^296 |
| 22 | ov_022 | 9.659413034732373 × 10^296 |
| 21 | ov_021 | 1.5012834324309615 × 10^297 |
| 20 | ov_020 | 2.2575235003837902 × 10^297 |
| 19 | ov_019 | 3.2901871123207815 × 10^297 |
| 18 | ov_018 | 4.6603334563413384 × 10^297 |
| 17 | ov_017 | 6.434572357324547 × 10^297 |
| 16 | ov_016 | 8.685088016941356 × 10^297 |
| 15 | ov_015 | 1.1489671284688802 × 10^298 |
| 14 | ov_014 | 1.4931763180168386 × 10^298 |
| 13 | ov_013 | 1.910051333833277 × 10^298 |
| 12 | ov_012 | 2.409085764480064 × 10^298 |
| 11 | ov_011 | 3.0003619733623504 × 10^298 |
| 10 | ov_010 | 3.6945641426421094 × 10^298 |
| 9 | ov_009 | 4.5029947600122544 × 10^298 |
| 8 | ov_008 | 5.437595138139279 × 10^298 |
| 7 | ov_007 | 6.510970598016854 × 10^298 |
| 6 | ov_006 | 7.736420989383676 × 10^298 |
| 5 | ov_005 | 9.127977263903655 × 10^298 |
| 4 | ov_004 | 1.0700444860176532 × 10^299 |
| 3 | ov_003 | 1.2469454651044457 × 10^299 |
| 2 | ov_002 | 1.4451522087376675 × 10^299 |
| 1 | ov_001 | 1.6664115107939957 × 10^299 |

