# Results for F001-F002-F003-F004-F005-F006-F007-F008-F009-F010-F011-F012-F013-F014-F015-F016-F017-F018-F019-F020-F021-F022-F023-F024-F025-F026-F027-F028-F029-F030-F031-F032-F033-F034-F035-F036-F037-F038-F039-F040-F041-F042-F043-F044-F045-F046-F047-F048-F049-F050-F051-F052-F053-F054-F055-F056-F057-F058-F059-F060-F061-F062-F063-F064-F065-F066-F067-F068-F069-F070-F071-F072-F073-F074-F075-F076-F077-F078-F079-F080-F081-F082-F083-F084-F085-F086-F087-F088-F089-F090-F091-F092-F093-F094-F095-F096-F097-F098-F099-F100-F101-F102-F103-F104-F105-F106-F107-F108-F109-F110-F111-F112-F113-F114-F115-F116-F117-F118-F119-F120-F121-F122-F123-F124-F125-F126-F127-F128-F129-F130-F131-F132-F133-F134-F135-F136-F137-F138-F139-F140-F141-F142-F143-F144-F145-F146-F147-F148-F149-F150-F151-F152-F153-F154-F155-F156-F157-F158-F159-F160-F161-F162-F163-F164-F165-F166-F167-F168-F169-F170-F171-F172-F173-F174-F175-F176-F177-F178-F179-F180-F181-F182-F183-F184-F185-F186-F187-F188-F189-F190-F191-F192-F193-F194-F195-F196-F197-F198-F199-F200-F201-F202-F203-F204-F205-F206-F207-F208-F209-F210-F211-F212-F213-F214-F215-F216-F217-F218-F219-F220-F221-F222-F223-F224-F225-F226-F227-F228-F229-F230-F231-F232-F233-F234-F235-F236-F237-F238-F239-F240-F241-F242-F243-F244-F245-F246-F247-F248-F249-F250-F251-F252-F253-F254-F255-F256-F257-F258-F259-F260-F261-F262-F263-F264-F265-F266-F267-F268-F269-F270-F271-F272-F273-F274-F275-F276-F277-F278-F279-F280-F281-F282-F283-F284-F285-F286-F287-F288-F289-F290-F291-F292-F293-F294-F295-F296-F297-F298-F299-F300-F301-F302-F303-F304-F305-F306-F307-F308-F309-F310-F311-F312-F313-F314-F315-F316-F317-F318-F319-F320-F321-F322-F323-F324-F325-F326-F327-F328-F329-F330-F331-F332-F333-F334-F335-F336-F337-F338-F339-F340-F341-F342-F343-F344-F345-F346-F347-F348-F349-F350-F351-F352-F353-F354-F355-F356-F357-F358-F359-F360-F361-F362-F363-F364-F365-F366-F367-F368-F369-F370-F371-F372-F373-F374-F375-F376-F377-F378-F379-F380-F381-F382-F383-F384-F385-F386-F387-F388-F389-F390-F391-F392-F393-F394-F395-F396-F397-F398-F399-F400-F401-F402-F403-F404-F405-F406-F407-F408-F409-F410-F411-F412-F413-F414-F415-F416-F417-F418-F419-F420-F421-F422-F423-F424-F425-F426-F427-F428-F429-F430-F431-F432-F433-F434-F435-F436-F437-F438-F439-F440-F441-F442-F443-F444-F445-F446-F447-F448-F449-F450-F451-F452-F453-F454-F455-F456-F457-F458-F459-F460-F461-F462-F463-F464-F465-F466-F467-F468-F469-F470-F471-F472-F473-F474-F475-F476-F477-F478-F479-F480-F481-F482-F483-F484-F485-F486-F487-F488-F489-F490-F491-F492-F493-F494-F495-F496-O501504-F508-F509-F510-F511-F512

## Summary

Number of input bits: 512  
Number of free input bits: 10  
Number of output bits: 160

Number of direct occurrences: 39789  
Number of assignments: 30875  
Number of operations: 10857177
(xor: 10829248,
and: 14742,
or: 13187)

Total complexity: 2.7526121073343912 × 10^297

Least occurring input variable: iv_502 (3849)  
Most occurring input variable: iv_500 (4085)

Most co-occurring input variables: iv_497-iv_500 (1969)  
Least co-occurring input variables: iv_501-iv_502 (1721)

Potentially most occurring input variable: iv_501/iv_507 (4487)  
Potentially least occurring input variable: iv_499/iv_505 (4114)

Least output occurring input variable: iv_507 (71)  
Most output occurring input variable: iv_498 (88)

Most output co-occurring input variables: iv_498-iv_500 (49)  
Least output co-occurring input variables: iv_501-iv_507 (29)

Potentially most output occurring input variable: iv_505/iv_506 (94)  
Potentially least output occurring input variable: iv_499/iv_506 (69)

Least complex input bit: iv_497 (1.6371463869725524 × 10^295)  
Most complex input bit: iv_505 (7.984813247159357 × 10^296)

Least complex output bit: aaa_76_29 (3.017786674487774 × 10^272)  
Most complex output bit: ov_001 (4.441605759337467 × 10^296)

Least complex input/output complexity: iv_497/aaa_76_29 (1.7948618832371423 × 10^270)  
Most complex input/output complexity: iv_505/ov_001 (1.2884268150720839 × 10^296)

## Input Bits

### Input Bits in Regular Order

| Input Bit | Complexity | Occurrences | Output Occurrences |
|:---------:|:----------:|:-----------:|:------------------:|
| iv_497 | 1.6371463869725524 × 10^295 | 4034 | 82 |
| iv_498 | 3.2658603850156543 × 10^295 | 3897 | 88 |
| iv_499 | 5.74298283635586 × 10^295 | 3896 | 81 |
| iv_500 | 9.622075963465838 × 10^295 | 4085 | 83 |
| iv_501 | 7.775601223375113 × 10^296 | 4062 | 73 |
| iv_502 | 2.5301438612057332 × 10^296 | 3849 | 87 |
| iv_503 | 3.996996590089184 × 10^296 | 4007 | 72 |
| iv_505 | 7.984813247159357 × 10^296 | 3928 | 82 |
| iv_506 | 1.4811440580868874 × 10^296 | 4002 | 76 |
| iv_507 | 1.7306155362466746 × 10^296 | 4029 | 71 |

### Input Bits Sorted by Complexity

| Input Bit | Complexity | Occurrences | Output Occurrences |
|:---------:|:----------:|:-----------:|:------------------:|
| iv_497 | 1.6371463869725524 × 10^295 | 4034 | 82 |
| iv_498 | 3.2658603850156543 × 10^295 | 3897 | 88 |
| iv_499 | 5.74298283635586 × 10^295 | 3896 | 81 |
| iv_500 | 9.622075963465838 × 10^295 | 4085 | 83 |
| iv_506 | 1.4811440580868874 × 10^296 | 4002 | 76 |
| iv_507 | 1.7306155362466746 × 10^296 | 4029 | 71 |
| iv_502 | 2.5301438612057332 × 10^296 | 3849 | 87 |
| iv_503 | 3.996996590089184 × 10^296 | 4007 | 72 |
| iv_501 | 7.775601223375113 × 10^296 | 4062 | 73 |
| iv_505 | 7.984813247159357 × 10^296 | 3928 | 82 |

### Input Bits Sorted by Occurrences

| Input Bit | Complexity | Occurrences | Output Occurrences |
|:---------:|:----------:|:-----------:|:------------------:|
| iv_502 | 2.5301438612057332 × 10^296 | 3849 | 87 |
| iv_499 | 5.74298283635586 × 10^295 | 3896 | 81 |
| iv_498 | 3.2658603850156543 × 10^295 | 3897 | 88 |
| iv_505 | 7.984813247159357 × 10^296 | 3928 | 82 |
| iv_506 | 1.4811440580868874 × 10^296 | 4002 | 76 |
| iv_503 | 3.996996590089184 × 10^296 | 4007 | 72 |
| iv_507 | 1.7306155362466746 × 10^296 | 4029 | 71 |
| iv_497 | 1.6371463869725524 × 10^295 | 4034 | 82 |
| iv_501 | 7.775601223375113 × 10^296 | 4062 | 73 |
| iv_500 | 9.622075963465838 × 10^295 | 4085 | 83 |

### Input Bits Sorted by Output Occurrences

| Input Bit | Complexity | Occurrences | Output Occurrences |
|:---------:|:----------:|:-----------:|:------------------:|
| iv_507 | 1.7306155362466746 × 10^296 | 4029 | 71 |
| iv_503 | 3.996996590089184 × 10^296 | 4007 | 72 |
| iv_501 | 7.775601223375113 × 10^296 | 4062 | 73 |
| iv_506 | 1.4811440580868874 × 10^296 | 4002 | 76 |
| iv_499 | 5.74298283635586 × 10^295 | 3896 | 81 |
| iv_497 | 1.6371463869725524 × 10^295 | 4034 | 82 |
| iv_505 | 7.984813247159357 × 10^296 | 3928 | 82 |
| iv_500 | 9.622075963465838 × 10^295 | 4085 | 83 |
| iv_502 | 2.5301438612057332 × 10^296 | 3849 | 87 |
| iv_498 | 3.2658603850156543 × 10^295 | 3897 | 88 |

## Input Bit Co-occurrences

### Input Bit Co-occurrences Sorted by Co-occurrences

| Input Bits | Co-occurrences | Potential Occurrences | Output Co-occurrences | Potential Output Occurrences |
|:----------:|:--------------:|:---------------------:|:---------------------:|:----------------------------:|
| iv_497-iv_500 | 1969 | 4181 | 39 | 87 |
| iv_497-iv_503 | 1952 | 4137 | 36 | 82 |
| iv_501-iv_506 | 1938 | 4188 | 31 | 87 |
| iv_500-iv_506 | 1937 | 4213 | 39 | 81 |
| iv_500-iv_503 | 1934 | 4224 | 41 | 73 |
| iv_500-iv_507 | 1903 | 4308 | 33 | 88 |
| iv_500-iv_505 | 1903 | 4207 | 44 | 77 |
| iv_497-iv_505 | 1903 | 4156 | 45 | 74 |
| iv_497-iv_506 | 1896 | 4244 | 41 | 76 |
| iv_498-iv_500 | 1894 | 4194 | 49 | 73 |

### Input Bit Co-occurrences Sorted by Potential Occurrences

| Input Bits | Co-occurrences | Potential Occurrences | Output Co-occurrences | Potential Output Occurrences |
|:----------:|:--------------:|:---------------------:|:---------------------:|:----------------------------:|
| iv_499-iv_505 | 1855 | 4114 | 37 | 89 |
| iv_497-iv_503 | 1952 | 4137 | 36 | 82 |
| iv_502-iv_506 | 1853 | 4145 | 44 | 75 |
| iv_497-iv_505 | 1903 | 4156 | 45 | 74 |
| iv_500-iv_502 | 1886 | 4162 | 44 | 82 |
| iv_497-iv_500 | 1969 | 4181 | 39 | 87 |
| iv_498-iv_499 | 1805 | 4183 | 48 | 73 |
| iv_499-iv_503 | 1858 | 4187 | 39 | 75 |
| iv_501-iv_506 | 1938 | 4188 | 31 | 87 |
| iv_498-iv_500 | 1894 | 4194 | 49 | 73 |

### Input Bit Output Co-occurrences Sorted by Output Co-occurrences

| Input Bits | Co-occurrences | Potential Occurrences | Output Co-occurrences | Potential Output Occurrences |
|:----------:|:--------------:|:---------------------:|:---------------------:|:----------------------------:|
| iv_498-iv_500 | 1894 | 4194 | 49 | 73 |
| iv_498-iv_499 | 1805 | 4183 | 48 | 73 |
| iv_498-iv_502 | 1757 | 4232 | 47 | 81 |
| iv_497-iv_502 | 1825 | 4233 | 45 | 79 |
| iv_497-iv_505 | 1903 | 4156 | 45 | 74 |
| iv_499-iv_506 | 1821 | 4256 | 44 | 69 |
| iv_500-iv_502 | 1886 | 4162 | 44 | 82 |
| iv_502-iv_506 | 1853 | 4145 | 44 | 75 |
| iv_500-iv_505 | 1903 | 4207 | 44 | 77 |
| iv_499-iv_500 | 1868 | 4245 | 43 | 78 |

### Input Bit Output Co-occurrences Sorted by Potential Output Occurrences

| Input Bits | Co-occurrences | Potential Occurrences | Output Co-occurrences | Potential Output Occurrences |
|:----------:|:--------------:|:---------------------:|:---------------------:|:----------------------------:|
| iv_499-iv_506 | 1821 | 4256 | 44 | 69 |
| iv_501-iv_505 | 1857 | 4276 | 43 | 69 |
| iv_506-iv_507 | 1877 | 4277 | 39 | 69 |
| iv_498-iv_499 | 1805 | 4183 | 48 | 73 |
| iv_498-iv_500 | 1894 | 4194 | 49 | 73 |
| iv_501-iv_503 | 1890 | 4289 | 36 | 73 |
| iv_500-iv_503 | 1934 | 4224 | 41 | 73 |
| iv_497-iv_505 | 1903 | 4156 | 45 | 74 |
| iv_502-iv_506 | 1853 | 4145 | 44 | 75 |
| iv_499-iv_503 | 1858 | 4187 | 39 | 75 |

## Output Bits

### Output Bits in Regular Order

| Rank | Output Bit | Complexity |
|:----:|:----------:|:----------:|
| 1 | ov_001 | 4.441605759337467 × 10^296 |
| 2 | ov_002 | 3.8461526838359 × 10^296 |
| 3 | ov_003 | 3.313319142072722 × 10^296 |
| 4 | ov_004 | 2.8383296988996794 × 10^296 |
| 5 | ov_005 | 2.416669342003402 × 10^296 |
| 6 | ov_006 | 2.0440647758154246 × 10^296 |
| 7 | ov_007 | 1.7164681518929063 × 10^296 |
| 8 | ov_008 | 1.430043090165375 × 10^296 |
| 9 | ov_009 | 1.1811528101045954 × 10^296 |
| 10 | ov_010 | 9.663501576329153 × 10^295 |
| 11 | ov_011 | 7.823693110804569 × 10^295 |
| 12 | ov_012 | 6.261189618420233 × 10^295 |
| 13 | ov_013 | 4.946767775038719 × 10^295 |
| 14 | ov_014 | 3.8528496716079174 × 10^295 |
| 15 | ov_015 | 2.953467804675146 × 10^295 |
| 16 | ov_016 | 2.2242378369870042 × 10^295 |
| 17 | ov_017 | 1.6423376775397561 × 10^295 |
| 18 | ov_018 | 1.186491546577943 × 10^295 |
| 19 | ov_019 | 8.369578685577072 × 10^294 |
| 20 | ov_020 | 5.755201296318877 × 10^294 |
| 21 | ov_021 | 3.854801079872145 × 10^294 |
| 22 | ov_022 | 2.5165301197199552 × 10^294 |
| 23 | ov_023 | 1.6036411858153803 × 10^294 |
| 24 | ov_024 | 9.944656247679985 × 10^293 |
| 25 | ov_025 | 5.823998331000407 × 10^293 |
| 26 | ov_026 | 3.1790703482822624 × 10^293 |
| 27 | ov_027 | 1.589780441955847 × 10^293 |
| 28 | ov_028 | 7.113024238465717 × 10^292 |
| 29 | ov_029 | 2.74072273558682 × 10^292 |
| 30 | ov_030 | 8.378722076828066 × 10^291 |
| 31 | ov_031 | 1.6343959560752305 × 10^291 |
| 32 | lv_80_m31 | 3.187716312746553 × 10^290 |
| 33 | ov_033 | 3.813192529690121 × 10^291 |
| 34 | ov_034 | 3.30703244020443 × 10^291 |
| 35 | ov_035 | 2.854262430139925 × 10^291 |
| 36 | ov_036 | 2.4503619018616974 × 10^291 |
| 37 | ov_037 | 2.091052470963331 × 10^291 |
| 38 | ov_038 | 1.7722808396677508 × 10^291 |
| 39 | ov_039 | 1.4902040427293463 × 10^291 |
| 40 | ov_040 | 1.2411768349897246 × 10^291 |
| 41 | ov_041 | 1.0234245741699539 × 10^291 |
| 42 | ov_042 | 8.352636881240172 × 10^290 |
| 43 | ov_043 | 6.7509759244094355 × 10^290 |
| 44 | ov_044 | 5.399812304532312 × 10^290 |
| 45 | ov_045 | 4.2712909135591394 × 10^290 |
| 46 | ov_046 | 3.3391126726629684 × 10^290 |
| 47 | ov_047 | 2.578503644248173 × 10^290 |
| 48 | ov_048 | 1.9661912889973615 × 10^290 |
| 49 | ov_049 | 1.4803865779539194 × 10^290 |
| 50 | ov_050 | 1.1007707751617497 × 10^290 |
| 51 | ov_051 | 8.084858112487834 × 10^289 |
| 52 | ov_052 | 5.861273206712517 × 10^289 |
| 53 | ov_053 | 4.177396567580019 × 10^289 |
| 54 | ov_054 | 2.888124204553279 × 10^289 |
| 55 | ov_055 | 1.924513728488798 × 10^289 |
| 56 | ov_056 | 1.2248328603923486 × 10^289 |
| 57 | ov_057 | 7.345538780131558 × 10^288 |
| 58 | ov_058 | 4.0635046889321024 × 10^288 |
| 59 | ov_059 | 2.000961062216446 × 10^288 |
| 60 | ov_060 | 8.286331739107825 × 10^287 |
| 61 | ov_061 | 2.8923422170040525 × 10^287 |
| 62 | ov_062 | 7.92817202302959 × 10^286 |
| 63 | ov_063 | 1.543938871945744 × 10^286 |
| 64 | lv_79_m31 | 3.0059419867601454 × 10^285 |
| 65 | ov_065 | 3.547249674148774 × 10^286 |
| 66 | ov_066 | 3.547240738220591 × 10^286 |
| 67 | ov_067 | 3.547238643893194 × 10^286 |
| 68 | ov_068 | 3.060188075314175 × 10^286 |
| 69 | ov_069 | 2.625588748018204 × 10^286 |
| 70 | ov_070 | 2.239420360938814 × 10^286 |
| 71 | ov_071 | 1.8978582841601944 × 10^286 |
| 72 | ov_072 | 1.59726408532266 × 10^286 |
| 73 | ov_073 | 1.334177761087112 × 10^286 |
| 74 | ov_074 | 1.1053110462202187 × 10^286 |
| 75 | ov_075 | 9.07541435787252 × 10^285 |
| 76 | ov_076 | 7.379068049092295 × 10^285 |
| 77 | ov_077 | 5.936005925444453 × 10^285 |
| 78 | ov_078 | 4.7196751645092093 × 10^285 |
| 79 | ov_079 | 3.704997870265433 × 10^285 |
| 80 | ov_080 | 2.8683378813535605 × 10^285 |
| 81 | ov_081 | 2.1874719333702676 × 10^285 |
| 82 | ov_082 | 1.641564861649107 × 10^285 |
| 83 | ov_083 | 1.211148532658602 × 10^285 |
| 84 | ov_084 | 8.781041933689749 × 10^284 |
| 85 | ov_085 | 6.256479288074575 × 10^284 |
| 86 | ov_086 | 4.3831891862050634 × 10^284 |
| 87 | ov_087 | 3.0197018385593122 × 10^284 |
| 88 | ov_088 | 2.037615154246017 × 10^284 |
| 89 | ov_089 | 1.3215427584504477 × 10^284 |
| 90 | ov_090 | 8.170399694089265 × 10^283 |
| 91 | ov_091 | 4.761444772176819 × 10^283 |
| 92 | ov_092 | 2.573672171431085 × 10^283 |
| 93 | ov_093 | 1.2568724043783708 × 10^283 |
| 94 | ov_094 | 5.254919472633698 × 10^282 |
| 95 | aaa_78_28 | 1.586229567680524 × 10^282 |
| 96 | aaa_78_29 | 4.702588809776028 × 10^281 |
| 97 | ov_097 | 2.771252502084449 × 10^281 |
| 98 | ov_098 | 2.7712018701406935 × 10^281 |
| 99 | ov_099 | 2.771185715362045 × 10^281 |
| 100 | ov_100 | 2.2686746098033356 × 10^281 |
| 101 | ov_101 | 1.8574950326634683 × 10^281 |
| 102 | ov_102 | 1.5251612957161239 × 10^281 |
| 103 | ov_103 | 1.2598666971066698 × 10^281 |
| 104 | ov_104 | 1.0504339572503078 × 10^281 |
| 105 | ov_105 | 8.862722802924328 × 10^280 |
| 106 | ov_106 | 7.573404231986993 × 10^280 |
| 107 | ov_107 | 6.5411518565111 × 10^280 |
| 108 | ov_108 | 5.675647640451385 × 10^280 |
| 109 | ov_109 | 4.89126442232418 × 10^280 |
| 110 | ov_110 | 4.183647070540705 × 10^280 |
| 111 | ov_111 | 3.5485622285934254 × 10^280 |
| 112 | ov_112 | 2.981873202046287 × 10^280 |
| 113 | ov_113 | 2.4795187124273665 × 10^280 |
| 114 | ov_114 | 2.0374952418841375 × 10^280 |
| 115 | ov_115 | 1.6518426929848336 × 10^280 |
| 116 | ov_116 | 1.3186330884017755 × 10^280 |
| 117 | ov_117 | 1.033962035466502 × 10^280 |
| 118 | ov_118 | 7.939424210242152 × 10^279 |
| 119 | ov_119 | 5.946995767183074 × 10^279 |
| 120 | ov_120 | 4.3236748330616094 × 10^279 |
| 121 | ov_121 | 3.030858767169232 × 10^279 |
| 122 | ov_122 | 2.029981185809996 × 10^279 |
| 123 | ov_123 | 1.2824969396812736 × 10^279 |
| 124 | ov_124 | 7.49871990706375 × 10^278 |
| 125 | ov_125 | 3.9357714817885 × 10^278 |
| 126 | ov_126 | 1.7508487782984086 × 10^278 |
| 127 | aaa_77_28 | 5.586807879819865 × 10^277 |
| 128 | aaa_77_29 | 2.0921993522639074 × 10^277 |
| 129 | ov_129 | 1.9144686242749963 × 10^277 |
| 130 | ov_130 | 1.9144627569385103 × 10^277 |
| 131 | ov_131 | 1.914461341514736 × 10^277 |
| 132 | ov_132 | 1.6544350699825963 × 10^277 |
| 133 | ov_133 | 1.4220774204170807 × 10^277 |
| 134 | ov_134 | 1.2152841101447074 × 10^277 |
| 135 | ov_135 | 1.0320602455880514 × 10^277 |
| 136 | ov_136 | 8.705124590927389 × 10^276 |
| 137 | ov_137 | 7.288422260436793 × 10^276 |
| 138 | ov_138 | 6.053402429170365 × 10^276 |
| 139 | ov_139 | 4.983817528455461 × 10^276 |
| 140 | ov_140 | 4.0642271106879163 × 10^276 |
| 141 | ov_141 | 3.279966883338328 × 10^276 |
| 142 | ov_142 | 2.617124159345242 × 10^276 |
| 143 | ov_143 | 2.0625188165269448 × 10^276 |
| 144 | ov_144 | 1.6036889140743032 × 10^276 |
| 145 | ov_145 | 1.228880169409107 × 10^276 |
| 146 | ov_146 | 9.270385537705257 × 10^275 |
| 147 | ov_147 | 6.87805319864104 × 10^275 |
| 148 | ov_148 | 5.01513829797 × 10^275 |
| 149 | ov_149 | 3.591876063485665 × 10^275 |
| 150 | ov_150 | 2.5253911119619708 × 10^275 |
| 151 | ov_151 | 1.7396890479582184 × 10^275 |
| 152 | ov_152 | 1.1656502474789906 × 10^275 |
| 153 | ov_153 | 7.410252950016727 × 10^274 |
| 154 | ov_154 | 4.364065592994612 × 10^274 |
| 155 | ov_155 | 2.2581927281426606 × 10^274 |
| 156 | aaa_76_25 | 8.672077888223736 × 10^273 |
| 157 | aaa_76_26 | 5.002269358061421 × 10^273 |
| 158 | aaa_76_27 | 2.5572921806052304 × 10^273 |
| 159 | aaa_76_28 | 9.940166652923928 × 10^272 |
| 160 | aaa_76_29 | 3.017786674487774 × 10^272 |

### Output Bits Sorted by Complexity

| Rank | Output Bit | Complexity |
|:----:|:----------:|:----------:|
| 160 | aaa_76_29 | 3.017786674487774 × 10^272 |
| 159 | aaa_76_28 | 9.940166652923928 × 10^272 |
| 158 | aaa_76_27 | 2.5572921806052304 × 10^273 |
| 157 | aaa_76_26 | 5.002269358061421 × 10^273 |
| 156 | aaa_76_25 | 8.672077888223736 × 10^273 |
| 155 | ov_155 | 2.2581927281426606 × 10^274 |
| 154 | ov_154 | 4.364065592994612 × 10^274 |
| 153 | ov_153 | 7.410252950016727 × 10^274 |
| 152 | ov_152 | 1.1656502474789906 × 10^275 |
| 151 | ov_151 | 1.7396890479582184 × 10^275 |
| 150 | ov_150 | 2.5253911119619708 × 10^275 |
| 149 | ov_149 | 3.591876063485665 × 10^275 |
| 148 | ov_148 | 5.01513829797 × 10^275 |
| 147 | ov_147 | 6.87805319864104 × 10^275 |
| 146 | ov_146 | 9.270385537705257 × 10^275 |
| 145 | ov_145 | 1.228880169409107 × 10^276 |
| 144 | ov_144 | 1.6036889140743032 × 10^276 |
| 143 | ov_143 | 2.0625188165269448 × 10^276 |
| 142 | ov_142 | 2.617124159345242 × 10^276 |
| 141 | ov_141 | 3.279966883338328 × 10^276 |
| 140 | ov_140 | 4.0642271106879163 × 10^276 |
| 139 | ov_139 | 4.983817528455461 × 10^276 |
| 138 | ov_138 | 6.053402429170365 × 10^276 |
| 137 | ov_137 | 7.288422260436793 × 10^276 |
| 136 | ov_136 | 8.705124590927389 × 10^276 |
| 135 | ov_135 | 1.0320602455880514 × 10^277 |
| 134 | ov_134 | 1.2152841101447074 × 10^277 |
| 133 | ov_133 | 1.4220774204170807 × 10^277 |
| 132 | ov_132 | 1.6544350699825963 × 10^277 |
| 131 | ov_131 | 1.914461341514736 × 10^277 |
| 130 | ov_130 | 1.9144627569385103 × 10^277 |
| 129 | ov_129 | 1.9144686242749963 × 10^277 |
| 128 | aaa_77_29 | 2.0921993522639074 × 10^277 |
| 127 | aaa_77_28 | 5.586807879819865 × 10^277 |
| 126 | ov_126 | 1.7508487782984086 × 10^278 |
| 125 | ov_125 | 3.9357714817885 × 10^278 |
| 124 | ov_124 | 7.49871990706375 × 10^278 |
| 123 | ov_123 | 1.2824969396812736 × 10^279 |
| 122 | ov_122 | 2.029981185809996 × 10^279 |
| 121 | ov_121 | 3.030858767169232 × 10^279 |
| 120 | ov_120 | 4.3236748330616094 × 10^279 |
| 119 | ov_119 | 5.946995767183074 × 10^279 |
| 118 | ov_118 | 7.939424210242152 × 10^279 |
| 117 | ov_117 | 1.033962035466502 × 10^280 |
| 116 | ov_116 | 1.3186330884017755 × 10^280 |
| 115 | ov_115 | 1.6518426929848336 × 10^280 |
| 114 | ov_114 | 2.0374952418841375 × 10^280 |
| 113 | ov_113 | 2.4795187124273665 × 10^280 |
| 112 | ov_112 | 2.981873202046287 × 10^280 |
| 111 | ov_111 | 3.5485622285934254 × 10^280 |
| 110 | ov_110 | 4.183647070540705 × 10^280 |
| 109 | ov_109 | 4.89126442232418 × 10^280 |
| 108 | ov_108 | 5.675647640451385 × 10^280 |
| 107 | ov_107 | 6.5411518565111 × 10^280 |
| 106 | ov_106 | 7.573404231986993 × 10^280 |
| 105 | ov_105 | 8.862722802924328 × 10^280 |
| 104 | ov_104 | 1.0504339572503078 × 10^281 |
| 103 | ov_103 | 1.2598666971066698 × 10^281 |
| 102 | ov_102 | 1.5251612957161239 × 10^281 |
| 101 | ov_101 | 1.8574950326634683 × 10^281 |
| 100 | ov_100 | 2.2686746098033356 × 10^281 |
| 99 | ov_099 | 2.771185715362045 × 10^281 |
| 98 | ov_098 | 2.7712018701406935 × 10^281 |
| 97 | ov_097 | 2.771252502084449 × 10^281 |
| 96 | aaa_78_29 | 4.702588809776028 × 10^281 |
| 95 | aaa_78_28 | 1.586229567680524 × 10^282 |
| 94 | ov_094 | 5.254919472633698 × 10^282 |
| 93 | ov_093 | 1.2568724043783708 × 10^283 |
| 92 | ov_092 | 2.573672171431085 × 10^283 |
| 91 | ov_091 | 4.761444772176819 × 10^283 |
| 90 | ov_090 | 8.170399694089265 × 10^283 |
| 89 | ov_089 | 1.3215427584504477 × 10^284 |
| 88 | ov_088 | 2.037615154246017 × 10^284 |
| 87 | ov_087 | 3.0197018385593122 × 10^284 |
| 86 | ov_086 | 4.3831891862050634 × 10^284 |
| 85 | ov_085 | 6.256479288074575 × 10^284 |
| 84 | ov_084 | 8.781041933689749 × 10^284 |
| 83 | ov_083 | 1.211148532658602 × 10^285 |
| 82 | ov_082 | 1.641564861649107 × 10^285 |
| 81 | ov_081 | 2.1874719333702676 × 10^285 |
| 80 | ov_080 | 2.8683378813535605 × 10^285 |
| 64 | lv_79_m31 | 3.0059419867601454 × 10^285 |
| 79 | ov_079 | 3.704997870265433 × 10^285 |
| 78 | ov_078 | 4.7196751645092093 × 10^285 |
| 77 | ov_077 | 5.936005925444453 × 10^285 |
| 76 | ov_076 | 7.379068049092295 × 10^285 |
| 75 | ov_075 | 9.07541435787252 × 10^285 |
| 74 | ov_074 | 1.1053110462202187 × 10^286 |
| 73 | ov_073 | 1.334177761087112 × 10^286 |
| 63 | ov_063 | 1.543938871945744 × 10^286 |
| 72 | ov_072 | 1.59726408532266 × 10^286 |
| 71 | ov_071 | 1.8978582841601944 × 10^286 |
| 70 | ov_070 | 2.239420360938814 × 10^286 |
| 69 | ov_069 | 2.625588748018204 × 10^286 |
| 68 | ov_068 | 3.060188075314175 × 10^286 |
| 67 | ov_067 | 3.547238643893194 × 10^286 |
| 66 | ov_066 | 3.547240738220591 × 10^286 |
| 65 | ov_065 | 3.547249674148774 × 10^286 |
| 62 | ov_062 | 7.92817202302959 × 10^286 |
| 61 | ov_061 | 2.8923422170040525 × 10^287 |
| 60 | ov_060 | 8.286331739107825 × 10^287 |
| 59 | ov_059 | 2.000961062216446 × 10^288 |
| 58 | ov_058 | 4.0635046889321024 × 10^288 |
| 57 | ov_057 | 7.345538780131558 × 10^288 |
| 56 | ov_056 | 1.2248328603923486 × 10^289 |
| 55 | ov_055 | 1.924513728488798 × 10^289 |
| 54 | ov_054 | 2.888124204553279 × 10^289 |
| 53 | ov_053 | 4.177396567580019 × 10^289 |
| 52 | ov_052 | 5.861273206712517 × 10^289 |
| 51 | ov_051 | 8.084858112487834 × 10^289 |
| 50 | ov_050 | 1.1007707751617497 × 10^290 |
| 49 | ov_049 | 1.4803865779539194 × 10^290 |
| 48 | ov_048 | 1.9661912889973615 × 10^290 |
| 47 | ov_047 | 2.578503644248173 × 10^290 |
| 32 | lv_80_m31 | 3.187716312746553 × 10^290 |
| 46 | ov_046 | 3.3391126726629684 × 10^290 |
| 45 | ov_045 | 4.2712909135591394 × 10^290 |
| 44 | ov_044 | 5.399812304532312 × 10^290 |
| 43 | ov_043 | 6.7509759244094355 × 10^290 |
| 42 | ov_042 | 8.352636881240172 × 10^290 |
| 41 | ov_041 | 1.0234245741699539 × 10^291 |
| 40 | ov_040 | 1.2411768349897246 × 10^291 |
| 39 | ov_039 | 1.4902040427293463 × 10^291 |
| 31 | ov_031 | 1.6343959560752305 × 10^291 |
| 38 | ov_038 | 1.7722808396677508 × 10^291 |
| 37 | ov_037 | 2.091052470963331 × 10^291 |
| 36 | ov_036 | 2.4503619018616974 × 10^291 |
| 35 | ov_035 | 2.854262430139925 × 10^291 |
| 34 | ov_034 | 3.30703244020443 × 10^291 |
| 33 | ov_033 | 3.813192529690121 × 10^291 |
| 30 | ov_030 | 8.378722076828066 × 10^291 |
| 29 | ov_029 | 2.74072273558682 × 10^292 |
| 28 | ov_028 | 7.113024238465717 × 10^292 |
| 27 | ov_027 | 1.589780441955847 × 10^293 |
| 26 | ov_026 | 3.1790703482822624 × 10^293 |
| 25 | ov_025 | 5.823998331000407 × 10^293 |
| 24 | ov_024 | 9.944656247679985 × 10^293 |
| 23 | ov_023 | 1.6036411858153803 × 10^294 |
| 22 | ov_022 | 2.5165301197199552 × 10^294 |
| 21 | ov_021 | 3.854801079872145 × 10^294 |
| 20 | ov_020 | 5.755201296318877 × 10^294 |
| 19 | ov_019 | 8.369578685577072 × 10^294 |
| 18 | ov_018 | 1.186491546577943 × 10^295 |
| 17 | ov_017 | 1.6423376775397561 × 10^295 |
| 16 | ov_016 | 2.2242378369870042 × 10^295 |
| 15 | ov_015 | 2.953467804675146 × 10^295 |
| 14 | ov_014 | 3.8528496716079174 × 10^295 |
| 13 | ov_013 | 4.946767775038719 × 10^295 |
| 12 | ov_012 | 6.261189618420233 × 10^295 |
| 11 | ov_011 | 7.823693110804569 × 10^295 |
| 10 | ov_010 | 9.663501576329153 × 10^295 |
| 9 | ov_009 | 1.1811528101045954 × 10^296 |
| 8 | ov_008 | 1.430043090165375 × 10^296 |
| 7 | ov_007 | 1.7164681518929063 × 10^296 |
| 6 | ov_006 | 2.0440647758154246 × 10^296 |
| 5 | ov_005 | 2.416669342003402 × 10^296 |
| 4 | ov_004 | 2.8383296988996794 × 10^296 |
| 3 | ov_003 | 3.313319142072722 × 10^296 |
| 2 | ov_002 | 3.8461526838359 × 10^296 |
| 1 | ov_001 | 4.441605759337467 × 10^296 |

