# Results for F001-F002-F003-F004-F005-F006-F007-F008-F009-F010-F011-F012-F013-F014-F015-F016-F017-F018-F019-F020-F021-F022-F023-F024-F025-F026-F027-F028-F029-F030-F031-F032-F033-F034-F035-F036-F037-F038-F039-F040-F041-F042-F043-F044-F045-F046-F047-F048-F049-F050-F051-F052-F053-F054-F055-F056-F057-F058-F059-F060-F061-F062-F063-F064-F065-F066-F067-F068-F069-F070-F071-F072-F073-F074-F075-F076-F077-F078-F079-F080-F081-F082-F083-F084-F085-F086-F087-F088-F089-F090-F091-F092-F093-F094-F095-F096-F097-F098-F099-F100-F101-F102-F103-F104-F105-F106-F107-F108-F109-F110-F111-F112-F113-F114-F115-F116-F117-F118-F119-F120-F121-F122-F123-F124-F125-F126-F127-F128-F129-F130-F131-F132-F133-F134-F135-F136-F137-F138-F139-F140-F141-F142-F143-F144-F145-F146-F147-F148-F149-F150-F151-F152-F153-F154-F155-F156-F157-F158-F159-F160-F161-F162-F163-F164-F165-F166-F167-F168-F169-F170-F171-F172-F173-F174-F175-F176-F177-F178-F179-F180-F181-F182-F183-F184-F185-F186-F187-F188-F189-F190-F191-F192-F193-F194-F195-F196-F197-F198-F199-F200-F201-F202-F203-F204-F205-F206-F207-F208-F209-F210-F211-F212-F213-F214-F215-F216-F217-F218-F219-F220-F221-F222-F223-F224-F225-F226-F227-F228-F229-F230-F231-F232-F233-F234-F235-F236-F237-F238-F239-F240-F241-F242-F243-F244-F245-F246-F247-F248-F249-F250-F251-F252-F253-F254-F255-F256-F257-F258-F259-F260-F261-F262-F263-F264-F265-F266-F267-F268-F269-F270-F271-F272-F273-F274-F275-F276-F277-F278-F279-F280-F281-F282-F283-F284-F285-F286-F287-F288-F289-F290-F291-F292-F293-F294-F295-F296-F297-F298-F299-F300-F301-F302-F303-F304-F305-F306-F307-F308-F309-F310-F311-F312-F313-F314-F315-F316-F317-F318-F319-F320-F321-F322-F323-F324-F325-F326-F327-F328-F329-F330-F331-F332-F333-F334-F335-F336-F337-F338-F339-F340-F341-F342-F343-F344-F345-F346-F347-F348-F349-F350-F351-F352-F353-F354-F355-F356-F357-F358-F359-F360-F361-F362-F363-F364-F365-F366-F367-F368-F369-F370-F371-F372-F373-F374-F375-F376-F377-F378-F379-F380-F381-F382-F383-F384-F385-F386-F387-F388-F389-F390-F391-F392-F393-F394-F395-F396-F397-F398-F399-F400-F401-F402-F403-F404-F405-F406-F407-F408-F409-F410-F411-F412-F413-F414-F415-F416-F417-F418-F419-F420-F421-F422-F423-F424-F425-F426-F427-F428-F429-F430-F431-F432-F433-F434-F435-F436-F437-F438-F439-F440-F441-F442-F443-F444-F445-F446-F447-F448-F449-F450-F451-F452-F453-F454-F455-F456-F457-F458-F459-F460-F461-F462-F463-F464-F465-F466-F467-F468-F469-F470-F471-F472-F473-F474-F475-F476-F477-F478-F479-F480-F481-F482-F483-F484-F485-F486-F487-F488-F489-F490-F491-F492-F493-F494-F495-F496-O497498-F507-F508-F509-F510-F512

## Summary

Number of input bits: 512  
Number of free input bits: 10  
Number of output bits: 160

Number of direct occurrences: 41332  
Number of assignments: 31250  
Number of operations: 11217093
(xor: 11188732,
and: 15119,
or: 13242)

Total complexity: 9.848550845981563 × 10^299

Least occurring input variable: iv_502 (3990)  
Most occurring input variable: iv_511 (4381)

Most co-occurring input variables: iv_500-iv_511 (2085)  
Least co-occurring input variables: iv_499-iv_506 (1813)

Potentially most occurring input variable: iv_497/iv_506 (4628)  
Potentially least occurring input variable: iv_499/iv_502 (4151)

Least output occurring input variable: iv_497 (61)  
Most output occurring input variable: iv_499 (89)

Most output co-occurring input variables: iv_502-iv_505 (50)  
Least output co-occurring input variables: iv_497-iv_506 (25)

Potentially most output occurring input variable: iv_499/iv_503 (96)  
Potentially least output occurring input variable: iv_501/iv_505 (67)

Least complex input bit: iv_511 (4.598289997364791 × 10^294)  
Most complex input bit: iv_505 (3.143989862714511 × 10^299)

Least complex output bit: aaa_76_29 (9.694520832528754 × 10^274)  
Most complex output bit: ov_001 (1.5396278247117631 × 10^299)

Least complex input/output complexity: iv_511/aaa_76_29 (4.526373358944521 × 10^269)  
Most complex input/output complexity: iv_505/ov_001 (4.915011709790818 × 10^298)

## Input Bits

### Input Bits in Regular Order

| Input Bit | Complexity | Occurrences | Output Occurrences |
|:---------:|:----------:|:-----------:|:------------------:|
| iv_497 | 1.7034133648565808 × 10^298 | 4251 | 61 |
| iv_499 | 2.0375253689287213 × 10^298 | 4021 | 89 |
| iv_500 | 3.5049216701056736 × 10^298 | 4128 | 72 |
| iv_501 | 5.876271989916821 × 10^298 | 4072 | 72 |
| iv_502 | 9.638747423788342 × 10^298 | 3990 | 82 |
| iv_503 | 1.5474533527751375 × 10^299 | 4133 | 85 |
| iv_504 | 2.4311891166245495 × 10^299 | 4127 | 79 |
| iv_505 | 3.143989862714511 × 10^299 | 4180 | 87 |
| iv_506 | 4.4978454920780024 × 10^298 | 4049 | 73 |
| iv_511 | 4.598289997364791 × 10^294 | 4381 | 76 |

### Input Bits Sorted by Complexity

| Input Bit | Complexity | Occurrences | Output Occurrences |
|:---------:|:----------:|:-----------:|:------------------:|
| iv_511 | 4.598289997364791 × 10^294 | 4381 | 76 |
| iv_497 | 1.7034133648565808 × 10^298 | 4251 | 61 |
| iv_499 | 2.0375253689287213 × 10^298 | 4021 | 89 |
| iv_500 | 3.5049216701056736 × 10^298 | 4128 | 72 |
| iv_506 | 4.4978454920780024 × 10^298 | 4049 | 73 |
| iv_501 | 5.876271989916821 × 10^298 | 4072 | 72 |
| iv_502 | 9.638747423788342 × 10^298 | 3990 | 82 |
| iv_503 | 1.5474533527751375 × 10^299 | 4133 | 85 |
| iv_504 | 2.4311891166245495 × 10^299 | 4127 | 79 |
| iv_505 | 3.143989862714511 × 10^299 | 4180 | 87 |

### Input Bits Sorted by Occurrences

| Input Bit | Complexity | Occurrences | Output Occurrences |
|:---------:|:----------:|:-----------:|:------------------:|
| iv_502 | 9.638747423788342 × 10^298 | 3990 | 82 |
| iv_499 | 2.0375253689287213 × 10^298 | 4021 | 89 |
| iv_506 | 4.4978454920780024 × 10^298 | 4049 | 73 |
| iv_501 | 5.876271989916821 × 10^298 | 4072 | 72 |
| iv_504 | 2.4311891166245495 × 10^299 | 4127 | 79 |
| iv_500 | 3.5049216701056736 × 10^298 | 4128 | 72 |
| iv_503 | 1.5474533527751375 × 10^299 | 4133 | 85 |
| iv_505 | 3.143989862714511 × 10^299 | 4180 | 87 |
| iv_497 | 1.7034133648565808 × 10^298 | 4251 | 61 |
| iv_511 | 4.598289997364791 × 10^294 | 4381 | 76 |

### Input Bits Sorted by Output Occurrences

| Input Bit | Complexity | Occurrences | Output Occurrences |
|:---------:|:----------:|:-----------:|:------------------:|
| iv_497 | 1.7034133648565808 × 10^298 | 4251 | 61 |
| iv_500 | 3.5049216701056736 × 10^298 | 4128 | 72 |
| iv_501 | 5.876271989916821 × 10^298 | 4072 | 72 |
| iv_506 | 4.4978454920780024 × 10^298 | 4049 | 73 |
| iv_511 | 4.598289997364791 × 10^294 | 4381 | 76 |
| iv_504 | 2.4311891166245495 × 10^299 | 4127 | 79 |
| iv_502 | 9.638747423788342 × 10^298 | 3990 | 82 |
| iv_503 | 1.5474533527751375 × 10^299 | 4133 | 85 |
| iv_505 | 3.143989862714511 × 10^299 | 4180 | 87 |
| iv_499 | 2.0375253689287213 × 10^298 | 4021 | 89 |

## Input Bit Co-occurrences

### Input Bit Co-occurrences Sorted by Co-occurrences

| Input Bits | Co-occurrences | Potential Occurrences | Output Co-occurrences | Potential Output Occurrences |
|:----------:|:--------------:|:---------------------:|:---------------------:|:----------------------------:|
| iv_500-iv_511 | 2085 | 4339 | 39 | 70 |
| iv_505-iv_511 | 2056 | 4449 | 41 | 81 |
| iv_503-iv_511 | 2049 | 4416 | 45 | 71 |
| iv_501-iv_511 | 2033 | 4387 | 36 | 76 |
| iv_504-iv_511 | 2032 | 4444 | 42 | 71 |
| iv_500-iv_501 | 2020 | 4160 | 32 | 80 |
| iv_497-iv_511 | 2020 | 4592 | 33 | 71 |
| iv_501-iv_505 | 2012 | 4228 | 46 | 67 |
| iv_500-iv_504 | 2006 | 4243 | 39 | 73 |
| iv_499-iv_504 | 1998 | 4152 | 43 | 82 |

### Input Bit Co-occurrences Sorted by Potential Occurrences

| Input Bits | Co-occurrences | Potential Occurrences | Output Co-occurrences | Potential Output Occurrences |
|:----------:|:--------------:|:---------------------:|:---------------------:|:----------------------------:|
| iv_499-iv_502 | 1930 | 4151 | 46 | 79 |
| iv_499-iv_504 | 1998 | 4152 | 43 | 82 |
| iv_500-iv_501 | 2020 | 4160 | 32 | 80 |
| iv_501-iv_505 | 2012 | 4228 | 46 | 67 |
| iv_500-iv_504 | 2006 | 4243 | 39 | 73 |
| iv_500-iv_506 | 1966 | 4245 | 33 | 79 |
| iv_500-iv_502 | 1932 | 4254 | 33 | 88 |
| iv_502-iv_506 | 1886 | 4267 | 37 | 81 |
| iv_502-iv_505 | 1950 | 4270 | 50 | 69 |
| iv_502-iv_504 | 1923 | 4271 | 43 | 75 |

### Input Bit Output Co-occurrences Sorted by Output Co-occurrences

| Input Bits | Co-occurrences | Potential Occurrences | Output Co-occurrences | Potential Output Occurrences |
|:----------:|:--------------:|:---------------------:|:---------------------:|:----------------------------:|
| iv_502-iv_505 | 1950 | 4270 | 50 | 69 |
| iv_504-iv_505 | 1975 | 4357 | 48 | 70 |
| iv_501-iv_505 | 2012 | 4228 | 46 | 67 |
| iv_499-iv_502 | 1930 | 4151 | 46 | 79 |
| iv_503-iv_511 | 2049 | 4416 | 45 | 71 |
| iv_499-iv_505 | 1911 | 4379 | 44 | 88 |
| iv_499-iv_504 | 1998 | 4152 | 43 | 82 |
| iv_502-iv_504 | 1923 | 4271 | 43 | 75 |
| iv_499-iv_500 | 1911 | 4327 | 42 | 77 |
| iv_499-iv_506 | 1813 | 4444 | 42 | 78 |

### Input Bit Output Co-occurrences Sorted by Potential Output Occurrences

| Input Bits | Co-occurrences | Potential Occurrences | Output Co-occurrences | Potential Output Occurrences |
|:----------:|:--------------:|:---------------------:|:---------------------:|:----------------------------:|
| iv_501-iv_505 | 2012 | 4228 | 46 | 67 |
| iv_502-iv_505 | 1950 | 4270 | 50 | 69 |
| iv_500-iv_511 | 2085 | 4339 | 39 | 70 |
| iv_504-iv_505 | 1975 | 4357 | 48 | 70 |
| iv_504-iv_511 | 2032 | 4444 | 42 | 71 |
| iv_503-iv_511 | 2049 | 4416 | 45 | 71 |
| iv_497-iv_511 | 2020 | 4592 | 33 | 71 |
| iv_504-iv_506 | 1948 | 4280 | 40 | 72 |
| iv_500-iv_504 | 2006 | 4243 | 39 | 73 |
| iv_497-iv_500 | 1914 | 4551 | 30 | 73 |

## Output Bits

### Output Bits in Regular Order

| Rank | Output Bit | Complexity |
|:----:|:----------:|:----------:|
| 1 | ov_001 | 1.5396278247117631 × 10^299 |
| 2 | ov_002 | 1.3397449971181966 × 10^299 |
| 3 | ov_003 | 1.1602903988233496 × 10^299 |
| 4 | ov_004 | 9.997331261305223 × 10^298 |
| 5 | ov_005 | 8.56626186996173 × 10^298 |
| 6 | ov_006 | 7.296004496729314 × 10^298 |
| 7 | ov_007 | 6.173593791294282 × 10^298 |
| 8 | ov_008 | 5.186745136369909 × 10^298 |
| 9 | ov_009 | 4.323816223874399 × 10^298 |
| 10 | ov_010 | 3.573774741676381 × 10^298 |
| 11 | ov_011 | 2.9261714632092997 × 10^298 |
| 12 | ov_012 | 2.3711180727750301 × 10^298 |
| 13 | ov_013 | 1.8992690991086413 × 10^298 |
| 14 | ov_014 | 1.5018073689310787 × 10^298 |
| 15 | ov_015 | 1.1704324309132448 × 10^298 |
| 16 | ov_016 | 8.973514388242995 × 10^297 |
| 17 | ov_017 | 6.752720207267468 × 10^297 |
| 18 | ov_018 | 4.9739672146641355 × 10^297 |
| 19 | ov_019 | 3.574187085775684 × 10^297 |
| 20 | ov_020 | 2.4951852745718505 × 10^297 |
| 21 | ov_021 | 1.683617353255284 × 10^297 |
| 22 | ov_022 | 1.0909724920568706 × 10^297 |
| 23 | ov_023 | 6.735623576979796 × 10^296 |
| 24 | ov_024 | 3.925138968505206 × 10^296 |
| 25 | ov_025 | 2.137649205156198 × 10^296 |
| 26 | ov_026 | 1.0806168536020428 × 10^296 |
| 27 | ov_027 | 5.095775584407081 × 10^295 |
| 28 | ov_028 | 2.281355563201988 × 10^295 |
| 29 | ov_029 | 8.796223222653064 × 10^294 |
| 30 | ov_030 | 2.6909990774801774 × 10^294 |
| 31 | ov_031 | 3.2024737645475743 × 10^293 |
| 32 | lv_80_k31 | 1.0256042567528222 × 10^293 |
| 33 | ov_033 | 1.229095914360642 × 10^294 |
| 34 | ov_034 | 1.0680040983458356 × 10^294 |
| 35 | ov_035 | 9.236888693975362 × 10^293 |
| 36 | ov_036 | 7.94668803665989 × 10^293 |
| 37 | ov_037 | 6.7954227858705005 × 10^293 |
| 38 | ov_038 | 5.7698185290501336 × 10^293 |
| 39 | ov_039 | 4.857294153094745 × 10^293 |
| 40 | ov_040 | 4.0517268185688066 × 10^293 |
| 41 | ov_041 | 3.347309978222652 × 10^293 |
| 42 | ov_042 | 2.7385371807228875 × 10^293 |
| 43 | ov_043 | 2.2201884960638818 × 10^293 |
| 44 | ov_044 | 1.7826406237768133 × 10^293 |
| 45 | ov_045 | 1.4167948610714734 × 10^293 |
| 46 | ov_046 | 1.1140636719156507 × 10^293 |
| 47 | ov_047 | 8.663600383955297 × 10^292 |
| 48 | ov_048 | 6.660891433541107 × 10^292 |
| 49 | ov_049 | 5.061419676595481 × 10^292 |
| 50 | ov_050 | 3.798904195375443 × 10^292 |
| 51 | ov_051 | 2.811836648563598 × 10^292 |
| 52 | ov_052 | 2.043454116226495 × 10^292 |
| 53 | ov_053 | 1.4417197992181658 × 10^292 |
| 54 | ov_054 | 9.817948625260539 × 10^291 |
| 55 | ov_055 | 6.411945804421136 × 10^291 |
| 56 | ov_056 | 3.997853050127987 × 10^291 |
| 57 | ov_057 | 2.3978267275081373 × 10^291 |
| 58 | ov_058 | 1.3266223718905886 × 10^291 |
| 59 | ov_059 | 6.533564704046414 × 10^290 |
| 60 | ov_060 | 2.706205875050525 × 10^290 |
| 61 | ov_061 | 9.448051965705092 × 10^289 |
| 62 | ov_062 | 2.5903859918855213 × 10^289 |
| 63 | ov_063 | 5.045814930448286 × 10^288 |
| 64 | lv_79_m31 | 9.826415407200525 × 10^287 |
| 65 | ov_065 | 1.167622422786186 × 10^289 |
| 66 | ov_066 | 1.1676195380824416 × 10^289 |
| 67 | ov_067 | 1.167618862042753 × 10^289 |
| 68 | ov_068 | 1.0090185615188457 × 10^289 |
| 69 | ov_069 | 8.673872415405982 × 10^288 |
| 70 | ov_070 | 7.414266769424808 × 10^288 |
| 71 | ov_071 | 6.29901800335162 × 10^288 |
| 72 | ov_072 | 5.316376462110328 × 10^288 |
| 73 | ov_073 | 4.45516845770848 × 10^288 |
| 74 | ov_074 | 3.7047746974405745 × 10^288 |
| 75 | ov_075 | 3.0551110142122746 × 10^288 |
| 76 | ov_076 | 2.496611025248912 × 10^288 |
| 77 | ov_077 | 2.0202106103350058 × 10^288 |
| 78 | ov_078 | 1.617334103096088 × 10^288 |
| 79 | ov_079 | 1.2798820906962059 × 10^288 |
| 80 | ov_080 | 1.0002207187719005 × 10^288 |
| 81 | ov_081 | 7.711723995362376 × 10^287 |
| 82 | ov_082 | 5.8600782183292925 × 10^287 |
| 83 | ov_083 | 4.384391625533939 × 10^287 |
| 84 | ov_084 | 3.22614399287457 × 10^287 |
| 85 | ov_085 | 2.331126243940676 × 10^287 |
| 86 | ov_086 | 1.6494026088519383 × 10^287 |
| 87 | ov_087 | 1.1352808064623944 × 10^287 |
| 88 | ov_088 | 7.4728925595674725 × 10^286 |
| 89 | ov_089 | 4.657449017441549 × 10^286 |
| 90 | ov_090 | 2.730631664056843 × 10^286 |
| 91 | ov_091 | 1.5375323224930943 × 10^286 |
| 92 | ov_092 | 8.310426358185635 × 10^285 |
| 93 | ov_093 | 4.0582940582644714 × 10^285 |
| 94 | ov_094 | 1.6966779199660824 × 10^285 |
| 95 | aaa_78_28 | 5.1213154615035774 × 10^284 |
| 96 | aaa_78_29 | 1.5181866361145032 × 10^284 |
| 97 | ov_097 | 8.944679068790868 × 10^283 |
| 98 | ov_098 | 8.944515727864584 × 10^283 |
| 99 | ov_099 | 8.944463594909894 × 10^283 |
| 100 | ov_100 | 7.320885016568014 × 10^283 |
| 101 | ov_101 | 5.992659199696651 × 10^283 |
| 102 | ov_102 | 4.919361857670285 × 10^283 |
| 103 | ov_103 | 4.0627771814092466 × 10^283 |
| 104 | ov_104 | 3.3867374921189466 × 10^283 |
| 105 | ov_105 | 2.8569840911374623 × 10^283 |
| 106 | ov_106 | 2.441047326730193 × 10^283 |
| 107 | ov_107 | 2.108143999870942 × 10^283 |
| 108 | ov_108 | 1.8290903296353837 × 10^283 |
| 109 | ov_109 | 1.5762287945206574 × 10^283 |
| 110 | ov_110 | 1.348144094192894 × 10^283 |
| 111 | ov_111 | 1.1434616357210353 × 10^283 |
| 112 | ov_112 | 9.608394739523431 × 10^282 |
| 113 | ov_113 | 7.98961482283733 × 10^282 |
| 114 | ov_114 | 6.565316656924419 × 10^282 |
| 115 | ov_115 | 5.322695282235842 × 10^282 |
| 116 | ov_116 | 4.249064073553565 × 10^282 |
| 117 | ov_117 | 3.3318259425410264 × 10^282 |
| 118 | ov_118 | 2.558449763762094 × 10^282 |
| 119 | ov_119 | 1.9164505429276397 × 10^282 |
| 120 | ov_120 | 1.3933734992645615 × 10^282 |
| 121 | ov_121 | 9.767827332508044 × 10^281 |
| 122 | ov_122 | 6.5425393442072944 × 10^281 |
| 123 | ov_123 | 4.133695854726924 × 10^281 |
| 124 | ov_124 | 2.417157272145247 × 10^281 |
| 125 | ov_125 | 1.268799544439982 × 10^281 |
| 126 | ov_126 | 5.645039366379416 × 10^280 |
| 127 | aaa_77_28 | 1.8015310676638052 × 10^280 |
| 128 | aaa_77_29 | 6.748001664181528 × 10^279 |
| 129 | ov_129 | 6.222139486219661 × 10^279 |
| 130 | ov_130 | 6.222120610521354 × 10^279 |
| 131 | ov_131 | 6.222116048545654 × 10^279 |
| 132 | ov_132 | 5.385115357167527 × 10^279 |
| 133 | ov_133 | 4.63687913093875 × 10^279 |
| 134 | ov_134 | 3.9706055937786614 × 10^279 |
| 135 | ov_135 | 3.3798554248251774 × 10^279 |
| 136 | ov_136 | 2.858525877901138 × 10^279 |
| 137 | ov_137 | 2.400828542677214 × 10^279 |
| 138 | ov_138 | 2.0012703943026274 × 10^279 |
| 139 | ov_139 | 1.6546377962974717 × 10^279 |
| 140 | ov_140 | 1.355983139009841 × 10^279 |
| 141 | ov_141 | 1.100613813052772 × 10^279 |
| 142 | ov_142 | 8.840832339462634 × 10^278 |
| 143 | ov_143 | 7.021836507764244 × 10^278 |
| 144 | ov_144 | 5.509404881086535 × 10^278 |
| 145 | ov_145 | 4.266079867012465 × 10^278 |
| 146 | ov_146 | 3.25665924794675 × 10^278 |
| 147 | ov_147 | 2.4481721792532242 × 10^278 |
| 148 | ov_148 | 1.8098621134935834 × 10^278 |
| 149 | ov_149 | 1.3131749527572252 × 10^278 |
| 150 | ov_150 | 9.317509680096557 × 10^277 |
| 151 | ov_151 | 6.414194030892751 × 10^277 |
| 152 | ov_152 | 4.201950294777049 × 10^277 |
| 153 | ov_153 | 2.5763128710667154 × 10^277 |
| 154 | ov_154 | 1.4437297324387502 × 10^277 |
| 155 | ov_155 | 7.215582524985445 × 10^276 |
| 156 | aaa_76_25 | 2.772331915637315 × 10^276 |
| 157 | aaa_76_26 | 1.6006598304187376 × 10^276 |
| 158 | aaa_76_27 | 8.1918626145289 × 10^275 |
| 159 | aaa_76_28 | 3.188636936505445 × 10^275 |
| 160 | aaa_76_29 | 9.694520832528754 × 10^274 |

### Output Bits Sorted by Complexity

| Rank | Output Bit | Complexity |
|:----:|:----------:|:----------:|
| 160 | aaa_76_29 | 9.694520832528754 × 10^274 |
| 159 | aaa_76_28 | 3.188636936505445 × 10^275 |
| 158 | aaa_76_27 | 8.1918626145289 × 10^275 |
| 157 | aaa_76_26 | 1.6006598304187376 × 10^276 |
| 156 | aaa_76_25 | 2.772331915637315 × 10^276 |
| 155 | ov_155 | 7.215582524985445 × 10^276 |
| 154 | ov_154 | 1.4437297324387502 × 10^277 |
| 153 | ov_153 | 2.5763128710667154 × 10^277 |
| 152 | ov_152 | 4.201950294777049 × 10^277 |
| 151 | ov_151 | 6.414194030892751 × 10^277 |
| 150 | ov_150 | 9.317509680096557 × 10^277 |
| 149 | ov_149 | 1.3131749527572252 × 10^278 |
| 148 | ov_148 | 1.8098621134935834 × 10^278 |
| 147 | ov_147 | 2.4481721792532242 × 10^278 |
| 146 | ov_146 | 3.25665924794675 × 10^278 |
| 145 | ov_145 | 4.266079867012465 × 10^278 |
| 144 | ov_144 | 5.509404881086535 × 10^278 |
| 143 | ov_143 | 7.021836507764244 × 10^278 |
| 142 | ov_142 | 8.840832339462634 × 10^278 |
| 141 | ov_141 | 1.100613813052772 × 10^279 |
| 140 | ov_140 | 1.355983139009841 × 10^279 |
| 139 | ov_139 | 1.6546377962974717 × 10^279 |
| 138 | ov_138 | 2.0012703943026274 × 10^279 |
| 137 | ov_137 | 2.400828542677214 × 10^279 |
| 136 | ov_136 | 2.858525877901138 × 10^279 |
| 135 | ov_135 | 3.3798554248251774 × 10^279 |
| 134 | ov_134 | 3.9706055937786614 × 10^279 |
| 133 | ov_133 | 4.63687913093875 × 10^279 |
| 132 | ov_132 | 5.385115357167527 × 10^279 |
| 131 | ov_131 | 6.222116048545654 × 10^279 |
| 130 | ov_130 | 6.222120610521354 × 10^279 |
| 129 | ov_129 | 6.222139486219661 × 10^279 |
| 128 | aaa_77_29 | 6.748001664181528 × 10^279 |
| 127 | aaa_77_28 | 1.8015310676638052 × 10^280 |
| 126 | ov_126 | 5.645039366379416 × 10^280 |
| 125 | ov_125 | 1.268799544439982 × 10^281 |
| 124 | ov_124 | 2.417157272145247 × 10^281 |
| 123 | ov_123 | 4.133695854726924 × 10^281 |
| 122 | ov_122 | 6.5425393442072944 × 10^281 |
| 121 | ov_121 | 9.767827332508044 × 10^281 |
| 120 | ov_120 | 1.3933734992645615 × 10^282 |
| 119 | ov_119 | 1.9164505429276397 × 10^282 |
| 118 | ov_118 | 2.558449763762094 × 10^282 |
| 117 | ov_117 | 3.3318259425410264 × 10^282 |
| 116 | ov_116 | 4.249064073553565 × 10^282 |
| 115 | ov_115 | 5.322695282235842 × 10^282 |
| 114 | ov_114 | 6.565316656924419 × 10^282 |
| 113 | ov_113 | 7.98961482283733 × 10^282 |
| 112 | ov_112 | 9.608394739523431 × 10^282 |
| 111 | ov_111 | 1.1434616357210353 × 10^283 |
| 110 | ov_110 | 1.348144094192894 × 10^283 |
| 109 | ov_109 | 1.5762287945206574 × 10^283 |
| 108 | ov_108 | 1.8290903296353837 × 10^283 |
| 107 | ov_107 | 2.108143999870942 × 10^283 |
| 106 | ov_106 | 2.441047326730193 × 10^283 |
| 105 | ov_105 | 2.8569840911374623 × 10^283 |
| 104 | ov_104 | 3.3867374921189466 × 10^283 |
| 103 | ov_103 | 4.0627771814092466 × 10^283 |
| 102 | ov_102 | 4.919361857670285 × 10^283 |
| 101 | ov_101 | 5.992659199696651 × 10^283 |
| 100 | ov_100 | 7.320885016568014 × 10^283 |
| 99 | ov_099 | 8.944463594909894 × 10^283 |
| 98 | ov_098 | 8.944515727864584 × 10^283 |
| 97 | ov_097 | 8.944679068790868 × 10^283 |
| 96 | aaa_78_29 | 1.5181866361145032 × 10^284 |
| 95 | aaa_78_28 | 5.1213154615035774 × 10^284 |
| 94 | ov_094 | 1.6966779199660824 × 10^285 |
| 93 | ov_093 | 4.0582940582644714 × 10^285 |
| 92 | ov_092 | 8.310426358185635 × 10^285 |
| 91 | ov_091 | 1.5375323224930943 × 10^286 |
| 90 | ov_090 | 2.730631664056843 × 10^286 |
| 89 | ov_089 | 4.657449017441549 × 10^286 |
| 88 | ov_088 | 7.4728925595674725 × 10^286 |
| 87 | ov_087 | 1.1352808064623944 × 10^287 |
| 86 | ov_086 | 1.6494026088519383 × 10^287 |
| 85 | ov_085 | 2.331126243940676 × 10^287 |
| 84 | ov_084 | 3.22614399287457 × 10^287 |
| 83 | ov_083 | 4.384391625533939 × 10^287 |
| 82 | ov_082 | 5.8600782183292925 × 10^287 |
| 81 | ov_081 | 7.711723995362376 × 10^287 |
| 64 | lv_79_m31 | 9.826415407200525 × 10^287 |
| 80 | ov_080 | 1.0002207187719005 × 10^288 |
| 79 | ov_079 | 1.2798820906962059 × 10^288 |
| 78 | ov_078 | 1.617334103096088 × 10^288 |
| 77 | ov_077 | 2.0202106103350058 × 10^288 |
| 76 | ov_076 | 2.496611025248912 × 10^288 |
| 75 | ov_075 | 3.0551110142122746 × 10^288 |
| 74 | ov_074 | 3.7047746974405745 × 10^288 |
| 73 | ov_073 | 4.45516845770848 × 10^288 |
| 63 | ov_063 | 5.045814930448286 × 10^288 |
| 72 | ov_072 | 5.316376462110328 × 10^288 |
| 71 | ov_071 | 6.29901800335162 × 10^288 |
| 70 | ov_070 | 7.414266769424808 × 10^288 |
| 69 | ov_069 | 8.673872415405982 × 10^288 |
| 68 | ov_068 | 1.0090185615188457 × 10^289 |
| 67 | ov_067 | 1.167618862042753 × 10^289 |
| 66 | ov_066 | 1.1676195380824416 × 10^289 |
| 65 | ov_065 | 1.167622422786186 × 10^289 |
| 62 | ov_062 | 2.5903859918855213 × 10^289 |
| 61 | ov_061 | 9.448051965705092 × 10^289 |
| 60 | ov_060 | 2.706205875050525 × 10^290 |
| 59 | ov_059 | 6.533564704046414 × 10^290 |
| 58 | ov_058 | 1.3266223718905886 × 10^291 |
| 57 | ov_057 | 2.3978267275081373 × 10^291 |
| 56 | ov_056 | 3.997853050127987 × 10^291 |
| 55 | ov_055 | 6.411945804421136 × 10^291 |
| 54 | ov_054 | 9.817948625260539 × 10^291 |
| 53 | ov_053 | 1.4417197992181658 × 10^292 |
| 52 | ov_052 | 2.043454116226495 × 10^292 |
| 51 | ov_051 | 2.811836648563598 × 10^292 |
| 50 | ov_050 | 3.798904195375443 × 10^292 |
| 49 | ov_049 | 5.061419676595481 × 10^292 |
| 48 | ov_048 | 6.660891433541107 × 10^292 |
| 47 | ov_047 | 8.663600383955297 × 10^292 |
| 32 | lv_80_k31 | 1.0256042567528222 × 10^293 |
| 46 | ov_046 | 1.1140636719156507 × 10^293 |
| 45 | ov_045 | 1.4167948610714734 × 10^293 |
| 44 | ov_044 | 1.7826406237768133 × 10^293 |
| 43 | ov_043 | 2.2201884960638818 × 10^293 |
| 42 | ov_042 | 2.7385371807228875 × 10^293 |
| 31 | ov_031 | 3.2024737645475743 × 10^293 |
| 41 | ov_041 | 3.347309978222652 × 10^293 |
| 40 | ov_040 | 4.0517268185688066 × 10^293 |
| 39 | ov_039 | 4.857294153094745 × 10^293 |
| 38 | ov_038 | 5.7698185290501336 × 10^293 |
| 37 | ov_037 | 6.7954227858705005 × 10^293 |
| 36 | ov_036 | 7.94668803665989 × 10^293 |
| 35 | ov_035 | 9.236888693975362 × 10^293 |
| 34 | ov_034 | 1.0680040983458356 × 10^294 |
| 33 | ov_033 | 1.229095914360642 × 10^294 |
| 30 | ov_030 | 2.6909990774801774 × 10^294 |
| 29 | ov_029 | 8.796223222653064 × 10^294 |
| 28 | ov_028 | 2.281355563201988 × 10^295 |
| 27 | ov_027 | 5.095775584407081 × 10^295 |
| 26 | ov_026 | 1.0806168536020428 × 10^296 |
| 25 | ov_025 | 2.137649205156198 × 10^296 |
| 24 | ov_024 | 3.925138968505206 × 10^296 |
| 23 | ov_023 | 6.735623576979796 × 10^296 |
| 22 | ov_022 | 1.0909724920568706 × 10^297 |
| 21 | ov_021 | 1.683617353255284 × 10^297 |
| 20 | ov_020 | 2.4951852745718505 × 10^297 |
| 19 | ov_019 | 3.574187085775684 × 10^297 |
| 18 | ov_018 | 4.9739672146641355 × 10^297 |
| 17 | ov_017 | 6.752720207267468 × 10^297 |
| 16 | ov_016 | 8.973514388242995 × 10^297 |
| 15 | ov_015 | 1.1704324309132448 × 10^298 |
| 14 | ov_014 | 1.5018073689310787 × 10^298 |
| 13 | ov_013 | 1.8992690991086413 × 10^298 |
| 12 | ov_012 | 2.3711180727750301 × 10^298 |
| 11 | ov_011 | 2.9261714632092997 × 10^298 |
| 10 | ov_010 | 3.573774741676381 × 10^298 |
| 9 | ov_009 | 4.323816223874399 × 10^298 |
| 8 | ov_008 | 5.186745136369909 × 10^298 |
| 7 | ov_007 | 6.173593791294282 × 10^298 |
| 6 | ov_006 | 7.296004496729314 × 10^298 |
| 5 | ov_005 | 8.56626186996173 × 10^298 |
| 4 | ov_004 | 9.997331261305223 × 10^298 |
| 3 | ov_003 | 1.1602903988233496 × 10^299 |
| 2 | ov_002 | 1.3397449971181966 × 10^299 |
| 1 | ov_001 | 1.5396278247117631 × 10^299 |

