# Results for F001-F002-F003-F004-F005-F006-F007-F008-F009-F010-F011-F012-F013-F014-F015-F016-F017-F018-F019-F020-F021-F022-F023-F024-F025-F026-F027-F028-F029-F030-F031-F032-F033-F034-F035-F036-F037-F038-F039-F040-F041-F042-F043-F044-F045-F046-F047-F048-F049-F050-F051-F052-F053-F054-F055-F056-F057-F058-F059-F060-F061-F062-F063-F064-F065-F066-F067-F068-F069-F070-F071-F072-F073-F074-F075-F076-F077-F078-F079-F080-F081-F082-F083-F084-F085-F086-F087-F088-F089-F090-F091-F092-F093-F094-F095-F096-F097-F098-F099-F100-F101-F102-F103-F104-F105-F106-F107-F108-F109-F110-F111-F112-F113-F114-F115-F116-F117-F118-F119-F120-F121-F122-F123-F124-F125-F126-F127-F128-F129-F130-F131-F132-F133-F134-F135-F136-F137-F138-F139-F140-F141-F142-F143-F144-F145-F146-F147-F148-F149-F150-F151-F152-F153-F154-F155-F156-F157-F158-F159-F160-F161-F162-F163-F164-F165-F166-F167-F168-F169-F170-F171-F172-F173-F174-F175-F176-F177-F178-F179-F180-F181-F182-F183-F184-F185-F186-F187-F188-F189-F190-F191-F192-F193-F194-F195-F196-F197-F198-F199-F200-F201-F202-F203-F204-F205-F206-F207-F208-F209-F210-F211-F212-F213-F214-F215-F216-F217-F218-F219-F220-F221-F222-F223-F224-F225-F226-F227-F228-F229-F230-F231-F232-F233-F234-F235-F236-F237-F238-F239-F240-F241-F242-F243-F244-F245-F246-F247-F248-F249-F250-F251-F252-F253-F254-F255-F256-F257-F258-F259-F260-F261-F262-F263-F264-F265-F266-F267-F268-F269-F270-F271-F272-F273-F274-F275-F276-F277-F278-F279-F280-F281-F282-F283-F284-F285-F286-F287-F288-F289-F290-F291-F292-F293-F294-F295-F296-F297-F298-F299-F300-F301-F302-F303-F304-F305-F306-F307-F308-F309-F310-F311-F312-F313-F314-F315-F316-F317-F318-F319-F320-F321-F322-F323-F324-F325-F326-F327-F328-F329-F330-F331-F332-F333-F334-F335-F336-F337-F338-F339-F340-F341-F342-F343-F344-F345-F346-F347-F348-F349-F350-F351-F352-F353-F354-F355-F356-F357-F358-F359-F360-F361-F362-F363-F364-F365-F366-F367-F368-F369-F370-F371-F372-F373-F374-F375-F376-F377-F378-F379-F380-F381-F382-F383-F384-F385-F386-F387-F388-F389-F390-F391-F392-F393-F394-F395-F396-F397-F398-F399-F400-F401-F402-F403-F404-F405-F406-F407-F408-F409-F410-F411-F412-F413-F414-F415-F416-F417-F418-F419-F420-F421-F422-F423-F424-F425-F426-F427-F428-F429-F430-F431-F432-F433-F434-F435-F436-F437-F438-F439-F440-F441-F442-F443-F444-F445-F446-F447-F448-F449-F450-F451-F452-F453-F454-F455-F456-F457-F458-F459-F460-F461-F462-F463-F464-F465-F466-F467-F468-F469-F470-F471-F472-F473-F474-F475-F476-F477-F478-F479-F480-F481-F482-F483-F484-F485-F486-F487-F488-F489-F490-F491-F492-F493-F494-F495-F496-F497-F498-F499-F500-F501-F512

## Summary

Number of input bits: 512  
Number of free input bits: 10  
Number of output bits: 160

Number of direct occurrences: 41021  
Number of assignments: 31103  
Number of operations: 10961051
(xor: 10931938,
and: 15978,
or: 13135)

Total complexity: 1.0526489446971561 × 10^299

Least occurring input variable: iv_502 (3918)  
Most occurring input variable: iv_510 (4264)

Most co-occurring input variables: iv_509-iv_510 (2119)  
Least co-occurring input variables: iv_505-iv_506 (1784)

Potentially most occurring input variable: iv_507/iv_510 (4538)  
Potentially least occurring input variable: iv_504/iv_508 (4152)

Least output occurring input variable: iv_510 (74)  
Most output occurring input variable: iv_508 (86)

Most output co-occurring input variables: iv_506-iv_508 (48)  
Least output co-occurring input variables: iv_502-iv_503 (32)

Potentially most output occurring input variable: iv_502/iv_503 (96)  
Potentially least output occurring input variable: iv_502/iv_511 (72)

Least complex input bit: iv_511 (2.1591583053575134 × 10^295)  
Most complex input bit: iv_510 (2.709993242087531 × 10^298)

Least complex output bit: aaa_76_29 (1.6188398336713479 × 10^274)  
Most complex output bit: ov_001 (1.6732174617525218 × 10^298)

Least complex input/output complexity: iv_511/aaa_76_29 (3.3205101183288216 × 10^270)  
Most complex input/output complexity: iv_510/ov_001 (4.3076165484559736 × 10^297)

Input variable with highest collision probability: iv_505 (½^160.00000000000048)

## Input Bits

### Input Bits in Regular Order

| Input Bit | Complexity | Occurrences | Output Occurrences | Collision Probability |
|:---------:|:----------:|:-----------:|:------------------:|:---------------------:|
| iv_502 | 1.190320527527554 × 10^297 | 3918 | 82 | ½^160.00000000000065 |
| iv_503 | 2.1167666956928993 × 10^297 | 4179 | 78 | ½^160.0000000000007 |
| iv_504 | 3.518347630535784 × 10^297 | 3946 | 78 | ½^160.00000000000068 |
| iv_505 | 5.592654420284538 × 10^297 | 3937 | 79 | ½^160.00000000000048 |
| iv_506 | 8.598616055182701 × 10^297 | 3977 | 82 | ½^160.00000000000065 |
| iv_507 | 1.2881564439088757 × 10^298 | 4192 | 76 | ½^160.00000000000082 |
| iv_508 | 1.8543077775139288 × 10^298 | 4152 | 86 | ½^160.00000000000068 |
| iv_509 | 2.5702022922335194 × 10^298 | 4245 | 80 | ½^160.00000000000068 |
| iv_510 | 2.709993242087531 × 10^298 | 4264 | 74 | ½^160.00000000000077 |
| iv_511 | 2.1591583053575134 × 10^295 | 4211 | 80 | ½^160.00000000000065 |

### Input Bits Sorted by Complexity

| Input Bit | Complexity | Occurrences | Output Occurrences | Collision Probability |
|:---------:|:----------:|:-----------:|:------------------:|:---------------------:|
| iv_511 | 2.1591583053575134 × 10^295 | 4211 | 80 | ½^160.00000000000065 |
| iv_502 | 1.190320527527554 × 10^297 | 3918 | 82 | ½^160.00000000000065 |
| iv_503 | 2.1167666956928993 × 10^297 | 4179 | 78 | ½^160.0000000000007 |
| iv_504 | 3.518347630535784 × 10^297 | 3946 | 78 | ½^160.00000000000068 |
| iv_505 | 5.592654420284538 × 10^297 | 3937 | 79 | ½^160.00000000000048 |
| iv_506 | 8.598616055182701 × 10^297 | 3977 | 82 | ½^160.00000000000065 |
| iv_507 | 1.2881564439088757 × 10^298 | 4192 | 76 | ½^160.00000000000082 |
| iv_508 | 1.8543077775139288 × 10^298 | 4152 | 86 | ½^160.00000000000068 |
| iv_509 | 2.5702022922335194 × 10^298 | 4245 | 80 | ½^160.00000000000068 |
| iv_510 | 2.709993242087531 × 10^298 | 4264 | 74 | ½^160.00000000000077 |

### Input Bits Sorted by Occurrences

| Input Bit | Complexity | Occurrences | Output Occurrences | Collision Probability |
|:---------:|:----------:|:-----------:|:------------------:|:---------------------:|
| iv_502 | 1.190320527527554 × 10^297 | 3918 | 82 | ½^160.00000000000065 |
| iv_505 | 5.592654420284538 × 10^297 | 3937 | 79 | ½^160.00000000000048 |
| iv_504 | 3.518347630535784 × 10^297 | 3946 | 78 | ½^160.00000000000068 |
| iv_506 | 8.598616055182701 × 10^297 | 3977 | 82 | ½^160.00000000000065 |
| iv_508 | 1.8543077775139288 × 10^298 | 4152 | 86 | ½^160.00000000000068 |
| iv_503 | 2.1167666956928993 × 10^297 | 4179 | 78 | ½^160.0000000000007 |
| iv_507 | 1.2881564439088757 × 10^298 | 4192 | 76 | ½^160.00000000000082 |
| iv_511 | 2.1591583053575134 × 10^295 | 4211 | 80 | ½^160.00000000000065 |
| iv_509 | 2.5702022922335194 × 10^298 | 4245 | 80 | ½^160.00000000000068 |
| iv_510 | 2.709993242087531 × 10^298 | 4264 | 74 | ½^160.00000000000077 |

### Input Bits Sorted by Output Occurrences

| Input Bit | Complexity | Occurrences | Output Occurrences | Collision Probability |
|:---------:|:----------:|:-----------:|:------------------:|:---------------------:|
| iv_510 | 2.709993242087531 × 10^298 | 4264 | 74 | ½^160.00000000000077 |
| iv_507 | 1.2881564439088757 × 10^298 | 4192 | 76 | ½^160.00000000000082 |
| iv_503 | 2.1167666956928993 × 10^297 | 4179 | 78 | ½^160.0000000000007 |
| iv_504 | 3.518347630535784 × 10^297 | 3946 | 78 | ½^160.00000000000068 |
| iv_505 | 5.592654420284538 × 10^297 | 3937 | 79 | ½^160.00000000000048 |
| iv_509 | 2.5702022922335194 × 10^298 | 4245 | 80 | ½^160.00000000000068 |
| iv_511 | 2.1591583053575134 × 10^295 | 4211 | 80 | ½^160.00000000000065 |
| iv_502 | 1.190320527527554 × 10^297 | 3918 | 82 | ½^160.00000000000065 |
| iv_506 | 8.598616055182701 × 10^297 | 3977 | 82 | ½^160.00000000000065 |
| iv_508 | 1.8543077775139288 × 10^298 | 4152 | 86 | ½^160.00000000000068 |

### Input Bits Sorted by Collision Probability

| Input Bit | Complexity | Occurrences | Output Occurrences | Collision Probability |
|:---------:|:----------:|:-----------:|:------------------:|:---------------------:|
| iv_505 | 5.592654420284538 × 10^297 | 3937 | 79 | ½^160.00000000000048 |
| iv_502 | 1.190320527527554 × 10^297 | 3918 | 82 | ½^160.00000000000065 |
| iv_511 | 2.1591583053575134 × 10^295 | 4211 | 80 | ½^160.00000000000065 |
| iv_506 | 8.598616055182701 × 10^297 | 3977 | 82 | ½^160.00000000000065 |
| iv_504 | 3.518347630535784 × 10^297 | 3946 | 78 | ½^160.00000000000068 |
| iv_508 | 1.8543077775139288 × 10^298 | 4152 | 86 | ½^160.00000000000068 |
| iv_509 | 2.5702022922335194 × 10^298 | 4245 | 80 | ½^160.00000000000068 |
| iv_503 | 2.1167666956928993 × 10^297 | 4179 | 78 | ½^160.0000000000007 |
| iv_510 | 2.709993242087531 × 10^298 | 4264 | 74 | ½^160.00000000000077 |
| iv_507 | 1.2881564439088757 × 10^298 | 4192 | 76 | ½^160.00000000000082 |

## Input Bit/Output Bit Collision Probabilities

| Input Bit | Output Bit | Collision Probability |
|:---------:|:----------:|:---------------------:|
| iv_504 | ov_130 | 0.5000000000000024 |
| iv_509 | ov_126 | 0.5000000000000021 |
| iv_505 | ov_028 | 0.500000000000002 |
| iv_505 | ov_142 | 0.500000000000002 |
| iv_502 | ov_091 | 0.5000000000000019 |
| iv_502 | ov_093 | 0.5000000000000019 |
| iv_505 | ov_020 | 0.5000000000000019 |
| iv_509 | ov_097 | 0.5000000000000019 |
| iv_502 | ov_034 | 0.5000000000000018 |
| iv_502 | ov_066 | 0.5000000000000018 |

## Input Bit Co-occurrences

### Input Bit Co-occurrences Sorted by Co-occurrences

| Input Bits | Co-occurrences | Potential Occurrences | Output Co-occurrences | Potential Output Occurrences |
|:----------:|:--------------:|:---------------------:|:---------------------:|:----------------------------:|
| iv_509-iv_510 | 2119 | 4271 | 37 | 80 |
| iv_509-iv_511 | 2062 | 4332 | 37 | 86 |
| iv_510-iv_511 | 2059 | 4357 | 39 | 76 |
| iv_507-iv_508 | 2057 | 4230 | 44 | 74 |
| iv_508-iv_511 | 2049 | 4265 | 43 | 80 |
| iv_508-iv_510 | 2036 | 4344 | 36 | 88 |
| iv_508-iv_509 | 2035 | 4327 | 41 | 84 |
| iv_507-iv_509 | 2024 | 4389 | 38 | 80 |
| iv_503-iv_508 | 2012 | 4307 | 42 | 80 |
| iv_503-iv_509 | 2009 | 4406 | 38 | 82 |

### Input Bit Co-occurrences Sorted by Potential Occurrences

| Input Bits | Co-occurrences | Potential Occurrences | Output Co-occurrences | Potential Output Occurrences |
|:----------:|:--------------:|:---------------------:|:---------------------:|:----------------------------:|
| iv_504-iv_508 | 1973 | 4152 | 43 | 78 |
| iv_504-iv_506 | 1863 | 4197 | 42 | 76 |
| iv_506-iv_507 | 1985 | 4199 | 39 | 80 |
| iv_502-iv_505 | 1820 | 4215 | 36 | 89 |
| iv_504-iv_505 | 1830 | 4223 | 41 | 75 |
| iv_507-iv_508 | 2057 | 4230 | 44 | 74 |
| iv_506-iv_508 | 1948 | 4233 | 48 | 72 |
| iv_502-iv_508 | 1914 | 4242 | 41 | 86 |
| iv_505-iv_510 | 1975 | 4251 | 40 | 73 |
| iv_502-iv_504 | 1801 | 4262 | 42 | 76 |

### Input Bit Output Co-occurrences Sorted by Output Co-occurrences

| Input Bits | Co-occurrences | Potential Occurrences | Output Co-occurrences | Potential Output Occurrences |
|:----------:|:--------------:|:---------------------:|:---------------------:|:----------------------------:|
| iv_506-iv_508 | 1948 | 4233 | 48 | 72 |
| iv_502-iv_511 | 1902 | 4325 | 45 | 72 |
| iv_505-iv_508 | 1902 | 4285 | 44 | 77 |
| iv_502-iv_506 | 1811 | 4273 | 44 | 76 |
| iv_507-iv_508 | 2057 | 4230 | 44 | 74 |
| iv_504-iv_508 | 1973 | 4152 | 43 | 78 |
| iv_508-iv_511 | 2049 | 4265 | 43 | 80 |
| iv_502-iv_504 | 1801 | 4262 | 42 | 76 |
| iv_503-iv_505 | 1914 | 4288 | 42 | 73 |
| iv_503-iv_508 | 2012 | 4307 | 42 | 80 |

### Input Bit Output Co-occurrences Sorted by Potential Output Occurrences

| Input Bits | Co-occurrences | Potential Occurrences | Output Co-occurrences | Potential Output Occurrences |
|:----------:|:--------------:|:---------------------:|:---------------------:|:----------------------------:|
| iv_502-iv_511 | 1902 | 4325 | 45 | 72 |
| iv_506-iv_508 | 1948 | 4233 | 48 | 72 |
| iv_503-iv_505 | 1914 | 4288 | 42 | 73 |
| iv_505-iv_510 | 1975 | 4251 | 40 | 73 |
| iv_502-iv_507 | 1891 | 4328 | 42 | 74 |
| iv_507-iv_508 | 2057 | 4230 | 44 | 74 |
| iv_504-iv_505 | 1830 | 4223 | 41 | 75 |
| iv_502-iv_504 | 1801 | 4262 | 42 | 76 |
| iv_504-iv_509 | 1942 | 4307 | 41 | 76 |
| iv_502-iv_506 | 1811 | 4273 | 44 | 76 |

## Output Bits

### Output Bits in Regular Order

| Rank | Output Bit | Complexity |
|:----:|:----------:|:----------:|
| 1 | ov_001 | 1.6732174617525218 × 10^298 |
| 2 | ov_002 | 1.4547427746372048 × 10^298 |
| 3 | ov_003 | 1.257441557378168 × 10^298 |
| 4 | ov_004 | 1.0804351428827526 × 10^298 |
| 5 | ov_005 | 9.228927661246331 × 10^297 |
| 6 | ov_006 | 7.8328316633417 × 10^297 |
| 7 | ov_007 | 6.601552931146332 × 10^297 |
| 8 | ov_008 | 5.521334400784755 × 10^297 |
| 9 | ov_009 | 4.579130550053428 × 10^297 |
| 10 | ov_010 | 3.762571595749607 × 10^297 |
| 11 | ov_011 | 3.059933308080922 × 10^297 |
| 12 | ov_012 | 2.4601120416186506 × 10^297 |
| 13 | ov_013 | 1.952604565311932 × 10^297 |
| 14 | ov_014 | 1.527492179339891 × 10^297 |
| 15 | ov_015 | 1.1754285198876172 × 10^297 |
| 16 | ov_016 | 8.87630454538691 × 10^296 |
| 17 | ov_017 | 6.558715152619757 × 10^296 |
| 18 | ov_018 | 4.724773601133343 × 10^296 |
| 19 | ov_019 | 3.3032279883065706 × 10^296 |
| 20 | ov_020 | 2.2282996150953208 × 10^296 |
| 21 | ov_021 | 1.439672335281835 × 10^296 |
| 22 | ov_022 | 8.824863916505766 × 10^295 |
| 23 | ov_023 | 5.073345605357802 × 10^295 |
| 24 | ov_024 | 2.7025956454274584 × 10^295 |
| 25 | ov_025 | 1.327523805854369 × 10^295 |
| 26 | ov_026 | 6.175122534467511 × 10^294 |
| 27 | ov_027 | 2.9641011195462025 × 10^294 |
| 28 | ov_028 | 1.425309399085404 × 10^294 |
| 29 | ov_029 | 5.864744260936623 × 10^293 |
| 30 | ov_030 | 1.9377808628052608 × 10^293 |
| 31 | ov_031 | 4.685283197195047 × 10^292 |
| 32 | lv_80_m31 | 1.1324921775011482 × 10^292 |
| 33 | ov_033 | 1.350173311061009 × 10^293 |
| 34 | ov_034 | 1.1651983523947535 × 10^293 |
| 35 | ov_035 | 1.0006437531272064 × 10^293 |
| 36 | ov_036 | 8.547898489798092 × 10^292 |
| 37 | ov_037 | 7.260091825418219 × 10^292 |
| 38 | ov_038 | 6.127599647810439 × 10^292 |
| 39 | ov_039 | 5.135804364362908 × 10^292 |
| 40 | ov_040 | 4.2708404129323047 × 10^292 |
| 41 | ov_041 | 3.519553287180052 × 10^292 |
| 42 | ov_042 | 2.869465079161003 × 10^292 |
| 43 | ov_043 | 2.308745812305572 × 10^292 |
| 44 | ov_044 | 1.826189884250505 × 10^292 |
| 45 | ov_045 | 1.4163479415261435 × 10^292 |
| 46 | ov_046 | 1.0740690260321998 × 10^292 |
| 47 | ov_047 | 7.94493872202255 × 10^291 |
| 48 | ov_048 | 5.730497357522646 × 10^291 |
| 49 | ov_049 | 4.0143621026073726 × 10^291 |
| 50 | ov_050 | 2.7191053707138668 × 10^291 |
| 51 | ov_051 | 1.7728432443138497 × 10^291 |
| 52 | ov_052 | 1.1092142704205076 × 10^291 |
| 53 | ov_053 | 6.6736666271616444 × 10^290 |
| 54 | ov_054 | 3.919510849971015 × 10^290 |
| 55 | ov_055 | 2.3311666863482223 × 10^290 |
| 56 | ov_056 | 1.4650866929549328 × 10^290 |
| 57 | ov_057 | 9.326699611718486 × 10^289 |
| 58 | ov_058 | 5.533512524213599 × 10^289 |
| 59 | ov_059 | 2.996649477794381 × 10^289 |
| 60 | ov_060 | 1.4414608749316363 × 10^289 |
| 61 | ov_061 | 5.932992423879896 × 10^288 |
| 62 | ov_062 | 1.9607463440388705 × 10^288 |
| 63 | ov_063 | 4.741674255047717 × 10^287 |
| 64 | lv_79_m31 | 1.1462804748726866 × 10^287 |
| 65 | ov_065 | 1.3507816258977926 × 10^288 |
| 66 | ov_066 | 1.3507783309694659 × 10^288 |
| 67 | ov_067 | 1.3507772630681614 × 10^288 |
| 68 | ov_068 | 1.1652074984778175 × 10^288 |
| 69 | ov_069 | 9.991517676174067 × 10^287 |
| 70 | ov_070 | 8.517575504707514 × 10^287 |
| 71 | ov_071 | 7.214742678290002 × 10^287 |
| 72 | ov_072 | 6.068462202017889 × 10^287 |
| 73 | ov_073 | 5.065063014840923 × 10^287 |
| 74 | ov_074 | 4.19170287985057 × 10^287 |
| 75 | ov_075 | 3.4363167234622944 × 10^287 |
| 76 | ov_076 | 2.787570128308997 × 10^287 |
| 77 | ov_077 | 2.234817692281194 × 10^287 |
| 78 | ov_078 | 1.7680659721136895 × 10^287 |
| 79 | ov_079 | 1.3779407344803102 × 10^287 |
| 80 | ov_080 | 1.0556582409506932 × 10^287 |
| 81 | ov_081 | 7.930002956007445 × 10^286 |
| 82 | ov_082 | 5.822927857470932 × 10^286 |
| 83 | ov_083 | 4.1638744737312137 × 10^286 |
| 84 | ov_084 | 2.8864658748894513 × 10^286 |
| 85 | ov_085 | 1.9293049605916313 × 10^286 |
| 86 | ov_086 | 1.2358728035361448 × 10^286 |
| 87 | ov_087 | 7.544485470610506 × 10^285 |
| 88 | ov_088 | 4.3804818746602075 × 10^285 |
| 89 | ov_089 | 2.4437957222702777 × 10^285 |
| 90 | ov_090 | 1.3581094556129128 × 10^285 |
| 91 | ov_091 | 7.935037296984024 × 10^284 |
| 92 | ov_092 | 4.663339898198503 × 10^284 |
| 93 | ov_093 | 2.463355543639091 × 10^284 |
| 94 | ov_094 | 1.1042394863488203 × 10^284 |
| 95 | aaa_78_28 | 3.551752817384411 × 10^283 |
| 96 | aaa_78_29 | 1.3458434069053988 × 10^283 |
| 97 | ov_097 | 1.4663538911519113 × 10^283 |
| 98 | ov_098 | 1.4663100340343 × 10^283 |
| 99 | ov_099 | 1.4662960383214735 × 10^283 |
| 100 | ov_100 | 1.3198328089200718 × 10^283 |
| 101 | ov_101 | 1.1841238236549582 × 10^283 |
| 102 | ov_102 | 1.0585840593474533 × 10^283 |
| 103 | ov_103 | 9.426714879615037 × 10^282 |
| 104 | ov_104 | 8.358813573797151 × 10^282 |
| 105 | ov_105 | 7.37741000891607 × 10^282 |
| 106 | ov_106 | 6.478051473331937 × 10^282 |
| 107 | ov_107 | 5.656517049544067 × 10^282 |
| 108 | ov_108 | 4.908779930224721 × 10^282 |
| 109 | ov_109 | 4.2309739592120124 × 10^282 |
| 110 | ov_110 | 3.6193641510303903 × 10^282 |
| 111 | ov_111 | 3.0703209471473217 × 10^282 |
| 112 | ov_112 | 2.580297970684727 × 10^282 |
| 113 | ov_113 | 2.1458130438877633 × 10^282 |
| 114 | ov_114 | 1.7634322344933164 × 10^282 |
| 115 | ov_115 | 1.4297566983897843 × 10^282 |
| 116 | ov_116 | 1.1414120867613482 × 10^282 |
| 117 | ov_117 | 8.950402863901463 × 10^281 |
| 118 | ov_118 | 6.872932620573285 × 10^281 |
| 119 | ov_119 | 5.148287701258312 × 10^281 |
| 120 | ov_120 | 3.7430771246334295 × 10^281 |
| 121 | ov_121 | 2.6239276698604786 × 10^281 |
| 122 | ov_122 | 1.7574772297698686 × 10^281 |
| 123 | ov_123 | 1.110370647233262 × 10^281 |
| 124 | ov_124 | 6.492566866058756 × 10^280 |
| 125 | ov_125 | 3.4078604744614885 × 10^280 |
| 126 | ov_126 | 1.516102227140579 × 10^280 |
| 127 | aaa_77_28 | 4.838095873840528 × 10^279 |
| 128 | aaa_77_29 | 1.8120260676687318 × 10^279 |
| 129 | ov_129 | 1.6510993741745982 × 10^279 |
| 130 | ov_130 | 1.6510954374003644 × 10^279 |
| 131 | ov_131 | 1.651094173345947 × 10^279 |
| 132 | ov_132 | 1.426100829275343 × 10^279 |
| 133 | ov_133 | 1.2250239506797821 × 10^279 |
| 134 | ov_134 | 1.0460252505837561 × 10^279 |
| 135 | ov_135 | 8.873683310424523 × 10^278 |
| 136 | ov_136 | 7.474112027634587 × 10^278 |
| 137 | ov_137 | 6.2459977133119866 × 10^278 |
| 138 | ov_138 | 5.1746222141542455 × 10^278 |
| 139 | ov_139 | 4.246042176124664 × 10^278 |
| 140 | ov_140 | 3.447048394562464 × 10^278 |
| 141 | ov_141 | 2.7651317263234106 × 10^278 |
| 142 | ov_142 | 2.1884548282516075 × 10^278 |
| 143 | ov_143 | 1.7058290294965746 × 10^278 |
| 144 | ov_144 | 1.306695687846319 × 10^278 |
| 145 | ov_145 | 9.811114225074988 × 10^277 |
| 146 | ov_146 | 7.1973665775449675 × 10^277 |
| 147 | ov_147 | 5.138269536858716 × 10^277 |
| 148 | ov_148 | 3.5522664203691534 × 10^277 |
| 149 | ov_149 | 2.363643266447018 × 10^277 |
| 150 | ov_150 | 1.5024984977265132 × 10^277 |
| 151 | ov_151 | 9.047236708924464 × 10^276 |
| 152 | ov_152 | 5.119921566830428 × 10^276 |
| 153 | ov_153 | 2.7175300941743396 × 10^276 |
| 154 | ov_154 | 1.3722779431171596 × 10^276 |
| 155 | ov_155 | 6.740887098647963 × 10^275 |
| 156 | aaa_76_25 | 2.7058457052370988 × 10^275 |
| 157 | aaa_76_26 | 1.665099046463362 × 10^275 |
| 158 | aaa_76_27 | 9.127998681984698 × 10^274 |
| 159 | aaa_76_28 | 4.300573941490446 × 10^274 |
| 160 | aaa_76_29 | 1.6188398336713479 × 10^274 |

### Output Bits Sorted by Complexity

| Rank | Output Bit | Complexity |
|:----:|:----------:|:----------:|
| 160 | aaa_76_29 | 1.6188398336713479 × 10^274 |
| 159 | aaa_76_28 | 4.300573941490446 × 10^274 |
| 158 | aaa_76_27 | 9.127998681984698 × 10^274 |
| 157 | aaa_76_26 | 1.665099046463362 × 10^275 |
| 156 | aaa_76_25 | 2.7058457052370988 × 10^275 |
| 155 | ov_155 | 6.740887098647963 × 10^275 |
| 154 | ov_154 | 1.3722779431171596 × 10^276 |
| 153 | ov_153 | 2.7175300941743396 × 10^276 |
| 152 | ov_152 | 5.119921566830428 × 10^276 |
| 151 | ov_151 | 9.047236708924464 × 10^276 |
| 150 | ov_150 | 1.5024984977265132 × 10^277 |
| 149 | ov_149 | 2.363643266447018 × 10^277 |
| 148 | ov_148 | 3.5522664203691534 × 10^277 |
| 147 | ov_147 | 5.138269536858716 × 10^277 |
| 146 | ov_146 | 7.1973665775449675 × 10^277 |
| 145 | ov_145 | 9.811114225074988 × 10^277 |
| 144 | ov_144 | 1.306695687846319 × 10^278 |
| 143 | ov_143 | 1.7058290294965746 × 10^278 |
| 142 | ov_142 | 2.1884548282516075 × 10^278 |
| 141 | ov_141 | 2.7651317263234106 × 10^278 |
| 140 | ov_140 | 3.447048394562464 × 10^278 |
| 139 | ov_139 | 4.246042176124664 × 10^278 |
| 138 | ov_138 | 5.1746222141542455 × 10^278 |
| 137 | ov_137 | 6.2459977133119866 × 10^278 |
| 136 | ov_136 | 7.474112027634587 × 10^278 |
| 135 | ov_135 | 8.873683310424523 × 10^278 |
| 134 | ov_134 | 1.0460252505837561 × 10^279 |
| 133 | ov_133 | 1.2250239506797821 × 10^279 |
| 132 | ov_132 | 1.426100829275343 × 10^279 |
| 131 | ov_131 | 1.651094173345947 × 10^279 |
| 130 | ov_130 | 1.6510954374003644 × 10^279 |
| 129 | ov_129 | 1.6510993741745982 × 10^279 |
| 128 | aaa_77_29 | 1.8120260676687318 × 10^279 |
| 127 | aaa_77_28 | 4.838095873840528 × 10^279 |
| 126 | ov_126 | 1.516102227140579 × 10^280 |
| 125 | ov_125 | 3.4078604744614885 × 10^280 |
| 124 | ov_124 | 6.492566866058756 × 10^280 |
| 123 | ov_123 | 1.110370647233262 × 10^281 |
| 122 | ov_122 | 1.7574772297698686 × 10^281 |
| 121 | ov_121 | 2.6239276698604786 × 10^281 |
| 120 | ov_120 | 3.7430771246334295 × 10^281 |
| 119 | ov_119 | 5.148287701258312 × 10^281 |
| 118 | ov_118 | 6.872932620573285 × 10^281 |
| 117 | ov_117 | 8.950402863901463 × 10^281 |
| 116 | ov_116 | 1.1414120867613482 × 10^282 |
| 115 | ov_115 | 1.4297566983897843 × 10^282 |
| 114 | ov_114 | 1.7634322344933164 × 10^282 |
| 113 | ov_113 | 2.1458130438877633 × 10^282 |
| 112 | ov_112 | 2.580297970684727 × 10^282 |
| 111 | ov_111 | 3.0703209471473217 × 10^282 |
| 110 | ov_110 | 3.6193641510303903 × 10^282 |
| 109 | ov_109 | 4.2309739592120124 × 10^282 |
| 108 | ov_108 | 4.908779930224721 × 10^282 |
| 107 | ov_107 | 5.656517049544067 × 10^282 |
| 106 | ov_106 | 6.478051473331937 × 10^282 |
| 105 | ov_105 | 7.37741000891607 × 10^282 |
| 104 | ov_104 | 8.358813573797151 × 10^282 |
| 103 | ov_103 | 9.426714879615037 × 10^282 |
| 102 | ov_102 | 1.0585840593474533 × 10^283 |
| 101 | ov_101 | 1.1841238236549582 × 10^283 |
| 100 | ov_100 | 1.3198328089200718 × 10^283 |
| 96 | aaa_78_29 | 1.3458434069053988 × 10^283 |
| 99 | ov_099 | 1.4662960383214735 × 10^283 |
| 98 | ov_098 | 1.4663100340343 × 10^283 |
| 97 | ov_097 | 1.4663538911519113 × 10^283 |
| 95 | aaa_78_28 | 3.551752817384411 × 10^283 |
| 94 | ov_094 | 1.1042394863488203 × 10^284 |
| 93 | ov_093 | 2.463355543639091 × 10^284 |
| 92 | ov_092 | 4.663339898198503 × 10^284 |
| 91 | ov_091 | 7.935037296984024 × 10^284 |
| 90 | ov_090 | 1.3581094556129128 × 10^285 |
| 89 | ov_089 | 2.4437957222702777 × 10^285 |
| 88 | ov_088 | 4.3804818746602075 × 10^285 |
| 87 | ov_087 | 7.544485470610506 × 10^285 |
| 86 | ov_086 | 1.2358728035361448 × 10^286 |
| 85 | ov_085 | 1.9293049605916313 × 10^286 |
| 84 | ov_084 | 2.8864658748894513 × 10^286 |
| 83 | ov_083 | 4.1638744737312137 × 10^286 |
| 82 | ov_082 | 5.822927857470932 × 10^286 |
| 81 | ov_081 | 7.930002956007445 × 10^286 |
| 80 | ov_080 | 1.0556582409506932 × 10^287 |
| 64 | lv_79_m31 | 1.1462804748726866 × 10^287 |
| 79 | ov_079 | 1.3779407344803102 × 10^287 |
| 78 | ov_078 | 1.7680659721136895 × 10^287 |
| 77 | ov_077 | 2.234817692281194 × 10^287 |
| 76 | ov_076 | 2.787570128308997 × 10^287 |
| 75 | ov_075 | 3.4363167234622944 × 10^287 |
| 74 | ov_074 | 4.19170287985057 × 10^287 |
| 63 | ov_063 | 4.741674255047717 × 10^287 |
| 73 | ov_073 | 5.065063014840923 × 10^287 |
| 72 | ov_072 | 6.068462202017889 × 10^287 |
| 71 | ov_071 | 7.214742678290002 × 10^287 |
| 70 | ov_070 | 8.517575504707514 × 10^287 |
| 69 | ov_069 | 9.991517676174067 × 10^287 |
| 68 | ov_068 | 1.1652074984778175 × 10^288 |
| 67 | ov_067 | 1.3507772630681614 × 10^288 |
| 66 | ov_066 | 1.3507783309694659 × 10^288 |
| 65 | ov_065 | 1.3507816258977926 × 10^288 |
| 62 | ov_062 | 1.9607463440388705 × 10^288 |
| 61 | ov_061 | 5.932992423879896 × 10^288 |
| 60 | ov_060 | 1.4414608749316363 × 10^289 |
| 59 | ov_059 | 2.996649477794381 × 10^289 |
| 58 | ov_058 | 5.533512524213599 × 10^289 |
| 57 | ov_057 | 9.326699611718486 × 10^289 |
| 56 | ov_056 | 1.4650866929549328 × 10^290 |
| 55 | ov_055 | 2.3311666863482223 × 10^290 |
| 54 | ov_054 | 3.919510849971015 × 10^290 |
| 53 | ov_053 | 6.6736666271616444 × 10^290 |
| 52 | ov_052 | 1.1092142704205076 × 10^291 |
| 51 | ov_051 | 1.7728432443138497 × 10^291 |
| 50 | ov_050 | 2.7191053707138668 × 10^291 |
| 49 | ov_049 | 4.0143621026073726 × 10^291 |
| 48 | ov_048 | 5.730497357522646 × 10^291 |
| 47 | ov_047 | 7.94493872202255 × 10^291 |
| 46 | ov_046 | 1.0740690260321998 × 10^292 |
| 32 | lv_80_m31 | 1.1324921775011482 × 10^292 |
| 45 | ov_045 | 1.4163479415261435 × 10^292 |
| 44 | ov_044 | 1.826189884250505 × 10^292 |
| 43 | ov_043 | 2.308745812305572 × 10^292 |
| 42 | ov_042 | 2.869465079161003 × 10^292 |
| 41 | ov_041 | 3.519553287180052 × 10^292 |
| 40 | ov_040 | 4.2708404129323047 × 10^292 |
| 31 | ov_031 | 4.685283197195047 × 10^292 |
| 39 | ov_039 | 5.135804364362908 × 10^292 |
| 38 | ov_038 | 6.127599647810439 × 10^292 |
| 37 | ov_037 | 7.260091825418219 × 10^292 |
| 36 | ov_036 | 8.547898489798092 × 10^292 |
| 35 | ov_035 | 1.0006437531272064 × 10^293 |
| 34 | ov_034 | 1.1651983523947535 × 10^293 |
| 33 | ov_033 | 1.350173311061009 × 10^293 |
| 30 | ov_030 | 1.9377808628052608 × 10^293 |
| 29 | ov_029 | 5.864744260936623 × 10^293 |
| 28 | ov_028 | 1.425309399085404 × 10^294 |
| 27 | ov_027 | 2.9641011195462025 × 10^294 |
| 26 | ov_026 | 6.175122534467511 × 10^294 |
| 25 | ov_025 | 1.327523805854369 × 10^295 |
| 24 | ov_024 | 2.7025956454274584 × 10^295 |
| 23 | ov_023 | 5.073345605357802 × 10^295 |
| 22 | ov_022 | 8.824863916505766 × 10^295 |
| 21 | ov_021 | 1.439672335281835 × 10^296 |
| 20 | ov_020 | 2.2282996150953208 × 10^296 |
| 19 | ov_019 | 3.3032279883065706 × 10^296 |
| 18 | ov_018 | 4.724773601133343 × 10^296 |
| 17 | ov_017 | 6.558715152619757 × 10^296 |
| 16 | ov_016 | 8.87630454538691 × 10^296 |
| 15 | ov_015 | 1.1754285198876172 × 10^297 |
| 14 | ov_014 | 1.527492179339891 × 10^297 |
| 13 | ov_013 | 1.952604565311932 × 10^297 |
| 12 | ov_012 | 2.4601120416186506 × 10^297 |
| 11 | ov_011 | 3.059933308080922 × 10^297 |
| 10 | ov_010 | 3.762571595749607 × 10^297 |
| 9 | ov_009 | 4.579130550053428 × 10^297 |
| 8 | ov_008 | 5.521334400784755 × 10^297 |
| 7 | ov_007 | 6.601552931146332 × 10^297 |
| 6 | ov_006 | 7.8328316633417 × 10^297 |
| 5 | ov_005 | 9.228927661246331 × 10^297 |
| 4 | ov_004 | 1.0804351428827526 × 10^298 |
| 3 | ov_003 | 1.257441557378168 × 10^298 |
| 2 | ov_002 | 1.4547427746372048 × 10^298 |
| 1 | ov_001 | 1.6732174617525218 × 10^298 |

