# Results for F001-F002-F003-F004-F005-F006-F007-F008-F009-F010-F011-F012-F013-F014-F015-F016-F017-F018-F019-F020-F021-F022-F023-F024-F025-F026-F027-F028-F029-F030-F031-F032-F033-F034-F035-F036-F037-F038-F039-F040-F041-F042-F043-F044-F045-F046-F047-F048-F049-F050-F051-F052-F053-F054-F055-F056-F057-F058-F059-F060-F061-F062-F063-F064-F065-F066-F067-F068-F069-F070-F071-F072-F073-F074-F075-F076-F077-F078-F079-F080-F081-F082-F083-F084-F085-F086-F087-F088-F089-F090-F091-F092-F093-F094-F095-F096-F097-F098-F099-F100-F101-F102-F103-F104-F105-F106-F107-F108-F109-F110-F111-F112-F113-F114-F115-F116-F117-F118-F119-F120-F121-F122-F123-F124-F125-F126-F127-F128-F129-F130-F131-F132-F133-F134-F135-F136-F137-F138-F139-F140-F141-F142-F143-F144-F145-F146-F147-F148-F149-F150-F151-F152-F153-F154-F155-F156-F157-F158-F159-F160-F161-F162-F163-F164-F165-F166-F167-F168-F169-F170-F171-F172-F173-F174-F175-F176-F177-F178-F179-F180-F181-F182-F183-F184-F185-F186-F187-F188-F189-F190-F191-F192-F193-F194-F195-F196-F197-F198-F199-F200-F201-F202-F203-F204-F205-F206-F207-F208-F209-F210-F211-F212-F213-F214-F215-F216-F217-F218-F219-F220-F221-F222-F223-F224-F225-F226-F227-F228-F229-F230-F231-F232-F233-F234-F235-F236-F237-F238-F239-F240-F241-F242-F243-F244-F245-F246-F247-F248-F249-F250-F251-F252-F253-F254-F255-F256-F257-F258-F259-F260-F261-F262-F263-F264-F265-F266-F267-F268-F269-F270-F271-F272-F273-F274-F275-F276-F277-F278-F279-F280-F281-F282-F283-F284-F285-F286-F287-F288-F289-F290-F291-F292-F293-F294-F295-F296-F297-F298-F299-F300-F301-F302-F303-F304-F305-F306-F307-F308-F309-F310-F311-F312-F313-F314-F315-F316-F317-F318-F319-F320-F321-F322-F323-F324-F325-F326-F327-F328-F329-F330-F331-F332-F333-F334-F335-F336-F337-F338-F339-F340-F341-F342-F343-F344-F345-F346-F347-F348-F349-F350-F351-F352-F353-F354-F355-F356-F357-F358-F359-F360-F361-F362-F363-F364-F365-F366-F367-F368-F369-F370-F371-F372-F373-F374-F375-F376-F377-F378-F379-F380-F381-F382-F383-F384-F385-F386-F387-F388-F389-F390-F391-F392-F393-F394-F395-F396-F397-F398-F399-F400-F401-F402-F403-F404-F405-F406-F407-F408-F409-F410-F411-F412-F413-F414-F415-F416-F417-F418-F419-F420-F421-F422-F423-F424-F425-F426-F427-F428-F429-F430-F431-F432-F433-F434-F435-F436-F437-F438-F439-F440-F441-F442-F443-F444-F445-F446-F447-F448-F449-F450-F451-F452-F453-F454-F455-F456-F457-F458-F459-F460-F461-F462-F463-F464-F465-F466-F467-F468-F469-F470-F471-F472-F473-F474-F475-F476-F477-F478-F479-F480-F481-F482-F483-F484-F485-F486-F487-F488-F489-F490-F491-F492-F493-F494-F495-F496-F497-F498-F499-F500-F501-F512

## Summary

Number of input bits: 512  
Number of free input bits: 10  
Number of output bits: 160

Number of direct occurrences: 40617  
Number of assignments: 30918  
Number of operations: 10950245
(xor: 10921136,
and: 15978,
or: 13131)

Total complexity: 1.0526489446146868 × 10^299

Least occurring input variable: iv_502 (3882)  
Most occurring input variable: iv_510 (4227)

Most co-occurring input variables: iv_509-iv_510 (2110)  
Least co-occurring input variables: iv_505-iv_506 (1777)

Potentially most occurring input variable: iv_507/iv_510 (4467)  
Potentially least occurring input variable: iv_504/iv_508 (4085)

Least output occurring input variable: iv_510 (74)  
Most output occurring input variable: iv_508 (86)

Most output co-occurring input variables: iv_506-iv_508 (48)  
Least output co-occurring input variables: iv_502-iv_503 (32)

Potentially most output occurring input variable: iv_502/iv_503 (96)  
Potentially least output occurring input variable: iv_502/iv_511 (72)

Least complex input bit: iv_511 (2.1591583053575134 × 10^295)  
Most complex input bit: iv_510 (2.709993241947491 × 10^298)

Least complex output bit: aaa_76_29 (1.618839833544522 × 10^274)  
Most complex output bit: ov_001 (1.673217461621436 × 10^298)

Least complex input/output complexity: iv_511/aaa_76_29 (3.3205101183288216 × 10^270)  
Most complex input/output complexity: iv_510/ov_001 (4.307616548233374 × 10^297)

Input variable with highest collision probability: iv_507 (½^160.0000000000006)

## Input Bits

### Input Bits in Regular Order

| Input Bit | Complexity | Occurrences | Output Occurrences | Collision Probability |
|:---------:|:----------:|:-----------:|:------------------:|:---------------------:|
| iv_502 | 1.1903205272163518 × 10^297 | 3882 | 82 | ½^160.00000000000063 |
| iv_503 | 2.116766695226095 × 10^297 | 4141 | 78 | ½^160.00000000000065 |
| iv_504 | 3.518347629913374 × 10^297 | 3898 | 78 | ½^160.00000000000077 |
| iv_505 | 5.5926544195065194 × 10^297 | 3892 | 79 | ½^160.00000000000094 |
| iv_506 | 8.598616054249093 × 10^297 | 3935 | 82 | ½^160.00000000000074 |
| iv_507 | 1.288156443799949 × 10^298 | 4148 | 76 | ½^160.0000000000006 |
| iv_508 | 1.8543077773894463 × 10^298 | 4113 | 86 | ½^160.00000000000074 |
| iv_509 | 2.5702022920934923 × 10^298 | 4203 | 80 | ½^160.00000000000068 |
| iv_510 | 2.709993241947491 × 10^298 | 4227 | 74 | ½^160.0000000000008 |
| iv_511 | 2.1591583053575134 × 10^295 | 4178 | 80 | ½^160.00000000000085 |

### Input Bits Sorted by Complexity

| Input Bit | Complexity | Occurrences | Output Occurrences | Collision Probability |
|:---------:|:----------:|:-----------:|:------------------:|:---------------------:|
| iv_511 | 2.1591583053575134 × 10^295 | 4178 | 80 | ½^160.00000000000085 |
| iv_502 | 1.1903205272163518 × 10^297 | 3882 | 82 | ½^160.00000000000063 |
| iv_503 | 2.116766695226095 × 10^297 | 4141 | 78 | ½^160.00000000000065 |
| iv_504 | 3.518347629913374 × 10^297 | 3898 | 78 | ½^160.00000000000077 |
| iv_505 | 5.5926544195065194 × 10^297 | 3892 | 79 | ½^160.00000000000094 |
| iv_506 | 8.598616054249093 × 10^297 | 3935 | 82 | ½^160.00000000000074 |
| iv_507 | 1.288156443799949 × 10^298 | 4148 | 76 | ½^160.0000000000006 |
| iv_508 | 1.8543077773894463 × 10^298 | 4113 | 86 | ½^160.00000000000074 |
| iv_509 | 2.5702022920934923 × 10^298 | 4203 | 80 | ½^160.00000000000068 |
| iv_510 | 2.709993241947491 × 10^298 | 4227 | 74 | ½^160.0000000000008 |

### Input Bits Sorted by Occurrences

| Input Bit | Complexity | Occurrences | Output Occurrences | Collision Probability |
|:---------:|:----------:|:-----------:|:------------------:|:---------------------:|
| iv_502 | 1.1903205272163518 × 10^297 | 3882 | 82 | ½^160.00000000000063 |
| iv_505 | 5.5926544195065194 × 10^297 | 3892 | 79 | ½^160.00000000000094 |
| iv_504 | 3.518347629913374 × 10^297 | 3898 | 78 | ½^160.00000000000077 |
| iv_506 | 8.598616054249093 × 10^297 | 3935 | 82 | ½^160.00000000000074 |
| iv_508 | 1.8543077773894463 × 10^298 | 4113 | 86 | ½^160.00000000000074 |
| iv_503 | 2.116766695226095 × 10^297 | 4141 | 78 | ½^160.00000000000065 |
| iv_507 | 1.288156443799949 × 10^298 | 4148 | 76 | ½^160.0000000000006 |
| iv_511 | 2.1591583053575134 × 10^295 | 4178 | 80 | ½^160.00000000000085 |
| iv_509 | 2.5702022920934923 × 10^298 | 4203 | 80 | ½^160.00000000000068 |
| iv_510 | 2.709993241947491 × 10^298 | 4227 | 74 | ½^160.0000000000008 |

### Input Bits Sorted by Output Occurrences

| Input Bit | Complexity | Occurrences | Output Occurrences | Collision Probability |
|:---------:|:----------:|:-----------:|:------------------:|:---------------------:|
| iv_510 | 2.709993241947491 × 10^298 | 4227 | 74 | ½^160.0000000000008 |
| iv_507 | 1.288156443799949 × 10^298 | 4148 | 76 | ½^160.0000000000006 |
| iv_503 | 2.116766695226095 × 10^297 | 4141 | 78 | ½^160.00000000000065 |
| iv_504 | 3.518347629913374 × 10^297 | 3898 | 78 | ½^160.00000000000077 |
| iv_505 | 5.5926544195065194 × 10^297 | 3892 | 79 | ½^160.00000000000094 |
| iv_509 | 2.5702022920934923 × 10^298 | 4203 | 80 | ½^160.00000000000068 |
| iv_511 | 2.1591583053575134 × 10^295 | 4178 | 80 | ½^160.00000000000085 |
| iv_502 | 1.1903205272163518 × 10^297 | 3882 | 82 | ½^160.00000000000063 |
| iv_506 | 8.598616054249093 × 10^297 | 3935 | 82 | ½^160.00000000000074 |
| iv_508 | 1.8543077773894463 × 10^298 | 4113 | 86 | ½^160.00000000000074 |

### Input Bits Sorted by Collision Probability

| Input Bit | Complexity | Occurrences | Output Occurrences | Collision Probability |
|:---------:|:----------:|:-----------:|:------------------:|:---------------------:|
| iv_507 | 1.288156443799949 × 10^298 | 4148 | 76 | ½^160.0000000000006 |
| iv_502 | 1.1903205272163518 × 10^297 | 3882 | 82 | ½^160.00000000000063 |
| iv_503 | 2.116766695226095 × 10^297 | 4141 | 78 | ½^160.00000000000065 |
| iv_509 | 2.5702022920934923 × 10^298 | 4203 | 80 | ½^160.00000000000068 |
| iv_506 | 8.598616054249093 × 10^297 | 3935 | 82 | ½^160.00000000000074 |
| iv_508 | 1.8543077773894463 × 10^298 | 4113 | 86 | ½^160.00000000000074 |
| iv_504 | 3.518347629913374 × 10^297 | 3898 | 78 | ½^160.00000000000077 |
| iv_510 | 2.709993241947491 × 10^298 | 4227 | 74 | ½^160.0000000000008 |
| iv_511 | 2.1591583053575134 × 10^295 | 4178 | 80 | ½^160.00000000000085 |
| iv_505 | 5.5926544195065194 × 10^297 | 3892 | 79 | ½^160.00000000000094 |

## Input Bit/Output Bit Collision Probabilities

| Input Bit | Output Bit | Collision Probability |
|:---------:|:----------:|:---------------------:|
| iv_502 | ov_136 | 0.500000000000004 |
| iv_502 | ov_027 | 0.500000000000002 |
| iv_502 | ov_038 | 0.5000000000000018 |
| iv_502 | ov_062 | 0.5000000000000018 |
| iv_502 | ov_150 | 0.5000000000000018 |
| iv_504 | ov_004 | 0.5000000000000018 |
| iv_507 | ov_056 | 0.5000000000000018 |
| iv_507 | ov_081 | 0.5000000000000018 |
| iv_509 | ov_020 | 0.5000000000000018 |
| iv_509 | ov_055 | 0.5000000000000018 |

## Input Bit Co-occurrences

### Input Bit Co-occurrences Sorted by Co-occurrences

| Input Bits | Co-occurrences | Potential Occurrences | Output Co-occurrences | Potential Output Occurrences |
|:----------:|:--------------:|:---------------------:|:---------------------:|:----------------------------:|
| iv_509-iv_510 | 2110 | 4210 | 37 | 80 |
| iv_509-iv_511 | 2052 | 4277 | 37 | 86 |
| iv_507-iv_508 | 2050 | 4161 | 44 | 74 |
| iv_510-iv_511 | 2050 | 4305 | 39 | 76 |
| iv_508-iv_511 | 2043 | 4205 | 43 | 80 |
| iv_508-iv_509 | 2029 | 4258 | 41 | 84 |
| iv_508-iv_510 | 2028 | 4284 | 36 | 88 |
| iv_507-iv_509 | 2016 | 4319 | 38 | 80 |
| iv_503-iv_511 | 2007 | 4305 | 37 | 84 |
| iv_503-iv_509 | 2007 | 4330 | 38 | 82 |

### Input Bit Co-occurrences Sorted by Potential Occurrences

| Input Bits | Co-occurrences | Potential Occurrences | Output Co-occurrences | Potential Output Occurrences |
|:----------:|:--------------:|:---------------------:|:---------------------:|:----------------------------:|
| iv_504-iv_508 | 1963 | 4085 | 43 | 78 |
| iv_506-iv_507 | 1979 | 4125 | 39 | 80 |
| iv_504-iv_506 | 1851 | 4131 | 42 | 76 |
| iv_504-iv_505 | 1822 | 4146 | 41 | 75 |
| iv_502-iv_505 | 1813 | 4148 | 36 | 89 |
| iv_507-iv_508 | 2050 | 4161 | 44 | 74 |
| iv_506-iv_508 | 1940 | 4168 | 48 | 72 |
| iv_502-iv_508 | 1912 | 4171 | 41 | 86 |
| iv_505-iv_510 | 1968 | 4183 | 40 | 73 |
| iv_502-iv_504 | 1789 | 4202 | 42 | 76 |

### Input Bit Output Co-occurrences Sorted by Output Co-occurrences

| Input Bits | Co-occurrences | Potential Occurrences | Output Co-occurrences | Potential Output Occurrences |
|:----------:|:--------------:|:---------------------:|:---------------------:|:----------------------------:|
| iv_506-iv_508 | 1940 | 4168 | 48 | 72 |
| iv_502-iv_511 | 1900 | 4260 | 45 | 72 |
| iv_505-iv_508 | 1897 | 4211 | 44 | 77 |
| iv_502-iv_506 | 1800 | 4217 | 44 | 76 |
| iv_507-iv_508 | 2050 | 4161 | 44 | 74 |
| iv_504-iv_508 | 1963 | 4085 | 43 | 78 |
| iv_508-iv_511 | 2043 | 4205 | 43 | 80 |
| iv_502-iv_504 | 1789 | 4202 | 42 | 76 |
| iv_503-iv_505 | 1902 | 4229 | 42 | 73 |
| iv_503-iv_508 | 2005 | 4244 | 42 | 80 |

### Input Bit Output Co-occurrences Sorted by Potential Output Occurrences

| Input Bits | Co-occurrences | Potential Occurrences | Output Co-occurrences | Potential Output Occurrences |
|:----------:|:--------------:|:---------------------:|:---------------------:|:----------------------------:|
| iv_502-iv_511 | 1900 | 4260 | 45 | 72 |
| iv_506-iv_508 | 1940 | 4168 | 48 | 72 |
| iv_503-iv_505 | 1902 | 4229 | 42 | 73 |
| iv_505-iv_510 | 1968 | 4183 | 40 | 73 |
| iv_502-iv_507 | 1883 | 4264 | 42 | 74 |
| iv_507-iv_508 | 2050 | 4161 | 44 | 74 |
| iv_504-iv_505 | 1822 | 4146 | 41 | 75 |
| iv_502-iv_504 | 1789 | 4202 | 42 | 76 |
| iv_504-iv_509 | 1935 | 4231 | 41 | 76 |
| iv_502-iv_506 | 1800 | 4217 | 44 | 76 |

## Output Bits

### Output Bits in Regular Order

| Rank | Output Bit | Complexity |
|:----:|:----------:|:----------:|
| 1 | ov_001 | 1.673217461621436 × 10^298 |
| 2 | ov_002 | 1.4547427745232348 × 10^298 |
| 3 | ov_003 | 1.2574415572796552 × 10^298 |
| 4 | ov_004 | 1.0804351427981074 × 10^298 |
| 5 | ov_005 | 9.228927660523303 × 10^297 |
| 6 | ov_006 | 7.832831662728047 × 10^297 |
| 7 | ov_007 | 6.601552930629143 × 10^297 |
| 8 | ov_008 | 5.521334400352193 × 10^297 |
| 9 | ov_009 | 4.579130549694682 × 10^297 |
| 10 | ov_010 | 3.7625715954548336 × 10^297 |
| 11 | ov_011 | 3.059933307841195 × 10^297 |
| 12 | ov_012 | 2.4601120414259162 × 10^297 |
| 13 | ov_013 | 1.9526045651589578 × 10^297 |
| 14 | ov_014 | 1.5274921792202217 × 10^297 |
| 15 | ov_015 | 1.1754285197955297 × 10^297 |
| 16 | ov_016 | 8.876304544691506 × 10^296 |
| 17 | ov_017 | 6.558715152105923 × 10^296 |
| 18 | ov_018 | 4.724773600763187 × 10^296 |
| 19 | ov_019 | 3.3032279880477828 × 10^296 |
| 20 | ov_020 | 2.2282996149207477 × 10^296 |
| 21 | ov_021 | 1.4396723351690458 × 10^296 |
| 22 | ov_022 | 8.824863915814392 × 10^295 |
| 23 | ov_023 | 5.073345604960338 × 10^295 |
| 24 | ov_024 | 2.7025956452157267 × 10^295 |
| 25 | ov_025 | 1.3275238057503657 × 10^295 |
| 26 | ov_026 | 6.17512253398373 × 10^294 |
| 27 | ov_027 | 2.964101119313984 × 10^294 |
| 28 | ov_028 | 1.4253093989737398 × 10^294 |
| 29 | ov_029 | 5.864744260477158 × 10^293 |
| 30 | ov_030 | 1.937780862653448 × 10^293 |
| 31 | ov_031 | 4.685283196827984 × 10^292 |
| 32 | lv_80_k31 | 1.1324921774124246 × 10^292 |
| 33 | ov_033 | 1.3501733109552312 × 10^293 |
| 34 | ov_034 | 1.1651983523034676 × 10^293 |
| 35 | ov_035 | 1.0006437530488121 × 10^293 |
| 36 | ov_036 | 8.547898489128418 × 10^292 |
| 37 | ov_037 | 7.260091824849436 × 10^292 |
| 38 | ov_038 | 6.127599647330381 × 10^292 |
| 39 | ov_039 | 5.135804363960551 × 10^292 |
| 40 | ov_040 | 4.270840412597711 × 10^292 |
| 41 | ov_041 | 3.519553286904317 × 10^292 |
| 42 | ov_042 | 2.869465078936199 × 10^292 |
| 43 | ov_043 | 2.3087458121246966 × 10^292 |
| 44 | ov_044 | 1.8261898841074342 × 10^292 |
| 45 | ov_045 | 1.4163479414151814 × 10^292 |
| 46 | ov_046 | 1.0740690259480534 × 10^292 |
| 47 | ov_047 | 7.944938721400113 × 10^291 |
| 48 | ov_048 | 5.730497357073697 × 10^291 |
| 49 | ov_049 | 4.014362102292872 × 10^291 |
| 50 | ov_050 | 2.719105370500842 × 10^291 |
| 51 | ov_051 | 1.7728432441749584 × 10^291 |
| 52 | ov_052 | 1.1092142703336075 × 10^291 |
| 53 | ov_053 | 6.673666626638805 × 10^290 |
| 54 | ov_054 | 3.919510849663947 × 10^290 |
| 55 | ov_055 | 2.3311666861655907 × 10^290 |
| 56 | ov_056 | 1.4650866928401527 × 10^290 |
| 57 | ov_057 | 9.326699610987799 × 10^289 |
| 58 | ov_058 | 5.533512523780083 × 10^289 |
| 59 | ov_059 | 2.996649477559613 × 10^289 |
| 60 | ov_060 | 1.441460874818707 × 10^289 |
| 61 | ov_061 | 5.932992423415084 × 10^288 |
| 62 | ov_062 | 1.9607463438852585 × 10^288 |
| 63 | ov_063 | 4.741674254676236 × 10^287 |
| 64 | lv_79_k31 | 1.1462804747828827 × 10^287 |
| 65 | ov_065 | 1.3507816257919672 × 10^288 |
| 66 | ov_066 | 1.350778330863641 × 10^288 |
| 67 | ov_067 | 1.3507772629623366 × 10^288 |
| 68 | ov_068 | 1.1652074983865308 × 10^288 |
| 69 | ov_069 | 9.991517675391295 × 10^287 |
| 70 | ov_070 | 8.517575504040215 × 10^287 |
| 71 | ov_071 | 7.214742677724772 × 10^287 |
| 72 | ov_072 | 6.068462201542463 × 10^287 |
| 73 | ov_073 | 5.065063014444106 × 10^287 |
| 74 | ov_074 | 4.191702879522175 × 10^287 |
| 75 | ov_075 | 3.4363167231930807 × 10^287 |
| 76 | ov_076 | 2.787570128090609 × 10^287 |
| 77 | ov_077 | 2.2348176921061102 × 10^287 |
| 78 | ov_078 | 1.7680659719751725 × 10^287 |
| 79 | ov_079 | 1.3779407343723573 × 10^287 |
| 80 | ov_080 | 1.055658240867989 × 10^287 |
| 81 | ov_081 | 7.930002955386179 × 10^286 |
| 82 | ov_082 | 5.822927857014742 × 10^286 |
| 83 | ov_083 | 4.163874473405001 × 10^286 |
| 84 | ov_084 | 2.886465874663315 × 10^286 |
| 85 | ov_085 | 1.9293049604404827 × 10^286 |
| 86 | ov_086 | 1.235872803439322 × 10^286 |
| 87 | ov_087 | 7.544485470019444 × 10^285 |
| 88 | ov_088 | 4.380481874317024 × 10^285 |
| 89 | ov_089 | 2.4437957220788225 × 10^285 |
| 90 | ov_090 | 1.3581094555065136 × 10^285 |
| 91 | ov_091 | 7.935037296362365 × 10^284 |
| 92 | ov_092 | 4.663339897833161 × 10^284 |
| 93 | ov_093 | 2.4633555434461027 × 10^284 |
| 94 | ov_094 | 1.1042394862623103 × 10^284 |
| 95 | aaa_78_28 | 3.551752817106154 × 10^283 |
| 96 | aaa_78_29 | 1.345843406799961 × 10^283 |
| 97 | ov_097 | 1.4663538910370317 × 10^283 |
| 98 | ov_098 | 1.466310033919424 × 10^283 |
| 99 | ov_099 | 1.4662960382065988 × 10^283 |
| 100 | ov_100 | 1.3198328088166714 × 10^283 |
| 101 | ov_101 | 1.1841238235621898 × 10^283 |
| 102 | ov_102 | 1.05858405926452 × 10^283 |
| 103 | ov_103 | 9.426714878876513 × 10^282 |
| 104 | ov_104 | 8.358813573142292 × 10^282 |
| 105 | ov_105 | 7.377410008338097 × 10^282 |
| 106 | ov_106 | 6.478051472824423 × 10^282 |
| 107 | ov_107 | 5.656517049100916 × 10^282 |
| 108 | ov_108 | 4.90877992984015 × 10^282 |
| 109 | ov_109 | 4.230973958880543 × 10^282 |
| 110 | ov_110 | 3.619364150746837 × 10^282 |
| 111 | ov_111 | 3.070320946906782 × 10^282 |
| 112 | ov_112 | 2.5802979704825778 × 10^282 |
| 113 | ov_113 | 2.1458130437196533 × 10^282 |
| 114 | ov_114 | 1.7634322343551628 × 10^282 |
| 115 | ov_115 | 1.4297566982777722 × 10^282 |
| 116 | ov_116 | 1.1414120866719258 × 10^282 |
| 117 | ov_117 | 8.950402863200255 × 10^281 |
| 118 | ov_118 | 6.872932620034833 × 10^281 |
| 119 | ov_119 | 5.148287700854976 × 10^281 |
| 120 | ov_120 | 3.743077124340182 × 10^281 |
| 121 | ov_121 | 2.623927669654911 × 10^281 |
| 122 | ov_122 | 1.7574772296321817 × 10^281 |
| 123 | ov_123 | 1.1103706471462715 × 10^281 |
| 124 | ov_124 | 6.492566865550105 × 10^280 |
| 125 | ov_125 | 3.4078604741945037 × 10^280 |
| 126 | ov_126 | 1.516102227021802 × 10^280 |
| 127 | aaa_77_28 | 4.838095873461494 × 10^279 |
| 128 | aaa_77_29 | 1.812026067526771 × 10^279 |
| 129 | ov_129 | 1.651099374045245 × 10^279 |
| 130 | ov_130 | 1.6510954372710116 × 10^279 |
| 131 | ov_131 | 1.6510941732165946 × 10^279 |
| 132 | ov_132 | 1.426100829163617 × 10^279 |
| 133 | ov_133 | 1.2250239505838094 × 10^279 |
| 134 | ov_134 | 1.0460252505018067 × 10^279 |
| 135 | ov_135 | 8.873683309729326 × 10^278 |
| 136 | ov_136 | 7.474112027049039 × 10^278 |
| 137 | ov_137 | 6.245997712822653 × 10^278 |
| 138 | ov_138 | 5.1746222137488466 × 10^278 |
| 139 | ov_139 | 4.2460421757920136 × 10^278 |
| 140 | ov_140 | 3.44704839429241 × 10^278 |
| 141 | ov_141 | 2.7651317261067803 × 10^278 |
| 142 | ov_142 | 2.188454828080156 × 10^278 |
| 143 | ov_143 | 1.705829029362934 × 10^278 |
| 144 | ov_144 | 1.3066956877439478 × 10^278 |
| 145 | ov_145 | 9.81111422430635 × 10^277 |
| 146 | ov_146 | 7.197366576981101 × 10^277 |
| 147 | ov_147 | 5.138269536456166 × 10^277 |
| 148 | ov_148 | 3.552266420090856 × 10^277 |
| 149 | ov_149 | 2.363643266261842 × 10^277 |
| 150 | ov_150 | 1.502498497608802 × 10^277 |
| 151 | ov_151 | 9.047236708215672 × 10^276 |
| 152 | ov_152 | 5.119921566429314 × 10^276 |
| 153 | ov_153 | 2.7175300939614387 × 10^276 |
| 154 | ov_154 | 1.3722779430096504 × 10^276 |
| 155 | ov_155 | 6.740887098119856 × 10^275 |
| 156 | aaa_76_25 | 2.7058457050251128 × 10^275 |
| 157 | aaa_76_26 | 1.665099046332912 × 10^275 |
| 158 | aaa_76_27 | 9.12799868126958 × 10^274 |
| 159 | aaa_76_28 | 4.300573941153523 × 10^274 |
| 160 | aaa_76_29 | 1.618839833544522 × 10^274 |

### Output Bits Sorted by Complexity

| Rank | Output Bit | Complexity |
|:----:|:----------:|:----------:|
| 160 | aaa_76_29 | 1.618839833544522 × 10^274 |
| 159 | aaa_76_28 | 4.300573941153523 × 10^274 |
| 158 | aaa_76_27 | 9.12799868126958 × 10^274 |
| 157 | aaa_76_26 | 1.665099046332912 × 10^275 |
| 156 | aaa_76_25 | 2.7058457050251128 × 10^275 |
| 155 | ov_155 | 6.740887098119856 × 10^275 |
| 154 | ov_154 | 1.3722779430096504 × 10^276 |
| 153 | ov_153 | 2.7175300939614387 × 10^276 |
| 152 | ov_152 | 5.119921566429314 × 10^276 |
| 151 | ov_151 | 9.047236708215672 × 10^276 |
| 150 | ov_150 | 1.502498497608802 × 10^277 |
| 149 | ov_149 | 2.363643266261842 × 10^277 |
| 148 | ov_148 | 3.552266420090856 × 10^277 |
| 147 | ov_147 | 5.138269536456166 × 10^277 |
| 146 | ov_146 | 7.197366576981101 × 10^277 |
| 145 | ov_145 | 9.81111422430635 × 10^277 |
| 144 | ov_144 | 1.3066956877439478 × 10^278 |
| 143 | ov_143 | 1.705829029362934 × 10^278 |
| 142 | ov_142 | 2.188454828080156 × 10^278 |
| 141 | ov_141 | 2.7651317261067803 × 10^278 |
| 140 | ov_140 | 3.44704839429241 × 10^278 |
| 139 | ov_139 | 4.2460421757920136 × 10^278 |
| 138 | ov_138 | 5.1746222137488466 × 10^278 |
| 137 | ov_137 | 6.245997712822653 × 10^278 |
| 136 | ov_136 | 7.474112027049039 × 10^278 |
| 135 | ov_135 | 8.873683309729326 × 10^278 |
| 134 | ov_134 | 1.0460252505018067 × 10^279 |
| 133 | ov_133 | 1.2250239505838094 × 10^279 |
| 132 | ov_132 | 1.426100829163617 × 10^279 |
| 131 | ov_131 | 1.6510941732165946 × 10^279 |
| 130 | ov_130 | 1.6510954372710116 × 10^279 |
| 129 | ov_129 | 1.651099374045245 × 10^279 |
| 128 | aaa_77_29 | 1.812026067526771 × 10^279 |
| 127 | aaa_77_28 | 4.838095873461494 × 10^279 |
| 126 | ov_126 | 1.516102227021802 × 10^280 |
| 125 | ov_125 | 3.4078604741945037 × 10^280 |
| 124 | ov_124 | 6.492566865550105 × 10^280 |
| 123 | ov_123 | 1.1103706471462715 × 10^281 |
| 122 | ov_122 | 1.7574772296321817 × 10^281 |
| 121 | ov_121 | 2.623927669654911 × 10^281 |
| 120 | ov_120 | 3.743077124340182 × 10^281 |
| 119 | ov_119 | 5.148287700854976 × 10^281 |
| 118 | ov_118 | 6.872932620034833 × 10^281 |
| 117 | ov_117 | 8.950402863200255 × 10^281 |
| 116 | ov_116 | 1.1414120866719258 × 10^282 |
| 115 | ov_115 | 1.4297566982777722 × 10^282 |
| 114 | ov_114 | 1.7634322343551628 × 10^282 |
| 113 | ov_113 | 2.1458130437196533 × 10^282 |
| 112 | ov_112 | 2.5802979704825778 × 10^282 |
| 111 | ov_111 | 3.070320946906782 × 10^282 |
| 110 | ov_110 | 3.619364150746837 × 10^282 |
| 109 | ov_109 | 4.230973958880543 × 10^282 |
| 108 | ov_108 | 4.90877992984015 × 10^282 |
| 107 | ov_107 | 5.656517049100916 × 10^282 |
| 106 | ov_106 | 6.478051472824423 × 10^282 |
| 105 | ov_105 | 7.377410008338097 × 10^282 |
| 104 | ov_104 | 8.358813573142292 × 10^282 |
| 103 | ov_103 | 9.426714878876513 × 10^282 |
| 102 | ov_102 | 1.05858405926452 × 10^283 |
| 101 | ov_101 | 1.1841238235621898 × 10^283 |
| 100 | ov_100 | 1.3198328088166714 × 10^283 |
| 96 | aaa_78_29 | 1.345843406799961 × 10^283 |
| 99 | ov_099 | 1.4662960382065988 × 10^283 |
| 98 | ov_098 | 1.466310033919424 × 10^283 |
| 97 | ov_097 | 1.4663538910370317 × 10^283 |
| 95 | aaa_78_28 | 3.551752817106154 × 10^283 |
| 94 | ov_094 | 1.1042394862623103 × 10^284 |
| 93 | ov_093 | 2.4633555434461027 × 10^284 |
| 92 | ov_092 | 4.663339897833161 × 10^284 |
| 91 | ov_091 | 7.935037296362365 × 10^284 |
| 90 | ov_090 | 1.3581094555065136 × 10^285 |
| 89 | ov_089 | 2.4437957220788225 × 10^285 |
| 88 | ov_088 | 4.380481874317024 × 10^285 |
| 87 | ov_087 | 7.544485470019444 × 10^285 |
| 86 | ov_086 | 1.235872803439322 × 10^286 |
| 85 | ov_085 | 1.9293049604404827 × 10^286 |
| 84 | ov_084 | 2.886465874663315 × 10^286 |
| 83 | ov_083 | 4.163874473405001 × 10^286 |
| 82 | ov_082 | 5.822927857014742 × 10^286 |
| 81 | ov_081 | 7.930002955386179 × 10^286 |
| 80 | ov_080 | 1.055658240867989 × 10^287 |
| 64 | lv_79_k31 | 1.1462804747828827 × 10^287 |
| 79 | ov_079 | 1.3779407343723573 × 10^287 |
| 78 | ov_078 | 1.7680659719751725 × 10^287 |
| 77 | ov_077 | 2.2348176921061102 × 10^287 |
| 76 | ov_076 | 2.787570128090609 × 10^287 |
| 75 | ov_075 | 3.4363167231930807 × 10^287 |
| 74 | ov_074 | 4.191702879522175 × 10^287 |
| 63 | ov_063 | 4.741674254676236 × 10^287 |
| 73 | ov_073 | 5.065063014444106 × 10^287 |
| 72 | ov_072 | 6.068462201542463 × 10^287 |
| 71 | ov_071 | 7.214742677724772 × 10^287 |
| 70 | ov_070 | 8.517575504040215 × 10^287 |
| 69 | ov_069 | 9.991517675391295 × 10^287 |
| 68 | ov_068 | 1.1652074983865308 × 10^288 |
| 67 | ov_067 | 1.3507772629623366 × 10^288 |
| 66 | ov_066 | 1.350778330863641 × 10^288 |
| 65 | ov_065 | 1.3507816257919672 × 10^288 |
| 62 | ov_062 | 1.9607463438852585 × 10^288 |
| 61 | ov_061 | 5.932992423415084 × 10^288 |
| 60 | ov_060 | 1.441460874818707 × 10^289 |
| 59 | ov_059 | 2.996649477559613 × 10^289 |
| 58 | ov_058 | 5.533512523780083 × 10^289 |
| 57 | ov_057 | 9.326699610987799 × 10^289 |
| 56 | ov_056 | 1.4650866928401527 × 10^290 |
| 55 | ov_055 | 2.3311666861655907 × 10^290 |
| 54 | ov_054 | 3.919510849663947 × 10^290 |
| 53 | ov_053 | 6.673666626638805 × 10^290 |
| 52 | ov_052 | 1.1092142703336075 × 10^291 |
| 51 | ov_051 | 1.7728432441749584 × 10^291 |
| 50 | ov_050 | 2.719105370500842 × 10^291 |
| 49 | ov_049 | 4.014362102292872 × 10^291 |
| 48 | ov_048 | 5.730497357073697 × 10^291 |
| 47 | ov_047 | 7.944938721400113 × 10^291 |
| 46 | ov_046 | 1.0740690259480534 × 10^292 |
| 32 | lv_80_k31 | 1.1324921774124246 × 10^292 |
| 45 | ov_045 | 1.4163479414151814 × 10^292 |
| 44 | ov_044 | 1.8261898841074342 × 10^292 |
| 43 | ov_043 | 2.3087458121246966 × 10^292 |
| 42 | ov_042 | 2.869465078936199 × 10^292 |
| 41 | ov_041 | 3.519553286904317 × 10^292 |
| 40 | ov_040 | 4.270840412597711 × 10^292 |
| 31 | ov_031 | 4.685283196827984 × 10^292 |
| 39 | ov_039 | 5.135804363960551 × 10^292 |
| 38 | ov_038 | 6.127599647330381 × 10^292 |
| 37 | ov_037 | 7.260091824849436 × 10^292 |
| 36 | ov_036 | 8.547898489128418 × 10^292 |
| 35 | ov_035 | 1.0006437530488121 × 10^293 |
| 34 | ov_034 | 1.1651983523034676 × 10^293 |
| 33 | ov_033 | 1.3501733109552312 × 10^293 |
| 30 | ov_030 | 1.937780862653448 × 10^293 |
| 29 | ov_029 | 5.864744260477158 × 10^293 |
| 28 | ov_028 | 1.4253093989737398 × 10^294 |
| 27 | ov_027 | 2.964101119313984 × 10^294 |
| 26 | ov_026 | 6.17512253398373 × 10^294 |
| 25 | ov_025 | 1.3275238057503657 × 10^295 |
| 24 | ov_024 | 2.7025956452157267 × 10^295 |
| 23 | ov_023 | 5.073345604960338 × 10^295 |
| 22 | ov_022 | 8.824863915814392 × 10^295 |
| 21 | ov_021 | 1.4396723351690458 × 10^296 |
| 20 | ov_020 | 2.2282996149207477 × 10^296 |
| 19 | ov_019 | 3.3032279880477828 × 10^296 |
| 18 | ov_018 | 4.724773600763187 × 10^296 |
| 17 | ov_017 | 6.558715152105923 × 10^296 |
| 16 | ov_016 | 8.876304544691506 × 10^296 |
| 15 | ov_015 | 1.1754285197955297 × 10^297 |
| 14 | ov_014 | 1.5274921792202217 × 10^297 |
| 13 | ov_013 | 1.9526045651589578 × 10^297 |
| 12 | ov_012 | 2.4601120414259162 × 10^297 |
| 11 | ov_011 | 3.059933307841195 × 10^297 |
| 10 | ov_010 | 3.7625715954548336 × 10^297 |
| 9 | ov_009 | 4.579130549694682 × 10^297 |
| 8 | ov_008 | 5.521334400352193 × 10^297 |
| 7 | ov_007 | 6.601552930629143 × 10^297 |
| 6 | ov_006 | 7.832831662728047 × 10^297 |
| 5 | ov_005 | 9.228927660523303 × 10^297 |
| 4 | ov_004 | 1.0804351427981074 × 10^298 |
| 3 | ov_003 | 1.2574415572796552 × 10^298 |
| 2 | ov_002 | 1.4547427745232348 × 10^298 |
| 1 | ov_001 | 1.673217461621436 × 10^298 |

