# Results for F001-F002-F003-F004-F005-F006-F007-F008-F009-F010-F011-F012-F013-F014-F015-F016-F017-F018-F019-F020-F021-F022-F023-F024-F025-F026-F027-F028-F029-F030-F031-F032-F033-F034-F035-F036-F037-F038-F039-F040-F041-F042-F043-F044-F045-F046-F047-F048-F049-F050-F051-F052-F053-F054-F055-F056-F057-F058-F059-F060-F061-F062-F063-F064-F065-F066-F067-F068-F069-F070-F071-F072-F073-F074-F075-F076-F077-F078-F079-F080-F081-F082-F083-F084-F085-F086-F087-F088-F089-F090-F091-F092-F093-F094-F095-F096-F097-F098-F099-F100-F101-F102-F103-F104-F105-F106-F107-F108-F109-F110-F111-F112-F113-F114-F115-F116-F117-F118-F119-F120-F121-F122-F123-F124-F125-F126-F127-F128-F129-F130-F131-F132-F133-F134-F135-F136-F137-F138-F139-F140-F141-F142-F143-F144-F145-F146-F147-F148-F149-F150-F151-F152-F153-F154-F155-F156-F157-F158-F159-F160-F161-F162-F163-F164-F165-F166-F167-F168-F169-F170-F171-F172-F173-F174-F175-F176-F177-F178-F179-F180-F181-F182-F183-F184-F185-F186-F187-F188-F189-F190-F191-F192-F193-F194-F195-F196-F197-F198-F199-F200-F201-F202-F203-F204-F205-F206-F207-F208-F209-F210-F211-F212-F213-F214-F215-F216-F217-F218-F219-F220-F221-F222-F223-F224-F225-F226-F227-F228-F229-F230-F231-F232-F233-F234-F235-F236-F237-F238-F239-F240-F241-F242-F243-F244-F245-F246-F247-F248-F249-F250-F251-F252-F253-F254-F255-F256-F257-F258-F259-F260-F261-F262-F263-F264-F265-F266-F267-F268-F269-F270-F271-F272-F273-F274-F275-F276-F277-F278-F279-F280-F281-F282-F283-F284-F285-F286-F287-F288-F289-F290-F291-F292-F293-F294-F295-F296-F297-F298-F299-F300-F301-F302-F303-F304-F305-F306-F307-F308-F309-F310-F311-F312-F313-F314-F315-F316-F317-F318-F319-F320-F321-F322-F323-F324-F325-F326-F327-F328-F329-F330-F331-F332-F333-F334-F335-F336-F337-F338-F339-F340-F341-F342-F343-F344-F345-F346-F347-F348-F349-F350-F351-F352-F353-F354-F355-F356-F357-F358-F359-F360-F361-F362-F363-F364-F365-F366-F367-F368-F369-F370-F371-F372-F373-F374-F375-F376-F377-F378-F379-F380-F381-F382-F383-F384-F385-F386-F387-F388-F389-F390-F391-F392-F393-F394-F395-F396-F397-F398-F399-F400-F401-F402-F403-F404-F405-F406-F407-F408-F409-F410-F411-F412-F413-F414-F415-F416-F417-F418-F419-F420-F421-F422-F423-F424-F425-F426-F427-F428-F429-F430-F431-F432-F433-F434-F435-F436-F437-F438-F439-F440-F441-F442-F443-F444-F445-F446-F447-F448-F449-F450-F451-F452-F453-F454-F455-F456-F457-F458-F459-F460-F461-F462-F463-F464-F465-F466-F467-F468-F469-F470-F471-F472-F473-F474-F475-F476-F477-F478-F479-F480-F481-F482-F483-F484-F485-F486-F487-F488-F489-F490-F491-F492-F493-F494-F495-F496-O500505-O500507-F509-F510-F511-F512

## Summary

Number of input bits: 512  
Number of free input bits: 10  
Number of output bits: 160

Number of direct occurrences: 40238  
Number of assignments: 31091  
Number of operations: 10929598
(xor: 10901584,
and: 14722,
or: 13292)

Total complexity: 6.053948609171107 × 10^298

Least occurring input variable: iv_502 (3866)  
Most occurring input variable: iv_500 (4367)

Most co-occurring input variables: iv_500-iv_508 (2019)  
Least co-occurring input variables: iv_498-iv_502 (1752)

Potentially most occurring input variable: iv_498/iv_500 (4562)  
Potentially least occurring input variable: iv_498/iv_506 (4106)

Least output occurring input variable: iv_503 (75)  
Most output occurring input variable: iv_500 (90)

Most output co-occurring input variables: iv_497-iv_506 (52)  
Least output co-occurring input variables: iv_503-iv_504 (33)

Potentially most output occurring input variable: iv_500/iv_504 (93)  
Potentially least output occurring input variable: iv_499/iv_506 (66)

Least complex input bit: iv_497 (2.1485950391098468 × 10^296)  
Most complex input bit: iv_500 (2.3063802141404493 × 10^298)

Least complex output bit: aaa_76_29 (4.502261314145615 × 10^273)  
Most complex output bit: ov_001 (9.683840828592233 × 10^297)

Least complex input/output complexity: iv_497/aaa_76_29 (1.597888741522356 × 10^271)  
Most complex input/output complexity: iv_500/ov_001 (3.689264697443233 × 10^297)

## Input Bits

### Input Bits in Regular Order

| Input Bit | Complexity | Occurrences | Output Occurrences |
|:---------:|:----------:|:-----------:|:------------------:|
| iv_497 | 2.1485950391098468 × 10^296 | 4109 | 87 |
| iv_498 | 4.299678740474674 × 10^296 | 3891 | 85 |
| iv_499 | 7.59242546894566 × 10^296 | 3911 | 81 |
| iv_500 | 2.3063802141404493 × 10^298 | 4367 | 90 |
| iv_501 | 2.1037237847745575 × 10^297 | 4048 | 83 |
| iv_502 | 3.391404061608214 × 10^297 | 3866 | 88 |
| iv_503 | 5.37117338402879 × 10^297 | 4021 | 75 |
| iv_504 | 8.341980507574182 × 10^297 | 3900 | 81 |
| iv_506 | 6.365872707343724 × 10^297 | 3957 | 89 |
| iv_508 | 1.0497459580124212 × 10^298 | 4168 | 81 |

### Input Bits Sorted by Complexity

| Input Bit | Complexity | Occurrences | Output Occurrences |
|:---------:|:----------:|:-----------:|:------------------:|
| iv_497 | 2.1485950391098468 × 10^296 | 4109 | 87 |
| iv_498 | 4.299678740474674 × 10^296 | 3891 | 85 |
| iv_499 | 7.59242546894566 × 10^296 | 3911 | 81 |
| iv_501 | 2.1037237847745575 × 10^297 | 4048 | 83 |
| iv_502 | 3.391404061608214 × 10^297 | 3866 | 88 |
| iv_503 | 5.37117338402879 × 10^297 | 4021 | 75 |
| iv_506 | 6.365872707343724 × 10^297 | 3957 | 89 |
| iv_504 | 8.341980507574182 × 10^297 | 3900 | 81 |
| iv_508 | 1.0497459580124212 × 10^298 | 4168 | 81 |
| iv_500 | 2.3063802141404493 × 10^298 | 4367 | 90 |

### Input Bits Sorted by Occurrences

| Input Bit | Complexity | Occurrences | Output Occurrences |
|:---------:|:----------:|:-----------:|:------------------:|
| iv_502 | 3.391404061608214 × 10^297 | 3866 | 88 |
| iv_498 | 4.299678740474674 × 10^296 | 3891 | 85 |
| iv_504 | 8.341980507574182 × 10^297 | 3900 | 81 |
| iv_499 | 7.59242546894566 × 10^296 | 3911 | 81 |
| iv_506 | 6.365872707343724 × 10^297 | 3957 | 89 |
| iv_503 | 5.37117338402879 × 10^297 | 4021 | 75 |
| iv_501 | 2.1037237847745575 × 10^297 | 4048 | 83 |
| iv_497 | 2.1485950391098468 × 10^296 | 4109 | 87 |
| iv_508 | 1.0497459580124212 × 10^298 | 4168 | 81 |
| iv_500 | 2.3063802141404493 × 10^298 | 4367 | 90 |

### Input Bits Sorted by Output Occurrences

| Input Bit | Complexity | Occurrences | Output Occurrences |
|:---------:|:----------:|:-----------:|:------------------:|
| iv_503 | 5.37117338402879 × 10^297 | 4021 | 75 |
| iv_504 | 8.341980507574182 × 10^297 | 3900 | 81 |
| iv_499 | 7.59242546894566 × 10^296 | 3911 | 81 |
| iv_508 | 1.0497459580124212 × 10^298 | 4168 | 81 |
| iv_501 | 2.1037237847745575 × 10^297 | 4048 | 83 |
| iv_498 | 4.299678740474674 × 10^296 | 3891 | 85 |
| iv_497 | 2.1485950391098468 × 10^296 | 4109 | 87 |
| iv_502 | 3.391404061608214 × 10^297 | 3866 | 88 |
| iv_506 | 6.365872707343724 × 10^297 | 3957 | 89 |
| iv_500 | 2.3063802141404493 × 10^298 | 4367 | 90 |

## Input Bit Co-occurrences

### Input Bit Co-occurrences Sorted by Co-occurrences

| Input Bits | Co-occurrences | Potential Occurrences | Output Co-occurrences | Potential Output Occurrences |
|:----------:|:--------------:|:---------------------:|:---------------------:|:----------------------------:|
| iv_500-iv_508 | 2019 | 4497 | 45 | 81 |
| iv_497-iv_500 | 2017 | 4442 | 50 | 77 |
| iv_497-iv_501 | 2005 | 4147 | 45 | 80 |
| iv_500-iv_501 | 1980 | 4455 | 49 | 75 |
| iv_497-iv_508 | 1953 | 4371 | 45 | 78 |
| iv_497-iv_506 | 1952 | 4162 | 52 | 72 |
| iv_497-iv_503 | 1948 | 4234 | 39 | 84 |
| iv_500-iv_503 | 1946 | 4496 | 41 | 83 |
| iv_499-iv_500 | 1943 | 4392 | 48 | 75 |
| iv_499-iv_508 | 1943 | 4193 | 43 | 76 |

### Input Bit Co-occurrences Sorted by Potential Occurrences

| Input Bits | Co-occurrences | Potential Occurrences | Output Co-occurrences | Potential Output Occurrences |
|:----------:|:--------------:|:---------------------:|:---------------------:|:----------------------------:|
| iv_498-iv_506 | 1871 | 4106 | 45 | 84 |
| iv_504-iv_506 | 1874 | 4109 | 47 | 76 |
| iv_499-iv_504 | 1839 | 4133 | 36 | 90 |
| iv_499-iv_501 | 1906 | 4147 | 44 | 76 |
| iv_497-iv_501 | 2005 | 4147 | 45 | 80 |
| iv_498-iv_504 | 1818 | 4155 | 42 | 82 |
| iv_497-iv_506 | 1952 | 4162 | 52 | 72 |
| iv_497-iv_504 | 1919 | 4171 | 51 | 66 |
| iv_501-iv_502 | 1870 | 4174 | 47 | 77 |
| iv_502-iv_504 | 1793 | 4180 | 47 | 75 |

### Input Bit Output Co-occurrences Sorted by Output Co-occurrences

| Input Bits | Co-occurrences | Potential Occurrences | Output Co-occurrences | Potential Output Occurrences |
|:----------:|:--------------:|:---------------------:|:---------------------:|:----------------------------:|
| iv_499-iv_506 | 1799 | 4270 | 52 | 66 |
| iv_497-iv_502 | 1895 | 4185 | 52 | 71 |
| iv_497-iv_506 | 1952 | 4162 | 52 | 72 |
| iv_500-iv_506 | 1936 | 4452 | 51 | 77 |
| iv_497-iv_504 | 1919 | 4171 | 51 | 66 |
| iv_497-iv_500 | 2017 | 4442 | 50 | 77 |
| iv_500-iv_501 | 1980 | 4455 | 49 | 75 |
| iv_502-iv_506 | 1814 | 4195 | 49 | 79 |
| iv_498-iv_500 | 1848 | 4562 | 48 | 79 |
| iv_499-iv_500 | 1943 | 4392 | 48 | 75 |

### Input Bit Output Co-occurrences Sorted by Potential Output Occurrences

| Input Bits | Co-occurrences | Potential Occurrences | Output Co-occurrences | Potential Output Occurrences |
|:----------:|:--------------:|:---------------------:|:---------------------:|:----------------------------:|
| iv_499-iv_506 | 1799 | 4270 | 52 | 66 |
| iv_497-iv_504 | 1919 | 4171 | 51 | 66 |
| iv_497-iv_502 | 1895 | 4185 | 52 | 71 |
| iv_497-iv_506 | 1952 | 4162 | 52 | 72 |
| iv_498-iv_501 | 1845 | 4249 | 47 | 74 |
| iv_502-iv_504 | 1793 | 4180 | 47 | 75 |
| iv_499-iv_500 | 1943 | 4392 | 48 | 75 |
| iv_500-iv_501 | 1980 | 4455 | 49 | 75 |
| iv_498-iv_499 | 1799 | 4204 | 45 | 76 |
| iv_499-iv_501 | 1906 | 4147 | 44 | 76 |

## Output Bits

### Output Bits in Regular Order

| Rank | Output Bit | Complexity |
|:----:|:----------:|:----------:|
| 1 | ov_001 | 9.683840828592233 × 10^297 |
| 2 | ov_002 | 8.398061428057644 × 10^297 |
| 3 | ov_003 | 7.246244712123493 × 10^297 |
| 4 | ov_004 | 6.218239706958323 × 10^297 |
| 5 | ov_005 | 5.30444896150124 × 10^297 |
| 6 | ov_006 | 4.495789080865437 × 10^297 |
| 7 | ov_007 | 3.783656354021223 × 10^297 |
| 8 | ov_008 | 3.1598971448391715 × 10^297 |
| 9 | ov_009 | 2.616782678019388 × 10^297 |
| 10 | ov_010 | 2.1469877838396995 × 10^297 |
| 11 | ov_011 | 1.7435731606321804 × 10^297 |
| 12 | ov_012 | 1.3999707390777841 × 10^297 |
| 13 | ov_013 | 1.1099717571153115 × 10^297 |
| 14 | ov_014 | 8.677171786039902 × 10^296 |
| 15 | ov_015 | 6.676901129493133 × 10^296 |
| 16 | ov_016 | 5.047099167721467 × 10^296 |
| 17 | ov_017 | 3.739276824278616 × 10^296 |
| 18 | ov_018 | 2.7082284180750825 × 10^296 |
| 19 | ov_019 | 1.9120063740763952 × 10^296 |
| 20 | ov_020 | 1.311902472598783 × 10^296 |
| 21 | ov_021 | 8.72434056152472 × 10^295 |
| 22 | ov_022 | 5.613341216758546 × 10^295 |
| 23 | ov_023 | 3.4954446887854565 × 10^295 |
| 24 | ov_024 | 2.1121119260626363 × 10^295 |
| 25 | ov_025 | 1.2368192431394463 × 10^295 |
| 26 | ov_026 | 6.750432080583448 × 10^294 |
| 27 | ov_027 | 3.3752091263325164 × 10^294 |
| 28 | ov_028 | 1.5098497521677508 × 10^294 |
| 29 | ov_029 | 5.816282549903077 × 10^293 |
| 30 | ov_030 | 1.77765169770124 × 10^293 |
| 31 | ov_031 | 3.4664154235768675 × 10^292 |
| 32 | lv_80_m31 | 6.758362603748309 × 10^291 |
| 33 | ov_033 | 8.098459461279792 × 10^292 |
| 34 | ov_034 | 7.022185707879961 × 10^292 |
| 35 | ov_035 | 6.059376770809226 × 10^292 |
| 36 | ov_036 | 5.200803017123554 × 10^292 |
| 37 | ov_037 | 4.4377326352110053 × 10^292 |
| 38 | ov_038 | 3.7618963747923065 × 10^292 |
| 39 | ov_039 | 3.1654570793729734 × 10^292 |
| 40 | ov_040 | 2.6409835555502306 × 10^292 |
| 41 | ov_041 | 2.1814283470879916 × 10^292 |
| 42 | ov_042 | 1.783361112827851 × 10^292 |
| 43 | ov_043 | 1.4435297446377668 × 10^292 |
| 44 | ov_044 | 1.1559376891370752 × 10^292 |
| 45 | ov_045 | 9.149144295148835 × 10^291 |
| 46 | ov_046 | 7.151070940318622 × 10^291 |
| 47 | ov_047 | 5.5147384704932564 × 10^291 |
| 48 | ov_048 | 4.192787844197897 × 10^291 |
| 49 | ov_049 | 3.140880761042899 × 10^291 |
| 50 | ov_050 | 2.317671197830338 × 10^291 |
| 51 | ov_051 | 1.684784900267474 × 10^291 |
| 52 | ov_052 | 1.2068048832190211 × 10^291 |
| 53 | ov_053 | 8.512612821355052 × 10^290 |
| 54 | ov_054 | 5.8862434073693204 × 10^290 |
| 55 | ov_055 | 3.922997236256232 × 10^290 |
| 56 | ov_056 | 2.4972365695993918 × 10^290 |
| 57 | ov_057 | 1.4979802515732722 × 10^290 |
| 58 | ov_058 | 8.2889728425311875 × 10^289 |
| 59 | ov_059 | 4.0830349729478673 × 10^289 |
| 60 | ov_060 | 1.6916004138027777 × 10^289 |
| 61 | ov_061 | 5.907284667942603 × 10^288 |
| 62 | ov_062 | 1.620016160706987 × 10^288 |
| 63 | ov_063 | 3.1564757657178584 × 10^287 |
| 64 | lv_79_m31 | 6.148684050677243 × 10^286 |
| 65 | ov_065 | 7.288432296491524 × 10^287 |
| 66 | ov_066 | 7.288413670938357 × 10^287 |
| 67 | ov_067 | 7.288409281360778 × 10^287 |
| 68 | ov_068 | 6.3009047181239726 × 10^287 |
| 69 | ov_069 | 5.417943591208594 × 10^287 |
| 70 | ov_070 | 4.631693630983954 × 10^287 |
| 71 | ov_071 | 3.9346914862444415 × 10^287 |
| 72 | ov_072 | 3.31982308093057 × 10^287 |
| 73 | ov_073 | 2.7803083394872734 × 10^287 |
| 74 | ov_074 | 2.309689219387559 × 10^287 |
| 75 | ov_075 | 1.9018200452031755 × 10^287 |
| 76 | ov_076 | 1.5508592953413208 × 10^287 |
| 77 | ov_077 | 1.2512623474464948 × 10^287 |
| 78 | ov_078 | 9.977750236808774 × 10^286 |
| 79 | ov_079 | 7.854278871932395 × 10^286 |
| 80 | ov_080 | 6.095312417404415 × 10^286 |
| 81 | ov_081 | 4.656707869143213 × 10^286 |
| 82 | ov_082 | 3.497038817847072 × 10^286 |
| 83 | ov_083 | 2.5775637002717177 × 10^286 |
| 84 | ov_084 | 1.8621991978799721 × 10^286 |
| 85 | ov_085 | 1.3174983166825535 × 10^286 |
| 86 | ov_086 | 9.126326829783145 × 10^285 |
| 87 | ov_087 | 6.193785902889106 × 10^285 |
| 88 | ov_088 | 4.121063331497136 × 10^285 |
| 89 | ov_089 | 2.677723636325116 × 10^285 |
| 90 | ov_090 | 1.659138065890476 × 10^285 |
| 91 | ov_091 | 9.694383996650722 × 10^284 |
| 92 | ov_092 | 5.2563493457246406 × 10^284 |
| 93 | ov_093 | 2.576087252835255 × 10^284 |
| 94 | ov_094 | 1.0810776758546808 × 10^284 |
| 95 | aaa_78_28 | 3.27454385880123 × 10^283 |
| 96 | aaa_78_29 | 9.756550117923699 × 10^282 |
| 97 | ov_097 | 5.297832905486832 × 10^282 |
| 98 | ov_098 | 5.2977559217337486 × 10^282 |
| 99 | ov_099 | 5.297731302741439 × 10^282 |
| 100 | ov_100 | 4.32670959253168 × 10^282 |
| 101 | ov_101 | 3.5159916483168976 × 10^282 |
| 102 | ov_102 | 2.846708931305668 × 10^282 |
| 103 | ov_103 | 2.301026888585302 × 10^282 |
| 104 | ov_104 | 1.8620691306299663 × 10^282 |
| 105 | ov_105 | 1.5138515934389913 × 10^282 |
| 106 | ov_106 | 1.2412257666051016 × 10^282 |
| 107 | ov_107 | 1.0298301154372059 × 10^282 |
| 108 | ov_108 | 8.660488704953007 × 10^281 |
| 109 | ov_109 | 7.369774018693533 × 10^281 |
| 110 | ov_110 | 6.303934385337449 × 10^281 |
| 111 | ov_111 | 5.347334353743212 × 10^281 |
| 112 | ov_112 | 4.493730707464136 × 10^281 |
| 113 | ov_113 | 3.736999818355677 × 10^281 |
| 114 | ov_114 | 3.0711099246958497 × 10^281 |
| 115 | ov_115 | 2.4900983236146034 × 10^281 |
| 116 | ov_116 | 1.988053069985784 × 10^281 |
| 117 | ov_117 | 1.5590987743199772 × 10^281 |
| 118 | ov_118 | 1.1973860924615873 × 10^281 |
| 119 | ov_119 | 8.970841657748868 × 10^280 |
| 120 | ov_120 | 6.523749871700077 × 10^280 |
| 121 | ov_121 | 4.574491043883827 × 10^280 |
| 122 | ov_122 | 3.065024571505688 × 10^280 |
| 123 | ov_123 | 1.937341447831379 × 10^280 |
| 124 | ov_124 | 1.1334492094417307 × 10^280 |
| 125 | ov_125 | 5.953626151637867 × 10^279 |
| 126 | ov_126 | 2.650988937909286 × 10^279 |
| 127 | aaa_77_28 | 8.467592091383755 × 10^278 |
| 128 | aaa_77_29 | 3.175977015366108 × 10^278 |
| 129 | ov_129 | 2.916180054627327 × 10^278 |
| 130 | ov_130 | 2.9161712931610705 × 10^278 |
| 131 | ov_131 | 2.9161691770997188 × 10^278 |
| 132 | ov_132 | 2.5273393943463318 × 10^278 |
| 133 | ov_133 | 2.1787215494225982 × 10^278 |
| 134 | ov_134 | 1.867172496038096 × 10^278 |
| 135 | ov_135 | 1.5897148114348357 × 10^278 |
| 136 | ov_136 | 1.3435248883301773 × 10^278 |
| 137 | ov_137 | 1.1272280013469085 × 10^278 |
| 138 | ov_138 | 9.38279161239775 × 10^277 |
| 139 | ov_139 | 7.742611238362154 × 10^277 |
| 140 | ov_140 | 6.3287838371737155 × 10^277 |
| 141 | ov_141 | 5.119522633198556 × 10^277 |
| 142 | ov_142 | 4.094169615891026 × 10^277 |
| 143 | ov_143 | 3.233164341956083 × 10^277 |
| 144 | ov_144 | 2.518019851493927 × 10^277 |
| 145 | ov_145 | 1.9313045743541526 × 10^277 |
| 146 | ov_146 | 1.456629180565048 × 10^277 |
| 147 | ov_147 | 1.078637406184165 × 10^277 |
| 148 | ov_148 | 7.829999632835915 × 10^276 |
| 149 | ov_149 | 5.56410720065458 × 10^276 |
| 150 | ov_150 | 3.8658441432149104 × 10^276 |
| 151 | ov_151 | 2.6225527220621745 × 10^276 |
| 152 | ov_152 | 1.7317609813050695 × 10^276 |
| 153 | ov_153 | 1.1011762965254366 × 10^276 |
| 154 | ov_154 | 6.48680872227959 × 10^275 |
| 155 | ov_155 | 3.357590525119168 × 10^275 |
| 156 | aaa_76_25 | 1.2898061174087025 × 10^275 |
| 157 | aaa_76_26 | 7.444384300115385 × 10^274 |
| 158 | aaa_76_27 | 3.8083832080901255 × 10^274 |
| 159 | aaa_76_28 | 1.481630399865638 × 10^274 |
| 160 | aaa_76_29 | 4.502261314145615 × 10^273 |

### Output Bits Sorted by Complexity

| Rank | Output Bit | Complexity |
|:----:|:----------:|:----------:|
| 160 | aaa_76_29 | 4.502261314145615 × 10^273 |
| 159 | aaa_76_28 | 1.481630399865638 × 10^274 |
| 158 | aaa_76_27 | 3.8083832080901255 × 10^274 |
| 157 | aaa_76_26 | 7.444384300115385 × 10^274 |
| 156 | aaa_76_25 | 1.2898061174087025 × 10^275 |
| 155 | ov_155 | 3.357590525119168 × 10^275 |
| 154 | ov_154 | 6.48680872227959 × 10^275 |
| 153 | ov_153 | 1.1011762965254366 × 10^276 |
| 152 | ov_152 | 1.7317609813050695 × 10^276 |
| 151 | ov_151 | 2.6225527220621745 × 10^276 |
| 150 | ov_150 | 3.8658441432149104 × 10^276 |
| 149 | ov_149 | 5.56410720065458 × 10^276 |
| 148 | ov_148 | 7.829999632835915 × 10^276 |
| 147 | ov_147 | 1.078637406184165 × 10^277 |
| 146 | ov_146 | 1.456629180565048 × 10^277 |
| 145 | ov_145 | 1.9313045743541526 × 10^277 |
| 144 | ov_144 | 2.518019851493927 × 10^277 |
| 143 | ov_143 | 3.233164341956083 × 10^277 |
| 142 | ov_142 | 4.094169615891026 × 10^277 |
| 141 | ov_141 | 5.119522633198556 × 10^277 |
| 140 | ov_140 | 6.3287838371737155 × 10^277 |
| 139 | ov_139 | 7.742611238362154 × 10^277 |
| 138 | ov_138 | 9.38279161239775 × 10^277 |
| 137 | ov_137 | 1.1272280013469085 × 10^278 |
| 136 | ov_136 | 1.3435248883301773 × 10^278 |
| 135 | ov_135 | 1.5897148114348357 × 10^278 |
| 134 | ov_134 | 1.867172496038096 × 10^278 |
| 133 | ov_133 | 2.1787215494225982 × 10^278 |
| 132 | ov_132 | 2.5273393943463318 × 10^278 |
| 131 | ov_131 | 2.9161691770997188 × 10^278 |
| 130 | ov_130 | 2.9161712931610705 × 10^278 |
| 129 | ov_129 | 2.916180054627327 × 10^278 |
| 128 | aaa_77_29 | 3.175977015366108 × 10^278 |
| 127 | aaa_77_28 | 8.467592091383755 × 10^278 |
| 126 | ov_126 | 2.650988937909286 × 10^279 |
| 125 | ov_125 | 5.953626151637867 × 10^279 |
| 124 | ov_124 | 1.1334492094417307 × 10^280 |
| 123 | ov_123 | 1.937341447831379 × 10^280 |
| 122 | ov_122 | 3.065024571505688 × 10^280 |
| 121 | ov_121 | 4.574491043883827 × 10^280 |
| 120 | ov_120 | 6.523749871700077 × 10^280 |
| 119 | ov_119 | 8.970841657748868 × 10^280 |
| 118 | ov_118 | 1.1973860924615873 × 10^281 |
| 117 | ov_117 | 1.5590987743199772 × 10^281 |
| 116 | ov_116 | 1.988053069985784 × 10^281 |
| 115 | ov_115 | 2.4900983236146034 × 10^281 |
| 114 | ov_114 | 3.0711099246958497 × 10^281 |
| 113 | ov_113 | 3.736999818355677 × 10^281 |
| 112 | ov_112 | 4.493730707464136 × 10^281 |
| 111 | ov_111 | 5.347334353743212 × 10^281 |
| 110 | ov_110 | 6.303934385337449 × 10^281 |
| 109 | ov_109 | 7.369774018693533 × 10^281 |
| 108 | ov_108 | 8.660488704953007 × 10^281 |
| 107 | ov_107 | 1.0298301154372059 × 10^282 |
| 106 | ov_106 | 1.2412257666051016 × 10^282 |
| 105 | ov_105 | 1.5138515934389913 × 10^282 |
| 104 | ov_104 | 1.8620691306299663 × 10^282 |
| 103 | ov_103 | 2.301026888585302 × 10^282 |
| 102 | ov_102 | 2.846708931305668 × 10^282 |
| 101 | ov_101 | 3.5159916483168976 × 10^282 |
| 100 | ov_100 | 4.32670959253168 × 10^282 |
| 99 | ov_099 | 5.297731302741439 × 10^282 |
| 98 | ov_098 | 5.2977559217337486 × 10^282 |
| 97 | ov_097 | 5.297832905486832 × 10^282 |
| 96 | aaa_78_29 | 9.756550117923699 × 10^282 |
| 95 | aaa_78_28 | 3.27454385880123 × 10^283 |
| 94 | ov_094 | 1.0810776758546808 × 10^284 |
| 93 | ov_093 | 2.576087252835255 × 10^284 |
| 92 | ov_092 | 5.2563493457246406 × 10^284 |
| 91 | ov_091 | 9.694383996650722 × 10^284 |
| 90 | ov_090 | 1.659138065890476 × 10^285 |
| 89 | ov_089 | 2.677723636325116 × 10^285 |
| 88 | ov_088 | 4.121063331497136 × 10^285 |
| 87 | ov_087 | 6.193785902889106 × 10^285 |
| 86 | ov_086 | 9.126326829783145 × 10^285 |
| 85 | ov_085 | 1.3174983166825535 × 10^286 |
| 84 | ov_084 | 1.8621991978799721 × 10^286 |
| 83 | ov_083 | 2.5775637002717177 × 10^286 |
| 82 | ov_082 | 3.497038817847072 × 10^286 |
| 81 | ov_081 | 4.656707869143213 × 10^286 |
| 80 | ov_080 | 6.095312417404415 × 10^286 |
| 64 | lv_79_m31 | 6.148684050677243 × 10^286 |
| 79 | ov_079 | 7.854278871932395 × 10^286 |
| 78 | ov_078 | 9.977750236808774 × 10^286 |
| 77 | ov_077 | 1.2512623474464948 × 10^287 |
| 76 | ov_076 | 1.5508592953413208 × 10^287 |
| 75 | ov_075 | 1.9018200452031755 × 10^287 |
| 74 | ov_074 | 2.309689219387559 × 10^287 |
| 73 | ov_073 | 2.7803083394872734 × 10^287 |
| 63 | ov_063 | 3.1564757657178584 × 10^287 |
| 72 | ov_072 | 3.31982308093057 × 10^287 |
| 71 | ov_071 | 3.9346914862444415 × 10^287 |
| 70 | ov_070 | 4.631693630983954 × 10^287 |
| 69 | ov_069 | 5.417943591208594 × 10^287 |
| 68 | ov_068 | 6.3009047181239726 × 10^287 |
| 67 | ov_067 | 7.288409281360778 × 10^287 |
| 66 | ov_066 | 7.288413670938357 × 10^287 |
| 65 | ov_065 | 7.288432296491524 × 10^287 |
| 62 | ov_062 | 1.620016160706987 × 10^288 |
| 61 | ov_061 | 5.907284667942603 × 10^288 |
| 60 | ov_060 | 1.6916004138027777 × 10^289 |
| 59 | ov_059 | 4.0830349729478673 × 10^289 |
| 58 | ov_058 | 8.2889728425311875 × 10^289 |
| 57 | ov_057 | 1.4979802515732722 × 10^290 |
| 56 | ov_056 | 2.4972365695993918 × 10^290 |
| 55 | ov_055 | 3.922997236256232 × 10^290 |
| 54 | ov_054 | 5.8862434073693204 × 10^290 |
| 53 | ov_053 | 8.512612821355052 × 10^290 |
| 52 | ov_052 | 1.2068048832190211 × 10^291 |
| 51 | ov_051 | 1.684784900267474 × 10^291 |
| 50 | ov_050 | 2.317671197830338 × 10^291 |
| 49 | ov_049 | 3.140880761042899 × 10^291 |
| 48 | ov_048 | 4.192787844197897 × 10^291 |
| 47 | ov_047 | 5.5147384704932564 × 10^291 |
| 32 | lv_80_m31 | 6.758362603748309 × 10^291 |
| 46 | ov_046 | 7.151070940318622 × 10^291 |
| 45 | ov_045 | 9.149144295148835 × 10^291 |
| 44 | ov_044 | 1.1559376891370752 × 10^292 |
| 43 | ov_043 | 1.4435297446377668 × 10^292 |
| 42 | ov_042 | 1.783361112827851 × 10^292 |
| 41 | ov_041 | 2.1814283470879916 × 10^292 |
| 40 | ov_040 | 2.6409835555502306 × 10^292 |
| 39 | ov_039 | 3.1654570793729734 × 10^292 |
| 31 | ov_031 | 3.4664154235768675 × 10^292 |
| 38 | ov_038 | 3.7618963747923065 × 10^292 |
| 37 | ov_037 | 4.4377326352110053 × 10^292 |
| 36 | ov_036 | 5.200803017123554 × 10^292 |
| 35 | ov_035 | 6.059376770809226 × 10^292 |
| 34 | ov_034 | 7.022185707879961 × 10^292 |
| 33 | ov_033 | 8.098459461279792 × 10^292 |
| 30 | ov_030 | 1.77765169770124 × 10^293 |
| 29 | ov_029 | 5.816282549903077 × 10^293 |
| 28 | ov_028 | 1.5098497521677508 × 10^294 |
| 27 | ov_027 | 3.3752091263325164 × 10^294 |
| 26 | ov_026 | 6.750432080583448 × 10^294 |
| 25 | ov_025 | 1.2368192431394463 × 10^295 |
| 24 | ov_024 | 2.1121119260626363 × 10^295 |
| 23 | ov_023 | 3.4954446887854565 × 10^295 |
| 22 | ov_022 | 5.613341216758546 × 10^295 |
| 21 | ov_021 | 8.72434056152472 × 10^295 |
| 20 | ov_020 | 1.311902472598783 × 10^296 |
| 19 | ov_019 | 1.9120063740763952 × 10^296 |
| 18 | ov_018 | 2.7082284180750825 × 10^296 |
| 17 | ov_017 | 3.739276824278616 × 10^296 |
| 16 | ov_016 | 5.047099167721467 × 10^296 |
| 15 | ov_015 | 6.676901129493133 × 10^296 |
| 14 | ov_014 | 8.677171786039902 × 10^296 |
| 13 | ov_013 | 1.1099717571153115 × 10^297 |
| 12 | ov_012 | 1.3999707390777841 × 10^297 |
| 11 | ov_011 | 1.7435731606321804 × 10^297 |
| 10 | ov_010 | 2.1469877838396995 × 10^297 |
| 9 | ov_009 | 2.616782678019388 × 10^297 |
| 8 | ov_008 | 3.1598971448391715 × 10^297 |
| 7 | ov_007 | 3.783656354021223 × 10^297 |
| 6 | ov_006 | 4.495789080865437 × 10^297 |
| 5 | ov_005 | 5.30444896150124 × 10^297 |
| 4 | ov_004 | 6.218239706958323 × 10^297 |
| 3 | ov_003 | 7.246244712123493 × 10^297 |
| 2 | ov_002 | 8.398061428057644 × 10^297 |
| 1 | ov_001 | 9.683840828592233 × 10^297 |

