# Results for F001-F002-F003-F004-F005-F006-F007-F008-F009-F010-F011-F012-F013-F014-F015-F016-F017-F018-F019-F020-F021-F022-F023-F024-F025-F026-F027-F028-F029-F030-F031-F032-F033-F034-F035-F036-F037-F038-F039-F040-F041-F042-F043-F044-F045-F046-F047-F048-F049-F050-F051-F052-F053-F054-F055-F056-F057-F058-F059-F060-F061-F062-F063-F064-F065-F066-F067-F068-F069-F070-F071-F072-F073-F074-F075-F076-F077-F078-F079-F080-F081-F082-F083-F084-F085-F086-F087-F088-F089-F090-F091-F092-F093-F094-F095-F096-F097-F098-F099-F100-F101-F102-F103-F104-F105-F106-F107-F108-F109-F110-F111-F112-F113-F114-F115-F116-F117-F118-F119-F120-F121-F122-F123-F124-F125-F126-F127-F128-F129-F130-F131-F132-F133-F134-F135-F136-F137-F138-F139-F140-F141-F142-F143-F144-F145-F146-F147-F148-F149-F150-F151-F152-F153-F154-F155-F156-F157-F158-F159-F160-F161-F162-F163-F164-F165-F166-F167-F168-F169-F170-F171-F172-F173-F174-F175-F176-F177-F178-F179-F180-F181-F182-F183-F184-F185-F186-F187-F188-F189-F190-F191-F192-F193-F194-F195-F196-F197-F198-F199-F200-F201-F202-F203-F204-F205-F206-F207-F208-F209-F210-F211-F212-F213-F214-F215-F216-F217-F218-F219-F220-F221-F222-F223-F224-F225-F226-F227-F228-F229-F230-F231-F232-F233-F234-F235-F236-F237-F238-F239-F240-F241-F242-F243-F244-F245-F246-F247-F248-F249-F250-F251-F252-F253-F254-F255-F256-F257-F258-F259-F260-F261-F262-F263-F264-F265-F266-F267-F268-F269-F270-F271-F272-F273-F274-F275-F276-F277-F278-F279-F280-F281-F282-F283-F284-F285-F286-F287-F288-F289-F290-F291-F292-F293-F294-F295-F296-F297-F298-F299-F300-F301-F302-F303-F304-F305-F306-F307-F308-F309-F310-F311-F312-F313-F314-F315-F316-F317-F318-F319-F320-F321-F322-F323-F324-F325-F326-F327-F328-F329-F330-F331-F332-F333-F334-F335-F336-F337-F338-F339-F340-F341-F342-F343-F344-F345-F346-F347-F348-F349-F350-F351-F352-F353-F354-F355-F356-F357-F358-F359-F360-F361-F362-F363-F364-F365-F366-F367-F368-F369-F370-F371-F372-F373-F374-F375-F376-F377-F378-F379-F380-F381-F382-F383-F384-F385-F386-F387-F388-F389-F390-F391-F392-F393-F394-F395-F396-F397-F398-F399-F400-F401-F402-F403-F404-F405-F406-F407-F408-F409-F410-F411-F412-F413-F414-F415-F416-F417-F418-F419-F420-F421-F422-F423-F424-F425-F426-F427-F428-F429-F430-F431-F432-F433-F434-F435-F436-F437-F438-F439-F440-F441-F442-F443-F444-F445-F446-F447-F448-F449-F450-F451-F452-F453-F454-F455-F456-F457-F458-F459-F460-F461-F462-F463-F464-F465-F466-F467-F468-F469-F470-F471-F472-F473-F474-F475-F476-F477-F478-F479-F480-F481-F482-F483-F484-F485-F486-F487-F488-F489-F490-F491-F492-F493-F494-F495-F496-E499505-O507508-F509-F510-F511-F512

## Summary

Number of input bits: 512  
Number of free input bits: 10  
Number of output bits: 160

Number of direct occurrences: 40342  
Number of assignments: 31104  
Number of operations: 10950927
(xor: 10922814,
and: 14827,
or: 13286)

Total complexity: 1.4859540372764805 × 10^299

Least occurring input variable: iv_504 (3876)  
Most occurring input variable: iv_507 (4351)

Most co-occurring input variables: iv_506-iv_507 (2029)  
Least co-occurring input variables: iv_502-iv_504 (1754)

Potentially most occurring input variable: iv_499/iv_507 (4587)  
Potentially least occurring input variable: iv_498/iv_504 (4152)

Least output occurring input variable: iv_500 (69)  
Most output occurring input variable: iv_501 (91)

Most output co-occurring input variables: iv_498-iv_502 (51)  
Least output co-occurring input variables: iv_500-iv_504 (30)

Potentially most output occurring input variable: iv_497/iv_506 (93)  
Potentially least output occurring input variable: iv_497/iv_504 (69)

Least complex input bit: iv_497 (7.978700280356138 × 10^296)  
Most complex input bit: iv_499 (4.6494233696184027 × 10^298)

Least complex output bit: aaa_76_29 (6.432303429778163 × 10^273)  
Most complex output bit: ov_001 (2.395862371514054 × 10^298)

Least complex input/output complexity: iv_497/aaa_76_29 (3.453769086463187 × 10^271)  
Most complex input/output complexity: iv_499/ov_001 (7.496448894828216 × 10^297)

## Input Bits

### Input Bits in Regular Order

| Input Bit | Complexity | Occurrences | Output Occurrences |
|:---------:|:----------:|:-----------:|:------------------:|
| iv_497 | 7.978700280356138 × 10^296 | 4103 | 84 |
| iv_498 | 1.59111495125313 × 10^297 | 3914 | 90 |
| iv_499 | 4.6494233696184027 × 10^298 | 4086 | 81 |
| iv_500 | 4.893362061642075 × 10^297 | 3936 | 69 |
| iv_501 | 8.203483175196695 × 10^297 | 4056 | 91 |
| iv_502 | 1.3427947748658088 × 10^298 | 3880 | 83 |
| iv_503 | 2.1529811091908047 × 10^298 | 4026 | 77 |
| iv_504 | 3.376080001380885 × 10^298 | 3876 | 75 |
| iv_506 | 8.292123242800083 × 10^297 | 4114 | 85 |
| iv_507 | 9.604657718161599 × 10^297 | 4351 | 74 |

### Input Bits Sorted by Complexity

| Input Bit | Complexity | Occurrences | Output Occurrences |
|:---------:|:----------:|:-----------:|:------------------:|
| iv_497 | 7.978700280356138 × 10^296 | 4103 | 84 |
| iv_498 | 1.59111495125313 × 10^297 | 3914 | 90 |
| iv_500 | 4.893362061642075 × 10^297 | 3936 | 69 |
| iv_501 | 8.203483175196695 × 10^297 | 4056 | 91 |
| iv_506 | 8.292123242800083 × 10^297 | 4114 | 85 |
| iv_507 | 9.604657718161599 × 10^297 | 4351 | 74 |
| iv_502 | 1.3427947748658088 × 10^298 | 3880 | 83 |
| iv_503 | 2.1529811091908047 × 10^298 | 4026 | 77 |
| iv_504 | 3.376080001380885 × 10^298 | 3876 | 75 |
| iv_499 | 4.6494233696184027 × 10^298 | 4086 | 81 |

### Input Bits Sorted by Occurrences

| Input Bit | Complexity | Occurrences | Output Occurrences |
|:---------:|:----------:|:-----------:|:------------------:|
| iv_504 | 3.376080001380885 × 10^298 | 3876 | 75 |
| iv_502 | 1.3427947748658088 × 10^298 | 3880 | 83 |
| iv_498 | 1.59111495125313 × 10^297 | 3914 | 90 |
| iv_500 | 4.893362061642075 × 10^297 | 3936 | 69 |
| iv_503 | 2.1529811091908047 × 10^298 | 4026 | 77 |
| iv_501 | 8.203483175196695 × 10^297 | 4056 | 91 |
| iv_499 | 4.6494233696184027 × 10^298 | 4086 | 81 |
| iv_497 | 7.978700280356138 × 10^296 | 4103 | 84 |
| iv_506 | 8.292123242800083 × 10^297 | 4114 | 85 |
| iv_507 | 9.604657718161599 × 10^297 | 4351 | 74 |

### Input Bits Sorted by Output Occurrences

| Input Bit | Complexity | Occurrences | Output Occurrences |
|:---------:|:----------:|:-----------:|:------------------:|
| iv_500 | 4.893362061642075 × 10^297 | 3936 | 69 |
| iv_507 | 9.604657718161599 × 10^297 | 4351 | 74 |
| iv_504 | 3.376080001380885 × 10^298 | 3876 | 75 |
| iv_503 | 2.1529811091908047 × 10^298 | 4026 | 77 |
| iv_499 | 4.6494233696184027 × 10^298 | 4086 | 81 |
| iv_502 | 1.3427947748658088 × 10^298 | 3880 | 83 |
| iv_497 | 7.978700280356138 × 10^296 | 4103 | 84 |
| iv_506 | 8.292123242800083 × 10^297 | 4114 | 85 |
| iv_498 | 1.59111495125313 × 10^297 | 3914 | 90 |
| iv_501 | 8.203483175196695 × 10^297 | 4056 | 91 |

## Input Bit Co-occurrences

### Input Bit Co-occurrences Sorted by Co-occurrences

| Input Bits | Co-occurrences | Potential Occurrences | Output Co-occurrences | Potential Output Occurrences |
|:----------:|:--------------:|:---------------------:|:---------------------:|:----------------------------:|
| iv_506-iv_507 | 2029 | 4407 | 41 | 77 |
| iv_497-iv_507 | 2002 | 4450 | 40 | 78 |
| iv_503-iv_507 | 1998 | 4381 | 36 | 79 |
| iv_497-iv_501 | 1985 | 4189 | 48 | 79 |
| iv_497-iv_503 | 1963 | 4203 | 45 | 71 |
| iv_502-iv_507 | 1942 | 4347 | 41 | 75 |
| iv_497-iv_506 | 1939 | 4339 | 38 | 93 |
| iv_500-iv_507 | 1937 | 4413 | 33 | 77 |
| iv_498-iv_507 | 1934 | 4397 | 45 | 74 |
| iv_499-iv_501 | 1932 | 4278 | 41 | 90 |

### Input Bit Co-occurrences Sorted by Potential Occurrences

| Input Bits | Co-occurrences | Potential Occurrences | Output Co-occurrences | Potential Output Occurrences |
|:----------:|:--------------:|:---------------------:|:---------------------:|:----------------------------:|
| iv_498-iv_504 | 1819 | 4152 | 45 | 75 |
| iv_497-iv_502 | 1913 | 4157 | 46 | 75 |
| iv_501-iv_502 | 1877 | 4182 | 42 | 90 |
| iv_497-iv_501 | 1985 | 4189 | 48 | 79 |
| iv_497-iv_504 | 1893 | 4193 | 45 | 69 |
| iv_500-iv_502 | 1809 | 4198 | 37 | 78 |
| iv_504-iv_506 | 1896 | 4198 | 37 | 86 |
| iv_497-iv_503 | 1963 | 4203 | 45 | 71 |
| iv_503-iv_504 | 1831 | 4240 | 35 | 82 |
| iv_501-iv_503 | 1920 | 4242 | 44 | 80 |

### Input Bit Output Co-occurrences Sorted by Output Co-occurrences

| Input Bits | Co-occurrences | Potential Occurrences | Output Co-occurrences | Potential Output Occurrences |
|:----------:|:--------------:|:---------------------:|:---------------------:|:----------------------------:|
| iv_498-iv_502 | 1765 | 4264 | 51 | 71 |
| iv_501-iv_506 | 1902 | 4366 | 50 | 76 |
| iv_497-iv_498 | 1876 | 4265 | 49 | 76 |
| iv_502-iv_506 | 1874 | 4246 | 48 | 72 |
| iv_497-iv_501 | 1985 | 4189 | 48 | 79 |
| iv_498-iv_501 | 1837 | 4296 | 47 | 87 |
| iv_498-iv_506 | 1892 | 4244 | 46 | 83 |
| iv_497-iv_502 | 1913 | 4157 | 46 | 75 |
| iv_497-iv_503 | 1963 | 4203 | 45 | 71 |
| iv_498-iv_503 | 1838 | 4264 | 45 | 77 |

### Input Bit Output Co-occurrences Sorted by Potential Output Occurrences

| Input Bits | Co-occurrences | Potential Occurrences | Output Co-occurrences | Potential Output Occurrences |
|:----------:|:--------------:|:---------------------:|:---------------------:|:----------------------------:|
| iv_497-iv_504 | 1893 | 4193 | 45 | 69 |
| iv_500-iv_503 | 1855 | 4252 | 38 | 70 |
| iv_497-iv_503 | 1963 | 4203 | 45 | 71 |
| iv_498-iv_502 | 1765 | 4264 | 51 | 71 |
| iv_502-iv_506 | 1874 | 4246 | 48 | 72 |
| iv_498-iv_507 | 1934 | 4397 | 45 | 74 |
| iv_502-iv_503 | 1810 | 4286 | 43 | 74 |
| iv_502-iv_507 | 1942 | 4347 | 41 | 75 |
| iv_498-iv_504 | 1819 | 4152 | 45 | 75 |
| iv_497-iv_502 | 1913 | 4157 | 46 | 75 |

## Output Bits

### Output Bits in Regular Order

| Rank | Output Bit | Complexity |
|:----:|:----------:|:----------:|
| 1 | ov_001 | 2.395862371514054 × 10^298 |
| 2 | ov_002 | 2.0746465518181427 × 10^298 |
| 3 | ov_003 | 1.787243370557269 × 10^298 |
| 4 | ov_004 | 1.5310704276416393 × 10^298 |
| 5 | ov_005 | 1.3036861356794642 × 10^298 |
| 6 | ov_006 | 1.1027796795166352 × 10^298 |
| 7 | ov_007 | 9.261622719096593 × 10^297 |
| 8 | ov_008 | 7.717596211409135 × 10^297 |
| 9 | ov_009 | 6.376055168190681 × 10^297 |
| 10 | ov_010 | 5.218364229015257 × 10^297 |
| 11 | ov_011 | 4.226869656939353 × 10^297 |
| 12 | ov_012 | 3.384862109887568 × 10^297 |
| 13 | ov_013 | 2.6765463079378555 × 10^297 |
| 14 | ov_014 | 2.0870166629968948 × 10^297 |
| 15 | ov_015 | 1.6022379986507765 × 10^297 |
| 16 | ov_016 | 1.2090305487591621 × 10^297 |
| 17 | ov_017 | 8.95058483769221 × 10^296 |
| 18 | ov_018 | 6.4882127386429075 × 10^296 |
| 19 | ov_019 | 4.5964725801099125 × 10^296 |
| 20 | ov_020 | 3.176888760174273 × 10^296 |
| 21 | ov_021 | 2.1391916141109195 × 10^296 |
| 22 | ov_022 | 1.4012922240543944 × 10^296 |
| 23 | ov_023 | 8.892650001247295 × 10^295 |
| 24 | ov_024 | 5.373362217613046 × 10^295 |
| 25 | ov_025 | 3.1465588425013057 × 10^295 |
| 26 | ov_026 | 1.717361416674063 × 10^295 |
| 27 | ov_027 | 8.586800620984714 × 10^294 |
| 28 | ov_028 | 3.841182961889674 × 10^294 |
| 29 | ov_029 | 1.479712149962795 × 10^294 |
| 30 | ov_030 | 4.522501690528973 × 10^293 |
| 31 | ov_031 | 8.818868641894089 × 10^292 |
| 32 | lv_80_m31 | 1.71938780314714 × 10^292 |
| 33 | ov_033 | 2.060213193928775 × 10^293 |
| 34 | ov_034 | 1.7864093884431231 × 10^293 |
| 35 | ov_035 | 1.5414668230759583 × 10^293 |
| 36 | ov_036 | 1.3230395612297121 × 10^293 |
| 37 | ov_037 | 1.1289078183491952 × 10^293 |
| 38 | ov_038 | 9.56969038021419 × 10^292 |
| 39 | ov_039 | 8.052301931820273 × 10^292 |
| 40 | ov_040 | 6.718011950397569 × 10^292 |
| 41 | ov_041 | 5.548892981847161 × 10^292 |
| 42 | ov_042 | 4.53621825262315 × 10^292 |
| 43 | ov_043 | 3.6717134709471123 × 10^292 |
| 44 | ov_044 | 2.940119878109459 × 10^292 |
| 45 | ov_045 | 2.3270076567953464 × 10^292 |
| 46 | ov_046 | 1.818755043512647 × 10^292 |
| 47 | ov_047 | 1.4025318919362468 × 10^292 |
| 48 | ov_048 | 1.0662869609852487 × 10^292 |
| 49 | ov_049 | 7.987382556012695 × 10^291 |
| 50 | ov_050 | 5.893658021685969 × 10^291 |
| 51 | ov_051 | 4.284063229007905 × 10^291 |
| 52 | ov_052 | 3.068493843477019 × 10^291 |
| 53 | ov_053 | 2.1643467068364856 × 10^291 |
| 54 | ov_054 | 1.496500911539584 × 10^291 |
| 55 | ov_055 | 9.973050825219543 × 10^290 |
| 56 | ov_056 | 6.347996589143616 × 10^290 |
| 57 | ov_057 | 3.807542335948045 × 10^290 |
| 58 | ov_058 | 2.106657733823455 × 10^290 |
| 59 | ov_059 | 1.0375768634889342 × 10^290 |
| 60 | ov_060 | 4.297939506527084 × 10^289 |
| 61 | ov_061 | 1.5006181487990478 × 10^289 |
| 62 | ov_062 | 4.114508899065933 × 10^288 |
| 63 | ov_063 | 8.015096047416733 × 10^287 |
| 64 | lv_79_m31 | 1.5609661592783005 × 10^287 |
| 65 | ov_065 | 1.8471038865818976 × 10^288 |
| 66 | ov_066 | 1.847098436052616 × 10^288 |
| 67 | ov_067 | 1.847097129432625 × 10^288 |
| 68 | ov_068 | 1.5955476580388106 × 10^288 |
| 69 | ov_069 | 1.3707941026097121 × 10^288 |
| 70 | ov_070 | 1.1708161869370808 × 10^288 |
| 71 | ov_071 | 9.936930460046858 × 10^287 |
| 72 | ov_072 | 8.375964300426858 × 10^287 |
| 73 | ov_073 | 7.00785115750471 × 10^287 |
| 74 | ov_074 | 5.8160037559192895 × 10^287 |
| 75 | ov_075 | 4.784623638778468 × 10^287 |
| 76 | ov_076 | 3.898672858744267 × 10^287 |
| 77 | ov_077 | 3.1438522346782525 × 10^287 |
| 78 | ov_078 | 2.5065849801822156 × 10^287 |
| 79 | ov_079 | 1.9740045799232876 × 10^287 |
| 80 | ov_080 | 1.5339458580333801 × 10^287 |
| 81 | ov_081 | 1.1749382503903368 × 10^287 |
| 82 | ov_082 | 8.862004539394395 × 10^286 |
| 83 | ov_083 | 6.576359678694493 × 10^286 |
| 84 | ov_084 | 4.798293581661325 × 10^286 |
| 85 | ov_085 | 3.4404317997866304 × 10^286 |
| 86 | ov_086 | 2.422154923613161 × 10^286 |
| 87 | ov_087 | 1.6695790003670334 × 10^286 |
| 88 | ov_088 | 1.115540568791977 × 10^286 |
| 89 | ov_089 | 7.281364186681401 × 10^285 |
| 90 | ov_090 | 4.536143817126006 × 10^285 |
| 91 | ov_091 | 2.667730498332136 × 10^285 |
| 92 | ov_092 | 1.4575843575348148 × 10^285 |
| 93 | ov_093 | 7.206288768250384 × 10^284 |
| 94 | ov_094 | 3.0524556191903738 × 10^284 |
| 95 | aaa_78_28 | 9.327176642450133 × 10^283 |
| 96 | aaa_78_29 | 2.8172511922129197 × 10^283 |
| 97 | ov_097 | 1.4603682895957143 × 10^283 |
| 98 | ov_098 | 1.4603575776500195 × 10^283 |
| 99 | ov_099 | 1.4603541600466955 × 10^283 |
| 100 | ov_100 | 1.2253277245442268 × 10^283 |
| 101 | ov_101 | 1.0202171377013882 × 10^283 |
| 102 | ov_102 | 8.423784511590319 × 10^282 |
| 103 | ov_103 | 6.893115204688357 × 10^282 |
| 104 | ov_104 | 5.586495213085028 × 10^282 |
| 105 | ov_105 | 4.4814986726647103 × 10^282 |
| 106 | ov_106 | 3.556863979430049 × 10^282 |
| 107 | ov_107 | 2.792427128043346 × 10^282 |
| 108 | ov_108 | 2.1690653268885465 × 10^282 |
| 109 | ov_109 | 1.6686497714692874 × 10^282 |
| 110 | ov_110 | 1.2740065193914573 × 10^282 |
| 111 | ov_111 | 9.688844705626339 × 10^281 |
| 112 | ov_112 | 7.379295158594222 × 10^281 |
| 113 | ov_113 | 5.666639765953213 × 10^281 |
| 114 | ov_114 | 4.414705158436781 × 10^281 |
| 115 | ov_115 | 3.4957976116339025 × 10^281 |
| 116 | ov_116 | 2.7906093662847985 × 10^281 |
| 117 | ov_117 | 2.1881486033096317 × 10^281 |
| 118 | ov_118 | 1.6801881965236995 × 10^281 |
| 119 | ov_119 | 1.258527429687113 × 10^281 |
| 120 | ov_120 | 9.149839473428732 × 10^280 |
| 121 | ov_121 | 6.413876161745655 × 10^280 |
| 122 | ov_122 | 4.295760062937609 × 10^280 |
| 123 | ov_123 | 2.7139120188688985 × 10^280 |
| 124 | ov_124 | 1.5867765065540588 × 10^280 |
| 125 | ov_125 | 8.328083213067723 × 10^279 |
| 126 | ov_126 | 3.704657872392165 × 10^279 |
| 127 | aaa_77_28 | 1.1820815253176432 × 10^279 |
| 128 | aaa_77_29 | 4.426553034175634 × 10^278 |
| 129 | ov_129 | 4.054127660530065 × 10^278 |
| 130 | ov_130 | 4.0541151431736706 × 10^278 |
| 131 | ov_131 | 4.054112119993152 × 10^278 |
| 132 | ov_132 | 3.5035972363881176 × 10^278 |
| 133 | ov_133 | 3.0117743161226993 × 10^278 |
| 134 | ov_134 | 2.5741528000637192 × 10^278 |
| 135 | ov_135 | 2.1864788954430967 × 10^278 |
| 136 | ov_136 | 1.8447185630211685 × 10^278 |
| 137 | ov_137 | 1.5450429615460678 × 10^278 |
| 138 | ov_138 | 1.2838161085839103 × 10^278 |
| 139 | ov_139 | 1.057584528892617 × 10^278 |
| 140 | ov_140 | 8.630686732971104 × 10^277 |
| 141 | ov_141 | 6.9715590257333805 × 10^277 |
| 142 | ov_142 | 5.5689484222716365 × 10^277 |
| 143 | ov_143 | 4.394909253128796 × 10^277 |
| 144 | ov_144 | 3.423029516141431 × 10^277 |
| 145 | ov_145 | 2.628405026358656 × 10^277 |
| 146 | ov_146 | 1.9876206294762484 × 10^277 |
| 147 | ov_147 | 1.4787370948868956 × 10^277 |
| 148 | ov_148 | 1.0812824149807203 × 10^277 |
| 149 | ov_149 | 7.762463477419033 × 10^276 |
| 150 | ov_150 | 5.460771500076055 × 10^276 |
| 151 | ov_151 | 3.7467960413296544 × 10^276 |
| 152 | ov_152 | 2.474137177376286 × 10^276 |
| 153 | ov_153 | 1.5732316662003296 × 10^276 |
| 154 | ov_154 | 9.267592234482648 × 10^275 |
| 155 | ov_155 | 4.7969319289924126 × 10^275 |
| 156 | aaa_76_25 | 1.8427238522745365 × 10^275 |
| 157 | aaa_76_26 | 1.0635664019708026 × 10^275 |
| 158 | aaa_76_27 | 5.44097169445225 × 10^274 |
| 159 | aaa_76_28 | 2.1167799107469284 × 10^274 |
| 160 | aaa_76_29 | 6.432303429778163 × 10^273 |

### Output Bits Sorted by Complexity

| Rank | Output Bit | Complexity |
|:----:|:----------:|:----------:|
| 160 | aaa_76_29 | 6.432303429778163 × 10^273 |
| 159 | aaa_76_28 | 2.1167799107469284 × 10^274 |
| 158 | aaa_76_27 | 5.44097169445225 × 10^274 |
| 157 | aaa_76_26 | 1.0635664019708026 × 10^275 |
| 156 | aaa_76_25 | 1.8427238522745365 × 10^275 |
| 155 | ov_155 | 4.7969319289924126 × 10^275 |
| 154 | ov_154 | 9.267592234482648 × 10^275 |
| 153 | ov_153 | 1.5732316662003296 × 10^276 |
| 152 | ov_152 | 2.474137177376286 × 10^276 |
| 151 | ov_151 | 3.7467960413296544 × 10^276 |
| 150 | ov_150 | 5.460771500076055 × 10^276 |
| 149 | ov_149 | 7.762463477419033 × 10^276 |
| 148 | ov_148 | 1.0812824149807203 × 10^277 |
| 147 | ov_147 | 1.4787370948868956 × 10^277 |
| 146 | ov_146 | 1.9876206294762484 × 10^277 |
| 145 | ov_145 | 2.628405026358656 × 10^277 |
| 144 | ov_144 | 3.423029516141431 × 10^277 |
| 143 | ov_143 | 4.394909253128796 × 10^277 |
| 142 | ov_142 | 5.5689484222716365 × 10^277 |
| 141 | ov_141 | 6.9715590257333805 × 10^277 |
| 140 | ov_140 | 8.630686732971104 × 10^277 |
| 139 | ov_139 | 1.057584528892617 × 10^278 |
| 138 | ov_138 | 1.2838161085839103 × 10^278 |
| 137 | ov_137 | 1.5450429615460678 × 10^278 |
| 136 | ov_136 | 1.8447185630211685 × 10^278 |
| 135 | ov_135 | 2.1864788954430967 × 10^278 |
| 134 | ov_134 | 2.5741528000637192 × 10^278 |
| 133 | ov_133 | 3.0117743161226993 × 10^278 |
| 132 | ov_132 | 3.5035972363881176 × 10^278 |
| 131 | ov_131 | 4.054112119993152 × 10^278 |
| 130 | ov_130 | 4.0541151431736706 × 10^278 |
| 129 | ov_129 | 4.054127660530065 × 10^278 |
| 128 | aaa_77_29 | 4.426553034175634 × 10^278 |
| 127 | aaa_77_28 | 1.1820815253176432 × 10^279 |
| 126 | ov_126 | 3.704657872392165 × 10^279 |
| 125 | ov_125 | 8.328083213067723 × 10^279 |
| 124 | ov_124 | 1.5867765065540588 × 10^280 |
| 123 | ov_123 | 2.7139120188688985 × 10^280 |
| 122 | ov_122 | 4.295760062937609 × 10^280 |
| 121 | ov_121 | 6.413876161745655 × 10^280 |
| 120 | ov_120 | 9.149839473428732 × 10^280 |
| 119 | ov_119 | 1.258527429687113 × 10^281 |
| 118 | ov_118 | 1.6801881965236995 × 10^281 |
| 117 | ov_117 | 2.1881486033096317 × 10^281 |
| 116 | ov_116 | 2.7906093662847985 × 10^281 |
| 115 | ov_115 | 3.4957976116339025 × 10^281 |
| 114 | ov_114 | 4.414705158436781 × 10^281 |
| 113 | ov_113 | 5.666639765953213 × 10^281 |
| 112 | ov_112 | 7.379295158594222 × 10^281 |
| 111 | ov_111 | 9.688844705626339 × 10^281 |
| 110 | ov_110 | 1.2740065193914573 × 10^282 |
| 109 | ov_109 | 1.6686497714692874 × 10^282 |
| 108 | ov_108 | 2.1690653268885465 × 10^282 |
| 107 | ov_107 | 2.792427128043346 × 10^282 |
| 106 | ov_106 | 3.556863979430049 × 10^282 |
| 105 | ov_105 | 4.4814986726647103 × 10^282 |
| 104 | ov_104 | 5.586495213085028 × 10^282 |
| 103 | ov_103 | 6.893115204688357 × 10^282 |
| 102 | ov_102 | 8.423784511590319 × 10^282 |
| 101 | ov_101 | 1.0202171377013882 × 10^283 |
| 100 | ov_100 | 1.2253277245442268 × 10^283 |
| 99 | ov_099 | 1.4603541600466955 × 10^283 |
| 98 | ov_098 | 1.4603575776500195 × 10^283 |
| 97 | ov_097 | 1.4603682895957143 × 10^283 |
| 96 | aaa_78_29 | 2.8172511922129197 × 10^283 |
| 95 | aaa_78_28 | 9.327176642450133 × 10^283 |
| 94 | ov_094 | 3.0524556191903738 × 10^284 |
| 93 | ov_093 | 7.206288768250384 × 10^284 |
| 92 | ov_092 | 1.4575843575348148 × 10^285 |
| 91 | ov_091 | 2.667730498332136 × 10^285 |
| 90 | ov_090 | 4.536143817126006 × 10^285 |
| 89 | ov_089 | 7.281364186681401 × 10^285 |
| 88 | ov_088 | 1.115540568791977 × 10^286 |
| 87 | ov_087 | 1.6695790003670334 × 10^286 |
| 86 | ov_086 | 2.422154923613161 × 10^286 |
| 85 | ov_085 | 3.4404317997866304 × 10^286 |
| 84 | ov_084 | 4.798293581661325 × 10^286 |
| 83 | ov_083 | 6.576359678694493 × 10^286 |
| 82 | ov_082 | 8.862004539394395 × 10^286 |
| 81 | ov_081 | 1.1749382503903368 × 10^287 |
| 80 | ov_080 | 1.5339458580333801 × 10^287 |
| 64 | lv_79_m31 | 1.5609661592783005 × 10^287 |
| 79 | ov_079 | 1.9740045799232876 × 10^287 |
| 78 | ov_078 | 2.5065849801822156 × 10^287 |
| 77 | ov_077 | 3.1438522346782525 × 10^287 |
| 76 | ov_076 | 3.898672858744267 × 10^287 |
| 75 | ov_075 | 4.784623638778468 × 10^287 |
| 74 | ov_074 | 5.8160037559192895 × 10^287 |
| 73 | ov_073 | 7.00785115750471 × 10^287 |
| 63 | ov_063 | 8.015096047416733 × 10^287 |
| 72 | ov_072 | 8.375964300426858 × 10^287 |
| 71 | ov_071 | 9.936930460046858 × 10^287 |
| 70 | ov_070 | 1.1708161869370808 × 10^288 |
| 69 | ov_069 | 1.3707941026097121 × 10^288 |
| 68 | ov_068 | 1.5955476580388106 × 10^288 |
| 67 | ov_067 | 1.847097129432625 × 10^288 |
| 66 | ov_066 | 1.847098436052616 × 10^288 |
| 65 | ov_065 | 1.8471038865818976 × 10^288 |
| 62 | ov_062 | 4.114508899065933 × 10^288 |
| 61 | ov_061 | 1.5006181487990478 × 10^289 |
| 60 | ov_060 | 4.297939506527084 × 10^289 |
| 59 | ov_059 | 1.0375768634889342 × 10^290 |
| 58 | ov_058 | 2.106657733823455 × 10^290 |
| 57 | ov_057 | 3.807542335948045 × 10^290 |
| 56 | ov_056 | 6.347996589143616 × 10^290 |
| 55 | ov_055 | 9.973050825219543 × 10^290 |
| 54 | ov_054 | 1.496500911539584 × 10^291 |
| 53 | ov_053 | 2.1643467068364856 × 10^291 |
| 52 | ov_052 | 3.068493843477019 × 10^291 |
| 51 | ov_051 | 4.284063229007905 × 10^291 |
| 50 | ov_050 | 5.893658021685969 × 10^291 |
| 49 | ov_049 | 7.987382556012695 × 10^291 |
| 48 | ov_048 | 1.0662869609852487 × 10^292 |
| 47 | ov_047 | 1.4025318919362468 × 10^292 |
| 32 | lv_80_m31 | 1.71938780314714 × 10^292 |
| 46 | ov_046 | 1.818755043512647 × 10^292 |
| 45 | ov_045 | 2.3270076567953464 × 10^292 |
| 44 | ov_044 | 2.940119878109459 × 10^292 |
| 43 | ov_043 | 3.6717134709471123 × 10^292 |
| 42 | ov_042 | 4.53621825262315 × 10^292 |
| 41 | ov_041 | 5.548892981847161 × 10^292 |
| 40 | ov_040 | 6.718011950397569 × 10^292 |
| 39 | ov_039 | 8.052301931820273 × 10^292 |
| 31 | ov_031 | 8.818868641894089 × 10^292 |
| 38 | ov_038 | 9.56969038021419 × 10^292 |
| 37 | ov_037 | 1.1289078183491952 × 10^293 |
| 36 | ov_036 | 1.3230395612297121 × 10^293 |
| 35 | ov_035 | 1.5414668230759583 × 10^293 |
| 34 | ov_034 | 1.7864093884431231 × 10^293 |
| 33 | ov_033 | 2.060213193928775 × 10^293 |
| 30 | ov_030 | 4.522501690528973 × 10^293 |
| 29 | ov_029 | 1.479712149962795 × 10^294 |
| 28 | ov_028 | 3.841182961889674 × 10^294 |
| 27 | ov_027 | 8.586800620984714 × 10^294 |
| 26 | ov_026 | 1.717361416674063 × 10^295 |
| 25 | ov_025 | 3.1465588425013057 × 10^295 |
| 24 | ov_024 | 5.373362217613046 × 10^295 |
| 23 | ov_023 | 8.892650001247295 × 10^295 |
| 22 | ov_022 | 1.4012922240543944 × 10^296 |
| 21 | ov_021 | 2.1391916141109195 × 10^296 |
| 20 | ov_020 | 3.176888760174273 × 10^296 |
| 19 | ov_019 | 4.5964725801099125 × 10^296 |
| 18 | ov_018 | 6.4882127386429075 × 10^296 |
| 17 | ov_017 | 8.95058483769221 × 10^296 |
| 16 | ov_016 | 1.2090305487591621 × 10^297 |
| 15 | ov_015 | 1.6022379986507765 × 10^297 |
| 14 | ov_014 | 2.0870166629968948 × 10^297 |
| 13 | ov_013 | 2.6765463079378555 × 10^297 |
| 12 | ov_012 | 3.384862109887568 × 10^297 |
| 11 | ov_011 | 4.226869656939353 × 10^297 |
| 10 | ov_010 | 5.218364229015257 × 10^297 |
| 9 | ov_009 | 6.376055168190681 × 10^297 |
| 8 | ov_008 | 7.717596211409135 × 10^297 |
| 7 | ov_007 | 9.261622719096593 × 10^297 |
| 6 | ov_006 | 1.1027796795166352 × 10^298 |
| 5 | ov_005 | 1.3036861356794642 × 10^298 |
| 4 | ov_004 | 1.5310704276416393 × 10^298 |
| 3 | ov_003 | 1.787243370557269 × 10^298 |
| 2 | ov_002 | 2.0746465518181427 × 10^298 |
| 1 | ov_001 | 2.395862371514054 × 10^298 |

