# Results for F001-F002-F003-F004-F005-F006-F007-F008-F009-F010-F011-F012-F013-F014-F015-F016-F017-F018-F019-F020-F021-F022-F023-F024-F025-F026-F027-F028-F029-F030-F031-F032-F033-F034-F035-F036-F037-F038-F039-F040-F041-F042-F043-F044-F045-F046-F047-F048-F049-F050-F051-F052-F053-F054-F055-F056-F057-F058-F059-F060-F061-F062-F063-F064-F065-F066-F067-F068-F069-F070-F071-F072-F073-F074-F075-F076-F077-F078-F079-F080-F081-F082-F083-F084-F085-F086-F087-F088-F089-F090-F091-F092-F093-F094-F095-F096-F097-F098-F099-F100-F101-F102-F103-F104-F105-F106-F107-F108-F109-F110-F111-F112-F113-F114-F115-F116-F117-F118-F119-F120-F121-F122-F123-F124-F125-F126-F127-F128-F129-F130-F131-F132-F133-F134-F135-F136-F137-F138-F139-F140-F141-F142-F143-F144-F145-F146-F147-F148-F149-F150-F151-F152-F153-F154-F155-F156-F157-F158-F159-F160-F161-F162-F163-F164-F165-F166-F167-F168-F169-F170-F171-F172-F173-F174-F175-F176-F177-F178-F179-F180-F181-F182-F183-F184-F185-F186-F187-F188-F189-F190-F191-F192-F193-F194-F195-F196-F197-F198-F199-F200-F201-F202-F203-F204-F205-F206-F207-F208-F209-F210-F211-F212-F213-F214-F215-F216-F217-F218-F219-F220-F221-F222-F223-F224-F225-F226-F227-F228-F229-F230-F231-F232-F233-F234-F235-F236-F237-F238-F239-F240-F241-F242-F243-F244-F245-F246-F247-F248-F249-F250-F251-F252-F253-F254-F255-F256-F257-F258-F259-F260-F261-F262-F263-F264-F265-F266-F267-F268-F269-F270-F271-F272-F273-F274-F275-F276-F277-F278-F279-F280-F281-F282-F283-F284-F285-F286-F287-F288-F289-F290-F291-F292-F293-F294-F295-F296-F297-F298-F299-F300-F301-F302-F303-F304-F305-F306-F307-F308-F309-F310-F311-F312-F313-F314-F315-F316-F317-F318-F319-F320-F321-F322-F323-F324-F325-F326-F327-F328-F329-F330-F331-F332-F333-F334-F335-F336-F337-F338-F339-F340-F341-F342-F343-F344-F345-F346-F347-F348-F349-F350-F351-F352-F353-F354-F355-F356-F357-F358-F359-F360-F361-F362-F363-F364-F365-F366-F367-F368-F369-F370-F371-F372-F373-F374-F375-F376-F377-F378-F379-F380-F381-F382-F383-F384-F385-F386-F387-F388-F389-F390-F391-F392-F393-F394-F395-F396-F397-F398-F399-F400-F401-F402-F403-F404-F405-F406-F407-F408-F409-F410-F411-F412-F413-F414-F415-F416-F417-F418-F419-F420-F421-F422-F423-F424-F425-F426-F427-F428-F429-F430-F431-F432-F433-F434-F435-F436-F437-F438-F439-F440-F441-F442-F443-F444-F445-F446-F447-F448-F449-F450-F451-F452-F453-F454-F455-F456-F457-F458-F459-F460-F461-F462-F463-F464-F465-F466-F467-F468-F469-F470-F471-F472-F473-F474-F475-F476-F477-F478-F479-F480-F481-F482-F483-F484-F485-F486-F487-F488-F489-F490-F491-F492-F493-F494-F495-F496-E500501-F507-F508-F509-F510-F512

## Summary

Number of input bits: 512  
Number of free input bits: 10  
Number of output bits: 160

Number of direct occurrences: 40875  
Number of assignments: 31177  
Number of operations: 11084575
(xor: 11056283,
and: 15070,
or: 13222)

Total complexity: 6.480642113853516 × 10^298

Least occurring input variable: iv_502 (3895)  
Most occurring input variable: iv_511 (4387)

Most co-occurring input variables: iv_503-iv_511 (2061)  
Least co-occurring input variables: iv_500-iv_506 (1797)

Potentially most occurring input variable: iv_497/iv_511 (4613)  
Potentially least occurring input variable: iv_499/iv_504 (4125)

Least output occurring input variable: iv_502 (70)  
Most output occurring input variable: iv_503 (85)

Most output co-occurring input variables: iv_504-iv_511 (46)  
Least output co-occurring input variables: iv_497-iv_502 (33)

Potentially most output occurring input variable: iv_497/iv_503 (94)  
Potentially least output occurring input variable: iv_497/iv_498 (65)

Least complex input bit: iv_511 (3.089735035455225 × 10^293)  
Most complex input bit: iv_505 (2.112545236492138 × 10^298)

Least complex output bit: aaa_76_29 (1.4754813108558233 × 10^274)  
Most complex output bit: ov_001 (1.0131189309101157 × 10^298)

Least complex input/output complexity: iv_511/aaa_76_29 (7.03455957020878 × 10^268)  
Most complex input/output complexity: iv_505/ov_001 (3.302542454734519 × 10^297)

## Input Bits

### Input Bits in Regular Order

| Input Bit | Complexity | Occurrences | Output Occurrences |
|:---------:|:----------:|:-----------:|:------------------:|
| iv_497 | 3.8218354279646704 × 10^296 | 4062 | 77 |
| iv_498 | 7.623932360226737 × 10^296 | 4034 | 74 |
| iv_499 | 1.3690770964023004 × 10^297 | 3953 | 81 |
| iv_500 | 4.934441901727281 × 10^297 | 4133 | 80 |
| iv_502 | 6.476576212075146 × 10^297 | 3895 | 70 |
| iv_503 | 1.0397823631261566 × 10^298 | 4159 | 85 |
| iv_504 | 1.6335920952689994 × 10^298 | 4108 | 83 |
| iv_505 | 2.112545236492138 × 10^298 | 4117 | 83 |
| iv_506 | 3.0222432271348793 × 10^297 | 4027 | 77 |
| iv_511 | 3.089735035455225 × 10^293 | 4387 | 80 |

### Input Bits Sorted by Complexity

| Input Bit | Complexity | Occurrences | Output Occurrences |
|:---------:|:----------:|:-----------:|:------------------:|
| iv_511 | 3.089735035455225 × 10^293 | 4387 | 80 |
| iv_497 | 3.8218354279646704 × 10^296 | 4062 | 77 |
| iv_498 | 7.623932360226737 × 10^296 | 4034 | 74 |
| iv_499 | 1.3690770964023004 × 10^297 | 3953 | 81 |
| iv_506 | 3.0222432271348793 × 10^297 | 4027 | 77 |
| iv_500 | 4.934441901727281 × 10^297 | 4133 | 80 |
| iv_502 | 6.476576212075146 × 10^297 | 3895 | 70 |
| iv_503 | 1.0397823631261566 × 10^298 | 4159 | 85 |
| iv_504 | 1.6335920952689994 × 10^298 | 4108 | 83 |
| iv_505 | 2.112545236492138 × 10^298 | 4117 | 83 |

### Input Bits Sorted by Occurrences

| Input Bit | Complexity | Occurrences | Output Occurrences |
|:---------:|:----------:|:-----------:|:------------------:|
| iv_502 | 6.476576212075146 × 10^297 | 3895 | 70 |
| iv_499 | 1.3690770964023004 × 10^297 | 3953 | 81 |
| iv_506 | 3.0222432271348793 × 10^297 | 4027 | 77 |
| iv_498 | 7.623932360226737 × 10^296 | 4034 | 74 |
| iv_497 | 3.8218354279646704 × 10^296 | 4062 | 77 |
| iv_504 | 1.6335920952689994 × 10^298 | 4108 | 83 |
| iv_505 | 2.112545236492138 × 10^298 | 4117 | 83 |
| iv_500 | 4.934441901727281 × 10^297 | 4133 | 80 |
| iv_503 | 1.0397823631261566 × 10^298 | 4159 | 85 |
| iv_511 | 3.089735035455225 × 10^293 | 4387 | 80 |

### Input Bits Sorted by Output Occurrences

| Input Bit | Complexity | Occurrences | Output Occurrences |
|:---------:|:----------:|:-----------:|:------------------:|
| iv_502 | 6.476576212075146 × 10^297 | 3895 | 70 |
| iv_498 | 7.623932360226737 × 10^296 | 4034 | 74 |
| iv_506 | 3.0222432271348793 × 10^297 | 4027 | 77 |
| iv_497 | 3.8218354279646704 × 10^296 | 4062 | 77 |
| iv_511 | 3.089735035455225 × 10^293 | 4387 | 80 |
| iv_500 | 4.934441901727281 × 10^297 | 4133 | 80 |
| iv_499 | 1.3690770964023004 × 10^297 | 3953 | 81 |
| iv_505 | 2.112545236492138 × 10^298 | 4117 | 83 |
| iv_504 | 1.6335920952689994 × 10^298 | 4108 | 83 |
| iv_503 | 1.0397823631261566 × 10^298 | 4159 | 85 |

## Input Bit Co-occurrences

### Input Bit Co-occurrences Sorted by Co-occurrences

| Input Bits | Co-occurrences | Potential Occurrences | Output Co-occurrences | Potential Output Occurrences |
|:----------:|:--------------:|:---------------------:|:---------------------:|:----------------------------:|
| iv_503-iv_511 | 2061 | 4424 | 43 | 79 |
| iv_504-iv_511 | 2035 | 4425 | 46 | 71 |
| iv_505-iv_511 | 2024 | 4456 | 40 | 83 |
| iv_503-iv_505 | 1995 | 4286 | 40 | 88 |
| iv_498-iv_504 | 1990 | 4162 | 39 | 79 |
| iv_497-iv_505 | 1981 | 4217 | 43 | 74 |
| iv_497-iv_503 | 1975 | 4271 | 34 | 94 |
| iv_499-iv_504 | 1968 | 4125 | 42 | 80 |
| iv_500-iv_511 | 1964 | 4592 | 41 | 78 |
| iv_506-iv_511 | 1963 | 4488 | 41 | 75 |

### Input Bit Co-occurrences Sorted by Potential Occurrences

| Input Bits | Co-occurrences | Potential Occurrences | Output Co-occurrences | Potential Output Occurrences |
|:----------:|:--------------:|:---------------------:|:---------------------:|:----------------------------:|
| iv_499-iv_504 | 1968 | 4125 | 42 | 80 |
| iv_499-iv_502 | 1854 | 4140 | 37 | 77 |
| iv_498-iv_504 | 1990 | 4162 | 39 | 79 |
| iv_498-iv_499 | 1908 | 4171 | 39 | 77 |
| iv_497-iv_505 | 1981 | 4217 | 43 | 74 |
| iv_497-iv_499 | 1898 | 4219 | 40 | 78 |
| iv_499-iv_500 | 1926 | 4234 | 43 | 75 |
| iv_502-iv_506 | 1843 | 4236 | 34 | 79 |
| iv_502-iv_505 | 1886 | 4240 | 42 | 69 |
| iv_502-iv_504 | 1878 | 4247 | 37 | 79 |

### Input Bit Output Co-occurrences Sorted by Output Co-occurrences

| Input Bits | Co-occurrences | Potential Occurrences | Output Co-occurrences | Potential Output Occurrences |
|:----------:|:--------------:|:---------------------:|:---------------------:|:----------------------------:|
| iv_504-iv_511 | 2035 | 4425 | 46 | 71 |
| iv_499-iv_503 | 1911 | 4290 | 45 | 76 |
| iv_504-iv_505 | 1948 | 4329 | 44 | 78 |
| iv_497-iv_500 | 1901 | 4393 | 44 | 69 |
| iv_503-iv_511 | 2061 | 4424 | 43 | 79 |
| iv_499-iv_500 | 1926 | 4234 | 43 | 75 |
| iv_499-iv_505 | 1860 | 4350 | 43 | 78 |
| iv_497-iv_498 | 1904 | 4288 | 43 | 65 |
| iv_497-iv_505 | 1981 | 4217 | 43 | 74 |
| iv_502-iv_505 | 1886 | 4240 | 42 | 69 |

### Input Bit Output Co-occurrences Sorted by Potential Output Occurrences

| Input Bits | Co-occurrences | Potential Occurrences | Output Co-occurrences | Potential Output Occurrences |
|:----------:|:--------------:|:---------------------:|:---------------------:|:----------------------------:|
| iv_497-iv_498 | 1904 | 4288 | 43 | 65 |
| iv_502-iv_505 | 1886 | 4240 | 42 | 69 |
| iv_497-iv_500 | 1901 | 4393 | 44 | 69 |
| iv_504-iv_511 | 2035 | 4425 | 46 | 71 |
| iv_502-iv_511 | 1864 | 4554 | 39 | 72 |
| iv_498-iv_506 | 1906 | 4249 | 39 | 73 |
| iv_497-iv_505 | 1981 | 4217 | 43 | 74 |
| iv_506-iv_511 | 1963 | 4488 | 41 | 75 |
| iv_499-iv_500 | 1926 | 4234 | 43 | 75 |
| iv_499-iv_506 | 1799 | 4382 | 41 | 76 |

## Output Bits

### Output Bits in Regular Order

| Rank | Output Bit | Complexity |
|:----:|:----------:|:----------:|
| 1 | ov_001 | 1.0131189309101157 × 10^298 |
| 2 | ov_002 | 8.815910710654098 × 10^297 |
| 3 | ov_003 | 7.635053044429863 × 10^297 |
| 4 | ov_004 | 6.578543105968742 × 10^297 |
| 5 | ov_005 | 5.636859770455084 × 10^297 |
| 6 | ov_006 | 4.8009941785814716 × 10^297 |
| 7 | ov_007 | 4.062415106870148 × 10^297 |
| 8 | ov_008 | 3.413039208982469 × 10^297 |
| 9 | ov_009 | 2.845205738680644 × 10^297 |
| 10 | ov_010 | 2.351655293771977 × 10^297 |
| 11 | ov_011 | 1.925512115156093 × 10^297 |
| 12 | ov_012 | 1.560269501799775 × 10^297 |
| 13 | ov_013 | 1.2497779286606037 × 10^297 |
| 14 | ov_014 | 9.882354803809334 × 10^296 |
| 15 | ov_015 | 7.701802390684007 × 10^296 |
| 16 | ov_016 | 5.9048428974083864 × 10^296 |
| 17 | ov_017 | 4.443490320999214 × 10^296 |
| 18 | ov_018 | 3.273015270485272 × 10^296 |
| 19 | ov_019 | 2.3519167406467535 × 10^296 |
| 20 | ov_020 | 1.6419007854090198 × 10^296 |
| 21 | ov_021 | 1.107864969322052 × 10^296 |
| 22 | ov_022 | 7.17887513249047 × 10^295 |
| 23 | ov_023 | 4.432200019117769 × 10^295 |
| 24 | ov_024 | 2.582826445765025 × 10^295 |
| 25 | ov_025 | 1.4066137593715994 × 10^295 |
| 26 | ov_026 | 7.11062686004674 × 10^294 |
| 27 | ov_027 | 3.353078649744445 × 10^294 |
| 28 | ov_028 | 1.5011490666404224 × 10^294 |
| 29 | ov_029 | 5.787944596703596 × 10^293 |
| 30 | ov_030 | 1.7706757321602165 × 10^293 |
| 31 | ov_031 | 3.456896032266408 × 10^292 |
| 32 | lv_80_m31 | 6.748377072678811 × 10^291 |
| 33 | ov_033 | 8.086656875222527 × 10^292 |
| 34 | ov_034 | 7.026563331554926 × 10^292 |
| 35 | ov_035 | 6.0768963342754 × 10^292 |
| 36 | ov_036 | 5.227903955416107 × 10^292 |
| 37 | ov_037 | 4.470358752459279 × 10^292 |
| 38 | ov_038 | 3.7955210451307386 × 10^292 |
| 39 | ov_039 | 3.195107228920116 × 10^292 |
| 40 | ov_040 | 2.6650858583584425 × 10^292 |
| 41 | ov_041 | 2.2016336996238915 × 10^292 |
| 42 | ov_042 | 1.801125147614196 × 10^292 |
| 43 | ov_043 | 1.4601233484288983 × 10^292 |
| 44 | ov_044 | 1.1722926769437494 × 10^292 |
| 45 | ov_045 | 9.316432465235875 × 10^291 |
| 46 | ov_046 | 7.325220673148503 × 10^291 |
| 47 | ov_047 | 5.696060139767665 × 10^291 |
| 48 | ov_048 | 4.378963117596215 × 10^291 |
| 49 | ov_049 | 3.327142723082119 × 10^291 |
| 50 | ov_050 | 2.496980326234038 × 10^291 |
| 51 | ov_051 | 1.8480008371975145 × 10^291 |
| 52 | ov_052 | 1.3428542980244775 × 10^291 |
| 53 | ov_053 | 9.473026893121195 × 10^290 |
| 54 | ov_054 | 6.450036343157302 × 10^290 |
| 55 | ov_055 | 4.211645191792683 × 10^290 |
| 56 | ov_056 | 2.625403349679414 × 10^290 |
| 57 | ov_057 | 1.5743237192502015 × 10^290 |
| 58 | ov_058 | 8.707942942195127 × 10^289 |
| 59 | ov_059 | 4.287347599182659 × 10^289 |
| 60 | ov_060 | 1.7751430900314562 × 10^289 |
| 61 | ov_061 | 6.195095214371749 × 10^288 |
| 62 | ov_062 | 1.697894525366575 × 10^288 |
| 63 | ov_063 | 3.306099067013756 × 10^287 |
| 64 | lv_79_m31 | 6.436130865473333 × 10^286 |
| 65 | ov_065 | 7.668860769418912 × 10^287 |
| 66 | ov_066 | 7.668835948298543 × 10^287 |
| 67 | ov_067 | 7.66882987337062 × 10^287 |
| 68 | ov_068 | 6.6211957970051095 × 10^287 |
| 69 | ov_069 | 5.6880973761295815 × 10^287 |
| 70 | ov_070 | 4.860135280895694 × 10^287 |
| 71 | ov_071 | 4.1284885623464496 × 10^287 |
| 72 | ov_072 | 3.4848754750058025 × 10^287 |
| 73 | ov_073 | 2.921517762908405 × 10^287 |
| 74 | ov_074 | 2.431108226513599 × 10^287 |
| 75 | ov_075 | 2.006781394751027 × 10^287 |
| 76 | ov_076 | 1.642087132017869 × 10^287 |
| 77 | ov_077 | 1.3309670144558124 × 10^287 |
| 78 | ov_078 | 1.0677333134346723 × 10^287 |
| 79 | ov_079 | 8.470504270035834 × 10^286 |
| 80 | ov_080 | 6.639186022736668 × 10^286 |
| 81 | ov_081 | 5.136597933896827 × 10^286 |
| 82 | ov_082 | 3.919055010364666 × 10^286 |
| 83 | ov_083 | 2.945864403890748 × 10^286 |
| 84 | ov_084 | 2.179238851124065 × 10^286 |
| 85 | ov_085 | 1.584225354965136 × 10^286 |
| 86 | ov_086 | 1.1286475912853532 × 10^286 |
| 87 | ov_087 | 7.830605270032776 × 10^285 |
| 88 | ov_088 | 5.207157367162346 × 10^285 |
| 89 | ov_089 | 3.2890944562026566 × 10^285 |
| 90 | ov_090 | 1.9626811388001376 × 10^285 |
| 91 | ov_091 | 1.1274125527594295 × 10^285 |
| 92 | ov_092 | 6.2181108700544034 × 10^284 |
| 93 | ov_093 | 3.1070795082670192 × 10^284 |
| 94 | ov_094 | 1.3309286267914836 × 10^284 |
| 95 | aaa_78_28 | 4.1098721226217662 × 10^283 |
| 96 | aaa_78_29 | 1.262202907944097 × 10^283 |
| 97 | ov_097 | 8.333992229110935 × 10^282 |
| 98 | ov_098 | 8.333743628392867 × 10^282 |
| 99 | ov_099 | 8.33366428336731 × 10^282 |
| 100 | ov_100 | 7.499296125387551 × 10^282 |
| 101 | ov_101 | 6.726452699213353 × 10^282 |
| 102 | ov_102 | 6.011772758424577 × 10^282 |
| 103 | ov_103 | 5.352139101036676 × 10^282 |
| 104 | ov_104 | 4.7446463080431953 × 10^282 |
| 105 | ov_105 | 4.1865714957131037 × 10^282 |
| 106 | ov_106 | 3.675347926096303 × 10^282 |
| 107 | ov_107 | 3.208541325690974 × 10^282 |
| 108 | ov_108 | 2.783828766638393 × 10^282 |
| 109 | ov_109 | 2.398979968291161 × 10^282 |
| 110 | ov_110 | 2.051840879687977 × 10^282 |
| 111 | ov_111 | 1.740319405494949 × 10^282 |
| 112 | ov_112 | 1.46237313946296 × 10^282 |
| 113 | ov_113 | 1.2159989705160616 × 10^282 |
| 114 | ov_114 | 9.992244273293918 × 10^281 |
| 115 | ov_115 | 8.101006277635511 × 10^281 |
| 116 | ov_116 | 6.466966998620645 × 10^281 |
| 117 | ov_117 | 5.070953989531397 × 10^281 |
| 118 | ov_118 | 3.893895197499598 × 10^281 |
| 119 | ov_119 | 2.91678878008463 × 10^281 |
| 120 | ov_120 | 2.1206788790456137 × 10^281 |
| 121 | ov_121 | 1.4866383729235302 × 10^281 |
| 122 | ov_122 | 9.957577785072444 × 10^280 |
| 123 | ov_123 | 6.291379516077222 × 10^280 |
| 124 | ov_124 | 3.678851633876778 × 10^280 |
| 125 | ov_125 | 1.9310805014282468 × 10^280 |
| 126 | ov_126 | 8.591605741016967 × 10^279 |
| 127 | aaa_77_28 | 2.741884273782869 × 10^279 |
| 128 | aaa_77_29 | 1.027028618855495 × 10^279 |
| 129 | ov_129 | 9.469937384246404 × 10^278 |
| 130 | ov_130 | 9.469908655915665 × 10^278 |
| 131 | ov_131 | 9.469901712705164 × 10^278 |
| 132 | ov_132 | 8.196008037471032 × 10^278 |
| 133 | ov_133 | 7.057211611144862 × 10^278 |
| 134 | ov_134 | 6.043160304249635 × 10^278 |
| 135 | ov_135 | 5.14405363489388 × 10^278 |
| 136 | ov_136 | 4.350603379260436 × 10^278 |
| 137 | ov_137 | 3.65399972466439 × 10^278 |
| 138 | ov_138 | 3.0458824275750216 × 10^278 |
| 139 | ov_139 | 2.51831646642648 × 10^278 |
| 140 | ov_140 | 2.0637717056907885 × 10^278 |
| 141 | ov_141 | 1.675106113730495 × 10^278 |
| 142 | ov_142 | 1.345552102533049 × 10^278 |
| 143 | ov_143 | 1.0687055826737 × 10^278 |
| 144 | ov_144 | 8.385173518518588 × 10^277 |
| 145 | ov_145 | 6.4928646016854785 × 10^277 |
| 146 | ov_146 | 4.9565522001242 × 10^277 |
| 147 | ov_147 | 3.7260555303756824 × 10^277 |
| 148 | ov_148 | 2.754563912762716 × 10^277 |
| 149 | ov_149 | 1.9986187395385747 × 10^277 |
| 150 | ov_150 | 1.4181011763416643 × 10^277 |
| 151 | ov_151 | 9.762239496164491 × 10^276 |
| 152 | ov_152 | 6.395261030618809 × 10^276 |
| 153 | ov_153 | 3.921082390597543 × 10^276 |
| 154 | ov_154 | 2.1973197798389108 × 10^276 |
| 155 | ov_155 | 1.0981932316674383 × 10^276 |
| 156 | aaa_76_25 | 4.219418370099 × 10^275 |
| 157 | aaa_76_26 | 2.436163380962737 × 10^275 |
| 158 | aaa_76_27 | 1.246780567872257 × 10^275 |
| 159 | aaa_76_28 | 4.8530239794120925 × 10^274 |
| 160 | aaa_76_29 | 1.4754813108558233 × 10^274 |

### Output Bits Sorted by Complexity

| Rank | Output Bit | Complexity |
|:----:|:----------:|:----------:|
| 160 | aaa_76_29 | 1.4754813108558233 × 10^274 |
| 159 | aaa_76_28 | 4.8530239794120925 × 10^274 |
| 158 | aaa_76_27 | 1.246780567872257 × 10^275 |
| 157 | aaa_76_26 | 2.436163380962737 × 10^275 |
| 156 | aaa_76_25 | 4.219418370099 × 10^275 |
| 155 | ov_155 | 1.0981932316674383 × 10^276 |
| 154 | ov_154 | 2.1973197798389108 × 10^276 |
| 153 | ov_153 | 3.921082390597543 × 10^276 |
| 152 | ov_152 | 6.395261030618809 × 10^276 |
| 151 | ov_151 | 9.762239496164491 × 10^276 |
| 150 | ov_150 | 1.4181011763416643 × 10^277 |
| 149 | ov_149 | 1.9986187395385747 × 10^277 |
| 148 | ov_148 | 2.754563912762716 × 10^277 |
| 147 | ov_147 | 3.7260555303756824 × 10^277 |
| 146 | ov_146 | 4.9565522001242 × 10^277 |
| 145 | ov_145 | 6.4928646016854785 × 10^277 |
| 144 | ov_144 | 8.385173518518588 × 10^277 |
| 143 | ov_143 | 1.0687055826737 × 10^278 |
| 142 | ov_142 | 1.345552102533049 × 10^278 |
| 141 | ov_141 | 1.675106113730495 × 10^278 |
| 140 | ov_140 | 2.0637717056907885 × 10^278 |
| 139 | ov_139 | 2.51831646642648 × 10^278 |
| 138 | ov_138 | 3.0458824275750216 × 10^278 |
| 137 | ov_137 | 3.65399972466439 × 10^278 |
| 136 | ov_136 | 4.350603379260436 × 10^278 |
| 135 | ov_135 | 5.14405363489388 × 10^278 |
| 134 | ov_134 | 6.043160304249635 × 10^278 |
| 133 | ov_133 | 7.057211611144862 × 10^278 |
| 132 | ov_132 | 8.196008037471032 × 10^278 |
| 131 | ov_131 | 9.469901712705164 × 10^278 |
| 130 | ov_130 | 9.469908655915665 × 10^278 |
| 129 | ov_129 | 9.469937384246404 × 10^278 |
| 128 | aaa_77_29 | 1.027028618855495 × 10^279 |
| 127 | aaa_77_28 | 2.741884273782869 × 10^279 |
| 126 | ov_126 | 8.591605741016967 × 10^279 |
| 125 | ov_125 | 1.9310805014282468 × 10^280 |
| 124 | ov_124 | 3.678851633876778 × 10^280 |
| 123 | ov_123 | 6.291379516077222 × 10^280 |
| 122 | ov_122 | 9.957577785072444 × 10^280 |
| 121 | ov_121 | 1.4866383729235302 × 10^281 |
| 120 | ov_120 | 2.1206788790456137 × 10^281 |
| 119 | ov_119 | 2.91678878008463 × 10^281 |
| 118 | ov_118 | 3.893895197499598 × 10^281 |
| 117 | ov_117 | 5.070953989531397 × 10^281 |
| 116 | ov_116 | 6.466966998620645 × 10^281 |
| 115 | ov_115 | 8.101006277635511 × 10^281 |
| 114 | ov_114 | 9.992244273293918 × 10^281 |
| 113 | ov_113 | 1.2159989705160616 × 10^282 |
| 112 | ov_112 | 1.46237313946296 × 10^282 |
| 111 | ov_111 | 1.740319405494949 × 10^282 |
| 110 | ov_110 | 2.051840879687977 × 10^282 |
| 109 | ov_109 | 2.398979968291161 × 10^282 |
| 108 | ov_108 | 2.783828766638393 × 10^282 |
| 107 | ov_107 | 3.208541325690974 × 10^282 |
| 106 | ov_106 | 3.675347926096303 × 10^282 |
| 105 | ov_105 | 4.1865714957131037 × 10^282 |
| 104 | ov_104 | 4.7446463080431953 × 10^282 |
| 103 | ov_103 | 5.352139101036676 × 10^282 |
| 102 | ov_102 | 6.011772758424577 × 10^282 |
| 101 | ov_101 | 6.726452699213353 × 10^282 |
| 100 | ov_100 | 7.499296125387551 × 10^282 |
| 99 | ov_099 | 8.33366428336731 × 10^282 |
| 98 | ov_098 | 8.333743628392867 × 10^282 |
| 97 | ov_097 | 8.333992229110935 × 10^282 |
| 96 | aaa_78_29 | 1.262202907944097 × 10^283 |
| 95 | aaa_78_28 | 4.1098721226217662 × 10^283 |
| 94 | ov_094 | 1.3309286267914836 × 10^284 |
| 93 | ov_093 | 3.1070795082670192 × 10^284 |
| 92 | ov_092 | 6.2181108700544034 × 10^284 |
| 91 | ov_091 | 1.1274125527594295 × 10^285 |
| 90 | ov_090 | 1.9626811388001376 × 10^285 |
| 89 | ov_089 | 3.2890944562026566 × 10^285 |
| 88 | ov_088 | 5.207157367162346 × 10^285 |
| 87 | ov_087 | 7.830605270032776 × 10^285 |
| 86 | ov_086 | 1.1286475912853532 × 10^286 |
| 85 | ov_085 | 1.584225354965136 × 10^286 |
| 84 | ov_084 | 2.179238851124065 × 10^286 |
| 83 | ov_083 | 2.945864403890748 × 10^286 |
| 82 | ov_082 | 3.919055010364666 × 10^286 |
| 81 | ov_081 | 5.136597933896827 × 10^286 |
| 64 | lv_79_m31 | 6.436130865473333 × 10^286 |
| 80 | ov_080 | 6.639186022736668 × 10^286 |
| 79 | ov_079 | 8.470504270035834 × 10^286 |
| 78 | ov_078 | 1.0677333134346723 × 10^287 |
| 77 | ov_077 | 1.3309670144558124 × 10^287 |
| 76 | ov_076 | 1.642087132017869 × 10^287 |
| 75 | ov_075 | 2.006781394751027 × 10^287 |
| 74 | ov_074 | 2.431108226513599 × 10^287 |
| 73 | ov_073 | 2.921517762908405 × 10^287 |
| 63 | ov_063 | 3.306099067013756 × 10^287 |
| 72 | ov_072 | 3.4848754750058025 × 10^287 |
| 71 | ov_071 | 4.1284885623464496 × 10^287 |
| 70 | ov_070 | 4.860135280895694 × 10^287 |
| 69 | ov_069 | 5.6880973761295815 × 10^287 |
| 68 | ov_068 | 6.6211957970051095 × 10^287 |
| 67 | ov_067 | 7.66882987337062 × 10^287 |
| 66 | ov_066 | 7.668835948298543 × 10^287 |
| 65 | ov_065 | 7.668860769418912 × 10^287 |
| 62 | ov_062 | 1.697894525366575 × 10^288 |
| 61 | ov_061 | 6.195095214371749 × 10^288 |
| 60 | ov_060 | 1.7751430900314562 × 10^289 |
| 59 | ov_059 | 4.287347599182659 × 10^289 |
| 58 | ov_058 | 8.707942942195127 × 10^289 |
| 57 | ov_057 | 1.5743237192502015 × 10^290 |
| 56 | ov_056 | 2.625403349679414 × 10^290 |
| 55 | ov_055 | 4.211645191792683 × 10^290 |
| 54 | ov_054 | 6.450036343157302 × 10^290 |
| 53 | ov_053 | 9.473026893121195 × 10^290 |
| 52 | ov_052 | 1.3428542980244775 × 10^291 |
| 51 | ov_051 | 1.8480008371975145 × 10^291 |
| 50 | ov_050 | 2.496980326234038 × 10^291 |
| 49 | ov_049 | 3.327142723082119 × 10^291 |
| 48 | ov_048 | 4.378963117596215 × 10^291 |
| 47 | ov_047 | 5.696060139767665 × 10^291 |
| 32 | lv_80_m31 | 6.748377072678811 × 10^291 |
| 46 | ov_046 | 7.325220673148503 × 10^291 |
| 45 | ov_045 | 9.316432465235875 × 10^291 |
| 44 | ov_044 | 1.1722926769437494 × 10^292 |
| 43 | ov_043 | 1.4601233484288983 × 10^292 |
| 42 | ov_042 | 1.801125147614196 × 10^292 |
| 41 | ov_041 | 2.2016336996238915 × 10^292 |
| 40 | ov_040 | 2.6650858583584425 × 10^292 |
| 39 | ov_039 | 3.195107228920116 × 10^292 |
| 31 | ov_031 | 3.456896032266408 × 10^292 |
| 38 | ov_038 | 3.7955210451307386 × 10^292 |
| 37 | ov_037 | 4.470358752459279 × 10^292 |
| 36 | ov_036 | 5.227903955416107 × 10^292 |
| 35 | ov_035 | 6.0768963342754 × 10^292 |
| 34 | ov_034 | 7.026563331554926 × 10^292 |
| 33 | ov_033 | 8.086656875222527 × 10^292 |
| 30 | ov_030 | 1.7706757321602165 × 10^293 |
| 29 | ov_029 | 5.787944596703596 × 10^293 |
| 28 | ov_028 | 1.5011490666404224 × 10^294 |
| 27 | ov_027 | 3.353078649744445 × 10^294 |
| 26 | ov_026 | 7.11062686004674 × 10^294 |
| 25 | ov_025 | 1.4066137593715994 × 10^295 |
| 24 | ov_024 | 2.582826445765025 × 10^295 |
| 23 | ov_023 | 4.432200019117769 × 10^295 |
| 22 | ov_022 | 7.17887513249047 × 10^295 |
| 21 | ov_021 | 1.107864969322052 × 10^296 |
| 20 | ov_020 | 1.6419007854090198 × 10^296 |
| 19 | ov_019 | 2.3519167406467535 × 10^296 |
| 18 | ov_018 | 3.273015270485272 × 10^296 |
| 17 | ov_017 | 4.443490320999214 × 10^296 |
| 16 | ov_016 | 5.9048428974083864 × 10^296 |
| 15 | ov_015 | 7.701802390684007 × 10^296 |
| 14 | ov_014 | 9.882354803809334 × 10^296 |
| 13 | ov_013 | 1.2497779286606037 × 10^297 |
| 12 | ov_012 | 1.560269501799775 × 10^297 |
| 11 | ov_011 | 1.925512115156093 × 10^297 |
| 10 | ov_010 | 2.351655293771977 × 10^297 |
| 9 | ov_009 | 2.845205738680644 × 10^297 |
| 8 | ov_008 | 3.413039208982469 × 10^297 |
| 7 | ov_007 | 4.062415106870148 × 10^297 |
| 6 | ov_006 | 4.8009941785814716 × 10^297 |
| 5 | ov_005 | 5.636859770455084 × 10^297 |
| 4 | ov_004 | 6.578543105968742 × 10^297 |
| 3 | ov_003 | 7.635053044429863 × 10^297 |
| 2 | ov_002 | 8.815910710654098 × 10^297 |
| 1 | ov_001 | 1.0131189309101157 × 10^298 |

