# Results for F001-F002-F003-F004-F005-F006-F007-F008-F009-F010-F011-F012-F013-F014-F015-F016-F017-F018-F019-F020-F021-F022-F023-F024-F025-F026-F027-F028-F029-F030-F031-F032-F033-F034-F035-F036-F037-F038-F039-F040-F041-F042-F043-F044-F045-F046-F047-F048-F049-F050-F051-F052-F053-F054-F055-F056-F057-F058-F059-F060-F061-F062-F063-F064-F065-F066-F067-F068-F069-F070-F071-F072-F073-F074-F075-F076-F077-F078-F079-F080-F081-F082-F083-F084-F085-F086-F087-F088-F089-F090-F091-F092-F093-F094-F095-F096-F097-F098-F099-F100-F101-F102-F103-F104-F105-F106-F107-F108-F109-F110-F111-F112-F113-F114-F115-F116-F117-F118-F119-F120-F121-F122-F123-F124-F125-F126-F127-F128-F129-F130-F131-F132-F133-F134-F135-F136-F137-F138-F139-F140-F141-F142-F143-F144-F145-F146-F147-F148-F149-F150-F151-F152-F153-F154-F155-F156-F157-F158-F159-F160-F161-F162-F163-F164-F165-F166-F167-F168-F169-F170-F171-F172-F173-F174-F175-F176-F177-F178-F179-F180-F181-F182-F183-F184-F185-F186-F187-F188-F189-F190-F191-F192-F193-F194-F195-F196-F197-F198-F199-F200-F201-F202-F203-F204-F205-F206-F207-F208-F209-F210-F211-F212-F213-F214-F215-F216-F217-F218-F219-F220-F221-F222-F223-F224-F225-F226-F227-F228-F229-F230-F231-F232-F233-F234-F235-F236-F237-F238-F239-F240-F241-F242-F243-F244-F245-F246-F247-F248-F249-F250-F251-F252-F253-F254-F255-F256-F257-F258-F259-F260-F261-F262-F263-F264-F265-F266-F267-F268-F269-F270-F271-F272-F273-F274-F275-F276-F277-F278-F279-F280-F281-F282-F283-F284-F285-F286-F287-F288-F289-F290-F291-F292-F293-F294-F295-F296-F297-F298-F299-F300-F301-F302-F303-F304-F305-F306-F307-F308-F309-F310-F311-F312-F313-F314-F315-F316-F317-F318-F319-F320-F321-F322-F323-F324-F325-F326-F327-F328-F329-F330-F331-F332-F333-F334-F335-F336-F337-F338-F339-F340-F341-F342-F343-F344-F345-F346-F347-F348-F349-F350-F351-F352-F353-F354-F355-F356-F357-F358-F359-F360-F361-F362-F363-F364-F365-F366-F367-F368-F369-F370-F371-F372-F373-F374-F375-F376-F377-F378-F379-F380-F381-F382-F383-F384-F385-F386-F387-F388-F389-F390-F391-F392-F393-F394-F395-F396-F397-F398-F399-F400-F401-F402-F403-F404-F405-F406-F407-F408-F409-F410-F411-F412-F413-F414-F415-F416-F417-F418-F419-F420-F421-F422-F423-F424-F425-F426-F427-F428-F429-F430-F431-F432-F433-F434-F435-F436-F437-F438-F439-F440-F441-F442-F443-F444-F445-F446-F447-F448-F449-F450-F451-F452-F453-F454-F455-F456-F457-F458-F459-F460-F461-F462-F463-F464-F465-F466-F467-F468-F469-F470-F471-F472-F473-F474-F475-F476-F477-F478-F479-F480-F481-F482-F483-F484-F485-F486-F487-F488-F489-F490-F491-F492-F493-F494-F495-F496-E497502-E499505-F509-F510-F511-F512

## Summary

Number of input bits: 512  
Number of free input bits: 10  
Number of output bits: 160

Number of direct occurrences: 40335  
Number of assignments: 31058  
Number of operations: 10815486
(xor: 10787467,
and: 14733,
or: 13286)

Total complexity: 5.6240121813425543 × 10^297

Least occurring input variable: iv_504 (3875)  
Most occurring input variable: iv_497 (4156)

Most co-occurring input variables: iv_507-iv_508 (2016)  
Least co-occurring input variables: iv_499-iv_506 (1798)

Potentially most occurring input variable: iv_497/iv_499 (4467)  
Potentially least occurring input variable: iv_499/iv_504 (4080)

Least output occurring input variable: iv_499 (57)  
Most output occurring input variable: iv_498 (88)

Most output co-occurring input variables: iv_498-iv_501 (48)  
Least output co-occurring input variables: iv_499-iv_501 (25)

Potentially most output occurring input variable: iv_499/iv_501 (90)  
Potentially least output occurring input variable: iv_499/iv_508 (68)

Least complex input bit: iv_498 (3.994326211432847 × 10^295)  
Most complex input bit: iv_499 (1.252869487738025 × 10^297)

Least complex output bit: aaa_76_29 (1.267269196877657 × 10^273)  
Most complex output bit: ov_001 (8.9960916111101 × 10^296)

Least complex input/output complexity: iv_498/aaa_76_29 (9.000490053742223 × 10^270)  
Most complex input/output complexity: iv_499/ov_001 (2.004072595334468 × 10^296)

## Input Bits

### Input Bits in Regular Order

| Input Bit | Complexity | Occurrences | Output Occurrences |
|:---------:|:----------:|:-----------:|:------------------:|
| iv_497 | 3.3501556638326757 × 10^296 | 4156 | 71 |
| iv_498 | 3.994326211432847 × 10^295 | 3888 | 88 |
| iv_499 | 1.252869487738025 × 10^297 | 4125 | 57 |
| iv_500 | 1.187288849708461 × 10^296 | 4067 | 76 |
| iv_501 | 1.954322534853398 × 10^296 | 4028 | 83 |
| iv_503 | 4.989725960690769 × 10^296 | 4001 | 75 |
| iv_504 | 7.749553724329356 × 10^296 | 3875 | 78 |
| iv_506 | 5.913784203045105 × 10^296 | 3906 | 82 |
| iv_507 | 8.415207363766206 × 10^296 | 4136 | 76 |
| iv_508 | 9.751956014676124 × 10^296 | 4153 | 81 |

### Input Bits Sorted by Complexity

| Input Bit | Complexity | Occurrences | Output Occurrences |
|:---------:|:----------:|:-----------:|:------------------:|
| iv_498 | 3.994326211432847 × 10^295 | 3888 | 88 |
| iv_500 | 1.187288849708461 × 10^296 | 4067 | 76 |
| iv_501 | 1.954322534853398 × 10^296 | 4028 | 83 |
| iv_497 | 3.3501556638326757 × 10^296 | 4156 | 71 |
| iv_503 | 4.989725960690769 × 10^296 | 4001 | 75 |
| iv_506 | 5.913784203045105 × 10^296 | 3906 | 82 |
| iv_504 | 7.749553724329356 × 10^296 | 3875 | 78 |
| iv_507 | 8.415207363766206 × 10^296 | 4136 | 76 |
| iv_508 | 9.751956014676124 × 10^296 | 4153 | 81 |
| iv_499 | 1.252869487738025 × 10^297 | 4125 | 57 |

### Input Bits Sorted by Occurrences

| Input Bit | Complexity | Occurrences | Output Occurrences |
|:---------:|:----------:|:-----------:|:------------------:|
| iv_504 | 7.749553724329356 × 10^296 | 3875 | 78 |
| iv_498 | 3.994326211432847 × 10^295 | 3888 | 88 |
| iv_506 | 5.913784203045105 × 10^296 | 3906 | 82 |
| iv_503 | 4.989725960690769 × 10^296 | 4001 | 75 |
| iv_501 | 1.954322534853398 × 10^296 | 4028 | 83 |
| iv_500 | 1.187288849708461 × 10^296 | 4067 | 76 |
| iv_499 | 1.252869487738025 × 10^297 | 4125 | 57 |
| iv_507 | 8.415207363766206 × 10^296 | 4136 | 76 |
| iv_508 | 9.751956014676124 × 10^296 | 4153 | 81 |
| iv_497 | 3.3501556638326757 × 10^296 | 4156 | 71 |

### Input Bits Sorted by Output Occurrences

| Input Bit | Complexity | Occurrences | Output Occurrences |
|:---------:|:----------:|:-----------:|:------------------:|
| iv_499 | 1.252869487738025 × 10^297 | 4125 | 57 |
| iv_497 | 3.3501556638326757 × 10^296 | 4156 | 71 |
| iv_503 | 4.989725960690769 × 10^296 | 4001 | 75 |
| iv_500 | 1.187288849708461 × 10^296 | 4067 | 76 |
| iv_507 | 8.415207363766206 × 10^296 | 4136 | 76 |
| iv_504 | 7.749553724329356 × 10^296 | 3875 | 78 |
| iv_508 | 9.751956014676124 × 10^296 | 4153 | 81 |
| iv_506 | 5.913784203045105 × 10^296 | 3906 | 82 |
| iv_501 | 1.954322534853398 × 10^296 | 4028 | 83 |
| iv_498 | 3.994326211432847 × 10^295 | 3888 | 88 |

## Input Bit Co-occurrences

### Input Bit Co-occurrences Sorted by Co-occurrences

| Input Bits | Co-occurrences | Potential Occurrences | Output Co-occurrences | Potential Output Occurrences |
|:----------:|:--------------:|:---------------------:|:---------------------:|:----------------------------:|
| iv_507-iv_508 | 2016 | 4257 | 43 | 71 |
| iv_497-iv_507 | 1997 | 4298 | 34 | 79 |
| iv_497-iv_501 | 1975 | 4234 | 36 | 82 |
| iv_497-iv_500 | 1965 | 4293 | 38 | 71 |
| iv_499-iv_508 | 1963 | 4352 | 35 | 68 |
| iv_499-iv_507 | 1963 | 4335 | 29 | 75 |
| iv_500-iv_508 | 1962 | 4296 | 36 | 85 |
| iv_499-iv_504 | 1960 | 4080 | 27 | 81 |
| iv_500-iv_507 | 1958 | 4287 | 35 | 82 |
| iv_506-iv_507 | 1957 | 4128 | 39 | 80 |

### Input Bit Co-occurrences Sorted by Potential Occurrences

| Input Bits | Co-occurrences | Potential Occurrences | Output Co-occurrences | Potential Output Occurrences |
|:----------:|:--------------:|:---------------------:|:---------------------:|:----------------------------:|
| iv_499-iv_504 | 1960 | 4080 | 27 | 81 |
| iv_504-iv_506 | 1847 | 4087 | 42 | 76 |
| iv_506-iv_507 | 1957 | 4128 | 39 | 80 |
| iv_498-iv_504 | 1814 | 4135 | 46 | 74 |
| iv_498-iv_506 | 1818 | 4158 | 41 | 88 |
| iv_500-iv_504 | 1881 | 4180 | 38 | 78 |
| iv_500-iv_506 | 1895 | 4183 | 36 | 86 |
| iv_503-iv_504 | 1843 | 4190 | 34 | 85 |
| iv_503-iv_506 | 1858 | 4191 | 38 | 81 |
| iv_500-iv_501 | 1943 | 4209 | 41 | 77 |

### Input Bit Output Co-occurrences Sorted by Output Co-occurrences

| Input Bits | Co-occurrences | Potential Occurrences | Output Co-occurrences | Potential Output Occurrences |
|:----------:|:--------------:|:---------------------:|:---------------------:|:----------------------------:|
| iv_498-iv_501 | 1843 | 4230 | 48 | 75 |
| iv_498-iv_504 | 1814 | 4135 | 46 | 74 |
| iv_498-iv_508 | 1838 | 4365 | 45 | 79 |
| iv_501-iv_506 | 1834 | 4266 | 44 | 77 |
| iv_498-iv_507 | 1876 | 4272 | 43 | 78 |
| iv_498-iv_503 | 1828 | 4233 | 43 | 77 |
| iv_507-iv_508 | 2016 | 4257 | 43 | 71 |
| iv_504-iv_506 | 1847 | 4087 | 42 | 76 |
| iv_498-iv_506 | 1818 | 4158 | 41 | 88 |
| iv_500-iv_501 | 1943 | 4209 | 41 | 77 |

### Input Bit Output Co-occurrences Sorted by Potential Output Occurrences

| Input Bits | Co-occurrences | Potential Occurrences | Output Co-occurrences | Potential Output Occurrences |
|:----------:|:--------------:|:---------------------:|:---------------------:|:----------------------------:|
| iv_499-iv_508 | 1963 | 4352 | 35 | 68 |
| iv_497-iv_500 | 1965 | 4293 | 38 | 71 |
| iv_507-iv_508 | 2016 | 4257 | 43 | 71 |
| iv_497-iv_499 | 1907 | 4467 | 28 | 72 |
| iv_499-iv_503 | 1880 | 4366 | 30 | 72 |
| iv_497-iv_504 | 1882 | 4267 | 38 | 73 |
| iv_498-iv_499 | 1809 | 4395 | 36 | 73 |
| iv_500-iv_503 | 1918 | 4232 | 39 | 73 |
| iv_498-iv_504 | 1814 | 4135 | 46 | 74 |
| iv_497-iv_506 | 1847 | 4368 | 39 | 75 |

## Output Bits

### Output Bits in Regular Order

| Rank | Output Bit | Complexity |
|:----:|:----------:|:----------:|
| 1 | ov_001 | 8.9960916111101 × 10^296 |
| 2 | ov_002 | 7.80163628138581 × 10^296 |
| 3 | ov_003 | 6.7316269579155365 × 10^296 |
| 4 | ov_004 | 5.776634134211028 × 10^296 |
| 5 | ov_005 | 4.9277424427612764 × 10^296 |
| 6 | ov_006 | 4.17651399536008 × 10^296 |
| 7 | ov_007 | 3.514956456561838 × 10^296 |
| 8 | ov_008 | 2.935495542720157 × 10^296 |
| 9 | ov_009 | 2.430951604156066 × 10^296 |
| 10 | ov_010 | 1.9945198851858286 × 10^296 |
| 11 | ov_011 | 1.6197540520792327 × 10^296 |
| 12 | ov_012 | 1.3005526024349863 × 10^296 |
| 13 | ov_013 | 1.0311477924368345 × 10^296 |
| 14 | ov_014 | 8.060967410934083 × 10^295 |
| 15 | ov_015 | 6.20274392949783 × 10^295 |
| 16 | ov_016 | 4.688680429560451 × 10^295 |
| 17 | ov_017 | 3.473731492397927 × 10^295 |
| 18 | ov_018 | 2.51590181494466 × 10^295 |
| 19 | ov_019 | 1.776222745924434 × 10^295 |
| 20 | ov_020 | 1.218734891892032 × 10^295 |
| 21 | ov_021 | 8.104753246383617 × 10^294 |
| 22 | ov_022 | 5.2146839416058886 × 10^294 |
| 23 | ov_023 | 3.247193770509393 × 10^294 |
| 24 | ov_024 | 1.9621029907275978 × 10^294 |
| 25 | ov_025 | 1.148973795847605 × 10^294 |
| 26 | ov_026 | 6.270963202842709 × 10^293 |
| 27 | ov_027 | 3.135464540777641 × 10^293 |
| 28 | ov_028 | 1.4025980002125944 × 10^293 |
| 29 | ov_029 | 5.403101225469296 × 10^292 |
| 30 | ov_030 | 1.6513622919328806 × 10^292 |
| 31 | ov_031 | 3.220134605397679 × 10^291 |
| 32 | lv_80_m31 | 6.278162319666157 × 10^290 |
| 33 | ov_033 | 7.522327670215044 × 10^291 |
| 34 | ov_034 | 6.522455023794277 × 10^291 |
| 35 | ov_035 | 5.628001910834047 × 10^291 |
| 36 | ov_036 | 4.830396124001912 × 10^291 |
| 37 | ov_037 | 4.121526446677847 × 10^291 |
| 38 | ov_038 | 3.4937102146584494 × 10^291 |
| 39 | ov_039 | 2.939665315082606 × 10^291 |
| 40 | ov_040 | 2.4524861868334736 × 10^291 |
| 41 | ov_041 | 2.025623413258673 × 10^291 |
| 42 | ov_042 | 1.6558889833758155 × 10^291 |
| 43 | ov_043 | 1.3402604370649021 × 10^291 |
| 44 | ov_044 | 1.073164654144317 × 10^291 |
| 45 | ov_045 | 8.493316274944878 × 10^290 |
| 46 | ov_046 | 6.6378672275224725 × 10^290 |
| 47 | ov_047 | 5.118445672648712 × 10^290 |
| 48 | ov_048 | 3.891043150492704 × 10^290 |
| 49 | ov_049 | 2.9144605405243366 × 10^290 |
| 50 | ov_050 | 2.15028141198259 × 10^290 |
| 51 | ov_051 | 1.5628526961321005 × 10^290 |
| 52 | ov_052 | 1.1192709111807372 × 10^290 |
| 53 | ov_053 | 7.893724321103107 × 10^289 |
| 54 | ov_054 | 5.45726698483167 × 10^289 |
| 55 | ov_055 | 3.6363161908417574 × 10^289 |
| 56 | ov_056 | 2.3141780950016594 × 10^289 |
| 57 | ov_057 | 1.3877807164009374 × 10^289 |
| 58 | ov_058 | 7.676673371819333 × 10^288 |
| 59 | ov_059 | 3.779929969883457 × 10^288 |
| 60 | ov_060 | 1.5652286621973865 × 10^288 |
| 61 | ov_061 | 5.463164625445686 × 10^287 |
| 62 | ov_062 | 1.4974747935811784 × 10^287 |
| 63 | ov_063 | 2.916224322835145 × 10^286 |
| 64 | lv_79_m31 | 5.677880798077513 × 10^285 |
| 65 | ov_065 | 6.744643872904826 × 10^286 |
| 66 | ov_066 | 6.744622275238828 × 10^286 |
| 67 | ov_067 | 6.744616989114998 × 10^286 |
| 68 | ov_068 | 5.822541503279109 × 10^286 |
| 69 | ov_069 | 5.000812202294854 × 10^286 |
| 70 | ov_070 | 4.2712495784188025 × 10^286 |
| 71 | ov_071 | 3.6261775768022756 × 10^286 |
| 72 | ov_072 | 3.0583894963016807 × 10^286 |
| 73 | ov_073 | 2.5611169012755347 × 10^286 |
| 74 | ov_074 | 2.1280013860663397 × 10^286 |
| 75 | ov_075 | 1.7530690398038217 × 10^286 |
| 76 | ov_076 | 1.4307074640208146 × 10^286 |
| 77 | ov_077 | 1.1556451994830455 × 10^286 |
| 78 | ov_078 | 9.229334217329204 × 10^285 |
| 79 | ov_079 | 7.279297672596844 × 10^285 |
| 80 | ov_080 | 5.662841540492826 × 10^285 |
| 81 | ov_081 | 4.339264616430002 × 10^285 |
| 82 | ov_082 | 3.2705593684138446 × 10^285 |
| 83 | ov_083 | 2.4213219191587953 × 10^285 |
| 84 | ov_084 | 1.75867662708057 × 10^285 |
| 85 | ov_085 | 1.2522139436067734 × 10^285 |
| 86 | ov_086 | 8.739402267510422 × 10^284 |
| 87 | ov_087 | 5.982381925474128 × 10^284 |
| 88 | ov_088 | 4.018366869741026 × 10^284 |
| 89 | ov_089 | 2.6378846159746787 × 10^284 |
| 90 | ov_090 | 1.6545463648642412 × 10^284 |
| 91 | ov_091 | 9.809129848402248 × 10^283 |
| 92 | ov_092 | 5.4101683207005435 × 10^283 |
| 93 | ov_093 | 2.703397958278253 × 10^283 |
| 94 | ov_094 | 1.1580250870928753 × 10^283 |
| 95 | aaa_78_28 | 3.5759941155615366 × 10^282 |
| 96 | aaa_78_29 | 1.0982625914162943 × 10^282 |
| 97 | ov_097 | 7.254114905384225 × 10^281 |
| 98 | ov_098 | 7.253897848791978 × 10^281 |
| 99 | ov_099 | 7.253828552746205 × 10^281 |
| 100 | ov_100 | 6.528030707303866 × 10^281 |
| 101 | ov_101 | 5.8557078961276654 × 10^281 |
| 102 | ov_102 | 5.233936743676843 × 10^281 |
| 103 | ov_103 | 4.660007294960178 × 10^281 |
| 104 | ov_104 | 4.131394911404794 × 10^281 |
| 105 | ov_105 | 3.6457347526266705 × 10^281 |
| 106 | ov_106 | 3.200798712303051 × 10^281 |
| 107 | ov_107 | 2.7944746808278617 × 10^281 |
| 108 | ov_108 | 2.4247480109738817 × 10^281 |
| 109 | ov_109 | 2.0896850655287177 × 10^281 |
| 110 | ov_110 | 1.787418727938281 × 10^281 |
| 111 | ov_111 | 1.5161357584992857 × 10^281 |
| 112 | ov_112 | 1.274065879700316 × 10^281 |
| 113 | ov_113 | 1.0594724750196319 × 10^281 |
| 114 | ov_114 | 8.706447859387068 × 10^280 |
| 115 | ov_115 | 7.058914922056382 × 10^280 |
| 116 | ov_116 | 5.635355605502989 × 10^280 |
| 117 | ov_117 | 4.419102471613859 × 10^280 |
| 118 | ov_118 | 3.3935613931012835 × 10^280 |
| 119 | ov_119 | 2.5421902745972495 × 10^280 |
| 120 | ov_120 | 1.8484831944852522 × 10^280 |
| 121 | ov_121 | 1.2959583107688644 × 10^280 |
| 122 | ov_122 | 8.681489584673309 × 10^279 |
| 123 | ov_123 | 5.485973660671985 × 10^279 |
| 124 | ov_124 | 3.2085041856697265 × 10^279 |
| 125 | ov_125 | 1.6845703383920142 × 10^279 |
| 126 | ov_126 | 7.496682498757092 × 10^278 |
| 127 | aaa_77_28 | 2.392958717234672 × 10^278 |
| 128 | aaa_77_29 | 8.965265056373542 × 10^277 |
| 129 | ov_129 | 8.24072374425384 × 10^277 |
| 130 | ov_130 | 8.24069908301023 × 10^277 |
| 131 | ov_131 | 8.24069312684913 × 10^277 |
| 132 | ov_132 | 7.135845286123363 × 10^277 |
| 133 | ov_133 | 6.14355507527158 × 10^277 |
| 134 | ov_134 | 5.259277800874754 × 10^277 |
| 135 | ov_135 | 4.4746327940111815 × 10^277 |
| 136 | ov_136 | 3.7816723362263004 × 10^277 |
| 137 | ov_137 | 3.1728529827320997 × 10^277 |
| 138 | ov_138 | 2.6410112522202835 × 10^277 |
| 139 | ov_139 | 2.1793432324621405 × 10^277 |
| 140 | ov_140 | 1.7813876740862852 × 10^277 |
| 141 | ov_141 | 1.4410121676802913 × 10^277 |
| 142 | ov_142 | 1.1524020217798941 × 10^277 |
| 143 | ov_143 | 9.100514814909562 × 10^276 |
| 144 | ov_144 | 7.087569495119851 × 10^276 |
| 145 | ov_145 | 5.436118932444875 × 10^276 |
| 146 | ov_146 | 4.100031435315946 × 10^276 |
| 147 | ov_147 | 3.03608312374144 × 10^276 |
| 148 | ov_148 | 2.203940787502857 × 10^276 |
| 149 | ov_149 | 1.5661511341757308 × 10^276 |
| 150 | ov_150 | 1.0881343531143117 × 10^276 |
| 151 | ov_151 | 7.38180227658192 × 10^275 |
| 152 | ov_152 | 4.8744557341986766 × 10^275 |
| 153 | ov_153 | 3.099524224709885 × 10^275 |
| 154 | ov_154 | 1.825867559918186 × 10^275 |
| 155 | ov_155 | 9.450742085624302 × 10^274 |
| 156 | aaa_76_25 | 3.6304679992681737 × 10^274 |
| 157 | aaa_76_26 | 2.095400123401955 × 10^274 |
| 158 | aaa_76_27 | 1.0719605977450548 × 10^274 |
| 159 | aaa_76_28 | 4.170403350439476 × 10^273 |
| 160 | aaa_76_29 | 1.267269196877657 × 10^273 |

### Output Bits Sorted by Complexity

| Rank | Output Bit | Complexity |
|:----:|:----------:|:----------:|
| 160 | aaa_76_29 | 1.267269196877657 × 10^273 |
| 159 | aaa_76_28 | 4.170403350439476 × 10^273 |
| 158 | aaa_76_27 | 1.0719605977450548 × 10^274 |
| 157 | aaa_76_26 | 2.095400123401955 × 10^274 |
| 156 | aaa_76_25 | 3.6304679992681737 × 10^274 |
| 155 | ov_155 | 9.450742085624302 × 10^274 |
| 154 | ov_154 | 1.825867559918186 × 10^275 |
| 153 | ov_153 | 3.099524224709885 × 10^275 |
| 152 | ov_152 | 4.8744557341986766 × 10^275 |
| 151 | ov_151 | 7.38180227658192 × 10^275 |
| 150 | ov_150 | 1.0881343531143117 × 10^276 |
| 149 | ov_149 | 1.5661511341757308 × 10^276 |
| 148 | ov_148 | 2.203940787502857 × 10^276 |
| 147 | ov_147 | 3.03608312374144 × 10^276 |
| 146 | ov_146 | 4.100031435315946 × 10^276 |
| 145 | ov_145 | 5.436118932444875 × 10^276 |
| 144 | ov_144 | 7.087569495119851 × 10^276 |
| 143 | ov_143 | 9.100514814909562 × 10^276 |
| 142 | ov_142 | 1.1524020217798941 × 10^277 |
| 141 | ov_141 | 1.4410121676802913 × 10^277 |
| 140 | ov_140 | 1.7813876740862852 × 10^277 |
| 139 | ov_139 | 2.1793432324621405 × 10^277 |
| 138 | ov_138 | 2.6410112522202835 × 10^277 |
| 137 | ov_137 | 3.1728529827320997 × 10^277 |
| 136 | ov_136 | 3.7816723362263004 × 10^277 |
| 135 | ov_135 | 4.4746327940111815 × 10^277 |
| 134 | ov_134 | 5.259277800874754 × 10^277 |
| 133 | ov_133 | 6.14355507527158 × 10^277 |
| 132 | ov_132 | 7.135845286123363 × 10^277 |
| 131 | ov_131 | 8.24069312684913 × 10^277 |
| 130 | ov_130 | 8.24069908301023 × 10^277 |
| 129 | ov_129 | 8.24072374425384 × 10^277 |
| 128 | aaa_77_29 | 8.965265056373542 × 10^277 |
| 127 | aaa_77_28 | 2.392958717234672 × 10^278 |
| 126 | ov_126 | 7.496682498757092 × 10^278 |
| 125 | ov_125 | 1.6845703383920142 × 10^279 |
| 124 | ov_124 | 3.2085041856697265 × 10^279 |
| 123 | ov_123 | 5.485973660671985 × 10^279 |
| 122 | ov_122 | 8.681489584673309 × 10^279 |
| 121 | ov_121 | 1.2959583107688644 × 10^280 |
| 120 | ov_120 | 1.8484831944852522 × 10^280 |
| 119 | ov_119 | 2.5421902745972495 × 10^280 |
| 118 | ov_118 | 3.3935613931012835 × 10^280 |
| 117 | ov_117 | 4.419102471613859 × 10^280 |
| 116 | ov_116 | 5.635355605502989 × 10^280 |
| 115 | ov_115 | 7.058914922056382 × 10^280 |
| 114 | ov_114 | 8.706447859387068 × 10^280 |
| 113 | ov_113 | 1.0594724750196319 × 10^281 |
| 112 | ov_112 | 1.274065879700316 × 10^281 |
| 111 | ov_111 | 1.5161357584992857 × 10^281 |
| 110 | ov_110 | 1.787418727938281 × 10^281 |
| 109 | ov_109 | 2.0896850655287177 × 10^281 |
| 108 | ov_108 | 2.4247480109738817 × 10^281 |
| 107 | ov_107 | 2.7944746808278617 × 10^281 |
| 106 | ov_106 | 3.200798712303051 × 10^281 |
| 105 | ov_105 | 3.6457347526266705 × 10^281 |
| 104 | ov_104 | 4.131394911404794 × 10^281 |
| 103 | ov_103 | 4.660007294960178 × 10^281 |
| 102 | ov_102 | 5.233936743676843 × 10^281 |
| 101 | ov_101 | 5.8557078961276654 × 10^281 |
| 100 | ov_100 | 6.528030707303866 × 10^281 |
| 99 | ov_099 | 7.253828552746205 × 10^281 |
| 98 | ov_098 | 7.253897848791978 × 10^281 |
| 97 | ov_097 | 7.254114905384225 × 10^281 |
| 96 | aaa_78_29 | 1.0982625914162943 × 10^282 |
| 95 | aaa_78_28 | 3.5759941155615366 × 10^282 |
| 94 | ov_094 | 1.1580250870928753 × 10^283 |
| 93 | ov_093 | 2.703397958278253 × 10^283 |
| 92 | ov_092 | 5.4101683207005435 × 10^283 |
| 91 | ov_091 | 9.809129848402248 × 10^283 |
| 90 | ov_090 | 1.6545463648642412 × 10^284 |
| 89 | ov_089 | 2.6378846159746787 × 10^284 |
| 88 | ov_088 | 4.018366869741026 × 10^284 |
| 87 | ov_087 | 5.982381925474128 × 10^284 |
| 86 | ov_086 | 8.739402267510422 × 10^284 |
| 85 | ov_085 | 1.2522139436067734 × 10^285 |
| 84 | ov_084 | 1.75867662708057 × 10^285 |
| 83 | ov_083 | 2.4213219191587953 × 10^285 |
| 82 | ov_082 | 3.2705593684138446 × 10^285 |
| 81 | ov_081 | 4.339264616430002 × 10^285 |
| 80 | ov_080 | 5.662841540492826 × 10^285 |
| 64 | lv_79_m31 | 5.677880798077513 × 10^285 |
| 79 | ov_079 | 7.279297672596844 × 10^285 |
| 78 | ov_078 | 9.229334217329204 × 10^285 |
| 77 | ov_077 | 1.1556451994830455 × 10^286 |
| 76 | ov_076 | 1.4307074640208146 × 10^286 |
| 75 | ov_075 | 1.7530690398038217 × 10^286 |
| 74 | ov_074 | 2.1280013860663397 × 10^286 |
| 73 | ov_073 | 2.5611169012755347 × 10^286 |
| 63 | ov_063 | 2.916224322835145 × 10^286 |
| 72 | ov_072 | 3.0583894963016807 × 10^286 |
| 71 | ov_071 | 3.6261775768022756 × 10^286 |
| 70 | ov_070 | 4.2712495784188025 × 10^286 |
| 69 | ov_069 | 5.000812202294854 × 10^286 |
| 68 | ov_068 | 5.822541503279109 × 10^286 |
| 67 | ov_067 | 6.744616989114998 × 10^286 |
| 66 | ov_066 | 6.744622275238828 × 10^286 |
| 65 | ov_065 | 6.744643872904826 × 10^286 |
| 62 | ov_062 | 1.4974747935811784 × 10^287 |
| 61 | ov_061 | 5.463164625445686 × 10^287 |
| 60 | ov_060 | 1.5652286621973865 × 10^288 |
| 59 | ov_059 | 3.779929969883457 × 10^288 |
| 58 | ov_058 | 7.676673371819333 × 10^288 |
| 57 | ov_057 | 1.3877807164009374 × 10^289 |
| 56 | ov_056 | 2.3141780950016594 × 10^289 |
| 55 | ov_055 | 3.6363161908417574 × 10^289 |
| 54 | ov_054 | 5.45726698483167 × 10^289 |
| 53 | ov_053 | 7.893724321103107 × 10^289 |
| 52 | ov_052 | 1.1192709111807372 × 10^290 |
| 51 | ov_051 | 1.5628526961321005 × 10^290 |
| 50 | ov_050 | 2.15028141198259 × 10^290 |
| 49 | ov_049 | 2.9144605405243366 × 10^290 |
| 48 | ov_048 | 3.891043150492704 × 10^290 |
| 47 | ov_047 | 5.118445672648712 × 10^290 |
| 32 | lv_80_m31 | 6.278162319666157 × 10^290 |
| 46 | ov_046 | 6.6378672275224725 × 10^290 |
| 45 | ov_045 | 8.493316274944878 × 10^290 |
| 44 | ov_044 | 1.073164654144317 × 10^291 |
| 43 | ov_043 | 1.3402604370649021 × 10^291 |
| 42 | ov_042 | 1.6558889833758155 × 10^291 |
| 41 | ov_041 | 2.025623413258673 × 10^291 |
| 40 | ov_040 | 2.4524861868334736 × 10^291 |
| 39 | ov_039 | 2.939665315082606 × 10^291 |
| 31 | ov_031 | 3.220134605397679 × 10^291 |
| 38 | ov_038 | 3.4937102146584494 × 10^291 |
| 37 | ov_037 | 4.121526446677847 × 10^291 |
| 36 | ov_036 | 4.830396124001912 × 10^291 |
| 35 | ov_035 | 5.628001910834047 × 10^291 |
| 34 | ov_034 | 6.522455023794277 × 10^291 |
| 33 | ov_033 | 7.522327670215044 × 10^291 |
| 30 | ov_030 | 1.6513622919328806 × 10^292 |
| 29 | ov_029 | 5.403101225469296 × 10^292 |
| 28 | ov_028 | 1.4025980002125944 × 10^293 |
| 27 | ov_027 | 3.135464540777641 × 10^293 |
| 26 | ov_026 | 6.270963202842709 × 10^293 |
| 25 | ov_025 | 1.148973795847605 × 10^294 |
| 24 | ov_024 | 1.9621029907275978 × 10^294 |
| 23 | ov_023 | 3.247193770509393 × 10^294 |
| 22 | ov_022 | 5.2146839416058886 × 10^294 |
| 21 | ov_021 | 8.104753246383617 × 10^294 |
| 20 | ov_020 | 1.218734891892032 × 10^295 |
| 19 | ov_019 | 1.776222745924434 × 10^295 |
| 18 | ov_018 | 2.51590181494466 × 10^295 |
| 17 | ov_017 | 3.473731492397927 × 10^295 |
| 16 | ov_016 | 4.688680429560451 × 10^295 |
| 15 | ov_015 | 6.20274392949783 × 10^295 |
| 14 | ov_014 | 8.060967410934083 × 10^295 |
| 13 | ov_013 | 1.0311477924368345 × 10^296 |
| 12 | ov_012 | 1.3005526024349863 × 10^296 |
| 11 | ov_011 | 1.6197540520792327 × 10^296 |
| 10 | ov_010 | 1.9945198851858286 × 10^296 |
| 9 | ov_009 | 2.430951604156066 × 10^296 |
| 8 | ov_008 | 2.935495542720157 × 10^296 |
| 7 | ov_007 | 3.514956456561838 × 10^296 |
| 6 | ov_006 | 4.17651399536008 × 10^296 |
| 5 | ov_005 | 4.9277424427612764 × 10^296 |
| 4 | ov_004 | 5.776634134211028 × 10^296 |
| 3 | ov_003 | 6.7316269579155365 × 10^296 |
| 2 | ov_002 | 7.80163628138581 × 10^296 |
| 1 | ov_001 | 8.9960916111101 × 10^296 |

