# Results for F001-F002-F003-F004-F005-F006-F007-F008-F009-F010-F011-F012-F013-F014-F015-F016-F017-F018-F019-F020-F021-F022-F023-F024-F025-F026-F027-F028-F029-F030-F031-F032-F033-F034-F035-F036-F037-F038-F039-F040-F041-F042-F043-F044-F045-F046-F047-F048-F049-F050-F051-F052-F053-F054-F055-F056-F057-F058-F059-F060-F061-F062-F063-F064-F065-F066-F067-F068-F069-F070-F071-F072-F073-F074-F075-F076-F077-F078-F079-F080-F081-F082-F083-F084-F085-F086-F087-F088-F089-F090-F091-F092-F093-F094-F095-F096-F097-F098-F099-F100-F101-F102-F103-F104-F105-F106-F107-F108-F109-F110-F111-F112-F113-F114-F115-F116-F117-F118-F119-F120-F121-F122-F123-F124-F125-F126-F127-F128-F129-F130-F131-F132-F133-F134-F135-F136-F137-F138-F139-F140-F141-F142-F143-F144-F145-F146-F147-F148-F149-F150-F151-F152-F153-F154-F155-F156-F157-F158-F159-F160-F161-F162-F163-F164-F165-F166-F167-F168-F169-F170-F171-F172-F173-F174-F175-F176-F177-F178-F179-F180-F181-F182-F183-F184-F185-F186-F187-F188-F189-F190-F191-F192-F193-F194-F195-F196-F197-F198-F199-F200-F201-F202-F203-F204-F205-F206-F207-F208-F209-F210-F211-F212-F213-F214-F215-F216-F217-F218-F219-F220-F221-F222-F223-F224-F225-F226-F227-F228-F229-F230-F231-F232-F233-F234-F235-F236-F237-F238-F239-F240-F241-F242-F243-F244-F245-F246-F247-F248-F249-F250-F251-F252-F253-F254-F255-F256-F257-F258-F259-F260-F261-F262-F263-F264-F265-F266-F267-F268-F269-F270-F271-F272-F273-F274-F275-F276-F277-F278-F279-F280-F281-F282-F283-F284-F285-F286-F287-F288-F289-F290-F291-F292-F293-F294-F295-F296-F297-F298-F299-F300-F301-F302-F303-F304-F305-F306-F307-F308-F309-F310-F311-F312-F313-F314-F315-F316-F317-F318-F319-F320-F321-F322-F323-F324-F325-F326-F327-F328-F329-F330-F331-F332-F333-F334-F335-F336-F337-F338-F339-F340-F341-F342-F343-F344-F345-F346-F347-F348-F349-F350-F351-F352-F353-F354-F355-F356-F357-F358-F359-F360-F361-F362-F363-F364-F365-F366-F367-F368-F369-F370-F371-F372-F373-F374-F375-F376-F377-F378-F379-F380-F381-F382-F383-F384-F385-F386-F387-F388-F389-F390-F391-F392-F393-F394-F395-F396-F397-F398-F399-F400-F401-F402-F403-F404-F405-F406-F407-F408-F409-F410-F411-F412-F413-F414-F415-F416-F417-F418-F419-F420-F421-F422-F423-F424-F425-F426-F427-F428-F429-F430-F431-F432-F433-F434-F435-F436-F437-F438-F439-F440-F441-F442-F443-F444-F445-F446-F447-F448-F449-F450-F451-F452-F453-F454-F455-F456-F457-F458-F459-F460-F461-F462-F463-F464-F465-F466-F467-F468-F469-F470-F471-F472-F473-F474-F475-F476-F477-F478-F479-F480-F481-F482-F483-F484-F485-F486-F487-F488-F489-F490-F491-F492-F493-F494-F495-F496-O500505-O501503-F509-F510-F511-F512

## Summary

Number of input bits: 512  
Number of free input bits: 10  
Number of output bits: 160

Number of direct occurrences: 41036  
Number of assignments: 31334  
Number of operations: 11316682
(xor: 11288092,
and: 15255,
or: 13335)

Total complexity: 4.917717337949068 × 10^303

Least occurring input variable: iv_502 (3901)  
Most occurring input variable: iv_500 (4330)

Most co-occurring input variables: iv_507-iv_508 (2087)  
Least co-occurring input variables: iv_498-iv_502 (1763)

Potentially most occurring input variable: iv_500/iv_501 (4556)  
Potentially least occurring input variable: iv_499/iv_504 (4161)

Least output occurring input variable: iv_504 (75)  
Most output occurring input variable: iv_507 (86)

Most output co-occurring input variables: iv_502-iv_507 (50)  
Least output co-occurring input variables: iv_499-iv_504 (34)

Potentially most output occurring input variable: iv_497/iv_507 (94)  
Potentially least output occurring input variable: iv_502/iv_507 (70)

Least complex input bit: iv_497 (1.745373841016771 × 10^301)  
Most complex input bit: iv_500 (1.1376946679349241 × 10^303)

Least complex output bit: aaa_76_29 (2.87762060655186 × 10^278)  
Most complex output bit: ov_001 (7.866340483478687 × 10^302)

Least complex input/output complexity: iv_497/aaa_76_29 (1.0213120002421837 × 10^276)  
Most complex input/output complexity: iv_500/ov_001 (1.819847097585872 × 10^302)

## Input Bits

### Input Bits in Regular Order

| Input Bit | Complexity | Occurrences | Output Occurrences |
|:---------:|:----------:|:-----------:|:------------------:|
| iv_497 | 1.745373841016771 × 10^301 | 4113 | 82 |
| iv_498 | 3.4927693035675454 × 10^301 | 3987 | 82 |
| iv_499 | 6.167574885985625 × 10^301 | 3960 | 75 |
| iv_500 | 1.1376946679349241 × 10^303 | 4330 | 85 |
| iv_501 | 6.071076742138939 × 10^302 | 4272 | 80 |
| iv_502 | 2.7549481524919146 × 10^302 | 3901 | 84 |
| iv_504 | 6.776462895596994 × 10^302 | 3931 | 75 |
| iv_506 | 5.17120606554294 × 10^302 | 4035 | 82 |
| iv_507 | 7.358532179767735 × 10^302 | 4241 | 86 |
| iv_508 | 8.527428861545909 × 10^302 | 4266 | 85 |

### Input Bits Sorted by Complexity

| Input Bit | Complexity | Occurrences | Output Occurrences |
|:---------:|:----------:|:-----------:|:------------------:|
| iv_497 | 1.745373841016771 × 10^301 | 4113 | 82 |
| iv_498 | 3.4927693035675454 × 10^301 | 3987 | 82 |
| iv_499 | 6.167574885985625 × 10^301 | 3960 | 75 |
| iv_502 | 2.7549481524919146 × 10^302 | 3901 | 84 |
| iv_506 | 5.17120606554294 × 10^302 | 4035 | 82 |
| iv_501 | 6.071076742138939 × 10^302 | 4272 | 80 |
| iv_504 | 6.776462895596994 × 10^302 | 3931 | 75 |
| iv_507 | 7.358532179767735 × 10^302 | 4241 | 86 |
| iv_508 | 8.527428861545909 × 10^302 | 4266 | 85 |
| iv_500 | 1.1376946679349241 × 10^303 | 4330 | 85 |

### Input Bits Sorted by Occurrences

| Input Bit | Complexity | Occurrences | Output Occurrences |
|:---------:|:----------:|:-----------:|:------------------:|
| iv_502 | 2.7549481524919146 × 10^302 | 3901 | 84 |
| iv_504 | 6.776462895596994 × 10^302 | 3931 | 75 |
| iv_499 | 6.167574885985625 × 10^301 | 3960 | 75 |
| iv_498 | 3.4927693035675454 × 10^301 | 3987 | 82 |
| iv_506 | 5.17120606554294 × 10^302 | 4035 | 82 |
| iv_497 | 1.745373841016771 × 10^301 | 4113 | 82 |
| iv_507 | 7.358532179767735 × 10^302 | 4241 | 86 |
| iv_508 | 8.527428861545909 × 10^302 | 4266 | 85 |
| iv_501 | 6.071076742138939 × 10^302 | 4272 | 80 |
| iv_500 | 1.1376946679349241 × 10^303 | 4330 | 85 |

### Input Bits Sorted by Output Occurrences

| Input Bit | Complexity | Occurrences | Output Occurrences |
|:---------:|:----------:|:-----------:|:------------------:|
| iv_504 | 6.776462895596994 × 10^302 | 3931 | 75 |
| iv_499 | 6.167574885985625 × 10^301 | 3960 | 75 |
| iv_501 | 6.071076742138939 × 10^302 | 4272 | 80 |
| iv_498 | 3.4927693035675454 × 10^301 | 3987 | 82 |
| iv_497 | 1.745373841016771 × 10^301 | 4113 | 82 |
| iv_506 | 5.17120606554294 × 10^302 | 4035 | 82 |
| iv_502 | 2.7549481524919146 × 10^302 | 3901 | 84 |
| iv_500 | 1.1376946679349241 × 10^303 | 4330 | 85 |
| iv_508 | 8.527428861545909 × 10^302 | 4266 | 85 |
| iv_507 | 7.358532179767735 × 10^302 | 4241 | 86 |

## Input Bit Co-occurrences

### Input Bit Co-occurrences Sorted by Co-occurrences

| Input Bits | Co-occurrences | Potential Occurrences | Output Co-occurrences | Potential Output Occurrences |
|:----------:|:--------------:|:---------------------:|:---------------------:|:----------------------------:|
| iv_507-iv_508 | 2087 | 4333 | 47 | 77 |
| iv_500-iv_507 | 2082 | 4407 | 45 | 81 |
| iv_501-iv_508 | 2047 | 4444 | 39 | 87 |
| iv_501-iv_507 | 2047 | 4419 | 47 | 72 |
| iv_506-iv_507 | 2038 | 4200 | 46 | 76 |
| iv_500-iv_508 | 2034 | 4528 | 47 | 76 |
| iv_500-iv_501 | 2023 | 4556 | 43 | 79 |
| iv_499-iv_500 | 2020 | 4250 | 39 | 82 |
| iv_497-iv_507 | 2009 | 4336 | 37 | 94 |
| iv_500-iv_506 | 2005 | 4355 | 43 | 81 |

### Input Bit Co-occurrences Sorted by Potential Occurrences

| Input Bits | Co-occurrences | Potential Occurrences | Output Co-occurrences | Potential Output Occurrences |
|:----------:|:--------------:|:---------------------:|:---------------------:|:----------------------------:|
| iv_499-iv_504 | 1865 | 4161 | 34 | 82 |
| iv_498-iv_504 | 1878 | 4162 | 40 | 77 |
| iv_498-iv_506 | 1924 | 4174 | 43 | 78 |
| iv_506-iv_507 | 2038 | 4200 | 46 | 76 |
| iv_502-iv_504 | 1801 | 4230 | 40 | 79 |
| iv_497-iv_499 | 1917 | 4239 | 43 | 71 |
| iv_499-iv_500 | 2020 | 4250 | 39 | 82 |
| iv_497-iv_504 | 1896 | 4252 | 37 | 83 |
| iv_502-iv_506 | 1838 | 4260 | 45 | 76 |
| iv_498-iv_499 | 1842 | 4263 | 43 | 71 |

### Input Bit Output Co-occurrences Sorted by Output Co-occurrences

| Input Bits | Co-occurrences | Potential Occurrences | Output Co-occurrences | Potential Output Occurrences |
|:----------:|:--------------:|:---------------------:|:---------------------:|:----------------------------:|
| iv_502-iv_507 | 1924 | 4294 | 50 | 70 |
| iv_500-iv_508 | 2034 | 4528 | 47 | 76 |
| iv_507-iv_508 | 2087 | 4333 | 47 | 77 |
| iv_501-iv_507 | 2047 | 4419 | 47 | 72 |
| iv_501-iv_502 | 1890 | 4393 | 46 | 72 |
| iv_506-iv_507 | 2038 | 4200 | 46 | 76 |
| iv_500-iv_507 | 2082 | 4407 | 45 | 81 |
| iv_501-iv_506 | 1964 | 4379 | 45 | 72 |
| iv_502-iv_506 | 1838 | 4260 | 45 | 76 |
| iv_498-iv_500 | 1923 | 4471 | 44 | 79 |

### Input Bit Output Co-occurrences Sorted by Potential Output Occurrences

| Input Bits | Co-occurrences | Potential Occurrences | Output Co-occurrences | Potential Output Occurrences |
|:----------:|:--------------:|:---------------------:|:---------------------:|:----------------------------:|
| iv_502-iv_507 | 1924 | 4294 | 50 | 70 |
| iv_497-iv_499 | 1917 | 4239 | 43 | 71 |
| iv_498-iv_499 | 1842 | 4263 | 43 | 71 |
| iv_501-iv_507 | 2047 | 4419 | 47 | 72 |
| iv_501-iv_502 | 1890 | 4393 | 46 | 72 |
| iv_501-iv_506 | 1964 | 4379 | 45 | 72 |
| iv_500-iv_508 | 2034 | 4528 | 47 | 76 |
| iv_502-iv_506 | 1838 | 4260 | 45 | 76 |
| iv_506-iv_507 | 2038 | 4200 | 46 | 76 |
| iv_498-iv_504 | 1878 | 4162 | 40 | 77 |

## Output Bits

### Output Bits in Regular Order

| Rank | Output Bit | Complexity |
|:----:|:----------:|:----------:|
| 1 | ov_001 | 7.866340483478687 × 10^302 |
| 2 | ov_002 | 6.821880386286772 × 10^302 |
| 3 | ov_003 | 5.886240481949153 × 10^302 |
| 4 | ov_004 | 5.051174964715468 × 10^302 |
| 5 | ov_005 | 4.30888766054907 × 10^302 |
| 6 | ov_006 | 3.6519999688078822 × 10^302 |
| 7 | ov_007 | 3.073522942024303 × 10^302 |
| 8 | ov_008 | 2.5668332349399395 × 10^302 |
| 9 | ov_009 | 2.1256526234564733 × 10^302 |
| 10 | ov_010 | 1.744030739264667 × 10^302 |
| 11 | ov_011 | 1.4163306618423338 × 10^302 |
| 12 | ov_012 | 1.1372170299750484 × 10^302 |
| 13 | ov_013 | 9.016463550291041 × 10^301 |
| 14 | ov_014 | 7.048592379848358 × 10^301 |
| 15 | ov_015 | 5.423742117938885 × 10^301 |
| 16 | ov_016 | 4.099829500156682 × 10^301 |
| 17 | ov_017 | 3.0374660196206264 × 10^301 |
| 18 | ov_018 | 2.1999303377003221 × 10^301 |
| 19 | ov_019 | 1.5531477395405538 × 10^301 |
| 20 | ov_020 | 1.0656749009757815 × 10^301 |
| 21 | ov_021 | 7.08688682627506 × 10^300 |
| 22 | ov_022 | 4.5597808032043524 × 10^300 |
| 23 | ov_023 | 2.83938658222086 × 10^300 |
| 24 | ov_024 | 1.7156888629475215 × 10^300 |
| 25 | ov_025 | 1.0046789881506963 × 10^300 |
| 26 | ov_026 | 5.4834266300131715 × 10^299 |
| 27 | ov_027 | 2.741703103297236 × 10^299 |
| 28 | ov_028 | 1.2264579562363693 × 10^299 |
| 29 | ov_029 | 4.7245845709173137 × 10^298 |
| 30 | ov_030 | 1.4439896310592716 × 10^298 |
| 31 | ov_031 | 2.8157704246001602 × 10^297 |
| 32 | lv_80_m31 | 5.489810928634365 × 10^296 |
| 33 | ov_033 | 6.578436496652933 × 10^297 |
| 34 | ov_034 | 5.7041455835640927 × 10^297 |
| 35 | ov_035 | 4.9220352100998296 × 10^297 |
| 36 | ov_036 | 4.224604811091351 × 10^297 |
| 37 | ov_037 | 3.604758758087211 × 10^297 |
| 38 | ov_038 | 3.0557776651862144 × 10^297 |
| 39 | ov_039 | 2.5712935855007383 × 10^297 |
| 40 | ov_040 | 2.1452687302988154 × 10^297 |
| 41 | ov_041 | 1.771977361457638 × 10^297 |
| 42 | ov_042 | 1.4486325468267387 × 10^297 |
| 43 | ov_043 | 1.1725922657080607 × 10^297 |
| 44 | ov_044 | 9.389851608625787 × 10^296 |
| 45 | ov_045 | 7.432048750826911 × 10^296 |
| 46 | ov_046 | 5.8090320016586945 × 10^296 |
| 47 | ov_047 | 4.479846781786129 × 10^296 |
| 48 | ov_048 | 3.406024288887533 × 10^296 |
| 49 | ov_049 | 2.551549942382776 × 10^296 |
| 50 | ov_050 | 1.882840076426338 × 10^296 |
| 51 | ov_051 | 1.3687251275269215 × 10^296 |
| 52 | ov_052 | 9.804377311660662 × 10^295 |
| 53 | ov_053 | 6.916043771486873 × 10^295 |
| 54 | ov_054 | 4.782396334985252 × 10^295 |
| 55 | ov_055 | 3.1874227729944025 × 10^295 |
| 56 | ov_056 | 2.0290736797169265 × 10^295 |
| 57 | ov_057 | 1.2172037018682783 × 10^295 |
| 58 | ov_058 | 6.735661916122189 × 10^294 |
| 59 | ov_059 | 3.318104228244925 × 10^294 |
| 60 | ov_060 | 1.3748032610542811 × 10^294 |
| 61 | ov_061 | 4.801403208153078 × 10^293 |
| 62 | ov_062 | 1.3168533117952674 × 10^293 |
| 63 | ov_063 | 2.566024409203379 × 10^292 |
| 64 | lv_79_m31 | 4.9989716600175536 × 10^291 |
| 65 | ov_065 | 5.92846686255591 × 10^292 |
| 66 | ov_066 | 5.928451022425317 × 10^292 |
| 67 | ov_067 | 5.928447264648053 × 10^292 |
| 68 | ov_068 | 5.126956113470762 × 10^292 |
| 69 | ov_069 | 4.4100104380959077 × 10^292 |
| 70 | ov_070 | 3.771317939137788 × 10^292 |
| 71 | ov_071 | 3.204882194393087 × 10^292 |
| 72 | ov_072 | 2.704985028234182 × 10^292 |
| 73 | ov_073 | 2.2661726911732752 × 10^292 |
| 74 | ov_074 | 1.8832451718718935 × 10^292 |
| 75 | ov_075 | 1.5512479995313104 × 10^292 |
| 76 | ov_076 | 1.26546592891171 × 10^292 |
| 77 | ov_077 | 1.0214179334379977 × 10^292 |
| 78 | ov_078 | 8.148530221748193 × 10^291 |
| 79 | ov_079 | 6.417465982692133 × 10^291 |
| 80 | ov_080 | 4.982972663398448 × 10^291 |
| 81 | ov_081 | 3.809240584548639 × 10^291 |
| 82 | ov_082 | 2.862640485689654 × 10^291 |
| 83 | ov_083 | 2.111703254549016 × 10^291 |
| 84 | ov_084 | 1.5271029428209074 × 10^291 |
| 85 | ov_085 | 1.0816427707762389 × 10^291 |
| 86 | ov_086 | 7.502438236176286 × 10^290 |
| 87 | ov_087 | 5.099361428749099 × 10^290 |
| 88 | ov_088 | 3.3985191637109956 × 10^290 |
| 89 | ov_089 | 2.212204704252724 × 10^290 |
| 90 | ov_090 | 1.3736476803130394 × 10^290 |
| 91 | ov_091 | 8.046934699325885 × 10^289 |
| 92 | ov_092 | 4.376397710408664 × 10^289 |
| 93 | ov_093 | 2.152316472339347 × 10^289 |
| 94 | ov_094 | 9.065909104552648 × 10^288 |
| 95 | aaa_78_28 | 2.7556028103331595 × 10^288 |
| 96 | aaa_78_29 | 8.254449051398732 × 10^287 |
| 97 | ov_097 | 4.298999060936351 × 10^287 |
| 98 | ov_098 | 4.298949911491348 × 10^287 |
| 99 | ov_099 | 4.298934193878307 × 10^287 |
| 100 | ov_100 | 3.5324016354604105 × 10^287 |
| 101 | ov_101 | 2.8809802868296 × 10^287 |
| 102 | ov_102 | 2.332623114542723 × 10^287 |
| 103 | ov_103 | 1.8759432350508287 × 10^287 |
| 104 | ov_104 | 1.5001655085031318 × 10^287 |
| 105 | ov_105 | 1.1950845073001722 × 10^287 |
| 106 | ov_106 | 9.510282726299107 × 10^286 |
| 107 | ov_107 | 7.588273022067014 × 10^286 |
| 108 | ov_108 | 6.0978824137793965 × 10^286 |
| 109 | ov_109 | 4.956717778846437 × 10^286 |
| 110 | ov_110 | 4.0867426804613344 × 10^286 |
| 111 | ov_111 | 3.414126491425474 × 10^286 |
| 112 | ov_112 | 2.8691221942271645 × 10^286 |
| 113 | ov_113 | 2.3859689357277515 × 10^286 |
| 114 | ov_114 | 1.960815553895363 × 10^286 |
| 115 | ov_115 | 1.5898549786974816 × 10^286 |
| 116 | ov_116 | 1.2693125484607769 × 10^286 |
| 117 | ov_117 | 9.954369429024694 × 10^285 |
| 118 | ov_118 | 7.644934729097832 × 10^285 |
| 119 | ov_119 | 5.72759253847213 × 10^285 |
| 120 | ov_120 | 4.1651960828993663 × 10^285 |
| 121 | ov_121 | 2.9206532245797435 × 10^285 |
| 122 | ov_122 | 1.9569062652102602 × 10^285 |
| 123 | ov_123 | 1.2369176895292061 × 10^285 |
| 124 | ov_124 | 7.236605511647038 × 10^284 |
| 125 | ov_125 | 3.801125184478259 × 10^284 |
| 126 | ov_126 | 1.6925283820132247 × 10^284 |
| 127 | aaa_77_28 | 5.406117068510448 × 10^283 |
| 128 | aaa_77_29 | 2.0276810514745847 × 10^283 |
| 129 | ov_129 | 1.8618304132324785 × 10^283 |
| 130 | ov_130 | 1.8618248120274095 × 10^283 |
| 131 | ov_131 | 1.8618234587831032 × 10^283 |
| 132 | ov_132 | 1.613549389802345 × 10^283 |
| 133 | ov_133 | 1.3909609613870766 × 10^283 |
| 134 | ov_134 | 1.1920476385770953 × 10^283 |
| 135 | ov_135 | 1.014905449389844 × 10^283 |
| 136 | ov_136 | 8.577293189719011 × 10^282 |
| 137 | ov_137 | 7.196405467022426 × 10^282 |
| 138 | ov_138 | 5.990130523611884 × 10^282 |
| 139 | ov_139 | 4.9430270987644017 × 10^282 |
| 140 | ov_140 | 4.040434181118311 × 10^282 |
| 141 | ov_141 | 3.268438882579703 × 10^282 |
| 142 | ov_142 | 2.6138505894194197 × 10^282 |
| 143 | ov_143 | 2.0641805532846626 × 10^282 |
| 144 | ov_144 | 1.607626136032535 × 10^282 |
| 145 | ov_145 | 1.2330589732363633 × 10^282 |
| 146 | ov_146 | 9.300163720050192 × 10^281 |
| 147 | ov_147 | 6.886953094416763 × 10^281 |
| 148 | ov_148 | 4.9994844868051526 × 10^281 |
| 149 | ov_149 | 3.552816399962827 × 10^281 |
| 150 | ov_150 | 2.4685242499621497 × 10^281 |
| 151 | ov_151 | 1.6746913304966978 × 10^281 |
| 152 | ov_152 | 1.1059028591506337 × 10^281 |
| 153 | ov_153 | 7.032417572271569 × 10^280 |
| 154 | ov_154 | 4.142857042720269 × 10^280 |
| 155 | ov_155 | 2.1444692517420116 × 10^280 |
| 156 | aaa_76_25 | 8.238372592265917 × 10^279 |
| 157 | aaa_76_26 | 4.7554893358586194 × 10^279 |
| 158 | aaa_76_27 | 2.433135823864115 × 10^279 |
| 159 | aaa_76_28 | 9.46779522523799 × 10^278 |
| 160 | aaa_76_29 | 2.87762060655186 × 10^278 |

### Output Bits Sorted by Complexity

| Rank | Output Bit | Complexity |
|:----:|:----------:|:----------:|
| 160 | aaa_76_29 | 2.87762060655186 × 10^278 |
| 159 | aaa_76_28 | 9.46779522523799 × 10^278 |
| 158 | aaa_76_27 | 2.433135823864115 × 10^279 |
| 157 | aaa_76_26 | 4.7554893358586194 × 10^279 |
| 156 | aaa_76_25 | 8.238372592265917 × 10^279 |
| 155 | ov_155 | 2.1444692517420116 × 10^280 |
| 154 | ov_154 | 4.142857042720269 × 10^280 |
| 153 | ov_153 | 7.032417572271569 × 10^280 |
| 152 | ov_152 | 1.1059028591506337 × 10^281 |
| 151 | ov_151 | 1.6746913304966978 × 10^281 |
| 150 | ov_150 | 2.4685242499621497 × 10^281 |
| 149 | ov_149 | 3.552816399962827 × 10^281 |
| 148 | ov_148 | 4.9994844868051526 × 10^281 |
| 147 | ov_147 | 6.886953094416763 × 10^281 |
| 146 | ov_146 | 9.300163720050192 × 10^281 |
| 145 | ov_145 | 1.2330589732363633 × 10^282 |
| 144 | ov_144 | 1.607626136032535 × 10^282 |
| 143 | ov_143 | 2.0641805532846626 × 10^282 |
| 142 | ov_142 | 2.6138505894194197 × 10^282 |
| 141 | ov_141 | 3.268438882579703 × 10^282 |
| 140 | ov_140 | 4.040434181118311 × 10^282 |
| 139 | ov_139 | 4.9430270987644017 × 10^282 |
| 138 | ov_138 | 5.990130523611884 × 10^282 |
| 137 | ov_137 | 7.196405467022426 × 10^282 |
| 136 | ov_136 | 8.577293189719011 × 10^282 |
| 135 | ov_135 | 1.014905449389844 × 10^283 |
| 134 | ov_134 | 1.1920476385770953 × 10^283 |
| 133 | ov_133 | 1.3909609613870766 × 10^283 |
| 132 | ov_132 | 1.613549389802345 × 10^283 |
| 131 | ov_131 | 1.8618234587831032 × 10^283 |
| 130 | ov_130 | 1.8618248120274095 × 10^283 |
| 129 | ov_129 | 1.8618304132324785 × 10^283 |
| 128 | aaa_77_29 | 2.0276810514745847 × 10^283 |
| 127 | aaa_77_28 | 5.406117068510448 × 10^283 |
| 126 | ov_126 | 1.6925283820132247 × 10^284 |
| 125 | ov_125 | 3.801125184478259 × 10^284 |
| 124 | ov_124 | 7.236605511647038 × 10^284 |
| 123 | ov_123 | 1.2369176895292061 × 10^285 |
| 122 | ov_122 | 1.9569062652102602 × 10^285 |
| 121 | ov_121 | 2.9206532245797435 × 10^285 |
| 120 | ov_120 | 4.1651960828993663 × 10^285 |
| 119 | ov_119 | 5.72759253847213 × 10^285 |
| 118 | ov_118 | 7.644934729097832 × 10^285 |
| 117 | ov_117 | 9.954369429024694 × 10^285 |
| 116 | ov_116 | 1.2693125484607769 × 10^286 |
| 115 | ov_115 | 1.5898549786974816 × 10^286 |
| 114 | ov_114 | 1.960815553895363 × 10^286 |
| 113 | ov_113 | 2.3859689357277515 × 10^286 |
| 112 | ov_112 | 2.8691221942271645 × 10^286 |
| 111 | ov_111 | 3.414126491425474 × 10^286 |
| 110 | ov_110 | 4.0867426804613344 × 10^286 |
| 109 | ov_109 | 4.956717778846437 × 10^286 |
| 108 | ov_108 | 6.0978824137793965 × 10^286 |
| 107 | ov_107 | 7.588273022067014 × 10^286 |
| 106 | ov_106 | 9.510282726299107 × 10^286 |
| 105 | ov_105 | 1.1950845073001722 × 10^287 |
| 104 | ov_104 | 1.5001655085031318 × 10^287 |
| 103 | ov_103 | 1.8759432350508287 × 10^287 |
| 102 | ov_102 | 2.332623114542723 × 10^287 |
| 101 | ov_101 | 2.8809802868296 × 10^287 |
| 100 | ov_100 | 3.5324016354604105 × 10^287 |
| 99 | ov_099 | 4.298934193878307 × 10^287 |
| 98 | ov_098 | 4.298949911491348 × 10^287 |
| 97 | ov_097 | 4.298999060936351 × 10^287 |
| 96 | aaa_78_29 | 8.254449051398732 × 10^287 |
| 95 | aaa_78_28 | 2.7556028103331595 × 10^288 |
| 94 | ov_094 | 9.065909104552648 × 10^288 |
| 93 | ov_093 | 2.152316472339347 × 10^289 |
| 92 | ov_092 | 4.376397710408664 × 10^289 |
| 91 | ov_091 | 8.046934699325885 × 10^289 |
| 90 | ov_090 | 1.3736476803130394 × 10^290 |
| 89 | ov_089 | 2.212204704252724 × 10^290 |
| 88 | ov_088 | 3.3985191637109956 × 10^290 |
| 87 | ov_087 | 5.099361428749099 × 10^290 |
| 86 | ov_086 | 7.502438236176286 × 10^290 |
| 85 | ov_085 | 1.0816427707762389 × 10^291 |
| 84 | ov_084 | 1.5271029428209074 × 10^291 |
| 83 | ov_083 | 2.111703254549016 × 10^291 |
| 82 | ov_082 | 2.862640485689654 × 10^291 |
| 81 | ov_081 | 3.809240584548639 × 10^291 |
| 80 | ov_080 | 4.982972663398448 × 10^291 |
| 64 | lv_79_m31 | 4.9989716600175536 × 10^291 |
| 79 | ov_079 | 6.417465982692133 × 10^291 |
| 78 | ov_078 | 8.148530221748193 × 10^291 |
| 77 | ov_077 | 1.0214179334379977 × 10^292 |
| 76 | ov_076 | 1.26546592891171 × 10^292 |
| 75 | ov_075 | 1.5512479995313104 × 10^292 |
| 74 | ov_074 | 1.8832451718718935 × 10^292 |
| 73 | ov_073 | 2.2661726911732752 × 10^292 |
| 63 | ov_063 | 2.566024409203379 × 10^292 |
| 72 | ov_072 | 2.704985028234182 × 10^292 |
| 71 | ov_071 | 3.204882194393087 × 10^292 |
| 70 | ov_070 | 3.771317939137788 × 10^292 |
| 69 | ov_069 | 4.4100104380959077 × 10^292 |
| 68 | ov_068 | 5.126956113470762 × 10^292 |
| 67 | ov_067 | 5.928447264648053 × 10^292 |
| 66 | ov_066 | 5.928451022425317 × 10^292 |
| 65 | ov_065 | 5.92846686255591 × 10^292 |
| 62 | ov_062 | 1.3168533117952674 × 10^293 |
| 61 | ov_061 | 4.801403208153078 × 10^293 |
| 60 | ov_060 | 1.3748032610542811 × 10^294 |
| 59 | ov_059 | 3.318104228244925 × 10^294 |
| 58 | ov_058 | 6.735661916122189 × 10^294 |
| 57 | ov_057 | 1.2172037018682783 × 10^295 |
| 56 | ov_056 | 2.0290736797169265 × 10^295 |
| 55 | ov_055 | 3.1874227729944025 × 10^295 |
| 54 | ov_054 | 4.782396334985252 × 10^295 |
| 53 | ov_053 | 6.916043771486873 × 10^295 |
| 52 | ov_052 | 9.804377311660662 × 10^295 |
| 51 | ov_051 | 1.3687251275269215 × 10^296 |
| 50 | ov_050 | 1.882840076426338 × 10^296 |
| 49 | ov_049 | 2.551549942382776 × 10^296 |
| 48 | ov_048 | 3.406024288887533 × 10^296 |
| 47 | ov_047 | 4.479846781786129 × 10^296 |
| 32 | lv_80_m31 | 5.489810928634365 × 10^296 |
| 46 | ov_046 | 5.8090320016586945 × 10^296 |
| 45 | ov_045 | 7.432048750826911 × 10^296 |
| 44 | ov_044 | 9.389851608625787 × 10^296 |
| 43 | ov_043 | 1.1725922657080607 × 10^297 |
| 42 | ov_042 | 1.4486325468267387 × 10^297 |
| 41 | ov_041 | 1.771977361457638 × 10^297 |
| 40 | ov_040 | 2.1452687302988154 × 10^297 |
| 39 | ov_039 | 2.5712935855007383 × 10^297 |
| 31 | ov_031 | 2.8157704246001602 × 10^297 |
| 38 | ov_038 | 3.0557776651862144 × 10^297 |
| 37 | ov_037 | 3.604758758087211 × 10^297 |
| 36 | ov_036 | 4.224604811091351 × 10^297 |
| 35 | ov_035 | 4.9220352100998296 × 10^297 |
| 34 | ov_034 | 5.7041455835640927 × 10^297 |
| 33 | ov_033 | 6.578436496652933 × 10^297 |
| 30 | ov_030 | 1.4439896310592716 × 10^298 |
| 29 | ov_029 | 4.7245845709173137 × 10^298 |
| 28 | ov_028 | 1.2264579562363693 × 10^299 |
| 27 | ov_027 | 2.741703103297236 × 10^299 |
| 26 | ov_026 | 5.4834266300131715 × 10^299 |
| 25 | ov_025 | 1.0046789881506963 × 10^300 |
| 24 | ov_024 | 1.7156888629475215 × 10^300 |
| 23 | ov_023 | 2.83938658222086 × 10^300 |
| 22 | ov_022 | 4.5597808032043524 × 10^300 |
| 21 | ov_021 | 7.08688682627506 × 10^300 |
| 20 | ov_020 | 1.0656749009757815 × 10^301 |
| 19 | ov_019 | 1.5531477395405538 × 10^301 |
| 18 | ov_018 | 2.1999303377003221 × 10^301 |
| 17 | ov_017 | 3.0374660196206264 × 10^301 |
| 16 | ov_016 | 4.099829500156682 × 10^301 |
| 15 | ov_015 | 5.423742117938885 × 10^301 |
| 14 | ov_014 | 7.048592379848358 × 10^301 |
| 13 | ov_013 | 9.016463550291041 × 10^301 |
| 12 | ov_012 | 1.1372170299750484 × 10^302 |
| 11 | ov_011 | 1.4163306618423338 × 10^302 |
| 10 | ov_010 | 1.744030739264667 × 10^302 |
| 9 | ov_009 | 2.1256526234564733 × 10^302 |
| 8 | ov_008 | 2.5668332349399395 × 10^302 |
| 7 | ov_007 | 3.073522942024303 × 10^302 |
| 6 | ov_006 | 3.6519999688078822 × 10^302 |
| 5 | ov_005 | 4.30888766054907 × 10^302 |
| 4 | ov_004 | 5.051174964715468 × 10^302 |
| 3 | ov_003 | 5.886240481949153 × 10^302 |
| 2 | ov_002 | 6.821880386286772 × 10^302 |
| 1 | ov_001 | 7.866340483478687 × 10^302 |

