# Results for F001-F002-F003-F004-F005-F006-F007-F008-F009-F010-F011-F012-F013-F014-F015-F016-F017-F018-F019-F020-F021-F022-F023-F024-F025-F026-F027-F028-F029-F030-F031-F032-F033-F034-F035-F036-F037-F038-F039-F040-F041-F042-F043-F044-F045-F046-F047-F048-F049-F050-F051-F052-F053-F054-F055-F056-F057-F058-F059-F060-F061-F062-F063-F064-F065-F066-F067-F068-F069-F070-F071-F072-F073-F074-F075-F076-F077-F078-F079-F080-F081-F082-F083-F084-F085-F086-F087-F088-F089-F090-F091-F092-F093-F094-F095-F096-F097-F098-F099-F100-F101-F102-F103-F104-F105-F106-F107-F108-F109-F110-F111-F112-F113-F114-F115-F116-F117-F118-F119-F120-F121-F122-F123-F124-F125-F126-F127-F128-F129-F130-F131-F132-F133-F134-F135-F136-F137-F138-F139-F140-F141-F142-F143-F144-F145-F146-F147-F148-F149-F150-F151-F152-F153-F154-F155-F156-F157-F158-F159-F160-F161-F162-F163-F164-F165-F166-F167-F168-F169-F170-F171-F172-F173-F174-F175-F176-F177-F178-F179-F180-F181-F182-F183-F184-F185-F186-F187-F188-F189-F190-F191-F192-F193-F194-F195-F196-F197-F198-F199-F200-F201-F202-F203-F204-F205-F206-F207-F208-F209-F210-F211-F212-F213-F214-F215-F216-F217-F218-F219-F220-F221-F222-F223-F224-F225-F226-F227-F228-F229-F230-F231-F232-F233-F234-F235-F236-F237-F238-F239-F240-F241-F242-F243-F244-F245-F246-F247-F248-F249-F250-F251-F252-F253-F254-F255-F256-F257-F258-F259-F260-F261-F262-F263-F264-F265-F266-F267-F268-F269-F270-F271-F272-F273-F274-F275-F276-F277-F278-F279-F280-F281-F282-F283-F284-F285-F286-F287-F288-F289-F290-F291-F292-F293-F294-F295-F296-F297-F298-F299-F300-F301-F302-F303-F304-F305-F306-F307-F308-F309-F310-F311-F312-F313-F314-F315-F316-F317-F318-F319-F320-F321-F322-F323-F324-F325-F326-F327-F328-F329-F330-F331-F332-F333-F334-F335-F336-F337-F338-F339-F340-F341-F342-F343-F344-F345-F346-F347-F348-F349-F350-F351-F352-F353-F354-F355-F356-F357-F358-F359-F360-F361-F362-F363-F364-F365-F366-F367-F368-F369-F370-F371-F372-F373-F374-F375-F376-F377-F378-F379-F380-F381-F382-F383-F384-F385-F386-F387-F388-F389-F390-F391-F392-F393-F394-F395-F396-F397-F398-F399-F400-F401-F402-F403-F404-F405-F406-F407-F408-F409-F410-F411-F412-F413-F414-F415-F416-F417-F418-F419-F420-F421-F422-F423-F424-F425-F426-F427-F428-F429-F430-F431-F432-F433-F434-F435-F436-F437-F438-F439-F440-F441-F442-F443-F444-F445-F446-F447-F448-F449-F450-F451-F452-F453-F454-F455-F456-F457-F458-F459-F460-F461-F462-F463-F464-F465-F466-F467-F468-F469-F470-F471-F472-F473-F474-F475-F476-F477-F478-F479-F480-F481-F482-F483-F484-F485-F486-F487-F488-F489-F490-F491-F492-F493-F494-F495-F496-O500505-F502-F509-F510-F511-F512

## Summary

Number of input bits: 512  
Number of free input bits: 10  
Number of output bits: 160

Number of direct occurrences: 40308  
Number of assignments: 30999  
Number of operations: 10849146
(xor: 10821255,
and: 14654,
or: 13237)

Total complexity: 6.158743764162883 × 10^297

Least occurring input variable: iv_504 (3887)  
Most occurring input variable: iv_500 (4262)

Most co-occurring input variables: iv_497-iv_507 (2020)  
Least co-occurring input variables: iv_499-iv_506 (1768)

Potentially most occurring input variable: iv_500/iv_508 (4435)  
Potentially least occurring input variable: iv_504/iv_506 (4117)

Least output occurring input variable: iv_503 (75)  
Most output occurring input variable: iv_497 (93)

Most output co-occurring input variables: iv_497-iv_501 (50)  
Least output co-occurring input variables: iv_499-iv_507 (32)

Potentially most output occurring input variable: iv_500/iv_507 (90)  
Potentially least output occurring input variable: iv_507/iv_508 (69)

Least complex input bit: iv_497 (2.3155165810008176 × 10^295)  
Most complex input bit: iv_500 (1.509322000644187 × 10^297)

Least complex output bit: aaa_76_29 (5.397468149024695 × 10^272)  
Most complex output bit: ov_001 (9.852769272736991 × 10^296)

Least complex input/output complexity: iv_497/aaa_76_29 (2.029298096019947 × 10^270)  
Most complex input/output complexity: iv_500/ov_001 (2.4146160321112637 × 10^296)

## Input Bits

### Input Bits in Regular Order

| Input Bit | Complexity | Occurrences | Output Occurrences |
|:---------:|:----------:|:-----------:|:------------------:|
| iv_497 | 2.3155165810008176 × 10^295 | 4104 | 93 |
| iv_498 | 4.63371512838142 × 10^295 | 3892 | 84 |
| iv_499 | 8.182248354474962 × 10^295 | 3888 | 77 |
| iv_500 | 1.509322000644187 × 10^297 | 4262 | 82 |
| iv_501 | 2.2671366911494883 × 10^296 | 4043 | 83 |
| iv_503 | 5.788393994607888 × 10^296 | 4015 | 75 |
| iv_504 | 8.989976652665182 × 10^296 | 3887 | 78 |
| iv_506 | 6.860402032461684 × 10^296 | 3924 | 82 |
| iv_507 | 9.762223016007046 × 10^296 | 4142 | 76 |
| iv_508 | 1.1312937241909983 × 10^297 | 4151 | 79 |

### Input Bits Sorted by Complexity

| Input Bit | Complexity | Occurrences | Output Occurrences |
|:---------:|:----------:|:-----------:|:------------------:|
| iv_497 | 2.3155165810008176 × 10^295 | 4104 | 93 |
| iv_498 | 4.63371512838142 × 10^295 | 3892 | 84 |
| iv_499 | 8.182248354474962 × 10^295 | 3888 | 77 |
| iv_501 | 2.2671366911494883 × 10^296 | 4043 | 83 |
| iv_503 | 5.788393994607888 × 10^296 | 4015 | 75 |
| iv_506 | 6.860402032461684 × 10^296 | 3924 | 82 |
| iv_504 | 8.989976652665182 × 10^296 | 3887 | 78 |
| iv_507 | 9.762223016007046 × 10^296 | 4142 | 76 |
| iv_508 | 1.1312937241909983 × 10^297 | 4151 | 79 |
| iv_500 | 1.509322000644187 × 10^297 | 4262 | 82 |

### Input Bits Sorted by Occurrences

| Input Bit | Complexity | Occurrences | Output Occurrences |
|:---------:|:----------:|:-----------:|:------------------:|
| iv_504 | 8.989976652665182 × 10^296 | 3887 | 78 |
| iv_499 | 8.182248354474962 × 10^295 | 3888 | 77 |
| iv_498 | 4.63371512838142 × 10^295 | 3892 | 84 |
| iv_506 | 6.860402032461684 × 10^296 | 3924 | 82 |
| iv_503 | 5.788393994607888 × 10^296 | 4015 | 75 |
| iv_501 | 2.2671366911494883 × 10^296 | 4043 | 83 |
| iv_497 | 2.3155165810008176 × 10^295 | 4104 | 93 |
| iv_507 | 9.762223016007046 × 10^296 | 4142 | 76 |
| iv_508 | 1.1312937241909983 × 10^297 | 4151 | 79 |
| iv_500 | 1.509322000644187 × 10^297 | 4262 | 82 |

### Input Bits Sorted by Output Occurrences

| Input Bit | Complexity | Occurrences | Output Occurrences |
|:---------:|:----------:|:-----------:|:------------------:|
| iv_503 | 5.788393994607888 × 10^296 | 4015 | 75 |
| iv_507 | 9.762223016007046 × 10^296 | 4142 | 76 |
| iv_499 | 8.182248354474962 × 10^295 | 3888 | 77 |
| iv_504 | 8.989976652665182 × 10^296 | 3887 | 78 |
| iv_508 | 1.1312937241909983 × 10^297 | 4151 | 79 |
| iv_506 | 6.860402032461684 × 10^296 | 3924 | 82 |
| iv_500 | 1.509322000644187 × 10^297 | 4262 | 82 |
| iv_501 | 2.2671366911494883 × 10^296 | 4043 | 83 |
| iv_498 | 4.63371512838142 × 10^295 | 3892 | 84 |
| iv_497 | 2.3155165810008176 × 10^295 | 4104 | 93 |

## Input Bit Co-occurrences

### Input Bit Co-occurrences Sorted by Co-occurrences

| Input Bits | Co-occurrences | Potential Occurrences | Output Co-occurrences | Potential Output Occurrences |
|:----------:|:--------------:|:---------------------:|:---------------------:|:----------------------------:|
| iv_497-iv_507 | 2020 | 4206 | 46 | 77 |
| iv_507-iv_508 | 2014 | 4265 | 43 | 69 |
| iv_497-iv_500 | 2012 | 4342 | 44 | 87 |
| iv_500-iv_507 | 2011 | 4382 | 34 | 90 |
| iv_500-iv_501 | 2002 | 4301 | 42 | 81 |
| iv_500-iv_508 | 1989 | 4435 | 41 | 79 |
| iv_497-iv_501 | 1987 | 4173 | 50 | 76 |
| iv_500-iv_503 | 1960 | 4357 | 41 | 75 |
| iv_506-iv_507 | 1960 | 4146 | 39 | 80 |
| iv_497-iv_503 | 1959 | 4201 | 45 | 78 |

### Input Bit Co-occurrences Sorted by Potential Occurrences

| Input Bits | Co-occurrences | Potential Occurrences | Output Co-occurrences | Potential Output Occurrences |
|:----------:|:--------------:|:---------------------:|:---------------------:|:----------------------------:|
| iv_504-iv_506 | 1847 | 4117 | 42 | 76 |
| iv_499-iv_504 | 1828 | 4119 | 35 | 85 |
| iv_499-iv_501 | 1895 | 4141 | 42 | 76 |
| iv_506-iv_507 | 1960 | 4146 | 39 | 80 |
| iv_498-iv_504 | 1811 | 4157 | 45 | 72 |
| iv_498-iv_506 | 1824 | 4168 | 41 | 84 |
| iv_497-iv_501 | 1987 | 4173 | 50 | 76 |
| iv_499-iv_508 | 1926 | 4187 | 40 | 76 |
| iv_497-iv_504 | 1901 | 4189 | 49 | 73 |
| iv_498-iv_499 | 1793 | 4194 | 44 | 73 |

### Input Bit Output Co-occurrences Sorted by Output Co-occurrences

| Input Bits | Co-occurrences | Potential Occurrences | Output Co-occurrences | Potential Output Occurrences |
|:----------:|:--------------:|:---------------------:|:---------------------:|:----------------------------:|
| iv_497-iv_501 | 1987 | 4173 | 50 | 76 |
| iv_497-iv_504 | 1901 | 4189 | 49 | 73 |
| iv_497-iv_506 | 1916 | 4196 | 49 | 77 |
| iv_497-iv_498 | 1863 | 4270 | 48 | 81 |
| iv_498-iv_501 | 1839 | 4257 | 46 | 75 |
| iv_497-iv_507 | 2020 | 4206 | 46 | 77 |
| iv_498-iv_504 | 1811 | 4157 | 45 | 72 |
| iv_497-iv_503 | 1959 | 4201 | 45 | 78 |
| iv_500-iv_506 | 1955 | 4276 | 45 | 74 |
| iv_497-iv_508 | 1926 | 4403 | 45 | 82 |

### Input Bit Output Co-occurrences Sorted by Potential Output Occurrences

| Input Bits | Co-occurrences | Potential Occurrences | Output Co-occurrences | Potential Output Occurrences |
|:----------:|:--------------:|:---------------------:|:---------------------:|:----------------------------:|
| iv_507-iv_508 | 2014 | 4265 | 43 | 69 |
| iv_498-iv_503 | 1834 | 4239 | 44 | 71 |
| iv_498-iv_504 | 1811 | 4157 | 45 | 72 |
| iv_498-iv_499 | 1793 | 4194 | 44 | 73 |
| iv_497-iv_504 | 1901 | 4189 | 49 | 73 |
| iv_500-iv_506 | 1955 | 4276 | 45 | 74 |
| iv_498-iv_501 | 1839 | 4257 | 46 | 75 |
| iv_500-iv_503 | 1960 | 4357 | 41 | 75 |
| iv_499-iv_501 | 1895 | 4141 | 42 | 76 |
| iv_504-iv_506 | 1847 | 4117 | 42 | 76 |

## Output Bits

### Output Bits in Regular Order

| Rank | Output Bit | Complexity |
|:----:|:----------:|:----------:|
| 1 | ov_001 | 9.852769272736991 × 10^296 |
| 2 | ov_002 | 8.544263180797917 × 10^296 |
| 3 | ov_003 | 7.37214894781871 × 10^296 |
| 4 | ov_004 | 6.326081868458046 × 10^296 |
| 5 | ov_005 | 5.396281831567473 × 10^296 |
| 6 | ov_006 | 4.573493293346466 × 10^296 |
| 7 | ov_007 | 3.848950411327954 × 10^296 |
| 8 | ov_008 | 3.2143469923100496 × 10^296 |
| 9 | ov_009 | 2.6618108679716726 × 10^296 |
| 10 | ov_010 | 2.18388224104468 × 10^296 |
| 11 | ov_011 | 1.7734955396420177 × 10^296 |
| 12 | ov_012 | 1.4239643437322692 × 10^296 |
| 13 | ov_013 | 1.1289689961004623 × 10^296 |
| 14 | ov_014 | 8.82546580558822 × 10^295 |
| 15 | ov_015 | 6.790829754027233 × 10^295 |
| 16 | ov_016 | 5.133066702224397 × 10^295 |
| 17 | ov_017 | 3.802840366006571 × 10^295 |
| 18 | ov_018 | 2.754157679931726 × 10^295 |
| 19 | ov_019 | 1.9443422878408176 × 10^295 |
| 20 | ov_020 | 1.3340148878524817 × 10^295 |
| 21 | ov_021 | 8.870787742886845 × 10^294 |
| 22 | ov_022 | 5.707094525283682 × 10^294 |
| 23 | ov_023 | 3.553474574123776 × 10^294 |
| 24 | ov_024 | 2.1469362869211185 × 10^294 |
| 25 | ov_025 | 1.257062198613354 × 10^294 |
| 26 | ov_026 | 6.8599314296604796 × 10^293 |
| 27 | ov_027 | 3.4293779571598624 × 10^293 |
| 28 | ov_028 | 1.5337916111215635 × 10^293 |
| 29 | ov_029 | 5.907382247287574 × 10^292 |
| 30 | ov_030 | 1.8051745688800391 × 10^292 |
| 31 | ov_031 | 3.519414632813639 × 10^291 |
| 32 | lv_80_m31 | 6.860427123308627 × 10^290 |
| 33 | ov_033 | 8.253996881260829 × 10^291 |
| 34 | ov_034 | 7.15717187190144 × 10^291 |
| 35 | ov_035 | 6.17703992051667 × 10^291 |
| 36 | ov_036 | 5.303927897659919 × 10^291 |
| 37 | ov_037 | 4.5286841143374235 × 10^291 |
| 38 | ov_038 | 3.8426414019618244 × 10^291 |
| 39 | ov_039 | 3.237585217743895 × 10^291 |
| 40 | ov_040 | 2.705726296188662 × 10^291 |
| 41 | ov_041 | 2.2396773924473955 × 10^291 |
| 42 | ov_042 | 1.8358427241091215 × 10^291 |
| 43 | ov_043 | 1.490813254842487 × 10^291 |
| 44 | ov_044 | 1.1983028776616535 × 10^291 |
| 45 | ov_045 | 9.523671604000555 × 10^290 |
| 46 | ov_046 | 7.47394575474298 × 10^290 |
| 47 | ov_047 | 5.780995947153816 × 10^290 |
| 48 | ov_048 | 4.3951735785147815 × 10^290 |
| 49 | ov_049 | 3.2924502487462645 × 10^290 |
| 50 | ov_050 | 2.429480467919315 × 10^290 |
| 51 | ov_051 | 1.7660340647495001 × 10^290 |
| 52 | ov_052 | 1.264981076920691 × 10^290 |
| 53 | ov_053 | 8.922811845559696 × 10^289 |
| 54 | ov_054 | 6.169764159617642 × 10^289 |
| 55 | ov_055 | 4.1118627719674235 × 10^289 |
| 56 | ov_056 | 2.61739411720827 × 10^289 |
| 57 | ov_057 | 1.5700107308970124 × 10^289 |
| 58 | ov_058 | 8.687246030184984 × 10^288 |
| 59 | ov_059 | 4.279037405200765 × 10^288 |
| 60 | ov_060 | 1.7727061594504614 × 10^288 |
| 61 | ov_061 | 6.1901611030734636 × 10^287 |
| 62 | ov_062 | 1.6974951987600507 × 10^287 |
| 63 | ov_063 | 3.3072374933454506 × 10^286 |
| 64 | lv_79_m31 | 6.441976427099255 × 10^285 |
| 65 | ov_065 | 7.634214666395116 × 10^286 |
| 66 | ov_066 | 7.63419561014651 × 10^286 |
| 67 | ov_067 | 7.634191133225718 × 10^286 |
| 68 | ov_068 | 6.5983832601305075 × 10^286 |
| 69 | ov_069 | 5.672515895845839 × 10^286 |
| 70 | ov_070 | 4.848303792466298 × 10^286 |
| 71 | ov_071 | 4.1178565935342984 × 10^286 |
| 72 | ov_072 | 3.4736589505292616 × 10^286 |
| 73 | ov_073 | 2.908554829233446 × 10^286 |
| 74 | ov_074 | 2.41573473335864 × 10^286 |
| 75 | ov_075 | 1.988724770750913 × 10^286 |
| 76 | ov_076 | 1.6213769373436954 × 10^286 |
| 77 | ov_077 | 1.3078604195009264 × 10^286 |
| 78 | ov_078 | 1.0426538553475972 × 10^286 |
| 79 | ov_079 | 8.205384967124925 × 10^285 |
| 80 | ov_080 | 6.365922140920642 × 10^285 |
| 81 | ov_081 | 4.861842876303574 × 10^285 |
| 82 | ov_082 | 3.649709275390115 × 10^285 |
| 83 | ov_083 | 2.6889146769055117 × 10^285 |
| 84 | ov_084 | 1.941651763385887 × 10^285 |
| 85 | ov_085 | 1.3728862807374546 × 10^285 |
| 86 | ov_086 | 9.503358123070632 × 10^284 |
| 87 | ov_087 | 6.44453050321616 × 10^284 |
| 88 | ov_088 | 4.284130079936898 × 10^284 |
| 89 | ov_089 | 2.7810361584688686 × 10^284 |
| 90 | ov_090 | 1.7211914595056096 × 10^284 |
| 91 | ov_091 | 1.0043265711621027 × 10^284 |
| 92 | ov_092 | 5.436740004640397 × 10^283 |
| 93 | ov_093 | 2.6595887010957533 × 10^283 |
| 94 | ov_094 | 1.113943426471341 × 10^283 |
| 95 | aaa_78_28 | 3.367975041271562 × 10^282 |
| 96 | aaa_78_29 | 1.0007783851441912 × 10^282 |
| 97 | ov_097 | 5.631327443424031 × 10^281 |
| 98 | ov_098 | 5.631235146324521 × 10^281 |
| 99 | ov_099 | 5.6312056302065296 × 10^281 |
| 100 | ov_100 | 4.5980012258401764 × 10^281 |
| 101 | ov_101 | 3.7438906501122626 × 10^281 |
| 102 | ov_102 | 3.0462521146485078 × 10^281 |
| 103 | ov_103 | 2.483703492442181 × 10^281 |
| 104 | ov_104 | 2.036011413037647 × 10^281 |
| 105 | ov_105 | 1.6840123284680423 × 10^281 |
| 106 | ov_106 | 1.409544448501792 × 10^281 |
| 107 | ov_107 | 1.1953894998906701 × 10^281 |
| 108 | ov_108 | 1.0252233185418166 × 10^281 |
| 109 | ov_109 | 8.835743362572615 × 10^280 |
| 110 | ov_110 | 7.557890752373753 × 10^280 |
| 111 | ov_111 | 6.411007272774907 × 10^280 |
| 112 | ov_112 | 5.387607834900799 × 10^280 |
| 113 | ov_113 | 4.480350725331812 × 10^280 |
| 114 | ov_114 | 3.6820043699403525 × 10^280 |
| 115 | ov_115 | 2.9854199895873216 × 10^280 |
| 116 | ov_116 | 2.383509658701145 × 10^280 |
| 117 | ov_117 | 1.8692292782229322 × 10^280 |
| 118 | ov_118 | 1.4355659747191388 × 10^280 |
| 119 | ov_119 | 1.0755290368836274 × 10^280 |
| 120 | ov_120 | 7.8214316095894 × 10^279 |
| 121 | ov_121 | 5.484432994163978 × 10^279 |
| 122 | ov_122 | 3.674708690370222 × 10^279 |
| 123 | ov_123 | 2.3227107455176162 × 10^279 |
| 124 | ov_124 | 1.358911040029323 × 10^279 |
| 125 | ov_125 | 7.137901127239046 × 10^278 |
| 126 | ov_126 | 3.1783146351681767 × 10^278 |
| 127 | aaa_77_28 | 1.0151936772452579 × 10^278 |
| 128 | aaa_77_29 | 3.807731590781645 × 10^277 |
| 129 | ov_129 | 3.4962530423923066 × 10^277 |
| 130 | ov_130 | 3.4962425389280906 × 10^277 |
| 131 | ov_131 | 3.4962400021664145 × 10^277 |
| 132 | ov_132 | 3.030065659099143 × 10^277 |
| 133 | ov_133 | 2.6121019801359325 × 10^277 |
| 134 | ov_134 | 2.2385806454162034 × 10^277 |
| 135 | ov_135 | 1.9059320101998894 × 10^277 |
| 136 | ov_136 | 1.6107708302707044 × 10^277 |
| 137 | ov_137 | 1.3514489346865034 × 10^277 |
| 138 | ov_138 | 1.1249151023597004 × 10^277 |
| 139 | ov_139 | 9.282712622620404 × 10^276 |
| 140 | ov_140 | 7.587652938441137 × 10^276 |
| 141 | ov_141 | 6.137851405345269 × 10^276 |
| 142 | ov_142 | 4.9085407343373215 × 10^276 |
| 143 | ov_143 | 3.8762695177351775 × 10^276 |
| 144 | ov_144 | 3.0188733609794673 × 10^276 |
| 145 | ov_145 | 2.3154531946012833 × 10^276 |
| 146 | ov_146 | 1.7463595123800305 × 10^276 |
| 147 | ov_147 | 1.2931813746115942 × 10^276 |
| 148 | ov_148 | 9.387391081530507 × 10^275 |
| 149 | ov_149 | 6.670797275492923 × 10^275 |
| 150 | ov_150 | 4.634741941034536 × 10^275 |
| 151 | ov_151 | 3.144157601076456 × 10^275 |
| 152 | ov_152 | 2.0761887778948956 × 10^275 |
| 153 | ov_153 | 1.3201842590681586 × 10^275 |
| 154 | ov_154 | 7.776916991645756 × 10^274 |
| 155 | ov_155 | 4.025340842013185 × 10^274 |
| 156 | aaa_76_25 | 1.5463145458295718 × 10^274 |
| 157 | aaa_76_26 | 8.924816367526062 × 10^273 |
| 158 | aaa_76_27 | 4.565705533127036 × 10^273 |
| 159 | aaa_76_28 | 1.776246098219735 × 10^273 |
| 160 | aaa_76_29 | 5.397468149024695 × 10^272 |

### Output Bits Sorted by Complexity

| Rank | Output Bit | Complexity |
|:----:|:----------:|:----------:|
| 160 | aaa_76_29 | 5.397468149024695 × 10^272 |
| 159 | aaa_76_28 | 1.776246098219735 × 10^273 |
| 158 | aaa_76_27 | 4.565705533127036 × 10^273 |
| 157 | aaa_76_26 | 8.924816367526062 × 10^273 |
| 156 | aaa_76_25 | 1.5463145458295718 × 10^274 |
| 155 | ov_155 | 4.025340842013185 × 10^274 |
| 154 | ov_154 | 7.776916991645756 × 10^274 |
| 153 | ov_153 | 1.3201842590681586 × 10^275 |
| 152 | ov_152 | 2.0761887778948956 × 10^275 |
| 151 | ov_151 | 3.144157601076456 × 10^275 |
| 150 | ov_150 | 4.634741941034536 × 10^275 |
| 149 | ov_149 | 6.670797275492923 × 10^275 |
| 148 | ov_148 | 9.387391081530507 × 10^275 |
| 147 | ov_147 | 1.2931813746115942 × 10^276 |
| 146 | ov_146 | 1.7463595123800305 × 10^276 |
| 145 | ov_145 | 2.3154531946012833 × 10^276 |
| 144 | ov_144 | 3.0188733609794673 × 10^276 |
| 143 | ov_143 | 3.8762695177351775 × 10^276 |
| 142 | ov_142 | 4.9085407343373215 × 10^276 |
| 141 | ov_141 | 6.137851405345269 × 10^276 |
| 140 | ov_140 | 7.587652938441137 × 10^276 |
| 139 | ov_139 | 9.282712622620404 × 10^276 |
| 138 | ov_138 | 1.1249151023597004 × 10^277 |
| 137 | ov_137 | 1.3514489346865034 × 10^277 |
| 136 | ov_136 | 1.6107708302707044 × 10^277 |
| 135 | ov_135 | 1.9059320101998894 × 10^277 |
| 134 | ov_134 | 2.2385806454162034 × 10^277 |
| 133 | ov_133 | 2.6121019801359325 × 10^277 |
| 132 | ov_132 | 3.030065659099143 × 10^277 |
| 131 | ov_131 | 3.4962400021664145 × 10^277 |
| 130 | ov_130 | 3.4962425389280906 × 10^277 |
| 129 | ov_129 | 3.4962530423923066 × 10^277 |
| 128 | aaa_77_29 | 3.807731590781645 × 10^277 |
| 127 | aaa_77_28 | 1.0151936772452579 × 10^278 |
| 126 | ov_126 | 3.1783146351681767 × 10^278 |
| 125 | ov_125 | 7.137901127239046 × 10^278 |
| 124 | ov_124 | 1.358911040029323 × 10^279 |
| 123 | ov_123 | 2.3227107455176162 × 10^279 |
| 122 | ov_122 | 3.674708690370222 × 10^279 |
| 121 | ov_121 | 5.484432994163978 × 10^279 |
| 120 | ov_120 | 7.8214316095894 × 10^279 |
| 119 | ov_119 | 1.0755290368836274 × 10^280 |
| 118 | ov_118 | 1.4355659747191388 × 10^280 |
| 117 | ov_117 | 1.8692292782229322 × 10^280 |
| 116 | ov_116 | 2.383509658701145 × 10^280 |
| 115 | ov_115 | 2.9854199895873216 × 10^280 |
| 114 | ov_114 | 3.6820043699403525 × 10^280 |
| 113 | ov_113 | 4.480350725331812 × 10^280 |
| 112 | ov_112 | 5.387607834900799 × 10^280 |
| 111 | ov_111 | 6.411007272774907 × 10^280 |
| 110 | ov_110 | 7.557890752373753 × 10^280 |
| 109 | ov_109 | 8.835743362572615 × 10^280 |
| 108 | ov_108 | 1.0252233185418166 × 10^281 |
| 107 | ov_107 | 1.1953894998906701 × 10^281 |
| 106 | ov_106 | 1.409544448501792 × 10^281 |
| 105 | ov_105 | 1.6840123284680423 × 10^281 |
| 104 | ov_104 | 2.036011413037647 × 10^281 |
| 103 | ov_103 | 2.483703492442181 × 10^281 |
| 102 | ov_102 | 3.0462521146485078 × 10^281 |
| 101 | ov_101 | 3.7438906501122626 × 10^281 |
| 100 | ov_100 | 4.5980012258401764 × 10^281 |
| 99 | ov_099 | 5.6312056302065296 × 10^281 |
| 98 | ov_098 | 5.631235146324521 × 10^281 |
| 97 | ov_097 | 5.631327443424031 × 10^281 |
| 96 | aaa_78_29 | 1.0007783851441912 × 10^282 |
| 95 | aaa_78_28 | 3.367975041271562 × 10^282 |
| 94 | ov_094 | 1.113943426471341 × 10^283 |
| 93 | ov_093 | 2.6595887010957533 × 10^283 |
| 92 | ov_092 | 5.436740004640397 × 10^283 |
| 91 | ov_091 | 1.0043265711621027 × 10^284 |
| 90 | ov_090 | 1.7211914595056096 × 10^284 |
| 89 | ov_089 | 2.7810361584688686 × 10^284 |
| 88 | ov_088 | 4.284130079936898 × 10^284 |
| 87 | ov_087 | 6.44453050321616 × 10^284 |
| 86 | ov_086 | 9.503358123070632 × 10^284 |
| 85 | ov_085 | 1.3728862807374546 × 10^285 |
| 84 | ov_084 | 1.941651763385887 × 10^285 |
| 83 | ov_083 | 2.6889146769055117 × 10^285 |
| 82 | ov_082 | 3.649709275390115 × 10^285 |
| 81 | ov_081 | 4.861842876303574 × 10^285 |
| 80 | ov_080 | 6.365922140920642 × 10^285 |
| 64 | lv_79_m31 | 6.441976427099255 × 10^285 |
| 79 | ov_079 | 8.205384967124925 × 10^285 |
| 78 | ov_078 | 1.0426538553475972 × 10^286 |
| 77 | ov_077 | 1.3078604195009264 × 10^286 |
| 76 | ov_076 | 1.6213769373436954 × 10^286 |
| 75 | ov_075 | 1.988724770750913 × 10^286 |
| 74 | ov_074 | 2.41573473335864 × 10^286 |
| 73 | ov_073 | 2.908554829233446 × 10^286 |
| 63 | ov_063 | 3.3072374933454506 × 10^286 |
| 72 | ov_072 | 3.4736589505292616 × 10^286 |
| 71 | ov_071 | 4.1178565935342984 × 10^286 |
| 70 | ov_070 | 4.848303792466298 × 10^286 |
| 69 | ov_069 | 5.672515895845839 × 10^286 |
| 68 | ov_068 | 6.5983832601305075 × 10^286 |
| 67 | ov_067 | 7.634191133225718 × 10^286 |
| 66 | ov_066 | 7.63419561014651 × 10^286 |
| 65 | ov_065 | 7.634214666395116 × 10^286 |
| 62 | ov_062 | 1.6974951987600507 × 10^287 |
| 61 | ov_061 | 6.1901611030734636 × 10^287 |
| 60 | ov_060 | 1.7727061594504614 × 10^288 |
| 59 | ov_059 | 4.279037405200765 × 10^288 |
| 58 | ov_058 | 8.687246030184984 × 10^288 |
| 57 | ov_057 | 1.5700107308970124 × 10^289 |
| 56 | ov_056 | 2.61739411720827 × 10^289 |
| 55 | ov_055 | 4.1118627719674235 × 10^289 |
| 54 | ov_054 | 6.169764159617642 × 10^289 |
| 53 | ov_053 | 8.922811845559696 × 10^289 |
| 52 | ov_052 | 1.264981076920691 × 10^290 |
| 51 | ov_051 | 1.7660340647495001 × 10^290 |
| 50 | ov_050 | 2.429480467919315 × 10^290 |
| 49 | ov_049 | 3.2924502487462645 × 10^290 |
| 48 | ov_048 | 4.3951735785147815 × 10^290 |
| 47 | ov_047 | 5.780995947153816 × 10^290 |
| 32 | lv_80_m31 | 6.860427123308627 × 10^290 |
| 46 | ov_046 | 7.47394575474298 × 10^290 |
| 45 | ov_045 | 9.523671604000555 × 10^290 |
| 44 | ov_044 | 1.1983028776616535 × 10^291 |
| 43 | ov_043 | 1.490813254842487 × 10^291 |
| 42 | ov_042 | 1.8358427241091215 × 10^291 |
| 41 | ov_041 | 2.2396773924473955 × 10^291 |
| 40 | ov_040 | 2.705726296188662 × 10^291 |
| 39 | ov_039 | 3.237585217743895 × 10^291 |
| 31 | ov_031 | 3.519414632813639 × 10^291 |
| 38 | ov_038 | 3.8426414019618244 × 10^291 |
| 37 | ov_037 | 4.5286841143374235 × 10^291 |
| 36 | ov_036 | 5.303927897659919 × 10^291 |
| 35 | ov_035 | 6.17703992051667 × 10^291 |
| 34 | ov_034 | 7.15717187190144 × 10^291 |
| 33 | ov_033 | 8.253996881260829 × 10^291 |
| 30 | ov_030 | 1.8051745688800391 × 10^292 |
| 29 | ov_029 | 5.907382247287574 × 10^292 |
| 28 | ov_028 | 1.5337916111215635 × 10^293 |
| 27 | ov_027 | 3.4293779571598624 × 10^293 |
| 26 | ov_026 | 6.8599314296604796 × 10^293 |
| 25 | ov_025 | 1.257062198613354 × 10^294 |
| 24 | ov_024 | 2.1469362869211185 × 10^294 |
| 23 | ov_023 | 3.553474574123776 × 10^294 |
| 22 | ov_022 | 5.707094525283682 × 10^294 |
| 21 | ov_021 | 8.870787742886845 × 10^294 |
| 20 | ov_020 | 1.3340148878524817 × 10^295 |
| 19 | ov_019 | 1.9443422878408176 × 10^295 |
| 18 | ov_018 | 2.754157679931726 × 10^295 |
| 17 | ov_017 | 3.802840366006571 × 10^295 |
| 16 | ov_016 | 5.133066702224397 × 10^295 |
| 15 | ov_015 | 6.790829754027233 × 10^295 |
| 14 | ov_014 | 8.82546580558822 × 10^295 |
| 13 | ov_013 | 1.1289689961004623 × 10^296 |
| 12 | ov_012 | 1.4239643437322692 × 10^296 |
| 11 | ov_011 | 1.7734955396420177 × 10^296 |
| 10 | ov_010 | 2.18388224104468 × 10^296 |
| 9 | ov_009 | 2.6618108679716726 × 10^296 |
| 8 | ov_008 | 3.2143469923100496 × 10^296 |
| 7 | ov_007 | 3.848950411327954 × 10^296 |
| 6 | ov_006 | 4.573493293346466 × 10^296 |
| 5 | ov_005 | 5.396281831567473 × 10^296 |
| 4 | ov_004 | 6.326081868458046 × 10^296 |
| 3 | ov_003 | 7.37214894781871 × 10^296 |
| 2 | ov_002 | 8.544263180797917 × 10^296 |
| 1 | ov_001 | 9.852769272736991 × 10^296 |

