# Results for F001-F002-F003-F004-F005-F006-F007-F008-F009-F010-F011-F012-F013-F014-F015-F016-F017-F018-F019-F020-F021-F022-F023-F024-F025-F026-F027-F028-F029-F030-F031-F032-F033-F034-F035-F036-F037-F038-F039-F040-F041-F042-F043-F044-F045-F046-F047-F048-F049-F050-F051-F052-F053-F054-F055-F056-F057-F058-F059-F060-F061-F062-F063-F064-F065-F066-F067-F068-F069-F070-F071-F072-F073-F074-F075-F076-F077-F078-F079-F080-F081-F082-F083-F084-F085-F086-F087-F088-F089-F090-F091-F092-F093-F094-F095-F096-F097-F098-F099-F100-F101-F102-F103-F104-F105-F106-F107-F108-F109-F110-F111-F112-F113-F114-F115-F116-F117-F118-F119-F120-F121-F122-F123-F124-F125-F126-F127-F128-F129-F130-F131-F132-F133-F134-F135-F136-F137-F138-F139-F140-F141-F142-F143-F144-F145-F146-F147-F148-F149-F150-F151-F152-F153-F154-F155-F156-F157-F158-F159-F160-F161-F162-F163-F164-F165-F166-F167-F168-F169-F170-F171-F172-F173-F174-F175-F176-F177-F178-F179-F180-F181-F182-F183-F184-F185-F186-F187-F188-F189-F190-F191-F192-F193-F194-F195-F196-F197-F198-F199-F200-F201-F202-F203-F204-F205-F206-F207-F208-F209-F210-F211-F212-F213-F214-F215-F216-F217-F218-F219-F220-F221-F222-F223-F224-F225-F226-F227-F228-F229-F230-F231-F232-F233-F234-F235-F236-F237-F238-F239-F240-F241-F242-F243-F244-F245-F246-F247-F248-F249-F250-F251-F252-F253-F254-F255-F256-F257-F258-F259-F260-F261-F262-F263-F264-F265-F266-F267-F268-F269-F270-F271-F272-F273-F274-F275-F276-F277-F278-F279-F280-F281-F282-F283-F284-F285-F286-F287-F288-F289-F290-F291-F292-F293-F294-F295-F296-F297-F298-F299-F300-F301-F302-F303-F304-F305-F306-F307-F308-F309-F310-F311-F312-F313-F314-F315-F316-F317-F318-F319-F320-F321-F322-F323-F324-F325-F326-F327-F328-F329-F330-F331-F332-F333-F334-F335-F336-F337-F338-F339-F340-F341-F342-F343-F344-F345-F346-F347-F348-F349-F350-F351-F352-F353-F354-F355-F356-F357-F358-F359-F360-F361-F362-F363-F364-F365-F366-F367-F368-F369-F370-F371-F372-F373-F374-F375-F376-F377-F378-F379-F380-F381-F382-F383-F384-F385-F386-F387-F388-F389-F390-F391-F392-F393-F394-F395-F396-F397-F398-F399-F400-F401-F402-F403-F404-F405-F406-F407-F408-F409-F410-F411-F412-F413-F414-F415-F416-F417-F418-F419-F420-F421-F422-F423-F424-F425-F426-F427-F428-F429-F430-F431-F432-F433-F434-F435-F436-F437-F438-F439-F440-F441-F442-F443-F444-F445-F446-F447-F448-F449-F450-F451-F452-F453-F454-F455-F456-F457-F458-F459-F460-F461-F462-F463-F464-F465-F466-F467-F468-F469-F470-F471-F472-F473-F474-F475-F476-F477-F478-F479-F480-F481-F482-F483-F484-F485-F486-F487-F488-F489-F490-F491-F492-F493-F494-F495-F496-T504-F508-F509-F510-F511-F512

## Summary

Number of input bits: 512  
Number of free input bits: 10  
Number of output bits: 160

Number of direct occurrences: 40882  
Number of assignments: 30988  
Number of operations: 11205356
(xor: 11176866,
and: 15256,
or: 13234)

Total complexity: 6.77652746087247 × 10^301

Least occurring input variable: iv_499 (3926)  
Most occurring input variable: iv_503 (4208)

Most co-occurring input variables: iv_500-iv_503 (2011)  
Least co-occurring input variables: iv_498-iv_499 (1760)

Potentially most occurring input variable: iv_497/iv_503 (4539)  
Potentially least occurring input variable: iv_499/iv_505 (4057)

Least output occurring input variable: iv_503 (77)  
Most output occurring input variable: iv_506 (91)

Most output co-occurring input variables: iv_498-iv_502 (55)  
Least output co-occurring input variables: iv_497-iv_505 (36)

Potentially most output occurring input variable: iv_499/iv_506 (95)  
Potentially least output occurring input variable: iv_502/iv_507 (65)

Least complex input bit: iv_497 (6.409434474545146 × 10^299)  
Most complex input bit: iv_505 (1.9517334139932772 × 10^301)

Least complex output bit: aaa_76_29 (5.123714692599155 × 10^276)  
Most complex output bit: ov_001 (1.093504479376529 × 10^301)

Least complex input/output complexity: iv_497/aaa_76_29 (4.846156645582358 × 10^274)  
Most complex input/output complexity: iv_505/ov_001 (3.1494437867676194 × 10^300)

## Input Bits

### Input Bits in Regular Order

| Input Bit | Complexity | Occurrences | Output Occurrences |
|:---------:|:----------:|:-----------:|:------------------:|
| iv_497 | 6.409434474545146 × 10^299 | 4149 | 83 |
| iv_498 | 1.2785855597056891 × 10^300 | 3985 | 91 |
| iv_499 | 2.248378465945878 × 10^300 | 3926 | 82 |
| iv_500 | 3.767037451301234 × 10^300 | 4071 | 86 |
| iv_501 | 6.167416829965919 × 10^300 | 4089 | 85 |
| iv_502 | 9.905423062733018 × 10^300 | 4032 | 85 |
| iv_503 | 1.5648072712257486 × 10^301 | 4208 | 77 |
| iv_505 | 1.9517334139932772 × 10^301 | 4101 | 81 |
| iv_506 | 3.8077079118595175 × 10^300 | 4163 | 91 |
| iv_507 | 4.7843750275686545 × 10^300 | 4158 | 84 |

### Input Bits Sorted by Complexity

| Input Bit | Complexity | Occurrences | Output Occurrences |
|:---------:|:----------:|:-----------:|:------------------:|
| iv_497 | 6.409434474545146 × 10^299 | 4149 | 83 |
| iv_498 | 1.2785855597056891 × 10^300 | 3985 | 91 |
| iv_499 | 2.248378465945878 × 10^300 | 3926 | 82 |
| iv_500 | 3.767037451301234 × 10^300 | 4071 | 86 |
| iv_506 | 3.8077079118595175 × 10^300 | 4163 | 91 |
| iv_507 | 4.7843750275686545 × 10^300 | 4158 | 84 |
| iv_501 | 6.167416829965919 × 10^300 | 4089 | 85 |
| iv_502 | 9.905423062733018 × 10^300 | 4032 | 85 |
| iv_503 | 1.5648072712257486 × 10^301 | 4208 | 77 |
| iv_505 | 1.9517334139932772 × 10^301 | 4101 | 81 |

### Input Bits Sorted by Occurrences

| Input Bit | Complexity | Occurrences | Output Occurrences |
|:---------:|:----------:|:-----------:|:------------------:|
| iv_499 | 2.248378465945878 × 10^300 | 3926 | 82 |
| iv_498 | 1.2785855597056891 × 10^300 | 3985 | 91 |
| iv_502 | 9.905423062733018 × 10^300 | 4032 | 85 |
| iv_500 | 3.767037451301234 × 10^300 | 4071 | 86 |
| iv_501 | 6.167416829965919 × 10^300 | 4089 | 85 |
| iv_505 | 1.9517334139932772 × 10^301 | 4101 | 81 |
| iv_497 | 6.409434474545146 × 10^299 | 4149 | 83 |
| iv_507 | 4.7843750275686545 × 10^300 | 4158 | 84 |
| iv_506 | 3.8077079118595175 × 10^300 | 4163 | 91 |
| iv_503 | 1.5648072712257486 × 10^301 | 4208 | 77 |

### Input Bits Sorted by Output Occurrences

| Input Bit | Complexity | Occurrences | Output Occurrences |
|:---------:|:----------:|:-----------:|:------------------:|
| iv_503 | 1.5648072712257486 × 10^301 | 4208 | 77 |
| iv_505 | 1.9517334139932772 × 10^301 | 4101 | 81 |
| iv_499 | 2.248378465945878 × 10^300 | 3926 | 82 |
| iv_497 | 6.409434474545146 × 10^299 | 4149 | 83 |
| iv_507 | 4.7843750275686545 × 10^300 | 4158 | 84 |
| iv_501 | 6.167416829965919 × 10^300 | 4089 | 85 |
| iv_502 | 9.905423062733018 × 10^300 | 4032 | 85 |
| iv_500 | 3.767037451301234 × 10^300 | 4071 | 86 |
| iv_498 | 1.2785855597056891 × 10^300 | 3985 | 91 |
| iv_506 | 3.8077079118595175 × 10^300 | 4163 | 91 |

## Input Bit Co-occurrences

### Input Bit Co-occurrences Sorted by Co-occurrences

| Input Bits | Co-occurrences | Potential Occurrences | Output Co-occurrences | Potential Output Occurrences |
|:----------:|:--------------:|:---------------------:|:---------------------:|:----------------------------:|
| iv_500-iv_503 | 2011 | 4257 | 40 | 83 |
| iv_500-iv_506 | 2004 | 4226 | 43 | 91 |
| iv_502-iv_507 | 1999 | 4192 | 52 | 65 |
| iv_497-iv_502 | 1998 | 4185 | 48 | 72 |
| iv_497-iv_507 | 1995 | 4317 | 39 | 89 |
| iv_501-iv_507 | 1994 | 4259 | 50 | 69 |
| iv_503-iv_506 | 1992 | 4387 | 43 | 82 |
| iv_502-iv_506 | 1986 | 4223 | 49 | 78 |
| iv_505-iv_506 | 1985 | 4294 | 44 | 84 |
| iv_499-iv_505 | 1985 | 4057 | 46 | 71 |

### Input Bit Co-occurrences Sorted by Potential Occurrences

| Input Bits | Co-occurrences | Potential Occurrences | Output Co-occurrences | Potential Output Occurrences |
|:----------:|:--------------:|:---------------------:|:---------------------:|:----------------------------:|
| iv_499-iv_505 | 1985 | 4057 | 46 | 71 |
| iv_499-iv_500 | 1918 | 4161 | 46 | 76 |
| iv_497-iv_502 | 1998 | 4185 | 48 | 72 |
| iv_502-iv_507 | 1999 | 4192 | 52 | 65 |
| iv_498-iv_506 | 1963 | 4222 | 50 | 82 |
| iv_500-iv_502 | 1940 | 4223 | 45 | 81 |
| iv_502-iv_506 | 1986 | 4223 | 49 | 78 |
| iv_500-iv_505 | 1973 | 4226 | 45 | 77 |
| iv_500-iv_506 | 2004 | 4226 | 43 | 91 |
| iv_499-iv_502 | 1863 | 4232 | 44 | 79 |

### Input Bit Output Co-occurrences Sorted by Output Co-occurrences

| Input Bits | Co-occurrences | Potential Occurrences | Output Co-occurrences | Potential Output Occurrences |
|:----------:|:--------------:|:---------------------:|:---------------------:|:----------------------------:|
| iv_498-iv_502 | 1869 | 4279 | 55 | 66 |
| iv_498-iv_501 | 1917 | 4240 | 53 | 70 |
| iv_502-iv_507 | 1999 | 4192 | 52 | 65 |
| iv_506-iv_507 | 1924 | 4473 | 52 | 71 |
| iv_501-iv_506 | 1964 | 4324 | 51 | 74 |
| iv_498-iv_503 | 1947 | 4299 | 50 | 68 |
| iv_501-iv_507 | 1994 | 4259 | 50 | 69 |
| iv_498-iv_506 | 1963 | 4222 | 50 | 82 |
| iv_505-iv_507 | 1965 | 4329 | 50 | 65 |
| iv_498-iv_507 | 1913 | 4317 | 49 | 77 |

### Input Bit Output Co-occurrences Sorted by Potential Output Occurrences

| Input Bits | Co-occurrences | Potential Occurrences | Output Co-occurrences | Potential Output Occurrences |
|:----------:|:--------------:|:---------------------:|:---------------------:|:----------------------------:|
| iv_502-iv_507 | 1999 | 4192 | 52 | 65 |
| iv_505-iv_507 | 1965 | 4329 | 50 | 65 |
| iv_498-iv_502 | 1869 | 4279 | 55 | 66 |
| iv_498-iv_503 | 1947 | 4299 | 50 | 68 |
| iv_501-iv_507 | 1994 | 4259 | 50 | 69 |
| iv_498-iv_501 | 1917 | 4240 | 53 | 70 |
| iv_501-iv_505 | 1937 | 4316 | 48 | 70 |
| iv_506-iv_507 | 1924 | 4473 | 52 | 71 |
| iv_499-iv_505 | 1985 | 4057 | 46 | 71 |
| iv_497-iv_502 | 1998 | 4185 | 48 | 72 |

## Output Bits

### Output Bits in Regular Order

| Rank | Output Bit | Complexity |
|:----:|:----------:|:----------:|
| 1 | ov_001 | 1.093504479376529 × 10^301 |
| 2 | ov_002 | 9.46890928075097 × 10^300 |
| 3 | ov_003 | 8.156990298159856 × 10^300 |
| 4 | ov_004 | 6.987523460029014 × 10^300 |
| 5 | ov_005 | 5.949385534060272 × 10^300 |
| 6 | ov_006 | 5.032048537276397 × 10^300 |
| 7 | ov_007 | 4.2255398546698635 × 10^300 |
| 8 | ov_008 | 3.520408009783299 × 10^300 |
| 9 | ov_009 | 2.9076936261435752 × 10^300 |
| 10 | ov_010 | 2.3789050337961747 × 10^300 |
| 11 | ov_011 | 1.925997968828686 × 10^300 |
| 12 | ov_012 | 1.5413588452366296 × 10^300 |
| 13 | ov_013 | 1.2177911093793744 × 10^300 |
| 14 | ov_014 | 9.485042177327924 × 10^299 |
| 15 | ov_015 | 7.2710483187022266 × 10^299 |
| 16 | ov_016 | 5.4758990067996055 × 10^299 |
| 17 | ov_017 | 4.043413295416139 × 10^299 |
| 18 | ov_018 | 2.9212191958429745 × 10^299 |
| 19 | ov_019 | 2.0607228228014888 × 10^299 |
| 20 | ov_020 | 1.4170850940673701 × 10^299 |
| 21 | ov_021 | 9.492044764630725 × 10^298 |
| 22 | ov_022 | 6.197045934221099 × 10^298 |
| 23 | ov_023 | 3.9492565612094127 × 10^298 |
| 24 | ov_024 | 2.449188269118971 × 10^298 |
| 25 | ov_025 | 1.4344277050157723 × 10^298 |
| 26 | ov_026 | 7.83033794881167 × 10^297 |
| 27 | ov_027 | 3.915903927514179 × 10^297 |
| 28 | ov_028 | 1.7520367061848437 × 10^297 |
| 29 | ov_029 | 6.7501225108001845 × 10^296 |
| 30 | ov_030 | 2.063184331278366 × 10^296 |
| 31 | ov_031 | 4.0233169394768764 × 10^295 |
| 32 | lv_80_m31 | 7.844663704913185 × 10^294 |
| 33 | ov_033 | 9.385638974299142 × 10^295 |
| 34 | ov_034 | 8.143500278483417 × 10^295 |
| 35 | ov_035 | 7.02980944957774 × 10^295 |
| 36 | ov_036 | 6.033039725674557 × 10^295 |
| 37 | ov_037 | 5.147588268381027 × 10^295 |
| 38 | ov_038 | 4.3631218978319375 × 10^295 |
| 39 | ov_039 | 3.669844573348952 × 10^295 |
| 40 | ov_040 | 3.0584650970463867 × 10^295 |
| 41 | ov_041 | 2.524460367047607 × 10^295 |
| 42 | ov_042 | 2.0635397396450416 × 10^295 |
| 43 | ov_043 | 1.671634557560135 × 10^295 |
| 44 | ov_044 | 1.341240472876668 × 10^295 |
| 45 | ov_045 | 1.0652600518365577 × 10^295 |
| 46 | ov_046 | 8.369926338917977 × 10^294 |
| 47 | ov_047 | 6.50126379904724 × 10^294 |
| 48 | ov_048 | 4.9873215293737965 × 10^294 |
| 49 | ov_049 | 3.772589019427413 × 10^294 |
| 50 | ov_050 | 2.805302453981719 × 10^294 |
| 51 | ov_051 | 2.060512988231382 × 10^294 |
| 52 | ov_052 | 1.49388227513651 × 10^294 |
| 53 | ov_053 | 1.0647627045196239 × 10^294 |
| 54 | ov_054 | 7.36188352109569 × 10^293 |
| 55 | ov_055 | 4.905957596606034 × 10^293 |
| 56 | ov_056 | 3.122580902964966 × 10^293 |
| 57 | ov_057 | 1.8728366565980312 × 10^293 |
| 58 | ov_058 | 1.0361513217200961 × 10^293 |
| 59 | ov_059 | 5.102902787645648 × 10^292 |
| 60 | ov_060 | 2.1135586027610938 × 10^292 |
| 61 | ov_061 | 7.378664330015595 × 10^291 |
| 62 | ov_062 | 2.0229121473276607 × 10^291 |
| 63 | ov_063 | 3.9401632970754544 × 10^290 |
| 64 | lv_79_m31 | 7.672628558099986 × 10^289 |
| 65 | ov_065 | 9.06088500687064 × 10^290 |
| 66 | ov_066 | 9.060860563576251 × 10^290 |
| 67 | ov_067 | 9.060854783456617 × 10^290 |
| 68 | ov_068 | 7.822044829841668 × 10^290 |
| 69 | ov_069 | 6.715613923537945 × 10^290 |
| 70 | ov_070 | 5.731593136363065 × 10^290 |
| 71 | ov_071 | 4.860481263316705 × 10^290 |
| 72 | ov_072 | 4.0932184072314645 × 10^290 |
| 73 | ov_073 | 3.4211654363805615 × 10^290 |
| 74 | ov_074 | 2.8360881150982744 × 10^290 |
| 75 | ov_075 | 2.330144770276674 × 10^290 |
| 76 | ov_076 | 1.8958764171060965 × 10^290 |
| 77 | ov_077 | 1.5261984356823915 × 10^290 |
| 78 | ov_078 | 1.2143932692865725 × 10^290 |
| 79 | ov_079 | 9.541039727483211 × 10^289 |
| 80 | ov_080 | 7.393285565516927 × 10^289 |
| 81 | ov_081 | 5.644150728668471 × 10^289 |
| 82 | ov_082 | 4.240573900805693 × 10^289 |
| 83 | ov_083 | 3.1329160268391716 × 10^289 |
| 84 | ov_084 | 2.274930235829824 × 10^289 |
| 85 | ov_085 | 1.6237370604661597 × 10^289 |
| 86 | ov_086 | 1.139804426068114 × 10^289 |
| 87 | ov_087 | 7.869318829458557 × 10^288 |
| 88 | ov_088 | 5.322385563615688 × 10^288 |
| 89 | ov_089 | 3.461542885864861 × 10^288 |
| 90 | ov_090 | 2.1472075585216414 × 10^288 |
| 91 | ov_091 | 1.2563064998155985 × 10^288 |
| 92 | ov_092 | 6.822612316946819 × 10^287 |
| 93 | ov_093 | 3.349791394804506 × 10^287 |
| 94 | ov_094 | 1.4084917831982462 × 10^287 |
| 95 | aaa_78_28 | 4.274012085622834 × 10^286 |
| 96 | aaa_78_29 | 1.2769819144641865 × 10^286 |
| 97 | ov_097 | 6.759775219427998 × 10^285 |
| 98 | ov_098 | 6.759688939231544 × 10^285 |
| 99 | ov_099 | 6.759661410331979 × 10^285 |
| 100 | ov_100 | 5.53387503572782 × 10^285 |
| 101 | ov_101 | 4.500808999109175 × 10^285 |
| 102 | ov_102 | 3.63918825644652 × 10^285 |
| 103 | ov_103 | 2.9288947095073933 × 10^285 |
| 104 | ov_104 | 2.350882745662767 × 10^285 |
| 105 | ov_105 | 1.8871060689646294 × 10^285 |
| 106 | ov_106 | 1.520454769613995 × 10^285 |
| 107 | ov_107 | 1.2347016317891309 × 10^285 |
| 108 | ov_108 | 1.0144567310251094 × 10^285 |
| 109 | ov_109 | 8.451294222961116 × 10^284 |
| 110 | ov_110 | 7.128968689575947 × 10^284 |
| 111 | ov_111 | 6.046783110088302 × 10^284 |
| 112 | ov_112 | 5.081143189379409 × 10^284 |
| 113 | ov_113 | 4.225128757213539 × 10^284 |
| 114 | ov_114 | 3.471918026756036 × 10^284 |
| 115 | ov_115 | 2.814763161714869 × 10^284 |
| 116 | ov_116 | 2.2469710240499863 × 10^284 |
| 117 | ov_117 | 1.7618886334198494 × 10^284 |
| 118 | ov_118 | 1.3528924272630768 × 10^284 |
| 119 | ov_119 | 1.0133800265511578 × 10^284 |
| 120 | ov_120 | 7.367637719941634 × 10^283 |
| 121 | ov_121 | 5.164657966568197 × 10^283 |
| 122 | ov_122 | 3.4591440098842263 × 10^283 |
| 123 | ov_123 | 2.1854149628255445 × 10^283 |
| 124 | ov_124 | 1.277808825757639 × 10^283 |
| 125 | ov_125 | 6.706718354527415 × 10^282 |
| 126 | ov_126 | 2.9835304189882074 × 10^282 |
| 127 | aaa_77_28 | 9.520223081515411 × 10^281 |
| 128 | aaa_77_29 | 3.565235671802382 × 10^281 |
| 129 | ov_129 | 3.262156377138433 × 10^281 |
| 130 | ov_130 | 3.2621464205476906 × 10^281 |
| 131 | ov_131 | 3.2621440202395672 × 10^281 |
| 132 | ov_132 | 2.8190775836068106 × 10^281 |
| 133 | ov_133 | 2.4231432621314113 × 10^281 |
| 134 | ov_134 | 2.0707614305178815 × 10^281 |
| 135 | ov_135 | 1.7585374573773403 × 10^281 |
| 136 | ov_136 | 1.4832484616986873 × 10^281 |
| 137 | ov_137 | 1.2418320943412083 × 10^281 |
| 138 | ov_138 | 1.0313771345740819 × 10^281 |
| 139 | ov_139 | 8.491157021340748 × 10^280 |
| 140 | ov_140 | 6.924168954787601 × 10^280 |
| 141 | ov_141 | 5.587816769421401 × 10^280 |
| 142 | ov_142 | 4.458388354029511 × 10^280 |
| 143 | ov_143 | 3.513418668919069 × 10^280 |
| 144 | ov_144 | 2.731666233210259 × 10^280 |
| 145 | ov_145 | 2.0930958923570627 × 10^280 |
| 146 | ov_146 | 1.5788665618091836 × 10^280 |
| 147 | ov_147 | 1.1713228028332754 × 10^280 |
| 148 | ov_148 | 8.53989309856634 × 10^279 |
| 149 | ov_149 | 6.115674851307868 × 10^279 |
| 150 | ov_150 | 4.299332914103411 × 10^279 |
| 151 | ov_151 | 2.961357755788163 × 10^279 |
| 152 | ov_152 | 1.983959763541134 × 10^279 |
| 153 | ov_153 | 1.261061226214898 × 10^279 |
| 154 | ov_154 | 7.425504281801166 × 10^278 |
| 155 | ov_155 | 3.8416766907614485 × 10^278 |
| 156 | aaa_76_25 | 1.4750394191946189 × 10^278 |
| 157 | aaa_76_26 | 8.505387381002302 × 10^277 |
| 158 | aaa_76_27 | 4.346422389319392 × 10^277 |
| 159 | aaa_76_28 | 1.6885727102605283 × 10^277 |
| 160 | aaa_76_29 | 5.123714692599155 × 10^276 |

### Output Bits Sorted by Complexity

| Rank | Output Bit | Complexity |
|:----:|:----------:|:----------:|
| 160 | aaa_76_29 | 5.123714692599155 × 10^276 |
| 159 | aaa_76_28 | 1.6885727102605283 × 10^277 |
| 158 | aaa_76_27 | 4.346422389319392 × 10^277 |
| 157 | aaa_76_26 | 8.505387381002302 × 10^277 |
| 156 | aaa_76_25 | 1.4750394191946189 × 10^278 |
| 155 | ov_155 | 3.8416766907614485 × 10^278 |
| 154 | ov_154 | 7.425504281801166 × 10^278 |
| 153 | ov_153 | 1.261061226214898 × 10^279 |
| 152 | ov_152 | 1.983959763541134 × 10^279 |
| 151 | ov_151 | 2.961357755788163 × 10^279 |
| 150 | ov_150 | 4.299332914103411 × 10^279 |
| 149 | ov_149 | 6.115674851307868 × 10^279 |
| 148 | ov_148 | 8.53989309856634 × 10^279 |
| 147 | ov_147 | 1.1713228028332754 × 10^280 |
| 146 | ov_146 | 1.5788665618091836 × 10^280 |
| 145 | ov_145 | 2.0930958923570627 × 10^280 |
| 144 | ov_144 | 2.731666233210259 × 10^280 |
| 143 | ov_143 | 3.513418668919069 × 10^280 |
| 142 | ov_142 | 4.458388354029511 × 10^280 |
| 141 | ov_141 | 5.587816769421401 × 10^280 |
| 140 | ov_140 | 6.924168954787601 × 10^280 |
| 139 | ov_139 | 8.491157021340748 × 10^280 |
| 138 | ov_138 | 1.0313771345740819 × 10^281 |
| 137 | ov_137 | 1.2418320943412083 × 10^281 |
| 136 | ov_136 | 1.4832484616986873 × 10^281 |
| 135 | ov_135 | 1.7585374573773403 × 10^281 |
| 134 | ov_134 | 2.0707614305178815 × 10^281 |
| 133 | ov_133 | 2.4231432621314113 × 10^281 |
| 132 | ov_132 | 2.8190775836068106 × 10^281 |
| 131 | ov_131 | 3.2621440202395672 × 10^281 |
| 130 | ov_130 | 3.2621464205476906 × 10^281 |
| 129 | ov_129 | 3.262156377138433 × 10^281 |
| 128 | aaa_77_29 | 3.565235671802382 × 10^281 |
| 127 | aaa_77_28 | 9.520223081515411 × 10^281 |
| 126 | ov_126 | 2.9835304189882074 × 10^282 |
| 125 | ov_125 | 6.706718354527415 × 10^282 |
| 124 | ov_124 | 1.277808825757639 × 10^283 |
| 123 | ov_123 | 2.1854149628255445 × 10^283 |
| 122 | ov_122 | 3.4591440098842263 × 10^283 |
| 121 | ov_121 | 5.164657966568197 × 10^283 |
| 120 | ov_120 | 7.367637719941634 × 10^283 |
| 119 | ov_119 | 1.0133800265511578 × 10^284 |
| 118 | ov_118 | 1.3528924272630768 × 10^284 |
| 117 | ov_117 | 1.7618886334198494 × 10^284 |
| 116 | ov_116 | 2.2469710240499863 × 10^284 |
| 115 | ov_115 | 2.814763161714869 × 10^284 |
| 114 | ov_114 | 3.471918026756036 × 10^284 |
| 113 | ov_113 | 4.225128757213539 × 10^284 |
| 112 | ov_112 | 5.081143189379409 × 10^284 |
| 111 | ov_111 | 6.046783110088302 × 10^284 |
| 110 | ov_110 | 7.128968689575947 × 10^284 |
| 109 | ov_109 | 8.451294222961116 × 10^284 |
| 108 | ov_108 | 1.0144567310251094 × 10^285 |
| 107 | ov_107 | 1.2347016317891309 × 10^285 |
| 106 | ov_106 | 1.520454769613995 × 10^285 |
| 105 | ov_105 | 1.8871060689646294 × 10^285 |
| 104 | ov_104 | 2.350882745662767 × 10^285 |
| 103 | ov_103 | 2.9288947095073933 × 10^285 |
| 102 | ov_102 | 3.63918825644652 × 10^285 |
| 101 | ov_101 | 4.500808999109175 × 10^285 |
| 100 | ov_100 | 5.53387503572782 × 10^285 |
| 99 | ov_099 | 6.759661410331979 × 10^285 |
| 98 | ov_098 | 6.759688939231544 × 10^285 |
| 97 | ov_097 | 6.759775219427998 × 10^285 |
| 96 | aaa_78_29 | 1.2769819144641865 × 10^286 |
| 95 | aaa_78_28 | 4.274012085622834 × 10^286 |
| 94 | ov_094 | 1.4084917831982462 × 10^287 |
| 93 | ov_093 | 3.349791394804506 × 10^287 |
| 92 | ov_092 | 6.822612316946819 × 10^287 |
| 91 | ov_091 | 1.2563064998155985 × 10^288 |
| 90 | ov_090 | 2.1472075585216414 × 10^288 |
| 89 | ov_089 | 3.461542885864861 × 10^288 |
| 88 | ov_088 | 5.322385563615688 × 10^288 |
| 87 | ov_087 | 7.869318829458557 × 10^288 |
| 86 | ov_086 | 1.139804426068114 × 10^289 |
| 85 | ov_085 | 1.6237370604661597 × 10^289 |
| 84 | ov_084 | 2.274930235829824 × 10^289 |
| 83 | ov_083 | 3.1329160268391716 × 10^289 |
| 82 | ov_082 | 4.240573900805693 × 10^289 |
| 81 | ov_081 | 5.644150728668471 × 10^289 |
| 80 | ov_080 | 7.393285565516927 × 10^289 |
| 64 | lv_79_m31 | 7.672628558099986 × 10^289 |
| 79 | ov_079 | 9.541039727483211 × 10^289 |
| 78 | ov_078 | 1.2143932692865725 × 10^290 |
| 77 | ov_077 | 1.5261984356823915 × 10^290 |
| 76 | ov_076 | 1.8958764171060965 × 10^290 |
| 75 | ov_075 | 2.330144770276674 × 10^290 |
| 74 | ov_074 | 2.8360881150982744 × 10^290 |
| 73 | ov_073 | 3.4211654363805615 × 10^290 |
| 63 | ov_063 | 3.9401632970754544 × 10^290 |
| 72 | ov_072 | 4.0932184072314645 × 10^290 |
| 71 | ov_071 | 4.860481263316705 × 10^290 |
| 70 | ov_070 | 5.731593136363065 × 10^290 |
| 69 | ov_069 | 6.715613923537945 × 10^290 |
| 68 | ov_068 | 7.822044829841668 × 10^290 |
| 67 | ov_067 | 9.060854783456617 × 10^290 |
| 66 | ov_066 | 9.060860563576251 × 10^290 |
| 65 | ov_065 | 9.06088500687064 × 10^290 |
| 62 | ov_062 | 2.0229121473276607 × 10^291 |
| 61 | ov_061 | 7.378664330015595 × 10^291 |
| 60 | ov_060 | 2.1135586027610938 × 10^292 |
| 59 | ov_059 | 5.102902787645648 × 10^292 |
| 58 | ov_058 | 1.0361513217200961 × 10^293 |
| 57 | ov_057 | 1.8728366565980312 × 10^293 |
| 56 | ov_056 | 3.122580902964966 × 10^293 |
| 55 | ov_055 | 4.905957596606034 × 10^293 |
| 54 | ov_054 | 7.36188352109569 × 10^293 |
| 53 | ov_053 | 1.0647627045196239 × 10^294 |
| 52 | ov_052 | 1.49388227513651 × 10^294 |
| 51 | ov_051 | 2.060512988231382 × 10^294 |
| 50 | ov_050 | 2.805302453981719 × 10^294 |
| 49 | ov_049 | 3.772589019427413 × 10^294 |
| 48 | ov_048 | 4.9873215293737965 × 10^294 |
| 47 | ov_047 | 6.50126379904724 × 10^294 |
| 32 | lv_80_m31 | 7.844663704913185 × 10^294 |
| 46 | ov_046 | 8.369926338917977 × 10^294 |
| 45 | ov_045 | 1.0652600518365577 × 10^295 |
| 44 | ov_044 | 1.341240472876668 × 10^295 |
| 43 | ov_043 | 1.671634557560135 × 10^295 |
| 42 | ov_042 | 2.0635397396450416 × 10^295 |
| 41 | ov_041 | 2.524460367047607 × 10^295 |
| 40 | ov_040 | 3.0584650970463867 × 10^295 |
| 39 | ov_039 | 3.669844573348952 × 10^295 |
| 31 | ov_031 | 4.0233169394768764 × 10^295 |
| 38 | ov_038 | 4.3631218978319375 × 10^295 |
| 37 | ov_037 | 5.147588268381027 × 10^295 |
| 36 | ov_036 | 6.033039725674557 × 10^295 |
| 35 | ov_035 | 7.02980944957774 × 10^295 |
| 34 | ov_034 | 8.143500278483417 × 10^295 |
| 33 | ov_033 | 9.385638974299142 × 10^295 |
| 30 | ov_030 | 2.063184331278366 × 10^296 |
| 29 | ov_029 | 6.7501225108001845 × 10^296 |
| 28 | ov_028 | 1.7520367061848437 × 10^297 |
| 27 | ov_027 | 3.915903927514179 × 10^297 |
| 26 | ov_026 | 7.83033794881167 × 10^297 |
| 25 | ov_025 | 1.4344277050157723 × 10^298 |
| 24 | ov_024 | 2.449188269118971 × 10^298 |
| 23 | ov_023 | 3.9492565612094127 × 10^298 |
| 22 | ov_022 | 6.197045934221099 × 10^298 |
| 21 | ov_021 | 9.492044764630725 × 10^298 |
| 20 | ov_020 | 1.4170850940673701 × 10^299 |
| 19 | ov_019 | 2.0607228228014888 × 10^299 |
| 18 | ov_018 | 2.9212191958429745 × 10^299 |
| 17 | ov_017 | 4.043413295416139 × 10^299 |
| 16 | ov_016 | 5.4758990067996055 × 10^299 |
| 15 | ov_015 | 7.2710483187022266 × 10^299 |
| 14 | ov_014 | 9.485042177327924 × 10^299 |
| 13 | ov_013 | 1.2177911093793744 × 10^300 |
| 12 | ov_012 | 1.5413588452366296 × 10^300 |
| 11 | ov_011 | 1.925997968828686 × 10^300 |
| 10 | ov_010 | 2.3789050337961747 × 10^300 |
| 9 | ov_009 | 2.9076936261435752 × 10^300 |
| 8 | ov_008 | 3.520408009783299 × 10^300 |
| 7 | ov_007 | 4.2255398546698635 × 10^300 |
| 6 | ov_006 | 5.032048537276397 × 10^300 |
| 5 | ov_005 | 5.949385534060272 × 10^300 |
| 4 | ov_004 | 6.987523460029014 × 10^300 |
| 3 | ov_003 | 8.156990298159856 × 10^300 |
| 2 | ov_002 | 9.46890928075097 × 10^300 |
| 1 | ov_001 | 1.093504479376529 × 10^301 |

