# Results for F001-F002-F003-F004-F005-F006-F007-F008-F009-F010-F011-F012-F013-F014-F015-F016-F017-F018-F019-F020-F021-F022-F023-F024-F025-F026-F027-F028-F029-F030-F031-F032-F033-F034-F035-F036-F037-F038-F039-F040-F041-F042-F043-F044-F045-F046-F047-F048-F049-F050-F051-F052-F053-F054-F055-F056-F057-F058-F059-F060-F061-F062-F063-F064-F065-F066-F067-F068-F069-F070-F071-F072-F073-F074-F075-F076-F077-F078-F079-F080-F081-F082-F083-F084-F085-F086-F087-F088-F089-F090-F091-F092-F093-F094-F095-F096-F097-F098-F099-F100-F101-F102-F103-F104-F105-F106-F107-F108-F109-F110-F111-F112-F113-F114-F115-F116-F117-F118-F119-F120-F121-F122-F123-F124-F125-F126-F127-F128-F129-F130-F131-F132-F133-F134-F135-F136-F137-F138-F139-F140-F141-F142-F143-F144-F145-F146-F147-F148-F149-F150-F151-F152-F153-F154-F155-F156-F157-F158-F159-F160-F161-F162-F163-F164-F165-F166-F167-F168-F169-F170-F171-F172-F173-F174-F175-F176-F177-F178-F179-F180-F181-F182-F183-F184-F185-F186-F187-F188-F189-F190-F191-F192-F193-F194-F195-F196-F197-F198-F199-F200-F201-F202-F203-F204-F205-F206-F207-F208-F209-F210-F211-F212-F213-F214-F215-F216-F217-F218-F219-F220-F221-F222-F223-F224-F225-F226-F227-F228-F229-F230-F231-F232-F233-F234-F235-F236-F237-F238-F239-F240-F241-F242-F243-F244-F245-F246-F247-F248-F249-F250-F251-F252-F253-F254-F255-F256-F257-F258-F259-F260-F261-F262-F263-F264-F265-F266-F267-F268-F269-F270-F271-F272-F273-F274-F275-F276-F277-F278-F279-F280-F281-F282-F283-F284-F285-F286-F287-F288-F289-F290-F291-F292-F293-F294-F295-F296-F297-F298-F299-F300-F301-F302-F303-F304-F305-F306-F307-F308-F309-F310-F311-F312-F313-F314-F315-F316-F317-F318-F319-F320-F321-F322-F323-F324-F325-F326-F327-F328-F329-F330-F331-F332-F333-F334-F335-F336-F337-F338-F339-F340-F341-F342-F343-F344-F345-F346-F347-F348-F349-F350-F351-F352-F353-F354-F355-F356-F357-F358-F359-F360-F361-F362-F363-F364-F365-F366-F367-F368-F369-F370-F371-F372-F373-F374-F375-F376-F377-F378-F379-F380-F381-F382-F383-F384-F385-F386-F387-F388-F389-F390-F391-F392-F393-F394-F395-F396-F397-F398-F399-F400-F401-F402-F403-F404-F405-F406-F407-F408-F409-F410-F411-F412-F413-F414-F415-F416-F417-F418-F419-F420-F421-F422-F423-F424-F425-F426-F427-F428-F429-F430-F431-F432-F433-F434-F435-F436-F437-F438-F439-F440-F441-F442-F443-F444-F445-F446-F447-F448-F449-F450-F451-F452-F453-F454-F455-F456-F457-F458-F459-F460-F461-F462-F463-F464-F465-F466-F467-F468-F469-F470-F471-F472-F473-F474-F475-F476-F477-F478-F479-F480-F481-F482-F483-F484-F485-F486-F487-F488-F489-F490-F491-F492-F493-F494-F495-F496-F502-F507-F508-F509-F510-F512

## Summary

Number of input bits: 512  
Number of free input bits: 10  
Number of output bits: 160

Number of direct occurrences: 41097  
Number of assignments: 31078  
Number of operations: 11084911
(xor: 11056679,
and: 15070,
or: 13162)

Total complexity: 2.4950304958974476 × 10^298

Least occurring input variable: iv_499 (3950)  
Most occurring input variable: iv_511 (4384)

Most co-occurring input variables: iv_500-iv_511 (2081)  
Least co-occurring input variables: iv_499-iv_506 (1799)

Potentially most occurring input variable: iv_497/iv_511 (4610)  
Potentially least occurring input variable: iv_499/iv_504 (4131)

Least output occurring input variable: iv_498 (74)  
Most output occurring input variable: iv_503 (85)

Most output co-occurring input variables: iv_501-iv_505 (48)  
Least output co-occurring input variables: iv_498-iv_500 (29)

Potentially most output occurring input variable: iv_497/iv_503 (94)  
Potentially least output occurring input variable: iv_497/iv_498 (65)

Least complex input bit: iv_511 (1.3282660344393827 × 10^293)  
Most complex input bit: iv_505 (8.829163838798313 × 10^297)

Least complex output bit: aaa_76_29 (5.848896217318537 × 10^273)  
Most complex output bit: ov_001 (3.901043567212339 × 10^297)

Least complex input/output complexity: iv_511/aaa_76_29 (3.1137455823483902 × 10^268)  
Most complex input/output complexity: iv_505/ov_001 (1.3804621969086983 × 10^297)

## Input Bits

### Input Bits in Regular Order

| Input Bit | Complexity | Occurrences | Output Occurrences |
|:---------:|:----------:|:-----------:|:------------------:|
| iv_497 | 1.5974378726809885 × 10^296 | 4062 | 77 |
| iv_498 | 3.186416288930578 × 10^296 | 4046 | 74 |
| iv_499 | 5.721724220891426 × 10^296 | 3950 | 81 |
| iv_500 | 9.842089722429222 × 10^296 | 4139 | 76 |
| iv_501 | 1.6500888980710134 × 10^297 | 4088 | 82 |
| iv_503 | 4.345470684746108 × 10^297 | 4160 | 85 |
| iv_504 | 6.827330107885621 × 10^297 | 4115 | 83 |
| iv_505 | 8.829163838798313 × 10^297 | 4120 | 83 |
| iv_506 | 1.2633517923767937 × 10^297 | 4033 | 77 |
| iv_511 | 1.3282660344393827 × 10^293 | 4384 | 80 |

### Input Bits Sorted by Complexity

| Input Bit | Complexity | Occurrences | Output Occurrences |
|:---------:|:----------:|:-----------:|:------------------:|
| iv_511 | 1.3282660344393827 × 10^293 | 4384 | 80 |
| iv_497 | 1.5974378726809885 × 10^296 | 4062 | 77 |
| iv_498 | 3.186416288930578 × 10^296 | 4046 | 74 |
| iv_499 | 5.721724220891426 × 10^296 | 3950 | 81 |
| iv_500 | 9.842089722429222 × 10^296 | 4139 | 76 |
| iv_506 | 1.2633517923767937 × 10^297 | 4033 | 77 |
| iv_501 | 1.6500888980710134 × 10^297 | 4088 | 82 |
| iv_503 | 4.345470684746108 × 10^297 | 4160 | 85 |
| iv_504 | 6.827330107885621 × 10^297 | 4115 | 83 |
| iv_505 | 8.829163838798313 × 10^297 | 4120 | 83 |

### Input Bits Sorted by Occurrences

| Input Bit | Complexity | Occurrences | Output Occurrences |
|:---------:|:----------:|:-----------:|:------------------:|
| iv_499 | 5.721724220891426 × 10^296 | 3950 | 81 |
| iv_506 | 1.2633517923767937 × 10^297 | 4033 | 77 |
| iv_498 | 3.186416288930578 × 10^296 | 4046 | 74 |
| iv_497 | 1.5974378726809885 × 10^296 | 4062 | 77 |
| iv_501 | 1.6500888980710134 × 10^297 | 4088 | 82 |
| iv_504 | 6.827330107885621 × 10^297 | 4115 | 83 |
| iv_505 | 8.829163838798313 × 10^297 | 4120 | 83 |
| iv_500 | 9.842089722429222 × 10^296 | 4139 | 76 |
| iv_503 | 4.345470684746108 × 10^297 | 4160 | 85 |
| iv_511 | 1.3282660344393827 × 10^293 | 4384 | 80 |

### Input Bits Sorted by Output Occurrences

| Input Bit | Complexity | Occurrences | Output Occurrences |
|:---------:|:----------:|:-----------:|:------------------:|
| iv_498 | 3.186416288930578 × 10^296 | 4046 | 74 |
| iv_500 | 9.842089722429222 × 10^296 | 4139 | 76 |
| iv_506 | 1.2633517923767937 × 10^297 | 4033 | 77 |
| iv_497 | 1.5974378726809885 × 10^296 | 4062 | 77 |
| iv_511 | 1.3282660344393827 × 10^293 | 4384 | 80 |
| iv_499 | 5.721724220891426 × 10^296 | 3950 | 81 |
| iv_501 | 1.6500888980710134 × 10^297 | 4088 | 82 |
| iv_505 | 8.829163838798313 × 10^297 | 4120 | 83 |
| iv_504 | 6.827330107885621 × 10^297 | 4115 | 83 |
| iv_503 | 4.345470684746108 × 10^297 | 4160 | 85 |

## Input Bit Co-occurrences

### Input Bit Co-occurrences Sorted by Co-occurrences

| Input Bits | Co-occurrences | Potential Occurrences | Output Co-occurrences | Potential Output Occurrences |
|:----------:|:--------------:|:---------------------:|:---------------------:|:----------------------------:|
| iv_500-iv_511 | 2081 | 4361 | 38 | 80 |
| iv_501-iv_511 | 2065 | 4342 | 47 | 68 |
| iv_503-iv_511 | 2060 | 4424 | 43 | 79 |
| iv_500-iv_501 | 2038 | 4151 | 39 | 80 |
| iv_504-iv_511 | 2035 | 4429 | 46 | 71 |
| iv_505-iv_511 | 2024 | 4456 | 40 | 83 |
| iv_503-iv_505 | 1996 | 4288 | 40 | 88 |
| iv_500-iv_503 | 1996 | 4307 | 41 | 79 |
| iv_498-iv_504 | 1990 | 4181 | 39 | 79 |
| iv_500-iv_504 | 1986 | 4282 | 39 | 81 |

### Input Bit Co-occurrences Sorted by Potential Occurrences

| Input Bits | Co-occurrences | Potential Occurrences | Output Co-occurrences | Potential Output Occurrences |
|:----------:|:--------------:|:---------------------:|:---------------------:|:----------------------------:|
| iv_499-iv_504 | 1967 | 4131 | 42 | 80 |
| iv_500-iv_501 | 2038 | 4151 | 39 | 80 |
| iv_498-iv_504 | 1990 | 4181 | 39 | 79 |
| iv_498-iv_499 | 1907 | 4182 | 39 | 77 |
| iv_497-iv_499 | 1898 | 4216 | 40 | 78 |
| iv_497-iv_505 | 1982 | 4218 | 43 | 74 |
| iv_500-iv_506 | 1968 | 4236 | 37 | 79 |
| iv_501-iv_505 | 1981 | 4246 | 48 | 69 |
| iv_497-iv_500 | 1973 | 4255 | 35 | 83 |
| iv_499-iv_501 | 1890 | 4258 | 43 | 77 |

### Input Bit Output Co-occurrences Sorted by Output Co-occurrences

| Input Bits | Co-occurrences | Potential Occurrences | Output Co-occurrences | Potential Output Occurrences |
|:----------:|:--------------:|:---------------------:|:---------------------:|:----------------------------:|
| iv_501-iv_505 | 1981 | 4246 | 48 | 69 |
| iv_501-iv_511 | 2065 | 4342 | 47 | 68 |
| iv_504-iv_511 | 2035 | 4429 | 46 | 71 |
| iv_500-iv_505 | 1967 | 4325 | 46 | 67 |
| iv_499-iv_503 | 1908 | 4294 | 45 | 76 |
| iv_504-iv_505 | 1947 | 4341 | 44 | 78 |
| iv_499-iv_501 | 1890 | 4258 | 43 | 77 |
| iv_501-iv_504 | 1960 | 4283 | 43 | 79 |
| iv_503-iv_511 | 2060 | 4424 | 43 | 79 |
| iv_499-iv_505 | 1860 | 4350 | 43 | 78 |

### Input Bit Output Co-occurrences Sorted by Potential Output Occurrences

| Input Bits | Co-occurrences | Potential Occurrences | Output Co-occurrences | Potential Output Occurrences |
|:----------:|:--------------:|:---------------------:|:---------------------:|:----------------------------:|
| iv_497-iv_498 | 1903 | 4302 | 43 | 65 |
| iv_500-iv_505 | 1967 | 4325 | 46 | 67 |
| iv_501-iv_511 | 2065 | 4342 | 47 | 68 |
| iv_501-iv_505 | 1981 | 4246 | 48 | 69 |
| iv_504-iv_511 | 2035 | 4429 | 46 | 71 |
| iv_499-iv_500 | 1898 | 4293 | 42 | 73 |
| iv_498-iv_506 | 1907 | 4265 | 39 | 73 |
| iv_497-iv_505 | 1982 | 4218 | 43 | 74 |
| iv_506-iv_511 | 1962 | 4493 | 41 | 75 |
| iv_499-iv_506 | 1799 | 4385 | 41 | 76 |

## Output Bits

### Output Bits in Regular Order

| Rank | Output Bit | Complexity |
|:----:|:----------:|:----------:|
| 1 | ov_001 | 3.901043567212339 × 10^297 |
| 2 | ov_002 | 3.394463092796326 × 10^297 |
| 3 | ov_003 | 2.93968128753156 × 10^297 |
| 4 | ov_004 | 2.5328123464830267 × 10^297 |
| 5 | ov_005 | 2.1701836680972494 × 10^297 |
| 6 | ov_006 | 1.8483205654924366 × 10^297 |
| 7 | ov_007 | 1.5639329669108323 × 10^297 |
| 8 | ov_008 | 1.3139039807166357 × 10^297 |
| 9 | ov_009 | 1.0952801701628428 × 10^297 |
| 10 | ov_010 | 9.052633547921945 × 10^296 |
| 11 | ov_011 | 7.412037532663638 × 10^296 |
| 12 | ov_012 | 6.005942930334583 × 10^296 |
| 13 | ov_013 | 4.810659316416881 × 10^296 |
| 14 | ov_014 | 3.803838627308228 × 10^296 |
| 15 | ov_015 | 2.964444898682293 × 10^296 |
| 16 | ov_016 | 2.2727304347169495 × 10^296 |
| 17 | ov_017 | 1.710217170505579 × 10^296 |
| 18 | ov_018 | 1.2596821479915994 × 10^296 |
| 19 | ov_019 | 9.051462948926516 × 10^295 |
| 20 | ov_020 | 6.318659465154013 × 10^295 |
| 21 | ov_021 | 4.263266645922207 × 10^295 |
| 22 | ov_022 | 2.762389222551308 × 10^295 |
| 23 | ov_023 | 1.705352049913164 × 10^295 |
| 24 | ov_024 | 9.936812657486775 × 10^294 |
| 25 | ov_025 | 5.410927655107237 × 10^294 |
| 26 | ov_026 | 2.7348589135304677 × 10^294 |
| 27 | ov_027 | 1.2894046414036587 × 10^294 |
| 28 | ov_028 | 5.771561381728659 × 10^293 |
| 29 | ov_029 | 2.224940311159119 × 10^293 |
| 30 | ov_030 | 6.805577049340214 × 10^292 |
| 31 | ov_031 | 1.3284393280241872 × 10^292 |
| 32 | lv_80_m31 | 2.5929162424617327 × 10^291 |
| 33 | ov_033 | 3.1204446081034505 × 10^292 |
| 34 | ov_034 | 2.7115916869630965 × 10^292 |
| 35 | ov_035 | 2.3457394122004303 × 10^292 |
| 36 | ov_036 | 2.0190109994718148 × 10^292 |
| 37 | ov_037 | 1.7277381685269582 × 10^292 |
| 38 | ov_038 | 1.4684465442566703 × 10^292 |
| 39 | ov_039 | 1.2378430600423145 × 10^292 |
| 40 | ov_040 | 1.0343250538433714 × 10^292 |
| 41 | ov_041 | 8.563726361386634 × 10^291 |
| 42 | ov_042 | 7.025444827868687 × 10^291 |
| 43 | ov_043 | 5.714743058560204 × 10^291 |
| 44 | ov_044 | 4.606434390323068 × 10^291 |
| 45 | ov_045 | 3.676706609860702 × 10^291 |
| 46 | ov_046 | 2.903086804369883 × 10^291 |
| 47 | ov_047 | 2.2644134054387613 × 10^291 |
| 48 | ov_048 | 1.7408142689850637 × 10^291 |
| 49 | ov_049 | 1.3226732815422716 × 10^291 |
| 50 | ov_050 | 9.926502799401219 × 10^290 |
| 51 | ov_051 | 7.346547849078213 × 10^290 |
| 52 | ov_052 | 5.338386830580803 × 10^290 |
| 53 | ov_053 | 3.7659098199201006 × 10^290 |
| 54 | ov_054 | 2.564149284098598 × 10^290 |
| 55 | ov_055 | 1.6742986221677172 × 10^290 |
| 56 | ov_056 | 1.0437035864293669 × 10^290 |
| 57 | ov_057 | 6.25857091574107 × 10^289 |
| 58 | ov_058 | 3.4617580542164805 × 10^289 |
| 59 | ov_059 | 1.7043933439019066 × 10^289 |
| 60 | ov_060 | 7.056908666304571 × 10^288 |
| 61 | ov_061 | 2.462799815828654 × 10^288 |
| 62 | ov_062 | 6.7498144047901786 × 10^287 |
| 63 | ov_063 | 1.314307490538175 × 10^287 |
| 64 | lv_79_m31 | 2.5586211333075062 × 10^286 |
| 65 | ov_065 | 3.048681030761408 × 10^287 |
| 66 | ov_066 | 3.048671163335033 × 10^287 |
| 67 | ov_067 | 3.0486687482977747 × 10^287 |
| 68 | ov_068 | 2.6321919526268253 × 10^287 |
| 69 | ov_069 | 2.2612477188413654 × 10^287 |
| 70 | ov_070 | 1.9320994278787807 × 10^287 |
| 71 | ov_071 | 1.6412403915680405 × 10^287 |
| 72 | ov_072 | 1.3853782779219269 × 10^287 |
| 73 | ov_073 | 1.1614209132794602 × 10^287 |
| 74 | ov_074 | 9.664633887295996 × 10^286 |
| 75 | ov_075 | 7.977764009511069 × 10^286 |
| 76 | ov_076 | 6.527957598180609 × 10^286 |
| 77 | ov_077 | 5.291129969120075 × 10^286 |
| 78 | ov_078 | 4.2446701051181693 × 10^286 |
| 79 | ov_079 | 3.3673668375843005 × 10^286 |
| 80 | ov_080 | 2.6393441356700005 × 10^286 |
| 81 | ov_081 | 2.0420048853182454 × 10^286 |
| 82 | ov_082 | 1.5579825458127924 × 10^286 |
| 83 | ov_083 | 1.1711000752257255 × 10^286 |
| 84 | ov_084 | 8.663355189293888 × 10^285 |
| 85 | ov_085 | 6.297936572470602 × 10^285 |
| 86 | ov_086 | 4.4868310956652767 × 10^285 |
| 87 | ov_087 | 3.112982930273833 × 10^285 |
| 88 | ov_088 | 2.0700563437222747 × 10^285 |
| 89 | ov_089 | 1.3075487288878977 × 10^285 |
| 90 | ov_090 | 7.802456951780419 × 10^284 |
| 91 | ov_091 | 4.481925196820575 × 10^284 |
| 92 | ov_092 | 2.4719535398237494 × 10^284 |
| 93 | ov_093 | 1.2351915894816665 × 10^284 |
| 94 | ov_094 | 5.290988844204746 × 10^283 |
| 95 | aaa_78_28 | 1.633843666786264 × 10^283 |
| 96 | aaa_78_29 | 5.017779041767399 × 10^282 |
| 97 | ov_097 | 3.313114797409255 × 10^282 |
| 98 | ov_098 | 3.313015971344924 × 10^282 |
| 99 | ov_099 | 3.312984429673224 × 10^282 |
| 100 | ov_100 | 2.981290723453401 × 10^282 |
| 101 | ov_101 | 2.674054869593908 × 10^282 |
| 102 | ov_102 | 2.3899407620127528 × 10^282 |
| 103 | ov_103 | 2.1277093030662416 × 10^282 |
| 104 | ov_104 | 1.8862055769632328 × 10^282 |
| 105 | ov_105 | 1.6643472218342948 × 10^282 |
| 106 | ov_106 | 1.461113938552522 × 10^282 |
| 107 | ov_107 | 1.2755380765676306 × 10^282 |
| 108 | ov_108 | 1.1066962387591948 × 10^282 |
| 109 | ov_109 | 9.537018487019145 × 10^281 |
| 110 | ov_110 | 8.156986248184351 × 10^281 |
| 111 | ov_111 | 6.918549067199735 × 10^281 |
| 112 | ov_112 | 5.813587796443729 × 10^281 |
| 113 | ov_113 | 4.834139433376557 × 10^281 |
| 114 | ov_114 | 3.972362720297212 × 10^281 |
| 115 | ov_115 | 3.220510123631172 × 10^281 |
| 116 | ov_116 | 2.57090566272973 × 10^281 |
| 117 | ov_117 | 2.0159274931191615 × 10^281 |
| 118 | ov_118 | 1.5479936497530821 × 10^281 |
| 119 | ov_119 | 1.1595500540896073 × 10^281 |
| 120 | ov_120 | 8.430608888509375 × 10^280 |
| 121 | ov_121 | 5.910017463261693 × 10^280 |
| 122 | ov_122 | 3.9585522024905533 × 10^280 |
| 123 | ov_123 | 2.5010800741636674 × 10^280 |
| 124 | ov_124 | 1.4624895314449262 × 10^280 |
| 125 | ov_125 | 7.676784082496773 × 10^279 |
| 126 | ov_126 | 3.415477470765952 × 10^279 |
| 127 | aaa_77_28 | 1.0899943075058185 × 10^279 |
| 128 | aaa_77_29 | 4.082767647106403 × 10^278 |
| 129 | ov_129 | 3.764347969646867 × 10^278 |
| 130 | ov_130 | 3.764336585766089 × 10^278 |
| 131 | ov_131 | 3.76433383572541 × 10^278 |
| 132 | ov_132 | 3.2578849441345495 × 10^278 |
| 133 | ov_133 | 2.8051526882115477 × 10^278 |
| 134 | ov_134 | 2.4020213899300752 × 10^278 |
| 135 | ov_135 | 2.0445941806753873 × 10^278 |
| 136 | ov_136 | 1.7291774636574034 × 10^278 |
| 137 | ov_137 | 1.4522675841909778 × 10^278 |
| 138 | ov_138 | 1.2105394874490445 × 10^278 |
| 139 | ov_139 | 1.0008371545817159 × 10^278 |
| 140 | ov_140 | 8.201656190522422 × 10^277 |
| 141 | ov_141 | 6.65684375740683 × 10^277 |
| 142 | ov_142 | 5.347020058687191 × 10^277 |
| 143 | ov_143 | 4.246718511547577 × 10^277 |
| 144 | ov_144 | 3.3318858085808908 × 10^277 |
| 145 | ov_145 | 2.579855134166823 × 10^277 |
| 146 | ov_146 | 1.9693258024783403 × 10^277 |
| 147 | ov_147 | 1.4803482936573192 × 10^277 |
| 148 | ov_148 | 1.0943136078737786 × 10^277 |
| 149 | ov_149 | 7.939458787205452 × 10^276 |
| 150 | ov_150 | 5.632973351013718 × 10^276 |
| 151 | ov_151 | 3.877449368515182 × 10^276 |
| 152 | ov_152 | 2.539882265803206 × 10^276 |
| 153 | ov_153 | 1.5570741694166048 × 10^276 |
| 154 | ov_154 | 8.724313495322442 × 10^275 |
| 155 | ov_155 | 4.3596161781889744 × 10^275 |
| 156 | aaa_76_25 | 1.6748011387349866 × 10^275 |
| 157 | aaa_76_26 | 9.667267344046494 × 10^274 |
| 158 | aaa_76_27 | 4.946050566949766 × 10^274 |
| 159 | aaa_76_28 | 1.9244969622989377 × 10^274 |
| 160 | aaa_76_29 | 5.848896217318537 × 10^273 |

### Output Bits Sorted by Complexity

| Rank | Output Bit | Complexity |
|:----:|:----------:|:----------:|
| 160 | aaa_76_29 | 5.848896217318537 × 10^273 |
| 159 | aaa_76_28 | 1.9244969622989377 × 10^274 |
| 158 | aaa_76_27 | 4.946050566949766 × 10^274 |
| 157 | aaa_76_26 | 9.667267344046494 × 10^274 |
| 156 | aaa_76_25 | 1.6748011387349866 × 10^275 |
| 155 | ov_155 | 4.3596161781889744 × 10^275 |
| 154 | ov_154 | 8.724313495322442 × 10^275 |
| 153 | ov_153 | 1.5570741694166048 × 10^276 |
| 152 | ov_152 | 2.539882265803206 × 10^276 |
| 151 | ov_151 | 3.877449368515182 × 10^276 |
| 150 | ov_150 | 5.632973351013718 × 10^276 |
| 149 | ov_149 | 7.939458787205452 × 10^276 |
| 148 | ov_148 | 1.0943136078737786 × 10^277 |
| 147 | ov_147 | 1.4803482936573192 × 10^277 |
| 146 | ov_146 | 1.9693258024783403 × 10^277 |
| 145 | ov_145 | 2.579855134166823 × 10^277 |
| 144 | ov_144 | 3.3318858085808908 × 10^277 |
| 143 | ov_143 | 4.246718511547577 × 10^277 |
| 142 | ov_142 | 5.347020058687191 × 10^277 |
| 141 | ov_141 | 6.65684375740683 × 10^277 |
| 140 | ov_140 | 8.201656190522422 × 10^277 |
| 139 | ov_139 | 1.0008371545817159 × 10^278 |
| 138 | ov_138 | 1.2105394874490445 × 10^278 |
| 137 | ov_137 | 1.4522675841909778 × 10^278 |
| 136 | ov_136 | 1.7291774636574034 × 10^278 |
| 135 | ov_135 | 2.0445941806753873 × 10^278 |
| 134 | ov_134 | 2.4020213899300752 × 10^278 |
| 133 | ov_133 | 2.8051526882115477 × 10^278 |
| 132 | ov_132 | 3.2578849441345495 × 10^278 |
| 131 | ov_131 | 3.76433383572541 × 10^278 |
| 130 | ov_130 | 3.764336585766089 × 10^278 |
| 129 | ov_129 | 3.764347969646867 × 10^278 |
| 128 | aaa_77_29 | 4.082767647106403 × 10^278 |
| 127 | aaa_77_28 | 1.0899943075058185 × 10^279 |
| 126 | ov_126 | 3.415477470765952 × 10^279 |
| 125 | ov_125 | 7.676784082496773 × 10^279 |
| 124 | ov_124 | 1.4624895314449262 × 10^280 |
| 123 | ov_123 | 2.5010800741636674 × 10^280 |
| 122 | ov_122 | 3.9585522024905533 × 10^280 |
| 121 | ov_121 | 5.910017463261693 × 10^280 |
| 120 | ov_120 | 8.430608888509375 × 10^280 |
| 119 | ov_119 | 1.1595500540896073 × 10^281 |
| 118 | ov_118 | 1.5479936497530821 × 10^281 |
| 117 | ov_117 | 2.0159274931191615 × 10^281 |
| 116 | ov_116 | 2.57090566272973 × 10^281 |
| 115 | ov_115 | 3.220510123631172 × 10^281 |
| 114 | ov_114 | 3.972362720297212 × 10^281 |
| 113 | ov_113 | 4.834139433376557 × 10^281 |
| 112 | ov_112 | 5.813587796443729 × 10^281 |
| 111 | ov_111 | 6.918549067199735 × 10^281 |
| 110 | ov_110 | 8.156986248184351 × 10^281 |
| 109 | ov_109 | 9.537018487019145 × 10^281 |
| 108 | ov_108 | 1.1066962387591948 × 10^282 |
| 107 | ov_107 | 1.2755380765676306 × 10^282 |
| 106 | ov_106 | 1.461113938552522 × 10^282 |
| 105 | ov_105 | 1.6643472218342948 × 10^282 |
| 104 | ov_104 | 1.8862055769632328 × 10^282 |
| 103 | ov_103 | 2.1277093030662416 × 10^282 |
| 102 | ov_102 | 2.3899407620127528 × 10^282 |
| 101 | ov_101 | 2.674054869593908 × 10^282 |
| 100 | ov_100 | 2.981290723453401 × 10^282 |
| 99 | ov_099 | 3.312984429673224 × 10^282 |
| 98 | ov_098 | 3.313015971344924 × 10^282 |
| 97 | ov_097 | 3.313114797409255 × 10^282 |
| 96 | aaa_78_29 | 5.017779041767399 × 10^282 |
| 95 | aaa_78_28 | 1.633843666786264 × 10^283 |
| 94 | ov_094 | 5.290988844204746 × 10^283 |
| 93 | ov_093 | 1.2351915894816665 × 10^284 |
| 92 | ov_092 | 2.4719535398237494 × 10^284 |
| 91 | ov_091 | 4.481925196820575 × 10^284 |
| 90 | ov_090 | 7.802456951780419 × 10^284 |
| 89 | ov_089 | 1.3075487288878977 × 10^285 |
| 88 | ov_088 | 2.0700563437222747 × 10^285 |
| 87 | ov_087 | 3.112982930273833 × 10^285 |
| 86 | ov_086 | 4.4868310956652767 × 10^285 |
| 85 | ov_085 | 6.297936572470602 × 10^285 |
| 84 | ov_084 | 8.663355189293888 × 10^285 |
| 83 | ov_083 | 1.1711000752257255 × 10^286 |
| 82 | ov_082 | 1.5579825458127924 × 10^286 |
| 81 | ov_081 | 2.0420048853182454 × 10^286 |
| 64 | lv_79_m31 | 2.5586211333075062 × 10^286 |
| 80 | ov_080 | 2.6393441356700005 × 10^286 |
| 79 | ov_079 | 3.3673668375843005 × 10^286 |
| 78 | ov_078 | 4.2446701051181693 × 10^286 |
| 77 | ov_077 | 5.291129969120075 × 10^286 |
| 76 | ov_076 | 6.527957598180609 × 10^286 |
| 75 | ov_075 | 7.977764009511069 × 10^286 |
| 74 | ov_074 | 9.664633887295996 × 10^286 |
| 73 | ov_073 | 1.1614209132794602 × 10^287 |
| 63 | ov_063 | 1.314307490538175 × 10^287 |
| 72 | ov_072 | 1.3853782779219269 × 10^287 |
| 71 | ov_071 | 1.6412403915680405 × 10^287 |
| 70 | ov_070 | 1.9320994278787807 × 10^287 |
| 69 | ov_069 | 2.2612477188413654 × 10^287 |
| 68 | ov_068 | 2.6321919526268253 × 10^287 |
| 67 | ov_067 | 3.0486687482977747 × 10^287 |
| 66 | ov_066 | 3.048671163335033 × 10^287 |
| 65 | ov_065 | 3.048681030761408 × 10^287 |
| 62 | ov_062 | 6.7498144047901786 × 10^287 |
| 61 | ov_061 | 2.462799815828654 × 10^288 |
| 60 | ov_060 | 7.056908666304571 × 10^288 |
| 59 | ov_059 | 1.7043933439019066 × 10^289 |
| 58 | ov_058 | 3.4617580542164805 × 10^289 |
| 57 | ov_057 | 6.25857091574107 × 10^289 |
| 56 | ov_056 | 1.0437035864293669 × 10^290 |
| 55 | ov_055 | 1.6742986221677172 × 10^290 |
| 54 | ov_054 | 2.564149284098598 × 10^290 |
| 53 | ov_053 | 3.7659098199201006 × 10^290 |
| 52 | ov_052 | 5.338386830580803 × 10^290 |
| 51 | ov_051 | 7.346547849078213 × 10^290 |
| 50 | ov_050 | 9.926502799401219 × 10^290 |
| 49 | ov_049 | 1.3226732815422716 × 10^291 |
| 48 | ov_048 | 1.7408142689850637 × 10^291 |
| 47 | ov_047 | 2.2644134054387613 × 10^291 |
| 32 | lv_80_m31 | 2.5929162424617327 × 10^291 |
| 46 | ov_046 | 2.903086804369883 × 10^291 |
| 45 | ov_045 | 3.676706609860702 × 10^291 |
| 44 | ov_044 | 4.606434390323068 × 10^291 |
| 43 | ov_043 | 5.714743058560204 × 10^291 |
| 42 | ov_042 | 7.025444827868687 × 10^291 |
| 41 | ov_041 | 8.563726361386634 × 10^291 |
| 40 | ov_040 | 1.0343250538433714 × 10^292 |
| 39 | ov_039 | 1.2378430600423145 × 10^292 |
| 31 | ov_031 | 1.3284393280241872 × 10^292 |
| 38 | ov_038 | 1.4684465442566703 × 10^292 |
| 37 | ov_037 | 1.7277381685269582 × 10^292 |
| 36 | ov_036 | 2.0190109994718148 × 10^292 |
| 35 | ov_035 | 2.3457394122004303 × 10^292 |
| 34 | ov_034 | 2.7115916869630965 × 10^292 |
| 33 | ov_033 | 3.1204446081034505 × 10^292 |
| 30 | ov_030 | 6.805577049340214 × 10^292 |
| 29 | ov_029 | 2.224940311159119 × 10^293 |
| 28 | ov_028 | 5.771561381728659 × 10^293 |
| 27 | ov_027 | 1.2894046414036587 × 10^294 |
| 26 | ov_026 | 2.7348589135304677 × 10^294 |
| 25 | ov_025 | 5.410927655107237 × 10^294 |
| 24 | ov_024 | 9.936812657486775 × 10^294 |
| 23 | ov_023 | 1.705352049913164 × 10^295 |
| 22 | ov_022 | 2.762389222551308 × 10^295 |
| 21 | ov_021 | 4.263266645922207 × 10^295 |
| 20 | ov_020 | 6.318659465154013 × 10^295 |
| 19 | ov_019 | 9.051462948926516 × 10^295 |
| 18 | ov_018 | 1.2596821479915994 × 10^296 |
| 17 | ov_017 | 1.710217170505579 × 10^296 |
| 16 | ov_016 | 2.2727304347169495 × 10^296 |
| 15 | ov_015 | 2.964444898682293 × 10^296 |
| 14 | ov_014 | 3.803838627308228 × 10^296 |
| 13 | ov_013 | 4.810659316416881 × 10^296 |
| 12 | ov_012 | 6.005942930334583 × 10^296 |
| 11 | ov_011 | 7.412037532663638 × 10^296 |
| 10 | ov_010 | 9.052633547921945 × 10^296 |
| 9 | ov_009 | 1.0952801701628428 × 10^297 |
| 8 | ov_008 | 1.3139039807166357 × 10^297 |
| 7 | ov_007 | 1.5639329669108323 × 10^297 |
| 6 | ov_006 | 1.8483205654924366 × 10^297 |
| 5 | ov_005 | 2.1701836680972494 × 10^297 |
| 4 | ov_004 | 2.5328123464830267 × 10^297 |
| 3 | ov_003 | 2.93968128753156 × 10^297 |
| 2 | ov_002 | 3.394463092796326 × 10^297 |
| 1 | ov_001 | 3.901043567212339 × 10^297 |

