# Results for F001-F002-F003-F004-F005-F006-F007-F008-F009-F010-F011-F012-F013-F014-F015-F016-F017-F018-F019-F020-F021-F022-F023-F024-F025-F026-F027-F028-F029-F030-F031-F032-F033-F034-F035-F036-F037-F038-F039-F040-F041-F042-F043-F044-F045-F046-F047-F048-F049-F050-F051-F052-F053-F054-F055-F056-F057-F058-F059-F060-F061-F062-F063-F064-F065-F066-F067-F068-F069-F070-F071-F072-F073-F074-F075-F076-F077-F078-F079-F080-F081-F082-F083-F084-F085-F086-F087-F088-F089-F090-F091-F092-F093-F094-F095-F096-F097-F098-F099-F100-F101-F102-F103-F104-F105-F106-F107-F108-F109-F110-F111-F112-F113-F114-F115-F116-F117-F118-F119-F120-F121-F122-F123-F124-F125-F126-F127-F128-F129-F130-F131-F132-F133-F134-F135-F136-F137-F138-F139-F140-F141-F142-F143-F144-F145-F146-F147-F148-F149-F150-F151-F152-F153-F154-F155-F156-F157-F158-F159-F160-F161-F162-F163-F164-F165-F166-F167-F168-F169-F170-F171-F172-F173-F174-F175-F176-F177-F178-F179-F180-F181-F182-F183-F184-F185-F186-F187-F188-F189-F190-F191-F192-F193-F194-F195-F196-F197-F198-F199-F200-F201-F202-F203-F204-F205-F206-F207-F208-F209-F210-F211-F212-F213-F214-F215-F216-F217-F218-F219-F220-F221-F222-F223-F224-F225-F226-F227-F228-F229-F230-F231-F232-F233-F234-F235-F236-F237-F238-F239-F240-F241-F242-F243-F244-F245-F246-F247-F248-F249-F250-F251-F252-F253-F254-F255-F256-F257-F258-F259-F260-F261-F262-F263-F264-F265-F266-F267-F268-F269-F270-F271-F272-F273-F274-F275-F276-F277-F278-F279-F280-F281-F282-F283-F284-F285-F286-F287-F288-F289-F290-F291-F292-F293-F294-F295-F296-F297-F298-F299-F300-F301-F302-F303-F304-F305-F306-F307-F308-F309-F310-F311-F312-F313-F314-F315-F316-F317-F318-F319-F320-F321-F322-F323-F324-F325-F326-F327-F328-F329-F330-F331-F332-F333-F334-F335-F336-F337-F338-F339-F340-F341-F342-F343-F344-F345-F346-F347-F348-F349-F350-F351-F352-F353-F354-F355-F356-F357-F358-F359-F360-F361-F362-F363-F364-F365-F366-F367-F368-F369-F370-F371-F372-F373-F374-F375-F376-F377-F378-F379-F380-F381-F382-F383-F384-F385-F386-F387-F388-F389-F390-F391-F392-F393-F394-F395-F396-F397-F398-F399-F400-F401-F402-F403-F404-F405-F406-F407-F408-F409-F410-F411-F412-F413-F414-F415-F416-F417-F418-F419-F420-F421-F422-F423-F424-F425-F426-F427-F428-F429-F430-F431-F432-F433-F434-F435-F436-F437-F438-F439-F440-F441-F442-F443-F444-F445-F446-F447-F448-F449-F450-F451-F452-F453-F454-F455-F456-F457-F458-F459-F460-F461-F462-F463-F464-F465-F466-F467-F468-F469-F470-F471-F472-F473-F474-F475-F476-F477-F478-F479-F480-F481-F482-F483-F484-F485-F486-F487-F488-F489-F490-F491-F492-F493-F494-F495-F496-F505-F508-F509-F510-F511-F512

## Summary

Number of input bits: 512  
Number of free input bits: 10  
Number of output bits: 160

Number of direct occurrences: 40072  
Number of assignments: 30658  
Number of operations: 10649121
(xor: 10621315,
and: 14708,
or: 13098)

Total complexity: 1.1737626802190476 × 10^295

Least occurring input variable: iv_504 (3865)  
Most occurring input variable: iv_507 (4211)

Most co-occurring input variables: iv_500-iv_507 (2055)  
Least co-occurring input variables: iv_498-iv_499 (1793)

Potentially most occurring input variable: iv_506/iv_507 (4572)  
Potentially least occurring input variable: iv_501/iv_502 (4052)

Least output occurring input variable: iv_503 (72)  
Most output occurring input variable: iv_506 (93)

Most output co-occurring input variables: iv_498-iv_506 (54)  
Least output co-occurring input variables: iv_497-iv_502 (28)

Potentially most output occurring input variable: iv_497/iv_502 (97)  
Potentially least output occurring input variable: iv_501/iv_507 (71)

Least complex input bit: iv_497 (1.664141734888081 × 10^293)  
Most complex input bit: iv_502 (2.5718465489465405 × 10^294)

Least complex output bit: aaa_76_29 (3.0763954511669624 × 10^270)  
Most complex output bit: ov_001 (1.8939536097045953 × 10^294)

Least complex input/output complexity: iv_497/aaa_76_29 (4.3616636902711556 × 10^268)  
Most complex input/output complexity: iv_502/ov_001 (4.149866184256749 × 10^293)

## Input Bits

### Input Bits in Regular Order

| Input Bit | Complexity | Occurrences | Output Occurrences |
|:---------:|:----------:|:-----------:|:------------------:|
| iv_497 | 1.664141734888081 × 10^293 | 3987 | 77 |
| iv_498 | 3.3197119311400195 × 10^293 | 3882 | 88 |
| iv_499 | 5.837676316350441 × 10^293 | 3876 | 81 |
| iv_500 | 9.78071248919845 × 10^293 | 4050 | 76 |
| iv_501 | 1.601308737113845 × 10^294 | 4011 | 82 |
| iv_502 | 2.5718465489465405 × 10^294 | 4107 | 76 |
| iv_503 | 1.4910302066686888 × 10^294 | 4042 | 72 |
| iv_504 | 7.485522542767865 × 10^293 | 3865 | 78 |
| iv_506 | 1.5055419075738712 × 10^294 | 4041 | 93 |
| iv_507 | 1.7591229004530753 × 10^294 | 4211 | 83 |

### Input Bits Sorted by Complexity

| Input Bit | Complexity | Occurrences | Output Occurrences |
|:---------:|:----------:|:-----------:|:------------------:|
| iv_497 | 1.664141734888081 × 10^293 | 3987 | 77 |
| iv_498 | 3.3197119311400195 × 10^293 | 3882 | 88 |
| iv_499 | 5.837676316350441 × 10^293 | 3876 | 81 |
| iv_504 | 7.485522542767865 × 10^293 | 3865 | 78 |
| iv_500 | 9.78071248919845 × 10^293 | 4050 | 76 |
| iv_503 | 1.4910302066686888 × 10^294 | 4042 | 72 |
| iv_506 | 1.5055419075738712 × 10^294 | 4041 | 93 |
| iv_501 | 1.601308737113845 × 10^294 | 4011 | 82 |
| iv_507 | 1.7591229004530753 × 10^294 | 4211 | 83 |
| iv_502 | 2.5718465489465405 × 10^294 | 4107 | 76 |

### Input Bits Sorted by Occurrences

| Input Bit | Complexity | Occurrences | Output Occurrences |
|:---------:|:----------:|:-----------:|:------------------:|
| iv_504 | 7.485522542767865 × 10^293 | 3865 | 78 |
| iv_499 | 5.837676316350441 × 10^293 | 3876 | 81 |
| iv_498 | 3.3197119311400195 × 10^293 | 3882 | 88 |
| iv_497 | 1.664141734888081 × 10^293 | 3987 | 77 |
| iv_501 | 1.601308737113845 × 10^294 | 4011 | 82 |
| iv_506 | 1.5055419075738712 × 10^294 | 4041 | 93 |
| iv_503 | 1.4910302066686888 × 10^294 | 4042 | 72 |
| iv_500 | 9.78071248919845 × 10^293 | 4050 | 76 |
| iv_502 | 2.5718465489465405 × 10^294 | 4107 | 76 |
| iv_507 | 1.7591229004530753 × 10^294 | 4211 | 83 |

### Input Bits Sorted by Output Occurrences

| Input Bit | Complexity | Occurrences | Output Occurrences |
|:---------:|:----------:|:-----------:|:------------------:|
| iv_503 | 1.4910302066686888 × 10^294 | 4042 | 72 |
| iv_500 | 9.78071248919845 × 10^293 | 4050 | 76 |
| iv_502 | 2.5718465489465405 × 10^294 | 4107 | 76 |
| iv_497 | 1.664141734888081 × 10^293 | 3987 | 77 |
| iv_504 | 7.485522542767865 × 10^293 | 3865 | 78 |
| iv_499 | 5.837676316350441 × 10^293 | 3876 | 81 |
| iv_501 | 1.601308737113845 × 10^294 | 4011 | 82 |
| iv_507 | 1.7591229004530753 × 10^294 | 4211 | 83 |
| iv_498 | 3.3197119311400195 × 10^293 | 3882 | 88 |
| iv_506 | 1.5055419075738712 × 10^294 | 4041 | 93 |

## Input Bit Co-occurrences

### Input Bit Co-occurrences Sorted by Co-occurrences

| Input Bits | Co-occurrences | Potential Occurrences | Output Co-occurrences | Potential Output Occurrences |
|:----------:|:--------------:|:---------------------:|:---------------------:|:----------------------------:|
| iv_500-iv_507 | 2055 | 4151 | 40 | 79 |
| iv_501-iv_502 | 2033 | 4052 | 39 | 80 |
| iv_502-iv_503 | 2028 | 4093 | 32 | 84 |
| iv_500-iv_502 | 2007 | 4143 | 40 | 72 |
| iv_500-iv_501 | 1994 | 4073 | 39 | 80 |
| iv_502-iv_506 | 1983 | 4182 | 48 | 73 |
| iv_501-iv_507 | 1975 | 4272 | 47 | 71 |
| iv_502-iv_507 | 1973 | 4372 | 42 | 75 |
| iv_497-iv_507 | 1972 | 4254 | 41 | 78 |
| iv_503-iv_507 | 1961 | 4331 | 36 | 83 |

### Input Bit Co-occurrences Sorted by Potential Occurrences

| Input Bits | Co-occurrences | Potential Occurrences | Output Co-occurrences | Potential Output Occurrences |
|:----------:|:--------------:|:---------------------:|:---------------------:|:----------------------------:|
| iv_501-iv_502 | 2033 | 4052 | 39 | 80 |
| iv_500-iv_501 | 1994 | 4073 | 39 | 80 |
| iv_501-iv_504 | 1895 | 4086 | 40 | 80 |
| iv_499-iv_504 | 1827 | 4087 | 38 | 83 |
| iv_502-iv_503 | 2028 | 4093 | 32 | 84 |
| iv_498-iv_504 | 1804 | 4139 | 46 | 74 |
| iv_497-iv_499 | 1861 | 4141 | 40 | 78 |
| iv_500-iv_502 | 2007 | 4143 | 40 | 72 |
| iv_500-iv_507 | 2055 | 4151 | 40 | 79 |
| iv_499-iv_503 | 1882 | 4154 | 36 | 81 |

### Input Bit Output Co-occurrences Sorted by Output Co-occurrences

| Input Bits | Co-occurrences | Potential Occurrences | Output Co-occurrences | Potential Output Occurrences |
|:----------:|:--------------:|:---------------------:|:---------------------:|:----------------------------:|
| iv_498-iv_506 | 1874 | 4175 | 54 | 73 |
| iv_499-iv_506 | 1829 | 4259 | 49 | 76 |
| iv_498-iv_499 | 1793 | 4172 | 48 | 73 |
| iv_502-iv_506 | 1983 | 4182 | 48 | 73 |
| iv_501-iv_507 | 1975 | 4272 | 47 | 71 |
| iv_498-iv_501 | 1834 | 4225 | 46 | 78 |
| iv_498-iv_504 | 1804 | 4139 | 46 | 74 |
| iv_497-iv_498 | 1824 | 4221 | 46 | 73 |
| iv_500-iv_506 | 1953 | 4185 | 45 | 79 |
| iv_501-iv_506 | 1865 | 4322 | 45 | 85 |

### Input Bit Output Co-occurrences Sorted by Potential Output Occurrences

| Input Bits | Co-occurrences | Potential Occurrences | Output Co-occurrences | Potential Output Occurrences |
|:----------:|:--------------:|:---------------------:|:---------------------:|:----------------------------:|
| iv_501-iv_507 | 1975 | 4272 | 47 | 71 |
| iv_500-iv_502 | 2007 | 4143 | 40 | 72 |
| iv_504-iv_507 | 1881 | 4314 | 44 | 73 |
| iv_498-iv_499 | 1793 | 4172 | 48 | 73 |
| iv_498-iv_506 | 1874 | 4175 | 54 | 73 |
| iv_499-iv_500 | 1858 | 4210 | 42 | 73 |
| iv_499-iv_502 | 1902 | 4179 | 42 | 73 |
| iv_502-iv_506 | 1983 | 4182 | 48 | 73 |
| iv_497-iv_498 | 1824 | 4221 | 46 | 73 |
| iv_498-iv_504 | 1804 | 4139 | 46 | 74 |

## Output Bits

### Output Bits in Regular Order

| Rank | Output Bit | Complexity |
|:----:|:----------:|:----------:|
| 1 | ov_001 | 1.8939536097045953 × 10^294 |
| 2 | ov_002 | 1.640037915380282 × 10^294 |
| 3 | ov_003 | 1.4128268470869485 × 10^294 |
| 4 | ov_004 | 1.2102838526656222 × 10^294 |
| 5 | ov_005 | 1.0304833343373662 × 10^294 |
| 6 | ov_006 | 8.716026846136498 × 10^293 |
| 7 | ov_007 | 7.319153706617066 × 10^293 |
| 8 | ov_008 | 6.09785002676185 × 10^293 |
| 9 | ov_009 | 5.036603061706399 × 10^293 |
| 10 | ov_010 | 4.120709033942535 × 10^293 |
| 11 | ov_011 | 3.336238079760418 × 10^293 |
| 12 | ov_012 | 2.6700054236637794 × 10^293 |
| 13 | ov_013 | 2.1095479301491656 × 10^293 |
| 14 | ov_014 | 1.643105235178091 × 10^293 |
| 15 | ov_015 | 1.2596047120402255 × 10^293 |
| 16 | ov_016 | 9.486496151416076 × 10^292 |
| 17 | ov_017 | 7.005098706666823 × 10^292 |
| 18 | ov_018 | 5.061150344752962 × 10^292 |
| 19 | ov_019 | 3.5704894237099844 × 10^292 |
| 20 | ov_020 | 2.4554567084374296 × 10^292 |
| 21 | ov_021 | 1.6448654660841448 × 10^292 |
| 22 | ov_022 | 1.0739799927039934 × 10^292 |
| 23 | ov_023 | 6.84500769490823 × 10^291 |
| 24 | ov_024 | 4.245547017944076 × 10^291 |
| 25 | ov_025 | 2.4868914895992898 × 10^291 |
| 26 | ov_026 | 1.3578235842321196 × 10^291 |
| 27 | ov_027 | 6.792062743755606 × 10^290 |
| 28 | ov_028 | 3.0397851877007084 × 10^290 |
| 29 | ov_029 | 1.1715371900386747 × 10^290 |
| 30 | ov_030 | 3.581931516249906 × 10^289 |
| 31 | ov_031 | 6.986338329379652 × 10^288 |
| 32 | lv_80_m31 | 1.3621311236607222 × 10^288 |
| 33 | ov_033 | 1.6249503338765528 × 10^289 |
| 34 | ov_034 | 1.4099137230252828 × 10^289 |
| 35 | ov_035 | 1.2172603306492439 × 10^289 |
| 36 | ov_036 | 1.0449896802328934 × 10^289 |
| 37 | ov_037 | 8.912082968088132 × 10^288 |
| 38 | ov_038 | 7.549951844301041 × 10^288 |
| 39 | ov_039 | 6.346493527230746 × 10^288 |
| 40 | ov_040 | 5.285572806478101 × 10^288 |
| 41 | ov_041 | 4.359334388009797 × 10^288 |
| 42 | ov_042 | 3.560326129689048 × 10^288 |
| 43 | ov_043 | 2.881481104282887 × 10^288 |
| 44 | ov_044 | 2.309764547537116 × 10^288 |
| 45 | ov_045 | 1.832848566372802 × 10^288 |
| 46 | ov_046 | 1.4390947006387523 × 10^288 |
| 47 | ov_047 | 1.1175402170378006 × 10^288 |
| 48 | ov_048 | 8.578875290754272 × 10^287 |
| 49 | ov_049 | 6.5049618367168146 × 10^287 |
| 50 | ov_050 | 4.863769010042006 × 10^287 |
| 51 | ov_051 | 3.5718719940263716 × 10^287 |
| 52 | ov_052 | 2.589170758192217 × 10^287 |
| 53 | ov_053 | 1.8450895165712546 × 10^287 |
| 54 | ov_054 | 1.2754491998925125 × 10^287 |
| 55 | ov_055 | 8.497577945347735 × 10^286 |
| 56 | ov_056 | 5.407139617317636 × 10^286 |
| 57 | ov_057 | 3.242043181225373 × 10^286 |
| 58 | ov_058 | 1.7930185580942569 × 10^286 |
| 59 | ov_059 | 8.826510318321217 × 10^285 |
| 60 | ov_060 | 3.653773549645437 × 10^285 |
| 61 | ov_061 | 1.2748431279759 × 10^285 |
| 62 | ov_062 | 3.4931330157220624 × 10^284 |
| 63 | ov_063 | 6.799931011142049 × 10^283 |
| 64 | lv_79_m31 | 1.3234091922024126 × 10^283 |
| 65 | ov_065 | 1.5659762097539296 × 10^284 |
| 66 | ov_066 | 1.5659710391726778 × 10^284 |
| 67 | ov_067 | 1.5659697736132685 × 10^284 |
| 68 | ov_068 | 1.3496673027043493 × 10^284 |
| 69 | ov_069 | 1.1571735509475241 × 10^284 |
| 70 | ov_070 | 9.865306380910073 × 10^283 |
| 71 | ov_071 | 8.359012143315349 × 10^283 |
| 72 | ov_072 | 7.035602949460426 × 10^283 |
| 73 | ov_073 | 5.878878155103031 × 10^283 |
| 74 | ov_074 | 4.873618699815945 × 10^283 |
| 75 | ov_075 | 4.0055259530642767 × 10^283 |
| 76 | ov_076 | 3.2611666734014724 × 10^283 |
| 77 | ov_077 | 2.6279237376785606 × 10^283 |
| 78 | ov_078 | 2.0939523042844708 × 10^283 |
| 79 | ov_079 | 1.6481410799605908 × 10^283 |
| 80 | ov_080 | 1.280078363942951 × 10^283 |
| 81 | ov_081 | 9.80022546340645 × 10^282 |
| 82 | ov_082 | 7.388767399942866 × 10^282 |
| 83 | ov_083 | 5.481672267730059 × 10^282 |
| 84 | ov_084 | 4.0002540051521723 × 10^282 |
| 85 | ov_085 | 2.8717288970625576 × 10^282 |
| 86 | ov_086 | 2.0290954359741454 × 10^282 |
| 87 | ov_087 | 1.4110396587411476 × 10^282 |
| 88 | ov_088 | 9.618628023286513 × 10^281 |
| 89 | ov_089 | 6.314281237333851 × 10^281 |
| 90 | ov_090 | 3.960522081356859 × 10^281 |
| 91 | ov_091 | 2.3480657729743864 × 10^281 |
| 92 | ov_092 | 1.2950835249302286 × 10^281 |
| 93 | ov_093 | 6.471500704906952 × 10^280 |
| 94 | ov_094 | 2.7721788605512837 × 10^280 |
| 95 | aaa_78_28 | 8.560667056366757 × 10^279 |
| 96 | aaa_78_29 | 2.629228043173519 × 10^279 |
| 97 | ov_097 | 1.7367181998370312 × 10^279 |
| 98 | ov_098 | 1.7366663987649136 × 10^279 |
| 99 | ov_099 | 1.73664987081339 × 10^279 |
| 100 | ov_100 | 1.5629741618931164 × 10^279 |
| 101 | ov_101 | 1.4020712966699346 × 10^279 |
| 102 | ov_102 | 1.2532466637954194 × 10^279 |
| 103 | ov_103 | 1.115856361914291 × 10^279 |
| 104 | ov_104 | 9.893004208504412 × 10^278 |
| 105 | ov_105 | 8.730166547342781 × 10^278 |
| 106 | ov_106 | 7.66475115392835 × 10^278 |
| 107 | ov_107 | 6.691731152966068 × 10^278 |
| 108 | ov_108 | 5.806307901076524 × 10^278 |
| 109 | ov_109 | 5.003871714390635 × 10^278 |
| 110 | ov_110 | 4.279967408490437 × 10^278 |
| 111 | ov_111 | 3.630264363848564 × 10^278 |
| 112 | ov_112 | 3.0505308319141488 × 10^278 |
| 113 | ov_113 | 2.5366121983123476 × 10^278 |
| 114 | ov_114 | 2.084412920474715 × 10^278 |
| 115 | ov_115 | 1.689881857565709 × 10^278 |
| 116 | ov_116 | 1.349000710942011 × 10^278 |
| 117 | ov_117 | 1.057775293648916 × 10^278 |
| 118 | ov_118 | 8.122290819075046 × 10^277 |
| 119 | ov_119 | 6.083982710660397 × 10^277 |
| 120 | ov_120 | 4.4232789457743185 × 10^277 |
| 121 | ov_121 | 3.100688654786992 × 10^277 |
| 122 | ov_122 | 2.076757998684027 × 10^277 |
| 123 | ov_123 | 1.3120548189238054 × 10^277 |
| 124 | ov_124 | 7.671582974783424 × 10^276 |
| 125 | ov_125 | 4.0265256167045085 × 10^276 |
| 126 | ov_126 | 1.7912342794546942 × 10^276 |
| 127 | aaa_77_28 | 5.715715449748278 × 10^275 |
| 128 | aaa_77_29 | 2.140493282083085 × 10^275 |
| 129 | ov_129 | 1.9585484576972468 × 10^275 |
| 130 | ov_130 | 1.958542479567917 × 10^275 |
| 131 | ov_131 | 1.9585410383913694 × 10^275 |
| 132 | ov_132 | 1.6925498593577555 × 10^275 |
| 133 | ov_133 | 1.4548492581236262 × 10^275 |
| 134 | ov_134 | 1.2432915211026927 × 10^275 |
| 135 | ov_135 | 1.055839830441236 × 10^275 |
| 136 | ov_136 | 8.905603151900512 × 10^274 |
| 137 | ov_137 | 7.456153198215688 × 10^274 |
| 138 | ov_138 | 6.1925776421462675 × 10^274 |
| 139 | ov_139 | 5.09826475471508 × 10^274 |
| 140 | ov_140 | 4.157423780363686 × 10^274 |
| 141 | ov_141 | 3.355054345882427 × 10^274 |
| 142 | ov_142 | 2.676922361146142 × 10^274 |
| 143 | ov_143 | 2.1095414545515785 × 10^274 |
| 144 | ov_144 | 1.6401590445558717 × 10^274 |
| 145 | ov_145 | 1.2567462069943738 × 10^274 |
| 146 | ov_146 | 9.4799055597816 × 10^273 |
| 147 | ov_147 | 7.032914141772853 × 10^273 |
| 148 | ov_148 | 5.127566406245985 × 10^273 |
| 149 | ov_149 | 3.67200610846929 × 10^273 |
| 150 | ov_150 | 2.5814292911960336 × 10^273 |
| 151 | ov_151 | 1.7780754314061358 × 10^273 |
| 152 | ov_152 | 1.1912208906195297 × 10^273 |
| 153 | ov_153 | 7.571741082354233 × 10^272 |
| 154 | ov_154 | 4.458468225123483 × 10^272 |
| 155 | ov_155 | 2.306644512465819 × 10^272 |
| 156 | aaa_76_25 | 8.856529938492643 × 10^271 |
| 157 | aaa_76_26 | 5.1068624003086995 × 10^271 |
| 158 | aaa_76_27 | 2.609707397057853 × 10^271 |
| 159 | aaa_76_28 | 1.0138617817115068 × 10^271 |
| 160 | aaa_76_29 | 3.0763954511669624 × 10^270 |

### Output Bits Sorted by Complexity

| Rank | Output Bit | Complexity |
|:----:|:----------:|:----------:|
| 160 | aaa_76_29 | 3.0763954511669624 × 10^270 |
| 159 | aaa_76_28 | 1.0138617817115068 × 10^271 |
| 158 | aaa_76_27 | 2.609707397057853 × 10^271 |
| 157 | aaa_76_26 | 5.1068624003086995 × 10^271 |
| 156 | aaa_76_25 | 8.856529938492643 × 10^271 |
| 155 | ov_155 | 2.306644512465819 × 10^272 |
| 154 | ov_154 | 4.458468225123483 × 10^272 |
| 153 | ov_153 | 7.571741082354233 × 10^272 |
| 152 | ov_152 | 1.1912208906195297 × 10^273 |
| 151 | ov_151 | 1.7780754314061358 × 10^273 |
| 150 | ov_150 | 2.5814292911960336 × 10^273 |
| 149 | ov_149 | 3.67200610846929 × 10^273 |
| 148 | ov_148 | 5.127566406245985 × 10^273 |
| 147 | ov_147 | 7.032914141772853 × 10^273 |
| 146 | ov_146 | 9.4799055597816 × 10^273 |
| 145 | ov_145 | 1.2567462069943738 × 10^274 |
| 144 | ov_144 | 1.6401590445558717 × 10^274 |
| 143 | ov_143 | 2.1095414545515785 × 10^274 |
| 142 | ov_142 | 2.676922361146142 × 10^274 |
| 141 | ov_141 | 3.355054345882427 × 10^274 |
| 140 | ov_140 | 4.157423780363686 × 10^274 |
| 139 | ov_139 | 5.09826475471508 × 10^274 |
| 138 | ov_138 | 6.1925776421462675 × 10^274 |
| 137 | ov_137 | 7.456153198215688 × 10^274 |
| 136 | ov_136 | 8.905603151900512 × 10^274 |
| 135 | ov_135 | 1.055839830441236 × 10^275 |
| 134 | ov_134 | 1.2432915211026927 × 10^275 |
| 133 | ov_133 | 1.4548492581236262 × 10^275 |
| 132 | ov_132 | 1.6925498593577555 × 10^275 |
| 131 | ov_131 | 1.9585410383913694 × 10^275 |
| 130 | ov_130 | 1.958542479567917 × 10^275 |
| 129 | ov_129 | 1.9585484576972468 × 10^275 |
| 128 | aaa_77_29 | 2.140493282083085 × 10^275 |
| 127 | aaa_77_28 | 5.715715449748278 × 10^275 |
| 126 | ov_126 | 1.7912342794546942 × 10^276 |
| 125 | ov_125 | 4.0265256167045085 × 10^276 |
| 124 | ov_124 | 7.671582974783424 × 10^276 |
| 123 | ov_123 | 1.3120548189238054 × 10^277 |
| 122 | ov_122 | 2.076757998684027 × 10^277 |
| 121 | ov_121 | 3.100688654786992 × 10^277 |
| 120 | ov_120 | 4.4232789457743185 × 10^277 |
| 119 | ov_119 | 6.083982710660397 × 10^277 |
| 118 | ov_118 | 8.122290819075046 × 10^277 |
| 117 | ov_117 | 1.057775293648916 × 10^278 |
| 116 | ov_116 | 1.349000710942011 × 10^278 |
| 115 | ov_115 | 1.689881857565709 × 10^278 |
| 114 | ov_114 | 2.084412920474715 × 10^278 |
| 113 | ov_113 | 2.5366121983123476 × 10^278 |
| 112 | ov_112 | 3.0505308319141488 × 10^278 |
| 111 | ov_111 | 3.630264363848564 × 10^278 |
| 110 | ov_110 | 4.279967408490437 × 10^278 |
| 109 | ov_109 | 5.003871714390635 × 10^278 |
| 108 | ov_108 | 5.806307901076524 × 10^278 |
| 107 | ov_107 | 6.691731152966068 × 10^278 |
| 106 | ov_106 | 7.66475115392835 × 10^278 |
| 105 | ov_105 | 8.730166547342781 × 10^278 |
| 104 | ov_104 | 9.893004208504412 × 10^278 |
| 103 | ov_103 | 1.115856361914291 × 10^279 |
| 102 | ov_102 | 1.2532466637954194 × 10^279 |
| 101 | ov_101 | 1.4020712966699346 × 10^279 |
| 100 | ov_100 | 1.5629741618931164 × 10^279 |
| 99 | ov_099 | 1.73664987081339 × 10^279 |
| 98 | ov_098 | 1.7366663987649136 × 10^279 |
| 97 | ov_097 | 1.7367181998370312 × 10^279 |
| 96 | aaa_78_29 | 2.629228043173519 × 10^279 |
| 95 | aaa_78_28 | 8.560667056366757 × 10^279 |
| 94 | ov_094 | 2.7721788605512837 × 10^280 |
| 93 | ov_093 | 6.471500704906952 × 10^280 |
| 92 | ov_092 | 1.2950835249302286 × 10^281 |
| 91 | ov_091 | 2.3480657729743864 × 10^281 |
| 90 | ov_090 | 3.960522081356859 × 10^281 |
| 89 | ov_089 | 6.314281237333851 × 10^281 |
| 88 | ov_088 | 9.618628023286513 × 10^281 |
| 87 | ov_087 | 1.4110396587411476 × 10^282 |
| 86 | ov_086 | 2.0290954359741454 × 10^282 |
| 85 | ov_085 | 2.8717288970625576 × 10^282 |
| 84 | ov_084 | 4.0002540051521723 × 10^282 |
| 83 | ov_083 | 5.481672267730059 × 10^282 |
| 82 | ov_082 | 7.388767399942866 × 10^282 |
| 81 | ov_081 | 9.80022546340645 × 10^282 |
| 80 | ov_080 | 1.280078363942951 × 10^283 |
| 64 | lv_79_m31 | 1.3234091922024126 × 10^283 |
| 79 | ov_079 | 1.6481410799605908 × 10^283 |
| 78 | ov_078 | 2.0939523042844708 × 10^283 |
| 77 | ov_077 | 2.6279237376785606 × 10^283 |
| 76 | ov_076 | 3.2611666734014724 × 10^283 |
| 75 | ov_075 | 4.0055259530642767 × 10^283 |
| 74 | ov_074 | 4.873618699815945 × 10^283 |
| 73 | ov_073 | 5.878878155103031 × 10^283 |
| 63 | ov_063 | 6.799931011142049 × 10^283 |
| 72 | ov_072 | 7.035602949460426 × 10^283 |
| 71 | ov_071 | 8.359012143315349 × 10^283 |
| 70 | ov_070 | 9.865306380910073 × 10^283 |
| 69 | ov_069 | 1.1571735509475241 × 10^284 |
| 68 | ov_068 | 1.3496673027043493 × 10^284 |
| 67 | ov_067 | 1.5659697736132685 × 10^284 |
| 66 | ov_066 | 1.5659710391726778 × 10^284 |
| 65 | ov_065 | 1.5659762097539296 × 10^284 |
| 62 | ov_062 | 3.4931330157220624 × 10^284 |
| 61 | ov_061 | 1.2748431279759 × 10^285 |
| 60 | ov_060 | 3.653773549645437 × 10^285 |
| 59 | ov_059 | 8.826510318321217 × 10^285 |
| 58 | ov_058 | 1.7930185580942569 × 10^286 |
| 57 | ov_057 | 3.242043181225373 × 10^286 |
| 56 | ov_056 | 5.407139617317636 × 10^286 |
| 55 | ov_055 | 8.497577945347735 × 10^286 |
| 54 | ov_054 | 1.2754491998925125 × 10^287 |
| 53 | ov_053 | 1.8450895165712546 × 10^287 |
| 52 | ov_052 | 2.589170758192217 × 10^287 |
| 51 | ov_051 | 3.5718719940263716 × 10^287 |
| 50 | ov_050 | 4.863769010042006 × 10^287 |
| 49 | ov_049 | 6.5049618367168146 × 10^287 |
| 48 | ov_048 | 8.578875290754272 × 10^287 |
| 47 | ov_047 | 1.1175402170378006 × 10^288 |
| 32 | lv_80_m31 | 1.3621311236607222 × 10^288 |
| 46 | ov_046 | 1.4390947006387523 × 10^288 |
| 45 | ov_045 | 1.832848566372802 × 10^288 |
| 44 | ov_044 | 2.309764547537116 × 10^288 |
| 43 | ov_043 | 2.881481104282887 × 10^288 |
| 42 | ov_042 | 3.560326129689048 × 10^288 |
| 41 | ov_041 | 4.359334388009797 × 10^288 |
| 40 | ov_040 | 5.285572806478101 × 10^288 |
| 39 | ov_039 | 6.346493527230746 × 10^288 |
| 31 | ov_031 | 6.986338329379652 × 10^288 |
| 38 | ov_038 | 7.549951844301041 × 10^288 |
| 37 | ov_037 | 8.912082968088132 × 10^288 |
| 36 | ov_036 | 1.0449896802328934 × 10^289 |
| 35 | ov_035 | 1.2172603306492439 × 10^289 |
| 34 | ov_034 | 1.4099137230252828 × 10^289 |
| 33 | ov_033 | 1.6249503338765528 × 10^289 |
| 30 | ov_030 | 3.581931516249906 × 10^289 |
| 29 | ov_029 | 1.1715371900386747 × 10^290 |
| 28 | ov_028 | 3.0397851877007084 × 10^290 |
| 27 | ov_027 | 6.792062743755606 × 10^290 |
| 26 | ov_026 | 1.3578235842321196 × 10^291 |
| 25 | ov_025 | 2.4868914895992898 × 10^291 |
| 24 | ov_024 | 4.245547017944076 × 10^291 |
| 23 | ov_023 | 6.84500769490823 × 10^291 |
| 22 | ov_022 | 1.0739799927039934 × 10^292 |
| 21 | ov_021 | 1.6448654660841448 × 10^292 |
| 20 | ov_020 | 2.4554567084374296 × 10^292 |
| 19 | ov_019 | 3.5704894237099844 × 10^292 |
| 18 | ov_018 | 5.061150344752962 × 10^292 |
| 17 | ov_017 | 7.005098706666823 × 10^292 |
| 16 | ov_016 | 9.486496151416076 × 10^292 |
| 15 | ov_015 | 1.2596047120402255 × 10^293 |
| 14 | ov_014 | 1.643105235178091 × 10^293 |
| 13 | ov_013 | 2.1095479301491656 × 10^293 |
| 12 | ov_012 | 2.6700054236637794 × 10^293 |
| 11 | ov_011 | 3.336238079760418 × 10^293 |
| 10 | ov_010 | 4.120709033942535 × 10^293 |
| 9 | ov_009 | 5.036603061706399 × 10^293 |
| 8 | ov_008 | 6.09785002676185 × 10^293 |
| 7 | ov_007 | 7.319153706617066 × 10^293 |
| 6 | ov_006 | 8.716026846136498 × 10^293 |
| 5 | ov_005 | 1.0304833343373662 × 10^294 |
| 4 | ov_004 | 1.2102838526656222 × 10^294 |
| 3 | ov_003 | 1.4128268470869485 × 10^294 |
| 2 | ov_002 | 1.640037915380282 × 10^294 |
| 1 | ov_001 | 1.8939536097045953 × 10^294 |

