# Results for F001-F002-F003-F004-F005-F006-F007-F008-F009-F010-F011-F012-F013-F014-F015-F016-F017-F018-F019-F020-F021-F022-F023-F024-F025-F026-F027-F028-F029-F030-F031-F032-F033-F034-F035-F036-F037-F038-F039-F040-F041-F042-F043-F044-F045-F046-F047-F048-F049-F050-F051-F052-F053-F054-F055-F056-F057-F058-F059-F060-F061-F062-F063-F064-F065-F066-F067-F068-F069-F070-F071-F072-F073-F074-F075-F076-F077-F078-F079-F080-F081-F082-F083-F084-F085-F086-F087-F088-F089-F090-F091-F092-F093-F094-F095-F096-F097-F098-F099-F100-F101-F102-F103-F104-F105-F106-F107-F108-F109-F110-F111-F112-F113-F114-F115-F116-F117-F118-F119-F120-F121-F122-F123-F124-F125-F126-F127-F128-F129-F130-F131-F132-F133-F134-F135-F136-F137-F138-F139-F140-F141-F142-F143-F144-F145-F146-F147-F148-F149-F150-F151-F152-F153-F154-F155-F156-F157-F158-F159-F160-F161-F162-F163-F164-F165-F166-F167-F168-F169-F170-F171-F172-F173-F174-F175-F176-F177-F178-F179-F180-F181-F182-F183-F184-F185-F186-F187-F188-F189-F190-F191-F192-F193-F194-F195-F196-F197-F198-F199-F200-F201-F202-F203-F204-F205-F206-F207-F208-F209-F210-F211-F212-F213-F214-F215-F216-F217-F218-F219-F220-F221-F222-F223-F224-F225-F226-F227-F228-F229-F230-F231-F232-F233-F234-F235-F236-F237-F238-F239-F240-F241-F242-F243-F244-F245-F246-F247-F248-F249-F250-F251-F252-F253-F254-F255-F256-F257-F258-F259-F260-F261-F262-F263-F264-F265-F266-F267-F268-F269-F270-F271-F272-F273-F274-F275-F276-F277-F278-F279-F280-F281-F282-F283-F284-F285-F286-F287-F288-F289-F290-F291-F292-F293-F294-F295-F296-F297-F298-F299-F300-F301-F302-F303-F304-F305-F306-F307-F308-F309-F310-F311-F312-F313-F314-F315-F316-F317-F318-F319-F320-F321-F322-F323-F324-F325-F326-F327-F328-F329-F330-F331-F332-F333-F334-F335-F336-F337-F338-F339-F340-F341-F342-F343-F344-F345-F346-F347-F348-F349-F350-F351-F352-F353-F354-F355-F356-F357-F358-F359-F360-F361-F362-F363-F364-F365-F366-F367-F368-F369-F370-F371-F372-F373-F374-F375-F376-F377-F378-F379-F380-F381-F382-F383-F384-F385-F386-F387-F388-F389-F390-F391-F392-F393-F394-F395-F396-F397-F398-F399-F400-F401-F402-F403-F404-F405-F406-F407-F408-F409-F410-F411-F412-F413-F414-F415-F416-F417-F418-F419-F420-F421-F422-F423-F424-F425-F426-F427-F428-F429-F430-F431-F432-F433-F434-F435-F436-F437-F438-F439-F440-F441-F442-F443-F444-F445-F446-F447-F448-F449-F450-F451-F452-F453-F454-F455-F456-F457-F458-F459-F460-F461-F462-F463-F464-F465-F466-F467-F468-F469-F470-F471-F472-F473-F474-F475-F476-F477-F478-F479-F480-F481-F482-F483-F484-F485-F486-F487-F488-F489-F490-F491-F492-F493-F494-F495-F496-E497507-O500505-F509-F510-F511-F512

## Summary

Number of input bits: 512  
Number of free input bits: 10  
Number of output bits: 160

Number of direct occurrences: 40061  
Number of assignments: 31141  
Number of operations: 10942443
(xor: 10914339,
and: 14807,
or: 13297)

Total complexity: 1.8531600072769042 × 10^299

Least occurring input variable: iv_502 (3817)  
Most occurring input variable: iv_500 (4258)

Most co-occurring input variables: iv_497-iv_508 (2009)  
Least co-occurring input variables: iv_499-iv_502 (1728)

Potentially most occurring input variable: iv_497/iv_498 (4578)  
Potentially least occurring input variable: iv_499/iv_504 (4124)

Least output occurring input variable: iv_504 (71)  
Most output occurring input variable: iv_498 (83)

Most output co-occurring input variables: iv_498-iv_501 (45)  
Least output co-occurring input variables: iv_503-iv_508 (28)

Potentially most output occurring input variable: iv_497/iv_503 (89)  
Potentially least output occurring input variable: iv_502/iv_503 (66)

Least complex input bit: iv_498 (1.3163261091350055 × 10^297)  
Most complex input bit: iv_500 (4.287649900314838 × 10^298)

Least complex output bit: aaa_76_29 (1.576167746622054 × 10^274)  
Most complex output bit: ov_001 (2.9642966149461945 × 10^298)

Least complex input/output complexity: iv_498/aaa_76_29 (1.1195745370653707 × 10^272)  
Most complex input/output complexity: iv_500/ov_001 (6.85848282699235 × 10^297)

## Input Bits

### Input Bits in Regular Order

| Input Bit | Complexity | Occurrences | Output Occurrences |
|:---------:|:----------:|:-----------:|:------------------:|
| iv_497 | 2.836726743181956 × 10^298 | 4204 | 78 |
| iv_498 | 1.3163261091350055 × 10^297 | 3912 | 83 |
| iv_499 | 2.3243847923697324 × 10^297 | 3870 | 72 |
| iv_500 | 4.287649900314838 × 10^298 | 4258 | 79 |
| iv_501 | 6.440449883475125 × 10^297 | 4025 | 82 |
| iv_502 | 1.0382621545414678 × 10^298 | 3817 | 75 |
| iv_503 | 1.6443590763033627 × 10^298 | 4017 | 73 |
| iv_504 | 2.5538574872230744 × 10^298 | 3894 | 71 |
| iv_506 | 1.948881522990566 × 10^298 | 3926 | 80 |
| iv_508 | 3.2137471097157813 × 10^298 | 4138 | 71 |

### Input Bits Sorted by Complexity

| Input Bit | Complexity | Occurrences | Output Occurrences |
|:---------:|:----------:|:-----------:|:------------------:|
| iv_498 | 1.3163261091350055 × 10^297 | 3912 | 83 |
| iv_499 | 2.3243847923697324 × 10^297 | 3870 | 72 |
| iv_501 | 6.440449883475125 × 10^297 | 4025 | 82 |
| iv_502 | 1.0382621545414678 × 10^298 | 3817 | 75 |
| iv_503 | 1.6443590763033627 × 10^298 | 4017 | 73 |
| iv_506 | 1.948881522990566 × 10^298 | 3926 | 80 |
| iv_504 | 2.5538574872230744 × 10^298 | 3894 | 71 |
| iv_497 | 2.836726743181956 × 10^298 | 4204 | 78 |
| iv_508 | 3.2137471097157813 × 10^298 | 4138 | 71 |
| iv_500 | 4.287649900314838 × 10^298 | 4258 | 79 |

### Input Bits Sorted by Occurrences

| Input Bit | Complexity | Occurrences | Output Occurrences |
|:---------:|:----------:|:-----------:|:------------------:|
| iv_502 | 1.0382621545414678 × 10^298 | 3817 | 75 |
| iv_499 | 2.3243847923697324 × 10^297 | 3870 | 72 |
| iv_504 | 2.5538574872230744 × 10^298 | 3894 | 71 |
| iv_498 | 1.3163261091350055 × 10^297 | 3912 | 83 |
| iv_506 | 1.948881522990566 × 10^298 | 3926 | 80 |
| iv_503 | 1.6443590763033627 × 10^298 | 4017 | 73 |
| iv_501 | 6.440449883475125 × 10^297 | 4025 | 82 |
| iv_508 | 3.2137471097157813 × 10^298 | 4138 | 71 |
| iv_497 | 2.836726743181956 × 10^298 | 4204 | 78 |
| iv_500 | 4.287649900314838 × 10^298 | 4258 | 79 |

### Input Bits Sorted by Output Occurrences

| Input Bit | Complexity | Occurrences | Output Occurrences |
|:---------:|:----------:|:-----------:|:------------------:|
| iv_504 | 2.5538574872230744 × 10^298 | 3894 | 71 |
| iv_508 | 3.2137471097157813 × 10^298 | 4138 | 71 |
| iv_499 | 2.3243847923697324 × 10^297 | 3870 | 72 |
| iv_503 | 1.6443590763033627 × 10^298 | 4017 | 73 |
| iv_502 | 1.0382621545414678 × 10^298 | 3817 | 75 |
| iv_497 | 2.836726743181956 × 10^298 | 4204 | 78 |
| iv_500 | 4.287649900314838 × 10^298 | 4258 | 79 |
| iv_506 | 1.948881522990566 × 10^298 | 3926 | 80 |
| iv_501 | 6.440449883475125 × 10^297 | 4025 | 82 |
| iv_498 | 1.3163261091350055 × 10^297 | 3912 | 83 |

## Input Bit Co-occurrences

### Input Bit Co-occurrences Sorted by Co-occurrences

| Input Bits | Co-occurrences | Potential Occurrences | Output Co-occurrences | Potential Output Occurrences |
|:----------:|:--------------:|:---------------------:|:---------------------:|:----------------------------:|
| iv_497-iv_508 | 2009 | 4324 | 38 | 73 |
| iv_500-iv_501 | 1990 | 4303 | 40 | 81 |
| iv_500-iv_508 | 1986 | 4424 | 36 | 78 |
| iv_497-iv_500 | 1980 | 4502 | 39 | 79 |
| iv_500-iv_506 | 1958 | 4268 | 40 | 79 |
| iv_501-iv_503 | 1936 | 4170 | 43 | 69 |
| iv_500-iv_503 | 1935 | 4405 | 36 | 80 |
| iv_499-iv_500 | 1934 | 4260 | 37 | 77 |
| iv_498-iv_500 | 1931 | 4308 | 42 | 78 |
| iv_500-iv_504 | 1920 | 4312 | 33 | 84 |

### Input Bit Co-occurrences Sorted by Potential Occurrences

| Input Bits | Co-occurrences | Potential Occurrences | Output Co-occurrences | Potential Output Occurrences |
|:----------:|:--------------:|:---------------------:|:---------------------:|:----------------------------:|
| iv_499-iv_504 | 1820 | 4124 | 29 | 85 |
| iv_504-iv_506 | 1848 | 4124 | 35 | 81 |
| iv_498-iv_504 | 1836 | 4134 | 42 | 70 |
| iv_499-iv_501 | 1864 | 4167 | 36 | 82 |
| iv_501-iv_503 | 1936 | 4170 | 43 | 69 |
| iv_498-iv_506 | 1831 | 4176 | 38 | 87 |
| iv_502-iv_506 | 1779 | 4185 | 38 | 79 |
| iv_502-iv_504 | 1761 | 4189 | 34 | 78 |
| iv_498-iv_499 | 1796 | 4190 | 39 | 77 |
| iv_499-iv_508 | 1906 | 4196 | 33 | 77 |

### Input Bit Output Co-occurrences Sorted by Output Co-occurrences

| Input Bits | Co-occurrences | Potential Occurrences | Output Co-occurrences | Potential Output Occurrences |
|:----------:|:--------------:|:---------------------:|:---------------------:|:----------------------------:|
| iv_497-iv_498 | 1769 | 4578 | 45 | 71 |
| iv_498-iv_501 | 1841 | 4255 | 45 | 75 |
| iv_498-iv_503 | 1843 | 4243 | 43 | 70 |
| iv_501-iv_503 | 1936 | 4170 | 43 | 69 |
| iv_499-iv_506 | 1771 | 4254 | 42 | 68 |
| iv_501-iv_506 | 1835 | 4281 | 42 | 78 |
| iv_498-iv_500 | 1931 | 4308 | 42 | 78 |
| iv_498-iv_502 | 1741 | 4247 | 42 | 74 |
| iv_498-iv_504 | 1836 | 4134 | 42 | 70 |
| iv_501-iv_502 | 1821 | 4200 | 41 | 75 |

### Input Bit Output Co-occurrences Sorted by Potential Output Occurrences

| Input Bits | Co-occurrences | Potential Occurrences | Output Co-occurrences | Potential Output Occurrences |
|:----------:|:--------------:|:---------------------:|:---------------------:|:----------------------------:|
| iv_502-iv_503 | 1779 | 4276 | 41 | 66 |
| iv_499-iv_506 | 1771 | 4254 | 42 | 68 |
| iv_501-iv_503 | 1936 | 4170 | 43 | 69 |
| iv_498-iv_503 | 1843 | 4243 | 43 | 70 |
| iv_498-iv_504 | 1836 | 4134 | 42 | 70 |
| iv_497-iv_498 | 1769 | 4578 | 45 | 71 |
| iv_497-iv_508 | 2009 | 4324 | 38 | 73 |
| iv_497-iv_499 | 1870 | 4334 | 38 | 74 |
| iv_498-iv_502 | 1741 | 4247 | 42 | 74 |
| iv_501-iv_502 | 1821 | 4200 | 41 | 75 |

## Output Bits

### Output Bits in Regular Order

| Rank | Output Bit | Complexity |
|:----:|:----------:|:----------:|
| 1 | ov_001 | 2.9642966149461945 × 10^298 |
| 2 | ov_002 | 2.5707100464065516 × 10^298 |
| 3 | ov_003 | 2.2181304219004074 × 10^298 |
| 4 | ov_004 | 1.903450455658222 × 10^298 |
| 5 | ov_005 | 1.6237322998938698 × 10^298 |
| 6 | ov_006 | 1.3761954635728342 × 10^298 |
| 7 | ov_007 | 1.1582062905952917 × 10^298 |
| 8 | ov_008 | 9.672688961038708 × 10^297 |
| 9 | ov_009 | 8.010174481274641 × 10^297 |
| 10 | ov_010 | 6.572096610798597 × 10^297 |
| 11 | ov_011 | 5.3372136609223556 × 10^297 |
| 12 | ov_012 | 4.2854203086466485 × 10^297 |
| 13 | ov_013 | 3.397711092833489 × 10^297 |
| 14 | ov_014 | 2.656151085010187 × 10^297 |
| 15 | ov_015 | 2.0438526854557528 × 10^297 |
| 16 | ov_016 | 1.5449575682873314 × 10^297 |
| 17 | ov_017 | 1.144622871893978 × 10^297 |
| 18 | ov_018 | 8.290108033860663 × 10^296 |
| 19 | ov_019 | 5.852808978347749 × 10^296 |
| 20 | ov_020 | 4.015842790093063 × 10^296 |
| 21 | ov_021 | 2.6705943761826936 × 10^296 |
| 22 | ov_022 | 1.7182919884629334 × 10^296 |
| 23 | ov_023 | 1.0699862532781545 × 10^296 |
| 24 | ov_024 | 6.4653637577791 × 10^295 |
| 25 | ov_025 | 3.786016977040078 × 10^295 |
| 26 | ov_026 | 2.06637072519562 × 10^295 |
| 27 | ov_027 | 1.0331842065730422 × 10^295 |
| 28 | ov_028 | 4.6218010707002944 × 10^294 |
| 29 | ov_029 | 1.7804240578097782 × 10^294 |
| 30 | ov_030 | 5.441580122565744 × 10^293 |
| 31 | ov_031 | 1.061107492410085 × 10^293 |
| 32 | lv_80_m31 | 2.0688102461627683 × 10^292 |
| 33 | ov_033 | 2.479010957618625 × 10^293 |
| 34 | ov_034 | 2.149558872689602 × 10^293 |
| 35 | ov_035 | 1.854836818960761 × 10^293 |
| 36 | ov_036 | 1.5920202420279398 × 10^293 |
| 37 | ov_037 | 1.3584368481319281 × 10^293 |
| 38 | ov_038 | 1.1515558235025885 × 10^293 |
| 39 | ov_039 | 9.689785211312213 × 10^292 |
| 40 | ov_040 | 8.084304750057066 × 10^292 |
| 41 | ov_041 | 6.677546091678149 × 10^292 |
| 42 | ov_042 | 5.459009549284694 × 10^292 |
| 43 | ov_043 | 4.41874073465536 × 10^292 |
| 44 | ov_044 | 3.5383842114568217 × 10^292 |
| 45 | ov_045 | 2.8005822340418114 × 10^292 |
| 46 | ov_046 | 2.188949138354169 × 10^292 |
| 47 | ov_047 | 1.6880511788316906 × 10^292 |
| 48 | ov_048 | 1.2833909603724955 × 10^292 |
| 49 | ov_049 | 9.613956789934611 × 10^291 |
| 50 | ov_050 | 7.09408448921492 × 10^291 |
| 51 | ov_051 | 5.156820576226035 × 10^291 |
| 52 | ov_052 | 3.6937455377554297 × 10^291 |
| 53 | ov_053 | 2.6054616184465372 × 10^291 |
| 54 | ov_054 | 1.801571521567258 × 10^291 |
| 55 | ov_055 | 1.200664187348242 × 10^291 |
| 56 | ov_056 | 7.642792464434057 × 10^290 |
| 57 | ov_057 | 4.58443231948154 × 10^290 |
| 58 | ov_058 | 2.536676386123658 × 10^290 |
| 59 | ov_059 | 1.2494791910027679 × 10^290 |
| 60 | ov_060 | 5.176303099136439 × 10^289 |
| 61 | ov_061 | 1.8075274310957352 × 10^289 |
| 62 | ov_062 | 4.95668704752862 × 10^288 |
| 63 | ov_063 | 9.657135560541659 × 10^287 |
| 64 | lv_79_m31 | 1.8810575220176456 × 10^287 |
| 65 | ov_065 | 2.2291911620336524 × 10^288 |
| 66 | ov_066 | 2.2291855976081355 × 10^288 |
| 67 | ov_067 | 2.2291842903470576 × 10^288 |
| 68 | ov_068 | 1.9267283268006627 × 10^288 |
| 69 | ov_069 | 1.6563749985344167 × 10^288 |
| 70 | ov_070 | 1.4157050126893123 × 10^288 |
| 71 | ov_071 | 1.2024143847257268 × 10^288 |
| 72 | ov_072 | 1.0143086324377899 × 10^288 |
| 73 | ov_073 | 8.492981934119929 × 10^287 |
| 74 | ov_074 | 7.053946943261401 × 10^287 |
| 75 | ov_075 | 5.807077582811841 × 10^287 |
| 76 | ov_076 | 4.734421677156241 × 10^287 |
| 77 | ov_077 | 3.81895324689833 × 10^287 |
| 78 | ov_078 | 3.044549911947223 × 10^287 |
| 79 | ov_079 | 2.3959729243917586 × 10^287 |
| 80 | ov_080 | 1.85884966299656 × 10^287 |
| 81 | ov_081 | 1.4196584228649056 × 10^287 |
| 82 | ov_082 | 1.0657153350665243 × 10^287 |
| 83 | ov_083 | 7.85163251931265 × 10^286 |
| 84 | ov_084 | 5.669624343532073 × 10^286 |
| 85 | ov_085 | 4.0088287790291446 × 10^286 |
| 86 | ov_086 | 2.7749811485684277 × 10^286 |
| 87 | ov_087 | 1.8818032945831702 × 10^286 |
| 88 | ov_088 | 1.2509662385289736 × 10^286 |
| 89 | ov_089 | 8.120627221578819 × 10^285 |
| 90 | ov_090 | 5.0258800628675473 × 10^285 |
| 91 | ov_091 | 2.932634162704555 × 10^285 |
| 92 | ov_092 | 1.5875283866283335 × 10^285 |
| 93 | ov_093 | 7.766000467165148 × 10^284 |
| 94 | ov_094 | 3.2527154018762412 × 10^284 |
| 95 | aaa_78_28 | 9.834488881904152 × 10^283 |
| 96 | aaa_78_29 | 2.9222733887509945 × 10^283 |
| 97 | ov_097 | 1.6443478471906545 × 10^283 |
| 98 | ov_098 | 1.6443208964429843 × 10^283 |
| 99 | ov_099 | 1.644312277738088 × 10^283 |
| 100 | ov_100 | 1.3426165143921573 × 10^283 |
| 101 | ov_101 | 1.0932161678379885 × 10^283 |
| 102 | ov_102 | 8.895056725177714 × 10^282 |
| 103 | ov_103 | 7.252414443489606 × 10^282 |
| 104 | ov_104 | 5.945153365150847 × 10^282 |
| 105 | ov_105 | 4.9173159071160236 × 10^282 |
| 106 | ov_106 | 4.115869622249424 × 10^282 |
| 107 | ov_107 | 3.4905371361547374 × 10^282 |
| 108 | ov_108 | 2.993651876104638 × 10^282 |
| 109 | ov_109 | 2.5800368520776456 × 10^282 |
| 110 | ov_110 | 2.2069039004446024 × 10^282 |
| 111 | ov_111 | 1.8720139393750362 × 10^282 |
| 112 | ov_112 | 1.573181321321669 × 10^282 |
| 113 | ov_113 | 1.3082622646378363 × 10^282 |
| 114 | ov_114 | 1.0751451486027124 × 10^282 |
| 115 | ov_115 | 8.717425288653985 × 10^281 |
| 116 | ov_116 | 6.959847305275543 × 10^281 |
| 117 | ov_117 | 5.458148762189165 × 10^281 |
| 118 | ov_118 | 4.191852066128572 × 10^281 |
| 119 | ov_119 | 3.1405443385967122 × 10^281 |
| 120 | ov_120 | 2.28385769224801 × 10^281 |
| 121 | ov_121 | 1.6014541887963398 × 10^281 |
| 122 | ov_122 | 1.0730147663889758 × 10^281 |
| 123 | ov_123 | 6.782314244349602 × 10^280 |
| 124 | ov_124 | 3.9680195388626626 × 10^280 |
| 125 | ov_125 | 2.084266740846587 × 10^280 |
| 126 | ov_126 | 9.280676906655344 × 10^279 |
| 127 | aaa_77_28 | 2.96436493014785 × 10^279 |
| 128 | aaa_77_29 | 1.1118573948415426 × 10^279 |
| 129 | ov_129 | 1.0209067454642145 × 10^279 |
| 130 | ov_130 | 1.0209036782187655 × 10^279 |
| 131 | ov_131 | 1.0209029374204377 × 10^279 |
| 132 | ov_132 | 8.847800161280656 × 10^278 |
| 133 | ov_133 | 7.62734633879749 × 10^278 |
| 134 | ov_134 | 6.536664267782772 × 10^278 |
| 135 | ov_135 | 5.565330480135096 × 10^278 |
| 136 | ov_136 | 4.703459990471546 × 10^278 |
| 137 | ov_137 | 3.94624011101404 × 10^278 |
| 138 | ov_138 | 3.284761252371846 × 10^278 |
| 139 | ov_139 | 2.7105610396744932 × 10^278 |
| 140 | ov_140 | 2.215603285435389 × 10^278 |
| 141 | ov_141 | 1.792260797303613 × 10^278 |
| 142 | ov_142 | 1.4333015450482212 × 10^278 |
| 143 | ov_143 | 1.131877738707652 × 10^278 |
| 144 | ov_144 | 8.815173972274792 × 10^277 |
| 145 | ov_145 | 6.761180141721523 × 10^277 |
| 146 | ov_146 | 5.099419542762453 × 10^277 |
| 147 | ov_147 | 3.776132417254053 × 10^277 |
| 148 | ov_148 | 2.7411542814221035 × 10^277 |
| 149 | ov_149 | 1.9479025530734205 × 10^277 |
| 150 | ov_150 | 1.35336854679326 × 10^277 |
| 151 | ov_151 | 9.181126384971429 × 10^276 |
| 152 | ov_152 | 6.062610792976091 × 10^276 |
| 153 | ov_153 | 3.8550373708345364 × 10^276 |
| 154 | ov_154 | 2.2709252025081056 × 10^276 |
| 155 | ov_155 | 1.1754373020136579 × 10^276 |
| 156 | aaa_76_25 | 4.515399395564095 × 10^275 |
| 157 | aaa_76_26 | 2.6061566862945628 × 10^275 |
| 158 | aaa_76_27 | 1.3332524170710503 × 10^275 |
| 159 | aaa_76_28 | 5.186944705643656 × 10^274 |
| 160 | aaa_76_29 | 1.576167746622054 × 10^274 |

### Output Bits Sorted by Complexity

| Rank | Output Bit | Complexity |
|:----:|:----------:|:----------:|
| 160 | aaa_76_29 | 1.576167746622054 × 10^274 |
| 159 | aaa_76_28 | 5.186944705643656 × 10^274 |
| 158 | aaa_76_27 | 1.3332524170710503 × 10^275 |
| 157 | aaa_76_26 | 2.6061566862945628 × 10^275 |
| 156 | aaa_76_25 | 4.515399395564095 × 10^275 |
| 155 | ov_155 | 1.1754373020136579 × 10^276 |
| 154 | ov_154 | 2.2709252025081056 × 10^276 |
| 153 | ov_153 | 3.8550373708345364 × 10^276 |
| 152 | ov_152 | 6.062610792976091 × 10^276 |
| 151 | ov_151 | 9.181126384971429 × 10^276 |
| 150 | ov_150 | 1.35336854679326 × 10^277 |
| 149 | ov_149 | 1.9479025530734205 × 10^277 |
| 148 | ov_148 | 2.7411542814221035 × 10^277 |
| 147 | ov_147 | 3.776132417254053 × 10^277 |
| 146 | ov_146 | 5.099419542762453 × 10^277 |
| 145 | ov_145 | 6.761180141721523 × 10^277 |
| 144 | ov_144 | 8.815173972274792 × 10^277 |
| 143 | ov_143 | 1.131877738707652 × 10^278 |
| 142 | ov_142 | 1.4333015450482212 × 10^278 |
| 141 | ov_141 | 1.792260797303613 × 10^278 |
| 140 | ov_140 | 2.215603285435389 × 10^278 |
| 139 | ov_139 | 2.7105610396744932 × 10^278 |
| 138 | ov_138 | 3.284761252371846 × 10^278 |
| 137 | ov_137 | 3.94624011101404 × 10^278 |
| 136 | ov_136 | 4.703459990471546 × 10^278 |
| 135 | ov_135 | 5.565330480135096 × 10^278 |
| 134 | ov_134 | 6.536664267782772 × 10^278 |
| 133 | ov_133 | 7.62734633879749 × 10^278 |
| 132 | ov_132 | 8.847800161280656 × 10^278 |
| 131 | ov_131 | 1.0209029374204377 × 10^279 |
| 130 | ov_130 | 1.0209036782187655 × 10^279 |
| 129 | ov_129 | 1.0209067454642145 × 10^279 |
| 128 | aaa_77_29 | 1.1118573948415426 × 10^279 |
| 127 | aaa_77_28 | 2.96436493014785 × 10^279 |
| 126 | ov_126 | 9.280676906655344 × 10^279 |
| 125 | ov_125 | 2.084266740846587 × 10^280 |
| 124 | ov_124 | 3.9680195388626626 × 10^280 |
| 123 | ov_123 | 6.782314244349602 × 10^280 |
| 122 | ov_122 | 1.0730147663889758 × 10^281 |
| 121 | ov_121 | 1.6014541887963398 × 10^281 |
| 120 | ov_120 | 2.28385769224801 × 10^281 |
| 119 | ov_119 | 3.1405443385967122 × 10^281 |
| 118 | ov_118 | 4.191852066128572 × 10^281 |
| 117 | ov_117 | 5.458148762189165 × 10^281 |
| 116 | ov_116 | 6.959847305275543 × 10^281 |
| 115 | ov_115 | 8.717425288653985 × 10^281 |
| 114 | ov_114 | 1.0751451486027124 × 10^282 |
| 113 | ov_113 | 1.3082622646378363 × 10^282 |
| 112 | ov_112 | 1.573181321321669 × 10^282 |
| 111 | ov_111 | 1.8720139393750362 × 10^282 |
| 110 | ov_110 | 2.2069039004446024 × 10^282 |
| 109 | ov_109 | 2.5800368520776456 × 10^282 |
| 108 | ov_108 | 2.993651876104638 × 10^282 |
| 107 | ov_107 | 3.4905371361547374 × 10^282 |
| 106 | ov_106 | 4.115869622249424 × 10^282 |
| 105 | ov_105 | 4.9173159071160236 × 10^282 |
| 104 | ov_104 | 5.945153365150847 × 10^282 |
| 103 | ov_103 | 7.252414443489606 × 10^282 |
| 102 | ov_102 | 8.895056725177714 × 10^282 |
| 101 | ov_101 | 1.0932161678379885 × 10^283 |
| 100 | ov_100 | 1.3426165143921573 × 10^283 |
| 99 | ov_099 | 1.644312277738088 × 10^283 |
| 98 | ov_098 | 1.6443208964429843 × 10^283 |
| 97 | ov_097 | 1.6443478471906545 × 10^283 |
| 96 | aaa_78_29 | 2.9222733887509945 × 10^283 |
| 95 | aaa_78_28 | 9.834488881904152 × 10^283 |
| 94 | ov_094 | 3.2527154018762412 × 10^284 |
| 93 | ov_093 | 7.766000467165148 × 10^284 |
| 92 | ov_092 | 1.5875283866283335 × 10^285 |
| 91 | ov_091 | 2.932634162704555 × 10^285 |
| 90 | ov_090 | 5.0258800628675473 × 10^285 |
| 89 | ov_089 | 8.120627221578819 × 10^285 |
| 88 | ov_088 | 1.2509662385289736 × 10^286 |
| 87 | ov_087 | 1.8818032945831702 × 10^286 |
| 86 | ov_086 | 2.7749811485684277 × 10^286 |
| 85 | ov_085 | 4.0088287790291446 × 10^286 |
| 84 | ov_084 | 5.669624343532073 × 10^286 |
| 83 | ov_083 | 7.85163251931265 × 10^286 |
| 82 | ov_082 | 1.0657153350665243 × 10^287 |
| 81 | ov_081 | 1.4196584228649056 × 10^287 |
| 80 | ov_080 | 1.85884966299656 × 10^287 |
| 64 | lv_79_m31 | 1.8810575220176456 × 10^287 |
| 79 | ov_079 | 2.3959729243917586 × 10^287 |
| 78 | ov_078 | 3.044549911947223 × 10^287 |
| 77 | ov_077 | 3.81895324689833 × 10^287 |
| 76 | ov_076 | 4.734421677156241 × 10^287 |
| 75 | ov_075 | 5.807077582811841 × 10^287 |
| 74 | ov_074 | 7.053946943261401 × 10^287 |
| 73 | ov_073 | 8.492981934119929 × 10^287 |
| 63 | ov_063 | 9.657135560541659 × 10^287 |
| 72 | ov_072 | 1.0143086324377899 × 10^288 |
| 71 | ov_071 | 1.2024143847257268 × 10^288 |
| 70 | ov_070 | 1.4157050126893123 × 10^288 |
| 69 | ov_069 | 1.6563749985344167 × 10^288 |
| 68 | ov_068 | 1.9267283268006627 × 10^288 |
| 67 | ov_067 | 2.2291842903470576 × 10^288 |
| 66 | ov_066 | 2.2291855976081355 × 10^288 |
| 65 | ov_065 | 2.2291911620336524 × 10^288 |
| 62 | ov_062 | 4.95668704752862 × 10^288 |
| 61 | ov_061 | 1.8075274310957352 × 10^289 |
| 60 | ov_060 | 5.176303099136439 × 10^289 |
| 59 | ov_059 | 1.2494791910027679 × 10^290 |
| 58 | ov_058 | 2.536676386123658 × 10^290 |
| 57 | ov_057 | 4.58443231948154 × 10^290 |
| 56 | ov_056 | 7.642792464434057 × 10^290 |
| 55 | ov_055 | 1.200664187348242 × 10^291 |
| 54 | ov_054 | 1.801571521567258 × 10^291 |
| 53 | ov_053 | 2.6054616184465372 × 10^291 |
| 52 | ov_052 | 3.6937455377554297 × 10^291 |
| 51 | ov_051 | 5.156820576226035 × 10^291 |
| 50 | ov_050 | 7.09408448921492 × 10^291 |
| 49 | ov_049 | 9.613956789934611 × 10^291 |
| 48 | ov_048 | 1.2833909603724955 × 10^292 |
| 47 | ov_047 | 1.6880511788316906 × 10^292 |
| 32 | lv_80_m31 | 2.0688102461627683 × 10^292 |
| 46 | ov_046 | 2.188949138354169 × 10^292 |
| 45 | ov_045 | 2.8005822340418114 × 10^292 |
| 44 | ov_044 | 3.5383842114568217 × 10^292 |
| 43 | ov_043 | 4.41874073465536 × 10^292 |
| 42 | ov_042 | 5.459009549284694 × 10^292 |
| 41 | ov_041 | 6.677546091678149 × 10^292 |
| 40 | ov_040 | 8.084304750057066 × 10^292 |
| 39 | ov_039 | 9.689785211312213 × 10^292 |
| 31 | ov_031 | 1.061107492410085 × 10^293 |
| 38 | ov_038 | 1.1515558235025885 × 10^293 |
| 37 | ov_037 | 1.3584368481319281 × 10^293 |
| 36 | ov_036 | 1.5920202420279398 × 10^293 |
| 35 | ov_035 | 1.854836818960761 × 10^293 |
| 34 | ov_034 | 2.149558872689602 × 10^293 |
| 33 | ov_033 | 2.479010957618625 × 10^293 |
| 30 | ov_030 | 5.441580122565744 × 10^293 |
| 29 | ov_029 | 1.7804240578097782 × 10^294 |
| 28 | ov_028 | 4.6218010707002944 × 10^294 |
| 27 | ov_027 | 1.0331842065730422 × 10^295 |
| 26 | ov_026 | 2.06637072519562 × 10^295 |
| 25 | ov_025 | 3.786016977040078 × 10^295 |
| 24 | ov_024 | 6.4653637577791 × 10^295 |
| 23 | ov_023 | 1.0699862532781545 × 10^296 |
| 22 | ov_022 | 1.7182919884629334 × 10^296 |
| 21 | ov_021 | 2.6705943761826936 × 10^296 |
| 20 | ov_020 | 4.015842790093063 × 10^296 |
| 19 | ov_019 | 5.852808978347749 × 10^296 |
| 18 | ov_018 | 8.290108033860663 × 10^296 |
| 17 | ov_017 | 1.144622871893978 × 10^297 |
| 16 | ov_016 | 1.5449575682873314 × 10^297 |
| 15 | ov_015 | 2.0438526854557528 × 10^297 |
| 14 | ov_014 | 2.656151085010187 × 10^297 |
| 13 | ov_013 | 3.397711092833489 × 10^297 |
| 12 | ov_012 | 4.2854203086466485 × 10^297 |
| 11 | ov_011 | 5.3372136609223556 × 10^297 |
| 10 | ov_010 | 6.572096610798597 × 10^297 |
| 9 | ov_009 | 8.010174481274641 × 10^297 |
| 8 | ov_008 | 9.672688961038708 × 10^297 |
| 7 | ov_007 | 1.1582062905952917 × 10^298 |
| 6 | ov_006 | 1.3761954635728342 × 10^298 |
| 5 | ov_005 | 1.6237322998938698 × 10^298 |
| 4 | ov_004 | 1.903450455658222 × 10^298 |
| 3 | ov_003 | 2.2181304219004074 × 10^298 |
| 2 | ov_002 | 2.5707100464065516 × 10^298 |
| 1 | ov_001 | 2.9642966149461945 × 10^298 |

