# Results for F001-F002-F003-F004-F005-F006-F007-F008-F009-F010-F011-F012-F013-F014-F015-F016-F017-F018-F019-F020-F021-F022-F023-F024-F025-F026-F027-F028-F029-F030-F031-F032-F033-F034-F035-F036-F037-F038-F039-F040-F041-F042-F043-F044-F045-F046-F047-F048-F049-F050-F051-F052-F053-F054-F055-F056-F057-F058-F059-F060-F061-F062-F063-F064-F065-F066-F067-F068-F069-F070-F071-F072-F073-F074-F075-F076-F077-F078-F079-F080-F081-F082-F083-F084-F085-F086-F087-F088-F089-F090-F091-F092-F093-F094-F095-F096-F097-F098-F099-F100-F101-F102-F103-F104-F105-F106-F107-F108-F109-F110-F111-F112-F113-F114-F115-F116-F117-F118-F119-F120-F121-F122-F123-F124-F125-F126-F127-F128-F129-F130-F131-F132-F133-F134-F135-F136-F137-F138-F139-F140-F141-F142-F143-F144-F145-F146-F147-F148-F149-F150-F151-F152-F153-F154-F155-F156-F157-F158-F159-F160-F161-F162-F163-F164-F165-F166-F167-F168-F169-F170-F171-F172-F173-F174-F175-F176-F177-F178-F179-F180-F181-F182-F183-F184-F185-F186-F187-F188-F189-F190-F191-F192-F193-F194-F195-F196-F197-F198-F199-F200-F201-F202-F203-F204-F205-F206-F207-F208-F209-F210-F211-F212-F213-F214-F215-F216-F217-F218-F219-F220-F221-F222-F223-F224-F225-F226-F227-F228-F229-F230-F231-F232-F233-F234-F235-F236-F237-F238-F239-F240-F241-F242-F243-F244-F245-F246-F247-F248-F249-F250-F251-F252-F253-F254-F255-F256-F257-F258-F259-F260-F261-F262-F263-F264-F265-F266-F267-F268-F269-F270-F271-F272-F273-F274-F275-F276-F277-F278-F279-F280-F281-F282-F283-F284-F285-F286-F287-F288-F289-F290-F291-F292-F293-F294-F295-F296-F297-F298-F299-F300-F301-F302-F303-F304-F305-F306-F307-F308-F309-F310-F311-F312-F313-F314-F315-F316-F317-F318-F319-F320-F321-F322-F323-F324-F325-F326-F327-F328-F329-F330-F331-F332-F333-F334-F335-F336-F337-F338-F339-F340-F341-F342-F343-F344-F345-F346-F347-F348-F349-F350-F351-F352-F353-F354-F355-F356-F357-F358-F359-F360-F361-F362-F363-F364-F365-F366-F367-F368-F369-F370-F371-F372-F373-F374-F375-F376-F377-F378-F379-F380-F381-F382-F383-F384-F385-F386-F387-F388-F389-F390-F391-F392-F393-F394-F395-F396-F397-F398-F399-F400-F401-F402-F403-F404-F405-F406-F407-F408-F409-F410-F411-F412-F413-F414-F415-F416-F417-F418-F419-F420-F421-F422-F423-F424-F425-F426-F427-F428-F429-F430-F431-F432-F433-F434-F435-F436-F437-F438-F439-F440-F441-F442-F443-F444-F445-F446-F447-F448-F449-F450-F451-F452-F453-F454-F455-F456-F457-F458-F459-F460-F461-F462-F463-F464-F465-F466-F467-F468-F469-F470-F471-F472-F473-F474-F475-F476-F477-F478-F479-F480-F481-F482-F483-F484-F485-F486-F487-F488-F489-F490-F491-F492-F493-F494-F495-F496-E499505-F502-F509-F510-F511-F512

## Summary

Number of input bits: 512  
Number of free input bits: 10  
Number of output bits: 160

Number of direct occurrences: 40310  
Number of assignments: 30974  
Number of operations: 10812092
(xor: 10784125,
and: 14734,
or: 13233)

Total complexity: 2.511084434836317 × 10^297

Least occurring input variable: iv_504 (3883)  
Most occurring input variable: iv_508 (4155)

Most co-occurring input variables: iv_497-iv_507 (2018)  
Least co-occurring input variables: iv_499-iv_506 (1796)

Potentially most occurring input variable: iv_499/iv_506 (4441)  
Potentially least occurring input variable: iv_499/iv_504 (4087)

Least output occurring input variable: iv_499 (57)  
Most output occurring input variable: iv_497 (93)

Most output co-occurring input variables: iv_497-iv_506 (51)  
Least output co-occurring input variables: iv_499-iv_501 (25)

Potentially most output occurring input variable: iv_497/iv_499 (92)  
Potentially least output occurring input variable: iv_499/iv_508 (68)

Least complex input bit: iv_497 (9.440979959241389 × 10^294)  
Most complex input bit: iv_499 (5.9259453523929935 × 10^296)

Least complex output bit: aaa_76_29 (5.825163087147357 × 10^272)  
Most complex output bit: ov_001 (4.017226761253084 × 10^296)

Least complex input/output complexity: iv_497/aaa_76_29 (2.1900995124704253 × 10^270)  
Most complex input/output complexity: iv_499/ov_001 (9.48031293774804 × 10^295)

## Input Bits

### Input Bits in Regular Order

| Input Bit | Complexity | Occurrences | Output Occurrences |
|:---------:|:----------:|:-----------:|:------------------:|
| iv_497 | 9.440979959241389 × 10^294 | 4100 | 93 |
| iv_498 | 1.8892895012211237 × 10^295 | 3899 | 88 |
| iv_499 | 5.9259453523929935 × 10^296 | 4120 | 57 |
| iv_500 | 5.615759682244686 × 10^295 | 4073 | 76 |
| iv_501 | 9.243722218025279 × 10^295 | 4032 | 83 |
| iv_503 | 2.360082935604214 × 10^296 | 4000 | 75 |
| iv_504 | 3.6654537526643592 × 10^296 | 3883 | 78 |
| iv_506 | 2.797169263750862 × 10^296 | 3913 | 82 |
| iv_507 | 3.980319234506713 × 10^296 | 4135 | 76 |
| iv_508 | 4.612586869702514 × 10^296 | 4155 | 81 |

### Input Bits Sorted by Complexity

| Input Bit | Complexity | Occurrences | Output Occurrences |
|:---------:|:----------:|:-----------:|:------------------:|
| iv_497 | 9.440979959241389 × 10^294 | 4100 | 93 |
| iv_498 | 1.8892895012211237 × 10^295 | 3899 | 88 |
| iv_500 | 5.615759682244686 × 10^295 | 4073 | 76 |
| iv_501 | 9.243722218025279 × 10^295 | 4032 | 83 |
| iv_503 | 2.360082935604214 × 10^296 | 4000 | 75 |
| iv_506 | 2.797169263750862 × 10^296 | 3913 | 82 |
| iv_504 | 3.6654537526643592 × 10^296 | 3883 | 78 |
| iv_507 | 3.980319234506713 × 10^296 | 4135 | 76 |
| iv_508 | 4.612586869702514 × 10^296 | 4155 | 81 |
| iv_499 | 5.9259453523929935 × 10^296 | 4120 | 57 |

### Input Bits Sorted by Occurrences

| Input Bit | Complexity | Occurrences | Output Occurrences |
|:---------:|:----------:|:-----------:|:------------------:|
| iv_504 | 3.6654537526643592 × 10^296 | 3883 | 78 |
| iv_498 | 1.8892895012211237 × 10^295 | 3899 | 88 |
| iv_506 | 2.797169263750862 × 10^296 | 3913 | 82 |
| iv_503 | 2.360082935604214 × 10^296 | 4000 | 75 |
| iv_501 | 9.243722218025279 × 10^295 | 4032 | 83 |
| iv_500 | 5.615759682244686 × 10^295 | 4073 | 76 |
| iv_497 | 9.440979959241389 × 10^294 | 4100 | 93 |
| iv_499 | 5.9259453523929935 × 10^296 | 4120 | 57 |
| iv_507 | 3.980319234506713 × 10^296 | 4135 | 76 |
| iv_508 | 4.612586869702514 × 10^296 | 4155 | 81 |

### Input Bits Sorted by Output Occurrences

| Input Bit | Complexity | Occurrences | Output Occurrences |
|:---------:|:----------:|:-----------:|:------------------:|
| iv_499 | 5.9259453523929935 × 10^296 | 4120 | 57 |
| iv_503 | 2.360082935604214 × 10^296 | 4000 | 75 |
| iv_500 | 5.615759682244686 × 10^295 | 4073 | 76 |
| iv_507 | 3.980319234506713 × 10^296 | 4135 | 76 |
| iv_504 | 3.6654537526643592 × 10^296 | 3883 | 78 |
| iv_508 | 4.612586869702514 × 10^296 | 4155 | 81 |
| iv_506 | 2.797169263750862 × 10^296 | 3913 | 82 |
| iv_501 | 9.243722218025279 × 10^295 | 4032 | 83 |
| iv_498 | 1.8892895012211237 × 10^295 | 3899 | 88 |
| iv_497 | 9.440979959241389 × 10^294 | 4100 | 93 |

## Input Bit Co-occurrences

### Input Bit Co-occurrences Sorted by Co-occurrences

| Input Bits | Co-occurrences | Potential Occurrences | Output Co-occurrences | Potential Output Occurrences |
|:----------:|:--------------:|:---------------------:|:---------------------:|:----------------------------:|
| iv_497-iv_507 | 2018 | 4199 | 44 | 81 |
| iv_507-iv_508 | 2016 | 4258 | 43 | 71 |
| iv_497-iv_501 | 1981 | 4170 | 48 | 80 |
| iv_499-iv_508 | 1963 | 4349 | 35 | 68 |
| iv_499-iv_507 | 1961 | 4333 | 29 | 75 |
| iv_497-iv_500 | 1961 | 4251 | 39 | 91 |
| iv_500-iv_508 | 1961 | 4306 | 36 | 85 |
| iv_497-iv_503 | 1959 | 4182 | 46 | 76 |
| iv_500-iv_507 | 1959 | 4290 | 35 | 82 |
| iv_499-iv_504 | 1958 | 4087 | 27 | 81 |

### Input Bit Co-occurrences Sorted by Potential Occurrences

| Input Bits | Co-occurrences | Potential Occurrences | Output Co-occurrences | Potential Output Occurrences |
|:----------:|:--------------:|:---------------------:|:---------------------:|:----------------------------:|
| iv_499-iv_504 | 1958 | 4087 | 27 | 81 |
| iv_504-iv_506 | 1845 | 4106 | 42 | 76 |
| iv_506-iv_507 | 1957 | 4134 | 39 | 80 |
| iv_498-iv_504 | 1814 | 4154 | 46 | 74 |
| iv_497-iv_506 | 1922 | 4169 | 51 | 73 |
| iv_497-iv_501 | 1981 | 4170 | 48 | 80 |
| iv_498-iv_506 | 1819 | 4174 | 41 | 88 |
| iv_497-iv_503 | 1959 | 4182 | 46 | 76 |
| iv_497-iv_504 | 1900 | 4183 | 50 | 71 |
| iv_500-iv_504 | 1880 | 4196 | 38 | 78 |

### Input Bit Output Co-occurrences Sorted by Output Co-occurrences

| Input Bits | Co-occurrences | Potential Occurrences | Output Co-occurrences | Potential Output Occurrences |
|:----------:|:--------------:|:---------------------:|:---------------------:|:----------------------------:|
| iv_497-iv_506 | 1922 | 4169 | 51 | 73 |
| iv_497-iv_504 | 1900 | 4183 | 50 | 71 |
| iv_497-iv_498 | 1869 | 4261 | 50 | 81 |
| iv_498-iv_501 | 1843 | 4245 | 48 | 75 |
| iv_497-iv_501 | 1981 | 4170 | 48 | 80 |
| iv_498-iv_504 | 1814 | 4154 | 46 | 74 |
| iv_497-iv_503 | 1959 | 4182 | 46 | 76 |
| iv_497-iv_508 | 1930 | 4395 | 46 | 82 |
| iv_498-iv_508 | 1838 | 4378 | 45 | 79 |
| iv_501-iv_506 | 1834 | 4277 | 44 | 77 |

### Input Bit Output Co-occurrences Sorted by Potential Output Occurrences

| Input Bits | Co-occurrences | Potential Occurrences | Output Co-occurrences | Potential Output Occurrences |
|:----------:|:--------------:|:---------------------:|:---------------------:|:----------------------------:|
| iv_499-iv_508 | 1963 | 4349 | 35 | 68 |
| iv_497-iv_504 | 1900 | 4183 | 50 | 71 |
| iv_507-iv_508 | 2016 | 4258 | 43 | 71 |
| iv_499-iv_503 | 1878 | 4364 | 30 | 72 |
| iv_497-iv_506 | 1922 | 4169 | 51 | 73 |
| iv_498-iv_499 | 1809 | 4401 | 36 | 73 |
| iv_500-iv_503 | 1917 | 4239 | 39 | 73 |
| iv_498-iv_504 | 1814 | 4154 | 46 | 74 |
| iv_498-iv_501 | 1843 | 4245 | 48 | 75 |
| iv_499-iv_507 | 1961 | 4333 | 29 | 75 |

## Output Bits

### Output Bits in Regular Order

| Rank | Output Bit | Complexity |
|:----:|:----------:|:----------:|
| 1 | ov_001 | 4.017226761253084 × 10^296 |
| 2 | ov_002 | 3.483718492078543 × 10^296 |
| 3 | ov_003 | 3.0058195480559877 × 10^296 |
| 4 | ov_004 | 2.5793123704898203 × 10^296 |
| 5 | ov_005 | 2.2002095662954894 × 10^296 |
| 6 | ov_006 | 1.8647375901678735 × 10^296 |
| 7 | ov_007 | 1.569322531223689 × 10^296 |
| 8 | ov_008 | 1.310577862615315 × 10^296 |
| 9 | ov_009 | 1.0852939965523096 × 10^296 |
| 10 | ov_010 | 8.904294582646589 × 10^295 |
| 11 | ov_011 | 7.231034902981677 × 10^295 |
| 12 | ov_012 | 5.805899093060366 × 10^295 |
| 13 | ov_013 | 4.603120572290082 × 10^295 |
| 14 | ov_014 | 3.598387174859997 × 10^295 |
| 15 | ov_015 | 2.768808770965306 × 10^295 |
| 16 | ov_016 | 2.0928920755622328 × 10^295 |
| 17 | ov_017 | 1.5505213828073025 × 10^295 |
| 18 | ov_018 | 1.1229440653959209 × 10^295 |
| 19 | ov_019 | 7.927597787641935 × 10^294 |
| 20 | ov_020 | 5.4391245807490433 × 10^294 |
| 21 | ov_021 | 3.6168443230477194 × 10^294 |
| 22 | ov_022 | 2.3269219726316433 × 10^294 |
| 23 | ov_023 | 1.4488349319565442 × 10^294 |
| 24 | ov_024 | 8.75353827378795 × 10^293 |
| 25 | ov_025 | 5.12530750868419 × 10^293 |
| 26 | ov_026 | 2.7969282080558686 × 10^293 |
| 27 | ov_027 | 1.3982181817067824 × 10^293 |
| 28 | ov_028 | 6.253507818506039 × 10^292 |
| 29 | ov_029 | 2.4085185995780407 × 10^292 |
| 30 | ov_030 | 7.359896918717977 × 10^291 |
| 31 | ov_031 | 1.4348951407086843 × 10^291 |
| 32 | lv_80_m31 | 2.7970357226490208 × 10^290 |
| 33 | ov_033 | 3.364901698221174 × 10^291 |
| 34 | ov_034 | 2.917676460693909 × 10^291 |
| 35 | ov_035 | 2.5180394176530218 × 10^291 |
| 36 | ov_036 | 2.1620464687254726 × 10^291 |
| 37 | ov_037 | 1.8459656171717083 × 10^291 |
| 38 | ov_038 | 1.566262044882521 × 10^291 |
| 39 | ov_039 | 1.319585228952753 × 10^291 |
| 40 | ov_040 | 1.102757899346226 × 10^291 |
| 41 | ov_041 | 9.127666493986385 × 10^290 |
| 42 | ov_042 | 7.481446655389873 × 10^290 |
| 43 | ov_043 | 6.07501304730076 × 10^290 |
| 44 | ov_044 | 4.882723577023289 × 10^290 |
| 45 | ov_045 | 3.880330785004185 × 10^290 |
| 46 | ov_046 | 3.0449462311898373 × 10^290 |
| 47 | ov_047 | 2.3550123777011502 × 10^290 |
| 48 | ov_048 | 1.7902808025914545 × 10^290 |
| 49 | ov_049 | 1.3409522112893921 × 10^290 |
| 50 | ov_050 | 9.893510911934248 × 10^289 |
| 51 | ov_051 | 7.190733607246856 × 10^289 |
| 52 | ov_052 | 5.149800313127031 × 10^289 |
| 53 | ov_053 | 3.631927304740873 × 10^289 |
| 54 | ov_054 | 2.510905766748878 × 10^289 |
| 55 | ov_055 | 1.673080649727578 × 10^289 |
| 56 | ov_056 | 1.064760771843 × 10^289 |
| 57 | ov_057 | 6.385224098903683 × 10^288 |
| 58 | ov_058 | 3.5320626250788314 × 10^288 |
| 59 | ov_059 | 1.7391583724664593 × 10^288 |
| 60 | ov_060 | 7.201670209314145 × 10^287 |
| 61 | ov_061 | 2.513620950751715 × 10^287 |
| 62 | ov_062 | 6.889934346841738 × 10^286 |
| 63 | ov_063 | 1.3417653052130393 × 10^286 |
| 64 | lv_79_m31 | 2.612413791853503 × 10^285 |
| 65 | ov_065 | 3.103237153128409 × 10^286 |
| 66 | ov_066 | 3.1032272158834443 × 10^286 |
| 67 | ov_067 | 3.103224783699593 × 10^286 |
| 68 | ov_068 | 2.6789756610172515 × 10^286 |
| 69 | ov_069 | 2.300895791428532 × 10^286 |
| 70 | ov_070 | 1.9652218221657649 × 10^286 |
| 71 | ov_071 | 1.6684220346078207 × 10^286 |
| 72 | ov_072 | 1.407180655103974 × 10^286 |
| 73 | ov_073 | 1.178383551228888 × 10^286 |
| 74 | ov_074 | 9.791052406331404 × 10^285 |
| 75 | ov_075 | 8.065971423855145 × 10^285 |
| 76 | ov_076 | 6.582770029349773 × 10^285 |
| 77 | ov_077 | 5.3171943061764086 × 10^285 |
| 78 | ov_078 | 4.246474740585232 × 10^285 |
| 79 | ov_079 | 3.3492518092682117 × 10^285 |
| 80 | ov_080 | 2.6055107434967848 × 10^285 |
| 81 | ov_081 | 1.9965248492184386 × 10^285 |
| 82 | ov_082 | 1.5048067671172246 × 10^285 |
| 83 | ov_083 | 1.1140670599801857 × 10^285 |
| 84 | ov_084 | 8.091795170903453 × 10^284 |
| 85 | ov_085 | 5.761525670417735 × 10^284 |
| 86 | ov_086 | 4.021061915227668 × 10^284 |
| 87 | ov_087 | 2.7525373337233324 × 10^284 |
| 88 | ov_088 | 1.8488799268978392 × 10^284 |
| 89 | ov_089 | 1.2137100505376644 × 10^284 |
| 90 | ov_090 | 7.612689605394566 × 10^283 |
| 91 | ov_091 | 4.513253114427687 × 10^283 |
| 92 | ov_092 | 2.4892585589426695 × 10^283 |
| 93 | ov_093 | 1.243853508528197 × 10^283 |
| 94 | ov_094 | 5.328159739288728 × 10^282 |
| 95 | aaa_78_28 | 1.6453415533774892 × 10^282 |
| 96 | aaa_78_29 | 5.0531876587800104 × 10^281 |
| 97 | ov_097 | 3.337568137212496 × 10^281 |
| 98 | ov_098 | 3.337468357609643 × 10^281 |
| 99 | ov_099 | 3.337436502636857 × 10^281 |
| 100 | ov_100 | 3.003492520160666 × 10^281 |
| 101 | ov_101 | 2.6941520300438738 × 10^281 |
| 102 | ov_102 | 2.4080703847059823 × 10^281 |
| 103 | ov_103 | 2.1440010446732144 × 10^281 |
| 104 | ov_104 | 1.9007826592628177 × 10^281 |
| 105 | ov_105 | 1.677327335991061 × 10^281 |
| 106 | ov_106 | 1.4726100381186129 × 10^281 |
| 107 | ov_107 | 1.2856590518064032 × 10^281 |
| 108 | ov_108 | 1.1155474659832307 × 10^281 |
| 109 | ov_109 | 9.613856092871875 × 10^280 |
| 110 | ov_110 | 8.223143893927831 × 10^280 |
| 111 | ov_111 | 6.974994807286494 × 10^280 |
| 112 | ov_112 | 5.861263070769627 × 10^280 |
| 113 | ov_113 | 4.873957658714132 × 10^280 |
| 114 | ov_114 | 4.0052064121774922 × 10^280 |
| 115 | ov_115 | 3.2472265278738566 × 10^280 |
| 116 | ov_116 | 2.5923008781166486 × 10^280 |
| 117 | ov_117 | 2.0327596345412878 × 10^280 |
| 118 | ov_118 | 1.5609666687245558 × 10^280 |
| 119 | ov_119 | 1.1693097704958197 × 10^280 |
| 120 | ov_120 | 8.501933581260313 × 10^279 |
| 121 | ov_121 | 5.960329188176602 × 10^279 |
| 122 | ov_122 | 3.9925091631425044 × 10^279 |
| 123 | ov_123 | 2.5227390246611858 × 10^279 |
| 124 | ov_124 | 1.4753056959238058 × 10^279 |
| 125 | ov_125 | 7.745054446074773 × 10^278 |
| 126 | ov_126 | 3.446377341232797 × 10^278 |
| 127 | aaa_77_28 | 1.1000286472601543 × 10^278 |
| 128 | aaa_77_29 | 4.12127813991848 × 10^277 |
| 129 | ov_129 | 3.790184716723535 × 10^277 |
| 130 | ov_130 | 3.7901733809656665 × 10^277 |
| 131 | ov_131 | 3.790170643191201 × 10^277 |
| 132 | ov_132 | 3.2803011362198673 × 10^277 |
| 133 | ov_133 | 2.8241513891612885 × 10^277 |
| 134 | ov_134 | 2.4176544807949346 × 10^277 |
| 135 | ov_135 | 2.056957908021212 × 10^277 |
| 136 | ov_136 | 1.7384081801468506 × 10^277 |
| 137 | ov_137 | 1.4585376386006025 × 10^277 |
| 138 | ov_138 | 1.214053283783507 × 10^277 |
| 139 | ov_139 | 1.0018274017542111 × 10^277 |
| 140 | ov_140 | 8.188897941543048 × 10^276 |
| 141 | ov_141 | 6.624214252616466 × 10^276 |
| 142 | ov_142 | 5.297493103796754 × 10^276 |
| 143 | ov_143 | 4.183424799760155 × 10^276 |
| 144 | ov_144 | 3.2580886411210605 × 10^276 |
| 145 | ov_145 | 2.498929517841813 × 10^276 |
| 146 | ov_146 | 1.8847408984234597 × 10^276 |
| 147 | ov_147 | 1.3956529617937858 × 10^276 |
| 148 | ov_148 | 1.0131247189041563 × 10^276 |
| 149 | ov_149 | 7.199390710265913 × 10^275 |
| 150 | ov_150 | 5.001998516331503 × 10^275 |
| 151 | ov_151 | 3.3933003942364834 × 10^275 |
| 152 | ov_152 | 2.2407058081719852 × 10^275 |
| 153 | ov_153 | 1.4247955526233966 × 10^275 |
| 154 | ov_154 | 8.393159262964769 × 10^274 |
| 155 | ov_155 | 4.34430852367677 × 10^274 |
| 156 | aaa_76_25 | 1.668844384957248 × 10^274 |
| 157 | aaa_76_26 | 9.632018092237474 × 10^273 |
| 158 | aaa_76_27 | 4.9274916690637357 × 10^273 |
| 159 | aaa_76_28 | 1.9169956948997976 × 10^273 |
| 160 | aaa_76_29 | 5.825163087147357 × 10^272 |

### Output Bits Sorted by Complexity

| Rank | Output Bit | Complexity |
|:----:|:----------:|:----------:|
| 160 | aaa_76_29 | 5.825163087147357 × 10^272 |
| 159 | aaa_76_28 | 1.9169956948997976 × 10^273 |
| 158 | aaa_76_27 | 4.9274916690637357 × 10^273 |
| 157 | aaa_76_26 | 9.632018092237474 × 10^273 |
| 156 | aaa_76_25 | 1.668844384957248 × 10^274 |
| 155 | ov_155 | 4.34430852367677 × 10^274 |
| 154 | ov_154 | 8.393159262964769 × 10^274 |
| 153 | ov_153 | 1.4247955526233966 × 10^275 |
| 152 | ov_152 | 2.2407058081719852 × 10^275 |
| 151 | ov_151 | 3.3933003942364834 × 10^275 |
| 150 | ov_150 | 5.001998516331503 × 10^275 |
| 149 | ov_149 | 7.199390710265913 × 10^275 |
| 148 | ov_148 | 1.0131247189041563 × 10^276 |
| 147 | ov_147 | 1.3956529617937858 × 10^276 |
| 146 | ov_146 | 1.8847408984234597 × 10^276 |
| 145 | ov_145 | 2.498929517841813 × 10^276 |
| 144 | ov_144 | 3.2580886411210605 × 10^276 |
| 143 | ov_143 | 4.183424799760155 × 10^276 |
| 142 | ov_142 | 5.297493103796754 × 10^276 |
| 141 | ov_141 | 6.624214252616466 × 10^276 |
| 140 | ov_140 | 8.188897941543048 × 10^276 |
| 139 | ov_139 | 1.0018274017542111 × 10^277 |
| 138 | ov_138 | 1.214053283783507 × 10^277 |
| 137 | ov_137 | 1.4585376386006025 × 10^277 |
| 136 | ov_136 | 1.7384081801468506 × 10^277 |
| 135 | ov_135 | 2.056957908021212 × 10^277 |
| 134 | ov_134 | 2.4176544807949346 × 10^277 |
| 133 | ov_133 | 2.8241513891612885 × 10^277 |
| 132 | ov_132 | 3.2803011362198673 × 10^277 |
| 131 | ov_131 | 3.790170643191201 × 10^277 |
| 130 | ov_130 | 3.7901733809656665 × 10^277 |
| 129 | ov_129 | 3.790184716723535 × 10^277 |
| 128 | aaa_77_29 | 4.12127813991848 × 10^277 |
| 127 | aaa_77_28 | 1.1000286472601543 × 10^278 |
| 126 | ov_126 | 3.446377341232797 × 10^278 |
| 125 | ov_125 | 7.745054446074773 × 10^278 |
| 124 | ov_124 | 1.4753056959238058 × 10^279 |
| 123 | ov_123 | 2.5227390246611858 × 10^279 |
| 122 | ov_122 | 3.9925091631425044 × 10^279 |
| 121 | ov_121 | 5.960329188176602 × 10^279 |
| 120 | ov_120 | 8.501933581260313 × 10^279 |
| 119 | ov_119 | 1.1693097704958197 × 10^280 |
| 118 | ov_118 | 1.5609666687245558 × 10^280 |
| 117 | ov_117 | 2.0327596345412878 × 10^280 |
| 116 | ov_116 | 2.5923008781166486 × 10^280 |
| 115 | ov_115 | 3.2472265278738566 × 10^280 |
| 114 | ov_114 | 4.0052064121774922 × 10^280 |
| 113 | ov_113 | 4.873957658714132 × 10^280 |
| 112 | ov_112 | 5.861263070769627 × 10^280 |
| 111 | ov_111 | 6.974994807286494 × 10^280 |
| 110 | ov_110 | 8.223143893927831 × 10^280 |
| 109 | ov_109 | 9.613856092871875 × 10^280 |
| 108 | ov_108 | 1.1155474659832307 × 10^281 |
| 107 | ov_107 | 1.2856590518064032 × 10^281 |
| 106 | ov_106 | 1.4726100381186129 × 10^281 |
| 105 | ov_105 | 1.677327335991061 × 10^281 |
| 104 | ov_104 | 1.9007826592628177 × 10^281 |
| 103 | ov_103 | 2.1440010446732144 × 10^281 |
| 102 | ov_102 | 2.4080703847059823 × 10^281 |
| 101 | ov_101 | 2.6941520300438738 × 10^281 |
| 100 | ov_100 | 3.003492520160666 × 10^281 |
| 99 | ov_099 | 3.337436502636857 × 10^281 |
| 98 | ov_098 | 3.337468357609643 × 10^281 |
| 97 | ov_097 | 3.337568137212496 × 10^281 |
| 96 | aaa_78_29 | 5.0531876587800104 × 10^281 |
| 95 | aaa_78_28 | 1.6453415533774892 × 10^282 |
| 94 | ov_094 | 5.328159739288728 × 10^282 |
| 93 | ov_093 | 1.243853508528197 × 10^283 |
| 92 | ov_092 | 2.4892585589426695 × 10^283 |
| 91 | ov_091 | 4.513253114427687 × 10^283 |
| 90 | ov_090 | 7.612689605394566 × 10^283 |
| 89 | ov_089 | 1.2137100505376644 × 10^284 |
| 88 | ov_088 | 1.8488799268978392 × 10^284 |
| 87 | ov_087 | 2.7525373337233324 × 10^284 |
| 86 | ov_086 | 4.021061915227668 × 10^284 |
| 85 | ov_085 | 5.761525670417735 × 10^284 |
| 84 | ov_084 | 8.091795170903453 × 10^284 |
| 83 | ov_083 | 1.1140670599801857 × 10^285 |
| 82 | ov_082 | 1.5048067671172246 × 10^285 |
| 81 | ov_081 | 1.9965248492184386 × 10^285 |
| 80 | ov_080 | 2.6055107434967848 × 10^285 |
| 64 | lv_79_m31 | 2.612413791853503 × 10^285 |
| 79 | ov_079 | 3.3492518092682117 × 10^285 |
| 78 | ov_078 | 4.246474740585232 × 10^285 |
| 77 | ov_077 | 5.3171943061764086 × 10^285 |
| 76 | ov_076 | 6.582770029349773 × 10^285 |
| 75 | ov_075 | 8.065971423855145 × 10^285 |
| 74 | ov_074 | 9.791052406331404 × 10^285 |
| 73 | ov_073 | 1.178383551228888 × 10^286 |
| 63 | ov_063 | 1.3417653052130393 × 10^286 |
| 72 | ov_072 | 1.407180655103974 × 10^286 |
| 71 | ov_071 | 1.6684220346078207 × 10^286 |
| 70 | ov_070 | 1.9652218221657649 × 10^286 |
| 69 | ov_069 | 2.300895791428532 × 10^286 |
| 68 | ov_068 | 2.6789756610172515 × 10^286 |
| 67 | ov_067 | 3.103224783699593 × 10^286 |
| 66 | ov_066 | 3.1032272158834443 × 10^286 |
| 65 | ov_065 | 3.103237153128409 × 10^286 |
| 62 | ov_062 | 6.889934346841738 × 10^286 |
| 61 | ov_061 | 2.513620950751715 × 10^287 |
| 60 | ov_060 | 7.201670209314145 × 10^287 |
| 59 | ov_059 | 1.7391583724664593 × 10^288 |
| 58 | ov_058 | 3.5320626250788314 × 10^288 |
| 57 | ov_057 | 6.385224098903683 × 10^288 |
| 56 | ov_056 | 1.064760771843 × 10^289 |
| 55 | ov_055 | 1.673080649727578 × 10^289 |
| 54 | ov_054 | 2.510905766748878 × 10^289 |
| 53 | ov_053 | 3.631927304740873 × 10^289 |
| 52 | ov_052 | 5.149800313127031 × 10^289 |
| 51 | ov_051 | 7.190733607246856 × 10^289 |
| 50 | ov_050 | 9.893510911934248 × 10^289 |
| 49 | ov_049 | 1.3409522112893921 × 10^290 |
| 48 | ov_048 | 1.7902808025914545 × 10^290 |
| 47 | ov_047 | 2.3550123777011502 × 10^290 |
| 32 | lv_80_m31 | 2.7970357226490208 × 10^290 |
| 46 | ov_046 | 3.0449462311898373 × 10^290 |
| 45 | ov_045 | 3.880330785004185 × 10^290 |
| 44 | ov_044 | 4.882723577023289 × 10^290 |
| 43 | ov_043 | 6.07501304730076 × 10^290 |
| 42 | ov_042 | 7.481446655389873 × 10^290 |
| 41 | ov_041 | 9.127666493986385 × 10^290 |
| 40 | ov_040 | 1.102757899346226 × 10^291 |
| 39 | ov_039 | 1.319585228952753 × 10^291 |
| 31 | ov_031 | 1.4348951407086843 × 10^291 |
| 38 | ov_038 | 1.566262044882521 × 10^291 |
| 37 | ov_037 | 1.8459656171717083 × 10^291 |
| 36 | ov_036 | 2.1620464687254726 × 10^291 |
| 35 | ov_035 | 2.5180394176530218 × 10^291 |
| 34 | ov_034 | 2.917676460693909 × 10^291 |
| 33 | ov_033 | 3.364901698221174 × 10^291 |
| 30 | ov_030 | 7.359896918717977 × 10^291 |
| 29 | ov_029 | 2.4085185995780407 × 10^292 |
| 28 | ov_028 | 6.253507818506039 × 10^292 |
| 27 | ov_027 | 1.3982181817067824 × 10^293 |
| 26 | ov_026 | 2.7969282080558686 × 10^293 |
| 25 | ov_025 | 5.12530750868419 × 10^293 |
| 24 | ov_024 | 8.75353827378795 × 10^293 |
| 23 | ov_023 | 1.4488349319565442 × 10^294 |
| 22 | ov_022 | 2.3269219726316433 × 10^294 |
| 21 | ov_021 | 3.6168443230477194 × 10^294 |
| 20 | ov_020 | 5.4391245807490433 × 10^294 |
| 19 | ov_019 | 7.927597787641935 × 10^294 |
| 18 | ov_018 | 1.1229440653959209 × 10^295 |
| 17 | ov_017 | 1.5505213828073025 × 10^295 |
| 16 | ov_016 | 2.0928920755622328 × 10^295 |
| 15 | ov_015 | 2.768808770965306 × 10^295 |
| 14 | ov_014 | 3.598387174859997 × 10^295 |
| 13 | ov_013 | 4.603120572290082 × 10^295 |
| 12 | ov_012 | 5.805899093060366 × 10^295 |
| 11 | ov_011 | 7.231034902981677 × 10^295 |
| 10 | ov_010 | 8.904294582646589 × 10^295 |
| 9 | ov_009 | 1.0852939965523096 × 10^296 |
| 8 | ov_008 | 1.310577862615315 × 10^296 |
| 7 | ov_007 | 1.569322531223689 × 10^296 |
| 6 | ov_006 | 1.8647375901678735 × 10^296 |
| 5 | ov_005 | 2.2002095662954894 × 10^296 |
| 4 | ov_004 | 2.5793123704898203 × 10^296 |
| 3 | ov_003 | 3.0058195480559877 × 10^296 |
| 2 | ov_002 | 3.483718492078543 × 10^296 |
| 1 | ov_001 | 4.017226761253084 × 10^296 |

