# Results for F001-F002-F003-F004-F005-F006-F007-F008-F009-F010-F011-F012-F013-F014-F015-F016-F017-F018-F019-F020-F021-F022-F023-F024-F025-F026-F027-F028-F029-F030-F031-F032-F033-F034-F035-F036-F037-F038-F039-F040-F041-F042-F043-F044-F045-F046-F047-F048-F049-F050-F051-F052-F053-F054-F055-F056-F057-F058-F059-F060-F061-F062-F063-F064-F065-F066-F067-F068-F069-F070-F071-F072-F073-F074-F075-F076-F077-F078-F079-F080-F081-F082-F083-F084-F085-F086-F087-F088-F089-F090-F091-F092-F093-F094-F095-F096-F097-F098-F099-F100-F101-F102-F103-F104-F105-F106-F107-F108-F109-F110-F111-F112-F113-F114-F115-F116-F117-F118-F119-F120-F121-F122-F123-F124-F125-F126-F127-F128-F129-F130-F131-F132-F133-F134-F135-F136-F137-F138-F139-F140-F141-F142-F143-F144-F145-F146-F147-F148-F149-F150-F151-F152-F153-F154-F155-F156-F157-F158-F159-F160-F161-F162-F163-F164-F165-F166-F167-F168-F169-F170-F171-F172-F173-F174-F175-F176-F177-F178-F179-F180-F181-F182-F183-F184-F185-F186-F187-F188-F189-F190-F191-F192-F193-F194-F195-F196-F197-F198-F199-F200-F201-F202-F203-F204-F205-F206-F207-F208-F209-F210-F211-F212-F213-F214-F215-F216-F217-F218-F219-F220-F221-F222-F223-F224-F225-F226-F227-F228-F229-F230-F231-F232-F233-F234-F235-F236-F237-F238-F239-F240-F241-F242-F243-F244-F245-F246-F247-F248-F249-F250-F251-F252-F253-F254-F255-F256-F257-F258-F259-F260-F261-F262-F263-F264-F265-F266-F267-F268-F269-F270-F271-F272-F273-F274-F275-F276-F277-F278-F279-F280-F281-F282-F283-F284-F285-F286-F287-F288-F289-F290-F291-F292-F293-F294-F295-F296-F297-F298-F299-F300-F301-F302-F303-F304-F305-F306-F307-F308-F309-F310-F311-F312-F313-F314-F315-F316-F317-F318-F319-F320-F321-F322-F323-F324-F325-F326-F327-F328-F329-F330-F331-F332-F333-F334-F335-F336-F337-F338-F339-F340-F341-F342-F343-F344-F345-F346-F347-F348-F349-F350-F351-F352-F353-F354-F355-F356-F357-F358-F359-F360-F361-F362-F363-F364-F365-F366-F367-F368-F369-F370-F371-F372-F373-F374-F375-F376-F377-F378-F379-F380-F381-F382-F383-F384-F385-F386-F387-F388-F389-F390-F391-F392-F393-F394-F395-F396-F397-F398-F399-F400-F401-F402-F403-F404-F405-F406-F407-F408-F409-F410-F411-F412-F413-F414-F415-F416-F417-F418-F419-F420-F421-F422-F423-F424-F425-F426-F427-F428-F429-F430-F431-F432-F433-F434-F435-F436-F437-F438-F439-F440-F441-F442-F443-F444-F445-F446-F447-F448-F449-F450-F451-F452-F453-F454-F455-F456-F457-F458-F459-F460-F461-F462-F463-F464-F465-F466-F467-F468-F469-F470-F471-F472-F473-F474-F475-F476-F477-F478-F479-F480-F481-F482-F483-F484-F485-F486-F487-F488-F489-F490-F491-F492-F493-F494-F495-F496-F497-F498-F499-F500-O506508-F512

## Summary

Number of input bits: 512  
Number of free input bits: 10  
Number of output bits: 160

Number of direct occurrences: 42062  
Number of assignments: 31472  
Number of operations: 11628189
(xor: 11598051,
and: 16872,
or: 13266)

Total complexity: 7.772704097505973 × 10^306

Least occurring input variable: iv_504 (4033)  
Most occurring input variable: iv_510 (4296)

Most co-occurring input variables: iv_501-iv_507 (2139)  
Least co-occurring input variables: iv_502-iv_511 (1862)

Potentially most occurring input variable: iv_501/iv_510 (4604)  
Potentially least occurring input variable: iv_502/iv_505 (4211)

Least output occurring input variable: iv_501 (73)  
Most output occurring input variable: iv_510 (88)

Most output co-occurring input variables: iv_503-iv_507 (52)  
Least output co-occurring input variables: iv_501-iv_504 (32)

Potentially most output occurring input variable: iv_502/iv_506 (93)  
Potentially least output occurring input variable: iv_503/iv_504 (64)

Least complex input bit: iv_511 (2.1350597163587867 × 10^303)  
Most complex input bit: iv_510 (2.1285720965438428 × 10^306)

Least complex output bit: aaa_76_29 (2.0374671057296827 × 10^281)  
Most complex output bit: ov_001 (1.2377577479688315 × 10^306)

Least complex input/output complexity: iv_511/aaa_76_29 (5.596654505663472 × 10^277)  
Most complex input/output complexity: iv_510/ov_001 (3.389626790826609 × 10^305)

## Input Bits

### Input Bits in Regular Order

| Input Bit | Complexity | Occurrences | Output Occurrences |
|:---------:|:----------:|:-----------:|:------------------:|
| iv_501 | 7.135710656653725 × 10^304 | 4246 | 73 |
| iv_502 | 1.3045388384324376 × 10^305 | 4065 | 84 |
| iv_503 | 2.2216252219382862 × 10^305 | 4272 | 87 |
| iv_504 | 3.6089888308745073 × 10^305 | 4033 | 73 |
| iv_505 | 5.662164819480957 × 10^305 | 4164 | 73 |
| iv_506 | 1.5792559860057661 × 10^306 | 4295 | 75 |
| iv_507 | 7.214163437600449 × 10^305 | 4282 | 85 |
| iv_509 | 1.9902357338408045 × 10^306 | 4263 | 84 |
| iv_510 | 2.1285720965438428 × 10^306 | 4296 | 88 |
| iv_511 | 2.1350597163587867 × 10^303 | 4146 | 75 |

### Input Bits Sorted by Complexity

| Input Bit | Complexity | Occurrences | Output Occurrences |
|:---------:|:----------:|:-----------:|:------------------:|
| iv_511 | 2.1350597163587867 × 10^303 | 4146 | 75 |
| iv_501 | 7.135710656653725 × 10^304 | 4246 | 73 |
| iv_502 | 1.3045388384324376 × 10^305 | 4065 | 84 |
| iv_503 | 2.2216252219382862 × 10^305 | 4272 | 87 |
| iv_504 | 3.6089888308745073 × 10^305 | 4033 | 73 |
| iv_505 | 5.662164819480957 × 10^305 | 4164 | 73 |
| iv_507 | 7.214163437600449 × 10^305 | 4282 | 85 |
| iv_506 | 1.5792559860057661 × 10^306 | 4295 | 75 |
| iv_509 | 1.9902357338408045 × 10^306 | 4263 | 84 |
| iv_510 | 2.1285720965438428 × 10^306 | 4296 | 88 |

### Input Bits Sorted by Occurrences

| Input Bit | Complexity | Occurrences | Output Occurrences |
|:---------:|:----------:|:-----------:|:------------------:|
| iv_504 | 3.6089888308745073 × 10^305 | 4033 | 73 |
| iv_502 | 1.3045388384324376 × 10^305 | 4065 | 84 |
| iv_511 | 2.1350597163587867 × 10^303 | 4146 | 75 |
| iv_505 | 5.662164819480957 × 10^305 | 4164 | 73 |
| iv_501 | 7.135710656653725 × 10^304 | 4246 | 73 |
| iv_509 | 1.9902357338408045 × 10^306 | 4263 | 84 |
| iv_503 | 2.2216252219382862 × 10^305 | 4272 | 87 |
| iv_507 | 7.214163437600449 × 10^305 | 4282 | 85 |
| iv_506 | 1.5792559860057661 × 10^306 | 4295 | 75 |
| iv_510 | 2.1285720965438428 × 10^306 | 4296 | 88 |

### Input Bits Sorted by Output Occurrences

| Input Bit | Complexity | Occurrences | Output Occurrences |
|:---------:|:----------:|:-----------:|:------------------:|
| iv_501 | 7.135710656653725 × 10^304 | 4246 | 73 |
| iv_505 | 5.662164819480957 × 10^305 | 4164 | 73 |
| iv_504 | 3.6089888308745073 × 10^305 | 4033 | 73 |
| iv_511 | 2.1350597163587867 × 10^303 | 4146 | 75 |
| iv_506 | 1.5792559860057661 × 10^306 | 4295 | 75 |
| iv_502 | 1.3045388384324376 × 10^305 | 4065 | 84 |
| iv_509 | 1.9902357338408045 × 10^306 | 4263 | 84 |
| iv_507 | 7.214163437600449 × 10^305 | 4282 | 85 |
| iv_503 | 2.2216252219382862 × 10^305 | 4272 | 87 |
| iv_510 | 2.1285720965438428 × 10^306 | 4296 | 88 |

## Input Bit Co-occurrences

### Input Bit Co-occurrences Sorted by Co-occurrences

| Input Bits | Co-occurrences | Potential Occurrences | Output Co-occurrences | Potential Output Occurrences |
|:----------:|:--------------:|:---------------------:|:---------------------:|:----------------------------:|
| iv_501-iv_507 | 2139 | 4250 | 44 | 70 |
| iv_509-iv_510 | 2129 | 4301 | 50 | 72 |
| iv_503-iv_507 | 2108 | 4338 | 52 | 68 |
| iv_501-iv_503 | 2076 | 4366 | 39 | 82 |
| iv_501-iv_511 | 2072 | 4248 | 40 | 68 |
| iv_507-iv_509 | 2071 | 4403 | 44 | 81 |
| iv_503-iv_509 | 2071 | 4393 | 48 | 75 |
| iv_506-iv_510 | 2069 | 4453 | 37 | 89 |
| iv_505-iv_510 | 2065 | 4330 | 38 | 85 |
| iv_503-iv_506 | 2059 | 4449 | 41 | 80 |

### Input Bit Co-occurrences Sorted by Potential Occurrences

| Input Bits | Co-occurrences | Potential Occurrences | Output Co-occurrences | Potential Output Occurrences |
|:----------:|:--------------:|:---------------------:|:---------------------:|:----------------------------:|
| iv_502-iv_505 | 2009 | 4211 | 37 | 83 |
| iv_502-iv_503 | 2051 | 4235 | 48 | 75 |
| iv_504-iv_505 | 1975 | 4247 | 36 | 74 |
| iv_501-iv_511 | 2072 | 4248 | 40 | 68 |
| iv_501-iv_507 | 2139 | 4250 | 44 | 70 |
| iv_503-iv_504 | 2017 | 4271 | 48 | 64 |
| iv_509-iv_510 | 2129 | 4301 | 50 | 72 |
| iv_504-iv_507 | 2001 | 4313 | 43 | 72 |
| iv_502-iv_504 | 1888 | 4322 | 37 | 83 |
| iv_505-iv_510 | 2065 | 4330 | 38 | 85 |

### Input Bit Output Co-occurrences Sorted by Output Co-occurrences

| Input Bits | Co-occurrences | Potential Occurrences | Output Co-occurrences | Potential Output Occurrences |
|:----------:|:--------------:|:---------------------:|:---------------------:|:----------------------------:|
| iv_503-iv_507 | 2108 | 4338 | 52 | 68 |
| iv_503-iv_510 | 2029 | 4510 | 51 | 73 |
| iv_507-iv_510 | 2014 | 4550 | 51 | 71 |
| iv_509-iv_510 | 2129 | 4301 | 50 | 72 |
| iv_502-iv_510 | 1971 | 4419 | 49 | 74 |
| iv_502-iv_503 | 2051 | 4235 | 48 | 75 |
| iv_503-iv_504 | 2017 | 4271 | 48 | 64 |
| iv_503-iv_509 | 2071 | 4393 | 48 | 75 |
| iv_502-iv_507 | 2000 | 4347 | 47 | 75 |
| iv_502-iv_509 | 1957 | 4414 | 45 | 78 |

### Input Bit Output Co-occurrences Sorted by Potential Output Occurrences

| Input Bits | Co-occurrences | Potential Occurrences | Output Co-occurrences | Potential Output Occurrences |
|:----------:|:--------------:|:---------------------:|:---------------------:|:----------------------------:|
| iv_503-iv_504 | 2017 | 4271 | 48 | 64 |
| iv_503-iv_507 | 2108 | 4338 | 52 | 68 |
| iv_501-iv_511 | 2072 | 4248 | 40 | 68 |
| iv_501-iv_507 | 2139 | 4250 | 44 | 70 |
| iv_507-iv_510 | 2014 | 4550 | 51 | 71 |
| iv_505-iv_507 | 2025 | 4396 | 43 | 72 |
| iv_506-iv_507 | 2029 | 4519 | 44 | 72 |
| iv_506-iv_511 | 1967 | 4507 | 39 | 72 |
| iv_509-iv_510 | 2129 | 4301 | 50 | 72 |
| iv_504-iv_507 | 2001 | 4313 | 43 | 72 |

## Output Bits

### Output Bits in Regular Order

| Rank | Output Bit | Complexity |
|:----:|:----------:|:----------:|
| 1 | ov_001 | 1.2377577479688315 × 10^306 |
| 2 | ov_002 | 1.0749528293037759 × 10^306 |
| 3 | ov_003 | 9.284512744863257 × 10^305 |
| 4 | ov_004 | 7.9759398409843785 × 10^305 |
| 5 | ov_005 | 6.811701610840879 × 10^305 |
| 6 | ov_006 | 5.7803477270346505 × 10^305 |
| 7 | ov_007 | 4.871042144507862 × 10^305 |
| 8 | ov_008 | 4.073525299011182 × 10^305 |
| 9 | ov_009 | 3.378081289180617 × 10^305 |
| 10 | ov_010 | 2.775509599445659 × 10^305 |
| 11 | ov_011 | 2.2571010472051557 × 10^305 |
| 12 | ov_012 | 1.8146176610252293 × 10^305 |
| 13 | ov_013 | 1.4402761286798897 × 10^305 |
| 14 | ov_014 | 1.1267343912108478 × 10^305 |
| 15 | ov_015 | 8.670809585946255 × 10^304 |
| 16 | ov_016 | 6.548265520319812 × 10^304 |
| 17 | ov_017 | 4.8389770715171024 × 10^304 |
| 18 | ov_018 | 3.486320016025274 × 10^304 |
| 19 | ov_019 | 2.437745996313711 × 10^304 |
| 20 | ov_020 | 1.6447583533863286 × 10^304 |
| 21 | ov_021 | 1.0628958537469776 × 10^304 |
| 22 | ov_022 | 6.517221090539397 × 10^303 |
| 23 | ov_023 | 3.748188604379264 × 10^303 |
| 24 | ov_024 | 1.997818212239806 × 10^303 |
| 25 | ov_025 | 9.82182390759945 × 10^302 |
| 26 | ov_026 | 4.574558512331674 × 10^302 |
| 27 | ov_027 | 2.199092165708253 × 10^302 |
| 28 | ov_028 | 1.0590636801883033 × 10^302 |
| 29 | ov_029 | 4.3652381552150394 × 10^301 |
| 30 | ov_030 | 1.444912280987498 × 10^301 |
| 31 | ov_031 | 3.500621389116413 × 10^300 |
| 32 | lv_80_k31 | 8.478785252312804 × 10^299 |
| 33 | ov_033 | 1.032001880592045 × 10^301 |
| 34 | ov_034 | 8.972138079150358 × 10^300 |
| 35 | ov_035 | 7.765743228815346 × 10^300 |
| 36 | ov_036 | 6.689442027121084 × 10^300 |
| 37 | ov_037 | 5.732456213870503 × 10^300 |
| 38 | ov_038 | 4.884577688578265 × 10^300 |
| 39 | ov_039 | 4.136130654878669 × 10^300 |
| 40 | ov_040 | 3.4779391598831005 × 10^300 |
| 41 | ov_041 | 2.9012994989105593 × 10^300 |
| 42 | ov_042 | 2.3979569832843156 × 10^300 |
| 43 | ov_043 | 1.9600865957801493 × 10^300 |
| 44 | ov_044 | 1.5802770849092503 × 10^300 |
| 45 | ov_045 | 1.2549244794616074 × 10^300 |
| 46 | ov_046 | 9.806223755516222 × 10^299 |
| 47 | ov_047 | 7.54157409090579 × 10^299 |
| 48 | ov_048 | 5.696688730585007 × 10^299 |
| 49 | ov_049 | 4.216680060702681 × 10^299 |
| 50 | ov_050 | 3.0503475807050543 × 10^299 |
| 51 | ov_051 | 2.1501558189301705 × 10^299 |
| 52 | ov_052 | 1.4722200864453179 × 10^299 |
| 53 | ov_053 | 9.762979034354023 × 10^298 |
| 54 | ov_054 | 6.257841868893411 × 10^298 |
| 55 | ov_055 | 3.8770861438260236 × 10^298 |
| 56 | ov_056 | 2.3273408832951941 × 10^298 |
| 57 | ov_057 | 1.351557829214443 × 10^298 |
| 58 | ov_058 | 7.290057604609011 × 10^297 |
| 59 | ov_059 | 3.583978172325877 × 10^297 |
| 60 | ov_060 | 1.5660365118018902 × 10^297 |
| 61 | ov_061 | 5.864902515544006 × 10^296 |
| 62 | ov_062 | 1.7715687167044626 × 10^296 |
| 63 | ov_063 | 3.918197396174605 × 10^295 |
| 64 | lv_79_m31 | 7.63337187976227 × 10^294 |
| 65 | ov_065 | 8.998156645044074 × 10^295 |
| 66 | ov_066 | 8.998137251189056 × 10^295 |
| 67 | ov_067 | 8.998131153385711 × 10^295 |
| 68 | ov_068 | 7.774989858052745 × 10^295 |
| 69 | ov_069 | 6.680687597479592 × 10^295 |
| 70 | ov_070 | 5.705661573568433 × 10^295 |
| 71 | ov_071 | 4.840812929805752 × 10^295 |
| 72 | ov_072 | 4.077475741652678 × 10^295 |
| 73 | ov_073 | 3.40739180151748 × 10^295 |
| 74 | ov_074 | 2.8226904314031076 × 10^295 |
| 75 | ov_075 | 2.3158725963004722 × 10^295 |
| 76 | ov_076 | 1.8797986298913703 × 10^295 |
| 77 | ov_077 | 1.5076789214131507 × 10^295 |
| 78 | ov_078 | 1.193066948863723 × 10^295 |
| 79 | ov_079 | 9.298540792991517 × 10^294 |
| 80 | ov_080 | 7.122655919741273 × 10^294 |
| 81 | ov_081 | 5.3485746768903906 × 10^294 |
| 82 | ov_082 | 3.925136768690525 × 10^294 |
| 83 | ov_083 | 2.8044387516489312 × 10^294 |
| 84 | ov_084 | 1.9418147273739598 × 10^294 |
| 85 | ov_085 | 1.2958204343731265 × 10^294 |
| 86 | ov_086 | 8.282204011982765 × 10^293 |
| 87 | ov_087 | 5.039778234960898 × 10^293 |
| 88 | ov_088 | 2.9124682762382203 × 10^293 |
| 89 | ov_089 | 1.6136678355363324 × 10^293 |
| 90 | ov_090 | 8.885832982662316 × 10^292 |
| 91 | ov_091 | 5.142077333911445 × 10^292 |
| 92 | ov_092 | 2.993052959944359 × 10^292 |
| 93 | ov_093 | 1.5619943216485143 × 10^292 |
| 94 | ov_094 | 6.901128659414638 × 10^291 |
| 95 | aaa_78_28 | 2.1862361638271246 × 10^291 |
| 96 | aaa_78_29 | 8.099841671596588 × 10^290 |
| 97 | ov_097 | 6.806266147300926 × 10^290 |
| 98 | ov_098 | 6.806210724062107 × 10^290 |
| 99 | ov_099 | 6.806193037474708 × 10^290 |
| 100 | ov_100 | 5.6804435751979125 × 10^290 |
| 101 | ov_101 | 4.7033462905439995 × 10^290 |
| 102 | ov_102 | 3.86131079040547 × 10^290 |
| 103 | ov_103 | 3.141485958445291 × 10^290 |
| 104 | ov_104 | 2.5317056236251574 × 10^290 |
| 105 | ov_105 | 2.0204414568968585 × 10^290 |
| 106 | ov_106 | 1.5967624276625713 × 10^290 |
| 107 | ov_107 | 1.2503001871058451 × 10^290 |
| 108 | ov_108 | 9.71219779562346 × 10^289 |
| 109 | ov_109 | 7.501951159882139 × 10^289 |
| 110 | ov_110 | 5.783886755153081 × 10^289 |
| 111 | ov_111 | 4.474349322523683 × 10^289 |
| 112 | ov_112 | 3.4942703506984847 × 10^289 |
| 113 | ov_113 | 2.769062982367878 × 10^289 |
| 114 | ov_114 | 2.228540905780316 × 10^289 |
| 115 | ov_115 | 1.806857403852032 × 10^289 |
| 116 | ov_116 | 1.4424610272043863 × 10^289 |
| 117 | ov_117 | 1.1311079601382095 × 10^289 |
| 118 | ov_118 | 8.685671162183525 × 10^288 |
| 119 | ov_119 | 6.506147233195686 × 10^288 |
| 120 | ov_120 | 4.730309810518968 × 10^288 |
| 121 | ov_121 | 3.315983309387735 × 10^288 |
| 122 | ov_122 | 2.2210061691655034 × 10^288 |
| 123 | ov_123 | 1.4032255958607762 × 10^288 |
| 124 | ov_124 | 8.204937393735063 × 10^287 |
| 125 | ov_125 | 4.306651878147939 × 10^287 |
| 126 | ov_126 | 1.9159552824994636 × 10^287 |
| 127 | aaa_77_28 | 6.11406665267894 × 10^286 |
| 128 | aaa_77_29 | 2.289909073261621 × 10^286 |
| 129 | ov_129 | 2.0864518993547083 × 10^286 |
| 130 | ov_130 | 2.086446948455454 × 10^286 |
| 131 | ov_131 | 2.0864453605488927 × 10^286 |
| 132 | ov_132 | 1.802104344538117 × 10^286 |
| 133 | ov_133 | 1.5479896447066617 × 10^286 |
| 134 | ov_134 | 1.3217790165126163 × 10^286 |
| 135 | ov_135 | 1.1212783763535603 × 10^286 |
| 136 | ov_136 | 9.444125023488224 × 10^285 |
| 137 | ov_137 | 7.892169602403667 × 10^285 |
| 138 | ov_138 | 6.538311447845431 × 10^285 |
| 139 | ov_139 | 5.364923253925029 × 10^285 |
| 140 | ov_140 | 4.355305906813016 × 10^285 |
| 141 | ov_141 | 3.493645923401682 × 10^285 |
| 142 | ov_142 | 2.7649799433294366 × 10^285 |
| 143 | ov_143 | 2.1551654382792733 × 10^285 |
| 144 | ov_144 | 1.650856953953126 × 10^285 |
| 145 | ov_145 | 1.2394872541213395 × 10^285 |
| 146 | ov_146 | 9.09252692812231 × 10^284 |
| 147 | ov_147 | 6.491021456452534 × 10^284 |
| 148 | ov_148 | 4.4872888460837 × 10^284 |
| 149 | ov_149 | 2.9856483379724886 × 10^284 |
| 150 | ov_150 | 1.8977669680319533 × 10^284 |
| 151 | ov_151 | 1.1426349957625348 × 10^284 |
| 152 | ov_152 | 6.465514571007719 × 10^283 |
| 153 | ov_153 | 3.431163420309477 × 10^283 |
| 154 | ov_154 | 1.7322654766766578 × 10^283 |
| 155 | ov_155 | 8.50736898918397 × 10^282 |
| 156 | aaa_76_25 | 3.414291002680147 × 10^282 |
| 157 | aaa_76_26 | 2.1001244540581178 × 10^282 |
| 158 | aaa_76_27 | 1.1505763722361325 × 10^282 |
| 159 | aaa_76_28 | 5.416858854361845 × 10^281 |
| 160 | aaa_76_29 | 2.0374671057296827 × 10^281 |

### Output Bits Sorted by Complexity

| Rank | Output Bit | Complexity |
|:----:|:----------:|:----------:|
| 160 | aaa_76_29 | 2.0374671057296827 × 10^281 |
| 159 | aaa_76_28 | 5.416858854361845 × 10^281 |
| 158 | aaa_76_27 | 1.1505763722361325 × 10^282 |
| 157 | aaa_76_26 | 2.1001244540581178 × 10^282 |
| 156 | aaa_76_25 | 3.414291002680147 × 10^282 |
| 155 | ov_155 | 8.50736898918397 × 10^282 |
| 154 | ov_154 | 1.7322654766766578 × 10^283 |
| 153 | ov_153 | 3.431163420309477 × 10^283 |
| 152 | ov_152 | 6.465514571007719 × 10^283 |
| 151 | ov_151 | 1.1426349957625348 × 10^284 |
| 150 | ov_150 | 1.8977669680319533 × 10^284 |
| 149 | ov_149 | 2.9856483379724886 × 10^284 |
| 148 | ov_148 | 4.4872888460837 × 10^284 |
| 147 | ov_147 | 6.491021456452534 × 10^284 |
| 146 | ov_146 | 9.09252692812231 × 10^284 |
| 145 | ov_145 | 1.2394872541213395 × 10^285 |
| 144 | ov_144 | 1.650856953953126 × 10^285 |
| 143 | ov_143 | 2.1551654382792733 × 10^285 |
| 142 | ov_142 | 2.7649799433294366 × 10^285 |
| 141 | ov_141 | 3.493645923401682 × 10^285 |
| 140 | ov_140 | 4.355305906813016 × 10^285 |
| 139 | ov_139 | 5.364923253925029 × 10^285 |
| 138 | ov_138 | 6.538311447845431 × 10^285 |
| 137 | ov_137 | 7.892169602403667 × 10^285 |
| 136 | ov_136 | 9.444125023488224 × 10^285 |
| 135 | ov_135 | 1.1212783763535603 × 10^286 |
| 134 | ov_134 | 1.3217790165126163 × 10^286 |
| 133 | ov_133 | 1.5479896447066617 × 10^286 |
| 132 | ov_132 | 1.802104344538117 × 10^286 |
| 131 | ov_131 | 2.0864453605488927 × 10^286 |
| 130 | ov_130 | 2.086446948455454 × 10^286 |
| 129 | ov_129 | 2.0864518993547083 × 10^286 |
| 128 | aaa_77_29 | 2.289909073261621 × 10^286 |
| 127 | aaa_77_28 | 6.11406665267894 × 10^286 |
| 126 | ov_126 | 1.9159552824994636 × 10^287 |
| 125 | ov_125 | 4.306651878147939 × 10^287 |
| 124 | ov_124 | 8.204937393735063 × 10^287 |
| 123 | ov_123 | 1.4032255958607762 × 10^288 |
| 122 | ov_122 | 2.2210061691655034 × 10^288 |
| 121 | ov_121 | 3.315983309387735 × 10^288 |
| 120 | ov_120 | 4.730309810518968 × 10^288 |
| 119 | ov_119 | 6.506147233195686 × 10^288 |
| 118 | ov_118 | 8.685671162183525 × 10^288 |
| 117 | ov_117 | 1.1311079601382095 × 10^289 |
| 116 | ov_116 | 1.4424610272043863 × 10^289 |
| 115 | ov_115 | 1.806857403852032 × 10^289 |
| 114 | ov_114 | 2.228540905780316 × 10^289 |
| 113 | ov_113 | 2.769062982367878 × 10^289 |
| 112 | ov_112 | 3.4942703506984847 × 10^289 |
| 111 | ov_111 | 4.474349322523683 × 10^289 |
| 110 | ov_110 | 5.783886755153081 × 10^289 |
| 109 | ov_109 | 7.501951159882139 × 10^289 |
| 108 | ov_108 | 9.71219779562346 × 10^289 |
| 107 | ov_107 | 1.2503001871058451 × 10^290 |
| 106 | ov_106 | 1.5967624276625713 × 10^290 |
| 105 | ov_105 | 2.0204414568968585 × 10^290 |
| 104 | ov_104 | 2.5317056236251574 × 10^290 |
| 103 | ov_103 | 3.141485958445291 × 10^290 |
| 102 | ov_102 | 3.86131079040547 × 10^290 |
| 101 | ov_101 | 4.7033462905439995 × 10^290 |
| 100 | ov_100 | 5.6804435751979125 × 10^290 |
| 99 | ov_099 | 6.806193037474708 × 10^290 |
| 98 | ov_098 | 6.806210724062107 × 10^290 |
| 97 | ov_097 | 6.806266147300926 × 10^290 |
| 96 | aaa_78_29 | 8.099841671596588 × 10^290 |
| 95 | aaa_78_28 | 2.1862361638271246 × 10^291 |
| 94 | ov_094 | 6.901128659414638 × 10^291 |
| 93 | ov_093 | 1.5619943216485143 × 10^292 |
| 92 | ov_092 | 2.993052959944359 × 10^292 |
| 91 | ov_091 | 5.142077333911445 × 10^292 |
| 90 | ov_090 | 8.885832982662316 × 10^292 |
| 89 | ov_089 | 1.6136678355363324 × 10^293 |
| 88 | ov_088 | 2.9124682762382203 × 10^293 |
| 87 | ov_087 | 5.039778234960898 × 10^293 |
| 86 | ov_086 | 8.282204011982765 × 10^293 |
| 85 | ov_085 | 1.2958204343731265 × 10^294 |
| 84 | ov_084 | 1.9418147273739598 × 10^294 |
| 83 | ov_083 | 2.8044387516489312 × 10^294 |
| 82 | ov_082 | 3.925136768690525 × 10^294 |
| 81 | ov_081 | 5.3485746768903906 × 10^294 |
| 80 | ov_080 | 7.122655919741273 × 10^294 |
| 64 | lv_79_m31 | 7.63337187976227 × 10^294 |
| 79 | ov_079 | 9.298540792991517 × 10^294 |
| 78 | ov_078 | 1.193066948863723 × 10^295 |
| 77 | ov_077 | 1.5076789214131507 × 10^295 |
| 76 | ov_076 | 1.8797986298913703 × 10^295 |
| 75 | ov_075 | 2.3158725963004722 × 10^295 |
| 74 | ov_074 | 2.8226904314031076 × 10^295 |
| 73 | ov_073 | 3.40739180151748 × 10^295 |
| 63 | ov_063 | 3.918197396174605 × 10^295 |
| 72 | ov_072 | 4.077475741652678 × 10^295 |
| 71 | ov_071 | 4.840812929805752 × 10^295 |
| 70 | ov_070 | 5.705661573568433 × 10^295 |
| 69 | ov_069 | 6.680687597479592 × 10^295 |
| 68 | ov_068 | 7.774989858052745 × 10^295 |
| 67 | ov_067 | 8.998131153385711 × 10^295 |
| 66 | ov_066 | 8.998137251189056 × 10^295 |
| 65 | ov_065 | 8.998156645044074 × 10^295 |
| 62 | ov_062 | 1.7715687167044626 × 10^296 |
| 61 | ov_061 | 5.864902515544006 × 10^296 |
| 60 | ov_060 | 1.5660365118018902 × 10^297 |
| 59 | ov_059 | 3.583978172325877 × 10^297 |
| 58 | ov_058 | 7.290057604609011 × 10^297 |
| 57 | ov_057 | 1.351557829214443 × 10^298 |
| 56 | ov_056 | 2.3273408832951941 × 10^298 |
| 55 | ov_055 | 3.8770861438260236 × 10^298 |
| 54 | ov_054 | 6.257841868893411 × 10^298 |
| 53 | ov_053 | 9.762979034354023 × 10^298 |
| 52 | ov_052 | 1.4722200864453179 × 10^299 |
| 51 | ov_051 | 2.1501558189301705 × 10^299 |
| 50 | ov_050 | 3.0503475807050543 × 10^299 |
| 49 | ov_049 | 4.216680060702681 × 10^299 |
| 48 | ov_048 | 5.696688730585007 × 10^299 |
| 47 | ov_047 | 7.54157409090579 × 10^299 |
| 32 | lv_80_k31 | 8.478785252312804 × 10^299 |
| 46 | ov_046 | 9.806223755516222 × 10^299 |
| 45 | ov_045 | 1.2549244794616074 × 10^300 |
| 44 | ov_044 | 1.5802770849092503 × 10^300 |
| 43 | ov_043 | 1.9600865957801493 × 10^300 |
| 42 | ov_042 | 2.3979569832843156 × 10^300 |
| 41 | ov_041 | 2.9012994989105593 × 10^300 |
| 40 | ov_040 | 3.4779391598831005 × 10^300 |
| 31 | ov_031 | 3.500621389116413 × 10^300 |
| 39 | ov_039 | 4.136130654878669 × 10^300 |
| 38 | ov_038 | 4.884577688578265 × 10^300 |
| 37 | ov_037 | 5.732456213870503 × 10^300 |
| 36 | ov_036 | 6.689442027121084 × 10^300 |
| 35 | ov_035 | 7.765743228815346 × 10^300 |
| 34 | ov_034 | 8.972138079150358 × 10^300 |
| 33 | ov_033 | 1.032001880592045 × 10^301 |
| 30 | ov_030 | 1.444912280987498 × 10^301 |
| 29 | ov_029 | 4.3652381552150394 × 10^301 |
| 28 | ov_028 | 1.0590636801883033 × 10^302 |
| 27 | ov_027 | 2.199092165708253 × 10^302 |
| 26 | ov_026 | 4.574558512331674 × 10^302 |
| 25 | ov_025 | 9.82182390759945 × 10^302 |
| 24 | ov_024 | 1.997818212239806 × 10^303 |
| 23 | ov_023 | 3.748188604379264 × 10^303 |
| 22 | ov_022 | 6.517221090539397 × 10^303 |
| 21 | ov_021 | 1.0628958537469776 × 10^304 |
| 20 | ov_020 | 1.6447583533863286 × 10^304 |
| 19 | ov_019 | 2.437745996313711 × 10^304 |
| 18 | ov_018 | 3.486320016025274 × 10^304 |
| 17 | ov_017 | 4.8389770715171024 × 10^304 |
| 16 | ov_016 | 6.548265520319812 × 10^304 |
| 15 | ov_015 | 8.670809585946255 × 10^304 |
| 14 | ov_014 | 1.1267343912108478 × 10^305 |
| 13 | ov_013 | 1.4402761286798897 × 10^305 |
| 12 | ov_012 | 1.8146176610252293 × 10^305 |
| 11 | ov_011 | 2.2571010472051557 × 10^305 |
| 10 | ov_010 | 2.775509599445659 × 10^305 |
| 9 | ov_009 | 3.378081289180617 × 10^305 |
| 8 | ov_008 | 4.073525299011182 × 10^305 |
| 7 | ov_007 | 4.871042144507862 × 10^305 |
| 6 | ov_006 | 5.7803477270346505 × 10^305 |
| 5 | ov_005 | 6.811701610840879 × 10^305 |
| 4 | ov_004 | 7.9759398409843785 × 10^305 |
| 3 | ov_003 | 9.284512744863257 × 10^305 |
| 2 | ov_002 | 1.0749528293037759 × 10^306 |
| 1 | ov_001 | 1.2377577479688315 × 10^306 |

