# Results for F001-F002-F003-F004-F005-F006-F007-F008-F009-F010-F011-F012-F013-F014-F015-F016-F017-F018-F019-F020-F021-F022-F023-F024-F025-F026-F027-F028-F029-F030-F031-F032-F033-F034-F035-F036-F037-F038-F039-F040-F041-F042-F043-F044-F045-F046-F047-F048-F049-F050-F051-F052-F053-F054-F055-F056-F057-F058-F059-F060-F061-F062-F063-F064-F065-F066-F067-F068-F069-F070-F071-F072-F073-F074-F075-F076-F077-F078-F079-F080-F081-F082-F083-F084-F085-F086-F087-F088-F089-F090-F091-F092-F093-F094-F095-F096-F097-F098-F099-F100-F101-F102-F103-F104-F105-F106-F107-F108-F109-F110-F111-F112-F113-F114-F115-F116-F117-F118-F119-F120-F121-F122-F123-F124-F125-F126-F127-F128-F129-F130-F131-F132-F133-F134-F135-F136-F137-F138-F139-F140-F141-F142-F143-F144-F145-F146-F147-F148-F149-F150-F151-F152-F153-F154-F155-F156-F157-F158-F159-F160-F161-F162-F163-F164-F165-F166-F167-F168-F169-F170-F171-F172-F173-F174-F175-F176-F177-F178-F179-F180-F181-F182-F183-F184-F185-F186-F187-F188-F189-F190-F191-F192-F193-F194-F195-F196-F197-F198-F199-F200-F201-F202-F203-F204-F205-F206-F207-F208-F209-F210-F211-F212-F213-F214-F215-F216-F217-F218-F219-F220-F221-F222-F223-F224-F225-F226-F227-F228-F229-F230-F231-F232-F233-F234-F235-F236-F237-F238-F239-F240-F241-F242-F243-F244-F245-F246-F247-F248-F249-F250-F251-F252-F253-F254-F255-F256-F257-F258-F259-F260-F261-F262-F263-F264-F265-F266-F267-F268-F269-F270-F271-F272-F273-F274-F275-F276-F277-F278-F279-F280-F281-F282-F283-F284-F285-F286-F287-F288-F289-F290-F291-F292-F293-F294-F295-F296-F297-F298-F299-F300-F301-F302-F303-F304-F305-F306-F307-F308-F309-F310-F311-F312-F313-F314-F315-F316-F317-F318-F319-F320-F321-F322-F323-F324-F325-F326-F327-F328-F329-F330-F331-F332-F333-F334-F335-F336-F337-F338-F339-F340-F341-F342-F343-F344-F345-F346-F347-F348-F349-F350-F351-F352-F353-F354-F355-F356-F357-F358-F359-F360-F361-F362-F363-F364-F365-F366-F367-F368-F369-F370-F371-F372-F373-F374-F375-F376-F377-F378-F379-F380-F381-F382-F383-F384-F385-F386-F387-F388-F389-F390-F391-F392-F393-F394-F395-F396-F397-F398-F399-F400-F401-F402-F403-F404-F405-F406-F407-F408-F409-F410-F411-F412-F413-F414-F415-F416-F417-F418-F419-F420-F421-F422-F423-F424-F425-F426-F427-F428-F429-F430-F431-F432-F433-F434-F435-F436-F437-F438-F439-F440-F441-F442-F443-F444-F445-F446-F447-F448-F449-F450-F451-F452-F453-F454-F455-F456-F457-F458-F459-F460-F461-F462-F463-F464-F465-F466-F467-F468-F469-F470-F471-F472-F473-F474-F475-F476-F477-F478-F479-F480-F481-F482-F483-F484-F485-F486-F487-F488-F489-F490-F491-F492-F493-F494-F495-F496-E499505-O504506-F509-F510-F511-F512

## Summary

Number of input bits: 512  
Number of free input bits: 10  
Number of output bits: 160

Number of direct occurrences: 41207  
Number of assignments: 31411  
Number of operations: 11480791
(xor: 11451921,
and: 15534,
or: 13336)

Total complexity: 8.130748564388446 × 10^304

Least occurring input variable: iv_502 (3873)  
Most occurring input variable: iv_504 (4301)

Most co-occurring input variables: iv_504-iv_508 (2075)  
Least co-occurring input variables: iv_498-iv_502 (1774)

Potentially most occurring input variable: iv_499/iv_508 (4600)  
Potentially least occurring input variable: iv_501/iv_502 (4200)

Least output occurring input variable: iv_507 (69)  
Most output occurring input variable: iv_501 (88)

Most output co-occurring input variables: iv_501-iv_508 (52)  
Least output co-occurring input variables: iv_500-iv_507 (24)

Potentially most output occurring input variable: iv_497/iv_499 (98)  
Potentially least output occurring input variable: iv_500/iv_501 (65)

Least complex input bit: iv_497 (2.8856680420483514 × 10^302)  
Most complex input bit: iv_504 (1.9753364974251143 × 10^304)

Least complex output bit: aaa_76_29 (2.79634477355505 × 10^279)  
Most complex output bit: ov_001 (1.3005886439350605 × 10^304)

Least complex input/output complexity: iv_497/aaa_76_29 (9.924452445792317 × 10^276)  
Most complex input/output complexity: iv_504/ov_001 (3.1597339361271934 × 10^303)

## Input Bits

### Input Bits in Regular Order

| Input Bit | Complexity | Occurrences | Output Occurrences |
|:---------:|:----------:|:-----------:|:------------------:|
| iv_497 | 2.8856680420483514 × 10^302 | 4063 | 82 |
| iv_498 | 5.774678479013323 × 10^302 | 3983 | 78 |
| iv_499 | 1.8112988486380844 × 10^304 | 4289 | 82 |
| iv_500 | 1.7164875891106763 × 10^303 | 4091 | 69 |
| iv_501 | 2.825403756650192 × 10^303 | 4097 | 88 |
| iv_502 | 4.554821239050361 × 10^303 | 3873 | 79 |
| iv_503 | 7.21374810071882 × 10^303 | 4078 | 75 |
| iv_504 | 1.9753364974251143 × 10^304 | 4301 | 87 |
| iv_507 | 1.2166036094118394 × 10^304 | 4179 | 69 |
| iv_508 | 1.409860075149782 × 10^304 | 4253 | 84 |

### Input Bits Sorted by Complexity

| Input Bit | Complexity | Occurrences | Output Occurrences |
|:---------:|:----------:|:-----------:|:------------------:|
| iv_497 | 2.8856680420483514 × 10^302 | 4063 | 82 |
| iv_498 | 5.774678479013323 × 10^302 | 3983 | 78 |
| iv_500 | 1.7164875891106763 × 10^303 | 4091 | 69 |
| iv_501 | 2.825403756650192 × 10^303 | 4097 | 88 |
| iv_502 | 4.554821239050361 × 10^303 | 3873 | 79 |
| iv_503 | 7.21374810071882 × 10^303 | 4078 | 75 |
| iv_507 | 1.2166036094118394 × 10^304 | 4179 | 69 |
| iv_508 | 1.409860075149782 × 10^304 | 4253 | 84 |
| iv_499 | 1.8112988486380844 × 10^304 | 4289 | 82 |
| iv_504 | 1.9753364974251143 × 10^304 | 4301 | 87 |

### Input Bits Sorted by Occurrences

| Input Bit | Complexity | Occurrences | Output Occurrences |
|:---------:|:----------:|:-----------:|:------------------:|
| iv_502 | 4.554821239050361 × 10^303 | 3873 | 79 |
| iv_498 | 5.774678479013323 × 10^302 | 3983 | 78 |
| iv_497 | 2.8856680420483514 × 10^302 | 4063 | 82 |
| iv_503 | 7.21374810071882 × 10^303 | 4078 | 75 |
| iv_500 | 1.7164875891106763 × 10^303 | 4091 | 69 |
| iv_501 | 2.825403756650192 × 10^303 | 4097 | 88 |
| iv_507 | 1.2166036094118394 × 10^304 | 4179 | 69 |
| iv_508 | 1.409860075149782 × 10^304 | 4253 | 84 |
| iv_499 | 1.8112988486380844 × 10^304 | 4289 | 82 |
| iv_504 | 1.9753364974251143 × 10^304 | 4301 | 87 |

### Input Bits Sorted by Output Occurrences

| Input Bit | Complexity | Occurrences | Output Occurrences |
|:---------:|:----------:|:-----------:|:------------------:|
| iv_507 | 1.2166036094118394 × 10^304 | 4179 | 69 |
| iv_500 | 1.7164875891106763 × 10^303 | 4091 | 69 |
| iv_503 | 7.21374810071882 × 10^303 | 4078 | 75 |
| iv_498 | 5.774678479013323 × 10^302 | 3983 | 78 |
| iv_502 | 4.554821239050361 × 10^303 | 3873 | 79 |
| iv_497 | 2.8856680420483514 × 10^302 | 4063 | 82 |
| iv_499 | 1.8112988486380844 × 10^304 | 4289 | 82 |
| iv_508 | 1.409860075149782 × 10^304 | 4253 | 84 |
| iv_504 | 1.9753364974251143 × 10^304 | 4301 | 87 |
| iv_501 | 2.825403756650192 × 10^303 | 4097 | 88 |

## Input Bit Co-occurrences

### Input Bit Co-occurrences Sorted by Co-occurrences

| Input Bits | Co-occurrences | Potential Occurrences | Output Co-occurrences | Potential Output Occurrences |
|:----------:|:--------------:|:---------------------:|:---------------------:|:----------------------------:|
| iv_504-iv_508 | 2075 | 4404 | 46 | 79 |
| iv_499-iv_504 | 2065 | 4460 | 38 | 93 |
| iv_501-iv_508 | 2012 | 4326 | 52 | 68 |
| iv_503-iv_504 | 2010 | 4359 | 44 | 74 |
| iv_500-iv_504 | 2010 | 4372 | 34 | 88 |
| iv_499-iv_500 | 2000 | 4380 | 34 | 83 |
| iv_507-iv_508 | 2000 | 4432 | 32 | 89 |
| iv_499-iv_507 | 1999 | 4470 | 35 | 81 |
| iv_504-iv_507 | 1996 | 4488 | 43 | 70 |
| iv_497-iv_508 | 1985 | 4346 | 42 | 82 |

### Input Bit Co-occurrences Sorted by Potential Occurrences

| Input Bits | Co-occurrences | Potential Occurrences | Output Co-occurrences | Potential Output Occurrences |
|:----------:|:--------------:|:---------------------:|:---------------------:|:----------------------------:|
| iv_501-iv_502 | 1885 | 4200 | 38 | 91 |
| iv_497-iv_503 | 1964 | 4213 | 40 | 77 |
| iv_497-iv_500 | 1967 | 4220 | 35 | 81 |
| iv_497-iv_501 | 1963 | 4234 | 45 | 80 |
| iv_498-iv_500 | 1909 | 4256 | 33 | 81 |
| iv_502-iv_507 | 1889 | 4274 | 34 | 80 |
| iv_500-iv_502 | 1840 | 4284 | 34 | 80 |
| iv_497-iv_502 | 1822 | 4292 | 43 | 75 |
| iv_498-iv_501 | 1893 | 4294 | 39 | 88 |
| iv_498-iv_507 | 1933 | 4296 | 33 | 81 |

### Input Bit Output Co-occurrences Sorted by Output Co-occurrences

| Input Bits | Co-occurrences | Potential Occurrences | Output Co-occurrences | Potential Output Occurrences |
|:----------:|:--------------:|:---------------------:|:---------------------:|:----------------------------:|
| iv_501-iv_508 | 2012 | 4326 | 52 | 68 |
| iv_499-iv_501 | 1969 | 4448 | 49 | 72 |
| iv_502-iv_508 | 1900 | 4326 | 48 | 67 |
| iv_502-iv_504 | 1929 | 4316 | 46 | 74 |
| iv_504-iv_508 | 2075 | 4404 | 46 | 79 |
| iv_500-iv_501 | 1905 | 4378 | 46 | 65 |
| iv_497-iv_501 | 1963 | 4234 | 45 | 80 |
| iv_503-iv_504 | 2010 | 4359 | 44 | 74 |
| iv_497-iv_502 | 1822 | 4292 | 43 | 75 |
| iv_501-iv_504 | 1979 | 4440 | 43 | 89 |

### Input Bit Output Co-occurrences Sorted by Potential Output Occurrences

| Input Bits | Co-occurrences | Potential Occurrences | Output Co-occurrences | Potential Output Occurrences |
|:----------:|:--------------:|:---------------------:|:---------------------:|:----------------------------:|
| iv_500-iv_501 | 1905 | 4378 | 46 | 65 |
| iv_502-iv_508 | 1900 | 4326 | 48 | 67 |
| iv_501-iv_508 | 2012 | 4326 | 52 | 68 |
| iv_504-iv_507 | 1996 | 4488 | 43 | 70 |
| iv_499-iv_501 | 1969 | 4448 | 49 | 72 |
| iv_502-iv_504 | 1929 | 4316 | 46 | 74 |
| iv_503-iv_504 | 2010 | 4359 | 44 | 74 |
| iv_497-iv_502 | 1822 | 4292 | 43 | 75 |
| iv_497-iv_503 | 1964 | 4213 | 40 | 77 |
| iv_503-iv_508 | 1947 | 4437 | 40 | 79 |

## Output Bits

### Output Bits in Regular Order

| Rank | Output Bit | Complexity |
|:----:|:----------:|:----------:|
| 1 | ov_001 | 1.3005886439350605 × 10^304 |
| 2 | ov_002 | 1.1279018442417721 × 10^304 |
| 3 | ov_003 | 9.732069132661925 × 10^303 |
| 4 | ov_004 | 8.351405331681259 × 10^303 |
| 5 | ov_005 | 7.124137238067805 × 10^303 |
| 6 | ov_006 | 6.038065427182997 × 10^303 |
| 7 | ov_007 | 5.081634692641128 × 10^303 |
| 8 | ov_008 | 4.243894284888572 × 10^303 |
| 9 | ov_009 | 3.5144640518771804 × 10^303 |
| 10 | ov_010 | 2.8835058960791016 × 10^303 |
| 11 | ov_011 | 2.3416999553865344 × 10^303 |
| 12 | ov_012 | 1.880224949300145 × 10^303 |
| 13 | ov_013 | 1.4907421650240272 × 10^303 |
| 14 | ov_014 | 1.1653825908025157 × 10^303 |
| 15 | ov_015 | 8.96736736178066 × 10^302 |
| 16 | ov_016 | 6.778467109184473 × 10^302 |
| 17 | ov_017 | 5.022001662324187 × 10^302 |
| 18 | ov_018 | 3.6372573362338954 × 10^302 |
| 19 | ov_019 | 2.567896283624778 × 10^302 |
| 20 | ov_020 | 1.7619313102879996 × 10^302 |
| 21 | ov_021 | 1.1717073482352868 × 10^302 |
| 22 | ov_022 | 7.538881469442893 × 10^301 |
| 23 | ov_023 | 4.694470691787507 × 10^301 |
| 24 | ov_024 | 2.836610351971956 × 10^301 |
| 25 | ov_025 | 1.6610681647609786 × 10^301 |
| 26 | ov_026 | 9.065900500694963 × 10^300 |
| 27 | ov_027 | 4.5329183185435094 × 10^300 |
| 28 | ov_028 | 2.027722542981452 × 10^300 |
| 29 | ov_029 | 7.811202038598783 × 10^299 |
| 30 | ov_030 | 2.387353976692514 × 10^299 |
| 31 | ov_031 | 4.655307464056083 × 10^298 |
| 32 | lv_80_m31 | 9.076260250426914 × 10^297 |
| 33 | ov_033 | 1.0876110462196904 × 10^299 |
| 34 | ov_034 | 9.430539979005526 × 10^298 |
| 35 | ov_035 | 8.137411415995071 × 10^298 |
| 36 | ov_036 | 6.984314961899171 × 10^298 |
| 37 | ov_037 | 5.959511598279519 × 10^298 |
| 38 | ov_038 | 5.051885573167742 × 10^298 |
| 39 | ov_039 | 4.2509032945585233 × 10^298 |
| 40 | ov_040 | 3.5465780398765343 × 10^298 |
| 41 | ov_041 | 2.9294399079596224 × 10^298 |
| 42 | ov_042 | 2.39487970778329 × 10^298 |
| 43 | ov_043 | 1.938528201336092 × 10^298 |
| 44 | ov_044 | 1.5523301061888758 × 10^298 |
| 45 | ov_045 | 1.228668752922739 × 10^298 |
| 46 | ov_046 | 9.6035466946428 × 10^297 |
| 47 | ov_047 | 7.406165750484837 × 10^297 |
| 48 | ov_048 | 5.630944102796486 × 10^297 |
| 49 | ov_049 | 4.218340575452321 × 10^297 |
| 50 | ov_050 | 3.112834337421178 × 10^297 |
| 51 | ov_051 | 2.2628966491721197 × 10^297 |
| 52 | ov_052 | 1.620970800197864 × 10^297 |
| 53 | ov_053 | 1.1434579978528949 × 10^297 |
| 54 | ov_054 | 7.907075637134598 × 10^296 |
| 55 | ov_055 | 5.270103379476294 × 10^296 |
| 56 | ov_056 | 3.354964681812946 × 10^296 |
| 57 | ov_057 | 2.012639458242808 × 10^296 |
| 58 | ov_058 | 1.1137767901513132 × 10^296 |
| 59 | ov_059 | 5.486900569837977 × 10^295 |
| 60 | ov_060 | 2.27354702998639 × 10^295 |
| 61 | ov_061 | 7.940742363374934 × 10^294 |
| 62 | ov_062 | 2.178023491365237 × 10^294 |
| 63 | ov_063 | 4.244462998551858 × 10^293 |
| 64 | lv_79_m31 | 8.269538409770474 × 10^292 |
| 65 | ov_065 | 9.819451901167446 × 10^293 |
| 66 | ov_066 | 9.819423180814388 × 10^293 |
| 67 | ov_067 | 9.819416270617948 × 10^293 |
| 68 | ov_068 | 8.494968052518514 × 10^293 |
| 69 | ov_069 | 7.310085944411603 × 10^293 |
| 70 | ov_070 | 6.254293564904702 × 10^293 |
| 71 | ov_071 | 5.317645930699619 × 10^293 |
| 72 | ov_072 | 4.490692089569689 × 10^293 |
| 73 | ov_073 | 3.7644437788681366 × 10^293 |
| 74 | ov_074 | 3.1303494447112537 × 10^293 |
| 75 | ov_075 | 2.5802729919285212 × 10^293 |
| 76 | ov_076 | 2.1064766685095223 × 10^293 |
| 77 | ov_077 | 1.7016075208447109 × 10^293 |
| 78 | ov_078 | 1.3586868877621218 × 10^293 |
| 79 | ov_079 | 1.0711024323839452 × 10^293 |
| 80 | ov_080 | 8.326022413170234 × 10^292 |
| 81 | ov_081 | 6.372905507757624 × 10^292 |
| 82 | ov_082 | 4.796246890173876 × 10^292 |
| 83 | ov_083 | 3.544128540291163 × 10^292 |
| 84 | ov_084 | 2.568124096271984 × 10^292 |
| 85 | ov_085 | 1.82328513234591 × 10^292 |
| 86 | ov_086 | 1.2681300771231722 × 10^292 |
| 87 | ov_087 | 8.646354812235574 × 10^291 |
| 88 | ov_088 | 5.782293432270003 × 10^291 |
| 89 | ov_089 | 3.777862030849382 × 10^291 |
| 90 | ov_090 | 2.356237122020305 × 10^291 |
| 91 | ov_091 | 1.3876112860955342 × 10^291 |
| 92 | ov_092 | 7.593771312958466 × 10^290 |
| 93 | ov_093 | 3.761224485965743 × 10^290 |
| 94 | ov_094 | 1.5962783076844442 × 10^290 |
| 95 | aaa_78_28 | 4.886570026916881 × 10^289 |
| 96 | aaa_78_29 | 1.4802569652906395 × 10^289 |
| 97 | ov_097 | 7.81202665340538 × 10^288 |
| 98 | ov_098 | 7.811978757893613 × 10^288 |
| 99 | ov_099 | 7.811963467090688 × 10^288 |
| 100 | ov_100 | 6.62327918144659 × 10^288 |
| 101 | ov_101 | 5.576092389406959 × 10^288 |
| 102 | ov_102 | 4.6585930849353606 × 10^288 |
| 103 | ov_103 | 3.8596167111534025 × 10^288 |
| 104 | ov_104 | 3.168597067154868 × 10^288 |
| 105 | ov_105 | 2.5755254162520797 × 10^288 |
| 106 | ov_106 | 2.070915225051755 × 10^288 |
| 107 | ov_107 | 1.6457719918404417 × 10^288 |
| 108 | ov_108 | 1.2915676508536907 × 10^288 |
| 109 | ov_109 | 1.0002190663154964 × 10^288 |
| 110 | ov_110 | 7.640701568415273 × 10^287 |
| 111 | ov_111 | 5.758772170506971 × 10^287 |
| 112 | ov_112 | 4.287970291478855 × 10^287 |
| 113 | ov_113 | 3.1637738292545152 × 10^287 |
| 114 | ov_114 | 2.3254964815962844 × 10^287 |
| 115 | ov_115 | 1.7162306880686925 × 10^287 |
| 116 | ov_116 | 1.282804737734756 × 10^287 |
| 117 | ov_117 | 9.757512436309232 × 10^286 |
| 118 | ov_118 | 7.492844381400869 × 10^286 |
| 119 | ov_119 | 5.612839962910271 × 10^286 |
| 120 | ov_120 | 4.0810393882166466 × 10^286 |
| 121 | ov_121 | 2.861035998571555 × 10^286 |
| 122 | ov_122 | 1.9164566246923835 × 10^286 |
| 123 | ov_123 | 1.210947721541205 × 10^286 |
| 124 | ov_124 | 7.081660190973603 × 10^285 |
| 125 | ov_125 | 3.717727330617071 × 10^285 |
| 126 | ov_126 | 1.6543061322585857 × 10^285 |
| 127 | aaa_77_28 | 5.280281110583246 × 10^284 |
| 128 | aaa_77_29 | 1.9782672967817512 × 10^284 |
| 129 | ov_129 | 1.8193400381204714 × 10^284 |
| 130 | ov_130 | 1.8193345963927116 × 10^284 |
| 131 | ov_131 | 1.819333282111578 × 10^284 |
| 132 | ov_132 | 1.5745891812084232 × 10^284 |
| 133 | ov_133 | 1.3556313187580464 × 10^284 |
| 134 | ov_134 | 1.160507493391294 × 10^284 |
| 135 | ov_135 | 9.873684342669042 × 10^283 |
| 136 | ov_136 | 8.344604050029843 × 10^283 |
| 137 | ov_137 | 7.001188758800729 × 10^283 |
| 138 | ov_138 | 5.827631595772504 × 10^283 |
| 139 | ov_139 | 4.808919109622095 × 10^283 |
| 140 | ov_140 | 3.930793965795104 × 10^283 |
| 141 | ov_141 | 3.1797244450230077 × 10^283 |
| 142 | ov_142 | 2.542879901594497 × 10^283 |
| 143 | ov_143 | 2.0081113864459575 × 10^283 |
| 144 | ov_144 | 1.563936688730933 × 10^283 |
| 145 | ov_145 | 1.1995290978957929 × 10^283 |
| 146 | ov_146 | 9.047092365097824 × 10^282 |
| 147 | ov_147 | 6.699393622206352 × 10^282 |
| 148 | ov_148 | 4.8631958525958474 × 10^282 |
| 149 | ov_149 | 3.4558549591936083 × 10^282 |
| 150 | ov_150 | 2.4010674438885833 × 10^282 |
| 151 | ov_151 | 1.628861828761592 × 10^282 |
| 152 | ov_152 | 1.0755930034337812 × 10^282 |
| 153 | ov_153 | 6.839382183083892 × 10^281 |
| 154 | ov_154 | 4.028942880464829 × 10^281 |
| 155 | ov_155 | 2.085392219941975 × 10^281 |
| 156 | aaa_76_25 | 8.010957924602522 × 10^280 |
| 157 | aaa_76_26 | 4.623691002690929 × 10^280 |
| 158 | aaa_76_27 | 2.365378581243924 × 10^280 |
| 159 | aaa_76_28 | 9.202374397923673 × 10^279 |
| 160 | aaa_76_29 | 2.79634477355505 × 10^279 |

### Output Bits Sorted by Complexity

| Rank | Output Bit | Complexity |
|:----:|:----------:|:----------:|
| 160 | aaa_76_29 | 2.79634477355505 × 10^279 |
| 159 | aaa_76_28 | 9.202374397923673 × 10^279 |
| 158 | aaa_76_27 | 2.365378581243924 × 10^280 |
| 157 | aaa_76_26 | 4.623691002690929 × 10^280 |
| 156 | aaa_76_25 | 8.010957924602522 × 10^280 |
| 155 | ov_155 | 2.085392219941975 × 10^281 |
| 154 | ov_154 | 4.028942880464829 × 10^281 |
| 153 | ov_153 | 6.839382183083892 × 10^281 |
| 152 | ov_152 | 1.0755930034337812 × 10^282 |
| 151 | ov_151 | 1.628861828761592 × 10^282 |
| 150 | ov_150 | 2.4010674438885833 × 10^282 |
| 149 | ov_149 | 3.4558549591936083 × 10^282 |
| 148 | ov_148 | 4.8631958525958474 × 10^282 |
| 147 | ov_147 | 6.699393622206352 × 10^282 |
| 146 | ov_146 | 9.047092365097824 × 10^282 |
| 145 | ov_145 | 1.1995290978957929 × 10^283 |
| 144 | ov_144 | 1.563936688730933 × 10^283 |
| 143 | ov_143 | 2.0081113864459575 × 10^283 |
| 142 | ov_142 | 2.542879901594497 × 10^283 |
| 141 | ov_141 | 3.1797244450230077 × 10^283 |
| 140 | ov_140 | 3.930793965795104 × 10^283 |
| 139 | ov_139 | 4.808919109622095 × 10^283 |
| 138 | ov_138 | 5.827631595772504 × 10^283 |
| 137 | ov_137 | 7.001188758800729 × 10^283 |
| 136 | ov_136 | 8.344604050029843 × 10^283 |
| 135 | ov_135 | 9.873684342669042 × 10^283 |
| 134 | ov_134 | 1.160507493391294 × 10^284 |
| 133 | ov_133 | 1.3556313187580464 × 10^284 |
| 132 | ov_132 | 1.5745891812084232 × 10^284 |
| 131 | ov_131 | 1.819333282111578 × 10^284 |
| 130 | ov_130 | 1.8193345963927116 × 10^284 |
| 129 | ov_129 | 1.8193400381204714 × 10^284 |
| 128 | aaa_77_29 | 1.9782672967817512 × 10^284 |
| 127 | aaa_77_28 | 5.280281110583246 × 10^284 |
| 126 | ov_126 | 1.6543061322585857 × 10^285 |
| 125 | ov_125 | 3.717727330617071 × 10^285 |
| 124 | ov_124 | 7.081660190973603 × 10^285 |
| 123 | ov_123 | 1.210947721541205 × 10^286 |
| 122 | ov_122 | 1.9164566246923835 × 10^286 |
| 121 | ov_121 | 2.861035998571555 × 10^286 |
| 120 | ov_120 | 4.0810393882166466 × 10^286 |
| 119 | ov_119 | 5.612839962910271 × 10^286 |
| 118 | ov_118 | 7.492844381400869 × 10^286 |
| 117 | ov_117 | 9.757512436309232 × 10^286 |
| 116 | ov_116 | 1.282804737734756 × 10^287 |
| 115 | ov_115 | 1.7162306880686925 × 10^287 |
| 114 | ov_114 | 2.3254964815962844 × 10^287 |
| 113 | ov_113 | 3.1637738292545152 × 10^287 |
| 112 | ov_112 | 4.287970291478855 × 10^287 |
| 111 | ov_111 | 5.758772170506971 × 10^287 |
| 110 | ov_110 | 7.640701568415273 × 10^287 |
| 109 | ov_109 | 1.0002190663154964 × 10^288 |
| 108 | ov_108 | 1.2915676508536907 × 10^288 |
| 107 | ov_107 | 1.6457719918404417 × 10^288 |
| 106 | ov_106 | 2.070915225051755 × 10^288 |
| 105 | ov_105 | 2.5755254162520797 × 10^288 |
| 104 | ov_104 | 3.168597067154868 × 10^288 |
| 103 | ov_103 | 3.8596167111534025 × 10^288 |
| 102 | ov_102 | 4.6585930849353606 × 10^288 |
| 101 | ov_101 | 5.576092389406959 × 10^288 |
| 100 | ov_100 | 6.62327918144659 × 10^288 |
| 99 | ov_099 | 7.811963467090688 × 10^288 |
| 98 | ov_098 | 7.811978757893613 × 10^288 |
| 97 | ov_097 | 7.81202665340538 × 10^288 |
| 96 | aaa_78_29 | 1.4802569652906395 × 10^289 |
| 95 | aaa_78_28 | 4.886570026916881 × 10^289 |
| 94 | ov_094 | 1.5962783076844442 × 10^290 |
| 93 | ov_093 | 3.761224485965743 × 10^290 |
| 92 | ov_092 | 7.593771312958466 × 10^290 |
| 91 | ov_091 | 1.3876112860955342 × 10^291 |
| 90 | ov_090 | 2.356237122020305 × 10^291 |
| 89 | ov_089 | 3.777862030849382 × 10^291 |
| 88 | ov_088 | 5.782293432270003 × 10^291 |
| 87 | ov_087 | 8.646354812235574 × 10^291 |
| 86 | ov_086 | 1.2681300771231722 × 10^292 |
| 85 | ov_085 | 1.82328513234591 × 10^292 |
| 84 | ov_084 | 2.568124096271984 × 10^292 |
| 83 | ov_083 | 3.544128540291163 × 10^292 |
| 82 | ov_082 | 4.796246890173876 × 10^292 |
| 81 | ov_081 | 6.372905507757624 × 10^292 |
| 64 | lv_79_m31 | 8.269538409770474 × 10^292 |
| 80 | ov_080 | 8.326022413170234 × 10^292 |
| 79 | ov_079 | 1.0711024323839452 × 10^293 |
| 78 | ov_078 | 1.3586868877621218 × 10^293 |
| 77 | ov_077 | 1.7016075208447109 × 10^293 |
| 76 | ov_076 | 2.1064766685095223 × 10^293 |
| 75 | ov_075 | 2.5802729919285212 × 10^293 |
| 74 | ov_074 | 3.1303494447112537 × 10^293 |
| 73 | ov_073 | 3.7644437788681366 × 10^293 |
| 63 | ov_063 | 4.244462998551858 × 10^293 |
| 72 | ov_072 | 4.490692089569689 × 10^293 |
| 71 | ov_071 | 5.317645930699619 × 10^293 |
| 70 | ov_070 | 6.254293564904702 × 10^293 |
| 69 | ov_069 | 7.310085944411603 × 10^293 |
| 68 | ov_068 | 8.494968052518514 × 10^293 |
| 67 | ov_067 | 9.819416270617948 × 10^293 |
| 66 | ov_066 | 9.819423180814388 × 10^293 |
| 65 | ov_065 | 9.819451901167446 × 10^293 |
| 62 | ov_062 | 2.178023491365237 × 10^294 |
| 61 | ov_061 | 7.940742363374934 × 10^294 |
| 60 | ov_060 | 2.27354702998639 × 10^295 |
| 59 | ov_059 | 5.486900569837977 × 10^295 |
| 58 | ov_058 | 1.1137767901513132 × 10^296 |
| 57 | ov_057 | 2.012639458242808 × 10^296 |
| 56 | ov_056 | 3.354964681812946 × 10^296 |
| 55 | ov_055 | 5.270103379476294 × 10^296 |
| 54 | ov_054 | 7.907075637134598 × 10^296 |
| 53 | ov_053 | 1.1434579978528949 × 10^297 |
| 52 | ov_052 | 1.620970800197864 × 10^297 |
| 51 | ov_051 | 2.2628966491721197 × 10^297 |
| 50 | ov_050 | 3.112834337421178 × 10^297 |
| 49 | ov_049 | 4.218340575452321 × 10^297 |
| 48 | ov_048 | 5.630944102796486 × 10^297 |
| 47 | ov_047 | 7.406165750484837 × 10^297 |
| 32 | lv_80_m31 | 9.076260250426914 × 10^297 |
| 46 | ov_046 | 9.6035466946428 × 10^297 |
| 45 | ov_045 | 1.228668752922739 × 10^298 |
| 44 | ov_044 | 1.5523301061888758 × 10^298 |
| 43 | ov_043 | 1.938528201336092 × 10^298 |
| 42 | ov_042 | 2.39487970778329 × 10^298 |
| 41 | ov_041 | 2.9294399079596224 × 10^298 |
| 40 | ov_040 | 3.5465780398765343 × 10^298 |
| 39 | ov_039 | 4.2509032945585233 × 10^298 |
| 31 | ov_031 | 4.655307464056083 × 10^298 |
| 38 | ov_038 | 5.051885573167742 × 10^298 |
| 37 | ov_037 | 5.959511598279519 × 10^298 |
| 36 | ov_036 | 6.984314961899171 × 10^298 |
| 35 | ov_035 | 8.137411415995071 × 10^298 |
| 34 | ov_034 | 9.430539979005526 × 10^298 |
| 33 | ov_033 | 1.0876110462196904 × 10^299 |
| 30 | ov_030 | 2.387353976692514 × 10^299 |
| 29 | ov_029 | 7.811202038598783 × 10^299 |
| 28 | ov_028 | 2.027722542981452 × 10^300 |
| 27 | ov_027 | 4.5329183185435094 × 10^300 |
| 26 | ov_026 | 9.065900500694963 × 10^300 |
| 25 | ov_025 | 1.6610681647609786 × 10^301 |
| 24 | ov_024 | 2.836610351971956 × 10^301 |
| 23 | ov_023 | 4.694470691787507 × 10^301 |
| 22 | ov_022 | 7.538881469442893 × 10^301 |
| 21 | ov_021 | 1.1717073482352868 × 10^302 |
| 20 | ov_020 | 1.7619313102879996 × 10^302 |
| 19 | ov_019 | 2.567896283624778 × 10^302 |
| 18 | ov_018 | 3.6372573362338954 × 10^302 |
| 17 | ov_017 | 5.022001662324187 × 10^302 |
| 16 | ov_016 | 6.778467109184473 × 10^302 |
| 15 | ov_015 | 8.96736736178066 × 10^302 |
| 14 | ov_014 | 1.1653825908025157 × 10^303 |
| 13 | ov_013 | 1.4907421650240272 × 10^303 |
| 12 | ov_012 | 1.880224949300145 × 10^303 |
| 11 | ov_011 | 2.3416999553865344 × 10^303 |
| 10 | ov_010 | 2.8835058960791016 × 10^303 |
| 9 | ov_009 | 3.5144640518771804 × 10^303 |
| 8 | ov_008 | 4.243894284888572 × 10^303 |
| 7 | ov_007 | 5.081634692641128 × 10^303 |
| 6 | ov_006 | 6.038065427182997 × 10^303 |
| 5 | ov_005 | 7.124137238067805 × 10^303 |
| 4 | ov_004 | 8.351405331681259 × 10^303 |
| 3 | ov_003 | 9.732069132661925 × 10^303 |
| 2 | ov_002 | 1.1279018442417721 × 10^304 |
| 1 | ov_001 | 1.3005886439350605 × 10^304 |

