# Results for F001-F002-F003-F004-F005-F006-F007-F008-F009-F010-F011-F012-F013-F014-F015-F016-F017-F018-F019-F020-F021-F022-F023-F024-F025-F026-F027-F028-F029-F030-F031-F032-F033-F034-F035-F036-F037-F038-F039-F040-F041-F042-F043-F044-F045-F046-F047-F048-F049-F050-F051-F052-F053-F054-F055-F056-F057-F058-F059-F060-F061-F062-F063-F064-F065-F066-F067-F068-F069-F070-F071-F072-F073-F074-F075-F076-F077-F078-F079-F080-F081-F082-F083-F084-F085-F086-F087-F088-F089-F090-F091-F092-F093-F094-F095-F096-F097-F098-F099-F100-F101-F102-F103-F104-F105-F106-F107-F108-F109-F110-F111-F112-F113-F114-F115-F116-F117-F118-F119-F120-F121-F122-F123-F124-F125-F126-F127-F128-F129-F130-F131-F132-F133-F134-F135-F136-F137-F138-F139-F140-F141-F142-F143-F144-F145-F146-F147-F148-F149-F150-F151-F152-F153-F154-F155-F156-F157-F158-F159-F160-F161-F162-F163-F164-F165-F166-F167-F168-F169-F170-F171-F172-F173-F174-F175-F176-F177-F178-F179-F180-F181-F182-F183-F184-F185-F186-F187-F188-F189-F190-F191-F192-F193-F194-F195-F196-F197-F198-F199-F200-F201-F202-F203-F204-F205-F206-F207-F208-F209-F210-F211-F212-F213-F214-F215-F216-F217-F218-F219-F220-F221-F222-F223-F224-F225-F226-F227-F228-F229-F230-F231-F232-F233-F234-F235-F236-F237-F238-F239-F240-F241-F242-F243-F244-F245-F246-F247-F248-F249-F250-F251-F252-F253-F254-F255-F256-F257-F258-F259-F260-F261-F262-F263-F264-F265-F266-F267-F268-F269-F270-F271-F272-F273-F274-F275-F276-F277-F278-F279-F280-F281-F282-F283-F284-F285-F286-F287-F288-F289-F290-F291-F292-F293-F294-F295-F296-F297-F298-F299-F300-F301-F302-F303-F304-F305-F306-F307-F308-F309-F310-F311-F312-F313-F314-F315-F316-F317-F318-F319-F320-F321-F322-F323-F324-F325-F326-F327-F328-F329-F330-F331-F332-F333-F334-F335-F336-F337-F338-F339-F340-F341-F342-F343-F344-F345-F346-F347-F348-F349-F350-F351-F352-F353-F354-F355-F356-F357-F358-F359-F360-F361-F362-F363-F364-F365-F366-F367-F368-F369-F370-F371-F372-F373-F374-F375-F376-F377-F378-F379-F380-F381-F382-F383-F384-F385-F386-F387-F388-F389-F390-F391-F392-F393-F394-F395-F396-F397-F398-F399-F400-F401-F402-F403-F404-F405-F406-F407-F408-F409-F410-F411-F412-F413-F414-F415-F416-F417-F418-F419-F420-F421-F422-F423-F424-F425-F426-F427-F428-F429-F430-F431-F432-F433-F434-F435-F436-F437-F438-F439-F440-F441-F442-F443-F444-F445-F446-F447-F448-F449-F450-F451-F452-F453-F454-F455-F456-F457-F458-F459-F460-F461-F462-F463-F464-F465-F466-F467-F468-F469-F470-F471-F472-F473-F474-F475-F476-F477-F478-F479-F480-F481-F482-F483-F484-F485-F486-F487-F488-F489-F490-F491-F492-F493-F494-F495-F496-O497507-O500505-F509-F510-F511-F512

## Summary

Number of input bits: 512  
Number of free input bits: 10  
Number of output bits: 160

Number of direct occurrences: 40072  
Number of assignments: 31124  
Number of operations: 10895939
(xor: 10867880,
and: 14760,
or: 13299)

Total complexity: 6.096735223610532 × 10^298

Least occurring input variable: iv_502 (3810)  
Most occurring input variable: iv_500 (4257)

Most co-occurring input variables: iv_497-iv_508 (2009)  
Least co-occurring input variables: iv_498-iv_502 (1719)

Potentially most occurring input variable: iv_497/iv_498 (4579)  
Potentially least occurring input variable: iv_504/iv_506 (4110)

Least output occurring input variable: iv_504 (71)  
Most output occurring input variable: iv_498 (84)

Most output co-occurring input variables: iv_501-iv_503 (48)  
Least output co-occurring input variables: iv_499-iv_504 (29)

Potentially most output occurring input variable: iv_499/iv_501 (89)  
Potentially least output occurring input variable: iv_501/iv_503 (69)

Least complex input bit: iv_498 (4.330598396149408 × 10^296)  
Most complex input bit: iv_500 (1.4105995203388656 × 10^298)

Least complex output bit: aaa_76_29 (5.185454780723842 × 10^273)  
Most complex output bit: ov_001 (9.752278008701645 × 10^297)

Least complex input/output complexity: iv_498/aaa_76_29 (3.683302838828106 × 10^271)  
Most complex input/output complexity: iv_500/ov_001 (2.256381190380624 × 10^297)

## Input Bits

### Input Bits in Regular Order

| Input Bit | Complexity | Occurrences | Output Occurrences |
|:---------:|:----------:|:-----------:|:------------------:|
| iv_497 | 9.332584227483342 × 10^297 | 4205 | 77 |
| iv_498 | 4.330598396149408 × 10^296 | 3890 | 84 |
| iv_499 | 7.647023776262445 × 10^296 | 3865 | 72 |
| iv_500 | 1.4105995203388656 × 10^298 | 4257 | 82 |
| iv_501 | 2.1188519882953637 × 10^297 | 4051 | 83 |
| iv_502 | 3.415792173410999 × 10^297 | 3810 | 75 |
| iv_503 | 5.409798323617944 × 10^297 | 4033 | 82 |
| iv_504 | 8.401968981250461 × 10^297 | 3890 | 71 |
| iv_506 | 6.411650683806788 × 10^297 | 3934 | 81 |
| iv_508 | 1.057294843761056 × 10^298 | 4137 | 80 |

### Input Bits Sorted by Complexity

| Input Bit | Complexity | Occurrences | Output Occurrences |
|:---------:|:----------:|:-----------:|:------------------:|
| iv_498 | 4.330598396149408 × 10^296 | 3890 | 84 |
| iv_499 | 7.647023776262445 × 10^296 | 3865 | 72 |
| iv_501 | 2.1188519882953637 × 10^297 | 4051 | 83 |
| iv_502 | 3.415792173410999 × 10^297 | 3810 | 75 |
| iv_503 | 5.409798323617944 × 10^297 | 4033 | 82 |
| iv_506 | 6.411650683806788 × 10^297 | 3934 | 81 |
| iv_504 | 8.401968981250461 × 10^297 | 3890 | 71 |
| iv_497 | 9.332584227483342 × 10^297 | 4205 | 77 |
| iv_508 | 1.057294843761056 × 10^298 | 4137 | 80 |
| iv_500 | 1.4105995203388656 × 10^298 | 4257 | 82 |

### Input Bits Sorted by Occurrences

| Input Bit | Complexity | Occurrences | Output Occurrences |
|:---------:|:----------:|:-----------:|:------------------:|
| iv_502 | 3.415792173410999 × 10^297 | 3810 | 75 |
| iv_499 | 7.647023776262445 × 10^296 | 3865 | 72 |
| iv_504 | 8.401968981250461 × 10^297 | 3890 | 71 |
| iv_498 | 4.330598396149408 × 10^296 | 3890 | 84 |
| iv_506 | 6.411650683806788 × 10^297 | 3934 | 81 |
| iv_503 | 5.409798323617944 × 10^297 | 4033 | 82 |
| iv_501 | 2.1188519882953637 × 10^297 | 4051 | 83 |
| iv_508 | 1.057294843761056 × 10^298 | 4137 | 80 |
| iv_497 | 9.332584227483342 × 10^297 | 4205 | 77 |
| iv_500 | 1.4105995203388656 × 10^298 | 4257 | 82 |

### Input Bits Sorted by Output Occurrences

| Input Bit | Complexity | Occurrences | Output Occurrences |
|:---------:|:----------:|:-----------:|:------------------:|
| iv_504 | 8.401968981250461 × 10^297 | 3890 | 71 |
| iv_499 | 7.647023776262445 × 10^296 | 3865 | 72 |
| iv_502 | 3.415792173410999 × 10^297 | 3810 | 75 |
| iv_497 | 9.332584227483342 × 10^297 | 4205 | 77 |
| iv_508 | 1.057294843761056 × 10^298 | 4137 | 80 |
| iv_506 | 6.411650683806788 × 10^297 | 3934 | 81 |
| iv_503 | 5.409798323617944 × 10^297 | 4033 | 82 |
| iv_500 | 1.4105995203388656 × 10^298 | 4257 | 82 |
| iv_501 | 2.1188519882953637 × 10^297 | 4051 | 83 |
| iv_498 | 4.330598396149408 × 10^296 | 3890 | 84 |

## Input Bit Co-occurrences

### Input Bit Co-occurrences Sorted by Co-occurrences

| Input Bits | Co-occurrences | Potential Occurrences | Output Co-occurrences | Potential Output Occurrences |
|:----------:|:--------------:|:---------------------:|:---------------------:|:----------------------------:|
| iv_497-iv_508 | 2009 | 4324 | 42 | 73 |
| iv_500-iv_501 | 2004 | 4300 | 42 | 81 |
| iv_500-iv_508 | 1988 | 4418 | 42 | 78 |
| iv_497-iv_500 | 1982 | 4498 | 40 | 79 |
| iv_500-iv_506 | 1962 | 4267 | 42 | 79 |
| iv_501-iv_503 | 1960 | 4164 | 48 | 69 |
| iv_500-iv_503 | 1947 | 4396 | 42 | 80 |
| iv_499-iv_500 | 1939 | 4244 | 42 | 70 |
| iv_500-iv_504 | 1938 | 4271 | 36 | 81 |
| iv_501-iv_508 | 1924 | 4340 | 43 | 77 |

### Input Bit Co-occurrences Sorted by Potential Occurrences

| Input Bits | Co-occurrences | Potential Occurrences | Output Co-occurrences | Potential Output Occurrences |
|:----------:|:--------------:|:---------------------:|:---------------------:|:----------------------------:|
| iv_504-iv_506 | 1857 | 4110 | 38 | 76 |
| iv_499-iv_504 | 1818 | 4119 | 29 | 85 |
| iv_501-iv_503 | 1960 | 4164 | 48 | 69 |
| iv_498-iv_499 | 1793 | 4169 | 42 | 72 |
| iv_498-iv_506 | 1827 | 4170 | 39 | 87 |
| iv_498-iv_504 | 1802 | 4176 | 37 | 81 |
| iv_499-iv_501 | 1868 | 4180 | 33 | 89 |
| iv_502-iv_506 | 1782 | 4180 | 40 | 76 |
| iv_502-iv_504 | 1758 | 4184 | 34 | 78 |
| iv_499-iv_508 | 1906 | 4190 | 38 | 76 |

### Input Bit Output Co-occurrences Sorted by Output Co-occurrences

| Input Bits | Co-occurrences | Potential Occurrences | Output Co-occurrences | Potential Output Occurrences |
|:----------:|:--------------:|:---------------------:|:---------------------:|:----------------------------:|
| iv_498-iv_503 | 1842 | 4239 | 48 | 70 |
| iv_501-iv_503 | 1960 | 4164 | 48 | 69 |
| iv_498-iv_501 | 1845 | 4251 | 46 | 75 |
| iv_497-iv_498 | 1758 | 4579 | 45 | 71 |
| iv_498-iv_500 | 1923 | 4301 | 44 | 78 |
| iv_501-iv_508 | 1924 | 4340 | 43 | 77 |
| iv_501-iv_506 | 1854 | 4277 | 43 | 78 |
| iv_497-iv_508 | 2009 | 4324 | 42 | 73 |
| iv_498-iv_508 | 1822 | 4383 | 42 | 80 |
| iv_500-iv_501 | 2004 | 4300 | 42 | 81 |

### Input Bit Output Co-occurrences Sorted by Potential Output Occurrences

| Input Bits | Co-occurrences | Potential Occurrences | Output Co-occurrences | Potential Output Occurrences |
|:----------:|:--------------:|:---------------------:|:---------------------:|:----------------------------:|
| iv_501-iv_503 | 1960 | 4164 | 48 | 69 |
| iv_498-iv_503 | 1842 | 4239 | 48 | 70 |
| iv_499-iv_500 | 1939 | 4244 | 42 | 70 |
| iv_497-iv_498 | 1758 | 4579 | 45 | 71 |
| iv_498-iv_499 | 1793 | 4169 | 42 | 72 |
| iv_497-iv_508 | 2009 | 4324 | 42 | 73 |
| iv_498-iv_501 | 1845 | 4251 | 46 | 75 |
| iv_502-iv_503 | 1769 | 4305 | 41 | 75 |
| iv_504-iv_506 | 1857 | 4110 | 38 | 76 |
| iv_502-iv_506 | 1782 | 4180 | 40 | 76 |

## Output Bits

### Output Bits in Regular Order

| Rank | Output Bit | Complexity |
|:----:|:----------:|:----------:|
| 1 | ov_001 | 9.752278008701645 × 10^297 |
| 2 | ov_002 | 8.457412435015058 × 10^297 |
| 3 | ov_003 | 7.29745614013869 × 10^297 |
| 4 | ov_004 | 6.262186424183377 × 10^297 |
| 5 | ov_005 | 5.341938023486544 × 10^297 |
| 6 | ov_006 | 4.527563364410455 × 10^297 |
| 7 | ov_007 | 3.810397947479823 × 10^297 |
| 8 | ov_008 | 3.182230528622763 × 10^297 |
| 9 | ov_009 | 2.6352777264503167 × 10^297 |
| 10 | ov_010 | 2.162162616432942 × 10^297 |
| 11 | ov_011 | 1.7558968677667176 × 10^297 |
| 12 | ov_012 | 1.4098660040745182 × 10^297 |
| 13 | ov_013 | 1.1178173939642377 × 10^297 |
| 14 | ov_014 | 8.738506019784404 × 10^296 |
| 15 | ov_015 | 6.724097547086302 × 10^296 |
| 16 | ov_016 | 5.082776008857396 × 10^296 |
| 17 | ov_017 | 3.765709681529685 × 10^296 |
| 18 | ov_018 | 2.727373430200663 × 10^296 |
| 19 | ov_019 | 1.92552324220457 × 10^296 |
| 20 | ov_020 | 1.3211773454370894 × 10^296 |
| 21 | ov_021 | 8.786023191367273 × 10^295 |
| 22 | ov_022 | 5.6530311734406 × 10^295 |
| 23 | ov_023 | 3.5201616986790695 × 10^295 |
| 24 | ov_024 | 2.1270484362237214 × 10^295 |
| 25 | ov_025 | 1.2455666521222677 × 10^295 |
| 26 | ov_026 | 6.798179939059807 × 10^294 |
| 27 | ov_027 | 3.399086166308976 × 10^294 |
| 28 | ov_028 | 1.5205323487238913 × 10^294 |
| 29 | ov_029 | 5.857440276926136 × 10^293 |
| 30 | ov_030 | 1.7902325257976636 × 10^293 |
| 31 | ov_031 | 3.4909513477575017 × 10^292 |
| 32 | lv_80_m31 | 6.806205750835769 × 10^291 |
| 33 | ov_033 | 8.155730409506724 × 10^292 |
| 34 | ov_034 | 7.071861708050023 × 10^292 |
| 35 | ov_035 | 6.102251788190056 × 10^292 |
| 36 | ov_036 | 5.237608111635872 × 10^292 |
| 37 | ov_037 | 4.469139064373773 × 10^292 |
| 38 | ov_038 | 3.78851848924722 × 10^292 |
| 39 | ov_039 | 3.187855046248054 × 10^292 |
| 40 | ov_040 | 2.659665940044762 × 10^292 |
| 41 | ov_041 | 2.196854578371755 × 10^292 |
| 42 | ov_042 | 1.7959666555753137 × 10^292 |
| 43 | ov_043 | 1.453727264520585 × 10^292 |
| 44 | ov_044 | 1.1640976263218455 × 10^292 |
| 45 | ov_045 | 9.213671936504986 × 10^291 |
| 46 | ov_046 | 7.201452255656019 × 10^291 |
| 47 | ov_047 | 5.5535415403029745 × 10^291 |
| 48 | ov_048 | 4.222244621641667 × 10^291 |
| 49 | ov_049 | 3.1629081552214695 × 10^291 |
| 50 | ov_050 | 2.333892087830012 × 10^291 |
| 51 | ov_051 | 1.696549112082096 × 10^291 |
| 52 | ov_052 | 1.2152101512367024 × 10^291 |
| 53 | ov_053 | 8.571742084100973 × 10^290 |
| 54 | ov_054 | 5.9270135931395075 × 10^290 |
| 55 | ov_055 | 3.950080734523399 × 10^290 |
| 56 | ov_056 | 2.5144122386458206 × 10^290 |
| 57 | ov_057 | 1.508238354631472 × 10^290 |
| 58 | ov_058 | 8.345444653161182 × 10^289 |
| 59 | ov_059 | 4.110677850289212 × 10^289 |
| 60 | ov_060 | 1.7029586926475215 × 10^289 |
| 61 | ov_061 | 5.946608017403101 × 10^288 |
| 62 | ov_062 | 1.6307069220367834 × 10^288 |
| 63 | ov_063 | 3.177113595153179 × 10^287 |
| 64 | lv_79_m31 | 6.18851562039397 × 10^286 |
| 65 | ov_065 | 7.333845013039442 × 10^287 |
| 66 | ov_066 | 7.333826706563522 × 10^287 |
| 67 | ov_067 | 7.333822405788291 × 10^287 |
| 68 | ov_068 | 6.338768595376098 × 10^287 |
| 69 | ov_069 | 5.449329662532307 × 10^287 |
| 70 | ov_070 | 4.65754634419716 × 10^287 |
| 71 | ov_071 | 3.955838731651376 × 10^287 |
| 72 | ov_072 | 3.3369871693284794 × 10^287 |
| 73 | ov_073 | 2.7941171786522278 × 10^287 |
| 74 | ov_074 | 2.3206871843546933 × 10^287 |
| 75 | ov_075 | 1.9104780108757143 × 10^287 |
| 76 | ov_076 | 1.5575835485980616 × 10^287 |
| 77 | ov_077 | 1.256402398403789 × 10^287 |
| 78 | ov_078 | 1.0016304374863093 × 10^287 |
| 79 | ov_079 | 7.882542503397364 × 10^286 |
| 80 | ov_080 | 6.115453696003648 × 10^286 |
| 81 | ov_081 | 4.670552719780633 × 10^286 |
| 82 | ov_082 | 3.506110749276017 × 10^286 |
| 83 | ov_083 | 2.5831188000695154 × 10^286 |
| 84 | ov_084 | 1.8652570908134614 × 10^286 |
| 85 | ov_085 | 1.3188697968096484 × 10^286 |
| 86 | ov_086 | 9.129446592252273 × 10^285 |
| 87 | ov_087 | 6.190969147262222 × 10^285 |
| 88 | ov_088 | 4.115570107297023 × 10^285 |
| 89 | ov_089 | 2.671615717218111 × 10^285 |
| 90 | ov_090 | 1.653470822195869 × 10^285 |
| 91 | ov_091 | 9.648111295039843 × 10^284 |
| 92 | ov_092 | 5.222830298102974 × 10^284 |
| 93 | ov_093 | 2.5549465997982094 × 10^284 |
| 94 | ov_094 | 1.070115072909413 × 10^284 |
| 95 | aaa_78_28 | 3.235461295142871 × 10^283 |
| 96 | aaa_78_29 | 9.614025249982469 × 10^282 |
| 97 | ov_097 | 5.409761380813883 × 10^282 |
| 98 | ov_098 | 5.409672715198406 × 10^282 |
| 99 | ov_099 | 5.40964436040901 × 10^282 |
| 100 | ov_100 | 4.417091542529013 × 10^282 |
| 101 | ov_101 | 3.596586096886577 × 10^282 |
| 102 | ov_102 | 2.9263962873930586 × 10^282 |
| 103 | ov_103 | 2.385981265525851 × 10^282 |
| 104 | ov_104 | 1.955903742189137 × 10^282 |
| 105 | ov_105 | 1.617754159317698 × 10^282 |
| 106 | ov_106 | 1.354085303115803 × 10^282 |
| 107 | ov_107 | 1.148356354753509 × 10^282 |
| 108 | ov_108 | 9.848854264394579 × 10^281 |
| 109 | ov_109 | 8.488096814364497 × 10^281 |
| 110 | ov_110 | 7.260521861107378 × 10^281 |
| 111 | ov_111 | 6.1587630201713756 × 10^281 |
| 112 | ov_112 | 5.175629701248281 × 10^281 |
| 113 | ov_113 | 4.3040690492011236 × 10^281 |
| 114 | ov_114 | 3.53713401554137 × 10^281 |
| 115 | ov_115 | 2.8679570899345235 × 10^281 |
| 116 | ov_116 | 2.2897292219992964 × 10^281 |
| 117 | ov_117 | 1.7956834641085603 × 10^281 |
| 118 | ov_118 | 1.3790828662056002 × 10^281 |
| 119 | ov_119 | 1.033211768829841 × 10^281 |
| 120 | ov_120 | 7.513693142181819 × 10^280 |
| 121 | ov_121 | 5.268644975875639 × 10^280 |
| 122 | ov_122 | 3.530125243373166 × 10^280 |
| 123 | ov_123 | 2.231322389256722 × 10^280 |
| 124 | ov_124 | 1.305443911781097 × 10^280 |
| 125 | ov_125 | 6.857056273835506 × 10^279 |
| 126 | ov_126 | 3.0532619727152997 × 10^279 |
| 127 | aaa_77_28 | 9.752502759772471 × 10^278 |
| 128 | aaa_77_29 | 3.6579141121888716 × 10^278 |
| 129 | ov_129 | 3.358694387237305 × 10^278 |
| 130 | ov_130 | 3.358684296266586 × 10^278 |
| 131 | ov_131 | 3.358681859104528 × 10^278 |
| 132 | ov_132 | 2.9108492889405295 × 10^278 |
| 133 | ov_133 | 2.5093305976723747 × 10^278 |
| 134 | ov_134 | 2.1505056837952976 × 10^278 |
| 135 | ov_135 | 1.8309453169742754 × 10^278 |
| 136 | ov_136 | 1.5473974230045857 × 10^278 |
| 137 | ov_137 | 1.2982786694712367 × 10^278 |
| 138 | ov_138 | 1.0806578789662829 × 10^278 |
| 139 | ov_139 | 8.917510037687719 × 10^277 |
| 140 | ov_140 | 7.289142080997833 × 10^277 |
| 141 | ov_141 | 5.896382120223172 × 10^277 |
| 142 | ov_142 | 4.715437404994604 × 10^277 |
| 143 | ov_143 | 3.7237793020054555 × 10^277 |
| 144 | ov_144 | 2.9001155565631406 × 10^277 |
| 145 | ov_145 | 2.2243694533317878 × 10^277 |
| 146 | ov_146 | 1.6776646713862817 × 10^277 |
| 147 | ov_147 | 1.242314717935965 × 10^277 |
| 148 | ov_148 | 9.018159141835647 × 10^276 |
| 149 | ov_149 | 6.408429957941792 × 10^276 |
| 150 | ov_150 | 4.4524647938485185 × 10^276 |
| 151 | ov_151 | 3.0205107170418546 × 10^276 |
| 152 | ov_152 | 1.9945462142221915 × 10^276 |
| 153 | ov_153 | 1.2682737612964234 × 10^276 |
| 154 | ov_154 | 7.471146375903255 × 10^275 |
| 155 | ov_155 | 3.8670864761829816 × 10^275 |
| 156 | aaa_76_25 | 1.4855271231600457 × 10^275 |
| 157 | aaa_76_26 | 8.574028796876824 × 10^274 |
| 158 | aaa_76_27 | 4.3862844769052755 × 10^274 |
| 159 | aaa_76_28 | 1.706459688625324 × 10^274 |
| 160 | aaa_76_29 | 5.185454780723842 × 10^273 |

### Output Bits Sorted by Complexity

| Rank | Output Bit | Complexity |
|:----:|:----------:|:----------:|
| 160 | aaa_76_29 | 5.185454780723842 × 10^273 |
| 159 | aaa_76_28 | 1.706459688625324 × 10^274 |
| 158 | aaa_76_27 | 4.3862844769052755 × 10^274 |
| 157 | aaa_76_26 | 8.574028796876824 × 10^274 |
| 156 | aaa_76_25 | 1.4855271231600457 × 10^275 |
| 155 | ov_155 | 3.8670864761829816 × 10^275 |
| 154 | ov_154 | 7.471146375903255 × 10^275 |
| 153 | ov_153 | 1.2682737612964234 × 10^276 |
| 152 | ov_152 | 1.9945462142221915 × 10^276 |
| 151 | ov_151 | 3.0205107170418546 × 10^276 |
| 150 | ov_150 | 4.4524647938485185 × 10^276 |
| 149 | ov_149 | 6.408429957941792 × 10^276 |
| 148 | ov_148 | 9.018159141835647 × 10^276 |
| 147 | ov_147 | 1.242314717935965 × 10^277 |
| 146 | ov_146 | 1.6776646713862817 × 10^277 |
| 145 | ov_145 | 2.2243694533317878 × 10^277 |
| 144 | ov_144 | 2.9001155565631406 × 10^277 |
| 143 | ov_143 | 3.7237793020054555 × 10^277 |
| 142 | ov_142 | 4.715437404994604 × 10^277 |
| 141 | ov_141 | 5.896382120223172 × 10^277 |
| 140 | ov_140 | 7.289142080997833 × 10^277 |
| 139 | ov_139 | 8.917510037687719 × 10^277 |
| 138 | ov_138 | 1.0806578789662829 × 10^278 |
| 137 | ov_137 | 1.2982786694712367 × 10^278 |
| 136 | ov_136 | 1.5473974230045857 × 10^278 |
| 135 | ov_135 | 1.8309453169742754 × 10^278 |
| 134 | ov_134 | 2.1505056837952976 × 10^278 |
| 133 | ov_133 | 2.5093305976723747 × 10^278 |
| 132 | ov_132 | 2.9108492889405295 × 10^278 |
| 131 | ov_131 | 3.358681859104528 × 10^278 |
| 130 | ov_130 | 3.358684296266586 × 10^278 |
| 129 | ov_129 | 3.358694387237305 × 10^278 |
| 128 | aaa_77_29 | 3.6579141121888716 × 10^278 |
| 127 | aaa_77_28 | 9.752502759772471 × 10^278 |
| 126 | ov_126 | 3.0532619727152997 × 10^279 |
| 125 | ov_125 | 6.857056273835506 × 10^279 |
| 124 | ov_124 | 1.305443911781097 × 10^280 |
| 123 | ov_123 | 2.231322389256722 × 10^280 |
| 122 | ov_122 | 3.530125243373166 × 10^280 |
| 121 | ov_121 | 5.268644975875639 × 10^280 |
| 120 | ov_120 | 7.513693142181819 × 10^280 |
| 119 | ov_119 | 1.033211768829841 × 10^281 |
| 118 | ov_118 | 1.3790828662056002 × 10^281 |
| 117 | ov_117 | 1.7956834641085603 × 10^281 |
| 116 | ov_116 | 2.2897292219992964 × 10^281 |
| 115 | ov_115 | 2.8679570899345235 × 10^281 |
| 114 | ov_114 | 3.53713401554137 × 10^281 |
| 113 | ov_113 | 4.3040690492011236 × 10^281 |
| 112 | ov_112 | 5.175629701248281 × 10^281 |
| 111 | ov_111 | 6.1587630201713756 × 10^281 |
| 110 | ov_110 | 7.260521861107378 × 10^281 |
| 109 | ov_109 | 8.488096814364497 × 10^281 |
| 108 | ov_108 | 9.848854264394579 × 10^281 |
| 107 | ov_107 | 1.148356354753509 × 10^282 |
| 106 | ov_106 | 1.354085303115803 × 10^282 |
| 105 | ov_105 | 1.617754159317698 × 10^282 |
| 104 | ov_104 | 1.955903742189137 × 10^282 |
| 103 | ov_103 | 2.385981265525851 × 10^282 |
| 102 | ov_102 | 2.9263962873930586 × 10^282 |
| 101 | ov_101 | 3.596586096886577 × 10^282 |
| 100 | ov_100 | 4.417091542529013 × 10^282 |
| 99 | ov_099 | 5.40964436040901 × 10^282 |
| 98 | ov_098 | 5.409672715198406 × 10^282 |
| 97 | ov_097 | 5.409761380813883 × 10^282 |
| 96 | aaa_78_29 | 9.614025249982469 × 10^282 |
| 95 | aaa_78_28 | 3.235461295142871 × 10^283 |
| 94 | ov_094 | 1.070115072909413 × 10^284 |
| 93 | ov_093 | 2.5549465997982094 × 10^284 |
| 92 | ov_092 | 5.222830298102974 × 10^284 |
| 91 | ov_091 | 9.648111295039843 × 10^284 |
| 90 | ov_090 | 1.653470822195869 × 10^285 |
| 89 | ov_089 | 2.671615717218111 × 10^285 |
| 88 | ov_088 | 4.115570107297023 × 10^285 |
| 87 | ov_087 | 6.190969147262222 × 10^285 |
| 86 | ov_086 | 9.129446592252273 × 10^285 |
| 85 | ov_085 | 1.3188697968096484 × 10^286 |
| 84 | ov_084 | 1.8652570908134614 × 10^286 |
| 83 | ov_083 | 2.5831188000695154 × 10^286 |
| 82 | ov_082 | 3.506110749276017 × 10^286 |
| 81 | ov_081 | 4.670552719780633 × 10^286 |
| 80 | ov_080 | 6.115453696003648 × 10^286 |
| 64 | lv_79_m31 | 6.18851562039397 × 10^286 |
| 79 | ov_079 | 7.882542503397364 × 10^286 |
| 78 | ov_078 | 1.0016304374863093 × 10^287 |
| 77 | ov_077 | 1.256402398403789 × 10^287 |
| 76 | ov_076 | 1.5575835485980616 × 10^287 |
| 75 | ov_075 | 1.9104780108757143 × 10^287 |
| 74 | ov_074 | 2.3206871843546933 × 10^287 |
| 73 | ov_073 | 2.7941171786522278 × 10^287 |
| 63 | ov_063 | 3.177113595153179 × 10^287 |
| 72 | ov_072 | 3.3369871693284794 × 10^287 |
| 71 | ov_071 | 3.955838731651376 × 10^287 |
| 70 | ov_070 | 4.65754634419716 × 10^287 |
| 69 | ov_069 | 5.449329662532307 × 10^287 |
| 68 | ov_068 | 6.338768595376098 × 10^287 |
| 67 | ov_067 | 7.333822405788291 × 10^287 |
| 66 | ov_066 | 7.333826706563522 × 10^287 |
| 65 | ov_065 | 7.333845013039442 × 10^287 |
| 62 | ov_062 | 1.6307069220367834 × 10^288 |
| 61 | ov_061 | 5.946608017403101 × 10^288 |
| 60 | ov_060 | 1.7029586926475215 × 10^289 |
| 59 | ov_059 | 4.110677850289212 × 10^289 |
| 58 | ov_058 | 8.345444653161182 × 10^289 |
| 57 | ov_057 | 1.508238354631472 × 10^290 |
| 56 | ov_056 | 2.5144122386458206 × 10^290 |
| 55 | ov_055 | 3.950080734523399 × 10^290 |
| 54 | ov_054 | 5.9270135931395075 × 10^290 |
| 53 | ov_053 | 8.571742084100973 × 10^290 |
| 52 | ov_052 | 1.2152101512367024 × 10^291 |
| 51 | ov_051 | 1.696549112082096 × 10^291 |
| 50 | ov_050 | 2.333892087830012 × 10^291 |
| 49 | ov_049 | 3.1629081552214695 × 10^291 |
| 48 | ov_048 | 4.222244621641667 × 10^291 |
| 47 | ov_047 | 5.5535415403029745 × 10^291 |
| 32 | lv_80_m31 | 6.806205750835769 × 10^291 |
| 46 | ov_046 | 7.201452255656019 × 10^291 |
| 45 | ov_045 | 9.213671936504986 × 10^291 |
| 44 | ov_044 | 1.1640976263218455 × 10^292 |
| 43 | ov_043 | 1.453727264520585 × 10^292 |
| 42 | ov_042 | 1.7959666555753137 × 10^292 |
| 41 | ov_041 | 2.196854578371755 × 10^292 |
| 40 | ov_040 | 2.659665940044762 × 10^292 |
| 39 | ov_039 | 3.187855046248054 × 10^292 |
| 31 | ov_031 | 3.4909513477575017 × 10^292 |
| 38 | ov_038 | 3.78851848924722 × 10^292 |
| 37 | ov_037 | 4.469139064373773 × 10^292 |
| 36 | ov_036 | 5.237608111635872 × 10^292 |
| 35 | ov_035 | 6.102251788190056 × 10^292 |
| 34 | ov_034 | 7.071861708050023 × 10^292 |
| 33 | ov_033 | 8.155730409506724 × 10^292 |
| 30 | ov_030 | 1.7902325257976636 × 10^293 |
| 29 | ov_029 | 5.857440276926136 × 10^293 |
| 28 | ov_028 | 1.5205323487238913 × 10^294 |
| 27 | ov_027 | 3.399086166308976 × 10^294 |
| 26 | ov_026 | 6.798179939059807 × 10^294 |
| 25 | ov_025 | 1.2455666521222677 × 10^295 |
| 24 | ov_024 | 2.1270484362237214 × 10^295 |
| 23 | ov_023 | 3.5201616986790695 × 10^295 |
| 22 | ov_022 | 5.6530311734406 × 10^295 |
| 21 | ov_021 | 8.786023191367273 × 10^295 |
| 20 | ov_020 | 1.3211773454370894 × 10^296 |
| 19 | ov_019 | 1.92552324220457 × 10^296 |
| 18 | ov_018 | 2.727373430200663 × 10^296 |
| 17 | ov_017 | 3.765709681529685 × 10^296 |
| 16 | ov_016 | 5.082776008857396 × 10^296 |
| 15 | ov_015 | 6.724097547086302 × 10^296 |
| 14 | ov_014 | 8.738506019784404 × 10^296 |
| 13 | ov_013 | 1.1178173939642377 × 10^297 |
| 12 | ov_012 | 1.4098660040745182 × 10^297 |
| 11 | ov_011 | 1.7558968677667176 × 10^297 |
| 10 | ov_010 | 2.162162616432942 × 10^297 |
| 9 | ov_009 | 2.6352777264503167 × 10^297 |
| 8 | ov_008 | 3.182230528622763 × 10^297 |
| 7 | ov_007 | 3.810397947479823 × 10^297 |
| 6 | ov_006 | 4.527563364410455 × 10^297 |
| 5 | ov_005 | 5.341938023486544 × 10^297 |
| 4 | ov_004 | 6.262186424183377 × 10^297 |
| 3 | ov_003 | 7.29745614013869 × 10^297 |
| 2 | ov_002 | 8.457412435015058 × 10^297 |
| 1 | ov_001 | 9.752278008701645 × 10^297 |

