# Results for F001-F002-F003-F004-F005-F006-F007-F008-F009-F010-F011-F012-F013-F014-F015-F016-F017-F018-F019-F020-F021-F022-F023-F024-F025-F026-F027-F028-F029-F030-F031-F032-F033-F034-F035-F036-F037-F038-F039-F040-F041-F042-F043-F044-F045-F046-F047-F048-F049-F050-F051-F052-F053-F054-F055-F056-F057-F058-F059-F060-F061-F062-F063-F064-F065-F066-F067-F068-F069-F070-F071-F072-F073-F074-F075-F076-F077-F078-F079-F080-F081-F082-F083-F084-F085-F086-F087-F088-F089-F090-F091-F092-F093-F094-F095-F096-F097-F098-F099-F100-F101-F102-F103-F104-F105-F106-F107-F108-F109-F110-F111-F112-F113-F114-F115-F116-F117-F118-F119-F120-F121-F122-F123-F124-F125-F126-F127-F128-F129-F130-F131-F132-F133-F134-F135-F136-F137-F138-F139-F140-F141-F142-F143-F144-F145-F146-F147-F148-F149-F150-F151-F152-F153-F154-F155-F156-F157-F158-F159-F160-F161-F162-F163-F164-F165-F166-F167-F168-F169-F170-F171-F172-F173-F174-F175-F176-F177-F178-F179-F180-F181-F182-F183-F184-F185-F186-F187-F188-F189-F190-F191-F192-F193-F194-F195-F196-F197-F198-F199-F200-F201-F202-F203-F204-F205-F206-F207-F208-F209-F210-F211-F212-F213-F214-F215-F216-F217-F218-F219-F220-F221-F222-F223-F224-F225-F226-F227-F228-F229-F230-F231-F232-F233-F234-F235-F236-F237-F238-F239-F240-F241-F242-F243-F244-F245-F246-F247-F248-F249-F250-F251-F252-F253-F254-F255-F256-F257-F258-F259-F260-F261-F262-F263-F264-F265-F266-F267-F268-F269-F270-F271-F272-F273-F274-F275-F276-F277-F278-F279-F280-F281-F282-F283-F284-F285-F286-F287-F288-F289-F290-F291-F292-F293-F294-F295-F296-F297-F298-F299-F300-F301-F302-F303-F304-F305-F306-F307-F308-F309-F310-F311-F312-F313-F314-F315-F316-F317-F318-F319-F320-F321-F322-F323-F324-F325-F326-F327-F328-F329-F330-F331-F332-F333-F334-F335-F336-F337-F338-F339-F340-F341-F342-F343-F344-F345-F346-F347-F348-F349-F350-F351-F352-F353-F354-F355-F356-F357-F358-F359-F360-F361-F362-F363-F364-F365-F366-F367-F368-F369-F370-F371-F372-F373-F374-F375-F376-F377-F378-F379-F380-F381-F382-F383-F384-F385-F386-F387-F388-F389-F390-F391-F392-F393-F394-F395-F396-F397-F398-F399-F400-F401-F402-F403-F404-F405-F406-F407-F408-F409-F410-F411-F412-F413-F414-F415-F416-F417-F418-F419-F420-F421-F422-F423-F424-F425-F426-F427-F428-F429-F430-F431-F432-F433-F434-F435-F436-F437-F438-F439-F440-F441-F442-F443-F444-F445-F446-F447-F448-F449-F450-F451-F452-F453-F454-F455-F456-F457-F458-F459-F460-F461-F462-F463-F464-F465-F466-F467-F468-F469-F470-F471-F472-F473-F474-F475-F476-F477-F478-F479-F480-F481-F482-F483-F484-F485-F486-F487-F488-F489-F490-F491-F492-F493-F494-F495-F496-O500505-F507-F509-F510-F511-F512

## Summary

Number of input bits: 512  
Number of free input bits: 10  
Number of output bits: 160

Number of direct occurrences: 40333  
Number of assignments: 30971  
Number of operations: 10913071
(xor: 10885030,
and: 14840,
or: 13201)

Total complexity: 2.1623188871437314 × 10^298

Least occurring input variable: iv_502 (3813)  
Most occurring input variable: iv_500 (4317)

Most co-occurring input variables: iv_500-iv_506 (2044)  
Least co-occurring input variables: iv_499-iv_502 (1727)

Potentially most occurring input variable: iv_500/iv_508 (4518)  
Potentially least occurring input variable: iv_499/iv_504 (4124)

Least output occurring input variable: iv_504 (71)  
Most output occurring input variable: iv_497 (93)

Most output co-occurring input variables: iv_497-iv_506 (52)  
Least output co-occurring input variables: iv_503-iv_508 (28)

Potentially most output occurring input variable: iv_497/iv_508 (94)  
Potentially least output occurring input variable: iv_502/iv_503 (66)

Least complex input bit: iv_508 (4.902656780558716 × 10^295)  
Most complex input bit: iv_500 (7.600848212531166 × 10^297)

Least complex output bit: aaa_76_29 (1.9102918822829986 × 10^273)  
Most complex output bit: ov_001 (3.458781903010854 × 10^297)

Least complex input/output complexity: iv_508/aaa_76_29 (4.3312323197121816 × 10^270)  
Most complex input/output complexity: iv_500/ov_001 (1.2158093980190845 × 10^297)

## Input Bits

### Input Bits in Regular Order

| Input Bit | Complexity | Occurrences | Output Occurrences |
|:---------:|:----------:|:-----------:|:------------------:|
| iv_497 | 1.3655923678414538 × 10^296 | 4101 | 93 |
| iv_498 | 2.7305552629719284 × 10^296 | 3911 | 83 |
| iv_499 | 4.816525683679571 × 10^296 | 3869 | 72 |
| iv_500 | 7.600848212531166 × 10^297 | 4317 | 79 |
| iv_501 | 1.3318206097405802 × 10^297 | 4023 | 82 |
| iv_502 | 2.14522225714108 × 10^297 | 3813 | 75 |
| iv_503 | 3.395888600922736 × 10^297 | 4020 | 73 |
| iv_504 | 5.272350727936583 × 10^297 | 3895 | 71 |
| iv_506 | 9.367645639102957 × 10^296 | 4183 | 88 |
| iv_508 | 4.902656780558716 × 10^295 | 4201 | 71 |

### Input Bits Sorted by Complexity

| Input Bit | Complexity | Occurrences | Output Occurrences |
|:---------:|:----------:|:-----------:|:------------------:|
| iv_508 | 4.902656780558716 × 10^295 | 4201 | 71 |
| iv_497 | 1.3655923678414538 × 10^296 | 4101 | 93 |
| iv_498 | 2.7305552629719284 × 10^296 | 3911 | 83 |
| iv_499 | 4.816525683679571 × 10^296 | 3869 | 72 |
| iv_506 | 9.367645639102957 × 10^296 | 4183 | 88 |
| iv_501 | 1.3318206097405802 × 10^297 | 4023 | 82 |
| iv_502 | 2.14522225714108 × 10^297 | 3813 | 75 |
| iv_503 | 3.395888600922736 × 10^297 | 4020 | 73 |
| iv_504 | 5.272350727936583 × 10^297 | 3895 | 71 |
| iv_500 | 7.600848212531166 × 10^297 | 4317 | 79 |

### Input Bits Sorted by Occurrences

| Input Bit | Complexity | Occurrences | Output Occurrences |
|:---------:|:----------:|:-----------:|:------------------:|
| iv_502 | 2.14522225714108 × 10^297 | 3813 | 75 |
| iv_499 | 4.816525683679571 × 10^296 | 3869 | 72 |
| iv_504 | 5.272350727936583 × 10^297 | 3895 | 71 |
| iv_498 | 2.7305552629719284 × 10^296 | 3911 | 83 |
| iv_503 | 3.395888600922736 × 10^297 | 4020 | 73 |
| iv_501 | 1.3318206097405802 × 10^297 | 4023 | 82 |
| iv_497 | 1.3655923678414538 × 10^296 | 4101 | 93 |
| iv_506 | 9.367645639102957 × 10^296 | 4183 | 88 |
| iv_508 | 4.902656780558716 × 10^295 | 4201 | 71 |
| iv_500 | 7.600848212531166 × 10^297 | 4317 | 79 |

### Input Bits Sorted by Output Occurrences

| Input Bit | Complexity | Occurrences | Output Occurrences |
|:---------:|:----------:|:-----------:|:------------------:|
| iv_504 | 5.272350727936583 × 10^297 | 3895 | 71 |
| iv_508 | 4.902656780558716 × 10^295 | 4201 | 71 |
| iv_499 | 4.816525683679571 × 10^296 | 3869 | 72 |
| iv_503 | 3.395888600922736 × 10^297 | 4020 | 73 |
| iv_502 | 2.14522225714108 × 10^297 | 3813 | 75 |
| iv_500 | 7.600848212531166 × 10^297 | 4317 | 79 |
| iv_501 | 1.3318206097405802 × 10^297 | 4023 | 82 |
| iv_498 | 2.7305552629719284 × 10^296 | 3911 | 83 |
| iv_506 | 9.367645639102957 × 10^296 | 4183 | 88 |
| iv_497 | 1.3655923678414538 × 10^296 | 4101 | 93 |

## Input Bit Co-occurrences

### Input Bit Co-occurrences Sorted by Co-occurrences

| Input Bits | Co-occurrences | Potential Occurrences | Output Co-occurrences | Potential Output Occurrences |
|:----------:|:--------------:|:---------------------:|:---------------------:|:----------------------------:|
| iv_500-iv_506 | 2044 | 4412 | 46 | 75 |
| iv_500-iv_503 | 2022 | 4293 | 37 | 78 |
| iv_497-iv_500 | 2018 | 4382 | 47 | 78 |
| iv_506-iv_508 | 2010 | 4364 | 46 | 67 |
| iv_500-iv_508 | 2000 | 4518 | 33 | 84 |
| iv_498-iv_506 | 1973 | 4148 | 47 | 77 |
| iv_500-iv_501 | 1972 | 4396 | 42 | 77 |
| iv_498-iv_500 | 1967 | 4294 | 40 | 82 |
| iv_497-iv_506 | 1963 | 4358 | 52 | 77 |
| iv_497-iv_501 | 1961 | 4202 | 46 | 83 |

### Input Bit Co-occurrences Sorted by Potential Occurrences

| Input Bits | Co-occurrences | Potential Occurrences | Output Co-occurrences | Potential Output Occurrences |
|:----------:|:--------------:|:---------------------:|:---------------------:|:----------------------------:|
| iv_499-iv_504 | 1820 | 4124 | 29 | 85 |
| iv_498-iv_504 | 1836 | 4134 | 42 | 70 |
| iv_498-iv_506 | 1973 | 4148 | 47 | 77 |
| iv_497-iv_504 | 1917 | 4162 | 47 | 70 |
| iv_499-iv_501 | 1864 | 4164 | 36 | 82 |
| iv_501-iv_503 | 1936 | 4171 | 43 | 69 |
| iv_502-iv_504 | 1761 | 4186 | 34 | 78 |
| iv_498-iv_499 | 1795 | 4190 | 39 | 77 |
| iv_501-iv_502 | 1819 | 4198 | 41 | 75 |
| iv_497-iv_502 | 1857 | 4200 | 42 | 84 |

### Input Bit Output Co-occurrences Sorted by Output Co-occurrences

| Input Bits | Co-occurrences | Potential Occurrences | Output Co-occurrences | Potential Output Occurrences |
|:----------:|:--------------:|:---------------------:|:---------------------:|:----------------------------:|
| iv_497-iv_506 | 1963 | 4358 | 52 | 77 |
| iv_498-iv_506 | 1973 | 4148 | 47 | 77 |
| iv_497-iv_500 | 2018 | 4382 | 47 | 78 |
| iv_497-iv_504 | 1917 | 4162 | 47 | 70 |
| iv_500-iv_506 | 2044 | 4412 | 46 | 75 |
| iv_506-iv_508 | 2010 | 4364 | 46 | 67 |
| iv_497-iv_501 | 1961 | 4202 | 46 | 83 |
| iv_497-iv_498 | 1872 | 4268 | 46 | 84 |
| iv_498-iv_501 | 1841 | 4252 | 45 | 75 |
| iv_501-iv_506 | 1938 | 4330 | 43 | 84 |

### Input Bit Output Co-occurrences Sorted by Potential Output Occurrences

| Input Bits | Co-occurrences | Potential Occurrences | Output Co-occurrences | Potential Output Occurrences |
|:----------:|:--------------:|:---------------------:|:---------------------:|:----------------------------:|
| iv_502-iv_503 | 1777 | 4279 | 41 | 66 |
| iv_506-iv_508 | 2010 | 4364 | 46 | 67 |
| iv_501-iv_503 | 1936 | 4171 | 43 | 69 |
| iv_498-iv_503 | 1842 | 4247 | 43 | 70 |
| iv_497-iv_504 | 1917 | 4162 | 47 | 70 |
| iv_498-iv_504 | 1836 | 4134 | 42 | 70 |
| iv_498-iv_502 | 1741 | 4242 | 42 | 74 |
| iv_500-iv_506 | 2044 | 4412 | 46 | 75 |
| iv_501-iv_502 | 1819 | 4198 | 41 | 75 |
| iv_501-iv_504 | 1831 | 4256 | 39 | 75 |

## Output Bits

### Output Bits in Regular Order

| Rank | Output Bit | Complexity |
|:----:|:----------:|:----------:|
| 1 | ov_001 | 3.458781903010854 × 10^297 |
| 2 | ov_002 | 2.9995419532124326 × 10^297 |
| 3 | ov_003 | 2.5881478000768255 × 10^297 |
| 4 | ov_004 | 2.2209746281819054 × 10^297 |
| 5 | ov_005 | 1.8945952181672585 × 10^297 |
| 6 | ov_006 | 1.6057657853809516 × 10^297 |
| 7 | ov_007 | 1.3514136720572947 × 10^297 |
| 8 | ov_008 | 1.1286267699187959 × 10^297 |
| 9 | ov_009 | 9.346445361204997 × 10^296 |
| 10 | ov_010 | 7.668504403053777 × 10^296 |
| 11 | ov_011 | 6.2276567866807484 × 10^296 |
| 12 | ov_012 | 5.00044000290212 × 10^296 |
| 13 | ov_013 | 3.964675002006829 × 10^296 |
| 14 | ov_014 | 3.0994324266988685 × 10^296 |
| 15 | ov_015 | 2.3850058720136675 × 10^296 |
| 16 | ov_016 | 1.8028909856477535 × 10^296 |
| 17 | ov_017 | 1.3357693104141237 × 10^296 |
| 18 | ov_018 | 9.674959106353769 × 10^295 |
| 19 | ov_019 | 6.830900163269748 × 10^295 |
| 20 | ov_020 | 4.68728047772812 × 10^295 |
| 21 | ov_021 | 3.117384844553822 × 10^295 |
| 22 | ov_022 | 2.0059817943971755 × 10^295 |
| 23 | ov_023 | 1.2492981067535617 × 10^295 |
| 24 | ov_024 | 7.550020428600694 × 10^294 |
| 25 | ov_025 | 4.421930851412014 × 10^294 |
| 26 | ov_026 | 2.4139631620171684 × 10^294 |
| 27 | ov_027 | 1.2073021040201796 × 10^294 |
| 28 | ov_028 | 5.402433128823745 × 10^293 |
| 29 | ov_029 | 2.0819065620195118 × 10^293 |
| 30 | ov_030 | 6.36555363598788 × 10^292 |
| 31 | ov_031 | 1.241909415800875 × 10^292 |
| 32 | lv_80_m31 | 2.4226465759482445 × 10^291 |
| 33 | ov_033 | 2.8935906239680617 × 10^292 |
| 34 | ov_034 | 2.509825034711604 × 10^292 |
| 35 | ov_035 | 2.166402287763902 × 10^292 |
| 36 | ov_036 | 1.8598894569243115 × 10^292 |
| 37 | ov_037 | 1.587038671562247 × 10^292 |
| 38 | ov_038 | 1.3447740139515462 × 10^292 |
| 39 | ov_039 | 1.1301802000978872 × 10^292 |
| 40 | ov_040 | 9.418384375519814 × 10^291 |
| 41 | ov_041 | 7.771270445788386 × 10^291 |
| 42 | ov_042 | 6.347699030484672 × 10^291 |
| 43 | ov_043 | 5.13557169711003 × 10^291 |
| 44 | ov_044 | 4.112579489743394 × 10^291 |
| 45 | ov_045 | 3.257626032572686 × 10^291 |
| 46 | ov_046 | 2.550796404946877 × 10^291 |
| 47 | ov_047 | 1.973332635420518 × 10^291 |
| 48 | ov_048 | 1.5076147805765444 × 10^291 |
| 49 | ov_049 | 1.1371466328819936 × 10^291 |
| 50 | ov_050 | 8.465451797524561 × 10^290 |
| 51 | ov_051 | 6.215330134992654 × 10^290 |
| 52 | ov_052 | 4.489329690126263 × 10^290 |
| 53 | ov_053 | 3.1666437377545613 × 10^290 |
| 54 | ov_054 | 2.189606296314937 × 10^290 |
| 55 | ov_055 | 1.459271434084923 × 10^290 |
| 56 | ov_056 | 9.288949238191187 × 10^289 |
| 57 | ov_057 | 5.571858605405725 × 10^289 |
| 58 | ov_058 | 3.083043027347019 × 10^289 |
| 59 | ov_059 | 1.5186005241723663 × 10^289 |
| 60 | ov_060 | 6.291210456526003 × 10^288 |
| 61 | ov_061 | 2.1968449654115536 × 10^288 |
| 62 | ov_062 | 6.024291929974697 × 10^287 |
| 63 | ov_063 | 1.173715485258201 × 10^287 |
| 64 | lv_79_m31 | 2.2862124215345587 × 10^286 |
| 65 | ov_065 | 2.7093293910541004 × 10^287 |
| 66 | ov_066 | 2.7093226281264668 × 10^287 |
| 67 | ov_067 | 2.7093210392988647 × 10^287 |
| 68 | ov_068 | 2.34172001655941 × 10^287 |
| 69 | ov_069 | 2.013136127866876 × 10^287 |
| 70 | ov_070 | 1.7206289936524727 × 10^287 |
| 71 | ov_071 | 1.4613983789066758 × 10^287 |
| 72 | ov_072 | 1.2327771366484735 × 10^287 |
| 73 | ov_073 | 1.0322256383481288 × 10^287 |
| 74 | ov_074 | 8.573272396622869 × 10^286 |
| 75 | ov_075 | 7.057844000852125 × 10^286 |
| 76 | ov_076 | 5.754152347692802 × 10^286 |
| 77 | ov_077 | 4.641504277643113 × 10^286 |
| 78 | ov_078 | 3.7003048559449575 × 10^286 |
| 79 | ov_079 | 2.912033104562915 × 10^286 |
| 80 | ov_080 | 2.259220725989578 × 10^286 |
| 81 | ov_081 | 1.7254336165731292 × 10^286 |
| 82 | ov_082 | 1.295255968585559 × 10^286 |
| 83 | ov_083 | 9.542767613468334 × 10^285 |
| 84 | ov_084 | 6.890784425021632 × 10^285 |
| 85 | ov_085 | 4.8722760109990364 × 10^285 |
| 86 | ov_086 | 3.3726743449567663 × 10^285 |
| 87 | ov_087 | 2.28711811357689 × 10^285 |
| 88 | ov_088 | 1.520407332041151 × 10^285 |
| 89 | ov_089 | 9.869699699421745 × 10^284 |
| 90 | ov_090 | 6.1083861343103314 × 10^284 |
| 91 | ov_091 | 3.564283580641661 × 10^284 |
| 92 | ov_092 | 1.9294603530866653 × 10^284 |
| 93 | ov_093 | 9.438691066615048 × 10^283 |
| 94 | ov_094 | 3.9533059612712327 × 10^283 |
| 95 | aaa_78_28 | 1.1952703863380043 × 10^283 |
| 96 | aaa_78_29 | 3.55169142144769 × 10^282 |
| 97 | ov_097 | 1.9985231367095773 × 10^282 |
| 98 | ov_098 | 1.998490377301777 × 10^282 |
| 99 | ov_099 | 1.998479900856065 × 10^282 |
| 100 | ov_100 | 1.631802854462074 × 10^282 |
| 101 | ov_101 | 1.3286850745137687 × 10^282 |
| 102 | ov_102 | 1.0810981560847489 × 10^282 |
| 103 | ov_103 | 8.814536737005643 × 10^281 |
| 104 | ov_104 | 7.225709133994145 × 10^281 |
| 105 | ov_105 | 5.976488533646727 × 10^281 |
| 106 | ov_106 | 5.0024200255553565 × 10^281 |
| 107 | ov_107 | 4.242397265563963 × 10^281 |
| 108 | ov_108 | 3.638487090079485 × 10^281 |
| 109 | ov_109 | 3.1357821561407254 × 10^281 |
| 110 | ov_110 | 2.682278459571157 × 10^281 |
| 111 | ov_111 | 2.2752546865350887 × 10^281 |
| 112 | ov_112 | 1.9120544721400542 × 10^281 |
| 113 | ov_113 | 1.59007233647062 × 10^281 |
| 114 | ov_114 | 1.3067418863906528 × 10^281 |
| 115 | ov_115 | 1.0595261092103777 × 10^281 |
| 116 | ov_116 | 8.459095845634767 × 10^280 |
| 117 | ov_117 | 6.63392441005739 × 10^280 |
| 118 | ov_118 | 5.0948588396239205 × 10^280 |
| 119 | ov_119 | 3.8170897945876434 × 10^280 |
| 120 | ov_120 | 2.7758625749802367 × 10^280 |
| 121 | ov_121 | 1.9464588455116786 × 10^280 |
| 122 | ov_122 | 1.3041831856056923 × 10^280 |
| 123 | ov_123 | 8.243535986277925 × 10^279 |
| 124 | ov_124 | 4.8229511437532504 × 10^279 |
| 125 | ov_125 | 2.533358290578817 × 10^279 |
| 126 | ov_126 | 1.1280488715610905 × 10^279 |
| 127 | aaa_77_28 | 3.6031707543274314 × 10^278 |
| 128 | aaa_77_29 | 1.3514771074792895 × 10^278 |
| 129 | ov_129 | 1.2409005528372736 × 10^278 |
| 130 | ov_130 | 1.2408968370694724 × 10^278 |
| 131 | ov_131 | 1.2408959401635756 × 10^278 |
| 132 | ov_132 | 1.0754723639493073 × 10^278 |
| 133 | ov_133 | 9.271449542641879 × 10^277 |
| 134 | ov_134 | 7.945804083452484 × 10^277 |
| 135 | ov_135 | 6.7651524462529905 × 10^277 |
| 136 | ov_136 | 5.717507874896111 × 10^277 |
| 137 | ov_137 | 4.79703322213719 × 10^277 |
| 138 | ov_138 | 3.9929161885048206 × 10^277 |
| 139 | ov_139 | 3.2948834660262467 × 10^277 |
| 140 | ov_140 | 2.6931758471707278 × 10^277 |
| 141 | ov_141 | 2.1785279900334344 × 10^277 |
| 142 | ov_142 | 1.7421522464246666 × 10^277 |
| 143 | ov_143 | 1.3757259939234635 × 10^277 |
| 144 | ov_144 | 1.071381947122338 × 10^277 |
| 145 | ov_145 | 8.217009573079868 × 10^276 |
| 146 | ov_146 | 6.197068437411381 × 10^276 |
| 147 | ov_147 | 4.588628335477217 × 10^276 |
| 148 | ov_148 | 3.3306922103171587 × 10^276 |
| 149 | ov_149 | 2.3666189097979345 × 10^276 |
| 150 | ov_150 | 1.644114001516461 × 10^276 |
| 151 | ov_151 | 1.1152239043300573 × 10^276 |
| 152 | ov_152 | 7.36331917641774 × 10^275 |
| 153 | ov_153 | 4.681554074351291 × 10^275 |
| 154 | ov_154 | 2.7574384275775574 × 10^275 |
| 155 | ov_155 | 1.4270478100601197 × 10^275 |
| 156 | aaa_76_25 | 5.481096611006862 × 10^274 |
| 157 | aaa_76_26 | 3.162573850105445 × 10^274 |
| 158 | aaa_76_27 | 1.6173436556550235 × 10^274 |
| 159 | aaa_76_28 | 6.289376716227241 × 10^273 |
| 160 | aaa_76_29 | 1.9102918822829986 × 10^273 |

### Output Bits Sorted by Complexity

| Rank | Output Bit | Complexity |
|:----:|:----------:|:----------:|
| 160 | aaa_76_29 | 1.9102918822829986 × 10^273 |
| 159 | aaa_76_28 | 6.289376716227241 × 10^273 |
| 158 | aaa_76_27 | 1.6173436556550235 × 10^274 |
| 157 | aaa_76_26 | 3.162573850105445 × 10^274 |
| 156 | aaa_76_25 | 5.481096611006862 × 10^274 |
| 155 | ov_155 | 1.4270478100601197 × 10^275 |
| 154 | ov_154 | 2.7574384275775574 × 10^275 |
| 153 | ov_153 | 4.681554074351291 × 10^275 |
| 152 | ov_152 | 7.36331917641774 × 10^275 |
| 151 | ov_151 | 1.1152239043300573 × 10^276 |
| 150 | ov_150 | 1.644114001516461 × 10^276 |
| 149 | ov_149 | 2.3666189097979345 × 10^276 |
| 148 | ov_148 | 3.3306922103171587 × 10^276 |
| 147 | ov_147 | 4.588628335477217 × 10^276 |
| 146 | ov_146 | 6.197068437411381 × 10^276 |
| 145 | ov_145 | 8.217009573079868 × 10^276 |
| 144 | ov_144 | 1.071381947122338 × 10^277 |
| 143 | ov_143 | 1.3757259939234635 × 10^277 |
| 142 | ov_142 | 1.7421522464246666 × 10^277 |
| 141 | ov_141 | 2.1785279900334344 × 10^277 |
| 140 | ov_140 | 2.6931758471707278 × 10^277 |
| 139 | ov_139 | 3.2948834660262467 × 10^277 |
| 138 | ov_138 | 3.9929161885048206 × 10^277 |
| 137 | ov_137 | 4.79703322213719 × 10^277 |
| 136 | ov_136 | 5.717507874896111 × 10^277 |
| 135 | ov_135 | 6.7651524462529905 × 10^277 |
| 134 | ov_134 | 7.945804083452484 × 10^277 |
| 133 | ov_133 | 9.271449542641879 × 10^277 |
| 132 | ov_132 | 1.0754723639493073 × 10^278 |
| 131 | ov_131 | 1.2408959401635756 × 10^278 |
| 130 | ov_130 | 1.2408968370694724 × 10^278 |
| 129 | ov_129 | 1.2409005528372736 × 10^278 |
| 128 | aaa_77_29 | 1.3514771074792895 × 10^278 |
| 127 | aaa_77_28 | 3.6031707543274314 × 10^278 |
| 126 | ov_126 | 1.1280488715610905 × 10^279 |
| 125 | ov_125 | 2.533358290578817 × 10^279 |
| 124 | ov_124 | 4.8229511437532504 × 10^279 |
| 123 | ov_123 | 8.243535986277925 × 10^279 |
| 122 | ov_122 | 1.3041831856056923 × 10^280 |
| 121 | ov_121 | 1.9464588455116786 × 10^280 |
| 120 | ov_120 | 2.7758625749802367 × 10^280 |
| 119 | ov_119 | 3.8170897945876434 × 10^280 |
| 118 | ov_118 | 5.0948588396239205 × 10^280 |
| 117 | ov_117 | 6.63392441005739 × 10^280 |
| 116 | ov_116 | 8.459095845634767 × 10^280 |
| 115 | ov_115 | 1.0595261092103777 × 10^281 |
| 114 | ov_114 | 1.3067418863906528 × 10^281 |
| 113 | ov_113 | 1.59007233647062 × 10^281 |
| 112 | ov_112 | 1.9120544721400542 × 10^281 |
| 111 | ov_111 | 2.2752546865350887 × 10^281 |
| 110 | ov_110 | 2.682278459571157 × 10^281 |
| 109 | ov_109 | 3.1357821561407254 × 10^281 |
| 108 | ov_108 | 3.638487090079485 × 10^281 |
| 107 | ov_107 | 4.242397265563963 × 10^281 |
| 106 | ov_106 | 5.0024200255553565 × 10^281 |
| 105 | ov_105 | 5.976488533646727 × 10^281 |
| 104 | ov_104 | 7.225709133994145 × 10^281 |
| 103 | ov_103 | 8.814536737005643 × 10^281 |
| 102 | ov_102 | 1.0810981560847489 × 10^282 |
| 101 | ov_101 | 1.3286850745137687 × 10^282 |
| 100 | ov_100 | 1.631802854462074 × 10^282 |
| 99 | ov_099 | 1.998479900856065 × 10^282 |
| 98 | ov_098 | 1.998490377301777 × 10^282 |
| 97 | ov_097 | 1.9985231367095773 × 10^282 |
| 96 | aaa_78_29 | 3.55169142144769 × 10^282 |
| 95 | aaa_78_28 | 1.1952703863380043 × 10^283 |
| 94 | ov_094 | 3.9533059612712327 × 10^283 |
| 93 | ov_093 | 9.438691066615048 × 10^283 |
| 92 | ov_092 | 1.9294603530866653 × 10^284 |
| 91 | ov_091 | 3.564283580641661 × 10^284 |
| 90 | ov_090 | 6.1083861343103314 × 10^284 |
| 89 | ov_089 | 9.869699699421745 × 10^284 |
| 88 | ov_088 | 1.520407332041151 × 10^285 |
| 87 | ov_087 | 2.28711811357689 × 10^285 |
| 86 | ov_086 | 3.3726743449567663 × 10^285 |
| 85 | ov_085 | 4.8722760109990364 × 10^285 |
| 84 | ov_084 | 6.890784425021632 × 10^285 |
| 83 | ov_083 | 9.542767613468334 × 10^285 |
| 82 | ov_082 | 1.295255968585559 × 10^286 |
| 81 | ov_081 | 1.7254336165731292 × 10^286 |
| 80 | ov_080 | 2.259220725989578 × 10^286 |
| 64 | lv_79_m31 | 2.2862124215345587 × 10^286 |
| 79 | ov_079 | 2.912033104562915 × 10^286 |
| 78 | ov_078 | 3.7003048559449575 × 10^286 |
| 77 | ov_077 | 4.641504277643113 × 10^286 |
| 76 | ov_076 | 5.754152347692802 × 10^286 |
| 75 | ov_075 | 7.057844000852125 × 10^286 |
| 74 | ov_074 | 8.573272396622869 × 10^286 |
| 73 | ov_073 | 1.0322256383481288 × 10^287 |
| 63 | ov_063 | 1.173715485258201 × 10^287 |
| 72 | ov_072 | 1.2327771366484735 × 10^287 |
| 71 | ov_071 | 1.4613983789066758 × 10^287 |
| 70 | ov_070 | 1.7206289936524727 × 10^287 |
| 69 | ov_069 | 2.013136127866876 × 10^287 |
| 68 | ov_068 | 2.34172001655941 × 10^287 |
| 67 | ov_067 | 2.7093210392988647 × 10^287 |
| 66 | ov_066 | 2.7093226281264668 × 10^287 |
| 65 | ov_065 | 2.7093293910541004 × 10^287 |
| 62 | ov_062 | 6.024291929974697 × 10^287 |
| 61 | ov_061 | 2.1968449654115536 × 10^288 |
| 60 | ov_060 | 6.291210456526003 × 10^288 |
| 59 | ov_059 | 1.5186005241723663 × 10^289 |
| 58 | ov_058 | 3.083043027347019 × 10^289 |
| 57 | ov_057 | 5.571858605405725 × 10^289 |
| 56 | ov_056 | 9.288949238191187 × 10^289 |
| 55 | ov_055 | 1.459271434084923 × 10^290 |
| 54 | ov_054 | 2.189606296314937 × 10^290 |
| 53 | ov_053 | 3.1666437377545613 × 10^290 |
| 52 | ov_052 | 4.489329690126263 × 10^290 |
| 51 | ov_051 | 6.215330134992654 × 10^290 |
| 50 | ov_050 | 8.465451797524561 × 10^290 |
| 49 | ov_049 | 1.1371466328819936 × 10^291 |
| 48 | ov_048 | 1.5076147805765444 × 10^291 |
| 47 | ov_047 | 1.973332635420518 × 10^291 |
| 32 | lv_80_m31 | 2.4226465759482445 × 10^291 |
| 46 | ov_046 | 2.550796404946877 × 10^291 |
| 45 | ov_045 | 3.257626032572686 × 10^291 |
| 44 | ov_044 | 4.112579489743394 × 10^291 |
| 43 | ov_043 | 5.13557169711003 × 10^291 |
| 42 | ov_042 | 6.347699030484672 × 10^291 |
| 41 | ov_041 | 7.771270445788386 × 10^291 |
| 40 | ov_040 | 9.418384375519814 × 10^291 |
| 39 | ov_039 | 1.1301802000978872 × 10^292 |
| 31 | ov_031 | 1.241909415800875 × 10^292 |
| 38 | ov_038 | 1.3447740139515462 × 10^292 |
| 37 | ov_037 | 1.587038671562247 × 10^292 |
| 36 | ov_036 | 1.8598894569243115 × 10^292 |
| 35 | ov_035 | 2.166402287763902 × 10^292 |
| 34 | ov_034 | 2.509825034711604 × 10^292 |
| 33 | ov_033 | 2.8935906239680617 × 10^292 |
| 30 | ov_030 | 6.36555363598788 × 10^292 |
| 29 | ov_029 | 2.0819065620195118 × 10^293 |
| 28 | ov_028 | 5.402433128823745 × 10^293 |
| 27 | ov_027 | 1.2073021040201796 × 10^294 |
| 26 | ov_026 | 2.4139631620171684 × 10^294 |
| 25 | ov_025 | 4.421930851412014 × 10^294 |
| 24 | ov_024 | 7.550020428600694 × 10^294 |
| 23 | ov_023 | 1.2492981067535617 × 10^295 |
| 22 | ov_022 | 2.0059817943971755 × 10^295 |
| 21 | ov_021 | 3.117384844553822 × 10^295 |
| 20 | ov_020 | 4.68728047772812 × 10^295 |
| 19 | ov_019 | 6.830900163269748 × 10^295 |
| 18 | ov_018 | 9.674959106353769 × 10^295 |
| 17 | ov_017 | 1.3357693104141237 × 10^296 |
| 16 | ov_016 | 1.8028909856477535 × 10^296 |
| 15 | ov_015 | 2.3850058720136675 × 10^296 |
| 14 | ov_014 | 3.0994324266988685 × 10^296 |
| 13 | ov_013 | 3.964675002006829 × 10^296 |
| 12 | ov_012 | 5.00044000290212 × 10^296 |
| 11 | ov_011 | 6.2276567866807484 × 10^296 |
| 10 | ov_010 | 7.668504403053777 × 10^296 |
| 9 | ov_009 | 9.346445361204997 × 10^296 |
| 8 | ov_008 | 1.1286267699187959 × 10^297 |
| 7 | ov_007 | 1.3514136720572947 × 10^297 |
| 6 | ov_006 | 1.6057657853809516 × 10^297 |
| 5 | ov_005 | 1.8945952181672585 × 10^297 |
| 4 | ov_004 | 2.2209746281819054 × 10^297 |
| 3 | ov_003 | 2.5881478000768255 × 10^297 |
| 2 | ov_002 | 2.9995419532124326 × 10^297 |
| 1 | ov_001 | 3.458781903010854 × 10^297 |

