# Results for F001-F002-F003-F004-F005-F006-F007-F008-F009-F010-F011-F012-F013-F014-F015-F016-F017-F018-F019-F020-F021-F022-F023-F024-F025-F026-F027-F028-F029-F030-F031-F032-F033-F034-F035-F036-F037-F038-F039-F040-F041-F042-F043-F044-F045-F046-F047-F048-F049-F050-F051-F052-F053-F054-F055-F056-F057-F058-F059-F060-F061-F062-F063-F064-F065-F066-F067-F068-F069-F070-F071-F072-F073-F074-F075-F076-F077-F078-F079-F080-F081-F082-F083-F084-F085-F086-F087-F088-F089-F090-F091-F092-F093-F094-F095-F096-F097-F098-F099-F100-F101-F102-F103-F104-F105-F106-F107-F108-F109-F110-F111-F112-F113-F114-F115-F116-F117-F118-F119-F120-F121-F122-F123-F124-F125-F126-F127-F128-F129-F130-F131-F132-F133-F134-F135-F136-F137-F138-F139-F140-F141-F142-F143-F144-F145-F146-F147-F148-F149-F150-F151-F152-F153-F154-F155-F156-F157-F158-F159-F160-F161-F162-F163-F164-F165-F166-F167-F168-F169-F170-F171-F172-F173-F174-F175-F176-F177-F178-F179-F180-F181-F182-F183-F184-F185-F186-F187-F188-F189-F190-F191-F192-F193-F194-F195-F196-F197-F198-F199-F200-F201-F202-F203-F204-F205-F206-F207-F208-F209-F210-F211-F212-F213-F214-F215-F216-F217-F218-F219-F220-F221-F222-F223-F224-F225-F226-F227-F228-F229-F230-F231-F232-F233-F234-F235-F236-F237-F238-F239-F240-F241-F242-F243-F244-F245-F246-F247-F248-F249-F250-F251-F252-F253-F254-F255-F256-F257-F258-F259-F260-F261-F262-F263-F264-F265-F266-F267-F268-F269-F270-F271-F272-F273-F274-F275-F276-F277-F278-F279-F280-F281-F282-F283-F284-F285-F286-F287-F288-F289-F290-F291-F292-F293-F294-F295-F296-F297-F298-F299-F300-F301-F302-F303-F304-F305-F306-F307-F308-F309-F310-F311-F312-F313-F314-F315-F316-F317-F318-F319-F320-F321-F322-F323-F324-F325-F326-F327-F328-F329-F330-F331-F332-F333-F334-F335-F336-F337-F338-F339-F340-F341-F342-F343-F344-F345-F346-F347-F348-F349-F350-F351-F352-F353-F354-F355-F356-F357-F358-F359-F360-F361-F362-F363-F364-F365-F366-F367-F368-F369-F370-F371-F372-F373-F374-F375-F376-F377-F378-F379-F380-F381-F382-F383-F384-F385-F386-F387-F388-F389-F390-F391-F392-F393-F394-F395-F396-F397-F398-F399-F400-F401-F402-F403-F404-F405-F406-F407-F408-F409-F410-F411-F412-F413-F414-F415-F416-F417-F418-F419-F420-F421-F422-F423-F424-F425-F426-F427-F428-F429-F430-F431-F432-F433-F434-F435-F436-F437-F438-F439-F440-F441-F442-F443-F444-F445-F446-F447-F448-F449-F450-F451-F452-F453-F454-F455-F456-F457-F458-F459-F460-F461-F462-F463-F464-F465-F466-F467-F468-F469-F470-F471-F472-F473-F474-F475-F476-F477-F478-F479-F480-F481-F482-F483-F484-F485-F486-F487-F488-F489-F490-F491-F492-F493-F494-F495-F496-F497-F498-F499-F500-O504508-F512

## Summary

Number of input bits: 512  
Number of free input bits: 10  
Number of output bits: 160

Number of direct occurrences: 41028  
Number of assignments: 31200  
Number of operations: 11194243
(xor: 11165111,
and: 15879,
or: 13253)

Total complexity: 9.741607935272781 × 10^301

Least occurring input variable: iv_502 (3886)  
Most occurring input variable: iv_510 (4328)

Most co-occurring input variables: iv_509-iv_510 (2148)  
Least co-occurring input variables: iv_505-iv_506 (1810)

Potentially most occurring input variable: iv_501/iv_504 (4564)  
Potentially least occurring input variable: iv_502/iv_505 (4114)

Least output occurring input variable: iv_503 (69)  
Most output occurring input variable: iv_510 (85)

Most output co-occurring input variables: iv_505-iv_511 (46)  
Least output co-occurring input variables: iv_502-iv_503 (25)

Potentially most output occurring input variable: iv_506/iv_510 (95)  
Potentially least output occurring input variable: iv_502/iv_504 (69)

Least complex input bit: iv_511 (1.9614611241766853 × 10^298)  
Most complex input bit: iv_510 (2.4756792183922245 × 10^301)

Least complex output bit: aaa_76_29 (2.4171527064568 × 10^276)  
Most complex output bit: ov_001 (1.5512942218391668 × 10^301)

Least complex input/output complexity: iv_511/aaa_76_29 (4.8669081084104496 × 10^272)  
Most complex input/output complexity: iv_510/ov_001 (3.942374700498173 × 10^300)

## Input Bits

### Input Bits in Regular Order

| Input Bit | Complexity | Occurrences | Output Occurrences |
|:---------:|:----------:|:-----------:|:------------------:|
| iv_501 | 6.5555164284910745 × 10^299 | 4068 | 77 |
| iv_502 | 1.1984686877647159 × 10^300 | 3886 | 75 |
| iv_503 | 2.040988114727763 × 10^300 | 4123 | 69 |
| iv_504 | 2.0292517616936625 × 10^301 | 4124 | 78 |
| iv_505 | 5.201782454606749 × 10^300 | 3942 | 83 |
| iv_506 | 7.935083725045401 × 10^300 | 3972 | 84 |
| iv_507 | 1.1829372479455577 × 10^301 | 4177 | 76 |
| iv_509 | 2.348590783617789 × 10^301 | 4207 | 75 |
| iv_510 | 2.4756792183922245 × 10^301 | 4328 | 85 |
| iv_511 | 1.9614611241766853 × 10^298 | 4201 | 81 |

### Input Bits Sorted by Complexity

| Input Bit | Complexity | Occurrences | Output Occurrences |
|:---------:|:----------:|:-----------:|:------------------:|
| iv_511 | 1.9614611241766853 × 10^298 | 4201 | 81 |
| iv_501 | 6.5555164284910745 × 10^299 | 4068 | 77 |
| iv_502 | 1.1984686877647159 × 10^300 | 3886 | 75 |
| iv_503 | 2.040988114727763 × 10^300 | 4123 | 69 |
| iv_505 | 5.201782454606749 × 10^300 | 3942 | 83 |
| iv_506 | 7.935083725045401 × 10^300 | 3972 | 84 |
| iv_507 | 1.1829372479455577 × 10^301 | 4177 | 76 |
| iv_504 | 2.0292517616936625 × 10^301 | 4124 | 78 |
| iv_509 | 2.348590783617789 × 10^301 | 4207 | 75 |
| iv_510 | 2.4756792183922245 × 10^301 | 4328 | 85 |

### Input Bits Sorted by Occurrences

| Input Bit | Complexity | Occurrences | Output Occurrences |
|:---------:|:----------:|:-----------:|:------------------:|
| iv_502 | 1.1984686877647159 × 10^300 | 3886 | 75 |
| iv_505 | 5.201782454606749 × 10^300 | 3942 | 83 |
| iv_506 | 7.935083725045401 × 10^300 | 3972 | 84 |
| iv_501 | 6.5555164284910745 × 10^299 | 4068 | 77 |
| iv_503 | 2.040988114727763 × 10^300 | 4123 | 69 |
| iv_504 | 2.0292517616936625 × 10^301 | 4124 | 78 |
| iv_507 | 1.1829372479455577 × 10^301 | 4177 | 76 |
| iv_511 | 1.9614611241766853 × 10^298 | 4201 | 81 |
| iv_509 | 2.348590783617789 × 10^301 | 4207 | 75 |
| iv_510 | 2.4756792183922245 × 10^301 | 4328 | 85 |

### Input Bits Sorted by Output Occurrences

| Input Bit | Complexity | Occurrences | Output Occurrences |
|:---------:|:----------:|:-----------:|:------------------:|
| iv_503 | 2.040988114727763 × 10^300 | 4123 | 69 |
| iv_502 | 1.1984686877647159 × 10^300 | 3886 | 75 |
| iv_509 | 2.348590783617789 × 10^301 | 4207 | 75 |
| iv_507 | 1.1829372479455577 × 10^301 | 4177 | 76 |
| iv_501 | 6.5555164284910745 × 10^299 | 4068 | 77 |
| iv_504 | 2.0292517616936625 × 10^301 | 4124 | 78 |
| iv_511 | 1.9614611241766853 × 10^298 | 4201 | 81 |
| iv_505 | 5.201782454606749 × 10^300 | 3942 | 83 |
| iv_506 | 7.935083725045401 × 10^300 | 3972 | 84 |
| iv_510 | 2.4756792183922245 × 10^301 | 4328 | 85 |

## Input Bit Co-occurrences

### Input Bit Co-occurrences Sorted by Co-occurrences

| Input Bits | Co-occurrences | Potential Occurrences | Output Co-occurrences | Potential Output Occurrences |
|:----------:|:--------------:|:---------------------:|:---------------------:|:----------------------------:|
| iv_509-iv_510 | 2148 | 4239 | 43 | 74 |
| iv_510-iv_511 | 2092 | 4345 | 45 | 76 |
| iv_504-iv_511 | 2076 | 4173 | 43 | 73 |
| iv_504-iv_510 | 2059 | 4334 | 42 | 79 |
| iv_509-iv_511 | 2051 | 4306 | 38 | 80 |
| iv_503-iv_510 | 2038 | 4375 | 39 | 76 |
| iv_507-iv_510 | 2037 | 4431 | 45 | 71 |
| iv_504-iv_509 | 2034 | 4263 | 35 | 83 |
| iv_501-iv_511 | 2033 | 4203 | 38 | 82 |
| iv_505-iv_510 | 2018 | 4234 | 43 | 82 |

### Input Bit Co-occurrences Sorted by Potential Occurrences

| Input Bits | Co-occurrences | Potential Occurrences | Output Co-occurrences | Potential Output Occurrences |
|:----------:|:--------------:|:---------------------:|:---------------------:|:----------------------------:|
| iv_502-iv_505 | 1857 | 4114 | 43 | 72 |
| iv_506-iv_507 | 2006 | 4137 | 41 | 78 |
| iv_504-iv_511 | 2076 | 4173 | 43 | 73 |
| iv_502-iv_506 | 1831 | 4196 | 41 | 77 |
| iv_501-iv_511 | 2033 | 4203 | 38 | 82 |
| iv_501-iv_505 | 1898 | 4214 | 36 | 88 |
| iv_505-iv_510 | 2018 | 4234 | 43 | 82 |
| iv_509-iv_510 | 2148 | 4239 | 43 | 74 |
| iv_501-iv_506 | 1893 | 4254 | 39 | 83 |
| iv_504-iv_509 | 2034 | 4263 | 35 | 83 |

### Input Bit Output Co-occurrences Sorted by Output Co-occurrences

| Input Bits | Co-occurrences | Potential Occurrences | Output Co-occurrences | Potential Output Occurrences |
|:----------:|:--------------:|:---------------------:|:---------------------:|:----------------------------:|
| iv_505-iv_511 | 1884 | 4375 | 46 | 72 |
| iv_510-iv_511 | 2092 | 4345 | 45 | 76 |
| iv_507-iv_510 | 2037 | 4431 | 45 | 71 |
| iv_502-iv_505 | 1857 | 4114 | 43 | 72 |
| iv_505-iv_510 | 2018 | 4234 | 43 | 82 |
| iv_505-iv_506 | 1810 | 4294 | 43 | 81 |
| iv_504-iv_511 | 2076 | 4173 | 43 | 73 |
| iv_509-iv_510 | 2148 | 4239 | 43 | 74 |
| iv_502-iv_504 | 1814 | 4382 | 42 | 69 |
| iv_504-iv_510 | 2059 | 4334 | 42 | 79 |

### Input Bit Output Co-occurrences Sorted by Potential Output Occurrences

| Input Bits | Co-occurrences | Potential Occurrences | Output Co-occurrences | Potential Output Occurrences |
|:----------:|:--------------:|:---------------------:|:---------------------:|:----------------------------:|
| iv_502-iv_504 | 1814 | 4382 | 42 | 69 |
| iv_507-iv_510 | 2037 | 4431 | 45 | 71 |
| iv_501-iv_509 | 1930 | 4415 | 40 | 72 |
| iv_502-iv_505 | 1857 | 4114 | 43 | 72 |
| iv_505-iv_511 | 1884 | 4375 | 46 | 72 |
| iv_504-iv_507 | 1976 | 4349 | 41 | 72 |
| iv_504-iv_511 | 2076 | 4173 | 43 | 73 |
| iv_509-iv_510 | 2148 | 4239 | 43 | 74 |
| iv_502-iv_507 | 1889 | 4285 | 38 | 75 |
| iv_503-iv_510 | 2038 | 4375 | 39 | 76 |

## Output Bits

### Output Bits in Regular Order

| Rank | Output Bit | Complexity |
|:----:|:----------:|:----------:|
| 1 | ov_001 | 1.5512942218391668 × 10^301 |
| 2 | ov_002 | 1.3472491840209684 × 10^301 |
| 3 | ov_003 | 1.1636373132925272 × 10^301 |
| 4 | ov_004 | 9.99632554393424 × 10^300 |
| 5 | ov_005 | 8.537174041206536 × 10^300 |
| 6 | ov_006 | 7.24456782117176 × 10^300 |
| 7 | ov_007 | 6.104925964526743 × 10^300 |
| 8 | ov_008 | 5.10539005953947 × 10^300 |
| 9 | ov_009 | 4.2337830713325656 × 10^300 |
| 10 | ov_010 | 3.478573902203698 × 10^300 |
| 11 | ov_011 | 2.828847246228232 × 10^300 |
| 12 | ov_012 | 2.2742783706157362 × 10^300 |
| 13 | ov_013 | 1.8051123711515464 × 10^300 |
| 14 | ov_014 | 1.4121473705433072 × 10^300 |
| 15 | ov_015 | 1.0867211277558528 × 10^300 |
| 16 | ov_016 | 8.207005632992416 × 10^299 |
| 17 | ov_017 | 6.064737421281459 × 10^299 |
| 18 | ov_018 | 4.36943892384483 × 10^299 |
| 19 | ov_019 | 3.0552507471721875 × 10^299 |
| 20 | ov_020 | 2.061391533745746 × 10^299 |
| 21 | ov_021 | 1.3321375670217282 × 10^299 |
| 22 | ov_022 | 8.168095110554464 × 10^298 |
| 23 | ov_023 | 4.6976399370952884 × 10^298 |
| 24 | ov_024 | 2.5038839631285264 × 10^298 |
| 25 | ov_025 | 1.2309779827635572 × 10^298 |
| 26 | ov_026 | 5.733333416060329 × 10^297 |
| 27 | ov_027 | 2.756140119977901 × 10^297 |
| 28 | ov_028 | 1.3273326760107553 × 10^297 |
| 29 | ov_029 | 5.470984594146004 × 10^296 |
| 30 | ov_030 | 1.8109183644174595 × 10^296 |
| 31 | ov_031 | 4.387350848173321 × 10^295 |
| 32 | lv_80_k31 | 1.0626511028974702 × 10^295 |
| 33 | ov_033 | 1.2934141238823824 × 10^296 |
| 34 | ov_034 | 1.124482359817549 × 10^296 |
| 35 | ov_035 | 9.732834959261648 × 10^295 |
| 36 | ov_036 | 8.383896478763239 × 10^295 |
| 37 | ov_037 | 7.184498939502172 × 10^295 |
| 38 | ov_038 | 6.121847836527029 × 10^295 |
| 39 | ov_039 | 5.183815921388831 × 10^295 |
| 40 | ov_040 | 4.3589025067031993 × 10^295 |
| 41 | ov_041 | 3.6361988679058594 × 10^295 |
| 42 | ov_042 | 3.005359113227033 × 10^295 |
| 43 | ov_043 | 2.4565759265152105 × 10^295 |
| 44 | ov_044 | 1.9805606207615502 × 10^295 |
| 45 | ov_045 | 1.5727962688059831 × 10^295 |
| 46 | ov_046 | 1.2290135749437823 × 10^295 |
| 47 | ov_047 | 9.451851961009184 × 10^294 |
| 48 | ov_048 | 7.139658733571853 × 10^294 |
| 49 | ov_049 | 5.284765223924731 × 10^294 |
| 50 | ov_050 | 3.823001753648324 × 10^294 |
| 51 | ov_051 | 2.694792095684569 × 10^294 |
| 52 | ov_052 | 1.84513559378992 × 10^294 |
| 53 | ov_053 | 1.2235963988999002 × 10^294 |
| 54 | ov_054 | 7.84297425107217 × 10^293 |
| 55 | ov_055 | 4.859170365574118 × 10^293 |
| 56 | ov_056 | 2.9168711567586563 × 10^293 |
| 57 | ov_057 | 1.6939186312453012 × 10^293 |
| 58 | ov_058 | 9.136708162886053 × 10^292 |
| 59 | ov_059 | 4.491850890267219 × 10^292 |
| 60 | ov_060 | 1.962743020504622 × 10^292 |
| 61 | ov_061 | 7.350627650123289 × 10^291 |
| 62 | ov_062 | 2.2203642143461064 × 10^291 |
| 63 | ov_063 | 4.910839047600734 × 10^290 |
| 64 | lv_79_m31 | 9.567295291416248 × 10^289 |
| 65 | ov_065 | 1.1279298439470199 × 10^291 |
| 66 | ov_066 | 1.1279273799648755 × 10^291 |
| 67 | ov_067 | 1.1279266030141506 × 10^291 |
| 68 | ov_068 | 9.746308006945378 × 10^290 |
| 69 | ov_069 | 8.374843830393675 × 10^290 |
| 70 | ov_070 | 7.152861613974272 × 10^290 |
| 71 | ov_071 | 6.068940683524318 × 10^290 |
| 72 | ov_072 | 5.1122111541788835 × 10^290 |
| 73 | ov_073 | 4.272320682637005 × 10^290 |
| 74 | ov_074 | 3.5394075094579685 × 10^290 |
| 75 | ov_075 | 2.9040789524079485 × 10^290 |
| 76 | ov_076 | 2.3573945564295017 × 10^290 |
| 77 | ov_077 | 1.8908531489313158 × 10^290 |
| 78 | ov_078 | 1.4963830910804194 × 10^290 |
| 79 | ov_079 | 1.1663350568715429 × 10^290 |
| 80 | ov_080 | 8.934767121584623 × 10^289 |
| 81 | ov_081 | 6.709887057350404 × 10^289 |
| 82 | ov_082 | 4.924614803932968 × 10^289 |
| 83 | ov_083 | 3.518926152037564 × 10^289 |
| 84 | ov_084 | 2.436845988040763 × 10^289 |
| 85 | ov_085 | 1.6264299472033328 × 10^289 |
| 86 | ov_086 | 1.0397495977777306 × 10^289 |
| 87 | ov_087 | 6.328807667724068 × 10^288 |
| 88 | ov_088 | 3.658946182555927 × 10^288 |
| 89 | ov_089 | 2.0285109515649845 × 10^288 |
| 90 | ov_090 | 1.1179433556664303 × 10^288 |
| 91 | ov_091 | 6.474967456943059 × 10^287 |
| 92 | ov_092 | 3.77218459232139 × 10^287 |
| 93 | ov_093 | 1.9707904427546686 × 10^287 |
| 94 | ov_094 | 8.718921712162513 × 10^286 |
| 95 | aaa_78_28 | 2.7660106309141473 × 10^286 |
| 96 | aaa_78_29 | 1.0269376058877131 × 10^286 |
| 97 | ov_097 | 8.684985110723856 × 10^285 |
| 98 | ov_098 | 8.684921233593386 × 10^285 |
| 99 | ov_099 | 8.684900850487248 × 10^285 |
| 100 | ov_100 | 7.287845974882487 × 10^285 |
| 101 | ov_101 | 6.068538584153006 × 10^285 |
| 102 | ov_102 | 5.011270350647566 × 10^285 |
| 103 | ov_103 | 4.101189656187624 × 10^285 |
| 104 | ov_104 | 3.32423893121681 × 10^285 |
| 105 | ov_105 | 2.667100270318504 × 10^285 |
| 106 | ov_106 | 2.1171485325940978 × 10^285 |
| 107 | ov_107 | 1.66241117729733 × 10^285 |
| 108 | ov_108 | 1.2915341253502765 × 10^285 |
| 109 | ov_109 | 9.937529762267797 × 10^284 |
| 110 | ov_110 | 7.588690196287152 × 10^284 |
| 111 | ov_111 | 5.772295904423881 × 10^284 |
| 112 | ov_112 | 4.3971227947216214 × 10^284 |
| 113 | ov_113 | 3.377124759421497 × 10^284 |
| 114 | ov_114 | 2.6313375305552007 × 10^284 |
| 115 | ov_115 | 2.0838064292923117 × 10^284 |
| 116 | ov_116 | 1.6635338206659283 × 10^284 |
| 117 | ov_117 | 1.3044424325684092 × 10^284 |
| 118 | ov_118 | 1.0016513033553224 × 10^284 |
| 119 | ov_119 | 7.502881423878007 × 10^283 |
| 120 | ov_120 | 5.454853676719069 × 10^283 |
| 121 | ov_121 | 3.8237805526293086 × 10^283 |
| 122 | ov_122 | 2.5610294406629857 × 10^283 |
| 123 | ov_123 | 1.6179781254689669 × 10^283 |
| 124 | ov_124 | 9.460102548941765 × 10^282 |
| 125 | ov_125 | 4.965123687571266 × 10^282 |
| 126 | ov_126 | 2.2087219189385996 × 10^282 |
| 127 | aaa_77_28 | 7.047782734521967 × 10^281 |
| 128 | aaa_77_29 | 2.6393756128167515 × 10^281 |
| 129 | ov_129 | 2.4163863583682867 × 10^281 |
| 130 | ov_130 | 2.416380484076229 × 10^281 |
| 131 | ov_131 | 2.4163785996876535 × 10^281 |
| 132 | ov_132 | 2.088126067131683 × 10^281 |
| 133 | ov_133 | 1.794952109392772 × 10^281 |
| 134 | ov_134 | 1.5341087747101547 × 10^281 |
| 135 | ov_135 | 1.3029995928286141 × 10^281 |
| 136 | ov_136 | 1.0991685314210303 × 10^281 |
| 137 | ov_137 | 9.20290407949924 × 10^280 |
| 138 | ov_138 | 7.64162630731735 × 10^280 |
| 139 | ov_139 | 6.286981411079918 × 10^280 |
| 140 | ov_140 | 5.119194354257151 × 10^280 |
| 141 | ov_141 | 4.119535521413224 × 10^280 |
| 142 | ov_142 | 3.2702791582931074 × 10^280 |
| 143 | ov_143 | 2.5546693623383714 × 10^280 |
| 144 | ov_144 | 1.956892667767961 × 10^280 |
| 145 | ov_145 | 1.469274907285554 × 10^280 |
| 146 | ov_146 | 1.0778272155086142 × 10^280 |
| 147 | ov_147 | 7.694518582381832 × 10^279 |
| 148 | ov_148 | 5.31932875562932 × 10^279 |
| 149 | ov_149 | 3.5392946681871566 × 10^279 |
| 150 | ov_150 | 2.249715308999875 × 10^279 |
| 151 | ov_151 | 1.3545683661013032 × 10^279 |
| 152 | ov_152 | 7.664935890643542 × 10^278 |
| 153 | ov_153 | 4.067837805021101 × 10^278 |
| 154 | ov_154 | 2.05380135413366 × 10^278 |
| 155 | ov_155 | 1.008697208610713 × 10^278 |
| 156 | aaa_76_25 | 4.048410159156195 × 10^277 |
| 157 | aaa_76_26 | 2.490418962441566 × 10^277 |
| 158 | aaa_76_27 | 1.364586069442596 × 10^277 |
| 159 | aaa_76_28 | 6.425378368281315 × 10^276 |
| 160 | aaa_76_29 | 2.4171527064568 × 10^276 |

### Output Bits Sorted by Complexity

| Rank | Output Bit | Complexity |
|:----:|:----------:|:----------:|
| 160 | aaa_76_29 | 2.4171527064568 × 10^276 |
| 159 | aaa_76_28 | 6.425378368281315 × 10^276 |
| 158 | aaa_76_27 | 1.364586069442596 × 10^277 |
| 157 | aaa_76_26 | 2.490418962441566 × 10^277 |
| 156 | aaa_76_25 | 4.048410159156195 × 10^277 |
| 155 | ov_155 | 1.008697208610713 × 10^278 |
| 154 | ov_154 | 2.05380135413366 × 10^278 |
| 153 | ov_153 | 4.067837805021101 × 10^278 |
| 152 | ov_152 | 7.664935890643542 × 10^278 |
| 151 | ov_151 | 1.3545683661013032 × 10^279 |
| 150 | ov_150 | 2.249715308999875 × 10^279 |
| 149 | ov_149 | 3.5392946681871566 × 10^279 |
| 148 | ov_148 | 5.31932875562932 × 10^279 |
| 147 | ov_147 | 7.694518582381832 × 10^279 |
| 146 | ov_146 | 1.0778272155086142 × 10^280 |
| 145 | ov_145 | 1.469274907285554 × 10^280 |
| 144 | ov_144 | 1.956892667767961 × 10^280 |
| 143 | ov_143 | 2.5546693623383714 × 10^280 |
| 142 | ov_142 | 3.2702791582931074 × 10^280 |
| 141 | ov_141 | 4.119535521413224 × 10^280 |
| 140 | ov_140 | 5.119194354257151 × 10^280 |
| 139 | ov_139 | 6.286981411079918 × 10^280 |
| 138 | ov_138 | 7.64162630731735 × 10^280 |
| 137 | ov_137 | 9.20290407949924 × 10^280 |
| 136 | ov_136 | 1.0991685314210303 × 10^281 |
| 135 | ov_135 | 1.3029995928286141 × 10^281 |
| 134 | ov_134 | 1.5341087747101547 × 10^281 |
| 133 | ov_133 | 1.794952109392772 × 10^281 |
| 132 | ov_132 | 2.088126067131683 × 10^281 |
| 131 | ov_131 | 2.4163785996876535 × 10^281 |
| 130 | ov_130 | 2.416380484076229 × 10^281 |
| 129 | ov_129 | 2.4163863583682867 × 10^281 |
| 128 | aaa_77_29 | 2.6393756128167515 × 10^281 |
| 127 | aaa_77_28 | 7.047782734521967 × 10^281 |
| 126 | ov_126 | 2.2087219189385996 × 10^282 |
| 125 | ov_125 | 4.965123687571266 × 10^282 |
| 124 | ov_124 | 9.460102548941765 × 10^282 |
| 123 | ov_123 | 1.6179781254689669 × 10^283 |
| 122 | ov_122 | 2.5610294406629857 × 10^283 |
| 121 | ov_121 | 3.8237805526293086 × 10^283 |
| 120 | ov_120 | 5.454853676719069 × 10^283 |
| 119 | ov_119 | 7.502881423878007 × 10^283 |
| 118 | ov_118 | 1.0016513033553224 × 10^284 |
| 117 | ov_117 | 1.3044424325684092 × 10^284 |
| 116 | ov_116 | 1.6635338206659283 × 10^284 |
| 115 | ov_115 | 2.0838064292923117 × 10^284 |
| 114 | ov_114 | 2.6313375305552007 × 10^284 |
| 113 | ov_113 | 3.377124759421497 × 10^284 |
| 112 | ov_112 | 4.3971227947216214 × 10^284 |
| 111 | ov_111 | 5.772295904423881 × 10^284 |
| 110 | ov_110 | 7.588690196287152 × 10^284 |
| 109 | ov_109 | 9.937529762267797 × 10^284 |
| 108 | ov_108 | 1.2915341253502765 × 10^285 |
| 107 | ov_107 | 1.66241117729733 × 10^285 |
| 106 | ov_106 | 2.1171485325940978 × 10^285 |
| 105 | ov_105 | 2.667100270318504 × 10^285 |
| 104 | ov_104 | 3.32423893121681 × 10^285 |
| 103 | ov_103 | 4.101189656187624 × 10^285 |
| 102 | ov_102 | 5.011270350647566 × 10^285 |
| 101 | ov_101 | 6.068538584153006 × 10^285 |
| 100 | ov_100 | 7.287845974882487 × 10^285 |
| 99 | ov_099 | 8.684900850487248 × 10^285 |
| 98 | ov_098 | 8.684921233593386 × 10^285 |
| 97 | ov_097 | 8.684985110723856 × 10^285 |
| 96 | aaa_78_29 | 1.0269376058877131 × 10^286 |
| 95 | aaa_78_28 | 2.7660106309141473 × 10^286 |
| 94 | ov_094 | 8.718921712162513 × 10^286 |
| 93 | ov_093 | 1.9707904427546686 × 10^287 |
| 92 | ov_092 | 3.77218459232139 × 10^287 |
| 91 | ov_091 | 6.474967456943059 × 10^287 |
| 90 | ov_090 | 1.1179433556664303 × 10^288 |
| 89 | ov_089 | 2.0285109515649845 × 10^288 |
| 88 | ov_088 | 3.658946182555927 × 10^288 |
| 87 | ov_087 | 6.328807667724068 × 10^288 |
| 86 | ov_086 | 1.0397495977777306 × 10^289 |
| 85 | ov_085 | 1.6264299472033328 × 10^289 |
| 84 | ov_084 | 2.436845988040763 × 10^289 |
| 83 | ov_083 | 3.518926152037564 × 10^289 |
| 82 | ov_082 | 4.924614803932968 × 10^289 |
| 81 | ov_081 | 6.709887057350404 × 10^289 |
| 80 | ov_080 | 8.934767121584623 × 10^289 |
| 64 | lv_79_m31 | 9.567295291416248 × 10^289 |
| 79 | ov_079 | 1.1663350568715429 × 10^290 |
| 78 | ov_078 | 1.4963830910804194 × 10^290 |
| 77 | ov_077 | 1.8908531489313158 × 10^290 |
| 76 | ov_076 | 2.3573945564295017 × 10^290 |
| 75 | ov_075 | 2.9040789524079485 × 10^290 |
| 74 | ov_074 | 3.5394075094579685 × 10^290 |
| 73 | ov_073 | 4.272320682637005 × 10^290 |
| 63 | ov_063 | 4.910839047600734 × 10^290 |
| 72 | ov_072 | 5.1122111541788835 × 10^290 |
| 71 | ov_071 | 6.068940683524318 × 10^290 |
| 70 | ov_070 | 7.152861613974272 × 10^290 |
| 69 | ov_069 | 8.374843830393675 × 10^290 |
| 68 | ov_068 | 9.746308006945378 × 10^290 |
| 67 | ov_067 | 1.1279266030141506 × 10^291 |
| 66 | ov_066 | 1.1279273799648755 × 10^291 |
| 65 | ov_065 | 1.1279298439470199 × 10^291 |
| 62 | ov_062 | 2.2203642143461064 × 10^291 |
| 61 | ov_061 | 7.350627650123289 × 10^291 |
| 60 | ov_060 | 1.962743020504622 × 10^292 |
| 59 | ov_059 | 4.491850890267219 × 10^292 |
| 58 | ov_058 | 9.136708162886053 × 10^292 |
| 57 | ov_057 | 1.6939186312453012 × 10^293 |
| 56 | ov_056 | 2.9168711567586563 × 10^293 |
| 55 | ov_055 | 4.859170365574118 × 10^293 |
| 54 | ov_054 | 7.84297425107217 × 10^293 |
| 53 | ov_053 | 1.2235963988999002 × 10^294 |
| 52 | ov_052 | 1.84513559378992 × 10^294 |
| 51 | ov_051 | 2.694792095684569 × 10^294 |
| 50 | ov_050 | 3.823001753648324 × 10^294 |
| 49 | ov_049 | 5.284765223924731 × 10^294 |
| 48 | ov_048 | 7.139658733571853 × 10^294 |
| 47 | ov_047 | 9.451851961009184 × 10^294 |
| 32 | lv_80_k31 | 1.0626511028974702 × 10^295 |
| 46 | ov_046 | 1.2290135749437823 × 10^295 |
| 45 | ov_045 | 1.5727962688059831 × 10^295 |
| 44 | ov_044 | 1.9805606207615502 × 10^295 |
| 43 | ov_043 | 2.4565759265152105 × 10^295 |
| 42 | ov_042 | 3.005359113227033 × 10^295 |
| 41 | ov_041 | 3.6361988679058594 × 10^295 |
| 40 | ov_040 | 4.3589025067031993 × 10^295 |
| 31 | ov_031 | 4.387350848173321 × 10^295 |
| 39 | ov_039 | 5.183815921388831 × 10^295 |
| 38 | ov_038 | 6.121847836527029 × 10^295 |
| 37 | ov_037 | 7.184498939502172 × 10^295 |
| 36 | ov_036 | 8.383896478763239 × 10^295 |
| 35 | ov_035 | 9.732834959261648 × 10^295 |
| 34 | ov_034 | 1.124482359817549 × 10^296 |
| 33 | ov_033 | 1.2934141238823824 × 10^296 |
| 30 | ov_030 | 1.8109183644174595 × 10^296 |
| 29 | ov_029 | 5.470984594146004 × 10^296 |
| 28 | ov_028 | 1.3273326760107553 × 10^297 |
| 27 | ov_027 | 2.756140119977901 × 10^297 |
| 26 | ov_026 | 5.733333416060329 × 10^297 |
| 25 | ov_025 | 1.2309779827635572 × 10^298 |
| 24 | ov_024 | 2.5038839631285264 × 10^298 |
| 23 | ov_023 | 4.6976399370952884 × 10^298 |
| 22 | ov_022 | 8.168095110554464 × 10^298 |
| 21 | ov_021 | 1.3321375670217282 × 10^299 |
| 20 | ov_020 | 2.061391533745746 × 10^299 |
| 19 | ov_019 | 3.0552507471721875 × 10^299 |
| 18 | ov_018 | 4.36943892384483 × 10^299 |
| 17 | ov_017 | 6.064737421281459 × 10^299 |
| 16 | ov_016 | 8.207005632992416 × 10^299 |
| 15 | ov_015 | 1.0867211277558528 × 10^300 |
| 14 | ov_014 | 1.4121473705433072 × 10^300 |
| 13 | ov_013 | 1.8051123711515464 × 10^300 |
| 12 | ov_012 | 2.2742783706157362 × 10^300 |
| 11 | ov_011 | 2.828847246228232 × 10^300 |
| 10 | ov_010 | 3.478573902203698 × 10^300 |
| 9 | ov_009 | 4.2337830713325656 × 10^300 |
| 8 | ov_008 | 5.10539005953947 × 10^300 |
| 7 | ov_007 | 6.104925964526743 × 10^300 |
| 6 | ov_006 | 7.24456782117176 × 10^300 |
| 5 | ov_005 | 8.537174041206536 × 10^300 |
| 4 | ov_004 | 9.99632554393424 × 10^300 |
| 3 | ov_003 | 1.1636373132925272 × 10^301 |
| 2 | ov_002 | 1.3472491840209684 × 10^301 |
| 1 | ov_001 | 1.5512942218391668 × 10^301 |

