# Results for F001-F002-F003-F004-F005-F006-F007-F008-F009-F010-F011-F012-F013-F014-F015-F016-F017-F018-F019-F020-F021-F022-F023-F024-F025-F026-F027-F028-F029-F030-F031-F032-F033-F034-F035-F036-F037-F038-F039-F040-F041-F042-F043-F044-F045-F046-F047-F048-F049-F050-F051-F052-F053-F054-F055-F056-F057-F058-F059-F060-F061-F062-F063-F064-F065-F066-F067-F068-F069-F070-F071-F072-F073-F074-F075-F076-F077-F078-F079-F080-F081-F082-F083-F084-F085-F086-F087-F088-F089-F090-F091-F092-F093-F094-F095-F096-F097-F098-F099-F100-F101-F102-F103-F104-F105-F106-F107-F108-F109-F110-F111-F112-F113-F114-F115-F116-F117-F118-F119-F120-F121-F122-F123-F124-F125-F126-F127-F128-F129-F130-F131-F132-F133-F134-F135-F136-F137-F138-F139-F140-F141-F142-F143-F144-F145-F146-F147-F148-F149-F150-F151-F152-F153-F154-F155-F156-F157-F158-F159-F160-F161-F162-F163-F164-F165-F166-F167-F168-F169-F170-F171-F172-F173-F174-F175-F176-F177-F178-F179-F180-F181-F182-F183-F184-F185-F186-F187-F188-F189-F190-F191-F192-F193-F194-F195-F196-F197-F198-F199-F200-F201-F202-F203-F204-F205-F206-F207-F208-F209-F210-F211-F212-F213-F214-F215-F216-F217-F218-F219-F220-F221-F222-F223-F224-F225-F226-F227-F228-F229-F230-F231-F232-F233-F234-F235-F236-F237-F238-F239-F240-F241-F242-F243-F244-F245-F246-F247-F248-F249-F250-F251-F252-F253-F254-F255-F256-F257-F258-F259-F260-F261-F262-F263-F264-F265-F266-F267-F268-F269-F270-F271-F272-F273-F274-F275-F276-F277-F278-F279-F280-F281-F282-F283-F284-F285-F286-F287-F288-F289-F290-F291-F292-F293-F294-F295-F296-F297-F298-F299-F300-F301-F302-F303-F304-F305-F306-F307-F308-F309-F310-F311-F312-F313-F314-F315-F316-F317-F318-F319-F320-F321-F322-F323-F324-F325-F326-F327-F328-F329-F330-F331-F332-F333-F334-F335-F336-F337-F338-F339-F340-F341-F342-F343-F344-F345-F346-F347-F348-F349-F350-F351-F352-F353-F354-F355-F356-F357-F358-F359-F360-F361-F362-F363-F364-F365-F366-F367-F368-F369-F370-F371-F372-F373-F374-F375-F376-F377-F378-F379-F380-F381-F382-F383-F384-F385-F386-F387-F388-F389-F390-F391-F392-F393-F394-F395-F396-F397-F398-F399-F400-F401-F402-F403-F404-F405-F406-F407-F408-F409-F410-F411-F412-F413-F414-F415-F416-F417-F418-F419-F420-F421-F422-F423-F424-F425-F426-F427-F428-F429-F430-F431-F432-F433-F434-F435-F436-F437-F438-F439-F440-F441-F442-F443-F444-F445-F446-F447-F448-F449-F450-F451-F452-F453-F454-F455-F456-F457-F458-F459-F460-F461-F462-F463-F464-F465-F466-F467-F468-F469-F470-F471-F472-F473-F474-F475-F476-F477-F478-F479-F480-F481-F482-F483-F484-F485-F486-F487-F488-F489-F490-F491-F492-F493-F494-F495-F496-T505-F508-F509-F510-F511-F512

## Summary

Number of input bits: 512  
Number of free input bits: 10  
Number of output bits: 160

Number of direct occurrences: 40422  
Number of assignments: 31006  
Number of operations: 11310270
(xor: 11281691,
and: 15362,
or: 13217)

Total complexity: 6.02977960780117 × 10^301

Least occurring input variable: iv_499 (3881)  
Most occurring input variable: iv_503 (4229)

Most co-occurring input variables: iv_497-iv_506 (2025)  
Least co-occurring input variables: iv_498-iv_499 (1704)

Potentially most occurring input variable: iv_503/iv_506 (4483)  
Potentially least occurring input variable: iv_498/iv_506 (4160)

Least output occurring input variable: iv_507 (71)  
Most output occurring input variable: iv_502 (85)

Most output co-occurring input variables: iv_502-iv_504 (50)  
Least output co-occurring input variables: iv_497-iv_507 (27)

Potentially most output occurring input variable: iv_498/iv_502 (94)  
Potentially least output occurring input variable: iv_500/iv_502 (66)

Least complex input bit: iv_497 (6.303007936813103 × 10^299)  
Most complex input bit: iv_504 (1.6836683416150794 × 10^301)

Least complex output bit: aaa_76_29 (3.315056736428575 × 10^276)  
Most complex output bit: ov_001 (9.729541024740905 × 10^300)

Least complex input/output complexity: iv_497/aaa_76_29 (3.465272411227412 × 10^274)  
Most complex input/output complexity: iv_504/ov_001 (2.7167361441548625 × 10^300)

## Input Bits

### Input Bits in Regular Order

| Input Bit | Complexity | Occurrences | Output Occurrences |
|:---------:|:----------:|:-----------:|:------------------:|
| iv_497 | 6.303007936813103 × 10^299 | 4173 | 74 |
| iv_498 | 1.2456950376304976 × 10^300 | 3888 | 73 |
| iv_499 | 2.1634400356115536 × 10^300 | 3881 | 73 |
| iv_500 | 3.572958438587264 × 10^300 | 4035 | 77 |
| iv_501 | 5.7842510975721986 × 10^300 | 4159 | 84 |
| iv_502 | 9.192878434116005 × 10^300 | 3921 | 85 |
| iv_503 | 1.4431152473375432 × 10^301 | 4229 | 77 |
| iv_504 | 1.6836683416150794 × 10^301 | 3956 | 81 |
| iv_506 | 2.7612607889422605 × 10^300 | 4112 | 74 |
| iv_507 | 3.679175562344474 × 10^300 | 4068 | 71 |

### Input Bits Sorted by Complexity

| Input Bit | Complexity | Occurrences | Output Occurrences |
|:---------:|:----------:|:-----------:|:------------------:|
| iv_497 | 6.303007936813103 × 10^299 | 4173 | 74 |
| iv_498 | 1.2456950376304976 × 10^300 | 3888 | 73 |
| iv_499 | 2.1634400356115536 × 10^300 | 3881 | 73 |
| iv_506 | 2.7612607889422605 × 10^300 | 4112 | 74 |
| iv_500 | 3.572958438587264 × 10^300 | 4035 | 77 |
| iv_507 | 3.679175562344474 × 10^300 | 4068 | 71 |
| iv_501 | 5.7842510975721986 × 10^300 | 4159 | 84 |
| iv_502 | 9.192878434116005 × 10^300 | 3921 | 85 |
| iv_503 | 1.4431152473375432 × 10^301 | 4229 | 77 |
| iv_504 | 1.6836683416150794 × 10^301 | 3956 | 81 |

### Input Bits Sorted by Occurrences

| Input Bit | Complexity | Occurrences | Output Occurrences |
|:---------:|:----------:|:-----------:|:------------------:|
| iv_499 | 2.1634400356115536 × 10^300 | 3881 | 73 |
| iv_498 | 1.2456950376304976 × 10^300 | 3888 | 73 |
| iv_502 | 9.192878434116005 × 10^300 | 3921 | 85 |
| iv_504 | 1.6836683416150794 × 10^301 | 3956 | 81 |
| iv_500 | 3.572958438587264 × 10^300 | 4035 | 77 |
| iv_507 | 3.679175562344474 × 10^300 | 4068 | 71 |
| iv_506 | 2.7612607889422605 × 10^300 | 4112 | 74 |
| iv_501 | 5.7842510975721986 × 10^300 | 4159 | 84 |
| iv_497 | 6.303007936813103 × 10^299 | 4173 | 74 |
| iv_503 | 1.4431152473375432 × 10^301 | 4229 | 77 |

### Input Bits Sorted by Output Occurrences

| Input Bit | Complexity | Occurrences | Output Occurrences |
|:---------:|:----------:|:-----------:|:------------------:|
| iv_507 | 3.679175562344474 × 10^300 | 4068 | 71 |
| iv_499 | 2.1634400356115536 × 10^300 | 3881 | 73 |
| iv_498 | 1.2456950376304976 × 10^300 | 3888 | 73 |
| iv_497 | 6.303007936813103 × 10^299 | 4173 | 74 |
| iv_506 | 2.7612607889422605 × 10^300 | 4112 | 74 |
| iv_500 | 3.572958438587264 × 10^300 | 4035 | 77 |
| iv_503 | 1.4431152473375432 × 10^301 | 4229 | 77 |
| iv_504 | 1.6836683416150794 × 10^301 | 3956 | 81 |
| iv_501 | 5.7842510975721986 × 10^300 | 4159 | 84 |
| iv_502 | 9.192878434116005 × 10^300 | 3921 | 85 |

## Input Bit Co-occurrences

### Input Bit Co-occurrences Sorted by Co-occurrences

| Input Bits | Co-occurrences | Potential Occurrences | Output Co-occurrences | Potential Output Occurrences |
|:----------:|:--------------:|:---------------------:|:---------------------:|:----------------------------:|
| iv_497-iv_506 | 2025 | 4235 | 31 | 86 |
| iv_497-iv_501 | 2012 | 4308 | 37 | 84 |
| iv_501-iv_503 | 1989 | 4410 | 42 | 77 |
| iv_497-iv_503 | 1986 | 4430 | 38 | 75 |
| iv_497-iv_500 | 1973 | 4262 | 30 | 91 |
| iv_501-iv_504 | 1968 | 4179 | 43 | 79 |
| iv_501-iv_507 | 1959 | 4309 | 37 | 81 |
| iv_503-iv_507 | 1956 | 4385 | 34 | 80 |
| iv_500-iv_506 | 1956 | 4235 | 35 | 81 |
| iv_500-iv_503 | 1954 | 4356 | 31 | 92 |

### Input Bit Co-occurrences Sorted by Potential Occurrences

| Input Bits | Co-occurrences | Potential Occurrences | Output Co-occurrences | Potential Output Occurrences |
|:----------:|:--------------:|:---------------------:|:---------------------:|:----------------------------:|
| iv_498-iv_506 | 1920 | 4160 | 32 | 83 |
| iv_501-iv_504 | 1968 | 4179 | 43 | 79 |
| iv_499-iv_504 | 1826 | 4185 | 39 | 76 |
| iv_502-iv_504 | 1839 | 4199 | 50 | 66 |
| iv_498-iv_500 | 1849 | 4225 | 37 | 76 |
| iv_497-iv_506 | 2025 | 4235 | 31 | 86 |
| iv_500-iv_506 | 1956 | 4235 | 35 | 81 |
| iv_499-iv_501 | 1901 | 4238 | 38 | 81 |
| iv_498-iv_504 | 1802 | 4240 | 36 | 82 |
| iv_500-iv_502 | 1856 | 4244 | 48 | 66 |

### Input Bit Output Co-occurrences Sorted by Output Co-occurrences

| Input Bits | Co-occurrences | Potential Occurrences | Output Co-occurrences | Potential Output Occurrences |
|:----------:|:--------------:|:---------------------:|:---------------------:|:----------------------------:|
| iv_501-iv_502 | 1912 | 4256 | 50 | 69 |
| iv_502-iv_504 | 1839 | 4199 | 50 | 66 |
| iv_500-iv_502 | 1856 | 4244 | 48 | 66 |
| iv_501-iv_504 | 1968 | 4179 | 43 | 79 |
| iv_500-iv_504 | 1844 | 4303 | 42 | 74 |
| iv_501-iv_503 | 1989 | 4410 | 42 | 77 |
| iv_503-iv_506 | 1929 | 4483 | 41 | 69 |
| iv_498-iv_501 | 1862 | 4323 | 39 | 79 |
| iv_499-iv_504 | 1826 | 4185 | 39 | 76 |
| iv_501-iv_506 | 1921 | 4429 | 39 | 80 |

### Input Bit Output Co-occurrences Sorted by Potential Output Occurrences

| Input Bits | Co-occurrences | Potential Occurrences | Output Co-occurrences | Potential Output Occurrences |
|:----------:|:--------------:|:---------------------:|:---------------------:|:----------------------------:|
| iv_500-iv_502 | 1856 | 4244 | 48 | 66 |
| iv_502-iv_504 | 1839 | 4199 | 50 | 66 |
| iv_501-iv_502 | 1912 | 4256 | 50 | 69 |
| iv_506-iv_507 | 1933 | 4314 | 38 | 69 |
| iv_503-iv_506 | 1929 | 4483 | 41 | 69 |
| iv_500-iv_504 | 1844 | 4303 | 42 | 74 |
| iv_497-iv_503 | 1986 | 4430 | 38 | 75 |
| iv_498-iv_500 | 1849 | 4225 | 37 | 76 |
| iv_499-iv_504 | 1826 | 4185 | 39 | 76 |
| iv_499-iv_507 | 1826 | 4297 | 34 | 76 |

## Output Bits

### Output Bits in Regular Order

| Rank | Output Bit | Complexity |
|:----:|:----------:|:----------:|
| 1 | ov_001 | 9.729541024740905 × 10^300 |
| 2 | ov_002 | 8.425125196862849 × 10^300 |
| 3 | ov_003 | 7.25789866394328 × 10^300 |
| 4 | ov_004 | 6.217398679606336 × 10^300 |
| 5 | ov_005 | 5.29373256508928 × 10^300 |
| 6 | ov_006 | 4.477536794086046 × 10^300 |
| 7 | ov_007 | 3.759941462747003 × 10^300 |
| 8 | ov_008 | 3.132539813823658 × 10^300 |
| 9 | ov_009 | 2.5873624036707286 × 10^300 |
| 10 | ov_010 | 2.1168554253066268 × 10^300 |
| 11 | ov_011 | 1.7138626950790735 × 10^300 |
| 12 | ov_012 | 1.3716108385616859 × 10^300 |
| 13 | ov_013 | 1.0836972388746119 × 10^300 |
| 14 | ov_014 | 8.44080337797536 × 10^299 |
| 15 | ov_015 | 6.470719069240677 × 10^299 |
| 16 | ov_016 | 4.87330951716455 × 10^299 |
| 17 | ov_017 | 3.5985897571739245 × 10^299 |
| 18 | ov_018 | 2.599963585645683 × 10^299 |
| 19 | ov_019 | 1.8341960389235293 × 10^299 |
| 20 | ov_020 | 1.2613926094904511 × 10^299 |
| 21 | ov_021 | 8.449838550279607 × 10^298 |
| 22 | ov_022 | 5.517143437225779 × 10^298 |
| 23 | ov_023 | 3.5163501008498636 × 10^298 |
| 24 | ov_024 | 2.180981264019796 × 10^298 |
| 25 | ov_025 | 1.277542257712163 × 10^298 |
| 26 | ov_026 | 6.975285859005502 × 10^297 |
| 27 | ov_027 | 3.489158287984456 × 10^297 |
| 28 | ov_028 | 1.561573136836439 × 10^297 |
| 29 | ov_029 | 6.018331764563232 × 10^296 |
| 30 | ov_030 | 1.8400858579792737 × 10^296 |
| 31 | ov_031 | 3.5889835172070584 × 10^295 |
| 32 | lv_80_m31 | 6.997484199758651 × 10^294 |
| 33 | ov_033 | 8.348620617093003 × 10^295 |
| 34 | ov_034 | 7.243951043619281 × 10^295 |
| 35 | ov_035 | 6.254276876929646 × 10^295 |
| 36 | ov_036 | 5.369311716057098 × 10^295 |
| 37 | ov_037 | 4.5793218789628335 × 10^295 |
| 38 | ov_038 | 3.8795734589317215 × 10^295 |
| 39 | ov_039 | 3.2613261734721904 × 10^295 |
| 40 | ov_040 | 2.7162906696440135 × 10^295 |
| 41 | ov_041 | 2.2404316804233764 × 10^295 |
| 42 | ov_042 | 1.829921535097819 × 10^295 |
| 43 | ov_043 | 1.4811307798949544 × 10^295 |
| 44 | ov_044 | 1.1873655875008108 × 10^295 |
| 45 | ov_045 | 9.42295340055041 × 10^294 |
| 46 | ov_046 | 7.399435269455592 × 10^294 |
| 47 | ov_047 | 5.7468060184531714 × 10^294 |
| 48 | ov_048 | 4.412184807925652 × 10^294 |
| 49 | ov_049 | 3.346063869231879 × 10^294 |
| 50 | ov_050 | 2.5022777117766865 × 10^294 |
| 51 | ov_051 | 1.837980619471136 × 10^294 |
| 52 | ov_052 | 1.3325773095323476 × 10^294 |
| 53 | ov_053 | 9.498171921082559 × 10^293 |
| 54 | ov_054 | 6.5673314827870655 × 10^293 |
| 55 | ov_055 | 4.376616517843963 × 10^293 |
| 56 | ov_056 | 2.7857706538384552 × 10^293 |
| 57 | ov_057 | 1.6709030075365429 × 10^293 |
| 58 | ov_058 | 9.244805092549698 × 10^292 |
| 59 | ov_059 | 4.5532389221113014 × 10^292 |
| 60 | ov_060 | 1.8860586301517205 × 10^292 |
| 61 | ov_061 | 6.585043868257263 × 10^291 |
| 62 | ov_062 | 1.8055058209611018 × 10^291 |
| 63 | ov_063 | 3.5170648790639822 × 10^290 |
| 64 | lv_79_m31 | 6.849439067069005 × 10^289 |
| 65 | ov_065 | 8.09443245018699 × 10^290 |
| 66 | ov_066 | 8.094409287931678 × 10^290 |
| 67 | ov_067 | 8.094403761205324 × 10^290 |
| 68 | ov_068 | 6.9904283329145 × 10^290 |
| 69 | ov_069 | 6.0040320757376285 × 10^290 |
| 70 | ov_070 | 5.126390392918317 × 10^290 |
| 71 | ov_071 | 4.349101141192458 × 10^290 |
| 72 | ov_072 | 3.664157234307486 × 10^290 |
| 73 | ov_073 | 3.0639246425359133 × 10^290 |
| 74 | ov_074 | 2.541125011894003 × 10^290 |
| 75 | ov_075 | 2.08882216740961 × 10^290 |
| 76 | ov_076 | 1.7004118039258079 × 10^290 |
| 77 | ov_077 | 1.3696137058572069 × 10^290 |
| 78 | ov_078 | 1.0904658742741865 × 10^290 |
| 79 | ov_079 | 8.573199758816973 × 10^289 |
| 80 | ov_080 | 6.648376218679637 × 10^289 |
| 81 | ov_081 | 5.079871888739957 × 10^289 |
| 82 | ov_082 | 3.820410853779067 × 10^289 |
| 83 | ov_083 | 2.8257342911482054 × 10^289 |
| 84 | ov_084 | 2.0545810128749714 × 10^289 |
| 85 | ov_085 | 1.468671434184754 × 10^289 |
| 86 | ov_086 | 1.0326946276042714 × 10^289 |
| 87 | ov_087 | 7.142981222485602 × 10^288 |
| 88 | ov_088 | 4.840801081642696 × 10^288 |
| 89 | ov_089 | 3.155837057601473 × 10^288 |
| 90 | ov_090 | 1.963161099555728 × 10^288 |
| 91 | ov_091 | 1.1525417123448397 × 10^288 |
| 92 | ov_092 | 6.284338950315193 × 10^287 |
| 93 | ov_093 | 3.0997348635293857 × 10^287 |
| 94 | ov_094 | 1.3097438700538066 × 10^287 |
| 95 | aaa_78_28 | 3.9927425968135126 × 10^286 |
| 96 | aaa_78_29 | 1.2015589001803623 × 10^286 |
| 97 | ov_097 | 6.184041648925702 × 10^285 |
| 98 | ov_098 | 6.183985829218591 × 10^285 |
| 99 | ov_099 | 6.183968019057999 × 10^285 |
| 100 | ov_100 | 5.132397051203717 × 10^285 |
| 101 | ov_101 | 4.225461436638355 × 10^285 |
| 102 | ov_102 | 3.4493974371804404 × 10^285 |
| 103 | ov_103 | 2.7911898127092375 × 10^285 |
| 104 | ov_104 | 2.2385171771805905 × 10^285 |
| 105 | ov_105 | 1.7797046593450386 × 10^285 |
| 106 | ov_106 | 1.4036831872020465 × 10^285 |
| 107 | ov_107 | 1.0999547493602419 × 10^285 |
| 108 | ov_108 | 8.585630195617469 × 10^284 |
| 109 | ov_109 | 6.700687629080297 × 10^284 |
| 110 | ov_110 | 5.2552947399461555 × 10^284 |
| 111 | ov_111 | 4.164827283867289 × 10^284 |
| 112 | ov_112 | 3.349327597779784 × 10^284 |
| 113 | ov_113 | 2.7333980586926832 × 10^284 |
| 114 | ov_114 | 2.2461179655798294 × 10^284 |
| 115 | ov_115 | 1.8209798848878655 × 10^284 |
| 116 | ov_116 | 1.4536537855153731 × 10^284 |
| 117 | ov_117 | 1.1398356185914442 × 10^284 |
| 118 | ov_118 | 8.752403686986983 × 10^283 |
| 119 | ov_119 | 6.555967262741934 × 10^283 |
| 120 | ov_120 | 4.766429055040635 × 10^283 |
| 121 | ov_121 | 3.3412345628622356 × 10^283 |
| 122 | ov_122 | 2.2378691885705637 × 10^283 |
| 123 | ov_123 | 1.4138416969347182 × 10^283 |
| 124 | ov_124 | 8.266730730142965 × 10^282 |
| 125 | ov_125 | 4.338896308712115 × 10^282 |
| 126 | ov_126 | 1.9301950472902056 × 10^282 |
| 127 | aaa_77_28 | 6.15913048301093 × 10^281 |
| 128 | aaa_77_29 | 2.3065489418135325 × 10^281 |
| 129 | ov_129 | 2.1104891617215532 × 10^281 |
| 130 | ov_130 | 2.110482719819587 × 10^281 |
| 131 | ov_131 | 2.1104811668391266 × 10^281 |
| 132 | ov_132 | 1.8238548654684435 × 10^281 |
| 133 | ov_133 | 1.5677138745825828 × 10^281 |
| 134 | ov_134 | 1.3397438647962593 × 10^281 |
| 135 | ov_135 | 1.1377500055504893 × 10^281 |
| 136 | ov_136 | 9.596483996285927 × 10^280 |
| 137 | ov_137 | 8.034588294568348 × 10^280 |
| 138 | ov_138 | 6.67298679546843 × 10^280 |
| 139 | ov_139 | 5.493779061633025 × 10^280 |
| 140 | ov_140 | 4.47994931878538 × 10^280 |
| 141 | ov_141 | 3.6153334914542936 × 10^280 |
| 142 | ov_142 | 2.8845932341316774 × 10^280 |
| 143 | ov_143 | 2.2731959265041147 × 10^280 |
| 144 | ov_144 | 1.7673996644460009 × 10^280 |
| 145 | ov_145 | 1.3542423412618343 × 10^280 |
| 146 | ov_146 | 1.0215339762963543 × 10^280 |
| 147 | ov_147 | 7.578515105369156 × 10^279 |
| 148 | ov_148 | 5.525353883239236 × 10^279 |
| 149 | ov_149 | 3.956873807841604 × 10^279 |
| 150 | ov_150 | 2.781691981842703 × 10^279 |
| 151 | ov_151 | 1.916015359229013 × 10^279 |
| 152 | ov_152 | 1.2836336875071739 × 10^279 |
| 153 | ov_153 | 8.159143281508743 × 10^278 |
| 154 | ov_154 | 4.804348256180321 × 10^278 |
| 155 | ov_155 | 2.485589889098831 × 10^278 |
| 156 | aaa_76_25 | 9.54360377117223 × 10^277 |
| 157 | aaa_76_26 | 5.503043697956135 × 10^277 |
| 158 | aaa_76_27 | 2.8121638531895864 × 10^277 |
| 159 | aaa_76_28 | 1.0925153747138686 × 10^277 |
| 160 | aaa_76_29 | 3.315056736428575 × 10^276 |

### Output Bits Sorted by Complexity

| Rank | Output Bit | Complexity |
|:----:|:----------:|:----------:|
| 160 | aaa_76_29 | 3.315056736428575 × 10^276 |
| 159 | aaa_76_28 | 1.0925153747138686 × 10^277 |
| 158 | aaa_76_27 | 2.8121638531895864 × 10^277 |
| 157 | aaa_76_26 | 5.503043697956135 × 10^277 |
| 156 | aaa_76_25 | 9.54360377117223 × 10^277 |
| 155 | ov_155 | 2.485589889098831 × 10^278 |
| 154 | ov_154 | 4.804348256180321 × 10^278 |
| 153 | ov_153 | 8.159143281508743 × 10^278 |
| 152 | ov_152 | 1.2836336875071739 × 10^279 |
| 151 | ov_151 | 1.916015359229013 × 10^279 |
| 150 | ov_150 | 2.781691981842703 × 10^279 |
| 149 | ov_149 | 3.956873807841604 × 10^279 |
| 148 | ov_148 | 5.525353883239236 × 10^279 |
| 147 | ov_147 | 7.578515105369156 × 10^279 |
| 146 | ov_146 | 1.0215339762963543 × 10^280 |
| 145 | ov_145 | 1.3542423412618343 × 10^280 |
| 144 | ov_144 | 1.7673996644460009 × 10^280 |
| 143 | ov_143 | 2.2731959265041147 × 10^280 |
| 142 | ov_142 | 2.8845932341316774 × 10^280 |
| 141 | ov_141 | 3.6153334914542936 × 10^280 |
| 140 | ov_140 | 4.47994931878538 × 10^280 |
| 139 | ov_139 | 5.493779061633025 × 10^280 |
| 138 | ov_138 | 6.67298679546843 × 10^280 |
| 137 | ov_137 | 8.034588294568348 × 10^280 |
| 136 | ov_136 | 9.596483996285927 × 10^280 |
| 135 | ov_135 | 1.1377500055504893 × 10^281 |
| 134 | ov_134 | 1.3397438647962593 × 10^281 |
| 133 | ov_133 | 1.5677138745825828 × 10^281 |
| 132 | ov_132 | 1.8238548654684435 × 10^281 |
| 131 | ov_131 | 2.1104811668391266 × 10^281 |
| 130 | ov_130 | 2.110482719819587 × 10^281 |
| 129 | ov_129 | 2.1104891617215532 × 10^281 |
| 128 | aaa_77_29 | 2.3065489418135325 × 10^281 |
| 127 | aaa_77_28 | 6.15913048301093 × 10^281 |
| 126 | ov_126 | 1.9301950472902056 × 10^282 |
| 125 | ov_125 | 4.338896308712115 × 10^282 |
| 124 | ov_124 | 8.266730730142965 × 10^282 |
| 123 | ov_123 | 1.4138416969347182 × 10^283 |
| 122 | ov_122 | 2.2378691885705637 × 10^283 |
| 121 | ov_121 | 3.3412345628622356 × 10^283 |
| 120 | ov_120 | 4.766429055040635 × 10^283 |
| 119 | ov_119 | 6.555967262741934 × 10^283 |
| 118 | ov_118 | 8.752403686986983 × 10^283 |
| 117 | ov_117 | 1.1398356185914442 × 10^284 |
| 116 | ov_116 | 1.4536537855153731 × 10^284 |
| 115 | ov_115 | 1.8209798848878655 × 10^284 |
| 114 | ov_114 | 2.2461179655798294 × 10^284 |
| 113 | ov_113 | 2.7333980586926832 × 10^284 |
| 112 | ov_112 | 3.349327597779784 × 10^284 |
| 111 | ov_111 | 4.164827283867289 × 10^284 |
| 110 | ov_110 | 5.2552947399461555 × 10^284 |
| 109 | ov_109 | 6.700687629080297 × 10^284 |
| 108 | ov_108 | 8.585630195617469 × 10^284 |
| 107 | ov_107 | 1.0999547493602419 × 10^285 |
| 106 | ov_106 | 1.4036831872020465 × 10^285 |
| 105 | ov_105 | 1.7797046593450386 × 10^285 |
| 104 | ov_104 | 2.2385171771805905 × 10^285 |
| 103 | ov_103 | 2.7911898127092375 × 10^285 |
| 102 | ov_102 | 3.4493974371804404 × 10^285 |
| 101 | ov_101 | 4.225461436638355 × 10^285 |
| 100 | ov_100 | 5.132397051203717 × 10^285 |
| 99 | ov_099 | 6.183968019057999 × 10^285 |
| 98 | ov_098 | 6.183985829218591 × 10^285 |
| 97 | ov_097 | 6.184041648925702 × 10^285 |
| 96 | aaa_78_29 | 1.2015589001803623 × 10^286 |
| 95 | aaa_78_28 | 3.9927425968135126 × 10^286 |
| 94 | ov_094 | 1.3097438700538066 × 10^287 |
| 93 | ov_093 | 3.0997348635293857 × 10^287 |
| 92 | ov_092 | 6.284338950315193 × 10^287 |
| 91 | ov_091 | 1.1525417123448397 × 10^288 |
| 90 | ov_090 | 1.963161099555728 × 10^288 |
| 89 | ov_089 | 3.155837057601473 × 10^288 |
| 88 | ov_088 | 4.840801081642696 × 10^288 |
| 87 | ov_087 | 7.142981222485602 × 10^288 |
| 86 | ov_086 | 1.0326946276042714 × 10^289 |
| 85 | ov_085 | 1.468671434184754 × 10^289 |
| 84 | ov_084 | 2.0545810128749714 × 10^289 |
| 83 | ov_083 | 2.8257342911482054 × 10^289 |
| 82 | ov_082 | 3.820410853779067 × 10^289 |
| 81 | ov_081 | 5.079871888739957 × 10^289 |
| 80 | ov_080 | 6.648376218679637 × 10^289 |
| 64 | lv_79_m31 | 6.849439067069005 × 10^289 |
| 79 | ov_079 | 8.573199758816973 × 10^289 |
| 78 | ov_078 | 1.0904658742741865 × 10^290 |
| 77 | ov_077 | 1.3696137058572069 × 10^290 |
| 76 | ov_076 | 1.7004118039258079 × 10^290 |
| 75 | ov_075 | 2.08882216740961 × 10^290 |
| 74 | ov_074 | 2.541125011894003 × 10^290 |
| 73 | ov_073 | 3.0639246425359133 × 10^290 |
| 63 | ov_063 | 3.5170648790639822 × 10^290 |
| 72 | ov_072 | 3.664157234307486 × 10^290 |
| 71 | ov_071 | 4.349101141192458 × 10^290 |
| 70 | ov_070 | 5.126390392918317 × 10^290 |
| 69 | ov_069 | 6.0040320757376285 × 10^290 |
| 68 | ov_068 | 6.9904283329145 × 10^290 |
| 67 | ov_067 | 8.094403761205324 × 10^290 |
| 66 | ov_066 | 8.094409287931678 × 10^290 |
| 65 | ov_065 | 8.09443245018699 × 10^290 |
| 62 | ov_062 | 1.8055058209611018 × 10^291 |
| 61 | ov_061 | 6.585043868257263 × 10^291 |
| 60 | ov_060 | 1.8860586301517205 × 10^292 |
| 59 | ov_059 | 4.5532389221113014 × 10^292 |
| 58 | ov_058 | 9.244805092549698 × 10^292 |
| 57 | ov_057 | 1.6709030075365429 × 10^293 |
| 56 | ov_056 | 2.7857706538384552 × 10^293 |
| 55 | ov_055 | 4.376616517843963 × 10^293 |
| 54 | ov_054 | 6.5673314827870655 × 10^293 |
| 53 | ov_053 | 9.498171921082559 × 10^293 |
| 52 | ov_052 | 1.3325773095323476 × 10^294 |
| 51 | ov_051 | 1.837980619471136 × 10^294 |
| 50 | ov_050 | 2.5022777117766865 × 10^294 |
| 49 | ov_049 | 3.346063869231879 × 10^294 |
| 48 | ov_048 | 4.412184807925652 × 10^294 |
| 47 | ov_047 | 5.7468060184531714 × 10^294 |
| 32 | lv_80_m31 | 6.997484199758651 × 10^294 |
| 46 | ov_046 | 7.399435269455592 × 10^294 |
| 45 | ov_045 | 9.42295340055041 × 10^294 |
| 44 | ov_044 | 1.1873655875008108 × 10^295 |
| 43 | ov_043 | 1.4811307798949544 × 10^295 |
| 42 | ov_042 | 1.829921535097819 × 10^295 |
| 41 | ov_041 | 2.2404316804233764 × 10^295 |
| 40 | ov_040 | 2.7162906696440135 × 10^295 |
| 39 | ov_039 | 3.2613261734721904 × 10^295 |
| 31 | ov_031 | 3.5889835172070584 × 10^295 |
| 38 | ov_038 | 3.8795734589317215 × 10^295 |
| 37 | ov_037 | 4.5793218789628335 × 10^295 |
| 36 | ov_036 | 5.369311716057098 × 10^295 |
| 35 | ov_035 | 6.254276876929646 × 10^295 |
| 34 | ov_034 | 7.243951043619281 × 10^295 |
| 33 | ov_033 | 8.348620617093003 × 10^295 |
| 30 | ov_030 | 1.8400858579792737 × 10^296 |
| 29 | ov_029 | 6.018331764563232 × 10^296 |
| 28 | ov_028 | 1.561573136836439 × 10^297 |
| 27 | ov_027 | 3.489158287984456 × 10^297 |
| 26 | ov_026 | 6.975285859005502 × 10^297 |
| 25 | ov_025 | 1.277542257712163 × 10^298 |
| 24 | ov_024 | 2.180981264019796 × 10^298 |
| 23 | ov_023 | 3.5163501008498636 × 10^298 |
| 22 | ov_022 | 5.517143437225779 × 10^298 |
| 21 | ov_021 | 8.449838550279607 × 10^298 |
| 20 | ov_020 | 1.2613926094904511 × 10^299 |
| 19 | ov_019 | 1.8341960389235293 × 10^299 |
| 18 | ov_018 | 2.599963585645683 × 10^299 |
| 17 | ov_017 | 3.5985897571739245 × 10^299 |
| 16 | ov_016 | 4.87330951716455 × 10^299 |
| 15 | ov_015 | 6.470719069240677 × 10^299 |
| 14 | ov_014 | 8.44080337797536 × 10^299 |
| 13 | ov_013 | 1.0836972388746119 × 10^300 |
| 12 | ov_012 | 1.3716108385616859 × 10^300 |
| 11 | ov_011 | 1.7138626950790735 × 10^300 |
| 10 | ov_010 | 2.1168554253066268 × 10^300 |
| 9 | ov_009 | 2.5873624036707286 × 10^300 |
| 8 | ov_008 | 3.132539813823658 × 10^300 |
| 7 | ov_007 | 3.759941462747003 × 10^300 |
| 6 | ov_006 | 4.477536794086046 × 10^300 |
| 5 | ov_005 | 5.29373256508928 × 10^300 |
| 4 | ov_004 | 6.217398679606336 × 10^300 |
| 3 | ov_003 | 7.25789866394328 × 10^300 |
| 2 | ov_002 | 8.425125196862849 × 10^300 |
| 1 | ov_001 | 9.729541024740905 × 10^300 |

