# Results for F001-F002-F003-F004-F005-F006-F007-F008-F009-F010-F011-F012-F013-F014-F015-F016-F017-F018-F019-F020-F021-F022-F023-F024-F025-F026-F027-F028-F029-F030-F031-F032-F033-F034-F035-F036-F037-F038-F039-F040-F041-F042-F043-F044-F045-F046-F047-F048-F049-F050-F051-F052-F053-F054-F055-F056-F057-F058-F059-F060-F061-F062-F063-F064-F065-F066-F067-F068-F069-F070-F071-F072-F073-F074-F075-F076-F077-F078-F079-F080-F081-F082-F083-F084-F085-F086-F087-F088-F089-F090-F091-F092-F093-F094-F095-F096-F097-F098-F099-F100-F101-F102-F103-F104-F105-F106-F107-F108-F109-F110-F111-F112-F113-F114-F115-F116-F117-F118-F119-F120-F121-F122-F123-F124-F125-F126-F127-F128-F129-F130-F131-F132-F133-F134-F135-F136-F137-F138-F139-F140-F141-F142-F143-F144-F145-F146-F147-F148-F149-F150-F151-F152-F153-F154-F155-F156-F157-F158-F159-F160-F161-F162-F163-F164-F165-F166-F167-F168-F169-F170-F171-F172-F173-F174-F175-F176-F177-F178-F179-F180-F181-F182-F183-F184-F185-F186-F187-F188-F189-F190-F191-F192-F193-F194-F195-F196-F197-F198-F199-F200-F201-F202-F203-F204-F205-F206-F207-F208-F209-F210-F211-F212-F213-F214-F215-F216-F217-F218-F219-F220-F221-F222-F223-F224-F225-F226-F227-F228-F229-F230-F231-F232-F233-F234-F235-F236-F237-F238-F239-F240-F241-F242-F243-F244-F245-F246-F247-F248-F249-F250-F251-F252-F253-F254-F255-F256-F257-F258-F259-F260-F261-F262-F263-F264-F265-F266-F267-F268-F269-F270-F271-F272-F273-F274-F275-F276-F277-F278-F279-F280-F281-F282-F283-F284-F285-F286-F287-F288-F289-F290-F291-F292-F293-F294-F295-F296-F297-F298-F299-F300-F301-F302-F303-F304-F305-F306-F307-F308-F309-F310-F311-F312-F313-F314-F315-F316-F317-F318-F319-F320-F321-F322-F323-F324-F325-F326-F327-F328-F329-F330-F331-F332-F333-F334-F335-F336-F337-F338-F339-F340-F341-F342-F343-F344-F345-F346-F347-F348-F349-F350-F351-F352-F353-F354-F355-F356-F357-F358-F359-F360-F361-F362-F363-F364-F365-F366-F367-F368-F369-F370-F371-F372-F373-F374-F375-F376-F377-F378-F379-F380-F381-F382-F383-F384-F385-F386-F387-F388-F389-F390-F391-F392-F393-F394-F395-F396-F397-F398-F399-F400-F401-F402-F403-F404-F405-F406-F407-F408-F409-F410-F411-F412-F413-F414-F415-F416-F417-F418-F419-F420-F421-F422-F423-F424-F425-F426-F427-F428-F429-F430-F431-F432-F433-F434-F435-F436-F437-F438-F439-F440-F441-F442-F443-F444-F445-F446-F447-F448-F449-F450-F451-F452-F453-F454-F455-F456-F457-F458-F459-F460-F461-F462-F463-F464-F465-F466-F467-F468-F469-F470-F471-F472-F473-F474-F475-F476-F477-F478-F479-F480-F481-F482-F483-F484-F485-F486-F487-F488-F489-F490-F491-F492-F493-F494-F495-F496-F503-F507-F508-F509-F510-F512

## Summary

Number of input bits: 512  
Number of free input bits: 10  
Number of output bits: 160

Number of direct occurrences: 41041  
Number of assignments: 31065  
Number of operations: 11080687
(xor: 11052462,
and: 15069,
or: 13156)

Total complexity: 1.6421469164697906 × 10^298

Least occurring input variable: iv_499 (3962)  
Most occurring input variable: iv_511 (4388)

Most co-occurring input variables: iv_500-iv_511 (2081)  
Least co-occurring input variables: iv_499-iv_506 (1799)

Potentially most occurring input variable: iv_497/iv_511 (4605)  
Potentially least occurring input variable: iv_501/iv_502 (4110)

Least output occurring input variable: iv_498 (74)  
Most output occurring input variable: iv_504 (83)

Most output co-occurring input variables: iv_501-iv_505 (48)  
Least output co-occurring input variables: iv_498-iv_500 (29)

Potentially most output occurring input variable: iv_498/iv_500 (92)  
Potentially least output occurring input variable: iv_497/iv_498 (65)

Least complex input bit: iv_511 (1.2213002138580209 × 10^293)  
Most complex input bit: iv_505 (5.61738439831222 × 10^297)

Least complex output bit: aaa_76_29 (3.8650947121525454 × 10^273)  
Most complex output bit: ov_001 (2.5674268100448974 × 10^297)

Least complex input/output complexity: iv_511/aaa_76_29 (2.87455461578382 × 10^268)  
Most complex input/output complexity: iv_505/ov_001 (8.782541416914696 × 10^296)

## Input Bits

### Input Bits in Regular Order

| Input Bit | Complexity | Occurrences | Output Occurrences |
|:---------:|:----------:|:-----------:|:------------------:|
| iv_497 | 1.465646189252335 × 10^296 | 4053 | 77 |
| iv_498 | 2.923515979564479 × 10^296 | 4041 | 74 |
| iv_499 | 5.24962456325308 × 10^296 | 3962 | 81 |
| iv_500 | 9.029995458851217 × 10^296 | 4126 | 76 |
| iv_501 | 1.513935376581999 × 10^297 | 4094 | 82 |
| iv_502 | 2.4833062821877264 × 10^297 | 4112 | 78 |
| iv_504 | 3.780710423215289 × 10^297 | 4108 | 83 |
| iv_505 | 5.61738439831222 × 10^297 | 4123 | 83 |
| iv_506 | 1.1591323352871978 × 10^297 | 4034 | 77 |
| iv_511 | 1.2213002138580209 × 10^293 | 4388 | 80 |

### Input Bits Sorted by Complexity

| Input Bit | Complexity | Occurrences | Output Occurrences |
|:---------:|:----------:|:-----------:|:------------------:|
| iv_511 | 1.2213002138580209 × 10^293 | 4388 | 80 |
| iv_497 | 1.465646189252335 × 10^296 | 4053 | 77 |
| iv_498 | 2.923515979564479 × 10^296 | 4041 | 74 |
| iv_499 | 5.24962456325308 × 10^296 | 3962 | 81 |
| iv_500 | 9.029995458851217 × 10^296 | 4126 | 76 |
| iv_506 | 1.1591323352871978 × 10^297 | 4034 | 77 |
| iv_501 | 1.513935376581999 × 10^297 | 4094 | 82 |
| iv_502 | 2.4833062821877264 × 10^297 | 4112 | 78 |
| iv_504 | 3.780710423215289 × 10^297 | 4108 | 83 |
| iv_505 | 5.61738439831222 × 10^297 | 4123 | 83 |

### Input Bits Sorted by Occurrences

| Input Bit | Complexity | Occurrences | Output Occurrences |
|:---------:|:----------:|:-----------:|:------------------:|
| iv_499 | 5.24962456325308 × 10^296 | 3962 | 81 |
| iv_506 | 1.1591323352871978 × 10^297 | 4034 | 77 |
| iv_498 | 2.923515979564479 × 10^296 | 4041 | 74 |
| iv_497 | 1.465646189252335 × 10^296 | 4053 | 77 |
| iv_501 | 1.513935376581999 × 10^297 | 4094 | 82 |
| iv_504 | 3.780710423215289 × 10^297 | 4108 | 83 |
| iv_502 | 2.4833062821877264 × 10^297 | 4112 | 78 |
| iv_505 | 5.61738439831222 × 10^297 | 4123 | 83 |
| iv_500 | 9.029995458851217 × 10^296 | 4126 | 76 |
| iv_511 | 1.2213002138580209 × 10^293 | 4388 | 80 |

### Input Bits Sorted by Output Occurrences

| Input Bit | Complexity | Occurrences | Output Occurrences |
|:---------:|:----------:|:-----------:|:------------------:|
| iv_498 | 2.923515979564479 × 10^296 | 4041 | 74 |
| iv_500 | 9.029995458851217 × 10^296 | 4126 | 76 |
| iv_506 | 1.1591323352871978 × 10^297 | 4034 | 77 |
| iv_497 | 1.465646189252335 × 10^296 | 4053 | 77 |
| iv_502 | 2.4833062821877264 × 10^297 | 4112 | 78 |
| iv_511 | 1.2213002138580209 × 10^293 | 4388 | 80 |
| iv_499 | 5.24962456325308 × 10^296 | 3962 | 81 |
| iv_501 | 1.513935376581999 × 10^297 | 4094 | 82 |
| iv_505 | 5.61738439831222 × 10^297 | 4123 | 83 |
| iv_504 | 3.780710423215289 × 10^297 | 4108 | 83 |

## Input Bit Co-occurrences

### Input Bit Co-occurrences Sorted by Co-occurrences

| Input Bits | Co-occurrences | Potential Occurrences | Output Co-occurrences | Potential Output Occurrences |
|:----------:|:--------------:|:---------------------:|:---------------------:|:----------------------------:|
| iv_500-iv_511 | 2081 | 4352 | 38 | 80 |
| iv_501-iv_511 | 2065 | 4352 | 47 | 68 |
| iv_501-iv_502 | 2048 | 4110 | 42 | 76 |
| iv_500-iv_501 | 2039 | 4142 | 39 | 80 |
| iv_504-iv_511 | 2034 | 4428 | 46 | 71 |
| iv_505-iv_511 | 2023 | 4465 | 40 | 83 |
| iv_502-iv_511 | 2013 | 4474 | 36 | 86 |
| iv_502-iv_505 | 1999 | 4237 | 45 | 71 |
| iv_498-iv_504 | 1990 | 4169 | 39 | 79 |
| iv_500-iv_504 | 1986 | 4262 | 39 | 81 |

### Input Bit Co-occurrences Sorted by Potential Occurrences

| Input Bits | Co-occurrences | Potential Occurrences | Output Co-occurrences | Potential Output Occurrences |
|:----------:|:--------------:|:---------------------:|:---------------------:|:----------------------------:|
| iv_501-iv_502 | 2048 | 4110 | 42 | 76 |
| iv_499-iv_504 | 1968 | 4134 | 42 | 80 |
| iv_500-iv_501 | 2039 | 4142 | 39 | 80 |
| iv_498-iv_504 | 1990 | 4169 | 39 | 79 |
| iv_498-iv_499 | 1907 | 4189 | 39 | 77 |
| iv_497-iv_505 | 1981 | 4214 | 43 | 74 |
| iv_497-iv_499 | 1897 | 4221 | 40 | 78 |
| iv_500-iv_506 | 1968 | 4224 | 37 | 79 |
| iv_497-iv_500 | 1973 | 4233 | 35 | 83 |
| iv_502-iv_505 | 1999 | 4237 | 45 | 71 |

### Input Bit Output Co-occurrences Sorted by Output Co-occurrences

| Input Bits | Co-occurrences | Potential Occurrences | Output Co-occurrences | Potential Output Occurrences |
|:----------:|:--------------:|:---------------------:|:---------------------:|:----------------------------:|
| iv_501-iv_505 | 1980 | 4257 | 48 | 69 |
| iv_501-iv_511 | 2065 | 4352 | 47 | 68 |
| iv_504-iv_511 | 2034 | 4428 | 46 | 71 |
| iv_500-iv_505 | 1967 | 4315 | 46 | 67 |
| iv_499-iv_502 | 1894 | 4286 | 45 | 69 |
| iv_502-iv_505 | 1999 | 4237 | 45 | 71 |
| iv_504-iv_505 | 1947 | 4337 | 44 | 78 |
| iv_499-iv_501 | 1890 | 4276 | 43 | 77 |
| iv_501-iv_504 | 1959 | 4284 | 43 | 79 |
| iv_499-iv_505 | 1860 | 4365 | 43 | 78 |

### Input Bit Output Co-occurrences Sorted by Potential Output Occurrences

| Input Bits | Co-occurrences | Potential Occurrences | Output Co-occurrences | Potential Output Occurrences |
|:----------:|:--------------:|:---------------------:|:---------------------:|:----------------------------:|
| iv_497-iv_498 | 1904 | 4286 | 43 | 65 |
| iv_500-iv_505 | 1967 | 4315 | 46 | 67 |
| iv_501-iv_511 | 2065 | 4352 | 47 | 68 |
| iv_499-iv_502 | 1894 | 4286 | 45 | 69 |
| iv_501-iv_505 | 1980 | 4257 | 48 | 69 |
| iv_504-iv_511 | 2034 | 4428 | 46 | 71 |
| iv_502-iv_505 | 1999 | 4237 | 45 | 71 |
| iv_499-iv_500 | 1898 | 4292 | 42 | 73 |
| iv_498-iv_506 | 1907 | 4261 | 39 | 73 |
| iv_497-iv_505 | 1981 | 4214 | 43 | 74 |

## Output Bits

### Output Bits in Regular Order

| Rank | Output Bit | Complexity |
|:----:|:----------:|:----------:|
| 1 | ov_001 | 2.5674268100448974 × 10^297 |
| 2 | ov_002 | 2.2340474911302756 × 10^297 |
| 3 | ov_003 | 1.93475253850092 × 10^297 |
| 4 | ov_004 | 1.666985913290556 × 10^297 |
| 5 | ov_005 | 1.4283316867574887 × 10^297 |
| 6 | ov_006 | 1.2165039848094157 × 10^297 |
| 7 | ov_007 | 1.0293382466236869 × 10^297 |
| 8 | ov_008 | 8.647837152448824 × 10^296 |
| 9 | ov_009 | 7.208970581671603 × 10^296 |
| 10 | ov_010 | 5.958369972217495 × 10^296 |
| 11 | ov_011 | 4.8785982572521164 × 10^296 |
| 12 | ov_012 | 3.953156978396477 × 10^296 |
| 13 | ov_013 | 3.1664558195863123 × 10^296 |
| 14 | ov_014 | 2.5037878219816214 × 10^296 |
| 15 | ov_015 | 1.951309497641053 × 10^296 |
| 16 | ov_016 | 1.4960251258525674 × 10^296 |
| 17 | ov_017 | 1.125774471595397 × 10^296 |
| 18 | ov_018 | 8.292232146740771 × 10^295 |
| 19 | ov_019 | 5.958555554105026 × 10^295 |
| 20 | ov_020 | 4.159686278077497 × 10^295 |
| 21 | ov_021 | 2.80668426373307 × 10^295 |
| 22 | ov_022 | 1.8186696266339764 × 10^295 |
| 23 | ov_023 | 1.1228035491107353 × 10^295 |
| 24 | ov_024 | 6.542758648918523 × 10^294 |
| 25 | ov_025 | 3.562974644164539 × 10^294 |
| 26 | ov_026 | 1.8009613609213796 × 10^294 |
| 27 | ov_027 | 8.49146104903389 × 10^293 |
| 28 | ov_028 | 3.8009789599120265 × 10^293 |
| 29 | ov_029 | 1.4652498856407123 × 10^293 |
| 30 | ov_030 | 4.4816189716311417 × 10^292 |
| 31 | ov_031 | 8.747500523200577 × 10^291 |
| 32 | lv_80_m31 | 1.7072684187329046 × 10^291 |
| 33 | ov_033 | 2.0511032111228944 × 10^292 |
| 34 | ov_034 | 1.7828969949825444 × 10^292 |
| 35 | ov_035 | 1.5418263620571424 × 10^292 |
| 36 | ov_036 | 1.3265783392489832 × 10^292 |
| 37 | ov_037 | 1.1347356544844498 × 10^292 |
| 38 | ov_038 | 9.640088125952686 × 10^291 |
| 39 | ov_039 | 8.122277945523638 × 10^291 |
| 40 | ov_040 | 6.783365005176122 × 10^291 |
| 41 | ov_041 | 5.6133337493196794 × 10^291 |
| 42 | ov_042 | 4.6026863415300474 × 10^291 |
| 43 | ov_043 | 3.742419408510837 × 10^291 |
| 44 | ov_044 | 3.015935794924022 × 10^291 |
| 45 | ov_045 | 2.40754406117347 × 10^291 |
| 46 | ov_046 | 1.9024353211771505 × 10^291 |
| 47 | ov_047 | 1.4866648202453577 × 10^291 |
| 48 | ov_048 | 1.1471374905052072 × 10^291 |
| 49 | ov_049 | 8.715967801746154 × 10^290 |
| 50 | ov_050 | 6.541228295797979 × 10^290 |
| 51 | ov_051 | 4.841125594598221 × 10^290 |
| 52 | ov_052 | 3.5178156745919128 × 10^290 |
| 53 | ov_053 | 2.481606719216999 × 10^290 |
| 54 | ov_054 | 1.6896873310056765 × 10^290 |
| 55 | ov_055 | 1.103305957398485 × 10^290 |
| 56 | ov_056 | 6.877652376129822 × 10^289 |
| 57 | ov_057 | 4.1241858204635014 × 10^289 |
| 58 | ov_058 | 2.2811810789332004 × 10^289 |
| 59 | ov_059 | 1.1231373799793766 × 10^289 |
| 60 | ov_060 | 4.6502633921141615 × 10^288 |
| 61 | ov_061 | 1.6229015364527408 × 10^288 |
| 62 | ov_062 | 4.4478987622595266 × 10^287 |
| 63 | ov_063 | 8.66084066265179 × 10^286 |
| 64 | lv_79_m31 | 1.6860445731663823 × 10^286 |
| 65 | ov_065 | 2.0089773434671646 × 10^287 |
| 66 | ov_066 | 2.008970841188425 × 10^287 |
| 67 | ov_067 | 2.00896924976651 × 10^287 |
| 68 | ov_068 | 1.734525210193151 × 10^287 |
| 69 | ov_069 | 1.490085567079793 × 10^287 |
| 70 | ov_070 | 1.273188019729979 × 10^287 |
| 71 | ov_071 | 1.0815217833273714 × 10^287 |
| 72 | ov_072 | 9.129173258029122 × 10^286 |
| 73 | ov_073 | 7.653370120039291 × 10^286 |
| 74 | ov_074 | 6.368666073418567 × 10^286 |
| 75 | ov_075 | 5.25707594877476 × 10^286 |
| 76 | ov_076 | 4.3017026126240084 × 10^286 |
| 77 | ov_077 | 3.486675081365026 × 10^286 |
| 78 | ov_078 | 2.797093465237236 × 10^286 |
| 79 | ov_079 | 2.218980325111399 × 10^286 |
| 80 | ov_080 | 1.7392380307323072 × 10^286 |
| 81 | ov_081 | 1.3456117134697882 × 10^286 |
| 82 | ov_082 | 1.0266574100090936 × 10^286 |
| 83 | ov_083 | 7.717149959347683 × 10^285 |
| 84 | ov_084 | 5.708855099875844 × 10^285 |
| 85 | ov_085 | 4.150124710326859 × 10^285 |
| 86 | ov_086 | 2.956667906015586 × 10^285 |
| 87 | ov_087 | 2.051348843894715 × 10^285 |
| 88 | ov_088 | 1.364095864063876 × 10^285 |
| 89 | ov_089 | 8.616294528991934 × 10^284 |
| 90 | ov_090 | 5.141548541269201 × 10^284 |
| 91 | ov_091 | 2.953432561510043 × 10^284 |
| 92 | ov_092 | 1.6289308757210545 × 10^284 |
| 93 | ov_093 | 8.139478157713876 × 10^283 |
| 94 | ov_094 | 3.4865746097461027 × 10^283 |
| 95 | aaa_78_28 | 1.0766449491234187 × 10^283 |
| 96 | aaa_78_29 | 3.306536922656784 × 10^282 |
| 97 | ov_097 | 2.183219026264277 × 10^282 |
| 98 | ov_098 | 2.1831539014486817 × 10^282 |
| 99 | ov_099 | 2.183133115789673 × 10^282 |
| 100 | ov_100 | 1.9645574109096605 × 10^282 |
| 101 | ov_101 | 1.762099060849058 × 10^282 |
| 102 | ov_102 | 1.5748775357105963 × 10^282 |
| 103 | ov_103 | 1.4020762367865542 × 10^282 |
| 104 | ov_104 | 1.242934045157799 × 10^282 |
| 105 | ov_105 | 1.0967376597954245 × 10^282 |
| 106 | ov_106 | 9.62814684416988 × 10^281 |
| 107 | ov_107 | 8.405274237901625 × 10^281 |
| 108 | ov_108 | 7.292673513323531 × 10^281 |
| 109 | ov_109 | 6.284502107665278 × 10^281 |
| 110 | ov_110 | 5.3751171529745445 × 10^281 |
| 111 | ov_111 | 4.559038083035115 × 10^281 |
| 112 | ov_112 | 3.830914499294628 × 10^281 |
| 113 | ov_113 | 3.185498942447147 × 10^281 |
| 114 | ov_114 | 2.617624218263808 × 10^281 |
| 115 | ov_115 | 2.122184927596873 × 10^281 |
| 116 | ov_116 | 1.6941228513726286 × 10^281 |
| 117 | ov_117 | 1.3284154689647581 × 10^281 |
| 118 | ov_118 | 1.0200665591887525 × 10^281 |
| 119 | ov_119 | 7.64098293339 × 10^280 |
| 120 | ov_120 | 5.5554488880222405 × 10^280 |
| 121 | ov_121 | 3.894480908726928 × 10^280 |
| 122 | ov_122 | 2.60854265356396 × 10^280 |
| 123 | ov_123 | 1.6481248645769178 × 10^280 |
| 124 | ov_124 | 9.637324697473301 × 10^279 |
| 125 | ov_125 | 5.058765926818444 × 10^279 |
| 126 | ov_126 | 2.2507047683975633 × 10^279 |
| 127 | aaa_77_28 | 7.182792105303662 × 10^278 |
| 128 | aaa_77_29 | 2.690460979892335 × 10^278 |
| 129 | ov_129 | 2.4807951031967573 × 10^278 |
| 130 | ov_130 | 2.480787577703834 × 10^278 |
| 131 | ov_131 | 2.4807857589130446 × 10^278 |
| 132 | ov_132 | 2.1470693468187444 × 10^278 |
| 133 | ov_133 | 1.848743810979741 × 10^278 |
| 134 | ov_134 | 1.5830972506435468 × 10^278 |
| 135 | ov_135 | 1.3475622749136293 × 10^278 |
| 136 | ov_136 | 1.1397056848098888 × 10^278 |
| 137 | ov_137 | 9.572196072193139 × 10^277 |
| 138 | ov_138 | 7.979139398788228 × 10^277 |
| 139 | ov_139 | 6.597099737322802 × 10^277 |
| 140 | ov_140 | 5.406350659947516 × 10^277 |
| 141 | ov_141 | 4.388182440863108 × 10^277 |
| 142 | ov_142 | 3.5248662730430993 × 10^277 |
| 143 | ov_143 | 2.7996255971842564 × 10^277 |
| 144 | ov_144 | 2.196613543220646 × 10^277 |
| 145 | ov_145 | 1.700895549761137 × 10^277 |
| 146 | ov_146 | 1.2984362915064166 × 10^277 |
| 147 | ov_147 | 9.760901091726598 × 10^276 |
| 148 | ov_148 | 7.215942007706931 × 10^276 |
| 149 | ov_149 | 5.235638973150046 × 10^276 |
| 150 | ov_150 | 3.714894404838415 × 10^276 |
| 151 | ov_151 | 2.5573383071924134 × 10^276 |
| 152 | ov_152 | 1.6753145318333067 × 10^276 |
| 153 | ov_153 | 1.0271721592678071 × 10^276 |
| 154 | ov_154 | 5.756115834334581 × 10^275 |
| 155 | ov_155 | 2.8768284689000423 × 10^275 |
| 156 | aaa_76_25 | 1.1053171197235386 × 10^275 |
| 157 | aaa_76_26 | 6.381738694579786 × 10^274 |
| 158 | aaa_76_27 | 3.2660344392687843 × 10^274 |
| 159 | aaa_76_28 | 1.2712791943377207 × 10^274 |
| 160 | aaa_76_29 | 3.8650947121525454 × 10^273 |

### Output Bits Sorted by Complexity

| Rank | Output Bit | Complexity |
|:----:|:----------:|:----------:|
| 160 | aaa_76_29 | 3.8650947121525454 × 10^273 |
| 159 | aaa_76_28 | 1.2712791943377207 × 10^274 |
| 158 | aaa_76_27 | 3.2660344392687843 × 10^274 |
| 157 | aaa_76_26 | 6.381738694579786 × 10^274 |
| 156 | aaa_76_25 | 1.1053171197235386 × 10^275 |
| 155 | ov_155 | 2.8768284689000423 × 10^275 |
| 154 | ov_154 | 5.756115834334581 × 10^275 |
| 153 | ov_153 | 1.0271721592678071 × 10^276 |
| 152 | ov_152 | 1.6753145318333067 × 10^276 |
| 151 | ov_151 | 2.5573383071924134 × 10^276 |
| 150 | ov_150 | 3.714894404838415 × 10^276 |
| 149 | ov_149 | 5.235638973150046 × 10^276 |
| 148 | ov_148 | 7.215942007706931 × 10^276 |
| 147 | ov_147 | 9.760901091726598 × 10^276 |
| 146 | ov_146 | 1.2984362915064166 × 10^277 |
| 145 | ov_145 | 1.700895549761137 × 10^277 |
| 144 | ov_144 | 2.196613543220646 × 10^277 |
| 143 | ov_143 | 2.7996255971842564 × 10^277 |
| 142 | ov_142 | 3.5248662730430993 × 10^277 |
| 141 | ov_141 | 4.388182440863108 × 10^277 |
| 140 | ov_140 | 5.406350659947516 × 10^277 |
| 139 | ov_139 | 6.597099737322802 × 10^277 |
| 138 | ov_138 | 7.979139398788228 × 10^277 |
| 137 | ov_137 | 9.572196072193139 × 10^277 |
| 136 | ov_136 | 1.1397056848098888 × 10^278 |
| 135 | ov_135 | 1.3475622749136293 × 10^278 |
| 134 | ov_134 | 1.5830972506435468 × 10^278 |
| 133 | ov_133 | 1.848743810979741 × 10^278 |
| 132 | ov_132 | 2.1470693468187444 × 10^278 |
| 131 | ov_131 | 2.4807857589130446 × 10^278 |
| 130 | ov_130 | 2.480787577703834 × 10^278 |
| 129 | ov_129 | 2.4807951031967573 × 10^278 |
| 128 | aaa_77_29 | 2.690460979892335 × 10^278 |
| 127 | aaa_77_28 | 7.182792105303662 × 10^278 |
| 126 | ov_126 | 2.2507047683975633 × 10^279 |
| 125 | ov_125 | 5.058765926818444 × 10^279 |
| 124 | ov_124 | 9.637324697473301 × 10^279 |
| 123 | ov_123 | 1.6481248645769178 × 10^280 |
| 122 | ov_122 | 2.60854265356396 × 10^280 |
| 121 | ov_121 | 3.894480908726928 × 10^280 |
| 120 | ov_120 | 5.5554488880222405 × 10^280 |
| 119 | ov_119 | 7.64098293339 × 10^280 |
| 118 | ov_118 | 1.0200665591887525 × 10^281 |
| 117 | ov_117 | 1.3284154689647581 × 10^281 |
| 116 | ov_116 | 1.6941228513726286 × 10^281 |
| 115 | ov_115 | 2.122184927596873 × 10^281 |
| 114 | ov_114 | 2.617624218263808 × 10^281 |
| 113 | ov_113 | 3.185498942447147 × 10^281 |
| 112 | ov_112 | 3.830914499294628 × 10^281 |
| 111 | ov_111 | 4.559038083035115 × 10^281 |
| 110 | ov_110 | 5.3751171529745445 × 10^281 |
| 109 | ov_109 | 6.284502107665278 × 10^281 |
| 108 | ov_108 | 7.292673513323531 × 10^281 |
| 107 | ov_107 | 8.405274237901625 × 10^281 |
| 106 | ov_106 | 9.62814684416988 × 10^281 |
| 105 | ov_105 | 1.0967376597954245 × 10^282 |
| 104 | ov_104 | 1.242934045157799 × 10^282 |
| 103 | ov_103 | 1.4020762367865542 × 10^282 |
| 102 | ov_102 | 1.5748775357105963 × 10^282 |
| 101 | ov_101 | 1.762099060849058 × 10^282 |
| 100 | ov_100 | 1.9645574109096605 × 10^282 |
| 99 | ov_099 | 2.183133115789673 × 10^282 |
| 98 | ov_098 | 2.1831539014486817 × 10^282 |
| 97 | ov_097 | 2.183219026264277 × 10^282 |
| 96 | aaa_78_29 | 3.306536922656784 × 10^282 |
| 95 | aaa_78_28 | 1.0766449491234187 × 10^283 |
| 94 | ov_094 | 3.4865746097461027 × 10^283 |
| 93 | ov_093 | 8.139478157713876 × 10^283 |
| 92 | ov_092 | 1.6289308757210545 × 10^284 |
| 91 | ov_091 | 2.953432561510043 × 10^284 |
| 90 | ov_090 | 5.141548541269201 × 10^284 |
| 89 | ov_089 | 8.616294528991934 × 10^284 |
| 88 | ov_088 | 1.364095864063876 × 10^285 |
| 87 | ov_087 | 2.051348843894715 × 10^285 |
| 86 | ov_086 | 2.956667906015586 × 10^285 |
| 85 | ov_085 | 4.150124710326859 × 10^285 |
| 84 | ov_084 | 5.708855099875844 × 10^285 |
| 83 | ov_083 | 7.717149959347683 × 10^285 |
| 82 | ov_082 | 1.0266574100090936 × 10^286 |
| 81 | ov_081 | 1.3456117134697882 × 10^286 |
| 64 | lv_79_m31 | 1.6860445731663823 × 10^286 |
| 80 | ov_080 | 1.7392380307323072 × 10^286 |
| 79 | ov_079 | 2.218980325111399 × 10^286 |
| 78 | ov_078 | 2.797093465237236 × 10^286 |
| 77 | ov_077 | 3.486675081365026 × 10^286 |
| 76 | ov_076 | 4.3017026126240084 × 10^286 |
| 75 | ov_075 | 5.25707594877476 × 10^286 |
| 74 | ov_074 | 6.368666073418567 × 10^286 |
| 73 | ov_073 | 7.653370120039291 × 10^286 |
| 63 | ov_063 | 8.66084066265179 × 10^286 |
| 72 | ov_072 | 9.129173258029122 × 10^286 |
| 71 | ov_071 | 1.0815217833273714 × 10^287 |
| 70 | ov_070 | 1.273188019729979 × 10^287 |
| 69 | ov_069 | 1.490085567079793 × 10^287 |
| 68 | ov_068 | 1.734525210193151 × 10^287 |
| 67 | ov_067 | 2.00896924976651 × 10^287 |
| 66 | ov_066 | 2.008970841188425 × 10^287 |
| 65 | ov_065 | 2.0089773434671646 × 10^287 |
| 62 | ov_062 | 4.4478987622595266 × 10^287 |
| 61 | ov_061 | 1.6229015364527408 × 10^288 |
| 60 | ov_060 | 4.6502633921141615 × 10^288 |
| 59 | ov_059 | 1.1231373799793766 × 10^289 |
| 58 | ov_058 | 2.2811810789332004 × 10^289 |
| 57 | ov_057 | 4.1241858204635014 × 10^289 |
| 56 | ov_056 | 6.877652376129822 × 10^289 |
| 55 | ov_055 | 1.103305957398485 × 10^290 |
| 54 | ov_054 | 1.6896873310056765 × 10^290 |
| 53 | ov_053 | 2.481606719216999 × 10^290 |
| 52 | ov_052 | 3.5178156745919128 × 10^290 |
| 51 | ov_051 | 4.841125594598221 × 10^290 |
| 50 | ov_050 | 6.541228295797979 × 10^290 |
| 49 | ov_049 | 8.715967801746154 × 10^290 |
| 48 | ov_048 | 1.1471374905052072 × 10^291 |
| 47 | ov_047 | 1.4866648202453577 × 10^291 |
| 32 | lv_80_m31 | 1.7072684187329046 × 10^291 |
| 46 | ov_046 | 1.9024353211771505 × 10^291 |
| 45 | ov_045 | 2.40754406117347 × 10^291 |
| 44 | ov_044 | 3.015935794924022 × 10^291 |
| 43 | ov_043 | 3.742419408510837 × 10^291 |
| 42 | ov_042 | 4.6026863415300474 × 10^291 |
| 41 | ov_041 | 5.6133337493196794 × 10^291 |
| 40 | ov_040 | 6.783365005176122 × 10^291 |
| 39 | ov_039 | 8.122277945523638 × 10^291 |
| 31 | ov_031 | 8.747500523200577 × 10^291 |
| 38 | ov_038 | 9.640088125952686 × 10^291 |
| 37 | ov_037 | 1.1347356544844498 × 10^292 |
| 36 | ov_036 | 1.3265783392489832 × 10^292 |
| 35 | ov_035 | 1.5418263620571424 × 10^292 |
| 34 | ov_034 | 1.7828969949825444 × 10^292 |
| 33 | ov_033 | 2.0511032111228944 × 10^292 |
| 30 | ov_030 | 4.4816189716311417 × 10^292 |
| 29 | ov_029 | 1.4652498856407123 × 10^293 |
| 28 | ov_028 | 3.8009789599120265 × 10^293 |
| 27 | ov_027 | 8.49146104903389 × 10^293 |
| 26 | ov_026 | 1.8009613609213796 × 10^294 |
| 25 | ov_025 | 3.562974644164539 × 10^294 |
| 24 | ov_024 | 6.542758648918523 × 10^294 |
| 23 | ov_023 | 1.1228035491107353 × 10^295 |
| 22 | ov_022 | 1.8186696266339764 × 10^295 |
| 21 | ov_021 | 2.80668426373307 × 10^295 |
| 20 | ov_020 | 4.159686278077497 × 10^295 |
| 19 | ov_019 | 5.958555554105026 × 10^295 |
| 18 | ov_018 | 8.292232146740771 × 10^295 |
| 17 | ov_017 | 1.125774471595397 × 10^296 |
| 16 | ov_016 | 1.4960251258525674 × 10^296 |
| 15 | ov_015 | 1.951309497641053 × 10^296 |
| 14 | ov_014 | 2.5037878219816214 × 10^296 |
| 13 | ov_013 | 3.1664558195863123 × 10^296 |
| 12 | ov_012 | 3.953156978396477 × 10^296 |
| 11 | ov_011 | 4.8785982572521164 × 10^296 |
| 10 | ov_010 | 5.958369972217495 × 10^296 |
| 9 | ov_009 | 7.208970581671603 × 10^296 |
| 8 | ov_008 | 8.647837152448824 × 10^296 |
| 7 | ov_007 | 1.0293382466236869 × 10^297 |
| 6 | ov_006 | 1.2165039848094157 × 10^297 |
| 5 | ov_005 | 1.4283316867574887 × 10^297 |
| 4 | ov_004 | 1.666985913290556 × 10^297 |
| 3 | ov_003 | 1.93475253850092 × 10^297 |
| 2 | ov_002 | 2.2340474911302756 × 10^297 |
| 1 | ov_001 | 2.5674268100448974 × 10^297 |

