# Results for F001-F002-F003-F004-F005-F006-F007-F008-F009-F010-F011-F012-F013-F014-F015-F016-F017-F018-F019-F020-F021-F022-F023-F024-F025-F026-F027-F028-F029-F030-F031-F032-F033-F034-F035-F036-F037-F038-F039-F040-F041-F042-F043-F044-F045-F046-F047-F048-F049-F050-F051-F052-F053-F054-F055-F056-F057-F058-F059-F060-F061-F062-F063-F064-F065-F066-F067-F068-F069-F070-F071-F072-F073-F074-F075-F076-F077-F078-F079-F080-F081-F082-F083-F084-F085-F086-F087-F088-F089-F090-F091-F092-F093-F094-F095-F096-F097-F098-F099-F100-F101-F102-F103-F104-F105-F106-F107-F108-F109-F110-F111-F112-F113-F114-F115-F116-F117-F118-F119-F120-F121-F122-F123-F124-F125-F126-F127-F128-F129-F130-F131-F132-F133-F134-F135-F136-F137-F138-F139-F140-F141-F142-F143-F144-F145-F146-F147-F148-F149-F150-F151-F152-F153-F154-F155-F156-F157-F158-F159-F160-F161-F162-F163-F164-F165-F166-F167-F168-F169-F170-F171-F172-F173-F174-F175-F176-F177-F178-F179-F180-F181-F182-F183-F184-F185-F186-F187-F188-F189-F190-F191-F192-F193-F194-F195-F196-F197-F198-F199-F200-F201-F202-F203-F204-F205-F206-F207-F208-F209-F210-F211-F212-F213-F214-F215-F216-F217-F218-F219-F220-F221-F222-F223-F224-F225-F226-F227-F228-F229-F230-F231-F232-F233-F234-F235-F236-F237-F238-F239-F240-F241-F242-F243-F244-F245-F246-F247-F248-F249-F250-F251-F252-F253-F254-F255-F256-F257-F258-F259-F260-F261-F262-F263-F264-F265-F266-F267-F268-F269-F270-F271-F272-F273-F274-F275-F276-F277-F278-F279-F280-F281-F282-F283-F284-F285-F286-F287-F288-F289-F290-F291-F292-F293-F294-F295-F296-F297-F298-F299-F300-F301-F302-F303-F304-F305-F306-F307-F308-F309-F310-F311-F312-F313-F314-F315-F316-F317-F318-F319-F320-F321-F322-F323-F324-F325-F326-F327-F328-F329-F330-F331-F332-F333-F334-F335-F336-F337-F338-F339-F340-F341-F342-F343-F344-F345-F346-F347-F348-F349-F350-F351-F352-F353-F354-F355-F356-F357-F358-F359-F360-F361-F362-F363-F364-F365-F366-F367-F368-F369-F370-F371-F372-F373-F374-F375-F376-F377-F378-F379-F380-F381-F382-F383-F384-F385-F386-F387-F388-F389-F390-F391-F392-F393-F394-F395-F396-F397-F398-F399-F400-F401-F402-F403-F404-F405-F406-F407-F408-F409-F410-F411-F412-F413-F414-F415-F416-F417-F418-F419-F420-F421-F422-F423-F424-F425-F426-F427-F428-F429-F430-F431-F432-F433-F434-F435-F436-F437-F438-F439-F440-F441-F442-F443-F444-F445-F446-F447-F448-F449-F450-F451-F452-F453-F454-F455-F456-F457-F458-F459-F460-F461-F462-F463-F464-F465-F466-F467-F468-F469-F470-F471-F472-F473-F474-F475-F476-F477-F478-F479-F480-F481-F482-F483-F484-F485-F486-F487-F488-F489-F490-F491-F492-F493-F494-F495-F496-F497-F498-F499-F500-T510-F512

## Summary

Number of input bits: 512  
Number of free input bits: 10  
Number of output bits: 160

Number of direct occurrences: 41582  
Number of assignments: 31382  
Number of operations: 11752671
(xor: 11722340,
and: 17075,
or: 13256)

Total complexity: 1.139110647783476 × 10^307

Least occurring input variable: iv_505 (3966)  
Most occurring input variable: iv_508 (4349)

Most co-occurring input variables: iv_507-iv_508 (2134)  
Least co-occurring input variables: iv_505-iv_506 (1797)

Potentially most occurring input variable: iv_501/iv_509 (4592)  
Potentially least occurring input variable: iv_504/iv_511 (4230)

Least output occurring input variable: iv_504 (72)  
Most output occurring input variable: iv_511 (90)

Most output co-occurring input variables: iv_501-iv_508 (55)  
Least output co-occurring input variables: iv_504-iv_509 (34)

Potentially most output occurring input variable: iv_502/iv_504 (90)  
Potentially least output occurring input variable: iv_501/iv_508 (65)

Least complex input bit: iv_511 (2.8343956183125362 × 10^303)  
Most complex input bit: iv_509 (3.323260034358355 × 10^306)

Least complex output bit: aaa_76_29 (2.0158117450157474 × 10^281)  
Most complex output bit: ov_001 (1.8139359007964953 × 10^306)

Least complex input/output complexity: iv_511/aaa_76_29 (5.015849854913846 × 10^277)  
Most complex input/output complexity: iv_509/ov_001 (5.292006264478938 × 10^305)

## Input Bits

### Input Bits in Regular Order

| Input Bit | Complexity | Occurrences | Output Occurrences |
|:---------:|:----------:|:-----------:|:------------------:|
| iv_501 | 1.1330862656351344 × 10^305 | 4184 | 85 |
| iv_502 | 2.057851264715523 × 10^305 | 4186 | 88 |
| iv_503 | 3.4796069781075505 × 10^305 | 4174 | 84 |
| iv_504 | 5.609832287685858 × 10^305 | 4060 | 72 |
| iv_505 | 8.731937232949267 × 10^305 | 3966 | 72 |
| iv_506 | 1.3213955927032398 × 10^306 | 3994 | 75 |
| iv_507 | 1.9541913766673467 × 10^306 | 4301 | 86 |
| iv_508 | 2.6881936755781826 × 10^306 | 4349 | 90 |
| iv_509 | 3.323260034358355 × 10^306 | 4176 | 85 |
| iv_511 | 2.8343956183125362 × 10^303 | 4192 | 90 |

### Input Bits Sorted by Complexity

| Input Bit | Complexity | Occurrences | Output Occurrences |
|:---------:|:----------:|:-----------:|:------------------:|
| iv_511 | 2.8343956183125362 × 10^303 | 4192 | 90 |
| iv_501 | 1.1330862656351344 × 10^305 | 4184 | 85 |
| iv_502 | 2.057851264715523 × 10^305 | 4186 | 88 |
| iv_503 | 3.4796069781075505 × 10^305 | 4174 | 84 |
| iv_504 | 5.609832287685858 × 10^305 | 4060 | 72 |
| iv_505 | 8.731937232949267 × 10^305 | 3966 | 72 |
| iv_506 | 1.3213955927032398 × 10^306 | 3994 | 75 |
| iv_507 | 1.9541913766673467 × 10^306 | 4301 | 86 |
| iv_508 | 2.6881936755781826 × 10^306 | 4349 | 90 |
| iv_509 | 3.323260034358355 × 10^306 | 4176 | 85 |

### Input Bits Sorted by Occurrences

| Input Bit | Complexity | Occurrences | Output Occurrences |
|:---------:|:----------:|:-----------:|:------------------:|
| iv_505 | 8.731937232949267 × 10^305 | 3966 | 72 |
| iv_506 | 1.3213955927032398 × 10^306 | 3994 | 75 |
| iv_504 | 5.609832287685858 × 10^305 | 4060 | 72 |
| iv_503 | 3.4796069781075505 × 10^305 | 4174 | 84 |
| iv_509 | 3.323260034358355 × 10^306 | 4176 | 85 |
| iv_501 | 1.1330862656351344 × 10^305 | 4184 | 85 |
| iv_502 | 2.057851264715523 × 10^305 | 4186 | 88 |
| iv_511 | 2.8343956183125362 × 10^303 | 4192 | 90 |
| iv_507 | 1.9541913766673467 × 10^306 | 4301 | 86 |
| iv_508 | 2.6881936755781826 × 10^306 | 4349 | 90 |

### Input Bits Sorted by Output Occurrences

| Input Bit | Complexity | Occurrences | Output Occurrences |
|:---------:|:----------:|:-----------:|:------------------:|
| iv_504 | 5.609832287685858 × 10^305 | 4060 | 72 |
| iv_505 | 8.731937232949267 × 10^305 | 3966 | 72 |
| iv_506 | 1.3213955927032398 × 10^306 | 3994 | 75 |
| iv_503 | 3.4796069781075505 × 10^305 | 4174 | 84 |
| iv_501 | 1.1330862656351344 × 10^305 | 4184 | 85 |
| iv_509 | 3.323260034358355 × 10^306 | 4176 | 85 |
| iv_507 | 1.9541913766673467 × 10^306 | 4301 | 86 |
| iv_502 | 2.057851264715523 × 10^305 | 4186 | 88 |
| iv_508 | 2.6881936755781826 × 10^306 | 4349 | 90 |
| iv_511 | 2.8343956183125362 × 10^303 | 4192 | 90 |

## Input Bit Co-occurrences

### Input Bit Co-occurrences Sorted by Co-occurrences

| Input Bits | Co-occurrences | Potential Occurrences | Output Co-occurrences | Potential Output Occurrences |
|:----------:|:--------------:|:---------------------:|:---------------------:|:----------------------------:|
| iv_507-iv_508 | 2134 | 4382 | 47 | 82 |
| iv_502-iv_508 | 2084 | 4367 | 50 | 78 |
| iv_501-iv_507 | 2077 | 4331 | 47 | 77 |
| iv_503-iv_508 | 2072 | 4379 | 43 | 88 |
| iv_508-iv_509 | 2060 | 4405 | 47 | 81 |
| iv_501-iv_508 | 2060 | 4413 | 55 | 65 |
| iv_503-iv_507 | 2055 | 4365 | 51 | 68 |
| iv_502-iv_507 | 2052 | 4383 | 44 | 86 |
| iv_501-iv_511 | 2047 | 4282 | 52 | 71 |
| iv_508-iv_511 | 2042 | 4457 | 52 | 76 |

### Input Bit Co-occurrences Sorted by Potential Occurrences

| Input Bits | Co-occurrences | Potential Occurrences | Output Co-occurrences | Potential Output Occurrences |
|:----------:|:--------------:|:---------------------:|:---------------------:|:----------------------------:|
| iv_504-iv_511 | 2011 | 4230 | 47 | 68 |
| iv_501-iv_505 | 1951 | 4248 | 41 | 75 |
| iv_504-iv_505 | 1885 | 4256 | 34 | 76 |
| iv_504-iv_506 | 1894 | 4266 | 36 | 75 |
| iv_501-iv_511 | 2047 | 4282 | 52 | 71 |
| iv_506-iv_511 | 1945 | 4296 | 42 | 81 |
| iv_501-iv_506 | 1941 | 4296 | 45 | 70 |
| iv_502-iv_505 | 1928 | 4296 | 40 | 80 |
| iv_506-iv_507 | 1998 | 4299 | 42 | 77 |
| iv_502-iv_506 | 1940 | 4300 | 48 | 67 |

### Input Bit Output Co-occurrences Sorted by Output Co-occurrences

| Input Bits | Co-occurrences | Potential Occurrences | Output Co-occurrences | Potential Output Occurrences |
|:----------:|:--------------:|:---------------------:|:---------------------:|:----------------------------:|
| iv_501-iv_508 | 2060 | 4413 | 55 | 65 |
| iv_507-iv_511 | 2038 | 4417 | 53 | 70 |
| iv_501-iv_511 | 2047 | 4282 | 52 | 71 |
| iv_508-iv_511 | 2042 | 4457 | 52 | 76 |
| iv_503-iv_507 | 2055 | 4365 | 51 | 68 |
| iv_502-iv_508 | 2084 | 4367 | 50 | 78 |
| iv_502-iv_511 | 2018 | 4342 | 49 | 80 |
| iv_509-iv_511 | 1938 | 4492 | 49 | 77 |
| iv_502-iv_506 | 1940 | 4300 | 48 | 67 |
| iv_501-iv_507 | 2077 | 4331 | 47 | 77 |

### Input Bit Output Co-occurrences Sorted by Potential Output Occurrences

| Input Bits | Co-occurrences | Potential Occurrences | Output Co-occurrences | Potential Output Occurrences |
|:----------:|:--------------:|:---------------------:|:---------------------:|:----------------------------:|
| iv_501-iv_508 | 2060 | 4413 | 55 | 65 |
| iv_502-iv_506 | 1940 | 4300 | 48 | 67 |
| iv_503-iv_504 | 1925 | 4384 | 44 | 68 |
| iv_503-iv_507 | 2055 | 4365 | 51 | 68 |
| iv_504-iv_511 | 2011 | 4230 | 47 | 68 |
| iv_505-iv_506 | 1797 | 4366 | 39 | 69 |
| iv_507-iv_511 | 2038 | 4417 | 53 | 70 |
| iv_501-iv_506 | 1941 | 4296 | 45 | 70 |
| iv_501-iv_511 | 2047 | 4282 | 52 | 71 |
| iv_501-iv_504 | 1951 | 4342 | 43 | 71 |

## Output Bits

### Output Bits in Regular Order

| Rank | Output Bit | Complexity |
|:----:|:----------:|:----------:|
| 1 | ov_001 | 1.8139359007964953 × 10^306 |
| 2 | ov_002 | 1.5753583278770947 × 10^306 |
| 3 | ov_003 | 1.3606688868656842 × 10^306 |
| 4 | ov_004 | 1.1689020326324222 × 10^306 |
| 5 | ov_005 | 9.982841413414202 × 10^305 |
| 6 | ov_006 | 8.471379794275915 × 10^305 |
| 7 | ov_007 | 7.138763046110501 × 10^305 |
| 8 | ov_008 | 5.969962803445975 × 10^305 |
| 9 | ov_009 | 4.950746330174419 × 10^305 |
| 10 | ov_010 | 4.067634899317142 × 10^305 |
| 11 | ov_011 | 3.307868495681001 × 10^305 |
| 12 | ov_012 | 2.6593763922872396 × 10^305 |
| 13 | ov_013 | 2.1107530474173876 × 10^305 |
| 14 | ov_014 | 1.6512386731855967 × 10^305 |
| 15 | ov_015 | 1.270703825651066 × 10^305 |
| 16 | ov_016 | 9.596374115569139 × 10^304 |
| 17 | ov_017 | 7.091375516242017 × 10^304 |
| 18 | ov_018 | 5.109047850255231 × 10^304 |
| 19 | ov_019 | 3.5723714427039817 × 10^304 |
| 20 | ov_020 | 2.4102667429243933 × 10^304 |
| 21 | ov_021 | 1.5575703234878664 × 10^304 |
| 22 | ov_022 | 9.550188643734553 × 10^303 |
| 23 | ov_023 | 5.4923887169517735 × 10^303 |
| 24 | ov_024 | 2.9274031358217967 × 10^303 |
| 25 | ov_025 | 1.4391288848936243 × 10^303 |
| 26 | ov_026 | 6.7024018783982 × 10^302 |
| 27 | ov_027 | 3.2217883040690185 × 10^302 |
| 28 | ov_028 | 1.55150100119058 × 10^302 |
| 29 | ov_029 | 6.394724192596968 × 10^301 |
| 30 | ov_030 | 2.1166797753655866 × 10^301 |
| 31 | ov_031 | 5.1283512045727636 × 10^300 |
| 32 | lv_80_k31 | 1.2422279062320077 × 10^300 |
| 33 | ov_033 | 1.5131626314856025 × 10^301 |
| 34 | ov_034 | 1.3154273113910322 × 10^301 |
| 35 | ov_035 | 1.1385949549805834 × 10^301 |
| 36 | ov_036 | 9.809207868401807 × 10^300 |
| 37 | ov_037 | 8.407540382814688 × 10^300 |
| 38 | ov_038 | 7.16531247648162 × 10^300 |
| 39 | ov_039 | 6.0677047081142006 × 10^300 |
| 40 | ov_040 | 5.100663162501106 × 10^300 |
| 41 | ov_041 | 4.250857235876669 × 10^300 |
| 42 | ov_042 | 3.505644087839652 × 10^300 |
| 43 | ov_043 | 2.8588701888449386 × 10^300 |
| 44 | ov_044 | 2.299184658604968 × 10^300 |
| 45 | ov_045 | 1.8210677717967093 × 10^300 |
| 46 | ov_046 | 1.419302437423465 × 10^300 |
| 47 | ov_047 | 1.088967260780886 × 10^300 |
| 48 | ov_048 | 8.210864590707638 × 10^299 |
| 49 | ov_049 | 6.072539671285199 × 10^299 |
| 50 | ov_050 | 4.396284726975825 × 10^299 |
| 51 | ov_051 | 3.109300240263246 × 10^299 |
| 52 | ov_052 | 2.1443783947896774 × 10^299 |
| 53 | ov_053 | 1.4398898757419738 × 10^299 |
| 54 | ov_054 | 9.397764456090527 × 10^298 |
| 55 | ov_055 | 5.935468637378019 × 10^298 |
| 56 | ov_056 | 3.562744986650633 × 10^298 |
| 57 | ov_057 | 2.0688695759737323 × 10^298 |
| 58 | ov_058 | 1.11582955694489 × 10^298 |
| 59 | ov_059 | 5.4852326891409836 × 10^297 |
| 60 | ov_060 | 2.3965700040525913 × 10^297 |
| 61 | ov_061 | 8.974434531501739 × 10^296 |
| 62 | ov_062 | 2.710599826891353 × 10^296 |
| 63 | ov_063 | 5.994551097867818 × 10^295 |
| 64 | lv_79_m31 | 1.1677617678472974 × 10^295 |
| 65 | ov_065 | 1.3775239056325372 × 10^296 |
| 66 | ov_066 | 1.3775207364182533 × 10^296 |
| 67 | ov_067 | 1.37751972561565 × 10^296 |
| 68 | ov_068 | 1.19000457394691 × 10^296 |
| 69 | ov_069 | 1.0223627869350644 × 10^296 |
| 70 | ov_070 | 8.730822537211237 × 10^295 |
| 71 | ov_071 | 7.407318511234285 × 10^295 |
| 72 | ov_072 | 6.239556743212012 × 10^295 |
| 73 | ov_073 | 5.21468064349225 × 10^295 |
| 74 | ov_074 | 4.3204935654429644 × 10^295 |
| 75 | ov_075 | 3.5454227803892096 × 10^295 |
| 76 | ov_076 | 2.87848926205583 × 10^295 |
| 77 | ov_077 | 2.3092826364348855 × 10^295 |
| 78 | ov_078 | 1.8279406889304446 × 10^295 |
| 79 | ov_079 | 1.425132855821707 × 10^295 |
| 80 | ov_080 | 1.0920471617039851 × 10^295 |
| 81 | ov_081 | 8.203800987619386 × 10^294 |
| 82 | ov_082 | 6.023289776201643 × 10^294 |
| 83 | ov_083 | 4.305863131976378 × 10^294 |
| 84 | ov_084 | 2.983358425372885 × 10^294 |
| 85 | ov_085 | 1.9924980504302074 × 10^294 |
| 86 | ov_086 | 1.2748714896917669 × 10^294 |
| 87 | ov_087 | 7.769236139303172 × 10^293 |
| 88 | ov_088 | 4.4994675521071225 × 10^293 |
| 89 | ov_089 | 2.500750812213238 × 10^293 |
| 90 | ov_090 | 1.3828066311090883 × 10^293 |
| 91 | ov_091 | 8.037090328029179 × 10^292 |
| 92 | ov_092 | 4.69869924023204 × 10^292 |
| 93 | ov_093 | 2.4657834088496495 × 10^292 |
| 94 | ov_094 | 1.0967195818039355 × 10^292 |
| 95 | aaa_78_28 | 3.4988804561820743 × 10^291 |
| 96 | aaa_78_29 | 1.3099311286219542 × 10^291 |
| 97 | ov_097 | 1.1871907039266175 × 10^291 |
| 98 | ov_098 | 1.1871852204487685 × 10^291 |
| 99 | ov_099 | 1.1871834704964034 × 10^291 |
| 100 | ov_100 | 1.0238833307596001 × 10^291 |
| 101 | ov_101 | 8.780829403739419 × 10^290 |
| 102 | ov_102 | 7.484379122729982 × 10^290 |
| 103 | ov_103 | 6.336770046556793 × 10^290 |
| 104 | ov_104 | 5.3259674429505165 × 10^290 |
| 105 | ov_105 | 4.440567647735368 × 10^290 |
| 106 | ov_106 | 3.669757936523737 × 10^290 |
| 107 | ov_107 | 3.003282260591289 × 10^290 |
| 108 | ov_108 | 2.4314122551635746 × 10^290 |
| 109 | ov_109 | 1.944922960624906 × 10^290 |
| 110 | ov_110 | 1.5350727285456683 × 10^290 |
| 111 | ov_111 | 1.193586815104713 × 10^290 |
| 112 | ov_112 | 9.12644194621742 × 10^289 |
| 113 | ov_113 | 6.848671556455563 × 10^289 |
| 114 | ov_114 | 5.03313271477897 × 10^289 |
| 115 | ov_115 | 3.6146936623820096 × 10^289 |
| 116 | ov_116 | 2.532471266609689 × 10^289 |
| 117 | ov_117 | 1.7298003881565237 × 10^289 |
| 118 | ov_118 | 1.154213578845681 × 10^289 |
| 119 | ov_119 | 7.574284804999087 × 10^288 |
| 120 | ov_120 | 4.9534058440575143 × 10^288 |
| 121 | ov_121 | 3.280192997697752 × 10^288 |
| 122 | ov_122 | 2.197057345993266 × 10^288 |
| 123 | ov_123 | 1.3881130762427444 × 10^288 |
| 124 | ov_124 | 8.11670650318516 × 10^287 |
| 125 | ov_125 | 4.260429427671614 × 10^287 |
| 126 | ov_126 | 1.8954381652046986 × 10^287 |
| 127 | aaa_77_28 | 6.048744988225307 × 10^286 |
| 128 | aaa_77_29 | 2.2655226601514087 × 10^286 |
| 129 | ov_129 | 2.0643902574459448 × 10^286 |
| 130 | ov_130 | 2.0643853599043203 × 10^286 |
| 131 | ov_131 | 2.0643837894629761 × 10^286 |
| 132 | ov_132 | 1.7831939512982113 × 10^286 |
| 133 | ov_133 | 1.53186026478724 × 10^286 |
| 134 | ov_134 | 1.3080955832439265 × 10^286 |
| 135 | ov_135 | 1.1097382713946543 × 10^286 |
| 136 | ov_136 | 9.34743034873977 × 10^285 |
| 137 | ov_137 | 7.811729736504655 × 10^285 |
| 138 | ov_138 | 6.471927522876608 × 10^285 |
| 139 | ov_139 | 5.3106277833757536 × 10^285 |
| 140 | ov_140 | 4.311342859062847 × 10^285 |
| 141 | ov_141 | 3.458452270218034 × 10^285 |
| 142 | ov_142 | 2.73716878908263 × 10^285 |
| 143 | ov_143 | 2.133510806562057 × 10^285 |
| 144 | ov_144 | 1.6342801810034994 × 10^285 |
| 145 | ov_145 | 1.2270448099251892 × 10^285 |
| 146 | ov_146 | 9.001252180334711 × 10^284 |
| 147 | ov_147 | 6.425845071271204 × 10^284 |
| 148 | ov_148 | 4.442210656303672 × 10^284 |
| 149 | ov_149 | 2.955634875638775 × 10^284 |
| 150 | ov_150 | 1.8786720278462938 × 10^284 |
| 151 | ov_151 | 1.1311237231765739 × 10^284 |
| 152 | ov_152 | 6.4002654575274765 × 10^283 |
| 153 | ov_153 | 3.396451511575233 × 10^283 |
| 154 | ov_154 | 1.7146845987955444 × 10^283 |
| 155 | ov_155 | 8.420751899178742 × 10^282 |
| 156 | aaa_76_25 | 3.379433640197192 × 10^282 |
| 157 | aaa_76_26 | 2.0785425531532973 × 10^282 |
| 158 | aaa_76_27 | 1.1386430777754072 × 10^282 |
| 159 | aaa_76_28 | 5.3600241193714106 × 10^281 |
| 160 | aaa_76_29 | 2.0158117450157474 × 10^281 |

### Output Bits Sorted by Complexity

| Rank | Output Bit | Complexity |
|:----:|:----------:|:----------:|
| 160 | aaa_76_29 | 2.0158117450157474 × 10^281 |
| 159 | aaa_76_28 | 5.3600241193714106 × 10^281 |
| 158 | aaa_76_27 | 1.1386430777754072 × 10^282 |
| 157 | aaa_76_26 | 2.0785425531532973 × 10^282 |
| 156 | aaa_76_25 | 3.379433640197192 × 10^282 |
| 155 | ov_155 | 8.420751899178742 × 10^282 |
| 154 | ov_154 | 1.7146845987955444 × 10^283 |
| 153 | ov_153 | 3.396451511575233 × 10^283 |
| 152 | ov_152 | 6.4002654575274765 × 10^283 |
| 151 | ov_151 | 1.1311237231765739 × 10^284 |
| 150 | ov_150 | 1.8786720278462938 × 10^284 |
| 149 | ov_149 | 2.955634875638775 × 10^284 |
| 148 | ov_148 | 4.442210656303672 × 10^284 |
| 147 | ov_147 | 6.425845071271204 × 10^284 |
| 146 | ov_146 | 9.001252180334711 × 10^284 |
| 145 | ov_145 | 1.2270448099251892 × 10^285 |
| 144 | ov_144 | 1.6342801810034994 × 10^285 |
| 143 | ov_143 | 2.133510806562057 × 10^285 |
| 142 | ov_142 | 2.73716878908263 × 10^285 |
| 141 | ov_141 | 3.458452270218034 × 10^285 |
| 140 | ov_140 | 4.311342859062847 × 10^285 |
| 139 | ov_139 | 5.3106277833757536 × 10^285 |
| 138 | ov_138 | 6.471927522876608 × 10^285 |
| 137 | ov_137 | 7.811729736504655 × 10^285 |
| 136 | ov_136 | 9.34743034873977 × 10^285 |
| 135 | ov_135 | 1.1097382713946543 × 10^286 |
| 134 | ov_134 | 1.3080955832439265 × 10^286 |
| 133 | ov_133 | 1.53186026478724 × 10^286 |
| 132 | ov_132 | 1.7831939512982113 × 10^286 |
| 131 | ov_131 | 2.0643837894629761 × 10^286 |
| 130 | ov_130 | 2.0643853599043203 × 10^286 |
| 129 | ov_129 | 2.0643902574459448 × 10^286 |
| 128 | aaa_77_29 | 2.2655226601514087 × 10^286 |
| 127 | aaa_77_28 | 6.048744988225307 × 10^286 |
| 126 | ov_126 | 1.8954381652046986 × 10^287 |
| 125 | ov_125 | 4.260429427671614 × 10^287 |
| 124 | ov_124 | 8.11670650318516 × 10^287 |
| 123 | ov_123 | 1.3881130762427444 × 10^288 |
| 122 | ov_122 | 2.197057345993266 × 10^288 |
| 121 | ov_121 | 3.280192997697752 × 10^288 |
| 120 | ov_120 | 4.9534058440575143 × 10^288 |
| 119 | ov_119 | 7.574284804999087 × 10^288 |
| 118 | ov_118 | 1.154213578845681 × 10^289 |
| 117 | ov_117 | 1.7298003881565237 × 10^289 |
| 116 | ov_116 | 2.532471266609689 × 10^289 |
| 115 | ov_115 | 3.6146936623820096 × 10^289 |
| 114 | ov_114 | 5.03313271477897 × 10^289 |
| 113 | ov_113 | 6.848671556455563 × 10^289 |
| 112 | ov_112 | 9.12644194621742 × 10^289 |
| 111 | ov_111 | 1.193586815104713 × 10^290 |
| 110 | ov_110 | 1.5350727285456683 × 10^290 |
| 109 | ov_109 | 1.944922960624906 × 10^290 |
| 108 | ov_108 | 2.4314122551635746 × 10^290 |
| 107 | ov_107 | 3.003282260591289 × 10^290 |
| 106 | ov_106 | 3.669757936523737 × 10^290 |
| 105 | ov_105 | 4.440567647735368 × 10^290 |
| 104 | ov_104 | 5.3259674429505165 × 10^290 |
| 103 | ov_103 | 6.336770046556793 × 10^290 |
| 102 | ov_102 | 7.484379122729982 × 10^290 |
| 101 | ov_101 | 8.780829403739419 × 10^290 |
| 100 | ov_100 | 1.0238833307596001 × 10^291 |
| 99 | ov_099 | 1.1871834704964034 × 10^291 |
| 98 | ov_098 | 1.1871852204487685 × 10^291 |
| 97 | ov_097 | 1.1871907039266175 × 10^291 |
| 96 | aaa_78_29 | 1.3099311286219542 × 10^291 |
| 95 | aaa_78_28 | 3.4988804561820743 × 10^291 |
| 94 | ov_094 | 1.0967195818039355 × 10^292 |
| 93 | ov_093 | 2.4657834088496495 × 10^292 |
| 92 | ov_092 | 4.69869924023204 × 10^292 |
| 91 | ov_091 | 8.037090328029179 × 10^292 |
| 90 | ov_090 | 1.3828066311090883 × 10^293 |
| 89 | ov_089 | 2.500750812213238 × 10^293 |
| 88 | ov_088 | 4.4994675521071225 × 10^293 |
| 87 | ov_087 | 7.769236139303172 × 10^293 |
| 86 | ov_086 | 1.2748714896917669 × 10^294 |
| 85 | ov_085 | 1.9924980504302074 × 10^294 |
| 84 | ov_084 | 2.983358425372885 × 10^294 |
| 83 | ov_083 | 4.305863131976378 × 10^294 |
| 82 | ov_082 | 6.023289776201643 × 10^294 |
| 81 | ov_081 | 8.203800987619386 × 10^294 |
| 80 | ov_080 | 1.0920471617039851 × 10^295 |
| 64 | lv_79_m31 | 1.1677617678472974 × 10^295 |
| 79 | ov_079 | 1.425132855821707 × 10^295 |
| 78 | ov_078 | 1.8279406889304446 × 10^295 |
| 77 | ov_077 | 2.3092826364348855 × 10^295 |
| 76 | ov_076 | 2.87848926205583 × 10^295 |
| 75 | ov_075 | 3.5454227803892096 × 10^295 |
| 74 | ov_074 | 4.3204935654429644 × 10^295 |
| 73 | ov_073 | 5.21468064349225 × 10^295 |
| 63 | ov_063 | 5.994551097867818 × 10^295 |
| 72 | ov_072 | 6.239556743212012 × 10^295 |
| 71 | ov_071 | 7.407318511234285 × 10^295 |
| 70 | ov_070 | 8.730822537211237 × 10^295 |
| 69 | ov_069 | 1.0223627869350644 × 10^296 |
| 68 | ov_068 | 1.19000457394691 × 10^296 |
| 67 | ov_067 | 1.37751972561565 × 10^296 |
| 66 | ov_066 | 1.3775207364182533 × 10^296 |
| 65 | ov_065 | 1.3775239056325372 × 10^296 |
| 62 | ov_062 | 2.710599826891353 × 10^296 |
| 61 | ov_061 | 8.974434531501739 × 10^296 |
| 60 | ov_060 | 2.3965700040525913 × 10^297 |
| 59 | ov_059 | 5.4852326891409836 × 10^297 |
| 58 | ov_058 | 1.11582955694489 × 10^298 |
| 57 | ov_057 | 2.0688695759737323 × 10^298 |
| 56 | ov_056 | 3.562744986650633 × 10^298 |
| 55 | ov_055 | 5.935468637378019 × 10^298 |
| 54 | ov_054 | 9.397764456090527 × 10^298 |
| 53 | ov_053 | 1.4398898757419738 × 10^299 |
| 52 | ov_052 | 2.1443783947896774 × 10^299 |
| 51 | ov_051 | 3.109300240263246 × 10^299 |
| 50 | ov_050 | 4.396284726975825 × 10^299 |
| 49 | ov_049 | 6.072539671285199 × 10^299 |
| 48 | ov_048 | 8.210864590707638 × 10^299 |
| 47 | ov_047 | 1.088967260780886 × 10^300 |
| 32 | lv_80_k31 | 1.2422279062320077 × 10^300 |
| 46 | ov_046 | 1.419302437423465 × 10^300 |
| 45 | ov_045 | 1.8210677717967093 × 10^300 |
| 44 | ov_044 | 2.299184658604968 × 10^300 |
| 43 | ov_043 | 2.8588701888449386 × 10^300 |
| 42 | ov_042 | 3.505644087839652 × 10^300 |
| 41 | ov_041 | 4.250857235876669 × 10^300 |
| 40 | ov_040 | 5.100663162501106 × 10^300 |
| 31 | ov_031 | 5.1283512045727636 × 10^300 |
| 39 | ov_039 | 6.0677047081142006 × 10^300 |
| 38 | ov_038 | 7.16531247648162 × 10^300 |
| 37 | ov_037 | 8.407540382814688 × 10^300 |
| 36 | ov_036 | 9.809207868401807 × 10^300 |
| 35 | ov_035 | 1.1385949549805834 × 10^301 |
| 34 | ov_034 | 1.3154273113910322 × 10^301 |
| 33 | ov_033 | 1.5131626314856025 × 10^301 |
| 30 | ov_030 | 2.1166797753655866 × 10^301 |
| 29 | ov_029 | 6.394724192596968 × 10^301 |
| 28 | ov_028 | 1.55150100119058 × 10^302 |
| 27 | ov_027 | 3.2217883040690185 × 10^302 |
| 26 | ov_026 | 6.7024018783982 × 10^302 |
| 25 | ov_025 | 1.4391288848936243 × 10^303 |
| 24 | ov_024 | 2.9274031358217967 × 10^303 |
| 23 | ov_023 | 5.4923887169517735 × 10^303 |
| 22 | ov_022 | 9.550188643734553 × 10^303 |
| 21 | ov_021 | 1.5575703234878664 × 10^304 |
| 20 | ov_020 | 2.4102667429243933 × 10^304 |
| 19 | ov_019 | 3.5723714427039817 × 10^304 |
| 18 | ov_018 | 5.109047850255231 × 10^304 |
| 17 | ov_017 | 7.091375516242017 × 10^304 |
| 16 | ov_016 | 9.596374115569139 × 10^304 |
| 15 | ov_015 | 1.270703825651066 × 10^305 |
| 14 | ov_014 | 1.6512386731855967 × 10^305 |
| 13 | ov_013 | 2.1107530474173876 × 10^305 |
| 12 | ov_012 | 2.6593763922872396 × 10^305 |
| 11 | ov_011 | 3.307868495681001 × 10^305 |
| 10 | ov_010 | 4.067634899317142 × 10^305 |
| 9 | ov_009 | 4.950746330174419 × 10^305 |
| 8 | ov_008 | 5.969962803445975 × 10^305 |
| 7 | ov_007 | 7.138763046110501 × 10^305 |
| 6 | ov_006 | 8.471379794275915 × 10^305 |
| 5 | ov_005 | 9.982841413414202 × 10^305 |
| 4 | ov_004 | 1.1689020326324222 × 10^306 |
| 3 | ov_003 | 1.3606688868656842 × 10^306 |
| 2 | ov_002 | 1.5753583278770947 × 10^306 |
| 1 | ov_001 | 1.8139359007964953 × 10^306 |

