# Results for F001-F002-F003-F004-F005-F006-F007-F008-F009-F010-F011-F012-F013-F014-F015-F016-F017-F018-F019-F020-F021-F022-F023-F024-F025-F026-F027-F028-F029-F030-F031-F032-F033-F034-F035-F036-F037-F038-F039-F040-F041-F042-F043-F044-F045-F046-F047-F048-F049-F050-F051-F052-F053-F054-F055-F056-F057-F058-F059-F060-F061-F062-F063-F064-F065-F066-F067-F068-F069-F070-F071-F072-F073-F074-F075-F076-F077-F078-F079-F080-F081-F082-F083-F084-F085-F086-F087-F088-F089-F090-F091-F092-F093-F094-F095-F096-F097-F098-F099-F100-F101-F102-F103-F104-F105-F106-F107-F108-F109-F110-F111-F112-F113-F114-F115-F116-F117-F118-F119-F120-F121-F122-F123-F124-F125-F126-F127-F128-F129-F130-F131-F132-F133-F134-F135-F136-F137-F138-F139-F140-F141-F142-F143-F144-F145-F146-F147-F148-F149-F150-F151-F152-F153-F154-F155-F156-F157-F158-F159-F160-F161-F162-F163-F164-F165-F166-F167-F168-F169-F170-F171-F172-F173-F174-F175-F176-F177-F178-F179-F180-F181-F182-F183-F184-F185-F186-F187-F188-F189-F190-F191-F192-F193-F194-F195-F196-F197-F198-F199-F200-F201-F202-F203-F204-F205-F206-F207-F208-F209-F210-F211-F212-F213-F214-F215-F216-F217-F218-F219-F220-F221-F222-F223-F224-F225-F226-F227-F228-F229-F230-F231-F232-F233-F234-F235-F236-F237-F238-F239-F240-F241-F242-F243-F244-F245-F246-F247-F248-F249-F250-F251-F252-F253-F254-F255-F256-F257-F258-F259-F260-F261-F262-F263-F264-F265-F266-F267-F268-F269-F270-F271-F272-F273-F274-F275-F276-F277-F278-F279-F280-F281-F282-F283-F284-F285-F286-F287-F288-F289-F290-F291-F292-F293-F294-F295-F296-F297-F298-F299-F300-F301-F302-F303-F304-F305-F306-F307-F308-F309-F310-F311-F312-F313-F314-F315-F316-F317-F318-F319-F320-F321-F322-F323-F324-F325-F326-F327-F328-F329-F330-F331-F332-F333-F334-F335-F336-F337-F338-F339-F340-F341-F342-F343-F344-F345-F346-F347-F348-F349-F350-F351-F352-F353-F354-F355-F356-F357-F358-F359-F360-F361-F362-F363-F364-F365-F366-F367-F368-F369-F370-F371-F372-F373-F374-F375-F376-F377-F378-F379-F380-F381-F382-F383-F384-F385-F386-F387-F388-F389-F390-F391-F392-F393-F394-F395-F396-F397-F398-F399-F400-F401-F402-F403-F404-F405-F406-F407-F408-F409-F410-F411-F412-F413-F414-F415-F416-F417-F418-F419-F420-F421-F422-F423-F424-F425-F426-F427-F428-F429-F430-F431-F432-F433-F434-F435-F436-F437-F438-F439-F440-F441-F442-F443-F444-F445-F446-F447-F448-F449-F450-F451-F452-F453-F454-F455-F456-F457-F458-F459-F460-F461-F462-F463-F464-F465-F466-F467-F468-F469-F470-F471-F472-F473-F474-F475-F476-F477-F478-F479-F480-F481-F482-F483-F484-F485-F486-F487-F488-F489-F490-F491-F492-F493-F494-F495-F496-O500506-F508-F509-F510-F511-F512

## Summary

Number of input bits: 512  
Number of free input bits: 10  
Number of output bits: 160

Number of direct occurrences: 39751  
Number of assignments: 30859  
Number of operations: 10790631
(xor: 10762740,
and: 14701,
or: 13190)

Total complexity: 1.3251564653792795 × 10^297

Least occurring input variable: iv_502 (3845)  
Most occurring input variable: iv_500 (4206)

Most co-occurring input variables: iv_497-iv_503 (1978)  
Least co-occurring input variables: iv_502-iv_505 (1738)

Potentially most occurring input variable: iv_500/iv_503 (4418)  
Potentially least occurring input variable: iv_497/iv_503 (4073)

Least output occurring input variable: iv_507 (75)  
Most output occurring input variable: iv_502 (88)

Most output co-occurring input variables: iv_500-iv_502 (50)  
Least output co-occurring input variables: iv_501-iv_507 (33)

Potentially most output occurring input variable: iv_498/iv_505 (97)  
Potentially least output occurring input variable: iv_500/iv_507 (67)

Least complex input bit: iv_497 (7.881513935171769 × 10^294)  
Most complex input bit: iv_505 (3.844031137228163 × 10^296)

Least complex output bit: aaa_76_29 (1.0982051033659621 × 10^272)  
Most complex output bit: ov_001 (2.1382700170894247 × 10^296)

Least complex input/output complexity: iv_497/aaa_76_29 (6.531695729513903 × 10^269)  
Most complex input/output complexity: iv_505/ov_001 (6.202721520239933 × 10^295)

## Input Bits

### Input Bits in Regular Order

| Input Bit | Complexity | Occurrences | Output Occurrences |
|:---------:|:----------:|:-----------:|:------------------:|
| iv_497 | 7.881513935171769 × 10^294 | 4027 | 82 |
| iv_498 | 1.5722432850018497 × 10^295 | 3878 | 85 |
| iv_499 | 2.7647740980507634 × 10^295 | 3892 | 81 |
| iv_500 | 1.1762729506733956 × 10^296 | 4206 | 82 |
| iv_501 | 7.583964903637247 × 10^295 | 4001 | 78 |
| iv_502 | 1.2180562629441062 × 10^296 | 3845 | 88 |
| iv_503 | 1.924225260141639 × 10^296 | 4002 | 75 |
| iv_504 | 2.984916570105402 × 10^296 | 3892 | 81 |
| iv_505 | 3.844031137228163 × 10^296 | 3925 | 82 |
| iv_507 | 8.331491046794002 × 10^295 | 4083 | 75 |

### Input Bits Sorted by Complexity

| Input Bit | Complexity | Occurrences | Output Occurrences |
|:---------:|:----------:|:-----------:|:------------------:|
| iv_497 | 7.881513935171769 × 10^294 | 4027 | 82 |
| iv_498 | 1.5722432850018497 × 10^295 | 3878 | 85 |
| iv_499 | 2.7647740980507634 × 10^295 | 3892 | 81 |
| iv_501 | 7.583964903637247 × 10^295 | 4001 | 78 |
| iv_507 | 8.331491046794002 × 10^295 | 4083 | 75 |
| iv_500 | 1.1762729506733956 × 10^296 | 4206 | 82 |
| iv_502 | 1.2180562629441062 × 10^296 | 3845 | 88 |
| iv_503 | 1.924225260141639 × 10^296 | 4002 | 75 |
| iv_504 | 2.984916570105402 × 10^296 | 3892 | 81 |
| iv_505 | 3.844031137228163 × 10^296 | 3925 | 82 |

### Input Bits Sorted by Occurrences

| Input Bit | Complexity | Occurrences | Output Occurrences |
|:---------:|:----------:|:-----------:|:------------------:|
| iv_502 | 1.2180562629441062 × 10^296 | 3845 | 88 |
| iv_498 | 1.5722432850018497 × 10^295 | 3878 | 85 |
| iv_504 | 2.984916570105402 × 10^296 | 3892 | 81 |
| iv_499 | 2.7647740980507634 × 10^295 | 3892 | 81 |
| iv_505 | 3.844031137228163 × 10^296 | 3925 | 82 |
| iv_501 | 7.583964903637247 × 10^295 | 4001 | 78 |
| iv_503 | 1.924225260141639 × 10^296 | 4002 | 75 |
| iv_497 | 7.881513935171769 × 10^294 | 4027 | 82 |
| iv_507 | 8.331491046794002 × 10^295 | 4083 | 75 |
| iv_500 | 1.1762729506733956 × 10^296 | 4206 | 82 |

### Input Bits Sorted by Output Occurrences

| Input Bit | Complexity | Occurrences | Output Occurrences |
|:---------:|:----------:|:-----------:|:------------------:|
| iv_507 | 8.331491046794002 × 10^295 | 4083 | 75 |
| iv_503 | 1.924225260141639 × 10^296 | 4002 | 75 |
| iv_501 | 7.583964903637247 × 10^295 | 4001 | 78 |
| iv_504 | 2.984916570105402 × 10^296 | 3892 | 81 |
| iv_499 | 2.7647740980507634 × 10^295 | 3892 | 81 |
| iv_497 | 7.881513935171769 × 10^294 | 4027 | 82 |
| iv_500 | 1.1762729506733956 × 10^296 | 4206 | 82 |
| iv_505 | 3.844031137228163 × 10^296 | 3925 | 82 |
| iv_498 | 1.5722432850018497 × 10^295 | 3878 | 85 |
| iv_502 | 1.2180562629441062 × 10^296 | 3845 | 88 |

## Input Bit Co-occurrences

### Input Bit Co-occurrences Sorted by Co-occurrences

| Input Bits | Co-occurrences | Potential Occurrences | Output Co-occurrences | Potential Output Occurrences |
|:----------:|:--------------:|:---------------------:|:---------------------:|:----------------------------:|
| iv_497-iv_503 | 1978 | 4073 | 42 | 73 |
| iv_500-iv_507 | 1975 | 4339 | 45 | 67 |
| iv_501-iv_503 | 1934 | 4135 | 38 | 77 |
| iv_500-iv_501 | 1932 | 4343 | 40 | 80 |
| iv_497-iv_500 | 1918 | 4397 | 40 | 84 |
| iv_503-iv_507 | 1913 | 4259 | 36 | 78 |
| iv_501-iv_507 | 1910 | 4264 | 33 | 87 |
| iv_500-iv_505 | 1908 | 4315 | 42 | 80 |
| iv_497-iv_505 | 1902 | 4148 | 45 | 74 |
| iv_500-iv_503 | 1895 | 4418 | 37 | 83 |

### Input Bit Co-occurrences Sorted by Potential Occurrences

| Input Bits | Co-occurrences | Potential Occurrences | Output Co-occurrences | Potential Output Occurrences |
|:----------:|:--------------:|:---------------------:|:---------------------:|:----------------------------:|
| iv_497-iv_503 | 1978 | 4073 | 42 | 73 |
| iv_499-iv_505 | 1857 | 4103 | 37 | 89 |
| iv_504-iv_505 | 1854 | 4109 | 46 | 71 |
| iv_501-iv_504 | 1890 | 4113 | 38 | 83 |
| iv_499-iv_504 | 1830 | 4124 | 36 | 90 |
| iv_501-iv_503 | 1934 | 4135 | 38 | 77 |
| iv_497-iv_505 | 1902 | 4148 | 45 | 74 |
| iv_498-iv_504 | 1810 | 4150 | 42 | 82 |
| iv_502-iv_504 | 1785 | 4167 | 47 | 75 |
| iv_499-iv_501 | 1852 | 4189 | 42 | 75 |

### Input Bit Output Co-occurrences Sorted by Output Co-occurrences

| Input Bits | Co-occurrences | Potential Occurrences | Output Co-occurrences | Potential Output Occurrences |
|:----------:|:--------------:|:---------------------:|:---------------------:|:----------------------------:|
| iv_500-iv_502 | 1860 | 4331 | 50 | 70 |
| iv_502-iv_504 | 1785 | 4167 | 47 | 75 |
| iv_498-iv_500 | 1879 | 4326 | 47 | 73 |
| iv_498-iv_502 | 1748 | 4227 | 46 | 81 |
| iv_497-iv_502 | 1820 | 4232 | 46 | 78 |
| iv_504-iv_505 | 1854 | 4109 | 46 | 71 |
| iv_498-iv_507 | 1875 | 4211 | 46 | 68 |
| iv_498-iv_499 | 1790 | 4190 | 45 | 76 |
| iv_500-iv_507 | 1975 | 4339 | 45 | 67 |
| iv_497-iv_505 | 1902 | 4148 | 45 | 74 |

### Input Bit Output Co-occurrences Sorted by Potential Output Occurrences

| Input Bits | Co-occurrences | Potential Occurrences | Output Co-occurrences | Potential Output Occurrences |
|:----------:|:--------------:|:---------------------:|:---------------------:|:----------------------------:|
| iv_500-iv_507 | 1975 | 4339 | 45 | 67 |
| iv_498-iv_507 | 1875 | 4211 | 46 | 68 |
| iv_500-iv_502 | 1860 | 4331 | 50 | 70 |
| iv_504-iv_505 | 1854 | 4109 | 46 | 71 |
| iv_504-iv_507 | 1890 | 4195 | 42 | 72 |
| iv_497-iv_503 | 1978 | 4073 | 42 | 73 |
| iv_498-iv_500 | 1879 | 4326 | 47 | 73 |
| iv_497-iv_505 | 1902 | 4148 | 45 | 74 |
| iv_502-iv_504 | 1785 | 4167 | 47 | 75 |
| iv_499-iv_501 | 1852 | 4189 | 42 | 75 |

## Output Bits

### Output Bits in Regular Order

| Rank | Output Bit | Complexity |
|:----:|:----------:|:----------:|
| 1 | ov_001 | 2.1382700170894247 × 10^296 |
| 2 | ov_002 | 1.8516077188499849 × 10^296 |
| 3 | ov_003 | 1.595091684897888 × 10^296 |
| 4 | ov_004 | 1.3664229249654128 × 10^296 |
| 5 | ov_005 | 1.163427820738861 × 10^296 |
| 6 | ov_006 | 9.840491206993013 × 10^295 |
| 7 | ov_007 | 8.263381078955993 × 10^295 |
| 8 | ov_008 | 6.884478705439536 × 10^295 |
| 9 | ov_009 | 5.686275883386795 × 10^295 |
| 10 | ov_010 | 4.6521773135876874 × 10^295 |
| 11 | ov_011 | 3.766460672520389 × 10^295 |
| 12 | ov_012 | 3.0142437832241617 × 10^295 |
| 13 | ov_013 | 2.381457959823205 × 10^295 |
| 14 | ov_014 | 1.8548266578651456 × 10^295 |
| 15 | ov_015 | 1.4218486195661456 × 10^295 |
| 16 | ov_016 | 1.0707847595287531 × 10^295 |
| 17 | ov_017 | 7.906480926417435 × 10^294 |
| 18 | ov_018 | 5.7119606177562777 × 10^294 |
| 19 | ov_019 | 4.029247083390432 × 10^294 |
| 20 | ov_020 | 2.7706427006124257 × 10^294 |
| 21 | ov_021 | 1.8557592118736416 × 10^294 |
| 22 | ov_022 | 1.2114943121607602 × 10^294 |
| 23 | ov_023 | 7.7201546047145 × 10^293 |
| 24 | ov_024 | 4.787492313425565 × 10^293 |
| 25 | ov_025 | 2.80374799612075 × 10^293 |
| 26 | ov_026 | 1.530443070650273 × 10^293 |
| 27 | ov_027 | 7.653381852378653 × 10^292 |
| 28 | ov_028 | 3.4242828825742295 × 10^292 |
| 29 | ov_029 | 1.319409409207342 × 10^292 |
| 30 | ov_030 | 4.03358750056152 × 10^291 |
| 31 | ov_031 | 7.868105539911192 × 10^290 |
| 32 | lv_80_m31 | 1.5345880455342656 × 10^290 |
| 33 | ov_033 | 1.8357283395844685 × 10^291 |
| 34 | ov_034 | 1.5920485140408235 × 10^291 |
| 35 | ov_035 | 1.3740753468910394 × 10^291 |
| 36 | ov_036 | 1.1796314055753402 × 10^291 |
| 37 | ov_037 | 1.0066560698378822 × 10^291 |
| 38 | ov_038 | 8.53197265273833 × 10^290 |
| 39 | ov_039 | 7.174043384455824 × 10^290 |
| 40 | ov_040 | 5.975219632801821 × 10^290 |
| 41 | ov_041 | 4.9269560798048804 × 10^290 |
| 42 | ov_042 | 4.021146387173525 × 10^290 |
| 43 | ov_043 | 3.2501034488335428 × 10^290 |
| 44 | ov_044 | 2.5996485490221315 × 10^290 |
| 45 | ov_045 | 2.05637157854663 × 10^290 |
| 46 | ov_046 | 1.6076119272720453 × 10^290 |
| 47 | ov_047 | 1.2414435060661114 × 10^290 |
| 48 | ov_048 | 9.466632248314371 × 10^289 |
| 49 | ov_049 | 7.127823041638137 × 10^289 |
| 50 | ov_050 | 5.300198487711874 × 10^289 |
| 51 | ov_051 | 3.8929816114006007 × 10^289 |
| 52 | ov_052 | 2.822393473147943 × 10^289 |
| 53 | ov_053 | 2.0116288320089004 × 10^289 |
| 54 | ov_054 | 1.3908391690820632 × 10^289 |
| 55 | ov_055 | 9.268376853597628 × 10^288 |
| 56 | ov_056 | 5.89908034839892 × 10^288 |
| 57 | ov_057 | 3.53801590038261 × 10^288 |
| 58 | ov_058 | 1.9573588649075417 × 10^288 |
| 59 | ov_059 | 9.639381641932697 × 10^287 |
| 60 | ov_060 | 3.992326395644523 × 10^287 |
| 61 | ov_061 | 1.3936974021425817 × 10^287 |
| 62 | ov_062 | 3.8207328581194567 × 10^286 |
| 63 | ov_063 | 7.441516724827225 × 10^285 |
| 64 | lv_79_m31 | 1.4490024061507626 × 10^285 |
| 65 | ov_065 | 1.7107588718519719 × 10^286 |
| 66 | ov_066 | 1.7107543618056638 × 10^286 |
| 67 | ov_067 | 1.7107532988647918 × 10^286 |
| 68 | ov_068 | 1.4765752946878878 × 10^286 |
| 69 | ov_069 | 1.2674726413730565 × 10^286 |
| 70 | ov_070 | 1.0815493138004305 × 10^286 |
| 71 | ov_071 | 9.169986039469511 × 10^285 |
| 72 | ov_072 | 7.720983632729476 × 10^285 |
| 73 | ov_073 | 6.452073029746185 × 10^285 |
| 74 | ov_074 | 5.347620951738689 × 10^285 |
| 75 | ov_075 | 4.392750315649902 × 10^285 |
| 76 | ov_076 | 3.5733203394694945 × 10^285 |
| 77 | ov_077 | 2.875908970053525 × 10^285 |
| 78 | ov_078 | 2.2877972489767473 × 10^285 |
| 79 | ov_079 | 1.7969554985606337 × 10^285 |
| 80 | ov_080 | 1.392031211721475 × 10^285 |
| 81 | ov_081 | 1.062338530408041 × 10^285 |
| 82 | ov_082 | 7.978491982310876 × 10^284 |
| 83 | ov_083 | 5.891848734984847 × 10^284 |
| 84 | ov_084 | 4.2761068931439366 × 10^284 |
| 85 | ov_085 | 3.050299477175865 × 10^284 |
| 86 | ov_086 | 2.1397983505209203 × 10^284 |
| 87 | ov_087 | 1.4762804590717884 × 10^284 |
| 88 | ov_088 | 9.977020305355526 × 10^283 |
| 89 | ov_089 | 6.482796085499754 × 10^283 |
| 90 | ov_090 | 4.0168456519635014 × 10^283 |
| 91 | ov_091 | 2.3470913190228905 × 10^283 |
| 92 | ov_092 | 1.2726306959739817 × 10^283 |
| 93 | ov_093 | 6.237179735973813 × 10^282 |
| 94 | ov_094 | 2.6175473156511373 × 10^282 |
| 95 | aaa_78_28 | 7.928618670767346 × 10^281 |
| 96 | aaa_78_29 | 2.3624142435136324 × 10^281 |
| 97 | ov_097 | 1.282681481542118 × 10^281 |
| 98 | ov_098 | 1.2826630093137007 × 10^281 |
| 99 | ov_099 | 1.2826571155777252 × 10^281 |
| 100 | ov_100 | 1.04764555282788 × 10^281 |
| 101 | ov_101 | 8.514031110269826 × 10^280 |
| 102 | ov_102 | 6.893744986824929 × 10^280 |
| 103 | ov_103 | 5.572521298027895 × 10^280 |
| 104 | ov_104 | 4.509580425150889 × 10^280 |
| 105 | ov_105 | 3.6662823518155213 × 10^280 |
| 106 | ov_106 | 3.0059919444401187 × 10^280 |
| 107 | ov_107 | 2.493964010075994 × 10^280 |
| 108 | ov_108 | 2.0972460998941487 × 10^280 |
| 109 | ov_109 | 1.7845971338864634 × 10^280 |
| 110 | ov_110 | 1.526420027462624 × 10^280 |
| 111 | ov_111 | 1.2947066041285592 × 10^280 |
| 112 | ov_112 | 1.0879476244053768 × 10^280 |
| 113 | ov_113 | 9.04661352747291 × 10^279 |
| 114 | ov_114 | 7.433871175472576 × 10^279 |
| 115 | ov_115 | 6.02680080561459 × 10^279 |
| 116 | ov_116 | 4.811071153044926 × 10^279 |
| 117 | ov_117 | 3.7724369406284655 × 10^279 |
| 118 | ov_118 | 2.8967158849972666 × 10^279 |
| 119 | ov_119 | 2.1697710664812943 × 10^279 |
| 120 | ov_120 | 1.5774970891171605 × 10^279 |
| 121 | ov_121 | 1.1058095297954673 × 10^279 |
| 122 | ov_122 | 7.406371756790932 × 10^278 |
| 123 | ov_123 | 4.6791654905161095 × 10^278 |
| 124 | ov_124 | 2.7358821875406915 × 10^278 |
| 125 | ov_125 | 1.4359451850287154 × 10^278 |
| 126 | ov_126 | 6.387838492595676 × 10^277 |
| 127 | aaa_77_28 | 2.0382912357257395 × 10^277 |
| 128 | aaa_77_29 | 7.633110872708372 × 10^276 |
| 129 | ov_129 | 6.984313736140833 × 10^276 |
| 130 | ov_130 | 6.984292391123157 × 10^276 |
| 131 | ov_131 | 6.984287243946641 × 10^276 |
| 132 | ov_132 | 6.035514044200068 × 10^276 |
| 133 | ov_133 | 5.187723538139927 × 10^276 |
| 134 | ov_134 | 4.4332324842122143 × 10^276 |
| 135 | ov_135 | 3.7647568377702784 × 10^276 |
| 136 | ov_136 | 3.1753832401569373 × 10^276 |
| 137 | ov_137 | 2.658544806255742 × 10^276 |
| 138 | ov_138 | 2.2080007606591862 × 10^276 |
| 139 | ov_139 | 1.817819494956316 × 10^276 |
| 140 | ov_140 | 1.4823646404803787 × 10^276 |
| 141 | ov_141 | 1.1962837723173073 × 10^276 |
| 142 | ov_142 | 9.54499381569219 × 10^275 |
| 143 | ov_143 | 7.522017926451726 × 10^275 |
| 144 | ov_144 | 5.848437607759898 × 10^275 |
| 145 | ov_145 | 4.4813650576353405 × 10^275 |
| 146 | ov_146 | 3.3804692120192074 × 10^275 |
| 147 | ov_147 | 2.5079570036126853 × 10^275 |
| 148 | ov_148 | 1.8285614061278975 × 10^275 |
| 149 | ov_149 | 1.3095340893811016 × 10^275 |
| 150 | ov_150 | 9.206408143346214 × 10^274 |
| 151 | ov_151 | 6.341582666236574 × 10^274 |
| 152 | ov_152 | 4.248717135712599 × 10^274 |
| 153 | ov_153 | 2.700732843699068 × 10^274 |
| 154 | ov_154 | 1.5903557983214565 × 10^274 |
| 155 | ov_155 | 8.228378721853448 × 10^273 |
| 156 | aaa_76_25 | 3.15953965113183 × 10^273 |
| 157 | aaa_76_26 | 1.8220757246287146 × 10^273 |
| 158 | aaa_76_27 | 9.31246970867739 × 10^272 |
| 159 | aaa_76_28 | 3.61853797519215 × 10^272 |
| 160 | aaa_76_29 | 1.0982051033659621 × 10^272 |

### Output Bits Sorted by Complexity

| Rank | Output Bit | Complexity |
|:----:|:----------:|:----------:|
| 160 | aaa_76_29 | 1.0982051033659621 × 10^272 |
| 159 | aaa_76_28 | 3.61853797519215 × 10^272 |
| 158 | aaa_76_27 | 9.31246970867739 × 10^272 |
| 157 | aaa_76_26 | 1.8220757246287146 × 10^273 |
| 156 | aaa_76_25 | 3.15953965113183 × 10^273 |
| 155 | ov_155 | 8.228378721853448 × 10^273 |
| 154 | ov_154 | 1.5903557983214565 × 10^274 |
| 153 | ov_153 | 2.700732843699068 × 10^274 |
| 152 | ov_152 | 4.248717135712599 × 10^274 |
| 151 | ov_151 | 6.341582666236574 × 10^274 |
| 150 | ov_150 | 9.206408143346214 × 10^274 |
| 149 | ov_149 | 1.3095340893811016 × 10^275 |
| 148 | ov_148 | 1.8285614061278975 × 10^275 |
| 147 | ov_147 | 2.5079570036126853 × 10^275 |
| 146 | ov_146 | 3.3804692120192074 × 10^275 |
| 145 | ov_145 | 4.4813650576353405 × 10^275 |
| 144 | ov_144 | 5.848437607759898 × 10^275 |
| 143 | ov_143 | 7.522017926451726 × 10^275 |
| 142 | ov_142 | 9.54499381569219 × 10^275 |
| 141 | ov_141 | 1.1962837723173073 × 10^276 |
| 140 | ov_140 | 1.4823646404803787 × 10^276 |
| 139 | ov_139 | 1.817819494956316 × 10^276 |
| 138 | ov_138 | 2.2080007606591862 × 10^276 |
| 137 | ov_137 | 2.658544806255742 × 10^276 |
| 136 | ov_136 | 3.1753832401569373 × 10^276 |
| 135 | ov_135 | 3.7647568377702784 × 10^276 |
| 134 | ov_134 | 4.4332324842122143 × 10^276 |
| 133 | ov_133 | 5.187723538139927 × 10^276 |
| 132 | ov_132 | 6.035514044200068 × 10^276 |
| 131 | ov_131 | 6.984287243946641 × 10^276 |
| 130 | ov_130 | 6.984292391123157 × 10^276 |
| 129 | ov_129 | 6.984313736140833 × 10^276 |
| 128 | aaa_77_29 | 7.633110872708372 × 10^276 |
| 127 | aaa_77_28 | 2.0382912357257395 × 10^277 |
| 126 | ov_126 | 6.387838492595676 × 10^277 |
| 125 | ov_125 | 1.4359451850287154 × 10^278 |
| 124 | ov_124 | 2.7358821875406915 × 10^278 |
| 123 | ov_123 | 4.6791654905161095 × 10^278 |
| 122 | ov_122 | 7.406371756790932 × 10^278 |
| 121 | ov_121 | 1.1058095297954673 × 10^279 |
| 120 | ov_120 | 1.5774970891171605 × 10^279 |
| 119 | ov_119 | 2.1697710664812943 × 10^279 |
| 118 | ov_118 | 2.8967158849972666 × 10^279 |
| 117 | ov_117 | 3.7724369406284655 × 10^279 |
| 116 | ov_116 | 4.811071153044926 × 10^279 |
| 115 | ov_115 | 6.02680080561459 × 10^279 |
| 114 | ov_114 | 7.433871175472576 × 10^279 |
| 113 | ov_113 | 9.04661352747291 × 10^279 |
| 112 | ov_112 | 1.0879476244053768 × 10^280 |
| 111 | ov_111 | 1.2947066041285592 × 10^280 |
| 110 | ov_110 | 1.526420027462624 × 10^280 |
| 109 | ov_109 | 1.7845971338864634 × 10^280 |
| 108 | ov_108 | 2.0972460998941487 × 10^280 |
| 107 | ov_107 | 2.493964010075994 × 10^280 |
| 106 | ov_106 | 3.0059919444401187 × 10^280 |
| 105 | ov_105 | 3.6662823518155213 × 10^280 |
| 104 | ov_104 | 4.509580425150889 × 10^280 |
| 103 | ov_103 | 5.572521298027895 × 10^280 |
| 102 | ov_102 | 6.893744986824929 × 10^280 |
| 101 | ov_101 | 8.514031110269826 × 10^280 |
| 100 | ov_100 | 1.04764555282788 × 10^281 |
| 99 | ov_099 | 1.2826571155777252 × 10^281 |
| 98 | ov_098 | 1.2826630093137007 × 10^281 |
| 97 | ov_097 | 1.282681481542118 × 10^281 |
| 96 | aaa_78_29 | 2.3624142435136324 × 10^281 |
| 95 | aaa_78_28 | 7.928618670767346 × 10^281 |
| 94 | ov_094 | 2.6175473156511373 × 10^282 |
| 93 | ov_093 | 6.237179735973813 × 10^282 |
| 92 | ov_092 | 1.2726306959739817 × 10^283 |
| 91 | ov_091 | 2.3470913190228905 × 10^283 |
| 90 | ov_090 | 4.0168456519635014 × 10^283 |
| 89 | ov_089 | 6.482796085499754 × 10^283 |
| 88 | ov_088 | 9.977020305355526 × 10^283 |
| 87 | ov_087 | 1.4762804590717884 × 10^284 |
| 86 | ov_086 | 2.1397983505209203 × 10^284 |
| 85 | ov_085 | 3.050299477175865 × 10^284 |
| 84 | ov_084 | 4.2761068931439366 × 10^284 |
| 83 | ov_083 | 5.891848734984847 × 10^284 |
| 82 | ov_082 | 7.978491982310876 × 10^284 |
| 81 | ov_081 | 1.062338530408041 × 10^285 |
| 80 | ov_080 | 1.392031211721475 × 10^285 |
| 64 | lv_79_m31 | 1.4490024061507626 × 10^285 |
| 79 | ov_079 | 1.7969554985606337 × 10^285 |
| 78 | ov_078 | 2.2877972489767473 × 10^285 |
| 77 | ov_077 | 2.875908970053525 × 10^285 |
| 76 | ov_076 | 3.5733203394694945 × 10^285 |
| 75 | ov_075 | 4.392750315649902 × 10^285 |
| 74 | ov_074 | 5.347620951738689 × 10^285 |
| 73 | ov_073 | 6.452073029746185 × 10^285 |
| 63 | ov_063 | 7.441516724827225 × 10^285 |
| 72 | ov_072 | 7.720983632729476 × 10^285 |
| 71 | ov_071 | 9.169986039469511 × 10^285 |
| 70 | ov_070 | 1.0815493138004305 × 10^286 |
| 69 | ov_069 | 1.2674726413730565 × 10^286 |
| 68 | ov_068 | 1.4765752946878878 × 10^286 |
| 67 | ov_067 | 1.7107532988647918 × 10^286 |
| 66 | ov_066 | 1.7107543618056638 × 10^286 |
| 65 | ov_065 | 1.7107588718519719 × 10^286 |
| 62 | ov_062 | 3.8207328581194567 × 10^286 |
| 61 | ov_061 | 1.3936974021425817 × 10^287 |
| 60 | ov_060 | 3.992326395644523 × 10^287 |
| 59 | ov_059 | 9.639381641932697 × 10^287 |
| 58 | ov_058 | 1.9573588649075417 × 10^288 |
| 57 | ov_057 | 3.53801590038261 × 10^288 |
| 56 | ov_056 | 5.89908034839892 × 10^288 |
| 55 | ov_055 | 9.268376853597628 × 10^288 |
| 54 | ov_054 | 1.3908391690820632 × 10^289 |
| 53 | ov_053 | 2.0116288320089004 × 10^289 |
| 52 | ov_052 | 2.822393473147943 × 10^289 |
| 51 | ov_051 | 3.8929816114006007 × 10^289 |
| 50 | ov_050 | 5.300198487711874 × 10^289 |
| 49 | ov_049 | 7.127823041638137 × 10^289 |
| 48 | ov_048 | 9.466632248314371 × 10^289 |
| 47 | ov_047 | 1.2414435060661114 × 10^290 |
| 32 | lv_80_m31 | 1.5345880455342656 × 10^290 |
| 46 | ov_046 | 1.6076119272720453 × 10^290 |
| 45 | ov_045 | 2.05637157854663 × 10^290 |
| 44 | ov_044 | 2.5996485490221315 × 10^290 |
| 43 | ov_043 | 3.2501034488335428 × 10^290 |
| 42 | ov_042 | 4.021146387173525 × 10^290 |
| 41 | ov_041 | 4.9269560798048804 × 10^290 |
| 40 | ov_040 | 5.975219632801821 × 10^290 |
| 39 | ov_039 | 7.174043384455824 × 10^290 |
| 31 | ov_031 | 7.868105539911192 × 10^290 |
| 38 | ov_038 | 8.53197265273833 × 10^290 |
| 37 | ov_037 | 1.0066560698378822 × 10^291 |
| 36 | ov_036 | 1.1796314055753402 × 10^291 |
| 35 | ov_035 | 1.3740753468910394 × 10^291 |
| 34 | ov_034 | 1.5920485140408235 × 10^291 |
| 33 | ov_033 | 1.8357283395844685 × 10^291 |
| 30 | ov_030 | 4.03358750056152 × 10^291 |
| 29 | ov_029 | 1.319409409207342 × 10^292 |
| 28 | ov_028 | 3.4242828825742295 × 10^292 |
| 27 | ov_027 | 7.653381852378653 × 10^292 |
| 26 | ov_026 | 1.530443070650273 × 10^293 |
| 25 | ov_025 | 2.80374799612075 × 10^293 |
| 24 | ov_024 | 4.787492313425565 × 10^293 |
| 23 | ov_023 | 7.7201546047145 × 10^293 |
| 22 | ov_022 | 1.2114943121607602 × 10^294 |
| 21 | ov_021 | 1.8557592118736416 × 10^294 |
| 20 | ov_020 | 2.7706427006124257 × 10^294 |
| 19 | ov_019 | 4.029247083390432 × 10^294 |
| 18 | ov_018 | 5.7119606177562777 × 10^294 |
| 17 | ov_017 | 7.906480926417435 × 10^294 |
| 16 | ov_016 | 1.0707847595287531 × 10^295 |
| 15 | ov_015 | 1.4218486195661456 × 10^295 |
| 14 | ov_014 | 1.8548266578651456 × 10^295 |
| 13 | ov_013 | 2.381457959823205 × 10^295 |
| 12 | ov_012 | 3.0142437832241617 × 10^295 |
| 11 | ov_011 | 3.766460672520389 × 10^295 |
| 10 | ov_010 | 4.6521773135876874 × 10^295 |
| 9 | ov_009 | 5.686275883386795 × 10^295 |
| 8 | ov_008 | 6.884478705439536 × 10^295 |
| 7 | ov_007 | 8.263381078955993 × 10^295 |
| 6 | ov_006 | 9.840491206993013 × 10^295 |
| 5 | ov_005 | 1.163427820738861 × 10^296 |
| 4 | ov_004 | 1.3664229249654128 × 10^296 |
| 3 | ov_003 | 1.595091684897888 × 10^296 |
| 2 | ov_002 | 1.8516077188499849 × 10^296 |
| 1 | ov_001 | 2.1382700170894247 × 10^296 |

