# Results for O004005-E009012-F013-F014-F015-F016-F017-F018-F019-F020-F021-F022-F023-F024-F025-F026-F027-F028-F029-F030-F031-F032-F033-F034-F035-F036-F037-F038-F039-F040-F041-F042-F043-F044-F045-F046-F047-F048-F049-F050-F051-F052-F053-F054-F055-F056-F057-F058-F059-F060-F061-F062-F063-F064-F065-F066-F067-F068-F069-F070-F071-F072-F073-F074-F075-F076-F077-F078-F079-F080-F081-F082-F083-F084-F085-F086-F087-F088-F089-F090-F091-F092-F093-F094-F095-F096-F097-F098-F099-F100-F101-F102-F103-F104-F105-F106-F107-F108-F109-F110-F111-F112-F113-F114-F115-F116-F117-F118-F119-F120-F121-F122-F123-F124-F125-F126-F127-F128-F129-F130-F131-F132-F133-F134-F135-F136-F137-F138-F139-F140-F141-F142-F143-F144-F145-F146-F147-F148-F149-F150-F151-F152-F153-F154-F155-F156-F157-F158-F159-F160-F161-F162-F163-F164-F165-F166-F167-F168-F169-F170-F171-F172-F173-F174-F175-F176-F177-F178-F179-F180-F181-F182-F183-F184-F185-F186-F187-F188-F189-F190-F191-F192-F193-F194-F195-F196-F197-F198-F199-F200-F201-F202-F203-F204-F205-F206-F207-F208-F209-F210-F211-F212-F213-F214-F215-F216-F217-F218-F219-F220-F221-F222-F223-F224-F225-F226-F227-F228-F229-F230-F231-F232-F233-F234-F235-F236-F237-F238-F239-F240-F241-F242-F243-F244-F245-F246-F247-F248-F249-F250-F251-F252-F253-F254-F255-F256-F257-F258-F259-F260-F261-F262-F263-F264-F265-F266-F267-F268-F269-F270-F271-F272-F273-F274-F275-F276-F277-F278-F279-F280-F281-F282-F283-F284-F285-F286-F287-F288-F289-F290-F291-F292-F293-F294-F295-F296-F297-F298-F299-F300-F301-F302-F303-F304-F305-F306-F307-F308-F309-F310-F311-F312-F313-F314-F315-F316-F317-F318-F319-F320-F321-F322-F323-F324-F325-F326-F327-F328-F329-F330-F331-F332-F333-F334-F335-F336-F337-F338-F339-F340-F341-F342-F343-F344-F345-F346-F347-F348-F349-F350-F351-F352-F353-F354-F355-F356-F357-F358-F359-F360-F361-F362-F363-F364-F365-F366-F367-F368-F369-F370-F371-F372-F373-F374-F375-F376-F377-F378-F379-F380-F381-F382-F383-F384-F385-F386-F387-F388-F389-F390-F391-F392-F393-F394-F395-F396-F397-F398-F399-F400-F401-F402-F403-F404-F405-F406-F407-F408-F409-F410-F411-F412-F413-F414-F415-F416-F417-F418-F419-F420-F421-F422-F423-F424-F425-F426-F427-F428-F429-F430-F431-F432-F433-F434-F435-F436-F437-F438-F439-F440-F441-F442-F443-F444-F445-F446-F447-F448-F449-F450-F451-F452-F453-F454-F455-F456-F457-F458-F459-F460-F461-F462-F463-F464-F465-F466-F467-F468-F469-F470-F471-F472-F473-F474-F475-F476-F477-F478-F479-F480-F481-F482-F483-F484-F485-F486-F487-F488-F489-F490-F491-F492-F493-F494-F495-F496-F497-F498-F499-F500-F501-F502-F503-F504-F505-F506-F507-F508-F509-F510-F511-F512

## Summary

Number of input bits: 512  
Number of free input bits: 10  
Number of output bits: 160

Number of direct occurrences: 46854  
Number of assignments: 38598  
Number of operations: 19430303
(xor: 19389699,
and: 24398,
or: 16206)

Total complexity: 1.0651185773959626 × 10^358

Least occurring input variable: iv_007 (4376)  
Most occurring input variable: iv_009 (5180)

Most co-occurring input variables: iv_009-iv_011 (2423)  
Least co-occurring input variables: iv_007-iv_011 (1988)

Potentially most occurring input variable: iv_006/iv_009 (5405)  
Potentially least occurring input variable: iv_004/iv_010 (4666)

Least output occurring input variable: iv_007 (73)  
Most output occurring input variable: iv_006 (89)

Most output co-occurring input variables: iv_003-iv_006 (52)  
Least output co-occurring input variables: iv_002-iv_009 (32)

Potentially most output occurring input variable: iv_002/iv_009 (95)  
Potentially least output occurring input variable: iv_008/iv_009 (66)

Least complex input bit: iv_001 (1.5282204975632898 × 10^355)  
Most complex input bit: iv_009 (3.4155801668473105 × 10^357)

Least complex output bit: aaa_76_29 (3.363555179833219 × 10^332)  
Most complex output bit: ov_001 (1.6228712585014184 × 10^357)

Least complex input/output complexity: iv_001/aaa_76_29 (4.825992222455982 × 10^329)  
Most complex input/output complexity: iv_009/ov_001 (5.2041594255503494 × 10^356)

## Input Bits

### Input Bits in Regular Order

| Input Bit | Complexity | Occurrences | Output Occurrences |
|:---------:|:----------:|:-----------:|:------------------:|
| iv_001 | 1.5282204975632898 × 10^355 | 4723 | 80 |
| iv_002 | 6.53959022709066 × 10^355 | 4612 | 78 |
| iv_003 | 1.194843361202161 × 10^356 | 4749 | 85 |
| iv_004 | 6.539264863111019 × 10^356 | 4578 | 86 |
| iv_006 | 6.949503798192137 × 10^356 | 4663 | 89 |
| iv_007 | 9.506415365561638 × 10^356 | 4376 | 73 |
| iv_008 | 1.2433173745367556 × 10^357 | 4561 | 75 |
| iv_009 | 3.4155801668473105 × 10^357 | 5180 | 81 |
| iv_010 | 1.6873185473400187 × 10^357 | 4580 | 80 |
| iv_011 | 1.8052888391823124 × 10^357 | 4832 | 78 |

### Input Bits Sorted by Complexity

| Input Bit | Complexity | Occurrences | Output Occurrences |
|:---------:|:----------:|:-----------:|:------------------:|
| iv_001 | 1.5282204975632898 × 10^355 | 4723 | 80 |
| iv_002 | 6.53959022709066 × 10^355 | 4612 | 78 |
| iv_003 | 1.194843361202161 × 10^356 | 4749 | 85 |
| iv_004 | 6.539264863111019 × 10^356 | 4578 | 86 |
| iv_006 | 6.949503798192137 × 10^356 | 4663 | 89 |
| iv_007 | 9.506415365561638 × 10^356 | 4376 | 73 |
| iv_008 | 1.2433173745367556 × 10^357 | 4561 | 75 |
| iv_010 | 1.6873185473400187 × 10^357 | 4580 | 80 |
| iv_011 | 1.8052888391823124 × 10^357 | 4832 | 78 |
| iv_009 | 3.4155801668473105 × 10^357 | 5180 | 81 |

### Input Bits Sorted by Occurrences

| Input Bit | Complexity | Occurrences | Output Occurrences |
|:---------:|:----------:|:-----------:|:------------------:|
| iv_007 | 9.506415365561638 × 10^356 | 4376 | 73 |
| iv_008 | 1.2433173745367556 × 10^357 | 4561 | 75 |
| iv_004 | 6.539264863111019 × 10^356 | 4578 | 86 |
| iv_010 | 1.6873185473400187 × 10^357 | 4580 | 80 |
| iv_002 | 6.53959022709066 × 10^355 | 4612 | 78 |
| iv_006 | 6.949503798192137 × 10^356 | 4663 | 89 |
| iv_001 | 1.5282204975632898 × 10^355 | 4723 | 80 |
| iv_003 | 1.194843361202161 × 10^356 | 4749 | 85 |
| iv_011 | 1.8052888391823124 × 10^357 | 4832 | 78 |
| iv_009 | 3.4155801668473105 × 10^357 | 5180 | 81 |

### Input Bits Sorted by Output Occurrences

| Input Bit | Complexity | Occurrences | Output Occurrences |
|:---------:|:----------:|:-----------:|:------------------:|
| iv_007 | 9.506415365561638 × 10^356 | 4376 | 73 |
| iv_008 | 1.2433173745367556 × 10^357 | 4561 | 75 |
| iv_002 | 6.53959022709066 × 10^355 | 4612 | 78 |
| iv_011 | 1.8052888391823124 × 10^357 | 4832 | 78 |
| iv_010 | 1.6873185473400187 × 10^357 | 4580 | 80 |
| iv_001 | 1.5282204975632898 × 10^355 | 4723 | 80 |
| iv_009 | 3.4155801668473105 × 10^357 | 5180 | 81 |
| iv_003 | 1.194843361202161 × 10^356 | 4749 | 85 |
| iv_004 | 6.539264863111019 × 10^356 | 4578 | 86 |
| iv_006 | 6.949503798192137 × 10^356 | 4663 | 89 |

## Input Bit Co-occurrences

### Input Bit Co-occurrences Sorted by Co-occurrences

| Input Bits | Co-occurrences | Potential Occurrences | Output Co-occurrences | Potential Output Occurrences |
|:----------:|:--------------:|:---------------------:|:---------------------:|:----------------------------:|
| iv_009-iv_011 | 2423 | 5166 | 39 | 81 |
| iv_008-iv_009 | 2333 | 5075 | 45 | 66 |
| iv_003-iv_009 | 2331 | 5267 | 41 | 84 |
| iv_001-iv_009 | 2309 | 5285 | 39 | 83 |
| iv_004-iv_009 | 2298 | 5162 | 45 | 77 |
| iv_001-iv_011 | 2293 | 4969 | 37 | 84 |
| iv_009-iv_010 | 2291 | 5178 | 42 | 77 |
| iv_001-iv_006 | 2291 | 4804 | 46 | 77 |
| iv_001-iv_002 | 2277 | 4781 | 43 | 72 |
| iv_002-iv_009 | 2271 | 5250 | 32 | 95 |

### Input Bit Co-occurrences Sorted by Potential Occurrences

| Input Bits | Co-occurrences | Potential Occurrences | Output Co-occurrences | Potential Output Occurrences |
|:----------:|:--------------:|:---------------------:|:---------------------:|:----------------------------:|
| iv_004-iv_010 | 2246 | 4666 | 47 | 72 |
| iv_002-iv_007 | 2139 | 4710 | 38 | 75 |
| iv_001-iv_002 | 2277 | 4781 | 43 | 72 |
| iv_001-iv_007 | 2153 | 4793 | 37 | 79 |
| iv_001-iv_006 | 2291 | 4804 | 46 | 77 |
| iv_006-iv_007 | 2117 | 4805 | 40 | 82 |
| iv_003-iv_008 | 2237 | 4836 | 37 | 86 |
| iv_007-iv_010 | 2056 | 4844 | 35 | 83 |
| iv_004-iv_011 | 2256 | 4898 | 45 | 74 |
| iv_007-iv_008 | 2018 | 4901 | 33 | 82 |

### Input Bit Output Co-occurrences Sorted by Output Co-occurrences

| Input Bits | Co-occurrences | Potential Occurrences | Output Co-occurrences | Potential Output Occurrences |
|:----------:|:--------------:|:---------------------:|:---------------------:|:----------------------------:|
| iv_003-iv_006 | 2228 | 4956 | 52 | 70 |
| iv_004-iv_006 | 2114 | 5013 | 48 | 79 |
| iv_002-iv_004 | 2116 | 4958 | 47 | 70 |
| iv_004-iv_010 | 2246 | 4666 | 47 | 72 |
| iv_003-iv_010 | 2173 | 4983 | 47 | 71 |
| iv_001-iv_006 | 2291 | 4804 | 46 | 77 |
| iv_004-iv_011 | 2256 | 4898 | 45 | 74 |
| iv_006-iv_008 | 2095 | 5034 | 45 | 74 |
| iv_008-iv_009 | 2333 | 5075 | 45 | 66 |
| iv_004-iv_009 | 2298 | 5162 | 45 | 77 |

### Input Bit Output Co-occurrences Sorted by Potential Output Occurrences

| Input Bits | Co-occurrences | Potential Occurrences | Output Co-occurrences | Potential Output Occurrences |
|:----------:|:--------------:|:---------------------:|:---------------------:|:----------------------------:|
| iv_008-iv_009 | 2333 | 5075 | 45 | 66 |
| iv_002-iv_004 | 2116 | 4958 | 47 | 70 |
| iv_003-iv_006 | 2228 | 4956 | 52 | 70 |
| iv_003-iv_010 | 2173 | 4983 | 47 | 71 |
| iv_004-iv_010 | 2246 | 4666 | 47 | 72 |
| iv_001-iv_002 | 2277 | 4781 | 43 | 72 |
| iv_001-iv_010 | 2200 | 4903 | 44 | 72 |
| iv_004-iv_007 | 1998 | 4958 | 43 | 73 |
| iv_004-iv_011 | 2256 | 4898 | 45 | 74 |
| iv_006-iv_008 | 2095 | 5034 | 45 | 74 |

## Output Bits

### Output Bits in Regular Order

| Rank | Output Bit | Complexity |
|:----:|:----------:|:----------:|
| 1 | ov_001 | 1.6228712585014184 × 10^357 |
| 2 | ov_002 | 1.4218520413969413 × 10^357 |
| 3 | ov_003 | 1.2404268905054628 × 10^357 |
| 4 | ov_004 | 1.076790637382853 × 10^357 |
| 5 | ov_005 | 9.292414117093365 × 10^356 |
| 6 | ov_006 | 7.961732398022958 × 10^356 |
| 7 | ov_007 | 6.76806236496257 × 10^356 |
| 8 | ov_008 | 5.7040362780870006 × 10^356 |
| 9 | ov_009 | 4.762690339614864 × 10^356 |
| 10 | ov_010 | 3.937441062413809 × 10^356 |
| 11 | ov_011 | 3.222064975259067 × 10^356 |
| 12 | ov_012 | 2.6106814322894343 × 10^356 |
| 13 | ov_013 | 2.092502535622321 × 10^356 |
| 14 | ov_014 | 1.65736368604793 × 10^356 |
| 15 | ov_015 | 1.2957059787304081 × 10^356 |
| 16 | ov_016 | 9.985621052745382 × 10^355 |
| 17 | ov_017 | 7.57545254696521 × 10^355 |
| 18 | ov_018 | 5.64840546541275 × 10^355 |
| 19 | ov_019 | 4.131985699064728 × 10^355 |
| 20 | ov_020 | 2.959306425273314 × 10^355 |
| 21 | ov_021 | 2.069054443919406 × 10^355 |
| 22 | ov_022 | 1.405467206269209 × 10^355 |
| 23 | ov_023 | 9.183178863854096 × 10^354 |
| 24 | ov_024 | 5.62906247275635 × 10^354 |
| 25 | ov_025 | 3.182629741611047 × 10^354 |
| 26 | ov_026 | 1.661785491173591 × 10^354 |
| 27 | ov_027 | 7.851035496462655 × 10^353 |
| 28 | ov_028 | 3.2632779597887084 × 10^353 |
| 29 | ov_029 | 1.1437059116914096 × 10^353 |
| 30 | ov_030 | 3.1488309478926294 × 10^352 |
| 31 | ov_031 | 6.162830293478955 × 10^351 |
| 32 | lv_80_m31 | 1.206177973575427 × 10^351 |
| 33 | ov_033 | 1.5064194359334857 × 10^352 |
| 34 | ov_034 | 1.324011771300421 × 10^352 |
| 35 | ov_035 | 1.1593916151446928 × 10^352 |
| 36 | ov_036 | 1.0109401444604664 × 10^352 |
| 37 | ov_037 | 8.771283045908532 × 10^351 |
| 38 | ov_038 | 7.565105072166649 × 10^351 |
| 39 | ov_039 | 6.477191195659106 × 10^351 |
| 40 | ov_040 | 5.500891724668201 × 10^351 |
| 41 | ov_041 | 4.629911674774963 × 10^351 |
| 42 | ov_042 | 3.858291636509031 × 10^351 |
| 43 | ov_043 | 3.1803914404765963 × 10^351 |
| 44 | ov_044 | 2.590876330287846 × 10^351 |
| 45 | ov_045 | 2.0847053705564904 × 10^351 |
| 46 | ov_046 | 1.6571218337694962 × 10^351 |
| 47 | ov_047 | 1.2994349061863691 × 10^351 |
| 48 | ov_048 | 1.0034886691253092 × 10^351 |
| 49 | ov_049 | 7.616531063206028 × 10^350 |
| 50 | ov_050 | 5.668171611278562 × 10^350 |
| 51 | ov_051 | 4.123835042888254 × 10^350 |
| 52 | ov_052 | 2.922647036901843 × 10^350 |
| 53 | ov_053 | 2.0088051819001785 × 10^350 |
| 54 | ov_054 | 1.3315606817375848 × 10^350 |
| 55 | ov_055 | 8.45206660594412 × 10^349 |
| 56 | ov_056 | 5.09071205145028 × 10^349 |
| 57 | ov_057 | 2.8751358681136565 × 10^349 |
| 58 | ov_058 | 1.4992241238830008 × 10^349 |
| 59 | ov_059 | 7.071478938134988 × 10^348 |
| 60 | ov_060 | 2.9335966922633064 × 10^348 |
| 61 | ov_061 | 1.0259198015406289 × 10^348 |
| 62 | ov_062 | 2.8177293098939184 × 10^347 |
| 63 | ov_063 | 5.499315918280025 × 10^346 |
| 64 | lv_79_m31 | 1.073090367970052 × 10^346 |
| 65 | ov_065 | 1.3098685261778272 × 10^347 |
| 66 | ov_066 | 1.309863347227346 × 10^347 |
| 67 | ov_067 | 1.309861682372918 × 10^347 |
| 68 | ov_068 | 1.1418933480633193 × 10^347 |
| 69 | ov_069 | 9.909390490142187 × 10^346 |
| 70 | ov_070 | 8.557178852098517 × 10^346 |
| 71 | ov_071 | 7.35022440626001 × 10^346 |
| 72 | ov_072 | 6.2771340381454135 × 10^346 |
| 73 | ov_073 | 5.327147807190733 × 10^346 |
| 74 | ov_074 | 4.490096672229027 × 10^346 |
| 75 | ov_075 | 3.756365507471215 × 10^346 |
| 76 | ov_076 | 3.116861119443578 × 10^346 |
| 77 | ov_077 | 2.562984931420533 × 10^346 |
| 78 | ov_078 | 2.0866099006031517 × 10^346 |
| 79 | ov_079 | 1.6800611992224796 × 10^346 |
| 80 | ov_080 | 1.3361002201152884 × 10^346 |
| 81 | ov_081 | 1.0479114960386272 × 10^346 |
| 82 | ov_082 | 8.090921502033828 × 10^345 |
| 83 | ov_083 | 6.136435233386423 × 10^345 |
| 84 | ov_084 | 4.559646501487246 × 10^345 |
| 85 | ov_085 | 3.30847285373902 × 10^345 |
| 86 | ov_086 | 2.334722068769562 × 10^345 |
| 87 | ov_087 | 1.594065502982763 × 10^345 |
| 88 | ov_088 | 1.0460195688660191 × 10^345 |
| 89 | ov_089 | 6.539334314401131 × 10^344 |
| 90 | ov_090 | 3.849812793760687 × 10^344 |
| 91 | ov_091 | 2.1015779736375854 × 10^344 |
| 92 | ov_092 | 1.0427573634667246 × 10^344 |
| 93 | ov_093 | 4.596474599034195 × 10^343 |
| 94 | ov_094 | 1.7670888156095767 × 10^343 |
| 95 | aaa_78_28 | 5.656469981345288 × 10^342 |
| 96 | aaa_78_29 | 2.1288832004616252 × 10^342 |
| 97 | ov_097 | 2.066303988635631 × 10^342 |
| 98 | ov_098 | 2.066298034533885 × 10^342 |
| 99 | ov_099 | 2.0662965887711321 × 10^342 |
| 100 | ov_100 | 1.813647337212042 × 10^342 |
| 101 | ov_101 | 1.5857654388681897 × 10^342 |
| 102 | ov_102 | 1.3804157081901437 × 10^342 |
| 103 | ov_103 | 1.195491545670249 × 10^342 |
| 104 | ov_104 | 1.0290061028822648 × 10^342 |
| 105 | ov_105 | 8.790843926388331 × 10^341 |
| 106 | ov_106 | 7.448159573024424 × 10^341 |
| 107 | ov_107 | 6.253411156210098 × 10^341 |
| 108 | ov_108 | 5.198480578254839 × 10^341 |
| 109 | ov_109 | 4.275703018684378 × 10^341 |
| 110 | ov_110 | 3.4778448302790333 × 10^341 |
| 111 | ov_111 | 2.798084507493544 × 10^341 |
| 112 | ov_112 | 2.2239532438841673 × 10^341 |
| 113 | ov_113 | 1.7437356696314396 × 10^341 |
| 114 | ov_114 | 1.346449587835952 × 10^341 |
| 115 | ov_115 | 1.0218298557269555 × 10^341 |
| 116 | ov_116 | 7.603159059212333 × 10^340 |
| 117 | ov_117 | 5.5304233097415864 × 10^340 |
| 118 | ov_118 | 3.918319707599926 × 10^340 |
| 119 | ov_119 | 2.691910007250211 × 10^340 |
| 120 | ov_120 | 1.7830557747119576 × 10^340 |
| 121 | ov_121 | 1.130396564910441 × 10^340 |
| 122 | ov_122 | 6.793365521150031 × 10^339 |
| 123 | ov_123 | 3.820369282888337 × 10^339 |
| 124 | ov_124 | 1.9741196496252525 × 10^339 |
| 125 | ov_125 | 9.11271984083676 × 10^338 |
| 126 | ov_126 | 3.559871097306434 × 10^338 |
| 127 | aaa_77_28 | 9.992898680605889 × 10^337 |
| 128 | aaa_77_29 | 3.0476185040643505 × 10^337 |
| 129 | ov_129 | 1.8630495876357625 × 10^337 |
| 130 | ov_130 | 1.8630429977227294 × 10^337 |
| 131 | ov_131 | 1.8630413917550178 × 10^337 |
| 132 | ov_132 | 1.6366284621378793 × 10^337 |
| 133 | ov_133 | 1.43416435062203 × 10^337 |
| 134 | ov_134 | 1.2532305919342894 × 10^337 |
| 135 | ov_135 | 1.0915492431185508 × 10^337 |
| 136 | ov_136 | 9.469729678552327 × 10^336 |
| 137 | ov_137 | 8.174761734338352 × 10^336 |
| 138 | ov_138 | 7.0114713048651765 × 10^336 |
| 139 | ov_139 | 5.970575144305663 × 10^336 |
| 140 | ov_140 | 5.043308202013461 × 10^336 |
| 141 | ov_141 | 4.221395134513678 × 10^336 |
| 142 | ov_142 | 3.4970256496860007 × 10^336 |
| 143 | ov_143 | 2.8628334130667193 × 10^336 |
| 144 | ov_144 | 2.311878262376228 × 10^336 |
| 145 | ov_145 | 1.837631492258947 × 10^336 |
| 146 | ov_146 | 1.433963939007088 × 10^336 |
| 147 | ov_147 | 1.095136518608514 × 10^336 |
| 148 | ov_148 | 8.157928504077359 × 10^335 |
| 149 | ov_149 | 5.909536291950111 × 10^335 |
| 150 | ov_150 | 4.160124389787926 × 10^335 |
| 151 | ov_151 | 2.8286395113935445 × 10^335 |
| 152 | ov_152 | 1.8413697258851945 × 10^335 |
| 153 | ov_153 | 1.1319216820730891 × 10^335 |
| 154 | ov_154 | 6.412066486785882 × 10^334 |
| 155 | ov_155 | 3.1743255931274777 × 10^334 |
| 156 | aaa_76_25 | 1.160999652408589 × 10^334 |
| 157 | aaa_76_26 | 6.078623441381717 × 10^333 |
| 158 | aaa_76_27 | 2.8101745017098833 × 10^333 |
| 159 | aaa_76_28 | 1.0997517176985274 × 10^333 |
| 160 | aaa_76_29 | 3.363555179833219 × 10^332 |

### Output Bits Sorted by Complexity

| Rank | Output Bit | Complexity |
|:----:|:----------:|:----------:|
| 160 | aaa_76_29 | 3.363555179833219 × 10^332 |
| 159 | aaa_76_28 | 1.0997517176985274 × 10^333 |
| 158 | aaa_76_27 | 2.8101745017098833 × 10^333 |
| 157 | aaa_76_26 | 6.078623441381717 × 10^333 |
| 156 | aaa_76_25 | 1.160999652408589 × 10^334 |
| 155 | ov_155 | 3.1743255931274777 × 10^334 |
| 154 | ov_154 | 6.412066486785882 × 10^334 |
| 153 | ov_153 | 1.1319216820730891 × 10^335 |
| 152 | ov_152 | 1.8413697258851945 × 10^335 |
| 151 | ov_151 | 2.8286395113935445 × 10^335 |
| 150 | ov_150 | 4.160124389787926 × 10^335 |
| 149 | ov_149 | 5.909536291950111 × 10^335 |
| 148 | ov_148 | 8.157928504077359 × 10^335 |
| 147 | ov_147 | 1.095136518608514 × 10^336 |
| 146 | ov_146 | 1.433963939007088 × 10^336 |
| 145 | ov_145 | 1.837631492258947 × 10^336 |
| 144 | ov_144 | 2.311878262376228 × 10^336 |
| 143 | ov_143 | 2.8628334130667193 × 10^336 |
| 142 | ov_142 | 3.4970256496860007 × 10^336 |
| 141 | ov_141 | 4.221395134513678 × 10^336 |
| 140 | ov_140 | 5.043308202013461 × 10^336 |
| 139 | ov_139 | 5.970575144305663 × 10^336 |
| 138 | ov_138 | 7.0114713048651765 × 10^336 |
| 137 | ov_137 | 8.174761734338352 × 10^336 |
| 136 | ov_136 | 9.469729678552327 × 10^336 |
| 135 | ov_135 | 1.0915492431185508 × 10^337 |
| 134 | ov_134 | 1.2532305919342894 × 10^337 |
| 133 | ov_133 | 1.43416435062203 × 10^337 |
| 132 | ov_132 | 1.6366284621378793 × 10^337 |
| 131 | ov_131 | 1.8630413917550178 × 10^337 |
| 130 | ov_130 | 1.8630429977227294 × 10^337 |
| 129 | ov_129 | 1.8630495876357625 × 10^337 |
| 128 | aaa_77_29 | 3.0476185040643505 × 10^337 |
| 127 | aaa_77_28 | 9.992898680605889 × 10^337 |
| 126 | ov_126 | 3.559871097306434 × 10^338 |
| 125 | ov_125 | 9.11271984083676 × 10^338 |
| 124 | ov_124 | 1.9741196496252525 × 10^339 |
| 123 | ov_123 | 3.820369282888337 × 10^339 |
| 122 | ov_122 | 6.793365521150031 × 10^339 |
| 121 | ov_121 | 1.130396564910441 × 10^340 |
| 120 | ov_120 | 1.7830557747119576 × 10^340 |
| 119 | ov_119 | 2.691910007250211 × 10^340 |
| 118 | ov_118 | 3.918319707599926 × 10^340 |
| 117 | ov_117 | 5.5304233097415864 × 10^340 |
| 116 | ov_116 | 7.603159059212333 × 10^340 |
| 115 | ov_115 | 1.0218298557269555 × 10^341 |
| 114 | ov_114 | 1.346449587835952 × 10^341 |
| 113 | ov_113 | 1.7437356696314396 × 10^341 |
| 112 | ov_112 | 2.2239532438841673 × 10^341 |
| 111 | ov_111 | 2.798084507493544 × 10^341 |
| 110 | ov_110 | 3.4778448302790333 × 10^341 |
| 109 | ov_109 | 4.275703018684378 × 10^341 |
| 108 | ov_108 | 5.198480578254839 × 10^341 |
| 107 | ov_107 | 6.253411156210098 × 10^341 |
| 106 | ov_106 | 7.448159573024424 × 10^341 |
| 105 | ov_105 | 8.790843926388331 × 10^341 |
| 104 | ov_104 | 1.0290061028822648 × 10^342 |
| 103 | ov_103 | 1.195491545670249 × 10^342 |
| 102 | ov_102 | 1.3804157081901437 × 10^342 |
| 101 | ov_101 | 1.5857654388681897 × 10^342 |
| 100 | ov_100 | 1.813647337212042 × 10^342 |
| 99 | ov_099 | 2.0662965887711321 × 10^342 |
| 98 | ov_098 | 2.066298034533885 × 10^342 |
| 97 | ov_097 | 2.066303988635631 × 10^342 |
| 96 | aaa_78_29 | 2.1288832004616252 × 10^342 |
| 95 | aaa_78_28 | 5.656469981345288 × 10^342 |
| 94 | ov_094 | 1.7670888156095767 × 10^343 |
| 93 | ov_093 | 4.596474599034195 × 10^343 |
| 92 | ov_092 | 1.0427573634667246 × 10^344 |
| 91 | ov_091 | 2.1015779736375854 × 10^344 |
| 90 | ov_090 | 3.849812793760687 × 10^344 |
| 89 | ov_089 | 6.539334314401131 × 10^344 |
| 88 | ov_088 | 1.0460195688660191 × 10^345 |
| 87 | ov_087 | 1.594065502982763 × 10^345 |
| 86 | ov_086 | 2.334722068769562 × 10^345 |
| 85 | ov_085 | 3.30847285373902 × 10^345 |
| 84 | ov_084 | 4.559646501487246 × 10^345 |
| 83 | ov_083 | 6.136435233386423 × 10^345 |
| 82 | ov_082 | 8.090921502033828 × 10^345 |
| 81 | ov_081 | 1.0479114960386272 × 10^346 |
| 64 | lv_79_m31 | 1.073090367970052 × 10^346 |
| 80 | ov_080 | 1.3361002201152884 × 10^346 |
| 79 | ov_079 | 1.6800611992224796 × 10^346 |
| 78 | ov_078 | 2.0866099006031517 × 10^346 |
| 77 | ov_077 | 2.562984931420533 × 10^346 |
| 76 | ov_076 | 3.116861119443578 × 10^346 |
| 75 | ov_075 | 3.756365507471215 × 10^346 |
| 74 | ov_074 | 4.490096672229027 × 10^346 |
| 73 | ov_073 | 5.327147807190733 × 10^346 |
| 63 | ov_063 | 5.499315918280025 × 10^346 |
| 72 | ov_072 | 6.2771340381454135 × 10^346 |
| 71 | ov_071 | 7.35022440626001 × 10^346 |
| 70 | ov_070 | 8.557178852098517 × 10^346 |
| 69 | ov_069 | 9.909390490142187 × 10^346 |
| 68 | ov_068 | 1.1418933480633193 × 10^347 |
| 67 | ov_067 | 1.309861682372918 × 10^347 |
| 66 | ov_066 | 1.309863347227346 × 10^347 |
| 65 | ov_065 | 1.3098685261778272 × 10^347 |
| 62 | ov_062 | 2.8177293098939184 × 10^347 |
| 61 | ov_061 | 1.0259198015406289 × 10^348 |
| 60 | ov_060 | 2.9335966922633064 × 10^348 |
| 59 | ov_059 | 7.071478938134988 × 10^348 |
| 58 | ov_058 | 1.4992241238830008 × 10^349 |
| 57 | ov_057 | 2.8751358681136565 × 10^349 |
| 56 | ov_056 | 5.09071205145028 × 10^349 |
| 55 | ov_055 | 8.45206660594412 × 10^349 |
| 54 | ov_054 | 1.3315606817375848 × 10^350 |
| 53 | ov_053 | 2.0088051819001785 × 10^350 |
| 52 | ov_052 | 2.922647036901843 × 10^350 |
| 51 | ov_051 | 4.123835042888254 × 10^350 |
| 50 | ov_050 | 5.668171611278562 × 10^350 |
| 49 | ov_049 | 7.616531063206028 × 10^350 |
| 48 | ov_048 | 1.0034886691253092 × 10^351 |
| 32 | lv_80_m31 | 1.206177973575427 × 10^351 |
| 47 | ov_047 | 1.2994349061863691 × 10^351 |
| 46 | ov_046 | 1.6571218337694962 × 10^351 |
| 45 | ov_045 | 2.0847053705564904 × 10^351 |
| 44 | ov_044 | 2.590876330287846 × 10^351 |
| 43 | ov_043 | 3.1803914404765963 × 10^351 |
| 42 | ov_042 | 3.858291636509031 × 10^351 |
| 41 | ov_041 | 4.629911674774963 × 10^351 |
| 40 | ov_040 | 5.500891724668201 × 10^351 |
| 31 | ov_031 | 6.162830293478955 × 10^351 |
| 39 | ov_039 | 6.477191195659106 × 10^351 |
| 38 | ov_038 | 7.565105072166649 × 10^351 |
| 37 | ov_037 | 8.771283045908532 × 10^351 |
| 36 | ov_036 | 1.0109401444604664 × 10^352 |
| 35 | ov_035 | 1.1593916151446928 × 10^352 |
| 34 | ov_034 | 1.324011771300421 × 10^352 |
| 33 | ov_033 | 1.5064194359334857 × 10^352 |
| 30 | ov_030 | 3.1488309478926294 × 10^352 |
| 29 | ov_029 | 1.1437059116914096 × 10^353 |
| 28 | ov_028 | 3.2632779597887084 × 10^353 |
| 27 | ov_027 | 7.851035496462655 × 10^353 |
| 26 | ov_026 | 1.661785491173591 × 10^354 |
| 25 | ov_025 | 3.182629741611047 × 10^354 |
| 24 | ov_024 | 5.62906247275635 × 10^354 |
| 23 | ov_023 | 9.183178863854096 × 10^354 |
| 22 | ov_022 | 1.405467206269209 × 10^355 |
| 21 | ov_021 | 2.069054443919406 × 10^355 |
| 20 | ov_020 | 2.959306425273314 × 10^355 |
| 19 | ov_019 | 4.131985699064728 × 10^355 |
| 18 | ov_018 | 5.64840546541275 × 10^355 |
| 17 | ov_017 | 7.57545254696521 × 10^355 |
| 16 | ov_016 | 9.985621052745382 × 10^355 |
| 15 | ov_015 | 1.2957059787304081 × 10^356 |
| 14 | ov_014 | 1.65736368604793 × 10^356 |
| 13 | ov_013 | 2.092502535622321 × 10^356 |
| 12 | ov_012 | 2.6106814322894343 × 10^356 |
| 11 | ov_011 | 3.222064975259067 × 10^356 |
| 10 | ov_010 | 3.937441062413809 × 10^356 |
| 9 | ov_009 | 4.762690339614864 × 10^356 |
| 8 | ov_008 | 5.7040362780870006 × 10^356 |
| 7 | ov_007 | 6.76806236496257 × 10^356 |
| 6 | ov_006 | 7.961732398022958 × 10^356 |
| 5 | ov_005 | 9.292414117093365 × 10^356 |
| 4 | ov_004 | 1.076790637382853 × 10^357 |
| 3 | ov_003 | 1.2404268905054628 × 10^357 |
| 2 | ov_002 | 1.4218520413969413 × 10^357 |
| 1 | ov_001 | 1.6228712585014184 × 10^357 |

