# Results for F001-F002-F003-F004-F005-F006-F007-F008-F009-F010-F011-F012-F013-F014-F015-F016-F017-F018-F019-F020-F021-F022-F023-F024-F025-F026-F027-F028-F029-F030-F031-F032-F033-F034-F035-F036-F037-F038-F039-F040-F041-F042-F043-F044-F045-F046-F047-F048-F049-F050-F051-F052-F053-F054-F055-F056-F057-F058-F059-F060-F061-F062-F063-F064-F065-F066-F067-F068-F069-F070-F071-F072-F073-F074-F075-F076-F077-F078-F079-F080-F081-F082-F083-F084-F085-F086-F087-F088-F089-F090-F091-F092-F093-F094-F095-F096-F097-F098-F099-F100-F101-F102-F103-F104-F105-F106-F107-F108-F109-F110-F111-F112-F113-F114-F115-F116-F117-F118-F119-F120-F121-F122-F123-F124-F125-F126-F127-F128-F129-F130-F131-F132-F133-F134-F135-F136-F137-F138-F139-F140-F141-F142-F143-F144-F145-F146-F147-F148-F149-F150-F151-F152-F153-F154-F155-F156-F157-F158-F159-F160-F161-F162-F163-F164-F165-F166-F167-F168-F169-F170-F171-F172-F173-F174-F175-F176-F177-F178-F179-F180-F181-F182-F183-F184-F185-F186-F187-F188-F189-F190-F191-F192-F193-F194-F195-F196-F197-F198-F199-F200-F201-F202-F203-F204-F205-F206-F207-F208-F209-F210-F211-F212-F213-F214-F215-F216-F217-F218-F219-F220-F221-F222-F223-F224-F225-F226-F227-F228-F229-F230-F231-F232-F233-F234-F235-F236-F237-F238-F239-F240-F241-F242-F243-F244-F245-F246-F247-F248-F249-F250-F251-F252-F253-F254-F255-F256-F257-F258-F259-F260-F261-F262-F263-F264-F265-F266-F267-F268-F269-F270-F271-F272-F273-F274-F275-F276-F277-F278-F279-F280-F281-F282-F283-F284-F285-F286-F287-F288-F289-F290-F291-F292-F293-F294-F295-F296-F297-F298-F299-F300-F301-F302-F303-F304-F305-F306-F307-F308-F309-F310-F311-F312-F313-F314-F315-F316-F317-F318-F319-F320-F321-F322-F323-F324-F325-F326-F327-F328-F329-F330-F331-F332-F333-F334-F335-F336-F337-F338-F339-F340-F341-F342-F343-F344-F345-F346-F347-F348-F349-F350-F351-F352-F353-F354-F355-F356-F357-F358-F359-F360-F361-F362-F363-F364-F365-F366-F367-F368-F369-F370-F371-F372-F373-F374-F375-F376-F377-F378-F379-F380-F381-F382-F383-F384-F385-F386-F387-F388-F389-F390-F391-F392-F393-F394-F395-F396-F397-F398-F399-F400-F401-F402-F403-F404-F405-F406-F407-F408-F409-F410-F411-F412-F413-F414-F415-F416-F417-F418-F419-F420-F421-F422-F423-F424-F425-F426-F427-F428-F429-F430-F431-F432-F433-F434-F435-F436-F437-F438-F439-F440-F441-F442-F443-F444-F445-F446-F447-F448-F449-F450-F451-F452-F453-F454-F455-F456-F457-F458-F459-F460-F461-F462-F463-F464-F465-F466-F467-F468-F469-F470-F471-F472-F473-F474-F475-F476-F477-F478-F479-F480-F481-F482-F483-F484-F485-F486-F487-F488-F489-F490-F491-F492-F493-F494-F495-F496-E498506-F508-F509-F510-F511-F512

## Summary

Number of input bits: 512  
Number of free input bits: 10  
Number of output bits: 160

Number of direct occurrences: 39752  
Number of assignments: 30792  
Number of operations: 10677030
(xor: 10649134,
and: 14713,
or: 13183)

Total complexity: 9.332112172749082 × 10^295

Least occurring input variable: iv_502 (3822)  
Most occurring input variable: iv_498 (4167)

Most co-occurring input variables: iv_500-iv_501 (1995)  
Least co-occurring input variables: iv_502-iv_505 (1747)

Potentially most occurring input variable: iv_497/iv_498 (4497)  
Potentially least occurring input variable: iv_500/iv_501 (4054)

Least output occurring input variable: iv_498 (73)  
Most output occurring input variable: iv_505 (82)

Most output co-occurring input variables: iv_498-iv_499 (43)  
Least output co-occurring input variables: iv_498-iv_501 (31)

Potentially most output occurring input variable: iv_505/iv_507 (95)  
Potentially least output occurring input variable: iv_498/iv_499 (68)

Least complex input bit: iv_497 (5.550376431440172 × 10^293)  
Most complex input bit: iv_505 (2.707071255762276 × 10^295)

Least complex output bit: aaa_76_29 (2.3658440383940265 × 10^271)  
Most complex output bit: ov_001 (1.5058231023420701 × 10^295)

Least complex input/output complexity: iv_497/aaa_76_29 (1.4071117822083738 × 10^269)  
Most complex input/output complexity: iv_505/ov_001 (4.3681112712259237 × 10^294)

## Input Bits

### Input Bits in Regular Order

| Input Bit | Complexity | Occurrences | Output Occurrences |
|:---------:|:----------:|:-----------:|:------------------:|
| iv_497 | 5.550376431440172 × 10^293 | 3988 | 77 |
| iv_498 | 6.128702113806962 × 10^294 | 4167 | 73 |
| iv_499 | 1.9470291010457726 × 10^294 | 3877 | 81 |
| iv_500 | 3.262148337749301 × 10^294 | 4041 | 76 |
| iv_501 | 5.3408343123230406 × 10^294 | 4003 | 82 |
| iv_502 | 8.577883423948697 × 10^294 | 3822 | 82 |
| iv_503 | 1.3550917527419478 × 10^295 | 3987 | 75 |
| iv_504 | 2.1020594160970886 × 10^295 | 3868 | 78 |
| iv_505 | 2.707071255762276 × 10^295 | 3909 | 82 |
| iv_507 | 5.867262549459979 × 10^294 | 4090 | 81 |

### Input Bits Sorted by Complexity

| Input Bit | Complexity | Occurrences | Output Occurrences |
|:---------:|:----------:|:-----------:|:------------------:|
| iv_497 | 5.550376431440172 × 10^293 | 3988 | 77 |
| iv_499 | 1.9470291010457726 × 10^294 | 3877 | 81 |
| iv_500 | 3.262148337749301 × 10^294 | 4041 | 76 |
| iv_501 | 5.3408343123230406 × 10^294 | 4003 | 82 |
| iv_507 | 5.867262549459979 × 10^294 | 4090 | 81 |
| iv_498 | 6.128702113806962 × 10^294 | 4167 | 73 |
| iv_502 | 8.577883423948697 × 10^294 | 3822 | 82 |
| iv_503 | 1.3550917527419478 × 10^295 | 3987 | 75 |
| iv_504 | 2.1020594160970886 × 10^295 | 3868 | 78 |
| iv_505 | 2.707071255762276 × 10^295 | 3909 | 82 |

### Input Bits Sorted by Occurrences

| Input Bit | Complexity | Occurrences | Output Occurrences |
|:---------:|:----------:|:-----------:|:------------------:|
| iv_502 | 8.577883423948697 × 10^294 | 3822 | 82 |
| iv_504 | 2.1020594160970886 × 10^295 | 3868 | 78 |
| iv_499 | 1.9470291010457726 × 10^294 | 3877 | 81 |
| iv_505 | 2.707071255762276 × 10^295 | 3909 | 82 |
| iv_503 | 1.3550917527419478 × 10^295 | 3987 | 75 |
| iv_497 | 5.550376431440172 × 10^293 | 3988 | 77 |
| iv_501 | 5.3408343123230406 × 10^294 | 4003 | 82 |
| iv_500 | 3.262148337749301 × 10^294 | 4041 | 76 |
| iv_507 | 5.867262549459979 × 10^294 | 4090 | 81 |
| iv_498 | 6.128702113806962 × 10^294 | 4167 | 73 |

### Input Bits Sorted by Output Occurrences

| Input Bit | Complexity | Occurrences | Output Occurrences |
|:---------:|:----------:|:-----------:|:------------------:|
| iv_498 | 6.128702113806962 × 10^294 | 4167 | 73 |
| iv_503 | 1.3550917527419478 × 10^295 | 3987 | 75 |
| iv_500 | 3.262148337749301 × 10^294 | 4041 | 76 |
| iv_497 | 5.550376431440172 × 10^293 | 3988 | 77 |
| iv_504 | 2.1020594160970886 × 10^295 | 3868 | 78 |
| iv_499 | 1.9470291010457726 × 10^294 | 3877 | 81 |
| iv_507 | 5.867262549459979 × 10^294 | 4090 | 81 |
| iv_502 | 8.577883423948697 × 10^294 | 3822 | 82 |
| iv_501 | 5.3408343123230406 × 10^294 | 4003 | 82 |
| iv_505 | 2.707071255762276 × 10^295 | 3909 | 82 |

## Input Bit Co-occurrences

### Input Bit Co-occurrences Sorted by Co-occurrences

| Input Bits | Co-occurrences | Potential Occurrences | Output Co-occurrences | Potential Output Occurrences |
|:----------:|:--------------:|:---------------------:|:---------------------:|:----------------------------:|
| iv_500-iv_501 | 1995 | 4054 | 39 | 80 |
| iv_498-iv_500 | 1952 | 4304 | 38 | 73 |
| iv_500-iv_507 | 1947 | 4237 | 37 | 83 |
| iv_497-iv_503 | 1945 | 4085 | 37 | 78 |
| iv_503-iv_507 | 1937 | 4203 | 39 | 78 |
| iv_497-iv_500 | 1931 | 4167 | 35 | 83 |
| iv_501-iv_507 | 1925 | 4243 | 38 | 87 |
| iv_498-iv_507 | 1911 | 4435 | 38 | 78 |
| iv_500-iv_503 | 1909 | 4210 | 39 | 73 |
| iv_498-iv_503 | 1900 | 4354 | 35 | 78 |

### Input Bit Co-occurrences Sorted by Potential Occurrences

| Input Bits | Co-occurrences | Potential Occurrences | Output Co-occurrences | Potential Output Occurrences |
|:----------:|:--------------:|:---------------------:|:---------------------:|:----------------------------:|
| iv_500-iv_501 | 1995 | 4054 | 39 | 80 |
| iv_501-iv_504 | 1895 | 4081 | 40 | 80 |
| iv_497-iv_503 | 1945 | 4085 | 37 | 78 |
| iv_499-iv_505 | 1850 | 4086 | 37 | 89 |
| iv_499-iv_504 | 1827 | 4091 | 38 | 83 |
| iv_497-iv_505 | 1896 | 4105 | 43 | 73 |
| iv_504-iv_505 | 1819 | 4139 | 36 | 88 |
| iv_497-iv_499 | 1862 | 4141 | 40 | 78 |
| iv_502-iv_504 | 1768 | 4154 | 42 | 76 |
| iv_500-iv_504 | 1874 | 4161 | 38 | 78 |

### Input Bit Output Co-occurrences Sorted by Output Co-occurrences

| Input Bits | Co-occurrences | Potential Occurrences | Output Co-occurrences | Potential Output Occurrences |
|:----------:|:--------------:|:---------------------:|:---------------------:|:----------------------------:|
| iv_499-iv_501 | 1847 | 4186 | 43 | 77 |
| iv_501-iv_502 | 1792 | 4241 | 43 | 78 |
| iv_497-iv_505 | 1896 | 4105 | 43 | 73 |
| iv_501-iv_505 | 1833 | 4246 | 43 | 78 |
| iv_498-iv_499 | 1865 | 4314 | 43 | 68 |
| iv_502-iv_504 | 1768 | 4154 | 42 | 76 |
| iv_499-iv_500 | 1857 | 4204 | 42 | 73 |
| iv_499-iv_507 | 1883 | 4201 | 42 | 78 |
| iv_502-iv_505 | 1747 | 4237 | 42 | 80 |
| iv_502-iv_507 | 1860 | 4192 | 41 | 81 |

### Input Bit Output Co-occurrences Sorted by Potential Output Occurrences

| Input Bits | Co-occurrences | Potential Occurrences | Output Co-occurrences | Potential Output Occurrences |
|:----------:|:--------------:|:---------------------:|:---------------------:|:----------------------------:|
| iv_498-iv_499 | 1865 | 4314 | 43 | 68 |
| iv_497-iv_498 | 1829 | 4497 | 40 | 70 |
| iv_499-iv_500 | 1857 | 4204 | 42 | 73 |
| iv_497-iv_505 | 1896 | 4105 | 43 | 73 |
| iv_498-iv_500 | 1952 | 4304 | 38 | 73 |
| iv_500-iv_503 | 1909 | 4210 | 39 | 73 |
| iv_502-iv_504 | 1768 | 4154 | 42 | 76 |
| iv_499-iv_501 | 1847 | 4186 | 43 | 77 |
| iv_502-iv_503 | 1770 | 4269 | 40 | 77 |
| iv_504-iv_507 | 1881 | 4196 | 41 | 77 |

## Output Bits

### Output Bits in Regular Order

| Rank | Output Bit | Complexity |
|:----:|:----------:|:----------:|
| 1 | ov_001 | 1.5058231023420701 × 10^295 |
| 2 | ov_002 | 1.3039497229789384 × 10^295 |
| 3 | ov_003 | 1.1233056277842844 × 10^295 |
| 4 | ov_004 | 9.62271907683938 × 10^294 |
| 5 | ov_005 | 8.193179307101963 × 10^294 |
| 6 | ov_006 | 6.929950010408389 × 10^294 |
| 7 | ov_007 | 5.819308441654518 × 10^294 |
| 8 | ov_008 | 4.848248687871231 × 10^294 |
| 9 | ov_009 | 4.004441440831738 × 10^294 |
| 10 | ov_010 | 3.276200196766001 × 10^294 |
| 11 | ov_011 | 2.6524531482449443 × 10^294 |
| 12 | ov_012 | 2.1227200751992923 × 10^294 |
| 13 | ov_013 | 1.677093583186551 × 10^294 |
| 14 | ov_014 | 1.3062240775900848 × 10^294 |
| 15 | ov_015 | 1.0013079025688083 × 10^294 |
| 16 | ov_016 | 7.54078113387 × 10^293 |
| 17 | ov_017 | 5.56797390327416 × 10^293 |
| 18 | ov_018 | 4.0225264179202726 × 10^293 |
| 19 | ov_019 | 2.837509043956242 × 10^293 |
| 20 | ov_020 | 1.951162473756347 × 10^293 |
| 21 | ov_021 | 1.3068748077396607 × 10^293 |
| 22 | ov_022 | 8.531650977124076 × 10^292 |
| 23 | ov_023 | 5.436719709612741 × 10^292 |
| 24 | ov_024 | 3.371461496684966 × 10^292 |
| 25 | ov_025 | 1.9744587552347058 × 10^292 |
| 26 | ov_026 | 1.077767310089418 × 10^292 |
| 27 | ov_027 | 5.38963898223001 × 10^291 |
| 28 | ov_028 | 2.4114271089174033 × 10^291 |
| 29 | ov_029 | 9.291421084024293 × 10^290 |
| 30 | ov_030 | 2.8404822416908538 × 10^290 |
| 31 | ov_031 | 5.540748646295194 × 10^289 |
| 32 | lv_80_m31 | 1.0806565117092563 × 10^289 |
| 33 | ov_033 | 1.2925913840692962 × 10^290 |
| 34 | ov_034 | 1.1209793289145603 × 10^290 |
| 35 | ov_035 | 9.67472988398976 × 10^289 |
| 36 | ov_036 | 8.305392451527711 × 10^289 |
| 37 | ov_037 | 7.087269852449631 × 10^289 |
| 38 | ov_038 | 6.00661334064353 × 10^289 |
| 39 | ov_039 | 5.05038693286966 × 10^289 |
| 40 | ov_040 | 4.2062249900078223 × 10^289 |
| 41 | ov_041 | 3.4681074027122767 × 10^289 |
| 42 | ov_042 | 2.8303230276299306 × 10^289 |
| 43 | ov_043 | 2.2874559409114305 × 10^289 |
| 44 | ov_044 | 1.8295166113307028 × 10^289 |
| 45 | ov_045 | 1.4470572368275255 × 10^289 |
| 46 | ov_046 | 1.1311583802441917 × 10^289 |
| 47 | ov_047 | 8.734184653124566 × 10^288 |
| 48 | ov_048 | 6.659456683506163 × 10^288 |
| 49 | ov_049 | 5.0135177699113145 × 10^288 |
| 50 | ov_050 | 3.727476224564281 × 10^288 |
| 51 | ov_051 | 2.7373972658094145 × 10^288 |
| 52 | ov_052 | 1.98427855107368 × 10^288 |
| 53 | ov_053 | 1.414032488072177 × 10^288 |
| 54 | ov_054 | 9.774737749612533 × 10^287 |
| 55 | ov_055 | 6.512340626547841 × 10^287 |
| 56 | ov_056 | 4.143902588398941 × 10^287 |
| 57 | ov_057 | 2.4846244385556753 × 10^287 |
| 58 | ov_058 | 1.3741265986286467 × 10^287 |
| 59 | ov_059 | 6.764426772151577 × 10^286 |
| 60 | ov_060 | 2.8001648542728915 × 10^286 |
| 61 | ov_061 | 9.770093650113814 × 10^285 |
| 62 | ov_062 | 2.6770538633442777 × 10^285 |
| 63 | ov_063 | 5.211305092162203 × 10^284 |
| 64 | lv_79_m31 | 1.0142292854487966 × 10^284 |
| 65 | ov_065 | 1.2001268915903248 × 10^285 |
| 66 | ov_066 | 1.2001229289835809 × 10^285 |
| 67 | ov_067 | 1.2001219590901058 × 10^285 |
| 68 | ov_068 | 1.0343529475846285 × 10^285 |
| 69 | ov_069 | 8.868303538417755 × 10^284 |
| 70 | ov_070 | 7.560537086401009 × 10^284 |
| 71 | ov_071 | 6.406149139664479 × 10^284 |
| 72 | ov_072 | 5.3919198529493485 × 10^284 |
| 73 | ov_073 | 4.505433461107439 × 10^284 |
| 74 | ov_074 | 3.735026457677722 × 10^284 |
| 75 | ov_075 | 3.0697407282987598 × 10^284 |
| 76 | ov_076 | 2.499281369082595 × 10^284 |
| 77 | ov_077 | 2.0139789269941173 × 10^284 |
| 78 | ov_078 | 1.6047558047400335 × 10^284 |
| 79 | ov_079 | 1.2630965769071238 × 10^284 |
| 80 | ov_080 | 9.810219673171217 × 10^283 |
| 81 | ov_081 | 7.510662399847237 × 10^283 |
| 82 | ov_082 | 5.662577578558276 × 10^283 |
| 83 | ov_083 | 4.2010246481810595 × 10^283 |
| 84 | ov_084 | 3.0657004743225947 × 10^283 |
| 85 | ov_085 | 2.20082533513393 × 10^283 |
| 86 | ov_086 | 1.5550508516109097 × 10^283 |
| 87 | ov_087 | 1.0813874414619263 × 10^283 |
| 88 | ov_088 | 7.37148877556447 × 10^282 |
| 89 | ov_089 | 4.8391153309427157 × 10^282 |
| 90 | ov_090 | 3.03524992778468 × 10^282 |
| 91 | ov_091 | 1.7995016006398552 × 10^282 |
| 92 | ov_092 | 9.925210174346609 × 10^281 |
| 93 | ov_093 | 4.959602661673216 × 10^281 |
| 94 | ov_094 | 2.1245310088362106 × 10^281 |
| 95 | aaa_78_28 | 6.56068794835334 × 10^280 |
| 96 | aaa_78_29 | 2.0149763185652781 × 10^280 |
| 97 | ov_097 | 1.3309733787418269 × 10^280 |
| 98 | ov_098 | 1.3309336828000066 × 10^280 |
| 99 | ov_099 | 1.330921017294763 × 10^280 |
| 100 | ov_100 | 1.197819831959496 × 10^280 |
| 101 | ov_101 | 1.074507543172975 × 10^280 |
| 102 | ov_102 | 9.604518194484493 × 10^279 |
| 103 | ov_103 | 8.551591880341608 × 10^279 |
| 104 | ov_104 | 7.581698404024466 × 10^279 |
| 105 | ov_105 | 6.690529222039718 × 10^279 |
| 106 | ov_106 | 5.87402283297901 × 10^279 |
| 107 | ov_107 | 5.1283266424491304 × 10^279 |
| 108 | ov_108 | 4.44976296252917 × 10^279 |
| 109 | ov_109 | 3.8347989202257787 × 10^279 |
| 110 | ov_110 | 3.280020052755313 × 10^279 |
| 111 | ov_111 | 2.782107369857162 × 10^279 |
| 112 | ov_112 | 2.337817664951121 × 10^279 |
| 113 | ov_113 | 1.943966857991561 × 10^279 |
| 114 | ov_114 | 1.5974161535210277 × 10^279 |
| 115 | ov_115 | 1.2950607978360626 × 10^279 |
| 116 | ov_116 | 1.0338212194542264 × 10^279 |
| 117 | ov_117 | 8.106363372703814 × 10^278 |
| 118 | ov_118 | 6.224586172909021 × 10^278 |
| 119 | ov_119 | 4.6625028219987684 × 10^278 |
| 120 | ov_120 | 3.389803355356234 × 10^278 |
| 121 | ov_121 | 2.3762229284065385 × 10^278 |
| 122 | ov_122 | 1.5915251216314232 × 10^278 |
| 123 | ov_123 | 1.0054901629352603 × 10^278 |
| 124 | ov_124 | 5.879069911967167 × 10^277 |
| 125 | ov_125 | 3.0856834551087273 × 10^277 |
| 126 | ov_126 | 1.3726826356975095 × 10^277 |
| 127 | aaa_77_28 | 4.380112284176153 × 10^276 |
| 128 | aaa_77_29 | 1.6403048656785824 × 10^276 |
| 129 | ov_129 | 1.5009609791428568 × 10^276 |
| 130 | ov_130 | 1.5009563793767812 × 10^276 |
| 131 | ov_131 | 1.5009552697475154 × 10^276 |
| 132 | ov_132 | 1.2970921745777702 × 10^276 |
| 133 | ov_133 | 1.1149215155469162 × 10^276 |
| 134 | ov_134 | 9.527935312445478 × 10^275 |
| 135 | ov_135 | 8.091442179412322 × 10^275 |
| 136 | ov_136 | 6.82489165495494 × 10^275 |
| 137 | ov_137 | 5.71418318586083 × 10^275 |
| 138 | ov_138 | 4.745915696717063 × 10^275 |
| 139 | ov_139 | 3.9073509474135436 × 10^275 |
| 140 | ov_140 | 3.18638347468484 × 10^275 |
| 141 | ov_141 | 2.5715163185133327 × 10^275 |
| 142 | ov_142 | 2.0518417783340053 × 10^275 |
| 143 | ov_143 | 1.617026487709389 × 10^275 |
| 144 | ov_144 | 1.2573001396152297 × 10^275 |
| 145 | ov_145 | 9.63447237781148 × 10^274 |
| 146 | ov_146 | 7.268012927168431 × 10^274 |
| 147 | ov_147 | 5.392409241534392 × 10^274 |
| 148 | ov_148 | 3.9318737466250555 × 10^274 |
| 149 | ov_149 | 2.8160298219706305 × 10^274 |
| 150 | ov_150 | 1.9799022245991183 × 10^274 |
| 151 | ov_151 | 1.3639105043199412 × 10^274 |
| 152 | ov_152 | 9.138641315872016 × 10^273 |
| 153 | ov_153 | 5.809589213175316 × 10^273 |
| 154 | ov_154 | 3.421389943586167 × 10^273 |
| 155 | ov_155 | 1.770398878507341 × 10^273 |
| 156 | aaa_76_25 | 6.798796531468959 × 10^272 |
| 157 | aaa_76_26 | 3.921692807943137 × 10^272 |
| 158 | aaa_76_27 | 2.004860712290817 × 10^272 |
| 159 | aaa_76_28 | 7.792813871587338 × 10^271 |
| 160 | aaa_76_29 | 2.3658440383940265 × 10^271 |

### Output Bits Sorted by Complexity

| Rank | Output Bit | Complexity |
|:----:|:----------:|:----------:|
| 160 | aaa_76_29 | 2.3658440383940265 × 10^271 |
| 159 | aaa_76_28 | 7.792813871587338 × 10^271 |
| 158 | aaa_76_27 | 2.004860712290817 × 10^272 |
| 157 | aaa_76_26 | 3.921692807943137 × 10^272 |
| 156 | aaa_76_25 | 6.798796531468959 × 10^272 |
| 155 | ov_155 | 1.770398878507341 × 10^273 |
| 154 | ov_154 | 3.421389943586167 × 10^273 |
| 153 | ov_153 | 5.809589213175316 × 10^273 |
| 152 | ov_152 | 9.138641315872016 × 10^273 |
| 151 | ov_151 | 1.3639105043199412 × 10^274 |
| 150 | ov_150 | 1.9799022245991183 × 10^274 |
| 149 | ov_149 | 2.8160298219706305 × 10^274 |
| 148 | ov_148 | 3.9318737466250555 × 10^274 |
| 147 | ov_147 | 5.392409241534392 × 10^274 |
| 146 | ov_146 | 7.268012927168431 × 10^274 |
| 145 | ov_145 | 9.63447237781148 × 10^274 |
| 144 | ov_144 | 1.2573001396152297 × 10^275 |
| 143 | ov_143 | 1.617026487709389 × 10^275 |
| 142 | ov_142 | 2.0518417783340053 × 10^275 |
| 141 | ov_141 | 2.5715163185133327 × 10^275 |
| 140 | ov_140 | 3.18638347468484 × 10^275 |
| 139 | ov_139 | 3.9073509474135436 × 10^275 |
| 138 | ov_138 | 4.745915696717063 × 10^275 |
| 137 | ov_137 | 5.71418318586083 × 10^275 |
| 136 | ov_136 | 6.82489165495494 × 10^275 |
| 135 | ov_135 | 8.091442179412322 × 10^275 |
| 134 | ov_134 | 9.527935312445478 × 10^275 |
| 133 | ov_133 | 1.1149215155469162 × 10^276 |
| 132 | ov_132 | 1.2970921745777702 × 10^276 |
| 131 | ov_131 | 1.5009552697475154 × 10^276 |
| 130 | ov_130 | 1.5009563793767812 × 10^276 |
| 129 | ov_129 | 1.5009609791428568 × 10^276 |
| 128 | aaa_77_29 | 1.6403048656785824 × 10^276 |
| 127 | aaa_77_28 | 4.380112284176153 × 10^276 |
| 126 | ov_126 | 1.3726826356975095 × 10^277 |
| 125 | ov_125 | 3.0856834551087273 × 10^277 |
| 124 | ov_124 | 5.879069911967167 × 10^277 |
| 123 | ov_123 | 1.0054901629352603 × 10^278 |
| 122 | ov_122 | 1.5915251216314232 × 10^278 |
| 121 | ov_121 | 2.3762229284065385 × 10^278 |
| 120 | ov_120 | 3.389803355356234 × 10^278 |
| 119 | ov_119 | 4.6625028219987684 × 10^278 |
| 118 | ov_118 | 6.224586172909021 × 10^278 |
| 117 | ov_117 | 8.106363372703814 × 10^278 |
| 116 | ov_116 | 1.0338212194542264 × 10^279 |
| 115 | ov_115 | 1.2950607978360626 × 10^279 |
| 114 | ov_114 | 1.5974161535210277 × 10^279 |
| 113 | ov_113 | 1.943966857991561 × 10^279 |
| 112 | ov_112 | 2.337817664951121 × 10^279 |
| 111 | ov_111 | 2.782107369857162 × 10^279 |
| 110 | ov_110 | 3.280020052755313 × 10^279 |
| 109 | ov_109 | 3.8347989202257787 × 10^279 |
| 108 | ov_108 | 4.44976296252917 × 10^279 |
| 107 | ov_107 | 5.1283266424491304 × 10^279 |
| 106 | ov_106 | 5.87402283297901 × 10^279 |
| 105 | ov_105 | 6.690529222039718 × 10^279 |
| 104 | ov_104 | 7.581698404024466 × 10^279 |
| 103 | ov_103 | 8.551591880341608 × 10^279 |
| 102 | ov_102 | 9.604518194484493 × 10^279 |
| 101 | ov_101 | 1.074507543172975 × 10^280 |
| 100 | ov_100 | 1.197819831959496 × 10^280 |
| 99 | ov_099 | 1.330921017294763 × 10^280 |
| 98 | ov_098 | 1.3309336828000066 × 10^280 |
| 97 | ov_097 | 1.3309733787418269 × 10^280 |
| 96 | aaa_78_29 | 2.0149763185652781 × 10^280 |
| 95 | aaa_78_28 | 6.56068794835334 × 10^280 |
| 94 | ov_094 | 2.1245310088362106 × 10^281 |
| 93 | ov_093 | 4.959602661673216 × 10^281 |
| 92 | ov_092 | 9.925210174346609 × 10^281 |
| 91 | ov_091 | 1.7995016006398552 × 10^282 |
| 90 | ov_090 | 3.03524992778468 × 10^282 |
| 89 | ov_089 | 4.8391153309427157 × 10^282 |
| 88 | ov_088 | 7.37148877556447 × 10^282 |
| 87 | ov_087 | 1.0813874414619263 × 10^283 |
| 86 | ov_086 | 1.5550508516109097 × 10^283 |
| 85 | ov_085 | 2.20082533513393 × 10^283 |
| 84 | ov_084 | 3.0657004743225947 × 10^283 |
| 83 | ov_083 | 4.2010246481810595 × 10^283 |
| 82 | ov_082 | 5.662577578558276 × 10^283 |
| 81 | ov_081 | 7.510662399847237 × 10^283 |
| 80 | ov_080 | 9.810219673171217 × 10^283 |
| 64 | lv_79_m31 | 1.0142292854487966 × 10^284 |
| 79 | ov_079 | 1.2630965769071238 × 10^284 |
| 78 | ov_078 | 1.6047558047400335 × 10^284 |
| 77 | ov_077 | 2.0139789269941173 × 10^284 |
| 76 | ov_076 | 2.499281369082595 × 10^284 |
| 75 | ov_075 | 3.0697407282987598 × 10^284 |
| 74 | ov_074 | 3.735026457677722 × 10^284 |
| 73 | ov_073 | 4.505433461107439 × 10^284 |
| 63 | ov_063 | 5.211305092162203 × 10^284 |
| 72 | ov_072 | 5.3919198529493485 × 10^284 |
| 71 | ov_071 | 6.406149139664479 × 10^284 |
| 70 | ov_070 | 7.560537086401009 × 10^284 |
| 69 | ov_069 | 8.868303538417755 × 10^284 |
| 68 | ov_068 | 1.0343529475846285 × 10^285 |
| 67 | ov_067 | 1.2001219590901058 × 10^285 |
| 66 | ov_066 | 1.2001229289835809 × 10^285 |
| 65 | ov_065 | 1.2001268915903248 × 10^285 |
| 62 | ov_062 | 2.6770538633442777 × 10^285 |
| 61 | ov_061 | 9.770093650113814 × 10^285 |
| 60 | ov_060 | 2.8001648542728915 × 10^286 |
| 59 | ov_059 | 6.764426772151577 × 10^286 |
| 58 | ov_058 | 1.3741265986286467 × 10^287 |
| 57 | ov_057 | 2.4846244385556753 × 10^287 |
| 56 | ov_056 | 4.143902588398941 × 10^287 |
| 55 | ov_055 | 6.512340626547841 × 10^287 |
| 54 | ov_054 | 9.774737749612533 × 10^287 |
| 53 | ov_053 | 1.414032488072177 × 10^288 |
| 52 | ov_052 | 1.98427855107368 × 10^288 |
| 51 | ov_051 | 2.7373972658094145 × 10^288 |
| 50 | ov_050 | 3.727476224564281 × 10^288 |
| 49 | ov_049 | 5.0135177699113145 × 10^288 |
| 48 | ov_048 | 6.659456683506163 × 10^288 |
| 47 | ov_047 | 8.734184653124566 × 10^288 |
| 32 | lv_80_m31 | 1.0806565117092563 × 10^289 |
| 46 | ov_046 | 1.1311583802441917 × 10^289 |
| 45 | ov_045 | 1.4470572368275255 × 10^289 |
| 44 | ov_044 | 1.8295166113307028 × 10^289 |
| 43 | ov_043 | 2.2874559409114305 × 10^289 |
| 42 | ov_042 | 2.8303230276299306 × 10^289 |
| 41 | ov_041 | 3.4681074027122767 × 10^289 |
| 40 | ov_040 | 4.2062249900078223 × 10^289 |
| 39 | ov_039 | 5.05038693286966 × 10^289 |
| 31 | ov_031 | 5.540748646295194 × 10^289 |
| 38 | ov_038 | 6.00661334064353 × 10^289 |
| 37 | ov_037 | 7.087269852449631 × 10^289 |
| 36 | ov_036 | 8.305392451527711 × 10^289 |
| 35 | ov_035 | 9.67472988398976 × 10^289 |
| 34 | ov_034 | 1.1209793289145603 × 10^290 |
| 33 | ov_033 | 1.2925913840692962 × 10^290 |
| 30 | ov_030 | 2.8404822416908538 × 10^290 |
| 29 | ov_029 | 9.291421084024293 × 10^290 |
| 28 | ov_028 | 2.4114271089174033 × 10^291 |
| 27 | ov_027 | 5.38963898223001 × 10^291 |
| 26 | ov_026 | 1.077767310089418 × 10^292 |
| 25 | ov_025 | 1.9744587552347058 × 10^292 |
| 24 | ov_024 | 3.371461496684966 × 10^292 |
| 23 | ov_023 | 5.436719709612741 × 10^292 |
| 22 | ov_022 | 8.531650977124076 × 10^292 |
| 21 | ov_021 | 1.3068748077396607 × 10^293 |
| 20 | ov_020 | 1.951162473756347 × 10^293 |
| 19 | ov_019 | 2.837509043956242 × 10^293 |
| 18 | ov_018 | 4.0225264179202726 × 10^293 |
| 17 | ov_017 | 5.56797390327416 × 10^293 |
| 16 | ov_016 | 7.54078113387 × 10^293 |
| 15 | ov_015 | 1.0013079025688083 × 10^294 |
| 14 | ov_014 | 1.3062240775900848 × 10^294 |
| 13 | ov_013 | 1.677093583186551 × 10^294 |
| 12 | ov_012 | 2.1227200751992923 × 10^294 |
| 11 | ov_011 | 2.6524531482449443 × 10^294 |
| 10 | ov_010 | 3.276200196766001 × 10^294 |
| 9 | ov_009 | 4.004441440831738 × 10^294 |
| 8 | ov_008 | 4.848248687871231 × 10^294 |
| 7 | ov_007 | 5.819308441654518 × 10^294 |
| 6 | ov_006 | 6.929950010408389 × 10^294 |
| 5 | ov_005 | 8.193179307101963 × 10^294 |
| 4 | ov_004 | 9.62271907683938 × 10^294 |
| 3 | ov_003 | 1.1233056277842844 × 10^295 |
| 2 | ov_002 | 1.3039497229789384 × 10^295 |
| 1 | ov_001 | 1.5058231023420701 × 10^295 |

