# Results for F001-F002-F003-F004-F005-F006-F007-F008-F009-F010-F011-F012-F013-F014-F015-F016-F017-F018-F019-F020-F021-F022-F023-F024-F025-F026-F027-F028-F029-F030-F031-F032-F033-F034-F035-F036-F037-F038-F039-F040-F041-F042-F043-F044-F045-F046-F047-F048-F049-F050-F051-F052-F053-F054-F055-F056-F057-F058-F059-F060-F061-F062-F063-F064-F065-F066-F067-F068-F069-F070-F071-F072-F073-F074-F075-F076-F077-F078-F079-F080-F081-F082-F083-F084-F085-F086-F087-F088-F089-F090-F091-F092-F093-F094-F095-F096-F097-F098-F099-F100-F101-F102-F103-F104-F105-F106-F107-F108-F109-F110-F111-F112-F113-F114-F115-F116-F117-F118-F119-F120-F121-F122-F123-F124-F125-F126-F127-F128-F129-F130-F131-F132-F133-F134-F135-F136-F137-F138-F139-F140-F141-F142-F143-F144-F145-F146-F147-F148-F149-F150-F151-F152-F153-F154-F155-F156-F157-F158-F159-F160-F161-F162-F163-F164-F165-F166-F167-F168-F169-F170-F171-F172-F173-F174-F175-F176-F177-F178-F179-F180-F181-F182-F183-F184-F185-F186-F187-F188-F189-F190-F191-F192-F193-F194-F195-F196-F197-F198-F199-F200-F201-F202-F203-F204-F205-F206-F207-F208-F209-F210-F211-F212-F213-F214-F215-F216-F217-F218-F219-F220-F221-F222-F223-F224-F225-F226-F227-F228-F229-F230-F231-F232-F233-F234-F235-F236-F237-F238-F239-F240-F241-F242-F243-F244-F245-F246-F247-F248-F249-F250-F251-F252-F253-F254-F255-F256-F257-F258-F259-F260-F261-F262-F263-F264-F265-F266-F267-F268-F269-F270-F271-F272-F273-F274-F275-F276-F277-F278-F279-F280-F281-F282-F283-F284-F285-F286-F287-F288-F289-F290-F291-F292-F293-F294-F295-F296-F297-F298-F299-F300-F301-F302-F303-F304-F305-F306-F307-F308-F309-F310-F311-F312-F313-F314-F315-F316-F317-F318-F319-F320-F321-F322-F323-F324-F325-F326-F327-F328-F329-F330-F331-F332-F333-F334-F335-F336-F337-F338-F339-F340-F341-F342-F343-F344-F345-F346-F347-F348-F349-F350-F351-F352-F353-F354-F355-F356-F357-F358-F359-F360-F361-F362-F363-F364-F365-F366-F367-F368-F369-F370-F371-F372-F373-F374-F375-F376-F377-F378-F379-F380-F381-F382-F383-F384-F385-F386-F387-F388-F389-F390-F391-F392-F393-F394-F395-F396-F397-F398-F399-F400-F401-F402-F403-F404-F405-F406-F407-F408-F409-F410-F411-F412-F413-F414-F415-F416-F417-F418-F419-F420-F421-F422-F423-F424-F425-F426-F427-F428-F429-F430-F431-F432-F433-F434-F435-F436-F437-F438-F439-F440-F441-F442-F443-F444-F445-F446-F447-F448-F449-F450-F451-F452-F453-F454-F455-F456-F457-F458-F459-F460-F461-F462-F463-F464-F465-F466-F467-F468-F469-F470-F471-F472-F473-F474-F475-F476-F477-F478-F479-F480-F481-F482-F483-F484-F485-F486-F487-F488-F489-F490-F491-F492-F493-F494-F495-F496-E499505-T502-F509-F510-F511-F512

## Summary

Number of input bits: 512  
Number of free input bits: 10  
Number of output bits: 160

Number of direct occurrences: 40995  
Number of assignments: 31201  
Number of operations: 11260267
(xor: 11231862,
and: 15077,
or: 13328)

Total complexity: 7.560759278660578 × 10^302

Least occurring input variable: iv_506 (3959)  
Most occurring input variable: iv_499 (4340)

Most co-occurring input variables: iv_499-iv_507 (2072)  
Least co-occurring input variables: iv_506-iv_508 (1845)

Potentially most occurring input variable: iv_499/iv_508 (4622)  
Potentially least occurring input variable: iv_504/iv_506 (4167)

Least output occurring input variable: iv_501 (75)  
Most output occurring input variable: iv_507 (89)

Most output co-occurring input variables: iv_500-iv_507 (51)  
Least output co-occurring input variables: iv_501-iv_506 (33)

Potentially most output occurring input variable: iv_498/iv_507 (93)  
Potentially least output occurring input variable: iv_503/iv_506 (67)

Least complex input bit: iv_497 (1.880119722909774 × 10^300)  
Most complex input bit: iv_499 (1.724901794505215 × 10^302)

Least complex output bit: aaa_76_29 (6.57095131117386 × 10^277)  
Most complex output bit: ov_001 (1.2095716213383388 × 10^302)

Least complex input/output complexity: iv_497/aaa_76_29 (1.6339860459896055 × 10^275)  
Most complex input/output complexity: iv_499/ov_001 (2.7595009751437227 × 10^301)

## Input Bits

### Input Bits in Regular Order

| Input Bit | Complexity | Occurrences | Output Occurrences |
|:---------:|:----------:|:-----------:|:------------------:|
| iv_497 | 1.880119722909774 × 10^300 | 4186 | 89 |
| iv_498 | 2.6536731367329197 × 10^300 | 3986 | 76 |
| iv_499 | 1.724901794505215 × 10^302 | 4340 | 88 |
| iv_500 | 7.532158131565307 × 10^300 | 4066 | 84 |
| iv_501 | 1.2485596471937228 × 10^301 | 4065 | 75 |
| iv_503 | 5.108846031395703 × 10^301 | 4117 | 82 |
| iv_504 | 9.824988658030176 × 10^301 | 3994 | 84 |
| iv_506 | 1.0096561611212774 × 10^302 | 3959 | 81 |
| iv_507 | 1.428673079827152 × 10^302 | 4136 | 89 |
| iv_508 | 1.658629299632894 × 10^302 | 4146 | 81 |

### Input Bits Sorted by Complexity

| Input Bit | Complexity | Occurrences | Output Occurrences |
|:---------:|:----------:|:-----------:|:------------------:|
| iv_497 | 1.880119722909774 × 10^300 | 4186 | 89 |
| iv_498 | 2.6536731367329197 × 10^300 | 3986 | 76 |
| iv_500 | 7.532158131565307 × 10^300 | 4066 | 84 |
| iv_501 | 1.2485596471937228 × 10^301 | 4065 | 75 |
| iv_503 | 5.108846031395703 × 10^301 | 4117 | 82 |
| iv_504 | 9.824988658030176 × 10^301 | 3994 | 84 |
| iv_506 | 1.0096561611212774 × 10^302 | 3959 | 81 |
| iv_507 | 1.428673079827152 × 10^302 | 4136 | 89 |
| iv_508 | 1.658629299632894 × 10^302 | 4146 | 81 |
| iv_499 | 1.724901794505215 × 10^302 | 4340 | 88 |

### Input Bits Sorted by Occurrences

| Input Bit | Complexity | Occurrences | Output Occurrences |
|:---------:|:----------:|:-----------:|:------------------:|
| iv_506 | 1.0096561611212774 × 10^302 | 3959 | 81 |
| iv_498 | 2.6536731367329197 × 10^300 | 3986 | 76 |
| iv_504 | 9.824988658030176 × 10^301 | 3994 | 84 |
| iv_501 | 1.2485596471937228 × 10^301 | 4065 | 75 |
| iv_500 | 7.532158131565307 × 10^300 | 4066 | 84 |
| iv_503 | 5.108846031395703 × 10^301 | 4117 | 82 |
| iv_507 | 1.428673079827152 × 10^302 | 4136 | 89 |
| iv_508 | 1.658629299632894 × 10^302 | 4146 | 81 |
| iv_497 | 1.880119722909774 × 10^300 | 4186 | 89 |
| iv_499 | 1.724901794505215 × 10^302 | 4340 | 88 |

### Input Bits Sorted by Output Occurrences

| Input Bit | Complexity | Occurrences | Output Occurrences |
|:---------:|:----------:|:-----------:|:------------------:|
| iv_501 | 1.2485596471937228 × 10^301 | 4065 | 75 |
| iv_498 | 2.6536731367329197 × 10^300 | 3986 | 76 |
| iv_506 | 1.0096561611212774 × 10^302 | 3959 | 81 |
| iv_508 | 1.658629299632894 × 10^302 | 4146 | 81 |
| iv_503 | 5.108846031395703 × 10^301 | 4117 | 82 |
| iv_504 | 9.824988658030176 × 10^301 | 3994 | 84 |
| iv_500 | 7.532158131565307 × 10^300 | 4066 | 84 |
| iv_499 | 1.724901794505215 × 10^302 | 4340 | 88 |
| iv_497 | 1.880119722909774 × 10^300 | 4186 | 89 |
| iv_507 | 1.428673079827152 × 10^302 | 4136 | 89 |

## Input Bit Co-occurrences

### Input Bit Co-occurrences Sorted by Co-occurrences

| Input Bits | Co-occurrences | Potential Occurrences | Output Co-occurrences | Potential Output Occurrences |
|:----------:|:--------------:|:---------------------:|:---------------------:|:----------------------------:|
| iv_499-iv_507 | 2072 | 4332 | 47 | 83 |
| iv_499-iv_504 | 2040 | 4254 | 50 | 72 |
| iv_499-iv_500 | 2033 | 4340 | 47 | 78 |
| iv_499-iv_503 | 2024 | 4409 | 43 | 84 |
| iv_497-iv_503 | 1994 | 4315 | 51 | 69 |
| iv_497-iv_507 | 1991 | 4340 | 50 | 78 |
| iv_497-iv_499 | 1981 | 4564 | 43 | 91 |
| iv_499-iv_501 | 1975 | 4455 | 42 | 79 |
| iv_497-iv_501 | 1964 | 4323 | 39 | 86 |
| iv_507-iv_508 | 1961 | 4360 | 46 | 78 |

### Input Bit Co-occurrences Sorted by Potential Occurrences

| Input Bits | Co-occurrences | Potential Occurrences | Output Co-occurrences | Potential Output Occurrences |
|:----------:|:--------------:|:---------------------:|:---------------------:|:----------------------------:|
| iv_504-iv_506 | 1893 | 4167 | 41 | 83 |
| iv_498-iv_501 | 1941 | 4169 | 41 | 69 |
| iv_498-iv_504 | 1883 | 4214 | 35 | 90 |
| iv_506-iv_507 | 1938 | 4219 | 42 | 86 |
| iv_498-iv_506 | 1851 | 4243 | 36 | 85 |
| iv_499-iv_504 | 2040 | 4254 | 50 | 72 |
| iv_500-iv_501 | 1937 | 4257 | 39 | 81 |
| iv_503-iv_504 | 1924 | 4263 | 43 | 80 |
| iv_500-iv_503 | 1957 | 4269 | 42 | 82 |
| iv_504-iv_507 | 1929 | 4272 | 46 | 81 |

### Input Bit Output Co-occurrences Sorted by Output Co-occurrences

| Input Bits | Co-occurrences | Potential Occurrences | Output Co-occurrences | Potential Output Occurrences |
|:----------:|:--------------:|:---------------------:|:---------------------:|:----------------------------:|
| iv_497-iv_503 | 1994 | 4315 | 51 | 69 |
| iv_500-iv_507 | 1946 | 4310 | 51 | 71 |
| iv_497-iv_507 | 1991 | 4340 | 50 | 78 |
| iv_499-iv_504 | 2040 | 4254 | 50 | 72 |
| iv_500-iv_504 | 1882 | 4296 | 50 | 68 |
| iv_497-iv_504 | 1899 | 4382 | 48 | 77 |
| iv_497-iv_506 | 1909 | 4327 | 48 | 74 |
| iv_503-iv_506 | 1897 | 4282 | 48 | 67 |
| iv_499-iv_507 | 2072 | 4332 | 47 | 83 |
| iv_499-iv_500 | 2033 | 4340 | 47 | 78 |

### Input Bit Output Co-occurrences Sorted by Potential Output Occurrences

| Input Bits | Co-occurrences | Potential Occurrences | Output Co-occurrences | Potential Output Occurrences |
|:----------:|:--------------:|:---------------------:|:---------------------:|:----------------------------:|
| iv_503-iv_506 | 1897 | 4282 | 48 | 67 |
| iv_500-iv_504 | 1882 | 4296 | 50 | 68 |
| iv_497-iv_503 | 1994 | 4315 | 51 | 69 |
| iv_498-iv_501 | 1941 | 4169 | 41 | 69 |
| iv_500-iv_507 | 1946 | 4310 | 51 | 71 |
| iv_499-iv_504 | 2040 | 4254 | 50 | 72 |
| iv_497-iv_506 | 1909 | 4327 | 48 | 74 |
| iv_498-iv_503 | 1903 | 4297 | 42 | 74 |
| iv_497-iv_504 | 1899 | 4382 | 48 | 77 |
| iv_497-iv_507 | 1991 | 4340 | 50 | 78 |

## Output Bits

### Output Bits in Regular Order

| Rank | Output Bit | Complexity |
|:----:|:----------:|:----------:|
| 1 | ov_001 | 1.2095716213383388 × 10^302 |
| 2 | ov_002 | 1.0489333486083488 × 10^302 |
| 3 | ov_003 | 9.050391726799229 × 10^301 |
| 4 | ov_004 | 7.766191295775103 × 10^301 |
| 5 | ov_005 | 6.624725675242385 × 10^301 |
| 6 | ov_006 | 5.614632330612611 × 10^301 |
| 7 | ov_007 | 4.725149907345494 × 10^301 |
| 8 | ov_008 | 3.9460813376399446 × 10^301 |
| 9 | ov_009 | 3.267762382754637 × 10^301 |
| 10 | ov_010 | 2.6810350497672883 × 10^301 |
| 11 | ov_011 | 2.1772253151084196 × 10^301 |
| 12 | ov_012 | 1.7481246196039613 × 10^301 |
| 13 | ov_013 | 1.3859746591172204 × 10^301 |
| 14 | ov_014 | 1.0834550813362381 × 10^301 |
| 15 | ov_015 | 8.33673730228034 × 10^300 |
| 16 | ov_016 | 6.301590552699183 × 10^300 |
| 17 | ov_017 | 4.6685430553817946 × 10^300 |
| 18 | ov_018 | 3.381131591401293 × 10^300 |
| 19 | ov_019 | 2.38696468790843 × 10^300 |
| 20 | ov_020 | 1.6376984887306287 × 10^300 |
| 21 | ov_021 | 1.0890190049646821 × 10^300 |
| 22 | ov_022 | 7.006293656851697 × 10^299 |
| 23 | ov_023 | 4.362410014815863 × 10^299 |
| 24 | ov_024 | 2.635678443770037 × 10^299 |
| 25 | ov_025 | 1.543227784936863 × 10^299 |
| 26 | ov_026 | 8.421569563213763 × 10^298 |
| 27 | ov_027 | 4.2100632071814444 × 10^298 |
| 28 | ov_028 | 1.8829536094467295 × 10^298 |
| 29 | ov_029 | 7.252175978941826 × 10^297 |
| 30 | ov_030 | 2.2161158782615146 × 10^297 |
| 31 | ov_031 | 4.320596331097128 × 10^296 |
| 32 | lv_80_m31 | 8.422177901690728 × 10^295 |
| 33 | ov_033 | 1.013298888687589 × 10^297 |
| 34 | ov_034 | 8.786475612946522 × 10^296 |
| 35 | ov_035 | 7.583220184886358 × 10^296 |
| 36 | ov_036 | 6.51134740923725 × 10^296 |
| 37 | ov_037 | 5.5596222390222935 × 10^296 |
| 38 | ov_038 | 4.717404448798297 × 10^296 |
| 39 | ov_039 | 3.974609479156901 × 10^296 |
| 40 | ov_040 | 3.321674862230104 × 10^296 |
| 41 | ov_041 | 2.749531670550331 × 10^296 |
| 42 | ov_042 | 2.253765553599723 × 10^296 |
| 43 | ov_043 | 1.8301914194708245 × 10^296 |
| 44 | ov_044 | 1.4710921511331481 × 10^296 |
| 45 | ov_045 | 1.1691700879349048 × 10^296 |
| 46 | ov_046 | 9.175362587242875 × 10^295 |
| 47 | ov_047 | 7.097019046320846 × 10^295 |
| 48 | ov_048 | 5.395719337595514 × 10^295 |
| 49 | ov_049 | 4.041965087258983 × 10^295 |
| 50 | ov_050 | 2.9825433714849077 × 10^295 |
| 51 | ov_051 | 2.168065776073079 × 10^295 |
| 52 | ov_052 | 1.5529498467223214 × 10^295 |
| 53 | ov_053 | 1.0954061167704946 × 10^295 |
| 54 | ov_054 | 7.574291522010313 × 10^294 |
| 55 | ov_055 | 5.047915723088243 × 10^294 |
| 56 | ov_056 | 3.213236119999111 × 10^294 |
| 57 | ov_057 | 1.9274191936358123 × 10^294 |
| 58 | ov_058 | 1.0664873968274027 × 10^294 |
| 59 | ov_059 | 5.253149341669048 × 10^293 |
| 60 | ov_060 | 2.1762585739153933 × 10^293 |
| 61 | ov_061 | 7.599338228299399 × 10^292 |
| 62 | ov_062 | 2.08392679699245 × 10^292 |
| 63 | ov_063 | 4.0601247337435885 × 10^291 |
| 64 | lv_79_m31 | 7.90848351344455 × 10^290 |
| 65 | ov_065 | 9.372144796822658 × 10^291 |
| 66 | ov_066 | 9.37212140110678 × 10^291 |
| 67 | ov_067 | 9.372115904681492 × 10^291 |
| 68 | ov_068 | 8.100512367495958 × 10^291 |
| 69 | ov_069 | 6.963875673969056 × 10^291 |
| 70 | ov_070 | 5.952034679313381 × 10^291 |
| 71 | ov_071 | 5.0553030115248466 × 10^291 |
| 72 | ov_072 | 4.264454659821119 × 10^291 |
| 73 | ov_073 | 3.5707047073447736 × 10^291 |
| 74 | ov_074 | 2.9656936457223574 × 10^291 |
| 75 | ov_075 | 2.4414739520142498 × 10^291 |
| 76 | ov_076 | 1.990498160895999 × 10^291 |
| 77 | ov_077 | 1.6056081873102385 × 10^291 |
| 78 | ov_078 | 1.280025826661938 × 10^291 |
| 79 | ov_079 | 1.0073443608805731 × 10^291 |
| 80 | ov_080 | 7.815211996274401 × 10^290 |
| 81 | ov_081 | 5.96871486639718 × 10^290 |
| 82 | ov_082 | 4.480626017252719 × 10^290 |
| 83 | ov_083 | 3.301094892986127 × 10^290 |
| 84 | ov_084 | 2.3837074461675057 × 10^290 |
| 85 | ov_085 | 1.6854538906260721 × 10^290 |
| 86 | ov_086 | 1.1667026595343564 × 10^290 |
| 87 | ov_087 | 7.911798843732811 × 10^289 |
| 88 | ov_088 | 5.259537109443441 × 10^289 |
| 89 | ov_089 | 3.4142276890702937 × 10^289 |
| 90 | ov_090 | 2.1130811148526474 × 10^289 |
| 91 | ov_091 | 1.2330005917782827 × 10^289 |
| 92 | ov_092 | 6.67464948730456 × 10^288 |
| 93 | ov_093 | 3.2651725239725825 × 10^288 |
| 94 | ov_094 | 1.3675921202733902 × 10^288 |
| 95 | aaa_78_28 | 4.134889497912383 × 10^287 |
| 96 | aaa_78_29 | 1.2286694340955527 × 10^287 |
| 97 | ov_097 | 6.913163870493328 × 10^286 |
| 98 | ov_098 | 6.913051316234777 × 10^286 |
| 99 | ov_099 | 6.913015382910327 × 10^286 |
| 100 | ov_100 | 5.644648696835056 × 10^286 |
| 101 | ov_101 | 4.59610408537753 × 10^286 |
| 102 | ov_102 | 3.73962810233197 × 10^286 |
| 103 | ov_103 | 3.0489841025932713 × 10^286 |
| 104 | ov_104 | 2.4993415733941046 × 10^286 |
| 105 | ov_105 | 2.0671800389012913 × 10^286 |
| 106 | ov_106 | 1.7302061972569468 × 10^286 |
| 107 | ov_107 | 1.4672830174930466 × 10^286 |
| 108 | ov_108 | 1.2583695897680323 × 10^286 |
| 109 | ov_109 | 1.0844705865575372 × 10^286 |
| 110 | ov_110 | 9.275942551924573 × 10^285 |
| 111 | ov_111 | 7.867994524592662 × 10^285 |
| 112 | ov_112 | 6.61167312982609 × 10^285 |
| 113 | ov_113 | 5.497964261105747 × 10^285 |
| 114 | ov_114 | 4.5179878969882095 × 10^285 |
| 115 | ov_115 | 3.662964811777844 × 10^285 |
| 116 | ov_116 | 2.9241898637417644 × 10^285 |
| 117 | ov_117 | 2.2930112661411423 × 10^285 |
| 118 | ov_118 | 1.7608152467391575 × 10^285 |
| 119 | ov_119 | 1.319015013775045 × 10^285 |
| 120 | ov_120 | 9.590425328478597 × 10^284 |
| 121 | ov_121 | 6.723422556294026 × 10^284 |
| 122 | ov_122 | 4.503665035302341 × 10^284 |
| 123 | ov_123 | 2.8457220946279903 × 10^284 |
| 124 | ov_124 | 1.6641872084984136 × 10^284 |
| 125 | ov_125 | 8.736643919896534 × 10^283 |
| 126 | ov_126 | 3.887612650574789 × 10^283 |
| 127 | aaa_77_28 | 1.2408639164141935 × 10^283 |
| 128 | aaa_77_29 | 4.648920140460698 × 10^282 |
| 129 | ov_129 | 4.27543724723954 × 10^282 |
| 130 | ov_130 | 4.275424460179003 × 10^282 |
| 131 | ov_131 | 4.2754213718907547 × 10^282 |
| 132 | ov_132 | 3.700273920179932 × 10^282 |
| 133 | ov_133 | 3.185723900945235 × 10^282 |
| 134 | ov_134 | 2.7271837102128784 × 10^282 |
| 135 | ov_135 | 2.3203076138094292 × 10^282 |
| 136 | ov_136 | 1.9609743692731367 × 10^282 |
| 137 | ov_137 | 1.6452723581145907 × 10^282 |
| 138 | ov_138 | 1.3694869821828333 × 10^282 |
| 139 | ov_139 | 1.1300900902971144 × 10^282 |
| 140 | ov_140 | 9.237312133794491 × 10^281 |
| 141 | ov_141 | 7.472303981482561 × 10^281 |
| 142 | ov_142 | 5.975724410746543 × 10^281 |
| 143 | ov_143 | 4.719023358148619 × 10^281 |
| 144 | ov_144 | 3.675217587573144 × 10^281 |
| 145 | ov_145 | 2.818864286920454 × 10^281 |
| 146 | ov_146 | 2.126041879425347 × 10^281 |
| 147 | ov_147 | 1.5743366360858254 × 10^281 |
| 148 | ov_148 | 1.1428337885980002 × 10^281 |
| 149 | ov_149 | 8.1211195497322315 × 10^280 |
| 150 | ov_150 | 5.642398026930507 × 10^280 |
| 151 | ov_151 | 3.827740329531687 × 10^280 |
| 152 | ov_152 | 2.5275805240002597 × 10^280 |
| 153 | ov_153 | 1.6072103157667787 × 10^280 |
| 154 | ov_154 | 9.467724772491503 × 10^279 |
| 155 | ov_155 | 4.9005048206870684 × 10^279 |
| 156 | aaa_76_25 | 1.8825044098241104 × 10^279 |
| 157 | aaa_76_26 | 1.0865193122605368 × 10^279 |
| 158 | aaa_76_27 | 5.5583521627239796 × 10^278 |
| 159 | aaa_76_28 | 2.1624262164806477 × 10^278 |
| 160 | aaa_76_29 | 6.57095131117386 × 10^277 |

### Output Bits Sorted by Complexity

| Rank | Output Bit | Complexity |
|:----:|:----------:|:----------:|
| 160 | aaa_76_29 | 6.57095131117386 × 10^277 |
| 159 | aaa_76_28 | 2.1624262164806477 × 10^278 |
| 158 | aaa_76_27 | 5.5583521627239796 × 10^278 |
| 157 | aaa_76_26 | 1.0865193122605368 × 10^279 |
| 156 | aaa_76_25 | 1.8825044098241104 × 10^279 |
| 155 | ov_155 | 4.9005048206870684 × 10^279 |
| 154 | ov_154 | 9.467724772491503 × 10^279 |
| 153 | ov_153 | 1.6072103157667787 × 10^280 |
| 152 | ov_152 | 2.5275805240002597 × 10^280 |
| 151 | ov_151 | 3.827740329531687 × 10^280 |
| 150 | ov_150 | 5.642398026930507 × 10^280 |
| 149 | ov_149 | 8.1211195497322315 × 10^280 |
| 148 | ov_148 | 1.1428337885980002 × 10^281 |
| 147 | ov_147 | 1.5743366360858254 × 10^281 |
| 146 | ov_146 | 2.126041879425347 × 10^281 |
| 145 | ov_145 | 2.818864286920454 × 10^281 |
| 144 | ov_144 | 3.675217587573144 × 10^281 |
| 143 | ov_143 | 4.719023358148619 × 10^281 |
| 142 | ov_142 | 5.975724410746543 × 10^281 |
| 141 | ov_141 | 7.472303981482561 × 10^281 |
| 140 | ov_140 | 9.237312133794491 × 10^281 |
| 139 | ov_139 | 1.1300900902971144 × 10^282 |
| 138 | ov_138 | 1.3694869821828333 × 10^282 |
| 137 | ov_137 | 1.6452723581145907 × 10^282 |
| 136 | ov_136 | 1.9609743692731367 × 10^282 |
| 135 | ov_135 | 2.3203076138094292 × 10^282 |
| 134 | ov_134 | 2.7271837102128784 × 10^282 |
| 133 | ov_133 | 3.185723900945235 × 10^282 |
| 132 | ov_132 | 3.700273920179932 × 10^282 |
| 131 | ov_131 | 4.2754213718907547 × 10^282 |
| 130 | ov_130 | 4.275424460179003 × 10^282 |
| 129 | ov_129 | 4.27543724723954 × 10^282 |
| 128 | aaa_77_29 | 4.648920140460698 × 10^282 |
| 127 | aaa_77_28 | 1.2408639164141935 × 10^283 |
| 126 | ov_126 | 3.887612650574789 × 10^283 |
| 125 | ov_125 | 8.736643919896534 × 10^283 |
| 124 | ov_124 | 1.6641872084984136 × 10^284 |
| 123 | ov_123 | 2.8457220946279903 × 10^284 |
| 122 | ov_122 | 4.503665035302341 × 10^284 |
| 121 | ov_121 | 6.723422556294026 × 10^284 |
| 120 | ov_120 | 9.590425328478597 × 10^284 |
| 119 | ov_119 | 1.319015013775045 × 10^285 |
| 118 | ov_118 | 1.7608152467391575 × 10^285 |
| 117 | ov_117 | 2.2930112661411423 × 10^285 |
| 116 | ov_116 | 2.9241898637417644 × 10^285 |
| 115 | ov_115 | 3.662964811777844 × 10^285 |
| 114 | ov_114 | 4.5179878969882095 × 10^285 |
| 113 | ov_113 | 5.497964261105747 × 10^285 |
| 112 | ov_112 | 6.61167312982609 × 10^285 |
| 111 | ov_111 | 7.867994524592662 × 10^285 |
| 110 | ov_110 | 9.275942551924573 × 10^285 |
| 109 | ov_109 | 1.0844705865575372 × 10^286 |
| 108 | ov_108 | 1.2583695897680323 × 10^286 |
| 107 | ov_107 | 1.4672830174930466 × 10^286 |
| 106 | ov_106 | 1.7302061972569468 × 10^286 |
| 105 | ov_105 | 2.0671800389012913 × 10^286 |
| 104 | ov_104 | 2.4993415733941046 × 10^286 |
| 103 | ov_103 | 3.0489841025932713 × 10^286 |
| 102 | ov_102 | 3.73962810233197 × 10^286 |
| 101 | ov_101 | 4.59610408537753 × 10^286 |
| 100 | ov_100 | 5.644648696835056 × 10^286 |
| 99 | ov_099 | 6.913015382910327 × 10^286 |
| 98 | ov_098 | 6.913051316234777 × 10^286 |
| 97 | ov_097 | 6.913163870493328 × 10^286 |
| 96 | aaa_78_29 | 1.2286694340955527 × 10^287 |
| 95 | aaa_78_28 | 4.134889497912383 × 10^287 |
| 94 | ov_094 | 1.3675921202733902 × 10^288 |
| 93 | ov_093 | 3.2651725239725825 × 10^288 |
| 92 | ov_092 | 6.67464948730456 × 10^288 |
| 91 | ov_091 | 1.2330005917782827 × 10^289 |
| 90 | ov_090 | 2.1130811148526474 × 10^289 |
| 89 | ov_089 | 3.4142276890702937 × 10^289 |
| 88 | ov_088 | 5.259537109443441 × 10^289 |
| 87 | ov_087 | 7.911798843732811 × 10^289 |
| 86 | ov_086 | 1.1667026595343564 × 10^290 |
| 85 | ov_085 | 1.6854538906260721 × 10^290 |
| 84 | ov_084 | 2.3837074461675057 × 10^290 |
| 83 | ov_083 | 3.301094892986127 × 10^290 |
| 82 | ov_082 | 4.480626017252719 × 10^290 |
| 81 | ov_081 | 5.96871486639718 × 10^290 |
| 80 | ov_080 | 7.815211996274401 × 10^290 |
| 64 | lv_79_m31 | 7.90848351344455 × 10^290 |
| 79 | ov_079 | 1.0073443608805731 × 10^291 |
| 78 | ov_078 | 1.280025826661938 × 10^291 |
| 77 | ov_077 | 1.6056081873102385 × 10^291 |
| 76 | ov_076 | 1.990498160895999 × 10^291 |
| 75 | ov_075 | 2.4414739520142498 × 10^291 |
| 74 | ov_074 | 2.9656936457223574 × 10^291 |
| 73 | ov_073 | 3.5707047073447736 × 10^291 |
| 63 | ov_063 | 4.0601247337435885 × 10^291 |
| 72 | ov_072 | 4.264454659821119 × 10^291 |
| 71 | ov_071 | 5.0553030115248466 × 10^291 |
| 70 | ov_070 | 5.952034679313381 × 10^291 |
| 69 | ov_069 | 6.963875673969056 × 10^291 |
| 68 | ov_068 | 8.100512367495958 × 10^291 |
| 67 | ov_067 | 9.372115904681492 × 10^291 |
| 66 | ov_066 | 9.37212140110678 × 10^291 |
| 65 | ov_065 | 9.372144796822658 × 10^291 |
| 62 | ov_062 | 2.08392679699245 × 10^292 |
| 61 | ov_061 | 7.599338228299399 × 10^292 |
| 60 | ov_060 | 2.1762585739153933 × 10^293 |
| 59 | ov_059 | 5.253149341669048 × 10^293 |
| 58 | ov_058 | 1.0664873968274027 × 10^294 |
| 57 | ov_057 | 1.9274191936358123 × 10^294 |
| 56 | ov_056 | 3.213236119999111 × 10^294 |
| 55 | ov_055 | 5.047915723088243 × 10^294 |
| 54 | ov_054 | 7.574291522010313 × 10^294 |
| 53 | ov_053 | 1.0954061167704946 × 10^295 |
| 52 | ov_052 | 1.5529498467223214 × 10^295 |
| 51 | ov_051 | 2.168065776073079 × 10^295 |
| 50 | ov_050 | 2.9825433714849077 × 10^295 |
| 49 | ov_049 | 4.041965087258983 × 10^295 |
| 48 | ov_048 | 5.395719337595514 × 10^295 |
| 47 | ov_047 | 7.097019046320846 × 10^295 |
| 32 | lv_80_m31 | 8.422177901690728 × 10^295 |
| 46 | ov_046 | 9.175362587242875 × 10^295 |
| 45 | ov_045 | 1.1691700879349048 × 10^296 |
| 44 | ov_044 | 1.4710921511331481 × 10^296 |
| 43 | ov_043 | 1.8301914194708245 × 10^296 |
| 42 | ov_042 | 2.253765553599723 × 10^296 |
| 41 | ov_041 | 2.749531670550331 × 10^296 |
| 40 | ov_040 | 3.321674862230104 × 10^296 |
| 39 | ov_039 | 3.974609479156901 × 10^296 |
| 31 | ov_031 | 4.320596331097128 × 10^296 |
| 38 | ov_038 | 4.717404448798297 × 10^296 |
| 37 | ov_037 | 5.5596222390222935 × 10^296 |
| 36 | ov_036 | 6.51134740923725 × 10^296 |
| 35 | ov_035 | 7.583220184886358 × 10^296 |
| 34 | ov_034 | 8.786475612946522 × 10^296 |
| 33 | ov_033 | 1.013298888687589 × 10^297 |
| 30 | ov_030 | 2.2161158782615146 × 10^297 |
| 29 | ov_029 | 7.252175978941826 × 10^297 |
| 28 | ov_028 | 1.8829536094467295 × 10^298 |
| 27 | ov_027 | 4.2100632071814444 × 10^298 |
| 26 | ov_026 | 8.421569563213763 × 10^298 |
| 25 | ov_025 | 1.543227784936863 × 10^299 |
| 24 | ov_024 | 2.635678443770037 × 10^299 |
| 23 | ov_023 | 4.362410014815863 × 10^299 |
| 22 | ov_022 | 7.006293656851697 × 10^299 |
| 21 | ov_021 | 1.0890190049646821 × 10^300 |
| 20 | ov_020 | 1.6376984887306287 × 10^300 |
| 19 | ov_019 | 2.38696468790843 × 10^300 |
| 18 | ov_018 | 3.381131591401293 × 10^300 |
| 17 | ov_017 | 4.6685430553817946 × 10^300 |
| 16 | ov_016 | 6.301590552699183 × 10^300 |
| 15 | ov_015 | 8.33673730228034 × 10^300 |
| 14 | ov_014 | 1.0834550813362381 × 10^301 |
| 13 | ov_013 | 1.3859746591172204 × 10^301 |
| 12 | ov_012 | 1.7481246196039613 × 10^301 |
| 11 | ov_011 | 2.1772253151084196 × 10^301 |
| 10 | ov_010 | 2.6810350497672883 × 10^301 |
| 9 | ov_009 | 3.267762382754637 × 10^301 |
| 8 | ov_008 | 3.9460813376399446 × 10^301 |
| 7 | ov_007 | 4.725149907345494 × 10^301 |
| 6 | ov_006 | 5.614632330612611 × 10^301 |
| 5 | ov_005 | 6.624725675242385 × 10^301 |
| 4 | ov_004 | 7.766191295775103 × 10^301 |
| 3 | ov_003 | 9.050391726799229 × 10^301 |
| 2 | ov_002 | 1.0489333486083488 × 10^302 |
| 1 | ov_001 | 1.2095716213383388 × 10^302 |

