# Results for F011-F012-F013-F014-F015-F016-F017-F018-F019-F020-F021-F022-F023-F024-F025-F026-F027-F028-F029-F030-F031-F032-F033-F034-F035-F036-F037-F038-F039-F040-F041-F042-F043-F044-F045-F046-F047-F048-F049-F050-F051-F052-F053-F054-F055-F056-F057-F058-F059-F060-F061-F062-F063-F064-F065-F066-F067-F068-F069-F070-F071-F072-F073-F074-F075-F076-F077-F078-F079-F080-F081-F082-F083-F084-F085-F086-F087-F088-F089-F090-F091-F092-F093-F094-F095-F096-F097-F098-F099-F100-F101-F102-F103-F104-F105-F106-F107-F108-F109-F110-F111-F112-F113-F114-F115-F116-F117-F118-F119-F120-F121-F122-F123-F124-F125-F126-F127-F128-F129-F130-F131-F132-F133-F134-F135-F136-F137-F138-F139-F140-F141-F142-F143-F144-F145-F146-F147-F148-F149-F150-F151-F152-F153-F154-F155-F156-F157-F158-F159-F160-F161-F162-F163-F164-F165-F166-F167-F168-F169-F170-F171-F172-F173-F174-F175-F176-F177-F178-F179-F180-F181-F182-F183-F184-F185-F186-F187-F188-F189-F190-F191-F192-F193-F194-F195-F196-F197-F198-F199-F200-F201-F202-F203-F204-F205-F206-F207-F208-F209-F210-F211-F212-F213-F214-F215-F216-F217-F218-F219-F220-F221-F222-F223-F224-F225-F226-F227-F228-F229-F230-F231-F232-F233-F234-F235-F236-F237-F238-F239-F240-F241-F242-F243-F244-F245-F246-F247-F248-F249-F250-F251-F252-F253-F254-F255-F256-F257-F258-F259-F260-F261-F262-F263-F264-F265-F266-F267-F268-F269-F270-F271-F272-F273-F274-F275-F276-F277-F278-F279-F280-F281-F282-F283-F284-F285-F286-F287-F288-F289-F290-F291-F292-F293-F294-F295-F296-F297-F298-F299-F300-F301-F302-F303-F304-F305-F306-F307-F308-F309-F310-F311-F312-F313-F314-F315-F316-F317-F318-F319-F320-F321-F322-F323-F324-F325-F326-F327-F328-F329-F330-F331-F332-F333-F334-F335-F336-F337-F338-F339-F340-F341-F342-F343-F344-F345-F346-F347-F348-F349-F350-F351-F352-F353-F354-F355-F356-F357-F358-F359-F360-F361-F362-F363-F364-F365-F366-F367-F368-F369-F370-F371-F372-F373-F374-F375-F376-F377-F378-F379-F380-F381-F382-F383-F384-F385-F386-F387-F388-F389-F390-F391-F392-F393-F394-F395-F396-F397-F398-F399-F400-F401-F402-F403-F404-F405-F406-F407-F408-F409-F410-F411-F412-F413-F414-F415-F416-F417-F418-F419-F420-F421-F422-F423-F424-F425-F426-F427-F428-F429-F430-F431-F432-F433-F434-F435-F436-F437-F438-F439-F440-F441-F442-F443-F444-F445-F446-F447-F448-F449-F450-F451-F452-F453-F454-F455-F456-F457-F458-F459-F460-F461-F462-F463-F464-F465-F466-F467-F468-F469-F470-F471-F472-F473-F474-F475-F476-F477-F478-F479-F480-F481-F482-F483-F484-F485-F486-F487-F488-F489-F490-F491-F492-F493-F494-F495-F496-F497-F498-F499-F500-F501-F502-F503-F504-F505-F506-F507-F508-F509-F510-F511-F512

## Summary

Number of input bits: 512  
Number of free input bits: 10  
Number of output bits: 160

Number of direct occurrences: 45791  
Number of assignments: 37908  
Number of operations: 18706173
(xor: 18666056,
and: 24148,
or: 15969)

Total complexity: 7.509444481410359 × 10^351

Least occurring input variable: iv_007 (4322)  
Most occurring input variable: iv_004 (4772)

Most co-occurring input variables: iv_004-iv_005 (2335)  
Least co-occurring input variables: iv_006-iv_007 (1971)

Potentially most occurring input variable: iv_006/iv_009 (5168)  
Potentially least occurring input variable: iv_002/iv_007 (4539)

Least output occurring input variable: iv_004 (69)  
Most output occurring input variable: iv_009 (89)

Most output co-occurring input variables: iv_002-iv_009 (54)  
Least output co-occurring input variables: iv_005-iv_007 (25)

Potentially most output occurring input variable: iv_002/iv_005 (100)  
Potentially least output occurring input variable: iv_006/iv_007 (66)

Least complex input bit: iv_001 (2.2884450685481305 × 10^349)  
Most complex input bit: iv_008 (2.0994613255104772 × 10^351)

Least complex output bit: aaa_76_29 (2.49039861266155 × 10^327)  
Most complex output bit: ov_001 (1.1503451834660282 × 10^351)

Least complex input/output complexity: iv_001/aaa_76_29 (7.589296968600877 × 10^324)  
Most complex input/output complexity: iv_008/ov_001 (3.216090390777603 × 10^350)

## Input Bits

### Input Bits in Regular Order

| Input Bit | Complexity | Occurrences | Output Occurrences |
|:---------:|:----------:|:-----------:|:------------------:|
| iv_001 | 2.2884450685481305 × 10^349 | 4559 | 75 |
| iv_002 | 9.766177106487222 × 10^349 | 4611 | 85 |
| iv_003 | 2.7578403459485564 × 10^350 | 4431 | 72 |
| iv_004 | 5.951507809191415 × 10^350 | 4772 | 69 |
| iv_005 | 9.498766208424515 × 10^350 | 4611 | 73 |
| iv_006 | 1.3097372355478774 × 10^351 | 4425 | 80 |
| iv_007 | 1.6863220397793469 × 10^351 | 4322 | 70 |
| iv_008 | 2.0994613255104772 × 10^351 | 4597 | 81 |
| iv_009 | 4.40381492314755 × 10^350 | 4723 | 89 |
| iv_010 | 3.2184730151111215 × 10^349 | 4740 | 88 |

### Input Bits Sorted by Complexity

| Input Bit | Complexity | Occurrences | Output Occurrences |
|:---------:|:----------:|:-----------:|:------------------:|
| iv_001 | 2.2884450685481305 × 10^349 | 4559 | 75 |
| iv_010 | 3.2184730151111215 × 10^349 | 4740 | 88 |
| iv_002 | 9.766177106487222 × 10^349 | 4611 | 85 |
| iv_003 | 2.7578403459485564 × 10^350 | 4431 | 72 |
| iv_009 | 4.40381492314755 × 10^350 | 4723 | 89 |
| iv_004 | 5.951507809191415 × 10^350 | 4772 | 69 |
| iv_005 | 9.498766208424515 × 10^350 | 4611 | 73 |
| iv_006 | 1.3097372355478774 × 10^351 | 4425 | 80 |
| iv_007 | 1.6863220397793469 × 10^351 | 4322 | 70 |
| iv_008 | 2.0994613255104772 × 10^351 | 4597 | 81 |

### Input Bits Sorted by Occurrences

| Input Bit | Complexity | Occurrences | Output Occurrences |
|:---------:|:----------:|:-----------:|:------------------:|
| iv_007 | 1.6863220397793469 × 10^351 | 4322 | 70 |
| iv_006 | 1.3097372355478774 × 10^351 | 4425 | 80 |
| iv_003 | 2.7578403459485564 × 10^350 | 4431 | 72 |
| iv_001 | 2.2884450685481305 × 10^349 | 4559 | 75 |
| iv_008 | 2.0994613255104772 × 10^351 | 4597 | 81 |
| iv_005 | 9.498766208424515 × 10^350 | 4611 | 73 |
| iv_002 | 9.766177106487222 × 10^349 | 4611 | 85 |
| iv_009 | 4.40381492314755 × 10^350 | 4723 | 89 |
| iv_010 | 3.2184730151111215 × 10^349 | 4740 | 88 |
| iv_004 | 5.951507809191415 × 10^350 | 4772 | 69 |

### Input Bits Sorted by Output Occurrences

| Input Bit | Complexity | Occurrences | Output Occurrences |
|:---------:|:----------:|:-----------:|:------------------:|
| iv_004 | 5.951507809191415 × 10^350 | 4772 | 69 |
| iv_007 | 1.6863220397793469 × 10^351 | 4322 | 70 |
| iv_003 | 2.7578403459485564 × 10^350 | 4431 | 72 |
| iv_005 | 9.498766208424515 × 10^350 | 4611 | 73 |
| iv_001 | 2.2884450685481305 × 10^349 | 4559 | 75 |
| iv_006 | 1.3097372355478774 × 10^351 | 4425 | 80 |
| iv_008 | 2.0994613255104772 × 10^351 | 4597 | 81 |
| iv_002 | 9.766177106487222 × 10^349 | 4611 | 85 |
| iv_010 | 3.2184730151111215 × 10^349 | 4740 | 88 |
| iv_009 | 4.40381492314755 × 10^350 | 4723 | 89 |

## Input Bit Co-occurrences

### Input Bit Co-occurrences Sorted by Co-occurrences

| Input Bits | Co-occurrences | Potential Occurrences | Output Co-occurrences | Potential Output Occurrences |
|:----------:|:--------------:|:---------------------:|:---------------------:|:----------------------------:|
| iv_004-iv_005 | 2335 | 4713 | 31 | 80 |
| iv_004-iv_009 | 2332 | 4831 | 41 | 76 |
| iv_008-iv_010 | 2250 | 4837 | 46 | 77 |
| iv_004-iv_010 | 2250 | 5012 | 42 | 73 |
| iv_008-iv_009 | 2247 | 4826 | 45 | 80 |
| iv_009-iv_010 | 2239 | 4985 | 53 | 71 |
| iv_001-iv_002 | 2212 | 4746 | 40 | 80 |
| iv_002-iv_010 | 2205 | 4941 | 47 | 79 |
| iv_002-iv_009 | 2202 | 4930 | 54 | 66 |
| iv_005-iv_009 | 2201 | 4932 | 41 | 80 |

### Input Bit Co-occurrences Sorted by Potential Occurrences

| Input Bits | Co-occurrences | Potential Occurrences | Output Co-occurrences | Potential Output Occurrences |
|:----------:|:--------------:|:---------------------:|:---------------------:|:----------------------------:|
| iv_002-iv_007 | 2197 | 4539 | 43 | 69 |
| iv_007-iv_008 | 2141 | 4637 | 31 | 89 |
| iv_003-iv_006 | 2073 | 4710 | 39 | 74 |
| iv_004-iv_005 | 2335 | 4713 | 31 | 80 |
| iv_001-iv_007 | 2083 | 4715 | 34 | 77 |
| iv_002-iv_003 | 2156 | 4730 | 42 | 73 |
| iv_001-iv_006 | 2125 | 4734 | 36 | 83 |
| iv_003-iv_005 | 2148 | 4746 | 33 | 79 |
| iv_001-iv_002 | 2212 | 4746 | 40 | 80 |
| iv_003-iv_007 | 1995 | 4763 | 32 | 78 |

### Input Bit Output Co-occurrences Sorted by Output Co-occurrences

| Input Bits | Co-occurrences | Potential Occurrences | Output Co-occurrences | Potential Output Occurrences |
|:----------:|:--------------:|:---------------------:|:---------------------:|:----------------------------:|
| iv_002-iv_009 | 2202 | 4930 | 54 | 66 |
| iv_009-iv_010 | 2239 | 4985 | 53 | 71 |
| iv_002-iv_010 | 2205 | 4941 | 47 | 79 |
| iv_006-iv_010 | 2017 | 5131 | 47 | 74 |
| iv_008-iv_010 | 2250 | 4837 | 46 | 77 |
| iv_008-iv_009 | 2247 | 4826 | 45 | 80 |
| iv_002-iv_006 | 2069 | 4898 | 45 | 75 |
| iv_001-iv_010 | 2196 | 4907 | 44 | 75 |
| iv_003-iv_009 | 2148 | 4858 | 44 | 73 |
| iv_002-iv_007 | 2197 | 4539 | 43 | 69 |

### Input Bit Output Co-occurrences Sorted by Potential Output Occurrences

| Input Bits | Co-occurrences | Potential Occurrences | Output Co-occurrences | Potential Output Occurrences |
|:----------:|:--------------:|:---------------------:|:---------------------:|:----------------------------:|
| iv_006-iv_007 | 1971 | 4805 | 42 | 66 |
| iv_002-iv_009 | 2202 | 4930 | 54 | 66 |
| iv_002-iv_007 | 2197 | 4539 | 43 | 69 |
| iv_001-iv_004 | 2158 | 5015 | 37 | 70 |
| iv_009-iv_010 | 2239 | 4985 | 53 | 71 |
| iv_001-iv_008 | 2147 | 4862 | 42 | 72 |
| iv_003-iv_009 | 2148 | 4858 | 44 | 73 |
| iv_004-iv_010 | 2250 | 5012 | 42 | 73 |
| iv_002-iv_003 | 2156 | 4730 | 42 | 73 |
| iv_003-iv_006 | 2073 | 4710 | 39 | 74 |

## Output Bits

### Output Bits in Regular Order

| Rank | Output Bit | Complexity |
|:----:|:----------:|:----------:|
| 1 | ov_001 | 1.1503451834660282 × 10^351 |
| 2 | ov_002 | 1.0079492812718822 × 10^351 |
| 3 | ov_003 | 8.788467369705515 × 10^350 |
| 4 | ov_004 | 7.616691176595212 × 10^350 |
| 5 | ov_005 | 6.557525720755804 × 10^350 |
| 6 | ov_006 | 5.6047098923462585 × 10^350 |
| 7 | ov_007 | 4.75233333252769 × 10^350 |
| 8 | ov_008 | 3.994812839521965 × 10^350 |
| 9 | ov_009 | 3.326871652763524 × 10^350 |
| 10 | ov_010 | 2.7435214463322734 × 10^350 |
| 11 | ov_011 | 2.2400468732322795 × 10^350 |
| 12 | ov_012 | 1.8119924794706475 × 10^350 |
| 13 | ov_013 | 1.4511851180732585 × 10^350 |
| 14 | ov_014 | 1.1499239776640874 × 10^350 |
| 15 | ov_015 | 9.009671820853979 × 10^349 |
| 16 | ov_016 | 6.9752105412380476 × 10^349 |
| 17 | ov_017 | 5.33231657203166 × 10^349 |
| 18 | ov_018 | 4.0217826061399925 × 10^349 |
| 19 | ov_019 | 2.9886840509438556 × 10^349 |
| 20 | ov_020 | 2.182342764726467 × 10^349 |
| 21 | ov_021 | 1.556301257238752 × 10^349 |
| 22 | ov_022 | 1.0683050425989895 × 10^349 |
| 23 | ov_023 | 6.982758650973169 × 10^348 |
| 24 | ov_024 | 4.2822899591320703 × 10^348 |
| 25 | ov_025 | 2.422706163984888 × 10^348 |
| 26 | ov_026 | 1.2659640641341493 × 10^348 |
| 27 | ov_027 | 5.98638875911311 × 10^347 |
| 28 | ov_028 | 2.490754228651138 × 10^347 |
| 29 | ov_029 | 8.73868850547064 × 10^346 |
| 30 | ov_030 | 2.4083475738612606 × 10^346 |
| 31 | ov_031 | 4.718057347652273 × 10^345 |
| 32 | lv_80_m31 | 9.241292715394914 × 10^344 |
| 33 | ov_033 | 1.1455470933337413 × 10^346 |
| 34 | ov_034 | 1.0084463225033618 × 10^346 |
| 35 | ov_035 | 8.843165051413566 × 10^345 |
| 36 | ov_036 | 7.718079759771813 × 10^345 |
| 37 | ov_037 | 6.696539501720613 × 10^345 |
| 38 | ov_038 | 5.772410228992133 × 10^345 |
| 39 | ov_039 | 4.939930908288438 × 10^345 |
| 40 | ov_040 | 4.193689208116737 × 10^345 |
| 41 | ov_041 | 3.5285994759763015 × 10^345 |
| 42 | ov_042 | 2.939882878094616 × 10^345 |
| 43 | ov_043 | 2.423049578514194 × 10^345 |
| 44 | ov_044 | 1.973882838100988 × 10^345 |
| 45 | ov_045 | 1.5884249170893852 × 10^345 |
| 46 | ov_046 | 1.26296466719888 × 10^345 |
| 47 | ov_047 | 9.907777116364298 × 10^344 |
| 48 | ov_048 | 7.655844625214471 × 10^344 |
| 49 | ov_049 | 5.81535356928285 × 10^344 |
| 50 | ov_050 | 4.3319848169650694 × 10^344 |
| 51 | ov_051 | 3.155493708902376 × 10^344 |
| 52 | ov_052 | 2.2396276038840043 × 10^344 |
| 53 | ov_053 | 1.5420608446142794 × 10^344 |
| 54 | ov_054 | 1.0243449940795717 × 10^344 |
| 55 | ov_055 | 6.5187219442695685 × 10^343 |
| 56 | ov_056 | 3.938495008502328 × 10^343 |
| 57 | ov_057 | 2.2328204324668486 × 10^343 |
| 58 | ov_058 | 1.1696288610971721 × 10^343 |
| 59 | ov_059 | 5.546756103759864 × 10^342 |
| 60 | ov_060 | 2.3151516293541557 × 10^342 |
| 61 | ov_061 | 8.149136758445958 × 10^341 |
| 62 | ov_062 | 2.25321310073891 × 10^341 |
| 63 | ov_063 | 4.429719086144356 × 10^340 |
| 64 | lv_79_m31 | 8.707816485556598 × 10^339 |
| 65 | ov_065 | 1.1941114211325697 × 10^341 |
| 66 | ov_066 | 1.1940744931594481 × 10^341 |
| 67 | ov_067 | 1.1940626011842002 × 10^341 |
| 68 | ov_068 | 1.0738302726127473 × 10^341 |
| 69 | ov_069 | 9.626302534431325 × 10^340 |
| 70 | ov_070 | 8.599417855041091 × 10^340 |
| 71 | ov_071 | 7.652825367221955 × 10^340 |
| 72 | ov_072 | 6.782043717613244 × 10^340 |
| 73 | ov_073 | 5.9828935491657585 × 10^340 |
| 74 | ov_074 | 5.251459722122649 × 10^340 |
| 75 | ov_075 | 4.584055603045512 × 10^340 |
| 76 | ov_076 | 3.977189734900171 × 10^340 |
| 77 | ov_077 | 3.427535610867678 × 10^340 |
| 78 | ov_078 | 2.9319047947556902 × 10^340 |
| 79 | ov_079 | 2.4872231781095964 × 10^340 |
| 80 | ov_080 | 2.0905101688934974 × 10^340 |
| 81 | ov_081 | 1.738860610319068 × 10^340 |
| 82 | ov_082 | 1.4294292312081293 × 10^340 |
| 83 | ov_083 | 1.1594174313435383 × 10^340 |
| 84 | ov_084 | 9.260622067400059 × 10^339 |
| 85 | ov_085 | 7.266270207817075 × 10^339 |
| 86 | ov_086 | 5.583944278400735 × 10^339 |
| 87 | ov_087 | 4.1866025639880495 × 10^339 |
| 88 | ov_088 | 3.047291589556658 × 10^339 |
| 89 | ov_089 | 2.139113361007663 × 10^339 |
| 90 | ov_090 | 1.4352024222889263 × 10^339 |
| 91 | ov_091 | 9.08710803660999 × 10^338 |
| 92 | ov_092 | 5.327989519712291 × 10^338 |
| 93 | ov_093 | 2.8063082804147497 × 10^338 |
| 94 | ov_094 | 1.253716006924099 × 10^338 |
| 95 | aaa_78_28 | 4.0186756968899705 × 10^337 |
| 96 | aaa_78_29 | 1.5154121562922054 × 10^337 |
| 97 | ov_097 | 1.4656158617775815 × 10^337 |
| 98 | ov_098 | 1.465611537279192 × 10^337 |
| 99 | ov_099 | 1.465610483996226 × 10^337 |
| 100 | ov_100 | 1.289795326286496 × 10^337 |
| 101 | ov_101 | 1.1303421523149996 × 10^337 |
| 102 | ov_102 | 9.856496423592486 × 10^336 |
| 103 | ov_103 | 8.54209416150196 × 10^336 |
| 104 | ov_104 | 7.352896636580002 × 10^336 |
| 105 | ov_105 | 6.28200275261921 × 10^336 |
| 106 | ov_106 | 5.322901154697287 × 10^336 |
| 107 | ov_107 | 4.469446058834294 × 10^336 |
| 108 | ov_108 | 3.715835945059281 × 10^336 |
| 109 | ov_109 | 3.0565948978841754 × 10^336 |
| 110 | ov_110 | 2.4865563907051412 × 10^336 |
| 111 | ov_111 | 2.000849322735104 × 10^336 |
| 112 | ov_112 | 1.5905721136685085 × 10^336 |
| 113 | ov_113 | 1.2473620453595973 × 10^336 |
| 114 | ov_114 | 9.633803876515634 × 10^335 |
| 115 | ov_115 | 7.313005642157822 × 10^335 |
| 116 | ov_116 | 5.44298988483218 × 10^335 |
| 117 | ov_117 | 3.960481470315637 × 10^335 |
| 118 | ov_118 | 2.807115196865527 × 10^335 |
| 119 | ov_119 | 1.9293996841834586 × 10^335 |
| 120 | ov_120 | 1.2786926986817272 × 10^335 |
| 121 | ov_121 | 8.111850905717266 × 10^334 |
| 122 | ov_122 | 4.878909452688854 × 10^334 |
| 123 | ov_123 | 2.7464197849338617 × 10^334 |
| 124 | ov_124 | 1.420846295563864 × 10^334 |
| 125 | ov_125 | 6.567872040935357 × 10^333 |
| 126 | ov_126 | 2.5696924114936485 × 10^333 |
| 127 | aaa_77_28 | 7.224592835043354 × 10^332 |
| 128 | aaa_77_29 | 2.2083704340318026 × 10^332 |
| 129 | ov_129 | 1.3489121584942358 × 10^332 |
| 130 | ov_130 | 1.3489072772065473 × 10^332 |
| 131 | ov_131 | 1.3489060874758977 × 10^332 |
| 132 | ov_132 | 1.1891914321838921 × 10^332 |
| 133 | ov_133 | 1.0456331362069623 × 10^332 |
| 134 | ov_134 | 9.164569060291414 × 10^331 |
| 135 | ov_135 | 7.999919568176152 × 10^331 |
| 136 | ov_136 | 6.946636602338237 × 10^331 |
| 137 | ov_137 | 5.997078725212758 × 10^331 |
| 138 | ov_138 | 5.144036922031775 × 10^331 |
| 139 | ov_139 | 4.380707129648795 × 10^331 |
| 140 | ov_140 | 3.700666043776625 × 10^331 |
| 141 | ov_141 | 3.0978499811576276 × 10^331 |
| 142 | ov_142 | 2.566536585244767 × 10^331 |
| 143 | ov_143 | 2.1013291757854814 × 10^331 |
| 144 | ov_144 | 1.6971435543371978 × 10^331 |
| 145 | ov_145 | 1.3491970892579922 × 10^331 |
| 146 | ov_146 | 1.052999879580253 × 10^331 |
| 147 | ov_147 | 8.043477402511875 × 10^330 |
| 148 | ov_148 | 5.993167354995004 × 10^330 |
| 149 | ov_149 | 4.3425900973590405 × 10^330 |
| 150 | ov_150 | 3.057996880187937 × 10^330 |
| 151 | ov_151 | 2.079997025076554 × 10^330 |
| 152 | ov_152 | 1.3545733552740991 × 10^330 |
| 153 | ov_153 | 8.330653788152749 × 10^329 |
| 154 | ov_154 | 4.7215899396634685 × 10^329 |
| 155 | ov_155 | 2.3388063201648254 × 10^329 |
| 156 | aaa_76_25 | 8.559428226054648 × 10^328 |
| 157 | aaa_76_26 | 4.486654320592111 × 10^328 |
| 158 | aaa_76_27 | 2.0767743888399924 × 10^328 |
| 159 | aaa_76_28 | 8.136342578940154 × 10^327 |
| 160 | aaa_76_29 | 2.49039861266155 × 10^327 |

### Output Bits Sorted by Complexity

| Rank | Output Bit | Complexity |
|:----:|:----------:|:----------:|
| 160 | aaa_76_29 | 2.49039861266155 × 10^327 |
| 159 | aaa_76_28 | 8.136342578940154 × 10^327 |
| 158 | aaa_76_27 | 2.0767743888399924 × 10^328 |
| 157 | aaa_76_26 | 4.486654320592111 × 10^328 |
| 156 | aaa_76_25 | 8.559428226054648 × 10^328 |
| 155 | ov_155 | 2.3388063201648254 × 10^329 |
| 154 | ov_154 | 4.7215899396634685 × 10^329 |
| 153 | ov_153 | 8.330653788152749 × 10^329 |
| 152 | ov_152 | 1.3545733552740991 × 10^330 |
| 151 | ov_151 | 2.079997025076554 × 10^330 |
| 150 | ov_150 | 3.057996880187937 × 10^330 |
| 149 | ov_149 | 4.3425900973590405 × 10^330 |
| 148 | ov_148 | 5.993167354995004 × 10^330 |
| 147 | ov_147 | 8.043477402511875 × 10^330 |
| 146 | ov_146 | 1.052999879580253 × 10^331 |
| 145 | ov_145 | 1.3491970892579922 × 10^331 |
| 144 | ov_144 | 1.6971435543371978 × 10^331 |
| 143 | ov_143 | 2.1013291757854814 × 10^331 |
| 142 | ov_142 | 2.566536585244767 × 10^331 |
| 141 | ov_141 | 3.0978499811576276 × 10^331 |
| 140 | ov_140 | 3.700666043776625 × 10^331 |
| 139 | ov_139 | 4.380707129648795 × 10^331 |
| 138 | ov_138 | 5.144036922031775 × 10^331 |
| 137 | ov_137 | 5.997078725212758 × 10^331 |
| 136 | ov_136 | 6.946636602338237 × 10^331 |
| 135 | ov_135 | 7.999919568176152 × 10^331 |
| 134 | ov_134 | 9.164569060291414 × 10^331 |
| 133 | ov_133 | 1.0456331362069623 × 10^332 |
| 132 | ov_132 | 1.1891914321838921 × 10^332 |
| 131 | ov_131 | 1.3489060874758977 × 10^332 |
| 130 | ov_130 | 1.3489072772065473 × 10^332 |
| 129 | ov_129 | 1.3489121584942358 × 10^332 |
| 128 | aaa_77_29 | 2.2083704340318026 × 10^332 |
| 127 | aaa_77_28 | 7.224592835043354 × 10^332 |
| 126 | ov_126 | 2.5696924114936485 × 10^333 |
| 125 | ov_125 | 6.567872040935357 × 10^333 |
| 124 | ov_124 | 1.420846295563864 × 10^334 |
| 123 | ov_123 | 2.7464197849338617 × 10^334 |
| 122 | ov_122 | 4.878909452688854 × 10^334 |
| 121 | ov_121 | 8.111850905717266 × 10^334 |
| 120 | ov_120 | 1.2786926986817272 × 10^335 |
| 119 | ov_119 | 1.9293996841834586 × 10^335 |
| 118 | ov_118 | 2.807115196865527 × 10^335 |
| 117 | ov_117 | 3.960481470315637 × 10^335 |
| 116 | ov_116 | 5.44298988483218 × 10^335 |
| 115 | ov_115 | 7.313005642157822 × 10^335 |
| 114 | ov_114 | 9.633803876515634 × 10^335 |
| 113 | ov_113 | 1.2473620453595973 × 10^336 |
| 112 | ov_112 | 1.5905721136685085 × 10^336 |
| 111 | ov_111 | 2.000849322735104 × 10^336 |
| 110 | ov_110 | 2.4865563907051412 × 10^336 |
| 109 | ov_109 | 3.0565948978841754 × 10^336 |
| 108 | ov_108 | 3.715835945059281 × 10^336 |
| 107 | ov_107 | 4.469446058834294 × 10^336 |
| 106 | ov_106 | 5.322901154697287 × 10^336 |
| 105 | ov_105 | 6.28200275261921 × 10^336 |
| 104 | ov_104 | 7.352896636580002 × 10^336 |
| 103 | ov_103 | 8.54209416150196 × 10^336 |
| 102 | ov_102 | 9.856496423592486 × 10^336 |
| 101 | ov_101 | 1.1303421523149996 × 10^337 |
| 100 | ov_100 | 1.289795326286496 × 10^337 |
| 99 | ov_099 | 1.465610483996226 × 10^337 |
| 98 | ov_098 | 1.465611537279192 × 10^337 |
| 97 | ov_097 | 1.4656158617775815 × 10^337 |
| 96 | aaa_78_29 | 1.5154121562922054 × 10^337 |
| 95 | aaa_78_28 | 4.0186756968899705 × 10^337 |
| 94 | ov_094 | 1.253716006924099 × 10^338 |
| 93 | ov_093 | 2.8063082804147497 × 10^338 |
| 92 | ov_092 | 5.327989519712291 × 10^338 |
| 91 | ov_091 | 9.08710803660999 × 10^338 |
| 90 | ov_090 | 1.4352024222889263 × 10^339 |
| 89 | ov_089 | 2.139113361007663 × 10^339 |
| 88 | ov_088 | 3.047291589556658 × 10^339 |
| 87 | ov_087 | 4.1866025639880495 × 10^339 |
| 86 | ov_086 | 5.583944278400735 × 10^339 |
| 85 | ov_085 | 7.266270207817075 × 10^339 |
| 64 | lv_79_m31 | 8.707816485556598 × 10^339 |
| 84 | ov_084 | 9.260622067400059 × 10^339 |
| 83 | ov_083 | 1.1594174313435383 × 10^340 |
| 82 | ov_082 | 1.4294292312081293 × 10^340 |
| 81 | ov_081 | 1.738860610319068 × 10^340 |
| 80 | ov_080 | 2.0905101688934974 × 10^340 |
| 79 | ov_079 | 2.4872231781095964 × 10^340 |
| 78 | ov_078 | 2.9319047947556902 × 10^340 |
| 77 | ov_077 | 3.427535610867678 × 10^340 |
| 76 | ov_076 | 3.977189734900171 × 10^340 |
| 63 | ov_063 | 4.429719086144356 × 10^340 |
| 75 | ov_075 | 4.584055603045512 × 10^340 |
| 74 | ov_074 | 5.251459722122649 × 10^340 |
| 73 | ov_073 | 5.9828935491657585 × 10^340 |
| 72 | ov_072 | 6.782043717613244 × 10^340 |
| 71 | ov_071 | 7.652825367221955 × 10^340 |
| 70 | ov_070 | 8.599417855041091 × 10^340 |
| 69 | ov_069 | 9.626302534431325 × 10^340 |
| 68 | ov_068 | 1.0738302726127473 × 10^341 |
| 67 | ov_067 | 1.1940626011842002 × 10^341 |
| 66 | ov_066 | 1.1940744931594481 × 10^341 |
| 65 | ov_065 | 1.1941114211325697 × 10^341 |
| 62 | ov_062 | 2.25321310073891 × 10^341 |
| 61 | ov_061 | 8.149136758445958 × 10^341 |
| 60 | ov_060 | 2.3151516293541557 × 10^342 |
| 59 | ov_059 | 5.546756103759864 × 10^342 |
| 58 | ov_058 | 1.1696288610971721 × 10^343 |
| 57 | ov_057 | 2.2328204324668486 × 10^343 |
| 56 | ov_056 | 3.938495008502328 × 10^343 |
| 55 | ov_055 | 6.5187219442695685 × 10^343 |
| 54 | ov_054 | 1.0243449940795717 × 10^344 |
| 53 | ov_053 | 1.5420608446142794 × 10^344 |
| 52 | ov_052 | 2.2396276038840043 × 10^344 |
| 51 | ov_051 | 3.155493708902376 × 10^344 |
| 50 | ov_050 | 4.3319848169650694 × 10^344 |
| 49 | ov_049 | 5.81535356928285 × 10^344 |
| 48 | ov_048 | 7.655844625214471 × 10^344 |
| 32 | lv_80_m31 | 9.241292715394914 × 10^344 |
| 47 | ov_047 | 9.907777116364298 × 10^344 |
| 46 | ov_046 | 1.26296466719888 × 10^345 |
| 45 | ov_045 | 1.5884249170893852 × 10^345 |
| 44 | ov_044 | 1.973882838100988 × 10^345 |
| 43 | ov_043 | 2.423049578514194 × 10^345 |
| 42 | ov_042 | 2.939882878094616 × 10^345 |
| 41 | ov_041 | 3.5285994759763015 × 10^345 |
| 40 | ov_040 | 4.193689208116737 × 10^345 |
| 31 | ov_031 | 4.718057347652273 × 10^345 |
| 39 | ov_039 | 4.939930908288438 × 10^345 |
| 38 | ov_038 | 5.772410228992133 × 10^345 |
| 37 | ov_037 | 6.696539501720613 × 10^345 |
| 36 | ov_036 | 7.718079759771813 × 10^345 |
| 35 | ov_035 | 8.843165051413566 × 10^345 |
| 34 | ov_034 | 1.0084463225033618 × 10^346 |
| 33 | ov_033 | 1.1455470933337413 × 10^346 |
| 30 | ov_030 | 2.4083475738612606 × 10^346 |
| 29 | ov_029 | 8.73868850547064 × 10^346 |
| 28 | ov_028 | 2.490754228651138 × 10^347 |
| 27 | ov_027 | 5.98638875911311 × 10^347 |
| 26 | ov_026 | 1.2659640641341493 × 10^348 |
| 25 | ov_025 | 2.422706163984888 × 10^348 |
| 24 | ov_024 | 4.2822899591320703 × 10^348 |
| 23 | ov_023 | 6.982758650973169 × 10^348 |
| 22 | ov_022 | 1.0683050425989895 × 10^349 |
| 21 | ov_021 | 1.556301257238752 × 10^349 |
| 20 | ov_020 | 2.182342764726467 × 10^349 |
| 19 | ov_019 | 2.9886840509438556 × 10^349 |
| 18 | ov_018 | 4.0217826061399925 × 10^349 |
| 17 | ov_017 | 5.33231657203166 × 10^349 |
| 16 | ov_016 | 6.9752105412380476 × 10^349 |
| 15 | ov_015 | 9.009671820853979 × 10^349 |
| 14 | ov_014 | 1.1499239776640874 × 10^350 |
| 13 | ov_013 | 1.4511851180732585 × 10^350 |
| 12 | ov_012 | 1.8119924794706475 × 10^350 |
| 11 | ov_011 | 2.2400468732322795 × 10^350 |
| 10 | ov_010 | 2.7435214463322734 × 10^350 |
| 9 | ov_009 | 3.326871652763524 × 10^350 |
| 8 | ov_008 | 3.994812839521965 × 10^350 |
| 7 | ov_007 | 4.75233333252769 × 10^350 |
| 6 | ov_006 | 5.6047098923462585 × 10^350 |
| 5 | ov_005 | 6.557525720755804 × 10^350 |
| 4 | ov_004 | 7.616691176595212 × 10^350 |
| 3 | ov_003 | 8.788467369705515 × 10^350 |
| 2 | ov_002 | 1.0079492812718822 × 10^351 |
| 1 | ov_001 | 1.1503451834660282 × 10^351 |

