# Results for F001-F002-F003-F004-F005-F006-F007-F008-F009-F010-F011-F012-F013-F014-F015-F016-F017-F018-F019-F020-F021-F022-F023-F024-F025-F026-F027-F028-F029-F030-F031-F032-F033-F034-F035-F036-F037-F038-F039-F040-F041-F042-F043-F044-F045-F046-F047-F048-F049-F050-F051-F052-F053-F054-F055-F056-F057-F058-F059-F060-F061-F062-F063-F064-F065-F066-F067-F068-F069-F070-F071-F072-F073-F074-F075-F076-F077-F078-F079-F080-F081-F082-F083-F084-F085-F086-F087-F088-F089-F090-F091-F092-F093-F094-F095-F096-F097-F098-F099-F100-F101-F102-F103-F104-F105-F106-F107-F108-F109-F110-F111-F112-F113-F114-F115-F116-F117-F118-F119-F120-F121-F122-F123-F124-F125-F126-F127-F128-F129-F130-F131-F132-F133-F134-F135-F136-F137-F138-F139-F140-F141-F142-F143-F144-F145-F146-F147-F148-F149-F150-F151-F152-F153-F154-F155-F156-F157-F158-F159-F160-F161-F162-F163-F164-F165-F166-F167-F168-F169-F170-F171-F172-F173-F174-F175-F176-F177-F178-F179-F180-F181-F182-F183-F184-F185-F186-F187-F188-F189-F190-F191-F192-F193-F194-F195-F196-F197-F198-F199-F200-F201-F202-F203-F204-F205-F206-F207-F208-F209-F210-F211-F212-F213-F214-F215-F216-F217-F218-F219-F220-F221-F222-F223-F224-F225-F226-F227-F228-F229-F230-F231-F232-F233-F234-F235-F236-F237-F238-F239-F240-F241-F242-F243-F244-F245-F246-F247-F248-F249-F250-F251-F252-F253-F254-F255-F256-F257-F258-F259-F260-F261-F262-F263-F264-F265-F266-F267-F268-F269-F270-F271-F272-F273-F274-F275-F276-F277-F278-F279-F280-F281-F282-F283-F284-F285-F286-F287-F288-F289-F290-F291-F292-F293-F294-F295-F296-F297-F298-F299-F300-F301-F302-F303-F304-F305-F306-F307-F308-F309-F310-F311-F312-F313-F314-F315-F316-F317-F318-F319-F320-F321-F322-F323-F324-F325-F326-F327-F328-F329-F330-F331-F332-F333-F334-F335-F336-F337-F338-F339-F340-F341-F342-F343-F344-F345-F346-F347-F348-F349-F350-F351-F352-F353-F354-F355-F356-F357-F358-F359-F360-F361-F362-F363-F364-F365-F366-F367-F368-F369-F370-F371-F372-F373-F374-F375-F376-F377-F378-F379-F380-F381-F382-F383-F384-F385-F386-F387-F388-F389-F390-F391-F392-F393-F394-F395-F396-F397-F398-F399-F400-F401-F402-F403-F404-F405-F406-F407-F408-F409-F410-F411-F412-F413-F414-F415-F416-F417-F418-F419-F420-F421-F422-F423-F424-F425-F426-F427-F428-F429-F430-F431-F432-F433-F434-F435-F436-F437-F438-F439-F440-F441-F442-F443-F444-F445-F446-F447-F448-F449-F450-F451-F452-F453-F454-F455-F456-F457-F458-F459-F460-F461-F462-F463-F464-F465-F466-F467-F468-F469-F470-F471-F472-F473-F474-F475-F476-F477-F478-F479-F480-F481-F482-F483-F484-F485-F486-F487-F488-F489-F490-F491-F492-F493-F494-F495-F496-F497-F498-F499-F500-F501-O507509

## Summary

Number of input bits: 512  
Number of free input bits: 10  
Number of output bits: 160

Number of direct occurrences: 41956  
Number of assignments: 31633  
Number of operations: 11888386
(xor: 11857620,
and: 17478,
or: 13288)

Total complexity: 6.915143871733819 × 10^307

Least occurring input variable: iv_504 (3986)  
Most occurring input variable: iv_512 (4425)

Most co-occurring input variables: iv_505-iv_512 (2154)  
Least co-occurring input variables: iv_504-iv_506 (1825)

Potentially most occurring input variable: iv_507/iv_512 (4575)  
Potentially least occurring input variable: iv_504/iv_505 (4175)

Least output occurring input variable: iv_507 (72)  
Most output occurring input variable: iv_512 (86)

Most output co-occurring input variables: iv_505-iv_512 (49)  
Least output co-occurring input variables: iv_507-iv_511 (28)

Potentially most output occurring input variable: iv_507/iv_511 (89)  
Potentially least output occurring input variable: iv_510/iv_511 (70)

Least complex input bit: iv_502 (9.344223304645862 × 10^305)  
Most complex input bit: iv_510 (1.864014316376787 × 10^307)

Least complex output bit: aaa_76_29 (1.5886766593691187 × 10^282)  
Most complex output bit: ov_001 (1.0861116062734653 × 10^307)

Least complex input/output complexity: iv_502/aaa_76_29 (2.14673038470013 × 10^280)  
Most complex input/output complexity: iv_510/ov_001 (2.927672396740923 × 10^306)

Input variable with highest collision probability: iv_508 (½^160.00000000000057)

## Input Bits

### Input Bits in Regular Order

| Input Bit | Complexity | Occurrences | Output Occurrences | Collision Probability |
|:---------:|:----------:|:-----------:|:------------------:|:---------------------:|
| iv_502 | 9.344223304645862 × 10^305 | 4156 | 84 | ½^160.00000000000074 |
| iv_503 | 1.643454547265322 × 10^306 | 4195 | 78 | ½^160.00000000000077 |
| iv_504 | 2.6998937119589822 × 10^306 | 3986 | 83 | ½^160.0000000000007 |
| iv_505 | 4.243167296449564 × 10^306 | 4341 | 85 | ½^160.0000000000007 |
| iv_506 | 2.211331242848518 × 10^306 | 4004 | 76 | ½^160.00000000000074 |
| iv_507 | 1.5483360966229486 × 10^307 | 4386 | 72 | ½^160.00000000000068 |
| iv_508 | 7.213891814258891 × 10^306 | 4041 | 77 | ½^160.00000000000057 |
| iv_510 | 1.864014316376787 × 10^307 | 4173 | 79 | ½^160.0000000000007 |
| iv_511 | 7.472584361713563 × 10^306 | 4249 | 73 | ½^160.00000000000085 |
| iv_512 | 8.609189282381429 × 10^306 | 4425 | 86 | ½^160.00000000000082 |

### Input Bits Sorted by Complexity

| Input Bit | Complexity | Occurrences | Output Occurrences | Collision Probability |
|:---------:|:----------:|:-----------:|:------------------:|:---------------------:|
| iv_502 | 9.344223304645862 × 10^305 | 4156 | 84 | ½^160.00000000000074 |
| iv_503 | 1.643454547265322 × 10^306 | 4195 | 78 | ½^160.00000000000077 |
| iv_506 | 2.211331242848518 × 10^306 | 4004 | 76 | ½^160.00000000000074 |
| iv_504 | 2.6998937119589822 × 10^306 | 3986 | 83 | ½^160.0000000000007 |
| iv_505 | 4.243167296449564 × 10^306 | 4341 | 85 | ½^160.0000000000007 |
| iv_508 | 7.213891814258891 × 10^306 | 4041 | 77 | ½^160.00000000000057 |
| iv_511 | 7.472584361713563 × 10^306 | 4249 | 73 | ½^160.00000000000085 |
| iv_512 | 8.609189282381429 × 10^306 | 4425 | 86 | ½^160.00000000000082 |
| iv_507 | 1.5483360966229486 × 10^307 | 4386 | 72 | ½^160.00000000000068 |
| iv_510 | 1.864014316376787 × 10^307 | 4173 | 79 | ½^160.0000000000007 |

### Input Bits Sorted by Occurrences

| Input Bit | Complexity | Occurrences | Output Occurrences | Collision Probability |
|:---------:|:----------:|:-----------:|:------------------:|:---------------------:|
| iv_504 | 2.6998937119589822 × 10^306 | 3986 | 83 | ½^160.0000000000007 |
| iv_506 | 2.211331242848518 × 10^306 | 4004 | 76 | ½^160.00000000000074 |
| iv_508 | 7.213891814258891 × 10^306 | 4041 | 77 | ½^160.00000000000057 |
| iv_502 | 9.344223304645862 × 10^305 | 4156 | 84 | ½^160.00000000000074 |
| iv_510 | 1.864014316376787 × 10^307 | 4173 | 79 | ½^160.0000000000007 |
| iv_503 | 1.643454547265322 × 10^306 | 4195 | 78 | ½^160.00000000000077 |
| iv_511 | 7.472584361713563 × 10^306 | 4249 | 73 | ½^160.00000000000085 |
| iv_505 | 4.243167296449564 × 10^306 | 4341 | 85 | ½^160.0000000000007 |
| iv_507 | 1.5483360966229486 × 10^307 | 4386 | 72 | ½^160.00000000000068 |
| iv_512 | 8.609189282381429 × 10^306 | 4425 | 86 | ½^160.00000000000082 |

### Input Bits Sorted by Output Occurrences

| Input Bit | Complexity | Occurrences | Output Occurrences | Collision Probability |
|:---------:|:----------:|:-----------:|:------------------:|:---------------------:|
| iv_507 | 1.5483360966229486 × 10^307 | 4386 | 72 | ½^160.00000000000068 |
| iv_511 | 7.472584361713563 × 10^306 | 4249 | 73 | ½^160.00000000000085 |
| iv_506 | 2.211331242848518 × 10^306 | 4004 | 76 | ½^160.00000000000074 |
| iv_508 | 7.213891814258891 × 10^306 | 4041 | 77 | ½^160.00000000000057 |
| iv_503 | 1.643454547265322 × 10^306 | 4195 | 78 | ½^160.00000000000077 |
| iv_510 | 1.864014316376787 × 10^307 | 4173 | 79 | ½^160.0000000000007 |
| iv_504 | 2.6998937119589822 × 10^306 | 3986 | 83 | ½^160.0000000000007 |
| iv_502 | 9.344223304645862 × 10^305 | 4156 | 84 | ½^160.00000000000074 |
| iv_505 | 4.243167296449564 × 10^306 | 4341 | 85 | ½^160.0000000000007 |
| iv_512 | 8.609189282381429 × 10^306 | 4425 | 86 | ½^160.00000000000082 |

### Input Bits Sorted by Collision Probability

| Input Bit | Complexity | Occurrences | Output Occurrences | Collision Probability |
|:---------:|:----------:|:-----------:|:------------------:|:---------------------:|
| iv_508 | 7.213891814258891 × 10^306 | 4041 | 77 | ½^160.00000000000057 |
| iv_507 | 1.5483360966229486 × 10^307 | 4386 | 72 | ½^160.00000000000068 |
| iv_505 | 4.243167296449564 × 10^306 | 4341 | 85 | ½^160.0000000000007 |
| iv_504 | 2.6998937119589822 × 10^306 | 3986 | 83 | ½^160.0000000000007 |
| iv_510 | 1.864014316376787 × 10^307 | 4173 | 79 | ½^160.0000000000007 |
| iv_502 | 9.344223304645862 × 10^305 | 4156 | 84 | ½^160.00000000000074 |
| iv_506 | 2.211331242848518 × 10^306 | 4004 | 76 | ½^160.00000000000074 |
| iv_503 | 1.643454547265322 × 10^306 | 4195 | 78 | ½^160.00000000000077 |
| iv_512 | 8.609189282381429 × 10^306 | 4425 | 86 | ½^160.00000000000082 |
| iv_511 | 7.472584361713563 × 10^306 | 4249 | 73 | ½^160.00000000000085 |

## Input Bit/Output Bit Collision Probabilities

| Input Bit | Output Bit | Collision Probability |
|:---------:|:----------:|:---------------------:|
| iv_504 | ov_036 | 0.500000000000002 |
| iv_508 | ov_054 | 0.500000000000002 |
| iv_508 | ov_093 | 0.500000000000002 |
| iv_508 | aaa_78_28 | 0.5000000000000019 |
| iv_502 | ov_063 | 0.5000000000000018 |
| iv_502 | ov_153 | 0.5000000000000018 |
| iv_507 | ov_136 | 0.5000000000000018 |
| iv_507 | ov_147 | 0.5000000000000018 |
| iv_508 | ov_084 | 0.5000000000000018 |
| iv_512 | ov_035 | 0.5000000000000018 |

## Input Bit Co-occurrences

### Input Bit Co-occurrences Sorted by Co-occurrences

| Input Bits | Co-occurrences | Potential Occurrences | Output Co-occurrences | Potential Output Occurrences |
|:----------:|:--------------:|:---------------------:|:---------------------:|:----------------------------:|
| iv_505-iv_512 | 2154 | 4458 | 49 | 73 |
| iv_505-iv_507 | 2120 | 4487 | 39 | 79 |
| iv_507-iv_512 | 2118 | 4575 | 36 | 86 |
| iv_505-iv_511 | 2104 | 4382 | 39 | 80 |
| iv_511-iv_512 | 2095 | 4484 | 39 | 81 |
| iv_503-iv_512 | 2085 | 4450 | 38 | 88 |
| iv_503-iv_511 | 2077 | 4290 | 35 | 81 |
| iv_504-iv_505 | 2076 | 4175 | 47 | 74 |
| iv_502-iv_512 | 2063 | 4455 | 46 | 78 |
| iv_510-iv_512 | 2058 | 4482 | 43 | 79 |

### Input Bit Co-occurrences Sorted by Potential Occurrences

| Input Bits | Co-occurrences | Potential Occurrences | Output Co-occurrences | Potential Output Occurrences |
|:----------:|:--------------:|:---------------------:|:---------------------:|:----------------------------:|
| iv_504-iv_505 | 2076 | 4175 | 47 | 74 |
| iv_506-iv_508 | 1880 | 4285 | 38 | 77 |
| iv_503-iv_511 | 2077 | 4290 | 35 | 81 |
| iv_508-iv_511 | 1998 | 4294 | 37 | 76 |
| iv_504-iv_508 | 1863 | 4301 | 36 | 88 |
| iv_506-iv_510 | 1938 | 4301 | 37 | 81 |
| iv_506-iv_507 | 2027 | 4336 | 38 | 72 |
| iv_504-iv_506 | 1825 | 4340 | 41 | 77 |
| iv_502-iv_504 | 1900 | 4342 | 40 | 87 |
| iv_508-iv_510 | 1923 | 4368 | 37 | 82 |

### Input Bit Output Co-occurrences Sorted by Output Co-occurrences

| Input Bits | Co-occurrences | Potential Occurrences | Output Co-occurrences | Potential Output Occurrences |
|:----------:|:--------------:|:---------------------:|:---------------------:|:----------------------------:|
| iv_505-iv_512 | 2154 | 4458 | 49 | 73 |
| iv_504-iv_505 | 2076 | 4175 | 47 | 74 |
| iv_502-iv_505 | 2043 | 4411 | 46 | 77 |
| iv_502-iv_512 | 2063 | 4455 | 46 | 78 |
| iv_504-iv_512 | 1987 | 4437 | 45 | 79 |
| iv_508-iv_512 | 2042 | 4382 | 44 | 75 |
| iv_506-iv_512 | 2012 | 4405 | 44 | 74 |
| iv_510-iv_512 | 2058 | 4482 | 43 | 79 |
| iv_503-iv_504 | 1869 | 4443 | 42 | 77 |
| iv_505-iv_508 | 2005 | 4372 | 42 | 78 |

### Input Bit Output Co-occurrences Sorted by Potential Output Occurrences

| Input Bits | Co-occurrences | Potential Occurrences | Output Co-occurrences | Potential Output Occurrences |
|:----------:|:--------------:|:---------------------:|:---------------------:|:----------------------------:|
| iv_510-iv_511 | 2009 | 4404 | 41 | 70 |
| iv_506-iv_507 | 2027 | 4336 | 38 | 72 |
| iv_505-iv_512 | 2154 | 4458 | 49 | 73 |
| iv_504-iv_505 | 2076 | 4175 | 47 | 74 |
| iv_504-iv_511 | 1918 | 4399 | 41 | 74 |
| iv_506-iv_512 | 2012 | 4405 | 44 | 74 |
| iv_508-iv_512 | 2042 | 4382 | 44 | 75 |
| iv_506-iv_511 | 1915 | 4423 | 37 | 75 |
| iv_508-iv_511 | 1998 | 4294 | 37 | 76 |
| iv_503-iv_504 | 1869 | 4443 | 42 | 77 |

## Output Bits

### Output Bits in Regular Order

| Rank | Output Bit | Complexity |
|:----:|:----------:|:----------:|
| 1 | ov_001 | 1.0861116062734653 × 10^307 |
| 2 | ov_002 | 9.457478769174866 × 10^306 |
| 3 | ov_003 | 8.188875992115548 × 10^306 |
| 4 | ov_004 | 7.049716389235851 × 10^306 |
| 5 | ov_005 | 6.0347151859805115 × 10^306 |
| 6 | ov_006 | 5.1341366117117786 × 10^306 |
| 7 | ov_007 | 4.3387582659160596 × 10^306 |
| 8 | ov_008 | 3.639839973171572 × 10^306 |
| 9 | ov_009 | 3.029096989468868 × 10^306 |
| 10 | ov_010 | 2.4986770712380915 × 10^306 |
| 11 | ov_011 | 2.0411410317356858 × 10^306 |
| 12 | ov_012 | 1.6494465169355854 × 10^306 |
| 13 | ov_013 | 1.3169347536753513 × 10^306 |
| 14 | ov_014 | 1.0373199668212492 × 10^306 |
| 15 | ov_015 | 8.046811109784887 × 10^305 |
| 16 | ov_016 | 6.134555632759953 × 10^305 |
| 17 | ov_017 | 4.584344499923323 × 10^305 |
| 18 | ov_018 | 3.34759305919034 × 10^305 |
| 19 | ov_019 | 2.3791979142007914 × 10^305 |
| 20 | ov_020 | 1.6375221816961355 × 10^305 |
| 21 | ov_021 | 1.0843866055206258 × 10^305 |
| 22 | ov_022 | 6.850645569952072 × 10^304 |
| 23 | ov_023 | 4.0827928568307313 × 10^304 |
| 24 | ov_024 | 2.2620230959896437 × 10^304 |
| 25 | ov_025 | 1.1445241035741528 × 10^304 |
| 26 | ov_026 | 5.2095030013168556 × 10^303 |
| 27 | ov_027 | 2.1641947188679914 × 10^303 |
| 28 | ov_028 | 9.051126725637523 × 10^302 |
| 29 | ov_029 | 3.7266622142534285 × 10^302 |
| 30 | ov_030 | 1.2321291689754425 × 10^302 |
| 31 | ov_031 | 2.981205497275615 × 10^301 |
| 32 | lv_80_k31 | 7.210961322478157 × 10^300 |
| 33 | ov_033 | 8.637679982433099 × 10^301 |
| 34 | ov_034 | 7.472071066859296 × 10^301 |
| 35 | ov_035 | 6.432435992605033 × 10^301 |
| 36 | ov_036 | 5.508512096769229 × 10^301 |
| 37 | ov_037 | 4.6905949963896404 × 10^301 |
| 38 | ov_038 | 3.9694988640879136 × 10^301 |
| 39 | ov_039 | 3.3365219709828295 × 10^301 |
| 40 | ov_040 | 2.783417012322738 × 10^301 |
| 41 | ov_041 | 2.3023657554553296 × 10^301 |
| 42 | ov_042 | 1.8859575734402649 × 10^301 |
| 43 | ov_043 | 1.5271714509411573 × 10^301 |
| 44 | ov_044 | 1.2193610720981356 × 10^301 |
| 45 | ov_045 | 9.562426229417442 × 10^300 |
| 46 | ov_046 | 7.347634557937234 × 10^300 |
| 47 | ov_047 | 5.5204507846398154 × 10^300 |
| 48 | ov_048 | 4.053797371964572 × 10^300 |
| 49 | ov_049 | 2.8985434743954406 × 10^300 |
| 50 | ov_050 | 2.0088677796312015 × 10^300 |
| 51 | ov_051 | 1.3422348687686334 × 10^300 |
| 52 | ov_052 | 8.593792941468013 × 10^299 |
| 53 | ov_053 | 5.242954891827416 × 10^299 |
| 54 | ov_054 | 3.0423184578058746 × 10^299 |
| 55 | ov_055 | 1.6968751600838496 × 10^299 |
| 56 | ov_056 | 9.441076453058708 × 10^298 |
| 57 | ov_057 | 5.539808672797378 × 10^298 |
| 58 | ov_058 | 3.2893711520299986 × 10^298 |
| 59 | ov_059 | 1.7831642208977022 × 10^298 |
| 60 | ov_060 | 8.588223178382207 × 10^297 |
| 61 | ov_061 | 3.539809913878611 × 10^297 |
| 62 | ov_062 | 1.1715077090944435 × 10^297 |
| 63 | ov_063 | 2.8374610628058993 × 10^296 |
| 64 | lv_79_k31 | 6.870098796592247 × 10^295 |
| 65 | ov_065 | 8.173324561154001 × 10^296 |
| 66 | ov_066 | 8.173307458392786 × 10^296 |
| 67 | ov_067 | 8.173302065757535 × 10^296 |
| 68 | ov_068 | 7.085831951553111 × 10^296 |
| 69 | ov_069 | 6.107535132303373 × 10^296 |
| 70 | ov_070 | 5.2341355025269285 × 10^296 |
| 71 | ov_071 | 4.4577040791064565 × 10^296 |
| 72 | ov_072 | 3.770694199305139 × 10^296 |
| 73 | ov_073 | 3.165918453479221 × 10^296 |
| 74 | ov_074 | 2.636529983738548 × 10^296 |
| 75 | ov_075 | 2.1760075655495385 × 10^296 |
| 76 | ov_076 | 1.7781439204276652 × 10^296 |
| 77 | ov_077 | 1.4370367380026361 × 10^296 |
| 78 | ov_078 | 1.1470819150554041 × 10^296 |
| 79 | ov_079 | 9.029685477913229 × 10^295 |
| 80 | ov_080 | 6.996752417732778 × 10^295 |
| 81 | ov_081 | 5.324673317143968 × 10^295 |
| 82 | ov_082 | 3.968946698587055 × 10^295 |
| 83 | ov_083 | 2.8878978269881014 × 10^295 |
| 84 | ov_084 | 2.0426632653314776 × 10^295 |
| 85 | ov_085 | 1.3971781484026451 × 10^295 |
| 86 | ov_086 | 9.181659047729998 × 10^294 |
| 87 | ov_087 | 5.751301572583456 × 10^294 |
| 88 | ov_088 | 3.4034853217003 × 10^294 |
| 89 | ov_089 | 1.8886810772813694 × 10^294 |
| 90 | ov_090 | 9.850223203551433 × 10^293 |
| 91 | ov_091 | 4.982844102807244 × 10^293 |
| 92 | ov_092 | 2.618720909301085 × 10^293 |
| 93 | ov_093 | 1.3681278415105623 × 10^293 |
| 94 | ov_094 | 6.052531786127468 × 10^292 |
| 95 | aaa_78_28 | 1.9200647505107879 × 10^292 |
| 96 | aaa_78_29 | 7.128348323912416 × 10^291 |
| 97 | ov_097 | 6.028210319774762 × 10^291 |
| 98 | ov_098 | 6.028165826176676 × 10^291 |
| 99 | ov_099 | 6.028151615395274 × 10^291 |
| 100 | ov_100 | 5.05795312598295 × 10^291 |
| 101 | ov_101 | 4.211314942191522 × 10^291 |
| 102 | ov_102 | 3.477293125355509 × 10^291 |
| 103 | ov_103 | 2.8455440547008895 × 10^291 |
| 104 | ov_104 | 2.3062805294232985 × 10^291 |
| 105 | ov_105 | 1.8502335800539572 × 10^291 |
| 106 | ov_106 | 1.4686194685008308 × 10^291 |
| 107 | ov_107 | 1.1531113840866866 × 10^291 |
| 108 | ov_108 | 8.958153696820954 × 10^290 |
| 109 | ov_109 | 6.8925003784693054 × 10^290 |
| 110 | ov_110 | 5.263296619216843 × 10^290 |
| 111 | ov_111 | 4.003502514019765 × 10^290 |
| 112 | ov_112 | 3.0497824481982496 × 10^290 |
| 113 | ov_113 | 2.3424147685961416 × 10^290 |
| 114 | ov_114 | 1.8252209965147307 × 10^290 |
| 115 | ov_115 | 1.4455116118832845 × 10^290 |
| 116 | ov_116 | 1.154045666684639 × 10^290 |
| 117 | ov_117 | 9.050017132214374 × 10^289 |
| 118 | ov_118 | 6.949933733907879 × 10^289 |
| 119 | ov_119 | 5.206422149396629 × 10^289 |
| 120 | ov_120 | 3.7857422765446326 × 10^289 |
| 121 | ov_121 | 2.6541768150157476 × 10^289 |
| 122 | ov_122 | 1.778020384455277 × 10^289 |
| 123 | ov_123 | 1.123574421364318 × 10^289 |
| 124 | ov_124 | 6.571442091538028 × 10^288 |
| 125 | ov_125 | 3.450369299959326 × 10^288 |
| 126 | ov_126 | 1.535605446919194 × 10^288 |
| 127 | aaa_77_28 | 4.90232627511804 × 10^287 |
| 128 | aaa_77_29 | 1.8372020470894644 × 10^287 |
| 129 | ov_129 | 1.6926457475834543 × 10^287 |
| 130 | ov_130 | 1.6926418832992397 × 10^287 |
| 131 | ov_131 | 1.69264064211842 × 10^287 |
| 132 | ov_132 | 1.4659763639028274 × 10^287 |
| 133 | ov_133 | 1.2630754385980673 × 10^287 |
| 134 | ov_134 | 1.082122039854865 × 10^287 |
| 135 | ov_135 | 9.214016870479705 × 10^286 |
| 136 | ov_136 | 7.792938730277112 × 10^286 |
| 137 | ov_137 | 6.542656294694673 × 10^286 |
| 138 | ov_138 | 5.448659620275186 × 10^286 |
| 139 | ov_139 | 4.497210749706028 × 10^286 |
| 140 | ov_140 | 3.675303039226025 × 10^286 |
| 141 | ov_141 | 2.97062679808644 × 10^286 |
| 142 | ov_142 | 2.371540514762942 × 10^286 |
| 143 | ov_143 | 1.8670469874782596 × 10^286 |
| 144 | ov_144 | 1.4467737536344821 × 10^286 |
| 145 | ov_145 | 1.1009573241374732 × 10^286 |
| 146 | ov_146 | 8.204307700463822 × 10^285 |
| 147 | ov_147 | 5.966141806048566 × 10^285 |
| 148 | ov_148 | 4.215075179995995 × 10^285 |
| 149 | ov_149 | 2.876854352021917 × 10^285 |
| 150 | ov_150 | 1.8829366421303275 × 10^285 |
| 151 | ov_151 | 1.1704662296254839 × 10^285 |
| 152 | ov_152 | 6.822593004551488 × 10^284 |
| 153 | ov_153 | 3.667955737569855 × 10^284 |
| 154 | ov_154 | 1.7821391753938493 × 10^284 |
| 155 | ov_155 | 7.6310232003623575 × 10^283 |
| 156 | aaa_76_25 | 2.6536459469205933 × 10^283 |
| 157 | aaa_76_26 | 1.6331596906904673 × 10^283 |
| 158 | aaa_76_27 | 8.954306976259072 × 10^282 |
| 159 | aaa_76_28 | 4.219554773829468 × 10^282 |
| 160 | aaa_76_29 | 1.5886766593691187 × 10^282 |

### Output Bits Sorted by Complexity

| Rank | Output Bit | Complexity |
|:----:|:----------:|:----------:|
| 160 | aaa_76_29 | 1.5886766593691187 × 10^282 |
| 159 | aaa_76_28 | 4.219554773829468 × 10^282 |
| 158 | aaa_76_27 | 8.954306976259072 × 10^282 |
| 157 | aaa_76_26 | 1.6331596906904673 × 10^283 |
| 156 | aaa_76_25 | 2.6536459469205933 × 10^283 |
| 155 | ov_155 | 7.6310232003623575 × 10^283 |
| 154 | ov_154 | 1.7821391753938493 × 10^284 |
| 153 | ov_153 | 3.667955737569855 × 10^284 |
| 152 | ov_152 | 6.822593004551488 × 10^284 |
| 151 | ov_151 | 1.1704662296254839 × 10^285 |
| 150 | ov_150 | 1.8829366421303275 × 10^285 |
| 149 | ov_149 | 2.876854352021917 × 10^285 |
| 148 | ov_148 | 4.215075179995995 × 10^285 |
| 147 | ov_147 | 5.966141806048566 × 10^285 |
| 146 | ov_146 | 8.204307700463822 × 10^285 |
| 145 | ov_145 | 1.1009573241374732 × 10^286 |
| 144 | ov_144 | 1.4467737536344821 × 10^286 |
| 143 | ov_143 | 1.8670469874782596 × 10^286 |
| 142 | ov_142 | 2.371540514762942 × 10^286 |
| 141 | ov_141 | 2.97062679808644 × 10^286 |
| 140 | ov_140 | 3.675303039226025 × 10^286 |
| 139 | ov_139 | 4.497210749706028 × 10^286 |
| 138 | ov_138 | 5.448659620275186 × 10^286 |
| 137 | ov_137 | 6.542656294694673 × 10^286 |
| 136 | ov_136 | 7.792938730277112 × 10^286 |
| 135 | ov_135 | 9.214016870479705 × 10^286 |
| 134 | ov_134 | 1.082122039854865 × 10^287 |
| 133 | ov_133 | 1.2630754385980673 × 10^287 |
| 132 | ov_132 | 1.4659763639028274 × 10^287 |
| 131 | ov_131 | 1.69264064211842 × 10^287 |
| 130 | ov_130 | 1.6926418832992397 × 10^287 |
| 129 | ov_129 | 1.6926457475834543 × 10^287 |
| 128 | aaa_77_29 | 1.8372020470894644 × 10^287 |
| 127 | aaa_77_28 | 4.90232627511804 × 10^287 |
| 126 | ov_126 | 1.535605446919194 × 10^288 |
| 125 | ov_125 | 3.450369299959326 × 10^288 |
| 124 | ov_124 | 6.571442091538028 × 10^288 |
| 123 | ov_123 | 1.123574421364318 × 10^289 |
| 122 | ov_122 | 1.778020384455277 × 10^289 |
| 121 | ov_121 | 2.6541768150157476 × 10^289 |
| 120 | ov_120 | 3.7857422765446326 × 10^289 |
| 119 | ov_119 | 5.206422149396629 × 10^289 |
| 118 | ov_118 | 6.949933733907879 × 10^289 |
| 117 | ov_117 | 9.050017132214374 × 10^289 |
| 116 | ov_116 | 1.154045666684639 × 10^290 |
| 115 | ov_115 | 1.4455116118832845 × 10^290 |
| 114 | ov_114 | 1.8252209965147307 × 10^290 |
| 113 | ov_113 | 2.3424147685961416 × 10^290 |
| 112 | ov_112 | 3.0497824481982496 × 10^290 |
| 111 | ov_111 | 4.003502514019765 × 10^290 |
| 110 | ov_110 | 5.263296619216843 × 10^290 |
| 109 | ov_109 | 6.8925003784693054 × 10^290 |
| 108 | ov_108 | 8.958153696820954 × 10^290 |
| 107 | ov_107 | 1.1531113840866866 × 10^291 |
| 106 | ov_106 | 1.4686194685008308 × 10^291 |
| 105 | ov_105 | 1.8502335800539572 × 10^291 |
| 104 | ov_104 | 2.3062805294232985 × 10^291 |
| 103 | ov_103 | 2.8455440547008895 × 10^291 |
| 102 | ov_102 | 3.477293125355509 × 10^291 |
| 101 | ov_101 | 4.211314942191522 × 10^291 |
| 100 | ov_100 | 5.05795312598295 × 10^291 |
| 99 | ov_099 | 6.028151615395274 × 10^291 |
| 98 | ov_098 | 6.028165826176676 × 10^291 |
| 97 | ov_097 | 6.028210319774762 × 10^291 |
| 96 | aaa_78_29 | 7.128348323912416 × 10^291 |
| 95 | aaa_78_28 | 1.9200647505107879 × 10^292 |
| 94 | ov_094 | 6.052531786127468 × 10^292 |
| 93 | ov_093 | 1.3681278415105623 × 10^293 |
| 92 | ov_092 | 2.618720909301085 × 10^293 |
| 91 | ov_091 | 4.982844102807244 × 10^293 |
| 90 | ov_090 | 9.850223203551433 × 10^293 |
| 89 | ov_089 | 1.8886810772813694 × 10^294 |
| 88 | ov_088 | 3.4034853217003 × 10^294 |
| 87 | ov_087 | 5.751301572583456 × 10^294 |
| 86 | ov_086 | 9.181659047729998 × 10^294 |
| 85 | ov_085 | 1.3971781484026451 × 10^295 |
| 84 | ov_084 | 2.0426632653314776 × 10^295 |
| 83 | ov_083 | 2.8878978269881014 × 10^295 |
| 82 | ov_082 | 3.968946698587055 × 10^295 |
| 81 | ov_081 | 5.324673317143968 × 10^295 |
| 64 | lv_79_k31 | 6.870098796592247 × 10^295 |
| 80 | ov_080 | 6.996752417732778 × 10^295 |
| 79 | ov_079 | 9.029685477913229 × 10^295 |
| 78 | ov_078 | 1.1470819150554041 × 10^296 |
| 77 | ov_077 | 1.4370367380026361 × 10^296 |
| 76 | ov_076 | 1.7781439204276652 × 10^296 |
| 75 | ov_075 | 2.1760075655495385 × 10^296 |
| 74 | ov_074 | 2.636529983738548 × 10^296 |
| 63 | ov_063 | 2.8374610628058993 × 10^296 |
| 73 | ov_073 | 3.165918453479221 × 10^296 |
| 72 | ov_072 | 3.770694199305139 × 10^296 |
| 71 | ov_071 | 4.4577040791064565 × 10^296 |
| 70 | ov_070 | 5.2341355025269285 × 10^296 |
| 69 | ov_069 | 6.107535132303373 × 10^296 |
| 68 | ov_068 | 7.085831951553111 × 10^296 |
| 67 | ov_067 | 8.173302065757535 × 10^296 |
| 66 | ov_066 | 8.173307458392786 × 10^296 |
| 65 | ov_065 | 8.173324561154001 × 10^296 |
| 62 | ov_062 | 1.1715077090944435 × 10^297 |
| 61 | ov_061 | 3.539809913878611 × 10^297 |
| 60 | ov_060 | 8.588223178382207 × 10^297 |
| 59 | ov_059 | 1.7831642208977022 × 10^298 |
| 58 | ov_058 | 3.2893711520299986 × 10^298 |
| 57 | ov_057 | 5.539808672797378 × 10^298 |
| 56 | ov_056 | 9.441076453058708 × 10^298 |
| 55 | ov_055 | 1.6968751600838496 × 10^299 |
| 54 | ov_054 | 3.0423184578058746 × 10^299 |
| 53 | ov_053 | 5.242954891827416 × 10^299 |
| 52 | ov_052 | 8.593792941468013 × 10^299 |
| 51 | ov_051 | 1.3422348687686334 × 10^300 |
| 50 | ov_050 | 2.0088677796312015 × 10^300 |
| 49 | ov_049 | 2.8985434743954406 × 10^300 |
| 48 | ov_048 | 4.053797371964572 × 10^300 |
| 47 | ov_047 | 5.5204507846398154 × 10^300 |
| 32 | lv_80_k31 | 7.210961322478157 × 10^300 |
| 46 | ov_046 | 7.347634557937234 × 10^300 |
| 45 | ov_045 | 9.562426229417442 × 10^300 |
| 44 | ov_044 | 1.2193610720981356 × 10^301 |
| 43 | ov_043 | 1.5271714509411573 × 10^301 |
| 42 | ov_042 | 1.8859575734402649 × 10^301 |
| 41 | ov_041 | 2.3023657554553296 × 10^301 |
| 40 | ov_040 | 2.783417012322738 × 10^301 |
| 31 | ov_031 | 2.981205497275615 × 10^301 |
| 39 | ov_039 | 3.3365219709828295 × 10^301 |
| 38 | ov_038 | 3.9694988640879136 × 10^301 |
| 37 | ov_037 | 4.6905949963896404 × 10^301 |
| 36 | ov_036 | 5.508512096769229 × 10^301 |
| 35 | ov_035 | 6.432435992605033 × 10^301 |
| 34 | ov_034 | 7.472071066859296 × 10^301 |
| 33 | ov_033 | 8.637679982433099 × 10^301 |
| 30 | ov_030 | 1.2321291689754425 × 10^302 |
| 29 | ov_029 | 3.7266622142534285 × 10^302 |
| 28 | ov_028 | 9.051126725637523 × 10^302 |
| 27 | ov_027 | 2.1641947188679914 × 10^303 |
| 26 | ov_026 | 5.2095030013168556 × 10^303 |
| 25 | ov_025 | 1.1445241035741528 × 10^304 |
| 24 | ov_024 | 2.2620230959896437 × 10^304 |
| 23 | ov_023 | 4.0827928568307313 × 10^304 |
| 22 | ov_022 | 6.850645569952072 × 10^304 |
| 21 | ov_021 | 1.0843866055206258 × 10^305 |
| 20 | ov_020 | 1.6375221816961355 × 10^305 |
| 19 | ov_019 | 2.3791979142007914 × 10^305 |
| 18 | ov_018 | 3.34759305919034 × 10^305 |
| 17 | ov_017 | 4.584344499923323 × 10^305 |
| 16 | ov_016 | 6.134555632759953 × 10^305 |
| 15 | ov_015 | 8.046811109784887 × 10^305 |
| 14 | ov_014 | 1.0373199668212492 × 10^306 |
| 13 | ov_013 | 1.3169347536753513 × 10^306 |
| 12 | ov_012 | 1.6494465169355854 × 10^306 |
| 11 | ov_011 | 2.0411410317356858 × 10^306 |
| 10 | ov_010 | 2.4986770712380915 × 10^306 |
| 9 | ov_009 | 3.029096989468868 × 10^306 |
| 8 | ov_008 | 3.639839973171572 × 10^306 |
| 7 | ov_007 | 4.3387582659160596 × 10^306 |
| 6 | ov_006 | 5.1341366117117786 × 10^306 |
| 5 | ov_005 | 6.0347151859805115 × 10^306 |
| 4 | ov_004 | 7.049716389235851 × 10^306 |
| 3 | ov_003 | 8.188875992115548 × 10^306 |
| 2 | ov_002 | 9.457478769174866 × 10^306 |
| 1 | ov_001 | 1.0861116062734653 × 10^307 |

