# Results for T009-T012-F013-F014-F015-F016-F017-F018-F019-F020-F021-F022-F023-F024-F025-F026-F027-F028-F029-F030-F031-F032-F033-F034-F035-F036-F037-F038-F039-F040-F041-F042-F043-F044-F045-F046-F047-F048-F049-F050-F051-F052-F053-F054-F055-F056-F057-F058-F059-F060-F061-F062-F063-F064-F065-F066-F067-F068-F069-F070-F071-F072-F073-F074-F075-F076-F077-F078-F079-F080-F081-F082-F083-F084-F085-F086-F087-F088-F089-F090-F091-F092-F093-F094-F095-F096-F097-F098-F099-F100-F101-F102-F103-F104-F105-F106-F107-F108-F109-F110-F111-F112-F113-F114-F115-F116-F117-F118-F119-F120-F121-F122-F123-F124-F125-F126-F127-F128-F129-F130-F131-F132-F133-F134-F135-F136-F137-F138-F139-F140-F141-F142-F143-F144-F145-F146-F147-F148-F149-F150-F151-F152-F153-F154-F155-F156-F157-F158-F159-F160-F161-F162-F163-F164-F165-F166-F167-F168-F169-F170-F171-F172-F173-F174-F175-F176-F177-F178-F179-F180-F181-F182-F183-F184-F185-F186-F187-F188-F189-F190-F191-F192-F193-F194-F195-F196-F197-F198-F199-F200-F201-F202-F203-F204-F205-F206-F207-F208-F209-F210-F211-F212-F213-F214-F215-F216-F217-F218-F219-F220-F221-F222-F223-F224-F225-F226-F227-F228-F229-F230-F231-F232-F233-F234-F235-F236-F237-F238-F239-F240-F241-F242-F243-F244-F245-F246-F247-F248-F249-F250-F251-F252-F253-F254-F255-F256-F257-F258-F259-F260-F261-F262-F263-F264-F265-F266-F267-F268-F269-F270-F271-F272-F273-F274-F275-F276-F277-F278-F279-F280-F281-F282-F283-F284-F285-F286-F287-F288-F289-F290-F291-F292-F293-F294-F295-F296-F297-F298-F299-F300-F301-F302-F303-F304-F305-F306-F307-F308-F309-F310-F311-F312-F313-F314-F315-F316-F317-F318-F319-F320-F321-F322-F323-F324-F325-F326-F327-F328-F329-F330-F331-F332-F333-F334-F335-F336-F337-F338-F339-F340-F341-F342-F343-F344-F345-F346-F347-F348-F349-F350-F351-F352-F353-F354-F355-F356-F357-F358-F359-F360-F361-F362-F363-F364-F365-F366-F367-F368-F369-F370-F371-F372-F373-F374-F375-F376-F377-F378-F379-F380-F381-F382-F383-F384-F385-F386-F387-F388-F389-F390-F391-F392-F393-F394-F395-F396-F397-F398-F399-F400-F401-F402-F403-F404-F405-F406-F407-F408-F409-F410-F411-F412-F413-F414-F415-F416-F417-F418-F419-F420-F421-F422-F423-F424-F425-F426-F427-F428-F429-F430-F431-F432-F433-F434-F435-F436-F437-F438-F439-F440-F441-F442-F443-F444-F445-F446-F447-F448-F449-F450-F451-F452-F453-F454-F455-F456-F457-F458-F459-F460-F461-F462-F463-F464-F465-F466-F467-F468-F469-F470-F471-F472-F473-F474-F475-F476-F477-F478-F479-F480-F481-F482-F483-F484-F485-F486-F487-F488-F489-F490-F491-F492-F493-F494-F495-F496-F497-F498-F499-F500-F501-F502-F503-F504-F505-F506-F507-F508-F509-F510-F511-F512

## Summary

Number of input bits: 512  
Number of free input bits: 10  
Number of output bits: 160

Number of direct occurrences: 47604  
Number of assignments: 38413  
Number of operations: 19602403
(xor: 19562874,
and: 23325,
or: 16204)

Total complexity: 6.711683782938504 × 10^357

Least occurring input variable: iv_007 (4422)  
Most occurring input variable: iv_011 (5118)

Most co-occurring input variables: iv_005-iv_011 (2473)  
Least co-occurring input variables: iv_003-iv_007 (2093)

Potentially most occurring input variable: iv_007/iv_011 (5224)  
Potentially least occurring input variable: iv_002/iv_003 (4728)

Least output occurring input variable: iv_006 (66)  
Most output occurring input variable: iv_002 (91)

Most output co-occurring input variables: iv_003-iv_011 (51)  
Least output co-occurring input variables: iv_005-iv_006 (30)

Potentially most output occurring input variable: iv_003/iv_005 (95)  
Potentially least output occurring input variable: iv_003/iv_011 (63)

Least complex input bit: iv_001 (1.5767803163742442 × 10^355)  
Most complex input bit: iv_010 (1.7802177791786865 × 10^357)

Least complex output bit: aaa_76_29 (2.3407835996526065 × 10^332)  
Most complex output bit: ov_001 (1.0261351620286678 × 10^357)

Least complex input/output complexity: iv_001/aaa_76_29 (5.49921841402356 × 10^329)  
Most complex input/output complexity: iv_010/ov_001 (2.7217373737534033 × 10^356)

## Input Bits

### Input Bits in Regular Order

| Input Bit | Complexity | Occurrences | Output Occurrences |
|:---------:|:----------:|:-----------:|:------------------:|
| iv_001 | 1.5767803163742442 × 10^355 | 4661 | 83 |
| iv_002 | 6.747546573816258 × 10^355 | 4706 | 91 |
| iv_003 | 1.9058616753674926 × 10^356 | 4816 | 84 |
| iv_004 | 4.1190166162290046 × 10^356 | 4727 | 89 |
| iv_005 | 6.57827807680343 × 10^356 | 4979 | 73 |
| iv_006 | 9.07138790134487 × 10^356 | 4633 | 66 |
| iv_007 | 1.1674105434170432 × 10^357 | 4422 | 76 |
| iv_008 | 1.4514912844729732 × 10^357 | 4690 | 74 |
| iv_010 | 1.7802177791786865 × 10^357 | 4852 | 78 |
| iv_011 | 6.186647999342457 × 10^355 | 5118 | 81 |

### Input Bits Sorted by Complexity

| Input Bit | Complexity | Occurrences | Output Occurrences |
|:---------:|:----------:|:-----------:|:------------------:|
| iv_001 | 1.5767803163742442 × 10^355 | 4661 | 83 |
| iv_011 | 6.186647999342457 × 10^355 | 5118 | 81 |
| iv_002 | 6.747546573816258 × 10^355 | 4706 | 91 |
| iv_003 | 1.9058616753674926 × 10^356 | 4816 | 84 |
| iv_004 | 4.1190166162290046 × 10^356 | 4727 | 89 |
| iv_005 | 6.57827807680343 × 10^356 | 4979 | 73 |
| iv_006 | 9.07138790134487 × 10^356 | 4633 | 66 |
| iv_007 | 1.1674105434170432 × 10^357 | 4422 | 76 |
| iv_008 | 1.4514912844729732 × 10^357 | 4690 | 74 |
| iv_010 | 1.7802177791786865 × 10^357 | 4852 | 78 |

### Input Bits Sorted by Occurrences

| Input Bit | Complexity | Occurrences | Output Occurrences |
|:---------:|:----------:|:-----------:|:------------------:|
| iv_007 | 1.1674105434170432 × 10^357 | 4422 | 76 |
| iv_006 | 9.07138790134487 × 10^356 | 4633 | 66 |
| iv_001 | 1.5767803163742442 × 10^355 | 4661 | 83 |
| iv_008 | 1.4514912844729732 × 10^357 | 4690 | 74 |
| iv_002 | 6.747546573816258 × 10^355 | 4706 | 91 |
| iv_004 | 4.1190166162290046 × 10^356 | 4727 | 89 |
| iv_003 | 1.9058616753674926 × 10^356 | 4816 | 84 |
| iv_010 | 1.7802177791786865 × 10^357 | 4852 | 78 |
| iv_005 | 6.57827807680343 × 10^356 | 4979 | 73 |
| iv_011 | 6.186647999342457 × 10^355 | 5118 | 81 |

### Input Bits Sorted by Output Occurrences

| Input Bit | Complexity | Occurrences | Output Occurrences |
|:---------:|:----------:|:-----------:|:------------------:|
| iv_006 | 9.07138790134487 × 10^356 | 4633 | 66 |
| iv_005 | 6.57827807680343 × 10^356 | 4979 | 73 |
| iv_008 | 1.4514912844729732 × 10^357 | 4690 | 74 |
| iv_007 | 1.1674105434170432 × 10^357 | 4422 | 76 |
| iv_010 | 1.7802177791786865 × 10^357 | 4852 | 78 |
| iv_011 | 6.186647999342457 × 10^355 | 5118 | 81 |
| iv_001 | 1.5767803163742442 × 10^355 | 4661 | 83 |
| iv_003 | 1.9058616753674926 × 10^356 | 4816 | 84 |
| iv_004 | 4.1190166162290046 × 10^356 | 4727 | 89 |
| iv_002 | 6.747546573816258 × 10^355 | 4706 | 91 |

## Input Bit Co-occurrences

### Input Bit Co-occurrences Sorted by Co-occurrences

| Input Bits | Co-occurrences | Potential Occurrences | Output Co-occurrences | Potential Output Occurrences |
|:----------:|:--------------:|:---------------------:|:---------------------:|:----------------------------:|
| iv_005-iv_011 | 2473 | 5151 | 34 | 86 |
| iv_003-iv_011 | 2418 | 5098 | 51 | 63 |
| iv_004-iv_005 | 2405 | 4896 | 40 | 82 |
| iv_010-iv_011 | 2401 | 5168 | 35 | 89 |
| iv_002-iv_003 | 2397 | 4728 | 47 | 81 |
| iv_005-iv_010 | 2379 | 5073 | 35 | 81 |
| iv_006-iv_011 | 2359 | 5033 | 30 | 87 |
| iv_008-iv_011 | 2356 | 5096 | 38 | 79 |
| iv_004-iv_011 | 2341 | 5163 | 44 | 82 |
| iv_001-iv_011 | 2336 | 5107 | 42 | 80 |

### Input Bit Co-occurrences Sorted by Potential Occurrences

| Input Bits | Co-occurrences | Potential Occurrences | Output Co-occurrences | Potential Output Occurrences |
|:----------:|:--------------:|:---------------------:|:---------------------:|:----------------------------:|
| iv_002-iv_003 | 2397 | 4728 | 47 | 81 |
| iv_001-iv_006 | 2279 | 4736 | 39 | 71 |
| iv_002-iv_007 | 2180 | 4768 | 43 | 81 |
| iv_001-iv_007 | 2138 | 4807 | 41 | 77 |
| iv_001-iv_002 | 2272 | 4823 | 48 | 78 |
| iv_006-iv_007 | 2105 | 4845 | 35 | 72 |
| iv_007-iv_008 | 2132 | 4848 | 35 | 80 |
| iv_004-iv_005 | 2405 | 4896 | 40 | 82 |
| iv_004-iv_008 | 2252 | 4913 | 40 | 83 |
| iv_003-iv_006 | 2268 | 4913 | 34 | 82 |

### Input Bit Output Co-occurrences Sorted by Output Co-occurrences

| Input Bits | Co-occurrences | Potential Occurrences | Output Co-occurrences | Potential Output Occurrences |
|:----------:|:--------------:|:---------------------:|:---------------------:|:----------------------------:|
| iv_003-iv_011 | 2418 | 5098 | 51 | 63 |
| iv_001-iv_004 | 2144 | 5100 | 49 | 74 |
| iv_002-iv_004 | 2213 | 5007 | 49 | 82 |
| iv_001-iv_002 | 2272 | 4823 | 48 | 78 |
| iv_002-iv_003 | 2397 | 4728 | 47 | 81 |
| iv_004-iv_010 | 2294 | 4991 | 45 | 77 |
| iv_002-iv_008 | 2226 | 4944 | 45 | 75 |
| iv_004-iv_011 | 2341 | 5163 | 44 | 82 |
| iv_002-iv_011 | 2309 | 5206 | 44 | 84 |
| iv_002-iv_005 | 2249 | 5187 | 44 | 76 |

### Input Bit Output Co-occurrences Sorted by Potential Output Occurrences

| Input Bits | Co-occurrences | Potential Occurrences | Output Co-occurrences | Potential Output Occurrences |
|:----------:|:--------------:|:---------------------:|:---------------------:|:----------------------------:|
| iv_003-iv_011 | 2418 | 5098 | 51 | 63 |
| iv_001-iv_008 | 2184 | 4983 | 43 | 71 |
| iv_001-iv_006 | 2279 | 4736 | 39 | 71 |
| iv_008-iv_010 | 2310 | 4922 | 40 | 72 |
| iv_006-iv_007 | 2105 | 4845 | 35 | 72 |
| iv_005-iv_008 | 2242 | 5185 | 37 | 73 |
| iv_001-iv_004 | 2144 | 5100 | 49 | 74 |
| iv_003-iv_007 | 2093 | 5052 | 43 | 74 |
| iv_002-iv_008 | 2226 | 4944 | 45 | 75 |
| iv_007-iv_011 | 2158 | 5224 | 41 | 75 |

## Output Bits

### Output Bits in Regular Order

| Rank | Output Bit | Complexity |
|:----:|:----------:|:----------:|
| 1 | ov_001 | 1.0261351620286678 × 10^357 |
| 2 | ov_002 | 8.985275066212426 × 10^356 |
| 3 | ov_003 | 7.8328383987927 × 10^356 |
| 4 | ov_004 | 6.79184566993194 × 10^356 |
| 5 | ov_005 | 5.850800804495444 × 10^356 |
| 6 | ov_006 | 5.004124073933845 × 10^356 |
| 7 | ov_007 | 4.2465486032140195 × 10^356 |
| 8 | ov_008 | 3.573099315862963 × 10^356 |
| 9 | ov_009 | 2.979074434545471 × 10^356 |
| 10 | ov_010 | 2.4600293915373887 × 10^356 |
| 11 | ov_011 | 2.0117630115243575 × 10^356 |
| 12 | ov_012 | 1.630305808264798 × 10^356 |
| 13 | ov_013 | 1.308376377859878 × 10^356 |
| 14 | ov_014 | 1.0391142472543691 × 10^356 |
| 15 | ov_015 | 8.160678901177948 × 10^355 |
| 16 | ov_016 | 6.3318512971089105 × 10^355 |
| 17 | ov_017 | 4.848055832023726 × 10^355 |
| 18 | ov_018 | 3.6565482965771497 × 10^355 |
| 19 | ov_019 | 2.7084001153715748 × 10^355 |
| 20 | ov_020 | 1.9584660705866993 × 10^355 |
| 21 | ov_021 | 1.3851160121683805 × 10^355 |
| 22 | ov_022 | 9.507099576317505 × 10^354 |
| 23 | ov_023 | 6.213425564849201 × 10^354 |
| 24 | ov_024 | 3.809938109186862 × 10^354 |
| 25 | ov_025 | 2.1550678008166786 × 10^354 |
| 26 | ov_026 | 1.1258634680732179 × 10^354 |
| 27 | ov_027 | 5.32257231234626 × 10^353 |
| 28 | ov_028 | 2.2140004750837442 × 10^353 |
| 29 | ov_029 | 7.766064180263849 × 10^352 |
| 30 | ov_030 | 2.140062518853496 × 10^352 |
| 31 | ov_031 | 4.19276149152317 × 10^351 |
| 32 | lv_80_m31 | 8.214746017038367 × 10^350 |
| 33 | ov_033 | 1.021390539162291 × 10^352 |
| 34 | ov_034 | 8.989291243714243 × 10^351 |
| 35 | ov_035 | 7.881452590993932 × 10^351 |
| 36 | ov_036 | 6.879325708470803 × 10^351 |
| 37 | ov_037 | 5.972462624090348 × 10^351 |
| 38 | ov_038 | 5.150988022273464 × 10^351 |
| 39 | ov_039 | 4.4101023723862287 × 10^351 |
| 40 | ov_040 | 3.745264805947108 × 10^351 |
| 41 | ov_041 | 3.1521778484708494 × 10^351 |
| 42 | ov_042 | 2.6267742563644895 × 10^351 |
| 43 | ov_043 | 2.165205752136516 × 10^351 |
| 44 | ov_044 | 1.7638334629537931 × 10^351 |
| 45 | ov_045 | 1.4192198789961462 × 10^351 |
| 46 | ov_046 | 1.1281221591845883 × 10^351 |
| 47 | ov_047 | 8.846176289146436 × 10^350 |
| 48 | ov_048 | 6.831494088373423 × 10^350 |
| 49 | ov_049 | 5.1852002272235633 × 10^350 |
| 50 | ov_050 | 3.8588641605799335 × 10^350 |
| 51 | ov_051 | 2.8075615703359824 × 10^350 |
| 52 | ov_052 | 1.989846122181843 × 10^350 |
| 53 | ov_053 | 1.3677290986071744 × 10^350 |
| 54 | ov_054 | 9.06665243139586 × 10^349 |
| 55 | ov_055 | 5.755433563992859 × 10^349 |
| 56 | ov_056 | 3.4668039000423113 × 10^349 |
| 57 | ov_057 | 1.9581798976196823 × 10^349 |
| 58 | ov_058 | 1.0212064496456486 × 10^349 |
| 59 | ov_059 | 4.817481130642398 × 10^348 |
| 60 | ov_060 | 1.9988568638507312 × 10^348 |
| 61 | ov_061 | 6.991520328346293 × 10^347 |
| 62 | ov_062 | 1.92060363686424 × 10^347 |
| 63 | ov_063 | 3.749175016253853 × 10^346 |
| 64 | lv_79_m31 | 7.317355193663284 × 10^345 |
| 65 | ov_065 | 8.978788648187998 × 10^346 |
| 66 | ov_066 | 8.978753537418786 × 10^346 |
| 67 | ov_067 | 8.97874223061775 × 10^346 |
| 68 | ov_068 | 7.83709476523899 × 10^346 |
| 69 | ov_069 | 6.810384270793835 × 10^346 |
| 70 | ov_070 | 5.8899797238118724 × 10^346 |
| 71 | ov_071 | 5.0677467854097766 × 10^346 |
| 72 | ov_072 | 4.336011265944081 × 10^346 |
| 73 | ov_073 | 3.687526610988005 × 10^346 |
| 74 | ov_074 | 3.115445187868804 × 10^346 |
| 75 | ov_075 | 2.613293164385443 × 10^346 |
| 76 | ov_076 | 2.174948783096574 × 10^346 |
| 77 | ov_077 | 1.7946238047913337 × 10^346 |
| 78 | ov_078 | 1.4668478260279257 × 10^346 |
| 79 | ov_079 | 1.18645515251927 × 10^346 |
| 80 | ov_080 | 9.48573930094697 × 10^345 |
| 81 | ov_081 | 7.486172544665571 × 10^345 |
| 82 | ov_082 | 5.822760001807764 × 10^345 |
| 83 | ov_083 | 4.455131280158706 × 10^345 |
| 84 | ov_084 | 3.345592487853678 × 10^345 |
| 85 | ov_085 | 2.4590924004982376 × 10^345 |
| 86 | ov_086 | 1.7631973070017586 × 10^345 |
| 87 | ov_087 | 1.228072867669607 × 10^345 |
| 88 | ov_088 | 8.264715016373327 × 10^344 |
| 89 | ov_089 | 5.3372400404014994 × 10^344 |
| 90 | ov_090 | 3.2773427649833656 × 10^344 |
| 91 | ov_091 | 1.889762376321473 × 10^344 |
| 92 | ov_092 | 1.0049216343150772 × 10^344 |
| 93 | ov_093 | 4.78918888897197 × 10^343 |
| 94 | ov_094 | 1.9352474929129675 × 10^343 |
| 95 | aaa_78_28 | 5.61809400449942 × 10^342 |
| 96 | aaa_78_29 | 1.0903850723332644 × 10^342 |
| 97 | ov_097 | 1.3973760858954636 × 10^342 |
| 98 | ov_098 | 1.3973719984197431 × 10^342 |
| 99 | ov_099 | 1.3973710045272726 × 10^342 |
| 100 | ov_100 | 1.2282484125608767 × 10^342 |
| 101 | ov_101 | 1.0753344442037202 × 10^342 |
| 102 | ov_102 | 9.371080992183224 × 10^341 |
| 103 | ov_103 | 8.121364278232489 × 10^341 |
| 104 | ov_104 | 6.990684174722364 × 10^341 |
| 105 | ov_105 | 5.972483244275818 × 10^341 |
| 106 | ov_106 | 5.0605735769199454 × 10^341 |
| 107 | ov_107 | 4.2491139852942277 × 10^341 |
| 108 | ov_108 | 3.5325899021567 × 10^341 |
| 109 | ov_109 | 2.9057957762861846 × 10^341 |
| 110 | ov_110 | 2.3638197746946412 × 10^341 |
| 111 | ov_111 | 1.9020306104681523 × 10^341 |
| 112 | ov_112 | 1.5119642806455023 × 10^341 |
| 113 | ov_113 | 1.1856688343378629 × 10^341 |
| 114 | ov_114 | 9.156903440955095 × 10^340 |
| 115 | ov_115 | 6.950617455192547 × 10^340 |
| 116 | ov_116 | 5.172941959430049 × 10^340 |
| 117 | ov_117 | 3.763705532694463 × 10^340 |
| 118 | ov_118 | 2.667405872884465 × 10^340 |
| 119 | ov_119 | 1.8331757624892246 × 10^340 |
| 120 | ov_120 | 1.2147598183179612 × 10^340 |
| 121 | ov_121 | 7.704993601312329 × 10^339 |
| 122 | ov_122 | 4.633231362973483 × 10^339 |
| 123 | ov_123 | 2.6074204774432055 × 10^339 |
| 124 | ov_124 | 1.3484641293791034 × 10^339 |
| 125 | ov_125 | 6.230470665282856 × 10^338 |
| 126 | ov_126 | 2.4363060213754423 × 10^338 |
| 127 | aaa_77_28 | 6.84509980255261 × 10^337 |
| 128 | aaa_77_29 | 2.0899859568372597 × 10^337 |
| 129 | ov_129 | 1.2772447915733863 × 10^337 |
| 130 | ov_130 | 1.2772402040029903 × 10^337 |
| 131 | ov_131 | 1.2772390859977216 × 10^337 |
| 132 | ov_132 | 1.1253332075046351 × 10^337 |
| 133 | ov_133 | 9.885890705347132 × 10^336 |
| 134 | ov_134 | 8.653328941703659 × 10^336 |
| 135 | ov_135 | 7.547530634553837 × 10^336 |
| 136 | ov_136 | 6.553638163623031 × 10^336 |
| 137 | ov_137 | 5.657637784797779 × 10^336 |
| 138 | ov_138 | 4.852726324637338 × 10^336 |
| 139 | ov_139 | 4.132482228188252 × 10^336 |
| 140 | ov_140 | 3.490842859545583 × 10^336 |
| 141 | ov_141 | 2.92208467030649 × 10^336 |
| 142 | ov_142 | 2.420806036329189 × 10^336 |
| 143 | ov_143 | 1.9819125747127162 × 10^336 |
| 144 | ov_144 | 1.6006047641609019 × 10^336 |
| 145 | ov_145 | 1.27236770294571 × 10^336 |
| 146 | ov_146 | 9.929628162488195 × 10^335 |
| 147 | ov_147 | 7.584212714369918 × 10^335 |
| 148 | ov_148 | 5.650388451807063 × 10^335 |
| 149 | ov_149 | 4.0937200760298674 × 10^335 |
| 150 | ov_150 | 2.882350098603576 × 10^335 |
| 151 | ov_151 | 1.960219314522378 × 10^335 |
| 152 | ov_152 | 1.276343156679319 × 10^335 |
| 153 | ov_153 | 7.847958596390312 × 10^334 |
| 154 | ov_154 | 4.4470075570066335 × 10^334 |
| 155 | ov_155 | 2.2022474685054177 × 10^334 |
| 156 | aaa_76_25 | 8.057549323161233 × 10^333 |
| 157 | aaa_76_26 | 4.221580881165355 × 10^333 |
| 158 | aaa_76_27 | 1.9531497825135637 × 10^333 |
| 159 | aaa_76_28 | 7.649152227626295 × 10^332 |
| 160 | aaa_76_29 | 2.3407835996526065 × 10^332 |

### Output Bits Sorted by Complexity

| Rank | Output Bit | Complexity |
|:----:|:----------:|:----------:|
| 160 | aaa_76_29 | 2.3407835996526065 × 10^332 |
| 159 | aaa_76_28 | 7.649152227626295 × 10^332 |
| 158 | aaa_76_27 | 1.9531497825135637 × 10^333 |
| 157 | aaa_76_26 | 4.221580881165355 × 10^333 |
| 156 | aaa_76_25 | 8.057549323161233 × 10^333 |
| 155 | ov_155 | 2.2022474685054177 × 10^334 |
| 154 | ov_154 | 4.4470075570066335 × 10^334 |
| 153 | ov_153 | 7.847958596390312 × 10^334 |
| 152 | ov_152 | 1.276343156679319 × 10^335 |
| 151 | ov_151 | 1.960219314522378 × 10^335 |
| 150 | ov_150 | 2.882350098603576 × 10^335 |
| 149 | ov_149 | 4.0937200760298674 × 10^335 |
| 148 | ov_148 | 5.650388451807063 × 10^335 |
| 147 | ov_147 | 7.584212714369918 × 10^335 |
| 146 | ov_146 | 9.929628162488195 × 10^335 |
| 145 | ov_145 | 1.27236770294571 × 10^336 |
| 144 | ov_144 | 1.6006047641609019 × 10^336 |
| 143 | ov_143 | 1.9819125747127162 × 10^336 |
| 142 | ov_142 | 2.420806036329189 × 10^336 |
| 141 | ov_141 | 2.92208467030649 × 10^336 |
| 140 | ov_140 | 3.490842859545583 × 10^336 |
| 139 | ov_139 | 4.132482228188252 × 10^336 |
| 138 | ov_138 | 4.852726324637338 × 10^336 |
| 137 | ov_137 | 5.657637784797779 × 10^336 |
| 136 | ov_136 | 6.553638163623031 × 10^336 |
| 135 | ov_135 | 7.547530634553837 × 10^336 |
| 134 | ov_134 | 8.653328941703659 × 10^336 |
| 133 | ov_133 | 9.885890705347132 × 10^336 |
| 132 | ov_132 | 1.1253332075046351 × 10^337 |
| 131 | ov_131 | 1.2772390859977216 × 10^337 |
| 130 | ov_130 | 1.2772402040029903 × 10^337 |
| 129 | ov_129 | 1.2772447915733863 × 10^337 |
| 128 | aaa_77_29 | 2.0899859568372597 × 10^337 |
| 127 | aaa_77_28 | 6.84509980255261 × 10^337 |
| 126 | ov_126 | 2.4363060213754423 × 10^338 |
| 125 | ov_125 | 6.230470665282856 × 10^338 |
| 124 | ov_124 | 1.3484641293791034 × 10^339 |
| 123 | ov_123 | 2.6074204774432055 × 10^339 |
| 122 | ov_122 | 4.633231362973483 × 10^339 |
| 121 | ov_121 | 7.704993601312329 × 10^339 |
| 120 | ov_120 | 1.2147598183179612 × 10^340 |
| 119 | ov_119 | 1.8331757624892246 × 10^340 |
| 118 | ov_118 | 2.667405872884465 × 10^340 |
| 117 | ov_117 | 3.763705532694463 × 10^340 |
| 116 | ov_116 | 5.172941959430049 × 10^340 |
| 115 | ov_115 | 6.950617455192547 × 10^340 |
| 114 | ov_114 | 9.156903440955095 × 10^340 |
| 113 | ov_113 | 1.1856688343378629 × 10^341 |
| 112 | ov_112 | 1.5119642806455023 × 10^341 |
| 111 | ov_111 | 1.9020306104681523 × 10^341 |
| 110 | ov_110 | 2.3638197746946412 × 10^341 |
| 109 | ov_109 | 2.9057957762861846 × 10^341 |
| 108 | ov_108 | 3.5325899021567 × 10^341 |
| 107 | ov_107 | 4.2491139852942277 × 10^341 |
| 106 | ov_106 | 5.0605735769199454 × 10^341 |
| 105 | ov_105 | 5.972483244275818 × 10^341 |
| 104 | ov_104 | 6.990684174722364 × 10^341 |
| 103 | ov_103 | 8.121364278232489 × 10^341 |
| 102 | ov_102 | 9.371080992183224 × 10^341 |
| 101 | ov_101 | 1.0753344442037202 × 10^342 |
| 96 | aaa_78_29 | 1.0903850723332644 × 10^342 |
| 100 | ov_100 | 1.2282484125608767 × 10^342 |
| 99 | ov_099 | 1.3973710045272726 × 10^342 |
| 98 | ov_098 | 1.3973719984197431 × 10^342 |
| 97 | ov_097 | 1.3973760858954636 × 10^342 |
| 95 | aaa_78_28 | 5.61809400449942 × 10^342 |
| 94 | ov_094 | 1.9352474929129675 × 10^343 |
| 93 | ov_093 | 4.78918888897197 × 10^343 |
| 92 | ov_092 | 1.0049216343150772 × 10^344 |
| 91 | ov_091 | 1.889762376321473 × 10^344 |
| 90 | ov_090 | 3.2773427649833656 × 10^344 |
| 89 | ov_089 | 5.3372400404014994 × 10^344 |
| 88 | ov_088 | 8.264715016373327 × 10^344 |
| 87 | ov_087 | 1.228072867669607 × 10^345 |
| 86 | ov_086 | 1.7631973070017586 × 10^345 |
| 85 | ov_085 | 2.4590924004982376 × 10^345 |
| 84 | ov_084 | 3.345592487853678 × 10^345 |
| 83 | ov_083 | 4.455131280158706 × 10^345 |
| 82 | ov_082 | 5.822760001807764 × 10^345 |
| 64 | lv_79_m31 | 7.317355193663284 × 10^345 |
| 81 | ov_081 | 7.486172544665571 × 10^345 |
| 80 | ov_080 | 9.48573930094697 × 10^345 |
| 79 | ov_079 | 1.18645515251927 × 10^346 |
| 78 | ov_078 | 1.4668478260279257 × 10^346 |
| 77 | ov_077 | 1.7946238047913337 × 10^346 |
| 76 | ov_076 | 2.174948783096574 × 10^346 |
| 75 | ov_075 | 2.613293164385443 × 10^346 |
| 74 | ov_074 | 3.115445187868804 × 10^346 |
| 73 | ov_073 | 3.687526610988005 × 10^346 |
| 63 | ov_063 | 3.749175016253853 × 10^346 |
| 72 | ov_072 | 4.336011265944081 × 10^346 |
| 71 | ov_071 | 5.0677467854097766 × 10^346 |
| 70 | ov_070 | 5.8899797238118724 × 10^346 |
| 69 | ov_069 | 6.810384270793835 × 10^346 |
| 68 | ov_068 | 7.83709476523899 × 10^346 |
| 67 | ov_067 | 8.97874223061775 × 10^346 |
| 66 | ov_066 | 8.978753537418786 × 10^346 |
| 65 | ov_065 | 8.978788648187998 × 10^346 |
| 62 | ov_062 | 1.92060363686424 × 10^347 |
| 61 | ov_061 | 6.991520328346293 × 10^347 |
| 60 | ov_060 | 1.9988568638507312 × 10^348 |
| 59 | ov_059 | 4.817481130642398 × 10^348 |
| 58 | ov_058 | 1.0212064496456486 × 10^349 |
| 57 | ov_057 | 1.9581798976196823 × 10^349 |
| 56 | ov_056 | 3.4668039000423113 × 10^349 |
| 55 | ov_055 | 5.755433563992859 × 10^349 |
| 54 | ov_054 | 9.06665243139586 × 10^349 |
| 53 | ov_053 | 1.3677290986071744 × 10^350 |
| 52 | ov_052 | 1.989846122181843 × 10^350 |
| 51 | ov_051 | 2.8075615703359824 × 10^350 |
| 50 | ov_050 | 3.8588641605799335 × 10^350 |
| 49 | ov_049 | 5.1852002272235633 × 10^350 |
| 48 | ov_048 | 6.831494088373423 × 10^350 |
| 32 | lv_80_m31 | 8.214746017038367 × 10^350 |
| 47 | ov_047 | 8.846176289146436 × 10^350 |
| 46 | ov_046 | 1.1281221591845883 × 10^351 |
| 45 | ov_045 | 1.4192198789961462 × 10^351 |
| 44 | ov_044 | 1.7638334629537931 × 10^351 |
| 43 | ov_043 | 2.165205752136516 × 10^351 |
| 42 | ov_042 | 2.6267742563644895 × 10^351 |
| 41 | ov_041 | 3.1521778484708494 × 10^351 |
| 40 | ov_040 | 3.745264805947108 × 10^351 |
| 31 | ov_031 | 4.19276149152317 × 10^351 |
| 39 | ov_039 | 4.4101023723862287 × 10^351 |
| 38 | ov_038 | 5.150988022273464 × 10^351 |
| 37 | ov_037 | 5.972462624090348 × 10^351 |
| 36 | ov_036 | 6.879325708470803 × 10^351 |
| 35 | ov_035 | 7.881452590993932 × 10^351 |
| 34 | ov_034 | 8.989291243714243 × 10^351 |
| 33 | ov_033 | 1.021390539162291 × 10^352 |
| 30 | ov_030 | 2.140062518853496 × 10^352 |
| 29 | ov_029 | 7.766064180263849 × 10^352 |
| 28 | ov_028 | 2.2140004750837442 × 10^353 |
| 27 | ov_027 | 5.32257231234626 × 10^353 |
| 26 | ov_026 | 1.1258634680732179 × 10^354 |
| 25 | ov_025 | 2.1550678008166786 × 10^354 |
| 24 | ov_024 | 3.809938109186862 × 10^354 |
| 23 | ov_023 | 6.213425564849201 × 10^354 |
| 22 | ov_022 | 9.507099576317505 × 10^354 |
| 21 | ov_021 | 1.3851160121683805 × 10^355 |
| 20 | ov_020 | 1.9584660705866993 × 10^355 |
| 19 | ov_019 | 2.7084001153715748 × 10^355 |
| 18 | ov_018 | 3.6565482965771497 × 10^355 |
| 17 | ov_017 | 4.848055832023726 × 10^355 |
| 16 | ov_016 | 6.3318512971089105 × 10^355 |
| 15 | ov_015 | 8.160678901177948 × 10^355 |
| 14 | ov_014 | 1.0391142472543691 × 10^356 |
| 13 | ov_013 | 1.308376377859878 × 10^356 |
| 12 | ov_012 | 1.630305808264798 × 10^356 |
| 11 | ov_011 | 2.0117630115243575 × 10^356 |
| 10 | ov_010 | 2.4600293915373887 × 10^356 |
| 9 | ov_009 | 2.979074434545471 × 10^356 |
| 8 | ov_008 | 3.573099315862963 × 10^356 |
| 7 | ov_007 | 4.2465486032140195 × 10^356 |
| 6 | ov_006 | 5.004124073933845 × 10^356 |
| 5 | ov_005 | 5.850800804495444 × 10^356 |
| 4 | ov_004 | 6.79184566993194 × 10^356 |
| 3 | ov_003 | 7.8328383987927 × 10^356 |
| 2 | ov_002 | 8.985275066212426 × 10^356 |
| 1 | ov_001 | 1.0261351620286678 × 10^357 |

