# Results for F001-F002-F003-F004-F005-F006-F007-F008-F009-F010-F011-F012-F013-F014-F015-F016-F017-F018-F019-F020-F021-F022-F023-F024-F025-F026-F027-F028-F029-F030-F031-F032-F033-F034-F035-F036-F037-F038-F039-F040-F041-F042-F043-F044-F045-F046-F047-F048-F049-F050-F051-F052-F053-F054-F055-F056-F057-F058-F059-F060-F061-F062-F063-F064-F065-F066-F067-F068-F069-F070-F071-F072-F073-F074-F075-F076-F077-F078-F079-F080-F081-F082-F083-F084-F085-F086-F087-F088-F089-F090-F091-F092-F093-F094-F095-F096-F097-F098-F099-F100-F101-F102-F103-F104-F105-F106-F107-F108-F109-F110-F111-F112-F113-F114-F115-F116-F117-F118-F119-F120-F121-F122-F123-F124-F125-F126-F127-F128-F129-F130-F131-F132-F133-F134-F135-F136-F137-F138-F139-F140-F141-F142-F143-F144-F145-F146-F147-F148-F149-F150-F151-F152-F153-F154-F155-F156-F157-F158-F159-F160-F161-F162-F163-F164-F165-F166-F167-F168-F169-F170-F171-F172-F173-F174-F175-F176-F177-F178-F179-F180-F181-F182-F183-F184-F185-F186-F187-F188-F189-F190-F191-F192-F193-F194-F195-F196-F197-F198-F199-F200-F201-F202-F203-F204-F205-F206-F207-F208-F209-F210-F211-F212-F213-F214-F215-F216-F217-F218-F219-F220-F221-F222-F223-F224-F225-F226-F227-F228-F229-F230-F231-F232-F233-F234-F235-F236-F237-F238-F239-F240-F241-F242-F243-F244-F245-F246-F247-F248-F249-F250-F251-F252-F253-F254-F255-F256-F257-F258-F259-F260-F261-F262-F263-F264-F265-F266-F267-F268-F269-F270-F271-F272-F273-F274-F275-F276-F277-F278-F279-F280-F281-F282-F283-F284-F285-F286-F287-F288-F289-F290-F291-F292-F293-F294-F295-F296-F297-F298-F299-F300-F301-F302-F303-F304-F305-F306-F307-F308-F309-F310-F311-F312-F313-F314-F315-F316-F317-F318-F319-F320-F321-F322-F323-F324-F325-F326-F327-F328-F329-F330-F331-F332-F333-F334-F335-F336-F337-F338-F339-F340-F341-F342-F343-F344-F345-F346-F347-F348-F349-F350-F351-F352-F353-F354-F355-F356-F357-F358-F359-F360-F361-F362-F363-F364-F365-F366-F367-F368-F369-F370-F371-F372-F373-F374-F375-F376-F377-F378-F379-F380-F381-F382-F383-F384-F385-F386-F387-F388-F389-F390-F391-F392-F393-F394-F395-F396-F397-F398-F399-F400-F401-F402-F403-F404-F405-F406-F407-F408-F409-F410-F411-F412-F413-F414-F415-F416-F417-F418-F419-F420-F421-F422-F423-F424-F425-F426-F427-F428-F429-F430-F431-F432-F433-F434-F435-F436-F437-F438-F439-F440-F441-F442-F443-F444-F445-F446-F447-F448-F449-F450-F451-F452-F453-F454-F455-F456-F457-F458-F459-F460-F461-F462-F463-F464-F465-F466-F467-F468-F469-F470-F471-F472-F473-F474-F475-F476-F477-F478-F479-F480-F481-F482-F483-F484-F485-F486-F487-F488-F489-F490-F491-F492-F493-F494-F495-F496-F497-F498-F499-F500-F501-O502511

## Summary

Number of input bits: 512  
Number of free input bits: 10  
Number of output bits: 160

Number of direct occurrences: 40841  
Number of assignments: 31283  
Number of operations: 11195405
(xor: 11165955,
and: 16197,
or: 13253)

Total complexity: 1.3051597350881296 × 10^301

Least occurring input variable: iv_505 (3925)  
Most occurring input variable: iv_512 (4373)

Most co-occurring input variables: iv_507-iv_512 (2097)  
Least co-occurring input variables: iv_505-iv_506 (1789)

Potentially most occurring input variable: iv_502/iv_509 (4605)  
Potentially least occurring input variable: iv_506/iv_509 (4151)

Least output occurring input variable: iv_503 (69)  
Most output occurring input variable: iv_506 (82)

Most output co-occurring input variables: iv_506-iv_510 (44)  
Least output co-occurring input variables: iv_503-iv_508 (28)

Potentially most output occurring input variable: iv_504/iv_510 (93)  
Potentially least output occurring input variable: iv_507/iv_509 (67)

Least complex input bit: iv_503 (2.1619942573106846 × 10^299)  
Most complex input bit: iv_510 (3.3012455969322055 × 10^300)

Least complex output bit: aaa_76_29 (3.56867107184341 × 10^275)  
Most complex output bit: ov_001 (2.0499197405089524 × 10^300)

Least complex input/output complexity: iv_503/aaa_76_29 (5.911495854593801 × 10^273)  
Most complex input/output complexity: iv_510/ov_001 (5.185027039592696 × 10^299)

Input variable with highest collision probability: iv_510 (½^160.00000000000063)

## Input Bits

### Input Bits in Regular Order

| Input Bit | Complexity | Occurrences | Output Occurrences | Collision Probability |
|:---------:|:----------:|:-----------:|:------------------:|:---------------------:|
| iv_502 | 1.1059569745878279 × 10^300 | 4300 | 72 | ½^160.0000000000007 |
| iv_503 | 2.1619942573106846 × 10^299 | 4040 | 69 | ½^160.00000000000065 |
| iv_504 | 3.5517591346334692 × 10^299 | 3929 | 78 | ½^160.00000000000077 |
| iv_505 | 5.5819635188556595 × 10^299 | 3925 | 79 | ½^160.00000000000068 |
| iv_506 | 8.491009756721167 × 10^299 | 3966 | 82 | ½^160.00000000000068 |
| iv_507 | 1.2594065367657832 × 10^300 | 4177 | 75 | ½^160.00000000000074 |
| iv_508 | 1.79810151294564 × 10^300 | 4000 | 70 | ½^160.00000000000074 |
| iv_509 | 2.475659601955631 × 10^300 | 4007 | 78 | ½^160.00000000000074 |
| iv_510 | 3.3012455969322055 × 10^300 | 4124 | 79 | ½^160.00000000000063 |
| iv_512 | 1.132554460942115 × 10^300 | 4373 | 80 | ½^160.00000000000068 |

### Input Bits Sorted by Complexity

| Input Bit | Complexity | Occurrences | Output Occurrences | Collision Probability |
|:---------:|:----------:|:-----------:|:------------------:|:---------------------:|
| iv_503 | 2.1619942573106846 × 10^299 | 4040 | 69 | ½^160.00000000000065 |
| iv_504 | 3.5517591346334692 × 10^299 | 3929 | 78 | ½^160.00000000000077 |
| iv_505 | 5.5819635188556595 × 10^299 | 3925 | 79 | ½^160.00000000000068 |
| iv_506 | 8.491009756721167 × 10^299 | 3966 | 82 | ½^160.00000000000068 |
| iv_502 | 1.1059569745878279 × 10^300 | 4300 | 72 | ½^160.0000000000007 |
| iv_512 | 1.132554460942115 × 10^300 | 4373 | 80 | ½^160.00000000000068 |
| iv_507 | 1.2594065367657832 × 10^300 | 4177 | 75 | ½^160.00000000000074 |
| iv_508 | 1.79810151294564 × 10^300 | 4000 | 70 | ½^160.00000000000074 |
| iv_509 | 2.475659601955631 × 10^300 | 4007 | 78 | ½^160.00000000000074 |
| iv_510 | 3.3012455969322055 × 10^300 | 4124 | 79 | ½^160.00000000000063 |

### Input Bits Sorted by Occurrences

| Input Bit | Complexity | Occurrences | Output Occurrences | Collision Probability |
|:---------:|:----------:|:-----------:|:------------------:|:---------------------:|
| iv_505 | 5.5819635188556595 × 10^299 | 3925 | 79 | ½^160.00000000000068 |
| iv_504 | 3.5517591346334692 × 10^299 | 3929 | 78 | ½^160.00000000000077 |
| iv_506 | 8.491009756721167 × 10^299 | 3966 | 82 | ½^160.00000000000068 |
| iv_508 | 1.79810151294564 × 10^300 | 4000 | 70 | ½^160.00000000000074 |
| iv_509 | 2.475659601955631 × 10^300 | 4007 | 78 | ½^160.00000000000074 |
| iv_503 | 2.1619942573106846 × 10^299 | 4040 | 69 | ½^160.00000000000065 |
| iv_510 | 3.3012455969322055 × 10^300 | 4124 | 79 | ½^160.00000000000063 |
| iv_507 | 1.2594065367657832 × 10^300 | 4177 | 75 | ½^160.00000000000074 |
| iv_502 | 1.1059569745878279 × 10^300 | 4300 | 72 | ½^160.0000000000007 |
| iv_512 | 1.132554460942115 × 10^300 | 4373 | 80 | ½^160.00000000000068 |

### Input Bits Sorted by Output Occurrences

| Input Bit | Complexity | Occurrences | Output Occurrences | Collision Probability |
|:---------:|:----------:|:-----------:|:------------------:|:---------------------:|
| iv_503 | 2.1619942573106846 × 10^299 | 4040 | 69 | ½^160.00000000000065 |
| iv_508 | 1.79810151294564 × 10^300 | 4000 | 70 | ½^160.00000000000074 |
| iv_502 | 1.1059569745878279 × 10^300 | 4300 | 72 | ½^160.0000000000007 |
| iv_507 | 1.2594065367657832 × 10^300 | 4177 | 75 | ½^160.00000000000074 |
| iv_504 | 3.5517591346334692 × 10^299 | 3929 | 78 | ½^160.00000000000077 |
| iv_509 | 2.475659601955631 × 10^300 | 4007 | 78 | ½^160.00000000000074 |
| iv_505 | 5.5819635188556595 × 10^299 | 3925 | 79 | ½^160.00000000000068 |
| iv_510 | 3.3012455969322055 × 10^300 | 4124 | 79 | ½^160.00000000000063 |
| iv_512 | 1.132554460942115 × 10^300 | 4373 | 80 | ½^160.00000000000068 |
| iv_506 | 8.491009756721167 × 10^299 | 3966 | 82 | ½^160.00000000000068 |

### Input Bits Sorted by Collision Probability

| Input Bit | Complexity | Occurrences | Output Occurrences | Collision Probability |
|:---------:|:----------:|:-----------:|:------------------:|:---------------------:|
| iv_510 | 3.3012455969322055 × 10^300 | 4124 | 79 | ½^160.00000000000063 |
| iv_503 | 2.1619942573106846 × 10^299 | 4040 | 69 | ½^160.00000000000065 |
| iv_512 | 1.132554460942115 × 10^300 | 4373 | 80 | ½^160.00000000000068 |
| iv_506 | 8.491009756721167 × 10^299 | 3966 | 82 | ½^160.00000000000068 |
| iv_505 | 5.5819635188556595 × 10^299 | 3925 | 79 | ½^160.00000000000068 |
| iv_502 | 1.1059569745878279 × 10^300 | 4300 | 72 | ½^160.0000000000007 |
| iv_507 | 1.2594065367657832 × 10^300 | 4177 | 75 | ½^160.00000000000074 |
| iv_509 | 2.475659601955631 × 10^300 | 4007 | 78 | ½^160.00000000000074 |
| iv_508 | 1.79810151294564 × 10^300 | 4000 | 70 | ½^160.00000000000074 |
| iv_504 | 3.5517591346334692 × 10^299 | 3929 | 78 | ½^160.00000000000077 |

## Input Bit/Output Bit Collision Probabilities

| Input Bit | Output Bit | Collision Probability |
|:---------:|:----------:|:---------------------:|
| iv_506 | ov_061 | 0.5000000000000027 |
| iv_512 | aaa_77_28 | 0.5000000000000021 |
| iv_503 | ov_104 | 0.5000000000000018 |
| iv_510 | ov_007 | 0.5000000000000018 |
| iv_510 | ov_044 | 0.5000000000000018 |
| iv_510 | ov_114 | 0.5000000000000018 |
| iv_512 | ov_034 | 0.5000000000000018 |
| iv_512 | ov_098 | 0.5000000000000018 |
| iv_503 | ov_015 | 0.5000000000000017 |
| iv_510 | ov_062 | 0.5000000000000017 |

## Input Bit Co-occurrences

### Input Bit Co-occurrences Sorted by Co-occurrences

| Input Bits | Co-occurrences | Potential Occurrences | Output Co-occurrences | Potential Output Occurrences |
|:----------:|:--------------:|:---------------------:|:---------------------:|:----------------------------:|
| iv_507-iv_512 | 2097 | 4356 | 40 | 75 |
| iv_510-iv_512 | 2084 | 4329 | 42 | 75 |
| iv_503-iv_512 | 2044 | 4325 | 34 | 81 |
| iv_502-iv_512 | 2040 | 4593 | 37 | 78 |
| iv_507-iv_510 | 2037 | 4227 | 40 | 74 |
| iv_508-iv_512 | 2030 | 4313 | 32 | 86 |
| iv_502-iv_507 | 2018 | 4441 | 35 | 77 |
| iv_507-iv_508 | 2004 | 4169 | 32 | 81 |
| iv_509-iv_512 | 2002 | 4376 | 37 | 84 |
| iv_503-iv_507 | 1992 | 4233 | 28 | 88 |

### Input Bit Co-occurrences Sorted by Potential Occurrences

| Input Bits | Co-occurrences | Potential Occurrences | Output Co-occurrences | Potential Output Occurrences |
|:----------:|:--------------:|:---------------------:|:---------------------:|:----------------------------:|
| iv_506-iv_509 | 1911 | 4151 | 43 | 74 |
| iv_504-iv_506 | 1867 | 4161 | 42 | 76 |
| iv_508-iv_509 | 1922 | 4163 | 35 | 78 |
| iv_506-iv_507 | 1990 | 4163 | 38 | 81 |
| iv_507-iv_508 | 2004 | 4169 | 32 | 81 |
| iv_506-iv_508 | 1896 | 4174 | 37 | 78 |
| iv_504-iv_505 | 1840 | 4174 | 41 | 75 |
| iv_503-iv_506 | 1913 | 4180 | 37 | 77 |
| iv_506-iv_510 | 1941 | 4208 | 44 | 73 |
| iv_504-iv_508 | 1860 | 4209 | 37 | 74 |

### Input Bit Output Co-occurrences Sorted by Output Co-occurrences

| Input Bits | Co-occurrences | Potential Occurrences | Output Co-occurrences | Potential Output Occurrences |
|:----------:|:--------------:|:---------------------:|:---------------------:|:----------------------------:|
| iv_506-iv_510 | 1941 | 4208 | 44 | 73 |
| iv_506-iv_509 | 1911 | 4151 | 43 | 74 |
| iv_507-iv_509 | 1969 | 4246 | 43 | 67 |
| iv_504-iv_506 | 1867 | 4161 | 42 | 76 |
| iv_510-iv_512 | 2084 | 4329 | 42 | 75 |
| iv_504-iv_505 | 1840 | 4174 | 41 | 75 |
| iv_504-iv_509 | 1847 | 4242 | 40 | 76 |
| iv_507-iv_510 | 2037 | 4227 | 40 | 74 |
| iv_507-iv_512 | 2097 | 4356 | 40 | 75 |
| iv_505-iv_510 | 1880 | 4289 | 39 | 80 |

### Input Bit Output Co-occurrences Sorted by Potential Output Occurrences

| Input Bits | Co-occurrences | Potential Occurrences | Output Co-occurrences | Potential Output Occurrences |
|:----------:|:--------------:|:---------------------:|:---------------------:|:----------------------------:|
| iv_507-iv_509 | 1969 | 4246 | 43 | 67 |
| iv_503-iv_504 | 1844 | 4281 | 38 | 71 |
| iv_506-iv_510 | 1941 | 4208 | 44 | 73 |
| iv_502-iv_504 | 1921 | 4387 | 38 | 74 |
| iv_502-iv_508 | 1969 | 4362 | 34 | 74 |
| iv_504-iv_508 | 1860 | 4209 | 37 | 74 |
| iv_507-iv_510 | 2037 | 4227 | 40 | 74 |
| iv_506-iv_509 | 1911 | 4151 | 43 | 74 |
| iv_504-iv_505 | 1840 | 4174 | 41 | 75 |
| iv_507-iv_512 | 2097 | 4356 | 40 | 75 |

## Output Bits

### Output Bits in Regular Order

| Rank | Output Bit | Complexity |
|:----:|:----------:|:----------:|
| 1 | ov_001 | 2.0499197405089524 × 10^300 |
| 2 | ov_002 | 1.784998189692282 × 10^300 |
| 3 | ov_003 | 1.5455629671846564 × 10^300 |
| 4 | ov_004 | 1.330558764812275 × 10^300 |
| 5 | ov_005 | 1.138988136262782 × 10^300 |
| 6 | ov_006 | 9.690135568531881 × 10^299 |
| 7 | ov_007 | 8.188943956574227 × 10^299 |
| 8 | ov_008 | 6.86981037097292 × 10^299 |
| 9 | ov_009 | 5.717098238146024 × 10^299 |
| 10 | ov_010 | 4.715987285995545 × 10^299 |
| 11 | ov_011 | 3.85243684533457 × 10^299 |
| 12 | ov_012 | 3.1131552279118446 × 10^299 |
| 13 | ov_013 | 2.4855747143738897 × 10^299 |
| 14 | ov_014 | 1.9578315798312243 × 10^299 |
| 15 | ov_015 | 1.518750487985053 × 10^299 |
| 16 | ov_016 | 1.157832586662148 × 10^299 |
| 17 | ov_017 | 8.652466871253177 × 10^298 |
| 18 | ov_018 | 6.318229588441035 × 10^298 |
| 19 | ov_019 | 4.490486206013818 × 10^298 |
| 20 | ov_020 | 3.0906515792908255 × 10^298 |
| 21 | ov_021 | 2.046666459437559 × 10^298 |
| 22 | ov_022 | 1.2929880570908095 × 10^298 |
| 23 | ov_023 | 7.705848534426092 × 10^297 |
| 24 | ov_024 | 4.2693356194141366 × 10^297 |
| 25 | ov_025 | 2.1601723176663333 × 10^297 |
| 26 | ov_026 | 9.832410945847087 × 10^296 |
| 27 | ov_027 | 4.084702766871277 × 10^296 |
| 28 | ov_028 | 1.7083121411373908 × 10^296 |
| 29 | ov_029 | 7.033719601880745 × 10^295 |
| 30 | ov_030 | 2.3255286288903166 × 10^295 |
| 31 | ov_031 | 5.626752565822124 × 10^294 |
| 32 | lv_80_k31 | 1.3610043391318027 × 10^294 |
| 33 | ov_033 | 1.6302837219921246 × 10^295 |
| 34 | ov_034 | 1.4102892921314146 × 10^295 |
| 35 | ov_035 | 1.21406991267591 × 10^295 |
| 36 | ov_036 | 1.0396889181531111 × 10^295 |
| 37 | ov_037 | 8.853149633378274 × 10^294 |
| 38 | ov_038 | 7.492145294148258 × 10^294 |
| 39 | ov_039 | 6.297454248153346 × 10^294 |
| 40 | ov_040 | 5.253511890611086 × 10^294 |
| 41 | ov_041 | 4.345563125243071 × 10^294 |
| 42 | ov_042 | 3.559621895098687 × 10^294 |
| 43 | ov_043 | 2.8824372650523648 × 10^294 |
| 44 | ov_044 | 2.301465318306477 × 10^294 |
| 45 | ov_045 | 1.804846172692243 × 10^294 |
| 46 | ov_046 | 1.386818321789502 × 10^294 |
| 47 | ov_047 | 1.041948909468716 × 10^294 |
| 48 | ov_048 | 7.651272942933526 × 10^293 |
| 49 | ov_049 | 5.470803997109082 × 10^293 |
| 50 | ov_050 | 3.791597662327351 × 10^293 |
| 51 | ov_051 | 2.5333710306976023 × 10^293 |
| 52 | ov_052 | 1.6220129310828854 × 10^293 |
| 53 | ov_053 | 9.895649579869332 × 10^292 |
| 54 | ov_054 | 5.742103435003831 × 10^292 |
| 55 | ov_055 | 3.202679541174778 × 10^292 |
| 56 | ov_056 | 1.7818920351481553 × 10^292 |
| 57 | ov_057 | 1.0455640412338602 × 10^292 |
| 58 | ov_058 | 6.208184048025272 × 10^291 |
| 59 | ov_059 | 3.365406502942831 × 10^291 |
| 60 | ov_060 | 1.6208483349856875 × 10^291 |
| 61 | ov_061 | 6.680521427586402 × 10^290 |
| 62 | ov_062 | 2.210882393812905 × 10^290 |
| 63 | ov_063 | 5.354739361724421 × 10^289 |
| 64 | lv_79_k31 | 1.2964580379169385 × 10^289 |
| 65 | ov_065 | 1.5419480847496576 × 10^290 |
| 66 | ov_066 | 1.5419449496082627 × 10^290 |
| 67 | ov_067 | 1.5419439671220696 × 10^290 |
| 68 | ov_068 | 1.3366719401283302 × 10^290 |
| 69 | ov_069 | 1.152012430466734 × 10^290 |
| 70 | ov_070 | 9.871614198471763 × 10^289 |
| 71 | ov_071 | 8.406248951412994 × 10^289 |
| 72 | ov_072 | 7.109790913177258 × 10^289 |
| 73 | ov_073 | 5.968665805353931 × 10^289 |
| 74 | ov_074 | 4.969931823050599 × 10^289 |
| 75 | ov_075 | 4.101255639295971 × 10^289 |
| 76 | ov_076 | 3.350894074225714 × 10^289 |
| 77 | ov_077 | 2.7076802586544573 × 10^289 |
| 78 | ov_078 | 2.1610131874045833 × 10^289 |
| 79 | ov_079 | 1.7008496220696575 × 10^289 |
| 80 | ov_080 | 1.3176974688560539 × 10^289 |
| 81 | ov_081 | 1.0026101202118558 × 10^289 |
| 82 | ov_082 | 7.471815885341718 × 10^288 |
| 83 | ov_083 | 5.4354237101782474 × 10^288 |
| 84 | ov_084 | 3.843559849059128 × 10^288 |
| 85 | ov_085 | 2.6281611252154924 × 10^288 |
| 86 | ov_086 | 1.726442955267696 × 10^288 |
| 87 | ov_087 | 1.0808811789047327 × 10^288 |
| 88 | ov_088 | 6.3919817066891064 × 10^287 |
| 89 | ov_089 | 3.5435262897381124 × 10^287 |
| 90 | ov_090 | 1.845324375495029 × 10^287 |
| 91 | ov_091 | 9.314999454639006 × 10^286 |
| 92 | ov_092 | 4.883940963506896 × 10^286 |
| 93 | ov_093 | 2.5454999427715817 × 10^286 |
| 94 | ov_094 | 1.1228850014241978 × 10^286 |
| 95 | aaa_78_28 | 3.5513726757083476 × 10^285 |
| 96 | aaa_78_29 | 1.312557067378603 × 10^285 |
| 97 | ov_097 | 1.0995632867389438 × 10^285 |
| 98 | ov_098 | 1.0995533044705819 × 10^285 |
| 99 | ov_099 | 1.0995501161939165 × 10^285 |
| 100 | ov_100 | 9.125451835762038 × 10^284 |
| 101 | ov_101 | 7.512798882921791 × 10^284 |
| 102 | ov_102 | 6.13299041336649 × 10^284 |
| 103 | ov_103 | 4.962821405616467 × 10^284 |
| 104 | ov_104 | 3.980335212170294 × 10^284 |
| 105 | ov_105 | 3.164737872226449 × 10^284 |
| 106 | ov_106 | 2.4963240646222925 × 10^284 |
| 107 | ov_107 | 1.95641359635268 × 10^284 |
| 108 | ov_108 | 1.5272973819065038 × 10^284 |
| 109 | ov_109 | 1.1921919264035921 × 10^284 |
| 110 | ov_110 | 9.35201381523723 × 10^283 |
| 111 | ov_111 | 7.41286297837636 × 10^283 |
| 112 | ov_112 | 5.962382506732516 × 10^283 |
| 113 | ov_113 | 4.866595693324626 × 10^283 |
| 114 | ov_114 | 3.9994745152471028 × 10^283 |
| 115 | ov_115 | 3.24281796473925 × 10^283 |
| 116 | ov_116 | 2.5889549048214134 × 10^283 |
| 117 | ov_117 | 2.03025918304861 × 10^283 |
| 118 | ov_118 | 1.5591339975200098 × 10^283 |
| 119 | ov_119 | 1.1680003796169143 × 10^283 |
| 120 | ov_120 | 8.492892857215132 × 10^282 |
| 121 | ov_121 | 5.954367902705903 × 10^282 |
| 122 | ov_122 | 3.98881643505245 × 10^282 |
| 123 | ov_123 | 2.5206412610364278 × 10^282 |
| 124 | ov_124 | 1.4742538252338907 × 10^282 |
| 125 | ov_125 | 7.740698363454903 × 10^281 |
| 126 | ov_126 | 3.445067519468983 × 10^281 |
| 127 | aaa_77_28 | 1.0998258832154354 × 10^281 |
| 128 | aaa_77_29 | 4.1217702283256297 × 10^280 |
| 129 | ov_129 | 3.797612993167041 × 10^280 |
| 130 | ov_130 | 3.7976043113079083 × 10^280 |
| 131 | ov_131 | 3.797601522147896 × 10^280 |
| 132 | ov_132 | 3.28915197249304 × 10^280 |
| 133 | ov_133 | 2.833988248263503 × 10^280 |
| 134 | ov_134 | 2.428041534923024 × 10^280 |
| 135 | ov_135 | 2.0674700318875247 × 10^280 |
| 136 | ov_136 | 1.7486423653220452 × 10^280 |
| 137 | ov_137 | 1.4681231054938767 × 10^280 |
| 138 | ov_138 | 1.2226602409157725 × 10^280 |
| 139 | ov_139 | 1.009174434199509 × 10^280 |
| 140 | ov_140 | 8.247498822388288 × 10^279 |
| 141 | ov_141 | 6.666266130956543 × 10^279 |
| 142 | ov_142 | 5.321940614848359 × 10^279 |
| 143 | ov_143 | 4.1898577409366285 × 10^279 |
| 144 | ov_144 | 3.246751051771114 × 10^279 |
| 145 | ov_145 | 2.470717719748093 × 10^279 |
| 146 | ov_146 | 1.8411914853045721 × 10^279 |
| 147 | ov_147 | 1.3389218548198002 × 10^279 |
| 148 | ov_148 | 9.459585234821893 × 10^278 |
| 149 | ov_149 | 6.4564007777599964 × 10^278 |
| 150 | ov_150 | 4.225861215367856 × 10^278 |
| 151 | ov_151 | 2.626920587622659 × 10^278 |
| 152 | ov_152 | 1.5312585556989462 × 10^278 |
| 153 | ov_153 | 8.232619287733241 × 10^277 |
| 154 | ov_154 | 4.0001510555651264 × 10^277 |
| 155 | ov_155 | 1.7129545954473932 × 10^277 |
| 156 | aaa_76_25 | 5.957118043142322 × 10^276 |
| 157 | aaa_76_26 | 3.666686297482434 × 10^276 |
| 158 | aaa_76_27 | 2.0106975908300495 × 10^276 |
| 159 | aaa_76_28 | 9.476782904587147 × 10^275 |
| 160 | aaa_76_29 | 3.56867107184341 × 10^275 |

### Output Bits Sorted by Complexity

| Rank | Output Bit | Complexity |
|:----:|:----------:|:----------:|
| 160 | aaa_76_29 | 3.56867107184341 × 10^275 |
| 159 | aaa_76_28 | 9.476782904587147 × 10^275 |
| 158 | aaa_76_27 | 2.0106975908300495 × 10^276 |
| 157 | aaa_76_26 | 3.666686297482434 × 10^276 |
| 156 | aaa_76_25 | 5.957118043142322 × 10^276 |
| 155 | ov_155 | 1.7129545954473932 × 10^277 |
| 154 | ov_154 | 4.0001510555651264 × 10^277 |
| 153 | ov_153 | 8.232619287733241 × 10^277 |
| 152 | ov_152 | 1.5312585556989462 × 10^278 |
| 151 | ov_151 | 2.626920587622659 × 10^278 |
| 150 | ov_150 | 4.225861215367856 × 10^278 |
| 149 | ov_149 | 6.4564007777599964 × 10^278 |
| 148 | ov_148 | 9.459585234821893 × 10^278 |
| 147 | ov_147 | 1.3389218548198002 × 10^279 |
| 146 | ov_146 | 1.8411914853045721 × 10^279 |
| 145 | ov_145 | 2.470717719748093 × 10^279 |
| 144 | ov_144 | 3.246751051771114 × 10^279 |
| 143 | ov_143 | 4.1898577409366285 × 10^279 |
| 142 | ov_142 | 5.321940614848359 × 10^279 |
| 141 | ov_141 | 6.666266130956543 × 10^279 |
| 140 | ov_140 | 8.247498822388288 × 10^279 |
| 139 | ov_139 | 1.009174434199509 × 10^280 |
| 138 | ov_138 | 1.2226602409157725 × 10^280 |
| 137 | ov_137 | 1.4681231054938767 × 10^280 |
| 136 | ov_136 | 1.7486423653220452 × 10^280 |
| 135 | ov_135 | 2.0674700318875247 × 10^280 |
| 134 | ov_134 | 2.428041534923024 × 10^280 |
| 133 | ov_133 | 2.833988248263503 × 10^280 |
| 132 | ov_132 | 3.28915197249304 × 10^280 |
| 131 | ov_131 | 3.797601522147896 × 10^280 |
| 130 | ov_130 | 3.7976043113079083 × 10^280 |
| 129 | ov_129 | 3.797612993167041 × 10^280 |
| 128 | aaa_77_29 | 4.1217702283256297 × 10^280 |
| 127 | aaa_77_28 | 1.0998258832154354 × 10^281 |
| 126 | ov_126 | 3.445067519468983 × 10^281 |
| 125 | ov_125 | 7.740698363454903 × 10^281 |
| 124 | ov_124 | 1.4742538252338907 × 10^282 |
| 123 | ov_123 | 2.5206412610364278 × 10^282 |
| 122 | ov_122 | 3.98881643505245 × 10^282 |
| 121 | ov_121 | 5.954367902705903 × 10^282 |
| 120 | ov_120 | 8.492892857215132 × 10^282 |
| 119 | ov_119 | 1.1680003796169143 × 10^283 |
| 118 | ov_118 | 1.5591339975200098 × 10^283 |
| 117 | ov_117 | 2.03025918304861 × 10^283 |
| 116 | ov_116 | 2.5889549048214134 × 10^283 |
| 115 | ov_115 | 3.24281796473925 × 10^283 |
| 114 | ov_114 | 3.9994745152471028 × 10^283 |
| 113 | ov_113 | 4.866595693324626 × 10^283 |
| 112 | ov_112 | 5.962382506732516 × 10^283 |
| 111 | ov_111 | 7.41286297837636 × 10^283 |
| 110 | ov_110 | 9.35201381523723 × 10^283 |
| 109 | ov_109 | 1.1921919264035921 × 10^284 |
| 108 | ov_108 | 1.5272973819065038 × 10^284 |
| 107 | ov_107 | 1.95641359635268 × 10^284 |
| 106 | ov_106 | 2.4963240646222925 × 10^284 |
| 105 | ov_105 | 3.164737872226449 × 10^284 |
| 104 | ov_104 | 3.980335212170294 × 10^284 |
| 103 | ov_103 | 4.962821405616467 × 10^284 |
| 102 | ov_102 | 6.13299041336649 × 10^284 |
| 101 | ov_101 | 7.512798882921791 × 10^284 |
| 100 | ov_100 | 9.125451835762038 × 10^284 |
| 99 | ov_099 | 1.0995501161939165 × 10^285 |
| 98 | ov_098 | 1.0995533044705819 × 10^285 |
| 97 | ov_097 | 1.0995632867389438 × 10^285 |
| 96 | aaa_78_29 | 1.312557067378603 × 10^285 |
| 95 | aaa_78_28 | 3.5513726757083476 × 10^285 |
| 94 | ov_094 | 1.1228850014241978 × 10^286 |
| 93 | ov_093 | 2.5454999427715817 × 10^286 |
| 92 | ov_092 | 4.883940963506896 × 10^286 |
| 91 | ov_091 | 9.314999454639006 × 10^286 |
| 90 | ov_090 | 1.845324375495029 × 10^287 |
| 89 | ov_089 | 3.5435262897381124 × 10^287 |
| 88 | ov_088 | 6.3919817066891064 × 10^287 |
| 87 | ov_087 | 1.0808811789047327 × 10^288 |
| 86 | ov_086 | 1.726442955267696 × 10^288 |
| 85 | ov_085 | 2.6281611252154924 × 10^288 |
| 84 | ov_084 | 3.843559849059128 × 10^288 |
| 83 | ov_083 | 5.4354237101782474 × 10^288 |
| 82 | ov_082 | 7.471815885341718 × 10^288 |
| 81 | ov_081 | 1.0026101202118558 × 10^289 |
| 64 | lv_79_k31 | 1.2964580379169385 × 10^289 |
| 80 | ov_080 | 1.3176974688560539 × 10^289 |
| 79 | ov_079 | 1.7008496220696575 × 10^289 |
| 78 | ov_078 | 2.1610131874045833 × 10^289 |
| 77 | ov_077 | 2.7076802586544573 × 10^289 |
| 76 | ov_076 | 3.350894074225714 × 10^289 |
| 75 | ov_075 | 4.101255639295971 × 10^289 |
| 74 | ov_074 | 4.969931823050599 × 10^289 |
| 63 | ov_063 | 5.354739361724421 × 10^289 |
| 73 | ov_073 | 5.968665805353931 × 10^289 |
| 72 | ov_072 | 7.109790913177258 × 10^289 |
| 71 | ov_071 | 8.406248951412994 × 10^289 |
| 70 | ov_070 | 9.871614198471763 × 10^289 |
| 69 | ov_069 | 1.152012430466734 × 10^290 |
| 68 | ov_068 | 1.3366719401283302 × 10^290 |
| 67 | ov_067 | 1.5419439671220696 × 10^290 |
| 66 | ov_066 | 1.5419449496082627 × 10^290 |
| 65 | ov_065 | 1.5419480847496576 × 10^290 |
| 62 | ov_062 | 2.210882393812905 × 10^290 |
| 61 | ov_061 | 6.680521427586402 × 10^290 |
| 60 | ov_060 | 1.6208483349856875 × 10^291 |
| 59 | ov_059 | 3.365406502942831 × 10^291 |
| 58 | ov_058 | 6.208184048025272 × 10^291 |
| 57 | ov_057 | 1.0455640412338602 × 10^292 |
| 56 | ov_056 | 1.7818920351481553 × 10^292 |
| 55 | ov_055 | 3.202679541174778 × 10^292 |
| 54 | ov_054 | 5.742103435003831 × 10^292 |
| 53 | ov_053 | 9.895649579869332 × 10^292 |
| 52 | ov_052 | 1.6220129310828854 × 10^293 |
| 51 | ov_051 | 2.5333710306976023 × 10^293 |
| 50 | ov_050 | 3.791597662327351 × 10^293 |
| 49 | ov_049 | 5.470803997109082 × 10^293 |
| 48 | ov_048 | 7.651272942933526 × 10^293 |
| 47 | ov_047 | 1.041948909468716 × 10^294 |
| 32 | lv_80_k31 | 1.3610043391318027 × 10^294 |
| 46 | ov_046 | 1.386818321789502 × 10^294 |
| 45 | ov_045 | 1.804846172692243 × 10^294 |
| 44 | ov_044 | 2.301465318306477 × 10^294 |
| 43 | ov_043 | 2.8824372650523648 × 10^294 |
| 42 | ov_042 | 3.559621895098687 × 10^294 |
| 41 | ov_041 | 4.345563125243071 × 10^294 |
| 40 | ov_040 | 5.253511890611086 × 10^294 |
| 31 | ov_031 | 5.626752565822124 × 10^294 |
| 39 | ov_039 | 6.297454248153346 × 10^294 |
| 38 | ov_038 | 7.492145294148258 × 10^294 |
| 37 | ov_037 | 8.853149633378274 × 10^294 |
| 36 | ov_036 | 1.0396889181531111 × 10^295 |
| 35 | ov_035 | 1.21406991267591 × 10^295 |
| 34 | ov_034 | 1.4102892921314146 × 10^295 |
| 33 | ov_033 | 1.6302837219921246 × 10^295 |
| 30 | ov_030 | 2.3255286288903166 × 10^295 |
| 29 | ov_029 | 7.033719601880745 × 10^295 |
| 28 | ov_028 | 1.7083121411373908 × 10^296 |
| 27 | ov_027 | 4.084702766871277 × 10^296 |
| 26 | ov_026 | 9.832410945847087 × 10^296 |
| 25 | ov_025 | 2.1601723176663333 × 10^297 |
| 24 | ov_024 | 4.2693356194141366 × 10^297 |
| 23 | ov_023 | 7.705848534426092 × 10^297 |
| 22 | ov_022 | 1.2929880570908095 × 10^298 |
| 21 | ov_021 | 2.046666459437559 × 10^298 |
| 20 | ov_020 | 3.0906515792908255 × 10^298 |
| 19 | ov_019 | 4.490486206013818 × 10^298 |
| 18 | ov_018 | 6.318229588441035 × 10^298 |
| 17 | ov_017 | 8.652466871253177 × 10^298 |
| 16 | ov_016 | 1.157832586662148 × 10^299 |
| 15 | ov_015 | 1.518750487985053 × 10^299 |
| 14 | ov_014 | 1.9578315798312243 × 10^299 |
| 13 | ov_013 | 2.4855747143738897 × 10^299 |
| 12 | ov_012 | 3.1131552279118446 × 10^299 |
| 11 | ov_011 | 3.85243684533457 × 10^299 |
| 10 | ov_010 | 4.715987285995545 × 10^299 |
| 9 | ov_009 | 5.717098238146024 × 10^299 |
| 8 | ov_008 | 6.86981037097292 × 10^299 |
| 7 | ov_007 | 8.188943956574227 × 10^299 |
| 6 | ov_006 | 9.690135568531881 × 10^299 |
| 5 | ov_005 | 1.138988136262782 × 10^300 |
| 4 | ov_004 | 1.330558764812275 × 10^300 |
| 3 | ov_003 | 1.5455629671846564 × 10^300 |
| 2 | ov_002 | 1.784998189692282 × 10^300 |
| 1 | ov_001 | 2.0499197405089524 × 10^300 |

