# Results for E004005-E009012-F013-F014-F015-F016-F017-F018-F019-F020-F021-F022-F023-F024-F025-F026-F027-F028-F029-F030-F031-F032-F033-F034-F035-F036-F037-F038-F039-F040-F041-F042-F043-F044-F045-F046-F047-F048-F049-F050-F051-F052-F053-F054-F055-F056-F057-F058-F059-F060-F061-F062-F063-F064-F065-F066-F067-F068-F069-F070-F071-F072-F073-F074-F075-F076-F077-F078-F079-F080-F081-F082-F083-F084-F085-F086-F087-F088-F089-F090-F091-F092-F093-F094-F095-F096-F097-F098-F099-F100-F101-F102-F103-F104-F105-F106-F107-F108-F109-F110-F111-F112-F113-F114-F115-F116-F117-F118-F119-F120-F121-F122-F123-F124-F125-F126-F127-F128-F129-F130-F131-F132-F133-F134-F135-F136-F137-F138-F139-F140-F141-F142-F143-F144-F145-F146-F147-F148-F149-F150-F151-F152-F153-F154-F155-F156-F157-F158-F159-F160-F161-F162-F163-F164-F165-F166-F167-F168-F169-F170-F171-F172-F173-F174-F175-F176-F177-F178-F179-F180-F181-F182-F183-F184-F185-F186-F187-F188-F189-F190-F191-F192-F193-F194-F195-F196-F197-F198-F199-F200-F201-F202-F203-F204-F205-F206-F207-F208-F209-F210-F211-F212-F213-F214-F215-F216-F217-F218-F219-F220-F221-F222-F223-F224-F225-F226-F227-F228-F229-F230-F231-F232-F233-F234-F235-F236-F237-F238-F239-F240-F241-F242-F243-F244-F245-F246-F247-F248-F249-F250-F251-F252-F253-F254-F255-F256-F257-F258-F259-F260-F261-F262-F263-F264-F265-F266-F267-F268-F269-F270-F271-F272-F273-F274-F275-F276-F277-F278-F279-F280-F281-F282-F283-F284-F285-F286-F287-F288-F289-F290-F291-F292-F293-F294-F295-F296-F297-F298-F299-F300-F301-F302-F303-F304-F305-F306-F307-F308-F309-F310-F311-F312-F313-F314-F315-F316-F317-F318-F319-F320-F321-F322-F323-F324-F325-F326-F327-F328-F329-F330-F331-F332-F333-F334-F335-F336-F337-F338-F339-F340-F341-F342-F343-F344-F345-F346-F347-F348-F349-F350-F351-F352-F353-F354-F355-F356-F357-F358-F359-F360-F361-F362-F363-F364-F365-F366-F367-F368-F369-F370-F371-F372-F373-F374-F375-F376-F377-F378-F379-F380-F381-F382-F383-F384-F385-F386-F387-F388-F389-F390-F391-F392-F393-F394-F395-F396-F397-F398-F399-F400-F401-F402-F403-F404-F405-F406-F407-F408-F409-F410-F411-F412-F413-F414-F415-F416-F417-F418-F419-F420-F421-F422-F423-F424-F425-F426-F427-F428-F429-F430-F431-F432-F433-F434-F435-F436-F437-F438-F439-F440-F441-F442-F443-F444-F445-F446-F447-F448-F449-F450-F451-F452-F453-F454-F455-F456-F457-F458-F459-F460-F461-F462-F463-F464-F465-F466-F467-F468-F469-F470-F471-F472-F473-F474-F475-F476-F477-F478-F479-F480-F481-F482-F483-F484-F485-F486-F487-F488-F489-F490-F491-F492-F493-F494-F495-F496-F497-F498-F499-F500-F501-F502-F503-F504-F505-F506-F507-F508-F509-F510-F511-F512

## Summary

Number of input bits: 512  
Number of free input bits: 10  
Number of output bits: 160

Number of direct occurrences: 45837  
Number of assignments: 38296  
Number of operations: 18844395
(xor: 18805249,
and: 22961,
or: 16185)

Total complexity: 1.8115045361463817 × 10^353

Least occurring input variable: iv_007 (4323)  
Most occurring input variable: iv_009 (4962)

Most co-occurring input variables: iv_002-iv_009 (2337)  
Least co-occurring input variables: iv_007-iv_011 (1936)

Potentially most occurring input variable: iv_001/iv_009 (5283)  
Potentially least occurring input variable: iv_002/iv_007 (4541)

Least output occurring input variable: iv_011 (63)  
Most output occurring input variable: iv_003 (87)

Most output co-occurring input variables: iv_003-iv_006 (50)  
Least output co-occurring input variables: iv_009-iv_011 (20)

Potentially most output occurring input variable: iv_003/iv_008 (98)  
Potentially least output occurring input variable: iv_001/iv_006 (68)

Least complex input bit: iv_001 (2.334623713170594 × 10^350)  
Most complex input bit: iv_009 (5.6537940300102285 × 10^352)

Least complex output bit: aaa_76_29 (5.239293657376598 × 10^328)  
Most complex output bit: ov_001 (2.7603563653194118 × 10^352)

Least complex input/output complexity: iv_001/aaa_76_29 (6.752276336440423 × 10^325)  
Most complex input/output complexity: iv_009/ov_001 (8.615206877783127 × 10^351)

## Input Bits

### Input Bits in Regular Order

| Input Bit | Complexity | Occurrences | Output Occurrences |
|:---------:|:----------:|:-----------:|:------------------:|
| iv_001 | 2.334623713170594 × 10^350 | 4573 | 75 |
| iv_002 | 9.990367340849523 × 10^350 | 4616 | 85 |
| iv_003 | 2.8243686472708033 × 10^351 | 4670 | 87 |
| iv_004 | 1.2169363135296107 × 10^352 | 4432 | 67 |
| iv_006 | 1.279607475671024 × 10^352 | 4598 | 87 |
| iv_007 | 1.6702203739523357 × 10^352 | 4323 | 70 |
| iv_008 | 2.1173338321941826 × 10^352 | 4516 | 81 |
| iv_009 | 5.6537940300102285 × 10^352 | 4962 | 65 |
| iv_010 | 2.795623168291179 × 10^352 | 4484 | 83 |
| iv_011 | 2.9758433925479617 × 10^352 | 4663 | 63 |

### Input Bits Sorted by Complexity

| Input Bit | Complexity | Occurrences | Output Occurrences |
|:---------:|:----------:|:-----------:|:------------------:|
| iv_001 | 2.334623713170594 × 10^350 | 4573 | 75 |
| iv_002 | 9.990367340849523 × 10^350 | 4616 | 85 |
| iv_003 | 2.8243686472708033 × 10^351 | 4670 | 87 |
| iv_004 | 1.2169363135296107 × 10^352 | 4432 | 67 |
| iv_006 | 1.279607475671024 × 10^352 | 4598 | 87 |
| iv_007 | 1.6702203739523357 × 10^352 | 4323 | 70 |
| iv_008 | 2.1173338321941826 × 10^352 | 4516 | 81 |
| iv_010 | 2.795623168291179 × 10^352 | 4484 | 83 |
| iv_011 | 2.9758433925479617 × 10^352 | 4663 | 63 |
| iv_009 | 5.6537940300102285 × 10^352 | 4962 | 65 |

### Input Bits Sorted by Occurrences

| Input Bit | Complexity | Occurrences | Output Occurrences |
|:---------:|:----------:|:-----------:|:------------------:|
| iv_007 | 1.6702203739523357 × 10^352 | 4323 | 70 |
| iv_004 | 1.2169363135296107 × 10^352 | 4432 | 67 |
| iv_010 | 2.795623168291179 × 10^352 | 4484 | 83 |
| iv_008 | 2.1173338321941826 × 10^352 | 4516 | 81 |
| iv_001 | 2.334623713170594 × 10^350 | 4573 | 75 |
| iv_006 | 1.279607475671024 × 10^352 | 4598 | 87 |
| iv_002 | 9.990367340849523 × 10^350 | 4616 | 85 |
| iv_011 | 2.9758433925479617 × 10^352 | 4663 | 63 |
| iv_003 | 2.8243686472708033 × 10^351 | 4670 | 87 |
| iv_009 | 5.6537940300102285 × 10^352 | 4962 | 65 |

### Input Bits Sorted by Output Occurrences

| Input Bit | Complexity | Occurrences | Output Occurrences |
|:---------:|:----------:|:-----------:|:------------------:|
| iv_011 | 2.9758433925479617 × 10^352 | 4663 | 63 |
| iv_009 | 5.6537940300102285 × 10^352 | 4962 | 65 |
| iv_004 | 1.2169363135296107 × 10^352 | 4432 | 67 |
| iv_007 | 1.6702203739523357 × 10^352 | 4323 | 70 |
| iv_001 | 2.334623713170594 × 10^350 | 4573 | 75 |
| iv_008 | 2.1173338321941826 × 10^352 | 4516 | 81 |
| iv_010 | 2.795623168291179 × 10^352 | 4484 | 83 |
| iv_002 | 9.990367340849523 × 10^350 | 4616 | 85 |
| iv_006 | 1.279607475671024 × 10^352 | 4598 | 87 |
| iv_003 | 2.8243686472708033 × 10^351 | 4670 | 87 |

## Input Bit Co-occurrences

### Input Bit Co-occurrences Sorted by Co-occurrences

| Input Bits | Co-occurrences | Potential Occurrences | Output Co-occurrences | Potential Output Occurrences |
|:----------:|:--------------:|:---------------------:|:---------------------:|:----------------------------:|
| iv_002-iv_009 | 2337 | 4904 | 31 | 88 |
| iv_002-iv_003 | 2315 | 4656 | 43 | 86 |
| iv_009-iv_011 | 2236 | 5153 | 20 | 88 |
| iv_003-iv_009 | 2232 | 5168 | 38 | 76 |
| iv_001-iv_003 | 2228 | 4787 | 44 | 74 |
| iv_001-iv_006 | 2223 | 4725 | 47 | 68 |
| iv_001-iv_002 | 2216 | 4757 | 40 | 80 |
| iv_002-iv_006 | 2215 | 4784 | 45 | 82 |
| iv_008-iv_009 | 2211 | 5056 | 32 | 82 |
| iv_002-iv_007 | 2199 | 4541 | 43 | 69 |

### Input Bit Co-occurrences Sorted by Potential Occurrences

| Input Bits | Co-occurrences | Potential Occurrences | Output Co-occurrences | Potential Output Occurrences |
|:----------:|:--------------:|:---------------------:|:---------------------:|:----------------------------:|
| iv_002-iv_007 | 2199 | 4541 | 43 | 69 |
| iv_004-iv_010 | 2139 | 4638 | 33 | 84 |
| iv_002-iv_003 | 2315 | 4656 | 43 | 86 |
| iv_006-iv_007 | 2113 | 4695 | 37 | 83 |
| iv_001-iv_006 | 2223 | 4725 | 47 | 68 |
| iv_001-iv_007 | 2084 | 4728 | 34 | 77 |
| iv_007-iv_010 | 2027 | 4753 | 32 | 89 |
| iv_001-iv_002 | 2216 | 4757 | 40 | 80 |
| iv_002-iv_006 | 2215 | 4784 | 45 | 82 |
| iv_001-iv_003 | 2228 | 4787 | 44 | 74 |

### Input Bit Output Co-occurrences Sorted by Output Co-occurrences

| Input Bits | Co-occurrences | Potential Occurrences | Output Co-occurrences | Potential Output Occurrences |
|:----------:|:--------------:|:---------------------:|:---------------------:|:----------------------------:|
| iv_003-iv_006 | 2178 | 4912 | 50 | 74 |
| iv_006-iv_010 | 2105 | 4872 | 48 | 74 |
| iv_006-iv_008 | 2083 | 4948 | 47 | 74 |
| iv_001-iv_006 | 2223 | 4725 | 47 | 68 |
| iv_008-iv_010 | 2064 | 4872 | 46 | 72 |
| iv_002-iv_010 | 2114 | 4872 | 46 | 76 |
| iv_002-iv_006 | 2215 | 4784 | 45 | 82 |
| iv_001-iv_003 | 2228 | 4787 | 44 | 74 |
| iv_001-iv_010 | 2109 | 4839 | 44 | 70 |
| iv_002-iv_008 | 2160 | 4812 | 44 | 78 |

### Input Bit Output Co-occurrences Sorted by Potential Output Occurrences

| Input Bits | Co-occurrences | Potential Occurrences | Output Co-occurrences | Potential Output Occurrences |
|:----------:|:--------------:|:---------------------:|:---------------------:|:----------------------------:|
| iv_001-iv_006 | 2223 | 4725 | 47 | 68 |
| iv_002-iv_007 | 2199 | 4541 | 43 | 69 |
| iv_006-iv_009 | 2184 | 5192 | 41 | 70 |
| iv_001-iv_010 | 2109 | 4839 | 44 | 70 |
| iv_002-iv_011 | 2125 | 5029 | 39 | 70 |
| iv_008-iv_010 | 2064 | 4872 | 46 | 72 |
| iv_002-iv_004 | 2066 | 4916 | 40 | 72 |
| iv_007-iv_009 | 2069 | 5147 | 31 | 73 |
| iv_006-iv_008 | 2083 | 4948 | 47 | 74 |
| iv_006-iv_010 | 2105 | 4872 | 48 | 74 |

## Output Bits

### Output Bits in Regular Order

| Rank | Output Bit | Complexity |
|:----:|:----------:|:----------:|
| 1 | ov_001 | 2.7603563653194118 × 10^352 |
| 2 | ov_002 | 2.4184284846707584 × 10^352 |
| 3 | ov_003 | 2.109823964647429 × 10^352 |
| 4 | ov_004 | 1.8314751497876618 × 10^352 |
| 5 | ov_005 | 1.5804894029110418 × 10^352 |
| 6 | ov_006 | 1.3541366047922842 × 10^352 |
| 7 | ov_007 | 1.151090852538503 × 10^352 |
| 8 | ov_008 | 9.700993415060501 × 10^351 |
| 9 | ov_009 | 8.099777862669925 × 10^351 |
| 10 | ov_010 | 6.696064404214228 × 10^351 |
| 11 | ov_011 | 5.479266802380007 × 10^351 |
| 12 | ov_012 | 4.439381121072985 × 10^351 |
| 13 | ov_013 | 3.558053734634515 × 10^351 |
| 14 | ov_014 | 2.8179907334588414 × 10^351 |
| 15 | ov_015 | 2.2029283030140803 × 10^351 |
| 16 | ov_016 | 1.6976089916614907 × 10^351 |
| 17 | ov_017 | 1.2877630137692825 × 10^351 |
| 18 | ov_018 | 9.600938046977962 × 10^350 |
| 19 | ov_019 | 7.022671132906308 × 10^350 |
| 20 | ov_020 | 5.02902985792142 × 10^350 |
| 21 | ov_021 | 3.51570062838624 × 10^350 |
| 22 | ov_022 | 2.3878167851342652 × 10^350 |
| 23 | ov_023 | 1.559933175525019 × 10^350 |
| 24 | ov_024 | 9.560105373758446 × 10^349 |
| 25 | ov_025 | 5.403792660956738 × 10^349 |
| 26 | ov_026 | 2.82066689465554 × 10^349 |
| 27 | ov_027 | 1.3321310140093209 × 10^349 |
| 28 | ov_028 | 5.534815904510568 × 10^348 |
| 29 | ov_029 | 1.9390606278041006 × 10^348 |
| 30 | ov_030 | 5.3365599976052604 × 10^347 |
| 31 | ov_031 | 1.0440592458514537 × 10^347 |
| 32 | lv_80_m31 | 2.0426645915535113 × 10^346 |
| 33 | ov_033 | 2.5516972876383058 × 10^347 |
| 34 | ov_034 | 2.240053338199057 × 10^347 |
| 35 | ov_035 | 1.9595481792835735 × 10^347 |
| 36 | ov_036 | 1.7071988042758034 × 10^347 |
| 37 | ov_037 | 1.480205395794679 × 10^347 |
| 38 | ov_038 | 1.2759389363802147 × 10^347 |
| 39 | ov_039 | 1.091929921818668 × 10^347 |
| 40 | ov_040 | 9.26982134465529 × 10^346 |
| 41 | ov_041 | 7.799715566542188 × 10^346 |
| 42 | ov_042 | 6.4984197997981394 × 10^346 |
| 43 | ov_043 | 5.356010655993592 × 10^346 |
| 44 | ov_044 | 4.363168291569986 × 10^346 |
| 45 | ov_045 | 3.5111452460483976 × 10^346 |
| 46 | ov_046 | 2.7917390171718912 × 10^346 |
| 47 | ov_047 | 2.1900869759888022 × 10^346 |
| 48 | ov_048 | 1.6923094653206632 × 10^346 |
| 49 | ov_049 | 1.2854771811640493 × 10^346 |
| 50 | ov_050 | 9.575838365509744 × 10^345 |
| 51 | ov_051 | 6.975236295049515 × 10^345 |
| 52 | ov_052 | 4.950730380329864 × 10^345 |
| 53 | ov_053 | 3.4087646590419144 × 10^345 |
| 54 | ov_054 | 2.264352634377318 × 10^345 |
| 55 | ov_055 | 1.4409964777739566 × 10^345 |
| 56 | ov_056 | 8.706304725623573 × 10^344 |
| 57 | ov_057 | 4.9358394512564403 × 10^344 |
| 58 | ov_058 | 2.5855896977403364 × 10^344 |
| 59 | ov_059 | 1.2261836578463008 × 10^344 |
| 60 | ov_060 | 5.118010776669509 × 10^343 |
| 61 | ov_061 | 1.801518130941962 × 10^343 |
| 62 | ov_062 | 4.981203605196771 × 10^342 |
| 63 | ov_063 | 9.792942730768998 × 10^341 |
| 64 | lv_79_m31 | 1.9250898994276538 × 10^341 |
| 65 | ov_065 | 2.6394183675351826 × 10^342 |
| 66 | ov_066 | 2.6393377500898327 × 10^342 |
| 67 | ov_067 | 2.639311834355921 × 10^342 |
| 68 | ov_068 | 2.3735845306025706 × 10^342 |
| 69 | ov_069 | 2.1277961898601845 × 10^342 |
| 70 | ov_070 | 1.9008029335818157 × 10^342 |
| 71 | ov_071 | 1.6915446211497287 × 10^342 |
| 72 | ov_072 | 1.4990356309819607 × 10^342 |
| 73 | ov_073 | 1.322356147528487 × 10^342 |
| 74 | ov_074 | 1.1606439258803686 × 10^342 |
| 75 | ov_075 | 1.0130865070957576 × 10^342 |
| 76 | ov_076 | 8.789139526055828 × 10^341 |
| 77 | ov_077 | 7.573922553676961 × 10^341 |
| 78 | ov_078 | 6.478174808060467 × 10^341 |
| 79 | ov_079 | 5.495105918183036 × 10^341 |
| 80 | ov_080 | 4.618129131469333 × 10^341 |
| 81 | ov_081 | 3.8408219119479037 × 10^341 |
| 82 | ov_082 | 3.156892059613339 × 10^341 |
| 83 | ov_083 | 2.5601489221387545 × 10^341 |
| 84 | ov_084 | 2.044479273210593 × 10^341 |
| 85 | ov_085 | 1.6038274339067698 × 10^341 |
| 86 | ov_086 | 1.2321792149492456 × 10^341 |
| 87 | ov_087 | 9.235492585366375 × 10^340 |
| 88 | ov_088 | 6.719713589747514 × 10^340 |
| 89 | ov_089 | 4.714913415977083 × 10^340 |
| 90 | ov_090 | 3.1616207959420807 × 10^340 |
| 91 | ov_091 | 2.0004022840119032 × 10^340 |
| 92 | ov_092 | 1.1718426087092734 × 10^340 |
| 93 | ov_093 | 6.165340719705542 × 10^339 |
| 94 | ov_094 | 2.75071574053939 × 10^339 |
| 95 | aaa_78_28 | 8.805069826026743 × 10^338 |
| 96 | aaa_78_29 | 3.313897942547518 × 10^338 |
| 97 | ov_097 | 3.216483982546408 × 10^338 |
| 98 | ov_098 | 3.216474714219261 × 10^338 |
| 99 | ov_099 | 3.216472463703413 × 10^338 |
| 100 | ov_100 | 2.8231890635637336 × 10^338 |
| 101 | ov_101 | 2.4684595454168283 × 10^338 |
| 102 | ov_102 | 2.1488045142841193 × 10^338 |
| 103 | ov_103 | 1.860944739111841 × 10^338 |
| 104 | ov_104 | 1.6017873999713857 × 10^338 |
| 105 | ov_105 | 1.368413806430517 × 10^338 |
| 106 | ov_106 | 1.1594066989779055 × 10^338 |
| 107 | ov_107 | 9.734278595431536 × 10^337 |
| 108 | ov_108 | 8.092135895733937 × 10^337 |
| 109 | ov_109 | 6.655707502619864 × 10^337 |
| 110 | ov_110 | 5.4137332169490855 × 10^337 |
| 111 | ov_111 | 4.3555944024691035 × 10^337 |
| 112 | ov_112 | 3.461881617415811 × 10^337 |
| 113 | ov_113 | 2.714358258863554 × 10^337 |
| 114 | ov_114 | 2.0959290177277118 × 10^337 |
| 115 | ov_115 | 1.5906147859257464 × 10^337 |
| 116 | ov_116 | 1.1835332298530174 × 10^337 |
| 117 | ov_117 | 8.60884132415185 × 10^336 |
| 118 | ov_118 | 6.099386312171392 × 10^336 |
| 119 | ov_119 | 4.190315715706046 × 10^336 |
| 120 | ov_120 | 2.775562839009101 × 10^336 |
| 121 | ov_121 | 1.759611859725465 × 10^336 |
| 122 | ov_122 | 1.0574770115151877 × 10^336 |
| 123 | ov_123 | 5.946907470180015 × 10^335 |
| 124 | ov_124 | 3.072976051057226 × 10^335 |
| 125 | ov_125 | 1.4185138448491616 × 10^335 |
| 126 | ov_126 | 5.5414024365320886 × 10^334 |
| 127 | aaa_77_28 | 1.5555242474010845 × 10^334 |
| 128 | aaa_77_29 | 4.744012057811156 × 10^333 |
| 129 | ov_129 | 2.9001161202322818 × 10^333 |
| 130 | ov_130 | 2.900105854646168 × 10^333 |
| 131 | ov_131 | 2.900103352717745 × 10^333 |
| 132 | ov_132 | 2.547659116349281 × 10^333 |
| 133 | ov_133 | 2.2324960087112714 × 10^333 |
| 134 | ov_134 | 1.9508486909540856 × 10^333 |
| 135 | ov_135 | 1.6991707307150905 × 10^333 |
| 136 | ov_136 | 1.474119145915255 × 10^333 |
| 137 | ov_137 | 1.2725405869199346 × 10^333 |
| 138 | ov_138 | 1.0914590490623536 × 10^333 |
| 139 | ov_139 | 9.294294226799772 × 10^332 |
| 140 | ov_140 | 7.850872983044859 × 10^332 |
| 141 | ov_141 | 6.571445235527362 × 10^332 |
| 142 | ov_142 | 5.443853575465058 × 10^332 |
| 143 | ov_143 | 4.456631808754682 × 10^332 |
| 144 | ov_144 | 3.5989772159284614 × 10^332 |
| 145 | ov_145 | 2.8607276017205764 × 10^332 |
| 146 | ov_146 | 2.2323427129701588 × 10^332 |
| 147 | ov_147 | 1.7048894841111377 × 10^332 |
| 148 | ov_148 | 1.270030536478524 × 10^332 |
| 149 | ov_149 | 9.200154051839135 × 10^331 |
| 150 | ov_150 | 6.476740147753377 × 10^331 |
| 151 | ov_151 | 4.4038998845494546 × 10^331 |
| 152 | ov_152 | 2.8668959098769513 × 10^331 |
| 153 | ov_153 | 1.7623818324250172 × 10^331 |
| 154 | ov_154 | 9.983805025632443 × 10^330 |
| 155 | ov_155 | 4.942716438130008 × 10^330 |
| 156 | aaa_76_25 | 1.8078556466473823 × 10^330 |
| 157 | aaa_76_26 | 9.466084123410641 × 10^329 |
| 158 | aaa_76_27 | 4.3765917796607005 × 10^329 |
| 159 | aaa_76_28 | 1.7129115422123144 × 10^329 |
| 160 | aaa_76_29 | 5.239293657376598 × 10^328 |

### Output Bits Sorted by Complexity

| Rank | Output Bit | Complexity |
|:----:|:----------:|:----------:|
| 160 | aaa_76_29 | 5.239293657376598 × 10^328 |
| 159 | aaa_76_28 | 1.7129115422123144 × 10^329 |
| 158 | aaa_76_27 | 4.3765917796607005 × 10^329 |
| 157 | aaa_76_26 | 9.466084123410641 × 10^329 |
| 156 | aaa_76_25 | 1.8078556466473823 × 10^330 |
| 155 | ov_155 | 4.942716438130008 × 10^330 |
| 154 | ov_154 | 9.983805025632443 × 10^330 |
| 153 | ov_153 | 1.7623818324250172 × 10^331 |
| 152 | ov_152 | 2.8668959098769513 × 10^331 |
| 151 | ov_151 | 4.4038998845494546 × 10^331 |
| 150 | ov_150 | 6.476740147753377 × 10^331 |
| 149 | ov_149 | 9.200154051839135 × 10^331 |
| 148 | ov_148 | 1.270030536478524 × 10^332 |
| 147 | ov_147 | 1.7048894841111377 × 10^332 |
| 146 | ov_146 | 2.2323427129701588 × 10^332 |
| 145 | ov_145 | 2.8607276017205764 × 10^332 |
| 144 | ov_144 | 3.5989772159284614 × 10^332 |
| 143 | ov_143 | 4.456631808754682 × 10^332 |
| 142 | ov_142 | 5.443853575465058 × 10^332 |
| 141 | ov_141 | 6.571445235527362 × 10^332 |
| 140 | ov_140 | 7.850872983044859 × 10^332 |
| 139 | ov_139 | 9.294294226799772 × 10^332 |
| 138 | ov_138 | 1.0914590490623536 × 10^333 |
| 137 | ov_137 | 1.2725405869199346 × 10^333 |
| 136 | ov_136 | 1.474119145915255 × 10^333 |
| 135 | ov_135 | 1.6991707307150905 × 10^333 |
| 134 | ov_134 | 1.9508486909540856 × 10^333 |
| 133 | ov_133 | 2.2324960087112714 × 10^333 |
| 132 | ov_132 | 2.547659116349281 × 10^333 |
| 131 | ov_131 | 2.900103352717745 × 10^333 |
| 130 | ov_130 | 2.900105854646168 × 10^333 |
| 129 | ov_129 | 2.9001161202322818 × 10^333 |
| 128 | aaa_77_29 | 4.744012057811156 × 10^333 |
| 127 | aaa_77_28 | 1.5555242474010845 × 10^334 |
| 126 | ov_126 | 5.5414024365320886 × 10^334 |
| 125 | ov_125 | 1.4185138448491616 × 10^335 |
| 124 | ov_124 | 3.072976051057226 × 10^335 |
| 123 | ov_123 | 5.946907470180015 × 10^335 |
| 122 | ov_122 | 1.0574770115151877 × 10^336 |
| 121 | ov_121 | 1.759611859725465 × 10^336 |
| 120 | ov_120 | 2.775562839009101 × 10^336 |
| 119 | ov_119 | 4.190315715706046 × 10^336 |
| 118 | ov_118 | 6.099386312171392 × 10^336 |
| 117 | ov_117 | 8.60884132415185 × 10^336 |
| 116 | ov_116 | 1.1835332298530174 × 10^337 |
| 115 | ov_115 | 1.5906147859257464 × 10^337 |
| 114 | ov_114 | 2.0959290177277118 × 10^337 |
| 113 | ov_113 | 2.714358258863554 × 10^337 |
| 112 | ov_112 | 3.461881617415811 × 10^337 |
| 111 | ov_111 | 4.3555944024691035 × 10^337 |
| 110 | ov_110 | 5.4137332169490855 × 10^337 |
| 109 | ov_109 | 6.655707502619864 × 10^337 |
| 108 | ov_108 | 8.092135895733937 × 10^337 |
| 107 | ov_107 | 9.734278595431536 × 10^337 |
| 106 | ov_106 | 1.1594066989779055 × 10^338 |
| 105 | ov_105 | 1.368413806430517 × 10^338 |
| 104 | ov_104 | 1.6017873999713857 × 10^338 |
| 103 | ov_103 | 1.860944739111841 × 10^338 |
| 102 | ov_102 | 2.1488045142841193 × 10^338 |
| 101 | ov_101 | 2.4684595454168283 × 10^338 |
| 100 | ov_100 | 2.8231890635637336 × 10^338 |
| 99 | ov_099 | 3.216472463703413 × 10^338 |
| 98 | ov_098 | 3.216474714219261 × 10^338 |
| 97 | ov_097 | 3.216483982546408 × 10^338 |
| 96 | aaa_78_29 | 3.313897942547518 × 10^338 |
| 95 | aaa_78_28 | 8.805069826026743 × 10^338 |
| 94 | ov_094 | 2.75071574053939 × 10^339 |
| 93 | ov_093 | 6.165340719705542 × 10^339 |
| 92 | ov_092 | 1.1718426087092734 × 10^340 |
| 91 | ov_091 | 2.0004022840119032 × 10^340 |
| 90 | ov_090 | 3.1616207959420807 × 10^340 |
| 89 | ov_089 | 4.714913415977083 × 10^340 |
| 88 | ov_088 | 6.719713589747514 × 10^340 |
| 87 | ov_087 | 9.235492585366375 × 10^340 |
| 86 | ov_086 | 1.2321792149492456 × 10^341 |
| 85 | ov_085 | 1.6038274339067698 × 10^341 |
| 64 | lv_79_m31 | 1.9250898994276538 × 10^341 |
| 84 | ov_084 | 2.044479273210593 × 10^341 |
| 83 | ov_083 | 2.5601489221387545 × 10^341 |
| 82 | ov_082 | 3.156892059613339 × 10^341 |
| 81 | ov_081 | 3.8408219119479037 × 10^341 |
| 80 | ov_080 | 4.618129131469333 × 10^341 |
| 79 | ov_079 | 5.495105918183036 × 10^341 |
| 78 | ov_078 | 6.478174808060467 × 10^341 |
| 77 | ov_077 | 7.573922553676961 × 10^341 |
| 76 | ov_076 | 8.789139526055828 × 10^341 |
| 63 | ov_063 | 9.792942730768998 × 10^341 |
| 75 | ov_075 | 1.0130865070957576 × 10^342 |
| 74 | ov_074 | 1.1606439258803686 × 10^342 |
| 73 | ov_073 | 1.322356147528487 × 10^342 |
| 72 | ov_072 | 1.4990356309819607 × 10^342 |
| 71 | ov_071 | 1.6915446211497287 × 10^342 |
| 70 | ov_070 | 1.9008029335818157 × 10^342 |
| 69 | ov_069 | 2.1277961898601845 × 10^342 |
| 68 | ov_068 | 2.3735845306025706 × 10^342 |
| 67 | ov_067 | 2.639311834355921 × 10^342 |
| 66 | ov_066 | 2.6393377500898327 × 10^342 |
| 65 | ov_065 | 2.6394183675351826 × 10^342 |
| 62 | ov_062 | 4.981203605196771 × 10^342 |
| 61 | ov_061 | 1.801518130941962 × 10^343 |
| 60 | ov_060 | 5.118010776669509 × 10^343 |
| 59 | ov_059 | 1.2261836578463008 × 10^344 |
| 58 | ov_058 | 2.5855896977403364 × 10^344 |
| 57 | ov_057 | 4.9358394512564403 × 10^344 |
| 56 | ov_056 | 8.706304725623573 × 10^344 |
| 55 | ov_055 | 1.4409964777739566 × 10^345 |
| 54 | ov_054 | 2.264352634377318 × 10^345 |
| 53 | ov_053 | 3.4087646590419144 × 10^345 |
| 52 | ov_052 | 4.950730380329864 × 10^345 |
| 51 | ov_051 | 6.975236295049515 × 10^345 |
| 50 | ov_050 | 9.575838365509744 × 10^345 |
| 49 | ov_049 | 1.2854771811640493 × 10^346 |
| 48 | ov_048 | 1.6923094653206632 × 10^346 |
| 32 | lv_80_m31 | 2.0426645915535113 × 10^346 |
| 47 | ov_047 | 2.1900869759888022 × 10^346 |
| 46 | ov_046 | 2.7917390171718912 × 10^346 |
| 45 | ov_045 | 3.5111452460483976 × 10^346 |
| 44 | ov_044 | 4.363168291569986 × 10^346 |
| 43 | ov_043 | 5.356010655993592 × 10^346 |
| 42 | ov_042 | 6.4984197997981394 × 10^346 |
| 41 | ov_041 | 7.799715566542188 × 10^346 |
| 40 | ov_040 | 9.26982134465529 × 10^346 |
| 31 | ov_031 | 1.0440592458514537 × 10^347 |
| 39 | ov_039 | 1.091929921818668 × 10^347 |
| 38 | ov_038 | 1.2759389363802147 × 10^347 |
| 37 | ov_037 | 1.480205395794679 × 10^347 |
| 36 | ov_036 | 1.7071988042758034 × 10^347 |
| 35 | ov_035 | 1.9595481792835735 × 10^347 |
| 34 | ov_034 | 2.240053338199057 × 10^347 |
| 33 | ov_033 | 2.5516972876383058 × 10^347 |
| 30 | ov_030 | 5.3365599976052604 × 10^347 |
| 29 | ov_029 | 1.9390606278041006 × 10^348 |
| 28 | ov_028 | 5.534815904510568 × 10^348 |
| 27 | ov_027 | 1.3321310140093209 × 10^349 |
| 26 | ov_026 | 2.82066689465554 × 10^349 |
| 25 | ov_025 | 5.403792660956738 × 10^349 |
| 24 | ov_024 | 9.560105373758446 × 10^349 |
| 23 | ov_023 | 1.559933175525019 × 10^350 |
| 22 | ov_022 | 2.3878167851342652 × 10^350 |
| 21 | ov_021 | 3.51570062838624 × 10^350 |
| 20 | ov_020 | 5.02902985792142 × 10^350 |
| 19 | ov_019 | 7.022671132906308 × 10^350 |
| 18 | ov_018 | 9.600938046977962 × 10^350 |
| 17 | ov_017 | 1.2877630137692825 × 10^351 |
| 16 | ov_016 | 1.6976089916614907 × 10^351 |
| 15 | ov_015 | 2.2029283030140803 × 10^351 |
| 14 | ov_014 | 2.8179907334588414 × 10^351 |
| 13 | ov_013 | 3.558053734634515 × 10^351 |
| 12 | ov_012 | 4.439381121072985 × 10^351 |
| 11 | ov_011 | 5.479266802380007 × 10^351 |
| 10 | ov_010 | 6.696064404214228 × 10^351 |
| 9 | ov_009 | 8.099777862669925 × 10^351 |
| 8 | ov_008 | 9.700993415060501 × 10^351 |
| 7 | ov_007 | 1.151090852538503 × 10^352 |
| 6 | ov_006 | 1.3541366047922842 × 10^352 |
| 5 | ov_005 | 1.5804894029110418 × 10^352 |
| 4 | ov_004 | 1.8314751497876618 × 10^352 |
| 3 | ov_003 | 2.109823964647429 × 10^352 |
| 2 | ov_002 | 2.4184284846707584 × 10^352 |
| 1 | ov_001 | 2.7603563653194118 × 10^352 |

