# Results for F001-F002-F003-F004-F005-F006-F007-F008-F009-F010-F011-F012-F013-F014-F015-F016-F017-F018-F019-F020-F021-F022-F023-F024-F025-F026-F027-F028-F029-F030-F031-F032-F033-F034-F035-F036-F037-F038-F039-F040-F041-F042-F043-F044-F045-F046-F047-F048-F049-F050-F051-F052-F053-F054-F055-F056-F057-F058-F059-F060-F061-F062-F063-F064-F065-F066-F067-F068-F069-F070-F071-F072-F073-F074-F075-F076-F077-F078-F079-F080-F081-F082-F083-F084-F085-F086-F087-F088-F089-F090-F091-F092-F093-F094-F095-F096-F097-F098-F099-F100-F101-F102-F103-F104-F105-F106-F107-F108-F109-F110-F111-F112-F113-F114-F115-F116-F117-F118-F119-F120-F121-F122-F123-F124-F125-F126-F127-F128-F129-F130-F131-F132-F133-F134-F135-F136-F137-F138-F139-F140-F141-F142-F143-F144-F145-F146-F147-F148-F149-F150-F151-F152-F153-F154-F155-F156-F157-F158-F159-F160-F161-F162-F163-F164-F165-F166-F167-F168-F169-F170-F171-F172-F173-F174-F175-F176-F177-F178-F179-F180-F181-F182-F183-F184-F185-F186-F187-F188-F189-F190-F191-F192-F193-F194-F195-F196-F197-F198-F199-F200-F201-F202-F203-F204-F205-F206-F207-F208-F209-F210-F211-F212-F213-F214-F215-F216-F217-F218-F219-F220-F221-F222-F223-F224-F225-F226-F227-F228-F229-F230-F231-F232-F233-F234-F235-F236-F237-F238-F239-F240-F241-F242-F243-F244-F245-F246-F247-F248-F249-F250-F251-F252-F253-F254-F255-F256-F257-F258-F259-F260-F261-F262-F263-F264-F265-F266-F267-F268-F269-F270-F271-F272-F273-F274-F275-F276-F277-F278-F279-F280-F281-F282-F283-F284-F285-F286-F287-F288-F289-F290-F291-F292-F293-F294-F295-F296-F297-F298-F299-F300-F301-F302-F303-F304-F305-F306-F307-F308-F309-F310-F311-F312-F313-F314-F315-F316-F317-F318-F319-F320-F321-F322-F323-F324-F325-F326-F327-F328-F329-F330-F331-F332-F333-F334-F335-F336-F337-F338-F339-F340-F341-F342-F343-F344-F345-F346-F347-F348-F349-F350-F351-F352-F353-F354-F355-F356-F357-F358-F359-F360-F361-F362-F363-F364-F365-F366-F367-F368-F369-F370-F371-F372-F373-F374-F375-F376-F377-F378-F379-F380-F381-F382-F383-F384-F385-F386-F387-F388-F389-F390-F391-F392-F393-F394-F395-F396-F397-F398-F399-F400-F401-F402-F403-F404-F405-F406-F407-F408-F409-F410-F411-F412-F413-F414-F415-F416-F417-F418-F419-F420-F421-F422-F423-F424-F425-F426-F427-F428-F429-F430-F431-F432-F433-F434-F435-F436-F437-F438-F439-F440-F441-F442-F443-F444-F445-F446-F447-F448-F449-F450-F451-F452-F453-F454-F455-F456-F457-F458-F459-F460-F461-F462-F463-F464-F465-F466-F467-F468-F469-F470-F471-F472-F473-F474-F475-F476-F477-F478-F479-F480-F481-F482-F483-F484-F485-F486-F487-F488-F489-F490-F491-F492-F493-F494-F495-F496-O500505-T508-F509-F510-F511-F512

## Summary

Number of input bits: 512  
Number of free input bits: 10  
Number of output bits: 160

Number of direct occurrences: 41183  
Number of assignments: 31351  
Number of operations: 11733488
(xor: 11704548,
and: 15611,
or: 13329)

Total complexity: 9.425269217807068 × 10^304

Least occurring input variable: iv_504 (3953)  
Most occurring input variable: iv_507 (4279)

Most co-occurring input variables: iv_506-iv_507 (2042)  
Least co-occurring input variables: iv_501-iv_502 (1774)

Potentially most occurring input variable: iv_500/iv_507 (4582)  
Potentially least occurring input variable: iv_497/iv_502 (4203)

Least output occurring input variable: iv_506 (62)  
Most output occurring input variable: iv_498 (96)

Most output co-occurring input variables: iv_498-iv_502 (54)  
Least output co-occurring input variables: iv_497-iv_506 (29)

Potentially most output occurring input variable: iv_497/iv_504 (99)  
Potentially least output occurring input variable: iv_499/iv_506 (69)

Least complex input bit: iv_497 (3.857780175085725 × 10^302)  
Most complex input bit: iv_500 (2.765185397776071 × 10^304)

Least complex output bit: aaa_76_29 (3.2930833468623724 × 10^279)  
Most complex output bit: ov_001 (1.5208613063212797 × 10^304)

Least complex input/output complexity: iv_497/aaa_76_29 (1.3478651226671698 × 10^277)  
Most complex input/output complexity: iv_500/ov_001 (4.461902762774037 × 10^303)

## Input Bits

### Input Bits in Regular Order

| Input Bit | Complexity | Occurrences | Output Occurrences |
|:---------:|:----------:|:-----------:|:------------------:|
| iv_497 | 3.857780175085725 × 10^302 | 4117 | 79 |
| iv_498 | 7.721010012016878 × 10^302 | 4032 | 96 |
| iv_499 | 1.3888394090878466 × 10^303 | 4160 | 87 |
| iv_500 | 2.765185397776071 × 10^304 | 4221 | 81 |
| iv_501 | 4.006086182401693 × 10^303 | 3994 | 81 |
| iv_502 | 6.557190966298225 × 10^303 | 4062 | 83 |
| iv_503 | 1.0505366014597891 × 10^304 | 4186 | 76 |
| iv_504 | 1.6455705104836467 × 10^304 | 3953 | 80 |
| iv_506 | 1.2808915841075977 × 10^304 | 4179 | 62 |
| iv_507 | 1.372085566330151 × 10^304 | 4279 | 69 |

### Input Bits Sorted by Complexity

| Input Bit | Complexity | Occurrences | Output Occurrences |
|:---------:|:----------:|:-----------:|:------------------:|
| iv_497 | 3.857780175085725 × 10^302 | 4117 | 79 |
| iv_498 | 7.721010012016878 × 10^302 | 4032 | 96 |
| iv_499 | 1.3888394090878466 × 10^303 | 4160 | 87 |
| iv_501 | 4.006086182401693 × 10^303 | 3994 | 81 |
| iv_502 | 6.557190966298225 × 10^303 | 4062 | 83 |
| iv_503 | 1.0505366014597891 × 10^304 | 4186 | 76 |
| iv_506 | 1.2808915841075977 × 10^304 | 4179 | 62 |
| iv_507 | 1.372085566330151 × 10^304 | 4279 | 69 |
| iv_504 | 1.6455705104836467 × 10^304 | 3953 | 80 |
| iv_500 | 2.765185397776071 × 10^304 | 4221 | 81 |

### Input Bits Sorted by Occurrences

| Input Bit | Complexity | Occurrences | Output Occurrences |
|:---------:|:----------:|:-----------:|:------------------:|
| iv_504 | 1.6455705104836467 × 10^304 | 3953 | 80 |
| iv_501 | 4.006086182401693 × 10^303 | 3994 | 81 |
| iv_498 | 7.721010012016878 × 10^302 | 4032 | 96 |
| iv_502 | 6.557190966298225 × 10^303 | 4062 | 83 |
| iv_497 | 3.857780175085725 × 10^302 | 4117 | 79 |
| iv_499 | 1.3888394090878466 × 10^303 | 4160 | 87 |
| iv_506 | 1.2808915841075977 × 10^304 | 4179 | 62 |
| iv_503 | 1.0505366014597891 × 10^304 | 4186 | 76 |
| iv_500 | 2.765185397776071 × 10^304 | 4221 | 81 |
| iv_507 | 1.372085566330151 × 10^304 | 4279 | 69 |

### Input Bits Sorted by Output Occurrences

| Input Bit | Complexity | Occurrences | Output Occurrences |
|:---------:|:----------:|:-----------:|:------------------:|
| iv_506 | 1.2808915841075977 × 10^304 | 4179 | 62 |
| iv_507 | 1.372085566330151 × 10^304 | 4279 | 69 |
| iv_503 | 1.0505366014597891 × 10^304 | 4186 | 76 |
| iv_497 | 3.857780175085725 × 10^302 | 4117 | 79 |
| iv_504 | 1.6455705104836467 × 10^304 | 3953 | 80 |
| iv_500 | 2.765185397776071 × 10^304 | 4221 | 81 |
| iv_501 | 4.006086182401693 × 10^303 | 3994 | 81 |
| iv_502 | 6.557190966298225 × 10^303 | 4062 | 83 |
| iv_499 | 1.3888394090878466 × 10^303 | 4160 | 87 |
| iv_498 | 7.721010012016878 × 10^302 | 4032 | 96 |

## Input Bit Co-occurrences

### Input Bit Co-occurrences Sorted by Co-occurrences

| Input Bits | Co-occurrences | Potential Occurrences | Output Co-occurrences | Potential Output Occurrences |
|:----------:|:--------------:|:---------------------:|:---------------------:|:----------------------------:|
| iv_506-iv_507 | 2042 | 4374 | 30 | 71 |
| iv_497-iv_503 | 2027 | 4249 | 42 | 71 |
| iv_499-iv_503 | 2018 | 4310 | 43 | 77 |
| iv_499-iv_506 | 2008 | 4323 | 40 | 69 |
| iv_497-iv_502 | 1988 | 4203 | 36 | 90 |
| iv_502-iv_507 | 1981 | 4379 | 32 | 88 |
| iv_503-iv_507 | 1980 | 4505 | 31 | 83 |
| iv_499-iv_500 | 1977 | 4427 | 47 | 74 |
| iv_502-iv_503 | 1976 | 4296 | 40 | 79 |
| iv_499-iv_507 | 1974 | 4491 | 37 | 82 |

### Input Bit Co-occurrences Sorted by Potential Occurrences

| Input Bits | Co-occurrences | Potential Occurrences | Output Co-occurrences | Potential Output Occurrences |
|:----------:|:--------------:|:---------------------:|:---------------------:|:----------------------------:|
| iv_497-iv_502 | 1988 | 4203 | 36 | 90 |
| iv_498-iv_504 | 1878 | 4229 | 49 | 78 |
| iv_497-iv_503 | 2027 | 4249 | 42 | 71 |
| iv_498-iv_501 | 1884 | 4258 | 46 | 85 |
| iv_502-iv_504 | 1871 | 4273 | 44 | 75 |
| iv_498-iv_499 | 1958 | 4276 | 53 | 77 |
| iv_499-iv_501 | 1938 | 4278 | 41 | 86 |
| iv_501-iv_503 | 1951 | 4278 | 36 | 85 |
| iv_502-iv_503 | 1976 | 4296 | 40 | 79 |
| iv_498-iv_503 | 1959 | 4300 | 50 | 72 |

### Input Bit Output Co-occurrences Sorted by Output Co-occurrences

| Input Bits | Co-occurrences | Potential Occurrences | Output Co-occurrences | Potential Output Occurrences |
|:----------:|:--------------:|:---------------------:|:---------------------:|:----------------------------:|
| iv_498-iv_502 | 1853 | 4388 | 54 | 71 |
| iv_498-iv_499 | 1958 | 4276 | 53 | 77 |
| iv_497-iv_498 | 1895 | 4359 | 51 | 73 |
| iv_498-iv_503 | 1959 | 4300 | 50 | 72 |
| iv_498-iv_504 | 1878 | 4229 | 49 | 78 |
| iv_499-iv_500 | 1977 | 4427 | 47 | 74 |
| iv_498-iv_501 | 1884 | 4258 | 46 | 85 |
| iv_498-iv_500 | 1919 | 4415 | 45 | 87 |
| iv_497-iv_499 | 1948 | 4381 | 45 | 76 |
| iv_498-iv_507 | 1937 | 4437 | 44 | 77 |

### Input Bit Output Co-occurrences Sorted by Potential Output Occurrences

| Input Bits | Co-occurrences | Potential Occurrences | Output Co-occurrences | Potential Output Occurrences |
|:----------:|:--------------:|:---------------------:|:---------------------:|:----------------------------:|
| iv_499-iv_506 | 2008 | 4323 | 40 | 69 |
| iv_506-iv_507 | 2042 | 4374 | 30 | 71 |
| iv_498-iv_502 | 1853 | 4388 | 54 | 71 |
| iv_497-iv_503 | 2027 | 4249 | 42 | 71 |
| iv_500-iv_507 | 1959 | 4582 | 39 | 72 |
| iv_498-iv_503 | 1959 | 4300 | 50 | 72 |
| iv_504-iv_507 | 1901 | 4430 | 38 | 73 |
| iv_497-iv_498 | 1895 | 4359 | 51 | 73 |
| iv_504-iv_506 | 1882 | 4368 | 34 | 74 |
| iv_499-iv_500 | 1977 | 4427 | 47 | 74 |

## Output Bits

### Output Bits in Regular Order

| Rank | Output Bit | Complexity |
|:----:|:----------:|:----------:|
| 1 | ov_001 | 1.5208613063212797 × 10^304 |
| 2 | ov_002 | 1.3169704137858394 × 10^304 |
| 3 | ov_003 | 1.1345212623400617 × 10^304 |
| 4 | ov_004 | 9.718786950069801 × 10^303 |
| 5 | ov_005 | 8.274967217590328 × 10^303 |
| 6 | ov_006 | 6.999121152411552 × 10^303 |
| 7 | ov_007 | 5.877388407402155 × 10^303 |
| 8 | ov_008 | 4.896632705158271 × 10^303 |
| 9 | ov_009 | 4.044401205127181 × 10^303 |
| 10 | ov_010 | 3.30889036098241 × 10^303 |
| 11 | ov_011 | 2.6789175261897436 × 10^303 |
| 12 | ov_012 | 2.1438976080378123 × 10^303 |
| 13 | ov_013 | 1.6938241119650075 × 10^303 |
| 14 | ov_014 | 1.3192539589777469 × 10^303 |
| 15 | ov_015 | 1.0112954994706296 × 10^303 |
| 16 | ov_016 | 7.615991869429409 × 10^302 |
| 17 | ov_017 | 5.623504150472177 × 10^302 |
| 18 | ov_018 | 4.062640611710266 × 10^302 |
| 19 | ov_019 | 2.865803405237274 × 10^302 |
| 20 | ov_020 | 1.9706167517909926 × 10^302 |
| 21 | ov_021 | 1.3199037555007752 × 10^302 |
| 22 | ov_022 | 8.616697510679267 × 10^301 |
| 23 | ov_023 | 5.490907887189288 × 10^301 |
| 24 | ov_024 | 3.4050605942072044 × 10^301 |
| 25 | ov_025 | 1.9941325995758103 × 10^301 |
| 26 | ov_026 | 1.088504413691018 × 10^301 |
| 27 | ov_027 | 5.443321636326225 × 10^300 |
| 28 | ov_028 | 2.435440848447066 × 10^300 |
| 29 | ov_029 | 9.383932028754495 × 10^299 |
| 30 | ov_030 | 2.868760562463622 × 10^299 |
| 31 | ov_031 | 5.595905559765466 × 10^298 |
| 32 | lv_80_m31 | 1.0914138965516995 × 10^298 |
| 33 | ov_033 | 1.3055988147803214 × 10^299 |
| 34 | ov_034 | 1.1322687895524906 × 10^299 |
| 35 | ov_035 | 9.772298841857818 × 10^298 |
| 36 | ov_036 | 8.389315351900663 × 10^298 |
| 37 | ov_037 | 7.159065378690738 × 10^298 |
| 38 | ov_038 | 6.067651482048623 × 10^298 |
| 39 | ov_039 | 5.101899941479803 × 10^298 |
| 40 | ov_040 | 4.2493171879155786 × 10^298 |
| 41 | ov_041 | 3.503821462478465 × 10^298 |
| 42 | ov_042 | 2.859644121489762 × 10^298 |
| 43 | ov_043 | 2.3113154740819214 × 10^298 |
| 44 | ov_044 | 1.8487483124094906 × 10^298 |
| 45 | ov_045 | 1.462403111061551 × 10^298 |
| 46 | ov_046 | 1.1432742485813422 × 10^298 |
| 47 | ov_047 | 8.828791841749036 × 10^297 |
| 48 | ov_048 | 6.732501112897137 × 10^297 |
| 49 | ov_049 | 5.069276452593007 × 10^297 |
| 50 | ov_050 | 3.769561376304408 × 10^297 |
| 51 | ov_051 | 2.7688024513888134 × 10^297 |
| 52 | ov_052 | 2.0074243323520323 × 10^297 |
| 53 | ov_053 | 1.4308117703859134 × 10^297 |
| 54 | ov_054 | 9.892969894460149 × 10^296 |
| 55 | ov_055 | 6.592816855178385 × 10^296 |
| 56 | ov_056 | 4.196353587297831 × 10^296 |
| 57 | ov_057 | 2.5169323275091334 × 10^296 |
| 58 | ov_058 | 1.39255055866651 × 10^296 |
| 59 | ov_059 | 6.858447013495131 × 10^295 |
| 60 | ov_060 | 2.8408721513026583 × 10^295 |
| 61 | ov_061 | 9.918554054246784 × 10^294 |
| 62 | ov_062 | 2.71947320153531 × 10^294 |
| 63 | ov_063 | 5.297430237575976 × 10^293 |
| 64 | lv_79_m31 | 1.0316709987156162 × 10^293 |
| 65 | ov_065 | 1.2205637554110239 × 10^294 |
| 66 | ov_066 | 1.2205600074408158 × 10^294 |
| 67 | ov_067 | 1.2205591030916484 × 10^294 |
| 68 | ov_068 | 1.0541707880871962 × 10^294 |
| 69 | ov_069 | 9.05553905203948 × 10^293 |
| 70 | ov_070 | 7.73351295940259 × 10^293 |
| 71 | ov_071 | 6.56276671719234 × 10^293 |
| 72 | ov_072 | 5.531095718301508 × 10^293 |
| 73 | ov_073 | 4.626910685605756 × 10^293 |
| 74 | ov_074 | 3.839201437584341 × 10^293 |
| 75 | ov_075 | 3.1575066503286754 × 10^293 |
| 76 | ov_076 | 2.571888936254212 × 10^293 |
| 77 | ov_077 | 2.0729145968633864 × 10^293 |
| 78 | ov_078 | 1.6516374429841918 × 10^293 |
| 79 | ov_079 | 1.2995861112317555 × 10^293 |
| 80 | ov_080 | 1.0087543401777156 × 10^293 |
| 81 | ov_081 | 7.715937040034287 × 10^292 |
| 82 | ov_082 | 5.810083353700575 × 10^292 |
| 83 | ov_083 | 4.303512029482629 × 10^292 |
| 84 | ov_084 | 3.134215425783937 × 10^292 |
| 85 | ov_085 | 2.2446307442836284 × 10^292 |
| 86 | ov_086 | 1.5816270323079418 × 10^292 |
| 87 | ov_087 | 1.0964952201009143 × 10^292 |
| 88 | ov_088 | 7.449405056419573 × 10^291 |
| 89 | ov_089 | 4.870767554022527 × 10^291 |
| 90 | ov_090 | 3.040624854700471 × 10^291 |
| 91 | ov_091 | 1.7925779989026196 × 10^291 |
| 92 | ov_092 | 9.822340651475252 × 10^290 |
| 93 | ov_093 | 4.872006351320498 × 10^290 |
| 94 | ov_094 | 2.0708307241926778 × 10^290 |
| 95 | aaa_78_28 | 6.348341071994096 × 10^289 |
| 96 | aaa_78_29 | 1.927417482255915 × 10^289 |
| 97 | ov_097 | 1.0408282710011464 × 10^289 |
| 98 | ov_098 | 1.0408227878004153 × 10^289 |
| 99 | ov_099 | 1.0408210353457791 × 10^289 |
| 100 | ov_100 | 8.906619162106691 × 10^288 |
| 101 | ov_101 | 7.573781408824846 × 10^288 |
| 102 | ov_102 | 6.396255536927524 × 10^288 |
| 103 | ov_103 | 5.361332832014198 × 10^288 |
| 104 | ov_104 | 4.456983664382289 × 10^288 |
| 105 | ov_105 | 3.67181092029258 × 10^288 |
| 106 | ov_106 | 2.995009950267091 × 10^288 |
| 107 | ov_107 | 2.4163343968424942 × 10^288 |
| 108 | ov_108 | 1.926067297279985 × 10^288 |
| 109 | ov_109 | 1.5149968888895342 × 10^288 |
| 110 | ov_110 | 1.1743965760706607 × 10^288 |
| 111 | ov_111 | 8.960085490789881 × 10^287 |
| 112 | ov_112 | 6.7203057504316114 × 10^287 |
| 113 | ov_113 | 4.951055119971432 × 10^287 |
| 114 | ov_114 | 3.583131267492394 × 10^287 |
| 115 | ov_115 | 2.5516382734842173 × 10^287 |
| 116 | ov_116 | 1.7959395077629836 × 10^287 |
| 117 | ov_117 | 1.2596227631730173 × 10^287 |
| 118 | ov_118 | 8.904746485578832 × 10^286 |
| 119 | ov_119 | 6.404618229140117 × 10^286 |
| 120 | ov_120 | 4.657174764038196 × 10^286 |
| 121 | ov_121 | 3.2653193155135523 × 10^286 |
| 122 | ov_122 | 2.187582560035492 × 10^286 |
| 123 | ov_123 | 1.3825182825118295 × 10^286 |
| 124 | ov_124 | 8.086923673896672 × 10^285 |
| 125 | ov_125 | 4.2467598147557454 × 10^285 |
| 126 | ov_126 | 1.8904209815431672 × 10^285 |
| 127 | aaa_77_28 | 6.036416390016399 × 10^284 |
| 128 | aaa_77_29 | 2.263096187254967 × 10^284 |
| 129 | ov_129 | 2.0674865319164025 × 10^284 |
| 130 | ov_130 | 2.067480123380483 × 10^284 |
| 131 | ov_131 | 2.067478575554983 × 10^284 |
| 132 | ov_132 | 1.7890506067446786 × 10^284 |
| 133 | ov_133 | 1.5397470582134842 × 10^284 |
| 134 | ov_134 | 1.317269382131954 × 10^284 |
| 135 | ov_135 | 1.1194402363148435 × 10^284 |
| 136 | ov_136 | 9.441947726741944 × 10^283 |
| 137 | ov_137 | 7.905276843227828 × 10^283 |
| 138 | ov_138 | 6.5657788578619755 × 10^283 |
| 139 | ov_139 | 5.405777127680358 × 10^283 |
| 140 | ov_140 | 4.408485280290783 × 10^283 |
| 141 | ov_141 | 3.55797128750473 × 10^283 |
| 142 | ov_142 | 2.8391285596853033 × 10^283 |
| 143 | ov_143 | 2.237653124230316 × 10^283 |
| 144 | ov_144 | 1.7400260088249404 × 10^283 |
| 145 | ov_145 | 1.3335000070981912 × 10^283 |
| 146 | ov_146 | 1.0060900611689202 × 10^283 |
| 147 | ov_147 | 7.465665523086121 × 10^282 |
| 148 | ov_148 | 5.444508476047188 × 10^282 |
| 149 | ov_149 | 3.900125070987477 × 10^282 |
| 150 | ov_150 | 2.742676124140886 × 10^282 |
| 151 | ov_151 | 1.889777574886749 × 10^282 |
| 152 | ov_152 | 1.2664938383227368 × 10^282 |
| 153 | ov_153 | 8.053330953877898 × 10^281 |
| 154 | ov_154 | 4.744098871166162 × 10^281 |
| 155 | ov_155 | 2.4555832476193392 × 10^281 |
| 156 | aaa_76_25 | 9.433131278446223 × 10^280 |
| 157 | aaa_76_26 | 5.44463560564294 × 10^280 |
| 158 | aaa_76_27 | 2.7854168842990052 × 10^280 |
| 159 | aaa_76_28 | 1.0836798131102404 × 10^280 |
| 160 | aaa_76_29 | 3.2930833468623724 × 10^279 |

### Output Bits Sorted by Complexity

| Rank | Output Bit | Complexity |
|:----:|:----------:|:----------:|
| 160 | aaa_76_29 | 3.2930833468623724 × 10^279 |
| 159 | aaa_76_28 | 1.0836798131102404 × 10^280 |
| 158 | aaa_76_27 | 2.7854168842990052 × 10^280 |
| 157 | aaa_76_26 | 5.44463560564294 × 10^280 |
| 156 | aaa_76_25 | 9.433131278446223 × 10^280 |
| 155 | ov_155 | 2.4555832476193392 × 10^281 |
| 154 | ov_154 | 4.744098871166162 × 10^281 |
| 153 | ov_153 | 8.053330953877898 × 10^281 |
| 152 | ov_152 | 1.2664938383227368 × 10^282 |
| 151 | ov_151 | 1.889777574886749 × 10^282 |
| 150 | ov_150 | 2.742676124140886 × 10^282 |
| 149 | ov_149 | 3.900125070987477 × 10^282 |
| 148 | ov_148 | 5.444508476047188 × 10^282 |
| 147 | ov_147 | 7.465665523086121 × 10^282 |
| 146 | ov_146 | 1.0060900611689202 × 10^283 |
| 145 | ov_145 | 1.3335000070981912 × 10^283 |
| 144 | ov_144 | 1.7400260088249404 × 10^283 |
| 143 | ov_143 | 2.237653124230316 × 10^283 |
| 142 | ov_142 | 2.8391285596853033 × 10^283 |
| 141 | ov_141 | 3.55797128750473 × 10^283 |
| 140 | ov_140 | 4.408485280290783 × 10^283 |
| 139 | ov_139 | 5.405777127680358 × 10^283 |
| 138 | ov_138 | 6.5657788578619755 × 10^283 |
| 137 | ov_137 | 7.905276843227828 × 10^283 |
| 136 | ov_136 | 9.441947726741944 × 10^283 |
| 135 | ov_135 | 1.1194402363148435 × 10^284 |
| 134 | ov_134 | 1.317269382131954 × 10^284 |
| 133 | ov_133 | 1.5397470582134842 × 10^284 |
| 132 | ov_132 | 1.7890506067446786 × 10^284 |
| 131 | ov_131 | 2.067478575554983 × 10^284 |
| 130 | ov_130 | 2.067480123380483 × 10^284 |
| 129 | ov_129 | 2.0674865319164025 × 10^284 |
| 128 | aaa_77_29 | 2.263096187254967 × 10^284 |
| 127 | aaa_77_28 | 6.036416390016399 × 10^284 |
| 126 | ov_126 | 1.8904209815431672 × 10^285 |
| 125 | ov_125 | 4.2467598147557454 × 10^285 |
| 124 | ov_124 | 8.086923673896672 × 10^285 |
| 123 | ov_123 | 1.3825182825118295 × 10^286 |
| 122 | ov_122 | 2.187582560035492 × 10^286 |
| 121 | ov_121 | 3.2653193155135523 × 10^286 |
| 120 | ov_120 | 4.657174764038196 × 10^286 |
| 119 | ov_119 | 6.404618229140117 × 10^286 |
| 118 | ov_118 | 8.904746485578832 × 10^286 |
| 117 | ov_117 | 1.2596227631730173 × 10^287 |
| 116 | ov_116 | 1.7959395077629836 × 10^287 |
| 115 | ov_115 | 2.5516382734842173 × 10^287 |
| 114 | ov_114 | 3.583131267492394 × 10^287 |
| 113 | ov_113 | 4.951055119971432 × 10^287 |
| 112 | ov_112 | 6.7203057504316114 × 10^287 |
| 111 | ov_111 | 8.960085490789881 × 10^287 |
| 110 | ov_110 | 1.1743965760706607 × 10^288 |
| 109 | ov_109 | 1.5149968888895342 × 10^288 |
| 108 | ov_108 | 1.926067297279985 × 10^288 |
| 107 | ov_107 | 2.4163343968424942 × 10^288 |
| 106 | ov_106 | 2.995009950267091 × 10^288 |
| 105 | ov_105 | 3.67181092029258 × 10^288 |
| 104 | ov_104 | 4.456983664382289 × 10^288 |
| 103 | ov_103 | 5.361332832014198 × 10^288 |
| 102 | ov_102 | 6.396255536927524 × 10^288 |
| 101 | ov_101 | 7.573781408824846 × 10^288 |
| 100 | ov_100 | 8.906619162106691 × 10^288 |
| 99 | ov_099 | 1.0408210353457791 × 10^289 |
| 98 | ov_098 | 1.0408227878004153 × 10^289 |
| 97 | ov_097 | 1.0408282710011464 × 10^289 |
| 96 | aaa_78_29 | 1.927417482255915 × 10^289 |
| 95 | aaa_78_28 | 6.348341071994096 × 10^289 |
| 94 | ov_094 | 2.0708307241926778 × 10^290 |
| 93 | ov_093 | 4.872006351320498 × 10^290 |
| 92 | ov_092 | 9.822340651475252 × 10^290 |
| 91 | ov_091 | 1.7925779989026196 × 10^291 |
| 90 | ov_090 | 3.040624854700471 × 10^291 |
| 89 | ov_089 | 4.870767554022527 × 10^291 |
| 88 | ov_088 | 7.449405056419573 × 10^291 |
| 87 | ov_087 | 1.0964952201009143 × 10^292 |
| 86 | ov_086 | 1.5816270323079418 × 10^292 |
| 85 | ov_085 | 2.2446307442836284 × 10^292 |
| 84 | ov_084 | 3.134215425783937 × 10^292 |
| 83 | ov_083 | 4.303512029482629 × 10^292 |
| 82 | ov_082 | 5.810083353700575 × 10^292 |
| 81 | ov_081 | 7.715937040034287 × 10^292 |
| 80 | ov_080 | 1.0087543401777156 × 10^293 |
| 64 | lv_79_m31 | 1.0316709987156162 × 10^293 |
| 79 | ov_079 | 1.2995861112317555 × 10^293 |
| 78 | ov_078 | 1.6516374429841918 × 10^293 |
| 77 | ov_077 | 2.0729145968633864 × 10^293 |
| 76 | ov_076 | 2.571888936254212 × 10^293 |
| 75 | ov_075 | 3.1575066503286754 × 10^293 |
| 74 | ov_074 | 3.839201437584341 × 10^293 |
| 73 | ov_073 | 4.626910685605756 × 10^293 |
| 63 | ov_063 | 5.297430237575976 × 10^293 |
| 72 | ov_072 | 5.531095718301508 × 10^293 |
| 71 | ov_071 | 6.56276671719234 × 10^293 |
| 70 | ov_070 | 7.73351295940259 × 10^293 |
| 69 | ov_069 | 9.05553905203948 × 10^293 |
| 68 | ov_068 | 1.0541707880871962 × 10^294 |
| 67 | ov_067 | 1.2205591030916484 × 10^294 |
| 66 | ov_066 | 1.2205600074408158 × 10^294 |
| 65 | ov_065 | 1.2205637554110239 × 10^294 |
| 62 | ov_062 | 2.71947320153531 × 10^294 |
| 61 | ov_061 | 9.918554054246784 × 10^294 |
| 60 | ov_060 | 2.8408721513026583 × 10^295 |
| 59 | ov_059 | 6.858447013495131 × 10^295 |
| 58 | ov_058 | 1.39255055866651 × 10^296 |
| 57 | ov_057 | 2.5169323275091334 × 10^296 |
| 56 | ov_056 | 4.196353587297831 × 10^296 |
| 55 | ov_055 | 6.592816855178385 × 10^296 |
| 54 | ov_054 | 9.892969894460149 × 10^296 |
| 53 | ov_053 | 1.4308117703859134 × 10^297 |
| 52 | ov_052 | 2.0074243323520323 × 10^297 |
| 51 | ov_051 | 2.7688024513888134 × 10^297 |
| 50 | ov_050 | 3.769561376304408 × 10^297 |
| 49 | ov_049 | 5.069276452593007 × 10^297 |
| 48 | ov_048 | 6.732501112897137 × 10^297 |
| 47 | ov_047 | 8.828791841749036 × 10^297 |
| 32 | lv_80_m31 | 1.0914138965516995 × 10^298 |
| 46 | ov_046 | 1.1432742485813422 × 10^298 |
| 45 | ov_045 | 1.462403111061551 × 10^298 |
| 44 | ov_044 | 1.8487483124094906 × 10^298 |
| 43 | ov_043 | 2.3113154740819214 × 10^298 |
| 42 | ov_042 | 2.859644121489762 × 10^298 |
| 41 | ov_041 | 3.503821462478465 × 10^298 |
| 40 | ov_040 | 4.2493171879155786 × 10^298 |
| 39 | ov_039 | 5.101899941479803 × 10^298 |
| 31 | ov_031 | 5.595905559765466 × 10^298 |
| 38 | ov_038 | 6.067651482048623 × 10^298 |
| 37 | ov_037 | 7.159065378690738 × 10^298 |
| 36 | ov_036 | 8.389315351900663 × 10^298 |
| 35 | ov_035 | 9.772298841857818 × 10^298 |
| 34 | ov_034 | 1.1322687895524906 × 10^299 |
| 33 | ov_033 | 1.3055988147803214 × 10^299 |
| 30 | ov_030 | 2.868760562463622 × 10^299 |
| 29 | ov_029 | 9.383932028754495 × 10^299 |
| 28 | ov_028 | 2.435440848447066 × 10^300 |
| 27 | ov_027 | 5.443321636326225 × 10^300 |
| 26 | ov_026 | 1.088504413691018 × 10^301 |
| 25 | ov_025 | 1.9941325995758103 × 10^301 |
| 24 | ov_024 | 3.4050605942072044 × 10^301 |
| 23 | ov_023 | 5.490907887189288 × 10^301 |
| 22 | ov_022 | 8.616697510679267 × 10^301 |
| 21 | ov_021 | 1.3199037555007752 × 10^302 |
| 20 | ov_020 | 1.9706167517909926 × 10^302 |
| 19 | ov_019 | 2.865803405237274 × 10^302 |
| 18 | ov_018 | 4.062640611710266 × 10^302 |
| 17 | ov_017 | 5.623504150472177 × 10^302 |
| 16 | ov_016 | 7.615991869429409 × 10^302 |
| 15 | ov_015 | 1.0112954994706296 × 10^303 |
| 14 | ov_014 | 1.3192539589777469 × 10^303 |
| 13 | ov_013 | 1.6938241119650075 × 10^303 |
| 12 | ov_012 | 2.1438976080378123 × 10^303 |
| 11 | ov_011 | 2.6789175261897436 × 10^303 |
| 10 | ov_010 | 3.30889036098241 × 10^303 |
| 9 | ov_009 | 4.044401205127181 × 10^303 |
| 8 | ov_008 | 4.896632705158271 × 10^303 |
| 7 | ov_007 | 5.877388407402155 × 10^303 |
| 6 | ov_006 | 6.999121152411552 × 10^303 |
| 5 | ov_005 | 8.274967217590328 × 10^303 |
| 4 | ov_004 | 9.718786950069801 × 10^303 |
| 3 | ov_003 | 1.1345212623400617 × 10^304 |
| 2 | ov_002 | 1.3169704137858394 × 10^304 |
| 1 | ov_001 | 1.5208613063212797 × 10^304 |

