# Results for E001003-T012-T013-T014-T015-T016-T017-T018-T019-T020-T021-T022-T023-T024-T025-T026-T027-T028-T029-T030-T031-T032-T033-T034-T035-T036-T037-T038-T039-T040-T041-T042-T043-T044-T045-T046-T047-T048-T049-T050-T051-T052-T053-T054-T055-T056-T057-T058-T059-T060-T061-T062-T063-T064-T065-T066-T067-T068-T069-T070-T071-T072-T073-T074-T075-T076-T077-T078-T079-T080-T081-T082-T083-T084-T085-T086-T087-T088-T089-T090-T091-T092-T093-T094-T095-T096-T097-T098-T099-T100-T101-T102-T103-T104-T105-T106-T107-T108-T109-T110-T111-T112-T113-T114-T115-T116-T117-T118-T119-T120-T121-T122-T123-T124-T125-T126-T127-T128-T129-T130-T131-T132-T133-T134-T135-T136-T137-T138-T139-T140-T141-T142-T143-T144-T145-T146-T147-T148-T149-T150-T151-T152-T153-T154-T155-T156-T157-T158-T159-T160-T161-T162-T163-T164-T165-T166-T167-T168-T169-T170-T171-T172-T173-T174-T175-T176-T177-T178-T179-T180-T181-T182-T183-T184-T185-T186-T187-T188-T189-T190-T191-T192-T193-T194-T195-T196-T197-T198-T199-T200-T201-T202-T203-T204-T205-T206-T207-T208-T209-T210-T211-T212-T213-T214-T215-T216-T217-T218-T219-T220-T221-T222-T223-T224-T225-T226-T227-T228-T229-T230-T231-T232-T233-T234-T235-T236-T237-T238-T239-T240-T241-T242-T243-T244-T245-T246-T247-T248-T249-T250-T251-T252-T253-T254-T255-T256-T257-T258-T259-T260-T261-T262-T263-T264-T265-T266-T267-T268-T269-T270-T271-T272-T273-T274-T275-T276-T277-T278-T279-T280-T281-T282-T283-T284-T285-T286-T287-T288-T289-T290-T291-T292-T293-T294-T295-T296-T297-T298-T299-T300-T301-T302-T303-T304-T305-T306-T307-T308-T309-T310-T311-T312-T313-T314-T315-T316-T317-T318-T319-T320-T321-T322-T323-T324-T325-T326-T327-T328-T329-T330-T331-T332-T333-T334-T335-T336-T337-T338-T339-T340-T341-T342-T343-T344-T345-T346-T347-T348-T349-T350-T351-T352-T353-T354-T355-T356-T357-T358-T359-T360-T361-T362-T363-T364-T365-T366-T367-T368-T369-T370-T371-T372-T373-T374-T375-T376-T377-T378-T379-T380-T381-T382-T383-T384-T385-T386-T387-T388-T389-T390-T391-T392-T393-T394-T395-T396-T397-T398-T399-T400-T401-T402-T403-T404-T405-T406-T407-T408-T409-T410-T411-T412-T413-T414-T415-T416-T417-T418-T419-T420-T421-T422-T423-T424-T425-T426-T427-T428-T429-T430-T431-T432-T433-T434-T435-T436-T437-T438-T439-T440-T441-T442-T443-T444-T445-T446-T447-T448-T449-T450-T451-T452-T453-T454-T455-T456-T457-T458-T459-T460-T461-T462-T463-T464-T465-T466-T467-T468-T469-T470-T471-T472-T473-T474-T475-T476-T477-T478-T479-T480-T481-T482-T483-T484-T485-T486-T487-T488-T489-T490-T491-T492-T493-T494-T495-T496-T497-T498-T499-T500-T501-T502-T503-T504-T505-T506-T507-T508-T509-T510-T511-T512

## Summary

Number of input bits: 512  
Number of free input bits: 10  
Number of output bits: 160

Number of direct occurrences: 46201  
Number of assignments: 39554  
Number of operations: 21224790
(xor: 21176858,
and: 20444,
or: 27488)

Total complexity: 9.656109569446222 × 10^371

Least occurring input variable: iv_005 (4203)  
Most occurring input variable: iv_010 (5044)

Most co-occurring input variables: iv_009-iv_010 (2633)  
Least co-occurring input variables: iv_004-iv_005 (1861)

Potentially most occurring input variable: iv_006/iv_010 (5560)  
Potentially least occurring input variable: iv_002/iv_007 (4566)

Least output occurring input variable: iv_005 (70)  
Most output occurring input variable: iv_008 (86)

Most output co-occurring input variables: iv_008-iv_010 (46)  
Least output co-occurring input variables: iv_001-iv_005 (26)

Potentially most output occurring input variable: iv_010/iv_011 (96)  
Potentially least output occurring input variable: iv_002/iv_009 (66)

Least complex input bit: iv_011 (4.953454270368826 × 10^369)  
Most complex input bit: iv_010 (2.0196683208815504 × 10^371)

Least complex output bit: aaa_76_29 (3.4705212545339696 × 10^346)  
Most complex output bit: ov_001 (1.4755813906399163 × 10^371)

Least complex input/output complexity: iv_011/aaa_76_29 (1.780330702032717 × 10^344)  
Most complex input/output complexity: iv_010/ov_001 (3.086320601609217 × 10^370)

Input variable with highest collision probability: iv_007 (½^160.00000000000057)

## Input Bits

### Input Bits in Regular Order

| Input Bit | Complexity | Occurrences | Output Occurrences | Collision Probability |
|:---------:|:----------:|:-----------:|:------------------:|:---------------------:|
| iv_001 | 2.455760755106051 × 10^370 | 4865 | 74 | ½^160.0000000000009 |
| iv_002 | 8.248968324914999 × 10^369 | 4466 | 78 | ½^160.00000000000088 |
| iv_004 | 4.796927974670562 × 10^370 | 4508 | 78 | ½^160.00000000000077 |
| iv_005 | 7.63780476669474 × 10^370 | 4203 | 70 | ½^160.00000000000065 |
| iv_006 | 1.049237457646385 × 10^371 | 4780 | 82 | ½^160.000000000001 |
| iv_007 | 1.340564628011482 × 10^371 | 4456 | 77 | ½^160.00000000000057 |
| iv_008 | 1.6476580603127814 × 10^371 | 4388 | 86 | ½^160.00000000000097 |
| iv_009 | 1.9779075269940657 × 10^371 | 4883 | 74 | ½^160.00000000000114 |
| iv_010 | 2.0196683208815504 × 10^371 | 5044 | 78 | ½^160.00000000000117 |
| iv_011 | 4.953454270368826 × 10^369 | 4608 | 82 | ½^160.0000000000007 |

### Input Bits Sorted by Complexity

| Input Bit | Complexity | Occurrences | Output Occurrences | Collision Probability |
|:---------:|:----------:|:-----------:|:------------------:|:---------------------:|
| iv_011 | 4.953454270368826 × 10^369 | 4608 | 82 | ½^160.0000000000007 |
| iv_002 | 8.248968324914999 × 10^369 | 4466 | 78 | ½^160.00000000000088 |
| iv_001 | 2.455760755106051 × 10^370 | 4865 | 74 | ½^160.0000000000009 |
| iv_004 | 4.796927974670562 × 10^370 | 4508 | 78 | ½^160.00000000000077 |
| iv_005 | 7.63780476669474 × 10^370 | 4203 | 70 | ½^160.00000000000065 |
| iv_006 | 1.049237457646385 × 10^371 | 4780 | 82 | ½^160.000000000001 |
| iv_007 | 1.340564628011482 × 10^371 | 4456 | 77 | ½^160.00000000000057 |
| iv_008 | 1.6476580603127814 × 10^371 | 4388 | 86 | ½^160.00000000000097 |
| iv_009 | 1.9779075269940657 × 10^371 | 4883 | 74 | ½^160.00000000000114 |
| iv_010 | 2.0196683208815504 × 10^371 | 5044 | 78 | ½^160.00000000000117 |

### Input Bits Sorted by Occurrences

| Input Bit | Complexity | Occurrences | Output Occurrences | Collision Probability |
|:---------:|:----------:|:-----------:|:------------------:|:---------------------:|
| iv_005 | 7.63780476669474 × 10^370 | 4203 | 70 | ½^160.00000000000065 |
| iv_008 | 1.6476580603127814 × 10^371 | 4388 | 86 | ½^160.00000000000097 |
| iv_007 | 1.340564628011482 × 10^371 | 4456 | 77 | ½^160.00000000000057 |
| iv_002 | 8.248968324914999 × 10^369 | 4466 | 78 | ½^160.00000000000088 |
| iv_004 | 4.796927974670562 × 10^370 | 4508 | 78 | ½^160.00000000000077 |
| iv_011 | 4.953454270368826 × 10^369 | 4608 | 82 | ½^160.0000000000007 |
| iv_006 | 1.049237457646385 × 10^371 | 4780 | 82 | ½^160.000000000001 |
| iv_001 | 2.455760755106051 × 10^370 | 4865 | 74 | ½^160.0000000000009 |
| iv_009 | 1.9779075269940657 × 10^371 | 4883 | 74 | ½^160.00000000000114 |
| iv_010 | 2.0196683208815504 × 10^371 | 5044 | 78 | ½^160.00000000000117 |

### Input Bits Sorted by Output Occurrences

| Input Bit | Complexity | Occurrences | Output Occurrences | Collision Probability |
|:---------:|:----------:|:-----------:|:------------------:|:---------------------:|
| iv_005 | 7.63780476669474 × 10^370 | 4203 | 70 | ½^160.00000000000065 |
| iv_009 | 1.9779075269940657 × 10^371 | 4883 | 74 | ½^160.00000000000114 |
| iv_001 | 2.455760755106051 × 10^370 | 4865 | 74 | ½^160.0000000000009 |
| iv_007 | 1.340564628011482 × 10^371 | 4456 | 77 | ½^160.00000000000057 |
| iv_002 | 8.248968324914999 × 10^369 | 4466 | 78 | ½^160.00000000000088 |
| iv_004 | 4.796927974670562 × 10^370 | 4508 | 78 | ½^160.00000000000077 |
| iv_010 | 2.0196683208815504 × 10^371 | 5044 | 78 | ½^160.00000000000117 |
| iv_006 | 1.049237457646385 × 10^371 | 4780 | 82 | ½^160.000000000001 |
| iv_011 | 4.953454270368826 × 10^369 | 4608 | 82 | ½^160.0000000000007 |
| iv_008 | 1.6476580603127814 × 10^371 | 4388 | 86 | ½^160.00000000000097 |

### Input Bits Sorted by Collision Probability

| Input Bit | Complexity | Occurrences | Output Occurrences | Collision Probability |
|:---------:|:----------:|:-----------:|:------------------:|:---------------------:|
| iv_007 | 1.340564628011482 × 10^371 | 4456 | 77 | ½^160.00000000000057 |
| iv_005 | 7.63780476669474 × 10^370 | 4203 | 70 | ½^160.00000000000065 |
| iv_011 | 4.953454270368826 × 10^369 | 4608 | 82 | ½^160.0000000000007 |
| iv_004 | 4.796927974670562 × 10^370 | 4508 | 78 | ½^160.00000000000077 |
| iv_002 | 8.248968324914999 × 10^369 | 4466 | 78 | ½^160.00000000000088 |
| iv_001 | 2.455760755106051 × 10^370 | 4865 | 74 | ½^160.0000000000009 |
| iv_008 | 1.6476580603127814 × 10^371 | 4388 | 86 | ½^160.00000000000097 |
| iv_006 | 1.049237457646385 × 10^371 | 4780 | 82 | ½^160.000000000001 |
| iv_009 | 1.9779075269940657 × 10^371 | 4883 | 74 | ½^160.00000000000114 |
| iv_010 | 2.0196683208815504 × 10^371 | 5044 | 78 | ½^160.00000000000117 |

## Input Bit/Output Bit Collision Probabilities

| Input Bit | Output Bit | Collision Probability |
|:---------:|:----------:|:---------------------:|
| iv_005 | ov_111 | 0.500000000000004 |
| iv_005 | ov_113 | 0.500000000000004 |
| iv_007 | aaa_77_28 | 0.500000000000004 |
| iv_007 | aaa_76_27 | 0.500000000000002 |
| iv_005 | ov_149 | 0.5000000000000019 |
| iv_007 | ov_078 | 0.5000000000000019 |
| iv_005 | ov_022 | 0.5000000000000018 |
| iv_005 | ov_069 | 0.5000000000000018 |
| iv_007 | ov_007 | 0.5000000000000018 |
| iv_007 | ov_015 | 0.5000000000000018 |

## Input Bit Co-occurrences

### Input Bit Co-occurrences Sorted by Co-occurrences

| Input Bits | Co-occurrences | Potential Occurrences | Output Co-occurrences | Potential Output Occurrences |
|:----------:|:--------------:|:---------------------:|:---------------------:|:----------------------------:|
| iv_009-iv_010 | 2633 | 4661 | 36 | 80 |
| iv_008-iv_010 | 2243 | 4946 | 46 | 72 |
| iv_001-iv_009 | 2235 | 5278 | 38 | 72 |
| iv_004-iv_010 | 2227 | 5098 | 45 | 66 |
| iv_001-iv_006 | 2222 | 5201 | 43 | 70 |
| iv_006-iv_011 | 2213 | 4962 | 37 | 90 |
| iv_004-iv_009 | 2197 | 4997 | 36 | 80 |
| iv_009-iv_011 | 2192 | 5107 | 37 | 82 |
| iv_008-iv_009 | 2189 | 4893 | 34 | 92 |
| iv_001-iv_010 | 2188 | 5533 | 36 | 80 |

### Input Bit Co-occurrences Sorted by Potential Occurrences

| Input Bits | Co-occurrences | Potential Occurrences | Output Co-occurrences | Potential Output Occurrences |
|:----------:|:--------------:|:---------------------:|:---------------------:|:----------------------------:|
| iv_002-iv_007 | 2178 | 4566 | 38 | 79 |
| iv_009-iv_010 | 2633 | 4661 | 36 | 80 |
| iv_005-iv_008 | 1915 | 4761 | 34 | 88 |
| iv_002-iv_005 | 1940 | 4789 | 34 | 80 |
| iv_005-iv_007 | 1900 | 4859 | 35 | 77 |
| iv_004-iv_007 | 2047 | 4870 | 40 | 75 |
| iv_008-iv_009 | 2189 | 4893 | 34 | 92 |
| iv_004-iv_008 | 1994 | 4908 | 43 | 78 |
| iv_007-iv_008 | 1967 | 4910 | 39 | 85 |
| iv_005-iv_011 | 1935 | 4941 | 32 | 88 |

### Input Bit Output Co-occurrences Sorted by Output Co-occurrences

| Input Bits | Co-occurrences | Potential Occurrences | Output Co-occurrences | Potential Output Occurrences |
|:----------:|:--------------:|:---------------------:|:---------------------:|:----------------------------:|
| iv_008-iv_010 | 2243 | 4946 | 46 | 72 |
| iv_004-iv_010 | 2227 | 5098 | 45 | 66 |
| iv_002-iv_009 | 2090 | 5169 | 43 | 66 |
| iv_004-iv_006 | 2045 | 5198 | 43 | 74 |
| iv_004-iv_008 | 1994 | 4908 | 43 | 78 |
| iv_008-iv_011 | 2016 | 4964 | 43 | 82 |
| iv_001-iv_006 | 2222 | 5201 | 43 | 70 |
| iv_004-iv_011 | 2040 | 5036 | 42 | 76 |
| iv_006-iv_008 | 2049 | 5070 | 42 | 84 |
| iv_006-iv_007 | 2072 | 5092 | 42 | 75 |

### Input Bit Output Co-occurrences Sorted by Potential Output Occurrences

| Input Bits | Co-occurrences | Potential Occurrences | Output Co-occurrences | Potential Output Occurrences |
|:----------:|:--------------:|:---------------------:|:---------------------:|:----------------------------:|
| iv_002-iv_009 | 2090 | 5169 | 43 | 66 |
| iv_004-iv_010 | 2227 | 5098 | 45 | 66 |
| iv_005-iv_009 | 2025 | 5036 | 38 | 68 |
| iv_001-iv_006 | 2222 | 5201 | 43 | 70 |
| iv_001-iv_009 | 2235 | 5278 | 38 | 72 |
| iv_008-iv_010 | 2243 | 4946 | 46 | 72 |
| iv_004-iv_006 | 2045 | 5198 | 43 | 74 |
| iv_005-iv_006 | 2001 | 4981 | 39 | 74 |
| iv_007-iv_009 | 2132 | 5075 | 38 | 75 |
| iv_004-iv_007 | 2047 | 4870 | 40 | 75 |

## Output Bits

### Output Bits in Regular Order

| Rank | Output Bit | Complexity |
|:----:|:----------:|:----------:|
| 1 | ov_001 | 1.4755813906399163 × 10^371 |
| 2 | ov_002 | 1.2929344415626306 × 10^371 |
| 3 | ov_003 | 1.12779117551773 × 10^371 |
| 4 | ov_004 | 9.784495105310691 × 10^370 |
| 5 | ov_005 | 8.433052629015971 × 10^370 |
| 6 | ov_006 | 7.215798887162679 × 10^370 |
| 7 | ov_007 | 6.125386310501519 × 10^370 |
| 8 | ov_008 | 5.154875853791455 × 10^370 |
| 9 | ov_009 | 4.297711172109078 × 10^370 |
| 10 | ov_010 | 3.547696110533265 × 10^370 |
| 11 | ov_011 | 2.898975309943858 × 10^370 |
| 12 | ov_012 | 2.346017701684113 × 10^370 |
| 13 | ov_013 | 1.8786806793171751 × 10^370 |
| 14 | ov_014 | 1.4874096674080836 × 10^370 |
| 15 | ov_015 | 1.1632209245885597 × 10^370 |
| 16 | ov_016 | 8.976877718405872 × 10^369 |
| 17 | ov_017 | 6.829297502267065 × 10^369 |
| 18 | ov_018 | 5.1160425209365364 × 10^369 |
| 19 | ov_019 | 3.769002093807689 × 10^369 |
| 20 | ov_020 | 2.725334621379704 × 10^369 |
| 21 | ov_021 | 1.927434697468397 × 10^369 |
| 22 | ov_022 | 1.3229106667605274 × 10^369 |
| 23 | ov_023 | 8.645700391165874 × 10^368 |
| 24 | ov_024 | 5.3011495384183595 × 10^368 |
| 25 | ov_025 | 2.9984102207080303 × 10^368 |
| 26 | ov_026 | 1.5663555743548681 × 10^368 |
| 27 | ov_027 | 7.404539016070011 × 10^367 |
| 28 | ov_028 | 3.0798225428867326 × 10^367 |
| 29 | ov_029 | 1.0802490022579776 × 10^367 |
| 30 | ov_030 | 2.9766669124709376 × 10^366 |
| 31 | ov_031 | 5.831634169406408 × 10^365 |
| 32 | lv_80_m31 | 1.1425529087792211 × 10^365 |
| 33 | ov_033 | 1.4275953109517 × 10^366 |
| 34 | ov_034 | 1.2569682431879376 × 10^366 |
| 35 | ov_035 | 1.1027251039702775 × 10^366 |
| 36 | ov_036 | 9.632808731199172 × 10^365 |
| 37 | ov_037 | 8.371386197381451 × 10^365 |
| 38 | ov_038 | 7.228833288439304 × 10^365 |
| 39 | ov_039 | 6.198272506077205 × 10^365 |
| 40 | ov_040 | 5.273196327457801 × 10^365 |
| 41 | ov_041 | 4.44744536851394 × 10^365 |
| 42 | ov_042 | 3.715189572788489 × 10^365 |
| 43 | ov_043 | 3.0709121278536935 × 10^365 |
| 44 | ov_044 | 2.5093958283277773 × 10^365 |
| 45 | ov_045 | 2.0257116209564906 × 10^365 |
| 46 | ov_046 | 1.6152090832608343 × 10^365 |
| 47 | ov_047 | 1.2693934636958522 × 10^365 |
| 48 | ov_048 | 9.802939009155478 × 10^364 |
| 49 | ov_049 | 7.4405467283270555 × 10^364 |
| 50 | ov_050 | 5.537276628545802 × 10^364 |
| 51 | ov_051 | 4.028673130041684 × 10^364 |
| 52 | ov_052 | 2.8552669872082426 × 10^364 |
| 53 | ov_053 | 1.962547221915549 × 10^364 |
| 54 | ov_054 | 1.300941842494373 × 10^364 |
| 55 | ov_055 | 8.258052450187172 × 10^363 |
| 56 | ov_056 | 4.974104896215225 × 10^363 |
| 57 | ov_057 | 2.809449406119112 × 10^363 |
| 58 | ov_058 | 1.4650805516471954 × 10^363 |
| 59 | ov_059 | 6.911039890695384 × 10^362 |
| 60 | ov_060 | 2.8673261600145913 × 10^362 |
| 61 | ov_061 | 1.0028522750576985 × 10^362 |
| 62 | ov_062 | 2.7546837845430275 × 10^361 |
| 63 | ov_063 | 5.376939831740835 × 10^360 |
| 64 | lv_79_m31 | 1.0493447921466075 × 10^360 |
| 65 | ov_065 | 1.284855410320438 × 10^361 |
| 66 | ov_066 | 1.2848503500972205 × 10^361 |
| 67 | ov_067 | 1.2848487205531186 × 10^361 |
| 68 | ov_068 | 1.1209218084739746 × 10^361 |
| 69 | ov_069 | 9.735384636494057 × 10^360 |
| 70 | ov_070 | 8.414548772780275 × 10^360 |
| 71 | ov_071 | 7.234988110178575 × 10^360 |
| 72 | ov_072 | 6.185643317889785 × 10^360 |
| 73 | ov_073 | 5.256071262799351 × 10^360 |
| 74 | ov_074 | 4.4364036333081285 × 10^360 |
| 75 | ov_075 | 3.71731074146564 × 10^360 |
| 76 | ov_076 | 3.089970219879626 × 10^360 |
| 77 | ov_077 | 2.546040286904618 × 10^360 |
| 78 | ov_078 | 2.077637154479488 × 10^360 |
| 79 | ov_079 | 1.6773161196655033 × 10^360 |
| 80 | ov_080 | 1.3380559097288138 × 10^360 |
| 81 | ov_081 | 1.0532458787622647 × 10^360 |
| 82 | ov_082 | 8.16675681489811 × 10^359 |
| 83 | ov_083 | 6.225270771600517 × 10^359 |
| 84 | ov_084 | 4.653675434117695 × 10^359 |
| 85 | ov_085 | 3.40145406764615 × 10^359 |
| 86 | ov_086 | 2.4218622301652142 × 10^359 |
| 87 | ov_087 | 1.671901673647555 × 10^359 |
| 88 | ov_088 | 1.1123022054508983 × 10^359 |
| 89 | ov_089 | 7.075096372730016 × 10^358 |
| 90 | ov_090 | 4.256782133075304 × 10^358 |
| 91 | ov_091 | 2.386661734166385 × 10^358 |
| 92 | ov_092 | 1.2203337128264305 × 10^358 |
| 93 | ov_093 | 5.504012941788863 × 10^357 |
| 94 | ov_094 | 1.3774967324534163 × 10^357 |
| 95 | aaa_78_28 | 5.513409972722562 × 10^356 |
| 96 | aaa_78_29 | 2.077512737844738 × 10^356 |
| 97 | ov_097 | 2.0136020234818477 × 10^356 |
| 98 | ov_098 | 2.0135961721739842 × 10^356 |
| 99 | ov_099 | 2.0135947500232163 × 10^356 |
| 100 | ov_100 | 1.769848328215681 × 10^356 |
| 101 | ov_101 | 1.5494606463841036 × 10^356 |
| 102 | ov_102 | 1.3502418768502728 × 10^356 |
| 103 | ov_103 | 1.1701283755047755 × 10^356 |
| 104 | ov_104 | 1.007173965319367 × 10^356 |
| 105 | ov_105 | 8.604338962158448 × 10^355 |
| 106 | ov_106 | 7.29016435476306 × 10^355 |
| 107 | ov_107 | 6.120796280862178 × 10^355 |
| 108 | ov_108 | 5.088284448738792 × 10^355 |
| 109 | ov_109 | 4.185122882137374 × 10^355 |
| 110 | ov_110 | 3.4042282681301757 × 10^355 |
| 111 | ov_111 | 2.7389213279210034 × 10^355 |
| 112 | ov_112 | 2.1769947113455916 × 10^355 |
| 113 | ov_113 | 1.7069797720294458 × 10^355 |
| 114 | ov_114 | 1.3181266683567154 × 10^355 |
| 115 | ov_115 | 1.0003884597345853 × 10^355 |
| 116 | ov_116 | 7.444086804386758 × 10^354 |
| 117 | ov_117 | 5.415118317439486 × 10^354 |
| 118 | ov_118 | 3.836963140701551 × 10^354 |
| 119 | ov_119 | 2.6362938083269173 × 10^354 |
| 120 | ov_120 | 1.7464369120860717 × 10^354 |
| 121 | ov_121 | 1.1073506666761893 × 10^354 |
| 122 | ov_122 | 6.656111590481318 × 10^353 |
| 123 | ov_123 | 3.7440452585844514 × 10^353 |
| 124 | ov_124 | 1.935228983944743 × 10^353 |
| 125 | ov_125 | 8.93625326223445 × 10^352 |
| 126 | ov_126 | 3.4923068225126226 × 10^352 |
| 127 | aaa_77_28 | 9.807288871505117 × 10^351 |
| 128 | aaa_77_29 | 2.992938804096092 × 10^351 |
| 129 | ov_129 | 1.8295857292454238 × 10^351 |
| 130 | ov_130 | 1.8295789275817476 × 10^351 |
| 131 | ov_131 | 1.829577269999276 × 10^351 |
| 132 | ov_132 | 1.608515219116621 × 10^351 |
| 133 | ov_133 | 1.4107455655521926 × 10^351 |
| 134 | ov_134 | 1.2337865747782672 × 10^351 |
| 135 | ov_135 | 1.0753010189334623 × 10^351 |
| 136 | ov_136 | 9.330859421095721 × 10^350 |
| 137 | ov_137 | 8.050635121074816 × 10^350 |
| 138 | ov_138 | 6.902250158138877 × 10^350 |
| 139 | ov_139 | 5.876183239884674 × 10^350 |
| 140 | ov_140 | 4.963445256709477 × 10^350 |
| 141 | ov_141 | 4.155549877543558 × 10^350 |
| 142 | ov_142 | 3.444488101398037 × 10^350 |
| 143 | ov_143 | 2.8227064859458586 × 10^350 |
| 144 | ov_144 | 2.2830887910302537 × 10^350 |
| 145 | ov_145 | 1.8189407913731115 × 10^350 |
| 146 | ov_146 | 1.423977979487542 × 10^350 |
| 147 | ov_147 | 1.0923158008904218 × 10^350 |
| 148 | ov_148 | 8.184620419871554 × 10^349 |
| 149 | ov_149 | 5.973110225313296 × 10^349 |
| 150 | ov_150 | 4.241392760026334 × 10^349 |
| 151 | ov_151 | 2.9063499133432658 × 10^349 |
| 152 | ov_152 | 1.8923877225396645 × 10^349 |
| 153 | ov_153 | 1.163586637826027 × 10^349 |
| 154 | ov_154 | 6.593396025827315 × 10^348 |
| 155 | ov_155 | 3.26517609382155 × 10^348 |
| 156 | aaa_76_25 | 1.1946552657940657 × 10^348 |
| 157 | aaa_76_26 | 6.259117983697696 × 10^347 |
| 158 | aaa_76_27 | 2.895821928398998 × 10^347 |
| 159 | aaa_76_28 | 1.1340913146116365 × 10^347 |
| 160 | aaa_76_29 | 3.4705212545339696 × 10^346 |

### Output Bits Sorted by Complexity

| Rank | Output Bit | Complexity |
|:----:|:----------:|:----------:|
| 160 | aaa_76_29 | 3.4705212545339696 × 10^346 |
| 159 | aaa_76_28 | 1.1340913146116365 × 10^347 |
| 158 | aaa_76_27 | 2.895821928398998 × 10^347 |
| 157 | aaa_76_26 | 6.259117983697696 × 10^347 |
| 156 | aaa_76_25 | 1.1946552657940657 × 10^348 |
| 155 | ov_155 | 3.26517609382155 × 10^348 |
| 154 | ov_154 | 6.593396025827315 × 10^348 |
| 153 | ov_153 | 1.163586637826027 × 10^349 |
| 152 | ov_152 | 1.8923877225396645 × 10^349 |
| 151 | ov_151 | 2.9063499133432658 × 10^349 |
| 150 | ov_150 | 4.241392760026334 × 10^349 |
| 149 | ov_149 | 5.973110225313296 × 10^349 |
| 148 | ov_148 | 8.184620419871554 × 10^349 |
| 147 | ov_147 | 1.0923158008904218 × 10^350 |
| 146 | ov_146 | 1.423977979487542 × 10^350 |
| 145 | ov_145 | 1.8189407913731115 × 10^350 |
| 144 | ov_144 | 2.2830887910302537 × 10^350 |
| 143 | ov_143 | 2.8227064859458586 × 10^350 |
| 142 | ov_142 | 3.444488101398037 × 10^350 |
| 141 | ov_141 | 4.155549877543558 × 10^350 |
| 140 | ov_140 | 4.963445256709477 × 10^350 |
| 139 | ov_139 | 5.876183239884674 × 10^350 |
| 138 | ov_138 | 6.902250158138877 × 10^350 |
| 137 | ov_137 | 8.050635121074816 × 10^350 |
| 136 | ov_136 | 9.330859421095721 × 10^350 |
| 135 | ov_135 | 1.0753010189334623 × 10^351 |
| 134 | ov_134 | 1.2337865747782672 × 10^351 |
| 133 | ov_133 | 1.4107455655521926 × 10^351 |
| 132 | ov_132 | 1.608515219116621 × 10^351 |
| 131 | ov_131 | 1.829577269999276 × 10^351 |
| 130 | ov_130 | 1.8295789275817476 × 10^351 |
| 129 | ov_129 | 1.8295857292454238 × 10^351 |
| 128 | aaa_77_29 | 2.992938804096092 × 10^351 |
| 127 | aaa_77_28 | 9.807288871505117 × 10^351 |
| 126 | ov_126 | 3.4923068225126226 × 10^352 |
| 125 | ov_125 | 8.93625326223445 × 10^352 |
| 124 | ov_124 | 1.935228983944743 × 10^353 |
| 123 | ov_123 | 3.7440452585844514 × 10^353 |
| 122 | ov_122 | 6.656111590481318 × 10^353 |
| 121 | ov_121 | 1.1073506666761893 × 10^354 |
| 120 | ov_120 | 1.7464369120860717 × 10^354 |
| 119 | ov_119 | 2.6362938083269173 × 10^354 |
| 118 | ov_118 | 3.836963140701551 × 10^354 |
| 117 | ov_117 | 5.415118317439486 × 10^354 |
| 116 | ov_116 | 7.444086804386758 × 10^354 |
| 115 | ov_115 | 1.0003884597345853 × 10^355 |
| 114 | ov_114 | 1.3181266683567154 × 10^355 |
| 113 | ov_113 | 1.7069797720294458 × 10^355 |
| 112 | ov_112 | 2.1769947113455916 × 10^355 |
| 111 | ov_111 | 2.7389213279210034 × 10^355 |
| 110 | ov_110 | 3.4042282681301757 × 10^355 |
| 109 | ov_109 | 4.185122882137374 × 10^355 |
| 108 | ov_108 | 5.088284448738792 × 10^355 |
| 107 | ov_107 | 6.120796280862178 × 10^355 |
| 106 | ov_106 | 7.29016435476306 × 10^355 |
| 105 | ov_105 | 8.604338962158448 × 10^355 |
| 104 | ov_104 | 1.007173965319367 × 10^356 |
| 103 | ov_103 | 1.1701283755047755 × 10^356 |
| 102 | ov_102 | 1.3502418768502728 × 10^356 |
| 101 | ov_101 | 1.5494606463841036 × 10^356 |
| 100 | ov_100 | 1.769848328215681 × 10^356 |
| 99 | ov_099 | 2.0135947500232163 × 10^356 |
| 98 | ov_098 | 2.0135961721739842 × 10^356 |
| 97 | ov_097 | 2.0136020234818477 × 10^356 |
| 96 | aaa_78_29 | 2.077512737844738 × 10^356 |
| 95 | aaa_78_28 | 5.513409972722562 × 10^356 |
| 94 | ov_094 | 1.3774967324534163 × 10^357 |
| 93 | ov_093 | 5.504012941788863 × 10^357 |
| 92 | ov_092 | 1.2203337128264305 × 10^358 |
| 91 | ov_091 | 2.386661734166385 × 10^358 |
| 90 | ov_090 | 4.256782133075304 × 10^358 |
| 89 | ov_089 | 7.075096372730016 × 10^358 |
| 88 | ov_088 | 1.1123022054508983 × 10^359 |
| 87 | ov_087 | 1.671901673647555 × 10^359 |
| 86 | ov_086 | 2.4218622301652142 × 10^359 |
| 85 | ov_085 | 3.40145406764615 × 10^359 |
| 84 | ov_084 | 4.653675434117695 × 10^359 |
| 83 | ov_083 | 6.225270771600517 × 10^359 |
| 82 | ov_082 | 8.16675681489811 × 10^359 |
| 64 | lv_79_m31 | 1.0493447921466075 × 10^360 |
| 81 | ov_081 | 1.0532458787622647 × 10^360 |
| 80 | ov_080 | 1.3380559097288138 × 10^360 |
| 79 | ov_079 | 1.6773161196655033 × 10^360 |
| 78 | ov_078 | 2.077637154479488 × 10^360 |
| 77 | ov_077 | 2.546040286904618 × 10^360 |
| 76 | ov_076 | 3.089970219879626 × 10^360 |
| 75 | ov_075 | 3.71731074146564 × 10^360 |
| 74 | ov_074 | 4.4364036333081285 × 10^360 |
| 73 | ov_073 | 5.256071262799351 × 10^360 |
| 63 | ov_063 | 5.376939831740835 × 10^360 |
| 72 | ov_072 | 6.185643317889785 × 10^360 |
| 71 | ov_071 | 7.234988110178575 × 10^360 |
| 70 | ov_070 | 8.414548772780275 × 10^360 |
| 69 | ov_069 | 9.735384636494057 × 10^360 |
| 68 | ov_068 | 1.1209218084739746 × 10^361 |
| 67 | ov_067 | 1.2848487205531186 × 10^361 |
| 66 | ov_066 | 1.2848503500972205 × 10^361 |
| 65 | ov_065 | 1.284855410320438 × 10^361 |
| 62 | ov_062 | 2.7546837845430275 × 10^361 |
| 61 | ov_061 | 1.0028522750576985 × 10^362 |
| 60 | ov_060 | 2.8673261600145913 × 10^362 |
| 59 | ov_059 | 6.911039890695384 × 10^362 |
| 58 | ov_058 | 1.4650805516471954 × 10^363 |
| 57 | ov_057 | 2.809449406119112 × 10^363 |
| 56 | ov_056 | 4.974104896215225 × 10^363 |
| 55 | ov_055 | 8.258052450187172 × 10^363 |
| 54 | ov_054 | 1.300941842494373 × 10^364 |
| 53 | ov_053 | 1.962547221915549 × 10^364 |
| 52 | ov_052 | 2.8552669872082426 × 10^364 |
| 51 | ov_051 | 4.028673130041684 × 10^364 |
| 50 | ov_050 | 5.537276628545802 × 10^364 |
| 49 | ov_049 | 7.4405467283270555 × 10^364 |
| 48 | ov_048 | 9.802939009155478 × 10^364 |
| 32 | lv_80_m31 | 1.1425529087792211 × 10^365 |
| 47 | ov_047 | 1.2693934636958522 × 10^365 |
| 46 | ov_046 | 1.6152090832608343 × 10^365 |
| 45 | ov_045 | 2.0257116209564906 × 10^365 |
| 44 | ov_044 | 2.5093958283277773 × 10^365 |
| 43 | ov_043 | 3.0709121278536935 × 10^365 |
| 42 | ov_042 | 3.715189572788489 × 10^365 |
| 41 | ov_041 | 4.44744536851394 × 10^365 |
| 40 | ov_040 | 5.273196327457801 × 10^365 |
| 31 | ov_031 | 5.831634169406408 × 10^365 |
| 39 | ov_039 | 6.198272506077205 × 10^365 |
| 38 | ov_038 | 7.228833288439304 × 10^365 |
| 37 | ov_037 | 8.371386197381451 × 10^365 |
| 36 | ov_036 | 9.632808731199172 × 10^365 |
| 35 | ov_035 | 1.1027251039702775 × 10^366 |
| 34 | ov_034 | 1.2569682431879376 × 10^366 |
| 33 | ov_033 | 1.4275953109517 × 10^366 |
| 30 | ov_030 | 2.9766669124709376 × 10^366 |
| 29 | ov_029 | 1.0802490022579776 × 10^367 |
| 28 | ov_028 | 3.0798225428867326 × 10^367 |
| 27 | ov_027 | 7.404539016070011 × 10^367 |
| 26 | ov_026 | 1.5663555743548681 × 10^368 |
| 25 | ov_025 | 2.9984102207080303 × 10^368 |
| 24 | ov_024 | 5.3011495384183595 × 10^368 |
| 23 | ov_023 | 8.645700391165874 × 10^368 |
| 22 | ov_022 | 1.3229106667605274 × 10^369 |
| 21 | ov_021 | 1.927434697468397 × 10^369 |
| 20 | ov_020 | 2.725334621379704 × 10^369 |
| 19 | ov_019 | 3.769002093807689 × 10^369 |
| 18 | ov_018 | 5.1160425209365364 × 10^369 |
| 17 | ov_017 | 6.829297502267065 × 10^369 |
| 16 | ov_016 | 8.976877718405872 × 10^369 |
| 15 | ov_015 | 1.1632209245885597 × 10^370 |
| 14 | ov_014 | 1.4874096674080836 × 10^370 |
| 13 | ov_013 | 1.8786806793171751 × 10^370 |
| 12 | ov_012 | 2.346017701684113 × 10^370 |
| 11 | ov_011 | 2.898975309943858 × 10^370 |
| 10 | ov_010 | 3.547696110533265 × 10^370 |
| 9 | ov_009 | 4.297711172109078 × 10^370 |
| 8 | ov_008 | 5.154875853791455 × 10^370 |
| 7 | ov_007 | 6.125386310501519 × 10^370 |
| 6 | ov_006 | 7.215798887162679 × 10^370 |
| 5 | ov_005 | 8.433052629015971 × 10^370 |
| 4 | ov_004 | 9.784495105310691 × 10^370 |
| 3 | ov_003 | 1.12779117551773 × 10^371 |
| 2 | ov_002 | 1.2929344415626306 × 10^371 |
| 1 | ov_001 | 1.4755813906399163 × 10^371 |

