# Results for F001-F002-F003-F004-F005-F006-F007-F008-F009-F010-F011-F012-F013-F014-F015-F016-F017-F018-F019-F020-F021-F022-F023-F024-F025-F026-F027-F028-F029-F030-F031-F032-F033-F034-F035-F036-F037-F038-F039-F040-F041-F042-F043-F044-F045-F046-F047-F048-F049-F050-F051-F052-F053-F054-F055-F056-F057-F058-F059-F060-F061-F062-F063-F064-F065-F066-F067-F068-F069-F070-F071-F072-F073-F074-F075-F076-F077-F078-F079-F080-F081-F082-F083-F084-F085-F086-F087-F088-F089-F090-F091-F092-F093-F094-F095-F096-F097-F098-F099-F100-F101-F102-F103-F104-F105-F106-F107-F108-F109-F110-F111-F112-F113-F114-F115-F116-F117-F118-F119-F120-F121-F122-F123-F124-F125-F126-F127-F128-F129-F130-F131-F132-F133-F134-F135-F136-F137-F138-F139-F140-F141-F142-F143-F144-F145-F146-F147-F148-F149-F150-F151-F152-F153-F154-F155-F156-F157-F158-F159-F160-F161-F162-F163-F164-F165-F166-F167-F168-F169-F170-F171-F172-F173-F174-F175-F176-F177-F178-F179-F180-F181-F182-F183-F184-F185-F186-F187-F188-F189-F190-F191-F192-F193-F194-F195-F196-F197-F198-F199-F200-F201-F202-F203-F204-F205-F206-F207-F208-F209-F210-F211-F212-F213-F214-F215-F216-F217-F218-F219-F220-F221-F222-F223-F224-F225-F226-F227-F228-F229-F230-F231-F232-F233-F234-F235-F236-F237-F238-F239-F240-F241-F242-F243-F244-F245-F246-F247-F248-F249-F250-F251-F252-F253-F254-F255-F256-F257-F258-F259-F260-F261-F262-F263-F264-F265-F266-F267-F268-F269-F270-F271-F272-F273-F274-F275-F276-F277-F278-F279-F280-F281-F282-F283-F284-F285-F286-F287-F288-F289-F290-F291-F292-F293-F294-F295-F296-F297-F298-F299-F300-F301-F302-F303-F304-F305-F306-F307-F308-F309-F310-F311-F312-F313-F314-F315-F316-F317-F318-F319-F320-F321-F322-F323-F324-F325-F326-F327-F328-F329-F330-F331-F332-F333-F334-F335-F336-F337-F338-F339-F340-F341-F342-F343-F344-F345-F346-F347-F348-F349-F350-F351-F352-F353-F354-F355-F356-F357-F358-F359-F360-F361-F362-F363-F364-F365-F366-F367-F368-F369-F370-F371-F372-F373-F374-F375-F376-F377-F378-F379-F380-F381-F382-F383-F384-F385-F386-F387-F388-F389-F390-F391-F392-F393-F394-F395-F396-F397-F398-F399-F400-F401-F402-F403-F404-F405-F406-F407-F408-F409-F410-F411-F412-F413-F414-F415-F416-F417-F418-F419-F420-F421-F422-F423-F424-F425-F426-F427-F428-F429-F430-F431-F432-F433-F434-F435-F436-F437-F438-F439-F440-F441-F442-F443-F444-F445-F446-F447-F448-F449-F450-F451-F452-F453-F454-F455-F456-F457-F458-F459-F460-F461-F462-F463-F464-F465-F466-F467-F468-F469-F470-F471-F472-F473-F474-F475-F476-F477-F478-F479-F480-F481-F482-F483-F484-F485-F486-F487-F488-F489-F490-F491-F492-F493-F494-F495-F496-E506507-F508-F509-F510-F511-F512

## Summary

Number of input bits: 512  
Number of free input bits: 10  
Number of output bits: 160

Number of direct occurrences: 39807  
Number of assignments: 30767  
Number of operations: 10662835
(xor: 10634958,
and: 14711,
or: 13166)

Total complexity: 7.788611616662907 × 10^295

Least occurring input variable: iv_502 (3824)  
Most occurring input variable: iv_506 (4314)

Most co-occurring input variables: iv_500-iv_506 (2003)  
Least co-occurring input variables: iv_498-iv_502 (1735)

Potentially most occurring input variable: iv_505/iv_506 (4454)  
Potentially least occurring input variable: iv_504/iv_505 (4042)

Least output occurring input variable: iv_503 (75)  
Most output occurring input variable: iv_498 (88)

Most output co-occurring input variables: iv_505-iv_506 (48)  
Least output co-occurring input variables: iv_497-iv_504 (33)

Potentially most output occurring input variable: iv_497/iv_504 (89)  
Potentially least output occurring input variable: iv_500/iv_505 (67)

Least complex input bit: iv_497 (5.013043253840942 × 10^293)  
Most complex input bit: iv_505 (2.4443489483163257 × 10^295)

Least complex output bit: aaa_76_29 (2.1628774463460113 × 10^271)  
Most complex output bit: ov_001 (1.2659418521441312 × 10^295)

Least complex input/output complexity: iv_497/aaa_76_29 (1.3921092390963504 × 10^269)  
Most complex input/output complexity: iv_505/ov_001 (3.972984900541165 × 10^294)

## Input Bits

### Input Bits in Regular Order

| Input Bit | Complexity | Occurrences | Output Occurrences |
|:---------:|:----------:|:-----------:|:------------------:|
| iv_497 | 5.013043253840942 × 10^293 | 3988 | 77 |
| iv_498 | 1.000026601247582 × 10^294 | 3879 | 88 |
| iv_499 | 1.7576080137359865 × 10^294 | 3877 | 81 |
| iv_500 | 2.944481497732228 × 10^294 | 4044 | 76 |
| iv_501 | 4.821000653768885 × 10^294 | 4004 | 82 |
| iv_502 | 7.743741553758357 × 10^294 | 3824 | 82 |
| iv_503 | 1.2234406352177948 × 10^295 | 3989 | 75 |
| iv_504 | 1.8980013161697566 × 10^295 | 3870 | 78 |
| iv_505 | 2.4443489483163257 × 10^295 | 4018 | 83 |
| iv_506 | 3.460044523963271 × 10^294 | 4314 | 84 |

### Input Bits Sorted by Complexity

| Input Bit | Complexity | Occurrences | Output Occurrences |
|:---------:|:----------:|:-----------:|:------------------:|
| iv_497 | 5.013043253840942 × 10^293 | 3988 | 77 |
| iv_498 | 1.000026601247582 × 10^294 | 3879 | 88 |
| iv_499 | 1.7576080137359865 × 10^294 | 3877 | 81 |
| iv_500 | 2.944481497732228 × 10^294 | 4044 | 76 |
| iv_506 | 3.460044523963271 × 10^294 | 4314 | 84 |
| iv_501 | 4.821000653768885 × 10^294 | 4004 | 82 |
| iv_502 | 7.743741553758357 × 10^294 | 3824 | 82 |
| iv_503 | 1.2234406352177948 × 10^295 | 3989 | 75 |
| iv_504 | 1.8980013161697566 × 10^295 | 3870 | 78 |
| iv_505 | 2.4443489483163257 × 10^295 | 4018 | 83 |

### Input Bits Sorted by Occurrences

| Input Bit | Complexity | Occurrences | Output Occurrences |
|:---------:|:----------:|:-----------:|:------------------:|
| iv_502 | 7.743741553758357 × 10^294 | 3824 | 82 |
| iv_504 | 1.8980013161697566 × 10^295 | 3870 | 78 |
| iv_499 | 1.7576080137359865 × 10^294 | 3877 | 81 |
| iv_498 | 1.000026601247582 × 10^294 | 3879 | 88 |
| iv_497 | 5.013043253840942 × 10^293 | 3988 | 77 |
| iv_503 | 1.2234406352177948 × 10^295 | 3989 | 75 |
| iv_501 | 4.821000653768885 × 10^294 | 4004 | 82 |
| iv_505 | 2.4443489483163257 × 10^295 | 4018 | 83 |
| iv_500 | 2.944481497732228 × 10^294 | 4044 | 76 |
| iv_506 | 3.460044523963271 × 10^294 | 4314 | 84 |

### Input Bits Sorted by Output Occurrences

| Input Bit | Complexity | Occurrences | Output Occurrences |
|:---------:|:----------:|:-----------:|:------------------:|
| iv_503 | 1.2234406352177948 × 10^295 | 3989 | 75 |
| iv_500 | 2.944481497732228 × 10^294 | 4044 | 76 |
| iv_497 | 5.013043253840942 × 10^293 | 3988 | 77 |
| iv_504 | 1.8980013161697566 × 10^295 | 3870 | 78 |
| iv_499 | 1.7576080137359865 × 10^294 | 3877 | 81 |
| iv_502 | 7.743741553758357 × 10^294 | 3824 | 82 |
| iv_501 | 4.821000653768885 × 10^294 | 4004 | 82 |
| iv_505 | 2.4443489483163257 × 10^295 | 4018 | 83 |
| iv_506 | 3.460044523963271 × 10^294 | 4314 | 84 |
| iv_498 | 1.000026601247582 × 10^294 | 3879 | 88 |

## Input Bit Co-occurrences

### Input Bit Co-occurrences Sorted by Co-occurrences

| Input Bits | Co-occurrences | Potential Occurrences | Output Co-occurrences | Potential Output Occurrences |
|:----------:|:--------------:|:---------------------:|:---------------------:|:----------------------------:|
| iv_500-iv_506 | 2003 | 4352 | 42 | 76 |
| iv_500-iv_501 | 1995 | 4058 | 39 | 80 |
| iv_503-iv_506 | 1958 | 4387 | 40 | 79 |
| iv_501-iv_506 | 1952 | 4414 | 43 | 80 |
| iv_497-iv_503 | 1945 | 4087 | 37 | 78 |
| iv_505-iv_506 | 1939 | 4454 | 48 | 71 |
| iv_501-iv_505 | 1939 | 4144 | 48 | 69 |
| iv_497-iv_506 | 1936 | 4430 | 39 | 83 |
| iv_497-iv_505 | 1934 | 4138 | 43 | 74 |
| iv_497-iv_500 | 1931 | 4170 | 35 | 83 |

### Input Bit Co-occurrences Sorted by Potential Occurrences

| Input Bits | Co-occurrences | Potential Occurrences | Output Co-occurrences | Potential Output Occurrences |
|:----------:|:--------------:|:---------------------:|:---------------------:|:----------------------------:|
| iv_504-iv_505 | 1923 | 4042 | 43 | 75 |
| iv_500-iv_501 | 1995 | 4058 | 39 | 80 |
| iv_501-iv_504 | 1895 | 4084 | 40 | 80 |
| iv_497-iv_503 | 1945 | 4087 | 37 | 78 |
| iv_499-iv_504 | 1828 | 4091 | 38 | 83 |
| iv_502-iv_505 | 1862 | 4118 | 44 | 77 |
| iv_498-iv_504 | 1806 | 4137 | 46 | 74 |
| iv_497-iv_505 | 1934 | 4138 | 43 | 74 |
| iv_497-iv_499 | 1862 | 4141 | 40 | 78 |
| iv_501-iv_505 | 1939 | 4144 | 48 | 69 |

### Input Bit Output Co-occurrences Sorted by Output Co-occurrences

| Input Bits | Co-occurrences | Potential Occurrences | Output Co-occurrences | Potential Output Occurrences |
|:----------:|:--------------:|:---------------------:|:---------------------:|:----------------------------:|
| iv_498-iv_499 | 1794 | 4168 | 48 | 73 |
| iv_501-iv_505 | 1939 | 4144 | 48 | 69 |
| iv_505-iv_506 | 1939 | 4454 | 48 | 71 |
| iv_498-iv_501 | 1834 | 4215 | 46 | 78 |
| iv_498-iv_502 | 1735 | 4233 | 46 | 78 |
| iv_498-iv_504 | 1806 | 4137 | 46 | 74 |
| iv_500-iv_505 | 1924 | 4214 | 46 | 67 |
| iv_497-iv_498 | 1825 | 4217 | 46 | 73 |
| iv_502-iv_505 | 1862 | 4118 | 44 | 77 |
| iv_498-iv_506 | 1896 | 4401 | 44 | 84 |

### Input Bit Output Co-occurrences Sorted by Potential Output Occurrences

| Input Bits | Co-occurrences | Potential Occurrences | Output Co-occurrences | Potential Output Occurrences |
|:----------:|:--------------:|:---------------------:|:---------------------:|:----------------------------:|
| iv_500-iv_505 | 1924 | 4214 | 46 | 67 |
| iv_501-iv_505 | 1939 | 4144 | 48 | 69 |
| iv_505-iv_506 | 1939 | 4454 | 48 | 71 |
| iv_498-iv_499 | 1794 | 4168 | 48 | 73 |
| iv_499-iv_500 | 1858 | 4205 | 42 | 73 |
| iv_497-iv_498 | 1825 | 4217 | 46 | 73 |
| iv_500-iv_503 | 1909 | 4215 | 39 | 73 |
| iv_498-iv_504 | 1806 | 4137 | 46 | 74 |
| iv_497-iv_505 | 1934 | 4138 | 43 | 74 |
| iv_504-iv_505 | 1923 | 4042 | 43 | 75 |

## Output Bits

### Output Bits in Regular Order

| Rank | Output Bit | Complexity |
|:----:|:----------:|:----------:|
| 1 | ov_001 | 1.2659418521441312 × 10^295 |
| 2 | ov_002 | 1.0945571940416731 × 10^295 |
| 3 | ov_003 | 9.413979968840778 × 10^294 |
| 4 | ov_004 | 8.050616575073867 × 10^294 |
| 5 | ov_005 | 6.842220533012351 × 10^294 |
| 6 | ov_006 | 5.776240482075101 × 10^294 |
| 7 | ov_007 | 4.8407871457879266 × 10^294 |
| 8 | ov_008 | 4.024592281036674 × 10^294 |
| 9 | ov_009 | 3.316973826138424 × 10^294 |
| 10 | ov_010 | 2.7078066181470404 × 10^294 |
| 11 | ov_011 | 2.187498042452419 × 10^294 |
| 12 | ov_012 | 1.7469680140364364 × 10^294 |
| 13 | ov_013 | 1.3776327254165882 × 10^294 |
| 14 | ov_014 | 1.0713916314851568 × 10^294 |
| 15 | ov_015 | 8.206171762537803 × 10^293 |
| 16 | ov_016 | 6.181468010329221 × 10^293 |
| 17 | ov_017 | 4.572768078856537 × 10^293 |
| 18 | ov_018 | 3.3175768635178165 × 10^293 |
| 19 | ov_019 | 2.357905636132404 × 10^293 |
| 20 | ov_020 | 1.6402452450862679 × 10^293 |
| 21 | ov_021 | 1.1155462763918782 × 10^293 |
| 22 | ov_022 | 7.392048100581447 × 10^292 |
| 23 | ov_023 | 4.71052575543033 × 10^292 |
| 24 | ov_024 | 2.92113359575759 × 10^292 |
| 25 | ov_025 | 1.7107328787405165 × 10^292 |
| 26 | ov_026 | 9.338136636173439 × 10^291 |
| 27 | ov_027 | 4.6697767670794644 × 10^291 |
| 28 | ov_028 | 2.089353227935599 × 10^291 |
| 29 | ov_029 | 8.050466322250926 × 10^290 |
| 30 | ov_030 | 2.461114828114173 × 10^290 |
| 31 | ov_031 | 4.800749145562549 × 10^289 |
| 32 | lv_80_m31 | 9.363297764538111 × 10^288 |
| 33 | ov_033 | 1.1198749920648302 × 10^290 |
| 34 | ov_034 | 9.71193572086276 × 10^289 |
| 35 | ov_035 | 8.381944826785163 × 10^289 |
| 36 | ov_036 | 7.195513288157847 × 10^289 |
| 37 | ov_037 | 6.140083248748731 × 10^289 |
| 38 | ov_038 | 5.203753472208752 × 10^289 |
| 39 | ov_039 | 4.3752368500622754 × 10^289 |
| 40 | ov_040 | 3.6438241807921704 × 10^289 |
| 41 | ov_041 | 3.0043011831852606 × 10^289 |
| 42 | ov_042 | 2.451720226425679 × 10^289 |
| 43 | ov_043 | 1.9813886782438931 × 10^289 |
| 44 | ov_044 | 1.5846496600525393 × 10^289 |
| 45 | ov_045 | 1.2533151939387125 × 10^289 |
| 46 | ov_046 | 9.796549628933131 × 10^288 |
| 47 | ov_047 | 7.563874712516878 × 10^288 |
| 48 | ov_048 | 5.76673192093213 × 10^288 |
| 49 | ov_049 | 4.341093202478493 × 10^288 |
| 50 | ov_050 | 3.227257989032827 × 10^288 |
| 51 | ov_051 | 2.3698235472735745 × 10^288 |
| 52 | ov_052 | 1.717663211933928 × 10^288 |
| 53 | ov_053 | 1.2239106491326197 × 10^288 |
| 54 | ov_054 | 8.459487715175043 × 10^287 |
| 55 | ov_055 | 5.635302165000654 × 10^287 |
| 56 | ov_056 | 3.585270060726013 × 10^287 |
| 57 | ov_057 | 2.1492869263346946 × 10^287 |
| 58 | ov_058 | 1.1884128173779236 × 10^287 |
| 59 | ov_059 | 5.848665991638961 × 10^286 |
| 60 | ov_060 | 2.420232914637865 × 10^286 |
| 61 | ov_061 | 8.441308947866072 × 10^285 |
| 62 | ov_062 | 2.312067017826838 × 10^285 |
| 63 | ov_063 | 4.498901436406949 × 10^284 |
| 64 | lv_79_m31 | 8.752041794757656 × 10^283 |
| 65 | ov_065 | 1.0333673336912572 × 10^285 |
| 66 | ov_066 | 1.0333638080228401 × 10^285 |
| 67 | ov_067 | 1.0333629450612187 × 10^285 |
| 68 | ov_068 | 8.893221204210325 × 10^284 |
| 69 | ov_069 | 7.613328410524386 × 10^284 |
| 70 | ov_070 | 6.4806028619387725 × 10^284 |
| 71 | ov_071 | 5.482518146650163 × 10^284 |
| 72 | ov_072 | 4.607313966052075 × 10^284 |
| 73 | ov_073 | 3.84394536548556 × 10^284 |
| 74 | ov_074 | 3.1820366217841823 × 10^284 |
| 75 | ov_075 | 2.6118395402480635 × 10^284 |
| 76 | ov_076 | 2.1241959211551678 × 10^284 |
| 77 | ov_077 | 1.710503961903642 × 10^284 |
| 78 | ov_078 | 1.3626883656068345 × 10^284 |
| 79 | ov_079 | 1.073173930646314 × 10^284 |
| 80 | ov_080 | 8.348623985234885 × 10^283 |
| 81 | ov_081 | 6.411123395078009 × 10^283 |
| 82 | ov_082 | 4.857218571999137 × 10^283 |
| 83 | ov_083 | 3.629138943280803 × 10^283 |
| 84 | ov_084 | 2.673239229700698 × 10^283 |
| 85 | ov_085 | 1.9398980301565595 × 10^283 |
| 86 | ov_086 | 1.383435931135463 × 10^283 |
| 87 | ov_087 | 9.62050986295078 × 10^282 |
| 88 | ov_088 | 6.55804542535653 × 10^282 |
| 89 | ov_089 | 4.3051474327725004 × 10^282 |
| 90 | ov_090 | 2.7003486128340945 × 10^282 |
| 91 | ov_091 | 1.6009636895592534 × 10^282 |
| 92 | ov_092 | 8.830257956611103 × 10^281 |
| 93 | ov_093 | 4.41250749443869 × 10^281 |
| 94 | ov_094 | 1.8901951407942613 × 10^281 |
| 95 | aaa_78_28 | 5.83710419099289 × 10^280 |
| 96 | aaa_78_29 | 1.7927697860033283 × 10^280 |
| 97 | ov_097 | 1.1841452038121202 × 10^280 |
| 98 | ov_098 | 1.1841099981485115 × 10^280 |
| 99 | ov_099 | 1.1840987729299244 × 10^280 |
| 100 | ov_100 | 1.065709781265003 × 10^280 |
| 101 | ov_101 | 9.560169835453904 × 10^279 |
| 102 | ov_102 | 8.545496317184261 × 10^279 |
| 103 | ov_103 | 7.608712768340553 × 10^279 |
| 104 | ov_104 | 6.745751145912357 × 10^279 |
| 105 | ov_105 | 5.952797737626448 × 10^279 |
| 106 | ov_106 | 5.226255252017131 × 10^279 |
| 107 | ov_107 | 4.56270889845601 × 10^279 |
| 108 | ov_108 | 3.958896246790437 × 10^279 |
| 109 | ov_109 | 3.411680660420527 × 10^279 |
| 110 | ov_110 | 2.918028099714772 × 10^279 |
| 111 | ov_111 | 2.474987094836262 × 10^279 |
| 112 | ov_112 | 2.0796716885223392 × 10^279 |
| 113 | ov_113 | 1.7292471503113217 × 10^279 |
| 114 | ov_114 | 1.42091826430418 × 10^279 |
| 115 | ov_115 | 1.1519199929240828 × 10^279 |
| 116 | ov_116 | 9.195100840090005 × 10^278 |
| 117 | ov_117 | 7.209631887545631 × 10^278 |
| 118 | ov_118 | 5.535663427541129 × 10^278 |
| 119 | ov_119 | 4.146155009104841 × 10^278 |
| 120 | ov_120 | 3.014128170317343 × 10^278 |
| 121 | ov_121 | 2.1126456971423513 × 10^278 |
| 122 | ov_122 | 1.4147963613017746 × 10^278 |
| 123 | ov_123 | 8.936841534164478 × 10^277 |
| 124 | ov_124 | 5.224210276323282 × 10^277 |
| 125 | ov_125 | 2.7412241225338566 × 10^277 |
| 126 | ov_126 | 1.2190492276873594 × 10^277 |
| 127 | aaa_77_28 | 3.8885485295070174 × 10^276 |
| 128 | aaa_77_29 | 1.4554837750390706 × 10^276 |
| 129 | ov_129 | 1.3273962700498516 × 10^276 |
| 130 | ov_130 | 1.3273920648719762 × 10^276 |
| 131 | ov_131 | 1.32739105042381 × 10^276 |
| 132 | ov_132 | 1.1454998851442395 × 10^276 |
| 133 | ov_133 | 9.832037135656096 × 10^275 |
| 134 | ov_134 | 8.389943755606083 × 10^275 |
| 135 | ov_135 | 7.114421112449683 × 10^275 |
| 136 | ov_136 | 5.991899253638926 × 10^275 |
| 137 | ov_137 | 5.0094879760340344 × 10^275 |
| 138 | ov_138 | 4.154936532847949 × 10^275 |
| 139 | ov_139 | 3.416600131512333 × 10^275 |
| 140 | ov_140 | 2.7834124510818627 × 10^275 |
| 141 | ov_141 | 2.2448634486013827 × 10^275 |
| 142 | ov_142 | 1.7909817641608087 × 10^275 |
| 143 | ov_143 | 1.4123210743179262 × 10^275 |
| 144 | ov_144 | 1.0999497832970832 × 10^275 |
| 145 | ov_145 | 8.454434809498659 × 10^274 |
| 146 | ov_146 | 6.408796359389551 × 10^274 |
| 147 | ov_147 | 4.788340320051607 × 10^274 |
| 148 | ov_148 | 3.523784945173525 × 10^274 |
| 149 | ov_149 | 2.5507949379888197 × 10^274 |
| 150 | ov_150 | 1.8099726947000795 × 10^274 |
| 151 | ov_151 | 1.2468522832596912 × 10^274 |
| 152 | ov_152 | 8.354330184795643 × 10^273 |
| 153 | ov_153 | 5.31100130859961 × 10^273 |
| 154 | ov_154 | 3.127768813230587 × 10^273 |
| 155 | ov_155 | 1.618468980092285 × 10^273 |
| 156 | aaa_76_25 | 6.215363675615362 × 10^272 |
| 157 | aaa_76_26 | 3.585175740403402 × 10^272 |
| 158 | aaa_76_27 | 1.8328365049469216 × 10^272 |
| 159 | aaa_76_28 | 7.12421538880664 × 10^271 |
| 160 | aaa_76_29 | 2.1628774463460113 × 10^271 |

### Output Bits Sorted by Complexity

| Rank | Output Bit | Complexity |
|:----:|:----------:|:----------:|
| 160 | aaa_76_29 | 2.1628774463460113 × 10^271 |
| 159 | aaa_76_28 | 7.12421538880664 × 10^271 |
| 158 | aaa_76_27 | 1.8328365049469216 × 10^272 |
| 157 | aaa_76_26 | 3.585175740403402 × 10^272 |
| 156 | aaa_76_25 | 6.215363675615362 × 10^272 |
| 155 | ov_155 | 1.618468980092285 × 10^273 |
| 154 | ov_154 | 3.127768813230587 × 10^273 |
| 153 | ov_153 | 5.31100130859961 × 10^273 |
| 152 | ov_152 | 8.354330184795643 × 10^273 |
| 151 | ov_151 | 1.2468522832596912 × 10^274 |
| 150 | ov_150 | 1.8099726947000795 × 10^274 |
| 149 | ov_149 | 2.5507949379888197 × 10^274 |
| 148 | ov_148 | 3.523784945173525 × 10^274 |
| 147 | ov_147 | 4.788340320051607 × 10^274 |
| 146 | ov_146 | 6.408796359389551 × 10^274 |
| 145 | ov_145 | 8.454434809498659 × 10^274 |
| 144 | ov_144 | 1.0999497832970832 × 10^275 |
| 143 | ov_143 | 1.4123210743179262 × 10^275 |
| 142 | ov_142 | 1.7909817641608087 × 10^275 |
| 141 | ov_141 | 2.2448634486013827 × 10^275 |
| 140 | ov_140 | 2.7834124510818627 × 10^275 |
| 139 | ov_139 | 3.416600131512333 × 10^275 |
| 138 | ov_138 | 4.154936532847949 × 10^275 |
| 137 | ov_137 | 5.0094879760340344 × 10^275 |
| 136 | ov_136 | 5.991899253638926 × 10^275 |
| 135 | ov_135 | 7.114421112449683 × 10^275 |
| 134 | ov_134 | 8.389943755606083 × 10^275 |
| 133 | ov_133 | 9.832037135656096 × 10^275 |
| 132 | ov_132 | 1.1454998851442395 × 10^276 |
| 131 | ov_131 | 1.32739105042381 × 10^276 |
| 130 | ov_130 | 1.3273920648719762 × 10^276 |
| 129 | ov_129 | 1.3273962700498516 × 10^276 |
| 128 | aaa_77_29 | 1.4554837750390706 × 10^276 |
| 127 | aaa_77_28 | 3.8885485295070174 × 10^276 |
| 126 | ov_126 | 1.2190492276873594 × 10^277 |
| 125 | ov_125 | 2.7412241225338566 × 10^277 |
| 124 | ov_124 | 5.224210276323282 × 10^277 |
| 123 | ov_123 | 8.936841534164478 × 10^277 |
| 122 | ov_122 | 1.4147963613017746 × 10^278 |
| 121 | ov_121 | 2.1126456971423513 × 10^278 |
| 120 | ov_120 | 3.014128170317343 × 10^278 |
| 119 | ov_119 | 4.146155009104841 × 10^278 |
| 118 | ov_118 | 5.535663427541129 × 10^278 |
| 117 | ov_117 | 7.209631887545631 × 10^278 |
| 116 | ov_116 | 9.195100840090005 × 10^278 |
| 115 | ov_115 | 1.1519199929240828 × 10^279 |
| 114 | ov_114 | 1.42091826430418 × 10^279 |
| 113 | ov_113 | 1.7292471503113217 × 10^279 |
| 112 | ov_112 | 2.0796716885223392 × 10^279 |
| 111 | ov_111 | 2.474987094836262 × 10^279 |
| 110 | ov_110 | 2.918028099714772 × 10^279 |
| 109 | ov_109 | 3.411680660420527 × 10^279 |
| 108 | ov_108 | 3.958896246790437 × 10^279 |
| 107 | ov_107 | 4.56270889845601 × 10^279 |
| 106 | ov_106 | 5.226255252017131 × 10^279 |
| 105 | ov_105 | 5.952797737626448 × 10^279 |
| 104 | ov_104 | 6.745751145912357 × 10^279 |
| 103 | ov_103 | 7.608712768340553 × 10^279 |
| 102 | ov_102 | 8.545496317184261 × 10^279 |
| 101 | ov_101 | 9.560169835453904 × 10^279 |
| 100 | ov_100 | 1.065709781265003 × 10^280 |
| 99 | ov_099 | 1.1840987729299244 × 10^280 |
| 98 | ov_098 | 1.1841099981485115 × 10^280 |
| 97 | ov_097 | 1.1841452038121202 × 10^280 |
| 96 | aaa_78_29 | 1.7927697860033283 × 10^280 |
| 95 | aaa_78_28 | 5.83710419099289 × 10^280 |
| 94 | ov_094 | 1.8901951407942613 × 10^281 |
| 93 | ov_093 | 4.41250749443869 × 10^281 |
| 92 | ov_092 | 8.830257956611103 × 10^281 |
| 91 | ov_091 | 1.6009636895592534 × 10^282 |
| 90 | ov_090 | 2.7003486128340945 × 10^282 |
| 89 | ov_089 | 4.3051474327725004 × 10^282 |
| 88 | ov_088 | 6.55804542535653 × 10^282 |
| 87 | ov_087 | 9.62050986295078 × 10^282 |
| 86 | ov_086 | 1.383435931135463 × 10^283 |
| 85 | ov_085 | 1.9398980301565595 × 10^283 |
| 84 | ov_084 | 2.673239229700698 × 10^283 |
| 83 | ov_083 | 3.629138943280803 × 10^283 |
| 82 | ov_082 | 4.857218571999137 × 10^283 |
| 81 | ov_081 | 6.411123395078009 × 10^283 |
| 80 | ov_080 | 8.348623985234885 × 10^283 |
| 64 | lv_79_m31 | 8.752041794757656 × 10^283 |
| 79 | ov_079 | 1.073173930646314 × 10^284 |
| 78 | ov_078 | 1.3626883656068345 × 10^284 |
| 77 | ov_077 | 1.710503961903642 × 10^284 |
| 76 | ov_076 | 2.1241959211551678 × 10^284 |
| 75 | ov_075 | 2.6118395402480635 × 10^284 |
| 74 | ov_074 | 3.1820366217841823 × 10^284 |
| 73 | ov_073 | 3.84394536548556 × 10^284 |
| 63 | ov_063 | 4.498901436406949 × 10^284 |
| 72 | ov_072 | 4.607313966052075 × 10^284 |
| 71 | ov_071 | 5.482518146650163 × 10^284 |
| 70 | ov_070 | 6.4806028619387725 × 10^284 |
| 69 | ov_069 | 7.613328410524386 × 10^284 |
| 68 | ov_068 | 8.893221204210325 × 10^284 |
| 67 | ov_067 | 1.0333629450612187 × 10^285 |
| 66 | ov_066 | 1.0333638080228401 × 10^285 |
| 65 | ov_065 | 1.0333673336912572 × 10^285 |
| 62 | ov_062 | 2.312067017826838 × 10^285 |
| 61 | ov_061 | 8.441308947866072 × 10^285 |
| 60 | ov_060 | 2.420232914637865 × 10^286 |
| 59 | ov_059 | 5.848665991638961 × 10^286 |
| 58 | ov_058 | 1.1884128173779236 × 10^287 |
| 57 | ov_057 | 2.1492869263346946 × 10^287 |
| 56 | ov_056 | 3.585270060726013 × 10^287 |
| 55 | ov_055 | 5.635302165000654 × 10^287 |
| 54 | ov_054 | 8.459487715175043 × 10^287 |
| 53 | ov_053 | 1.2239106491326197 × 10^288 |
| 52 | ov_052 | 1.717663211933928 × 10^288 |
| 51 | ov_051 | 2.3698235472735745 × 10^288 |
| 50 | ov_050 | 3.227257989032827 × 10^288 |
| 49 | ov_049 | 4.341093202478493 × 10^288 |
| 48 | ov_048 | 5.76673192093213 × 10^288 |
| 47 | ov_047 | 7.563874712516878 × 10^288 |
| 32 | lv_80_m31 | 9.363297764538111 × 10^288 |
| 46 | ov_046 | 9.796549628933131 × 10^288 |
| 45 | ov_045 | 1.2533151939387125 × 10^289 |
| 44 | ov_044 | 1.5846496600525393 × 10^289 |
| 43 | ov_043 | 1.9813886782438931 × 10^289 |
| 42 | ov_042 | 2.451720226425679 × 10^289 |
| 41 | ov_041 | 3.0043011831852606 × 10^289 |
| 40 | ov_040 | 3.6438241807921704 × 10^289 |
| 39 | ov_039 | 4.3752368500622754 × 10^289 |
| 31 | ov_031 | 4.800749145562549 × 10^289 |
| 38 | ov_038 | 5.203753472208752 × 10^289 |
| 37 | ov_037 | 6.140083248748731 × 10^289 |
| 36 | ov_036 | 7.195513288157847 × 10^289 |
| 35 | ov_035 | 8.381944826785163 × 10^289 |
| 34 | ov_034 | 9.71193572086276 × 10^289 |
| 33 | ov_033 | 1.1198749920648302 × 10^290 |
| 30 | ov_030 | 2.461114828114173 × 10^290 |
| 29 | ov_029 | 8.050466322250926 × 10^290 |
| 28 | ov_028 | 2.089353227935599 × 10^291 |
| 27 | ov_027 | 4.6697767670794644 × 10^291 |
| 26 | ov_026 | 9.338136636173439 × 10^291 |
| 25 | ov_025 | 1.7107328787405165 × 10^292 |
| 24 | ov_024 | 2.92113359575759 × 10^292 |
| 23 | ov_023 | 4.71052575543033 × 10^292 |
| 22 | ov_022 | 7.392048100581447 × 10^292 |
| 21 | ov_021 | 1.1155462763918782 × 10^293 |
| 20 | ov_020 | 1.6402452450862679 × 10^293 |
| 19 | ov_019 | 2.357905636132404 × 10^293 |
| 18 | ov_018 | 3.3175768635178165 × 10^293 |
| 17 | ov_017 | 4.572768078856537 × 10^293 |
| 16 | ov_016 | 6.181468010329221 × 10^293 |
| 15 | ov_015 | 8.206171762537803 × 10^293 |
| 14 | ov_014 | 1.0713916314851568 × 10^294 |
| 13 | ov_013 | 1.3776327254165882 × 10^294 |
| 12 | ov_012 | 1.7469680140364364 × 10^294 |
| 11 | ov_011 | 2.187498042452419 × 10^294 |
| 10 | ov_010 | 2.7078066181470404 × 10^294 |
| 9 | ov_009 | 3.316973826138424 × 10^294 |
| 8 | ov_008 | 4.024592281036674 × 10^294 |
| 7 | ov_007 | 4.8407871457879266 × 10^294 |
| 6 | ov_006 | 5.776240482075101 × 10^294 |
| 5 | ov_005 | 6.842220533012351 × 10^294 |
| 4 | ov_004 | 8.050616575073867 × 10^294 |
| 3 | ov_003 | 9.413979968840778 × 10^294 |
| 2 | ov_002 | 1.0945571940416731 × 10^295 |
| 1 | ov_001 | 1.2659418521441312 × 10^295 |

