# Results for F001-F002-F003-F004-F005-F006-F007-F008-F009-F010-F011-F012-F013-F014-F015-F016-F017-F018-F019-F020-F021-F022-F023-F024-F025-F026-F027-F028-F029-F030-F031-F032-F033-F034-F035-F036-F037-F038-F039-F040-F041-F042-F043-F044-F045-F046-F047-F048-F049-F050-F051-F052-F053-F054-F055-F056-F057-F058-F059-F060-F061-F062-F063-F064-F065-F066-F067-F068-F069-F070-F071-F072-F073-F074-F075-F076-F077-F078-F079-F080-F081-F082-F083-F084-F085-F086-F087-F088-F089-F090-F091-F092-F093-F094-F095-F096-F097-F098-F099-F100-F101-F102-F103-F104-F105-F106-F107-F108-F109-F110-F111-F112-F113-F114-F115-F116-F117-F118-F119-F120-F121-F122-F123-F124-F125-F126-F127-F128-F129-F130-F131-F132-F133-F134-F135-F136-F137-F138-F139-F140-F141-F142-F143-F144-F145-F146-F147-F148-F149-F150-F151-F152-F153-F154-F155-F156-F157-F158-F159-F160-F161-F162-F163-F164-F165-F166-F167-F168-F169-F170-F171-F172-F173-F174-F175-F176-F177-F178-F179-F180-F181-F182-F183-F184-F185-F186-F187-F188-F189-F190-F191-F192-F193-F194-F195-F196-F197-F198-F199-F200-F201-F202-F203-F204-F205-F206-F207-F208-F209-F210-F211-F212-F213-F214-F215-F216-F217-F218-F219-F220-F221-F222-F223-F224-F225-F226-F227-F228-F229-F230-F231-F232-F233-F234-F235-F236-F237-F238-F239-F240-F241-F242-F243-F244-F245-F246-F247-F248-F249-F250-F251-F252-F253-F254-F255-F256-F257-F258-F259-F260-F261-F262-F263-F264-F265-F266-F267-F268-F269-F270-F271-F272-F273-F274-F275-F276-F277-F278-F279-F280-F281-F282-F283-F284-F285-F286-F287-F288-F289-F290-F291-F292-F293-F294-F295-F296-F297-F298-F299-F300-F301-F302-F303-F304-F305-F306-F307-F308-F309-F310-F311-F312-F313-F314-F315-F316-F317-F318-F319-F320-F321-F322-F323-F324-F325-F326-F327-F328-F329-F330-F331-F332-F333-F334-F335-F336-F337-F338-F339-F340-F341-F342-F343-F344-F345-F346-F347-F348-F349-F350-F351-F352-F353-F354-F355-F356-F357-F358-F359-F360-F361-F362-F363-F364-F365-F366-F367-F368-F369-F370-F371-F372-F373-F374-F375-F376-F377-F378-F379-F380-F381-F382-F383-F384-F385-F386-F387-F388-F389-F390-F391-F392-F393-F394-F395-F396-F397-F398-F399-F400-F401-F402-F403-F404-F405-F406-F407-F408-F409-F410-F411-F412-F413-F414-F415-F416-F417-F418-F419-F420-F421-F422-F423-F424-F425-F426-F427-F428-F429-F430-F431-F432-F433-F434-F435-F436-F437-F438-F439-F440-F441-F442-F443-F444-F445-F446-F447-F448-F449-F450-F451-F452-F453-F454-F455-F456-F457-F458-F459-F460-F461-F462-F463-F464-F465-F466-F467-F468-F469-F470-F471-F472-F473-F474-F475-F476-F477-F478-F479-F480-F481-F482-F483-F484-F485-F486-F487-F488-F489-F490-F491-F492-F493-F494-F495-F496-E499504-O500505-F509-F510-F511-F512

## Summary

Number of input bits: 512  
Number of free input bits: 10  
Number of output bits: 160

Number of direct occurrences: 40405  
Number of assignments: 31093  
Number of operations: 10862667
(xor: 10834577,
and: 14804,
or: 13286)

Total complexity: 2.1579439986493225 × 10^298

Least occurring input variable: iv_502 (3788)  
Most occurring input variable: iv_500 (4249)

Most co-occurring input variables: iv_497-iv_507 (2020)  
Least co-occurring input variables: iv_498-iv_502 (1714)

Potentially most occurring input variable: iv_500/iv_508 (4422)  
Potentially least occurring input variable: iv_506/iv_507 (4140)

Least output occurring input variable: iv_502 (71)  
Most output occurring input variable: iv_497 (93)

Most output co-occurring input variables: iv_497-iv_506 (51)  
Least output co-occurring input variables: iv_507-iv_508 (33)

Potentially most output occurring input variable: iv_500/iv_507 (90)  
Potentially least output occurring input variable: iv_498/iv_503 (68)

Least complex input bit: iv_497 (7.658716764045224 × 10^295)  
Most complex input bit: iv_500 (4.99221486017122 × 10^297)

Least complex output bit: aaa_76_29 (4.923914737917282 × 10^273)  
Most complex output bit: ov_001 (3.4518171689703033 × 10^297)

Least complex input/output complexity: iv_497/aaa_76_29 (1.7475369319880396 × 10^271)  
Most complex input/output complexity: iv_500/ov_001 (7.98547736934485 × 10^296)

## Input Bits

### Input Bits in Regular Order

| Input Bit | Complexity | Occurrences | Output Occurrences |
|:---------:|:----------:|:-----------:|:------------------:|
| iv_497 | 7.658716764045224 × 10^295 | 4101 | 93 |
| iv_498 | 1.5326304422319157 × 10^296 | 3899 | 88 |
| iv_499 | 3.244152030129998 × 10^297 | 4103 | 83 |
| iv_500 | 4.99221486017122 × 10^297 | 4249 | 82 |
| iv_501 | 7.498772139047966 × 10^296 | 4045 | 83 |
| iv_502 | 1.2088738299912822 × 10^297 | 3788 | 71 |
| iv_503 | 1.9145671887941014 × 10^297 | 4027 | 82 |
| iv_506 | 2.26913006565026 × 10^297 | 3927 | 81 |
| iv_507 | 3.2289308135340644 × 10^297 | 4145 | 76 |
| iv_508 | 3.7418437724538694 × 10^297 | 4121 | 78 |

### Input Bits Sorted by Complexity

| Input Bit | Complexity | Occurrences | Output Occurrences |
|:---------:|:----------:|:-----------:|:------------------:|
| iv_497 | 7.658716764045224 × 10^295 | 4101 | 93 |
| iv_498 | 1.5326304422319157 × 10^296 | 3899 | 88 |
| iv_501 | 7.498772139047966 × 10^296 | 4045 | 83 |
| iv_502 | 1.2088738299912822 × 10^297 | 3788 | 71 |
| iv_503 | 1.9145671887941014 × 10^297 | 4027 | 82 |
| iv_506 | 2.26913006565026 × 10^297 | 3927 | 81 |
| iv_507 | 3.2289308135340644 × 10^297 | 4145 | 76 |
| iv_499 | 3.244152030129998 × 10^297 | 4103 | 83 |
| iv_508 | 3.7418437724538694 × 10^297 | 4121 | 78 |
| iv_500 | 4.99221486017122 × 10^297 | 4249 | 82 |

### Input Bits Sorted by Occurrences

| Input Bit | Complexity | Occurrences | Output Occurrences |
|:---------:|:----------:|:-----------:|:------------------:|
| iv_502 | 1.2088738299912822 × 10^297 | 3788 | 71 |
| iv_498 | 1.5326304422319157 × 10^296 | 3899 | 88 |
| iv_506 | 2.26913006565026 × 10^297 | 3927 | 81 |
| iv_503 | 1.9145671887941014 × 10^297 | 4027 | 82 |
| iv_501 | 7.498772139047966 × 10^296 | 4045 | 83 |
| iv_497 | 7.658716764045224 × 10^295 | 4101 | 93 |
| iv_499 | 3.244152030129998 × 10^297 | 4103 | 83 |
| iv_508 | 3.7418437724538694 × 10^297 | 4121 | 78 |
| iv_507 | 3.2289308135340644 × 10^297 | 4145 | 76 |
| iv_500 | 4.99221486017122 × 10^297 | 4249 | 82 |

### Input Bits Sorted by Output Occurrences

| Input Bit | Complexity | Occurrences | Output Occurrences |
|:---------:|:----------:|:-----------:|:------------------:|
| iv_502 | 1.2088738299912822 × 10^297 | 3788 | 71 |
| iv_507 | 3.2289308135340644 × 10^297 | 4145 | 76 |
| iv_508 | 3.7418437724538694 × 10^297 | 4121 | 78 |
| iv_506 | 2.26913006565026 × 10^297 | 3927 | 81 |
| iv_503 | 1.9145671887941014 × 10^297 | 4027 | 82 |
| iv_500 | 4.99221486017122 × 10^297 | 4249 | 82 |
| iv_499 | 3.244152030129998 × 10^297 | 4103 | 83 |
| iv_501 | 7.498772139047966 × 10^296 | 4045 | 83 |
| iv_498 | 1.5326304422319157 × 10^296 | 3899 | 88 |
| iv_497 | 7.658716764045224 × 10^295 | 4101 | 93 |

## Input Bit Co-occurrences

### Input Bit Co-occurrences Sorted by Co-occurrences

| Input Bits | Co-occurrences | Potential Occurrences | Output Co-occurrences | Potential Output Occurrences |
|:----------:|:--------------:|:---------------------:|:---------------------:|:----------------------------:|
| iv_497-iv_507 | 2020 | 4206 | 44 | 81 |
| iv_497-iv_500 | 2014 | 4322 | 45 | 85 |
| iv_500-iv_507 | 2014 | 4366 | 34 | 90 |
| iv_499-iv_507 | 2008 | 4232 | 43 | 73 |
| iv_500-iv_501 | 2001 | 4292 | 42 | 81 |
| iv_499-iv_500 | 1990 | 4372 | 45 | 75 |
| iv_497-iv_501 | 1986 | 4174 | 48 | 80 |
| iv_500-iv_508 | 1974 | 4422 | 39 | 82 |
| iv_506-iv_507 | 1966 | 4140 | 39 | 79 |
| iv_507-iv_508 | 1961 | 4344 | 33 | 88 |

### Input Bit Co-occurrences Sorted by Potential Occurrences

| Input Bits | Co-occurrences | Potential Occurrences | Output Co-occurrences | Potential Output Occurrences |
|:----------:|:--------------:|:---------------------:|:---------------------:|:----------------------------:|
| iv_506-iv_507 | 1966 | 4140 | 39 | 79 |
| iv_501-iv_503 | 1956 | 4160 | 48 | 69 |
| iv_498-iv_506 | 1829 | 4168 | 41 | 87 |
| iv_497-iv_501 | 1986 | 4174 | 48 | 80 |
| iv_502-iv_506 | 1765 | 4185 | 38 | 76 |
| iv_497-iv_506 | 1918 | 4192 | 51 | 72 |
| iv_497-iv_502 | 1846 | 4197 | 40 | 84 |
| iv_497-iv_507 | 2020 | 4206 | 44 | 81 |
| iv_503-iv_506 | 1872 | 4210 | 41 | 81 |
| iv_497-iv_503 | 1957 | 4214 | 44 | 87 |

### Input Bit Output Co-occurrences Sorted by Output Co-occurrences

| Input Bits | Co-occurrences | Potential Occurrences | Output Co-occurrences | Potential Output Occurrences |
|:----------:|:--------------:|:---------------------:|:---------------------:|:----------------------------:|
| iv_498-iv_503 | 1850 | 4226 | 51 | 68 |
| iv_497-iv_506 | 1918 | 4192 | 51 | 72 |
| iv_497-iv_498 | 1873 | 4254 | 50 | 81 |
| iv_498-iv_499 | 1863 | 4276 | 50 | 71 |
| iv_498-iv_501 | 1849 | 4246 | 48 | 75 |
| iv_501-iv_503 | 1956 | 4160 | 48 | 69 |
| iv_497-iv_501 | 1986 | 4174 | 48 | 80 |
| iv_497-iv_500 | 2014 | 4322 | 45 | 85 |
| iv_499-iv_500 | 1990 | 4372 | 45 | 75 |
| iv_497-iv_499 | 1916 | 4372 | 45 | 86 |

### Input Bit Output Co-occurrences Sorted by Potential Output Occurrences

| Input Bits | Co-occurrences | Potential Occurrences | Output Co-occurrences | Potential Output Occurrences |
|:----------:|:--------------:|:---------------------:|:---------------------:|:----------------------------:|
| iv_498-iv_503 | 1850 | 4226 | 51 | 68 |
| iv_501-iv_503 | 1956 | 4160 | 48 | 69 |
| iv_498-iv_499 | 1863 | 4276 | 50 | 71 |
| iv_497-iv_506 | 1918 | 4192 | 51 | 72 |
| iv_499-iv_507 | 2008 | 4232 | 43 | 73 |
| iv_503-iv_507 | 1917 | 4338 | 42 | 74 |
| iv_498-iv_501 | 1849 | 4246 | 48 | 75 |
| iv_501-iv_508 | 1917 | 4332 | 43 | 75 |
| iv_499-iv_500 | 1990 | 4372 | 45 | 75 |
| iv_502-iv_507 | 1857 | 4219 | 36 | 75 |

## Output Bits

### Output Bits in Regular Order

| Rank | Output Bit | Complexity |
|:----:|:----------:|:----------:|
| 1 | ov_001 | 3.4518171689703033 × 10^297 |
| 2 | ov_002 | 2.993502428679256 × 10^297 |
| 3 | ov_003 | 2.582937853043969 × 10^297 |
| 4 | ov_004 | 2.2165053228437768 × 10^297 |
| 5 | ov_005 | 1.8907839949533105 × 10^297 |
| 6 | ov_006 | 1.602536235954408 × 10^297 |
| 7 | ov_007 | 1.348695371858464 × 10^297 |
| 8 | ov_008 | 1.1263551359335524 × 10^297 |
| 9 | ov_009 | 9.327606832364513 × 10^296 |
| 10 | ov_010 | 7.653010163467351 × 10^296 |
| 11 | ov_011 | 6.215026650123654 × 10^296 |
| 12 | ov_012 | 4.990244714008436 × 10^296 |
| 13 | ov_013 | 3.956533414662916 × 10^296 |
| 14 | ov_014 | 3.0930083162958888 × 10^296 |
| 15 | ov_015 | 2.38000448557844 × 10^296 |
| 16 | ov_016 | 1.7990554834663186 × 10^296 |
| 17 | ov_017 | 1.3328772987351374 × 10^296 |
| 18 | ov_018 | 9.653562551936602 × 10^295 |
| 19 | ov_019 | 6.815400085598037 × 10^295 |
| 20 | ov_020 | 4.676308723725259 × 10^295 |
| 21 | ov_021 | 3.109809094549857 × 10^295 |
| 22 | ov_022 | 2.0008840683905368 × 10^295 |
| 23 | ov_023 | 1.245954386444625 × 10^295 |
| 24 | ov_024 | 7.528626319679879 × 10^294 |
| 25 | ov_025 | 4.4086342450780534 × 10^294 |
| 26 | ov_026 | 2.4061804996286386 × 10^294 |
| 27 | ov_027 | 1.203083718668339 × 10^294 |
| 28 | ov_028 | 5.38179532628926 × 10^293 |
| 29 | ov_029 | 2.073180292215133 × 10^293 |
| 30 | ov_030 | 6.336308831063666 × 10^292 |
| 31 | ov_031 | 1.2355718486835836 × 10^292 |
| 32 | lv_80_m31 | 2.4089430004447278 × 10^291 |
| 33 | ov_033 | 2.8863313795882897 × 10^292 |
| 34 | ov_034 | 2.502678430233266 × 10^292 |
| 35 | ov_035 | 2.1594751149040208 × 10^292 |
| 36 | ov_036 | 1.8534322728971329 × 10^292 |
| 37 | ov_037 | 1.5814376244709142 × 10^292 |
| 38 | ov_038 | 1.3405433244061918 × 10^292 |
| 39 | ov_039 | 1.1279552181496727 × 10^292 |
| 40 | ov_040 | 9.410236333350908 × 10^291 |
| 41 | ov_041 | 7.772355496802596 × 10^291 |
| 42 | ov_042 | 6.35367722699446 × 10^291 |
| 43 | ov_043 | 5.142604296240279 × 10^291 |
| 44 | ov_044 | 4.117752544537457 × 10^291 |
| 45 | ov_045 | 3.258900857292159 × 10^291 |
| 46 | ov_046 | 2.546961466931311 × 10^291 |
| 47 | ov_047 | 1.9639565058180446 × 10^291 |
| 48 | ov_048 | 1.4929998387357377 × 10^291 |
| 49 | ov_049 | 1.1182832782282286 × 10^291 |
| 50 | ov_050 | 8.250663597173682 × 10^290 |
| 51 | ov_051 | 5.996689258700936 × 10^290 |
| 52 | ov_052 | 4.294658414217181 × 10^290 |
| 53 | ov_053 | 3.0288325995312715 × 10^290 |
| 54 | ov_054 | 2.0939601790672715 × 10^290 |
| 55 | ov_055 | 1.3952587147774128 × 10^290 |
| 56 | ov_056 | 8.879525370555471 × 10^289 |
| 57 | ov_057 | 5.324927164042347 × 10^289 |
| 58 | ov_058 | 2.945545311772854 × 10^289 |
| 59 | ov_059 | 1.4503612263025106 × 10^289 |
| 60 | ov_060 | 6.005787080296943 × 10^288 |
| 61 | ov_061 | 2.0962164410018127 × 10^288 |
| 62 | ov_062 | 5.745807160175354 × 10^287 |
| 63 | ov_063 | 1.1189537055787515 × 10^287 |
| 64 | lv_79_m31 | 2.178598120672419 × 10^286 |
| 65 | ov_065 | 2.5879029615638572 × 10^287 |
| 66 | ov_066 | 2.58789467555734 × 10^287 |
| 67 | ov_067 | 2.587892647535777 × 10^287 |
| 68 | ov_068 | 2.2340883254275335 × 10^287 |
| 69 | ov_069 | 1.9187882594772724 × 10^287 |
| 70 | ov_070 | 1.6388537532482342 × 10^287 |
| 71 | ov_071 | 1.3913392967121552 × 10^287 |
| 72 | ov_072 | 1.1734794843757122 × 10^287 |
| 73 | ov_073 | 9.82677088456718 × 10^286 |
| 74 | ov_074 | 8.164922262988779 × 10^286 |
| 75 | ov_075 | 6.726325635257554 × 10^286 |
| 76 | ov_076 | 5.489444963178848 × 10^286 |
| 77 | ov_077 | 4.434052577118178 × 10^286 |
| 78 | ov_078 | 3.541158940225002 × 10^286 |
| 79 | ov_079 | 2.792950584276523 × 10^286 |
| 80 | ov_080 | 2.172735694681257 × 10^286 |
| 81 | ov_081 | 1.664896827527415 × 10^286 |
| 82 | ov_082 | 1.2548502454755614 × 10^286 |
| 83 | ov_083 | 9.290113621154726 × 10^285 |
| 84 | ov_084 | 6.747657864177181 × 10^285 |
| 85 | ov_085 | 4.8044546032613426 × 10^285 |
| 86 | ov_086 | 3.3530938350983707 × 10^285 |
| 87 | ov_087 | 2.2952841993510704 × 10^285 |
| 88 | ov_088 | 1.5417368131863686 × 10^285 |
| 89 | ov_089 | 1.0120798275737855 × 10^285 |
| 90 | ov_090 | 6.347986595437193 × 10^284 |
| 91 | ov_091 | 3.7634431023774655 × 10^284 |
| 92 | ov_092 | 2.0756932461257373 × 10^284 |
| 93 | ov_093 | 1.0371932380404797 × 10^284 |
| 94 | ov_094 | 4.44288372188179 × 10^283 |
| 95 | aaa_78_28 | 1.3719598013168722 × 10^283 |
| 96 | aaa_78_29 | 4.213543651534299 × 10^282 |
| 97 | ov_097 | 2.783489213843432 × 10^282 |
| 98 | ov_098 | 2.783405020277147 × 10^282 |
| 99 | ov_099 | 2.783378095625155 × 10^282 |
| 100 | ov_100 | 2.5048751830418565 × 10^282 |
| 101 | ov_101 | 2.2469080870534815 × 10^282 |
| 102 | ov_102 | 2.0083495935159205 × 10^282 |
| 103 | ov_103 | 1.7881554118337345 × 10^282 |
| 104 | ov_104 | 1.5853532552324322 × 10^282 |
| 105 | ov_105 | 1.399032925770672 × 10^282 |
| 106 | ov_106 | 1.228337352882187 × 10^282 |
| 107 | ov_107 | 1.072454535978284 × 10^282 |
| 108 | ov_108 | 9.306103430182319 × 10^281 |
| 109 | ov_109 | 8.02062118020758 × 10^281 |
| 110 | ov_110 | 6.860930512928633 × 10^281 |
| 111 | ov_111 | 5.8200726673800465 × 10^281 |
| 112 | ov_112 | 4.891255810168092 × 10^281 |
| 113 | ov_113 | 4.0678188960879744 × 10^281 |
| 114 | ov_114 | 3.343201349987703 × 10^281 |
| 115 | ov_115 | 2.71091812318412 × 10^281 |
| 116 | ov_116 | 2.164539678388409 × 10^281 |
| 117 | ov_117 | 1.6976764575190737 × 10^281 |
| 118 | ov_118 | 1.3039673870702798 × 10^281 |
| 119 | ov_119 | 9.770716102933653 × 10^280 |
| 120 | ov_120 | 7.106623255803281 × 10^280 |
| 121 | ov_121 | 4.984220873460598 × 10^280 |
| 122 | ov_122 | 3.3403934696336266 × 10^280 |
| 123 | ov_123 | 2.1120601131984366 × 10^280 |
| 124 | ov_124 | 1.2361579656888493 × 10^280 |
| 125 | ov_125 | 6.49632087274972 × 10^279 |
| 126 | ov_126 | 2.894302394147323 × 10^279 |
| 127 | aaa_77_28 | 9.250089093831538 × 10^278 |
| 128 | aaa_77_29 | 3.471915535770244 × 10^278 |
| 129 | ov_129 | 3.180270261328284 × 10^278 |
| 130 | ov_130 | 3.1802606793183078 × 10^278 |
| 131 | ov_131 | 3.180258365079984 × 10^278 |
| 132 | ov_132 | 2.7595236555574107 × 10^278 |
| 133 | ov_133 | 2.3812634070736084 × 10^278 |
| 134 | ov_134 | 2.042040106063065 × 10^278 |
| 135 | ov_135 | 1.73859748311445 × 10^278 |
| 136 | ov_136 | 1.469350963173171 × 10^278 |
| 137 | ov_137 | 1.2327970727459916 × 10^278 |
| 138 | ov_138 | 1.026152474932148 × 10^278 |
| 139 | ov_139 | 8.467735417020945 × 10^277 |
| 140 | ov_140 | 6.921497850645261 × 10^277 |
| 141 | ov_141 | 5.598984862443645 × 10^277 |
| 142 | ov_142 | 4.47760374277881 × 10^277 |
| 143 | ov_143 | 3.535962140496481 × 10^277 |
| 144 | ov_144 | 2.753841723527879 × 10^277 |
| 145 | ov_145 | 2.112178390707037 × 10^277 |
| 146 | ov_146 | 1.5930478906941602 × 10^277 |
| 147 | ov_147 | 1.1796557886331744 × 10^277 |
| 148 | ov_148 | 8.563308057845899 × 10^276 |
| 149 | ov_149 | 6.085206418947017 × 10^276 |
| 150 | ov_150 | 4.227894745121704 × 10^276 |
| 151 | ov_151 | 2.8681644840423016 × 10^276 |
| 152 | ov_152 | 1.8939468021539377 × 10^276 |
| 153 | ov_153 | 1.2043055294157855 × 10^276 |
| 154 | ov_154 | 7.094322350702701 × 10^275 |
| 155 | ov_155 | 3.672041295907322 × 10^275 |
| 156 | aaa_76_25 | 1.4106012306759634 × 10^275 |
| 157 | aaa_76_26 | 8.1415784230165 × 10^274 |
| 158 | aaa_76_27 | 4.165052380905508 × 10^274 |
| 159 | aaa_76_28 | 1.6203905666517187 × 10^274 |
| 160 | aaa_76_29 | 4.923914737917282 × 10^273 |

### Output Bits Sorted by Complexity

| Rank | Output Bit | Complexity |
|:----:|:----------:|:----------:|
| 160 | aaa_76_29 | 4.923914737917282 × 10^273 |
| 159 | aaa_76_28 | 1.6203905666517187 × 10^274 |
| 158 | aaa_76_27 | 4.165052380905508 × 10^274 |
| 157 | aaa_76_26 | 8.1415784230165 × 10^274 |
| 156 | aaa_76_25 | 1.4106012306759634 × 10^275 |
| 155 | ov_155 | 3.672041295907322 × 10^275 |
| 154 | ov_154 | 7.094322350702701 × 10^275 |
| 153 | ov_153 | 1.2043055294157855 × 10^276 |
| 152 | ov_152 | 1.8939468021539377 × 10^276 |
| 151 | ov_151 | 2.8681644840423016 × 10^276 |
| 150 | ov_150 | 4.227894745121704 × 10^276 |
| 149 | ov_149 | 6.085206418947017 × 10^276 |
| 148 | ov_148 | 8.563308057845899 × 10^276 |
| 147 | ov_147 | 1.1796557886331744 × 10^277 |
| 146 | ov_146 | 1.5930478906941602 × 10^277 |
| 145 | ov_145 | 2.112178390707037 × 10^277 |
| 144 | ov_144 | 2.753841723527879 × 10^277 |
| 143 | ov_143 | 3.535962140496481 × 10^277 |
| 142 | ov_142 | 4.47760374277881 × 10^277 |
| 141 | ov_141 | 5.598984862443645 × 10^277 |
| 140 | ov_140 | 6.921497850645261 × 10^277 |
| 139 | ov_139 | 8.467735417020945 × 10^277 |
| 138 | ov_138 | 1.026152474932148 × 10^278 |
| 137 | ov_137 | 1.2327970727459916 × 10^278 |
| 136 | ov_136 | 1.469350963173171 × 10^278 |
| 135 | ov_135 | 1.73859748311445 × 10^278 |
| 134 | ov_134 | 2.042040106063065 × 10^278 |
| 133 | ov_133 | 2.3812634070736084 × 10^278 |
| 132 | ov_132 | 2.7595236555574107 × 10^278 |
| 131 | ov_131 | 3.180258365079984 × 10^278 |
| 130 | ov_130 | 3.1802606793183078 × 10^278 |
| 129 | ov_129 | 3.180270261328284 × 10^278 |
| 128 | aaa_77_29 | 3.471915535770244 × 10^278 |
| 127 | aaa_77_28 | 9.250089093831538 × 10^278 |
| 126 | ov_126 | 2.894302394147323 × 10^279 |
| 125 | ov_125 | 6.49632087274972 × 10^279 |
| 124 | ov_124 | 1.2361579656888493 × 10^280 |
| 123 | ov_123 | 2.1120601131984366 × 10^280 |
| 122 | ov_122 | 3.3403934696336266 × 10^280 |
| 121 | ov_121 | 4.984220873460598 × 10^280 |
| 120 | ov_120 | 7.106623255803281 × 10^280 |
| 119 | ov_119 | 9.770716102933653 × 10^280 |
| 118 | ov_118 | 1.3039673870702798 × 10^281 |
| 117 | ov_117 | 1.6976764575190737 × 10^281 |
| 116 | ov_116 | 2.164539678388409 × 10^281 |
| 115 | ov_115 | 2.71091812318412 × 10^281 |
| 114 | ov_114 | 3.343201349987703 × 10^281 |
| 113 | ov_113 | 4.0678188960879744 × 10^281 |
| 112 | ov_112 | 4.891255810168092 × 10^281 |
| 111 | ov_111 | 5.8200726673800465 × 10^281 |
| 110 | ov_110 | 6.860930512928633 × 10^281 |
| 109 | ov_109 | 8.02062118020758 × 10^281 |
| 108 | ov_108 | 9.306103430182319 × 10^281 |
| 107 | ov_107 | 1.072454535978284 × 10^282 |
| 106 | ov_106 | 1.228337352882187 × 10^282 |
| 105 | ov_105 | 1.399032925770672 × 10^282 |
| 104 | ov_104 | 1.5853532552324322 × 10^282 |
| 103 | ov_103 | 1.7881554118337345 × 10^282 |
| 102 | ov_102 | 2.0083495935159205 × 10^282 |
| 101 | ov_101 | 2.2469080870534815 × 10^282 |
| 100 | ov_100 | 2.5048751830418565 × 10^282 |
| 99 | ov_099 | 2.783378095625155 × 10^282 |
| 98 | ov_098 | 2.783405020277147 × 10^282 |
| 97 | ov_097 | 2.783489213843432 × 10^282 |
| 96 | aaa_78_29 | 4.213543651534299 × 10^282 |
| 95 | aaa_78_28 | 1.3719598013168722 × 10^283 |
| 94 | ov_094 | 4.44288372188179 × 10^283 |
| 93 | ov_093 | 1.0371932380404797 × 10^284 |
| 92 | ov_092 | 2.0756932461257373 × 10^284 |
| 91 | ov_091 | 3.7634431023774655 × 10^284 |
| 90 | ov_090 | 6.347986595437193 × 10^284 |
| 89 | ov_089 | 1.0120798275737855 × 10^285 |
| 88 | ov_088 | 1.5417368131863686 × 10^285 |
| 87 | ov_087 | 2.2952841993510704 × 10^285 |
| 86 | ov_086 | 3.3530938350983707 × 10^285 |
| 85 | ov_085 | 4.8044546032613426 × 10^285 |
| 84 | ov_084 | 6.747657864177181 × 10^285 |
| 83 | ov_083 | 9.290113621154726 × 10^285 |
| 82 | ov_082 | 1.2548502454755614 × 10^286 |
| 81 | ov_081 | 1.664896827527415 × 10^286 |
| 80 | ov_080 | 2.172735694681257 × 10^286 |
| 64 | lv_79_m31 | 2.178598120672419 × 10^286 |
| 79 | ov_079 | 2.792950584276523 × 10^286 |
| 78 | ov_078 | 3.541158940225002 × 10^286 |
| 77 | ov_077 | 4.434052577118178 × 10^286 |
| 76 | ov_076 | 5.489444963178848 × 10^286 |
| 75 | ov_075 | 6.726325635257554 × 10^286 |
| 74 | ov_074 | 8.164922262988779 × 10^286 |
| 73 | ov_073 | 9.82677088456718 × 10^286 |
| 63 | ov_063 | 1.1189537055787515 × 10^287 |
| 72 | ov_072 | 1.1734794843757122 × 10^287 |
| 71 | ov_071 | 1.3913392967121552 × 10^287 |
| 70 | ov_070 | 1.6388537532482342 × 10^287 |
| 69 | ov_069 | 1.9187882594772724 × 10^287 |
| 68 | ov_068 | 2.2340883254275335 × 10^287 |
| 67 | ov_067 | 2.587892647535777 × 10^287 |
| 66 | ov_066 | 2.58789467555734 × 10^287 |
| 65 | ov_065 | 2.5879029615638572 × 10^287 |
| 62 | ov_062 | 5.745807160175354 × 10^287 |
| 61 | ov_061 | 2.0962164410018127 × 10^288 |
| 60 | ov_060 | 6.005787080296943 × 10^288 |
| 59 | ov_059 | 1.4503612263025106 × 10^289 |
| 58 | ov_058 | 2.945545311772854 × 10^289 |
| 57 | ov_057 | 5.324927164042347 × 10^289 |
| 56 | ov_056 | 8.879525370555471 × 10^289 |
| 55 | ov_055 | 1.3952587147774128 × 10^290 |
| 54 | ov_054 | 2.0939601790672715 × 10^290 |
| 53 | ov_053 | 3.0288325995312715 × 10^290 |
| 52 | ov_052 | 4.294658414217181 × 10^290 |
| 51 | ov_051 | 5.996689258700936 × 10^290 |
| 50 | ov_050 | 8.250663597173682 × 10^290 |
| 49 | ov_049 | 1.1182832782282286 × 10^291 |
| 48 | ov_048 | 1.4929998387357377 × 10^291 |
| 47 | ov_047 | 1.9639565058180446 × 10^291 |
| 32 | lv_80_m31 | 2.4089430004447278 × 10^291 |
| 46 | ov_046 | 2.546961466931311 × 10^291 |
| 45 | ov_045 | 3.258900857292159 × 10^291 |
| 44 | ov_044 | 4.117752544537457 × 10^291 |
| 43 | ov_043 | 5.142604296240279 × 10^291 |
| 42 | ov_042 | 6.35367722699446 × 10^291 |
| 41 | ov_041 | 7.772355496802596 × 10^291 |
| 40 | ov_040 | 9.410236333350908 × 10^291 |
| 39 | ov_039 | 1.1279552181496727 × 10^292 |
| 31 | ov_031 | 1.2355718486835836 × 10^292 |
| 38 | ov_038 | 1.3405433244061918 × 10^292 |
| 37 | ov_037 | 1.5814376244709142 × 10^292 |
| 36 | ov_036 | 1.8534322728971329 × 10^292 |
| 35 | ov_035 | 2.1594751149040208 × 10^292 |
| 34 | ov_034 | 2.502678430233266 × 10^292 |
| 33 | ov_033 | 2.8863313795882897 × 10^292 |
| 30 | ov_030 | 6.336308831063666 × 10^292 |
| 29 | ov_029 | 2.073180292215133 × 10^293 |
| 28 | ov_028 | 5.38179532628926 × 10^293 |
| 27 | ov_027 | 1.203083718668339 × 10^294 |
| 26 | ov_026 | 2.4061804996286386 × 10^294 |
| 25 | ov_025 | 4.4086342450780534 × 10^294 |
| 24 | ov_024 | 7.528626319679879 × 10^294 |
| 23 | ov_023 | 1.245954386444625 × 10^295 |
| 22 | ov_022 | 2.0008840683905368 × 10^295 |
| 21 | ov_021 | 3.109809094549857 × 10^295 |
| 20 | ov_020 | 4.676308723725259 × 10^295 |
| 19 | ov_019 | 6.815400085598037 × 10^295 |
| 18 | ov_018 | 9.653562551936602 × 10^295 |
| 17 | ov_017 | 1.3328772987351374 × 10^296 |
| 16 | ov_016 | 1.7990554834663186 × 10^296 |
| 15 | ov_015 | 2.38000448557844 × 10^296 |
| 14 | ov_014 | 3.0930083162958888 × 10^296 |
| 13 | ov_013 | 3.956533414662916 × 10^296 |
| 12 | ov_012 | 4.990244714008436 × 10^296 |
| 11 | ov_011 | 6.215026650123654 × 10^296 |
| 10 | ov_010 | 7.653010163467351 × 10^296 |
| 9 | ov_009 | 9.327606832364513 × 10^296 |
| 8 | ov_008 | 1.1263551359335524 × 10^297 |
| 7 | ov_007 | 1.348695371858464 × 10^297 |
| 6 | ov_006 | 1.602536235954408 × 10^297 |
| 5 | ov_005 | 1.8907839949533105 × 10^297 |
| 4 | ov_004 | 2.2165053228437768 × 10^297 |
| 3 | ov_003 | 2.582937853043969 × 10^297 |
| 2 | ov_002 | 2.993502428679256 × 10^297 |
| 1 | ov_001 | 3.4518171689703033 × 10^297 |

