# Results for F001-F002-F003-F004-F005-F006-F007-F008-F009-F010-F011-F012-F013-F014-F015-F016-F017-F018-F019-F020-F021-F022-F023-F024-F025-F026-F027-F028-F029-F030-F031-F032-F033-F034-F035-F036-F037-F038-F039-F040-F041-F042-F043-F044-F045-F046-F047-F048-F049-F050-F051-F052-F053-F054-F055-F056-F057-F058-F059-F060-F061-F062-F063-F064-F065-F066-F067-F068-F069-F070-F071-F072-F073-F074-F075-F076-F077-F078-F079-F080-F081-F082-F083-F084-F085-F086-F087-F088-F089-F090-F091-F092-F093-F094-F095-F096-F097-F098-F099-F100-F101-F102-F103-F104-F105-F106-F107-F108-F109-F110-F111-F112-F113-F114-F115-F116-F117-F118-F119-F120-F121-F122-F123-F124-F125-F126-F127-F128-F129-F130-F131-F132-F133-F134-F135-F136-F137-F138-F139-F140-F141-F142-F143-F144-F145-F146-F147-F148-F149-F150-F151-F152-F153-F154-F155-F156-F157-F158-F159-F160-F161-F162-F163-F164-F165-F166-F167-F168-F169-F170-F171-F172-F173-F174-F175-F176-F177-F178-F179-F180-F181-F182-F183-F184-F185-F186-F187-F188-F189-F190-F191-F192-F193-F194-F195-F196-F197-F198-F199-F200-F201-F202-F203-F204-F205-F206-F207-F208-F209-F210-F211-F212-F213-F214-F215-F216-F217-F218-F219-F220-F221-F222-F223-F224-F225-F226-F227-F228-F229-F230-F231-F232-F233-F234-F235-F236-F237-F238-F239-F240-F241-F242-F243-F244-F245-F246-F247-F248-F249-F250-F251-F252-F253-F254-F255-F256-F257-F258-F259-F260-F261-F262-F263-F264-F265-F266-F267-F268-F269-F270-F271-F272-F273-F274-F275-F276-F277-F278-F279-F280-F281-F282-F283-F284-F285-F286-F287-F288-F289-F290-F291-F292-F293-F294-F295-F296-F297-F298-F299-F300-F301-F302-F303-F304-F305-F306-F307-F308-F309-F310-F311-F312-F313-F314-F315-F316-F317-F318-F319-F320-F321-F322-F323-F324-F325-F326-F327-F328-F329-F330-F331-F332-F333-F334-F335-F336-F337-F338-F339-F340-F341-F342-F343-F344-F345-F346-F347-F348-F349-F350-F351-F352-F353-F354-F355-F356-F357-F358-F359-F360-F361-F362-F363-F364-F365-F366-F367-F368-F369-F370-F371-F372-F373-F374-F375-F376-F377-F378-F379-F380-F381-F382-F383-F384-F385-F386-F387-F388-F389-F390-F391-F392-F393-F394-F395-F396-F397-F398-F399-F400-F401-F402-F403-F404-F405-F406-F407-F408-F409-F410-F411-F412-F413-F414-F415-F416-F417-F418-F419-F420-F421-F422-F423-F424-F425-F426-F427-F428-F429-F430-F431-F432-F433-F434-F435-F436-F437-F438-F439-F440-F441-F442-F443-F444-F445-F446-F447-F448-F449-F450-F451-F452-F453-F454-F455-F456-F457-F458-F459-F460-F461-F462-F463-F464-F465-F466-F467-F468-F469-F470-F471-F472-F473-F474-F475-F476-F477-F478-F479-F480-F481-F482-F483-F484-F485-F486-F487-F488-F489-F490-F491-F492-F493-F494-F495-F496-T500-F505-F509-F510-F511-F512

## Summary

Number of input bits: 512  
Number of free input bits: 10  
Number of output bits: 160

Number of direct occurrences: 40948  
Number of assignments: 31025  
Number of operations: 11183086
(xor: 11154912,
and: 14914,
or: 13260)

Total complexity: 1.9688270372664399 × 10^301

Least occurring input variable: iv_498 (3937)  
Most occurring input variable: iv_508 (4202)

Most co-occurring input variables: iv_501-iv_502 (2083)  
Least co-occurring input variables: iv_498-iv_499 (1804)

Potentially most occurring input variable: iv_497/iv_508 (4580)  
Potentially least occurring input variable: iv_501/iv_502 (4119)

Least output occurring input variable: iv_501 (69)  
Most output occurring input variable: iv_506 (81)

Most output co-occurring input variables: iv_497-iv_508 (44)  
Least output co-occurring input variables: iv_501-iv_502 (29)

Potentially most output occurring input variable: iv_503/iv_508 (94)  
Potentially least output occurring input variable: iv_498/iv_502 (68)

Least complex input bit: iv_497 (9.630359804281921 × 10^298)  
Most complex input bit: iv_508 (6.080058441911231 × 10^300)

Least complex output bit: aaa_76_29 (2.3888645579521848 × 10^276)  
Most complex output bit: ov_001 (3.149600449178769 × 10^300)

Least complex input/output complexity: iv_497/aaa_76_29 (1.1684939703346382 × 10^274)  
Most complex input/output complexity: iv_508/ov_001 (9.72647898327559 × 10^299)

## Input Bits

### Input Bits in Regular Order

| Input Bit | Complexity | Occurrences | Output Occurrences |
|:---------:|:----------:|:-----------:|:------------------:|
| iv_497 | 9.630359804281921 × 10^298 | 4128 | 80 |
| iv_498 | 1.3592417490846617 × 10^299 | 3937 | 79 |
| iv_499 | 2.295433070632151 × 10^299 | 4005 | 75 |
| iv_501 | 1.025335169519947 × 10^300 | 4114 | 69 |
| iv_502 | 2.047256704399306 × 10^300 | 4171 | 73 |
| iv_503 | 1.5949431320939456 × 10^300 | 4171 | 79 |
| iv_504 | 8.207874677736615 × 10^299 | 4021 | 78 |
| iv_506 | 2.755941668433818 × 10^300 | 3997 | 81 |
| iv_507 | 4.902176708517998 × 10^300 | 4202 | 79 |
| iv_508 | 6.080058441911231 × 10^300 | 4202 | 77 |

### Input Bits Sorted by Complexity

| Input Bit | Complexity | Occurrences | Output Occurrences |
|:---------:|:----------:|:-----------:|:------------------:|
| iv_497 | 9.630359804281921 × 10^298 | 4128 | 80 |
| iv_498 | 1.3592417490846617 × 10^299 | 3937 | 79 |
| iv_499 | 2.295433070632151 × 10^299 | 4005 | 75 |
| iv_504 | 8.207874677736615 × 10^299 | 4021 | 78 |
| iv_501 | 1.025335169519947 × 10^300 | 4114 | 69 |
| iv_503 | 1.5949431320939456 × 10^300 | 4171 | 79 |
| iv_502 | 2.047256704399306 × 10^300 | 4171 | 73 |
| iv_506 | 2.755941668433818 × 10^300 | 3997 | 81 |
| iv_507 | 4.902176708517998 × 10^300 | 4202 | 79 |
| iv_508 | 6.080058441911231 × 10^300 | 4202 | 77 |

### Input Bits Sorted by Occurrences

| Input Bit | Complexity | Occurrences | Output Occurrences |
|:---------:|:----------:|:-----------:|:------------------:|
| iv_498 | 1.3592417490846617 × 10^299 | 3937 | 79 |
| iv_506 | 2.755941668433818 × 10^300 | 3997 | 81 |
| iv_499 | 2.295433070632151 × 10^299 | 4005 | 75 |
| iv_504 | 8.207874677736615 × 10^299 | 4021 | 78 |
| iv_501 | 1.025335169519947 × 10^300 | 4114 | 69 |
| iv_497 | 9.630359804281921 × 10^298 | 4128 | 80 |
| iv_502 | 2.047256704399306 × 10^300 | 4171 | 73 |
| iv_503 | 1.5949431320939456 × 10^300 | 4171 | 79 |
| iv_507 | 4.902176708517998 × 10^300 | 4202 | 79 |
| iv_508 | 6.080058441911231 × 10^300 | 4202 | 77 |

### Input Bits Sorted by Output Occurrences

| Input Bit | Complexity | Occurrences | Output Occurrences |
|:---------:|:----------:|:-----------:|:------------------:|
| iv_501 | 1.025335169519947 × 10^300 | 4114 | 69 |
| iv_502 | 2.047256704399306 × 10^300 | 4171 | 73 |
| iv_499 | 2.295433070632151 × 10^299 | 4005 | 75 |
| iv_508 | 6.080058441911231 × 10^300 | 4202 | 77 |
| iv_504 | 8.207874677736615 × 10^299 | 4021 | 78 |
| iv_498 | 1.3592417490846617 × 10^299 | 3937 | 79 |
| iv_503 | 1.5949431320939456 × 10^300 | 4171 | 79 |
| iv_507 | 4.902176708517998 × 10^300 | 4202 | 79 |
| iv_497 | 9.630359804281921 × 10^298 | 4128 | 80 |
| iv_506 | 2.755941668433818 × 10^300 | 3997 | 81 |

## Input Bit Co-occurrences

### Input Bit Co-occurrences Sorted by Co-occurrences

| Input Bits | Co-occurrences | Potential Occurrences | Output Co-occurrences | Potential Output Occurrences |
|:----------:|:--------------:|:---------------------:|:---------------------:|:----------------------------:|
| iv_501-iv_502 | 2083 | 4119 | 29 | 84 |
| iv_502-iv_503 | 2055 | 4232 | 32 | 88 |
| iv_507-iv_508 | 2050 | 4304 | 37 | 82 |
| iv_501-iv_507 | 2018 | 4280 | 32 | 84 |
| iv_499-iv_502 | 1995 | 4186 | 34 | 80 |
| iv_499-iv_507 | 1995 | 4217 | 39 | 76 |
| iv_502-iv_507 | 1991 | 4391 | 36 | 80 |
| iv_497-iv_503 | 1985 | 4329 | 38 | 83 |
| iv_501-iv_508 | 1985 | 4346 | 35 | 76 |
| iv_502-iv_508 | 1980 | 4413 | 38 | 74 |

### Input Bit Co-occurrences Sorted by Potential Occurrences

| Input Bits | Co-occurrences | Potential Occurrences | Output Co-occurrences | Potential Output Occurrences |
|:----------:|:--------------:|:---------------------:|:---------------------:|:----------------------------:|
| iv_501-iv_502 | 2083 | 4119 | 29 | 84 |
| iv_497-iv_499 | 1978 | 4177 | 36 | 83 |
| iv_499-iv_502 | 1995 | 4186 | 34 | 80 |
| iv_499-iv_501 | 1966 | 4187 | 32 | 80 |
| iv_499-iv_507 | 1995 | 4217 | 39 | 76 |
| iv_502-iv_503 | 2055 | 4232 | 32 | 88 |
| iv_501-iv_504 | 1950 | 4235 | 29 | 89 |
| iv_501-iv_506 | 1937 | 4237 | 37 | 76 |
| iv_498-iv_504 | 1855 | 4248 | 35 | 87 |
| iv_506-iv_507 | 1975 | 4249 | 40 | 80 |

### Input Bit Output Co-occurrences Sorted by Output Co-occurrences

| Input Bits | Co-occurrences | Potential Occurrences | Output Co-occurrences | Potential Output Occurrences |
|:----------:|:--------------:|:---------------------:|:---------------------:|:----------------------------:|
| iv_504-iv_506 | 1884 | 4250 | 44 | 71 |
| iv_497-iv_508 | 1875 | 4580 | 44 | 69 |
| iv_498-iv_503 | 1860 | 4388 | 43 | 72 |
| iv_503-iv_506 | 1918 | 4332 | 43 | 74 |
| iv_497-iv_507 | 1969 | 4392 | 43 | 73 |
| iv_498-iv_502 | 1873 | 4362 | 42 | 68 |
| iv_498-iv_508 | 1894 | 4351 | 42 | 72 |
| iv_497-iv_506 | 1919 | 4287 | 42 | 77 |
| iv_498-iv_506 | 1833 | 4268 | 42 | 76 |
| iv_497-iv_498 | 1864 | 4337 | 42 | 75 |

### Input Bit Output Co-occurrences Sorted by Potential Output Occurrences

| Input Bits | Co-occurrences | Potential Occurrences | Output Co-occurrences | Potential Output Occurrences |
|:----------:|:--------------:|:---------------------:|:---------------------:|:----------------------------:|
| iv_498-iv_502 | 1873 | 4362 | 42 | 68 |
| iv_497-iv_508 | 1875 | 4580 | 44 | 69 |
| iv_504-iv_506 | 1884 | 4250 | 44 | 71 |
| iv_498-iv_503 | 1860 | 4388 | 43 | 72 |
| iv_498-iv_508 | 1894 | 4351 | 42 | 72 |
| iv_497-iv_507 | 1969 | 4392 | 43 | 73 |
| iv_502-iv_508 | 1980 | 4413 | 38 | 74 |
| iv_503-iv_506 | 1918 | 4332 | 43 | 74 |
| iv_502-iv_504 | 1955 | 4282 | 38 | 75 |
| iv_497-iv_498 | 1864 | 4337 | 42 | 75 |

## Output Bits

### Output Bits in Regular Order

| Rank | Output Bit | Complexity |
|:----:|:----------:|:----------:|
| 1 | ov_001 | 3.149600449178769 × 10^300 |
| 2 | ov_002 | 2.7313092950346628 × 10^300 |
| 3 | ov_003 | 2.3566249116798557 × 10^300 |
| 4 | ov_004 | 2.0222382774102872 × 10^300 |
| 5 | ov_005 | 1.7250212098807313 × 10^300 |
| 6 | ov_006 | 1.4620135433720125 × 10^300 |
| 7 | ov_007 | 1.230411959325117 × 10^300 |
| 8 | ov_008 | 1.0275603552670278 × 10^300 |
| 9 | ov_009 | 8.509416242041123 × 10^299 |
| 10 | ov_010 | 6.981706930832383 × 10^299 |
| 11 | ov_011 | 5.669886756555836 × 10^299 |
| 12 | ov_012 | 4.552580207870799 × 10^299 |
| 13 | ov_013 | 3.6095854583347065 × 10^299 |
| 14 | ov_014 | 2.8218423617514435 × 10^299 |
| 15 | ov_015 | 2.1714069187676433 × 10^299 |
| 16 | ov_016 | 1.641431166175449 × 10^299 |
| 17 | ov_017 | 1.216147640630583 × 10^299 |
| 18 | ov_018 | 8.808576505338443 × 10^298 |
| 19 | ov_019 | 6.219225537576875 × 10^298 |
| 20 | ov_020 | 4.267573001397583 × 10^298 |
| 21 | ov_021 | 2.838256897174918 × 10^298 |
| 22 | ov_022 | 1.8263697439930937 × 10^298 |
| 23 | ov_023 | 1.1374351511414466 × 10^298 |
| 24 | ov_024 | 6.873924718521816 × 10^297 |
| 25 | ov_025 | 4.0258747371029304 × 10^297 |
| 26 | ov_026 | 2.1976728351145614 × 10^297 |
| 27 | ov_027 | 1.0990538901791532 × 10^297 |
| 28 | ov_028 | 4.917445575735282 × 10^296 |
| 29 | ov_029 | 1.8946105787794934 × 10^296 |
| 30 | ov_030 | 5.790859376007651 × 10^295 |
| 31 | ov_031 | 1.1290357305883097 × 10^295 |
| 32 | lv_80_m31 | 2.2003885191139907 × 10^294 |
| 33 | ov_033 | 2.6440157975315375 × 10^295 |
| 34 | ov_034 | 2.2949296211729708 × 10^295 |
| 35 | ov_035 | 1.9823899656720877 × 10^295 |
| 36 | ov_036 | 1.7031948040209732 × 10^295 |
| 37 | ov_037 | 1.4543144811312568 × 10^295 |
| 38 | ov_038 | 1.2342756292056762 × 10^295 |
| 39 | ov_039 | 1.0403584259068135 × 10^295 |
| 40 | ov_040 | 8.699836800111264 × 10^294 |
| 41 | ov_041 | 7.20705163164542 × 10^294 |
| 42 | ov_042 | 5.913321233753947 × 10^294 |
| 43 | ov_043 | 4.807355894371699 × 10^294 |
| 44 | ov_044 | 3.868336512309915 × 10^294 |
| 45 | ov_045 | 3.076574852495766 × 10^294 |
| 46 | ov_046 | 2.413484697782297 × 10^294 |
| 47 | ov_047 | 1.870045253530561 × 10^294 |
| 48 | ov_048 | 1.4298114210837421 × 10^294 |
| 49 | ov_049 | 1.0773866819578969 × 10^294 |
| 50 | ov_050 | 7.984133555843921 × 10^293 |
| 51 | ov_051 | 5.7956559193197976 × 10^293 |
| 52 | ov_052 | 4.144376965101457 × 10^293 |
| 53 | ov_053 | 2.9175413918812152 × 10^293 |
| 54 | ov_054 | 2.012604439130871 × 10^293 |
| 55 | ov_055 | 1.3372160286024571 × 10^293 |
| 56 | ov_056 | 8.477482341137229 × 10^292 |
| 57 | ov_057 | 5.056635585878516 × 10^292 |
| 58 | ov_058 | 2.7751278566427016 × 10^292 |
| 59 | ov_059 | 1.3493387270328951 × 10^292 |
| 60 | ov_060 | 5.4651453013998943 × 10^291 |
| 61 | ov_061 | 1.8476657893743842 × 10^291 |
| 62 | ov_062 | 4.9475296780387335 × 10^290 |
| 63 | ov_063 | 1.093871287856574 × 10^290 |
| 64 | lv_79_m31 | 2.1303706140858976 × 10^289 |
| 65 | ov_065 | 2.523547453369207 × 10^290 |
| 66 | ov_066 | 2.5235413915028605 × 10^290 |
| 67 | ov_067 | 2.5235399718658252 × 10^290 |
| 68 | ov_068 | 2.1799715032835674 × 10^290 |
| 69 | ov_069 | 1.873120584202913 × 10^290 |
| 70 | ov_070 | 1.6001710626035473 × 10^290 |
| 71 | ov_071 | 1.3584480207579228 × 10^290 |
| 72 | ov_072 | 1.1454109592183036 × 10^290 |
| 73 | ov_073 | 9.586478931735353 × 10^289 |
| 74 | ov_074 | 7.958700528964283 × 10^289 |
| 75 | ov_075 | 6.549070909794221 × 10^289 |
| 76 | ov_076 | 5.337027686630086 × 10^289 |
| 77 | ov_077 | 4.303110942993144 × 10^289 |
| 78 | ov_078 | 3.4289288757844343 × 10^289 |
| 79 | ov_079 | 2.697127436012544 × 10^289 |
| 80 | ov_080 | 2.0913637123026877 × 10^289 |
| 81 | ov_081 | 1.5962828041046486 × 10^289 |
| 82 | ov_082 | 1.1974979334213042 × 10^289 |
| 83 | ov_083 | 8.815735452513309 × 10^288 |
| 84 | ov_084 | 6.360111479174955 × 10^288 |
| 85 | ov_085 | 4.4923764514030413 × 10^288 |
| 86 | ov_086 | 3.105959121895764 × 10^288 |
| 87 | ov_087 | 2.1033736875841604 × 10^288 |
| 88 | ov_088 | 1.39616301399006 × 10^288 |
| 89 | ov_089 | 9.048568847322053 × 10^287 |
| 90 | ov_090 | 5.589428063135291 × 10^287 |
| 91 | ov_091 | 3.2540102083291562 × 10^287 |
| 92 | ov_092 | 1.7567740606909134 × 10^287 |
| 93 | ov_093 | 8.567934495688718 × 10^286 |
| 94 | ov_094 | 3.5773693965084927 × 10^286 |
| 95 | aaa_78_28 | 1.0785952801364519 × 10^286 |
| 96 | aaa_78_29 | 3.1932433853477995 × 10^285 |
| 97 | ov_097 | 1.9889604639892986 × 10^285 |
| 98 | ov_098 | 1.9889194843512517 × 10^285 |
| 99 | ov_099 | 1.9889063792135856 × 10^285 |
| 100 | ov_100 | 1.63763742948879 × 10^285 |
| 101 | ov_101 | 1.3532194719920975 × 10^285 |
| 102 | ov_102 | 1.125609199688088 × 10^285 |
| 103 | ov_103 | 9.453136759373778 × 10^284 |
| 104 | ov_104 | 8.033499723212934 × 10^284 |
| 105 | ov_105 | 6.912101216576653 × 10^284 |
| 106 | ov_106 | 6.008308973257607 × 10^284 |
| 107 | ov_107 | 5.2456795484626076 × 10^284 |
| 108 | ov_108 | 4.551738956702795 × 10^284 |
| 109 | ov_109 | 3.922855235295256 × 10^284 |
| 110 | ov_110 | 3.3555222075157807 × 10^284 |
| 111 | ov_111 | 2.8463355698766045 × 10^284 |
| 112 | ov_112 | 2.391972250251962 × 10^284 |
| 113 | ov_113 | 1.989172817930984 × 10^284 |
| 114 | ov_114 | 1.6347267275374938 × 10^284 |
| 115 | ov_115 | 1.3254601792894484 × 10^284 |
| 116 | ov_116 | 1.0582263783973786 × 10^284 |
| 117 | ov_117 | 8.29897976612049 × 10^283 |
| 118 | ov_118 | 6.373614790768921 × 10^283 |
| 119 | ov_119 | 4.775132218007255 × 10^283 |
| 120 | ov_120 | 3.472563742689473 × 10^283 |
| 121 | ov_121 | 2.4349865384265323 × 10^283 |
| 122 | ov_122 | 1.631506436313011 × 10^283 |
| 123 | ov_123 | 1.0312460553714423 × 10^283 |
| 124 | ov_124 | 6.033368017122384 × 10^282 |
| 125 | ov_125 | 3.169139161678619 × 10^282 |
| 126 | ov_126 | 1.4111395047188723 × 10^282 |
| 127 | aaa_77_28 | 4.507379949110207 × 10^281 |
| 128 | aaa_77_29 | 1.6906132115470704 × 10^281 |
| 129 | ov_129 | 1.552240862494572 × 10^281 |
| 130 | ov_130 | 1.552236215909624 × 10^281 |
| 131 | ov_131 | 1.5522350943424776 × 10^281 |
| 132 | ov_132 | 1.3452777995107647 × 10^281 |
| 133 | ov_133 | 1.1597156031365474 × 10^281 |
| 134 | ov_134 | 9.93878787351701 × 10^280 |
| 135 | ov_135 | 8.461851602459333 × 10^280 |
| 136 | ov_136 | 7.15133783571319 × 10^280 |
| 137 | ov_137 | 5.999937781815857 × 10^280 |
| 138 | ov_138 | 4.9941149272254665 × 10^280 |
| 139 | ov_139 | 4.1210088094951974 × 10^280 |
| 140 | ov_140 | 3.368403823406139 × 10^280 |
| 141 | ov_141 | 2.7247038271659315 × 10^280 |
| 142 | ov_142 | 2.1789118042085036 × 10^280 |
| 143 | ov_143 | 1.720613879326761 × 10^280 |
| 144 | ov_144 | 1.3399670307533442 × 10^280 |
| 145 | ov_145 | 1.0276898824804829 × 10^280 |
| 146 | ov_146 | 7.750560036512324 × 10^279 |
| 147 | ov_147 | 5.738891843052172 × 10^279 |
| 148 | ov_148 | 4.165602243775555 × 10^279 |
| 149 | ov_149 | 2.959848656459434 × 10^279 |
| 150 | ov_150 | 2.0562253862135813 × 10^279 |
| 151 | ov_151 | 1.394756054998894 × 10^279 |
| 152 | ov_152 | 9.208886126841683 × 10^278 |
| 153 | ov_153 | 5.8549180025308886 × 10^278 |
| 154 | ov_154 | 3.4485268087649264 × 10^278 |
| 155 | ov_155 | 1.7846911144683656 × 10^278 |
| 156 | aaa_76_25 | 6.854702170403564 × 10^277 |
| 157 | aaa_76_26 | 3.9550808762362835 × 10^277 |
| 158 | aaa_76_27 | 2.022599722793316 × 10^277 |
| 159 | aaa_76_28 | 7.865148521504456 × 10^276 |
| 160 | aaa_76_29 | 2.3888645579521848 × 10^276 |

### Output Bits Sorted by Complexity

| Rank | Output Bit | Complexity |
|:----:|:----------:|:----------:|
| 160 | aaa_76_29 | 2.3888645579521848 × 10^276 |
| 159 | aaa_76_28 | 7.865148521504456 × 10^276 |
| 158 | aaa_76_27 | 2.022599722793316 × 10^277 |
| 157 | aaa_76_26 | 3.9550808762362835 × 10^277 |
| 156 | aaa_76_25 | 6.854702170403564 × 10^277 |
| 155 | ov_155 | 1.7846911144683656 × 10^278 |
| 154 | ov_154 | 3.4485268087649264 × 10^278 |
| 153 | ov_153 | 5.8549180025308886 × 10^278 |
| 152 | ov_152 | 9.208886126841683 × 10^278 |
| 151 | ov_151 | 1.394756054998894 × 10^279 |
| 150 | ov_150 | 2.0562253862135813 × 10^279 |
| 149 | ov_149 | 2.959848656459434 × 10^279 |
| 148 | ov_148 | 4.165602243775555 × 10^279 |
| 147 | ov_147 | 5.738891843052172 × 10^279 |
| 146 | ov_146 | 7.750560036512324 × 10^279 |
| 145 | ov_145 | 1.0276898824804829 × 10^280 |
| 144 | ov_144 | 1.3399670307533442 × 10^280 |
| 143 | ov_143 | 1.720613879326761 × 10^280 |
| 142 | ov_142 | 2.1789118042085036 × 10^280 |
| 141 | ov_141 | 2.7247038271659315 × 10^280 |
| 140 | ov_140 | 3.368403823406139 × 10^280 |
| 139 | ov_139 | 4.1210088094951974 × 10^280 |
| 138 | ov_138 | 4.9941149272254665 × 10^280 |
| 137 | ov_137 | 5.999937781815857 × 10^280 |
| 136 | ov_136 | 7.15133783571319 × 10^280 |
| 135 | ov_135 | 8.461851602459333 × 10^280 |
| 134 | ov_134 | 9.93878787351701 × 10^280 |
| 133 | ov_133 | 1.1597156031365474 × 10^281 |
| 132 | ov_132 | 1.3452777995107647 × 10^281 |
| 131 | ov_131 | 1.5522350943424776 × 10^281 |
| 130 | ov_130 | 1.552236215909624 × 10^281 |
| 129 | ov_129 | 1.552240862494572 × 10^281 |
| 128 | aaa_77_29 | 1.6906132115470704 × 10^281 |
| 127 | aaa_77_28 | 4.507379949110207 × 10^281 |
| 126 | ov_126 | 1.4111395047188723 × 10^282 |
| 125 | ov_125 | 3.169139161678619 × 10^282 |
| 124 | ov_124 | 6.033368017122384 × 10^282 |
| 123 | ov_123 | 1.0312460553714423 × 10^283 |
| 122 | ov_122 | 1.631506436313011 × 10^283 |
| 121 | ov_121 | 2.4349865384265323 × 10^283 |
| 120 | ov_120 | 3.472563742689473 × 10^283 |
| 119 | ov_119 | 4.775132218007255 × 10^283 |
| 118 | ov_118 | 6.373614790768921 × 10^283 |
| 117 | ov_117 | 8.29897976612049 × 10^283 |
| 116 | ov_116 | 1.0582263783973786 × 10^284 |
| 115 | ov_115 | 1.3254601792894484 × 10^284 |
| 114 | ov_114 | 1.6347267275374938 × 10^284 |
| 113 | ov_113 | 1.989172817930984 × 10^284 |
| 112 | ov_112 | 2.391972250251962 × 10^284 |
| 111 | ov_111 | 2.8463355698766045 × 10^284 |
| 110 | ov_110 | 3.3555222075157807 × 10^284 |
| 109 | ov_109 | 3.922855235295256 × 10^284 |
| 108 | ov_108 | 4.551738956702795 × 10^284 |
| 107 | ov_107 | 5.2456795484626076 × 10^284 |
| 106 | ov_106 | 6.008308973257607 × 10^284 |
| 105 | ov_105 | 6.912101216576653 × 10^284 |
| 104 | ov_104 | 8.033499723212934 × 10^284 |
| 103 | ov_103 | 9.453136759373778 × 10^284 |
| 102 | ov_102 | 1.125609199688088 × 10^285 |
| 101 | ov_101 | 1.3532194719920975 × 10^285 |
| 100 | ov_100 | 1.63763742948879 × 10^285 |
| 99 | ov_099 | 1.9889063792135856 × 10^285 |
| 98 | ov_098 | 1.9889194843512517 × 10^285 |
| 97 | ov_097 | 1.9889604639892986 × 10^285 |
| 96 | aaa_78_29 | 3.1932433853477995 × 10^285 |
| 95 | aaa_78_28 | 1.0785952801364519 × 10^286 |
| 94 | ov_094 | 3.5773693965084927 × 10^286 |
| 93 | ov_093 | 8.567934495688718 × 10^286 |
| 92 | ov_092 | 1.7567740606909134 × 10^287 |
| 91 | ov_091 | 3.2540102083291562 × 10^287 |
| 90 | ov_090 | 5.589428063135291 × 10^287 |
| 89 | ov_089 | 9.048568847322053 × 10^287 |
| 88 | ov_088 | 1.39616301399006 × 10^288 |
| 87 | ov_087 | 2.1033736875841604 × 10^288 |
| 86 | ov_086 | 3.105959121895764 × 10^288 |
| 85 | ov_085 | 4.4923764514030413 × 10^288 |
| 84 | ov_084 | 6.360111479174955 × 10^288 |
| 83 | ov_083 | 8.815735452513309 × 10^288 |
| 82 | ov_082 | 1.1974979334213042 × 10^289 |
| 81 | ov_081 | 1.5962828041046486 × 10^289 |
| 80 | ov_080 | 2.0913637123026877 × 10^289 |
| 64 | lv_79_m31 | 2.1303706140858976 × 10^289 |
| 79 | ov_079 | 2.697127436012544 × 10^289 |
| 78 | ov_078 | 3.4289288757844343 × 10^289 |
| 77 | ov_077 | 4.303110942993144 × 10^289 |
| 76 | ov_076 | 5.337027686630086 × 10^289 |
| 75 | ov_075 | 6.549070909794221 × 10^289 |
| 74 | ov_074 | 7.958700528964283 × 10^289 |
| 73 | ov_073 | 9.586478931735353 × 10^289 |
| 63 | ov_063 | 1.093871287856574 × 10^290 |
| 72 | ov_072 | 1.1454109592183036 × 10^290 |
| 71 | ov_071 | 1.3584480207579228 × 10^290 |
| 70 | ov_070 | 1.6001710626035473 × 10^290 |
| 69 | ov_069 | 1.873120584202913 × 10^290 |
| 68 | ov_068 | 2.1799715032835674 × 10^290 |
| 67 | ov_067 | 2.5235399718658252 × 10^290 |
| 66 | ov_066 | 2.5235413915028605 × 10^290 |
| 65 | ov_065 | 2.523547453369207 × 10^290 |
| 62 | ov_062 | 4.9475296780387335 × 10^290 |
| 61 | ov_061 | 1.8476657893743842 × 10^291 |
| 60 | ov_060 | 5.4651453013998943 × 10^291 |
| 59 | ov_059 | 1.3493387270328951 × 10^292 |
| 58 | ov_058 | 2.7751278566427016 × 10^292 |
| 57 | ov_057 | 5.056635585878516 × 10^292 |
| 56 | ov_056 | 8.477482341137229 × 10^292 |
| 55 | ov_055 | 1.3372160286024571 × 10^293 |
| 54 | ov_054 | 2.012604439130871 × 10^293 |
| 53 | ov_053 | 2.9175413918812152 × 10^293 |
| 52 | ov_052 | 4.144376965101457 × 10^293 |
| 51 | ov_051 | 5.7956559193197976 × 10^293 |
| 50 | ov_050 | 7.984133555843921 × 10^293 |
| 49 | ov_049 | 1.0773866819578969 × 10^294 |
| 48 | ov_048 | 1.4298114210837421 × 10^294 |
| 47 | ov_047 | 1.870045253530561 × 10^294 |
| 32 | lv_80_m31 | 2.2003885191139907 × 10^294 |
| 46 | ov_046 | 2.413484697782297 × 10^294 |
| 45 | ov_045 | 3.076574852495766 × 10^294 |
| 44 | ov_044 | 3.868336512309915 × 10^294 |
| 43 | ov_043 | 4.807355894371699 × 10^294 |
| 42 | ov_042 | 5.913321233753947 × 10^294 |
| 41 | ov_041 | 7.20705163164542 × 10^294 |
| 40 | ov_040 | 8.699836800111264 × 10^294 |
| 39 | ov_039 | 1.0403584259068135 × 10^295 |
| 31 | ov_031 | 1.1290357305883097 × 10^295 |
| 38 | ov_038 | 1.2342756292056762 × 10^295 |
| 37 | ov_037 | 1.4543144811312568 × 10^295 |
| 36 | ov_036 | 1.7031948040209732 × 10^295 |
| 35 | ov_035 | 1.9823899656720877 × 10^295 |
| 34 | ov_034 | 2.2949296211729708 × 10^295 |
| 33 | ov_033 | 2.6440157975315375 × 10^295 |
| 30 | ov_030 | 5.790859376007651 × 10^295 |
| 29 | ov_029 | 1.8946105787794934 × 10^296 |
| 28 | ov_028 | 4.917445575735282 × 10^296 |
| 27 | ov_027 | 1.0990538901791532 × 10^297 |
| 26 | ov_026 | 2.1976728351145614 × 10^297 |
| 25 | ov_025 | 4.0258747371029304 × 10^297 |
| 24 | ov_024 | 6.873924718521816 × 10^297 |
| 23 | ov_023 | 1.1374351511414466 × 10^298 |
| 22 | ov_022 | 1.8263697439930937 × 10^298 |
| 21 | ov_021 | 2.838256897174918 × 10^298 |
| 20 | ov_020 | 4.267573001397583 × 10^298 |
| 19 | ov_019 | 6.219225537576875 × 10^298 |
| 18 | ov_018 | 8.808576505338443 × 10^298 |
| 17 | ov_017 | 1.216147640630583 × 10^299 |
| 16 | ov_016 | 1.641431166175449 × 10^299 |
| 15 | ov_015 | 2.1714069187676433 × 10^299 |
| 14 | ov_014 | 2.8218423617514435 × 10^299 |
| 13 | ov_013 | 3.6095854583347065 × 10^299 |
| 12 | ov_012 | 4.552580207870799 × 10^299 |
| 11 | ov_011 | 5.669886756555836 × 10^299 |
| 10 | ov_010 | 6.981706930832383 × 10^299 |
| 9 | ov_009 | 8.509416242041123 × 10^299 |
| 8 | ov_008 | 1.0275603552670278 × 10^300 |
| 7 | ov_007 | 1.230411959325117 × 10^300 |
| 6 | ov_006 | 1.4620135433720125 × 10^300 |
| 5 | ov_005 | 1.7250212098807313 × 10^300 |
| 4 | ov_004 | 2.0222382774102872 × 10^300 |
| 3 | ov_003 | 2.3566249116798557 × 10^300 |
| 2 | ov_002 | 2.7313092950346628 × 10^300 |
| 1 | ov_001 | 3.149600449178769 × 10^300 |

