# Results for F001-F002-F003-F004-F005-F006-F007-F008-F009-F010-F011-F012-F013-F014-F015-F016-F017-F018-F019-F020-F021-F022-F023-F024-F025-F026-F027-F028-F029-F030-F031-F032-F033-F034-F035-F036-F037-F038-F039-F040-F041-F042-F043-F044-F045-F046-F047-F048-F049-F050-F051-F052-F053-F054-F055-F056-F057-F058-F059-F060-F061-F062-F063-F064-F065-F066-F067-F068-F069-F070-F071-F072-F073-F074-F075-F076-F077-F078-F079-F080-F081-F082-F083-F084-F085-F086-F087-F088-F089-F090-F091-F092-F093-F094-F095-F096-F097-F098-F099-F100-F101-F102-F103-F104-F105-F106-F107-F108-F109-F110-F111-F112-F113-F114-F115-F116-F117-F118-F119-F120-F121-F122-F123-F124-F125-F126-F127-F128-F129-F130-F131-F132-F133-F134-F135-F136-F137-F138-F139-F140-F141-F142-F143-F144-F145-F146-F147-F148-F149-F150-F151-F152-F153-F154-F155-F156-F157-F158-F159-F160-F161-F162-F163-F164-F165-F166-F167-F168-F169-F170-F171-F172-F173-F174-F175-F176-F177-F178-F179-F180-F181-F182-F183-F184-F185-F186-F187-F188-F189-F190-F191-F192-F193-F194-F195-F196-F197-F198-F199-F200-F201-F202-F203-F204-F205-F206-F207-F208-F209-F210-F211-F212-F213-F214-F215-F216-F217-F218-F219-F220-F221-F222-F223-F224-F225-F226-F227-F228-F229-F230-F231-F232-F233-F234-F235-F236-F237-F238-F239-F240-F241-F242-F243-F244-F245-F246-F247-F248-F249-F250-F251-F252-F253-F254-F255-F256-F257-F258-F259-F260-F261-F262-F263-F264-F265-F266-F267-F268-F269-F270-F271-F272-F273-F274-F275-F276-F277-F278-F279-F280-F281-F282-F283-F284-F285-F286-F287-F288-F289-F290-F291-F292-F293-F294-F295-F296-F297-F298-F299-F300-F301-F302-F303-F304-F305-F306-F307-F308-F309-F310-F311-F312-F313-F314-F315-F316-F317-F318-F319-F320-F321-F322-F323-F324-F325-F326-F327-F328-F329-F330-F331-F332-F333-F334-F335-F336-F337-F338-F339-F340-F341-F342-F343-F344-F345-F346-F347-F348-F349-F350-F351-F352-F353-F354-F355-F356-F357-F358-F359-F360-F361-F362-F363-F364-F365-F366-F367-F368-F369-F370-F371-F372-F373-F374-F375-F376-F377-F378-F379-F380-F381-F382-F383-F384-F385-F386-F387-F388-F389-F390-F391-F392-F393-F394-F395-F396-F397-F398-F399-F400-F401-F402-F403-F404-F405-F406-F407-F408-F409-F410-F411-F412-F413-F414-F415-F416-F417-F418-F419-F420-F421-F422-F423-F424-F425-F426-F427-F428-F429-F430-F431-F432-F433-F434-F435-F436-F437-F438-F439-F440-F441-F442-F443-F444-F445-F446-F447-F448-F449-F450-F451-F452-F453-F454-F455-F456-F457-F458-F459-F460-F461-F462-F463-F464-F465-F466-F467-F468-F469-F470-F471-F472-F473-F474-F475-F476-F477-F478-F479-F480-F481-F482-F483-F484-F485-F486-F487-F488-F489-F490-F491-F492-F493-F494-F495-F496-O500505-T502-F509-F510-F511-F512

## Summary

Number of input bits: 512  
Number of free input bits: 10  
Number of output bits: 160

Number of direct occurrences: 40928  
Number of assignments: 31197  
Number of operations: 11260022
(xor: 11231628,
and: 15085,
or: 13309)

Total complexity: 7.257373773393461 × 10^302

Least occurring input variable: iv_506 (3961)  
Most occurring input variable: iv_500 (4311)

Most co-occurring input variables: iv_500-iv_507 (2048)  
Least co-occurring input variables: iv_499-iv_506 (1808)

Potentially most occurring input variable: iv_500/iv_508 (4522)  
Potentially least occurring input variable: iv_499/iv_501 (4177)

Least output occurring input variable: iv_499 (72)  
Most output occurring input variable: iv_504 (91)

Most output co-occurring input variables: iv_497-iv_508 (58)  
Least output co-occurring input variables: iv_498-iv_506 (29)

Potentially most output occurring input variable: iv_501/iv_504 (101)  
Potentially least output occurring input variable: iv_497/iv_508 (60)

Least complex input bit: iv_497 (1.8046774225964363 × 10^300)  
Most complex input bit: iv_500 (1.6849705706535935 × 10^302)

Least complex output bit: aaa_76_29 (5.561338680062226 × 10^277)  
Most complex output bit: ov_001 (1.161036423863699 × 10^302)

Least complex input/output complexity: iv_497/aaa_76_29 (1.3829275807889988 × 10^275)  
Most complex input/output complexity: iv_500/ov_001 (2.695620022823317 × 10^301)

## Input Bits

### Input Bits in Regular Order

| Input Bit | Complexity | Occurrences | Output Occurrences |
|:---------:|:----------:|:-----------:|:------------------:|
| iv_497 | 1.8046774225964363 × 10^300 | 4183 | 85 |
| iv_498 | 2.5471909785621878 × 10^300 | 3984 | 75 |
| iv_499 | 4.3016451867547554 × 10^300 | 3968 | 72 |
| iv_500 | 1.6849705706535935 × 10^302 | 4311 | 82 |
| iv_501 | 1.1984595335068636 × 10^301 | 4069 | 74 |
| iv_503 | 4.903846800836805 × 10^301 | 4085 | 85 |
| iv_504 | 9.430747942461788 × 10^301 | 4031 | 91 |
| iv_506 | 9.691423670302181 × 10^301 | 3961 | 81 |
| iv_507 | 1.371345675500432 × 10^302 | 4183 | 86 |
| iv_508 | 1.5920745966495481 × 10^302 | 4153 | 91 |

### Input Bits Sorted by Complexity

| Input Bit | Complexity | Occurrences | Output Occurrences |
|:---------:|:----------:|:-----------:|:------------------:|
| iv_497 | 1.8046774225964363 × 10^300 | 4183 | 85 |
| iv_498 | 2.5471909785621878 × 10^300 | 3984 | 75 |
| iv_499 | 4.3016451867547554 × 10^300 | 3968 | 72 |
| iv_501 | 1.1984595335068636 × 10^301 | 4069 | 74 |
| iv_503 | 4.903846800836805 × 10^301 | 4085 | 85 |
| iv_504 | 9.430747942461788 × 10^301 | 4031 | 91 |
| iv_506 | 9.691423670302181 × 10^301 | 3961 | 81 |
| iv_507 | 1.371345675500432 × 10^302 | 4183 | 86 |
| iv_508 | 1.5920745966495481 × 10^302 | 4153 | 91 |
| iv_500 | 1.6849705706535935 × 10^302 | 4311 | 82 |

### Input Bits Sorted by Occurrences

| Input Bit | Complexity | Occurrences | Output Occurrences |
|:---------:|:----------:|:-----------:|:------------------:|
| iv_506 | 9.691423670302181 × 10^301 | 3961 | 81 |
| iv_499 | 4.3016451867547554 × 10^300 | 3968 | 72 |
| iv_498 | 2.5471909785621878 × 10^300 | 3984 | 75 |
| iv_504 | 9.430747942461788 × 10^301 | 4031 | 91 |
| iv_501 | 1.1984595335068636 × 10^301 | 4069 | 74 |
| iv_503 | 4.903846800836805 × 10^301 | 4085 | 85 |
| iv_508 | 1.5920745966495481 × 10^302 | 4153 | 91 |
| iv_507 | 1.371345675500432 × 10^302 | 4183 | 86 |
| iv_497 | 1.8046774225964363 × 10^300 | 4183 | 85 |
| iv_500 | 1.6849705706535935 × 10^302 | 4311 | 82 |

### Input Bits Sorted by Output Occurrences

| Input Bit | Complexity | Occurrences | Output Occurrences |
|:---------:|:----------:|:-----------:|:------------------:|
| iv_499 | 4.3016451867547554 × 10^300 | 3968 | 72 |
| iv_501 | 1.1984595335068636 × 10^301 | 4069 | 74 |
| iv_498 | 2.5471909785621878 × 10^300 | 3984 | 75 |
| iv_506 | 9.691423670302181 × 10^301 | 3961 | 81 |
| iv_500 | 1.6849705706535935 × 10^302 | 4311 | 82 |
| iv_497 | 1.8046774225964363 × 10^300 | 4183 | 85 |
| iv_503 | 4.903846800836805 × 10^301 | 4085 | 85 |
| iv_507 | 1.371345675500432 × 10^302 | 4183 | 86 |
| iv_508 | 1.5920745966495481 × 10^302 | 4153 | 91 |
| iv_504 | 9.430747942461788 × 10^301 | 4031 | 91 |

## Input Bit Co-occurrences

### Input Bit Co-occurrences Sorted by Co-occurrences

| Input Bits | Co-occurrences | Potential Occurrences | Output Co-occurrences | Potential Output Occurrences |
|:----------:|:--------------:|:---------------------:|:---------------------:|:----------------------------:|
| iv_500-iv_507 | 2048 | 4398 | 49 | 70 |
| iv_497-iv_500 | 2047 | 4400 | 41 | 85 |
| iv_497-iv_507 | 2010 | 4346 | 44 | 83 |
| iv_500-iv_504 | 1994 | 4354 | 46 | 81 |
| iv_507-iv_508 | 1989 | 4358 | 49 | 79 |
| iv_500-iv_503 | 1985 | 4426 | 44 | 79 |
| iv_497-iv_501 | 1974 | 4304 | 38 | 83 |
| iv_506-iv_507 | 1971 | 4202 | 46 | 75 |
| iv_500-iv_508 | 1971 | 4522 | 48 | 77 |
| iv_504-iv_507 | 1971 | 4272 | 48 | 81 |

### Input Bit Co-occurrences Sorted by Potential Occurrences

| Input Bits | Co-occurrences | Potential Occurrences | Output Co-occurrences | Potential Output Occurrences |
|:----------:|:--------------:|:---------------------:|:---------------------:|:----------------------------:|
| iv_499-iv_501 | 1930 | 4177 | 33 | 80 |
| iv_506-iv_507 | 1971 | 4202 | 46 | 75 |
| iv_504-iv_506 | 1889 | 4214 | 48 | 76 |
| iv_498-iv_504 | 1898 | 4219 | 38 | 90 |
| iv_498-iv_501 | 1913 | 4227 | 34 | 81 |
| iv_499-iv_504 | 1881 | 4237 | 37 | 89 |
| iv_501-iv_503 | 1957 | 4240 | 41 | 77 |
| iv_498-iv_499 | 1842 | 4268 | 36 | 75 |
| iv_498-iv_506 | 1837 | 4271 | 29 | 98 |
| iv_504-iv_507 | 1971 | 4272 | 48 | 81 |

### Input Bit Output Co-occurrences Sorted by Output Co-occurrences

| Input Bits | Co-occurrences | Potential Occurrences | Output Co-occurrences | Potential Output Occurrences |
|:----------:|:--------------:|:---------------------:|:---------------------:|:----------------------------:|
| iv_497-iv_508 | 1931 | 4474 | 58 | 60 |
| iv_497-iv_504 | 1925 | 4364 | 50 | 76 |
| iv_503-iv_504 | 1917 | 4282 | 50 | 76 |
| iv_504-iv_508 | 1923 | 4338 | 50 | 82 |
| iv_500-iv_507 | 2048 | 4398 | 49 | 70 |
| iv_507-iv_508 | 1989 | 4358 | 49 | 79 |
| iv_500-iv_508 | 1971 | 4522 | 48 | 77 |
| iv_504-iv_506 | 1889 | 4214 | 48 | 76 |
| iv_504-iv_507 | 1971 | 4272 | 48 | 81 |
| iv_506-iv_508 | 1846 | 4422 | 46 | 80 |

### Input Bit Output Co-occurrences Sorted by Potential Output Occurrences

| Input Bits | Co-occurrences | Potential Occurrences | Output Co-occurrences | Potential Output Occurrences |
|:----------:|:--------------:|:---------------------:|:---------------------:|:----------------------------:|
| iv_497-iv_508 | 1931 | 4474 | 58 | 60 |
| iv_500-iv_507 | 2048 | 4398 | 49 | 70 |
| iv_498-iv_503 | 1877 | 4315 | 43 | 74 |
| iv_500-iv_506 | 1927 | 4418 | 44 | 75 |
| iv_501-iv_508 | 1943 | 4336 | 45 | 75 |
| iv_506-iv_507 | 1971 | 4202 | 46 | 75 |
| iv_498-iv_499 | 1842 | 4268 | 36 | 75 |
| iv_497-iv_504 | 1925 | 4364 | 50 | 76 |
| iv_503-iv_504 | 1917 | 4282 | 50 | 76 |
| iv_504-iv_506 | 1889 | 4214 | 48 | 76 |

## Output Bits

### Output Bits in Regular Order

| Rank | Output Bit | Complexity |
|:----:|:----------:|:----------:|
| 1 | ov_001 | 1.161036423863699 × 10^302 |
| 2 | ov_002 | 1.0068438376711755 × 10^302 |
| 3 | ov_003 | 8.687234923899768 × 10^301 |
| 4 | ov_004 | 7.454563811046557 × 10^301 |
| 5 | ov_005 | 6.358900276759095 × 10^301 |
| 6 | ov_006 | 5.389337701175118 × 10^301 |
| 7 | ov_007 | 4.5355465211124394 × 10^301 |
| 8 | ov_008 | 3.787738817808272 × 10^301 |
| 9 | ov_009 | 3.136638122066717 × 10^301 |
| 10 | ov_010 | 2.573453898133683 × 10^301 |
| 11 | ov_011 | 2.0898601614129593 × 10^301 |
| 12 | ov_012 | 1.6779777162429127 × 10^301 |
| 13 | ov_013 | 1.330359556931644 × 10^301 |
| 14 | ov_014 | 1.0399790582359966 × 10^301 |
| 15 | ov_015 | 8.00220611204324 × 10^300 |
| 16 | ov_016 | 6.048723368741623 × 10^300 |
| 17 | ov_017 | 4.48120513167887 × 10^300 |
| 18 | ov_018 | 3.2454537951407495 × 10^300 |
| 19 | ov_019 | 2.2911801281968235 × 10^300 |
| 20 | ov_020 | 1.5719801116560083 × 10^300 |
| 21 | ov_021 | 1.0453178991598766 × 10^300 |
| 22 | ov_022 | 6.725135779613432 × 10^299 |
| 23 | ov_023 | 4.1873470496344405 × 10^299 |
| 24 | ov_024 | 2.5299073836570765 × 10^299 |
| 25 | ov_025 | 1.4812963001184969 × 10^299 |
| 26 | ov_026 | 8.083595850628052 × 10^298 |
| 27 | ov_027 | 4.0411014737504743 × 10^298 |
| 28 | ov_028 | 1.8073834703352745 × 10^298 |
| 29 | ov_029 | 6.961111161036893 × 10^297 |
| 30 | ov_030 | 2.127170461193464 × 10^297 |
| 31 | ov_031 | 4.14718200170726 × 10^296 |
| 32 | lv_80_m31 | 8.08413221698103 × 10^295 |
| 33 | ov_033 | 9.726346210745504 × 10^296 |
| 34 | ov_034 | 8.433849400916948 × 10^296 |
| 35 | ov_035 | 7.278871680187401 × 10^296 |
| 36 | ov_036 | 6.250011535617125 × 10^296 |
| 37 | ov_037 | 5.3364824209061 × 10^296 |
| 38 | ov_038 | 4.528069199153806 × 10^296 |
| 39 | ov_039 | 3.815090505810939 × 10^296 |
| 40 | ov_040 | 3.188366469017078 × 10^296 |
| 41 | ov_041 | 2.6391912535606885 × 10^296 |
| 42 | ov_042 | 2.1633273042382976 × 10^296 |
| 43 | ov_043 | 1.7567572399496496 × 10^296 |
| 44 | ov_044 | 1.4120734225597512 × 10^296 |
| 45 | ov_045 | 1.12227097211395 × 10^296 |
| 46 | ov_046 | 8.807374006862187 × 10^295 |
| 47 | ov_047 | 6.812444482118612 × 10^295 |
| 48 | ov_048 | 5.179417766819622 × 10^295 |
| 49 | ov_049 | 3.879980151970535 × 10^295 |
| 50 | ov_050 | 2.8630562349672556 × 10^295 |
| 51 | ov_051 | 2.0812416867832598 × 10^295 |
| 52 | ov_052 | 1.4907853401996245 × 10^295 |
| 53 | ov_053 | 1.0515766531123535 × 10^295 |
| 54 | ov_054 | 7.271370461059847 × 10^294 |
| 55 | ov_055 | 4.846141120493186 × 10^294 |
| 56 | ov_056 | 3.0848762051826616 × 10^294 |
| 57 | ov_057 | 1.8504789213755517 × 10^294 |
| 58 | ov_058 | 1.0239500492848976 × 10^294 |
| 59 | ov_059 | 5.0438382909172945 × 10^293 |
| 60 | ov_060 | 2.089660998742297 × 10^293 |
| 61 | ov_061 | 7.297363063678362 × 10^292 |
| 62 | ov_062 | 2.0012318277199583 × 10^292 |
| 63 | ov_063 | 3.8992449078884064 × 10^291 |
| 64 | lv_79_m31 | 7.595567573673971 × 10^290 |
| 65 | ov_065 | 9.00351678146495 × 10^291 |
| 66 | ov_066 | 9.003493773020744 × 10^291 |
| 67 | ov_067 | 9.003488350505202 × 10^291 |
| 68 | ov_068 | 7.783608195810297 × 10^291 |
| 69 | ov_069 | 6.692872217772796 × 10^291 |
| 70 | ov_070 | 5.72160508850244 × 10^291 |
| 71 | ov_071 | 4.860587210957548 × 10^291 |
| 72 | ov_072 | 4.101030453286079 × 10^291 |
| 73 | ov_073 | 3.434559279814138 × 10^291 |
| 74 | ov_074 | 2.853195967428696 × 10^291 |
| 75 | ov_075 | 2.3493486650982544 × 10^291 |
| 76 | ov_076 | 1.9158012478951927 × 10^291 |
| 77 | ov_077 | 1.5457043552725724 × 10^291 |
| 78 | ov_078 | 1.2325674174438083 × 10^291 |
| 79 | ov_079 | 9.702516097176843 × 10^290 |
| 80 | ov_080 | 7.529636754491559 × 10^290 |
| 81 | ov_081 | 5.752505588701491 × 10^290 |
| 82 | ov_082 | 4.319947895066905 × 10^290 |
| 83 | ov_083 | 3.1841056020729534 × 10^290 |
| 84 | ov_084 | 2.300404410346271 × 10^290 |
| 85 | ov_085 | 1.6275267143234634 × 10^290 |
| 86 | ov_086 | 1.1273897318890671 × 10^290 |
| 87 | ov_087 | 7.651282679253405 × 10^289 |
| 88 | ov_088 | 5.090815381693571 × 10^289 |
| 89 | ov_089 | 3.30783480036876 × 10^289 |
| 90 | ov_090 | 2.0495597721269398 × 10^289 |
| 91 | ov_091 | 1.1975627537960707 × 10^289 |
| 92 | ov_092 | 6.493252403239844 × 10^288 |
| 93 | ov_093 | 3.182281790879659 × 10^288 |
| 94 | ov_094 | 1.3354725514771782 × 10^288 |
| 95 | aaa_78_28 | 4.045096440638567 × 10^287 |
| 96 | aaa_78_29 | 1.2052422592289605 × 10^287 |
| 97 | ov_097 | 6.544497987110743 × 10^286 |
| 98 | ov_098 | 6.544402887813185 × 10^286 |
| 99 | ov_099 | 6.54437247556727 × 10^286 |
| 100 | ov_100 | 5.344853899157273 × 10^286 |
| 101 | ov_101 | 4.3433610963601026 × 10^286 |
| 102 | ov_102 | 3.5165854670645663 × 10^286 |
| 103 | ov_103 | 2.8424957094265854 × 10^286 |
| 104 | ov_104 | 2.3002441551252864 × 10^286 |
| 105 | ov_105 | 1.8700854388128454 × 10^286 |
| 106 | ov_106 | 1.5333063668722437 × 10^286 |
| 107 | ov_107 | 1.27216590843943 × 10^286 |
| 108 | ov_108 | 1.0698442875225748 × 10^286 |
| 109 | ov_109 | 9.104002093728703 × 10^285 |
| 110 | ov_110 | 7.787353073793855 × 10^285 |
| 111 | ov_111 | 6.605649489717523 × 10^285 |
| 112 | ov_112 | 5.551179000613829 × 10^285 |
| 113 | ov_113 | 4.616376994021662 × 10^285 |
| 114 | ov_114 | 3.793792340670173 × 10^285 |
| 115 | ov_115 | 3.076059219984982 × 10^285 |
| 116 | ov_116 | 2.4558745125118582 × 10^285 |
| 117 | ov_117 | 1.9259802559097695 × 10^285 |
| 118 | ov_118 | 1.4791506614926756 × 10^285 |
| 119 | ov_119 | 1.1081827755580826 × 10^285 |
| 120 | ov_120 | 8.058895197350535 × 10^284 |
| 121 | ov_121 | 5.650943832669941 × 10^284 |
| 122 | ov_122 | 3.786275159675223 × 10^284 |
| 123 | ov_123 | 2.3932297060472727 × 10^284 |
| 124 | ov_124 | 1.4001684347264804 × 10^284 |
| 125 | ov_125 | 7.354612299229718 × 10^283 |
| 126 | ov_126 | 3.274810268445308 × 10^283 |
| 127 | aaa_77_28 | 1.0460155964161226 × 10^283 |
| 128 | aaa_77_29 | 3.923336719089672 × 10^282 |
| 129 | ov_129 | 3.602401485875294 × 10^282 |
| 130 | ov_130 | 3.602390663519291 × 10^282 |
| 131 | ov_131 | 3.6023880497399337 × 10^282 |
| 132 | ov_132 | 3.122060360130445 × 10^282 |
| 133 | ov_133 | 2.6914070407389145 × 10^282 |
| 134 | ov_134 | 2.3065453631414018 × 10^282 |
| 135 | ov_135 | 1.963797305936214 × 10^282 |
| 136 | ov_136 | 1.6596748467614334 × 10^282 |
| 137 | ov_137 | 1.3924797751674837 × 10^282 |
| 138 | ov_138 | 1.1590682330736206 × 10^282 |
| 139 | ov_139 | 9.56454162190651 × 10^281 |
| 140 | ov_140 | 7.818018858566487 × 10^281 |
| 141 | ov_141 | 6.32420043818255 × 10^281 |
| 142 | ov_142 | 5.057567121272721 × 10^281 |
| 143 | ov_143 | 3.993955500653482 × 10^281 |
| 144 | ov_144 | 3.1105282567927257 × 10^281 |
| 145 | ov_145 | 2.3857518113151564 × 10^281 |
| 146 | ov_146 | 1.799380086620692 × 10^281 |
| 147 | ov_147 | 1.332443175284926 × 10^281 |
| 148 | ov_148 | 9.672398184726027 × 10^280 |
| 149 | ov_149 | 6.873326880467641 × 10^280 |
| 150 | ov_150 | 4.7754556242282805 × 10^280 |
| 151 | ov_151 | 3.2396162052912615 × 10^280 |
| 152 | ov_152 | 2.1392231762836546 × 10^280 |
| 153 | ov_153 | 1.3602658843125786 × 10^280 |
| 154 | ov_154 | 8.01302908756969 × 10^279 |
| 155 | ov_155 | 4.1475527241807765 × 10^279 |
| 156 | aaa_76_25 | 1.5932616289424716 × 10^279 |
| 157 | aaa_76_26 | 9.195779411169726 × 10^278 |
| 158 | aaa_76_27 | 4.704323227505726 × 10^278 |
| 159 | aaa_76_28 | 1.8301740480171158 × 10^278 |
| 160 | aaa_76_29 | 5.561338680062226 × 10^277 |

### Output Bits Sorted by Complexity

| Rank | Output Bit | Complexity |
|:----:|:----------:|:----------:|
| 160 | aaa_76_29 | 5.561338680062226 × 10^277 |
| 159 | aaa_76_28 | 1.8301740480171158 × 10^278 |
| 158 | aaa_76_27 | 4.704323227505726 × 10^278 |
| 157 | aaa_76_26 | 9.195779411169726 × 10^278 |
| 156 | aaa_76_25 | 1.5932616289424716 × 10^279 |
| 155 | ov_155 | 4.1475527241807765 × 10^279 |
| 154 | ov_154 | 8.01302908756969 × 10^279 |
| 153 | ov_153 | 1.3602658843125786 × 10^280 |
| 152 | ov_152 | 2.1392231762836546 × 10^280 |
| 151 | ov_151 | 3.2396162052912615 × 10^280 |
| 150 | ov_150 | 4.7754556242282805 × 10^280 |
| 149 | ov_149 | 6.873326880467641 × 10^280 |
| 148 | ov_148 | 9.672398184726027 × 10^280 |
| 147 | ov_147 | 1.332443175284926 × 10^281 |
| 146 | ov_146 | 1.799380086620692 × 10^281 |
| 145 | ov_145 | 2.3857518113151564 × 10^281 |
| 144 | ov_144 | 3.1105282567927257 × 10^281 |
| 143 | ov_143 | 3.993955500653482 × 10^281 |
| 142 | ov_142 | 5.057567121272721 × 10^281 |
| 141 | ov_141 | 6.32420043818255 × 10^281 |
| 140 | ov_140 | 7.818018858566487 × 10^281 |
| 139 | ov_139 | 9.56454162190651 × 10^281 |
| 138 | ov_138 | 1.1590682330736206 × 10^282 |
| 137 | ov_137 | 1.3924797751674837 × 10^282 |
| 136 | ov_136 | 1.6596748467614334 × 10^282 |
| 135 | ov_135 | 1.963797305936214 × 10^282 |
| 134 | ov_134 | 2.3065453631414018 × 10^282 |
| 133 | ov_133 | 2.6914070407389145 × 10^282 |
| 132 | ov_132 | 3.122060360130445 × 10^282 |
| 131 | ov_131 | 3.6023880497399337 × 10^282 |
| 130 | ov_130 | 3.602390663519291 × 10^282 |
| 129 | ov_129 | 3.602401485875294 × 10^282 |
| 128 | aaa_77_29 | 3.923336719089672 × 10^282 |
| 127 | aaa_77_28 | 1.0460155964161226 × 10^283 |
| 126 | ov_126 | 3.274810268445308 × 10^283 |
| 125 | ov_125 | 7.354612299229718 × 10^283 |
| 124 | ov_124 | 1.4001684347264804 × 10^284 |
| 123 | ov_123 | 2.3932297060472727 × 10^284 |
| 122 | ov_122 | 3.786275159675223 × 10^284 |
| 121 | ov_121 | 5.650943832669941 × 10^284 |
| 120 | ov_120 | 8.058895197350535 × 10^284 |
| 119 | ov_119 | 1.1081827755580826 × 10^285 |
| 118 | ov_118 | 1.4791506614926756 × 10^285 |
| 117 | ov_117 | 1.9259802559097695 × 10^285 |
| 116 | ov_116 | 2.4558745125118582 × 10^285 |
| 115 | ov_115 | 3.076059219984982 × 10^285 |
| 114 | ov_114 | 3.793792340670173 × 10^285 |
| 113 | ov_113 | 4.616376994021662 × 10^285 |
| 112 | ov_112 | 5.551179000613829 × 10^285 |
| 111 | ov_111 | 6.605649489717523 × 10^285 |
| 110 | ov_110 | 7.787353073793855 × 10^285 |
| 109 | ov_109 | 9.104002093728703 × 10^285 |
| 108 | ov_108 | 1.0698442875225748 × 10^286 |
| 107 | ov_107 | 1.27216590843943 × 10^286 |
| 106 | ov_106 | 1.5333063668722437 × 10^286 |
| 105 | ov_105 | 1.8700854388128454 × 10^286 |
| 104 | ov_104 | 2.3002441551252864 × 10^286 |
| 103 | ov_103 | 2.8424957094265854 × 10^286 |
| 102 | ov_102 | 3.5165854670645663 × 10^286 |
| 101 | ov_101 | 4.3433610963601026 × 10^286 |
| 100 | ov_100 | 5.344853899157273 × 10^286 |
| 99 | ov_099 | 6.54437247556727 × 10^286 |
| 98 | ov_098 | 6.544402887813185 × 10^286 |
| 97 | ov_097 | 6.544497987110743 × 10^286 |
| 96 | aaa_78_29 | 1.2052422592289605 × 10^287 |
| 95 | aaa_78_28 | 4.045096440638567 × 10^287 |
| 94 | ov_094 | 1.3354725514771782 × 10^288 |
| 93 | ov_093 | 3.182281790879659 × 10^288 |
| 92 | ov_092 | 6.493252403239844 × 10^288 |
| 91 | ov_091 | 1.1975627537960707 × 10^289 |
| 90 | ov_090 | 2.0495597721269398 × 10^289 |
| 89 | ov_089 | 3.30783480036876 × 10^289 |
| 88 | ov_088 | 5.090815381693571 × 10^289 |
| 87 | ov_087 | 7.651282679253405 × 10^289 |
| 86 | ov_086 | 1.1273897318890671 × 10^290 |
| 85 | ov_085 | 1.6275267143234634 × 10^290 |
| 84 | ov_084 | 2.300404410346271 × 10^290 |
| 83 | ov_083 | 3.1841056020729534 × 10^290 |
| 82 | ov_082 | 4.319947895066905 × 10^290 |
| 81 | ov_081 | 5.752505588701491 × 10^290 |
| 80 | ov_080 | 7.529636754491559 × 10^290 |
| 64 | lv_79_m31 | 7.595567573673971 × 10^290 |
| 79 | ov_079 | 9.702516097176843 × 10^290 |
| 78 | ov_078 | 1.2325674174438083 × 10^291 |
| 77 | ov_077 | 1.5457043552725724 × 10^291 |
| 76 | ov_076 | 1.9158012478951927 × 10^291 |
| 75 | ov_075 | 2.3493486650982544 × 10^291 |
| 74 | ov_074 | 2.853195967428696 × 10^291 |
| 73 | ov_073 | 3.434559279814138 × 10^291 |
| 63 | ov_063 | 3.8992449078884064 × 10^291 |
| 72 | ov_072 | 4.101030453286079 × 10^291 |
| 71 | ov_071 | 4.860587210957548 × 10^291 |
| 70 | ov_070 | 5.72160508850244 × 10^291 |
| 69 | ov_069 | 6.692872217772796 × 10^291 |
| 68 | ov_068 | 7.783608195810297 × 10^291 |
| 67 | ov_067 | 9.003488350505202 × 10^291 |
| 66 | ov_066 | 9.003493773020744 × 10^291 |
| 65 | ov_065 | 9.00351678146495 × 10^291 |
| 62 | ov_062 | 2.0012318277199583 × 10^292 |
| 61 | ov_061 | 7.297363063678362 × 10^292 |
| 60 | ov_060 | 2.089660998742297 × 10^293 |
| 59 | ov_059 | 5.0438382909172945 × 10^293 |
| 58 | ov_058 | 1.0239500492848976 × 10^294 |
| 57 | ov_057 | 1.8504789213755517 × 10^294 |
| 56 | ov_056 | 3.0848762051826616 × 10^294 |
| 55 | ov_055 | 4.846141120493186 × 10^294 |
| 54 | ov_054 | 7.271370461059847 × 10^294 |
| 53 | ov_053 | 1.0515766531123535 × 10^295 |
| 52 | ov_052 | 1.4907853401996245 × 10^295 |
| 51 | ov_051 | 2.0812416867832598 × 10^295 |
| 50 | ov_050 | 2.8630562349672556 × 10^295 |
| 49 | ov_049 | 3.879980151970535 × 10^295 |
| 48 | ov_048 | 5.179417766819622 × 10^295 |
| 47 | ov_047 | 6.812444482118612 × 10^295 |
| 32 | lv_80_m31 | 8.08413221698103 × 10^295 |
| 46 | ov_046 | 8.807374006862187 × 10^295 |
| 45 | ov_045 | 1.12227097211395 × 10^296 |
| 44 | ov_044 | 1.4120734225597512 × 10^296 |
| 43 | ov_043 | 1.7567572399496496 × 10^296 |
| 42 | ov_042 | 2.1633273042382976 × 10^296 |
| 41 | ov_041 | 2.6391912535606885 × 10^296 |
| 40 | ov_040 | 3.188366469017078 × 10^296 |
| 39 | ov_039 | 3.815090505810939 × 10^296 |
| 31 | ov_031 | 4.14718200170726 × 10^296 |
| 38 | ov_038 | 4.528069199153806 × 10^296 |
| 37 | ov_037 | 5.3364824209061 × 10^296 |
| 36 | ov_036 | 6.250011535617125 × 10^296 |
| 35 | ov_035 | 7.278871680187401 × 10^296 |
| 34 | ov_034 | 8.433849400916948 × 10^296 |
| 33 | ov_033 | 9.726346210745504 × 10^296 |
| 30 | ov_030 | 2.127170461193464 × 10^297 |
| 29 | ov_029 | 6.961111161036893 × 10^297 |
| 28 | ov_028 | 1.8073834703352745 × 10^298 |
| 27 | ov_027 | 4.0411014737504743 × 10^298 |
| 26 | ov_026 | 8.083595850628052 × 10^298 |
| 25 | ov_025 | 1.4812963001184969 × 10^299 |
| 24 | ov_024 | 2.5299073836570765 × 10^299 |
| 23 | ov_023 | 4.1873470496344405 × 10^299 |
| 22 | ov_022 | 6.725135779613432 × 10^299 |
| 21 | ov_021 | 1.0453178991598766 × 10^300 |
| 20 | ov_020 | 1.5719801116560083 × 10^300 |
| 19 | ov_019 | 2.2911801281968235 × 10^300 |
| 18 | ov_018 | 3.2454537951407495 × 10^300 |
| 17 | ov_017 | 4.48120513167887 × 10^300 |
| 16 | ov_016 | 6.048723368741623 × 10^300 |
| 15 | ov_015 | 8.00220611204324 × 10^300 |
| 14 | ov_014 | 1.0399790582359966 × 10^301 |
| 13 | ov_013 | 1.330359556931644 × 10^301 |
| 12 | ov_012 | 1.6779777162429127 × 10^301 |
| 11 | ov_011 | 2.0898601614129593 × 10^301 |
| 10 | ov_010 | 2.573453898133683 × 10^301 |
| 9 | ov_009 | 3.136638122066717 × 10^301 |
| 8 | ov_008 | 3.787738817808272 × 10^301 |
| 7 | ov_007 | 4.5355465211124394 × 10^301 |
| 6 | ov_006 | 5.389337701175118 × 10^301 |
| 5 | ov_005 | 6.358900276759095 × 10^301 |
| 4 | ov_004 | 7.454563811046557 × 10^301 |
| 3 | ov_003 | 8.687234923899768 × 10^301 |
| 2 | ov_002 | 1.0068438376711755 × 10^302 |
| 1 | ov_001 | 1.161036423863699 × 10^302 |

