# Results for F001-F002-F003-F004-F005-F006-F007-F008-F009-F010-F011-F012-F013-F014-F015-F016-F017-F018-F019-F020-F021-F022-F023-F024-F025-F026-F027-F028-F029-F030-F031-F032-F033-F034-F035-F036-F037-F038-F039-F040-F041-F042-F043-F044-F045-F046-F047-F048-F049-F050-F051-F052-F053-F054-F055-F056-F057-F058-F059-F060-F061-F062-F063-F064-F065-F066-F067-F068-F069-F070-F071-F072-F073-F074-F075-F076-F077-F078-F079-F080-F081-F082-F083-F084-F085-F086-F087-F088-F089-F090-F091-F092-F093-F094-F095-F096-F097-F098-F099-F100-F101-F102-F103-F104-F105-F106-F107-F108-F109-F110-F111-F112-F113-F114-F115-F116-F117-F118-F119-F120-F121-F122-F123-F124-F125-F126-F127-F128-F129-F130-F131-F132-F133-F134-F135-F136-F137-F138-F139-F140-F141-F142-F143-F144-F145-F146-F147-F148-F149-F150-F151-F152-F153-F154-F155-F156-F157-F158-F159-F160-F161-F162-F163-F164-F165-F166-F167-F168-F169-F170-F171-F172-F173-F174-F175-F176-F177-F178-F179-F180-F181-F182-F183-F184-F185-F186-F187-F188-F189-F190-F191-F192-F193-F194-F195-F196-F197-F198-F199-F200-F201-F202-F203-F204-F205-F206-F207-F208-F209-F210-F211-F212-F213-F214-F215-F216-F217-F218-F219-F220-F221-F222-F223-F224-F225-F226-F227-F228-F229-F230-F231-F232-F233-F234-F235-F236-F237-F238-F239-F240-F241-F242-F243-F244-F245-F246-F247-F248-F249-F250-F251-F252-F253-F254-F255-F256-F257-F258-F259-F260-F261-F262-F263-F264-F265-F266-F267-F268-F269-F270-F271-F272-F273-F274-F275-F276-F277-F278-F279-F280-F281-F282-F283-F284-F285-F286-F287-F288-F289-F290-F291-F292-F293-F294-F295-F296-F297-F298-F299-F300-F301-F302-F303-F304-F305-F306-F307-F308-F309-F310-F311-F312-F313-F314-F315-F316-F317-F318-F319-F320-F321-F322-F323-F324-F325-F326-F327-F328-F329-F330-F331-F332-F333-F334-F335-F336-F337-F338-F339-F340-F341-F342-F343-F344-F345-F346-F347-F348-F349-F350-F351-F352-F353-F354-F355-F356-F357-F358-F359-F360-F361-F362-F363-F364-F365-F366-F367-F368-F369-F370-F371-F372-F373-F374-F375-F376-F377-F378-F379-F380-F381-F382-F383-F384-F385-F386-F387-F388-F389-F390-F391-F392-F393-F394-F395-F396-F397-F398-F399-F400-F401-F402-F403-F404-F405-F406-F407-F408-F409-F410-F411-F412-F413-F414-F415-F416-F417-F418-F419-F420-F421-F422-F423-F424-F425-F426-F427-F428-F429-F430-F431-F432-F433-F434-F435-F436-F437-F438-F439-F440-F441-F442-F443-F444-F445-F446-F447-F448-F449-F450-F451-F452-F453-F454-F455-F456-F457-F458-F459-F460-F461-F462-F463-F464-F465-F466-F467-F468-F469-F470-F471-F472-F473-F474-F475-F476-F477-F478-F479-F480-F481-F482-F483-F484-F485-F486-F487-F488-F489-F490-F491-F492-F493-F494-F495-F496-F497-F498-F499-F500-F501-E511512

## Summary

Number of input bits: 512  
Number of free input bits: 10  
Number of output bits: 160

Number of direct occurrences: 40493  
Number of assignments: 31208  
Number of operations: 11132244
(xor: 11102897,
and: 16108,
or: 13239)

Total complexity: 2.341282558121629 × 10^300

Least occurring input variable: iv_502 (3898)  
Most occurring input variable: iv_511 (4488)

Most co-occurring input variables: iv_510-iv_511 (2113)  
Least co-occurring input variables: iv_502-iv_503 (1772)

Potentially most occurring input variable: iv_502/iv_511 (4626)  
Potentially least occurring input variable: iv_506/iv_509 (4139)

Least output occurring input variable: iv_508 (70)  
Most output occurring input variable: iv_511 (86)

Most output co-occurring input variables: iv_510-iv_511 (47)  
Least output co-occurring input variables: iv_502-iv_508 (30)

Potentially most output occurring input variable: iv_504/iv_510 (93)  
Potentially least output occurring input variable: iv_507/iv_509 (66)

Least complex input bit: iv_502 (2.419226568216083 × 10^298)  
Most complex input bit: iv_510 (6.497021909270318 × 10^299)

Least complex output bit: aaa_76_29 (3.22872185297324 × 10^275)  
Most complex output bit: ov_001 (3.7023619808263683 × 10^299)

Least complex input/output complexity: iv_502/aaa_76_29 (3.3362097458067405 × 10^273)  
Most complex input/output complexity: iv_510/ov_001 (1.0273995687550295 × 10^299)

Input variable with highest collision probability: iv_504 (½^160.0000000000005)

## Input Bits

### Input Bits in Regular Order

| Input Bit | Complexity | Occurrences | Output Occurrences | Collision Probability |
|:---------:|:----------:|:-----------:|:------------------:|:---------------------:|
| iv_502 | 2.419226568216083 × 10^298 | 3898 | 82 | ½^160.0000000000006 |
| iv_503 | 4.2549164066261847 × 10^298 | 4041 | 74 | ½^160.00000000000074 |
| iv_504 | 6.990045493440617 × 10^298 | 3920 | 78 | ½^160.0000000000005 |
| iv_505 | 1.0985592621197535 × 10^299 | 3915 | 79 | ½^160.0000000000007 |
| iv_506 | 1.6710745926599982 × 10^299 | 3949 | 82 | ½^160.00000000000065 |
| iv_507 | 2.478577137270646 × 10^299 | 4167 | 76 | ½^160.00000000000063 |
| iv_508 | 3.5387566846626815 × 10^299 | 3994 | 70 | ½^160.00000000000057 |
| iv_509 | 4.872226013180954 × 10^299 | 4000 | 78 | ½^160.00000000000068 |
| iv_510 | 6.497021909270318 × 10^299 | 4121 | 79 | ½^160.0000000000007 |
| iv_511 | 1.8901911352236858 × 10^299 | 4488 | 86 | ½^160.0000000000008 |

### Input Bits Sorted by Complexity

| Input Bit | Complexity | Occurrences | Output Occurrences | Collision Probability |
|:---------:|:----------:|:-----------:|:------------------:|:---------------------:|
| iv_502 | 2.419226568216083 × 10^298 | 3898 | 82 | ½^160.0000000000006 |
| iv_503 | 4.2549164066261847 × 10^298 | 4041 | 74 | ½^160.00000000000074 |
| iv_504 | 6.990045493440617 × 10^298 | 3920 | 78 | ½^160.0000000000005 |
| iv_505 | 1.0985592621197535 × 10^299 | 3915 | 79 | ½^160.0000000000007 |
| iv_506 | 1.6710745926599982 × 10^299 | 3949 | 82 | ½^160.00000000000065 |
| iv_511 | 1.8901911352236858 × 10^299 | 4488 | 86 | ½^160.0000000000008 |
| iv_507 | 2.478577137270646 × 10^299 | 4167 | 76 | ½^160.00000000000063 |
| iv_508 | 3.5387566846626815 × 10^299 | 3994 | 70 | ½^160.00000000000057 |
| iv_509 | 4.872226013180954 × 10^299 | 4000 | 78 | ½^160.00000000000068 |
| iv_510 | 6.497021909270318 × 10^299 | 4121 | 79 | ½^160.0000000000007 |

### Input Bits Sorted by Occurrences

| Input Bit | Complexity | Occurrences | Output Occurrences | Collision Probability |
|:---------:|:----------:|:-----------:|:------------------:|:---------------------:|
| iv_502 | 2.419226568216083 × 10^298 | 3898 | 82 | ½^160.0000000000006 |
| iv_505 | 1.0985592621197535 × 10^299 | 3915 | 79 | ½^160.0000000000007 |
| iv_504 | 6.990045493440617 × 10^298 | 3920 | 78 | ½^160.0000000000005 |
| iv_506 | 1.6710745926599982 × 10^299 | 3949 | 82 | ½^160.00000000000065 |
| iv_508 | 3.5387566846626815 × 10^299 | 3994 | 70 | ½^160.00000000000057 |
| iv_509 | 4.872226013180954 × 10^299 | 4000 | 78 | ½^160.00000000000068 |
| iv_503 | 4.2549164066261847 × 10^298 | 4041 | 74 | ½^160.00000000000074 |
| iv_510 | 6.497021909270318 × 10^299 | 4121 | 79 | ½^160.0000000000007 |
| iv_507 | 2.478577137270646 × 10^299 | 4167 | 76 | ½^160.00000000000063 |
| iv_511 | 1.8901911352236858 × 10^299 | 4488 | 86 | ½^160.0000000000008 |

### Input Bits Sorted by Output Occurrences

| Input Bit | Complexity | Occurrences | Output Occurrences | Collision Probability |
|:---------:|:----------:|:-----------:|:------------------:|:---------------------:|
| iv_508 | 3.5387566846626815 × 10^299 | 3994 | 70 | ½^160.00000000000057 |
| iv_503 | 4.2549164066261847 × 10^298 | 4041 | 74 | ½^160.00000000000074 |
| iv_507 | 2.478577137270646 × 10^299 | 4167 | 76 | ½^160.00000000000063 |
| iv_504 | 6.990045493440617 × 10^298 | 3920 | 78 | ½^160.0000000000005 |
| iv_509 | 4.872226013180954 × 10^299 | 4000 | 78 | ½^160.00000000000068 |
| iv_505 | 1.0985592621197535 × 10^299 | 3915 | 79 | ½^160.0000000000007 |
| iv_510 | 6.497021909270318 × 10^299 | 4121 | 79 | ½^160.0000000000007 |
| iv_502 | 2.419226568216083 × 10^298 | 3898 | 82 | ½^160.0000000000006 |
| iv_506 | 1.6710745926599982 × 10^299 | 3949 | 82 | ½^160.00000000000065 |
| iv_511 | 1.8901911352236858 × 10^299 | 4488 | 86 | ½^160.0000000000008 |

### Input Bits Sorted by Collision Probability

| Input Bit | Complexity | Occurrences | Output Occurrences | Collision Probability |
|:---------:|:----------:|:-----------:|:------------------:|:---------------------:|
| iv_504 | 6.990045493440617 × 10^298 | 3920 | 78 | ½^160.0000000000005 |
| iv_508 | 3.5387566846626815 × 10^299 | 3994 | 70 | ½^160.00000000000057 |
| iv_502 | 2.419226568216083 × 10^298 | 3898 | 82 | ½^160.0000000000006 |
| iv_507 | 2.478577137270646 × 10^299 | 4167 | 76 | ½^160.00000000000063 |
| iv_506 | 1.6710745926599982 × 10^299 | 3949 | 82 | ½^160.00000000000065 |
| iv_509 | 4.872226013180954 × 10^299 | 4000 | 78 | ½^160.00000000000068 |
| iv_510 | 6.497021909270318 × 10^299 | 4121 | 79 | ½^160.0000000000007 |
| iv_505 | 1.0985592621197535 × 10^299 | 3915 | 79 | ½^160.0000000000007 |
| iv_503 | 4.2549164066261847 × 10^298 | 4041 | 74 | ½^160.00000000000074 |
| iv_511 | 1.8901911352236858 × 10^299 | 4488 | 86 | ½^160.0000000000008 |

## Input Bit/Output Bit Collision Probabilities

| Input Bit | Output Bit | Collision Probability |
|:---------:|:----------:|:---------------------:|
| iv_507 | ov_142 | 0.5000000000000042 |
| iv_504 | ov_098 | 0.5000000000000033 |
| iv_508 | ov_087 | 0.5000000000000027 |
| iv_508 | aaa_76_26 | 0.5000000000000021 |
| iv_504 | ov_017 | 0.500000000000002 |
| iv_507 | ov_001 | 0.5000000000000019 |
| iv_502 | ov_022 | 0.5000000000000018 |
| iv_502 | ov_066 | 0.5000000000000018 |
| iv_502 | ov_076 | 0.5000000000000018 |
| iv_504 | lv_79_k31 | 0.5000000000000018 |

## Input Bit Co-occurrences

### Input Bit Co-occurrences Sorted by Co-occurrences

| Input Bits | Co-occurrences | Potential Occurrences | Output Co-occurrences | Potential Output Occurrences |
|:----------:|:--------------:|:---------------------:|:---------------------:|:----------------------------:|
| iv_510-iv_511 | 2113 | 4383 | 47 | 71 |
| iv_507-iv_511 | 2072 | 4511 | 43 | 76 |
| iv_509-iv_511 | 2038 | 4412 | 45 | 74 |
| iv_506-iv_511 | 2035 | 4367 | 42 | 84 |
| iv_507-iv_510 | 2032 | 4224 | 41 | 73 |
| iv_507-iv_508 | 1997 | 4167 | 31 | 84 |
| iv_503-iv_511 | 1997 | 4535 | 44 | 72 |
| iv_503-iv_507 | 1995 | 4218 | 31 | 88 |
| iv_506-iv_507 | 1987 | 4142 | 39 | 80 |
| iv_507-iv_509 | 1969 | 4229 | 44 | 66 |

### Input Bit Co-occurrences Sorted by Potential Occurrences

| Input Bits | Co-occurrences | Potential Occurrences | Output Co-occurrences | Potential Output Occurrences |
|:----------:|:--------------:|:---------------------:|:---------------------:|:----------------------------:|
| iv_506-iv_509 | 1905 | 4139 | 43 | 74 |
| iv_506-iv_507 | 1987 | 4142 | 39 | 80 |
| iv_504-iv_506 | 1861 | 4147 | 42 | 76 |
| iv_506-iv_508 | 1894 | 4155 | 37 | 78 |
| iv_508-iv_509 | 1919 | 4156 | 35 | 78 |
| iv_504-iv_505 | 1835 | 4165 | 41 | 75 |
| iv_507-iv_508 | 1997 | 4167 | 31 | 84 |
| iv_502-iv_505 | 1822 | 4169 | 36 | 89 |
| iv_503-iv_506 | 1907 | 4176 | 38 | 80 |
| iv_506-iv_510 | 1937 | 4196 | 44 | 73 |

### Input Bit Output Co-occurrences Sorted by Output Co-occurrences

| Input Bits | Co-occurrences | Potential Occurrences | Output Co-occurrences | Potential Output Occurrences |
|:----------:|:--------------:|:---------------------:|:---------------------:|:----------------------------:|
| iv_510-iv_511 | 2113 | 4383 | 47 | 71 |
| iv_509-iv_511 | 2038 | 4412 | 45 | 74 |
| iv_502-iv_506 | 1806 | 4235 | 44 | 76 |
| iv_503-iv_511 | 1997 | 4535 | 44 | 72 |
| iv_506-iv_510 | 1937 | 4196 | 44 | 73 |
| iv_507-iv_509 | 1969 | 4229 | 44 | 66 |
| iv_502-iv_511 | 1880 | 4626 | 43 | 82 |
| iv_504-iv_511 | 1966 | 4476 | 43 | 78 |
| iv_507-iv_511 | 2072 | 4511 | 43 | 76 |
| iv_506-iv_509 | 1905 | 4139 | 43 | 74 |

### Input Bit Output Co-occurrences Sorted by Potential Output Occurrences

| Input Bits | Co-occurrences | Potential Occurrences | Output Co-occurrences | Potential Output Occurrences |
|:----------:|:--------------:|:---------------------:|:---------------------:|:----------------------------:|
| iv_507-iv_509 | 1969 | 4229 | 44 | 66 |
| iv_503-iv_504 | 1847 | 4267 | 41 | 70 |
| iv_510-iv_511 | 2113 | 4383 | 47 | 71 |
| iv_503-iv_511 | 1997 | 4535 | 44 | 72 |
| iv_503-iv_505 | 1867 | 4222 | 40 | 73 |
| iv_506-iv_510 | 1937 | 4196 | 44 | 73 |
| iv_507-iv_510 | 2032 | 4224 | 41 | 73 |
| iv_504-iv_508 | 1858 | 4198 | 37 | 74 |
| iv_502-iv_507 | 1886 | 4293 | 42 | 74 |
| iv_506-iv_509 | 1905 | 4139 | 43 | 74 |

## Output Bits

### Output Bits in Regular Order

| Rank | Output Bit | Complexity |
|:----:|:----------:|:----------:|
| 1 | ov_001 | 3.7023619808263683 × 10^299 |
| 2 | ov_002 | 3.2209174863504567 × 10^299 |
| 3 | ov_003 | 2.7860199428621593 × 10^299 |
| 4 | ov_004 | 2.3957355778384485 × 10^299 |
| 5 | ov_005 | 2.048236660313926 × 10^299 |
| 6 | ov_006 | 1.7401561253500787 × 10^299 |
| 7 | ov_007 | 1.4683044741929564 × 10^299 |
| 8 | ov_008 | 1.2296589980070894 × 10^299 |
| 9 | ov_009 | 1.0213545070350974 × 10^299 |
| 10 | ov_010 | 8.406753962525714 × 10^298 |
| 11 | ov_011 | 6.850489177264146 × 10^298 |
| 12 | ov_012 | 5.520395670334899 × 10^298 |
| 13 | ov_013 | 4.393444982001933 × 10^298 |
| 14 | ov_014 | 3.4478986223304347 × 10^298 |
| 15 | ov_015 | 2.66327946567042 × 10^298 |
| 16 | ov_016 | 2.020349930986907 × 10^298 |
| 17 | ov_017 | 1.5010958154841957 × 10^298 |
| 18 | ov_018 | 1.0887147394197614 × 10^298 |
| 19 | ov_019 | 7.676082502462765 × 10^297 |
| 20 | ov_020 | 5.233767243428237 × 10^297 |
| 21 | ov_021 | 3.4281629465068755 × 10^297 |
| 22 | ov_022 | 2.139171225453763 × 10^297 |
| 23 | ov_023 | 1.2586244800295978 × 10^297 |
| 24 | ov_024 | 6.902803378160894 × 10^296 |
| 25 | ov_025 | 3.4981818719424377 × 10^296 |
| 26 | ov_026 | 1.6483709803824065 × 10^296 |
| 27 | ov_027 | 7.485470637111694 × 10^295 |
| 28 | ov_028 | 3.1306697185008053 × 10^295 |
| 29 | ov_029 | 1.2890387755498338 × 10^295 |
| 30 | ov_030 | 4.261997297299945 × 10^294 |
| 31 | ov_031 | 1.031241242224917 × 10^294 |
| 32 | lv_80_k31 | 2.4944368128668697 × 10^293 |
| 33 | ov_033 | 2.987809979093293 × 10^294 |
| 34 | ov_034 | 2.5847819486246138 × 10^294 |
| 35 | ov_035 | 2.2252631234087572 × 10^294 |
| 36 | ov_036 | 1.905720148063821 × 10^294 |
| 37 | ov_037 | 1.6228099497619623 × 10^294 |
| 38 | ov_038 | 1.3733662684537252 × 10^294 |
| 39 | ov_039 | 1.1543880198638303 × 10^294 |
| 40 | ov_040 | 9.630293133732684 × 10^293 |
| 41 | ov_041 | 7.96590957760845 × 10^293 |
| 42 | ov_042 | 6.5251329807062266 × 10^293 |
| 43 | ov_043 | 5.283702366674543 × 10^293 |
| 44 | ov_044 | 4.218643009039491 × 10^293 |
| 45 | ov_045 | 3.308226288074035 × 10^293 |
| 46 | ov_046 | 2.541894937664446 × 10^293 |
| 47 | ov_047 | 1.909691548733376 × 10^293 |
| 48 | ov_048 | 1.4022475030492042 × 10^293 |
| 49 | ov_049 | 1.0025605526039403 × 10^293 |
| 50 | ov_050 | 6.947724611336282 × 10^292 |
| 51 | ov_051 | 4.641616236175769 × 10^292 |
| 52 | ov_052 | 2.9713816766416045 × 10^292 |
| 53 | ov_053 | 1.8124089036931247 × 10^292 |
| 54 | ov_054 | 1.0513545948042985 × 10^292 |
| 55 | ov_055 | 5.861340433400618 × 10^291 |
| 56 | ov_056 | 3.259155717213379 × 10^291 |
| 57 | ov_057 | 1.9111738825635308 × 10^291 |
| 58 | ov_058 | 1.134057905872568 × 10^291 |
| 59 | ov_059 | 6.142578735605397 × 10^290 |
| 60 | ov_060 | 2.955411487476525 × 10^290 |
| 61 | ov_061 | 1.2167552390184167 × 10^290 |
| 62 | ov_062 | 4.0222777504772627 × 10^289 |
| 63 | ov_063 | 9.730165524275503 × 10^288 |
| 64 | lv_79_k31 | 2.3529981636365796 × 10^288 |
| 65 | ov_065 | 2.7859594748508603 × 10^289 |
| 66 | ov_066 | 2.7859528154809587 × 10^289 |
| 67 | ov_067 | 2.785950657253345 × 10^289 |
| 68 | ov_068 | 2.406563192234634 × 10^289 |
| 69 | ov_069 | 2.0667926235528282 × 10^289 |
| 70 | ov_070 | 1.7649158428926688 × 10^289 |
| 71 | ov_071 | 1.4977987403681668 × 10^289 |
| 72 | ov_072 | 1.2624989237213737 × 10^289 |
| 73 | ov_073 | 1.0562530188140044 × 10^289 |
| 74 | ov_074 | 8.764651335685139 × 10^288 |
| 75 | ov_075 | 7.20696423466308 × 10^288 |
| 76 | ov_076 | 5.86655698686759 × 10^288 |
| 77 | ov_077 | 4.721910145568781 × 10^288 |
| 78 | ov_078 | 3.752821882317556 × 10^288 |
| 79 | ov_079 | 2.9403418549032686 × 10^288 |
| 80 | ov_080 | 2.266713222560828 × 10^288 |
| 81 | ov_081 | 1.7153222598069696 × 10^288 |
| 82 | ov_082 | 1.2706550239920418 × 10^288 |
| 83 | ov_083 | 9.182605341365234 × 10^287 |
| 84 | ov_084 | 6.447199201970344 × 10^287 |
| 85 | ov_085 | 4.376210028518252 × 10^287 |
| 86 | ov_086 | 2.855377644381862 × 10^287 |
| 87 | ov_087 | 1.7801417198026558 × 10^287 |
| 88 | ov_088 | 1.0555181342072682 × 10^287 |
| 89 | ov_089 | 5.960080827198617 × 10^286 |
| 90 | ov_090 | 3.2553453962443044 × 10^286 |
| 91 | ov_091 | 1.774006918696432 × 10^286 |
| 92 | ov_092 | 9.426500126968445 × 10^285 |
| 93 | ov_093 | 4.979327401953755 × 10^285 |
| 94 | ov_094 | 2.232005768508361 × 10^285 |
| 95 | aaa_78_28 | 7.178983082248174 × 10^284 |
| 96 | aaa_78_29 | 2.7201810024368073 × 10^284 |
| 97 | ov_097 | 2.962964876290982 × 10^284 |
| 98 | ov_098 | 2.9628761768665285 × 10^284 |
| 99 | ov_099 | 2.962847860482406 × 10^284 |
| 100 | ov_100 | 2.666674358824237 × 10^284 |
| 101 | ov_101 | 2.392288988097064 × 10^284 |
| 102 | ov_102 | 2.138501893422165 × 10^284 |
| 103 | ov_103 | 1.9042104266802776 × 10^284 |
| 104 | ov_104 | 1.6883876650625315 × 10^284 |
| 105 | ov_105 | 1.4900719855427488 × 10^284 |
| 106 | ov_106 | 1.3083576387603833 × 10^284 |
| 107 | ov_107 | 1.1423862681418621 × 10^284 |
| 108 | ov_108 | 9.913393220168544 × 10^283 |
| 109 | ov_109 | 8.544313080555777 × 10^283 |
| 110 | ov_110 | 7.309038406118718 × 10^283 |
| 111 | ov_111 | 6.200204325473296 × 10^283 |
| 112 | ov_112 | 5.210619838727875 × 10^283 |
| 113 | ov_113 | 4.33322920114659 × 10^283 |
| 114 | ov_114 | 3.56107933730212 × 10^283 |
| 115 | ov_115 | 2.887292821877807 × 10^283 |
| 116 | ov_116 | 2.305045965228604 × 10^283 |
| 117 | ov_117 | 1.8075515430353806 × 10^283 |
| 118 | ov_118 | 1.3880457101008975 × 10^283 |
| 119 | ov_119 | 1.0397786387174843 × 10^283 |
| 120 | ov_120 | 7.560084222263939 × 10^282 |
| 121 | ov_121 | 5.2999751985526185 × 10^282 |
| 122 | ov_122 | 3.550108117407098 × 10^282 |
| 123 | ov_123 | 2.2431456266801522 × 10^282 |
| 124 | ov_124 | 1.3117581891884354 × 10^282 |
| 125 | ov_125 | 6.886201256755415 × 10^281 |
| 126 | ov_126 | 3.0640733916342295 × 10^281 |
| 127 | aaa_77_28 | 9.779623815966058 × 10^280 |
| 128 | aaa_77_29 | 3.663770592376796 × 10^280 |
| 129 | ov_129 | 3.3564671935704603 × 10^280 |
| 130 | ov_130 | 3.356459338739421 × 10^280 |
| 131 | ov_131 | 3.356456815272925 × 10^280 |
| 132 | ov_132 | 2.9027928476835077 × 10^280 |
| 133 | ov_133 | 2.497074107682626 × 10^280 |
| 134 | ov_134 | 2.1356193732847137 × 10^280 |
| 135 | ov_135 | 1.8149528112591753 × 10^280 |
| 136 | ov_136 | 1.5317889700131877 × 10^280 |
| 137 | ov_137 | 1.2830196765520843 × 10^280 |
| 138 | ov_138 | 1.065702703827305 × 10^280 |
| 139 | ov_139 | 8.770520500701573 × 10^279 |
| 140 | ov_140 | 7.1442966962762 × 10^279 |
| 141 | ov_141 | 5.753385036420213 × 10^279 |
| 142 | ov_142 | 4.5741666753081175 × 10^279 |
| 143 | ov_143 | 3.584326606737975 × 10^279 |
| 144 | ov_144 | 2.762814720431044 × 10^279 |
| 145 | ov_145 | 2.0898146374881864 × 10^279 |
| 146 | ov_146 | 1.5467192264735937 × 10^279 |
| 147 | ov_147 | 1.1161117829102868 × 10^279 |
| 148 | ov_148 | 7.817519360143124 × 10^278 |
| 149 | ov_149 | 5.2856542737498896 × 10^278 |
| 150 | ov_150 | 3.426369870770422 × 10^278 |
| 151 | ov_151 | 2.112056134974225 × 10^278 |
| 152 | ov_152 | 1.2266164371663068 × 10^278 |
| 153 | ov_153 | 6.654508217361236 × 10^277 |
| 154 | ov_154 | 3.354473587228861 × 10^277 |
| 155 | ov_155 | 1.5497796866481884 × 10^277 |
| 156 | aaa_76_25 | 5.389646963652347 × 10^276 |
| 157 | aaa_76_26 | 3.317400213789875 × 10^276 |
| 158 | aaa_76_27 | 1.8191598834801464 × 10^276 |
| 159 | aaa_76_28 | 8.574030905044516 × 10^275 |
| 160 | aaa_76_29 | 3.22872185297324 × 10^275 |

### Output Bits Sorted by Complexity

| Rank | Output Bit | Complexity |
|:----:|:----------:|:----------:|
| 160 | aaa_76_29 | 3.22872185297324 × 10^275 |
| 159 | aaa_76_28 | 8.574030905044516 × 10^275 |
| 158 | aaa_76_27 | 1.8191598834801464 × 10^276 |
| 157 | aaa_76_26 | 3.317400213789875 × 10^276 |
| 156 | aaa_76_25 | 5.389646963652347 × 10^276 |
| 155 | ov_155 | 1.5497796866481884 × 10^277 |
| 154 | ov_154 | 3.354473587228861 × 10^277 |
| 153 | ov_153 | 6.654508217361236 × 10^277 |
| 152 | ov_152 | 1.2266164371663068 × 10^278 |
| 151 | ov_151 | 2.112056134974225 × 10^278 |
| 150 | ov_150 | 3.426369870770422 × 10^278 |
| 149 | ov_149 | 5.2856542737498896 × 10^278 |
| 148 | ov_148 | 7.817519360143124 × 10^278 |
| 147 | ov_147 | 1.1161117829102868 × 10^279 |
| 146 | ov_146 | 1.5467192264735937 × 10^279 |
| 145 | ov_145 | 2.0898146374881864 × 10^279 |
| 144 | ov_144 | 2.762814720431044 × 10^279 |
| 143 | ov_143 | 3.584326606737975 × 10^279 |
| 142 | ov_142 | 4.5741666753081175 × 10^279 |
| 141 | ov_141 | 5.753385036420213 × 10^279 |
| 140 | ov_140 | 7.1442966962762 × 10^279 |
| 139 | ov_139 | 8.770520500701573 × 10^279 |
| 138 | ov_138 | 1.065702703827305 × 10^280 |
| 137 | ov_137 | 1.2830196765520843 × 10^280 |
| 136 | ov_136 | 1.5317889700131877 × 10^280 |
| 135 | ov_135 | 1.8149528112591753 × 10^280 |
| 134 | ov_134 | 2.1356193732847137 × 10^280 |
| 133 | ov_133 | 2.497074107682626 × 10^280 |
| 132 | ov_132 | 2.9027928476835077 × 10^280 |
| 131 | ov_131 | 3.356456815272925 × 10^280 |
| 130 | ov_130 | 3.356459338739421 × 10^280 |
| 129 | ov_129 | 3.3564671935704603 × 10^280 |
| 128 | aaa_77_29 | 3.663770592376796 × 10^280 |
| 127 | aaa_77_28 | 9.779623815966058 × 10^280 |
| 126 | ov_126 | 3.0640733916342295 × 10^281 |
| 125 | ov_125 | 6.886201256755415 × 10^281 |
| 124 | ov_124 | 1.3117581891884354 × 10^282 |
| 123 | ov_123 | 2.2431456266801522 × 10^282 |
| 122 | ov_122 | 3.550108117407098 × 10^282 |
| 121 | ov_121 | 5.2999751985526185 × 10^282 |
| 120 | ov_120 | 7.560084222263939 × 10^282 |
| 119 | ov_119 | 1.0397786387174843 × 10^283 |
| 118 | ov_118 | 1.3880457101008975 × 10^283 |
| 117 | ov_117 | 1.8075515430353806 × 10^283 |
| 116 | ov_116 | 2.305045965228604 × 10^283 |
| 115 | ov_115 | 2.887292821877807 × 10^283 |
| 114 | ov_114 | 3.56107933730212 × 10^283 |
| 113 | ov_113 | 4.33322920114659 × 10^283 |
| 112 | ov_112 | 5.210619838727875 × 10^283 |
| 111 | ov_111 | 6.200204325473296 × 10^283 |
| 110 | ov_110 | 7.309038406118718 × 10^283 |
| 109 | ov_109 | 8.544313080555777 × 10^283 |
| 108 | ov_108 | 9.913393220168544 × 10^283 |
| 107 | ov_107 | 1.1423862681418621 × 10^284 |
| 106 | ov_106 | 1.3083576387603833 × 10^284 |
| 105 | ov_105 | 1.4900719855427488 × 10^284 |
| 104 | ov_104 | 1.6883876650625315 × 10^284 |
| 103 | ov_103 | 1.9042104266802776 × 10^284 |
| 102 | ov_102 | 2.138501893422165 × 10^284 |
| 101 | ov_101 | 2.392288988097064 × 10^284 |
| 100 | ov_100 | 2.666674358824237 × 10^284 |
| 96 | aaa_78_29 | 2.7201810024368073 × 10^284 |
| 99 | ov_099 | 2.962847860482406 × 10^284 |
| 98 | ov_098 | 2.9628761768665285 × 10^284 |
| 97 | ov_097 | 2.962964876290982 × 10^284 |
| 95 | aaa_78_28 | 7.178983082248174 × 10^284 |
| 94 | ov_094 | 2.232005768508361 × 10^285 |
| 93 | ov_093 | 4.979327401953755 × 10^285 |
| 92 | ov_092 | 9.426500126968445 × 10^285 |
| 91 | ov_091 | 1.774006918696432 × 10^286 |
| 90 | ov_090 | 3.2553453962443044 × 10^286 |
| 89 | ov_089 | 5.960080827198617 × 10^286 |
| 88 | ov_088 | 1.0555181342072682 × 10^287 |
| 87 | ov_087 | 1.7801417198026558 × 10^287 |
| 86 | ov_086 | 2.855377644381862 × 10^287 |
| 85 | ov_085 | 4.376210028518252 × 10^287 |
| 84 | ov_084 | 6.447199201970344 × 10^287 |
| 83 | ov_083 | 9.182605341365234 × 10^287 |
| 82 | ov_082 | 1.2706550239920418 × 10^288 |
| 81 | ov_081 | 1.7153222598069696 × 10^288 |
| 80 | ov_080 | 2.266713222560828 × 10^288 |
| 64 | lv_79_k31 | 2.3529981636365796 × 10^288 |
| 79 | ov_079 | 2.9403418549032686 × 10^288 |
| 78 | ov_078 | 3.752821882317556 × 10^288 |
| 77 | ov_077 | 4.721910145568781 × 10^288 |
| 76 | ov_076 | 5.86655698686759 × 10^288 |
| 75 | ov_075 | 7.20696423466308 × 10^288 |
| 74 | ov_074 | 8.764651335685139 × 10^288 |
| 63 | ov_063 | 9.730165524275503 × 10^288 |
| 73 | ov_073 | 1.0562530188140044 × 10^289 |
| 72 | ov_072 | 1.2624989237213737 × 10^289 |
| 71 | ov_071 | 1.4977987403681668 × 10^289 |
| 70 | ov_070 | 1.7649158428926688 × 10^289 |
| 69 | ov_069 | 2.0667926235528282 × 10^289 |
| 68 | ov_068 | 2.406563192234634 × 10^289 |
| 67 | ov_067 | 2.785950657253345 × 10^289 |
| 66 | ov_066 | 2.7859528154809587 × 10^289 |
| 65 | ov_065 | 2.7859594748508603 × 10^289 |
| 62 | ov_062 | 4.0222777504772627 × 10^289 |
| 61 | ov_061 | 1.2167552390184167 × 10^290 |
| 60 | ov_060 | 2.955411487476525 × 10^290 |
| 59 | ov_059 | 6.142578735605397 × 10^290 |
| 58 | ov_058 | 1.134057905872568 × 10^291 |
| 57 | ov_057 | 1.9111738825635308 × 10^291 |
| 56 | ov_056 | 3.259155717213379 × 10^291 |
| 55 | ov_055 | 5.861340433400618 × 10^291 |
| 54 | ov_054 | 1.0513545948042985 × 10^292 |
| 53 | ov_053 | 1.8124089036931247 × 10^292 |
| 52 | ov_052 | 2.9713816766416045 × 10^292 |
| 51 | ov_051 | 4.641616236175769 × 10^292 |
| 50 | ov_050 | 6.947724611336282 × 10^292 |
| 49 | ov_049 | 1.0025605526039403 × 10^293 |
| 48 | ov_048 | 1.4022475030492042 × 10^293 |
| 47 | ov_047 | 1.909691548733376 × 10^293 |
| 32 | lv_80_k31 | 2.4944368128668697 × 10^293 |
| 46 | ov_046 | 2.541894937664446 × 10^293 |
| 45 | ov_045 | 3.308226288074035 × 10^293 |
| 44 | ov_044 | 4.218643009039491 × 10^293 |
| 43 | ov_043 | 5.283702366674543 × 10^293 |
| 42 | ov_042 | 6.5251329807062266 × 10^293 |
| 41 | ov_041 | 7.96590957760845 × 10^293 |
| 40 | ov_040 | 9.630293133732684 × 10^293 |
| 31 | ov_031 | 1.031241242224917 × 10^294 |
| 39 | ov_039 | 1.1543880198638303 × 10^294 |
| 38 | ov_038 | 1.3733662684537252 × 10^294 |
| 37 | ov_037 | 1.6228099497619623 × 10^294 |
| 36 | ov_036 | 1.905720148063821 × 10^294 |
| 35 | ov_035 | 2.2252631234087572 × 10^294 |
| 34 | ov_034 | 2.5847819486246138 × 10^294 |
| 33 | ov_033 | 2.987809979093293 × 10^294 |
| 30 | ov_030 | 4.261997297299945 × 10^294 |
| 29 | ov_029 | 1.2890387755498338 × 10^295 |
| 28 | ov_028 | 3.1306697185008053 × 10^295 |
| 27 | ov_027 | 7.485470637111694 × 10^295 |
| 26 | ov_026 | 1.6483709803824065 × 10^296 |
| 25 | ov_025 | 3.4981818719424377 × 10^296 |
| 24 | ov_024 | 6.902803378160894 × 10^296 |
| 23 | ov_023 | 1.2586244800295978 × 10^297 |
| 22 | ov_022 | 2.139171225453763 × 10^297 |
| 21 | ov_021 | 3.4281629465068755 × 10^297 |
| 20 | ov_020 | 5.233767243428237 × 10^297 |
| 19 | ov_019 | 7.676082502462765 × 10^297 |
| 18 | ov_018 | 1.0887147394197614 × 10^298 |
| 17 | ov_017 | 1.5010958154841957 × 10^298 |
| 16 | ov_016 | 2.020349930986907 × 10^298 |
| 15 | ov_015 | 2.66327946567042 × 10^298 |
| 14 | ov_014 | 3.4478986223304347 × 10^298 |
| 13 | ov_013 | 4.393444982001933 × 10^298 |
| 12 | ov_012 | 5.520395670334899 × 10^298 |
| 11 | ov_011 | 6.850489177264146 × 10^298 |
| 10 | ov_010 | 8.406753962525714 × 10^298 |
| 9 | ov_009 | 1.0213545070350974 × 10^299 |
| 8 | ov_008 | 1.2296589980070894 × 10^299 |
| 7 | ov_007 | 1.4683044741929564 × 10^299 |
| 6 | ov_006 | 1.7401561253500787 × 10^299 |
| 5 | ov_005 | 2.048236660313926 × 10^299 |
| 4 | ov_004 | 2.3957355778384485 × 10^299 |
| 3 | ov_003 | 2.7860199428621593 × 10^299 |
| 2 | ov_002 | 3.2209174863504567 × 10^299 |
| 1 | ov_001 | 3.7023619808263683 × 10^299 |

