# Results for F001-F002-F003-F004-F005-F006-F007-F008-F009-F010-F011-F012-F013-F014-F015-F016-F017-F018-F019-F020-F021-F022-F023-F024-F025-F026-F027-F028-F029-F030-F031-F032-F033-F034-F035-F036-F037-F038-F039-F040-F041-F042-F043-F044-F045-F046-F047-F048-F049-F050-F051-F052-F053-F054-F055-F056-F057-F058-F059-F060-F061-F062-F063-F064-F065-F066-F067-F068-F069-F070-F071-F072-F073-F074-F075-F076-F077-F078-F079-F080-F081-F082-F083-F084-F085-F086-F087-F088-F089-F090-F091-F092-F093-F094-F095-F096-F097-F098-F099-F100-F101-F102-F103-F104-F105-F106-F107-F108-F109-F110-F111-F112-F113-F114-F115-F116-F117-F118-F119-F120-F121-F122-F123-F124-F125-F126-F127-F128-F129-F130-F131-F132-F133-F134-F135-F136-F137-F138-F139-F140-F141-F142-F143-F144-F145-F146-F147-F148-F149-F150-F151-F152-F153-F154-F155-F156-F157-F158-F159-F160-F161-F162-F163-F164-F165-F166-F167-F168-F169-F170-F171-F172-F173-F174-F175-F176-F177-F178-F179-F180-F181-F182-F183-F184-F185-F186-F187-F188-F189-F190-F191-F192-F193-F194-F195-F196-F197-F198-F199-F200-F201-F202-F203-F204-F205-F206-F207-F208-F209-F210-F211-F212-F213-F214-F215-F216-F217-F218-F219-F220-F221-F222-F223-F224-F225-F226-F227-F228-F229-F230-F231-F232-F233-F234-F235-F236-F237-F238-F239-F240-F241-F242-F243-F244-F245-F246-F247-F248-F249-F250-F251-F252-F253-F254-F255-F256-F257-F258-F259-F260-F261-F262-F263-F264-F265-F266-F267-F268-F269-F270-F271-F272-F273-F274-F275-F276-F277-F278-F279-F280-F281-F282-F283-F284-F285-F286-F287-F288-F289-F290-F291-F292-F293-F294-F295-F296-F297-F298-F299-F300-F301-F302-F303-F304-F305-F306-F307-F308-F309-F310-F311-F312-F313-F314-F315-F316-F317-F318-F319-F320-F321-F322-F323-F324-F325-F326-F327-F328-F329-F330-F331-F332-F333-F334-F335-F336-F337-F338-F339-F340-F341-F342-F343-F344-F345-F346-F347-F348-F349-F350-F351-F352-F353-F354-F355-F356-F357-F358-F359-F360-F361-F362-F363-F364-F365-F366-F367-F368-F369-F370-F371-F372-F373-F374-F375-F376-F377-F378-F379-F380-F381-F382-F383-F384-F385-F386-F387-F388-F389-F390-F391-F392-F393-F394-F395-F396-F397-F398-F399-F400-F401-F402-F403-F404-F405-F406-F407-F408-F409-F410-F411-F412-F413-F414-F415-F416-F417-F418-F419-F420-F421-F422-F423-F424-F425-F426-F427-F428-F429-F430-F431-F432-F433-F434-F435-F436-F437-F438-F439-F440-F441-F442-F443-F444-F445-F446-F447-F448-F449-F450-F451-F452-F453-F454-F455-F456-F457-F458-F459-F460-F461-F462-F463-F464-F465-F466-F467-F468-F469-F470-F471-F472-F473-F474-F475-F476-F477-F478-F479-F480-F481-F482-F483-F484-F485-F486-F487-F488-F489-F490-F491-F492-F493-F494-F495-F496-O500505-F507-F508-F509-F510-F512

## Summary

Number of input bits: 512  
Number of free input bits: 10  
Number of output bits: 160

Number of direct occurrences: 41213  
Number of assignments: 31245  
Number of operations: 11217632
(xor: 11189188,
and: 15211,
or: 13233)

Total complexity: 2.1767273221188902 × 10^300

Least occurring input variable: iv_499 (3927)  
Most occurring input variable: iv_511 (4433)

Most co-occurring input variables: iv_500-iv_511 (2126)  
Least co-occurring input variables: iv_499-iv_506 (1777)

Potentially most occurring input variable: iv_497/iv_511 (4609)  
Potentially least occurring input variable: iv_499/iv_504 (4141)

Least output occurring input variable: iv_499 (72)  
Most output occurring input variable: iv_511 (83)

Most output co-occurring input variables: iv_501-iv_511 (46)  
Least output co-occurring input variables: iv_498-iv_501 (30)

Potentially most output occurring input variable: iv_497/iv_503 (96)  
Potentially least output occurring input variable: iv_497/iv_498 (65)

Least complex input bit: iv_511 (1.016314341959676 × 10^295)  
Most complex input bit: iv_500 (7.723506361201711 × 10^299)

Least complex output bit: aaa_76_29 (1.873133255992429 × 10^275)  
Most complex output bit: ov_001 (3.4028874003473065 × 10^299)

Least complex input/output complexity: iv_511/aaa_76_29 (8.745662229358238 × 10^269)  
Most complex input/output complexity: iv_500/ov_001 (1.2074191478173606 × 10^299)

## Input Bits

### Input Bits in Regular Order

| Input Bit | Complexity | Occurrences | Output Occurrences |
|:---------:|:----------:|:-----------:|:------------------:|
| iv_497 | 1.2571259714760023 × 10^298 | 4066 | 80 |
| iv_498 | 2.5077593097517134 × 10^298 | 4025 | 73 |
| iv_499 | 4.503339840974936 × 10^298 | 3927 | 72 |
| iv_500 | 7.723506361201711 × 10^299 | 4393 | 79 |
| iv_501 | 1.2987740016464642 × 10^299 | 4084 | 77 |
| iv_502 | 2.130356556662782 × 10^299 | 3933 | 73 |
| iv_503 | 3.420182365271108 × 10^299 | 4191 | 78 |
| iv_504 | 5.373415701614765 × 10^299 | 4116 | 79 |
| iv_506 | 9.941140911376297 × 10^298 | 4045 | 77 |
| iv_511 | 1.016314341959676 × 10^295 | 4433 | 83 |

### Input Bits Sorted by Complexity

| Input Bit | Complexity | Occurrences | Output Occurrences |
|:---------:|:----------:|:-----------:|:------------------:|
| iv_511 | 1.016314341959676 × 10^295 | 4433 | 83 |
| iv_497 | 1.2571259714760023 × 10^298 | 4066 | 80 |
| iv_498 | 2.5077593097517134 × 10^298 | 4025 | 73 |
| iv_499 | 4.503339840974936 × 10^298 | 3927 | 72 |
| iv_506 | 9.941140911376297 × 10^298 | 4045 | 77 |
| iv_501 | 1.2987740016464642 × 10^299 | 4084 | 77 |
| iv_502 | 2.130356556662782 × 10^299 | 3933 | 73 |
| iv_503 | 3.420182365271108 × 10^299 | 4191 | 78 |
| iv_504 | 5.373415701614765 × 10^299 | 4116 | 79 |
| iv_500 | 7.723506361201711 × 10^299 | 4393 | 79 |

### Input Bits Sorted by Occurrences

| Input Bit | Complexity | Occurrences | Output Occurrences |
|:---------:|:----------:|:-----------:|:------------------:|
| iv_499 | 4.503339840974936 × 10^298 | 3927 | 72 |
| iv_502 | 2.130356556662782 × 10^299 | 3933 | 73 |
| iv_498 | 2.5077593097517134 × 10^298 | 4025 | 73 |
| iv_506 | 9.941140911376297 × 10^298 | 4045 | 77 |
| iv_497 | 1.2571259714760023 × 10^298 | 4066 | 80 |
| iv_501 | 1.2987740016464642 × 10^299 | 4084 | 77 |
| iv_504 | 5.373415701614765 × 10^299 | 4116 | 79 |
| iv_503 | 3.420182365271108 × 10^299 | 4191 | 78 |
| iv_500 | 7.723506361201711 × 10^299 | 4393 | 79 |
| iv_511 | 1.016314341959676 × 10^295 | 4433 | 83 |

### Input Bits Sorted by Output Occurrences

| Input Bit | Complexity | Occurrences | Output Occurrences |
|:---------:|:----------:|:-----------:|:------------------:|
| iv_499 | 4.503339840974936 × 10^298 | 3927 | 72 |
| iv_502 | 2.130356556662782 × 10^299 | 3933 | 73 |
| iv_498 | 2.5077593097517134 × 10^298 | 4025 | 73 |
| iv_501 | 1.2987740016464642 × 10^299 | 4084 | 77 |
| iv_506 | 9.941140911376297 × 10^298 | 4045 | 77 |
| iv_503 | 3.420182365271108 × 10^299 | 4191 | 78 |
| iv_500 | 7.723506361201711 × 10^299 | 4393 | 79 |
| iv_504 | 5.373415701614765 × 10^299 | 4116 | 79 |
| iv_497 | 1.2571259714760023 × 10^298 | 4066 | 80 |
| iv_511 | 1.016314341959676 × 10^295 | 4433 | 83 |

## Input Bit Co-occurrences

### Input Bit Co-occurrences Sorted by Co-occurrences

| Input Bits | Co-occurrences | Potential Occurrences | Output Co-occurrences | Potential Output Occurrences |
|:----------:|:--------------:|:---------------------:|:---------------------:|:----------------------------:|
| iv_500-iv_511 | 2126 | 4574 | 45 | 72 |
| iv_500-iv_503 | 2094 | 4396 | 41 | 75 |
| iv_503-iv_511 | 2092 | 4440 | 41 | 79 |
| iv_501-iv_511 | 2078 | 4361 | 46 | 68 |
| iv_500-iv_504 | 2062 | 4385 | 35 | 88 |
| iv_504-iv_511 | 2056 | 4437 | 43 | 76 |
| iv_500-iv_506 | 2033 | 4372 | 38 | 80 |
| iv_500-iv_501 | 2020 | 4437 | 40 | 76 |
| iv_497-iv_500 | 1998 | 4463 | 42 | 75 |
| iv_498-iv_504 | 1989 | 4163 | 39 | 74 |

### Input Bit Co-occurrences Sorted by Potential Occurrences

| Input Bits | Co-occurrences | Potential Occurrences | Output Co-occurrences | Potential Output Occurrences |
|:----------:|:--------------:|:---------------------:|:---------------------:|:----------------------------:|
| iv_499-iv_504 | 1951 | 4141 | 36 | 79 |
| iv_498-iv_504 | 1989 | 4163 | 39 | 74 |
| iv_499-iv_502 | 1846 | 4168 | 32 | 81 |
| iv_498-iv_499 | 1867 | 4218 | 31 | 83 |
| iv_499-iv_501 | 1891 | 4229 | 41 | 67 |
| iv_501-iv_502 | 1884 | 4249 | 40 | 70 |
| iv_497-iv_499 | 1868 | 4257 | 37 | 78 |
| iv_498-iv_506 | 1904 | 4262 | 41 | 68 |
| iv_497-iv_506 | 1920 | 4271 | 40 | 77 |
| iv_502-iv_506 | 1851 | 4276 | 35 | 80 |

### Input Bit Output Co-occurrences Sorted by Output Co-occurrences

| Input Bits | Co-occurrences | Potential Occurrences | Output Co-occurrences | Potential Output Occurrences |
|:----------:|:--------------:|:---------------------:|:---------------------:|:----------------------------:|
| iv_501-iv_511 | 2078 | 4361 | 46 | 68 |
| iv_500-iv_511 | 2126 | 4574 | 45 | 72 |
| iv_502-iv_511 | 1905 | 4556 | 44 | 68 |
| iv_497-iv_498 | 1898 | 4295 | 44 | 65 |
| iv_497-iv_511 | 1945 | 4609 | 44 | 75 |
| iv_504-iv_511 | 2056 | 4437 | 43 | 76 |
| iv_503-iv_506 | 1942 | 4352 | 42 | 71 |
| iv_497-iv_500 | 1998 | 4463 | 42 | 75 |
| iv_503-iv_511 | 2092 | 4440 | 41 | 79 |
| iv_499-iv_501 | 1891 | 4229 | 41 | 67 |

### Input Bit Output Co-occurrences Sorted by Potential Output Occurrences

| Input Bits | Co-occurrences | Potential Occurrences | Output Co-occurrences | Potential Output Occurrences |
|:----------:|:--------------:|:---------------------:|:---------------------:|:----------------------------:|
| iv_497-iv_498 | 1898 | 4295 | 44 | 65 |
| iv_499-iv_501 | 1891 | 4229 | 41 | 67 |
| iv_501-iv_511 | 2078 | 4361 | 46 | 68 |
| iv_502-iv_511 | 1905 | 4556 | 44 | 68 |
| iv_498-iv_506 | 1904 | 4262 | 41 | 68 |
| iv_501-iv_502 | 1884 | 4249 | 40 | 70 |
| iv_503-iv_506 | 1942 | 4352 | 42 | 71 |
| iv_500-iv_511 | 2126 | 4574 | 45 | 72 |
| iv_498-iv_502 | 1830 | 4298 | 36 | 74 |
| iv_498-iv_504 | 1989 | 4163 | 39 | 74 |

## Output Bits

### Output Bits in Regular Order

| Rank | Output Bit | Complexity |
|:----:|:----------:|:----------:|
| 1 | ov_001 | 3.4028874003473065 × 10^299 |
| 2 | ov_002 | 2.9611058190397876 × 10^299 |
| 3 | ov_003 | 2.5644748083045344 × 10^299 |
| 4 | ov_004 | 2.209610754408296 × 10^299 |
| 5 | ov_005 | 1.8933155051850319 × 10^299 |
| 6 | ov_006 | 1.6125629955300405 × 10^299 |
| 7 | ov_007 | 1.364487614017938 × 10^299 |
| 8 | ov_008 | 1.146374205409468 × 10^299 |
| 9 | ov_009 | 9.556495783402352 × 10^298 |
| 10 | ov_010 | 7.89875363531432 × 10^298 |
| 11 | ov_011 | 6.467420661070433 × 10^298 |
| 12 | ov_012 | 5.2406416455981 × 10^298 |
| 13 | ov_013 | 4.1977611769577446 × 10^298 |
| 14 | ov_014 | 3.319291495422968 × 10^298 |
| 15 | ov_015 | 2.586886907577954 × 10^298 |
| 16 | ov_016 | 1.983323635576432 × 10^298 |
| 17 | ov_017 | 1.4924840558915194 × 10^298 |
| 18 | ov_018 | 1.0993444153436472 × 10^298 |
| 19 | ov_019 | 7.899653395488969 × 10^297 |
| 20 | ov_020 | 5.514846605080702 × 10^297 |
| 21 | ov_021 | 3.72112186554222 × 10^297 |
| 22 | ov_022 | 2.4112605050482017 × 10^297 |
| 23 | ov_023 | 1.4887025553881697 × 10^297 |
| 24 | ov_024 | 8.675307983353759 × 10^296 |
| 25 | ov_025 | 4.7246100359062174 × 10^296 |
| 26 | ov_026 | 2.388365813242521 × 10^296 |
| 27 | ov_027 | 1.1262606627979664 × 10^296 |
| 28 | ov_028 | 5.042212585368161 × 10^295 |
| 29 | ov_029 | 1.944124083885287 × 10^295 |
| 30 | ov_030 | 5.947588403093562 × 10^294 |
| 31 | ov_031 | 1.1611565553097105 × 10^294 |
| 32 | lv_80_m31 | 2.2667646686597864 × 10^293 |
| 33 | ov_033 | 2.7165428189677316 × 10^294 |
| 34 | ov_034 | 2.360493472965807 × 10^294 |
| 35 | ov_035 | 2.0415266718742407 × 10^294 |
| 36 | ov_036 | 1.756367241652019 × 10^294 |
| 37 | ov_037 | 1.501916553863619 × 10^294 |
| 38 | ov_038 | 1.2752400869823285 × 10^294 |
| 39 | ov_039 | 1.0735566860038653 × 10^294 |
| 40 | ov_040 | 8.955128733889134 × 10^293 |
| 41 | ov_041 | 7.398251320208671 × 10^293 |
| 42 | ov_042 | 6.05276317235373 × 10^293 |
| 43 | ov_043 | 4.907126488930852 × 10^293 |
| 44 | ov_044 | 3.940071282404895 × 10^293 |
| 45 | ov_045 | 3.131487462730362 × 10^293 |
| 46 | ov_046 | 2.4623950492490176 × 10^293 |
| 47 | ov_047 | 1.914920546029716 × 10^293 |
| 48 | ov_048 | 1.4722784829522133 × 10^293 |
| 49 | ov_049 | 1.1187572005331027 × 10^293 |
| 50 | ov_050 | 8.397080316608914 × 10^292 |
| 51 | ov_051 | 6.21537147125678 × 10^292 |
| 52 | ov_052 | 4.516995185256044 × 10^292 |
| 53 | ov_053 | 3.186946247275056 × 10^292 |
| 54 | ov_054 | 2.1703289452185742 × 10^292 |
| 55 | ov_055 | 1.417450170239507 × 10^292 |
| 56 | ov_056 | 8.83812652664414 × 10^291 |
| 57 | ov_057 | 5.301109540176693 × 10^291 |
| 58 | ov_058 | 2.933016882443145 × 10^291 |
| 59 | ov_059 | 1.444573518889219 × 10^291 |
| 60 | ov_060 | 5.9838289579246964 × 10^290 |
| 61 | ov_061 | 2.0892503563925695 × 10^290 |
| 62 | ov_062 | 5.728518974238185 × 10^289 |
| 63 | ov_063 | 1.1159387521054096 × 10^289 |
| 64 | lv_79_m31 | 2.17337688725804 × 10^288 |
| 65 | ov_065 | 2.5831706894310274 × 10^289 |
| 66 | ov_066 | 2.5831641665332307 × 10^289 |
| 67 | ov_067 | 2.5831626341487055 × 10^289 |
| 68 | ov_068 | 2.23286682789617 × 10^289 |
| 69 | ov_069 | 1.919931421625714 × 10^289 |
| 70 | ov_070 | 1.6415202048551053 × 10^289 |
| 71 | ov_071 | 1.3949321130245074 × 10^289 |
| 72 | ov_072 | 1.1775944241979918 × 10^289 |
| 73 | ov_073 | 9.870573904069497 × 10^288 |
| 74 | ov_074 | 8.209898678083628 × 10^288 |
| 75 | ov_075 | 6.771755776488753 × 10^288 |
| 76 | ov_076 | 5.535097840577138 × 10^288 |
| 77 | ov_077 | 4.479963203521994 × 10^288 |
| 78 | ov_078 | 3.5874494345481074 × 10^288 |
| 79 | ov_079 | 2.839689963805387 × 10^288 |
| 80 | ov_080 | 2.2198335903294277 × 10^288 |
| 81 | ov_081 | 1.712026677623208 × 10^288 |
| 82 | ov_082 | 1.3013978430295833 × 10^288 |
| 83 | ov_083 | 9.740449482868746 × 10^287 |
| 84 | ov_084 | 7.170241995445459 × 10^287 |
| 85 | ov_085 | 5.183411657258531 × 10^287 |
| 86 | ov_086 | 3.6694352452392 × 10^287 |
| 87 | ov_087 | 2.5271534556921433 × 10^287 |
| 88 | ov_088 | 1.6647272045971242 × 10^287 |
| 89 | ov_089 | 1.038562324736089 × 10^287 |
| 90 | ov_090 | 6.097019857111948 × 10^286 |
| 91 | ov_091 | 3.4381763815604116 × 10^286 |
| 92 | ov_092 | 1.8611690017061884 × 10^286 |
| 93 | ov_093 | 9.104473456798258 × 10^285 |
| 94 | ov_094 | 3.813256824905651 × 10^285 |
| 95 | aaa_78_28 | 1.1529080563310564 × 10^285 |
| 96 | aaa_78_29 | 3.425724308150251 × 10^284 |
| 97 | ov_097 | 1.9272421626757814 × 10^284 |
| 98 | ov_098 | 1.9272106571023964 × 10^284 |
| 99 | ov_099 | 1.9272005841990682 × 10^284 |
| 100 | ov_100 | 1.5734238702675246 × 10^284 |
| 101 | ov_101 | 1.280989361666556 × 10^284 |
| 102 | ov_102 | 1.0421474390662378 × 10^284 |
| 103 | ov_103 | 8.495730175169245 × 10^283 |
| 104 | ov_104 | 6.963345648471861 × 10^283 |
| 105 | ov_105 | 5.758672156750543 × 10^283 |
| 106 | ov_106 | 4.819495984344092 × 10^283 |
| 107 | ov_107 | 4.0868401256510343 × 10^283 |
| 108 | ov_108 | 3.50479612063882 × 10^283 |
| 109 | ov_109 | 3.020382700815507 × 10^283 |
| 110 | ov_110 | 2.583428172983912 × 10^283 |
| 111 | ov_111 | 2.1912983890162054 × 10^283 |
| 112 | ov_112 | 1.8414222814054174 × 10^283 |
| 113 | ov_113 | 1.5312786681260952 × 10^283 |
| 114 | ov_114 | 1.25838526451888 × 10^283 |
| 115 | ov_115 | 1.0202897325509475 × 10^283 |
| 116 | ov_116 | 8.145625982354847 × 10^282 |
| 117 | ov_117 | 6.387916875134657 × 10^282 |
| 118 | ov_118 | 4.905775713913076 × 10^282 |
| 119 | ov_119 | 3.675297341355146 × 10^282 |
| 120 | ov_120 | 2.672634977370767 × 10^282 |
| 121 | ov_121 | 1.873978323403958 × 10^282 |
| 122 | ov_122 | 1.2555394727707609 × 10^282 |
| 123 | ov_123 | 7.935436442439683 × 10^281 |
| 124 | ov_124 | 4.6422293142113425 × 10^281 |
| 125 | ov_125 | 2.438124304517569 × 10^281 |
| 126 | ov_126 | 1.0854826482249289 × 10^281 |
| 127 | aaa_77_28 | 3.466682716950034 × 10^280 |
| 128 | aaa_77_29 | 1.3000079835843605 × 10^280 |
| 129 | ov_129 | 1.1967696226818443 × 10^280 |
| 130 | ov_130 | 1.1967659756013088 × 10^280 |
| 131 | ov_131 | 1.196765094156156 × 10^280 |
| 132 | ov_132 | 1.037221521603213 × 10^280 |
| 133 | ov_133 | 8.942841164697565 × 10^279 |
| 134 | ov_134 | 7.666386690906994 × 10^279 |
| 135 | ov_135 | 6.530410018257915 × 10^279 |
| 136 | ov_136 | 5.523119685351877 × 10^279 |
| 137 | ov_137 | 4.638776751236346 × 10^279 |
| 138 | ov_138 | 3.866767831607205 × 10^279 |
| 139 | ov_139 | 3.197019364249386 × 10^279 |
| 140 | ov_140 | 2.61997179244342 × 10^279 |
| 141 | ov_141 | 2.126558259918684 × 10^279 |
| 142 | ov_142 | 1.7081872690560962 × 10^279 |
| 143 | ov_143 | 1.3567287860913234 × 10^279 |
| 144 | ov_144 | 1.0645033088048926 × 10^279 |
| 145 | ov_145 | 8.242734436981544 × 10^278 |
| 146 | ov_146 | 6.2923757101067014 × 10^278 |
| 147 | ov_147 | 4.730252071844467 × 10^278 |
| 148 | ov_148 | 3.496937055594264 × 10^278 |
| 149 | ov_149 | 2.5372596721806057 × 10^278 |
| 150 | ov_150 | 1.800288796768661 × 10^278 |
| 151 | ov_151 | 1.2393227429409506 × 10^278 |
| 152 | ov_152 | 8.118826059740408 × 10^277 |
| 153 | ov_153 | 4.977839957235725 × 10^277 |
| 154 | ov_154 | 2.7895119534168265 × 10^277 |
| 155 | ov_155 | 1.3941635509792015 × 10^277 |
| 156 | aaa_76_25 | 5.356579450950679 × 10^276 |
| 157 | aaa_76_26 | 3.092725480387091 × 10^276 |
| 158 | aaa_76_27 | 1.5827961543304075 × 10^276 |
| 159 | aaa_76_28 | 6.160945951051898 × 10^275 |
| 160 | aaa_76_29 | 1.873133255992429 × 10^275 |

### Output Bits Sorted by Complexity

| Rank | Output Bit | Complexity |
|:----:|:----------:|:----------:|
| 160 | aaa_76_29 | 1.873133255992429 × 10^275 |
| 159 | aaa_76_28 | 6.160945951051898 × 10^275 |
| 158 | aaa_76_27 | 1.5827961543304075 × 10^276 |
| 157 | aaa_76_26 | 3.092725480387091 × 10^276 |
| 156 | aaa_76_25 | 5.356579450950679 × 10^276 |
| 155 | ov_155 | 1.3941635509792015 × 10^277 |
| 154 | ov_154 | 2.7895119534168265 × 10^277 |
| 153 | ov_153 | 4.977839957235725 × 10^277 |
| 152 | ov_152 | 8.118826059740408 × 10^277 |
| 151 | ov_151 | 1.2393227429409506 × 10^278 |
| 150 | ov_150 | 1.800288796768661 × 10^278 |
| 149 | ov_149 | 2.5372596721806057 × 10^278 |
| 148 | ov_148 | 3.496937055594264 × 10^278 |
| 147 | ov_147 | 4.730252071844467 × 10^278 |
| 146 | ov_146 | 6.2923757101067014 × 10^278 |
| 145 | ov_145 | 8.242734436981544 × 10^278 |
| 144 | ov_144 | 1.0645033088048926 × 10^279 |
| 143 | ov_143 | 1.3567287860913234 × 10^279 |
| 142 | ov_142 | 1.7081872690560962 × 10^279 |
| 141 | ov_141 | 2.126558259918684 × 10^279 |
| 140 | ov_140 | 2.61997179244342 × 10^279 |
| 139 | ov_139 | 3.197019364249386 × 10^279 |
| 138 | ov_138 | 3.866767831607205 × 10^279 |
| 137 | ov_137 | 4.638776751236346 × 10^279 |
| 136 | ov_136 | 5.523119685351877 × 10^279 |
| 135 | ov_135 | 6.530410018257915 × 10^279 |
| 134 | ov_134 | 7.666386690906994 × 10^279 |
| 133 | ov_133 | 8.942841164697565 × 10^279 |
| 132 | ov_132 | 1.037221521603213 × 10^280 |
| 131 | ov_131 | 1.196765094156156 × 10^280 |
| 130 | ov_130 | 1.1967659756013088 × 10^280 |
| 129 | ov_129 | 1.1967696226818443 × 10^280 |
| 128 | aaa_77_29 | 1.3000079835843605 × 10^280 |
| 127 | aaa_77_28 | 3.466682716950034 × 10^280 |
| 126 | ov_126 | 1.0854826482249289 × 10^281 |
| 125 | ov_125 | 2.438124304517569 × 10^281 |
| 124 | ov_124 | 4.6422293142113425 × 10^281 |
| 123 | ov_123 | 7.935436442439683 × 10^281 |
| 122 | ov_122 | 1.2555394727707609 × 10^282 |
| 121 | ov_121 | 1.873978323403958 × 10^282 |
| 120 | ov_120 | 2.672634977370767 × 10^282 |
| 119 | ov_119 | 3.675297341355146 × 10^282 |
| 118 | ov_118 | 4.905775713913076 × 10^282 |
| 117 | ov_117 | 6.387916875134657 × 10^282 |
| 116 | ov_116 | 8.145625982354847 × 10^282 |
| 115 | ov_115 | 1.0202897325509475 × 10^283 |
| 114 | ov_114 | 1.25838526451888 × 10^283 |
| 113 | ov_113 | 1.5312786681260952 × 10^283 |
| 112 | ov_112 | 1.8414222814054174 × 10^283 |
| 111 | ov_111 | 2.1912983890162054 × 10^283 |
| 110 | ov_110 | 2.583428172983912 × 10^283 |
| 109 | ov_109 | 3.020382700815507 × 10^283 |
| 108 | ov_108 | 3.50479612063882 × 10^283 |
| 107 | ov_107 | 4.0868401256510343 × 10^283 |
| 106 | ov_106 | 4.819495984344092 × 10^283 |
| 105 | ov_105 | 5.758672156750543 × 10^283 |
| 104 | ov_104 | 6.963345648471861 × 10^283 |
| 103 | ov_103 | 8.495730175169245 × 10^283 |
| 102 | ov_102 | 1.0421474390662378 × 10^284 |
| 101 | ov_101 | 1.280989361666556 × 10^284 |
| 100 | ov_100 | 1.5734238702675246 × 10^284 |
| 99 | ov_099 | 1.9272005841990682 × 10^284 |
| 98 | ov_098 | 1.9272106571023964 × 10^284 |
| 97 | ov_097 | 1.9272421626757814 × 10^284 |
| 96 | aaa_78_29 | 3.425724308150251 × 10^284 |
| 95 | aaa_78_28 | 1.1529080563310564 × 10^285 |
| 94 | ov_094 | 3.813256824905651 × 10^285 |
| 93 | ov_093 | 9.104473456798258 × 10^285 |
| 92 | ov_092 | 1.8611690017061884 × 10^286 |
| 91 | ov_091 | 3.4381763815604116 × 10^286 |
| 90 | ov_090 | 6.097019857111948 × 10^286 |
| 89 | ov_089 | 1.038562324736089 × 10^287 |
| 88 | ov_088 | 1.6647272045971242 × 10^287 |
| 87 | ov_087 | 2.5271534556921433 × 10^287 |
| 86 | ov_086 | 3.6694352452392 × 10^287 |
| 85 | ov_085 | 5.183411657258531 × 10^287 |
| 84 | ov_084 | 7.170241995445459 × 10^287 |
| 83 | ov_083 | 9.740449482868746 × 10^287 |
| 82 | ov_082 | 1.3013978430295833 × 10^288 |
| 81 | ov_081 | 1.712026677623208 × 10^288 |
| 64 | lv_79_m31 | 2.17337688725804 × 10^288 |
| 80 | ov_080 | 2.2198335903294277 × 10^288 |
| 79 | ov_079 | 2.839689963805387 × 10^288 |
| 78 | ov_078 | 3.5874494345481074 × 10^288 |
| 77 | ov_077 | 4.479963203521994 × 10^288 |
| 76 | ov_076 | 5.535097840577138 × 10^288 |
| 75 | ov_075 | 6.771755776488753 × 10^288 |
| 74 | ov_074 | 8.209898678083628 × 10^288 |
| 73 | ov_073 | 9.870573904069497 × 10^288 |
| 63 | ov_063 | 1.1159387521054096 × 10^289 |
| 72 | ov_072 | 1.1775944241979918 × 10^289 |
| 71 | ov_071 | 1.3949321130245074 × 10^289 |
| 70 | ov_070 | 1.6415202048551053 × 10^289 |
| 69 | ov_069 | 1.919931421625714 × 10^289 |
| 68 | ov_068 | 2.23286682789617 × 10^289 |
| 67 | ov_067 | 2.5831626341487055 × 10^289 |
| 66 | ov_066 | 2.5831641665332307 × 10^289 |
| 65 | ov_065 | 2.5831706894310274 × 10^289 |
| 62 | ov_062 | 5.728518974238185 × 10^289 |
| 61 | ov_061 | 2.0892503563925695 × 10^290 |
| 60 | ov_060 | 5.9838289579246964 × 10^290 |
| 59 | ov_059 | 1.444573518889219 × 10^291 |
| 58 | ov_058 | 2.933016882443145 × 10^291 |
| 57 | ov_057 | 5.301109540176693 × 10^291 |
| 56 | ov_056 | 8.83812652664414 × 10^291 |
| 55 | ov_055 | 1.417450170239507 × 10^292 |
| 54 | ov_054 | 2.1703289452185742 × 10^292 |
| 53 | ov_053 | 3.186946247275056 × 10^292 |
| 52 | ov_052 | 4.516995185256044 × 10^292 |
| 51 | ov_051 | 6.21537147125678 × 10^292 |
| 50 | ov_050 | 8.397080316608914 × 10^292 |
| 49 | ov_049 | 1.1187572005331027 × 10^293 |
| 48 | ov_048 | 1.4722784829522133 × 10^293 |
| 47 | ov_047 | 1.914920546029716 × 10^293 |
| 32 | lv_80_m31 | 2.2667646686597864 × 10^293 |
| 46 | ov_046 | 2.4623950492490176 × 10^293 |
| 45 | ov_045 | 3.131487462730362 × 10^293 |
| 44 | ov_044 | 3.940071282404895 × 10^293 |
| 43 | ov_043 | 4.907126488930852 × 10^293 |
| 42 | ov_042 | 6.05276317235373 × 10^293 |
| 41 | ov_041 | 7.398251320208671 × 10^293 |
| 40 | ov_040 | 8.955128733889134 × 10^293 |
| 39 | ov_039 | 1.0735566860038653 × 10^294 |
| 31 | ov_031 | 1.1611565553097105 × 10^294 |
| 38 | ov_038 | 1.2752400869823285 × 10^294 |
| 37 | ov_037 | 1.501916553863619 × 10^294 |
| 36 | ov_036 | 1.756367241652019 × 10^294 |
| 35 | ov_035 | 2.0415266718742407 × 10^294 |
| 34 | ov_034 | 2.360493472965807 × 10^294 |
| 33 | ov_033 | 2.7165428189677316 × 10^294 |
| 30 | ov_030 | 5.947588403093562 × 10^294 |
| 29 | ov_029 | 1.944124083885287 × 10^295 |
| 28 | ov_028 | 5.042212585368161 × 10^295 |
| 27 | ov_027 | 1.1262606627979664 × 10^296 |
| 26 | ov_026 | 2.388365813242521 × 10^296 |
| 25 | ov_025 | 4.7246100359062174 × 10^296 |
| 24 | ov_024 | 8.675307983353759 × 10^296 |
| 23 | ov_023 | 1.4887025553881697 × 10^297 |
| 22 | ov_022 | 2.4112605050482017 × 10^297 |
| 21 | ov_021 | 3.72112186554222 × 10^297 |
| 20 | ov_020 | 5.514846605080702 × 10^297 |
| 19 | ov_019 | 7.899653395488969 × 10^297 |
| 18 | ov_018 | 1.0993444153436472 × 10^298 |
| 17 | ov_017 | 1.4924840558915194 × 10^298 |
| 16 | ov_016 | 1.983323635576432 × 10^298 |
| 15 | ov_015 | 2.586886907577954 × 10^298 |
| 14 | ov_014 | 3.319291495422968 × 10^298 |
| 13 | ov_013 | 4.1977611769577446 × 10^298 |
| 12 | ov_012 | 5.2406416455981 × 10^298 |
| 11 | ov_011 | 6.467420661070433 × 10^298 |
| 10 | ov_010 | 7.89875363531432 × 10^298 |
| 9 | ov_009 | 9.556495783402352 × 10^298 |
| 8 | ov_008 | 1.146374205409468 × 10^299 |
| 7 | ov_007 | 1.364487614017938 × 10^299 |
| 6 | ov_006 | 1.6125629955300405 × 10^299 |
| 5 | ov_005 | 1.8933155051850319 × 10^299 |
| 4 | ov_004 | 2.209610754408296 × 10^299 |
| 3 | ov_003 | 2.5644748083045344 × 10^299 |
| 2 | ov_002 | 2.9611058190397876 × 10^299 |
| 1 | ov_001 | 3.4028874003473065 × 10^299 |

