# Results for F001-F002-F003-F004-F005-F006-F007-F008-F009-F010-F011-F012-F013-F014-F015-F016-F017-F018-F019-F020-F021-F022-F023-F024-F025-F026-F027-F028-F029-F030-F031-F032-F033-F034-F035-F036-F037-F038-F039-F040-F041-F042-F043-F044-F045-F046-F047-F048-F049-F050-F051-F052-F053-F054-F055-F056-F057-F058-F059-F060-F061-F062-F063-F064-F065-F066-F067-F068-F069-F070-F071-F072-F073-F074-F075-F076-F077-F078-F079-F080-F081-F082-F083-F084-F085-F086-F087-F088-F089-F090-F091-F092-F093-F094-F095-F096-F097-F098-F099-F100-F101-F102-F103-F104-F105-F106-F107-F108-F109-F110-F111-F112-F113-F114-F115-F116-F117-F118-F119-F120-F121-F122-F123-F124-F125-F126-F127-F128-F129-F130-F131-F132-F133-F134-F135-F136-F137-F138-F139-F140-F141-F142-F143-F144-F145-F146-F147-F148-F149-F150-F151-F152-F153-F154-F155-F156-F157-F158-F159-F160-F161-F162-F163-F164-F165-F166-F167-F168-F169-F170-F171-F172-F173-F174-F175-F176-F177-F178-F179-F180-F181-F182-F183-F184-F185-F186-F187-F188-F189-F190-F191-F192-F193-F194-F195-F196-F197-F198-F199-F200-F201-F202-F203-F204-F205-F206-F207-F208-F209-F210-F211-F212-F213-F214-F215-F216-F217-F218-F219-F220-F221-F222-F223-F224-F225-F226-F227-F228-F229-F230-F231-F232-F233-F234-F235-F236-F237-F238-F239-F240-F241-F242-F243-F244-F245-F246-F247-F248-F249-F250-F251-F252-F253-F254-F255-F256-F257-F258-F259-F260-F261-F262-F263-F264-F265-F266-F267-F268-F269-F270-F271-F272-F273-F274-F275-F276-F277-F278-F279-F280-F281-F282-F283-F284-F285-F286-F287-F288-F289-F290-F291-F292-F293-F294-F295-F296-F297-F298-F299-F300-F301-F302-F303-F304-F305-F306-F307-F308-F309-F310-F311-F312-F313-F314-F315-F316-F317-F318-F319-F320-F321-F322-F323-F324-F325-F326-F327-F328-F329-F330-F331-F332-F333-F334-F335-F336-F337-F338-F339-F340-F341-F342-F343-F344-F345-F346-F347-F348-F349-F350-F351-F352-F353-F354-F355-F356-F357-F358-F359-F360-F361-F362-F363-F364-F365-F366-F367-F368-F369-F370-F371-F372-F373-F374-F375-F376-F377-F378-F379-F380-F381-F382-F383-F384-F385-F386-F387-F388-F389-F390-F391-F392-F393-F394-F395-F396-F397-F398-F399-F400-F401-F402-F403-F404-F405-F406-F407-F408-F409-F410-F411-F412-F413-F414-F415-F416-F417-F418-F419-F420-F421-F422-F423-F424-F425-F426-F427-F428-F429-F430-F431-F432-F433-F434-F435-F436-F437-F438-F439-F440-F441-F442-F443-F444-F445-F446-F447-F448-F449-F450-F451-F452-F453-F454-F455-F456-F457-F458-F459-F460-F461-F462-F463-F464-F465-F466-F467-F468-F469-F470-F471-F472-F473-F474-F475-F476-F477-F478-F479-F480-F481-F482-F483-F484-F485-F486-F487-F488-F489-F490-F491-F492-F493-F494-F495-F496-O497507-O499505-F509-F510-F511-F512

## Summary

Number of input bits: 512  
Number of free input bits: 10  
Number of output bits: 160

Number of direct occurrences: 40243  
Number of assignments: 31148  
Number of operations: 10906218
(xor: 10878189,
and: 14730,
or: 13299)

Total complexity: 8.600259398904067 × 10^298

Least occurring input variable: iv_502 (3790)  
Most occurring input variable: iv_497 (4220)

Most co-occurring input variables: iv_499-iv_500 (2020)  
Least co-occurring input variables: iv_498-iv_502 (1718)

Potentially most occurring input variable: iv_497/iv_498 (4583)  
Potentially least occurring input variable: iv_499/iv_504 (4114)

Least output occurring input variable: iv_502 (71)  
Most output occurring input variable: iv_498 (88)

Most output co-occurring input variables: iv_498-iv_503 (51)  
Least output co-occurring input variables: iv_499-iv_502 (32)

Potentially most output occurring input variable: iv_500/iv_506 (89)  
Potentially least output occurring input variable: iv_501/iv_503 (67)

Least complex input bit: iv_498 (6.108887493609407 × 10^296)  
Most complex input bit: iv_499 (1.916127611926361 × 10^298)

Least complex output bit: aaa_76_29 (5.597020532486209 × 10^273)  
Most complex output bit: ov_001 (1.3756900912881367 × 10^298)

Least complex input/output complexity: iv_498/aaa_76_29 (3.975643890082792 × 10^271)  
Most complex input/output complexity: iv_499/ov_001 (3.065021236111316 × 10^297)

## Input Bits

### Input Bits in Regular Order

| Input Bit | Complexity | Occurrences | Output Occurrences |
|:---------:|:----------:|:-----------:|:------------------:|
| iv_497 | 1.316485664452792 × 10^298 | 4220 | 81 |
| iv_498 | 6.108887493609407 × 10^296 | 3909 | 88 |
| iv_499 | 1.916127611926361 × 10^298 | 4207 | 78 |
| iv_500 | 1.815829159002037 × 10^297 | 4083 | 76 |
| iv_501 | 2.988923753266096 × 10^297 | 4050 | 81 |
| iv_502 | 4.818431122006879 × 10^297 | 3790 | 71 |
| iv_503 | 7.631243144477096 × 10^297 | 4030 | 82 |
| iv_504 | 1.185209953361011 × 10^298 | 3887 | 71 |
| iv_506 | 9.044489720064152 × 10^297 | 3935 | 81 |
| iv_508 | 1.4914556043461924 × 10^298 | 4132 | 78 |

### Input Bits Sorted by Complexity

| Input Bit | Complexity | Occurrences | Output Occurrences |
|:---------:|:----------:|:-----------:|:------------------:|
| iv_498 | 6.108887493609407 × 10^296 | 3909 | 88 |
| iv_500 | 1.815829159002037 × 10^297 | 4083 | 76 |
| iv_501 | 2.988923753266096 × 10^297 | 4050 | 81 |
| iv_502 | 4.818431122006879 × 10^297 | 3790 | 71 |
| iv_503 | 7.631243144477096 × 10^297 | 4030 | 82 |
| iv_506 | 9.044489720064152 × 10^297 | 3935 | 81 |
| iv_504 | 1.185209953361011 × 10^298 | 3887 | 71 |
| iv_497 | 1.316485664452792 × 10^298 | 4220 | 81 |
| iv_508 | 1.4914556043461924 × 10^298 | 4132 | 78 |
| iv_499 | 1.916127611926361 × 10^298 | 4207 | 78 |

### Input Bits Sorted by Occurrences

| Input Bit | Complexity | Occurrences | Output Occurrences |
|:---------:|:----------:|:-----------:|:------------------:|
| iv_502 | 4.818431122006879 × 10^297 | 3790 | 71 |
| iv_504 | 1.185209953361011 × 10^298 | 3887 | 71 |
| iv_498 | 6.108887493609407 × 10^296 | 3909 | 88 |
| iv_506 | 9.044489720064152 × 10^297 | 3935 | 81 |
| iv_503 | 7.631243144477096 × 10^297 | 4030 | 82 |
| iv_501 | 2.988923753266096 × 10^297 | 4050 | 81 |
| iv_500 | 1.815829159002037 × 10^297 | 4083 | 76 |
| iv_508 | 1.4914556043461924 × 10^298 | 4132 | 78 |
| iv_499 | 1.916127611926361 × 10^298 | 4207 | 78 |
| iv_497 | 1.316485664452792 × 10^298 | 4220 | 81 |

### Input Bits Sorted by Output Occurrences

| Input Bit | Complexity | Occurrences | Output Occurrences |
|:---------:|:----------:|:-----------:|:------------------:|
| iv_502 | 4.818431122006879 × 10^297 | 3790 | 71 |
| iv_504 | 1.185209953361011 × 10^298 | 3887 | 71 |
| iv_500 | 1.815829159002037 × 10^297 | 4083 | 76 |
| iv_499 | 1.916127611926361 × 10^298 | 4207 | 78 |
| iv_508 | 1.4914556043461924 × 10^298 | 4132 | 78 |
| iv_501 | 2.988923753266096 × 10^297 | 4050 | 81 |
| iv_497 | 1.316485664452792 × 10^298 | 4220 | 81 |
| iv_506 | 9.044489720064152 × 10^297 | 3935 | 81 |
| iv_503 | 7.631243144477096 × 10^297 | 4030 | 82 |
| iv_498 | 6.108887493609407 × 10^296 | 3909 | 88 |

## Input Bit Co-occurrences

### Input Bit Co-occurrences Sorted by Co-occurrences

| Input Bits | Co-occurrences | Potential Occurrences | Output Co-occurrences | Potential Output Occurrences |
|:----------:|:--------------:|:---------------------:|:---------------------:|:----------------------------:|
| iv_499-iv_500 | 2020 | 4250 | 41 | 72 |
| iv_497-iv_508 | 2009 | 4334 | 42 | 75 |
| iv_497-iv_499 | 1993 | 4441 | 39 | 81 |
| iv_499-iv_504 | 1990 | 4114 | 33 | 83 |
| iv_499-iv_508 | 1978 | 4383 | 44 | 68 |
| iv_500-iv_508 | 1965 | 4285 | 38 | 78 |
| iv_501-iv_503 | 1960 | 4160 | 48 | 67 |
| iv_500-iv_501 | 1956 | 4221 | 40 | 77 |
| iv_500-iv_503 | 1945 | 4223 | 43 | 72 |
| iv_497-iv_501 | 1934 | 4402 | 44 | 74 |

### Input Bit Co-occurrences Sorted by Potential Occurrences

| Input Bits | Co-occurrences | Potential Occurrences | Output Co-occurrences | Potential Output Occurrences |
|:----------:|:--------------:|:---------------------:|:---------------------:|:----------------------------:|
| iv_499-iv_504 | 1990 | 4114 | 33 | 83 |
| iv_504-iv_506 | 1848 | 4126 | 36 | 80 |
| iv_498-iv_504 | 1819 | 4158 | 42 | 75 |
| iv_501-iv_503 | 1960 | 4160 | 48 | 67 |
| iv_500-iv_502 | 1850 | 4173 | 33 | 81 |
| iv_498-iv_506 | 1833 | 4178 | 41 | 87 |
| iv_502-iv_506 | 1769 | 4187 | 38 | 76 |
| iv_502-iv_504 | 1742 | 4193 | 33 | 76 |
| iv_500-iv_506 | 1906 | 4206 | 34 | 89 |
| iv_503-iv_504 | 1855 | 4207 | 34 | 85 |

### Input Bit Output Co-occurrences Sorted by Output Co-occurrences

| Input Bits | Co-occurrences | Potential Occurrences | Output Co-occurrences | Potential Output Occurrences |
|:----------:|:--------------:|:---------------------:|:---------------------:|:----------------------------:|
| iv_498-iv_503 | 1851 | 4237 | 51 | 68 |
| iv_497-iv_498 | 1773 | 4583 | 49 | 71 |
| iv_498-iv_501 | 1855 | 4249 | 48 | 73 |
| iv_501-iv_503 | 1960 | 4160 | 48 | 67 |
| iv_497-iv_501 | 1934 | 4402 | 44 | 74 |
| iv_498-iv_499 | 1850 | 4416 | 44 | 78 |
| iv_499-iv_503 | 1923 | 4391 | 44 | 72 |
| iv_499-iv_508 | 1978 | 4383 | 44 | 68 |
| iv_498-iv_508 | 1827 | 4387 | 43 | 80 |
| iv_500-iv_503 | 1945 | 4223 | 43 | 72 |

### Input Bit Output Co-occurrences Sorted by Potential Output Occurrences

| Input Bits | Co-occurrences | Potential Occurrences | Output Co-occurrences | Potential Output Occurrences |
|:----------:|:--------------:|:---------------------:|:---------------------:|:----------------------------:|
| iv_501-iv_503 | 1960 | 4160 | 48 | 67 |
| iv_498-iv_503 | 1851 | 4237 | 51 | 68 |
| iv_499-iv_508 | 1978 | 4383 | 44 | 68 |
| iv_497-iv_498 | 1773 | 4583 | 49 | 71 |
| iv_499-iv_500 | 2020 | 4250 | 41 | 72 |
| iv_499-iv_503 | 1923 | 4391 | 44 | 72 |
| iv_500-iv_503 | 1945 | 4223 | 43 | 72 |
| iv_498-iv_501 | 1855 | 4249 | 48 | 73 |
| iv_497-iv_501 | 1934 | 4402 | 44 | 74 |
| iv_497-iv_508 | 2009 | 4334 | 42 | 75 |

## Output Bits

### Output Bits in Regular Order

| Rank | Output Bit | Complexity |
|:----:|:----------:|:----------:|
| 1 | ov_001 | 1.3756900912881367 × 10^298 |
| 2 | ov_002 | 1.1930317134070433 × 10^298 |
| 3 | ov_003 | 1.0294041396405024 × 10^298 |
| 4 | ov_004 | 8.833653179500202 × 10^297 |
| 5 | ov_005 | 7.535518296446692 × 10^297 |
| 6 | ov_006 | 6.386732828351942 × 10^297 |
| 7 | ov_007 | 5.375074295768281 × 10^297 |
| 8 | ov_008 | 4.4889595968728524 × 10^297 |
| 9 | ov_009 | 3.7174091889248495 × 10^297 |
| 10 | ov_010 | 3.050016893509706 × 10^297 |
| 11 | ov_011 | 2.4769246989523947 × 10^297 |
| 12 | ov_012 | 1.9888019690610553 × 10^297 |
| 13 | ov_013 | 1.5768285024659957 × 10^297 |
| 14 | ov_014 | 1.2326809214048277 × 10^297 |
| 15 | ov_015 | 9.485219030013638 × 10^296 |
| 16 | ov_016 | 7.169917999973689 × 10^296 |
| 17 | ov_017 | 5.312022316026821 × 10^296 |
| 18 | ov_018 | 3.847312586906205 × 10^296 |
| 19 | ov_019 | 2.7161979102594847 × 10^296 |
| 20 | ov_020 | 1.8636892336944251 × 10^296 |
| 21 | ov_021 | 1.2393797586418814 × 10^296 |
| 22 | ov_022 | 7.9743086398646 × 10^295 |
| 23 | ov_023 | 4.965623714231043 × 10^295 |
| 24 | ov_024 | 3.0004614097105393 × 10^295 |
| 25 | ov_025 | 1.7570215151891826 × 10^295 |
| 26 | ov_026 | 9.589635347388054 × 10^294 |
| 27 | ov_027 | 4.794803650858754 × 10^294 |
| 28 | ov_028 | 2.144882237763799 × 10^294 |
| 29 | ov_029 | 8.262563281469731 × 10^293 |
| 30 | ov_030 | 2.5253152152909547 × 10^293 |
| 31 | ov_031 | 4.924352494896711 × 10^292 |
| 32 | lv_80_m31 | 9.600848842248653 × 10^291 |
| 33 | ov_033 | 1.1504640309399637 × 10^293 |
| 34 | ov_034 | 9.975666805135726 × 10^292 |
| 35 | ov_035 | 8.607892190375116 × 10^292 |
| 36 | ov_036 | 7.388201850068581 × 10^292 |
| 37 | ov_037 | 6.304188892313056 × 10^292 |
| 38 | ov_038 | 5.344104008024152 × 10^292 |
| 39 | ov_039 | 4.4968121367386975 × 10^292 |
| 40 | ov_040 | 3.7517552933436173 × 10^292 |
| 41 | ov_041 | 3.098920943430574 × 10^292 |
| 42 | ov_042 | 2.5334355575546593 × 10^292 |
| 43 | ov_043 | 2.0506789254279605 × 10^292 |
| 44 | ov_044 | 1.6421320930456196 × 10^292 |
| 45 | ov_045 | 1.299739418130985 × 10^292 |
| 46 | ov_046 | 1.0158966168639939 × 10^292 |
| 47 | ov_047 | 7.834413470001862 × 10^291 |
| 48 | ov_048 | 5.956459320409635 × 10^291 |
| 49 | ov_049 | 4.462118609106555 × 10^291 |
| 50 | ov_050 | 3.292657272308664 × 10^291 |
| 51 | ov_051 | 2.393563017902865 × 10^291 |
| 52 | ov_052 | 1.714524612207194 × 10^291 |
| 53 | ov_053 | 1.2094173705157003 × 10^291 |
| 54 | ov_054 | 8.362931223576885 × 10^290 |
| 55 | ov_055 | 5.573734964769579 × 10^290 |
| 56 | ov_056 | 3.5481109561099862 × 10^290 |
| 57 | ov_057 | 2.128404774272348 × 10^290 |
| 58 | ov_058 | 1.1777723020733545 × 10^290 |
| 59 | ov_059 | 5.801749264272984 × 10^289 |
| 60 | ov_060 | 2.403773609529295 × 10^289 |
| 61 | ov_061 | 8.39468615378041 × 10^288 |
| 62 | ov_062 | 2.302272713056421 × 10^288 |
| 63 | ov_063 | 4.486028590299571 × 10^287 |
| 64 | lv_79_m31 | 8.73904154583601 × 10^286 |
| 65 | ov_065 | 1.0361493325196348 × 10^288 |
| 66 | ov_066 | 1.0361466229048848 × 10^288 |
| 67 | ov_067 | 1.0361459821776722 × 10^288 |
| 68 | ov_068 | 8.959267582963188 × 10^287 |
| 69 | ov_069 | 7.705215456531733 × 10^287 |
| 70 | ov_070 | 6.588250577755306 × 10^287 |
| 71 | ov_071 | 5.597838606667989 × 10^287 |
| 72 | ov_072 | 4.723934451778387 × 10^287 |
| 73 | ov_073 | 3.956959504196385 × 10^287 |
| 74 | ov_074 | 3.2877840514309524 × 10^287 |
| 75 | ov_075 | 2.7077136100675725 × 10^287 |
| 76 | ov_076 | 2.2084779838615348 × 10^287 |
| 77 | ov_077 | 1.782222040434728 × 10^287 |
| 78 | ov_078 | 1.4214976200591895 × 10^287 |
| 79 | ov_079 | 1.1192563863347073 × 10^287 |
| 80 | ov_080 | 8.688435585249517 × 10^286 |
| 81 | ov_081 | 6.639924659242553 × 10^286 |
| 82 | ov_082 | 4.988198650720892 × 10^286 |
| 83 | ov_083 | 3.6782196095288924 × 10^286 |
| 84 | ov_084 | 2.658710735474354 × 10^286 |
| 85 | ov_085 | 1.8821289126290263 × 10^286 |
| 86 | ov_086 | 1.3046425287924094 × 10^286 |
| 87 | ov_087 | 8.861139972248498 × 10^285 |
| 88 | ov_088 | 5.90086398211932 × 10^285 |
| 89 | ov_089 | 3.837736582878548 × 10^285 |
| 90 | ov_090 | 2.3805368508660528 × 10^285 |
| 91 | ov_091 | 1.3928073609624098 × 10^285 |
| 92 | ov_092 | 7.56379510779036 × 10^284 |
| 93 | ov_093 | 3.713638228470832 × 10^284 |
| 94 | ov_094 | 1.5614517901148324 × 10^284 |
| 95 | aaa_78_28 | 4.738087470852296 × 10^283 |
| 96 | aaa_78_29 | 1.4156046112312064 × 10^283 |
| 97 | ov_097 | 7.493800432647533 × 10^282 |
| 98 | ov_098 | 7.49370456744332 × 10^282 |
| 99 | ov_099 | 7.493673962155036 × 10^282 |
| 100 | ov_100 | 6.13434574445674 × 10^282 |
| 101 | ov_101 | 4.9888568999287843 × 10^282 |
| 102 | ov_102 | 4.033569125133209 × 10^282 |
| 103 | ov_103 | 3.246136014621298 × 10^282 |
| 104 | ov_104 | 2.605408801623832 × 10^282 |
| 105 | ov_105 | 2.0913545112105543 × 10^282 |
| 106 | ov_106 | 1.684985383829693 × 10^282 |
| 107 | ov_107 | 1.368298485348954 × 10^282 |
| 108 | ov_108 | 1.1242244759511481 × 10^282 |
| 109 | ov_109 | 9.3658456490458 × 10^281 |
| 110 | ov_110 | 7.900547316837514 × 10^281 |
| 111 | ov_111 | 6.701363464585742 × 10^281 |
| 112 | ov_112 | 5.6313237484700886 × 10^281 |
| 113 | ov_113 | 4.682750627917265 × 10^281 |
| 114 | ov_114 | 3.848080766798693 × 10^281 |
| 115 | ov_115 | 3.1198366800249182 × 10^281 |
| 116 | ov_116 | 2.4906039823834046 × 10^281 |
| 117 | ov_117 | 1.953013733080568 × 10^281 |
| 118 | ov_118 | 1.4997293697784514 × 10^281 |
| 119 | ov_119 | 1.1234373105542768 × 10^281 |
| 120 | ov_120 | 8.16839949982637 × 10^280 |
| 121 | ov_121 | 5.726503176419832 × 10^280 |
| 122 | ov_122 | 3.835881461907882 × 10^280 |
| 123 | ov_123 | 2.423770961758695 × 10^280 |
| 124 | ov_124 | 1.4174288473889523 × 10^280 |
| 125 | ov_125 | 7.441212686058654 × 10^279 |
| 126 | ov_126 | 3.311174457741609 × 10^279 |
| 127 | aaa_77_28 | 1.056874033295653 × 10^279 |
| 128 | aaa_77_29 | 3.959598538600646 × 10^278 |
| 129 | ov_129 | 3.641497874366614 × 10^278 |
| 130 | ov_130 | 3.6414869824829335 × 10^278 |
| 131 | ov_131 | 3.641484351885105 × 10^278 |
| 132 | ov_132 | 3.15161708984024 × 10^278 |
| 133 | ov_133 | 2.7133622424876554 × 10^278 |
| 134 | ov_134 | 2.322812383514969 × 10^278 |
| 135 | ov_135 | 1.976266107084629 × 10^278 |
| 136 | ov_136 | 1.670213224241817 × 10^278 |
| 137 | ov_137 | 1.4013220975200654 × 10^278 |
| 138 | ov_138 | 1.1664289041052962 × 10^278 |
| 139 | ov_139 | 9.625286284460248 × 10^277 |
| 140 | ov_140 | 7.867675954520456 × 10^277 |
| 141 | ov_141 | 6.364373654737927 × 10^277 |
| 142 | ov_142 | 5.089698221555823 × 10^277 |
| 143 | ov_143 | 4.019332940526063 × 10^277 |
| 144 | ov_144 | 3.130295606280598 × 10^277 |
| 145 | ov_145 | 2.400916029277427 × 10^277 |
| 146 | ov_146 | 1.8108196888113633 × 10^277 |
| 147 | ov_147 | 1.3409163281001161 × 10^277 |
| 148 | ov_148 | 9.733923834359712 × 10^276 |
| 149 | ov_149 | 6.91706235467221 × 10^276 |
| 150 | ov_150 | 4.8058536666794433 × 10^276 |
| 151 | ov_151 | 3.260246442553684 × 10^276 |
| 152 | ov_152 | 2.1528518878407646 × 10^276 |
| 153 | ov_153 | 1.3689357217379302 × 10^276 |
| 154 | ov_154 | 8.064125797140457 × 10^275 |
| 155 | ov_155 | 4.174014300260577 × 10^275 |
| 156 | aaa_76_25 | 1.603432323968953 × 10^275 |
| 157 | aaa_76_26 | 9.25454318889052 × 10^274 |
| 158 | aaa_76_27 | 4.734420666404382 × 10^274 |
| 159 | aaa_76_28 | 1.84190014549943 × 10^274 |
| 160 | aaa_76_29 | 5.597020532486209 × 10^273 |

### Output Bits Sorted by Complexity

| Rank | Output Bit | Complexity |
|:----:|:----------:|:----------:|
| 160 | aaa_76_29 | 5.597020532486209 × 10^273 |
| 159 | aaa_76_28 | 1.84190014549943 × 10^274 |
| 158 | aaa_76_27 | 4.734420666404382 × 10^274 |
| 157 | aaa_76_26 | 9.25454318889052 × 10^274 |
| 156 | aaa_76_25 | 1.603432323968953 × 10^275 |
| 155 | ov_155 | 4.174014300260577 × 10^275 |
| 154 | ov_154 | 8.064125797140457 × 10^275 |
| 153 | ov_153 | 1.3689357217379302 × 10^276 |
| 152 | ov_152 | 2.1528518878407646 × 10^276 |
| 151 | ov_151 | 3.260246442553684 × 10^276 |
| 150 | ov_150 | 4.8058536666794433 × 10^276 |
| 149 | ov_149 | 6.91706235467221 × 10^276 |
| 148 | ov_148 | 9.733923834359712 × 10^276 |
| 147 | ov_147 | 1.3409163281001161 × 10^277 |
| 146 | ov_146 | 1.8108196888113633 × 10^277 |
| 145 | ov_145 | 2.400916029277427 × 10^277 |
| 144 | ov_144 | 3.130295606280598 × 10^277 |
| 143 | ov_143 | 4.019332940526063 × 10^277 |
| 142 | ov_142 | 5.089698221555823 × 10^277 |
| 141 | ov_141 | 6.364373654737927 × 10^277 |
| 140 | ov_140 | 7.867675954520456 × 10^277 |
| 139 | ov_139 | 9.625286284460248 × 10^277 |
| 138 | ov_138 | 1.1664289041052962 × 10^278 |
| 137 | ov_137 | 1.4013220975200654 × 10^278 |
| 136 | ov_136 | 1.670213224241817 × 10^278 |
| 135 | ov_135 | 1.976266107084629 × 10^278 |
| 134 | ov_134 | 2.322812383514969 × 10^278 |
| 133 | ov_133 | 2.7133622424876554 × 10^278 |
| 132 | ov_132 | 3.15161708984024 × 10^278 |
| 131 | ov_131 | 3.641484351885105 × 10^278 |
| 130 | ov_130 | 3.6414869824829335 × 10^278 |
| 129 | ov_129 | 3.641497874366614 × 10^278 |
| 128 | aaa_77_29 | 3.959598538600646 × 10^278 |
| 127 | aaa_77_28 | 1.056874033295653 × 10^279 |
| 126 | ov_126 | 3.311174457741609 × 10^279 |
| 125 | ov_125 | 7.441212686058654 × 10^279 |
| 124 | ov_124 | 1.4174288473889523 × 10^280 |
| 123 | ov_123 | 2.423770961758695 × 10^280 |
| 122 | ov_122 | 3.835881461907882 × 10^280 |
| 121 | ov_121 | 5.726503176419832 × 10^280 |
| 120 | ov_120 | 8.16839949982637 × 10^280 |
| 119 | ov_119 | 1.1234373105542768 × 10^281 |
| 118 | ov_118 | 1.4997293697784514 × 10^281 |
| 117 | ov_117 | 1.953013733080568 × 10^281 |
| 116 | ov_116 | 2.4906039823834046 × 10^281 |
| 115 | ov_115 | 3.1198366800249182 × 10^281 |
| 114 | ov_114 | 3.848080766798693 × 10^281 |
| 113 | ov_113 | 4.682750627917265 × 10^281 |
| 112 | ov_112 | 5.6313237484700886 × 10^281 |
| 111 | ov_111 | 6.701363464585742 × 10^281 |
| 110 | ov_110 | 7.900547316837514 × 10^281 |
| 109 | ov_109 | 9.3658456490458 × 10^281 |
| 108 | ov_108 | 1.1242244759511481 × 10^282 |
| 107 | ov_107 | 1.368298485348954 × 10^282 |
| 106 | ov_106 | 1.684985383829693 × 10^282 |
| 105 | ov_105 | 2.0913545112105543 × 10^282 |
| 104 | ov_104 | 2.605408801623832 × 10^282 |
| 103 | ov_103 | 3.246136014621298 × 10^282 |
| 102 | ov_102 | 4.033569125133209 × 10^282 |
| 101 | ov_101 | 4.9888568999287843 × 10^282 |
| 100 | ov_100 | 6.13434574445674 × 10^282 |
| 99 | ov_099 | 7.493673962155036 × 10^282 |
| 98 | ov_098 | 7.49370456744332 × 10^282 |
| 97 | ov_097 | 7.493800432647533 × 10^282 |
| 96 | aaa_78_29 | 1.4156046112312064 × 10^283 |
| 95 | aaa_78_28 | 4.738087470852296 × 10^283 |
| 94 | ov_094 | 1.5614517901148324 × 10^284 |
| 93 | ov_093 | 3.713638228470832 × 10^284 |
| 92 | ov_092 | 7.56379510779036 × 10^284 |
| 91 | ov_091 | 1.3928073609624098 × 10^285 |
| 90 | ov_090 | 2.3805368508660528 × 10^285 |
| 89 | ov_089 | 3.837736582878548 × 10^285 |
| 88 | ov_088 | 5.90086398211932 × 10^285 |
| 87 | ov_087 | 8.861139972248498 × 10^285 |
| 86 | ov_086 | 1.3046425287924094 × 10^286 |
| 85 | ov_085 | 1.8821289126290263 × 10^286 |
| 84 | ov_084 | 2.658710735474354 × 10^286 |
| 83 | ov_083 | 3.6782196095288924 × 10^286 |
| 82 | ov_082 | 4.988198650720892 × 10^286 |
| 81 | ov_081 | 6.639924659242553 × 10^286 |
| 80 | ov_080 | 8.688435585249517 × 10^286 |
| 64 | lv_79_m31 | 8.73904154583601 × 10^286 |
| 79 | ov_079 | 1.1192563863347073 × 10^287 |
| 78 | ov_078 | 1.4214976200591895 × 10^287 |
| 77 | ov_077 | 1.782222040434728 × 10^287 |
| 76 | ov_076 | 2.2084779838615348 × 10^287 |
| 75 | ov_075 | 2.7077136100675725 × 10^287 |
| 74 | ov_074 | 3.2877840514309524 × 10^287 |
| 73 | ov_073 | 3.956959504196385 × 10^287 |
| 63 | ov_063 | 4.486028590299571 × 10^287 |
| 72 | ov_072 | 4.723934451778387 × 10^287 |
| 71 | ov_071 | 5.597838606667989 × 10^287 |
| 70 | ov_070 | 6.588250577755306 × 10^287 |
| 69 | ov_069 | 7.705215456531733 × 10^287 |
| 68 | ov_068 | 8.959267582963188 × 10^287 |
| 67 | ov_067 | 1.0361459821776722 × 10^288 |
| 66 | ov_066 | 1.0361466229048848 × 10^288 |
| 65 | ov_065 | 1.0361493325196348 × 10^288 |
| 62 | ov_062 | 2.302272713056421 × 10^288 |
| 61 | ov_061 | 8.39468615378041 × 10^288 |
| 60 | ov_060 | 2.403773609529295 × 10^289 |
| 59 | ov_059 | 5.801749264272984 × 10^289 |
| 58 | ov_058 | 1.1777723020733545 × 10^290 |
| 57 | ov_057 | 2.128404774272348 × 10^290 |
| 56 | ov_056 | 3.5481109561099862 × 10^290 |
| 55 | ov_055 | 5.573734964769579 × 10^290 |
| 54 | ov_054 | 8.362931223576885 × 10^290 |
| 53 | ov_053 | 1.2094173705157003 × 10^291 |
| 52 | ov_052 | 1.714524612207194 × 10^291 |
| 51 | ov_051 | 2.393563017902865 × 10^291 |
| 50 | ov_050 | 3.292657272308664 × 10^291 |
| 49 | ov_049 | 4.462118609106555 × 10^291 |
| 48 | ov_048 | 5.956459320409635 × 10^291 |
| 47 | ov_047 | 7.834413470001862 × 10^291 |
| 32 | lv_80_m31 | 9.600848842248653 × 10^291 |
| 46 | ov_046 | 1.0158966168639939 × 10^292 |
| 45 | ov_045 | 1.299739418130985 × 10^292 |
| 44 | ov_044 | 1.6421320930456196 × 10^292 |
| 43 | ov_043 | 2.0506789254279605 × 10^292 |
| 42 | ov_042 | 2.5334355575546593 × 10^292 |
| 41 | ov_041 | 3.098920943430574 × 10^292 |
| 40 | ov_040 | 3.7517552933436173 × 10^292 |
| 39 | ov_039 | 4.4968121367386975 × 10^292 |
| 31 | ov_031 | 4.924352494896711 × 10^292 |
| 38 | ov_038 | 5.344104008024152 × 10^292 |
| 37 | ov_037 | 6.304188892313056 × 10^292 |
| 36 | ov_036 | 7.388201850068581 × 10^292 |
| 35 | ov_035 | 8.607892190375116 × 10^292 |
| 34 | ov_034 | 9.975666805135726 × 10^292 |
| 33 | ov_033 | 1.1504640309399637 × 10^293 |
| 30 | ov_030 | 2.5253152152909547 × 10^293 |
| 29 | ov_029 | 8.262563281469731 × 10^293 |
| 28 | ov_028 | 2.144882237763799 × 10^294 |
| 27 | ov_027 | 4.794803650858754 × 10^294 |
| 26 | ov_026 | 9.589635347388054 × 10^294 |
| 25 | ov_025 | 1.7570215151891826 × 10^295 |
| 24 | ov_024 | 3.0004614097105393 × 10^295 |
| 23 | ov_023 | 4.965623714231043 × 10^295 |
| 22 | ov_022 | 7.9743086398646 × 10^295 |
| 21 | ov_021 | 1.2393797586418814 × 10^296 |
| 20 | ov_020 | 1.8636892336944251 × 10^296 |
| 19 | ov_019 | 2.7161979102594847 × 10^296 |
| 18 | ov_018 | 3.847312586906205 × 10^296 |
| 17 | ov_017 | 5.312022316026821 × 10^296 |
| 16 | ov_016 | 7.169917999973689 × 10^296 |
| 15 | ov_015 | 9.485219030013638 × 10^296 |
| 14 | ov_014 | 1.2326809214048277 × 10^297 |
| 13 | ov_013 | 1.5768285024659957 × 10^297 |
| 12 | ov_012 | 1.9888019690610553 × 10^297 |
| 11 | ov_011 | 2.4769246989523947 × 10^297 |
| 10 | ov_010 | 3.050016893509706 × 10^297 |
| 9 | ov_009 | 3.7174091889248495 × 10^297 |
| 8 | ov_008 | 4.4889595968728524 × 10^297 |
| 7 | ov_007 | 5.375074295768281 × 10^297 |
| 6 | ov_006 | 6.386732828351942 × 10^297 |
| 5 | ov_005 | 7.535518296446692 × 10^297 |
| 4 | ov_004 | 8.833653179500202 × 10^297 |
| 3 | ov_003 | 1.0294041396405024 × 10^298 |
| 2 | ov_002 | 1.1930317134070433 × 10^298 |
| 1 | ov_001 | 1.3756900912881367 × 10^298 |

