# Results for F001-F002-F003-F004-F005-F006-F007-F008-F009-F010-F011-F012-F013-F014-F015-F016-F017-F018-F019-F020-F021-F022-F023-F024-F025-F026-F027-F028-F029-F030-F031-F032-F033-F034-F035-F036-F037-F038-F039-F040-F041-F042-F043-F044-F045-F046-F047-F048-F049-F050-F051-F052-F053-F054-F055-F056-F057-F058-F059-F060-F061-F062-F063-F064-F065-F066-F067-F068-F069-F070-F071-F072-F073-F074-F075-F076-F077-F078-F079-F080-F081-F082-F083-F084-F085-F086-F087-F088-F089-F090-F091-F092-F093-F094-F095-F096-F097-F098-F099-F100-F101-F102-F103-F104-F105-F106-F107-F108-F109-F110-F111-F112-F113-F114-F115-F116-F117-F118-F119-F120-F121-F122-F123-F124-F125-F126-F127-F128-F129-F130-F131-F132-F133-F134-F135-F136-F137-F138-F139-F140-F141-F142-F143-F144-F145-F146-F147-F148-F149-F150-F151-F152-F153-F154-F155-F156-F157-F158-F159-F160-F161-F162-F163-F164-F165-F166-F167-F168-F169-F170-F171-F172-F173-F174-F175-F176-F177-F178-F179-F180-F181-F182-F183-F184-F185-F186-F187-F188-F189-F190-F191-F192-F193-F194-F195-F196-F197-F198-F199-F200-F201-F202-F203-F204-F205-F206-F207-F208-F209-F210-F211-F212-F213-F214-F215-F216-F217-F218-F219-F220-F221-F222-F223-F224-F225-F226-F227-F228-F229-F230-F231-F232-F233-F234-F235-F236-F237-F238-F239-F240-F241-F242-F243-F244-F245-F246-F247-F248-F249-F250-F251-F252-F253-F254-F255-F256-F257-F258-F259-F260-F261-F262-F263-F264-F265-F266-F267-F268-F269-F270-F271-F272-F273-F274-F275-F276-F277-F278-F279-F280-F281-F282-F283-F284-F285-F286-F287-F288-F289-F290-F291-F292-F293-F294-F295-F296-F297-F298-F299-F300-F301-F302-F303-F304-F305-F306-F307-F308-F309-F310-F311-F312-F313-F314-F315-F316-F317-F318-F319-F320-F321-F322-F323-F324-F325-F326-F327-F328-F329-F330-F331-F332-F333-F334-F335-F336-F337-F338-F339-F340-F341-F342-F343-F344-F345-F346-F347-F348-F349-F350-F351-F352-F353-F354-F355-F356-F357-F358-F359-F360-F361-F362-F363-F364-F365-F366-F367-F368-F369-F370-F371-F372-F373-F374-F375-F376-F377-F378-F379-F380-F381-F382-F383-F384-F385-F386-F387-F388-F389-F390-F391-F392-F393-F394-F395-F396-F397-F398-F399-F400-F401-F402-F403-F404-F405-F406-F407-F408-F409-F410-F411-F412-F413-F414-F415-F416-F417-F418-F419-F420-F421-F422-F423-F424-F425-F426-F427-F428-F429-F430-F431-F432-F433-F434-F435-F436-F437-F438-F439-F440-F441-F442-F443-F444-F445-F446-F447-F448-F449-F450-F451-F452-F453-F454-F455-F456-F457-F458-F459-F460-F461-F462-F463-F464-F465-F466-F467-F468-F469-F470-F471-F472-F473-F474-F475-F476-F477-F478-F479-F480-F481-F482-F483-F484-F485-F486-F487-F488-F489-F490-F491-F492-F493-F494-F495-F496-O499505-E499508-F509-F510-F511-F512

## Summary

Number of input bits: 512  
Number of free input bits: 10  
Number of output bits: 160

Number of direct occurrences: 40303  
Number of assignments: 31130  
Number of operations: 10899416
(xor: 10871395,
and: 14723,
or: 13298)

Total complexity: 6.014266090817143 × 10^298

Least occurring input variable: iv_502 (3809)  
Most occurring input variable: iv_499 (4362)

Most co-occurring input variables: iv_497-iv_507 (2022)  
Least co-occurring input variables: iv_498-iv_502 (1720)

Potentially most occurring input variable: iv_499/iv_506 (4679)  
Potentially least occurring input variable: iv_504/iv_506 (4111)

Least output occurring input variable: iv_499 (64)  
Most output occurring input variable: iv_497 (93)

Most output co-occurring input variables: iv_497-iv_506 (53)  
Least output co-occurring input variables: iv_499-iv_507 (24)

Potentially most output occurring input variable: iv_500/iv_506 (93)  
Potentially least output occurring input variable: iv_497/iv_506 (68)

Least complex input bit: iv_497 (2.134511394356802 × 10^296)  
Most complex input bit: iv_499 (2.3826719930976908 × 10^298)

Least complex output bit: aaa_76_29 (5.072674910812577 × 10^273)  
Most complex output bit: ov_001 (9.620361203910573 × 10^297)

Least complex input/output complexity: iv_497/aaa_76_29 (1.8003331135497165 × 10^271)  
Most complex input/output complexity: iv_499/ov_001 (3.811298811510834 × 10^297)

## Input Bits

### Input Bits in Regular Order

| Input Bit | Complexity | Occurrences | Output Occurrences |
|:---------:|:----------:|:-----------:|:------------------:|
| iv_497 | 2.134511394356802 × 10^296 | 4101 | 93 |
| iv_498 | 4.271495138245864 × 10^296 | 3892 | 84 |
| iv_499 | 2.3826719930976908 × 10^298 | 4362 | 64 |
| iv_500 | 1.2696756050387635 × 10^297 | 4080 | 76 |
| iv_501 | 2.089934262829287 × 10^297 | 4049 | 83 |
| iv_502 | 3.3691740326132967 × 10^297 | 3809 | 75 |
| iv_503 | 5.335966331759397 × 10^297 | 4034 | 82 |
| iv_504 | 8.287300361773287 × 10^297 | 3890 | 71 |
| iv_506 | 6.324145584213745 × 10^297 | 3935 | 81 |
| iv_507 | 8.999144145706518 × 10^297 | 4151 | 76 |

### Input Bits Sorted by Complexity

| Input Bit | Complexity | Occurrences | Output Occurrences |
|:---------:|:----------:|:-----------:|:------------------:|
| iv_497 | 2.134511394356802 × 10^296 | 4101 | 93 |
| iv_498 | 4.271495138245864 × 10^296 | 3892 | 84 |
| iv_500 | 1.2696756050387635 × 10^297 | 4080 | 76 |
| iv_501 | 2.089934262829287 × 10^297 | 4049 | 83 |
| iv_502 | 3.3691740326132967 × 10^297 | 3809 | 75 |
| iv_503 | 5.335966331759397 × 10^297 | 4034 | 82 |
| iv_506 | 6.324145584213745 × 10^297 | 3935 | 81 |
| iv_504 | 8.287300361773287 × 10^297 | 3890 | 71 |
| iv_507 | 8.999144145706518 × 10^297 | 4151 | 76 |
| iv_499 | 2.3826719930976908 × 10^298 | 4362 | 64 |

### Input Bits Sorted by Occurrences

| Input Bit | Complexity | Occurrences | Output Occurrences |
|:---------:|:----------:|:-----------:|:------------------:|
| iv_502 | 3.3691740326132967 × 10^297 | 3809 | 75 |
| iv_504 | 8.287300361773287 × 10^297 | 3890 | 71 |
| iv_498 | 4.271495138245864 × 10^296 | 3892 | 84 |
| iv_506 | 6.324145584213745 × 10^297 | 3935 | 81 |
| iv_503 | 5.335966331759397 × 10^297 | 4034 | 82 |
| iv_501 | 2.089934262829287 × 10^297 | 4049 | 83 |
| iv_500 | 1.2696756050387635 × 10^297 | 4080 | 76 |
| iv_497 | 2.134511394356802 × 10^296 | 4101 | 93 |
| iv_507 | 8.999144145706518 × 10^297 | 4151 | 76 |
| iv_499 | 2.3826719930976908 × 10^298 | 4362 | 64 |

### Input Bits Sorted by Output Occurrences

| Input Bit | Complexity | Occurrences | Output Occurrences |
|:---------:|:----------:|:-----------:|:------------------:|
| iv_499 | 2.3826719930976908 × 10^298 | 4362 | 64 |
| iv_504 | 8.287300361773287 × 10^297 | 3890 | 71 |
| iv_502 | 3.3691740326132967 × 10^297 | 3809 | 75 |
| iv_500 | 1.2696756050387635 × 10^297 | 4080 | 76 |
| iv_507 | 8.999144145706518 × 10^297 | 4151 | 76 |
| iv_506 | 6.324145584213745 × 10^297 | 3935 | 81 |
| iv_503 | 5.335966331759397 × 10^297 | 4034 | 82 |
| iv_501 | 2.089934262829287 × 10^297 | 4049 | 83 |
| iv_498 | 4.271495138245864 × 10^296 | 3892 | 84 |
| iv_497 | 2.134511394356802 × 10^296 | 4101 | 93 |

## Input Bit Co-occurrences

### Input Bit Co-occurrences Sorted by Co-occurrences

| Input Bits | Co-occurrences | Potential Occurrences | Output Co-occurrences | Potential Output Occurrences |
|:----------:|:--------------:|:---------------------:|:---------------------:|:----------------------------:|
| iv_497-iv_507 | 2022 | 4208 | 46 | 77 |
| iv_499-iv_507 | 2016 | 4481 | 24 | 92 |
| iv_499-iv_500 | 1997 | 4448 | 35 | 70 |
| iv_497-iv_501 | 1990 | 4170 | 50 | 76 |
| iv_497-iv_499 | 1990 | 4483 | 41 | 75 |
| iv_506-iv_507 | 1967 | 4152 | 39 | 79 |
| iv_497-iv_500 | 1966 | 4249 | 39 | 91 |
| iv_499-iv_503 | 1965 | 4466 | 35 | 76 |
| iv_497-iv_503 | 1962 | 4211 | 45 | 85 |
| iv_500-iv_507 | 1962 | 4307 | 35 | 82 |

### Input Bit Co-occurrences Sorted by Potential Occurrences

| Input Bits | Co-occurrences | Potential Occurrences | Output Co-occurrences | Potential Output Occurrences |
|:----------:|:--------------:|:---------------------:|:---------------------:|:----------------------------:|
| iv_504-iv_506 | 1857 | 4111 | 38 | 76 |
| iv_506-iv_507 | 1967 | 4152 | 39 | 79 |
| iv_497-iv_504 | 1918 | 4155 | 47 | 70 |
| iv_501-iv_503 | 1960 | 4163 | 48 | 69 |
| iv_497-iv_501 | 1990 | 4170 | 50 | 76 |
| iv_500-iv_502 | 1858 | 4173 | 35 | 81 |
| iv_498-iv_506 | 1827 | 4173 | 39 | 87 |
| iv_498-iv_504 | 1803 | 4176 | 37 | 81 |
| iv_502-iv_506 | 1783 | 4178 | 40 | 76 |
| iv_502-iv_504 | 1758 | 4183 | 34 | 78 |

### Input Bit Output Co-occurrences Sorted by Output Co-occurrences

| Input Bits | Co-occurrences | Potential Occurrences | Output Co-occurrences | Potential Output Occurrences |
|:----------:|:--------------:|:---------------------:|:---------------------:|:----------------------------:|
| iv_497-iv_506 | 1925 | 4186 | 53 | 68 |
| iv_497-iv_501 | 1990 | 4170 | 50 | 76 |
| iv_498-iv_503 | 1841 | 4244 | 48 | 70 |
| iv_501-iv_503 | 1960 | 4163 | 48 | 69 |
| iv_497-iv_498 | 1867 | 4259 | 48 | 81 |
| iv_497-iv_504 | 1918 | 4155 | 47 | 70 |
| iv_498-iv_501 | 1846 | 4249 | 46 | 75 |
| iv_497-iv_507 | 2022 | 4208 | 46 | 77 |
| iv_497-iv_503 | 1962 | 4211 | 45 | 85 |
| iv_500-iv_503 | 1949 | 4216 | 44 | 70 |

### Input Bit Output Co-occurrences Sorted by Potential Output Occurrences

| Input Bits | Co-occurrences | Potential Occurrences | Output Co-occurrences | Potential Output Occurrences |
|:----------:|:--------------:|:---------------------:|:---------------------:|:----------------------------:|
| iv_497-iv_506 | 1925 | 4186 | 53 | 68 |
| iv_501-iv_503 | 1960 | 4163 | 48 | 69 |
| iv_498-iv_503 | 1841 | 4244 | 48 | 70 |
| iv_500-iv_503 | 1949 | 4216 | 44 | 70 |
| iv_499-iv_500 | 1997 | 4448 | 35 | 70 |
| iv_497-iv_504 | 1918 | 4155 | 47 | 70 |
| iv_499-iv_504 | 1907 | 4438 | 31 | 73 |
| iv_500-iv_504 | 1891 | 4188 | 37 | 73 |
| iv_503-iv_507 | 1918 | 4349 | 42 | 74 |
| iv_498-iv_501 | 1846 | 4249 | 46 | 75 |

## Output Bits

### Output Bits in Regular Order

| Rank | Output Bit | Complexity |
|:----:|:----------:|:----------:|
| 1 | ov_001 | 9.620361203910573 × 10^297 |
| 2 | ov_002 | 8.343010974847857 × 10^297 |
| 3 | ov_003 | 7.198745138437299 × 10^297 |
| 4 | ov_004 | 6.177479274861222 × 10^297 |
| 5 | ov_005 | 5.2696788602087465 × 10^297 |
| 6 | ov_006 | 4.466320057914413 × 10^297 |
| 7 | ov_007 | 3.758855571139067 × 10^297 |
| 8 | ov_008 | 3.13918522736448 × 10^297 |
| 9 | ov_009 | 2.5996309291562327 × 10^297 |
| 10 | ov_010 | 2.1329155378933366 × 10^297 |
| 11 | ov_011 | 1.732145252266082 × 10^297 |
| 12 | ov_012 | 1.3907950683530935 × 10^297 |
| 13 | ov_013 | 1.1026969326289868 × 10^297 |
| 14 | ov_014 | 8.620302234346938 × 10^296 |
| 15 | ov_015 | 6.633142203535213 × 10^296 |
| 16 | ov_016 | 5.01402244649227 × 10^296 |
| 17 | ov_017 | 3.7147717749371965 × 10^296 |
| 18 | ov_018 | 2.690480861831099 × 10^296 |
| 19 | ov_019 | 1.8994771194225228 × 10^296 |
| 20 | ov_020 | 1.3033060729758736 × 10^296 |
| 21 | ov_021 | 8.667176594250284 × 10^295 |
| 22 | ov_022 | 5.576563857793422 × 10^295 |
| 23 | ov_023 | 3.472545234084104 × 10^295 |
| 24 | ov_024 | 2.098276307701131 × 10^295 |
| 25 | ov_025 | 1.2287181356364167 × 10^295 |
| 26 | ov_026 | 6.706222376754823 × 10^294 |
| 27 | ov_027 | 3.353107424268024 × 10^294 |
| 28 | ov_028 | 1.4999644131416667 × 10^294 |
| 29 | ov_029 | 5.778207835854205 × 10^293 |
| 30 | ov_030 | 1.7660163965407281 × 10^293 |
| 31 | ov_031 | 3.4437299106210593 × 10^292 |
| 32 | lv_80_m31 | 6.714139471272206 × 10^291 |
| 33 | ov_033 | 8.04540955158513 × 10^292 |
| 34 | ov_034 | 6.976202046624348 × 10^292 |
| 35 | ov_035 | 6.019707801820177 × 10^292 |
| 36 | ov_036 | 5.166759968036077 × 10^292 |
| 37 | ov_037 | 4.408685846082826 × 10^292 |
| 38 | ov_038 | 3.7372718989132084 × 10^292 |
| 39 | ov_039 | 3.1447335262153197 × 10^292 |
| 40 | ov_040 | 2.623689147165216 × 10^292 |
| 41 | ov_041 | 2.1671381608707676 × 10^292 |
| 42 | ov_042 | 1.7716729861947492 × 10^292 |
| 43 | ov_043 | 1.4340630141985057 × 10^292 |
| 44 | ov_044 | 1.1483511505551538 × 10^292 |
| 45 | ov_045 | 9.089040929969196 × 10^291 |
| 46 | ov_046 | 7.104040200102923 × 10^291 |
| 47 | ov_047 | 5.478420469954356 × 10^291 |
| 48 | ov_048 | 4.1651317372628437 × 10^291 |
| 49 | ov_049 | 3.120124679005917 × 10^291 |
| 50 | ov_050 | 2.3023225037590202 × 10^291 |
| 51 | ov_051 | 1.673600683812767 × 10^291 |
| 52 | ov_052 | 1.198772636033664 × 10^291 |
| 53 | ov_053 | 8.455797081536019 × 10^290 |
| 54 | ov_054 | 5.846842661183971 × 10^290 |
| 55 | ov_055 | 3.896650784448294 × 10^290 |
| 56 | ov_056 | 2.480401760841831 × 10^290 |
| 57 | ov_057 | 1.4878377384861179 × 10^290 |
| 58 | ov_058 | 8.232564052213787 × 10^289 |
| 59 | ov_059 | 4.055077309180605 × 10^289 |
| 60 | ov_060 | 1.6799249723876266 × 10^289 |
| 61 | ov_061 | 5.866177033129467 × 10^288 |
| 62 | ov_062 | 1.608651062634758 × 10^288 |
| 63 | ov_063 | 3.134142704705891 × 10^287 |
| 64 | lv_79_m31 | 6.104816363163074 × 10^286 |
| 65 | ov_065 | 7.234664243077723 × 10^287 |
| 66 | ov_066 | 7.234646183162457 × 10^287 |
| 67 | ov_067 | 7.234641940292748 × 10^287 |
| 68 | ov_068 | 6.2530496977906405 × 10^287 |
| 69 | ov_069 | 5.3756427632412616 × 10^287 |
| 70 | ov_070 | 4.594569698409853 × 10^287 |
| 71 | ov_071 | 3.902353276957706 × 10^287 |
| 72 | ov_072 | 3.2918716403640647 × 10^287 |
| 73 | ov_073 | 2.7563434248737925 × 10^287 |
| 74 | ov_074 | 2.2893156533963633 × 10^287 |
| 75 | ov_075 | 1.8846533738180264 × 10^287 |
| 76 | ov_076 | 1.5365304515318358 × 10^287 |
| 77 | ov_077 | 1.239421327246592 × 10^287 |
| 78 | ov_078 | 9.880936837797533 × 10^286 |
| 79 | ov_079 | 7.776019665049315 × 10^286 |
| 80 | ov_080 | 6.032817028615257 × 10^286 |
| 81 | ov_081 | 4.607445668847049 × 10^286 |
| 82 | ov_082 | 3.458741351172359 × 10^286 |
| 83 | ov_083 | 2.5482228055520924 × 10^286 |
| 84 | ov_084 | 1.840061514868546 × 10^286 |
| 85 | ov_085 | 1.3010568222947757 × 10^286 |
| 86 | ov_086 | 9.00615828697364 × 10^285 |
| 87 | ov_087 | 6.107375517858268 × 10^285 |
| 88 | ov_088 | 4.060008191352053 × 10^285 |
| 89 | ov_089 | 2.6355536744916294 × 10^285 |
| 90 | ov_090 | 1.6311562055883338 × 10^285 |
| 91 | ov_091 | 9.517933534928803 × 10^284 |
| 92 | ov_092 | 5.1523795185190035 × 10^284 |
| 93 | ov_093 | 2.520493098167879 × 10^284 |
| 94 | ov_094 | 1.0556889289395788 × 10^284 |
| 95 | aaa_78_28 | 3.191855950351897 × 10^283 |
| 96 | aaa_78_29 | 9.484499696179393 × 10^282 |
| 97 | ov_097 | 5.3364962794842 × 10^282 |
| 98 | ov_098 | 5.336409395219007 × 10^282 |
| 99 | ov_099 | 5.336381657125659 × 10^282 |
| 100 | ov_100 | 4.357288004374927 × 10^282 |
| 101 | ov_101 | 3.547882204853362 × 10^282 |
| 102 | ov_102 | 2.886740462080684 × 10^282 |
| 103 | ov_103 | 2.35360984869874 × 10^282 |
| 104 | ov_104 | 1.9293228776557696 × 10^282 |
| 105 | ov_105 | 1.5957233230226733 × 10^282 |
| 106 | ov_106 | 1.3356022553464008 × 10^282 |
| 107 | ov_107 | 1.1326433092029125 × 10^282 |
| 108 | ov_108 | 9.713762515758708 × 10^281 |
| 109 | ov_109 | 8.371379692328675 × 10^281 |
| 110 | ov_110 | 7.160400417185382 × 10^281 |
| 111 | ov_111 | 6.0735596944362296 × 10^281 |
| 112 | ov_112 | 5.103764498937494 × 10^281 |
| 113 | ov_113 | 4.244056545076889 × 10^281 |
| 114 | ov_114 | 3.4875810526729224 × 10^281 |
| 115 | ov_115 | 2.8275610498011433 × 10^281 |
| 116 | ov_116 | 2.2572767530288408 × 10^281 |
| 117 | ov_117 | 1.7700495659731883 × 10^281 |
| 118 | ov_118 | 1.3592302373964318 × 10^281 |
| 119 | ov_119 | 1.0181903436019773 × 10^281 |
| 120 | ov_120 | 7.403159406645513 × 10^280 |
| 121 | ov_121 | 5.190027233437719 × 10^280 |
| 122 | ov_122 | 3.476524615146959 × 10^280 |
| 123 | ov_123 | 2.1967048496439893 × 10^280 |
| 124 | ov_124 | 1.2846398740685104 × 10^280 |
| 125 | ov_125 | 6.744097628282757 × 10^279 |
| 126 | ov_126 | 3.000973732295441 × 10^279 |
| 127 | aaa_77_28 | 9.578629132179947 × 10^278 |
| 128 | aaa_77_29 | 3.588651506112587 × 10^278 |
| 129 | ov_129 | 3.300351463401109 × 10^278 |
| 130 | ov_130 | 3.300341591901664 × 10^278 |
| 131 | ov_131 | 3.300339207746108 × 10^278 |
| 132 | ov_132 | 2.856364175783945 × 10^278 |
| 133 | ov_133 | 2.4591663531559934 × 10^278 |
| 134 | ov_134 | 2.105204372932183 × 10^278 |
| 135 | ov_135 | 1.7911235880430775 × 10^278 |
| 136 | ov_136 | 1.5137426545325527 × 10^278 |
| 137 | ov_137 | 1.2700420526954411 × 10^278 |
| 138 | ov_138 | 1.0571543561004697 × 10^278 |
| 139 | ov_139 | 8.723560680396768 × 10^277 |
| 140 | ov_140 | 7.130608542393761 × 10^277 |
| 141 | ov_141 | 5.7681400977610725 × 10^277 |
| 142 | ov_142 | 4.612880071144766 × 10^277 |
| 143 | ov_143 | 3.6427898106266964 × 10^277 |
| 144 | ov_144 | 2.837040152567211 × 10^277 |
| 145 | ov_145 | 2.1759910355864687 × 10^277 |
| 146 | ov_146 | 1.6411766850100448 × 10^277 |
| 147 | ov_147 | 1.215295276401448 × 10^277 |
| 148 | ov_148 | 8.822020739735224 × 10^276 |
| 149 | ov_149 | 6.269051267440292 × 10^276 |
| 150 | ov_150 | 4.35562692302158 × 10^276 |
| 151 | ov_151 | 2.954816805873281 × 10^276 |
| 152 | ov_152 | 1.9511662847687213 × 10^276 |
| 153 | ov_153 | 1.24068972944977 × 10^276 |
| 154 | ov_154 | 7.308654376263315 × 10^275 |
| 155 | ov_155 | 3.7829801579983676 × 10^275 |
| 156 | aaa_76_25 | 1.4532179887091144 × 10^275 |
| 157 | aaa_76_26 | 8.387549906747122 × 10^274 |
| 158 | aaa_76_27 | 4.2908859798365 × 10^274 |
| 159 | aaa_76_28 | 1.669345431567795 × 10^274 |
| 160 | aaa_76_29 | 5.072674910812577 × 10^273 |

### Output Bits Sorted by Complexity

| Rank | Output Bit | Complexity |
|:----:|:----------:|:----------:|
| 160 | aaa_76_29 | 5.072674910812577 × 10^273 |
| 159 | aaa_76_28 | 1.669345431567795 × 10^274 |
| 158 | aaa_76_27 | 4.2908859798365 × 10^274 |
| 157 | aaa_76_26 | 8.387549906747122 × 10^274 |
| 156 | aaa_76_25 | 1.4532179887091144 × 10^275 |
| 155 | ov_155 | 3.7829801579983676 × 10^275 |
| 154 | ov_154 | 7.308654376263315 × 10^275 |
| 153 | ov_153 | 1.24068972944977 × 10^276 |
| 152 | ov_152 | 1.9511662847687213 × 10^276 |
| 151 | ov_151 | 2.954816805873281 × 10^276 |
| 150 | ov_150 | 4.35562692302158 × 10^276 |
| 149 | ov_149 | 6.269051267440292 × 10^276 |
| 148 | ov_148 | 8.822020739735224 × 10^276 |
| 147 | ov_147 | 1.215295276401448 × 10^277 |
| 146 | ov_146 | 1.6411766850100448 × 10^277 |
| 145 | ov_145 | 2.1759910355864687 × 10^277 |
| 144 | ov_144 | 2.837040152567211 × 10^277 |
| 143 | ov_143 | 3.6427898106266964 × 10^277 |
| 142 | ov_142 | 4.612880071144766 × 10^277 |
| 141 | ov_141 | 5.7681400977610725 × 10^277 |
| 140 | ov_140 | 7.130608542393761 × 10^277 |
| 139 | ov_139 | 8.723560680396768 × 10^277 |
| 138 | ov_138 | 1.0571543561004697 × 10^278 |
| 137 | ov_137 | 1.2700420526954411 × 10^278 |
| 136 | ov_136 | 1.5137426545325527 × 10^278 |
| 135 | ov_135 | 1.7911235880430775 × 10^278 |
| 134 | ov_134 | 2.105204372932183 × 10^278 |
| 133 | ov_133 | 2.4591663531559934 × 10^278 |
| 132 | ov_132 | 2.856364175783945 × 10^278 |
| 131 | ov_131 | 3.300339207746108 × 10^278 |
| 130 | ov_130 | 3.300341591901664 × 10^278 |
| 129 | ov_129 | 3.300351463401109 × 10^278 |
| 128 | aaa_77_29 | 3.588651506112587 × 10^278 |
| 127 | aaa_77_28 | 9.578629132179947 × 10^278 |
| 126 | ov_126 | 3.000973732295441 × 10^279 |
| 125 | ov_125 | 6.744097628282757 × 10^279 |
| 124 | ov_124 | 1.2846398740685104 × 10^280 |
| 123 | ov_123 | 2.1967048496439893 × 10^280 |
| 122 | ov_122 | 3.476524615146959 × 10^280 |
| 121 | ov_121 | 5.190027233437719 × 10^280 |
| 120 | ov_120 | 7.403159406645513 × 10^280 |
| 119 | ov_119 | 1.0181903436019773 × 10^281 |
| 118 | ov_118 | 1.3592302373964318 × 10^281 |
| 117 | ov_117 | 1.7700495659731883 × 10^281 |
| 116 | ov_116 | 2.2572767530288408 × 10^281 |
| 115 | ov_115 | 2.8275610498011433 × 10^281 |
| 114 | ov_114 | 3.4875810526729224 × 10^281 |
| 113 | ov_113 | 4.244056545076889 × 10^281 |
| 112 | ov_112 | 5.103764498937494 × 10^281 |
| 111 | ov_111 | 6.0735596944362296 × 10^281 |
| 110 | ov_110 | 7.160400417185382 × 10^281 |
| 109 | ov_109 | 8.371379692328675 × 10^281 |
| 108 | ov_108 | 9.713762515758708 × 10^281 |
| 107 | ov_107 | 1.1326433092029125 × 10^282 |
| 106 | ov_106 | 1.3356022553464008 × 10^282 |
| 105 | ov_105 | 1.5957233230226733 × 10^282 |
| 104 | ov_104 | 1.9293228776557696 × 10^282 |
| 103 | ov_103 | 2.35360984869874 × 10^282 |
| 102 | ov_102 | 2.886740462080684 × 10^282 |
| 101 | ov_101 | 3.547882204853362 × 10^282 |
| 100 | ov_100 | 4.357288004374927 × 10^282 |
| 99 | ov_099 | 5.336381657125659 × 10^282 |
| 98 | ov_098 | 5.336409395219007 × 10^282 |
| 97 | ov_097 | 5.3364962794842 × 10^282 |
| 96 | aaa_78_29 | 9.484499696179393 × 10^282 |
| 95 | aaa_78_28 | 3.191855950351897 × 10^283 |
| 94 | ov_094 | 1.0556889289395788 × 10^284 |
| 93 | ov_093 | 2.520493098167879 × 10^284 |
| 92 | ov_092 | 5.1523795185190035 × 10^284 |
| 91 | ov_091 | 9.517933534928803 × 10^284 |
| 90 | ov_090 | 1.6311562055883338 × 10^285 |
| 89 | ov_089 | 2.6355536744916294 × 10^285 |
| 88 | ov_088 | 4.060008191352053 × 10^285 |
| 87 | ov_087 | 6.107375517858268 × 10^285 |
| 86 | ov_086 | 9.00615828697364 × 10^285 |
| 85 | ov_085 | 1.3010568222947757 × 10^286 |
| 84 | ov_084 | 1.840061514868546 × 10^286 |
| 83 | ov_083 | 2.5482228055520924 × 10^286 |
| 82 | ov_082 | 3.458741351172359 × 10^286 |
| 81 | ov_081 | 4.607445668847049 × 10^286 |
| 80 | ov_080 | 6.032817028615257 × 10^286 |
| 64 | lv_79_m31 | 6.104816363163074 × 10^286 |
| 79 | ov_079 | 7.776019665049315 × 10^286 |
| 78 | ov_078 | 9.880936837797533 × 10^286 |
| 77 | ov_077 | 1.239421327246592 × 10^287 |
| 76 | ov_076 | 1.5365304515318358 × 10^287 |
| 75 | ov_075 | 1.8846533738180264 × 10^287 |
| 74 | ov_074 | 2.2893156533963633 × 10^287 |
| 73 | ov_073 | 2.7563434248737925 × 10^287 |
| 63 | ov_063 | 3.134142704705891 × 10^287 |
| 72 | ov_072 | 3.2918716403640647 × 10^287 |
| 71 | ov_071 | 3.902353276957706 × 10^287 |
| 70 | ov_070 | 4.594569698409853 × 10^287 |
| 69 | ov_069 | 5.3756427632412616 × 10^287 |
| 68 | ov_068 | 6.2530496977906405 × 10^287 |
| 67 | ov_067 | 7.234641940292748 × 10^287 |
| 66 | ov_066 | 7.234646183162457 × 10^287 |
| 65 | ov_065 | 7.234664243077723 × 10^287 |
| 62 | ov_062 | 1.608651062634758 × 10^288 |
| 61 | ov_061 | 5.866177033129467 × 10^288 |
| 60 | ov_060 | 1.6799249723876266 × 10^289 |
| 59 | ov_059 | 4.055077309180605 × 10^289 |
| 58 | ov_058 | 8.232564052213787 × 10^289 |
| 57 | ov_057 | 1.4878377384861179 × 10^290 |
| 56 | ov_056 | 2.480401760841831 × 10^290 |
| 55 | ov_055 | 3.896650784448294 × 10^290 |
| 54 | ov_054 | 5.846842661183971 × 10^290 |
| 53 | ov_053 | 8.455797081536019 × 10^290 |
| 52 | ov_052 | 1.198772636033664 × 10^291 |
| 51 | ov_051 | 1.673600683812767 × 10^291 |
| 50 | ov_050 | 2.3023225037590202 × 10^291 |
| 49 | ov_049 | 3.120124679005917 × 10^291 |
| 48 | ov_048 | 4.1651317372628437 × 10^291 |
| 47 | ov_047 | 5.478420469954356 × 10^291 |
| 32 | lv_80_m31 | 6.714139471272206 × 10^291 |
| 46 | ov_046 | 7.104040200102923 × 10^291 |
| 45 | ov_045 | 9.089040929969196 × 10^291 |
| 44 | ov_044 | 1.1483511505551538 × 10^292 |
| 43 | ov_043 | 1.4340630141985057 × 10^292 |
| 42 | ov_042 | 1.7716729861947492 × 10^292 |
| 41 | ov_041 | 2.1671381608707676 × 10^292 |
| 40 | ov_040 | 2.623689147165216 × 10^292 |
| 39 | ov_039 | 3.1447335262153197 × 10^292 |
| 31 | ov_031 | 3.4437299106210593 × 10^292 |
| 38 | ov_038 | 3.7372718989132084 × 10^292 |
| 37 | ov_037 | 4.408685846082826 × 10^292 |
| 36 | ov_036 | 5.166759968036077 × 10^292 |
| 35 | ov_035 | 6.019707801820177 × 10^292 |
| 34 | ov_034 | 6.976202046624348 × 10^292 |
| 33 | ov_033 | 8.04540955158513 × 10^292 |
| 30 | ov_030 | 1.7660163965407281 × 10^293 |
| 29 | ov_029 | 5.778207835854205 × 10^293 |
| 28 | ov_028 | 1.4999644131416667 × 10^294 |
| 27 | ov_027 | 3.353107424268024 × 10^294 |
| 26 | ov_026 | 6.706222376754823 × 10^294 |
| 25 | ov_025 | 1.2287181356364167 × 10^295 |
| 24 | ov_024 | 2.098276307701131 × 10^295 |
| 23 | ov_023 | 3.472545234084104 × 10^295 |
| 22 | ov_022 | 5.576563857793422 × 10^295 |
| 21 | ov_021 | 8.667176594250284 × 10^295 |
| 20 | ov_020 | 1.3033060729758736 × 10^296 |
| 19 | ov_019 | 1.8994771194225228 × 10^296 |
| 18 | ov_018 | 2.690480861831099 × 10^296 |
| 17 | ov_017 | 3.7147717749371965 × 10^296 |
| 16 | ov_016 | 5.01402244649227 × 10^296 |
| 15 | ov_015 | 6.633142203535213 × 10^296 |
| 14 | ov_014 | 8.620302234346938 × 10^296 |
| 13 | ov_013 | 1.1026969326289868 × 10^297 |
| 12 | ov_012 | 1.3907950683530935 × 10^297 |
| 11 | ov_011 | 1.732145252266082 × 10^297 |
| 10 | ov_010 | 2.1329155378933366 × 10^297 |
| 9 | ov_009 | 2.5996309291562327 × 10^297 |
| 8 | ov_008 | 3.13918522736448 × 10^297 |
| 7 | ov_007 | 3.758855571139067 × 10^297 |
| 6 | ov_006 | 4.466320057914413 × 10^297 |
| 5 | ov_005 | 5.2696788602087465 × 10^297 |
| 4 | ov_004 | 6.177479274861222 × 10^297 |
| 3 | ov_003 | 7.198745138437299 × 10^297 |
| 2 | ov_002 | 8.343010974847857 × 10^297 |
| 1 | ov_001 | 9.620361203910573 × 10^297 |

