# Results for F001-F002-F003-F004-F005-F006-F007-F008-F009-F010-F011-F012-F013-F014-F015-F016-F017-F018-F019-F020-F021-F022-F023-F024-F025-F026-F027-F028-F029-F030-F031-F032-F033-F034-F035-F036-F037-F038-F039-F040-F041-F042-F043-F044-F045-F046-F047-F048-F049-F050-F051-F052-F053-F054-F055-F056-F057-F058-F059-F060-F061-F062-F063-F064-F065-F066-F067-F068-F069-F070-F071-F072-F073-F074-F075-F076-F077-F078-F079-F080-F081-F082-F083-F084-F085-F086-F087-F088-F089-F090-F091-F092-F093-F094-F095-F096-F097-F098-F099-F100-F101-F102-F103-F104-F105-F106-F107-F108-F109-F110-F111-F112-F113-F114-F115-F116-F117-F118-F119-F120-F121-F122-F123-F124-F125-F126-F127-F128-F129-F130-F131-F132-F133-F134-F135-F136-F137-F138-F139-F140-F141-F142-F143-F144-F145-F146-F147-F148-F149-F150-F151-F152-F153-F154-F155-F156-F157-F158-F159-F160-F161-F162-F163-F164-F165-F166-F167-F168-F169-F170-F171-F172-F173-F174-F175-F176-F177-F178-F179-F180-F181-F182-F183-F184-F185-F186-F187-F188-F189-F190-F191-F192-F193-F194-F195-F196-F197-F198-F199-F200-F201-F202-F203-F204-F205-F206-F207-F208-F209-F210-F211-F212-F213-F214-F215-F216-F217-F218-F219-F220-F221-F222-F223-F224-F225-F226-F227-F228-F229-F230-F231-F232-F233-F234-F235-F236-F237-F238-F239-F240-F241-F242-F243-F244-F245-F246-F247-F248-F249-F250-F251-F252-F253-F254-F255-F256-F257-F258-F259-F260-F261-F262-F263-F264-F265-F266-F267-F268-F269-F270-F271-F272-F273-F274-F275-F276-F277-F278-F279-F280-F281-F282-F283-F284-F285-F286-F287-F288-F289-F290-F291-F292-F293-F294-F295-F296-F297-F298-F299-F300-F301-F302-F303-F304-F305-F306-F307-F308-F309-F310-F311-F312-F313-F314-F315-F316-F317-F318-F319-F320-F321-F322-F323-F324-F325-F326-F327-F328-F329-F330-F331-F332-F333-F334-F335-F336-F337-F338-F339-F340-F341-F342-F343-F344-F345-F346-F347-F348-F349-F350-F351-F352-F353-F354-F355-F356-F357-F358-F359-F360-F361-F362-F363-F364-F365-F366-F367-F368-F369-F370-F371-F372-F373-F374-F375-F376-F377-F378-F379-F380-F381-F382-F383-F384-F385-F386-F387-F388-F389-F390-F391-F392-F393-F394-F395-F396-F397-F398-F399-F400-F401-F402-F403-F404-F405-F406-F407-F408-F409-F410-F411-F412-F413-F414-F415-F416-F417-F418-F419-F420-F421-F422-F423-F424-F425-F426-F427-F428-F429-F430-F431-F432-F433-F434-F435-F436-F437-F438-F439-F440-F441-F442-F443-F444-F445-F446-F447-F448-F449-F450-F451-F452-F453-F454-F455-F456-F457-F458-F459-F460-F461-F462-F463-F464-F465-F466-F467-F468-F469-F470-F471-F472-F473-F474-F475-F476-F477-F478-F479-F480-F481-F482-F483-F484-F485-F486-F487-F488-F489-F490-F491-F492-F493-F494-F495-F496-O499504-O500505-F509-F510-F511-F512

## Summary

Number of input bits: 512  
Number of free input bits: 10  
Number of output bits: 160

Number of direct occurrences: 40485  
Number of assignments: 31119  
Number of operations: 10889574
(xor: 10861529,
and: 14742,
or: 13303)

Total complexity: 4.296506743564067 × 10^298

Least occurring input variable: iv_502 (3793)  
Most occurring input variable: iv_500 (4259)

Most co-occurring input variables: iv_500-iv_507 (2022)  
Least co-occurring input variables: iv_498-iv_502 (1716)

Potentially most occurring input variable: iv_499/iv_508 (4427)  
Potentially least occurring input variable: iv_506/iv_507 (4157)

Least output occurring input variable: iv_502 (71)  
Most output occurring input variable: iv_497 (93)

Most output co-occurring input variables: iv_498-iv_499 (51)  
Least output co-occurring input variables: iv_500-iv_502 (31)

Potentially most output occurring input variable: iv_500/iv_502 (91)  
Potentially least output occurring input variable: iv_498/iv_503 (68)

Least complex input bit: iv_497 (1.5248647900206608 × 10^296)  
Most complex input bit: iv_500 (9.939592883537113 × 10^297)

Least complex output bit: aaa_76_29 (4.923914737917282 × 10^273)  
Most complex output bit: ov_001 (6.872643313261556 × 10^297)

Least complex input/output complexity: iv_497/aaa_76_29 (1.7475369319880396 × 10^271)  
Most complex input/output complexity: iv_500/ov_001 (1.5899259711371332 × 10^297)

## Input Bits

### Input Bits in Regular Order

| Input Bit | Complexity | Occurrences | Output Occurrences |
|:---------:|:----------:|:-----------:|:------------------:|
| iv_497 | 1.5248647900206608 × 10^296 | 4107 | 93 |
| iv_498 | 3.051495791625082 × 10^296 | 3910 | 90 |
| iv_499 | 6.459167190309318 × 10^297 | 4121 | 83 |
| iv_500 | 9.939592883537113 × 10^297 | 4259 | 82 |
| iv_501 | 1.4930195169121994 × 10^297 | 4062 | 87 |
| iv_502 | 2.4068903391036085 × 10^297 | 3793 | 71 |
| iv_503 | 3.811938976548533 × 10^297 | 4020 | 78 |
| iv_506 | 4.5178802764077785 × 10^297 | 3935 | 81 |
| iv_507 | 6.428861464215129 × 10^297 | 4150 | 76 |
| iv_508 | 7.450080730442461 × 10^297 | 4128 | 78 |

### Input Bits Sorted by Complexity

| Input Bit | Complexity | Occurrences | Output Occurrences |
|:---------:|:----------:|:-----------:|:------------------:|
| iv_497 | 1.5248647900206608 × 10^296 | 4107 | 93 |
| iv_498 | 3.051495791625082 × 10^296 | 3910 | 90 |
| iv_501 | 1.4930195169121994 × 10^297 | 4062 | 87 |
| iv_502 | 2.4068903391036085 × 10^297 | 3793 | 71 |
| iv_503 | 3.811938976548533 × 10^297 | 4020 | 78 |
| iv_506 | 4.5178802764077785 × 10^297 | 3935 | 81 |
| iv_507 | 6.428861464215129 × 10^297 | 4150 | 76 |
| iv_499 | 6.459167190309318 × 10^297 | 4121 | 83 |
| iv_508 | 7.450080730442461 × 10^297 | 4128 | 78 |
| iv_500 | 9.939592883537113 × 10^297 | 4259 | 82 |

### Input Bits Sorted by Occurrences

| Input Bit | Complexity | Occurrences | Output Occurrences |
|:---------:|:----------:|:-----------:|:------------------:|
| iv_502 | 2.4068903391036085 × 10^297 | 3793 | 71 |
| iv_498 | 3.051495791625082 × 10^296 | 3910 | 90 |
| iv_506 | 4.5178802764077785 × 10^297 | 3935 | 81 |
| iv_503 | 3.811938976548533 × 10^297 | 4020 | 78 |
| iv_501 | 1.4930195169121994 × 10^297 | 4062 | 87 |
| iv_497 | 1.5248647900206608 × 10^296 | 4107 | 93 |
| iv_499 | 6.459167190309318 × 10^297 | 4121 | 83 |
| iv_508 | 7.450080730442461 × 10^297 | 4128 | 78 |
| iv_507 | 6.428861464215129 × 10^297 | 4150 | 76 |
| iv_500 | 9.939592883537113 × 10^297 | 4259 | 82 |

### Input Bits Sorted by Output Occurrences

| Input Bit | Complexity | Occurrences | Output Occurrences |
|:---------:|:----------:|:-----------:|:------------------:|
| iv_502 | 2.4068903391036085 × 10^297 | 3793 | 71 |
| iv_507 | 6.428861464215129 × 10^297 | 4150 | 76 |
| iv_503 | 3.811938976548533 × 10^297 | 4020 | 78 |
| iv_508 | 7.450080730442461 × 10^297 | 4128 | 78 |
| iv_506 | 4.5178802764077785 × 10^297 | 3935 | 81 |
| iv_500 | 9.939592883537113 × 10^297 | 4259 | 82 |
| iv_499 | 6.459167190309318 × 10^297 | 4121 | 83 |
| iv_501 | 1.4930195169121994 × 10^297 | 4062 | 87 |
| iv_498 | 3.051495791625082 × 10^296 | 3910 | 90 |
| iv_497 | 1.5248647900206608 × 10^296 | 4107 | 93 |

## Input Bit Co-occurrences

### Input Bit Co-occurrences Sorted by Co-occurrences

| Input Bits | Co-occurrences | Potential Occurrences | Output Co-occurrences | Potential Output Occurrences |
|:----------:|:--------------:|:---------------------:|:---------------------:|:----------------------------:|
| iv_500-iv_507 | 2022 | 4365 | 35 | 88 |
| iv_497-iv_507 | 2021 | 4215 | 43 | 83 |
| iv_497-iv_500 | 2018 | 4330 | 45 | 85 |
| iv_500-iv_501 | 2011 | 4299 | 44 | 81 |
| iv_499-iv_507 | 2009 | 4253 | 42 | 75 |
| iv_499-iv_500 | 1998 | 4384 | 45 | 75 |
| iv_497-iv_501 | 1993 | 4183 | 50 | 80 |
| iv_500-iv_508 | 1986 | 4415 | 41 | 78 |
| iv_506-iv_507 | 1964 | 4157 | 38 | 81 |
| iv_507-iv_508 | 1963 | 4352 | 33 | 88 |

### Input Bit Co-occurrences Sorted by Potential Occurrences

| Input Bits | Co-occurrences | Potential Occurrences | Output Co-occurrences | Potential Output Occurrences |
|:----------:|:--------------:|:---------------------:|:---------------------:|:----------------------------:|
| iv_506-iv_507 | 1964 | 4157 | 38 | 81 |
| iv_501-iv_503 | 1956 | 4170 | 48 | 69 |
| iv_498-iv_506 | 1836 | 4173 | 42 | 87 |
| iv_497-iv_501 | 1993 | 4183 | 50 | 80 |
| iv_502-iv_506 | 1770 | 4188 | 38 | 76 |
| iv_497-iv_506 | 1922 | 4198 | 51 | 72 |
| iv_497-iv_502 | 1846 | 4208 | 40 | 84 |
| iv_497-iv_507 | 2021 | 4215 | 43 | 83 |
| iv_503-iv_506 | 1867 | 4221 | 39 | 81 |
| iv_502-iv_507 | 1860 | 4223 | 36 | 75 |

### Input Bit Output Co-occurrences Sorted by Output Co-occurrences

| Input Bits | Co-occurrences | Potential Occurrences | Output Co-occurrences | Potential Output Occurrences |
|:----------:|:--------------:|:---------------------:|:---------------------:|:----------------------------:|
| iv_498-iv_501 | 1860 | 4252 | 51 | 75 |
| iv_497-iv_506 | 1922 | 4198 | 51 | 72 |
| iv_497-iv_498 | 1879 | 4259 | 51 | 81 |
| iv_498-iv_499 | 1871 | 4289 | 51 | 71 |
| iv_498-iv_503 | 1847 | 4236 | 50 | 68 |
| iv_497-iv_501 | 1993 | 4183 | 50 | 80 |
| iv_501-iv_503 | 1956 | 4170 | 48 | 69 |
| iv_501-iv_508 | 1932 | 4326 | 47 | 71 |
| iv_498-iv_500 | 1932 | 4305 | 46 | 80 |
| iv_498-iv_508 | 1832 | 4374 | 45 | 78 |

### Input Bit Output Co-occurrences Sorted by Potential Output Occurrences

| Input Bits | Co-occurrences | Potential Occurrences | Output Co-occurrences | Potential Output Occurrences |
|:----------:|:--------------:|:---------------------:|:---------------------:|:----------------------------:|
| iv_498-iv_503 | 1847 | 4236 | 50 | 68 |
| iv_501-iv_503 | 1956 | 4170 | 48 | 69 |
| iv_501-iv_508 | 1932 | 4326 | 47 | 71 |
| iv_498-iv_499 | 1871 | 4289 | 51 | 71 |
| iv_503-iv_507 | 1917 | 4336 | 41 | 72 |
| iv_497-iv_506 | 1922 | 4198 | 51 | 72 |
| iv_498-iv_501 | 1860 | 4252 | 51 | 75 |
| iv_499-iv_500 | 1998 | 4384 | 45 | 75 |
| iv_499-iv_507 | 2009 | 4253 | 42 | 75 |
| iv_502-iv_507 | 1860 | 4223 | 36 | 75 |

## Output Bits

### Output Bits in Regular Order

| Rank | Output Bit | Complexity |
|:----:|:----------:|:----------:|
| 1 | ov_001 | 6.872643313261556 × 10^297 |
| 2 | ov_002 | 5.960124471655954 × 10^297 |
| 3 | ov_003 | 5.142678843913589 × 10^297 |
| 4 | ov_004 | 4.413102307242643 × 10^297 |
| 5 | ov_005 | 3.764583576385069 × 10^297 |
| 6 | ov_006 | 3.1906761926848885 × 10^297 |
| 7 | ov_007 | 2.6852741287281374 × 10^297 |
| 8 | ov_008 | 2.2425907737450897 × 10^297 |
| 9 | ov_009 | 1.857141038292671 × 10^297 |
| 10 | ov_010 | 1.5237262687498393 × 10^297 |
| 11 | ov_011 | 1.237421658578874 × 10^297 |
| 12 | ov_012 | 9.935658611638278 × 10^296 |
| 13 | ov_013 | 7.877525265630593 × 10^296 |
| 14 | ov_014 | 6.1582350178364505 × 10^296 |
| 15 | ov_015 | 4.73863451265394 × 10^296 |
| 16 | ov_016 | 3.5819567120229247 × 10^296 |
| 17 | ov_017 | 2.653788881690198 × 10^296 |
| 18 | ov_018 | 1.922048492893333 × 10^296 |
| 19 | ov_019 | 1.3569652790314934 × 10^296 |
| 20 | ov_020 | 9.310679325297869 × 10^295 |
| 21 | ov_021 | 6.191743196661799 × 10^295 |
| 22 | ov_022 | 3.983844523557428 × 10^295 |
| 23 | ov_023 | 2.4807562829398944 × 10^295 |
| 24 | ov_024 | 1.4989923406210568 × 10^295 |
| 25 | ov_025 | 8.777878898327205 × 10^294 |
| 26 | ov_026 | 4.790887361256678 × 10^294 |
| 27 | ov_027 | 2.3954454523367477 × 10^294 |
| 28 | ov_028 | 1.0715702813333783 × 10^294 |
| 29 | ov_029 | 4.127943423146185 × 10^293 |
| 30 | ov_030 | 1.2616418503605555 × 10^293 |
| 31 | ov_031 | 2.4602046767682207 × 10^292 |
| 32 | lv_80_m31 | 4.796597432598029 × 10^291 |
| 33 | ov_033 | 5.747546340337869 × 10^292 |
| 34 | ov_034 | 4.983736280567636 × 10^292 |
| 35 | ov_035 | 4.3004352919650797 × 10^292 |
| 36 | ov_036 | 3.6910983108235547 × 10^292 |
| 37 | ov_037 | 3.1495326072028696 × 10^292 |
| 38 | ov_038 | 2.6698728639140803 × 10^292 |
| 39 | ov_039 | 2.2465596592992722 × 10^292 |
| 40 | ov_040 | 1.874321026407644 × 10^292 |
| 41 | ov_041 | 1.5481567789349874 × 10^292 |
| 42 | ov_042 | 1.2656329731531551 × 10^292 |
| 43 | ov_043 | 1.024441947438134 × 10^292 |
| 44 | ov_044 | 8.203281949395627 × 10^291 |
| 45 | ov_045 | 6.492673620418295 × 10^291 |
| 46 | ov_046 | 5.0746035176080347 × 10^291 |
| 47 | ov_047 | 3.9132868371572195 × 10^291 |
| 48 | ov_048 | 2.975109138201047 × 10^291 |
| 49 | ov_049 | 2.228599318999314 × 10^291 |
| 50 | ov_050 | 1.644409703727943 × 10^291 |
| 51 | ov_051 | 1.1953017193895697 × 10^291 |
| 52 | ov_052 | 8.561357897082057 × 10^290 |
| 53 | ov_053 | 6.038642780025485 × 10^290 |
| 54 | ov_054 | 4.175266233666723 × 10^290 |
| 55 | ov_055 | 2.782460992066195 × 10^290 |
| 56 | ov_056 | 1.7710498242582355 × 10^290 |
| 57 | ov_057 | 1.0622605427253843 × 10^290 |
| 58 | ov_058 | 5.877216121309093 × 10^289 |
| 59 | ov_059 | 2.894598866460352 × 10^289 |
| 60 | ov_060 | 1.1989959251732601 × 10^289 |
| 61 | ov_061 | 4.1861964320585065 × 10^288 |
| 62 | ov_062 | 1.1477929080788069 × 10^288 |
| 63 | ov_063 | 2.235911484078533 × 10^287 |
| 64 | lv_79_m31 | 4.35455151201392 × 10^286 |
| 65 | ov_065 | 5.158212425169518 × 10^287 |
| 66 | ov_066 | 5.1582000349377505 × 10^287 |
| 67 | ov_067 | 5.158197133254783 × 10^287 |
| 68 | ov_068 | 4.455927939374494 × 10^287 |
| 69 | ov_069 | 3.8287117770342494 × 10^287 |
| 70 | ov_070 | 3.2707921520443424 × 10^287 |
| 71 | ov_071 | 2.776701273545083 × 10^287 |
| 72 | ov_072 | 2.34124612207449 × 10^287 |
| 73 | ov_073 | 1.9594963823582453 × 10^287 |
| 74 | ov_074 | 1.626773610724453 × 10^287 |
| 75 | ov_075 | 1.3386414382576008 × 10^287 |
| 76 | ov_076 | 1.090896753075676 × 10^287 |
| 77 | ov_077 | 8.795618066292117 × 10^286 |
| 78 | ov_078 | 7.008771901236621 × 10^286 |
| 79 | ov_079 | 5.512956281037847 × 10^286 |
| 80 | ov_080 | 4.2747653695399473 × 10^286 |
| 81 | ov_081 | 3.2628129660320584 × 10^286 |
| 82 | ov_082 | 2.4476918411409445 × 10^286 |
| 83 | ov_083 | 1.801939181187859 × 10^286 |
| 84 | ov_084 | 1.3000076326401293 × 10^286 |
| 85 | ov_085 | 9.182414397036252 × 10^285 |
| 86 | ov_086 | 6.348571690747759 × 10^285 |
| 87 | ov_087 | 4.299285165124525 × 10^285 |
| 88 | ov_088 | 2.853746902912167 × 10^285 |
| 89 | ov_089 | 1.8495186683116784 × 10^285 |
| 90 | ov_090 | 1.1424721392377081 × 10^285 |
| 91 | ov_091 | 6.6511460918715614 × 10^284 |
| 92 | ov_092 | 3.590812392984409 × 10^284 |
| 93 | ov_093 | 1.7512659071551323 × 10^284 |
| 94 | ov_094 | 7.312045667951617 × 10^283 |
| 95 | aaa_78_28 | 2.204615800761995 × 10^283 |
| 96 | aaa_78_29 | 6.526880156866247 × 10^282 |
| 97 | ov_097 | 4.065681868444257 × 10^282 |
| 98 | ov_098 | 4.0655976748779733 × 10^282 |
| 99 | ov_099 | 4.0655707502259814 × 10^282 |
| 100 | ov_100 | 3.3475565412994773 × 10^282 |
| 101 | ov_101 | 2.76620105199622 × 10^282 |
| 102 | ov_102 | 2.3009684657212848 × 10^282 |
| 103 | ov_103 | 1.9324501800238583 × 10^282 |
| 104 | ov_104 | 1.642281883048565 × 10^282 |
| 105 | ov_105 | 1.413071549714522 × 10^282 |
| 106 | ov_106 | 1.2283373528821869 × 10^282 |
| 107 | ov_107 | 1.0724545359782842 × 10^282 |
| 108 | ov_108 | 9.306103430182316 × 10^281 |
| 109 | ov_109 | 8.02062118020758 × 10^281 |
| 110 | ov_110 | 6.860930512928632 × 10^281 |
| 111 | ov_111 | 5.820072667380045 × 10^281 |
| 112 | ov_112 | 4.891255810168091 × 10^281 |
| 113 | ov_113 | 4.0678188960879744 × 10^281 |
| 114 | ov_114 | 3.343201349987703 × 10^281 |
| 115 | ov_115 | 2.71091812318412 × 10^281 |
| 116 | ov_116 | 2.1645396783884087 × 10^281 |
| 117 | ov_117 | 1.6976764575190737 × 10^281 |
| 118 | ov_118 | 1.3039673870702798 × 10^281 |
| 119 | ov_119 | 9.770716102933652 × 10^280 |
| 120 | ov_120 | 7.106623255803279 × 10^280 |
| 121 | ov_121 | 4.984220873460597 × 10^280 |
| 122 | ov_122 | 3.340393469633627 × 10^280 |
| 123 | ov_123 | 2.112060113198436 × 10^280 |
| 124 | ov_124 | 1.2361579656888493 × 10^280 |
| 125 | ov_125 | 6.49632087274972 × 10^279 |
| 126 | ov_126 | 2.894302394147322 × 10^279 |
| 127 | aaa_77_28 | 9.250089093831537 × 10^278 |
| 128 | aaa_77_29 | 3.471915535770243 × 10^278 |
| 129 | ov_129 | 3.180270261328284 × 10^278 |
| 130 | ov_130 | 3.1802606793183074 × 10^278 |
| 131 | ov_131 | 3.1802583650799837 × 10^278 |
| 132 | ov_132 | 2.7595236555574107 × 10^278 |
| 133 | ov_133 | 2.381263407073608 × 10^278 |
| 134 | ov_134 | 2.042040106063065 × 10^278 |
| 135 | ov_135 | 1.73859748311445 × 10^278 |
| 136 | ov_136 | 1.4693509631731708 × 10^278 |
| 137 | ov_137 | 1.2327970727459916 × 10^278 |
| 138 | ov_138 | 1.0261524749321479 × 10^278 |
| 139 | ov_139 | 8.467735417020945 × 10^277 |
| 140 | ov_140 | 6.921497850645261 × 10^277 |
| 141 | ov_141 | 5.598984862443645 × 10^277 |
| 142 | ov_142 | 4.477603742778809 × 10^277 |
| 143 | ov_143 | 3.535962140496481 × 10^277 |
| 144 | ov_144 | 2.753841723527879 × 10^277 |
| 145 | ov_145 | 2.1121783907070366 × 10^277 |
| 146 | ov_146 | 1.59304789069416 × 10^277 |
| 147 | ov_147 | 1.1796557886331741 × 10^277 |
| 148 | ov_148 | 8.563308057845897 × 10^276 |
| 149 | ov_149 | 6.085206418947016 × 10^276 |
| 150 | ov_150 | 4.2278947451217027 × 10^276 |
| 151 | ov_151 | 2.868164484042301 × 10^276 |
| 152 | ov_152 | 1.8939468021539372 × 10^276 |
| 153 | ov_153 | 1.2043055294157854 × 10^276 |
| 154 | ov_154 | 7.0943223507027 × 10^275 |
| 155 | ov_155 | 3.672041295907322 × 10^275 |
| 156 | aaa_76_25 | 1.4106012306759634 × 10^275 |
| 157 | aaa_76_26 | 8.141578423016498 × 10^274 |
| 158 | aaa_76_27 | 4.165052380905506 × 10^274 |
| 159 | aaa_76_28 | 1.6203905666517183 × 10^274 |
| 160 | aaa_76_29 | 4.923914737917282 × 10^273 |

### Output Bits Sorted by Complexity

| Rank | Output Bit | Complexity |
|:----:|:----------:|:----------:|
| 160 | aaa_76_29 | 4.923914737917282 × 10^273 |
| 159 | aaa_76_28 | 1.6203905666517183 × 10^274 |
| 158 | aaa_76_27 | 4.165052380905506 × 10^274 |
| 157 | aaa_76_26 | 8.141578423016498 × 10^274 |
| 156 | aaa_76_25 | 1.4106012306759634 × 10^275 |
| 155 | ov_155 | 3.672041295907322 × 10^275 |
| 154 | ov_154 | 7.0943223507027 × 10^275 |
| 153 | ov_153 | 1.2043055294157854 × 10^276 |
| 152 | ov_152 | 1.8939468021539372 × 10^276 |
| 151 | ov_151 | 2.868164484042301 × 10^276 |
| 150 | ov_150 | 4.2278947451217027 × 10^276 |
| 149 | ov_149 | 6.085206418947016 × 10^276 |
| 148 | ov_148 | 8.563308057845897 × 10^276 |
| 147 | ov_147 | 1.1796557886331741 × 10^277 |
| 146 | ov_146 | 1.59304789069416 × 10^277 |
| 145 | ov_145 | 2.1121783907070366 × 10^277 |
| 144 | ov_144 | 2.753841723527879 × 10^277 |
| 143 | ov_143 | 3.535962140496481 × 10^277 |
| 142 | ov_142 | 4.477603742778809 × 10^277 |
| 141 | ov_141 | 5.598984862443645 × 10^277 |
| 140 | ov_140 | 6.921497850645261 × 10^277 |
| 139 | ov_139 | 8.467735417020945 × 10^277 |
| 138 | ov_138 | 1.0261524749321479 × 10^278 |
| 137 | ov_137 | 1.2327970727459916 × 10^278 |
| 136 | ov_136 | 1.4693509631731708 × 10^278 |
| 135 | ov_135 | 1.73859748311445 × 10^278 |
| 134 | ov_134 | 2.042040106063065 × 10^278 |
| 133 | ov_133 | 2.381263407073608 × 10^278 |
| 132 | ov_132 | 2.7595236555574107 × 10^278 |
| 131 | ov_131 | 3.1802583650799837 × 10^278 |
| 130 | ov_130 | 3.1802606793183074 × 10^278 |
| 129 | ov_129 | 3.180270261328284 × 10^278 |
| 128 | aaa_77_29 | 3.471915535770243 × 10^278 |
| 127 | aaa_77_28 | 9.250089093831537 × 10^278 |
| 126 | ov_126 | 2.894302394147322 × 10^279 |
| 125 | ov_125 | 6.49632087274972 × 10^279 |
| 124 | ov_124 | 1.2361579656888493 × 10^280 |
| 123 | ov_123 | 2.112060113198436 × 10^280 |
| 122 | ov_122 | 3.340393469633627 × 10^280 |
| 121 | ov_121 | 4.984220873460597 × 10^280 |
| 120 | ov_120 | 7.106623255803279 × 10^280 |
| 119 | ov_119 | 9.770716102933652 × 10^280 |
| 118 | ov_118 | 1.3039673870702798 × 10^281 |
| 117 | ov_117 | 1.6976764575190737 × 10^281 |
| 116 | ov_116 | 2.1645396783884087 × 10^281 |
| 115 | ov_115 | 2.71091812318412 × 10^281 |
| 114 | ov_114 | 3.343201349987703 × 10^281 |
| 113 | ov_113 | 4.0678188960879744 × 10^281 |
| 112 | ov_112 | 4.891255810168091 × 10^281 |
| 111 | ov_111 | 5.820072667380045 × 10^281 |
| 110 | ov_110 | 6.860930512928632 × 10^281 |
| 109 | ov_109 | 8.02062118020758 × 10^281 |
| 108 | ov_108 | 9.306103430182316 × 10^281 |
| 107 | ov_107 | 1.0724545359782842 × 10^282 |
| 106 | ov_106 | 1.2283373528821869 × 10^282 |
| 105 | ov_105 | 1.413071549714522 × 10^282 |
| 104 | ov_104 | 1.642281883048565 × 10^282 |
| 103 | ov_103 | 1.9324501800238583 × 10^282 |
| 102 | ov_102 | 2.3009684657212848 × 10^282 |
| 101 | ov_101 | 2.76620105199622 × 10^282 |
| 100 | ov_100 | 3.3475565412994773 × 10^282 |
| 99 | ov_099 | 4.0655707502259814 × 10^282 |
| 98 | ov_098 | 4.0655976748779733 × 10^282 |
| 97 | ov_097 | 4.065681868444257 × 10^282 |
| 96 | aaa_78_29 | 6.526880156866247 × 10^282 |
| 95 | aaa_78_28 | 2.204615800761995 × 10^283 |
| 94 | ov_094 | 7.312045667951617 × 10^283 |
| 93 | ov_093 | 1.7512659071551323 × 10^284 |
| 92 | ov_092 | 3.590812392984409 × 10^284 |
| 91 | ov_091 | 6.6511460918715614 × 10^284 |
| 90 | ov_090 | 1.1424721392377081 × 10^285 |
| 89 | ov_089 | 1.8495186683116784 × 10^285 |
| 88 | ov_088 | 2.853746902912167 × 10^285 |
| 87 | ov_087 | 4.299285165124525 × 10^285 |
| 86 | ov_086 | 6.348571690747759 × 10^285 |
| 85 | ov_085 | 9.182414397036252 × 10^285 |
| 84 | ov_084 | 1.3000076326401293 × 10^286 |
| 83 | ov_083 | 1.801939181187859 × 10^286 |
| 82 | ov_082 | 2.4476918411409445 × 10^286 |
| 81 | ov_081 | 3.2628129660320584 × 10^286 |
| 80 | ov_080 | 4.2747653695399473 × 10^286 |
| 64 | lv_79_m31 | 4.35455151201392 × 10^286 |
| 79 | ov_079 | 5.512956281037847 × 10^286 |
| 78 | ov_078 | 7.008771901236621 × 10^286 |
| 77 | ov_077 | 8.795618066292117 × 10^286 |
| 76 | ov_076 | 1.090896753075676 × 10^287 |
| 75 | ov_075 | 1.3386414382576008 × 10^287 |
| 74 | ov_074 | 1.626773610724453 × 10^287 |
| 73 | ov_073 | 1.9594963823582453 × 10^287 |
| 63 | ov_063 | 2.235911484078533 × 10^287 |
| 72 | ov_072 | 2.34124612207449 × 10^287 |
| 71 | ov_071 | 2.776701273545083 × 10^287 |
| 70 | ov_070 | 3.2707921520443424 × 10^287 |
| 69 | ov_069 | 3.8287117770342494 × 10^287 |
| 68 | ov_068 | 4.455927939374494 × 10^287 |
| 67 | ov_067 | 5.158197133254783 × 10^287 |
| 66 | ov_066 | 5.1582000349377505 × 10^287 |
| 65 | ov_065 | 5.158212425169518 × 10^287 |
| 62 | ov_062 | 1.1477929080788069 × 10^288 |
| 61 | ov_061 | 4.1861964320585065 × 10^288 |
| 60 | ov_060 | 1.1989959251732601 × 10^289 |
| 59 | ov_059 | 2.894598866460352 × 10^289 |
| 58 | ov_058 | 5.877216121309093 × 10^289 |
| 57 | ov_057 | 1.0622605427253843 × 10^290 |
| 56 | ov_056 | 1.7710498242582355 × 10^290 |
| 55 | ov_055 | 2.782460992066195 × 10^290 |
| 54 | ov_054 | 4.175266233666723 × 10^290 |
| 53 | ov_053 | 6.038642780025485 × 10^290 |
| 52 | ov_052 | 8.561357897082057 × 10^290 |
| 51 | ov_051 | 1.1953017193895697 × 10^291 |
| 50 | ov_050 | 1.644409703727943 × 10^291 |
| 49 | ov_049 | 2.228599318999314 × 10^291 |
| 48 | ov_048 | 2.975109138201047 × 10^291 |
| 47 | ov_047 | 3.9132868371572195 × 10^291 |
| 32 | lv_80_m31 | 4.796597432598029 × 10^291 |
| 46 | ov_046 | 5.0746035176080347 × 10^291 |
| 45 | ov_045 | 6.492673620418295 × 10^291 |
| 44 | ov_044 | 8.203281949395627 × 10^291 |
| 43 | ov_043 | 1.024441947438134 × 10^292 |
| 42 | ov_042 | 1.2656329731531551 × 10^292 |
| 41 | ov_041 | 1.5481567789349874 × 10^292 |
| 40 | ov_040 | 1.874321026407644 × 10^292 |
| 39 | ov_039 | 2.2465596592992722 × 10^292 |
| 31 | ov_031 | 2.4602046767682207 × 10^292 |
| 38 | ov_038 | 2.6698728639140803 × 10^292 |
| 37 | ov_037 | 3.1495326072028696 × 10^292 |
| 36 | ov_036 | 3.6910983108235547 × 10^292 |
| 35 | ov_035 | 4.3004352919650797 × 10^292 |
| 34 | ov_034 | 4.983736280567636 × 10^292 |
| 33 | ov_033 | 5.747546340337869 × 10^292 |
| 30 | ov_030 | 1.2616418503605555 × 10^293 |
| 29 | ov_029 | 4.127943423146185 × 10^293 |
| 28 | ov_028 | 1.0715702813333783 × 10^294 |
| 27 | ov_027 | 2.3954454523367477 × 10^294 |
| 26 | ov_026 | 4.790887361256678 × 10^294 |
| 25 | ov_025 | 8.777878898327205 × 10^294 |
| 24 | ov_024 | 1.4989923406210568 × 10^295 |
| 23 | ov_023 | 2.4807562829398944 × 10^295 |
| 22 | ov_022 | 3.983844523557428 × 10^295 |
| 21 | ov_021 | 6.191743196661799 × 10^295 |
| 20 | ov_020 | 9.310679325297869 × 10^295 |
| 19 | ov_019 | 1.3569652790314934 × 10^296 |
| 18 | ov_018 | 1.922048492893333 × 10^296 |
| 17 | ov_017 | 2.653788881690198 × 10^296 |
| 16 | ov_016 | 3.5819567120229247 × 10^296 |
| 15 | ov_015 | 4.73863451265394 × 10^296 |
| 14 | ov_014 | 6.1582350178364505 × 10^296 |
| 13 | ov_013 | 7.877525265630593 × 10^296 |
| 12 | ov_012 | 9.935658611638278 × 10^296 |
| 11 | ov_011 | 1.237421658578874 × 10^297 |
| 10 | ov_010 | 1.5237262687498393 × 10^297 |
| 9 | ov_009 | 1.857141038292671 × 10^297 |
| 8 | ov_008 | 2.2425907737450897 × 10^297 |
| 7 | ov_007 | 2.6852741287281374 × 10^297 |
| 6 | ov_006 | 3.1906761926848885 × 10^297 |
| 5 | ov_005 | 3.764583576385069 × 10^297 |
| 4 | ov_004 | 4.413102307242643 × 10^297 |
| 3 | ov_003 | 5.142678843913589 × 10^297 |
| 2 | ov_002 | 5.960124471655954 × 10^297 |
| 1 | ov_001 | 6.872643313261556 × 10^297 |

