# Results for F009-F012-F013-F014-F015-F016-F017-F018-F019-F020-F021-F022-F023-F024-F025-F026-F027-F028-F029-F030-F031-F032-F033-F034-F035-F036-F037-F038-F039-F040-F041-F042-F043-F044-F045-F046-F047-F048-F049-F050-F051-F052-F053-F054-F055-F056-F057-F058-F059-F060-F061-F062-F063-F064-F065-F066-F067-F068-F069-F070-F071-F072-F073-F074-F075-F076-F077-F078-F079-F080-F081-F082-F083-F084-F085-F086-F087-F088-F089-F090-F091-F092-F093-F094-F095-F096-F097-F098-F099-F100-F101-F102-F103-F104-F105-F106-F107-F108-F109-F110-F111-F112-F113-F114-F115-F116-F117-F118-F119-F120-F121-F122-F123-F124-F125-F126-F127-F128-F129-F130-F131-F132-F133-F134-F135-F136-F137-F138-F139-F140-F141-F142-F143-F144-F145-F146-F147-F148-F149-F150-F151-F152-F153-F154-F155-F156-F157-F158-F159-F160-F161-F162-F163-F164-F165-F166-F167-F168-F169-F170-F171-F172-F173-F174-F175-F176-F177-F178-F179-F180-F181-F182-F183-F184-F185-F186-F187-F188-F189-F190-F191-F192-F193-F194-F195-F196-F197-F198-F199-F200-F201-F202-F203-F204-F205-F206-F207-F208-F209-F210-F211-F212-F213-F214-F215-F216-F217-F218-F219-F220-F221-F222-F223-F224-F225-F226-F227-F228-F229-F230-F231-F232-F233-F234-F235-F236-F237-F238-F239-F240-F241-F242-F243-F244-F245-F246-F247-F248-F249-F250-F251-F252-F253-F254-F255-F256-F257-F258-F259-F260-F261-F262-F263-F264-F265-F266-F267-F268-F269-F270-F271-F272-F273-F274-F275-F276-F277-F278-F279-F280-F281-F282-F283-F284-F285-F286-F287-F288-F289-F290-F291-F292-F293-F294-F295-F296-F297-F298-F299-F300-F301-F302-F303-F304-F305-F306-F307-F308-F309-F310-F311-F312-F313-F314-F315-F316-F317-F318-F319-F320-F321-F322-F323-F324-F325-F326-F327-F328-F329-F330-F331-F332-F333-F334-F335-F336-F337-F338-F339-F340-F341-F342-F343-F344-F345-F346-F347-F348-F349-F350-F351-F352-F353-F354-F355-F356-F357-F358-F359-F360-F361-F362-F363-F364-F365-F366-F367-F368-F369-F370-F371-F372-F373-F374-F375-F376-F377-F378-F379-F380-F381-F382-F383-F384-F385-F386-F387-F388-F389-F390-F391-F392-F393-F394-F395-F396-F397-F398-F399-F400-F401-F402-F403-F404-F405-F406-F407-F408-F409-F410-F411-F412-F413-F414-F415-F416-F417-F418-F419-F420-F421-F422-F423-F424-F425-F426-F427-F428-F429-F430-F431-F432-F433-F434-F435-F436-F437-F438-F439-F440-F441-F442-F443-F444-F445-F446-F447-F448-F449-F450-F451-F452-F453-F454-F455-F456-F457-F458-F459-F460-F461-F462-F463-F464-F465-F466-F467-F468-F469-F470-F471-F472-F473-F474-F475-F476-F477-F478-F479-F480-F481-F482-F483-F484-F485-F486-F487-F488-F489-F490-F491-F492-F493-F494-F495-F496-F497-F498-F499-F500-F501-F502-F503-F504-F505-F506-F507-F508-F509-F510-F511-F512

## Summary

Number of input bits: 512  
Number of free input bits: 10  
Number of output bits: 160

Number of direct occurrences: 45805  
Number of assignments: 38011  
Number of operations: 18775923
(xor: 18736359,
and: 23538,
or: 16026)

Total complexity: 1.3907998213319595 × 10^352

Least occurring input variable: iv_007 (4324)  
Most occurring input variable: iv_011 (5000)

Most co-occurring input variables: iv_010-iv_011 (2370)  
Least co-occurring input variables: iv_003-iv_007 (1997)

Potentially most occurring input variable: iv_008/iv_011 (5236)  
Potentially least occurring input variable: iv_004/iv_005 (4442)

Least output occurring input variable: iv_007 (70)  
Most output occurring input variable: iv_011 (90)

Most output co-occurring input variables: iv_002-iv_011 (50)  
Least output co-occurring input variables: iv_005-iv_007 (25)

Potentially most output occurring input variable: iv_002/iv_005 (100)  
Potentially least output occurring input variable: iv_004/iv_005 (67)

Least complex input bit: iv_001 (3.744808583478828 × 10^349)  
Most complex input bit: iv_008 (3.488000679456614 × 10^351)

Least complex output bit: aaa_76_29 (4.497684362014745 × 10^327)  
Most complex output bit: ov_001 (2.1265505719872426 × 10^351)

Least complex input/output complexity: iv_001/aaa_76_29 (1.211027406411436 × 10^325)  
Most complex input/output complexity: iv_008/ov_001 (5.33319729138788 × 10^350)

## Input Bits

### Input Bits in Regular Order

| Input Bit | Complexity | Occurrences | Output Occurrences |
|:---------:|:----------:|:-----------:|:------------------:|
| iv_001 | 3.744808583478828 × 10^349 | 4563 | 75 |
| iv_002 | 1.5981007338494137 × 10^350 | 4618 | 85 |
| iv_003 | 4.512774105879268 × 10^350 | 4433 | 72 |
| iv_004 | 9.738599677634833 × 10^350 | 4562 | 78 |
| iv_005 | 1.5542988630425507 × 10^351 | 4612 | 73 |
| iv_006 | 2.1431427836635666 × 10^351 | 4595 | 87 |
| iv_007 | 2.76776443417615 × 10^351 | 4324 | 70 |
| iv_008 | 3.488000679456614 × 10^351 | 4598 | 81 |
| iv_010 | 1.1140737573219423 × 10^351 | 4500 | 83 |
| iv_011 | 1.2183221580876319 × 10^351 | 5000 | 90 |

### Input Bits Sorted by Complexity

| Input Bit | Complexity | Occurrences | Output Occurrences |
|:---------:|:----------:|:-----------:|:------------------:|
| iv_001 | 3.744808583478828 × 10^349 | 4563 | 75 |
| iv_002 | 1.5981007338494137 × 10^350 | 4618 | 85 |
| iv_003 | 4.512774105879268 × 10^350 | 4433 | 72 |
| iv_004 | 9.738599677634833 × 10^350 | 4562 | 78 |
| iv_010 | 1.1140737573219423 × 10^351 | 4500 | 83 |
| iv_011 | 1.2183221580876319 × 10^351 | 5000 | 90 |
| iv_005 | 1.5542988630425507 × 10^351 | 4612 | 73 |
| iv_006 | 2.1431427836635666 × 10^351 | 4595 | 87 |
| iv_007 | 2.76776443417615 × 10^351 | 4324 | 70 |
| iv_008 | 3.488000679456614 × 10^351 | 4598 | 81 |

### Input Bits Sorted by Occurrences

| Input Bit | Complexity | Occurrences | Output Occurrences |
|:---------:|:----------:|:-----------:|:------------------:|
| iv_007 | 2.76776443417615 × 10^351 | 4324 | 70 |
| iv_003 | 4.512774105879268 × 10^350 | 4433 | 72 |
| iv_010 | 1.1140737573219423 × 10^351 | 4500 | 83 |
| iv_004 | 9.738599677634833 × 10^350 | 4562 | 78 |
| iv_001 | 3.744808583478828 × 10^349 | 4563 | 75 |
| iv_006 | 2.1431427836635666 × 10^351 | 4595 | 87 |
| iv_008 | 3.488000679456614 × 10^351 | 4598 | 81 |
| iv_005 | 1.5542988630425507 × 10^351 | 4612 | 73 |
| iv_002 | 1.5981007338494137 × 10^350 | 4618 | 85 |
| iv_011 | 1.2183221580876319 × 10^351 | 5000 | 90 |

### Input Bits Sorted by Output Occurrences

| Input Bit | Complexity | Occurrences | Output Occurrences |
|:---------:|:----------:|:-----------:|:------------------:|
| iv_007 | 2.76776443417615 × 10^351 | 4324 | 70 |
| iv_003 | 4.512774105879268 × 10^350 | 4433 | 72 |
| iv_005 | 1.5542988630425507 × 10^351 | 4612 | 73 |
| iv_001 | 3.744808583478828 × 10^349 | 4563 | 75 |
| iv_004 | 9.738599677634833 × 10^350 | 4562 | 78 |
| iv_008 | 3.488000679456614 × 10^351 | 4598 | 81 |
| iv_010 | 1.1140737573219423 × 10^351 | 4500 | 83 |
| iv_002 | 1.5981007338494137 × 10^350 | 4618 | 85 |
| iv_006 | 2.1431427836635666 × 10^351 | 4595 | 87 |
| iv_011 | 1.2183221580876319 × 10^351 | 5000 | 90 |

## Input Bit Co-occurrences

### Input Bit Co-occurrences Sorted by Co-occurrences

| Input Bits | Co-occurrences | Potential Occurrences | Output Co-occurrences | Potential Output Occurrences |
|:----------:|:--------------:|:---------------------:|:---------------------:|:----------------------------:|
| iv_010-iv_011 | 2370 | 4760 | 45 | 83 |
| iv_004-iv_005 | 2366 | 4442 | 42 | 67 |
| iv_002-iv_011 | 2312 | 4994 | 50 | 75 |
| iv_001-iv_011 | 2304 | 4955 | 43 | 79 |
| iv_005-iv_011 | 2236 | 5140 | 34 | 95 |
| iv_001-iv_006 | 2221 | 4716 | 47 | 68 |
| iv_001-iv_002 | 2213 | 4755 | 40 | 80 |
| iv_002-iv_006 | 2212 | 4789 | 45 | 82 |
| iv_006-iv_011 | 2211 | 5173 | 47 | 83 |
| iv_002-iv_007 | 2198 | 4546 | 43 | 69 |

### Input Bit Co-occurrences Sorted by Potential Occurrences

| Input Bits | Co-occurrences | Potential Occurrences | Output Co-occurrences | Potential Output Occurrences |
|:----------:|:--------------:|:---------------------:|:---------------------:|:----------------------------:|
| iv_004-iv_005 | 2366 | 4442 | 42 | 67 |
| iv_002-iv_007 | 2198 | 4546 | 43 | 69 |
| iv_007-iv_008 | 2142 | 4638 | 31 | 89 |
| iv_006-iv_007 | 2112 | 4695 | 37 | 83 |
| iv_001-iv_006 | 2221 | 4716 | 47 | 68 |
| iv_005-iv_010 | 2197 | 4718 | 34 | 88 |
| iv_001-iv_007 | 2083 | 4721 | 34 | 77 |
| iv_002-iv_003 | 2157 | 4737 | 42 | 73 |
| iv_003-iv_005 | 2149 | 4747 | 33 | 79 |
| iv_001-iv_002 | 2213 | 4755 | 40 | 80 |

### Input Bit Output Co-occurrences Sorted by Output Co-occurrences

| Input Bits | Co-occurrences | Potential Occurrences | Output Co-occurrences | Potential Output Occurrences |
|:----------:|:--------------:|:---------------------:|:---------------------:|:----------------------------:|
| iv_002-iv_011 | 2312 | 4994 | 50 | 75 |
| iv_006-iv_010 | 2102 | 4891 | 48 | 74 |
| iv_008-iv_010 | 2024 | 5050 | 48 | 68 |
| iv_006-iv_011 | 2211 | 5173 | 47 | 83 |
| iv_001-iv_006 | 2221 | 4716 | 47 | 68 |
| iv_002-iv_010 | 2111 | 4896 | 46 | 76 |
| iv_010-iv_011 | 2370 | 4760 | 45 | 83 |
| iv_002-iv_006 | 2212 | 4789 | 45 | 82 |
| iv_006-iv_008 | 2148 | 4897 | 44 | 80 |
| iv_001-iv_010 | 2107 | 4849 | 44 | 70 |

### Input Bit Output Co-occurrences Sorted by Potential Output Occurrences

| Input Bits | Co-occurrences | Potential Occurrences | Output Co-occurrences | Potential Output Occurrences |
|:----------:|:--------------:|:---------------------:|:---------------------:|:----------------------------:|
| iv_004-iv_005 | 2366 | 4442 | 42 | 67 |
| iv_008-iv_010 | 2024 | 5050 | 48 | 68 |
| iv_001-iv_006 | 2221 | 4716 | 47 | 68 |
| iv_002-iv_007 | 2198 | 4546 | 43 | 69 |
| iv_001-iv_010 | 2107 | 4849 | 44 | 70 |
| iv_001-iv_008 | 2153 | 4855 | 42 | 72 |
| iv_002-iv_003 | 2157 | 4737 | 42 | 73 |
| iv_006-iv_010 | 2102 | 4891 | 48 | 74 |
| iv_002-iv_011 | 2312 | 4994 | 50 | 75 |
| iv_005-iv_006 | 2086 | 5035 | 42 | 76 |

## Output Bits

### Output Bits in Regular Order

| Rank | Output Bit | Complexity |
|:----:|:----------:|:----------:|
| 1 | ov_001 | 2.1265505719872426 × 10^351 |
| 2 | ov_002 | 1.8620876737181469 × 10^351 |
| 3 | ov_003 | 1.6232449922017637 × 10^351 |
| 4 | ov_004 | 1.4074971040062352 × 10^351 |
| 5 | ov_005 | 1.2124631196693037 × 10^351 |
| 6 | ov_006 | 1.0369873559327866 × 10^351 |
| 7 | ov_007 | 8.799787607592769 × 10^350 |
| 8 | ov_008 | 7.404065828437715 × 10^350 |
| 9 | ov_009 | 6.172965693711823 × 10^350 |
| 10 | ov_010 | 5.09727661036954 × 10^350 |
| 11 | ov_011 | 4.1682915525243275 × 10^350 |
| 12 | ov_012 | 3.377783043066156 × 10^350 |
| 13 | ov_013 | 2.7106578360845442 × 10^350 |
| 14 | ov_014 | 2.1526946907111113 × 10^350 |
| 15 | ov_015 | 1.690519775411501 × 10^350 |
| 16 | ov_016 | 1.3115869620735441 × 10^350 |
| 17 | ov_017 | 1.0041623011681665 × 10^350 |
| 18 | ov_018 | 7.57312027455203 × 10^349 |
| 19 | ov_019 | 5.608935030519566 × 10^349 |
| 20 | ov_020 | 4.055485613864486 × 10^349 |
| 21 | ov_021 | 2.867935391666218 × 10^349 |
| 22 | ov_022 | 1.9682650256732734 × 10^349 |
| 23 | ov_023 | 1.2861990325067925 × 10^349 |
| 24 | ov_024 | 7.885335933404476 × 10^348 |
| 25 | ov_025 | 4.4592793213377377 × 10^348 |
| 26 | ov_026 | 2.32901724537293 × 10^348 |
| 27 | ov_027 | 1.1007139358406674 × 10^348 |
| 28 | ov_028 | 4.5770528070573166 × 10^347 |
| 29 | ov_029 | 1.6049652988530686 × 10^347 |
| 30 | ov_030 | 4.421364937154278 × 10^346 |
| 31 | ov_031 | 8.659577319250345 × 10^345 |
| 32 | lv_80_m31 | 1.6961582015184906 × 10^345 |
| 33 | ov_033 | 2.108901276783715 × 10^346 |
| 34 | ov_034 | 1.8540946178947083 × 10^346 |
| 35 | ov_035 | 1.6241517168241185 × 10^346 |
| 36 | ov_036 | 1.4165955145348953 × 10^346 |
| 37 | ov_037 | 1.2291010638457771 × 10^346 |
| 38 | ov_038 | 1.0594852434768845 × 10^346 |
| 39 | ov_039 | 9.066907223442433 × 10^345 |
| 40 | ov_040 | 7.697241657183828 × 10^345 |
| 41 | ov_041 | 6.476521929200567 × 10^345 |
| 42 | ov_042 | 5.395977320188394 × 10^345 |
| 43 | ov_043 | 4.447367489259369 × 10^345 |
| 44 | ov_044 | 3.6229532896053627 × 10^345 |
| 45 | ov_045 | 2.915470895246076 × 10^345 |
| 46 | ov_046 | 2.318109029627328 × 10^345 |
| 47 | ov_047 | 1.8185259794758763 × 10^345 |
| 48 | ov_048 | 1.4051963241016656 × 10^345 |
| 49 | ov_049 | 1.0673838458423187 × 10^345 |
| 50 | ov_050 | 7.951188255324213 × 10^344 |
| 51 | ov_051 | 5.791793260810075 × 10^344 |
| 52 | ov_052 | 4.110760683358979 × 10^344 |
| 53 | ov_053 | 2.830405040950928 × 10^344 |
| 54 | ov_054 | 1.8801569152267515 × 10^344 |
| 55 | ov_055 | 1.1964957844111129 × 10^344 |
| 56 | ov_056 | 7.229029907817102 × 10^343 |
| 57 | ov_057 | 4.098308989543987 × 10^343 |
| 58 | ov_058 | 2.146843339429869 × 10^343 |
| 59 | ov_059 | 1.018105797746568 × 10^343 |
| 60 | ov_060 | 4.2494717552574623 × 10^342 |
| 61 | ov_061 | 1.4957835189193204 × 10^342 |
| 62 | ov_062 | 4.135813187284637 × 10^341 |
| 63 | ov_063 | 8.130856652715178 × 10^340 |
| 64 | lv_79_m31 | 1.598345795746858 × 10^340 |
| 65 | ov_065 | 2.1916110028251196 × 10^341 |
| 66 | ov_066 | 2.1915435931586228 × 10^341 |
| 67 | ov_067 | 2.1915218850714698 × 10^341 |
| 68 | ov_068 | 1.9708526859375096 × 10^341 |
| 69 | ov_069 | 1.766754314426885 × 10^341 |
| 70 | ov_070 | 1.5782731789817506 × 10^341 |
| 71 | ov_071 | 1.4045258327509098 × 10^341 |
| 72 | ov_072 | 1.2446912529854482 × 10^341 |
| 73 | ov_073 | 1.0980035442837642 × 10^341 |
| 74 | ov_074 | 9.637450419106937 × 10^340 |
| 75 | ov_075 | 8.412397925925977 × 10^340 |
| 76 | ov_076 | 7.298474699584597 × 10^340 |
| 77 | ov_077 | 6.289578565778996 × 10^340 |
| 78 | ov_078 | 5.379859369568832 × 10^340 |
| 79 | ov_079 | 4.5636756318889635 × 10^340 |
| 80 | ov_080 | 3.835556558232165 × 10^340 |
| 81 | ov_081 | 3.190169031832799 × 10^340 |
| 82 | ov_082 | 2.6222892287646536 × 10^340 |
| 83 | ov_083 | 2.1267784961109824 × 10^340 |
| 84 | ov_084 | 1.6985631370379923 × 10^340 |
| 85 | ov_085 | 1.332617748440196 × 10^340 |
| 86 | ov_086 | 1.0239517580318726 × 10^340 |
| 87 | ov_087 | 7.675988085070714 × 10^339 |
| 88 | ov_088 | 5.586086368291014 × 10^339 |
| 89 | ov_089 | 3.920410969457368 × 10^339 |
| 90 | ov_090 | 2.6296197433087893 × 10^339 |
| 91 | ov_091 | 1.6644024079433763 × 10^339 |
| 92 | ov_092 | 9.7546400934469 × 10^338 |
| 93 | ov_093 | 5.135159882097541 × 10^338 |
| 94 | ov_094 | 2.2927198154275856 × 10^338 |
| 95 | aaa_78_28 | 7.344620429721847 × 10^337 |
| 96 | aaa_78_29 | 2.76754265927105 × 10^337 |
| 97 | ov_097 | 2.682841555550548 × 10^337 |
| 98 | ov_098 | 2.6828337079868825 × 10^337 |
| 99 | ov_099 | 2.682831799808205 × 10^337 |
| 100 | ov_100 | 2.3581306419049812 × 10^337 |
| 101 | ov_101 | 2.0645487602280743 × 10^337 |
| 102 | ov_102 | 1.7991659399928657 × 10^337 |
| 103 | ov_103 | 1.559231018167887 × 10^337 |
| 104 | ov_104 | 1.3421501466178035 × 10^337 |
| 105 | ov_105 | 1.1466643442542099 × 10^337 |
| 106 | ov_106 | 9.715855772685274 × 10^336 |
| 107 | ov_107 | 8.1579238076594 × 10^336 |
| 108 | ov_108 | 6.7822599920222795 × 10^336 |
| 109 | ov_109 | 5.578870064782664 × 10^336 |
| 110 | ov_110 | 4.538323688158358 × 10^336 |
| 111 | ov_111 | 3.6517291572806848 × 10^336 |
| 112 | ov_112 | 2.9028362717672547 × 10^336 |
| 113 | ov_113 | 2.276377939575321 × 10^336 |
| 114 | ov_114 | 1.7580432413168492 × 10^336 |
| 115 | ov_115 | 1.3344560014101659 × 10^336 |
| 116 | ov_116 | 9.931581957286349 × 10^335 |
| 117 | ov_117 | 7.225974299020704 × 10^335 |
| 118 | ov_118 | 5.12117744013061 × 10^335 |
| 119 | ov_119 | 3.5195307706242116 × 10^335 |
| 120 | ov_120 | 2.3322280208677692 × 10^335 |
| 121 | ov_121 | 1.479288202522879 × 10^335 |
| 122 | ov_122 | 8.895377965464616 × 10^334 |
| 123 | ov_123 | 5.0060061945313104 × 10^334 |
| 124 | ov_124 | 2.5889256970281933 × 10^334 |
| 125 | ov_125 | 1.1961920482955955 × 10^334 |
| 126 | ov_126 | 4.67747812982271 × 10^333 |
| 127 | aaa_77_28 | 1.3141943832530046 × 10^333 |
| 128 | aaa_77_29 | 4.0125743206481284 × 10^332 |
| 129 | ov_129 | 2.452228862800908 × 10^332 |
| 130 | ov_130 | 2.4522200472831808 × 10^332 |
| 131 | ov_131 | 2.4522178986906006 × 10^332 |
| 132 | ov_132 | 2.160570458629694 × 10^332 |
| 133 | ov_133 | 1.8980335621681317 × 10^332 |
| 134 | ov_134 | 1.661392998396128 × 10^332 |
| 135 | ov_135 | 1.4490902350371023 × 10^332 |
| 136 | ov_136 | 1.2582723673123906 × 10^332 |
| 137 | ov_137 | 1.0862486360208831 × 10^332 |
| 138 | ov_138 | 9.317127992316383 × 10^331 |
| 139 | ov_139 | 7.93431930096557 × 10^331 |
| 140 | ov_140 | 6.70242048586553 × 10^331 |
| 141 | ov_141 | 5.610443048266223 × 10^331 |
| 142 | ov_142 | 4.648016758295591 × 10^331 |
| 143 | ov_143 | 3.805361395736553 × 10^331 |
| 144 | ov_144 | 3.0732629248013792 × 10^331 |
| 145 | ov_145 | 2.4430537843148552 × 10^331 |
| 146 | ov_146 | 1.9065969311933524 × 10^331 |
| 147 | ov_147 | 1.4562731723735709 × 10^331 |
| 148 | ov_148 | 1.0849712919620524 × 10^331 |
| 149 | ov_149 | 7.860805212507979 × 10^330 |
| 150 | ov_150 | 5.534849400719819 × 10^330 |
| 151 | ov_151 | 3.7642233220307013 × 10^330 |
| 152 | ov_152 | 2.4510462169144375 × 10^330 |
| 153 | ov_153 | 1.507148339417548 × 10^330 |
| 154 | ov_154 | 8.540523506201541 × 10^329 |
| 155 | ov_155 | 4.2296272965432023 × 10^329 |
| 156 | aaa_76_25 | 1.547603939362265 × 10^329 |
| 157 | aaa_76_26 | 8.10908701865859 × 10^328 |
| 158 | aaa_76_27 | 3.7521250999962054 × 10^328 |
| 159 | aaa_76_28 | 1.469602712901511 × 10^328 |
| 160 | aaa_76_29 | 4.497684362014745 × 10^327 |

### Output Bits Sorted by Complexity

| Rank | Output Bit | Complexity |
|:----:|:----------:|:----------:|
| 160 | aaa_76_29 | 4.497684362014745 × 10^327 |
| 159 | aaa_76_28 | 1.469602712901511 × 10^328 |
| 158 | aaa_76_27 | 3.7521250999962054 × 10^328 |
| 157 | aaa_76_26 | 8.10908701865859 × 10^328 |
| 156 | aaa_76_25 | 1.547603939362265 × 10^329 |
| 155 | ov_155 | 4.2296272965432023 × 10^329 |
| 154 | ov_154 | 8.540523506201541 × 10^329 |
| 153 | ov_153 | 1.507148339417548 × 10^330 |
| 152 | ov_152 | 2.4510462169144375 × 10^330 |
| 151 | ov_151 | 3.7642233220307013 × 10^330 |
| 150 | ov_150 | 5.534849400719819 × 10^330 |
| 149 | ov_149 | 7.860805212507979 × 10^330 |
| 148 | ov_148 | 1.0849712919620524 × 10^331 |
| 147 | ov_147 | 1.4562731723735709 × 10^331 |
| 146 | ov_146 | 1.9065969311933524 × 10^331 |
| 145 | ov_145 | 2.4430537843148552 × 10^331 |
| 144 | ov_144 | 3.0732629248013792 × 10^331 |
| 143 | ov_143 | 3.805361395736553 × 10^331 |
| 142 | ov_142 | 4.648016758295591 × 10^331 |
| 141 | ov_141 | 5.610443048266223 × 10^331 |
| 140 | ov_140 | 6.70242048586553 × 10^331 |
| 139 | ov_139 | 7.93431930096557 × 10^331 |
| 138 | ov_138 | 9.317127992316383 × 10^331 |
| 137 | ov_137 | 1.0862486360208831 × 10^332 |
| 136 | ov_136 | 1.2582723673123906 × 10^332 |
| 135 | ov_135 | 1.4490902350371023 × 10^332 |
| 134 | ov_134 | 1.661392998396128 × 10^332 |
| 133 | ov_133 | 1.8980335621681317 × 10^332 |
| 132 | ov_132 | 2.160570458629694 × 10^332 |
| 131 | ov_131 | 2.4522178986906006 × 10^332 |
| 130 | ov_130 | 2.4522200472831808 × 10^332 |
| 129 | ov_129 | 2.452228862800908 × 10^332 |
| 128 | aaa_77_29 | 4.0125743206481284 × 10^332 |
| 127 | aaa_77_28 | 1.3141943832530046 × 10^333 |
| 126 | ov_126 | 4.67747812982271 × 10^333 |
| 125 | ov_125 | 1.1961920482955955 × 10^334 |
| 124 | ov_124 | 2.5889256970281933 × 10^334 |
| 123 | ov_123 | 5.0060061945313104 × 10^334 |
| 122 | ov_122 | 8.895377965464616 × 10^334 |
| 121 | ov_121 | 1.479288202522879 × 10^335 |
| 120 | ov_120 | 2.3322280208677692 × 10^335 |
| 119 | ov_119 | 3.5195307706242116 × 10^335 |
| 118 | ov_118 | 5.12117744013061 × 10^335 |
| 117 | ov_117 | 7.225974299020704 × 10^335 |
| 116 | ov_116 | 9.931581957286349 × 10^335 |
| 115 | ov_115 | 1.3344560014101659 × 10^336 |
| 114 | ov_114 | 1.7580432413168492 × 10^336 |
| 113 | ov_113 | 2.276377939575321 × 10^336 |
| 112 | ov_112 | 2.9028362717672547 × 10^336 |
| 111 | ov_111 | 3.6517291572806848 × 10^336 |
| 110 | ov_110 | 4.538323688158358 × 10^336 |
| 109 | ov_109 | 5.578870064782664 × 10^336 |
| 108 | ov_108 | 6.7822599920222795 × 10^336 |
| 107 | ov_107 | 8.1579238076594 × 10^336 |
| 106 | ov_106 | 9.715855772685274 × 10^336 |
| 105 | ov_105 | 1.1466643442542099 × 10^337 |
| 104 | ov_104 | 1.3421501466178035 × 10^337 |
| 103 | ov_103 | 1.559231018167887 × 10^337 |
| 102 | ov_102 | 1.7991659399928657 × 10^337 |
| 101 | ov_101 | 2.0645487602280743 × 10^337 |
| 100 | ov_100 | 2.3581306419049812 × 10^337 |
| 99 | ov_099 | 2.682831799808205 × 10^337 |
| 98 | ov_098 | 2.6828337079868825 × 10^337 |
| 97 | ov_097 | 2.682841555550548 × 10^337 |
| 96 | aaa_78_29 | 2.76754265927105 × 10^337 |
| 95 | aaa_78_28 | 7.344620429721847 × 10^337 |
| 94 | ov_094 | 2.2927198154275856 × 10^338 |
| 93 | ov_093 | 5.135159882097541 × 10^338 |
| 92 | ov_092 | 9.7546400934469 × 10^338 |
| 91 | ov_091 | 1.6644024079433763 × 10^339 |
| 90 | ov_090 | 2.6296197433087893 × 10^339 |
| 89 | ov_089 | 3.920410969457368 × 10^339 |
| 88 | ov_088 | 5.586086368291014 × 10^339 |
| 87 | ov_087 | 7.675988085070714 × 10^339 |
| 86 | ov_086 | 1.0239517580318726 × 10^340 |
| 85 | ov_085 | 1.332617748440196 × 10^340 |
| 64 | lv_79_m31 | 1.598345795746858 × 10^340 |
| 84 | ov_084 | 1.6985631370379923 × 10^340 |
| 83 | ov_083 | 2.1267784961109824 × 10^340 |
| 82 | ov_082 | 2.6222892287646536 × 10^340 |
| 81 | ov_081 | 3.190169031832799 × 10^340 |
| 80 | ov_080 | 3.835556558232165 × 10^340 |
| 79 | ov_079 | 4.5636756318889635 × 10^340 |
| 78 | ov_078 | 5.379859369568832 × 10^340 |
| 77 | ov_077 | 6.289578565778996 × 10^340 |
| 76 | ov_076 | 7.298474699584597 × 10^340 |
| 63 | ov_063 | 8.130856652715178 × 10^340 |
| 75 | ov_075 | 8.412397925925977 × 10^340 |
| 74 | ov_074 | 9.637450419106937 × 10^340 |
| 73 | ov_073 | 1.0980035442837642 × 10^341 |
| 72 | ov_072 | 1.2446912529854482 × 10^341 |
| 71 | ov_071 | 1.4045258327509098 × 10^341 |
| 70 | ov_070 | 1.5782731789817506 × 10^341 |
| 69 | ov_069 | 1.766754314426885 × 10^341 |
| 68 | ov_068 | 1.9708526859375096 × 10^341 |
| 67 | ov_067 | 2.1915218850714698 × 10^341 |
| 66 | ov_066 | 2.1915435931586228 × 10^341 |
| 65 | ov_065 | 2.1916110028251196 × 10^341 |
| 62 | ov_062 | 4.135813187284637 × 10^341 |
| 61 | ov_061 | 1.4957835189193204 × 10^342 |
| 60 | ov_060 | 4.2494717552574623 × 10^342 |
| 59 | ov_059 | 1.018105797746568 × 10^343 |
| 58 | ov_058 | 2.146843339429869 × 10^343 |
| 57 | ov_057 | 4.098308989543987 × 10^343 |
| 56 | ov_056 | 7.229029907817102 × 10^343 |
| 55 | ov_055 | 1.1964957844111129 × 10^344 |
| 54 | ov_054 | 1.8801569152267515 × 10^344 |
| 53 | ov_053 | 2.830405040950928 × 10^344 |
| 52 | ov_052 | 4.110760683358979 × 10^344 |
| 51 | ov_051 | 5.791793260810075 × 10^344 |
| 50 | ov_050 | 7.951188255324213 × 10^344 |
| 49 | ov_049 | 1.0673838458423187 × 10^345 |
| 48 | ov_048 | 1.4051963241016656 × 10^345 |
| 32 | lv_80_m31 | 1.6961582015184906 × 10^345 |
| 47 | ov_047 | 1.8185259794758763 × 10^345 |
| 46 | ov_046 | 2.318109029627328 × 10^345 |
| 45 | ov_045 | 2.915470895246076 × 10^345 |
| 44 | ov_044 | 3.6229532896053627 × 10^345 |
| 43 | ov_043 | 4.447367489259369 × 10^345 |
| 42 | ov_042 | 5.395977320188394 × 10^345 |
| 41 | ov_041 | 6.476521929200567 × 10^345 |
| 40 | ov_040 | 7.697241657183828 × 10^345 |
| 31 | ov_031 | 8.659577319250345 × 10^345 |
| 39 | ov_039 | 9.066907223442433 × 10^345 |
| 38 | ov_038 | 1.0594852434768845 × 10^346 |
| 37 | ov_037 | 1.2291010638457771 × 10^346 |
| 36 | ov_036 | 1.4165955145348953 × 10^346 |
| 35 | ov_035 | 1.6241517168241185 × 10^346 |
| 34 | ov_034 | 1.8540946178947083 × 10^346 |
| 33 | ov_033 | 2.108901276783715 × 10^346 |
| 30 | ov_030 | 4.421364937154278 × 10^346 |
| 29 | ov_029 | 1.6049652988530686 × 10^347 |
| 28 | ov_028 | 4.5770528070573166 × 10^347 |
| 27 | ov_027 | 1.1007139358406674 × 10^348 |
| 26 | ov_026 | 2.32901724537293 × 10^348 |
| 25 | ov_025 | 4.4592793213377377 × 10^348 |
| 24 | ov_024 | 7.885335933404476 × 10^348 |
| 23 | ov_023 | 1.2861990325067925 × 10^349 |
| 22 | ov_022 | 1.9682650256732734 × 10^349 |
| 21 | ov_021 | 2.867935391666218 × 10^349 |
| 20 | ov_020 | 4.055485613864486 × 10^349 |
| 19 | ov_019 | 5.608935030519566 × 10^349 |
| 18 | ov_018 | 7.57312027455203 × 10^349 |
| 17 | ov_017 | 1.0041623011681665 × 10^350 |
| 16 | ov_016 | 1.3115869620735441 × 10^350 |
| 15 | ov_015 | 1.690519775411501 × 10^350 |
| 14 | ov_014 | 2.1526946907111113 × 10^350 |
| 13 | ov_013 | 2.7106578360845442 × 10^350 |
| 12 | ov_012 | 3.377783043066156 × 10^350 |
| 11 | ov_011 | 4.1682915525243275 × 10^350 |
| 10 | ov_010 | 5.09727661036954 × 10^350 |
| 9 | ov_009 | 6.172965693711823 × 10^350 |
| 8 | ov_008 | 7.404065828437715 × 10^350 |
| 7 | ov_007 | 8.799787607592769 × 10^350 |
| 6 | ov_006 | 1.0369873559327866 × 10^351 |
| 5 | ov_005 | 1.2124631196693037 × 10^351 |
| 4 | ov_004 | 1.4074971040062352 × 10^351 |
| 3 | ov_003 | 1.6232449922017637 × 10^351 |
| 2 | ov_002 | 1.8620876737181469 × 10^351 |
| 1 | ov_001 | 2.1265505719872426 × 10^351 |

