# Results for F001-F002-F003-F004-F005-F006-F007-F008-F009-F010-F011-F012-F013-F014-F015-F016-F017-F018-F019-F020-F021-F022-F023-F024-F025-F026-F027-F028-F029-F030-F031-F032-F033-F034-F035-F036-F037-F038-F039-F040-F041-F042-F043-F044-F045-F046-F047-F048-F049-F050-F051-F052-F053-F054-F055-F056-F057-F058-F059-F060-F061-F062-F063-F064-F065-F066-F067-F068-F069-F070-F071-F072-F073-F074-F075-F076-F077-F078-F079-F080-F081-F082-F083-F084-F085-F086-F087-F088-F089-F090-F091-F092-F093-F094-F095-F096-F097-F098-F099-F100-F101-F102-F103-F104-F105-F106-F107-F108-F109-F110-F111-F112-F113-F114-F115-F116-F117-F118-F119-F120-F121-F122-F123-F124-F125-F126-F127-F128-F129-F130-F131-F132-F133-F134-F135-F136-F137-F138-F139-F140-F141-F142-F143-F144-F145-F146-F147-F148-F149-F150-F151-F152-F153-F154-F155-F156-F157-F158-F159-F160-F161-F162-F163-F164-F165-F166-F167-F168-F169-F170-F171-F172-F173-F174-F175-F176-F177-F178-F179-F180-F181-F182-F183-F184-F185-F186-F187-F188-F189-F190-F191-F192-F193-F194-F195-F196-F197-F198-F199-F200-F201-F202-F203-F204-F205-F206-F207-F208-F209-F210-F211-F212-F213-F214-F215-F216-F217-F218-F219-F220-F221-F222-F223-F224-F225-F226-F227-F228-F229-F230-F231-F232-F233-F234-F235-F236-F237-F238-F239-F240-F241-F242-F243-F244-F245-F246-F247-F248-F249-F250-F251-F252-F253-F254-F255-F256-F257-F258-F259-F260-F261-F262-F263-F264-F265-F266-F267-F268-F269-F270-F271-F272-F273-F274-F275-F276-F277-F278-F279-F280-F281-F282-F283-F284-F285-F286-F287-F288-F289-F290-F291-F292-F293-F294-F295-F296-F297-F298-F299-F300-F301-F302-F303-F304-F305-F306-F307-F308-F309-F310-F311-F312-F313-F314-F315-F316-F317-F318-F319-F320-F321-F322-F323-F324-F325-F326-F327-F328-F329-F330-F331-F332-F333-F334-F335-F336-F337-F338-F339-F340-F341-F342-F343-F344-F345-F346-F347-F348-F349-F350-F351-F352-F353-F354-F355-F356-F357-F358-F359-F360-F361-F362-F363-F364-F365-F366-F367-F368-F369-F370-F371-F372-F373-F374-F375-F376-F377-F378-F379-F380-F381-F382-F383-F384-F385-F386-F387-F388-F389-F390-F391-F392-F393-F394-F395-F396-F397-F398-F399-F400-F401-F402-F403-F404-F405-F406-F407-F408-F409-F410-F411-F412-F413-F414-F415-F416-F417-F418-F419-F420-F421-F422-F423-F424-F425-F426-F427-F428-F429-F430-F431-F432-F433-F434-F435-F436-F437-F438-F439-F440-F441-F442-F443-F444-F445-F446-F447-F448-F449-F450-F451-F452-F453-F454-F455-F456-F457-F458-F459-F460-F461-F462-F463-F464-F465-F466-F467-F468-F469-F470-F471-F472-F473-F474-F475-F476-F477-F478-F479-F480-F481-F482-F483-F484-F485-F486-F487-F488-F489-F490-F491-F492-F493-F494-F495-F496-O497507-E499505-F509-F510-F511-F512

## Summary

Number of input bits: 512  
Number of free input bits: 10  
Number of output bits: 160

Number of direct occurrences: 40156  
Number of assignments: 31100  
Number of operations: 10859325
(xor: 10831244,
and: 14787,
or: 13294)

Total complexity: 2.0265414359860822 × 10^298

Least occurring input variable: iv_502 (3844)  
Most occurring input variable: iv_497 (4212)

Most co-occurring input variables: iv_497-iv_508 (2021)  
Least co-occurring input variables: iv_498-iv_502 (1743)

Potentially most occurring input variable: iv_497/iv_498 (4569)  
Potentially least occurring input variable: iv_499/iv_504 (4097)

Least output occurring input variable: iv_499 (57)  
Most output occurring input variable: iv_498 (88)

Most output co-occurring input variables: iv_498-iv_504 (50)  
Least output co-occurring input variables: iv_499-iv_501 (25)

Potentially most output occurring input variable: iv_501/iv_502 (89)  
Potentially least output occurring input variable: iv_498/iv_504 (68)

Least complex input bit: iv_498 (1.4394814225201363 × 10^296)  
Most complex input bit: iv_499 (4.515110326440441 × 10^297)

Least complex output bit: aaa_76_29 (1.3188665017003526 × 10^273)  
Most complex output bit: ov_001 (3.241638238756083 × 10^297)

Least complex input/output complexity: iv_498/aaa_76_29 (9.368097756451787 × 10^270)  
Most complex input/output complexity: iv_499/ov_001 (7.2223316170537475 × 10^296)

## Input Bits

### Input Bits in Regular Order

| Input Bit | Complexity | Occurrences | Output Occurrences |
|:---------:|:----------:|:-----------:|:------------------:|
| iv_497 | 3.102130558102964 × 10^297 | 4212 | 81 |
| iv_498 | 1.4394814225201363 × 10^296 | 3897 | 88 |
| iv_499 | 4.515110326440441 × 10^297 | 4133 | 57 |
| iv_500 | 4.278769814615493 × 10^296 | 4069 | 76 |
| iv_501 | 7.043017604525574 × 10^296 | 4036 | 81 |
| iv_502 | 1.1354018375813358 × 10^297 | 3844 | 82 |
| iv_503 | 1.798205114875751 × 10^297 | 4008 | 75 |
| iv_504 | 2.792796088377633 × 10^297 | 3884 | 80 |
| iv_506 | 2.1312186452650278 × 10^297 | 3915 | 82 |
| iv_508 | 3.514424905051554 × 10^297 | 4158 | 81 |

### Input Bits Sorted by Complexity

| Input Bit | Complexity | Occurrences | Output Occurrences |
|:---------:|:----------:|:-----------:|:------------------:|
| iv_498 | 1.4394814225201363 × 10^296 | 3897 | 88 |
| iv_500 | 4.278769814615493 × 10^296 | 4069 | 76 |
| iv_501 | 7.043017604525574 × 10^296 | 4036 | 81 |
| iv_502 | 1.1354018375813358 × 10^297 | 3844 | 82 |
| iv_503 | 1.798205114875751 × 10^297 | 4008 | 75 |
| iv_506 | 2.1312186452650278 × 10^297 | 3915 | 82 |
| iv_504 | 2.792796088377633 × 10^297 | 3884 | 80 |
| iv_497 | 3.102130558102964 × 10^297 | 4212 | 81 |
| iv_508 | 3.514424905051554 × 10^297 | 4158 | 81 |
| iv_499 | 4.515110326440441 × 10^297 | 4133 | 57 |

### Input Bits Sorted by Occurrences

| Input Bit | Complexity | Occurrences | Output Occurrences |
|:---------:|:----------:|:-----------:|:------------------:|
| iv_502 | 1.1354018375813358 × 10^297 | 3844 | 82 |
| iv_504 | 2.792796088377633 × 10^297 | 3884 | 80 |
| iv_498 | 1.4394814225201363 × 10^296 | 3897 | 88 |
| iv_506 | 2.1312186452650278 × 10^297 | 3915 | 82 |
| iv_503 | 1.798205114875751 × 10^297 | 4008 | 75 |
| iv_501 | 7.043017604525574 × 10^296 | 4036 | 81 |
| iv_500 | 4.278769814615493 × 10^296 | 4069 | 76 |
| iv_499 | 4.515110326440441 × 10^297 | 4133 | 57 |
| iv_508 | 3.514424905051554 × 10^297 | 4158 | 81 |
| iv_497 | 3.102130558102964 × 10^297 | 4212 | 81 |

### Input Bits Sorted by Output Occurrences

| Input Bit | Complexity | Occurrences | Output Occurrences |
|:---------:|:----------:|:-----------:|:------------------:|
| iv_499 | 4.515110326440441 × 10^297 | 4133 | 57 |
| iv_503 | 1.798205114875751 × 10^297 | 4008 | 75 |
| iv_500 | 4.278769814615493 × 10^296 | 4069 | 76 |
| iv_504 | 2.792796088377633 × 10^297 | 3884 | 80 |
| iv_501 | 7.043017604525574 × 10^296 | 4036 | 81 |
| iv_497 | 3.102130558102964 × 10^297 | 4212 | 81 |
| iv_508 | 3.514424905051554 × 10^297 | 4158 | 81 |
| iv_502 | 1.1354018375813358 × 10^297 | 3844 | 82 |
| iv_506 | 2.1312186452650278 × 10^297 | 3915 | 82 |
| iv_498 | 1.4394814225201363 × 10^296 | 3897 | 88 |

## Input Bit Co-occurrences

### Input Bit Co-occurrences Sorted by Co-occurrences

| Input Bits | Co-occurrences | Potential Occurrences | Output Co-occurrences | Potential Output Occurrences |
|:----------:|:--------------:|:---------------------:|:---------------------:|:----------------------------:|
| iv_497-iv_508 | 2021 | 4328 | 45 | 72 |
| iv_500-iv_508 | 1966 | 4295 | 36 | 85 |
| iv_499-iv_508 | 1965 | 4361 | 35 | 68 |
| iv_499-iv_504 | 1960 | 4097 | 27 | 83 |
| iv_497-iv_499 | 1956 | 4433 | 26 | 86 |
| iv_499-iv_500 | 1954 | 4294 | 27 | 79 |
| iv_500-iv_501 | 1949 | 4207 | 40 | 77 |
| iv_497-iv_501 | 1929 | 4390 | 44 | 74 |
| iv_500-iv_503 | 1921 | 4235 | 39 | 73 |
| iv_501-iv_508 | 1916 | 4362 | 38 | 86 |

### Input Bit Co-occurrences Sorted by Potential Occurrences

| Input Bits | Co-occurrences | Potential Occurrences | Output Co-occurrences | Potential Output Occurrences |
|:----------:|:--------------:|:---------------------:|:---------------------:|:----------------------------:|
| iv_499-iv_504 | 1960 | 4097 | 27 | 83 |
| iv_504-iv_506 | 1845 | 4109 | 41 | 80 |
| iv_498-iv_504 | 1828 | 4125 | 50 | 68 |
| iv_498-iv_506 | 1823 | 4166 | 41 | 88 |
| iv_502-iv_504 | 1774 | 4180 | 43 | 76 |
| iv_502-iv_506 | 1789 | 4181 | 44 | 76 |
| iv_500-iv_506 | 1898 | 4188 | 36 | 86 |
| iv_503-iv_504 | 1847 | 4198 | 35 | 85 |
| iv_503-iv_506 | 1862 | 4199 | 38 | 81 |
| iv_500-iv_504 | 1877 | 4199 | 37 | 82 |

### Input Bit Output Co-occurrences Sorted by Output Co-occurrences

| Input Bits | Co-occurrences | Potential Occurrences | Output Co-occurrences | Potential Output Occurrences |
|:----------:|:--------------:|:---------------------:|:---------------------:|:----------------------------:|
| iv_498-iv_504 | 1828 | 4125 | 50 | 68 |
| iv_497-iv_498 | 1770 | 4569 | 49 | 71 |
| iv_498-iv_501 | 1848 | 4237 | 48 | 73 |
| iv_498-iv_502 | 1743 | 4255 | 46 | 78 |
| iv_497-iv_508 | 2021 | 4328 | 45 | 72 |
| iv_498-iv_508 | 1841 | 4373 | 45 | 79 |
| iv_497-iv_501 | 1929 | 4390 | 44 | 74 |
| iv_502-iv_506 | 1789 | 4181 | 44 | 76 |
| iv_502-iv_504 | 1774 | 4180 | 43 | 76 |
| iv_497-iv_502 | 1878 | 4300 | 43 | 77 |

### Input Bit Output Co-occurrences Sorted by Potential Output Occurrences

| Input Bits | Co-occurrences | Potential Occurrences | Output Co-occurrences | Potential Output Occurrences |
|:----------:|:--------------:|:---------------------:|:---------------------:|:----------------------------:|
| iv_498-iv_504 | 1828 | 4125 | 50 | 68 |
| iv_499-iv_508 | 1965 | 4361 | 35 | 68 |
| iv_497-iv_498 | 1770 | 4569 | 49 | 71 |
| iv_499-iv_503 | 1883 | 4375 | 30 | 72 |
| iv_497-iv_508 | 2021 | 4328 | 45 | 72 |
| iv_498-iv_501 | 1848 | 4237 | 48 | 73 |
| iv_498-iv_499 | 1812 | 4406 | 36 | 73 |
| iv_500-iv_503 | 1921 | 4235 | 39 | 73 |
| iv_497-iv_501 | 1929 | 4390 | 44 | 74 |
| iv_502-iv_504 | 1774 | 4180 | 43 | 76 |

## Output Bits

### Output Bits in Regular Order

| Rank | Output Bit | Complexity |
|:----:|:----------:|:----------:|
| 1 | ov_001 | 3.241638238756083 × 10^297 |
| 2 | ov_002 | 2.8112270683055622 × 10^297 |
| 3 | ov_003 | 2.4256595604812985 × 10^297 |
| 4 | ov_004 | 2.0815377035800305 × 10^297 |
| 5 | ov_005 | 1.7756487753528055 × 10^297 |
| 6 | ov_006 | 1.504952131894663 × 10^297 |
| 7 | ov_007 | 1.2665677018144591 × 10^297 |
| 8 | ov_008 | 1.0577660749034444 × 10^297 |
| 9 | ov_009 | 8.759600619525046 × 10^296 |
| 10 | ov_010 | 7.186975797430724 × 10^296 |
| 11 | ov_011 | 5.836557135572009 × 10^296 |
| 12 | ov_012 | 4.686358179831796 × 10^296 |
| 13 | ov_013 | 3.715595250648398 × 10^296 |
| 14 | ov_014 | 2.9046553699237435 × 10^296 |
| 15 | ov_015 | 2.2350708859055837 × 10^296 |
| 16 | ov_016 | 1.6894997285105969 × 10^296 |
| 17 | ov_017 | 1.2517103069801464 × 10^296 |
| 18 | ov_018 | 9.065701408436314 × 10^295 |
| 19 | ov_019 | 6.400373940094279 × 10^295 |
| 20 | ov_020 | 4.391545976350647 × 10^295 |
| 21 | ov_021 | 2.9204403254746727 × 10^295 |
| 22 | ov_022 | 1.879044123260599 × 10^295 |
| 23 | ov_023 | 1.1700858945820463 × 10^295 |
| 24 | ov_024 | 7.070204620375129 × 10^294 |
| 25 | ov_025 | 4.1401971025474685 × 10^294 |
| 26 | ov_026 | 2.25967525932475 × 10^294 |
| 27 | ov_027 | 1.1298343253600964 × 10^294 |
| 28 | ov_028 | 5.054141425888604 × 10^293 |
| 29 | ov_029 | 1.946967653032568 × 10^293 |
| 30 | ov_030 | 5.950583215391591 × 10^292 |
| 31 | ov_031 | 1.160360858136593 × 10^292 |
| 32 | lv_80_m31 | 2.2623175763669686 × 10^291 |
| 33 | ov_033 | 2.7109217538351317 × 10^292 |
| 34 | ov_034 | 2.350638648733616 × 10^292 |
| 35 | ov_035 | 2.0283400059443656 × 10^292 |
| 36 | ov_036 | 1.7409355337004078 × 10^292 |
| 37 | ov_037 | 1.4855017061675618 × 10^292 |
| 38 | ov_038 | 1.2592699485157752 × 10^292 |
| 39 | ov_039 | 1.0596164257681982 × 10^292 |
| 40 | ov_040 | 8.840532833939657 × 10^291 |
| 41 | ov_041 | 7.30221195363876 × 10^291 |
| 42 | ov_042 | 5.969717766233025 × 10^291 |
| 43 | ov_043 | 4.8321633354602596 × 10^291 |
| 44 | ov_044 | 3.869474832751634 × 10^291 |
| 45 | ov_045 | 3.062670164533092 × 10^291 |
| 46 | ov_046 | 2.3938308058653522 × 10^291 |
| 47 | ov_047 | 1.8460796107649322 × 10^291 |
| 48 | ov_048 | 1.4035636676393538 × 10^291 |
| 49 | ov_049 | 1.0514413384776883 × 10^291 |
| 50 | ov_050 | 7.75872690268472 × 10^290 |
| 51 | ov_051 | 5.640125966482092 × 10^290 |
| 52 | ov_052 | 4.0400585709061375 × 10^290 |
| 53 | ov_053 | 2.8498377793857247 × 10^290 |
| 54 | ov_054 | 1.970618078454703 × 10^290 |
| 55 | ov_055 | 1.3133795546619612 × 10^290 |
| 56 | ov_056 | 8.360670926913379 × 10^289 |
| 57 | ov_057 | 5.015314384776765 × 10^289 |
| 58 | ov_058 | 2.7752702117479373 × 10^289 |
| 59 | ov_059 | 1.367108216148599 × 10^289 |
| 60 | ov_060 | 5.664185923347496 × 10^288 |
| 61 | ov_061 | 1.9781007227412794 × 10^288 |
| 62 | ov_062 | 5.4250120066651414 × 10^287 |
| 63 | ov_063 | 1.0570754205877543 × 10^287 |
| 64 | lv_79_m31 | 2.059243678824073 × 10^286 |
| 65 | ov_065 | 2.4415537471903893 × 10^287 |
| 66 | ov_066 | 2.4415473623288276 × 10^287 |
| 67 | ov_067 | 2.441545852536872 × 10^287 |
| 68 | ov_068 | 2.111137135616563 × 10^287 |
| 69 | ov_069 | 1.8156357467371015 × 10^287 |
| 70 | ov_070 | 1.5524372192984936 × 10^287 |
| 71 | ov_071 | 1.3190592704472224 × 10^287 |
| 72 | ov_072 | 1.1131349024927098 × 10^287 |
| 73 | ov_073 | 9.324070384196513 × 10^286 |
| 74 | ov_074 | 7.747243779237708 × 10^286 |
| 75 | ov_075 | 6.380381768815763 × 10^286 |
| 76 | ov_076 | 5.203996690296019 × 10^286 |
| 77 | ov_077 | 4.199578926106439 × 10^286 |
| 78 | ov_078 | 3.3495778378180504 × 10^286 |
| 79 | ov_079 | 2.6373849196785496 × 10^286 |
| 80 | ov_080 | 2.047319029661808 × 10^286 |
| 81 | ov_081 | 1.564613557527753 × 10^286 |
| 82 | ov_082 | 1.175405390435539 × 10^286 |
| 83 | ov_083 | 8.667255374084083 × 10^285 |
| 84 | ov_084 | 6.264912744871857 × 10^285 |
| 85 | ov_085 | 4.4349967278849685 × 10^285 |
| 86 | ov_086 | 3.074223719443155 × 10^285 |
| 87 | ov_087 | 2.0880146157129234 × 10^285 |
| 88 | ov_088 | 1.3904633352578276 × 10^285 |
| 89 | ov_089 | 9.043136776309417 × 10^284 |
| 90 | ov_090 | 5.60943146527258 × 10^284 |
| 91 | ov_091 | 3.2819729015341423 × 10^284 |
| 92 | ov_092 | 1.782311845291464 × 10^284 |
| 93 | ov_093 | 8.750714832179488 × 10^283 |
| 94 | ov_094 | 3.6793619892041653 × 10^283 |
| 95 | aaa_78_28 | 1.1164698809238528 × 10^283 |
| 96 | aaa_78_29 | 3.335691714134315 × 10^282 |
| 97 | ov_097 | 1.7658184928359096 × 10^282 |
| 98 | ov_098 | 1.7657959034232423 × 10^282 |
| 99 | ov_099 | 1.7657886916774115 × 10^282 |
| 100 | ov_100 | 1.445480334626955 × 10^282 |
| 101 | ov_101 | 1.1755604984657885 × 10^282 |
| 102 | ov_102 | 9.5045911848173 × 10^281 |
| 103 | ov_103 | 7.649105492463485 × 10^281 |
| 104 | ov_104 | 6.1393135361084124 × 10^281 |
| 105 | ov_105 | 4.928010165419756 × 10^281 |
| 106 | ov_106 | 3.970453146793361 × 10^281 |
| 107 | ov_107 | 3.2242208621172545 × 10^281 |
| 108 | ov_108 | 2.649091589208416 × 10^281 |
| 109 | ov_109 | 2.2069420712193786 × 10^281 |
| 110 | ov_110 | 1.8616632082725474 × 10^281 |
| 111 | ov_111 | 1.5790908283902258 × 10^281 |
| 112 | ov_112 | 1.3269496170291494 × 10^281 |
| 113 | ov_113 | 1.10343045967584 × 10^281 |
| 114 | ov_114 | 9.067511526376033 × 10^280 |
| 115 | ov_115 | 7.35149721924134 × 10^280 |
| 116 | ov_116 | 5.868790622263203 × 10^280 |
| 117 | ov_117 | 4.602027766327587 × 10^280 |
| 118 | ov_118 | 3.5339209780214513 × 10^280 |
| 119 | ov_119 | 2.6472367343491107 × 10^280 |
| 120 | ov_120 | 1.9247791588932242 × 10^280 |
| 121 | ov_121 | 1.349377435266607 × 10^280 |
| 122 | ov_122 | 9.03876542035206 × 10^279 |
| 123 | ov_123 | 5.711307133328736 × 10^279 |
| 124 | ov_124 | 3.339990293969207 × 10^279 |
| 125 | ov_125 | 1.753426861078724 × 10^279 |
| 126 | ov_126 | 7.802360288396882 × 10^278 |
| 127 | aaa_77_28 | 2.490388861252608 × 10^278 |
| 128 | aaa_77_29 | 9.330288932176486 × 10^277 |
| 129 | ov_129 | 8.58072528882044 × 10^277 |
| 130 | ov_130 | 8.580699623485744 × 10^277 |
| 131 | ov_131 | 8.58069342481748 × 10^277 |
| 132 | ov_132 | 7.426383701562532 × 10^277 |
| 133 | ov_133 | 6.393692050663091 × 10^277 |
| 134 | ov_134 | 5.473411120383795 × 10^277 |
| 135 | ov_135 | 4.656819019961495 × 10^277 |
| 136 | ov_136 | 3.935644436828586 × 10^277 |
| 137 | ov_137 | 3.3020367922265487 × 10^277 |
| 138 | ov_138 | 2.748540941221424 × 10^277 |
| 139 | ov_139 | 2.2680759479386012 × 10^277 |
| 140 | ov_140 | 1.8539174909978664 × 10^277 |
| 141 | ov_141 | 1.4996834778109292 × 10^277 |
| 142 | ov_142 | 1.1993224697341012 × 10^277 |
| 143 | ov_143 | 9.471045431534088 × 10^276 |
| 144 | ov_144 | 7.376142344986921 × 10^276 |
| 145 | ov_145 | 5.657452399951908 × 10^276 |
| 146 | ov_146 | 4.266965637040297 × 10^276 |
| 147 | ov_147 | 3.159698300997147 × 10^276 |
| 148 | ov_148 | 2.2936750009628997 × 10^276 |
| 149 | ov_149 | 1.629917520723732 × 10^276 |
| 150 | ov_150 | 1.1324381206516408 × 10^276 |
| 151 | ov_151 | 7.682354916182168 × 10^275 |
| 152 | ov_152 | 5.072920889811913 × 10^275 |
| 153 | ov_153 | 3.2257224283920384 × 10^275 |
| 154 | ov_154 | 1.9002083908064355 × 10^275 |
| 155 | ov_155 | 9.83553232703006 × 10^274 |
| 156 | aaa_76_25 | 3.778283762855589 × 10^274 |
| 157 | aaa_76_26 | 2.1807150660826946 × 10^274 |
| 158 | aaa_76_27 | 1.1156058452236853 × 10^274 |
| 159 | aaa_76_28 | 4.3402027690921105 × 10^273 |
| 160 | aaa_76_29 | 1.3188665017003526 × 10^273 |

### Output Bits Sorted by Complexity

| Rank | Output Bit | Complexity |
|:----:|:----------:|:----------:|
| 160 | aaa_76_29 | 1.3188665017003526 × 10^273 |
| 159 | aaa_76_28 | 4.3402027690921105 × 10^273 |
| 158 | aaa_76_27 | 1.1156058452236853 × 10^274 |
| 157 | aaa_76_26 | 2.1807150660826946 × 10^274 |
| 156 | aaa_76_25 | 3.778283762855589 × 10^274 |
| 155 | ov_155 | 9.83553232703006 × 10^274 |
| 154 | ov_154 | 1.9002083908064355 × 10^275 |
| 153 | ov_153 | 3.2257224283920384 × 10^275 |
| 152 | ov_152 | 5.072920889811913 × 10^275 |
| 151 | ov_151 | 7.682354916182168 × 10^275 |
| 150 | ov_150 | 1.1324381206516408 × 10^276 |
| 149 | ov_149 | 1.629917520723732 × 10^276 |
| 148 | ov_148 | 2.2936750009628997 × 10^276 |
| 147 | ov_147 | 3.159698300997147 × 10^276 |
| 146 | ov_146 | 4.266965637040297 × 10^276 |
| 145 | ov_145 | 5.657452399951908 × 10^276 |
| 144 | ov_144 | 7.376142344986921 × 10^276 |
| 143 | ov_143 | 9.471045431534088 × 10^276 |
| 142 | ov_142 | 1.1993224697341012 × 10^277 |
| 141 | ov_141 | 1.4996834778109292 × 10^277 |
| 140 | ov_140 | 1.8539174909978664 × 10^277 |
| 139 | ov_139 | 2.2680759479386012 × 10^277 |
| 138 | ov_138 | 2.748540941221424 × 10^277 |
| 137 | ov_137 | 3.3020367922265487 × 10^277 |
| 136 | ov_136 | 3.935644436828586 × 10^277 |
| 135 | ov_135 | 4.656819019961495 × 10^277 |
| 134 | ov_134 | 5.473411120383795 × 10^277 |
| 133 | ov_133 | 6.393692050663091 × 10^277 |
| 132 | ov_132 | 7.426383701562532 × 10^277 |
| 131 | ov_131 | 8.58069342481748 × 10^277 |
| 130 | ov_130 | 8.580699623485744 × 10^277 |
| 129 | ov_129 | 8.58072528882044 × 10^277 |
| 128 | aaa_77_29 | 9.330288932176486 × 10^277 |
| 127 | aaa_77_28 | 2.490388861252608 × 10^278 |
| 126 | ov_126 | 7.802360288396882 × 10^278 |
| 125 | ov_125 | 1.753426861078724 × 10^279 |
| 124 | ov_124 | 3.339990293969207 × 10^279 |
| 123 | ov_123 | 5.711307133328736 × 10^279 |
| 122 | ov_122 | 9.03876542035206 × 10^279 |
| 121 | ov_121 | 1.349377435266607 × 10^280 |
| 120 | ov_120 | 1.9247791588932242 × 10^280 |
| 119 | ov_119 | 2.6472367343491107 × 10^280 |
| 118 | ov_118 | 3.5339209780214513 × 10^280 |
| 117 | ov_117 | 4.602027766327587 × 10^280 |
| 116 | ov_116 | 5.868790622263203 × 10^280 |
| 115 | ov_115 | 7.35149721924134 × 10^280 |
| 114 | ov_114 | 9.067511526376033 × 10^280 |
| 113 | ov_113 | 1.10343045967584 × 10^281 |
| 112 | ov_112 | 1.3269496170291494 × 10^281 |
| 111 | ov_111 | 1.5790908283902258 × 10^281 |
| 110 | ov_110 | 1.8616632082725474 × 10^281 |
| 109 | ov_109 | 2.2069420712193786 × 10^281 |
| 108 | ov_108 | 2.649091589208416 × 10^281 |
| 107 | ov_107 | 3.2242208621172545 × 10^281 |
| 106 | ov_106 | 3.970453146793361 × 10^281 |
| 105 | ov_105 | 4.928010165419756 × 10^281 |
| 104 | ov_104 | 6.1393135361084124 × 10^281 |
| 103 | ov_103 | 7.649105492463485 × 10^281 |
| 102 | ov_102 | 9.5045911848173 × 10^281 |
| 101 | ov_101 | 1.1755604984657885 × 10^282 |
| 100 | ov_100 | 1.445480334626955 × 10^282 |
| 99 | ov_099 | 1.7657886916774115 × 10^282 |
| 98 | ov_098 | 1.7657959034232423 × 10^282 |
| 97 | ov_097 | 1.7658184928359096 × 10^282 |
| 96 | aaa_78_29 | 3.335691714134315 × 10^282 |
| 95 | aaa_78_28 | 1.1164698809238528 × 10^283 |
| 94 | ov_094 | 3.6793619892041653 × 10^283 |
| 93 | ov_093 | 8.750714832179488 × 10^283 |
| 92 | ov_092 | 1.782311845291464 × 10^284 |
| 91 | ov_091 | 3.2819729015341423 × 10^284 |
| 90 | ov_090 | 5.60943146527258 × 10^284 |
| 89 | ov_089 | 9.043136776309417 × 10^284 |
| 88 | ov_088 | 1.3904633352578276 × 10^285 |
| 87 | ov_087 | 2.0880146157129234 × 10^285 |
| 86 | ov_086 | 3.074223719443155 × 10^285 |
| 85 | ov_085 | 4.4349967278849685 × 10^285 |
| 84 | ov_084 | 6.264912744871857 × 10^285 |
| 83 | ov_083 | 8.667255374084083 × 10^285 |
| 82 | ov_082 | 1.175405390435539 × 10^286 |
| 81 | ov_081 | 1.564613557527753 × 10^286 |
| 80 | ov_080 | 2.047319029661808 × 10^286 |
| 64 | lv_79_m31 | 2.059243678824073 × 10^286 |
| 79 | ov_079 | 2.6373849196785496 × 10^286 |
| 78 | ov_078 | 3.3495778378180504 × 10^286 |
| 77 | ov_077 | 4.199578926106439 × 10^286 |
| 76 | ov_076 | 5.203996690296019 × 10^286 |
| 75 | ov_075 | 6.380381768815763 × 10^286 |
| 74 | ov_074 | 7.747243779237708 × 10^286 |
| 73 | ov_073 | 9.324070384196513 × 10^286 |
| 63 | ov_063 | 1.0570754205877543 × 10^287 |
| 72 | ov_072 | 1.1131349024927098 × 10^287 |
| 71 | ov_071 | 1.3190592704472224 × 10^287 |
| 70 | ov_070 | 1.5524372192984936 × 10^287 |
| 69 | ov_069 | 1.8156357467371015 × 10^287 |
| 68 | ov_068 | 2.111137135616563 × 10^287 |
| 67 | ov_067 | 2.441545852536872 × 10^287 |
| 66 | ov_066 | 2.4415473623288276 × 10^287 |
| 65 | ov_065 | 2.4415537471903893 × 10^287 |
| 62 | ov_062 | 5.4250120066651414 × 10^287 |
| 61 | ov_061 | 1.9781007227412794 × 10^288 |
| 60 | ov_060 | 5.664185923347496 × 10^288 |
| 59 | ov_059 | 1.367108216148599 × 10^289 |
| 58 | ov_058 | 2.7752702117479373 × 10^289 |
| 57 | ov_057 | 5.015314384776765 × 10^289 |
| 56 | ov_056 | 8.360670926913379 × 10^289 |
| 55 | ov_055 | 1.3133795546619612 × 10^290 |
| 54 | ov_054 | 1.970618078454703 × 10^290 |
| 53 | ov_053 | 2.8498377793857247 × 10^290 |
| 52 | ov_052 | 4.0400585709061375 × 10^290 |
| 51 | ov_051 | 5.640125966482092 × 10^290 |
| 50 | ov_050 | 7.75872690268472 × 10^290 |
| 49 | ov_049 | 1.0514413384776883 × 10^291 |
| 48 | ov_048 | 1.4035636676393538 × 10^291 |
| 47 | ov_047 | 1.8460796107649322 × 10^291 |
| 32 | lv_80_m31 | 2.2623175763669686 × 10^291 |
| 46 | ov_046 | 2.3938308058653522 × 10^291 |
| 45 | ov_045 | 3.062670164533092 × 10^291 |
| 44 | ov_044 | 3.869474832751634 × 10^291 |
| 43 | ov_043 | 4.8321633354602596 × 10^291 |
| 42 | ov_042 | 5.969717766233025 × 10^291 |
| 41 | ov_041 | 7.30221195363876 × 10^291 |
| 40 | ov_040 | 8.840532833939657 × 10^291 |
| 39 | ov_039 | 1.0596164257681982 × 10^292 |
| 31 | ov_031 | 1.160360858136593 × 10^292 |
| 38 | ov_038 | 1.2592699485157752 × 10^292 |
| 37 | ov_037 | 1.4855017061675618 × 10^292 |
| 36 | ov_036 | 1.7409355337004078 × 10^292 |
| 35 | ov_035 | 2.0283400059443656 × 10^292 |
| 34 | ov_034 | 2.350638648733616 × 10^292 |
| 33 | ov_033 | 2.7109217538351317 × 10^292 |
| 30 | ov_030 | 5.950583215391591 × 10^292 |
| 29 | ov_029 | 1.946967653032568 × 10^293 |
| 28 | ov_028 | 5.054141425888604 × 10^293 |
| 27 | ov_027 | 1.1298343253600964 × 10^294 |
| 26 | ov_026 | 2.25967525932475 × 10^294 |
| 25 | ov_025 | 4.1401971025474685 × 10^294 |
| 24 | ov_024 | 7.070204620375129 × 10^294 |
| 23 | ov_023 | 1.1700858945820463 × 10^295 |
| 22 | ov_022 | 1.879044123260599 × 10^295 |
| 21 | ov_021 | 2.9204403254746727 × 10^295 |
| 20 | ov_020 | 4.391545976350647 × 10^295 |
| 19 | ov_019 | 6.400373940094279 × 10^295 |
| 18 | ov_018 | 9.065701408436314 × 10^295 |
| 17 | ov_017 | 1.2517103069801464 × 10^296 |
| 16 | ov_016 | 1.6894997285105969 × 10^296 |
| 15 | ov_015 | 2.2350708859055837 × 10^296 |
| 14 | ov_014 | 2.9046553699237435 × 10^296 |
| 13 | ov_013 | 3.715595250648398 × 10^296 |
| 12 | ov_012 | 4.686358179831796 × 10^296 |
| 11 | ov_011 | 5.836557135572009 × 10^296 |
| 10 | ov_010 | 7.186975797430724 × 10^296 |
| 9 | ov_009 | 8.759600619525046 × 10^296 |
| 8 | ov_008 | 1.0577660749034444 × 10^297 |
| 7 | ov_007 | 1.2665677018144591 × 10^297 |
| 6 | ov_006 | 1.504952131894663 × 10^297 |
| 5 | ov_005 | 1.7756487753528055 × 10^297 |
| 4 | ov_004 | 2.0815377035800305 × 10^297 |
| 3 | ov_003 | 2.4256595604812985 × 10^297 |
| 2 | ov_002 | 2.8112270683055622 × 10^297 |
| 1 | ov_001 | 3.241638238756083 × 10^297 |

