# Results for F001-F002-F003-F004-F005-F006-F007-F008-F009-F010-F011-F012-F013-F014-F015-F016-F017-F018-F019-F020-F021-F022-F023-F024-F025-F026-F027-F028-F029-F030-F031-F032-F033-F034-F035-F036-F037-F038-F039-F040-F041-F042-F043-F044-F045-F046-F047-F048-F049-F050-F051-F052-F053-F054-F055-F056-F057-F058-F059-F060-F061-F062-F063-F064-F065-F066-F067-F068-F069-F070-F071-F072-F073-F074-F075-F076-F077-F078-F079-F080-F081-F082-F083-F084-F085-F086-F087-F088-F089-F090-F091-F092-F093-F094-F095-F096-F097-F098-F099-F100-F101-F102-F103-F104-F105-F106-F107-F108-F109-F110-F111-F112-F113-F114-F115-F116-F117-F118-F119-F120-F121-F122-F123-F124-F125-F126-F127-F128-F129-F130-F131-F132-F133-F134-F135-F136-F137-F138-F139-F140-F141-F142-F143-F144-F145-F146-F147-F148-F149-F150-F151-F152-F153-F154-F155-F156-F157-F158-F159-F160-F161-F162-F163-F164-F165-F166-F167-F168-F169-F170-F171-F172-F173-F174-F175-F176-F177-F178-F179-F180-F181-F182-F183-F184-F185-F186-F187-F188-F189-F190-F191-F192-F193-F194-F195-F196-F197-F198-F199-F200-F201-F202-F203-F204-F205-F206-F207-F208-F209-F210-F211-F212-F213-F214-F215-F216-F217-F218-F219-F220-F221-F222-F223-F224-F225-F226-F227-F228-F229-F230-F231-F232-F233-F234-F235-F236-F237-F238-F239-F240-F241-F242-F243-F244-F245-F246-F247-F248-F249-F250-F251-F252-F253-F254-F255-F256-F257-F258-F259-F260-F261-F262-F263-F264-F265-F266-F267-F268-F269-F270-F271-F272-F273-F274-F275-F276-F277-F278-F279-F280-F281-F282-F283-F284-F285-F286-F287-F288-F289-F290-F291-F292-F293-F294-F295-F296-F297-F298-F299-F300-F301-F302-F303-F304-F305-F306-F307-F308-F309-F310-F311-F312-F313-F314-F315-F316-F317-F318-F319-F320-F321-F322-F323-F324-F325-F326-F327-F328-F329-F330-F331-F332-F333-F334-F335-F336-F337-F338-F339-F340-F341-F342-F343-F344-F345-F346-F347-F348-F349-F350-F351-F352-F353-F354-F355-F356-F357-F358-F359-F360-F361-F362-F363-F364-F365-F366-F367-F368-F369-F370-F371-F372-F373-F374-F375-F376-F377-F378-F379-F380-F381-F382-F383-F384-F385-F386-F387-F388-F389-F390-F391-F392-F393-F394-F395-F396-F397-F398-F399-F400-F401-F402-F403-F404-F405-F406-F407-F408-F409-F410-F411-F412-F413-F414-F415-F416-F417-F418-F419-F420-F421-F422-F423-F424-F425-F426-F427-F428-F429-F430-F431-F432-F433-F434-F435-F436-F437-F438-F439-F440-F441-F442-F443-F444-F445-F446-F447-F448-F449-F450-F451-F452-F453-F454-F455-F456-F457-F458-F459-F460-F461-F462-F463-F464-F465-F466-F467-F468-F469-F470-F471-F472-F473-F474-F475-F476-F477-F478-F479-F480-F481-F482-F483-F484-F485-F486-F487-F488-F489-F490-F491-F492-F493-F494-F495-F496-E499505-O499508-F509-F510-F511-F512

## Summary

Number of input bits: 512  
Number of free input bits: 10  
Number of output bits: 160

Number of direct occurrences: 40211  
Number of assignments: 31107  
Number of operations: 10892290
(xor: 10864348,
and: 14643,
or: 13299)

Total complexity: 3.16849222015999 × 10^298

Least occurring input variable: iv_502 (3801)  
Most occurring input variable: iv_499 (4369)

Most co-occurring input variables: iv_499-iv_507 (2032)  
Least co-occurring input variables: iv_498-iv_502 (1729)

Potentially most occurring input variable: iv_499/iv_506 (4679)  
Potentially least occurring input variable: iv_504/iv_506 (4030)

Least output occurring input variable: iv_499 (68)  
Most output occurring input variable: iv_497 (94)

Most output co-occurring input variables: iv_497-iv_504 (53)  
Least output co-occurring input variables: iv_499-iv_507 (26)

Potentially most output occurring input variable: iv_499/iv_507 (93)  
Potentially least output occurring input variable: iv_500/iv_501 (63)

Least complex input bit: iv_497 (1.1245233657334732 × 10^296)  
Most complex input bit: iv_499 (1.255261666065961 × 10^298)

Least complex output bit: aaa_76_29 (7.133273156776243 × 10^273)  
Most complex output bit: ov_001 (5.0682760617489786 × 10^297)

Least complex input/output complexity: iv_497/aaa_76_29 (2.5316559996316437 × 10^271)  
Most complex input/output complexity: iv_499/ov_001 (2.007899092468654 × 10^297)

## Input Bits

### Input Bits in Regular Order

| Input Bit | Complexity | Occurrences | Output Occurrences |
|:---------:|:----------:|:-----------:|:------------------:|
| iv_497 | 1.1245233657334732 × 10^296 | 4084 | 94 |
| iv_498 | 2.2503492378975177 × 10^296 | 3898 | 88 |
| iv_499 | 1.255261666065961 × 10^298 | 4369 | 68 |
| iv_500 | 6.689024422838046 × 10^296 | 4043 | 85 |
| iv_501 | 1.101038822098526 × 10^297 | 4039 | 84 |
| iv_502 | 1.774979947594888 × 10^297 | 3801 | 72 |
| iv_503 | 2.8111439623580458 × 10^297 | 4041 | 73 |
| iv_504 | 4.365993510413523 × 10^297 | 3908 | 83 |
| iv_506 | 3.331745848979865 × 10^297 | 3902 | 75 |
| iv_507 | 4.741013746848609 × 10^297 | 4126 | 77 |

### Input Bits Sorted by Complexity

| Input Bit | Complexity | Occurrences | Output Occurrences |
|:---------:|:----------:|:-----------:|:------------------:|
| iv_497 | 1.1245233657334732 × 10^296 | 4084 | 94 |
| iv_498 | 2.2503492378975177 × 10^296 | 3898 | 88 |
| iv_500 | 6.689024422838046 × 10^296 | 4043 | 85 |
| iv_501 | 1.101038822098526 × 10^297 | 4039 | 84 |
| iv_502 | 1.774979947594888 × 10^297 | 3801 | 72 |
| iv_503 | 2.8111439623580458 × 10^297 | 4041 | 73 |
| iv_506 | 3.331745848979865 × 10^297 | 3902 | 75 |
| iv_504 | 4.365993510413523 × 10^297 | 3908 | 83 |
| iv_507 | 4.741013746848609 × 10^297 | 4126 | 77 |
| iv_499 | 1.255261666065961 × 10^298 | 4369 | 68 |

### Input Bits Sorted by Occurrences

| Input Bit | Complexity | Occurrences | Output Occurrences |
|:---------:|:----------:|:-----------:|:------------------:|
| iv_502 | 1.774979947594888 × 10^297 | 3801 | 72 |
| iv_498 | 2.2503492378975177 × 10^296 | 3898 | 88 |
| iv_506 | 3.331745848979865 × 10^297 | 3902 | 75 |
| iv_504 | 4.365993510413523 × 10^297 | 3908 | 83 |
| iv_501 | 1.101038822098526 × 10^297 | 4039 | 84 |
| iv_503 | 2.8111439623580458 × 10^297 | 4041 | 73 |
| iv_500 | 6.689024422838046 × 10^296 | 4043 | 85 |
| iv_497 | 1.1245233657334732 × 10^296 | 4084 | 94 |
| iv_507 | 4.741013746848609 × 10^297 | 4126 | 77 |
| iv_499 | 1.255261666065961 × 10^298 | 4369 | 68 |

### Input Bits Sorted by Output Occurrences

| Input Bit | Complexity | Occurrences | Output Occurrences |
|:---------:|:----------:|:-----------:|:------------------:|
| iv_499 | 1.255261666065961 × 10^298 | 4369 | 68 |
| iv_502 | 1.774979947594888 × 10^297 | 3801 | 72 |
| iv_503 | 2.8111439623580458 × 10^297 | 4041 | 73 |
| iv_506 | 3.331745848979865 × 10^297 | 3902 | 75 |
| iv_507 | 4.741013746848609 × 10^297 | 4126 | 77 |
| iv_504 | 4.365993510413523 × 10^297 | 3908 | 83 |
| iv_501 | 1.101038822098526 × 10^297 | 4039 | 84 |
| iv_500 | 6.689024422838046 × 10^296 | 4043 | 85 |
| iv_498 | 2.2503492378975177 × 10^296 | 3898 | 88 |
| iv_497 | 1.1245233657334732 × 10^296 | 4084 | 94 |

## Input Bit Co-occurrences

### Input Bit Co-occurrences Sorted by Co-occurrences

| Input Bits | Co-occurrences | Potential Occurrences | Output Co-occurrences | Potential Output Occurrences |
|:----------:|:--------------:|:---------------------:|:---------------------:|:----------------------------:|
| iv_499-iv_507 | 2032 | 4431 | 26 | 93 |
| iv_497-iv_507 | 1977 | 4256 | 43 | 85 |
| iv_497-iv_501 | 1975 | 4173 | 49 | 80 |
| iv_497-iv_499 | 1975 | 4503 | 41 | 80 |
| iv_499-iv_500 | 1965 | 4482 | 33 | 87 |
| iv_499-iv_503 | 1958 | 4494 | 32 | 77 |
| iv_497-iv_503 | 1952 | 4221 | 42 | 83 |
| iv_500-iv_501 | 1947 | 4188 | 53 | 63 |
| iv_506-iv_507 | 1940 | 4148 | 36 | 80 |
| iv_500-iv_507 | 1938 | 4293 | 40 | 82 |

### Input Bit Co-occurrences Sorted by Potential Occurrences

| Input Bits | Co-occurrences | Potential Occurrences | Output Co-occurrences | Potential Output Occurrences |
|:----------:|:--------------:|:---------------------:|:---------------------:|:----------------------------:|
| iv_504-iv_506 | 1890 | 4030 | 44 | 70 |
| iv_498-iv_506 | 1836 | 4128 | 39 | 85 |
| iv_502-iv_506 | 1785 | 4133 | 38 | 71 |
| iv_506-iv_507 | 1940 | 4148 | 36 | 80 |
| iv_500-iv_502 | 1840 | 4164 | 39 | 79 |
| iv_498-iv_504 | 1820 | 4166 | 48 | 75 |
| iv_497-iv_501 | 1975 | 4173 | 49 | 80 |
| iv_497-iv_504 | 1908 | 4176 | 53 | 71 |
| iv_503-iv_504 | 1883 | 4183 | 42 | 72 |
| iv_500-iv_504 | 1884 | 4183 | 44 | 80 |

### Input Bit Output Co-occurrences Sorted by Output Co-occurrences

| Input Bits | Co-occurrences | Potential Occurrences | Output Co-occurrences | Potential Output Occurrences |
|:----------:|:--------------:|:---------------------:|:---------------------:|:----------------------------:|
| iv_500-iv_501 | 1947 | 4188 | 53 | 63 |
| iv_497-iv_504 | 1908 | 4176 | 53 | 71 |
| iv_497-iv_498 | 1881 | 4220 | 52 | 78 |
| iv_498-iv_501 | 1859 | 4219 | 50 | 72 |
| iv_498-iv_500 | 1871 | 4199 | 49 | 75 |
| iv_497-iv_501 | 1975 | 4173 | 49 | 80 |
| iv_498-iv_504 | 1820 | 4166 | 48 | 75 |
| iv_500-iv_504 | 1884 | 4183 | 44 | 80 |
| iv_504-iv_506 | 1890 | 4030 | 44 | 70 |
| iv_500-iv_503 | 1920 | 4244 | 43 | 72 |

### Input Bit Output Co-occurrences Sorted by Potential Output Occurrences

| Input Bits | Co-occurrences | Potential Occurrences | Output Co-occurrences | Potential Output Occurrences |
|:----------:|:--------------:|:---------------------:|:---------------------:|:----------------------------:|
| iv_500-iv_501 | 1947 | 4188 | 53 | 63 |
| iv_504-iv_506 | 1890 | 4030 | 44 | 70 |
| iv_502-iv_506 | 1785 | 4133 | 38 | 71 |
| iv_502-iv_507 | 1866 | 4195 | 39 | 71 |
| iv_497-iv_504 | 1908 | 4176 | 53 | 71 |
| iv_500-iv_503 | 1920 | 4244 | 43 | 72 |
| iv_503-iv_504 | 1883 | 4183 | 42 | 72 |
| iv_498-iv_501 | 1859 | 4219 | 50 | 72 |
| iv_498-iv_500 | 1871 | 4199 | 49 | 75 |
| iv_498-iv_504 | 1820 | 4166 | 48 | 75 |

## Output Bits

### Output Bits in Regular Order

| Rank | Output Bit | Complexity |
|:----:|:----------:|:----------:|
| 1 | ov_001 | 5.0682760617489786 × 10^297 |
| 2 | ov_002 | 4.395336120245332 × 10^297 |
| 3 | ov_003 | 3.79250737189054 × 10^297 |
| 4 | ov_004 | 3.254477360526773 × 10^297 |
| 5 | ov_005 | 2.7762232889267625 × 10^297 |
| 6 | ov_006 | 2.352991365231922 × 10^297 |
| 7 | ov_007 | 1.9802788159706792 × 10^297 |
| 8 | ov_008 | 1.6538183923900532 × 10^297 |
| 9 | ov_009 | 1.3695651771669931 × 10^297 |
| 10 | ov_010 | 1.1236854631758404 × 10^297 |
| 11 | ov_011 | 9.125474733634103 × 10^296 |
| 12 | ov_012 | 7.3271370397531256 × 10^296 |
| 13 | ov_013 | 5.8093468632205604 × 10^296 |
| 14 | ov_014 | 4.541439750282098 × 10^296 |
| 15 | ov_015 | 3.4945418331928257 × 10^296 |
| 16 | ov_016 | 2.6415389840665236 × 10^296 |
| 17 | ov_017 | 1.9570532246009625 × 10^296 |
| 18 | ov_018 | 1.4174249703223804 × 10^296 |
| 19 | ov_019 | 1.0006998113572228 × 10^296 |
| 20 | ov_020 | 6.866187129094627 × 10^295 |
| 21 | ov_021 | 4.5661080808399764 × 10^295 |
| 22 | ov_022 | 2.93788222036793 × 10^295 |
| 23 | ov_023 | 1.829424935617777 × 10^295 |
| 24 | ov_024 | 1.1054222158568988 × 10^295 |
| 25 | ov_025 | 6.473162539051598 × 10^294 |
| 26 | ov_026 | 3.5329756146537044 × 10^294 |
| 27 | ov_027 | 1.7664781924330976 × 10^294 |
| 28 | ov_028 | 7.902046867582503 × 10^293 |
| 29 | ov_029 | 3.0440339303126275 × 10^293 |
| 30 | ov_030 | 9.303551108200645 × 10^292 |
| 31 | ov_031 | 1.8141801451656404 × 10^292 |
| 32 | lv_80_m31 | 3.537031461682854 × 10^291 |
| 33 | ov_033 | 4.237977425223914 × 10^292 |
| 34 | ov_034 | 3.674662719138045 × 10^292 |
| 35 | ov_035 | 3.1707399575891035 × 10^292 |
| 36 | ov_036 | 2.7213796724610753 × 10^292 |
| 37 | ov_037 | 2.322012112085284 × 10^292 |
| 38 | ov_038 | 1.9683089658872618 × 10^292 |
| 39 | ov_039 | 1.656167588901617 × 10^292 |
| 40 | ov_040 | 1.381697480664467 × 10^292 |
| 41 | ov_041 | 1.141208787971263 × 10^292 |
| 42 | ov_042 | 9.329054283949581 × 10^291 |
| 43 | ov_043 | 7.550845887282803 × 10^291 |
| 44 | ov_044 | 6.046064485475235 × 10^291 |
| 45 | ov_045 | 4.7850195732976566 × 10^291 |
| 46 | ov_046 | 3.739684736370384 × 10^291 |
| 47 | ov_047 | 2.88366322208867 × 10^291 |
| 48 | ov_048 | 2.1921612628264597 × 10^291 |
| 49 | ov_049 | 1.6419678347572287 × 10^291 |
| 50 | ov_050 | 1.2114396437380708 × 10^291 |
| 51 | ov_051 | 8.804902362236842 × 10^290 |
| 52 | ov_052 | 6.3058223850093426 × 10^290 |
| 53 | ov_053 | 4.447218747926903 × 10^290 |
| 54 | ov_054 | 3.0745514059239812 × 10^290 |
| 55 | ov_055 | 2.0486521367730923 × 10^290 |
| 56 | ov_056 | 1.3037772153768522 × 10^290 |
| 57 | ov_057 | 7.818572881642046 × 10^289 |
| 58 | ov_058 | 4.324936546094947 × 10^289 |
| 59 | ov_059 | 2.1295629223348962 × 10^289 |
| 60 | ov_060 | 8.818294010839235 × 10^288 |
| 61 | ov_061 | 3.077876094851704 × 10^288 |
| 62 | ov_062 | 8.436579994026579 × 10^287 |
| 63 | ov_063 | 1.6429634541140117 × 10^287 |
| 64 | lv_79_m31 | 3.1988458572294357 × 10^286 |
| 65 | ov_065 | 3.79984876048903 × 10^287 |
| 66 | ov_066 | 3.799836592541618 × 10^287 |
| 67 | ov_067 | 3.799833614383676 × 10^287 |
| 68 | ov_068 | 3.2803494703507124 × 10^287 |
| 69 | ov_069 | 2.8173986068782976 × 10^287 |
| 70 | ov_070 | 2.406372877674556 × 10^287 |
| 71 | ov_071 | 2.042947767571117 × 10^287 |
| 72 | ov_072 | 1.7230631814581818 × 10^287 |
| 73 | ov_073 | 1.4429059296511218 × 10^287 |
| 74 | ov_074 | 1.1988938205028887 × 10^287 |
| 75 | ov_075 | 9.876612744215647 × 10^286 |
| 76 | ov_076 | 8.06046376185052 × 10^286 |
| 77 | ov_077 | 6.510792846457685 × 10^286 |
| 78 | ov_078 | 5.19971920662513 × 10^286 |
| 79 | ov_079 | 4.101088554544929 × 10^286 |
| 80 | ov_080 | 3.1903932260875974 × 10^286 |
| 81 | ov_081 | 2.44470277746678 × 10^286 |
| 82 | ov_082 | 1.8426043042213067 × 10^286 |
| 83 | ov_083 | 1.3641517323276582 × 10^286 |
| 84 | ov_084 | 9.908233341686409 × 10^285 |
| 85 | ov_085 | 7.054867241349188 × 10^285 |
| 86 | ov_086 | 4.923705900448753 × 10^285 |
| 87 | ov_087 | 3.37042417497882 × 10^285 |
| 88 | ov_088 | 2.263914648572218 × 10^285 |
| 89 | ov_089 | 1.4861624689752875 × 10^285 |
| 90 | ov_090 | 9.321578533146494 × 10^284 |
| 91 | ov_091 | 5.526383631672305 × 10^284 |
| 92 | ov_092 | 3.0480448053139036 × 10^284 |
| 93 | ov_093 | 1.5230724819107379 × 10^284 |
| 94 | ov_094 | 6.52421960612893 × 10^283 |
| 95 | aaa_78_28 | 2.0146861409904744 × 10^283 |
| 96 | aaa_78_29 | 6.187522018038344 × 10^282 |
| 97 | ov_097 | 4.0867817539620623 × 10^282 |
| 98 | ov_098 | 4.086659575977559 × 10^282 |
| 99 | ov_099 | 4.086620570245833 × 10^282 |
| 100 | ov_100 | 3.6777131514541297 × 10^282 |
| 101 | ov_101 | 3.29893220341719 × 10^282 |
| 102 | ov_102 | 2.9486312320414993 × 10^282 |
| 103 | ov_103 | 2.62528387454273 × 10^282 |
| 104 | ov_104 | 2.3274680800409004 × 10^282 |
| 105 | ov_105 | 2.0538517457218306 × 10^282 |
| 106 | ov_106 | 1.8031797343766953 × 10^282 |
| 107 | ov_107 | 1.5742622016537354 × 10^282 |
| 108 | ov_108 | 1.3659641633502887 × 10^282 |
| 109 | ov_109 | 1.1771962346174559 × 10^282 |
| 110 | ov_110 | 1.0069064741130068 × 10^282 |
| 111 | ov_111 | 8.540732669868685 × 10^281 |
| 112 | ov_112 | 7.176991811790794 × 10^281 |
| 113 | ov_113 | 5.968057319089675 × 10^281 |
| 114 | ov_114 | 4.904289894880754 × 10^281 |
| 115 | ov_115 | 3.976159657442281 × 10^281 |
| 116 | ov_116 | 3.174217144385547 × 10^281 |
| 117 | ov_117 | 2.4890708111822318 × 10^281 |
| 118 | ov_118 | 1.9113703788964968 × 10^281 |
| 119 | ov_119 | 1.4317948565998955 × 10^281 |
| 120 | ov_120 | 1.0410436150401921 × 10^281 |
| 121 | ov_121 | 7.298295790314817 × 10^280 |
| 122 | ov_122 | 4.888742163082404 × 10^280 |
| 123 | ov_123 | 3.089040006077507 × 10^280 |
| 124 | ov_124 | 1.806480267498442 × 10^280 |
| 125 | ov_125 | 9.483653382944977 × 10^279 |
| 126 | ov_126 | 4.22001522769466 × 10^279 |
| 127 | aaa_77_28 | 1.346961499970223 × 10^279 |
| 128 | aaa_77_29 | 5.046416714584415 × 10^278 |
| 129 | ov_129 | 4.6410047786869075 × 10^278 |
| 130 | ov_130 | 4.6409908972331895 × 10^278 |
| 131 | ov_131 | 4.6409875445971274 × 10^278 |
| 132 | ov_132 | 4.016663054371267 × 10^278 |
| 133 | ov_133 | 3.458117392388744 × 10^278 |
| 134 | ov_134 | 2.9603706342300563 × 10^278 |
| 135 | ov_135 | 2.5187054238036712 × 10^278 |
| 136 | ov_136 | 2.128648106510453 × 10^278 |
| 137 | ov_137 | 1.78595258749159 × 10^278 |
| 138 | ov_138 | 1.486586647779601 × 10^278 |
| 139 | ov_139 | 1.2267204645884732 × 10^278 |
| 140 | ov_140 | 1.0027170950481614 × 10^278 |
| 141 | ov_141 | 8.111246954970495 × 10^277 |
| 142 | ov_142 | 6.48670261064573 × 10^277 |
| 143 | ov_143 | 5.122546827618202 × 10^277 |
| 144 | ov_144 | 3.9894893169415196 × 10^277 |
| 145 | ov_145 | 3.0599119234802835 × 10^277 |
| 146 | ov_146 | 2.307847792050577 × 10^277 |
| 147 | ov_147 | 1.7089668321210714 × 10^277 |
| 148 | ov_148 | 1.2405660689420358 × 10^277 |
| 149 | ov_149 | 8.815635914134007 × 10^276 |
| 150 | ov_150 | 6.124949293457625 × 10^276 |
| 151 | ov_151 | 4.1551086507829916 × 10^276 |
| 152 | ov_152 | 2.743759915282649 × 10^276 |
| 153 | ov_153 | 1.7446769009596027 × 10^276 |
| 154 | ov_154 | 1.027754172916296 × 10^276 |
| 155 | ov_155 | 5.319684641360986 × 10^275 |
| 156 | aaa_76_25 | 2.043537394384799 × 10^275 |
| 157 | aaa_76_26 | 1.1794701149365821 × 10^275 |
| 158 | aaa_76_27 | 6.033909587526118 × 10^274 |
| 159 | aaa_76_28 | 2.3474591149153907 × 10^274 |
| 160 | aaa_76_29 | 7.133273156776243 × 10^273 |

### Output Bits Sorted by Complexity

| Rank | Output Bit | Complexity |
|:----:|:----------:|:----------:|
| 160 | aaa_76_29 | 7.133273156776243 × 10^273 |
| 159 | aaa_76_28 | 2.3474591149153907 × 10^274 |
| 158 | aaa_76_27 | 6.033909587526118 × 10^274 |
| 157 | aaa_76_26 | 1.1794701149365821 × 10^275 |
| 156 | aaa_76_25 | 2.043537394384799 × 10^275 |
| 155 | ov_155 | 5.319684641360986 × 10^275 |
| 154 | ov_154 | 1.027754172916296 × 10^276 |
| 153 | ov_153 | 1.7446769009596027 × 10^276 |
| 152 | ov_152 | 2.743759915282649 × 10^276 |
| 151 | ov_151 | 4.1551086507829916 × 10^276 |
| 150 | ov_150 | 6.124949293457625 × 10^276 |
| 149 | ov_149 | 8.815635914134007 × 10^276 |
| 148 | ov_148 | 1.2405660689420358 × 10^277 |
| 147 | ov_147 | 1.7089668321210714 × 10^277 |
| 146 | ov_146 | 2.307847792050577 × 10^277 |
| 145 | ov_145 | 3.0599119234802835 × 10^277 |
| 144 | ov_144 | 3.9894893169415196 × 10^277 |
| 143 | ov_143 | 5.122546827618202 × 10^277 |
| 142 | ov_142 | 6.48670261064573 × 10^277 |
| 141 | ov_141 | 8.111246954970495 × 10^277 |
| 140 | ov_140 | 1.0027170950481614 × 10^278 |
| 139 | ov_139 | 1.2267204645884732 × 10^278 |
| 138 | ov_138 | 1.486586647779601 × 10^278 |
| 137 | ov_137 | 1.78595258749159 × 10^278 |
| 136 | ov_136 | 2.128648106510453 × 10^278 |
| 135 | ov_135 | 2.5187054238036712 × 10^278 |
| 134 | ov_134 | 2.9603706342300563 × 10^278 |
| 133 | ov_133 | 3.458117392388744 × 10^278 |
| 132 | ov_132 | 4.016663054371267 × 10^278 |
| 131 | ov_131 | 4.6409875445971274 × 10^278 |
| 130 | ov_130 | 4.6409908972331895 × 10^278 |
| 129 | ov_129 | 4.6410047786869075 × 10^278 |
| 128 | aaa_77_29 | 5.046416714584415 × 10^278 |
| 127 | aaa_77_28 | 1.346961499970223 × 10^279 |
| 126 | ov_126 | 4.22001522769466 × 10^279 |
| 125 | ov_125 | 9.483653382944977 × 10^279 |
| 124 | ov_124 | 1.806480267498442 × 10^280 |
| 123 | ov_123 | 3.089040006077507 × 10^280 |
| 122 | ov_122 | 4.888742163082404 × 10^280 |
| 121 | ov_121 | 7.298295790314817 × 10^280 |
| 120 | ov_120 | 1.0410436150401921 × 10^281 |
| 119 | ov_119 | 1.4317948565998955 × 10^281 |
| 118 | ov_118 | 1.9113703788964968 × 10^281 |
| 117 | ov_117 | 2.4890708111822318 × 10^281 |
| 116 | ov_116 | 3.174217144385547 × 10^281 |
| 115 | ov_115 | 3.976159657442281 × 10^281 |
| 114 | ov_114 | 4.904289894880754 × 10^281 |
| 113 | ov_113 | 5.968057319089675 × 10^281 |
| 112 | ov_112 | 7.176991811790794 × 10^281 |
| 111 | ov_111 | 8.540732669868685 × 10^281 |
| 110 | ov_110 | 1.0069064741130068 × 10^282 |
| 109 | ov_109 | 1.1771962346174559 × 10^282 |
| 108 | ov_108 | 1.3659641633502887 × 10^282 |
| 107 | ov_107 | 1.5742622016537354 × 10^282 |
| 106 | ov_106 | 1.8031797343766953 × 10^282 |
| 105 | ov_105 | 2.0538517457218306 × 10^282 |
| 104 | ov_104 | 2.3274680800409004 × 10^282 |
| 103 | ov_103 | 2.62528387454273 × 10^282 |
| 102 | ov_102 | 2.9486312320414993 × 10^282 |
| 101 | ov_101 | 3.29893220341719 × 10^282 |
| 100 | ov_100 | 3.6777131514541297 × 10^282 |
| 99 | ov_099 | 4.086620570245833 × 10^282 |
| 98 | ov_098 | 4.086659575977559 × 10^282 |
| 97 | ov_097 | 4.0867817539620623 × 10^282 |
| 96 | aaa_78_29 | 6.187522018038344 × 10^282 |
| 95 | aaa_78_28 | 2.0146861409904744 × 10^283 |
| 94 | ov_094 | 6.52421960612893 × 10^283 |
| 93 | ov_093 | 1.5230724819107379 × 10^284 |
| 92 | ov_092 | 3.0480448053139036 × 10^284 |
| 91 | ov_091 | 5.526383631672305 × 10^284 |
| 90 | ov_090 | 9.321578533146494 × 10^284 |
| 89 | ov_089 | 1.4861624689752875 × 10^285 |
| 88 | ov_088 | 2.263914648572218 × 10^285 |
| 87 | ov_087 | 3.37042417497882 × 10^285 |
| 86 | ov_086 | 4.923705900448753 × 10^285 |
| 85 | ov_085 | 7.054867241349188 × 10^285 |
| 84 | ov_084 | 9.908233341686409 × 10^285 |
| 83 | ov_083 | 1.3641517323276582 × 10^286 |
| 82 | ov_082 | 1.8426043042213067 × 10^286 |
| 81 | ov_081 | 2.44470277746678 × 10^286 |
| 80 | ov_080 | 3.1903932260875974 × 10^286 |
| 64 | lv_79_m31 | 3.1988458572294357 × 10^286 |
| 79 | ov_079 | 4.101088554544929 × 10^286 |
| 78 | ov_078 | 5.19971920662513 × 10^286 |
| 77 | ov_077 | 6.510792846457685 × 10^286 |
| 76 | ov_076 | 8.06046376185052 × 10^286 |
| 75 | ov_075 | 9.876612744215647 × 10^286 |
| 74 | ov_074 | 1.1988938205028887 × 10^287 |
| 73 | ov_073 | 1.4429059296511218 × 10^287 |
| 63 | ov_063 | 1.6429634541140117 × 10^287 |
| 72 | ov_072 | 1.7230631814581818 × 10^287 |
| 71 | ov_071 | 2.042947767571117 × 10^287 |
| 70 | ov_070 | 2.406372877674556 × 10^287 |
| 69 | ov_069 | 2.8173986068782976 × 10^287 |
| 68 | ov_068 | 3.2803494703507124 × 10^287 |
| 67 | ov_067 | 3.799833614383676 × 10^287 |
| 66 | ov_066 | 3.799836592541618 × 10^287 |
| 65 | ov_065 | 3.79984876048903 × 10^287 |
| 62 | ov_062 | 8.436579994026579 × 10^287 |
| 61 | ov_061 | 3.077876094851704 × 10^288 |
| 60 | ov_060 | 8.818294010839235 × 10^288 |
| 59 | ov_059 | 2.1295629223348962 × 10^289 |
| 58 | ov_058 | 4.324936546094947 × 10^289 |
| 57 | ov_057 | 7.818572881642046 × 10^289 |
| 56 | ov_056 | 1.3037772153768522 × 10^290 |
| 55 | ov_055 | 2.0486521367730923 × 10^290 |
| 54 | ov_054 | 3.0745514059239812 × 10^290 |
| 53 | ov_053 | 4.447218747926903 × 10^290 |
| 52 | ov_052 | 6.3058223850093426 × 10^290 |
| 51 | ov_051 | 8.804902362236842 × 10^290 |
| 50 | ov_050 | 1.2114396437380708 × 10^291 |
| 49 | ov_049 | 1.6419678347572287 × 10^291 |
| 48 | ov_048 | 2.1921612628264597 × 10^291 |
| 47 | ov_047 | 2.88366322208867 × 10^291 |
| 32 | lv_80_m31 | 3.537031461682854 × 10^291 |
| 46 | ov_046 | 3.739684736370384 × 10^291 |
| 45 | ov_045 | 4.7850195732976566 × 10^291 |
| 44 | ov_044 | 6.046064485475235 × 10^291 |
| 43 | ov_043 | 7.550845887282803 × 10^291 |
| 42 | ov_042 | 9.329054283949581 × 10^291 |
| 41 | ov_041 | 1.141208787971263 × 10^292 |
| 40 | ov_040 | 1.381697480664467 × 10^292 |
| 39 | ov_039 | 1.656167588901617 × 10^292 |
| 31 | ov_031 | 1.8141801451656404 × 10^292 |
| 38 | ov_038 | 1.9683089658872618 × 10^292 |
| 37 | ov_037 | 2.322012112085284 × 10^292 |
| 36 | ov_036 | 2.7213796724610753 × 10^292 |
| 35 | ov_035 | 3.1707399575891035 × 10^292 |
| 34 | ov_034 | 3.674662719138045 × 10^292 |
| 33 | ov_033 | 4.237977425223914 × 10^292 |
| 30 | ov_030 | 9.303551108200645 × 10^292 |
| 29 | ov_029 | 3.0440339303126275 × 10^293 |
| 28 | ov_028 | 7.902046867582503 × 10^293 |
| 27 | ov_027 | 1.7664781924330976 × 10^294 |
| 26 | ov_026 | 3.5329756146537044 × 10^294 |
| 25 | ov_025 | 6.473162539051598 × 10^294 |
| 24 | ov_024 | 1.1054222158568988 × 10^295 |
| 23 | ov_023 | 1.829424935617777 × 10^295 |
| 22 | ov_022 | 2.93788222036793 × 10^295 |
| 21 | ov_021 | 4.5661080808399764 × 10^295 |
| 20 | ov_020 | 6.866187129094627 × 10^295 |
| 19 | ov_019 | 1.0006998113572228 × 10^296 |
| 18 | ov_018 | 1.4174249703223804 × 10^296 |
| 17 | ov_017 | 1.9570532246009625 × 10^296 |
| 16 | ov_016 | 2.6415389840665236 × 10^296 |
| 15 | ov_015 | 3.4945418331928257 × 10^296 |
| 14 | ov_014 | 4.541439750282098 × 10^296 |
| 13 | ov_013 | 5.8093468632205604 × 10^296 |
| 12 | ov_012 | 7.3271370397531256 × 10^296 |
| 11 | ov_011 | 9.125474733634103 × 10^296 |
| 10 | ov_010 | 1.1236854631758404 × 10^297 |
| 9 | ov_009 | 1.3695651771669931 × 10^297 |
| 8 | ov_008 | 1.6538183923900532 × 10^297 |
| 7 | ov_007 | 1.9802788159706792 × 10^297 |
| 6 | ov_006 | 2.352991365231922 × 10^297 |
| 5 | ov_005 | 2.7762232889267625 × 10^297 |
| 4 | ov_004 | 3.254477360526773 × 10^297 |
| 3 | ov_003 | 3.79250737189054 × 10^297 |
| 2 | ov_002 | 4.395336120245332 × 10^297 |
| 1 | ov_001 | 5.0682760617489786 × 10^297 |

