# Results for F001-F002-F003-F004-F005-F006-F007-F008-F009-F010-F011-F012-F013-F014-F015-F016-F017-F018-F019-F020-F021-F022-F023-F024-F025-F026-F027-F028-F029-F030-F031-F032-F033-F034-F035-F036-F037-F038-F039-F040-F041-F042-F043-F044-F045-F046-F047-F048-F049-F050-F051-F052-F053-F054-F055-F056-F057-F058-F059-F060-F061-F062-F063-F064-F065-F066-F067-F068-F069-F070-F071-F072-F073-F074-F075-F076-F077-F078-F079-F080-F081-F082-F083-F084-F085-F086-F087-F088-F089-F090-F091-F092-F093-F094-F095-F096-F097-F098-F099-F100-F101-F102-F103-F104-F105-F106-F107-F108-F109-F110-F111-F112-F113-F114-F115-F116-F117-F118-F119-F120-F121-F122-F123-F124-F125-F126-F127-F128-F129-F130-F131-F132-F133-F134-F135-F136-F137-F138-F139-F140-F141-F142-F143-F144-F145-F146-F147-F148-F149-F150-F151-F152-F153-F154-F155-F156-F157-F158-F159-F160-F161-F162-F163-F164-F165-F166-F167-F168-F169-F170-F171-F172-F173-F174-F175-F176-F177-F178-F179-F180-F181-F182-F183-F184-F185-F186-F187-F188-F189-F190-F191-F192-F193-F194-F195-F196-F197-F198-F199-F200-F201-F202-F203-F204-F205-F206-F207-F208-F209-F210-F211-F212-F213-F214-F215-F216-F217-F218-F219-F220-F221-F222-F223-F224-F225-F226-F227-F228-F229-F230-F231-F232-F233-F234-F235-F236-F237-F238-F239-F240-F241-F242-F243-F244-F245-F246-F247-F248-F249-F250-F251-F252-F253-F254-F255-F256-F257-F258-F259-F260-F261-F262-F263-F264-F265-F266-F267-F268-F269-F270-F271-F272-F273-F274-F275-F276-F277-F278-F279-F280-F281-F282-F283-F284-F285-F286-F287-F288-F289-F290-F291-F292-F293-F294-F295-F296-F297-F298-F299-F300-F301-F302-F303-F304-F305-F306-F307-F308-F309-F310-F311-F312-F313-F314-F315-F316-F317-F318-F319-F320-F321-F322-F323-F324-F325-F326-F327-F328-F329-F330-F331-F332-F333-F334-F335-F336-F337-F338-F339-F340-F341-F342-F343-F344-F345-F346-F347-F348-F349-F350-F351-F352-F353-F354-F355-F356-F357-F358-F359-F360-F361-F362-F363-F364-F365-F366-F367-F368-F369-F370-F371-F372-F373-F374-F375-F376-F377-F378-F379-F380-F381-F382-F383-F384-F385-F386-F387-F388-F389-F390-F391-F392-F393-F394-F395-F396-F397-F398-F399-F400-F401-F402-F403-F404-F405-F406-F407-F408-F409-F410-F411-F412-F413-F414-F415-F416-F417-F418-F419-F420-F421-F422-F423-F424-F425-F426-F427-F428-F429-F430-F431-F432-F433-F434-F435-F436-F437-F438-F439-F440-F441-F442-F443-F444-F445-F446-F447-F448-F449-F450-F451-F452-F453-F454-F455-F456-F457-F458-F459-F460-F461-F462-F463-F464-F465-F466-F467-F468-F469-F470-F471-F472-F473-F474-F475-F476-F477-F478-F479-F480-F481-F482-F483-F484-F485-F486-F487-F488-F489-F490-F491-F492-F493-F494-F495-F496-E501505-F507-F508-F509-F510-F512

## Summary

Number of input bits: 512  
Number of free input bits: 10  
Number of output bits: 160

Number of direct occurrences: 40977  
Number of assignments: 31160  
Number of operations: 11088281
(xor: 11059992,
and: 15070,
or: 13219)

Total complexity: 5.892943563802777 × 10^298

Least occurring input variable: iv_502 (3898)  
Most occurring input variable: iv_511 (4384)

Most co-occurring input variables: iv_500-iv_511 (2081)  
Least co-occurring input variables: iv_499-iv_506 (1799)

Potentially most occurring input variable: iv_497/iv_511 (4602)  
Potentially least occurring input variable: iv_499/iv_504 (4124)

Least output occurring input variable: iv_501 (69)  
Most output occurring input variable: iv_503 (85)

Most output co-occurring input variables: iv_504-iv_511 (46)  
Least output co-occurring input variables: iv_501-iv_502 (28)

Potentially most output occurring input variable: iv_497/iv_503 (94)  
Potentially least output occurring input variable: iv_497/iv_498 (65)

Least complex input bit: iv_511 (2.7514163117234596 × 10^293)  
Most complex input bit: iv_501 (2.2328370021390485 × 10^298)

Least complex output bit: aaa_76_29 (1.3416769417753605 × 10^274)  
Most complex output bit: ov_001 (9.212440030457865 × 10^297)

Least complex input/output complexity: iv_511/aaa_76_29 (6.264291830892399 × 10^268)  
Most complex input/output complexity: iv_501/ov_001 (3.490594599673938 × 10^297)

## Input Bits

### Input Bits in Regular Order

| Input Bit | Complexity | Occurrences | Output Occurrences |
|:---------:|:----------:|:-----------:|:------------------:|
| iv_497 | 3.403353432109198 × 10^296 | 4054 | 77 |
| iv_498 | 6.789129687398454 × 10^296 | 4034 | 74 |
| iv_499 | 1.2191663724631604 × 10^297 | 3952 | 81 |
| iv_500 | 2.0971923606315374 × 10^297 | 4127 | 76 |
| iv_501 | 2.2328370021390485 × 10^298 | 4233 | 69 |
| iv_502 | 5.767406340529217 × 10^297 | 3898 | 70 |
| iv_503 | 9.259286384496584 × 10^297 | 4160 | 85 |
| iv_504 | 1.4547176007165284 × 10^298 | 4108 | 83 |
| iv_506 | 2.6913146977696987 × 10^297 | 4027 | 77 |
| iv_511 | 2.7514163117234596 × 10^293 | 4384 | 80 |

### Input Bits Sorted by Complexity

| Input Bit | Complexity | Occurrences | Output Occurrences |
|:---------:|:----------:|:-----------:|:------------------:|
| iv_511 | 2.7514163117234596 × 10^293 | 4384 | 80 |
| iv_497 | 3.403353432109198 × 10^296 | 4054 | 77 |
| iv_498 | 6.789129687398454 × 10^296 | 4034 | 74 |
| iv_499 | 1.2191663724631604 × 10^297 | 3952 | 81 |
| iv_500 | 2.0971923606315374 × 10^297 | 4127 | 76 |
| iv_506 | 2.6913146977696987 × 10^297 | 4027 | 77 |
| iv_502 | 5.767406340529217 × 10^297 | 3898 | 70 |
| iv_503 | 9.259286384496584 × 10^297 | 4160 | 85 |
| iv_504 | 1.4547176007165284 × 10^298 | 4108 | 83 |
| iv_501 | 2.2328370021390485 × 10^298 | 4233 | 69 |

### Input Bits Sorted by Occurrences

| Input Bit | Complexity | Occurrences | Output Occurrences |
|:---------:|:----------:|:-----------:|:------------------:|
| iv_502 | 5.767406340529217 × 10^297 | 3898 | 70 |
| iv_499 | 1.2191663724631604 × 10^297 | 3952 | 81 |
| iv_506 | 2.6913146977696987 × 10^297 | 4027 | 77 |
| iv_498 | 6.789129687398454 × 10^296 | 4034 | 74 |
| iv_497 | 3.403353432109198 × 10^296 | 4054 | 77 |
| iv_504 | 1.4547176007165284 × 10^298 | 4108 | 83 |
| iv_500 | 2.0971923606315374 × 10^297 | 4127 | 76 |
| iv_503 | 9.259286384496584 × 10^297 | 4160 | 85 |
| iv_501 | 2.2328370021390485 × 10^298 | 4233 | 69 |
| iv_511 | 2.7514163117234596 × 10^293 | 4384 | 80 |

### Input Bits Sorted by Output Occurrences

| Input Bit | Complexity | Occurrences | Output Occurrences |
|:---------:|:----------:|:-----------:|:------------------:|
| iv_501 | 2.2328370021390485 × 10^298 | 4233 | 69 |
| iv_502 | 5.767406340529217 × 10^297 | 3898 | 70 |
| iv_498 | 6.789129687398454 × 10^296 | 4034 | 74 |
| iv_500 | 2.0971923606315374 × 10^297 | 4127 | 76 |
| iv_506 | 2.6913146977696987 × 10^297 | 4027 | 77 |
| iv_497 | 3.403353432109198 × 10^296 | 4054 | 77 |
| iv_511 | 2.7514163117234596 × 10^293 | 4384 | 80 |
| iv_499 | 1.2191663724631604 × 10^297 | 3952 | 81 |
| iv_504 | 1.4547176007165284 × 10^298 | 4108 | 83 |
| iv_503 | 9.259286384496584 × 10^297 | 4160 | 85 |

## Input Bit Co-occurrences

### Input Bit Co-occurrences Sorted by Co-occurrences

| Input Bits | Co-occurrences | Potential Occurrences | Output Co-occurrences | Potential Output Occurrences |
|:----------:|:--------------:|:---------------------:|:---------------------:|:----------------------------:|
| iv_500-iv_511 | 2081 | 4349 | 38 | 80 |
| iv_503-iv_511 | 2061 | 4422 | 43 | 79 |
| iv_501-iv_504 | 2054 | 4233 | 41 | 70 |
| iv_501-iv_511 | 2038 | 4541 | 31 | 87 |
| iv_504-iv_511 | 2034 | 4424 | 46 | 71 |
| iv_501-iv_503 | 2019 | 4355 | 34 | 86 |
| iv_500-iv_503 | 1997 | 4293 | 41 | 79 |
| iv_498-iv_504 | 1989 | 4164 | 39 | 79 |
| iv_500-iv_504 | 1987 | 4261 | 39 | 81 |
| iv_500-iv_501 | 1982 | 4396 | 33 | 79 |

### Input Bit Co-occurrences Sorted by Potential Occurrences

| Input Bits | Co-occurrences | Potential Occurrences | Output Co-occurrences | Potential Output Occurrences |
|:----------:|:--------------:|:---------------------:|:---------------------:|:----------------------------:|
| iv_499-iv_504 | 1968 | 4124 | 42 | 80 |
| iv_499-iv_502 | 1854 | 4142 | 37 | 77 |
| iv_498-iv_504 | 1989 | 4164 | 39 | 79 |
| iv_498-iv_499 | 1908 | 4170 | 39 | 77 |
| iv_500-iv_502 | 1917 | 4191 | 33 | 80 |
| iv_497-iv_499 | 1897 | 4212 | 40 | 78 |
| iv_500-iv_506 | 1968 | 4218 | 37 | 79 |
| iv_501-iv_504 | 2054 | 4233 | 41 | 70 |
| iv_497-iv_500 | 1973 | 4235 | 35 | 83 |
| iv_502-iv_506 | 1844 | 4237 | 34 | 79 |

### Input Bit Output Co-occurrences Sorted by Output Co-occurrences

| Input Bits | Co-occurrences | Potential Occurrences | Output Co-occurrences | Potential Output Occurrences |
|:----------:|:--------------:|:---------------------:|:---------------------:|:----------------------------:|
| iv_504-iv_511 | 2034 | 4424 | 46 | 71 |
| iv_499-iv_503 | 1911 | 4290 | 45 | 76 |
| iv_503-iv_511 | 2061 | 4422 | 43 | 79 |
| iv_497-iv_498 | 1904 | 4280 | 43 | 65 |
| iv_499-iv_500 | 1898 | 4283 | 42 | 73 |
| iv_499-iv_504 | 1968 | 4124 | 42 | 80 |
| iv_503-iv_504 | 1928 | 4412 | 42 | 84 |
| iv_499-iv_506 | 1799 | 4381 | 41 | 76 |
| iv_501-iv_504 | 2054 | 4233 | 41 | 70 |
| iv_504-iv_506 | 1906 | 4323 | 41 | 78 |

### Input Bit Output Co-occurrences Sorted by Potential Output Occurrences

| Input Bits | Co-occurrences | Potential Occurrences | Output Co-occurrences | Potential Output Occurrences |
|:----------:|:--------------:|:---------------------:|:---------------------:|:----------------------------:|
| iv_497-iv_498 | 1904 | 4280 | 43 | 65 |
| iv_501-iv_504 | 2054 | 4233 | 41 | 70 |
| iv_504-iv_511 | 2034 | 4424 | 46 | 71 |
| iv_502-iv_511 | 1864 | 4554 | 39 | 72 |
| iv_499-iv_500 | 1898 | 4283 | 42 | 73 |
| iv_498-iv_506 | 1907 | 4247 | 39 | 73 |
| iv_506-iv_511 | 1963 | 4485 | 41 | 75 |
| iv_499-iv_506 | 1799 | 4381 | 41 | 76 |
| iv_499-iv_503 | 1911 | 4290 | 45 | 76 |
| iv_498-iv_499 | 1908 | 4170 | 39 | 77 |

## Output Bits

### Output Bits in Regular Order

| Rank | Output Bit | Complexity |
|:----:|:----------:|:----------:|
| 1 | ov_001 | 9.212440030457865 × 10^297 |
| 2 | ov_002 | 8.016437780193608 × 10^297 |
| 3 | ov_003 | 6.942666468386745 × 10^297 |
| 4 | ov_004 | 5.981966381486551 × 10^297 |
| 5 | ov_005 | 5.125679820114343 × 10^297 |
| 6 | ov_006 | 4.3656148954819144 × 10^297 |
| 7 | ov_007 | 3.694014040113486 × 10^297 |
| 8 | ov_008 | 3.1035269478289845 × 10^297 |
| 9 | ov_009 | 2.587187588959927 × 10^297 |
| 10 | ov_010 | 2.1383948819040668 × 10^297 |
| 11 | ov_011 | 1.750896597387673 × 10^297 |
| 12 | ov_012 | 1.4187760960867932 × 10^297 |
| 13 | ov_013 | 1.1364415240797769 × 10^297 |
| 14 | ov_014 | 8.986171140639546 × 10^296 |
| 15 | ov_015 | 7.003362634520583 × 10^296 |
| 16 | ov_016 | 5.369360834347694 × 10^296 |
| 17 | ov_017 | 4.0405313590726924 × 10^296 |
| 18 | ov_018 | 2.97620111303532 × 10^296 |
| 19 | ov_019 | 2.138632619407685 × 10^296 |
| 20 | ov_020 | 1.4930046275963072 × 10^296 |
| 21 | ov_021 | 1.0073979747428034 × 10^296 |
| 22 | ov_022 | 6.527857157382566 × 10^295 |
| 23 | ov_023 | 4.0302649208653686 × 10^295 |
| 24 | ov_024 | 2.3486022237602384 × 10^295 |
| 25 | ov_025 | 1.279054660698806 × 10^295 |
| 26 | ov_026 | 6.4657979955322 × 10^294 |
| 27 | ov_027 | 3.049003925968482 × 10^294 |
| 28 | ov_028 | 1.3650170114558471 × 10^294 |
| 29 | ov_029 | 5.263063483459396 × 10^293 |
| 30 | ov_030 | 1.6101015880987718 × 10^293 |
| 31 | ov_031 | 3.1434066048073336 × 10^292 |
| 32 | lv_80_m31 | 6.13639891509302 × 10^291 |
| 33 | ov_033 | 7.35331649986578 × 10^292 |
| 34 | ov_034 | 6.389357787837747 × 10^292 |
| 35 | ov_035 | 5.525811564939377 × 10^292 |
| 36 | ov_036 | 4.753810259077794 × 10^292 |
| 37 | ov_037 | 4.0649632205241354 × 10^292 |
| 38 | ov_038 | 3.451323328959676 × 10^292 |
| 39 | ov_039 | 2.9053581804918837 × 10^292 |
| 40 | ov_040 | 2.423401922229674 × 10^292 |
| 41 | ov_041 | 2.0019780312070432 × 10^292 |
| 42 | ov_042 | 1.6377896911707649 × 10^292 |
| 43 | ov_043 | 1.327711720122418 × 10^292 |
| 44 | ov_044 | 1.0659830405880894 × 10^292 |
| 45 | ov_045 | 8.471569602069825 × 10^291 |
| 46 | ov_046 | 6.660931318362447 × 10^291 |
| 47 | ov_047 | 5.179511590051075 × 10^291 |
| 48 | ov_048 | 3.9818558202443606 × 10^291 |
| 49 | ov_049 | 3.0254200048984795 × 10^291 |
| 50 | ov_050 | 2.2705410797130797 × 10^291 |
| 51 | ov_051 | 1.680414447850094 × 10^291 |
| 52 | ov_052 | 1.2210772410579522 × 10^291 |
| 53 | ov_053 | 8.613963227535029 × 10^290 |
| 54 | ov_054 | 5.8651132846003476 × 10^290 |
| 55 | ov_055 | 3.829711159784703 × 10^290 |
| 56 | ov_056 | 2.3873180311572458 × 10^290 |
| 57 | ov_057 | 1.4315558035314758 × 10^290 |
| 58 | ov_058 | 7.918261094139827 × 10^289 |
| 59 | ov_059 | 3.8985484766054305 × 10^289 |
| 60 | ov_060 | 1.614163822573684 × 10^289 |
| 61 | ov_061 | 5.633291551872038 × 10^288 |
| 62 | ov_062 | 1.5439205621131482 × 10^288 |
| 63 | ov_063 | 3.0062846977161904 × 10^287 |
| 64 | lv_79_m31 | 5.852468828421475 × 10^286 |
| 65 | ov_065 | 6.97340833190593 × 10^287 |
| 66 | ov_066 | 6.973385761694683 × 10^287 |
| 67 | ov_067 | 6.973380237673023 × 10^287 |
| 68 | ov_068 | 6.020751103232566 × 10^287 |
| 69 | ov_069 | 5.172270931501038 × 10^287 |
| 70 | ov_070 | 4.419392773061896 × 10^287 |
| 71 | ov_071 | 3.754095608783147 × 10^287 |
| 72 | ov_072 | 3.1688487252196283 × 10^287 |
| 73 | ov_073 | 2.6565792393725014 × 10^287 |
| 74 | ov_074 | 2.2106426068052673 × 10^287 |
| 75 | ov_075 | 1.8247959533017976 × 10^287 |
| 76 | ov_076 | 1.4931740753192133 × 10^287 |
| 77 | ov_077 | 1.210267958587723 × 10^287 |
| 78 | ov_078 | 9.70905667481958 × 10^286 |
| 79 | ov_079 | 7.702354603653674 × 10^286 |
| 80 | ov_080 | 6.0371098811243195 × 10^286 |
| 81 | ov_081 | 4.670784345534732 × 10^286 |
| 82 | ov_082 | 3.5636545875830076 × 10^286 |
| 83 | ov_083 | 2.678717999507225 × 10^286 |
| 84 | ov_084 | 1.9816140647959063 × 10^286 |
| 85 | ov_085 | 1.44055950708934 × 10^286 |
| 86 | ov_086 | 1.0262959197590879 × 10^286 |
| 87 | ov_087 | 7.120484994546777 × 10^285 |
| 88 | ov_088 | 4.7349450800459525 × 10^285 |
| 89 | ov_089 | 2.990822154024958 × 10^285 |
| 90 | ov_090 | 1.7846949394051748 × 10^285 |
| 91 | ov_091 | 1.0251728809916277 × 10^285 |
| 92 | ov_092 | 5.6542200274218534 × 10^284 |
| 93 | ov_093 | 2.825313274332487 × 10^284 |
| 94 | ov_094 | 1.2102330521179646 × 10^284 |
| 95 | aaa_78_28 | 3.737167405261956 × 10^283 |
| 96 | aaa_78_29 | 1.147739741203089 × 10^283 |
| 97 | ov_097 | 7.578222189180863 × 10^282 |
| 98 | ov_098 | 7.577996132877222 × 10^282 |
| 99 | ov_099 | 7.577923983273915 × 10^282 |
| 100 | ov_100 | 6.819220697391725 × 10^282 |
| 101 | ov_101 | 6.11646275858129 × 10^282 |
| 102 | ov_102 | 5.466593735842446 × 10^282 |
| 103 | ov_103 | 4.8667791113837367 × 10^282 |
| 104 | ov_104 | 4.3143769448027586 × 10^282 |
| 105 | ov_105 | 3.806911277718268 × 10^282 |
| 106 | ov_106 | 3.3420481374131854 × 10^282 |
| 107 | ov_107 | 2.9175740030491456 × 10^282 |
| 108 | ov_108 | 2.5313766020251213 × 10^282 |
| 109 | ov_109 | 2.1814279072173168 × 10^282 |
| 110 | ov_110 | 1.8657692082810733 × 10^282 |
| 111 | ov_111 | 1.5824981320385336 × 10^282 |
| 112 | ov_112 | 1.32975748833031 × 10^282 |
| 113 | ov_113 | 1.1057258186781849 × 10^282 |
| 114 | ov_114 | 9.086095257820132 × 10^281 |
| 115 | ov_115 | 7.366364623362953 × 10^281 |
| 116 | ov_116 | 5.880508579607921 × 10^281 |
| 117 | ov_117 | 4.611093337664386 × 10^281 |
| 118 | ov_118 | 3.5407763982516416 × 10^281 |
| 119 | ov_119 | 2.65227910546743 × 10^281 |
| 120 | ov_120 | 1.9283646175212938 × 10^281 |
| 121 | ov_121 | 1.3518222234028297 × 10^281 |
| 122 | ov_122 | 9.05457250820869 × 10^280 |
| 123 | ov_123 | 5.720844289096986 × 10^280 |
| 124 | ov_124 | 3.3452341106290882 × 10^280 |
| 125 | ov_125 | 1.755960013244489 × 10^280 |
| 126 | ov_126 | 7.812473959332415 × 10^279 |
| 127 | aaa_77_28 | 2.49323585533721 × 10^279 |
| 128 | aaa_77_29 | 9.338922876762747 × 10^278 |
| 129 | ov_129 | 8.611153891435929 × 10^278 |
| 130 | ov_130 | 8.611127768340608 × 10^278 |
| 131 | ov_131 | 8.611121454776781 × 10^278 |
| 132 | ov_132 | 7.452751126252931 × 10^278 |
| 133 | ov_133 | 6.417226720936273 × 10^278 |
| 134 | ov_134 | 5.495134894639227 × 10^278 |
| 135 | ov_135 | 4.677563924469038 × 10^278 |
| 136 | ov_136 | 3.956067891363631 × 10^278 |
| 137 | ov_137 | 3.3226359025674224 × 10^278 |
| 138 | ov_138 | 2.769665865194841 × 10^278 |
| 139 | ov_139 | 2.289942346971571 × 10^278 |
| 140 | ov_140 | 1.8766180844758924 × 10^278 |
| 141 | ov_141 | 1.5231987228842857 × 10^278 |
| 142 | ov_142 | 1.2235303944902176 × 10^278 |
| 143 | ov_143 | 9.717897662202896 × 10^277 |
| 144 | ov_144 | 7.624762091032011 × 10^277 |
| 145 | ov_145 | 5.904057652185686 × 10^277 |
| 146 | ov_146 | 4.507066101125993 × 10^277 |
| 147 | ov_147 | 3.388157310510716 × 10^277 |
| 148 | ov_148 | 2.504765638127796 × 10^277 |
| 149 | ov_149 | 1.8173735302666016 × 10^277 |
| 150 | ov_150 | 1.2895003384690182 × 10^277 |
| 151 | ov_151 | 8.87694851710021 × 10^276 |
| 152 | ov_152 | 5.815305283587898 × 10^276 |
| 153 | ov_153 | 3.5654981139926084 × 10^276 |
| 154 | ov_154 | 1.9980553200125455 × 10^276 |
| 155 | ov_155 | 9.986033207522757 × 10^275 |
| 156 | aaa_76_25 | 3.836779425030956 × 10^275 |
| 157 | aaa_76_26 | 2.215239333008959 × 10^275 |
| 158 | aaa_76_27 | 1.1337159794332355 × 10^275 |
| 159 | aaa_76_28 | 4.412926360605748 × 10^274 |
| 160 | aaa_76_29 | 1.3416769417753605 × 10^274 |

### Output Bits Sorted by Complexity

| Rank | Output Bit | Complexity |
|:----:|:----------:|:----------:|
| 160 | aaa_76_29 | 1.3416769417753605 × 10^274 |
| 159 | aaa_76_28 | 4.412926360605748 × 10^274 |
| 158 | aaa_76_27 | 1.1337159794332355 × 10^275 |
| 157 | aaa_76_26 | 2.215239333008959 × 10^275 |
| 156 | aaa_76_25 | 3.836779425030956 × 10^275 |
| 155 | ov_155 | 9.986033207522757 × 10^275 |
| 154 | ov_154 | 1.9980553200125455 × 10^276 |
| 153 | ov_153 | 3.5654981139926084 × 10^276 |
| 152 | ov_152 | 5.815305283587898 × 10^276 |
| 151 | ov_151 | 8.87694851710021 × 10^276 |
| 150 | ov_150 | 1.2895003384690182 × 10^277 |
| 149 | ov_149 | 1.8173735302666016 × 10^277 |
| 148 | ov_148 | 2.504765638127796 × 10^277 |
| 147 | ov_147 | 3.388157310510716 × 10^277 |
| 146 | ov_146 | 4.507066101125993 × 10^277 |
| 145 | ov_145 | 5.904057652185686 × 10^277 |
| 144 | ov_144 | 7.624762091032011 × 10^277 |
| 143 | ov_143 | 9.717897662202896 × 10^277 |
| 142 | ov_142 | 1.2235303944902176 × 10^278 |
| 141 | ov_141 | 1.5231987228842857 × 10^278 |
| 140 | ov_140 | 1.8766180844758924 × 10^278 |
| 139 | ov_139 | 2.289942346971571 × 10^278 |
| 138 | ov_138 | 2.769665865194841 × 10^278 |
| 137 | ov_137 | 3.3226359025674224 × 10^278 |
| 136 | ov_136 | 3.956067891363631 × 10^278 |
| 135 | ov_135 | 4.677563924469038 × 10^278 |
| 134 | ov_134 | 5.495134894639227 × 10^278 |
| 133 | ov_133 | 6.417226720936273 × 10^278 |
| 132 | ov_132 | 7.452751126252931 × 10^278 |
| 131 | ov_131 | 8.611121454776781 × 10^278 |
| 130 | ov_130 | 8.611127768340608 × 10^278 |
| 129 | ov_129 | 8.611153891435929 × 10^278 |
| 128 | aaa_77_29 | 9.338922876762747 × 10^278 |
| 127 | aaa_77_28 | 2.49323585533721 × 10^279 |
| 126 | ov_126 | 7.812473959332415 × 10^279 |
| 125 | ov_125 | 1.755960013244489 × 10^280 |
| 124 | ov_124 | 3.3452341106290882 × 10^280 |
| 123 | ov_123 | 5.720844289096986 × 10^280 |
| 122 | ov_122 | 9.05457250820869 × 10^280 |
| 121 | ov_121 | 1.3518222234028297 × 10^281 |
| 120 | ov_120 | 1.9283646175212938 × 10^281 |
| 119 | ov_119 | 2.65227910546743 × 10^281 |
| 118 | ov_118 | 3.5407763982516416 × 10^281 |
| 117 | ov_117 | 4.611093337664386 × 10^281 |
| 116 | ov_116 | 5.880508579607921 × 10^281 |
| 115 | ov_115 | 7.366364623362953 × 10^281 |
| 114 | ov_114 | 9.086095257820132 × 10^281 |
| 113 | ov_113 | 1.1057258186781849 × 10^282 |
| 112 | ov_112 | 1.32975748833031 × 10^282 |
| 111 | ov_111 | 1.5824981320385336 × 10^282 |
| 110 | ov_110 | 1.8657692082810733 × 10^282 |
| 109 | ov_109 | 2.1814279072173168 × 10^282 |
| 108 | ov_108 | 2.5313766020251213 × 10^282 |
| 107 | ov_107 | 2.9175740030491456 × 10^282 |
| 106 | ov_106 | 3.3420481374131854 × 10^282 |
| 105 | ov_105 | 3.806911277718268 × 10^282 |
| 104 | ov_104 | 4.3143769448027586 × 10^282 |
| 103 | ov_103 | 4.8667791113837367 × 10^282 |
| 102 | ov_102 | 5.466593735842446 × 10^282 |
| 101 | ov_101 | 6.11646275858129 × 10^282 |
| 100 | ov_100 | 6.819220697391725 × 10^282 |
| 99 | ov_099 | 7.577923983273915 × 10^282 |
| 98 | ov_098 | 7.577996132877222 × 10^282 |
| 97 | ov_097 | 7.578222189180863 × 10^282 |
| 96 | aaa_78_29 | 1.147739741203089 × 10^283 |
| 95 | aaa_78_28 | 3.737167405261956 × 10^283 |
| 94 | ov_094 | 1.2102330521179646 × 10^284 |
| 93 | ov_093 | 2.825313274332487 × 10^284 |
| 92 | ov_092 | 5.6542200274218534 × 10^284 |
| 91 | ov_091 | 1.0251728809916277 × 10^285 |
| 90 | ov_090 | 1.7846949394051748 × 10^285 |
| 89 | ov_089 | 2.990822154024958 × 10^285 |
| 88 | ov_088 | 4.7349450800459525 × 10^285 |
| 87 | ov_087 | 7.120484994546777 × 10^285 |
| 86 | ov_086 | 1.0262959197590879 × 10^286 |
| 85 | ov_085 | 1.44055950708934 × 10^286 |
| 84 | ov_084 | 1.9816140647959063 × 10^286 |
| 83 | ov_083 | 2.678717999507225 × 10^286 |
| 82 | ov_082 | 3.5636545875830076 × 10^286 |
| 81 | ov_081 | 4.670784345534732 × 10^286 |
| 64 | lv_79_m31 | 5.852468828421475 × 10^286 |
| 80 | ov_080 | 6.0371098811243195 × 10^286 |
| 79 | ov_079 | 7.702354603653674 × 10^286 |
| 78 | ov_078 | 9.70905667481958 × 10^286 |
| 77 | ov_077 | 1.210267958587723 × 10^287 |
| 76 | ov_076 | 1.4931740753192133 × 10^287 |
| 75 | ov_075 | 1.8247959533017976 × 10^287 |
| 74 | ov_074 | 2.2106426068052673 × 10^287 |
| 73 | ov_073 | 2.6565792393725014 × 10^287 |
| 63 | ov_063 | 3.0062846977161904 × 10^287 |
| 72 | ov_072 | 3.1688487252196283 × 10^287 |
| 71 | ov_071 | 3.754095608783147 × 10^287 |
| 70 | ov_070 | 4.419392773061896 × 10^287 |
| 69 | ov_069 | 5.172270931501038 × 10^287 |
| 68 | ov_068 | 6.020751103232566 × 10^287 |
| 67 | ov_067 | 6.973380237673023 × 10^287 |
| 66 | ov_066 | 6.973385761694683 × 10^287 |
| 65 | ov_065 | 6.97340833190593 × 10^287 |
| 62 | ov_062 | 1.5439205621131482 × 10^288 |
| 61 | ov_061 | 5.633291551872038 × 10^288 |
| 60 | ov_060 | 1.614163822573684 × 10^289 |
| 59 | ov_059 | 3.8985484766054305 × 10^289 |
| 58 | ov_058 | 7.918261094139827 × 10^289 |
| 57 | ov_057 | 1.4315558035314758 × 10^290 |
| 56 | ov_056 | 2.3873180311572458 × 10^290 |
| 55 | ov_055 | 3.829711159784703 × 10^290 |
| 54 | ov_054 | 5.8651132846003476 × 10^290 |
| 53 | ov_053 | 8.613963227535029 × 10^290 |
| 52 | ov_052 | 1.2210772410579522 × 10^291 |
| 51 | ov_051 | 1.680414447850094 × 10^291 |
| 50 | ov_050 | 2.2705410797130797 × 10^291 |
| 49 | ov_049 | 3.0254200048984795 × 10^291 |
| 48 | ov_048 | 3.9818558202443606 × 10^291 |
| 47 | ov_047 | 5.179511590051075 × 10^291 |
| 32 | lv_80_m31 | 6.13639891509302 × 10^291 |
| 46 | ov_046 | 6.660931318362447 × 10^291 |
| 45 | ov_045 | 8.471569602069825 × 10^291 |
| 44 | ov_044 | 1.0659830405880894 × 10^292 |
| 43 | ov_043 | 1.327711720122418 × 10^292 |
| 42 | ov_042 | 1.6377896911707649 × 10^292 |
| 41 | ov_041 | 2.0019780312070432 × 10^292 |
| 40 | ov_040 | 2.423401922229674 × 10^292 |
| 39 | ov_039 | 2.9053581804918837 × 10^292 |
| 31 | ov_031 | 3.1434066048073336 × 10^292 |
| 38 | ov_038 | 3.451323328959676 × 10^292 |
| 37 | ov_037 | 4.0649632205241354 × 10^292 |
| 36 | ov_036 | 4.753810259077794 × 10^292 |
| 35 | ov_035 | 5.525811564939377 × 10^292 |
| 34 | ov_034 | 6.389357787837747 × 10^292 |
| 33 | ov_033 | 7.35331649986578 × 10^292 |
| 30 | ov_030 | 1.6101015880987718 × 10^293 |
| 29 | ov_029 | 5.263063483459396 × 10^293 |
| 28 | ov_028 | 1.3650170114558471 × 10^294 |
| 27 | ov_027 | 3.049003925968482 × 10^294 |
| 26 | ov_026 | 6.4657979955322 × 10^294 |
| 25 | ov_025 | 1.279054660698806 × 10^295 |
| 24 | ov_024 | 2.3486022237602384 × 10^295 |
| 23 | ov_023 | 4.0302649208653686 × 10^295 |
| 22 | ov_022 | 6.527857157382566 × 10^295 |
| 21 | ov_021 | 1.0073979747428034 × 10^296 |
| 20 | ov_020 | 1.4930046275963072 × 10^296 |
| 19 | ov_019 | 2.138632619407685 × 10^296 |
| 18 | ov_018 | 2.97620111303532 × 10^296 |
| 17 | ov_017 | 4.0405313590726924 × 10^296 |
| 16 | ov_016 | 5.369360834347694 × 10^296 |
| 15 | ov_015 | 7.003362634520583 × 10^296 |
| 14 | ov_014 | 8.986171140639546 × 10^296 |
| 13 | ov_013 | 1.1364415240797769 × 10^297 |
| 12 | ov_012 | 1.4187760960867932 × 10^297 |
| 11 | ov_011 | 1.750896597387673 × 10^297 |
| 10 | ov_010 | 2.1383948819040668 × 10^297 |
| 9 | ov_009 | 2.587187588959927 × 10^297 |
| 8 | ov_008 | 3.1035269478289845 × 10^297 |
| 7 | ov_007 | 3.694014040113486 × 10^297 |
| 6 | ov_006 | 4.3656148954819144 × 10^297 |
| 5 | ov_005 | 5.125679820114343 × 10^297 |
| 4 | ov_004 | 5.981966381486551 × 10^297 |
| 3 | ov_003 | 6.942666468386745 × 10^297 |
| 2 | ov_002 | 8.016437780193608 × 10^297 |
| 1 | ov_001 | 9.212440030457865 × 10^297 |

