# Results for F001-F002-F003-F004-F005-F006-F007-F008-F009-F010-F011-F012-F013-F014-F015-F016-F017-F018-F019-F020-F021-F022-F023-F024-F025-F026-F027-F028-F029-F030-F031-F032-F033-F034-F035-F036-F037-F038-F039-F040-F041-F042-F043-F044-F045-F046-F047-F048-F049-F050-F051-F052-F053-F054-F055-F056-F057-F058-F059-F060-F061-F062-F063-F064-F065-F066-F067-F068-F069-F070-F071-F072-F073-F074-F075-F076-F077-F078-F079-F080-F081-F082-F083-F084-F085-F086-F087-F088-F089-F090-F091-F092-F093-F094-F095-F096-F097-F098-F099-F100-F101-F102-F103-F104-F105-F106-F107-F108-F109-F110-F111-F112-F113-F114-F115-F116-F117-F118-F119-F120-F121-F122-F123-F124-F125-F126-F127-F128-F129-F130-F131-F132-F133-F134-F135-F136-F137-F138-F139-F140-F141-F142-F143-F144-F145-F146-F147-F148-F149-F150-F151-F152-F153-F154-F155-F156-F157-F158-F159-F160-F161-F162-F163-F164-F165-F166-F167-F168-F169-F170-F171-F172-F173-F174-F175-F176-F177-F178-F179-F180-F181-F182-F183-F184-F185-F186-F187-F188-F189-F190-F191-F192-F193-F194-F195-F196-F197-F198-F199-F200-F201-F202-F203-F204-F205-F206-F207-F208-F209-F210-F211-F212-F213-F214-F215-F216-F217-F218-F219-F220-F221-F222-F223-F224-F225-F226-F227-F228-F229-F230-F231-F232-F233-F234-F235-F236-F237-F238-F239-F240-F241-F242-F243-F244-F245-F246-F247-F248-F249-F250-F251-F252-F253-F254-F255-F256-F257-F258-F259-F260-F261-F262-F263-F264-F265-F266-F267-F268-F269-F270-F271-F272-F273-F274-F275-F276-F277-F278-F279-F280-F281-F282-F283-F284-F285-F286-F287-F288-F289-F290-F291-F292-F293-F294-F295-F296-F297-F298-F299-F300-F301-F302-F303-F304-F305-F306-F307-F308-F309-F310-F311-F312-F313-F314-F315-F316-F317-F318-F319-F320-F321-F322-F323-F324-F325-F326-F327-F328-F329-F330-F331-F332-F333-F334-F335-F336-F337-F338-F339-F340-F341-F342-F343-F344-F345-F346-F347-F348-F349-F350-F351-F352-F353-F354-F355-F356-F357-F358-F359-F360-F361-F362-F363-F364-F365-F366-F367-F368-F369-F370-F371-F372-F373-F374-F375-F376-F377-F378-F379-F380-F381-F382-F383-F384-F385-F386-F387-F388-F389-F390-F391-F392-F393-F394-F395-F396-F397-F398-F399-F400-F401-F402-F403-F404-F405-F406-F407-F408-F409-F410-F411-F412-F413-F414-F415-F416-F417-F418-F419-F420-F421-F422-F423-F424-F425-F426-F427-F428-F429-F430-F431-F432-F433-F434-F435-F436-F437-F438-F439-F440-F441-F442-F443-F444-F445-F446-F447-F448-F449-F450-F451-F452-F453-F454-F455-F456-F457-F458-F459-F460-F461-F462-F463-F464-F465-F466-F467-F468-F469-F470-F471-F472-F473-F474-F475-F476-F477-F478-F479-F480-F481-F482-F483-F484-F485-F486-F487-F488-F489-F490-F491-F492-F493-F494-F495-F496-T502-F507-F508-F509-F510-F512

## Summary

Number of input bits: 512  
Number of free input bits: 10  
Number of output bits: 160

Number of direct occurrences: 41796  
Number of assignments: 31295  
Number of operations: 11490953
(xor: 11462259,
and: 15434,
or: 13260)

Total complexity: 7.263185618215142 × 10^303

Least occurring input variable: iv_499 (4053)  
Most occurring input variable: iv_511 (4359)

Most co-occurring input variables: iv_501-iv_511 (2092)  
Least co-occurring input variables: iv_499-iv_506 (1885)

Potentially most occurring input variable: iv_497/iv_511 (4615)  
Potentially least occurring input variable: iv_499/iv_504 (4218)

Least output occurring input variable: iv_501 (70)  
Most output occurring input variable: iv_497 (90)

Most output co-occurring input variables: iv_497-iv_506 (50)  
Least output co-occurring input variables: iv_501-iv_511 (28)

Potentially most output occurring input variable: iv_501/iv_511 (93)  
Potentially least output occurring input variable: iv_499/iv_501 (66)

Least complex input bit: iv_511 (5.608258315734957 × 10^298)  
Most complex input bit: iv_505 (2.9350963918496072 × 10^303)

Least complex output bit: aaa_76_29 (3.572202179791269 × 10^278)  
Most complex output bit: ov_001 (1.1356224090770853 × 10^303)

Least complex input/output complexity: iv_511/aaa_76_29 (2.758270768966538 × 10^273)  
Most complex input/output complexity: iv_505/ov_001 (4.58911751756222 × 10^302)

## Input Bits

### Input Bits in Regular Order

| Input Bit | Complexity | Occurrences | Output Occurrences |
|:---------:|:----------:|:-----------:|:------------------:|
| iv_497 | 3.18246872927473 × 10^301 | 4214 | 90 |
| iv_498 | 4.8501394689454557 × 10^301 | 4059 | 74 |
| iv_499 | 8.786030984076676 × 10^301 | 4053 | 82 |
| iv_500 | 1.5412771723207611 × 10^302 | 4161 | 76 |
| iv_501 | 2.6057821555424073 × 10^302 | 4215 | 70 |
| iv_503 | 1.0943050666726054 × 10^303 | 4196 | 79 |
| iv_504 | 2.1187439655401245 × 10^303 | 4115 | 79 |
| iv_505 | 2.9350963918496072 × 10^303 | 4249 | 77 |
| iv_506 | 5.320917869603669 × 10^302 | 4175 | 88 |
| iv_511 | 5.608258315734957 × 10^298 | 4359 | 79 |

### Input Bits Sorted by Complexity

| Input Bit | Complexity | Occurrences | Output Occurrences |
|:---------:|:----------:|:-----------:|:------------------:|
| iv_511 | 5.608258315734957 × 10^298 | 4359 | 79 |
| iv_497 | 3.18246872927473 × 10^301 | 4214 | 90 |
| iv_498 | 4.8501394689454557 × 10^301 | 4059 | 74 |
| iv_499 | 8.786030984076676 × 10^301 | 4053 | 82 |
| iv_500 | 1.5412771723207611 × 10^302 | 4161 | 76 |
| iv_501 | 2.6057821555424073 × 10^302 | 4215 | 70 |
| iv_506 | 5.320917869603669 × 10^302 | 4175 | 88 |
| iv_503 | 1.0943050666726054 × 10^303 | 4196 | 79 |
| iv_504 | 2.1187439655401245 × 10^303 | 4115 | 79 |
| iv_505 | 2.9350963918496072 × 10^303 | 4249 | 77 |

### Input Bits Sorted by Occurrences

| Input Bit | Complexity | Occurrences | Output Occurrences |
|:---------:|:----------:|:-----------:|:------------------:|
| iv_499 | 8.786030984076676 × 10^301 | 4053 | 82 |
| iv_498 | 4.8501394689454557 × 10^301 | 4059 | 74 |
| iv_504 | 2.1187439655401245 × 10^303 | 4115 | 79 |
| iv_500 | 1.5412771723207611 × 10^302 | 4161 | 76 |
| iv_506 | 5.320917869603669 × 10^302 | 4175 | 88 |
| iv_503 | 1.0943050666726054 × 10^303 | 4196 | 79 |
| iv_497 | 3.18246872927473 × 10^301 | 4214 | 90 |
| iv_501 | 2.6057821555424073 × 10^302 | 4215 | 70 |
| iv_505 | 2.9350963918496072 × 10^303 | 4249 | 77 |
| iv_511 | 5.608258315734957 × 10^298 | 4359 | 79 |

### Input Bits Sorted by Output Occurrences

| Input Bit | Complexity | Occurrences | Output Occurrences |
|:---------:|:----------:|:-----------:|:------------------:|
| iv_501 | 2.6057821555424073 × 10^302 | 4215 | 70 |
| iv_498 | 4.8501394689454557 × 10^301 | 4059 | 74 |
| iv_500 | 1.5412771723207611 × 10^302 | 4161 | 76 |
| iv_505 | 2.9350963918496072 × 10^303 | 4249 | 77 |
| iv_503 | 1.0943050666726054 × 10^303 | 4196 | 79 |
| iv_504 | 2.1187439655401245 × 10^303 | 4115 | 79 |
| iv_511 | 5.608258315734957 × 10^298 | 4359 | 79 |
| iv_499 | 8.786030984076676 × 10^301 | 4053 | 82 |
| iv_506 | 5.320917869603669 × 10^302 | 4175 | 88 |
| iv_497 | 3.18246872927473 × 10^301 | 4214 | 90 |

## Input Bit Co-occurrences

### Input Bit Co-occurrences Sorted by Co-occurrences

| Input Bits | Co-occurrences | Potential Occurrences | Output Co-occurrences | Potential Output Occurrences |
|:----------:|:--------------:|:---------------------:|:---------------------:|:----------------------------:|
| iv_501-iv_511 | 2092 | 4390 | 28 | 93 |
| iv_497-iv_505 | 2063 | 4337 | 45 | 77 |
| iv_500-iv_501 | 2055 | 4266 | 35 | 76 |
| iv_503-iv_505 | 2040 | 4365 | 35 | 86 |
| iv_501-iv_503 | 2039 | 4333 | 30 | 89 |
| iv_505-iv_511 | 2037 | 4534 | 38 | 80 |
| iv_501-iv_505 | 2027 | 4410 | 31 | 85 |
| iv_503-iv_511 | 2024 | 4507 | 40 | 78 |
| iv_500-iv_511 | 2023 | 4474 | 34 | 87 |
| iv_499-iv_505 | 2019 | 4264 | 41 | 77 |

### Input Bit Co-occurrences Sorted by Potential Occurrences

| Input Bits | Co-occurrences | Potential Occurrences | Output Co-occurrences | Potential Output Occurrences |
|:----------:|:--------------:|:---------------------:|:---------------------:|:----------------------------:|
| iv_499-iv_504 | 1975 | 4218 | 39 | 83 |
| iv_498-iv_499 | 1931 | 4250 | 39 | 78 |
| iv_499-iv_505 | 2019 | 4264 | 41 | 77 |
| iv_500-iv_501 | 2055 | 4266 | 35 | 76 |
| iv_500-iv_506 | 2017 | 4302 | 40 | 84 |
| iv_498-iv_501 | 1980 | 4314 | 34 | 76 |
| iv_498-iv_505 | 1995 | 4318 | 40 | 71 |
| iv_499-iv_501 | 1971 | 4326 | 43 | 66 |
| iv_501-iv_503 | 2039 | 4333 | 30 | 89 |
| iv_504-iv_505 | 2015 | 4334 | 34 | 88 |

### Input Bit Output Co-occurrences Sorted by Output Co-occurrences

| Input Bits | Co-occurrences | Potential Occurrences | Output Co-occurrences | Potential Output Occurrences |
|:----------:|:--------------:|:---------------------:|:---------------------:|:----------------------------:|
| iv_497-iv_506 | 1926 | 4537 | 50 | 78 |
| iv_497-iv_505 | 2063 | 4337 | 45 | 77 |
| iv_499-iv_506 | 1885 | 4458 | 45 | 80 |
| iv_497-iv_499 | 1965 | 4337 | 44 | 84 |
| iv_497-iv_500 | 2000 | 4375 | 44 | 78 |
| iv_497-iv_511 | 1979 | 4615 | 44 | 81 |
| iv_497-iv_504 | 1922 | 4485 | 44 | 81 |
| iv_498-iv_503 | 1919 | 4417 | 43 | 67 |
| iv_497-iv_503 | 1964 | 4482 | 43 | 83 |
| iv_499-iv_501 | 1971 | 4326 | 43 | 66 |

### Input Bit Output Co-occurrences Sorted by Potential Output Occurrences

| Input Bits | Co-occurrences | Potential Occurrences | Output Co-occurrences | Potential Output Occurrences |
|:----------:|:--------------:|:---------------------:|:---------------------:|:----------------------------:|
| iv_499-iv_501 | 1971 | 4326 | 43 | 66 |
| iv_498-iv_503 | 1919 | 4417 | 43 | 67 |
| iv_498-iv_505 | 1995 | 4318 | 40 | 71 |
| iv_500-iv_505 | 1996 | 4418 | 39 | 75 |
| iv_498-iv_501 | 1980 | 4314 | 34 | 76 |
| iv_500-iv_501 | 2055 | 4266 | 35 | 76 |
| iv_498-iv_506 | 1921 | 4392 | 43 | 76 |
| iv_499-iv_505 | 2019 | 4264 | 41 | 77 |
| iv_497-iv_505 | 2063 | 4337 | 45 | 77 |
| iv_497-iv_500 | 2000 | 4375 | 44 | 78 |

## Output Bits

### Output Bits in Regular Order

| Rank | Output Bit | Complexity |
|:----:|:----------:|:----------:|
| 1 | ov_001 | 1.1356224090770853 × 10^303 |
| 2 | ov_002 | 9.8815191655105 × 10^302 |
| 3 | ov_003 | 8.557607737814186 × 10^302 |
| 4 | ov_004 | 7.37317723008918 × 10^302 |
| 5 | ov_005 | 6.317535798314771 × 10^302 |
| 6 | ov_006 | 5.3805678231131576 × 10^302 |
| 7 | ov_007 | 4.552695190409002 × 10^302 |
| 8 | ov_008 | 3.8248439989839273 × 10^302 |
| 9 | ov_009 | 3.1884162444979196 × 10^302 |
| 10 | ov_010 | 2.635265947049662 × 10^302 |
| 11 | ov_011 | 2.157679183334733 × 10^302 |
| 12 | ov_012 | 1.7483575153573188 × 10^302 |
| 13 | ov_013 | 1.4004043640955298 × 10^302 |
| 14 | ov_014 | 1.1073139586441038 × 10^302 |
| 15 | ov_015 | 8.629625208394011 × 10^301 |
| 16 | ov_016 | 6.616013222957696 × 10^301 |
| 17 | ov_017 | 4.978512536462491 × 10^301 |
| 18 | ov_018 | 3.666985917568582 × 10^301 |
| 19 | ov_019 | 2.6349172900205975 × 10^301 |
| 20 | ov_020 | 1.8393870157100873 × 10^301 |
| 21 | ov_021 | 1.2410538701361597 × 10^301 |
| 22 | ov_022 | 8.041424558291482 × 10^300 |
| 23 | ov_023 | 4.964347430229765 × 10^300 |
| 24 | ov_024 | 2.8926456984318027 × 10^300 |
| 25 | ov_025 | 1.575142765469539 × 10^300 |
| 26 | ov_026 | 7.961286155614663 × 10^299 |
| 27 | ov_027 | 3.7535113744020826 × 10^299 |
| 28 | ov_028 | 1.6801270260053295 × 10^299 |
| 29 | ov_029 | 6.476906375939936 × 10^298 |
| 30 | ov_030 | 1.9811385371807132 × 10^298 |
| 31 | ov_031 | 3.867163638217987 × 10^297 |
| 32 | lv_80_m31 | 7.54814792511719 × 10^296 |
| 33 | ov_033 | 9.084902666874857 × 10^297 |
| 34 | ov_034 | 7.894704322024285 × 10^297 |
| 35 | ov_035 | 6.829696847754749 × 10^297 |
| 36 | ov_036 | 5.878583902453137 × 10^297 |
| 37 | ov_037 | 5.030679434508402 × 10^297 |
| 38 | ov_038 | 4.2758646419369354 × 10^297 |
| 39 | ov_039 | 3.604550773801903 × 10^297 |
| 40 | ov_040 | 3.012071664818931 × 10^297 |
| 41 | ov_041 | 2.4940028658892285 × 10^297 |
| 42 | ov_042 | 2.0461491879973586 × 10^297 |
| 43 | ov_043 | 1.6645342497230487 × 10^297 |
| 44 | ov_044 | 1.3418285461166047 × 10^297 |
| 45 | ov_045 | 1.0711028023814228 × 10^297 |
| 46 | ov_046 | 8.458175826356736 × 10^296 |
| 47 | ov_047 | 6.598150373797552 × 10^296 |
| 48 | ov_048 | 5.073124454298981 × 10^296 |
| 49 | ov_049 | 3.855115228148343 × 10^296 |
| 50 | ov_050 | 2.8936604188299877 × 10^296 |
| 51 | ov_051 | 2.1419325276858184 × 10^296 |
| 52 | ov_052 | 1.556717540304424 × 10^296 |
| 53 | ov_053 | 1.0983997384489194 × 10^296 |
| 54 | ov_054 | 7.480692863426737 × 10^295 |
| 55 | ov_055 | 4.88608410044609 × 10^295 |
| 56 | ov_056 | 3.046889705414207 × 10^295 |
| 57 | ov_057 | 1.827710141745557 × 10^295 |
| 58 | ov_058 | 1.011362651589809 × 10^295 |
| 59 | ov_059 | 4.981904625652392 × 10^294 |
| 60 | ov_060 | 2.0640403659365992 × 10^294 |
| 61 | ov_061 | 7.208035283969869 × 10^293 |
| 62 | ov_062 | 1.9767746495875677 × 10^293 |
| 63 | ov_063 | 3.8516764634812187 × 10^292 |
| 64 | lv_79_m31 | 7.503072018506296 × 10^291 |
| 65 | ov_065 | 8.92916717903461 × 10^292 |
| 66 | ov_066 | 8.929142129031171 × 10^292 |
| 67 | ov_067 | 8.929136152125583 × 10^292 |
| 68 | ov_068 | 7.724557013401511 × 10^292 |
| 69 | ov_069 | 6.647415464363117 × 10^292 |
| 70 | ov_070 | 5.688165448445882 × 10^292 |
| 71 | ov_071 | 4.837717792919563 × 10^292 |
| 72 | ov_072 | 4.0874105908763255 × 10^292 |
| 73 | ov_073 | 3.4289854200389025 × 10^292 |
| 74 | ov_074 | 2.854568557694655 × 10^292 |
| 75 | ov_075 | 2.356656395365182 × 10^292 |
| 76 | ov_076 | 1.9281042994744077 × 10^292 |
| 77 | ov_077 | 1.5621182055796382 × 10^292 |
| 78 | ov_078 | 1.252248273938319 × 10^292 |
| 79 | ov_079 | 9.923839735188213 × 10^291 |
| 80 | ov_080 | 7.767500626599579 × 10^291 |
| 81 | ov_081 | 5.999031553871744 × 10^291 |
| 82 | ov_082 | 4.56728768845545 × 10^291 |
| 83 | ov_083 | 3.4243881467933544 × 10^291 |
| 84 | ov_084 | 2.5256949735694953 × 10^291 |
| 85 | ov_085 | 1.8297958255661646 × 10^291 |
| 86 | ov_086 | 1.2984899880450565 × 10^291 |
| 87 | ov_087 | 8.967773560500347 × 10^290 |
| 88 | ov_088 | 5.928500133216201 × 10^290 |
| 89 | ov_089 | 3.716011471442619 × 10^290 |
| 90 | ov_090 | 2.1951565205652835 × 10^290 |
| 91 | ov_091 | 1.2466838623567292 × 10^290 |
| 92 | ov_092 | 6.797508446477988 × 10^289 |
| 93 | ov_093 | 3.352771218570885 × 10^289 |
| 94 | ov_094 | 1.4166234729638288 × 10^289 |
| 95 | aaa_78_28 | 4.3184601007347075 × 10^288 |
| 96 | aaa_78_29 | 1.299531894483418 × 10^288 |
| 97 | ov_097 | 6.6878622874896346 × 10^287 |
| 98 | ov_098 | 6.687801929659831 × 10^287 |
| 99 | ov_099 | 6.687782665644158 × 10^287 |
| 100 | ov_100 | 5.54986460407686 × 10^287 |
| 101 | ov_101 | 4.568608585717564 × 10^287 |
| 102 | ov_102 | 3.72907702400826 × 10^287 |
| 103 | ov_103 | 3.0171483566254662 × 10^287 |
| 104 | ov_104 | 2.4194577977620405 × 10^287 |
| 105 | ov_105 | 1.9233459242217225 × 10^287 |
| 106 | ov_106 | 1.5168143632501927 × 10^287 |
| 107 | ov_107 | 1.1884878878337572 × 10^287 |
| 108 | ov_108 | 9.275822616818583 × 10^286 |
| 109 | ov_109 | 7.238772115294133 × 10^286 |
| 110 | ov_110 | 5.676939389676812 × 10^286 |
| 111 | ov_111 | 4.49876617923811 × 10^286 |
| 112 | ov_112 | 3.6177735731700703 × 10^286 |
| 113 | ov_113 | 2.9524414145482555 × 10^286 |
| 114 | ov_114 | 2.426112935021644 × 10^286 |
| 115 | ov_115 | 1.966920399385169 × 10^286 |
| 116 | ov_116 | 1.5701757171365078 × 10^286 |
| 117 | ov_117 | 1.2312238613386837 × 10^286 |
| 118 | ov_118 | 9.454341613387057 × 10^285 |
| 119 | ov_119 | 7.081929781128788 × 10^285 |
| 120 | ov_120 | 5.1489782566962705 × 10^285 |
| 121 | ov_121 | 3.6095318638853645 × 10^285 |
| 122 | ov_122 | 2.4176781876812854 × 10^285 |
| 123 | ov_123 | 1.527529872448168 × 10^285 |
| 124 | ov_124 | 8.932126845926272 × 10^284 |
| 125 | ov_125 | 4.688581197972932 × 10^284 |
| 126 | ov_126 | 2.0859963338092487 × 10^284 |
| 127 | aaa_77_28 | 6.657119388991891 × 10^283 |
| 128 | aaa_77_29 | 2.493542532941709 × 10^283 |
| 129 | ov_129 | 2.2990683238511514 × 10^283 |
| 130 | ov_130 | 2.2990613711677363 × 10^283 |
| 131 | ov_131 | 2.2990596915856503 × 10^283 |
| 132 | ov_132 | 1.989746999535224 × 10^283 |
| 133 | ov_133 | 1.7132416399959227 × 10^283 |
| 134 | ov_134 | 1.4670299704836327 × 10^283 |
| 135 | ov_135 | 1.2487319859439336 × 10^283 |
| 136 | ov_136 | 1.0560918292005996 × 10^283 |
| 137 | ov_137 | 8.869696498547628 × 10^282 |
| 138 | ov_138 | 7.393346770293391 × 10^282 |
| 139 | ov_139 | 6.112593782470552 × 10^282 |
| 140 | ov_140 | 5.009145834229047 × 10^282 |
| 141 | ov_141 | 4.065654594868183 × 10^282 |
| 142 | ov_142 | 3.265682275667718 × 10^282 |
| 143 | ov_143 | 2.5936752098728965 × 10^282 |
| 144 | ov_144 | 2.034942885982274 × 10^282 |
| 145 | ov_145 | 1.5756415897017844 × 10^282 |
| 146 | ov_146 | 1.2027619678961371 × 10^282 |
| 147 | ov_147 | 9.041198894616988 × 10^281 |
| 148 | ov_148 | 6.683499433385336 × 10^281 |
| 149 | ov_149 | 4.849009271553161 × 10^281 |
| 150 | ov_150 | 3.44032770212136 × 10^281 |
| 151 | ov_151 | 2.368144786922018 × 10^281 |
| 152 | ov_152 | 1.551228236787976 × 10^281 |
| 153 | ov_153 | 9.509800713569066 × 10^280 |
| 154 | ov_154 | 5.328357783642335 × 10^280 |
| 155 | ov_155 | 2.6626272438735647 × 10^280 |
| 156 | aaa_76_25 | 1.0228815927363513 × 10^280 |
| 157 | aaa_76_26 | 5.904265043520642 × 10^279 |
| 158 | aaa_76_27 | 3.020790925358565 × 10^279 |
| 159 | aaa_76_28 | 1.175382839479126 × 10^279 |
| 160 | aaa_76_29 | 3.572202179791269 × 10^278 |

### Output Bits Sorted by Complexity

| Rank | Output Bit | Complexity |
|:----:|:----------:|:----------:|
| 160 | aaa_76_29 | 3.572202179791269 × 10^278 |
| 159 | aaa_76_28 | 1.175382839479126 × 10^279 |
| 158 | aaa_76_27 | 3.020790925358565 × 10^279 |
| 157 | aaa_76_26 | 5.904265043520642 × 10^279 |
| 156 | aaa_76_25 | 1.0228815927363513 × 10^280 |
| 155 | ov_155 | 2.6626272438735647 × 10^280 |
| 154 | ov_154 | 5.328357783642335 × 10^280 |
| 153 | ov_153 | 9.509800713569066 × 10^280 |
| 152 | ov_152 | 1.551228236787976 × 10^281 |
| 151 | ov_151 | 2.368144786922018 × 10^281 |
| 150 | ov_150 | 3.44032770212136 × 10^281 |
| 149 | ov_149 | 4.849009271553161 × 10^281 |
| 148 | ov_148 | 6.683499433385336 × 10^281 |
| 147 | ov_147 | 9.041198894616988 × 10^281 |
| 146 | ov_146 | 1.2027619678961371 × 10^282 |
| 145 | ov_145 | 1.5756415897017844 × 10^282 |
| 144 | ov_144 | 2.034942885982274 × 10^282 |
| 143 | ov_143 | 2.5936752098728965 × 10^282 |
| 142 | ov_142 | 3.265682275667718 × 10^282 |
| 141 | ov_141 | 4.065654594868183 × 10^282 |
| 140 | ov_140 | 5.009145834229047 × 10^282 |
| 139 | ov_139 | 6.112593782470552 × 10^282 |
| 138 | ov_138 | 7.393346770293391 × 10^282 |
| 137 | ov_137 | 8.869696498547628 × 10^282 |
| 136 | ov_136 | 1.0560918292005996 × 10^283 |
| 135 | ov_135 | 1.2487319859439336 × 10^283 |
| 134 | ov_134 | 1.4670299704836327 × 10^283 |
| 133 | ov_133 | 1.7132416399959227 × 10^283 |
| 132 | ov_132 | 1.989746999535224 × 10^283 |
| 131 | ov_131 | 2.2990596915856503 × 10^283 |
| 130 | ov_130 | 2.2990613711677363 × 10^283 |
| 129 | ov_129 | 2.2990683238511514 × 10^283 |
| 128 | aaa_77_29 | 2.493542532941709 × 10^283 |
| 127 | aaa_77_28 | 6.657119388991891 × 10^283 |
| 126 | ov_126 | 2.0859963338092487 × 10^284 |
| 125 | ov_125 | 4.688581197972932 × 10^284 |
| 124 | ov_124 | 8.932126845926272 × 10^284 |
| 123 | ov_123 | 1.527529872448168 × 10^285 |
| 122 | ov_122 | 2.4176781876812854 × 10^285 |
| 121 | ov_121 | 3.6095318638853645 × 10^285 |
| 120 | ov_120 | 5.1489782566962705 × 10^285 |
| 119 | ov_119 | 7.081929781128788 × 10^285 |
| 118 | ov_118 | 9.454341613387057 × 10^285 |
| 117 | ov_117 | 1.2312238613386837 × 10^286 |
| 116 | ov_116 | 1.5701757171365078 × 10^286 |
| 115 | ov_115 | 1.966920399385169 × 10^286 |
| 114 | ov_114 | 2.426112935021644 × 10^286 |
| 113 | ov_113 | 2.9524414145482555 × 10^286 |
| 112 | ov_112 | 3.6177735731700703 × 10^286 |
| 111 | ov_111 | 4.49876617923811 × 10^286 |
| 110 | ov_110 | 5.676939389676812 × 10^286 |
| 109 | ov_109 | 7.238772115294133 × 10^286 |
| 108 | ov_108 | 9.275822616818583 × 10^286 |
| 107 | ov_107 | 1.1884878878337572 × 10^287 |
| 106 | ov_106 | 1.5168143632501927 × 10^287 |
| 105 | ov_105 | 1.9233459242217225 × 10^287 |
| 104 | ov_104 | 2.4194577977620405 × 10^287 |
| 103 | ov_103 | 3.0171483566254662 × 10^287 |
| 102 | ov_102 | 3.72907702400826 × 10^287 |
| 101 | ov_101 | 4.568608585717564 × 10^287 |
| 100 | ov_100 | 5.54986460407686 × 10^287 |
| 99 | ov_099 | 6.687782665644158 × 10^287 |
| 98 | ov_098 | 6.687801929659831 × 10^287 |
| 97 | ov_097 | 6.6878622874896346 × 10^287 |
| 96 | aaa_78_29 | 1.299531894483418 × 10^288 |
| 95 | aaa_78_28 | 4.3184601007347075 × 10^288 |
| 94 | ov_094 | 1.4166234729638288 × 10^289 |
| 93 | ov_093 | 3.352771218570885 × 10^289 |
| 92 | ov_092 | 6.797508446477988 × 10^289 |
| 91 | ov_091 | 1.2466838623567292 × 10^290 |
| 90 | ov_090 | 2.1951565205652835 × 10^290 |
| 89 | ov_089 | 3.716011471442619 × 10^290 |
| 88 | ov_088 | 5.928500133216201 × 10^290 |
| 87 | ov_087 | 8.967773560500347 × 10^290 |
| 86 | ov_086 | 1.2984899880450565 × 10^291 |
| 85 | ov_085 | 1.8297958255661646 × 10^291 |
| 84 | ov_084 | 2.5256949735694953 × 10^291 |
| 83 | ov_083 | 3.4243881467933544 × 10^291 |
| 82 | ov_082 | 4.56728768845545 × 10^291 |
| 81 | ov_081 | 5.999031553871744 × 10^291 |
| 64 | lv_79_m31 | 7.503072018506296 × 10^291 |
| 80 | ov_080 | 7.767500626599579 × 10^291 |
| 79 | ov_079 | 9.923839735188213 × 10^291 |
| 78 | ov_078 | 1.252248273938319 × 10^292 |
| 77 | ov_077 | 1.5621182055796382 × 10^292 |
| 76 | ov_076 | 1.9281042994744077 × 10^292 |
| 75 | ov_075 | 2.356656395365182 × 10^292 |
| 74 | ov_074 | 2.854568557694655 × 10^292 |
| 73 | ov_073 | 3.4289854200389025 × 10^292 |
| 63 | ov_063 | 3.8516764634812187 × 10^292 |
| 72 | ov_072 | 4.0874105908763255 × 10^292 |
| 71 | ov_071 | 4.837717792919563 × 10^292 |
| 70 | ov_070 | 5.688165448445882 × 10^292 |
| 69 | ov_069 | 6.647415464363117 × 10^292 |
| 68 | ov_068 | 7.724557013401511 × 10^292 |
| 67 | ov_067 | 8.929136152125583 × 10^292 |
| 66 | ov_066 | 8.929142129031171 × 10^292 |
| 65 | ov_065 | 8.92916717903461 × 10^292 |
| 62 | ov_062 | 1.9767746495875677 × 10^293 |
| 61 | ov_061 | 7.208035283969869 × 10^293 |
| 60 | ov_060 | 2.0640403659365992 × 10^294 |
| 59 | ov_059 | 4.981904625652392 × 10^294 |
| 58 | ov_058 | 1.011362651589809 × 10^295 |
| 57 | ov_057 | 1.827710141745557 × 10^295 |
| 56 | ov_056 | 3.046889705414207 × 10^295 |
| 55 | ov_055 | 4.88608410044609 × 10^295 |
| 54 | ov_054 | 7.480692863426737 × 10^295 |
| 53 | ov_053 | 1.0983997384489194 × 10^296 |
| 52 | ov_052 | 1.556717540304424 × 10^296 |
| 51 | ov_051 | 2.1419325276858184 × 10^296 |
| 50 | ov_050 | 2.8936604188299877 × 10^296 |
| 49 | ov_049 | 3.855115228148343 × 10^296 |
| 48 | ov_048 | 5.073124454298981 × 10^296 |
| 47 | ov_047 | 6.598150373797552 × 10^296 |
| 32 | lv_80_m31 | 7.54814792511719 × 10^296 |
| 46 | ov_046 | 8.458175826356736 × 10^296 |
| 45 | ov_045 | 1.0711028023814228 × 10^297 |
| 44 | ov_044 | 1.3418285461166047 × 10^297 |
| 43 | ov_043 | 1.6645342497230487 × 10^297 |
| 42 | ov_042 | 2.0461491879973586 × 10^297 |
| 41 | ov_041 | 2.4940028658892285 × 10^297 |
| 40 | ov_040 | 3.012071664818931 × 10^297 |
| 39 | ov_039 | 3.604550773801903 × 10^297 |
| 31 | ov_031 | 3.867163638217987 × 10^297 |
| 38 | ov_038 | 4.2758646419369354 × 10^297 |
| 37 | ov_037 | 5.030679434508402 × 10^297 |
| 36 | ov_036 | 5.878583902453137 × 10^297 |
| 35 | ov_035 | 6.829696847754749 × 10^297 |
| 34 | ov_034 | 7.894704322024285 × 10^297 |
| 33 | ov_033 | 9.084902666874857 × 10^297 |
| 30 | ov_030 | 1.9811385371807132 × 10^298 |
| 29 | ov_029 | 6.476906375939936 × 10^298 |
| 28 | ov_028 | 1.6801270260053295 × 10^299 |
| 27 | ov_027 | 3.7535113744020826 × 10^299 |
| 26 | ov_026 | 7.961286155614663 × 10^299 |
| 25 | ov_025 | 1.575142765469539 × 10^300 |
| 24 | ov_024 | 2.8926456984318027 × 10^300 |
| 23 | ov_023 | 4.964347430229765 × 10^300 |
| 22 | ov_022 | 8.041424558291482 × 10^300 |
| 21 | ov_021 | 1.2410538701361597 × 10^301 |
| 20 | ov_020 | 1.8393870157100873 × 10^301 |
| 19 | ov_019 | 2.6349172900205975 × 10^301 |
| 18 | ov_018 | 3.666985917568582 × 10^301 |
| 17 | ov_017 | 4.978512536462491 × 10^301 |
| 16 | ov_016 | 6.616013222957696 × 10^301 |
| 15 | ov_015 | 8.629625208394011 × 10^301 |
| 14 | ov_014 | 1.1073139586441038 × 10^302 |
| 13 | ov_013 | 1.4004043640955298 × 10^302 |
| 12 | ov_012 | 1.7483575153573188 × 10^302 |
| 11 | ov_011 | 2.157679183334733 × 10^302 |
| 10 | ov_010 | 2.635265947049662 × 10^302 |
| 9 | ov_009 | 3.1884162444979196 × 10^302 |
| 8 | ov_008 | 3.8248439989839273 × 10^302 |
| 7 | ov_007 | 4.552695190409002 × 10^302 |
| 6 | ov_006 | 5.3805678231131576 × 10^302 |
| 5 | ov_005 | 6.317535798314771 × 10^302 |
| 4 | ov_004 | 7.37317723008918 × 10^302 |
| 3 | ov_003 | 8.557607737814186 × 10^302 |
| 2 | ov_002 | 9.8815191655105 × 10^302 |
| 1 | ov_001 | 1.1356224090770853 × 10^303 |

