# Results for F001-F002-F003-F004-F005-F006-F007-F008-F009-F010-F011-F012-F013-F014-F015-F016-F017-F018-F019-F020-F021-F022-F023-F024-F025-F026-F027-F028-F029-F030-F031-F032-F033-F034-F035-F036-F037-F038-F039-F040-F041-F042-F043-F044-F045-F046-F047-F048-F049-F050-F051-F052-F053-F054-F055-F056-F057-F058-F059-F060-F061-F062-F063-F064-F065-F066-F067-F068-F069-F070-F071-F072-F073-F074-F075-F076-F077-F078-F079-F080-F081-F082-F083-F084-F085-F086-F087-F088-F089-F090-F091-F092-F093-F094-F095-F096-F097-F098-F099-F100-F101-F102-F103-F104-F105-F106-F107-F108-F109-F110-F111-F112-F113-F114-F115-F116-F117-F118-F119-F120-F121-F122-F123-F124-F125-F126-F127-F128-F129-F130-F131-F132-F133-F134-F135-F136-F137-F138-F139-F140-F141-F142-F143-F144-F145-F146-F147-F148-F149-F150-F151-F152-F153-F154-F155-F156-F157-F158-F159-F160-F161-F162-F163-F164-F165-F166-F167-F168-F169-F170-F171-F172-F173-F174-F175-F176-F177-F178-F179-F180-F181-F182-F183-F184-F185-F186-F187-F188-F189-F190-F191-F192-F193-F194-F195-F196-F197-F198-F199-F200-F201-F202-F203-F204-F205-F206-F207-F208-F209-F210-F211-F212-F213-F214-F215-F216-F217-F218-F219-F220-F221-F222-F223-F224-F225-F226-F227-F228-F229-F230-F231-F232-F233-F234-F235-F236-F237-F238-F239-F240-F241-F242-F243-F244-F245-F246-F247-F248-F249-F250-F251-F252-F253-F254-F255-F256-F257-F258-F259-F260-F261-F262-F263-F264-F265-F266-F267-F268-F269-F270-F271-F272-F273-F274-F275-F276-F277-F278-F279-F280-F281-F282-F283-F284-F285-F286-F287-F288-F289-F290-F291-F292-F293-F294-F295-F296-F297-F298-F299-F300-F301-F302-F303-F304-F305-F306-F307-F308-F309-F310-F311-F312-F313-F314-F315-F316-F317-F318-F319-F320-F321-F322-F323-F324-F325-F326-F327-F328-F329-F330-F331-F332-F333-F334-F335-F336-F337-F338-F339-F340-F341-F342-F343-F344-F345-F346-F347-F348-F349-F350-F351-F352-F353-F354-F355-F356-F357-F358-F359-F360-F361-F362-F363-F364-F365-F366-F367-F368-F369-F370-F371-F372-F373-F374-F375-F376-F377-F378-F379-F380-F381-F382-F383-F384-F385-F386-F387-F388-F389-F390-F391-F392-F393-F394-F395-F396-F397-F398-F399-F400-F401-F402-F403-F404-F405-F406-F407-F408-F409-F410-F411-F412-F413-F414-F415-F416-F417-F418-F419-F420-F421-F422-F423-F424-F425-F426-F427-F428-F429-F430-F431-F432-F433-F434-F435-F436-F437-F438-F439-F440-F441-F442-F443-F444-F445-F446-F447-F448-F449-F450-F451-F452-F453-F454-F455-F456-F457-F458-F459-F460-F461-F462-F463-F464-F465-F466-F467-F468-F469-F470-F471-F472-F473-F474-F475-F476-F477-F478-F479-F480-F481-F482-F483-F484-F485-F486-F487-F488-F489-F490-F491-F492-F493-F494-F495-F496-E498503-O500505-F509-F510-F511-F512

## Summary

Number of input bits: 512  
Number of free input bits: 10  
Number of output bits: 160

Number of direct occurrences: 40349  
Number of assignments: 31096  
Number of operations: 10862593
(xor: 10834514,
and: 14792,
or: 13287)

Total complexity: 2.1731359378639143 × 10^298

Least occurring input variable: iv_502 (3784)  
Most occurring input variable: iv_500 (4251)

Most co-occurring input variables: iv_497-iv_507 (2020)  
Least co-occurring input variables: iv_499-iv_502 (1710)

Potentially most occurring input variable: iv_497/iv_498 (4490)  
Potentially least occurring input variable: iv_504/iv_506 (4106)

Least output occurring input variable: iv_498 (68)  
Most output occurring input variable: iv_497 (93)

Most output co-occurring input variables: iv_497-iv_506 (51)  
Least output co-occurring input variables: iv_498-iv_504 (26)

Potentially most output occurring input variable: iv_497/iv_498 (93)  
Potentially least output occurring input variable: iv_498/iv_500 (64)

Least complex input bit: iv_497 (7.712634208703997 × 10^295)  
Most complex input bit: iv_500 (5.0273601040470526 × 10^297)

Least complex output bit: aaa_76_29 (4.9461643614533864 × 10^273)  
Most complex output bit: ov_001 (3.476117986403892 × 10^297)

Least complex input/output complexity: iv_497/aaa_76_29 (1.7554335093052462 × 10^271)  
Most complex input/output complexity: iv_500/ov_001 (8.041695219023002 × 10^296)

## Input Bits

### Input Bits in Regular Order

| Input Bit | Complexity | Occurrences | Output Occurrences |
|:---------:|:----------:|:-----------:|:------------------:|
| iv_497 | 7.712634208703997 × 10^295 | 4101 | 93 |
| iv_498 | 2.0823876921520343 × 10^297 | 4225 | 68 |
| iv_499 | 2.725390282157887 × 10^296 | 3861 | 72 |
| iv_500 | 5.0273601040470526 × 10^297 | 4251 | 82 |
| iv_501 | 7.551563571904466 × 10^296 | 4047 | 83 |
| iv_502 | 1.2173843141671736 × 10^297 | 3784 | 71 |
| iv_504 | 2.9944518655182985 × 10^297 | 3886 | 71 |
| iv_506 | 2.2851047646119144 × 10^297 | 3928 | 81 |
| iv_507 | 3.251662519616086 × 10^297 | 4145 | 76 |
| iv_508 | 3.768186391033302 × 10^297 | 4121 | 78 |

### Input Bits Sorted by Complexity

| Input Bit | Complexity | Occurrences | Output Occurrences |
|:---------:|:----------:|:-----------:|:------------------:|
| iv_497 | 7.712634208703997 × 10^295 | 4101 | 93 |
| iv_499 | 2.725390282157887 × 10^296 | 3861 | 72 |
| iv_501 | 7.551563571904466 × 10^296 | 4047 | 83 |
| iv_502 | 1.2173843141671736 × 10^297 | 3784 | 71 |
| iv_498 | 2.0823876921520343 × 10^297 | 4225 | 68 |
| iv_506 | 2.2851047646119144 × 10^297 | 3928 | 81 |
| iv_504 | 2.9944518655182985 × 10^297 | 3886 | 71 |
| iv_507 | 3.251662519616086 × 10^297 | 4145 | 76 |
| iv_508 | 3.768186391033302 × 10^297 | 4121 | 78 |
| iv_500 | 5.0273601040470526 × 10^297 | 4251 | 82 |

### Input Bits Sorted by Occurrences

| Input Bit | Complexity | Occurrences | Output Occurrences |
|:---------:|:----------:|:-----------:|:------------------:|
| iv_502 | 1.2173843141671736 × 10^297 | 3784 | 71 |
| iv_499 | 2.725390282157887 × 10^296 | 3861 | 72 |
| iv_504 | 2.9944518655182985 × 10^297 | 3886 | 71 |
| iv_506 | 2.2851047646119144 × 10^297 | 3928 | 81 |
| iv_501 | 7.551563571904466 × 10^296 | 4047 | 83 |
| iv_497 | 7.712634208703997 × 10^295 | 4101 | 93 |
| iv_508 | 3.768186391033302 × 10^297 | 4121 | 78 |
| iv_507 | 3.251662519616086 × 10^297 | 4145 | 76 |
| iv_498 | 2.0823876921520343 × 10^297 | 4225 | 68 |
| iv_500 | 5.0273601040470526 × 10^297 | 4251 | 82 |

### Input Bits Sorted by Output Occurrences

| Input Bit | Complexity | Occurrences | Output Occurrences |
|:---------:|:----------:|:-----------:|:------------------:|
| iv_498 | 2.0823876921520343 × 10^297 | 4225 | 68 |
| iv_502 | 1.2173843141671736 × 10^297 | 3784 | 71 |
| iv_504 | 2.9944518655182985 × 10^297 | 3886 | 71 |
| iv_499 | 2.725390282157887 × 10^296 | 3861 | 72 |
| iv_507 | 3.251662519616086 × 10^297 | 4145 | 76 |
| iv_508 | 3.768186391033302 × 10^297 | 4121 | 78 |
| iv_506 | 2.2851047646119144 × 10^297 | 3928 | 81 |
| iv_500 | 5.0273601040470526 × 10^297 | 4251 | 82 |
| iv_501 | 7.551563571904466 × 10^296 | 4047 | 83 |
| iv_497 | 7.712634208703997 × 10^295 | 4101 | 93 |

## Input Bit Co-occurrences

### Input Bit Co-occurrences Sorted by Co-occurrences

| Input Bits | Co-occurrences | Potential Occurrences | Output Co-occurrences | Potential Output Occurrences |
|:----------:|:--------------:|:---------------------:|:---------------------:|:----------------------------:|
| iv_497-iv_507 | 2020 | 4206 | 44 | 81 |
| iv_497-iv_500 | 2014 | 4324 | 45 | 85 |
| iv_498-iv_500 | 2013 | 4450 | 43 | 64 |
| iv_500-iv_507 | 2013 | 4370 | 34 | 90 |
| iv_500-iv_501 | 2001 | 4296 | 42 | 81 |
| iv_498-iv_501 | 2001 | 4270 | 34 | 83 |
| iv_497-iv_501 | 1985 | 4178 | 48 | 80 |
| iv_500-iv_508 | 1975 | 4422 | 39 | 82 |
| iv_498-iv_508 | 1970 | 4406 | 35 | 76 |
| iv_506-iv_507 | 1966 | 4141 | 39 | 79 |

### Input Bit Co-occurrences Sorted by Potential Occurrences

| Input Bits | Co-occurrences | Potential Occurrences | Output Co-occurrences | Potential Output Occurrences |
|:----------:|:--------------:|:---------------------:|:---------------------:|:----------------------------:|
| iv_504-iv_506 | 1854 | 4106 | 38 | 76 |
| iv_499-iv_504 | 1817 | 4113 | 30 | 83 |
| iv_506-iv_507 | 1966 | 4141 | 39 | 79 |
| iv_497-iv_504 | 1912 | 4163 | 44 | 76 |
| iv_497-iv_501 | 1985 | 4178 | 48 | 80 |
| iv_502-iv_504 | 1745 | 4180 | 33 | 76 |
| iv_502-iv_506 | 1765 | 4182 | 38 | 76 |
| iv_499-iv_508 | 1899 | 4184 | 37 | 76 |
| iv_499-iv_501 | 1860 | 4188 | 33 | 89 |
| iv_497-iv_502 | 1846 | 4193 | 40 | 84 |

### Input Bit Output Co-occurrences Sorted by Output Co-occurrences

| Input Bits | Co-occurrences | Potential Occurrences | Output Co-occurrences | Potential Output Occurrences |
|:----------:|:--------------:|:---------------------:|:---------------------:|:----------------------------:|
| iv_497-iv_506 | 1918 | 4193 | 51 | 72 |
| iv_497-iv_501 | 1985 | 4178 | 48 | 80 |
| iv_497-iv_500 | 2014 | 4324 | 45 | 85 |
| iv_497-iv_504 | 1912 | 4163 | 44 | 76 |
| iv_497-iv_507 | 2020 | 4206 | 44 | 81 |
| iv_497-iv_508 | 1910 | 4402 | 44 | 83 |
| iv_501-iv_508 | 1916 | 4336 | 43 | 75 |
| iv_498-iv_500 | 2013 | 4450 | 43 | 64 |
| iv_501-iv_506 | 1850 | 4275 | 43 | 78 |
| iv_500-iv_501 | 2001 | 4296 | 42 | 81 |

### Input Bit Output Co-occurrences Sorted by Potential Output Occurrences

| Input Bits | Co-occurrences | Potential Occurrences | Output Co-occurrences | Potential Output Occurrences |
|:----------:|:--------------:|:---------------------:|:---------------------:|:----------------------------:|
| iv_498-iv_500 | 2013 | 4450 | 43 | 64 |
| iv_497-iv_506 | 1918 | 4193 | 51 | 72 |
| iv_499-iv_500 | 1934 | 4244 | 41 | 72 |
| iv_499-iv_507 | 1889 | 4228 | 38 | 72 |
| iv_498-iv_499 | 1881 | 4324 | 33 | 74 |
| iv_498-iv_507 | 1944 | 4482 | 35 | 74 |
| iv_501-iv_508 | 1916 | 4336 | 43 | 75 |
| iv_502-iv_507 | 1857 | 4215 | 36 | 75 |
| iv_502-iv_504 | 1745 | 4180 | 33 | 76 |
| iv_497-iv_504 | 1912 | 4163 | 44 | 76 |

## Output Bits

### Output Bits in Regular Order

| Rank | Output Bit | Complexity |
|:----:|:----------:|:----------:|
| 1 | ov_001 | 3.476117986403892 × 10^297 |
| 2 | ov_002 | 3.01457670662892 × 10^297 |
| 3 | ov_003 | 2.6011217531011158 × 10^297 |
| 4 | ov_004 | 2.232109535009511 × 10^297 |
| 5 | ov_005 | 1.9040951264615128 × 10^297 |
| 6 | ov_006 | 1.6138181010679645 × 10^297 |
| 7 | ov_007 | 1.3581901954240268 × 10^297 |
| 8 | ov_008 | 1.1342846826494374 × 10^297 |
| 9 | ov_009 | 9.393273236632076 × 10^296 |
| 10 | ov_010 | 7.70688739595171 × 10^296 |
| 11 | ov_011 | 6.258780469364983 × 10^296 |
| 12 | ov_012 | 5.025376060791567 × 10^296 |
| 13 | ov_013 | 3.984387427726925 × 10^296 |
| 14 | ov_014 | 3.11478310774615 × 10^296 |
| 15 | ov_015 | 2.396759726202893 × 10^296 |
| 16 | ov_016 | 1.8117208401535344 × 10^296 |
| 17 | ov_017 | 1.34226075878361 × 10^296 |
| 18 | ov_018 | 9.721523654868613 × 10^295 |
| 19 | ov_019 | 6.863380513581884 × 10^295 |
| 20 | ov_020 | 4.709229941189121 × 10^295 |
| 21 | ov_021 | 3.131702150228792 × 10^295 |
| 22 | ov_022 | 2.0149702896359218 × 10^295 |
| 23 | ov_023 | 1.2547259019531493 × 10^295 |
| 24 | ov_024 | 7.581627816620627 × 10^294 |
| 25 | ov_025 | 4.439671003791911 × 10^294 |
| 26 | ov_026 | 2.4231199910916155 × 10^294 |
| 27 | ov_027 | 1.2115534155756385 × 10^294 |
| 28 | ov_028 | 5.419683095568658 × 10^293 |
| 29 | ov_029 | 2.087775449211162 × 10^293 |
| 30 | ov_030 | 6.380916331809199 × 10^292 |
| 31 | ov_031 | 1.2442702493523023 × 10^292 |
| 32 | lv_80_m31 | 2.4259019045100338 × 10^291 |
| 33 | ov_033 | 2.9066511318604343 × 10^292 |
| 34 | ov_034 | 2.5202972527661314 × 10^292 |
| 35 | ov_035 | 2.1746777805094515 × 10^292 |
| 36 | ov_036 | 1.8664803966044058 × 10^292 |
| 37 | ov_037 | 1.5925709091361525 × 10^292 |
| 38 | ov_038 | 1.3499807186647562 × 10^292 |
| 39 | ov_039 | 1.1358959986953417 × 10^292 |
| 40 | ov_040 | 9.476484223342129 × 10^291 |
| 41 | ov_041 | 7.827072770250314 × 10^291 |
| 42 | ov_042 | 6.398407063862942 × 10^291 |
| 43 | ov_043 | 5.178808230313895 × 10^291 |
| 44 | ov_044 | 4.1467415636420086 × 10^291 |
| 45 | ov_045 | 3.2818435920948414 × 10^291 |
| 46 | ov_046 | 2.5648921704254837 × 10^291 |
| 47 | ov_047 | 1.977782867536529 × 10^291 |
| 48 | ov_048 | 1.5035106708943258 × 10^291 |
| 49 | ov_049 | 1.126156104686062 × 10^291 |
| 50 | ov_050 | 8.308749328432388 × 10^290 |
| 51 | ov_051 | 6.038906911162414 × 10^290 |
| 52 | ov_052 | 4.324893646237866 × 10^290 |
| 53 | ov_053 | 3.05015628298151 × 10^290 |
| 54 | ov_054 | 2.1087022251768833 × 10^290 |
| 55 | ov_055 | 1.4050817755885957 × 10^290 |
| 56 | ov_056 | 8.942040480322289 × 10^289 |
| 57 | ov_057 | 5.362416917024543 × 10^289 |
| 58 | ov_058 | 2.9662834104093967 × 10^289 |
| 59 | ov_059 | 1.4605726129095707 × 10^289 |
| 60 | ov_060 | 6.048071997246675 × 10^288 |
| 61 | ov_061 | 2.110975514730964 × 10^288 |
| 62 | ov_062 | 5.786263037478189 × 10^287 |
| 63 | ov_063 | 1.12683233945564 × 10^287 |
| 64 | lv_79_m31 | 2.1939380808013406 × 10^286 |
| 65 | ov_065 | 2.606127090599208 × 10^287 |
| 66 | ov_066 | 2.6061187460429543 × 10^287 |
| 67 | ov_067 | 2.606116703687752 × 10^287 |
| 68 | ov_068 | 2.2498219790273465 × 10^287 |
| 69 | ov_069 | 1.932302372666766 × 10^287 |
| 70 | ov_070 | 1.6503971239530254 × 10^287 |
| 71 | ov_071 | 1.4011400175951226 × 10^287 |
| 72 | ov_072 | 1.1817462092445711 × 10^287 |
| 73 | ov_073 | 9.896002143034469 × 10^286 |
| 74 | ov_074 | 8.222449987370597 × 10^286 |
| 75 | ov_075 | 6.77372112987448 × 10^286 |
| 76 | ov_076 | 5.528128119771319 × 10^286 |
| 77 | ov_077 | 4.46530105715763 × 10^286 |
| 78 | ov_078 | 3.5661168623034904 × 10^286 |
| 79 | ov_079 | 2.8126367748124732 × 10^286 |
| 80 | ov_080 | 2.18805155644652 × 10^286 |
| 81 | ov_081 | 1.6766338767924943 × 10^286 |
| 82 | ov_082 | 1.263697364879186 × 10^286 |
| 83 | ov_083 | 9.355618126868552 × 10^285 |
| 84 | ov_084 | 6.7952401851099 × 10^285 |
| 85 | ov_085 | 4.838337595640498 × 10^285 |
| 86 | ov_086 | 3.376743841758245 × 10^285 |
| 87 | ov_087 | 2.3114751459761788 × 10^285 |
| 88 | ov_088 | 1.5526135181844377 × 10^285 |
| 89 | ov_089 | 1.019220740362224 × 10^285 |
| 90 | ov_090 | 6.392782055166911 × 10^284 |
| 91 | ov_091 | 3.790004498552364 × 10^284 |
| 92 | ov_092 | 2.090345526460942 × 10^284 |
| 93 | ov_093 | 1.0445161749001414 × 10^284 |
| 94 | ov_094 | 4.474258081891988 × 10^283 |
| 95 | aaa_78_28 | 1.3816498472481503 × 10^283 |
| 96 | aaa_78_29 | 4.243310701028863 × 10^282 |
| 97 | ov_097 | 2.803084312348563 × 10^282 |
| 98 | ov_098 | 2.802999738338007 × 10^282 |
| 99 | ov_099 | 2.802972692021973 × 10^282 |
| 100 | ov_100 | 2.5225123436934092 × 10^282 |
| 101 | ov_101 | 2.2627286796893132 × 10^282 |
| 102 | ov_102 | 2.0224876777800254 × 10^282 |
| 103 | ov_103 | 1.800738613990016 × 10^282 |
| 104 | ov_104 | 1.5965030935273457 × 10^282 |
| 105 | ov_105 | 1.4088650909931525 × 10^282 |
| 106 | ov_106 | 1.2369619484295653 × 10^282 |
| 107 | ov_107 | 1.0799762815133514 × 10^282 |
| 108 | ov_108 | 9.371287455853101 × 10^281 |
| 109 | ov_109 | 8.07671614276123 × 10^281 |
| 110 | ov_110 | 6.908831242959992 × 10^281 |
| 111 | ov_111 | 5.860625405439492 × 10^281 |
| 112 | ov_112 | 4.925258961054783 × 10^281 |
| 113 | ov_113 | 4.0960236198405816 × 10^281 |
| 114 | ov_114 | 3.366312015877004 × 10^281 |
| 115 | ov_115 | 2.729592650993386 × 10^281 |
| 116 | ov_116 | 2.179389789251951 × 10^281 |
| 117 | ov_117 | 1.709267854575718 × 10^281 |
| 118 | ov_118 | 1.3128198841762161 × 10^281 |
| 119 | ov_119 | 9.83659223375319 × 10^280 |
| 120 | ov_120 | 7.154133361463257 × 10^280 |
| 121 | ov_121 | 5.017190847623558 × 10^280 |
| 122 | ov_122 | 3.3621925510093987 × 10^280 |
| 123 | ov_123 | 2.125601041687982 × 10^280 |
| 124 | ov_124 | 1.243897064139305 × 10^280 |
| 125 | ov_125 | 6.53569297171102 × 10^279 |
| 126 | ov_126 | 2.9110913308519936 × 10^279 |
| 127 | aaa_77_28 | 9.300867475207481 × 10^278 |
| 128 | aaa_77_29 | 3.489114298368334 × 10^278 |
| 129 | ov_129 | 3.198927300903901 × 10^278 |
| 130 | ov_130 | 3.1989176755958328 × 10^278 |
| 131 | ov_131 | 3.198915350900194 × 10^278 |
| 132 | ov_132 | 2.7749321422762692 × 10^278 |
| 133 | ov_133 | 2.393533855400641 × 10^278 |
| 134 | ov_134 | 2.0512674436641118 × 10^278 |
| 135 | ov_135 | 1.74645365884841 × 10^278 |
| 136 | ov_136 | 1.4759904984846299 × 10^278 |
| 137 | ov_137 | 1.2383676953552309 × 10^278 |
| 138 | ov_138 | 1.0307893355345596 × 10^278 |
| 139 | ov_139 | 8.505998452686696 × 10^277 |
| 140 | ov_140 | 6.952773924598554 × 10^277 |
| 141 | ov_141 | 5.624284915755781 × 10^277 |
| 142 | ov_142 | 4.497836627165192 × 10^277 |
| 143 | ov_143 | 3.5519400423594283 × 10^277 |
| 144 | ov_144 | 2.7662854689799847 × 10^277 |
| 145 | ov_145 | 2.121722661177935 × 10^277 |
| 146 | ov_146 | 1.6002463735537399 × 10^277 |
| 147 | ov_147 | 1.1849862824772606 × 10^277 |
| 148 | ov_148 | 8.602002956245245 × 10^276 |
| 149 | ov_149 | 6.112703554695212 × 10^276 |
| 150 | ov_150 | 4.2469992730098163 × 10^276 |
| 151 | ov_151 | 2.881124818127322 × 10^276 |
| 152 | ov_152 | 1.9025049526476558 × 10^276 |
| 153 | ov_153 | 1.209747407693167 × 10^276 |
| 154 | ov_154 | 7.12637936426782 × 10^275 |
| 155 | ov_155 | 3.68863409671555 × 10^275 |
| 156 | aaa_76_25 | 1.4169752944062752 × 10^275 |
| 157 | aaa_76_26 | 8.178367657709544 × 10^274 |
| 158 | aaa_76_27 | 4.183872943895699 × 10^274 |
| 159 | aaa_76_28 | 1.62771260247249 × 10^274 |
| 160 | aaa_76_29 | 4.9461643614533864 × 10^273 |

### Output Bits Sorted by Complexity

| Rank | Output Bit | Complexity |
|:----:|:----------:|:----------:|
| 160 | aaa_76_29 | 4.9461643614533864 × 10^273 |
| 159 | aaa_76_28 | 1.62771260247249 × 10^274 |
| 158 | aaa_76_27 | 4.183872943895699 × 10^274 |
| 157 | aaa_76_26 | 8.178367657709544 × 10^274 |
| 156 | aaa_76_25 | 1.4169752944062752 × 10^275 |
| 155 | ov_155 | 3.68863409671555 × 10^275 |
| 154 | ov_154 | 7.12637936426782 × 10^275 |
| 153 | ov_153 | 1.209747407693167 × 10^276 |
| 152 | ov_152 | 1.9025049526476558 × 10^276 |
| 151 | ov_151 | 2.881124818127322 × 10^276 |
| 150 | ov_150 | 4.2469992730098163 × 10^276 |
| 149 | ov_149 | 6.112703554695212 × 10^276 |
| 148 | ov_148 | 8.602002956245245 × 10^276 |
| 147 | ov_147 | 1.1849862824772606 × 10^277 |
| 146 | ov_146 | 1.6002463735537399 × 10^277 |
| 145 | ov_145 | 2.121722661177935 × 10^277 |
| 144 | ov_144 | 2.7662854689799847 × 10^277 |
| 143 | ov_143 | 3.5519400423594283 × 10^277 |
| 142 | ov_142 | 4.497836627165192 × 10^277 |
| 141 | ov_141 | 5.624284915755781 × 10^277 |
| 140 | ov_140 | 6.952773924598554 × 10^277 |
| 139 | ov_139 | 8.505998452686696 × 10^277 |
| 138 | ov_138 | 1.0307893355345596 × 10^278 |
| 137 | ov_137 | 1.2383676953552309 × 10^278 |
| 136 | ov_136 | 1.4759904984846299 × 10^278 |
| 135 | ov_135 | 1.74645365884841 × 10^278 |
| 134 | ov_134 | 2.0512674436641118 × 10^278 |
| 133 | ov_133 | 2.393533855400641 × 10^278 |
| 132 | ov_132 | 2.7749321422762692 × 10^278 |
| 131 | ov_131 | 3.198915350900194 × 10^278 |
| 130 | ov_130 | 3.1989176755958328 × 10^278 |
| 129 | ov_129 | 3.198927300903901 × 10^278 |
| 128 | aaa_77_29 | 3.489114298368334 × 10^278 |
| 127 | aaa_77_28 | 9.300867475207481 × 10^278 |
| 126 | ov_126 | 2.9110913308519936 × 10^279 |
| 125 | ov_125 | 6.53569297171102 × 10^279 |
| 124 | ov_124 | 1.243897064139305 × 10^280 |
| 123 | ov_123 | 2.125601041687982 × 10^280 |
| 122 | ov_122 | 3.3621925510093987 × 10^280 |
| 121 | ov_121 | 5.017190847623558 × 10^280 |
| 120 | ov_120 | 7.154133361463257 × 10^280 |
| 119 | ov_119 | 9.83659223375319 × 10^280 |
| 118 | ov_118 | 1.3128198841762161 × 10^281 |
| 117 | ov_117 | 1.709267854575718 × 10^281 |
| 116 | ov_116 | 2.179389789251951 × 10^281 |
| 115 | ov_115 | 2.729592650993386 × 10^281 |
| 114 | ov_114 | 3.366312015877004 × 10^281 |
| 113 | ov_113 | 4.0960236198405816 × 10^281 |
| 112 | ov_112 | 4.925258961054783 × 10^281 |
| 111 | ov_111 | 5.860625405439492 × 10^281 |
| 110 | ov_110 | 6.908831242959992 × 10^281 |
| 109 | ov_109 | 8.07671614276123 × 10^281 |
| 108 | ov_108 | 9.371287455853101 × 10^281 |
| 107 | ov_107 | 1.0799762815133514 × 10^282 |
| 106 | ov_106 | 1.2369619484295653 × 10^282 |
| 105 | ov_105 | 1.4088650909931525 × 10^282 |
| 104 | ov_104 | 1.5965030935273457 × 10^282 |
| 103 | ov_103 | 1.800738613990016 × 10^282 |
| 102 | ov_102 | 2.0224876777800254 × 10^282 |
| 101 | ov_101 | 2.2627286796893132 × 10^282 |
| 100 | ov_100 | 2.5225123436934092 × 10^282 |
| 99 | ov_099 | 2.802972692021973 × 10^282 |
| 98 | ov_098 | 2.802999738338007 × 10^282 |
| 97 | ov_097 | 2.803084312348563 × 10^282 |
| 96 | aaa_78_29 | 4.243310701028863 × 10^282 |
| 95 | aaa_78_28 | 1.3816498472481503 × 10^283 |
| 94 | ov_094 | 4.474258081891988 × 10^283 |
| 93 | ov_093 | 1.0445161749001414 × 10^284 |
| 92 | ov_092 | 2.090345526460942 × 10^284 |
| 91 | ov_091 | 3.790004498552364 × 10^284 |
| 90 | ov_090 | 6.392782055166911 × 10^284 |
| 89 | ov_089 | 1.019220740362224 × 10^285 |
| 88 | ov_088 | 1.5526135181844377 × 10^285 |
| 87 | ov_087 | 2.3114751459761788 × 10^285 |
| 86 | ov_086 | 3.376743841758245 × 10^285 |
| 85 | ov_085 | 4.838337595640498 × 10^285 |
| 84 | ov_084 | 6.7952401851099 × 10^285 |
| 83 | ov_083 | 9.355618126868552 × 10^285 |
| 82 | ov_082 | 1.263697364879186 × 10^286 |
| 81 | ov_081 | 1.6766338767924943 × 10^286 |
| 80 | ov_080 | 2.18805155644652 × 10^286 |
| 64 | lv_79_m31 | 2.1939380808013406 × 10^286 |
| 79 | ov_079 | 2.8126367748124732 × 10^286 |
| 78 | ov_078 | 3.5661168623034904 × 10^286 |
| 77 | ov_077 | 4.46530105715763 × 10^286 |
| 76 | ov_076 | 5.528128119771319 × 10^286 |
| 75 | ov_075 | 6.77372112987448 × 10^286 |
| 74 | ov_074 | 8.222449987370597 × 10^286 |
| 73 | ov_073 | 9.896002143034469 × 10^286 |
| 63 | ov_063 | 1.12683233945564 × 10^287 |
| 72 | ov_072 | 1.1817462092445711 × 10^287 |
| 71 | ov_071 | 1.4011400175951226 × 10^287 |
| 70 | ov_070 | 1.6503971239530254 × 10^287 |
| 69 | ov_069 | 1.932302372666766 × 10^287 |
| 68 | ov_068 | 2.2498219790273465 × 10^287 |
| 67 | ov_067 | 2.606116703687752 × 10^287 |
| 66 | ov_066 | 2.6061187460429543 × 10^287 |
| 65 | ov_065 | 2.606127090599208 × 10^287 |
| 62 | ov_062 | 5.786263037478189 × 10^287 |
| 61 | ov_061 | 2.110975514730964 × 10^288 |
| 60 | ov_060 | 6.048071997246675 × 10^288 |
| 59 | ov_059 | 1.4605726129095707 × 10^289 |
| 58 | ov_058 | 2.9662834104093967 × 10^289 |
| 57 | ov_057 | 5.362416917024543 × 10^289 |
| 56 | ov_056 | 8.942040480322289 × 10^289 |
| 55 | ov_055 | 1.4050817755885957 × 10^290 |
| 54 | ov_054 | 2.1087022251768833 × 10^290 |
| 53 | ov_053 | 3.05015628298151 × 10^290 |
| 52 | ov_052 | 4.324893646237866 × 10^290 |
| 51 | ov_051 | 6.038906911162414 × 10^290 |
| 50 | ov_050 | 8.308749328432388 × 10^290 |
| 49 | ov_049 | 1.126156104686062 × 10^291 |
| 48 | ov_048 | 1.5035106708943258 × 10^291 |
| 47 | ov_047 | 1.977782867536529 × 10^291 |
| 32 | lv_80_m31 | 2.4259019045100338 × 10^291 |
| 46 | ov_046 | 2.5648921704254837 × 10^291 |
| 45 | ov_045 | 3.2818435920948414 × 10^291 |
| 44 | ov_044 | 4.1467415636420086 × 10^291 |
| 43 | ov_043 | 5.178808230313895 × 10^291 |
| 42 | ov_042 | 6.398407063862942 × 10^291 |
| 41 | ov_041 | 7.827072770250314 × 10^291 |
| 40 | ov_040 | 9.476484223342129 × 10^291 |
| 39 | ov_039 | 1.1358959986953417 × 10^292 |
| 31 | ov_031 | 1.2442702493523023 × 10^292 |
| 38 | ov_038 | 1.3499807186647562 × 10^292 |
| 37 | ov_037 | 1.5925709091361525 × 10^292 |
| 36 | ov_036 | 1.8664803966044058 × 10^292 |
| 35 | ov_035 | 2.1746777805094515 × 10^292 |
| 34 | ov_034 | 2.5202972527661314 × 10^292 |
| 33 | ov_033 | 2.9066511318604343 × 10^292 |
| 30 | ov_030 | 6.380916331809199 × 10^292 |
| 29 | ov_029 | 2.087775449211162 × 10^293 |
| 28 | ov_028 | 5.419683095568658 × 10^293 |
| 27 | ov_027 | 1.2115534155756385 × 10^294 |
| 26 | ov_026 | 2.4231199910916155 × 10^294 |
| 25 | ov_025 | 4.439671003791911 × 10^294 |
| 24 | ov_024 | 7.581627816620627 × 10^294 |
| 23 | ov_023 | 1.2547259019531493 × 10^295 |
| 22 | ov_022 | 2.0149702896359218 × 10^295 |
| 21 | ov_021 | 3.131702150228792 × 10^295 |
| 20 | ov_020 | 4.709229941189121 × 10^295 |
| 19 | ov_019 | 6.863380513581884 × 10^295 |
| 18 | ov_018 | 9.721523654868613 × 10^295 |
| 17 | ov_017 | 1.34226075878361 × 10^296 |
| 16 | ov_016 | 1.8117208401535344 × 10^296 |
| 15 | ov_015 | 2.396759726202893 × 10^296 |
| 14 | ov_014 | 3.11478310774615 × 10^296 |
| 13 | ov_013 | 3.984387427726925 × 10^296 |
| 12 | ov_012 | 5.025376060791567 × 10^296 |
| 11 | ov_011 | 6.258780469364983 × 10^296 |
| 10 | ov_010 | 7.70688739595171 × 10^296 |
| 9 | ov_009 | 9.393273236632076 × 10^296 |
| 8 | ov_008 | 1.1342846826494374 × 10^297 |
| 7 | ov_007 | 1.3581901954240268 × 10^297 |
| 6 | ov_006 | 1.6138181010679645 × 10^297 |
| 5 | ov_005 | 1.9040951264615128 × 10^297 |
| 4 | ov_004 | 2.232109535009511 × 10^297 |
| 3 | ov_003 | 2.6011217531011158 × 10^297 |
| 2 | ov_002 | 3.01457670662892 × 10^297 |
| 1 | ov_001 | 3.476117986403892 × 10^297 |

