# Results for F001-F002-F003-F004-F005-F006-F007-F008-F009-F010-F011-F012-F013-F014-F015-F016-F017-F018-F019-F020-F021-F022-F023-F024-F025-F026-F027-F028-F029-F030-F031-F032-F033-F034-F035-F036-F037-F038-F039-F040-F041-F042-F043-F044-F045-F046-F047-F048-F049-F050-F051-F052-F053-F054-F055-F056-F057-F058-F059-F060-F061-F062-F063-F064-F065-F066-F067-F068-F069-F070-F071-F072-F073-F074-F075-F076-F077-F078-F079-F080-F081-F082-F083-F084-F085-F086-F087-F088-F089-F090-F091-F092-F093-F094-F095-F096-F097-F098-F099-F100-F101-F102-F103-F104-F105-F106-F107-F108-F109-F110-F111-F112-F113-F114-F115-F116-F117-F118-F119-F120-F121-F122-F123-F124-F125-F126-F127-F128-F129-F130-F131-F132-F133-F134-F135-F136-F137-F138-F139-F140-F141-F142-F143-F144-F145-F146-F147-F148-F149-F150-F151-F152-F153-F154-F155-F156-F157-F158-F159-F160-F161-F162-F163-F164-F165-F166-F167-F168-F169-F170-F171-F172-F173-F174-F175-F176-F177-F178-F179-F180-F181-F182-F183-F184-F185-F186-F187-F188-F189-F190-F191-F192-F193-F194-F195-F196-F197-F198-F199-F200-F201-F202-F203-F204-F205-F206-F207-F208-F209-F210-F211-F212-F213-F214-F215-F216-F217-F218-F219-F220-F221-F222-F223-F224-F225-F226-F227-F228-F229-F230-F231-F232-F233-F234-F235-F236-F237-F238-F239-F240-F241-F242-F243-F244-F245-F246-F247-F248-F249-F250-F251-F252-F253-F254-F255-F256-F257-F258-F259-F260-F261-F262-F263-F264-F265-F266-F267-F268-F269-F270-F271-F272-F273-F274-F275-F276-F277-F278-F279-F280-F281-F282-F283-F284-F285-F286-F287-F288-F289-F290-F291-F292-F293-F294-F295-F296-F297-F298-F299-F300-F301-F302-F303-F304-F305-F306-F307-F308-F309-F310-F311-F312-F313-F314-F315-F316-F317-F318-F319-F320-F321-F322-F323-F324-F325-F326-F327-F328-F329-F330-F331-F332-F333-F334-F335-F336-F337-F338-F339-F340-F341-F342-F343-F344-F345-F346-F347-F348-F349-F350-F351-F352-F353-F354-F355-F356-F357-F358-F359-F360-F361-F362-F363-F364-F365-F366-F367-F368-F369-F370-F371-F372-F373-F374-F375-F376-F377-F378-F379-F380-F381-F382-F383-F384-F385-F386-F387-F388-F389-F390-F391-F392-F393-F394-F395-F396-F397-F398-F399-F400-F401-F402-F403-F404-F405-F406-F407-F408-F409-F410-F411-F412-F413-F414-F415-F416-F417-F418-F419-F420-F421-F422-F423-F424-F425-F426-F427-F428-F429-F430-F431-F432-F433-F434-F435-F436-F437-F438-F439-F440-F441-F442-F443-F444-F445-F446-F447-F448-F449-F450-F451-F452-F453-F454-F455-F456-F457-F458-F459-F460-F461-F462-F463-F464-F465-F466-F467-F468-F469-F470-F471-F472-F473-F474-F475-F476-F477-F478-F479-F480-F481-F482-F483-F484-F485-F486-F487-F488-F489-F490-F491-F492-F493-F494-F495-F496-E497498-F507-F508-F509-F510-F512

## Summary

Number of input bits: 512  
Number of free input bits: 10  
Number of output bits: 160

Number of direct occurrences: 41133  
Number of assignments: 31164  
Number of operations: 11084971
(xor: 11056681,
and: 15071,
or: 13219)

Total complexity: 6.272866108498773 × 10^298

Least occurring input variable: iv_502 (3897)  
Most occurring input variable: iv_511 (4385)

Most co-occurring input variables: iv_500-iv_511 (2081)  
Least co-occurring input variables: iv_499-iv_506 (1798)

Potentially most occurring input variable: iv_497/iv_506 (4599)  
Potentially least occurring input variable: iv_499/iv_504 (4123)

Least output occurring input variable: iv_497 (65)  
Most output occurring input variable: iv_503 (85)

Most output co-occurring input variables: iv_501-iv_505 (48)  
Least output co-occurring input variables: iv_497-iv_500 (28)

Potentially most output occurring input variable: iv_503/iv_505 (88)  
Potentially least output occurring input variable: iv_500/iv_505 (67)

Least complex input bit: iv_511 (2.928802209848737 × 10^293)  
Most complex input bit: iv_505 (2.0025105991438887 × 10^298)

Least complex output bit: aaa_76_29 (1.4312974108216253 × 10^274)  
Most complex output bit: ov_001 (9.815054526449453 × 10^297)

Least complex input/output complexity: iv_511/aaa_76_29 (6.682729947137954 × 10^268)  
Most complex input/output complexity: iv_505/ov_001 (3.133296706869133 × 10^297)

## Input Bits

### Input Bits in Regular Order

| Input Bit | Complexity | Occurrences | Output Occurrences |
|:---------:|:----------:|:-----------:|:------------------:|
| iv_497 | 1.0849600242996698 × 10^297 | 4281 | 65 |
| iv_499 | 1.297766953924438 × 10^297 | 3949 | 81 |
| iv_500 | 2.2323999440303022 × 10^297 | 4128 | 76 |
| iv_501 | 3.742790993957241 × 10^297 | 4083 | 82 |
| iv_502 | 6.139235405149157 × 10^297 | 3897 | 70 |
| iv_503 | 9.856239606120908 × 10^297 | 4157 | 85 |
| iv_504 | 1.5485043486623984 × 10^298 | 4106 | 83 |
| iv_505 | 2.0025105991438887 × 10^298 | 4119 | 83 |
| iv_506 | 2.864825799222244 × 10^297 | 4028 | 77 |
| iv_511 | 2.928802209848737 × 10^293 | 4385 | 80 |

### Input Bits Sorted by Complexity

| Input Bit | Complexity | Occurrences | Output Occurrences |
|:---------:|:----------:|:-----------:|:------------------:|
| iv_511 | 2.928802209848737 × 10^293 | 4385 | 80 |
| iv_497 | 1.0849600242996698 × 10^297 | 4281 | 65 |
| iv_499 | 1.297766953924438 × 10^297 | 3949 | 81 |
| iv_500 | 2.2323999440303022 × 10^297 | 4128 | 76 |
| iv_506 | 2.864825799222244 × 10^297 | 4028 | 77 |
| iv_501 | 3.742790993957241 × 10^297 | 4083 | 82 |
| iv_502 | 6.139235405149157 × 10^297 | 3897 | 70 |
| iv_503 | 9.856239606120908 × 10^297 | 4157 | 85 |
| iv_504 | 1.5485043486623984 × 10^298 | 4106 | 83 |
| iv_505 | 2.0025105991438887 × 10^298 | 4119 | 83 |

### Input Bits Sorted by Occurrences

| Input Bit | Complexity | Occurrences | Output Occurrences |
|:---------:|:----------:|:-----------:|:------------------:|
| iv_502 | 6.139235405149157 × 10^297 | 3897 | 70 |
| iv_499 | 1.297766953924438 × 10^297 | 3949 | 81 |
| iv_506 | 2.864825799222244 × 10^297 | 4028 | 77 |
| iv_501 | 3.742790993957241 × 10^297 | 4083 | 82 |
| iv_504 | 1.5485043486623984 × 10^298 | 4106 | 83 |
| iv_505 | 2.0025105991438887 × 10^298 | 4119 | 83 |
| iv_500 | 2.2323999440303022 × 10^297 | 4128 | 76 |
| iv_503 | 9.856239606120908 × 10^297 | 4157 | 85 |
| iv_497 | 1.0849600242996698 × 10^297 | 4281 | 65 |
| iv_511 | 2.928802209848737 × 10^293 | 4385 | 80 |

### Input Bits Sorted by Output Occurrences

| Input Bit | Complexity | Occurrences | Output Occurrences |
|:---------:|:----------:|:-----------:|:------------------:|
| iv_497 | 1.0849600242996698 × 10^297 | 4281 | 65 |
| iv_502 | 6.139235405149157 × 10^297 | 3897 | 70 |
| iv_500 | 2.2323999440303022 × 10^297 | 4128 | 76 |
| iv_506 | 2.864825799222244 × 10^297 | 4028 | 77 |
| iv_511 | 2.928802209848737 × 10^293 | 4385 | 80 |
| iv_499 | 1.297766953924438 × 10^297 | 3949 | 81 |
| iv_501 | 3.742790993957241 × 10^297 | 4083 | 82 |
| iv_505 | 2.0025105991438887 × 10^298 | 4119 | 83 |
| iv_504 | 1.5485043486623984 × 10^298 | 4106 | 83 |
| iv_503 | 9.856239606120908 × 10^297 | 4157 | 85 |

## Input Bit Co-occurrences

### Input Bit Co-occurrences Sorted by Co-occurrences

| Input Bits | Co-occurrences | Potential Occurrences | Output Co-occurrences | Potential Output Occurrences |
|:----------:|:--------------:|:---------------------:|:---------------------:|:----------------------------:|
| iv_500-iv_511 | 2081 | 4351 | 38 | 80 |
| iv_501-iv_511 | 2065 | 4338 | 47 | 68 |
| iv_503-iv_511 | 2061 | 4420 | 43 | 79 |
| iv_497-iv_511 | 2047 | 4572 | 37 | 71 |
| iv_500-iv_501 | 2038 | 4135 | 39 | 80 |
| iv_504-iv_511 | 2035 | 4421 | 46 | 71 |
| iv_505-iv_511 | 2024 | 4456 | 40 | 83 |
| iv_497-iv_501 | 2012 | 4340 | 34 | 79 |
| iv_497-iv_504 | 2008 | 4371 | 34 | 80 |
| iv_500-iv_503 | 1996 | 4293 | 41 | 79 |

### Input Bit Co-occurrences Sorted by Potential Occurrences

| Input Bits | Co-occurrences | Potential Occurrences | Output Co-occurrences | Potential Output Occurrences |
|:----------:|:--------------:|:---------------------:|:---------------------:|:----------------------------:|
| iv_499-iv_504 | 1966 | 4123 | 42 | 80 |
| iv_500-iv_501 | 2038 | 4135 | 39 | 80 |
| iv_499-iv_502 | 1853 | 4140 | 37 | 77 |
| iv_500-iv_502 | 1918 | 4189 | 33 | 80 |
| iv_500-iv_506 | 1967 | 4222 | 37 | 79 |
| iv_501-iv_502 | 1872 | 4236 | 34 | 84 |
| iv_502-iv_506 | 1844 | 4237 | 34 | 79 |
| iv_501-iv_505 | 1981 | 4240 | 48 | 69 |
| iv_502-iv_505 | 1887 | 4242 | 42 | 69 |
| iv_502-iv_504 | 1877 | 4249 | 37 | 79 |

### Input Bit Output Co-occurrences Sorted by Output Co-occurrences

| Input Bits | Co-occurrences | Potential Occurrences | Output Co-occurrences | Potential Output Occurrences |
|:----------:|:--------------:|:---------------------:|:---------------------:|:----------------------------:|
| iv_501-iv_505 | 1981 | 4240 | 48 | 69 |
| iv_501-iv_511 | 2065 | 4338 | 47 | 68 |
| iv_504-iv_511 | 2035 | 4421 | 46 | 71 |
| iv_500-iv_505 | 1967 | 4313 | 46 | 67 |
| iv_499-iv_503 | 1908 | 4290 | 45 | 76 |
| iv_504-iv_505 | 1947 | 4331 | 44 | 78 |
| iv_499-iv_501 | 1890 | 4252 | 43 | 77 |
| iv_501-iv_504 | 1958 | 4273 | 43 | 79 |
| iv_503-iv_511 | 2061 | 4420 | 43 | 79 |
| iv_499-iv_505 | 1859 | 4350 | 43 | 78 |

### Input Bit Output Co-occurrences Sorted by Potential Output Occurrences

| Input Bits | Co-occurrences | Potential Occurrences | Output Co-occurrences | Potential Output Occurrences |
|:----------:|:--------------:|:---------------------:|:---------------------:|:----------------------------:|
| iv_500-iv_505 | 1967 | 4313 | 46 | 67 |
| iv_501-iv_511 | 2065 | 4338 | 47 | 68 |
| iv_502-iv_505 | 1887 | 4242 | 42 | 69 |
| iv_501-iv_505 | 1981 | 4240 | 48 | 69 |
| iv_504-iv_511 | 2035 | 4421 | 46 | 71 |
| iv_497-iv_502 | 1847 | 4484 | 32 | 71 |
| iv_497-iv_511 | 2047 | 4572 | 37 | 71 |
| iv_502-iv_511 | 1863 | 4556 | 39 | 72 |
| iv_499-iv_500 | 1897 | 4283 | 42 | 73 |
| iv_506-iv_511 | 1962 | 4489 | 41 | 75 |

## Output Bits

### Output Bits in Regular Order

| Rank | Output Bit | Complexity |
|:----:|:----------:|:----------:|
| 1 | ov_001 | 9.815054526449453 × 10^297 |
| 2 | ov_002 | 8.539978662169414 × 10^297 |
| 3 | ov_003 | 7.395271452040888 × 10^297 |
| 4 | ov_004 | 6.371161337891105 × 10^297 |
| 5 | ov_005 | 5.458412308937357 × 10^297 |
| 6 | ov_006 | 4.648285279901982 × 10^297 |
| 7 | ov_007 | 3.9325044983338945 × 10^297 |
| 8 | ov_008 | 3.3032286770543543 × 10^297 |
| 9 | ov_009 | 2.7530264740501255 × 10^297 |
| 10 | ov_010 | 2.274855872939115 × 10^297 |
| 11 | ov_011 | 1.8620470120799776 × 10^297 |
| 12 | ov_012 | 1.5082880363015796 × 10^297 |
| 13 | ov_013 | 1.207613570640351 × 10^297 |
| 14 | ov_014 | 9.54395440501258 × 10^296 |
| 15 | ov_015 | 7.433352873893865 × 10^296 |
| 16 | ov_016 | 5.6945875386429455 × 10^296 |
| 17 | ov_017 | 4.281109357045403 × 10^296 |
| 18 | ov_018 | 3.1495283783009766 × 10^296 |
| 19 | ov_019 | 2.259586362010034 × 10^296 |
| 20 | ov_020 | 1.5741360902013866 × 10^296 |
| 21 | ov_021 | 1.0591262844186494 × 10^296 |
| 22 | ov_022 | 6.835910764456911 × 10^295 |
| 23 | ov_023 | 4.1964293422757437 × 10^295 |
| 24 | ov_024 | 2.424680644771967 × 10^295 |
| 25 | ov_025 | 1.3032360037373207 × 10^295 |
| 26 | ov_026 | 6.45360615865301 × 10^294 |
| 27 | ov_027 | 2.950063004353723 × 10^294 |
| 28 | ov_028 | 1.2680864524739182 × 10^294 |
| 29 | ov_029 | 4.6086088404318416 × 10^293 |
| 30 | ov_030 | 1.3168513868594008 × 10^293 |
| 31 | ov_031 | 2.69874843417398 × 10^292 |
| 32 | lv_80_k31 | 6.546294121320108 × 10^291 |
| 33 | ov_033 | 7.844498579921251 × 10^292 |
| 34 | ov_034 | 6.816149977254052 × 10^292 |
| 35 | ov_035 | 5.894921152227107 × 10^292 |
| 36 | ov_036 | 5.071352202401667 × 10^292 |
| 37 | ov_037 | 4.3364920048546456 × 10^292 |
| 38 | ov_038 | 3.6818625926637933 × 10^292 |
| 39 | ov_039 | 3.099428417292685 × 10^292 |
| 40 | ov_040 | 2.5852787565795803 × 10^292 |
| 41 | ov_041 | 2.1357048650257132 × 10^292 |
| 42 | ov_042 | 1.7471897077778775 × 10^292 |
| 43 | ov_043 | 1.4163993489516228 × 10^292 |
| 44 | ov_044 | 1.1371878863457116 × 10^292 |
| 45 | ov_045 | 9.037448029654897 × 10^291 |
| 46 | ov_046 | 7.105863900839984 × 10^291 |
| 47 | ov_047 | 5.5254892555737276 × 10^291 |
| 48 | ov_048 | 4.247833250197818 × 10^291 |
| 49 | ov_049 | 3.227510053800174 × 10^291 |
| 50 | ov_050 | 2.422207214362017 × 10^291 |
| 51 | ov_051 | 1.7926616853877914 × 10^291 |
| 52 | ov_052 | 1.3026419689167644 × 10^291 |
| 53 | ov_053 | 9.189353172425802 × 10^290 |
| 54 | ov_054 | 6.256887328726383 × 10^290 |
| 55 | ov_055 | 4.085525729103069 × 10^290 |
| 56 | ov_056 | 2.5467845570873106 × 10^290 |
| 57 | ov_057 | 1.5271799422866827 × 10^290 |
| 58 | ov_058 | 8.447179977845321 × 10^289 |
| 59 | ov_059 | 4.1589611964946473 × 10^289 |
| 60 | ov_060 | 1.721985693689469 × 10^289 |
| 61 | ov_061 | 6.009580517817977 × 10^288 |
| 62 | ov_062 | 1.6470503693440868 × 10^288 |
| 63 | ov_063 | 3.2070965587438397 × 10^287 |
| 64 | lv_79_m31 | 6.243398256341075 × 10^286 |
| 65 | ov_065 | 7.439213551850499 × 10^287 |
| 66 | ov_066 | 7.439189474008877 × 10^287 |
| 67 | ov_067 | 7.439183580997192 × 10^287 |
| 68 | ov_068 | 6.422921341714261 × 10^287 |
| 69 | ov_069 | 5.517764940196555 × 10^287 |
| 70 | ov_070 | 4.714596513427844 × 10^287 |
| 71 | ov_071 | 4.0048592594274816 × 10^287 |
| 72 | ov_072 | 3.380519433023817 × 10^287 |
| 73 | ov_073 | 2.8340317013536005 × 10^287 |
| 74 | ov_074 | 2.358307681998194 × 10^287 |
| 75 | ov_075 | 1.9466874932669413 × 10^287 |
| 76 | ov_076 | 1.592914151543825 × 10^287 |
| 77 | ov_077 | 1.2911106549866241 × 10^287 |
| 78 | ov_078 | 1.035759596358837 × 10^287 |
| 79 | ov_079 | 8.216851505237695 × 10^286 |
| 80 | ov_080 | 6.440372842672101 × 10^286 |
| 81 | ov_081 | 4.982780377579862 × 10^286 |
| 82 | ov_082 | 3.8016972820542606 × 10^286 |
| 83 | ov_083 | 2.85764927207025 × 10^286 |
| 84 | ov_084 | 2.113980639555889 × 10^286 |
| 85 | ov_085 | 1.536785069411922 × 10^286 |
| 86 | ov_086 | 1.0948497708858035 × 10^286 |
| 87 | ov_087 | 7.596114546285312 × 10^285 |
| 88 | ov_088 | 5.05122687934097 × 10^285 |
| 89 | ov_089 | 3.190601158058731 × 10^285 |
| 90 | ov_090 | 1.9039078377777994 × 10^285 |
| 91 | ov_091 | 1.0936517161009587 × 10^285 |
| 92 | ov_092 | 6.031906960141966 × 10^284 |
| 93 | ov_093 | 3.014036723257452 × 10^284 |
| 94 | ov_094 | 1.2910734168568312 × 10^284 |
| 95 | aaa_78_28 | 3.986800296714358 × 10^283 |
| 96 | aaa_78_29 | 1.22440571817479 × 10^283 |
| 97 | ov_097 | 8.084427374017455 × 10^282 |
| 98 | ov_098 | 8.084186217751036 × 10^282 |
| 99 | ov_099 | 8.08410924874519 × 10^282 |
| 100 | ov_100 | 7.274726591437424 × 10^282 |
| 101 | ov_101 | 6.525026282314546 × 10^282 |
| 102 | ov_102 | 5.831747728875058 × 10^282 |
| 103 | ov_103 | 5.1918670750411756 × 10^282 |
| 104 | ov_104 | 4.602565905784057 × 10^282 |
| 105 | ov_105 | 4.061202875255728 × 10^282 |
| 106 | ov_106 | 3.565288107538949 × 10^282 |
| 107 | ov_107 | 3.1124602244619007 × 10^282 |
| 108 | ov_108 | 2.700465859204378 × 10^282 |
| 109 | ov_109 | 2.3271415177983156 × 10^282 |
| 110 | ov_110 | 1.9903976532321692 × 10^282 |
| 111 | ov_111 | 1.688204818834835 × 10^282 |
| 112 | ov_112 | 1.418581769059726 × 10^282 |
| 113 | ov_113 | 1.179585376823158 × 10^282 |
| 114 | ov_114 | 9.693022372724749 × 10^281 |
| 115 | ov_115 | 7.858418283525375 × 10^281 |
| 116 | ov_116 | 6.273310988687305 × 10^281 |
| 117 | ov_117 | 4.9191021683642776 × 10^281 |
| 118 | ov_118 | 3.777290890224301 × 10^281 |
| 119 | ov_119 | 2.829444329882549 × 10^281 |
| 120 | ov_120 | 2.0571742701379948 × 10^281 |
| 121 | ov_121 | 1.4421203700366176 × 10^281 |
| 122 | ov_122 | 9.659393986876273 × 10^280 |
| 123 | ov_123 | 6.1029815461603 × 10^280 |
| 124 | ov_124 | 3.5686868953362413 × 10^280 |
| 125 | ov_125 | 1.8732534946031875 × 10^280 |
| 126 | ov_126 | 8.334326542425015 × 10^279 |
| 127 | aaa_77_28 | 2.6597774115902805 × 10^279 |
| 128 | aaa_77_29 | 9.96273820747305 × 10^278 |
| 129 | ov_129 | 9.186356180176103 × 10^278 |
| 130 | ov_130 | 9.186328312127149 × 10^278 |
| 131 | ov_131 | 9.186321576833964 × 10^278 |
| 132 | ov_132 | 7.950575176246168 × 10^278 |
| 133 | ov_133 | 6.84588048139562 × 10^278 |
| 134 | ov_134 | 5.862195361617617 × 10^278 |
| 135 | ov_135 | 4.990012814517167 × 10^278 |
| 136 | ov_136 | 4.2203227559930214 × 10^278 |
| 137 | ov_137 | 3.544579186856331 × 10^278 |
| 138 | ov_138 | 2.9546722145375847 × 10^278 |
| 139 | ov_139 | 2.4429044349839806 × 10^278 |
| 140 | ov_140 | 2.001971205700198 × 10^278 |
| 141 | ov_141 | 1.6249443661494134 × 10^278 |
| 142 | ov_142 | 1.3052589865500004 × 10^278 |
| 143 | ov_143 | 1.0367027505921047 × 10^278 |
| 144 | ov_144 | 8.134076018478557 × 10^277 |
| 145 | ov_145 | 6.2984330772833835 × 10^277 |
| 146 | ov_146 | 4.808126188006448 × 10^277 |
| 147 | ov_147 | 3.614477251569479 × 10^277 |
| 148 | ov_148 | 2.672077353520064 × 10^277 |
| 149 | ov_149 | 1.9387692721515304 × 10^277 |
| 150 | ov_150 | 1.375635548242638 × 10^277 |
| 151 | ov_151 | 9.469905184075984 × 10^276 |
| 152 | ov_152 | 6.203752285648261 × 10^276 |
| 153 | ov_153 | 3.803663951544902 × 10^276 |
| 154 | ov_154 | 2.131520127358551 × 10^276 |
| 155 | ov_155 | 1.0653073797022331 × 10^276 |
| 156 | aaa_76_25 | 4.0930661363599005 × 10^275 |
| 157 | aaa_76_26 | 2.3632114577499616 × 10^275 |
| 158 | aaa_76_27 | 1.209445206475169 × 10^275 |
| 159 | aaa_76_28 | 4.7076981628176805 × 10^274 |
| 160 | aaa_76_29 | 1.4312974108216253 × 10^274 |

### Output Bits Sorted by Complexity

| Rank | Output Bit | Complexity |
|:----:|:----------:|:----------:|
| 160 | aaa_76_29 | 1.4312974108216253 × 10^274 |
| 159 | aaa_76_28 | 4.7076981628176805 × 10^274 |
| 158 | aaa_76_27 | 1.209445206475169 × 10^275 |
| 157 | aaa_76_26 | 2.3632114577499616 × 10^275 |
| 156 | aaa_76_25 | 4.0930661363599005 × 10^275 |
| 155 | ov_155 | 1.0653073797022331 × 10^276 |
| 154 | ov_154 | 2.131520127358551 × 10^276 |
| 153 | ov_153 | 3.803663951544902 × 10^276 |
| 152 | ov_152 | 6.203752285648261 × 10^276 |
| 151 | ov_151 | 9.469905184075984 × 10^276 |
| 150 | ov_150 | 1.375635548242638 × 10^277 |
| 149 | ov_149 | 1.9387692721515304 × 10^277 |
| 148 | ov_148 | 2.672077353520064 × 10^277 |
| 147 | ov_147 | 3.614477251569479 × 10^277 |
| 146 | ov_146 | 4.808126188006448 × 10^277 |
| 145 | ov_145 | 6.2984330772833835 × 10^277 |
| 144 | ov_144 | 8.134076018478557 × 10^277 |
| 143 | ov_143 | 1.0367027505921047 × 10^278 |
| 142 | ov_142 | 1.3052589865500004 × 10^278 |
| 141 | ov_141 | 1.6249443661494134 × 10^278 |
| 140 | ov_140 | 2.001971205700198 × 10^278 |
| 139 | ov_139 | 2.4429044349839806 × 10^278 |
| 138 | ov_138 | 2.9546722145375847 × 10^278 |
| 137 | ov_137 | 3.544579186856331 × 10^278 |
| 136 | ov_136 | 4.2203227559930214 × 10^278 |
| 135 | ov_135 | 4.990012814517167 × 10^278 |
| 134 | ov_134 | 5.862195361617617 × 10^278 |
| 133 | ov_133 | 6.84588048139562 × 10^278 |
| 132 | ov_132 | 7.950575176246168 × 10^278 |
| 131 | ov_131 | 9.186321576833964 × 10^278 |
| 130 | ov_130 | 9.186328312127149 × 10^278 |
| 129 | ov_129 | 9.186356180176103 × 10^278 |
| 128 | aaa_77_29 | 9.96273820747305 × 10^278 |
| 127 | aaa_77_28 | 2.6597774115902805 × 10^279 |
| 126 | ov_126 | 8.334326542425015 × 10^279 |
| 125 | ov_125 | 1.8732534946031875 × 10^280 |
| 124 | ov_124 | 3.5686868953362413 × 10^280 |
| 123 | ov_123 | 6.1029815461603 × 10^280 |
| 122 | ov_122 | 9.659393986876273 × 10^280 |
| 121 | ov_121 | 1.4421203700366176 × 10^281 |
| 120 | ov_120 | 2.0571742701379948 × 10^281 |
| 119 | ov_119 | 2.829444329882549 × 10^281 |
| 118 | ov_118 | 3.777290890224301 × 10^281 |
| 117 | ov_117 | 4.9191021683642776 × 10^281 |
| 116 | ov_116 | 6.273310988687305 × 10^281 |
| 115 | ov_115 | 7.858418283525375 × 10^281 |
| 114 | ov_114 | 9.693022372724749 × 10^281 |
| 113 | ov_113 | 1.179585376823158 × 10^282 |
| 112 | ov_112 | 1.418581769059726 × 10^282 |
| 111 | ov_111 | 1.688204818834835 × 10^282 |
| 110 | ov_110 | 1.9903976532321692 × 10^282 |
| 109 | ov_109 | 2.3271415177983156 × 10^282 |
| 108 | ov_108 | 2.700465859204378 × 10^282 |
| 107 | ov_107 | 3.1124602244619007 × 10^282 |
| 106 | ov_106 | 3.565288107538949 × 10^282 |
| 105 | ov_105 | 4.061202875255728 × 10^282 |
| 104 | ov_104 | 4.602565905784057 × 10^282 |
| 103 | ov_103 | 5.1918670750411756 × 10^282 |
| 102 | ov_102 | 5.831747728875058 × 10^282 |
| 101 | ov_101 | 6.525026282314546 × 10^282 |
| 100 | ov_100 | 7.274726591437424 × 10^282 |
| 99 | ov_099 | 8.08410924874519 × 10^282 |
| 98 | ov_098 | 8.084186217751036 × 10^282 |
| 97 | ov_097 | 8.084427374017455 × 10^282 |
| 96 | aaa_78_29 | 1.22440571817479 × 10^283 |
| 95 | aaa_78_28 | 3.986800296714358 × 10^283 |
| 94 | ov_094 | 1.2910734168568312 × 10^284 |
| 93 | ov_093 | 3.014036723257452 × 10^284 |
| 92 | ov_092 | 6.031906960141966 × 10^284 |
| 91 | ov_091 | 1.0936517161009587 × 10^285 |
| 90 | ov_090 | 1.9039078377777994 × 10^285 |
| 89 | ov_089 | 3.190601158058731 × 10^285 |
| 88 | ov_088 | 5.05122687934097 × 10^285 |
| 87 | ov_087 | 7.596114546285312 × 10^285 |
| 86 | ov_086 | 1.0948497708858035 × 10^286 |
| 85 | ov_085 | 1.536785069411922 × 10^286 |
| 84 | ov_084 | 2.113980639555889 × 10^286 |
| 83 | ov_083 | 2.85764927207025 × 10^286 |
| 82 | ov_082 | 3.8016972820542606 × 10^286 |
| 81 | ov_081 | 4.982780377579862 × 10^286 |
| 64 | lv_79_m31 | 6.243398256341075 × 10^286 |
| 80 | ov_080 | 6.440372842672101 × 10^286 |
| 79 | ov_079 | 8.216851505237695 × 10^286 |
| 78 | ov_078 | 1.035759596358837 × 10^287 |
| 77 | ov_077 | 1.2911106549866241 × 10^287 |
| 76 | ov_076 | 1.592914151543825 × 10^287 |
| 75 | ov_075 | 1.9466874932669413 × 10^287 |
| 74 | ov_074 | 2.358307681998194 × 10^287 |
| 73 | ov_073 | 2.8340317013536005 × 10^287 |
| 63 | ov_063 | 3.2070965587438397 × 10^287 |
| 72 | ov_072 | 3.380519433023817 × 10^287 |
| 71 | ov_071 | 4.0048592594274816 × 10^287 |
| 70 | ov_070 | 4.714596513427844 × 10^287 |
| 69 | ov_069 | 5.517764940196555 × 10^287 |
| 68 | ov_068 | 6.422921341714261 × 10^287 |
| 67 | ov_067 | 7.439183580997192 × 10^287 |
| 66 | ov_066 | 7.439189474008877 × 10^287 |
| 65 | ov_065 | 7.439213551850499 × 10^287 |
| 62 | ov_062 | 1.6470503693440868 × 10^288 |
| 61 | ov_061 | 6.009580517817977 × 10^288 |
| 60 | ov_060 | 1.721985693689469 × 10^289 |
| 59 | ov_059 | 4.1589611964946473 × 10^289 |
| 58 | ov_058 | 8.447179977845321 × 10^289 |
| 57 | ov_057 | 1.5271799422866827 × 10^290 |
| 56 | ov_056 | 2.5467845570873106 × 10^290 |
| 55 | ov_055 | 4.085525729103069 × 10^290 |
| 54 | ov_054 | 6.256887328726383 × 10^290 |
| 53 | ov_053 | 9.189353172425802 × 10^290 |
| 52 | ov_052 | 1.3026419689167644 × 10^291 |
| 51 | ov_051 | 1.7926616853877914 × 10^291 |
| 50 | ov_050 | 2.422207214362017 × 10^291 |
| 49 | ov_049 | 3.227510053800174 × 10^291 |
| 48 | ov_048 | 4.247833250197818 × 10^291 |
| 47 | ov_047 | 5.5254892555737276 × 10^291 |
| 32 | lv_80_k31 | 6.546294121320108 × 10^291 |
| 46 | ov_046 | 7.105863900839984 × 10^291 |
| 45 | ov_045 | 9.037448029654897 × 10^291 |
| 44 | ov_044 | 1.1371878863457116 × 10^292 |
| 43 | ov_043 | 1.4163993489516228 × 10^292 |
| 42 | ov_042 | 1.7471897077778775 × 10^292 |
| 41 | ov_041 | 2.1357048650257132 × 10^292 |
| 40 | ov_040 | 2.5852787565795803 × 10^292 |
| 31 | ov_031 | 2.69874843417398 × 10^292 |
| 39 | ov_039 | 3.099428417292685 × 10^292 |
| 38 | ov_038 | 3.6818625926637933 × 10^292 |
| 37 | ov_037 | 4.3364920048546456 × 10^292 |
| 36 | ov_036 | 5.071352202401667 × 10^292 |
| 35 | ov_035 | 5.894921152227107 × 10^292 |
| 34 | ov_034 | 6.816149977254052 × 10^292 |
| 33 | ov_033 | 7.844498579921251 × 10^292 |
| 30 | ov_030 | 1.3168513868594008 × 10^293 |
| 29 | ov_029 | 4.6086088404318416 × 10^293 |
| 28 | ov_028 | 1.2680864524739182 × 10^294 |
| 27 | ov_027 | 2.950063004353723 × 10^294 |
| 26 | ov_026 | 6.45360615865301 × 10^294 |
| 25 | ov_025 | 1.3032360037373207 × 10^295 |
| 24 | ov_024 | 2.424680644771967 × 10^295 |
| 23 | ov_023 | 4.1964293422757437 × 10^295 |
| 22 | ov_022 | 6.835910764456911 × 10^295 |
| 21 | ov_021 | 1.0591262844186494 × 10^296 |
| 20 | ov_020 | 1.5741360902013866 × 10^296 |
| 19 | ov_019 | 2.259586362010034 × 10^296 |
| 18 | ov_018 | 3.1495283783009766 × 10^296 |
| 17 | ov_017 | 4.281109357045403 × 10^296 |
| 16 | ov_016 | 5.6945875386429455 × 10^296 |
| 15 | ov_015 | 7.433352873893865 × 10^296 |
| 14 | ov_014 | 9.54395440501258 × 10^296 |
| 13 | ov_013 | 1.207613570640351 × 10^297 |
| 12 | ov_012 | 1.5082880363015796 × 10^297 |
| 11 | ov_011 | 1.8620470120799776 × 10^297 |
| 10 | ov_010 | 2.274855872939115 × 10^297 |
| 9 | ov_009 | 2.7530264740501255 × 10^297 |
| 8 | ov_008 | 3.3032286770543543 × 10^297 |
| 7 | ov_007 | 3.9325044983338945 × 10^297 |
| 6 | ov_006 | 4.648285279901982 × 10^297 |
| 5 | ov_005 | 5.458412308937357 × 10^297 |
| 4 | ov_004 | 6.371161337891105 × 10^297 |
| 3 | ov_003 | 7.395271452040888 × 10^297 |
| 2 | ov_002 | 8.539978662169414 × 10^297 |
| 1 | ov_001 | 9.815054526449453 × 10^297 |

