# Results for F001-F002-F003-F004-F005-F006-F007-F008-F009-F010-F011-F012-F013-F014-F015-F016-F017-F018-F019-F020-F021-F022-F023-F024-F025-F026-F027-F028-F029-F030-F031-F032-F033-F034-F035-F036-F037-F038-F039-F040-F041-F042-F043-F044-F045-F046-F047-F048-F049-F050-F051-F052-F053-F054-F055-F056-F057-F058-F059-F060-F061-F062-F063-F064-F065-F066-F067-F068-F069-F070-F071-F072-F073-F074-F075-F076-F077-F078-F079-F080-F081-F082-F083-F084-F085-F086-F087-F088-F089-F090-F091-F092-F093-F094-F095-F096-F097-F098-F099-F100-F101-F102-F103-F104-F105-F106-F107-F108-F109-F110-F111-F112-F113-F114-F115-F116-F117-F118-F119-F120-F121-F122-F123-F124-F125-F126-F127-F128-F129-F130-F131-F132-F133-F134-F135-F136-F137-F138-F139-F140-F141-F142-F143-F144-F145-F146-F147-F148-F149-F150-F151-F152-F153-F154-F155-F156-F157-F158-F159-F160-F161-F162-F163-F164-F165-F166-F167-F168-F169-F170-F171-F172-F173-F174-F175-F176-F177-F178-F179-F180-F181-F182-F183-F184-F185-F186-F187-F188-F189-F190-F191-F192-F193-F194-F195-F196-F197-F198-F199-F200-F201-F202-F203-F204-F205-F206-F207-F208-F209-F210-F211-F212-F213-F214-F215-F216-F217-F218-F219-F220-F221-F222-F223-F224-F225-F226-F227-F228-F229-F230-F231-F232-F233-F234-F235-F236-F237-F238-F239-F240-F241-F242-F243-F244-F245-F246-F247-F248-F249-F250-F251-F252-F253-F254-F255-F256-F257-F258-F259-F260-F261-F262-F263-F264-F265-F266-F267-F268-F269-F270-F271-F272-F273-F274-F275-F276-F277-F278-F279-F280-F281-F282-F283-F284-F285-F286-F287-F288-F289-F290-F291-F292-F293-F294-F295-F296-F297-F298-F299-F300-F301-F302-F303-F304-F305-F306-F307-F308-F309-F310-F311-F312-F313-F314-F315-F316-F317-F318-F319-F320-F321-F322-F323-F324-F325-F326-F327-F328-F329-F330-F331-F332-F333-F334-F335-F336-F337-F338-F339-F340-F341-F342-F343-F344-F345-F346-F347-F348-F349-F350-F351-F352-F353-F354-F355-F356-F357-F358-F359-F360-F361-F362-F363-F364-F365-F366-F367-F368-F369-F370-F371-F372-F373-F374-F375-F376-F377-F378-F379-F380-F381-F382-F383-F384-F385-F386-F387-F388-F389-F390-F391-F392-F393-F394-F395-F396-F397-F398-F399-F400-F401-F402-F403-F404-F405-F406-F407-F408-F409-F410-F411-F412-F413-F414-F415-F416-F417-F418-F419-F420-F421-F422-F423-F424-F425-F426-F427-F428-F429-F430-F431-F432-F433-F434-F435-F436-F437-F438-F439-F440-F441-F442-F443-F444-F445-F446-F447-F448-F449-F450-F451-F452-F453-F454-F455-F456-F457-F458-F459-F460-F461-F462-F463-F464-F465-F466-F467-F468-F469-F470-F471-F472-F473-F474-F475-F476-F477-F478-F479-F480-F481-F482-F483-F484-F485-F486-F487-F488-F489-F490-F491-F492-F493-F494-F495-F496-F497-F498-F499-F500-F501-F510

## Summary

Number of input bits: 512  
Number of free input bits: 10  
Number of output bits: 160

Number of direct occurrences: 41071  
Number of assignments: 31288  
Number of operations: 11136321
(xor: 11107043,
and: 16095,
or: 13183)

Total complexity: 4.835300404227402 × 10^299

Least occurring input variable: iv_502 (3935)  
Most occurring input variable: iv_512 (4405)

Most co-occurring input variables: iv_511-iv_512 (2158)  
Least co-occurring input variables: iv_502-iv_503 (1780)

Potentially most occurring input variable: iv_506/iv_512 (4550)  
Potentially least occurring input variable: iv_504/iv_506 (4218)

Least output occurring input variable: iv_508 (70)  
Most output occurring input variable: iv_506 (82)

Most output co-occurring input variables: iv_505-iv_507 (47)  
Least output co-occurring input variables: iv_502-iv_508 (30)

Potentially most output occurring input variable: iv_509/iv_511 (92)  
Potentially least output occurring input variable: iv_505/iv_507 (61)

Least complex input bit: iv_502 (1.1255107769084905 × 10^298)  
Most complex input bit: iv_512 (1.0357292237640616 × 10^299)

Least complex output bit: aaa_76_29 (6.607751029506996 × 10^274)  
Most complex output bit: ov_001 (7.594161860717455 × 10^298)

Least complex input/output complexity: iv_502/aaa_76_29 (1.5380833398347282 × 10^273)  
Most complex input/output complexity: iv_512/ov_001 (1.626681842200097 × 10^298)

Input variable with highest collision probability: iv_509 (½^160.00000000000037)

## Input Bits

### Input Bits in Regular Order

| Input Bit | Complexity | Occurrences | Output Occurrences | Collision Probability |
|:---------:|:----------:|:-----------:|:------------------:|:---------------------:|
| iv_502 | 1.1255107769084905 × 10^298 | 3935 | 82 | ½^160.0000000000007 |
| iv_503 | 1.9793269634185688 × 10^298 | 4081 | 74 | ½^160.0000000000007 |
| iv_504 | 3.251300385245849 × 10^298 | 3967 | 78 | ½^160.00000000000068 |
| iv_505 | 5.10914451109552 × 10^298 | 4163 | 79 | ½^160.00000000000085 |
| iv_506 | 2.661671137798618 × 10^298 | 3997 | 82 | ½^160.00000000000077 |
| iv_507 | 3.753589796478589 × 10^298 | 4210 | 76 | ½^160.0000000000007 |
| iv_508 | 4.927624273646071 × 10^298 | 4033 | 70 | ½^160.0000000000008 |
| iv_509 | 6.197336356346964 × 10^298 | 4041 | 78 | ½^160.00000000000037 |
| iv_511 | 8.990207603694858 × 10^298 | 4239 | 80 | ½^160.0000000000006 |
| iv_512 | 1.0357292237640616 × 10^299 | 4405 | 80 | ½^160.00000000000063 |

### Input Bits Sorted by Complexity

| Input Bit | Complexity | Occurrences | Output Occurrences | Collision Probability |
|:---------:|:----------:|:-----------:|:------------------:|:---------------------:|
| iv_502 | 1.1255107769084905 × 10^298 | 3935 | 82 | ½^160.0000000000007 |
| iv_503 | 1.9793269634185688 × 10^298 | 4081 | 74 | ½^160.0000000000007 |
| iv_506 | 2.661671137798618 × 10^298 | 3997 | 82 | ½^160.00000000000077 |
| iv_504 | 3.251300385245849 × 10^298 | 3967 | 78 | ½^160.00000000000068 |
| iv_507 | 3.753589796478589 × 10^298 | 4210 | 76 | ½^160.0000000000007 |
| iv_508 | 4.927624273646071 × 10^298 | 4033 | 70 | ½^160.0000000000008 |
| iv_505 | 5.10914451109552 × 10^298 | 4163 | 79 | ½^160.00000000000085 |
| iv_509 | 6.197336356346964 × 10^298 | 4041 | 78 | ½^160.00000000000037 |
| iv_511 | 8.990207603694858 × 10^298 | 4239 | 80 | ½^160.0000000000006 |
| iv_512 | 1.0357292237640616 × 10^299 | 4405 | 80 | ½^160.00000000000063 |

### Input Bits Sorted by Occurrences

| Input Bit | Complexity | Occurrences | Output Occurrences | Collision Probability |
|:---------:|:----------:|:-----------:|:------------------:|:---------------------:|
| iv_502 | 1.1255107769084905 × 10^298 | 3935 | 82 | ½^160.0000000000007 |
| iv_504 | 3.251300385245849 × 10^298 | 3967 | 78 | ½^160.00000000000068 |
| iv_506 | 2.661671137798618 × 10^298 | 3997 | 82 | ½^160.00000000000077 |
| iv_508 | 4.927624273646071 × 10^298 | 4033 | 70 | ½^160.0000000000008 |
| iv_509 | 6.197336356346964 × 10^298 | 4041 | 78 | ½^160.00000000000037 |
| iv_503 | 1.9793269634185688 × 10^298 | 4081 | 74 | ½^160.0000000000007 |
| iv_505 | 5.10914451109552 × 10^298 | 4163 | 79 | ½^160.00000000000085 |
| iv_507 | 3.753589796478589 × 10^298 | 4210 | 76 | ½^160.0000000000007 |
| iv_511 | 8.990207603694858 × 10^298 | 4239 | 80 | ½^160.0000000000006 |
| iv_512 | 1.0357292237640616 × 10^299 | 4405 | 80 | ½^160.00000000000063 |

### Input Bits Sorted by Output Occurrences

| Input Bit | Complexity | Occurrences | Output Occurrences | Collision Probability |
|:---------:|:----------:|:-----------:|:------------------:|:---------------------:|
| iv_508 | 4.927624273646071 × 10^298 | 4033 | 70 | ½^160.0000000000008 |
| iv_503 | 1.9793269634185688 × 10^298 | 4081 | 74 | ½^160.0000000000007 |
| iv_507 | 3.753589796478589 × 10^298 | 4210 | 76 | ½^160.0000000000007 |
| iv_504 | 3.251300385245849 × 10^298 | 3967 | 78 | ½^160.00000000000068 |
| iv_509 | 6.197336356346964 × 10^298 | 4041 | 78 | ½^160.00000000000037 |
| iv_505 | 5.10914451109552 × 10^298 | 4163 | 79 | ½^160.00000000000085 |
| iv_511 | 8.990207603694858 × 10^298 | 4239 | 80 | ½^160.0000000000006 |
| iv_512 | 1.0357292237640616 × 10^299 | 4405 | 80 | ½^160.00000000000063 |
| iv_502 | 1.1255107769084905 × 10^298 | 3935 | 82 | ½^160.0000000000007 |
| iv_506 | 2.661671137798618 × 10^298 | 3997 | 82 | ½^160.00000000000077 |

### Input Bits Sorted by Collision Probability

| Input Bit | Complexity | Occurrences | Output Occurrences | Collision Probability |
|:---------:|:----------:|:-----------:|:------------------:|:---------------------:|
| iv_509 | 6.197336356346964 × 10^298 | 4041 | 78 | ½^160.00000000000037 |
| iv_511 | 8.990207603694858 × 10^298 | 4239 | 80 | ½^160.0000000000006 |
| iv_512 | 1.0357292237640616 × 10^299 | 4405 | 80 | ½^160.00000000000063 |
| iv_504 | 3.251300385245849 × 10^298 | 3967 | 78 | ½^160.00000000000068 |
| iv_502 | 1.1255107769084905 × 10^298 | 3935 | 82 | ½^160.0000000000007 |
| iv_507 | 3.753589796478589 × 10^298 | 4210 | 76 | ½^160.0000000000007 |
| iv_503 | 1.9793269634185688 × 10^298 | 4081 | 74 | ½^160.0000000000007 |
| iv_506 | 2.661671137798618 × 10^298 | 3997 | 82 | ½^160.00000000000077 |
| iv_508 | 4.927624273646071 × 10^298 | 4033 | 70 | ½^160.0000000000008 |
| iv_505 | 5.10914451109552 × 10^298 | 4163 | 79 | ½^160.00000000000085 |

## Input Bit/Output Bit Collision Probabilities

| Input Bit | Output Bit | Collision Probability |
|:---------:|:----------:|:---------------------:|
| iv_506 | ov_142 | 0.5000000000000044 |
| iv_512 | ov_045 | 0.5000000000000038 |
| iv_503 | aaa_77_28 | 0.5000000000000022 |
| iv_508 | ov_049 | 0.500000000000002 |
| iv_507 | ov_076 | 0.5000000000000018 |
| iv_508 | ov_036 | 0.5000000000000018 |
| iv_508 | ov_112 | 0.5000000000000018 |
| iv_508 | ov_144 | 0.5000000000000018 |
| iv_509 | ov_001 | 0.5000000000000018 |
| iv_509 | ov_005 | 0.5000000000000018 |

## Input Bit Co-occurrences

### Input Bit Co-occurrences Sorted by Co-occurrences

| Input Bits | Co-occurrences | Potential Occurrences | Output Co-occurrences | Potential Output Occurrences |
|:----------:|:--------------:|:---------------------:|:---------------------:|:----------------------------:|
| iv_511-iv_512 | 2158 | 4328 | 43 | 74 |
| iv_507-iv_512 | 2104 | 4407 | 42 | 72 |
| iv_505-iv_512 | 2060 | 4448 | 40 | 79 |
| iv_503-iv_512 | 2040 | 4406 | 34 | 86 |
| iv_508-iv_512 | 2032 | 4374 | 32 | 86 |
| iv_507-iv_511 | 2015 | 4419 | 39 | 78 |
| iv_505-iv_511 | 2009 | 4384 | 40 | 79 |
| iv_509-iv_512 | 2006 | 4434 | 37 | 84 |
| iv_503-iv_507 | 2005 | 4281 | 31 | 88 |
| iv_503-iv_511 | 2002 | 4316 | 37 | 80 |

### Input Bit Co-occurrences Sorted by Potential Occurrences

| Input Bits | Co-occurrences | Potential Occurrences | Output Co-occurrences | Potential Output Occurrences |
|:----------:|:--------------:|:---------------------:|:---------------------:|:----------------------------:|
| iv_504-iv_506 | 1873 | 4218 | 42 | 76 |
| iv_506-iv_509 | 1909 | 4220 | 43 | 74 |
| iv_506-iv_507 | 1993 | 4221 | 39 | 80 |
| iv_508-iv_509 | 1924 | 4226 | 35 | 78 |
| iv_506-iv_508 | 1901 | 4228 | 37 | 78 |
| iv_502-iv_505 | 1934 | 4230 | 43 | 75 |
| iv_507-iv_508 | 2000 | 4243 | 31 | 84 |
| iv_503-iv_506 | 1912 | 4254 | 38 | 80 |
| iv_505-iv_508 | 1968 | 4260 | 36 | 77 |
| iv_504-iv_508 | 1867 | 4266 | 37 | 74 |

### Input Bit Output Co-occurrences Sorted by Output Co-occurrences

| Input Bits | Co-occurrences | Potential Occurrences | Output Co-occurrences | Potential Output Occurrences |
|:----------:|:--------------:|:---------------------:|:---------------------:|:----------------------------:|
| iv_505-iv_507 | 1948 | 4477 | 47 | 61 |
| iv_502-iv_511 | 1910 | 4354 | 45 | 72 |
| iv_502-iv_506 | 1817 | 4298 | 44 | 76 |
| iv_507-iv_509 | 1975 | 4301 | 44 | 66 |
| iv_502-iv_505 | 1934 | 4230 | 43 | 75 |
| iv_511-iv_512 | 2158 | 4328 | 43 | 74 |
| iv_506-iv_509 | 1909 | 4220 | 43 | 74 |
| iv_502-iv_504 | 1807 | 4288 | 42 | 76 |
| iv_505-iv_509 | 1928 | 4348 | 42 | 73 |
| iv_502-iv_507 | 1895 | 4355 | 42 | 74 |

### Input Bit Output Co-occurrences Sorted by Potential Output Occurrences

| Input Bits | Co-occurrences | Potential Occurrences | Output Co-occurrences | Potential Output Occurrences |
|:----------:|:--------------:|:---------------------:|:---------------------:|:----------------------------:|
| iv_505-iv_507 | 1948 | 4477 | 47 | 61 |
| iv_507-iv_509 | 1975 | 4301 | 44 | 66 |
| iv_503-iv_504 | 1854 | 4340 | 41 | 70 |
| iv_502-iv_511 | 1910 | 4354 | 45 | 72 |
| iv_507-iv_512 | 2104 | 4407 | 42 | 72 |
| iv_505-iv_509 | 1928 | 4348 | 42 | 73 |
| iv_504-iv_508 | 1867 | 4266 | 37 | 74 |
| iv_502-iv_507 | 1895 | 4355 | 42 | 74 |
| iv_511-iv_512 | 2158 | 4328 | 43 | 74 |
| iv_506-iv_509 | 1909 | 4220 | 43 | 74 |

## Output Bits

### Output Bits in Regular Order

| Rank | Output Bit | Complexity |
|:----:|:----------:|:----------:|
| 1 | ov_001 | 7.594161860717455 × 10^298 |
| 2 | ov_002 | 6.612830835733555 × 10^298 |
| 3 | ov_003 | 5.725884981558917 × 10^298 |
| 4 | ov_004 | 4.929418302014841 × 10^298 |
| 5 | ov_005 | 4.2197390176895607 × 10^298 |
| 6 | ov_006 | 3.590045977501799 × 10^298 |
| 7 | ov_007 | 3.033896419179314 × 10^298 |
| 8 | ov_008 | 2.545184035067777 × 10^298 |
| 9 | ov_009 | 2.1181201366080533 × 10^298 |
| 10 | ov_010 | 1.747217584687288 × 10^298 |
| 11 | ov_011 | 1.427277211007947 × 10^298 |
| 12 | ov_012 | 1.153376534322516 × 10^298 |
| 13 | ov_013 | 9.208605904632095 × 10^297 |
| 14 | ov_014 | 7.253346540910292 × 10^297 |
| 15 | ov_015 | 5.626585925648288 × 10^297 |
| 16 | ov_016 | 4.289425930695391 × 10^297 |
| 17 | ov_017 | 3.205440233636625 × 10^297 |
| 18 | ov_018 | 2.34065205649549 × 10^297 |
| 19 | ov_019 | 1.6635190216483727 × 10^297 |
| 20 | ov_020 | 1.1449233015997224 × 10^297 |
| 21 | ov_021 | 7.581655080269493 × 10^296 |
| 22 | ov_022 | 4.7896111243112505 × 10^296 |
| 23 | ov_023 | 2.8543843556839477 × 10^296 |
| 24 | ov_024 | 1.5813747073030313 × 10^296 |
| 25 | ov_025 | 8.000914961078496 × 10^295 |
| 26 | ov_026 | 3.6414901923260957 × 10^295 |
| 27 | ov_027 | 1.5126419115059514 × 10^295 |
| 28 | ov_028 | 6.325544770552106 × 10^294 |
| 29 | ov_029 | 2.6042327521668444 × 10^294 |
| 30 | ov_030 | 8.609850364660298 × 10^293 |
| 31 | ov_031 | 2.0831844208484755 × 10^293 |
| 32 | lv_80_m31 | 5.038964549643433 × 10^292 |
| 33 | ov_033 | 6.0361801250482036 × 10^293 |
| 34 | ov_034 | 5.2200420794590984 × 10^293 |
| 35 | ov_035 | 4.4928177830736005 × 10^293 |
| 36 | ov_036 | 3.8470058492118594 × 10^293 |
| 37 | ov_037 | 3.2755107933876132 × 10^293 |
| 38 | ov_038 | 2.7716143383783873 × 10^293 |
| 39 | ov_039 | 2.3289505737688856 × 10^293 |
| 40 | ov_040 | 1.941484599382531 × 10^293 |
| 41 | ov_041 | 1.6034943046318417 × 10^293 |
| 42 | ov_042 | 1.3095549572582639 × 10^293 |
| 43 | ov_043 | 1.0570267750164078 × 10^293 |
| 44 | ov_044 | 8.410432749578218 × 10^292 |
| 45 | ov_045 | 6.570030104864543 × 10^292 |
| 46 | ov_046 | 5.026705382747538 × 10^292 |
| 47 | ov_047 | 3.759378476543731 × 10^292 |
| 48 | ov_048 | 2.7482191064065406 × 10^292 |
| 49 | ov_049 | 1.9572459327317058 × 10^292 |
| 50 | ov_050 | 1.352901733023269 × 10^292 |
| 51 | ov_051 | 9.040364005237071 × 10^291 |
| 52 | ov_052 | 5.818954747148827 × 10^291 |
| 53 | ov_053 | 3.601128569357802 × 10^291 |
| 54 | ov_054 | 2.147065211381521 × 10^291 |
| 55 | ov_055 | 1.2407618600060517 × 10^291 |
| 56 | ov_056 | 6.9002105895658345 × 10^290 |
| 57 | ov_057 | 4.046943794405437 × 10^290 |
| 58 | ov_058 | 2.4017824064590718 × 10^290 |
| 59 | ov_059 | 1.3011928025037014 × 10^290 |
| 60 | ov_060 | 6.262159184880332 × 10^289 |
| 61 | ov_061 | 2.578935846443195 × 10^289 |
| 62 | ov_062 | 8.528019666472961 × 10^288 |
| 63 | ov_063 | 2.0637352199780785 × 10^288 |
| 64 | lv_79_m31 | 4.9924946475998425 × 10^287 |
| 65 | ov_065 | 5.9396509500367 × 10^288 |
| 66 | ov_066 | 5.939637079600677 × 10^288 |
| 67 | ov_067 | 5.939632584575754 × 10^288 |
| 68 | ov_068 | 5.138399233415137 × 10^288 |
| 69 | ov_069 | 4.420150425908164 × 10^288 |
| 70 | ov_070 | 3.781296901726341 × 10^288 |
| 71 | ov_071 | 3.215310077723908 × 10^288 |
| 72 | ov_072 | 2.7160606123730343 × 10^288 |
| 73 | ov_073 | 2.2777919668324663 × 10^288 |
| 74 | ov_074 | 1.8950963903999703 × 10^288 |
| 75 | ov_075 | 1.5628932007749074 × 10^288 |
| 76 | ov_076 | 1.2764092337887938 × 10^288 |
| 77 | ov_077 | 1.0311613406770248 × 10^288 |
| 78 | ov_078 | 8.229408136745323 × 10^287 |
| 79 | ov_079 | 6.47799622824656 × 10^287 |
| 80 | ov_080 | 5.02038348489092 × 10^287 |
| 81 | ov_081 | 3.821956952248996 × 10^287 |
| 82 | ov_082 | 2.8503947353217186 × 10^287 |
| 83 | ov_083 | 2.075589365454584 × 10^287 |
| 84 | ov_084 | 1.4695835910824372 × 10^287 |
| 85 | ov_085 | 1.0065174689001622 × 10^287 |
| 86 | ov_086 | 6.625856332907635 × 10^286 |
| 87 | ov_087 | 4.160036225071975 × 10^286 |
| 88 | ov_088 | 2.469821404681089 × 10^286 |
| 89 | ov_089 | 1.3770813323714964 × 10^286 |
| 90 | ov_090 | 7.233155937777244 × 10^285 |
| 91 | ov_091 | 3.695673344470084 × 10^285 |
| 92 | ov_092 | 1.9637131334334516 × 10^285 |
| 93 | ov_093 | 1.0372601783084538 × 10^285 |
| 94 | ov_094 | 4.649432641306768 × 10^284 |
| 95 | aaa_78_28 | 1.4953915251246014 × 10^284 |
| 96 | aaa_78_29 | 5.6659377678514 × 10^283 |
| 97 | ov_097 | 6.170150462099678 × 10^283 |
| 98 | ov_098 | 6.169965444971603 × 10^283 |
| 99 | ov_099 | 6.169906350159431 × 10^283 |
| 100 | ov_100 | 5.552670348611372 × 10^283 |
| 101 | ov_101 | 4.980935691786447 × 10^283 |
| 102 | ov_102 | 4.452205970103284 × 10^283 |
| 103 | ov_103 | 3.964167354157925 × 10^283 |
| 104 | ov_104 | 3.514664861232665 × 10^283 |
| 105 | ov_105 | 3.101680782233998 × 10^283 |
| 106 | ov_106 | 2.723315153991064 × 10^283 |
| 107 | ov_107 | 2.377768166541204 × 10^283 |
| 108 | ov_108 | 2.0633243988860483 × 10^283 |
| 109 | ov_109 | 1.7783387798253322 × 10^283 |
| 110 | ov_110 | 1.5212241729668964 × 10^283 |
| 111 | ov_111 | 1.29044048695935 × 10^283 |
| 112 | ov_112 | 1.084485213479113 × 10^283 |
| 113 | ov_113 | 9.018852966086102 × 10^282 |
| 114 | ov_114 | 7.411902380408582 × 10^282 |
| 115 | ov_115 | 6.009663430997254 × 10^282 |
| 116 | ov_116 | 4.7979201293265324 × 10^282 |
| 117 | ov_117 | 3.76253988464166 × 10^282 |
| 118 | ov_118 | 2.889444518360744 × 10^282 |
| 119 | ov_119 | 2.1645889113640148 × 10^282 |
| 120 | ov_120 | 1.573946342581344 × 10^282 |
| 121 | ov_121 | 1.1034995774810248 × 10^282 |
| 122 | ov_122 | 7.392363405765842 × 10^281 |
| 123 | ov_123 | 4.671471922582058 × 10^281 |
| 124 | ov_124 | 2.7322429318534545 × 10^281 |
| 125 | ov_125 | 1.4346059383140572 × 10^281 |
| 126 | ov_126 | 6.384936853041005 × 10^280 |
| 127 | aaa_77_28 | 2.0383995056043622 × 10^280 |
| 128 | aaa_77_29 | 7.639380403718324 × 10^279 |
| 129 | ov_129 | 7.038886812371035 × 10^279 |
| 130 | ov_130 | 7.038870741264312 × 10^279 |
| 131 | ov_131 | 7.038865580089065 × 10^279 |
| 132 | ov_132 | 6.096743183569525 × 10^279 |
| 133 | ov_133 | 5.253283509958129 × 10^279 |
| 134 | ov_134 | 4.5009670234709087 × 10^279 |
| 135 | ov_135 | 3.8326919863050697 × 10^279 |
| 136 | ov_136 | 3.2417438645347176 × 10^279 |
| 137 | ov_137 | 2.721768662256555 × 10^279 |
| 138 | ov_138 | 2.266749905702381 × 10^279 |
| 139 | ov_139 | 1.8709889475054523 × 10^279 |
| 140 | ov_140 | 1.529088256896839 × 10^279 |
| 141 | ov_141 | 1.2359373799215957 × 10^279 |
| 142 | ov_142 | 9.867012716570066 × 10^278 |
| 143 | ov_143 | 7.768107199842597 × 10^278 |
| 144 | ov_144 | 6.0195459779190765 × 10^278 |
| 145 | ov_145 | 4.580736976405494 × 10^278 |
| 146 | ov_146 | 3.413559199460805 × 10^278 |
| 147 | ov_147 | 2.4823260268400025 × 10^278 |
| 148 | ov_148 | 1.75375797509183 × 10^278 |
| 149 | ov_149 | 1.1969631404487482 × 10^278 |
| 150 | ov_150 | 7.834237093497686 × 10^277 |
| 151 | ov_151 | 4.869870908309181 × 10^277 |
| 152 | ov_152 | 2.838603932486795 × 10^277 |
| 153 | ov_153 | 1.526071843067065 × 10^277 |
| 154 | ov_154 | 7.414573815149288 × 10^276 |
| 155 | ov_155 | 3.174816592984604 × 10^276 |
| 156 | aaa_76_25 | 1.1040009188462108 × 10^276 |
| 157 | aaa_76_26 | 6.79420412306134 × 10^275 |
| 158 | aaa_76_27 | 3.724930200031476 × 10^275 |
| 159 | aaa_76_28 | 1.7551797525906473 × 10^275 |
| 160 | aaa_76_29 | 6.607751029506996 × 10^274 |

### Output Bits Sorted by Complexity

| Rank | Output Bit | Complexity |
|:----:|:----------:|:----------:|
| 160 | aaa_76_29 | 6.607751029506996 × 10^274 |
| 159 | aaa_76_28 | 1.7551797525906473 × 10^275 |
| 158 | aaa_76_27 | 3.724930200031476 × 10^275 |
| 157 | aaa_76_26 | 6.79420412306134 × 10^275 |
| 156 | aaa_76_25 | 1.1040009188462108 × 10^276 |
| 155 | ov_155 | 3.174816592984604 × 10^276 |
| 154 | ov_154 | 7.414573815149288 × 10^276 |
| 153 | ov_153 | 1.526071843067065 × 10^277 |
| 152 | ov_152 | 2.838603932486795 × 10^277 |
| 151 | ov_151 | 4.869870908309181 × 10^277 |
| 150 | ov_150 | 7.834237093497686 × 10^277 |
| 149 | ov_149 | 1.1969631404487482 × 10^278 |
| 148 | ov_148 | 1.75375797509183 × 10^278 |
| 147 | ov_147 | 2.4823260268400025 × 10^278 |
| 146 | ov_146 | 3.413559199460805 × 10^278 |
| 145 | ov_145 | 4.580736976405494 × 10^278 |
| 144 | ov_144 | 6.0195459779190765 × 10^278 |
| 143 | ov_143 | 7.768107199842597 × 10^278 |
| 142 | ov_142 | 9.867012716570066 × 10^278 |
| 141 | ov_141 | 1.2359373799215957 × 10^279 |
| 140 | ov_140 | 1.529088256896839 × 10^279 |
| 139 | ov_139 | 1.8709889475054523 × 10^279 |
| 138 | ov_138 | 2.266749905702381 × 10^279 |
| 137 | ov_137 | 2.721768662256555 × 10^279 |
| 136 | ov_136 | 3.2417438645347176 × 10^279 |
| 135 | ov_135 | 3.8326919863050697 × 10^279 |
| 134 | ov_134 | 4.5009670234709087 × 10^279 |
| 133 | ov_133 | 5.253283509958129 × 10^279 |
| 132 | ov_132 | 6.096743183569525 × 10^279 |
| 131 | ov_131 | 7.038865580089065 × 10^279 |
| 130 | ov_130 | 7.038870741264312 × 10^279 |
| 129 | ov_129 | 7.038886812371035 × 10^279 |
| 128 | aaa_77_29 | 7.639380403718324 × 10^279 |
| 127 | aaa_77_28 | 2.0383995056043622 × 10^280 |
| 126 | ov_126 | 6.384936853041005 × 10^280 |
| 125 | ov_125 | 1.4346059383140572 × 10^281 |
| 124 | ov_124 | 2.7322429318534545 × 10^281 |
| 123 | ov_123 | 4.671471922582058 × 10^281 |
| 122 | ov_122 | 7.392363405765842 × 10^281 |
| 121 | ov_121 | 1.1034995774810248 × 10^282 |
| 120 | ov_120 | 1.573946342581344 × 10^282 |
| 119 | ov_119 | 2.1645889113640148 × 10^282 |
| 118 | ov_118 | 2.889444518360744 × 10^282 |
| 117 | ov_117 | 3.76253988464166 × 10^282 |
| 116 | ov_116 | 4.7979201293265324 × 10^282 |
| 115 | ov_115 | 6.009663430997254 × 10^282 |
| 114 | ov_114 | 7.411902380408582 × 10^282 |
| 113 | ov_113 | 9.018852966086102 × 10^282 |
| 112 | ov_112 | 1.084485213479113 × 10^283 |
| 111 | ov_111 | 1.29044048695935 × 10^283 |
| 110 | ov_110 | 1.5212241729668964 × 10^283 |
| 109 | ov_109 | 1.7783387798253322 × 10^283 |
| 108 | ov_108 | 2.0633243988860483 × 10^283 |
| 107 | ov_107 | 2.377768166541204 × 10^283 |
| 106 | ov_106 | 2.723315153991064 × 10^283 |
| 105 | ov_105 | 3.101680782233998 × 10^283 |
| 104 | ov_104 | 3.514664861232665 × 10^283 |
| 103 | ov_103 | 3.964167354157925 × 10^283 |
| 102 | ov_102 | 4.452205970103284 × 10^283 |
| 101 | ov_101 | 4.980935691786447 × 10^283 |
| 100 | ov_100 | 5.552670348611372 × 10^283 |
| 96 | aaa_78_29 | 5.6659377678514 × 10^283 |
| 99 | ov_099 | 6.169906350159431 × 10^283 |
| 98 | ov_098 | 6.169965444971603 × 10^283 |
| 97 | ov_097 | 6.170150462099678 × 10^283 |
| 95 | aaa_78_28 | 1.4953915251246014 × 10^284 |
| 94 | ov_094 | 4.649432641306768 × 10^284 |
| 93 | ov_093 | 1.0372601783084538 × 10^285 |
| 92 | ov_092 | 1.9637131334334516 × 10^285 |
| 91 | ov_091 | 3.695673344470084 × 10^285 |
| 90 | ov_090 | 7.233155937777244 × 10^285 |
| 89 | ov_089 | 1.3770813323714964 × 10^286 |
| 88 | ov_088 | 2.469821404681089 × 10^286 |
| 87 | ov_087 | 4.160036225071975 × 10^286 |
| 86 | ov_086 | 6.625856332907635 × 10^286 |
| 85 | ov_085 | 1.0065174689001622 × 10^287 |
| 84 | ov_084 | 1.4695835910824372 × 10^287 |
| 83 | ov_083 | 2.075589365454584 × 10^287 |
| 82 | ov_082 | 2.8503947353217186 × 10^287 |
| 81 | ov_081 | 3.821956952248996 × 10^287 |
| 64 | lv_79_m31 | 4.9924946475998425 × 10^287 |
| 80 | ov_080 | 5.02038348489092 × 10^287 |
| 79 | ov_079 | 6.47799622824656 × 10^287 |
| 78 | ov_078 | 8.229408136745323 × 10^287 |
| 77 | ov_077 | 1.0311613406770248 × 10^288 |
| 76 | ov_076 | 1.2764092337887938 × 10^288 |
| 75 | ov_075 | 1.5628932007749074 × 10^288 |
| 74 | ov_074 | 1.8950963903999703 × 10^288 |
| 63 | ov_063 | 2.0637352199780785 × 10^288 |
| 73 | ov_073 | 2.2777919668324663 × 10^288 |
| 72 | ov_072 | 2.7160606123730343 × 10^288 |
| 71 | ov_071 | 3.215310077723908 × 10^288 |
| 70 | ov_070 | 3.781296901726341 × 10^288 |
| 69 | ov_069 | 4.420150425908164 × 10^288 |
| 68 | ov_068 | 5.138399233415137 × 10^288 |
| 67 | ov_067 | 5.939632584575754 × 10^288 |
| 66 | ov_066 | 5.939637079600677 × 10^288 |
| 65 | ov_065 | 5.9396509500367 × 10^288 |
| 62 | ov_062 | 8.528019666472961 × 10^288 |
| 61 | ov_061 | 2.578935846443195 × 10^289 |
| 60 | ov_060 | 6.262159184880332 × 10^289 |
| 59 | ov_059 | 1.3011928025037014 × 10^290 |
| 58 | ov_058 | 2.4017824064590718 × 10^290 |
| 57 | ov_057 | 4.046943794405437 × 10^290 |
| 56 | ov_056 | 6.9002105895658345 × 10^290 |
| 55 | ov_055 | 1.2407618600060517 × 10^291 |
| 54 | ov_054 | 2.147065211381521 × 10^291 |
| 53 | ov_053 | 3.601128569357802 × 10^291 |
| 52 | ov_052 | 5.818954747148827 × 10^291 |
| 51 | ov_051 | 9.040364005237071 × 10^291 |
| 50 | ov_050 | 1.352901733023269 × 10^292 |
| 49 | ov_049 | 1.9572459327317058 × 10^292 |
| 48 | ov_048 | 2.7482191064065406 × 10^292 |
| 47 | ov_047 | 3.759378476543731 × 10^292 |
| 46 | ov_046 | 5.026705382747538 × 10^292 |
| 32 | lv_80_m31 | 5.038964549643433 × 10^292 |
| 45 | ov_045 | 6.570030104864543 × 10^292 |
| 44 | ov_044 | 8.410432749578218 × 10^292 |
| 43 | ov_043 | 1.0570267750164078 × 10^293 |
| 42 | ov_042 | 1.3095549572582639 × 10^293 |
| 41 | ov_041 | 1.6034943046318417 × 10^293 |
| 40 | ov_040 | 1.941484599382531 × 10^293 |
| 31 | ov_031 | 2.0831844208484755 × 10^293 |
| 39 | ov_039 | 2.3289505737688856 × 10^293 |
| 38 | ov_038 | 2.7716143383783873 × 10^293 |
| 37 | ov_037 | 3.2755107933876132 × 10^293 |
| 36 | ov_036 | 3.8470058492118594 × 10^293 |
| 35 | ov_035 | 4.4928177830736005 × 10^293 |
| 34 | ov_034 | 5.2200420794590984 × 10^293 |
| 33 | ov_033 | 6.0361801250482036 × 10^293 |
| 30 | ov_030 | 8.609850364660298 × 10^293 |
| 29 | ov_029 | 2.6042327521668444 × 10^294 |
| 28 | ov_028 | 6.325544770552106 × 10^294 |
| 27 | ov_027 | 1.5126419115059514 × 10^295 |
| 26 | ov_026 | 3.6414901923260957 × 10^295 |
| 25 | ov_025 | 8.000914961078496 × 10^295 |
| 24 | ov_024 | 1.5813747073030313 × 10^296 |
| 23 | ov_023 | 2.8543843556839477 × 10^296 |
| 22 | ov_022 | 4.7896111243112505 × 10^296 |
| 21 | ov_021 | 7.581655080269493 × 10^296 |
| 20 | ov_020 | 1.1449233015997224 × 10^297 |
| 19 | ov_019 | 1.6635190216483727 × 10^297 |
| 18 | ov_018 | 2.34065205649549 × 10^297 |
| 17 | ov_017 | 3.205440233636625 × 10^297 |
| 16 | ov_016 | 4.289425930695391 × 10^297 |
| 15 | ov_015 | 5.626585925648288 × 10^297 |
| 14 | ov_014 | 7.253346540910292 × 10^297 |
| 13 | ov_013 | 9.208605904632095 × 10^297 |
| 12 | ov_012 | 1.153376534322516 × 10^298 |
| 11 | ov_011 | 1.427277211007947 × 10^298 |
| 10 | ov_010 | 1.747217584687288 × 10^298 |
| 9 | ov_009 | 2.1181201366080533 × 10^298 |
| 8 | ov_008 | 2.545184035067777 × 10^298 |
| 7 | ov_007 | 3.033896419179314 × 10^298 |
| 6 | ov_006 | 3.590045977501799 × 10^298 |
| 5 | ov_005 | 4.2197390176895607 × 10^298 |
| 4 | ov_004 | 4.929418302014841 × 10^298 |
| 3 | ov_003 | 5.725884981558917 × 10^298 |
| 2 | ov_002 | 6.612830835733555 × 10^298 |
| 1 | ov_001 | 7.594161860717455 × 10^298 |

