# Results for F001-F002-F003-F004-F005-F006-F007-F008-F009-F010-F011-F012-F013-F014-F015-F016-F017-F018-F019-F020-F021-F022-F023-F024-F025-F026-F027-F028-F029-F030-F031-F032-F033-F034-F035-F036-F037-F038-F039-F040-F041-F042-F043-F044-F045-F046-F047-F048-F049-F050-F051-F052-F053-F054-F055-F056-F057-F058-F059-F060-F061-F062-F063-F064-F065-F066-F067-F068-F069-F070-F071-F072-F073-F074-F075-F076-F077-F078-F079-F080-F081-F082-F083-F084-F085-F086-F087-F088-F089-F090-F091-F092-F093-F094-F095-F096-F097-F098-F099-F100-F101-F102-F103-F104-F105-F106-F107-F108-F109-F110-F111-F112-F113-F114-F115-F116-F117-F118-F119-F120-F121-F122-F123-F124-F125-F126-F127-F128-F129-F130-F131-F132-F133-F134-F135-F136-F137-F138-F139-F140-F141-F142-F143-F144-F145-F146-F147-F148-F149-F150-F151-F152-F153-F154-F155-F156-F157-F158-F159-F160-F161-F162-F163-F164-F165-F166-F167-F168-F169-F170-F171-F172-F173-F174-F175-F176-F177-F178-F179-F180-F181-F182-F183-F184-F185-F186-F187-F188-F189-F190-F191-F192-F193-F194-F195-F196-F197-F198-F199-F200-F201-F202-F203-F204-F205-F206-F207-F208-F209-F210-F211-F212-F213-F214-F215-F216-F217-F218-F219-F220-F221-F222-F223-F224-F225-F226-F227-F228-F229-F230-F231-F232-F233-F234-F235-F236-F237-F238-F239-F240-F241-F242-F243-F244-F245-F246-F247-F248-F249-F250-F251-F252-F253-F254-F255-F256-F257-F258-F259-F260-F261-F262-F263-F264-F265-F266-F267-F268-F269-F270-F271-F272-F273-F274-F275-F276-F277-F278-F279-F280-F281-F282-F283-F284-F285-F286-F287-F288-F289-F290-F291-F292-F293-F294-F295-F296-F297-F298-F299-F300-F301-F302-F303-F304-F305-F306-F307-F308-F309-F310-F311-F312-F313-F314-F315-F316-F317-F318-F319-F320-F321-F322-F323-F324-F325-F326-F327-F328-F329-F330-F331-F332-F333-F334-F335-F336-F337-F338-F339-F340-F341-F342-F343-F344-F345-F346-F347-F348-F349-F350-F351-F352-F353-F354-F355-F356-F357-F358-F359-F360-F361-F362-F363-F364-F365-F366-F367-F368-F369-F370-F371-F372-F373-F374-F375-F376-F377-F378-F379-F380-F381-F382-F383-F384-F385-F386-F387-F388-F389-F390-F391-F392-F393-F394-F395-F396-F397-F398-F399-F400-F401-F402-F403-F404-F405-F406-F407-F408-F409-F410-F411-F412-F413-F414-F415-F416-F417-F418-F419-F420-F421-F422-F423-F424-F425-F426-F427-F428-F429-F430-F431-F432-F433-F434-F435-F436-F437-F438-F439-F440-F441-F442-F443-F444-F445-F446-F447-F448-F449-F450-F451-F452-F453-F454-F455-F456-F457-F458-F459-F460-F461-F462-F463-F464-F465-F466-F467-F468-F469-F470-F471-F472-F473-F474-F475-F476-F477-F478-F479-F480-F481-F482-F483-F484-F485-F486-F487-F488-F489-F490-F491-F492-F493-F494-F495-F496-F497-F498-F499-F500-F501-F510

## Summary

Number of input bits: 512  
Number of free input bits: 10  
Number of output bits: 160

Number of direct occurrences: 40659  
Number of assignments: 31099  
Number of operations: 11121381
(xor: 11092109,
and: 16094,
or: 13178)

Total complexity: 4.829892031323524 × 10^299

Least occurring input variable: iv_502 (3897)  
Most occurring input variable: iv_512 (4372)

Most co-occurring input variables: iv_511-iv_512 (2144)  
Least co-occurring input variables: iv_502-iv_503 (1771)

Potentially most occurring input variable: iv_506/iv_512 (4479)  
Potentially least occurring input variable: iv_506/iv_509 (4143)

Least output occurring input variable: iv_508 (70)  
Most output occurring input variable: iv_506 (82)

Most output co-occurring input variables: iv_505-iv_507 (47)  
Least output co-occurring input variables: iv_502-iv_508 (30)

Potentially most output occurring input variable: iv_509/iv_511 (92)  
Potentially least output occurring input variable: iv_505/iv_507 (61)

Least complex input bit: iv_502 (1.1255107769037319 × 10^298)  
Most complex input bit: iv_512 (1.0330250373142613 × 10^299)

Least complex output bit: aaa_76_29 (6.600360137807203 × 10^274)  
Most complex output bit: ov_001 (7.585667650264818 × 10^298)

Least complex input/output complexity: iv_502/aaa_76_29 (1.5380833398282228 × 10^273)  
Most complex input/output complexity: iv_512/ov_001 (1.6224347369771463 × 10^298)

Input variable with highest collision probability: iv_508 (½^160.00000000000017)

## Input Bits

### Input Bits in Regular Order

| Input Bit | Complexity | Occurrences | Output Occurrences | Collision Probability |
|:---------:|:----------:|:-----------:|:------------------:|:---------------------:|
| iv_502 | 1.1255107769037319 × 10^298 | 3897 | 82 | ½^160.0000000000007 |
| iv_503 | 1.9793269634114353 × 10^298 | 4044 | 74 | ½^160.00000000000045 |
| iv_504 | 3.251300385236312 × 10^298 | 3918 | 78 | ½^160.00000000000065 |
| iv_505 | 5.109144511083637 × 10^298 | 4119 | 79 | ½^160.00000000000063 |
| iv_506 | 2.6616711377962313 × 10^298 | 3955 | 82 | ½^160.00000000000063 |
| iv_507 | 3.753589796476203 × 10^298 | 4164 | 76 | ½^160.0000000000005 |
| iv_508 | 4.927624273643692 × 10^298 | 3994 | 70 | ½^160.00000000000017 |
| iv_509 | 6.197336356344565 × 10^298 | 3996 | 78 | ½^160.00000000000077 |
| iv_511 | 8.963165739196857 × 10^298 | 4200 | 80 | ½^160.00000000000063 |
| iv_512 | 1.0330250373142613 × 10^299 | 4372 | 80 | ½^160.00000000000097 |

### Input Bits Sorted by Complexity

| Input Bit | Complexity | Occurrences | Output Occurrences | Collision Probability |
|:---------:|:----------:|:-----------:|:------------------:|:---------------------:|
| iv_502 | 1.1255107769037319 × 10^298 | 3897 | 82 | ½^160.0000000000007 |
| iv_503 | 1.9793269634114353 × 10^298 | 4044 | 74 | ½^160.00000000000045 |
| iv_506 | 2.6616711377962313 × 10^298 | 3955 | 82 | ½^160.00000000000063 |
| iv_504 | 3.251300385236312 × 10^298 | 3918 | 78 | ½^160.00000000000065 |
| iv_507 | 3.753589796476203 × 10^298 | 4164 | 76 | ½^160.0000000000005 |
| iv_508 | 4.927624273643692 × 10^298 | 3994 | 70 | ½^160.00000000000017 |
| iv_505 | 5.109144511083637 × 10^298 | 4119 | 79 | ½^160.00000000000063 |
| iv_509 | 6.197336356344565 × 10^298 | 3996 | 78 | ½^160.00000000000077 |
| iv_511 | 8.963165739196857 × 10^298 | 4200 | 80 | ½^160.00000000000063 |
| iv_512 | 1.0330250373142613 × 10^299 | 4372 | 80 | ½^160.00000000000097 |

### Input Bits Sorted by Occurrences

| Input Bit | Complexity | Occurrences | Output Occurrences | Collision Probability |
|:---------:|:----------:|:-----------:|:------------------:|:---------------------:|
| iv_502 | 1.1255107769037319 × 10^298 | 3897 | 82 | ½^160.0000000000007 |
| iv_504 | 3.251300385236312 × 10^298 | 3918 | 78 | ½^160.00000000000065 |
| iv_506 | 2.6616711377962313 × 10^298 | 3955 | 82 | ½^160.00000000000063 |
| iv_508 | 4.927624273643692 × 10^298 | 3994 | 70 | ½^160.00000000000017 |
| iv_509 | 6.197336356344565 × 10^298 | 3996 | 78 | ½^160.00000000000077 |
| iv_503 | 1.9793269634114353 × 10^298 | 4044 | 74 | ½^160.00000000000045 |
| iv_505 | 5.109144511083637 × 10^298 | 4119 | 79 | ½^160.00000000000063 |
| iv_507 | 3.753589796476203 × 10^298 | 4164 | 76 | ½^160.0000000000005 |
| iv_511 | 8.963165739196857 × 10^298 | 4200 | 80 | ½^160.00000000000063 |
| iv_512 | 1.0330250373142613 × 10^299 | 4372 | 80 | ½^160.00000000000097 |

### Input Bits Sorted by Output Occurrences

| Input Bit | Complexity | Occurrences | Output Occurrences | Collision Probability |
|:---------:|:----------:|:-----------:|:------------------:|:---------------------:|
| iv_508 | 4.927624273643692 × 10^298 | 3994 | 70 | ½^160.00000000000017 |
| iv_503 | 1.9793269634114353 × 10^298 | 4044 | 74 | ½^160.00000000000045 |
| iv_507 | 3.753589796476203 × 10^298 | 4164 | 76 | ½^160.0000000000005 |
| iv_504 | 3.251300385236312 × 10^298 | 3918 | 78 | ½^160.00000000000065 |
| iv_509 | 6.197336356344565 × 10^298 | 3996 | 78 | ½^160.00000000000077 |
| iv_505 | 5.109144511083637 × 10^298 | 4119 | 79 | ½^160.00000000000063 |
| iv_511 | 8.963165739196857 × 10^298 | 4200 | 80 | ½^160.00000000000063 |
| iv_512 | 1.0330250373142613 × 10^299 | 4372 | 80 | ½^160.00000000000097 |
| iv_502 | 1.1255107769037319 × 10^298 | 3897 | 82 | ½^160.0000000000007 |
| iv_506 | 2.6616711377962313 × 10^298 | 3955 | 82 | ½^160.00000000000063 |

### Input Bits Sorted by Collision Probability

| Input Bit | Complexity | Occurrences | Output Occurrences | Collision Probability |
|:---------:|:----------:|:-----------:|:------------------:|:---------------------:|
| iv_508 | 4.927624273643692 × 10^298 | 3994 | 70 | ½^160.00000000000017 |
| iv_503 | 1.9793269634114353 × 10^298 | 4044 | 74 | ½^160.00000000000045 |
| iv_507 | 3.753589796476203 × 10^298 | 4164 | 76 | ½^160.0000000000005 |
| iv_506 | 2.6616711377962313 × 10^298 | 3955 | 82 | ½^160.00000000000063 |
| iv_505 | 5.109144511083637 × 10^298 | 4119 | 79 | ½^160.00000000000063 |
| iv_511 | 8.963165739196857 × 10^298 | 4200 | 80 | ½^160.00000000000063 |
| iv_504 | 3.251300385236312 × 10^298 | 3918 | 78 | ½^160.00000000000065 |
| iv_502 | 1.1255107769037319 × 10^298 | 3897 | 82 | ½^160.0000000000007 |
| iv_509 | 6.197336356344565 × 10^298 | 3996 | 78 | ½^160.00000000000077 |
| iv_512 | 1.0330250373142613 × 10^299 | 4372 | 80 | ½^160.00000000000097 |

## Input Bit/Output Bit Collision Probabilities

| Input Bit | Output Bit | Collision Probability |
|:---------:|:----------:|:---------------------:|
| iv_508 | ov_144 | 0.5000000000000042 |
| iv_508 | ov_100 | 0.500000000000004 |
| iv_508 | ov_050 | 0.5000000000000022 |
| iv_508 | ov_083 | 0.5000000000000022 |
| iv_503 | ov_058 | 0.500000000000002 |
| iv_503 | ov_073 | 0.500000000000002 |
| iv_504 | ov_054 | 0.500000000000002 |
| iv_504 | ov_154 | 0.500000000000002 |
| iv_506 | ov_060 | 0.500000000000002 |
| iv_507 | ov_078 | 0.500000000000002 |

## Input Bit Co-occurrences

### Input Bit Co-occurrences Sorted by Co-occurrences

| Input Bits | Co-occurrences | Potential Occurrences | Output Co-occurrences | Potential Output Occurrences |
|:----------:|:--------------:|:---------------------:|:---------------------:|:----------------------------:|
| iv_511-iv_512 | 2144 | 4284 | 43 | 74 |
| iv_507-iv_512 | 2099 | 4338 | 42 | 72 |
| iv_505-iv_512 | 2057 | 4377 | 40 | 79 |
| iv_503-iv_512 | 2039 | 4338 | 34 | 86 |
| iv_508-iv_512 | 2023 | 4320 | 32 | 86 |
| iv_505-iv_511 | 2008 | 4303 | 40 | 79 |
| iv_507-iv_511 | 2005 | 4354 | 39 | 78 |
| iv_503-iv_511 | 2001 | 4242 | 37 | 80 |
| iv_509-iv_512 | 1999 | 4370 | 37 | 84 |
| iv_503-iv_507 | 1995 | 4218 | 31 | 88 |

### Input Bit Co-occurrences Sorted by Potential Occurrences

| Input Bits | Co-occurrences | Potential Occurrences | Output Co-occurrences | Potential Output Occurrences |
|:----------:|:--------------:|:---------------------:|:---------------------:|:----------------------------:|
| iv_506-iv_509 | 1904 | 4143 | 43 | 74 |
| iv_506-iv_507 | 1987 | 4145 | 39 | 80 |
| iv_504-iv_506 | 1861 | 4151 | 42 | 76 |
| iv_508-iv_509 | 1917 | 4156 | 35 | 78 |
| iv_502-iv_505 | 1927 | 4162 | 43 | 75 |
| iv_506-iv_508 | 1892 | 4165 | 37 | 78 |
| iv_507-iv_508 | 1995 | 4168 | 31 | 84 |
| iv_503-iv_506 | 1907 | 4185 | 38 | 80 |
| iv_505-iv_508 | 1963 | 4187 | 36 | 77 |
| iv_504-iv_508 | 1858 | 4196 | 37 | 74 |

### Input Bit Output Co-occurrences Sorted by Output Co-occurrences

| Input Bits | Co-occurrences | Potential Occurrences | Output Co-occurrences | Potential Output Occurrences |
|:----------:|:--------------:|:---------------------:|:---------------------:|:----------------------------:|
| iv_505-iv_507 | 1938 | 4407 | 47 | 61 |
| iv_502-iv_511 | 1908 | 4281 | 45 | 72 |
| iv_502-iv_506 | 1805 | 4242 | 44 | 76 |
| iv_507-iv_509 | 1964 | 4232 | 44 | 66 |
| iv_502-iv_505 | 1927 | 4162 | 43 | 75 |
| iv_511-iv_512 | 2144 | 4284 | 43 | 74 |
| iv_506-iv_509 | 1904 | 4143 | 43 | 74 |
| iv_502-iv_504 | 1794 | 4227 | 42 | 76 |
| iv_505-iv_509 | 1918 | 4279 | 42 | 73 |
| iv_502-iv_507 | 1886 | 4289 | 42 | 74 |

### Input Bit Output Co-occurrences Sorted by Potential Output Occurrences

| Input Bits | Co-occurrences | Potential Occurrences | Output Co-occurrences | Potential Output Occurrences |
|:----------:|:--------------:|:---------------------:|:---------------------:|:----------------------------:|
| iv_505-iv_507 | 1938 | 4407 | 47 | 61 |
| iv_507-iv_509 | 1964 | 4232 | 44 | 66 |
| iv_503-iv_504 | 1846 | 4270 | 41 | 70 |
| iv_502-iv_511 | 1908 | 4281 | 45 | 72 |
| iv_507-iv_512 | 2099 | 4338 | 42 | 72 |
| iv_505-iv_509 | 1918 | 4279 | 42 | 73 |
| iv_504-iv_508 | 1858 | 4196 | 37 | 74 |
| iv_502-iv_507 | 1886 | 4289 | 42 | 74 |
| iv_511-iv_512 | 2144 | 4284 | 43 | 74 |
| iv_506-iv_509 | 1904 | 4143 | 43 | 74 |

## Output Bits

### Output Bits in Regular Order

| Rank | Output Bit | Complexity |
|:----:|:----------:|:----------:|
| 1 | ov_001 | 7.585667650264818 × 10^298 |
| 2 | ov_002 | 6.605434262176577 × 10^298 |
| 3 | ov_003 | 5.719480473338922 × 10^298 |
| 4 | ov_004 | 4.9239046565021 × 10^298 |
| 5 | ov_005 | 4.2150191615778736 × 10^298 |
| 6 | ov_006 | 3.5860304446982014 × 10^298 |
| 7 | ov_007 | 3.030502949939567 × 10^298 |
| 8 | ov_008 | 2.542337199665653 × 10^298 |
| 9 | ov_009 | 2.1157509800725077 × 10^298 |
| 10 | ov_010 | 1.7452632895138276 × 10^298 |
| 11 | ov_011 | 1.4256807750579493 × 10^298 |
| 12 | ov_012 | 1.1520864613436475 × 10^298 |
| 13 | ov_013 | 9.198305908666257 × 10^297 |
| 14 | ov_014 | 7.245233538694329 × 10^297 |
| 15 | ov_015 | 5.620292485258308 × 10^297 |
| 16 | ov_016 | 4.284628128483037 × 10^297 |
| 17 | ov_017 | 3.201854889468666 × 10^297 |
| 18 | ov_018 | 2.33803399389307 × 10^297 |
| 19 | ov_019 | 1.6616583448652064 × 10^297 |
| 20 | ov_020 | 1.1436426837179492 × 10^297 |
| 21 | ov_021 | 7.57317485888203 × 10^296 |
| 22 | ov_022 | 4.784253855711718 × 10^296 |
| 23 | ov_023 | 2.8511916740062884 × 10^296 |
| 24 | ov_024 | 1.5796059104542589 × 10^296 |
| 25 | ov_025 | 7.99196578976249 × 10^295 |
| 26 | ov_026 | 3.637417118217045 × 10^295 |
| 27 | ov_027 | 1.5109499935601053 × 10^295 |
| 28 | ov_028 | 6.318469531770775 × 10^294 |
| 29 | ov_029 | 2.6013198696828698 × 10^294 |
| 30 | ov_030 | 8.60022008783654 × 10^293 |
| 31 | ov_031 | 2.0808543405569468 × 10^293 |
| 32 | lv_80_k31 | 5.033328374627273 × 10^292 |
| 33 | ov_033 | 6.029428545973046 × 10^293 |
| 34 | ov_034 | 5.214203365877828 × 10^293 |
| 35 | ov_035 | 4.4877924833137716 × 10^293 |
| 36 | ov_036 | 3.8427029020407226 × 10^293 |
| 37 | ov_037 | 3.2718470740030115 × 10^293 |
| 38 | ov_038 | 2.7685142364954517 × 10^293 |
| 39 | ov_039 | 2.326345599491249 × 10^293 |
| 40 | ov_040 | 1.939313012961255 × 10^293 |
| 41 | ov_041 | 1.6017007666044789 × 10^293 |
| 42 | ov_042 | 1.3080901958256974 × 10^293 |
| 43 | ov_043 | 1.0558444710247712 × 10^293 |
| 44 | ov_044 | 8.401025525044039 × 10^292 |
| 45 | ov_045 | 6.5626814047164 × 10^292 |
| 46 | ov_046 | 5.021082919836217 × 10^292 |
| 47 | ov_047 | 3.7551735422091 × 10^292 |
| 48 | ov_048 | 2.7451451725231286 × 10^292 |
| 49 | ov_049 | 1.955056716967661 × 10^292 |
| 50 | ov_050 | 1.3513884874205543 × 10^292 |
| 51 | ov_051 | 9.030252190946393 × 10^291 |
| 52 | ov_052 | 5.812446138675215 × 10^291 |
| 53 | ov_053 | 3.597100640470303 × 10^291 |
| 54 | ov_054 | 2.1446636792446637 × 10^291 |
| 55 | ov_055 | 1.2393740449247044 × 10^291 |
| 56 | ov_056 | 6.892492576440718 × 10^290 |
| 57 | ov_057 | 4.0424172129458704 × 10^290 |
| 58 | ov_058 | 2.3990959684299548 × 10^290 |
| 59 | ov_059 | 1.2997373942958394 × 10^290 |
| 60 | ov_060 | 6.255154844048538 × 10^289 |
| 61 | ov_061 | 2.5760512590159963 × 10^289 |
| 62 | ov_062 | 8.518480918798125 × 10^288 |
| 63 | ov_063 | 2.0614268939773264 × 10^288 |
| 64 | lv_79_k31 | 4.986910450028318 × 10^287 |
| 65 | ov_065 | 5.933007340628558 × 10^288 |
| 66 | ov_066 | 5.932993485706875 × 10^288 |
| 67 | ov_067 | 5.932988995709719 × 10^288 |
| 68 | ov_068 | 5.132651838866692 × 10^288 |
| 69 | ov_069 | 4.4152064059308983 × 10^288 |
| 70 | ov_070 | 3.7770674512278857 × 10^288 |
| 71 | ov_071 | 3.21171369395285 × 10^288 |
| 72 | ov_072 | 2.71302264835979 × 10^288 |
| 73 | ov_073 | 2.2752442144025793 × 10^288 |
| 74 | ov_074 | 1.8929766900481304 × 10^288 |
| 75 | ov_075 | 1.5611450758328977 × 10^288 |
| 76 | ov_076 | 1.2749815464607723 × 10^288 |
| 77 | ov_077 | 1.0300079676519332 × 10^288 |
| 78 | ov_078 | 8.220203391587634 × 10^287 |
| 79 | ov_079 | 6.470750469691065 × 10^287 |
| 80 | ov_080 | 5.014768093139238 × 10^287 |
| 81 | ov_081 | 3.817682022732251 × 10^287 |
| 82 | ov_082 | 2.8472065161082005 × 10^287 |
| 83 | ov_083 | 2.073267780372941 × 10^287 |
| 84 | ov_084 | 1.4679398346641065 × 10^287 |
| 85 | ov_085 | 1.0053916605013029 × 10^287 |
| 86 | ov_086 | 6.618445190091233 × 10^286 |
| 87 | ov_087 | 4.1553831476376986 × 10^286 |
| 88 | ov_088 | 2.467058863774461 × 10^286 |
| 89 | ov_089 | 1.3755410414398445 × 10^286 |
| 90 | ov_090 | 7.225065519124195 × 10^285 |
| 91 | ov_091 | 3.6915396655035466 × 10^285 |
| 92 | ov_092 | 1.9615166839858475 × 10^285 |
| 93 | ov_093 | 1.0360999836207073 × 10^285 |
| 94 | ov_094 | 4.6442321649322905 × 10^284 |
| 95 | aaa_78_28 | 1.4937189020548719 × 10^284 |
| 96 | aaa_78_29 | 5.65960031169832 × 10^283 |
| 97 | ov_097 | 6.1632490347254985 × 10^283 |
| 98 | ov_098 | 6.163064224542501 × 10^283 |
| 99 | ov_099 | 6.163005195828969 × 10^283 |
| 100 | ov_100 | 5.54645958416096 × 10^283 |
| 101 | ov_101 | 4.975364423120719 × 10^283 |
| 102 | ov_102 | 4.447226095407148 × 10^283 |
| 103 | ov_103 | 3.9597333596772607 × 10^283 |
| 104 | ov_104 | 3.510733643601365 × 10^283 |
| 105 | ov_105 | 3.0982114949308815 × 10^283 |
| 106 | ov_106 | 2.7202690756388875 × 10^283 |
| 107 | ov_107 | 2.3751085888834436 × 10^283 |
| 108 | ov_108 | 2.0610165323962835 × 10^283 |
| 109 | ov_109 | 1.7763496750196973 × 10^283 |
| 110 | ov_110 | 1.519522655602925 × 10^283 |
| 111 | ov_111 | 1.288997105415228 × 10^283 |
| 112 | ov_112 | 1.0832721967163658 × 10^283 |
| 113 | ov_113 | 9.00876521229044 × 10^282 |
| 114 | ov_114 | 7.403612030554537 × 10^282 |
| 115 | ov_115 | 6.002941511334668 × 10^282 |
| 116 | ov_116 | 4.7925535669512614 × 10^282 |
| 117 | ov_117 | 3.7583314142136185 × 10^282 |
| 118 | ov_118 | 2.8862126212428885 × 10^282 |
| 119 | ov_119 | 2.1621677786447242 × 10^282 |
| 120 | ov_120 | 1.5721858544958578 × 10^282 |
| 121 | ov_121 | 1.1022652928005776 × 10^282 |
| 122 | ov_122 | 7.384094910616198 × 10^281 |
| 123 | ov_123 | 4.666246794863981 × 10^281 |
| 124 | ov_124 | 2.7291868676166702 × 10^281 |
| 125 | ov_125 | 1.4330013050470632 × 10^281 |
| 126 | ov_126 | 6.377795183117287 × 10^280 |
| 127 | aaa_77_28 | 2.036119518068579 × 10^280 |
| 128 | aaa_77_29 | 7.630835615489278 × 10^279 |
| 129 | ov_129 | 7.031013687326672 × 10^279 |
| 130 | ov_130 | 7.030997634195778 × 10^279 |
| 131 | ov_131 | 7.030992478793401 × 10^279 |
| 132 | ov_132 | 6.089923863593638 × 10^279 |
| 133 | ov_133 | 5.247407615222231 × 10^279 |
| 134 | ov_134 | 4.49593260863502 × 10^279 |
| 135 | ov_135 | 3.828405049454249 × 10^279 |
| 136 | ov_136 | 3.2381179140843673 × 10^279 |
| 137 | ov_137 | 2.7187243136839776 × 10^279 |
| 138 | ov_138 | 2.2642145040220284 × 10^279 |
| 139 | ov_139 | 1.8688962117742223 × 10^279 |
| 140 | ov_140 | 1.52737794340959 × 10^279 |
| 141 | ov_141 | 1.2345549611104244 × 10^279 |
| 142 | ov_142 | 9.85597628041153 × 10^278 |
| 143 | ov_143 | 7.759418428312006 × 10^278 |
| 144 | ov_144 | 6.0128130044450386 × 10^278 |
| 145 | ov_145 | 4.57561333740235 × 10^278 |
| 146 | ov_146 | 3.409741070381579 × 10^278 |
| 147 | ov_147 | 2.4795494992822863 × 10^278 |
| 148 | ov_148 | 1.7517963643707735 × 10^278 |
| 149 | ov_149 | 1.195624315045037 × 10^278 |
| 150 | ov_150 | 7.82547435445834 × 10^277 |
| 151 | ov_151 | 4.864423867657291 × 10^277 |
| 152 | ov_152 | 2.835428901504252 × 10^277 |
| 153 | ov_153 | 1.5243649034944565 × 10^277 |
| 154 | ov_154 | 7.406280477246091 × 10^276 |
| 155 | ov_155 | 3.171265501924927 × 10^276 |
| 156 | aaa_76_25 | 1.1027660734061771 × 10^276 |
| 157 | aaa_76_26 | 6.786604680129002 × 10^275 |
| 158 | aaa_76_27 | 3.720763796731052 × 10^275 |
| 159 | aaa_76_28 | 1.7532165515851706 × 10^275 |
| 160 | aaa_76_29 | 6.600360137807203 × 10^274 |

### Output Bits Sorted by Complexity

| Rank | Output Bit | Complexity |
|:----:|:----------:|:----------:|
| 160 | aaa_76_29 | 6.600360137807203 × 10^274 |
| 159 | aaa_76_28 | 1.7532165515851706 × 10^275 |
| 158 | aaa_76_27 | 3.720763796731052 × 10^275 |
| 157 | aaa_76_26 | 6.786604680129002 × 10^275 |
| 156 | aaa_76_25 | 1.1027660734061771 × 10^276 |
| 155 | ov_155 | 3.171265501924927 × 10^276 |
| 154 | ov_154 | 7.406280477246091 × 10^276 |
| 153 | ov_153 | 1.5243649034944565 × 10^277 |
| 152 | ov_152 | 2.835428901504252 × 10^277 |
| 151 | ov_151 | 4.864423867657291 × 10^277 |
| 150 | ov_150 | 7.82547435445834 × 10^277 |
| 149 | ov_149 | 1.195624315045037 × 10^278 |
| 148 | ov_148 | 1.7517963643707735 × 10^278 |
| 147 | ov_147 | 2.4795494992822863 × 10^278 |
| 146 | ov_146 | 3.409741070381579 × 10^278 |
| 145 | ov_145 | 4.57561333740235 × 10^278 |
| 144 | ov_144 | 6.0128130044450386 × 10^278 |
| 143 | ov_143 | 7.759418428312006 × 10^278 |
| 142 | ov_142 | 9.85597628041153 × 10^278 |
| 141 | ov_141 | 1.2345549611104244 × 10^279 |
| 140 | ov_140 | 1.52737794340959 × 10^279 |
| 139 | ov_139 | 1.8688962117742223 × 10^279 |
| 138 | ov_138 | 2.2642145040220284 × 10^279 |
| 137 | ov_137 | 2.7187243136839776 × 10^279 |
| 136 | ov_136 | 3.2381179140843673 × 10^279 |
| 135 | ov_135 | 3.828405049454249 × 10^279 |
| 134 | ov_134 | 4.49593260863502 × 10^279 |
| 133 | ov_133 | 5.247407615222231 × 10^279 |
| 132 | ov_132 | 6.089923863593638 × 10^279 |
| 131 | ov_131 | 7.030992478793401 × 10^279 |
| 130 | ov_130 | 7.030997634195778 × 10^279 |
| 129 | ov_129 | 7.031013687326672 × 10^279 |
| 128 | aaa_77_29 | 7.630835615489278 × 10^279 |
| 127 | aaa_77_28 | 2.036119518068579 × 10^280 |
| 126 | ov_126 | 6.377795183117287 × 10^280 |
| 125 | ov_125 | 1.4330013050470632 × 10^281 |
| 124 | ov_124 | 2.7291868676166702 × 10^281 |
| 123 | ov_123 | 4.666246794863981 × 10^281 |
| 122 | ov_122 | 7.384094910616198 × 10^281 |
| 121 | ov_121 | 1.1022652928005776 × 10^282 |
| 120 | ov_120 | 1.5721858544958578 × 10^282 |
| 119 | ov_119 | 2.1621677786447242 × 10^282 |
| 118 | ov_118 | 2.8862126212428885 × 10^282 |
| 117 | ov_117 | 3.7583314142136185 × 10^282 |
| 116 | ov_116 | 4.7925535669512614 × 10^282 |
| 115 | ov_115 | 6.002941511334668 × 10^282 |
| 114 | ov_114 | 7.403612030554537 × 10^282 |
| 113 | ov_113 | 9.00876521229044 × 10^282 |
| 112 | ov_112 | 1.0832721967163658 × 10^283 |
| 111 | ov_111 | 1.288997105415228 × 10^283 |
| 110 | ov_110 | 1.519522655602925 × 10^283 |
| 109 | ov_109 | 1.7763496750196973 × 10^283 |
| 108 | ov_108 | 2.0610165323962835 × 10^283 |
| 107 | ov_107 | 2.3751085888834436 × 10^283 |
| 106 | ov_106 | 2.7202690756388875 × 10^283 |
| 105 | ov_105 | 3.0982114949308815 × 10^283 |
| 104 | ov_104 | 3.510733643601365 × 10^283 |
| 103 | ov_103 | 3.9597333596772607 × 10^283 |
| 102 | ov_102 | 4.447226095407148 × 10^283 |
| 101 | ov_101 | 4.975364423120719 × 10^283 |
| 100 | ov_100 | 5.54645958416096 × 10^283 |
| 96 | aaa_78_29 | 5.65960031169832 × 10^283 |
| 99 | ov_099 | 6.163005195828969 × 10^283 |
| 98 | ov_098 | 6.163064224542501 × 10^283 |
| 97 | ov_097 | 6.1632490347254985 × 10^283 |
| 95 | aaa_78_28 | 1.4937189020548719 × 10^284 |
| 94 | ov_094 | 4.6442321649322905 × 10^284 |
| 93 | ov_093 | 1.0360999836207073 × 10^285 |
| 92 | ov_092 | 1.9615166839858475 × 10^285 |
| 91 | ov_091 | 3.6915396655035466 × 10^285 |
| 90 | ov_090 | 7.225065519124195 × 10^285 |
| 89 | ov_089 | 1.3755410414398445 × 10^286 |
| 88 | ov_088 | 2.467058863774461 × 10^286 |
| 87 | ov_087 | 4.1553831476376986 × 10^286 |
| 86 | ov_086 | 6.618445190091233 × 10^286 |
| 85 | ov_085 | 1.0053916605013029 × 10^287 |
| 84 | ov_084 | 1.4679398346641065 × 10^287 |
| 83 | ov_083 | 2.073267780372941 × 10^287 |
| 82 | ov_082 | 2.8472065161082005 × 10^287 |
| 81 | ov_081 | 3.817682022732251 × 10^287 |
| 64 | lv_79_k31 | 4.986910450028318 × 10^287 |
| 80 | ov_080 | 5.014768093139238 × 10^287 |
| 79 | ov_079 | 6.470750469691065 × 10^287 |
| 78 | ov_078 | 8.220203391587634 × 10^287 |
| 77 | ov_077 | 1.0300079676519332 × 10^288 |
| 76 | ov_076 | 1.2749815464607723 × 10^288 |
| 75 | ov_075 | 1.5611450758328977 × 10^288 |
| 74 | ov_074 | 1.8929766900481304 × 10^288 |
| 63 | ov_063 | 2.0614268939773264 × 10^288 |
| 73 | ov_073 | 2.2752442144025793 × 10^288 |
| 72 | ov_072 | 2.71302264835979 × 10^288 |
| 71 | ov_071 | 3.21171369395285 × 10^288 |
| 70 | ov_070 | 3.7770674512278857 × 10^288 |
| 69 | ov_069 | 4.4152064059308983 × 10^288 |
| 68 | ov_068 | 5.132651838866692 × 10^288 |
| 67 | ov_067 | 5.932988995709719 × 10^288 |
| 66 | ov_066 | 5.932993485706875 × 10^288 |
| 65 | ov_065 | 5.933007340628558 × 10^288 |
| 62 | ov_062 | 8.518480918798125 × 10^288 |
| 61 | ov_061 | 2.5760512590159963 × 10^289 |
| 60 | ov_060 | 6.255154844048538 × 10^289 |
| 59 | ov_059 | 1.2997373942958394 × 10^290 |
| 58 | ov_058 | 2.3990959684299548 × 10^290 |
| 57 | ov_057 | 4.0424172129458704 × 10^290 |
| 56 | ov_056 | 6.892492576440718 × 10^290 |
| 55 | ov_055 | 1.2393740449247044 × 10^291 |
| 54 | ov_054 | 2.1446636792446637 × 10^291 |
| 53 | ov_053 | 3.597100640470303 × 10^291 |
| 52 | ov_052 | 5.812446138675215 × 10^291 |
| 51 | ov_051 | 9.030252190946393 × 10^291 |
| 50 | ov_050 | 1.3513884874205543 × 10^292 |
| 49 | ov_049 | 1.955056716967661 × 10^292 |
| 48 | ov_048 | 2.7451451725231286 × 10^292 |
| 47 | ov_047 | 3.7551735422091 × 10^292 |
| 46 | ov_046 | 5.021082919836217 × 10^292 |
| 32 | lv_80_k31 | 5.033328374627273 × 10^292 |
| 45 | ov_045 | 6.5626814047164 × 10^292 |
| 44 | ov_044 | 8.401025525044039 × 10^292 |
| 43 | ov_043 | 1.0558444710247712 × 10^293 |
| 42 | ov_042 | 1.3080901958256974 × 10^293 |
| 41 | ov_041 | 1.6017007666044789 × 10^293 |
| 40 | ov_040 | 1.939313012961255 × 10^293 |
| 31 | ov_031 | 2.0808543405569468 × 10^293 |
| 39 | ov_039 | 2.326345599491249 × 10^293 |
| 38 | ov_038 | 2.7685142364954517 × 10^293 |
| 37 | ov_037 | 3.2718470740030115 × 10^293 |
| 36 | ov_036 | 3.8427029020407226 × 10^293 |
| 35 | ov_035 | 4.4877924833137716 × 10^293 |
| 34 | ov_034 | 5.214203365877828 × 10^293 |
| 33 | ov_033 | 6.029428545973046 × 10^293 |
| 30 | ov_030 | 8.60022008783654 × 10^293 |
| 29 | ov_029 | 2.6013198696828698 × 10^294 |
| 28 | ov_028 | 6.318469531770775 × 10^294 |
| 27 | ov_027 | 1.5109499935601053 × 10^295 |
| 26 | ov_026 | 3.637417118217045 × 10^295 |
| 25 | ov_025 | 7.99196578976249 × 10^295 |
| 24 | ov_024 | 1.5796059104542589 × 10^296 |
| 23 | ov_023 | 2.8511916740062884 × 10^296 |
| 22 | ov_022 | 4.784253855711718 × 10^296 |
| 21 | ov_021 | 7.57317485888203 × 10^296 |
| 20 | ov_020 | 1.1436426837179492 × 10^297 |
| 19 | ov_019 | 1.6616583448652064 × 10^297 |
| 18 | ov_018 | 2.33803399389307 × 10^297 |
| 17 | ov_017 | 3.201854889468666 × 10^297 |
| 16 | ov_016 | 4.284628128483037 × 10^297 |
| 15 | ov_015 | 5.620292485258308 × 10^297 |
| 14 | ov_014 | 7.245233538694329 × 10^297 |
| 13 | ov_013 | 9.198305908666257 × 10^297 |
| 12 | ov_012 | 1.1520864613436475 × 10^298 |
| 11 | ov_011 | 1.4256807750579493 × 10^298 |
| 10 | ov_010 | 1.7452632895138276 × 10^298 |
| 9 | ov_009 | 2.1157509800725077 × 10^298 |
| 8 | ov_008 | 2.542337199665653 × 10^298 |
| 7 | ov_007 | 3.030502949939567 × 10^298 |
| 6 | ov_006 | 3.5860304446982014 × 10^298 |
| 5 | ov_005 | 4.2150191615778736 × 10^298 |
| 4 | ov_004 | 4.9239046565021 × 10^298 |
| 3 | ov_003 | 5.719480473338922 × 10^298 |
| 2 | ov_002 | 6.605434262176577 × 10^298 |
| 1 | ov_001 | 7.585667650264818 × 10^298 |

