# Results for F001-F002-F003-F004-F005-F006-F007-F008-F009-F010-F011-F012-F013-F014-F015-F016-F017-F018-F019-F020-F021-F022-F023-F024-F025-F026-F027-F028-F029-F030-F031-F032-F033-F034-F035-F036-F037-F038-F039-F040-F041-F042-F043-F044-F045-F046-F047-F048-F049-F050-F051-F052-F053-F054-F055-F056-F057-F058-F059-F060-F061-F062-F063-F064-F065-F066-F067-F068-F069-F070-F071-F072-F073-F074-F075-F076-F077-F078-F079-F080-F081-F082-F083-F084-F085-F086-F087-F088-F089-F090-F091-F092-F093-F094-F095-F096-F097-F098-F099-F100-F101-F102-F103-F104-F105-F106-F107-F108-F109-F110-F111-F112-F113-F114-F115-F116-F117-F118-F119-F120-F121-F122-F123-F124-F125-F126-F127-F128-F129-F130-F131-F132-F133-F134-F135-F136-F137-F138-F139-F140-F141-F142-F143-F144-F145-F146-F147-F148-F149-F150-F151-F152-F153-F154-F155-F156-F157-F158-F159-F160-F161-F162-F163-F164-F165-F166-F167-F168-F169-F170-F171-F172-F173-F174-F175-F176-F177-F178-F179-F180-F181-F182-F183-F184-F185-F186-F187-F188-F189-F190-F191-F192-F193-F194-F195-F196-F197-F198-F199-F200-F201-F202-F203-F204-F205-F206-F207-F208-F209-F210-F211-F212-F213-F214-F215-F216-F217-F218-F219-F220-F221-F222-F223-F224-F225-F226-F227-F228-F229-F230-F231-F232-F233-F234-F235-F236-F237-F238-F239-F240-F241-F242-F243-F244-F245-F246-F247-F248-F249-F250-F251-F252-F253-F254-F255-F256-F257-F258-F259-F260-F261-F262-F263-F264-F265-F266-F267-F268-F269-F270-F271-F272-F273-F274-F275-F276-F277-F278-F279-F280-F281-F282-F283-F284-F285-F286-F287-F288-F289-F290-F291-F292-F293-F294-F295-F296-F297-F298-F299-F300-F301-F302-F303-F304-F305-F306-F307-F308-F309-F310-F311-F312-F313-F314-F315-F316-F317-F318-F319-F320-F321-F322-F323-F324-F325-F326-F327-F328-F329-F330-F331-F332-F333-F334-F335-F336-F337-F338-F339-F340-F341-F342-F343-F344-F345-F346-F347-F348-F349-F350-F351-F352-F353-F354-F355-F356-F357-F358-F359-F360-F361-F362-F363-F364-F365-F366-F367-F368-F369-F370-F371-F372-F373-F374-F375-F376-F377-F378-F379-F380-F381-F382-F383-F384-F385-F386-F387-F388-F389-F390-F391-F392-F393-F394-F395-F396-F397-F398-F399-F400-F401-F402-F403-F404-F405-F406-F407-F408-F409-F410-F411-F412-F413-F414-F415-F416-F417-F418-F419-F420-F421-F422-F423-F424-F425-F426-F427-F428-F429-F430-F431-F432-F433-F434-F435-F436-F437-F438-F439-F440-F441-F442-F443-F444-F445-F446-F447-F448-F449-F450-F451-F452-F453-F454-F455-F456-F457-F458-F459-F460-F461-F462-F463-F464-F465-F466-F467-F468-F469-F470-F471-F472-F473-F474-F475-F476-F477-F478-F479-F480-F481-F482-F483-F484-F485-F486-F487-F488-F489-F490-F491-F492-F493-F494-F495-F496-E499505-T507-F509-F510-F511-F512

## Summary

Number of input bits: 512  
Number of free input bits: 10  
Number of output bits: 160

Number of direct occurrences: 41304  
Number of assignments: 31306  
Number of operations: 11513229
(xor: 11484350,
and: 15547,
or: 13332)

Total complexity: 3.067158175138584 × 10^304

Least occurring input variable: iv_498 (3942)  
Most occurring input variable: iv_499 (4400)

Most co-occurring input variables: iv_499-iv_506 (2189)  
Least co-occurring input variables: iv_497-iv_498 (1813)

Potentially most occurring input variable: iv_499/iv_503 (4529)  
Potentially least occurring input variable: iv_501/iv_502 (4126)

Least output occurring input variable: iv_508 (74)  
Most output occurring input variable: iv_506 (88)

Most output co-occurring input variables: iv_499-iv_506 (50)  
Least output co-occurring input variables: iv_501-iv_508 (31)

Potentially most output occurring input variable: iv_503/iv_506 (92)  
Potentially least output occurring input variable: iv_504/iv_508 (64)

Least complex input bit: iv_497 (1.368345510736015 × 10^302)  
Most complex input bit: iv_499 (8.541481135822001 × 10^303)

Least complex output bit: aaa_76_29 (1.0935945689487339 × 10^279)  
Most complex output bit: ov_001 (4.9061440726082904 × 10^303)

Least complex input/output complexity: iv_497/aaa_76_29 (4.878832892009797 × 10^276)  
Most complex input/output complexity: iv_499/ov_001 (1.3662724467711929 × 10^303)

## Input Bits

### Input Bits in Regular Order

| Input Bit | Complexity | Occurrences | Output Occurrences |
|:---------:|:----------:|:-----------:|:------------------:|
| iv_497 | 1.368345510736015 × 10^302 | 4072 | 76 |
| iv_498 | 2.7360602796939782 × 10^302 | 3942 | 80 |
| iv_499 | 8.541481135822001 × 10^303 | 4400 | 86 |
| iv_500 | 8.114294509354758 × 10^302 | 4077 | 82 |
| iv_501 | 1.3345056660830804 × 10^303 | 4051 | 78 |
| iv_502 | 2.149547195939492 × 10^303 | 4139 | 83 |
| iv_503 | 3.402734982604797 × 10^303 | 4079 | 74 |
| iv_504 | 5.2829802066053996 × 10^303 | 3977 | 78 |
| iv_506 | 4.031142415283951 × 10^303 | 4259 | 88 |
| iv_508 | 4.70732011906867 × 10^303 | 4308 | 74 |

### Input Bits Sorted by Complexity

| Input Bit | Complexity | Occurrences | Output Occurrences |
|:---------:|:----------:|:-----------:|:------------------:|
| iv_497 | 1.368345510736015 × 10^302 | 4072 | 76 |
| iv_498 | 2.7360602796939782 × 10^302 | 3942 | 80 |
| iv_500 | 8.114294509354758 × 10^302 | 4077 | 82 |
| iv_501 | 1.3345056660830804 × 10^303 | 4051 | 78 |
| iv_502 | 2.149547195939492 × 10^303 | 4139 | 83 |
| iv_503 | 3.402734982604797 × 10^303 | 4079 | 74 |
| iv_506 | 4.031142415283951 × 10^303 | 4259 | 88 |
| iv_508 | 4.70732011906867 × 10^303 | 4308 | 74 |
| iv_504 | 5.2829802066053996 × 10^303 | 3977 | 78 |
| iv_499 | 8.541481135822001 × 10^303 | 4400 | 86 |

### Input Bits Sorted by Occurrences

| Input Bit | Complexity | Occurrences | Output Occurrences |
|:---------:|:----------:|:-----------:|:------------------:|
| iv_498 | 2.7360602796939782 × 10^302 | 3942 | 80 |
| iv_504 | 5.2829802066053996 × 10^303 | 3977 | 78 |
| iv_501 | 1.3345056660830804 × 10^303 | 4051 | 78 |
| iv_497 | 1.368345510736015 × 10^302 | 4072 | 76 |
| iv_500 | 8.114294509354758 × 10^302 | 4077 | 82 |
| iv_503 | 3.402734982604797 × 10^303 | 4079 | 74 |
| iv_502 | 2.149547195939492 × 10^303 | 4139 | 83 |
| iv_506 | 4.031142415283951 × 10^303 | 4259 | 88 |
| iv_508 | 4.70732011906867 × 10^303 | 4308 | 74 |
| iv_499 | 8.541481135822001 × 10^303 | 4400 | 86 |

### Input Bits Sorted by Output Occurrences

| Input Bit | Complexity | Occurrences | Output Occurrences |
|:---------:|:----------:|:-----------:|:------------------:|
| iv_508 | 4.70732011906867 × 10^303 | 4308 | 74 |
| iv_503 | 3.402734982604797 × 10^303 | 4079 | 74 |
| iv_497 | 1.368345510736015 × 10^302 | 4072 | 76 |
| iv_501 | 1.3345056660830804 × 10^303 | 4051 | 78 |
| iv_504 | 5.2829802066053996 × 10^303 | 3977 | 78 |
| iv_498 | 2.7360602796939782 × 10^302 | 3942 | 80 |
| iv_500 | 8.114294509354758 × 10^302 | 4077 | 82 |
| iv_502 | 2.149547195939492 × 10^303 | 4139 | 83 |
| iv_499 | 8.541481135822001 × 10^303 | 4400 | 86 |
| iv_506 | 4.031142415283951 × 10^303 | 4259 | 88 |

## Input Bit Co-occurrences

### Input Bit Co-occurrences Sorted by Co-occurrences

| Input Bits | Co-occurrences | Potential Occurrences | Output Co-occurrences | Potential Output Occurrences |
|:----------:|:--------------:|:---------------------:|:---------------------:|:----------------------------:|
| iv_499-iv_506 | 2189 | 4281 | 50 | 74 |
| iv_506-iv_508 | 2125 | 4317 | 41 | 80 |
| iv_499-iv_508 | 2124 | 4460 | 46 | 68 |
| iv_499-iv_502 | 2100 | 4339 | 47 | 75 |
| iv_499-iv_500 | 2071 | 4335 | 48 | 72 |
| iv_499-iv_504 | 2065 | 4247 | 40 | 84 |
| iv_501-iv_502 | 2032 | 4126 | 43 | 75 |
| iv_502-iv_506 | 2031 | 4336 | 48 | 75 |
| iv_500-iv_506 | 2017 | 4302 | 44 | 82 |
| iv_504-iv_506 | 2015 | 4206 | 43 | 80 |

### Input Bit Co-occurrences Sorted by Potential Occurrences

| Input Bits | Co-occurrences | Potential Occurrences | Output Co-occurrences | Potential Output Occurrences |
|:----------:|:--------------:|:---------------------:|:---------------------:|:----------------------------:|
| iv_501-iv_502 | 2032 | 4126 | 43 | 75 |
| iv_502-iv_504 | 1992 | 4132 | 39 | 83 |
| iv_504-iv_506 | 2015 | 4206 | 43 | 80 |
| iv_498-iv_506 | 1997 | 4207 | 46 | 76 |
| iv_497-iv_501 | 1953 | 4217 | 37 | 80 |
| iv_498-iv_504 | 1849 | 4221 | 38 | 82 |
| iv_499-iv_504 | 2065 | 4247 | 40 | 84 |
| iv_498-iv_501 | 1872 | 4249 | 40 | 78 |
| iv_500-iv_502 | 1977 | 4262 | 45 | 75 |
| iv_503-iv_504 | 1893 | 4270 | 41 | 70 |

### Input Bit Output Co-occurrences Sorted by Output Co-occurrences

| Input Bits | Co-occurrences | Potential Occurrences | Output Co-occurrences | Potential Output Occurrences |
|:----------:|:--------------:|:---------------------:|:---------------------:|:----------------------------:|
| iv_499-iv_506 | 2189 | 4281 | 50 | 74 |
| iv_502-iv_506 | 2031 | 4336 | 48 | 75 |
| iv_499-iv_500 | 2071 | 4335 | 48 | 72 |
| iv_499-iv_502 | 2100 | 4339 | 47 | 75 |
| iv_498-iv_506 | 1997 | 4207 | 46 | 76 |
| iv_499-iv_508 | 2124 | 4460 | 46 | 68 |
| iv_498-iv_499 | 2012 | 4318 | 45 | 76 |
| iv_500-iv_502 | 1977 | 4262 | 45 | 75 |
| iv_497-iv_499 | 2005 | 4462 | 44 | 74 |
| iv_499-iv_501 | 2003 | 4445 | 44 | 76 |

### Input Bit Output Co-occurrences Sorted by Potential Output Occurrences

| Input Bits | Co-occurrences | Potential Occurrences | Output Co-occurrences | Potential Output Occurrences |
|:----------:|:--------------:|:---------------------:|:---------------------:|:----------------------------:|
| iv_504-iv_508 | 1949 | 4387 | 44 | 64 |
| iv_499-iv_508 | 2124 | 4460 | 46 | 68 |
| iv_503-iv_504 | 1893 | 4270 | 41 | 70 |
| iv_499-iv_500 | 2071 | 4335 | 48 | 72 |
| iv_497-iv_499 | 2005 | 4462 | 44 | 74 |
| iv_499-iv_506 | 2189 | 4281 | 50 | 74 |
| iv_500-iv_503 | 1896 | 4364 | 41 | 74 |
| iv_497-iv_504 | 1850 | 4349 | 40 | 74 |
| iv_499-iv_502 | 2100 | 4339 | 47 | 75 |
| iv_501-iv_502 | 2032 | 4126 | 43 | 75 |

## Output Bits

### Output Bits in Regular Order

| Rank | Output Bit | Complexity |
|:----:|:----------:|:----------:|
| 1 | ov_001 | 4.9061440726082904 × 10^303 |
| 2 | ov_002 | 4.254729645883198 × 10^303 |
| 3 | ov_003 | 3.671182676023265 × 10^303 |
| 4 | ov_004 | 3.150361530785394 × 10^303 |
| 5 | ov_005 | 2.6874048480449396 × 10^303 |
| 6 | ov_006 | 2.277711450743066 × 10^303 |
| 7 | ov_007 | 1.916922890916783 × 10^303 |
| 8 | ov_008 | 1.6009084481106714 × 10^303 |
| 9 | ov_009 | 1.3257523876700503 × 10^303 |
| 10 | ov_010 | 1.0877432487566104 × 10^303 |
| 11 | ov_011 | 8.833649292934004 × 10^302 |
| 12 | ov_012 | 7.092893483507492 × 10^302 |
| 13 | ov_013 | 5.623704795354639 × 10^302 |
| 14 | ov_014 | 4.396395618012727 × 10^302 |
| 15 | ov_015 | 3.3830130680731678 × 10^302 |
| 16 | ov_016 | 2.5573093455234333 × 10^302 |
| 17 | ov_017 | 1.894718815352423 × 10^302 |
| 18 | ov_018 | 1.3723404556282602 × 10^302 |
| 19 | ov_019 | 9.689245855984302 × 10^301 |
| 20 | ov_020 | 6.648629699419426 × 10^301 |
| 21 | ov_021 | 4.421815390368859 × 10^301 |
| 22 | ov_022 | 2.845351595704489 × 10^301 |
| 23 | ov_023 | 1.7720401795367624 × 10^301 |
| 24 | ov_024 | 1.0709124082803073 × 10^301 |
| 25 | ov_025 | 6.272143876333122 × 10^300 |
| 26 | ov_026 | 3.423990833655033 × 10^300 |
| 27 | ov_027 | 1.7124403039590237 × 10^300 |
| 28 | ov_028 | 7.662776445761666 × 10^299 |
| 29 | ov_029 | 2.9529444327175063 × 10^299 |
| 30 | ov_030 | 9.028752752081459 × 10^298 |
| 31 | ov_031 | 1.7614848481220024 × 10^298 |
| 32 | lv_80_m31 | 3.436185370376697 × 10^297 |
| 33 | ov_033 | 4.1042383820934487 × 10^298 |
| 34 | ov_034 | 3.5598467428022287 × 10^298 |
| 35 | ov_035 | 3.072703728260724 × 10^298 |
| 36 | ov_036 | 2.637933168970504 × 10^298 |
| 37 | ov_037 | 2.2509224691035674 × 10^298 |
| 38 | ov_038 | 1.9073039320387526 × 10^298 |
| 39 | ov_039 | 1.6029386084410902 × 10^298 |
| 40 | ov_040 | 1.3358123415291017 × 10^298 |
| 41 | ov_041 | 1.1022041364992972 × 10^298 |
| 42 | ov_042 | 9.003029104739006 × 10^297 |
| 43 | ov_043 | 7.283918649719452 × 10^297 |
| 44 | ov_044 | 5.833058493208839 × 10^297 |
| 45 | ov_045 | 4.6205205643601735 × 10^297 |
| 46 | ov_046 | 3.618055372795326 × 10^297 |
| 47 | ov_047 | 2.7990566213103983 × 10^297 |
| 48 | ov_048 | 2.1385338189917267 × 10^297 |
| 49 | ov_049 | 1.6130915362112916 × 10^297 |
| 50 | ov_050 | 1.2009140518296521 × 10^297 |
| 51 | ov_051 | 8.817542515494537 × 10^296 |
| 52 | ov_052 | 6.3692574479315845 × 10^296 |
| 53 | ov_053 | 4.492973200225604 × 10^296 |
| 54 | ov_054 | 3.1069159486735804 × 10^296 |
| 55 | ov_055 | 2.070774199916499 × 10^296 |
| 56 | ov_056 | 1.3182614831992052 × 10^296 |
| 57 | ov_057 | 7.90823548353683 × 10^295 |
| 58 | ov_058 | 4.3763472313115154 × 10^295 |
| 59 | ov_059 | 2.1559599994157245 × 10^295 |
| 60 | ov_060 | 8.933415834608369 × 10^294 |
| 61 | ov_061 | 3.120144535669957 × 10^294 |
| 62 | ov_062 | 8.558076526083105 × 10^293 |
| 63 | ov_063 | 1.66777076680652 × 10^293 |
| 64 | lv_79_m31 | 3.249337877161438 × 10^292 |
| 65 | ov_065 | 3.8583432326694946 × 10^293 |
| 66 | ov_066 | 3.858331947602702 × 10^293 |
| 67 | ov_067 | 3.858329232383692 × 10^293 |
| 68 | ov_068 | 3.3379156677598917 × 10^293 |
| 69 | ov_069 | 2.872341624257348 × 10^293 |
| 70 | ov_070 | 2.4574906297038346 × 10^293 |
| 71 | ov_071 | 2.0894550139342342 × 10^293 |
| 72 | ov_072 | 1.7645212261580147 × 10^293 |
| 73 | ov_073 | 1.4791575199287597 × 10^293 |
| 74 | ov_074 | 1.230003744477617 × 10^293 |
| 75 | ov_075 | 1.0138629949040335 × 10^293 |
| 76 | ov_076 | 8.276948869337418 × 10^292 |
| 77 | ov_077 | 6.686102347499393 × 10^292 |
| 78 | ov_078 | 5.338669228608829 × 10^292 |
| 79 | ov_079 | 4.2086677515602944 × 10^292 |
| 80 | ov_080 | 3.2715323628290767 × 10^292 |
| 81 | ov_081 | 2.5040969229764167 × 10^292 |
| 82 | ov_082 | 1.8845826924377794 × 10^292 |
| 83 | ov_083 | 1.3925895992873002 × 10^292 |
| 84 | ov_084 | 1.0090895440123337 × 10^292 |
| 85 | ov_085 | 7.164210075632716 × 10^291 |
| 86 | ov_086 | 4.982846969589795 × 10^291 |
| 87 | ov_087 | 3.3974011401811935 × 10^291 |
| 88 | ov_088 | 2.2720293287594937 × 10^291 |
| 89 | ov_089 | 1.4844307199822062 × 10^291 |
| 90 | ov_090 | 9.258334643140826 × 10^290 |
| 91 | ov_091 | 5.452325206961722 × 10^290 |
| 92 | ov_092 | 2.9838122884987343 × 10^290 |
| 93 | ov_093 | 1.4778940540225235 × 10^290 |
| 94 | ov_094 | 6.272240829629963 × 10^289 |
| 95 | aaa_78_28 | 1.9200754802187132 × 10^289 |
| 96 | aaa_78_29 | 5.816361383650877 × 10^288 |
| 97 | ov_097 | 3.0695762303808415 × 10^288 |
| 98 | ov_098 | 3.069557409727704 × 10^288 |
| 99 | ov_099 | 3.0695514011363307 × 10^288 |
| 100 | ov_100 | 2.6024841523458088 × 10^288 |
| 101 | ov_101 | 2.191014860178897 × 10^288 |
| 102 | ov_102 | 1.8305031222560544 × 10^288 |
| 103 | ov_103 | 1.5165621464697768 × 10^288 |
| 104 | ov_104 | 1.245040245330599 × 10^288 |
| 105 | ov_105 | 1.0120047672890839 × 10^288 |
| 106 | ov_106 | 8.13728240887001 × 10^287 |
| 107 | ov_107 | 6.466765189830473 × 10^287 |
| 108 | ov_108 | 5.07498721309399 × 10^287 |
| 109 | ov_109 | 3.9301878432509454 × 10^287 |
| 110 | ov_110 | 3.0022843780994764 × 10^287 |
| 111 | ov_111 | 2.262814379472704 × 10^287 |
| 112 | ov_112 | 1.684888968234278 × 10^287 |
| 113 | ov_113 | 1.2431555836543344 × 10^287 |
| 114 | ov_114 | 9.13768807734736 × 10^286 |
| 115 | ov_115 | 6.743679550416978 × 10^286 |
| 116 | ov_116 | 5.040602283642526 × 10^286 |
| 117 | ov_117 | 3.8340834013007945 × 10^286 |
| 118 | ov_118 | 2.944215990210305 × 10^286 |
| 119 | ov_119 | 2.2054956067310935 × 10^286 |
| 120 | ov_120 | 1.6035961490791482 × 10^286 |
| 121 | ov_121 | 1.124212353880021 × 10^286 |
| 122 | ov_122 | 7.530520870641367 × 10^285 |
| 123 | ov_123 | 4.758309048159395 × 10^285 |
| 124 | ov_124 | 2.7826838790759645 × 10^285 |
| 125 | ov_125 | 1.4608587315436455 × 10^285 |
| 126 | ov_126 | 6.500529756084457 × 10^284 |
| 127 | aaa_77_28 | 2.074875520445483 × 10^284 |
| 128 | aaa_77_29 | 7.773607926594986 × 10^283 |
| 129 | ov_129 | 7.148647410047538 × 10^283 |
| 130 | ov_130 | 7.148626142800476 × 10^283 |
| 131 | ov_131 | 7.148621010686322 × 10^283 |
| 132 | ov_132 | 6.186992734013877 × 10^283 |
| 133 | ov_133 | 5.32664822498032 × 10^283 |
| 134 | ov_134 | 4.559930317932156 × 10^283 |
| 135 | ov_135 | 3.8795832790827265 × 10^283 |
| 136 | ov_136 | 3.278724141677225 × 10^283 |
| 137 | ov_137 | 2.750818254083962 × 10^283 |
| 138 | ov_138 | 2.2896586053627814 × 10^283 |
| 139 | ov_139 | 1.8893485146311538 × 10^283 |
| 140 | ov_140 | 1.544287291782666 × 10^283 |
| 141 | ov_141 | 1.2491584979486964 × 10^283 |
| 142 | ov_142 | 9.989204740464597 × 10^282 |
| 143 | ov_143 | 7.887988649127059 × 10^282 |
| 144 | ov_144 | 6.142808867384275 × 10^282 |
| 145 | ov_145 | 4.7111106684147114 × 10^282 |
| 146 | ov_146 | 3.552881854795006 × 10^282 |
| 147 | ov_147 | 2.6306316943325155 × 10^282 |
| 148 | ov_148 | 1.9093770708745904 × 10^282 |
| 149 | ov_149 | 1.3566337471155076 × 10^282 |
| 150 | ov_150 | 9.424109300318064 × 10^281 |
| 151 | ov_151 | 6.392077986729857 × 10^281 |
| 152 | ov_152 | 4.2201115480077224 × 10^281 |
| 153 | ov_153 | 2.6829375794463645 × 10^281 |
| 154 | ov_154 | 1.5801316364412985 × 10^281 |
| 155 | ov_155 | 8.17692286251506 × 10^280 |
| 156 | aaa_76_25 | 3.1403695823387196 × 10^280 |
| 157 | aaa_76_26 | 1.8116780247024598 × 10^280 |
| 158 | aaa_76_27 | 9.263190386540519 × 10^279 |
| 159 | aaa_76_28 | 3.6013376274766645 × 10^279 |
| 160 | aaa_76_29 | 1.0935945689487339 × 10^279 |

### Output Bits Sorted by Complexity

| Rank | Output Bit | Complexity |
|:----:|:----------:|:----------:|
| 160 | aaa_76_29 | 1.0935945689487339 × 10^279 |
| 159 | aaa_76_28 | 3.6013376274766645 × 10^279 |
| 158 | aaa_76_27 | 9.263190386540519 × 10^279 |
| 157 | aaa_76_26 | 1.8116780247024598 × 10^280 |
| 156 | aaa_76_25 | 3.1403695823387196 × 10^280 |
| 155 | ov_155 | 8.17692286251506 × 10^280 |
| 154 | ov_154 | 1.5801316364412985 × 10^281 |
| 153 | ov_153 | 2.6829375794463645 × 10^281 |
| 152 | ov_152 | 4.2201115480077224 × 10^281 |
| 151 | ov_151 | 6.392077986729857 × 10^281 |
| 150 | ov_150 | 9.424109300318064 × 10^281 |
| 149 | ov_149 | 1.3566337471155076 × 10^282 |
| 148 | ov_148 | 1.9093770708745904 × 10^282 |
| 147 | ov_147 | 2.6306316943325155 × 10^282 |
| 146 | ov_146 | 3.552881854795006 × 10^282 |
| 145 | ov_145 | 4.7111106684147114 × 10^282 |
| 144 | ov_144 | 6.142808867384275 × 10^282 |
| 143 | ov_143 | 7.887988649127059 × 10^282 |
| 142 | ov_142 | 9.989204740464597 × 10^282 |
| 141 | ov_141 | 1.2491584979486964 × 10^283 |
| 140 | ov_140 | 1.544287291782666 × 10^283 |
| 139 | ov_139 | 1.8893485146311538 × 10^283 |
| 138 | ov_138 | 2.2896586053627814 × 10^283 |
| 137 | ov_137 | 2.750818254083962 × 10^283 |
| 136 | ov_136 | 3.278724141677225 × 10^283 |
| 135 | ov_135 | 3.8795832790827265 × 10^283 |
| 134 | ov_134 | 4.559930317932156 × 10^283 |
| 133 | ov_133 | 5.32664822498032 × 10^283 |
| 132 | ov_132 | 6.186992734013877 × 10^283 |
| 131 | ov_131 | 7.148621010686322 × 10^283 |
| 130 | ov_130 | 7.148626142800476 × 10^283 |
| 129 | ov_129 | 7.148647410047538 × 10^283 |
| 128 | aaa_77_29 | 7.773607926594986 × 10^283 |
| 127 | aaa_77_28 | 2.074875520445483 × 10^284 |
| 126 | ov_126 | 6.500529756084457 × 10^284 |
| 125 | ov_125 | 1.4608587315436455 × 10^285 |
| 124 | ov_124 | 2.7826838790759645 × 10^285 |
| 123 | ov_123 | 4.758309048159395 × 10^285 |
| 122 | ov_122 | 7.530520870641367 × 10^285 |
| 121 | ov_121 | 1.124212353880021 × 10^286 |
| 120 | ov_120 | 1.6035961490791482 × 10^286 |
| 119 | ov_119 | 2.2054956067310935 × 10^286 |
| 118 | ov_118 | 2.944215990210305 × 10^286 |
| 117 | ov_117 | 3.8340834013007945 × 10^286 |
| 116 | ov_116 | 5.040602283642526 × 10^286 |
| 115 | ov_115 | 6.743679550416978 × 10^286 |
| 114 | ov_114 | 9.13768807734736 × 10^286 |
| 113 | ov_113 | 1.2431555836543344 × 10^287 |
| 112 | ov_112 | 1.684888968234278 × 10^287 |
| 111 | ov_111 | 2.262814379472704 × 10^287 |
| 110 | ov_110 | 3.0022843780994764 × 10^287 |
| 109 | ov_109 | 3.9301878432509454 × 10^287 |
| 108 | ov_108 | 5.07498721309399 × 10^287 |
| 107 | ov_107 | 6.466765189830473 × 10^287 |
| 106 | ov_106 | 8.13728240887001 × 10^287 |
| 105 | ov_105 | 1.0120047672890839 × 10^288 |
| 104 | ov_104 | 1.245040245330599 × 10^288 |
| 103 | ov_103 | 1.5165621464697768 × 10^288 |
| 102 | ov_102 | 1.8305031222560544 × 10^288 |
| 101 | ov_101 | 2.191014860178897 × 10^288 |
| 100 | ov_100 | 2.6024841523458088 × 10^288 |
| 99 | ov_099 | 3.0695514011363307 × 10^288 |
| 98 | ov_098 | 3.069557409727704 × 10^288 |
| 97 | ov_097 | 3.0695762303808415 × 10^288 |
| 96 | aaa_78_29 | 5.816361383650877 × 10^288 |
| 95 | aaa_78_28 | 1.9200754802187132 × 10^289 |
| 94 | ov_094 | 6.272240829629963 × 10^289 |
| 93 | ov_093 | 1.4778940540225235 × 10^290 |
| 92 | ov_092 | 2.9838122884987343 × 10^290 |
| 91 | ov_091 | 5.452325206961722 × 10^290 |
| 90 | ov_090 | 9.258334643140826 × 10^290 |
| 89 | ov_089 | 1.4844307199822062 × 10^291 |
| 88 | ov_088 | 2.2720293287594937 × 10^291 |
| 87 | ov_087 | 3.3974011401811935 × 10^291 |
| 86 | ov_086 | 4.982846969589795 × 10^291 |
| 85 | ov_085 | 7.164210075632716 × 10^291 |
| 84 | ov_084 | 1.0090895440123337 × 10^292 |
| 83 | ov_083 | 1.3925895992873002 × 10^292 |
| 82 | ov_082 | 1.8845826924377794 × 10^292 |
| 81 | ov_081 | 2.5040969229764167 × 10^292 |
| 64 | lv_79_m31 | 3.249337877161438 × 10^292 |
| 80 | ov_080 | 3.2715323628290767 × 10^292 |
| 79 | ov_079 | 4.2086677515602944 × 10^292 |
| 78 | ov_078 | 5.338669228608829 × 10^292 |
| 77 | ov_077 | 6.686102347499393 × 10^292 |
| 76 | ov_076 | 8.276948869337418 × 10^292 |
| 75 | ov_075 | 1.0138629949040335 × 10^293 |
| 74 | ov_074 | 1.230003744477617 × 10^293 |
| 73 | ov_073 | 1.4791575199287597 × 10^293 |
| 63 | ov_063 | 1.66777076680652 × 10^293 |
| 72 | ov_072 | 1.7645212261580147 × 10^293 |
| 71 | ov_071 | 2.0894550139342342 × 10^293 |
| 70 | ov_070 | 2.4574906297038346 × 10^293 |
| 69 | ov_069 | 2.872341624257348 × 10^293 |
| 68 | ov_068 | 3.3379156677598917 × 10^293 |
| 67 | ov_067 | 3.858329232383692 × 10^293 |
| 66 | ov_066 | 3.858331947602702 × 10^293 |
| 65 | ov_065 | 3.8583432326694946 × 10^293 |
| 62 | ov_062 | 8.558076526083105 × 10^293 |
| 61 | ov_061 | 3.120144535669957 × 10^294 |
| 60 | ov_060 | 8.933415834608369 × 10^294 |
| 59 | ov_059 | 2.1559599994157245 × 10^295 |
| 58 | ov_058 | 4.3763472313115154 × 10^295 |
| 57 | ov_057 | 7.90823548353683 × 10^295 |
| 56 | ov_056 | 1.3182614831992052 × 10^296 |
| 55 | ov_055 | 2.070774199916499 × 10^296 |
| 54 | ov_054 | 3.1069159486735804 × 10^296 |
| 53 | ov_053 | 4.492973200225604 × 10^296 |
| 52 | ov_052 | 6.3692574479315845 × 10^296 |
| 51 | ov_051 | 8.817542515494537 × 10^296 |
| 50 | ov_050 | 1.2009140518296521 × 10^297 |
| 49 | ov_049 | 1.6130915362112916 × 10^297 |
| 48 | ov_048 | 2.1385338189917267 × 10^297 |
| 47 | ov_047 | 2.7990566213103983 × 10^297 |
| 32 | lv_80_m31 | 3.436185370376697 × 10^297 |
| 46 | ov_046 | 3.618055372795326 × 10^297 |
| 45 | ov_045 | 4.6205205643601735 × 10^297 |
| 44 | ov_044 | 5.833058493208839 × 10^297 |
| 43 | ov_043 | 7.283918649719452 × 10^297 |
| 42 | ov_042 | 9.003029104739006 × 10^297 |
| 41 | ov_041 | 1.1022041364992972 × 10^298 |
| 40 | ov_040 | 1.3358123415291017 × 10^298 |
| 39 | ov_039 | 1.6029386084410902 × 10^298 |
| 31 | ov_031 | 1.7614848481220024 × 10^298 |
| 38 | ov_038 | 1.9073039320387526 × 10^298 |
| 37 | ov_037 | 2.2509224691035674 × 10^298 |
| 36 | ov_036 | 2.637933168970504 × 10^298 |
| 35 | ov_035 | 3.072703728260724 × 10^298 |
| 34 | ov_034 | 3.5598467428022287 × 10^298 |
| 33 | ov_033 | 4.1042383820934487 × 10^298 |
| 30 | ov_030 | 9.028752752081459 × 10^298 |
| 29 | ov_029 | 2.9529444327175063 × 10^299 |
| 28 | ov_028 | 7.662776445761666 × 10^299 |
| 27 | ov_027 | 1.7124403039590237 × 10^300 |
| 26 | ov_026 | 3.423990833655033 × 10^300 |
| 25 | ov_025 | 6.272143876333122 × 10^300 |
| 24 | ov_024 | 1.0709124082803073 × 10^301 |
| 23 | ov_023 | 1.7720401795367624 × 10^301 |
| 22 | ov_022 | 2.845351595704489 × 10^301 |
| 21 | ov_021 | 4.421815390368859 × 10^301 |
| 20 | ov_020 | 6.648629699419426 × 10^301 |
| 19 | ov_019 | 9.689245855984302 × 10^301 |
| 18 | ov_018 | 1.3723404556282602 × 10^302 |
| 17 | ov_017 | 1.894718815352423 × 10^302 |
| 16 | ov_016 | 2.5573093455234333 × 10^302 |
| 15 | ov_015 | 3.3830130680731678 × 10^302 |
| 14 | ov_014 | 4.396395618012727 × 10^302 |
| 13 | ov_013 | 5.623704795354639 × 10^302 |
| 12 | ov_012 | 7.092893483507492 × 10^302 |
| 11 | ov_011 | 8.833649292934004 × 10^302 |
| 10 | ov_010 | 1.0877432487566104 × 10^303 |
| 9 | ov_009 | 1.3257523876700503 × 10^303 |
| 8 | ov_008 | 1.6009084481106714 × 10^303 |
| 7 | ov_007 | 1.916922890916783 × 10^303 |
| 6 | ov_006 | 2.277711450743066 × 10^303 |
| 5 | ov_005 | 2.6874048480449396 × 10^303 |
| 4 | ov_004 | 3.150361530785394 × 10^303 |
| 3 | ov_003 | 3.671182676023265 × 10^303 |
| 2 | ov_002 | 4.254729645883198 × 10^303 |
| 1 | ov_001 | 4.9061440726082904 × 10^303 |

