# Results for F001-F002-F003-F004-F005-F006-F007-F008-F009-F010-F011-F012-F013-F014-F015-F016-F017-F018-F019-F020-F021-F022-F023-F024-F025-F026-F027-F028-F029-F030-F031-F032-F033-F034-F035-F036-F037-F038-F039-F040-F041-F042-F043-F044-F045-F046-F047-F048-F049-F050-F051-F052-F053-F054-F055-F056-F057-F058-F059-F060-F061-F062-F063-F064-F065-F066-F067-F068-F069-F070-F071-F072-F073-F074-F075-F076-F077-F078-F079-F080-F081-F082-F083-F084-F085-F086-F087-F088-F089-F090-F091-F092-F093-F094-F095-F096-F097-F098-F099-F100-F101-F102-F103-F104-F105-F106-F107-F108-F109-F110-F111-F112-F113-F114-F115-F116-F117-F118-F119-F120-F121-F122-F123-F124-F125-F126-F127-F128-F129-F130-F131-F132-F133-F134-F135-F136-F137-F138-F139-F140-F141-F142-F143-F144-F145-F146-F147-F148-F149-F150-F151-F152-F153-F154-F155-F156-F157-F158-F159-F160-F161-F162-F163-F164-F165-F166-F167-F168-F169-F170-F171-F172-F173-F174-F175-F176-F177-F178-F179-F180-F181-F182-F183-F184-F185-F186-F187-F188-F189-F190-F191-F192-F193-F194-F195-F196-F197-F198-F199-F200-F201-F202-F203-F204-F205-F206-F207-F208-F209-F210-F211-F212-F213-F214-F215-F216-F217-F218-F219-F220-F221-F222-F223-F224-F225-F226-F227-F228-F229-F230-F231-F232-F233-F234-F235-F236-F237-F238-F239-F240-F241-F242-F243-F244-F245-F246-F247-F248-F249-F250-F251-F252-F253-F254-F255-F256-F257-F258-F259-F260-F261-F262-F263-F264-F265-F266-F267-F268-F269-F270-F271-F272-F273-F274-F275-F276-F277-F278-F279-F280-F281-F282-F283-F284-F285-F286-F287-F288-F289-F290-F291-F292-F293-F294-F295-F296-F297-F298-F299-F300-F301-F302-F303-F304-F305-F306-F307-F308-F309-F310-F311-F312-F313-F314-F315-F316-F317-F318-F319-F320-F321-F322-F323-F324-F325-F326-F327-F328-F329-F330-F331-F332-F333-F334-F335-F336-F337-F338-F339-F340-F341-F342-F343-F344-F345-F346-F347-F348-F349-F350-F351-F352-F353-F354-F355-F356-F357-F358-F359-F360-F361-F362-F363-F364-F365-F366-F367-F368-F369-F370-F371-F372-F373-F374-F375-F376-F377-F378-F379-F380-F381-F382-F383-F384-F385-F386-F387-F388-F389-F390-F391-F392-F393-F394-F395-F396-F397-F398-F399-F400-F401-F402-F403-F404-F405-F406-F407-F408-F409-F410-F411-F412-F413-F414-F415-F416-F417-F418-F419-F420-F421-F422-F423-F424-F425-F426-F427-F428-F429-F430-F431-F432-F433-F434-F435-F436-F437-F438-F439-F440-F441-F442-F443-F444-F445-F446-F447-F448-F449-F450-F451-F452-F453-F454-F455-F456-F457-F458-F459-F460-F461-F462-F463-F464-F465-F466-F467-F468-F469-F470-F471-F472-F473-F474-F475-F476-F477-F478-F479-F480-F481-F482-F483-F484-F485-F486-F487-F488-F489-F490-F491-F492-F493-F494-F495-F496-F505-F507-F508-F509-F510-F512

## Summary

Number of input bits: 512  
Number of free input bits: 10  
Number of output bits: 160

Number of direct occurrences: 41215  
Number of assignments: 31006  
Number of operations: 11040256
(xor: 11012071,
and: 15068,
or: 13117)

Total complexity: 5.962463196417587 × 10^297

Least occurring input variable: iv_499 (3952)  
Most occurring input variable: iv_511 (4388)

Most co-occurring input variables: iv_500-iv_511 (2081)  
Least co-occurring input variables: iv_497-iv_506 (1818)

Potentially most occurring input variable: iv_503/iv_511 (4613)  
Potentially least occurring input variable: iv_499/iv_504 (4130)

Least output occurring input variable: iv_502 (72)  
Most output occurring input variable: iv_506 (88)

Most output co-occurring input variables: iv_506-iv_511 (47)  
Least output co-occurring input variables: iv_500-iv_502 (28)

Potentially most output occurring input variable: iv_498/iv_500 (92)  
Potentially least output occurring input variable: iv_497/iv_498 (65)

Least complex input bit: iv_511 (8.750708025295948 × 10^292)  
Most complex input bit: iv_502 (1.690310032251354 × 10^297)

Least complex output bit: aaa_76_29 (1.4093912376549933 × 10^273)  
Most complex output bit: ov_001 (9.32096029189851 × 10^296)

Least complex input/output complexity: iv_511/aaa_76_29 (2.06846915575755 × 10^268)  
Most complex input/output complexity: iv_502/ov_001 (2.6424167617636312 × 10^296)

## Input Bits

### Input Bits in Regular Order

| Input Bit | Complexity | Occurrences | Output Occurrences |
|:---------:|:----------:|:-----------:|:------------------:|
| iv_497 | 8.48663023843733 × 10^295 | 4055 | 77 |
| iv_498 | 1.789668602037663 × 10^296 | 4037 | 74 |
| iv_499 | 3.349507255485189 × 10^296 | 3952 | 81 |
| iv_500 | 5.946092691334784 × 10^296 | 4134 | 76 |
| iv_501 | 1.0202918848559155 × 10^297 | 4092 | 82 |
| iv_502 | 1.690310032251354 × 10^297 | 4178 | 72 |
| iv_503 | 1.0347415433513059 × 10^297 | 4239 | 76 |
| iv_504 | 4.6111126233733485 × 10^296 | 4112 | 83 |
| iv_506 | 5.625278092712789 × 10^296 | 4028 | 88 |
| iv_511 | 8.750708025295948 × 10^292 | 4388 | 80 |

### Input Bits Sorted by Complexity

| Input Bit | Complexity | Occurrences | Output Occurrences |
|:---------:|:----------:|:-----------:|:------------------:|
| iv_511 | 8.750708025295948 × 10^292 | 4388 | 80 |
| iv_497 | 8.48663023843733 × 10^295 | 4055 | 77 |
| iv_498 | 1.789668602037663 × 10^296 | 4037 | 74 |
| iv_499 | 3.349507255485189 × 10^296 | 3952 | 81 |
| iv_504 | 4.6111126233733485 × 10^296 | 4112 | 83 |
| iv_506 | 5.625278092712789 × 10^296 | 4028 | 88 |
| iv_500 | 5.946092691334784 × 10^296 | 4134 | 76 |
| iv_501 | 1.0202918848559155 × 10^297 | 4092 | 82 |
| iv_503 | 1.0347415433513059 × 10^297 | 4239 | 76 |
| iv_502 | 1.690310032251354 × 10^297 | 4178 | 72 |

### Input Bits Sorted by Occurrences

| Input Bit | Complexity | Occurrences | Output Occurrences |
|:---------:|:----------:|:-----------:|:------------------:|
| iv_499 | 3.349507255485189 × 10^296 | 3952 | 81 |
| iv_506 | 5.625278092712789 × 10^296 | 4028 | 88 |
| iv_498 | 1.789668602037663 × 10^296 | 4037 | 74 |
| iv_497 | 8.48663023843733 × 10^295 | 4055 | 77 |
| iv_501 | 1.0202918848559155 × 10^297 | 4092 | 82 |
| iv_504 | 4.6111126233733485 × 10^296 | 4112 | 83 |
| iv_500 | 5.946092691334784 × 10^296 | 4134 | 76 |
| iv_502 | 1.690310032251354 × 10^297 | 4178 | 72 |
| iv_503 | 1.0347415433513059 × 10^297 | 4239 | 76 |
| iv_511 | 8.750708025295948 × 10^292 | 4388 | 80 |

### Input Bits Sorted by Output Occurrences

| Input Bit | Complexity | Occurrences | Output Occurrences |
|:---------:|:----------:|:-----------:|:------------------:|
| iv_502 | 1.690310032251354 × 10^297 | 4178 | 72 |
| iv_498 | 1.789668602037663 × 10^296 | 4037 | 74 |
| iv_503 | 1.0347415433513059 × 10^297 | 4239 | 76 |
| iv_500 | 5.946092691334784 × 10^296 | 4134 | 76 |
| iv_497 | 8.48663023843733 × 10^295 | 4055 | 77 |
| iv_511 | 8.750708025295948 × 10^292 | 4388 | 80 |
| iv_499 | 3.349507255485189 × 10^296 | 3952 | 81 |
| iv_501 | 1.0202918848559155 × 10^297 | 4092 | 82 |
| iv_504 | 4.6111126233733485 × 10^296 | 4112 | 83 |
| iv_506 | 5.625278092712789 × 10^296 | 4028 | 88 |

## Input Bit Co-occurrences

### Input Bit Co-occurrences Sorted by Co-occurrences

| Input Bits | Co-occurrences | Potential Occurrences | Output Co-occurrences | Potential Output Occurrences |
|:----------:|:--------------:|:---------------------:|:---------------------:|:----------------------------:|
| iv_500-iv_511 | 2081 | 4360 | 38 | 80 |
| iv_502-iv_503 | 2065 | 4287 | 38 | 72 |
| iv_501-iv_511 | 2065 | 4350 | 47 | 68 |
| iv_501-iv_502 | 2040 | 4190 | 35 | 84 |
| iv_502-iv_511 | 2038 | 4490 | 31 | 90 |
| iv_500-iv_501 | 2037 | 4152 | 39 | 80 |
| iv_504-iv_511 | 2034 | 4432 | 46 | 71 |
| iv_502-iv_504 | 2022 | 4246 | 41 | 73 |
| iv_500-iv_502 | 2015 | 4282 | 28 | 92 |
| iv_503-iv_511 | 2007 | 4613 | 32 | 92 |

### Input Bit Co-occurrences Sorted by Potential Occurrences

| Input Bits | Co-occurrences | Potential Occurrences | Output Co-occurrences | Potential Output Occurrences |
|:----------:|:--------------:|:---------------------:|:---------------------:|:----------------------------:|
| iv_499-iv_504 | 1967 | 4130 | 42 | 80 |
| iv_500-iv_501 | 2037 | 4152 | 39 | 80 |
| iv_498-iv_504 | 1989 | 4171 | 39 | 79 |
| iv_498-iv_499 | 1906 | 4177 | 39 | 77 |
| iv_498-iv_506 | 1942 | 4181 | 42 | 78 |
| iv_501-iv_502 | 2040 | 4190 | 35 | 84 |
| iv_497-iv_499 | 1897 | 4213 | 40 | 78 |
| iv_500-iv_506 | 1971 | 4220 | 45 | 74 |
| iv_499-iv_506 | 1869 | 4242 | 47 | 75 |
| iv_497-iv_500 | 1972 | 4245 | 35 | 83 |

### Input Bit Output Co-occurrences Sorted by Output Co-occurrences

| Input Bits | Co-occurrences | Potential Occurrences | Output Co-occurrences | Potential Output Occurrences |
|:----------:|:--------------:|:---------------------:|:---------------------:|:----------------------------:|
| iv_499-iv_506 | 1869 | 4242 | 47 | 75 |
| iv_501-iv_511 | 2065 | 4350 | 47 | 68 |
| iv_506-iv_511 | 1985 | 4446 | 47 | 74 |
| iv_504-iv_506 | 1848 | 4444 | 46 | 79 |
| iv_504-iv_511 | 2034 | 4432 | 46 | 71 |
| iv_500-iv_506 | 1971 | 4220 | 45 | 74 |
| iv_501-iv_506 | 1911 | 4298 | 44 | 82 |
| iv_499-iv_501 | 1891 | 4262 | 43 | 77 |
| iv_501-iv_504 | 1959 | 4286 | 43 | 79 |
| iv_497-iv_498 | 1902 | 4288 | 43 | 65 |

### Input Bit Output Co-occurrences Sorted by Potential Output Occurrences

| Input Bits | Co-occurrences | Potential Occurrences | Output Co-occurrences | Potential Output Occurrences |
|:----------:|:--------------:|:---------------------:|:---------------------:|:----------------------------:|
| iv_497-iv_498 | 1902 | 4288 | 43 | 65 |
| iv_497-iv_502 | 1980 | 4273 | 41 | 67 |
| iv_501-iv_511 | 2065 | 4350 | 47 | 68 |
| iv_504-iv_511 | 2034 | 4432 | 46 | 71 |
| iv_502-iv_503 | 2065 | 4287 | 38 | 72 |
| iv_499-iv_500 | 1898 | 4290 | 42 | 73 |
| iv_502-iv_504 | 2022 | 4246 | 41 | 73 |
| iv_500-iv_506 | 1971 | 4220 | 45 | 74 |
| iv_506-iv_511 | 1985 | 4446 | 47 | 74 |
| iv_499-iv_506 | 1869 | 4242 | 47 | 75 |

## Output Bits

### Output Bits in Regular Order

| Rank | Output Bit | Complexity |
|:----:|:----------:|:----------:|
| 1 | ov_001 | 9.32096029189851 × 10^296 |
| 2 | ov_002 | 8.110827563499825 × 10^296 |
| 3 | ov_003 | 7.024384056875502 × 10^296 |
| 4 | ov_004 | 6.052359617908251 × 10^296 |
| 5 | ov_005 | 5.185991814908988 × 10^296 |
| 6 | ov_006 | 4.416989343995759 × 10^296 |
| 7 | ov_007 | 3.7375002499211266 × 10^296 |
| 8 | ov_008 | 3.140084662921865 × 10^296 |
| 9 | ov_009 | 2.617691679696991 × 10^296 |
| 10 | ov_010 | 2.163639948481739 × 10^296 |
| 11 | ov_011 | 1.7716015132088213 × 10^296 |
| 12 | ov_012 | 1.4355884972560914 × 10^296 |
| 13 | ov_013 | 1.1499422323027497 × 10^296 |
| 14 | ov_014 | 9.093244624607299 × 10^295 |
| 15 | ov_015 | 7.087102782004529 × 10^295 |
| 16 | ov_016 | 5.433824758140529 × 10^295 |
| 17 | ov_017 | 4.0892709630967066 × 10^295 |
| 18 | ov_018 | 3.012299356002928 × 10^295 |
| 19 | ov_019 | 2.1647384832782667 × 10^295 |
| 20 | ov_020 | 1.511367107430176 × 10^295 |
| 21 | ov_021 | 1.019899355088324 × 10^295 |
| 22 | ov_022 | 6.609743489528386 × 10^294 |
| 23 | ov_023 | 4.0814924203256156 × 10^294 |
| 24 | ov_024 | 2.3789469064633742 × 10^294 |
| 25 | ov_025 | 1.2959208518302655 × 10^294 |
| 26 | ov_026 | 6.553203370530472 × 10^293 |
| 27 | ov_027 | 3.0913648807417077 × 10^293 |
| 28 | ov_028 | 1.3844266578726587 × 10^293 |
| 29 | ov_029 | 5.339356187946306 × 10^292 |
| 30 | ov_030 | 1.6336807957727083 × 10^292 |
| 31 | ov_031 | 3.189211385329176 × 10^291 |
| 32 | lv_80_m31 | 6.223836952708843 × 10^290 |
| 33 | ov_033 | 7.438477416937966 × 10^291 |
| 34 | ov_034 | 6.46711944640232 × 10^291 |
| 35 | ov_035 | 5.5954699887108665 × 10^291 |
| 36 | ov_036 | 4.81421399014053 × 10^291 |
| 37 | ov_037 | 4.114537386122283 × 10^291 |
| 38 | ov_038 | 3.492153690793457 × 10^291 |
| 39 | ov_039 | 2.939150394823178 × 10^291 |
| 40 | ov_040 | 2.4516766564854135 × 10^291 |
| 41 | ov_041 | 2.0260805180783472 × 10^291 |
| 42 | ov_042 | 1.6588987970988036 × 10^291 |
| 43 | ov_043 | 1.3468486064262632 × 10^291 |
| 44 | ov_044 | 1.083878149061497 × 10^291 |
| 45 | ov_045 | 8.642658778399725 × 10^290 |
| 46 | ov_046 | 6.826120498218866 × 10^290 |
| 47 | ov_047 | 5.33832009060275 × 10^290 |
| 48 | ov_048 | 4.131509196961349 × 10^290 |
| 49 | ov_049 | 3.1609969279259805 × 10^290 |
| 50 | ov_050 | 2.3851187138697326 × 10^290 |
| 51 | ov_051 | 1.765212698614435 × 10^290 |
| 52 | ov_052 | 1.2826960959947223 × 10^290 |
| 53 | ov_053 | 9.048647072859743 × 10^289 |
| 54 | ov_054 | 6.161082738921713 × 10^289 |
| 55 | ov_055 | 4.022968726563447 × 10^289 |
| 56 | ov_056 | 2.5077885456743655 × 10^289 |
| 57 | ov_057 | 1.5037959751280426 × 10^289 |
| 58 | ov_058 | 8.317837931332671 × 10^288 |
| 59 | ov_059 | 4.095279760350236 × 10^288 |
| 60 | ov_060 | 1.695618887946378 × 10^288 |
| 61 | ov_061 | 5.917562655726808 × 10^287 |
| 62 | ov_062 | 1.6218309628816003 × 10^287 |
| 63 | ov_063 | 3.1579899417253127 × 10^286 |
| 64 | lv_79_m31 | 6.147800209457075 × 10^285 |
| 65 | ov_065 | 7.325305342758615 × 10^286 |
| 66 | ov_066 | 7.325281633594299 × 10^286 |
| 67 | ov_067 | 7.325275830815792 × 10^286 |
| 68 | ov_068 | 6.324574457967728 × 10^286 |
| 69 | ov_069 | 5.433277685602096 × 10^286 |
| 70 | ov_070 | 4.6424072622192895 × 10^286 |
| 71 | ov_071 | 3.943537406450063 × 10^286 |
| 72 | ov_072 | 3.32875738474658 × 10^286 |
| 73 | ov_073 | 2.7906373973558417 × 10^286 |
| 74 | ov_074 | 2.3221975981977676 × 10^286 |
| 75 | ov_075 | 1.916880080768753 × 10^286 |
| 76 | ov_076 | 1.5685236675144984 × 10^286 |
| 77 | ov_077 | 1.2713413444221006 × 10^286 |
| 78 | ov_078 | 1.0199001860189493 × 10^286 |
| 79 | ov_079 | 8.091036186730834 × 10^285 |
| 80 | ov_080 | 6.341758721939068 × 10^285 |
| 81 | ov_081 | 4.906484713499508 × 10^285 |
| 82 | ov_082 | 3.7434862015091663 × 10^285 |
| 83 | ov_083 | 2.813893326612393 × 10^285 |
| 84 | ov_084 | 2.081611647780257 × 10^285 |
| 85 | ov_085 | 1.513254018651537 × 10^285 |
| 86 | ov_086 | 1.078085574359393 × 10^285 |
| 87 | ov_087 | 7.479803826604254 × 10^284 |
| 88 | ov_088 | 4.973883143363462 × 10^284 |
| 89 | ov_089 | 3.1417470789531074 × 10^284 |
| 90 | ov_090 | 1.8747554394854193 × 10^284 |
| 91 | ov_091 | 1.0769058557204443 × 10^284 |
| 92 | ov_092 | 5.939547131067208 × 10^283 |
| 93 | ov_093 | 2.967886150896532 × 10^283 |
| 94 | ov_094 | 1.2713046509599315 × 10^283 |
| 95 | aaa_78_28 | 3.925754865986245 × 10^282 |
| 96 | aaa_78_29 | 1.2056577537819833 × 10^282 |
| 97 | ov_097 | 7.960639487045752 × 10^281 |
| 98 | ov_098 | 7.960402023147824 × 10^281 |
| 99 | ov_099 | 7.960326232610805 × 10^281 |
| 100 | ov_100 | 7.163336705707898 × 10^281 |
| 101 | ov_101 | 6.4251156951112746 × 10^281 |
| 102 | ov_102 | 5.742452530613248 × 10^281 |
| 103 | ov_103 | 5.112369653935514 × 10^281 |
| 104 | ov_104 | 4.532091802560187 × 10^281 |
| 105 | ov_105 | 3.999018072284564 × 10^281 |
| 106 | ov_106 | 3.510696709926259 × 10^281 |
| 107 | ov_107 | 3.0648024928585927 × 10^281 |
| 108 | ov_108 | 2.6591165562694858 × 10^281 |
| 109 | ov_109 | 2.291508532360995 × 10^281 |
| 110 | ov_110 | 1.959920868272727 × 10^281 |
| 111 | ov_111 | 1.6623551914479044 × 10^281 |
| 112 | ov_112 | 1.3968605925832551 × 10^281 |
| 113 | ov_113 | 1.1615236973211897 × 10^281 |
| 114 | ov_114 | 9.544603985526912 × 10^280 |
| 115 | ov_115 | 7.738091216847476 × 10^280 |
| 116 | ov_116 | 6.177254955504425 × 10^280 |
| 117 | ov_117 | 4.843781658426712 × 10^280 |
| 118 | ov_118 | 3.7194536793376814 × 10^280 |
| 119 | ov_119 | 2.786120437389301 × 10^280 |
| 120 | ov_120 | 2.0256752761359473 × 10^280 |
| 121 | ov_121 | 1.4200389887012876 × 10^280 |
| 122 | ov_122 | 9.511492163899175 × 10^279 |
| 123 | ov_123 | 6.009534764180502 × 10^279 |
| 124 | ov_124 | 3.514044587880996 × 10^279 |
| 125 | ov_125 | 1.8445711269626252 × 10^279 |
| 126 | ov_126 | 8.20671603323244 × 10^278 |
| 127 | aaa_77_28 | 2.6190526400612635 × 10^278 |
| 128 | aaa_77_29 | 9.810196529244194 × 10^277 |
| 129 | ov_129 | 9.04570580451862 × 10^277 |
| 130 | ov_130 | 9.045678363009734 × 10^277 |
| 131 | ov_131 | 9.045671730812795 × 10^277 |
| 132 | ov_132 | 7.828848076592854 × 10^277 |
| 133 | ov_133 | 6.741068795428422 × 10^277 |
| 134 | ov_134 | 5.772445682270429 × 10^277 |
| 135 | ov_135 | 4.913617443564011 × 10^277 |
| 136 | ov_136 | 4.155712073309484 × 10^277 |
| 137 | ov_137 | 3.490314523838934 × 10^277 |
| 138 | ov_138 | 2.9094391576894756 × 10^277 |
| 139 | ov_139 | 2.4055064931347293 × 10^277 |
| 140 | ov_140 | 1.9713237813905076 × 10^277 |
| 141 | ov_141 | 1.600068978401402 × 10^277 |
| 142 | ov_142 | 1.2852776985753467 × 10^277 |
| 143 | ov_143 | 1.020832761970537 × 10^277 |
| 144 | ov_144 | 8.009559703383957 × 10^276 |
| 145 | ov_145 | 6.202017711538205 × 10^276 |
| 146 | ov_146 | 4.73452492370476 × 10^276 |
| 147 | ov_147 | 3.559148541624158 × 10^276 |
| 148 | ov_148 | 2.6311748738176174 × 10^276 |
| 149 | ov_149 | 1.9090921189514872 × 10^276 |
| 150 | ov_150 | 1.3545786241199567 × 10^276 |
| 151 | ov_151 | 9.324950447224587 × 10^275 |
| 152 | ov_152 | 6.108793392311453 × 10^275 |
| 153 | ov_153 | 3.745443365760722 × 10^275 |
| 154 | ov_154 | 2.0988947425405884 × 10^275 |
| 155 | ov_155 | 1.0490019251942364 × 10^275 |
| 156 | aaa_76_25 | 4.0304191542476495 × 10^274 |
| 157 | aaa_76_26 | 2.327041915415374 × 10^274 |
| 158 | aaa_76_27 | 1.1909347233282622 × 10^274 |
| 159 | aaa_76_28 | 4.6356475609961633 × 10^273 |
| 160 | aaa_76_29 | 1.4093912376549933 × 10^273 |

### Output Bits Sorted by Complexity

| Rank | Output Bit | Complexity |
|:----:|:----------:|:----------:|
| 160 | aaa_76_29 | 1.4093912376549933 × 10^273 |
| 159 | aaa_76_28 | 4.6356475609961633 × 10^273 |
| 158 | aaa_76_27 | 1.1909347233282622 × 10^274 |
| 157 | aaa_76_26 | 2.327041915415374 × 10^274 |
| 156 | aaa_76_25 | 4.0304191542476495 × 10^274 |
| 155 | ov_155 | 1.0490019251942364 × 10^275 |
| 154 | ov_154 | 2.0988947425405884 × 10^275 |
| 153 | ov_153 | 3.745443365760722 × 10^275 |
| 152 | ov_152 | 6.108793392311453 × 10^275 |
| 151 | ov_151 | 9.324950447224587 × 10^275 |
| 150 | ov_150 | 1.3545786241199567 × 10^276 |
| 149 | ov_149 | 1.9090921189514872 × 10^276 |
| 148 | ov_148 | 2.6311748738176174 × 10^276 |
| 147 | ov_147 | 3.559148541624158 × 10^276 |
| 146 | ov_146 | 4.73452492370476 × 10^276 |
| 145 | ov_145 | 6.202017711538205 × 10^276 |
| 144 | ov_144 | 8.009559703383957 × 10^276 |
| 143 | ov_143 | 1.020832761970537 × 10^277 |
| 142 | ov_142 | 1.2852776985753467 × 10^277 |
| 141 | ov_141 | 1.600068978401402 × 10^277 |
| 140 | ov_140 | 1.9713237813905076 × 10^277 |
| 139 | ov_139 | 2.4055064931347293 × 10^277 |
| 138 | ov_138 | 2.9094391576894756 × 10^277 |
| 137 | ov_137 | 3.490314523838934 × 10^277 |
| 136 | ov_136 | 4.155712073309484 × 10^277 |
| 135 | ov_135 | 4.913617443564011 × 10^277 |
| 134 | ov_134 | 5.772445682270429 × 10^277 |
| 133 | ov_133 | 6.741068795428422 × 10^277 |
| 132 | ov_132 | 7.828848076592854 × 10^277 |
| 131 | ov_131 | 9.045671730812795 × 10^277 |
| 130 | ov_130 | 9.045678363009734 × 10^277 |
| 129 | ov_129 | 9.04570580451862 × 10^277 |
| 128 | aaa_77_29 | 9.810196529244194 × 10^277 |
| 127 | aaa_77_28 | 2.6190526400612635 × 10^278 |
| 126 | ov_126 | 8.20671603323244 × 10^278 |
| 125 | ov_125 | 1.8445711269626252 × 10^279 |
| 124 | ov_124 | 3.514044587880996 × 10^279 |
| 123 | ov_123 | 6.009534764180502 × 10^279 |
| 122 | ov_122 | 9.511492163899175 × 10^279 |
| 121 | ov_121 | 1.4200389887012876 × 10^280 |
| 120 | ov_120 | 2.0256752761359473 × 10^280 |
| 119 | ov_119 | 2.786120437389301 × 10^280 |
| 118 | ov_118 | 3.7194536793376814 × 10^280 |
| 117 | ov_117 | 4.843781658426712 × 10^280 |
| 116 | ov_116 | 6.177254955504425 × 10^280 |
| 115 | ov_115 | 7.738091216847476 × 10^280 |
| 114 | ov_114 | 9.544603985526912 × 10^280 |
| 113 | ov_113 | 1.1615236973211897 × 10^281 |
| 112 | ov_112 | 1.3968605925832551 × 10^281 |
| 111 | ov_111 | 1.6623551914479044 × 10^281 |
| 110 | ov_110 | 1.959920868272727 × 10^281 |
| 109 | ov_109 | 2.291508532360995 × 10^281 |
| 108 | ov_108 | 2.6591165562694858 × 10^281 |
| 107 | ov_107 | 3.0648024928585927 × 10^281 |
| 106 | ov_106 | 3.510696709926259 × 10^281 |
| 105 | ov_105 | 3.999018072284564 × 10^281 |
| 104 | ov_104 | 4.532091802560187 × 10^281 |
| 103 | ov_103 | 5.112369653935514 × 10^281 |
| 102 | ov_102 | 5.742452530613248 × 10^281 |
| 101 | ov_101 | 6.4251156951112746 × 10^281 |
| 100 | ov_100 | 7.163336705707898 × 10^281 |
| 99 | ov_099 | 7.960326232610805 × 10^281 |
| 98 | ov_098 | 7.960402023147824 × 10^281 |
| 97 | ov_097 | 7.960639487045752 × 10^281 |
| 96 | aaa_78_29 | 1.2056577537819833 × 10^282 |
| 95 | aaa_78_28 | 3.925754865986245 × 10^282 |
| 94 | ov_094 | 1.2713046509599315 × 10^283 |
| 93 | ov_093 | 2.967886150896532 × 10^283 |
| 92 | ov_092 | 5.939547131067208 × 10^283 |
| 91 | ov_091 | 1.0769058557204443 × 10^284 |
| 90 | ov_090 | 1.8747554394854193 × 10^284 |
| 89 | ov_089 | 3.1417470789531074 × 10^284 |
| 88 | ov_088 | 4.973883143363462 × 10^284 |
| 87 | ov_087 | 7.479803826604254 × 10^284 |
| 86 | ov_086 | 1.078085574359393 × 10^285 |
| 85 | ov_085 | 1.513254018651537 × 10^285 |
| 84 | ov_084 | 2.081611647780257 × 10^285 |
| 83 | ov_083 | 2.813893326612393 × 10^285 |
| 82 | ov_082 | 3.7434862015091663 × 10^285 |
| 81 | ov_081 | 4.906484713499508 × 10^285 |
| 64 | lv_79_m31 | 6.147800209457075 × 10^285 |
| 80 | ov_080 | 6.341758721939068 × 10^285 |
| 79 | ov_079 | 8.091036186730834 × 10^285 |
| 78 | ov_078 | 1.0199001860189493 × 10^286 |
| 77 | ov_077 | 1.2713413444221006 × 10^286 |
| 76 | ov_076 | 1.5685236675144984 × 10^286 |
| 75 | ov_075 | 1.916880080768753 × 10^286 |
| 74 | ov_074 | 2.3221975981977676 × 10^286 |
| 73 | ov_073 | 2.7906373973558417 × 10^286 |
| 63 | ov_063 | 3.1579899417253127 × 10^286 |
| 72 | ov_072 | 3.32875738474658 × 10^286 |
| 71 | ov_071 | 3.943537406450063 × 10^286 |
| 70 | ov_070 | 4.6424072622192895 × 10^286 |
| 69 | ov_069 | 5.433277685602096 × 10^286 |
| 68 | ov_068 | 6.324574457967728 × 10^286 |
| 67 | ov_067 | 7.325275830815792 × 10^286 |
| 66 | ov_066 | 7.325281633594299 × 10^286 |
| 65 | ov_065 | 7.325305342758615 × 10^286 |
| 62 | ov_062 | 1.6218309628816003 × 10^287 |
| 61 | ov_061 | 5.917562655726808 × 10^287 |
| 60 | ov_060 | 1.695618887946378 × 10^288 |
| 59 | ov_059 | 4.095279760350236 × 10^288 |
| 58 | ov_058 | 8.317837931332671 × 10^288 |
| 57 | ov_057 | 1.5037959751280426 × 10^289 |
| 56 | ov_056 | 2.5077885456743655 × 10^289 |
| 55 | ov_055 | 4.022968726563447 × 10^289 |
| 54 | ov_054 | 6.161082738921713 × 10^289 |
| 53 | ov_053 | 9.048647072859743 × 10^289 |
| 52 | ov_052 | 1.2826960959947223 × 10^290 |
| 51 | ov_051 | 1.765212698614435 × 10^290 |
| 50 | ov_050 | 2.3851187138697326 × 10^290 |
| 49 | ov_049 | 3.1609969279259805 × 10^290 |
| 48 | ov_048 | 4.131509196961349 × 10^290 |
| 47 | ov_047 | 5.33832009060275 × 10^290 |
| 32 | lv_80_m31 | 6.223836952708843 × 10^290 |
| 46 | ov_046 | 6.826120498218866 × 10^290 |
| 45 | ov_045 | 8.642658778399725 × 10^290 |
| 44 | ov_044 | 1.083878149061497 × 10^291 |
| 43 | ov_043 | 1.3468486064262632 × 10^291 |
| 42 | ov_042 | 1.6588987970988036 × 10^291 |
| 41 | ov_041 | 2.0260805180783472 × 10^291 |
| 40 | ov_040 | 2.4516766564854135 × 10^291 |
| 39 | ov_039 | 2.939150394823178 × 10^291 |
| 31 | ov_031 | 3.189211385329176 × 10^291 |
| 38 | ov_038 | 3.492153690793457 × 10^291 |
| 37 | ov_037 | 4.114537386122283 × 10^291 |
| 36 | ov_036 | 4.81421399014053 × 10^291 |
| 35 | ov_035 | 5.5954699887108665 × 10^291 |
| 34 | ov_034 | 6.46711944640232 × 10^291 |
| 33 | ov_033 | 7.438477416937966 × 10^291 |
| 30 | ov_030 | 1.6336807957727083 × 10^292 |
| 29 | ov_029 | 5.339356187946306 × 10^292 |
| 28 | ov_028 | 1.3844266578726587 × 10^293 |
| 27 | ov_027 | 3.0913648807417077 × 10^293 |
| 26 | ov_026 | 6.553203370530472 × 10^293 |
| 25 | ov_025 | 1.2959208518302655 × 10^294 |
| 24 | ov_024 | 2.3789469064633742 × 10^294 |
| 23 | ov_023 | 4.0814924203256156 × 10^294 |
| 22 | ov_022 | 6.609743489528386 × 10^294 |
| 21 | ov_021 | 1.019899355088324 × 10^295 |
| 20 | ov_020 | 1.511367107430176 × 10^295 |
| 19 | ov_019 | 2.1647384832782667 × 10^295 |
| 18 | ov_018 | 3.012299356002928 × 10^295 |
| 17 | ov_017 | 4.0892709630967066 × 10^295 |
| 16 | ov_016 | 5.433824758140529 × 10^295 |
| 15 | ov_015 | 7.087102782004529 × 10^295 |
| 14 | ov_014 | 9.093244624607299 × 10^295 |
| 13 | ov_013 | 1.1499422323027497 × 10^296 |
| 12 | ov_012 | 1.4355884972560914 × 10^296 |
| 11 | ov_011 | 1.7716015132088213 × 10^296 |
| 10 | ov_010 | 2.163639948481739 × 10^296 |
| 9 | ov_009 | 2.617691679696991 × 10^296 |
| 8 | ov_008 | 3.140084662921865 × 10^296 |
| 7 | ov_007 | 3.7375002499211266 × 10^296 |
| 6 | ov_006 | 4.416989343995759 × 10^296 |
| 5 | ov_005 | 5.185991814908988 × 10^296 |
| 4 | ov_004 | 6.052359617908251 × 10^296 |
| 3 | ov_003 | 7.024384056875502 × 10^296 |
| 2 | ov_002 | 8.110827563499825 × 10^296 |
| 1 | ov_001 | 9.32096029189851 × 10^296 |

