# Results for F001-F002-F003-F004-F005-F006-F007-F008-F009-F010-F011-F012-F013-F014-F015-F016-F017-F018-F019-F020-F021-F022-F023-F024-F025-F026-F027-F028-F029-F030-F031-F032-F033-F034-F035-F036-F037-F038-F039-F040-F041-F042-F043-F044-F045-F046-F047-F048-F049-F050-F051-F052-F053-F054-F055-F056-F057-F058-F059-F060-F061-F062-F063-F064-F065-F066-F067-F068-F069-F070-F071-F072-F073-F074-F075-F076-F077-F078-F079-F080-F081-F082-F083-F084-F085-F086-F087-F088-F089-F090-F091-F092-F093-F094-F095-F096-F097-F098-F099-F100-F101-F102-F103-F104-F105-F106-F107-F108-F109-F110-F111-F112-F113-F114-F115-F116-F117-F118-F119-F120-F121-F122-F123-F124-F125-F126-F127-F128-F129-F130-F131-F132-F133-F134-F135-F136-F137-F138-F139-F140-F141-F142-F143-F144-F145-F146-F147-F148-F149-F150-F151-F152-F153-F154-F155-F156-F157-F158-F159-F160-F161-F162-F163-F164-F165-F166-F167-F168-F169-F170-F171-F172-F173-F174-F175-F176-F177-F178-F179-F180-F181-F182-F183-F184-F185-F186-F187-F188-F189-F190-F191-F192-F193-F194-F195-F196-F197-F198-F199-F200-F201-F202-F203-F204-F205-F206-F207-F208-F209-F210-F211-F212-F213-F214-F215-F216-F217-F218-F219-F220-F221-F222-F223-F224-F225-F226-F227-F228-F229-F230-F231-F232-F233-F234-F235-F236-F237-F238-F239-F240-F241-F242-F243-F244-F245-F246-F247-F248-F249-F250-F251-F252-F253-F254-F255-F256-F257-F258-F259-F260-F261-F262-F263-F264-F265-F266-F267-F268-F269-F270-F271-F272-F273-F274-F275-F276-F277-F278-F279-F280-F281-F282-F283-F284-F285-F286-F287-F288-F289-F290-F291-F292-F293-F294-F295-F296-F297-F298-F299-F300-F301-F302-F303-F304-F305-F306-F307-F308-F309-F310-F311-F312-F313-F314-F315-F316-F317-F318-F319-F320-F321-F322-F323-F324-F325-F326-F327-F328-F329-F330-F331-F332-F333-F334-F335-F336-F337-F338-F339-F340-F341-F342-F343-F344-F345-F346-F347-F348-F349-F350-F351-F352-F353-F354-F355-F356-F357-F358-F359-F360-F361-F362-F363-F364-F365-F366-F367-F368-F369-F370-F371-F372-F373-F374-F375-F376-F377-F378-F379-F380-F381-F382-F383-F384-F385-F386-F387-F388-F389-F390-F391-F392-F393-F394-F395-F396-F397-F398-F399-F400-F401-F402-F403-F404-F405-F406-F407-F408-F409-F410-F411-F412-F413-F414-F415-F416-F417-F418-F419-F420-F421-F422-F423-F424-F425-F426-F427-F428-F429-F430-F431-F432-F433-F434-F435-F436-F437-F438-F439-F440-F441-F442-F443-F444-F445-F446-F447-F448-F449-F450-F451-F452-F453-F454-F455-F456-F457-F458-F459-F460-F461-F462-F463-F464-F465-F466-F467-F468-F469-F470-F471-F472-F473-F474-F475-F476-F477-F478-F479-F480-F481-F482-F483-F484-F485-F486-F487-F488-F489-F490-F491-F492-F493-F494-F495-F496-O500505-T507-F509-F510-F511-F512

## Summary

Number of input bits: 512  
Number of free input bits: 10  
Number of output bits: 160

Number of direct occurrences: 40450  
Number of assignments: 31083  
Number of operations: 11110027
(xor: 11081917,
and: 14825,
or: 13285)

Total complexity: 1.5475474798594036 × 10^300

Least occurring input variable: iv_502 (3877)  
Most occurring input variable: iv_508 (4273)

Most co-occurring input variables: iv_506-iv_508 (2062)  
Least co-occurring input variables: iv_498-iv_502 (1736)

Potentially most occurring input variable: iv_500/iv_508 (4534)  
Potentially least occurring input variable: iv_499/iv_504 (4152)

Least output occurring input variable: iv_503 (73)  
Most output occurring input variable: iv_508 (89)

Most output co-occurring input variables: iv_506-iv_508 (51)  
Least output co-occurring input variables: iv_499-iv_502 (32)

Potentially most output occurring input variable: iv_504/iv_508 (89)  
Potentially least output occurring input variable: iv_498/iv_499 (63)

Least complex input bit: iv_497 (6.904044479612861 × 10^297)  
Most complex input bit: iv_500 (4.475540373159507 × 10^299)

Least complex output bit: aaa_76_29 (6.43808808263075 × 10^274)  
Most complex output bit: ov_001 (2.4754155117485928 × 10^299)

Least complex input/output complexity: iv_497/aaa_76_29 (2.8722121333677202 × 10^272)  
Most complex input/output complexity: iv_500/ov_001 (7.158954544116884 × 10^298)

## Input Bits

### Input Bits in Regular Order

| Input Bit | Complexity | Occurrences | Output Occurrences |
|:---------:|:----------:|:-----------:|:------------------:|
| iv_497 | 6.904044479612861 × 10^297 | 4092 | 86 |
| iv_498 | 1.380490652521569 × 10^298 | 3899 | 83 |
| iv_499 | 2.4350976426357826 × 10^298 | 3919 | 76 |
| iv_500 | 4.475540373159507 × 10^299 | 4247 | 76 |
| iv_501 | 6.733304128704404 × 10^298 | 4046 | 75 |
| iv_502 | 1.08456302413057 × 10^299 | 3877 | 75 |
| iv_503 | 1.716864160982403 × 10^299 | 4070 | 73 |
| iv_504 | 2.665549749324576 × 10^299 | 3901 | 84 |
| iv_506 | 2.0339297582672907 × 10^299 | 4126 | 84 |
| iv_508 | 2.3750980455473986 × 10^299 | 4273 | 89 |

### Input Bits Sorted by Complexity

| Input Bit | Complexity | Occurrences | Output Occurrences |
|:---------:|:----------:|:-----------:|:------------------:|
| iv_497 | 6.904044479612861 × 10^297 | 4092 | 86 |
| iv_498 | 1.380490652521569 × 10^298 | 3899 | 83 |
| iv_499 | 2.4350976426357826 × 10^298 | 3919 | 76 |
| iv_501 | 6.733304128704404 × 10^298 | 4046 | 75 |
| iv_502 | 1.08456302413057 × 10^299 | 3877 | 75 |
| iv_503 | 1.716864160982403 × 10^299 | 4070 | 73 |
| iv_506 | 2.0339297582672907 × 10^299 | 4126 | 84 |
| iv_508 | 2.3750980455473986 × 10^299 | 4273 | 89 |
| iv_504 | 2.665549749324576 × 10^299 | 3901 | 84 |
| iv_500 | 4.475540373159507 × 10^299 | 4247 | 76 |

### Input Bits Sorted by Occurrences

| Input Bit | Complexity | Occurrences | Output Occurrences |
|:---------:|:----------:|:-----------:|:------------------:|
| iv_502 | 1.08456302413057 × 10^299 | 3877 | 75 |
| iv_498 | 1.380490652521569 × 10^298 | 3899 | 83 |
| iv_504 | 2.665549749324576 × 10^299 | 3901 | 84 |
| iv_499 | 2.4350976426357826 × 10^298 | 3919 | 76 |
| iv_501 | 6.733304128704404 × 10^298 | 4046 | 75 |
| iv_503 | 1.716864160982403 × 10^299 | 4070 | 73 |
| iv_497 | 6.904044479612861 × 10^297 | 4092 | 86 |
| iv_506 | 2.0339297582672907 × 10^299 | 4126 | 84 |
| iv_500 | 4.475540373159507 × 10^299 | 4247 | 76 |
| iv_508 | 2.3750980455473986 × 10^299 | 4273 | 89 |

### Input Bits Sorted by Output Occurrences

| Input Bit | Complexity | Occurrences | Output Occurrences |
|:---------:|:----------:|:-----------:|:------------------:|
| iv_503 | 1.716864160982403 × 10^299 | 4070 | 73 |
| iv_502 | 1.08456302413057 × 10^299 | 3877 | 75 |
| iv_501 | 6.733304128704404 × 10^298 | 4046 | 75 |
| iv_499 | 2.4350976426357826 × 10^298 | 3919 | 76 |
| iv_500 | 4.475540373159507 × 10^299 | 4247 | 76 |
| iv_498 | 1.380490652521569 × 10^298 | 3899 | 83 |
| iv_504 | 2.665549749324576 × 10^299 | 3901 | 84 |
| iv_506 | 2.0339297582672907 × 10^299 | 4126 | 84 |
| iv_497 | 6.904044479612861 × 10^297 | 4092 | 86 |
| iv_508 | 2.3750980455473986 × 10^299 | 4273 | 89 |

## Input Bit Co-occurrences

### Input Bit Co-occurrences Sorted by Co-occurrences

| Input Bits | Co-occurrences | Potential Occurrences | Output Co-occurrences | Potential Output Occurrences |
|:----------:|:--------------:|:---------------------:|:---------------------:|:----------------------------:|
| iv_506-iv_508 | 2062 | 4275 | 51 | 71 |
| iv_500-iv_508 | 1993 | 4534 | 41 | 83 |
| iv_503-iv_508 | 1988 | 4367 | 42 | 78 |
| iv_497-iv_508 | 1986 | 4393 | 49 | 77 |
| iv_500-iv_506 | 1982 | 4409 | 38 | 84 |
| iv_497-iv_500 | 1981 | 4377 | 40 | 82 |
| iv_500-iv_501 | 1961 | 4371 | 35 | 81 |
| iv_500-iv_503 | 1946 | 4425 | 34 | 81 |
| iv_497-iv_501 | 1946 | 4246 | 37 | 87 |
| iv_497-iv_503 | 1942 | 4278 | 41 | 77 |

### Input Bit Co-occurrences Sorted by Potential Occurrences

| Input Bits | Co-occurrences | Potential Occurrences | Output Co-occurrences | Potential Output Occurrences |
|:----------:|:--------------:|:---------------------:|:---------------------:|:----------------------------:|
| iv_499-iv_504 | 1834 | 4152 | 41 | 78 |
| iv_504-iv_506 | 1930 | 4167 | 47 | 74 |
| iv_497-iv_502 | 1893 | 4183 | 42 | 77 |
| iv_498-iv_504 | 1803 | 4194 | 45 | 77 |
| iv_503-iv_504 | 1884 | 4203 | 42 | 73 |
| iv_499-iv_501 | 1880 | 4205 | 34 | 83 |
| iv_498-iv_506 | 1910 | 4205 | 51 | 65 |
| iv_499-iv_506 | 1909 | 4227 | 45 | 70 |
| iv_497-iv_498 | 1882 | 4227 | 50 | 69 |
| iv_501-iv_504 | 1856 | 4235 | 46 | 67 |

### Input Bit Output Co-occurrences Sorted by Output Co-occurrences

| Input Bits | Co-occurrences | Potential Occurrences | Output Co-occurrences | Potential Output Occurrences |
|:----------:|:--------------:|:---------------------:|:---------------------:|:----------------------------:|
| iv_498-iv_506 | 1910 | 4205 | 51 | 65 |
| iv_506-iv_508 | 2062 | 4275 | 51 | 71 |
| iv_497-iv_498 | 1882 | 4227 | 50 | 69 |
| iv_497-iv_508 | 1986 | 4393 | 49 | 77 |
| iv_498-iv_499 | 1781 | 4256 | 48 | 63 |
| iv_497-iv_506 | 1938 | 4342 | 48 | 74 |
| iv_504-iv_506 | 1930 | 4167 | 47 | 74 |
| iv_501-iv_504 | 1856 | 4235 | 46 | 67 |
| iv_498-iv_504 | 1803 | 4194 | 45 | 77 |
| iv_499-iv_506 | 1909 | 4227 | 45 | 70 |

### Input Bit Output Co-occurrences Sorted by Potential Output Occurrences

| Input Bits | Co-occurrences | Potential Occurrences | Output Co-occurrences | Potential Output Occurrences |
|:----------:|:--------------:|:---------------------:|:---------------------:|:----------------------------:|
| iv_498-iv_499 | 1781 | 4256 | 48 | 63 |
| iv_498-iv_506 | 1910 | 4205 | 51 | 65 |
| iv_502-iv_503 | 1811 | 4325 | 41 | 66 |
| iv_501-iv_504 | 1856 | 4235 | 46 | 67 |
| iv_497-iv_498 | 1882 | 4227 | 50 | 69 |
| iv_499-iv_506 | 1909 | 4227 | 45 | 70 |
| iv_506-iv_508 | 2062 | 4275 | 51 | 71 |
| iv_503-iv_504 | 1884 | 4203 | 42 | 73 |
| iv_504-iv_506 | 1930 | 4167 | 47 | 74 |
| iv_497-iv_506 | 1938 | 4342 | 48 | 74 |

## Output Bits

### Output Bits in Regular Order

| Rank | Output Bit | Complexity |
|:----:|:----------:|:----------:|
| 1 | ov_001 | 2.4754155117485928 × 10^299 |
| 2 | ov_002 | 2.146741565180195 × 10^299 |
| 3 | ov_003 | 1.852310463242434 × 10^299 |
| 4 | ov_004 | 1.589527964161885 × 10^299 |
| 5 | ov_005 | 1.3559412393827205 × 10^299 |
| 6 | ov_006 | 1.1492287393882901 × 10^299 |
| 7 | ov_007 | 9.671913860318178 × 10^298 |
| 8 | ov_008 | 8.077450032362803 × 10^298 |
| 9 | ov_009 | 6.689138879326401 × 10^298 |
| 10 | ov_010 | 5.488254051133731 × 10^298 |
| 11 | ov_011 | 4.457054895479633 × 10^298 |
| 12 | ov_012 | 3.5787494341859683 × 10^298 |
| 13 | ov_013 | 2.8374642571798784 × 10^298 |
| 14 | ov_014 | 2.2182203573671843 × 10^298 |
| 15 | ov_015 | 1.7069139937907792 × 10^298 |
| 16 | ov_016 | 1.29030173403671 × 10^298 |
| 17 | ov_017 | 9.559888900322868 × 10^297 |
| 18 | ov_018 | 6.9242066163565 × 10^297 |
| 19 | ov_019 | 4.888754398282391 × 10^297 |
| 20 | ov_020 | 3.354598134437912 × 10^297 |
| 21 | ov_021 | 2.231048958901724 × 10^297 |
| 22 | ov_022 | 1.4356368644059187 × 10^297 |
| 23 | ov_023 | 8.940924532364802 × 10^296 |
| 24 | ov_024 | 5.403349303628347 × 10^296 |
| 25 | ov_025 | 3.164647549223233 × 10^296 |
| 26 | ov_026 | 1.727596138729002 × 10^296 |
| 27 | ov_027 | 8.64023231023047 × 10^295 |
| 28 | ov_028 | 3.8663086601546316 × 10^295 |
| 29 | ov_029 | 1.4899305836798239 × 10^295 |
| 30 | ov_030 | 4.555529756162663 × 10^294 |
| 31 | ov_031 | 8.88772149836141 × 10^293 |
| 32 | lv_80_m31 | 1.7337580841098931 × 10^293 |
| 33 | ov_033 | 2.070836591453251 × 10^294 |
| 34 | ov_034 | 1.7961640252682946 × 10^294 |
| 35 | ov_035 | 1.5503749654881946 × 10^294 |
| 36 | ov_036 | 1.3310094736458527 × 10^294 |
| 37 | ov_037 | 1.1357405575047247 × 10^294 |
| 38 | ov_038 | 9.62364749080407 × 10^293 |
| 39 | ov_039 | 8.087939562654385 × 10^293 |
| 40 | ov_040 | 6.740120341903519 × 10^293 |
| 41 | ov_041 | 5.561416987471465 × 10^293 |
| 42 | ov_042 | 4.5426923176418 × 10^293 |
| 43 | ov_043 | 3.675284713986122 × 10^293 |
| 44 | ov_044 | 2.9432250069236355 × 10^293 |
| 45 | ov_045 | 2.3314133739051944 × 10^293 |
| 46 | ov_046 | 1.825596740806287 × 10^293 |
| 47 | ov_047 | 1.4123509587886543 × 10^293 |
| 48 | ov_048 | 1.0790670155191954 × 10^293 |
| 49 | ov_049 | 8.13940594900896 × 10^292 |
| 50 | ov_050 | 6.059643545537306 × 10^292 |
| 51 | ov_051 | 4.449223452240857 × 10^292 |
| 52 | ov_052 | 3.213860511343795 × 10^292 |
| 53 | ov_053 | 2.2671160734370507 × 10^292 |
| 54 | ov_054 | 1.5677295750330593 × 10^292 |
| 55 | ov_055 | 1.0449037773596839 × 10^292 |
| 56 | ov_056 | 6.651923327919876 × 10^291 |
| 57 | ov_057 | 3.990502741661493 × 10^291 |
| 58 | ov_058 | 2.2083219854375876 × 10^291 |
| 59 | ov_059 | 1.0879131544637566 × 10^291 |
| 60 | ov_060 | 4.507901137879041 × 10^290 |
| 61 | ov_061 | 1.5744691547270134 × 10^290 |
| 62 | ov_062 | 4.3185423798270556 × 10^289 |
| 63 | ov_063 | 8.415850502304816 × 10^288 |
| 64 | lv_79_m31 | 1.6396695926529297 × 10^288 |
| 65 | ov_065 | 1.946252981281706 × 10^289 |
| 66 | ov_066 | 1.9462474195374104 × 10^289 |
| 67 | ov_067 | 1.9462460862772967 × 10^289 |
| 68 | ov_068 | 1.6836979540330546 × 10^289 |
| 69 | ov_069 | 1.4487881388352815 × 10^289 |
| 70 | ov_070 | 1.2394548129208834 × 10^289 |
| 71 | ov_071 | 1.0537375998530357 × 10^289 |
| 72 | ov_072 | 8.89770640552441 × 10^288 |
| 73 | ov_073 | 7.457768910890487 × 10^288 |
| 74 | ov_074 | 6.200635000215984 × 10^288 |
| 75 | ov_075 | 5.110181210816698 × 10^288 |
| 76 | ov_076 | 4.171060247052254 × 10^288 |
| 77 | ov_077 | 3.368678793733388 × 10^288 |
| 78 | ov_078 | 2.6891808098362755 × 10^288 |
| 79 | ov_079 | 2.1194351557617152 × 10^288 |
| 80 | ov_080 | 1.647026477172033 × 10^288 |
| 81 | ov_081 | 1.260248337296993 × 10^288 |
| 82 | ov_082 | 9.480977541827025 × 10^287 |
| 83 | ov_083 | 7.002706479144553 × 10^287 |
| 84 | ov_084 | 5.0715802596753365 × 10^287 |
| 85 | ov_085 | 3.59842839836995 × 10^287 |
| 86 | ov_086 | 2.5009744622487388 × 10^287 |
| 87 | ov_087 | 1.7038160614727844 × 10^287 |
| 88 | ov_088 | 1.1384095537640156 × 10^287 |
| 89 | ov_089 | 7.43058796630705 × 10^286 |
| 90 | ov_090 | 4.629072820170973 × 10^286 |
| 91 | ov_091 | 2.7223587194553465 × 10^286 |
| 92 | ov_092 | 1.48741682544304 × 10^286 |
| 93 | ov_093 | 7.353697124547444 × 10^285 |
| 94 | ov_094 | 3.1148589442278323 × 10^285 |
| 95 | aaa_78_28 | 9.517758796180423 × 10^284 |
| 96 | aaa_78_29 | 2.8747737368261722 × 10^284 |
| 97 | ov_097 | 1.4902996114221109 × 10^284 |
| 98 | ov_098 | 1.4902885708081133 × 10^284 |
| 99 | ov_099 | 1.4902850400241052 × 10^284 |
| 100 | ov_100 | 1.2503966726271088 × 10^284 |
| 101 | ov_101 | 1.0410619442319915 × 10^284 |
| 102 | ov_102 | 8.595751124043849 × 10^283 |
| 103 | ov_103 | 7.033787171002965 × 10^283 |
| 104 | ov_104 | 5.700527056874017 × 10^283 |
| 105 | ov_105 | 4.573049898249888 × 10^283 |
| 106 | ov_106 | 3.6296330257095434 × 10^283 |
| 107 | ov_107 | 2.84968230755336 × 10^283 |
| 108 | ov_108 | 2.2136730411127547 × 10^283 |
| 109 | ov_109 | 1.703100289333546 × 10^283 |
| 110 | ov_110 | 1.30043760180031 × 10^283 |
| 111 | ov_111 | 9.891031198507515 × 10^282 |
| 112 | ov_112 | 7.53432125199769 × 10^282 |
| 113 | ov_113 | 5.786551507705144 × 10^282 |
| 114 | ov_114 | 4.508808313798179 × 10^282 |
| 115 | ov_115 | 3.57082730666033 × 10^282 |
| 116 | ov_116 | 2.850894392565835 × 10^282 |
| 117 | ov_117 | 2.2357729769781386 × 10^282 |
| 118 | ov_118 | 1.7170752952626465 × 10^282 |
| 119 | ov_119 | 1.286440074671318 × 10^282 |
| 120 | ov_120 | 9.355244572182428 × 10^281 |
| 121 | ov_121 | 6.559978405839955 × 10^281 |
| 122 | ov_122 | 4.395373451928241 × 10^281 |
| 123 | ov_123 | 2.778246156215668 × 10^281 |
| 124 | ov_124 | 1.6254366450334964 × 10^281 |
| 125 | ov_125 | 8.537953791714629 × 10^280 |
| 126 | ov_126 | 3.801763523146959 × 10^280 |
| 127 | aaa_77_28 | 1.2143448290954805 × 10^280 |
| 128 | aaa_77_29 | 4.554763981522006 × 10^279 |
| 129 | ov_129 | 4.182097581553498 × 10^279 |
| 130 | ov_130 | 4.1820850586293214 × 10^279 |
| 131 | ov_131 | 4.1820820358665584 × 10^279 |
| 132 | ov_132 | 3.6245695612079585 × 10^279 |
| 133 | ov_133 | 3.1246747872844253 × 10^279 |
| 134 | ov_134 | 2.6779042015032414 × 10^279 |
| 135 | ov_135 | 2.2799996034837308 × 10^279 |
| 136 | ov_136 | 1.9269212026254624 × 10^279 |
| 137 | ov_137 | 1.6167017567252486 × 10^279 |
| 138 | ov_138 | 1.345697291947557 × 10^279 |
| 139 | ov_139 | 1.110445486003212 × 10^279 |
| 140 | ov_140 | 9.076572793363249 × 10^278 |
| 141 | ov_141 | 7.34210055562864 × 10^278 |
| 142 | ov_142 | 5.8714219119433614 × 10^278 |
| 143 | ov_143 | 4.636487862716507 × 10^278 |
| 144 | ov_144 | 3.6107839904947196 × 10^278 |
| 145 | ov_145 | 2.769306193361735 × 10^278 |
| 146 | ov_146 | 2.0885432652571756 × 10^278 |
| 147 | ov_147 | 1.546464897656072 × 10^278 |
| 148 | ov_148 | 1.1225137909575832 × 10^278 |
| 149 | ov_149 | 7.976006777090228 × 10^277 |
| 150 | ov_150 | 5.541012270337836 × 10^277 |
| 151 | ov_151 | 3.7585406683277815 × 10^277 |
| 152 | ov_152 | 2.481594455695275 × 10^277 |
| 153 | ov_153 | 1.5777828390429026 × 10^277 |
| 154 | ov_154 | 9.293151294748244 × 10^276 |
| 155 | ov_155 | 4.8094532487450486 × 10^276 |
| 156 | aaa_76_25 | 1.8472456014897462 × 10^276 |
| 157 | aaa_76_26 | 1.0658543442313299 × 10^276 |
| 158 | aaa_76_27 | 5.450790537072314 × 10^275 |
| 159 | aaa_76_28 | 2.1196531095307166 × 10^275 |
| 160 | aaa_76_29 | 6.43808808263075 × 10^274 |

### Output Bits Sorted by Complexity

| Rank | Output Bit | Complexity |
|:----:|:----------:|:----------:|
| 160 | aaa_76_29 | 6.43808808263075 × 10^274 |
| 159 | aaa_76_28 | 2.1196531095307166 × 10^275 |
| 158 | aaa_76_27 | 5.450790537072314 × 10^275 |
| 157 | aaa_76_26 | 1.0658543442313299 × 10^276 |
| 156 | aaa_76_25 | 1.8472456014897462 × 10^276 |
| 155 | ov_155 | 4.8094532487450486 × 10^276 |
| 154 | ov_154 | 9.293151294748244 × 10^276 |
| 153 | ov_153 | 1.5777828390429026 × 10^277 |
| 152 | ov_152 | 2.481594455695275 × 10^277 |
| 151 | ov_151 | 3.7585406683277815 × 10^277 |
| 150 | ov_150 | 5.541012270337836 × 10^277 |
| 149 | ov_149 | 7.976006777090228 × 10^277 |
| 148 | ov_148 | 1.1225137909575832 × 10^278 |
| 147 | ov_147 | 1.546464897656072 × 10^278 |
| 146 | ov_146 | 2.0885432652571756 × 10^278 |
| 145 | ov_145 | 2.769306193361735 × 10^278 |
| 144 | ov_144 | 3.6107839904947196 × 10^278 |
| 143 | ov_143 | 4.636487862716507 × 10^278 |
| 142 | ov_142 | 5.8714219119433614 × 10^278 |
| 141 | ov_141 | 7.34210055562864 × 10^278 |
| 140 | ov_140 | 9.076572793363249 × 10^278 |
| 139 | ov_139 | 1.110445486003212 × 10^279 |
| 138 | ov_138 | 1.345697291947557 × 10^279 |
| 137 | ov_137 | 1.6167017567252486 × 10^279 |
| 136 | ov_136 | 1.9269212026254624 × 10^279 |
| 135 | ov_135 | 2.2799996034837308 × 10^279 |
| 134 | ov_134 | 2.6779042015032414 × 10^279 |
| 133 | ov_133 | 3.1246747872844253 × 10^279 |
| 132 | ov_132 | 3.6245695612079585 × 10^279 |
| 131 | ov_131 | 4.1820820358665584 × 10^279 |
| 130 | ov_130 | 4.1820850586293214 × 10^279 |
| 129 | ov_129 | 4.182097581553498 × 10^279 |
| 128 | aaa_77_29 | 4.554763981522006 × 10^279 |
| 127 | aaa_77_28 | 1.2143448290954805 × 10^280 |
| 126 | ov_126 | 3.801763523146959 × 10^280 |
| 125 | ov_125 | 8.537953791714629 × 10^280 |
| 124 | ov_124 | 1.6254366450334964 × 10^281 |
| 123 | ov_123 | 2.778246156215668 × 10^281 |
| 122 | ov_122 | 4.395373451928241 × 10^281 |
| 121 | ov_121 | 6.559978405839955 × 10^281 |
| 120 | ov_120 | 9.355244572182428 × 10^281 |
| 119 | ov_119 | 1.286440074671318 × 10^282 |
| 118 | ov_118 | 1.7170752952626465 × 10^282 |
| 117 | ov_117 | 2.2357729769781386 × 10^282 |
| 116 | ov_116 | 2.850894392565835 × 10^282 |
| 115 | ov_115 | 3.57082730666033 × 10^282 |
| 114 | ov_114 | 4.508808313798179 × 10^282 |
| 113 | ov_113 | 5.786551507705144 × 10^282 |
| 112 | ov_112 | 7.53432125199769 × 10^282 |
| 111 | ov_111 | 9.891031198507515 × 10^282 |
| 110 | ov_110 | 1.30043760180031 × 10^283 |
| 109 | ov_109 | 1.703100289333546 × 10^283 |
| 108 | ov_108 | 2.2136730411127547 × 10^283 |
| 107 | ov_107 | 2.84968230755336 × 10^283 |
| 106 | ov_106 | 3.6296330257095434 × 10^283 |
| 105 | ov_105 | 4.573049898249888 × 10^283 |
| 104 | ov_104 | 5.700527056874017 × 10^283 |
| 103 | ov_103 | 7.033787171002965 × 10^283 |
| 102 | ov_102 | 8.595751124043849 × 10^283 |
| 101 | ov_101 | 1.0410619442319915 × 10^284 |
| 100 | ov_100 | 1.2503966726271088 × 10^284 |
| 99 | ov_099 | 1.4902850400241052 × 10^284 |
| 98 | ov_098 | 1.4902885708081133 × 10^284 |
| 97 | ov_097 | 1.4902996114221109 × 10^284 |
| 96 | aaa_78_29 | 2.8747737368261722 × 10^284 |
| 95 | aaa_78_28 | 9.517758796180423 × 10^284 |
| 94 | ov_094 | 3.1148589442278323 × 10^285 |
| 93 | ov_093 | 7.353697124547444 × 10^285 |
| 92 | ov_092 | 1.48741682544304 × 10^286 |
| 91 | ov_091 | 2.7223587194553465 × 10^286 |
| 90 | ov_090 | 4.629072820170973 × 10^286 |
| 89 | ov_089 | 7.43058796630705 × 10^286 |
| 88 | ov_088 | 1.1384095537640156 × 10^287 |
| 87 | ov_087 | 1.7038160614727844 × 10^287 |
| 86 | ov_086 | 2.5009744622487388 × 10^287 |
| 85 | ov_085 | 3.59842839836995 × 10^287 |
| 84 | ov_084 | 5.0715802596753365 × 10^287 |
| 83 | ov_083 | 7.002706479144553 × 10^287 |
| 82 | ov_082 | 9.480977541827025 × 10^287 |
| 81 | ov_081 | 1.260248337296993 × 10^288 |
| 64 | lv_79_m31 | 1.6396695926529297 × 10^288 |
| 80 | ov_080 | 1.647026477172033 × 10^288 |
| 79 | ov_079 | 2.1194351557617152 × 10^288 |
| 78 | ov_078 | 2.6891808098362755 × 10^288 |
| 77 | ov_077 | 3.368678793733388 × 10^288 |
| 76 | ov_076 | 4.171060247052254 × 10^288 |
| 75 | ov_075 | 5.110181210816698 × 10^288 |
| 74 | ov_074 | 6.200635000215984 × 10^288 |
| 73 | ov_073 | 7.457768910890487 × 10^288 |
| 63 | ov_063 | 8.415850502304816 × 10^288 |
| 72 | ov_072 | 8.89770640552441 × 10^288 |
| 71 | ov_071 | 1.0537375998530357 × 10^289 |
| 70 | ov_070 | 1.2394548129208834 × 10^289 |
| 69 | ov_069 | 1.4487881388352815 × 10^289 |
| 68 | ov_068 | 1.6836979540330546 × 10^289 |
| 67 | ov_067 | 1.9462460862772967 × 10^289 |
| 66 | ov_066 | 1.9462474195374104 × 10^289 |
| 65 | ov_065 | 1.946252981281706 × 10^289 |
| 62 | ov_062 | 4.3185423798270556 × 10^289 |
| 61 | ov_061 | 1.5744691547270134 × 10^290 |
| 60 | ov_060 | 4.507901137879041 × 10^290 |
| 59 | ov_059 | 1.0879131544637566 × 10^291 |
| 58 | ov_058 | 2.2083219854375876 × 10^291 |
| 57 | ov_057 | 3.990502741661493 × 10^291 |
| 56 | ov_056 | 6.651923327919876 × 10^291 |
| 55 | ov_055 | 1.0449037773596839 × 10^292 |
| 54 | ov_054 | 1.5677295750330593 × 10^292 |
| 53 | ov_053 | 2.2671160734370507 × 10^292 |
| 52 | ov_052 | 3.213860511343795 × 10^292 |
| 51 | ov_051 | 4.449223452240857 × 10^292 |
| 50 | ov_050 | 6.059643545537306 × 10^292 |
| 49 | ov_049 | 8.13940594900896 × 10^292 |
| 48 | ov_048 | 1.0790670155191954 × 10^293 |
| 47 | ov_047 | 1.4123509587886543 × 10^293 |
| 32 | lv_80_m31 | 1.7337580841098931 × 10^293 |
| 46 | ov_046 | 1.825596740806287 × 10^293 |
| 45 | ov_045 | 2.3314133739051944 × 10^293 |
| 44 | ov_044 | 2.9432250069236355 × 10^293 |
| 43 | ov_043 | 3.675284713986122 × 10^293 |
| 42 | ov_042 | 4.5426923176418 × 10^293 |
| 41 | ov_041 | 5.561416987471465 × 10^293 |
| 40 | ov_040 | 6.740120341903519 × 10^293 |
| 39 | ov_039 | 8.087939562654385 × 10^293 |
| 31 | ov_031 | 8.88772149836141 × 10^293 |
| 38 | ov_038 | 9.62364749080407 × 10^293 |
| 37 | ov_037 | 1.1357405575047247 × 10^294 |
| 36 | ov_036 | 1.3310094736458527 × 10^294 |
| 35 | ov_035 | 1.5503749654881946 × 10^294 |
| 34 | ov_034 | 1.7961640252682946 × 10^294 |
| 33 | ov_033 | 2.070836591453251 × 10^294 |
| 30 | ov_030 | 4.555529756162663 × 10^294 |
| 29 | ov_029 | 1.4899305836798239 × 10^295 |
| 28 | ov_028 | 3.8663086601546316 × 10^295 |
| 27 | ov_027 | 8.64023231023047 × 10^295 |
| 26 | ov_026 | 1.727596138729002 × 10^296 |
| 25 | ov_025 | 3.164647549223233 × 10^296 |
| 24 | ov_024 | 5.403349303628347 × 10^296 |
| 23 | ov_023 | 8.940924532364802 × 10^296 |
| 22 | ov_022 | 1.4356368644059187 × 10^297 |
| 21 | ov_021 | 2.231048958901724 × 10^297 |
| 20 | ov_020 | 3.354598134437912 × 10^297 |
| 19 | ov_019 | 4.888754398282391 × 10^297 |
| 18 | ov_018 | 6.9242066163565 × 10^297 |
| 17 | ov_017 | 9.559888900322868 × 10^297 |
| 16 | ov_016 | 1.29030173403671 × 10^298 |
| 15 | ov_015 | 1.7069139937907792 × 10^298 |
| 14 | ov_014 | 2.2182203573671843 × 10^298 |
| 13 | ov_013 | 2.8374642571798784 × 10^298 |
| 12 | ov_012 | 3.5787494341859683 × 10^298 |
| 11 | ov_011 | 4.457054895479633 × 10^298 |
| 10 | ov_010 | 5.488254051133731 × 10^298 |
| 9 | ov_009 | 6.689138879326401 × 10^298 |
| 8 | ov_008 | 8.077450032362803 × 10^298 |
| 7 | ov_007 | 9.671913860318178 × 10^298 |
| 6 | ov_006 | 1.1492287393882901 × 10^299 |
| 5 | ov_005 | 1.3559412393827205 × 10^299 |
| 4 | ov_004 | 1.589527964161885 × 10^299 |
| 3 | ov_003 | 1.852310463242434 × 10^299 |
| 2 | ov_002 | 2.146741565180195 × 10^299 |
| 1 | ov_001 | 2.4754155117485928 × 10^299 |

