# Results for F001-F002-F003-F004-F005-F006-F007-F008-F009-F010-F011-F012-F013-F014-F015-F016-F017-F018-F019-F020-F021-F022-F023-F024-F025-F026-F027-F028-F029-F030-F031-F032-F033-F034-F035-F036-F037-F038-F039-F040-F041-F042-F043-F044-F045-F046-F047-F048-F049-F050-F051-F052-F053-F054-F055-F056-F057-F058-F059-F060-F061-F062-F063-F064-F065-F066-F067-F068-F069-F070-F071-F072-F073-F074-F075-F076-F077-F078-F079-F080-F081-F082-F083-F084-F085-F086-F087-F088-F089-F090-F091-F092-F093-F094-F095-F096-F097-F098-F099-F100-F101-F102-F103-F104-F105-F106-F107-F108-F109-F110-F111-F112-F113-F114-F115-F116-F117-F118-F119-F120-F121-F122-F123-F124-F125-F126-F127-F128-F129-F130-F131-F132-F133-F134-F135-F136-F137-F138-F139-F140-F141-F142-F143-F144-F145-F146-F147-F148-F149-F150-F151-F152-F153-F154-F155-F156-F157-F158-F159-F160-F161-F162-F163-F164-F165-F166-F167-F168-F169-F170-F171-F172-F173-F174-F175-F176-F177-F178-F179-F180-F181-F182-F183-F184-F185-F186-F187-F188-F189-F190-F191-F192-F193-F194-F195-F196-F197-F198-F199-F200-F201-F202-F203-F204-F205-F206-F207-F208-F209-F210-F211-F212-F213-F214-F215-F216-F217-F218-F219-F220-F221-F222-F223-F224-F225-F226-F227-F228-F229-F230-F231-F232-F233-F234-F235-F236-F237-F238-F239-F240-F241-F242-F243-F244-F245-F246-F247-F248-F249-F250-F251-F252-F253-F254-F255-F256-F257-F258-F259-F260-F261-F262-F263-F264-F265-F266-F267-F268-F269-F270-F271-F272-F273-F274-F275-F276-F277-F278-F279-F280-F281-F282-F283-F284-F285-F286-F287-F288-F289-F290-F291-F292-F293-F294-F295-F296-F297-F298-F299-F300-F301-F302-F303-F304-F305-F306-F307-F308-F309-F310-F311-F312-F313-F314-F315-F316-F317-F318-F319-F320-F321-F322-F323-F324-F325-F326-F327-F328-F329-F330-F331-F332-F333-F334-F335-F336-F337-F338-F339-F340-F341-F342-F343-F344-F345-F346-F347-F348-F349-F350-F351-F352-F353-F354-F355-F356-F357-F358-F359-F360-F361-F362-F363-F364-F365-F366-F367-F368-F369-F370-F371-F372-F373-F374-F375-F376-F377-F378-F379-F380-F381-F382-F383-F384-F385-F386-F387-F388-F389-F390-F391-F392-F393-F394-F395-F396-F397-F398-F399-F400-F401-F402-F403-F404-F405-F406-F407-F408-F409-F410-F411-F412-F413-F414-F415-F416-F417-F418-F419-F420-F421-F422-F423-F424-F425-F426-F427-F428-F429-F430-F431-F432-F433-F434-F435-F436-F437-F438-F439-F440-F441-F442-F443-F444-F445-F446-F447-F448-F449-F450-F451-F452-F453-F454-F455-F456-F457-F458-F459-F460-F461-F462-F463-F464-F465-F466-F467-F468-F469-F470-F471-F472-F473-F474-F475-F476-F477-F478-F479-F480-F481-F482-F483-F484-F485-F486-F487-F488-F489-F490-F491-F492-F493-F494-F495-F496-O500505-E501503-F509-F510-F511-F512

## Summary

Number of input bits: 512  
Number of free input bits: 10  
Number of output bits: 160

Number of direct occurrences: 40126  
Number of assignments: 31084  
Number of operations: 10862310
(xor: 10834297,
and: 14726,
or: 13287)

Total complexity: 1.9376035084841766 × 10^298

Least occurring input variable: iv_502 (3785)  
Most occurring input variable: iv_500 (4249)

Most co-occurring input variables: iv_497-iv_507 (2020)  
Least co-occurring input variables: iv_499-iv_502 (1710)

Potentially most occurring input variable: iv_500/iv_501 (4454)  
Potentially least occurring input variable: iv_504/iv_506 (4102)

Least output occurring input variable: iv_501 (69)  
Most output occurring input variable: iv_497 (93)

Most output co-occurring input variables: iv_497-iv_506 (51)  
Least output co-occurring input variables: iv_501-iv_504 (28)

Potentially most output occurring input variable: iv_500/iv_507 (90)  
Potentially least output occurring input variable: iv_501/iv_508 (69)

Least complex input bit: iv_497 (6.876854128791779 × 10^295)  
Most complex input bit: iv_500 (4.482569917476767 × 10^297)

Least complex output bit: aaa_76_29 (4.4031607863427963 × 10^273)  
Most complex output bit: ov_001 (3.0993635992236493 × 10^297)

Least complex input/output complexity: iv_497/aaa_76_29 (1.562749773145488 × 10^271)  
Most complex input/output complexity: iv_500/ov_001 (7.1702564391366526 × 10^296)

## Input Bits

### Input Bits in Regular Order

| Input Bit | Complexity | Occurrences | Output Occurrences |
|:---------:|:----------:|:-----------:|:------------------:|
| iv_497 | 6.876854128791779 × 10^295 | 4101 | 93 |
| iv_498 | 1.376167354047392 × 10^296 | 3902 | 88 |
| iv_499 | 2.4300531967761717 × 10^296 | 3858 | 72 |
| iv_500 | 4.482569917476767 × 10^297 | 4249 | 82 |
| iv_501 | 2.3920324791890224 × 10^297 | 4157 | 69 |
| iv_502 | 1.0854623881629134 × 10^297 | 3785 | 71 |
| iv_504 | 2.6699579051238322 × 10^297 | 3881 | 71 |
| iv_506 | 2.037479246391457 × 10^297 | 3929 | 81 |
| iv_507 | 2.8992959108865654 × 10^297 | 4144 | 76 |
| iv_508 | 3.359846641240952 × 10^297 | 4120 | 78 |

### Input Bits Sorted by Complexity

| Input Bit | Complexity | Occurrences | Output Occurrences |
|:---------:|:----------:|:-----------:|:------------------:|
| iv_497 | 6.876854128791779 × 10^295 | 4101 | 93 |
| iv_498 | 1.376167354047392 × 10^296 | 3902 | 88 |
| iv_499 | 2.4300531967761717 × 10^296 | 3858 | 72 |
| iv_502 | 1.0854623881629134 × 10^297 | 3785 | 71 |
| iv_506 | 2.037479246391457 × 10^297 | 3929 | 81 |
| iv_501 | 2.3920324791890224 × 10^297 | 4157 | 69 |
| iv_504 | 2.6699579051238322 × 10^297 | 3881 | 71 |
| iv_507 | 2.8992959108865654 × 10^297 | 4144 | 76 |
| iv_508 | 3.359846641240952 × 10^297 | 4120 | 78 |
| iv_500 | 4.482569917476767 × 10^297 | 4249 | 82 |

### Input Bits Sorted by Occurrences

| Input Bit | Complexity | Occurrences | Output Occurrences |
|:---------:|:----------:|:-----------:|:------------------:|
| iv_502 | 1.0854623881629134 × 10^297 | 3785 | 71 |
| iv_499 | 2.4300531967761717 × 10^296 | 3858 | 72 |
| iv_504 | 2.6699579051238322 × 10^297 | 3881 | 71 |
| iv_498 | 1.376167354047392 × 10^296 | 3902 | 88 |
| iv_506 | 2.037479246391457 × 10^297 | 3929 | 81 |
| iv_497 | 6.876854128791779 × 10^295 | 4101 | 93 |
| iv_508 | 3.359846641240952 × 10^297 | 4120 | 78 |
| iv_507 | 2.8992959108865654 × 10^297 | 4144 | 76 |
| iv_501 | 2.3920324791890224 × 10^297 | 4157 | 69 |
| iv_500 | 4.482569917476767 × 10^297 | 4249 | 82 |

### Input Bits Sorted by Output Occurrences

| Input Bit | Complexity | Occurrences | Output Occurrences |
|:---------:|:----------:|:-----------:|:------------------:|
| iv_501 | 2.3920324791890224 × 10^297 | 4157 | 69 |
| iv_502 | 1.0854623881629134 × 10^297 | 3785 | 71 |
| iv_504 | 2.6699579051238322 × 10^297 | 3881 | 71 |
| iv_499 | 2.4300531967761717 × 10^296 | 3858 | 72 |
| iv_507 | 2.8992959108865654 × 10^297 | 4144 | 76 |
| iv_508 | 3.359846641240952 × 10^297 | 4120 | 78 |
| iv_506 | 2.037479246391457 × 10^297 | 3929 | 81 |
| iv_500 | 4.482569917476767 × 10^297 | 4249 | 82 |
| iv_498 | 1.376167354047392 × 10^296 | 3902 | 88 |
| iv_497 | 6.876854128791779 × 10^295 | 4101 | 93 |

## Input Bit Co-occurrences

### Input Bit Co-occurrences Sorted by Co-occurrences

| Input Bits | Co-occurrences | Potential Occurrences | Output Co-occurrences | Potential Output Occurrences |
|:----------:|:--------------:|:---------------------:|:---------------------:|:----------------------------:|
| iv_497-iv_507 | 2020 | 4205 | 44 | 81 |
| iv_500-iv_507 | 2014 | 4365 | 34 | 90 |
| iv_497-iv_500 | 2013 | 4324 | 45 | 85 |
| iv_500-iv_501 | 1976 | 4454 | 38 | 75 |
| iv_501-iv_508 | 1976 | 4325 | 39 | 69 |
| iv_500-iv_508 | 1974 | 4421 | 39 | 82 |
| iv_506-iv_507 | 1966 | 4141 | 39 | 79 |
| iv_507-iv_508 | 1960 | 4344 | 33 | 88 |
| iv_500-iv_506 | 1958 | 4262 | 42 | 79 |
| iv_499-iv_500 | 1935 | 4237 | 41 | 72 |

### Input Bit Co-occurrences Sorted by Potential Occurrences

| Input Bits | Co-occurrences | Potential Occurrences | Output Co-occurrences | Potential Output Occurrences |
|:----------:|:--------------:|:---------------------:|:---------------------:|:----------------------------:|
| iv_504-iv_506 | 1854 | 4102 | 38 | 76 |
| iv_499-iv_504 | 1817 | 4105 | 30 | 83 |
| iv_506-iv_507 | 1966 | 4141 | 39 | 79 |
| iv_497-iv_504 | 1912 | 4158 | 44 | 76 |
| iv_498-iv_504 | 1810 | 4163 | 40 | 79 |
| iv_498-iv_499 | 1797 | 4166 | 44 | 72 |
| iv_498-iv_506 | 1829 | 4173 | 41 | 87 |
| iv_502-iv_504 | 1744 | 4178 | 33 | 76 |
| iv_499-iv_508 | 1899 | 4180 | 37 | 76 |
| iv_502-iv_506 | 1766 | 4182 | 38 | 76 |

### Input Bit Output Co-occurrences Sorted by Output Co-occurrences

| Input Bits | Co-occurrences | Potential Occurrences | Output Co-occurrences | Potential Output Occurrences |
|:----------:|:--------------:|:---------------------:|:---------------------:|:----------------------------:|
| iv_497-iv_506 | 1918 | 4194 | 51 | 72 |
| iv_497-iv_498 | 1872 | 4259 | 50 | 81 |
| iv_497-iv_500 | 2013 | 4324 | 45 | 85 |
| iv_498-iv_500 | 1925 | 4301 | 45 | 80 |
| iv_497-iv_504 | 1912 | 4158 | 44 | 76 |
| iv_497-iv_507 | 2020 | 4205 | 44 | 81 |
| iv_498-iv_499 | 1797 | 4166 | 44 | 72 |
| iv_497-iv_508 | 1910 | 4401 | 44 | 83 |
| iv_498-iv_507 | 1879 | 4288 | 43 | 78 |
| iv_498-iv_508 | 1822 | 4378 | 43 | 80 |

### Input Bit Output Co-occurrences Sorted by Potential Output Occurrences

| Input Bits | Co-occurrences | Potential Occurrences | Output Co-occurrences | Potential Output Occurrences |
|:----------:|:--------------:|:---------------------:|:---------------------:|:----------------------------:|
| iv_501-iv_508 | 1976 | 4325 | 39 | 69 |
| iv_497-iv_506 | 1918 | 4194 | 51 | 72 |
| iv_499-iv_500 | 1935 | 4237 | 41 | 72 |
| iv_499-iv_507 | 1889 | 4224 | 38 | 72 |
| iv_498-iv_499 | 1797 | 4166 | 44 | 72 |
| iv_499-iv_501 | 1822 | 4371 | 34 | 73 |
| iv_500-iv_501 | 1976 | 4454 | 38 | 75 |
| iv_502-iv_507 | 1858 | 4213 | 36 | 75 |
| iv_502-iv_504 | 1744 | 4178 | 33 | 76 |
| iv_497-iv_504 | 1912 | 4158 | 44 | 76 |

## Output Bits

### Output Bits in Regular Order

| Rank | Output Bit | Complexity |
|:----:|:----------:|:----------:|
| 1 | ov_001 | 3.0993635992236493 × 10^297 |
| 2 | ov_002 | 2.6878458509628222 × 10^297 |
| 3 | ov_003 | 2.3192026572656384 × 10^297 |
| 4 | ov_004 | 1.9901853329875853 × 10^297 |
| 5 | ov_005 | 1.697722325871599 × 10^297 |
| 6 | ov_006 | 1.4389065864336106 × 10^297 |
| 7 | ov_007 | 1.2109845685213699 × 10^297 |
| 8 | ov_008 | 1.0113467545899957 × 10^297 |
| 9 | ov_009 | 8.375195877111669 × 10^296 |
| 10 | ov_010 | 6.8715867069098146 × 10^296 |
| 11 | ov_011 | 5.580430910663419 × 10^296 |
| 12 | ov_012 | 4.480707388169763 × 10^296 |
| 13 | ov_013 | 3.552544915463102 × 10^296 |
| 14 | ov_014 | 2.7771914968419753 × 10^296 |
| 15 | ov_015 | 2.1369901197666187 × 10^296 |
| 16 | ov_016 | 1.6153598917529109 × 10^296 |
| 17 | ov_017 | 1.196781614396739 × 10^296 |
| 18 | ov_018 | 8.667869253371522 × 10^295 |
| 19 | ov_019 | 6.119502144070787 × 10^295 |
| 20 | ov_020 | 4.198826310100646 × 10^295 |
| 21 | ov_021 | 2.792276767741188 × 10^295 |
| 22 | ov_022 | 1.7965804040675982 × 10^295 |
| 23 | ov_023 | 1.1187340941781402 × 10^295 |
| 24 | ov_024 | 6.75990309002697 × 10^294 |
| 25 | ov_025 | 3.9584831075460355 × 10^294 |
| 26 | ov_026 | 2.1604933128769402 × 10^294 |
| 27 | ov_027 | 1.0802407847440297 × 10^294 |
| 28 | ov_028 | 4.832277814562832 × 10^293 |
| 29 | ov_029 | 1.861494622120626 × 10^293 |
| 30 | ov_030 | 5.689328988474905 × 10^292 |
| 31 | ov_031 | 1.109411626746548 × 10^292 |
| 32 | lv_80_m31 | 2.1629736533807644 × 10^291 |
| 33 | ov_033 | 2.5916176183242784 × 10^292 |
| 34 | ov_034 | 2.247138168681165 × 10^292 |
| 35 | ov_035 | 1.9389781947119674 × 10^292 |
| 36 | ov_036 | 1.6641843750693124 × 10^292 |
| 37 | ov_037 | 1.4199622097464328 × 10^292 |
| 38 | ov_038 | 1.203664844390173 × 10^292 |
| 39 | ov_039 | 1.0127834233455978 × 10^292 |
| 40 | ov_040 | 8.449388213050095 × 10^291 |
| 41 | ov_041 | 6.9787461259443 × 10^291 |
| 42 | ov_042 | 5.704924535324146 × 10^291 |
| 43 | ov_043 | 4.617510364013173 × 10^291 |
| 44 | ov_044 | 3.697302915037124 × 10^291 |
| 45 | ov_045 | 2.9261457846771396 × 10^291 |
| 46 | ov_046 | 2.286900195788703 × 10^291 |
| 47 | ov_047 | 1.7634239442353554 × 10^291 |
| 48 | ov_048 | 1.3405550859171669 × 10^291 |
| 49 | ov_049 | 1.004099559232861 × 10^291 |
| 50 | ov_050 | 7.408220039271067 × 10^290 |
| 51 | ov_051 | 5.384391024160239 × 10^290 |
| 52 | ov_052 | 3.856148340930351 × 10^290 |
| 53 | ov_053 | 2.719571231684844 × 10^290 |
| 54 | ov_054 | 1.8801549868368565 × 10^290 |
| 55 | ov_055 | 1.2527951136394798 × 10^290 |
| 56 | ov_056 | 7.972878485834696 × 10^289 |
| 57 | ov_057 | 4.781224800482638 × 10^289 |
| 58 | ov_058 | 2.644790745024131 × 10^289 |
| 59 | ov_059 | 1.3022726882529352 × 10^289 |
| 60 | ov_060 | 5.392570988868737 × 10^288 |
| 61 | ov_061 | 1.8821847932676088 × 10^288 |
| 62 | ov_062 | 5.159140842555362 × 10^287 |
| 63 | ov_063 | 1.0047052510284964 × 10^287 |
| 64 | lv_79_m31 | 1.9561578374789067 × 10^286 |
| 65 | ov_065 | 2.3236769791808197 × 10^287 |
| 66 | ov_066 | 2.3236695388222062 × 10^287 |
| 67 | ov_067 | 2.323667717771873 × 10^287 |
| 68 | ov_068 | 2.0059904945217475 × 10^287 |
| 69 | ov_069 | 1.72288523650444 × 10^287 |
| 70 | ov_070 | 1.4715338643462744 × 10^287 |
| 71 | ov_071 | 1.2492917490004384 × 10^287 |
| 72 | ov_072 | 1.0536759650120872 × 10^287 |
| 73 | ov_073 | 8.823545810549521 × 10^286 |
| 74 | ov_074 | 7.33136933155367 × 10^286 |
| 75 | ov_075 | 6.039648280845784 × 10^286 |
| 76 | ov_076 | 4.929046260850965 × 10^286 |
| 77 | ov_077 | 3.981401534512664 × 10^286 |
| 78 | ov_078 | 3.179663965584741 × 10^286 |
| 79 | ov_079 | 2.50783929772625 × 10^286 |
| 80 | ov_080 | 1.9509403031048834 × 10^286 |
| 81 | ov_081 | 1.4949443359900865 × 10^286 |
| 82 | ov_082 | 1.126756830313624 × 10^286 |
| 83 | ov_083 | 8.34180282695159 × 10^285 |
| 84 | ov_084 | 6.05888264226661 × 10^285 |
| 85 | ov_085 | 4.314040055742888 × 10^285 |
| 86 | ov_086 | 3.010831008253104 × 10^285 |
| 87 | ov_087 | 2.0609987608100776 × 10^285 |
| 88 | ov_088 | 1.3843696915501 × 10^285 |
| 89 | ov_089 | 9.087766694539867 × 10^284 |
| 90 | ov_090 | 5.70005471598874 × 10^284 |
| 91 | ov_091 | 3.3793181427330365 × 10^284 |
| 92 | ov_092 | 1.8638359446966787 × 10^284 |
| 93 | ov_093 | 9.313330923329767 × 10^283 |
| 94 | ov_094 | 3.989432712747186 × 10^283 |
| 95 | aaa_78_28 | 1.2319364453672524 × 10^283 |
| 96 | aaa_78_29 | 3.7835139607448075 × 10^282 |
| 97 | ov_097 | 2.4991668873901847 × 10^282 |
| 98 | ov_098 | 2.499091681885882 × 10^282 |
| 99 | ov_099 | 2.4990676317462502 × 10^282 |
| 100 | ov_100 | 2.249002243861669 × 10^282 |
| 101 | ov_101 | 2.0173704969955323 × 10^282 |
| 102 | ov_102 | 1.8031622697577427 × 10^282 |
| 103 | ov_103 | 1.6054415089879578 × 10^282 |
| 104 | ov_104 | 1.4233364755003977 × 10^282 |
| 105 | ov_105 | 1.2560308876628897 × 10^282 |
| 106 | ov_106 | 1.102755916927009 × 10^282 |
| 107 | ov_107 | 9.627829910196994 × 10^281 |
| 108 | ov_108 | 8.354173617665907 × 10^281 |
| 109 | ov_109 | 7.199923954928194 × 10^281 |
| 110 | ov_110 | 6.158645446821016 × 10^281 |
| 111 | ov_111 | 5.2240896011007536 × 10^281 |
| 112 | ov_112 | 4.3901570304419035 × 10^281 |
| 113 | ov_113 | 3.6508651735631934 × 10^281 |
| 114 | ov_114 | 3.000321215545965 × 10^281 |
| 115 | ov_115 | 2.432699808378804 × 10^281 |
| 116 | ov_116 | 1.9422251933589092 × 10^281 |
| 117 | ov_117 | 1.5231573273657678 × 10^281 |
| 118 | ov_118 | 1.1697816152880393 × 10^281 |
| 119 | ov_119 | 8.764015245106353 × 10^280 |
| 120 | ov_120 | 6.373330805952354 × 10^280 |
| 121 | ov_121 | 4.46900669241983 × 10^280 |
| 122 | ov_122 | 2.9943394587425977 × 10^280 |
| 123 | ov_123 | 1.8926565420219903 × 10^280 |
| 124 | ov_124 | 1.107301551234523 × 10^280 |
| 125 | ov_125 | 5.81625156495703 × 10^279 |
| 126 | ov_126 | 2.589804432334099 × 10^279 |
| 127 | aaa_77_28 | 8.272112949203079 × 10^278 |
| 128 | aaa_77_29 | 3.102634750634078 × 10^278 |
| 129 | ov_129 | 2.8488601477445758 × 10^278 |
| 130 | ov_130 | 2.848851577119782 × 10^278 |
| 131 | ov_131 | 2.848849506467296 × 10^278 |
| 132 | ov_132 | 2.4689555613417066 × 10^278 |
| 133 | ov_133 | 2.1283642279127922 × 10^278 |
| 134 | ov_134 | 1.8239991073404297 × 10^278 |
| 135 | ov_135 | 1.5529468569995423 × 10^278 |
| 136 | ov_136 | 1.3124454606629442 × 10^278 |
| 137 | ov_137 | 1.1011503838535717 × 10^278 |
| 138 | ov_138 | 9.165734970930588 × 10^277 |
| 139 | ov_139 | 7.563520721762998 × 10^277 |
| 140 | ov_140 | 6.1824276993034765 × 10^277 |
| 141 | ov_141 | 5.001167244741281 × 10^277 |
| 142 | ov_142 | 3.999555879758398 × 10^277 |
| 143 | ov_143 | 3.1584840779314627 × 10^277 |
| 144 | ov_144 | 2.4598921571301536 × 10^277 |
| 145 | ov_145 | 1.8867521680313746 × 10^277 |
| 146 | ov_146 | 1.4230547315833196 × 10^277 |
| 147 | ov_147 | 1.0537998558105104 × 10^277 |
| 148 | ov_148 | 7.64990839794426 × 10^276 |
| 149 | ov_149 | 5.436304500226815 × 10^276 |
| 150 | ov_150 | 3.7771863159409274 × 10^276 |
| 151 | ov_151 | 2.5625112563001877 × 10^276 |
| 152 | ov_152 | 1.6921855827055627 × 10^276 |
| 153 | ov_153 | 1.076057949294459 × 10^276 |
| 154 | ov_154 | 6.339148959509934 × 10^275 |
| 155 | ov_155 | 3.2813369821126934 × 10^275 |
| 156 | aaa_76_25 | 1.2605858833122338 × 10^275 |
| 157 | aaa_76_26 | 7.276561794079747 × 10^274 |
| 158 | aaa_76_27 | 3.7230370894202627 × 10^274 |
| 159 | aaa_76_28 | 1.4487046893517408 × 10^274 |
| 160 | aaa_76_29 | 4.4031607863427963 × 10^273 |

### Output Bits Sorted by Complexity

| Rank | Output Bit | Complexity |
|:----:|:----------:|:----------:|
| 160 | aaa_76_29 | 4.4031607863427963 × 10^273 |
| 159 | aaa_76_28 | 1.4487046893517408 × 10^274 |
| 158 | aaa_76_27 | 3.7230370894202627 × 10^274 |
| 157 | aaa_76_26 | 7.276561794079747 × 10^274 |
| 156 | aaa_76_25 | 1.2605858833122338 × 10^275 |
| 155 | ov_155 | 3.2813369821126934 × 10^275 |
| 154 | ov_154 | 6.339148959509934 × 10^275 |
| 153 | ov_153 | 1.076057949294459 × 10^276 |
| 152 | ov_152 | 1.6921855827055627 × 10^276 |
| 151 | ov_151 | 2.5625112563001877 × 10^276 |
| 150 | ov_150 | 3.7771863159409274 × 10^276 |
| 149 | ov_149 | 5.436304500226815 × 10^276 |
| 148 | ov_148 | 7.64990839794426 × 10^276 |
| 147 | ov_147 | 1.0537998558105104 × 10^277 |
| 146 | ov_146 | 1.4230547315833196 × 10^277 |
| 145 | ov_145 | 1.8867521680313746 × 10^277 |
| 144 | ov_144 | 2.4598921571301536 × 10^277 |
| 143 | ov_143 | 3.1584840779314627 × 10^277 |
| 142 | ov_142 | 3.999555879758398 × 10^277 |
| 141 | ov_141 | 5.001167244741281 × 10^277 |
| 140 | ov_140 | 6.1824276993034765 × 10^277 |
| 139 | ov_139 | 7.563520721762998 × 10^277 |
| 138 | ov_138 | 9.165734970930588 × 10^277 |
| 137 | ov_137 | 1.1011503838535717 × 10^278 |
| 136 | ov_136 | 1.3124454606629442 × 10^278 |
| 135 | ov_135 | 1.5529468569995423 × 10^278 |
| 134 | ov_134 | 1.8239991073404297 × 10^278 |
| 133 | ov_133 | 2.1283642279127922 × 10^278 |
| 132 | ov_132 | 2.4689555613417066 × 10^278 |
| 131 | ov_131 | 2.848849506467296 × 10^278 |
| 130 | ov_130 | 2.848851577119782 × 10^278 |
| 129 | ov_129 | 2.8488601477445758 × 10^278 |
| 128 | aaa_77_29 | 3.102634750634078 × 10^278 |
| 127 | aaa_77_28 | 8.272112949203079 × 10^278 |
| 126 | ov_126 | 2.589804432334099 × 10^279 |
| 125 | ov_125 | 5.81625156495703 × 10^279 |
| 124 | ov_124 | 1.107301551234523 × 10^280 |
| 123 | ov_123 | 1.8926565420219903 × 10^280 |
| 122 | ov_122 | 2.9943394587425977 × 10^280 |
| 121 | ov_121 | 4.46900669241983 × 10^280 |
| 120 | ov_120 | 6.373330805952354 × 10^280 |
| 119 | ov_119 | 8.764015245106353 × 10^280 |
| 118 | ov_118 | 1.1697816152880393 × 10^281 |
| 117 | ov_117 | 1.5231573273657678 × 10^281 |
| 116 | ov_116 | 1.9422251933589092 × 10^281 |
| 115 | ov_115 | 2.432699808378804 × 10^281 |
| 114 | ov_114 | 3.000321215545965 × 10^281 |
| 113 | ov_113 | 3.6508651735631934 × 10^281 |
| 112 | ov_112 | 4.3901570304419035 × 10^281 |
| 111 | ov_111 | 5.2240896011007536 × 10^281 |
| 110 | ov_110 | 6.158645446821016 × 10^281 |
| 109 | ov_109 | 7.199923954928194 × 10^281 |
| 108 | ov_108 | 8.354173617665907 × 10^281 |
| 107 | ov_107 | 9.627829910196994 × 10^281 |
| 106 | ov_106 | 1.102755916927009 × 10^282 |
| 105 | ov_105 | 1.2560308876628897 × 10^282 |
| 104 | ov_104 | 1.4233364755003977 × 10^282 |
| 103 | ov_103 | 1.6054415089879578 × 10^282 |
| 102 | ov_102 | 1.8031622697577427 × 10^282 |
| 101 | ov_101 | 2.0173704969955323 × 10^282 |
| 100 | ov_100 | 2.249002243861669 × 10^282 |
| 99 | ov_099 | 2.4990676317462502 × 10^282 |
| 98 | ov_098 | 2.499091681885882 × 10^282 |
| 97 | ov_097 | 2.4991668873901847 × 10^282 |
| 96 | aaa_78_29 | 3.7835139607448075 × 10^282 |
| 95 | aaa_78_28 | 1.2319364453672524 × 10^283 |
| 94 | ov_094 | 3.989432712747186 × 10^283 |
| 93 | ov_093 | 9.313330923329767 × 10^283 |
| 92 | ov_092 | 1.8638359446966787 × 10^284 |
| 91 | ov_091 | 3.3793181427330365 × 10^284 |
| 90 | ov_090 | 5.70005471598874 × 10^284 |
| 89 | ov_089 | 9.087766694539867 × 10^284 |
| 88 | ov_088 | 1.3843696915501 × 10^285 |
| 87 | ov_087 | 2.0609987608100776 × 10^285 |
| 86 | ov_086 | 3.010831008253104 × 10^285 |
| 85 | ov_085 | 4.314040055742888 × 10^285 |
| 84 | ov_084 | 6.05888264226661 × 10^285 |
| 83 | ov_083 | 8.34180282695159 × 10^285 |
| 82 | ov_082 | 1.126756830313624 × 10^286 |
| 81 | ov_081 | 1.4949443359900865 × 10^286 |
| 80 | ov_080 | 1.9509403031048834 × 10^286 |
| 64 | lv_79_m31 | 1.9561578374789067 × 10^286 |
| 79 | ov_079 | 2.50783929772625 × 10^286 |
| 78 | ov_078 | 3.179663965584741 × 10^286 |
| 77 | ov_077 | 3.981401534512664 × 10^286 |
| 76 | ov_076 | 4.929046260850965 × 10^286 |
| 75 | ov_075 | 6.039648280845784 × 10^286 |
| 74 | ov_074 | 7.33136933155367 × 10^286 |
| 73 | ov_073 | 8.823545810549521 × 10^286 |
| 63 | ov_063 | 1.0047052510284964 × 10^287 |
| 72 | ov_072 | 1.0536759650120872 × 10^287 |
| 71 | ov_071 | 1.2492917490004384 × 10^287 |
| 70 | ov_070 | 1.4715338643462744 × 10^287 |
| 69 | ov_069 | 1.72288523650444 × 10^287 |
| 68 | ov_068 | 2.0059904945217475 × 10^287 |
| 67 | ov_067 | 2.323667717771873 × 10^287 |
| 66 | ov_066 | 2.3236695388222062 × 10^287 |
| 65 | ov_065 | 2.3236769791808197 × 10^287 |
| 62 | ov_062 | 5.159140842555362 × 10^287 |
| 61 | ov_061 | 1.8821847932676088 × 10^288 |
| 60 | ov_060 | 5.392570988868737 × 10^288 |
| 59 | ov_059 | 1.3022726882529352 × 10^289 |
| 58 | ov_058 | 2.644790745024131 × 10^289 |
| 57 | ov_057 | 4.781224800482638 × 10^289 |
| 56 | ov_056 | 7.972878485834696 × 10^289 |
| 55 | ov_055 | 1.2527951136394798 × 10^290 |
| 54 | ov_054 | 1.8801549868368565 × 10^290 |
| 53 | ov_053 | 2.719571231684844 × 10^290 |
| 52 | ov_052 | 3.856148340930351 × 10^290 |
| 51 | ov_051 | 5.384391024160239 × 10^290 |
| 50 | ov_050 | 7.408220039271067 × 10^290 |
| 49 | ov_049 | 1.004099559232861 × 10^291 |
| 48 | ov_048 | 1.3405550859171669 × 10^291 |
| 47 | ov_047 | 1.7634239442353554 × 10^291 |
| 32 | lv_80_m31 | 2.1629736533807644 × 10^291 |
| 46 | ov_046 | 2.286900195788703 × 10^291 |
| 45 | ov_045 | 2.9261457846771396 × 10^291 |
| 44 | ov_044 | 3.697302915037124 × 10^291 |
| 43 | ov_043 | 4.617510364013173 × 10^291 |
| 42 | ov_042 | 5.704924535324146 × 10^291 |
| 41 | ov_041 | 6.9787461259443 × 10^291 |
| 40 | ov_040 | 8.449388213050095 × 10^291 |
| 39 | ov_039 | 1.0127834233455978 × 10^292 |
| 31 | ov_031 | 1.109411626746548 × 10^292 |
| 38 | ov_038 | 1.203664844390173 × 10^292 |
| 37 | ov_037 | 1.4199622097464328 × 10^292 |
| 36 | ov_036 | 1.6641843750693124 × 10^292 |
| 35 | ov_035 | 1.9389781947119674 × 10^292 |
| 34 | ov_034 | 2.247138168681165 × 10^292 |
| 33 | ov_033 | 2.5916176183242784 × 10^292 |
| 30 | ov_030 | 5.689328988474905 × 10^292 |
| 29 | ov_029 | 1.861494622120626 × 10^293 |
| 28 | ov_028 | 4.832277814562832 × 10^293 |
| 27 | ov_027 | 1.0802407847440297 × 10^294 |
| 26 | ov_026 | 2.1604933128769402 × 10^294 |
| 25 | ov_025 | 3.9584831075460355 × 10^294 |
| 24 | ov_024 | 6.75990309002697 × 10^294 |
| 23 | ov_023 | 1.1187340941781402 × 10^295 |
| 22 | ov_022 | 1.7965804040675982 × 10^295 |
| 21 | ov_021 | 2.792276767741188 × 10^295 |
| 20 | ov_020 | 4.198826310100646 × 10^295 |
| 19 | ov_019 | 6.119502144070787 × 10^295 |
| 18 | ov_018 | 8.667869253371522 × 10^295 |
| 17 | ov_017 | 1.196781614396739 × 10^296 |
| 16 | ov_016 | 1.6153598917529109 × 10^296 |
| 15 | ov_015 | 2.1369901197666187 × 10^296 |
| 14 | ov_014 | 2.7771914968419753 × 10^296 |
| 13 | ov_013 | 3.552544915463102 × 10^296 |
| 12 | ov_012 | 4.480707388169763 × 10^296 |
| 11 | ov_011 | 5.580430910663419 × 10^296 |
| 10 | ov_010 | 6.8715867069098146 × 10^296 |
| 9 | ov_009 | 8.375195877111669 × 10^296 |
| 8 | ov_008 | 1.0113467545899957 × 10^297 |
| 7 | ov_007 | 1.2109845685213699 × 10^297 |
| 6 | ov_006 | 1.4389065864336106 × 10^297 |
| 5 | ov_005 | 1.697722325871599 × 10^297 |
| 4 | ov_004 | 1.9901853329875853 × 10^297 |
| 3 | ov_003 | 2.3192026572656384 × 10^297 |
| 2 | ov_002 | 2.6878458509628222 × 10^297 |
| 1 | ov_001 | 3.0993635992236493 × 10^297 |

