# Results for F001-F002-F003-F004-F005-F006-F007-F008-F009-F010-F011-F012-F013-F014-F015-F016-F017-F018-F019-F020-F021-F022-F023-F024-F025-F026-F027-F028-F029-F030-F031-F032-F033-F034-F035-F036-F037-F038-F039-F040-F041-F042-F043-F044-F045-F046-F047-F048-F049-F050-F051-F052-F053-F054-F055-F056-F057-F058-F059-F060-F061-F062-F063-F064-F065-F066-F067-F068-F069-F070-F071-F072-F073-F074-F075-F076-F077-F078-F079-F080-F081-F082-F083-F084-F085-F086-F087-F088-F089-F090-F091-F092-F093-F094-F095-F096-F097-F098-F099-F100-F101-F102-F103-F104-F105-F106-F107-F108-F109-F110-F111-F112-F113-F114-F115-F116-F117-F118-F119-F120-F121-F122-F123-F124-F125-F126-F127-F128-F129-F130-F131-F132-F133-F134-F135-F136-F137-F138-F139-F140-F141-F142-F143-F144-F145-F146-F147-F148-F149-F150-F151-F152-F153-F154-F155-F156-F157-F158-F159-F160-F161-F162-F163-F164-F165-F166-F167-F168-F169-F170-F171-F172-F173-F174-F175-F176-F177-F178-F179-F180-F181-F182-F183-F184-F185-F186-F187-F188-F189-F190-F191-F192-F193-F194-F195-F196-F197-F198-F199-F200-F201-F202-F203-F204-F205-F206-F207-F208-F209-F210-F211-F212-F213-F214-F215-F216-F217-F218-F219-F220-F221-F222-F223-F224-F225-F226-F227-F228-F229-F230-F231-F232-F233-F234-F235-F236-F237-F238-F239-F240-F241-F242-F243-F244-F245-F246-F247-F248-F249-F250-F251-F252-F253-F254-F255-F256-F257-F258-F259-F260-F261-F262-F263-F264-F265-F266-F267-F268-F269-F270-F271-F272-F273-F274-F275-F276-F277-F278-F279-F280-F281-F282-F283-F284-F285-F286-F287-F288-F289-F290-F291-F292-F293-F294-F295-F296-F297-F298-F299-F300-F301-F302-F303-F304-F305-F306-F307-F308-F309-F310-F311-F312-F313-F314-F315-F316-F317-F318-F319-F320-F321-F322-F323-F324-F325-F326-F327-F328-F329-F330-F331-F332-F333-F334-F335-F336-F337-F338-F339-F340-F341-F342-F343-F344-F345-F346-F347-F348-F349-F350-F351-F352-F353-F354-F355-F356-F357-F358-F359-F360-F361-F362-F363-F364-F365-F366-F367-F368-F369-F370-F371-F372-F373-F374-F375-F376-F377-F378-F379-F380-F381-F382-F383-F384-F385-F386-F387-F388-F389-F390-F391-F392-F393-F394-F395-F396-F397-F398-F399-F400-F401-F402-F403-F404-F405-F406-F407-F408-F409-F410-F411-F412-F413-F414-F415-F416-F417-F418-F419-F420-F421-F422-F423-F424-F425-F426-F427-F428-F429-F430-F431-F432-F433-F434-F435-F436-F437-F438-F439-F440-F441-F442-F443-F444-F445-F446-F447-F448-F449-F450-F451-F452-F453-F454-F455-F456-F457-F458-F459-F460-F461-F462-F463-F464-F465-F466-F467-F468-F469-F470-F471-F472-F473-F474-F475-F476-F477-F478-F479-F480-F481-F482-F483-F484-F485-F486-F487-F488-F489-F490-F491-F492-F493-F494-F495-F496-E501511-F507-F508-F509-F510-F512

## Summary

Number of input bits: 512  
Number of free input bits: 10  
Number of output bits: 160

Number of direct occurrences: 40817  
Number of assignments: 31181  
Number of operations: 11088150
(xor: 11059853,
and: 15070,
or: 13227)

Total complexity: 6.635146292925042 × 10^298

Least occurring input variable: iv_502 (3899)  
Most occurring input variable: iv_501 (4336)

Most co-occurring input variables: iv_500-iv_503 (1997)  
Least co-occurring input variables: iv_499-iv_506 (1799)

Potentially most occurring input variable: iv_501/iv_506 (4690)  
Potentially least occurring input variable: iv_499/iv_504 (4125)

Least output occurring input variable: iv_501 (68)  
Most output occurring input variable: iv_503 (85)

Most output co-occurring input variables: iv_500-iv_505 (46)  
Least output co-occurring input variables: iv_497-iv_501 (29)

Potentially most output occurring input variable: iv_497/iv_503 (94)  
Potentially least output occurring input variable: iv_497/iv_498 (65)

Least complex input bit: iv_497 (3.832018773693255 × 10^296)  
Most complex input bit: iv_505 (2.1181741493321085 × 10^298)

Least complex output bit: aaa_76_29 (1.510658076470119 × 10^274)  
Most complex output bit: ov_001 (1.0372725727826509 × 10^298)

Least complex input/output complexity: iv_497/aaa_76_29 (8.724555351307648 × 10^271)  
Most complex input/output complexity: iv_505/ov_001 (3.3113421354736023 × 10^297)

## Input Bits

### Input Bits in Regular Order

| Input Bit | Complexity | Occurrences | Output Occurrences |
|:---------:|:----------:|:-----------:|:------------------:|
| iv_497 | 3.832018773693255 × 10^296 | 4055 | 77 |
| iv_498 | 7.644246458125208 × 10^296 | 4034 | 74 |
| iv_499 | 1.3727250256929581 × 10^297 | 3954 | 81 |
| iv_500 | 2.361341734938646 × 10^297 | 4129 | 76 |
| iv_501 | 3.9589218436826893 × 10^297 | 4336 | 68 |
| iv_502 | 6.493833159939734 × 10^297 | 3899 | 70 |
| iv_503 | 1.0425528809802116 × 10^298 | 4160 | 85 |
| iv_504 | 1.637944829289445 × 10^298 | 4107 | 83 |
| iv_505 | 2.1181741493321085 × 10^298 | 4117 | 83 |
| iv_506 | 3.0302960457969805 × 10^297 | 4026 | 77 |

### Input Bits Sorted by Complexity

| Input Bit | Complexity | Occurrences | Output Occurrences |
|:---------:|:----------:|:-----------:|:------------------:|
| iv_497 | 3.832018773693255 × 10^296 | 4055 | 77 |
| iv_498 | 7.644246458125208 × 10^296 | 4034 | 74 |
| iv_499 | 1.3727250256929581 × 10^297 | 3954 | 81 |
| iv_500 | 2.361341734938646 × 10^297 | 4129 | 76 |
| iv_506 | 3.0302960457969805 × 10^297 | 4026 | 77 |
| iv_501 | 3.9589218436826893 × 10^297 | 4336 | 68 |
| iv_502 | 6.493833159939734 × 10^297 | 3899 | 70 |
| iv_503 | 1.0425528809802116 × 10^298 | 4160 | 85 |
| iv_504 | 1.637944829289445 × 10^298 | 4107 | 83 |
| iv_505 | 2.1181741493321085 × 10^298 | 4117 | 83 |

### Input Bits Sorted by Occurrences

| Input Bit | Complexity | Occurrences | Output Occurrences |
|:---------:|:----------:|:-----------:|:------------------:|
| iv_502 | 6.493833159939734 × 10^297 | 3899 | 70 |
| iv_499 | 1.3727250256929581 × 10^297 | 3954 | 81 |
| iv_506 | 3.0302960457969805 × 10^297 | 4026 | 77 |
| iv_498 | 7.644246458125208 × 10^296 | 4034 | 74 |
| iv_497 | 3.832018773693255 × 10^296 | 4055 | 77 |
| iv_504 | 1.637944829289445 × 10^298 | 4107 | 83 |
| iv_505 | 2.1181741493321085 × 10^298 | 4117 | 83 |
| iv_500 | 2.361341734938646 × 10^297 | 4129 | 76 |
| iv_503 | 1.0425528809802116 × 10^298 | 4160 | 85 |
| iv_501 | 3.9589218436826893 × 10^297 | 4336 | 68 |

### Input Bits Sorted by Output Occurrences

| Input Bit | Complexity | Occurrences | Output Occurrences |
|:---------:|:----------:|:-----------:|:------------------:|
| iv_501 | 3.9589218436826893 × 10^297 | 4336 | 68 |
| iv_502 | 6.493833159939734 × 10^297 | 3899 | 70 |
| iv_498 | 7.644246458125208 × 10^296 | 4034 | 74 |
| iv_500 | 2.361341734938646 × 10^297 | 4129 | 76 |
| iv_506 | 3.0302960457969805 × 10^297 | 4026 | 77 |
| iv_497 | 3.832018773693255 × 10^296 | 4055 | 77 |
| iv_499 | 1.3727250256929581 × 10^297 | 3954 | 81 |
| iv_505 | 2.1181741493321085 × 10^298 | 4117 | 83 |
| iv_504 | 1.637944829289445 × 10^298 | 4107 | 83 |
| iv_503 | 1.0425528809802116 × 10^298 | 4160 | 85 |

## Input Bit Co-occurrences

### Input Bit Co-occurrences Sorted by Co-occurrences

| Input Bits | Co-occurrences | Potential Occurrences | Output Co-occurrences | Potential Output Occurrences |
|:----------:|:--------------:|:---------------------:|:---------------------:|:----------------------------:|
| iv_500-iv_503 | 1997 | 4295 | 41 | 79 |
| iv_503-iv_505 | 1995 | 4287 | 40 | 88 |
| iv_498-iv_504 | 1990 | 4161 | 39 | 79 |
| iv_500-iv_504 | 1988 | 4260 | 39 | 81 |
| iv_497-iv_505 | 1982 | 4208 | 43 | 74 |
| iv_501-iv_503 | 1978 | 4540 | 41 | 71 |
| iv_497-iv_503 | 1975 | 4265 | 34 | 94 |
| iv_497-iv_500 | 1973 | 4238 | 35 | 83 |
| iv_499-iv_504 | 1968 | 4125 | 42 | 80 |
| iv_500-iv_505 | 1968 | 4310 | 46 | 67 |

### Input Bit Co-occurrences Sorted by Potential Occurrences

| Input Bits | Co-occurrences | Potential Occurrences | Output Co-occurrences | Potential Output Occurrences |
|:----------:|:--------------:|:---------------------:|:---------------------:|:----------------------------:|
| iv_499-iv_504 | 1968 | 4125 | 42 | 80 |
| iv_499-iv_502 | 1854 | 4145 | 37 | 77 |
| iv_498-iv_504 | 1990 | 4161 | 39 | 79 |
| iv_498-iv_499 | 1908 | 4172 | 39 | 77 |
| iv_500-iv_502 | 1917 | 4194 | 33 | 80 |
| iv_497-iv_505 | 1982 | 4208 | 43 | 74 |
| iv_497-iv_499 | 1898 | 4213 | 40 | 78 |
| iv_500-iv_506 | 1967 | 4221 | 37 | 79 |
| iv_497-iv_500 | 1973 | 4238 | 35 | 83 |
| iv_502-iv_506 | 1843 | 4239 | 34 | 79 |

### Input Bit Output Co-occurrences Sorted by Output Co-occurrences

| Input Bits | Co-occurrences | Potential Occurrences | Output Co-occurrences | Potential Output Occurrences |
|:----------:|:--------------:|:---------------------:|:---------------------:|:----------------------------:|
| iv_500-iv_505 | 1968 | 4310 | 46 | 67 |
| iv_499-iv_503 | 1911 | 4292 | 45 | 76 |
| iv_504-iv_505 | 1947 | 4330 | 44 | 78 |
| iv_499-iv_505 | 1860 | 4351 | 43 | 78 |
| iv_497-iv_498 | 1904 | 4281 | 43 | 65 |
| iv_497-iv_505 | 1982 | 4208 | 43 | 74 |
| iv_502-iv_505 | 1887 | 4242 | 42 | 69 |
| iv_499-iv_500 | 1898 | 4287 | 42 | 73 |
| iv_499-iv_504 | 1968 | 4125 | 42 | 80 |
| iv_503-iv_504 | 1929 | 4409 | 42 | 84 |

### Input Bit Output Co-occurrences Sorted by Potential Output Occurrences

| Input Bits | Co-occurrences | Potential Occurrences | Output Co-occurrences | Potential Output Occurrences |
|:----------:|:--------------:|:---------------------:|:---------------------:|:----------------------------:|
| iv_497-iv_498 | 1904 | 4281 | 43 | 65 |
| iv_500-iv_505 | 1968 | 4310 | 46 | 67 |
| iv_499-iv_501 | 1830 | 4630 | 41 | 67 |
| iv_502-iv_505 | 1887 | 4242 | 42 | 69 |
| iv_498-iv_501 | 1868 | 4634 | 36 | 70 |
| iv_501-iv_503 | 1978 | 4540 | 41 | 71 |
| iv_501-iv_502 | 1870 | 4495 | 33 | 72 |
| iv_499-iv_500 | 1898 | 4287 | 42 | 73 |
| iv_498-iv_506 | 1906 | 4248 | 39 | 73 |
| iv_497-iv_505 | 1982 | 4208 | 43 | 74 |

## Output Bits

### Output Bits in Regular Order

| Rank | Output Bit | Complexity |
|:----:|:----------:|:----------:|
| 1 | ov_001 | 1.0372725727826509 × 10^298 |
| 2 | ov_002 | 9.026089736619096 × 10^297 |
| 3 | ov_003 | 7.817079390287702 × 10^297 |
| 4 | ov_004 | 6.73538133036345 × 10^297 |
| 5 | ov_005 | 5.7712474400833334 × 10^297 |
| 6 | ov_006 | 4.915454081050584 × 10^297 |
| 7 | ov_007 | 4.159266637954237 × 10^297 |
| 8 | ov_008 | 3.4944090504053586 × 10^297 |
| 9 | ov_009 | 2.9130379332720922 × 10^297 |
| 10 | ov_010 | 2.4077208138609106 × 10^297 |
| 11 | ov_011 | 1.9714180089576515 × 10^297 |
| 12 | ov_012 | 1.597467692082584 × 10^297 |
| 13 | ov_013 | 1.2795737281349553 × 10^297 |
| 14 | ov_014 | 1.0117958790178547 × 10^297 |
| 15 | ov_015 | 7.885420099367533 × 10^296 |
| 16 | ov_016 | 6.04561951928975 × 10^296 |
| 17 | ov_017 | 4.549427018659258 × 10^296 |
| 18 | ov_018 | 3.3510468186823056 × 10^296 |
| 19 | ov_019 | 2.4079884938579683 × 10^296 |
| 20 | ov_020 | 1.6810451369269383 × 10^296 |
| 21 | ov_021 | 1.1342774396606465 × 10^296 |
| 22 | ov_022 | 7.350025797735722 × 10^295 |
| 23 | ov_023 | 4.537867546101047 × 10^295 |
| 24 | ov_024 | 2.644403288410616 × 10^295 |
| 25 | ov_025 | 1.4401486622939267 × 10^295 |
| 26 | ov_026 | 7.280150426754268 × 10^294 |
| 27 | ov_027 | 3.4330189789648436 × 10^294 |
| 28 | ov_028 | 1.5369377740139502 × 10^294 |
| 29 | ov_029 | 5.92593426080085 × 10^293 |
| 30 | ov_030 | 1.8128901910970043 × 10^293 |
| 31 | ov_031 | 3.539311458734596 × 10^292 |
| 32 | lv_80_m31 | 6.909264287458114 × 10^291 |
| 33 | ov_033 | 8.279449851595734 × 10^292 |
| 34 | ov_034 | 7.194082750180936 × 10^292 |
| 35 | ov_035 | 6.221774860652117 × 10^292 |
| 36 | ov_036 | 5.352541760544965 × 10^292 |
| 37 | ov_037 | 4.576936017037344 × 10^292 |
| 38 | ov_038 | 3.886009588229429 × 10^292 |
| 39 | ov_039 | 3.271281381230504 × 10^292 |
| 40 | ov_040 | 2.728623837383789 × 10^292 |
| 41 | ov_041 | 2.2541225736275085 × 10^292 |
| 42 | ov_042 | 1.8440655472610664 × 10^292 |
| 43 | ov_043 | 1.4949339667794967 × 10^292 |
| 44 | ov_044 | 1.2002411602114134 × 10^292 |
| 45 | ov_045 | 9.538544367826443 × 10^291 |
| 46 | ov_046 | 7.499860344147029 × 10^291 |
| 47 | ov_047 | 5.831859198005355 × 10^291 |
| 48 | ov_048 | 4.4833614302606954 × 10^291 |
| 49 | ov_049 | 3.406464717114887 × 10^291 |
| 50 | ov_050 | 2.5565105222678284 × 10^291 |
| 51 | ov_051 | 1.8920587943040074 × 10^291 |
| 52 | ov_052 | 1.374869119593689 × 10^291 |
| 53 | ov_053 | 9.698872143905129 × 10^290 |
| 54 | ov_054 | 6.603810853872943 × 10^290 |
| 55 | ov_055 | 4.312054498689515 × 10^290 |
| 56 | ov_056 | 2.687995262972501 × 10^290 |
| 57 | ov_057 | 1.6118569743755866 × 10^290 |
| 58 | ov_058 | 8.915547922079677 × 10^289 |
| 59 | ov_059 | 4.3895617177172954 × 10^289 |
| 60 | ov_060 | 1.8174640546891872 × 10^289 |
| 61 | ov_061 | 6.34279170548338 × 10^288 |
| 62 | ov_062 | 1.7383738166440576 × 10^288 |
| 63 | ov_063 | 3.384919361870982 × 10^287 |
| 64 | lv_79_m31 | 6.58957385743259 × 10^286 |
| 65 | ov_065 | 7.851693121024937 × 10^287 |
| 66 | ov_066 | 7.851667708147338 × 10^287 |
| 67 | ov_067 | 7.851661488387817 × 10^287 |
| 68 | ov_068 | 6.779050898878618 × 10^287 |
| 69 | ov_069 | 5.8237065951140895 × 10^287 |
| 70 | ov_070 | 4.976005158997145 × 10^287 |
| 71 | ov_071 | 4.22691534242862 × 10^287 |
| 72 | ov_072 | 3.567957955873134 × 10^287 |
| 73 | ov_073 | 2.9911693029365323 × 10^287 |
| 74 | ov_074 | 2.4890679740467277 × 10^287 |
| 75 | ov_075 | 2.054624819295211 × 10^287 |
| 76 | ov_076 | 1.6812359262020106 × 10^287 |
| 77 | ov_077 | 1.3626984327824285 × 10^287 |
| 78 | ov_078 | 1.093189009978521 × 10^287 |
| 79 | ov_079 | 8.672448504198384 × 10^286 |
| 80 | ov_080 | 6.797470027334494 × 10^286 |
| 81 | ov_081 | 5.259058923572634 × 10^286 |
| 82 | ov_082 | 4.0124887112965763 × 10^286 |
| 83 | ov_083 | 3.0160963891451426 × 10^286 |
| 84 | ov_084 | 2.231193812342173 × 10^286 |
| 85 | ov_085 | 1.621994673750684 × 10^286 |
| 86 | ov_086 | 1.155555537518 × 10^286 |
| 87 | ov_087 | 8.017293752072738 × 10^285 |
| 88 | ov_088 | 5.3313005554723184 × 10^285 |
| 89 | ov_089 | 3.3675093462577594 × 10^285 |
| 90 | ov_090 | 2.0094731746512218 × 10^285 |
| 91 | ov_091 | 1.154291054592861 × 10^285 |
| 92 | ov_092 | 6.366356074538039 × 10^284 |
| 93 | ov_093 | 3.1811550026857817 × 10^284 |
| 94 | ov_094 | 1.3626591299225902 × 10^284 |
| 95 | aaa_78_28 | 4.207855070490036 × 10^283 |
| 96 | aaa_78_29 | 1.2922949297974123 × 10^283 |
| 97 | ov_097 | 8.532681896758945 × 10^282 |
| 98 | ov_098 | 8.532427369182214 × 10^282 |
| 99 | ov_099 | 8.532346132501812 × 10^282 |
| 100 | ov_100 | 7.67808590749732 × 10^282 |
| 101 | ov_101 | 6.886817217743668 × 10^282 |
| 102 | ov_102 | 6.1550986817647 × 10^282 |
| 103 | ov_103 | 5.479738780752761 × 10^282 |
| 104 | ov_104 | 4.857762827969807 × 10^282 |
| 105 | ov_105 | 4.2863830237539217 × 10^282 |
| 106 | ov_106 | 3.762971436876175 × 10^282 |
| 107 | ov_107 | 3.285035758624282 × 10^282 |
| 108 | ov_108 | 2.850197680506622 × 10^282 |
| 109 | ov_109 | 2.456173750033486 × 10^282 |
| 110 | ov_110 | 2.100758561783692 × 10^282 |
| 111 | ov_111 | 1.7818101430398365 × 10^282 |
| 112 | ov_112 | 1.4972373948005567 × 10^282 |
| 113 | ov_113 | 1.2449894500689725 × 10^282 |
| 114 | ov_114 | 1.023046812077767 × 10^282 |
| 115 | ov_115 | 8.294141356319109 × 10^281 |
| 116 | ov_116 | 6.621145150978206 × 10^281 |
| 117 | ov_117 | 5.1918499701298615 × 10^281 |
| 118 | ov_118 | 3.986729066475969 × 10^281 |
| 119 | ov_119 | 2.9863275770240043 × 10^281 |
| 120 | ov_120 | 2.1712377192847387 × 10^281 |
| 121 | ov_121 | 1.5220811326608366 × 10^281 |
| 122 | ov_122 | 1.0194975153141062 × 10^281 |
| 123 | ov_123 | 6.441371509197936 × 10^280 |
| 124 | ov_124 | 3.76655867611616 × 10^280 |
| 125 | ov_125 | 1.9771191504313145 × 10^280 |
| 126 | ov_126 | 8.796437140221127 × 10^279 |
| 127 | aaa_77_28 | 2.8072531942366556 × 10^279 |
| 128 | aaa_77_29 | 1.0515138798607314 × 10^279 |
| 129 | ov_129 | 9.695708978435197 × 10^278 |
| 130 | ov_130 | 9.695679565195914 × 10^278 |
| 131 | ov_131 | 9.695672456453198 × 10^278 |
| 132 | ov_132 | 8.391408041243206 × 10^278 |
| 133 | ov_133 | 7.225461711575978 × 10^278 |
| 134 | ov_134 | 6.187234534148828 × 10^278 |
| 135 | ov_135 | 5.266692375005789 × 10^278 |
| 136 | ov_136 | 4.454325570945966 × 10^278 |
| 137 | ov_137 | 3.741114275640752 × 10^278 |
| 138 | ov_138 | 3.1184989300377746 × 10^278 |
| 139 | ov_139 | 2.578355334713278 × 10^278 |
| 140 | ov_140 | 2.112973829118832 × 10^278 |
| 141 | ov_141 | 1.7150421093329015 × 10^278 |
| 142 | ov_142 | 1.377631242122539 × 10^278 |
| 143 | ov_143 | 1.0941844589670206 × 10^278 |
| 144 | ov_144 | 8.585083392893778 × 10^277 |
| 145 | ov_145 | 6.647660175562566 × 10^277 |
| 146 | ov_146 | 5.074720741952533 × 10^277 |
| 147 | ov_147 | 3.8148879548147624 × 10^277 |
| 148 | ov_148 | 2.8202351269054744 × 10^277 |
| 149 | ov_149 | 2.0462675592395226 × 10^277 |
| 150 | ov_150 | 1.451909949336961 × 10^277 |
| 151 | ov_151 | 9.994979828489007 × 10^276 |
| 152 | ov_152 | 6.547729649950781 × 10^276 |
| 153 | ov_153 | 4.014564426048326 × 10^276 |
| 154 | ov_154 | 2.249705806219832 × 10^276 |
| 155 | ov_155 | 1.1243751193168075 × 10^276 |
| 156 | aaa_76_25 | 4.320012996368807 × 10^275 |
| 157 | aaa_76_26 | 2.4942436478015963 × 10^275 |
| 158 | aaa_76_27 | 1.2765049076424857 × 10^275 |
| 159 | aaa_76_28 | 4.968724317863223 × 10^274 |
| 160 | aaa_76_29 | 1.510658076470119 × 10^274 |

### Output Bits Sorted by Complexity

| Rank | Output Bit | Complexity |
|:----:|:----------:|:----------:|
| 160 | aaa_76_29 | 1.510658076470119 × 10^274 |
| 159 | aaa_76_28 | 4.968724317863223 × 10^274 |
| 158 | aaa_76_27 | 1.2765049076424857 × 10^275 |
| 157 | aaa_76_26 | 2.4942436478015963 × 10^275 |
| 156 | aaa_76_25 | 4.320012996368807 × 10^275 |
| 155 | ov_155 | 1.1243751193168075 × 10^276 |
| 154 | ov_154 | 2.249705806219832 × 10^276 |
| 153 | ov_153 | 4.014564426048326 × 10^276 |
| 152 | ov_152 | 6.547729649950781 × 10^276 |
| 151 | ov_151 | 9.994979828489007 × 10^276 |
| 150 | ov_150 | 1.451909949336961 × 10^277 |
| 149 | ov_149 | 2.0462675592395226 × 10^277 |
| 148 | ov_148 | 2.8202351269054744 × 10^277 |
| 147 | ov_147 | 3.8148879548147624 × 10^277 |
| 146 | ov_146 | 5.074720741952533 × 10^277 |
| 145 | ov_145 | 6.647660175562566 × 10^277 |
| 144 | ov_144 | 8.585083392893778 × 10^277 |
| 143 | ov_143 | 1.0941844589670206 × 10^278 |
| 142 | ov_142 | 1.377631242122539 × 10^278 |
| 141 | ov_141 | 1.7150421093329015 × 10^278 |
| 140 | ov_140 | 2.112973829118832 × 10^278 |
| 139 | ov_139 | 2.578355334713278 × 10^278 |
| 138 | ov_138 | 3.1184989300377746 × 10^278 |
| 137 | ov_137 | 3.741114275640752 × 10^278 |
| 136 | ov_136 | 4.454325570945966 × 10^278 |
| 135 | ov_135 | 5.266692375005789 × 10^278 |
| 134 | ov_134 | 6.187234534148828 × 10^278 |
| 133 | ov_133 | 7.225461711575978 × 10^278 |
| 132 | ov_132 | 8.391408041243206 × 10^278 |
| 131 | ov_131 | 9.695672456453198 × 10^278 |
| 130 | ov_130 | 9.695679565195914 × 10^278 |
| 129 | ov_129 | 9.695708978435197 × 10^278 |
| 128 | aaa_77_29 | 1.0515138798607314 × 10^279 |
| 127 | aaa_77_28 | 2.8072531942366556 × 10^279 |
| 126 | ov_126 | 8.796437140221127 × 10^279 |
| 125 | ov_125 | 1.9771191504313145 × 10^280 |
| 124 | ov_124 | 3.76655867611616 × 10^280 |
| 123 | ov_123 | 6.441371509197936 × 10^280 |
| 122 | ov_122 | 1.0194975153141062 × 10^281 |
| 121 | ov_121 | 1.5220811326608366 × 10^281 |
| 120 | ov_120 | 2.1712377192847387 × 10^281 |
| 119 | ov_119 | 2.9863275770240043 × 10^281 |
| 118 | ov_118 | 3.986729066475969 × 10^281 |
| 117 | ov_117 | 5.1918499701298615 × 10^281 |
| 116 | ov_116 | 6.621145150978206 × 10^281 |
| 115 | ov_115 | 8.294141356319109 × 10^281 |
| 114 | ov_114 | 1.023046812077767 × 10^282 |
| 113 | ov_113 | 1.2449894500689725 × 10^282 |
| 112 | ov_112 | 1.4972373948005567 × 10^282 |
| 111 | ov_111 | 1.7818101430398365 × 10^282 |
| 110 | ov_110 | 2.100758561783692 × 10^282 |
| 109 | ov_109 | 2.456173750033486 × 10^282 |
| 108 | ov_108 | 2.850197680506622 × 10^282 |
| 107 | ov_107 | 3.285035758624282 × 10^282 |
| 106 | ov_106 | 3.762971436876175 × 10^282 |
| 105 | ov_105 | 4.2863830237539217 × 10^282 |
| 104 | ov_104 | 4.857762827969807 × 10^282 |
| 103 | ov_103 | 5.479738780752761 × 10^282 |
| 102 | ov_102 | 6.1550986817647 × 10^282 |
| 101 | ov_101 | 6.886817217743668 × 10^282 |
| 100 | ov_100 | 7.67808590749732 × 10^282 |
| 99 | ov_099 | 8.532346132501812 × 10^282 |
| 98 | ov_098 | 8.532427369182214 × 10^282 |
| 97 | ov_097 | 8.532681896758945 × 10^282 |
| 96 | aaa_78_29 | 1.2922949297974123 × 10^283 |
| 95 | aaa_78_28 | 4.207855070490036 × 10^283 |
| 94 | ov_094 | 1.3626591299225902 × 10^284 |
| 93 | ov_093 | 3.1811550026857817 × 10^284 |
| 92 | ov_092 | 6.366356074538039 × 10^284 |
| 91 | ov_091 | 1.154291054592861 × 10^285 |
| 90 | ov_090 | 2.0094731746512218 × 10^285 |
| 89 | ov_089 | 3.3675093462577594 × 10^285 |
| 88 | ov_088 | 5.3313005554723184 × 10^285 |
| 87 | ov_087 | 8.017293752072738 × 10^285 |
| 86 | ov_086 | 1.155555537518 × 10^286 |
| 85 | ov_085 | 1.621994673750684 × 10^286 |
| 84 | ov_084 | 2.231193812342173 × 10^286 |
| 83 | ov_083 | 3.0160963891451426 × 10^286 |
| 82 | ov_082 | 4.0124887112965763 × 10^286 |
| 81 | ov_081 | 5.259058923572634 × 10^286 |
| 64 | lv_79_m31 | 6.58957385743259 × 10^286 |
| 80 | ov_080 | 6.797470027334494 × 10^286 |
| 79 | ov_079 | 8.672448504198384 × 10^286 |
| 78 | ov_078 | 1.093189009978521 × 10^287 |
| 77 | ov_077 | 1.3626984327824285 × 10^287 |
| 76 | ov_076 | 1.6812359262020106 × 10^287 |
| 75 | ov_075 | 2.054624819295211 × 10^287 |
| 74 | ov_074 | 2.4890679740467277 × 10^287 |
| 73 | ov_073 | 2.9911693029365323 × 10^287 |
| 63 | ov_063 | 3.384919361870982 × 10^287 |
| 72 | ov_072 | 3.567957955873134 × 10^287 |
| 71 | ov_071 | 4.22691534242862 × 10^287 |
| 70 | ov_070 | 4.976005158997145 × 10^287 |
| 69 | ov_069 | 5.8237065951140895 × 10^287 |
| 68 | ov_068 | 6.779050898878618 × 10^287 |
| 67 | ov_067 | 7.851661488387817 × 10^287 |
| 66 | ov_066 | 7.851667708147338 × 10^287 |
| 65 | ov_065 | 7.851693121024937 × 10^287 |
| 62 | ov_062 | 1.7383738166440576 × 10^288 |
| 61 | ov_061 | 6.34279170548338 × 10^288 |
| 60 | ov_060 | 1.8174640546891872 × 10^289 |
| 59 | ov_059 | 4.3895617177172954 × 10^289 |
| 58 | ov_058 | 8.915547922079677 × 10^289 |
| 57 | ov_057 | 1.6118569743755866 × 10^290 |
| 56 | ov_056 | 2.687995262972501 × 10^290 |
| 55 | ov_055 | 4.312054498689515 × 10^290 |
| 54 | ov_054 | 6.603810853872943 × 10^290 |
| 53 | ov_053 | 9.698872143905129 × 10^290 |
| 52 | ov_052 | 1.374869119593689 × 10^291 |
| 51 | ov_051 | 1.8920587943040074 × 10^291 |
| 50 | ov_050 | 2.5565105222678284 × 10^291 |
| 49 | ov_049 | 3.406464717114887 × 10^291 |
| 48 | ov_048 | 4.4833614302606954 × 10^291 |
| 47 | ov_047 | 5.831859198005355 × 10^291 |
| 32 | lv_80_m31 | 6.909264287458114 × 10^291 |
| 46 | ov_046 | 7.499860344147029 × 10^291 |
| 45 | ov_045 | 9.538544367826443 × 10^291 |
| 44 | ov_044 | 1.2002411602114134 × 10^292 |
| 43 | ov_043 | 1.4949339667794967 × 10^292 |
| 42 | ov_042 | 1.8440655472610664 × 10^292 |
| 41 | ov_041 | 2.2541225736275085 × 10^292 |
| 40 | ov_040 | 2.728623837383789 × 10^292 |
| 39 | ov_039 | 3.271281381230504 × 10^292 |
| 31 | ov_031 | 3.539311458734596 × 10^292 |
| 38 | ov_038 | 3.886009588229429 × 10^292 |
| 37 | ov_037 | 4.576936017037344 × 10^292 |
| 36 | ov_036 | 5.352541760544965 × 10^292 |
| 35 | ov_035 | 6.221774860652117 × 10^292 |
| 34 | ov_034 | 7.194082750180936 × 10^292 |
| 33 | ov_033 | 8.279449851595734 × 10^292 |
| 30 | ov_030 | 1.8128901910970043 × 10^293 |
| 29 | ov_029 | 5.92593426080085 × 10^293 |
| 28 | ov_028 | 1.5369377740139502 × 10^294 |
| 27 | ov_027 | 3.4330189789648436 × 10^294 |
| 26 | ov_026 | 7.280150426754268 × 10^294 |
| 25 | ov_025 | 1.4401486622939267 × 10^295 |
| 24 | ov_024 | 2.644403288410616 × 10^295 |
| 23 | ov_023 | 4.537867546101047 × 10^295 |
| 22 | ov_022 | 7.350025797735722 × 10^295 |
| 21 | ov_021 | 1.1342774396606465 × 10^296 |
| 20 | ov_020 | 1.6810451369269383 × 10^296 |
| 19 | ov_019 | 2.4079884938579683 × 10^296 |
| 18 | ov_018 | 3.3510468186823056 × 10^296 |
| 17 | ov_017 | 4.549427018659258 × 10^296 |
| 16 | ov_016 | 6.04561951928975 × 10^296 |
| 15 | ov_015 | 7.885420099367533 × 10^296 |
| 14 | ov_014 | 1.0117958790178547 × 10^297 |
| 13 | ov_013 | 1.2795737281349553 × 10^297 |
| 12 | ov_012 | 1.597467692082584 × 10^297 |
| 11 | ov_011 | 1.9714180089576515 × 10^297 |
| 10 | ov_010 | 2.4077208138609106 × 10^297 |
| 9 | ov_009 | 2.9130379332720922 × 10^297 |
| 8 | ov_008 | 3.4944090504053586 × 10^297 |
| 7 | ov_007 | 4.159266637954237 × 10^297 |
| 6 | ov_006 | 4.915454081050584 × 10^297 |
| 5 | ov_005 | 5.7712474400833334 × 10^297 |
| 4 | ov_004 | 6.73538133036345 × 10^297 |
| 3 | ov_003 | 7.817079390287702 × 10^297 |
| 2 | ov_002 | 9.026089736619096 × 10^297 |
| 1 | ov_001 | 1.0372725727826509 × 10^298 |

