# Results for F001-F002-F003-F004-F005-F006-F007-F008-F009-F010-F011-F012-F013-F014-F015-F016-F017-F018-F019-F020-F021-F022-F023-F024-F025-F026-F027-F028-F029-F030-F031-F032-F033-F034-F035-F036-F037-F038-F039-F040-F041-F042-F043-F044-F045-F046-F047-F048-F049-F050-F051-F052-F053-F054-F055-F056-F057-F058-F059-F060-F061-F062-F063-F064-F065-F066-F067-F068-F069-F070-F071-F072-F073-F074-F075-F076-F077-F078-F079-F080-F081-F082-F083-F084-F085-F086-F087-F088-F089-F090-F091-F092-F093-F094-F095-F096-F097-F098-F099-F100-F101-F102-F103-F104-F105-F106-F107-F108-F109-F110-F111-F112-F113-F114-F115-F116-F117-F118-F119-F120-F121-F122-F123-F124-F125-F126-F127-F128-F129-F130-F131-F132-F133-F134-F135-F136-F137-F138-F139-F140-F141-F142-F143-F144-F145-F146-F147-F148-F149-F150-F151-F152-F153-F154-F155-F156-F157-F158-F159-F160-F161-F162-F163-F164-F165-F166-F167-F168-F169-F170-F171-F172-F173-F174-F175-F176-F177-F178-F179-F180-F181-F182-F183-F184-F185-F186-F187-F188-F189-F190-F191-F192-F193-F194-F195-F196-F197-F198-F199-F200-F201-F202-F203-F204-F205-F206-F207-F208-F209-F210-F211-F212-F213-F214-F215-F216-F217-F218-F219-F220-F221-F222-F223-F224-F225-F226-F227-F228-F229-F230-F231-F232-F233-F234-F235-F236-F237-F238-F239-F240-F241-F242-F243-F244-F245-F246-F247-F248-F249-F250-F251-F252-F253-F254-F255-F256-F257-F258-F259-F260-F261-F262-F263-F264-F265-F266-F267-F268-F269-F270-F271-F272-F273-F274-F275-F276-F277-F278-F279-F280-F281-F282-F283-F284-F285-F286-F287-F288-F289-F290-F291-F292-F293-F294-F295-F296-F297-F298-F299-F300-F301-F302-F303-F304-F305-F306-F307-F308-F309-F310-F311-F312-F313-F314-F315-F316-F317-F318-F319-F320-F321-F322-F323-F324-F325-F326-F327-F328-F329-F330-F331-F332-F333-F334-F335-F336-F337-F338-F339-F340-F341-F342-F343-F344-F345-F346-F347-F348-F349-F350-F351-F352-F353-F354-F355-F356-F357-F358-F359-F360-F361-F362-F363-F364-F365-F366-F367-F368-F369-F370-F371-F372-F373-F374-F375-F376-F377-F378-F379-F380-F381-F382-F383-F384-F385-F386-F387-F388-F389-F390-F391-F392-F393-F394-F395-F396-F397-F398-F399-F400-F401-F402-F403-F404-F405-F406-F407-F408-F409-F410-F411-F412-F413-F414-F415-F416-F417-F418-F419-F420-F421-F422-F423-F424-F425-F426-F427-F428-F429-F430-F431-F432-F433-F434-F435-F436-F437-F438-F439-F440-F441-F442-F443-F444-F445-F446-F447-F448-F449-F450-F451-F452-F453-F454-F455-F456-F457-F458-F459-F460-F461-F462-F463-F464-F465-F466-F467-F468-F469-F470-F471-F472-F473-F474-F475-F476-F477-F478-F479-F480-F481-F482-F483-F484-F485-F486-F487-F488-F489-F490-F491-F492-F493-F494-F495-F496-E499505-E504506-F509-F510-F511-F512

## Summary

Number of input bits: 512  
Number of free input bits: 10  
Number of output bits: 160

Number of direct occurrences: 40390  
Number of assignments: 31043  
Number of operations: 10815546
(xor: 10787528,
and: 14734,
or: 13284)

Total complexity: 5.097976012786107 × 10^297

Least occurring input variable: iv_502 (3833)  
Most occurring input variable: iv_508 (4149)

Most co-occurring input variables: iv_497-iv_507 (2018)  
Least co-occurring input variables: iv_498-iv_502 (1738)

Potentially most occurring input variable: iv_498/iv_504 (4411)  
Potentially least occurring input variable: iv_497/iv_502 (4161)

Least output occurring input variable: iv_499 (57)  
Most output occurring input variable: iv_497 (93)

Most output co-occurring input variables: iv_497-iv_502 (52)  
Least output co-occurring input variables: iv_499-iv_501 (25)

Potentially most output occurring input variable: iv_497/iv_499 (92)  
Potentially least output occurring input variable: iv_499/iv_508 (68)

Least complex input bit: iv_497 (1.809312678005862 × 10^295)  
Most complex input bit: iv_504 (1.2385351731524804 × 10^297)

Least complex output bit: aaa_76_29 (1.1477148409744324 × 10^273)  
Most complex output bit: ov_001 (8.154651485200635 × 10^296)

Least complex input/output complexity: iv_497/aaa_76_29 (4.073332254412953 × 10^270)  
Most complex input/output complexity: iv_504/ov_001 (1.9811436271747786 × 10^296)

## Input Bits

### Input Bits in Regular Order

| Input Bit | Complexity | Occurrences | Output Occurrences |
|:---------:|:----------:|:-----------:|:------------------:|
| iv_497 | 1.809312678005862 × 10^295 | 4092 | 93 |
| iv_498 | 3.620721036252645 × 10^295 | 3889 | 88 |
| iv_499 | 1.1356836346886372 × 10^297 | 4120 | 57 |
| iv_500 | 1.0762370138781294 × 10^296 | 4059 | 76 |
| iv_501 | 1.7715269957953592 × 10^296 | 4033 | 83 |
| iv_502 | 2.855871047459201 × 10^296 | 3833 | 82 |
| iv_503 | 4.523017098427765 × 10^296 | 3999 | 75 |
| iv_504 | 1.2385351731524804 × 10^297 | 4082 | 76 |
| iv_507 | 7.628099637732523 × 10^296 | 4134 | 76 |
| iv_508 | 8.839816884731142 × 10^296 | 4149 | 81 |

### Input Bits Sorted by Complexity

| Input Bit | Complexity | Occurrences | Output Occurrences |
|:---------:|:----------:|:-----------:|:------------------:|
| iv_497 | 1.809312678005862 × 10^295 | 4092 | 93 |
| iv_498 | 3.620721036252645 × 10^295 | 3889 | 88 |
| iv_500 | 1.0762370138781294 × 10^296 | 4059 | 76 |
| iv_501 | 1.7715269957953592 × 10^296 | 4033 | 83 |
| iv_502 | 2.855871047459201 × 10^296 | 3833 | 82 |
| iv_503 | 4.523017098427765 × 10^296 | 3999 | 75 |
| iv_507 | 7.628099637732523 × 10^296 | 4134 | 76 |
| iv_508 | 8.839816884731142 × 10^296 | 4149 | 81 |
| iv_499 | 1.1356836346886372 × 10^297 | 4120 | 57 |
| iv_504 | 1.2385351731524804 × 10^297 | 4082 | 76 |

### Input Bits Sorted by Occurrences

| Input Bit | Complexity | Occurrences | Output Occurrences |
|:---------:|:----------:|:-----------:|:------------------:|
| iv_502 | 2.855871047459201 × 10^296 | 3833 | 82 |
| iv_498 | 3.620721036252645 × 10^295 | 3889 | 88 |
| iv_503 | 4.523017098427765 × 10^296 | 3999 | 75 |
| iv_501 | 1.7715269957953592 × 10^296 | 4033 | 83 |
| iv_500 | 1.0762370138781294 × 10^296 | 4059 | 76 |
| iv_504 | 1.2385351731524804 × 10^297 | 4082 | 76 |
| iv_497 | 1.809312678005862 × 10^295 | 4092 | 93 |
| iv_499 | 1.1356836346886372 × 10^297 | 4120 | 57 |
| iv_507 | 7.628099637732523 × 10^296 | 4134 | 76 |
| iv_508 | 8.839816884731142 × 10^296 | 4149 | 81 |

### Input Bits Sorted by Output Occurrences

| Input Bit | Complexity | Occurrences | Output Occurrences |
|:---------:|:----------:|:-----------:|:------------------:|
| iv_499 | 1.1356836346886372 × 10^297 | 4120 | 57 |
| iv_503 | 4.523017098427765 × 10^296 | 3999 | 75 |
| iv_504 | 1.2385351731524804 × 10^297 | 4082 | 76 |
| iv_500 | 1.0762370138781294 × 10^296 | 4059 | 76 |
| iv_507 | 7.628099637732523 × 10^296 | 4134 | 76 |
| iv_508 | 8.839816884731142 × 10^296 | 4149 | 81 |
| iv_502 | 2.855871047459201 × 10^296 | 3833 | 82 |
| iv_501 | 1.7715269957953592 × 10^296 | 4033 | 83 |
| iv_498 | 3.620721036252645 × 10^295 | 3889 | 88 |
| iv_497 | 1.809312678005862 × 10^295 | 4092 | 93 |

## Input Bit Co-occurrences

### Input Bit Co-occurrences Sorted by Co-occurrences

| Input Bits | Co-occurrences | Potential Occurrences | Output Co-occurrences | Potential Output Occurrences |
|:----------:|:--------------:|:---------------------:|:---------------------:|:----------------------------:|
| iv_497-iv_507 | 2018 | 4190 | 44 | 81 |
| iv_507-iv_508 | 2013 | 4257 | 43 | 71 |
| iv_497-iv_501 | 1981 | 4163 | 48 | 80 |
| iv_499-iv_508 | 1962 | 4345 | 35 | 68 |
| iv_499-iv_507 | 1962 | 4330 | 29 | 75 |
| iv_500-iv_508 | 1962 | 4284 | 36 | 85 |
| iv_497-iv_500 | 1961 | 4229 | 39 | 91 |
| iv_497-iv_503 | 1959 | 4173 | 46 | 76 |
| iv_500-iv_507 | 1959 | 4275 | 35 | 82 |
| iv_504-iv_508 | 1957 | 4317 | 36 | 85 |

### Input Bit Co-occurrences Sorted by Potential Occurrences

| Input Bits | Co-occurrences | Potential Occurrences | Output Co-occurrences | Potential Output Occurrences |
|:----------:|:--------------:|:---------------------:|:---------------------:|:----------------------------:|
| iv_497-iv_502 | 1882 | 4161 | 52 | 71 |
| iv_497-iv_501 | 1981 | 4163 | 48 | 80 |
| iv_497-iv_503 | 1959 | 4173 | 46 | 76 |
| iv_500-iv_502 | 1851 | 4190 | 37 | 84 |
| iv_497-iv_507 | 2018 | 4190 | 44 | 81 |
| iv_500-iv_501 | 1943 | 4206 | 41 | 77 |
| iv_498-iv_500 | 1871 | 4206 | 39 | 86 |
| iv_502-iv_507 | 1873 | 4221 | 42 | 74 |
| iv_500-iv_503 | 1918 | 4222 | 39 | 73 |
| iv_501-iv_502 | 1821 | 4224 | 38 | 89 |

### Input Bit Output Co-occurrences Sorted by Output Co-occurrences

| Input Bits | Co-occurrences | Potential Occurrences | Output Co-occurrences | Potential Output Occurrences |
|:----------:|:--------------:|:---------------------:|:---------------------:|:----------------------------:|
| iv_497-iv_502 | 1882 | 4161 | 52 | 71 |
| iv_497-iv_498 | 1868 | 4245 | 50 | 81 |
| iv_498-iv_501 | 1843 | 4236 | 48 | 75 |
| iv_497-iv_501 | 1981 | 4163 | 48 | 80 |
| iv_498-iv_502 | 1738 | 4246 | 46 | 78 |
| iv_497-iv_503 | 1959 | 4173 | 46 | 76 |
| iv_497-iv_508 | 1930 | 4381 | 46 | 82 |
| iv_498-iv_508 | 1838 | 4362 | 45 | 79 |
| iv_497-iv_507 | 2018 | 4190 | 44 | 81 |
| iv_498-iv_507 | 1876 | 4271 | 43 | 78 |

### Input Bit Output Co-occurrences Sorted by Potential Output Occurrences

| Input Bits | Co-occurrences | Potential Occurrences | Output Co-occurrences | Potential Output Occurrences |
|:----------:|:--------------:|:---------------------:|:---------------------:|:----------------------------:|
| iv_499-iv_508 | 1962 | 4345 | 35 | 68 |
| iv_497-iv_502 | 1882 | 4161 | 52 | 71 |
| iv_507-iv_508 | 2013 | 4257 | 43 | 71 |
| iv_499-iv_503 | 1879 | 4361 | 30 | 72 |
| iv_498-iv_499 | 1808 | 4393 | 36 | 73 |
| iv_499-iv_504 | 1944 | 4314 | 30 | 73 |
| iv_500-iv_503 | 1918 | 4222 | 39 | 73 |
| iv_502-iv_507 | 1873 | 4221 | 42 | 74 |
| iv_498-iv_501 | 1843 | 4236 | 48 | 75 |
| iv_499-iv_507 | 1962 | 4330 | 29 | 75 |

## Output Bits

### Output Bits in Regular Order

| Rank | Output Bit | Complexity |
|:----:|:----------:|:----------:|
| 1 | ov_001 | 8.154651485200635 × 10^296 |
| 2 | ov_002 | 7.071918298101932 × 10^296 |
| 3 | ov_003 | 6.101991189120289 × 10^296 |
| 4 | ov_004 | 5.236322630857892 × 10^296 |
| 5 | ov_005 | 4.466831145437413 × 10^296 |
| 6 | ov_006 | 3.785868073755115 × 10^296 |
| 7 | ov_007 | 3.1861886351538 × 10^296 |
| 8 | ov_008 | 2.6609269987360882 × 10^296 |
| 9 | ov_009 | 2.2035750558958076 × 10^296 |
| 10 | ov_010 | 1.8079645267040052 × 10^296 |
| 11 | ov_011 | 1.468252028562761 × 10^296 |
| 12 | ov_012 | 1.178906756765585 × 10^296 |
| 13 | ov_013 | 9.34700447431024 × 10^295 |
| 14 | ov_014 | 7.306993137979807 × 10^295 |
| 15 | ov_015 | 5.622576671624287 × 10^295 |
| 16 | ov_016 | 4.2501295385634666 × 10^295 |
| 17 | ov_017 | 3.14881959667795 × 10^295 |
| 18 | ov_018 | 2.280579530115647 × 10^295 |
| 19 | ov_019 | 1.6100855800873968 × 10^295 |
| 20 | ov_020 | 1.1047417778307696 × 10^295 |
| 21 | ov_021 | 7.346683485539883 × 10^294 |
| 22 | ov_022 | 4.726933837025557 × 10^294 |
| 23 | ov_023 | 2.943470834370951 × 10^294 |
| 24 | ov_024 | 1.7785796993860947 × 10^294 |
| 25 | ov_025 | 1.041505708645367 × 10^294 |
| 26 | ov_026 | 5.684415073726576 × 10^293 |
| 27 | ov_027 | 2.8421920668875634 × 10^293 |
| 28 | ov_028 | 1.2714074261104873 × 10^293 |
| 29 | ov_029 | 4.89772765105833 × 10^292 |
| 30 | ov_030 | 1.4969037980134776 × 10^292 |
| 31 | ov_031 | 2.9189425822419234 × 10^291 |
| 32 | lv_80_m31 | 5.690940767788431 × 10^290 |
| 33 | ov_033 | 6.818734513234689 × 10^291 |
| 34 | ov_034 | 5.912383902365774 × 10^291 |
| 35 | ov_035 | 5.1015925315276525 × 10^291 |
| 36 | ov_036 | 4.3785899815748116 × 10^291 |
| 37 | ov_037 | 3.736023706636039 × 10^291 |
| 38 | ov_038 | 3.166929629809349 × 10^291 |
| 39 | ov_039 | 2.6647067610435594 × 10^291 |
| 40 | ov_040 | 2.223095442222285 × 10^291 |
| 41 | ov_041 | 1.836158848565655 × 10^291 |
| 42 | ov_042 | 1.5010071559889437 × 10^291 |
| 43 | ov_043 | 1.214900606815081 × 10^291 |
| 44 | ov_044 | 9.727873567937733 × 10^290 |
| 45 | ov_045 | 7.698903235480156 × 10^290 |
| 46 | ov_046 | 6.017001701975421 × 10^290 |
| 47 | ov_047 | 4.639697658597762 × 10^290 |
| 48 | ov_048 | 3.527098934610572 × 10^290 |
| 49 | ov_049 | 2.6418599301266447 × 10^290 |
| 50 | ov_050 | 1.9491574590020558 × 10^290 |
| 51 | ov_051 | 1.4166732287365564 × 10^290 |
| 52 | ov_052 | 1.0145813537154295 × 10^290 |
| 53 | ov_053 | 7.155395350599666 × 10^289 |
| 54 | ov_054 | 4.946829036773461 × 10^289 |
| 55 | ov_055 | 3.296198546854839 × 10^289 |
| 56 | ov_056 | 2.0977248824277184 × 10^289 |
| 57 | ov_057 | 1.2579767989084236 × 10^289 |
| 58 | ov_058 | 6.958648226600572 × 10^288 |
| 59 | ov_059 | 3.426380732989078 × 10^288 |
| 60 | ov_060 | 1.4188278909103276 × 10^288 |
| 61 | ov_061 | 4.952178326980223 × 10^287 |
| 62 | ov_062 | 1.3574116472764105 × 10^287 |
| 63 | ov_063 | 2.643461841460512 × 10^286 |
| 64 | lv_79_m31 | 5.1468137889044354 × 10^285 |
| 65 | ov_065 | 6.11380318687036 × 10^286 |
| 66 | ov_066 | 6.113783609134413 × 10^286 |
| 67 | ov_067 | 6.113778817398567 × 10^286 |
| 68 | ov_068 | 5.277949810638675 × 10^286 |
| 69 | ov_069 | 4.533080569027655 × 10^286 |
| 70 | ov_070 | 3.8717567712962585 × 10^286 |
| 71 | ov_071 | 3.287020447197621 × 10^286 |
| 72 | ov_072 | 2.7723390676796967 × 10^286 |
| 73 | ov_073 | 2.321577364547489 × 10^286 |
| 74 | ov_074 | 1.928971736118891 × 10^286 |
| 75 | ov_075 | 1.5891071007599475 × 10^286 |
| 76 | ov_076 | 1.2968960645821212 × 10^286 |
| 77 | ov_077 | 1.047560273125261 × 10^286 |
| 78 | ov_078 | 8.366138196564548 × 10^285 |
| 79 | ov_079 | 6.598485848996655 × 10^285 |
| 80 | ov_080 | 5.1332138467831184 × 10^285 |
| 81 | ov_081 | 3.933428031989266 × 10^285 |
| 82 | ov_082 | 2.964675906164079 × 10^285 |
| 83 | ov_083 | 2.19486504178819 × 10^285 |
| 84 | ov_084 | 1.5941947271833373 × 10^285 |
| 85 | ov_085 | 1.1350996458489834 × 10^285 |
| 86 | ov_086 | 7.922043934585927 × 10^284 |
| 87 | ov_087 | 5.4228763724371125 × 10^284 |
| 88 | ov_088 | 3.642547234290977 × 10^284 |
| 89 | ov_089 | 2.391175389269672 × 10^284 |
| 90 | ov_090 | 1.4998043378778812 × 10^284 |
| 91 | ov_091 | 8.891728063102701 × 10^283 |
| 92 | ov_092 | 4.904180986943673 × 10^283 |
| 93 | ov_093 | 2.4505621093566945 × 10^283 |
| 94 | ov_094 | 1.0497205845282034 × 10^283 |
| 95 | aaa_78_28 | 3.2415486314633995 × 10^282 |
| 96 | aaa_78_29 | 9.955473024627649 × 10^281 |
| 97 | ov_097 | 6.575466784683633 × 10^281 |
| 98 | ov_098 | 6.575270205241106 × 10^281 |
| 99 | ov_099 | 6.575207446594126 × 10^281 |
| 100 | ov_100 | 5.91729192476112 × 10^281 |
| 101 | ov_101 | 5.307848677620941 × 10^281 |
| 102 | ov_102 | 4.74422856267593 × 10^281 |
| 103 | ov_103 | 4.223975723853033 × 10^281 |
| 104 | ov_104 | 3.744802138720323 × 10^281 |
| 105 | ov_105 | 3.304564507650916 × 10^281 |
| 106 | ov_106 | 2.9012433655684465 × 10^281 |
| 107 | ov_107 | 2.5329243009665145 × 10^281 |
| 108 | ov_108 | 2.1977811701029163 × 10^281 |
| 109 | ov_109 | 1.8940611967539815 × 10^281 |
| 110 | ov_110 | 1.6200718497859978 × 10^281 |
| 111 | ov_111 | 1.3741693921663036 × 10^281 |
| 112 | ov_112 | 1.1547489959948285 × 10^281 |
| 113 | ov_113 | 9.602363187786337 × 10^280 |
| 114 | ov_114 | 7.8908043658030215 × 10^280 |
| 115 | ov_115 | 6.397480299202068 × 10^280 |
| 116 | ov_116 | 5.107187184646083 × 10^280 |
| 117 | ov_117 | 4.004814406295854 × 10^280 |
| 118 | ov_118 | 3.0753177429838235 × 10^280 |
| 119 | ov_119 | 2.303700096763443 × 10^280 |
| 120 | ov_120 | 1.6749971308028165 × 10^280 |
| 121 | ov_121 | 1.1742663162153519 × 10^280 |
| 122 | ov_122 | 7.865788693283172 × 10^279 |
| 123 | ov_123 | 4.970140609253127 × 10^279 |
| 124 | ov_124 | 2.9065537900590015 × 10^279 |
| 125 | ov_125 | 1.525881526620571 × 10^279 |
| 126 | ov_126 | 6.789834062869549 × 10^278 |
| 127 | aaa_77_28 | 2.1672066522062835 × 10^278 |
| 128 | aaa_77_29 | 8.11948067847084 × 10^277 |
| 129 | ov_129 | 7.467189247438605 × 10^277 |
| 130 | ov_130 | 7.467166912740217 × 10^277 |
| 131 | ov_131 | 7.467161518484201 × 10^277 |
| 132 | ov_132 | 6.4626486290046625 × 10^277 |
| 133 | ov_133 | 5.563971217485294 × 10^277 |
| 134 | ov_134 | 4.763116786664913 × 10^277 |
| 135 | ov_135 | 4.052495301117398 × 10^277 |
| 136 | ov_136 | 3.424908831275248 × 10^277 |
| 137 | ov_137 | 2.8735255820024323 × 10^277 |
| 138 | ov_138 | 2.39185787583403 × 10^277 |
| 139 | ov_139 | 1.9737436825866955 × 10^277 |
| 140 | ov_140 | 1.61333130807182 × 10^277 |
| 141 | ov_141 | 1.3050668752513467 × 10^277 |
| 142 | ov_142 | 1.0436842514790589 × 10^277 |
| 143 | ov_143 | 8.241970955589904 × 10^276 |
| 144 | ov_144 | 6.418927182976441 × 10^276 |
| 145 | ov_145 | 4.9232747007827716 × 10^276 |
| 146 | ov_146 | 3.713233887770495 × 10^276 |
| 147 | ov_147 | 2.749658610921375 × 10^276 |
| 148 | ov_148 | 1.9960207007936184 × 10^276 |
| 149 | ov_149 | 1.4184002138860138 × 10^276 |
| 150 | ov_150 | 9.854796037972155 × 10^275 |
| 151 | ov_151 | 6.685402002073466 × 10^275 |
| 152 | ov_152 | 4.4145988883787566 × 10^275 |
| 153 | ov_153 | 2.807114669419948 × 10^275 |
| 154 | ov_154 | 1.653614955161089 × 10^275 |
| 155 | ov_155 | 8.55915773587593 × 10^274 |
| 156 | aaa_76_25 | 3.287969132926931 × 10^274 |
| 157 | aaa_76_26 | 1.897719778349709 × 10^274 |
| 158 | aaa_76_27 | 9.708316828051157 × 10^273 |
| 159 | aaa_76_28 | 3.776966906433037 × 10^273 |
| 160 | aaa_76_29 | 1.1477148409744324 × 10^273 |

### Output Bits Sorted by Complexity

| Rank | Output Bit | Complexity |
|:----:|:----------:|:----------:|
| 160 | aaa_76_29 | 1.1477148409744324 × 10^273 |
| 159 | aaa_76_28 | 3.776966906433037 × 10^273 |
| 158 | aaa_76_27 | 9.708316828051157 × 10^273 |
| 157 | aaa_76_26 | 1.897719778349709 × 10^274 |
| 156 | aaa_76_25 | 3.287969132926931 × 10^274 |
| 155 | ov_155 | 8.55915773587593 × 10^274 |
| 154 | ov_154 | 1.653614955161089 × 10^275 |
| 153 | ov_153 | 2.807114669419948 × 10^275 |
| 152 | ov_152 | 4.4145988883787566 × 10^275 |
| 151 | ov_151 | 6.685402002073466 × 10^275 |
| 150 | ov_150 | 9.854796037972155 × 10^275 |
| 149 | ov_149 | 1.4184002138860138 × 10^276 |
| 148 | ov_148 | 1.9960207007936184 × 10^276 |
| 147 | ov_147 | 2.749658610921375 × 10^276 |
| 146 | ov_146 | 3.713233887770495 × 10^276 |
| 145 | ov_145 | 4.9232747007827716 × 10^276 |
| 144 | ov_144 | 6.418927182976441 × 10^276 |
| 143 | ov_143 | 8.241970955589904 × 10^276 |
| 142 | ov_142 | 1.0436842514790589 × 10^277 |
| 141 | ov_141 | 1.3050668752513467 × 10^277 |
| 140 | ov_140 | 1.61333130807182 × 10^277 |
| 139 | ov_139 | 1.9737436825866955 × 10^277 |
| 138 | ov_138 | 2.39185787583403 × 10^277 |
| 137 | ov_137 | 2.8735255820024323 × 10^277 |
| 136 | ov_136 | 3.424908831275248 × 10^277 |
| 135 | ov_135 | 4.052495301117398 × 10^277 |
| 134 | ov_134 | 4.763116786664913 × 10^277 |
| 133 | ov_133 | 5.563971217485294 × 10^277 |
| 132 | ov_132 | 6.4626486290046625 × 10^277 |
| 131 | ov_131 | 7.467161518484201 × 10^277 |
| 130 | ov_130 | 7.467166912740217 × 10^277 |
| 129 | ov_129 | 7.467189247438605 × 10^277 |
| 128 | aaa_77_29 | 8.11948067847084 × 10^277 |
| 127 | aaa_77_28 | 2.1672066522062835 × 10^278 |
| 126 | ov_126 | 6.789834062869549 × 10^278 |
| 125 | ov_125 | 1.525881526620571 × 10^279 |
| 124 | ov_124 | 2.9065537900590015 × 10^279 |
| 123 | ov_123 | 4.970140609253127 × 10^279 |
| 122 | ov_122 | 7.865788693283172 × 10^279 |
| 121 | ov_121 | 1.1742663162153519 × 10^280 |
| 120 | ov_120 | 1.6749971308028165 × 10^280 |
| 119 | ov_119 | 2.303700096763443 × 10^280 |
| 118 | ov_118 | 3.0753177429838235 × 10^280 |
| 117 | ov_117 | 4.004814406295854 × 10^280 |
| 116 | ov_116 | 5.107187184646083 × 10^280 |
| 115 | ov_115 | 6.397480299202068 × 10^280 |
| 114 | ov_114 | 7.8908043658030215 × 10^280 |
| 113 | ov_113 | 9.602363187786337 × 10^280 |
| 112 | ov_112 | 1.1547489959948285 × 10^281 |
| 111 | ov_111 | 1.3741693921663036 × 10^281 |
| 110 | ov_110 | 1.6200718497859978 × 10^281 |
| 109 | ov_109 | 1.8940611967539815 × 10^281 |
| 108 | ov_108 | 2.1977811701029163 × 10^281 |
| 107 | ov_107 | 2.5329243009665145 × 10^281 |
| 106 | ov_106 | 2.9012433655684465 × 10^281 |
| 105 | ov_105 | 3.304564507650916 × 10^281 |
| 104 | ov_104 | 3.744802138720323 × 10^281 |
| 103 | ov_103 | 4.223975723853033 × 10^281 |
| 102 | ov_102 | 4.74422856267593 × 10^281 |
| 101 | ov_101 | 5.307848677620941 × 10^281 |
| 100 | ov_100 | 5.91729192476112 × 10^281 |
| 99 | ov_099 | 6.575207446594126 × 10^281 |
| 98 | ov_098 | 6.575270205241106 × 10^281 |
| 97 | ov_097 | 6.575466784683633 × 10^281 |
| 96 | aaa_78_29 | 9.955473024627649 × 10^281 |
| 95 | aaa_78_28 | 3.2415486314633995 × 10^282 |
| 94 | ov_094 | 1.0497205845282034 × 10^283 |
| 93 | ov_093 | 2.4505621093566945 × 10^283 |
| 92 | ov_092 | 4.904180986943673 × 10^283 |
| 91 | ov_091 | 8.891728063102701 × 10^283 |
| 90 | ov_090 | 1.4998043378778812 × 10^284 |
| 89 | ov_089 | 2.391175389269672 × 10^284 |
| 88 | ov_088 | 3.642547234290977 × 10^284 |
| 87 | ov_087 | 5.4228763724371125 × 10^284 |
| 86 | ov_086 | 7.922043934585927 × 10^284 |
| 85 | ov_085 | 1.1350996458489834 × 10^285 |
| 84 | ov_084 | 1.5941947271833373 × 10^285 |
| 83 | ov_083 | 2.19486504178819 × 10^285 |
| 82 | ov_082 | 2.964675906164079 × 10^285 |
| 81 | ov_081 | 3.933428031989266 × 10^285 |
| 80 | ov_080 | 5.1332138467831184 × 10^285 |
| 64 | lv_79_m31 | 5.1468137889044354 × 10^285 |
| 79 | ov_079 | 6.598485848996655 × 10^285 |
| 78 | ov_078 | 8.366138196564548 × 10^285 |
| 77 | ov_077 | 1.047560273125261 × 10^286 |
| 76 | ov_076 | 1.2968960645821212 × 10^286 |
| 75 | ov_075 | 1.5891071007599475 × 10^286 |
| 74 | ov_074 | 1.928971736118891 × 10^286 |
| 73 | ov_073 | 2.321577364547489 × 10^286 |
| 63 | ov_063 | 2.643461841460512 × 10^286 |
| 72 | ov_072 | 2.7723390676796967 × 10^286 |
| 71 | ov_071 | 3.287020447197621 × 10^286 |
| 70 | ov_070 | 3.8717567712962585 × 10^286 |
| 69 | ov_069 | 4.533080569027655 × 10^286 |
| 68 | ov_068 | 5.277949810638675 × 10^286 |
| 67 | ov_067 | 6.113778817398567 × 10^286 |
| 66 | ov_066 | 6.113783609134413 × 10^286 |
| 65 | ov_065 | 6.11380318687036 × 10^286 |
| 62 | ov_062 | 1.3574116472764105 × 10^287 |
| 61 | ov_061 | 4.952178326980223 × 10^287 |
| 60 | ov_060 | 1.4188278909103276 × 10^288 |
| 59 | ov_059 | 3.426380732989078 × 10^288 |
| 58 | ov_058 | 6.958648226600572 × 10^288 |
| 57 | ov_057 | 1.2579767989084236 × 10^289 |
| 56 | ov_056 | 2.0977248824277184 × 10^289 |
| 55 | ov_055 | 3.296198546854839 × 10^289 |
| 54 | ov_054 | 4.946829036773461 × 10^289 |
| 53 | ov_053 | 7.155395350599666 × 10^289 |
| 52 | ov_052 | 1.0145813537154295 × 10^290 |
| 51 | ov_051 | 1.4166732287365564 × 10^290 |
| 50 | ov_050 | 1.9491574590020558 × 10^290 |
| 49 | ov_049 | 2.6418599301266447 × 10^290 |
| 48 | ov_048 | 3.527098934610572 × 10^290 |
| 47 | ov_047 | 4.639697658597762 × 10^290 |
| 32 | lv_80_m31 | 5.690940767788431 × 10^290 |
| 46 | ov_046 | 6.017001701975421 × 10^290 |
| 45 | ov_045 | 7.698903235480156 × 10^290 |
| 44 | ov_044 | 9.727873567937733 × 10^290 |
| 43 | ov_043 | 1.214900606815081 × 10^291 |
| 42 | ov_042 | 1.5010071559889437 × 10^291 |
| 41 | ov_041 | 1.836158848565655 × 10^291 |
| 40 | ov_040 | 2.223095442222285 × 10^291 |
| 39 | ov_039 | 2.6647067610435594 × 10^291 |
| 31 | ov_031 | 2.9189425822419234 × 10^291 |
| 38 | ov_038 | 3.166929629809349 × 10^291 |
| 37 | ov_037 | 3.736023706636039 × 10^291 |
| 36 | ov_036 | 4.3785899815748116 × 10^291 |
| 35 | ov_035 | 5.1015925315276525 × 10^291 |
| 34 | ov_034 | 5.912383902365774 × 10^291 |
| 33 | ov_033 | 6.818734513234689 × 10^291 |
| 30 | ov_030 | 1.4969037980134776 × 10^292 |
| 29 | ov_029 | 4.89772765105833 × 10^292 |
| 28 | ov_028 | 1.2714074261104873 × 10^293 |
| 27 | ov_027 | 2.8421920668875634 × 10^293 |
| 26 | ov_026 | 5.684415073726576 × 10^293 |
| 25 | ov_025 | 1.041505708645367 × 10^294 |
| 24 | ov_024 | 1.7785796993860947 × 10^294 |
| 23 | ov_023 | 2.943470834370951 × 10^294 |
| 22 | ov_022 | 4.726933837025557 × 10^294 |
| 21 | ov_021 | 7.346683485539883 × 10^294 |
| 20 | ov_020 | 1.1047417778307696 × 10^295 |
| 19 | ov_019 | 1.6100855800873968 × 10^295 |
| 18 | ov_018 | 2.280579530115647 × 10^295 |
| 17 | ov_017 | 3.14881959667795 × 10^295 |
| 16 | ov_016 | 4.2501295385634666 × 10^295 |
| 15 | ov_015 | 5.622576671624287 × 10^295 |
| 14 | ov_014 | 7.306993137979807 × 10^295 |
| 13 | ov_013 | 9.34700447431024 × 10^295 |
| 12 | ov_012 | 1.178906756765585 × 10^296 |
| 11 | ov_011 | 1.468252028562761 × 10^296 |
| 10 | ov_010 | 1.8079645267040052 × 10^296 |
| 9 | ov_009 | 2.2035750558958076 × 10^296 |
| 8 | ov_008 | 2.6609269987360882 × 10^296 |
| 7 | ov_007 | 3.1861886351538 × 10^296 |
| 6 | ov_006 | 3.785868073755115 × 10^296 |
| 5 | ov_005 | 4.466831145437413 × 10^296 |
| 4 | ov_004 | 5.236322630857892 × 10^296 |
| 3 | ov_003 | 6.101991189120289 × 10^296 |
| 2 | ov_002 | 7.071918298101932 × 10^296 |
| 1 | ov_001 | 8.154651485200635 × 10^296 |

