# Results for F001-F002-F003-F004-F005-F006-F007-F008-F009-F010-F011-F012-F013-F014-F015-F016-F017-F018-F019-F020-F021-F022-F023-F024-F025-F026-F027-F028-F029-F030-F031-F032-F033-F034-F035-F036-F037-F038-F039-F040-F041-F042-F043-F044-F045-F046-F047-F048-F049-F050-F051-F052-F053-F054-F055-F056-F057-F058-F059-F060-F061-F062-F063-F064-F065-F066-F067-F068-F069-F070-F071-F072-F073-F074-F075-F076-F077-F078-F079-F080-F081-F082-F083-F084-F085-F086-F087-F088-F089-F090-F091-F092-F093-F094-F095-F096-F097-F098-F099-F100-F101-F102-F103-F104-F105-F106-F107-F108-F109-F110-F111-F112-F113-F114-F115-F116-F117-F118-F119-F120-F121-F122-F123-F124-F125-F126-F127-F128-F129-F130-F131-F132-F133-F134-F135-F136-F137-F138-F139-F140-F141-F142-F143-F144-F145-F146-F147-F148-F149-F150-F151-F152-F153-F154-F155-F156-F157-F158-F159-F160-F161-F162-F163-F164-F165-F166-F167-F168-F169-F170-F171-F172-F173-F174-F175-F176-F177-F178-F179-F180-F181-F182-F183-F184-F185-F186-F187-F188-F189-F190-F191-F192-F193-F194-F195-F196-F197-F198-F199-F200-F201-F202-F203-F204-F205-F206-F207-F208-F209-F210-F211-F212-F213-F214-F215-F216-F217-F218-F219-F220-F221-F222-F223-F224-F225-F226-F227-F228-F229-F230-F231-F232-F233-F234-F235-F236-F237-F238-F239-F240-F241-F242-F243-F244-F245-F246-F247-F248-F249-F250-F251-F252-F253-F254-F255-F256-F257-F258-F259-F260-F261-F262-F263-F264-F265-F266-F267-F268-F269-F270-F271-F272-F273-F274-F275-F276-F277-F278-F279-F280-F281-F282-F283-F284-F285-F286-F287-F288-F289-F290-F291-F292-F293-F294-F295-F296-F297-F298-F299-F300-F301-F302-F303-F304-F305-F306-F307-F308-F309-F310-F311-F312-F313-F314-F315-F316-F317-F318-F319-F320-F321-F322-F323-F324-F325-F326-F327-F328-F329-F330-F331-F332-F333-F334-F335-F336-F337-F338-F339-F340-F341-F342-F343-F344-F345-F346-F347-F348-F349-F350-F351-F352-F353-F354-F355-F356-F357-F358-F359-F360-F361-F362-F363-F364-F365-F366-F367-F368-F369-F370-F371-F372-F373-F374-F375-F376-F377-F378-F379-F380-F381-F382-F383-F384-F385-F386-F387-F388-F389-F390-F391-F392-F393-F394-F395-F396-F397-F398-F399-F400-F401-F402-F403-F404-F405-F406-F407-F408-F409-F410-F411-F412-F413-F414-F415-F416-F417-F418-F419-F420-F421-F422-F423-F424-F425-F426-F427-F428-F429-F430-F431-F432-F433-F434-F435-F436-F437-F438-F439-F440-F441-F442-F443-F444-F445-F446-F447-F448-F449-F450-F451-F452-F453-F454-F455-F456-F457-F458-F459-F460-F461-F462-F463-F464-F465-F466-F467-F468-F469-F470-F471-F472-F473-F474-F475-F476-F477-F478-F479-F480-F481-F482-F483-F484-F485-F486-F487-F488-F489-F490-F491-F492-F493-F494-F495-F496-O500505-O504506-F509-F510-F511-F512

## Summary

Number of input bits: 512  
Number of free input bits: 10  
Number of output bits: 160

Number of direct occurrences: 40977  
Number of assignments: 31375  
Number of operations: 11466053
(xor: 11437327,
and: 15371,
or: 13355)

Total complexity: 9.870085403500557 × 10^303

Least occurring input variable: iv_499 (3873)  
Most occurring input variable: iv_508 (4285)

Most co-occurring input variables: iv_504-iv_508 (2060)  
Least co-occurring input variables: iv_498-iv_502 (1753)

Potentially most occurring input variable: iv_500/iv_507 (4554)  
Potentially least occurring input variable: iv_501/iv_502 (4177)

Least output occurring input variable: iv_500 (67)  
Most output occurring input variable: iv_497 (86)

Most output co-occurring input variables: iv_498-iv_508 (48)  
Least output co-occurring input variables: iv_500-iv_507 (30)

Potentially most output occurring input variable: iv_498/iv_501 (93)  
Potentially least output occurring input variable: iv_499/iv_503 (69)

Least complex input bit: iv_497 (3.5029726716573337 × 10^301)  
Most complex input bit: iv_504 (2.397902207384794 × 10^303)

Least complex output bit: aaa_76_29 (3.423438421201735 × 10^278)  
Most complex output bit: ov_001 (1.578811702268441 × 10^303)

Least complex input/output complexity: iv_497/aaa_76_29 (1.2150058223729434 × 10^276)  
Most complex input/output complexity: iv_504/ov_001 (3.8356669786988217 × 10^302)

## Input Bits

### Input Bits in Regular Order

| Input Bit | Complexity | Occurrences | Output Occurrences |
|:---------:|:----------:|:-----------:|:------------------:|
| iv_497 | 3.5029726716573337 × 10^301 | 4124 | 86 |
| iv_498 | 7.010002746273104 × 10^301 | 3991 | 82 |
| iv_499 | 1.2378348848990289 × 10^302 | 3873 | 78 |
| iv_500 | 2.2833580043485978 × 10^303 | 4283 | 67 |
| iv_501 | 3.4298165976562495 × 10^302 | 4039 | 83 |
| iv_502 | 5.529192579390406 × 10^302 | 3880 | 74 |
| iv_503 | 8.756919399190756 × 10^302 | 4040 | 81 |
| iv_504 | 2.397902207384794 × 10^303 | 4263 | 69 |
| iv_507 | 1.476860516840401 × 10^303 | 4199 | 78 |
| iv_508 | 1.711458574633827 × 10^303 | 4285 | 83 |

### Input Bits Sorted by Complexity

| Input Bit | Complexity | Occurrences | Output Occurrences |
|:---------:|:----------:|:-----------:|:------------------:|
| iv_497 | 3.5029726716573337 × 10^301 | 4124 | 86 |
| iv_498 | 7.010002746273104 × 10^301 | 3991 | 82 |
| iv_499 | 1.2378348848990289 × 10^302 | 3873 | 78 |
| iv_501 | 3.4298165976562495 × 10^302 | 4039 | 83 |
| iv_502 | 5.529192579390406 × 10^302 | 3880 | 74 |
| iv_503 | 8.756919399190756 × 10^302 | 4040 | 81 |
| iv_507 | 1.476860516840401 × 10^303 | 4199 | 78 |
| iv_508 | 1.711458574633827 × 10^303 | 4285 | 83 |
| iv_500 | 2.2833580043485978 × 10^303 | 4283 | 67 |
| iv_504 | 2.397902207384794 × 10^303 | 4263 | 69 |

### Input Bits Sorted by Occurrences

| Input Bit | Complexity | Occurrences | Output Occurrences |
|:---------:|:----------:|:-----------:|:------------------:|
| iv_499 | 1.2378348848990289 × 10^302 | 3873 | 78 |
| iv_502 | 5.529192579390406 × 10^302 | 3880 | 74 |
| iv_498 | 7.010002746273104 × 10^301 | 3991 | 82 |
| iv_501 | 3.4298165976562495 × 10^302 | 4039 | 83 |
| iv_503 | 8.756919399190756 × 10^302 | 4040 | 81 |
| iv_497 | 3.5029726716573337 × 10^301 | 4124 | 86 |
| iv_507 | 1.476860516840401 × 10^303 | 4199 | 78 |
| iv_504 | 2.397902207384794 × 10^303 | 4263 | 69 |
| iv_500 | 2.2833580043485978 × 10^303 | 4283 | 67 |
| iv_508 | 1.711458574633827 × 10^303 | 4285 | 83 |

### Input Bits Sorted by Output Occurrences

| Input Bit | Complexity | Occurrences | Output Occurrences |
|:---------:|:----------:|:-----------:|:------------------:|
| iv_500 | 2.2833580043485978 × 10^303 | 4283 | 67 |
| iv_504 | 2.397902207384794 × 10^303 | 4263 | 69 |
| iv_502 | 5.529192579390406 × 10^302 | 3880 | 74 |
| iv_499 | 1.2378348848990289 × 10^302 | 3873 | 78 |
| iv_507 | 1.476860516840401 × 10^303 | 4199 | 78 |
| iv_503 | 8.756919399190756 × 10^302 | 4040 | 81 |
| iv_498 | 7.010002746273104 × 10^301 | 3991 | 82 |
| iv_508 | 1.711458574633827 × 10^303 | 4285 | 83 |
| iv_501 | 3.4298165976562495 × 10^302 | 4039 | 83 |
| iv_497 | 3.5029726716573337 × 10^301 | 4124 | 86 |

## Input Bit Co-occurrences

### Input Bit Co-occurrences Sorted by Co-occurrences

| Input Bits | Co-occurrences | Potential Occurrences | Output Co-occurrences | Potential Output Occurrences |
|:----------:|:--------------:|:---------------------:|:---------------------:|:----------------------------:|
| iv_504-iv_508 | 2060 | 4428 | 39 | 74 |
| iv_500-iv_508 | 2050 | 4468 | 36 | 78 |
| iv_500-iv_504 | 2041 | 4464 | 31 | 74 |
| iv_507-iv_508 | 2038 | 4408 | 45 | 71 |
| iv_497-iv_500 | 2029 | 4349 | 38 | 77 |
| iv_497-iv_508 | 2001 | 4407 | 39 | 91 |
| iv_497-iv_507 | 1987 | 4349 | 39 | 86 |
| iv_498-iv_508 | 1982 | 4312 | 48 | 69 |
| iv_497-iv_504 | 1982 | 4423 | 41 | 73 |
| iv_504-iv_507 | 1979 | 4504 | 37 | 73 |

### Input Bit Co-occurrences Sorted by Potential Occurrences

| Input Bits | Co-occurrences | Potential Occurrences | Output Co-occurrences | Potential Output Occurrences |
|:----------:|:--------------:|:---------------------:|:---------------------:|:----------------------------:|
| iv_501-iv_502 | 1871 | 4177 | 40 | 77 |
| iv_499-iv_502 | 1783 | 4187 | 38 | 76 |
| iv_499-iv_503 | 1840 | 4233 | 45 | 69 |
| iv_497-iv_503 | 1956 | 4252 | 44 | 79 |
| iv_499-iv_501 | 1828 | 4256 | 41 | 79 |
| iv_497-iv_501 | 1951 | 4261 | 45 | 79 |
| iv_497-iv_502 | 1867 | 4270 | 42 | 76 |
| iv_501-iv_503 | 1904 | 4271 | 40 | 84 |
| iv_502-iv_507 | 1902 | 4275 | 39 | 74 |
| iv_499-iv_508 | 1938 | 4282 | 41 | 79 |

### Input Bit Output Co-occurrences Sorted by Output Co-occurrences

| Input Bits | Co-occurrences | Potential Occurrences | Output Co-occurrences | Potential Output Occurrences |
|:----------:|:--------------:|:---------------------:|:---------------------:|:----------------------------:|
| iv_498-iv_508 | 1982 | 4312 | 48 | 69 |
| iv_499-iv_503 | 1840 | 4233 | 45 | 69 |
| iv_507-iv_508 | 2038 | 4408 | 45 | 71 |
| iv_497-iv_501 | 1951 | 4261 | 45 | 79 |
| iv_497-iv_499 | 1810 | 4377 | 44 | 76 |
| iv_497-iv_503 | 1956 | 4252 | 44 | 79 |
| iv_501-iv_507 | 1938 | 4362 | 43 | 75 |
| iv_503-iv_507 | 1953 | 4333 | 43 | 73 |
| iv_502-iv_508 | 1908 | 4349 | 42 | 73 |
| iv_498-iv_503 | 1839 | 4353 | 42 | 79 |

### Input Bit Output Co-occurrences Sorted by Potential Output Occurrences

| Input Bits | Co-occurrences | Potential Occurrences | Output Co-occurrences | Potential Output Occurrences |
|:----------:|:--------------:|:---------------------:|:---------------------:|:----------------------------:|
| iv_499-iv_503 | 1840 | 4233 | 45 | 69 |
| iv_498-iv_508 | 1982 | 4312 | 48 | 69 |
| iv_500-iv_502 | 1910 | 4343 | 36 | 69 |
| iv_502-iv_504 | 1918 | 4307 | 37 | 69 |
| iv_507-iv_508 | 2038 | 4408 | 45 | 71 |
| iv_497-iv_504 | 1982 | 4423 | 41 | 73 |
| iv_502-iv_508 | 1908 | 4349 | 42 | 73 |
| iv_504-iv_507 | 1979 | 4504 | 37 | 73 |
| iv_503-iv_507 | 1953 | 4333 | 43 | 73 |
| iv_500-iv_504 | 2041 | 4464 | 31 | 74 |

## Output Bits

### Output Bits in Regular Order

| Rank | Output Bit | Complexity |
|:----:|:----------:|:----------:|
| 1 | ov_001 | 1.578811702268441 × 10^303 |
| 2 | ov_002 | 1.369183591758357 × 10^303 |
| 3 | ov_003 | 1.1813961862010306 × 10^303 |
| 4 | ov_004 | 1.013794525614723 × 10^303 |
| 5 | ov_005 | 8.648138901035156 × 10^302 |
| 6 | ov_006 | 7.329733660491728 × 10^302 |
| 7 | ov_007 | 6.168702428322571 × 10^302 |
| 8 | ov_008 | 5.151751861100739 × 10^302 |
| 9 | ov_009 | 4.266281275621697 × 10^302 |
| 10 | ov_010 | 3.5003479999764913 × 10^302 |
| 11 | ov_011 | 2.8426384590477147 × 10^302 |
| 12 | ov_012 | 2.282444316336642 × 10^302 |
| 13 | ov_013 | 1.8096430343491662 × 10^302 |
| 14 | ov_014 | 1.4146822554845572 × 10^302 |
| 15 | ov_015 | 1.0885674446339762 × 10^302 |
| 16 | ov_016 | 8.228522736249783 × 10^301 |
| 17 | ov_017 | 6.096312663369901 × 10^301 |
| 18 | ov_018 | 4.4153426183086383 × 10^301 |
| 19 | ov_019 | 3.117222912342671 × 10^301 |
| 20 | ov_020 | 2.1388452053121382 × 10^301 |
| 21 | ov_021 | 1.4223600154825113 × 10^301 |
| 22 | ov_022 | 9.151605637724317 × 10^300 |
| 23 | ov_023 | 5.698716006101665 × 10^300 |
| 24 | ov_024 | 3.443420546841151 × 10^300 |
| 25 | ov_025 | 2.016405338174714 × 10^300 |
| 26 | ov_026 | 1.1005285985652165 × 10^300 |
| 27 | ov_027 | 5.5026042406842225 × 10^299 |
| 28 | ov_028 | 2.461494759763663 × 10^299 |
| 29 | ov_029 | 9.482181372635147 × 10^298 |
| 30 | ov_030 | 2.898058882490782 × 10^298 |
| 31 | ov_031 | 5.651175027134731 × 10^297 |
| 32 | lv_80_m31 | 1.1017862034144669 × 10^297 |
| 33 | ov_033 | 1.3202737673927822 × 10^298 |
| 34 | ov_034 | 1.1447929528522149 × 10^298 |
| 35 | ov_035 | 9.878173785974741 × 10^297 |
| 36 | ov_036 | 8.478405924804441 × 10^297 |
| 37 | ov_037 | 7.234375711650062 × 10^297 |
| 38 | ov_038 | 6.132589508151734 × 10^297 |
| 39 | ov_039 | 5.160260371031346 × 10^297 |
| 40 | ov_040 | 4.305265212307476 × 10^297 |
| 41 | ov_041 | 3.556108323508496 × 10^297 |
| 42 | ov_042 | 2.9071945123672393 × 10^297 |
| 43 | ov_043 | 2.353219870283241 × 10^297 |
| 44 | ov_044 | 1.884405922322431 × 10^297 |
| 45 | ov_045 | 1.4915066346860912 × 10^297 |
| 46 | ov_046 | 1.165794557080747 × 10^297 |
| 47 | ov_047 | 8.99049890173982 × 10^296 |
| 48 | ov_048 | 6.835520247011381 × 10^296 |
| 49 | ov_049 | 5.1207313251634955 × 10^296 |
| 50 | ov_050 | 3.778734235128597 × 10^296 |
| 51 | ov_051 | 2.746977158934454 × 10^296 |
| 52 | ov_052 | 1.9677300077067267 × 10^296 |
| 53 | ov_053 | 1.3880672920390114 × 10^296 |
| 54 | ov_054 | 9.59856221306171 × 10^295 |
| 55 | ov_055 | 6.397486972082479 × 10^295 |
| 56 | ov_056 | 4.07266052083672 × 10^295 |
| 57 | ov_057 | 2.4431842529153486 × 10^295 |
| 58 | ov_058 | 1.3520363786225134 × 10^295 |
| 59 | ov_059 | 6.660660142513294 × 10^294 |
| 60 | ov_060 | 2.7599047116622377 × 10^294 |
| 61 | ov_061 | 9.639426814275056 × 10^293 |
| 62 | ov_062 | 2.643946255844522 × 10^293 |
| 63 | ov_063 | 5.152437953351009 × 10^292 |
| 64 | lv_79_m31 | 1.0038555919454826 × 10^292 |
| 65 | ov_065 | 1.1920018961170099 × 10^293 |
| 66 | ov_066 | 1.1919984098007638 × 10^293 |
| 67 | ov_067 | 1.1919975709854403 × 10^293 |
| 68 | ov_068 | 1.0312198954505832 × 10^293 |
| 69 | ov_069 | 8.87384519072019 × 10^292 |
| 70 | ov_070 | 7.592196789617473 × 10^292 |
| 71 | ov_071 | 6.455181204586326 × 10^292 |
| 72 | ov_072 | 5.451325612453677 × 10^292 |
| 73 | ov_073 | 4.569718868785548 × 10^292 |
| 74 | ov_074 | 3.799979970194902 × 10^292 |
| 75 | ov_075 | 3.1322322590024784 × 10^292 |
| 76 | ov_076 | 2.557082646460206 × 10^292 |
| 77 | ov_077 | 2.0656051702977107 × 10^292 |
| 78 | ov_078 | 1.6493282408488984 × 10^292 |
| 79 | ov_079 | 1.300224967676621 × 10^292 |
| 80 | ov_080 | 1.0107059956235243 × 10^292 |
| 81 | ov_081 | 7.736143157305987 × 10^291 |
| 82 | ov_082 | 5.82221552607417 × 10^291 |
| 83 | ov_083 | 4.3022526570898345 × 10^291 |
| 84 | ov_084 | 3.117468799213264 × 10^291 |
| 85 | ov_085 | 2.2133001879207004 × 10^291 |
| 86 | ov_086 | 1.5393915833040576 × 10^291 |
| 87 | ov_087 | 1.049585660411321 × 10^291 |
| 88 | ov_088 | 7.019148988532542 × 10^290 |
| 89 | ov_089 | 4.585956187645105 × 10^290 |
| 90 | ov_090 | 2.860238102935962 × 10^290 |
| 91 | ov_091 | 1.6844196577511893 × 10^290 |
| 92 | ov_092 | 9.218052327144772 × 10^289 |
| 93 | ov_093 | 4.565727653876615 × 10^289 |
| 94 | ov_094 | 1.937708481732613 × 10^289 |
| 95 | aaa_78_28 | 5.931754227534254 × 10^288 |
| 96 | aaa_78_29 | 1.7968633536196598 × 10^288 |
| 97 | ov_097 | 9.483214625097252 × 10^287 |
| 98 | ov_098 | 9.483156088037818 × 10^287 |
| 99 | ov_099 | 9.483137368199434 × 10^287 |
| 100 | ov_100 | 8.040135293184225 × 10^287 |
| 101 | ov_101 | 6.7689290408582815 × 10^287 |
| 102 | ov_102 | 5.655171314130913 × 10^287 |
| 103 | ov_103 | 4.6853010401524005 × 10^287 |
| 104 | ov_104 | 3.846485716256674 × 10^287 |
| 105 | ov_105 | 3.1265713480369668 × 10^287 |
| 106 | ov_106 | 2.5140392809913156 × 10^287 |
| 107 | ov_107 | 1.9979692627795752 × 10^287 |
| 108 | ov_108 | 1.5680081075279251 × 10^287 |
| 109 | ov_109 | 1.2143433670541173 × 10^287 |
| 110 | ov_110 | 9.276814465829069 × 10^286 |
| 111 | ov_111 | 6.992296346590345 × 10^286 |
| 112 | ov_112 | 5.206815486956934 × 10^286 |
| 113 | ov_113 | 3.84205529041183 × 10^286 |
| 114 | ov_114 | 2.824355456997831 × 10^286 |
| 115 | ov_115 | 2.0846421297442667 × 10^286 |
| 116 | ov_116 | 1.5583753835596809 × 10^286 |
| 117 | ov_117 | 1.1855106299574785 × 10^286 |
| 118 | ov_118 | 9.104708208080888 × 10^285 |
| 119 | ov_119 | 6.821266439361829 × 10^285 |
| 120 | ov_120 | 4.9605419152794125 × 10^285 |
| 121 | ov_121 | 3.478360607092002 × 10^285 |
| 122 | ov_122 | 2.3305894856961636 × 10^285 |
| 123 | ov_123 | 1.4731195470635843 × 10^285 |
| 124 | ov_124 | 8.618543664048281 × 10^284 |
| 125 | ov_125 | 4.527030105964131 × 10^284 |
| 126 | ov_126 | 2.01576424632779 × 10^284 |
| 127 | aaa_77_28 | 6.438604532138324 × 10^283 |
| 128 | aaa_77_29 | 2.41495572582734 × 10^283 |
| 129 | ov_129 | 2.2174107955870254 × 10^283 |
| 130 | ov_130 | 2.2174041335258703 × 10^283 |
| 131 | ov_131 | 2.2174025245109267 × 10^283 |
| 132 | ov_132 | 1.921743360191669 × 10^283 |
| 133 | ov_133 | 1.6566606292186479 × 10^283 |
| 134 | ov_134 | 1.419764339757212 × 10^283 |
| 135 | ov_135 | 1.2087905131623436 × 10^283 |
| 136 | ov_136 | 1.0215921293065029 × 10^283 |
| 137 | ov_137 | 8.571238717702264 × 10^282 |
| 138 | ov_138 | 7.134505765641216 × 10^282 |
| 139 | ov_139 | 5.88734214751575 × 10^282 |
| 140 | ov_140 | 4.812293253519488 × 10^282 |
| 141 | ov_141 | 3.8927928118199813 × 10^282 |
| 142 | ov_142 | 3.1131328432302786 × 10^282 |
| 143 | ov_143 | 2.4584399389349744 × 10^282 |
| 144 | ov_144 | 1.9146569475602168 × 10^282 |
| 145 | ov_145 | 1.4685292170911903 × 10^282 |
| 146 | ov_146 | 1.1075945961753012 × 10^282 |
| 147 | ov_147 | 8.201764582641172 × 10^281 |
| 148 | ov_148 | 5.953790708757988 × 10^281 |
| 149 | ov_149 | 4.230846910236946 × 10^281 |
| 150 | ov_150 | 2.9395182657213625 × 10^281 |
| 151 | ov_151 | 1.994141859764382 × 10^281 |
| 152 | ov_152 | 1.316799862543189 × 10^281 |
| 153 | ov_153 | 8.373146245659845 × 10^280 |
| 154 | ov_154 | 4.9324525301369055 × 10^280 |
| 155 | ov_155 | 2.553051367754924 × 10^280 |
| 156 | aaa_76_25 | 9.80745343290895 × 10^279 |
| 157 | aaa_76_26 | 5.660575754345382 × 10^279 |
| 158 | aaa_76_27 | 2.8958260054754803 × 10^279 |
| 159 | aaa_76_28 | 1.1266050730805019 × 10^279 |
| 160 | aaa_76_29 | 3.423438421201735 × 10^278 |

### Output Bits Sorted by Complexity

| Rank | Output Bit | Complexity |
|:----:|:----------:|:----------:|
| 160 | aaa_76_29 | 3.423438421201735 × 10^278 |
| 159 | aaa_76_28 | 1.1266050730805019 × 10^279 |
| 158 | aaa_76_27 | 2.8958260054754803 × 10^279 |
| 157 | aaa_76_26 | 5.660575754345382 × 10^279 |
| 156 | aaa_76_25 | 9.80745343290895 × 10^279 |
| 155 | ov_155 | 2.553051367754924 × 10^280 |
| 154 | ov_154 | 4.9324525301369055 × 10^280 |
| 153 | ov_153 | 8.373146245659845 × 10^280 |
| 152 | ov_152 | 1.316799862543189 × 10^281 |
| 151 | ov_151 | 1.994141859764382 × 10^281 |
| 150 | ov_150 | 2.9395182657213625 × 10^281 |
| 149 | ov_149 | 4.230846910236946 × 10^281 |
| 148 | ov_148 | 5.953790708757988 × 10^281 |
| 147 | ov_147 | 8.201764582641172 × 10^281 |
| 146 | ov_146 | 1.1075945961753012 × 10^282 |
| 145 | ov_145 | 1.4685292170911903 × 10^282 |
| 144 | ov_144 | 1.9146569475602168 × 10^282 |
| 143 | ov_143 | 2.4584399389349744 × 10^282 |
| 142 | ov_142 | 3.1131328432302786 × 10^282 |
| 141 | ov_141 | 3.8927928118199813 × 10^282 |
| 140 | ov_140 | 4.812293253519488 × 10^282 |
| 139 | ov_139 | 5.88734214751575 × 10^282 |
| 138 | ov_138 | 7.134505765641216 × 10^282 |
| 137 | ov_137 | 8.571238717702264 × 10^282 |
| 136 | ov_136 | 1.0215921293065029 × 10^283 |
| 135 | ov_135 | 1.2087905131623436 × 10^283 |
| 134 | ov_134 | 1.419764339757212 × 10^283 |
| 133 | ov_133 | 1.6566606292186479 × 10^283 |
| 132 | ov_132 | 1.921743360191669 × 10^283 |
| 131 | ov_131 | 2.2174025245109267 × 10^283 |
| 130 | ov_130 | 2.2174041335258703 × 10^283 |
| 129 | ov_129 | 2.2174107955870254 × 10^283 |
| 128 | aaa_77_29 | 2.41495572582734 × 10^283 |
| 127 | aaa_77_28 | 6.438604532138324 × 10^283 |
| 126 | ov_126 | 2.01576424632779 × 10^284 |
| 125 | ov_125 | 4.527030105964131 × 10^284 |
| 124 | ov_124 | 8.618543664048281 × 10^284 |
| 123 | ov_123 | 1.4731195470635843 × 10^285 |
| 122 | ov_122 | 2.3305894856961636 × 10^285 |
| 121 | ov_121 | 3.478360607092002 × 10^285 |
| 120 | ov_120 | 4.9605419152794125 × 10^285 |
| 119 | ov_119 | 6.821266439361829 × 10^285 |
| 118 | ov_118 | 9.104708208080888 × 10^285 |
| 117 | ov_117 | 1.1855106299574785 × 10^286 |
| 116 | ov_116 | 1.5583753835596809 × 10^286 |
| 115 | ov_115 | 2.0846421297442667 × 10^286 |
| 114 | ov_114 | 2.824355456997831 × 10^286 |
| 113 | ov_113 | 3.84205529041183 × 10^286 |
| 112 | ov_112 | 5.206815486956934 × 10^286 |
| 111 | ov_111 | 6.992296346590345 × 10^286 |
| 110 | ov_110 | 9.276814465829069 × 10^286 |
| 109 | ov_109 | 1.2143433670541173 × 10^287 |
| 108 | ov_108 | 1.5680081075279251 × 10^287 |
| 107 | ov_107 | 1.9979692627795752 × 10^287 |
| 106 | ov_106 | 2.5140392809913156 × 10^287 |
| 105 | ov_105 | 3.1265713480369668 × 10^287 |
| 104 | ov_104 | 3.846485716256674 × 10^287 |
| 103 | ov_103 | 4.6853010401524005 × 10^287 |
| 102 | ov_102 | 5.655171314130913 × 10^287 |
| 101 | ov_101 | 6.7689290408582815 × 10^287 |
| 100 | ov_100 | 8.040135293184225 × 10^287 |
| 99 | ov_099 | 9.483137368199434 × 10^287 |
| 98 | ov_098 | 9.483156088037818 × 10^287 |
| 97 | ov_097 | 9.483214625097252 × 10^287 |
| 96 | aaa_78_29 | 1.7968633536196598 × 10^288 |
| 95 | aaa_78_28 | 5.931754227534254 × 10^288 |
| 94 | ov_094 | 1.937708481732613 × 10^289 |
| 93 | ov_093 | 4.565727653876615 × 10^289 |
| 92 | ov_092 | 9.218052327144772 × 10^289 |
| 91 | ov_091 | 1.6844196577511893 × 10^290 |
| 90 | ov_090 | 2.860238102935962 × 10^290 |
| 89 | ov_089 | 4.585956187645105 × 10^290 |
| 88 | ov_088 | 7.019148988532542 × 10^290 |
| 87 | ov_087 | 1.049585660411321 × 10^291 |
| 86 | ov_086 | 1.5393915833040576 × 10^291 |
| 85 | ov_085 | 2.2133001879207004 × 10^291 |
| 84 | ov_084 | 3.117468799213264 × 10^291 |
| 83 | ov_083 | 4.3022526570898345 × 10^291 |
| 82 | ov_082 | 5.82221552607417 × 10^291 |
| 81 | ov_081 | 7.736143157305987 × 10^291 |
| 64 | lv_79_m31 | 1.0038555919454826 × 10^292 |
| 80 | ov_080 | 1.0107059956235243 × 10^292 |
| 79 | ov_079 | 1.300224967676621 × 10^292 |
| 78 | ov_078 | 1.6493282408488984 × 10^292 |
| 77 | ov_077 | 2.0656051702977107 × 10^292 |
| 76 | ov_076 | 2.557082646460206 × 10^292 |
| 75 | ov_075 | 3.1322322590024784 × 10^292 |
| 74 | ov_074 | 3.799979970194902 × 10^292 |
| 73 | ov_073 | 4.569718868785548 × 10^292 |
| 63 | ov_063 | 5.152437953351009 × 10^292 |
| 72 | ov_072 | 5.451325612453677 × 10^292 |
| 71 | ov_071 | 6.455181204586326 × 10^292 |
| 70 | ov_070 | 7.592196789617473 × 10^292 |
| 69 | ov_069 | 8.87384519072019 × 10^292 |
| 68 | ov_068 | 1.0312198954505832 × 10^293 |
| 67 | ov_067 | 1.1919975709854403 × 10^293 |
| 66 | ov_066 | 1.1919984098007638 × 10^293 |
| 65 | ov_065 | 1.1920018961170099 × 10^293 |
| 62 | ov_062 | 2.643946255844522 × 10^293 |
| 61 | ov_061 | 9.639426814275056 × 10^293 |
| 60 | ov_060 | 2.7599047116622377 × 10^294 |
| 59 | ov_059 | 6.660660142513294 × 10^294 |
| 58 | ov_058 | 1.3520363786225134 × 10^295 |
| 57 | ov_057 | 2.4431842529153486 × 10^295 |
| 56 | ov_056 | 4.07266052083672 × 10^295 |
| 55 | ov_055 | 6.397486972082479 × 10^295 |
| 54 | ov_054 | 9.59856221306171 × 10^295 |
| 53 | ov_053 | 1.3880672920390114 × 10^296 |
| 52 | ov_052 | 1.9677300077067267 × 10^296 |
| 51 | ov_051 | 2.746977158934454 × 10^296 |
| 50 | ov_050 | 3.778734235128597 × 10^296 |
| 49 | ov_049 | 5.1207313251634955 × 10^296 |
| 48 | ov_048 | 6.835520247011381 × 10^296 |
| 47 | ov_047 | 8.99049890173982 × 10^296 |
| 32 | lv_80_m31 | 1.1017862034144669 × 10^297 |
| 46 | ov_046 | 1.165794557080747 × 10^297 |
| 45 | ov_045 | 1.4915066346860912 × 10^297 |
| 44 | ov_044 | 1.884405922322431 × 10^297 |
| 43 | ov_043 | 2.353219870283241 × 10^297 |
| 42 | ov_042 | 2.9071945123672393 × 10^297 |
| 41 | ov_041 | 3.556108323508496 × 10^297 |
| 40 | ov_040 | 4.305265212307476 × 10^297 |
| 39 | ov_039 | 5.160260371031346 × 10^297 |
| 31 | ov_031 | 5.651175027134731 × 10^297 |
| 38 | ov_038 | 6.132589508151734 × 10^297 |
| 37 | ov_037 | 7.234375711650062 × 10^297 |
| 36 | ov_036 | 8.478405924804441 × 10^297 |
| 35 | ov_035 | 9.878173785974741 × 10^297 |
| 34 | ov_034 | 1.1447929528522149 × 10^298 |
| 33 | ov_033 | 1.3202737673927822 × 10^298 |
| 30 | ov_030 | 2.898058882490782 × 10^298 |
| 29 | ov_029 | 9.482181372635147 × 10^298 |
| 28 | ov_028 | 2.461494759763663 × 10^299 |
| 27 | ov_027 | 5.5026042406842225 × 10^299 |
| 26 | ov_026 | 1.1005285985652165 × 10^300 |
| 25 | ov_025 | 2.016405338174714 × 10^300 |
| 24 | ov_024 | 3.443420546841151 × 10^300 |
| 23 | ov_023 | 5.698716006101665 × 10^300 |
| 22 | ov_022 | 9.151605637724317 × 10^300 |
| 21 | ov_021 | 1.4223600154825113 × 10^301 |
| 20 | ov_020 | 2.1388452053121382 × 10^301 |
| 19 | ov_019 | 3.117222912342671 × 10^301 |
| 18 | ov_018 | 4.4153426183086383 × 10^301 |
| 17 | ov_017 | 6.096312663369901 × 10^301 |
| 16 | ov_016 | 8.228522736249783 × 10^301 |
| 15 | ov_015 | 1.0885674446339762 × 10^302 |
| 14 | ov_014 | 1.4146822554845572 × 10^302 |
| 13 | ov_013 | 1.8096430343491662 × 10^302 |
| 12 | ov_012 | 2.282444316336642 × 10^302 |
| 11 | ov_011 | 2.8426384590477147 × 10^302 |
| 10 | ov_010 | 3.5003479999764913 × 10^302 |
| 9 | ov_009 | 4.266281275621697 × 10^302 |
| 8 | ov_008 | 5.151751861100739 × 10^302 |
| 7 | ov_007 | 6.168702428322571 × 10^302 |
| 6 | ov_006 | 7.329733660491728 × 10^302 |
| 5 | ov_005 | 8.648138901035156 × 10^302 |
| 4 | ov_004 | 1.013794525614723 × 10^303 |
| 3 | ov_003 | 1.1813961862010306 × 10^303 |
| 2 | ov_002 | 1.369183591758357 × 10^303 |
| 1 | ov_001 | 1.578811702268441 × 10^303 |

