# Results for F001-F002-F003-F004-F005-F006-F007-F008-F009-F010-F011-F012-F013-F014-F015-F016-F017-F018-F019-F020-F021-F022-F023-F024-F025-F026-F027-F028-F029-F030-F031-F032-F033-F034-F035-F036-F037-F038-F039-F040-F041-F042-F043-F044-F045-F046-F047-F048-F049-F050-F051-F052-F053-F054-F055-F056-F057-F058-F059-F060-F061-F062-F063-F064-F065-F066-F067-F068-F069-F070-F071-F072-F073-F074-F075-F076-F077-F078-F079-F080-F081-F082-F083-F084-F085-F086-F087-F088-F089-F090-F091-F092-F093-F094-F095-F096-F097-F098-F099-F100-F101-F102-F103-F104-F105-F106-F107-F108-F109-F110-F111-F112-F113-F114-F115-F116-F117-F118-F119-F120-F121-F122-F123-F124-F125-F126-F127-F128-F129-F130-F131-F132-F133-F134-F135-F136-F137-F138-F139-F140-F141-F142-F143-F144-F145-F146-F147-F148-F149-F150-F151-F152-F153-F154-F155-F156-F157-F158-F159-F160-F161-F162-F163-F164-F165-F166-F167-F168-F169-F170-F171-F172-F173-F174-F175-F176-F177-F178-F179-F180-F181-F182-F183-F184-F185-F186-F187-F188-F189-F190-F191-F192-F193-F194-F195-F196-F197-F198-F199-F200-F201-F202-F203-F204-F205-F206-F207-F208-F209-F210-F211-F212-F213-F214-F215-F216-F217-F218-F219-F220-F221-F222-F223-F224-F225-F226-F227-F228-F229-F230-F231-F232-F233-F234-F235-F236-F237-F238-F239-F240-F241-F242-F243-F244-F245-F246-F247-F248-F249-F250-F251-F252-F253-F254-F255-F256-F257-F258-F259-F260-F261-F262-F263-F264-F265-F266-F267-F268-F269-F270-F271-F272-F273-F274-F275-F276-F277-F278-F279-F280-F281-F282-F283-F284-F285-F286-F287-F288-F289-F290-F291-F292-F293-F294-F295-F296-F297-F298-F299-F300-F301-F302-F303-F304-F305-F306-F307-F308-F309-F310-F311-F312-F313-F314-F315-F316-F317-F318-F319-F320-F321-F322-F323-F324-F325-F326-F327-F328-F329-F330-F331-F332-F333-F334-F335-F336-F337-F338-F339-F340-F341-F342-F343-F344-F345-F346-F347-F348-F349-F350-F351-F352-F353-F354-F355-F356-F357-F358-F359-F360-F361-F362-F363-F364-F365-F366-F367-F368-F369-F370-F371-F372-F373-F374-F375-F376-F377-F378-F379-F380-F381-F382-F383-F384-F385-F386-F387-F388-F389-F390-F391-F392-F393-F394-F395-F396-F397-F398-F399-F400-F401-F402-F403-F404-F405-F406-F407-F408-F409-F410-F411-F412-F413-F414-F415-F416-F417-F418-F419-F420-F421-F422-F423-F424-F425-F426-F427-F428-F429-F430-F431-F432-F433-F434-F435-F436-F437-F438-F439-F440-F441-F442-F443-F444-F445-F446-F447-F448-F449-F450-F451-F452-F453-F454-F455-F456-F457-F458-F459-F460-F461-F462-F463-F464-F465-F466-F467-F468-F469-F470-F471-F472-F473-F474-F475-F476-F477-F478-F479-F480-F481-F482-F483-F484-F485-F486-F487-F488-F489-F490-F491-F492-F493-F494-F495-F496-T505-F507-F508-F509-F510-F512

## Summary

Number of input bits: 512  
Number of free input bits: 10  
Number of output bits: 160

Number of direct occurrences: 41586  
Number of assignments: 31334  
Number of operations: 11663115
(xor: 11634104,
and: 15746,
or: 13265)

Total complexity: 4.054328034975231 × 10^304

Least occurring input variable: iv_499 (3945)  
Most occurring input variable: iv_511 (4412)

Most co-occurring input variables: iv_497-iv_501 (2156)  
Least co-occurring input variables: iv_499-iv_500 (1781)

Potentially most occurring input variable: iv_503/iv_511 (4648)  
Potentially least occurring input variable: iv_502/iv_506 (4167)

Least output occurring input variable: iv_502 (65)  
Most output occurring input variable: iv_501 (94)

Most output co-occurring input variables: iv_497-iv_501 (58)  
Least output co-occurring input variables: iv_502-iv_504 (28)

Potentially most output occurring input variable: iv_499/iv_500 (95)  
Potentially least output occurring input variable: iv_500/iv_511 (65)

Least complex input bit: iv_511 (3.50417037787285 × 10^299)  
Most complex input bit: iv_504 (1.2954163852926483 × 10^304)

Least complex output bit: aaa_76_29 (1.568924502045332 × 10^279)  
Most complex output bit: ov_001 (6.338051872771552 × 10^303)

Least complex input/output complexity: iv_511/aaa_76_29 (1.356027119107976 × 10^274)  
Most complex input/output complexity: iv_504/ov_001 (2.0250991473789768 × 10^303)

## Input Bits

### Input Bits in Regular Order

| Input Bit | Complexity | Occurrences | Output Occurrences |
|:---------:|:----------:|:-----------:|:------------------:|
| iv_497 | 3.398844586029627 × 10^302 | 4349 | 88 |
| iv_498 | 7.168100202987932 × 10^302 | 4110 | 80 |
| iv_499 | 1.3415955584752455 × 10^303 | 3945 | 91 |
| iv_500 | 2.381540344765829 × 10^303 | 4072 | 70 |
| iv_501 | 4.086370771549486 × 10^303 | 4278 | 94 |
| iv_502 | 6.814476127182335 × 10^303 | 3999 | 65 |
| iv_503 | 1.1067787148730975 × 10^304 | 4200 | 72 |
| iv_504 | 1.2954163852926483 × 10^304 | 4059 | 71 |
| iv_506 | 8.403016501824318 × 10^302 | 4162 | 82 |
| iv_511 | 3.50417037787285 × 10^299 | 4412 | 87 |

### Input Bits Sorted by Complexity

| Input Bit | Complexity | Occurrences | Output Occurrences |
|:---------:|:----------:|:-----------:|:------------------:|
| iv_511 | 3.50417037787285 × 10^299 | 4412 | 87 |
| iv_497 | 3.398844586029627 × 10^302 | 4349 | 88 |
| iv_498 | 7.168100202987932 × 10^302 | 4110 | 80 |
| iv_506 | 8.403016501824318 × 10^302 | 4162 | 82 |
| iv_499 | 1.3415955584752455 × 10^303 | 3945 | 91 |
| iv_500 | 2.381540344765829 × 10^303 | 4072 | 70 |
| iv_501 | 4.086370771549486 × 10^303 | 4278 | 94 |
| iv_502 | 6.814476127182335 × 10^303 | 3999 | 65 |
| iv_503 | 1.1067787148730975 × 10^304 | 4200 | 72 |
| iv_504 | 1.2954163852926483 × 10^304 | 4059 | 71 |

### Input Bits Sorted by Occurrences

| Input Bit | Complexity | Occurrences | Output Occurrences |
|:---------:|:----------:|:-----------:|:------------------:|
| iv_499 | 1.3415955584752455 × 10^303 | 3945 | 91 |
| iv_502 | 6.814476127182335 × 10^303 | 3999 | 65 |
| iv_504 | 1.2954163852926483 × 10^304 | 4059 | 71 |
| iv_500 | 2.381540344765829 × 10^303 | 4072 | 70 |
| iv_498 | 7.168100202987932 × 10^302 | 4110 | 80 |
| iv_506 | 8.403016501824318 × 10^302 | 4162 | 82 |
| iv_503 | 1.1067787148730975 × 10^304 | 4200 | 72 |
| iv_501 | 4.086370771549486 × 10^303 | 4278 | 94 |
| iv_497 | 3.398844586029627 × 10^302 | 4349 | 88 |
| iv_511 | 3.50417037787285 × 10^299 | 4412 | 87 |

### Input Bits Sorted by Output Occurrences

| Input Bit | Complexity | Occurrences | Output Occurrences |
|:---------:|:----------:|:-----------:|:------------------:|
| iv_502 | 6.814476127182335 × 10^303 | 3999 | 65 |
| iv_500 | 2.381540344765829 × 10^303 | 4072 | 70 |
| iv_504 | 1.2954163852926483 × 10^304 | 4059 | 71 |
| iv_503 | 1.1067787148730975 × 10^304 | 4200 | 72 |
| iv_498 | 7.168100202987932 × 10^302 | 4110 | 80 |
| iv_506 | 8.403016501824318 × 10^302 | 4162 | 82 |
| iv_511 | 3.50417037787285 × 10^299 | 4412 | 87 |
| iv_497 | 3.398844586029627 × 10^302 | 4349 | 88 |
| iv_499 | 1.3415955584752455 × 10^303 | 3945 | 91 |
| iv_501 | 4.086370771549486 × 10^303 | 4278 | 94 |

## Input Bit Co-occurrences

### Input Bit Co-occurrences Sorted by Co-occurrences

| Input Bits | Co-occurrences | Potential Occurrences | Output Co-occurrences | Potential Output Occurrences |
|:----------:|:--------------:|:---------------------:|:---------------------:|:----------------------------:|
| iv_497-iv_501 | 2156 | 4315 | 58 | 66 |
| iv_497-iv_511 | 2096 | 4569 | 49 | 77 |
| iv_501-iv_511 | 2089 | 4512 | 48 | 85 |
| iv_497-iv_504 | 2075 | 4258 | 43 | 73 |
| iv_497-iv_500 | 2070 | 4281 | 40 | 78 |
| iv_497-iv_503 | 2044 | 4461 | 38 | 84 |
| iv_506-iv_511 | 2040 | 4494 | 43 | 83 |
| iv_497-iv_506 | 2039 | 4433 | 44 | 82 |
| iv_501-iv_506 | 2020 | 4400 | 47 | 82 |
| iv_497-iv_498 | 2018 | 4423 | 51 | 66 |

### Input Bit Co-occurrences Sorted by Potential Occurrences

| Input Bits | Co-occurrences | Potential Occurrences | Output Co-occurrences | Potential Output Occurrences |
|:----------:|:--------------:|:---------------------:|:---------------------:|:----------------------------:|
| iv_502-iv_506 | 1997 | 4167 | 34 | 79 |
| iv_498-iv_500 | 1994 | 4194 | 35 | 80 |
| iv_497-iv_504 | 2075 | 4258 | 43 | 73 |
| iv_500-iv_502 | 1902 | 4267 | 31 | 73 |
| iv_499-iv_504 | 1868 | 4268 | 41 | 80 |
| iv_499-iv_506 | 1918 | 4271 | 49 | 75 |
| iv_497-iv_500 | 2070 | 4281 | 40 | 78 |
| iv_499-iv_501 | 1964 | 4295 | 54 | 77 |
| iv_501-iv_502 | 1986 | 4305 | 39 | 81 |
| iv_498-iv_504 | 1928 | 4313 | 38 | 75 |

### Input Bit Output Co-occurrences Sorted by Output Co-occurrences

| Input Bits | Co-occurrences | Potential Occurrences | Output Co-occurrences | Potential Output Occurrences |
|:----------:|:--------------:|:---------------------:|:---------------------:|:----------------------------:|
| iv_497-iv_501 | 2156 | 4315 | 58 | 66 |
| iv_499-iv_501 | 1964 | 4295 | 54 | 77 |
| iv_498-iv_501 | 1992 | 4404 | 53 | 68 |
| iv_497-iv_498 | 2018 | 4423 | 51 | 66 |
| iv_497-iv_499 | 1972 | 4350 | 50 | 79 |
| iv_499-iv_506 | 1918 | 4271 | 49 | 75 |
| iv_497-iv_511 | 2096 | 4569 | 49 | 77 |
| iv_501-iv_511 | 2089 | 4512 | 48 | 85 |
| iv_501-iv_506 | 2020 | 4400 | 47 | 82 |
| iv_500-iv_511 | 2003 | 4478 | 46 | 65 |

### Input Bit Output Co-occurrences Sorted by Potential Output Occurrences

| Input Bits | Co-occurrences | Potential Occurrences | Output Co-occurrences | Potential Output Occurrences |
|:----------:|:--------------:|:---------------------:|:---------------------:|:----------------------------:|
| iv_500-iv_511 | 2003 | 4478 | 46 | 65 |
| iv_497-iv_501 | 2156 | 4315 | 58 | 66 |
| iv_497-iv_498 | 2018 | 4423 | 51 | 66 |
| iv_498-iv_501 | 1992 | 4404 | 53 | 68 |
| iv_497-iv_502 | 2008 | 4332 | 41 | 71 |
| iv_498-iv_506 | 1913 | 4446 | 45 | 72 |
| iv_500-iv_503 | 1929 | 4414 | 35 | 72 |
| iv_497-iv_504 | 2075 | 4258 | 43 | 73 |
| iv_500-iv_502 | 1902 | 4267 | 31 | 73 |
| iv_500-iv_504 | 1871 | 4389 | 34 | 73 |

## Output Bits

### Output Bits in Regular Order

| Rank | Output Bit | Complexity |
|:----:|:----------:|:----------:|
| 1 | ov_001 | 6.338051872771552 × 10^303 |
| 2 | ov_002 | 5.515181012950001 × 10^303 |
| 3 | ov_003 | 4.776418214888461 × 10^303 |
| 4 | ov_004 | 4.115459596186562 × 10^303 |
| 5 | ov_005 | 3.526346555914352 × 10^303 |
| 6 | ov_006 | 3.003440890426066 × 10^303 |
| 7 | ov_007 | 2.5414031830194247 × 10^303 |
| 8 | ov_008 | 2.1351742638506495 × 10^303 |
| 9 | ov_009 | 1.7799594872776392 × 10^303 |
| 10 | ov_010 | 1.471215527504247 × 10^303 |
| 11 | ov_011 | 1.204639390030566 × 10^303 |
| 12 | ov_012 | 9.761593537620796 × 10^302 |
| 13 | ov_013 | 7.819275756429888 × 10^302 |
| 14 | ov_014 | 6.183141064299296 × 10^302 |
| 15 | ov_015 | 4.819020827717966 × 10^302 |
| 16 | ov_016 | 3.6948388877821884 × 10^302 |
| 17 | ov_017 | 2.7805811978169747 × 10^302 |
| 18 | ov_018 | 2.048272068026038 × 10^302 |
| 19 | ov_019 | 1.4719558093958665 × 10^302 |
| 20 | ov_020 | 1.0276828619038041 × 10^302 |
| 21 | ov_021 | 6.934996786267588 × 10^301 |
| 22 | ov_022 | 4.4944166174657164 × 10^301 |
| 23 | ov_023 | 2.7752841486335423 × 10^301 |
| 24 | ov_024 | 1.617606562702556 × 10^301 |
| 25 | ov_025 | 8.811832992795784 × 10^300 |
| 26 | ov_026 | 4.455957052824783 × 10^300 |
| 27 | ov_027 | 2.1020216476537192 × 10^300 |
| 28 | ov_028 | 9.413617836344082 × 10^299 |
| 29 | ov_029 | 3.6305745005635098 × 10^299 |
| 30 | ov_030 | 1.1108456617927642 × 10^299 |
| 31 | ov_031 | 2.1685532721146312 × 10^298 |
| 32 | lv_80_m31 | 4.231997334409414 × 10^297 |
| 33 | ov_033 | 5.058516248714934 × 10^298 |
| 34 | ov_034 | 4.398005351018758 × 10^298 |
| 35 | ov_035 | 3.8053079317388703 × 10^298 |
| 36 | ov_036 | 3.274081756218023 × 10^298 |
| 37 | ov_037 | 2.798327418002415 × 10^298 |
| 38 | ov_038 | 2.3751276845262347 × 10^298 |
| 39 | ov_039 | 1.999099560435104 × 10^298 |
| 40 | ov_040 | 1.6676235695743788 × 10^298 |
| 41 | ov_041 | 1.3782160140899735 × 10^298 |
| 42 | ov_042 | 1.1285219709131912 × 10^298 |
| 43 | ov_043 | 9.163094126911892 × 10^297 |
| 44 | ov_044 | 7.374643092139447 × 10^297 |
| 45 | ov_045 | 5.880973799422545 × 10^297 |
| 46 | ov_046 | 4.645382406183896 × 10^297 |
| 47 | ov_047 | 3.633307520409112 × 10^297 |
| 48 | ov_048 | 2.812293779284431 × 10^297 |
| 49 | ov_049 | 2.1519637317560172 × 10^297 |
| 50 | ov_050 | 1.6239963813857108 × 10^297 |
| 51 | ov_051 | 1.2021109648302752 × 10^297 |
| 52 | ov_052 | 8.736754183127306 × 10^296 |
| 53 | ov_053 | 6.164567425589615 × 10^296 |
| 54 | ov_054 | 4.198424536372501 × 10^296 |
| 55 | ov_055 | 2.742258348427727 × 10^296 |
| 56 | ov_056 | 1.7100455381123656 × 10^296 |
| 57 | ov_057 | 1.0257983385219295 × 10^296 |
| 58 | ov_058 | 5.676310973996047 × 10^295 |
| 59 | ov_059 | 2.796151358500393 × 10^295 |
| 60 | ov_060 | 1.1584892455892021 × 10^295 |
| 61 | ov_061 | 4.045766714746681 × 10^294 |
| 62 | ov_062 | 1.1095649547503685 × 10^294 |
| 63 | ov_063 | 2.162017506438106 × 10^293 |
| 64 | lv_79_m31 | 4.2117583628775935 × 10^292 |
| 65 | ov_065 | 5.015551134754003 × 10^293 |
| 66 | ov_066 | 5.015536459407238 × 10^293 |
| 67 | ov_067 | 5.015532934631661 × 10^293 |
| 68 | ov_068 | 4.3395606663864844 × 10^293 |
| 69 | ov_069 | 3.7351081649951054 × 10^293 |
| 70 | ov_070 | 3.1967852891448587 × 10^293 |
| 71 | ov_071 | 2.719471128099716 × 10^293 |
| 72 | ov_072 | 2.2982952917276012 × 10^293 |
| 73 | ov_073 | 1.928622364262049 × 10^293 |
| 74 | ov_074 | 1.6060391536164317 × 10^293 |
| 75 | ov_075 | 1.3263443874729172 × 10^293 |
| 76 | ov_076 | 1.0855405260491845 × 10^293 |
| 77 | ov_077 | 8.798273795346375 × 10^292 |
| 78 | ov_078 | 7.055972357975563 × 10^292 |
| 79 | ov_079 | 5.594312211919993 × 10^292 |
| 80 | ov_080 | 4.3809663421960456 × 10^292 |
| 81 | ov_081 | 3.38545008493859 × 10^292 |
| 82 | ov_082 | 2.579106779670305 × 10^292 |
| 83 | ov_083 | 1.9350965501730183 × 10^292 |
| 84 | ov_084 | 1.4283871003605353 × 10^292 |
| 85 | ov_085 | 1.0357461308004016 × 10^292 |
| 86 | ov_086 | 7.357352146857951 × 10^291 |
| 87 | ov_087 | 5.087049722694268 × 10^291 |
| 88 | ov_088 | 3.367913828997471 × 10^291 |
| 89 | ov_089 | 2.1150838110421718 × 10^291 |
| 90 | ov_090 | 1.2526065965273409 × 10^291 |
| 91 | ov_091 | 7.134290594747755 × 10^290 |
| 92 | ov_092 | 3.9012782739907264 × 10^290 |
| 93 | ov_093 | 1.930632311496738 × 10^290 |
| 94 | ov_094 | 8.186103328191116 × 10^289 |
| 95 | aaa_78_28 | 2.5037653908502616 × 10^289 |
| 96 | aaa_78_29 | 7.574024369255077 × 10^288 |
| 97 | ov_097 | 3.9575299845878355 × 10^288 |
| 98 | ov_098 | 3.9575035502722344 × 10^288 |
| 99 | ov_099 | 3.9574951133224804 × 10^288 |
| 100 | ov_100 | 3.338048777221681 × 10^288 |
| 101 | ov_101 | 2.794806819044457 × 10^288 |
| 102 | ov_102 | 2.3212271685182766 × 10^288 |
| 103 | ov_103 | 1.9111251649402383 × 10^288 |
| 104 | ov_104 | 1.558647607319569 × 10^288 |
| 105 | ov_105 | 1.2582502349545796 × 10^288 |
| 106 | ov_106 | 1.0046783179865522 × 10^288 |
| 107 | ov_107 | 7.929500540121147 × 10^287 |
| 108 | ov_108 | 6.183424827899774 × 10^287 |
| 109 | ov_109 | 4.763796465631435 × 10^287 |
| 110 | ov_110 | 3.628227386329789 × 10^287 |
| 111 | ov_111 | 2.736619976511188 × 10^287 |
| 112 | ov_112 | 2.0511011970931768 × 10^287 |
| 113 | ov_113 | 1.5359697476315255 × 10^287 |
| 114 | ov_114 | 1.1576542826803175 × 10^287 |
| 115 | ov_115 | 8.846808316948361 × 10^286 |
| 116 | ov_116 | 6.876477159918053 × 10^286 |
| 117 | ov_117 | 5.392063980153695 × 10^286 |
| 118 | ov_118 | 4.140469910594822 × 10^286 |
| 119 | ov_119 | 3.1014898511541313 × 10^286 |
| 120 | ov_120 | 2.2549675980829254 × 10^286 |
| 121 | ov_121 | 1.5807775043017092 × 10^286 |
| 122 | ov_122 | 1.058812678008566 × 10^286 |
| 123 | ov_123 | 6.689772211975521 × 10^285 |
| 124 | ov_124 | 3.911809941722691 × 10^285 |
| 125 | ov_125 | 2.0533637215508874 × 10^285 |
| 126 | ov_126 | 9.13565908594594 × 10^284 |
| 127 | aaa_77_28 | 2.9155111436605148 × 10^284 |
| 128 | aaa_77_29 | 1.0920642397566489 × 10^284 |
| 129 | ov_129 | 1.0069616651435645 × 10^284 |
| 130 | ov_130 | 1.0069586103739224 × 10^284 |
| 131 | ov_131 | 1.006957872082382 × 10^284 |
| 132 | ov_132 | 8.715019110420415 × 10^283 |
| 133 | ov_133 | 7.504110796640416 × 10^283 |
| 134 | ov_134 | 6.425846298545761 × 10^283 |
| 135 | ov_135 | 5.46980468940104 × 10^283 |
| 136 | ov_136 | 4.626109713966867 × 10^283 |
| 137 | ov_137 | 3.885393799833688 × 10^283 |
| 138 | ov_138 | 3.2387673910391193 × 10^283 |
| 139 | ov_139 | 2.6777930613556794 × 10^283 |
| 140 | ov_140 | 2.1944638929715336 × 10^283 |
| 141 | ov_141 | 1.7811856339950468 × 10^283 |
| 142 | ov_142 | 1.430762175443031 × 10^283 |
| 143 | ov_143 | 1.1363839152420857 × 10^283 |
| 144 | ov_144 | 8.916186033769482 × 10^282 |
| 145 | ov_145 | 6.904042887331276 × 10^282 |
| 146 | ov_146 | 5.270440144597121 × 10^282 |
| 147 | ov_147 | 3.9620193486445705 × 10^282 |
| 148 | ov_148 | 2.92900552978168 × 10^282 |
| 149 | ov_149 | 2.1251880401083435 × 10^282 |
| 150 | ov_150 | 1.507907482718426 × 10^282 |
| 151 | ov_151 | 1.0380469841299492 × 10^282 |
| 152 | ov_152 | 6.800266224951302 × 10^281 |
| 153 | ov_153 | 4.1694014483614304 × 10^281 |
| 154 | ov_154 | 2.3364749977274652 × 10^281 |
| 155 | ov_155 | 1.1677416313963137 × 10^281 |
| 156 | aaa_76_25 | 4.486634509769166 × 10^280 |
| 157 | aaa_76_26 | 2.590446840342378 × 10^280 |
| 158 | aaa_76_27 | 1.3257402329803448 × 10^280 |
| 159 | aaa_76_28 | 5.160370553601767 × 10^279 |
| 160 | aaa_76_29 | 1.568924502045332 × 10^279 |

### Output Bits Sorted by Complexity

| Rank | Output Bit | Complexity |
|:----:|:----------:|:----------:|
| 160 | aaa_76_29 | 1.568924502045332 × 10^279 |
| 159 | aaa_76_28 | 5.160370553601767 × 10^279 |
| 158 | aaa_76_27 | 1.3257402329803448 × 10^280 |
| 157 | aaa_76_26 | 2.590446840342378 × 10^280 |
| 156 | aaa_76_25 | 4.486634509769166 × 10^280 |
| 155 | ov_155 | 1.1677416313963137 × 10^281 |
| 154 | ov_154 | 2.3364749977274652 × 10^281 |
| 153 | ov_153 | 4.1694014483614304 × 10^281 |
| 152 | ov_152 | 6.800266224951302 × 10^281 |
| 151 | ov_151 | 1.0380469841299492 × 10^282 |
| 150 | ov_150 | 1.507907482718426 × 10^282 |
| 149 | ov_149 | 2.1251880401083435 × 10^282 |
| 148 | ov_148 | 2.92900552978168 × 10^282 |
| 147 | ov_147 | 3.9620193486445705 × 10^282 |
| 146 | ov_146 | 5.270440144597121 × 10^282 |
| 145 | ov_145 | 6.904042887331276 × 10^282 |
| 144 | ov_144 | 8.916186033769482 × 10^282 |
| 143 | ov_143 | 1.1363839152420857 × 10^283 |
| 142 | ov_142 | 1.430762175443031 × 10^283 |
| 141 | ov_141 | 1.7811856339950468 × 10^283 |
| 140 | ov_140 | 2.1944638929715336 × 10^283 |
| 139 | ov_139 | 2.6777930613556794 × 10^283 |
| 138 | ov_138 | 3.2387673910391193 × 10^283 |
| 137 | ov_137 | 3.885393799833688 × 10^283 |
| 136 | ov_136 | 4.626109713966867 × 10^283 |
| 135 | ov_135 | 5.46980468940104 × 10^283 |
| 134 | ov_134 | 6.425846298545761 × 10^283 |
| 133 | ov_133 | 7.504110796640416 × 10^283 |
| 132 | ov_132 | 8.715019110420415 × 10^283 |
| 131 | ov_131 | 1.006957872082382 × 10^284 |
| 130 | ov_130 | 1.0069586103739224 × 10^284 |
| 129 | ov_129 | 1.0069616651435645 × 10^284 |
| 128 | aaa_77_29 | 1.0920642397566489 × 10^284 |
| 127 | aaa_77_28 | 2.9155111436605148 × 10^284 |
| 126 | ov_126 | 9.13565908594594 × 10^284 |
| 125 | ov_125 | 2.0533637215508874 × 10^285 |
| 124 | ov_124 | 3.911809941722691 × 10^285 |
| 123 | ov_123 | 6.689772211975521 × 10^285 |
| 122 | ov_122 | 1.058812678008566 × 10^286 |
| 121 | ov_121 | 1.5807775043017092 × 10^286 |
| 120 | ov_120 | 2.2549675980829254 × 10^286 |
| 119 | ov_119 | 3.1014898511541313 × 10^286 |
| 118 | ov_118 | 4.140469910594822 × 10^286 |
| 117 | ov_117 | 5.392063980153695 × 10^286 |
| 116 | ov_116 | 6.876477159918053 × 10^286 |
| 115 | ov_115 | 8.846808316948361 × 10^286 |
| 114 | ov_114 | 1.1576542826803175 × 10^287 |
| 113 | ov_113 | 1.5359697476315255 × 10^287 |
| 112 | ov_112 | 2.0511011970931768 × 10^287 |
| 111 | ov_111 | 2.736619976511188 × 10^287 |
| 110 | ov_110 | 3.628227386329789 × 10^287 |
| 109 | ov_109 | 4.763796465631435 × 10^287 |
| 108 | ov_108 | 6.183424827899774 × 10^287 |
| 107 | ov_107 | 7.929500540121147 × 10^287 |
| 106 | ov_106 | 1.0046783179865522 × 10^288 |
| 105 | ov_105 | 1.2582502349545796 × 10^288 |
| 104 | ov_104 | 1.558647607319569 × 10^288 |
| 103 | ov_103 | 1.9111251649402383 × 10^288 |
| 102 | ov_102 | 2.3212271685182766 × 10^288 |
| 101 | ov_101 | 2.794806819044457 × 10^288 |
| 100 | ov_100 | 3.338048777221681 × 10^288 |
| 99 | ov_099 | 3.9574951133224804 × 10^288 |
| 98 | ov_098 | 3.9575035502722344 × 10^288 |
| 97 | ov_097 | 3.9575299845878355 × 10^288 |
| 96 | aaa_78_29 | 7.574024369255077 × 10^288 |
| 95 | aaa_78_28 | 2.5037653908502616 × 10^289 |
| 94 | ov_094 | 8.186103328191116 × 10^289 |
| 93 | ov_093 | 1.930632311496738 × 10^290 |
| 92 | ov_092 | 3.9012782739907264 × 10^290 |
| 91 | ov_091 | 7.134290594747755 × 10^290 |
| 90 | ov_090 | 1.2526065965273409 × 10^291 |
| 89 | ov_089 | 2.1150838110421718 × 10^291 |
| 88 | ov_088 | 3.367913828997471 × 10^291 |
| 87 | ov_087 | 5.087049722694268 × 10^291 |
| 86 | ov_086 | 7.357352146857951 × 10^291 |
| 85 | ov_085 | 1.0357461308004016 × 10^292 |
| 84 | ov_084 | 1.4283871003605353 × 10^292 |
| 83 | ov_083 | 1.9350965501730183 × 10^292 |
| 82 | ov_082 | 2.579106779670305 × 10^292 |
| 81 | ov_081 | 3.38545008493859 × 10^292 |
| 64 | lv_79_m31 | 4.2117583628775935 × 10^292 |
| 80 | ov_080 | 4.3809663421960456 × 10^292 |
| 79 | ov_079 | 5.594312211919993 × 10^292 |
| 78 | ov_078 | 7.055972357975563 × 10^292 |
| 77 | ov_077 | 8.798273795346375 × 10^292 |
| 76 | ov_076 | 1.0855405260491845 × 10^293 |
| 75 | ov_075 | 1.3263443874729172 × 10^293 |
| 74 | ov_074 | 1.6060391536164317 × 10^293 |
| 73 | ov_073 | 1.928622364262049 × 10^293 |
| 63 | ov_063 | 2.162017506438106 × 10^293 |
| 72 | ov_072 | 2.2982952917276012 × 10^293 |
| 71 | ov_071 | 2.719471128099716 × 10^293 |
| 70 | ov_070 | 3.1967852891448587 × 10^293 |
| 69 | ov_069 | 3.7351081649951054 × 10^293 |
| 68 | ov_068 | 4.3395606663864844 × 10^293 |
| 67 | ov_067 | 5.015532934631661 × 10^293 |
| 66 | ov_066 | 5.015536459407238 × 10^293 |
| 65 | ov_065 | 5.015551134754003 × 10^293 |
| 62 | ov_062 | 1.1095649547503685 × 10^294 |
| 61 | ov_061 | 4.045766714746681 × 10^294 |
| 60 | ov_060 | 1.1584892455892021 × 10^295 |
| 59 | ov_059 | 2.796151358500393 × 10^295 |
| 58 | ov_058 | 5.676310973996047 × 10^295 |
| 57 | ov_057 | 1.0257983385219295 × 10^296 |
| 56 | ov_056 | 1.7100455381123656 × 10^296 |
| 55 | ov_055 | 2.742258348427727 × 10^296 |
| 54 | ov_054 | 4.198424536372501 × 10^296 |
| 53 | ov_053 | 6.164567425589615 × 10^296 |
| 52 | ov_052 | 8.736754183127306 × 10^296 |
| 51 | ov_051 | 1.2021109648302752 × 10^297 |
| 50 | ov_050 | 1.6239963813857108 × 10^297 |
| 49 | ov_049 | 2.1519637317560172 × 10^297 |
| 48 | ov_048 | 2.812293779284431 × 10^297 |
| 47 | ov_047 | 3.633307520409112 × 10^297 |
| 32 | lv_80_m31 | 4.231997334409414 × 10^297 |
| 46 | ov_046 | 4.645382406183896 × 10^297 |
| 45 | ov_045 | 5.880973799422545 × 10^297 |
| 44 | ov_044 | 7.374643092139447 × 10^297 |
| 43 | ov_043 | 9.163094126911892 × 10^297 |
| 42 | ov_042 | 1.1285219709131912 × 10^298 |
| 41 | ov_041 | 1.3782160140899735 × 10^298 |
| 40 | ov_040 | 1.6676235695743788 × 10^298 |
| 39 | ov_039 | 1.999099560435104 × 10^298 |
| 31 | ov_031 | 2.1685532721146312 × 10^298 |
| 38 | ov_038 | 2.3751276845262347 × 10^298 |
| 37 | ov_037 | 2.798327418002415 × 10^298 |
| 36 | ov_036 | 3.274081756218023 × 10^298 |
| 35 | ov_035 | 3.8053079317388703 × 10^298 |
| 34 | ov_034 | 4.398005351018758 × 10^298 |
| 33 | ov_033 | 5.058516248714934 × 10^298 |
| 30 | ov_030 | 1.1108456617927642 × 10^299 |
| 29 | ov_029 | 3.6305745005635098 × 10^299 |
| 28 | ov_028 | 9.413617836344082 × 10^299 |
| 27 | ov_027 | 2.1020216476537192 × 10^300 |
| 26 | ov_026 | 4.455957052824783 × 10^300 |
| 25 | ov_025 | 8.811832992795784 × 10^300 |
| 24 | ov_024 | 1.617606562702556 × 10^301 |
| 23 | ov_023 | 2.7752841486335423 × 10^301 |
| 22 | ov_022 | 4.4944166174657164 × 10^301 |
| 21 | ov_021 | 6.934996786267588 × 10^301 |
| 20 | ov_020 | 1.0276828619038041 × 10^302 |
| 19 | ov_019 | 1.4719558093958665 × 10^302 |
| 18 | ov_018 | 2.048272068026038 × 10^302 |
| 17 | ov_017 | 2.7805811978169747 × 10^302 |
| 16 | ov_016 | 3.6948388877821884 × 10^302 |
| 15 | ov_015 | 4.819020827717966 × 10^302 |
| 14 | ov_014 | 6.183141064299296 × 10^302 |
| 13 | ov_013 | 7.819275756429888 × 10^302 |
| 12 | ov_012 | 9.761593537620796 × 10^302 |
| 11 | ov_011 | 1.204639390030566 × 10^303 |
| 10 | ov_010 | 1.471215527504247 × 10^303 |
| 9 | ov_009 | 1.7799594872776392 × 10^303 |
| 8 | ov_008 | 2.1351742638506495 × 10^303 |
| 7 | ov_007 | 2.5414031830194247 × 10^303 |
| 6 | ov_006 | 3.003440890426066 × 10^303 |
| 5 | ov_005 | 3.526346555914352 × 10^303 |
| 4 | ov_004 | 4.115459596186562 × 10^303 |
| 3 | ov_003 | 4.776418214888461 × 10^303 |
| 2 | ov_002 | 5.515181012950001 × 10^303 |
| 1 | ov_001 | 6.338051872771552 × 10^303 |

