# Results for F001-F002-F003-F004-F005-F006-F007-F008-F009-F010-F011-F012-F013-F014-F015-F016-F017-F018-F019-F020-F021-F022-F023-F024-F025-F026-F027-F028-F029-F030-F031-F032-F033-F034-F035-F036-F037-F038-F039-F040-F041-F042-F043-F044-F045-F046-F047-F048-F049-F050-F051-F052-F053-F054-F055-F056-F057-F058-F059-F060-F061-F062-F063-F064-F065-F066-F067-F068-F069-F070-F071-F072-F073-F074-F075-F076-F077-F078-F079-F080-F081-F082-F083-F084-F085-F086-F087-F088-F089-F090-F091-F092-F093-F094-F095-F096-F097-F098-F099-F100-F101-F102-F103-F104-F105-F106-F107-F108-F109-F110-F111-F112-F113-F114-F115-F116-F117-F118-F119-F120-F121-F122-F123-F124-F125-F126-F127-F128-F129-F130-F131-F132-F133-F134-F135-F136-F137-F138-F139-F140-F141-F142-F143-F144-F145-F146-F147-F148-F149-F150-F151-F152-F153-F154-F155-F156-F157-F158-F159-F160-F161-F162-F163-F164-F165-F166-F167-F168-F169-F170-F171-F172-F173-F174-F175-F176-F177-F178-F179-F180-F181-F182-F183-F184-F185-F186-F187-F188-F189-F190-F191-F192-F193-F194-F195-F196-F197-F198-F199-F200-F201-F202-F203-F204-F205-F206-F207-F208-F209-F210-F211-F212-F213-F214-F215-F216-F217-F218-F219-F220-F221-F222-F223-F224-F225-F226-F227-F228-F229-F230-F231-F232-F233-F234-F235-F236-F237-F238-F239-F240-F241-F242-F243-F244-F245-F246-F247-F248-F249-F250-F251-F252-F253-F254-F255-F256-F257-F258-F259-F260-F261-F262-F263-F264-F265-F266-F267-F268-F269-F270-F271-F272-F273-F274-F275-F276-F277-F278-F279-F280-F281-F282-F283-F284-F285-F286-F287-F288-F289-F290-F291-F292-F293-F294-F295-F296-F297-F298-F299-F300-F301-F302-F303-F304-F305-F306-F307-F308-F309-F310-F311-F312-F313-F314-F315-F316-F317-F318-F319-F320-F321-F322-F323-F324-F325-F326-F327-F328-F329-F330-F331-F332-F333-F334-F335-F336-F337-F338-F339-F340-F341-F342-F343-F344-F345-F346-F347-F348-F349-F350-F351-F352-F353-F354-F355-F356-F357-F358-F359-F360-F361-F362-F363-F364-F365-F366-F367-F368-F369-F370-F371-F372-F373-F374-F375-F376-F377-F378-F379-F380-F381-F382-F383-F384-F385-F386-F387-F388-F389-F390-F391-F392-F393-F394-F395-F396-F397-F398-F399-F400-F401-F402-F403-F404-F405-F406-F407-F408-F409-F410-F411-F412-F413-F414-F415-F416-F417-F418-F419-F420-F421-F422-F423-F424-F425-F426-F427-F428-F429-F430-F431-F432-F433-F434-F435-F436-F437-F438-F439-F440-F441-F442-F443-F444-F445-F446-F447-F448-F449-F450-F451-F452-F453-F454-F455-F456-F457-F458-F459-F460-F461-F462-F463-F464-F465-F466-F467-F468-F469-F470-F471-F472-F473-F474-F475-F476-F477-F478-F479-F480-F481-F482-F483-F484-F485-F486-F487-F488-F489-F490-F491-F492-F493-F494-F495-F496-F499-T505-F509-F510-F511-F512

## Summary

Number of input bits: 512  
Number of free input bits: 10  
Number of output bits: 160

Number of direct occurrences: 40966  
Number of assignments: 31189  
Number of operations: 11425028
(xor: 11396418,
and: 15339,
or: 13271)

Total complexity: 1.1980792133773986 × 10^303

Least occurring input variable: iv_498 (3909)  
Most occurring input variable: iv_508 (4277)

Most co-occurring input variables: iv_497-iv_507 (2102)  
Least co-occurring input variables: iv_498-iv_502 (1744)

Potentially most occurring input variable: iv_497/iv_508 (4587)  
Potentially least occurring input variable: iv_497/iv_507 (4196)

Least output occurring input variable: iv_507 (73)  
Most output occurring input variable: iv_497 (88)

Most output co-occurring input variables: iv_497-iv_502 (49)  
Least output co-occurring input variables: iv_500-iv_506 (25)

Potentially most output occurring input variable: iv_500/iv_506 (98)  
Potentially least output occurring input variable: iv_500/iv_502 (66)

Least complex input bit: iv_497 (5.709377415051254 × 10^300)  
Most complex input bit: iv_508 (2.6707329202579983 × 10^302)

Least complex output bit: aaa_76_29 (5.135333625246981 × 10^277)  
Most complex output bit: ov_001 (1.9165256253934321 × 10^302)

Least complex input/output complexity: iv_497/aaa_76_29 (2.447213630898929 × 10^275)  
Most complex input/output complexity: iv_508/ov_001 (4.272278513060162 × 10^301)

## Input Bits

### Input Bits in Regular Order

| Input Bit | Complexity | Occurrences | Output Occurrences |
|:---------:|:----------:|:-----------:|:------------------:|
| iv_497 | 5.709377415051254 × 10^300 | 4178 | 88 |
| iv_498 | 1.1349803701803377 × 10^301 | 3909 | 73 |
| iv_500 | 3.3107540394008066 × 10^301 | 4044 | 75 |
| iv_501 | 5.411067874342882 × 10^301 | 4099 | 85 |
| iv_502 | 8.66228235959362 × 10^301 | 3917 | 81 |
| iv_503 | 1.3663867730958917 × 10^302 | 4090 | 74 |
| iv_504 | 2.116034059271519 × 10^302 | 4194 | 74 |
| iv_506 | 1.6135099604749548 × 10^302 | 4036 | 73 |
| iv_507 | 2.3051261821713578 × 10^302 | 4222 | 73 |
| iv_508 | 2.6707329202579983 × 10^302 | 4277 | 85 |

### Input Bits Sorted by Complexity

| Input Bit | Complexity | Occurrences | Output Occurrences |
|:---------:|:----------:|:-----------:|:------------------:|
| iv_497 | 5.709377415051254 × 10^300 | 4178 | 88 |
| iv_498 | 1.1349803701803377 × 10^301 | 3909 | 73 |
| iv_500 | 3.3107540394008066 × 10^301 | 4044 | 75 |
| iv_501 | 5.411067874342882 × 10^301 | 4099 | 85 |
| iv_502 | 8.66228235959362 × 10^301 | 3917 | 81 |
| iv_503 | 1.3663867730958917 × 10^302 | 4090 | 74 |
| iv_506 | 1.6135099604749548 × 10^302 | 4036 | 73 |
| iv_504 | 2.116034059271519 × 10^302 | 4194 | 74 |
| iv_507 | 2.3051261821713578 × 10^302 | 4222 | 73 |
| iv_508 | 2.6707329202579983 × 10^302 | 4277 | 85 |

### Input Bits Sorted by Occurrences

| Input Bit | Complexity | Occurrences | Output Occurrences |
|:---------:|:----------:|:-----------:|:------------------:|
| iv_498 | 1.1349803701803377 × 10^301 | 3909 | 73 |
| iv_502 | 8.66228235959362 × 10^301 | 3917 | 81 |
| iv_506 | 1.6135099604749548 × 10^302 | 4036 | 73 |
| iv_500 | 3.3107540394008066 × 10^301 | 4044 | 75 |
| iv_503 | 1.3663867730958917 × 10^302 | 4090 | 74 |
| iv_501 | 5.411067874342882 × 10^301 | 4099 | 85 |
| iv_497 | 5.709377415051254 × 10^300 | 4178 | 88 |
| iv_504 | 2.116034059271519 × 10^302 | 4194 | 74 |
| iv_507 | 2.3051261821713578 × 10^302 | 4222 | 73 |
| iv_508 | 2.6707329202579983 × 10^302 | 4277 | 85 |

### Input Bits Sorted by Output Occurrences

| Input Bit | Complexity | Occurrences | Output Occurrences |
|:---------:|:----------:|:-----------:|:------------------:|
| iv_507 | 2.3051261821713578 × 10^302 | 4222 | 73 |
| iv_498 | 1.1349803701803377 × 10^301 | 3909 | 73 |
| iv_506 | 1.6135099604749548 × 10^302 | 4036 | 73 |
| iv_503 | 1.3663867730958917 × 10^302 | 4090 | 74 |
| iv_504 | 2.116034059271519 × 10^302 | 4194 | 74 |
| iv_500 | 3.3107540394008066 × 10^301 | 4044 | 75 |
| iv_502 | 8.66228235959362 × 10^301 | 3917 | 81 |
| iv_508 | 2.6707329202579983 × 10^302 | 4277 | 85 |
| iv_501 | 5.411067874342882 × 10^301 | 4099 | 85 |
| iv_497 | 5.709377415051254 × 10^300 | 4178 | 88 |

## Input Bit Co-occurrences

### Input Bit Co-occurrences Sorted by Co-occurrences

| Input Bits | Co-occurrences | Potential Occurrences | Output Co-occurrences | Potential Output Occurrences |
|:----------:|:--------------:|:---------------------:|:---------------------:|:----------------------------:|
| iv_497-iv_507 | 2102 | 4196 | 44 | 73 |
| iv_504-iv_507 | 2033 | 4350 | 38 | 71 |
| iv_507-iv_508 | 2031 | 4437 | 39 | 80 |
| iv_504-iv_508 | 2031 | 4409 | 42 | 75 |
| iv_503-iv_504 | 2025 | 4234 | 40 | 68 |
| iv_506-iv_507 | 2024 | 4210 | 34 | 78 |
| iv_501-iv_504 | 2017 | 4259 | 43 | 73 |
| iv_503-iv_508 | 1993 | 4381 | 42 | 75 |
| iv_497-iv_500 | 1985 | 4252 | 42 | 79 |
| iv_503-iv_507 | 1981 | 4350 | 31 | 85 |

### Input Bit Co-occurrences Sorted by Potential Occurrences

| Input Bits | Co-occurrences | Potential Occurrences | Output Co-occurrences | Potential Output Occurrences |
|:----------:|:--------------:|:---------------------:|:---------------------:|:----------------------------:|
| iv_497-iv_507 | 2102 | 4196 | 44 | 73 |
| iv_500-iv_503 | 1968 | 4198 | 38 | 73 |
| iv_506-iv_507 | 2024 | 4210 | 34 | 78 |
| iv_501-iv_502 | 1895 | 4226 | 46 | 74 |
| iv_497-iv_502 | 1933 | 4229 | 49 | 71 |
| iv_503-iv_504 | 2025 | 4234 | 40 | 68 |
| iv_498-iv_506 | 1855 | 4235 | 34 | 78 |
| iv_502-iv_506 | 1855 | 4243 | 32 | 90 |
| iv_498-iv_500 | 1853 | 4247 | 37 | 74 |
| iv_497-iv_500 | 1985 | 4252 | 42 | 79 |

### Input Bit Output Co-occurrences Sorted by Output Co-occurrences

| Input Bits | Co-occurrences | Potential Occurrences | Output Co-occurrences | Potential Output Occurrences |
|:----------:|:--------------:|:---------------------:|:---------------------:|:----------------------------:|
| iv_497-iv_502 | 1933 | 4229 | 49 | 71 |
| iv_497-iv_501 | 1968 | 4341 | 48 | 77 |
| iv_501-iv_502 | 1895 | 4226 | 46 | 74 |
| iv_500-iv_502 | 1849 | 4263 | 45 | 66 |
| iv_497-iv_507 | 2102 | 4196 | 44 | 73 |
| iv_497-iv_508 | 1934 | 4587 | 43 | 87 |
| iv_501-iv_504 | 2017 | 4259 | 43 | 73 |
| iv_501-iv_508 | 1950 | 4476 | 43 | 84 |
| iv_506-iv_508 | 1925 | 4463 | 43 | 72 |
| iv_497-iv_500 | 1985 | 4252 | 42 | 79 |

### Input Bit Output Co-occurrences Sorted by Potential Output Occurrences

| Input Bits | Co-occurrences | Potential Occurrences | Output Co-occurrences | Potential Output Occurrences |
|:----------:|:--------------:|:---------------------:|:---------------------:|:----------------------------:|
| iv_500-iv_502 | 1849 | 4263 | 45 | 66 |
| iv_498-iv_504 | 1904 | 4295 | 40 | 67 |
| iv_500-iv_507 | 1975 | 4316 | 40 | 68 |
| iv_503-iv_504 | 2025 | 4234 | 40 | 68 |
| iv_502-iv_504 | 1879 | 4353 | 42 | 71 |
| iv_504-iv_507 | 2033 | 4350 | 38 | 71 |
| iv_504-iv_506 | 1962 | 4306 | 38 | 71 |
| iv_497-iv_502 | 1933 | 4229 | 49 | 71 |
| iv_506-iv_508 | 1925 | 4463 | 43 | 72 |
| iv_497-iv_507 | 2102 | 4196 | 44 | 73 |

## Output Bits

### Output Bits in Regular Order

| Rank | Output Bit | Complexity |
|:----:|:----------:|:----------:|
| 1 | ov_001 | 1.9165256253934321 × 10^302 |
| 2 | ov_002 | 1.6620135178183107 × 10^302 |
| 3 | ov_003 | 1.4340314305982878 × 10^302 |
| 4 | ov_004 | 1.2305663902152207 × 10^302 |
| 5 | ov_005 | 1.0497154894655513 × 10^302 |
| 6 | ov_006 | 8.89678070258232 × 10^301 |
| 7 | ov_007 | 7.487489092099909 × 10^301 |
| 8 | ov_008 | 6.253123360971938 × 10^301 |
| 9 | ov_009 | 5.178372072934143 × 10^301 |
| 10 | ov_010 | 4.248726475319998 × 10^301 |
| 11 | ov_011 | 3.450444832547935 × 10^301 |
| 12 | ov_012 | 2.7705229613294833 × 10^301 |
| 13 | ov_013 | 2.1966701959041042 × 10^301 |
| 14 | ov_014 | 1.7172900081708699 × 10^301 |
| 15 | ov_015 | 1.3214645584627388 × 10^301 |
| 16 | ov_016 | 9.989425390101872 × 10^300 |
| 17 | ov_017 | 7.401297939876049 × 10^300 |
| 18 | ov_018 | 5.3608224995505674 × 10^300 |
| 19 | ov_019 | 3.785006685656786 × 10^300 |
| 20 | ov_020 | 2.5972677066412355 × 10^300 |
| 21 | ov_021 | 1.7274039774241473 × 10^300 |
| 22 | ov_022 | 1.1115748423317694 × 10^300 |
| 23 | ov_023 | 6.9228665430709374 × 10^299 |
| 24 | ov_024 | 4.183837058759311 × 10^299 |
| 25 | ov_025 | 2.4504275486970446 × 10^299 |
| 26 | ov_026 | 1.3377008448508063 × 10^299 |
| 27 | ov_027 | 6.690097770284493 × 10^298 |
| 28 | ov_028 | 2.993460953866663 × 10^298 |
| 29 | ov_029 | 1.1533908537259428 × 10^298 |
| 30 | ov_030 | 3.525517103146772 × 10^297 |
| 31 | ov_031 | 6.8740955201367 × 10^296 |
| 32 | lv_80_m31 | 1.339790481011818 × 10^296 |
| 33 | ov_033 | 1.6094595501421937 × 10^297 |
| 34 | ov_034 | 1.397085594467931 × 10^297 |
| 35 | ov_035 | 1.2069217519082608 × 10^297 |
| 36 | ov_036 | 1.0370162954141687 × 10^297 |
| 37 | ov_037 | 8.855229358439213 × 10^296 |
| 38 | ov_038 | 7.51543887732527 × 10^296 |
| 39 | ov_039 | 6.334223306399679 × 10^296 |
| 40 | ov_040 | 5.295874024098996 × 10^296 |
| 41 | ov_041 | 4.385494793505171 × 10^296 |
| 42 | ov_042 | 3.595835180939605 × 10^296 |
| 43 | ov_043 | 2.920021966107706 × 10^296 |
| 44 | ov_044 | 2.3453828241058137 × 10^296 |
| 45 | ov_045 | 1.85993508789851 × 10^296 |
| 46 | ov_046 | 1.4578573467486437 × 10^296 |
| 47 | ov_047 | 1.128496370099341 × 10^296 |
| 48 | ov_048 | 8.618456884571555 × 10^295 |
| 49 | ov_049 | 6.485373404193182 × 10^295 |
| 50 | ov_050 | 4.798357720437936 × 10^295 |
| 51 | ov_051 | 3.4763343182955387 × 10^295 |
| 52 | ov_052 | 2.4803308639370596 × 10^295 |
| 53 | ov_053 | 1.7417475209748408 × 10^295 |
| 54 | ov_054 | 1.1981961371365575 × 10^295 |
| 55 | ov_055 | 7.934900474243375 × 10^294 |
| 56 | ov_056 | 5.010852848000836 × 10^294 |
| 57 | ov_057 | 2.97534135669621 × 10^294 |
| 58 | ov_058 | 1.6248372088763414 × 10^294 |
| 59 | ov_059 | 7.867525431926224 × 10^293 |
| 60 | ov_060 | 3.1943704628904845 × 10^293 |
| 61 | ov_061 | 1.1217672719074301 × 10^293 |
| 62 | ov_062 | 3.4267665595473014 × 10^292 |
| 63 | ov_063 | 6.677800888019803 × 10^291 |
| 64 | lv_79_m31 | 1.3010058881931765 × 10^291 |
| 65 | ov_065 | 1.5436157679367192 × 10^292 |
| 66 | ov_066 | 1.5436114862241786 × 10^292 |
| 67 | ov_067 | 1.543610464587224 × 10^292 |
| 68 | ov_068 | 1.335221739554123 × 10^292 |
| 69 | ov_069 | 1.1487755055345029 × 10^292 |
| 70 | ov_070 | 9.826402355884308 × 10^291 |
| 71 | ov_071 | 8.352625021584442 × 10^291 |
| 72 | ov_072 | 7.051619133061057 × 10^291 |
| 73 | ov_073 | 5.909270464425469 × 10^291 |
| 74 | ov_074 | 4.9121223597740025 × 10^291 |
| 75 | ov_075 | 4.04735078855001 × 10^291 |
| 76 | ov_076 | 3.302745292084774 × 10^291 |
| 77 | ov_077 | 2.6666946039321006 × 10^291 |
| 78 | ov_078 | 2.1281757950612526 × 10^291 |
| 79 | ov_079 | 1.6767458619507388 × 10^291 |
| 80 | ov_080 | 1.3025348482985842 × 10^291 |
| 81 | ov_081 | 9.962399685953127 × 10^290 |
| 82 | ov_082 | 7.491205548684275 × 10^290 |
| 83 | ov_083 | 5.529937630899265 × 10^290 |
| 84 | ov_084 | 4.002309759825599 × 10^290 |
| 85 | ov_085 | 2.8375483913199917 × 10^290 |
| 86 | ov_086 | 1.9703686742946246 × 10^290 |
| 87 | ov_087 | 1.340955589464355 × 10^290 |
| 88 | ov_088 | 8.949495339101117 × 10^289 |
| 89 | ov_089 | 5.834357232301363 × 10^289 |
| 90 | ov_090 | 3.629367831957026 × 10^289 |
| 91 | ov_091 | 2.1307263291057754 × 10^289 |
| 92 | ov_092 | 1.1617854236066556 × 10^289 |
| 93 | ov_093 | 5.730408591044034 × 10^288 |
| 94 | ov_094 | 2.4212628044016675 × 10^288 |
| 95 | aaa_78_28 | 7.381113403791732 × 10^287 |
| 96 | aaa_78_29 | 2.221203747978767 × 10^287 |
| 97 | ov_097 | 1.1432250899540262 × 10^287 |
| 98 | ov_098 | 1.1432147452426415 × 10^287 |
| 99 | ov_099 | 1.1432114427054727 × 10^287 |
| 100 | ov_100 | 9.487654746345546 × 10^286 |
| 101 | ov_101 | 7.810784262508017 × 10^286 |
| 102 | ov_102 | 6.376001978624389 × 10^286 |
| 103 | ov_103 | 5.15920030273184 × 10^286 |
| 104 | ov_104 | 4.137563347983378 × 10^286 |
| 105 | ov_105 | 3.2894786330786025 × 10^286 |
| 106 | ov_106 | 2.594460950103837 × 10^286 |
| 107 | ov_107 | 2.0330872295320622 × 10^286 |
| 108 | ov_108 | 1.586941292676702 × 10^286 |
| 109 | ov_109 | 1.2385674408098007 × 10^286 |
| 110 | ov_110 | 9.714318878165018 × 10^285 |
| 111 | ov_111 | 7.698910999758049 × 10^285 |
| 112 | ov_112 | 6.191661624863449 × 10^285 |
| 113 | ov_113 | 5.053223478964115 × 10^285 |
| 114 | ov_114 | 4.1525311680468686 × 10^285 |
| 115 | ov_115 | 3.366678361885029 × 10^285 |
| 116 | ov_116 | 2.6876659450582348 × 10^285 |
| 117 | ov_117 | 2.107543486867176 × 10^285 |
| 118 | ov_118 | 1.618395172101289 × 10^285 |
| 119 | ov_119 | 1.212329692590628 × 10^285 |
| 120 | ov_120 | 8.81472723948252 × 10^284 |
| 121 | ov_121 | 6.1796119729714254 × 10^284 |
| 122 | ov_122 | 4.1393909283515264 × 10^284 |
| 123 | ov_123 | 2.615544821232546 × 10^284 |
| 124 | ov_124 | 1.5295754598630239 × 10^284 |
| 125 | ov_125 | 8.029936117872877 × 10^283 |
| 126 | ov_126 | 3.5731299482217323 × 10^283 |
| 127 | aaa_77_28 | 1.140481032093881 × 10^283 |
| 128 | aaa_77_29 | 4.272799580804794 × 10^282 |
| 129 | ov_129 | 3.9278958471672 × 10^282 |
| 130 | ov_130 | 3.927884129319555 × 10^282 |
| 131 | ov_131 | 3.927881300926748 × 10^282 |
| 132 | ov_132 | 3.399241810307614 × 10^282 |
| 133 | ov_133 | 2.926298034178235 × 10^282 |
| 134 | ov_134 | 2.5048392786051945 × 10^282 |
| 135 | ov_135 | 2.1308755739260256 × 10^282 |
| 136 | ov_136 | 1.800621857031199 × 10^282 |
| 137 | ov_137 | 1.510484479289775 × 10^282 |
| 138 | ov_138 | 1.2570498071295403 × 10^282 |
| 139 | ov_139 | 1.0370746939662866 × 10^282 |
| 140 | ov_140 | 8.474786135662304 × 10^281 |
| 141 | ov_141 | 6.853372560942647 × 10^281 |
| 142 | ov_142 | 5.478773991079936 × 10^281 |
| 143 | ov_143 | 4.3247287665002404 × 10^281 |
| 144 | ov_144 | 3.366414804047804 × 10^281 |
| 145 | ov_145 | 2.580426376478509 × 10^281 |
| 146 | ov_146 | 1.9447572144377194 × 10^281 |
| 147 | ov_147 | 1.4387885925336046 × 10^281 |
| 148 | ov_148 | 1.0432812316315823 × 10^281 |
| 149 | ov_149 | 7.403700835130485 × 10^280 |
| 150 | ov_150 | 5.135611707158674 × 10^280 |
| 151 | ov_151 | 3.4772967737740556 × 10^280 |
| 152 | ov_152 | 2.291186911091307 × 10^280 |
| 153 | ov_153 | 1.4533831108600686 × 10^280 |
| 154 | ov_154 | 8.536502543960947 × 10^279 |
| 155 | ov_155 | 4.402861111324941 × 10^279 |
| 156 | aaa_76_25 | 1.6841765094650802 × 10^279 |
| 157 | aaa_76_26 | 9.618381681539474 × 10^278 |
| 158 | aaa_76_27 | 4.833931817250388 × 10^278 |
| 159 | aaa_76_28 | 1.8056553458820514 × 10^278 |
| 160 | aaa_76_29 | 5.135333625246981 × 10^277 |

### Output Bits Sorted by Complexity

| Rank | Output Bit | Complexity |
|:----:|:----------:|:----------:|
| 160 | aaa_76_29 | 5.135333625246981 × 10^277 |
| 159 | aaa_76_28 | 1.8056553458820514 × 10^278 |
| 158 | aaa_76_27 | 4.833931817250388 × 10^278 |
| 157 | aaa_76_26 | 9.618381681539474 × 10^278 |
| 156 | aaa_76_25 | 1.6841765094650802 × 10^279 |
| 155 | ov_155 | 4.402861111324941 × 10^279 |
| 154 | ov_154 | 8.536502543960947 × 10^279 |
| 153 | ov_153 | 1.4533831108600686 × 10^280 |
| 152 | ov_152 | 2.291186911091307 × 10^280 |
| 151 | ov_151 | 3.4772967737740556 × 10^280 |
| 150 | ov_150 | 5.135611707158674 × 10^280 |
| 149 | ov_149 | 7.403700835130485 × 10^280 |
| 148 | ov_148 | 1.0432812316315823 × 10^281 |
| 147 | ov_147 | 1.4387885925336046 × 10^281 |
| 146 | ov_146 | 1.9447572144377194 × 10^281 |
| 145 | ov_145 | 2.580426376478509 × 10^281 |
| 144 | ov_144 | 3.366414804047804 × 10^281 |
| 143 | ov_143 | 4.3247287665002404 × 10^281 |
| 142 | ov_142 | 5.478773991079936 × 10^281 |
| 141 | ov_141 | 6.853372560942647 × 10^281 |
| 140 | ov_140 | 8.474786135662304 × 10^281 |
| 139 | ov_139 | 1.0370746939662866 × 10^282 |
| 138 | ov_138 | 1.2570498071295403 × 10^282 |
| 137 | ov_137 | 1.510484479289775 × 10^282 |
| 136 | ov_136 | 1.800621857031199 × 10^282 |
| 135 | ov_135 | 2.1308755739260256 × 10^282 |
| 134 | ov_134 | 2.5048392786051945 × 10^282 |
| 133 | ov_133 | 2.926298034178235 × 10^282 |
| 132 | ov_132 | 3.399241810307614 × 10^282 |
| 131 | ov_131 | 3.927881300926748 × 10^282 |
| 130 | ov_130 | 3.927884129319555 × 10^282 |
| 129 | ov_129 | 3.9278958471672 × 10^282 |
| 128 | aaa_77_29 | 4.272799580804794 × 10^282 |
| 127 | aaa_77_28 | 1.140481032093881 × 10^283 |
| 126 | ov_126 | 3.5731299482217323 × 10^283 |
| 125 | ov_125 | 8.029936117872877 × 10^283 |
| 124 | ov_124 | 1.5295754598630239 × 10^284 |
| 123 | ov_123 | 2.615544821232546 × 10^284 |
| 122 | ov_122 | 4.1393909283515264 × 10^284 |
| 121 | ov_121 | 6.1796119729714254 × 10^284 |
| 120 | ov_120 | 8.81472723948252 × 10^284 |
| 119 | ov_119 | 1.212329692590628 × 10^285 |
| 118 | ov_118 | 1.618395172101289 × 10^285 |
| 117 | ov_117 | 2.107543486867176 × 10^285 |
| 116 | ov_116 | 2.6876659450582348 × 10^285 |
| 115 | ov_115 | 3.366678361885029 × 10^285 |
| 114 | ov_114 | 4.1525311680468686 × 10^285 |
| 113 | ov_113 | 5.053223478964115 × 10^285 |
| 112 | ov_112 | 6.191661624863449 × 10^285 |
| 111 | ov_111 | 7.698910999758049 × 10^285 |
| 110 | ov_110 | 9.714318878165018 × 10^285 |
| 109 | ov_109 | 1.2385674408098007 × 10^286 |
| 108 | ov_108 | 1.586941292676702 × 10^286 |
| 107 | ov_107 | 2.0330872295320622 × 10^286 |
| 106 | ov_106 | 2.594460950103837 × 10^286 |
| 105 | ov_105 | 3.2894786330786025 × 10^286 |
| 104 | ov_104 | 4.137563347983378 × 10^286 |
| 103 | ov_103 | 5.15920030273184 × 10^286 |
| 102 | ov_102 | 6.376001978624389 × 10^286 |
| 101 | ov_101 | 7.810784262508017 × 10^286 |
| 100 | ov_100 | 9.487654746345546 × 10^286 |
| 99 | ov_099 | 1.1432114427054727 × 10^287 |
| 98 | ov_098 | 1.1432147452426415 × 10^287 |
| 97 | ov_097 | 1.1432250899540262 × 10^287 |
| 96 | aaa_78_29 | 2.221203747978767 × 10^287 |
| 95 | aaa_78_28 | 7.381113403791732 × 10^287 |
| 94 | ov_094 | 2.4212628044016675 × 10^288 |
| 93 | ov_093 | 5.730408591044034 × 10^288 |
| 92 | ov_092 | 1.1617854236066556 × 10^289 |
| 91 | ov_091 | 2.1307263291057754 × 10^289 |
| 90 | ov_090 | 3.629367831957026 × 10^289 |
| 89 | ov_089 | 5.834357232301363 × 10^289 |
| 88 | ov_088 | 8.949495339101117 × 10^289 |
| 87 | ov_087 | 1.340955589464355 × 10^290 |
| 86 | ov_086 | 1.9703686742946246 × 10^290 |
| 85 | ov_085 | 2.8375483913199917 × 10^290 |
| 84 | ov_084 | 4.002309759825599 × 10^290 |
| 83 | ov_083 | 5.529937630899265 × 10^290 |
| 82 | ov_082 | 7.491205548684275 × 10^290 |
| 81 | ov_081 | 9.962399685953127 × 10^290 |
| 64 | lv_79_m31 | 1.3010058881931765 × 10^291 |
| 80 | ov_080 | 1.3025348482985842 × 10^291 |
| 79 | ov_079 | 1.6767458619507388 × 10^291 |
| 78 | ov_078 | 2.1281757950612526 × 10^291 |
| 77 | ov_077 | 2.6666946039321006 × 10^291 |
| 76 | ov_076 | 3.302745292084774 × 10^291 |
| 75 | ov_075 | 4.04735078855001 × 10^291 |
| 74 | ov_074 | 4.9121223597740025 × 10^291 |
| 73 | ov_073 | 5.909270464425469 × 10^291 |
| 63 | ov_063 | 6.677800888019803 × 10^291 |
| 72 | ov_072 | 7.051619133061057 × 10^291 |
| 71 | ov_071 | 8.352625021584442 × 10^291 |
| 70 | ov_070 | 9.826402355884308 × 10^291 |
| 69 | ov_069 | 1.1487755055345029 × 10^292 |
| 68 | ov_068 | 1.335221739554123 × 10^292 |
| 67 | ov_067 | 1.543610464587224 × 10^292 |
| 66 | ov_066 | 1.5436114862241786 × 10^292 |
| 65 | ov_065 | 1.5436157679367192 × 10^292 |
| 62 | ov_062 | 3.4267665595473014 × 10^292 |
| 61 | ov_061 | 1.1217672719074301 × 10^293 |
| 60 | ov_060 | 3.1943704628904845 × 10^293 |
| 59 | ov_059 | 7.867525431926224 × 10^293 |
| 58 | ov_058 | 1.6248372088763414 × 10^294 |
| 57 | ov_057 | 2.97534135669621 × 10^294 |
| 56 | ov_056 | 5.010852848000836 × 10^294 |
| 55 | ov_055 | 7.934900474243375 × 10^294 |
| 54 | ov_054 | 1.1981961371365575 × 10^295 |
| 53 | ov_053 | 1.7417475209748408 × 10^295 |
| 52 | ov_052 | 2.4803308639370596 × 10^295 |
| 51 | ov_051 | 3.4763343182955387 × 10^295 |
| 50 | ov_050 | 4.798357720437936 × 10^295 |
| 49 | ov_049 | 6.485373404193182 × 10^295 |
| 48 | ov_048 | 8.618456884571555 × 10^295 |
| 47 | ov_047 | 1.128496370099341 × 10^296 |
| 32 | lv_80_m31 | 1.339790481011818 × 10^296 |
| 46 | ov_046 | 1.4578573467486437 × 10^296 |
| 45 | ov_045 | 1.85993508789851 × 10^296 |
| 44 | ov_044 | 2.3453828241058137 × 10^296 |
| 43 | ov_043 | 2.920021966107706 × 10^296 |
| 42 | ov_042 | 3.595835180939605 × 10^296 |
| 41 | ov_041 | 4.385494793505171 × 10^296 |
| 40 | ov_040 | 5.295874024098996 × 10^296 |
| 39 | ov_039 | 6.334223306399679 × 10^296 |
| 31 | ov_031 | 6.8740955201367 × 10^296 |
| 38 | ov_038 | 7.51543887732527 × 10^296 |
| 37 | ov_037 | 8.855229358439213 × 10^296 |
| 36 | ov_036 | 1.0370162954141687 × 10^297 |
| 35 | ov_035 | 1.2069217519082608 × 10^297 |
| 34 | ov_034 | 1.397085594467931 × 10^297 |
| 33 | ov_033 | 1.6094595501421937 × 10^297 |
| 30 | ov_030 | 3.525517103146772 × 10^297 |
| 29 | ov_029 | 1.1533908537259428 × 10^298 |
| 28 | ov_028 | 2.993460953866663 × 10^298 |
| 27 | ov_027 | 6.690097770284493 × 10^298 |
| 26 | ov_026 | 1.3377008448508063 × 10^299 |
| 25 | ov_025 | 2.4504275486970446 × 10^299 |
| 24 | ov_024 | 4.183837058759311 × 10^299 |
| 23 | ov_023 | 6.9228665430709374 × 10^299 |
| 22 | ov_022 | 1.1115748423317694 × 10^300 |
| 21 | ov_021 | 1.7274039774241473 × 10^300 |
| 20 | ov_020 | 2.5972677066412355 × 10^300 |
| 19 | ov_019 | 3.785006685656786 × 10^300 |
| 18 | ov_018 | 5.3608224995505674 × 10^300 |
| 17 | ov_017 | 7.401297939876049 × 10^300 |
| 16 | ov_016 | 9.989425390101872 × 10^300 |
| 15 | ov_015 | 1.3214645584627388 × 10^301 |
| 14 | ov_014 | 1.7172900081708699 × 10^301 |
| 13 | ov_013 | 2.1966701959041042 × 10^301 |
| 12 | ov_012 | 2.7705229613294833 × 10^301 |
| 11 | ov_011 | 3.450444832547935 × 10^301 |
| 10 | ov_010 | 4.248726475319998 × 10^301 |
| 9 | ov_009 | 5.178372072934143 × 10^301 |
| 8 | ov_008 | 6.253123360971938 × 10^301 |
| 7 | ov_007 | 7.487489092099909 × 10^301 |
| 6 | ov_006 | 8.89678070258232 × 10^301 |
| 5 | ov_005 | 1.0497154894655513 × 10^302 |
| 4 | ov_004 | 1.2305663902152207 × 10^302 |
| 3 | ov_003 | 1.4340314305982878 × 10^302 |
| 2 | ov_002 | 1.6620135178183107 × 10^302 |
| 1 | ov_001 | 1.9165256253934321 × 10^302 |

