# Results for F001-F002-F003-F004-F005-F006-F007-F008-F009-F010-F011-F012-F013-F014-F015-F016-F017-F018-F019-F020-F021-F022-F023-F024-F025-F026-F027-F028-F029-F030-F031-F032-F033-F034-F035-F036-F037-F038-F039-F040-F041-F042-F043-F044-F045-F046-F047-F048-F049-F050-F051-F052-F053-F054-F055-F056-F057-F058-F059-F060-F061-F062-F063-F064-F065-F066-F067-F068-F069-F070-F071-F072-F073-F074-F075-F076-F077-F078-F079-F080-F081-F082-F083-F084-F085-F086-F087-F088-F089-F090-F091-F092-F093-F094-F095-F096-F097-F098-F099-F100-F101-F102-F103-F104-F105-F106-F107-F108-F109-F110-F111-F112-F113-F114-F115-F116-F117-F118-F119-F120-F121-F122-F123-F124-F125-F126-F127-F128-F129-F130-F131-F132-F133-F134-F135-F136-F137-F138-F139-F140-F141-F142-F143-F144-F145-F146-F147-F148-F149-F150-F151-F152-F153-F154-F155-F156-F157-F158-F159-F160-F161-F162-F163-F164-F165-F166-F167-F168-F169-F170-F171-F172-F173-F174-F175-F176-F177-F178-F179-F180-F181-F182-F183-F184-F185-F186-F187-F188-F189-F190-F191-F192-F193-F194-F195-F196-F197-F198-F199-F200-F201-F202-F203-F204-F205-F206-F207-F208-F209-F210-F211-F212-F213-F214-F215-F216-F217-F218-F219-F220-F221-F222-F223-F224-F225-F226-F227-F228-F229-F230-F231-F232-F233-F234-F235-F236-F237-F238-F239-F240-F241-F242-F243-F244-F245-F246-F247-F248-F249-F250-F251-F252-F253-F254-F255-F256-F257-F258-F259-F260-F261-F262-F263-F264-F265-F266-F267-F268-F269-F270-F271-F272-F273-F274-F275-F276-F277-F278-F279-F280-F281-F282-F283-F284-F285-F286-F287-F288-F289-F290-F291-F292-F293-F294-F295-F296-F297-F298-F299-F300-F301-F302-F303-F304-F305-F306-F307-F308-F309-F310-F311-F312-F313-F314-F315-F316-F317-F318-F319-F320-F321-F322-F323-F324-F325-F326-F327-F328-F329-F330-F331-F332-F333-F334-F335-F336-F337-F338-F339-F340-F341-F342-F343-F344-F345-F346-F347-F348-F349-F350-F351-F352-F353-F354-F355-F356-F357-F358-F359-F360-F361-F362-F363-F364-F365-F366-F367-F368-F369-F370-F371-F372-F373-F374-F375-F376-F377-F378-F379-F380-F381-F382-F383-F384-F385-F386-F387-F388-F389-F390-F391-F392-F393-F394-F395-F396-F397-F398-F399-F400-F401-F402-F403-F404-F405-F406-F407-F408-F409-F410-F411-F412-F413-F414-F415-F416-F417-F418-F419-F420-F421-F422-F423-F424-F425-F426-F427-F428-F429-F430-F431-F432-F433-F434-F435-F436-F437-F438-F439-F440-F441-F442-F443-F444-F445-F446-F447-F448-F449-F450-F451-F452-F453-F454-F455-F456-F457-F458-F459-F460-F461-F462-F463-F464-F465-F466-F467-F468-F469-F470-F471-F472-F473-F474-F475-F476-F477-F478-F479-F480-F481-F482-F483-F484-F485-F486-F487-F488-F489-F490-F491-F492-F493-F494-F495-F496-O500505-E504506-F509-F510-F511-F512

## Summary

Number of input bits: 512  
Number of free input bits: 10  
Number of output bits: 160

Number of direct occurrences: 40328  
Number of assignments: 31082  
Number of operations: 10862513
(xor: 10834498,
and: 14726,
or: 13289)

Total complexity: 1.9865556118788487 × 10^298

Least occurring input variable: iv_502 (3787)  
Most occurring input variable: iv_500 (4247)

Most co-occurring input variables: iv_497-iv_507 (2020)  
Least co-occurring input variables: iv_499-iv_502 (1710)

Potentially most occurring input variable: iv_498/iv_504 (4428)  
Potentially least occurring input variable: iv_501/iv_503 (4163)

Least output occurring input variable: iv_502 (71)  
Most output occurring input variable: iv_497 (93)

Most output co-occurring input variables: iv_498-iv_503 (51)  
Least output co-occurring input variables: iv_499-iv_502 (30)

Potentially most output occurring input variable: iv_500/iv_507 (90)  
Potentially least output occurring input variable: iv_498/iv_503 (68)

Least complex input bit: iv_497 (7.050445598648094 × 10^295)  
Most complex input bit: iv_504 (4.82626633111754 × 10^297)

Least complex output bit: aaa_76_29 (4.5096380936990143 × 10^273)  
Most complex output bit: ov_001 (3.1776667022328256 × 10^297)

Least complex input/output complexity: iv_497/aaa_76_29 (1.6005068198994385 × 10^271)  
Most complex input/output complexity: iv_504/ov_001 (7.720028437560226 × 10^296)

## Input Bits

### Input Bits in Regular Order

| Input Bit | Complexity | Occurrences | Output Occurrences |
|:---------:|:----------:|:-----------:|:------------------:|
| iv_497 | 7.050445598648094 × 10^295 | 4101 | 93 |
| iv_498 | 1.4109057546711787 × 10^296 | 3900 | 88 |
| iv_499 | 2.4913946907728623 × 10^296 | 3858 | 72 |
| iv_500 | 4.595722804848707 × 10^297 | 4247 | 82 |
| iv_501 | 6.9032041074058925 × 10^296 | 4047 | 83 |
| iv_502 | 1.112862563869135 × 10^297 | 3787 | 71 |
| iv_503 | 1.7625082928931297 × 10^297 | 4028 | 82 |
| iv_504 | 4.82626633111754 × 10^297 | 4098 | 76 |
| iv_507 | 2.972482433283777 × 10^297 | 4143 | 76 |
| iv_508 | 3.444658781504739 × 10^297 | 4119 | 78 |

### Input Bits Sorted by Complexity

| Input Bit | Complexity | Occurrences | Output Occurrences |
|:---------:|:----------:|:-----------:|:------------------:|
| iv_497 | 7.050445598648094 × 10^295 | 4101 | 93 |
| iv_498 | 1.4109057546711787 × 10^296 | 3900 | 88 |
| iv_499 | 2.4913946907728623 × 10^296 | 3858 | 72 |
| iv_501 | 6.9032041074058925 × 10^296 | 4047 | 83 |
| iv_502 | 1.112862563869135 × 10^297 | 3787 | 71 |
| iv_503 | 1.7625082928931297 × 10^297 | 4028 | 82 |
| iv_507 | 2.972482433283777 × 10^297 | 4143 | 76 |
| iv_508 | 3.444658781504739 × 10^297 | 4119 | 78 |
| iv_500 | 4.595722804848707 × 10^297 | 4247 | 82 |
| iv_504 | 4.82626633111754 × 10^297 | 4098 | 76 |

### Input Bits Sorted by Occurrences

| Input Bit | Complexity | Occurrences | Output Occurrences |
|:---------:|:----------:|:-----------:|:------------------:|
| iv_502 | 1.112862563869135 × 10^297 | 3787 | 71 |
| iv_499 | 2.4913946907728623 × 10^296 | 3858 | 72 |
| iv_498 | 1.4109057546711787 × 10^296 | 3900 | 88 |
| iv_503 | 1.7625082928931297 × 10^297 | 4028 | 82 |
| iv_501 | 6.9032041074058925 × 10^296 | 4047 | 83 |
| iv_504 | 4.82626633111754 × 10^297 | 4098 | 76 |
| iv_497 | 7.050445598648094 × 10^295 | 4101 | 93 |
| iv_508 | 3.444658781504739 × 10^297 | 4119 | 78 |
| iv_507 | 2.972482433283777 × 10^297 | 4143 | 76 |
| iv_500 | 4.595722804848707 × 10^297 | 4247 | 82 |

### Input Bits Sorted by Output Occurrences

| Input Bit | Complexity | Occurrences | Output Occurrences |
|:---------:|:----------:|:-----------:|:------------------:|
| iv_502 | 1.112862563869135 × 10^297 | 3787 | 71 |
| iv_499 | 2.4913946907728623 × 10^296 | 3858 | 72 |
| iv_504 | 4.82626633111754 × 10^297 | 4098 | 76 |
| iv_507 | 2.972482433283777 × 10^297 | 4143 | 76 |
| iv_508 | 3.444658781504739 × 10^297 | 4119 | 78 |
| iv_503 | 1.7625082928931297 × 10^297 | 4028 | 82 |
| iv_500 | 4.595722804848707 × 10^297 | 4247 | 82 |
| iv_501 | 6.9032041074058925 × 10^296 | 4047 | 83 |
| iv_498 | 1.4109057546711787 × 10^296 | 3900 | 88 |
| iv_497 | 7.050445598648094 × 10^295 | 4101 | 93 |

## Input Bit Co-occurrences

### Input Bit Co-occurrences Sorted by Co-occurrences

| Input Bits | Co-occurrences | Potential Occurrences | Output Co-occurrences | Potential Output Occurrences |
|:----------:|:--------------:|:---------------------:|:---------------------:|:----------------------------:|
| iv_497-iv_507 | 2020 | 4204 | 44 | 81 |
| iv_497-iv_500 | 2013 | 4322 | 45 | 85 |
| iv_500-iv_507 | 2012 | 4366 | 34 | 90 |
| iv_500-iv_501 | 2000 | 4294 | 42 | 81 |
| iv_497-iv_501 | 1985 | 4178 | 48 | 80 |
| iv_500-iv_508 | 1974 | 4418 | 39 | 82 |
| iv_500-iv_504 | 1959 | 4427 | 36 | 86 |
| iv_507-iv_508 | 1958 | 4346 | 33 | 88 |
| iv_497-iv_503 | 1957 | 4215 | 44 | 87 |
| iv_501-iv_503 | 1956 | 4163 | 48 | 69 |

### Input Bit Co-occurrences Sorted by Potential Occurrences

| Input Bits | Co-occurrences | Potential Occurrences | Output Co-occurrences | Potential Output Occurrences |
|:----------:|:--------------:|:---------------------:|:---------------------:|:----------------------------:|
| iv_501-iv_503 | 1956 | 4163 | 48 | 69 |
| iv_498-iv_499 | 1797 | 4164 | 44 | 72 |
| iv_497-iv_501 | 1985 | 4178 | 48 | 80 |
| iv_499-iv_508 | 1899 | 4179 | 37 | 76 |
| iv_499-iv_501 | 1860 | 4185 | 33 | 89 |
| iv_497-iv_502 | 1846 | 4196 | 40 | 84 |
| iv_497-iv_507 | 2020 | 4204 | 44 | 81 |
| iv_502-iv_507 | 1858 | 4214 | 36 | 75 |
| iv_497-iv_503 | 1957 | 4215 | 44 | 87 |
| iv_499-iv_507 | 1890 | 4221 | 38 | 72 |

### Input Bit Output Co-occurrences Sorted by Output Co-occurrences

| Input Bits | Co-occurrences | Potential Occurrences | Output Co-occurrences | Potential Output Occurrences |
|:----------:|:--------------:|:---------------------:|:---------------------:|:----------------------------:|
| iv_498-iv_503 | 1850 | 4228 | 51 | 68 |
| iv_497-iv_498 | 1873 | 4255 | 50 | 81 |
| iv_498-iv_501 | 1849 | 4249 | 48 | 75 |
| iv_501-iv_503 | 1956 | 4163 | 48 | 69 |
| iv_497-iv_501 | 1985 | 4178 | 48 | 80 |
| iv_497-iv_500 | 2013 | 4322 | 45 | 85 |
| iv_498-iv_500 | 1924 | 4299 | 45 | 80 |
| iv_497-iv_503 | 1957 | 4215 | 44 | 87 |
| iv_497-iv_507 | 2020 | 4204 | 44 | 81 |
| iv_498-iv_499 | 1797 | 4164 | 44 | 72 |

### Input Bit Output Co-occurrences Sorted by Potential Output Occurrences

| Input Bits | Co-occurrences | Potential Occurrences | Output Co-occurrences | Potential Output Occurrences |
|:----------:|:--------------:|:---------------------:|:---------------------:|:----------------------------:|
| iv_498-iv_503 | 1850 | 4228 | 51 | 68 |
| iv_501-iv_503 | 1956 | 4163 | 48 | 69 |
| iv_499-iv_500 | 1934 | 4237 | 41 | 72 |
| iv_499-iv_507 | 1890 | 4221 | 38 | 72 |
| iv_498-iv_499 | 1797 | 4164 | 44 | 72 |
| iv_503-iv_507 | 1917 | 4337 | 42 | 74 |
| iv_498-iv_501 | 1849 | 4249 | 48 | 75 |
| iv_501-iv_508 | 1917 | 4332 | 43 | 75 |
| iv_502-iv_507 | 1858 | 4214 | 36 | 75 |
| iv_499-iv_508 | 1899 | 4179 | 37 | 76 |

## Output Bits

### Output Bits in Regular Order

| Rank | Output Bit | Complexity |
|:----:|:----------:|:----------:|
| 1 | ov_001 | 3.1776667022328256 × 10^297 |
| 2 | ov_002 | 2.7557522658996312 × 10^297 |
| 3 | ov_003 | 2.377795577675665 × 10^297 |
| 4 | ov_004 | 2.0404658768168455 × 10^297 |
| 5 | ov_005 | 1.7406140105964687 × 10^297 |
| 6 | ov_006 | 1.4752594851003363 × 10^297 |
| 7 | ov_007 | 1.2415791878929101 × 10^297 |
| 8 | ov_008 | 1.0368976739210211 × 10^297 |
| 9 | ov_009 | 8.586788936912977 × 10^296 |
| 10 | ov_010 | 7.045192205688139 × 10^296 |
| 11 | ov_011 | 5.721416323987495 × 10^296 |
| 12 | ov_012 | 4.593909109239053 × 10^296 |
| 13 | ov_013 | 3.6422973058702226 × 10^296 |
| 14 | ov_014 | 2.8473551630370508 × 10^296 |
| 15 | ov_015 | 2.1909795769872883 × 10^296 |
| 16 | ov_016 | 1.6561707513921187 × 10^296 |
| 17 | ov_017 | 1.227017406909095 × 10^296 |
| 18 | ov_018 | 8.886856488251757 × 10^295 |
| 19 | ov_019 | 6.274106789750924 × 10^295 |
| 20 | ov_020 | 4.3049065171900004 × 10^295 |
| 21 | ov_021 | 2.8628215524806744 × 10^295 |
| 22 | ov_022 | 1.8419696647454694 × 10^295 |
| 23 | ov_023 | 1.1469980746942094 × 10^295 |
| 24 | ov_024 | 6.930686988248899 × 10^294 |
| 25 | ov_025 | 4.058491224353922 × 10^294 |
| 26 | ov_026 | 2.215076561654563 × 10^294 |
| 27 | ov_027 | 1.1075322608838393 × 10^294 |
| 28 | ov_028 | 4.954361702750412 × 10^293 |
| 29 | ov_029 | 1.90852389297053 × 10^293 |
| 30 | ov_030 | 5.833065635184314 × 10^292 |
| 31 | ov_031 | 1.1374400828131002 × 10^292 |
| 32 | lv_80_m31 | 2.217619567262912 × 10^291 |
| 33 | ov_033 | 2.657092899693108 × 10^292 |
| 34 | ov_034 | 2.303910434768635 × 10^292 |
| 35 | ov_035 | 1.987965029657347 × 10^292 |
| 36 | ov_036 | 1.7062287496330609 × 10^292 |
| 37 | ov_037 | 1.455836493798291 × 10^292 |
| 38 | ov_038 | 1.234074537053357 × 10^292 |
| 39 | ov_039 | 1.0383706394194169 × 10^292 |
| 40 | ov_040 | 8.662855687953283 × 10^291 |
| 41 | ov_041 | 7.155058926199187 × 10^291 |
| 42 | ov_042 | 5.84905518388149 × 10^291 |
| 43 | ov_043 | 4.7341683052668474 × 10^291 |
| 44 | ov_044 | 3.7907125021647 × 10^291 |
| 45 | ov_045 | 3.0000726628951424 × 10^291 |
| 46 | ov_046 | 2.3446770119030497 × 10^291 |
| 47 | ov_047 | 1.807975524296686 × 10^291 |
| 48 | ov_048 | 1.3744232007473133 × 10^291 |
| 49 | ov_049 | 1.029467377247013 × 10^291 |
| 50 | ov_050 | 7.595383120048843 × 10^290 |
| 51 | ov_051 | 5.520423585490692 × 10^290 |
| 52 | ov_052 | 3.9535710013840475 × 10^290 |
| 53 | ov_053 | 2.7882791291385874 × 10^290 |
| 54 | ov_054 | 1.9276556679578406 × 10^290 |
| 55 | ov_055 | 1.2844460234077295 × 10^290 |
| 56 | ov_056 | 8.174307138180297 × 10^289 |
| 57 | ov_057 | 4.902018758944772 × 10^289 |
| 58 | ov_058 | 2.7116093347477373 × 10^289 |
| 59 | ov_059 | 1.3351735934001235 × 10^289 |
| 60 | ov_060 | 5.528810063809554 × 10^288 |
| 61 | ov_061 | 1.929736703957202 × 10^288 |
| 62 | ov_062 | 5.2894824255804245 × 10^287 |
| 63 | ov_063 | 1.0300883221846458 × 10^287 |
| 64 | lv_79_m31 | 2.0055785812208578 × 10^286 |
| 65 | ov_065 | 2.3823827304247444 × 10^287 |
| 66 | ov_066 | 2.382375102096873 × 10^287 |
| 67 | ov_067 | 2.382373235040541 × 10^287 |
| 68 | ov_068 | 2.0566701168222324 × 10^287 |
| 69 | ov_069 | 1.7664124087375157 × 10^287 |
| 70 | ov_070 | 1.5087108328704164 × 10^287 |
| 71 | ov_071 | 1.2808539438827229 × 10^287 |
| 72 | ov_072 | 1.0802960855140852 × 10^287 |
| 73 | ov_073 | 9.04646410556714 × 10^286 |
| 74 | ov_074 | 7.51658908341356 × 10^286 |
| 75 | ov_075 | 6.192233858885689 × 10^286 |
| 76 | ov_076 | 5.053573506069067 × 10^286 |
| 77 | ov_077 | 4.081987438083924 × 10^286 |
| 78 | ov_078 | 3.2599947541309005 × 10^286 |
| 79 | ov_079 | 2.5711971107300465 × 10^286 |
| 80 | ov_080 | 2.0002286360065346 × 10^286 |
| 81 | ov_081 | 1.532712410772145 × 10^286 |
| 82 | ov_082 | 1.1552230437366248 × 10^286 |
| 83 | ov_083 | 8.552548707661975 × 10^285 |
| 84 | ov_084 | 6.21195309947933 × 10^285 |
| 85 | ov_085 | 4.4230290551522656 × 10^285 |
| 86 | ov_086 | 3.0868959458029636 × 10^285 |
| 87 | ov_087 | 2.113067312072974 × 10^285 |
| 88 | ov_088 | 1.419344027270695 × 10^285 |
| 89 | ov_089 | 9.317357340860475 × 10^284 |
| 90 | ov_090 | 5.844059071602609 × 10^284 |
| 91 | ov_091 | 3.464692060096914 × 10^284 |
| 92 | ov_092 | 1.910923189683452 × 10^284 |
| 93 | ov_093 | 9.548619076951477 × 10^283 |
| 94 | ov_094 | 4.0902199661403365 × 10^283 |
| 95 | aaa_78_28 | 1.263059505763396 × 10^283 |
| 96 | aaa_78_29 | 3.879098741775051 × 10^282 |
| 97 | ov_097 | 2.5623081576498295 × 10^282 |
| 98 | ov_098 | 2.5622310477618702 × 10^282 |
| 99 | ov_099 | 2.562206388432303 × 10^282 |
| 100 | ov_100 | 2.3058232326263136 × 10^282 |
| 101 | ov_101 | 2.068339530976568 × 10^282 |
| 102 | ov_102 | 1.848719603458803 × 10^282 |
| 103 | ov_103 | 1.6460037167728236 × 10^282 |
| 104 | ov_104 | 1.459298083352902 × 10^282 |
| 105 | ov_105 | 1.2877657805836727 × 10^282 |
| 106 | ov_106 | 1.1306185433199369 × 10^282 |
| 107 | ov_107 | 9.871093844033329 × 10^281 |
| 108 | ov_108 | 8.565259991295087 × 10^281 |
| 109 | ov_109 | 7.381849105956349 × 10^281 |
| 110 | ov_110 | 6.3142631359353506 × 10^281 |
| 111 | ov_111 | 5.356095752502666 × 10^281 |
| 112 | ov_112 | 4.501093509944986 × 10^281 |
| 113 | ov_113 | 3.743122746791912 × 10^281 |
| 114 | ov_114 | 3.0761418185151496 × 10^281 |
| 115 | ov_115 | 2.49417825258858 × 10^281 |
| 116 | ov_116 | 1.9913104173945637 × 10^281 |
| 117 | ov_117 | 1.5616532968471818 × 10^281 |
| 118 | ov_118 | 1.1993479628686018 × 10^281 |
| 119 | ov_119 | 8.98554003188661 × 10^280 |
| 120 | ov_120 | 6.53443878139812 × 10^280 |
| 121 | ov_121 | 4.581986169025672 × 10^280 |
| 122 | ov_122 | 3.0700464947110954 × 10^280 |
| 123 | ov_123 | 1.9405157062252858 × 10^280 |
| 124 | ov_124 | 1.1353063217598256 × 10^280 |
| 125 | ov_125 | 5.963380935858794 × 10^279 |
| 126 | ov_126 | 2.6553324798789337 × 10^279 |
| 127 | aaa_77_28 | 8.481465910736461 × 10^278 |
| 128 | aaa_77_29 | 3.181180729822788 × 10^278 |
| 129 | ov_129 | 2.9209581018974954 × 10^278 |
| 130 | ov_130 | 2.9209493260759187 × 10^278 |
| 131 | ov_131 | 2.9209472065474823 × 10^278 |
| 132 | ov_132 | 2.5314803413617854 × 10^278 |
| 133 | ov_133 | 2.1822912996973847 × 10^278 |
| 134 | ov_134 | 1.8702317853412583 × 10^278 |
| 135 | ov_135 | 1.5923194971443599 × 10^278 |
| 136 | ov_136 | 1.3457262014536498 × 10^278 |
| 137 | ov_137 | 1.1290749204580057 × 10^278 |
| 138 | ov_138 | 9.398164950465631 × 10^277 |
| 139 | ov_139 | 7.75529720486469 × 10^277 |
| 140 | ov_140 | 6.3391533026277345 × 10^277 |
| 141 | ov_141 | 5.12791077133882 × 10^277 |
| 142 | ov_142 | 4.100877753107799 × 10^277 |
| 143 | ov_143 | 3.238461755616271 × 10^277 |
| 144 | ov_144 | 2.5221455288017413 × 10^277 |
| 145 | ov_145 | 1.9344689415660524 × 10^277 |
| 146 | ov_146 | 1.4590158106596225 × 10^277 |
| 147 | ov_147 | 1.080404711500527 × 10^277 |
| 148 | ov_148 | 7.842828781815172 × 10^276 |
| 149 | ov_149 | 5.57322377326799 × 10^276 |
| 150 | ov_150 | 3.872178178051753 × 10^276 |
| 151 | ov_151 | 2.6268496724016637 × 10^276 |
| 152 | ov_152 | 1.7345984041237696 × 10^276 |
| 153 | ov_153 | 1.1029805309348194 × 10^276 |
| 154 | ov_154 | 6.497437105347109 × 10^275 |
| 155 | ov_155 | 3.3630918062289446 × 10^275 |
| 156 | aaa_76_25 | 1.2919194144222204 × 10^275 |
| 157 | aaa_76_26 | 7.456581633418596 × 10^274 |
| 158 | aaa_76_27 | 3.814623095429153 × 10^274 |
| 159 | aaa_76_28 | 1.4840579934846709 × 10^274 |
| 160 | aaa_76_29 | 4.5096380936990143 × 10^273 |

### Output Bits Sorted by Complexity

| Rank | Output Bit | Complexity |
|:----:|:----------:|:----------:|
| 160 | aaa_76_29 | 4.5096380936990143 × 10^273 |
| 159 | aaa_76_28 | 1.4840579934846709 × 10^274 |
| 158 | aaa_76_27 | 3.814623095429153 × 10^274 |
| 157 | aaa_76_26 | 7.456581633418596 × 10^274 |
| 156 | aaa_76_25 | 1.2919194144222204 × 10^275 |
| 155 | ov_155 | 3.3630918062289446 × 10^275 |
| 154 | ov_154 | 6.497437105347109 × 10^275 |
| 153 | ov_153 | 1.1029805309348194 × 10^276 |
| 152 | ov_152 | 1.7345984041237696 × 10^276 |
| 151 | ov_151 | 2.6268496724016637 × 10^276 |
| 150 | ov_150 | 3.872178178051753 × 10^276 |
| 149 | ov_149 | 5.57322377326799 × 10^276 |
| 148 | ov_148 | 7.842828781815172 × 10^276 |
| 147 | ov_147 | 1.080404711500527 × 10^277 |
| 146 | ov_146 | 1.4590158106596225 × 10^277 |
| 145 | ov_145 | 1.9344689415660524 × 10^277 |
| 144 | ov_144 | 2.5221455288017413 × 10^277 |
| 143 | ov_143 | 3.238461755616271 × 10^277 |
| 142 | ov_142 | 4.100877753107799 × 10^277 |
| 141 | ov_141 | 5.12791077133882 × 10^277 |
| 140 | ov_140 | 6.3391533026277345 × 10^277 |
| 139 | ov_139 | 7.75529720486469 × 10^277 |
| 138 | ov_138 | 9.398164950465631 × 10^277 |
| 137 | ov_137 | 1.1290749204580057 × 10^278 |
| 136 | ov_136 | 1.3457262014536498 × 10^278 |
| 135 | ov_135 | 1.5923194971443599 × 10^278 |
| 134 | ov_134 | 1.8702317853412583 × 10^278 |
| 133 | ov_133 | 2.1822912996973847 × 10^278 |
| 132 | ov_132 | 2.5314803413617854 × 10^278 |
| 131 | ov_131 | 2.9209472065474823 × 10^278 |
| 130 | ov_130 | 2.9209493260759187 × 10^278 |
| 129 | ov_129 | 2.9209581018974954 × 10^278 |
| 128 | aaa_77_29 | 3.181180729822788 × 10^278 |
| 127 | aaa_77_28 | 8.481465910736461 × 10^278 |
| 126 | ov_126 | 2.6553324798789337 × 10^279 |
| 125 | ov_125 | 5.963380935858794 × 10^279 |
| 124 | ov_124 | 1.1353063217598256 × 10^280 |
| 123 | ov_123 | 1.9405157062252858 × 10^280 |
| 122 | ov_122 | 3.0700464947110954 × 10^280 |
| 121 | ov_121 | 4.581986169025672 × 10^280 |
| 120 | ov_120 | 6.53443878139812 × 10^280 |
| 119 | ov_119 | 8.98554003188661 × 10^280 |
| 118 | ov_118 | 1.1993479628686018 × 10^281 |
| 117 | ov_117 | 1.5616532968471818 × 10^281 |
| 116 | ov_116 | 1.9913104173945637 × 10^281 |
| 115 | ov_115 | 2.49417825258858 × 10^281 |
| 114 | ov_114 | 3.0761418185151496 × 10^281 |
| 113 | ov_113 | 3.743122746791912 × 10^281 |
| 112 | ov_112 | 4.501093509944986 × 10^281 |
| 111 | ov_111 | 5.356095752502666 × 10^281 |
| 110 | ov_110 | 6.3142631359353506 × 10^281 |
| 109 | ov_109 | 7.381849105956349 × 10^281 |
| 108 | ov_108 | 8.565259991295087 × 10^281 |
| 107 | ov_107 | 9.871093844033329 × 10^281 |
| 106 | ov_106 | 1.1306185433199369 × 10^282 |
| 105 | ov_105 | 1.2877657805836727 × 10^282 |
| 104 | ov_104 | 1.459298083352902 × 10^282 |
| 103 | ov_103 | 1.6460037167728236 × 10^282 |
| 102 | ov_102 | 1.848719603458803 × 10^282 |
| 101 | ov_101 | 2.068339530976568 × 10^282 |
| 100 | ov_100 | 2.3058232326263136 × 10^282 |
| 99 | ov_099 | 2.562206388432303 × 10^282 |
| 98 | ov_098 | 2.5622310477618702 × 10^282 |
| 97 | ov_097 | 2.5623081576498295 × 10^282 |
| 96 | aaa_78_29 | 3.879098741775051 × 10^282 |
| 95 | aaa_78_28 | 1.263059505763396 × 10^283 |
| 94 | ov_094 | 4.0902199661403365 × 10^283 |
| 93 | ov_093 | 9.548619076951477 × 10^283 |
| 92 | ov_092 | 1.910923189683452 × 10^284 |
| 91 | ov_091 | 3.464692060096914 × 10^284 |
| 90 | ov_090 | 5.844059071602609 × 10^284 |
| 89 | ov_089 | 9.317357340860475 × 10^284 |
| 88 | ov_088 | 1.419344027270695 × 10^285 |
| 87 | ov_087 | 2.113067312072974 × 10^285 |
| 86 | ov_086 | 3.0868959458029636 × 10^285 |
| 85 | ov_085 | 4.4230290551522656 × 10^285 |
| 84 | ov_084 | 6.21195309947933 × 10^285 |
| 83 | ov_083 | 8.552548707661975 × 10^285 |
| 82 | ov_082 | 1.1552230437366248 × 10^286 |
| 81 | ov_081 | 1.532712410772145 × 10^286 |
| 80 | ov_080 | 2.0002286360065346 × 10^286 |
| 64 | lv_79_m31 | 2.0055785812208578 × 10^286 |
| 79 | ov_079 | 2.5711971107300465 × 10^286 |
| 78 | ov_078 | 3.2599947541309005 × 10^286 |
| 77 | ov_077 | 4.081987438083924 × 10^286 |
| 76 | ov_076 | 5.053573506069067 × 10^286 |
| 75 | ov_075 | 6.192233858885689 × 10^286 |
| 74 | ov_074 | 7.51658908341356 × 10^286 |
| 73 | ov_073 | 9.04646410556714 × 10^286 |
| 63 | ov_063 | 1.0300883221846458 × 10^287 |
| 72 | ov_072 | 1.0802960855140852 × 10^287 |
| 71 | ov_071 | 1.2808539438827229 × 10^287 |
| 70 | ov_070 | 1.5087108328704164 × 10^287 |
| 69 | ov_069 | 1.7664124087375157 × 10^287 |
| 68 | ov_068 | 2.0566701168222324 × 10^287 |
| 67 | ov_067 | 2.382373235040541 × 10^287 |
| 66 | ov_066 | 2.382375102096873 × 10^287 |
| 65 | ov_065 | 2.3823827304247444 × 10^287 |
| 62 | ov_062 | 5.2894824255804245 × 10^287 |
| 61 | ov_061 | 1.929736703957202 × 10^288 |
| 60 | ov_060 | 5.528810063809554 × 10^288 |
| 59 | ov_059 | 1.3351735934001235 × 10^289 |
| 58 | ov_058 | 2.7116093347477373 × 10^289 |
| 57 | ov_057 | 4.902018758944772 × 10^289 |
| 56 | ov_056 | 8.174307138180297 × 10^289 |
| 55 | ov_055 | 1.2844460234077295 × 10^290 |
| 54 | ov_054 | 1.9276556679578406 × 10^290 |
| 53 | ov_053 | 2.7882791291385874 × 10^290 |
| 52 | ov_052 | 3.9535710013840475 × 10^290 |
| 51 | ov_051 | 5.520423585490692 × 10^290 |
| 50 | ov_050 | 7.595383120048843 × 10^290 |
| 49 | ov_049 | 1.029467377247013 × 10^291 |
| 48 | ov_048 | 1.3744232007473133 × 10^291 |
| 47 | ov_047 | 1.807975524296686 × 10^291 |
| 32 | lv_80_m31 | 2.217619567262912 × 10^291 |
| 46 | ov_046 | 2.3446770119030497 × 10^291 |
| 45 | ov_045 | 3.0000726628951424 × 10^291 |
| 44 | ov_044 | 3.7907125021647 × 10^291 |
| 43 | ov_043 | 4.7341683052668474 × 10^291 |
| 42 | ov_042 | 5.84905518388149 × 10^291 |
| 41 | ov_041 | 7.155058926199187 × 10^291 |
| 40 | ov_040 | 8.662855687953283 × 10^291 |
| 39 | ov_039 | 1.0383706394194169 × 10^292 |
| 31 | ov_031 | 1.1374400828131002 × 10^292 |
| 38 | ov_038 | 1.234074537053357 × 10^292 |
| 37 | ov_037 | 1.455836493798291 × 10^292 |
| 36 | ov_036 | 1.7062287496330609 × 10^292 |
| 35 | ov_035 | 1.987965029657347 × 10^292 |
| 34 | ov_034 | 2.303910434768635 × 10^292 |
| 33 | ov_033 | 2.657092899693108 × 10^292 |
| 30 | ov_030 | 5.833065635184314 × 10^292 |
| 29 | ov_029 | 1.90852389297053 × 10^293 |
| 28 | ov_028 | 4.954361702750412 × 10^293 |
| 27 | ov_027 | 1.1075322608838393 × 10^294 |
| 26 | ov_026 | 2.215076561654563 × 10^294 |
| 25 | ov_025 | 4.058491224353922 × 10^294 |
| 24 | ov_024 | 6.930686988248899 × 10^294 |
| 23 | ov_023 | 1.1469980746942094 × 10^295 |
| 22 | ov_022 | 1.8419696647454694 × 10^295 |
| 21 | ov_021 | 2.8628215524806744 × 10^295 |
| 20 | ov_020 | 4.3049065171900004 × 10^295 |
| 19 | ov_019 | 6.274106789750924 × 10^295 |
| 18 | ov_018 | 8.886856488251757 × 10^295 |
| 17 | ov_017 | 1.227017406909095 × 10^296 |
| 16 | ov_016 | 1.6561707513921187 × 10^296 |
| 15 | ov_015 | 2.1909795769872883 × 10^296 |
| 14 | ov_014 | 2.8473551630370508 × 10^296 |
| 13 | ov_013 | 3.6422973058702226 × 10^296 |
| 12 | ov_012 | 4.593909109239053 × 10^296 |
| 11 | ov_011 | 5.721416323987495 × 10^296 |
| 10 | ov_010 | 7.045192205688139 × 10^296 |
| 9 | ov_009 | 8.586788936912977 × 10^296 |
| 8 | ov_008 | 1.0368976739210211 × 10^297 |
| 7 | ov_007 | 1.2415791878929101 × 10^297 |
| 6 | ov_006 | 1.4752594851003363 × 10^297 |
| 5 | ov_005 | 1.7406140105964687 × 10^297 |
| 4 | ov_004 | 2.0404658768168455 × 10^297 |
| 3 | ov_003 | 2.377795577675665 × 10^297 |
| 2 | ov_002 | 2.7557522658996312 × 10^297 |
| 1 | ov_001 | 3.1776667022328256 × 10^297 |

