# Results for F001-F002-F003-F004-F005-F006-F007-F008-F009-F010-F011-F012-F013-F014-F015-F016-F017-F018-F019-F020-F021-F022-F023-F024-F025-F026-F027-F028-F029-F030-F031-F032-F033-F034-F035-F036-F037-F038-F039-F040-F041-F042-F043-F044-F045-F046-F047-F048-F049-F050-F051-F052-F053-F054-F055-F056-F057-F058-F059-F060-F061-F062-F063-F064-F065-F066-F067-F068-F069-F070-F071-F072-F073-F074-F075-F076-F077-F078-F079-F080-F081-F082-F083-F084-F085-F086-F087-F088-F089-F090-F091-F092-F093-F094-F095-F096-F097-F098-F099-F100-F101-F102-F103-F104-F105-F106-F107-F108-F109-F110-F111-F112-F113-F114-F115-F116-F117-F118-F119-F120-F121-F122-F123-F124-F125-F126-F127-F128-F129-F130-F131-F132-F133-F134-F135-F136-F137-F138-F139-F140-F141-F142-F143-F144-F145-F146-F147-F148-F149-F150-F151-F152-F153-F154-F155-F156-F157-F158-F159-F160-F161-F162-F163-F164-F165-F166-F167-F168-F169-F170-F171-F172-F173-F174-F175-F176-F177-F178-F179-F180-F181-F182-F183-F184-F185-F186-F187-F188-F189-F190-F191-F192-F193-F194-F195-F196-F197-F198-F199-F200-F201-F202-F203-F204-F205-F206-F207-F208-F209-F210-F211-F212-F213-F214-F215-F216-F217-F218-F219-F220-F221-F222-F223-F224-F225-F226-F227-F228-F229-F230-F231-F232-F233-F234-F235-F236-F237-F238-F239-F240-F241-F242-F243-F244-F245-F246-F247-F248-F249-F250-F251-F252-F253-F254-F255-F256-F257-F258-F259-F260-F261-F262-F263-F264-F265-F266-F267-F268-F269-F270-F271-F272-F273-F274-F275-F276-F277-F278-F279-F280-F281-F282-F283-F284-F285-F286-F287-F288-F289-F290-F291-F292-F293-F294-F295-F296-F297-F298-F299-F300-F301-F302-F303-F304-F305-F306-F307-F308-F309-F310-F311-F312-F313-F314-F315-F316-F317-F318-F319-F320-F321-F322-F323-F324-F325-F326-F327-F328-F329-F330-F331-F332-F333-F334-F335-F336-F337-F338-F339-F340-F341-F342-F343-F344-F345-F346-F347-F348-F349-F350-F351-F352-F353-F354-F355-F356-F357-F358-F359-F360-F361-F362-F363-F364-F365-F366-F367-F368-F369-F370-F371-F372-F373-F374-F375-F376-F377-F378-F379-F380-F381-F382-F383-F384-F385-F386-F387-F388-F389-F390-F391-F392-F393-F394-F395-F396-F397-F398-F399-F400-F401-F402-F403-F404-F405-F406-F407-F408-F409-F410-F411-F412-F413-F414-F415-F416-F417-F418-F419-F420-F421-F422-F423-F424-F425-F426-F427-F428-F429-F430-F431-F432-F433-F434-F435-F436-F437-F438-F439-F440-F441-F442-F443-F444-F445-F446-F447-F448-F449-F450-F451-F452-F453-F454-F455-F456-F457-F458-F459-F460-F461-F462-F463-F464-F465-F466-F467-F468-F469-F470-F471-F472-F473-F474-F475-F476-F477-F478-F479-F480-F481-F482-F483-F484-F485-F486-F487-F488-F489-F490-F491-F492-F493-F494-F495-F496-E501504-F508-F509-F510-F511-F512

## Summary

Number of input bits: 512  
Number of free input bits: 10  
Number of output bits: 160

Number of direct occurrences: 39713  
Number of assignments: 30794  
Number of operations: 10676988
(xor: 10649090,
and: 14713,
or: 13185)

Total complexity: 9.62737436554121 × 10^295

Least occurring input variable: iv_502 (3824)  
Most occurring input variable: iv_507 (4088)

Most co-occurring input variables: iv_501-iv_506 (1976)  
Least co-occurring input variables: iv_498-iv_502 (1735)

Potentially most occurring input variable: iv_501/iv_507 (4419)  
Potentially least occurring input variable: iv_497/iv_503 (4081)

Least output occurring input variable: iv_503 (75)  
Most output occurring input variable: iv_506 (93)

Most output co-occurring input variables: iv_498-iv_507 (54)  
Least output co-occurring input variables: iv_499-iv_503 (34)

Potentially most output occurring input variable: iv_505/iv_507 (95)  
Potentially least output occurring input variable: iv_498/iv_507 (61)

Least complex input bit: iv_497 (5.725987005790346 × 10^293)  
Most complex input bit: iv_505 (2.792721363264614 × 10^295)

Least complex output bit: aaa_76_29 (2.4408316296573476 × 10^271)  
Most complex output bit: ov_001 (1.5534664035519732 × 10^295)

Least complex input/output complexity: iv_497/aaa_76_29 (1.4517115117870838 × 10^269)  
Most complex input/output complexity: iv_505/ov_001 (4.506315686488375 × 10^294)

## Input Bits

### Input Bits in Regular Order

| Input Bit | Complexity | Occurrences | Output Occurrences |
|:---------:|:----------:|:-----------:|:------------------:|
| iv_497 | 5.725987005790346 × 10^293 | 3987 | 77 |
| iv_498 | 1.1422481383540835 × 10^294 | 3879 | 88 |
| iv_499 | 2.0086319315807127 × 10^294 | 3877 | 81 |
| iv_500 | 3.3653607505079395 × 10^294 | 4043 | 76 |
| iv_501 | 2.7195485951373244 × 10^295 | 4073 | 80 |
| iv_502 | 8.849282499920478 × 10^294 | 3824 | 82 |
| iv_503 | 1.397966041348433 × 10^295 | 3984 | 75 |
| iv_505 | 2.792721363264614 × 10^295 | 3913 | 82 |
| iv_506 | 5.180362426839773 × 10^294 | 4045 | 93 |
| iv_507 | 6.052899210126377 × 10^294 | 4088 | 81 |

### Input Bits Sorted by Complexity

| Input Bit | Complexity | Occurrences | Output Occurrences |
|:---------:|:----------:|:-----------:|:------------------:|
| iv_497 | 5.725987005790346 × 10^293 | 3987 | 77 |
| iv_498 | 1.1422481383540835 × 10^294 | 3879 | 88 |
| iv_499 | 2.0086319315807127 × 10^294 | 3877 | 81 |
| iv_500 | 3.3653607505079395 × 10^294 | 4043 | 76 |
| iv_506 | 5.180362426839773 × 10^294 | 4045 | 93 |
| iv_507 | 6.052899210126377 × 10^294 | 4088 | 81 |
| iv_502 | 8.849282499920478 × 10^294 | 3824 | 82 |
| iv_503 | 1.397966041348433 × 10^295 | 3984 | 75 |
| iv_501 | 2.7195485951373244 × 10^295 | 4073 | 80 |
| iv_505 | 2.792721363264614 × 10^295 | 3913 | 82 |

### Input Bits Sorted by Occurrences

| Input Bit | Complexity | Occurrences | Output Occurrences |
|:---------:|:----------:|:-----------:|:------------------:|
| iv_502 | 8.849282499920478 × 10^294 | 3824 | 82 |
| iv_499 | 2.0086319315807127 × 10^294 | 3877 | 81 |
| iv_498 | 1.1422481383540835 × 10^294 | 3879 | 88 |
| iv_505 | 2.792721363264614 × 10^295 | 3913 | 82 |
| iv_503 | 1.397966041348433 × 10^295 | 3984 | 75 |
| iv_497 | 5.725987005790346 × 10^293 | 3987 | 77 |
| iv_500 | 3.3653607505079395 × 10^294 | 4043 | 76 |
| iv_506 | 5.180362426839773 × 10^294 | 4045 | 93 |
| iv_501 | 2.7195485951373244 × 10^295 | 4073 | 80 |
| iv_507 | 6.052899210126377 × 10^294 | 4088 | 81 |

### Input Bits Sorted by Output Occurrences

| Input Bit | Complexity | Occurrences | Output Occurrences |
|:---------:|:----------:|:-----------:|:------------------:|
| iv_503 | 1.397966041348433 × 10^295 | 3984 | 75 |
| iv_500 | 3.3653607505079395 × 10^294 | 4043 | 76 |
| iv_497 | 5.725987005790346 × 10^293 | 3987 | 77 |
| iv_501 | 2.7195485951373244 × 10^295 | 4073 | 80 |
| iv_499 | 2.0086319315807127 × 10^294 | 3877 | 81 |
| iv_507 | 6.052899210126377 × 10^294 | 4088 | 81 |
| iv_502 | 8.849282499920478 × 10^294 | 3824 | 82 |
| iv_505 | 2.792721363264614 × 10^295 | 3913 | 82 |
| iv_498 | 1.1422481383540835 × 10^294 | 3879 | 88 |
| iv_506 | 5.180362426839773 × 10^294 | 4045 | 93 |

## Input Bit Co-occurrences

### Input Bit Co-occurrences Sorted by Co-occurrences

| Input Bits | Co-occurrences | Potential Occurrences | Output Co-occurrences | Potential Output Occurrences |
|:----------:|:--------------:|:---------------------:|:---------------------:|:----------------------------:|
| iv_501-iv_506 | 1976 | 4166 | 42 | 89 |
| iv_500-iv_506 | 1953 | 4182 | 45 | 79 |
| iv_500-iv_507 | 1947 | 4237 | 37 | 83 |
| iv_497-iv_503 | 1945 | 4081 | 37 | 78 |
| iv_506-iv_507 | 1939 | 4255 | 52 | 70 |
| iv_503-iv_507 | 1936 | 4200 | 39 | 78 |
| iv_497-iv_500 | 1931 | 4168 | 35 | 83 |
| iv_500-iv_503 | 1909 | 4209 | 39 | 73 |
| iv_497-iv_506 | 1901 | 4230 | 40 | 90 |
| iv_501-iv_503 | 1897 | 4263 | 41 | 73 |

### Input Bit Co-occurrences Sorted by Potential Occurrences

| Input Bits | Co-occurrences | Potential Occurrences | Output Co-occurrences | Potential Output Occurrences |
|:----------:|:--------------:|:---------------------:|:---------------------:|:----------------------------:|
| iv_497-iv_503 | 1945 | 4081 | 37 | 78 |
| iv_499-iv_505 | 1850 | 4090 | 37 | 89 |
| iv_497-iv_505 | 1896 | 4108 | 43 | 73 |
| iv_497-iv_499 | 1862 | 4140 | 40 | 78 |
| iv_502-iv_506 | 1862 | 4145 | 51 | 73 |
| iv_501-iv_506 | 1976 | 4166 | 42 | 89 |
| iv_498-iv_499 | 1794 | 4168 | 48 | 73 |
| iv_497-iv_500 | 1931 | 4168 | 35 | 83 |
| iv_498-iv_506 | 1875 | 4174 | 54 | 73 |
| iv_500-iv_502 | 1844 | 4179 | 37 | 84 |

### Input Bit Output Co-occurrences Sorted by Output Co-occurrences

| Input Bits | Co-occurrences | Potential Occurrences | Output Co-occurrences | Potential Output Occurrences |
|:----------:|:--------------:|:---------------------:|:---------------------:|:----------------------------:|
| iv_498-iv_506 | 1875 | 4174 | 54 | 73 |
| iv_498-iv_507 | 1872 | 4223 | 54 | 61 |
| iv_506-iv_507 | 1939 | 4255 | 52 | 70 |
| iv_502-iv_506 | 1862 | 4145 | 51 | 73 |
| iv_499-iv_506 | 1829 | 4264 | 49 | 76 |
| iv_498-iv_499 | 1794 | 4168 | 48 | 73 |
| iv_498-iv_502 | 1735 | 4233 | 46 | 78 |
| iv_497-iv_501 | 1888 | 4284 | 46 | 65 |
| iv_497-iv_498 | 1825 | 4216 | 46 | 73 |
| iv_500-iv_506 | 1953 | 4182 | 45 | 79 |

### Input Bit Output Co-occurrences Sorted by Potential Output Occurrences

| Input Bits | Co-occurrences | Potential Occurrences | Output Co-occurrences | Potential Output Occurrences |
|:----------:|:--------------:|:---------------------:|:---------------------:|:----------------------------:|
| iv_498-iv_507 | 1872 | 4223 | 54 | 61 |
| iv_497-iv_501 | 1888 | 4284 | 46 | 65 |
| iv_506-iv_507 | 1939 | 4255 | 52 | 70 |
| iv_498-iv_499 | 1794 | 4168 | 48 | 73 |
| iv_498-iv_506 | 1875 | 4174 | 54 | 73 |
| iv_499-iv_500 | 1858 | 4204 | 42 | 73 |
| iv_502-iv_506 | 1862 | 4145 | 51 | 73 |
| iv_497-iv_505 | 1896 | 4108 | 43 | 73 |
| iv_501-iv_503 | 1897 | 4263 | 41 | 73 |
| iv_497-iv_498 | 1825 | 4216 | 46 | 73 |

## Output Bits

### Output Bits in Regular Order

| Rank | Output Bit | Complexity |
|:----:|:----------:|:----------:|
| 1 | ov_001 | 1.5534664035519732 × 10^295 |
| 2 | ov_002 | 1.3452058767178456 × 10^295 |
| 3 | ov_003 | 1.1588463153265342 × 10^295 |
| 4 | ov_004 | 9.927175890332088 × 10^294 |
| 5 | ov_005 | 8.452406376319506 × 10^294 |
| 6 | ov_006 | 7.149209294707251 × 10^294 |
| 7 | ov_007 | 6.003427721318191 × 10^294 |
| 8 | ov_008 | 5.0016442442306697 × 10^294 |
| 9 | ov_009 | 4.13113946361629 × 10^294 |
| 10 | ov_010 | 3.37985712203442 × 10^294 |
| 11 | ov_011 | 2.7363751069932066 × 10^294 |
| 12 | ov_012 | 2.1898816108147007 × 10^294 |
| 13 | ov_013 | 1.7301557752923284 × 10^294 |
| 14 | ov_014 | 1.3475521904830318 × 10^294 |
| 15 | ov_015 | 1.0329886583807376 × 10^294 |
| 16 | ov_016 | 7.779366732884594 × 10^293 |
| 17 | ov_017 | 5.7441411153204885 × 10^293 |
| 18 | ov_018 | 4.149796638064172 × 10^293 |
| 19 | ov_019 | 2.9272860555066188 × 10^293 |
| 20 | ov_020 | 2.012896034153464 × 10^293 |
| 21 | ov_021 | 1.3482235093264805 × 10^293 |
| 22 | ov_022 | 8.801587078275731 × 10^292 |
| 23 | ov_023 | 5.608734121055042 × 10^292 |
| 24 | ov_024 | 3.4781324298995074 × 10^292 |
| 25 | ov_025 | 2.0369293954068263 × 10^292 |
| 26 | ov_026 | 1.1118671937355306 × 10^292 |
| 27 | ov_027 | 5.5601637888995716 × 10^291 |
| 28 | ov_028 | 2.4877231545153322 × 10^291 |
| 29 | ov_029 | 9.585395836184418 × 10^290 |
| 30 | ov_030 | 2.9303533233551377 × 10^290 |
| 31 | ov_031 | 5.716054468232149 × 10^289 |
| 32 | lv_80_m31 | 1.114847807888283 × 10^289 |
| 33 | ov_033 | 1.3334881671039951 × 10^290 |
| 34 | ov_034 | 1.1564464138507366 × 10^290 |
| 35 | ov_035 | 9.980832287251946 × 10^289 |
| 36 | ov_036 | 8.568169874823616 × 10^289 |
| 37 | ov_037 | 7.311506638536716 × 10^289 |
| 38 | ov_038 | 6.196658830548523 × 10^289 |
| 39 | ov_039 | 5.210178017261009 × 10^289 |
| 40 | ov_040 | 4.3393073184651326 × 10^289 |
| 41 | ov_041 | 3.577836152320314 × 10^289 |
| 42 | ov_042 | 2.919872678469642 × 10^289 |
| 43 | ov_043 | 2.3598296166205764 × 10^289 |
| 44 | ov_044 | 1.887401373027352 × 10^289 |
| 45 | ov_045 | 1.492841223082139 × 10^289 |
| 46 | ov_046 | 1.1669475242147106 × 10^289 |
| 47 | ov_047 | 9.010528795389344 × 10^288 |
| 48 | ov_048 | 6.870157730081844 × 10^288 |
| 49 | ov_049 | 5.1721423383692617 × 10^288 |
| 50 | ov_050 | 3.845411242565687 × 10^288 |
| 51 | ov_051 | 2.824006804513773 × 10^288 |
| 52 | ov_052 | 2.0470598844254825 × 10^288 |
| 53 | ov_053 | 1.4587715924252316 × 10^288 |
| 54 | ov_054 | 1.0084004344812789 × 10^288 |
| 55 | ov_055 | 6.718387015575924 × 10^287 |
| 56 | ov_056 | 4.27501307785921 × 10^287 |
| 57 | ov_057 | 2.563236404041268 × 10^287 |
| 58 | ov_058 | 1.4176031061651749 × 10^287 |
| 59 | ov_059 | 6.978449012242853 × 10^286 |
| 60 | ov_060 | 2.8887603226354306 × 10^286 |
| 61 | ov_061 | 1.0079213317307193 × 10^286 |
| 62 | ov_062 | 2.7617541777520475 × 10^285 |
| 63 | ov_063 | 5.3761875356634266 × 10^284 |
| 64 | lv_79_m31 | 1.0463188677818792 × 10^284 |
| 65 | ov_065 | 1.2380981580327678 × 10^285 |
| 66 | ov_066 | 1.2380940700517436 × 10^285 |
| 67 | ov_067 | 1.2380930694714794 × 10^285 |
| 68 | ov_068 | 1.0670792304029673 × 10^285 |
| 69 | ov_069 | 9.14889114156983 × 10^284 |
| 70 | ov_070 | 7.799747776513656 × 10^284 |
| 71 | ov_071 | 6.608835715723099 × 10^284 |
| 72 | ov_072 | 5.562516846634821 × 10^284 |
| 73 | ov_073 | 4.6479825773267744 × 10^284 |
| 74 | ov_074 | 3.853200375503306 × 10^284 |
| 75 | ov_075 | 3.166865419084264 × 10^284 |
| 76 | ov_076 | 2.5783570799847776 × 10^284 |
| 77 | ov_077 | 2.0776999698098727 × 10^284 |
| 78 | ov_078 | 1.655529281820907 × 10^284 |
| 79 | ov_079 | 1.3030601679004048 × 10^284 |
| 80 | ov_080 | 1.0120608925717166 × 10^284 |
| 81 | ov_081 | 7.748295086256034 × 10^283 |
| 82 | ov_082 | 5.841738007531462 × 10^283 |
| 83 | ov_083 | 4.3339424494099865 × 10^283 |
| 84 | ov_084 | 3.162697323715115 × 10^283 |
| 85 | ov_085 | 2.2704580727291846 × 10^283 |
| 86 | ov_086 | 1.6042516864875663 × 10^283 |
| 87 | ov_087 | 1.1156018613491905 × 10^283 |
| 88 | ov_088 | 7.604718043223731 × 10^282 |
| 89 | ov_089 | 4.992221887867568 × 10^282 |
| 90 | ov_090 | 3.1312833151667563 × 10^282 |
| 91 | ov_091 | 1.8564366886453482 × 10^282 |
| 92 | ov_092 | 1.0239237495573323 × 10^282 |
| 93 | ov_093 | 5.1165213126913136 × 10^281 |
| 94 | ov_094 | 2.191749802362323 × 10^281 |
| 95 | aaa_78_28 | 6.768263872947027 × 10^280 |
| 96 | aaa_78_29 | 2.0787288574207827 × 10^280 |
| 97 | ov_097 | 1.3730844442004927 × 10^280 |
| 98 | ov_098 | 1.3730434923165057 × 10^280 |
| 99 | ov_099 | 1.3730304260865342 × 10^280 |
| 100 | ov_100 | 1.2357179965138423 × 10^280 |
| 101 | ov_101 | 1.1085041809347675 × 10^280 |
| 102 | ov_102 | 9.90839804874483 × 10^279 |
| 103 | ov_103 | 8.822157820554148 × 10^279 |
| 104 | ov_104 | 7.821577555420557 × 10^279 |
| 105 | ov_105 | 6.902212386789387 × 10^279 |
| 106 | ov_106 | 6.059872306605203 × 10^279 |
| 107 | ov_107 | 5.290582823724913 × 10^279 |
| 108 | ov_108 | 4.590549887661971 × 10^279 |
| 109 | ov_109 | 3.95612884499636 × 10^279 |
| 110 | ov_110 | 3.3837971992497683 × 10^279 |
| 111 | ov_111 | 2.870130947476421 × 10^279 |
| 112 | ov_112 | 2.4117842684799168 × 10^279 |
| 113 | ov_113 | 2.005472338639393 × 10^279 |
| 114 | ov_114 | 1.6479570519989428 × 10^279 |
| 115 | ov_115 | 1.336035421697479 × 10^279 |
| 116 | ov_116 | 1.0665304401012304 × 10^279 |
| 117 | ov_117 | 8.362841752064801 × 10^278 |
| 118 | ov_118 | 6.421526709422232 × 10^278 |
| 119 | ov_119 | 4.81002036778966 × 10^278 |
| 120 | ov_120 | 3.497053777217813 × 10^278 |
| 121 | ov_121 | 2.4514045364594758 × 10^278 |
| 122 | ov_122 | 1.6418795694890782 × 10^278 |
| 123 | ov_123 | 1.037302974980401 × 10^278 |
| 124 | ov_124 | 6.065078385352795 × 10^277 |
| 125 | ov_125 | 3.1833116638210885 × 10^277 |
| 126 | ov_126 | 1.4161130450113239 × 10^277 |
| 127 | aaa_77_28 | 4.518694941932084 × 10^276 |
| 128 | aaa_77_29 | 1.69220256610889 × 10^276 |
| 129 | ov_129 | 1.548451257872617 × 10^276 |
| 130 | ov_130 | 1.5484465122818834 × 10^276 |
| 131 | ov_131 | 1.5484453674656688 × 10^276 |
| 132 | ov_132 | 1.3381321755290276 × 10^276 |
| 133 | ov_133 | 1.1501977846573752 × 10^276 |
| 134 | ov_134 | 9.82940219111148 × 10^275 |
| 135 | ov_135 | 8.34745978710652 × 10^275 |
| 136 | ov_136 | 7.040836789824862 × 10^275 |
| 137 | ov_137 | 5.8949864594179595 × 10^275 |
| 138 | ov_138 | 4.8960836897544945 × 10^275 |
| 139 | ov_139 | 4.030987200883717 × 10^275 |
| 140 | ov_140 | 3.287208524615751 × 10^275 |
| 141 | ov_141 | 2.6528869587562436 × 10^275 |
| 142 | ov_142 | 2.1167697110120597 × 10^275 |
| 143 | ov_143 | 1.6681964986747742 × 10^275 |
| 144 | ov_144 | 1.2970879150219398 × 10^275 |
| 145 | ov_145 | 9.93936918040524 × 10^274 |
| 146 | ov_146 | 7.4980284162494085 × 10^274 |
| 147 | ov_147 | 5.563073738641476 × 10^274 |
| 148 | ov_148 | 4.0563199142755926 × 10^274 |
| 149 | ov_149 | 2.905163834031395 × 10^274 |
| 150 | ov_150 | 2.042574631079371 × 10^274 |
| 151 | ov_151 | 1.4070868858668884 × 10^274 |
| 152 | ov_152 | 9.427955982480634 × 10^273 |
| 153 | ov_153 | 5.993524968824177 × 10^273 |
| 154 | ov_154 | 3.5297224364175645 × 10^273 |
| 155 | ov_155 | 1.8264605259546183 × 10^273 |
| 156 | aaa_76_25 | 7.014108115508255 × 10^272 |
| 157 | aaa_76_26 | 4.045911320514501 × 10^272 |
| 158 | aaa_76_27 | 2.0683766992082222 × 10^272 |
| 159 | aaa_76_28 | 8.039757540062222 × 10^271 |
| 160 | aaa_76_29 | 2.4408316296573476 × 10^271 |

### Output Bits Sorted by Complexity

| Rank | Output Bit | Complexity |
|:----:|:----------:|:----------:|
| 160 | aaa_76_29 | 2.4408316296573476 × 10^271 |
| 159 | aaa_76_28 | 8.039757540062222 × 10^271 |
| 158 | aaa_76_27 | 2.0683766992082222 × 10^272 |
| 157 | aaa_76_26 | 4.045911320514501 × 10^272 |
| 156 | aaa_76_25 | 7.014108115508255 × 10^272 |
| 155 | ov_155 | 1.8264605259546183 × 10^273 |
| 154 | ov_154 | 3.5297224364175645 × 10^273 |
| 153 | ov_153 | 5.993524968824177 × 10^273 |
| 152 | ov_152 | 9.427955982480634 × 10^273 |
| 151 | ov_151 | 1.4070868858668884 × 10^274 |
| 150 | ov_150 | 2.042574631079371 × 10^274 |
| 149 | ov_149 | 2.905163834031395 × 10^274 |
| 148 | ov_148 | 4.0563199142755926 × 10^274 |
| 147 | ov_147 | 5.563073738641476 × 10^274 |
| 146 | ov_146 | 7.4980284162494085 × 10^274 |
| 145 | ov_145 | 9.93936918040524 × 10^274 |
| 144 | ov_144 | 1.2970879150219398 × 10^275 |
| 143 | ov_143 | 1.6681964986747742 × 10^275 |
| 142 | ov_142 | 2.1167697110120597 × 10^275 |
| 141 | ov_141 | 2.6528869587562436 × 10^275 |
| 140 | ov_140 | 3.287208524615751 × 10^275 |
| 139 | ov_139 | 4.030987200883717 × 10^275 |
| 138 | ov_138 | 4.8960836897544945 × 10^275 |
| 137 | ov_137 | 5.8949864594179595 × 10^275 |
| 136 | ov_136 | 7.040836789824862 × 10^275 |
| 135 | ov_135 | 8.34745978710652 × 10^275 |
| 134 | ov_134 | 9.82940219111148 × 10^275 |
| 133 | ov_133 | 1.1501977846573752 × 10^276 |
| 132 | ov_132 | 1.3381321755290276 × 10^276 |
| 131 | ov_131 | 1.5484453674656688 × 10^276 |
| 130 | ov_130 | 1.5484465122818834 × 10^276 |
| 129 | ov_129 | 1.548451257872617 × 10^276 |
| 128 | aaa_77_29 | 1.69220256610889 × 10^276 |
| 127 | aaa_77_28 | 4.518694941932084 × 10^276 |
| 126 | ov_126 | 1.4161130450113239 × 10^277 |
| 125 | ov_125 | 3.1833116638210885 × 10^277 |
| 124 | ov_124 | 6.065078385352795 × 10^277 |
| 123 | ov_123 | 1.037302974980401 × 10^278 |
| 122 | ov_122 | 1.6418795694890782 × 10^278 |
| 121 | ov_121 | 2.4514045364594758 × 10^278 |
| 120 | ov_120 | 3.497053777217813 × 10^278 |
| 119 | ov_119 | 4.81002036778966 × 10^278 |
| 118 | ov_118 | 6.421526709422232 × 10^278 |
| 117 | ov_117 | 8.362841752064801 × 10^278 |
| 116 | ov_116 | 1.0665304401012304 × 10^279 |
| 115 | ov_115 | 1.336035421697479 × 10^279 |
| 114 | ov_114 | 1.6479570519989428 × 10^279 |
| 113 | ov_113 | 2.005472338639393 × 10^279 |
| 112 | ov_112 | 2.4117842684799168 × 10^279 |
| 111 | ov_111 | 2.870130947476421 × 10^279 |
| 110 | ov_110 | 3.3837971992497683 × 10^279 |
| 109 | ov_109 | 3.95612884499636 × 10^279 |
| 108 | ov_108 | 4.590549887661971 × 10^279 |
| 107 | ov_107 | 5.290582823724913 × 10^279 |
| 106 | ov_106 | 6.059872306605203 × 10^279 |
| 105 | ov_105 | 6.902212386789387 × 10^279 |
| 104 | ov_104 | 7.821577555420557 × 10^279 |
| 103 | ov_103 | 8.822157820554148 × 10^279 |
| 102 | ov_102 | 9.90839804874483 × 10^279 |
| 101 | ov_101 | 1.1085041809347675 × 10^280 |
| 100 | ov_100 | 1.2357179965138423 × 10^280 |
| 99 | ov_099 | 1.3730304260865342 × 10^280 |
| 98 | ov_098 | 1.3730434923165057 × 10^280 |
| 97 | ov_097 | 1.3730844442004927 × 10^280 |
| 96 | aaa_78_29 | 2.0787288574207827 × 10^280 |
| 95 | aaa_78_28 | 6.768263872947027 × 10^280 |
| 94 | ov_094 | 2.191749802362323 × 10^281 |
| 93 | ov_093 | 5.1165213126913136 × 10^281 |
| 92 | ov_092 | 1.0239237495573323 × 10^282 |
| 91 | ov_091 | 1.8564366886453482 × 10^282 |
| 90 | ov_090 | 3.1312833151667563 × 10^282 |
| 89 | ov_089 | 4.992221887867568 × 10^282 |
| 88 | ov_088 | 7.604718043223731 × 10^282 |
| 87 | ov_087 | 1.1156018613491905 × 10^283 |
| 86 | ov_086 | 1.6042516864875663 × 10^283 |
| 85 | ov_085 | 2.2704580727291846 × 10^283 |
| 84 | ov_084 | 3.162697323715115 × 10^283 |
| 83 | ov_083 | 4.3339424494099865 × 10^283 |
| 82 | ov_082 | 5.841738007531462 × 10^283 |
| 81 | ov_081 | 7.748295086256034 × 10^283 |
| 80 | ov_080 | 1.0120608925717166 × 10^284 |
| 64 | lv_79_m31 | 1.0463188677818792 × 10^284 |
| 79 | ov_079 | 1.3030601679004048 × 10^284 |
| 78 | ov_078 | 1.655529281820907 × 10^284 |
| 77 | ov_077 | 2.0776999698098727 × 10^284 |
| 76 | ov_076 | 2.5783570799847776 × 10^284 |
| 75 | ov_075 | 3.166865419084264 × 10^284 |
| 74 | ov_074 | 3.853200375503306 × 10^284 |
| 73 | ov_073 | 4.6479825773267744 × 10^284 |
| 63 | ov_063 | 5.3761875356634266 × 10^284 |
| 72 | ov_072 | 5.562516846634821 × 10^284 |
| 71 | ov_071 | 6.608835715723099 × 10^284 |
| 70 | ov_070 | 7.799747776513656 × 10^284 |
| 69 | ov_069 | 9.14889114156983 × 10^284 |
| 68 | ov_068 | 1.0670792304029673 × 10^285 |
| 67 | ov_067 | 1.2380930694714794 × 10^285 |
| 66 | ov_066 | 1.2380940700517436 × 10^285 |
| 65 | ov_065 | 1.2380981580327678 × 10^285 |
| 62 | ov_062 | 2.7617541777520475 × 10^285 |
| 61 | ov_061 | 1.0079213317307193 × 10^286 |
| 60 | ov_060 | 2.8887603226354306 × 10^286 |
| 59 | ov_059 | 6.978449012242853 × 10^286 |
| 58 | ov_058 | 1.4176031061651749 × 10^287 |
| 57 | ov_057 | 2.563236404041268 × 10^287 |
| 56 | ov_056 | 4.27501307785921 × 10^287 |
| 55 | ov_055 | 6.718387015575924 × 10^287 |
| 54 | ov_054 | 1.0084004344812789 × 10^288 |
| 53 | ov_053 | 1.4587715924252316 × 10^288 |
| 52 | ov_052 | 2.0470598844254825 × 10^288 |
| 51 | ov_051 | 2.824006804513773 × 10^288 |
| 50 | ov_050 | 3.845411242565687 × 10^288 |
| 49 | ov_049 | 5.1721423383692617 × 10^288 |
| 48 | ov_048 | 6.870157730081844 × 10^288 |
| 47 | ov_047 | 9.010528795389344 × 10^288 |
| 32 | lv_80_m31 | 1.114847807888283 × 10^289 |
| 46 | ov_046 | 1.1669475242147106 × 10^289 |
| 45 | ov_045 | 1.492841223082139 × 10^289 |
| 44 | ov_044 | 1.887401373027352 × 10^289 |
| 43 | ov_043 | 2.3598296166205764 × 10^289 |
| 42 | ov_042 | 2.919872678469642 × 10^289 |
| 41 | ov_041 | 3.577836152320314 × 10^289 |
| 40 | ov_040 | 4.3393073184651326 × 10^289 |
| 39 | ov_039 | 5.210178017261009 × 10^289 |
| 31 | ov_031 | 5.716054468232149 × 10^289 |
| 38 | ov_038 | 6.196658830548523 × 10^289 |
| 37 | ov_037 | 7.311506638536716 × 10^289 |
| 36 | ov_036 | 8.568169874823616 × 10^289 |
| 35 | ov_035 | 9.980832287251946 × 10^289 |
| 34 | ov_034 | 1.1564464138507366 × 10^290 |
| 33 | ov_033 | 1.3334881671039951 × 10^290 |
| 30 | ov_030 | 2.9303533233551377 × 10^290 |
| 29 | ov_029 | 9.585395836184418 × 10^290 |
| 28 | ov_028 | 2.4877231545153322 × 10^291 |
| 27 | ov_027 | 5.5601637888995716 × 10^291 |
| 26 | ov_026 | 1.1118671937355306 × 10^292 |
| 25 | ov_025 | 2.0369293954068263 × 10^292 |
| 24 | ov_024 | 3.4781324298995074 × 10^292 |
| 23 | ov_023 | 5.608734121055042 × 10^292 |
| 22 | ov_022 | 8.801587078275731 × 10^292 |
| 21 | ov_021 | 1.3482235093264805 × 10^293 |
| 20 | ov_020 | 2.012896034153464 × 10^293 |
| 19 | ov_019 | 2.9272860555066188 × 10^293 |
| 18 | ov_018 | 4.149796638064172 × 10^293 |
| 17 | ov_017 | 5.7441411153204885 × 10^293 |
| 16 | ov_016 | 7.779366732884594 × 10^293 |
| 15 | ov_015 | 1.0329886583807376 × 10^294 |
| 14 | ov_014 | 1.3475521904830318 × 10^294 |
| 13 | ov_013 | 1.7301557752923284 × 10^294 |
| 12 | ov_012 | 2.1898816108147007 × 10^294 |
| 11 | ov_011 | 2.7363751069932066 × 10^294 |
| 10 | ov_010 | 3.37985712203442 × 10^294 |
| 9 | ov_009 | 4.13113946361629 × 10^294 |
| 8 | ov_008 | 5.0016442442306697 × 10^294 |
| 7 | ov_007 | 6.003427721318191 × 10^294 |
| 6 | ov_006 | 7.149209294707251 × 10^294 |
| 5 | ov_005 | 8.452406376319506 × 10^294 |
| 4 | ov_004 | 9.927175890332088 × 10^294 |
| 3 | ov_003 | 1.1588463153265342 × 10^295 |
| 2 | ov_002 | 1.3452058767178456 × 10^295 |
| 1 | ov_001 | 1.5534664035519732 × 10^295 |

