# Results for F001-F002-F003-F004-F005-F006-F007-F008-F009-F010-F011-F012-F013-F014-F015-F016-F017-F018-F019-F020-F021-F022-F023-F024-F025-F026-F027-F028-F029-F030-F031-F032-F033-F034-F035-F036-F037-F038-F039-F040-F041-F042-F043-F044-F045-F046-F047-F048-F049-F050-F051-F052-F053-F054-F055-F056-F057-F058-F059-F060-F061-F062-F063-F064-F065-F066-F067-F068-F069-F070-F071-F072-F073-F074-F075-F076-F077-F078-F079-F080-F081-F082-F083-F084-F085-F086-F087-F088-F089-F090-F091-F092-F093-F094-F095-F096-F097-F098-F099-F100-F101-F102-F103-F104-F105-F106-F107-F108-F109-F110-F111-F112-F113-F114-F115-F116-F117-F118-F119-F120-F121-F122-F123-F124-F125-F126-F127-F128-F129-F130-F131-F132-F133-F134-F135-F136-F137-F138-F139-F140-F141-F142-F143-F144-F145-F146-F147-F148-F149-F150-F151-F152-F153-F154-F155-F156-F157-F158-F159-F160-F161-F162-F163-F164-F165-F166-F167-F168-F169-F170-F171-F172-F173-F174-F175-F176-F177-F178-F179-F180-F181-F182-F183-F184-F185-F186-F187-F188-F189-F190-F191-F192-F193-F194-F195-F196-F197-F198-F199-F200-F201-F202-F203-F204-F205-F206-F207-F208-F209-F210-F211-F212-F213-F214-F215-F216-F217-F218-F219-F220-F221-F222-F223-F224-F225-F226-F227-F228-F229-F230-F231-F232-F233-F234-F235-F236-F237-F238-F239-F240-F241-F242-F243-F244-F245-F246-F247-F248-F249-F250-F251-F252-F253-F254-F255-F256-F257-F258-F259-F260-F261-F262-F263-F264-F265-F266-F267-F268-F269-F270-F271-F272-F273-F274-F275-F276-F277-F278-F279-F280-F281-F282-F283-F284-F285-F286-F287-F288-F289-F290-F291-F292-F293-F294-F295-F296-F297-F298-F299-F300-F301-F302-F303-F304-F305-F306-F307-F308-F309-F310-F311-F312-F313-F314-F315-F316-F317-F318-F319-F320-F321-F322-F323-F324-F325-F326-F327-F328-F329-F330-F331-F332-F333-F334-F335-F336-F337-F338-F339-F340-F341-F342-F343-F344-F345-F346-F347-F348-F349-F350-F351-F352-F353-F354-F355-F356-F357-F358-F359-F360-F361-F362-F363-F364-F365-F366-F367-F368-F369-F370-F371-F372-F373-F374-F375-F376-F377-F378-F379-F380-F381-F382-F383-F384-F385-F386-F387-F388-F389-F390-F391-F392-F393-F394-F395-F396-F397-F398-F399-F400-F401-F402-F403-F404-F405-F406-F407-F408-F409-F410-F411-F412-F413-F414-F415-F416-F417-F418-F419-F420-F421-F422-F423-F424-F425-F426-F427-F428-F429-F430-F431-F432-F433-F434-F435-F436-F437-F438-F439-F440-F441-F442-F443-F444-F445-F446-F447-F448-F449-F450-F451-F452-F453-F454-F455-F456-F457-F458-F459-F460-F461-F462-F463-F464-F465-F466-F467-F468-F469-F470-F471-F472-F473-F474-F475-F476-F477-F478-F479-F480-F481-F482-F483-F484-F485-F486-F487-F488-F489-F490-F491-F492-F493-F494-F495-F496-O499505-O499508-F509-F510-F511-F512

## Summary

Number of input bits: 512  
Number of free input bits: 10  
Number of output bits: 160

Number of direct occurrences: 40323  
Number of assignments: 31129  
Number of operations: 10902946
(xor: 10874922,
and: 14730,
or: 13294)

Total complexity: 8.751616194834828 × 10^298

Least occurring input variable: iv_502 (3788)  
Most occurring input variable: iv_499 (4377)

Most co-occurring input variables: iv_499-iv_507 (2028)  
Least co-occurring input variables: iv_498-iv_502 (1709)

Potentially most occurring input variable: iv_499/iv_506 (4662)  
Potentially least occurring input variable: iv_504/iv_506 (4110)

Least output occurring input variable: iv_499 (68)  
Most output occurring input variable: iv_497 (93)

Most output co-occurring input variables: iv_497-iv_506 (51)  
Least output co-occurring input variables: iv_499-iv_507 (26)

Potentially most output occurring input variable: iv_499/iv_507 (92)  
Potentially least output occurring input variable: iv_498/iv_503 (68)

Least complex input bit: iv_497 (3.1060189564001146 × 10^296)  
Most complex input bit: iv_499 (3.4671280729682466 × 10^298)

Least complex output bit: aaa_76_29 (5.072674910812577 × 10^273)  
Most complex output bit: ov_001 (1.3999013792712915 × 10^298)

Least complex input/output complexity: iv_497/aaa_76_29 (1.8003331135497165 × 10^271)  
Most complex input/output complexity: iv_499/ov_001 (5.545989750239576 × 10^297)

## Input Bits

### Input Bits in Regular Order

| Input Bit | Complexity | Occurrences | Output Occurrences |
|:---------:|:----------:|:-----------:|:------------------:|
| iv_497 | 3.1060189564001146 × 10^296 | 4106 | 93 |
| iv_498 | 6.215635534501551 × 10^296 | 3907 | 88 |
| iv_499 | 3.4671280729682466 × 10^298 | 4377 | 68 |
| iv_500 | 1.8475593562795332 × 10^297 | 4090 | 80 |
| iv_501 | 3.0411528629641846 × 10^297 | 4052 | 81 |
| iv_502 | 4.9026294450216676 × 10^297 | 3788 | 71 |
| iv_503 | 7.764593162151573 × 10^297 | 4034 | 82 |
| iv_504 | 1.2059205722256532 × 10^298 | 3889 | 71 |
| iv_506 | 9.202535118591389 × 10^297 | 3931 | 81 |
| iv_507 | 1.3095040102310742 × 10^298 | 4149 | 76 |

### Input Bits Sorted by Complexity

| Input Bit | Complexity | Occurrences | Output Occurrences |
|:---------:|:----------:|:-----------:|:------------------:|
| iv_497 | 3.1060189564001146 × 10^296 | 4106 | 93 |
| iv_498 | 6.215635534501551 × 10^296 | 3907 | 88 |
| iv_500 | 1.8475593562795332 × 10^297 | 4090 | 80 |
| iv_501 | 3.0411528629641846 × 10^297 | 4052 | 81 |
| iv_502 | 4.9026294450216676 × 10^297 | 3788 | 71 |
| iv_503 | 7.764593162151573 × 10^297 | 4034 | 82 |
| iv_506 | 9.202535118591389 × 10^297 | 3931 | 81 |
| iv_504 | 1.2059205722256532 × 10^298 | 3889 | 71 |
| iv_507 | 1.3095040102310742 × 10^298 | 4149 | 76 |
| iv_499 | 3.4671280729682466 × 10^298 | 4377 | 68 |

### Input Bits Sorted by Occurrences

| Input Bit | Complexity | Occurrences | Output Occurrences |
|:---------:|:----------:|:-----------:|:------------------:|
| iv_502 | 4.9026294450216676 × 10^297 | 3788 | 71 |
| iv_504 | 1.2059205722256532 × 10^298 | 3889 | 71 |
| iv_498 | 6.215635534501551 × 10^296 | 3907 | 88 |
| iv_506 | 9.202535118591389 × 10^297 | 3931 | 81 |
| iv_503 | 7.764593162151573 × 10^297 | 4034 | 82 |
| iv_501 | 3.0411528629641846 × 10^297 | 4052 | 81 |
| iv_500 | 1.8475593562795332 × 10^297 | 4090 | 80 |
| iv_497 | 3.1060189564001146 × 10^296 | 4106 | 93 |
| iv_507 | 1.3095040102310742 × 10^298 | 4149 | 76 |
| iv_499 | 3.4671280729682466 × 10^298 | 4377 | 68 |

### Input Bits Sorted by Output Occurrences

| Input Bit | Complexity | Occurrences | Output Occurrences |
|:---------:|:----------:|:-----------:|:------------------:|
| iv_499 | 3.4671280729682466 × 10^298 | 4377 | 68 |
| iv_502 | 4.9026294450216676 × 10^297 | 3788 | 71 |
| iv_504 | 1.2059205722256532 × 10^298 | 3889 | 71 |
| iv_507 | 1.3095040102310742 × 10^298 | 4149 | 76 |
| iv_500 | 1.8475593562795332 × 10^297 | 4090 | 80 |
| iv_501 | 3.0411528629641846 × 10^297 | 4052 | 81 |
| iv_506 | 9.202535118591389 × 10^297 | 3931 | 81 |
| iv_503 | 7.764593162151573 × 10^297 | 4034 | 82 |
| iv_498 | 6.215635534501551 × 10^296 | 3907 | 88 |
| iv_497 | 3.1060189564001146 × 10^296 | 4106 | 93 |

## Input Bit Co-occurrences

### Input Bit Co-occurrences Sorted by Co-occurrences

| Input Bits | Co-occurrences | Potential Occurrences | Output Co-occurrences | Potential Output Occurrences |
|:----------:|:--------------:|:---------------------:|:---------------------:|:----------------------------:|
| iv_499-iv_507 | 2028 | 4470 | 26 | 92 |
| iv_497-iv_507 | 2020 | 4215 | 44 | 81 |
| iv_499-iv_500 | 2003 | 4461 | 37 | 74 |
| iv_497-iv_499 | 2001 | 4481 | 43 | 75 |
| iv_497-iv_501 | 1987 | 4184 | 46 | 82 |
| iv_499-iv_503 | 1982 | 4447 | 38 | 74 |
| iv_497-iv_500 | 1973 | 4250 | 41 | 91 |
| iv_506-iv_507 | 1964 | 4152 | 39 | 79 |
| iv_500-iv_507 | 1963 | 4313 | 35 | 86 |
| iv_500-iv_501 | 1960 | 4222 | 42 | 77 |

### Input Bit Co-occurrences Sorted by Potential Occurrences

| Input Bits | Co-occurrences | Potential Occurrences | Output Co-occurrences | Potential Output Occurrences |
|:----------:|:--------------:|:---------------------:|:---------------------:|:----------------------------:|
| iv_504-iv_506 | 1855 | 4110 | 38 | 76 |
| iv_506-iv_507 | 1964 | 4152 | 39 | 79 |
| iv_497-iv_504 | 1915 | 4165 | 44 | 76 |
| iv_498-iv_504 | 1815 | 4166 | 40 | 79 |
| iv_502-iv_506 | 1776 | 4167 | 39 | 74 |
| iv_501-iv_503 | 1958 | 4170 | 47 | 69 |
| iv_500-iv_502 | 1853 | 4172 | 35 | 81 |
| iv_498-iv_506 | 1833 | 4172 | 41 | 87 |
| iv_497-iv_501 | 1987 | 4184 | 46 | 82 |
| iv_502-iv_504 | 1745 | 4187 | 34 | 74 |

### Input Bit Output Co-occurrences Sorted by Output Co-occurrences

| Input Bits | Co-occurrences | Potential Occurrences | Output Co-occurrences | Potential Output Occurrences |
|:----------:|:--------------:|:---------------------:|:---------------------:|:----------------------------:|
| iv_498-iv_503 | 1851 | 4239 | 51 | 68 |
| iv_497-iv_506 | 1921 | 4195 | 51 | 72 |
| iv_497-iv_498 | 1876 | 4261 | 50 | 81 |
| iv_498-iv_501 | 1854 | 4251 | 48 | 73 |
| iv_501-iv_503 | 1958 | 4170 | 47 | 69 |
| iv_497-iv_501 | 1987 | 4184 | 46 | 82 |
| iv_497-iv_503 | 1959 | 4222 | 44 | 87 |
| iv_497-iv_504 | 1915 | 4165 | 44 | 76 |
| iv_497-iv_507 | 2020 | 4215 | 44 | 81 |
| iv_498-iv_507 | 1880 | 4296 | 43 | 78 |

### Input Bit Output Co-occurrences Sorted by Potential Output Occurrences

| Input Bits | Co-occurrences | Potential Occurrences | Output Co-occurrences | Potential Output Occurrences |
|:----------:|:--------------:|:---------------------:|:---------------------:|:----------------------------:|
| iv_498-iv_503 | 1851 | 4239 | 51 | 68 |
| iv_501-iv_503 | 1958 | 4170 | 47 | 69 |
| iv_497-iv_506 | 1921 | 4195 | 51 | 72 |
| iv_498-iv_501 | 1854 | 4251 | 48 | 73 |
| iv_500-iv_504 | 1893 | 4193 | 39 | 73 |
| iv_502-iv_504 | 1745 | 4187 | 34 | 74 |
| iv_503-iv_507 | 1918 | 4347 | 42 | 74 |
| iv_499-iv_500 | 2003 | 4461 | 37 | 74 |
| iv_502-iv_506 | 1776 | 4167 | 39 | 74 |
| iv_499-iv_503 | 1982 | 4447 | 38 | 74 |

## Output Bits

### Output Bits in Regular Order

| Rank | Output Bit | Complexity |
|:----:|:----------:|:----------:|
| 1 | ov_001 | 1.3999013792712915 × 10^298 |
| 2 | ov_002 | 1.2140282740499145 × 10^298 |
| 3 | ov_003 | 1.0475209131340644 × 10^298 |
| 4 | ov_004 | 8.989118651449137 × 10^297 |
| 5 | ov_005 | 7.668137155868774 × 10^297 |
| 6 | ov_006 | 6.499133617191774 × 10^297 |
| 7 | ov_007 | 5.469670438474019 × 10^297 |
| 8 | ov_008 | 4.5679606519127476 × 10^297 |
| 9 | ov_009 | 3.782831470580309 × 10^297 |
| 10 | ov_010 | 3.1036935628086946 × 10^297 |
| 11 | ov_011 | 2.5205154115744182 × 10^297 |
| 12 | ov_012 | 2.02380215764946 × 10^297 |
| 13 | ov_013 | 1.60457836101093 × 10^297 |
| 14 | ov_014 | 1.2543741502003291 × 10^297 |
| 15 | ov_015 | 9.652142641243957 × 10^296 |
| 16 | ov_016 | 7.296095252990748 × 10^296 |
| 17 | ov_017 | 5.405503178380991 × 10^296 |
| 18 | ov_018 | 3.915016776392691 × 10^296 |
| 19 | ov_019 | 2.763996362696924 × 10^296 |
| 20 | ov_020 | 1.8964851007101283 × 10^296 |
| 21 | ov_021 | 1.2611890594593616 × 10^296 |
| 22 | ov_022 | 8.114628884627881 × 10^295 |
| 23 | ov_023 | 5.052999108888691 × 10^295 |
| 24 | ov_024 | 3.053256056485036 × 10^295 |
| 25 | ov_025 | 1.7879361843322023 × 10^295 |
| 26 | ov_026 | 9.75835762219309 × 10^294 |
| 27 | ov_027 | 4.879160624224335 × 10^294 |
| 28 | ov_028 | 2.1826161049958147 × 10^294 |
| 29 | ov_029 | 8.407915076887797 × 10^293 |
| 30 | ov_030 | 2.5697375024139732 × 10^293 |
| 31 | ov_031 | 5.010971464735559 × 10^292 |
| 32 | lv_80_m31 | 9.769719005189688 × 10^291 |
| 33 | ov_033 | 1.1707047490124607 × 10^293 |
| 34 | ov_034 | 1.0151151076513394 × 10^293 |
| 35 | ov_035 | 8.759300056272437 × 10^292 |
| 36 | ov_036 | 7.518146342777819 × 10^292 |
| 37 | ov_037 | 6.415062480371343 × 10^292 |
| 38 | ov_038 | 5.438090579785529 × 10^292 |
| 39 | ov_039 | 4.575898177361072 × 10^292 |
| 40 | ov_040 | 3.817740363253556 × 10^292 |
| 41 | ov_041 | 3.1534275568977927 × 10^292 |
| 42 | ov_042 | 2.5780001063005303 × 10^292 |
| 43 | ov_043 | 2.086756245667232 × 10^292 |
| 44 | ov_044 | 1.6710268609658632 × 10^292 |
| 45 | ov_045 | 1.322614435193672 × 10^292 |
| 46 | ov_046 | 1.0337808561125823 × 10^292 |
| 47 | ov_047 | 7.972378085098006 × 10^291 |
| 48 | ov_048 | 6.061393485743879 × 10^291 |
| 49 | ov_049 | 4.540762882229605 × 10^291 |
| 50 | ov_050 | 3.350720473072863 × 10^291 |
| 51 | ov_051 | 2.435796616230512 × 10^291 |
| 52 | ov_052 | 1.744796645382471 × 10^291 |
| 53 | ov_053 | 1.2307860194462881 × 10^291 |
| 54 | ov_054 | 8.51080043162007 × 10^290 |
| 55 | ov_055 | 5.672369813488075 × 10^290 |
| 56 | ov_056 | 3.610960277007095 × 10^290 |
| 57 | ov_057 | 2.166148318225826 × 10^290 |
| 58 | ov_058 | 1.1986854763287276 × 10^290 |
| 59 | ov_059 | 5.904933795040619 × 10^289 |
| 60 | ov_060 | 2.4466149367524854 × 10^289 |
| 61 | ov_061 | 8.544630972279591 × 10^288 |
| 62 | ov_062 | 2.343487263328092 × 10^288 |
| 63 | ov_063 | 4.566527209705941 × 10^287 |
| 64 | lv_79_m31 | 8.896230168454016 × 10^286 |
| 65 | ov_065 | 1.055038101737111 × 10^288 |
| 66 | ov_066 | 1.0550352826792768 × 10^288 |
| 67 | ov_067 | 1.0550346139075122 × 10^288 |
| 68 | ov_068 | 9.124006885510215 × 10^287 |
| 69 | ov_069 | 7.848124469695861 × 10^287 |
| 70 | ov_070 | 6.7115012470092246 × 10^287 |
| 71 | ov_071 | 5.703466105480502 × 10^287 |
| 72 | ov_072 | 4.813843088357765 × 10^287 |
| 73 | ov_073 | 4.032926797868113 × 10^287 |
| 74 | ov_074 | 3.351463374100713 × 10^287 |
| 75 | ov_075 | 2.760635906335059 × 10^287 |
| 76 | ov_076 | 2.252053195157901 × 10^287 |
| 77 | ov_077 | 1.817740842790458 × 10^287 |
| 78 | ov_078 | 1.450133809794084 × 10^287 |
| 79 | ov_079 | 1.1420699355177666 × 10^287 |
| 80 | ov_080 | 8.867842576077577 × 10^286 |
| 81 | ov_081 | 6.779040765375589 × 10^286 |
| 82 | ov_082 | 5.094447115197481 × 10^286 |
| 83 | ov_083 | 3.758058944517051 × 10^286 |
| 84 | ov_084 | 2.717687487544281 × 10^286 |
| 85 | ov_085 | 1.924933001094692 × 10^286 |
| 86 | ov_086 | 1.3351646619921222 × 10^286 |
| 87 | ov_087 | 9.075047262181285 × 10^285 |
| 88 | ov_088 | 6.048164219345791 × 10^285 |
| 89 | ov_089 | 3.936950487467513 × 10^285 |
| 90 | ov_090 | 2.4446175570217827 × 10^285 |
| 91 | ov_091 | 1.432079528728282 × 10^285 |
| 92 | ov_092 | 7.788515796765402 × 10^284 |
| 93 | ov_093 | 3.830411740347797 × 10^284 |
| 94 | ov_094 | 1.6134374390017648 × 10^284 |
| 95 | aaa_78_28 | 4.904092585753217 × 10^283 |
| 96 | aaa_78_29 | 1.4690339761779406 × 10^283 |
| 97 | ov_097 | 7.650439282282138 × 10^282 |
| 98 | ov_098 | 7.650352398016943 × 10^282 |
| 99 | ov_099 | 7.650324659923594 × 10^282 |
| 100 | ov_100 | 6.286237684837508 × 10^282 |
| 101 | ov_101 | 5.126965695108858 × 10^282 |
| 102 | ov_102 | 4.151084894257362 × 10^282 |
| 103 | ov_103 | 3.33834235492487 × 10^282 |
| 104 | ov_104 | 2.6695705900596203 × 10^282 |
| 105 | ov_105 | 2.1266133737325125 × 10^282 |
| 106 | ov_106 | 1.6922617764904974 × 10^282 |
| 107 | ov_107 | 1.3501994329095355 × 10^282 |
| 108 | ov_108 | 1.0849561099732885 × 10^282 |
| 109 | ov_109 | 8.818686944493485 × 10^281 |
| 110 | ov_110 | 7.270487658823515 × 10^281 |
| 111 | ov_111 | 6.0735596944362296 × 10^281 |
| 112 | ov_112 | 5.103764498937494 × 10^281 |
| 113 | ov_113 | 4.244056545076889 × 10^281 |
| 114 | ov_114 | 3.4875810526729224 × 10^281 |
| 115 | ov_115 | 2.8275610498011433 × 10^281 |
| 116 | ov_116 | 2.2572767530288408 × 10^281 |
| 117 | ov_117 | 1.7700495659731883 × 10^281 |
| 118 | ov_118 | 1.3592302373964318 × 10^281 |
| 119 | ov_119 | 1.0181903436019773 × 10^281 |
| 120 | ov_120 | 7.403159406645513 × 10^280 |
| 121 | ov_121 | 5.190027233437719 × 10^280 |
| 122 | ov_122 | 3.476524615146959 × 10^280 |
| 123 | ov_123 | 2.1967048496439893 × 10^280 |
| 124 | ov_124 | 1.2846398740685104 × 10^280 |
| 125 | ov_125 | 6.744097628282757 × 10^279 |
| 126 | ov_126 | 3.000973732295441 × 10^279 |
| 127 | aaa_77_28 | 9.578629132179947 × 10^278 |
| 128 | aaa_77_29 | 3.588651506112587 × 10^278 |
| 129 | ov_129 | 3.300351463401109 × 10^278 |
| 130 | ov_130 | 3.300341591901664 × 10^278 |
| 131 | ov_131 | 3.300339207746108 × 10^278 |
| 132 | ov_132 | 2.856364175783945 × 10^278 |
| 133 | ov_133 | 2.4591663531559934 × 10^278 |
| 134 | ov_134 | 2.105204372932183 × 10^278 |
| 135 | ov_135 | 1.7911235880430775 × 10^278 |
| 136 | ov_136 | 1.5137426545325527 × 10^278 |
| 137 | ov_137 | 1.2700420526954411 × 10^278 |
| 138 | ov_138 | 1.0571543561004697 × 10^278 |
| 139 | ov_139 | 8.723560680396768 × 10^277 |
| 140 | ov_140 | 7.130608542393761 × 10^277 |
| 141 | ov_141 | 5.7681400977610725 × 10^277 |
| 142 | ov_142 | 4.612880071144766 × 10^277 |
| 143 | ov_143 | 3.6427898106266964 × 10^277 |
| 144 | ov_144 | 2.837040152567211 × 10^277 |
| 145 | ov_145 | 2.1759910355864687 × 10^277 |
| 146 | ov_146 | 1.6411766850100448 × 10^277 |
| 147 | ov_147 | 1.215295276401448 × 10^277 |
| 148 | ov_148 | 8.822020739735224 × 10^276 |
| 149 | ov_149 | 6.269051267440292 × 10^276 |
| 150 | ov_150 | 4.35562692302158 × 10^276 |
| 151 | ov_151 | 2.954816805873281 × 10^276 |
| 152 | ov_152 | 1.9511662847687213 × 10^276 |
| 153 | ov_153 | 1.24068972944977 × 10^276 |
| 154 | ov_154 | 7.308654376263315 × 10^275 |
| 155 | ov_155 | 3.7829801579983676 × 10^275 |
| 156 | aaa_76_25 | 1.4532179887091144 × 10^275 |
| 157 | aaa_76_26 | 8.387549906747122 × 10^274 |
| 158 | aaa_76_27 | 4.2908859798365 × 10^274 |
| 159 | aaa_76_28 | 1.669345431567795 × 10^274 |
| 160 | aaa_76_29 | 5.072674910812577 × 10^273 |

### Output Bits Sorted by Complexity

| Rank | Output Bit | Complexity |
|:----:|:----------:|:----------:|
| 160 | aaa_76_29 | 5.072674910812577 × 10^273 |
| 159 | aaa_76_28 | 1.669345431567795 × 10^274 |
| 158 | aaa_76_27 | 4.2908859798365 × 10^274 |
| 157 | aaa_76_26 | 8.387549906747122 × 10^274 |
| 156 | aaa_76_25 | 1.4532179887091144 × 10^275 |
| 155 | ov_155 | 3.7829801579983676 × 10^275 |
| 154 | ov_154 | 7.308654376263315 × 10^275 |
| 153 | ov_153 | 1.24068972944977 × 10^276 |
| 152 | ov_152 | 1.9511662847687213 × 10^276 |
| 151 | ov_151 | 2.954816805873281 × 10^276 |
| 150 | ov_150 | 4.35562692302158 × 10^276 |
| 149 | ov_149 | 6.269051267440292 × 10^276 |
| 148 | ov_148 | 8.822020739735224 × 10^276 |
| 147 | ov_147 | 1.215295276401448 × 10^277 |
| 146 | ov_146 | 1.6411766850100448 × 10^277 |
| 145 | ov_145 | 2.1759910355864687 × 10^277 |
| 144 | ov_144 | 2.837040152567211 × 10^277 |
| 143 | ov_143 | 3.6427898106266964 × 10^277 |
| 142 | ov_142 | 4.612880071144766 × 10^277 |
| 141 | ov_141 | 5.7681400977610725 × 10^277 |
| 140 | ov_140 | 7.130608542393761 × 10^277 |
| 139 | ov_139 | 8.723560680396768 × 10^277 |
| 138 | ov_138 | 1.0571543561004697 × 10^278 |
| 137 | ov_137 | 1.2700420526954411 × 10^278 |
| 136 | ov_136 | 1.5137426545325527 × 10^278 |
| 135 | ov_135 | 1.7911235880430775 × 10^278 |
| 134 | ov_134 | 2.105204372932183 × 10^278 |
| 133 | ov_133 | 2.4591663531559934 × 10^278 |
| 132 | ov_132 | 2.856364175783945 × 10^278 |
| 131 | ov_131 | 3.300339207746108 × 10^278 |
| 130 | ov_130 | 3.300341591901664 × 10^278 |
| 129 | ov_129 | 3.300351463401109 × 10^278 |
| 128 | aaa_77_29 | 3.588651506112587 × 10^278 |
| 127 | aaa_77_28 | 9.578629132179947 × 10^278 |
| 126 | ov_126 | 3.000973732295441 × 10^279 |
| 125 | ov_125 | 6.744097628282757 × 10^279 |
| 124 | ov_124 | 1.2846398740685104 × 10^280 |
| 123 | ov_123 | 2.1967048496439893 × 10^280 |
| 122 | ov_122 | 3.476524615146959 × 10^280 |
| 121 | ov_121 | 5.190027233437719 × 10^280 |
| 120 | ov_120 | 7.403159406645513 × 10^280 |
| 119 | ov_119 | 1.0181903436019773 × 10^281 |
| 118 | ov_118 | 1.3592302373964318 × 10^281 |
| 117 | ov_117 | 1.7700495659731883 × 10^281 |
| 116 | ov_116 | 2.2572767530288408 × 10^281 |
| 115 | ov_115 | 2.8275610498011433 × 10^281 |
| 114 | ov_114 | 3.4875810526729224 × 10^281 |
| 113 | ov_113 | 4.244056545076889 × 10^281 |
| 112 | ov_112 | 5.103764498937494 × 10^281 |
| 111 | ov_111 | 6.0735596944362296 × 10^281 |
| 110 | ov_110 | 7.270487658823515 × 10^281 |
| 109 | ov_109 | 8.818686944493485 × 10^281 |
| 108 | ov_108 | 1.0849561099732885 × 10^282 |
| 107 | ov_107 | 1.3501994329095355 × 10^282 |
| 106 | ov_106 | 1.6922617764904974 × 10^282 |
| 105 | ov_105 | 2.1266133737325125 × 10^282 |
| 104 | ov_104 | 2.6695705900596203 × 10^282 |
| 103 | ov_103 | 3.33834235492487 × 10^282 |
| 102 | ov_102 | 4.151084894257362 × 10^282 |
| 101 | ov_101 | 5.126965695108858 × 10^282 |
| 100 | ov_100 | 6.286237684837508 × 10^282 |
| 99 | ov_099 | 7.650324659923594 × 10^282 |
| 98 | ov_098 | 7.650352398016943 × 10^282 |
| 97 | ov_097 | 7.650439282282138 × 10^282 |
| 96 | aaa_78_29 | 1.4690339761779406 × 10^283 |
| 95 | aaa_78_28 | 4.904092585753217 × 10^283 |
| 94 | ov_094 | 1.6134374390017648 × 10^284 |
| 93 | ov_093 | 3.830411740347797 × 10^284 |
| 92 | ov_092 | 7.788515796765402 × 10^284 |
| 91 | ov_091 | 1.432079528728282 × 10^285 |
| 90 | ov_090 | 2.4446175570217827 × 10^285 |
| 89 | ov_089 | 3.936950487467513 × 10^285 |
| 88 | ov_088 | 6.048164219345791 × 10^285 |
| 87 | ov_087 | 9.075047262181285 × 10^285 |
| 86 | ov_086 | 1.3351646619921222 × 10^286 |
| 85 | ov_085 | 1.924933001094692 × 10^286 |
| 84 | ov_084 | 2.717687487544281 × 10^286 |
| 83 | ov_083 | 3.758058944517051 × 10^286 |
| 82 | ov_082 | 5.094447115197481 × 10^286 |
| 81 | ov_081 | 6.779040765375589 × 10^286 |
| 80 | ov_080 | 8.867842576077577 × 10^286 |
| 64 | lv_79_m31 | 8.896230168454016 × 10^286 |
| 79 | ov_079 | 1.1420699355177666 × 10^287 |
| 78 | ov_078 | 1.450133809794084 × 10^287 |
| 77 | ov_077 | 1.817740842790458 × 10^287 |
| 76 | ov_076 | 2.252053195157901 × 10^287 |
| 75 | ov_075 | 2.760635906335059 × 10^287 |
| 74 | ov_074 | 3.351463374100713 × 10^287 |
| 73 | ov_073 | 4.032926797868113 × 10^287 |
| 63 | ov_063 | 4.566527209705941 × 10^287 |
| 72 | ov_072 | 4.813843088357765 × 10^287 |
| 71 | ov_071 | 5.703466105480502 × 10^287 |
| 70 | ov_070 | 6.7115012470092246 × 10^287 |
| 69 | ov_069 | 7.848124469695861 × 10^287 |
| 68 | ov_068 | 9.124006885510215 × 10^287 |
| 67 | ov_067 | 1.0550346139075122 × 10^288 |
| 66 | ov_066 | 1.0550352826792768 × 10^288 |
| 65 | ov_065 | 1.055038101737111 × 10^288 |
| 62 | ov_062 | 2.343487263328092 × 10^288 |
| 61 | ov_061 | 8.544630972279591 × 10^288 |
| 60 | ov_060 | 2.4466149367524854 × 10^289 |
| 59 | ov_059 | 5.904933795040619 × 10^289 |
| 58 | ov_058 | 1.1986854763287276 × 10^290 |
| 57 | ov_057 | 2.166148318225826 × 10^290 |
| 56 | ov_056 | 3.610960277007095 × 10^290 |
| 55 | ov_055 | 5.672369813488075 × 10^290 |
| 54 | ov_054 | 8.51080043162007 × 10^290 |
| 53 | ov_053 | 1.2307860194462881 × 10^291 |
| 52 | ov_052 | 1.744796645382471 × 10^291 |
| 51 | ov_051 | 2.435796616230512 × 10^291 |
| 50 | ov_050 | 3.350720473072863 × 10^291 |
| 49 | ov_049 | 4.540762882229605 × 10^291 |
| 48 | ov_048 | 6.061393485743879 × 10^291 |
| 47 | ov_047 | 7.972378085098006 × 10^291 |
| 32 | lv_80_m31 | 9.769719005189688 × 10^291 |
| 46 | ov_046 | 1.0337808561125823 × 10^292 |
| 45 | ov_045 | 1.322614435193672 × 10^292 |
| 44 | ov_044 | 1.6710268609658632 × 10^292 |
| 43 | ov_043 | 2.086756245667232 × 10^292 |
| 42 | ov_042 | 2.5780001063005303 × 10^292 |
| 41 | ov_041 | 3.1534275568977927 × 10^292 |
| 40 | ov_040 | 3.817740363253556 × 10^292 |
| 39 | ov_039 | 4.575898177361072 × 10^292 |
| 31 | ov_031 | 5.010971464735559 × 10^292 |
| 38 | ov_038 | 5.438090579785529 × 10^292 |
| 37 | ov_037 | 6.415062480371343 × 10^292 |
| 36 | ov_036 | 7.518146342777819 × 10^292 |
| 35 | ov_035 | 8.759300056272437 × 10^292 |
| 34 | ov_034 | 1.0151151076513394 × 10^293 |
| 33 | ov_033 | 1.1707047490124607 × 10^293 |
| 30 | ov_030 | 2.5697375024139732 × 10^293 |
| 29 | ov_029 | 8.407915076887797 × 10^293 |
| 28 | ov_028 | 2.1826161049958147 × 10^294 |
| 27 | ov_027 | 4.879160624224335 × 10^294 |
| 26 | ov_026 | 9.75835762219309 × 10^294 |
| 25 | ov_025 | 1.7879361843322023 × 10^295 |
| 24 | ov_024 | 3.053256056485036 × 10^295 |
| 23 | ov_023 | 5.052999108888691 × 10^295 |
| 22 | ov_022 | 8.114628884627881 × 10^295 |
| 21 | ov_021 | 1.2611890594593616 × 10^296 |
| 20 | ov_020 | 1.8964851007101283 × 10^296 |
| 19 | ov_019 | 2.763996362696924 × 10^296 |
| 18 | ov_018 | 3.915016776392691 × 10^296 |
| 17 | ov_017 | 5.405503178380991 × 10^296 |
| 16 | ov_016 | 7.296095252990748 × 10^296 |
| 15 | ov_015 | 9.652142641243957 × 10^296 |
| 14 | ov_014 | 1.2543741502003291 × 10^297 |
| 13 | ov_013 | 1.60457836101093 × 10^297 |
| 12 | ov_012 | 2.02380215764946 × 10^297 |
| 11 | ov_011 | 2.5205154115744182 × 10^297 |
| 10 | ov_010 | 3.1036935628086946 × 10^297 |
| 9 | ov_009 | 3.782831470580309 × 10^297 |
| 8 | ov_008 | 4.5679606519127476 × 10^297 |
| 7 | ov_007 | 5.469670438474019 × 10^297 |
| 6 | ov_006 | 6.499133617191774 × 10^297 |
| 5 | ov_005 | 7.668137155868774 × 10^297 |
| 4 | ov_004 | 8.989118651449137 × 10^297 |
| 3 | ov_003 | 1.0475209131340644 × 10^298 |
| 2 | ov_002 | 1.2140282740499145 × 10^298 |
| 1 | ov_001 | 1.3999013792712915 × 10^298 |

