# Results for F001-F002-F003-F004-F005-F006-F007-F008-F009-F010-F011-F012-F013-F014-F015-F016-F017-F018-F019-F020-F021-F022-F023-F024-F025-F026-F027-F028-F029-F030-F031-F032-F033-F034-F035-F036-F037-F038-F039-F040-F041-F042-F043-F044-F045-F046-F047-F048-F049-F050-F051-F052-F053-F054-F055-F056-F057-F058-F059-F060-F061-F062-F063-F064-F065-F066-F067-F068-F069-F070-F071-F072-F073-F074-F075-F076-F077-F078-F079-F080-F081-F082-F083-F084-F085-F086-F087-F088-F089-F090-F091-F092-F093-F094-F095-F096-F097-F098-F099-F100-F101-F102-F103-F104-F105-F106-F107-F108-F109-F110-F111-F112-F113-F114-F115-F116-F117-F118-F119-F120-F121-F122-F123-F124-F125-F126-F127-F128-F129-F130-F131-F132-F133-F134-F135-F136-F137-F138-F139-F140-F141-F142-F143-F144-F145-F146-F147-F148-F149-F150-F151-F152-F153-F154-F155-F156-F157-F158-F159-F160-F161-F162-F163-F164-F165-F166-F167-F168-F169-F170-F171-F172-F173-F174-F175-F176-F177-F178-F179-F180-F181-F182-F183-F184-F185-F186-F187-F188-F189-F190-F191-F192-F193-F194-F195-F196-F197-F198-F199-F200-F201-F202-F203-F204-F205-F206-F207-F208-F209-F210-F211-F212-F213-F214-F215-F216-F217-F218-F219-F220-F221-F222-F223-F224-F225-F226-F227-F228-F229-F230-F231-F232-F233-F234-F235-F236-F237-F238-F239-F240-F241-F242-F243-F244-F245-F246-F247-F248-F249-F250-F251-F252-F253-F254-F255-F256-F257-F258-F259-F260-F261-F262-F263-F264-F265-F266-F267-F268-F269-F270-F271-F272-F273-F274-F275-F276-F277-F278-F279-F280-F281-F282-F283-F284-F285-F286-F287-F288-F289-F290-F291-F292-F293-F294-F295-F296-F297-F298-F299-F300-F301-F302-F303-F304-F305-F306-F307-F308-F309-F310-F311-F312-F313-F314-F315-F316-F317-F318-F319-F320-F321-F322-F323-F324-F325-F326-F327-F328-F329-F330-F331-F332-F333-F334-F335-F336-F337-F338-F339-F340-F341-F342-F343-F344-F345-F346-F347-F348-F349-F350-F351-F352-F353-F354-F355-F356-F357-F358-F359-F360-F361-F362-F363-F364-F365-F366-F367-F368-F369-F370-F371-F372-F373-F374-F375-F376-F377-F378-F379-F380-F381-F382-F383-F384-F385-F386-F387-F388-F389-F390-F391-F392-F393-F394-F395-F396-F397-F398-F399-F400-F401-F402-F403-F404-F405-F406-F407-F408-F409-F410-F411-F412-F413-F414-F415-F416-F417-F418-F419-F420-F421-F422-F423-F424-F425-F426-F427-F428-F429-F430-F431-F432-F433-F434-F435-F436-F437-F438-F439-F440-F441-F442-F443-F444-F445-F446-F447-F448-F449-F450-F451-F452-F453-F454-F455-F456-F457-F458-F459-F460-F461-F462-F463-F464-F465-F466-F467-F468-F469-F470-F471-F472-F473-F474-F475-F476-F477-F478-F479-F480-F481-F482-F483-F484-F485-F486-F487-F488-F489-F490-F491-F492-F493-F494-F495-F496-F497-F498-F499-F500-F501-O506509

## Summary

Number of input bits: 512  
Number of free input bits: 10  
Number of output bits: 160

Number of direct occurrences: 41176  
Number of assignments: 31321  
Number of operations: 11305374
(xor: 11275790,
and: 16330,
or: 13254)

Total complexity: 8.002060496215816 × 10^301

Least occurring input variable: iv_502 (3886)  
Most occurring input variable: iv_512 (4379)

Most co-occurring input variables: iv_511-iv_512 (2151)  
Least co-occurring input variables: iv_502-iv_503 (1789)

Potentially most occurring input variable: iv_506/iv_511 (4479)  
Potentially least occurring input variable: iv_505/iv_508 (4140)

Least output occurring input variable: iv_510 (71)  
Most output occurring input variable: iv_506 (84)

Most output co-occurring input variables: iv_506-iv_512 (47)  
Least output co-occurring input variables: iv_508-iv_510 (27)

Potentially most output occurring input variable: iv_502/iv_508 (92)  
Potentially least output occurring input variable: iv_505/iv_507 (61)

Least complex input bit: iv_502 (9.586685009025693 × 10^299)  
Most complex input bit: iv_510 (2.139252345989115 × 10^301)

Least complex output bit: aaa_76_29 (2.4138885290451994 × 10^276)  
Most complex output bit: ov_001 (1.2568255070903543 × 10^301)

Least complex input/output complexity: iv_502/aaa_76_29 (2.8919037772583936 × 10^274)  
Most complex input/output complexity: iv_510/ov_001 (3.35996824294627 × 10^300)

Input variable with highest collision probability: iv_502 (½^160.00000000000054)

## Input Bits

### Input Bits in Regular Order

| Input Bit | Complexity | Occurrences | Output Occurrences | Collision Probability |
|:---------:|:----------:|:-----------:|:------------------:|:---------------------:|
| iv_502 | 9.586685009025693 × 10^299 | 3886 | 74 | ½^160.00000000000054 |
| iv_503 | 1.686098518584223 × 10^300 | 4097 | 74 | ½^160.00000000000068 |
| iv_504 | 2.7699499177776588 × 10^300 | 3944 | 80 | ½^160.0000000000007 |
| iv_505 | 4.353268001572321 × 10^300 | 4129 | 79 | ½^160.00000000000068 |
| iv_506 | 1.7222644433474365 × 10^301 | 4168 | 84 | ½^160.00000000000057 |
| iv_507 | 5.468605980034117 × 10^300 | 4183 | 76 | ½^160.00000000000082 |
| iv_508 | 9.669786432915816 × 10^300 | 4025 | 74 | ½^160.0000000000006 |
| iv_510 | 2.139252345989115 × 10^301 | 4120 | 71 | ½^160.00000000000063 |
| iv_511 | 7.666481219846458 × 10^300 | 4245 | 82 | ½^160.0000000000008 |
| iv_512 | 8.832578497159433 × 10^300 | 4379 | 80 | ½^160.00000000000074 |

### Input Bits Sorted by Complexity

| Input Bit | Complexity | Occurrences | Output Occurrences | Collision Probability |
|:---------:|:----------:|:-----------:|:------------------:|:---------------------:|
| iv_502 | 9.586685009025693 × 10^299 | 3886 | 74 | ½^160.00000000000054 |
| iv_503 | 1.686098518584223 × 10^300 | 4097 | 74 | ½^160.00000000000068 |
| iv_504 | 2.7699499177776588 × 10^300 | 3944 | 80 | ½^160.0000000000007 |
| iv_505 | 4.353268001572321 × 10^300 | 4129 | 79 | ½^160.00000000000068 |
| iv_507 | 5.468605980034117 × 10^300 | 4183 | 76 | ½^160.00000000000082 |
| iv_511 | 7.666481219846458 × 10^300 | 4245 | 82 | ½^160.0000000000008 |
| iv_512 | 8.832578497159433 × 10^300 | 4379 | 80 | ½^160.00000000000074 |
| iv_508 | 9.669786432915816 × 10^300 | 4025 | 74 | ½^160.0000000000006 |
| iv_506 | 1.7222644433474365 × 10^301 | 4168 | 84 | ½^160.00000000000057 |
| iv_510 | 2.139252345989115 × 10^301 | 4120 | 71 | ½^160.00000000000063 |

### Input Bits Sorted by Occurrences

| Input Bit | Complexity | Occurrences | Output Occurrences | Collision Probability |
|:---------:|:----------:|:-----------:|:------------------:|:---------------------:|
| iv_502 | 9.586685009025693 × 10^299 | 3886 | 74 | ½^160.00000000000054 |
| iv_504 | 2.7699499177776588 × 10^300 | 3944 | 80 | ½^160.0000000000007 |
| iv_508 | 9.669786432915816 × 10^300 | 4025 | 74 | ½^160.0000000000006 |
| iv_503 | 1.686098518584223 × 10^300 | 4097 | 74 | ½^160.00000000000068 |
| iv_510 | 2.139252345989115 × 10^301 | 4120 | 71 | ½^160.00000000000063 |
| iv_505 | 4.353268001572321 × 10^300 | 4129 | 79 | ½^160.00000000000068 |
| iv_506 | 1.7222644433474365 × 10^301 | 4168 | 84 | ½^160.00000000000057 |
| iv_507 | 5.468605980034117 × 10^300 | 4183 | 76 | ½^160.00000000000082 |
| iv_511 | 7.666481219846458 × 10^300 | 4245 | 82 | ½^160.0000000000008 |
| iv_512 | 8.832578497159433 × 10^300 | 4379 | 80 | ½^160.00000000000074 |

### Input Bits Sorted by Output Occurrences

| Input Bit | Complexity | Occurrences | Output Occurrences | Collision Probability |
|:---------:|:----------:|:-----------:|:------------------:|:---------------------:|
| iv_510 | 2.139252345989115 × 10^301 | 4120 | 71 | ½^160.00000000000063 |
| iv_502 | 9.586685009025693 × 10^299 | 3886 | 74 | ½^160.00000000000054 |
| iv_503 | 1.686098518584223 × 10^300 | 4097 | 74 | ½^160.00000000000068 |
| iv_508 | 9.669786432915816 × 10^300 | 4025 | 74 | ½^160.0000000000006 |
| iv_507 | 5.468605980034117 × 10^300 | 4183 | 76 | ½^160.00000000000082 |
| iv_505 | 4.353268001572321 × 10^300 | 4129 | 79 | ½^160.00000000000068 |
| iv_504 | 2.7699499177776588 × 10^300 | 3944 | 80 | ½^160.0000000000007 |
| iv_512 | 8.832578497159433 × 10^300 | 4379 | 80 | ½^160.00000000000074 |
| iv_511 | 7.666481219846458 × 10^300 | 4245 | 82 | ½^160.0000000000008 |
| iv_506 | 1.7222644433474365 × 10^301 | 4168 | 84 | ½^160.00000000000057 |

### Input Bits Sorted by Collision Probability

| Input Bit | Complexity | Occurrences | Output Occurrences | Collision Probability |
|:---------:|:----------:|:-----------:|:------------------:|:---------------------:|
| iv_502 | 9.586685009025693 × 10^299 | 3886 | 74 | ½^160.00000000000054 |
| iv_506 | 1.7222644433474365 × 10^301 | 4168 | 84 | ½^160.00000000000057 |
| iv_508 | 9.669786432915816 × 10^300 | 4025 | 74 | ½^160.0000000000006 |
| iv_510 | 2.139252345989115 × 10^301 | 4120 | 71 | ½^160.00000000000063 |
| iv_503 | 1.686098518584223 × 10^300 | 4097 | 74 | ½^160.00000000000068 |
| iv_505 | 4.353268001572321 × 10^300 | 4129 | 79 | ½^160.00000000000068 |
| iv_504 | 2.7699499177776588 × 10^300 | 3944 | 80 | ½^160.0000000000007 |
| iv_512 | 8.832578497159433 × 10^300 | 4379 | 80 | ½^160.00000000000074 |
| iv_511 | 7.666481219846458 × 10^300 | 4245 | 82 | ½^160.0000000000008 |
| iv_507 | 5.468605980034117 × 10^300 | 4183 | 76 | ½^160.00000000000082 |

## Input Bit/Output Bit Collision Probabilities

| Input Bit | Output Bit | Collision Probability |
|:---------:|:----------:|:---------------------:|
| iv_506 | ov_145 | 0.500000000000004 |
| iv_502 | ov_084 | 0.5000000000000024 |
| iv_506 | ov_062 | 0.5000000000000023 |
| iv_502 | ov_068 | 0.5000000000000022 |
| iv_502 | ov_071 | 0.5000000000000022 |
| iv_503 | ov_124 | 0.500000000000002 |
| iv_502 | ov_137 | 0.5000000000000019 |
| iv_503 | ov_073 | 0.5000000000000019 |
| iv_502 | ov_045 | 0.5000000000000018 |
| iv_502 | ov_148 | 0.5000000000000018 |

## Input Bit Co-occurrences

### Input Bit Co-occurrences Sorted by Co-occurrences

| Input Bits | Co-occurrences | Potential Occurrences | Output Co-occurrences | Potential Output Occurrences |
|:----------:|:--------------:|:---------------------:|:---------------------:|:----------------------------:|
| iv_511-iv_512 | 2151 | 4322 | 45 | 72 |
| iv_505-iv_512 | 2075 | 4358 | 45 | 69 |
| iv_503-iv_512 | 2074 | 4328 | 36 | 82 |
| iv_507-iv_512 | 2071 | 4420 | 34 | 88 |
| iv_510-iv_512 | 2070 | 4359 | 36 | 79 |
| iv_503-iv_511 | 2051 | 4240 | 42 | 72 |
| iv_508-iv_512 | 2043 | 4318 | 34 | 86 |
| iv_506-iv_512 | 2037 | 4473 | 47 | 70 |
| iv_506-iv_507 | 2035 | 4281 | 44 | 72 |
| iv_503-iv_507 | 2034 | 4212 | 32 | 86 |

### Input Bit Co-occurrences Sorted by Potential Occurrences

| Input Bits | Co-occurrences | Potential Occurrences | Output Co-occurrences | Potential Output Occurrences |
|:----------:|:--------------:|:---------------------:|:---------------------:|:----------------------------:|
| iv_505-iv_508 | 2007 | 4140 | 39 | 75 |
| iv_507-iv_508 | 2014 | 4180 | 32 | 86 |
| iv_502-iv_505 | 1907 | 4201 | 33 | 87 |
| iv_504-iv_508 | 1879 | 4211 | 44 | 66 |
| iv_503-iv_507 | 2034 | 4212 | 32 | 86 |
| iv_507-iv_510 | 2033 | 4237 | 37 | 73 |
| iv_503-iv_511 | 2051 | 4240 | 42 | 72 |
| iv_502-iv_504 | 1794 | 4242 | 36 | 82 |
| iv_504-iv_505 | 1909 | 4255 | 35 | 89 |
| iv_506-iv_507 | 2035 | 4281 | 44 | 72 |

### Input Bit Output Co-occurrences Sorted by Output Co-occurrences

| Input Bits | Co-occurrences | Potential Occurrences | Output Co-occurrences | Potential Output Occurrences |
|:----------:|:--------------:|:---------------------:|:---------------------:|:----------------------------:|
| iv_505-iv_507 | 1942 | 4428 | 47 | 61 |
| iv_506-iv_512 | 2037 | 4473 | 47 | 70 |
| iv_505-iv_512 | 2075 | 4358 | 45 | 69 |
| iv_506-iv_511 | 1967 | 4479 | 45 | 76 |
| iv_511-iv_512 | 2151 | 4322 | 45 | 72 |
| iv_502-iv_506 | 1870 | 4314 | 44 | 70 |
| iv_504-iv_508 | 1879 | 4211 | 44 | 66 |
| iv_506-iv_507 | 2035 | 4281 | 44 | 72 |
| iv_503-iv_511 | 2051 | 4240 | 42 | 72 |
| iv_504-iv_511 | 1933 | 4323 | 42 | 78 |

### Input Bit Output Co-occurrences Sorted by Potential Output Occurrences

| Input Bits | Co-occurrences | Potential Occurrences | Output Co-occurrences | Potential Output Occurrences |
|:----------:|:--------------:|:---------------------:|:---------------------:|:----------------------------:|
| iv_505-iv_507 | 1942 | 4428 | 47 | 61 |
| iv_504-iv_508 | 1879 | 4211 | 44 | 66 |
| iv_505-iv_512 | 2075 | 4358 | 45 | 69 |
| iv_502-iv_506 | 1870 | 4314 | 44 | 70 |
| iv_506-iv_512 | 2037 | 4473 | 47 | 70 |
| iv_503-iv_511 | 2051 | 4240 | 42 | 72 |
| iv_506-iv_507 | 2035 | 4281 | 44 | 72 |
| iv_508-iv_511 | 1987 | 4296 | 42 | 72 |
| iv_511-iv_512 | 2151 | 4322 | 45 | 72 |
| iv_507-iv_510 | 2033 | 4237 | 37 | 73 |

## Output Bits

### Output Bits in Regular Order

| Rank | Output Bit | Complexity |
|:----:|:----------:|:----------:|
| 1 | ov_001 | 1.2568255070903543 × 10^301 |
| 2 | ov_002 | 1.0943995644035565 × 10^301 |
| 3 | ov_003 | 9.475995350672874 × 10^300 |
| 4 | ov_004 | 8.15778398895156 × 10^300 |
| 5 | ov_005 | 6.983246115254216 × 10^300 |
| 6 | ov_006 | 5.941115684214515 × 10^300 |
| 7 | ov_007 | 5.02072071746027 × 10^300 |
| 8 | ov_008 | 4.2119472620945494 × 10^300 |
| 9 | ov_009 | 3.505208384572552 × 10^300 |
| 10 | ov_010 | 2.8914176345402577 × 10^300 |
| 11 | ov_011 | 2.3619665442981023 × 10^300 |
| 12 | ov_012 | 1.908705853934603 × 10^300 |
| 13 | ov_013 | 1.5239301760143625 × 10^300 |
| 14 | ov_014 | 1.2003657489134058 × 10^300 |
| 15 | ov_015 | 9.31160868599062 × 10^299 |
| 16 | ov_016 | 7.098785898106491 × 10^299 |
| 17 | ov_017 | 5.304913179582666 × 10^299 |
| 18 | ov_018 | 3.873769432942812 × 10^299 |
| 19 | ov_019 | 2.7531619907215685 × 10^299 |
| 20 | ov_020 | 1.894909555224273 × 10^299 |
| 21 | ov_021 | 1.2548319156630567 × 10^299 |
| 22 | ov_022 | 7.92744162652157 × 10^298 |
| 23 | ov_023 | 4.724535068765231 × 10^298 |
| 24 | ov_024 | 2.6175741632871667 × 10^298 |
| 25 | ov_025 | 1.3244245357598974 × 10^298 |
| 26 | ov_026 | 6.028357785299366 × 10^297 |
| 27 | ov_027 | 2.504377032724292 × 10^297 |
| 28 | ov_028 | 1.0473860146755973 × 10^297 |
| 29 | ov_029 | 4.31245794981941 × 10^296 |
| 30 | ov_030 | 1.4258104162747527 × 10^296 |
| 31 | ov_031 | 3.44983395969968 × 10^295 |
| 32 | lv_80_k31 | 8.344496894550745 × 10^294 |
| 33 | ov_033 | 9.99547473299325 × 10^295 |
| 34 | ov_034 | 8.646674895344122 × 10^295 |
| 35 | ov_035 | 7.443637472244089 × 10^295 |
| 36 | ov_036 | 6.374489863151558 × 10^295 |
| 37 | ov_037 | 5.428004971982181 × 10^295 |
| 38 | ov_038 | 4.5935552824681475 × 10^295 |
| 39 | ov_039 | 3.861073033471456 × 10^295 |
| 40 | ov_040 | 3.2210159312322574 × 10^295 |
| 41 | ov_041 | 2.6643378637630927 × 10^295 |
| 42 | ov_042 | 2.1824641103687468 × 10^295 |
| 43 | ov_043 | 1.7672705666550404 × 10^295 |
| 44 | ov_044 | 1.4110665324425367 × 10^295 |
| 45 | ov_045 | 1.1065806367681926 × 10^295 |
| 46 | ov_046 | 8.502804502571803 × 10^294 |
| 47 | ov_047 | 6.388350233329632 × 10^294 |
| 48 | ov_048 | 4.691109462431779 × 10^294 |
| 49 | ov_049 | 3.3542273283329214 × 10^294 |
| 50 | ov_050 | 2.3246784986681303 × 10^294 |
| 51 | ov_051 | 1.55323995066764 × 10^294 |
| 52 | ov_052 | 9.944726484848578 × 10^293 |
| 53 | ov_053 | 6.067099404282049 × 10^293 |
| 54 | ov_054 | 3.52050755657172 × 10^293 |
| 55 | ov_055 | 1.9635593626265723 × 10^293 |
| 56 | ov_056 | 1.0924635285792186 × 10^293 |
| 57 | ov_057 | 6.410189984260468 × 10^292 |
| 58 | ov_058 | 3.8060931562239443 × 10^292 |
| 59 | ov_059 | 2.0632189824244758 × 10^292 |
| 60 | ov_060 | 9.936682266513125 × 10^291 |
| 61 | ov_061 | 4.095428843696331 × 10^291 |
| 62 | ov_062 | 1.3553269506652454 × 10^291 |
| 63 | ov_063 | 3.2825004936584406 × 10^290 |
| 64 | lv_79_k31 | 7.947173478227087 × 10^289 |
| 65 | ov_065 | 9.450612007580765 × 10^290 |
| 66 | ov_066 | 9.450593117309345 × 10^290 |
| 67 | ov_067 | 9.450587218817607 × 10^290 |
| 68 | ov_068 | 8.191843625910577 × 10^290 |
| 69 | ov_069 | 7.059576109168467 × 10^290 |
| 70 | ov_070 | 6.048853435982886 × 10^290 |
| 71 | ov_071 | 5.150504986411379 × 10^290 |
| 72 | ov_072 | 4.3557876383730324 × 10^290 |
| 73 | ov_073 | 3.656363199098453 × 10^290 |
| 74 | ov_074 | 3.0442807926545505 × 10^290 |
| 75 | ov_075 | 2.511963318863954 × 10^290 |
| 76 | ov_076 | 2.052197146213019 × 10^290 |
| 77 | ov_077 | 1.658124247073518 × 10^290 |
| 78 | ov_078 | 1.3232360280492673 × 10^290 |
| 79 | ov_079 | 1.041368226477338 × 10^290 |
| 80 | ov_080 | 8.066965058154034 × 10^289 |
| 81 | ov_081 | 6.1373262823001965 × 10^289 |
| 82 | ov_082 | 4.573211629592716 × 10^289 |
| 83 | ov_083 | 3.32636689231008 × 10^289 |
| 84 | ov_084 | 2.3518145265150277 × 10^289 |
| 85 | ov_085 | 1.6078343405975286 × 10^289 |
| 86 | ov_086 | 1.0559478988771844 × 10^289 |
| 87 | ov_087 | 6.60906230910835 × 10^288 |
| 88 | ov_088 | 3.906804372839121 × 10^288 |
| 89 | ov_089 | 2.164547827405532 × 10^288 |
| 90 | ov_090 | 1.126218675521247 × 10^288 |
| 91 | ov_091 | 5.677946804909425 × 10^287 |
| 92 | ov_092 | 2.972864069497102 × 10^287 |
| 93 | ov_093 | 1.547270436548741 × 10^287 |
| 94 | ov_094 | 6.813800258757309 × 10^286 |
| 95 | aaa_78_28 | 2.1511453549833777 × 10^286 |
| 96 | aaa_78_29 | 7.929399255682603 × 10^285 |
| 97 | ov_097 | 6.653059703662839 × 10^285 |
| 98 | ov_098 | 6.652992182015561 × 10^285 |
| 99 | ov_099 | 6.652970616006036 × 10^285 |
| 100 | ov_100 | 5.492647717419785 × 10^285 |
| 101 | ov_101 | 4.49895979238175 × 10^285 |
| 102 | ov_102 | 3.6552995543904396 × 10^285 |
| 103 | ov_103 | 2.945970760153129 × 10^285 |
| 104 | ov_104 | 2.356121586277204 × 10^285 |
| 105 | ov_105 | 1.8716866690333412 × 10^285 |
| 106 | ov_106 | 1.479337017747058 × 10^285 |
| 107 | ov_107 | 1.16643705462434 × 10^285 |
| 108 | ov_108 | 9.210080743180035 × 10^284 |
| 109 | ov_109 | 7.316974556003887 × 10^284 |
| 110 | ov_110 | 5.8775299539349535 × 10^284 |
| 111 | ov_111 | 4.790017723522267 × 10^284 |
| 112 | ov_112 | 3.9583298340040465 × 10^284 |
| 113 | ov_113 | 3.291842322542776 × 10^284 |
| 114 | ov_114 | 2.7053078417626408 × 10^284 |
| 115 | ov_115 | 2.1934933818639884 × 10^284 |
| 116 | ov_116 | 1.7512100645677966 × 10^284 |
| 117 | ov_117 | 1.3732994398289337 × 10^284 |
| 118 | ov_118 | 1.054622910760724 × 10^284 |
| 119 | ov_119 | 7.900539431798537 × 10^283 |
| 120 | ov_120 | 5.744727163226803 × 10^283 |
| 121 | ov_121 | 4.027628713529299 × 10^283 |
| 122 | ov_122 | 2.6980985938639703 × 10^283 |
| 123 | ov_123 | 1.7050016674735356 × 10^283 |
| 124 | ov_124 | 9.972086403167584 × 10^282 |
| 125 | ov_125 | 5.2359310265829516 × 10^282 |
| 126 | ov_126 | 2.330298277218916 × 10^282 |
| 127 | aaa_77_28 | 7.439396664721325 × 10^281 |
| 128 | aaa_77_29 | 2.788030766386359 × 10^281 |
| 129 | ov_129 | 2.56876553429356 × 10^281 |
| 130 | ov_130 | 2.5687596617947023 × 10^281 |
| 131 | ov_131 | 2.5687577751808586 × 10^281 |
| 132 | ov_132 | 2.2248344883656647 × 10^281 |
| 133 | ov_133 | 1.9169545547979524 × 10^281 |
| 134 | ov_134 | 1.6423657713580028 × 10^281 |
| 135 | ov_135 | 1.3984694891548338 × 10^281 |
| 136 | ov_136 | 1.1828093938798436 × 10^281 |
| 137 | ov_137 | 9.930617097205204 × 10^280 |
| 138 | ov_138 | 8.270267268738963 × 10^280 |
| 139 | ov_139 | 6.826215342252982 × 10^280 |
| 140 | ov_140 | 5.57873837203654 × 10^280 |
| 141 | ov_141 | 4.509167474253398 × 10^280 |
| 142 | ov_142 | 3.599844371808331 × 10^280 |
| 143 | ov_143 | 2.834085581381717 × 10^280 |
| 144 | ov_144 | 2.196153298644304 × 10^280 |
| 145 | ov_145 | 1.671232099258284 × 10^280 |
| 146 | ov_146 | 1.2454106343871497 × 10^280 |
| 147 | ov_147 | 9.056675602316351 × 10^279 |
| 148 | ov_148 | 6.398610016995048 × 10^279 |
| 149 | ov_149 | 4.3672091078518917 × 10^279 |
| 150 | ov_150 | 2.858437406339931 × 10^279 |
| 151 | ov_151 | 1.776889166252215 × 10^279 |
| 152 | ov_152 | 1.0357664614539119 × 10^279 |
| 153 | ov_153 | 5.5686669045853236 × 10^278 |
| 154 | ov_154 | 2.705761109442867 × 10^278 |
| 155 | ov_155 | 1.1586671822591654 × 10^278 |
| 156 | aaa_76_25 | 4.0294785108847306 × 10^277 |
| 157 | aaa_76_26 | 2.480196107277295 × 10^277 |
| 158 | aaa_76_27 | 1.3600614391615337 × 10^277 |
| 159 | aaa_76_28 | 6.410208344932305 × 10^276 |
| 160 | aaa_76_29 | 2.4138885290451994 × 10^276 |

### Output Bits Sorted by Complexity

| Rank | Output Bit | Complexity |
|:----:|:----------:|:----------:|
| 160 | aaa_76_29 | 2.4138885290451994 × 10^276 |
| 159 | aaa_76_28 | 6.410208344932305 × 10^276 |
| 158 | aaa_76_27 | 1.3600614391615337 × 10^277 |
| 157 | aaa_76_26 | 2.480196107277295 × 10^277 |
| 156 | aaa_76_25 | 4.0294785108847306 × 10^277 |
| 155 | ov_155 | 1.1586671822591654 × 10^278 |
| 154 | ov_154 | 2.705761109442867 × 10^278 |
| 153 | ov_153 | 5.5686669045853236 × 10^278 |
| 152 | ov_152 | 1.0357664614539119 × 10^279 |
| 151 | ov_151 | 1.776889166252215 × 10^279 |
| 150 | ov_150 | 2.858437406339931 × 10^279 |
| 149 | ov_149 | 4.3672091078518917 × 10^279 |
| 148 | ov_148 | 6.398610016995048 × 10^279 |
| 147 | ov_147 | 9.056675602316351 × 10^279 |
| 146 | ov_146 | 1.2454106343871497 × 10^280 |
| 145 | ov_145 | 1.671232099258284 × 10^280 |
| 144 | ov_144 | 2.196153298644304 × 10^280 |
| 143 | ov_143 | 2.834085581381717 × 10^280 |
| 142 | ov_142 | 3.599844371808331 × 10^280 |
| 141 | ov_141 | 4.509167474253398 × 10^280 |
| 140 | ov_140 | 5.57873837203654 × 10^280 |
| 139 | ov_139 | 6.826215342252982 × 10^280 |
| 138 | ov_138 | 8.270267268738963 × 10^280 |
| 137 | ov_137 | 9.930617097205204 × 10^280 |
| 136 | ov_136 | 1.1828093938798436 × 10^281 |
| 135 | ov_135 | 1.3984694891548338 × 10^281 |
| 134 | ov_134 | 1.6423657713580028 × 10^281 |
| 133 | ov_133 | 1.9169545547979524 × 10^281 |
| 132 | ov_132 | 2.2248344883656647 × 10^281 |
| 131 | ov_131 | 2.5687577751808586 × 10^281 |
| 130 | ov_130 | 2.5687596617947023 × 10^281 |
| 129 | ov_129 | 2.56876553429356 × 10^281 |
| 128 | aaa_77_29 | 2.788030766386359 × 10^281 |
| 127 | aaa_77_28 | 7.439396664721325 × 10^281 |
| 126 | ov_126 | 2.330298277218916 × 10^282 |
| 125 | ov_125 | 5.2359310265829516 × 10^282 |
| 124 | ov_124 | 9.972086403167584 × 10^282 |
| 123 | ov_123 | 1.7050016674735356 × 10^283 |
| 122 | ov_122 | 2.6980985938639703 × 10^283 |
| 121 | ov_121 | 4.027628713529299 × 10^283 |
| 120 | ov_120 | 5.744727163226803 × 10^283 |
| 119 | ov_119 | 7.900539431798537 × 10^283 |
| 118 | ov_118 | 1.054622910760724 × 10^284 |
| 117 | ov_117 | 1.3732994398289337 × 10^284 |
| 116 | ov_116 | 1.7512100645677966 × 10^284 |
| 115 | ov_115 | 2.1934933818639884 × 10^284 |
| 114 | ov_114 | 2.7053078417626408 × 10^284 |
| 113 | ov_113 | 3.291842322542776 × 10^284 |
| 112 | ov_112 | 3.9583298340040465 × 10^284 |
| 111 | ov_111 | 4.790017723522267 × 10^284 |
| 110 | ov_110 | 5.8775299539349535 × 10^284 |
| 109 | ov_109 | 7.316974556003887 × 10^284 |
| 108 | ov_108 | 9.210080743180035 × 10^284 |
| 107 | ov_107 | 1.16643705462434 × 10^285 |
| 106 | ov_106 | 1.479337017747058 × 10^285 |
| 105 | ov_105 | 1.8716866690333412 × 10^285 |
| 104 | ov_104 | 2.356121586277204 × 10^285 |
| 103 | ov_103 | 2.945970760153129 × 10^285 |
| 102 | ov_102 | 3.6552995543904396 × 10^285 |
| 101 | ov_101 | 4.49895979238175 × 10^285 |
| 100 | ov_100 | 5.492647717419785 × 10^285 |
| 99 | ov_099 | 6.652970616006036 × 10^285 |
| 98 | ov_098 | 6.652992182015561 × 10^285 |
| 97 | ov_097 | 6.653059703662839 × 10^285 |
| 96 | aaa_78_29 | 7.929399255682603 × 10^285 |
| 95 | aaa_78_28 | 2.1511453549833777 × 10^286 |
| 94 | ov_094 | 6.813800258757309 × 10^286 |
| 93 | ov_093 | 1.547270436548741 × 10^287 |
| 92 | ov_092 | 2.972864069497102 × 10^287 |
| 91 | ov_091 | 5.677946804909425 × 10^287 |
| 90 | ov_090 | 1.126218675521247 × 10^288 |
| 89 | ov_089 | 2.164547827405532 × 10^288 |
| 88 | ov_088 | 3.906804372839121 × 10^288 |
| 87 | ov_087 | 6.60906230910835 × 10^288 |
| 86 | ov_086 | 1.0559478988771844 × 10^289 |
| 85 | ov_085 | 1.6078343405975286 × 10^289 |
| 84 | ov_084 | 2.3518145265150277 × 10^289 |
| 83 | ov_083 | 3.32636689231008 × 10^289 |
| 82 | ov_082 | 4.573211629592716 × 10^289 |
| 81 | ov_081 | 6.1373262823001965 × 10^289 |
| 64 | lv_79_k31 | 7.947173478227087 × 10^289 |
| 80 | ov_080 | 8.066965058154034 × 10^289 |
| 79 | ov_079 | 1.041368226477338 × 10^290 |
| 78 | ov_078 | 1.3232360280492673 × 10^290 |
| 77 | ov_077 | 1.658124247073518 × 10^290 |
| 76 | ov_076 | 2.052197146213019 × 10^290 |
| 75 | ov_075 | 2.511963318863954 × 10^290 |
| 74 | ov_074 | 3.0442807926545505 × 10^290 |
| 63 | ov_063 | 3.2825004936584406 × 10^290 |
| 73 | ov_073 | 3.656363199098453 × 10^290 |
| 72 | ov_072 | 4.3557876383730324 × 10^290 |
| 71 | ov_071 | 5.150504986411379 × 10^290 |
| 70 | ov_070 | 6.048853435982886 × 10^290 |
| 69 | ov_069 | 7.059576109168467 × 10^290 |
| 68 | ov_068 | 8.191843625910577 × 10^290 |
| 67 | ov_067 | 9.450587218817607 × 10^290 |
| 66 | ov_066 | 9.450593117309345 × 10^290 |
| 65 | ov_065 | 9.450612007580765 × 10^290 |
| 62 | ov_062 | 1.3553269506652454 × 10^291 |
| 61 | ov_061 | 4.095428843696331 × 10^291 |
| 60 | ov_060 | 9.936682266513125 × 10^291 |
| 59 | ov_059 | 2.0632189824244758 × 10^292 |
| 58 | ov_058 | 3.8060931562239443 × 10^292 |
| 57 | ov_057 | 6.410189984260468 × 10^292 |
| 56 | ov_056 | 1.0924635285792186 × 10^293 |
| 55 | ov_055 | 1.9635593626265723 × 10^293 |
| 54 | ov_054 | 3.52050755657172 × 10^293 |
| 53 | ov_053 | 6.067099404282049 × 10^293 |
| 52 | ov_052 | 9.944726484848578 × 10^293 |
| 51 | ov_051 | 1.55323995066764 × 10^294 |
| 50 | ov_050 | 2.3246784986681303 × 10^294 |
| 49 | ov_049 | 3.3542273283329214 × 10^294 |
| 48 | ov_048 | 4.691109462431779 × 10^294 |
| 47 | ov_047 | 6.388350233329632 × 10^294 |
| 32 | lv_80_k31 | 8.344496894550745 × 10^294 |
| 46 | ov_046 | 8.502804502571803 × 10^294 |
| 45 | ov_045 | 1.1065806367681926 × 10^295 |
| 44 | ov_044 | 1.4110665324425367 × 10^295 |
| 43 | ov_043 | 1.7672705666550404 × 10^295 |
| 42 | ov_042 | 2.1824641103687468 × 10^295 |
| 41 | ov_041 | 2.6643378637630927 × 10^295 |
| 40 | ov_040 | 3.2210159312322574 × 10^295 |
| 31 | ov_031 | 3.44983395969968 × 10^295 |
| 39 | ov_039 | 3.861073033471456 × 10^295 |
| 38 | ov_038 | 4.5935552824681475 × 10^295 |
| 37 | ov_037 | 5.428004971982181 × 10^295 |
| 36 | ov_036 | 6.374489863151558 × 10^295 |
| 35 | ov_035 | 7.443637472244089 × 10^295 |
| 34 | ov_034 | 8.646674895344122 × 10^295 |
| 33 | ov_033 | 9.99547473299325 × 10^295 |
| 30 | ov_030 | 1.4258104162747527 × 10^296 |
| 29 | ov_029 | 4.31245794981941 × 10^296 |
| 28 | ov_028 | 1.0473860146755973 × 10^297 |
| 27 | ov_027 | 2.504377032724292 × 10^297 |
| 26 | ov_026 | 6.028357785299366 × 10^297 |
| 25 | ov_025 | 1.3244245357598974 × 10^298 |
| 24 | ov_024 | 2.6175741632871667 × 10^298 |
| 23 | ov_023 | 4.724535068765231 × 10^298 |
| 22 | ov_022 | 7.92744162652157 × 10^298 |
| 21 | ov_021 | 1.2548319156630567 × 10^299 |
| 20 | ov_020 | 1.894909555224273 × 10^299 |
| 19 | ov_019 | 2.7531619907215685 × 10^299 |
| 18 | ov_018 | 3.873769432942812 × 10^299 |
| 17 | ov_017 | 5.304913179582666 × 10^299 |
| 16 | ov_016 | 7.098785898106491 × 10^299 |
| 15 | ov_015 | 9.31160868599062 × 10^299 |
| 14 | ov_014 | 1.2003657489134058 × 10^300 |
| 13 | ov_013 | 1.5239301760143625 × 10^300 |
| 12 | ov_012 | 1.908705853934603 × 10^300 |
| 11 | ov_011 | 2.3619665442981023 × 10^300 |
| 10 | ov_010 | 2.8914176345402577 × 10^300 |
| 9 | ov_009 | 3.505208384572552 × 10^300 |
| 8 | ov_008 | 4.2119472620945494 × 10^300 |
| 7 | ov_007 | 5.02072071746027 × 10^300 |
| 6 | ov_006 | 5.941115684214515 × 10^300 |
| 5 | ov_005 | 6.983246115254216 × 10^300 |
| 4 | ov_004 | 8.15778398895156 × 10^300 |
| 3 | ov_003 | 9.475995350672874 × 10^300 |
| 2 | ov_002 | 1.0943995644035565 × 10^301 |
| 1 | ov_001 | 1.2568255070903543 × 10^301 |

