# Results for F001-F002-F003-F004-F005-F006-F007-F008-F009-F010-F011-F012-F013-F014-F015-F016-F017-F018-F019-F020-F021-F022-F023-F024-F025-F026-F027-F028-F029-F030-F031-F032-F033-F034-F035-F036-F037-F038-F039-F040-F041-F042-F043-F044-F045-F046-F047-F048-F049-F050-F051-F052-F053-F054-F055-F056-F057-F058-F059-F060-F061-F062-F063-F064-F065-F066-F067-F068-F069-F070-F071-F072-F073-F074-F075-F076-F077-F078-F079-F080-F081-F082-F083-F084-F085-F086-F087-F088-F089-F090-F091-F092-F093-F094-F095-F096-F097-F098-F099-F100-F101-F102-F103-F104-F105-F106-F107-F108-F109-F110-F111-F112-F113-F114-F115-F116-F117-F118-F119-F120-F121-F122-F123-F124-F125-F126-F127-F128-F129-F130-F131-F132-F133-F134-F135-F136-F137-F138-F139-F140-F141-F142-F143-F144-F145-F146-F147-F148-F149-F150-F151-F152-F153-F154-F155-F156-F157-F158-F159-F160-F161-F162-F163-F164-F165-F166-F167-F168-F169-F170-F171-F172-F173-F174-F175-F176-F177-F178-F179-F180-F181-F182-F183-F184-F185-F186-F187-F188-F189-F190-F191-F192-F193-F194-F195-F196-F197-F198-F199-F200-F201-F202-F203-F204-F205-F206-F207-F208-F209-F210-F211-F212-F213-F214-F215-F216-F217-F218-F219-F220-F221-F222-F223-F224-F225-F226-F227-F228-F229-F230-F231-F232-F233-F234-F235-F236-F237-F238-F239-F240-F241-F242-F243-F244-F245-F246-F247-F248-F249-F250-F251-F252-F253-F254-F255-F256-F257-F258-F259-F260-F261-F262-F263-F264-F265-F266-F267-F268-F269-F270-F271-F272-F273-F274-F275-F276-F277-F278-F279-F280-F281-F282-F283-F284-F285-F286-F287-F288-F289-F290-F291-F292-F293-F294-F295-F296-F297-F298-F299-F300-F301-F302-F303-F304-F305-F306-F307-F308-F309-F310-F311-F312-F313-F314-F315-F316-F317-F318-F319-F320-F321-F322-F323-F324-F325-F326-F327-F328-F329-F330-F331-F332-F333-F334-F335-F336-F337-F338-F339-F340-F341-F342-F343-F344-F345-F346-F347-F348-F349-F350-F351-F352-F353-F354-F355-F356-F357-F358-F359-F360-F361-F362-F363-F364-F365-F366-F367-F368-F369-F370-F371-F372-F373-F374-F375-F376-F377-F378-F379-F380-F381-F382-F383-F384-F385-F386-F387-F388-F389-F390-F391-F392-F393-F394-F395-F396-F397-F398-F399-F400-F401-F402-F403-F404-F405-F406-F407-F408-F409-F410-F411-F412-F413-F414-F415-F416-F417-F418-F419-F420-F421-F422-F423-F424-F425-F426-F427-F428-F429-F430-F431-F432-F433-F434-F435-F436-F437-F438-F439-F440-F441-F442-F443-F444-F445-F446-F447-F448-F449-F450-F451-F452-F453-F454-F455-F456-F457-F458-F459-F460-F461-F462-F463-F464-F465-F466-F467-F468-F469-F470-F471-F472-F473-F474-F475-F476-F477-F478-F479-F480-F481-F482-F483-F484-F485-F486-F487-F488-F489-F490-F491-F492-F493-F494-F495-F496-T503-F507-F508-F509-F510-F512

## Summary

Number of input bits: 512  
Number of free input bits: 10  
Number of output bits: 160

Number of direct occurrences: 41499  
Number of assignments: 31351  
Number of operations: 11529168
(xor: 11500374,
and: 15480,
or: 13314)

Total complexity: 2.3258651369673763 × 10^304

Least occurring input variable: iv_499 (4050)  
Most occurring input variable: iv_511 (4280)

Most co-occurring input variables: iv_497-iv_506 (2029)  
Least co-occurring input variables: iv_499-iv_500 (1851)

Potentially most occurring input variable: iv_498/iv_511 (4617)  
Potentially least occurring input variable: iv_499/iv_504 (4195)

Least output occurring input variable: iv_505 (70)  
Most output occurring input variable: iv_501 (83)

Most output co-occurring input variables: iv_498-iv_502 (45)  
Least output co-occurring input variables: iv_504-iv_505 (28)

Potentially most output occurring input variable: iv_499/iv_505 (89)  
Potentially least output occurring input variable: iv_499/iv_504 (64)

Least complex input bit: iv_511 (1.3281133792402765 × 10^299)  
Most complex input bit: iv_505 (8.809164812520181 × 10^303)

Least complex output bit: aaa_76_29 (1.0494764724309023 × 10^279)  
Most complex output bit: ov_001 (3.6364071642768086 × 10^303)

Least complex input/output complexity: iv_511/aaa_76_29 (5.992710936158291 × 10^273)  
Most complex input/output complexity: iv_505/ov_001 (1.3772814909342201 × 10^303)

## Input Bits

### Input Bits in Regular Order

| Input Bit | Complexity | Occurrences | Output Occurrences |
|:---------:|:----------:|:-----------:|:------------------:|
| iv_497 | 1.5938295032549975 × 10^302 | 4214 | 76 |
| iv_498 | 3.1792024948697117 × 10^302 | 4167 | 80 |
| iv_499 | 5.708749199691313 × 10^302 | 4050 | 77 |
| iv_500 | 9.819745912836967 × 10^302 | 4114 | 74 |
| iv_501 | 1.6463419936627122 × 10^303 | 4153 | 83 |
| iv_502 | 2.700492688612886 × 10^303 | 4067 | 78 |
| iv_504 | 6.811857965317555 × 10^303 | 4085 | 73 |
| iv_505 | 8.809164812520181 × 10^303 | 4164 | 70 |
| iv_506 | 1.260508387157229 × 10^303 | 4205 | 76 |
| iv_511 | 1.3281133792402765 × 10^299 | 4280 | 77 |

### Input Bits Sorted by Complexity

| Input Bit | Complexity | Occurrences | Output Occurrences |
|:---------:|:----------:|:-----------:|:------------------:|
| iv_511 | 1.3281133792402765 × 10^299 | 4280 | 77 |
| iv_497 | 1.5938295032549975 × 10^302 | 4214 | 76 |
| iv_498 | 3.1792024948697117 × 10^302 | 4167 | 80 |
| iv_499 | 5.708749199691313 × 10^302 | 4050 | 77 |
| iv_500 | 9.819745912836967 × 10^302 | 4114 | 74 |
| iv_506 | 1.260508387157229 × 10^303 | 4205 | 76 |
| iv_501 | 1.6463419936627122 × 10^303 | 4153 | 83 |
| iv_502 | 2.700492688612886 × 10^303 | 4067 | 78 |
| iv_504 | 6.811857965317555 × 10^303 | 4085 | 73 |
| iv_505 | 8.809164812520181 × 10^303 | 4164 | 70 |

### Input Bits Sorted by Occurrences

| Input Bit | Complexity | Occurrences | Output Occurrences |
|:---------:|:----------:|:-----------:|:------------------:|
| iv_499 | 5.708749199691313 × 10^302 | 4050 | 77 |
| iv_502 | 2.700492688612886 × 10^303 | 4067 | 78 |
| iv_504 | 6.811857965317555 × 10^303 | 4085 | 73 |
| iv_500 | 9.819745912836967 × 10^302 | 4114 | 74 |
| iv_501 | 1.6463419936627122 × 10^303 | 4153 | 83 |
| iv_505 | 8.809164812520181 × 10^303 | 4164 | 70 |
| iv_498 | 3.1792024948697117 × 10^302 | 4167 | 80 |
| iv_506 | 1.260508387157229 × 10^303 | 4205 | 76 |
| iv_497 | 1.5938295032549975 × 10^302 | 4214 | 76 |
| iv_511 | 1.3281133792402765 × 10^299 | 4280 | 77 |

### Input Bits Sorted by Output Occurrences

| Input Bit | Complexity | Occurrences | Output Occurrences |
|:---------:|:----------:|:-----------:|:------------------:|
| iv_505 | 8.809164812520181 × 10^303 | 4164 | 70 |
| iv_504 | 6.811857965317555 × 10^303 | 4085 | 73 |
| iv_500 | 9.819745912836967 × 10^302 | 4114 | 74 |
| iv_506 | 1.260508387157229 × 10^303 | 4205 | 76 |
| iv_497 | 1.5938295032549975 × 10^302 | 4214 | 76 |
| iv_511 | 1.3281133792402765 × 10^299 | 4280 | 77 |
| iv_499 | 5.708749199691313 × 10^302 | 4050 | 77 |
| iv_502 | 2.700492688612886 × 10^303 | 4067 | 78 |
| iv_498 | 3.1792024948697117 × 10^302 | 4167 | 80 |
| iv_501 | 1.6463419936627122 × 10^303 | 4153 | 83 |

## Input Bit Co-occurrences

### Input Bit Co-occurrences Sorted by Co-occurrences

| Input Bits | Co-occurrences | Potential Occurrences | Output Co-occurrences | Potential Output Occurrences |
|:----------:|:--------------:|:---------------------:|:---------------------:|:----------------------------:|
| iv_497-iv_506 | 2029 | 4361 | 36 | 80 |
| iv_498-iv_506 | 2026 | 4320 | 40 | 76 |
| iv_498-iv_505 | 2009 | 4313 | 35 | 80 |
| iv_504-iv_505 | 2006 | 4237 | 28 | 87 |
| iv_497-iv_501 | 2006 | 4355 | 40 | 79 |
| iv_498-iv_500 | 2005 | 4271 | 39 | 76 |
| iv_497-iv_498 | 2004 | 4373 | 43 | 70 |
| iv_501-iv_511 | 1996 | 4441 | 43 | 74 |
| iv_498-iv_504 | 1996 | 4260 | 34 | 85 |
| iv_500-iv_506 | 1995 | 4329 | 36 | 78 |

### Input Bit Co-occurrences Sorted by Potential Occurrences

| Input Bits | Co-occurrences | Potential Occurrences | Output Co-occurrences | Potential Output Occurrences |
|:----------:|:--------------:|:---------------------:|:---------------------:|:----------------------------:|
| iv_499-iv_504 | 1970 | 4195 | 43 | 64 |
| iv_499-iv_502 | 1944 | 4229 | 43 | 69 |
| iv_504-iv_505 | 2006 | 4237 | 28 | 87 |
| iv_498-iv_504 | 1996 | 4260 | 34 | 85 |
| iv_498-iv_500 | 2005 | 4271 | 39 | 76 |
| iv_498-iv_502 | 1980 | 4274 | 45 | 68 |
| iv_498-iv_499 | 1970 | 4277 | 42 | 73 |
| iv_500-iv_501 | 1994 | 4279 | 40 | 77 |
| iv_498-iv_505 | 2009 | 4313 | 35 | 80 |
| iv_500-iv_502 | 1933 | 4315 | 33 | 86 |

### Input Bit Output Co-occurrences Sorted by Output Co-occurrences

| Input Bits | Co-occurrences | Potential Occurrences | Output Co-occurrences | Potential Output Occurrences |
|:----------:|:--------------:|:---------------------:|:---------------------:|:----------------------------:|
| iv_498-iv_502 | 1980 | 4274 | 45 | 68 |
| iv_498-iv_501 | 1958 | 4404 | 43 | 77 |
| iv_501-iv_511 | 1996 | 4441 | 43 | 74 |
| iv_499-iv_502 | 1944 | 4229 | 43 | 69 |
| iv_497-iv_498 | 2004 | 4373 | 43 | 70 |
| iv_499-iv_504 | 1970 | 4195 | 43 | 64 |
| iv_498-iv_499 | 1970 | 4277 | 42 | 73 |
| iv_501-iv_506 | 1955 | 4448 | 41 | 77 |
| iv_506-iv_511 | 1962 | 4561 | 41 | 71 |
| iv_501-iv_502 | 1944 | 4332 | 41 | 79 |

### Input Bit Output Co-occurrences Sorted by Potential Output Occurrences

| Input Bits | Co-occurrences | Potential Occurrences | Output Co-occurrences | Potential Output Occurrences |
|:----------:|:--------------:|:---------------------:|:---------------------:|:----------------------------:|
| iv_499-iv_504 | 1970 | 4195 | 43 | 64 |
| iv_498-iv_502 | 1980 | 4274 | 45 | 68 |
| iv_499-iv_502 | 1944 | 4229 | 43 | 69 |
| iv_497-iv_498 | 2004 | 4373 | 43 | 70 |
| iv_506-iv_511 | 1962 | 4561 | 41 | 71 |
| iv_504-iv_506 | 1941 | 4408 | 39 | 71 |
| iv_498-iv_499 | 1970 | 4277 | 42 | 73 |
| iv_501-iv_511 | 1996 | 4441 | 43 | 74 |
| iv_501-iv_505 | 1963 | 4391 | 39 | 75 |
| iv_499-iv_506 | 1914 | 4427 | 39 | 75 |

## Output Bits

### Output Bits in Regular Order

| Rank | Output Bit | Complexity |
|:----:|:----------:|:----------:|
| 1 | ov_001 | 3.6364071642768086 × 10^303 |
| 2 | ov_002 | 3.1642173157378455 × 10^303 |
| 3 | ov_003 | 2.7403044925009505 × 10^303 |
| 4 | ov_004 | 2.3610481911544412 × 10^303 |
| 5 | ov_005 | 2.0230263806359124 × 10^303 |
| 6 | ov_006 | 1.723001259421972 × 10^303 |
| 7 | ov_007 | 1.4579068736286367 × 10^303 |
| 8 | ov_008 | 1.2248384797313333 × 10^303 |
| 9 | ov_009 | 1.0210435074853614 × 10^303 |
| 10 | ov_010 | 8.439139521778188 × 10^302 |
| 11 | ov_011 | 6.909800234156615 × 10^302 |
| 12 | ov_012 | 5.59904887562072 × 10^302 |
| 13 | ov_013 | 4.484803506496607 × 10^302 |
| 14 | ov_014 | 3.5462334596344078 × 10^302 |
| 15 | ov_015 | 2.7637311553330664 × 10^302 |
| 16 | ov_016 | 2.1188898414133142 × 10^302 |
| 17 | ov_017 | 1.5944861815542443 × 10^302 |
| 18 | ov_018 | 1.1744666844449278 × 10^302 |
| 19 | ov_019 | 8.439372173984019 × 10^301 |
| 20 | ov_020 | 5.891550817410604 × 10^301 |
| 21 | ov_021 | 3.975232338586098 × 10^301 |
| 22 | ov_022 | 2.575862497177801 × 10^301 |
| 23 | ov_023 | 1.5902761263889507 × 10^301 |
| 24 | ov_024 | 9.266794993472878 × 10^300 |
| 25 | ov_025 | 5.046395376475017 × 10^300 |
| 26 | ov_026 | 2.5507789907846407 × 10^300 |
| 27 | ov_027 | 1.2026819545733178 × 10^300 |
| 28 | ov_028 | 5.383489549003226 × 10^299 |
| 29 | ov_029 | 2.0752971571290962 × 10^299 |
| 30 | ov_030 | 6.347517476775229 × 10^298 |
| 31 | ov_031 | 1.2389495439589118 × 10^298 |
| 32 | lv_80_m31 | 2.4180890237792478 × 10^297 |
| 33 | ov_033 | 2.9054299905569497 × 10^298 |
| 34 | ov_034 | 2.525552178887985 × 10^298 |
| 35 | ov_035 | 2.184112452968695 × 10^298 |
| 36 | ov_036 | 1.8792488901226962 × 10^298 |
| 37 | ov_037 | 1.6075349557500635 × 10^298 |
| 38 | ov_038 | 1.3657260533526223 × 10^298 |
| 39 | ov_039 | 1.1507475922016361 × 10^298 |
| 40 | ov_040 | 9.611033981330763 × 10^297 |
| 41 | ov_041 | 7.953748217870564 × 10^297 |
| 42 | ov_042 | 6.52216741759219 × 10^297 |
| 43 | ov_043 | 5.3035421020935005 × 10^297 |
| 44 | ov_044 | 4.2743720704872795 × 10^297 |
| 45 | ov_045 | 3.412440587328476 × 10^297 |
| 46 | ov_046 | 2.696781016587076 × 10^297 |
| 47 | ov_047 | 2.107650317510664 × 10^297 |
| 48 | ov_048 | 1.6265082988083714 × 10^297 |
| 49 | ov_049 | 1.2360016100090197 × 10^297 |
| 50 | ov_050 | 9.277485504495031 × 10^296 |
| 51 | ov_051 | 6.867358042187657 × 10^296 |
| 52 | ov_052 | 4.991086108635062 × 10^296 |
| 53 | ov_053 | 3.5216587819930827 × 10^296 |
| 54 | ov_054 | 2.3984497806119938 × 10^296 |
| 55 | ov_055 | 1.56657834493293 × 10^296 |
| 56 | ov_056 | 9.769014113903073 × 10^295 |
| 57 | ov_057 | 5.860089323037498 × 10^295 |
| 58 | ov_058 | 3.2427040302611513 × 10^295 |
| 59 | ov_059 | 1.5973503481470902 × 10^295 |
| 60 | ov_060 | 6.618032434218647 × 10^294 |
| 61 | ov_061 | 2.3111820774706916 × 10^294 |
| 62 | ov_062 | 6.338426330844499 × 10^293 |
| 63 | ov_063 | 1.2350427679115085 × 10^293 |
| 64 | lv_79_m31 | 2.405910872175045 × 10^292 |
| 65 | ov_065 | 2.863854075694162 × 10^293 |
| 66 | ov_066 | 2.8638459137288945 × 10^293 |
| 67 | ov_067 | 2.863843961480429 × 10^293 |
| 68 | ov_068 | 2.477684230072916 × 10^293 |
| 69 | ov_069 | 2.1323650507322824 × 10^293 |
| 70 | ov_070 | 1.824823468203322 × 10^293 |
| 71 | ov_071 | 1.5521450493236667 × 10^293 |
| 72 | ov_072 | 1.3115539620497333 × 10^293 |
| 73 | ov_073 | 1.1004049108094044 × 10^293 |
| 74 | ov_074 | 9.161766818875642 × 10^292 |
| 75 | ov_075 | 7.564670655307649 × 10^292 |
| 76 | ov_076 | 6.189889339538024 × 10^292 |
| 77 | ov_077 | 5.015672665313443 × 10^292 |
| 78 | ov_078 | 4.0213692523769047 × 10^292 |
| 79 | ov_079 | 3.1874099492193764 × 10^292 |
| 80 | ov_080 | 2.495295143286243 × 10^292 |
| 81 | ov_081 | 1.9275845187123304 × 10^292 |
| 82 | ov_082 | 1.4678884064827862 × 10^292 |
| 83 | ov_083 | 1.1008604351780104 × 10^292 |
| 84 | ov_084 | 8.121913739036142 × 10^291 |
| 85 | ov_085 | 5.886040593481456 × 10^291 |
| 86 | ov_086 | 4.178492991351646 × 10^291 |
| 87 | ov_087 | 2.887026437771907 × 10^291 |
| 88 | ov_088 | 1.909619196249419 × 10^291 |
| 89 | ov_089 | 1.197813446324835 × 10^291 |
| 90 | ov_090 | 7.082498942236035 × 10^290 |
| 91 | ov_091 | 4.026626647128125 × 10^290 |
| 92 | ov_092 | 2.19788917957074 × 10^290 |
| 93 | ov_093 | 1.0854182142391622 × 10^290 |
| 94 | ov_094 | 4.592174078814496 × 10^289 |
| 95 | aaa_78_28 | 1.4016246580724065 × 10^289 |
| 96 | aaa_78_29 | 4.2260866723411094 × 10^288 |
| 97 | ov_097 | 2.1788274713882664 × 10^288 |
| 98 | ov_098 | 2.1788097882609876 × 10^288 |
| 99 | ov_099 | 2.1788041443992666 × 10^288 |
| 100 | ov_100 | 1.8179936046068453 × 10^288 |
| 101 | ov_101 | 1.5049091790966206 × 10^288 |
| 102 | ov_102 | 1.2351745754513108 × 10^288 |
| 103 | ov_103 | 1.0046525886445719 × 10^288 |
| 104 | ov_104 | 8.094277420150816 × 10^287 |
| 105 | ov_105 | 6.457912230217636 × 10^287 |
| 106 | ov_106 | 5.102278994091103 × 10^287 |
| 107 | ov_107 | 3.994052124757263 × 10^287 |
| 108 | ov_108 | 3.101637548121646 × 10^287 |
| 109 | ov_109 | 2.3950935023326775 × 10^287 |
| 110 | ov_110 | 1.8460646374181366 × 10^287 |
| 111 | ov_111 | 1.4277277928071125 × 10^287 |
| 112 | ov_112 | 1.1147479280726753 × 10^287 |
| 113 | ov_113 | 8.83242778933639 × 10^286 |
| 114 | ov_114 | 7.1075490649908 × 10^286 |
| 115 | ov_115 | 5.762299031555874 × 10^286 |
| 116 | ov_116 | 4.599996135518484 × 10^286 |
| 117 | ov_117 | 3.6070028915847473 × 10^286 |
| 118 | ov_118 | 2.7697532244713355 × 10^286 |
| 119 | ov_119 | 2.0747309993887698 × 10^286 |
| 120 | ov_120 | 1.5084527899064394 × 10^286 |
| 121 | ov_121 | 1.0574556098738423 × 10^286 |
| 122 | ov_122 | 7.082890190641914 × 10^285 |
| 123 | ov_123 | 4.475099312758356 × 10^285 |
| 124 | ov_124 | 2.616791121682598 × 10^285 |
| 125 | ov_125 | 1.3735900967868886 × 10^285 |
| 126 | ov_126 | 6.111264734097465 × 10^284 |
| 127 | aaa_77_28 | 1.950319948748717 × 10^284 |
| 128 | aaa_77_29 | 7.305320331545718 × 10^283 |
| 129 | ov_129 | 6.736021462948922 × 10^283 |
| 130 | ov_130 | 6.736001029225161 × 10^283 |
| 131 | ov_131 | 6.735996090722266 × 10^283 |
| 132 | ov_132 | 5.829866877749924 × 10^283 |
| 133 | ov_133 | 5.019833348673817 × 10^283 |
| 134 | ov_134 | 4.298531968452068 × 10^283 |
| 135 | ov_135 | 3.658991584908303 × 10^283 |
| 136 | ov_136 | 3.094605412769353 × 10^283 |
| 137 | ov_137 | 2.599106959972667 × 10^283 |
| 138 | ov_138 | 2.1665495137763737 × 10^283 |
| 139 | ov_139 | 1.791288823754752 × 10^283 |
| 140 | ov_140 | 1.467968637744565 × 10^283 |
| 141 | ov_141 | 1.1915087653509155 × 10^283 |
| 142 | ov_142 | 9.570953618314888 × 10^282 |
| 143 | ov_143 | 7.601731431406416 × 10^282 |
| 144 | ov_144 | 5.964392606978055 × 10^282 |
| 145 | ov_145 | 4.618385821004386 × 10^282 |
| 146 | ov_146 | 3.525601415685033 × 10^282 |
| 147 | ov_147 | 2.6503454141307392 × 10^282 |
| 148 | ov_148 | 1.9593210328673052 × 10^282 |
| 149 | ov_149 | 1.4216158541234322 × 10^282 |
| 150 | ov_150 | 1.0086930763170258 × 10^282 |
| 151 | ov_151 | 6.943856710718857 × 10^281 |
| 152 | ov_152 | 4.5489265232197465 × 10^281 |
| 153 | ov_153 | 2.789046826981202 × 10^281 |
| 154 | ov_154 | 1.5629392267530236 × 10^281 |
| 155 | ov_155 | 7.81135785326352 × 10^280 |
| 156 | aaa_76_25 | 3.0012312714626767 × 10^280 |
| 157 | aaa_76_26 | 1.7328125471590923 × 10^280 |
| 158 | aaa_76_27 | 8.868156041271785 × 10^279 |
| 159 | aaa_76_28 | 3.451862641695078 × 10^279 |
| 160 | aaa_76_29 | 1.0494764724309023 × 10^279 |

### Output Bits Sorted by Complexity

| Rank | Output Bit | Complexity |
|:----:|:----------:|:----------:|
| 160 | aaa_76_29 | 1.0494764724309023 × 10^279 |
| 159 | aaa_76_28 | 3.451862641695078 × 10^279 |
| 158 | aaa_76_27 | 8.868156041271785 × 10^279 |
| 157 | aaa_76_26 | 1.7328125471590923 × 10^280 |
| 156 | aaa_76_25 | 3.0012312714626767 × 10^280 |
| 155 | ov_155 | 7.81135785326352 × 10^280 |
| 154 | ov_154 | 1.5629392267530236 × 10^281 |
| 153 | ov_153 | 2.789046826981202 × 10^281 |
| 152 | ov_152 | 4.5489265232197465 × 10^281 |
| 151 | ov_151 | 6.943856710718857 × 10^281 |
| 150 | ov_150 | 1.0086930763170258 × 10^282 |
| 149 | ov_149 | 1.4216158541234322 × 10^282 |
| 148 | ov_148 | 1.9593210328673052 × 10^282 |
| 147 | ov_147 | 2.6503454141307392 × 10^282 |
| 146 | ov_146 | 3.525601415685033 × 10^282 |
| 145 | ov_145 | 4.618385821004386 × 10^282 |
| 144 | ov_144 | 5.964392606978055 × 10^282 |
| 143 | ov_143 | 7.601731431406416 × 10^282 |
| 142 | ov_142 | 9.570953618314888 × 10^282 |
| 141 | ov_141 | 1.1915087653509155 × 10^283 |
| 140 | ov_140 | 1.467968637744565 × 10^283 |
| 139 | ov_139 | 1.791288823754752 × 10^283 |
| 138 | ov_138 | 2.1665495137763737 × 10^283 |
| 137 | ov_137 | 2.599106959972667 × 10^283 |
| 136 | ov_136 | 3.094605412769353 × 10^283 |
| 135 | ov_135 | 3.658991584908303 × 10^283 |
| 134 | ov_134 | 4.298531968452068 × 10^283 |
| 133 | ov_133 | 5.019833348673817 × 10^283 |
| 132 | ov_132 | 5.829866877749924 × 10^283 |
| 131 | ov_131 | 6.735996090722266 × 10^283 |
| 130 | ov_130 | 6.736001029225161 × 10^283 |
| 129 | ov_129 | 6.736021462948922 × 10^283 |
| 128 | aaa_77_29 | 7.305320331545718 × 10^283 |
| 127 | aaa_77_28 | 1.950319948748717 × 10^284 |
| 126 | ov_126 | 6.111264734097465 × 10^284 |
| 125 | ov_125 | 1.3735900967868886 × 10^285 |
| 124 | ov_124 | 2.616791121682598 × 10^285 |
| 123 | ov_123 | 4.475099312758356 × 10^285 |
| 122 | ov_122 | 7.082890190641914 × 10^285 |
| 121 | ov_121 | 1.0574556098738423 × 10^286 |
| 120 | ov_120 | 1.5084527899064394 × 10^286 |
| 119 | ov_119 | 2.0747309993887698 × 10^286 |
| 118 | ov_118 | 2.7697532244713355 × 10^286 |
| 117 | ov_117 | 3.6070028915847473 × 10^286 |
| 116 | ov_116 | 4.599996135518484 × 10^286 |
| 115 | ov_115 | 5.762299031555874 × 10^286 |
| 114 | ov_114 | 7.1075490649908 × 10^286 |
| 113 | ov_113 | 8.83242778933639 × 10^286 |
| 112 | ov_112 | 1.1147479280726753 × 10^287 |
| 111 | ov_111 | 1.4277277928071125 × 10^287 |
| 110 | ov_110 | 1.8460646374181366 × 10^287 |
| 109 | ov_109 | 2.3950935023326775 × 10^287 |
| 108 | ov_108 | 3.101637548121646 × 10^287 |
| 107 | ov_107 | 3.994052124757263 × 10^287 |
| 106 | ov_106 | 5.102278994091103 × 10^287 |
| 105 | ov_105 | 6.457912230217636 × 10^287 |
| 104 | ov_104 | 8.094277420150816 × 10^287 |
| 103 | ov_103 | 1.0046525886445719 × 10^288 |
| 102 | ov_102 | 1.2351745754513108 × 10^288 |
| 101 | ov_101 | 1.5049091790966206 × 10^288 |
| 100 | ov_100 | 1.8179936046068453 × 10^288 |
| 99 | ov_099 | 2.1788041443992666 × 10^288 |
| 98 | ov_098 | 2.1788097882609876 × 10^288 |
| 97 | ov_097 | 2.1788274713882664 × 10^288 |
| 96 | aaa_78_29 | 4.2260866723411094 × 10^288 |
| 95 | aaa_78_28 | 1.4016246580724065 × 10^289 |
| 94 | ov_094 | 4.592174078814496 × 10^289 |
| 93 | ov_093 | 1.0854182142391622 × 10^290 |
| 92 | ov_092 | 2.19788917957074 × 10^290 |
| 91 | ov_091 | 4.026626647128125 × 10^290 |
| 90 | ov_090 | 7.082498942236035 × 10^290 |
| 89 | ov_089 | 1.197813446324835 × 10^291 |
| 88 | ov_088 | 1.909619196249419 × 10^291 |
| 87 | ov_087 | 2.887026437771907 × 10^291 |
| 86 | ov_086 | 4.178492991351646 × 10^291 |
| 85 | ov_085 | 5.886040593481456 × 10^291 |
| 84 | ov_084 | 8.121913739036142 × 10^291 |
| 83 | ov_083 | 1.1008604351780104 × 10^292 |
| 82 | ov_082 | 1.4678884064827862 × 10^292 |
| 81 | ov_081 | 1.9275845187123304 × 10^292 |
| 64 | lv_79_m31 | 2.405910872175045 × 10^292 |
| 80 | ov_080 | 2.495295143286243 × 10^292 |
| 79 | ov_079 | 3.1874099492193764 × 10^292 |
| 78 | ov_078 | 4.0213692523769047 × 10^292 |
| 77 | ov_077 | 5.015672665313443 × 10^292 |
| 76 | ov_076 | 6.189889339538024 × 10^292 |
| 75 | ov_075 | 7.564670655307649 × 10^292 |
| 74 | ov_074 | 9.161766818875642 × 10^292 |
| 73 | ov_073 | 1.1004049108094044 × 10^293 |
| 63 | ov_063 | 1.2350427679115085 × 10^293 |
| 72 | ov_072 | 1.3115539620497333 × 10^293 |
| 71 | ov_071 | 1.5521450493236667 × 10^293 |
| 70 | ov_070 | 1.824823468203322 × 10^293 |
| 69 | ov_069 | 2.1323650507322824 × 10^293 |
| 68 | ov_068 | 2.477684230072916 × 10^293 |
| 67 | ov_067 | 2.863843961480429 × 10^293 |
| 66 | ov_066 | 2.8638459137288945 × 10^293 |
| 65 | ov_065 | 2.863854075694162 × 10^293 |
| 62 | ov_062 | 6.338426330844499 × 10^293 |
| 61 | ov_061 | 2.3111820774706916 × 10^294 |
| 60 | ov_060 | 6.618032434218647 × 10^294 |
| 59 | ov_059 | 1.5973503481470902 × 10^295 |
| 58 | ov_058 | 3.2427040302611513 × 10^295 |
| 57 | ov_057 | 5.860089323037498 × 10^295 |
| 56 | ov_056 | 9.769014113903073 × 10^295 |
| 55 | ov_055 | 1.56657834493293 × 10^296 |
| 54 | ov_054 | 2.3984497806119938 × 10^296 |
| 53 | ov_053 | 3.5216587819930827 × 10^296 |
| 52 | ov_052 | 4.991086108635062 × 10^296 |
| 51 | ov_051 | 6.867358042187657 × 10^296 |
| 50 | ov_050 | 9.277485504495031 × 10^296 |
| 49 | ov_049 | 1.2360016100090197 × 10^297 |
| 48 | ov_048 | 1.6265082988083714 × 10^297 |
| 47 | ov_047 | 2.107650317510664 × 10^297 |
| 32 | lv_80_m31 | 2.4180890237792478 × 10^297 |
| 46 | ov_046 | 2.696781016587076 × 10^297 |
| 45 | ov_045 | 3.412440587328476 × 10^297 |
| 44 | ov_044 | 4.2743720704872795 × 10^297 |
| 43 | ov_043 | 5.3035421020935005 × 10^297 |
| 42 | ov_042 | 6.52216741759219 × 10^297 |
| 41 | ov_041 | 7.953748217870564 × 10^297 |
| 40 | ov_040 | 9.611033981330763 × 10^297 |
| 39 | ov_039 | 1.1507475922016361 × 10^298 |
| 31 | ov_031 | 1.2389495439589118 × 10^298 |
| 38 | ov_038 | 1.3657260533526223 × 10^298 |
| 37 | ov_037 | 1.6075349557500635 × 10^298 |
| 36 | ov_036 | 1.8792488901226962 × 10^298 |
| 35 | ov_035 | 2.184112452968695 × 10^298 |
| 34 | ov_034 | 2.525552178887985 × 10^298 |
| 33 | ov_033 | 2.9054299905569497 × 10^298 |
| 30 | ov_030 | 6.347517476775229 × 10^298 |
| 29 | ov_029 | 2.0752971571290962 × 10^299 |
| 28 | ov_028 | 5.383489549003226 × 10^299 |
| 27 | ov_027 | 1.2026819545733178 × 10^300 |
| 26 | ov_026 | 2.5507789907846407 × 10^300 |
| 25 | ov_025 | 5.046395376475017 × 10^300 |
| 24 | ov_024 | 9.266794993472878 × 10^300 |
| 23 | ov_023 | 1.5902761263889507 × 10^301 |
| 22 | ov_022 | 2.575862497177801 × 10^301 |
| 21 | ov_021 | 3.975232338586098 × 10^301 |
| 20 | ov_020 | 5.891550817410604 × 10^301 |
| 19 | ov_019 | 8.439372173984019 × 10^301 |
| 18 | ov_018 | 1.1744666844449278 × 10^302 |
| 17 | ov_017 | 1.5944861815542443 × 10^302 |
| 16 | ov_016 | 2.1188898414133142 × 10^302 |
| 15 | ov_015 | 2.7637311553330664 × 10^302 |
| 14 | ov_014 | 3.5462334596344078 × 10^302 |
| 13 | ov_013 | 4.484803506496607 × 10^302 |
| 12 | ov_012 | 5.59904887562072 × 10^302 |
| 11 | ov_011 | 6.909800234156615 × 10^302 |
| 10 | ov_010 | 8.439139521778188 × 10^302 |
| 9 | ov_009 | 1.0210435074853614 × 10^303 |
| 8 | ov_008 | 1.2248384797313333 × 10^303 |
| 7 | ov_007 | 1.4579068736286367 × 10^303 |
| 6 | ov_006 | 1.723001259421972 × 10^303 |
| 5 | ov_005 | 2.0230263806359124 × 10^303 |
| 4 | ov_004 | 2.3610481911544412 × 10^303 |
| 3 | ov_003 | 2.7403044925009505 × 10^303 |
| 2 | ov_002 | 3.1642173157378455 × 10^303 |
| 1 | ov_001 | 3.6364071642768086 × 10^303 |

