# Results for F001-F002-F003-F004-F005-F006-F007-F008-F009-F010-F011-F012-F013-F014-F015-F016-F017-F018-F019-F020-F021-F022-F023-F024-F025-F026-F027-F028-F029-F030-F031-F032-F033-F034-F035-F036-F037-F038-F039-F040-F041-F042-F043-F044-F045-F046-F047-F048-F049-F050-F051-F052-F053-F054-F055-F056-F057-F058-F059-F060-F061-F062-F063-F064-F065-F066-F067-F068-F069-F070-F071-F072-F073-F074-F075-F076-F077-F078-F079-F080-F081-F082-F083-F084-F085-F086-F087-F088-F089-F090-F091-F092-F093-F094-F095-F096-F097-F098-F099-F100-F101-F102-F103-F104-F105-F106-F107-F108-F109-F110-F111-F112-F113-F114-F115-F116-F117-F118-F119-F120-F121-F122-F123-F124-F125-F126-F127-F128-F129-F130-F131-F132-F133-F134-F135-F136-F137-F138-F139-F140-F141-F142-F143-F144-F145-F146-F147-F148-F149-F150-F151-F152-F153-F154-F155-F156-F157-F158-F159-F160-F161-F162-F163-F164-F165-F166-F167-F168-F169-F170-F171-F172-F173-F174-F175-F176-F177-F178-F179-F180-F181-F182-F183-F184-F185-F186-F187-F188-F189-F190-F191-F192-F193-F194-F195-F196-F197-F198-F199-F200-F201-F202-F203-F204-F205-F206-F207-F208-F209-F210-F211-F212-F213-F214-F215-F216-F217-F218-F219-F220-F221-F222-F223-F224-F225-F226-F227-F228-F229-F230-F231-F232-F233-F234-F235-F236-F237-F238-F239-F240-F241-F242-F243-F244-F245-F246-F247-F248-F249-F250-F251-F252-F253-F254-F255-F256-F257-F258-F259-F260-F261-F262-F263-F264-F265-F266-F267-F268-F269-F270-F271-F272-F273-F274-F275-F276-F277-F278-F279-F280-F281-F282-F283-F284-F285-F286-F287-F288-F289-F290-F291-F292-F293-F294-F295-F296-F297-F298-F299-F300-F301-F302-F303-F304-F305-F306-F307-F308-F309-F310-F311-F312-F313-F314-F315-F316-F317-F318-F319-F320-F321-F322-F323-F324-F325-F326-F327-F328-F329-F330-F331-F332-F333-F334-F335-F336-F337-F338-F339-F340-F341-F342-F343-F344-F345-F346-F347-F348-F349-F350-F351-F352-F353-F354-F355-F356-F357-F358-F359-F360-F361-F362-F363-F364-F365-F366-F367-F368-F369-F370-F371-F372-F373-F374-F375-F376-F377-F378-F379-F380-F381-F382-F383-F384-F385-F386-F387-F388-F389-F390-F391-F392-F393-F394-F395-F396-F397-F398-F399-F400-F401-F402-F403-F404-F405-F406-F407-F408-F409-F410-F411-F412-F413-F414-F415-F416-F417-F418-F419-F420-F421-F422-F423-F424-F425-F426-F427-F428-F429-F430-F431-F432-F433-F434-F435-F436-F437-F438-F439-F440-F441-F442-F443-F444-F445-F446-F447-F448-F449-F450-F451-F452-F453-F454-F455-F456-F457-F458-F459-F460-F461-F462-F463-F464-F465-F466-F467-F468-F469-F470-F471-F472-F473-F474-F475-F476-F477-F478-F479-F480-F481-F482-F483-F484-F485-F486-F487-F488-F489-F490-F491-F492-F493-F494-F495-F496-F497-F498-F499-F500-F501-T510

## Summary

Number of input bits: 512  
Number of free input bits: 10  
Number of output bits: 160

Number of direct occurrences: 41712  
Number of assignments: 31564  
Number of operations: 11958154
(xor: 11927257,
and: 17604,
or: 13293)

Total complexity: 6.156179472618127 × 10^307

Least occurring input variable: iv_505 (4050)  
Most occurring input variable: iv_512 (4397)

Most co-occurring input variables: iv_503-iv_507 (2110)  
Least co-occurring input variables: iv_505-iv_508 (1852)

Potentially most occurring input variable: iv_506/iv_512 (4561)  
Potentially least occurring input variable: iv_506/iv_507 (4201)

Least output occurring input variable: iv_512 (68)  
Most output occurring input variable: iv_506 (95)

Most output co-occurring input variables: iv_504-iv_506 (57)  
Least output co-occurring input variables: iv_511-iv_512 (28)

Potentially most output occurring input variable: iv_505/iv_508 (91)  
Potentially least output occurring input variable: iv_509/iv_512 (66)

Least complex input bit: iv_502 (9.304629252543675 × 10^305)  
Most complex input bit: iv_509 (1.6783139080772846 × 10^307)

Least complex output bit: aaa_76_29 (1.2060816881541301 × 10^282)  
Most complex output bit: ov_001 (9.668708661120132 × 10^306)

Least complex input/output complexity: iv_502/aaa_76_29 (1.8229070491643011 × 10^280)  
Most complex input/output complexity: iv_509/ov_001 (2.6359088930531223 × 10^306)

## Input Bits

### Input Bits in Regular Order

| Input Bit | Complexity | Occurrences | Output Occurrences |
|:---------:|:----------:|:-----------:|:------------------:|
| iv_502 | 9.304629252543675 × 10^305 | 4176 | 69 |
| iv_503 | 1.6363151683692443 × 10^306 | 4209 | 85 |
| iv_504 | 2.6878591741697595 × 10^306 | 4110 | 89 |
| iv_505 | 4.22374413900148 × 10^306 | 4050 | 79 |
| iv_506 | 6.424155072272007 × 10^306 | 4138 | 95 |
| iv_507 | 9.527258226765612 × 10^306 | 4283 | 85 |
| iv_508 | 1.3600938980279865 × 10^307 | 4101 | 82 |
| iv_509 | 1.6783139080772846 × 10^307 | 4121 | 78 |
| iv_511 | 2.308874623559025 × 10^306 | 4127 | 73 |
| iv_512 | 3.439047335737088 × 10^306 | 4397 | 68 |

### Input Bits Sorted by Complexity

| Input Bit | Complexity | Occurrences | Output Occurrences |
|:---------:|:----------:|:-----------:|:------------------:|
| iv_502 | 9.304629252543675 × 10^305 | 4176 | 69 |
| iv_503 | 1.6363151683692443 × 10^306 | 4209 | 85 |
| iv_511 | 2.308874623559025 × 10^306 | 4127 | 73 |
| iv_504 | 2.6878591741697595 × 10^306 | 4110 | 89 |
| iv_512 | 3.439047335737088 × 10^306 | 4397 | 68 |
| iv_505 | 4.22374413900148 × 10^306 | 4050 | 79 |
| iv_506 | 6.424155072272007 × 10^306 | 4138 | 95 |
| iv_507 | 9.527258226765612 × 10^306 | 4283 | 85 |
| iv_508 | 1.3600938980279865 × 10^307 | 4101 | 82 |
| iv_509 | 1.6783139080772846 × 10^307 | 4121 | 78 |

### Input Bits Sorted by Occurrences

| Input Bit | Complexity | Occurrences | Output Occurrences |
|:---------:|:----------:|:-----------:|:------------------:|
| iv_505 | 4.22374413900148 × 10^306 | 4050 | 79 |
| iv_508 | 1.3600938980279865 × 10^307 | 4101 | 82 |
| iv_504 | 2.6878591741697595 × 10^306 | 4110 | 89 |
| iv_509 | 1.6783139080772846 × 10^307 | 4121 | 78 |
| iv_511 | 2.308874623559025 × 10^306 | 4127 | 73 |
| iv_506 | 6.424155072272007 × 10^306 | 4138 | 95 |
| iv_502 | 9.304629252543675 × 10^305 | 4176 | 69 |
| iv_503 | 1.6363151683692443 × 10^306 | 4209 | 85 |
| iv_507 | 9.527258226765612 × 10^306 | 4283 | 85 |
| iv_512 | 3.439047335737088 × 10^306 | 4397 | 68 |

### Input Bits Sorted by Output Occurrences

| Input Bit | Complexity | Occurrences | Output Occurrences |
|:---------:|:----------:|:-----------:|:------------------:|
| iv_512 | 3.439047335737088 × 10^306 | 4397 | 68 |
| iv_502 | 9.304629252543675 × 10^305 | 4176 | 69 |
| iv_511 | 2.308874623559025 × 10^306 | 4127 | 73 |
| iv_509 | 1.6783139080772846 × 10^307 | 4121 | 78 |
| iv_505 | 4.22374413900148 × 10^306 | 4050 | 79 |
| iv_508 | 1.3600938980279865 × 10^307 | 4101 | 82 |
| iv_503 | 1.6363151683692443 × 10^306 | 4209 | 85 |
| iv_507 | 9.527258226765612 × 10^306 | 4283 | 85 |
| iv_504 | 2.6878591741697595 × 10^306 | 4110 | 89 |
| iv_506 | 6.424155072272007 × 10^306 | 4138 | 95 |

## Input Bit Co-occurrences

### Input Bit Co-occurrences Sorted by Co-occurrences

| Input Bits | Co-occurrences | Potential Occurrences | Output Co-occurrences | Potential Output Occurrences |
|:----------:|:--------------:|:---------------------:|:---------------------:|:----------------------------:|
| iv_506-iv_507 | 2110 | 4201 | 52 | 76 |
| iv_503-iv_507 | 2110 | 4272 | 47 | 76 |
| iv_507-iv_512 | 2102 | 4476 | 31 | 91 |
| iv_503-iv_512 | 2074 | 4458 | 38 | 77 |
| iv_508-iv_512 | 2073 | 4352 | 38 | 74 |
| iv_502-iv_507 | 2048 | 4363 | 43 | 68 |
| iv_502-iv_512 | 2043 | 4487 | 29 | 79 |
| iv_504-iv_507 | 2037 | 4319 | 52 | 70 |
| iv_502-iv_503 | 2028 | 4329 | 38 | 78 |
| iv_509-iv_512 | 2027 | 4464 | 40 | 66 |

### Input Bit Co-occurrences Sorted by Potential Occurrences

| Input Bits | Co-occurrences | Potential Occurrences | Output Co-occurrences | Potential Output Occurrences |
|:----------:|:--------------:|:---------------------:|:---------------------:|:----------------------------:|
| iv_506-iv_507 | 2110 | 4201 | 52 | 76 |
| iv_506-iv_509 | 2017 | 4225 | 51 | 71 |
| iv_504-iv_505 | 1952 | 4256 | 48 | 72 |
| iv_504-iv_506 | 1993 | 4262 | 57 | 70 |
| iv_503-iv_507 | 2110 | 4272 | 47 | 76 |
| iv_506-iv_508 | 1976 | 4287 | 54 | 69 |
| iv_502-iv_505 | 1968 | 4290 | 32 | 84 |
| iv_508-iv_509 | 1965 | 4292 | 43 | 74 |
| iv_502-iv_504 | 1988 | 4310 | 37 | 84 |
| iv_508-iv_511 | 1957 | 4314 | 41 | 73 |

### Input Bit Output Co-occurrences Sorted by Output Co-occurrences

| Input Bits | Co-occurrences | Potential Occurrences | Output Co-occurrences | Potential Output Occurrences |
|:----------:|:--------------:|:---------------------:|:---------------------:|:----------------------------:|
| iv_504-iv_506 | 1993 | 4262 | 57 | 70 |
| iv_506-iv_508 | 1976 | 4287 | 54 | 69 |
| iv_504-iv_507 | 2037 | 4319 | 52 | 70 |
| iv_506-iv_507 | 2110 | 4201 | 52 | 76 |
| iv_506-iv_509 | 2017 | 4225 | 51 | 71 |
| iv_505-iv_506 | 1920 | 4348 | 49 | 76 |
| iv_504-iv_505 | 1952 | 4256 | 48 | 72 |
| iv_503-iv_506 | 2007 | 4333 | 48 | 84 |
| iv_503-iv_504 | 1969 | 4381 | 47 | 80 |
| iv_503-iv_507 | 2110 | 4272 | 47 | 76 |

### Input Bit Output Co-occurrences Sorted by Potential Output Occurrences

| Input Bits | Co-occurrences | Potential Occurrences | Output Co-occurrences | Potential Output Occurrences |
|:----------:|:--------------:|:---------------------:|:---------------------:|:----------------------------:|
| iv_509-iv_512 | 2027 | 4464 | 40 | 66 |
| iv_502-iv_507 | 2048 | 4363 | 43 | 68 |
| iv_506-iv_508 | 1976 | 4287 | 54 | 69 |
| iv_504-iv_507 | 2037 | 4319 | 52 | 70 |
| iv_504-iv_506 | 1993 | 4262 | 57 | 70 |
| iv_506-iv_509 | 2017 | 4225 | 51 | 71 |
| iv_509-iv_511 | 1894 | 4460 | 40 | 71 |
| iv_504-iv_505 | 1952 | 4256 | 48 | 72 |
| iv_505-iv_507 | 1957 | 4419 | 46 | 72 |
| iv_508-iv_511 | 1957 | 4314 | 41 | 73 |

## Output Bits

### Output Bits in Regular Order

| Rank | Output Bit | Complexity |
|:----:|:----------:|:----------:|
| 1 | ov_001 | 9.668708661120132 × 10^306 |
| 2 | ov_002 | 8.41929812409073 × 10^306 |
| 3 | ov_003 | 7.290057184200953 × 10^306 |
| 4 | ov_004 | 6.276012786928518 × 10^306 |
| 5 | ov_005 | 5.372464609810619 × 10^306 |
| 6 | ov_006 | 4.570753511506407 × 10^306 |
| 7 | ov_007 | 3.8626766434340186 × 10^306 |
| 8 | ov_008 | 3.240459526012871 × 10^306 |
| 9 | ov_009 | 2.6967320695084386 × 10^306 |
| 10 | ov_010 | 2.2245081158037664 × 10^306 |
| 11 | ov_011 | 1.81716815120424 × 10^306 |
| 12 | ov_012 | 1.4684449405866438 × 10^306 |
| 13 | ov_013 | 1.1724118524134662 × 10^306 |
| 14 | ov_014 | 9.234735919465978 × 10^305 |
| 15 | ov_015 | 7.163590122342289 × 10^305 |
| 16 | ov_016 | 5.461156733812219 × 10^305 |
| 17 | ov_017 | 4.081058450716804 × 10^305 |
| 18 | ov_018 | 2.9800367167024307 × 10^305 |
| 19 | ov_019 | 2.1179324352364797 × 10^305 |
| 20 | ov_020 | 1.4576734234251074 × 10^305 |
| 21 | ov_021 | 9.652666274590784 × 10^304 |
| 22 | ov_022 | 6.097935620765223 × 10^304 |
| 23 | ov_023 | 3.6340774802322505 × 10^304 |
| 24 | ov_024 | 2.0133321160853443 × 10^304 |
| 25 | ov_025 | 1.0186354812953766 × 10^304 |
| 26 | ov_026 | 4.636135970816289 × 10^303 |
| 27 | ov_027 | 1.92579534412252 × 10^303 |
| 28 | ov_028 | 8.053201279494983 × 10^302 |
| 29 | ov_029 | 3.3154864678610614 × 10^302 |
| 30 | ov_030 | 1.0961252205455623 × 10^302 |
| 31 | ov_031 | 2.652097225450955 × 10^301 |
| 32 | lv_80_k31 | 6.415055623429311 × 10^300 |
| 33 | ov_033 | 7.684961948898065 × 10^301 |
| 34 | ov_034 | 6.645805203101365 × 10^301 |
| 35 | ov_035 | 5.71990104958747 × 10^301 |
| 36 | ov_036 | 4.8976821362232155 × 10^301 |
| 37 | ov_037 | 4.1701015979499645 × 10^301 |
| 38 | ov_038 | 3.5285960355548117 × 10^301 |
| 39 | ov_039 | 2.9650534005611464 × 10^301 |
| 40 | ov_040 | 2.471785334582648 × 10^301 |
| 41 | ov_041 | 2.041503534419027 × 10^301 |
| 42 | ov_042 | 1.6672997364855424 × 10^301 |
| 43 | ov_043 | 1.3458125307999357 × 10^301 |
| 44 | ov_044 | 1.070846262269833 × 10^301 |
| 45 | ov_045 | 8.365432461772513 × 10^300 |
| 46 | ov_046 | 6.400578581037096 × 10^300 |
| 47 | ov_047 | 4.787068378133843 × 10^300 |
| 48 | ov_048 | 3.4996609972562476 × 10^300 |
| 49 | ov_049 | 2.4925585359908166 × 10^300 |
| 50 | ov_050 | 1.7230483150007307 × 10^300 |
| 51 | ov_051 | 1.1514807904050424 × 10^300 |
| 52 | ov_052 | 7.4125467093775354 × 10^299 |
| 53 | ov_053 | 4.588074814038866 × 10^299 |
| 54 | ov_054 | 2.7361001961282863 × 10^299 |
| 55 | ov_055 | 1.5816335952735742 × 10^299 |
| 56 | ov_056 | 8.799730454222803 × 10^298 |
| 57 | ov_057 | 5.16338063910526 × 10^298 |
| 58 | ov_058 | 3.065799742564598 × 10^298 |
| 59 | ov_059 | 1.66192590844878 × 10^298 |
| 60 | ov_060 | 8.004077025722438 × 10^297 |
| 61 | ov_061 | 3.298947553908508 × 10^297 |
| 62 | ov_062 | 1.0917669831012842 × 10^297 |
| 63 | ov_063 | 2.644267499546209 × 10^296 |
| 64 | lv_79_k31 | 6.402224632847741 × 10^295 |
| 65 | ov_065 | 7.6195415093066 × 10^296 |
| 66 | ov_066 | 7.619525055950997 × 10^296 |
| 67 | ov_067 | 7.619519832497008 × 10^296 |
| 68 | ov_068 | 6.605546698820947 × 10^296 |
| 69 | ov_069 | 5.693546998500518 × 10^296 |
| 70 | ov_070 | 4.8794799961625135 × 10^296 |
| 71 | ov_071 | 4.155879886780137 × 10^296 |
| 72 | ov_072 | 3.51565742338751 × 10^296 |
| 73 | ov_073 | 2.9520756350831513 × 10^296 |
| 74 | ov_074 | 2.4587295074628147 × 10^296 |
| 75 | ov_075 | 2.0295291830748072 × 10^296 |
| 76 | ov_076 | 1.6586862631325474 × 10^296 |
| 77 | ov_077 | 1.3407028145888984 × 10^296 |
| 78 | ov_078 | 1.0703627089235989 × 10^296 |
| 79 | ov_079 | 8.427249407478144 × 10^295 |
| 80 | ov_080 | 6.531185956984077 × 10^295 |
| 81 | ov_081 | 4.971391581717416 × 10^295 |
| 82 | ov_082 | 3.7064587030936936 × 10^295 |
| 83 | ov_083 | 2.6975987435800116 × 10^295 |
| 84 | ov_084 | 1.9086289113258974 × 10^295 |
| 85 | ov_085 | 1.305962297903083 × 10^295 |
| 86 | ov_086 | 8.586000788260863 × 10^294 |
| 87 | ov_087 | 5.381253671740716 × 10^294 |
| 88 | ov_088 | 3.186985156758193 × 10^294 |
| 89 | ov_089 | 1.7705366265784154 × 10^294 |
| 90 | ov_090 | 9.249631727801668 × 10^293 |
| 91 | ov_091 | 4.690177947974807 × 10^293 |
| 92 | ov_092 | 2.471419182856032 × 10^293 |
| 93 | ov_093 | 1.2946030535463083 × 10^293 |
| 94 | ov_094 | 5.74557518581331 × 10^292 |
| 95 | aaa_78_28 | 1.828833094154046 × 10^292 |
| 96 | aaa_78_29 | 6.823667555378422 × 10^291 |
| 97 | ov_097 | 5.955757492710371 × 10^291 |
| 98 | ov_098 | 5.955723722100915 × 10^291 |
| 99 | ov_099 | 5.955712935705719 × 10^291 |
| 100 | ov_100 | 5.073884081424373 × 10^291 |
| 101 | ov_101 | 4.293936590256336 × 10^291 |
| 102 | ov_102 | 3.607565242358053 × 10^291 |
| 103 | ov_103 | 3.006920479839685 × 10^291 |
| 104 | ov_104 | 2.484575080962073 × 10^291 |
| 105 | ov_105 | 2.033495166335037 × 10^291 |
| 106 | ov_106 | 1.647015142780893 × 10^291 |
| 107 | ov_107 | 1.3188162115300215 × 10^291 |
| 108 | ov_108 | 1.0429080875613159 × 10^291 |
| 109 | ov_109 | 8.136135963424146 × 10^290 |
| 110 | ov_110 | 6.255558330965017 × 10^290 |
| 111 | ov_111 | 4.736475881396995 × 10^290 |
| 112 | ov_112 | 3.530827598947194 × 10^290 |
| 113 | ov_113 | 2.593294949770249 × 10^290 |
| 114 | ov_114 | 1.8812481233864868 × 10^290 |
| 115 | ov_115 | 1.354704858979503 × 10^290 |
| 116 | ov_116 | 9.76299774256403 × 10^289 |
| 117 | ov_117 | 7.112622873234378 × 10^289 |
| 118 | ov_118 | 5.274013943567229 × 10^289 |
| 119 | ov_119 | 3.950957379235611 × 10^289 |
| 120 | ov_120 | 2.8728757274676704 × 10^289 |
| 121 | ov_121 | 2.0141837635073071 × 10^289 |
| 122 | ov_122 | 1.3493053141646608 × 10^289 |
| 123 | ov_123 | 8.526693824673708 × 10^288 |
| 124 | ov_124 | 4.987078923498716 × 10^288 |
| 125 | ov_125 | 2.6185420935998153 × 10^288 |
| 126 | ov_126 | 1.1654229017351298 × 10^288 |
| 127 | aaa_77_28 | 3.7206280269702605 × 10^287 |
| 128 | aaa_77_29 | 1.394392673714207 × 10^287 |
| 129 | ov_129 | 1.284786355661484 × 10^287 |
| 130 | ov_130 | 1.2847834222823105 × 10^287 |
| 131 | ov_131 | 1.2847824802404356 × 10^287 |
| 132 | ov_132 | 1.1128198155984165 × 10^287 |
| 133 | ov_133 | 9.588657348675129 × 10^286 |
| 134 | ov_134 | 8.215477260832267 × 10^286 |
| 135 | ov_135 | 6.995695355094559 × 10^286 |
| 136 | ov_136 | 5.917055835230026 × 10^286 |
| 137 | ov_137 | 4.9679609751445 × 10^286 |
| 138 | ov_138 | 4.1374291100532962 × 10^286 |
| 139 | ov_139 | 3.4150586877658185 × 10^286 |
| 140 | ov_140 | 2.7909977699959336 × 10^286 |
| 141 | ov_141 | 2.2559184070536413 × 10^286 |
| 142 | ov_142 | 1.8009953419439372 × 10^286 |
| 143 | ov_143 | 1.4178885319762278 × 10^286 |
| 144 | ov_144 | 1.0987290076207044 × 10^286 |
| 145 | ov_145 | 8.36107619658033 × 10^285 |
| 146 | ov_146 | 6.230662567522348 × 10^285 |
| 147 | ov_147 | 4.5309114650780557 × 10^285 |
| 148 | ov_148 | 3.201078839051983 × 10^285 |
| 149 | ov_149 | 2.1847786178170255 × 10^285 |
| 150 | ov_150 | 1.429958087623848 × 10^285 |
| 151 | ov_151 | 8.888817076309782 × 10^284 |
| 152 | ov_152 | 5.1812102893016 × 10^284 |
| 153 | ov_153 | 2.7854878100272012 × 10^284 |
| 154 | ov_154 | 1.353356723406896 × 10^284 |
| 155 | ov_155 | 5.794880354337817 × 10^283 |
| 156 | aaa_76_25 | 2.0150925187881773 × 10^283 |
| 157 | aaa_76_26 | 1.2401198854013302 × 10^283 |
| 158 | aaa_76_27 | 6.79896155733636 × 10^282 |
| 159 | aaa_76_28 | 3.203651975949768 × 10^282 |
| 160 | aaa_76_29 | 1.2060816881541301 × 10^282 |

### Output Bits Sorted by Complexity

| Rank | Output Bit | Complexity |
|:----:|:----------:|:----------:|
| 160 | aaa_76_29 | 1.2060816881541301 × 10^282 |
| 159 | aaa_76_28 | 3.203651975949768 × 10^282 |
| 158 | aaa_76_27 | 6.79896155733636 × 10^282 |
| 157 | aaa_76_26 | 1.2401198854013302 × 10^283 |
| 156 | aaa_76_25 | 2.0150925187881773 × 10^283 |
| 155 | ov_155 | 5.794880354337817 × 10^283 |
| 154 | ov_154 | 1.353356723406896 × 10^284 |
| 153 | ov_153 | 2.7854878100272012 × 10^284 |
| 152 | ov_152 | 5.1812102893016 × 10^284 |
| 151 | ov_151 | 8.888817076309782 × 10^284 |
| 150 | ov_150 | 1.429958087623848 × 10^285 |
| 149 | ov_149 | 2.1847786178170255 × 10^285 |
| 148 | ov_148 | 3.201078839051983 × 10^285 |
| 147 | ov_147 | 4.5309114650780557 × 10^285 |
| 146 | ov_146 | 6.230662567522348 × 10^285 |
| 145 | ov_145 | 8.36107619658033 × 10^285 |
| 144 | ov_144 | 1.0987290076207044 × 10^286 |
| 143 | ov_143 | 1.4178885319762278 × 10^286 |
| 142 | ov_142 | 1.8009953419439372 × 10^286 |
| 141 | ov_141 | 2.2559184070536413 × 10^286 |
| 140 | ov_140 | 2.7909977699959336 × 10^286 |
| 139 | ov_139 | 3.4150586877658185 × 10^286 |
| 138 | ov_138 | 4.1374291100532962 × 10^286 |
| 137 | ov_137 | 4.9679609751445 × 10^286 |
| 136 | ov_136 | 5.917055835230026 × 10^286 |
| 135 | ov_135 | 6.995695355094559 × 10^286 |
| 134 | ov_134 | 8.215477260832267 × 10^286 |
| 133 | ov_133 | 9.588657348675129 × 10^286 |
| 132 | ov_132 | 1.1128198155984165 × 10^287 |
| 131 | ov_131 | 1.2847824802404356 × 10^287 |
| 130 | ov_130 | 1.2847834222823105 × 10^287 |
| 129 | ov_129 | 1.284786355661484 × 10^287 |
| 128 | aaa_77_29 | 1.394392673714207 × 10^287 |
| 127 | aaa_77_28 | 3.7206280269702605 × 10^287 |
| 126 | ov_126 | 1.1654229017351298 × 10^288 |
| 125 | ov_125 | 2.6185420935998153 × 10^288 |
| 124 | ov_124 | 4.987078923498716 × 10^288 |
| 123 | ov_123 | 8.526693824673708 × 10^288 |
| 122 | ov_122 | 1.3493053141646608 × 10^289 |
| 121 | ov_121 | 2.0141837635073071 × 10^289 |
| 120 | ov_120 | 2.8728757274676704 × 10^289 |
| 119 | ov_119 | 3.950957379235611 × 10^289 |
| 118 | ov_118 | 5.274013943567229 × 10^289 |
| 117 | ov_117 | 7.112622873234378 × 10^289 |
| 116 | ov_116 | 9.76299774256403 × 10^289 |
| 115 | ov_115 | 1.354704858979503 × 10^290 |
| 114 | ov_114 | 1.8812481233864868 × 10^290 |
| 113 | ov_113 | 2.593294949770249 × 10^290 |
| 112 | ov_112 | 3.530827598947194 × 10^290 |
| 111 | ov_111 | 4.736475881396995 × 10^290 |
| 110 | ov_110 | 6.255558330965017 × 10^290 |
| 109 | ov_109 | 8.136135963424146 × 10^290 |
| 108 | ov_108 | 1.0429080875613159 × 10^291 |
| 107 | ov_107 | 1.3188162115300215 × 10^291 |
| 106 | ov_106 | 1.647015142780893 × 10^291 |
| 105 | ov_105 | 2.033495166335037 × 10^291 |
| 104 | ov_104 | 2.484575080962073 × 10^291 |
| 103 | ov_103 | 3.006920479839685 × 10^291 |
| 102 | ov_102 | 3.607565242358053 × 10^291 |
| 101 | ov_101 | 4.293936590256336 × 10^291 |
| 100 | ov_100 | 5.073884081424373 × 10^291 |
| 99 | ov_099 | 5.955712935705719 × 10^291 |
| 98 | ov_098 | 5.955723722100915 × 10^291 |
| 97 | ov_097 | 5.955757492710371 × 10^291 |
| 96 | aaa_78_29 | 6.823667555378422 × 10^291 |
| 95 | aaa_78_28 | 1.828833094154046 × 10^292 |
| 94 | ov_094 | 5.74557518581331 × 10^292 |
| 93 | ov_093 | 1.2946030535463083 × 10^293 |
| 92 | ov_092 | 2.471419182856032 × 10^293 |
| 91 | ov_091 | 4.690177947974807 × 10^293 |
| 90 | ov_090 | 9.249631727801668 × 10^293 |
| 89 | ov_089 | 1.7705366265784154 × 10^294 |
| 88 | ov_088 | 3.186985156758193 × 10^294 |
| 87 | ov_087 | 5.381253671740716 × 10^294 |
| 86 | ov_086 | 8.586000788260863 × 10^294 |
| 85 | ov_085 | 1.305962297903083 × 10^295 |
| 84 | ov_084 | 1.9086289113258974 × 10^295 |
| 83 | ov_083 | 2.6975987435800116 × 10^295 |
| 82 | ov_082 | 3.7064587030936936 × 10^295 |
| 81 | ov_081 | 4.971391581717416 × 10^295 |
| 64 | lv_79_k31 | 6.402224632847741 × 10^295 |
| 80 | ov_080 | 6.531185956984077 × 10^295 |
| 79 | ov_079 | 8.427249407478144 × 10^295 |
| 78 | ov_078 | 1.0703627089235989 × 10^296 |
| 77 | ov_077 | 1.3407028145888984 × 10^296 |
| 76 | ov_076 | 1.6586862631325474 × 10^296 |
| 75 | ov_075 | 2.0295291830748072 × 10^296 |
| 74 | ov_074 | 2.4587295074628147 × 10^296 |
| 63 | ov_063 | 2.644267499546209 × 10^296 |
| 73 | ov_073 | 2.9520756350831513 × 10^296 |
| 72 | ov_072 | 3.51565742338751 × 10^296 |
| 71 | ov_071 | 4.155879886780137 × 10^296 |
| 70 | ov_070 | 4.8794799961625135 × 10^296 |
| 69 | ov_069 | 5.693546998500518 × 10^296 |
| 68 | ov_068 | 6.605546698820947 × 10^296 |
| 67 | ov_067 | 7.619519832497008 × 10^296 |
| 66 | ov_066 | 7.619525055950997 × 10^296 |
| 65 | ov_065 | 7.6195415093066 × 10^296 |
| 62 | ov_062 | 1.0917669831012842 × 10^297 |
| 61 | ov_061 | 3.298947553908508 × 10^297 |
| 60 | ov_060 | 8.004077025722438 × 10^297 |
| 59 | ov_059 | 1.66192590844878 × 10^298 |
| 58 | ov_058 | 3.065799742564598 × 10^298 |
| 57 | ov_057 | 5.16338063910526 × 10^298 |
| 56 | ov_056 | 8.799730454222803 × 10^298 |
| 55 | ov_055 | 1.5816335952735742 × 10^299 |
| 54 | ov_054 | 2.7361001961282863 × 10^299 |
| 53 | ov_053 | 4.588074814038866 × 10^299 |
| 52 | ov_052 | 7.4125467093775354 × 10^299 |
| 51 | ov_051 | 1.1514807904050424 × 10^300 |
| 50 | ov_050 | 1.7230483150007307 × 10^300 |
| 49 | ov_049 | 2.4925585359908166 × 10^300 |
| 48 | ov_048 | 3.4996609972562476 × 10^300 |
| 47 | ov_047 | 4.787068378133843 × 10^300 |
| 46 | ov_046 | 6.400578581037096 × 10^300 |
| 32 | lv_80_k31 | 6.415055623429311 × 10^300 |
| 45 | ov_045 | 8.365432461772513 × 10^300 |
| 44 | ov_044 | 1.070846262269833 × 10^301 |
| 43 | ov_043 | 1.3458125307999357 × 10^301 |
| 42 | ov_042 | 1.6672997364855424 × 10^301 |
| 41 | ov_041 | 2.041503534419027 × 10^301 |
| 40 | ov_040 | 2.471785334582648 × 10^301 |
| 31 | ov_031 | 2.652097225450955 × 10^301 |
| 39 | ov_039 | 2.9650534005611464 × 10^301 |
| 38 | ov_038 | 3.5285960355548117 × 10^301 |
| 37 | ov_037 | 4.1701015979499645 × 10^301 |
| 36 | ov_036 | 4.8976821362232155 × 10^301 |
| 35 | ov_035 | 5.71990104958747 × 10^301 |
| 34 | ov_034 | 6.645805203101365 × 10^301 |
| 33 | ov_033 | 7.684961948898065 × 10^301 |
| 30 | ov_030 | 1.0961252205455623 × 10^302 |
| 29 | ov_029 | 3.3154864678610614 × 10^302 |
| 28 | ov_028 | 8.053201279494983 × 10^302 |
| 27 | ov_027 | 1.92579534412252 × 10^303 |
| 26 | ov_026 | 4.636135970816289 × 10^303 |
| 25 | ov_025 | 1.0186354812953766 × 10^304 |
| 24 | ov_024 | 2.0133321160853443 × 10^304 |
| 23 | ov_023 | 3.6340774802322505 × 10^304 |
| 22 | ov_022 | 6.097935620765223 × 10^304 |
| 21 | ov_021 | 9.652666274590784 × 10^304 |
| 20 | ov_020 | 1.4576734234251074 × 10^305 |
| 19 | ov_019 | 2.1179324352364797 × 10^305 |
| 18 | ov_018 | 2.9800367167024307 × 10^305 |
| 17 | ov_017 | 4.081058450716804 × 10^305 |
| 16 | ov_016 | 5.461156733812219 × 10^305 |
| 15 | ov_015 | 7.163590122342289 × 10^305 |
| 14 | ov_014 | 9.234735919465978 × 10^305 |
| 13 | ov_013 | 1.1724118524134662 × 10^306 |
| 12 | ov_012 | 1.4684449405866438 × 10^306 |
| 11 | ov_011 | 1.81716815120424 × 10^306 |
| 10 | ov_010 | 2.2245081158037664 × 10^306 |
| 9 | ov_009 | 2.6967320695084386 × 10^306 |
| 8 | ov_008 | 3.240459526012871 × 10^306 |
| 7 | ov_007 | 3.8626766434340186 × 10^306 |
| 6 | ov_006 | 4.570753511506407 × 10^306 |
| 5 | ov_005 | 5.372464609810619 × 10^306 |
| 4 | ov_004 | 6.276012786928518 × 10^306 |
| 3 | ov_003 | 7.290057184200953 × 10^306 |
| 2 | ov_002 | 8.41929812409073 × 10^306 |
| 1 | ov_001 | 9.668708661120132 × 10^306 |

