# Results for F001-F002-F003-F004-F005-F006-F007-F008-F009-F010-F011-F012-F013-F014-F015-F016-F017-F018-F019-F020-F021-F022-F023-F024-F025-F026-F027-F028-F029-F030-F031-F032-F033-F034-F035-F036-F037-F038-F039-F040-F041-F042-F043-F044-F045-F046-F047-F048-F049-F050-F051-F052-F053-F054-F055-F056-F057-F058-F059-F060-F061-F062-F063-F064-F065-F066-F067-F068-F069-F070-F071-F072-F073-F074-F075-F076-F077-F078-F079-F080-F081-F082-F083-F084-F085-F086-F087-F088-F089-F090-F091-F092-F093-F094-F095-F096-F097-F098-F099-F100-F101-F102-F103-F104-F105-F106-F107-F108-F109-F110-F111-F112-F113-F114-F115-F116-F117-F118-F119-F120-F121-F122-F123-F124-F125-F126-F127-F128-F129-F130-F131-F132-F133-F134-F135-F136-F137-F138-F139-F140-F141-F142-F143-F144-F145-F146-F147-F148-F149-F150-F151-F152-F153-F154-F155-F156-F157-F158-F159-F160-F161-F162-F163-F164-F165-F166-F167-F168-F169-F170-F171-F172-F173-F174-F175-F176-F177-F178-F179-F180-F181-F182-F183-F184-F185-F186-F187-F188-F189-F190-F191-F192-F193-F194-F195-F196-F197-F198-F199-F200-F201-F202-F203-F204-F205-F206-F207-F208-F209-F210-F211-F212-F213-F214-F215-F216-F217-F218-F219-F220-F221-F222-F223-F224-F225-F226-F227-F228-F229-F230-F231-F232-F233-F234-F235-F236-F237-F238-F239-F240-F241-F242-F243-F244-F245-F246-F247-F248-F249-F250-F251-F252-F253-F254-F255-F256-F257-F258-F259-F260-F261-F262-F263-F264-F265-F266-F267-F268-F269-F270-F271-F272-F273-F274-F275-F276-F277-F278-F279-F280-F281-F282-F283-F284-F285-F286-F287-F288-F289-F290-F291-F292-F293-F294-F295-F296-F297-F298-F299-F300-F301-F302-F303-F304-F305-F306-F307-F308-F309-F310-F311-F312-F313-F314-F315-F316-F317-F318-F319-F320-F321-F322-F323-F324-F325-F326-F327-F328-F329-F330-F331-F332-F333-F334-F335-F336-F337-F338-F339-F340-F341-F342-F343-F344-F345-F346-F347-F348-F349-F350-F351-F352-F353-F354-F355-F356-F357-F358-F359-F360-F361-F362-F363-F364-F365-F366-F367-F368-F369-F370-F371-F372-F373-F374-F375-F376-F377-F378-F379-F380-F381-F382-F383-F384-F385-F386-F387-F388-F389-F390-F391-F392-F393-F394-F395-F396-F397-F398-F399-F400-F401-F402-F403-F404-F405-F406-F407-F408-F409-F410-F411-F412-F413-F414-F415-F416-F417-F418-F419-F420-F421-F422-F423-F424-F425-F426-F427-F428-F429-F430-F431-F432-F433-F434-F435-F436-F437-F438-F439-F440-F441-F442-F443-F444-F445-F446-F447-F448-F449-F450-F451-F452-F453-F454-F455-F456-F457-F458-F459-F460-F461-F462-F463-F464-F465-F466-F467-F468-F469-F470-F471-F472-F473-F474-F475-F476-F477-F478-F479-F480-F481-F482-F483-F484-F485-F486-F487-F488-F489-F490-F491-F492-F493-F494-F495-F496-E499504-E499505-F509-F510-F511-F512

## Summary

Number of input bits: 512  
Number of free input bits: 10  
Number of output bits: 160

Number of direct occurrences: 40472  
Number of assignments: 31028  
Number of operations: 10808119
(xor: 10780106,
and: 14735,
or: 13278)

Total complexity: 4.155928428811304 × 10^297

Least occurring input variable: iv_502 (3835)  
Most occurring input variable: iv_499 (4396)

Most co-occurring input variables: iv_499-iv_508 (2047)  
Least co-occurring input variables: iv_498-iv_502 (1739)

Potentially most occurring input variable: iv_497/iv_499 (4536)  
Potentially least occurring input variable: iv_506/iv_507 (4125)

Least output occurring input variable: iv_503 (75)  
Most output occurring input variable: iv_497 (93)

Most output co-occurring input variables: iv_497-iv_499 (53)  
Least output co-occurring input variables: iv_503-iv_508 (34)

Potentially most output occurring input variable: iv_497/iv_500 (91)  
Potentially least output occurring input variable: iv_497/iv_502 (71)

Least complex input bit: iv_497 (1.8139356431907083 × 10^295)  
Most complex input bit: iv_499 (8.877776201367813 × 10^296)

Least complex output bit: aaa_76_29 (9.941464699006253 × 10^272)  
Most complex output bit: ov_001 (6.6477544125952485 × 10^296)

Least complex input/output complexity: iv_497/aaa_76_29 (4.3391452648782835 × 10^270)  
Most complex input/output complexity: iv_499/ov_001 (1.4200744052167491 × 10^296)

## Input Bits

### Input Bits in Regular Order

| Input Bit | Complexity | Occurrences | Output Occurrences |
|:---------:|:----------:|:-----------:|:------------------:|
| iv_497 | 1.8139356431907083 × 10^295 | 4092 | 93 |
| iv_498 | 3.629972321283755 × 10^295 | 3887 | 88 |
| iv_499 | 8.877776201367813 × 10^296 | 4396 | 87 |
| iv_500 | 1.0789869013388652 × 10^296 | 4057 | 76 |
| iv_501 | 1.7760534149848862 × 10^296 | 4035 | 83 |
| iv_502 | 2.8631680683585466 × 10^296 | 3835 | 82 |
| iv_503 | 4.534573835320571 × 10^296 | 3994 | 75 |
| iv_506 | 5.374341462058388 × 10^296 | 3900 | 82 |
| iv_507 | 7.64759015447768 × 10^296 | 4131 | 76 |
| iv_508 | 8.86240345375888 × 10^296 | 4145 | 81 |

### Input Bits Sorted by Complexity

| Input Bit | Complexity | Occurrences | Output Occurrences |
|:---------:|:----------:|:-----------:|:------------------:|
| iv_497 | 1.8139356431907083 × 10^295 | 4092 | 93 |
| iv_498 | 3.629972321283755 × 10^295 | 3887 | 88 |
| iv_500 | 1.0789869013388652 × 10^296 | 4057 | 76 |
| iv_501 | 1.7760534149848862 × 10^296 | 4035 | 83 |
| iv_502 | 2.8631680683585466 × 10^296 | 3835 | 82 |
| iv_503 | 4.534573835320571 × 10^296 | 3994 | 75 |
| iv_506 | 5.374341462058388 × 10^296 | 3900 | 82 |
| iv_507 | 7.64759015447768 × 10^296 | 4131 | 76 |
| iv_508 | 8.86240345375888 × 10^296 | 4145 | 81 |
| iv_499 | 8.877776201367813 × 10^296 | 4396 | 87 |

### Input Bits Sorted by Occurrences

| Input Bit | Complexity | Occurrences | Output Occurrences |
|:---------:|:----------:|:-----------:|:------------------:|
| iv_502 | 2.8631680683585466 × 10^296 | 3835 | 82 |
| iv_498 | 3.629972321283755 × 10^295 | 3887 | 88 |
| iv_506 | 5.374341462058388 × 10^296 | 3900 | 82 |
| iv_503 | 4.534573835320571 × 10^296 | 3994 | 75 |
| iv_501 | 1.7760534149848862 × 10^296 | 4035 | 83 |
| iv_500 | 1.0789869013388652 × 10^296 | 4057 | 76 |
| iv_497 | 1.8139356431907083 × 10^295 | 4092 | 93 |
| iv_507 | 7.64759015447768 × 10^296 | 4131 | 76 |
| iv_508 | 8.86240345375888 × 10^296 | 4145 | 81 |
| iv_499 | 8.877776201367813 × 10^296 | 4396 | 87 |

### Input Bits Sorted by Output Occurrences

| Input Bit | Complexity | Occurrences | Output Occurrences |
|:---------:|:----------:|:-----------:|:------------------:|
| iv_503 | 4.534573835320571 × 10^296 | 3994 | 75 |
| iv_500 | 1.0789869013388652 × 10^296 | 4057 | 76 |
| iv_507 | 7.64759015447768 × 10^296 | 4131 | 76 |
| iv_508 | 8.86240345375888 × 10^296 | 4145 | 81 |
| iv_502 | 2.8631680683585466 × 10^296 | 3835 | 82 |
| iv_506 | 5.374341462058388 × 10^296 | 3900 | 82 |
| iv_501 | 1.7760534149848862 × 10^296 | 4035 | 83 |
| iv_499 | 8.877776201367813 × 10^296 | 4396 | 87 |
| iv_498 | 3.629972321283755 × 10^295 | 3887 | 88 |
| iv_497 | 1.8139356431907083 × 10^295 | 4092 | 93 |

## Input Bit Co-occurrences

### Input Bit Co-occurrences Sorted by Co-occurrences

| Input Bits | Co-occurrences | Potential Occurrences | Output Co-occurrences | Potential Output Occurrences |
|:----------:|:--------------:|:---------------------:|:---------------------:|:----------------------------:|
| iv_499-iv_508 | 2047 | 4447 | 45 | 78 |
| iv_499-iv_501 | 2039 | 4353 | 44 | 82 |
| iv_499-iv_500 | 2024 | 4405 | 42 | 79 |
| iv_497-iv_507 | 2018 | 4187 | 44 | 81 |
| iv_507-iv_508 | 2013 | 4250 | 43 | 71 |
| iv_499-iv_503 | 2003 | 4384 | 43 | 76 |
| iv_499-iv_507 | 1997 | 4533 | 40 | 83 |
| iv_497-iv_501 | 1981 | 4165 | 48 | 80 |
| iv_497-iv_499 | 1976 | 4536 | 53 | 74 |
| iv_497-iv_500 | 1961 | 4227 | 39 | 91 |

### Input Bit Co-occurrences Sorted by Potential Occurrences

| Input Bits | Co-occurrences | Potential Occurrences | Output Co-occurrences | Potential Output Occurrences |
|:----------:|:--------------:|:---------------------:|:---------------------:|:----------------------------:|
| iv_506-iv_507 | 1953 | 4125 | 39 | 80 |
| iv_497-iv_506 | 1922 | 4148 | 51 | 73 |
| iv_498-iv_506 | 1817 | 4153 | 41 | 88 |
| iv_497-iv_502 | 1883 | 4161 | 52 | 71 |
| iv_497-iv_501 | 1981 | 4165 | 48 | 80 |
| iv_502-iv_506 | 1784 | 4167 | 44 | 76 |
| iv_500-iv_506 | 1895 | 4167 | 36 | 86 |
| iv_497-iv_503 | 1959 | 4168 | 46 | 76 |
| iv_503-iv_506 | 1857 | 4180 | 38 | 81 |
| iv_497-iv_507 | 2018 | 4187 | 44 | 81 |

### Input Bit Output Co-occurrences Sorted by Output Co-occurrences

| Input Bits | Co-occurrences | Potential Occurrences | Output Co-occurrences | Potential Output Occurrences |
|:----------:|:--------------:|:---------------------:|:---------------------:|:----------------------------:|
| iv_497-iv_499 | 1976 | 4536 | 53 | 74 |
| iv_497-iv_502 | 1883 | 4161 | 52 | 71 |
| iv_497-iv_506 | 1922 | 4148 | 51 | 73 |
| iv_498-iv_499 | 1910 | 4463 | 51 | 73 |
| iv_497-iv_498 | 1869 | 4241 | 50 | 81 |
| iv_498-iv_501 | 1843 | 4236 | 48 | 75 |
| iv_497-iv_501 | 1981 | 4165 | 48 | 80 |
| iv_499-iv_506 | 1952 | 4392 | 48 | 73 |
| iv_498-iv_502 | 1739 | 4244 | 46 | 78 |
| iv_497-iv_503 | 1959 | 4168 | 46 | 76 |

### Input Bit Output Co-occurrences Sorted by Potential Output Occurrences

| Input Bits | Co-occurrences | Potential Occurrences | Output Co-occurrences | Potential Output Occurrences |
|:----------:|:--------------:|:---------------------:|:---------------------:|:----------------------------:|
| iv_497-iv_502 | 1883 | 4161 | 52 | 71 |
| iv_507-iv_508 | 2013 | 4250 | 43 | 71 |
| iv_497-iv_506 | 1922 | 4148 | 51 | 73 |
| iv_498-iv_499 | 1910 | 4463 | 51 | 73 |
| iv_499-iv_506 | 1952 | 4392 | 48 | 73 |
| iv_500-iv_503 | 1917 | 4217 | 39 | 73 |
| iv_502-iv_507 | 1872 | 4222 | 42 | 74 |
| iv_497-iv_499 | 1976 | 4536 | 53 | 74 |
| iv_498-iv_501 | 1843 | 4236 | 48 | 75 |
| iv_502-iv_506 | 1784 | 4167 | 44 | 76 |

## Output Bits

### Output Bits in Regular Order

| Rank | Output Bit | Complexity |
|:----:|:----------:|:----------:|
| 1 | ov_001 | 6.6477544125952485 × 10^296 |
| 2 | ov_002 | 5.765102680045097 × 10^296 |
| 3 | ov_003 | 4.9744104306148205 × 10^296 |
| 4 | ov_004 | 4.26870988806074 × 10^296 |
| 5 | ov_005 | 3.641413168026954 × 10^296 |
| 6 | ov_006 | 3.0862851904095655 × 10^296 |
| 7 | ov_007 | 2.5974200896344662 × 10^296 |
| 8 | ov_008 | 2.169220895493362 × 10^296 |
| 9 | ov_009 | 1.7963822313779922 × 10^296 |
| 10 | ov_010 | 1.4738757303242247 × 10^296 |
| 11 | ov_011 | 1.196937865848962 × 10^296 |
| 12 | ov_012 | 9.610599118907413 × 10^295 |
| 13 | ov_013 | 7.619797631668744 × 10^295 |
| 14 | ov_014 | 5.956753640086 × 10^295 |
| 15 | ov_015 | 4.583595102918852 × 10^295 |
| 16 | ov_016 | 3.464758054952849 × 10^295 |
| 17 | ov_017 | 2.566955682269389 × 10^295 |
| 18 | ov_018 | 1.85915504800069 × 10^295 |
| 19 | ov_019 | 1.3125597662201263 × 10^295 |
| 20 | ov_020 | 9.005971592698899 × 10^294 |
| 21 | ov_021 | 5.989088134824001 × 10^294 |
| 22 | ov_022 | 3.8534379757119474 × 10^294 |
| 23 | ov_023 | 2.399539747136775 × 10^294 |
| 24 | ov_024 | 1.4499091984131377 × 10^294 |
| 25 | ov_025 | 8.490403412990923 × 10^293 |
| 26 | ov_026 | 4.633951267506994 × 10^293 |
| 27 | ov_027 | 2.316956577997164 × 10^293 |
| 28 | ov_028 | 1.036448675447468 × 10^293 |
| 29 | ov_029 | 3.9926031690538677 × 10^292 |
| 30 | ov_030 | 1.220264083240681 × 10^292 |
| 31 | ov_031 | 2.3794885489749816 × 10^291 |
| 32 | lv_80_m31 | 4.639168917016087 × 10^290 |
| 33 | ov_033 | 5.558201910252004 × 10^291 |
| 34 | ov_034 | 4.819315711768387 × 10^291 |
| 35 | ov_035 | 4.1583378062706225 × 10^291 |
| 36 | ov_036 | 3.5689350990312 × 10^291 |
| 37 | ov_037 | 3.045114117019993 × 10^291 |
| 38 | ov_038 | 2.5811972252782943 × 10^291 |
| 39 | ov_039 | 2.171802132158944 × 10^291 |
| 40 | ov_040 | 1.8118243524663112 × 10^291 |
| 41 | ov_041 | 1.4964223177229474 × 10^291 |
| 42 | ov_042 | 1.2232392676935742 × 10^291 |
| 43 | ov_043 | 9.900407766180415 × 10^290 |
| 44 | ov_044 | 7.927068931085976 × 10^290 |
| 45 | ov_045 | 6.273419308008272 × 10^290 |
| 46 | ov_046 | 4.902687927447804 × 10^290 |
| 47 | ov_047 | 3.780244518859085 × 10^290 |
| 48 | ov_048 | 2.873564054529983 × 10^290 |
| 49 | ov_049 | 2.152199562735118 × 10^290 |
| 50 | ov_050 | 1.587761886117961 × 10^290 |
| 51 | ov_051 | 1.1539050013317512 × 10^290 |
| 52 | ov_052 | 8.263155561988288 × 10^289 |
| 53 | ov_053 | 5.827054791789947 × 10^289 |
| 54 | ov_054 | 4.028068203733514 × 10^289 |
| 55 | ov_055 | 2.6836826113094276 × 10^289 |
| 56 | ov_056 | 1.707679535001365 × 10^289 |
| 57 | ov_057 | 1.0239080938082891 × 10^289 |
| 58 | ov_058 | 5.662799921086276 × 10^288 |
| 59 | ov_059 | 2.787668570326402 × 10^288 |
| 60 | ov_060 | 1.153990028756259 × 10^288 |
| 61 | ov_061 | 4.026497554063904 × 10^287 |
| 62 | ov_062 | 1.103311677682968 × 10^287 |
| 63 | ov_063 | 2.1478457499155724 × 10^286 |
| 64 | lv_79_m31 | 4.1803257691495597 × 10^285 |
| 65 | ov_065 | 4.96717551598031 × 10^286 |
| 66 | ov_066 | 4.967159111649493 × 10^286 |
| 67 | ov_067 | 4.967155096629871 × 10^286 |
| 68 | ov_068 | 4.284097100418394 × 10^286 |
| 69 | ov_069 | 3.676238367165705 × 10^286 |
| 70 | ov_070 | 3.1373663637270167 × 10^286 |
| 71 | ov_071 | 2.661650922981108 × 10^286 |
| 72 | ov_072 | 2.2436183455395306 × 10^286 |
| 73 | ov_073 | 1.8781277889419692 × 10^286 |
| 74 | ov_074 | 1.560349824024291 × 10^286 |
| 75 | ov_075 | 1.285747042620544 × 10^286 |
| 76 | ov_076 | 1.0500566044169349 × 10^286 |
| 77 | ov_077 | 8.492746137360613 × 10^285 |
| 78 | ov_078 | 6.796422193969688 × 10^285 |
| 79 | ov_079 | 5.376333326590697 × 10^285 |
| 80 | ov_080 | 4.199438596930548 × 10^285 |
| 81 | ov_081 | 3.234823460998717 × 10^285 |
| 82 | ov_082 | 2.4536193178915532 × 10^285 |
| 83 | ov_083 | 1.8289351509796435 × 10^285 |
| 84 | ov_084 | 1.3358002543661314 × 10^285 |
| 85 | ov_085 | 9.511170403421236 × 10^284 |
| 86 | ov_086 | 6.637996942475275 × 10^284 |
| 87 | ov_087 | 4.5439060086044004 × 10^284 |
| 88 | ov_088 | 3.0521415446173078 × 10^284 |
| 89 | ov_089 | 2.0035987800583166 × 10^284 |
| 90 | ov_090 | 1.256706206471719 × 10^284 |
| 91 | ov_091 | 7.450494936976596 × 10^283 |
| 92 | ov_092 | 4.1092749063947185 × 10^283 |
| 93 | ov_093 | 2.0533554036110197 × 10^283 |
| 94 | ov_094 | 8.795727783165116 × 10^282 |
| 95 | aaa_78_28 | 2.716128000631604 × 10^282 |
| 96 | aaa_78_29 | 8.341781783491921 × 10^281 |
| 97 | ov_097 | 5.509442112107287 × 10^281 |
| 98 | ov_098 | 5.5092770358983515 × 10^281 |
| 99 | ov_099 | 5.509224364648136 × 10^281 |
| 100 | ov_100 | 4.9579466089239946 × 10^281 |
| 101 | ov_101 | 4.4472824591001875 × 10^281 |
| 102 | ov_102 | 3.975014595420341 × 10^281 |
| 103 | ov_103 | 3.5390874019169655 × 10^281 |
| 104 | ov_104 | 3.1375854393216646 × 10^281 |
| 105 | ov_105 | 2.768713946561737 × 10^281 |
| 106 | ov_106 | 2.4307812674489525 × 10^281 |
| 107 | ov_107 | 2.1221831026814615 × 10^281 |
| 108 | ov_108 | 1.841388490058938 × 10^281 |
| 109 | ov_109 | 1.5869274179630953 × 10^281 |
| 110 | ov_110 | 1.3573799787769853 × 10^281 |
| 111 | ov_111 | 1.1513669700993262 × 10^281 |
| 112 | ov_112 | 9.67541852440112 × 10^280 |
| 113 | ov_113 | 8.045839726396582 × 10^280 |
| 114 | ov_114 | 6.611928326019565 × 10^280 |
| 115 | ov_115 | 5.360831831490595 × 10^280 |
| 116 | ov_116 | 4.279809829446792 × 10^280 |
| 117 | ov_117 | 3.356202625201242 × 10^280 |
| 118 | ov_118 | 2.577408034892974 × 10^280 |
| 119 | ov_119 | 1.9308646926256722 × 10^280 |
| 120 | ov_120 | 1.4040396100627787 × 10^280 |
| 121 | ov_121 | 9.844186888315686 × 10^279 |
| 122 | ov_122 | 6.594997366141584 × 10^279 |
| 123 | ov_123 | 4.167875378337881 × 10^279 |
| 124 | ov_124 | 2.437905298510051 × 10^279 |
| 125 | ov_125 | 1.280187447739899 × 10^279 |
| 126 | ov_126 | 5.698276010536958 × 10^278 |
| 127 | aaa_77_28 | 1.819329616739135 × 10^278 |
| 128 | aaa_77_29 | 6.818121389288225 × 10^277 |
| 129 | ov_129 | 6.250931701979497 × 10^277 |
| 130 | ov_130 | 6.250912355744034 × 10^277 |
| 131 | ov_131 | 6.250907683258862 × 10^277 |
| 132 | ov_132 | 5.412009681803165 × 10^277 |
| 133 | ov_133 | 4.660450403874462 × 10^277 |
| 134 | ov_134 | 3.9892894531452705 × 10^277 |
| 135 | ov_135 | 3.3919523682111433 × 10^277 |
| 136 | ov_136 | 2.865239866020563 × 10^277 |
| 137 | ov_137 | 2.403234270182936 × 10^277 |
| 138 | ov_138 | 2.0003159777974844 × 10^277 |
| 139 | ov_139 | 1.6511474604682245 × 10^277 |
| 140 | ov_140 | 1.3506600017223382 × 10^277 |
| 141 | ov_141 | 1.0940428532323424 × 10^277 |
| 142 | ov_142 | 8.767345098286947 × 10^276 |
| 143 | ov_143 | 6.944158206903771 × 10^276 |
| 144 | ov_144 | 5.430046713772936 × 10^276 |
| 145 | ov_145 | 4.1865198856369583 × 10^276 |
| 146 | ov_146 | 3.177388364751994 × 10^276 |
| 147 | ov_147 | 2.368743911404689 × 10^276 |
| 148 | ov_148 | 1.7289459565215754 × 10^276 |
| 149 | ov_149 | 1.2286131669639056 × 10^276 |
| 150 | ov_150 | 8.536188905967922 × 10^275 |
| 151 | ov_151 | 5.790871184156769 × 10^275 |
| 152 | ov_152 | 3.82390968925942 × 10^275 |
| 153 | ov_153 | 2.431512636745864 × 10^275 |
| 154 | ov_154 | 1.432355330399443 × 10^275 |
| 155 | ov_155 | 7.413911665740358 × 10^274 |
| 156 | aaa_76_25 | 2.848027044650149 × 10^274 |
| 157 | aaa_76_26 | 1.6437980508339426 × 10^274 |
| 158 | aaa_76_27 | 8.40930914083989 × 10^273 |
| 159 | aaa_76_28 | 3.2715951584053235 × 10^273 |
| 160 | aaa_76_29 | 9.941464699006253 × 10^272 |

### Output Bits Sorted by Complexity

| Rank | Output Bit | Complexity |
|:----:|:----------:|:----------:|
| 160 | aaa_76_29 | 9.941464699006253 × 10^272 |
| 159 | aaa_76_28 | 3.2715951584053235 × 10^273 |
| 158 | aaa_76_27 | 8.40930914083989 × 10^273 |
| 157 | aaa_76_26 | 1.6437980508339426 × 10^274 |
| 156 | aaa_76_25 | 2.848027044650149 × 10^274 |
| 155 | ov_155 | 7.413911665740358 × 10^274 |
| 154 | ov_154 | 1.432355330399443 × 10^275 |
| 153 | ov_153 | 2.431512636745864 × 10^275 |
| 152 | ov_152 | 3.82390968925942 × 10^275 |
| 151 | ov_151 | 5.790871184156769 × 10^275 |
| 150 | ov_150 | 8.536188905967922 × 10^275 |
| 149 | ov_149 | 1.2286131669639056 × 10^276 |
| 148 | ov_148 | 1.7289459565215754 × 10^276 |
| 147 | ov_147 | 2.368743911404689 × 10^276 |
| 146 | ov_146 | 3.177388364751994 × 10^276 |
| 145 | ov_145 | 4.1865198856369583 × 10^276 |
| 144 | ov_144 | 5.430046713772936 × 10^276 |
| 143 | ov_143 | 6.944158206903771 × 10^276 |
| 142 | ov_142 | 8.767345098286947 × 10^276 |
| 141 | ov_141 | 1.0940428532323424 × 10^277 |
| 140 | ov_140 | 1.3506600017223382 × 10^277 |
| 139 | ov_139 | 1.6511474604682245 × 10^277 |
| 138 | ov_138 | 2.0003159777974844 × 10^277 |
| 137 | ov_137 | 2.403234270182936 × 10^277 |
| 136 | ov_136 | 2.865239866020563 × 10^277 |
| 135 | ov_135 | 3.3919523682111433 × 10^277 |
| 134 | ov_134 | 3.9892894531452705 × 10^277 |
| 133 | ov_133 | 4.660450403874462 × 10^277 |
| 132 | ov_132 | 5.412009681803165 × 10^277 |
| 131 | ov_131 | 6.250907683258862 × 10^277 |
| 130 | ov_130 | 6.250912355744034 × 10^277 |
| 129 | ov_129 | 6.250931701979497 × 10^277 |
| 128 | aaa_77_29 | 6.818121389288225 × 10^277 |
| 127 | aaa_77_28 | 1.819329616739135 × 10^278 |
| 126 | ov_126 | 5.698276010536958 × 10^278 |
| 125 | ov_125 | 1.280187447739899 × 10^279 |
| 124 | ov_124 | 2.437905298510051 × 10^279 |
| 123 | ov_123 | 4.167875378337881 × 10^279 |
| 122 | ov_122 | 6.594997366141584 × 10^279 |
| 121 | ov_121 | 9.844186888315686 × 10^279 |
| 120 | ov_120 | 1.4040396100627787 × 10^280 |
| 119 | ov_119 | 1.9308646926256722 × 10^280 |
| 118 | ov_118 | 2.577408034892974 × 10^280 |
| 117 | ov_117 | 3.356202625201242 × 10^280 |
| 116 | ov_116 | 4.279809829446792 × 10^280 |
| 115 | ov_115 | 5.360831831490595 × 10^280 |
| 114 | ov_114 | 6.611928326019565 × 10^280 |
| 113 | ov_113 | 8.045839726396582 × 10^280 |
| 112 | ov_112 | 9.67541852440112 × 10^280 |
| 111 | ov_111 | 1.1513669700993262 × 10^281 |
| 110 | ov_110 | 1.3573799787769853 × 10^281 |
| 109 | ov_109 | 1.5869274179630953 × 10^281 |
| 108 | ov_108 | 1.841388490058938 × 10^281 |
| 107 | ov_107 | 2.1221831026814615 × 10^281 |
| 106 | ov_106 | 2.4307812674489525 × 10^281 |
| 105 | ov_105 | 2.768713946561737 × 10^281 |
| 104 | ov_104 | 3.1375854393216646 × 10^281 |
| 103 | ov_103 | 3.5390874019169655 × 10^281 |
| 102 | ov_102 | 3.975014595420341 × 10^281 |
| 101 | ov_101 | 4.4472824591001875 × 10^281 |
| 100 | ov_100 | 4.9579466089239946 × 10^281 |
| 99 | ov_099 | 5.509224364648136 × 10^281 |
| 98 | ov_098 | 5.5092770358983515 × 10^281 |
| 97 | ov_097 | 5.509442112107287 × 10^281 |
| 96 | aaa_78_29 | 8.341781783491921 × 10^281 |
| 95 | aaa_78_28 | 2.716128000631604 × 10^282 |
| 94 | ov_094 | 8.795727783165116 × 10^282 |
| 93 | ov_093 | 2.0533554036110197 × 10^283 |
| 92 | ov_092 | 4.1092749063947185 × 10^283 |
| 91 | ov_091 | 7.450494936976596 × 10^283 |
| 90 | ov_090 | 1.256706206471719 × 10^284 |
| 89 | ov_089 | 2.0035987800583166 × 10^284 |
| 88 | ov_088 | 3.0521415446173078 × 10^284 |
| 87 | ov_087 | 4.5439060086044004 × 10^284 |
| 86 | ov_086 | 6.637996942475275 × 10^284 |
| 85 | ov_085 | 9.511170403421236 × 10^284 |
| 84 | ov_084 | 1.3358002543661314 × 10^285 |
| 83 | ov_083 | 1.8289351509796435 × 10^285 |
| 82 | ov_082 | 2.4536193178915532 × 10^285 |
| 81 | ov_081 | 3.234823460998717 × 10^285 |
| 64 | lv_79_m31 | 4.1803257691495597 × 10^285 |
| 80 | ov_080 | 4.199438596930548 × 10^285 |
| 79 | ov_079 | 5.376333326590697 × 10^285 |
| 78 | ov_078 | 6.796422193969688 × 10^285 |
| 77 | ov_077 | 8.492746137360613 × 10^285 |
| 76 | ov_076 | 1.0500566044169349 × 10^286 |
| 75 | ov_075 | 1.285747042620544 × 10^286 |
| 74 | ov_074 | 1.560349824024291 × 10^286 |
| 73 | ov_073 | 1.8781277889419692 × 10^286 |
| 63 | ov_063 | 2.1478457499155724 × 10^286 |
| 72 | ov_072 | 2.2436183455395306 × 10^286 |
| 71 | ov_071 | 2.661650922981108 × 10^286 |
| 70 | ov_070 | 3.1373663637270167 × 10^286 |
| 69 | ov_069 | 3.676238367165705 × 10^286 |
| 68 | ov_068 | 4.284097100418394 × 10^286 |
| 67 | ov_067 | 4.967155096629871 × 10^286 |
| 66 | ov_066 | 4.967159111649493 × 10^286 |
| 65 | ov_065 | 4.96717551598031 × 10^286 |
| 62 | ov_062 | 1.103311677682968 × 10^287 |
| 61 | ov_061 | 4.026497554063904 × 10^287 |
| 60 | ov_060 | 1.153990028756259 × 10^288 |
| 59 | ov_059 | 2.787668570326402 × 10^288 |
| 58 | ov_058 | 5.662799921086276 × 10^288 |
| 57 | ov_057 | 1.0239080938082891 × 10^289 |
| 56 | ov_056 | 1.707679535001365 × 10^289 |
| 55 | ov_055 | 2.6836826113094276 × 10^289 |
| 54 | ov_054 | 4.028068203733514 × 10^289 |
| 53 | ov_053 | 5.827054791789947 × 10^289 |
| 52 | ov_052 | 8.263155561988288 × 10^289 |
| 51 | ov_051 | 1.1539050013317512 × 10^290 |
| 50 | ov_050 | 1.587761886117961 × 10^290 |
| 49 | ov_049 | 2.152199562735118 × 10^290 |
| 48 | ov_048 | 2.873564054529983 × 10^290 |
| 47 | ov_047 | 3.780244518859085 × 10^290 |
| 32 | lv_80_m31 | 4.639168917016087 × 10^290 |
| 46 | ov_046 | 4.902687927447804 × 10^290 |
| 45 | ov_045 | 6.273419308008272 × 10^290 |
| 44 | ov_044 | 7.927068931085976 × 10^290 |
| 43 | ov_043 | 9.900407766180415 × 10^290 |
| 42 | ov_042 | 1.2232392676935742 × 10^291 |
| 41 | ov_041 | 1.4964223177229474 × 10^291 |
| 40 | ov_040 | 1.8118243524663112 × 10^291 |
| 39 | ov_039 | 2.171802132158944 × 10^291 |
| 31 | ov_031 | 2.3794885489749816 × 10^291 |
| 38 | ov_038 | 2.5811972252782943 × 10^291 |
| 37 | ov_037 | 3.045114117019993 × 10^291 |
| 36 | ov_036 | 3.5689350990312 × 10^291 |
| 35 | ov_035 | 4.1583378062706225 × 10^291 |
| 34 | ov_034 | 4.819315711768387 × 10^291 |
| 33 | ov_033 | 5.558201910252004 × 10^291 |
| 30 | ov_030 | 1.220264083240681 × 10^292 |
| 29 | ov_029 | 3.9926031690538677 × 10^292 |
| 28 | ov_028 | 1.036448675447468 × 10^293 |
| 27 | ov_027 | 2.316956577997164 × 10^293 |
| 26 | ov_026 | 4.633951267506994 × 10^293 |
| 25 | ov_025 | 8.490403412990923 × 10^293 |
| 24 | ov_024 | 1.4499091984131377 × 10^294 |
| 23 | ov_023 | 2.399539747136775 × 10^294 |
| 22 | ov_022 | 3.8534379757119474 × 10^294 |
| 21 | ov_021 | 5.989088134824001 × 10^294 |
| 20 | ov_020 | 9.005971592698899 × 10^294 |
| 19 | ov_019 | 1.3125597662201263 × 10^295 |
| 18 | ov_018 | 1.85915504800069 × 10^295 |
| 17 | ov_017 | 2.566955682269389 × 10^295 |
| 16 | ov_016 | 3.464758054952849 × 10^295 |
| 15 | ov_015 | 4.583595102918852 × 10^295 |
| 14 | ov_014 | 5.956753640086 × 10^295 |
| 13 | ov_013 | 7.619797631668744 × 10^295 |
| 12 | ov_012 | 9.610599118907413 × 10^295 |
| 11 | ov_011 | 1.196937865848962 × 10^296 |
| 10 | ov_010 | 1.4738757303242247 × 10^296 |
| 9 | ov_009 | 1.7963822313779922 × 10^296 |
| 8 | ov_008 | 2.169220895493362 × 10^296 |
| 7 | ov_007 | 2.5974200896344662 × 10^296 |
| 6 | ov_006 | 3.0862851904095655 × 10^296 |
| 5 | ov_005 | 3.641413168026954 × 10^296 |
| 4 | ov_004 | 4.26870988806074 × 10^296 |
| 3 | ov_003 | 4.9744104306148205 × 10^296 |
| 2 | ov_002 | 5.765102680045097 × 10^296 |
| 1 | ov_001 | 6.6477544125952485 × 10^296 |

