# Results for F001-F002-F003-F004-F005-F006-F007-F008-F009-F010-F011-F012-F013-F014-F015-F016-F017-F018-F019-F020-F021-F022-F023-F024-F025-F026-F027-F028-F029-F030-F031-F032-F033-F034-F035-F036-F037-F038-F039-F040-F041-F042-F043-F044-F045-F046-F047-F048-F049-F050-F051-F052-F053-F054-F055-F056-F057-F058-F059-F060-F061-F062-F063-F064-F065-F066-F067-F068-F069-F070-F071-F072-F073-F074-F075-F076-F077-F078-F079-F080-F081-F082-F083-F084-F085-F086-F087-F088-F089-F090-F091-F092-F093-F094-F095-F096-F097-F098-F099-F100-F101-F102-F103-F104-F105-F106-F107-F108-F109-F110-F111-F112-F113-F114-F115-F116-F117-F118-F119-F120-F121-F122-F123-F124-F125-F126-F127-F128-F129-F130-F131-F132-F133-F134-F135-F136-F137-F138-F139-F140-F141-F142-F143-F144-F145-F146-F147-F148-F149-F150-F151-F152-F153-F154-F155-F156-F157-F158-F159-F160-F161-F162-F163-F164-F165-F166-F167-F168-F169-F170-F171-F172-F173-F174-F175-F176-F177-F178-F179-F180-F181-F182-F183-F184-F185-F186-F187-F188-F189-F190-F191-F192-F193-F194-F195-F196-F197-F198-F199-F200-F201-F202-F203-F204-F205-F206-F207-F208-F209-F210-F211-F212-F213-F214-F215-F216-F217-F218-F219-F220-F221-F222-F223-F224-F225-F226-F227-F228-F229-F230-F231-F232-F233-F234-F235-F236-F237-F238-F239-F240-F241-F242-F243-F244-F245-F246-F247-F248-F249-F250-F251-F252-F253-F254-F255-F256-F257-F258-F259-F260-F261-F262-F263-F264-F265-F266-F267-F268-F269-F270-F271-F272-F273-F274-F275-F276-F277-F278-F279-F280-F281-F282-F283-F284-F285-F286-F287-F288-F289-F290-F291-F292-F293-F294-F295-F296-F297-F298-F299-F300-F301-F302-F303-F304-F305-F306-F307-F308-F309-F310-F311-F312-F313-F314-F315-F316-F317-F318-F319-F320-F321-F322-F323-F324-F325-F326-F327-F328-F329-F330-F331-F332-F333-F334-F335-F336-F337-F338-F339-F340-F341-F342-F343-F344-F345-F346-F347-F348-F349-F350-F351-F352-F353-F354-F355-F356-F357-F358-F359-F360-F361-F362-F363-F364-F365-F366-F367-F368-F369-F370-F371-F372-F373-F374-F375-F376-F377-F378-F379-F380-F381-F382-F383-F384-F385-F386-F387-F388-F389-F390-F391-F392-F393-F394-F395-F396-F397-F398-F399-F400-F401-F402-F403-F404-F405-F406-F407-F408-F409-F410-F411-F412-F413-F414-F415-F416-F417-F418-F419-F420-F421-F422-F423-F424-F425-F426-F427-F428-F429-F430-F431-F432-F433-F434-F435-F436-F437-F438-F439-F440-F441-F442-F443-F444-F445-F446-F447-F448-F449-F450-F451-F452-F453-F454-F455-F456-F457-F458-F459-F460-F461-F462-F463-F464-F465-F466-F467-F468-F469-F470-F471-F472-F473-F474-F475-F476-F477-F478-F479-F480-F481-F482-F483-F484-F485-F486-F487-F488-F489-F490-F491-F492-F493-F494-F495-F496-F507-F508-F509-F510-F511-F512

## Summary

Number of input bits: 512  
Number of free input bits: 10  
Number of output bits: 160

Number of direct occurrences: 39658  
Number of assignments: 30516  
Number of operations: 10556206
(xor: 10528446,
and: 14704,
or: 13056)

Total complexity: 9.22106979722886 × 10^293

Least occurring input variable: iv_502 (3806)  
Most occurring input variable: iv_497 (4064)

Most co-occurring input variables: iv_500-iv_501 (1991)  
Least co-occurring input variables: iv_499-iv_506 (1758)

Potentially most occurring input variable: iv_505/iv_506 (4329)  
Potentially least occurring input variable: iv_499/iv_504 (4039)

Least output occurring input variable: iv_502 (70)  
Most output occurring input variable: iv_497 (93)

Most output co-occurring input variables: iv_497-iv_501 (55)  
Least output co-occurring input variables: iv_498-iv_500 (29)

Potentially most output occurring input variable: iv_499/iv_503 (94)  
Potentially least output occurring input variable: iv_497/iv_501 (65)

Least complex input bit: iv_497 (6.01721229854514 × 10^291)  
Most complex input bit: iv_505 (2.909870380123126 × 10^293)

Least complex output bit: aaa_76_29 (2.647071309718738 × 10^269)  
Most complex output bit: ov_001 (1.5005514603399049 × 10^293)

Least complex input/output complexity: iv_497/aaa_76_29 (1.7273473024520728 × 10^267)  
Most complex input/output complexity: iv_505/ov_001 (4.735253440556093 × 10^292)

## Input Bits

### Input Bits in Regular Order

| Input Bit | Complexity | Occurrences | Output Occurrences |
|:---------:|:----------:|:-----------:|:------------------:|
| iv_497 | 6.01721229854514 × 10^291 | 4064 | 93 |
| iv_498 | 1.1765972259783276 × 10^292 | 3942 | 74 |
| iv_499 | 2.057542918293319 × 10^292 | 3859 | 81 |
| iv_500 | 3.433628966407771 × 10^292 | 4033 | 76 |
| iv_501 | 5.639684375718372 × 10^292 | 3989 | 82 |
| iv_502 | 9.075713979450867 × 10^292 | 3806 | 70 |
| iv_503 | 1.4421042946359943 × 10^293 | 3996 | 79 |
| iv_504 | 2.2502129867292198 × 10^293 | 4012 | 83 |
| iv_505 | 2.909870380123126 × 10^293 | 4014 | 83 |
| iv_506 | 4.2039326617021335 × 10^292 | 3943 | 77 |

### Input Bits Sorted by Complexity

| Input Bit | Complexity | Occurrences | Output Occurrences |
|:---------:|:----------:|:-----------:|:------------------:|
| iv_497 | 6.01721229854514 × 10^291 | 4064 | 93 |
| iv_498 | 1.1765972259783276 × 10^292 | 3942 | 74 |
| iv_499 | 2.057542918293319 × 10^292 | 3859 | 81 |
| iv_500 | 3.433628966407771 × 10^292 | 4033 | 76 |
| iv_506 | 4.2039326617021335 × 10^292 | 3943 | 77 |
| iv_501 | 5.639684375718372 × 10^292 | 3989 | 82 |
| iv_502 | 9.075713979450867 × 10^292 | 3806 | 70 |
| iv_503 | 1.4421042946359943 × 10^293 | 3996 | 79 |
| iv_504 | 2.2502129867292198 × 10^293 | 4012 | 83 |
| iv_505 | 2.909870380123126 × 10^293 | 4014 | 83 |

### Input Bits Sorted by Occurrences

| Input Bit | Complexity | Occurrences | Output Occurrences |
|:---------:|:----------:|:-----------:|:------------------:|
| iv_502 | 9.075713979450867 × 10^292 | 3806 | 70 |
| iv_499 | 2.057542918293319 × 10^292 | 3859 | 81 |
| iv_498 | 1.1765972259783276 × 10^292 | 3942 | 74 |
| iv_506 | 4.2039326617021335 × 10^292 | 3943 | 77 |
| iv_501 | 5.639684375718372 × 10^292 | 3989 | 82 |
| iv_503 | 1.4421042946359943 × 10^293 | 3996 | 79 |
| iv_504 | 2.2502129867292198 × 10^293 | 4012 | 83 |
| iv_505 | 2.909870380123126 × 10^293 | 4014 | 83 |
| iv_500 | 3.433628966407771 × 10^292 | 4033 | 76 |
| iv_497 | 6.01721229854514 × 10^291 | 4064 | 93 |

### Input Bits Sorted by Output Occurrences

| Input Bit | Complexity | Occurrences | Output Occurrences |
|:---------:|:----------:|:-----------:|:------------------:|
| iv_502 | 9.075713979450867 × 10^292 | 3806 | 70 |
| iv_498 | 1.1765972259783276 × 10^292 | 3942 | 74 |
| iv_500 | 3.433628966407771 × 10^292 | 4033 | 76 |
| iv_506 | 4.2039326617021335 × 10^292 | 3943 | 77 |
| iv_503 | 1.4421042946359943 × 10^293 | 3996 | 79 |
| iv_499 | 2.057542918293319 × 10^292 | 3859 | 81 |
| iv_501 | 5.639684375718372 × 10^292 | 3989 | 82 |
| iv_505 | 2.909870380123126 × 10^293 | 4014 | 83 |
| iv_504 | 2.2502129867292198 × 10^293 | 4012 | 83 |
| iv_497 | 6.01721229854514 × 10^291 | 4064 | 93 |

## Input Bit Co-occurrences

### Input Bit Co-occurrences Sorted by Co-occurrences

| Input Bits | Co-occurrences | Potential Occurrences | Output Co-occurrences | Potential Output Occurrences |
|:----------:|:--------------:|:---------------------:|:---------------------:|:----------------------------:|
| iv_500-iv_501 | 1991 | 4040 | 39 | 80 |
| iv_497-iv_505 | 1961 | 4156 | 48 | 80 |
| iv_497-iv_500 | 1944 | 4209 | 39 | 91 |
| iv_498-iv_504 | 1944 | 4066 | 39 | 79 |
| iv_497-iv_503 | 1940 | 4180 | 53 | 66 |
| iv_500-iv_504 | 1940 | 4165 | 39 | 81 |
| iv_501-iv_505 | 1932 | 4139 | 48 | 69 |
| iv_497-iv_501 | 1931 | 4191 | 55 | 65 |
| iv_500-iv_506 | 1922 | 4132 | 37 | 79 |
| iv_497-iv_504 | 1921 | 4234 | 45 | 86 |

### Input Bit Co-occurrences Sorted by Potential Occurrences

| Input Bits | Co-occurrences | Potential Occurrences | Output Co-occurrences | Potential Output Occurrences |
|:----------:|:--------------:|:---------------------:|:---------------------:|:----------------------------:|
| iv_499-iv_504 | 1916 | 4039 | 42 | 80 |
| iv_500-iv_501 | 1991 | 4040 | 39 | 80 |
| iv_499-iv_502 | 1811 | 4043 | 37 | 77 |
| iv_498-iv_504 | 1944 | 4066 | 39 | 79 |
| iv_498-iv_499 | 1856 | 4089 | 39 | 77 |
| iv_500-iv_502 | 1871 | 4097 | 33 | 80 |
| iv_497-iv_502 | 1874 | 4122 | 39 | 85 |
| iv_500-iv_506 | 1922 | 4132 | 37 | 79 |
| iv_501-iv_502 | 1828 | 4139 | 34 | 84 |
| iv_501-iv_505 | 1932 | 4139 | 48 | 69 |

### Input Bit Output Co-occurrences Sorted by Output Co-occurrences

| Input Bits | Co-occurrences | Potential Occurrences | Output Co-occurrences | Potential Output Occurrences |
|:----------:|:--------------:|:---------------------:|:---------------------:|:----------------------------:|
| iv_497-iv_501 | 1931 | 4191 | 55 | 65 |
| iv_497-iv_503 | 1940 | 4180 | 53 | 66 |
| iv_497-iv_506 | 1914 | 4179 | 50 | 70 |
| iv_497-iv_505 | 1961 | 4156 | 48 | 80 |
| iv_501-iv_505 | 1932 | 4139 | 48 | 69 |
| iv_500-iv_505 | 1919 | 4209 | 46 | 67 |
| iv_497-iv_499 | 1883 | 4157 | 45 | 84 |
| iv_497-iv_504 | 1921 | 4234 | 45 | 86 |
| iv_501-iv_503 | 1908 | 4169 | 44 | 73 |
| iv_504-iv_505 | 1891 | 4244 | 44 | 78 |

### Input Bit Output Co-occurrences Sorted by Potential Output Occurrences

| Input Bits | Co-occurrences | Potential Occurrences | Output Co-occurrences | Potential Output Occurrences |
|:----------:|:--------------:|:---------------------:|:---------------------:|:----------------------------:|
| iv_497-iv_501 | 1931 | 4191 | 55 | 65 |
| iv_497-iv_503 | 1940 | 4180 | 53 | 66 |
| iv_500-iv_505 | 1919 | 4209 | 46 | 67 |
| iv_502-iv_505 | 1832 | 4156 | 42 | 69 |
| iv_501-iv_505 | 1932 | 4139 | 48 | 69 |
| iv_497-iv_506 | 1914 | 4179 | 50 | 70 |
| iv_499-iv_500 | 1851 | 4190 | 42 | 73 |
| iv_501-iv_503 | 1908 | 4169 | 44 | 73 |
| iv_498-iv_506 | 1858 | 4169 | 39 | 73 |
| iv_499-iv_506 | 1758 | 4286 | 41 | 76 |

## Output Bits

### Output Bits in Regular Order

| Rank | Output Bit | Complexity |
|:----:|:----------:|:----------:|
| 1 | ov_001 | 1.5005514603399049 × 10^293 |
| 2 | ov_002 | 1.297334903126068 × 10^293 |
| 3 | ov_003 | 1.1157141295232558 × 10^293 |
| 4 | ov_004 | 9.540295188576716 × 10^292 |
| 5 | ov_005 | 8.107119173026823 × 10^292 |
| 6 | ov_006 | 6.842761022393666 × 10^292 |
| 7 | ov_007 | 5.733151107290257 × 10^292 |
| 8 | ov_008 | 4.764953792599006 × 10^292 |
| 9 | ov_009 | 3.925526290939797 × 10^292 |
| 10 | ov_010 | 3.202884194670596 × 10^292 |
| 11 | ov_011 | 2.5856728998271236 × 10^292 |
| 12 | ov_012 | 2.0631441802038626 × 10^292 |
| 13 | ov_013 | 1.6251372137986584 × 10^292 |
| 14 | ov_014 | 1.2620634072668788 × 10^292 |
| 15 | ov_015 | 9.648944070022236 × 10^291 |
| 16 | ov_016 | 7.251527280916835 × 10^291 |
| 17 | ov_017 | 5.349044747680935 × 10^291 |
| 18 | ov_018 | 3.867536931807986 × 10^291 |
| 19 | ov_019 | 2.7383801176667168 × 10^291 |
| 20 | ov_020 | 1.8982533102026643 × 10^291 |
| 21 | ov_021 | 1.2891137305273961 × 10^291 |
| 22 | ov_022 | 8.581792226498893 × 10^290 |
| 23 | ov_023 | 5.5791609381025455 × 10^290 |
| 24 | ov_024 | 3.4603111999653753 × 10^290 |
| 25 | ov_025 | 2.0268703103224303 × 10^290 |
| 26 | ov_026 | 1.106634531891602 × 10^290 |
| 27 | ov_027 | 5.535602057903037 × 10^289 |
| 28 | ov_028 | 2.477600600827028 × 10^289 |
| 29 | ov_029 | 9.550194756887616 × 10^288 |
| 30 | ov_030 | 2.9208515218936435 × 10^288 |
| 31 | ov_031 | 5.700622901088437 × 10^287 |
| 32 | lv_80_m31 | 1.1124962204672966 × 10^287 |
| 33 | ov_033 | 1.3259671486393621 × 10^288 |
| 34 | ov_034 | 1.1503156725808803 × 10^288 |
| 35 | ov_035 | 9.931349969339268 × 10^287 |
| 36 | ov_036 | 8.527878433206277 × 10^287 |
| 37 | ov_037 | 7.277240414404189 × 10^287 |
| 38 | ov_038 | 6.164744193830604 × 10^287 |
| 39 | ov_039 | 5.176455570110015 × 10^287 |
| 40 | ov_040 | 4.305590774865932 × 10^287 |
| 41 | ov_041 | 3.545712180306342 × 10^287 |
| 42 | ov_042 | 2.8907110408820334 × 10^287 |
| 43 | ov_043 | 2.3347931266091225 × 10^287 |
| 44 | ov_044 | 1.8672684356287074 × 10^287 |
| 45 | ov_045 | 1.4780254169243786 × 10^287 |
| 46 | ov_046 | 1.1575171822578289 × 10^287 |
| 47 | ov_047 | 8.967506972395512 × 10^286 |
| 48 | ov_048 | 6.872784418151709 × 10^286 |
| 49 | ov_049 | 5.211920697954697 × 10^286 |
| 50 | ov_050 | 3.9111763567779345 × 10^286 |
| 51 | ov_051 | 2.902120149749674 × 10^286 |
| 52 | ov_052 | 2.1216023932392719 × 10^286 |
| 53 | ov_053 | 1.5117355545119033 × 10^286 |
| 54 | ov_054 | 1.0448893812430742 × 10^286 |
| 55 | ov_055 | 6.960550713049902 × 10^285 |
| 56 | ov_056 | 4.428416000358375 × 10^285 |
| 57 | ov_057 | 2.654734331880764 × 10^285 |
| 58 | ov_058 | 1.4678919817729557 × 10^285 |
| 59 | ov_059 | 7.224097831201293 × 10^284 |
| 60 | ov_060 | 2.989398526831867 × 10^284 |
| 61 | ov_061 | 1.0426438327356608 × 10^284 |
| 62 | ov_062 | 2.8557862936375375 × 10^283 |
| 63 | ov_063 | 5.556871334762563 × 10^282 |
| 64 | lv_79_m31 | 1.0810142621919578 × 10^282 |
| 65 | ov_065 | 1.2750397001317094 × 10^283 |
| 66 | ov_066 | 1.2750353512212536 × 10^283 |
| 67 | ov_067 | 1.275034286749974 × 10^283 |
| 68 | ov_068 | 1.0971242760515236 × 10^283 |
| 69 | ov_069 | 9.390364960931484 × 10^282 |
| 70 | ov_070 | 7.99124451997409 × 10^282 |
| 71 | ov_071 | 6.758430237947435 × 10^282 |
| 72 | ov_072 | 5.677415974370421 × 10^282 |
| 73 | ov_073 | 4.734578017548099 × 10^282 |
| 74 | ov_074 | 3.9171181974985357 × 10^282 |
| 75 | ov_075 | 3.2130124374802245 × 10^282 |
| 76 | ov_076 | 2.6109644485446316 × 10^282 |
| 77 | ov_077 | 2.1003642788741667 × 10^282 |
| 78 | ov_078 | 1.671251435441222 × 10^282 |
| 79 | ov_079 | 1.3142823000025693 × 10^282 |
| 80 | ov_080 | 1.0207015648696738 × 10^282 |
| 81 | ov_081 | 7.823174164913256 × 10^281 |
| 82 | ov_082 | 5.914801968404588 × 10^281 |
| 83 | ov_083 | 4.410642740583828 × 10^281 |
| 84 | ov_084 | 3.2445285488265393 × 10^281 |
| 85 | ov_085 | 2.3552547215069442 × 10^281 |
| 86 | ov_086 | 1.6864788119858722 × 10^281 |
| 87 | ov_087 | 1.18664099322152 × 10^281 |
| 88 | ov_088 | 8.089032268456773 × 10^280 |
| 89 | ov_089 | 5.310204274018091 × 10^280 |
| 90 | ov_090 | 3.3307671930035216 × 10^280 |
| 91 | ov_091 | 1.97472848431379 × 10^280 |
| 92 | ov_092 | 1.0891833615249171 × 10^280 |
| 93 | ov_093 | 5.442707132501767 × 10^279 |
| 94 | ov_094 | 2.3315145849210413 × 10^279 |
| 95 | aaa_78_28 | 7.199971649441367 × 10^278 |
| 96 | aaa_78_29 | 2.211366608425328 × 10^278 |
| 97 | ov_097 | 1.4607306274648798 × 10^278 |
| 98 | ov_098 | 1.4606871816404124 × 10^278 |
| 99 | ov_099 | 1.4606733286613299 × 10^278 |
| 100 | ov_100 | 1.3146565334322447 × 10^278 |
| 101 | ov_101 | 1.1793614928868284 × 10^278 |
| 102 | ov_102 | 1.0542080542666516 × 10^278 |
| 103 | ov_103 | 9.386583929208556 × 10^277 |
| 104 | ov_104 | 8.322112648681258 × 10^277 |
| 105 | ov_105 | 7.3439680413188505 × 10^277 |
| 106 | ov_106 | 6.447718377576157 × 10^277 |
| 107 | ov_107 | 5.629156922156726 × 10^277 |
| 108 | ov_108 | 4.884264654973416 × 10^277 |
| 109 | ov_109 | 4.209177396589513 × 10^277 |
| 110 | ov_110 | 3.6001570888746846 × 10^277 |
| 111 | ov_111 | 3.0535669837894443 × 10^277 |
| 112 | ov_112 | 2.5658504946411603 × 10^277 |
| 113 | ov_113 | 2.133513465067469 × 10^277 |
| 114 | ov_114 | 1.7531096115965957 × 10^277 |
| 115 | ov_115 | 1.4212288960481743 × 10^277 |
| 116 | ov_116 | 1.1344885843474865 × 10^277 |
| 117 | ov_117 | 8.895264887270075 × 10^276 |
| 118 | ov_118 | 6.829956609830401 × 10^276 |
| 119 | ov_119 | 5.115601251121384 × 10^276 |
| 120 | ov_120 | 3.7189152790130674 × 10^276 |
| 121 | ov_121 | 2.6066658607686106 × 10^276 |
| 122 | ov_122 | 1.7456520863181767 × 10^276 |
| 123 | ov_123 | 1.1026917295585949 × 10^276 |
| 124 | ov_124 | 6.446123339712586 × 10^275 |
| 125 | ov_125 | 3.382457015751037 × 10^275 |
| 126 | ov_126 | 1.5042508823462298 × 10^275 |
| 127 | aaa_77_28 | 4.79841298478513 × 10^274 |
| 128 | aaa_77_29 | 1.796103482970513 × 10^274 |
| 129 | ov_129 | 1.636153546421319 × 10^274 |
| 130 | ov_130 | 1.6361484053306704 × 10^274 |
| 131 | ov_131 | 1.636147166803453 × 10^274 |
| 132 | ov_132 | 1.4118010236837072 × 10^274 |
| 133 | ov_133 | 1.2115852632788615 × 10^274 |
| 134 | ov_134 | 1.0336538405088642 × 10^274 |
| 135 | ov_135 | 8.762551775146968 × 10^273 |
| 136 | ov_136 | 7.377253866794299 × 10^273 |
| 137 | ov_137 | 6.164825559379386 × 10^273 |
| 138 | ov_138 | 5.110219848908088 × 10^273 |
| 139 | ov_139 | 4.199122657277532 × 10^273 |
| 140 | ov_140 | 3.417921083449014 × 10^273 |
| 141 | ov_141 | 2.753678143406396 × 10^273 |
| 142 | ov_142 | 2.1941130982090492 × 10^273 |
| 143 | ov_143 | 1.7275865215489057 × 10^273 |
| 144 | ov_144 | 1.3430893100788273 × 10^273 |
| 145 | ov_145 | 1.030234891465691 × 10^273 |
| 146 | ov_146 | 7.792539366777246 × 10^272 |
| 147 | ov_147 | 5.809909344683742 × 10^272 |
| 148 | ov_148 | 4.269020373894248 × 10^272 |
| 149 | ov_149 | 3.090536672761968 × 10^272 |
| 150 | ov_150 | 2.2012152222139816 × 10^272 |
| 151 | ov_151 | 1.5338981650445717 × 10^272 |
| 152 | ov_152 | 1.0275070057079024 × 10^272 |
| 153 | ov_153 | 6.530217163521275 × 10^271 |
| 154 | ov_154 | 3.84458935296326 × 10^271 |
| 155 | ov_155 | 1.988707657599604 × 10^271 |
| 156 | aaa_76_25 | 7.634407490138793 × 10^270 |
| 157 | aaa_76_26 | 4.400617385629146 × 10^270 |
| 158 | aaa_76_27 | 2.2478961690870849 × 10^270 |
| 159 | aaa_76_28 | 8.728430250407877 × 10^269 |
| 160 | aaa_76_29 | 2.647071309718738 × 10^269 |

### Output Bits Sorted by Complexity

| Rank | Output Bit | Complexity |
|:----:|:----------:|:----------:|
| 160 | aaa_76_29 | 2.647071309718738 × 10^269 |
| 159 | aaa_76_28 | 8.728430250407877 × 10^269 |
| 158 | aaa_76_27 | 2.2478961690870849 × 10^270 |
| 157 | aaa_76_26 | 4.400617385629146 × 10^270 |
| 156 | aaa_76_25 | 7.634407490138793 × 10^270 |
| 155 | ov_155 | 1.988707657599604 × 10^271 |
| 154 | ov_154 | 3.84458935296326 × 10^271 |
| 153 | ov_153 | 6.530217163521275 × 10^271 |
| 152 | ov_152 | 1.0275070057079024 × 10^272 |
| 151 | ov_151 | 1.5338981650445717 × 10^272 |
| 150 | ov_150 | 2.2012152222139816 × 10^272 |
| 149 | ov_149 | 3.090536672761968 × 10^272 |
| 148 | ov_148 | 4.269020373894248 × 10^272 |
| 147 | ov_147 | 5.809909344683742 × 10^272 |
| 146 | ov_146 | 7.792539366777246 × 10^272 |
| 145 | ov_145 | 1.030234891465691 × 10^273 |
| 144 | ov_144 | 1.3430893100788273 × 10^273 |
| 143 | ov_143 | 1.7275865215489057 × 10^273 |
| 142 | ov_142 | 2.1941130982090492 × 10^273 |
| 141 | ov_141 | 2.753678143406396 × 10^273 |
| 140 | ov_140 | 3.417921083449014 × 10^273 |
| 139 | ov_139 | 4.199122657277532 × 10^273 |
| 138 | ov_138 | 5.110219848908088 × 10^273 |
| 137 | ov_137 | 6.164825559379386 × 10^273 |
| 136 | ov_136 | 7.377253866794299 × 10^273 |
| 135 | ov_135 | 8.762551775146968 × 10^273 |
| 134 | ov_134 | 1.0336538405088642 × 10^274 |
| 133 | ov_133 | 1.2115852632788615 × 10^274 |
| 132 | ov_132 | 1.4118010236837072 × 10^274 |
| 131 | ov_131 | 1.636147166803453 × 10^274 |
| 130 | ov_130 | 1.6361484053306704 × 10^274 |
| 129 | ov_129 | 1.636153546421319 × 10^274 |
| 128 | aaa_77_29 | 1.796103482970513 × 10^274 |
| 127 | aaa_77_28 | 4.79841298478513 × 10^274 |
| 126 | ov_126 | 1.5042508823462298 × 10^275 |
| 125 | ov_125 | 3.382457015751037 × 10^275 |
| 124 | ov_124 | 6.446123339712586 × 10^275 |
| 123 | ov_123 | 1.1026917295585949 × 10^276 |
| 122 | ov_122 | 1.7456520863181767 × 10^276 |
| 121 | ov_121 | 2.6066658607686106 × 10^276 |
| 120 | ov_120 | 3.7189152790130674 × 10^276 |
| 119 | ov_119 | 5.115601251121384 × 10^276 |
| 118 | ov_118 | 6.829956609830401 × 10^276 |
| 117 | ov_117 | 8.895264887270075 × 10^276 |
| 116 | ov_116 | 1.1344885843474865 × 10^277 |
| 115 | ov_115 | 1.4212288960481743 × 10^277 |
| 114 | ov_114 | 1.7531096115965957 × 10^277 |
| 113 | ov_113 | 2.133513465067469 × 10^277 |
| 112 | ov_112 | 2.5658504946411603 × 10^277 |
| 111 | ov_111 | 3.0535669837894443 × 10^277 |
| 110 | ov_110 | 3.6001570888746846 × 10^277 |
| 109 | ov_109 | 4.209177396589513 × 10^277 |
| 108 | ov_108 | 4.884264654973416 × 10^277 |
| 107 | ov_107 | 5.629156922156726 × 10^277 |
| 106 | ov_106 | 6.447718377576157 × 10^277 |
| 105 | ov_105 | 7.3439680413188505 × 10^277 |
| 104 | ov_104 | 8.322112648681258 × 10^277 |
| 103 | ov_103 | 9.386583929208556 × 10^277 |
| 102 | ov_102 | 1.0542080542666516 × 10^278 |
| 101 | ov_101 | 1.1793614928868284 × 10^278 |
| 100 | ov_100 | 1.3146565334322447 × 10^278 |
| 99 | ov_099 | 1.4606733286613299 × 10^278 |
| 98 | ov_098 | 1.4606871816404124 × 10^278 |
| 97 | ov_097 | 1.4607306274648798 × 10^278 |
| 96 | aaa_78_29 | 2.211366608425328 × 10^278 |
| 95 | aaa_78_28 | 7.199971649441367 × 10^278 |
| 94 | ov_094 | 2.3315145849210413 × 10^279 |
| 93 | ov_093 | 5.442707132501767 × 10^279 |
| 92 | ov_092 | 1.0891833615249171 × 10^280 |
| 91 | ov_091 | 1.97472848431379 × 10^280 |
| 90 | ov_090 | 3.3307671930035216 × 10^280 |
| 89 | ov_089 | 5.310204274018091 × 10^280 |
| 88 | ov_088 | 8.089032268456773 × 10^280 |
| 87 | ov_087 | 1.18664099322152 × 10^281 |
| 86 | ov_086 | 1.6864788119858722 × 10^281 |
| 85 | ov_085 | 2.3552547215069442 × 10^281 |
| 84 | ov_084 | 3.2445285488265393 × 10^281 |
| 83 | ov_083 | 4.410642740583828 × 10^281 |
| 82 | ov_082 | 5.914801968404588 × 10^281 |
| 81 | ov_081 | 7.823174164913256 × 10^281 |
| 80 | ov_080 | 1.0207015648696738 × 10^282 |
| 64 | lv_79_m31 | 1.0810142621919578 × 10^282 |
| 79 | ov_079 | 1.3142823000025693 × 10^282 |
| 78 | ov_078 | 1.671251435441222 × 10^282 |
| 77 | ov_077 | 2.1003642788741667 × 10^282 |
| 76 | ov_076 | 2.6109644485446316 × 10^282 |
| 75 | ov_075 | 3.2130124374802245 × 10^282 |
| 74 | ov_074 | 3.9171181974985357 × 10^282 |
| 73 | ov_073 | 4.734578017548099 × 10^282 |
| 63 | ov_063 | 5.556871334762563 × 10^282 |
| 72 | ov_072 | 5.677415974370421 × 10^282 |
| 71 | ov_071 | 6.758430237947435 × 10^282 |
| 70 | ov_070 | 7.99124451997409 × 10^282 |
| 69 | ov_069 | 9.390364960931484 × 10^282 |
| 68 | ov_068 | 1.0971242760515236 × 10^283 |
| 67 | ov_067 | 1.275034286749974 × 10^283 |
| 66 | ov_066 | 1.2750353512212536 × 10^283 |
| 65 | ov_065 | 1.2750397001317094 × 10^283 |
| 62 | ov_062 | 2.8557862936375375 × 10^283 |
| 61 | ov_061 | 1.0426438327356608 × 10^284 |
| 60 | ov_060 | 2.989398526831867 × 10^284 |
| 59 | ov_059 | 7.224097831201293 × 10^284 |
| 58 | ov_058 | 1.4678919817729557 × 10^285 |
| 57 | ov_057 | 2.654734331880764 × 10^285 |
| 56 | ov_056 | 4.428416000358375 × 10^285 |
| 55 | ov_055 | 6.960550713049902 × 10^285 |
| 54 | ov_054 | 1.0448893812430742 × 10^286 |
| 53 | ov_053 | 1.5117355545119033 × 10^286 |
| 52 | ov_052 | 2.1216023932392719 × 10^286 |
| 51 | ov_051 | 2.902120149749674 × 10^286 |
| 50 | ov_050 | 3.9111763567779345 × 10^286 |
| 49 | ov_049 | 5.211920697954697 × 10^286 |
| 48 | ov_048 | 6.872784418151709 × 10^286 |
| 47 | ov_047 | 8.967506972395512 × 10^286 |
| 32 | lv_80_m31 | 1.1124962204672966 × 10^287 |
| 46 | ov_046 | 1.1575171822578289 × 10^287 |
| 45 | ov_045 | 1.4780254169243786 × 10^287 |
| 44 | ov_044 | 1.8672684356287074 × 10^287 |
| 43 | ov_043 | 2.3347931266091225 × 10^287 |
| 42 | ov_042 | 2.8907110408820334 × 10^287 |
| 41 | ov_041 | 3.545712180306342 × 10^287 |
| 40 | ov_040 | 4.305590774865932 × 10^287 |
| 39 | ov_039 | 5.176455570110015 × 10^287 |
| 31 | ov_031 | 5.700622901088437 × 10^287 |
| 38 | ov_038 | 6.164744193830604 × 10^287 |
| 37 | ov_037 | 7.277240414404189 × 10^287 |
| 36 | ov_036 | 8.527878433206277 × 10^287 |
| 35 | ov_035 | 9.931349969339268 × 10^287 |
| 34 | ov_034 | 1.1503156725808803 × 10^288 |
| 33 | ov_033 | 1.3259671486393621 × 10^288 |
| 30 | ov_030 | 2.9208515218936435 × 10^288 |
| 29 | ov_029 | 9.550194756887616 × 10^288 |
| 28 | ov_028 | 2.477600600827028 × 10^289 |
| 27 | ov_027 | 5.535602057903037 × 10^289 |
| 26 | ov_026 | 1.106634531891602 × 10^290 |
| 25 | ov_025 | 2.0268703103224303 × 10^290 |
| 24 | ov_024 | 3.4603111999653753 × 10^290 |
| 23 | ov_023 | 5.5791609381025455 × 10^290 |
| 22 | ov_022 | 8.581792226498893 × 10^290 |
| 21 | ov_021 | 1.2891137305273961 × 10^291 |
| 20 | ov_020 | 1.8982533102026643 × 10^291 |
| 19 | ov_019 | 2.7383801176667168 × 10^291 |
| 18 | ov_018 | 3.867536931807986 × 10^291 |
| 17 | ov_017 | 5.349044747680935 × 10^291 |
| 16 | ov_016 | 7.251527280916835 × 10^291 |
| 15 | ov_015 | 9.648944070022236 × 10^291 |
| 14 | ov_014 | 1.2620634072668788 × 10^292 |
| 13 | ov_013 | 1.6251372137986584 × 10^292 |
| 12 | ov_012 | 2.0631441802038626 × 10^292 |
| 11 | ov_011 | 2.5856728998271236 × 10^292 |
| 10 | ov_010 | 3.202884194670596 × 10^292 |
| 9 | ov_009 | 3.925526290939797 × 10^292 |
| 8 | ov_008 | 4.764953792599006 × 10^292 |
| 7 | ov_007 | 5.733151107290257 × 10^292 |
| 6 | ov_006 | 6.842761022393666 × 10^292 |
| 5 | ov_005 | 8.107119173026823 × 10^292 |
| 4 | ov_004 | 9.540295188576716 × 10^292 |
| 3 | ov_003 | 1.1157141295232558 × 10^293 |
| 2 | ov_002 | 1.297334903126068 × 10^293 |
| 1 | ov_001 | 1.5005514603399049 × 10^293 |

