# Results for F001-F002-F003-F004-F005-F006-F007-F008-F009-F010-F011-F012-F013-F014-F015-F016-F017-F018-F019-F020-F021-F022-F023-F024-F025-F026-F027-F028-F029-F030-F031-F032-F033-F034-F035-F036-F037-F038-F039-F040-F041-F042-F043-F044-F045-F046-F047-F048-F049-F050-F051-F052-F053-F054-F055-F056-F057-F058-F059-F060-F061-F062-F063-F064-F065-F066-F067-F068-F069-F070-F071-F072-F073-F074-F075-F076-F077-F078-F079-F080-F081-F082-F083-F084-F085-F086-F087-F088-F089-F090-F091-F092-F093-F094-F095-F096-F097-F098-F099-F100-F101-F102-F103-F104-F105-F106-F107-F108-F109-F110-F111-F112-F113-F114-F115-F116-F117-F118-F119-F120-F121-F122-F123-F124-F125-F126-F127-F128-F129-F130-F131-F132-F133-F134-F135-F136-F137-F138-F139-F140-F141-F142-F143-F144-F145-F146-F147-F148-F149-F150-F151-F152-F153-F154-F155-F156-F157-F158-F159-F160-F161-F162-F163-F164-F165-F166-F167-F168-F169-F170-F171-F172-F173-F174-F175-F176-F177-F178-F179-F180-F181-F182-F183-F184-F185-F186-F187-F188-F189-F190-F191-F192-F193-F194-F195-F196-F197-F198-F199-F200-F201-F202-F203-F204-F205-F206-F207-F208-F209-F210-F211-F212-F213-F214-F215-F216-F217-F218-F219-F220-F221-F222-F223-F224-F225-F226-F227-F228-F229-F230-F231-F232-F233-F234-F235-F236-F237-F238-F239-F240-F241-F242-F243-F244-F245-F246-F247-F248-F249-F250-F251-F252-F253-F254-F255-F256-F257-F258-F259-F260-F261-F262-F263-F264-F265-F266-F267-F268-F269-F270-F271-F272-F273-F274-F275-F276-F277-F278-F279-F280-F281-F282-F283-F284-F285-F286-F287-F288-F289-F290-F291-F292-F293-F294-F295-F296-F297-F298-F299-F300-F301-F302-F303-F304-F305-F306-F307-F308-F309-F310-F311-F312-F313-F314-F315-F316-F317-F318-F319-F320-F321-F322-F323-F324-F325-F326-F327-F328-F329-F330-F331-F332-F333-F334-F335-F336-F337-F338-F339-F340-F341-F342-F343-F344-F345-F346-F347-F348-F349-F350-F351-F352-F353-F354-F355-F356-F357-F358-F359-F360-F361-F362-F363-F364-F365-F366-F367-F368-F369-F370-F371-F372-F373-F374-F375-F376-F377-F378-F379-F380-F381-F382-F383-F384-F385-F386-F387-F388-F389-F390-F391-F392-F393-F394-F395-F396-F397-F398-F399-F400-F401-F402-F403-F404-F405-F406-F407-F408-F409-F410-F411-F412-F413-F414-F415-F416-F417-F418-F419-F420-F421-F422-F423-F424-F425-F426-F427-F428-F429-F430-F431-F432-F433-F434-F435-F436-F437-F438-F439-F440-F441-F442-F443-F444-F445-F446-F447-F448-F449-F450-F451-F452-F453-F454-F455-F456-F457-F458-F459-F460-F461-F462-F463-F464-F465-F466-F467-F468-F469-F470-F471-F472-F473-F474-F475-F476-F477-F478-F479-F480-F481-F482-F483-F484-F485-F486-F487-F488-F489-F490-F491-F492-F493-F494-F495-F496-F497-F498-F499-F500-F501-E506509

## Summary

Number of input bits: 512  
Number of free input bits: 10  
Number of output bits: 160

Number of direct occurrences: 41190  
Number of assignments: 31437  
Number of operations: 11155156
(xor: 11125793,
and: 16105,
or: 13258)

Total complexity: 2.6151508943127785 × 10^300

Least occurring input variable: iv_502 (3934)  
Most occurring input variable: iv_512 (4397)

Most co-occurring input variables: iv_511-iv_512 (2158)  
Least co-occurring input variables: iv_502-iv_503 (1780)

Potentially most occurring input variable: iv_506/iv_510 (4576)  
Potentially least occurring input variable: iv_502/iv_505 (4236)

Least output occurring input variable: iv_508 (70)  
Most output occurring input variable: iv_502 (82)

Most output co-occurring input variables: iv_502-iv_511 (45)  
Least output co-occurring input variables: iv_503-iv_506 (27)

Potentially most output occurring input variable: iv_503/iv_506 (94)  
Potentially least output occurring input variable: iv_502/iv_506 (70)

Least complex input bit: iv_502 (2.573096771362791 × 10^298)  
Most complex input bit: iv_510 (6.9102523555341654 × 10^299)

Least complex output bit: aaa_76_29 (3.4160446090585565 × 10^275)  
Most complex output bit: ov_001 (4.107420934822821 × 10^299)

Least complex input/output complexity: iv_502/aaa_76_29 (3.3611113505974787 × 10^273)  
Most complex input/output complexity: iv_510/ov_001 (1.0853413947071074 × 10^299)

Input variable with highest collision probability: iv_507 (½^160.00000000000028)

## Input Bits

### Input Bits in Regular Order

| Input Bit | Complexity | Occurrences | Output Occurrences | Collision Probability |
|:---------:|:----------:|:-----------:|:------------------:|:---------------------:|
| iv_502 | 2.573096771362791 × 10^298 | 3934 | 82 | ½^160.00000000000068 |
| iv_503 | 4.5255420933110464 × 10^298 | 4078 | 74 | ½^160.0000000000007 |
| iv_504 | 7.434633748319456 × 10^298 | 3967 | 78 | ½^160.0000000000006 |
| iv_505 | 1.1684309883088462 × 10^299 | 3960 | 79 | ½^160.00000000000037 |
| iv_506 | 5.791043551896693 × 10^299 | 4215 | 74 | ½^160.00000000000065 |
| iv_507 | 2.636222217260652 × 10^299 | 4211 | 76 | ½^160.00000000000028 |
| iv_508 | 3.76383242339601 × 10^299 | 4031 | 70 | ½^160.0000000000008 |
| iv_510 | 6.9102523555341654 × 10^299 | 4159 | 79 | ½^160.0000000000007 |
| iv_511 | 2.0577079622257654 × 10^299 | 4238 | 80 | ½^160.00000000000074 |
| iv_512 | 2.370692183206373 × 10^299 | 4397 | 80 | ½^160.00000000000074 |

### Input Bits Sorted by Complexity

| Input Bit | Complexity | Occurrences | Output Occurrences | Collision Probability |
|:---------:|:----------:|:-----------:|:------------------:|:---------------------:|
| iv_502 | 2.573096771362791 × 10^298 | 3934 | 82 | ½^160.00000000000068 |
| iv_503 | 4.5255420933110464 × 10^298 | 4078 | 74 | ½^160.0000000000007 |
| iv_504 | 7.434633748319456 × 10^298 | 3967 | 78 | ½^160.0000000000006 |
| iv_505 | 1.1684309883088462 × 10^299 | 3960 | 79 | ½^160.00000000000037 |
| iv_511 | 2.0577079622257654 × 10^299 | 4238 | 80 | ½^160.00000000000074 |
| iv_512 | 2.370692183206373 × 10^299 | 4397 | 80 | ½^160.00000000000074 |
| iv_507 | 2.636222217260652 × 10^299 | 4211 | 76 | ½^160.00000000000028 |
| iv_508 | 3.76383242339601 × 10^299 | 4031 | 70 | ½^160.0000000000008 |
| iv_506 | 5.791043551896693 × 10^299 | 4215 | 74 | ½^160.00000000000065 |
| iv_510 | 6.9102523555341654 × 10^299 | 4159 | 79 | ½^160.0000000000007 |

### Input Bits Sorted by Occurrences

| Input Bit | Complexity | Occurrences | Output Occurrences | Collision Probability |
|:---------:|:----------:|:-----------:|:------------------:|:---------------------:|
| iv_502 | 2.573096771362791 × 10^298 | 3934 | 82 | ½^160.00000000000068 |
| iv_505 | 1.1684309883088462 × 10^299 | 3960 | 79 | ½^160.00000000000037 |
| iv_504 | 7.434633748319456 × 10^298 | 3967 | 78 | ½^160.0000000000006 |
| iv_508 | 3.76383242339601 × 10^299 | 4031 | 70 | ½^160.0000000000008 |
| iv_503 | 4.5255420933110464 × 10^298 | 4078 | 74 | ½^160.0000000000007 |
| iv_510 | 6.9102523555341654 × 10^299 | 4159 | 79 | ½^160.0000000000007 |
| iv_507 | 2.636222217260652 × 10^299 | 4211 | 76 | ½^160.00000000000028 |
| iv_506 | 5.791043551896693 × 10^299 | 4215 | 74 | ½^160.00000000000065 |
| iv_511 | 2.0577079622257654 × 10^299 | 4238 | 80 | ½^160.00000000000074 |
| iv_512 | 2.370692183206373 × 10^299 | 4397 | 80 | ½^160.00000000000074 |

### Input Bits Sorted by Output Occurrences

| Input Bit | Complexity | Occurrences | Output Occurrences | Collision Probability |
|:---------:|:----------:|:-----------:|:------------------:|:---------------------:|
| iv_508 | 3.76383242339601 × 10^299 | 4031 | 70 | ½^160.0000000000008 |
| iv_503 | 4.5255420933110464 × 10^298 | 4078 | 74 | ½^160.0000000000007 |
| iv_506 | 5.791043551896693 × 10^299 | 4215 | 74 | ½^160.00000000000065 |
| iv_507 | 2.636222217260652 × 10^299 | 4211 | 76 | ½^160.00000000000028 |
| iv_504 | 7.434633748319456 × 10^298 | 3967 | 78 | ½^160.0000000000006 |
| iv_505 | 1.1684309883088462 × 10^299 | 3960 | 79 | ½^160.00000000000037 |
| iv_510 | 6.9102523555341654 × 10^299 | 4159 | 79 | ½^160.0000000000007 |
| iv_511 | 2.0577079622257654 × 10^299 | 4238 | 80 | ½^160.00000000000074 |
| iv_512 | 2.370692183206373 × 10^299 | 4397 | 80 | ½^160.00000000000074 |
| iv_502 | 2.573096771362791 × 10^298 | 3934 | 82 | ½^160.00000000000068 |

### Input Bits Sorted by Collision Probability

| Input Bit | Complexity | Occurrences | Output Occurrences | Collision Probability |
|:---------:|:----------:|:-----------:|:------------------:|:---------------------:|
| iv_507 | 2.636222217260652 × 10^299 | 4211 | 76 | ½^160.00000000000028 |
| iv_505 | 1.1684309883088462 × 10^299 | 3960 | 79 | ½^160.00000000000037 |
| iv_504 | 7.434633748319456 × 10^298 | 3967 | 78 | ½^160.0000000000006 |
| iv_506 | 5.791043551896693 × 10^299 | 4215 | 74 | ½^160.00000000000065 |
| iv_502 | 2.573096771362791 × 10^298 | 3934 | 82 | ½^160.00000000000068 |
| iv_510 | 6.9102523555341654 × 10^299 | 4159 | 79 | ½^160.0000000000007 |
| iv_503 | 4.5255420933110464 × 10^298 | 4078 | 74 | ½^160.0000000000007 |
| iv_511 | 2.0577079622257654 × 10^299 | 4238 | 80 | ½^160.00000000000074 |
| iv_512 | 2.370692183206373 × 10^299 | 4397 | 80 | ½^160.00000000000074 |
| iv_508 | 3.76383242339601 × 10^299 | 4031 | 70 | ½^160.0000000000008 |

## Input Bit/Output Bit Collision Probabilities

| Input Bit | Output Bit | Collision Probability |
|:---------:|:----------:|:---------------------:|
| iv_505 | ov_092 | 0.5000000000000043 |
| iv_505 | ov_138 | 0.5000000000000041 |
| iv_505 | ov_042 | 0.500000000000004 |
| iv_507 | ov_012 | 0.500000000000004 |
| iv_507 | ov_154 | 0.500000000000004 |
| iv_507 | ov_112 | 0.5000000000000039 |
| iv_510 | ov_106 | 0.5000000000000023 |
| iv_505 | lv_80_m31 | 0.500000000000002 |
| iv_505 | ov_097 | 0.500000000000002 |
| iv_505 | ov_135 | 0.500000000000002 |

## Input Bit Co-occurrences

### Input Bit Co-occurrences Sorted by Co-occurrences

| Input Bits | Co-occurrences | Potential Occurrences | Output Co-occurrences | Potential Output Occurrences |
|:----------:|:--------------:|:---------------------:|:---------------------:|:----------------------------:|
| iv_511-iv_512 | 2158 | 4319 | 43 | 74 |
| iv_507-iv_512 | 2104 | 4400 | 42 | 72 |
| iv_510-iv_512 | 2092 | 4372 | 42 | 75 |
| iv_506-iv_507 | 2057 | 4312 | 35 | 80 |
| iv_503-iv_512 | 2040 | 4395 | 34 | 86 |
| iv_507-iv_510 | 2038 | 4294 | 41 | 73 |
| iv_508-iv_512 | 2032 | 4364 | 32 | 86 |
| iv_506-iv_512 | 2028 | 4556 | 37 | 80 |
| iv_507-iv_511 | 2015 | 4419 | 39 | 78 |
| iv_503-iv_507 | 2005 | 4279 | 31 | 88 |

### Input Bit Co-occurrences Sorted by Potential Occurrences

| Input Bits | Co-occurrences | Potential Occurrences | Output Co-occurrences | Potential Output Occurrences |
|:----------:|:--------------:|:---------------------:|:---------------------:|:----------------------------:|
| iv_502-iv_505 | 1829 | 4236 | 36 | 89 |
| iv_507-iv_508 | 2002 | 4238 | 31 | 84 |
| iv_504-iv_505 | 1842 | 4243 | 41 | 75 |
| iv_504-iv_508 | 1867 | 4264 | 37 | 74 |
| iv_503-iv_507 | 2005 | 4279 | 31 | 88 |
| iv_503-iv_505 | 1879 | 4280 | 40 | 73 |
| iv_502-iv_504 | 1807 | 4287 | 42 | 76 |
| iv_507-iv_510 | 2038 | 4294 | 41 | 73 |
| iv_506-iv_507 | 2057 | 4312 | 35 | 80 |
| iv_503-iv_511 | 2002 | 4312 | 37 | 80 |

### Input Bit Output Co-occurrences Sorted by Output Co-occurrences

| Input Bits | Co-occurrences | Potential Occurrences | Output Co-occurrences | Potential Output Occurrences |
|:----------:|:--------------:|:---------------------:|:---------------------:|:----------------------------:|
| iv_502-iv_511 | 1910 | 4352 | 45 | 72 |
| iv_502-iv_506 | 1886 | 4377 | 43 | 70 |
| iv_511-iv_512 | 2158 | 4319 | 43 | 74 |
| iv_502-iv_504 | 1807 | 4287 | 42 | 76 |
| iv_502-iv_507 | 1895 | 4355 | 42 | 74 |
| iv_502-iv_510 | 1863 | 4367 | 42 | 77 |
| iv_507-iv_512 | 2104 | 4400 | 42 | 72 |
| iv_510-iv_512 | 2092 | 4372 | 42 | 75 |
| iv_503-iv_504 | 1854 | 4337 | 41 | 70 |
| iv_504-iv_505 | 1842 | 4243 | 41 | 75 |

### Input Bit Output Co-occurrences Sorted by Potential Output Occurrences

| Input Bits | Co-occurrences | Potential Occurrences | Output Co-occurrences | Potential Output Occurrences |
|:----------:|:--------------:|:---------------------:|:---------------------:|:----------------------------:|
| iv_502-iv_506 | 1886 | 4377 | 43 | 70 |
| iv_503-iv_504 | 1854 | 4337 | 41 | 70 |
| iv_502-iv_511 | 1910 | 4352 | 45 | 72 |
| iv_507-iv_512 | 2104 | 4400 | 42 | 72 |
| iv_503-iv_505 | 1879 | 4280 | 40 | 73 |
| iv_507-iv_510 | 2038 | 4294 | 41 | 73 |
| iv_504-iv_508 | 1867 | 4264 | 37 | 74 |
| iv_502-iv_507 | 1895 | 4355 | 42 | 74 |
| iv_511-iv_512 | 2158 | 4319 | 43 | 74 |
| iv_504-iv_505 | 1842 | 4243 | 41 | 75 |

## Output Bits

### Output Bits in Regular Order

| Rank | Output Bit | Complexity |
|:----:|:----------:|:----------:|
| 1 | ov_001 | 4.107420934822821 × 10^299 |
| 2 | ov_002 | 3.576599278948052 × 10^299 |
| 3 | ov_003 | 3.096844247710358 × 10^299 |
| 4 | ov_004 | 2.6660413455574493 × 10^299 |
| 5 | ov_005 | 2.2821920139854976 × 10^299 |
| 6 | ov_006 | 1.9416144500940466 × 10^299 |
| 7 | ov_007 | 1.6408209935375195 × 10^299 |
| 8 | ov_008 | 1.3765063475077795 × 10^299 |
| 9 | ov_009 | 1.1455374455103619 × 10^299 |
| 10 | ov_010 | 9.449447791216049 × 10^298 |
| 11 | ov_011 | 7.719150447564461 × 10^298 |
| 12 | ov_012 | 6.237850081290716 × 10^298 |
| 13 | ov_013 | 4.980364928786927 × 10^298 |
| 14 | ov_014 | 3.922923786525499 × 10^298 |
| 15 | ov_015 | 3.0431347455628485 × 10^298 |
| 16 | ov_016 | 2.319961342632709 × 10^298 |
| 17 | ov_017 | 1.733704890026235 × 10^298 |
| 18 | ov_018 | 1.2659918453367586 × 10^298 |
| 19 | ov_019 | 8.997651807771091 × 10^297 |
| 20 | ov_020 | 6.192788102609975 × 10^297 |
| 21 | ov_021 | 4.1009423084317674 × 10^297 |
| 22 | ov_022 | 2.5907863347347044 × 10^297 |
| 23 | ov_023 | 1.544038644854226 × 10^297 |
| 24 | ov_024 | 8.554581778975472 × 10^296 |
| 25 | ov_025 | 4.328405567543115 × 10^296 |
| 26 | ov_026 | 1.970158134034871 × 10^296 |
| 27 | ov_027 | 8.184716843643269 × 10^295 |
| 28 | ov_028 | 3.4230464960366417 × 10^295 |
| 29 | ov_029 | 1.4093952385727997 × 10^295 |
| 30 | ov_030 | 4.6598439555639674 × 10^294 |
| 31 | ov_031 | 1.1274812525908606 × 10^294 |
| 32 | lv_80_m31 | 2.7271726446886158 × 10^293 |
| 33 | ov_033 | 3.266599711462296 × 10^294 |
| 34 | ov_034 | 2.8258184991706467 × 10^294 |
| 35 | ov_035 | 2.432659314454324 × 10^294 |
| 36 | ov_036 | 2.0832474944155536 × 10^294 |
| 37 | ov_037 | 1.7739180352990463 × 10^294 |
| 38 | ov_038 | 1.5012007708070012 × 10^294 |
| 39 | ov_039 | 1.2618075413502554 × 10^294 |
| 40 | ov_040 | 1.0526211628187794 × 10^294 |
| 41 | ov_041 | 8.706860151363469 × 10^293 |
| 42 | ov_042 | 7.1320008193847434 × 10^293 |
| 43 | ov_043 | 5.775082832521184 × 10^293 |
| 44 | ov_044 | 4.6109695312783135 × 10^293 |
| 45 | ov_045 | 3.6158932384314964 × 10^293 |
| 46 | ov_046 | 2.778307303534424 × 10^293 |
| 47 | ov_047 | 2.0873232992348648 × 10^293 |
| 48 | ov_048 | 1.5326983665020209 × 10^293 |
| 49 | ov_049 | 1.0958472008670916 × 10^293 |
| 50 | ov_050 | 7.594366178635537 × 10^292 |
| 51 | ov_051 | 5.073767713675991 × 10^292 |
| 52 | ov_052 | 3.248152292965566 × 10^292 |
| 53 | ov_053 | 1.9813321103125756 × 10^292 |
| 54 | ov_054 | 1.149433719067592 × 10^292 |
| 55 | ov_055 | 6.408860079691428 × 10^291 |
| 56 | ov_056 | 3.5641395616323306 × 10^291 |
| 57 | ov_057 | 2.0903525101162886 × 10^291 |
| 58 | ov_058 | 1.2405835497706844 × 10^291 |
| 59 | ov_059 | 6.721001820415106 × 10^290 |
| 60 | ov_060 | 3.2345693444925535 × 10^290 |
| 61 | ov_061 | 1.3320879643685493 × 10^290 |
| 62 | ov_062 | 4.4049457253305034 × 10^289 |
| 63 | ov_063 | 1.0659733514480434 × 10^289 |
| 64 | lv_79_m31 | 2.5787544073287003 × 10^288 |
| 65 | ov_065 | 3.067985681290627 × 10^289 |
| 66 | ov_066 | 3.067978516819284 × 10^289 |
| 67 | ov_067 | 3.0679761950109596 × 10^289 |
| 68 | ov_068 | 2.6541181951827947 × 10^289 |
| 69 | ov_069 | 2.2831238786000734 × 10^289 |
| 70 | ov_070 | 1.953139298079957 × 10^289 |
| 71 | ov_071 | 1.660792269706231 × 10^289 |
| 72 | ov_072 | 1.4029168286682 × 10^289 |
| 73 | ov_073 | 1.1765395727644395 × 10^289 |
| 74 | ov_074 | 9.788672581708051 × 10^288 |
| 75 | ov_075 | 8.072755805470535 × 10^288 |
| 76 | ov_076 | 6.592990767411886 × 10^288 |
| 77 | ov_077 | 5.3262208411393204 × 10^288 |
| 78 | ov_078 | 4.2507069590468464 × 10^288 |
| 79 | ov_079 | 3.346056521479357 × 10^288 |
| 80 | ov_080 | 2.5931610647444346 × 10^288 |
| 81 | ov_081 | 1.9741420973978984 × 10^288 |
| 82 | ov_082 | 1.4723045185539992 × 10^288 |
| 83 | ov_083 | 1.0720970349116454 × 10^288 |
| 84 | ov_084 | 7.590789950789916 × 10^287 |
| 85 | ov_085 | 5.198930609159641 × 10^287 |
| 86 | ov_086 | 3.4224313625262947 × 10^287 |
| 87 | ov_087 | 2.148769736847095 × 10^287 |
| 88 | ov_088 | 1.275728803354382 × 10^287 |
| 89 | ov_089 | 7.112994358120291 × 10^286 |
| 90 | ov_090 | 3.7361197801545646 × 10^286 |
| 91 | ov_091 | 1.9089153249912424 × 10^286 |
| 92 | ov_092 | 1.0143113029151176 × 10^286 |
| 93 | ov_093 | 5.357732861366081 × 10^285 |
| 94 | ov_094 | 2.4015601120658672 × 10^285 |
| 95 | aaa_78_28 | 7.724112083441503 × 10^284 |
| 96 | aaa_78_29 | 2.9266154083164477 × 10^284 |
| 97 | ov_097 | 3.1870524013429642 × 10^284 |
| 98 | ov_098 | 3.18695684791891 × 10^284 |
| 99 | ov_099 | 3.1869263287281644 × 10^284 |
| 100 | ov_100 | 2.8681088407471055 × 10^284 |
| 101 | ov_101 | 2.5727931970003997 × 10^284 |
| 102 | ov_102 | 2.2996901323714885 × 10^284 |
| 103 | ov_103 | 2.0476046638785825 × 10^284 |
| 104 | ov_104 | 1.815423831107771 × 10^284 |
| 105 | ov_105 | 1.6021055538295364 × 10^284 |
| 106 | ov_106 | 1.4066685470093358 × 10^284 |
| 107 | ov_107 | 1.2281832358970648 × 10^284 |
| 108 | ov_108 | 1.0657636159208938 × 10^284 |
| 109 | ov_109 | 9.185600037715963 × 10^283 |
| 110 | ov_110 | 7.857526273951563 × 10^283 |
| 111 | ov_111 | 6.665460036594469 × 10^283 |
| 112 | ov_112 | 5.601640532659543 × 10^283 |
| 113 | ov_113 | 4.658459030818361 × 10^283 |
| 114 | ov_114 | 3.828423265083827 × 10^283 |
| 115 | ov_115 | 3.1041277281079237 × 10^283 |
| 116 | ov_116 | 2.4782293654042214 × 10^283 |
| 117 | ov_117 | 1.9434281831029887 × 10^283 |
| 118 | ov_118 | 1.492452282601922 × 10^283 |
| 119 | ov_119 | 1.118046835879354 × 10^283 |
| 120 | ov_120 | 8.129665154377863 × 10^282 |
| 121 | ov_121 | 5.69970892943151 × 10^282 |
| 122 | ov_122 | 3.8182210142574285 × 10^282 |
| 123 | ov_123 | 2.4128373889853067 × 10^282 |
| 124 | ov_124 | 1.4112023021143173 × 10^282 |
| 125 | ov_125 | 7.409640838983096 × 10^281 |
| 126 | ov_126 | 3.2977273866951514 × 10^281 |
| 127 | aaa_77_28 | 1.0527880557286646 × 10^281 |
| 128 | aaa_77_29 | 3.9454885823861236 × 10^280 |
| 129 | ov_129 | 3.6351950435986366 × 10^280 |
| 130 | ov_130 | 3.6351867330489977 × 10^280 |
| 131 | ov_131 | 3.635184063176983 × 10^280 |
| 132 | ov_132 | 3.148480103044416 × 10^280 |
| 133 | ov_133 | 2.712783017184901 × 10^280 |
| 134 | ov_134 | 2.324198007876251 × 10^280 |
| 135 | ov_135 | 1.9790475823178914 × 10^280 |
| 136 | ov_136 | 1.673855674836452 × 10^280 |
| 137 | ov_137 | 1.4053337836389771 × 10^280 |
| 138 | ov_138 | 1.1703689806673864 × 10^280 |
| 139 | ov_139 | 9.660136269623168 × 10^279 |
| 140 | ov_140 | 7.894766237417059 × 10^279 |
| 141 | ov_141 | 6.381160387370933 × 10^279 |
| 142 | ov_142 | 5.094329564448083 × 10^279 |
| 143 | ov_143 | 4.0106640989065805 × 10^279 |
| 144 | ov_144 | 3.1078926031781325 × 10^279 |
| 145 | ov_145 | 2.365048999231853 × 10^279 |
| 146 | ov_146 | 1.7624466141594523 × 10^279 |
| 147 | ov_147 | 1.2816582677498602 × 10^279 |
| 148 | ov_148 | 9.055013615656974 × 10^278 |
| 149 | ov_149 | 6.180270646068742 × 10^278 |
| 150 | ov_150 | 4.045127761222939 × 10^278 |
| 151 | ov_151 | 2.51457131551716 × 10^278 |
| 152 | ov_152 | 1.4657690296932193 × 10^278 |
| 153 | ov_153 | 7.880523077114415 × 10^277 |
| 154 | ov_154 | 3.829070870833886 × 10^277 |
| 155 | ov_155 | 1.6396942148880984 × 10^277 |
| 156 | aaa_76_25 | 5.702341450676214 × 10^276 |
| 157 | aaa_76_26 | 3.5098678772750057 × 10^276 |
| 158 | aaa_76_27 | 1.924703209493051 × 10^276 |
| 159 | aaa_76_28 | 9.071475768068129 × 10^275 |
| 160 | aaa_76_29 | 3.4160446090585565 × 10^275 |

### Output Bits Sorted by Complexity

| Rank | Output Bit | Complexity |
|:----:|:----------:|:----------:|
| 160 | aaa_76_29 | 3.4160446090585565 × 10^275 |
| 159 | aaa_76_28 | 9.071475768068129 × 10^275 |
| 158 | aaa_76_27 | 1.924703209493051 × 10^276 |
| 157 | aaa_76_26 | 3.5098678772750057 × 10^276 |
| 156 | aaa_76_25 | 5.702341450676214 × 10^276 |
| 155 | ov_155 | 1.6396942148880984 × 10^277 |
| 154 | ov_154 | 3.829070870833886 × 10^277 |
| 153 | ov_153 | 7.880523077114415 × 10^277 |
| 152 | ov_152 | 1.4657690296932193 × 10^278 |
| 151 | ov_151 | 2.51457131551716 × 10^278 |
| 150 | ov_150 | 4.045127761222939 × 10^278 |
| 149 | ov_149 | 6.180270646068742 × 10^278 |
| 148 | ov_148 | 9.055013615656974 × 10^278 |
| 147 | ov_147 | 1.2816582677498602 × 10^279 |
| 146 | ov_146 | 1.7624466141594523 × 10^279 |
| 145 | ov_145 | 2.365048999231853 × 10^279 |
| 144 | ov_144 | 3.1078926031781325 × 10^279 |
| 143 | ov_143 | 4.0106640989065805 × 10^279 |
| 142 | ov_142 | 5.094329564448083 × 10^279 |
| 141 | ov_141 | 6.381160387370933 × 10^279 |
| 140 | ov_140 | 7.894766237417059 × 10^279 |
| 139 | ov_139 | 9.660136269623168 × 10^279 |
| 138 | ov_138 | 1.1703689806673864 × 10^280 |
| 137 | ov_137 | 1.4053337836389771 × 10^280 |
| 136 | ov_136 | 1.673855674836452 × 10^280 |
| 135 | ov_135 | 1.9790475823178914 × 10^280 |
| 134 | ov_134 | 2.324198007876251 × 10^280 |
| 133 | ov_133 | 2.712783017184901 × 10^280 |
| 132 | ov_132 | 3.148480103044416 × 10^280 |
| 131 | ov_131 | 3.635184063176983 × 10^280 |
| 130 | ov_130 | 3.6351867330489977 × 10^280 |
| 129 | ov_129 | 3.6351950435986366 × 10^280 |
| 128 | aaa_77_29 | 3.9454885823861236 × 10^280 |
| 127 | aaa_77_28 | 1.0527880557286646 × 10^281 |
| 126 | ov_126 | 3.2977273866951514 × 10^281 |
| 125 | ov_125 | 7.409640838983096 × 10^281 |
| 124 | ov_124 | 1.4112023021143173 × 10^282 |
| 123 | ov_123 | 2.4128373889853067 × 10^282 |
| 122 | ov_122 | 3.8182210142574285 × 10^282 |
| 121 | ov_121 | 5.69970892943151 × 10^282 |
| 120 | ov_120 | 8.129665154377863 × 10^282 |
| 119 | ov_119 | 1.118046835879354 × 10^283 |
| 118 | ov_118 | 1.492452282601922 × 10^283 |
| 117 | ov_117 | 1.9434281831029887 × 10^283 |
| 116 | ov_116 | 2.4782293654042214 × 10^283 |
| 115 | ov_115 | 3.1041277281079237 × 10^283 |
| 114 | ov_114 | 3.828423265083827 × 10^283 |
| 113 | ov_113 | 4.658459030818361 × 10^283 |
| 112 | ov_112 | 5.601640532659543 × 10^283 |
| 111 | ov_111 | 6.665460036594469 × 10^283 |
| 110 | ov_110 | 7.857526273951563 × 10^283 |
| 109 | ov_109 | 9.185600037715963 × 10^283 |
| 108 | ov_108 | 1.0657636159208938 × 10^284 |
| 107 | ov_107 | 1.2281832358970648 × 10^284 |
| 106 | ov_106 | 1.4066685470093358 × 10^284 |
| 105 | ov_105 | 1.6021055538295364 × 10^284 |
| 104 | ov_104 | 1.815423831107771 × 10^284 |
| 103 | ov_103 | 2.0476046638785825 × 10^284 |
| 102 | ov_102 | 2.2996901323714885 × 10^284 |
| 101 | ov_101 | 2.5727931970003997 × 10^284 |
| 100 | ov_100 | 2.8681088407471055 × 10^284 |
| 96 | aaa_78_29 | 2.9266154083164477 × 10^284 |
| 99 | ov_099 | 3.1869263287281644 × 10^284 |
| 98 | ov_098 | 3.18695684791891 × 10^284 |
| 97 | ov_097 | 3.1870524013429642 × 10^284 |
| 95 | aaa_78_28 | 7.724112083441503 × 10^284 |
| 94 | ov_094 | 2.4015601120658672 × 10^285 |
| 93 | ov_093 | 5.357732861366081 × 10^285 |
| 92 | ov_092 | 1.0143113029151176 × 10^286 |
| 91 | ov_091 | 1.9089153249912424 × 10^286 |
| 90 | ov_090 | 3.7361197801545646 × 10^286 |
| 89 | ov_089 | 7.112994358120291 × 10^286 |
| 88 | ov_088 | 1.275728803354382 × 10^287 |
| 87 | ov_087 | 2.148769736847095 × 10^287 |
| 86 | ov_086 | 3.4224313625262947 × 10^287 |
| 85 | ov_085 | 5.198930609159641 × 10^287 |
| 84 | ov_084 | 7.590789950789916 × 10^287 |
| 83 | ov_083 | 1.0720970349116454 × 10^288 |
| 82 | ov_082 | 1.4723045185539992 × 10^288 |
| 81 | ov_081 | 1.9741420973978984 × 10^288 |
| 64 | lv_79_m31 | 2.5787544073287003 × 10^288 |
| 80 | ov_080 | 2.5931610647444346 × 10^288 |
| 79 | ov_079 | 3.346056521479357 × 10^288 |
| 78 | ov_078 | 4.2507069590468464 × 10^288 |
| 77 | ov_077 | 5.3262208411393204 × 10^288 |
| 76 | ov_076 | 6.592990767411886 × 10^288 |
| 75 | ov_075 | 8.072755805470535 × 10^288 |
| 74 | ov_074 | 9.788672581708051 × 10^288 |
| 63 | ov_063 | 1.0659733514480434 × 10^289 |
| 73 | ov_073 | 1.1765395727644395 × 10^289 |
| 72 | ov_072 | 1.4029168286682 × 10^289 |
| 71 | ov_071 | 1.660792269706231 × 10^289 |
| 70 | ov_070 | 1.953139298079957 × 10^289 |
| 69 | ov_069 | 2.2831238786000734 × 10^289 |
| 68 | ov_068 | 2.6541181951827947 × 10^289 |
| 67 | ov_067 | 3.0679761950109596 × 10^289 |
| 66 | ov_066 | 3.067978516819284 × 10^289 |
| 65 | ov_065 | 3.067985681290627 × 10^289 |
| 62 | ov_062 | 4.4049457253305034 × 10^289 |
| 61 | ov_061 | 1.3320879643685493 × 10^290 |
| 60 | ov_060 | 3.2345693444925535 × 10^290 |
| 59 | ov_059 | 6.721001820415106 × 10^290 |
| 58 | ov_058 | 1.2405835497706844 × 10^291 |
| 57 | ov_057 | 2.0903525101162886 × 10^291 |
| 56 | ov_056 | 3.5641395616323306 × 10^291 |
| 55 | ov_055 | 6.408860079691428 × 10^291 |
| 54 | ov_054 | 1.149433719067592 × 10^292 |
| 53 | ov_053 | 1.9813321103125756 × 10^292 |
| 52 | ov_052 | 3.248152292965566 × 10^292 |
| 51 | ov_051 | 5.073767713675991 × 10^292 |
| 50 | ov_050 | 7.594366178635537 × 10^292 |
| 49 | ov_049 | 1.0958472008670916 × 10^293 |
| 48 | ov_048 | 1.5326983665020209 × 10^293 |
| 47 | ov_047 | 2.0873232992348648 × 10^293 |
| 32 | lv_80_m31 | 2.7271726446886158 × 10^293 |
| 46 | ov_046 | 2.778307303534424 × 10^293 |
| 45 | ov_045 | 3.6158932384314964 × 10^293 |
| 44 | ov_044 | 4.6109695312783135 × 10^293 |
| 43 | ov_043 | 5.775082832521184 × 10^293 |
| 42 | ov_042 | 7.1320008193847434 × 10^293 |
| 41 | ov_041 | 8.706860151363469 × 10^293 |
| 40 | ov_040 | 1.0526211628187794 × 10^294 |
| 31 | ov_031 | 1.1274812525908606 × 10^294 |
| 39 | ov_039 | 1.2618075413502554 × 10^294 |
| 38 | ov_038 | 1.5012007708070012 × 10^294 |
| 37 | ov_037 | 1.7739180352990463 × 10^294 |
| 36 | ov_036 | 2.0832474944155536 × 10^294 |
| 35 | ov_035 | 2.432659314454324 × 10^294 |
| 34 | ov_034 | 2.8258184991706467 × 10^294 |
| 33 | ov_033 | 3.266599711462296 × 10^294 |
| 30 | ov_030 | 4.6598439555639674 × 10^294 |
| 29 | ov_029 | 1.4093952385727997 × 10^295 |
| 28 | ov_028 | 3.4230464960366417 × 10^295 |
| 27 | ov_027 | 8.184716843643269 × 10^295 |
| 26 | ov_026 | 1.970158134034871 × 10^296 |
| 25 | ov_025 | 4.328405567543115 × 10^296 |
| 24 | ov_024 | 8.554581778975472 × 10^296 |
| 23 | ov_023 | 1.544038644854226 × 10^297 |
| 22 | ov_022 | 2.5907863347347044 × 10^297 |
| 21 | ov_021 | 4.1009423084317674 × 10^297 |
| 20 | ov_020 | 6.192788102609975 × 10^297 |
| 19 | ov_019 | 8.997651807771091 × 10^297 |
| 18 | ov_018 | 1.2659918453367586 × 10^298 |
| 17 | ov_017 | 1.733704890026235 × 10^298 |
| 16 | ov_016 | 2.319961342632709 × 10^298 |
| 15 | ov_015 | 3.0431347455628485 × 10^298 |
| 14 | ov_014 | 3.922923786525499 × 10^298 |
| 13 | ov_013 | 4.980364928786927 × 10^298 |
| 12 | ov_012 | 6.237850081290716 × 10^298 |
| 11 | ov_011 | 7.719150447564461 × 10^298 |
| 10 | ov_010 | 9.449447791216049 × 10^298 |
| 9 | ov_009 | 1.1455374455103619 × 10^299 |
| 8 | ov_008 | 1.3765063475077795 × 10^299 |
| 7 | ov_007 | 1.6408209935375195 × 10^299 |
| 6 | ov_006 | 1.9416144500940466 × 10^299 |
| 5 | ov_005 | 2.2821920139854976 × 10^299 |
| 4 | ov_004 | 2.6660413455574493 × 10^299 |
| 3 | ov_003 | 3.096844247710358 × 10^299 |
| 2 | ov_002 | 3.576599278948052 × 10^299 |
| 1 | ov_001 | 4.107420934822821 × 10^299 |

