# Results for F001-F002-F003-F004-F005-F006-F007-F008-F009-F010-F011-F012-F013-F014-F015-F016-F017-F018-F019-F020-F021-F022-F023-F024-F025-F026-F027-F028-F029-F030-F031-F032-F033-F034-F035-F036-F037-F038-F039-F040-F041-F042-F043-F044-F045-F046-F047-F048-F049-F050-F051-F052-F053-F054-F055-F056-F057-F058-F059-F060-F061-F062-F063-F064-F065-F066-F067-F068-F069-F070-F071-F072-F073-F074-F075-F076-F077-F078-F079-F080-F081-F082-F083-F084-F085-F086-F087-F088-F089-F090-F091-F092-F093-F094-F095-F096-F097-F098-F099-F100-F101-F102-F103-F104-F105-F106-F107-F108-F109-F110-F111-F112-F113-F114-F115-F116-F117-F118-F119-F120-F121-F122-F123-F124-F125-F126-F127-F128-F129-F130-F131-F132-F133-F134-F135-F136-F137-F138-F139-F140-F141-F142-F143-F144-F145-F146-F147-F148-F149-F150-F151-F152-F153-F154-F155-F156-F157-F158-F159-F160-F161-F162-F163-F164-F165-F166-F167-F168-F169-F170-F171-F172-F173-F174-F175-F176-F177-F178-F179-F180-F181-F182-F183-F184-F185-F186-F187-F188-F189-F190-F191-F192-F193-F194-F195-F196-F197-F198-F199-F200-F201-F202-F203-F204-F205-F206-F207-F208-F209-F210-F211-F212-F213-F214-F215-F216-F217-F218-F219-F220-F221-F222-F223-F224-F225-F226-F227-F228-F229-F230-F231-F232-F233-F234-F235-F236-F237-F238-F239-F240-F241-F242-F243-F244-F245-F246-F247-F248-F249-F250-F251-F252-F253-F254-F255-F256-F257-F258-F259-F260-F261-F262-F263-F264-F265-F266-F267-F268-F269-F270-F271-F272-F273-F274-F275-F276-F277-F278-F279-F280-F281-F282-F283-F284-F285-F286-F287-F288-F289-F290-F291-F292-F293-F294-F295-F296-F297-F298-F299-F300-F301-F302-F303-F304-F305-F306-F307-F308-F309-F310-F311-F312-F313-F314-F315-F316-F317-F318-F319-F320-F321-F322-F323-F324-F325-F326-F327-F328-F329-F330-F331-F332-F333-F334-F335-F336-F337-F338-F339-F340-F341-F342-F343-F344-F345-F346-F347-F348-F349-F350-F351-F352-F353-F354-F355-F356-F357-F358-F359-F360-F361-F362-F363-F364-F365-F366-F367-F368-F369-F370-F371-F372-F373-F374-F375-F376-F377-F378-F379-F380-F381-F382-F383-F384-F385-F386-F387-F388-F389-F390-F391-F392-F393-F394-F395-F396-F397-F398-F399-F400-F401-F402-F403-F404-F405-F406-F407-F408-F409-F410-F411-F412-F413-F414-F415-F416-F417-F418-F419-F420-F421-F422-F423-F424-F425-F426-F427-F428-F429-F430-F431-F432-F433-F434-F435-F436-F437-F438-F439-F440-F441-F442-F443-F444-F445-F446-F447-F448-F449-F450-F451-F452-F453-F454-F455-F456-F457-F458-F459-F460-F461-F462-F463-F464-F465-F466-F467-F468-F469-F470-F471-F472-F473-F474-F475-F476-F477-F478-F479-F480-F481-F482-F483-F484-F485-F486-F487-F488-F489-F490-F491-F492-F493-F494-F495-F496-T500-F508-F509-F510-F511-F512

## Summary

Number of input bits: 512  
Number of free input bits: 10  
Number of output bits: 160

Number of direct occurrences: 40570  
Number of assignments: 30888  
Number of operations: 11116286
(xor: 11088192,
and: 14875,
or: 13219)

Total complexity: 2.7556250673498282 × 10^300

Least occurring input variable: iv_504 (3938)  
Most occurring input variable: iv_503 (4141)

Most co-occurring input variables: iv_501-iv_505 (1990)  
Least co-occurring input variables: iv_497-iv_498 (1816)

Potentially most occurring input variable: iv_499/iv_506 (4429)  
Potentially least occurring input variable: iv_501/iv_504 (4168)

Least output occurring input variable: iv_507 (72)  
Most output occurring input variable: iv_505 (92)

Most output co-occurring input variables: iv_505-iv_506 (55)  
Least output co-occurring input variables: iv_506-iv_507 (30)

Potentially most output occurring input variable: iv_499/iv_506 (96)  
Potentially least output occurring input variable: iv_499/iv_503 (57)

Least complex input bit: iv_497 (1.1064400502896138 × 10^298)  
Most complex input bit: iv_505 (8.901006293522064 × 10^299)

Least complex output bit: aaa_76_29 (2.69956459624589 × 10^275)  
Most complex output bit: ov_001 (4.446932105188314 × 10^299)

Least complex input/output complexity: iv_497/aaa_76_29 (1.0839306199601971 × 10^273)  
Most complex input/output complexity: iv_505/ov_001 (1.4364135064721941 × 10^299)

## Input Bits

### Input Bits in Regular Order

| Input Bit | Complexity | Occurrences | Output Occurrences |
|:---------:|:----------:|:-----------:|:------------------:|
| iv_497 | 1.1064400502896138 × 10^298 | 4107 | 72 |
| iv_498 | 1.5472008883668965 × 10^298 | 3944 | 83 |
| iv_499 | 2.594263453804231 × 10^298 | 3989 | 80 |
| iv_501 | 1.1470447629138026 × 10^299 | 4130 | 81 |
| iv_502 | 2.285549612569539 × 10^299 | 4023 | 76 |
| iv_503 | 4.060027389704168 × 10^299 | 4141 | 83 |
| iv_504 | 6.748644483216471 × 10^299 | 3938 | 78 |
| iv_505 | 8.901006293522064 × 10^299 | 4059 | 92 |
| iv_506 | 1.7898572908080884 × 10^299 | 4106 | 80 |
| iv_507 | 2.0993304015181164 × 10^299 | 4133 | 72 |

### Input Bits Sorted by Complexity

| Input Bit | Complexity | Occurrences | Output Occurrences |
|:---------:|:----------:|:-----------:|:------------------:|
| iv_497 | 1.1064400502896138 × 10^298 | 4107 | 72 |
| iv_498 | 1.5472008883668965 × 10^298 | 3944 | 83 |
| iv_499 | 2.594263453804231 × 10^298 | 3989 | 80 |
| iv_501 | 1.1470447629138026 × 10^299 | 4130 | 81 |
| iv_506 | 1.7898572908080884 × 10^299 | 4106 | 80 |
| iv_507 | 2.0993304015181164 × 10^299 | 4133 | 72 |
| iv_502 | 2.285549612569539 × 10^299 | 4023 | 76 |
| iv_503 | 4.060027389704168 × 10^299 | 4141 | 83 |
| iv_504 | 6.748644483216471 × 10^299 | 3938 | 78 |
| iv_505 | 8.901006293522064 × 10^299 | 4059 | 92 |

### Input Bits Sorted by Occurrences

| Input Bit | Complexity | Occurrences | Output Occurrences |
|:---------:|:----------:|:-----------:|:------------------:|
| iv_504 | 6.748644483216471 × 10^299 | 3938 | 78 |
| iv_498 | 1.5472008883668965 × 10^298 | 3944 | 83 |
| iv_499 | 2.594263453804231 × 10^298 | 3989 | 80 |
| iv_502 | 2.285549612569539 × 10^299 | 4023 | 76 |
| iv_505 | 8.901006293522064 × 10^299 | 4059 | 92 |
| iv_506 | 1.7898572908080884 × 10^299 | 4106 | 80 |
| iv_497 | 1.1064400502896138 × 10^298 | 4107 | 72 |
| iv_501 | 1.1470447629138026 × 10^299 | 4130 | 81 |
| iv_507 | 2.0993304015181164 × 10^299 | 4133 | 72 |
| iv_503 | 4.060027389704168 × 10^299 | 4141 | 83 |

### Input Bits Sorted by Output Occurrences

| Input Bit | Complexity | Occurrences | Output Occurrences |
|:---------:|:----------:|:-----------:|:------------------:|
| iv_507 | 2.0993304015181164 × 10^299 | 4133 | 72 |
| iv_497 | 1.1064400502896138 × 10^298 | 4107 | 72 |
| iv_502 | 2.285549612569539 × 10^299 | 4023 | 76 |
| iv_504 | 6.748644483216471 × 10^299 | 3938 | 78 |
| iv_506 | 1.7898572908080884 × 10^299 | 4106 | 80 |
| iv_499 | 2.594263453804231 × 10^298 | 3989 | 80 |
| iv_501 | 1.1470447629138026 × 10^299 | 4130 | 81 |
| iv_498 | 1.5472008883668965 × 10^298 | 3944 | 83 |
| iv_503 | 4.060027389704168 × 10^299 | 4141 | 83 |
| iv_505 | 8.901006293522064 × 10^299 | 4059 | 92 |

## Input Bit Co-occurrences

### Input Bit Co-occurrences Sorted by Co-occurrences

| Input Bits | Co-occurrences | Potential Occurrences | Output Co-occurrences | Potential Output Occurrences |
|:----------:|:--------------:|:---------------------:|:---------------------:|:----------------------------:|
| iv_501-iv_505 | 1990 | 4209 | 47 | 79 |
| iv_501-iv_507 | 1986 | 4291 | 38 | 77 |
| iv_501-iv_503 | 1971 | 4329 | 42 | 80 |
| iv_497-iv_502 | 1961 | 4208 | 41 | 66 |
| iv_499-iv_503 | 1956 | 4218 | 53 | 57 |
| iv_497-iv_503 | 1952 | 4344 | 35 | 85 |
| iv_503-iv_505 | 1951 | 4298 | 50 | 75 |
| iv_501-iv_504 | 1950 | 4168 | 44 | 71 |
| iv_497-iv_507 | 1946 | 4348 | 35 | 74 |
| iv_501-iv_502 | 1940 | 4273 | 34 | 89 |

### Input Bit Co-occurrences Sorted by Potential Occurrences

| Input Bits | Co-occurrences | Potential Occurrences | Output Co-occurrences | Potential Output Occurrences |
|:----------:|:--------------:|:---------------------:|:---------------------:|:----------------------------:|
| iv_501-iv_504 | 1950 | 4168 | 44 | 71 |
| iv_499-iv_505 | 1933 | 4182 | 47 | 78 |
| iv_498-iv_504 | 1844 | 4194 | 42 | 77 |
| iv_497-iv_504 | 1923 | 4199 | 37 | 76 |
| iv_497-iv_502 | 1961 | 4208 | 41 | 66 |
| iv_501-iv_505 | 1990 | 4209 | 47 | 79 |
| iv_503-iv_504 | 1934 | 4211 | 43 | 75 |
| iv_504-iv_505 | 1892 | 4213 | 44 | 82 |
| iv_499-iv_503 | 1956 | 4218 | 53 | 57 |
| iv_499-iv_504 | 1852 | 4223 | 42 | 74 |

### Input Bit Output Co-occurrences Sorted by Output Co-occurrences

| Input Bits | Co-occurrences | Potential Occurrences | Output Co-occurrences | Potential Output Occurrences |
|:----------:|:--------------:|:---------------------:|:---------------------:|:----------------------------:|
| iv_505-iv_506 | 1930 | 4305 | 55 | 62 |
| iv_499-iv_503 | 1956 | 4218 | 53 | 57 |
| iv_498-iv_505 | 1889 | 4225 | 50 | 75 |
| iv_503-iv_505 | 1951 | 4298 | 50 | 75 |
| iv_498-iv_503 | 1860 | 4365 | 49 | 68 |
| iv_501-iv_505 | 1990 | 4209 | 47 | 79 |
| iv_498-iv_499 | 1824 | 4285 | 47 | 69 |
| iv_499-iv_505 | 1933 | 4182 | 47 | 78 |
| iv_499-iv_501 | 1901 | 4317 | 47 | 67 |
| iv_502-iv_505 | 1909 | 4264 | 46 | 76 |

### Input Bit Output Co-occurrences Sorted by Potential Output Occurrences

| Input Bits | Co-occurrences | Potential Occurrences | Output Co-occurrences | Potential Output Occurrences |
|:----------:|:--------------:|:---------------------:|:---------------------:|:----------------------------:|
| iv_499-iv_503 | 1956 | 4218 | 53 | 57 |
| iv_505-iv_506 | 1930 | 4305 | 55 | 62 |
| iv_497-iv_502 | 1961 | 4208 | 41 | 66 |
| iv_499-iv_501 | 1901 | 4317 | 47 | 67 |
| iv_498-iv_503 | 1860 | 4365 | 49 | 68 |
| iv_498-iv_499 | 1824 | 4285 | 47 | 69 |
| iv_501-iv_504 | 1950 | 4168 | 44 | 71 |
| iv_498-iv_502 | 1841 | 4285 | 43 | 73 |
| iv_497-iv_507 | 1946 | 4348 | 35 | 74 |
| iv_499-iv_504 | 1852 | 4223 | 42 | 74 |

## Output Bits

### Output Bits in Regular Order

| Rank | Output Bit | Complexity |
|:----:|:----------:|:----------:|
| 1 | ov_001 | 4.446932105188314 × 10^299 |
| 2 | ov_002 | 3.850639558416268 × 10^299 |
| 3 | ov_003 | 3.317086315851137 × 10^299 |
| 4 | ov_004 | 2.841481250847578 × 10^299 |
| 5 | ov_005 | 2.4192953233817336 × 10^299 |
| 6 | ov_006 | 2.0462428375703876 × 10^299 |
| 7 | ov_007 | 1.7182651138900157 × 10^299 |
| 8 | ov_008 | 1.4315164258084587 × 10^299 |
| 9 | ov_009 | 1.1823520140729969 × 10^299 |
| 10 | ov_010 | 9.673179575933791 × 10^298 |
| 11 | ov_011 | 7.8314268967062 × 10^298 |
| 12 | ov_012 | 6.267299858501034 × 10^298 |
| 13 | ov_013 | 4.951532621878843 × 10^298 |
| 14 | ov_014 | 3.856510102660846 × 10^298 |
| 15 | ov_015 | 2.956231951030112 × 10^298 |
| 16 | ov_016 | 2.2262845421052062 × 10^298 |
| 17 | ov_017 | 1.643819480875075 × 10^298 |
| 18 | ov_018 | 1.1875372442388316 × 10^298 |
| 19 | ov_019 | 8.37674766099437 × 10^297 |
| 20 | ov_020 | 5.759960744039182 × 10^297 |
| 21 | ov_021 | 3.857853695013232 × 10^297 |
| 22 | ov_022 | 2.5184206385142122 × 10^297 |
| 23 | ov_023 | 1.6047736258911523 × 10^297 |
| 24 | ov_024 | 9.951202389997116 × 10^296 |
| 25 | ov_025 | 5.827499760220344 × 10^296 |
| 26 | ov_026 | 3.180768272728942 × 10^296 |
| 27 | ov_027 | 1.5905084114104466 × 10^296 |
| 28 | ov_028 | 7.115714538603988 × 10^295 |
| 29 | ov_029 | 2.74156244979553 × 10^295 |
| 30 | ov_030 | 8.380834662201434 × 10^294 |
| 31 | ov_031 | 1.634739486207979 × 10^294 |
| 32 | lv_80_m31 | 3.18829776105796 × 10^293 |
| 33 | ov_033 | 3.834360564461208 × 10^294 |
| 34 | ov_034 | 3.327115373718752 × 10^294 |
| 35 | ov_035 | 2.873728654136599 × 10^294 |
| 36 | ov_036 | 2.4695334642668966 × 10^294 |
| 37 | ov_037 | 2.1101130825651465 × 10^294 |
| 38 | ov_038 | 1.791283306437197 × 10^294 |
| 39 | ov_039 | 1.509077199325081 × 10^294 |
| 40 | ov_040 | 1.2597320485481763 × 10^294 |
| 41 | ov_041 | 1.0414160544191881 × 10^294 |
| 42 | ov_042 | 8.523914715533067 × 10^293 |
| 43 | ov_043 | 6.91010384756375 × 10^293 |
| 44 | ov_044 | 5.542331530415221 × 10^293 |
| 45 | ov_045 | 4.3918485892748965 × 10^293 |
| 46 | ov_046 | 3.4315122489022765 × 10^293 |
| 47 | ov_047 | 2.6481482161631687 × 10^293 |
| 48 | ov_048 | 2.017737908667901 × 10^293 |
| 49 | ov_049 | 1.5177939903459946 × 10^293 |
| 50 | ov_050 | 1.127346660180238 × 10^293 |
| 51 | ov_051 | 8.269336600682861 × 10^292 |
| 52 | ov_052 | 5.985930427400953 × 10^292 |
| 53 | ov_053 | 4.258579902188441 × 10^292 |
| 54 | ov_054 | 2.9375320260505594 × 10^292 |
| 55 | ov_055 | 1.9516354380159599 × 10^292 |
| 56 | ov_056 | 1.2371795681110788 × 10^292 |
| 57 | ov_057 | 7.378888409059248 × 10^291 |
| 58 | ov_058 | 4.0491938473521976 × 10^291 |
| 59 | ov_059 | 1.9685732971644817 × 10^291 |
| 60 | ov_060 | 7.971803960330265 × 10^290 |
| 61 | ov_061 | 2.6945836280132437 × 10^290 |
| 62 | ov_062 | 7.213675894393977 × 10^289 |
| 63 | ov_063 | 1.594508104826502 × 10^289 |
| 64 | lv_79_m31 | 3.104616804484369 × 10^288 |
| 65 | ov_065 | 3.664551440597157 × 10^289 |
| 66 | ov_066 | 3.6645420043090575 × 10^289 |
| 67 | ov_067 | 3.664539787341306 × 10^289 |
| 68 | ov_068 | 3.162204053245855 × 10^289 |
| 69 | ov_069 | 2.713796095476451 × 10^289 |
| 70 | ov_070 | 2.315214371330538 × 10^289 |
| 71 | ov_071 | 1.962552851362012 × 10^289 |
| 72 | ov_072 | 1.6520911707690792 × 10^289 |
| 73 | ov_073 | 1.3802868555339085 × 10^289 |
| 74 | ov_074 | 1.1437689933306526 × 10^289 |
| 75 | ov_075 | 9.393328170821394 × 10^288 |
| 76 | ov_076 | 7.639348917747425 × 10^288 |
| 77 | ov_077 | 6.146888058514942 × 10^288 |
| 78 | ov_078 | 4.888613378015756 × 10^288 |
| 79 | ov_079 | 3.838690690476119 × 10^288 |
| 80 | ov_080 | 2.972754146004967 × 10^288 |
| 81 | ov_081 | 2.2678804322751004 × 10^288 |
| 82 | ov_082 | 1.702566590838134 × 10^288 |
| 83 | ov_083 | 1.2567111690745289 × 10^288 |
| 84 | ov_084 | 9.11598429871155 × 10^287 |
| 85 | ov_085 | 6.498853418960161 × 10^287 |
| 86 | ov_086 | 4.555910738750462 × 10^287 |
| 87 | ov_087 | 3.1408871662899436 × 10^287 |
| 88 | ov_088 | 2.1209895684904167 × 10^287 |
| 89 | ov_089 | 1.3768542671831125 × 10^287 |
| 90 | ov_090 | 8.521519352418321 × 10^286 |
| 91 | ov_091 | 4.972451729713187 × 10^286 |
| 92 | ov_092 | 2.691803433374749 × 10^286 |
| 93 | ov_093 | 1.316829833810109 × 10^286 |
| 94 | ov_094 | 5.515555016149495 × 10^285 |
| 95 | aaa_78_28 | 1.667650081145045 × 10^285 |
| 96 | aaa_78_29 | 4.955510119282498 × 10^284 |
| 97 | ov_097 | 2.788209846892049 × 10^284 |
| 98 | ov_098 | 2.788164551383233 × 10^284 |
| 99 | ov_099 | 2.7881500992648374 × 10^284 |
| 100 | ov_100 | 2.276794436472859 × 10^284 |
| 101 | ov_101 | 1.8540117612179432 × 10^284 |
| 102 | ov_102 | 1.508632337898493 × 10^284 |
| 103 | ov_103 | 1.2300938537123914 × 10^284 |
| 104 | ov_104 | 1.0083970784768756 × 10^284 |
| 105 | ov_105 | 8.340674517095721 × 10^283 |
| 106 | ov_106 | 6.981220441637396 × 10^283 |
| 107 | ov_107 | 5.920413688408597 × 10^283 |
| 108 | ov_108 | 5.077455434482025 × 10^283 |
| 109 | ov_109 | 4.375743325253707 × 10^283 |
| 110 | ov_110 | 3.7427062319840794 × 10^283 |
| 111 | ov_111 | 3.174556981698003 × 10^283 |
| 112 | ov_112 | 2.667594875079073 × 10^283 |
| 113 | ov_113 | 2.2181866796735906 × 10^283 |
| 114 | ov_114 | 1.8227508354075935 × 10^283 |
| 115 | ov_115 | 1.477744625847353 × 10^283 |
| 116 | ov_116 | 1.1796540689491484 × 10^283 |
| 117 | ov_117 | 9.249862812715133 × 10^282 |
| 118 | ov_118 | 7.102638374186241 × 10^282 |
| 119 | ov_119 | 5.320204449331555 × 10^282 |
| 120 | ov_120 | 3.867975487075425 × 10^282 |
| 121 | ov_121 | 2.7114174209351967 × 10^282 |
| 122 | ov_122 | 1.8160286190690883 × 10^282 |
| 123 | ov_123 | 1.1473264453100889 × 10^282 |
| 124 | ov_124 | 6.708382032173925 × 10^281 |
| 125 | ov_125 | 3.5209553261706005 × 10^281 |
| 126 | ov_126 | 1.566315551095031 × 10^281 |
| 127 | aaa_77_28 | 4.997977999982622 × 10^280 |
| 128 | aaa_77_29 | 1.8716887777882552 × 10^280 |
| 129 | ov_129 | 1.712688311919438 × 10^280 |
| 130 | ov_130 | 1.712683063320779 × 10^280 |
| 131 | ov_131 | 1.7126817971696073 × 10^280 |
| 132 | ov_132 | 1.4800612445607433 × 10^280 |
| 133 | ov_133 | 1.2721931799992807 × 10^280 |
| 134 | ov_134 | 1.0871951073040467 × 10^280 |
| 135 | ov_135 | 9.232823870893979 × 10^279 |
| 136 | ov_136 | 7.787612031216178 × 10^279 |
| 137 | ov_137 | 6.520225844935321 × 10^279 |
| 138 | ov_138 | 5.415373768176583 × 10^279 |
| 139 | ov_139 | 4.458520609605224 × 10^279 |
| 140 | ov_140 | 3.6358532303502773 × 10^279 |
| 141 | ov_141 | 2.9342528446793574 × 10^279 |
| 142 | ov_142 | 2.3412730599348814 × 10^279 |
| 143 | ov_143 | 1.845122844131605 × 10^279 |
| 144 | ov_144 | 1.4346536592076835 × 10^279 |
| 145 | ov_145 | 1.0993500473181805 × 10^279 |
| 146 | ov_146 | 8.293230068225499 × 10^278 |
| 147 | ov_147 | 6.153055437811401 × 10^278 |
| 148 | ov_148 | 4.486498338608707 × 10^278 |
| 149 | ov_149 | 3.2132547857425162 × 10^278 |
| 150 | ov_150 | 2.2591841183104237 × 10^278 |
| 151 | ov_151 | 1.5563014791837958 × 10^278 |
| 152 | ov_152 | 1.0427722495125881 × 10^278 |
| 153 | ov_153 | 6.629079625908093 × 10^277 |
| 154 | ov_154 | 3.9040049715217425 × 10^277 |
| 155 | ov_155 | 2.0201280081769578 × 10^277 |
| 156 | aaa_76_25 | 7.75782154735438 × 10^276 |
| 157 | aaa_76_26 | 4.474878748288815 × 10^276 |
| 158 | aaa_76_27 | 2.2876620416424825 × 10^276 |
| 159 | aaa_76_28 | 8.892050691904413 × 10^275 |
| 160 | aaa_76_29 | 2.69956459624589 × 10^275 |

### Output Bits Sorted by Complexity

| Rank | Output Bit | Complexity |
|:----:|:----------:|:----------:|
| 160 | aaa_76_29 | 2.69956459624589 × 10^275 |
| 159 | aaa_76_28 | 8.892050691904413 × 10^275 |
| 158 | aaa_76_27 | 2.2876620416424825 × 10^276 |
| 157 | aaa_76_26 | 4.474878748288815 × 10^276 |
| 156 | aaa_76_25 | 7.75782154735438 × 10^276 |
| 155 | ov_155 | 2.0201280081769578 × 10^277 |
| 154 | ov_154 | 3.9040049715217425 × 10^277 |
| 153 | ov_153 | 6.629079625908093 × 10^277 |
| 152 | ov_152 | 1.0427722495125881 × 10^278 |
| 151 | ov_151 | 1.5563014791837958 × 10^278 |
| 150 | ov_150 | 2.2591841183104237 × 10^278 |
| 149 | ov_149 | 3.2132547857425162 × 10^278 |
| 148 | ov_148 | 4.486498338608707 × 10^278 |
| 147 | ov_147 | 6.153055437811401 × 10^278 |
| 146 | ov_146 | 8.293230068225499 × 10^278 |
| 145 | ov_145 | 1.0993500473181805 × 10^279 |
| 144 | ov_144 | 1.4346536592076835 × 10^279 |
| 143 | ov_143 | 1.845122844131605 × 10^279 |
| 142 | ov_142 | 2.3412730599348814 × 10^279 |
| 141 | ov_141 | 2.9342528446793574 × 10^279 |
| 140 | ov_140 | 3.6358532303502773 × 10^279 |
| 139 | ov_139 | 4.458520609605224 × 10^279 |
| 138 | ov_138 | 5.415373768176583 × 10^279 |
| 137 | ov_137 | 6.520225844935321 × 10^279 |
| 136 | ov_136 | 7.787612031216178 × 10^279 |
| 135 | ov_135 | 9.232823870893979 × 10^279 |
| 134 | ov_134 | 1.0871951073040467 × 10^280 |
| 133 | ov_133 | 1.2721931799992807 × 10^280 |
| 132 | ov_132 | 1.4800612445607433 × 10^280 |
| 131 | ov_131 | 1.7126817971696073 × 10^280 |
| 130 | ov_130 | 1.712683063320779 × 10^280 |
| 129 | ov_129 | 1.712688311919438 × 10^280 |
| 128 | aaa_77_29 | 1.8716887777882552 × 10^280 |
| 127 | aaa_77_28 | 4.997977999982622 × 10^280 |
| 126 | ov_126 | 1.566315551095031 × 10^281 |
| 125 | ov_125 | 3.5209553261706005 × 10^281 |
| 124 | ov_124 | 6.708382032173925 × 10^281 |
| 123 | ov_123 | 1.1473264453100889 × 10^282 |
| 122 | ov_122 | 1.8160286190690883 × 10^282 |
| 121 | ov_121 | 2.7114174209351967 × 10^282 |
| 120 | ov_120 | 3.867975487075425 × 10^282 |
| 119 | ov_119 | 5.320204449331555 × 10^282 |
| 118 | ov_118 | 7.102638374186241 × 10^282 |
| 117 | ov_117 | 9.249862812715133 × 10^282 |
| 116 | ov_116 | 1.1796540689491484 × 10^283 |
| 115 | ov_115 | 1.477744625847353 × 10^283 |
| 114 | ov_114 | 1.8227508354075935 × 10^283 |
| 113 | ov_113 | 2.2181866796735906 × 10^283 |
| 112 | ov_112 | 2.667594875079073 × 10^283 |
| 111 | ov_111 | 3.174556981698003 × 10^283 |
| 110 | ov_110 | 3.7427062319840794 × 10^283 |
| 109 | ov_109 | 4.375743325253707 × 10^283 |
| 108 | ov_108 | 5.077455434482025 × 10^283 |
| 107 | ov_107 | 5.920413688408597 × 10^283 |
| 106 | ov_106 | 6.981220441637396 × 10^283 |
| 105 | ov_105 | 8.340674517095721 × 10^283 |
| 104 | ov_104 | 1.0083970784768756 × 10^284 |
| 103 | ov_103 | 1.2300938537123914 × 10^284 |
| 102 | ov_102 | 1.508632337898493 × 10^284 |
| 101 | ov_101 | 1.8540117612179432 × 10^284 |
| 100 | ov_100 | 2.276794436472859 × 10^284 |
| 99 | ov_099 | 2.7881500992648374 × 10^284 |
| 98 | ov_098 | 2.788164551383233 × 10^284 |
| 97 | ov_097 | 2.788209846892049 × 10^284 |
| 96 | aaa_78_29 | 4.955510119282498 × 10^284 |
| 95 | aaa_78_28 | 1.667650081145045 × 10^285 |
| 94 | ov_094 | 5.515555016149495 × 10^285 |
| 93 | ov_093 | 1.316829833810109 × 10^286 |
| 92 | ov_092 | 2.691803433374749 × 10^286 |
| 91 | ov_091 | 4.972451729713187 × 10^286 |
| 90 | ov_090 | 8.521519352418321 × 10^286 |
| 89 | ov_089 | 1.3768542671831125 × 10^287 |
| 88 | ov_088 | 2.1209895684904167 × 10^287 |
| 87 | ov_087 | 3.1408871662899436 × 10^287 |
| 86 | ov_086 | 4.555910738750462 × 10^287 |
| 85 | ov_085 | 6.498853418960161 × 10^287 |
| 84 | ov_084 | 9.11598429871155 × 10^287 |
| 83 | ov_083 | 1.2567111690745289 × 10^288 |
| 82 | ov_082 | 1.702566590838134 × 10^288 |
| 81 | ov_081 | 2.2678804322751004 × 10^288 |
| 80 | ov_080 | 2.972754146004967 × 10^288 |
| 64 | lv_79_m31 | 3.104616804484369 × 10^288 |
| 79 | ov_079 | 3.838690690476119 × 10^288 |
| 78 | ov_078 | 4.888613378015756 × 10^288 |
| 77 | ov_077 | 6.146888058514942 × 10^288 |
| 76 | ov_076 | 7.639348917747425 × 10^288 |
| 75 | ov_075 | 9.393328170821394 × 10^288 |
| 74 | ov_074 | 1.1437689933306526 × 10^289 |
| 73 | ov_073 | 1.3802868555339085 × 10^289 |
| 63 | ov_063 | 1.594508104826502 × 10^289 |
| 72 | ov_072 | 1.6520911707690792 × 10^289 |
| 71 | ov_071 | 1.962552851362012 × 10^289 |
| 70 | ov_070 | 2.315214371330538 × 10^289 |
| 69 | ov_069 | 2.713796095476451 × 10^289 |
| 68 | ov_068 | 3.162204053245855 × 10^289 |
| 67 | ov_067 | 3.664539787341306 × 10^289 |
| 66 | ov_066 | 3.6645420043090575 × 10^289 |
| 65 | ov_065 | 3.664551440597157 × 10^289 |
| 62 | ov_062 | 7.213675894393977 × 10^289 |
| 61 | ov_061 | 2.6945836280132437 × 10^290 |
| 60 | ov_060 | 7.971803960330265 × 10^290 |
| 59 | ov_059 | 1.9685732971644817 × 10^291 |
| 58 | ov_058 | 4.0491938473521976 × 10^291 |
| 57 | ov_057 | 7.378888409059248 × 10^291 |
| 56 | ov_056 | 1.2371795681110788 × 10^292 |
| 55 | ov_055 | 1.9516354380159599 × 10^292 |
| 54 | ov_054 | 2.9375320260505594 × 10^292 |
| 53 | ov_053 | 4.258579902188441 × 10^292 |
| 52 | ov_052 | 5.985930427400953 × 10^292 |
| 51 | ov_051 | 8.269336600682861 × 10^292 |
| 50 | ov_050 | 1.127346660180238 × 10^293 |
| 49 | ov_049 | 1.5177939903459946 × 10^293 |
| 48 | ov_048 | 2.017737908667901 × 10^293 |
| 47 | ov_047 | 2.6481482161631687 × 10^293 |
| 32 | lv_80_m31 | 3.18829776105796 × 10^293 |
| 46 | ov_046 | 3.4315122489022765 × 10^293 |
| 45 | ov_045 | 4.3918485892748965 × 10^293 |
| 44 | ov_044 | 5.542331530415221 × 10^293 |
| 43 | ov_043 | 6.91010384756375 × 10^293 |
| 42 | ov_042 | 8.523914715533067 × 10^293 |
| 41 | ov_041 | 1.0414160544191881 × 10^294 |
| 40 | ov_040 | 1.2597320485481763 × 10^294 |
| 39 | ov_039 | 1.509077199325081 × 10^294 |
| 31 | ov_031 | 1.634739486207979 × 10^294 |
| 38 | ov_038 | 1.791283306437197 × 10^294 |
| 37 | ov_037 | 2.1101130825651465 × 10^294 |
| 36 | ov_036 | 2.4695334642668966 × 10^294 |
| 35 | ov_035 | 2.873728654136599 × 10^294 |
| 34 | ov_034 | 3.327115373718752 × 10^294 |
| 33 | ov_033 | 3.834360564461208 × 10^294 |
| 30 | ov_030 | 8.380834662201434 × 10^294 |
| 29 | ov_029 | 2.74156244979553 × 10^295 |
| 28 | ov_028 | 7.115714538603988 × 10^295 |
| 27 | ov_027 | 1.5905084114104466 × 10^296 |
| 26 | ov_026 | 3.180768272728942 × 10^296 |
| 25 | ov_025 | 5.827499760220344 × 10^296 |
| 24 | ov_024 | 9.951202389997116 × 10^296 |
| 23 | ov_023 | 1.6047736258911523 × 10^297 |
| 22 | ov_022 | 2.5184206385142122 × 10^297 |
| 21 | ov_021 | 3.857853695013232 × 10^297 |
| 20 | ov_020 | 5.759960744039182 × 10^297 |
| 19 | ov_019 | 8.37674766099437 × 10^297 |
| 18 | ov_018 | 1.1875372442388316 × 10^298 |
| 17 | ov_017 | 1.643819480875075 × 10^298 |
| 16 | ov_016 | 2.2262845421052062 × 10^298 |
| 15 | ov_015 | 2.956231951030112 × 10^298 |
| 14 | ov_014 | 3.856510102660846 × 10^298 |
| 13 | ov_013 | 4.951532621878843 × 10^298 |
| 12 | ov_012 | 6.267299858501034 × 10^298 |
| 11 | ov_011 | 7.8314268967062 × 10^298 |
| 10 | ov_010 | 9.673179575933791 × 10^298 |
| 9 | ov_009 | 1.1823520140729969 × 10^299 |
| 8 | ov_008 | 1.4315164258084587 × 10^299 |
| 7 | ov_007 | 1.7182651138900157 × 10^299 |
| 6 | ov_006 | 2.0462428375703876 × 10^299 |
| 5 | ov_005 | 2.4192953233817336 × 10^299 |
| 4 | ov_004 | 2.841481250847578 × 10^299 |
| 3 | ov_003 | 3.317086315851137 × 10^299 |
| 2 | ov_002 | 3.850639558416268 × 10^299 |
| 1 | ov_001 | 4.446932105188314 × 10^299 |

