# Results for F001-F002-F003-F004-F005-F006-F007-F008-F009-F010-F011-F012-F013-F014-F015-F016-F017-F018-F019-F020-F021-F022-F023-F024-F025-F026-F027-F028-F029-F030-F031-F032-F033-F034-F035-F036-F037-F038-F039-F040-F041-F042-F043-F044-F045-F046-F047-F048-F049-F050-F051-F052-F053-F054-F055-F056-F057-F058-F059-F060-F061-F062-F063-F064-F065-F066-F067-F068-F069-F070-F071-F072-F073-F074-F075-F076-F077-F078-F079-F080-F081-F082-F083-F084-F085-F086-F087-F088-F089-F090-F091-F092-F093-F094-F095-F096-F097-F098-F099-F100-F101-F102-F103-F104-F105-F106-F107-F108-F109-F110-F111-F112-F113-F114-F115-F116-F117-F118-F119-F120-F121-F122-F123-F124-F125-F126-F127-F128-F129-F130-F131-F132-F133-F134-F135-F136-F137-F138-F139-F140-F141-F142-F143-F144-F145-F146-F147-F148-F149-F150-F151-F152-F153-F154-F155-F156-F157-F158-F159-F160-F161-F162-F163-F164-F165-F166-F167-F168-F169-F170-F171-F172-F173-F174-F175-F176-F177-F178-F179-F180-F181-F182-F183-F184-F185-F186-F187-F188-F189-F190-F191-F192-F193-F194-F195-F196-F197-F198-F199-F200-F201-F202-F203-F204-F205-F206-F207-F208-F209-F210-F211-F212-F213-F214-F215-F216-F217-F218-F219-F220-F221-F222-F223-F224-F225-F226-F227-F228-F229-F230-F231-F232-F233-F234-F235-F236-F237-F238-F239-F240-F241-F242-F243-F244-F245-F246-F247-F248-F249-F250-F251-F252-F253-F254-F255-F256-F257-F258-F259-F260-F261-F262-F263-F264-F265-F266-F267-F268-F269-F270-F271-F272-F273-F274-F275-F276-F277-F278-F279-F280-F281-F282-F283-F284-F285-F286-F287-F288-F289-F290-F291-F292-F293-F294-F295-F296-F297-F298-F299-F300-F301-F302-F303-F304-F305-F306-F307-F308-F309-F310-F311-F312-F313-F314-F315-F316-F317-F318-F319-F320-F321-F322-F323-F324-F325-F326-F327-F328-F329-F330-F331-F332-F333-F334-F335-F336-F337-F338-F339-F340-F341-F342-F343-F344-F345-F346-F347-F348-F349-F350-F351-F352-F353-F354-F355-F356-F357-F358-F359-F360-F361-F362-F363-F364-F365-F366-F367-F368-F369-F370-F371-F372-F373-F374-F375-F376-F377-F378-F379-F380-F381-F382-F383-F384-F385-F386-F387-F388-F389-F390-F391-F392-F393-F394-F395-F396-F397-F398-F399-F400-F401-F402-F403-F404-F405-F406-F407-F408-F409-F410-F411-F412-F413-F414-F415-F416-F417-F418-F419-F420-F421-F422-F423-F424-F425-F426-F427-F428-F429-F430-F431-F432-F433-F434-F435-F436-F437-F438-F439-F440-F441-F442-F443-F444-F445-F446-F447-F448-F449-F450-F451-F452-F453-F454-F455-F456-F457-F458-F459-F460-F461-F462-F463-F464-F465-F466-F467-F468-F469-F470-F471-F472-F473-F474-F475-F476-F477-F478-F479-F480-F481-F482-F483-F484-F485-F486-F487-F488-F489-F490-F491-F492-F493-F494-F495-F496-O500501-F507-F508-F509-F510-F512

## Summary

Number of input bits: 512  
Number of free input bits: 10  
Number of output bits: 160

Number of direct occurrences: 41325  
Number of assignments: 31290  
Number of operations: 11256946
(xor: 11228467,
and: 15241,
or: 13238)

Total complexity: 6.710182846533872 × 10^301

Least occurring input variable: iv_499 (3979)  
Most occurring input variable: iv_511 (4408)

Most co-occurring input variables: iv_500-iv_511 (2042)  
Least co-occurring input variables: iv_499-iv_506 (1841)

Potentially most occurring input variable: iv_506/iv_511 (4580)  
Potentially least occurring input variable: iv_498/iv_504 (4180)

Least output occurring input variable: iv_503 (70)  
Most output occurring input variable: iv_502 (86)

Most output co-occurring input variables: iv_498-iv_502 (48)  
Least output co-occurring input variables: iv_503-iv_506 (30)

Potentially most output occurring input variable: iv_502/iv_505 (91)  
Potentially least output occurring input variable: iv_497/iv_498 (70)

Least complex input bit: iv_511 (3.850691852981858 × 10^296)  
Most complex input bit: iv_505 (2.365830858866232 × 10^301)

Least complex output bit: aaa_76_29 (3.934963796749505 × 10^276)  
Most complex output bit: ov_001 (1.0490070082797562 × 10^301)

Least complex input/output complexity: iv_511/aaa_76_29 (2.258110304959688 × 10^271)  
Most complex input/output complexity: iv_505/ov_001 (3.6985179213665456 × 10^300)

## Input Bits

### Input Bits in Regular Order

| Input Bit | Complexity | Occurrences | Output Occurrences |
|:---------:|:----------:|:-----------:|:------------------:|
| iv_497 | 2.2478370274695463 × 10^299 | 4129 | 73 |
| iv_498 | 3.4258970511553025 × 10^299 | 4028 | 85 |
| iv_499 | 6.206180165576092 × 10^299 | 3979 | 78 |
| iv_500 | 4.017917795538292 × 10^300 | 4245 | 73 |
| iv_502 | 5.9288920982963336 × 10^300 | 4089 | 86 |
| iv_503 | 1.0658053794870823 × 10^301 | 4134 | 70 |
| iv_504 | 1.7892994259145333 × 10^301 | 4114 | 80 |
| iv_505 | 2.365830858866232 × 10^301 | 4111 | 79 |
| iv_506 | 3.75728543522026 × 10^300 | 4088 | 73 |
| iv_511 | 3.850691852981858 × 10^296 | 4408 | 78 |

### Input Bits Sorted by Complexity

| Input Bit | Complexity | Occurrences | Output Occurrences |
|:---------:|:----------:|:-----------:|:------------------:|
| iv_511 | 3.850691852981858 × 10^296 | 4408 | 78 |
| iv_497 | 2.2478370274695463 × 10^299 | 4129 | 73 |
| iv_498 | 3.4258970511553025 × 10^299 | 4028 | 85 |
| iv_499 | 6.206180165576092 × 10^299 | 3979 | 78 |
| iv_506 | 3.75728543522026 × 10^300 | 4088 | 73 |
| iv_500 | 4.017917795538292 × 10^300 | 4245 | 73 |
| iv_502 | 5.9288920982963336 × 10^300 | 4089 | 86 |
| iv_503 | 1.0658053794870823 × 10^301 | 4134 | 70 |
| iv_504 | 1.7892994259145333 × 10^301 | 4114 | 80 |
| iv_505 | 2.365830858866232 × 10^301 | 4111 | 79 |

### Input Bits Sorted by Occurrences

| Input Bit | Complexity | Occurrences | Output Occurrences |
|:---------:|:----------:|:-----------:|:------------------:|
| iv_499 | 6.206180165576092 × 10^299 | 3979 | 78 |
| iv_498 | 3.4258970511553025 × 10^299 | 4028 | 85 |
| iv_506 | 3.75728543522026 × 10^300 | 4088 | 73 |
| iv_502 | 5.9288920982963336 × 10^300 | 4089 | 86 |
| iv_505 | 2.365830858866232 × 10^301 | 4111 | 79 |
| iv_504 | 1.7892994259145333 × 10^301 | 4114 | 80 |
| iv_497 | 2.2478370274695463 × 10^299 | 4129 | 73 |
| iv_503 | 1.0658053794870823 × 10^301 | 4134 | 70 |
| iv_500 | 4.017917795538292 × 10^300 | 4245 | 73 |
| iv_511 | 3.850691852981858 × 10^296 | 4408 | 78 |

### Input Bits Sorted by Output Occurrences

| Input Bit | Complexity | Occurrences | Output Occurrences |
|:---------:|:----------:|:-----------:|:------------------:|
| iv_503 | 1.0658053794870823 × 10^301 | 4134 | 70 |
| iv_497 | 2.2478370274695463 × 10^299 | 4129 | 73 |
| iv_500 | 4.017917795538292 × 10^300 | 4245 | 73 |
| iv_506 | 3.75728543522026 × 10^300 | 4088 | 73 |
| iv_499 | 6.206180165576092 × 10^299 | 3979 | 78 |
| iv_511 | 3.850691852981858 × 10^296 | 4408 | 78 |
| iv_505 | 2.365830858866232 × 10^301 | 4111 | 79 |
| iv_504 | 1.7892994259145333 × 10^301 | 4114 | 80 |
| iv_498 | 3.4258970511553025 × 10^299 | 4028 | 85 |
| iv_502 | 5.9288920982963336 × 10^300 | 4089 | 86 |

## Input Bit Co-occurrences

### Input Bit Co-occurrences Sorted by Co-occurrences

| Input Bits | Co-occurrences | Potential Occurrences | Output Co-occurrences | Potential Output Occurrences |
|:----------:|:--------------:|:---------------------:|:---------------------:|:----------------------------:|
| iv_500-iv_511 | 2042 | 4569 | 39 | 73 |
| iv_504-iv_511 | 2038 | 4446 | 37 | 84 |
| iv_503-iv_511 | 2031 | 4480 | 33 | 82 |
| iv_505-iv_511 | 2028 | 4463 | 39 | 79 |
| iv_497-iv_511 | 2020 | 4497 | 39 | 73 |
| iv_503-iv_505 | 2004 | 4237 | 32 | 85 |
| iv_497-iv_505 | 1991 | 4258 | 36 | 80 |
| iv_497-iv_500 | 1991 | 4392 | 32 | 82 |
| iv_500-iv_504 | 1981 | 4397 | 36 | 81 |
| iv_498-iv_504 | 1981 | 4180 | 40 | 85 |

### Input Bit Co-occurrences Sorted by Potential Occurrences

| Input Bits | Co-occurrences | Potential Occurrences | Output Co-occurrences | Potential Output Occurrences |
|:----------:|:--------------:|:---------------------:|:---------------------:|:----------------------------:|
| iv_498-iv_504 | 1981 | 4180 | 40 | 85 |
| iv_499-iv_504 | 1952 | 4189 | 40 | 78 |
| iv_499-iv_502 | 1923 | 4222 | 38 | 88 |
| iv_503-iv_505 | 2004 | 4237 | 32 | 85 |
| iv_498-iv_505 | 1941 | 4257 | 42 | 80 |
| iv_497-iv_505 | 1991 | 4258 | 36 | 80 |
| iv_497-iv_502 | 1978 | 4262 | 40 | 79 |
| iv_499-iv_505 | 1912 | 4266 | 39 | 79 |
| iv_504-iv_505 | 1979 | 4267 | 42 | 75 |
| iv_498-iv_506 | 1924 | 4268 | 39 | 80 |

### Input Bit Output Co-occurrences Sorted by Output Co-occurrences

| Input Bits | Co-occurrences | Potential Occurrences | Output Co-occurrences | Potential Output Occurrences |
|:----------:|:--------------:|:---------------------:|:---------------------:|:----------------------------:|
| iv_498-iv_502 | 1897 | 4323 | 48 | 75 |
| iv_502-iv_504 | 1961 | 4281 | 47 | 72 |
| iv_497-iv_498 | 1905 | 4347 | 44 | 70 |
| iv_498-iv_500 | 1933 | 4407 | 42 | 74 |
| iv_498-iv_505 | 1941 | 4257 | 42 | 80 |
| iv_502-iv_511 | 1970 | 4557 | 42 | 80 |
| iv_504-iv_505 | 1979 | 4267 | 42 | 75 |
| iv_505-iv_506 | 1906 | 4387 | 41 | 70 |
| iv_500-iv_502 | 1937 | 4460 | 41 | 77 |
| iv_498-iv_503 | 1896 | 4370 | 40 | 75 |

### Input Bit Output Co-occurrences Sorted by Potential Output Occurrences

| Input Bits | Co-occurrences | Potential Occurrences | Output Co-occurrences | Potential Output Occurrences |
|:----------:|:--------------:|:---------------------:|:---------------------:|:----------------------------:|
| iv_497-iv_498 | 1905 | 4347 | 44 | 70 |
| iv_497-iv_506 | 1917 | 4383 | 38 | 70 |
| iv_505-iv_506 | 1906 | 4387 | 41 | 70 |
| iv_502-iv_504 | 1961 | 4281 | 47 | 72 |
| iv_497-iv_511 | 2020 | 4497 | 39 | 73 |
| iv_500-iv_503 | 1976 | 4427 | 35 | 73 |
| iv_500-iv_511 | 2042 | 4569 | 39 | 73 |
| iv_498-iv_500 | 1933 | 4407 | 42 | 74 |
| iv_500-iv_505 | 1935 | 4486 | 39 | 74 |
| iv_498-iv_503 | 1896 | 4370 | 40 | 75 |

## Output Bits

### Output Bits in Regular Order

| Rank | Output Bit | Complexity |
|:----:|:----------:|:----------:|
| 1 | ov_001 | 1.0490070082797562 × 10^301 |
| 2 | ov_002 | 9.128189603853761 × 10^300 |
| 3 | ov_003 | 7.905495030408879 × 10^300 |
| 4 | ov_004 | 6.811555677646137 × 10^300 |
| 5 | ov_005 | 5.836512577159842 × 10^300 |
| 6 | ov_006 | 4.971037249311158 × 10^300 |
| 7 | ov_007 | 4.206295842816698 × 10^300 |
| 8 | ov_008 | 3.533918317096389 × 10^300 |
| 9 | ov_009 | 2.9459722644019406 × 10^300 |
| 10 | ov_010 | 2.434940894925097 × 10^300 |
| 11 | ov_011 | 1.993704702694202 × 10^300 |
| 12 | ov_012 | 1.615526357701287 × 10^300 |
| 13 | ov_013 | 1.294038396805558 × 10^300 |
| 14 | ov_014 | 1.0232333126500617 × 10^300 |
| 15 | ov_015 | 7.974556662019302 × 10^299 |
| 16 | ov_016 | 6.113958746591425 × 10^299 |
| 17 | ov_017 | 4.60085352418852 × 10^299 |
| 18 | ov_018 | 3.388927239395337 × 10^299 |
| 19 | ov_019 | 2.4352089740644334 × 10^299 |
| 20 | ov_020 | 1.7000485332334864 × 10^299 |
| 21 | ov_021 | 1.147100318957001 × 10^299 |
| 22 | ov_022 | 7.433120696094884 × 10^298 |
| 23 | ov_023 | 4.5891729186802776 × 10^298 |
| 24 | ov_024 | 2.674303405249808 × 10^298 |
| 25 | ov_025 | 1.4564340754078684 × 10^298 |
| 26 | ov_026 | 7.362487252791893 × 10^297 |
| 27 | ov_027 | 3.471852657667293 × 10^297 |
| 28 | ov_028 | 1.554326619418824 × 10^297 |
| 29 | ov_029 | 5.992994781955731 × 10^296 |
| 30 | ov_030 | 1.8334106477468782 × 10^296 |
| 31 | ov_031 | 3.5793858908177484 × 10^295 |
| 32 | lv_80_m31 | 6.987521412843682 × 10^294 |
| 33 | ov_033 | 8.374162522811352 × 10^295 |
| 34 | ov_034 | 7.27653650869111 × 10^295 |
| 35 | ov_035 | 6.293248494996428 × 10^295 |
| 36 | ov_036 | 5.41419488433402 × 10^295 |
| 37 | ov_037 | 4.6298175588474844 × 10^295 |
| 38 | ov_038 | 3.9310654175119686 × 10^295 |
| 39 | ov_039 | 3.30936114377317 × 10^295 |
| 40 | ov_040 | 2.760530682264552 × 10^295 |
| 41 | ov_041 | 2.2806160531516793 × 10^295 |
| 42 | ov_042 | 1.8658642327533642 × 10^295 |
| 43 | ov_043 | 1.5127178257823094 × 10^295 |
| 44 | ov_044 | 1.2146193431562132 × 10^295 |
| 45 | ov_045 | 9.653692105263364 × 10^294 |
| 46 | ov_046 | 7.591165074773515 × 10^294 |
| 47 | ov_047 | 5.90351616317002 × 10^294 |
| 48 | ov_048 | 4.53900472495339 × 10^294 |
| 49 | ov_049 | 3.449201318372389 × 10^294 |
| 50 | ov_050 | 2.588953928066916 × 10^294 |
| 51 | ov_051 | 1.9163624703862657 × 10^294 |
| 52 | ov_052 | 1.3927598903753905 × 10^294 |
| 53 | ov_053 | 9.826986928480406 × 10^293 |
| 54 | ov_054 | 6.6925864599440014 × 10^293 |
| 55 | ov_055 | 4.371230248357174 × 10^293 |
| 56 | ov_056 | 2.7257646985126543 × 10^293 |
| 57 | ov_057 | 1.6350371157401238 × 10^293 |
| 58 | ov_058 | 9.047191753692286 × 10^292 |
| 59 | ov_059 | 4.456416288343609 × 10^292 |
| 60 | ov_060 | 1.8462333240901985 × 10^292 |
| 61 | ov_061 | 6.447062526739588 × 10^291 |
| 62 | ov_062 | 1.7679825934560276 × 10^291 |
| 63 | ov_063 | 3.4446437378399196 × 10^290 |
| 64 | lv_79_m31 | 6.709759415947324 × 10^289 |
| 65 | ov_065 | 7.981186064491447 × 10^290 |
| 66 | ov_066 | 7.981164493656282 × 10^290 |
| 67 | ov_067 | 7.981159376478115 × 10^290 |
| 68 | ov_068 | 6.902865355796459 × 10^290 |
| 69 | ov_069 | 5.9388571935951095 × 10^290 |
| 70 | ov_070 | 5.080566098126414 × 10^290 |
| 71 | ov_071 | 4.319826127272192 × 10^290 |
| 72 | ov_072 | 3.64885018546589 × 10^290 |
| 73 | ov_073 | 3.0602112103537107 × 10^290 |
| 74 | ov_074 | 2.5468276257648086 × 10^290 |
| 75 | ov_075 | 2.1019521862272254 × 10^290 |
| 76 | ov_076 | 1.7191633851193715 × 10^290 |
| 77 | ov_077 | 1.3923586439148286 × 10^290 |
| 78 | ov_078 | 1.1157486230840813 × 10^290 |
| 79 | ov_079 | 8.83852270044851 × 10^289 |
| 80 | ov_080 | 6.914924780813654 × 10^289 |
| 81 | ov_081 | 5.337923148042394 × 10^289 |
| 82 | ov_082 | 4.0617177906623106 × 10^289 |
| 83 | ov_083 | 3.0434504550598327 × 10^289 |
| 84 | ov_084 | 2.243181560777052 × 10^289 |
| 85 | ov_085 | 1.6238711805287865 × 10^289 |
| 86 | ov_086 | 1.1513636806400658 × 10^289 |
| 87 | ov_087 | 7.943756181326299 × 10^288 |
| 88 | ov_088 | 5.2448649101108674 × 10^288 |
| 89 | ov_089 | 3.282007930301705 × 10^288 |
| 90 | ov_090 | 1.9344966964560864 × 10^288 |
| 91 | ov_091 | 1.095890028178398 × 10^288 |
| 92 | ov_092 | 5.96005124025742 × 10^287 |
| 93 | ov_093 | 2.9311330854841235 × 10^287 |
| 94 | ov_094 | 1.2346295110603111 × 10^287 |
| 95 | aaa_78_28 | 3.7526489130922094 × 10^286 |
| 96 | aaa_78_29 | 1.1240946884069752 × 10^286 |
| 97 | ov_097 | 5.85333375789785 × 10^285 |
| 98 | ov_098 | 5.853267458527045 × 10^285 |
| 99 | ov_099 | 5.85324629798772 × 10^285 |
| 100 | ov_100 | 4.8092072748026406 × 10^285 |
| 101 | ov_101 | 3.9219804757059434 × 10^285 |
| 102 | ov_102 | 3.17515785876043 × 10^285 |
| 103 | ov_103 | 2.553227793449227 × 10^285 |
| 104 | ov_104 | 2.0415099764207853 × 10^285 |
| 105 | ov_105 | 1.6260989510478558 × 10^285 |
| 106 | ov_106 | 1.2938154270616221 × 10^285 |
| 107 | ov_107 | 1.0321646380049312 × 10^285 |
| 108 | ov_108 | 8.293010142644402 × 10^284 |
| 109 | ov_109 | 6.73998488280768 × 10^284 |
| 110 | ov_110 | 5.556257864468242 × 10^284 |
| 111 | ov_111 | 4.64126099398932 × 10^284 |
| 112 | ov_112 | 3.90000559059263 × 10^284 |
| 113 | ov_113 | 3.2429498704476482 × 10^284 |
| 114 | ov_114 | 2.6648334461835606 × 10^284 |
| 115 | ov_115 | 2.1604588404712545 × 10^284 |
| 116 | ov_116 | 1.724676607371278 × 10^284 |
| 117 | ov_117 | 1.3523736435745333 × 10^284 |
| 118 | ov_118 | 1.0384636198260082 × 10^284 |
| 119 | ov_119 | 7.778789313024102 × 10^283 |
| 120 | ov_120 | 5.655642367150539 × 10^283 |
| 121 | ov_121 | 3.9647185859284565 × 10^283 |
| 122 | ov_122 | 2.6555882341223415 × 10^283 |
| 123 | ov_123 | 1.6778491496535638 × 10^283 |
| 124 | ov_124 | 9.811136126549363 × 10^282 |
| 125 | ov_125 | 5.150002108367815 × 10^282 |
| 126 | ov_126 | 2.2912969007649952 × 10^282 |
| 127 | aaa_77_28 | 7.312336166430453 × 10^281 |
| 128 | aaa_77_29 | 2.7389844952336225 × 10^281 |
| 129 | ov_129 | 2.5255393267606567 × 10^281 |
| 130 | ov_130 | 2.5255316651968975 × 10^281 |
| 131 | ov_131 | 2.5255298135108236 × 10^281 |
| 132 | ov_132 | 2.1857948771143563 × 10^281 |
| 133 | ov_133 | 1.8820890506486196 × 10^281 |
| 134 | ov_134 | 1.6116515228168693 × 10^281 |
| 135 | ov_135 | 1.371868601317478 × 10^281 |
| 136 | ov_136 | 1.1602632080480087 × 10^281 |
| 137 | ov_137 | 9.744858524580649 × 10^280 |
| 138 | ov_138 | 8.123069396769091 × 10^280 |
| 139 | ov_139 | 6.716102773571045 × 10^280 |
| 140 | ov_140 | 5.503876522824398 × 10^280 |
| 141 | ov_141 | 4.46734354733993 × 10^280 |
| 142 | ov_142 | 3.5884553543140382 × 10^280 |
| 143 | ov_143 | 2.8501328659893497 × 10^280 |
| 144 | ov_144 | 2.23624345372664 × 10^280 |
| 145 | ov_145 | 1.731583243851183 × 10^280 |
| 146 | ov_146 | 1.3218638095086824 × 10^280 |
| 147 | ov_147 | 9.937024284137266 × 10^279 |
| 148 | ov_148 | 7.346151518726432 × 10^279 |
| 149 | ov_149 | 5.330119958657656 × 10^279 |
| 150 | ov_150 | 3.7819366114613306 × 10^279 |
| 151 | ov_151 | 2.603493430252811 × 10^279 |
| 152 | ov_152 | 1.7055533296951636 × 10^279 |
| 153 | ov_153 | 1.0457141773060905 × 10^279 |
| 154 | ov_154 | 5.860036125131901 × 10^278 |
| 155 | ov_155 | 2.9287735308223913 × 10^278 |
| 156 | aaa_76_25 | 1.1252774540456202 × 10^278 |
| 157 | aaa_76_26 | 6.497008560218476 × 10^277 |
| 158 | aaa_76_27 | 3.325041368520487 × 10^277 |
| 159 | aaa_76_28 | 1.2942538494560415 × 10^277 |
| 160 | aaa_76_29 | 3.934963796749505 × 10^276 |

### Output Bits Sorted by Complexity

| Rank | Output Bit | Complexity |
|:----:|:----------:|:----------:|
| 160 | aaa_76_29 | 3.934963796749505 × 10^276 |
| 159 | aaa_76_28 | 1.2942538494560415 × 10^277 |
| 158 | aaa_76_27 | 3.325041368520487 × 10^277 |
| 157 | aaa_76_26 | 6.497008560218476 × 10^277 |
| 156 | aaa_76_25 | 1.1252774540456202 × 10^278 |
| 155 | ov_155 | 2.9287735308223913 × 10^278 |
| 154 | ov_154 | 5.860036125131901 × 10^278 |
| 153 | ov_153 | 1.0457141773060905 × 10^279 |
| 152 | ov_152 | 1.7055533296951636 × 10^279 |
| 151 | ov_151 | 2.603493430252811 × 10^279 |
| 150 | ov_150 | 3.7819366114613306 × 10^279 |
| 149 | ov_149 | 5.330119958657656 × 10^279 |
| 148 | ov_148 | 7.346151518726432 × 10^279 |
| 147 | ov_147 | 9.937024284137266 × 10^279 |
| 146 | ov_146 | 1.3218638095086824 × 10^280 |
| 145 | ov_145 | 1.731583243851183 × 10^280 |
| 144 | ov_144 | 2.23624345372664 × 10^280 |
| 143 | ov_143 | 2.8501328659893497 × 10^280 |
| 142 | ov_142 | 3.5884553543140382 × 10^280 |
| 141 | ov_141 | 4.46734354733993 × 10^280 |
| 140 | ov_140 | 5.503876522824398 × 10^280 |
| 139 | ov_139 | 6.716102773571045 × 10^280 |
| 138 | ov_138 | 8.123069396769091 × 10^280 |
| 137 | ov_137 | 9.744858524580649 × 10^280 |
| 136 | ov_136 | 1.1602632080480087 × 10^281 |
| 135 | ov_135 | 1.371868601317478 × 10^281 |
| 134 | ov_134 | 1.6116515228168693 × 10^281 |
| 133 | ov_133 | 1.8820890506486196 × 10^281 |
| 132 | ov_132 | 2.1857948771143563 × 10^281 |
| 131 | ov_131 | 2.5255298135108236 × 10^281 |
| 130 | ov_130 | 2.5255316651968975 × 10^281 |
| 129 | ov_129 | 2.5255393267606567 × 10^281 |
| 128 | aaa_77_29 | 2.7389844952336225 × 10^281 |
| 127 | aaa_77_28 | 7.312336166430453 × 10^281 |
| 126 | ov_126 | 2.2912969007649952 × 10^282 |
| 125 | ov_125 | 5.150002108367815 × 10^282 |
| 124 | ov_124 | 9.811136126549363 × 10^282 |
| 123 | ov_123 | 1.6778491496535638 × 10^283 |
| 122 | ov_122 | 2.6555882341223415 × 10^283 |
| 121 | ov_121 | 3.9647185859284565 × 10^283 |
| 120 | ov_120 | 5.655642367150539 × 10^283 |
| 119 | ov_119 | 7.778789313024102 × 10^283 |
| 118 | ov_118 | 1.0384636198260082 × 10^284 |
| 117 | ov_117 | 1.3523736435745333 × 10^284 |
| 116 | ov_116 | 1.724676607371278 × 10^284 |
| 115 | ov_115 | 2.1604588404712545 × 10^284 |
| 114 | ov_114 | 2.6648334461835606 × 10^284 |
| 113 | ov_113 | 3.2429498704476482 × 10^284 |
| 112 | ov_112 | 3.90000559059263 × 10^284 |
| 111 | ov_111 | 4.64126099398932 × 10^284 |
| 110 | ov_110 | 5.556257864468242 × 10^284 |
| 109 | ov_109 | 6.73998488280768 × 10^284 |
| 108 | ov_108 | 8.293010142644402 × 10^284 |
| 107 | ov_107 | 1.0321646380049312 × 10^285 |
| 106 | ov_106 | 1.2938154270616221 × 10^285 |
| 105 | ov_105 | 1.6260989510478558 × 10^285 |
| 104 | ov_104 | 2.0415099764207853 × 10^285 |
| 103 | ov_103 | 2.553227793449227 × 10^285 |
| 102 | ov_102 | 3.17515785876043 × 10^285 |
| 101 | ov_101 | 3.9219804757059434 × 10^285 |
| 100 | ov_100 | 4.8092072748026406 × 10^285 |
| 99 | ov_099 | 5.85324629798772 × 10^285 |
| 98 | ov_098 | 5.853267458527045 × 10^285 |
| 97 | ov_097 | 5.85333375789785 × 10^285 |
| 96 | aaa_78_29 | 1.1240946884069752 × 10^286 |
| 95 | aaa_78_28 | 3.7526489130922094 × 10^286 |
| 94 | ov_094 | 1.2346295110603111 × 10^287 |
| 93 | ov_093 | 2.9311330854841235 × 10^287 |
| 92 | ov_092 | 5.96005124025742 × 10^287 |
| 91 | ov_091 | 1.095890028178398 × 10^288 |
| 90 | ov_090 | 1.9344966964560864 × 10^288 |
| 89 | ov_089 | 3.282007930301705 × 10^288 |
| 88 | ov_088 | 5.2448649101108674 × 10^288 |
| 87 | ov_087 | 7.943756181326299 × 10^288 |
| 86 | ov_086 | 1.1513636806400658 × 10^289 |
| 85 | ov_085 | 1.6238711805287865 × 10^289 |
| 84 | ov_084 | 2.243181560777052 × 10^289 |
| 83 | ov_083 | 3.0434504550598327 × 10^289 |
| 82 | ov_082 | 4.0617177906623106 × 10^289 |
| 81 | ov_081 | 5.337923148042394 × 10^289 |
| 64 | lv_79_m31 | 6.709759415947324 × 10^289 |
| 80 | ov_080 | 6.914924780813654 × 10^289 |
| 79 | ov_079 | 8.83852270044851 × 10^289 |
| 78 | ov_078 | 1.1157486230840813 × 10^290 |
| 77 | ov_077 | 1.3923586439148286 × 10^290 |
| 76 | ov_076 | 1.7191633851193715 × 10^290 |
| 75 | ov_075 | 2.1019521862272254 × 10^290 |
| 74 | ov_074 | 2.5468276257648086 × 10^290 |
| 73 | ov_073 | 3.0602112103537107 × 10^290 |
| 63 | ov_063 | 3.4446437378399196 × 10^290 |
| 72 | ov_072 | 3.64885018546589 × 10^290 |
| 71 | ov_071 | 4.319826127272192 × 10^290 |
| 70 | ov_070 | 5.080566098126414 × 10^290 |
| 69 | ov_069 | 5.9388571935951095 × 10^290 |
| 68 | ov_068 | 6.902865355796459 × 10^290 |
| 67 | ov_067 | 7.981159376478115 × 10^290 |
| 66 | ov_066 | 7.981164493656282 × 10^290 |
| 65 | ov_065 | 7.981186064491447 × 10^290 |
| 62 | ov_062 | 1.7679825934560276 × 10^291 |
| 61 | ov_061 | 6.447062526739588 × 10^291 |
| 60 | ov_060 | 1.8462333240901985 × 10^292 |
| 59 | ov_059 | 4.456416288343609 × 10^292 |
| 58 | ov_058 | 9.047191753692286 × 10^292 |
| 57 | ov_057 | 1.6350371157401238 × 10^293 |
| 56 | ov_056 | 2.7257646985126543 × 10^293 |
| 55 | ov_055 | 4.371230248357174 × 10^293 |
| 54 | ov_054 | 6.6925864599440014 × 10^293 |
| 53 | ov_053 | 9.826986928480406 × 10^293 |
| 52 | ov_052 | 1.3927598903753905 × 10^294 |
| 51 | ov_051 | 1.9163624703862657 × 10^294 |
| 50 | ov_050 | 2.588953928066916 × 10^294 |
| 49 | ov_049 | 3.449201318372389 × 10^294 |
| 48 | ov_048 | 4.53900472495339 × 10^294 |
| 47 | ov_047 | 5.90351616317002 × 10^294 |
| 32 | lv_80_m31 | 6.987521412843682 × 10^294 |
| 46 | ov_046 | 7.591165074773515 × 10^294 |
| 45 | ov_045 | 9.653692105263364 × 10^294 |
| 44 | ov_044 | 1.2146193431562132 × 10^295 |
| 43 | ov_043 | 1.5127178257823094 × 10^295 |
| 42 | ov_042 | 1.8658642327533642 × 10^295 |
| 41 | ov_041 | 2.2806160531516793 × 10^295 |
| 40 | ov_040 | 2.760530682264552 × 10^295 |
| 39 | ov_039 | 3.30936114377317 × 10^295 |
| 31 | ov_031 | 3.5793858908177484 × 10^295 |
| 38 | ov_038 | 3.9310654175119686 × 10^295 |
| 37 | ov_037 | 4.6298175588474844 × 10^295 |
| 36 | ov_036 | 5.41419488433402 × 10^295 |
| 35 | ov_035 | 6.293248494996428 × 10^295 |
| 34 | ov_034 | 7.27653650869111 × 10^295 |
| 33 | ov_033 | 8.374162522811352 × 10^295 |
| 30 | ov_030 | 1.8334106477468782 × 10^296 |
| 29 | ov_029 | 5.992994781955731 × 10^296 |
| 28 | ov_028 | 1.554326619418824 × 10^297 |
| 27 | ov_027 | 3.471852657667293 × 10^297 |
| 26 | ov_026 | 7.362487252791893 × 10^297 |
| 25 | ov_025 | 1.4564340754078684 × 10^298 |
| 24 | ov_024 | 2.674303405249808 × 10^298 |
| 23 | ov_023 | 4.5891729186802776 × 10^298 |
| 22 | ov_022 | 7.433120696094884 × 10^298 |
| 21 | ov_021 | 1.147100318957001 × 10^299 |
| 20 | ov_020 | 1.7000485332334864 × 10^299 |
| 19 | ov_019 | 2.4352089740644334 × 10^299 |
| 18 | ov_018 | 3.388927239395337 × 10^299 |
| 17 | ov_017 | 4.60085352418852 × 10^299 |
| 16 | ov_016 | 6.113958746591425 × 10^299 |
| 15 | ov_015 | 7.974556662019302 × 10^299 |
| 14 | ov_014 | 1.0232333126500617 × 10^300 |
| 13 | ov_013 | 1.294038396805558 × 10^300 |
| 12 | ov_012 | 1.615526357701287 × 10^300 |
| 11 | ov_011 | 1.993704702694202 × 10^300 |
| 10 | ov_010 | 2.434940894925097 × 10^300 |
| 9 | ov_009 | 2.9459722644019406 × 10^300 |
| 8 | ov_008 | 3.533918317096389 × 10^300 |
| 7 | ov_007 | 4.206295842816698 × 10^300 |
| 6 | ov_006 | 4.971037249311158 × 10^300 |
| 5 | ov_005 | 5.836512577159842 × 10^300 |
| 4 | ov_004 | 6.811555677646137 × 10^300 |
| 3 | ov_003 | 7.905495030408879 × 10^300 |
| 2 | ov_002 | 9.128189603853761 × 10^300 |
| 1 | ov_001 | 1.0490070082797562 × 10^301 |

