# Results for F001-F002-F003-F004-F005-F006-F007-F008-F009-F010-F011-F012-F013-F014-F015-F016-F017-F018-F019-F020-F021-F022-F023-F024-F025-F026-F027-F028-F029-F030-F031-F032-F033-F034-F035-F036-F037-F038-F039-F040-F041-F042-F043-F044-F045-F046-F047-F048-F049-F050-F051-F052-F053-F054-F055-F056-F057-F058-F059-F060-F061-F062-F063-F064-F065-F066-F067-F068-F069-F070-F071-F072-F073-F074-F075-F076-F077-F078-F079-F080-F081-F082-F083-F084-F085-F086-F087-F088-F089-F090-F091-F092-F093-F094-F095-F096-F097-F098-F099-F100-F101-F102-F103-F104-F105-F106-F107-F108-F109-F110-F111-F112-F113-F114-F115-F116-F117-F118-F119-F120-F121-F122-F123-F124-F125-F126-F127-F128-F129-F130-F131-F132-F133-F134-F135-F136-F137-F138-F139-F140-F141-F142-F143-F144-F145-F146-F147-F148-F149-F150-F151-F152-F153-F154-F155-F156-F157-F158-F159-F160-F161-F162-F163-F164-F165-F166-F167-F168-F169-F170-F171-F172-F173-F174-F175-F176-F177-F178-F179-F180-F181-F182-F183-F184-F185-F186-F187-F188-F189-F190-F191-F192-F193-F194-F195-F196-F197-F198-F199-F200-F201-F202-F203-F204-F205-F206-F207-F208-F209-F210-F211-F212-F213-F214-F215-F216-F217-F218-F219-F220-F221-F222-F223-F224-F225-F226-F227-F228-F229-F230-F231-F232-F233-F234-F235-F236-F237-F238-F239-F240-F241-F242-F243-F244-F245-F246-F247-F248-F249-F250-F251-F252-F253-F254-F255-F256-F257-F258-F259-F260-F261-F262-F263-F264-F265-F266-F267-F268-F269-F270-F271-F272-F273-F274-F275-F276-F277-F278-F279-F280-F281-F282-F283-F284-F285-F286-F287-F288-F289-F290-F291-F292-F293-F294-F295-F296-F297-F298-F299-F300-F301-F302-F303-F304-F305-F306-F307-F308-F309-F310-F311-F312-F313-F314-F315-F316-F317-F318-F319-F320-F321-F322-F323-F324-F325-F326-F327-F328-F329-F330-F331-F332-F333-F334-F335-F336-F337-F338-F339-F340-F341-F342-F343-F344-F345-F346-F347-F348-F349-F350-F351-F352-F353-F354-F355-F356-F357-F358-F359-F360-F361-F362-F363-F364-F365-F366-F367-F368-F369-F370-F371-F372-F373-F374-F375-F376-F377-F378-F379-F380-F381-F382-F383-F384-F385-F386-F387-F388-F389-F390-F391-F392-F393-F394-F395-F396-F397-F398-F399-F400-F401-F402-F403-F404-F405-F406-F407-F408-F409-F410-F411-F412-F413-F414-F415-F416-F417-F418-F419-F420-F421-F422-F423-F424-F425-F426-F427-F428-F429-F430-F431-F432-F433-F434-F435-F436-F437-F438-F439-F440-F441-F442-F443-F444-F445-F446-F447-F448-F449-F450-F451-F452-F453-F454-F455-F456-F457-F458-F459-F460-F461-F462-F463-F464-F465-F466-F467-F468-F469-F470-F471-F472-F473-F474-F475-F476-F477-F478-F479-F480-F481-F482-F483-F484-F485-F486-F487-F488-F489-F490-F491-F492-F493-F494-F495-F496-F497-F498-F499-F500-E509510-F512

## Summary

Number of input bits: 512  
Number of free input bits: 10  
Number of output bits: 160

Number of direct occurrences: 40773  
Number of assignments: 31045  
Number of operations: 10950853
(xor: 10922023,
and: 15615,
or: 13215)

Total complexity: 2.0151486521419597 × 10^299

Least occurring input variable: iv_502 (3882)  
Most occurring input variable: iv_509 (4460)

Most co-occurring input variables: iv_508-iv_509 (2236)  
Least co-occurring input variables: iv_505-iv_506 (1782)

Potentially most occurring input variable: iv_509/iv_511 (4520)  
Potentially least occurring input variable: iv_506/iv_507 (4131)

Least output occurring input variable: iv_509 (76)  
Most output occurring input variable: iv_506 (82)

Most output co-occurring input variables: iv_502-iv_511 (45)  
Least output co-occurring input variables: iv_502-iv_503 (32)

Potentially most output occurring input variable: iv_502/iv_503 (96)  
Potentially least output occurring input variable: iv_507/iv_509 (70)

Least complex input bit: iv_511 (5.873821403157675 × 10^295)  
Most complex input bit: iv_509 (5.067174343571106 × 10^298)

Least complex output bit: aaa_76_29 (2.8878725767466577 × 10^274)  
Most complex output bit: ov_001 (3.2089904293507207 × 10^298)

Least complex input/output complexity: iv_511/aaa_76_29 (8.417665730444424 × 10^270)  
Most complex input/output complexity: iv_509/ov_001 (8.069138698570678 × 10^297)

## Input Bits

### Input Bits in Regular Order

| Input Bit | Complexity | Occurrences | Output Occurrences |
|:---------:|:----------:|:-----------:|:------------------:|
| iv_501 | 2.0662659482254267 × 10^297 | 4063 | 79 |
| iv_502 | 3.767406217377621 × 10^297 | 3882 | 82 |
| iv_503 | 6.398300746297796 × 10^297 | 4124 | 78 |
| iv_504 | 1.0364987174302374 × 10^298 | 3904 | 78 |
| iv_505 | 1.621646843828481 × 10^298 | 3892 | 79 |
| iv_506 | 2.467041612003375 × 10^298 | 3939 | 82 |
| iv_507 | 3.6681524306189463 × 10^298 | 4154 | 76 |
| iv_508 | 5.061901461374197 × 10^298 | 4171 | 78 |
| iv_509 | 5.067174343571106 × 10^298 | 4460 | 76 |
| iv_511 | 5.873821403157675 × 10^295 | 4184 | 80 |

### Input Bits Sorted by Complexity

| Input Bit | Complexity | Occurrences | Output Occurrences |
|:---------:|:----------:|:-----------:|:------------------:|
| iv_511 | 5.873821403157675 × 10^295 | 4184 | 80 |
| iv_501 | 2.0662659482254267 × 10^297 | 4063 | 79 |
| iv_502 | 3.767406217377621 × 10^297 | 3882 | 82 |
| iv_503 | 6.398300746297796 × 10^297 | 4124 | 78 |
| iv_504 | 1.0364987174302374 × 10^298 | 3904 | 78 |
| iv_505 | 1.621646843828481 × 10^298 | 3892 | 79 |
| iv_506 | 2.467041612003375 × 10^298 | 3939 | 82 |
| iv_507 | 3.6681524306189463 × 10^298 | 4154 | 76 |
| iv_508 | 5.061901461374197 × 10^298 | 4171 | 78 |
| iv_509 | 5.067174343571106 × 10^298 | 4460 | 76 |

### Input Bits Sorted by Occurrences

| Input Bit | Complexity | Occurrences | Output Occurrences |
|:---------:|:----------:|:-----------:|:------------------:|
| iv_502 | 3.767406217377621 × 10^297 | 3882 | 82 |
| iv_505 | 1.621646843828481 × 10^298 | 3892 | 79 |
| iv_504 | 1.0364987174302374 × 10^298 | 3904 | 78 |
| iv_506 | 2.467041612003375 × 10^298 | 3939 | 82 |
| iv_501 | 2.0662659482254267 × 10^297 | 4063 | 79 |
| iv_503 | 6.398300746297796 × 10^297 | 4124 | 78 |
| iv_507 | 3.6681524306189463 × 10^298 | 4154 | 76 |
| iv_508 | 5.061901461374197 × 10^298 | 4171 | 78 |
| iv_511 | 5.873821403157675 × 10^295 | 4184 | 80 |
| iv_509 | 5.067174343571106 × 10^298 | 4460 | 76 |

### Input Bits Sorted by Output Occurrences

| Input Bit | Complexity | Occurrences | Output Occurrences |
|:---------:|:----------:|:-----------:|:------------------:|
| iv_509 | 5.067174343571106 × 10^298 | 4460 | 76 |
| iv_507 | 3.6681524306189463 × 10^298 | 4154 | 76 |
| iv_503 | 6.398300746297796 × 10^297 | 4124 | 78 |
| iv_504 | 1.0364987174302374 × 10^298 | 3904 | 78 |
| iv_508 | 5.061901461374197 × 10^298 | 4171 | 78 |
| iv_501 | 2.0662659482254267 × 10^297 | 4063 | 79 |
| iv_505 | 1.621646843828481 × 10^298 | 3892 | 79 |
| iv_511 | 5.873821403157675 × 10^295 | 4184 | 80 |
| iv_502 | 3.767406217377621 × 10^297 | 3882 | 82 |
| iv_506 | 2.467041612003375 × 10^298 | 3939 | 82 |

## Input Bit Co-occurrences

### Input Bit Co-occurrences Sorted by Co-occurrences

| Input Bits | Co-occurrences | Potential Occurrences | Output Co-occurrences | Potential Output Occurrences |
|:----------:|:--------------:|:---------------------:|:---------------------:|:----------------------------:|
| iv_508-iv_509 | 2236 | 4159 | 36 | 82 |
| iv_507-iv_509 | 2165 | 4284 | 41 | 70 |
| iv_507-iv_508 | 2089 | 4147 | 34 | 86 |
| iv_503-iv_509 | 2083 | 4418 | 37 | 80 |
| iv_508-iv_511 | 2067 | 4221 | 38 | 82 |
| iv_509-iv_511 | 2062 | 4520 | 35 | 86 |
| iv_501-iv_511 | 2043 | 4161 | 41 | 77 |
| iv_501-iv_509 | 2033 | 4457 | 37 | 81 |
| iv_503-iv_511 | 2009 | 4290 | 37 | 84 |
| iv_506-iv_509 | 2004 | 4391 | 35 | 88 |

### Input Bit Co-occurrences Sorted by Potential Occurrences

| Input Bits | Co-occurrences | Potential Occurrences | Output Co-occurrences | Potential Output Occurrences |
|:----------:|:--------------:|:---------------------:|:---------------------:|:----------------------------:|
| iv_506-iv_507 | 1981 | 4131 | 39 | 80 |
| iv_504-iv_506 | 1855 | 4133 | 42 | 76 |
| iv_502-iv_505 | 1819 | 4136 | 36 | 89 |
| iv_504-iv_505 | 1826 | 4144 | 41 | 75 |
| iv_507-iv_508 | 2089 | 4147 | 34 | 86 |
| iv_508-iv_509 | 2236 | 4159 | 36 | 82 |
| iv_501-iv_511 | 2043 | 4161 | 41 | 77 |
| iv_501-iv_505 | 1892 | 4171 | 36 | 86 |
| iv_503-iv_505 | 1906 | 4204 | 42 | 73 |
| iv_502-iv_504 | 1790 | 4206 | 42 | 76 |

### Input Bit Output Co-occurrences Sorted by Output Co-occurrences

| Input Bits | Co-occurrences | Potential Occurrences | Output Co-occurrences | Potential Output Occurrences |
|:----------:|:--------------:|:---------------------:|:---------------------:|:----------------------------:|
| iv_502-iv_511 | 1905 | 4256 | 45 | 72 |
| iv_502-iv_506 | 1804 | 4213 | 44 | 76 |
| iv_502-iv_504 | 1790 | 4206 | 42 | 76 |
| iv_503-iv_505 | 1906 | 4204 | 42 | 73 |
| iv_502-iv_507 | 1886 | 4264 | 42 | 74 |
| iv_504-iv_506 | 1855 | 4133 | 42 | 76 |
| iv_502-iv_509 | 1941 | 4460 | 41 | 76 |
| iv_504-iv_505 | 1826 | 4144 | 41 | 75 |
| iv_501-iv_511 | 2043 | 4161 | 41 | 77 |
| iv_507-iv_509 | 2165 | 4284 | 41 | 70 |

### Input Bit Output Co-occurrences Sorted by Potential Output Occurrences

| Input Bits | Co-occurrences | Potential Occurrences | Output Co-occurrences | Potential Output Occurrences |
|:----------:|:--------------:|:---------------------:|:---------------------:|:----------------------------:|
| iv_507-iv_509 | 2165 | 4284 | 41 | 70 |
| iv_502-iv_511 | 1905 | 4256 | 45 | 72 |
| iv_503-iv_505 | 1906 | 4204 | 42 | 73 |
| iv_502-iv_507 | 1886 | 4264 | 42 | 74 |
| iv_504-iv_505 | 1826 | 4144 | 41 | 75 |
| iv_502-iv_504 | 1790 | 4206 | 42 | 76 |
| iv_502-iv_509 | 1941 | 4460 | 41 | 76 |
| iv_502-iv_506 | 1804 | 4213 | 44 | 76 |
| iv_504-iv_506 | 1855 | 4133 | 42 | 76 |
| iv_501-iv_511 | 2043 | 4161 | 41 | 77 |

## Output Bits

### Output Bits in Regular Order

| Rank | Output Bit | Complexity |
|:----:|:----------:|:----------:|
| 1 | ov_001 | 3.2089904293507207 × 10^298 |
| 2 | ov_002 | 2.7869078701452873 × 10^298 |
| 3 | ov_003 | 2.4070925119095826 × 10^298 |
| 4 | ov_004 | 2.0678356150045947 × 10^298 |
| 5 | ov_005 | 1.7659981588496497 × 10^298 |
| 6 | ov_006 | 1.4986116255055438 × 10^298 |
| 7 | ov_007 | 1.2628667550137528 × 10^298 |
| 8 | ov_008 | 1.0561037424795147 × 10^298 |
| 9 | ov_009 | 8.758037277028883 × 10^297 |
| 10 | ov_010 | 7.19581462576496 × 10^297 |
| 11 | ov_011 | 5.8517907416663196 × 10^297 |
| 12 | ov_012 | 4.70460847419088 × 10^297 |
| 13 | ov_013 | 3.734089337921936 × 10^297 |
| 14 | ov_014 | 2.9211987585733416 × 10^297 |
| 15 | ov_015 | 2.2480183774967725 × 10^297 |
| 16 | ov_016 | 1.6977243898626768 × 10^297 |
| 17 | ov_017 | 1.2545709676753466 × 10^297 |
| 18 | ov_018 | 9.038778945422528 × 10^296 |
| 19 | ov_019 | 6.320216147362855 × 10^296 |
| 20 | ov_020 | 4.2642897462493826 × 10^296 |
| 21 | ov_021 | 2.755730100276694 × 10^296 |
| 22 | ov_022 | 1.6897020852132811 × 10^296 |
| 23 | ov_023 | 9.717877269700113 × 10^295 |
| 24 | ov_024 | 5.179754571541079 × 10^295 |
| 25 | ov_025 | 2.5465381704784945 × 10^295 |
| 26 | ov_026 | 1.1860807513821854 × 10^295 |
| 27 | ov_027 | 5.701859724228312 × 10^294 |
| 28 | ov_028 | 2.7460163325349622 × 10^294 |
| 29 | ov_029 | 1.1318720796202084 × 10^294 |
| 30 | ov_030 | 3.746612160271748 × 10^293 |
| 31 | ov_031 | 9.077166484174045 × 10^292 |
| 32 | lv_80_k31 | 2.1985996998781945 × 10^292 |
| 33 | ov_033 | 2.675718881614506 × 10^293 |
| 34 | ov_034 | 2.3263271989694985 × 10^293 |
| 35 | ov_035 | 2.0135758020752127 × 10^293 |
| 36 | ov_036 | 1.7345238025783052 × 10^293 |
| 37 | ov_037 | 1.4863870641789265 × 10^293 |
| 38 | ov_038 | 1.2665270941724424 × 10^293 |
| 39 | ov_039 | 1.072441488172771 × 10^293 |
| 40 | ov_040 | 9.017557740287582 × 10^292 |
| 41 | ov_041 | 7.522165103485492 × 10^292 |
| 42 | ov_042 | 6.216855039604721 × 10^292 |
| 43 | ov_043 | 5.081350191209538 × 10^292 |
| 44 | ov_044 | 4.0964385938510184 × 10^292 |
| 45 | ov_045 | 3.2527762253289586 × 10^292 |
| 46 | ov_046 | 2.541528968660574 × 10^292 |
| 47 | ov_047 | 1.9543616347111462 × 10^292 |
| 48 | ov_048 | 1.4760691526100016 × 10^292 |
| 49 | ov_049 | 1.0924104587882165 × 10^292 |
| 50 | ov_050 | 7.901008518951945 × 10^291 |
| 51 | ov_051 | 5.568067885479361 × 10^291 |
| 52 | ov_052 | 3.8114249490486806 × 10^291 |
| 53 | ov_053 | 2.5266786139525706 × 10^291 |
| 54 | ov_054 | 1.6188720673995644 × 10^291 |
| 55 | ov_055 | 1.0024858103996615 × 10^291 |
| 56 | ov_056 | 6.014335571332376 × 10^290 |
| 57 | ov_057 | 3.490596610215003 × 10^290 |
| 58 | ov_058 | 1.881375593416904 × 10^290 |
| 59 | ov_059 | 9.241110099389608 × 10^289 |
| 60 | ov_060 | 4.033811597017065 × 10^289 |
| 61 | ov_061 | 1.5090299986189088 × 10^289 |
| 62 | ov_062 | 4.5531773005323904 × 10^288 |
| 63 | ov_063 | 1.0058747125543751 × 10^288 |
| 64 | lv_79_m31 | 1.9574967876897957 × 10^287 |
| 65 | ov_065 | 2.297152648063544 × 10^288 |
| 66 | ov_066 | 2.2971468809411314 × 10^288 |
| 67 | ov_067 | 2.297145011700379 × 10^288 |
| 68 | ov_068 | 1.976928653215765 × 10^288 |
| 69 | ov_069 | 1.6919914380892124 × 10^288 |
| 70 | ov_070 | 1.4394416248550148 × 10^288 |
| 71 | ov_071 | 1.2165656280763757 × 10^288 |
| 72 | ov_072 | 1.0208159490631375 × 10^288 |
| 73 | ov_073 | 8.498001684246822 × 10^287 |
| 74 | ov_074 | 7.012709453782485 × 10^287 |
| 75 | ov_075 | 5.731169707329854 × 10^287 |
| 76 | ov_076 | 4.633548220848484 × 10^287 |
| 77 | ov_077 | 3.701216710387166 × 10^287 |
| 78 | ov_078 | 2.9166879327032323 × 10^287 |
| 79 | ov_079 | 2.2635583299675845 × 10^287 |
| 80 | ov_080 | 1.726457739821667 × 10^287 |
| 81 | ov_081 | 1.2910056960317202 × 10^287 |
| 82 | ov_082 | 9.437738477161899 × 10^286 |
| 83 | ov_083 | 6.722540269179676 × 10^286 |
| 84 | ov_084 | 4.648314954218225 × 10^286 |
| 85 | ov_085 | 3.1076290239366795 × 10^286 |
| 86 | ov_086 | 2.0015848481088812 × 10^286 |
| 87 | ov_087 | 1.2396804288489251 × 10^286 |
| 88 | ov_088 | 7.397022282103822 × 10^285 |
| 89 | ov_089 | 4.2764639350966394 × 10^285 |
| 90 | ov_090 | 2.3766370525906864 × 10^285 |
| 91 | ov_091 | 1.3886266707720995 × 10^285 |
| 92 | ov_092 | 8.160972576150153 × 10^284 |
| 93 | ov_093 | 4.31104222880736 × 10^284 |
| 94 | ov_094 | 1.93254913493712 × 10^284 |
| 95 | aaa_78_28 | 6.2161620702381045 × 10^283 |
| 96 | aaa_78_29 | 2.355545345577655 × 10^283 |
| 97 | ov_097 | 2.5669049035718175 × 10^283 |
| 98 | ov_098 | 2.5668283071597783 × 10^283 |
| 99 | ov_099 | 2.5668038787370776 × 10^283 |
| 100 | ov_100 | 2.31059303237315 × 10^283 |
| 101 | ov_101 | 2.0731552586402551 × 10^283 |
| 102 | ov_102 | 1.8534748202950806 × 10^283 |
| 103 | ov_103 | 1.6506107301988769 × 10^283 |
| 104 | ov_104 | 1.463686654720208 × 10^283 |
| 105 | ov_105 | 1.2918817627772675 × 10^283 |
| 106 | ov_106 | 1.1344224704569763 × 10^283 |
| 107 | ov_107 | 9.905750331464444 × 10^282 |
| 108 | ov_108 | 8.596389387491505 × 10^282 |
| 109 | ov_109 | 7.40941056880069 × 10^282 |
| 110 | ov_110 | 6.338304999826115 × 10^282 |
| 111 | ov_111 | 5.376741531233852 × 10^282 |
| 112 | ov_112 | 4.518528298373583 × 10^282 |
| 113 | ov_113 | 3.7575801185093895 × 10^282 |
| 114 | ov_114 | 3.087891308336275 × 10^282 |
| 115 | ov_115 | 2.5035135054831347 × 10^282 |
| 116 | ov_116 | 1.9985380791106647 × 10^282 |
| 117 | ov_117 | 1.5670827155559963 × 10^282 |
| 118 | ov_118 | 1.2032817654455706 × 10^282 |
| 119 | ov_119 | 9.012795979077091 × 10^281 |
| 120 | ov_120 | 6.552262076490171 × 10^281 |
| 121 | ov_121 | 4.5927476503989604 × 10^281 |
| 122 | ov_122 | 3.075804271170014 × 10^281 |
| 123 | ov_123 | 1.9429959291670506 × 10^281 |
| 124 | ov_124 | 1.1358936197383755 × 10^281 |
| 125 | ov_125 | 5.96071793384337 × 10^280 |
| 126 | ov_126 | 2.6510631639394986 × 10^280 |
| 127 | aaa_77_28 | 8.457350691340401 × 10^279 |
| 128 | aaa_77_29 | 3.166125105012575 × 10^279 |
| 129 | ov_129 | 2.867921020693283 × 10^279 |
| 130 | ov_130 | 2.8679140024245804 × 10^279 |
| 131 | ov_131 | 2.867911751061284 × 10^279 |
| 132 | ov_132 | 2.472891591900085 × 10^279 |
| 133 | ov_133 | 2.1203023439668113 × 10^279 |
| 134 | ov_134 | 1.8068609330887404 × 10^279 |
| 135 | ov_135 | 1.5294652667529112 × 10^279 |
| 136 | ov_136 | 1.2851810397329329 × 10^279 |
| 137 | ov_137 | 1.0712302785730361 × 10^279 |
| 138 | ov_138 | 8.849814741238328 × 10^278 |
| 139 | ov_139 | 7.239411490989699 × 10^278 |
| 140 | ov_140 | 5.857467157400485 × 10^278 |
| 141 | ov_141 | 4.681604865737168 × 10^278 |
| 142 | ov_142 | 3.6906470896898286 × 10^278 |
| 143 | ov_143 | 2.864575017959472 × 10^278 |
| 144 | ov_144 | 2.1844957998361057 × 10^278 |
| 145 | ov_145 | 1.632616602021285 × 10^278 |
| 146 | ov_146 | 1.1922244827582468 × 10^278 |
| 147 | ov_147 | 8.47671162840226 × 10^277 |
| 148 | ov_148 | 5.843618463904985 × 10^277 |
| 149 | ov_149 | 3.887473175220713 × 10^277 |
| 150 | ov_150 | 2.483186121351499 × 10^277 |
| 151 | ov_151 | 1.516036372207885 × 10^277 |
| 152 | ov_152 | 8.816518312372647 × 10^276 |
| 153 | ov_153 | 4.8599847285895087 × 10^276 |
| 154 | ov_154 | 2.4537477445417617 × 10^276 |
| 155 | ov_155 | 1.2051261096992066 × 10^276 |
| 156 | aaa_76_25 | 4.836780210319997 × 10^275 |
| 157 | aaa_76_26 | 2.9753952236619944 × 10^275 |
| 158 | aaa_76_27 | 1.6303232186528774 × 10^275 |
| 159 | aaa_76_28 | 7.6766560921978705 × 10^274 |
| 160 | aaa_76_29 | 2.8878725767466577 × 10^274 |

### Output Bits Sorted by Complexity

| Rank | Output Bit | Complexity |
|:----:|:----------:|:----------:|
| 160 | aaa_76_29 | 2.8878725767466577 × 10^274 |
| 159 | aaa_76_28 | 7.6766560921978705 × 10^274 |
| 158 | aaa_76_27 | 1.6303232186528774 × 10^275 |
| 157 | aaa_76_26 | 2.9753952236619944 × 10^275 |
| 156 | aaa_76_25 | 4.836780210319997 × 10^275 |
| 155 | ov_155 | 1.2051261096992066 × 10^276 |
| 154 | ov_154 | 2.4537477445417617 × 10^276 |
| 153 | ov_153 | 4.8599847285895087 × 10^276 |
| 152 | ov_152 | 8.816518312372647 × 10^276 |
| 151 | ov_151 | 1.516036372207885 × 10^277 |
| 150 | ov_150 | 2.483186121351499 × 10^277 |
| 149 | ov_149 | 3.887473175220713 × 10^277 |
| 148 | ov_148 | 5.843618463904985 × 10^277 |
| 147 | ov_147 | 8.47671162840226 × 10^277 |
| 146 | ov_146 | 1.1922244827582468 × 10^278 |
| 145 | ov_145 | 1.632616602021285 × 10^278 |
| 144 | ov_144 | 2.1844957998361057 × 10^278 |
| 143 | ov_143 | 2.864575017959472 × 10^278 |
| 142 | ov_142 | 3.6906470896898286 × 10^278 |
| 141 | ov_141 | 4.681604865737168 × 10^278 |
| 140 | ov_140 | 5.857467157400485 × 10^278 |
| 139 | ov_139 | 7.239411490989699 × 10^278 |
| 138 | ov_138 | 8.849814741238328 × 10^278 |
| 137 | ov_137 | 1.0712302785730361 × 10^279 |
| 136 | ov_136 | 1.2851810397329329 × 10^279 |
| 135 | ov_135 | 1.5294652667529112 × 10^279 |
| 134 | ov_134 | 1.8068609330887404 × 10^279 |
| 133 | ov_133 | 2.1203023439668113 × 10^279 |
| 132 | ov_132 | 2.472891591900085 × 10^279 |
| 131 | ov_131 | 2.867911751061284 × 10^279 |
| 130 | ov_130 | 2.8679140024245804 × 10^279 |
| 129 | ov_129 | 2.867921020693283 × 10^279 |
| 128 | aaa_77_29 | 3.166125105012575 × 10^279 |
| 127 | aaa_77_28 | 8.457350691340401 × 10^279 |
| 126 | ov_126 | 2.6510631639394986 × 10^280 |
| 125 | ov_125 | 5.96071793384337 × 10^280 |
| 124 | ov_124 | 1.1358936197383755 × 10^281 |
| 123 | ov_123 | 1.9429959291670506 × 10^281 |
| 122 | ov_122 | 3.075804271170014 × 10^281 |
| 121 | ov_121 | 4.5927476503989604 × 10^281 |
| 120 | ov_120 | 6.552262076490171 × 10^281 |
| 119 | ov_119 | 9.012795979077091 × 10^281 |
| 118 | ov_118 | 1.2032817654455706 × 10^282 |
| 117 | ov_117 | 1.5670827155559963 × 10^282 |
| 116 | ov_116 | 1.9985380791106647 × 10^282 |
| 115 | ov_115 | 2.5035135054831347 × 10^282 |
| 114 | ov_114 | 3.087891308336275 × 10^282 |
| 113 | ov_113 | 3.7575801185093895 × 10^282 |
| 112 | ov_112 | 4.518528298373583 × 10^282 |
| 111 | ov_111 | 5.376741531233852 × 10^282 |
| 110 | ov_110 | 6.338304999826115 × 10^282 |
| 109 | ov_109 | 7.40941056880069 × 10^282 |
| 108 | ov_108 | 8.596389387491505 × 10^282 |
| 107 | ov_107 | 9.905750331464444 × 10^282 |
| 106 | ov_106 | 1.1344224704569763 × 10^283 |
| 105 | ov_105 | 1.2918817627772675 × 10^283 |
| 104 | ov_104 | 1.463686654720208 × 10^283 |
| 103 | ov_103 | 1.6506107301988769 × 10^283 |
| 102 | ov_102 | 1.8534748202950806 × 10^283 |
| 101 | ov_101 | 2.0731552586402551 × 10^283 |
| 100 | ov_100 | 2.31059303237315 × 10^283 |
| 96 | aaa_78_29 | 2.355545345577655 × 10^283 |
| 99 | ov_099 | 2.5668038787370776 × 10^283 |
| 98 | ov_098 | 2.5668283071597783 × 10^283 |
| 97 | ov_097 | 2.5669049035718175 × 10^283 |
| 95 | aaa_78_28 | 6.2161620702381045 × 10^283 |
| 94 | ov_094 | 1.93254913493712 × 10^284 |
| 93 | ov_093 | 4.31104222880736 × 10^284 |
| 92 | ov_092 | 8.160972576150153 × 10^284 |
| 91 | ov_091 | 1.3886266707720995 × 10^285 |
| 90 | ov_090 | 2.3766370525906864 × 10^285 |
| 89 | ov_089 | 4.2764639350966394 × 10^285 |
| 88 | ov_088 | 7.397022282103822 × 10^285 |
| 87 | ov_087 | 1.2396804288489251 × 10^286 |
| 86 | ov_086 | 2.0015848481088812 × 10^286 |
| 85 | ov_085 | 3.1076290239366795 × 10^286 |
| 84 | ov_084 | 4.648314954218225 × 10^286 |
| 83 | ov_083 | 6.722540269179676 × 10^286 |
| 82 | ov_082 | 9.437738477161899 × 10^286 |
| 81 | ov_081 | 1.2910056960317202 × 10^287 |
| 80 | ov_080 | 1.726457739821667 × 10^287 |
| 64 | lv_79_m31 | 1.9574967876897957 × 10^287 |
| 79 | ov_079 | 2.2635583299675845 × 10^287 |
| 78 | ov_078 | 2.9166879327032323 × 10^287 |
| 77 | ov_077 | 3.701216710387166 × 10^287 |
| 76 | ov_076 | 4.633548220848484 × 10^287 |
| 75 | ov_075 | 5.731169707329854 × 10^287 |
| 74 | ov_074 | 7.012709453782485 × 10^287 |
| 73 | ov_073 | 8.498001684246822 × 10^287 |
| 63 | ov_063 | 1.0058747125543751 × 10^288 |
| 72 | ov_072 | 1.0208159490631375 × 10^288 |
| 71 | ov_071 | 1.2165656280763757 × 10^288 |
| 70 | ov_070 | 1.4394416248550148 × 10^288 |
| 69 | ov_069 | 1.6919914380892124 × 10^288 |
| 68 | ov_068 | 1.976928653215765 × 10^288 |
| 67 | ov_067 | 2.297145011700379 × 10^288 |
| 66 | ov_066 | 2.2971468809411314 × 10^288 |
| 65 | ov_065 | 2.297152648063544 × 10^288 |
| 62 | ov_062 | 4.5531773005323904 × 10^288 |
| 61 | ov_061 | 1.5090299986189088 × 10^289 |
| 60 | ov_060 | 4.033811597017065 × 10^289 |
| 59 | ov_059 | 9.241110099389608 × 10^289 |
| 58 | ov_058 | 1.881375593416904 × 10^290 |
| 57 | ov_057 | 3.490596610215003 × 10^290 |
| 56 | ov_056 | 6.014335571332376 × 10^290 |
| 55 | ov_055 | 1.0024858103996615 × 10^291 |
| 54 | ov_054 | 1.6188720673995644 × 10^291 |
| 53 | ov_053 | 2.5266786139525706 × 10^291 |
| 52 | ov_052 | 3.8114249490486806 × 10^291 |
| 51 | ov_051 | 5.568067885479361 × 10^291 |
| 50 | ov_050 | 7.901008518951945 × 10^291 |
| 49 | ov_049 | 1.0924104587882165 × 10^292 |
| 48 | ov_048 | 1.4760691526100016 × 10^292 |
| 47 | ov_047 | 1.9543616347111462 × 10^292 |
| 32 | lv_80_k31 | 2.1985996998781945 × 10^292 |
| 46 | ov_046 | 2.541528968660574 × 10^292 |
| 45 | ov_045 | 3.2527762253289586 × 10^292 |
| 44 | ov_044 | 4.0964385938510184 × 10^292 |
| 43 | ov_043 | 5.081350191209538 × 10^292 |
| 42 | ov_042 | 6.216855039604721 × 10^292 |
| 41 | ov_041 | 7.522165103485492 × 10^292 |
| 40 | ov_040 | 9.017557740287582 × 10^292 |
| 31 | ov_031 | 9.077166484174045 × 10^292 |
| 39 | ov_039 | 1.072441488172771 × 10^293 |
| 38 | ov_038 | 1.2665270941724424 × 10^293 |
| 37 | ov_037 | 1.4863870641789265 × 10^293 |
| 36 | ov_036 | 1.7345238025783052 × 10^293 |
| 35 | ov_035 | 2.0135758020752127 × 10^293 |
| 34 | ov_034 | 2.3263271989694985 × 10^293 |
| 33 | ov_033 | 2.675718881614506 × 10^293 |
| 30 | ov_030 | 3.746612160271748 × 10^293 |
| 29 | ov_029 | 1.1318720796202084 × 10^294 |
| 28 | ov_028 | 2.7460163325349622 × 10^294 |
| 27 | ov_027 | 5.701859724228312 × 10^294 |
| 26 | ov_026 | 1.1860807513821854 × 10^295 |
| 25 | ov_025 | 2.5465381704784945 × 10^295 |
| 24 | ov_024 | 5.179754571541079 × 10^295 |
| 23 | ov_023 | 9.717877269700113 × 10^295 |
| 22 | ov_022 | 1.6897020852132811 × 10^296 |
| 21 | ov_021 | 2.755730100276694 × 10^296 |
| 20 | ov_020 | 4.2642897462493826 × 10^296 |
| 19 | ov_019 | 6.320216147362855 × 10^296 |
| 18 | ov_018 | 9.038778945422528 × 10^296 |
| 17 | ov_017 | 1.2545709676753466 × 10^297 |
| 16 | ov_016 | 1.6977243898626768 × 10^297 |
| 15 | ov_015 | 2.2480183774967725 × 10^297 |
| 14 | ov_014 | 2.9211987585733416 × 10^297 |
| 13 | ov_013 | 3.734089337921936 × 10^297 |
| 12 | ov_012 | 4.70460847419088 × 10^297 |
| 11 | ov_011 | 5.8517907416663196 × 10^297 |
| 10 | ov_010 | 7.19581462576496 × 10^297 |
| 9 | ov_009 | 8.758037277028883 × 10^297 |
| 8 | ov_008 | 1.0561037424795147 × 10^298 |
| 7 | ov_007 | 1.2628667550137528 × 10^298 |
| 6 | ov_006 | 1.4986116255055438 × 10^298 |
| 5 | ov_005 | 1.7659981588496497 × 10^298 |
| 4 | ov_004 | 2.0678356150045947 × 10^298 |
| 3 | ov_003 | 2.4070925119095826 × 10^298 |
| 2 | ov_002 | 2.7869078701452873 × 10^298 |
| 1 | ov_001 | 3.2089904293507207 × 10^298 |

