# Results for F001-F002-F003-F004-F005-F006-F007-F008-F009-F010-F011-F012-F013-F014-F015-F016-F017-F018-F019-F020-F021-F022-F023-F024-F025-F026-F027-F028-F029-F030-F031-F032-F033-F034-F035-F036-F037-F038-F039-F040-F041-F042-F043-F044-F045-F046-F047-F048-F049-F050-F051-F052-F053-F054-F055-F056-F057-F058-F059-F060-F061-F062-F063-F064-F065-F066-F067-F068-F069-F070-F071-F072-F073-F074-F075-F076-F077-F078-F079-F080-F081-F082-F083-F084-F085-F086-F087-F088-F089-F090-F091-F092-F093-F094-F095-F096-F097-F098-F099-F100-F101-F102-F103-F104-F105-F106-F107-F108-F109-F110-F111-F112-F113-F114-F115-F116-F117-F118-F119-F120-F121-F122-F123-F124-F125-F126-F127-F128-F129-F130-F131-F132-F133-F134-F135-F136-F137-F138-F139-F140-F141-F142-F143-F144-F145-F146-F147-F148-F149-F150-F151-F152-F153-F154-F155-F156-F157-F158-F159-F160-F161-F162-F163-F164-F165-F166-F167-F168-F169-F170-F171-F172-F173-F174-F175-F176-F177-F178-F179-F180-F181-F182-F183-F184-F185-F186-F187-F188-F189-F190-F191-F192-F193-F194-F195-F196-F197-F198-F199-F200-F201-F202-F203-F204-F205-F206-F207-F208-F209-F210-F211-F212-F213-F214-F215-F216-F217-F218-F219-F220-F221-F222-F223-F224-F225-F226-F227-F228-F229-F230-F231-F232-F233-F234-F235-F236-F237-F238-F239-F240-F241-F242-F243-F244-F245-F246-F247-F248-F249-F250-F251-F252-F253-F254-F255-F256-F257-F258-F259-F260-F261-F262-F263-F264-F265-F266-F267-F268-F269-F270-F271-F272-F273-F274-F275-F276-F277-F278-F279-F280-F281-F282-F283-F284-F285-F286-F287-F288-F289-F290-F291-F292-F293-F294-F295-F296-F297-F298-F299-F300-F301-F302-F303-F304-F305-F306-F307-F308-F309-F310-F311-F312-F313-F314-F315-F316-F317-F318-F319-F320-F321-F322-F323-F324-F325-F326-F327-F328-F329-F330-F331-F332-F333-F334-F335-F336-F337-F338-F339-F340-F341-F342-F343-F344-F345-F346-F347-F348-F349-F350-F351-F352-F353-F354-F355-F356-F357-F358-F359-F360-F361-F362-F363-F364-F365-F366-F367-F368-F369-F370-F371-F372-F373-F374-F375-F376-F377-F378-F379-F380-F381-F382-F383-F384-F385-F386-F387-F388-F389-F390-F391-F392-F393-F394-F395-F396-F397-F398-F399-F400-F401-F402-F403-F404-F405-F406-F407-F408-F409-F410-F411-F412-F413-F414-F415-F416-F417-F418-F419-F420-F421-F422-F423-F424-F425-F426-F427-F428-F429-F430-F431-F432-F433-F434-F435-F436-F437-F438-F439-F440-F441-F442-F443-F444-F445-F446-F447-F448-F449-F450-F451-F452-F453-F454-F455-F456-F457-F458-F459-F460-F461-F462-F463-F464-F465-F466-F467-F468-F469-F470-F471-F472-F473-F474-F475-F476-F477-F478-F479-F480-F481-F482-F483-F484-F485-F486-F487-F488-F489-F490-F491-F492-F493-F494-F495-F496-T499-F505-F509-F510-F511-F512

## Summary

Number of input bits: 512  
Number of free input bits: 10  
Number of output bits: 160

Number of direct occurrences: 41087  
Number of assignments: 31030  
Number of operations: 11111694
(xor: 11083583,
and: 14864,
or: 13247)

Total complexity: 1.9781519664846587 × 10^301

Least occurring input variable: iv_498 (3911)  
Most occurring input variable: iv_501 (4280)

Most co-occurring input variables: iv_501-iv_502 (2141)  
Least co-occurring input variables: iv_497-iv_498 (1787)

Potentially most occurring input variable: iv_497/iv_508 (4546)  
Potentially least occurring input variable: iv_501/iv_502 (4103)

Least output occurring input variable: iv_503 (71)  
Most output occurring input variable: iv_501 (86)

Most output co-occurring input variables: iv_501-iv_507 (49)  
Least output co-occurring input variables: iv_503-iv_508 (29)

Potentially most output occurring input variable: iv_504/iv_506 (92)  
Potentially least output occurring input variable: iv_497/iv_502 (69)

Least complex input bit: iv_497 (9.277629206081091 × 10^298)  
Most complex input bit: iv_508 (5.85747033106867 × 10^300)

Least complex output bit: aaa_76_29 (1.1688960549152501 × 10^276)  
Most complex output bit: ov_001 (3.164378903085816 × 10^300)

Least complex input/output complexity: iv_497/aaa_76_29 (5.482179509811082 × 10^273)  
Most complex input/output complexity: iv_508/ov_001 (9.36998565081098 × 10^299)

## Input Bits

### Input Bits in Regular Order

| Input Bit | Complexity | Occurrences | Output Occurrences |
|:---------:|:----------:|:-----------:|:------------------:|
| iv_497 | 9.277629206081091 × 10^298 | 4105 | 72 |
| iv_498 | 1.309475354691673 × 10^299 | 3911 | 81 |
| iv_500 | 5.928203559330101 × 10^299 | 4147 | 82 |
| iv_501 | 1.2089445301511043 × 10^300 | 4280 | 86 |
| iv_502 | 2.1934707893604664 × 10^300 | 4105 | 77 |
| iv_503 | 1.536580127738161 × 10^300 | 4119 | 71 |
| iv_504 | 7.907519848996686 × 10^299 | 4027 | 84 |
| iv_506 | 2.65505598276116 × 10^300 | 3972 | 76 |
| iv_507 | 4.7227017354043756 × 10^300 | 4198 | 86 |
| iv_508 | 5.85747033106867 × 10^300 | 4223 | 76 |

### Input Bits Sorted by Complexity

| Input Bit | Complexity | Occurrences | Output Occurrences |
|:---------:|:----------:|:-----------:|:------------------:|
| iv_497 | 9.277629206081091 × 10^298 | 4105 | 72 |
| iv_498 | 1.309475354691673 × 10^299 | 3911 | 81 |
| iv_500 | 5.928203559330101 × 10^299 | 4147 | 82 |
| iv_504 | 7.907519848996686 × 10^299 | 4027 | 84 |
| iv_501 | 1.2089445301511043 × 10^300 | 4280 | 86 |
| iv_503 | 1.536580127738161 × 10^300 | 4119 | 71 |
| iv_502 | 2.1934707893604664 × 10^300 | 4105 | 77 |
| iv_506 | 2.65505598276116 × 10^300 | 3972 | 76 |
| iv_507 | 4.7227017354043756 × 10^300 | 4198 | 86 |
| iv_508 | 5.85747033106867 × 10^300 | 4223 | 76 |

### Input Bits Sorted by Occurrences

| Input Bit | Complexity | Occurrences | Output Occurrences |
|:---------:|:----------:|:-----------:|:------------------:|
| iv_498 | 1.309475354691673 × 10^299 | 3911 | 81 |
| iv_506 | 2.65505598276116 × 10^300 | 3972 | 76 |
| iv_504 | 7.907519848996686 × 10^299 | 4027 | 84 |
| iv_502 | 2.1934707893604664 × 10^300 | 4105 | 77 |
| iv_497 | 9.277629206081091 × 10^298 | 4105 | 72 |
| iv_503 | 1.536580127738161 × 10^300 | 4119 | 71 |
| iv_500 | 5.928203559330101 × 10^299 | 4147 | 82 |
| iv_507 | 4.7227017354043756 × 10^300 | 4198 | 86 |
| iv_508 | 5.85747033106867 × 10^300 | 4223 | 76 |
| iv_501 | 1.2089445301511043 × 10^300 | 4280 | 86 |

### Input Bits Sorted by Output Occurrences

| Input Bit | Complexity | Occurrences | Output Occurrences |
|:---------:|:----------:|:-----------:|:------------------:|
| iv_503 | 1.536580127738161 × 10^300 | 4119 | 71 |
| iv_497 | 9.277629206081091 × 10^298 | 4105 | 72 |
| iv_508 | 5.85747033106867 × 10^300 | 4223 | 76 |
| iv_506 | 2.65505598276116 × 10^300 | 3972 | 76 |
| iv_502 | 2.1934707893604664 × 10^300 | 4105 | 77 |
| iv_498 | 1.309475354691673 × 10^299 | 3911 | 81 |
| iv_500 | 5.928203559330101 × 10^299 | 4147 | 82 |
| iv_504 | 7.907519848996686 × 10^299 | 4027 | 84 |
| iv_507 | 4.7227017354043756 × 10^300 | 4198 | 86 |
| iv_501 | 1.2089445301511043 × 10^300 | 4280 | 86 |

## Input Bit Co-occurrences

### Input Bit Co-occurrences Sorted by Co-occurrences

| Input Bits | Co-occurrences | Potential Occurrences | Output Co-occurrences | Potential Output Occurrences |
|:----------:|:--------------:|:---------------------:|:---------------------:|:----------------------------:|
| iv_501-iv_502 | 2141 | 4103 | 40 | 83 |
| iv_501-iv_507 | 2119 | 4240 | 49 | 74 |
| iv_500-iv_501 | 2079 | 4269 | 41 | 86 |
| iv_501-iv_508 | 2054 | 4395 | 45 | 72 |
| iv_497-iv_501 | 2015 | 4355 | 39 | 80 |
| iv_507-iv_508 | 2012 | 4397 | 44 | 74 |
| iv_502-iv_507 | 2009 | 4285 | 44 | 75 |
| iv_502-iv_508 | 2005 | 4318 | 38 | 77 |
| iv_500-iv_502 | 2004 | 4244 | 40 | 79 |
| iv_500-iv_507 | 2000 | 4345 | 43 | 82 |

### Input Bit Co-occurrences Sorted by Potential Occurrences

| Input Bits | Co-occurrences | Potential Occurrences | Output Co-occurrences | Potential Output Occurrences |
|:----------:|:--------------:|:---------------------:|:---------------------:|:----------------------------:|
| iv_501-iv_502 | 2141 | 4103 | 40 | 83 |
| iv_498-iv_506 | 1864 | 4155 | 40 | 77 |
| iv_498-iv_504 | 1878 | 4182 | 44 | 77 |
| iv_498-iv_501 | 1984 | 4223 | 47 | 73 |
| iv_506-iv_507 | 1971 | 4228 | 39 | 84 |
| iv_498-iv_507 | 1937 | 4235 | 44 | 79 |
| iv_501-iv_507 | 2119 | 4240 | 49 | 74 |
| iv_500-iv_502 | 2004 | 4244 | 40 | 79 |
| iv_504-iv_507 | 1986 | 4253 | 41 | 88 |
| iv_498-iv_502 | 1879 | 4258 | 39 | 80 |

### Input Bit Output Co-occurrences Sorted by Output Co-occurrences

| Input Bits | Co-occurrences | Potential Occurrences | Output Co-occurrences | Potential Output Occurrences |
|:----------:|:--------------:|:---------------------:|:---------------------:|:----------------------------:|
| iv_501-iv_507 | 2119 | 4240 | 49 | 74 |
| iv_498-iv_501 | 1984 | 4223 | 47 | 73 |
| iv_501-iv_508 | 2054 | 4395 | 45 | 72 |
| iv_498-iv_507 | 1937 | 4235 | 44 | 79 |
| iv_502-iv_507 | 2009 | 4285 | 44 | 75 |
| iv_507-iv_508 | 2012 | 4397 | 44 | 74 |
| iv_500-iv_504 | 1948 | 4278 | 44 | 78 |
| iv_498-iv_504 | 1878 | 4182 | 44 | 77 |
| iv_497-iv_507 | 1970 | 4363 | 43 | 72 |
| iv_498-iv_508 | 1882 | 4370 | 43 | 71 |

### Input Bit Output Co-occurrences Sorted by Potential Output Occurrences

| Input Bits | Co-occurrences | Potential Occurrences | Output Co-occurrences | Potential Output Occurrences |
|:----------:|:--------------:|:---------------------:|:---------------------:|:----------------------------:|
| iv_497-iv_502 | 1897 | 4416 | 40 | 69 |
| iv_498-iv_508 | 1882 | 4370 | 43 | 71 |
| iv_497-iv_507 | 1970 | 4363 | 43 | 72 |
| iv_501-iv_508 | 2054 | 4395 | 45 | 72 |
| iv_500-iv_503 | 1969 | 4328 | 40 | 73 |
| iv_498-iv_501 | 1984 | 4223 | 47 | 73 |
| iv_507-iv_508 | 2012 | 4397 | 44 | 74 |
| iv_501-iv_507 | 2119 | 4240 | 49 | 74 |
| iv_497-iv_503 | 1902 | 4420 | 34 | 75 |
| iv_502-iv_507 | 2009 | 4285 | 44 | 75 |

## Output Bits

### Output Bits in Regular Order

| Rank | Output Bit | Complexity |
|:----:|:----------:|:----------:|
| 1 | ov_001 | 3.164378903085816 × 10^300 |
| 2 | ov_002 | 2.7441537414718484 × 10^300 |
| 3 | ov_003 | 2.3677323123138496 × 10^300 |
| 4 | ov_004 | 2.031790986760558 × 10^300 |
| 5 | ov_005 | 1.7331878694990244 × 10^300 |
| 6 | ov_006 | 1.4689498911915184 × 10^300 |
| 7 | ov_007 | 1.2362615566567688 × 10^300 |
| 8 | ov_008 | 1.0324552333352229 × 10^300 |
| 9 | ov_009 | 8.550028514784774 × 10^299 |
| 10 | ov_010 | 7.015088729863396 × 10^299 |
| 11 | ov_011 | 5.6970440219209755 × 10^299 |
| 12 | ov_012 | 4.574423206835592 × 10^299 |
| 13 | ov_013 | 3.6269331874096686 × 10^299 |
| 14 | ov_014 | 2.8354269540299704 × 10^299 |
| 15 | ov_015 | 2.1818780757044575 × 10^299 |
| 16 | ov_016 | 1.649360628060524 × 10^299 |
| 17 | ov_017 | 1.222033706079452 × 10^299 |
| 18 | ov_018 | 8.851297517652489 × 10^298 |
| 19 | ov_019 | 6.249458907102267 × 10^298 |
| 20 | ov_020 | 4.28837533038076 × 10^298 |
| 21 | ov_021 | 2.852136871429945 × 10^298 |
| 22 | ov_022 | 1.8353361217986993 × 10^298 |
| 23 | ov_023 | 1.1430451999081288 × 10^298 |
| 24 | ov_024 | 6.908007803742058 × 10^297 |
| 25 | ov_025 | 4.045950578463286 × 10^297 |
| 26 | ov_026 | 2.2087089448798042 × 10^297 |
| 27 | ov_027 | 1.1046199221662352 × 10^297 |
| 28 | ov_028 | 4.942594980334788 × 10^296 |
| 29 | ov_029 | 1.904403432270539 × 10^296 |
| 30 | ov_030 | 5.821115700498211 × 10^295 |
| 31 | ov_031 | 1.1350108555545954 × 10^295 |
| 32 | lv_80_m31 | 2.2121898211663675 × 10^294 |
| 33 | ov_033 | 2.6574308073312134 × 10^295 |
| 34 | ov_034 | 2.3067881352068866 × 10^295 |
| 35 | ov_035 | 1.9928109202856752 × 10^295 |
| 36 | ov_036 | 1.7122783506103023 × 10^295 |
| 37 | ov_037 | 1.4621434235816208 × 10^295 |
| 38 | ov_038 | 1.2409244414492566 × 10^295 |
| 39 | ov_039 | 1.0458867500487259 × 10^295 |
| 40 | ov_040 | 8.744374188640954 × 10^294 |
| 41 | ov_041 | 7.241174743516694 × 10^294 |
| 42 | ov_042 | 5.937300287416373 × 10^294 |
| 43 | ov_043 | 4.821404067951299 × 10^294 |
| 44 | ov_044 | 3.872564426706185 × 10^294 |
| 45 | ov_045 | 3.070997550381775 × 10^294 |
| 46 | ov_046 | 2.4070919033039076 × 10^294 |
| 47 | ov_047 | 1.8632575235831696 × 10^294 |
| 48 | ov_048 | 1.4229719429200748 × 10^294 |
| 49 | ov_049 | 1.0707666783811223 × 10^294 |
| 50 | ov_050 | 7.92217259672656 × 10^293 |
| 51 | ov_051 | 5.73936039422912 × 10^293 |
| 52 | ov_052 | 4.094876525146362 × 10^293 |
| 53 | ov_053 | 2.8754436010882914 × 10^293 |
| 54 | ov_054 | 1.9780413150651964 × 10^293 |
| 55 | ov_055 | 1.3098899500238023 × 10^293 |
| 56 | ov_056 | 8.271581704904375 × 10^292 |
| 57 | ov_057 | 4.911277040966527 × 10^292 |
| 58 | ov_058 | 2.681910715375469 × 10^292 |
| 59 | ov_059 | 1.2985040722754082 × 10^292 |
| 60 | ov_060 | 5.271692454872875 × 10^291 |
| 61 | ov_061 | 1.8510723198891233 × 10^291 |
| 62 | ov_062 | 5.654138715436705 × 10^290 |
| 63 | ov_063 | 1.1017212273486009 × 10^290 |
| 64 | lv_79_m31 | 2.1462162160987872 × 10^289 |
| 65 | ov_065 | 2.5446736241021352 × 10^290 |
| 66 | ov_066 | 2.5446669694509916 × 10^290 |
| 67 | ov_067 | 2.5446653958588084 × 10^290 |
| 68 | ov_068 | 2.200301586560842 × 10^290 |
| 69 | ov_069 | 1.8923195044781664 × 10^290 |
| 70 | ov_070 | 1.6180046627424753 × 10^290 |
| 71 | ov_071 | 1.3747699220489963 × 10^290 |
| 72 | ov_072 | 1.1601483003639565 × 10^290 |
| 73 | ov_073 | 9.717873815252958 × 10^289 |
| 74 | ov_074 | 8.074449959323177 × 10^289 |
| 75 | ov_075 | 6.649858636925776 × 10^289 |
| 76 | ov_076 | 5.423789071233627 × 10^289 |
| 77 | ov_077 | 4.376949853415094 × 10^289 |
| 78 | ov_078 | 3.491049068972441 × 10^289 |
| 79 | ov_079 | 2.748776737441306 × 10^289 |
| 80 | ov_080 | 2.1337894175415506 × 10^289 |
| 81 | ov_081 | 1.6306968313550933 × 10^289 |
| 82 | ov_082 | 1.2250503621925502 × 10^289 |
| 83 | ov_083 | 9.033332815918189 × 10^288 |
| 84 | ov_084 | 6.529525614475161 × 10^288 |
| 85 | ov_085 | 4.622321276604384 × 10^288 |
| 86 | ov_086 | 3.204074119634076 × 10^288 |
| 87 | ov_087 | 2.1762105875532844 × 10^288 |
| 88 | ov_088 | 1.4491964388428657 × 10^288 |
| 89 | ov_089 | 9.425126238342896 × 10^287 |
| 90 | ov_090 | 5.846384219637184 × 10^287 |
| 91 | ov_091 | 3.420613564529769 × 10^287 |
| 92 | ov_092 | 1.857604802938783 × 10^287 |
| 93 | ov_093 | 9.120399421478663 × 10^286 |
| 94 | ov_094 | 3.8348076133282934 × 10^286 |
| 95 | aaa_78_28 | 1.163640324572815 × 10^286 |
| 96 | aaa_78_29 | 3.476631848420895 × 10^285 |
| 97 | ov_097 | 1.8404482256092765 × 10^285 |
| 98 | ov_098 | 1.8404246791549797 × 10^285 |
| 99 | ov_099 | 1.8404171619766212 × 10^285 |
| 100 | ov_100 | 1.506585891822679 × 10^285 |
| 101 | ov_101 | 1.2252679970001164 × 10^285 |
| 102 | ov_102 | 9.90658984407155 × 10^284 |
| 103 | ov_103 | 7.97271525384862 × 10^284 |
| 104 | ov_104 | 6.3991230697444644 × 10^284 |
| 105 | ov_105 | 5.136619333209336 × 10^284 |
| 106 | ov_106 | 4.138575966016382 × 10^284 |
| 107 | ov_107 | 3.360782511092392 × 10^284 |
| 108 | ov_108 | 2.7613203790010917 × 10^284 |
| 109 | ov_109 | 2.300457208290048 × 10^284 |
| 110 | ov_110 | 1.9405590791601557 × 10^284 |
| 111 | ov_111 | 1.6460184490173327 × 10^284 |
| 112 | ov_112 | 1.3831958059977384 × 10^284 |
| 113 | ov_113 | 1.150206042691848 × 10^284 |
| 114 | ov_114 | 9.4519200702123 × 10^283 |
| 115 | ov_115 | 7.6631754203506905 × 10^283 |
| 116 | ov_116 | 6.117619028286808 × 10^283 |
| 117 | ov_117 | 4.79715426030516 × 10^283 |
| 118 | ov_118 | 3.683763273875806 × 10^283 |
| 119 | ov_119 | 2.7594840089775353 × 10^283 |
| 120 | ov_120 | 2.006393063787357 × 10^283 |
| 121 | ov_121 | 1.406592656082994 × 10^283 |
| 122 | ov_122 | 9.422010486270324 × 10^282 |
| 123 | ov_123 | 5.95345816873676 × 10^282 |
| 124 | ov_124 | 3.481593373480357 × 10^282 |
| 125 | ov_125 | 1.8277602587507573 × 10^282 |
| 126 | ov_126 | 8.133096981584607 × 10^281 |
| 127 | aaa_77_28 | 2.5959433259929335 × 10^281 |
| 128 | aaa_77_29 | 9.725672981037773 × 10^280 |
| 129 | ov_129 | 8.94060906753166 × 10^280 |
| 130 | ov_130 | 8.940582395562109 × 10^280 |
| 131 | ov_131 | 8.940575957621374 × 10^280 |
| 132 | ov_132 | 7.7372958380789 × 10^280 |
| 133 | ov_133 | 6.660789345194358 × 10^280 |
| 134 | ov_134 | 5.701472169926721 × 10^280 |
| 135 | ov_135 | 4.850262412058303 × 10^280 |
| 136 | ov_136 | 4.0985445761641 × 10^280 |
| 137 | ov_137 | 3.4381388611729084 × 10^280 |
| 138 | ov_138 | 2.8612752131946175 × 10^280 |
| 139 | ov_139 | 2.3605716378823626 × 10^280 |
| 140 | ov_140 | 1.9290162945222736 × 10^280 |
| 141 | ov_141 | 1.5599529194653607 × 10^280 |
| 142 | ov_142 | 1.2470691515706135 × 10^280 |
| 143 | ov_143 | 9.843873571216854 × 10^279 |
| 144 | ov_144 | 7.66257576293733 × 10^279 |
| 145 | ov_145 | 5.873522377426801 × 10^279 |
| 146 | ov_146 | 4.426623123078805 × 10^279 |
| 147 | ov_147 | 3.274946011861827 × 10^279 |
| 148 | ov_148 | 2.3746989274769025 × 10^279 |
| 149 | ov_149 | 1.6852177543023605 × 10^279 |
| 150 | ov_150 | 1.1689591843066458 × 10^279 |
| 151 | ov_151 | 7.914963714704247 × 10^278 |
| 152 | ov_152 | 5.215160680745674 × 10^278 |
| 153 | ov_153 | 3.308165945590234 × 10^278 |
| 154 | ov_154 | 1.9430642236502974 × 10^278 |
| 155 | ov_155 | 1.002171784658715 × 10^278 |
| 156 | aaa_76_25 | 3.8334940679040914 × 10^277 |
| 157 | aaa_76_26 | 2.189319802140976 × 10^277 |
| 158 | aaa_76_27 | 1.1002914236360011 × 10^277 |
| 159 | aaa_76_28 | 4.1100024095275287 × 10^276 |
| 160 | aaa_76_29 | 1.1688960549152501 × 10^276 |

### Output Bits Sorted by Complexity

| Rank | Output Bit | Complexity |
|:----:|:----------:|:----------:|
| 160 | aaa_76_29 | 1.1688960549152501 × 10^276 |
| 159 | aaa_76_28 | 4.1100024095275287 × 10^276 |
| 158 | aaa_76_27 | 1.1002914236360011 × 10^277 |
| 157 | aaa_76_26 | 2.189319802140976 × 10^277 |
| 156 | aaa_76_25 | 3.8334940679040914 × 10^277 |
| 155 | ov_155 | 1.002171784658715 × 10^278 |
| 154 | ov_154 | 1.9430642236502974 × 10^278 |
| 153 | ov_153 | 3.308165945590234 × 10^278 |
| 152 | ov_152 | 5.215160680745674 × 10^278 |
| 151 | ov_151 | 7.914963714704247 × 10^278 |
| 150 | ov_150 | 1.1689591843066458 × 10^279 |
| 149 | ov_149 | 1.6852177543023605 × 10^279 |
| 148 | ov_148 | 2.3746989274769025 × 10^279 |
| 147 | ov_147 | 3.274946011861827 × 10^279 |
| 146 | ov_146 | 4.426623123078805 × 10^279 |
| 145 | ov_145 | 5.873522377426801 × 10^279 |
| 144 | ov_144 | 7.66257576293733 × 10^279 |
| 143 | ov_143 | 9.843873571216854 × 10^279 |
| 142 | ov_142 | 1.2470691515706135 × 10^280 |
| 141 | ov_141 | 1.5599529194653607 × 10^280 |
| 140 | ov_140 | 1.9290162945222736 × 10^280 |
| 139 | ov_139 | 2.3605716378823626 × 10^280 |
| 138 | ov_138 | 2.8612752131946175 × 10^280 |
| 137 | ov_137 | 3.4381388611729084 × 10^280 |
| 136 | ov_136 | 4.0985445761641 × 10^280 |
| 135 | ov_135 | 4.850262412058303 × 10^280 |
| 134 | ov_134 | 5.701472169926721 × 10^280 |
| 133 | ov_133 | 6.660789345194358 × 10^280 |
| 132 | ov_132 | 7.7372958380789 × 10^280 |
| 131 | ov_131 | 8.940575957621374 × 10^280 |
| 130 | ov_130 | 8.940582395562109 × 10^280 |
| 129 | ov_129 | 8.94060906753166 × 10^280 |
| 128 | aaa_77_29 | 9.725672981037773 × 10^280 |
| 127 | aaa_77_28 | 2.5959433259929335 × 10^281 |
| 126 | ov_126 | 8.133096981584607 × 10^281 |
| 125 | ov_125 | 1.8277602587507573 × 10^282 |
| 124 | ov_124 | 3.481593373480357 × 10^282 |
| 123 | ov_123 | 5.95345816873676 × 10^282 |
| 122 | ov_122 | 9.422010486270324 × 10^282 |
| 121 | ov_121 | 1.406592656082994 × 10^283 |
| 120 | ov_120 | 2.006393063787357 × 10^283 |
| 119 | ov_119 | 2.7594840089775353 × 10^283 |
| 118 | ov_118 | 3.683763273875806 × 10^283 |
| 117 | ov_117 | 4.79715426030516 × 10^283 |
| 116 | ov_116 | 6.117619028286808 × 10^283 |
| 115 | ov_115 | 7.6631754203506905 × 10^283 |
| 114 | ov_114 | 9.4519200702123 × 10^283 |
| 113 | ov_113 | 1.150206042691848 × 10^284 |
| 112 | ov_112 | 1.3831958059977384 × 10^284 |
| 111 | ov_111 | 1.6460184490173327 × 10^284 |
| 110 | ov_110 | 1.9405590791601557 × 10^284 |
| 109 | ov_109 | 2.300457208290048 × 10^284 |
| 108 | ov_108 | 2.7613203790010917 × 10^284 |
| 107 | ov_107 | 3.360782511092392 × 10^284 |
| 106 | ov_106 | 4.138575966016382 × 10^284 |
| 105 | ov_105 | 5.136619333209336 × 10^284 |
| 104 | ov_104 | 6.3991230697444644 × 10^284 |
| 103 | ov_103 | 7.97271525384862 × 10^284 |
| 102 | ov_102 | 9.90658984407155 × 10^284 |
| 101 | ov_101 | 1.2252679970001164 × 10^285 |
| 100 | ov_100 | 1.506585891822679 × 10^285 |
| 99 | ov_099 | 1.8404171619766212 × 10^285 |
| 98 | ov_098 | 1.8404246791549797 × 10^285 |
| 97 | ov_097 | 1.8404482256092765 × 10^285 |
| 96 | aaa_78_29 | 3.476631848420895 × 10^285 |
| 95 | aaa_78_28 | 1.163640324572815 × 10^286 |
| 94 | ov_094 | 3.8348076133282934 × 10^286 |
| 93 | ov_093 | 9.120399421478663 × 10^286 |
| 92 | ov_092 | 1.857604802938783 × 10^287 |
| 91 | ov_091 | 3.420613564529769 × 10^287 |
| 90 | ov_090 | 5.846384219637184 × 10^287 |
| 89 | ov_089 | 9.425126238342896 × 10^287 |
| 88 | ov_088 | 1.4491964388428657 × 10^288 |
| 87 | ov_087 | 2.1762105875532844 × 10^288 |
| 86 | ov_086 | 3.204074119634076 × 10^288 |
| 85 | ov_085 | 4.622321276604384 × 10^288 |
| 84 | ov_084 | 6.529525614475161 × 10^288 |
| 83 | ov_083 | 9.033332815918189 × 10^288 |
| 82 | ov_082 | 1.2250503621925502 × 10^289 |
| 81 | ov_081 | 1.6306968313550933 × 10^289 |
| 80 | ov_080 | 2.1337894175415506 × 10^289 |
| 64 | lv_79_m31 | 2.1462162160987872 × 10^289 |
| 79 | ov_079 | 2.748776737441306 × 10^289 |
| 78 | ov_078 | 3.491049068972441 × 10^289 |
| 77 | ov_077 | 4.376949853415094 × 10^289 |
| 76 | ov_076 | 5.423789071233627 × 10^289 |
| 75 | ov_075 | 6.649858636925776 × 10^289 |
| 74 | ov_074 | 8.074449959323177 × 10^289 |
| 73 | ov_073 | 9.717873815252958 × 10^289 |
| 63 | ov_063 | 1.1017212273486009 × 10^290 |
| 72 | ov_072 | 1.1601483003639565 × 10^290 |
| 71 | ov_071 | 1.3747699220489963 × 10^290 |
| 70 | ov_070 | 1.6180046627424753 × 10^290 |
| 69 | ov_069 | 1.8923195044781664 × 10^290 |
| 68 | ov_068 | 2.200301586560842 × 10^290 |
| 67 | ov_067 | 2.5446653958588084 × 10^290 |
| 66 | ov_066 | 2.5446669694509916 × 10^290 |
| 65 | ov_065 | 2.5446736241021352 × 10^290 |
| 62 | ov_062 | 5.654138715436705 × 10^290 |
| 61 | ov_061 | 1.8510723198891233 × 10^291 |
| 60 | ov_060 | 5.271692454872875 × 10^291 |
| 59 | ov_059 | 1.2985040722754082 × 10^292 |
| 58 | ov_058 | 2.681910715375469 × 10^292 |
| 57 | ov_057 | 4.911277040966527 × 10^292 |
| 56 | ov_056 | 8.271581704904375 × 10^292 |
| 55 | ov_055 | 1.3098899500238023 × 10^293 |
| 54 | ov_054 | 1.9780413150651964 × 10^293 |
| 53 | ov_053 | 2.8754436010882914 × 10^293 |
| 52 | ov_052 | 4.094876525146362 × 10^293 |
| 51 | ov_051 | 5.73936039422912 × 10^293 |
| 50 | ov_050 | 7.92217259672656 × 10^293 |
| 49 | ov_049 | 1.0707666783811223 × 10^294 |
| 48 | ov_048 | 1.4229719429200748 × 10^294 |
| 47 | ov_047 | 1.8632575235831696 × 10^294 |
| 32 | lv_80_m31 | 2.2121898211663675 × 10^294 |
| 46 | ov_046 | 2.4070919033039076 × 10^294 |
| 45 | ov_045 | 3.070997550381775 × 10^294 |
| 44 | ov_044 | 3.872564426706185 × 10^294 |
| 43 | ov_043 | 4.821404067951299 × 10^294 |
| 42 | ov_042 | 5.937300287416373 × 10^294 |
| 41 | ov_041 | 7.241174743516694 × 10^294 |
| 40 | ov_040 | 8.744374188640954 × 10^294 |
| 39 | ov_039 | 1.0458867500487259 × 10^295 |
| 31 | ov_031 | 1.1350108555545954 × 10^295 |
| 38 | ov_038 | 1.2409244414492566 × 10^295 |
| 37 | ov_037 | 1.4621434235816208 × 10^295 |
| 36 | ov_036 | 1.7122783506103023 × 10^295 |
| 35 | ov_035 | 1.9928109202856752 × 10^295 |
| 34 | ov_034 | 2.3067881352068866 × 10^295 |
| 33 | ov_033 | 2.6574308073312134 × 10^295 |
| 30 | ov_030 | 5.821115700498211 × 10^295 |
| 29 | ov_029 | 1.904403432270539 × 10^296 |
| 28 | ov_028 | 4.942594980334788 × 10^296 |
| 27 | ov_027 | 1.1046199221662352 × 10^297 |
| 26 | ov_026 | 2.2087089448798042 × 10^297 |
| 25 | ov_025 | 4.045950578463286 × 10^297 |
| 24 | ov_024 | 6.908007803742058 × 10^297 |
| 23 | ov_023 | 1.1430451999081288 × 10^298 |
| 22 | ov_022 | 1.8353361217986993 × 10^298 |
| 21 | ov_021 | 2.852136871429945 × 10^298 |
| 20 | ov_020 | 4.28837533038076 × 10^298 |
| 19 | ov_019 | 6.249458907102267 × 10^298 |
| 18 | ov_018 | 8.851297517652489 × 10^298 |
| 17 | ov_017 | 1.222033706079452 × 10^299 |
| 16 | ov_016 | 1.649360628060524 × 10^299 |
| 15 | ov_015 | 2.1818780757044575 × 10^299 |
| 14 | ov_014 | 2.8354269540299704 × 10^299 |
| 13 | ov_013 | 3.6269331874096686 × 10^299 |
| 12 | ov_012 | 4.574423206835592 × 10^299 |
| 11 | ov_011 | 5.6970440219209755 × 10^299 |
| 10 | ov_010 | 7.015088729863396 × 10^299 |
| 9 | ov_009 | 8.550028514784774 × 10^299 |
| 8 | ov_008 | 1.0324552333352229 × 10^300 |
| 7 | ov_007 | 1.2362615566567688 × 10^300 |
| 6 | ov_006 | 1.4689498911915184 × 10^300 |
| 5 | ov_005 | 1.7331878694990244 × 10^300 |
| 4 | ov_004 | 2.031790986760558 × 10^300 |
| 3 | ov_003 | 2.3677323123138496 × 10^300 |
| 2 | ov_002 | 2.7441537414718484 × 10^300 |
| 1 | ov_001 | 3.164378903085816 × 10^300 |

