# Results for F001-F002-F003-F004-F005-F006-F007-F008-F009-F010-F011-F012-F013-F014-F015-F016-F017-F018-F019-F020-F021-F022-F023-F024-F025-F026-F027-F028-F029-F030-F031-F032-F033-F034-F035-F036-F037-F038-F039-F040-F041-F042-F043-F044-F045-F046-F047-F048-F049-F050-F051-F052-F053-F054-F055-F056-F057-F058-F059-F060-F061-F062-F063-F064-F065-F066-F067-F068-F069-F070-F071-F072-F073-F074-F075-F076-F077-F078-F079-F080-F081-F082-F083-F084-F085-F086-F087-F088-F089-F090-F091-F092-F093-F094-F095-F096-F097-F098-F099-F100-F101-F102-F103-F104-F105-F106-F107-F108-F109-F110-F111-F112-F113-F114-F115-F116-F117-F118-F119-F120-F121-F122-F123-F124-F125-F126-F127-F128-F129-F130-F131-F132-F133-F134-F135-F136-F137-F138-F139-F140-F141-F142-F143-F144-F145-F146-F147-F148-F149-F150-F151-F152-F153-F154-F155-F156-F157-F158-F159-F160-F161-F162-F163-F164-F165-F166-F167-F168-F169-F170-F171-F172-F173-F174-F175-F176-F177-F178-F179-F180-F181-F182-F183-F184-F185-F186-F187-F188-F189-F190-F191-F192-F193-F194-F195-F196-F197-F198-F199-F200-F201-F202-F203-F204-F205-F206-F207-F208-F209-F210-F211-F212-F213-F214-F215-F216-F217-F218-F219-F220-F221-F222-F223-F224-F225-F226-F227-F228-F229-F230-F231-F232-F233-F234-F235-F236-F237-F238-F239-F240-F241-F242-F243-F244-F245-F246-F247-F248-F249-F250-F251-F252-F253-F254-F255-F256-F257-F258-F259-F260-F261-F262-F263-F264-F265-F266-F267-F268-F269-F270-F271-F272-F273-F274-F275-F276-F277-F278-F279-F280-F281-F282-F283-F284-F285-F286-F287-F288-F289-F290-F291-F292-F293-F294-F295-F296-F297-F298-F299-F300-F301-F302-F303-F304-F305-F306-F307-F308-F309-F310-F311-F312-F313-F314-F315-F316-F317-F318-F319-F320-F321-F322-F323-F324-F325-F326-F327-F328-F329-F330-F331-F332-F333-F334-F335-F336-F337-F338-F339-F340-F341-F342-F343-F344-F345-F346-F347-F348-F349-F350-F351-F352-F353-F354-F355-F356-F357-F358-F359-F360-F361-F362-F363-F364-F365-F366-F367-F368-F369-F370-F371-F372-F373-F374-F375-F376-F377-F378-F379-F380-F381-F382-F383-F384-F385-F386-F387-F388-F389-F390-F391-F392-F393-F394-F395-F396-F397-F398-F399-F400-F401-F402-F403-F404-F405-F406-F407-F408-F409-F410-F411-F412-F413-F414-F415-F416-F417-F418-F419-F420-F421-F422-F423-F424-F425-F426-F427-F428-F429-F430-F431-F432-F433-F434-F435-F436-F437-F438-F439-F440-F441-F442-F443-F444-F445-F446-F447-F448-F449-F450-F451-F452-F453-F454-F455-F456-F457-F458-F459-F460-F461-F462-F463-F464-F465-F466-F467-F468-F469-F470-F471-F472-F473-F474-F475-F476-F477-F478-F479-F480-F481-F482-F483-F484-F485-F486-F487-F488-F489-F490-F491-F492-F493-F494-F495-F496-E499504-O499505-F509-F510-F511-F512

## Summary

Number of input bits: 512  
Number of free input bits: 10  
Number of output bits: 160

Number of direct occurrences: 40606  
Number of assignments: 31112  
Number of operations: 10899561
(xor: 10871588,
and: 14683,
or: 13290)

Total complexity: 4.859400139978059 × 10^298

Least occurring input variable: iv_498 (3906)  
Most occurring input variable: iv_508 (4165)

Most co-occurring input variables: iv_501-iv_502 (2009)  
Least co-occurring input variables: iv_498-iv_499 (1780)

Potentially most occurring input variable: iv_497/iv_499 (4608)  
Potentially least occurring input variable: iv_501/iv_502 (4104)

Least output occurring input variable: iv_503 (72)  
Most output occurring input variable: iv_497 (89)

Most output co-occurring input variables: iv_497-iv_502 (54)  
Least output co-occurring input variables: iv_503-iv_508 (34)

Potentially most output occurring input variable: iv_497/iv_500 (95)  
Potentially least output occurring input variable: iv_499/iv_500 (63)

Least complex input bit: iv_497 (3.2081315247362987 × 10^296)  
Most complex input bit: iv_508 (1.2718018564832348 × 10^298)

Least complex output bit: aaa_76_29 (3.3623763545371765 × 10^273)  
Most complex output bit: ov_001 (7.77304235075572 × 10^297)

Least complex input/output complexity: iv_497/aaa_76_29 (2.219810114477897 × 10^271)  
Most complex input/output complexity: iv_508/ov_001 (2.0343600871400068 × 10^297)

## Input Bits

### Input Bits in Regular Order

| Input Bit | Complexity | Occurrences | Output Occurrences |
|:---------:|:----------:|:-----------:|:------------------:|
| iv_497 | 3.2081315247362987 × 10^296 | 4093 | 89 |
| iv_498 | 6.419978945529914 × 10^296 | 3906 | 88 |
| iv_499 | 4.725354502478585 × 10^297 | 4111 | 83 |
| iv_500 | 1.9082991758593583 × 10^297 | 4080 | 82 |
| iv_501 | 3.141132912635273 × 10^297 | 4050 | 81 |
| iv_502 | 5.0638068529058693 × 10^297 | 4072 | 87 |
| iv_503 | 2.956059277677721 × 10^297 | 4070 | 72 |
| iv_506 | 6.549022615160448 × 10^297 | 3923 | 80 |
| iv_507 | 1.056949645120441 × 10^298 | 4136 | 80 |
| iv_508 | 1.2718018564832348 × 10^298 | 4165 | 81 |

### Input Bits Sorted by Complexity

| Input Bit | Complexity | Occurrences | Output Occurrences |
|:---------:|:----------:|:-----------:|:------------------:|
| iv_497 | 3.2081315247362987 × 10^296 | 4093 | 89 |
| iv_498 | 6.419978945529914 × 10^296 | 3906 | 88 |
| iv_500 | 1.9082991758593583 × 10^297 | 4080 | 82 |
| iv_503 | 2.956059277677721 × 10^297 | 4070 | 72 |
| iv_501 | 3.141132912635273 × 10^297 | 4050 | 81 |
| iv_499 | 4.725354502478585 × 10^297 | 4111 | 83 |
| iv_502 | 5.0638068529058693 × 10^297 | 4072 | 87 |
| iv_506 | 6.549022615160448 × 10^297 | 3923 | 80 |
| iv_507 | 1.056949645120441 × 10^298 | 4136 | 80 |
| iv_508 | 1.2718018564832348 × 10^298 | 4165 | 81 |

### Input Bits Sorted by Occurrences

| Input Bit | Complexity | Occurrences | Output Occurrences |
|:---------:|:----------:|:-----------:|:------------------:|
| iv_498 | 6.419978945529914 × 10^296 | 3906 | 88 |
| iv_506 | 6.549022615160448 × 10^297 | 3923 | 80 |
| iv_501 | 3.141132912635273 × 10^297 | 4050 | 81 |
| iv_503 | 2.956059277677721 × 10^297 | 4070 | 72 |
| iv_502 | 5.0638068529058693 × 10^297 | 4072 | 87 |
| iv_500 | 1.9082991758593583 × 10^297 | 4080 | 82 |
| iv_497 | 3.2081315247362987 × 10^296 | 4093 | 89 |
| iv_499 | 4.725354502478585 × 10^297 | 4111 | 83 |
| iv_507 | 1.056949645120441 × 10^298 | 4136 | 80 |
| iv_508 | 1.2718018564832348 × 10^298 | 4165 | 81 |

### Input Bits Sorted by Output Occurrences

| Input Bit | Complexity | Occurrences | Output Occurrences |
|:---------:|:----------:|:-----------:|:------------------:|
| iv_503 | 2.956059277677721 × 10^297 | 4070 | 72 |
| iv_506 | 6.549022615160448 × 10^297 | 3923 | 80 |
| iv_507 | 1.056949645120441 × 10^298 | 4136 | 80 |
| iv_501 | 3.141132912635273 × 10^297 | 4050 | 81 |
| iv_508 | 1.2718018564832348 × 10^298 | 4165 | 81 |
| iv_500 | 1.9082991758593583 × 10^297 | 4080 | 82 |
| iv_499 | 4.725354502478585 × 10^297 | 4111 | 83 |
| iv_502 | 5.0638068529058693 × 10^297 | 4072 | 87 |
| iv_498 | 6.419978945529914 × 10^296 | 3906 | 88 |
| iv_497 | 3.2081315247362987 × 10^296 | 4093 | 89 |

## Input Bit Co-occurrences

### Input Bit Co-occurrences Sorted by Co-occurrences

| Input Bits | Co-occurrences | Potential Occurrences | Output Co-occurrences | Potential Output Occurrences |
|:----------:|:--------------:|:---------------------:|:---------------------:|:----------------------------:|
| iv_501-iv_502 | 2009 | 4104 | 43 | 82 |
| iv_507-iv_508 | 1989 | 4323 | 40 | 81 |
| iv_497-iv_507 | 1983 | 4263 | 42 | 85 |
| iv_497-iv_501 | 1980 | 4183 | 45 | 80 |
| iv_500-iv_508 | 1976 | 4293 | 39 | 85 |
| iv_500-iv_501 | 1962 | 4206 | 50 | 63 |
| iv_500-iv_502 | 1961 | 4230 | 37 | 95 |
| iv_497-iv_502 | 1960 | 4245 | 54 | 68 |
| iv_500-iv_507 | 1959 | 4298 | 40 | 82 |
| iv_502-iv_507 | 1956 | 4296 | 43 | 81 |

### Input Bit Co-occurrences Sorted by Potential Occurrences

| Input Bits | Co-occurrences | Potential Occurrences | Output Co-occurrences | Potential Output Occurrences |
|:----------:|:--------------:|:---------------------:|:---------------------:|:----------------------------:|
| iv_501-iv_502 | 2009 | 4104 | 43 | 82 |
| iv_498-iv_506 | 1847 | 4135 | 41 | 86 |
| iv_506-iv_507 | 1953 | 4153 | 40 | 80 |
| iv_503-iv_506 | 1909 | 4175 | 35 | 82 |
| iv_497-iv_501 | 1980 | 4183 | 45 | 80 |
| iv_500-iv_506 | 1900 | 4203 | 38 | 86 |
| iv_500-iv_501 | 1962 | 4206 | 50 | 63 |
| iv_500-iv_502 | 1961 | 4230 | 37 | 95 |
| iv_497-iv_506 | 1886 | 4244 | 42 | 85 |
| iv_497-iv_502 | 1960 | 4245 | 54 | 68 |

### Input Bit Output Co-occurrences Sorted by Output Co-occurrences

| Input Bits | Co-occurrences | Potential Occurrences | Output Co-occurrences | Potential Output Occurrences |
|:----------:|:--------------:|:---------------------:|:---------------------:|:----------------------------:|
| iv_497-iv_502 | 1960 | 4245 | 54 | 68 |
| iv_499-iv_500 | 1904 | 4383 | 51 | 63 |
| iv_500-iv_501 | 1962 | 4206 | 50 | 63 |
| iv_498-iv_499 | 1780 | 4457 | 50 | 71 |
| iv_498-iv_501 | 1854 | 4248 | 48 | 73 |
| iv_498-iv_502 | 1836 | 4306 | 48 | 79 |
| iv_497-iv_499 | 1798 | 4608 | 48 | 76 |
| iv_497-iv_498 | 1865 | 4269 | 46 | 85 |
| iv_497-iv_508 | 1935 | 4388 | 46 | 78 |
| iv_497-iv_501 | 1980 | 4183 | 45 | 80 |

### Input Bit Output Co-occurrences Sorted by Potential Output Occurrences

| Input Bits | Co-occurrences | Potential Occurrences | Output Co-occurrences | Potential Output Occurrences |
|:----------:|:--------------:|:---------------------:|:---------------------:|:----------------------------:|
| iv_499-iv_500 | 1904 | 4383 | 51 | 63 |
| iv_500-iv_501 | 1962 | 4206 | 50 | 63 |
| iv_501-iv_503 | 1933 | 4254 | 43 | 67 |
| iv_497-iv_502 | 1960 | 4245 | 54 | 68 |
| iv_498-iv_499 | 1780 | 4457 | 50 | 71 |
| iv_498-iv_501 | 1854 | 4248 | 48 | 73 |
| iv_506-iv_508 | 1885 | 4318 | 44 | 73 |
| iv_503-iv_507 | 1947 | 4312 | 39 | 74 |
| iv_499-iv_501 | 1867 | 4427 | 44 | 76 |
| iv_497-iv_499 | 1798 | 4608 | 48 | 76 |

## Output Bits

### Output Bits in Regular Order

| Rank | Output Bit | Complexity |
|:----:|:----------:|:----------:|
| 1 | ov_001 | 7.77304235075572 × 10^297 |
| 2 | ov_002 | 6.74097406839867 × 10^297 |
| 3 | ov_003 | 5.816433930746795 × 10^297 |
| 4 | ov_004 | 4.991274223152603 × 10^297 |
| 5 | ov_005 | 4.257791489969044 × 10^297 |
| 6 | ov_006 | 3.60869485876264 × 10^297 |
| 7 | ov_007 | 3.037078453941157 × 10^297 |
| 8 | ov_008 | 2.5363976340490058 × 10^297 |
| 9 | ov_009 | 2.1004487568349403 × 10^297 |
| 10 | ov_010 | 1.7233521219346214 × 10^297 |
| 11 | ov_011 | 1.3995377370003284 × 10^297 |
| 12 | ov_012 | 1.1237335733553408 × 10^297 |
| 13 | ov_013 | 8.909559971120834 × 10^296 |
| 14 | ov_014 | 6.965020812572705 × 10^296 |
| 15 | ov_015 | 5.359435235464013 × 10^296 |
| 16 | ov_016 | 4.051219142233535 × 10^296 |
| 17 | ov_017 | 3.0014511663503153 × 10^296 |
| 18 | ov_018 | 2.1738454278096993 × 10^296 |
| 19 | ov_019 | 1.534731247490045 × 10^296 |
| 20 | ov_020 | 1.0530381076538294 × 10^296 |
| 21 | ov_021 | 7.002845897491807 × 10^295 |
| 22 | ov_022 | 4.505704290983138 × 10^295 |
| 23 | ov_023 | 2.8057102099603546 × 10^295 |
| 24 | ov_024 | 1.6953380681362152 × 10^295 |
| 25 | ov_025 | 9.927606275871325 × 10^294 |
| 26 | ov_026 | 5.4183688674584907 × 10^294 |
| 27 | ov_027 | 2.7091689778234137 × 10^294 |
| 28 | ov_028 | 1.2119014520942807 × 10^294 |
| 29 | ov_029 | 4.668497307974429 × 10^293 |
| 30 | ov_030 | 1.4268434831993744 × 10^293 |
| 31 | ov_031 | 2.782325963540553 × 10^292 |
| 32 | lv_80_m31 | 5.424585621268674 × 10^291 |
| 33 | ov_033 | 6.499875039650806 × 10^292 |
| 34 | ov_034 | 5.635937952279212 × 10^292 |
| 35 | ov_035 | 4.863091607918695 × 10^292 |
| 36 | ov_036 | 4.1739274908164374 × 10^292 |
| 37 | ov_037 | 3.5614357759238317 × 10^292 |
| 38 | ov_038 | 3.018977213759748 × 10^292 |
| 39 | ov_039 | 2.5402588731754165 × 10^292 |
| 40 | ov_040 | 2.119313367050488 × 10^292 |
| 41 | ov_041 | 1.7504812050718008 × 10^292 |
| 42 | ov_042 | 1.4310075950001427 × 10^292 |
| 43 | ov_043 | 1.158280878347971 × 10^292 |
| 44 | ov_044 | 9.274856969388662 × 10^291 |
| 45 | ov_045 | 7.34068804905373 × 10^291 |
| 46 | ov_046 | 5.737323658455143 × 10^291 |
| 47 | ov_047 | 4.424286264510103 × 10^291 |
| 48 | ov_048 | 3.363557490480916 × 10^291 |
| 49 | ov_049 | 2.519546272054989 × 10^291 |
| 50 | ov_050 | 1.8590652578715248 × 10^291 |
| 51 | ov_051 | 1.3513137957812878 × 10^291 |
| 52 | ov_052 | 9.678658950732105 × 10^290 |
| 53 | ov_053 | 6.8266179411863184 × 10^290 |
| 54 | ov_054 | 4.720021285577202 × 10^290 |
| 55 | ov_055 | 3.1454402878582314 × 10^290 |
| 56 | ov_056 | 2.0020479928713033 × 10^290 |
| 57 | ov_057 | 1.2007828059180424 × 10^290 |
| 58 | ov_058 | 6.643431210099869 × 10^289 |
| 59 | ov_059 | 3.2718453011966056 × 10^289 |
| 60 | ov_060 | 1.3551855777302098 × 10^289 |
| 61 | ov_061 | 4.731220517014821 × 10^288 |
| 62 | ov_062 | 1.297136054986451 × 10^288 |
| 63 | ov_063 | 2.526614068929924 × 10^287 |
| 64 | lv_79_m31 | 4.920247191072411 × 10^286 |
| 65 | ov_065 | 5.83510097793739 × 10^287 |
| 66 | ov_066 | 5.83508523093933 × 10^287 |
| 67 | ov_067 | 5.835081507353088 × 10^287 |
| 68 | ov_068 | 5.040913559579022 × 10^287 |
| 69 | ov_069 | 4.331619584220269 × 10^287 |
| 70 | ov_070 | 3.700776081670845 × 10^287 |
| 71 | ov_071 | 3.1422608896805394 × 10^287 |
| 72 | ov_072 | 2.6502361703951854 × 10^287 |
| 73 | ov_073 | 2.219135181101822 × 10^287 |
| 74 | ov_074 | 1.8436520552067575 × 10^287 |
| 75 | ov_075 | 1.5187338606532997 × 10^287 |
| 76 | ov_076 | 1.2395742421499838 × 10^287 |
| 77 | ov_077 | 1.001608062083828 × 10^287 |
| 78 | ov_078 | 8.005066992511271 × 10^286 |
| 79 | ov_079 | 6.3217389485236235 × 10^286 |
| 80 | ov_080 | 4.9274211072649695 × 10^286 |
| 81 | ov_081 | 3.785693651644968 × 10^286 |
| 82 | ov_082 | 2.8623651190922216 × 10^286 |
| 83 | ov_083 | 2.1254492814143106 × 10^286 |
| 84 | ov_084 | 1.5451457738893717 × 10^286 |
| 85 | ov_085 | 1.0938241339263102 × 10^286 |
| 86 | ov_086 | 7.582098130907755 × 10^285 |
| 87 | ov_087 | 5.14976212756852 × 10^285 |
| 88 | ov_088 | 3.429358218866608 × 10^285 |
| 89 | ov_089 | 2.2303450764017353 × 10^285 |
| 90 | ov_090 | 1.3834752357327713 × 10^285 |
| 91 | ov_091 | 8.094444087397084 × 10^284 |
| 92 | ov_092 | 4.395771609069603 × 10^284 |
| 93 | ov_093 | 2.158212681989724 × 10^284 |
| 94 | ov_094 | 9.074494291469652 × 10^283 |
| 95 | aaa_78_28 | 2.7535700686673257 × 10^283 |
| 96 | aaa_78_29 | 8.22685131700233 × 10^282 |
| 97 | ov_097 | 4.3549678832536996 × 10^282 |
| 98 | ov_098 | 4.354912051607315 × 10^282 |
| 99 | ov_099 | 4.3548942372739494 × 10^282 |
| 100 | ov_100 | 3.564892423778594 × 10^282 |
| 101 | ov_101 | 2.899169486590603 × 10^282 |
| 102 | ov_102 | 2.3439891974693385 × 10^282 |
| 103 | ov_103 | 1.8863652642997777 × 10^282 |
| 104 | ov_104 | 1.514006640057269 × 10^282 |
| 105 | ov_105 | 1.2152701126086574 × 10^282 |
| 106 | ov_106 | 9.791194892465584 × 10^281 |
| 107 | ov_107 | 7.950907248232804 × 10^281 |
| 108 | ov_108 | 6.532623761317364 × 10^281 |
| 109 | ov_109 | 5.442307980215571 × 10^281 |
| 110 | ov_110 | 4.590895288516316 × 10^281 |
| 111 | ov_111 | 3.894123444449853 × 10^281 |
| 112 | ov_112 | 3.272394908765228 × 10^281 |
| 113 | ov_113 | 2.721243002666997 × 10^281 |
| 114 | ov_114 | 2.236269215292294 × 10^281 |
| 115 | ov_115 | 1.813126610272628 × 10^281 |
| 116 | ov_116 | 1.4475061581102964 × 10^281 |
| 117 | ov_117 | 1.1351261297684113 × 10^281 |
| 118 | ov_118 | 8.717242473721744 × 10^280 |
| 119 | ov_119 | 6.530520383927151 × 10^280 |
| 120 | ov_120 | 4.748706280856768 × 10^280 |
| 121 | ov_121 | 3.3294753062117925 × 10^280 |
| 122 | ov_122 | 2.230542870042682 × 10^280 |
| 123 | ov_123 | 1.4096479789524185 × 10^280 |
| 124 | ov_124 | 8.245419944136077 × 10^279 |
| 125 | ov_125 | 4.3298167161285686 × 10^279 |
| 126 | ov_126 | 1.9272561035569647 × 10^279 |
| 127 | aaa_77_28 | 6.153289348846487 × 10^278 |
| 128 | aaa_77_29 | 2.3060072972947816 × 10^278 |
| 129 | ov_129 | 2.1141738752704763 × 10^278 |
| 130 | ov_130 | 2.114167332036995 × 10^278 |
| 131 | ov_131 | 2.114165751721203 × 10^278 |
| 132 | ov_132 | 1.830435849803925 × 10^278 |
| 133 | ov_133 | 1.576245423981349 × 10^278 |
| 134 | ov_134 | 1.3492471114443541 × 10^278 |
| 135 | ov_135 | 1.1472173149424924 × 10^278 |
| 136 | ov_136 | 9.690739812764033 × 10^277 |
| 137 | ov_137 | 8.128156493161664 × 10^277 |
| 138 | ov_138 | 6.76541671572951 × 10^277 |
| 139 | ov_139 | 5.584468030638805 × 10^277 |
| 140 | ov_140 | 4.568167156761409 × 10^277 |
| 141 | ov_141 | 3.7002433061262346 × 10^277 |
| 142 | ov_142 | 2.9652686744936267 × 10^277 |
| 143 | ov_143 | 2.348635142203188 × 10^277 |
| 144 | ov_144 | 1.8365362878819532 × 10^277 |
| 145 | ov_145 | 1.4159538757576127 × 10^277 |
| 146 | ov_146 | 1.0746480353032467 × 10^277 |
| 147 | ov_147 | 8.011504098040173 × 10^276 |
| 148 | ov_148 | 5.847596082156697 × 10^276 |
| 149 | ov_149 | 4.155383524004679 × 10^276 |
| 150 | ov_150 | 2.8870876278581105 × 10^276 |
| 151 | ov_151 | 1.9585734025415538 × 10^276 |
| 152 | ov_152 | 1.29331279749318 × 10^276 |
| 153 | ov_153 | 8.223798849650266 × 10^275 |
| 154 | ov_154 | 4.844474974308152 × 10^275 |
| 155 | ov_155 | 2.5075139362517217 × 10^275 |
| 156 | aaa_76_25 | 9.632523055653242 × 10^274 |
| 157 | aaa_76_26 | 5.5596110483708024 × 10^274 |
| 158 | aaa_76_27 | 2.8441746834326908 × 10^274 |
| 159 | aaa_76_28 | 1.1065104122272808 × 10^274 |
| 160 | aaa_76_29 | 3.3623763545371765 × 10^273 |

### Output Bits Sorted by Complexity

| Rank | Output Bit | Complexity |
|:----:|:----------:|:----------:|
| 160 | aaa_76_29 | 3.3623763545371765 × 10^273 |
| 159 | aaa_76_28 | 1.1065104122272808 × 10^274 |
| 158 | aaa_76_27 | 2.8441746834326908 × 10^274 |
| 157 | aaa_76_26 | 5.5596110483708024 × 10^274 |
| 156 | aaa_76_25 | 9.632523055653242 × 10^274 |
| 155 | ov_155 | 2.5075139362517217 × 10^275 |
| 154 | ov_154 | 4.844474974308152 × 10^275 |
| 153 | ov_153 | 8.223798849650266 × 10^275 |
| 152 | ov_152 | 1.29331279749318 × 10^276 |
| 151 | ov_151 | 1.9585734025415538 × 10^276 |
| 150 | ov_150 | 2.8870876278581105 × 10^276 |
| 149 | ov_149 | 4.155383524004679 × 10^276 |
| 148 | ov_148 | 5.847596082156697 × 10^276 |
| 147 | ov_147 | 8.011504098040173 × 10^276 |
| 146 | ov_146 | 1.0746480353032467 × 10^277 |
| 145 | ov_145 | 1.4159538757576127 × 10^277 |
| 144 | ov_144 | 1.8365362878819532 × 10^277 |
| 143 | ov_143 | 2.348635142203188 × 10^277 |
| 142 | ov_142 | 2.9652686744936267 × 10^277 |
| 141 | ov_141 | 3.7002433061262346 × 10^277 |
| 140 | ov_140 | 4.568167156761409 × 10^277 |
| 139 | ov_139 | 5.584468030638805 × 10^277 |
| 138 | ov_138 | 6.76541671572951 × 10^277 |
| 137 | ov_137 | 8.128156493161664 × 10^277 |
| 136 | ov_136 | 9.690739812764033 × 10^277 |
| 135 | ov_135 | 1.1472173149424924 × 10^278 |
| 134 | ov_134 | 1.3492471114443541 × 10^278 |
| 133 | ov_133 | 1.576245423981349 × 10^278 |
| 132 | ov_132 | 1.830435849803925 × 10^278 |
| 131 | ov_131 | 2.114165751721203 × 10^278 |
| 130 | ov_130 | 2.114167332036995 × 10^278 |
| 129 | ov_129 | 2.1141738752704763 × 10^278 |
| 128 | aaa_77_29 | 2.3060072972947816 × 10^278 |
| 127 | aaa_77_28 | 6.153289348846487 × 10^278 |
| 126 | ov_126 | 1.9272561035569647 × 10^279 |
| 125 | ov_125 | 4.3298167161285686 × 10^279 |
| 124 | ov_124 | 8.245419944136077 × 10^279 |
| 123 | ov_123 | 1.4096479789524185 × 10^280 |
| 122 | ov_122 | 2.230542870042682 × 10^280 |
| 121 | ov_121 | 3.3294753062117925 × 10^280 |
| 120 | ov_120 | 4.748706280856768 × 10^280 |
| 119 | ov_119 | 6.530520383927151 × 10^280 |
| 118 | ov_118 | 8.717242473721744 × 10^280 |
| 117 | ov_117 | 1.1351261297684113 × 10^281 |
| 116 | ov_116 | 1.4475061581102964 × 10^281 |
| 115 | ov_115 | 1.813126610272628 × 10^281 |
| 114 | ov_114 | 2.236269215292294 × 10^281 |
| 113 | ov_113 | 2.721243002666997 × 10^281 |
| 112 | ov_112 | 3.272394908765228 × 10^281 |
| 111 | ov_111 | 3.894123444449853 × 10^281 |
| 110 | ov_110 | 4.590895288516316 × 10^281 |
| 109 | ov_109 | 5.442307980215571 × 10^281 |
| 108 | ov_108 | 6.532623761317364 × 10^281 |
| 107 | ov_107 | 7.950907248232804 × 10^281 |
| 106 | ov_106 | 9.791194892465584 × 10^281 |
| 105 | ov_105 | 1.2152701126086574 × 10^282 |
| 104 | ov_104 | 1.514006640057269 × 10^282 |
| 103 | ov_103 | 1.8863652642997777 × 10^282 |
| 102 | ov_102 | 2.3439891974693385 × 10^282 |
| 101 | ov_101 | 2.899169486590603 × 10^282 |
| 100 | ov_100 | 3.564892423778594 × 10^282 |
| 99 | ov_099 | 4.3548942372739494 × 10^282 |
| 98 | ov_098 | 4.354912051607315 × 10^282 |
| 97 | ov_097 | 4.3549678832536996 × 10^282 |
| 96 | aaa_78_29 | 8.22685131700233 × 10^282 |
| 95 | aaa_78_28 | 2.7535700686673257 × 10^283 |
| 94 | ov_094 | 9.074494291469652 × 10^283 |
| 93 | ov_093 | 2.158212681989724 × 10^284 |
| 92 | ov_092 | 4.395771609069603 × 10^284 |
| 91 | ov_091 | 8.094444087397084 × 10^284 |
| 90 | ov_090 | 1.3834752357327713 × 10^285 |
| 89 | ov_089 | 2.2303450764017353 × 10^285 |
| 88 | ov_088 | 3.429358218866608 × 10^285 |
| 87 | ov_087 | 5.14976212756852 × 10^285 |
| 86 | ov_086 | 7.582098130907755 × 10^285 |
| 85 | ov_085 | 1.0938241339263102 × 10^286 |
| 84 | ov_084 | 1.5451457738893717 × 10^286 |
| 83 | ov_083 | 2.1254492814143106 × 10^286 |
| 82 | ov_082 | 2.8623651190922216 × 10^286 |
| 81 | ov_081 | 3.785693651644968 × 10^286 |
| 64 | lv_79_m31 | 4.920247191072411 × 10^286 |
| 80 | ov_080 | 4.9274211072649695 × 10^286 |
| 79 | ov_079 | 6.3217389485236235 × 10^286 |
| 78 | ov_078 | 8.005066992511271 × 10^286 |
| 77 | ov_077 | 1.001608062083828 × 10^287 |
| 76 | ov_076 | 1.2395742421499838 × 10^287 |
| 75 | ov_075 | 1.5187338606532997 × 10^287 |
| 74 | ov_074 | 1.8436520552067575 × 10^287 |
| 73 | ov_073 | 2.219135181101822 × 10^287 |
| 63 | ov_063 | 2.526614068929924 × 10^287 |
| 72 | ov_072 | 2.6502361703951854 × 10^287 |
| 71 | ov_071 | 3.1422608896805394 × 10^287 |
| 70 | ov_070 | 3.700776081670845 × 10^287 |
| 69 | ov_069 | 4.331619584220269 × 10^287 |
| 68 | ov_068 | 5.040913559579022 × 10^287 |
| 67 | ov_067 | 5.835081507353088 × 10^287 |
| 66 | ov_066 | 5.83508523093933 × 10^287 |
| 65 | ov_065 | 5.83510097793739 × 10^287 |
| 62 | ov_062 | 1.297136054986451 × 10^288 |
| 61 | ov_061 | 4.731220517014821 × 10^288 |
| 60 | ov_060 | 1.3551855777302098 × 10^289 |
| 59 | ov_059 | 3.2718453011966056 × 10^289 |
| 58 | ov_058 | 6.643431210099869 × 10^289 |
| 57 | ov_057 | 1.2007828059180424 × 10^290 |
| 56 | ov_056 | 2.0020479928713033 × 10^290 |
| 55 | ov_055 | 3.1454402878582314 × 10^290 |
| 54 | ov_054 | 4.720021285577202 × 10^290 |
| 53 | ov_053 | 6.8266179411863184 × 10^290 |
| 52 | ov_052 | 9.678658950732105 × 10^290 |
| 51 | ov_051 | 1.3513137957812878 × 10^291 |
| 50 | ov_050 | 1.8590652578715248 × 10^291 |
| 49 | ov_049 | 2.519546272054989 × 10^291 |
| 48 | ov_048 | 3.363557490480916 × 10^291 |
| 47 | ov_047 | 4.424286264510103 × 10^291 |
| 32 | lv_80_m31 | 5.424585621268674 × 10^291 |
| 46 | ov_046 | 5.737323658455143 × 10^291 |
| 45 | ov_045 | 7.34068804905373 × 10^291 |
| 44 | ov_044 | 9.274856969388662 × 10^291 |
| 43 | ov_043 | 1.158280878347971 × 10^292 |
| 42 | ov_042 | 1.4310075950001427 × 10^292 |
| 41 | ov_041 | 1.7504812050718008 × 10^292 |
| 40 | ov_040 | 2.119313367050488 × 10^292 |
| 39 | ov_039 | 2.5402588731754165 × 10^292 |
| 31 | ov_031 | 2.782325963540553 × 10^292 |
| 38 | ov_038 | 3.018977213759748 × 10^292 |
| 37 | ov_037 | 3.5614357759238317 × 10^292 |
| 36 | ov_036 | 4.1739274908164374 × 10^292 |
| 35 | ov_035 | 4.863091607918695 × 10^292 |
| 34 | ov_034 | 5.635937952279212 × 10^292 |
| 33 | ov_033 | 6.499875039650806 × 10^292 |
| 30 | ov_030 | 1.4268434831993744 × 10^293 |
| 29 | ov_029 | 4.668497307974429 × 10^293 |
| 28 | ov_028 | 1.2119014520942807 × 10^294 |
| 27 | ov_027 | 2.7091689778234137 × 10^294 |
| 26 | ov_026 | 5.4183688674584907 × 10^294 |
| 25 | ov_025 | 9.927606275871325 × 10^294 |
| 24 | ov_024 | 1.6953380681362152 × 10^295 |
| 23 | ov_023 | 2.8057102099603546 × 10^295 |
| 22 | ov_022 | 4.505704290983138 × 10^295 |
| 21 | ov_021 | 7.002845897491807 × 10^295 |
| 20 | ov_020 | 1.0530381076538294 × 10^296 |
| 19 | ov_019 | 1.534731247490045 × 10^296 |
| 18 | ov_018 | 2.1738454278096993 × 10^296 |
| 17 | ov_017 | 3.0014511663503153 × 10^296 |
| 16 | ov_016 | 4.051219142233535 × 10^296 |
| 15 | ov_015 | 5.359435235464013 × 10^296 |
| 14 | ov_014 | 6.965020812572705 × 10^296 |
| 13 | ov_013 | 8.909559971120834 × 10^296 |
| 12 | ov_012 | 1.1237335733553408 × 10^297 |
| 11 | ov_011 | 1.3995377370003284 × 10^297 |
| 10 | ov_010 | 1.7233521219346214 × 10^297 |
| 9 | ov_009 | 2.1004487568349403 × 10^297 |
| 8 | ov_008 | 2.5363976340490058 × 10^297 |
| 7 | ov_007 | 3.037078453941157 × 10^297 |
| 6 | ov_006 | 3.60869485876264 × 10^297 |
| 5 | ov_005 | 4.257791489969044 × 10^297 |
| 4 | ov_004 | 4.991274223152603 × 10^297 |
| 3 | ov_003 | 5.816433930746795 × 10^297 |
| 2 | ov_002 | 6.74097406839867 × 10^297 |
| 1 | ov_001 | 7.77304235075572 × 10^297 |

