# Results for F001-F002-F003-F004-F005-F006-F007-F008-F009-F010-F011-F012-F013-F014-F015-F016-F017-F018-F019-F020-F021-F022-F023-F024-F025-F026-F027-F028-F029-F030-F031-F032-F033-F034-F035-F036-F037-F038-F039-F040-F041-F042-F043-F044-F045-F046-F047-F048-F049-F050-F051-F052-F053-F054-F055-F056-F057-F058-F059-F060-F061-F062-F063-F064-F065-F066-F067-F068-F069-F070-F071-F072-F073-F074-F075-F076-F077-F078-F079-F080-F081-F082-F083-F084-F085-F086-F087-F088-F089-F090-F091-F092-F093-F094-F095-F096-F097-F098-F099-F100-F101-F102-F103-F104-F105-F106-F107-F108-F109-F110-F111-F112-F113-F114-F115-F116-F117-F118-F119-F120-F121-F122-F123-F124-F125-F126-F127-F128-F129-F130-F131-F132-F133-F134-F135-F136-F137-F138-F139-F140-F141-F142-F143-F144-F145-F146-F147-F148-F149-F150-F151-F152-F153-F154-F155-F156-F157-F158-F159-F160-F161-F162-F163-F164-F165-F166-F167-F168-F169-F170-F171-F172-F173-F174-F175-F176-F177-F178-F179-F180-F181-F182-F183-F184-F185-F186-F187-F188-F189-F190-F191-F192-F193-F194-F195-F196-F197-F198-F199-F200-F201-F202-F203-F204-F205-F206-F207-F208-F209-F210-F211-F212-F213-F214-F215-F216-F217-F218-F219-F220-F221-F222-F223-F224-F225-F226-F227-F228-F229-F230-F231-F232-F233-F234-F235-F236-F237-F238-F239-F240-F241-F242-F243-F244-F245-F246-F247-F248-F249-F250-F251-F252-F253-F254-F255-F256-F257-F258-F259-F260-F261-F262-F263-F264-F265-F266-F267-F268-F269-F270-F271-F272-F273-F274-F275-F276-F277-F278-F279-F280-F281-F282-F283-F284-F285-F286-F287-F288-F289-F290-F291-F292-F293-F294-F295-F296-F297-F298-F299-F300-F301-F302-F303-F304-F305-F306-F307-F308-F309-F310-F311-F312-F313-F314-F315-F316-F317-F318-F319-F320-F321-F322-F323-F324-F325-F326-F327-F328-F329-F330-F331-F332-F333-F334-F335-F336-F337-F338-F339-F340-F341-F342-F343-F344-F345-F346-F347-F348-F349-F350-F351-F352-F353-F354-F355-F356-F357-F358-F359-F360-F361-F362-F363-F364-F365-F366-F367-F368-F369-F370-F371-F372-F373-F374-F375-F376-F377-F378-F379-F380-F381-F382-F383-F384-F385-F386-F387-F388-F389-F390-F391-F392-F393-F394-F395-F396-F397-F398-F399-F400-F401-F402-F403-F404-F405-F406-F407-F408-F409-F410-F411-F412-F413-F414-F415-F416-F417-F418-F419-F420-F421-F422-F423-F424-F425-F426-F427-F428-F429-F430-F431-F432-F433-F434-F435-F436-F437-F438-F439-F440-F441-F442-F443-F444-F445-F446-F447-F448-F449-F450-F451-F452-F453-F454-F455-F456-F457-F458-F459-F460-F461-F462-F463-F464-F465-F466-F467-F468-F469-F470-F471-F472-F473-F474-F475-F476-F477-F478-F479-F480-F481-F482-F483-F484-F485-F486-F487-F488-F489-F490-F491-F492-F493-F494-F495-F496-T504-F507-F508-F509-F510-F512

## Summary

Number of input bits: 512  
Number of free input bits: 10  
Number of output bits: 160

Number of direct occurrences: 41921  
Number of assignments: 31322  
Number of operations: 11520631
(xor: 11491756,
and: 15618,
or: 13257)

Total complexity: 2.7667000164610297 × 10^303

Least occurring input variable: iv_498 (3947)  
Most occurring input variable: iv_511 (4431)

Most co-occurring input variables: iv_497-iv_506 (2130)  
Least co-occurring input variables: iv_498-iv_499 (1841)

Potentially most occurring input variable: iv_498/iv_511 (4576)  
Potentially least occurring input variable: iv_497/iv_506 (4181)

Least output occurring input variable: iv_498 (68)  
Most output occurring input variable: iv_503 (88)

Most output co-occurring input variables: iv_499-iv_503 (52)  
Least output co-occurring input variables: iv_506-iv_511 (29)

Potentially most output occurring input variable: iv_506/iv_511 (91)  
Potentially least output occurring input variable: iv_498/iv_511 (66)

Least complex input bit: iv_511 (1.0583140463005065 × 10^299)  
Most complex input bit: iv_505 (8.940356407640339 × 10^302)

Least complex output bit: aaa_76_29 (1.880747760717292 × 10^278)  
Most complex output bit: ov_001 (4.32535882648073 × 10^302)

Least complex input/output complexity: iv_511/aaa_76_29 (7.194208844012449 × 10^273)  
Most complex input/output complexity: iv_505/ov_001 (1.397703013322526 × 10^302)

## Input Bits

### Input Bits in Regular Order

| Input Bit | Complexity | Occurrences | Output Occurrences |
|:---------:|:----------:|:-----------:|:------------------:|
| iv_497 | 2.663549901034374 × 10^301 | 4238 | 84 |
| iv_498 | 5.265012092903801 × 10^301 | 3947 | 68 |
| iv_499 | 9.380985033843563 × 10^301 | 4097 | 83 |
| iv_500 | 1.6059240643744592 × 10^302 | 4160 | 82 |
| iv_501 | 2.6895260155807487 × 10^302 | 4196 | 85 |
| iv_502 | 4.417290617842515 × 10^302 | 4126 | 83 |
| iv_503 | 7.114609053437885 × 10^302 | 4347 | 88 |
| iv_505 | 8.940356407640339 × 10^302 | 4176 | 75 |
| iv_506 | 1.1672809889099335 × 10^302 | 4203 | 71 |
| iv_511 | 1.0583140463005065 × 10^299 | 4431 | 78 |

### Input Bits Sorted by Complexity

| Input Bit | Complexity | Occurrences | Output Occurrences |
|:---------:|:----------:|:-----------:|:------------------:|
| iv_511 | 1.0583140463005065 × 10^299 | 4431 | 78 |
| iv_497 | 2.663549901034374 × 10^301 | 4238 | 84 |
| iv_498 | 5.265012092903801 × 10^301 | 3947 | 68 |
| iv_499 | 9.380985033843563 × 10^301 | 4097 | 83 |
| iv_506 | 1.1672809889099335 × 10^302 | 4203 | 71 |
| iv_500 | 1.6059240643744592 × 10^302 | 4160 | 82 |
| iv_501 | 2.6895260155807487 × 10^302 | 4196 | 85 |
| iv_502 | 4.417290617842515 × 10^302 | 4126 | 83 |
| iv_503 | 7.114609053437885 × 10^302 | 4347 | 88 |
| iv_505 | 8.940356407640339 × 10^302 | 4176 | 75 |

### Input Bits Sorted by Occurrences

| Input Bit | Complexity | Occurrences | Output Occurrences |
|:---------:|:----------:|:-----------:|:------------------:|
| iv_498 | 5.265012092903801 × 10^301 | 3947 | 68 |
| iv_499 | 9.380985033843563 × 10^301 | 4097 | 83 |
| iv_502 | 4.417290617842515 × 10^302 | 4126 | 83 |
| iv_500 | 1.6059240643744592 × 10^302 | 4160 | 82 |
| iv_505 | 8.940356407640339 × 10^302 | 4176 | 75 |
| iv_501 | 2.6895260155807487 × 10^302 | 4196 | 85 |
| iv_506 | 1.1672809889099335 × 10^302 | 4203 | 71 |
| iv_497 | 2.663549901034374 × 10^301 | 4238 | 84 |
| iv_503 | 7.114609053437885 × 10^302 | 4347 | 88 |
| iv_511 | 1.0583140463005065 × 10^299 | 4431 | 78 |

### Input Bits Sorted by Output Occurrences

| Input Bit | Complexity | Occurrences | Output Occurrences |
|:---------:|:----------:|:-----------:|:------------------:|
| iv_498 | 5.265012092903801 × 10^301 | 3947 | 68 |
| iv_506 | 1.1672809889099335 × 10^302 | 4203 | 71 |
| iv_505 | 8.940356407640339 × 10^302 | 4176 | 75 |
| iv_511 | 1.0583140463005065 × 10^299 | 4431 | 78 |
| iv_500 | 1.6059240643744592 × 10^302 | 4160 | 82 |
| iv_499 | 9.380985033843563 × 10^301 | 4097 | 83 |
| iv_502 | 4.417290617842515 × 10^302 | 4126 | 83 |
| iv_497 | 2.663549901034374 × 10^301 | 4238 | 84 |
| iv_501 | 2.6895260155807487 × 10^302 | 4196 | 85 |
| iv_503 | 7.114609053437885 × 10^302 | 4347 | 88 |

## Input Bit Co-occurrences

### Input Bit Co-occurrences Sorted by Co-occurrences

| Input Bits | Co-occurrences | Potential Occurrences | Output Co-occurrences | Potential Output Occurrences |
|:----------:|:--------------:|:---------------------:|:---------------------:|:----------------------------:|
| iv_497-iv_506 | 2130 | 4181 | 42 | 71 |
| iv_503-iv_511 | 2121 | 4536 | 44 | 78 |
| iv_501-iv_511 | 2111 | 4405 | 40 | 83 |
| iv_497-iv_511 | 2098 | 4473 | 42 | 78 |
| iv_500-iv_503 | 2076 | 4355 | 40 | 90 |
| iv_502-iv_503 | 2068 | 4337 | 46 | 79 |
| iv_501-iv_503 | 2063 | 4417 | 47 | 79 |
| iv_497-iv_500 | 2047 | 4304 | 46 | 74 |
| iv_500-iv_511 | 2040 | 4511 | 40 | 80 |
| iv_499-iv_503 | 2038 | 4368 | 52 | 67 |

### Input Bit Co-occurrences Sorted by Potential Occurrences

| Input Bits | Co-occurrences | Potential Occurrences | Output Co-occurrences | Potential Output Occurrences |
|:----------:|:--------------:|:---------------------:|:---------------------:|:----------------------------:|
| iv_497-iv_506 | 2130 | 4181 | 42 | 71 |
| iv_498-iv_500 | 1929 | 4249 | 38 | 74 |
| iv_499-iv_502 | 1976 | 4271 | 45 | 76 |
| iv_499-iv_500 | 1992 | 4273 | 39 | 87 |
| iv_497-iv_500 | 2047 | 4304 | 46 | 74 |
| iv_498-iv_505 | 1909 | 4305 | 34 | 75 |
| iv_499-iv_505 | 1982 | 4309 | 40 | 78 |
| iv_500-iv_505 | 2010 | 4316 | 40 | 77 |
| iv_498-iv_506 | 1914 | 4322 | 32 | 75 |
| iv_498-iv_502 | 1872 | 4329 | 36 | 79 |

### Input Bit Output Co-occurrences Sorted by Output Co-occurrences

| Input Bits | Co-occurrences | Potential Occurrences | Output Co-occurrences | Potential Output Occurrences |
|:----------:|:--------------:|:---------------------:|:---------------------:|:----------------------------:|
| iv_499-iv_503 | 2038 | 4368 | 52 | 67 |
| iv_497-iv_501 | 2000 | 4434 | 49 | 71 |
| iv_501-iv_503 | 2063 | 4417 | 47 | 79 |
| iv_497-iv_502 | 1992 | 4380 | 47 | 73 |
| iv_501-iv_502 | 1971 | 4380 | 47 | 74 |
| iv_497-iv_500 | 2047 | 4304 | 46 | 74 |
| iv_502-iv_503 | 2068 | 4337 | 46 | 79 |
| iv_497-iv_503 | 2015 | 4555 | 45 | 82 |
| iv_500-iv_501 | 2008 | 4340 | 45 | 77 |
| iv_499-iv_502 | 1976 | 4271 | 45 | 76 |

### Input Bit Output Co-occurrences Sorted by Potential Output Occurrences

| Input Bits | Co-occurrences | Potential Occurrences | Output Co-occurrences | Potential Output Occurrences |
|:----------:|:--------------:|:---------------------:|:---------------------:|:----------------------------:|
| iv_498-iv_511 | 1901 | 4576 | 40 | 66 |
| iv_499-iv_503 | 2038 | 4368 | 52 | 67 |
| iv_497-iv_501 | 2000 | 4434 | 49 | 71 |
| iv_497-iv_506 | 2130 | 4181 | 42 | 71 |
| iv_497-iv_502 | 1992 | 4380 | 47 | 73 |
| iv_505-iv_511 | 2025 | 4557 | 40 | 73 |
| iv_497-iv_500 | 2047 | 4304 | 46 | 74 |
| iv_498-iv_500 | 1929 | 4249 | 38 | 74 |
| iv_501-iv_502 | 1971 | 4380 | 47 | 74 |
| iv_498-iv_505 | 1909 | 4305 | 34 | 75 |

## Output Bits

### Output Bits in Regular Order

| Rank | Output Bit | Complexity |
|:----:|:----------:|:----------:|
| 1 | ov_001 | 4.32535882648073 × 10^302 |
| 2 | ov_002 | 3.76375554558274 × 10^302 |
| 3 | ov_003 | 3.259562738835755 × 10^302 |
| 4 | ov_004 | 2.8084763429566207 × 10^302 |
| 5 | ov_005 | 2.4064281007275826 × 10^302 |
| 6 | ov_006 | 2.049568608784192 × 10^302 |
| 7 | ov_007 | 1.734252588601964 × 10^302 |
| 8 | ov_008 | 1.457026242129306 × 10^302 |
| 9 | ov_009 | 1.2146165199878859 × 10^302 |
| 10 | ov_010 | 1.0039220986348386 × 10^302 |
| 11 | ov_011 | 8.220058605765219 × 10^301 |
| 12 | ov_012 | 6.660886835214741 × 10^301 |
| 13 | ov_013 | 5.335443559325232 × 10^301 |
| 14 | ov_014 | 4.218954478345655 × 10^301 |
| 15 | ov_015 | 3.2880998559681633 × 10^301 |
| 16 | ov_016 | 2.5209880776880086 × 10^301 |
| 17 | ov_017 | 1.8971349013165778 × 10^301 |
| 18 | ov_018 | 1.3974472849228933 × 10^301 |
| 19 | ov_019 | 1.0042108907368547 × 10^301 |
| 20 | ov_020 | 7.010806420431209 × 10^300 |
| 21 | ov_021 | 4.730738371099487 × 10^300 |
| 22 | ov_022 | 3.065653408139338 × 10^300 |
| 23 | ov_023 | 1.8928435312296447 × 10^300 |
| 24 | ov_024 | 1.1031230823977026 × 10^300 |
| 25 | ov_025 | 6.008158899749472 × 10^299 |
| 26 | ov_026 | 3.0374822575101615 × 10^299 |
| 27 | ov_027 | 1.4324549110308865 × 10^299 |
| 28 | ov_028 | 6.413091032289843 × 10^298 |
| 29 | ov_029 | 2.472511000945627 × 10^298 |
| 30 | ov_030 | 7.562732196478883 × 10^297 |
| 31 | ov_031 | 1.4760695095089753 × 10^297 |
| 32 | lv_80_m31 | 2.880730962462592 × 10^296 |
| 33 | ov_033 | 3.4531485667379206 × 10^297 |
| 34 | ov_034 | 3.0021592897260075 × 10^297 |
| 35 | ov_035 | 2.597148654815104 × 10^297 |
| 36 | ov_036 | 2.2338029948094326 × 10^297 |
| 37 | ov_037 | 1.910025870365867 × 10^297 |
| 38 | ov_038 | 1.621952774098315 × 10^297 |
| 39 | ov_039 | 1.3659213962378514 × 10^297 |
| 40 | ov_040 | 1.1401494919719961 × 10^297 |
| 41 | ov_041 | 9.429470368937162 × 10^296 |
| 42 | ov_042 | 7.727114857496125 × 10^296 |
| 43 | ov_043 | 6.279237958918933 × 10^296 |
| 44 | ov_044 | 5.0578378106219365 × 10^296 |
| 45 | ov_045 | 4.036440511019705 × 10^296 |
| 46 | ov_046 | 3.1900606700536382 × 10^296 |
| 47 | ov_047 | 2.4951701029589262 × 10^296 |
| 48 | ov_048 | 1.9296733525080782 × 10^296 |
| 49 | ov_049 | 1.4728888240552217 × 10^296 |
| 50 | ov_050 | 1.1055344162598687 × 10^296 |
| 51 | ov_051 | 8.183174032247061 × 10^295 |
| 52 | ov_052 | 5.947249536454522 × 10^295 |
| 53 | ov_053 | 4.1961913276670067 × 10^295 |
| 54 | ov_054 | 2.857741138829121 × 10^295 |
| 55 | ov_055 | 1.86648856600301 × 10^295 |
| 56 | ov_056 | 1.16386199851425 × 10^295 |
| 57 | ov_057 | 6.981232257199107 × 10^294 |
| 58 | ov_058 | 3.862852083797465 × 10^294 |
| 59 | ov_059 | 1.90268791596764 × 10^294 |
| 60 | ov_060 | 7.882282587038306 × 10^293 |
| 61 | ov_061 | 2.7523906251974097 × 10^293 |
| 62 | ov_062 | 7.547597456384931 × 10^292 |
| 63 | ov_063 | 1.4704706793029253 × 10^292 |
| 64 | lv_79_m31 | 2.864179900344946 × 10^291 |
| 65 | ov_065 | 3.4060368299333 × 10^292 |
| 66 | ov_066 | 3.4060278200593576 × 10^292 |
| 67 | ov_067 | 3.406025689599986 × 10^292 |
| 68 | ov_068 | 2.9453819159764306 × 10^292 |
| 69 | ov_069 | 2.5336378344918744 × 10^292 |
| 70 | ov_070 | 2.167117972883623 × 10^292 |
| 71 | ov_071 | 1.8423192540095955 × 10^292 |
| 72 | ov_072 | 1.5559012638736622 × 10^292 |
| 73 | ov_073 | 1.3046786848952744 × 10^292 |
| 74 | ov_074 | 1.085615451691052 × 10^292 |
| 75 | ov_075 | 8.958202099678537 × 10^291 |
| 76 | ov_076 | 7.325426815894254 × 10^291 |
| 77 | ov_077 | 5.931706009988076 × 10^291 |
| 78 | ov_078 | 4.752270279398259 × 10^291 |
| 79 | ov_079 | 3.763679731865574 × 10^291 |
| 80 | ov_080 | 2.943803172018732 × 10^291 |
| 81 | ov_081 | 2.2718000186260353 × 10^291 |
| 82 | ov_082 | 1.7281047555349652 × 10^291 |
| 83 | ov_083 | 1.2944137205521567 × 10^291 |
| 84 | ov_084 | 9.53674037406479 × 10^290 |
| 85 | ov_085 | 6.900744965517498 × 10^290 |
| 86 | ov_086 | 4.890381909675714 × 10^290 |
| 87 | ov_087 | 3.3721671336980147 × 10^290 |
| 88 | ov_088 | 2.224857213963421 × 10^290 |
| 89 | ov_089 | 1.3908858520031238 × 10^290 |
| 90 | ov_090 | 8.187839700460349 × 10^289 |
| 91 | ov_091 | 4.631705285096559 × 10^289 |
| 92 | ov_092 | 2.5152716875354793 × 10^289 |
| 93 | ov_093 | 1.2349214062472767 × 10^289 |
| 94 | ov_094 | 5.1923325897345174 × 10^288 |
| 95 | aaa_78_28 | 1.575547465068887 × 10^288 |
| 96 | aaa_78_29 | 4.7071898528368516 × 10^287 |
| 97 | ov_097 | 2.4914815530641976 × 10^287 |
| 98 | ov_098 | 2.4914497652835644 × 10^287 |
| 99 | ov_099 | 2.491439619695821 × 10^287 |
| 100 | ov_100 | 2.0393238810526005 × 10^287 |
| 101 | ov_101 | 1.6583535556231689 × 10^287 |
| 102 | ov_102 | 1.3406620290003138 × 10^287 |
| 103 | ov_103 | 1.078812446640497 × 10^287 |
| 104 | ov_104 | 8.657665093889294 × 10^286 |
| 105 | ov_105 | 6.948573945712567 × 10^286 |
| 106 | ov_106 | 5.597664172658452 × 10^286 |
| 107 | ov_107 | 4.545030662233699 × 10^286 |
| 108 | ov_108 | 3.733880680666868 × 10^286 |
| 109 | ov_109 | 3.1103915202029087 × 10^286 |
| 110 | ov_110 | 2.623592056008035 × 10^286 |
| 111 | ov_111 | 2.225265295454642 × 10^286 |
| 112 | ov_112 | 1.8698691784485923 × 10^286 |
| 113 | ov_113 | 1.5548425155056969 × 10^286 |
| 114 | ov_114 | 1.2776632784240517 × 10^286 |
| 115 | ov_115 | 1.0358395866982818 × 10^286 |
| 116 | ov_116 | 8.269025756260105 × 10^285 |
| 117 | ov_117 | 6.484007938402048 × 10^285 |
| 118 | ov_118 | 4.978956173612947 × 10^285 |
| 119 | ov_119 | 3.729573918841085 × 10^285 |
| 120 | ov_120 | 2.7116233669851513 × 10^285 |
| 121 | ov_121 | 1.900903407881766 × 10^285 |
| 122 | ov_122 | 1.273235449609582 × 10^285 |
| 123 | ov_123 | 8.044540961854139 × 10^284 |
| 124 | ov_124 | 4.7040086125067655 × 10^284 |
| 125 | ov_125 | 2.469202751521379 × 10^284 |
| 126 | ov_126 | 1.0985790001178026 × 10^284 |
| 127 | aaa_77_28 | 3.505956815732582 × 10^283 |
| 128 | aaa_77_29 | 1.3132286146196238 × 10^283 |
| 129 | ov_129 | 1.2108108727869858 × 10^283 |
| 130 | ov_130 | 1.210807212467891 × 10^283 |
| 131 | ov_131 | 1.2108063283095346 × 10^283 |
| 132 | ov_132 | 1.0479229533416464 × 10^283 |
| 133 | ov_133 | 9.023107998610219 × 10^282 |
| 134 | ov_134 | 7.726477072006627 × 10^282 |
| 135 | ov_135 | 6.576816557704608 × 10^282 |
| 136 | ov_136 | 5.562257783260716 × 10^282 |
| 137 | ov_137 | 4.6715408386628827 × 10^282 |
| 138 | ov_138 | 3.893978233478583 × 10^282 |
| 139 | ov_139 | 3.2194243002855435 × 10^282 |
| 140 | ov_140 | 2.6382497076746108 × 10^282 |
| 141 | ov_141 | 2.141320480486742 × 10^282 |
| 142 | ov_142 | 1.7199809586983622 × 10^282 |
| 143 | ov_143 | 1.366040159656066 × 10^282 |
| 144 | ov_144 | 1.0717610413058498 × 10^282 |
| 145 | ov_145 | 8.298521967610806 × 10^281 |
| 146 | ov_146 | 6.334615430815841 × 10^281 |
| 147 | ov_147 | 4.761716208025267 × 10^281 |
| 148 | ov_148 | 3.5199619559521014 × 10^281 |
| 149 | ov_149 | 2.553778857252869 × 10^281 |
| 150 | ov_150 | 1.811865439276872 × 10^281 |
| 151 | ov_151 | 1.247181769169071 × 10^281 |
| 152 | ov_152 | 8.1694255553096085 × 10^280 |
| 153 | ov_153 | 5.008181568635465 × 10^280 |
| 154 | ov_154 | 2.806034364586813 × 10^280 |
| 155 | ov_155 | 1.4021692719598789 × 10^280 |
| 156 | aaa_76_25 | 5.386506457607144 × 10^279 |
| 157 | aaa_76_26 | 3.109077357693189 × 10^279 |
| 158 | aaa_76_27 | 1.5906238853341938 × 10^279 |
| 159 | aaa_76_28 | 6.1887211789181615 × 10^278 |
| 160 | aaa_76_29 | 1.880747760717292 × 10^278 |

### Output Bits Sorted by Complexity

| Rank | Output Bit | Complexity |
|:----:|:----------:|:----------:|
| 160 | aaa_76_29 | 1.880747760717292 × 10^278 |
| 159 | aaa_76_28 | 6.1887211789181615 × 10^278 |
| 158 | aaa_76_27 | 1.5906238853341938 × 10^279 |
| 157 | aaa_76_26 | 3.109077357693189 × 10^279 |
| 156 | aaa_76_25 | 5.386506457607144 × 10^279 |
| 155 | ov_155 | 1.4021692719598789 × 10^280 |
| 154 | ov_154 | 2.806034364586813 × 10^280 |
| 153 | ov_153 | 5.008181568635465 × 10^280 |
| 152 | ov_152 | 8.1694255553096085 × 10^280 |
| 151 | ov_151 | 1.247181769169071 × 10^281 |
| 150 | ov_150 | 1.811865439276872 × 10^281 |
| 149 | ov_149 | 2.553778857252869 × 10^281 |
| 148 | ov_148 | 3.5199619559521014 × 10^281 |
| 147 | ov_147 | 4.761716208025267 × 10^281 |
| 146 | ov_146 | 6.334615430815841 × 10^281 |
| 145 | ov_145 | 8.298521967610806 × 10^281 |
| 144 | ov_144 | 1.0717610413058498 × 10^282 |
| 143 | ov_143 | 1.366040159656066 × 10^282 |
| 142 | ov_142 | 1.7199809586983622 × 10^282 |
| 141 | ov_141 | 2.141320480486742 × 10^282 |
| 140 | ov_140 | 2.6382497076746108 × 10^282 |
| 139 | ov_139 | 3.2194243002855435 × 10^282 |
| 138 | ov_138 | 3.893978233478583 × 10^282 |
| 137 | ov_137 | 4.6715408386628827 × 10^282 |
| 136 | ov_136 | 5.562257783260716 × 10^282 |
| 135 | ov_135 | 6.576816557704608 × 10^282 |
| 134 | ov_134 | 7.726477072006627 × 10^282 |
| 133 | ov_133 | 9.023107998610219 × 10^282 |
| 132 | ov_132 | 1.0479229533416464 × 10^283 |
| 131 | ov_131 | 1.2108063283095346 × 10^283 |
| 130 | ov_130 | 1.210807212467891 × 10^283 |
| 129 | ov_129 | 1.2108108727869858 × 10^283 |
| 128 | aaa_77_29 | 1.3132286146196238 × 10^283 |
| 127 | aaa_77_28 | 3.505956815732582 × 10^283 |
| 126 | ov_126 | 1.0985790001178026 × 10^284 |
| 125 | ov_125 | 2.469202751521379 × 10^284 |
| 124 | ov_124 | 4.7040086125067655 × 10^284 |
| 123 | ov_123 | 8.044540961854139 × 10^284 |
| 122 | ov_122 | 1.273235449609582 × 10^285 |
| 121 | ov_121 | 1.900903407881766 × 10^285 |
| 120 | ov_120 | 2.7116233669851513 × 10^285 |
| 119 | ov_119 | 3.729573918841085 × 10^285 |
| 118 | ov_118 | 4.978956173612947 × 10^285 |
| 117 | ov_117 | 6.484007938402048 × 10^285 |
| 116 | ov_116 | 8.269025756260105 × 10^285 |
| 115 | ov_115 | 1.0358395866982818 × 10^286 |
| 114 | ov_114 | 1.2776632784240517 × 10^286 |
| 113 | ov_113 | 1.5548425155056969 × 10^286 |
| 112 | ov_112 | 1.8698691784485923 × 10^286 |
| 111 | ov_111 | 2.225265295454642 × 10^286 |
| 110 | ov_110 | 2.623592056008035 × 10^286 |
| 109 | ov_109 | 3.1103915202029087 × 10^286 |
| 108 | ov_108 | 3.733880680666868 × 10^286 |
| 107 | ov_107 | 4.545030662233699 × 10^286 |
| 106 | ov_106 | 5.597664172658452 × 10^286 |
| 105 | ov_105 | 6.948573945712567 × 10^286 |
| 104 | ov_104 | 8.657665093889294 × 10^286 |
| 103 | ov_103 | 1.078812446640497 × 10^287 |
| 102 | ov_102 | 1.3406620290003138 × 10^287 |
| 101 | ov_101 | 1.6583535556231689 × 10^287 |
| 100 | ov_100 | 2.0393238810526005 × 10^287 |
| 99 | ov_099 | 2.491439619695821 × 10^287 |
| 98 | ov_098 | 2.4914497652835644 × 10^287 |
| 97 | ov_097 | 2.4914815530641976 × 10^287 |
| 96 | aaa_78_29 | 4.7071898528368516 × 10^287 |
| 95 | aaa_78_28 | 1.575547465068887 × 10^288 |
| 94 | ov_094 | 5.1923325897345174 × 10^288 |
| 93 | ov_093 | 1.2349214062472767 × 10^289 |
| 92 | ov_092 | 2.5152716875354793 × 10^289 |
| 91 | ov_091 | 4.631705285096559 × 10^289 |
| 90 | ov_090 | 8.187839700460349 × 10^289 |
| 89 | ov_089 | 1.3908858520031238 × 10^290 |
| 88 | ov_088 | 2.224857213963421 × 10^290 |
| 87 | ov_087 | 3.3721671336980147 × 10^290 |
| 86 | ov_086 | 4.890381909675714 × 10^290 |
| 85 | ov_085 | 6.900744965517498 × 10^290 |
| 84 | ov_084 | 9.53674037406479 × 10^290 |
| 83 | ov_083 | 1.2944137205521567 × 10^291 |
| 82 | ov_082 | 1.7281047555349652 × 10^291 |
| 81 | ov_081 | 2.2718000186260353 × 10^291 |
| 64 | lv_79_m31 | 2.864179900344946 × 10^291 |
| 80 | ov_080 | 2.943803172018732 × 10^291 |
| 79 | ov_079 | 3.763679731865574 × 10^291 |
| 78 | ov_078 | 4.752270279398259 × 10^291 |
| 77 | ov_077 | 5.931706009988076 × 10^291 |
| 76 | ov_076 | 7.325426815894254 × 10^291 |
| 75 | ov_075 | 8.958202099678537 × 10^291 |
| 74 | ov_074 | 1.085615451691052 × 10^292 |
| 73 | ov_073 | 1.3046786848952744 × 10^292 |
| 63 | ov_063 | 1.4704706793029253 × 10^292 |
| 72 | ov_072 | 1.5559012638736622 × 10^292 |
| 71 | ov_071 | 1.8423192540095955 × 10^292 |
| 70 | ov_070 | 2.167117972883623 × 10^292 |
| 69 | ov_069 | 2.5336378344918744 × 10^292 |
| 68 | ov_068 | 2.9453819159764306 × 10^292 |
| 67 | ov_067 | 3.406025689599986 × 10^292 |
| 66 | ov_066 | 3.4060278200593576 × 10^292 |
| 65 | ov_065 | 3.4060368299333 × 10^292 |
| 62 | ov_062 | 7.547597456384931 × 10^292 |
| 61 | ov_061 | 2.7523906251974097 × 10^293 |
| 60 | ov_060 | 7.882282587038306 × 10^293 |
| 59 | ov_059 | 1.90268791596764 × 10^294 |
| 58 | ov_058 | 3.862852083797465 × 10^294 |
| 57 | ov_057 | 6.981232257199107 × 10^294 |
| 56 | ov_056 | 1.16386199851425 × 10^295 |
| 55 | ov_055 | 1.86648856600301 × 10^295 |
| 54 | ov_054 | 2.857741138829121 × 10^295 |
| 53 | ov_053 | 4.1961913276670067 × 10^295 |
| 52 | ov_052 | 5.947249536454522 × 10^295 |
| 51 | ov_051 | 8.183174032247061 × 10^295 |
| 50 | ov_050 | 1.1055344162598687 × 10^296 |
| 49 | ov_049 | 1.4728888240552217 × 10^296 |
| 48 | ov_048 | 1.9296733525080782 × 10^296 |
| 47 | ov_047 | 2.4951701029589262 × 10^296 |
| 32 | lv_80_m31 | 2.880730962462592 × 10^296 |
| 46 | ov_046 | 3.1900606700536382 × 10^296 |
| 45 | ov_045 | 4.036440511019705 × 10^296 |
| 44 | ov_044 | 5.0578378106219365 × 10^296 |
| 43 | ov_043 | 6.279237958918933 × 10^296 |
| 42 | ov_042 | 7.727114857496125 × 10^296 |
| 41 | ov_041 | 9.429470368937162 × 10^296 |
| 40 | ov_040 | 1.1401494919719961 × 10^297 |
| 39 | ov_039 | 1.3659213962378514 × 10^297 |
| 31 | ov_031 | 1.4760695095089753 × 10^297 |
| 38 | ov_038 | 1.621952774098315 × 10^297 |
| 37 | ov_037 | 1.910025870365867 × 10^297 |
| 36 | ov_036 | 2.2338029948094326 × 10^297 |
| 35 | ov_035 | 2.597148654815104 × 10^297 |
| 34 | ov_034 | 3.0021592897260075 × 10^297 |
| 33 | ov_033 | 3.4531485667379206 × 10^297 |
| 30 | ov_030 | 7.562732196478883 × 10^297 |
| 29 | ov_029 | 2.472511000945627 × 10^298 |
| 28 | ov_028 | 6.413091032289843 × 10^298 |
| 27 | ov_027 | 1.4324549110308865 × 10^299 |
| 26 | ov_026 | 3.0374822575101615 × 10^299 |
| 25 | ov_025 | 6.008158899749472 × 10^299 |
| 24 | ov_024 | 1.1031230823977026 × 10^300 |
| 23 | ov_023 | 1.8928435312296447 × 10^300 |
| 22 | ov_022 | 3.065653408139338 × 10^300 |
| 21 | ov_021 | 4.730738371099487 × 10^300 |
| 20 | ov_020 | 7.010806420431209 × 10^300 |
| 19 | ov_019 | 1.0042108907368547 × 10^301 |
| 18 | ov_018 | 1.3974472849228933 × 10^301 |
| 17 | ov_017 | 1.8971349013165778 × 10^301 |
| 16 | ov_016 | 2.5209880776880086 × 10^301 |
| 15 | ov_015 | 3.2880998559681633 × 10^301 |
| 14 | ov_014 | 4.218954478345655 × 10^301 |
| 13 | ov_013 | 5.335443559325232 × 10^301 |
| 12 | ov_012 | 6.660886835214741 × 10^301 |
| 11 | ov_011 | 8.220058605765219 × 10^301 |
| 10 | ov_010 | 1.0039220986348386 × 10^302 |
| 9 | ov_009 | 1.2146165199878859 × 10^302 |
| 8 | ov_008 | 1.457026242129306 × 10^302 |
| 7 | ov_007 | 1.734252588601964 × 10^302 |
| 6 | ov_006 | 2.049568608784192 × 10^302 |
| 5 | ov_005 | 2.4064281007275826 × 10^302 |
| 4 | ov_004 | 2.8084763429566207 × 10^302 |
| 3 | ov_003 | 3.259562738835755 × 10^302 |
| 2 | ov_002 | 3.76375554558274 × 10^302 |
| 1 | ov_001 | 4.32535882648073 × 10^302 |

