# Results for F001-F002-F003-F004-F005-F006-F007-F008-F009-F010-F011-F012-F013-F014-F015-F016-F017-F018-F019-F020-F021-F022-F023-F024-F025-F026-F027-F028-F029-F030-F031-F032-F033-F034-F035-F036-F037-F038-F039-F040-F041-F042-F043-F044-F045-F046-F047-F048-F049-F050-F051-F052-F053-F054-F055-F056-F057-F058-F059-F060-F061-F062-F063-F064-F065-F066-F067-F068-F069-F070-F071-F072-F073-F074-F075-F076-F077-F078-F079-F080-F081-F082-F083-F084-F085-F086-F087-F088-F089-F090-F091-F092-F093-F094-F095-F096-F097-F098-F099-F100-F101-F102-F103-F104-F105-F106-F107-F108-F109-F110-F111-F112-F113-F114-F115-F116-F117-F118-F119-F120-F121-F122-F123-F124-F125-F126-F127-F128-F129-F130-F131-F132-F133-F134-F135-F136-F137-F138-F139-F140-F141-F142-F143-F144-F145-F146-F147-F148-F149-F150-F151-F152-F153-F154-F155-F156-F157-F158-F159-F160-F161-F162-F163-F164-F165-F166-F167-F168-F169-F170-F171-F172-F173-F174-F175-F176-F177-F178-F179-F180-F181-F182-F183-F184-F185-F186-F187-F188-F189-F190-F191-F192-F193-F194-F195-F196-F197-F198-F199-F200-F201-F202-F203-F204-F205-F206-F207-F208-F209-F210-F211-F212-F213-F214-F215-F216-F217-F218-F219-F220-F221-F222-F223-F224-F225-F226-F227-F228-F229-F230-F231-F232-F233-F234-F235-F236-F237-F238-F239-F240-F241-F242-F243-F244-F245-F246-F247-F248-F249-F250-F251-F252-F253-F254-F255-F256-F257-F258-F259-F260-F261-F262-F263-F264-F265-F266-F267-F268-F269-F270-F271-F272-F273-F274-F275-F276-F277-F278-F279-F280-F281-F282-F283-F284-F285-F286-F287-F288-F289-F290-F291-F292-F293-F294-F295-F296-F297-F298-F299-F300-F301-F302-F303-F304-F305-F306-F307-F308-F309-F310-F311-F312-F313-F314-F315-F316-F317-F318-F319-F320-F321-F322-F323-F324-F325-F326-F327-F328-F329-F330-F331-F332-F333-F334-F335-F336-F337-F338-F339-F340-F341-F342-F343-F344-F345-F346-F347-F348-F349-F350-F351-F352-F353-F354-F355-F356-F357-F358-F359-F360-F361-F362-F363-F364-F365-F366-F367-F368-F369-F370-F371-F372-F373-F374-F375-F376-F377-F378-F379-F380-F381-F382-F383-F384-F385-F386-F387-F388-F389-F390-F391-F392-F393-F394-F395-F396-F397-F398-F399-F400-F401-F402-F403-F404-F405-F406-F407-F408-F409-F410-F411-F412-F413-F414-F415-F416-F417-F418-F419-F420-F421-F422-F423-F424-F425-F426-F427-F428-F429-F430-F431-F432-F433-F434-F435-F436-F437-F438-F439-F440-F441-F442-F443-F444-F445-F446-F447-F448-F449-F450-F451-F452-F453-F454-F455-F456-F457-F458-F459-F460-F461-F462-F463-F464-F465-F466-F467-F468-F469-F470-F471-F472-F473-F474-F475-F476-F477-F478-F479-F480-F481-F482-F483-F484-F485-F486-F487-F488-F489-F490-F491-F492-F493-F494-F495-F496-O499504-F507-F508-F509-F510-F512

## Summary

Number of input bits: 512  
Number of free input bits: 10  
Number of output bits: 160

Number of direct occurrences: 41219  
Number of assignments: 31236  
Number of operations: 11194020
(xor: 11165696,
and: 15087,
or: 13237)

Total complexity: 7.427347754093426 × 10^299

Least occurring input variable: iv_502 (3916)  
Most occurring input variable: iv_511 (4400)

Most co-occurring input variables: iv_501-iv_511 (2076)  
Least co-occurring input variables: iv_497-iv_502 (1816)

Potentially most occurring input variable: iv_497/iv_511 (4621)  
Potentially least occurring input variable: iv_500/iv_501 (4155)

Least output occurring input variable: iv_502 (70)  
Most output occurring input variable: iv_499 (87)

Most output co-occurring input variables: iv_500-iv_505 (47)  
Least output co-occurring input variables: iv_502-iv_506 (31)

Potentially most output occurring input variable: iv_497/iv_503 (94)  
Potentially least output occurring input variable: iv_500/iv_505 (67)

Least complex input bit: iv_511 (3.467829878599199 × 10^294)  
Most complex input bit: iv_505 (2.3710601093412196 × 10^299)

Least complex output bit: aaa_76_29 (5.570517520769901 × 10^274)  
Most complex output bit: ov_001 (1.1611210530323735 × 10^299)

Least complex input/output complexity: iv_511/aaa_76_29 (2.600875539608294 × 10^269)  
Most complex input/output complexity: iv_505/ov_001 (3.706690331611337 × 10^298)

## Input Bits

### Input Bits in Regular Order

| Input Bit | Complexity | Occurrences | Output Occurrences |
|:---------:|:----------:|:-----------:|:------------------:|
| iv_497 | 4.2895183360705673 × 10^297 | 4067 | 77 |
| iv_498 | 8.556882751377484 × 10^297 | 4070 | 78 |
| iv_499 | 1.987158139149373 × 10^299 | 4182 | 87 |
| iv_500 | 2.6432591456188844 × 10^298 | 4148 | 84 |
| iv_501 | 4.43162819071597 × 10^298 | 4097 | 75 |
| iv_502 | 7.269123158313168 × 10^298 | 3916 | 70 |
| iv_503 | 1.1670218658604532 × 10^299 | 4177 | 85 |
| iv_505 | 2.3710601093412196 × 10^299 | 4135 | 77 |
| iv_506 | 3.392079011043155 × 10^298 | 4027 | 72 |
| iv_511 | 3.467829878599199 × 10^294 | 4400 | 81 |

### Input Bits Sorted by Complexity

| Input Bit | Complexity | Occurrences | Output Occurrences |
|:---------:|:----------:|:-----------:|:------------------:|
| iv_511 | 3.467829878599199 × 10^294 | 4400 | 81 |
| iv_497 | 4.2895183360705673 × 10^297 | 4067 | 77 |
| iv_498 | 8.556882751377484 × 10^297 | 4070 | 78 |
| iv_500 | 2.6432591456188844 × 10^298 | 4148 | 84 |
| iv_506 | 3.392079011043155 × 10^298 | 4027 | 72 |
| iv_501 | 4.43162819071597 × 10^298 | 4097 | 75 |
| iv_502 | 7.269123158313168 × 10^298 | 3916 | 70 |
| iv_503 | 1.1670218658604532 × 10^299 | 4177 | 85 |
| iv_499 | 1.987158139149373 × 10^299 | 4182 | 87 |
| iv_505 | 2.3710601093412196 × 10^299 | 4135 | 77 |

### Input Bits Sorted by Occurrences

| Input Bit | Complexity | Occurrences | Output Occurrences |
|:---------:|:----------:|:-----------:|:------------------:|
| iv_502 | 7.269123158313168 × 10^298 | 3916 | 70 |
| iv_506 | 3.392079011043155 × 10^298 | 4027 | 72 |
| iv_497 | 4.2895183360705673 × 10^297 | 4067 | 77 |
| iv_498 | 8.556882751377484 × 10^297 | 4070 | 78 |
| iv_501 | 4.43162819071597 × 10^298 | 4097 | 75 |
| iv_505 | 2.3710601093412196 × 10^299 | 4135 | 77 |
| iv_500 | 2.6432591456188844 × 10^298 | 4148 | 84 |
| iv_503 | 1.1670218658604532 × 10^299 | 4177 | 85 |
| iv_499 | 1.987158139149373 × 10^299 | 4182 | 87 |
| iv_511 | 3.467829878599199 × 10^294 | 4400 | 81 |

### Input Bits Sorted by Output Occurrences

| Input Bit | Complexity | Occurrences | Output Occurrences |
|:---------:|:----------:|:-----------:|:------------------:|
| iv_502 | 7.269123158313168 × 10^298 | 3916 | 70 |
| iv_506 | 3.392079011043155 × 10^298 | 4027 | 72 |
| iv_501 | 4.43162819071597 × 10^298 | 4097 | 75 |
| iv_505 | 2.3710601093412196 × 10^299 | 4135 | 77 |
| iv_497 | 4.2895183360705673 × 10^297 | 4067 | 77 |
| iv_498 | 8.556882751377484 × 10^297 | 4070 | 78 |
| iv_511 | 3.467829878599199 × 10^294 | 4400 | 81 |
| iv_500 | 2.6432591456188844 × 10^298 | 4148 | 84 |
| iv_503 | 1.1670218658604532 × 10^299 | 4177 | 85 |
| iv_499 | 1.987158139149373 × 10^299 | 4182 | 87 |

## Input Bit Co-occurrences

### Input Bit Co-occurrences Sorted by Co-occurrences

| Input Bits | Co-occurrences | Potential Occurrences | Output Co-occurrences | Potential Output Occurrences |
|:----------:|:--------------:|:---------------------:|:---------------------:|:----------------------------:|
| iv_501-iv_511 | 2076 | 4345 | 43 | 70 |
| iv_503-iv_511 | 2072 | 4433 | 43 | 80 |
| iv_500-iv_511 | 2060 | 4428 | 38 | 89 |
| iv_505-iv_511 | 2047 | 4441 | 38 | 82 |
| iv_500-iv_501 | 2045 | 4155 | 40 | 79 |
| iv_503-iv_505 | 2023 | 4266 | 42 | 78 |
| iv_499-iv_505 | 2011 | 4295 | 35 | 94 |
| iv_501-iv_503 | 1998 | 4278 | 42 | 76 |
| iv_500-iv_503 | 1993 | 4339 | 45 | 79 |
| iv_499-iv_503 | 1991 | 4377 | 45 | 82 |

### Input Bit Co-occurrences Sorted by Potential Occurrences

| Input Bits | Co-occurrences | Potential Occurrences | Output Co-occurrences | Potential Output Occurrences |
|:----------:|:--------------:|:---------------------:|:---------------------:|:----------------------------:|
| iv_500-iv_501 | 2045 | 4155 | 40 | 79 |
| iv_500-iv_502 | 1943 | 4178 | 39 | 76 |
| iv_497-iv_505 | 1988 | 4226 | 39 | 76 |
| iv_498-iv_506 | 1924 | 4249 | 38 | 74 |
| iv_500-iv_506 | 1963 | 4249 | 38 | 80 |
| iv_501-iv_502 | 1880 | 4253 | 33 | 79 |
| iv_501-iv_505 | 1986 | 4260 | 40 | 72 |
| iv_502-iv_506 | 1841 | 4261 | 31 | 80 |
| iv_503-iv_505 | 2023 | 4266 | 42 | 78 |
| iv_498-iv_505 | 1969 | 4267 | 38 | 79 |

### Input Bit Output Co-occurrences Sorted by Output Co-occurrences

| Input Bits | Co-occurrences | Potential Occurrences | Output Co-occurrences | Potential Output Occurrences |
|:----------:|:--------------:|:---------------------:|:---------------------:|:----------------------------:|
| iv_500-iv_505 | 1979 | 4325 | 47 | 67 |
| iv_499-iv_503 | 1991 | 4377 | 45 | 82 |
| iv_499-iv_511 | 1982 | 4618 | 45 | 78 |
| iv_500-iv_503 | 1993 | 4339 | 45 | 79 |
| iv_501-iv_511 | 2076 | 4345 | 43 | 70 |
| iv_503-iv_511 | 2072 | 4433 | 43 | 80 |
| iv_499-iv_501 | 1905 | 4469 | 42 | 78 |
| iv_503-iv_505 | 2023 | 4266 | 42 | 78 |
| iv_501-iv_503 | 1998 | 4278 | 42 | 76 |
| iv_498-iv_503 | 1940 | 4367 | 41 | 81 |

### Input Bit Output Co-occurrences Sorted by Potential Output Occurrences

| Input Bits | Co-occurrences | Potential Occurrences | Output Co-occurrences | Potential Output Occurrences |
|:----------:|:--------------:|:---------------------:|:---------------------:|:----------------------------:|
| iv_500-iv_505 | 1979 | 4325 | 47 | 67 |
| iv_501-iv_511 | 2076 | 4345 | 43 | 70 |
| iv_501-iv_505 | 1986 | 4260 | 40 | 72 |
| iv_498-iv_502 | 1823 | 4340 | 37 | 74 |
| iv_498-iv_506 | 1924 | 4249 | 38 | 74 |
| iv_497-iv_501 | 1910 | 4344 | 39 | 74 |
| iv_506-iv_511 | 1961 | 4505 | 39 | 75 |
| iv_502-iv_511 | 1864 | 4588 | 38 | 75 |
| iv_502-iv_505 | 1883 | 4285 | 36 | 75 |
| iv_500-iv_502 | 1943 | 4178 | 39 | 76 |

## Output Bits

### Output Bits in Regular Order

| Rank | Output Bit | Complexity |
|:----:|:----------:|:----------:|
| 1 | ov_001 | 1.1611210530323735 × 10^299 |
| 2 | ov_002 | 1.0103778406257253 × 10^299 |
| 3 | ov_003 | 8.750407630962652 × 10^298 |
| 4 | ov_004 | 7.539552740382833 × 10^298 |
| 5 | ov_005 | 6.46030109442114 × 10^298 |
| 6 | ov_006 | 5.502327241664596 × 10^298 |
| 7 | ov_007 | 4.655853225049262 × 10^298 |
| 8 | ov_008 | 3.9116144693630206 × 10^298 |
| 9 | ov_009 | 3.2608308045740673 × 10^298 |
| 10 | ov_010 | 2.6951820972492635 × 10^298 |
| 11 | ov_011 | 2.206787956344769 × 10^298 |
| 12 | ov_012 | 1.788191010224545 × 10^298 |
| 13 | ov_013 | 1.4323432817524368 × 10^298 |
| 14 | ov_014 | 1.1325952178398782 × 10^298 |
| 15 | ov_015 | 8.826869590189917 × 10^297 |
| 16 | ov_016 | 6.767414635339961 × 10^297 |
| 17 | ov_017 | 5.092591291690899 × 10^297 |
| 18 | ov_018 | 3.751136015672631 × 10^297 |
| 19 | ov_019 | 2.6954853536778722 × 10^297 |
| 20 | ov_020 | 1.881751466800088 × 10^297 |
| 21 | ov_021 | 1.2697042833544542 × 10^297 |
| 22 | ov_022 | 8.227590366811459 × 10^296 |
| 23 | ov_023 | 5.0796789001343784 × 10^296 |
| 24 | ov_024 | 2.9601449183329646 × 10^296 |
| 25 | ov_025 | 1.6121064416067878 × 10^296 |
| 26 | ov_026 | 8.14944774295351 × 10^295 |
| 27 | ov_027 | 3.842959174981068 × 10^295 |
| 28 | ov_028 | 1.720471832027089 × 10^295 |
| 29 | ov_029 | 6.633610445475152 × 10^294 |
| 30 | ov_030 | 2.029394644779639 × 10^294 |
| 31 | ov_031 | 3.962013915204214 × 10^293 |
| 32 | lv_80_m31 | 7.734483096528656 × 10^292 |
| 33 | ov_033 | 9.26925423779391 × 10^293 |
| 34 | ov_034 | 8.054342033011853 × 10^293 |
| 35 | ov_035 | 6.96597108469745 × 10^293 |
| 36 | ov_036 | 5.99296300495718 × 10^293 |
| 37 | ov_037 | 5.124742328566442 × 10^293 |
| 38 | ov_038 | 4.351294018859865 × 10^293 |
| 39 | ov_039 | 3.663126766729296 × 10^293 |
| 40 | ov_040 | 3.055621606064694 × 10^293 |
| 41 | ov_041 | 2.52439845562571 × 10^293 |
| 42 | ov_042 | 2.06530385134343 × 10^293 |
| 43 | ov_043 | 1.6744006594545532 × 10^293 |
| 44 | ov_044 | 1.3444309948769938 × 10^293 |
| 45 | ov_045 | 1.0685328902075104 × 10^293 |
| 46 | ov_046 | 8.402300992497719 × 10^292 |
| 47 | ov_047 | 6.534240077486477 × 10^292 |
| 48 | ov_048 | 5.023873106868835 × 10^292 |
| 49 | ov_049 | 3.817591412545973 × 10^292 |
| 50 | ov_050 | 2.865413621975818 × 10^292 |
| 51 | ov_051 | 2.1209576904204202 × 10^292 |
| 52 | ov_052 | 1.5414201845244852 × 10^292 |
| 53 | ov_053 | 1.0875615393715811 × 10^292 |
| 54 | ov_054 | 7.406514367883712 × 10^291 |
| 55 | ov_055 | 4.837346407245019 × 10^291 |
| 56 | ov_056 | 3.0162866727979565 × 10^291 |
| 57 | ov_057 | 1.809224016362798 × 10^291 |
| 58 | ov_058 | 1.0010495343751914 × 10^291 |
| 59 | ov_059 | 4.9305964784762665 × 10^290 |
| 60 | ov_060 | 2.0425067861870072 × 10^290 |
| 61 | ov_061 | 7.131818625486405 × 10^289 |
| 62 | ov_062 | 1.9555889425664192 × 10^289 |
| 63 | ov_063 | 3.809802674435747 × 10^288 |
| 64 | lv_79_m31 | 7.420339430474322 × 10^287 |
| 65 | ov_065 | 8.82181122144791 × 10^288 |
| 66 | ov_066 | 8.821788415665146 × 10^288 |
| 67 | ov_067 | 8.821783041050268 × 10^288 |
| 68 | ov_068 | 7.62721528258334 × 10^288 |
| 69 | ov_069 | 6.559721095205389 × 10^288 |
| 70 | ov_070 | 5.609709978942622 × 10^288 |
| 71 | ov_071 | 4.7680430775555716 × 10^288 |
| 72 | ov_072 | 4.0260091342086325 × 10^288 |
| 73 | ov_073 | 3.3753057975566513 × 10^288 |
| 74 | ov_074 | 2.8080249779395424 × 10^288 |
| 75 | ov_075 | 2.3166410219427715 × 10^288 |
| 76 | ov_076 | 1.8940006656548146 × 10^288 |
| 77 | ov_077 | 1.5333141615571995 × 10^288 |
| 78 | ov_078 | 1.2281473844391377 × 10^288 |
| 79 | ov_079 | 9.724148565454828 × 10^287 |
| 80 | ov_080 | 7.603736329984522 × 10^287 |
| 81 | ov_081 | 5.8661798917294314 × 10^287 |
| 82 | ov_082 | 4.460748521916631 × 10^287 |
| 83 | ov_083 | 3.3399991906991277 × 10^287 |
| 84 | ov_084 | 2.4597440430293416 × 10^287 |
| 85 | ov_085 | 1.7790235987013655 × 10^287 |
| 86 | ov_086 | 1.260085107493245 × 10^287 |
| 87 | ov_087 | 8.683654910885919 × 10^286 |
| 88 | ov_088 | 5.724783039127723 × 10^286 |
| 89 | ov_089 | 3.575230849101348 × 10^286 |
| 90 | ov_090 | 2.1018089445347848 × 10^286 |
| 91 | ov_091 | 1.1871161238771932 × 10^286 |
| 92 | ov_092 | 6.436545213392881 × 10^285 |
| 93 | ov_093 | 3.1544532749410175 × 10^285 |
| 94 | ov_094 | 1.3237773638960167 × 10^285 |
| 95 | aaa_78_28 | 4.009623553632324 × 10^284 |
| 96 | aaa_78_29 | 1.1946497669113279 × 10^284 |
| 97 | ov_097 | 6.485829423118309 × 10^283 |
| 98 | ov_098 | 6.485735566649543 × 10^283 |
| 99 | ov_099 | 6.485705610807216 × 10^283 |
| 100 | ov_100 | 5.296469697877172 × 10^283 |
| 101 | ov_101 | 4.30360751120472 × 10^283 |
| 102 | ov_102 | 3.4840043897627687 × 10^283 |
| 103 | ov_103 | 2.8158105780735337 × 10^283 |
| 104 | ov_104 | 2.278349089914146 × 10^283 |
| 105 | ov_105 | 1.8520357519809513 × 10^283 |
| 106 | ov_106 | 1.5183102897025012 × 10^283 |
| 107 | ov_107 | 1.259577376116136 × 10^283 |
| 108 | ov_108 | 1.0591566213714418 × 10^283 |
| 109 | ov_109 | 9.012405354064835 × 10^282 |
| 110 | ov_110 | 7.708595500114463 × 10^282 |
| 111 | ov_111 | 6.538532391484783 × 10^282 |
| 112 | ov_112 | 5.494546108796278 × 10^282 |
| 113 | ov_113 | 4.569115087276836 × 10^282 |
| 114 | ov_114 | 3.7548334391669954 × 10^282 |
| 115 | ov_115 | 3.044384335084353 × 10^282 |
| 116 | ov_116 | 2.430518941112658 × 10^282 |
| 117 | ov_117 | 1.9060398716512178 × 10^282 |
| 118 | ov_118 | 1.4637876436939013 × 10^282 |
| 119 | ov_119 | 1.0966292814098245 × 10^282 |
| 120 | ov_120 | 7.974491697973059 × 10^281 |
| 121 | ov_121 | 5.591425431108155 × 10^281 |
| 122 | ov_122 | 3.7461129473145 × 10^281 |
| 123 | ov_123 | 2.367612214244666 × 10^281 |
| 124 | ov_124 | 1.3850016446165493 × 10^281 |
| 125 | ov_125 | 7.273685804477399 × 10^280 |
| 126 | ov_126 | 3.238034189573855 × 10^280 |
| 127 | aaa_77_28 | 1.0339735778927594 × 10^280 |
| 128 | aaa_77_29 | 3.875726965364851 × 10^279 |
| 129 | ov_129 | 3.565030542581171 × 10^279 |
| 130 | ov_130 | 3.5650196965156504 × 10^279 |
| 131 | ov_131 | 3.5650170751828376 × 10^279 |
| 132 | ov_132 | 3.0891926362618324 × 10^279 |
| 133 | ov_133 | 2.662665973177727 × 10^279 |
| 134 | ov_134 | 2.2815287532254754 × 10^279 |
| 135 | ov_135 | 1.9420809121828642 × 10^279 |
| 136 | ov_136 | 1.642522488884248 × 10^279 |
| 137 | ov_137 | 1.3795274353780235 × 10^279 |
| 138 | ov_138 | 1.1499394336055919 × 10^279 |
| 139 | ov_139 | 9.50762703387629 × 10^278 |
| 140 | ov_140 | 7.791543248183562 × 10^278 |
| 141 | ov_141 | 6.324179023502591 × 10^278 |
| 142 | ov_142 | 5.079984075109403 × 10^278 |
| 143 | ov_143 | 4.034780467246579 × 10^278 |
| 144 | ov_144 | 3.165730101488751 × 10^278 |
| 145 | ov_145 | 2.451309668076837 × 10^278 |
| 146 | ov_146 | 1.8712918062911628 × 10^278 |
| 147 | ov_147 | 1.4067313128676767 × 10^278 |
| 148 | ov_148 | 1.039955330184767 × 10^278 |
| 149 | ov_149 | 7.545565385359587 × 10^277 |
| 150 | ov_150 | 5.353885129492876 × 10^277 |
| 151 | ov_151 | 3.6856262261833593 × 10^277 |
| 152 | ov_152 | 2.4144605125696606 × 10^277 |
| 153 | ov_153 | 1.4803615604278082 × 10^277 |
| 154 | ov_154 | 8.295739324022497 × 10^276 |
| 155 | ov_155 | 4.146107845070602 × 10^276 |
| 156 | aaa_76_25 | 1.5929950305139172 × 10^276 |
| 157 | aaa_76_26 | 9.197467089054187 × 10^275 |
| 158 | aaa_76_27 | 4.707083001857491 × 10^275 |
| 159 | aaa_76_28 | 1.8322058644274585 × 10^275 |
| 160 | aaa_76_29 | 5.570517520769901 × 10^274 |

### Output Bits Sorted by Complexity

| Rank | Output Bit | Complexity |
|:----:|:----------:|:----------:|
| 160 | aaa_76_29 | 5.570517520769901 × 10^274 |
| 159 | aaa_76_28 | 1.8322058644274585 × 10^275 |
| 158 | aaa_76_27 | 4.707083001857491 × 10^275 |
| 157 | aaa_76_26 | 9.197467089054187 × 10^275 |
| 156 | aaa_76_25 | 1.5929950305139172 × 10^276 |
| 155 | ov_155 | 4.146107845070602 × 10^276 |
| 154 | ov_154 | 8.295739324022497 × 10^276 |
| 153 | ov_153 | 1.4803615604278082 × 10^277 |
| 152 | ov_152 | 2.4144605125696606 × 10^277 |
| 151 | ov_151 | 3.6856262261833593 × 10^277 |
| 150 | ov_150 | 5.353885129492876 × 10^277 |
| 149 | ov_149 | 7.545565385359587 × 10^277 |
| 148 | ov_148 | 1.039955330184767 × 10^278 |
| 147 | ov_147 | 1.4067313128676767 × 10^278 |
| 146 | ov_146 | 1.8712918062911628 × 10^278 |
| 145 | ov_145 | 2.451309668076837 × 10^278 |
| 144 | ov_144 | 3.165730101488751 × 10^278 |
| 143 | ov_143 | 4.034780467246579 × 10^278 |
| 142 | ov_142 | 5.079984075109403 × 10^278 |
| 141 | ov_141 | 6.324179023502591 × 10^278 |
| 140 | ov_140 | 7.791543248183562 × 10^278 |
| 139 | ov_139 | 9.50762703387629 × 10^278 |
| 138 | ov_138 | 1.1499394336055919 × 10^279 |
| 137 | ov_137 | 1.3795274353780235 × 10^279 |
| 136 | ov_136 | 1.642522488884248 × 10^279 |
| 135 | ov_135 | 1.9420809121828642 × 10^279 |
| 134 | ov_134 | 2.2815287532254754 × 10^279 |
| 133 | ov_133 | 2.662665973177727 × 10^279 |
| 132 | ov_132 | 3.0891926362618324 × 10^279 |
| 131 | ov_131 | 3.5650170751828376 × 10^279 |
| 130 | ov_130 | 3.5650196965156504 × 10^279 |
| 129 | ov_129 | 3.565030542581171 × 10^279 |
| 128 | aaa_77_29 | 3.875726965364851 × 10^279 |
| 127 | aaa_77_28 | 1.0339735778927594 × 10^280 |
| 126 | ov_126 | 3.238034189573855 × 10^280 |
| 125 | ov_125 | 7.273685804477399 × 10^280 |
| 124 | ov_124 | 1.3850016446165493 × 10^281 |
| 123 | ov_123 | 2.367612214244666 × 10^281 |
| 122 | ov_122 | 3.7461129473145 × 10^281 |
| 121 | ov_121 | 5.591425431108155 × 10^281 |
| 120 | ov_120 | 7.974491697973059 × 10^281 |
| 119 | ov_119 | 1.0966292814098245 × 10^282 |
| 118 | ov_118 | 1.4637876436939013 × 10^282 |
| 117 | ov_117 | 1.9060398716512178 × 10^282 |
| 116 | ov_116 | 2.430518941112658 × 10^282 |
| 115 | ov_115 | 3.044384335084353 × 10^282 |
| 114 | ov_114 | 3.7548334391669954 × 10^282 |
| 113 | ov_113 | 4.569115087276836 × 10^282 |
| 112 | ov_112 | 5.494546108796278 × 10^282 |
| 111 | ov_111 | 6.538532391484783 × 10^282 |
| 110 | ov_110 | 7.708595500114463 × 10^282 |
| 109 | ov_109 | 9.012405354064835 × 10^282 |
| 108 | ov_108 | 1.0591566213714418 × 10^283 |
| 107 | ov_107 | 1.259577376116136 × 10^283 |
| 106 | ov_106 | 1.5183102897025012 × 10^283 |
| 105 | ov_105 | 1.8520357519809513 × 10^283 |
| 104 | ov_104 | 2.278349089914146 × 10^283 |
| 103 | ov_103 | 2.8158105780735337 × 10^283 |
| 102 | ov_102 | 3.4840043897627687 × 10^283 |
| 101 | ov_101 | 4.30360751120472 × 10^283 |
| 100 | ov_100 | 5.296469697877172 × 10^283 |
| 99 | ov_099 | 6.485705610807216 × 10^283 |
| 98 | ov_098 | 6.485735566649543 × 10^283 |
| 97 | ov_097 | 6.485829423118309 × 10^283 |
| 96 | aaa_78_29 | 1.1946497669113279 × 10^284 |
| 95 | aaa_78_28 | 4.009623553632324 × 10^284 |
| 94 | ov_094 | 1.3237773638960167 × 10^285 |
| 93 | ov_093 | 3.1544532749410175 × 10^285 |
| 92 | ov_092 | 6.436545213392881 × 10^285 |
| 91 | ov_091 | 1.1871161238771932 × 10^286 |
| 90 | ov_090 | 2.1018089445347848 × 10^286 |
| 89 | ov_089 | 3.575230849101348 × 10^286 |
| 88 | ov_088 | 5.724783039127723 × 10^286 |
| 87 | ov_087 | 8.683654910885919 × 10^286 |
| 86 | ov_086 | 1.260085107493245 × 10^287 |
| 85 | ov_085 | 1.7790235987013655 × 10^287 |
| 84 | ov_084 | 2.4597440430293416 × 10^287 |
| 83 | ov_083 | 3.3399991906991277 × 10^287 |
| 82 | ov_082 | 4.460748521916631 × 10^287 |
| 81 | ov_081 | 5.8661798917294314 × 10^287 |
| 64 | lv_79_m31 | 7.420339430474322 × 10^287 |
| 80 | ov_080 | 7.603736329984522 × 10^287 |
| 79 | ov_079 | 9.724148565454828 × 10^287 |
| 78 | ov_078 | 1.2281473844391377 × 10^288 |
| 77 | ov_077 | 1.5333141615571995 × 10^288 |
| 76 | ov_076 | 1.8940006656548146 × 10^288 |
| 75 | ov_075 | 2.3166410219427715 × 10^288 |
| 74 | ov_074 | 2.8080249779395424 × 10^288 |
| 73 | ov_073 | 3.3753057975566513 × 10^288 |
| 63 | ov_063 | 3.809802674435747 × 10^288 |
| 72 | ov_072 | 4.0260091342086325 × 10^288 |
| 71 | ov_071 | 4.7680430775555716 × 10^288 |
| 70 | ov_070 | 5.609709978942622 × 10^288 |
| 69 | ov_069 | 6.559721095205389 × 10^288 |
| 68 | ov_068 | 7.62721528258334 × 10^288 |
| 67 | ov_067 | 8.821783041050268 × 10^288 |
| 66 | ov_066 | 8.821788415665146 × 10^288 |
| 65 | ov_065 | 8.82181122144791 × 10^288 |
| 62 | ov_062 | 1.9555889425664192 × 10^289 |
| 61 | ov_061 | 7.131818625486405 × 10^289 |
| 60 | ov_060 | 2.0425067861870072 × 10^290 |
| 59 | ov_059 | 4.9305964784762665 × 10^290 |
| 58 | ov_058 | 1.0010495343751914 × 10^291 |
| 57 | ov_057 | 1.809224016362798 × 10^291 |
| 56 | ov_056 | 3.0162866727979565 × 10^291 |
| 55 | ov_055 | 4.837346407245019 × 10^291 |
| 54 | ov_054 | 7.406514367883712 × 10^291 |
| 53 | ov_053 | 1.0875615393715811 × 10^292 |
| 52 | ov_052 | 1.5414201845244852 × 10^292 |
| 51 | ov_051 | 2.1209576904204202 × 10^292 |
| 50 | ov_050 | 2.865413621975818 × 10^292 |
| 49 | ov_049 | 3.817591412545973 × 10^292 |
| 48 | ov_048 | 5.023873106868835 × 10^292 |
| 47 | ov_047 | 6.534240077486477 × 10^292 |
| 32 | lv_80_m31 | 7.734483096528656 × 10^292 |
| 46 | ov_046 | 8.402300992497719 × 10^292 |
| 45 | ov_045 | 1.0685328902075104 × 10^293 |
| 44 | ov_044 | 1.3444309948769938 × 10^293 |
| 43 | ov_043 | 1.6744006594545532 × 10^293 |
| 42 | ov_042 | 2.06530385134343 × 10^293 |
| 41 | ov_041 | 2.52439845562571 × 10^293 |
| 40 | ov_040 | 3.055621606064694 × 10^293 |
| 39 | ov_039 | 3.663126766729296 × 10^293 |
| 31 | ov_031 | 3.962013915204214 × 10^293 |
| 38 | ov_038 | 4.351294018859865 × 10^293 |
| 37 | ov_037 | 5.124742328566442 × 10^293 |
| 36 | ov_036 | 5.99296300495718 × 10^293 |
| 35 | ov_035 | 6.96597108469745 × 10^293 |
| 34 | ov_034 | 8.054342033011853 × 10^293 |
| 33 | ov_033 | 9.26925423779391 × 10^293 |
| 30 | ov_030 | 2.029394644779639 × 10^294 |
| 29 | ov_029 | 6.633610445475152 × 10^294 |
| 28 | ov_028 | 1.720471832027089 × 10^295 |
| 27 | ov_027 | 3.842959174981068 × 10^295 |
| 26 | ov_026 | 8.14944774295351 × 10^295 |
| 25 | ov_025 | 1.6121064416067878 × 10^296 |
| 24 | ov_024 | 2.9601449183329646 × 10^296 |
| 23 | ov_023 | 5.0796789001343784 × 10^296 |
| 22 | ov_022 | 8.227590366811459 × 10^296 |
| 21 | ov_021 | 1.2697042833544542 × 10^297 |
| 20 | ov_020 | 1.881751466800088 × 10^297 |
| 19 | ov_019 | 2.6954853536778722 × 10^297 |
| 18 | ov_018 | 3.751136015672631 × 10^297 |
| 17 | ov_017 | 5.092591291690899 × 10^297 |
| 16 | ov_016 | 6.767414635339961 × 10^297 |
| 15 | ov_015 | 8.826869590189917 × 10^297 |
| 14 | ov_014 | 1.1325952178398782 × 10^298 |
| 13 | ov_013 | 1.4323432817524368 × 10^298 |
| 12 | ov_012 | 1.788191010224545 × 10^298 |
| 11 | ov_011 | 2.206787956344769 × 10^298 |
| 10 | ov_010 | 2.6951820972492635 × 10^298 |
| 9 | ov_009 | 3.2608308045740673 × 10^298 |
| 8 | ov_008 | 3.9116144693630206 × 10^298 |
| 7 | ov_007 | 4.655853225049262 × 10^298 |
| 6 | ov_006 | 5.502327241664596 × 10^298 |
| 5 | ov_005 | 6.46030109442114 × 10^298 |
| 4 | ov_004 | 7.539552740382833 × 10^298 |
| 3 | ov_003 | 8.750407630962652 × 10^298 |
| 2 | ov_002 | 1.0103778406257253 × 10^299 |
| 1 | ov_001 | 1.1611210530323735 × 10^299 |

