# Results for F001-F002-F003-F004-F005-F006-F007-F008-F009-F010-F011-F012-F013-F014-F015-F016-F017-F018-F019-F020-F021-F022-F023-F024-F025-F026-F027-F028-F029-F030-F031-F032-F033-F034-F035-F036-F037-F038-F039-F040-F041-F042-F043-F044-F045-F046-F047-F048-F049-F050-F051-F052-F053-F054-F055-F056-F057-F058-F059-F060-F061-F062-F063-F064-F065-F066-F067-F068-F069-F070-F071-F072-F073-F074-F075-F076-F077-F078-F079-F080-F081-F082-F083-F084-F085-F086-F087-F088-F089-F090-F091-F092-F093-F094-F095-F096-F097-F098-F099-F100-F101-F102-F103-F104-F105-F106-F107-F108-F109-F110-F111-F112-F113-F114-F115-F116-F117-F118-F119-F120-F121-F122-F123-F124-F125-F126-F127-F128-F129-F130-F131-F132-F133-F134-F135-F136-F137-F138-F139-F140-F141-F142-F143-F144-F145-F146-F147-F148-F149-F150-F151-F152-F153-F154-F155-F156-F157-F158-F159-F160-F161-F162-F163-F164-F165-F166-F167-F168-F169-F170-F171-F172-F173-F174-F175-F176-F177-F178-F179-F180-F181-F182-F183-F184-F185-F186-F187-F188-F189-F190-F191-F192-F193-F194-F195-F196-F197-F198-F199-F200-F201-F202-F203-F204-F205-F206-F207-F208-F209-F210-F211-F212-F213-F214-F215-F216-F217-F218-F219-F220-F221-F222-F223-F224-F225-F226-F227-F228-F229-F230-F231-F232-F233-F234-F235-F236-F237-F238-F239-F240-F241-F242-F243-F244-F245-F246-F247-F248-F249-F250-F251-F252-F253-F254-F255-F256-F257-F258-F259-F260-F261-F262-F263-F264-F265-F266-F267-F268-F269-F270-F271-F272-F273-F274-F275-F276-F277-F278-F279-F280-F281-F282-F283-F284-F285-F286-F287-F288-F289-F290-F291-F292-F293-F294-F295-F296-F297-F298-F299-F300-F301-F302-F303-F304-F305-F306-F307-F308-F309-F310-F311-F312-F313-F314-F315-F316-F317-F318-F319-F320-F321-F322-F323-F324-F325-F326-F327-F328-F329-F330-F331-F332-F333-F334-F335-F336-F337-F338-F339-F340-F341-F342-F343-F344-F345-F346-F347-F348-F349-F350-F351-F352-F353-F354-F355-F356-F357-F358-F359-F360-F361-F362-F363-F364-F365-F366-F367-F368-F369-F370-F371-F372-F373-F374-F375-F376-F377-F378-F379-F380-F381-F382-F383-F384-F385-F386-F387-F388-F389-F390-F391-F392-F393-F394-F395-F396-F397-F398-F399-F400-F401-F402-F403-F404-F405-F406-F407-F408-F409-F410-F411-F412-F413-F414-F415-F416-F417-F418-F419-F420-F421-F422-F423-F424-F425-F426-F427-F428-F429-F430-F431-F432-F433-F434-F435-F436-F437-F438-F439-F440-F441-F442-F443-F444-F445-F446-F447-F448-F449-F450-F451-F452-F453-F454-F455-F456-F457-F458-F459-F460-F461-F462-F463-F464-F465-F466-F467-F468-F469-F470-F471-F472-F473-F474-F475-F476-F477-F478-F479-F480-F481-F482-F483-F484-F485-F486-F487-F488-F489-F490-F491-F492-F493-F494-F495-F496-F504-F507-F508-F509-F510-F512

## Summary

Number of input bits: 512  
Number of free input bits: 10  
Number of output bits: 160

Number of direct occurrences: 41262  
Number of assignments: 31045  
Number of operations: 11061863
(xor: 11033656,
and: 15063,
or: 13144)

Total complexity: 8.647767889013725 × 10^297

Least occurring input variable: iv_499 (3960)  
Most occurring input variable: iv_511 (4458)

Most co-occurring input variables: iv_503-iv_511 (2124)  
Least co-occurring input variables: iv_499-iv_506 (1799)

Potentially most occurring input variable: iv_502/iv_511 (4545)  
Potentially least occurring input variable: iv_501/iv_502 (4102)

Least output occurring input variable: iv_498 (74)  
Most output occurring input variable: iv_505 (83)

Most output co-occurring input variables: iv_501-iv_505 (48)  
Least output co-occurring input variables: iv_498-iv_500 (29)

Potentially most output occurring input variable: iv_502/iv_511 (93)  
Potentially least output occurring input variable: iv_497/iv_498 (65)

Least complex input bit: iv_511 (1.0312481915762231 × 10^293)  
Most complex input bit: iv_502 (2.229192249237107 × 10^297)

Least complex output bit: aaa_76_29 (2.032854327893988 × 10^273)  
Most complex output bit: ov_001 (1.3519559529869086 × 10^297)

Least complex input/output complexity: iv_511/aaa_76_29 (2.424183183780686 × 10^268)  
Most complex input/output complexity: iv_502/ov_001 (3.4850261597991347 × 10^296)

## Input Bits

### Input Bits in Regular Order

| Input Bit | Complexity | Occurrences | Output Occurrences |
|:---------:|:----------:|:-----------:|:------------------:|
| iv_497 | 1.3156815966134699 × 10^296 | 4060 | 77 |
| iv_498 | 2.624371944737959 × 10^296 | 4031 | 74 |
| iv_499 | 4.712448522229032 × 10^296 | 3960 | 81 |
| iv_500 | 8.105967737747946 × 10^296 | 4135 | 76 |
| iv_501 | 1.3590156108607693 × 10^297 | 4083 | 82 |
| iv_502 | 2.229192249237107 × 10^297 | 4117 | 78 |
| iv_503 | 1.3497580111060832 × 10^297 | 4270 | 80 |
| iv_505 | 9.933176036685677 × 10^296 | 4113 | 83 |
| iv_506 | 1.0405343091892136 × 10^297 | 4035 | 77 |
| iv_511 | 1.0312481915762231 × 10^293 | 4458 | 81 |

### Input Bits Sorted by Complexity

| Input Bit | Complexity | Occurrences | Output Occurrences |
|:---------:|:----------:|:-----------:|:------------------:|
| iv_511 | 1.0312481915762231 × 10^293 | 4458 | 81 |
| iv_497 | 1.3156815966134699 × 10^296 | 4060 | 77 |
| iv_498 | 2.624371944737959 × 10^296 | 4031 | 74 |
| iv_499 | 4.712448522229032 × 10^296 | 3960 | 81 |
| iv_500 | 8.105967737747946 × 10^296 | 4135 | 76 |
| iv_505 | 9.933176036685677 × 10^296 | 4113 | 83 |
| iv_506 | 1.0405343091892136 × 10^297 | 4035 | 77 |
| iv_503 | 1.3497580111060832 × 10^297 | 4270 | 80 |
| iv_501 | 1.3590156108607693 × 10^297 | 4083 | 82 |
| iv_502 | 2.229192249237107 × 10^297 | 4117 | 78 |

### Input Bits Sorted by Occurrences

| Input Bit | Complexity | Occurrences | Output Occurrences |
|:---------:|:----------:|:-----------:|:------------------:|
| iv_499 | 4.712448522229032 × 10^296 | 3960 | 81 |
| iv_498 | 2.624371944737959 × 10^296 | 4031 | 74 |
| iv_506 | 1.0405343091892136 × 10^297 | 4035 | 77 |
| iv_497 | 1.3156815966134699 × 10^296 | 4060 | 77 |
| iv_501 | 1.3590156108607693 × 10^297 | 4083 | 82 |
| iv_505 | 9.933176036685677 × 10^296 | 4113 | 83 |
| iv_502 | 2.229192249237107 × 10^297 | 4117 | 78 |
| iv_500 | 8.105967737747946 × 10^296 | 4135 | 76 |
| iv_503 | 1.3497580111060832 × 10^297 | 4270 | 80 |
| iv_511 | 1.0312481915762231 × 10^293 | 4458 | 81 |

### Input Bits Sorted by Output Occurrences

| Input Bit | Complexity | Occurrences | Output Occurrences |
|:---------:|:----------:|:-----------:|:------------------:|
| iv_498 | 2.624371944737959 × 10^296 | 4031 | 74 |
| iv_500 | 8.105967737747946 × 10^296 | 4135 | 76 |
| iv_506 | 1.0405343091892136 × 10^297 | 4035 | 77 |
| iv_497 | 1.3156815966134699 × 10^296 | 4060 | 77 |
| iv_502 | 2.229192249237107 × 10^297 | 4117 | 78 |
| iv_503 | 1.3497580111060832 × 10^297 | 4270 | 80 |
| iv_499 | 4.712448522229032 × 10^296 | 3960 | 81 |
| iv_511 | 1.0312481915762231 × 10^293 | 4458 | 81 |
| iv_501 | 1.3590156108607693 × 10^297 | 4083 | 82 |
| iv_505 | 9.933176036685677 × 10^296 | 4113 | 83 |

## Input Bit Co-occurrences

### Input Bit Co-occurrences Sorted by Co-occurrences

| Input Bits | Co-occurrences | Potential Occurrences | Output Co-occurrences | Potential Output Occurrences |
|:----------:|:--------------:|:---------------------:|:---------------------:|:----------------------------:|
| iv_503-iv_511 | 2124 | 4480 | 47 | 67 |
| iv_501-iv_511 | 2087 | 4367 | 43 | 77 |
| iv_505-iv_511 | 2070 | 4431 | 46 | 72 |
| iv_501-iv_503 | 2066 | 4221 | 43 | 76 |
| iv_500-iv_511 | 2066 | 4461 | 39 | 79 |
| iv_501-iv_502 | 2049 | 4102 | 42 | 76 |
| iv_502-iv_503 | 2049 | 4289 | 43 | 72 |
| iv_500-iv_501 | 2039 | 4140 | 39 | 80 |
| iv_503-iv_505 | 2025 | 4333 | 47 | 69 |
| iv_500-iv_503 | 2023 | 4359 | 40 | 76 |

### Input Bit Co-occurrences Sorted by Potential Occurrences

| Input Bits | Co-occurrences | Potential Occurrences | Output Co-occurrences | Potential Output Occurrences |
|:----------:|:--------------:|:---------------------:|:---------------------:|:----------------------------:|
| iv_501-iv_502 | 2049 | 4102 | 42 | 76 |
| iv_500-iv_501 | 2039 | 4140 | 39 | 80 |
| iv_498-iv_499 | 1908 | 4175 | 39 | 77 |
| iv_497-iv_505 | 1981 | 4211 | 43 | 74 |
| iv_501-iv_503 | 2066 | 4221 | 43 | 76 |
| iv_497-iv_499 | 1898 | 4224 | 40 | 78 |
| iv_500-iv_506 | 1968 | 4234 | 37 | 79 |
| iv_501-iv_505 | 1980 | 4236 | 48 | 69 |
| iv_502-iv_505 | 1996 | 4238 | 45 | 71 |
| iv_498-iv_505 | 1950 | 4244 | 39 | 79 |

### Input Bit Output Co-occurrences Sorted by Output Co-occurrences

| Input Bits | Co-occurrences | Potential Occurrences | Output Co-occurrences | Potential Output Occurrences |
|:----------:|:--------------:|:---------------------:|:---------------------:|:----------------------------:|
| iv_501-iv_505 | 1980 | 4236 | 48 | 69 |
| iv_503-iv_511 | 2124 | 4480 | 47 | 67 |
| iv_503-iv_505 | 2025 | 4333 | 47 | 69 |
| iv_500-iv_505 | 1968 | 4312 | 46 | 67 |
| iv_505-iv_511 | 2070 | 4431 | 46 | 72 |
| iv_499-iv_502 | 1894 | 4289 | 45 | 69 |
| iv_502-iv_505 | 1996 | 4238 | 45 | 71 |
| iv_499-iv_501 | 1891 | 4261 | 43 | 77 |
| iv_501-iv_503 | 2066 | 4221 | 43 | 76 |
| iv_499-iv_505 | 1860 | 4353 | 43 | 78 |

### Input Bit Output Co-occurrences Sorted by Potential Output Occurrences

| Input Bits | Co-occurrences | Potential Occurrences | Output Co-occurrences | Potential Output Occurrences |
|:----------:|:--------------:|:---------------------:|:---------------------:|:----------------------------:|
| iv_497-iv_498 | 1902 | 4287 | 43 | 65 |
| iv_500-iv_505 | 1968 | 4312 | 46 | 67 |
| iv_503-iv_511 | 2124 | 4480 | 47 | 67 |
| iv_498-iv_503 | 1996 | 4309 | 43 | 68 |
| iv_499-iv_502 | 1894 | 4289 | 45 | 69 |
| iv_501-iv_505 | 1980 | 4236 | 48 | 69 |
| iv_503-iv_505 | 2025 | 4333 | 47 | 69 |
| iv_502-iv_505 | 1996 | 4238 | 45 | 71 |
| iv_505-iv_511 | 2070 | 4431 | 46 | 72 |
| iv_502-iv_503 | 2049 | 4289 | 43 | 72 |

## Output Bits

### Output Bits in Regular Order

| Rank | Output Bit | Complexity |
|:----:|:----------:|:----------:|
| 1 | ov_001 | 1.3519559529869086 × 10^297 |
| 2 | ov_002 | 1.176419706581667 × 10^297 |
| 3 | ov_003 | 1.0188275359390734 × 10^297 |
| 4 | ov_004 | 8.778342279803218 × 10^296 |
| 5 | ov_005 | 7.521682633266488 × 10^296 |
| 6 | ov_006 | 6.406265181383485 × 10^296 |
| 7 | ov_007 | 5.420696609606988 × 10^296 |
| 8 | ov_008 | 4.554182012538819 × 10^296 |
| 9 | ov_009 | 3.79649135798873 × 10^296 |
| 10 | ov_010 | 3.1379312931256844 × 10^296 |
| 11 | ov_011 | 2.5693216488541695 × 10^296 |
| 12 | ov_012 | 2.0819760354545398 × 10^296 |
| 13 | ov_013 | 1.667685958731304 × 10^296 |
| 14 | ov_014 | 1.3187079215705112 × 10^296 |
| 15 | ov_015 | 1.0277530379290359 × 10^296 |
| 16 | ov_016 | 7.879787749648965 × 10^295 |
| 17 | ov_017 | 5.929824736884312 × 10^295 |
| 18 | ov_018 | 4.367962996778592 × 10^295 |
| 19 | ov_019 | 3.138833420776271 × 10^295 |
| 20 | ov_020 | 2.1913466616137427 × 10^295 |
| 21 | ov_021 | 1.4786716445345712 × 10^295 |
| 22 | ov_022 | 9.582205661220448 × 10^294 |
| 23 | ov_023 | 5.916388157849062 × 10^294 |
| 24 | ov_024 | 3.447984258030891 × 10^294 |
| 25 | ov_025 | 1.877940646123961 × 10^294 |
| 26 | ov_026 | 9.49408427845239 × 10^293 |
| 27 | ov_027 | 4.477328120680947 × 10^293 |
| 28 | ov_028 | 2.0044904460547245 × 10^293 |
| 29 | ov_029 | 7.728110001620722 × 10^292 |
| 30 | ov_030 | 2.363807985763697 × 10^292 |
| 31 | ov_031 | 4.613583276876116 × 10^291 |
| 32 | lv_80_m31 | 9.003932623980304 × 10^290 |
| 33 | ov_033 | 1.0791873381787124 × 10^292 |
| 34 | ov_034 | 9.382197107138076 × 10^291 |
| 35 | ov_035 | 8.116244860946597 × 10^291 |
| 36 | ov_036 | 6.980539021190729 × 10^291 |
| 37 | ov_037 | 5.968528794235741 × 10^291 |
| 38 | ov_038 | 5.0681355317538776 × 10^291 |
| 39 | ov_039 | 4.2679109034815585 × 10^291 |
| 40 | ov_040 | 3.562283262534689 × 10^291 |
| 41 | ov_041 | 2.945968720282134 × 10^291 |
| 42 | ov_042 | 2.4139565202476752 × 10^291 |
| 43 | ov_043 | 1.961496768967799 × 10^291 |
| 44 | ov_044 | 1.579833335020628 × 10^291 |
| 45 | ov_045 | 1.2606879138032944 × 10^291 |
| 46 | ov_046 | 9.962478078809801 × 10^290 |
| 47 | ov_047 | 7.791562080641583 × 10^290 |
| 48 | ov_048 | 6.025045729119208 × 10^290 |
| 49 | ov_049 | 4.598267354134943 × 10^290 |
| 50 | ov_050 | 3.4509439608082707 × 10^290 |
| 51 | ov_051 | 2.554023851611744 × 10^290 |
| 52 | ov_052 | 1.85588763086671 × 10^290 |
| 53 | ov_053 | 1.3092167481320507 × 10^290 |
| 54 | ov_054 | 8.914252714117484 × 10^289 |
| 55 | ov_055 | 5.820691138132088 × 10^289 |
| 56 | ov_056 | 3.628430511337585 × 10^289 |
| 57 | ov_057 | 2.175789172611484 × 10^289 |
| 58 | ov_058 | 1.2034785221980899 × 10^289 |
| 59 | ov_059 | 5.925315245417339 × 10^288 |
| 60 | ov_060 | 2.4533308882272877 × 10^288 |
| 61 | ov_061 | 8.56191162930367 × 10^287 |
| 62 | ov_062 | 2.3465696992667507 × 10^287 |
| 63 | ov_063 | 4.56918358834962 × 10^286 |
| 64 | lv_79_m31 | 8.89503386924841 × 10^285 |
| 65 | ov_065 | 1.0598724391628584 × 10^287 |
| 66 | ov_066 | 1.0598690087603655 × 10^287 |
| 67 | ov_067 | 1.059868169174758 × 10^287 |
| 68 | ov_068 | 9.150802047802686 × 10^286 |
| 69 | ov_069 | 7.861216163320503 × 10^286 |
| 70 | ov_070 | 6.7169336964364685 × 10^286 |
| 71 | ov_071 | 5.705763658930688 × 10^286 |
| 72 | ov_072 | 4.816260270909422 × 10^286 |
| 73 | ov_073 | 4.0376736020930594 × 10^286 |
| 74 | ov_074 | 3.3599047474223036 × 10^286 |
| 75 | ov_075 | 2.7734652940951314 × 10^286 |
| 76 | ov_076 | 2.26944084484702 × 10^286 |
| 77 | ov_077 | 1.8394583685157178 × 10^286 |
| 78 | ov_078 | 1.4756571539040465 × 10^286 |
| 79 | ov_079 | 1.1706631468694754 × 10^286 |
| 80 | ov_080 | 9.175664536125726 × 10^285 |
| 81 | ov_081 | 7.09901795475872 × 10^285 |
| 82 | ov_082 | 5.416317023441822 × 10^285 |
| 83 | ov_083 | 4.071322330675498 × 10^285 |
| 84 | ov_084 | 3.0118101229043216 × 10^285 |
| 85 | ov_085 | 2.18947373734035 × 10^285 |
| 86 | ov_086 | 1.5598440041326634 × 10^285 |
| 87 | ov_087 | 1.08222652543233 × 10^285 |
| 88 | ov_088 | 7.1965374056857 × 10^284 |
| 89 | ov_089 | 4.545684454619241 × 10^284 |
| 90 | ov_090 | 2.712518821671647 × 10^284 |
| 91 | ov_091 | 1.5581381372341076 × 10^284 |
| 92 | ov_092 | 8.593728574079632 × 10^283 |
| 93 | ov_093 | 4.29413434315359 × 10^283 |
| 94 | ov_094 | 1.8394082063244836 × 10^283 |
| 95 | aaa_78_28 | 5.680044633622122 × 10^282 |
| 96 | aaa_78_29 | 1.7444267921389736 × 10^282 |
| 97 | ov_097 | 1.1518025608545265 × 10^282 |
| 98 | ov_098 | 1.1517682022186784 × 10^282 |
| 99 | ov_099 | 1.151757236100635 × 10^282 |
| 100 | ov_100 | 1.036443997851779 × 10^282 |
| 101 | ov_101 | 9.296335910179102 × 10^281 |
| 102 | ov_102 | 8.308614986568484 × 10^281 |
| 103 | ov_103 | 7.396969319813654 × 10^281 |
| 104 | ov_104 | 6.557383711349821 × 10^281 |
| 105 | ov_105 | 5.7860952252208636 × 10^281 |
| 106 | ov_106 | 5.0795567123407454 × 10^281 |
| 107 | ov_107 | 4.4344040785513915 × 10^281 |
| 108 | ov_108 | 3.847427095257845 × 10^281 |
| 109 | ov_109 | 3.3155435561143778 × 10^281 |
| 110 | ov_110 | 2.8357765868734986 × 10^281 |
| 111 | ov_111 | 2.4052349182799464 × 10^281 |
| 112 | ov_112 | 2.0210959339574436 × 10^281 |
| 113 | ov_113 | 1.680591306735162 × 10^281 |
| 114 | ov_114 | 1.3809950379160048 × 10^281 |
| 115 | ov_115 | 1.1196137147118634 × 10^281 |
| 116 | ov_116 | 8.937788015540607 × 10^280 |
| 117 | ov_117 | 7.008405845228689 × 10^280 |
| 118 | ov_118 | 5.3816321450843205 × 10^280 |
| 119 | ov_119 | 4.031205375029184 × 10^280 |
| 120 | ov_120 | 2.9309274812394514 × 10^280 |
| 121 | ov_121 | 2.0546400747153934 × 10^280 |
| 122 | ov_122 | 1.376209105875213 × 10^280 |
| 123 | ov_123 | 8.695147883044338 × 10^279 |
| 124 | ov_124 | 5.084448040330824 × 10^279 |
| 125 | ov_125 | 2.6689009577433493 × 10^279 |
| 126 | ov_126 | 1.1874272146200168 × 10^279 |
| 127 | aaa_77_28 | 3.789503108867873 × 10^278 |
| 128 | aaa_77_29 | 1.4194367413266079 × 10^278 |
| 129 | ov_129 | 1.3087359051565444 × 10^278 |
| 130 | ov_130 | 1.3087319488070176 × 10^278 |
| 131 | ov_131 | 1.3087309931418408 × 10^278 |
| 132 | ov_132 | 1.1326743306484634 × 10^278 |
| 133 | ov_133 | 9.75285709708329 × 10^277 |
| 134 | ov_134 | 8.351360391428057 × 10^277 |
| 135 | ov_135 | 7.108720415504738 × 10^277 |
| 136 | ov_136 | 6.012108611094695 × 10^277 |
| 137 | ov_137 | 5.0493544164257755 × 10^277 |
| 138 | ov_138 | 4.208905984071242 × 10^277 |
| 139 | ov_139 | 3.47979710986516 × 10^277 |
| 140 | ov_140 | 2.851619684629579 × 10^277 |
| 141 | ov_141 | 2.3145010176610065 × 10^277 |
| 142 | ov_142 | 1.8590854174057268 × 10^277 |
| 143 | ov_143 | 1.4765194507323125 × 10^277 |
| 144 | ov_144 | 1.1584403378182862 × 10^277 |
| 145 | ov_145 | 8.969669750114525 × 10^276 |
| 146 | ov_146 | 6.846931131853292 × 10^276 |
| 147 | ov_147 | 5.146822771146988 × 10^276 |
| 148 | ov_148 | 3.804640922937459 × 10^276 |
| 149 | ov_149 | 2.760317205135782 × 10^276 |
| 150 | ov_150 | 1.9584011087034956 × 10^276 |
| 151 | ov_151 | 1.3480483189031377 × 10^276 |
| 152 | ov_152 | 8.830132590519508 × 10^275 |
| 153 | ov_153 | 5.413221160907189 × 10^275 |
| 154 | ov_154 | 3.0329740230958438 × 10^275 |
| 155 | ov_155 | 1.5155705259743344 × 10^275 |
| 156 | aaa_76_25 | 5.8221432949470975 × 10^274 |
| 157 | aaa_76_26 | 3.3605257942299173 × 10^274 |
| 158 | aaa_76_27 | 1.7192665156305362 × 10^274 |
| 159 | aaa_76_28 | 6.689237597648673 × 10^273 |
| 160 | aaa_76_29 | 2.032854327893988 × 10^273 |

### Output Bits Sorted by Complexity

| Rank | Output Bit | Complexity |
|:----:|:----------:|:----------:|
| 160 | aaa_76_29 | 2.032854327893988 × 10^273 |
| 159 | aaa_76_28 | 6.689237597648673 × 10^273 |
| 158 | aaa_76_27 | 1.7192665156305362 × 10^274 |
| 157 | aaa_76_26 | 3.3605257942299173 × 10^274 |
| 156 | aaa_76_25 | 5.8221432949470975 × 10^274 |
| 155 | ov_155 | 1.5155705259743344 × 10^275 |
| 154 | ov_154 | 3.0329740230958438 × 10^275 |
| 153 | ov_153 | 5.413221160907189 × 10^275 |
| 152 | ov_152 | 8.830132590519508 × 10^275 |
| 151 | ov_151 | 1.3480483189031377 × 10^276 |
| 150 | ov_150 | 1.9584011087034956 × 10^276 |
| 149 | ov_149 | 2.760317205135782 × 10^276 |
| 148 | ov_148 | 3.804640922937459 × 10^276 |
| 147 | ov_147 | 5.146822771146988 × 10^276 |
| 146 | ov_146 | 6.846931131853292 × 10^276 |
| 145 | ov_145 | 8.969669750114525 × 10^276 |
| 144 | ov_144 | 1.1584403378182862 × 10^277 |
| 143 | ov_143 | 1.4765194507323125 × 10^277 |
| 142 | ov_142 | 1.8590854174057268 × 10^277 |
| 141 | ov_141 | 2.3145010176610065 × 10^277 |
| 140 | ov_140 | 2.851619684629579 × 10^277 |
| 139 | ov_139 | 3.47979710986516 × 10^277 |
| 138 | ov_138 | 4.208905984071242 × 10^277 |
| 137 | ov_137 | 5.0493544164257755 × 10^277 |
| 136 | ov_136 | 6.012108611094695 × 10^277 |
| 135 | ov_135 | 7.108720415504738 × 10^277 |
| 134 | ov_134 | 8.351360391428057 × 10^277 |
| 133 | ov_133 | 9.75285709708329 × 10^277 |
| 132 | ov_132 | 1.1326743306484634 × 10^278 |
| 131 | ov_131 | 1.3087309931418408 × 10^278 |
| 130 | ov_130 | 1.3087319488070176 × 10^278 |
| 129 | ov_129 | 1.3087359051565444 × 10^278 |
| 128 | aaa_77_29 | 1.4194367413266079 × 10^278 |
| 127 | aaa_77_28 | 3.789503108867873 × 10^278 |
| 126 | ov_126 | 1.1874272146200168 × 10^279 |
| 125 | ov_125 | 2.6689009577433493 × 10^279 |
| 124 | ov_124 | 5.084448040330824 × 10^279 |
| 123 | ov_123 | 8.695147883044338 × 10^279 |
| 122 | ov_122 | 1.376209105875213 × 10^280 |
| 121 | ov_121 | 2.0546400747153934 × 10^280 |
| 120 | ov_120 | 2.9309274812394514 × 10^280 |
| 119 | ov_119 | 4.031205375029184 × 10^280 |
| 118 | ov_118 | 5.3816321450843205 × 10^280 |
| 117 | ov_117 | 7.008405845228689 × 10^280 |
| 116 | ov_116 | 8.937788015540607 × 10^280 |
| 115 | ov_115 | 1.1196137147118634 × 10^281 |
| 114 | ov_114 | 1.3809950379160048 × 10^281 |
| 113 | ov_113 | 1.680591306735162 × 10^281 |
| 112 | ov_112 | 2.0210959339574436 × 10^281 |
| 111 | ov_111 | 2.4052349182799464 × 10^281 |
| 110 | ov_110 | 2.8357765868734986 × 10^281 |
| 109 | ov_109 | 3.3155435561143778 × 10^281 |
| 108 | ov_108 | 3.847427095257845 × 10^281 |
| 107 | ov_107 | 4.4344040785513915 × 10^281 |
| 106 | ov_106 | 5.0795567123407454 × 10^281 |
| 105 | ov_105 | 5.7860952252208636 × 10^281 |
| 104 | ov_104 | 6.557383711349821 × 10^281 |
| 103 | ov_103 | 7.396969319813654 × 10^281 |
| 102 | ov_102 | 8.308614986568484 × 10^281 |
| 101 | ov_101 | 9.296335910179102 × 10^281 |
| 100 | ov_100 | 1.036443997851779 × 10^282 |
| 99 | ov_099 | 1.151757236100635 × 10^282 |
| 98 | ov_098 | 1.1517682022186784 × 10^282 |
| 97 | ov_097 | 1.1518025608545265 × 10^282 |
| 96 | aaa_78_29 | 1.7444267921389736 × 10^282 |
| 95 | aaa_78_28 | 5.680044633622122 × 10^282 |
| 94 | ov_094 | 1.8394082063244836 × 10^283 |
| 93 | ov_093 | 4.29413434315359 × 10^283 |
| 92 | ov_092 | 8.593728574079632 × 10^283 |
| 91 | ov_091 | 1.5581381372341076 × 10^284 |
| 90 | ov_090 | 2.712518821671647 × 10^284 |
| 89 | ov_089 | 4.545684454619241 × 10^284 |
| 88 | ov_088 | 7.1965374056857 × 10^284 |
| 87 | ov_087 | 1.08222652543233 × 10^285 |
| 86 | ov_086 | 1.5598440041326634 × 10^285 |
| 85 | ov_085 | 2.18947373734035 × 10^285 |
| 84 | ov_084 | 3.0118101229043216 × 10^285 |
| 83 | ov_083 | 4.071322330675498 × 10^285 |
| 82 | ov_082 | 5.416317023441822 × 10^285 |
| 81 | ov_081 | 7.09901795475872 × 10^285 |
| 64 | lv_79_m31 | 8.89503386924841 × 10^285 |
| 80 | ov_080 | 9.175664536125726 × 10^285 |
| 79 | ov_079 | 1.1706631468694754 × 10^286 |
| 78 | ov_078 | 1.4756571539040465 × 10^286 |
| 77 | ov_077 | 1.8394583685157178 × 10^286 |
| 76 | ov_076 | 2.26944084484702 × 10^286 |
| 75 | ov_075 | 2.7734652940951314 × 10^286 |
| 74 | ov_074 | 3.3599047474223036 × 10^286 |
| 73 | ov_073 | 4.0376736020930594 × 10^286 |
| 63 | ov_063 | 4.56918358834962 × 10^286 |
| 72 | ov_072 | 4.816260270909422 × 10^286 |
| 71 | ov_071 | 5.705763658930688 × 10^286 |
| 70 | ov_070 | 6.7169336964364685 × 10^286 |
| 69 | ov_069 | 7.861216163320503 × 10^286 |
| 68 | ov_068 | 9.150802047802686 × 10^286 |
| 67 | ov_067 | 1.059868169174758 × 10^287 |
| 66 | ov_066 | 1.0598690087603655 × 10^287 |
| 65 | ov_065 | 1.0598724391628584 × 10^287 |
| 62 | ov_062 | 2.3465696992667507 × 10^287 |
| 61 | ov_061 | 8.56191162930367 × 10^287 |
| 60 | ov_060 | 2.4533308882272877 × 10^288 |
| 59 | ov_059 | 5.925315245417339 × 10^288 |
| 58 | ov_058 | 1.2034785221980899 × 10^289 |
| 57 | ov_057 | 2.175789172611484 × 10^289 |
| 56 | ov_056 | 3.628430511337585 × 10^289 |
| 55 | ov_055 | 5.820691138132088 × 10^289 |
| 54 | ov_054 | 8.914252714117484 × 10^289 |
| 53 | ov_053 | 1.3092167481320507 × 10^290 |
| 52 | ov_052 | 1.85588763086671 × 10^290 |
| 51 | ov_051 | 2.554023851611744 × 10^290 |
| 50 | ov_050 | 3.4509439608082707 × 10^290 |
| 49 | ov_049 | 4.598267354134943 × 10^290 |
| 48 | ov_048 | 6.025045729119208 × 10^290 |
| 47 | ov_047 | 7.791562080641583 × 10^290 |
| 32 | lv_80_m31 | 9.003932623980304 × 10^290 |
| 46 | ov_046 | 9.962478078809801 × 10^290 |
| 45 | ov_045 | 1.2606879138032944 × 10^291 |
| 44 | ov_044 | 1.579833335020628 × 10^291 |
| 43 | ov_043 | 1.961496768967799 × 10^291 |
| 42 | ov_042 | 2.4139565202476752 × 10^291 |
| 41 | ov_041 | 2.945968720282134 × 10^291 |
| 40 | ov_040 | 3.562283262534689 × 10^291 |
| 39 | ov_039 | 4.2679109034815585 × 10^291 |
| 31 | ov_031 | 4.613583276876116 × 10^291 |
| 38 | ov_038 | 5.0681355317538776 × 10^291 |
| 37 | ov_037 | 5.968528794235741 × 10^291 |
| 36 | ov_036 | 6.980539021190729 × 10^291 |
| 35 | ov_035 | 8.116244860946597 × 10^291 |
| 34 | ov_034 | 9.382197107138076 × 10^291 |
| 33 | ov_033 | 1.0791873381787124 × 10^292 |
| 30 | ov_030 | 2.363807985763697 × 10^292 |
| 29 | ov_029 | 7.728110001620722 × 10^292 |
| 28 | ov_028 | 2.0044904460547245 × 10^293 |
| 27 | ov_027 | 4.477328120680947 × 10^293 |
| 26 | ov_026 | 9.49408427845239 × 10^293 |
| 25 | ov_025 | 1.877940646123961 × 10^294 |
| 24 | ov_024 | 3.447984258030891 × 10^294 |
| 23 | ov_023 | 5.916388157849062 × 10^294 |
| 22 | ov_022 | 9.582205661220448 × 10^294 |
| 21 | ov_021 | 1.4786716445345712 × 10^295 |
| 20 | ov_020 | 2.1913466616137427 × 10^295 |
| 19 | ov_019 | 3.138833420776271 × 10^295 |
| 18 | ov_018 | 4.367962996778592 × 10^295 |
| 17 | ov_017 | 5.929824736884312 × 10^295 |
| 16 | ov_016 | 7.879787749648965 × 10^295 |
| 15 | ov_015 | 1.0277530379290359 × 10^296 |
| 14 | ov_014 | 1.3187079215705112 × 10^296 |
| 13 | ov_013 | 1.667685958731304 × 10^296 |
| 12 | ov_012 | 2.0819760354545398 × 10^296 |
| 11 | ov_011 | 2.5693216488541695 × 10^296 |
| 10 | ov_010 | 3.1379312931256844 × 10^296 |
| 9 | ov_009 | 3.79649135798873 × 10^296 |
| 8 | ov_008 | 4.554182012538819 × 10^296 |
| 7 | ov_007 | 5.420696609606988 × 10^296 |
| 6 | ov_006 | 6.406265181383485 × 10^296 |
| 5 | ov_005 | 7.521682633266488 × 10^296 |
| 4 | ov_004 | 8.778342279803218 × 10^296 |
| 3 | ov_003 | 1.0188275359390734 × 10^297 |
| 2 | ov_002 | 1.176419706581667 × 10^297 |
| 1 | ov_001 | 1.3519559529869086 × 10^297 |

