# Results for E003006-E009012-F013-F014-F015-F016-F017-F018-F019-F020-F021-F022-F023-F024-F025-F026-F027-F028-F029-F030-F031-F032-F033-F034-F035-F036-F037-F038-F039-F040-F041-F042-F043-F044-F045-F046-F047-F048-F049-F050-F051-F052-F053-F054-F055-F056-F057-F058-F059-F060-F061-F062-F063-F064-F065-F066-F067-F068-F069-F070-F071-F072-F073-F074-F075-F076-F077-F078-F079-F080-F081-F082-F083-F084-F085-F086-F087-F088-F089-F090-F091-F092-F093-F094-F095-F096-F097-F098-F099-F100-F101-F102-F103-F104-F105-F106-F107-F108-F109-F110-F111-F112-F113-F114-F115-F116-F117-F118-F119-F120-F121-F122-F123-F124-F125-F126-F127-F128-F129-F130-F131-F132-F133-F134-F135-F136-F137-F138-F139-F140-F141-F142-F143-F144-F145-F146-F147-F148-F149-F150-F151-F152-F153-F154-F155-F156-F157-F158-F159-F160-F161-F162-F163-F164-F165-F166-F167-F168-F169-F170-F171-F172-F173-F174-F175-F176-F177-F178-F179-F180-F181-F182-F183-F184-F185-F186-F187-F188-F189-F190-F191-F192-F193-F194-F195-F196-F197-F198-F199-F200-F201-F202-F203-F204-F205-F206-F207-F208-F209-F210-F211-F212-F213-F214-F215-F216-F217-F218-F219-F220-F221-F222-F223-F224-F225-F226-F227-F228-F229-F230-F231-F232-F233-F234-F235-F236-F237-F238-F239-F240-F241-F242-F243-F244-F245-F246-F247-F248-F249-F250-F251-F252-F253-F254-F255-F256-F257-F258-F259-F260-F261-F262-F263-F264-F265-F266-F267-F268-F269-F270-F271-F272-F273-F274-F275-F276-F277-F278-F279-F280-F281-F282-F283-F284-F285-F286-F287-F288-F289-F290-F291-F292-F293-F294-F295-F296-F297-F298-F299-F300-F301-F302-F303-F304-F305-F306-F307-F308-F309-F310-F311-F312-F313-F314-F315-F316-F317-F318-F319-F320-F321-F322-F323-F324-F325-F326-F327-F328-F329-F330-F331-F332-F333-F334-F335-F336-F337-F338-F339-F340-F341-F342-F343-F344-F345-F346-F347-F348-F349-F350-F351-F352-F353-F354-F355-F356-F357-F358-F359-F360-F361-F362-F363-F364-F365-F366-F367-F368-F369-F370-F371-F372-F373-F374-F375-F376-F377-F378-F379-F380-F381-F382-F383-F384-F385-F386-F387-F388-F389-F390-F391-F392-F393-F394-F395-F396-F397-F398-F399-F400-F401-F402-F403-F404-F405-F406-F407-F408-F409-F410-F411-F412-F413-F414-F415-F416-F417-F418-F419-F420-F421-F422-F423-F424-F425-F426-F427-F428-F429-F430-F431-F432-F433-F434-F435-F436-F437-F438-F439-F440-F441-F442-F443-F444-F445-F446-F447-F448-F449-F450-F451-F452-F453-F454-F455-F456-F457-F458-F459-F460-F461-F462-F463-F464-F465-F466-F467-F468-F469-F470-F471-F472-F473-F474-F475-F476-F477-F478-F479-F480-F481-F482-F483-F484-F485-F486-F487-F488-F489-F490-F491-F492-F493-F494-F495-F496-F497-F498-F499-F500-F501-F502-F503-F504-F505-F506-F507-F508-F509-F510-F511-F512

## Summary

Number of input bits: 512  
Number of free input bits: 10  
Number of output bits: 160

Number of direct occurrences: 46198  
Number of assignments: 38294  
Number of operations: 18848901
(xor: 18809749,
and: 22965,
or: 16187)

Total complexity: 1.8960255598323982 × 10^353

Least occurring input variable: iv_007 (4323)  
Most occurring input variable: iv_009 (4959)

Most co-occurring input variables: iv_004-iv_005 (2368)  
Least co-occurring input variables: iv_007-iv_011 (1935)

Potentially most occurring input variable: iv_001/iv_009 (5274)  
Potentially least occurring input variable: iv_004/iv_005 (4432)

Least output occurring input variable: iv_011 (63)  
Most output occurring input variable: iv_002 (85)

Most output co-occurring input variables: iv_002-iv_010 (46)  
Least output co-occurring input variables: iv_005-iv_011 (20)

Potentially most output occurring input variable: iv_002/iv_005 (100)  
Potentially least output occurring input variable: iv_003/iv_008 (67)

Least complex input bit: iv_001 (2.3377862553386334 × 10^350)  
Most complex input bit: iv_009 (5.790602453773246 × 10^352)

Least complex output bit: aaa_76_29 (5.4837481726576666 × 10^328)  
Most complex output bit: ov_001 (2.889148836483368 × 10^352)

Least complex input/output complexity: iv_001/aaa_76_29 (6.7614231460628 × 10^325)  
Most complex input/output complexity: iv_009/ov_001 (8.823674477961989 × 10^351)

## Input Bits

### Input Bits in Regular Order

| Input Bit | Complexity | Occurrences | Output Occurrences |
|:---------:|:----------:|:-----------:|:------------------:|
| iv_001 | 2.3377862553386334 × 10^350 | 4567 | 75 |
| iv_002 | 1.0003900552994798 × 10^351 | 4614 | 85 |
| iv_003 | 1.6287351498596645 × 10^352 | 4905 | 74 |
| iv_004 | 6.111893319902467 × 10^351 | 4557 | 78 |
| iv_005 | 9.760428349629541 × 10^351 | 4611 | 73 |
| iv_007 | 1.7370577214901454 × 10^352 | 4323 | 70 |
| iv_008 | 2.1847768512830763 × 10^352 | 4517 | 81 |
| iv_009 | 5.790602453773246 × 10^352 | 4959 | 65 |
| iv_010 | 2.8639850158043215 × 10^352 | 4483 | 83 |
| iv_011 | 3.044449371076975 × 10^352 | 4662 | 63 |

### Input Bits Sorted by Complexity

| Input Bit | Complexity | Occurrences | Output Occurrences |
|:---------:|:----------:|:-----------:|:------------------:|
| iv_001 | 2.3377862553386334 × 10^350 | 4567 | 75 |
| iv_002 | 1.0003900552994798 × 10^351 | 4614 | 85 |
| iv_004 | 6.111893319902467 × 10^351 | 4557 | 78 |
| iv_005 | 9.760428349629541 × 10^351 | 4611 | 73 |
| iv_003 | 1.6287351498596645 × 10^352 | 4905 | 74 |
| iv_007 | 1.7370577214901454 × 10^352 | 4323 | 70 |
| iv_008 | 2.1847768512830763 × 10^352 | 4517 | 81 |
| iv_010 | 2.8639850158043215 × 10^352 | 4483 | 83 |
| iv_011 | 3.044449371076975 × 10^352 | 4662 | 63 |
| iv_009 | 5.790602453773246 × 10^352 | 4959 | 65 |

### Input Bits Sorted by Occurrences

| Input Bit | Complexity | Occurrences | Output Occurrences |
|:---------:|:----------:|:-----------:|:------------------:|
| iv_007 | 1.7370577214901454 × 10^352 | 4323 | 70 |
| iv_010 | 2.8639850158043215 × 10^352 | 4483 | 83 |
| iv_008 | 2.1847768512830763 × 10^352 | 4517 | 81 |
| iv_004 | 6.111893319902467 × 10^351 | 4557 | 78 |
| iv_001 | 2.3377862553386334 × 10^350 | 4567 | 75 |
| iv_005 | 9.760428349629541 × 10^351 | 4611 | 73 |
| iv_002 | 1.0003900552994798 × 10^351 | 4614 | 85 |
| iv_011 | 3.044449371076975 × 10^352 | 4662 | 63 |
| iv_003 | 1.6287351498596645 × 10^352 | 4905 | 74 |
| iv_009 | 5.790602453773246 × 10^352 | 4959 | 65 |

### Input Bits Sorted by Output Occurrences

| Input Bit | Complexity | Occurrences | Output Occurrences |
|:---------:|:----------:|:-----------:|:------------------:|
| iv_011 | 3.044449371076975 × 10^352 | 4662 | 63 |
| iv_009 | 5.790602453773246 × 10^352 | 4959 | 65 |
| iv_007 | 1.7370577214901454 × 10^352 | 4323 | 70 |
| iv_005 | 9.760428349629541 × 10^351 | 4611 | 73 |
| iv_003 | 1.6287351498596645 × 10^352 | 4905 | 74 |
| iv_001 | 2.3377862553386334 × 10^350 | 4567 | 75 |
| iv_004 | 6.111893319902467 × 10^351 | 4557 | 78 |
| iv_008 | 2.1847768512830763 × 10^352 | 4517 | 81 |
| iv_010 | 2.8639850158043215 × 10^352 | 4483 | 83 |
| iv_002 | 1.0003900552994798 × 10^351 | 4614 | 85 |

## Input Bit Co-occurrences

### Input Bit Co-occurrences Sorted by Co-occurrences

| Input Bits | Co-occurrences | Potential Occurrences | Output Co-occurrences | Potential Output Occurrences |
|:----------:|:--------------:|:---------------------:|:---------------------:|:----------------------------:|
| iv_004-iv_005 | 2368 | 4432 | 42 | 67 |
| iv_002-iv_009 | 2337 | 4899 | 31 | 88 |
| iv_003-iv_009 | 2303 | 5258 | 31 | 77 |
| iv_002-iv_003 | 2303 | 4913 | 46 | 67 |
| iv_003-iv_005 | 2263 | 4990 | 39 | 69 |
| iv_005-iv_009 | 2253 | 5064 | 33 | 72 |
| iv_009-iv_011 | 2236 | 5149 | 20 | 88 |
| iv_003-iv_011 | 2232 | 5103 | 31 | 75 |
| iv_004-iv_009 | 2217 | 5082 | 32 | 79 |
| iv_001-iv_002 | 2216 | 4749 | 40 | 80 |

### Input Bit Co-occurrences Sorted by Potential Occurrences

| Input Bits | Co-occurrences | Potential Occurrences | Output Co-occurrences | Potential Output Occurrences |
|:----------:|:--------------:|:---------------------:|:---------------------:|:----------------------------:|
| iv_004-iv_005 | 2368 | 4432 | 42 | 67 |
| iv_002-iv_007 | 2198 | 4541 | 43 | 69 |
| iv_005-iv_010 | 2198 | 4698 | 34 | 88 |
| iv_001-iv_007 | 2084 | 4722 | 34 | 77 |
| iv_001-iv_002 | 2216 | 4749 | 40 | 80 |
| iv_007-iv_010 | 2027 | 4752 | 32 | 89 |
| iv_010-iv_011 | 2171 | 4803 | 35 | 76 |
| iv_004-iv_007 | 2038 | 4804 | 33 | 82 |
| iv_002-iv_008 | 2160 | 4811 | 44 | 78 |
| iv_004-iv_010 | 2111 | 4818 | 41 | 79 |

### Input Bit Output Co-occurrences Sorted by Output Co-occurrences

| Input Bits | Co-occurrences | Potential Occurrences | Output Co-occurrences | Potential Output Occurrences |
|:----------:|:--------------:|:---------------------:|:---------------------:|:----------------------------:|
| iv_008-iv_010 | 2064 | 4872 | 46 | 72 |
| iv_002-iv_003 | 2303 | 4913 | 46 | 67 |
| iv_002-iv_010 | 2114 | 4869 | 46 | 76 |
| iv_003-iv_008 | 2208 | 5006 | 44 | 67 |
| iv_001-iv_010 | 2109 | 4832 | 44 | 70 |
| iv_002-iv_008 | 2160 | 4811 | 44 | 78 |
| iv_002-iv_007 | 2198 | 4541 | 43 | 69 |
| iv_004-iv_005 | 2368 | 4432 | 42 | 67 |
| iv_004-iv_008 | 2107 | 4860 | 42 | 75 |
| iv_004-iv_010 | 2111 | 4818 | 41 | 79 |

### Input Bit Output Co-occurrences Sorted by Potential Output Occurrences

| Input Bits | Co-occurrences | Potential Occurrences | Output Co-occurrences | Potential Output Occurrences |
|:----------:|:--------------:|:---------------------:|:---------------------:|:----------------------------:|
| iv_003-iv_008 | 2208 | 5006 | 44 | 67 |
| iv_004-iv_005 | 2368 | 4432 | 42 | 67 |
| iv_002-iv_003 | 2303 | 4913 | 46 | 67 |
| iv_003-iv_005 | 2263 | 4990 | 39 | 69 |
| iv_002-iv_007 | 2198 | 4541 | 43 | 69 |
| iv_001-iv_010 | 2109 | 4832 | 44 | 70 |
| iv_002-iv_011 | 2125 | 5026 | 39 | 70 |
| iv_005-iv_009 | 2253 | 5064 | 33 | 72 |
| iv_008-iv_010 | 2064 | 4872 | 46 | 72 |
| iv_007-iv_009 | 2069 | 5144 | 31 | 73 |

## Output Bits

### Output Bits in Regular Order

| Rank | Output Bit | Complexity |
|:----:|:----------:|:----------:|
| 1 | ov_001 | 2.889148836483368 × 10^352 |
| 2 | ov_002 | 2.53126731402894 × 10^352 |
| 3 | ov_003 | 2.2082639507093134 × 10^352 |
| 4 | ov_004 | 1.9169279606566068 × 10^352 |
| 5 | ov_005 | 1.6542317422722873 × 10^352 |
| 6 | ov_006 | 1.4173177946617984 × 10^352 |
| 7 | ov_007 | 1.2047983510684995 × 10^352 |
| 8 | ov_008 | 1.0153621535968481 × 10^352 |
| 9 | ov_009 | 8.477696605307219 × 10^351 |
| 10 | ov_010 | 7.008488804384734 × 10^351 |
| 11 | ov_011 | 5.734917964132629 × 10^351 |
| 12 | ov_012 | 4.646513385662104 × 10^351 |
| 13 | ov_013 | 3.724065101418562 × 10^351 |
| 14 | ov_014 | 2.949472304041231 × 10^351 |
| 15 | ov_015 | 2.305712343331053 × 10^351 |
| 16 | ov_016 | 1.776815886775896 × 10^351 |
| 17 | ov_017 | 1.3478473503066406 × 10^351 |
| 18 | ov_018 | 1.0048897793080982 × 10^351 |
| 19 | ov_019 | 7.350334321885216 × 10^350 |
| 20 | ov_020 | 5.263673902834102 × 10^350 |
| 21 | ov_021 | 3.679735887561966 × 10^350 |
| 22 | ov_022 | 2.4992273364340895 × 10^350 |
| 23 | ov_023 | 1.6327164041873286 × 10^350 |
| 24 | ov_024 | 1.0006159952487336 × 10^350 |
| 25 | ov_025 | 5.6559223566751155 × 10^349 |
| 26 | ov_026 | 2.9522733293381177 × 10^349 |
| 27 | ov_027 | 1.3942854689065075 × 10^349 |
| 28 | ov_028 | 5.793058871518561 × 10^348 |
| 29 | ov_029 | 2.0295331527031546 × 10^348 |
| 30 | ov_030 | 5.585552757468267 × 10^347 |
| 31 | ov_031 | 1.0927728728324488 × 10^347 |
| 32 | lv_80_m31 | 2.137971061330593 × 10^346 |
| 33 | ov_033 | 2.670754161405137 × 10^347 |
| 34 | ov_034 | 2.344569555231905 × 10^347 |
| 35 | ov_035 | 2.0509766106069902 × 10^347 |
| 36 | ov_036 | 1.786853140046826 × 10^347 |
| 37 | ov_037 | 1.5492686925304824 × 10^347 |
| 38 | ov_038 | 1.3354715861262203 × 10^347 |
| 39 | ov_039 | 1.1428770947039408 × 10^347 |
| 40 | ov_040 | 9.702331875986048 × 10^346 |
| 41 | ov_041 | 8.163634028234978 × 10^346 |
| 42 | ov_042 | 6.801622514922906 × 10^346 |
| 43 | ov_043 | 5.605910943011812 × 10^346 |
| 44 | ov_044 | 4.5667446244796275 × 10^346 |
| 45 | ov_045 | 3.674967960584686 × 10^346 |
| 46 | ov_046 | 2.921995737421414 × 10^346 |
| 47 | ov_047 | 2.292271866767915 × 10^346 |
| 48 | ov_048 | 1.7712690955883954 × 10^346 |
| 49 | ov_049 | 1.3454548655192494 × 10^346 |
| 50 | ov_050 | 1.002262701282192 × 10^346 |
| 51 | ov_051 | 7.300686273421415 × 10^345 |
| 52 | ov_052 | 5.181721134915051 × 10^345 |
| 53 | ov_053 | 3.567810508907595 × 10^345 |
| 54 | ov_054 | 2.370002605892617 × 10^345 |
| 55 | ov_055 | 1.508230368166797 × 10^345 |
| 56 | ov_056 | 9.112522746748443 × 10^344 |
| 57 | ov_057 | 5.166135426146734 × 10^344 |
| 58 | ov_058 | 2.7062279206784496 × 10^344 |
| 59 | ov_059 | 1.2833948300626857 × 10^344 |
| 60 | ov_060 | 5.3568064856774476 × 10^343 |
| 61 | ov_061 | 1.8855732097882176 × 10^343 |
| 62 | ov_062 | 5.213616176901029 × 10^342 |
| 63 | ov_063 | 1.0249861014983687 × 10^342 |
| 64 | lv_79_m31 | 2.0149105792772174 × 10^341 |
| 65 | ov_065 | 2.762568123943919 × 10^342 |
| 66 | ov_066 | 2.7624837450567004 × 10^342 |
| 67 | ov_067 | 2.7624566201486925 × 10^342 |
| 68 | ov_068 | 2.4843310345879255 × 10^342 |
| 69 | ov_069 | 2.227074722468648 × 10^342 |
| 70 | ov_070 | 1.9894904342565238 × 10^342 |
| 71 | ov_071 | 1.77046856538356 × 10^342 |
| 72 | ov_072 | 1.568977507220338 × 10^342 |
| 73 | ov_073 | 1.384054527541582 × 10^342 |
| 74 | ov_074 | 1.2147971508891515 × 10^342 |
| 75 | ov_075 | 1.0603550106813898 × 10^342 |
| 76 | ov_076 | 9.199222446213329 × 10^341 |
| 77 | ov_077 | 7.927305984290493 × 10^341 |
| 78 | ov_078 | 6.780432934092555 × 10^341 |
| 79 | ov_079 | 5.751496100045869 × 10^341 |
| 80 | ov_080 | 4.8336014054368877 × 10^341 |
| 81 | ov_081 | 4.020026652160206 × 10^341 |
| 82 | ov_082 | 3.304186059280815 × 10^341 |
| 83 | ov_083 | 2.679600131545129 × 10^341 |
| 84 | ov_084 | 2.1398704122491974 × 10^341 |
| 85 | ov_085 | 1.678658677121809 × 10^341 |
| 86 | ov_086 | 1.2896701273560622 × 10^341 |
| 87 | ov_087 | 9.666401408382812 × 10^340 |
| 88 | ov_088 | 7.033241411593608 × 10^340 |
| 89 | ov_089 | 4.9349014428119835 × 10^340 |
| 90 | ov_090 | 3.3091354285846723 × 10^340 |
| 91 | ov_091 | 2.0937368826589523 × 10^340 |
| 92 | ov_092 | 1.2265183409035181 × 10^340 |
| 93 | ov_093 | 6.453002659603927 × 10^339 |
| 94 | ov_094 | 2.879058400257047 × 10^339 |
| 95 | aaa_78_28 | 9.215896020757561 × 10^338 |
| 96 | aaa_78_29 | 3.4685175092701853 × 10^338 |
| 97 | ov_097 | 3.366558417056424 × 10^338 |
| 98 | ov_098 | 3.3665487162884617 × 10^338 |
| 99 | ov_099 | 3.3665463607682386 × 10^338 |
| 100 | ov_100 | 2.954913177387476 × 10^338 |
| 101 | ov_101 | 2.5836327197274943 × 10^338 |
| 102 | ov_102 | 2.2490632514964396 × 10^338 |
| 103 | ov_103 | 1.9477725395585573 × 10^338 |
| 104 | ov_104 | 1.676523459457578 × 10^338 |
| 105 | ov_105 | 1.4322611407527534 × 10^338 |
| 106 | ov_106 | 1.2135021975597093 × 10^338 |
| 107 | ov_107 | 1.0188459733437954 × 10^338 |
| 108 | ov_108 | 8.469698080131647 × 10^337 |
| 109 | ov_109 | 6.966248933928027 × 10^337 |
| 110 | ov_110 | 5.666326718278607 × 10^337 |
| 111 | ov_111 | 4.5588173535089684 × 10^337 |
| 112 | ov_112 | 3.6234057937815176 × 10^337 |
| 113 | ov_113 | 2.8410045543113074 × 10^337 |
| 114 | ov_114 | 2.193720694544831 × 10^337 |
| 115 | ov_115 | 1.664829554541536 × 10^337 |
| 116 | ov_116 | 1.2387544220485366 × 10^337 |
| 117 | ov_117 | 9.01051190622816 × 10^336 |
| 118 | ov_118 | 6.3839709569649855 × 10^336 |
| 119 | ov_119 | 4.385827107917352 × 10^336 |
| 120 | ov_120 | 2.9050648125216634 × 10^336 |
| 121 | ov_121 | 1.8417116793540881 × 10^336 |
| 122 | ov_122 | 1.1068166834587252 × 10^336 |
| 123 | ov_123 | 6.224377770207469 × 10^335 |
| 124 | ov_124 | 3.216354704775916 × 10^335 |
| 125 | ov_125 | 1.4846987424782284 × 10^335 |
| 126 | ov_126 | 5.79995271738771 × 10^334 |
| 127 | aaa_77_28 | 1.62810176467214 × 10^334 |
| 128 | aaa_77_29 | 4.965357766587567 × 10^333 |
| 129 | ov_129 | 3.0354294900854958 × 10^333 |
| 130 | ov_130 | 3.0354187455285428 × 10^333 |
| 131 | ov_131 | 3.0354161268653576 × 10^333 |
| 132 | ov_132 | 2.6665275774655452 × 10^333 |
| 133 | ov_133 | 2.336659616511354 × 10^333 |
| 134 | ov_134 | 2.041871222295205 × 10^333 |
| 135 | ov_135 | 1.7784504933166623 × 10^333 |
| 136 | ov_136 | 1.5428984709248204 × 10^333 |
| 137 | ov_137 | 1.3319146767675272 × 10^333 |
| 138 | ov_138 | 1.142384252006842 × 10^333 |
| 139 | ov_139 | 9.727946611772145 × 10^332 |
| 140 | ov_140 | 8.217178343100674 × 10^332 |
| 141 | ov_141 | 6.878055165185571 × 10^332 |
| 142 | ov_142 | 5.697852429905634 × 10^332 |
| 143 | ov_143 | 4.664568954453979 × 10^332 |
| 144 | ov_144 | 3.7668979870020045 × 10^332 |
| 145 | ov_145 | 2.9942031854464834 × 10^332 |
| 146 | ov_146 | 2.3364991683106665 × 10^332 |
| 147 | ov_147 | 1.7844360718194635 × 10^332 |
| 148 | ov_148 | 1.3292875126073385 × 10^332 |
| 149 | ov_149 | 9.629414052581227 × 10^331 |
| 150 | ov_150 | 6.77893133552758 × 10^331 |
| 151 | ov_151 | 4.609376668640031 × 10^331 |
| 152 | ov_152 | 3.000659293997163 × 10^331 |
| 153 | ov_153 | 1.8446108932029046 × 10^331 |
| 154 | ov_154 | 1.0449628546473944 × 10^331 |
| 155 | ov_155 | 5.173333278885571 × 10^330 |
| 156 | aaa_76_25 | 1.8922064207592915 × 10^330 |
| 157 | aaa_76_26 | 9.90775186668366 × 10^329 |
| 158 | aaa_76_27 | 4.580794424529395 × 10^329 |
| 159 | aaa_76_28 | 1.792832422421294 × 10^329 |
| 160 | aaa_76_29 | 5.4837481726576666 × 10^328 |

### Output Bits Sorted by Complexity

| Rank | Output Bit | Complexity |
|:----:|:----------:|:----------:|
| 160 | aaa_76_29 | 5.4837481726576666 × 10^328 |
| 159 | aaa_76_28 | 1.792832422421294 × 10^329 |
| 158 | aaa_76_27 | 4.580794424529395 × 10^329 |
| 157 | aaa_76_26 | 9.90775186668366 × 10^329 |
| 156 | aaa_76_25 | 1.8922064207592915 × 10^330 |
| 155 | ov_155 | 5.173333278885571 × 10^330 |
| 154 | ov_154 | 1.0449628546473944 × 10^331 |
| 153 | ov_153 | 1.8446108932029046 × 10^331 |
| 152 | ov_152 | 3.000659293997163 × 10^331 |
| 151 | ov_151 | 4.609376668640031 × 10^331 |
| 150 | ov_150 | 6.77893133552758 × 10^331 |
| 149 | ov_149 | 9.629414052581227 × 10^331 |
| 148 | ov_148 | 1.3292875126073385 × 10^332 |
| 147 | ov_147 | 1.7844360718194635 × 10^332 |
| 146 | ov_146 | 2.3364991683106665 × 10^332 |
| 145 | ov_145 | 2.9942031854464834 × 10^332 |
| 144 | ov_144 | 3.7668979870020045 × 10^332 |
| 143 | ov_143 | 4.664568954453979 × 10^332 |
| 142 | ov_142 | 5.697852429905634 × 10^332 |
| 141 | ov_141 | 6.878055165185571 × 10^332 |
| 140 | ov_140 | 8.217178343100674 × 10^332 |
| 139 | ov_139 | 9.727946611772145 × 10^332 |
| 138 | ov_138 | 1.142384252006842 × 10^333 |
| 137 | ov_137 | 1.3319146767675272 × 10^333 |
| 136 | ov_136 | 1.5428984709248204 × 10^333 |
| 135 | ov_135 | 1.7784504933166623 × 10^333 |
| 134 | ov_134 | 2.041871222295205 × 10^333 |
| 133 | ov_133 | 2.336659616511354 × 10^333 |
| 132 | ov_132 | 2.6665275774655452 × 10^333 |
| 131 | ov_131 | 3.0354161268653576 × 10^333 |
| 130 | ov_130 | 3.0354187455285428 × 10^333 |
| 129 | ov_129 | 3.0354294900854958 × 10^333 |
| 128 | aaa_77_29 | 4.965357766587567 × 10^333 |
| 127 | aaa_77_28 | 1.62810176467214 × 10^334 |
| 126 | ov_126 | 5.79995271738771 × 10^334 |
| 125 | ov_125 | 1.4846987424782284 × 10^335 |
| 124 | ov_124 | 3.216354704775916 × 10^335 |
| 123 | ov_123 | 6.224377770207469 × 10^335 |
| 122 | ov_122 | 1.1068166834587252 × 10^336 |
| 121 | ov_121 | 1.8417116793540881 × 10^336 |
| 120 | ov_120 | 2.9050648125216634 × 10^336 |
| 119 | ov_119 | 4.385827107917352 × 10^336 |
| 118 | ov_118 | 6.3839709569649855 × 10^336 |
| 117 | ov_117 | 9.01051190622816 × 10^336 |
| 116 | ov_116 | 1.2387544220485366 × 10^337 |
| 115 | ov_115 | 1.664829554541536 × 10^337 |
| 114 | ov_114 | 2.193720694544831 × 10^337 |
| 113 | ov_113 | 2.8410045543113074 × 10^337 |
| 112 | ov_112 | 3.6234057937815176 × 10^337 |
| 111 | ov_111 | 4.5588173535089684 × 10^337 |
| 110 | ov_110 | 5.666326718278607 × 10^337 |
| 109 | ov_109 | 6.966248933928027 × 10^337 |
| 108 | ov_108 | 8.469698080131647 × 10^337 |
| 107 | ov_107 | 1.0188459733437954 × 10^338 |
| 106 | ov_106 | 1.2135021975597093 × 10^338 |
| 105 | ov_105 | 1.4322611407527534 × 10^338 |
| 104 | ov_104 | 1.676523459457578 × 10^338 |
| 103 | ov_103 | 1.9477725395585573 × 10^338 |
| 102 | ov_102 | 2.2490632514964396 × 10^338 |
| 101 | ov_101 | 2.5836327197274943 × 10^338 |
| 100 | ov_100 | 2.954913177387476 × 10^338 |
| 99 | ov_099 | 3.3665463607682386 × 10^338 |
| 98 | ov_098 | 3.3665487162884617 × 10^338 |
| 97 | ov_097 | 3.366558417056424 × 10^338 |
| 96 | aaa_78_29 | 3.4685175092701853 × 10^338 |
| 95 | aaa_78_28 | 9.215896020757561 × 10^338 |
| 94 | ov_094 | 2.879058400257047 × 10^339 |
| 93 | ov_093 | 6.453002659603927 × 10^339 |
| 92 | ov_092 | 1.2265183409035181 × 10^340 |
| 91 | ov_091 | 2.0937368826589523 × 10^340 |
| 90 | ov_090 | 3.3091354285846723 × 10^340 |
| 89 | ov_089 | 4.9349014428119835 × 10^340 |
| 88 | ov_088 | 7.033241411593608 × 10^340 |
| 87 | ov_087 | 9.666401408382812 × 10^340 |
| 86 | ov_086 | 1.2896701273560622 × 10^341 |
| 85 | ov_085 | 1.678658677121809 × 10^341 |
| 64 | lv_79_m31 | 2.0149105792772174 × 10^341 |
| 84 | ov_084 | 2.1398704122491974 × 10^341 |
| 83 | ov_083 | 2.679600131545129 × 10^341 |
| 82 | ov_082 | 3.304186059280815 × 10^341 |
| 81 | ov_081 | 4.020026652160206 × 10^341 |
| 80 | ov_080 | 4.8336014054368877 × 10^341 |
| 79 | ov_079 | 5.751496100045869 × 10^341 |
| 78 | ov_078 | 6.780432934092555 × 10^341 |
| 77 | ov_077 | 7.927305984290493 × 10^341 |
| 76 | ov_076 | 9.199222446213329 × 10^341 |
| 63 | ov_063 | 1.0249861014983687 × 10^342 |
| 75 | ov_075 | 1.0603550106813898 × 10^342 |
| 74 | ov_074 | 1.2147971508891515 × 10^342 |
| 73 | ov_073 | 1.384054527541582 × 10^342 |
| 72 | ov_072 | 1.568977507220338 × 10^342 |
| 71 | ov_071 | 1.77046856538356 × 10^342 |
| 70 | ov_070 | 1.9894904342565238 × 10^342 |
| 69 | ov_069 | 2.227074722468648 × 10^342 |
| 68 | ov_068 | 2.4843310345879255 × 10^342 |
| 67 | ov_067 | 2.7624566201486925 × 10^342 |
| 66 | ov_066 | 2.7624837450567004 × 10^342 |
| 65 | ov_065 | 2.762568123943919 × 10^342 |
| 62 | ov_062 | 5.213616176901029 × 10^342 |
| 61 | ov_061 | 1.8855732097882176 × 10^343 |
| 60 | ov_060 | 5.3568064856774476 × 10^343 |
| 59 | ov_059 | 1.2833948300626857 × 10^344 |
| 58 | ov_058 | 2.7062279206784496 × 10^344 |
| 57 | ov_057 | 5.166135426146734 × 10^344 |
| 56 | ov_056 | 9.112522746748443 × 10^344 |
| 55 | ov_055 | 1.508230368166797 × 10^345 |
| 54 | ov_054 | 2.370002605892617 × 10^345 |
| 53 | ov_053 | 3.567810508907595 × 10^345 |
| 52 | ov_052 | 5.181721134915051 × 10^345 |
| 51 | ov_051 | 7.300686273421415 × 10^345 |
| 50 | ov_050 | 1.002262701282192 × 10^346 |
| 49 | ov_049 | 1.3454548655192494 × 10^346 |
| 48 | ov_048 | 1.7712690955883954 × 10^346 |
| 32 | lv_80_m31 | 2.137971061330593 × 10^346 |
| 47 | ov_047 | 2.292271866767915 × 10^346 |
| 46 | ov_046 | 2.921995737421414 × 10^346 |
| 45 | ov_045 | 3.674967960584686 × 10^346 |
| 44 | ov_044 | 4.5667446244796275 × 10^346 |
| 43 | ov_043 | 5.605910943011812 × 10^346 |
| 42 | ov_042 | 6.801622514922906 × 10^346 |
| 41 | ov_041 | 8.163634028234978 × 10^346 |
| 40 | ov_040 | 9.702331875986048 × 10^346 |
| 31 | ov_031 | 1.0927728728324488 × 10^347 |
| 39 | ov_039 | 1.1428770947039408 × 10^347 |
| 38 | ov_038 | 1.3354715861262203 × 10^347 |
| 37 | ov_037 | 1.5492686925304824 × 10^347 |
| 36 | ov_036 | 1.786853140046826 × 10^347 |
| 35 | ov_035 | 2.0509766106069902 × 10^347 |
| 34 | ov_034 | 2.344569555231905 × 10^347 |
| 33 | ov_033 | 2.670754161405137 × 10^347 |
| 30 | ov_030 | 5.585552757468267 × 10^347 |
| 29 | ov_029 | 2.0295331527031546 × 10^348 |
| 28 | ov_028 | 5.793058871518561 × 10^348 |
| 27 | ov_027 | 1.3942854689065075 × 10^349 |
| 26 | ov_026 | 2.9522733293381177 × 10^349 |
| 25 | ov_025 | 5.6559223566751155 × 10^349 |
| 24 | ov_024 | 1.0006159952487336 × 10^350 |
| 23 | ov_023 | 1.6327164041873286 × 10^350 |
| 22 | ov_022 | 2.4992273364340895 × 10^350 |
| 21 | ov_021 | 3.679735887561966 × 10^350 |
| 20 | ov_020 | 5.263673902834102 × 10^350 |
| 19 | ov_019 | 7.350334321885216 × 10^350 |
| 18 | ov_018 | 1.0048897793080982 × 10^351 |
| 17 | ov_017 | 1.3478473503066406 × 10^351 |
| 16 | ov_016 | 1.776815886775896 × 10^351 |
| 15 | ov_015 | 2.305712343331053 × 10^351 |
| 14 | ov_014 | 2.949472304041231 × 10^351 |
| 13 | ov_013 | 3.724065101418562 × 10^351 |
| 12 | ov_012 | 4.646513385662104 × 10^351 |
| 11 | ov_011 | 5.734917964132629 × 10^351 |
| 10 | ov_010 | 7.008488804384734 × 10^351 |
| 9 | ov_009 | 8.477696605307219 × 10^351 |
| 8 | ov_008 | 1.0153621535968481 × 10^352 |
| 7 | ov_007 | 1.2047983510684995 × 10^352 |
| 6 | ov_006 | 1.4173177946617984 × 10^352 |
| 5 | ov_005 | 1.6542317422722873 × 10^352 |
| 4 | ov_004 | 1.9169279606566068 × 10^352 |
| 3 | ov_003 | 2.2082639507093134 × 10^352 |
| 2 | ov_002 | 2.53126731402894 × 10^352 |
| 1 | ov_001 | 2.889148836483368 × 10^352 |

