# Results for F001-F002-F003-F004-F005-F006-F007-F008-F009-F010-F011-F012-F013-F014-F015-F016-F017-F018-F019-F020-F021-F022-F023-F024-F025-F026-F027-F028-F029-F030-F031-F032-F033-F034-F035-F036-F037-F038-F039-F040-F041-F042-F043-F044-F045-F046-F047-F048-F049-F050-F051-F052-F053-F054-F055-F056-F057-F058-F059-F060-F061-F062-F063-F064-F065-F066-F067-F068-F069-F070-F071-F072-F073-F074-F075-F076-F077-F078-F079-F080-F081-F082-F083-F084-F085-F086-F087-F088-F089-F090-F091-F092-F093-F094-F095-F096-F097-F098-F099-F100-F101-F102-F103-F104-F105-F106-F107-F108-F109-F110-F111-F112-F113-F114-F115-F116-F117-F118-F119-F120-F121-F122-F123-F124-F125-F126-F127-F128-F129-F130-F131-F132-F133-F134-F135-F136-F137-F138-F139-F140-F141-F142-F143-F144-F145-F146-F147-F148-F149-F150-F151-F152-F153-F154-F155-F156-F157-F158-F159-F160-F161-F162-F163-F164-F165-F166-F167-F168-F169-F170-F171-F172-F173-F174-F175-F176-F177-F178-F179-F180-F181-F182-F183-F184-F185-F186-F187-F188-F189-F190-F191-F192-F193-F194-F195-F196-F197-F198-F199-F200-F201-F202-F203-F204-F205-F206-F207-F208-F209-F210-F211-F212-F213-F214-F215-F216-F217-F218-F219-F220-F221-F222-F223-F224-F225-F226-F227-F228-F229-F230-F231-F232-F233-F234-F235-F236-F237-F238-F239-F240-F241-F242-F243-F244-F245-F246-F247-F248-F249-F250-F251-F252-F253-F254-F255-F256-F257-F258-F259-F260-F261-F262-F263-F264-F265-F266-F267-F268-F269-F270-F271-F272-F273-F274-F275-F276-F277-F278-F279-F280-F281-F282-F283-F284-F285-F286-F287-F288-F289-F290-F291-F292-F293-F294-F295-F296-F297-F298-F299-F300-F301-F302-F303-F304-F305-F306-F307-F308-F309-F310-F311-F312-F313-F314-F315-F316-F317-F318-F319-F320-F321-F322-F323-F324-F325-F326-F327-F328-F329-F330-F331-F332-F333-F334-F335-F336-F337-F338-F339-F340-F341-F342-F343-F344-F345-F346-F347-F348-F349-F350-F351-F352-F353-F354-F355-F356-F357-F358-F359-F360-F361-F362-F363-F364-F365-F366-F367-F368-F369-F370-F371-F372-F373-F374-F375-F376-F377-F378-F379-F380-F381-F382-F383-F384-F385-F386-F387-F388-F389-F390-F391-F392-F393-F394-F395-F396-F397-F398-F399-F400-F401-F402-F403-F404-F405-F406-F407-F408-F409-F410-F411-F412-F413-F414-F415-F416-F417-F418-F419-F420-F421-F422-F423-F424-F425-F426-F427-F428-F429-F430-F431-F432-F433-F434-F435-F436-F437-F438-F439-F440-F441-F442-F443-F444-F445-F446-F447-F448-F449-F450-F451-F452-F453-F454-F455-F456-F457-F458-F459-F460-F461-F462-F463-F464-F465-F466-F467-F468-F469-F470-F471-F472-F473-F474-F475-F476-F477-F478-F479-F480-F481-F482-F483-F484-F485-F486-F487-F488-F489-F490-F491-F492-F493-F494-F495-F496-O500501-F508-F509-F510-F511-F512

## Summary

Number of input bits: 512  
Number of free input bits: 10  
Number of output bits: 160

Number of direct occurrences: 40078  
Number of assignments: 30912  
Number of operations: 10897201
(xor: 10869183,
and: 14825,
or: 13193)

Total complexity: 1.016560413817922 × 10^299

Least occurring input variable: iv_502 (3883)  
Most occurring input variable: iv_500 (4190)

Most co-occurring input variables: iv_497-iv_500 (1980)  
Least co-occurring input variables: iv_499-iv_502 (1767)

Potentially most occurring input variable: iv_497/iv_507 (4553)  
Potentially least occurring input variable: iv_499/iv_505 (4032)

Least output occurring input variable: iv_504 (71)  
Most output occurring input variable: iv_505 (91)

Most output co-occurring input variables: iv_498-iv_505 (49)  
Least output co-occurring input variables: iv_500-iv_503 (30)

Potentially most output occurring input variable: iv_504/iv_505 (100)  
Potentially least output occurring input variable: iv_499/iv_504 (69)

Least complex input bit: iv_497 (4.018363324725283 × 10^296)  
Most complex input bit: iv_505 (3.232732272864954 × 10^298)

Least complex output bit: aaa_76_29 (6.830449167569475 × 10^273)  
Most complex output bit: ov_001 (1.6403214242126916 × 10^298)

Least complex input/output complexity: iv_497/aaa_76_29 (2.7000093701541267 × 10^271)  
Most complex input/output complexity: iv_505/ov_001 (5.2163353341771465 × 10^297)

## Input Bits

### Input Bits in Regular Order

| Input Bit | Complexity | Occurrences | Output Occurrences |
|:---------:|:----------:|:-----------:|:------------------:|
| iv_497 | 4.018363324725283 × 10^296 | 4070 | 73 |
| iv_498 | 5.619368392252488 × 10^296 | 3941 | 81 |
| iv_499 | 9.422723170572714 × 10^296 | 3907 | 78 |
| iv_500 | 5.740406283046009 × 10^297 | 4190 | 76 |
| iv_502 | 8.301045172478404 × 10^297 | 3883 | 80 |
| iv_503 | 1.474569251802163 × 10^298 | 3986 | 73 |
| iv_504 | 2.451020642441319 × 10^298 | 3904 | 71 |
| iv_505 | 3.232732272864954 × 10^298 | 3999 | 91 |
| iv_506 | 6.500672825981354 × 10^297 | 4079 | 80 |
| iv_507 | 7.624649940447084 × 10^297 | 4119 | 76 |

### Input Bits Sorted by Complexity

| Input Bit | Complexity | Occurrences | Output Occurrences |
|:---------:|:----------:|:-----------:|:------------------:|
| iv_497 | 4.018363324725283 × 10^296 | 4070 | 73 |
| iv_498 | 5.619368392252488 × 10^296 | 3941 | 81 |
| iv_499 | 9.422723170572714 × 10^296 | 3907 | 78 |
| iv_500 | 5.740406283046009 × 10^297 | 4190 | 76 |
| iv_506 | 6.500672825981354 × 10^297 | 4079 | 80 |
| iv_507 | 7.624649940447084 × 10^297 | 4119 | 76 |
| iv_502 | 8.301045172478404 × 10^297 | 3883 | 80 |
| iv_503 | 1.474569251802163 × 10^298 | 3986 | 73 |
| iv_504 | 2.451020642441319 × 10^298 | 3904 | 71 |
| iv_505 | 3.232732272864954 × 10^298 | 3999 | 91 |

### Input Bits Sorted by Occurrences

| Input Bit | Complexity | Occurrences | Output Occurrences |
|:---------:|:----------:|:-----------:|:------------------:|
| iv_502 | 8.301045172478404 × 10^297 | 3883 | 80 |
| iv_504 | 2.451020642441319 × 10^298 | 3904 | 71 |
| iv_499 | 9.422723170572714 × 10^296 | 3907 | 78 |
| iv_498 | 5.619368392252488 × 10^296 | 3941 | 81 |
| iv_503 | 1.474569251802163 × 10^298 | 3986 | 73 |
| iv_505 | 3.232732272864954 × 10^298 | 3999 | 91 |
| iv_497 | 4.018363324725283 × 10^296 | 4070 | 73 |
| iv_506 | 6.500672825981354 × 10^297 | 4079 | 80 |
| iv_507 | 7.624649940447084 × 10^297 | 4119 | 76 |
| iv_500 | 5.740406283046009 × 10^297 | 4190 | 76 |

### Input Bits Sorted by Output Occurrences

| Input Bit | Complexity | Occurrences | Output Occurrences |
|:---------:|:----------:|:-----------:|:------------------:|
| iv_504 | 2.451020642441319 × 10^298 | 3904 | 71 |
| iv_497 | 4.018363324725283 × 10^296 | 4070 | 73 |
| iv_503 | 1.474569251802163 × 10^298 | 3986 | 73 |
| iv_500 | 5.740406283046009 × 10^297 | 4190 | 76 |
| iv_507 | 7.624649940447084 × 10^297 | 4119 | 76 |
| iv_499 | 9.422723170572714 × 10^296 | 3907 | 78 |
| iv_502 | 8.301045172478404 × 10^297 | 3883 | 80 |
| iv_506 | 6.500672825981354 × 10^297 | 4079 | 80 |
| iv_498 | 5.619368392252488 × 10^296 | 3941 | 81 |
| iv_505 | 3.232732272864954 × 10^298 | 3999 | 91 |

## Input Bit Co-occurrences

### Input Bit Co-occurrences Sorted by Co-occurrences

| Input Bits | Co-occurrences | Potential Occurrences | Output Co-occurrences | Potential Output Occurrences |
|:----------:|:--------------:|:---------------------:|:---------------------:|:----------------------------:|
| iv_497-iv_500 | 1980 | 4300 | 37 | 75 |
| iv_505-iv_506 | 1946 | 4186 | 44 | 83 |
| iv_500-iv_507 | 1940 | 4429 | 35 | 82 |
| iv_499-iv_505 | 1937 | 4032 | 49 | 71 |
| iv_504-iv_507 | 1934 | 4155 | 38 | 71 |
| iv_498-iv_506 | 1933 | 4154 | 45 | 71 |
| iv_503-iv_507 | 1928 | 4249 | 34 | 81 |
| iv_500-iv_506 | 1925 | 4419 | 41 | 74 |
| iv_500-iv_503 | 1922 | 4332 | 30 | 89 |
| iv_500-iv_504 | 1919 | 4256 | 33 | 81 |

### Input Bit Co-occurrences Sorted by Potential Occurrences

| Input Bits | Co-occurrences | Potential Occurrences | Output Co-occurrences | Potential Output Occurrences |
|:----------:|:--------------:|:---------------------:|:---------------------:|:----------------------------:|
| iv_499-iv_505 | 1937 | 4032 | 49 | 71 |
| iv_499-iv_504 | 1847 | 4117 | 40 | 69 |
| iv_498-iv_504 | 1850 | 4145 | 35 | 82 |
| iv_498-iv_506 | 1933 | 4154 | 45 | 71 |
| iv_504-iv_507 | 1934 | 4155 | 38 | 71 |
| iv_502-iv_506 | 1896 | 4170 | 42 | 76 |
| iv_505-iv_506 | 1946 | 4186 | 44 | 83 |
| iv_498-iv_505 | 1877 | 4186 | 49 | 74 |
| iv_504-iv_506 | 1893 | 4197 | 37 | 77 |
| iv_503-iv_504 | 1844 | 4202 | 31 | 82 |

### Input Bit Output Co-occurrences Sorted by Output Co-occurrences

| Input Bits | Co-occurrences | Potential Occurrences | Output Co-occurrences | Potential Output Occurrences |
|:----------:|:--------------:|:---------------------:|:---------------------:|:----------------------------:|
| iv_499-iv_505 | 1937 | 4032 | 49 | 71 |
| iv_498-iv_505 | 1877 | 4186 | 49 | 74 |
| iv_500-iv_505 | 1884 | 4421 | 48 | 71 |
| iv_498-iv_506 | 1933 | 4154 | 45 | 71 |
| iv_502-iv_505 | 1786 | 4310 | 44 | 83 |
| iv_505-iv_506 | 1946 | 4186 | 44 | 83 |
| iv_498-iv_502 | 1787 | 4250 | 43 | 75 |
| iv_502-iv_506 | 1896 | 4170 | 42 | 76 |
| iv_497-iv_505 | 1892 | 4285 | 41 | 82 |
| iv_503-iv_505 | 1854 | 4277 | 41 | 82 |

### Input Bit Output Co-occurrences Sorted by Potential Output Occurrences

| Input Bits | Co-occurrences | Potential Occurrences | Output Co-occurrences | Potential Output Occurrences |
|:----------:|:--------------:|:---------------------:|:---------------------:|:----------------------------:|
| iv_499-iv_504 | 1847 | 4117 | 40 | 69 |
| iv_499-iv_505 | 1937 | 4032 | 49 | 71 |
| iv_500-iv_505 | 1884 | 4421 | 48 | 71 |
| iv_498-iv_506 | 1933 | 4154 | 45 | 71 |
| iv_504-iv_507 | 1934 | 4155 | 38 | 71 |
| iv_498-iv_505 | 1877 | 4186 | 49 | 74 |
| iv_500-iv_506 | 1925 | 4419 | 41 | 74 |
| iv_502-iv_507 | 1898 | 4206 | 41 | 74 |
| iv_497-iv_500 | 1980 | 4300 | 37 | 75 |
| iv_498-iv_502 | 1787 | 4250 | 43 | 75 |

## Output Bits

### Output Bits in Regular Order

| Rank | Output Bit | Complexity |
|:----:|:----------:|:----------:|
| 1 | ov_001 | 1.6403214242126916 × 10^298 |
| 2 | ov_002 | 1.420415718934655 × 10^298 |
| 3 | ov_003 | 1.22363580198823 × 10^298 |
| 4 | ov_004 | 1.0482181174566526 × 10^298 |
| 5 | ov_005 | 8.924952735991665 × 10^297 |
| 6 | ov_006 | 7.548891362141543 × 10^297 |
| 7 | ov_007 | 6.339048217797508 × 10^297 |
| 8 | ov_008 | 5.2812553654883144 × 10^297 |
| 9 | ov_009 | 4.36208194734961 × 10^297 |
| 10 | ov_010 | 3.5687973665996806 × 10^297 |
| 11 | ov_011 | 2.8893406682232637 × 10^297 |
| 12 | ov_012 | 2.3122953641548143 × 10^297 |
| 13 | ov_013 | 1.8268689931000607 × 10^297 |
| 14 | ov_014 | 1.4228767493301767 × 10^297 |
| 15 | ov_015 | 1.0907285584887033 × 10^297 |
| 16 | ov_016 | 8.214190217955407 × 10^296 |
| 17 | ov_017 | 6.065196931129157 × 10^296 |
| 18 | ov_018 | 4.381731962287315 × 10^296 |
| 19 | ov_019 | 3.0908875525504433 × 10^296 |
| 20 | ov_020 | 2.125388194041225 × 10^296 |
| 21 | ov_021 | 1.4235656373054192 × 10^296 |
| 22 | ov_022 | 9.293409416526898 × 10^295 |
| 23 | ov_023 | 5.922120644083735 × 10^295 |
| 24 | ov_024 | 3.6724569771643766 × 10^295 |
| 25 | ov_025 | 2.1507227414261165 × 10^295 |
| 26 | ov_026 | 1.1739748843646189 × 10^295 |
| 27 | ov_027 | 5.870708344765889 × 10^294 |
| 28 | ov_028 | 2.626647225142256 × 10^294 |
| 29 | ov_029 | 1.0120608833092744 × 10^294 |
| 30 | ov_030 | 3.0939541938230908 × 10^293 |
| 31 | ov_031 | 6.035143117596524 × 10^292 |
| 32 | lv_80_m31 | 1.1770756039188116 × 10^292 |
| 33 | ov_033 | 1.4080520315636168 × 10^293 |
| 34 | ov_034 | 1.2210968180932422 × 10^293 |
| 35 | ov_035 | 1.0538757804973237 × 10^293 |
| 36 | ov_036 | 9.047151146220476 × 10^292 |
| 37 | ov_037 | 7.720310444634003 × 10^292 |
| 38 | ov_038 | 6.543234840626807 × 10^292 |
| 39 | ov_039 | 5.501705693504488 × 10^292 |
| 40 | ov_040 | 4.582239733780939 × 10^292 |
| 41 | ov_041 | 3.778273776811018 × 10^292 |
| 42 | ov_042 | 3.0835832732652246 × 10^292 |
| 43 | ov_043 | 2.4922669713858783 × 10^292 |
| 44 | ov_044 | 1.9934434573910442 × 10^292 |
| 45 | ov_045 | 1.576822913103758 × 10^292 |
| 46 | ov_046 | 1.232691954402715 × 10^292 |
| 47 | ov_047 | 9.519017391808301 × 10^291 |
| 48 | ov_048 | 7.258588128532158 × 10^291 |
| 49 | ov_049 | 5.465181994341682 × 10^291 |
| 50 | ov_050 | 4.0637828599197085 × 10^291 |
| 51 | ov_051 | 2.984770879300305 × 10^291 |
| 52 | ov_052 | 2.1638954045351645 × 10^291 |
| 53 | ov_053 | 1.5422555372242896 × 10^291 |
| 54 | ov_054 | 1.0662865390239854 × 10^291 |
| 55 | ov_055 | 7.105387023085164 × 10^290 |
| 56 | ov_056 | 4.522240533055724 × 10^290 |
| 57 | ov_057 | 2.712141486912088 × 10^290 |
| 58 | ov_058 | 1.50038817509794 × 10^290 |
| 59 | ov_059 | 7.38855061897016 × 10^289 |
| 60 | ov_060 | 3.0598980898014846 × 10^289 |
| 61 | ov_061 | 1.0681220079364298 × 10^289 |
| 62 | ov_062 | 2.9280125252390977 × 10^288 |
| 63 | ov_063 | 5.7024677655948164 × 10^287 |
| 64 | lv_79_m31 | 1.1103201805642621 × 10^287 |
| 65 | ov_065 | 1.3173937568634247 × 10^288 |
| 66 | ov_066 | 1.3173900295369719 × 10^288 |
| 67 | ov_067 | 1.3173891452733233 × 10^288 |
| 68 | ov_068 | 1.1376731166839616 × 10^288 |
| 69 | ov_069 | 9.772799445925691 × 10^287 |
| 70 | ov_070 | 8.347293432529947 × 10^287 |
| 71 | ov_071 | 7.086106390240283 × 10^287 |
| 72 | ov_072 | 5.9757862093104376 × 10^287 |
| 73 | ov_073 | 5.003502878245482 × 10^287 |
| 74 | ov_074 | 4.157023327462843 × 10^287 |
| 75 | ov_075 | 3.424692134566386 × 10^287 |
| 76 | ov_076 | 2.795416661141702 × 10^287 |
| 77 | ov_077 | 2.2586552688620505 × 10^287 |
| 78 | ov_078 | 1.8044074751328186 × 10^287 |
| 79 | ov_079 | 1.4232053835088296 × 10^287 |
| 80 | ov_080 | 1.1061061710866711 × 10^287 |
| 81 | ov_081 | 8.446855613872612 × 10^286 |
| 82 | ov_082 | 6.348602962560026 × 10^286 |
| 83 | ov_083 | 4.692271982113741 × 10^286 |
| 84 | ov_084 | 3.4088725990120834 × 10^286 |
| 85 | ov_085 | 2.4344235257018847 × 10^286 |
| 86 | ov_086 | 1.7099256805371748 × 10^286 |
| 87 | ov_087 | 1.1813412440740356 × 10^286 |
| 88 | ov_088 | 7.995776533723642 × 10^285 |
| 89 | ov_089 | 5.204758362804271 × 10^285 |
| 90 | ov_090 | 3.2318840189430136 × 10^285 |
| 91 | ov_091 | 1.8932893617039712 × 10^285 |
| 92 | ov_092 | 1.0296993619328118 × 10^285 |
| 93 | ov_093 | 5.06416492377488 × 10^284 |
| 94 | ov_094 | 2.133150248006829 × 10^284 |
| 95 | aaa_78_28 | 6.4838702465096365 × 10^283 |
| 96 | aaa_78_29 | 1.9423018323156892 × 10^283 |
| 97 | ov_097 | 1.0114780289329418 × 10^283 |
| 98 | ov_098 | 1.0114665689142135 × 10^283 |
| 99 | ov_099 | 1.0114629124465347 × 10^283 |
| 100 | ov_100 | 8.311675609354083 × 10^282 |
| 101 | ov_101 | 6.77927589400322 × 10^282 |
| 102 | ov_102 | 5.489169909709746 × 10^282 |
| 103 | ov_103 | 4.4146344034562904 × 10^282 |
| 104 | ov_104 | 3.530370754673961 × 10^282 |
| 105 | ov_105 | 2.8124077882824883 × 10^282 |
| 106 | ov_106 | 2.2380181853811762 × 10^282 |
| 107 | ov_107 | 1.785647163375672 × 10^282 |
| 108 | ov_108 | 1.4348521654962182 × 10^282 |
| 109 | ov_109 | 1.1662523660926 × 10^282 |
| 110 | ov_110 | 9.614868632002996 × 10^281 |
| 111 | ov_111 | 8.031804940121365 × 10^281 |
| 112 | ov_112 | 6.749162723434639 × 10^281 |
| 113 | ov_113 | 5.6121351016835334 × 10^281 |
| 114 | ov_114 | 4.611660524754406 × 10^281 |
| 115 | ov_115 | 3.73877572018171 × 10^281 |
| 116 | ov_116 | 2.9845901160456633 × 10^281 |
| 117 | ov_117 | 2.340266521872321 × 10^281 |
| 118 | ov_118 | 1.7970068575863377 × 10^281 |
| 119 | ov_119 | 1.3460412106306853 × 10^281 |
| 120 | ov_120 | 9.786192448265997 × 10^280 |
| 121 | ov_121 | 6.860036502335592 × 10^280 |
| 122 | ov_122 | 4.594653233122273 × 10^280 |
| 123 | ov_123 | 2.9027996670938317 × 10^280 |
| 124 | ov_124 | 1.6972579798330155 × 10^280 |
| 125 | ov_125 | 8.908213184455968 × 10^279 |
| 126 | ov_126 | 3.9628657921315614 × 10^279 |
| 127 | aaa_77_28 | 1.2645163939095998 × 10^279 |
| 128 | aaa_77_29 | 4.735477641572452 × 10^278 |
| 129 | ov_129 | 4.3332024531679154 × 10^278 |
| 130 | ov_130 | 4.333189173056384 × 10^278 |
| 131 | ov_131 | 4.333185969390525 × 10^278 |
| 132 | ov_132 | 3.744643298382923 × 10^278 |
| 133 | ov_133 | 3.218725702062512 × 10^278 |
| 134 | ov_134 | 2.750670353435284 × 10^278 |
| 135 | ov_135 | 2.33596201645407 × 10^278 |
| 136 | ov_136 | 1.9703152485367145 × 10^278 |
| 137 | ov_137 | 1.6496592745473004 × 10^278 |
| 138 | ov_138 | 1.3701252620961124 × 10^278 |
| 139 | ov_139 | 1.128035741438409 × 10^278 |
| 140 | ov_140 | 9.198959263662581 × 10^277 |
| 141 | ov_141 | 7.423867053749504 × 10^277 |
| 142 | ov_142 | 5.923590851124713 × 10^277 |
| 143 | ov_143 | 4.66829880738563 × 10^277 |
| 144 | ov_144 | 3.6297846036609793 × 10^277 |
| 145 | ov_145 | 2.7814436325639865 × 10^277 |
| 146 | ov_146 | 2.0982562390653315 × 10^277 |
| 147 | ov_147 | 1.556776466089022 × 10^277 |
| 148 | ov_148 | 1.1351248748706794 × 10^277 |
| 149 | ov_149 | 8.12984134209302 × 10^276 |
| 150 | ov_150 | 5.71596255107371 × 10^276 |
| 151 | ov_151 | 3.937606892469213 × 10^276 |
| 152 | ov_152 | 2.6383292198502155 × 10^276 |
| 153 | ov_153 | 1.677234395719719 × 10^276 |
| 154 | ov_154 | 9.877612771276197 × 10^275 |
| 155 | ov_155 | 5.1111865429588875 × 10^275 |
| 156 | aaa_76_25 | 1.9628354679113158 × 10^275 |
| 157 | aaa_76_26 | 1.132212122930907 × 10^275 |
| 158 | aaa_76_27 | 5.788167332675194 × 10^274 |
| 159 | aaa_76_28 | 2.2498542926829647 × 10^274 |
| 160 | aaa_76_29 | 6.830449167569475 × 10^273 |

### Output Bits Sorted by Complexity

| Rank | Output Bit | Complexity |
|:----:|:----------:|:----------:|
| 160 | aaa_76_29 | 6.830449167569475 × 10^273 |
| 159 | aaa_76_28 | 2.2498542926829647 × 10^274 |
| 158 | aaa_76_27 | 5.788167332675194 × 10^274 |
| 157 | aaa_76_26 | 1.132212122930907 × 10^275 |
| 156 | aaa_76_25 | 1.9628354679113158 × 10^275 |
| 155 | ov_155 | 5.1111865429588875 × 10^275 |
| 154 | ov_154 | 9.877612771276197 × 10^275 |
| 153 | ov_153 | 1.677234395719719 × 10^276 |
| 152 | ov_152 | 2.6383292198502155 × 10^276 |
| 151 | ov_151 | 3.937606892469213 × 10^276 |
| 150 | ov_150 | 5.71596255107371 × 10^276 |
| 149 | ov_149 | 8.12984134209302 × 10^276 |
| 148 | ov_148 | 1.1351248748706794 × 10^277 |
| 147 | ov_147 | 1.556776466089022 × 10^277 |
| 146 | ov_146 | 2.0982562390653315 × 10^277 |
| 145 | ov_145 | 2.7814436325639865 × 10^277 |
| 144 | ov_144 | 3.6297846036609793 × 10^277 |
| 143 | ov_143 | 4.66829880738563 × 10^277 |
| 142 | ov_142 | 5.923590851124713 × 10^277 |
| 141 | ov_141 | 7.423867053749504 × 10^277 |
| 140 | ov_140 | 9.198959263662581 × 10^277 |
| 139 | ov_139 | 1.128035741438409 × 10^278 |
| 138 | ov_138 | 1.3701252620961124 × 10^278 |
| 137 | ov_137 | 1.6496592745473004 × 10^278 |
| 136 | ov_136 | 1.9703152485367145 × 10^278 |
| 135 | ov_135 | 2.33596201645407 × 10^278 |
| 134 | ov_134 | 2.750670353435284 × 10^278 |
| 133 | ov_133 | 3.218725702062512 × 10^278 |
| 132 | ov_132 | 3.744643298382923 × 10^278 |
| 131 | ov_131 | 4.333185969390525 × 10^278 |
| 130 | ov_130 | 4.333189173056384 × 10^278 |
| 129 | ov_129 | 4.3332024531679154 × 10^278 |
| 128 | aaa_77_29 | 4.735477641572452 × 10^278 |
| 127 | aaa_77_28 | 1.2645163939095998 × 10^279 |
| 126 | ov_126 | 3.9628657921315614 × 10^279 |
| 125 | ov_125 | 8.908213184455968 × 10^279 |
| 124 | ov_124 | 1.6972579798330155 × 10^280 |
| 123 | ov_123 | 2.9027996670938317 × 10^280 |
| 122 | ov_122 | 4.594653233122273 × 10^280 |
| 121 | ov_121 | 6.860036502335592 × 10^280 |
| 120 | ov_120 | 9.786192448265997 × 10^280 |
| 119 | ov_119 | 1.3460412106306853 × 10^281 |
| 118 | ov_118 | 1.7970068575863377 × 10^281 |
| 117 | ov_117 | 2.340266521872321 × 10^281 |
| 116 | ov_116 | 2.9845901160456633 × 10^281 |
| 115 | ov_115 | 3.73877572018171 × 10^281 |
| 114 | ov_114 | 4.611660524754406 × 10^281 |
| 113 | ov_113 | 5.6121351016835334 × 10^281 |
| 112 | ov_112 | 6.749162723434639 × 10^281 |
| 111 | ov_111 | 8.031804940121365 × 10^281 |
| 110 | ov_110 | 9.614868632002996 × 10^281 |
| 109 | ov_109 | 1.1662523660926 × 10^282 |
| 108 | ov_108 | 1.4348521654962182 × 10^282 |
| 107 | ov_107 | 1.785647163375672 × 10^282 |
| 106 | ov_106 | 2.2380181853811762 × 10^282 |
| 105 | ov_105 | 2.8124077882824883 × 10^282 |
| 104 | ov_104 | 3.530370754673961 × 10^282 |
| 103 | ov_103 | 4.4146344034562904 × 10^282 |
| 102 | ov_102 | 5.489169909709746 × 10^282 |
| 101 | ov_101 | 6.77927589400322 × 10^282 |
| 100 | ov_100 | 8.311675609354083 × 10^282 |
| 99 | ov_099 | 1.0114629124465347 × 10^283 |
| 98 | ov_098 | 1.0114665689142135 × 10^283 |
| 97 | ov_097 | 1.0114780289329418 × 10^283 |
| 96 | aaa_78_29 | 1.9423018323156892 × 10^283 |
| 95 | aaa_78_28 | 6.4838702465096365 × 10^283 |
| 94 | ov_094 | 2.133150248006829 × 10^284 |
| 93 | ov_093 | 5.06416492377488 × 10^284 |
| 92 | ov_092 | 1.0296993619328118 × 10^285 |
| 91 | ov_091 | 1.8932893617039712 × 10^285 |
| 90 | ov_090 | 3.2318840189430136 × 10^285 |
| 89 | ov_089 | 5.204758362804271 × 10^285 |
| 88 | ov_088 | 7.995776533723642 × 10^285 |
| 87 | ov_087 | 1.1813412440740356 × 10^286 |
| 86 | ov_086 | 1.7099256805371748 × 10^286 |
| 85 | ov_085 | 2.4344235257018847 × 10^286 |
| 84 | ov_084 | 3.4088725990120834 × 10^286 |
| 83 | ov_083 | 4.692271982113741 × 10^286 |
| 82 | ov_082 | 6.348602962560026 × 10^286 |
| 81 | ov_081 | 8.446855613872612 × 10^286 |
| 80 | ov_080 | 1.1061061710866711 × 10^287 |
| 64 | lv_79_m31 | 1.1103201805642621 × 10^287 |
| 79 | ov_079 | 1.4232053835088296 × 10^287 |
| 78 | ov_078 | 1.8044074751328186 × 10^287 |
| 77 | ov_077 | 2.2586552688620505 × 10^287 |
| 76 | ov_076 | 2.795416661141702 × 10^287 |
| 75 | ov_075 | 3.424692134566386 × 10^287 |
| 74 | ov_074 | 4.157023327462843 × 10^287 |
| 73 | ov_073 | 5.003502878245482 × 10^287 |
| 63 | ov_063 | 5.7024677655948164 × 10^287 |
| 72 | ov_072 | 5.9757862093104376 × 10^287 |
| 71 | ov_071 | 7.086106390240283 × 10^287 |
| 70 | ov_070 | 8.347293432529947 × 10^287 |
| 69 | ov_069 | 9.772799445925691 × 10^287 |
| 68 | ov_068 | 1.1376731166839616 × 10^288 |
| 67 | ov_067 | 1.3173891452733233 × 10^288 |
| 66 | ov_066 | 1.3173900295369719 × 10^288 |
| 65 | ov_065 | 1.3173937568634247 × 10^288 |
| 62 | ov_062 | 2.9280125252390977 × 10^288 |
| 61 | ov_061 | 1.0681220079364298 × 10^289 |
| 60 | ov_060 | 3.0598980898014846 × 10^289 |
| 59 | ov_059 | 7.38855061897016 × 10^289 |
| 58 | ov_058 | 1.50038817509794 × 10^290 |
| 57 | ov_057 | 2.712141486912088 × 10^290 |
| 56 | ov_056 | 4.522240533055724 × 10^290 |
| 55 | ov_055 | 7.105387023085164 × 10^290 |
| 54 | ov_054 | 1.0662865390239854 × 10^291 |
| 53 | ov_053 | 1.5422555372242896 × 10^291 |
| 52 | ov_052 | 2.1638954045351645 × 10^291 |
| 51 | ov_051 | 2.984770879300305 × 10^291 |
| 50 | ov_050 | 4.0637828599197085 × 10^291 |
| 49 | ov_049 | 5.465181994341682 × 10^291 |
| 48 | ov_048 | 7.258588128532158 × 10^291 |
| 47 | ov_047 | 9.519017391808301 × 10^291 |
| 32 | lv_80_m31 | 1.1770756039188116 × 10^292 |
| 46 | ov_046 | 1.232691954402715 × 10^292 |
| 45 | ov_045 | 1.576822913103758 × 10^292 |
| 44 | ov_044 | 1.9934434573910442 × 10^292 |
| 43 | ov_043 | 2.4922669713858783 × 10^292 |
| 42 | ov_042 | 3.0835832732652246 × 10^292 |
| 41 | ov_041 | 3.778273776811018 × 10^292 |
| 40 | ov_040 | 4.582239733780939 × 10^292 |
| 39 | ov_039 | 5.501705693504488 × 10^292 |
| 31 | ov_031 | 6.035143117596524 × 10^292 |
| 38 | ov_038 | 6.543234840626807 × 10^292 |
| 37 | ov_037 | 7.720310444634003 × 10^292 |
| 36 | ov_036 | 9.047151146220476 × 10^292 |
| 35 | ov_035 | 1.0538757804973237 × 10^293 |
| 34 | ov_034 | 1.2210968180932422 × 10^293 |
| 33 | ov_033 | 1.4080520315636168 × 10^293 |
| 30 | ov_030 | 3.0939541938230908 × 10^293 |
| 29 | ov_029 | 1.0120608833092744 × 10^294 |
| 28 | ov_028 | 2.626647225142256 × 10^294 |
| 27 | ov_027 | 5.870708344765889 × 10^294 |
| 26 | ov_026 | 1.1739748843646189 × 10^295 |
| 25 | ov_025 | 2.1507227414261165 × 10^295 |
| 24 | ov_024 | 3.6724569771643766 × 10^295 |
| 23 | ov_023 | 5.922120644083735 × 10^295 |
| 22 | ov_022 | 9.293409416526898 × 10^295 |
| 21 | ov_021 | 1.4235656373054192 × 10^296 |
| 20 | ov_020 | 2.125388194041225 × 10^296 |
| 19 | ov_019 | 3.0908875525504433 × 10^296 |
| 18 | ov_018 | 4.381731962287315 × 10^296 |
| 17 | ov_017 | 6.065196931129157 × 10^296 |
| 16 | ov_016 | 8.214190217955407 × 10^296 |
| 15 | ov_015 | 1.0907285584887033 × 10^297 |
| 14 | ov_014 | 1.4228767493301767 × 10^297 |
| 13 | ov_013 | 1.8268689931000607 × 10^297 |
| 12 | ov_012 | 2.3122953641548143 × 10^297 |
| 11 | ov_011 | 2.8893406682232637 × 10^297 |
| 10 | ov_010 | 3.5687973665996806 × 10^297 |
| 9 | ov_009 | 4.36208194734961 × 10^297 |
| 8 | ov_008 | 5.2812553654883144 × 10^297 |
| 7 | ov_007 | 6.339048217797508 × 10^297 |
| 6 | ov_006 | 7.548891362141543 × 10^297 |
| 5 | ov_005 | 8.924952735991665 × 10^297 |
| 4 | ov_004 | 1.0482181174566526 × 10^298 |
| 3 | ov_003 | 1.22363580198823 × 10^298 |
| 2 | ov_002 | 1.420415718934655 × 10^298 |
| 1 | ov_001 | 1.6403214242126916 × 10^298 |

