# Results for F001-F002-F003-F004-F005-F006-F007-F008-F009-F010-F011-F012-F013-F014-F015-F016-F017-F018-F019-F020-F021-F022-F023-F024-F025-F026-F027-F028-F029-F030-F031-F032-F033-F034-F035-F036-F037-F038-F039-F040-F041-F042-F043-F044-F045-F046-F047-F048-F049-F050-F051-F052-F053-F054-F055-F056-F057-F058-F059-F060-F061-F062-F063-F064-F065-F066-F067-F068-F069-F070-F071-F072-F073-F074-F075-F076-F077-F078-F079-F080-F081-F082-F083-F084-F085-F086-F087-F088-F089-F090-F091-F092-F093-F094-F095-F096-F097-F098-F099-F100-F101-F102-F103-F104-F105-F106-F107-F108-F109-F110-F111-F112-F113-F114-F115-F116-F117-F118-F119-F120-F121-F122-F123-F124-F125-F126-F127-F128-F129-F130-F131-F132-F133-F134-F135-F136-F137-F138-F139-F140-F141-F142-F143-F144-F145-F146-F147-F148-F149-F150-F151-F152-F153-F154-F155-F156-F157-F158-F159-F160-F161-F162-F163-F164-F165-F166-F167-F168-F169-F170-F171-F172-F173-F174-F175-F176-F177-F178-F179-F180-F181-F182-F183-F184-F185-F186-F187-F188-F189-F190-F191-F192-F193-F194-F195-F196-F197-F198-F199-F200-F201-F202-F203-F204-F205-F206-F207-F208-F209-F210-F211-F212-F213-F214-F215-F216-F217-F218-F219-F220-F221-F222-F223-F224-F225-F226-F227-F228-F229-F230-F231-F232-F233-F234-F235-F236-F237-F238-F239-F240-F241-F242-F243-F244-F245-F246-F247-F248-F249-F250-F251-F252-F253-F254-F255-F256-F257-F258-F259-F260-F261-F262-F263-F264-F265-F266-F267-F268-F269-F270-F271-F272-F273-F274-F275-F276-F277-F278-F279-F280-F281-F282-F283-F284-F285-F286-F287-F288-F289-F290-F291-F292-F293-F294-F295-F296-F297-F298-F299-F300-F301-F302-F303-F304-F305-F306-F307-F308-F309-F310-F311-F312-F313-F314-F315-F316-F317-F318-F319-F320-F321-F322-F323-F324-F325-F326-F327-F328-F329-F330-F331-F332-F333-F334-F335-F336-F337-F338-F339-F340-F341-F342-F343-F344-F345-F346-F347-F348-F349-F350-F351-F352-F353-F354-F355-F356-F357-F358-F359-F360-F361-F362-F363-F364-F365-F366-F367-F368-F369-F370-F371-F372-F373-F374-F375-F376-F377-F378-F379-F380-F381-F382-F383-F384-F385-F386-F387-F388-F389-F390-F391-F392-F393-F394-F395-F396-F397-F398-F399-F400-F401-F402-F403-F404-F405-F406-F407-F408-F409-F410-F411-F412-F413-F414-F415-F416-F417-F418-F419-F420-F421-F422-F423-F424-F425-F426-F427-F428-F429-F430-F431-F432-F433-F434-F435-F436-F437-F438-F439-F440-F441-F442-F443-F444-F445-F446-F447-F448-F449-F450-F451-F452-F453-F454-F455-F456-F457-F458-F459-F460-F461-F462-F463-F464-F465-F466-F467-F468-F469-F470-F471-F472-F473-F474-F475-F476-F477-F478-F479-F480-F481-F482-F483-F484-F485-F486-F487-F488-F489-F490-F491-F492-F493-F494-F495-F496-O497502-E499505-F509-F510-F511-F512

## Summary

Number of input bits: 512  
Number of free input bits: 10  
Number of output bits: 160

Number of direct occurrences: 40501  
Number of assignments: 31116  
Number of operations: 10859574
(xor: 10831561,
and: 14715,
or: 13298)

Total complexity: 1.9454601507680389 × 10^298

Least occurring input variable: iv_504 (3890)  
Most occurring input variable: iv_497 (4200)

Most co-occurring input variables: iv_507-iv_508 (2018)  
Least co-occurring input variables: iv_499-iv_506 (1801)

Potentially most occurring input variable: iv_497/iv_499 (4498)  
Potentially least occurring input variable: iv_499/iv_504 (4106)

Least output occurring input variable: iv_499 (57)  
Most output occurring input variable: iv_498 (88)

Most output co-occurring input variables: iv_498-iv_504 (50)  
Least output co-occurring input variables: iv_499-iv_501 (25)

Potentially most output occurring input variable: iv_504/iv_507 (90)  
Potentially least output occurring input variable: iv_498/iv_504 (68)

Least complex input bit: iv_498 (1.3817186419492862 × 10^296)  
Most complex input bit: iv_499 (4.333930268845251 × 10^297)

Least complex output bit: aaa_76_29 (1.267269196877657 × 10^273)  
Most complex output bit: ov_001 (3.11194131170875 × 10^297)

Least complex input/output complexity: iv_498/aaa_76_29 (9.000490053742223 × 10^270)  
Most complex input/output complexity: iv_499/ov_001 (6.932517553937095 × 10^296)

## Input Bits

### Input Bits in Regular Order

| Input Bit | Complexity | Occurrences | Output Occurrences |
|:---------:|:----------:|:-----------:|:------------------:|
| iv_497 | 1.1588869534241382 × 10^297 | 4200 | 73 |
| iv_498 | 1.3817186419492862 × 10^296 | 3900 | 88 |
| iv_499 | 4.333930268845251 × 10^297 | 4142 | 57 |
| iv_500 | 4.107073509232045 × 10^296 | 4081 | 76 |
| iv_501 | 6.760398965561345 × 10^296 | 4042 | 81 |
| iv_503 | 1.7260476518845906 × 10^297 | 4017 | 75 |
| iv_504 | 2.680728183152651 × 10^297 | 3890 | 80 |
| iv_506 | 2.0456981841954887 × 10^297 | 3920 | 82 |
| iv_507 | 2.910991309899462 × 10^297 | 4147 | 76 |
| iv_508 | 3.373399844604549 × 10^297 | 4162 | 81 |

### Input Bits Sorted by Complexity

| Input Bit | Complexity | Occurrences | Output Occurrences |
|:---------:|:----------:|:-----------:|:------------------:|
| iv_498 | 1.3817186419492862 × 10^296 | 3900 | 88 |
| iv_500 | 4.107073509232045 × 10^296 | 4081 | 76 |
| iv_501 | 6.760398965561345 × 10^296 | 4042 | 81 |
| iv_497 | 1.1588869534241382 × 10^297 | 4200 | 73 |
| iv_503 | 1.7260476518845906 × 10^297 | 4017 | 75 |
| iv_506 | 2.0456981841954887 × 10^297 | 3920 | 82 |
| iv_504 | 2.680728183152651 × 10^297 | 3890 | 80 |
| iv_507 | 2.910991309899462 × 10^297 | 4147 | 76 |
| iv_508 | 3.373399844604549 × 10^297 | 4162 | 81 |
| iv_499 | 4.333930268845251 × 10^297 | 4142 | 57 |

### Input Bits Sorted by Occurrences

| Input Bit | Complexity | Occurrences | Output Occurrences |
|:---------:|:----------:|:-----------:|:------------------:|
| iv_504 | 2.680728183152651 × 10^297 | 3890 | 80 |
| iv_498 | 1.3817186419492862 × 10^296 | 3900 | 88 |
| iv_506 | 2.0456981841954887 × 10^297 | 3920 | 82 |
| iv_503 | 1.7260476518845906 × 10^297 | 4017 | 75 |
| iv_501 | 6.760398965561345 × 10^296 | 4042 | 81 |
| iv_500 | 4.107073509232045 × 10^296 | 4081 | 76 |
| iv_499 | 4.333930268845251 × 10^297 | 4142 | 57 |
| iv_507 | 2.910991309899462 × 10^297 | 4147 | 76 |
| iv_508 | 3.373399844604549 × 10^297 | 4162 | 81 |
| iv_497 | 1.1588869534241382 × 10^297 | 4200 | 73 |

### Input Bits Sorted by Output Occurrences

| Input Bit | Complexity | Occurrences | Output Occurrences |
|:---------:|:----------:|:-----------:|:------------------:|
| iv_499 | 4.333930268845251 × 10^297 | 4142 | 57 |
| iv_497 | 1.1588869534241382 × 10^297 | 4200 | 73 |
| iv_503 | 1.7260476518845906 × 10^297 | 4017 | 75 |
| iv_500 | 4.107073509232045 × 10^296 | 4081 | 76 |
| iv_507 | 2.910991309899462 × 10^297 | 4147 | 76 |
| iv_504 | 2.680728183152651 × 10^297 | 3890 | 80 |
| iv_501 | 6.760398965561345 × 10^296 | 4042 | 81 |
| iv_508 | 3.373399844604549 × 10^297 | 4162 | 81 |
| iv_506 | 2.0456981841954887 × 10^297 | 3920 | 82 |
| iv_498 | 1.3817186419492862 × 10^296 | 3900 | 88 |

## Input Bit Co-occurrences

### Input Bit Co-occurrences Sorted by Co-occurrences

| Input Bits | Co-occurrences | Potential Occurrences | Output Co-occurrences | Potential Output Occurrences |
|:----------:|:--------------:|:---------------------:|:---------------------:|:----------------------------:|
| iv_507-iv_508 | 2018 | 4273 | 43 | 71 |
| iv_497-iv_507 | 2016 | 4315 | 36 | 77 |
| iv_497-iv_501 | 1992 | 4258 | 36 | 82 |
| iv_497-iv_500 | 1977 | 4327 | 39 | 71 |
| iv_499-iv_507 | 1968 | 4353 | 29 | 75 |
| iv_499-iv_508 | 1966 | 4372 | 35 | 68 |
| iv_500-iv_508 | 1966 | 4311 | 36 | 85 |
| iv_499-iv_504 | 1963 | 4106 | 27 | 83 |
| iv_500-iv_507 | 1963 | 4302 | 35 | 82 |
| iv_506-iv_507 | 1959 | 4149 | 39 | 80 |

### Input Bit Co-occurrences Sorted by Potential Occurrences

| Input Bits | Co-occurrences | Potential Occurrences | Output Co-occurrences | Potential Output Occurrences |
|:----------:|:--------------:|:---------------------:|:---------------------:|:----------------------------:|
| iv_499-iv_504 | 1963 | 4106 | 27 | 83 |
| iv_504-iv_506 | 1845 | 4120 | 41 | 80 |
| iv_498-iv_504 | 1829 | 4132 | 50 | 68 |
| iv_506-iv_507 | 1959 | 4149 | 39 | 80 |
| iv_498-iv_506 | 1823 | 4174 | 41 | 88 |
| iv_500-iv_506 | 1898 | 4205 | 36 | 86 |
| iv_503-iv_504 | 1850 | 4207 | 35 | 85 |
| iv_503-iv_506 | 1864 | 4209 | 38 | 81 |
| iv_500-iv_504 | 1880 | 4211 | 37 | 82 |
| iv_500-iv_501 | 1950 | 4223 | 40 | 77 |

### Input Bit Output Co-occurrences Sorted by Output Co-occurrences

| Input Bits | Co-occurrences | Potential Occurrences | Output Co-occurrences | Potential Output Occurrences |
|:----------:|:--------------:|:---------------------:|:---------------------:|:----------------------------:|
| iv_498-iv_504 | 1829 | 4132 | 50 | 68 |
| iv_498-iv_501 | 1848 | 4246 | 48 | 73 |
| iv_498-iv_508 | 1841 | 4380 | 45 | 79 |
| iv_498-iv_507 | 1878 | 4291 | 43 | 78 |
| iv_498-iv_503 | 1830 | 4257 | 43 | 77 |
| iv_507-iv_508 | 2018 | 4273 | 43 | 71 |
| iv_498-iv_506 | 1823 | 4174 | 41 | 88 |
| iv_501-iv_506 | 1832 | 4298 | 41 | 81 |
| iv_504-iv_506 | 1845 | 4120 | 41 | 80 |
| iv_506-iv_508 | 1873 | 4336 | 41 | 81 |

### Input Bit Output Co-occurrences Sorted by Potential Output Occurrences

| Input Bits | Co-occurrences | Potential Occurrences | Output Co-occurrences | Potential Output Occurrences |
|:----------:|:--------------:|:---------------------:|:---------------------:|:----------------------------:|
| iv_498-iv_504 | 1829 | 4132 | 50 | 68 |
| iv_499-iv_508 | 1966 | 4372 | 35 | 68 |
| iv_497-iv_500 | 1977 | 4327 | 39 | 71 |
| iv_507-iv_508 | 2018 | 4273 | 43 | 71 |
| iv_499-iv_503 | 1887 | 4385 | 30 | 72 |
| iv_497-iv_504 | 1898 | 4294 | 40 | 73 |
| iv_498-iv_501 | 1848 | 4246 | 48 | 73 |
| iv_498-iv_499 | 1813 | 4416 | 36 | 73 |
| iv_500-iv_503 | 1923 | 4252 | 39 | 73 |
| iv_497-iv_499 | 1922 | 4498 | 28 | 74 |

## Output Bits

### Output Bits in Regular Order

| Rank | Output Bit | Complexity |
|:----:|:----------:|:----------:|
| 1 | ov_001 | 3.11194131170875 × 10^297 |
| 2 | ov_002 | 2.698750757104263 × 10^297 |
| 3 | ov_003 | 2.3286096842268696 × 10^297 |
| 4 | ov_004 | 1.998256034760816 × 10^297 |
| 5 | ov_005 | 1.7046056264715587 × 10^297 |
| 6 | ov_006 | 1.4447394706677001 × 10^297 |
| 7 | ov_007 | 1.2158927267153688 × 10^297 |
| 8 | ov_008 | 1.0154451872559768 × 10^297 |
| 9 | ov_009 | 8.409131757124692 × 10^296 |
| 10 | ov_010 | 6.899427159494884 × 10^296 |
| 11 | ov_011 | 5.60303832340549 × 10^296 |
| 12 | ov_012 | 4.49885846588897 × 10^296 |
| 13 | ov_013 | 3.56693545589538 × 10^296 |
| 14 | ov_014 | 2.7884410244353514 × 10^296 |
| 15 | ov_015 | 2.145646404713313 × 10^296 |
| 16 | ov_016 | 1.6219033774295074 × 10^296 |
| 17 | ov_017 | 1.2016297726764115 × 10^296 |
| 18 | ov_018 | 8.702985557742833 × 10^295 |
| 19 | ov_019 | 6.144297000810418 × 10^295 |
| 20 | ov_020 | 4.2158416100896697 × 10^295 |
| 21 | ov_021 | 2.8035944319332744 × 10^295 |
| 22 | ov_022 | 1.8038641628468587 × 10^295 |
| 23 | ov_023 | 1.123271128806664 × 10^295 |
| 24 | ov_024 | 6.787327977079413 × 10^294 |
| 25 | ov_025 | 3.974549131884462 × 10^294 |
| 26 | ov_026 | 2.1692663711869652 × 10^294 |
| 27 | ov_027 | 1.0846300141060043 × 10^294 |
| 28 | ov_028 | 4.851926841283144 × 10^293 |
| 29 | ov_029 | 1.8690701000400343 × 10^293 |
| 30 | ov_030 | 5.712502287438635 × 10^292 |
| 31 | ov_031 | 1.1139351925583875 × 10^292 |
| 32 | lv_80_m31 | 2.1718029771733535 × 10^291 |
| 33 | ov_033 | 2.6024586263876164 × 10^292 |
| 34 | ov_034 | 2.256590337299357 × 10^292 |
| 35 | ov_035 | 1.9471867624550984 × 10^292 |
| 36 | ov_036 | 1.6712812522385507 × 10^292 |
| 37 | ov_037 | 1.4260672506041856 × 10^292 |
| 38 | ov_038 | 1.2088869528723642 × 10^292 |
| 39 | ov_039 | 1.017221503135977 × 10^292 |
| 40 | ov_040 | 8.486825853268829 × 10^291 |
| 41 | ov_041 | 7.010052694335574 × 10^291 |
| 42 | ov_042 | 5.730871169753029 × 10^291 |
| 43 | ov_043 | 4.6388299264278546 × 10^291 |
| 44 | ov_044 | 3.7146582834388827 × 10^291 |
| 45 | ov_045 | 2.9401336146676846 × 10^291 |
| 46 | ov_046 | 2.2980543094320927 × 10^291 |
| 47 | ov_047 | 1.7722184706640156 × 10^291 |
| 48 | ov_048 | 1.3474074563372619 × 10^291 |
| 49 | ov_049 | 1.0093734372503744 × 10^291 |
| 50 | ov_050 | 7.448302113066172 × 10^290 |
| 51 | ov_051 | 5.414465811826264 × 10^290 |
| 52 | ov_052 | 3.878416688112595 × 10^290 |
| 53 | ov_053 | 2.735816332152761 × 10^290 |
| 54 | ov_054 | 1.8917740056082065 × 10^290 |
| 55 | ov_055 | 1.2608314516077037 × 10^290 |
| 56 | ov_056 | 8.026161658515833 × 10^289 |
| 57 | ov_057 | 4.814652236553515 × 10^289 |
| 58 | ov_058 | 2.664231890664995 × 10^289 |
| 59 | ov_059 | 1.312410285997919 × 10^289 |
| 60 | ov_060 | 5.437561869176938 × 10^288 |
| 61 | ov_061 | 1.8989568254457652 × 10^288 |
| 62 | ov_062 | 5.207956772662314 × 10^287 |
| 63 | ov_063 | 1.0147816802210582 × 10^287 |
| 64 | lv_79_m31 | 1.9768529355955066 × 10^286 |
| 65 | ov_065 | 2.3438663166121485 × 10^287 |
| 66 | ov_066 | 2.3438601872230386 × 10^287 |
| 67 | ov_067 | 2.3438587378406546 × 10^287 |
| 68 | ov_068 | 2.026669418534509 × 10^287 |
| 69 | ov_069 | 1.7429908858967067 × 10^287 |
| 70 | ov_070 | 1.4903228586679053 × 10^287 |
| 71 | ov_071 | 1.2662823528838112 × 10^287 |
| 72 | ov_072 | 1.0685970592549763 × 10^287 |
| 73 | ov_073 | 8.951001932373206 × 10^286 |
| 74 | ov_074 | 7.437265167713263 × 10^286 |
| 75 | ov_075 | 6.125092464918245 × 10^286 |
| 76 | ov_076 | 4.995775784407629 × 10^286 |
| 77 | ov_077 | 4.031546015370935 × 10^286 |
| 78 | ov_078 | 3.2155546713115106 × 10^286 |
| 79 | ov_079 | 2.5318577162166895 × 10^286 |
| 80 | ov_080 | 1.9654013851076583 × 10^286 |
| 81 | ov_081 | 1.5020098640980922 × 10^286 |
| 82 | ov_082 | 1.1283746960980758 × 10^286 |
| 83 | ov_083 | 8.320457790257425 × 10^285 |
| 84 | ov_084 | 6.014238239065006 × 10^285 |
| 85 | ov_085 | 4.2575414060409776 × 10^285 |
| 86 | ov_086 | 2.9512161917803376 × 10^285 |
| 87 | ov_087 | 2.0044677502699767 × 10^285 |
| 88 | ov_088 | 1.3348272608124624 × 10^285 |
| 89 | ov_089 | 8.681297036699922 × 10^284 |
| 90 | ov_090 | 5.384983229788179 × 10^284 |
| 91 | ov_091 | 3.150652414585319 × 10^284 |
| 92 | ov_092 | 1.7109967828816477 × 10^284 |
| 93 | ov_093 | 8.40057536431609 × 10^283 |
| 94 | ov_094 | 3.5321409716876855 × 10^283 |
| 95 | aaa_78_28 | 1.0717970172958461 × 10^283 |
| 96 | aaa_78_29 | 3.202222554838638 × 10^282 |
| 97 | ov_097 | 1.69519470648319 × 10^282 |
| 98 | ov_098 | 1.6951730008239648 × 10^282 |
| 99 | ov_099 | 1.6951660712193877 × 10^282 |
| 100 | ov_100 | 1.3876736584735624 × 10^282 |
| 101 | ov_101 | 1.1285540423920737 × 10^282 |
| 102 | ov_102 | 9.124597195483086 × 10^281 |
| 103 | ov_103 | 7.343355240697285 × 10^281 |
| 104 | ov_104 | 5.89397285582918 × 10^281 |
| 105 | ov_105 | 4.731132975717491 × 10^281 |
| 106 | ov_106 | 3.811883375584954 × 10^281 |
| 107 | ov_107 | 3.0954999369770674 × 10^281 |
| 108 | ov_108 | 2.5433706510454004 × 10^281 |
| 109 | ov_109 | 2.1188981561687432 × 10^281 |
| 110 | ov_110 | 1.787418727938281 × 10^281 |
| 111 | ov_111 | 1.5161357584992857 × 10^281 |
| 112 | ov_112 | 1.274065879700316 × 10^281 |
| 113 | ov_113 | 1.0594724750196319 × 10^281 |
| 114 | ov_114 | 8.706447859387068 × 10^280 |
| 115 | ov_115 | 7.058914922056382 × 10^280 |
| 116 | ov_116 | 5.635355605502989 × 10^280 |
| 117 | ov_117 | 4.419102471613859 × 10^280 |
| 118 | ov_118 | 3.3935613931012835 × 10^280 |
| 119 | ov_119 | 2.5421902745972495 × 10^280 |
| 120 | ov_120 | 1.8484831944852522 × 10^280 |
| 121 | ov_121 | 1.2959583107688644 × 10^280 |
| 122 | ov_122 | 8.681489584673309 × 10^279 |
| 123 | ov_123 | 5.485973660671985 × 10^279 |
| 124 | ov_124 | 3.2085041856697265 × 10^279 |
| 125 | ov_125 | 1.6845703383920142 × 10^279 |
| 126 | ov_126 | 7.496682498757092 × 10^278 |
| 127 | aaa_77_28 | 2.392958717234672 × 10^278 |
| 128 | aaa_77_29 | 8.965265056373542 × 10^277 |
| 129 | ov_129 | 8.24072374425384 × 10^277 |
| 130 | ov_130 | 8.24069908301023 × 10^277 |
| 131 | ov_131 | 8.24069312684913 × 10^277 |
| 132 | ov_132 | 7.135845286123363 × 10^277 |
| 133 | ov_133 | 6.14355507527158 × 10^277 |
| 134 | ov_134 | 5.259277800874754 × 10^277 |
| 135 | ov_135 | 4.4746327940111815 × 10^277 |
| 136 | ov_136 | 3.7816723362263004 × 10^277 |
| 137 | ov_137 | 3.1728529827320997 × 10^277 |
| 138 | ov_138 | 2.6410112522202835 × 10^277 |
| 139 | ov_139 | 2.1793432324621405 × 10^277 |
| 140 | ov_140 | 1.7813876740862852 × 10^277 |
| 141 | ov_141 | 1.4410121676802913 × 10^277 |
| 142 | ov_142 | 1.1524020217798941 × 10^277 |
| 143 | ov_143 | 9.100514814909562 × 10^276 |
| 144 | ov_144 | 7.087569495119851 × 10^276 |
| 145 | ov_145 | 5.436118932444875 × 10^276 |
| 146 | ov_146 | 4.100031435315946 × 10^276 |
| 147 | ov_147 | 3.03608312374144 × 10^276 |
| 148 | ov_148 | 2.203940787502857 × 10^276 |
| 149 | ov_149 | 1.5661511341757308 × 10^276 |
| 150 | ov_150 | 1.0881343531143117 × 10^276 |
| 151 | ov_151 | 7.38180227658192 × 10^275 |
| 152 | ov_152 | 4.8744557341986766 × 10^275 |
| 153 | ov_153 | 3.099524224709885 × 10^275 |
| 154 | ov_154 | 1.825867559918186 × 10^275 |
| 155 | ov_155 | 9.450742085624302 × 10^274 |
| 156 | aaa_76_25 | 3.6304679992681737 × 10^274 |
| 157 | aaa_76_26 | 2.095400123401955 × 10^274 |
| 158 | aaa_76_27 | 1.0719605977450548 × 10^274 |
| 159 | aaa_76_28 | 4.170403350439476 × 10^273 |
| 160 | aaa_76_29 | 1.267269196877657 × 10^273 |

### Output Bits Sorted by Complexity

| Rank | Output Bit | Complexity |
|:----:|:----------:|:----------:|
| 160 | aaa_76_29 | 1.267269196877657 × 10^273 |
| 159 | aaa_76_28 | 4.170403350439476 × 10^273 |
| 158 | aaa_76_27 | 1.0719605977450548 × 10^274 |
| 157 | aaa_76_26 | 2.095400123401955 × 10^274 |
| 156 | aaa_76_25 | 3.6304679992681737 × 10^274 |
| 155 | ov_155 | 9.450742085624302 × 10^274 |
| 154 | ov_154 | 1.825867559918186 × 10^275 |
| 153 | ov_153 | 3.099524224709885 × 10^275 |
| 152 | ov_152 | 4.8744557341986766 × 10^275 |
| 151 | ov_151 | 7.38180227658192 × 10^275 |
| 150 | ov_150 | 1.0881343531143117 × 10^276 |
| 149 | ov_149 | 1.5661511341757308 × 10^276 |
| 148 | ov_148 | 2.203940787502857 × 10^276 |
| 147 | ov_147 | 3.03608312374144 × 10^276 |
| 146 | ov_146 | 4.100031435315946 × 10^276 |
| 145 | ov_145 | 5.436118932444875 × 10^276 |
| 144 | ov_144 | 7.087569495119851 × 10^276 |
| 143 | ov_143 | 9.100514814909562 × 10^276 |
| 142 | ov_142 | 1.1524020217798941 × 10^277 |
| 141 | ov_141 | 1.4410121676802913 × 10^277 |
| 140 | ov_140 | 1.7813876740862852 × 10^277 |
| 139 | ov_139 | 2.1793432324621405 × 10^277 |
| 138 | ov_138 | 2.6410112522202835 × 10^277 |
| 137 | ov_137 | 3.1728529827320997 × 10^277 |
| 136 | ov_136 | 3.7816723362263004 × 10^277 |
| 135 | ov_135 | 4.4746327940111815 × 10^277 |
| 134 | ov_134 | 5.259277800874754 × 10^277 |
| 133 | ov_133 | 6.14355507527158 × 10^277 |
| 132 | ov_132 | 7.135845286123363 × 10^277 |
| 131 | ov_131 | 8.24069312684913 × 10^277 |
| 130 | ov_130 | 8.24069908301023 × 10^277 |
| 129 | ov_129 | 8.24072374425384 × 10^277 |
| 128 | aaa_77_29 | 8.965265056373542 × 10^277 |
| 127 | aaa_77_28 | 2.392958717234672 × 10^278 |
| 126 | ov_126 | 7.496682498757092 × 10^278 |
| 125 | ov_125 | 1.6845703383920142 × 10^279 |
| 124 | ov_124 | 3.2085041856697265 × 10^279 |
| 123 | ov_123 | 5.485973660671985 × 10^279 |
| 122 | ov_122 | 8.681489584673309 × 10^279 |
| 121 | ov_121 | 1.2959583107688644 × 10^280 |
| 120 | ov_120 | 1.8484831944852522 × 10^280 |
| 119 | ov_119 | 2.5421902745972495 × 10^280 |
| 118 | ov_118 | 3.3935613931012835 × 10^280 |
| 117 | ov_117 | 4.419102471613859 × 10^280 |
| 116 | ov_116 | 5.635355605502989 × 10^280 |
| 115 | ov_115 | 7.058914922056382 × 10^280 |
| 114 | ov_114 | 8.706447859387068 × 10^280 |
| 113 | ov_113 | 1.0594724750196319 × 10^281 |
| 112 | ov_112 | 1.274065879700316 × 10^281 |
| 111 | ov_111 | 1.5161357584992857 × 10^281 |
| 110 | ov_110 | 1.787418727938281 × 10^281 |
| 109 | ov_109 | 2.1188981561687432 × 10^281 |
| 108 | ov_108 | 2.5433706510454004 × 10^281 |
| 107 | ov_107 | 3.0954999369770674 × 10^281 |
| 106 | ov_106 | 3.811883375584954 × 10^281 |
| 105 | ov_105 | 4.731132975717491 × 10^281 |
| 104 | ov_104 | 5.89397285582918 × 10^281 |
| 103 | ov_103 | 7.343355240697285 × 10^281 |
| 102 | ov_102 | 9.124597195483086 × 10^281 |
| 101 | ov_101 | 1.1285540423920737 × 10^282 |
| 100 | ov_100 | 1.3876736584735624 × 10^282 |
| 99 | ov_099 | 1.6951660712193877 × 10^282 |
| 98 | ov_098 | 1.6951730008239648 × 10^282 |
| 97 | ov_097 | 1.69519470648319 × 10^282 |
| 96 | aaa_78_29 | 3.202222554838638 × 10^282 |
| 95 | aaa_78_28 | 1.0717970172958461 × 10^283 |
| 94 | ov_094 | 3.5321409716876855 × 10^283 |
| 93 | ov_093 | 8.40057536431609 × 10^283 |
| 92 | ov_092 | 1.7109967828816477 × 10^284 |
| 91 | ov_091 | 3.150652414585319 × 10^284 |
| 90 | ov_090 | 5.384983229788179 × 10^284 |
| 89 | ov_089 | 8.681297036699922 × 10^284 |
| 88 | ov_088 | 1.3348272608124624 × 10^285 |
| 87 | ov_087 | 2.0044677502699767 × 10^285 |
| 86 | ov_086 | 2.9512161917803376 × 10^285 |
| 85 | ov_085 | 4.2575414060409776 × 10^285 |
| 84 | ov_084 | 6.014238239065006 × 10^285 |
| 83 | ov_083 | 8.320457790257425 × 10^285 |
| 82 | ov_082 | 1.1283746960980758 × 10^286 |
| 81 | ov_081 | 1.5020098640980922 × 10^286 |
| 80 | ov_080 | 1.9654013851076583 × 10^286 |
| 64 | lv_79_m31 | 1.9768529355955066 × 10^286 |
| 79 | ov_079 | 2.5318577162166895 × 10^286 |
| 78 | ov_078 | 3.2155546713115106 × 10^286 |
| 77 | ov_077 | 4.031546015370935 × 10^286 |
| 76 | ov_076 | 4.995775784407629 × 10^286 |
| 75 | ov_075 | 6.125092464918245 × 10^286 |
| 74 | ov_074 | 7.437265167713263 × 10^286 |
| 73 | ov_073 | 8.951001932373206 × 10^286 |
| 63 | ov_063 | 1.0147816802210582 × 10^287 |
| 72 | ov_072 | 1.0685970592549763 × 10^287 |
| 71 | ov_071 | 1.2662823528838112 × 10^287 |
| 70 | ov_070 | 1.4903228586679053 × 10^287 |
| 69 | ov_069 | 1.7429908858967067 × 10^287 |
| 68 | ov_068 | 2.026669418534509 × 10^287 |
| 67 | ov_067 | 2.3438587378406546 × 10^287 |
| 66 | ov_066 | 2.3438601872230386 × 10^287 |
| 65 | ov_065 | 2.3438663166121485 × 10^287 |
| 62 | ov_062 | 5.207956772662314 × 10^287 |
| 61 | ov_061 | 1.8989568254457652 × 10^288 |
| 60 | ov_060 | 5.437561869176938 × 10^288 |
| 59 | ov_059 | 1.312410285997919 × 10^289 |
| 58 | ov_058 | 2.664231890664995 × 10^289 |
| 57 | ov_057 | 4.814652236553515 × 10^289 |
| 56 | ov_056 | 8.026161658515833 × 10^289 |
| 55 | ov_055 | 1.2608314516077037 × 10^290 |
| 54 | ov_054 | 1.8917740056082065 × 10^290 |
| 53 | ov_053 | 2.735816332152761 × 10^290 |
| 52 | ov_052 | 3.878416688112595 × 10^290 |
| 51 | ov_051 | 5.414465811826264 × 10^290 |
| 50 | ov_050 | 7.448302113066172 × 10^290 |
| 49 | ov_049 | 1.0093734372503744 × 10^291 |
| 48 | ov_048 | 1.3474074563372619 × 10^291 |
| 47 | ov_047 | 1.7722184706640156 × 10^291 |
| 32 | lv_80_m31 | 2.1718029771733535 × 10^291 |
| 46 | ov_046 | 2.2980543094320927 × 10^291 |
| 45 | ov_045 | 2.9401336146676846 × 10^291 |
| 44 | ov_044 | 3.7146582834388827 × 10^291 |
| 43 | ov_043 | 4.6388299264278546 × 10^291 |
| 42 | ov_042 | 5.730871169753029 × 10^291 |
| 41 | ov_041 | 7.010052694335574 × 10^291 |
| 40 | ov_040 | 8.486825853268829 × 10^291 |
| 39 | ov_039 | 1.017221503135977 × 10^292 |
| 31 | ov_031 | 1.1139351925583875 × 10^292 |
| 38 | ov_038 | 1.2088869528723642 × 10^292 |
| 37 | ov_037 | 1.4260672506041856 × 10^292 |
| 36 | ov_036 | 1.6712812522385507 × 10^292 |
| 35 | ov_035 | 1.9471867624550984 × 10^292 |
| 34 | ov_034 | 2.256590337299357 × 10^292 |
| 33 | ov_033 | 2.6024586263876164 × 10^292 |
| 30 | ov_030 | 5.712502287438635 × 10^292 |
| 29 | ov_029 | 1.8690701000400343 × 10^293 |
| 28 | ov_028 | 4.851926841283144 × 10^293 |
| 27 | ov_027 | 1.0846300141060043 × 10^294 |
| 26 | ov_026 | 2.1692663711869652 × 10^294 |
| 25 | ov_025 | 3.974549131884462 × 10^294 |
| 24 | ov_024 | 6.787327977079413 × 10^294 |
| 23 | ov_023 | 1.123271128806664 × 10^295 |
| 22 | ov_022 | 1.8038641628468587 × 10^295 |
| 21 | ov_021 | 2.8035944319332744 × 10^295 |
| 20 | ov_020 | 4.2158416100896697 × 10^295 |
| 19 | ov_019 | 6.144297000810418 × 10^295 |
| 18 | ov_018 | 8.702985557742833 × 10^295 |
| 17 | ov_017 | 1.2016297726764115 × 10^296 |
| 16 | ov_016 | 1.6219033774295074 × 10^296 |
| 15 | ov_015 | 2.145646404713313 × 10^296 |
| 14 | ov_014 | 2.7884410244353514 × 10^296 |
| 13 | ov_013 | 3.56693545589538 × 10^296 |
| 12 | ov_012 | 4.49885846588897 × 10^296 |
| 11 | ov_011 | 5.60303832340549 × 10^296 |
| 10 | ov_010 | 6.899427159494884 × 10^296 |
| 9 | ov_009 | 8.409131757124692 × 10^296 |
| 8 | ov_008 | 1.0154451872559768 × 10^297 |
| 7 | ov_007 | 1.2158927267153688 × 10^297 |
| 6 | ov_006 | 1.4447394706677001 × 10^297 |
| 5 | ov_005 | 1.7046056264715587 × 10^297 |
| 4 | ov_004 | 1.998256034760816 × 10^297 |
| 3 | ov_003 | 2.3286096842268696 × 10^297 |
| 2 | ov_002 | 2.698750757104263 × 10^297 |
| 1 | ov_001 | 3.11194131170875 × 10^297 |

