# Results for F001-F002-F003-F004-F005-F006-F007-F008-F009-F010-F011-F012-F013-F014-F015-F016-F017-F018-F019-F020-F021-F022-F023-F024-F025-F026-F027-F028-F029-F030-F031-F032-F033-F034-F035-F036-F037-F038-F039-F040-F041-F042-F043-F044-F045-F046-F047-F048-F049-F050-F051-F052-F053-F054-F055-F056-F057-F058-F059-F060-F061-F062-F063-F064-F065-F066-F067-F068-F069-F070-F071-F072-F073-F074-F075-F076-F077-F078-F079-F080-F081-F082-F083-F084-F085-F086-F087-F088-F089-F090-F091-F092-F093-F094-F095-F096-F097-F098-F099-F100-F101-F102-F103-F104-F105-F106-F107-F108-F109-F110-F111-F112-F113-F114-F115-F116-F117-F118-F119-F120-F121-F122-F123-F124-F125-F126-F127-F128-F129-F130-F131-F132-F133-F134-F135-F136-F137-F138-F139-F140-F141-F142-F143-F144-F145-F146-F147-F148-F149-F150-F151-F152-F153-F154-F155-F156-F157-F158-F159-F160-F161-F162-F163-F164-F165-F166-F167-F168-F169-F170-F171-F172-F173-F174-F175-F176-F177-F178-F179-F180-F181-F182-F183-F184-F185-F186-F187-F188-F189-F190-F191-F192-F193-F194-F195-F196-F197-F198-F199-F200-F201-F202-F203-F204-F205-F206-F207-F208-F209-F210-F211-F212-F213-F214-F215-F216-F217-F218-F219-F220-F221-F222-F223-F224-F225-F226-F227-F228-F229-F230-F231-F232-F233-F234-F235-F236-F237-F238-F239-F240-F241-F242-F243-F244-F245-F246-F247-F248-F249-F250-F251-F252-F253-F254-F255-F256-F257-F258-F259-F260-F261-F262-F263-F264-F265-F266-F267-F268-F269-F270-F271-F272-F273-F274-F275-F276-F277-F278-F279-F280-F281-F282-F283-F284-F285-F286-F287-F288-F289-F290-F291-F292-F293-F294-F295-F296-F297-F298-F299-F300-F301-F302-F303-F304-F305-F306-F307-F308-F309-F310-F311-F312-F313-F314-F315-F316-F317-F318-F319-F320-F321-F322-F323-F324-F325-F326-F327-F328-F329-F330-F331-F332-F333-F334-F335-F336-F337-F338-F339-F340-F341-F342-F343-F344-F345-F346-F347-F348-F349-F350-F351-F352-F353-F354-F355-F356-F357-F358-F359-F360-F361-F362-F363-F364-F365-F366-F367-F368-F369-F370-F371-F372-F373-F374-F375-F376-F377-F378-F379-F380-F381-F382-F383-F384-F385-F386-F387-F388-F389-F390-F391-F392-F393-F394-F395-F396-F397-F398-F399-F400-F401-F402-F403-F404-F405-F406-F407-F408-F409-F410-F411-F412-F413-F414-F415-F416-F417-F418-F419-F420-F421-F422-F423-F424-F425-F426-F427-F428-F429-F430-F431-F432-F433-F434-F435-F436-F437-F438-F439-F440-F441-F442-F443-F444-F445-F446-F447-F448-F449-F450-F451-F452-F453-F454-F455-F456-F457-F458-F459-F460-F461-F462-F463-F464-F465-F466-F467-F468-F469-F470-F471-F472-F473-F474-F475-F476-F477-F478-F479-F480-F481-F482-F483-F484-F485-F486-F487-F488-F489-F490-F491-F492-F493-F494-F495-F496-T507-F508-F509-F510-F511-F512

## Summary

Number of input bits: 512  
Number of free input bits: 10  
Number of output bits: 160

Number of direct occurrences: 41105  
Number of assignments: 31049  
Number of operations: 11758066
(xor: 11729398,
and: 15467,
or: 13201)

Total complexity: 1.2971799194568639 × 10^303

Least occurring input variable: iv_499 (3938)  
Most occurring input variable: iv_503 (4329)

Most co-occurring input variables: iv_501-iv_503 (2132)  
Least co-occurring input variables: iv_498-iv_499 (1796)

Potentially most occurring input variable: iv_497/iv_506 (4441)  
Potentially least occurring input variable: iv_500/iv_501 (4177)

Least output occurring input variable: iv_498 (70)  
Most output occurring input variable: iv_506 (89)

Most output co-occurring input variables: iv_502-iv_506 (48)  
Least output co-occurring input variables: iv_500-iv_505 (28)

Potentially most output occurring input variable: iv_500/iv_505 (94)  
Potentially least output occurring input variable: iv_498/iv_499 (72)

Least complex input bit: iv_497 (7.639488767124396 × 10^300)  
Most complex input bit: iv_505 (4.1239739229521574 × 10^302)

Least complex output bit: aaa_76_29 (5.385920045104176 × 10^277)  
Most complex output bit: ov_001 (2.1109201111101094 × 10^302)

Least complex input/output complexity: iv_497/aaa_76_29 (3.171932826591345 × 10^275)  
Most complex input/output complexity: iv_505/ov_001 (6.711003894739876 × 10^301)

## Input Bits

### Input Bits in Regular Order

| Input Bit | Complexity | Occurrences | Output Occurrences |
|:---------:|:----------:|:-----------:|:------------------:|
| iv_497 | 7.639488767124396 × 10^300 | 4182 | 80 |
| iv_498 | 1.516452033418472 × 10^301 | 3992 | 70 |
| iv_499 | 2.768346352506429 × 10^301 | 3938 | 78 |
| iv_500 | 4.851199564987949 × 10^301 | 4182 | 75 |
| iv_501 | 8.27444799258252 × 10^301 | 4203 | 83 |
| iv_502 | 1.3735830158778275 × 10^302 | 4153 | 85 |
| iv_503 | 2.226254450623911 × 10^302 | 4329 | 85 |
| iv_504 | 3.2165017703941313 × 10^302 | 4003 | 72 |
| iv_505 | 4.1239739229521574 × 10^302 | 4048 | 75 |
| iv_506 | 2.1404655269982458 × 10^301 | 4075 | 89 |

### Input Bits Sorted by Complexity

| Input Bit | Complexity | Occurrences | Output Occurrences |
|:---------:|:----------:|:-----------:|:------------------:|
| iv_497 | 7.639488767124396 × 10^300 | 4182 | 80 |
| iv_498 | 1.516452033418472 × 10^301 | 3992 | 70 |
| iv_506 | 2.1404655269982458 × 10^301 | 4075 | 89 |
| iv_499 | 2.768346352506429 × 10^301 | 3938 | 78 |
| iv_500 | 4.851199564987949 × 10^301 | 4182 | 75 |
| iv_501 | 8.27444799258252 × 10^301 | 4203 | 83 |
| iv_502 | 1.3735830158778275 × 10^302 | 4153 | 85 |
| iv_503 | 2.226254450623911 × 10^302 | 4329 | 85 |
| iv_504 | 3.2165017703941313 × 10^302 | 4003 | 72 |
| iv_505 | 4.1239739229521574 × 10^302 | 4048 | 75 |

### Input Bits Sorted by Occurrences

| Input Bit | Complexity | Occurrences | Output Occurrences |
|:---------:|:----------:|:-----------:|:------------------:|
| iv_499 | 2.768346352506429 × 10^301 | 3938 | 78 |
| iv_498 | 1.516452033418472 × 10^301 | 3992 | 70 |
| iv_504 | 3.2165017703941313 × 10^302 | 4003 | 72 |
| iv_505 | 4.1239739229521574 × 10^302 | 4048 | 75 |
| iv_506 | 2.1404655269982458 × 10^301 | 4075 | 89 |
| iv_502 | 1.3735830158778275 × 10^302 | 4153 | 85 |
| iv_500 | 4.851199564987949 × 10^301 | 4182 | 75 |
| iv_497 | 7.639488767124396 × 10^300 | 4182 | 80 |
| iv_501 | 8.27444799258252 × 10^301 | 4203 | 83 |
| iv_503 | 2.226254450623911 × 10^302 | 4329 | 85 |

### Input Bits Sorted by Output Occurrences

| Input Bit | Complexity | Occurrences | Output Occurrences |
|:---------:|:----------:|:-----------:|:------------------:|
| iv_498 | 1.516452033418472 × 10^301 | 3992 | 70 |
| iv_504 | 3.2165017703941313 × 10^302 | 4003 | 72 |
| iv_500 | 4.851199564987949 × 10^301 | 4182 | 75 |
| iv_505 | 4.1239739229521574 × 10^302 | 4048 | 75 |
| iv_499 | 2.768346352506429 × 10^301 | 3938 | 78 |
| iv_497 | 7.639488767124396 × 10^300 | 4182 | 80 |
| iv_501 | 8.27444799258252 × 10^301 | 4203 | 83 |
| iv_502 | 1.3735830158778275 × 10^302 | 4153 | 85 |
| iv_503 | 2.226254450623911 × 10^302 | 4329 | 85 |
| iv_506 | 2.1404655269982458 × 10^301 | 4075 | 89 |

## Input Bit Co-occurrences

### Input Bit Co-occurrences Sorted by Co-occurrences

| Input Bits | Co-occurrences | Potential Occurrences | Output Co-occurrences | Potential Output Occurrences |
|:----------:|:--------------:|:---------------------:|:---------------------:|:----------------------------:|
| iv_501-iv_503 | 2132 | 4268 | 41 | 86 |
| iv_500-iv_503 | 2120 | 4271 | 39 | 82 |
| iv_500-iv_501 | 2104 | 4177 | 40 | 78 |
| iv_502-iv_503 | 2095 | 4292 | 47 | 76 |
| iv_501-iv_502 | 2076 | 4204 | 42 | 84 |
| iv_503-iv_505 | 2055 | 4267 | 43 | 74 |
| iv_497-iv_502 | 2053 | 4229 | 43 | 79 |
| iv_503-iv_504 | 2046 | 4240 | 39 | 79 |
| iv_497-iv_503 | 2040 | 4431 | 38 | 89 |
| iv_497-iv_500 | 2029 | 4306 | 40 | 75 |

### Input Bit Co-occurrences Sorted by Potential Occurrences

| Input Bits | Co-occurrences | Potential Occurrences | Output Co-occurrences | Potential Output Occurrences |
|:----------:|:--------------:|:---------------------:|:---------------------:|:----------------------------:|
| iv_500-iv_501 | 2104 | 4177 | 40 | 78 |
| iv_500-iv_506 | 2029 | 4199 | 42 | 80 |
| iv_498-iv_500 | 1986 | 4202 | 33 | 79 |
| iv_501-iv_502 | 2076 | 4204 | 42 | 84 |
| iv_500-iv_504 | 1990 | 4205 | 37 | 73 |
| iv_499-iv_504 | 1863 | 4215 | 36 | 78 |
| iv_501-iv_504 | 1995 | 4216 | 33 | 89 |
| iv_504-iv_506 | 1930 | 4218 | 44 | 73 |
| iv_497-iv_502 | 2053 | 4229 | 43 | 79 |
| iv_502-iv_505 | 1985 | 4231 | 40 | 80 |

### Input Bit Output Co-occurrences Sorted by Output Co-occurrences

| Input Bits | Co-occurrences | Potential Occurrences | Output Co-occurrences | Potential Output Occurrences |
|:----------:|:--------------:|:---------------------:|:---------------------:|:----------------------------:|
| iv_502-iv_506 | 1940 | 4348 | 48 | 78 |
| iv_502-iv_503 | 2095 | 4292 | 47 | 76 |
| iv_497-iv_506 | 1908 | 4441 | 44 | 81 |
| iv_503-iv_506 | 1997 | 4410 | 44 | 86 |
| iv_504-iv_506 | 1930 | 4218 | 44 | 73 |
| iv_499-iv_506 | 1839 | 4335 | 44 | 79 |
| iv_501-iv_506 | 1971 | 4336 | 44 | 84 |
| iv_499-iv_503 | 1936 | 4395 | 43 | 77 |
| iv_503-iv_505 | 2055 | 4267 | 43 | 74 |
| iv_497-iv_502 | 2053 | 4229 | 43 | 79 |

### Input Bit Output Co-occurrences Sorted by Potential Output Occurrences

| Input Bits | Co-occurrences | Potential Occurrences | Output Co-occurrences | Potential Output Occurrences |
|:----------:|:--------------:|:---------------------:|:---------------------:|:----------------------------:|
| iv_498-iv_499 | 1796 | 4338 | 38 | 72 |
| iv_498-iv_502 | 1895 | 4355 | 41 | 73 |
| iv_500-iv_504 | 1990 | 4205 | 37 | 73 |
| iv_504-iv_506 | 1930 | 4218 | 44 | 73 |
| iv_503-iv_505 | 2055 | 4267 | 43 | 74 |
| iv_497-iv_499 | 1889 | 4342 | 42 | 74 |
| iv_502-iv_504 | 1952 | 4252 | 41 | 75 |
| iv_497-iv_500 | 2029 | 4306 | 40 | 75 |
| iv_498-iv_506 | 1893 | 4281 | 42 | 75 |
| iv_502-iv_503 | 2095 | 4292 | 47 | 76 |

## Output Bits

### Output Bits in Regular Order

| Rank | Output Bit | Complexity |
|:----:|:----------:|:----------:|
| 1 | ov_001 | 2.1109201111101094 × 10^302 |
| 2 | ov_002 | 1.8250403559025518 × 10^302 |
| 3 | ov_003 | 1.5695414431804316 × 10^302 |
| 4 | ov_004 | 1.3420885523297986 × 10^302 |
| 5 | ov_005 | 1.1404741417817403 × 10^302 |
| 6 | ov_006 | 9.626087548148806 × 10^301 |
| 7 | ov_007 | 8.065130407581034 × 10^301 |
| 8 | ov_008 | 6.703109172661959 × 10^301 |
| 9 | ov_009 | 5.522237812972421 × 10^301 |
| 10 | ov_010 | 4.5056565944902096 × 10^301 |
| 11 | ov_011 | 3.63739187033843 × 10^301 |
| 12 | ov_012 | 2.902323115744483 × 10^301 |
| 13 | ov_013 | 2.286156225954931 × 10^301 |
| 14 | ov_014 | 1.7754021569165096 × 10^301 |
| 15 | ov_015 | 1.357360048951278 × 10^301 |
| 16 | ov_016 | 1.0201040335857131 × 10^301 |
| 17 | ov_017 | 7.524729832631421 × 10^300 |
| 18 | ov_018 | 5.4406255814890674 × 10^300 |
| 19 | ov_019 | 3.8521906520003245 × 10^300 |
| 20 | ov_020 | 2.6703479446507215 × 10^300 |
| 21 | ov_021 | 1.8134456590464776 × 10^300 |
| 22 | ov_022 | 1.2072324945204315 × 10^300 |
| 23 | ov_023 | 7.848405044094585 × 10^299 |
| 24 | ov_024 | 4.867738192349171 × 10^299 |
| 25 | ov_025 | 2.851264295761128 × 10^299 |
| 26 | ov_026 | 1.556736537786608 × 10^299 |
| 27 | ov_027 | 7.787088281487914 × 10^298 |
| 28 | ov_028 | 3.4853058502426757 × 10^298 |
| 29 | ov_029 | 1.34344949693307 × 10^298 |
| 30 | ov_030 | 4.10883186599846 × 10^297 |
| 31 | ov_031 | 8.019203128823238 × 10^296 |
| 32 | lv_80_m31 | 1.5649758576238685 × 10^296 |
| 33 | ov_033 | 1.8654879079263495 × 10^297 |
| 34 | ov_034 | 1.6183832760869547 × 10^297 |
| 35 | ov_035 | 1.397268767109954 × 10^297 |
| 36 | ov_036 | 1.1998380321820597 × 10^297 |
| 37 | ov_037 | 1.0239080624020564 × 10^297 |
| 38 | ov_038 | 8.674104766259687 × 10^296 |
| 39 | ov_039 | 7.283840245049702 × 10^296 |
| 40 | ov_040 | 6.058739985951621 × 10^296 |
| 41 | ov_041 | 4.989745865490236 × 10^296 |
| 42 | ov_042 | 4.068263955134898 × 10^296 |
| 43 | ov_043 | 3.2861438943579744 × 10^296 |
| 44 | ov_044 | 2.6283508906473168 × 10^296 |
| 45 | ov_045 | 2.0806646195814323 × 10^296 |
| 46 | ov_046 | 1.6296594217087988 × 10^296 |
| 47 | ov_047 | 1.2626887901156 × 10^296 |
| 48 | ov_048 | 9.678734165897492 × 10^295 |
| 49 | ov_049 | 7.340921186889186 × 10^295 |
| 50 | ov_050 | 5.50975024272342 × 10^295 |
| 51 | ov_051 | 4.0889847302080114 × 10^295 |
| 52 | ov_052 | 2.989812316307079 × 10^295 |
| 53 | ov_053 | 2.1308174635552673 × 10^295 |
| 54 | ov_054 | 1.4731387440595545 × 10^295 |
| 55 | ov_055 | 9.815995712629058 × 10^294 |
| 56 | ov_056 | 6.24703067966041 × 10^294 |
| 57 | ov_057 | 3.746288939684384 × 10^294 |
| 58 | ov_058 | 2.0723141932599154 × 10^294 |
| 59 | ov_059 | 1.0203876395036582 × 10^294 |
| 60 | ov_060 | 4.225235668064932 × 10^293 |
| 61 | ov_061 | 1.474677448107321 × 10^293 |
| 62 | ov_062 | 4.0418174722748657 × 10^292 |
| 63 | ov_063 | 7.870177566582257 × 10^291 |
| 64 | lv_79_m31 | 1.5320878271733794 × 10^291 |
| 65 | ov_065 | 1.806369288401327 × 10^292 |
| 66 | ov_066 | 1.8063636013866163 × 10^292 |
| 67 | ov_067 | 1.8063622309649 × 10^292 |
| 68 | ov_068 | 1.557698628577156 × 10^292 |
| 69 | ov_069 | 1.3358911278886278 × 10^292 |
| 70 | ov_070 | 1.1388751856525174 × 10^292 |
| 71 | ov_071 | 9.646925599438212 × 10^291 |
| 72 | ov_072 | 8.114837771984963 × 10^291 |
| 73 | ov_073 | 6.774817615485002 × 10^291 |
| 74 | ov_074 | 5.6100650400511265 × 10^291 |
| 75 | ov_075 | 4.604606554293016 × 10^291 |
| 76 | ov_076 | 3.7432593338555505 × 10^291 |
| 77 | ov_077 | 3.0116023894786584 × 10^291 |
| 78 | ov_078 | 2.3959538535069336 × 10^291 |
| 79 | ov_079 | 1.8833534608523828 × 10^291 |
| 80 | ov_080 | 1.4615493565844388 × 10^291 |
| 81 | ov_081 | 1.118988417800491 × 10^291 |
| 82 | ov_082 | 8.448093323853139 × 10^290 |
| 83 | ov_083 | 6.288377318283936 × 10^290 |
| 84 | ov_084 | 4.615827295341058 × 10^290 |
| 85 | ov_085 | 3.3423432760073535 × 10^290 |
| 86 | ov_086 | 2.386613747029773 × 10^290 |
| 87 | ov_087 | 1.6740995713650145 × 10^290 |
| 88 | ov_088 | 1.1370216933581504 × 10^290 |
| 89 | ov_089 | 7.431792890743749 × 10^289 |
| 90 | ov_090 | 4.637451714622481 × 10^289 |
| 91 | ov_091 | 2.7326324614770493 × 10^289 |
| 92 | ov_092 | 1.4964692573430457 × 10^289 |
| 93 | ov_093 | 7.417823896876428 × 10^288 |
| 94 | ov_094 | 3.1507393324741694 × 10^288 |
| 95 | aaa_78_28 | 9.652596560307689 × 10^287 |
| 96 | aaa_78_29 | 2.9275796860945794 × 10^287 |
| 97 | ov_097 | 1.5622445139829427 × 10^287 |
| 98 | ov_098 | 1.5622357347480719 × 10^287 |
| 99 | ov_099 | 1.5622329355397437 × 10^287 |
| 100 | ov_100 | 1.3309691301019593 × 10^287 |
| 101 | ov_101 | 1.1263963304987972 × 10^287 |
| 102 | ov_102 | 9.463473975894872 × 10^286 |
| 103 | ov_103 | 7.887724415311777 × 10^286 |
| 104 | ov_104 | 6.517302698634992 × 10^286 |
| 105 | ov_105 | 5.333809970798712 × 10^286 |
| 106 | ov_106 | 4.3197970540161115 × 10^286 |
| 107 | ov_107 | 3.458710520229781 × 10^286 |
| 108 | ov_108 | 2.734847234706302 × 10^286 |
| 109 | ov_109 | 2.1333164295905816 × 10^286 |
| 110 | ov_110 | 1.6400084175752753 × 10^286 |
| 111 | ov_111 | 1.2415691064158086 × 10^286 |
| 112 | ov_112 | 9.253795250558778 × 10^285 |
| 113 | ov_113 | 6.795396217963843 × 10^285 |
| 114 | ov_114 | 4.928556443720968 × 10^285 |
| 115 | ov_115 | 3.5483046108368185 × 10^285 |
| 116 | ov_116 | 2.5565623132270715 × 10^285 |
| 117 | ov_117 | 1.8620888295429433 × 10^285 |
| 118 | ov_118 | 1.3804395558837754 × 10^285 |
| 119 | ov_119 | 1.0339351666154484 × 10^285 |
| 120 | ov_120 | 7.516394038266392 × 10^284 |
| 121 | ov_121 | 5.268349074852557 × 10^284 |
| 122 | ov_122 | 3.5281078843945124 × 10^284 |
| 123 | ov_123 | 2.2285994729301735 × 10^284 |
| 124 | ov_124 | 1.3027726769823844 × 10^284 |
| 125 | ov_125 | 6.835849842978791 × 10^283 |
| 126 | ov_126 | 3.0399683890935096 × 10^283 |
| 127 | aaa_77_28 | 9.696945836315923 × 10^282 |
| 128 | aaa_77_29 | 3.629556054021458 × 10^282 |
| 129 | ov_129 | 3.306582333225478 × 10^282 |
| 130 | ov_130 | 3.306571861641961 × 10^282 |
| 131 | ov_131 | 3.3065693354994426 × 10^282 |
| 132 | ov_132 | 2.8529908942226284 × 10^282 |
| 133 | ov_133 | 2.4482684811177085 × 10^282 |
| 134 | ov_134 | 2.088646531532993 × 10^282 |
| 135 | ov_135 | 1.7705647101322745 × 10^282 |
| 136 | ov_136 | 1.4906438772970507 × 10^282 |
| 137 | ov_137 | 1.2456741620230023 × 10^282 |
| 138 | ov_138 | 1.0326049282971968 × 10^282 |
| 139 | ov_139 | 8.485364325276793 × 10^281 |
| 140 | ov_140 | 6.907129799378073 × 10^281 |
| 141 | ov_141 | 5.565173979994884 × 10^281 |
| 142 | ov_142 | 4.434666550149759 × 10^281 |
| 143 | ov_143 | 3.492084619064757 × 10^281 |
| 144 | ov_144 | 2.71518705165797 × 10^281 |
| 145 | ov_145 | 2.082995687719892 × 10^281 |
| 146 | ov_146 | 1.5757821271495824 × 10^281 |
| 147 | ov_147 | 1.1750588557412152 × 10^281 |
| 148 | ov_148 | 8.635735839750428 × 10^280 |
| 149 | ov_149 | 6.253057691160993 × 10^280 |
| 150 | ov_150 | 4.454644347215328 × 10^280 |
| 151 | ov_151 | 3.104866712923388 × 10^280 |
| 152 | ov_152 | 2.0803652685843227 × 10^280 |
| 153 | ov_153 | 1.322526461079947 × 10^280 |
| 154 | ov_154 | 7.788657557405192 × 10^279 |
| 155 | ov_155 | 4.0302533523004234 × 10^279 |
| 156 | aaa_76_25 | 1.5477275612531893 × 10^279 |
| 157 | aaa_76_26 | 8.927676108240898 × 10^278 |
| 158 | aaa_76_27 | 4.5640638209553774 × 10^278 |
| 159 | aaa_76_28 | 1.77404662087995 × 10^278 |
| 160 | aaa_76_29 | 5.385920045104176 × 10^277 |

### Output Bits Sorted by Complexity

| Rank | Output Bit | Complexity |
|:----:|:----------:|:----------:|
| 160 | aaa_76_29 | 5.385920045104176 × 10^277 |
| 159 | aaa_76_28 | 1.77404662087995 × 10^278 |
| 158 | aaa_76_27 | 4.5640638209553774 × 10^278 |
| 157 | aaa_76_26 | 8.927676108240898 × 10^278 |
| 156 | aaa_76_25 | 1.5477275612531893 × 10^279 |
| 155 | ov_155 | 4.0302533523004234 × 10^279 |
| 154 | ov_154 | 7.788657557405192 × 10^279 |
| 153 | ov_153 | 1.322526461079947 × 10^280 |
| 152 | ov_152 | 2.0803652685843227 × 10^280 |
| 151 | ov_151 | 3.104866712923388 × 10^280 |
| 150 | ov_150 | 4.454644347215328 × 10^280 |
| 149 | ov_149 | 6.253057691160993 × 10^280 |
| 148 | ov_148 | 8.635735839750428 × 10^280 |
| 147 | ov_147 | 1.1750588557412152 × 10^281 |
| 146 | ov_146 | 1.5757821271495824 × 10^281 |
| 145 | ov_145 | 2.082995687719892 × 10^281 |
| 144 | ov_144 | 2.71518705165797 × 10^281 |
| 143 | ov_143 | 3.492084619064757 × 10^281 |
| 142 | ov_142 | 4.434666550149759 × 10^281 |
| 141 | ov_141 | 5.565173979994884 × 10^281 |
| 140 | ov_140 | 6.907129799378073 × 10^281 |
| 139 | ov_139 | 8.485364325276793 × 10^281 |
| 138 | ov_138 | 1.0326049282971968 × 10^282 |
| 137 | ov_137 | 1.2456741620230023 × 10^282 |
| 136 | ov_136 | 1.4906438772970507 × 10^282 |
| 135 | ov_135 | 1.7705647101322745 × 10^282 |
| 134 | ov_134 | 2.088646531532993 × 10^282 |
| 133 | ov_133 | 2.4482684811177085 × 10^282 |
| 132 | ov_132 | 2.8529908942226284 × 10^282 |
| 131 | ov_131 | 3.3065693354994426 × 10^282 |
| 130 | ov_130 | 3.306571861641961 × 10^282 |
| 129 | ov_129 | 3.306582333225478 × 10^282 |
| 128 | aaa_77_29 | 3.629556054021458 × 10^282 |
| 127 | aaa_77_28 | 9.696945836315923 × 10^282 |
| 126 | ov_126 | 3.0399683890935096 × 10^283 |
| 125 | ov_125 | 6.835849842978791 × 10^283 |
| 124 | ov_124 | 1.3027726769823844 × 10^284 |
| 123 | ov_123 | 2.2285994729301735 × 10^284 |
| 122 | ov_122 | 3.5281078843945124 × 10^284 |
| 121 | ov_121 | 5.268349074852557 × 10^284 |
| 120 | ov_120 | 7.516394038266392 × 10^284 |
| 119 | ov_119 | 1.0339351666154484 × 10^285 |
| 118 | ov_118 | 1.3804395558837754 × 10^285 |
| 117 | ov_117 | 1.8620888295429433 × 10^285 |
| 116 | ov_116 | 2.5565623132270715 × 10^285 |
| 115 | ov_115 | 3.5483046108368185 × 10^285 |
| 114 | ov_114 | 4.928556443720968 × 10^285 |
| 113 | ov_113 | 6.795396217963843 × 10^285 |
| 112 | ov_112 | 9.253795250558778 × 10^285 |
| 111 | ov_111 | 1.2415691064158086 × 10^286 |
| 110 | ov_110 | 1.6400084175752753 × 10^286 |
| 109 | ov_109 | 2.1333164295905816 × 10^286 |
| 108 | ov_108 | 2.734847234706302 × 10^286 |
| 107 | ov_107 | 3.458710520229781 × 10^286 |
| 106 | ov_106 | 4.3197970540161115 × 10^286 |
| 105 | ov_105 | 5.333809970798712 × 10^286 |
| 104 | ov_104 | 6.517302698634992 × 10^286 |
| 103 | ov_103 | 7.887724415311777 × 10^286 |
| 102 | ov_102 | 9.463473975894872 × 10^286 |
| 101 | ov_101 | 1.1263963304987972 × 10^287 |
| 100 | ov_100 | 1.3309691301019593 × 10^287 |
| 99 | ov_099 | 1.5622329355397437 × 10^287 |
| 98 | ov_098 | 1.5622357347480719 × 10^287 |
| 97 | ov_097 | 1.5622445139829427 × 10^287 |
| 96 | aaa_78_29 | 2.9275796860945794 × 10^287 |
| 95 | aaa_78_28 | 9.652596560307689 × 10^287 |
| 94 | ov_094 | 3.1507393324741694 × 10^288 |
| 93 | ov_093 | 7.417823896876428 × 10^288 |
| 92 | ov_092 | 1.4964692573430457 × 10^289 |
| 91 | ov_091 | 2.7326324614770493 × 10^289 |
| 90 | ov_090 | 4.637451714622481 × 10^289 |
| 89 | ov_089 | 7.431792890743749 × 10^289 |
| 88 | ov_088 | 1.1370216933581504 × 10^290 |
| 87 | ov_087 | 1.6740995713650145 × 10^290 |
| 86 | ov_086 | 2.386613747029773 × 10^290 |
| 85 | ov_085 | 3.3423432760073535 × 10^290 |
| 84 | ov_084 | 4.615827295341058 × 10^290 |
| 83 | ov_083 | 6.288377318283936 × 10^290 |
| 82 | ov_082 | 8.448093323853139 × 10^290 |
| 81 | ov_081 | 1.118988417800491 × 10^291 |
| 80 | ov_080 | 1.4615493565844388 × 10^291 |
| 64 | lv_79_m31 | 1.5320878271733794 × 10^291 |
| 79 | ov_079 | 1.8833534608523828 × 10^291 |
| 78 | ov_078 | 2.3959538535069336 × 10^291 |
| 77 | ov_077 | 3.0116023894786584 × 10^291 |
| 76 | ov_076 | 3.7432593338555505 × 10^291 |
| 75 | ov_075 | 4.604606554293016 × 10^291 |
| 74 | ov_074 | 5.6100650400511265 × 10^291 |
| 73 | ov_073 | 6.774817615485002 × 10^291 |
| 63 | ov_063 | 7.870177566582257 × 10^291 |
| 72 | ov_072 | 8.114837771984963 × 10^291 |
| 71 | ov_071 | 9.646925599438212 × 10^291 |
| 70 | ov_070 | 1.1388751856525174 × 10^292 |
| 69 | ov_069 | 1.3358911278886278 × 10^292 |
| 68 | ov_068 | 1.557698628577156 × 10^292 |
| 67 | ov_067 | 1.8063622309649 × 10^292 |
| 66 | ov_066 | 1.8063636013866163 × 10^292 |
| 65 | ov_065 | 1.806369288401327 × 10^292 |
| 62 | ov_062 | 4.0418174722748657 × 10^292 |
| 61 | ov_061 | 1.474677448107321 × 10^293 |
| 60 | ov_060 | 4.225235668064932 × 10^293 |
| 59 | ov_059 | 1.0203876395036582 × 10^294 |
| 58 | ov_058 | 2.0723141932599154 × 10^294 |
| 57 | ov_057 | 3.746288939684384 × 10^294 |
| 56 | ov_056 | 6.24703067966041 × 10^294 |
| 55 | ov_055 | 9.815995712629058 × 10^294 |
| 54 | ov_054 | 1.4731387440595545 × 10^295 |
| 53 | ov_053 | 2.1308174635552673 × 10^295 |
| 52 | ov_052 | 2.989812316307079 × 10^295 |
| 51 | ov_051 | 4.0889847302080114 × 10^295 |
| 50 | ov_050 | 5.50975024272342 × 10^295 |
| 49 | ov_049 | 7.340921186889186 × 10^295 |
| 48 | ov_048 | 9.678734165897492 × 10^295 |
| 47 | ov_047 | 1.2626887901156 × 10^296 |
| 32 | lv_80_m31 | 1.5649758576238685 × 10^296 |
| 46 | ov_046 | 1.6296594217087988 × 10^296 |
| 45 | ov_045 | 2.0806646195814323 × 10^296 |
| 44 | ov_044 | 2.6283508906473168 × 10^296 |
| 43 | ov_043 | 3.2861438943579744 × 10^296 |
| 42 | ov_042 | 4.068263955134898 × 10^296 |
| 41 | ov_041 | 4.989745865490236 × 10^296 |
| 40 | ov_040 | 6.058739985951621 × 10^296 |
| 39 | ov_039 | 7.283840245049702 × 10^296 |
| 31 | ov_031 | 8.019203128823238 × 10^296 |
| 38 | ov_038 | 8.674104766259687 × 10^296 |
| 37 | ov_037 | 1.0239080624020564 × 10^297 |
| 36 | ov_036 | 1.1998380321820597 × 10^297 |
| 35 | ov_035 | 1.397268767109954 × 10^297 |
| 34 | ov_034 | 1.6183832760869547 × 10^297 |
| 33 | ov_033 | 1.8654879079263495 × 10^297 |
| 30 | ov_030 | 4.10883186599846 × 10^297 |
| 29 | ov_029 | 1.34344949693307 × 10^298 |
| 28 | ov_028 | 3.4853058502426757 × 10^298 |
| 27 | ov_027 | 7.787088281487914 × 10^298 |
| 26 | ov_026 | 1.556736537786608 × 10^299 |
| 25 | ov_025 | 2.851264295761128 × 10^299 |
| 24 | ov_024 | 4.867738192349171 × 10^299 |
| 23 | ov_023 | 7.848405044094585 × 10^299 |
| 22 | ov_022 | 1.2072324945204315 × 10^300 |
| 21 | ov_021 | 1.8134456590464776 × 10^300 |
| 20 | ov_020 | 2.6703479446507215 × 10^300 |
| 19 | ov_019 | 3.8521906520003245 × 10^300 |
| 18 | ov_018 | 5.4406255814890674 × 10^300 |
| 17 | ov_017 | 7.524729832631421 × 10^300 |
| 16 | ov_016 | 1.0201040335857131 × 10^301 |
| 15 | ov_015 | 1.357360048951278 × 10^301 |
| 14 | ov_014 | 1.7754021569165096 × 10^301 |
| 13 | ov_013 | 2.286156225954931 × 10^301 |
| 12 | ov_012 | 2.902323115744483 × 10^301 |
| 11 | ov_011 | 3.63739187033843 × 10^301 |
| 10 | ov_010 | 4.5056565944902096 × 10^301 |
| 9 | ov_009 | 5.522237812972421 × 10^301 |
| 8 | ov_008 | 6.703109172661959 × 10^301 |
| 7 | ov_007 | 8.065130407581034 × 10^301 |
| 6 | ov_006 | 9.626087548148806 × 10^301 |
| 5 | ov_005 | 1.1404741417817403 × 10^302 |
| 4 | ov_004 | 1.3420885523297986 × 10^302 |
| 3 | ov_003 | 1.5695414431804316 × 10^302 |
| 2 | ov_002 | 1.8250403559025518 × 10^302 |
| 1 | ov_001 | 2.1109201111101094 × 10^302 |

