# Results for F001-F002-F003-F004-F005-F006-F007-F008-F009-F010-F011-F012-F013-F014-F015-F016-F017-F018-F019-F020-F021-F022-F023-F024-F025-F026-F027-F028-F029-F030-F031-F032-F033-F034-F035-F036-F037-F038-F039-F040-F041-F042-F043-F044-F045-F046-F047-F048-F049-F050-F051-F052-F053-F054-F055-F056-F057-F058-F059-F060-F061-F062-F063-F064-F065-F066-F067-F068-F069-F070-F071-F072-F073-F074-F075-F076-F077-F078-F079-F080-F081-F082-F083-F084-F085-F086-F087-F088-F089-F090-F091-F092-F093-F094-F095-F096-F097-F098-F099-F100-F101-F102-F103-F104-F105-F106-F107-F108-F109-F110-F111-F112-F113-F114-F115-F116-F117-F118-F119-F120-F121-F122-F123-F124-F125-F126-F127-F128-F129-F130-F131-F132-F133-F134-F135-F136-F137-F138-F139-F140-F141-F142-F143-F144-F145-F146-F147-F148-F149-F150-F151-F152-F153-F154-F155-F156-F157-F158-F159-F160-F161-F162-F163-F164-F165-F166-F167-F168-F169-F170-F171-F172-F173-F174-F175-F176-F177-F178-F179-F180-F181-F182-F183-F184-F185-F186-F187-F188-F189-F190-F191-F192-F193-F194-F195-F196-F197-F198-F199-F200-F201-F202-F203-F204-F205-F206-F207-F208-F209-F210-F211-F212-F213-F214-F215-F216-F217-F218-F219-F220-F221-F222-F223-F224-F225-F226-F227-F228-F229-F230-F231-F232-F233-F234-F235-F236-F237-F238-F239-F240-F241-F242-F243-F244-F245-F246-F247-F248-F249-F250-F251-F252-F253-F254-F255-F256-F257-F258-F259-F260-F261-F262-F263-F264-F265-F266-F267-F268-F269-F270-F271-F272-F273-F274-F275-F276-F277-F278-F279-F280-F281-F282-F283-F284-F285-F286-F287-F288-F289-F290-F291-F292-F293-F294-F295-F296-F297-F298-F299-F300-F301-F302-F303-F304-F305-F306-F307-F308-F309-F310-F311-F312-F313-F314-F315-F316-F317-F318-F319-F320-F321-F322-F323-F324-F325-F326-F327-F328-F329-F330-F331-F332-F333-F334-F335-F336-F337-F338-F339-F340-F341-F342-F343-F344-F345-F346-F347-F348-F349-F350-F351-F352-F353-F354-F355-F356-F357-F358-F359-F360-F361-F362-F363-F364-F365-F366-F367-F368-F369-F370-F371-F372-F373-F374-F375-F376-F377-F378-F379-F380-F381-F382-F383-F384-F385-F386-F387-F388-F389-F390-F391-F392-F393-F394-F395-F396-F397-F398-F399-F400-F401-F402-F403-F404-F405-F406-F407-F408-F409-F410-F411-F412-F413-F414-F415-F416-F417-F418-F419-F420-F421-F422-F423-F424-F425-F426-F427-F428-F429-F430-F431-F432-F433-F434-F435-F436-F437-F438-F439-F440-F441-F442-F443-F444-F445-F446-F447-F448-F449-F450-F451-F452-F453-F454-F455-F456-F457-F458-F459-F460-F461-F462-F463-F464-F465-F466-F467-F468-F469-F470-F471-F472-F473-F474-F475-F476-F477-F478-F479-F480-F481-F482-F483-F484-F485-F486-F487-F488-F489-F490-F491-F492-F493-F494-F495-F496-F500-T505-F509-F510-F511-F512

## Summary

Number of input bits: 512  
Number of free input bits: 10  
Number of output bits: 160

Number of direct occurrences: 40798  
Number of assignments: 31170  
Number of operations: 11414183
(xor: 11385608,
and: 15304,
or: 13271)

Total complexity: 8.341811592253119 × 10^302

Least occurring input variable: iv_499 (3905)  
Most occurring input variable: iv_508 (4271)

Most co-occurring input variables: iv_497-iv_507 (2102)  
Least co-occurring input variables: iv_498-iv_499 (1724)

Potentially most occurring input variable: iv_497/iv_508 (4567)  
Potentially least occurring input variable: iv_497/iv_507 (4177)

Least output occurring input variable: iv_499 (72)  
Most output occurring input variable: iv_497 (88)

Most output co-occurring input variables: iv_497-iv_501 (48)  
Least output co-occurring input variables: iv_499-iv_507 (30)

Potentially most output occurring input variable: iv_502/iv_508 (94)  
Potentially least output occurring input variable: iv_503/iv_504 (67)

Least complex input bit: iv_497 (4.0197853184690445 × 10^300)  
Most complex input bit: iv_508 (1.8803524918275278 × 10^302)

Least complex output bit: aaa_76_29 (3.9401644405087027 × 10^277)  
Most complex output bit: ov_001 (1.3344709401096173 × 10^302)

Least complex input/output complexity: iv_497/aaa_76_29 (1.8987020978776037 × 10^275)  
Most complex input/output complexity: iv_508/ov_001 (3.008070524916747 × 10^301)

## Input Bits

### Input Bits in Regular Order

| Input Bit | Complexity | Occurrences | Output Occurrences |
|:---------:|:----------:|:-----------:|:------------------:|
| iv_497 | 4.0197853184690445 × 10^300 | 4154 | 88 |
| iv_498 | 7.991008685558394 × 10^300 | 3927 | 75 |
| iv_499 | 1.398729508831352 × 10^301 | 3905 | 72 |
| iv_501 | 3.809660954696733 × 10^301 | 4081 | 85 |
| iv_502 | 6.098581989141858 × 10^301 | 3922 | 79 |
| iv_503 | 9.619792205823419 × 10^301 | 4088 | 77 |
| iv_504 | 1.4897460096379227 × 10^302 | 4194 | 74 |
| iv_506 | 1.1359820140616369 × 10^302 | 4029 | 73 |
| iv_507 | 1.6229466708364105 × 10^302 | 4227 | 73 |
| iv_508 | 1.8803524918275278 × 10^302 | 4271 | 85 |

### Input Bits Sorted by Complexity

| Input Bit | Complexity | Occurrences | Output Occurrences |
|:---------:|:----------:|:-----------:|:------------------:|
| iv_497 | 4.0197853184690445 × 10^300 | 4154 | 88 |
| iv_498 | 7.991008685558394 × 10^300 | 3927 | 75 |
| iv_499 | 1.398729508831352 × 10^301 | 3905 | 72 |
| iv_501 | 3.809660954696733 × 10^301 | 4081 | 85 |
| iv_502 | 6.098581989141858 × 10^301 | 3922 | 79 |
| iv_503 | 9.619792205823419 × 10^301 | 4088 | 77 |
| iv_506 | 1.1359820140616369 × 10^302 | 4029 | 73 |
| iv_504 | 1.4897460096379227 × 10^302 | 4194 | 74 |
| iv_507 | 1.6229466708364105 × 10^302 | 4227 | 73 |
| iv_508 | 1.8803524918275278 × 10^302 | 4271 | 85 |

### Input Bits Sorted by Occurrences

| Input Bit | Complexity | Occurrences | Output Occurrences |
|:---------:|:----------:|:-----------:|:------------------:|
| iv_499 | 1.398729508831352 × 10^301 | 3905 | 72 |
| iv_502 | 6.098581989141858 × 10^301 | 3922 | 79 |
| iv_498 | 7.991008685558394 × 10^300 | 3927 | 75 |
| iv_506 | 1.1359820140616369 × 10^302 | 4029 | 73 |
| iv_501 | 3.809660954696733 × 10^301 | 4081 | 85 |
| iv_503 | 9.619792205823419 × 10^301 | 4088 | 77 |
| iv_497 | 4.0197853184690445 × 10^300 | 4154 | 88 |
| iv_504 | 1.4897460096379227 × 10^302 | 4194 | 74 |
| iv_507 | 1.6229466708364105 × 10^302 | 4227 | 73 |
| iv_508 | 1.8803524918275278 × 10^302 | 4271 | 85 |

### Input Bits Sorted by Output Occurrences

| Input Bit | Complexity | Occurrences | Output Occurrences |
|:---------:|:----------:|:-----------:|:------------------:|
| iv_499 | 1.398729508831352 × 10^301 | 3905 | 72 |
| iv_507 | 1.6229466708364105 × 10^302 | 4227 | 73 |
| iv_506 | 1.1359820140616369 × 10^302 | 4029 | 73 |
| iv_504 | 1.4897460096379227 × 10^302 | 4194 | 74 |
| iv_498 | 7.991008685558394 × 10^300 | 3927 | 75 |
| iv_503 | 9.619792205823419 × 10^301 | 4088 | 77 |
| iv_502 | 6.098581989141858 × 10^301 | 3922 | 79 |
| iv_508 | 1.8803524918275278 × 10^302 | 4271 | 85 |
| iv_501 | 3.809660954696733 × 10^301 | 4081 | 85 |
| iv_497 | 4.0197853184690445 × 10^300 | 4154 | 88 |

## Input Bit Co-occurrences

### Input Bit Co-occurrences Sorted by Co-occurrences

| Input Bits | Co-occurrences | Potential Occurrences | Output Co-occurrences | Potential Output Occurrences |
|:----------:|:--------------:|:---------------------:|:---------------------:|:----------------------------:|
| iv_497-iv_507 | 2102 | 4177 | 44 | 73 |
| iv_504-iv_507 | 2033 | 4355 | 38 | 71 |
| iv_503-iv_504 | 2027 | 4228 | 42 | 67 |
| iv_504-iv_508 | 2027 | 4411 | 43 | 73 |
| iv_507-iv_508 | 2024 | 4450 | 37 | 84 |
| iv_506-iv_507 | 2024 | 4208 | 34 | 78 |
| iv_501-iv_504 | 2015 | 4245 | 43 | 73 |
| iv_503-iv_508 | 1997 | 4365 | 45 | 72 |
| iv_503-iv_507 | 1982 | 4351 | 32 | 86 |
| iv_497-iv_501 | 1966 | 4303 | 48 | 77 |

### Input Bit Co-occurrences Sorted by Potential Occurrences

| Input Bits | Co-occurrences | Potential Occurrences | Output Co-occurrences | Potential Output Occurrences |
|:----------:|:--------------:|:---------------------:|:---------------------:|:----------------------------:|
| iv_497-iv_507 | 2102 | 4177 | 44 | 73 |
| iv_506-iv_507 | 2024 | 4208 | 34 | 78 |
| iv_501-iv_502 | 1891 | 4221 | 44 | 76 |
| iv_503-iv_504 | 2027 | 4228 | 42 | 67 |
| iv_497-iv_502 | 1923 | 4230 | 47 | 73 |
| iv_498-iv_506 | 1862 | 4232 | 36 | 76 |
| iv_501-iv_504 | 2015 | 4245 | 43 | 73 |
| iv_501-iv_503 | 1958 | 4253 | 43 | 76 |
| iv_502-iv_506 | 1849 | 4253 | 30 | 92 |
| iv_501-iv_506 | 1915 | 4280 | 41 | 76 |

### Input Bit Output Co-occurrences Sorted by Output Co-occurrences

| Input Bits | Co-occurrences | Potential Occurrences | Output Co-occurrences | Potential Output Occurrences |
|:----------:|:--------------:|:---------------------:|:---------------------:|:----------------------------:|
| iv_497-iv_501 | 1966 | 4303 | 48 | 77 |
| iv_497-iv_502 | 1923 | 4230 | 47 | 73 |
| iv_503-iv_508 | 1997 | 4365 | 45 | 72 |
| iv_497-iv_507 | 2102 | 4177 | 44 | 73 |
| iv_499-iv_501 | 1838 | 4310 | 44 | 69 |
| iv_501-iv_502 | 1891 | 4221 | 44 | 76 |
| iv_497-iv_508 | 1929 | 4567 | 43 | 87 |
| iv_501-iv_503 | 1958 | 4253 | 43 | 76 |
| iv_501-iv_504 | 2015 | 4245 | 43 | 73 |
| iv_501-iv_508 | 1944 | 4464 | 43 | 84 |

### Input Bit Output Co-occurrences Sorted by Potential Output Occurrences

| Input Bits | Co-occurrences | Potential Occurrences | Output Co-occurrences | Potential Output Occurrences |
|:----------:|:--------------:|:---------------------:|:---------------------:|:----------------------------:|
| iv_503-iv_504 | 2027 | 4228 | 42 | 67 |
| iv_499-iv_501 | 1838 | 4310 | 44 | 69 |
| iv_502-iv_504 | 1877 | 4362 | 41 | 71 |
| iv_504-iv_507 | 2033 | 4355 | 38 | 71 |
| iv_498-iv_504 | 1900 | 4321 | 39 | 71 |
| iv_504-iv_506 | 1960 | 4303 | 38 | 71 |
| iv_498-iv_507 | 1899 | 4356 | 38 | 72 |
| iv_506-iv_508 | 1917 | 4466 | 43 | 72 |
| iv_503-iv_508 | 1997 | 4365 | 45 | 72 |
| iv_497-iv_507 | 2102 | 4177 | 44 | 73 |

## Output Bits

### Output Bits in Regular Order

| Rank | Output Bit | Complexity |
|:----:|:----------:|:----------:|
| 1 | ov_001 | 1.3344709401096173 × 10^302 |
| 2 | ov_002 | 1.1572425121422835 × 10^302 |
| 3 | ov_003 | 9.98490166792557 × 10^301 |
| 4 | ov_004 | 8.568118776615529 × 10^301 |
| 5 | ov_005 | 7.308822382254941 × 10^301 |
| 6 | ov_006 | 6.194470293501364 × 10^301 |
| 7 | ov_007 | 5.213184872480124 × 10^301 |
| 8 | ov_008 | 4.353712231914006 × 10^301 |
| 9 | ov_009 | 3.605387407714447 × 10^301 |
| 10 | ov_010 | 2.958104865517149 × 10^301 |
| 11 | ov_011 | 2.4022937282224505 × 10^301 |
| 12 | ov_012 | 1.9288972205594 × 10^301 |
| 13 | ov_013 | 1.5293558630492108 × 10^301 |
| 14 | ov_014 | 1.195593911661716 × 10^301 |
| 15 | ov_015 | 9.200085389226988 × 10^300 |
| 16 | ov_016 | 6.954613123109648 × 10^300 |
| 17 | ov_017 | 5.1527161061489303 × 10^300 |
| 18 | ov_018 | 3.732116536717934 × 10^300 |
| 19 | ov_019 | 2.635028056353794 × 10^300 |
| 20 | ov_020 | 1.8081283785494895 × 10^300 |
| 21 | ov_021 | 1.2025391879922382 × 10^300 |
| 22 | ov_022 | 7.7381173313309 × 10^299 |
| 23 | ov_023 | 4.819168922216129 × 10^299 |
| 24 | ov_024 | 2.9123866531613485 × 10^299 |
| 25 | ov_025 | 1.705702171241103 × 10^299 |
| 26 | ov_026 | 9.311173240758675 × 10^298 |
| 27 | ov_027 | 4.656488228625665 × 10^298 |
| 28 | ov_028 | 2.0834210574835384 × 10^298 |
| 29 | ov_029 | 8.027039853149134 × 10^297 |
| 30 | ov_030 | 2.4534466959616187 × 10^297 |
| 31 | ov_031 | 4.7834285121062335 × 10^296 |
| 32 | lv_80_m31 | 9.322426719595397 × 10^295 |
| 33 | ov_033 | 1.1202343260148819 × 10^297 |
| 34 | ov_034 | 9.723210662347482 × 10^296 |
| 35 | ov_035 | 8.398975235130529 × 10^296 |
| 36 | ov_036 | 7.2160536220944495 × 10^296 |
| 37 | ov_037 | 6.161595798084038 × 10^296 |
| 38 | ov_038 | 5.229353126056476 × 10^296 |
| 39 | ov_039 | 4.407793395807134 × 10^296 |
| 40 | ov_040 | 3.6859823061657816 × 10^296 |
| 41 | ov_041 | 3.053550672657702 × 10^296 |
| 42 | ov_042 | 2.505451423100825 × 10^296 |
| 43 | ov_043 | 2.0368999167363017 × 10^296 |
| 44 | ov_044 | 1.639074233917659 × 10^296 |
| 45 | ov_045 | 1.3036323641968182 × 10^296 |
| 46 | ov_046 | 1.0226997992705147 × 10^296 |
| 47 | ov_047 | 7.92454787299581 × 10^295 |
| 48 | ov_048 | 6.059307138581102 × 10^295 |
| 49 | ov_049 | 4.566054186500479 × 10^295 |
| 50 | ov_050 | 3.3839697465667855 × 10^295 |
| 51 | ov_051 | 2.4566064344604304 × 10^295 |
| 52 | ov_052 | 1.7568303642429533 × 10^295 |
| 53 | ov_053 | 1.236879697664355 × 10^295 |
| 54 | ov_054 | 8.533173530487818 × 10^294 |
| 55 | ov_055 | 5.6702399829291525 × 10^294 |
| 56 | ov_056 | 3.59518714050748 × 10^294 |
| 57 | ov_057 | 2.1447637838279144 × 10^294 |
| 58 | ov_058 | 1.17726698404293 × 10^294 |
| 59 | ov_059 | 5.725370615017944 × 10^293 |
| 60 | ov_060 | 2.319552948506479 × 10^293 |
| 61 | ov_061 | 7.844309394680594 × 10^292 |
| 62 | ov_062 | 2.1011504829390467 × 10^292 |
| 63 | ov_063 | 4.647011215212468 × 10^291 |
| 64 | lv_79_m31 | 9.05302246111705 × 10^290 |
| 65 | ov_065 | 1.0736318989201977 × 10^292 |
| 66 | ov_066 | 1.0736290302428717 × 10^292 |
| 67 | ov_067 | 1.0736283496999315 × 10^292 |
| 68 | ov_068 | 9.284800417414555 × 10^291 |
| 69 | ov_069 | 7.986427649580046 × 10^291 |
| 70 | ov_070 | 6.829769883640934 × 10^291 |
| 71 | ov_071 | 5.803967653693345 × 10^291 |
| 72 | ov_072 | 4.898665407296979 × 10^291 |
| 73 | ov_073 | 4.1039864751469124 × 10^291 |
| 74 | ov_074 | 3.410513713632031 × 10^291 |
| 75 | ov_075 | 2.8092746575555254 × 10^291 |
| 76 | ov_076 | 2.291730082401491 × 10^291 |
| 77 | ov_077 | 1.849764935647762 × 10^291 |
| 78 | ov_078 | 1.4756807601882954 × 10^291 |
| 79 | ov_079 | 1.162189098425535 × 10^291 |
| 80 | ov_080 | 9.024057094827257 × 10^290 |
| 81 | ov_081 | 6.898455445673495 × 10^290 |
| 82 | ov_082 | 5.184184259274213 × 10^290 |
| 83 | ov_083 | 3.824253751375359 × 10^290 |
| 84 | ov_084 | 2.7655553666135586 × 10^290 |
| 85 | ov_085 | 1.9588364278439966 × 10^290 |
| 86 | ov_086 | 1.3586796611161908 × 10^290 |
| 87 | ov_087 | 9.234870589022005 × 10^289 |
| 88 | ov_088 | 6.154675445903796 × 10^289 |
| 89 | ov_089 | 4.0062790149264928 × 10^289 |
| 90 | ov_090 | 2.4876642973551524 × 10^289 |
| 91 | ov_091 | 1.457295194215494 × 10^289 |
| 92 | ov_092 | 7.925644559141301 × 10^288 |
| 93 | ov_093 | 3.8978470831741856 × 10^288 |
| 94 | ov_094 | 1.6418403896098674 × 10^288 |
| 95 | aaa_78_28 | 4.9904193240278454 × 10^287 |
| 96 | aaa_78_29 | 1.4948919292049192 × 10^287 |
| 97 | ov_097 | 7.78564618789872 × 10^286 |
| 98 | ov_098 | 7.785557161321513 × 10^286 |
| 99 | ov_099 | 7.785528691702877 × 10^286 |
| 100 | ov_100 | 6.397384179060718 × 10^286 |
| 101 | ov_101 | 5.217686037798276 × 10^286 |
| 102 | ov_102 | 4.2246215712246822 × 10^286 |
| 103 | ov_103 | 3.397573066013776 × 10^286 |
| 104 | ov_104 | 2.7170301256730295 × 10^286 |
| 105 | ov_105 | 2.164513557452624 × 10^286 |
| 106 | ov_106 | 1.7225097496577563 × 10^286 |
| 107 | ov_107 | 1.37441453031359 × 10^286 |
| 108 | ov_108 | 1.104485550336052 × 10^286 |
| 109 | ov_109 | 8.978022851624957 × 10^285 |
| 110 | ov_110 | 7.40232798514895 × 10^285 |
| 111 | ov_111 | 6.184064608735227 × 10^285 |
| 112 | ov_112 | 5.196918635500084 × 10^285 |
| 113 | ov_113 | 4.3217921713862196 × 10^285 |
| 114 | ov_114 | 3.551712593780742 × 10^285 |
| 115 | ov_115 | 2.8797866858595765 × 10^285 |
| 116 | ov_116 | 2.299179496799691 × 10^285 |
| 117 | ov_117 | 1.803097946909982 × 10^285 |
| 118 | ov_118 | 1.3847787061689466 × 10^285 |
| 119 | ov_119 | 1.037479487957528 × 10^285 |
| 120 | ov_120 | 7.544725718781504 × 10^284 |
| 121 | ov_121 | 5.290398743028283 × 10^284 |
| 122 | ov_122 | 3.5446933112892075 × 10^284 |
| 123 | ov_123 | 2.2405235724849807 × 10^284 |
| 124 | ov_124 | 1.3108214724069062 × 10^284 |
| 125 | ov_125 | 6.885263893173815 × 10^283 |
| 126 | ov_126 | 3.0658005023781497 × 10^283 |
| 127 | aaa_77_28 | 9.792475410749752 × 10^282 |
| 128 | aaa_77_29 | 3.6728584041018057 × 10^282 |
| 129 | ov_129 | 3.370567505064925 × 10^282 |
| 130 | ov_130 | 3.3705598401799675 × 10^282 |
| 131 | ov_131 | 3.370557401416922 × 10^282 |
| 132 | ov_132 | 2.920849943924141 × 10^282 |
| 133 | ov_133 | 2.5176544083628133 × 10^282 |
| 134 | ov_134 | 2.157340119345973 × 10^282 |
| 135 | ov_135 | 1.8364667200709445 × 10^282 |
| 136 | ov_136 | 1.551770533686606 × 10^282 |
| 137 | ov_137 | 1.3016623186942148 × 10^282 |
| 138 | ov_138 | 1.0831986624681997 × 10^282 |
| 139 | ov_139 | 8.935831545872524 × 10^281 |
| 140 | ov_140 | 7.301596039635321 × 10^281 |
| 141 | ov_141 | 5.904065171523656 × 10^281 |
| 142 | ov_142 | 4.719326759642182 × 10^281 |
| 143 | ov_143 | 3.724736618934762 × 10^281 |
| 144 | ov_144 | 2.8988918420322144 × 10^281 |
| 145 | ov_145 | 2.2216107778473102 × 10^281 |
| 146 | ov_146 | 1.6739184616071242 × 10^281 |
| 147 | ov_147 | 1.2380363423189918 × 10^281 |
| 148 | ov_148 | 8.973753006912016 × 10^280 |
| 149 | ov_149 | 6.365311523081344 × 10^280 |
| 150 | ov_150 | 4.412819228387489 × 10^280 |
| 151 | ov_151 | 2.9858620189251915 × 10^280 |
| 152 | ov_152 | 1.9658205821141331 × 10^280 |
| 153 | ov_153 | 1.245862706209673 × 10^280 |
| 154 | ov_154 | 7.309379118059718 × 10^279 |
| 155 | ov_155 | 3.764658372852523 × 10^279 |
| 156 | aaa_76_25 | 1.437546208901531 × 10^279 |
| 157 | aaa_76_26 | 8.171491079312328 × 10^278 |
| 158 | aaa_76_27 | 4.070493255504936 × 10^278 |
| 159 | aaa_76_28 | 1.4837565483844775 × 10^278 |
| 160 | aaa_76_29 | 3.9401644405087027 × 10^277 |

### Output Bits Sorted by Complexity

| Rank | Output Bit | Complexity |
|:----:|:----------:|:----------:|
| 160 | aaa_76_29 | 3.9401644405087027 × 10^277 |
| 159 | aaa_76_28 | 1.4837565483844775 × 10^278 |
| 158 | aaa_76_27 | 4.070493255504936 × 10^278 |
| 157 | aaa_76_26 | 8.171491079312328 × 10^278 |
| 156 | aaa_76_25 | 1.437546208901531 × 10^279 |
| 155 | ov_155 | 3.764658372852523 × 10^279 |
| 154 | ov_154 | 7.309379118059718 × 10^279 |
| 153 | ov_153 | 1.245862706209673 × 10^280 |
| 152 | ov_152 | 1.9658205821141331 × 10^280 |
| 151 | ov_151 | 2.9858620189251915 × 10^280 |
| 150 | ov_150 | 4.412819228387489 × 10^280 |
| 149 | ov_149 | 6.365311523081344 × 10^280 |
| 148 | ov_148 | 8.973753006912016 × 10^280 |
| 147 | ov_147 | 1.2380363423189918 × 10^281 |
| 146 | ov_146 | 1.6739184616071242 × 10^281 |
| 145 | ov_145 | 2.2216107778473102 × 10^281 |
| 144 | ov_144 | 2.8988918420322144 × 10^281 |
| 143 | ov_143 | 3.724736618934762 × 10^281 |
| 142 | ov_142 | 4.719326759642182 × 10^281 |
| 141 | ov_141 | 5.904065171523656 × 10^281 |
| 140 | ov_140 | 7.301596039635321 × 10^281 |
| 139 | ov_139 | 8.935831545872524 × 10^281 |
| 138 | ov_138 | 1.0831986624681997 × 10^282 |
| 137 | ov_137 | 1.3016623186942148 × 10^282 |
| 136 | ov_136 | 1.551770533686606 × 10^282 |
| 135 | ov_135 | 1.8364667200709445 × 10^282 |
| 134 | ov_134 | 2.157340119345973 × 10^282 |
| 133 | ov_133 | 2.5176544083628133 × 10^282 |
| 132 | ov_132 | 2.920849943924141 × 10^282 |
| 131 | ov_131 | 3.370557401416922 × 10^282 |
| 130 | ov_130 | 3.3705598401799675 × 10^282 |
| 129 | ov_129 | 3.370567505064925 × 10^282 |
| 128 | aaa_77_29 | 3.6728584041018057 × 10^282 |
| 127 | aaa_77_28 | 9.792475410749752 × 10^282 |
| 126 | ov_126 | 3.0658005023781497 × 10^283 |
| 125 | ov_125 | 6.885263893173815 × 10^283 |
| 124 | ov_124 | 1.3108214724069062 × 10^284 |
| 123 | ov_123 | 2.2405235724849807 × 10^284 |
| 122 | ov_122 | 3.5446933112892075 × 10^284 |
| 121 | ov_121 | 5.290398743028283 × 10^284 |
| 120 | ov_120 | 7.544725718781504 × 10^284 |
| 119 | ov_119 | 1.037479487957528 × 10^285 |
| 118 | ov_118 | 1.3847787061689466 × 10^285 |
| 117 | ov_117 | 1.803097946909982 × 10^285 |
| 116 | ov_116 | 2.299179496799691 × 10^285 |
| 115 | ov_115 | 2.8797866858595765 × 10^285 |
| 114 | ov_114 | 3.551712593780742 × 10^285 |
| 113 | ov_113 | 4.3217921713862196 × 10^285 |
| 112 | ov_112 | 5.196918635500084 × 10^285 |
| 111 | ov_111 | 6.184064608735227 × 10^285 |
| 110 | ov_110 | 7.40232798514895 × 10^285 |
| 109 | ov_109 | 8.978022851624957 × 10^285 |
| 108 | ov_108 | 1.104485550336052 × 10^286 |
| 107 | ov_107 | 1.37441453031359 × 10^286 |
| 106 | ov_106 | 1.7225097496577563 × 10^286 |
| 105 | ov_105 | 2.164513557452624 × 10^286 |
| 104 | ov_104 | 2.7170301256730295 × 10^286 |
| 103 | ov_103 | 3.397573066013776 × 10^286 |
| 102 | ov_102 | 4.2246215712246822 × 10^286 |
| 101 | ov_101 | 5.217686037798276 × 10^286 |
| 100 | ov_100 | 6.397384179060718 × 10^286 |
| 99 | ov_099 | 7.785528691702877 × 10^286 |
| 98 | ov_098 | 7.785557161321513 × 10^286 |
| 97 | ov_097 | 7.78564618789872 × 10^286 |
| 96 | aaa_78_29 | 1.4948919292049192 × 10^287 |
| 95 | aaa_78_28 | 4.9904193240278454 × 10^287 |
| 94 | ov_094 | 1.6418403896098674 × 10^288 |
| 93 | ov_093 | 3.8978470831741856 × 10^288 |
| 92 | ov_092 | 7.925644559141301 × 10^288 |
| 91 | ov_091 | 1.457295194215494 × 10^289 |
| 90 | ov_090 | 2.4876642973551524 × 10^289 |
| 89 | ov_089 | 4.0062790149264928 × 10^289 |
| 88 | ov_088 | 6.154675445903796 × 10^289 |
| 87 | ov_087 | 9.234870589022005 × 10^289 |
| 86 | ov_086 | 1.3586796611161908 × 10^290 |
| 85 | ov_085 | 1.9588364278439966 × 10^290 |
| 84 | ov_084 | 2.7655553666135586 × 10^290 |
| 83 | ov_083 | 3.824253751375359 × 10^290 |
| 82 | ov_082 | 5.184184259274213 × 10^290 |
| 81 | ov_081 | 6.898455445673495 × 10^290 |
| 80 | ov_080 | 9.024057094827257 × 10^290 |
| 64 | lv_79_m31 | 9.05302246111705 × 10^290 |
| 79 | ov_079 | 1.162189098425535 × 10^291 |
| 78 | ov_078 | 1.4756807601882954 × 10^291 |
| 77 | ov_077 | 1.849764935647762 × 10^291 |
| 76 | ov_076 | 2.291730082401491 × 10^291 |
| 75 | ov_075 | 2.8092746575555254 × 10^291 |
| 74 | ov_074 | 3.410513713632031 × 10^291 |
| 73 | ov_073 | 4.1039864751469124 × 10^291 |
| 63 | ov_063 | 4.647011215212468 × 10^291 |
| 72 | ov_072 | 4.898665407296979 × 10^291 |
| 71 | ov_071 | 5.803967653693345 × 10^291 |
| 70 | ov_070 | 6.829769883640934 × 10^291 |
| 69 | ov_069 | 7.986427649580046 × 10^291 |
| 68 | ov_068 | 9.284800417414555 × 10^291 |
| 67 | ov_067 | 1.0736283496999315 × 10^292 |
| 66 | ov_066 | 1.0736290302428717 × 10^292 |
| 65 | ov_065 | 1.0736318989201977 × 10^292 |
| 62 | ov_062 | 2.1011504829390467 × 10^292 |
| 61 | ov_061 | 7.844309394680594 × 10^292 |
| 60 | ov_060 | 2.319552948506479 × 10^293 |
| 59 | ov_059 | 5.725370615017944 × 10^293 |
| 58 | ov_058 | 1.17726698404293 × 10^294 |
| 57 | ov_057 | 2.1447637838279144 × 10^294 |
| 56 | ov_056 | 3.59518714050748 × 10^294 |
| 55 | ov_055 | 5.6702399829291525 × 10^294 |
| 54 | ov_054 | 8.533173530487818 × 10^294 |
| 53 | ov_053 | 1.236879697664355 × 10^295 |
| 52 | ov_052 | 1.7568303642429533 × 10^295 |
| 51 | ov_051 | 2.4566064344604304 × 10^295 |
| 50 | ov_050 | 3.3839697465667855 × 10^295 |
| 49 | ov_049 | 4.566054186500479 × 10^295 |
| 48 | ov_048 | 6.059307138581102 × 10^295 |
| 47 | ov_047 | 7.92454787299581 × 10^295 |
| 32 | lv_80_m31 | 9.322426719595397 × 10^295 |
| 46 | ov_046 | 1.0226997992705147 × 10^296 |
| 45 | ov_045 | 1.3036323641968182 × 10^296 |
| 44 | ov_044 | 1.639074233917659 × 10^296 |
| 43 | ov_043 | 2.0368999167363017 × 10^296 |
| 42 | ov_042 | 2.505451423100825 × 10^296 |
| 41 | ov_041 | 3.053550672657702 × 10^296 |
| 40 | ov_040 | 3.6859823061657816 × 10^296 |
| 39 | ov_039 | 4.407793395807134 × 10^296 |
| 31 | ov_031 | 4.7834285121062335 × 10^296 |
| 38 | ov_038 | 5.229353126056476 × 10^296 |
| 37 | ov_037 | 6.161595798084038 × 10^296 |
| 36 | ov_036 | 7.2160536220944495 × 10^296 |
| 35 | ov_035 | 8.398975235130529 × 10^296 |
| 34 | ov_034 | 9.723210662347482 × 10^296 |
| 33 | ov_033 | 1.1202343260148819 × 10^297 |
| 30 | ov_030 | 2.4534466959616187 × 10^297 |
| 29 | ov_029 | 8.027039853149134 × 10^297 |
| 28 | ov_028 | 2.0834210574835384 × 10^298 |
| 27 | ov_027 | 4.656488228625665 × 10^298 |
| 26 | ov_026 | 9.311173240758675 × 10^298 |
| 25 | ov_025 | 1.705702171241103 × 10^299 |
| 24 | ov_024 | 2.9123866531613485 × 10^299 |
| 23 | ov_023 | 4.819168922216129 × 10^299 |
| 22 | ov_022 | 7.7381173313309 × 10^299 |
| 21 | ov_021 | 1.2025391879922382 × 10^300 |
| 20 | ov_020 | 1.8081283785494895 × 10^300 |
| 19 | ov_019 | 2.635028056353794 × 10^300 |
| 18 | ov_018 | 3.732116536717934 × 10^300 |
| 17 | ov_017 | 5.1527161061489303 × 10^300 |
| 16 | ov_016 | 6.954613123109648 × 10^300 |
| 15 | ov_015 | 9.200085389226988 × 10^300 |
| 14 | ov_014 | 1.195593911661716 × 10^301 |
| 13 | ov_013 | 1.5293558630492108 × 10^301 |
| 12 | ov_012 | 1.9288972205594 × 10^301 |
| 11 | ov_011 | 2.4022937282224505 × 10^301 |
| 10 | ov_010 | 2.958104865517149 × 10^301 |
| 9 | ov_009 | 3.605387407714447 × 10^301 |
| 8 | ov_008 | 4.353712231914006 × 10^301 |
| 7 | ov_007 | 5.213184872480124 × 10^301 |
| 6 | ov_006 | 6.194470293501364 × 10^301 |
| 5 | ov_005 | 7.308822382254941 × 10^301 |
| 4 | ov_004 | 8.568118776615529 × 10^301 |
| 3 | ov_003 | 9.98490166792557 × 10^301 |
| 2 | ov_002 | 1.1572425121422835 × 10^302 |
| 1 | ov_001 | 1.3344709401096173 × 10^302 |

