# Results for F001-F002-F003-F004-F005-F006-F007-F008-F009-F010-F011-F012-F013-F014-F015-F016-F017-F018-F019-F020-F021-F022-F023-F024-F025-F026-F027-F028-F029-F030-F031-F032-F033-F034-F035-F036-F037-F038-F039-F040-F041-F042-F043-F044-F045-F046-F047-F048-F049-F050-F051-F052-F053-F054-F055-F056-F057-F058-F059-F060-F061-F062-F063-F064-F065-F066-F067-F068-F069-F070-F071-F072-F073-F074-F075-F076-F077-F078-F079-F080-F081-F082-F083-F084-F085-F086-F087-F088-F089-F090-F091-F092-F093-F094-F095-F096-F097-F098-F099-F100-F101-F102-F103-F104-F105-F106-F107-F108-F109-F110-F111-F112-F113-F114-F115-F116-F117-F118-F119-F120-F121-F122-F123-F124-F125-F126-F127-F128-F129-F130-F131-F132-F133-F134-F135-F136-F137-F138-F139-F140-F141-F142-F143-F144-F145-F146-F147-F148-F149-F150-F151-F152-F153-F154-F155-F156-F157-F158-F159-F160-F161-F162-F163-F164-F165-F166-F167-F168-F169-F170-F171-F172-F173-F174-F175-F176-F177-F178-F179-F180-F181-F182-F183-F184-F185-F186-F187-F188-F189-F190-F191-F192-F193-F194-F195-F196-F197-F198-F199-F200-F201-F202-F203-F204-F205-F206-F207-F208-F209-F210-F211-F212-F213-F214-F215-F216-F217-F218-F219-F220-F221-F222-F223-F224-F225-F226-F227-F228-F229-F230-F231-F232-F233-F234-F235-F236-F237-F238-F239-F240-F241-F242-F243-F244-F245-F246-F247-F248-F249-F250-F251-F252-F253-F254-F255-F256-F257-F258-F259-F260-F261-F262-F263-F264-F265-F266-F267-F268-F269-F270-F271-F272-F273-F274-F275-F276-F277-F278-F279-F280-F281-F282-F283-F284-F285-F286-F287-F288-F289-F290-F291-F292-F293-F294-F295-F296-F297-F298-F299-F300-F301-F302-F303-F304-F305-F306-F307-F308-F309-F310-F311-F312-F313-F314-F315-F316-F317-F318-F319-F320-F321-F322-F323-F324-F325-F326-F327-F328-F329-F330-F331-F332-F333-F334-F335-F336-F337-F338-F339-F340-F341-F342-F343-F344-F345-F346-F347-F348-F349-F350-F351-F352-F353-F354-F355-F356-F357-F358-F359-F360-F361-F362-F363-F364-F365-F366-F367-F368-F369-F370-F371-F372-F373-F374-F375-F376-F377-F378-F379-F380-F381-F382-F383-F384-F385-F386-F387-F388-F389-F390-F391-F392-F393-F394-F395-F396-F397-F398-F399-F400-F401-F402-F403-F404-F405-F406-F407-F408-F409-F410-F411-F412-F413-F414-F415-F416-F417-F418-F419-F420-F421-F422-F423-F424-F425-F426-F427-F428-F429-F430-F431-F432-F433-F434-F435-F436-F437-F438-F439-F440-F441-F442-F443-F444-F445-F446-F447-F448-F449-F450-F451-F452-F453-F454-F455-F456-F457-F458-F459-F460-F461-F462-F463-F464-F465-F466-F467-F468-F469-F470-F471-F472-F473-F474-F475-F476-F477-F478-F479-F480-F481-F482-F483-F484-F485-F486-F487-F488-F489-F490-F491-F492-F493-F494-F495-F496-E499505-F507-F509-F510-F511-F512

## Summary

Number of input bits: 512  
Number of free input bits: 10  
Number of output bits: 160

Number of direct occurrences: 40480  
Number of assignments: 30902  
Number of operations: 10786133
(xor: 10758172,
and: 14767,
or: 13194)

Total complexity: 6.652162161278681 × 10^296

Least occurring input variable: iv_502 (3834)  
Most occurring input variable: iv_499 (4282)

Most co-occurring input variables: iv_499-iv_506 (2117)  
Least co-occurring input variables: iv_498-iv_502 (1738)

Potentially most occurring input variable: iv_499/iv_508 (4488)  
Potentially least occurring input variable: iv_498/iv_506 (4129)

Least output occurring input variable: iv_503 (75)  
Most output occurring input variable: iv_506 (97)

Most output co-occurring input variables: iv_497-iv_506 (56)  
Least output co-occurring input variables: iv_503-iv_504 (34)

Potentially most output occurring input variable: iv_497/iv_500 (91)  
Potentially least output occurring input variable: iv_506/iv_508 (70)

Least complex input bit: iv_508 (1.5082543152757512 × 10^294)  
Most complex input bit: iv_499 (2.237376100243437 × 10^296)

Least complex output bit: aaa_76_29 (1.552602563298262 × 10^272)  
Most complex output bit: ov_001 (1.0640574503944418 × 10^296)

Least complex input/output complexity: iv_508/aaa_76_29 (3.5202381710320006 × 10^269)  
Most complex input/output complexity: iv_499/ov_001 (3.578831440183757 × 10^295)

## Input Bits

### Input Bits in Regular Order

| Input Bit | Complexity | Occurrences | Output Occurrences |
|:---------:|:----------:|:-----------:|:------------------:|
| iv_497 | 4.201111099337019 × 10^294 | 4092 | 93 |
| iv_498 | 8.400285687563491 × 10^294 | 3889 | 88 |
| iv_499 | 2.237376100243437 × 10^296 | 4282 | 78 |
| iv_500 | 2.491260610648233 × 10^295 | 4064 | 76 |
| iv_501 | 4.097215594980919 × 10^295 | 4030 | 83 |
| iv_502 | 6.599566054448316 × 10^295 | 3834 | 82 |
| iv_503 | 1.0447118502865628 × 10^296 | 4006 | 75 |
| iv_504 | 1.6219870353949978 × 10^296 | 3877 | 78 |
| iv_506 | 2.8818643832418114 × 10^295 | 4190 | 97 |
| iv_508 | 1.5082543152757512 × 10^294 | 4216 | 81 |

### Input Bits Sorted by Complexity

| Input Bit | Complexity | Occurrences | Output Occurrences |
|:---------:|:----------:|:-----------:|:------------------:|
| iv_508 | 1.5082543152757512 × 10^294 | 4216 | 81 |
| iv_497 | 4.201111099337019 × 10^294 | 4092 | 93 |
| iv_498 | 8.400285687563491 × 10^294 | 3889 | 88 |
| iv_500 | 2.491260610648233 × 10^295 | 4064 | 76 |
| iv_506 | 2.8818643832418114 × 10^295 | 4190 | 97 |
| iv_501 | 4.097215594980919 × 10^295 | 4030 | 83 |
| iv_502 | 6.599566054448316 × 10^295 | 3834 | 82 |
| iv_503 | 1.0447118502865628 × 10^296 | 4006 | 75 |
| iv_504 | 1.6219870353949978 × 10^296 | 3877 | 78 |
| iv_499 | 2.237376100243437 × 10^296 | 4282 | 78 |

### Input Bits Sorted by Occurrences

| Input Bit | Complexity | Occurrences | Output Occurrences |
|:---------:|:----------:|:-----------:|:------------------:|
| iv_502 | 6.599566054448316 × 10^295 | 3834 | 82 |
| iv_504 | 1.6219870353949978 × 10^296 | 3877 | 78 |
| iv_498 | 8.400285687563491 × 10^294 | 3889 | 88 |
| iv_503 | 1.0447118502865628 × 10^296 | 4006 | 75 |
| iv_501 | 4.097215594980919 × 10^295 | 4030 | 83 |
| iv_500 | 2.491260610648233 × 10^295 | 4064 | 76 |
| iv_497 | 4.201111099337019 × 10^294 | 4092 | 93 |
| iv_506 | 2.8818643832418114 × 10^295 | 4190 | 97 |
| iv_508 | 1.5082543152757512 × 10^294 | 4216 | 81 |
| iv_499 | 2.237376100243437 × 10^296 | 4282 | 78 |

### Input Bits Sorted by Output Occurrences

| Input Bit | Complexity | Occurrences | Output Occurrences |
|:---------:|:----------:|:-----------:|:------------------:|
| iv_503 | 1.0447118502865628 × 10^296 | 4006 | 75 |
| iv_500 | 2.491260610648233 × 10^295 | 4064 | 76 |
| iv_499 | 2.237376100243437 × 10^296 | 4282 | 78 |
| iv_504 | 1.6219870353949978 × 10^296 | 3877 | 78 |
| iv_508 | 1.5082543152757512 × 10^294 | 4216 | 81 |
| iv_502 | 6.599566054448316 × 10^295 | 3834 | 82 |
| iv_501 | 4.097215594980919 × 10^295 | 4030 | 83 |
| iv_498 | 8.400285687563491 × 10^294 | 3889 | 88 |
| iv_497 | 4.201111099337019 × 10^294 | 4092 | 93 |
| iv_506 | 2.8818643832418114 × 10^295 | 4190 | 97 |

## Input Bit Co-occurrences

### Input Bit Co-occurrences Sorted by Co-occurrences

| Input Bits | Co-occurrences | Potential Occurrences | Output Co-occurrences | Potential Output Occurrences |
|:----------:|:--------------:|:---------------------:|:---------------------:|:----------------------------:|
| iv_499-iv_506 | 2117 | 4238 | 50 | 75 |
| iv_499-iv_500 | 2032 | 4282 | 38 | 78 |
| iv_506-iv_508 | 2029 | 4348 | 54 | 70 |
| iv_500-iv_506 | 2012 | 4230 | 50 | 73 |
| iv_499-iv_508 | 2005 | 4488 | 39 | 81 |
| iv_499-iv_501 | 1997 | 4318 | 38 | 85 |
| iv_497-iv_499 | 1981 | 4412 | 47 | 77 |
| iv_497-iv_501 | 1981 | 4160 | 48 | 80 |
| iv_498-iv_506 | 1975 | 4129 | 54 | 77 |
| iv_497-iv_506 | 1964 | 4354 | 56 | 78 |

### Input Bit Co-occurrences Sorted by Potential Occurrences

| Input Bits | Co-occurrences | Potential Occurrences | Output Co-occurrences | Potential Output Occurrences |
|:----------:|:--------------:|:---------------------:|:---------------------:|:----------------------------:|
| iv_498-iv_506 | 1975 | 4129 | 54 | 77 |
| iv_498-iv_504 | 1814 | 4138 | 46 | 74 |
| iv_497-iv_501 | 1981 | 4160 | 48 | 80 |
| iv_497-iv_502 | 1883 | 4160 | 52 | 71 |
| iv_502-iv_504 | 1773 | 4165 | 42 | 76 |
| iv_497-iv_504 | 1899 | 4171 | 50 | 71 |
| iv_500-iv_504 | 1881 | 4179 | 38 | 78 |
| iv_497-iv_503 | 1959 | 4180 | 46 | 76 |
| iv_500-iv_502 | 1851 | 4196 | 37 | 84 |
| iv_503-iv_504 | 1843 | 4197 | 34 | 85 |

### Input Bit Output Co-occurrences Sorted by Output Co-occurrences

| Input Bits | Co-occurrences | Potential Occurrences | Output Co-occurrences | Potential Output Occurrences |
|:----------:|:--------------:|:---------------------:|:---------------------:|:----------------------------:|
| iv_497-iv_506 | 1964 | 4354 | 56 | 78 |
| iv_498-iv_506 | 1975 | 4129 | 54 | 77 |
| iv_506-iv_508 | 2029 | 4348 | 54 | 70 |
| iv_497-iv_502 | 1883 | 4160 | 52 | 71 |
| iv_499-iv_506 | 2117 | 4238 | 50 | 75 |
| iv_500-iv_506 | 2012 | 4230 | 50 | 73 |
| iv_497-iv_504 | 1899 | 4171 | 50 | 71 |
| iv_497-iv_498 | 1869 | 4243 | 50 | 81 |
| iv_504-iv_506 | 1927 | 4213 | 49 | 77 |
| iv_501-iv_506 | 1957 | 4306 | 48 | 84 |

### Input Bit Output Co-occurrences Sorted by Potential Output Occurrences

| Input Bits | Co-occurrences | Potential Occurrences | Output Co-occurrences | Potential Output Occurrences |
|:----------:|:--------------:|:---------------------:|:---------------------:|:----------------------------:|
| iv_506-iv_508 | 2029 | 4348 | 54 | 70 |
| iv_497-iv_504 | 1899 | 4171 | 50 | 71 |
| iv_497-iv_502 | 1883 | 4160 | 52 | 71 |
| iv_500-iv_506 | 2012 | 4230 | 50 | 73 |
| iv_500-iv_503 | 1918 | 4234 | 39 | 73 |
| iv_499-iv_504 | 1939 | 4281 | 41 | 74 |
| iv_498-iv_504 | 1814 | 4138 | 46 | 74 |
| iv_499-iv_506 | 2117 | 4238 | 50 | 75 |
| iv_498-iv_501 | 1843 | 4233 | 48 | 75 |
| iv_499-iv_502 | 1932 | 4252 | 42 | 76 |

## Output Bits

### Output Bits in Regular Order

| Rank | Output Bit | Complexity |
|:----:|:----------:|:----------:|
| 1 | ov_001 | 1.0640574503944418 × 10^296 |
| 2 | ov_002 | 9.22778037024041 × 10^295 |
| 3 | ov_003 | 7.962175700550335 × 10^295 |
| 4 | ov_004 | 6.83260978204765 × 10^295 |
| 5 | ov_005 | 5.828539696026533 × 10^295 |
| 6 | ov_006 | 4.939986757395412 × 10^295 |
| 7 | ov_007 | 4.157498657119963 × 10^295 |
| 8 | ov_008 | 3.472116928707221 × 10^295 |
| 9 | ov_009 | 2.8753493168146614 × 10^295 |
| 10 | ov_010 | 2.359146548675318 × 10^295 |
| 11 | ov_011 | 1.9158830032898207 × 10^295 |
| 12 | ov_012 | 1.5383408021853246 × 10^295 |
| 13 | ov_013 | 1.219696873849976 × 10^295 |
| 14 | ov_014 | 9.535125718441184 × 10^294 |
| 15 | ov_015 | 7.337254541686852 × 10^294 |
| 16 | ov_016 | 5.5464285881919134 × 10^294 |
| 17 | ov_017 | 4.10936937634537 × 10^294 |
| 18 | ov_018 | 2.976408536684008 × 10^294 |
| 19 | ov_019 | 2.1014590640263988 × 10^294 |
| 20 | ov_020 | 1.441993887412919 × 10^294 |
| 21 | ov_021 | 9.590301091109437 × 10^293 |
| 22 | ov_022 | 6.171176858215588 × 10^293 |
| 23 | ov_023 | 3.843316032365877 × 10^293 |
| 24 | ov_024 | 2.322667292822814 × 10^293 |
| 25 | ov_025 | 1.3603466554573304 × 10^293 |
| 26 | ov_026 | 7.426202301811677 × 10^292 |
| 27 | ov_027 | 3.7140716336773013 × 10^292 |
| 28 | ov_028 | 1.66196402797754 × 10^292 |
| 29 | ov_029 | 6.404588277948193 × 10^291 |
| 30 | ov_030 | 1.958231057989604 × 10^291 |
| 31 | ov_031 | 3.820455008494254 × 10^290 |
| 32 | lv_80_m31 | 7.452681943978318 × 10^289 |
| 33 | ov_033 | 8.900609575272395 × 10^290 |
| 34 | ov_034 | 7.719941164621901 × 10^290 |
| 35 | ov_035 | 6.663406803322625 × 10^290 |
| 36 | ov_036 | 5.720445181977663 × 10^290 |
| 37 | ov_037 | 4.881062951329956 × 10^290 |
| 38 | ov_038 | 4.135794756867094 × 10^290 |
| 39 | ov_039 | 3.4756687402559833 × 10^290 |
| 40 | ov_040 | 2.8963183584286027 × 10^290 |
| 41 | ov_041 | 2.3896744655360526 × 10^290 |
| 42 | ov_042 | 1.9518093034013016 × 10^290 |
| 43 | ov_043 | 1.5789990793827937 × 10^290 |
| 44 | ov_044 | 1.2643774853083538 × 10^290 |
| 45 | ov_045 | 1.0014516607079123 × 10^290 |
| 46 | ov_046 | 7.840926563801576 × 10^289 |
| 47 | ov_047 | 6.065279052835313 × 10^289 |
| 48 | ov_048 | 4.633353887311514 × 10^289 |
| 49 | ov_049 | 3.4943920995609753 × 10^289 |
| 50 | ov_050 | 2.6010631075493086 × 10^289 |
| 51 | ov_051 | 1.9094409021174122 × 10^289 |
| 52 | ov_052 | 1.3789870753775443 × 10^289 |
| 53 | ov_053 | 9.72538832645995 × 10^288 |
| 54 | ov_054 | 6.723574412758959 × 10^288 |
| 55 | ov_055 | 4.4800893460871666 × 10^288 |
| 56 | ov_056 | 2.851161631507861 × 10^288 |
| 57 | ov_057 | 1.709802453862464 × 10^288 |
| 58 | ov_058 | 9.457975460167803 × 10^287 |
| 59 | ov_059 | 4.657028698368029 × 10^287 |
| 60 | ov_060 | 1.9284261195223385 × 10^287 |
| 61 | ov_061 | 6.730844479950356 × 10^286 |
| 62 | ov_062 | 1.844951037986541 × 10^286 |
| 63 | ov_063 | 3.59290978158696 × 10^285 |
| 64 | lv_79_m31 | 6.995386506223132 × 10^284 |
| 65 | ov_065 | 8.3096878610603 × 10^285 |
| 66 | ov_066 | 8.309661251574825 × 10^285 |
| 67 | ov_067 | 8.309654738785469 × 10^285 |
| 68 | ov_068 | 7.173622009225255 × 10^285 |
| 69 | ov_069 | 6.161219049308034 × 10^285 |
| 70 | ov_070 | 5.26236851978722 × 10^285 |
| 71 | ov_071 | 4.467613343136334 × 10^285 |
| 72 | ov_072 | 3.76807469166111 × 10^285 |
| 73 | ov_073 | 3.1554136854154167 × 10^285 |
| 74 | ov_074 | 2.6217966048950485 × 10^285 |
| 75 | ov_075 | 2.1598634307978703 × 10^285 |
| 76 | ov_076 | 1.7626995291139674 × 10^285 |
| 77 | ov_077 | 1.423810304621446 × 10^285 |
| 78 | ov_078 | 1.1370986496769903 × 10^285 |
| 79 | ov_079 | 8.968450181585776 × 10^284 |
| 80 | ov_080 | 6.976899566828128 × 10^284 |
| 81 | ov_081 | 5.346189269117807 × 10^284 |
| 82 | ov_082 | 4.0294925400348175 × 10^284 |
| 83 | ov_083 | 2.9831903715261815 × 10^284 |
| 84 | ov_084 | 2.1667785880474996 × 10^284 |
| 85 | ov_085 | 1.5427912957469027 × 10^284 |
| 86 | ov_086 | 1.0767390620760863 × 10^284 |
| 87 | ov_087 | 7.370602012420062 × 10^283 |
| 88 | ov_088 | 4.950835421809284 × 10^283 |
| 89 | ov_089 | 3.250010564751019 × 10^283 |
| 90 | ov_090 | 2.038487240245052 × 10^283 |
| 91 | ov_091 | 1.2085360923791095 × 10^283 |
| 92 | ov_092 | 6.665611735149799 × 10^282 |
| 93 | ov_093 | 3.330729145208633 × 10^282 |
| 94 | ov_094 | 1.42674841978332 × 10^282 |
| 95 | aaa_78_28 | 4.405815499608157 × 10^281 |
| 96 | aaa_78_29 | 1.3531183670190816 × 10^281 |
| 97 | ov_097 | 8.93721866681517 × 10^280 |
| 98 | ov_098 | 8.93695146546713 × 10^280 |
| 99 | ov_099 | 8.936866160047433 × 10^280 |
| 100 | ov_100 | 8.042650658674987 × 10^280 |
| 101 | ov_101 | 7.214316068142351 × 10^280 |
| 102 | ov_102 | 6.448261822301688 × 10^280 |
| 103 | ov_103 | 5.741150084234516 × 10^280 |
| 104 | ov_104 | 5.089871147916346 × 10^280 |
| 105 | ov_105 | 4.49151202214743 × 10^280 |
| 106 | ov_106 | 3.9433280350125014 × 10^280 |
| 107 | ov_107 | 3.442717302544599 × 10^280 |
| 108 | ov_108 | 2.9871979095446275 × 10^280 |
| 109 | ov_109 | 2.574387653802217 × 10^280 |
| 110 | ov_110 | 2.201986207421322 × 10^280 |
| 111 | ov_111 | 1.8677595507262182 × 10^280 |
| 112 | ov_112 | 1.5695265354525783 × 10^280 |
| 113 | ov_113 | 1.3051474347446116 × 10^280 |
| 114 | ov_114 | 1.072514338001197 × 10^280 |
| 115 | ov_115 | 8.695432489388078 × 10^279 |
| 116 | ov_116 | 6.941677454481705 × 10^279 |
| 117 | ov_117 | 5.443340599667433 × 10^279 |
| 118 | ov_118 | 4.179974391862341 × 10^279 |
| 119 | ov_119 | 3.1311952615413733 × 10^279 |
| 120 | ov_120 | 2.2766640967672628 × 10^279 |
| 121 | ov_121 | 1.596071370394968 × 10^279 |
| 122 | ov_122 | 1.0691261952699699 × 10^279 |
| 123 | ov_123 | 6.755486022767018 × 10^278 |
| 124 | ov_124 | 3.950643361037733 × 10^278 |
| 125 | ov_125 | 2.07401634536487 × 10^278 |
| 126 | ov_126 | 9.228958746341982 × 10^277 |
| 127 | aaa_77_28 | 2.9457507773213073 × 10^277 |
| 128 | aaa_77_29 | 1.103637850401817 × 10^277 |
| 129 | ov_129 | 1.0149106998198565 × 10^277 |
| 130 | ov_130 | 1.0149076804575408 × 10^277 |
| 131 | ov_131 | 1.0149069518389267 × 10^277 |
| 132 | ov_132 | 8.783822680403458 × 10^276 |
| 133 | ov_133 | 7.562370848099911 × 10^276 |
| 134 | ov_134 | 6.473842958875766 × 10^276 |
| 135 | ov_135 | 5.507937872623334 × 10^276 |
| 136 | ov_136 | 4.654883675573095 × 10^276 |
| 137 | ov_137 | 3.9054029653296213 × 10^276 |
| 138 | ov_138 | 3.250683498882837 × 10^276 |
| 139 | ov_139 | 2.682353616283905 × 10^276 |
| 140 | ov_140 | 2.1924618828217116 × 10^276 |
| 141 | ov_141 | 1.7734604221174052 × 10^276 |
| 142 | ov_142 | 1.4181914692758084 × 10^276 |
| 143 | ov_143 | 1.1198767572178771 × 10^276 |
| 144 | ov_144 | 8.72109378019606 × 10^275 |
| 145 | ov_145 | 6.688477345645434 × 10^275 |
| 146 | ov_146 | 5.044111987619555 × 10^275 |
| 147 | ov_147 | 3.734771210162132 × 10^275 |
| 148 | ov_148 | 2.7107886402381075 × 10^275 |
| 149 | ov_149 | 1.926045623330098 × 10^275 |
| 150 | ov_150 | 1.3379635078559848 × 10^275 |
| 151 | ov_151 | 9.074987155896896 × 10^274 |
| 152 | ov_152 | 5.991394062171241 × 10^274 |
| 153 | ov_153 | 3.8090311357438975 × 10^274 |
| 154 | ov_154 | 2.243350962724228 × 10^274 |
| 155 | ov_155 | 1.16089744377637 × 10^274 |
| 156 | aaa_76_25 | 4.458458373581335 × 10^273 |
| 157 | aaa_76_26 | 2.5720829500125396 × 10^273 |
| 158 | aaa_76_27 | 1.3151174618826367 × 10^273 |
| 159 | aaa_76_28 | 5.112905815812834 × 10^272 |
| 160 | aaa_76_29 | 1.552602563298262 × 10^272 |

### Output Bits Sorted by Complexity

| Rank | Output Bit | Complexity |
|:----:|:----------:|:----------:|
| 160 | aaa_76_29 | 1.552602563298262 × 10^272 |
| 159 | aaa_76_28 | 5.112905815812834 × 10^272 |
| 158 | aaa_76_27 | 1.3151174618826367 × 10^273 |
| 157 | aaa_76_26 | 2.5720829500125396 × 10^273 |
| 156 | aaa_76_25 | 4.458458373581335 × 10^273 |
| 155 | ov_155 | 1.16089744377637 × 10^274 |
| 154 | ov_154 | 2.243350962724228 × 10^274 |
| 153 | ov_153 | 3.8090311357438975 × 10^274 |
| 152 | ov_152 | 5.991394062171241 × 10^274 |
| 151 | ov_151 | 9.074987155896896 × 10^274 |
| 150 | ov_150 | 1.3379635078559848 × 10^275 |
| 149 | ov_149 | 1.926045623330098 × 10^275 |
| 148 | ov_148 | 2.7107886402381075 × 10^275 |
| 147 | ov_147 | 3.734771210162132 × 10^275 |
| 146 | ov_146 | 5.044111987619555 × 10^275 |
| 145 | ov_145 | 6.688477345645434 × 10^275 |
| 144 | ov_144 | 8.72109378019606 × 10^275 |
| 143 | ov_143 | 1.1198767572178771 × 10^276 |
| 142 | ov_142 | 1.4181914692758084 × 10^276 |
| 141 | ov_141 | 1.7734604221174052 × 10^276 |
| 140 | ov_140 | 2.1924618828217116 × 10^276 |
| 139 | ov_139 | 2.682353616283905 × 10^276 |
| 138 | ov_138 | 3.250683498882837 × 10^276 |
| 137 | ov_137 | 3.9054029653296213 × 10^276 |
| 136 | ov_136 | 4.654883675573095 × 10^276 |
| 135 | ov_135 | 5.507937872623334 × 10^276 |
| 134 | ov_134 | 6.473842958875766 × 10^276 |
| 133 | ov_133 | 7.562370848099911 × 10^276 |
| 132 | ov_132 | 8.783822680403458 × 10^276 |
| 131 | ov_131 | 1.0149069518389267 × 10^277 |
| 130 | ov_130 | 1.0149076804575408 × 10^277 |
| 129 | ov_129 | 1.0149106998198565 × 10^277 |
| 128 | aaa_77_29 | 1.103637850401817 × 10^277 |
| 127 | aaa_77_28 | 2.9457507773213073 × 10^277 |
| 126 | ov_126 | 9.228958746341982 × 10^277 |
| 125 | ov_125 | 2.07401634536487 × 10^278 |
| 124 | ov_124 | 3.950643361037733 × 10^278 |
| 123 | ov_123 | 6.755486022767018 × 10^278 |
| 122 | ov_122 | 1.0691261952699699 × 10^279 |
| 121 | ov_121 | 1.596071370394968 × 10^279 |
| 120 | ov_120 | 2.2766640967672628 × 10^279 |
| 119 | ov_119 | 3.1311952615413733 × 10^279 |
| 118 | ov_118 | 4.179974391862341 × 10^279 |
| 117 | ov_117 | 5.443340599667433 × 10^279 |
| 116 | ov_116 | 6.941677454481705 × 10^279 |
| 115 | ov_115 | 8.695432489388078 × 10^279 |
| 114 | ov_114 | 1.072514338001197 × 10^280 |
| 113 | ov_113 | 1.3051474347446116 × 10^280 |
| 112 | ov_112 | 1.5695265354525783 × 10^280 |
| 111 | ov_111 | 1.8677595507262182 × 10^280 |
| 110 | ov_110 | 2.201986207421322 × 10^280 |
| 109 | ov_109 | 2.574387653802217 × 10^280 |
| 108 | ov_108 | 2.9871979095446275 × 10^280 |
| 107 | ov_107 | 3.442717302544599 × 10^280 |
| 106 | ov_106 | 3.9433280350125014 × 10^280 |
| 105 | ov_105 | 4.49151202214743 × 10^280 |
| 104 | ov_104 | 5.089871147916346 × 10^280 |
| 103 | ov_103 | 5.741150084234516 × 10^280 |
| 102 | ov_102 | 6.448261822301688 × 10^280 |
| 101 | ov_101 | 7.214316068142351 × 10^280 |
| 100 | ov_100 | 8.042650658674987 × 10^280 |
| 99 | ov_099 | 8.936866160047433 × 10^280 |
| 98 | ov_098 | 8.93695146546713 × 10^280 |
| 97 | ov_097 | 8.93721866681517 × 10^280 |
| 96 | aaa_78_29 | 1.3531183670190816 × 10^281 |
| 95 | aaa_78_28 | 4.405815499608157 × 10^281 |
| 94 | ov_094 | 1.42674841978332 × 10^282 |
| 93 | ov_093 | 3.330729145208633 × 10^282 |
| 92 | ov_092 | 6.665611735149799 × 10^282 |
| 91 | ov_091 | 1.2085360923791095 × 10^283 |
| 90 | ov_090 | 2.038487240245052 × 10^283 |
| 89 | ov_089 | 3.250010564751019 × 10^283 |
| 88 | ov_088 | 4.950835421809284 × 10^283 |
| 87 | ov_087 | 7.370602012420062 × 10^283 |
| 86 | ov_086 | 1.0767390620760863 × 10^284 |
| 85 | ov_085 | 1.5427912957469027 × 10^284 |
| 84 | ov_084 | 2.1667785880474996 × 10^284 |
| 83 | ov_083 | 2.9831903715261815 × 10^284 |
| 82 | ov_082 | 4.0294925400348175 × 10^284 |
| 81 | ov_081 | 5.346189269117807 × 10^284 |
| 80 | ov_080 | 6.976899566828128 × 10^284 |
| 64 | lv_79_m31 | 6.995386506223132 × 10^284 |
| 79 | ov_079 | 8.968450181585776 × 10^284 |
| 78 | ov_078 | 1.1370986496769903 × 10^285 |
| 77 | ov_077 | 1.423810304621446 × 10^285 |
| 76 | ov_076 | 1.7626995291139674 × 10^285 |
| 75 | ov_075 | 2.1598634307978703 × 10^285 |
| 74 | ov_074 | 2.6217966048950485 × 10^285 |
| 73 | ov_073 | 3.1554136854154167 × 10^285 |
| 63 | ov_063 | 3.59290978158696 × 10^285 |
| 72 | ov_072 | 3.76807469166111 × 10^285 |
| 71 | ov_071 | 4.467613343136334 × 10^285 |
| 70 | ov_070 | 5.26236851978722 × 10^285 |
| 69 | ov_069 | 6.161219049308034 × 10^285 |
| 68 | ov_068 | 7.173622009225255 × 10^285 |
| 67 | ov_067 | 8.309654738785469 × 10^285 |
| 66 | ov_066 | 8.309661251574825 × 10^285 |
| 65 | ov_065 | 8.3096878610603 × 10^285 |
| 62 | ov_062 | 1.844951037986541 × 10^286 |
| 61 | ov_061 | 6.730844479950356 × 10^286 |
| 60 | ov_060 | 1.9284261195223385 × 10^287 |
| 59 | ov_059 | 4.657028698368029 × 10^287 |
| 58 | ov_058 | 9.457975460167803 × 10^287 |
| 57 | ov_057 | 1.709802453862464 × 10^288 |
| 56 | ov_056 | 2.851161631507861 × 10^288 |
| 55 | ov_055 | 4.4800893460871666 × 10^288 |
| 54 | ov_054 | 6.723574412758959 × 10^288 |
| 53 | ov_053 | 9.72538832645995 × 10^288 |
| 52 | ov_052 | 1.3789870753775443 × 10^289 |
| 51 | ov_051 | 1.9094409021174122 × 10^289 |
| 50 | ov_050 | 2.6010631075493086 × 10^289 |
| 49 | ov_049 | 3.4943920995609753 × 10^289 |
| 48 | ov_048 | 4.633353887311514 × 10^289 |
| 47 | ov_047 | 6.065279052835313 × 10^289 |
| 32 | lv_80_m31 | 7.452681943978318 × 10^289 |
| 46 | ov_046 | 7.840926563801576 × 10^289 |
| 45 | ov_045 | 1.0014516607079123 × 10^290 |
| 44 | ov_044 | 1.2643774853083538 × 10^290 |
| 43 | ov_043 | 1.5789990793827937 × 10^290 |
| 42 | ov_042 | 1.9518093034013016 × 10^290 |
| 41 | ov_041 | 2.3896744655360526 × 10^290 |
| 40 | ov_040 | 2.8963183584286027 × 10^290 |
| 39 | ov_039 | 3.4756687402559833 × 10^290 |
| 31 | ov_031 | 3.820455008494254 × 10^290 |
| 38 | ov_038 | 4.135794756867094 × 10^290 |
| 37 | ov_037 | 4.881062951329956 × 10^290 |
| 36 | ov_036 | 5.720445181977663 × 10^290 |
| 35 | ov_035 | 6.663406803322625 × 10^290 |
| 34 | ov_034 | 7.719941164621901 × 10^290 |
| 33 | ov_033 | 8.900609575272395 × 10^290 |
| 30 | ov_030 | 1.958231057989604 × 10^291 |
| 29 | ov_029 | 6.404588277948193 × 10^291 |
| 28 | ov_028 | 1.66196402797754 × 10^292 |
| 27 | ov_027 | 3.7140716336773013 × 10^292 |
| 26 | ov_026 | 7.426202301811677 × 10^292 |
| 25 | ov_025 | 1.3603466554573304 × 10^293 |
| 24 | ov_024 | 2.322667292822814 × 10^293 |
| 23 | ov_023 | 3.843316032365877 × 10^293 |
| 22 | ov_022 | 6.171176858215588 × 10^293 |
| 21 | ov_021 | 9.590301091109437 × 10^293 |
| 20 | ov_020 | 1.441993887412919 × 10^294 |
| 19 | ov_019 | 2.1014590640263988 × 10^294 |
| 18 | ov_018 | 2.976408536684008 × 10^294 |
| 17 | ov_017 | 4.10936937634537 × 10^294 |
| 16 | ov_016 | 5.5464285881919134 × 10^294 |
| 15 | ov_015 | 7.337254541686852 × 10^294 |
| 14 | ov_014 | 9.535125718441184 × 10^294 |
| 13 | ov_013 | 1.219696873849976 × 10^295 |
| 12 | ov_012 | 1.5383408021853246 × 10^295 |
| 11 | ov_011 | 1.9158830032898207 × 10^295 |
| 10 | ov_010 | 2.359146548675318 × 10^295 |
| 9 | ov_009 | 2.8753493168146614 × 10^295 |
| 8 | ov_008 | 3.472116928707221 × 10^295 |
| 7 | ov_007 | 4.157498657119963 × 10^295 |
| 6 | ov_006 | 4.939986757395412 × 10^295 |
| 5 | ov_005 | 5.828539696026533 × 10^295 |
| 4 | ov_004 | 6.83260978204765 × 10^295 |
| 3 | ov_003 | 7.962175700550335 × 10^295 |
| 2 | ov_002 | 9.22778037024041 × 10^295 |
| 1 | ov_001 | 1.0640574503944418 × 10^296 |

