# Results for F001-F002-F003-F004-F005-F006-F007-F008-F009-F010-F011-F012-F013-F014-F015-F016-F017-F018-F019-F020-F021-F022-F023-F024-F025-F026-F027-F028-F029-F030-F031-F032-F033-F034-F035-F036-F037-F038-F039-F040-F041-F042-F043-F044-F045-F046-F047-F048-F049-F050-F051-F052-F053-F054-F055-F056-F057-F058-F059-F060-F061-F062-F063-F064-F065-F066-F067-F068-F069-F070-F071-F072-F073-F074-F075-F076-F077-F078-F079-F080-F081-F082-F083-F084-F085-F086-F087-F088-F089-F090-F091-F092-F093-F094-F095-F096-F097-F098-F099-F100-F101-F102-F103-F104-F105-F106-F107-F108-F109-F110-F111-F112-F113-F114-F115-F116-F117-F118-F119-F120-F121-F122-F123-F124-F125-F126-F127-F128-F129-F130-F131-F132-F133-F134-F135-F136-F137-F138-F139-F140-F141-F142-F143-F144-F145-F146-F147-F148-F149-F150-F151-F152-F153-F154-F155-F156-F157-F158-F159-F160-F161-F162-F163-F164-F165-F166-F167-F168-F169-F170-F171-F172-F173-F174-F175-F176-F177-F178-F179-F180-F181-F182-F183-F184-F185-F186-F187-F188-F189-F190-F191-F192-F193-F194-F195-F196-F197-F198-F199-F200-F201-F202-F203-F204-F205-F206-F207-F208-F209-F210-F211-F212-F213-F214-F215-F216-F217-F218-F219-F220-F221-F222-F223-F224-F225-F226-F227-F228-F229-F230-F231-F232-F233-F234-F235-F236-F237-F238-F239-F240-F241-F242-F243-F244-F245-F246-F247-F248-F249-F250-F251-F252-F253-F254-F255-F256-F257-F258-F259-F260-F261-F262-F263-F264-F265-F266-F267-F268-F269-F270-F271-F272-F273-F274-F275-F276-F277-F278-F279-F280-F281-F282-F283-F284-F285-F286-F287-F288-F289-F290-F291-F292-F293-F294-F295-F296-F297-F298-F299-F300-F301-F302-F303-F304-F305-F306-F307-F308-F309-F310-F311-F312-F313-F314-F315-F316-F317-F318-F319-F320-F321-F322-F323-F324-F325-F326-F327-F328-F329-F330-F331-F332-F333-F334-F335-F336-F337-F338-F339-F340-F341-F342-F343-F344-F345-F346-F347-F348-F349-F350-F351-F352-F353-F354-F355-F356-F357-F358-F359-F360-F361-F362-F363-F364-F365-F366-F367-F368-F369-F370-F371-F372-F373-F374-F375-F376-F377-F378-F379-F380-F381-F382-F383-F384-F385-F386-F387-F388-F389-F390-F391-F392-F393-F394-F395-F396-F397-F398-F399-F400-F401-F402-F403-F404-F405-F406-F407-F408-F409-F410-F411-F412-F413-F414-F415-F416-F417-F418-F419-F420-F421-F422-F423-F424-F425-F426-F427-F428-F429-F430-F431-F432-F433-F434-F435-F436-F437-F438-F439-F440-F441-F442-F443-F444-F445-F446-F447-F448-F449-F450-F451-F452-F453-F454-F455-F456-F457-F458-F459-F460-F461-F462-F463-F464-F465-F466-F467-F468-F469-F470-F471-F472-F473-F474-F475-F476-F477-F478-F479-F480-F481-F482-F483-F484-F485-F486-F487-F488-F489-F490-F491-F492-F493-F494-F495-F496-F502-F508-F509-F510-F511-F512

## Summary

Number of input bits: 512  
Number of free input bits: 10  
Number of output bits: 160

Number of direct occurrences: 39722  
Number of assignments: 30696  
Number of operations: 10673565
(xor: 10645732,
and: 14713,
or: 13120)

Total complexity: 3.463983150670998 × 10^295

Least occurring input variable: iv_504 (3873)  
Most occurring input variable: iv_507 (4088)

Most co-occurring input variables: iv_500-iv_501 (1995)  
Least co-occurring input variables: iv_498-iv_499 (1794)

Potentially most occurring input variable: iv_497/iv_507 (4334)  
Potentially least occurring input variable: iv_500/iv_501 (4070)

Least output occurring input variable: iv_503 (75)  
Most output occurring input variable: iv_506 (93)

Most output co-occurring input variables: iv_498-iv_507 (54)  
Least output co-occurring input variables: iv_497-iv_504 (33)

Potentially most output occurring input variable: iv_505/iv_507 (95)  
Potentially least output occurring input variable: iv_498/iv_507 (61)

Least complex input bit: iv_497 (2.268830838926636 × 10^293)  
Most complex input bit: iv_505 (1.10654590921785 × 10^295)

Least complex output bit: aaa_76_29 (9.031675875228264 × 10^270)  
Most complex output bit: ov_001 (5.590239871727401 × 10^294)

Least complex input/output complexity: iv_497/aaa_76_29 (5.915544002844888 × 10^268)  
Most complex input/output complexity: iv_505/ov_001 (1.7857641889534645 × 10^294)

## Input Bits

### Input Bits in Regular Order

| Input Bit | Complexity | Occurrences | Output Occurrences |
|:---------:|:----------:|:-----------:|:------------------:|
| iv_497 | 2.268830838926636 × 10^293 | 3996 | 77 |
| iv_498 | 4.525975627925115 × 10^293 | 3889 | 88 |
| iv_499 | 7.958827672116439 × 10^293 | 3875 | 81 |
| iv_500 | 1.3334483303822896 × 10^294 | 4055 | 76 |
| iv_501 | 2.183121018509752 × 10^294 | 4005 | 82 |
| iv_503 | 5.539073832424241 × 10^294 | 3986 | 75 |
| iv_504 | 8.592403349476126 × 10^294 | 3873 | 78 |
| iv_505 | 1.10654590921785 × 10^295 | 3906 | 82 |
| iv_506 | 2.0526250999526756 × 10^294 | 4049 | 93 |
| iv_507 | 2.3983373698896354 × 10^294 | 4088 | 81 |

### Input Bits Sorted by Complexity

| Input Bit | Complexity | Occurrences | Output Occurrences |
|:---------:|:----------:|:-----------:|:------------------:|
| iv_497 | 2.268830838926636 × 10^293 | 3996 | 77 |
| iv_498 | 4.525975627925115 × 10^293 | 3889 | 88 |
| iv_499 | 7.958827672116439 × 10^293 | 3875 | 81 |
| iv_500 | 1.3334483303822896 × 10^294 | 4055 | 76 |
| iv_506 | 2.0526250999526756 × 10^294 | 4049 | 93 |
| iv_501 | 2.183121018509752 × 10^294 | 4005 | 82 |
| iv_507 | 2.3983373698896354 × 10^294 | 4088 | 81 |
| iv_503 | 5.539073832424241 × 10^294 | 3986 | 75 |
| iv_504 | 8.592403349476126 × 10^294 | 3873 | 78 |
| iv_505 | 1.10654590921785 × 10^295 | 3906 | 82 |

### Input Bits Sorted by Occurrences

| Input Bit | Complexity | Occurrences | Output Occurrences |
|:---------:|:----------:|:-----------:|:------------------:|
| iv_504 | 8.592403349476126 × 10^294 | 3873 | 78 |
| iv_499 | 7.958827672116439 × 10^293 | 3875 | 81 |
| iv_498 | 4.525975627925115 × 10^293 | 3889 | 88 |
| iv_505 | 1.10654590921785 × 10^295 | 3906 | 82 |
| iv_503 | 5.539073832424241 × 10^294 | 3986 | 75 |
| iv_497 | 2.268830838926636 × 10^293 | 3996 | 77 |
| iv_501 | 2.183121018509752 × 10^294 | 4005 | 82 |
| iv_506 | 2.0526250999526756 × 10^294 | 4049 | 93 |
| iv_500 | 1.3334483303822896 × 10^294 | 4055 | 76 |
| iv_507 | 2.3983373698896354 × 10^294 | 4088 | 81 |

### Input Bits Sorted by Output Occurrences

| Input Bit | Complexity | Occurrences | Output Occurrences |
|:---------:|:----------:|:-----------:|:------------------:|
| iv_503 | 5.539073832424241 × 10^294 | 3986 | 75 |
| iv_500 | 1.3334483303822896 × 10^294 | 4055 | 76 |
| iv_497 | 2.268830838926636 × 10^293 | 3996 | 77 |
| iv_504 | 8.592403349476126 × 10^294 | 3873 | 78 |
| iv_499 | 7.958827672116439 × 10^293 | 3875 | 81 |
| iv_507 | 2.3983373698896354 × 10^294 | 4088 | 81 |
| iv_501 | 2.183121018509752 × 10^294 | 4005 | 82 |
| iv_505 | 1.10654590921785 × 10^295 | 3906 | 82 |
| iv_498 | 4.525975627925115 × 10^293 | 3889 | 88 |
| iv_506 | 2.0526250999526756 × 10^294 | 4049 | 93 |

## Input Bit Co-occurrences

### Input Bit Co-occurrences Sorted by Co-occurrences

| Input Bits | Co-occurrences | Potential Occurrences | Output Co-occurrences | Potential Output Occurrences |
|:----------:|:--------------:|:---------------------:|:---------------------:|:----------------------------:|
| iv_500-iv_501 | 1995 | 4070 | 39 | 80 |
| iv_500-iv_506 | 1953 | 4198 | 45 | 79 |
| iv_500-iv_507 | 1947 | 4249 | 37 | 83 |
| iv_497-iv_503 | 1945 | 4092 | 37 | 78 |
| iv_506-iv_507 | 1939 | 4259 | 52 | 70 |
| iv_503-iv_507 | 1935 | 4204 | 39 | 78 |
| iv_497-iv_500 | 1931 | 4189 | 35 | 83 |
| iv_501-iv_507 | 1924 | 4245 | 38 | 87 |
| iv_500-iv_503 | 1908 | 4225 | 39 | 73 |
| iv_497-iv_506 | 1901 | 4243 | 40 | 90 |

### Input Bit Co-occurrences Sorted by Potential Occurrences

| Input Bits | Co-occurrences | Potential Occurrences | Output Co-occurrences | Potential Output Occurrences |
|:----------:|:--------------:|:---------------------:|:---------------------:|:----------------------------:|
| iv_500-iv_501 | 1995 | 4070 | 39 | 80 |
| iv_499-iv_505 | 1850 | 4081 | 37 | 89 |
| iv_501-iv_504 | 1894 | 4090 | 40 | 80 |
| iv_497-iv_503 | 1945 | 4092 | 37 | 78 |
| iv_499-iv_504 | 1827 | 4094 | 38 | 83 |
| iv_497-iv_505 | 1896 | 4110 | 43 | 73 |
| iv_504-iv_505 | 1817 | 4145 | 36 | 88 |
| iv_497-iv_499 | 1862 | 4147 | 40 | 78 |
| iv_498-iv_504 | 1806 | 4150 | 46 | 74 |
| iv_504-iv_506 | 1875 | 4172 | 45 | 81 |

### Input Bit Output Co-occurrences Sorted by Output Co-occurrences

| Input Bits | Co-occurrences | Potential Occurrences | Output Co-occurrences | Potential Output Occurrences |
|:----------:|:--------------:|:---------------------:|:---------------------:|:----------------------------:|
| iv_498-iv_506 | 1875 | 4188 | 54 | 73 |
| iv_498-iv_507 | 1872 | 4233 | 54 | 61 |
| iv_506-iv_507 | 1939 | 4259 | 52 | 70 |
| iv_499-iv_506 | 1829 | 4266 | 49 | 76 |
| iv_498-iv_499 | 1794 | 4176 | 48 | 73 |
| iv_498-iv_501 | 1834 | 4226 | 46 | 78 |
| iv_498-iv_504 | 1806 | 4150 | 46 | 74 |
| iv_497-iv_498 | 1826 | 4233 | 46 | 73 |
| iv_500-iv_506 | 1953 | 4198 | 45 | 79 |
| iv_501-iv_506 | 1864 | 4326 | 45 | 85 |

### Input Bit Output Co-occurrences Sorted by Potential Output Occurrences

| Input Bits | Co-occurrences | Potential Occurrences | Output Co-occurrences | Potential Output Occurrences |
|:----------:|:--------------:|:---------------------:|:---------------------:|:----------------------------:|
| iv_498-iv_507 | 1872 | 4233 | 54 | 61 |
| iv_506-iv_507 | 1939 | 4259 | 52 | 70 |
| iv_498-iv_499 | 1794 | 4176 | 48 | 73 |
| iv_498-iv_506 | 1875 | 4188 | 54 | 73 |
| iv_499-iv_500 | 1858 | 4214 | 42 | 73 |
| iv_497-iv_505 | 1896 | 4110 | 43 | 73 |
| iv_497-iv_498 | 1826 | 4233 | 46 | 73 |
| iv_500-iv_503 | 1908 | 4225 | 39 | 73 |
| iv_498-iv_504 | 1806 | 4150 | 46 | 74 |
| iv_499-iv_506 | 1829 | 4266 | 49 | 76 |

## Output Bits

### Output Bits in Regular Order

| Rank | Output Bit | Complexity |
|:----:|:----------:|:----------:|
| 1 | ov_001 | 5.590239871727401 × 10^294 |
| 2 | ov_002 | 4.8406241890850565 × 10^294 |
| 3 | ov_003 | 4.169875810113904 × 10^294 |
| 4 | ov_004 | 3.57197466775566 × 10^294 |
| 5 | ov_005 | 3.041229269153692 × 10^294 |
| 6 | ov_006 | 2.572253228920897 × 10^294 |
| 7 | ov_007 | 2.1599448572522994 × 10^294 |
| 8 | ov_008 | 1.7994696137034042 × 10^294 |
| 9 | ov_009 | 1.486245191553148 × 10^294 |
| 10 | ov_010 | 1.2159289544968006 × 10^294 |
| 11 | ov_011 | 9.844074441761084 × 10^293 |
| 12 | ov_012 | 7.877876931031795 × 10^293 |
| 13 | ov_013 | 6.223901069645038 × 10^293 |
| 14 | ov_014 | 4.847427231692434 × 10^293 |
| 15 | ov_015 | 3.715766678781037 × 10^293 |
| 16 | ov_016 | 2.798226216587327 × 10^293 |
| 17 | ov_017 | 2.066081054016253 × 10^293 |
| 18 | ov_018 | 1.4925541322178968 × 10^293 |
| 19 | ov_019 | 1.0528004212933292 × 10^293 |
| 20 | ov_020 | 7.238950636914748 × 10^292 |
| 21 | ov_021 | 4.848245961808025 × 10^292 |
| 22 | ov_022 | 3.1648064668755094 × 10^292 |
| 23 | ov_023 | 2.016555771424464 × 10^292 |
| 24 | ov_024 | 1.2503961829766225 × 10^292 |
| 25 | ov_025 | 7.321911728028055 × 10^291 |
| 26 | ov_026 | 3.996111655547875 × 10^291 |
| 27 | ov_027 | 1.998007769893901 × 10^291 |
| 28 | ov_028 | 8.937748955157493 × 10^290 |
| 29 | ov_029 | 3.4431199345515476 × 10^290 |
| 30 | ov_030 | 1.052409744389794 × 10^290 |
| 31 | ov_031 | 2.0524815203627046 × 10^289 |
| 32 | lv_80_m31 | 4.00239349947305 × 10^288 |
| 33 | ov_033 | 4.807303154038017 × 10^289 |
| 34 | ov_034 | 4.1691386775116276 × 10^289 |
| 35 | ov_035 | 3.598955041277792 × 10^289 |
| 36 | ov_036 | 3.090880161673484 × 10^289 |
| 37 | ov_037 | 2.639356041245581 × 10^289 |
| 38 | ov_038 | 2.2391166912611825 × 10^289 |
| 39 | ov_039 | 1.8851691225064444 × 10^289 |
| 40 | ov_040 | 1.5727770982323572 × 10^289 |
| 41 | ov_041 | 1.299634820666055 × 10^289 |
| 42 | ov_042 | 1.0635548309283578 × 10^289 |
| 43 | ov_043 | 8.624627439108253 × 10^288 |
| 44 | ov_044 | 6.925324100214182 × 10^288 |
| 45 | ov_045 | 5.5014517056843636 × 10^288 |
| 46 | ov_046 | 4.318847390356855 × 10^288 |
| 47 | ov_047 | 3.345331778787144 × 10^288 |
| 48 | ov_048 | 2.5506779291591093 × 10^288 |
| 49 | ov_049 | 1.9202571170238135 × 10^288 |
| 50 | ov_050 | 1.4276827286078927 × 10^288 |
| 51 | ov_051 | 1.0484667241616404 × 10^288 |
| 52 | ov_052 | 7.600102666915211 × 10^287 |
| 53 | ov_053 | 5.415969468676106 × 10^287 |
| 54 | ov_054 | 3.7438801070135526 × 10^287 |
| 55 | ov_055 | 2.4943300830661404 × 10^287 |
| 56 | ov_056 | 1.5871806209720895 × 10^287 |
| 57 | ov_057 | 9.516506853442911 × 10^286 |
| 58 | ov_058 | 5.263123435934086 × 10^286 |
| 59 | ov_059 | 2.590883026588646 × 10^286 |
| 60 | ov_060 | 1.0725076590637907 × 10^286 |
| 61 | ov_061 | 3.742101165984804 × 10^285 |
| 62 | ov_062 | 1.0253541722333523 × 10^285 |
| 63 | ov_063 | 1.996012646317992 × 10^284 |
| 64 | lv_79_m31 | 3.884659264296492 × 10^283 |
| 65 | ov_065 | 4.596676772494693 × 10^284 |
| 66 | ov_066 | 4.596661595038156 × 10^284 |
| 67 | ov_067 | 4.596657880179958 × 10^284 |
| 68 | ov_068 | 3.9617361026547464 × 10^284 |
| 69 | ov_069 | 3.396701052310804 × 10^284 |
| 70 | ov_070 | 2.895805681978413 × 10^284 |
| 71 | ov_071 | 2.4536567427695206 × 10^284 |
| 72 | ov_072 | 2.0651908158548527 × 10^284 |
| 73 | ov_073 | 1.725652459414676 × 10^284 |
| 74 | ov_074 | 1.4305743600360486 × 10^284 |
| 75 | ov_075 | 1.1757593818909126 × 10^284 |
| 76 | ov_076 | 9.572644103331755 × 10^283 |
| 77 | ov_077 | 7.713858892019364 × 10^283 |
| 78 | ov_078 | 6.146469532084845 × 10^283 |
| 79 | ov_079 | 4.837860584062686 × 10^283 |
| 80 | ov_080 | 3.75747014978622 × 10^283 |
| 81 | ov_081 | 2.8767032750503664 × 10^283 |
| 82 | ov_082 | 2.1688574855211707 × 10^283 |
| 83 | ov_083 | 1.6090595193859043 × 10^283 |
| 84 | ov_084 | 1.174212323896577 × 10^283 |
| 85 | ov_085 | 8.429513855655157 × 10^282 |
| 86 | ov_086 | 5.956094655662716 × 10^282 |
| 87 | ov_087 | 4.141888130765409 × 10^282 |
| 88 | ov_088 | 2.823399300391903 × 10^282 |
| 89 | ov_089 | 1.853459612480272 × 10^282 |
| 90 | ov_090 | 1.1625501122057144 × 10^282 |
| 91 | ov_091 | 6.892385262973858 × 10^281 |
| 92 | ov_092 | 3.8015185647784866 × 10^281 |
| 93 | ov_093 | 1.899609770631652 × 10^281 |
| 94 | ov_094 | 8.137306885094948 × 10^280 |
| 95 | aaa_78_28 | 2.512853118155415 × 10^280 |
| 96 | aaa_78_29 | 7.717698767571862 × 10^279 |
| 97 | ov_097 | 5.0978662452954856 × 10^279 |
| 98 | ov_098 | 5.097714204856128 × 10^279 |
| 99 | ov_099 | 5.0976656946918055 × 10^279 |
| 100 | ov_100 | 4.587868767139579 × 10^279 |
| 101 | ov_101 | 4.115563898768074 × 10^279 |
| 102 | ov_102 | 3.6787123333941974 × 10^279 |
| 103 | ov_103 | 3.2754241412141 × 10^279 |
| 104 | ov_104 | 2.903938320870689 × 10^279 |
| 105 | ov_105 | 2.562604757733094 × 10^279 |
| 106 | ov_106 | 2.2498679449525185 × 10^279 |
| 107 | ov_107 | 1.9642523767811777 × 10^279 |
| 108 | ov_108 | 1.704349525920736 × 10^279 |
| 109 | ov_109 | 1.4688063184109765 × 10^279 |
| 110 | ov_110 | 1.2563150208676276 × 10^279 |
| 111 | ov_111 | 1.0656044558090787 × 10^279 |
| 112 | ov_112 | 8.95432461446989 × 10^278 |
| 113 | ov_113 | 7.445795127273388 × 10^278 |
| 114 | ov_114 | 6.118434206656813 × 10^278 |
| 115 | ov_115 | 4.960350271826934 × 10^278 |
| 116 | ov_116 | 3.9597481275543845 × 10^278 |
| 117 | ov_117 | 3.1049033427854998 × 10^278 |
| 118 | ov_118 | 2.3841433259916008 × 10^278 |
| 119 | ov_119 | 1.7858328155172402 × 10^278 |
| 120 | ov_120 | 1.2983624895032333 × 10^278 |
| 121 | ov_121 | 9.101402830382749 × 10^277 |
| 122 | ov_122 | 6.095850002387399 × 10^277 |
| 123 | ov_123 | 3.8512180897834747 × 10^277 |
| 124 | ov_124 | 2.2517920598860666 × 10^277 |
| 125 | ov_125 | 1.1818713971414161 × 10^277 |
| 126 | ov_126 | 5.257605447271694 × 10^276 |
| 127 | aaa_77_28 | 1.6776524274095734 × 10^276 |
| 128 | aaa_77_29 | 6.282601394208064 × 10^275 |
| 129 | ov_129 | 5.748509538982319 × 10^275 |
| 130 | ov_130 | 5.748491987104678 × 10^275 |
| 131 | ov_131 | 5.748487755356215 × 10^275 |
| 132 | ov_132 | 4.967636923613943 × 10^275 |
| 133 | ov_133 | 4.269876759327199 × 10^275 |
| 134 | ov_134 | 3.6488907604761204 × 10^275 |
| 135 | ov_135 | 3.0986896534791256 × 10^275 |
| 136 | ov_136 | 2.6135880102062063 × 10^275 |
| 137 | ov_137 | 2.1881844206536272 × 10^275 |
| 138 | ov_138 | 1.81734485079462 × 10^275 |
| 139 | ov_139 | 1.4961888335827632 × 10^275 |
| 140 | ov_140 | 1.2200781591102164 × 10^275 |
| 141 | ov_141 | 9.846077476248485 × 10^274 |
| 142 | ov_142 | 7.85598406580569 × 10^274 |
| 143 | ov_143 | 6.190911902069448 × 10^274 |
| 144 | ov_144 | 4.813430972920059 × 10^274 |
| 145 | ov_145 | 3.6882387332415558 × 10^274 |
| 146 | ov_146 | 2.782137268564071 × 10^274 |
| 147 | ov_147 | 2.0640178701347497 × 10^274 |
| 148 | ov_148 | 1.5048511946763905 × 10^274 |
| 149 | ov_149 | 1.0776812190634341 × 10^274 |
| 150 | ov_150 | 7.57621450093291 × 10^273 |
| 151 | ov_151 | 5.218523181951397 × 10^273 |
| 152 | ov_152 | 3.4961924890891684 × 10^273 |
| 153 | ov_153 | 2.2223124726326482 × 10^273 |
| 154 | ov_154 | 1.3085856309662346 × 10^273 |
| 155 | ov_155 | 6.770254084444724 × 10^272 |
| 156 | aaa_76_25 | 2.599538598277338 × 10^272 |
| 157 | aaa_76_26 | 1.4990060365773616 × 10^272 |
| 158 | aaa_76_27 | 7.660563601030006 × 10^271 |
| 159 | aaa_76_28 | 2.976287276635853 × 10^271 |
| 160 | aaa_76_29 | 9.031675875228264 × 10^270 |

### Output Bits Sorted by Complexity

| Rank | Output Bit | Complexity |
|:----:|:----------:|:----------:|
| 160 | aaa_76_29 | 9.031675875228264 × 10^270 |
| 159 | aaa_76_28 | 2.976287276635853 × 10^271 |
| 158 | aaa_76_27 | 7.660563601030006 × 10^271 |
| 157 | aaa_76_26 | 1.4990060365773616 × 10^272 |
| 156 | aaa_76_25 | 2.599538598277338 × 10^272 |
| 155 | ov_155 | 6.770254084444724 × 10^272 |
| 154 | ov_154 | 1.3085856309662346 × 10^273 |
| 153 | ov_153 | 2.2223124726326482 × 10^273 |
| 152 | ov_152 | 3.4961924890891684 × 10^273 |
| 151 | ov_151 | 5.218523181951397 × 10^273 |
| 150 | ov_150 | 7.57621450093291 × 10^273 |
| 149 | ov_149 | 1.0776812190634341 × 10^274 |
| 148 | ov_148 | 1.5048511946763905 × 10^274 |
| 147 | ov_147 | 2.0640178701347497 × 10^274 |
| 146 | ov_146 | 2.782137268564071 × 10^274 |
| 145 | ov_145 | 3.6882387332415558 × 10^274 |
| 144 | ov_144 | 4.813430972920059 × 10^274 |
| 143 | ov_143 | 6.190911902069448 × 10^274 |
| 142 | ov_142 | 7.85598406580569 × 10^274 |
| 141 | ov_141 | 9.846077476248485 × 10^274 |
| 140 | ov_140 | 1.2200781591102164 × 10^275 |
| 139 | ov_139 | 1.4961888335827632 × 10^275 |
| 138 | ov_138 | 1.81734485079462 × 10^275 |
| 137 | ov_137 | 2.1881844206536272 × 10^275 |
| 136 | ov_136 | 2.6135880102062063 × 10^275 |
| 135 | ov_135 | 3.0986896534791256 × 10^275 |
| 134 | ov_134 | 3.6488907604761204 × 10^275 |
| 133 | ov_133 | 4.269876759327199 × 10^275 |
| 132 | ov_132 | 4.967636923613943 × 10^275 |
| 131 | ov_131 | 5.748487755356215 × 10^275 |
| 130 | ov_130 | 5.748491987104678 × 10^275 |
| 129 | ov_129 | 5.748509538982319 × 10^275 |
| 128 | aaa_77_29 | 6.282601394208064 × 10^275 |
| 127 | aaa_77_28 | 1.6776524274095734 × 10^276 |
| 126 | ov_126 | 5.257605447271694 × 10^276 |
| 125 | ov_125 | 1.1818713971414161 × 10^277 |
| 124 | ov_124 | 2.2517920598860666 × 10^277 |
| 123 | ov_123 | 3.8512180897834747 × 10^277 |
| 122 | ov_122 | 6.095850002387399 × 10^277 |
| 121 | ov_121 | 9.101402830382749 × 10^277 |
| 120 | ov_120 | 1.2983624895032333 × 10^278 |
| 119 | ov_119 | 1.7858328155172402 × 10^278 |
| 118 | ov_118 | 2.3841433259916008 × 10^278 |
| 117 | ov_117 | 3.1049033427854998 × 10^278 |
| 116 | ov_116 | 3.9597481275543845 × 10^278 |
| 115 | ov_115 | 4.960350271826934 × 10^278 |
| 114 | ov_114 | 6.118434206656813 × 10^278 |
| 113 | ov_113 | 7.445795127273388 × 10^278 |
| 112 | ov_112 | 8.95432461446989 × 10^278 |
| 111 | ov_111 | 1.0656044558090787 × 10^279 |
| 110 | ov_110 | 1.2563150208676276 × 10^279 |
| 109 | ov_109 | 1.4688063184109765 × 10^279 |
| 108 | ov_108 | 1.704349525920736 × 10^279 |
| 107 | ov_107 | 1.9642523767811777 × 10^279 |
| 106 | ov_106 | 2.2498679449525185 × 10^279 |
| 105 | ov_105 | 2.562604757733094 × 10^279 |
| 104 | ov_104 | 2.903938320870689 × 10^279 |
| 103 | ov_103 | 3.2754241412141 × 10^279 |
| 102 | ov_102 | 3.6787123333941974 × 10^279 |
| 101 | ov_101 | 4.115563898768074 × 10^279 |
| 100 | ov_100 | 4.587868767139579 × 10^279 |
| 99 | ov_099 | 5.0976656946918055 × 10^279 |
| 98 | ov_098 | 5.097714204856128 × 10^279 |
| 97 | ov_097 | 5.0978662452954856 × 10^279 |
| 96 | aaa_78_29 | 7.717698767571862 × 10^279 |
| 95 | aaa_78_28 | 2.512853118155415 × 10^280 |
| 94 | ov_094 | 8.137306885094948 × 10^280 |
| 93 | ov_093 | 1.899609770631652 × 10^281 |
| 92 | ov_092 | 3.8015185647784866 × 10^281 |
| 91 | ov_091 | 6.892385262973858 × 10^281 |
| 90 | ov_090 | 1.1625501122057144 × 10^282 |
| 89 | ov_089 | 1.853459612480272 × 10^282 |
| 88 | ov_088 | 2.823399300391903 × 10^282 |
| 87 | ov_087 | 4.141888130765409 × 10^282 |
| 86 | ov_086 | 5.956094655662716 × 10^282 |
| 85 | ov_085 | 8.429513855655157 × 10^282 |
| 84 | ov_084 | 1.174212323896577 × 10^283 |
| 83 | ov_083 | 1.6090595193859043 × 10^283 |
| 82 | ov_082 | 2.1688574855211707 × 10^283 |
| 81 | ov_081 | 2.8767032750503664 × 10^283 |
| 80 | ov_080 | 3.75747014978622 × 10^283 |
| 64 | lv_79_m31 | 3.884659264296492 × 10^283 |
| 79 | ov_079 | 4.837860584062686 × 10^283 |
| 78 | ov_078 | 6.146469532084845 × 10^283 |
| 77 | ov_077 | 7.713858892019364 × 10^283 |
| 76 | ov_076 | 9.572644103331755 × 10^283 |
| 75 | ov_075 | 1.1757593818909126 × 10^284 |
| 74 | ov_074 | 1.4305743600360486 × 10^284 |
| 73 | ov_073 | 1.725652459414676 × 10^284 |
| 63 | ov_063 | 1.996012646317992 × 10^284 |
| 72 | ov_072 | 2.0651908158548527 × 10^284 |
| 71 | ov_071 | 2.4536567427695206 × 10^284 |
| 70 | ov_070 | 2.895805681978413 × 10^284 |
| 69 | ov_069 | 3.396701052310804 × 10^284 |
| 68 | ov_068 | 3.9617361026547464 × 10^284 |
| 67 | ov_067 | 4.596657880179958 × 10^284 |
| 66 | ov_066 | 4.596661595038156 × 10^284 |
| 65 | ov_065 | 4.596676772494693 × 10^284 |
| 62 | ov_062 | 1.0253541722333523 × 10^285 |
| 61 | ov_061 | 3.742101165984804 × 10^285 |
| 60 | ov_060 | 1.0725076590637907 × 10^286 |
| 59 | ov_059 | 2.590883026588646 × 10^286 |
| 58 | ov_058 | 5.263123435934086 × 10^286 |
| 57 | ov_057 | 9.516506853442911 × 10^286 |
| 56 | ov_056 | 1.5871806209720895 × 10^287 |
| 55 | ov_055 | 2.4943300830661404 × 10^287 |
| 54 | ov_054 | 3.7438801070135526 × 10^287 |
| 53 | ov_053 | 5.415969468676106 × 10^287 |
| 52 | ov_052 | 7.600102666915211 × 10^287 |
| 51 | ov_051 | 1.0484667241616404 × 10^288 |
| 50 | ov_050 | 1.4276827286078927 × 10^288 |
| 49 | ov_049 | 1.9202571170238135 × 10^288 |
| 48 | ov_048 | 2.5506779291591093 × 10^288 |
| 47 | ov_047 | 3.345331778787144 × 10^288 |
| 32 | lv_80_m31 | 4.00239349947305 × 10^288 |
| 46 | ov_046 | 4.318847390356855 × 10^288 |
| 45 | ov_045 | 5.5014517056843636 × 10^288 |
| 44 | ov_044 | 6.925324100214182 × 10^288 |
| 43 | ov_043 | 8.624627439108253 × 10^288 |
| 42 | ov_042 | 1.0635548309283578 × 10^289 |
| 41 | ov_041 | 1.299634820666055 × 10^289 |
| 40 | ov_040 | 1.5727770982323572 × 10^289 |
| 39 | ov_039 | 1.8851691225064444 × 10^289 |
| 31 | ov_031 | 2.0524815203627046 × 10^289 |
| 38 | ov_038 | 2.2391166912611825 × 10^289 |
| 37 | ov_037 | 2.639356041245581 × 10^289 |
| 36 | ov_036 | 3.090880161673484 × 10^289 |
| 35 | ov_035 | 3.598955041277792 × 10^289 |
| 34 | ov_034 | 4.1691386775116276 × 10^289 |
| 33 | ov_033 | 4.807303154038017 × 10^289 |
| 30 | ov_030 | 1.052409744389794 × 10^290 |
| 29 | ov_029 | 3.4431199345515476 × 10^290 |
| 28 | ov_028 | 8.937748955157493 × 10^290 |
| 27 | ov_027 | 1.998007769893901 × 10^291 |
| 26 | ov_026 | 3.996111655547875 × 10^291 |
| 25 | ov_025 | 7.321911728028055 × 10^291 |
| 24 | ov_024 | 1.2503961829766225 × 10^292 |
| 23 | ov_023 | 2.016555771424464 × 10^292 |
| 22 | ov_022 | 3.1648064668755094 × 10^292 |
| 21 | ov_021 | 4.848245961808025 × 10^292 |
| 20 | ov_020 | 7.238950636914748 × 10^292 |
| 19 | ov_019 | 1.0528004212933292 × 10^293 |
| 18 | ov_018 | 1.4925541322178968 × 10^293 |
| 17 | ov_017 | 2.066081054016253 × 10^293 |
| 16 | ov_016 | 2.798226216587327 × 10^293 |
| 15 | ov_015 | 3.715766678781037 × 10^293 |
| 14 | ov_014 | 4.847427231692434 × 10^293 |
| 13 | ov_013 | 6.223901069645038 × 10^293 |
| 12 | ov_012 | 7.877876931031795 × 10^293 |
| 11 | ov_011 | 9.844074441761084 × 10^293 |
| 10 | ov_010 | 1.2159289544968006 × 10^294 |
| 9 | ov_009 | 1.486245191553148 × 10^294 |
| 8 | ov_008 | 1.7994696137034042 × 10^294 |
| 7 | ov_007 | 2.1599448572522994 × 10^294 |
| 6 | ov_006 | 2.572253228920897 × 10^294 |
| 5 | ov_005 | 3.041229269153692 × 10^294 |
| 4 | ov_004 | 3.57197466775566 × 10^294 |
| 3 | ov_003 | 4.169875810113904 × 10^294 |
| 2 | ov_002 | 4.8406241890850565 × 10^294 |
| 1 | ov_001 | 5.590239871727401 × 10^294 |

