# Results for F001-F002-F003-F004-F005-F006-F007-F008-F009-F010-F011-F012-F013-F014-F015-F016-F017-F018-F019-F020-F021-F022-F023-F024-F025-F026-F027-F028-F029-F030-F031-F032-F033-F034-F035-F036-F037-F038-F039-F040-F041-F042-F043-F044-F045-F046-F047-F048-F049-F050-F051-F052-F053-F054-F055-F056-F057-F058-F059-F060-F061-F062-F063-F064-F065-F066-F067-F068-F069-F070-F071-F072-F073-F074-F075-F076-F077-F078-F079-F080-F081-F082-F083-F084-F085-F086-F087-F088-F089-F090-F091-F092-F093-F094-F095-F096-F097-F098-F099-F100-F101-F102-F103-F104-F105-F106-F107-F108-F109-F110-F111-F112-F113-F114-F115-F116-F117-F118-F119-F120-F121-F122-F123-F124-F125-F126-F127-F128-F129-F130-F131-F132-F133-F134-F135-F136-F137-F138-F139-F140-F141-F142-F143-F144-F145-F146-F147-F148-F149-F150-F151-F152-F153-F154-F155-F156-F157-F158-F159-F160-F161-F162-F163-F164-F165-F166-F167-F168-F169-F170-F171-F172-F173-F174-F175-F176-F177-F178-F179-F180-F181-F182-F183-F184-F185-F186-F187-F188-F189-F190-F191-F192-F193-F194-F195-F196-F197-F198-F199-F200-F201-F202-F203-F204-F205-F206-F207-F208-F209-F210-F211-F212-F213-F214-F215-F216-F217-F218-F219-F220-F221-F222-F223-F224-F225-F226-F227-F228-F229-F230-F231-F232-F233-F234-F235-F236-F237-F238-F239-F240-F241-F242-F243-F244-F245-F246-F247-F248-F249-F250-F251-F252-F253-F254-F255-F256-F257-F258-F259-F260-F261-F262-F263-F264-F265-F266-F267-F268-F269-F270-F271-F272-F273-F274-F275-F276-F277-F278-F279-F280-F281-F282-F283-F284-F285-F286-F287-F288-F289-F290-F291-F292-F293-F294-F295-F296-F297-F298-F299-F300-F301-F302-F303-F304-F305-F306-F307-F308-F309-F310-F311-F312-F313-F314-F315-F316-F317-F318-F319-F320-F321-F322-F323-F324-F325-F326-F327-F328-F329-F330-F331-F332-F333-F334-F335-F336-F337-F338-F339-F340-F341-F342-F343-F344-F345-F346-F347-F348-F349-F350-F351-F352-F353-F354-F355-F356-F357-F358-F359-F360-F361-F362-F363-F364-F365-F366-F367-F368-F369-F370-F371-F372-F373-F374-F375-F376-F377-F378-F379-F380-F381-F382-F383-F384-F385-F386-F387-F388-F389-F390-F391-F392-F393-F394-F395-F396-F397-F398-F399-F400-F401-F402-F403-F404-F405-F406-F407-F408-F409-F410-F411-F412-F413-F414-F415-F416-F417-F418-F419-F420-F421-F422-F423-F424-F425-F426-F427-F428-F429-F430-F431-F432-F433-F434-F435-F436-F437-F438-F439-F440-F441-F442-F443-F444-F445-F446-F447-F448-F449-F450-F451-F452-F453-F454-F455-F456-F457-F458-F459-F460-F461-F462-F463-F464-F465-F466-F467-F468-F469-F470-F471-F472-F473-F474-F475-F476-F477-F478-F479-F480-F481-F482-F483-F484-F485-F486-F487-F488-F489-F490-F491-F492-F493-F494-F495-F496-E500511-F507-F508-F509-F510-F512

## Summary

Number of input bits: 512  
Number of free input bits: 10  
Number of output bits: 160

Number of direct occurrences: 40795  
Number of assignments: 31186  
Number of operations: 11088124
(xor: 11059825,
and: 15070,
or: 13229)

Total complexity: 6.833696118196503 × 10^298

Least occurring input variable: iv_502 (3900)  
Most occurring input variable: iv_500 (4347)

Most co-occurring input variables: iv_503-iv_505 (1995)  
Least co-occurring input variables: iv_499-iv_506 (1799)

Potentially most occurring input variable: iv_497/iv_500 (4669)  
Potentially least occurring input variable: iv_499/iv_504 (4127)

Least output occurring input variable: iv_502 (70)  
Most output occurring input variable: iv_503 (85)

Most output co-occurring input variables: iv_501-iv_505 (48)  
Least output co-occurring input variables: iv_497-iv_502 (33)

Potentially most output occurring input variable: iv_497/iv_503 (94)  
Potentially least output occurring input variable: iv_497/iv_498 (65)

Least complex input bit: iv_497 (3.946666531936942 × 10^296)  
Most complex input bit: iv_505 (2.181546468762733 × 10^298)

Least complex output bit: aaa_76_29 (1.5558629421786377 × 10^274)  
Most complex output bit: ov_001 (1.0683118715400078 × 10^298)

Least complex input/output complexity: iv_497/aaa_76_29 (8.985579832598572 × 10^271)  
Most complex input/output complexity: iv_505/ov_001 (3.4104120970343576 × 10^297)

## Input Bits

### Input Bits in Regular Order

| Input Bit | Complexity | Occurrences | Output Occurrences |
|:---------:|:----------:|:-----------:|:------------------:|
| iv_497 | 3.946666531936942 × 10^296 | 4056 | 77 |
| iv_498 | 7.872949857467284 × 10^296 | 4034 | 74 |
| iv_499 | 1.4137947218961986 × 10^297 | 3954 | 81 |
| iv_500 | 2.4323082977236595 × 10^297 | 4347 | 80 |
| iv_501 | 4.077417857201405 × 10^297 | 4087 | 82 |
| iv_502 | 6.688118067755573 × 10^297 | 3900 | 70 |
| iv_503 | 1.0737443645594186 × 10^298 | 4161 | 85 |
| iv_504 | 1.6869494698966448 × 10^298 | 4109 | 83 |
| iv_505 | 2.181546468762733 × 10^298 | 4118 | 83 |
| iv_506 | 3.1209575662598586 × 10^297 | 4029 | 77 |

### Input Bits Sorted by Complexity

| Input Bit | Complexity | Occurrences | Output Occurrences |
|:---------:|:----------:|:-----------:|:------------------:|
| iv_497 | 3.946666531936942 × 10^296 | 4056 | 77 |
| iv_498 | 7.872949857467284 × 10^296 | 4034 | 74 |
| iv_499 | 1.4137947218961986 × 10^297 | 3954 | 81 |
| iv_500 | 2.4323082977236595 × 10^297 | 4347 | 80 |
| iv_506 | 3.1209575662598586 × 10^297 | 4029 | 77 |
| iv_501 | 4.077417857201405 × 10^297 | 4087 | 82 |
| iv_502 | 6.688118067755573 × 10^297 | 3900 | 70 |
| iv_503 | 1.0737443645594186 × 10^298 | 4161 | 85 |
| iv_504 | 1.6869494698966448 × 10^298 | 4109 | 83 |
| iv_505 | 2.181546468762733 × 10^298 | 4118 | 83 |

### Input Bits Sorted by Occurrences

| Input Bit | Complexity | Occurrences | Output Occurrences |
|:---------:|:----------:|:-----------:|:------------------:|
| iv_502 | 6.688118067755573 × 10^297 | 3900 | 70 |
| iv_499 | 1.4137947218961986 × 10^297 | 3954 | 81 |
| iv_506 | 3.1209575662598586 × 10^297 | 4029 | 77 |
| iv_498 | 7.872949857467284 × 10^296 | 4034 | 74 |
| iv_497 | 3.946666531936942 × 10^296 | 4056 | 77 |
| iv_501 | 4.077417857201405 × 10^297 | 4087 | 82 |
| iv_504 | 1.6869494698966448 × 10^298 | 4109 | 83 |
| iv_505 | 2.181546468762733 × 10^298 | 4118 | 83 |
| iv_503 | 1.0737443645594186 × 10^298 | 4161 | 85 |
| iv_500 | 2.4323082977236595 × 10^297 | 4347 | 80 |

### Input Bits Sorted by Output Occurrences

| Input Bit | Complexity | Occurrences | Output Occurrences |
|:---------:|:----------:|:-----------:|:------------------:|
| iv_502 | 6.688118067755573 × 10^297 | 3900 | 70 |
| iv_498 | 7.872949857467284 × 10^296 | 4034 | 74 |
| iv_506 | 3.1209575662598586 × 10^297 | 4029 | 77 |
| iv_497 | 3.946666531936942 × 10^296 | 4056 | 77 |
| iv_500 | 2.4323082977236595 × 10^297 | 4347 | 80 |
| iv_499 | 1.4137947218961986 × 10^297 | 3954 | 81 |
| iv_501 | 4.077417857201405 × 10^297 | 4087 | 82 |
| iv_505 | 2.181546468762733 × 10^298 | 4118 | 83 |
| iv_504 | 1.6869494698966448 × 10^298 | 4109 | 83 |
| iv_503 | 1.0737443645594186 × 10^298 | 4161 | 85 |

## Input Bit Co-occurrences

### Input Bit Co-occurrences Sorted by Co-occurrences

| Input Bits | Co-occurrences | Potential Occurrences | Output Co-occurrences | Potential Output Occurrences |
|:----------:|:--------------:|:---------------------:|:---------------------:|:----------------------------:|
| iv_503-iv_505 | 1995 | 4289 | 40 | 88 |
| iv_498-iv_504 | 1990 | 4163 | 39 | 79 |
| iv_497-iv_505 | 1982 | 4210 | 43 | 74 |
| iv_501-iv_505 | 1982 | 4241 | 48 | 69 |
| iv_497-iv_503 | 1975 | 4267 | 34 | 94 |
| iv_501-iv_503 | 1972 | 4304 | 42 | 83 |
| iv_499-iv_504 | 1968 | 4127 | 42 | 80 |
| iv_500-iv_503 | 1964 | 4580 | 40 | 85 |
| iv_501-iv_504 | 1960 | 4276 | 43 | 79 |
| iv_498-iv_505 | 1950 | 4252 | 39 | 79 |

### Input Bit Co-occurrences Sorted by Potential Occurrences

| Input Bits | Co-occurrences | Potential Occurrences | Output Co-occurrences | Potential Output Occurrences |
|:----------:|:--------------:|:---------------------:|:---------------------:|:----------------------------:|
| iv_499-iv_504 | 1968 | 4127 | 42 | 80 |
| iv_499-iv_502 | 1854 | 4146 | 37 | 77 |
| iv_498-iv_504 | 1990 | 4163 | 39 | 79 |
| iv_498-iv_499 | 1908 | 4172 | 39 | 77 |
| iv_497-iv_505 | 1982 | 4210 | 43 | 74 |
| iv_497-iv_499 | 1898 | 4214 | 40 | 78 |
| iv_501-iv_505 | 1982 | 4241 | 48 | 69 |
| iv_502-iv_506 | 1844 | 4241 | 34 | 79 |
| iv_501-iv_502 | 1872 | 4243 | 34 | 84 |
| iv_502-iv_505 | 1887 | 4244 | 42 | 69 |

### Input Bit Output Co-occurrences Sorted by Output Co-occurrences

| Input Bits | Co-occurrences | Potential Occurrences | Output Co-occurrences | Potential Output Occurrences |
|:----------:|:--------------:|:---------------------:|:---------------------:|:----------------------------:|
| iv_501-iv_505 | 1982 | 4241 | 48 | 69 |
| iv_499-iv_503 | 1911 | 4293 | 45 | 76 |
| iv_504-iv_505 | 1948 | 4331 | 44 | 78 |
| iv_500-iv_506 | 1858 | 4660 | 44 | 69 |
| iv_499-iv_501 | 1891 | 4259 | 43 | 77 |
| iv_501-iv_504 | 1960 | 4276 | 43 | 79 |
| iv_499-iv_505 | 1860 | 4352 | 43 | 78 |
| iv_497-iv_498 | 1904 | 4282 | 43 | 65 |
| iv_497-iv_505 | 1982 | 4210 | 43 | 74 |
| iv_502-iv_505 | 1887 | 4244 | 42 | 69 |

### Input Bit Output Co-occurrences Sorted by Potential Output Occurrences

| Input Bits | Co-occurrences | Potential Occurrences | Output Co-occurrences | Potential Output Occurrences |
|:----------:|:--------------:|:---------------------:|:---------------------:|:----------------------------:|
| iv_497-iv_498 | 1904 | 4282 | 43 | 65 |
| iv_502-iv_505 | 1887 | 4244 | 42 | 69 |
| iv_501-iv_505 | 1982 | 4241 | 48 | 69 |
| iv_500-iv_506 | 1858 | 4660 | 44 | 69 |
| iv_498-iv_500 | 1926 | 4529 | 42 | 70 |
| iv_498-iv_506 | 1906 | 4251 | 39 | 73 |
| iv_497-iv_505 | 1982 | 4210 | 43 | 74 |
| iv_500-iv_502 | 1858 | 4531 | 38 | 74 |
| iv_497-iv_500 | 1867 | 4669 | 41 | 75 |
| iv_499-iv_506 | 1799 | 4385 | 41 | 76 |

## Output Bits

### Output Bits in Regular Order

| Rank | Output Bit | Complexity |
|:----:|:----------:|:----------:|
| 1 | ov_001 | 1.0683118715400078 × 10^298 |
| 2 | ov_002 | 9.296186048135413 × 10^297 |
| 3 | ov_003 | 8.050997329479138 × 10^297 |
| 4 | ov_004 | 6.936930584478049 × 10^297 |
| 5 | ov_005 | 5.9439459941527017 × 10^297 |
| 6 | ov_006 | 5.06254391235741 × 10^297 |
| 7 | ov_007 | 4.2837283495375626 × 10^297 |
| 8 | ov_008 | 3.598975592837857 × 10^297 |
| 9 | ov_009 | 3.0002075520153925 × 10^297 |
| 10 | ov_010 | 2.4797693453912966 × 10^297 |
| 11 | ov_011 | 2.0304106345811308 × 10^297 |
| 12 | ov_012 | 1.645270244903159 × 10^297 |
| 13 | ov_013 | 1.317863635987332 × 10^297 |
| 14 | ov_014 | 1.042072814313702 × 10^297 |
| 15 | ov_015 | 8.12138306292583 × 10^296 |
| 16 | ov_016 | 6.226528371366245 × 10^296 |
| 17 | ov_017 | 4.685563872281189 × 10^296 |
| 18 | ov_018 | 3.4513233960104186 × 10^296 |
| 19 | ov_019 | 2.4800450354327897 × 10^296 |
| 20 | ov_020 | 1.7313486575239404 × 10^296 |
| 21 | ov_021 | 1.1682195077796443 × 10^296 |
| 22 | ov_022 | 7.569967645805779 × 10^295 |
| 23 | ov_023 | 4.67365849457555 × 10^295 |
| 24 | ov_024 | 2.7235342958792897 × 10^295 |
| 25 | ov_025 | 1.48324360739985 × 10^295 |
| 26 | ov_026 | 7.498001327302347 × 10^294 |
| 27 | ov_027 | 3.535748487604897 × 10^294 |
| 28 | ov_028 | 1.5829290322336757 × 10^294 |
| 29 | ov_029 | 6.1032616564766204 × 10^293 |
| 30 | ov_030 | 1.867139037284835 × 10^293 |
| 31 | ov_031 | 3.6452216588551757 × 10^292 |
| 32 | lv_80_m31 | 7.116016807518128 × 10^291 |
| 33 | ov_033 | 8.527203744095581 × 10^292 |
| 34 | ov_034 | 7.409358165368071 × 10^292 |
| 35 | ov_035 | 6.407954977400715 × 10^292 |
| 36 | ov_036 | 5.512710984311374 × 10^292 |
| 37 | ov_037 | 4.713896048714474 × 10^292 |
| 38 | ov_038 | 4.0022943678986975 × 10^292 |
| 39 | ov_039 | 3.3691710611234177 × 10^292 |
| 40 | ov_040 | 2.8102750568484987 × 10^292 |
| 41 | ov_041 | 2.321574838185927 × 10^292 |
| 42 | ov_042 | 1.8992472834329132 × 10^292 |
| 43 | ov_043 | 1.539668304922565 × 10^292 |
| 44 | ov_044 | 1.2361571237972788 × 10^292 |
| 45 | ov_045 | 9.823975349144125 × 10^291 |
| 46 | ov_046 | 7.724285834580979 × 10^291 |
| 47 | ov_047 | 6.00637149564774 × 10^291 |
| 48 | ov_048 | 4.617521340126771 × 10^291 |
| 49 | ov_049 | 3.5083996171935373 × 10^291 |
| 50 | ov_050 | 2.633011430475708 × 10^291 |
| 51 | ov_051 | 1.9486766782853976 × 10^291 |
| 52 | ov_052 | 1.4160106425405939 × 10^291 |
| 53 | ov_053 | 9.98910076652885 × 10^290 |
| 54 | ov_054 | 6.801422998847097 × 10^290 |
| 55 | ov_055 | 4.441088227484418 × 10^290 |
| 56 | ov_056 | 2.7684307147669502 × 10^290 |
| 57 | ov_057 | 1.6600901114453897 × 10^290 |
| 58 | ov_058 | 9.182336385209076 × 10^289 |
| 59 | ov_059 | 4.520914769118793 × 10^289 |
| 60 | ov_060 | 1.8718497689695888 × 10^289 |
| 61 | ov_061 | 6.532593124963731 × 10^288 |
| 62 | ov_062 | 1.7903928381265506 × 10^288 |
| 63 | ov_063 | 3.486209539688776 × 10^287 |
| 64 | lv_79_m31 | 6.786759975152659 × 10^286 |
| 65 | ov_065 | 8.086646839969594 × 10^287 |
| 66 | ov_066 | 8.086620666638163 × 10^287 |
| 67 | ov_067 | 8.086614260758835 × 10^287 |
| 68 | ov_068 | 6.981906919237032 × 10^287 |
| 69 | ov_069 | 5.9979749346268246 × 10^287 |
| 70 | ov_070 | 5.1249069180920756 × 10^287 |
| 71 | ov_071 | 4.3534013708634906 × 10^287 |
| 72 | ov_072 | 3.6747253725116924 × 10^287 |
| 73 | ov_073 | 3.0806769213425728 × 10^287 |
| 74 | ov_074 | 2.5635507344137017 × 10^287 |
| 75 | ov_075 | 2.116107321844469 × 10^287 |
| 76 | ov_076 | 1.7315451559688718 × 10^287 |
| 77 | ov_077 | 1.4034757606335318 × 10^287 |
| 78 | ov_078 | 1.125901549738398 × 10^287 |
| 79 | ov_079 | 8.931962471060026 × 10^286 |
| 80 | ov_080 | 7.000877220881127 × 10^286 |
| 81 | ov_081 | 5.41643077104509 × 10^286 |
| 82 | ov_082 | 4.1325582466708164 × 10^286 |
| 83 | ov_083 | 3.1063499245804013 × 10^286 |
| 84 | ov_084 | 2.2979599576583145 × 10^286 |
| 85 | ov_085 | 1.670531170889839 × 10^286 |
| 86 | ov_086 | 1.1901343304995965 × 10^286 |
| 87 | ov_087 | 8.257202897003169 × 10^285 |
| 88 | ov_088 | 5.490834158354192 × 10^285 |
| 89 | ov_089 | 3.468278547535568 × 10^285 |
| 90 | ov_090 | 2.0696045613758975 × 10^285 |
| 91 | ov_091 | 1.1888320092431289 × 10^285 |
| 92 | ov_092 | 6.556862633159545 × 10^284 |
| 93 | ov_093 | 3.2763477447988167 × 10^284 |
| 94 | ov_094 | 1.4034352816766477 × 10^284 |
| 95 | aaa_78_28 | 4.333770740187363 × 10^283 |
| 96 | aaa_78_29 | 1.3309655063277376 × 10^283 |
| 97 | ov_097 | 8.788013493818813 × 10^282 |
| 98 | ov_098 | 8.78775134977009 × 10^282 |
| 99 | ov_099 | 8.787667682166845 × 10^282 |
| 100 | ov_100 | 7.907844611834912 × 10^282 |
| 101 | ov_101 | 7.092898032678748 × 10^282 |
| 102 | ov_102 | 6.339283583474562 × 10^282 |
| 103 | ov_103 | 5.643714242546543 × 10^282 |
| 104 | ov_104 | 5.003126308761786 × 10^282 |
| 105 | ov_105 | 4.4146485604641445 × 10^282 |
| 106 | ov_106 | 3.875574428326402 × 10^282 |
| 107 | ov_107 | 3.3833370239001983 × 10^282 |
| 108 | ov_108 | 2.935486870295416 × 10^282 |
| 109 | ov_109 | 2.5296721850906733 × 10^282 |
| 110 | ov_110 | 2.16362156841015 × 10^282 |
| 111 | ov_111 | 1.835128951239242 × 10^282 |
| 112 | ov_112 | 1.5420406606222194 × 10^282 |
| 113 | ov_113 | 1.2822444595085651 × 10^282 |
| 114 | ov_114 | 1.0536604197986924 × 10^282 |
| 115 | ov_115 | 8.542334876758873 × 10^281 |
| 116 | ov_116 | 6.819276006695047 × 10^281 |
| 117 | ov_117 | 5.347210659841265 × 10^281 |
| 118 | ov_118 | 4.106027771373775 × 10^281 |
| 119 | ov_119 | 3.0756903118372035 × 10^281 |
| 120 | ov_120 | 2.2362097411143785 × 10^281 |
| 121 | ov_121 | 1.5676278213994145 × 10^281 |
| 122 | ov_122 | 1.0500049140350865 × 10^281 |
| 123 | ov_123 | 6.63412282638042 × 10^280 |
| 124 | ov_124 | 3.879269011955321 × 10^280 |
| 125 | ov_125 | 2.036282376761013 × 10^280 |
| 126 | ov_126 | 9.059661337563172 × 10^279 |
| 127 | aaa_77_28 | 2.891257315110787 × 10^279 |
| 128 | aaa_77_29 | 1.0829793348635057 × 10^279 |
| 129 | ov_129 | 9.985842946634793 × 10^278 |
| 130 | ov_130 | 9.985812653235033 × 10^278 |
| 131 | ov_131 | 9.985805331770614 × 10^278 |
| 132 | ov_132 | 8.642512165676282 × 10^278 |
| 133 | ov_133 | 7.441676109421087 × 10^278 |
| 134 | ov_134 | 6.372381067689266 × 10^278 |
| 135 | ov_135 | 5.424292645542538 × 10^278 |
| 136 | ov_136 | 4.58761661303746 × 10^278 |
| 137 | ov_137 | 3.853063214361372 × 10^278 |
| 138 | ov_138 | 3.2118167545940222 × 10^278 |
| 139 | ov_139 | 2.6555099261261167 × 10^278 |
| 140 | ov_140 | 2.1762023648667234 × 10^278 |
| 141 | ov_141 | 1.7663629538339982 × 10^278 |
| 142 | ov_142 | 1.4188554187022757 × 10^278 |
| 143 | ov_143 | 1.1269267864985617 × 10^278 |
| 144 | ov_144 | 8.841983050014748 × 10^277 |
| 145 | ov_145 | 6.846584465706603 × 10^277 |
| 146 | ov_146 | 5.226576461801615 × 10^277 |
| 147 | ov_147 | 3.9290444938599223 × 10^277 |
| 148 | ov_148 | 2.904627718560699 × 10^277 |
| 149 | ov_149 | 2.107499979507161 × 10^277 |
| 150 | ov_150 | 1.4953568386780632 × 10^277 |
| 151 | ov_151 | 1.0294069164417325 × 10^277 |
| 152 | ov_152 | 6.743663623450156 × 10^276 |
| 153 | ov_153 | 4.134696075019323 × 10^276 |
| 154 | ov_154 | 2.3170259036249799 × 10^276 |
| 155 | ov_155 | 1.1580208708382116 × 10^276 |
| 156 | aaa_76_25 | 4.449284874897549 × 10^275 |
| 157 | aaa_76_26 | 2.5688812848019286 × 10^275 |
| 158 | aaa_76_27 | 1.3147029842456825 × 10^275 |
| 159 | aaa_76_28 | 5.1174082053889125 × 10^274 |
| 160 | aaa_76_29 | 1.5558629421786377 × 10^274 |

### Output Bits Sorted by Complexity

| Rank | Output Bit | Complexity |
|:----:|:----------:|:----------:|
| 160 | aaa_76_29 | 1.5558629421786377 × 10^274 |
| 159 | aaa_76_28 | 5.1174082053889125 × 10^274 |
| 158 | aaa_76_27 | 1.3147029842456825 × 10^275 |
| 157 | aaa_76_26 | 2.5688812848019286 × 10^275 |
| 156 | aaa_76_25 | 4.449284874897549 × 10^275 |
| 155 | ov_155 | 1.1580208708382116 × 10^276 |
| 154 | ov_154 | 2.3170259036249799 × 10^276 |
| 153 | ov_153 | 4.134696075019323 × 10^276 |
| 152 | ov_152 | 6.743663623450156 × 10^276 |
| 151 | ov_151 | 1.0294069164417325 × 10^277 |
| 150 | ov_150 | 1.4953568386780632 × 10^277 |
| 149 | ov_149 | 2.107499979507161 × 10^277 |
| 148 | ov_148 | 2.904627718560699 × 10^277 |
| 147 | ov_147 | 3.9290444938599223 × 10^277 |
| 146 | ov_146 | 5.226576461801615 × 10^277 |
| 145 | ov_145 | 6.846584465706603 × 10^277 |
| 144 | ov_144 | 8.841983050014748 × 10^277 |
| 143 | ov_143 | 1.1269267864985617 × 10^278 |
| 142 | ov_142 | 1.4188554187022757 × 10^278 |
| 141 | ov_141 | 1.7663629538339982 × 10^278 |
| 140 | ov_140 | 2.1762023648667234 × 10^278 |
| 139 | ov_139 | 2.6555099261261167 × 10^278 |
| 138 | ov_138 | 3.2118167545940222 × 10^278 |
| 137 | ov_137 | 3.853063214361372 × 10^278 |
| 136 | ov_136 | 4.58761661303746 × 10^278 |
| 135 | ov_135 | 5.424292645542538 × 10^278 |
| 134 | ov_134 | 6.372381067689266 × 10^278 |
| 133 | ov_133 | 7.441676109421087 × 10^278 |
| 132 | ov_132 | 8.642512165676282 × 10^278 |
| 131 | ov_131 | 9.985805331770614 × 10^278 |
| 130 | ov_130 | 9.985812653235033 × 10^278 |
| 129 | ov_129 | 9.985842946634793 × 10^278 |
| 128 | aaa_77_29 | 1.0829793348635057 × 10^279 |
| 127 | aaa_77_28 | 2.891257315110787 × 10^279 |
| 126 | ov_126 | 9.059661337563172 × 10^279 |
| 125 | ov_125 | 2.036282376761013 × 10^280 |
| 124 | ov_124 | 3.879269011955321 × 10^280 |
| 123 | ov_123 | 6.63412282638042 × 10^280 |
| 122 | ov_122 | 1.0500049140350865 × 10^281 |
| 121 | ov_121 | 1.5676278213994145 × 10^281 |
| 120 | ov_120 | 2.2362097411143785 × 10^281 |
| 119 | ov_119 | 3.0756903118372035 × 10^281 |
| 118 | ov_118 | 4.106027771373775 × 10^281 |
| 117 | ov_117 | 5.347210659841265 × 10^281 |
| 116 | ov_116 | 6.819276006695047 × 10^281 |
| 115 | ov_115 | 8.542334876758873 × 10^281 |
| 114 | ov_114 | 1.0536604197986924 × 10^282 |
| 113 | ov_113 | 1.2822444595085651 × 10^282 |
| 112 | ov_112 | 1.5420406606222194 × 10^282 |
| 111 | ov_111 | 1.835128951239242 × 10^282 |
| 110 | ov_110 | 2.16362156841015 × 10^282 |
| 109 | ov_109 | 2.5296721850906733 × 10^282 |
| 108 | ov_108 | 2.935486870295416 × 10^282 |
| 107 | ov_107 | 3.3833370239001983 × 10^282 |
| 106 | ov_106 | 3.875574428326402 × 10^282 |
| 105 | ov_105 | 4.4146485604641445 × 10^282 |
| 104 | ov_104 | 5.003126308761786 × 10^282 |
| 103 | ov_103 | 5.643714242546543 × 10^282 |
| 102 | ov_102 | 6.339283583474562 × 10^282 |
| 101 | ov_101 | 7.092898032678748 × 10^282 |
| 100 | ov_100 | 7.907844611834912 × 10^282 |
| 99 | ov_099 | 8.787667682166845 × 10^282 |
| 98 | ov_098 | 8.78775134977009 × 10^282 |
| 97 | ov_097 | 8.788013493818813 × 10^282 |
| 96 | aaa_78_29 | 1.3309655063277376 × 10^283 |
| 95 | aaa_78_28 | 4.333770740187363 × 10^283 |
| 94 | ov_094 | 1.4034352816766477 × 10^284 |
| 93 | ov_093 | 3.2763477447988167 × 10^284 |
| 92 | ov_092 | 6.556862633159545 × 10^284 |
| 91 | ov_091 | 1.1888320092431289 × 10^285 |
| 90 | ov_090 | 2.0696045613758975 × 10^285 |
| 89 | ov_089 | 3.468278547535568 × 10^285 |
| 88 | ov_088 | 5.490834158354192 × 10^285 |
| 87 | ov_087 | 8.257202897003169 × 10^285 |
| 86 | ov_086 | 1.1901343304995965 × 10^286 |
| 85 | ov_085 | 1.670531170889839 × 10^286 |
| 84 | ov_084 | 2.2979599576583145 × 10^286 |
| 83 | ov_083 | 3.1063499245804013 × 10^286 |
| 82 | ov_082 | 4.1325582466708164 × 10^286 |
| 81 | ov_081 | 5.41643077104509 × 10^286 |
| 64 | lv_79_m31 | 6.786759975152659 × 10^286 |
| 80 | ov_080 | 7.000877220881127 × 10^286 |
| 79 | ov_079 | 8.931962471060026 × 10^286 |
| 78 | ov_078 | 1.125901549738398 × 10^287 |
| 77 | ov_077 | 1.4034757606335318 × 10^287 |
| 76 | ov_076 | 1.7315451559688718 × 10^287 |
| 75 | ov_075 | 2.116107321844469 × 10^287 |
| 74 | ov_074 | 2.5635507344137017 × 10^287 |
| 73 | ov_073 | 3.0806769213425728 × 10^287 |
| 63 | ov_063 | 3.486209539688776 × 10^287 |
| 72 | ov_072 | 3.6747253725116924 × 10^287 |
| 71 | ov_071 | 4.3534013708634906 × 10^287 |
| 70 | ov_070 | 5.1249069180920756 × 10^287 |
| 69 | ov_069 | 5.9979749346268246 × 10^287 |
| 68 | ov_068 | 6.981906919237032 × 10^287 |
| 67 | ov_067 | 8.086614260758835 × 10^287 |
| 66 | ov_066 | 8.086620666638163 × 10^287 |
| 65 | ov_065 | 8.086646839969594 × 10^287 |
| 62 | ov_062 | 1.7903928381265506 × 10^288 |
| 61 | ov_061 | 6.532593124963731 × 10^288 |
| 60 | ov_060 | 1.8718497689695888 × 10^289 |
| 59 | ov_059 | 4.520914769118793 × 10^289 |
| 58 | ov_058 | 9.182336385209076 × 10^289 |
| 57 | ov_057 | 1.6600901114453897 × 10^290 |
| 56 | ov_056 | 2.7684307147669502 × 10^290 |
| 55 | ov_055 | 4.441088227484418 × 10^290 |
| 54 | ov_054 | 6.801422998847097 × 10^290 |
| 53 | ov_053 | 9.98910076652885 × 10^290 |
| 52 | ov_052 | 1.4160106425405939 × 10^291 |
| 51 | ov_051 | 1.9486766782853976 × 10^291 |
| 50 | ov_050 | 2.633011430475708 × 10^291 |
| 49 | ov_049 | 3.5083996171935373 × 10^291 |
| 48 | ov_048 | 4.617521340126771 × 10^291 |
| 47 | ov_047 | 6.00637149564774 × 10^291 |
| 32 | lv_80_m31 | 7.116016807518128 × 10^291 |
| 46 | ov_046 | 7.724285834580979 × 10^291 |
| 45 | ov_045 | 9.823975349144125 × 10^291 |
| 44 | ov_044 | 1.2361571237972788 × 10^292 |
| 43 | ov_043 | 1.539668304922565 × 10^292 |
| 42 | ov_042 | 1.8992472834329132 × 10^292 |
| 41 | ov_041 | 2.321574838185927 × 10^292 |
| 40 | ov_040 | 2.8102750568484987 × 10^292 |
| 39 | ov_039 | 3.3691710611234177 × 10^292 |
| 31 | ov_031 | 3.6452216588551757 × 10^292 |
| 38 | ov_038 | 4.0022943678986975 × 10^292 |
| 37 | ov_037 | 4.713896048714474 × 10^292 |
| 36 | ov_036 | 5.512710984311374 × 10^292 |
| 35 | ov_035 | 6.407954977400715 × 10^292 |
| 34 | ov_034 | 7.409358165368071 × 10^292 |
| 33 | ov_033 | 8.527203744095581 × 10^292 |
| 30 | ov_030 | 1.867139037284835 × 10^293 |
| 29 | ov_029 | 6.1032616564766204 × 10^293 |
| 28 | ov_028 | 1.5829290322336757 × 10^294 |
| 27 | ov_027 | 3.535748487604897 × 10^294 |
| 26 | ov_026 | 7.498001327302347 × 10^294 |
| 25 | ov_025 | 1.48324360739985 × 10^295 |
| 24 | ov_024 | 2.7235342958792897 × 10^295 |
| 23 | ov_023 | 4.67365849457555 × 10^295 |
| 22 | ov_022 | 7.569967645805779 × 10^295 |
| 21 | ov_021 | 1.1682195077796443 × 10^296 |
| 20 | ov_020 | 1.7313486575239404 × 10^296 |
| 19 | ov_019 | 2.4800450354327897 × 10^296 |
| 18 | ov_018 | 3.4513233960104186 × 10^296 |
| 17 | ov_017 | 4.685563872281189 × 10^296 |
| 16 | ov_016 | 6.226528371366245 × 10^296 |
| 15 | ov_015 | 8.12138306292583 × 10^296 |
| 14 | ov_014 | 1.042072814313702 × 10^297 |
| 13 | ov_013 | 1.317863635987332 × 10^297 |
| 12 | ov_012 | 1.645270244903159 × 10^297 |
| 11 | ov_011 | 2.0304106345811308 × 10^297 |
| 10 | ov_010 | 2.4797693453912966 × 10^297 |
| 9 | ov_009 | 3.0002075520153925 × 10^297 |
| 8 | ov_008 | 3.598975592837857 × 10^297 |
| 7 | ov_007 | 4.2837283495375626 × 10^297 |
| 6 | ov_006 | 5.06254391235741 × 10^297 |
| 5 | ov_005 | 5.9439459941527017 × 10^297 |
| 4 | ov_004 | 6.936930584478049 × 10^297 |
| 3 | ov_003 | 8.050997329479138 × 10^297 |
| 2 | ov_002 | 9.296186048135413 × 10^297 |
| 1 | ov_001 | 1.0683118715400078 × 10^298 |

