# Results for F001-F002-F003-F004-F005-F006-F007-F008-F009-F010-F011-F012-F013-F014-F015-F016-F017-F018-F019-F020-F021-F022-F023-F024-F025-F026-F027-F028-F029-F030-F031-F032-F033-F034-F035-F036-F037-F038-F039-F040-F041-F042-F043-F044-F045-F046-F047-F048-F049-F050-F051-F052-F053-F054-F055-F056-F057-F058-F059-F060-F061-F062-F063-F064-F065-F066-F067-F068-F069-F070-F071-F072-F073-F074-F075-F076-F077-F078-F079-F080-F081-F082-F083-F084-F085-F086-F087-F088-F089-F090-F091-F092-F093-F094-F095-F096-F097-F098-F099-F100-F101-F102-F103-F104-F105-F106-F107-F108-F109-F110-F111-F112-F113-F114-F115-F116-F117-F118-F119-F120-F121-F122-F123-F124-F125-F126-F127-F128-F129-F130-F131-F132-F133-F134-F135-F136-F137-F138-F139-F140-F141-F142-F143-F144-F145-F146-F147-F148-F149-F150-F151-F152-F153-F154-F155-F156-F157-F158-F159-F160-F161-F162-F163-F164-F165-F166-F167-F168-F169-F170-F171-F172-F173-F174-F175-F176-F177-F178-F179-F180-F181-F182-F183-F184-F185-F186-F187-F188-F189-F190-F191-F192-F193-F194-F195-F196-F197-F198-F199-F200-F201-F202-F203-F204-F205-F206-F207-F208-F209-F210-F211-F212-F213-F214-F215-F216-F217-F218-F219-F220-F221-F222-F223-F224-F225-F226-F227-F228-F229-F230-F231-F232-F233-F234-F235-F236-F237-F238-F239-F240-F241-F242-F243-F244-F245-F246-F247-F248-F249-F250-F251-F252-F253-F254-F255-F256-F257-F258-F259-F260-F261-F262-F263-F264-F265-F266-F267-F268-F269-F270-F271-F272-F273-F274-F275-F276-F277-F278-F279-F280-F281-F282-F283-F284-F285-F286-F287-F288-F289-F290-F291-F292-F293-F294-F295-F296-F297-F298-F299-F300-F301-F302-F303-F304-F305-F306-F307-F308-F309-F310-F311-F312-F313-F314-F315-F316-F317-F318-F319-F320-F321-F322-F323-F324-F325-F326-F327-F328-F329-F330-F331-F332-F333-F334-F335-F336-F337-F338-F339-F340-F341-F342-F343-F344-F345-F346-F347-F348-F349-F350-F351-F352-F353-F354-F355-F356-F357-F358-F359-F360-F361-F362-F363-F364-F365-F366-F367-F368-F369-F370-F371-F372-F373-F374-F375-F376-F377-F378-F379-F380-F381-F382-F383-F384-F385-F386-F387-F388-F389-F390-F391-F392-F393-F394-F395-F396-F397-F398-F399-F400-F401-F402-F403-F404-F405-F406-F407-F408-F409-F410-F411-F412-F413-F414-F415-F416-F417-F418-F419-F420-F421-F422-F423-F424-F425-F426-F427-F428-F429-F430-F431-F432-F433-F434-F435-F436-F437-F438-F439-F440-F441-F442-F443-F444-F445-F446-F447-F448-F449-F450-F451-F452-F453-F454-F455-F456-F457-F458-F459-F460-F461-F462-F463-F464-F465-F466-F467-F468-F469-F470-F471-F472-F473-F474-F475-F476-F477-F478-F479-F480-F481-F482-F483-F484-F485-F486-F487-F488-F489-F490-F491-F492-F493-F494-F495-F496-F504-F508-F509-F510-F511-F512

## Summary

Number of input bits: 512  
Number of free input bits: 10  
Number of output bits: 160

Number of direct occurrences: 40004  
Number of assignments: 30665  
Number of operations: 10651710
(xor: 10623902,
and: 14705,
or: 13103)

Total complexity: 1.3310532741682681 × 10^295

Least occurring input variable: iv_498 (3878)  
Most occurring input variable: iv_502 (4119)

Most co-occurring input variables: iv_501-iv_502 (2033)  
Least co-occurring input variables: iv_498-iv_499 (1794)

Potentially most occurring input variable: iv_503/iv_506 (4398)  
Potentially least occurring input variable: iv_501/iv_502 (4055)

Least output occurring input variable: iv_503 (72)  
Most output occurring input variable: iv_506 (93)

Most output co-occurring input variables: iv_498-iv_507 (54)  
Least output co-occurring input variables: iv_497-iv_502 (28)

Potentially most output occurring input variable: iv_497/iv_502 (97)  
Potentially least output occurring input variable: iv_498/iv_507 (61)

Least complex input bit: iv_497 (1.8366127435658115 × 10^293)  
Most complex input bit: iv_502 (2.8384393426780228 × 10^294)

Least complex output bit: aaa_76_29 (3.480021108766536 × 10^270)  
Most complex output bit: ov_001 (2.1478662126759172 × 10^294)

Least complex input/output complexity: iv_497/aaa_76_29 (4.801799627616289 × 10^268)  
Most complex input/output complexity: iv_502/ov_001 (4.580273441480182 × 10^293)

## Input Bits

### Input Bits in Regular Order

| Input Bit | Complexity | Occurrences | Output Occurrences |
|:---------:|:----------:|:-----------:|:------------------:|
| iv_497 | 1.8366127435658115 × 10^293 | 3992 | 77 |
| iv_498 | 3.663794982155075 × 10^293 | 3878 | 88 |
| iv_499 | 6.442792284539371 × 10^293 | 3884 | 81 |
| iv_500 | 1.0794602659633361 × 10^294 | 4052 | 76 |
| iv_501 | 1.767301273873132 × 10^294 | 4002 | 82 |
| iv_502 | 2.8384393426780228 × 10^294 | 4119 | 76 |
| iv_503 | 1.6455732514773508 × 10^294 | 4038 | 72 |
| iv_505 | 1.18251200655563 × 10^294 | 3904 | 82 |
| iv_506 | 1.6615365527963648 × 10^294 | 4046 | 93 |
| iv_507 | 1.941390047312839 × 10^294 | 4089 | 81 |

### Input Bits Sorted by Complexity

| Input Bit | Complexity | Occurrences | Output Occurrences |
|:---------:|:----------:|:-----------:|:------------------:|
| iv_497 | 1.8366127435658115 × 10^293 | 3992 | 77 |
| iv_498 | 3.663794982155075 × 10^293 | 3878 | 88 |
| iv_499 | 6.442792284539371 × 10^293 | 3884 | 81 |
| iv_500 | 1.0794602659633361 × 10^294 | 4052 | 76 |
| iv_505 | 1.18251200655563 × 10^294 | 3904 | 82 |
| iv_503 | 1.6455732514773508 × 10^294 | 4038 | 72 |
| iv_506 | 1.6615365527963648 × 10^294 | 4046 | 93 |
| iv_501 | 1.767301273873132 × 10^294 | 4002 | 82 |
| iv_507 | 1.941390047312839 × 10^294 | 4089 | 81 |
| iv_502 | 2.8384393426780228 × 10^294 | 4119 | 76 |

### Input Bits Sorted by Occurrences

| Input Bit | Complexity | Occurrences | Output Occurrences |
|:---------:|:----------:|:-----------:|:------------------:|
| iv_498 | 3.663794982155075 × 10^293 | 3878 | 88 |
| iv_499 | 6.442792284539371 × 10^293 | 3884 | 81 |
| iv_505 | 1.18251200655563 × 10^294 | 3904 | 82 |
| iv_497 | 1.8366127435658115 × 10^293 | 3992 | 77 |
| iv_501 | 1.767301273873132 × 10^294 | 4002 | 82 |
| iv_503 | 1.6455732514773508 × 10^294 | 4038 | 72 |
| iv_506 | 1.6615365527963648 × 10^294 | 4046 | 93 |
| iv_500 | 1.0794602659633361 × 10^294 | 4052 | 76 |
| iv_507 | 1.941390047312839 × 10^294 | 4089 | 81 |
| iv_502 | 2.8384393426780228 × 10^294 | 4119 | 76 |

### Input Bits Sorted by Output Occurrences

| Input Bit | Complexity | Occurrences | Output Occurrences |
|:---------:|:----------:|:-----------:|:------------------:|
| iv_503 | 1.6455732514773508 × 10^294 | 4038 | 72 |
| iv_500 | 1.0794602659633361 × 10^294 | 4052 | 76 |
| iv_502 | 2.8384393426780228 × 10^294 | 4119 | 76 |
| iv_497 | 1.8366127435658115 × 10^293 | 3992 | 77 |
| iv_499 | 6.442792284539371 × 10^293 | 3884 | 81 |
| iv_507 | 1.941390047312839 × 10^294 | 4089 | 81 |
| iv_501 | 1.767301273873132 × 10^294 | 4002 | 82 |
| iv_505 | 1.18251200655563 × 10^294 | 3904 | 82 |
| iv_498 | 3.663794982155075 × 10^293 | 3878 | 88 |
| iv_506 | 1.6615365527963648 × 10^294 | 4046 | 93 |

## Input Bit Co-occurrences

### Input Bit Co-occurrences Sorted by Co-occurrences

| Input Bits | Co-occurrences | Potential Occurrences | Output Co-occurrences | Potential Output Occurrences |
|:----------:|:--------------:|:---------------------:|:---------------------:|:----------------------------:|
| iv_501-iv_502 | 2033 | 4055 | 39 | 80 |
| iv_502-iv_503 | 2027 | 4103 | 32 | 84 |
| iv_500-iv_502 | 2006 | 4159 | 40 | 72 |
| iv_500-iv_501 | 1995 | 4064 | 39 | 80 |
| iv_502-iv_506 | 1983 | 4199 | 48 | 73 |
| iv_503-iv_507 | 1974 | 4179 | 41 | 71 |
| iv_502-iv_507 | 1963 | 4282 | 39 | 79 |
| iv_500-iv_506 | 1953 | 4192 | 45 | 79 |
| iv_500-iv_507 | 1947 | 4247 | 37 | 83 |
| iv_506-iv_507 | 1935 | 4265 | 52 | 70 |

### Input Bit Co-occurrences Sorted by Potential Occurrences

| Input Bits | Co-occurrences | Potential Occurrences | Output Co-occurrences | Potential Output Occurrences |
|:----------:|:--------------:|:---------------------:|:---------------------:|:----------------------------:|
| iv_501-iv_502 | 2033 | 4055 | 39 | 80 |
| iv_500-iv_501 | 1995 | 4064 | 39 | 80 |
| iv_499-iv_505 | 1850 | 4088 | 37 | 89 |
| iv_502-iv_503 | 2027 | 4103 | 32 | 84 |
| iv_497-iv_505 | 1895 | 4106 | 43 | 73 |
| iv_497-iv_499 | 1862 | 4152 | 40 | 78 |
| iv_499-iv_503 | 1882 | 4158 | 36 | 81 |
| iv_500-iv_502 | 2006 | 4159 | 40 | 72 |
| iv_498-iv_499 | 1794 | 4174 | 48 | 73 |
| iv_498-iv_506 | 1874 | 4176 | 54 | 73 |

### Input Bit Output Co-occurrences Sorted by Output Co-occurrences

| Input Bits | Co-occurrences | Potential Occurrences | Output Co-occurrences | Potential Output Occurrences |
|:----------:|:--------------:|:---------------------:|:---------------------:|:----------------------------:|
| iv_498-iv_506 | 1874 | 4176 | 54 | 73 |
| iv_498-iv_507 | 1872 | 4223 | 54 | 61 |
| iv_506-iv_507 | 1935 | 4265 | 52 | 70 |
| iv_499-iv_506 | 1829 | 4272 | 49 | 76 |
| iv_498-iv_499 | 1794 | 4174 | 48 | 73 |
| iv_502-iv_506 | 1983 | 4199 | 48 | 73 |
| iv_498-iv_501 | 1834 | 4212 | 46 | 78 |
| iv_497-iv_498 | 1826 | 4218 | 46 | 73 |
| iv_500-iv_506 | 1953 | 4192 | 45 | 79 |
| iv_501-iv_506 | 1864 | 4320 | 45 | 85 |

### Input Bit Output Co-occurrences Sorted by Potential Output Occurrences

| Input Bits | Co-occurrences | Potential Occurrences | Output Co-occurrences | Potential Output Occurrences |
|:----------:|:--------------:|:---------------------:|:---------------------:|:----------------------------:|
| iv_498-iv_507 | 1872 | 4223 | 54 | 61 |
| iv_506-iv_507 | 1935 | 4265 | 52 | 70 |
| iv_503-iv_507 | 1974 | 4179 | 41 | 71 |
| iv_500-iv_502 | 2006 | 4159 | 40 | 72 |
| iv_498-iv_499 | 1794 | 4174 | 48 | 73 |
| iv_498-iv_506 | 1874 | 4176 | 54 | 73 |
| iv_499-iv_500 | 1857 | 4222 | 42 | 73 |
| iv_499-iv_502 | 1903 | 4197 | 42 | 73 |
| iv_502-iv_506 | 1983 | 4199 | 48 | 73 |
| iv_497-iv_505 | 1895 | 4106 | 43 | 73 |

## Output Bits

### Output Bits in Regular Order

| Rank | Output Bit | Complexity |
|:----:|:----------:|:----------:|
| 1 | ov_001 | 2.1478662126759172 × 10^294 |
| 2 | ov_002 | 1.859889367670631 × 10^294 |
| 3 | ov_003 | 1.6022030863549106 × 10^294 |
| 4 | ov_004 | 1.3724967482211374 × 10^294 |
| 5 | ov_005 | 1.1685856497246943 × 10^294 |
| 6 | ov_006 | 9.884019886237498 × 10^293 |
| 7 | ov_007 | 8.299870315442693 × 10^293 |
| 8 | ov_008 | 6.914843918585722 × 10^293 |
| 9 | ov_009 | 5.71134327274514 × 10^293 |
| 10 | ov_010 | 4.672689498928408 × 10^293 |
| 11 | ov_011 | 3.7830824024227265 × 10^293 |
| 12 | ov_012 | 3.0275676298741406 × 10^293 |
| 13 | ov_013 | 2.3920098807890195 × 10^293 |
| 14 | ov_014 | 1.8630712710415507 × 10^293 |
| 15 | ov_015 | 1.4281940505826576 × 10^293 |
| 16 | ov_016 | 1.0755870270456877 × 10^293 |
| 17 | ov_017 | 7.942151053622706 × 10^292 |
| 18 | ov_018 | 5.737913209337845 × 10^292 |
| 19 | ov_019 | 4.047707874058913 × 10^292 |
| 20 | ov_020 | 2.7834612700088354 × 10^292 |
| 21 | ov_021 | 1.8644408736725325 × 10^292 |
| 22 | ov_022 | 1.217231122705487 × 10^292 |
| 23 | ov_023 | 7.757166229770218 × 10^291 |
| 24 | ov_024 | 4.810711058339986 × 10^291 |
| 25 | ov_025 | 2.8175067397562947 × 10^291 |
| 26 | ov_026 | 1.5380335419135253 × 10^291 |
| 27 | ov_027 | 7.691589587266334 × 10^290 |
| 28 | ov_028 | 3.44132605680128 × 10^290 |
| 29 | ov_029 | 1.3258447380387787 × 10^290 |
| 30 | ov_030 | 4.052447222587555 × 10^289 |
| 31 | ov_031 | 7.902446320387578 × 10^288 |
| 32 | lv_80_m31 | 1.5408114675615195 × 10^288 |
| 33 | ov_033 | 1.8432824953821847 × 10^289 |
| 34 | ov_034 | 1.5992935180684114 × 10^289 |
| 35 | ov_035 | 1.3805363557185585 × 10^289 |
| 36 | ov_036 | 1.1847478415541787 × 10^289 |
| 37 | ov_037 | 1.0108277965961373 × 10^289 |
| 38 | ov_038 | 8.567466498256891 × 10^288 |
| 39 | ov_039 | 7.205800472901494 × 10^288 |
| 40 | ov_040 | 6.005025903070394 × 10^288 |
| 41 | ov_041 | 4.956255985917424 × 10^288 |
| 42 | ov_042 | 4.051060009925865 × 10^288 |
| 43 | ov_043 | 3.281443062538747 × 10^288 |
| 44 | ov_044 | 2.6326587346269868 × 10^288 |
| 45 | ov_045 | 2.0907603102130867 × 10^288 |
| 46 | ov_046 | 1.642581038337756 × 10^288 |
| 47 | ov_047 | 1.2757186271866759 × 10^288 |
| 48 | ov_048 | 9.785232747298918 × 10^287 |
| 49 | ov_049 | 7.400886030632085 × 10^287 |
| 50 | ov_050 | 5.502449155986171 × 10^287 |
| 51 | ov_051 | 4.040908193514631 × 10^287 |
| 52 | ov_052 | 2.9291646933888568 × 10^287 |
| 53 | ov_053 | 2.0873752929044534 × 10^287 |
| 54 | ov_054 | 1.4429333234266726 × 10^287 |
| 55 | ov_055 | 9.613427482554302 × 10^286 |
| 56 | ov_056 | 6.117171852792251 × 10^286 |
| 57 | ov_057 | 3.667768304226874 × 10^286 |
| 58 | ov_058 | 2.0284667023529347 × 10^286 |
| 59 | ov_059 | 9.985553252068339 × 10^285 |
| 60 | ov_060 | 4.133564577256513 × 10^285 |
| 61 | ov_061 | 1.4422476736335662 × 10^285 |
| 62 | ov_062 | 3.951829728528581 × 10^284 |
| 63 | ov_063 | 7.6928560810916845 × 10^283 |
| 64 | lv_79_m31 | 1.4971911407883138 × 10^283 |
| 65 | ov_065 | 1.771610601072088 × 10^284 |
| 66 | ov_066 | 1.7716047515167617 × 10^284 |
| 67 | ov_067 | 1.7716033197704907 × 10^284 |
| 68 | ov_068 | 1.526897345062146 × 10^284 |
| 69 | ov_069 | 1.3091265026079193 × 10^284 |
| 70 | ov_070 | 1.1160758153609 × 10^284 |
| 71 | ov_071 | 9.456666641030131 × 10^283 |
| 72 | ov_072 | 7.959475498372377 × 10^283 |
| 73 | ov_073 | 6.650856713901413 × 10^283 |
| 74 | ov_074 | 5.513592755487634 × 10^283 |
| 75 | ov_075 | 4.531507386214342 × 10^283 |
| 76 | ov_076 | 3.6894033958557806 × 10^283 |
| 77 | ov_077 | 2.9730068600663914 × 10^283 |
| 78 | ov_078 | 2.3689175471803926 × 10^283 |
| 79 | ov_079 | 1.8645650987711483 × 10^283 |
| 80 | ov_080 | 1.4481706148823494 × 10^283 |
| 81 | ov_081 | 1.1087132784122192 × 10^283 |
| 82 | ov_082 | 8.359016557735516 × 10^282 |
| 83 | ov_083 | 6.201493128920327 × 10^282 |
| 84 | ov_084 | 4.5255438701561533 × 10^282 |
| 85 | ov_085 | 3.248827558120655 × 10^282 |
| 86 | ov_086 | 2.2955444592344277 × 10^282 |
| 87 | ov_087 | 1.5963292360239398 × 10^282 |
| 88 | ov_088 | 1.0881691034009598 × 10^282 |
| 89 | ov_089 | 7.143436656160956 × 10^281 |
| 90 | ov_090 | 4.48059545270288 × 10^281 |
| 91 | ov_091 | 2.6564006261805543 × 10^281 |
| 92 | ov_092 | 1.465146725341762 × 10^281 |
| 93 | ov_093 | 7.321302808159539 × 10^280 |
| 94 | ov_094 | 3.1362064338411345 × 10^280 |
| 95 | aaa_78_28 | 9.684808218135946 × 10^279 |
| 96 | aaa_78_29 | 2.974484495726822 × 10^279 |
| 97 | ov_097 | 1.964774474196069 × 10^279 |
| 98 | ov_098 | 1.9647158727861674 × 10^279 |
| 99 | ov_099 | 1.964697175189339 × 10^279 |
| 100 | ov_100 | 1.7682155919190846 × 10^279 |
| 101 | ov_101 | 1.5861839940118465 × 10^279 |
| 102 | ov_102 | 1.4178165852168574 × 10^279 |
| 103 | ov_103 | 1.2623849345494293 × 10^279 |
| 104 | ov_104 | 1.1192103072725802 × 10^279 |
| 105 | ov_105 | 9.876567109940573 × 10^278 |
| 106 | ov_106 | 8.671246209827454 × 10^278 |
| 107 | ov_107 | 7.570453499149583 × 10^278 |
| 108 | ov_108 | 6.568760281176637 × 10^278 |
| 109 | ov_109 | 5.660951610240031 × 10^278 |
| 110 | ov_110 | 4.841987310335218 × 10^278 |
| 111 | ov_111 | 4.106968113102826 × 10^278 |
| 112 | ov_112 | 3.451106592871671 × 10^278 |
| 113 | ov_113 | 2.8697025780004115 × 10^278 |
| 114 | ov_114 | 2.358122718740223 × 10^278 |
| 115 | ov_115 | 1.911783892465526 × 10^278 |
| 116 | ov_116 | 1.5261401275403922 × 10^278 |
| 117 | ov_117 | 1.1966727273913951 × 10^278 |
| 118 | ov_118 | 9.188829759674577 × 10^277 |
| 119 | ov_119 | 6.882865450485925 × 10^277 |
| 120 | ov_120 | 5.004091040442774 × 10^277 |
| 121 | ov_121 | 3.5078297331997463 × 10^277 |
| 122 | ov_122 | 2.34944662121633 × 10^277 |
| 123 | ov_123 | 1.4843313217647494 × 10^277 |
| 124 | ov_124 | 8.678862804376699 × 10^276 |
| 125 | ov_125 | 4.555195369857164 × 10^276 |
| 126 | ov_126 | 2.026410418923974 × 10^276 |
| 127 | aaa_77_28 | 6.466124534907737 × 10^275 |
| 128 | aaa_77_29 | 2.4215039556089797 × 10^275 |
| 129 | ov_129 | 2.215652848290602 × 10^275 |
| 130 | ov_130 | 2.2156460857856545 × 10^275 |
| 131 | ov_131 | 2.2156444554991457 × 10^275 |
| 132 | ov_132 | 1.9147142428376283 × 10^275 |
| 133 | ov_133 | 1.64579610842173 × 10^275 |
| 134 | ov_134 | 1.4064587748800309 × 10^275 |
| 135 | ov_135 | 1.1943966124890772 × 10^275 |
| 136 | ov_136 | 1.0074206441838824 × 10^275 |
| 137 | ov_137 | 8.434509259606458 × 10^274 |
| 138 | ov_138 | 7.005101600572312 × 10^274 |
| 139 | ov_139 | 5.767184053917394 × 10^274 |
| 140 | ov_140 | 4.702887566714312 × 10^274 |
| 141 | ov_141 | 3.7952387039632627 × 10^274 |
| 142 | ov_142 | 3.02813222708174 × 10^274 |
| 143 | ov_143 | 2.3863099070249085 × 10^274 |
| 144 | ov_144 | 1.8553445544823196 × 10^274 |
| 145 | ov_145 | 1.4216283155978803 × 10^274 |
| 146 | ov_146 | 1.0723643474791745 × 10^274 |
| 147 | ov_147 | 7.955610965049559 × 10^273 |
| 148 | ov_148 | 5.800285541353426 × 10^273 |
| 149 | ov_149 | 4.1537593042727935 × 10^273 |
| 150 | ov_150 | 2.9201019557648737 × 10^273 |
| 151 | ov_151 | 2.0113507716583285 × 10^273 |
| 152 | ov_152 | 1.347503182801422 × 10^273 |
| 153 | ov_153 | 8.565113301488275 × 10^272 |
| 154 | ov_154 | 5.043393942514967 × 10^272 |
| 155 | ov_155 | 2.609262376802794 × 10^272 |
| 156 | aaa_76_25 | 1.0018450719869603 × 10^272 |
| 157 | aaa_76_26 | 5.776849297799728 × 10^271 |
| 158 | aaa_76_27 | 2.9520850730182277 × 10^271 |
| 159 | aaa_76_28 | 1.1468766369598176 × 10^271 |
| 160 | aaa_76_29 | 3.480021108766536 × 10^270 |

### Output Bits Sorted by Complexity

| Rank | Output Bit | Complexity |
|:----:|:----------:|:----------:|
| 160 | aaa_76_29 | 3.480021108766536 × 10^270 |
| 159 | aaa_76_28 | 1.1468766369598176 × 10^271 |
| 158 | aaa_76_27 | 2.9520850730182277 × 10^271 |
| 157 | aaa_76_26 | 5.776849297799728 × 10^271 |
| 156 | aaa_76_25 | 1.0018450719869603 × 10^272 |
| 155 | ov_155 | 2.609262376802794 × 10^272 |
| 154 | ov_154 | 5.043393942514967 × 10^272 |
| 153 | ov_153 | 8.565113301488275 × 10^272 |
| 152 | ov_152 | 1.347503182801422 × 10^273 |
| 151 | ov_151 | 2.0113507716583285 × 10^273 |
| 150 | ov_150 | 2.9201019557648737 × 10^273 |
| 149 | ov_149 | 4.1537593042727935 × 10^273 |
| 148 | ov_148 | 5.800285541353426 × 10^273 |
| 147 | ov_147 | 7.955610965049559 × 10^273 |
| 146 | ov_146 | 1.0723643474791745 × 10^274 |
| 145 | ov_145 | 1.4216283155978803 × 10^274 |
| 144 | ov_144 | 1.8553445544823196 × 10^274 |
| 143 | ov_143 | 2.3863099070249085 × 10^274 |
| 142 | ov_142 | 3.02813222708174 × 10^274 |
| 141 | ov_141 | 3.7952387039632627 × 10^274 |
| 140 | ov_140 | 4.702887566714312 × 10^274 |
| 139 | ov_139 | 5.767184053917394 × 10^274 |
| 138 | ov_138 | 7.005101600572312 × 10^274 |
| 137 | ov_137 | 8.434509259606458 × 10^274 |
| 136 | ov_136 | 1.0074206441838824 × 10^275 |
| 135 | ov_135 | 1.1943966124890772 × 10^275 |
| 134 | ov_134 | 1.4064587748800309 × 10^275 |
| 133 | ov_133 | 1.64579610842173 × 10^275 |
| 132 | ov_132 | 1.9147142428376283 × 10^275 |
| 131 | ov_131 | 2.2156444554991457 × 10^275 |
| 130 | ov_130 | 2.2156460857856545 × 10^275 |
| 129 | ov_129 | 2.215652848290602 × 10^275 |
| 128 | aaa_77_29 | 2.4215039556089797 × 10^275 |
| 127 | aaa_77_28 | 6.466124534907737 × 10^275 |
| 126 | ov_126 | 2.026410418923974 × 10^276 |
| 125 | ov_125 | 4.555195369857164 × 10^276 |
| 124 | ov_124 | 8.678862804376699 × 10^276 |
| 123 | ov_123 | 1.4843313217647494 × 10^277 |
| 122 | ov_122 | 2.34944662121633 × 10^277 |
| 121 | ov_121 | 3.5078297331997463 × 10^277 |
| 120 | ov_120 | 5.004091040442774 × 10^277 |
| 119 | ov_119 | 6.882865450485925 × 10^277 |
| 118 | ov_118 | 9.188829759674577 × 10^277 |
| 117 | ov_117 | 1.1966727273913951 × 10^278 |
| 116 | ov_116 | 1.5261401275403922 × 10^278 |
| 115 | ov_115 | 1.911783892465526 × 10^278 |
| 114 | ov_114 | 2.358122718740223 × 10^278 |
| 113 | ov_113 | 2.8697025780004115 × 10^278 |
| 112 | ov_112 | 3.451106592871671 × 10^278 |
| 111 | ov_111 | 4.106968113102826 × 10^278 |
| 110 | ov_110 | 4.841987310335218 × 10^278 |
| 109 | ov_109 | 5.660951610240031 × 10^278 |
| 108 | ov_108 | 6.568760281176637 × 10^278 |
| 107 | ov_107 | 7.570453499149583 × 10^278 |
| 106 | ov_106 | 8.671246209827454 × 10^278 |
| 105 | ov_105 | 9.876567109940573 × 10^278 |
| 104 | ov_104 | 1.1192103072725802 × 10^279 |
| 103 | ov_103 | 1.2623849345494293 × 10^279 |
| 102 | ov_102 | 1.4178165852168574 × 10^279 |
| 101 | ov_101 | 1.5861839940118465 × 10^279 |
| 100 | ov_100 | 1.7682155919190846 × 10^279 |
| 99 | ov_099 | 1.964697175189339 × 10^279 |
| 98 | ov_098 | 1.9647158727861674 × 10^279 |
| 97 | ov_097 | 1.964774474196069 × 10^279 |
| 96 | aaa_78_29 | 2.974484495726822 × 10^279 |
| 95 | aaa_78_28 | 9.684808218135946 × 10^279 |
| 94 | ov_094 | 3.1362064338411345 × 10^280 |
| 93 | ov_093 | 7.321302808159539 × 10^280 |
| 92 | ov_092 | 1.465146725341762 × 10^281 |
| 91 | ov_091 | 2.6564006261805543 × 10^281 |
| 90 | ov_090 | 4.48059545270288 × 10^281 |
| 89 | ov_089 | 7.143436656160956 × 10^281 |
| 88 | ov_088 | 1.0881691034009598 × 10^282 |
| 87 | ov_087 | 1.5963292360239398 × 10^282 |
| 86 | ov_086 | 2.2955444592344277 × 10^282 |
| 85 | ov_085 | 3.248827558120655 × 10^282 |
| 84 | ov_084 | 4.5255438701561533 × 10^282 |
| 83 | ov_083 | 6.201493128920327 × 10^282 |
| 82 | ov_082 | 8.359016557735516 × 10^282 |
| 81 | ov_081 | 1.1087132784122192 × 10^283 |
| 80 | ov_080 | 1.4481706148823494 × 10^283 |
| 64 | lv_79_m31 | 1.4971911407883138 × 10^283 |
| 79 | ov_079 | 1.8645650987711483 × 10^283 |
| 78 | ov_078 | 2.3689175471803926 × 10^283 |
| 77 | ov_077 | 2.9730068600663914 × 10^283 |
| 76 | ov_076 | 3.6894033958557806 × 10^283 |
| 75 | ov_075 | 4.531507386214342 × 10^283 |
| 74 | ov_074 | 5.513592755487634 × 10^283 |
| 73 | ov_073 | 6.650856713901413 × 10^283 |
| 63 | ov_063 | 7.6928560810916845 × 10^283 |
| 72 | ov_072 | 7.959475498372377 × 10^283 |
| 71 | ov_071 | 9.456666641030131 × 10^283 |
| 70 | ov_070 | 1.1160758153609 × 10^284 |
| 69 | ov_069 | 1.3091265026079193 × 10^284 |
| 68 | ov_068 | 1.526897345062146 × 10^284 |
| 67 | ov_067 | 1.7716033197704907 × 10^284 |
| 66 | ov_066 | 1.7716047515167617 × 10^284 |
| 65 | ov_065 | 1.771610601072088 × 10^284 |
| 62 | ov_062 | 3.951829728528581 × 10^284 |
| 61 | ov_061 | 1.4422476736335662 × 10^285 |
| 60 | ov_060 | 4.133564577256513 × 10^285 |
| 59 | ov_059 | 9.985553252068339 × 10^285 |
| 58 | ov_058 | 2.0284667023529347 × 10^286 |
| 57 | ov_057 | 3.667768304226874 × 10^286 |
| 56 | ov_056 | 6.117171852792251 × 10^286 |
| 55 | ov_055 | 9.613427482554302 × 10^286 |
| 54 | ov_054 | 1.4429333234266726 × 10^287 |
| 53 | ov_053 | 2.0873752929044534 × 10^287 |
| 52 | ov_052 | 2.9291646933888568 × 10^287 |
| 51 | ov_051 | 4.040908193514631 × 10^287 |
| 50 | ov_050 | 5.502449155986171 × 10^287 |
| 49 | ov_049 | 7.400886030632085 × 10^287 |
| 48 | ov_048 | 9.785232747298918 × 10^287 |
| 47 | ov_047 | 1.2757186271866759 × 10^288 |
| 32 | lv_80_m31 | 1.5408114675615195 × 10^288 |
| 46 | ov_046 | 1.642581038337756 × 10^288 |
| 45 | ov_045 | 2.0907603102130867 × 10^288 |
| 44 | ov_044 | 2.6326587346269868 × 10^288 |
| 43 | ov_043 | 3.281443062538747 × 10^288 |
| 42 | ov_042 | 4.051060009925865 × 10^288 |
| 41 | ov_041 | 4.956255985917424 × 10^288 |
| 40 | ov_040 | 6.005025903070394 × 10^288 |
| 39 | ov_039 | 7.205800472901494 × 10^288 |
| 31 | ov_031 | 7.902446320387578 × 10^288 |
| 38 | ov_038 | 8.567466498256891 × 10^288 |
| 37 | ov_037 | 1.0108277965961373 × 10^289 |
| 36 | ov_036 | 1.1847478415541787 × 10^289 |
| 35 | ov_035 | 1.3805363557185585 × 10^289 |
| 34 | ov_034 | 1.5992935180684114 × 10^289 |
| 33 | ov_033 | 1.8432824953821847 × 10^289 |
| 30 | ov_030 | 4.052447222587555 × 10^289 |
| 29 | ov_029 | 1.3258447380387787 × 10^290 |
| 28 | ov_028 | 3.44132605680128 × 10^290 |
| 27 | ov_027 | 7.691589587266334 × 10^290 |
| 26 | ov_026 | 1.5380335419135253 × 10^291 |
| 25 | ov_025 | 2.8175067397562947 × 10^291 |
| 24 | ov_024 | 4.810711058339986 × 10^291 |
| 23 | ov_023 | 7.757166229770218 × 10^291 |
| 22 | ov_022 | 1.217231122705487 × 10^292 |
| 21 | ov_021 | 1.8644408736725325 × 10^292 |
| 20 | ov_020 | 2.7834612700088354 × 10^292 |
| 19 | ov_019 | 4.047707874058913 × 10^292 |
| 18 | ov_018 | 5.737913209337845 × 10^292 |
| 17 | ov_017 | 7.942151053622706 × 10^292 |
| 16 | ov_016 | 1.0755870270456877 × 10^293 |
| 15 | ov_015 | 1.4281940505826576 × 10^293 |
| 14 | ov_014 | 1.8630712710415507 × 10^293 |
| 13 | ov_013 | 2.3920098807890195 × 10^293 |
| 12 | ov_012 | 3.0275676298741406 × 10^293 |
| 11 | ov_011 | 3.7830824024227265 × 10^293 |
| 10 | ov_010 | 4.672689498928408 × 10^293 |
| 9 | ov_009 | 5.71134327274514 × 10^293 |
| 8 | ov_008 | 6.914843918585722 × 10^293 |
| 7 | ov_007 | 8.299870315442693 × 10^293 |
| 6 | ov_006 | 9.884019886237498 × 10^293 |
| 5 | ov_005 | 1.1685856497246943 × 10^294 |
| 4 | ov_004 | 1.3724967482211374 × 10^294 |
| 3 | ov_003 | 1.6022030863549106 × 10^294 |
| 2 | ov_002 | 1.859889367670631 × 10^294 |
| 1 | ov_001 | 2.1478662126759172 × 10^294 |

