# Results for F001-F002-F003-F004-F005-F006-F007-F008-F009-F010-F011-F012-F013-F014-F015-F016-F017-F018-F019-F020-F021-F022-F023-F024-F025-F026-F027-F028-F029-F030-F031-F032-F033-F034-F035-F036-F037-F038-F039-F040-F041-F042-F043-F044-F045-F046-F047-F048-F049-F050-F051-F052-F053-F054-F055-F056-F057-F058-F059-F060-F061-F062-F063-F064-F065-F066-F067-F068-F069-F070-F071-F072-F073-F074-F075-F076-F077-F078-F079-F080-F081-F082-F083-F084-F085-F086-F087-F088-F089-F090-F091-F092-F093-F094-F095-F096-F097-F098-F099-F100-F101-F102-F103-F104-F105-F106-F107-F108-F109-F110-F111-F112-F113-F114-F115-F116-F117-F118-F119-F120-F121-F122-F123-F124-F125-F126-F127-F128-F129-F130-F131-F132-F133-F134-F135-F136-F137-F138-F139-F140-F141-F142-F143-F144-F145-F146-F147-F148-F149-F150-F151-F152-F153-F154-F155-F156-F157-F158-F159-F160-F161-F162-F163-F164-F165-F166-F167-F168-F169-F170-F171-F172-F173-F174-F175-F176-F177-F178-F179-F180-F181-F182-F183-F184-F185-F186-F187-F188-F189-F190-F191-F192-F193-F194-F195-F196-F197-F198-F199-F200-F201-F202-F203-F204-F205-F206-F207-F208-F209-F210-F211-F212-F213-F214-F215-F216-F217-F218-F219-F220-F221-F222-F223-F224-F225-F226-F227-F228-F229-F230-F231-F232-F233-F234-F235-F236-F237-F238-F239-F240-F241-F242-F243-F244-F245-F246-F247-F248-F249-F250-F251-F252-F253-F254-F255-F256-F257-F258-F259-F260-F261-F262-F263-F264-F265-F266-F267-F268-F269-F270-F271-F272-F273-F274-F275-F276-F277-F278-F279-F280-F281-F282-F283-F284-F285-F286-F287-F288-F289-F290-F291-F292-F293-F294-F295-F296-F297-F298-F299-F300-F301-F302-F303-F304-F305-F306-F307-F308-F309-F310-F311-F312-F313-F314-F315-F316-F317-F318-F319-F320-F321-F322-F323-F324-F325-F326-F327-F328-F329-F330-F331-F332-F333-F334-F335-F336-F337-F338-F339-F340-F341-F342-F343-F344-F345-F346-F347-F348-F349-F350-F351-F352-F353-F354-F355-F356-F357-F358-F359-F360-F361-F362-F363-F364-F365-F366-F367-F368-F369-F370-F371-F372-F373-F374-F375-F376-F377-F378-F379-F380-F381-F382-F383-F384-F385-F386-F387-F388-F389-F390-F391-F392-F393-F394-F395-F396-F397-F398-F399-F400-F401-F402-F403-F404-F405-F406-F407-F408-F409-F410-F411-F412-F413-F414-F415-F416-F417-F418-F419-F420-F421-F422-F423-F424-F425-F426-F427-F428-F429-F430-F431-F432-F433-F434-F435-F436-F437-F438-F439-F440-F441-F442-F443-F444-F445-F446-F447-F448-F449-F450-F451-F452-F453-F454-F455-F456-F457-F458-F459-F460-F461-F462-F463-F464-F465-F466-F467-F468-F469-F470-F471-F472-F473-F474-F475-F476-F477-F478-F479-F480-F481-F482-F483-F484-F485-F486-F487-F488-F489-F490-F491-F492-F493-F494-F495-F496-T499-T505-F509-F510-F511-F512

## Summary

Number of input bits: 512  
Number of free input bits: 10  
Number of output bits: 160

Number of direct occurrences: 40881  
Number of assignments: 31171  
Number of operations: 11408841
(xor: 11380695,
and: 14762,
or: 13384)

Total complexity: 1.0314062394405823 × 10^303

Least occurring input variable: iv_502 (3901)  
Most occurring input variable: iv_508 (4284)

Most co-occurring input variables: iv_504-iv_507 (2035)  
Least co-occurring input variables: iv_498-iv_502 (1745)

Potentially most occurring input variable: iv_497/iv_504 (4565)  
Potentially least occurring input variable: iv_500/iv_503 (4205)

Least output occurring input variable: iv_503 (68)  
Most output occurring input variable: iv_508 (85)

Most output co-occurring input variables: iv_498-iv_508 (44)  
Least output co-occurring input variables: iv_500-iv_506 (22)

Potentially most output occurring input variable: iv_500/iv_506 (98)  
Potentially least output occurring input variable: iv_500/iv_502 (66)

Least complex input bit: iv_497 (2.9597692512858595 × 10^300)  
Most complex input bit: iv_508 (2.4635560157012116 × 10^302)

Least complex output bit: aaa_76_29 (4.420923237829174 × 10^277)  
Most complex output bit: ov_001 (1.64990466907957 × 10^302)

Least complex input/output complexity: iv_497/aaa_76_29 (1.2686478092976186 × 10^275)  
Most complex input/output complexity: iv_508/ov_001 (3.9408648284395476 × 10^301)

## Input Bits

### Input Bits in Regular Order

| Input Bit | Complexity | Occurrences | Output Occurrences |
|:---------:|:----------:|:-----------:|:------------------:|
| iv_497 | 2.9597692512858595 × 10^300 | 4076 | 75 |
| iv_498 | 4.095336173166551 × 10^300 | 3928 | 79 |
| iv_500 | 1.8110935506002733 × 10^301 | 4047 | 73 |
| iv_501 | 3.6796076362218316 × 10^301 | 4146 | 75 |
| iv_502 | 6.640408136290484 × 10^301 | 3901 | 75 |
| iv_503 | 1.1257287263145109 × 10^302 | 4068 | 68 |
| iv_504 | 1.8230132590253594 × 10^302 | 4201 | 74 |
| iv_506 | 1.495389178043454 × 10^302 | 4005 | 69 |
| iv_507 | 2.1227132287655087 × 10^302 | 4225 | 73 |
| iv_508 | 2.4635560157012116 × 10^302 | 4284 | 85 |

### Input Bits Sorted by Complexity

| Input Bit | Complexity | Occurrences | Output Occurrences |
|:---------:|:----------:|:-----------:|:------------------:|
| iv_497 | 2.9597692512858595 × 10^300 | 4076 | 75 |
| iv_498 | 4.095336173166551 × 10^300 | 3928 | 79 |
| iv_500 | 1.8110935506002733 × 10^301 | 4047 | 73 |
| iv_501 | 3.6796076362218316 × 10^301 | 4146 | 75 |
| iv_502 | 6.640408136290484 × 10^301 | 3901 | 75 |
| iv_503 | 1.1257287263145109 × 10^302 | 4068 | 68 |
| iv_506 | 1.495389178043454 × 10^302 | 4005 | 69 |
| iv_504 | 1.8230132590253594 × 10^302 | 4201 | 74 |
| iv_507 | 2.1227132287655087 × 10^302 | 4225 | 73 |
| iv_508 | 2.4635560157012116 × 10^302 | 4284 | 85 |

### Input Bits Sorted by Occurrences

| Input Bit | Complexity | Occurrences | Output Occurrences |
|:---------:|:----------:|:-----------:|:------------------:|
| iv_502 | 6.640408136290484 × 10^301 | 3901 | 75 |
| iv_498 | 4.095336173166551 × 10^300 | 3928 | 79 |
| iv_506 | 1.495389178043454 × 10^302 | 4005 | 69 |
| iv_500 | 1.8110935506002733 × 10^301 | 4047 | 73 |
| iv_503 | 1.1257287263145109 × 10^302 | 4068 | 68 |
| iv_497 | 2.9597692512858595 × 10^300 | 4076 | 75 |
| iv_501 | 3.6796076362218316 × 10^301 | 4146 | 75 |
| iv_504 | 1.8230132590253594 × 10^302 | 4201 | 74 |
| iv_507 | 2.1227132287655087 × 10^302 | 4225 | 73 |
| iv_508 | 2.4635560157012116 × 10^302 | 4284 | 85 |

### Input Bits Sorted by Output Occurrences

| Input Bit | Complexity | Occurrences | Output Occurrences |
|:---------:|:----------:|:-----------:|:------------------:|
| iv_503 | 1.1257287263145109 × 10^302 | 4068 | 68 |
| iv_506 | 1.495389178043454 × 10^302 | 4005 | 69 |
| iv_500 | 1.8110935506002733 × 10^301 | 4047 | 73 |
| iv_507 | 2.1227132287655087 × 10^302 | 4225 | 73 |
| iv_504 | 1.8230132590253594 × 10^302 | 4201 | 74 |
| iv_501 | 3.6796076362218316 × 10^301 | 4146 | 75 |
| iv_497 | 2.9597692512858595 × 10^300 | 4076 | 75 |
| iv_502 | 6.640408136290484 × 10^301 | 3901 | 75 |
| iv_498 | 4.095336173166551 × 10^300 | 3928 | 79 |
| iv_508 | 2.4635560157012116 × 10^302 | 4284 | 85 |

## Input Bit Co-occurrences

### Input Bit Co-occurrences Sorted by Co-occurrences

| Input Bits | Co-occurrences | Potential Occurrences | Output Co-occurrences | Potential Output Occurrences |
|:----------:|:--------------:|:---------------------:|:---------------------:|:----------------------------:|
| iv_501-iv_504 | 2035 | 4277 | 34 | 81 |
| iv_504-iv_507 | 2035 | 4356 | 38 | 71 |
| iv_504-iv_508 | 2033 | 4419 | 42 | 75 |
| iv_507-iv_508 | 2032 | 4445 | 39 | 80 |
| iv_501-iv_507 | 2009 | 4353 | 36 | 76 |
| iv_503-iv_504 | 2002 | 4265 | 33 | 76 |
| iv_506-iv_507 | 2000 | 4230 | 32 | 78 |
| iv_501-iv_508 | 1995 | 4440 | 38 | 84 |
| iv_500-iv_501 | 1979 | 4235 | 38 | 72 |
| iv_503-iv_508 | 1975 | 4402 | 36 | 81 |

### Input Bit Co-occurrences Sorted by Potential Occurrences

| Input Bits | Co-occurrences | Potential Occurrences | Output Co-occurrences | Potential Output Occurrences |
|:----------:|:--------------:|:---------------------:|:---------------------:|:----------------------------:|
| iv_500-iv_503 | 1955 | 4205 | 34 | 73 |
| iv_506-iv_507 | 2000 | 4230 | 32 | 78 |
| iv_500-iv_501 | 1979 | 4235 | 38 | 72 |
| iv_498-iv_506 | 1846 | 4241 | 35 | 78 |
| iv_498-iv_500 | 1863 | 4249 | 39 | 74 |
| iv_502-iv_506 | 1827 | 4252 | 27 | 90 |
| iv_500-iv_502 | 1842 | 4264 | 41 | 66 |
| iv_503-iv_504 | 2002 | 4265 | 33 | 76 |
| iv_497-iv_506 | 1908 | 4265 | 34 | 76 |
| iv_500-iv_506 | 1888 | 4276 | 22 | 98 |

### Input Bit Output Co-occurrences Sorted by Output Co-occurrences

| Input Bits | Co-occurrences | Potential Occurrences | Output Co-occurrences | Potential Output Occurrences |
|:----------:|:--------------:|:---------------------:|:---------------------:|:----------------------------:|
| iv_498-iv_508 | 1891 | 4430 | 44 | 76 |
| iv_498-iv_504 | 1910 | 4309 | 43 | 67 |
| iv_500-iv_508 | 1966 | 4399 | 42 | 74 |
| iv_504-iv_508 | 2033 | 4419 | 42 | 75 |
| iv_500-iv_502 | 1842 | 4264 | 41 | 66 |
| iv_497-iv_508 | 1899 | 4562 | 41 | 78 |
| iv_507-iv_508 | 2032 | 4445 | 39 | 80 |
| iv_498-iv_500 | 1863 | 4249 | 39 | 74 |
| iv_500-iv_501 | 1979 | 4235 | 38 | 72 |
| iv_501-iv_508 | 1995 | 4440 | 38 | 84 |

### Input Bit Output Co-occurrences Sorted by Potential Output Occurrences

| Input Bits | Co-occurrences | Potential Occurrences | Output Co-occurrences | Potential Output Occurrences |
|:----------:|:--------------:|:---------------------:|:---------------------:|:----------------------------:|
| iv_500-iv_502 | 1842 | 4264 | 41 | 66 |
| iv_498-iv_504 | 1910 | 4309 | 43 | 67 |
| iv_504-iv_506 | 1950 | 4306 | 37 | 69 |
| iv_504-iv_507 | 2035 | 4356 | 38 | 71 |
| iv_500-iv_501 | 1979 | 4235 | 38 | 72 |
| iv_497-iv_507 | 1951 | 4399 | 38 | 72 |
| iv_501-iv_503 | 1892 | 4430 | 35 | 73 |
| iv_500-iv_503 | 1955 | 4205 | 34 | 73 |
| iv_500-iv_508 | 1966 | 4399 | 42 | 74 |
| iv_497-iv_502 | 1841 | 4295 | 38 | 74 |

## Output Bits

### Output Bits in Regular Order

| Rank | Output Bit | Complexity |
|:----:|:----------:|:----------:|
| 1 | ov_001 | 1.64990466907957 × 10^302 |
| 2 | ov_002 | 1.4307994773400791 × 10^302 |
| 3 | ov_003 | 1.234533533808224 × 10^302 |
| 4 | ov_004 | 1.059373903446604 × 10^302 |
| 5 | ov_005 | 9.036824054563948 × 10^301 |
| 6 | ov_006 | 7.659088835795895 × 10^301 |
| 7 | ov_007 | 6.445853396926002 × 10^301 |
| 8 | ov_008 | 5.383208704804144 × 10^301 |
| 9 | ov_009 | 4.457973401535594 × 10^301 |
| 10 | ov_010 | 3.657657146031329 × 10^301 |
| 11 | ov_011 | 2.9704299093071875 × 10^301 |
| 12 | ov_012 | 2.385096608740256 × 10^301 |
| 13 | ov_013 | 1.8910764169438684 × 10^301 |
| 14 | ov_014 | 1.4783860779649996 × 10^301 |
| 15 | ov_015 | 1.137626607305744 × 10^301 |
| 16 | ov_016 | 8.599728265656616 × 10^300 |
| 17 | ov_017 | 6.371652883975253 × 10^300 |
| 18 | ov_018 | 4.615041904435598 × 10^300 |
| 19 | ov_019 | 3.258448580295176 × 10^300 |
| 20 | ov_020 | 2.2359440746623455 × 10^300 |
| 21 | ov_021 | 1.4870930239472668 × 10^300 |
| 22 | ov_022 | 9.569360816754555 × 10^299 |
| 23 | ov_023 | 5.959779343144897 × 10^299 |
| 24 | ov_024 | 3.6017949389527056 × 10^299 |
| 25 | ov_025 | 2.109531852988702 × 10^299 |
| 26 | ov_026 | 1.151604153113269 × 10^299 |
| 27 | ov_027 | 5.759392622535678 × 10^298 |
| 28 | ov_028 | 2.5770201760168314 × 10^298 |
| 29 | ov_029 | 9.92934782411544 × 10^297 |
| 30 | ov_030 | 3.035058364120697 × 10^297 |
| 31 | ov_031 | 5.917793189978764 × 10^296 |
| 32 | lv_80_m31 | 1.1534030857302492 × 10^296 |
| 33 | ov_033 | 1.385556650686255 × 10^297 |
| 34 | ov_034 | 1.202727485025652 × 10^297 |
| 35 | ov_035 | 1.0390186321033767 × 10^297 |
| 36 | ov_036 | 8.92749882936951 × 10^296 |
| 37 | ov_037 | 7.623317982644865 × 10^296 |
| 38 | ov_038 | 6.469914896826697 × 10^296 |
| 39 | ov_039 | 5.453026283474765 × 10^296 |
| 40 | ov_040 | 4.559128854552155 × 10^296 |
| 41 | ov_041 | 3.77539869029638 × 10^296 |
| 42 | ov_042 | 3.095594014328005 × 10^296 |
| 43 | ov_043 | 2.513797786924 × 10^296 |
| 44 | ov_044 | 2.0191006167620634 × 10^296 |
| 45 | ov_045 | 1.6011868273765067 × 10^296 |
| 46 | ov_046 | 1.255044864197649 × 10^296 |
| 47 | ov_047 | 9.715035402589923 × 10^295 |
| 48 | ov_048 | 7.419484543130447 × 10^295 |
| 49 | ov_049 | 5.583148859859199 × 10^295 |
| 50 | ov_050 | 4.1308254384764937 × 10^295 |
| 51 | ov_051 | 2.992717732048059 × 10^295 |
| 52 | ov_052 | 2.1352751140143945 × 10^295 |
| 53 | ov_053 | 1.4994411392883787 × 10^295 |
| 54 | ov_054 | 1.0315068971382563 × 10^295 |
| 55 | ov_055 | 6.831022328988708 × 10^294 |
| 56 | ov_056 | 4.313758918978135 × 10^294 |
| 57 | ov_057 | 2.561421319640993 × 10^294 |
| 58 | ov_058 | 1.3987950183918668 × 10^294 |
| 59 | ov_059 | 6.773020288512902 × 10^293 |
| 60 | ov_060 | 2.74997979242471 × 10^293 |
| 61 | ov_061 | 9.65710572829925 × 10^292 |
| 62 | ov_062 | 2.950045682423905 × 10^292 |
| 63 | ov_063 | 5.748806443469062 × 10^291 |
| 64 | lv_79_m31 | 1.1200140822488815 × 10^291 |
| 65 | ov_065 | 1.3288728462778257 × 10^292 |
| 66 | ov_066 | 1.328869160223532 × 10^292 |
| 67 | ov_067 | 1.328868280713465 × 10^292 |
| 68 | ov_068 | 1.1494699330681378 × 10^292 |
| 69 | ov_069 | 9.889615067964323 × 10^291 |
| 70 | ov_070 | 8.459384478030705 × 10^291 |
| 71 | ov_071 | 7.190634364372626 × 10^291 |
| 72 | ov_072 | 6.070620281839473 × 10^291 |
| 73 | ov_073 | 5.087191530808261 × 10^291 |
| 74 | ov_074 | 4.228763502593705 × 10^291 |
| 75 | ov_075 | 3.484296205029045 × 10^291 |
| 76 | ov_076 | 2.8432778596636574 × 10^291 |
| 77 | ov_077 | 2.2957125225510126 × 10^291 |
| 78 | ov_078 | 1.8321107395279017 × 10^291 |
| 79 | ov_079 | 1.4434823045458913 × 10^291 |
| 80 | ov_080 | 1.1213303382674139 × 10^291 |
| 81 | ov_081 | 8.57646229148614 × 10^290 |
| 82 | ov_082 | 6.449052831766831 × 10^290 |
| 83 | ov_083 | 4.760630275883252 × 10^290 |
| 84 | ov_084 | 3.4455211410618127 × 10^290 |
| 85 | ov_085 | 2.442797673776591 × 10^290 |
| 86 | ov_086 | 1.696257244016574 × 10^290 |
| 87 | ov_087 | 1.1544061079504481 × 10^290 |
| 88 | ov_088 | 7.704469979197398 × 10^289 |
| 89 | ov_089 | 5.022699989291143 × 10^289 |
| 90 | ov_090 | 3.124461709274157 × 10^289 |
| 91 | ov_091 | 1.8343064512636355 × 10^289 |
| 92 | ov_092 | 1.0001615263164595 × 10^289 |
| 93 | ov_093 | 4.933212352560224 × 10^288 |
| 94 | ov_094 | 2.0844244150363212 × 10^288 |
| 95 | aaa_78_28 | 6.354276355649304 × 10^287 |
| 96 | aaa_78_29 | 1.912196938926407 × 10^287 |
| 97 | ov_097 | 9.841832472477765 × 10^286 |
| 98 | ov_098 | 9.841743416597617 × 10^286 |
| 99 | ov_099 | 9.841714985610665 × 10^286 |
| 100 | ov_100 | 8.167762358007519 × 10^286 |
| 101 | ov_101 | 6.724172768478806 × 10^286 |
| 102 | ov_102 | 5.48899283774023 × 10^286 |
| 103 | ov_103 | 4.441468745398716 × 10^286 |
| 104 | ov_104 | 3.561958678271391 × 10^286 |
| 105 | ov_105 | 2.831856814771397 × 10^286 |
| 106 | ov_106 | 2.233527784011682 × 10^286 |
| 107 | ov_107 | 1.750250592178627 × 10^286 |
| 108 | ov_108 | 1.366171060848361 × 10^286 |
| 109 | ov_109 | 1.0662618726387892 × 10^286 |
| 110 | ov_110 | 8.362893692300938 × 10^285 |
| 111 | ov_111 | 6.62786295614079 × 10^285 |
| 112 | ov_112 | 5.330297326669507 × 10^285 |
| 113 | ov_113 | 4.350235079539905 × 10^285 |
| 114 | ov_114 | 3.5748442220156896 × 10^285 |
| 115 | ov_115 | 2.898316762121965 × 10^285 |
| 116 | ov_116 | 2.3137663959607674 × 10^285 |
| 117 | ov_117 | 1.8143487314937373 × 10^285 |
| 118 | ov_118 | 1.3932491765763283 × 10^285 |
| 119 | ov_119 | 1.0436742367645197 × 10^285 |
| 120 | ov_120 | 7.588450386685847 × 10^284 |
| 121 | ov_121 | 5.3199239857887215 × 10^284 |
| 122 | ov_122 | 3.563532012163792 × 10^284 |
| 123 | ov_123 | 2.251678534882373 × 10^284 |
| 124 | ov_124 | 1.3167857813163853 × 10^284 |
| 125 | ov_125 | 6.912836917460721 × 10^283 |
| 126 | ov_126 | 3.076047462921311 × 10^283 |
| 127 | aaa_77_28 | 9.818209348651228 × 10^282 |
| 128 | aaa_77_29 | 3.678381281603148 × 10^282 |
| 129 | ov_129 | 3.3814594737310534 × 10^282 |
| 130 | ov_130 | 3.3814493860308257 × 10^282 |
| 131 | ov_131 | 3.3814469511144216 × 10^282 |
| 132 | ov_132 | 2.9263501082656477 × 10^282 |
| 133 | ov_133 | 2.5192007685057137 × 10^282 |
| 134 | ov_134 | 2.156374016310283 × 10^282 |
| 135 | ov_135 | 1.8344349539784733 × 10^282 |
| 136 | ov_136 | 1.5501250844206912 × 10^282 |
| 137 | ov_137 | 1.3003506960545913 × 10^282 |
| 138 | ov_138 | 1.0821730492328361 × 10^282 |
| 139 | ov_139 | 8.928001736846448 × 10^281 |
| 140 | ov_140 | 7.295800962579518 × 10^281 |
| 141 | ov_141 | 5.899953278638698 × 10^281 |
| 142 | ov_142 | 4.716584480011051 × 10^281 |
| 143 | ov_143 | 3.723086346151472 × 10^281 |
| 144 | ov_144 | 2.898089963564687 × 10^281 |
| 145 | ov_145 | 2.2214457356657992 × 10^281 |
| 146 | ov_146 | 1.6742088355626757 × 10^281 |
| 147 | ov_147 | 1.2386289495628715 × 10^281 |
| 148 | ov_148 | 8.981433060011279 × 10^280 |
| 149 | ov_149 | 6.373721854454485 × 10^280 |
| 150 | ov_150 | 4.421162001740783 × 10^280 |
| 151 | ov_151 | 2.9935465061907394 × 10^280 |
| 152 | ov_152 | 1.972444422716196 × 10^280 |
| 153 | ov_153 | 1.2511931785515171 × 10^280 |
| 154 | ov_154 | 7.348932133708233 × 10^279 |
| 155 | ov_155 | 3.7903494604713586 × 10^279 |
| 156 | aaa_76_25 | 1.449879391380843 × 10^279 |
| 157 | aaa_76_26 | 8.280304093444455 × 10^278 |
| 158 | aaa_76_27 | 4.161451228004796 × 10^278 |
| 159 | aaa_76_28 | 1.5544585922255177 × 10^278 |
| 160 | aaa_76_29 | 4.420923237829174 × 10^277 |

### Output Bits Sorted by Complexity

| Rank | Output Bit | Complexity |
|:----:|:----------:|:----------:|
| 160 | aaa_76_29 | 4.420923237829174 × 10^277 |
| 159 | aaa_76_28 | 1.5544585922255177 × 10^278 |
| 158 | aaa_76_27 | 4.161451228004796 × 10^278 |
| 157 | aaa_76_26 | 8.280304093444455 × 10^278 |
| 156 | aaa_76_25 | 1.449879391380843 × 10^279 |
| 155 | ov_155 | 3.7903494604713586 × 10^279 |
| 154 | ov_154 | 7.348932133708233 × 10^279 |
| 153 | ov_153 | 1.2511931785515171 × 10^280 |
| 152 | ov_152 | 1.972444422716196 × 10^280 |
| 151 | ov_151 | 2.9935465061907394 × 10^280 |
| 150 | ov_150 | 4.421162001740783 × 10^280 |
| 149 | ov_149 | 6.373721854454485 × 10^280 |
| 148 | ov_148 | 8.981433060011279 × 10^280 |
| 147 | ov_147 | 1.2386289495628715 × 10^281 |
| 146 | ov_146 | 1.6742088355626757 × 10^281 |
| 145 | ov_145 | 2.2214457356657992 × 10^281 |
| 144 | ov_144 | 2.898089963564687 × 10^281 |
| 143 | ov_143 | 3.723086346151472 × 10^281 |
| 142 | ov_142 | 4.716584480011051 × 10^281 |
| 141 | ov_141 | 5.899953278638698 × 10^281 |
| 140 | ov_140 | 7.295800962579518 × 10^281 |
| 139 | ov_139 | 8.928001736846448 × 10^281 |
| 138 | ov_138 | 1.0821730492328361 × 10^282 |
| 137 | ov_137 | 1.3003506960545913 × 10^282 |
| 136 | ov_136 | 1.5501250844206912 × 10^282 |
| 135 | ov_135 | 1.8344349539784733 × 10^282 |
| 134 | ov_134 | 2.156374016310283 × 10^282 |
| 133 | ov_133 | 2.5192007685057137 × 10^282 |
| 132 | ov_132 | 2.9263501082656477 × 10^282 |
| 131 | ov_131 | 3.3814469511144216 × 10^282 |
| 130 | ov_130 | 3.3814493860308257 × 10^282 |
| 129 | ov_129 | 3.3814594737310534 × 10^282 |
| 128 | aaa_77_29 | 3.678381281603148 × 10^282 |
| 127 | aaa_77_28 | 9.818209348651228 × 10^282 |
| 126 | ov_126 | 3.076047462921311 × 10^283 |
| 125 | ov_125 | 6.912836917460721 × 10^283 |
| 124 | ov_124 | 1.3167857813163853 × 10^284 |
| 123 | ov_123 | 2.251678534882373 × 10^284 |
| 122 | ov_122 | 3.563532012163792 × 10^284 |
| 121 | ov_121 | 5.3199239857887215 × 10^284 |
| 120 | ov_120 | 7.588450386685847 × 10^284 |
| 119 | ov_119 | 1.0436742367645197 × 10^285 |
| 118 | ov_118 | 1.3932491765763283 × 10^285 |
| 117 | ov_117 | 1.8143487314937373 × 10^285 |
| 116 | ov_116 | 2.3137663959607674 × 10^285 |
| 115 | ov_115 | 2.898316762121965 × 10^285 |
| 114 | ov_114 | 3.5748442220156896 × 10^285 |
| 113 | ov_113 | 4.350235079539905 × 10^285 |
| 112 | ov_112 | 5.330297326669507 × 10^285 |
| 111 | ov_111 | 6.62786295614079 × 10^285 |
| 110 | ov_110 | 8.362893692300938 × 10^285 |
| 109 | ov_109 | 1.0662618726387892 × 10^286 |
| 108 | ov_108 | 1.366171060848361 × 10^286 |
| 107 | ov_107 | 1.750250592178627 × 10^286 |
| 106 | ov_106 | 2.233527784011682 × 10^286 |
| 105 | ov_105 | 2.831856814771397 × 10^286 |
| 104 | ov_104 | 3.561958678271391 × 10^286 |
| 103 | ov_103 | 4.441468745398716 × 10^286 |
| 102 | ov_102 | 5.48899283774023 × 10^286 |
| 101 | ov_101 | 6.724172768478806 × 10^286 |
| 100 | ov_100 | 8.167762358007519 × 10^286 |
| 99 | ov_099 | 9.841714985610665 × 10^286 |
| 98 | ov_098 | 9.841743416597617 × 10^286 |
| 97 | ov_097 | 9.841832472477765 × 10^286 |
| 96 | aaa_78_29 | 1.912196938926407 × 10^287 |
| 95 | aaa_78_28 | 6.354276355649304 × 10^287 |
| 94 | ov_094 | 2.0844244150363212 × 10^288 |
| 93 | ov_093 | 4.933212352560224 × 10^288 |
| 92 | ov_092 | 1.0001615263164595 × 10^289 |
| 91 | ov_091 | 1.8343064512636355 × 10^289 |
| 90 | ov_090 | 3.124461709274157 × 10^289 |
| 89 | ov_089 | 5.022699989291143 × 10^289 |
| 88 | ov_088 | 7.704469979197398 × 10^289 |
| 87 | ov_087 | 1.1544061079504481 × 10^290 |
| 86 | ov_086 | 1.696257244016574 × 10^290 |
| 85 | ov_085 | 2.442797673776591 × 10^290 |
| 84 | ov_084 | 3.4455211410618127 × 10^290 |
| 83 | ov_083 | 4.760630275883252 × 10^290 |
| 82 | ov_082 | 6.449052831766831 × 10^290 |
| 81 | ov_081 | 8.57646229148614 × 10^290 |
| 64 | lv_79_m31 | 1.1200140822488815 × 10^291 |
| 80 | ov_080 | 1.1213303382674139 × 10^291 |
| 79 | ov_079 | 1.4434823045458913 × 10^291 |
| 78 | ov_078 | 1.8321107395279017 × 10^291 |
| 77 | ov_077 | 2.2957125225510126 × 10^291 |
| 76 | ov_076 | 2.8432778596636574 × 10^291 |
| 75 | ov_075 | 3.484296205029045 × 10^291 |
| 74 | ov_074 | 4.228763502593705 × 10^291 |
| 73 | ov_073 | 5.087191530808261 × 10^291 |
| 63 | ov_063 | 5.748806443469062 × 10^291 |
| 72 | ov_072 | 6.070620281839473 × 10^291 |
| 71 | ov_071 | 7.190634364372626 × 10^291 |
| 70 | ov_070 | 8.459384478030705 × 10^291 |
| 69 | ov_069 | 9.889615067964323 × 10^291 |
| 68 | ov_068 | 1.1494699330681378 × 10^292 |
| 67 | ov_067 | 1.328868280713465 × 10^292 |
| 66 | ov_066 | 1.328869160223532 × 10^292 |
| 65 | ov_065 | 1.3288728462778257 × 10^292 |
| 62 | ov_062 | 2.950045682423905 × 10^292 |
| 61 | ov_061 | 9.65710572829925 × 10^292 |
| 60 | ov_060 | 2.74997979242471 × 10^293 |
| 59 | ov_059 | 6.773020288512902 × 10^293 |
| 58 | ov_058 | 1.3987950183918668 × 10^294 |
| 57 | ov_057 | 2.561421319640993 × 10^294 |
| 56 | ov_056 | 4.313758918978135 × 10^294 |
| 55 | ov_055 | 6.831022328988708 × 10^294 |
| 54 | ov_054 | 1.0315068971382563 × 10^295 |
| 53 | ov_053 | 1.4994411392883787 × 10^295 |
| 52 | ov_052 | 2.1352751140143945 × 10^295 |
| 51 | ov_051 | 2.992717732048059 × 10^295 |
| 50 | ov_050 | 4.1308254384764937 × 10^295 |
| 49 | ov_049 | 5.583148859859199 × 10^295 |
| 48 | ov_048 | 7.419484543130447 × 10^295 |
| 47 | ov_047 | 9.715035402589923 × 10^295 |
| 32 | lv_80_m31 | 1.1534030857302492 × 10^296 |
| 46 | ov_046 | 1.255044864197649 × 10^296 |
| 45 | ov_045 | 1.6011868273765067 × 10^296 |
| 44 | ov_044 | 2.0191006167620634 × 10^296 |
| 43 | ov_043 | 2.513797786924 × 10^296 |
| 42 | ov_042 | 3.095594014328005 × 10^296 |
| 41 | ov_041 | 3.77539869029638 × 10^296 |
| 40 | ov_040 | 4.559128854552155 × 10^296 |
| 39 | ov_039 | 5.453026283474765 × 10^296 |
| 31 | ov_031 | 5.917793189978764 × 10^296 |
| 38 | ov_038 | 6.469914896826697 × 10^296 |
| 37 | ov_037 | 7.623317982644865 × 10^296 |
| 36 | ov_036 | 8.92749882936951 × 10^296 |
| 35 | ov_035 | 1.0390186321033767 × 10^297 |
| 34 | ov_034 | 1.202727485025652 × 10^297 |
| 33 | ov_033 | 1.385556650686255 × 10^297 |
| 30 | ov_030 | 3.035058364120697 × 10^297 |
| 29 | ov_029 | 9.92934782411544 × 10^297 |
| 28 | ov_028 | 2.5770201760168314 × 10^298 |
| 27 | ov_027 | 5.759392622535678 × 10^298 |
| 26 | ov_026 | 1.151604153113269 × 10^299 |
| 25 | ov_025 | 2.109531852988702 × 10^299 |
| 24 | ov_024 | 3.6017949389527056 × 10^299 |
| 23 | ov_023 | 5.959779343144897 × 10^299 |
| 22 | ov_022 | 9.569360816754555 × 10^299 |
| 21 | ov_021 | 1.4870930239472668 × 10^300 |
| 20 | ov_020 | 2.2359440746623455 × 10^300 |
| 19 | ov_019 | 3.258448580295176 × 10^300 |
| 18 | ov_018 | 4.615041904435598 × 10^300 |
| 17 | ov_017 | 6.371652883975253 × 10^300 |
| 16 | ov_016 | 8.599728265656616 × 10^300 |
| 15 | ov_015 | 1.137626607305744 × 10^301 |
| 14 | ov_014 | 1.4783860779649996 × 10^301 |
| 13 | ov_013 | 1.8910764169438684 × 10^301 |
| 12 | ov_012 | 2.385096608740256 × 10^301 |
| 11 | ov_011 | 2.9704299093071875 × 10^301 |
| 10 | ov_010 | 3.657657146031329 × 10^301 |
| 9 | ov_009 | 4.457973401535594 × 10^301 |
| 8 | ov_008 | 5.383208704804144 × 10^301 |
| 7 | ov_007 | 6.445853396926002 × 10^301 |
| 6 | ov_006 | 7.659088835795895 × 10^301 |
| 5 | ov_005 | 9.036824054563948 × 10^301 |
| 4 | ov_004 | 1.059373903446604 × 10^302 |
| 3 | ov_003 | 1.234533533808224 × 10^302 |
| 2 | ov_002 | 1.4307994773400791 × 10^302 |
| 1 | ov_001 | 1.64990466907957 × 10^302 |

