# Results for F001-F002-F003-F004-F005-F006-F007-F008-F009-F010-F011-F012-F013-F014-F015-F016-F017-F018-F019-F020-F021-F022-F023-F024-F025-F026-F027-F028-F029-F030-F031-F032-F033-F034-F035-F036-F037-F038-F039-F040-F041-F042-F043-F044-F045-F046-F047-F048-F049-F050-F051-F052-F053-F054-F055-F056-F057-F058-F059-F060-F061-F062-F063-F064-F065-F066-F067-F068-F069-F070-F071-F072-F073-F074-F075-F076-F077-F078-F079-F080-F081-F082-F083-F084-F085-F086-F087-F088-F089-F090-F091-F092-F093-F094-F095-F096-F097-F098-F099-F100-F101-F102-F103-F104-F105-F106-F107-F108-F109-F110-F111-F112-F113-F114-F115-F116-F117-F118-F119-F120-F121-F122-F123-F124-F125-F126-F127-F128-F129-F130-F131-F132-F133-F134-F135-F136-F137-F138-F139-F140-F141-F142-F143-F144-F145-F146-F147-F148-F149-F150-F151-F152-F153-F154-F155-F156-F157-F158-F159-F160-F161-F162-F163-F164-F165-F166-F167-F168-F169-F170-F171-F172-F173-F174-F175-F176-F177-F178-F179-F180-F181-F182-F183-F184-F185-F186-F187-F188-F189-F190-F191-F192-F193-F194-F195-F196-F197-F198-F199-F200-F201-F202-F203-F204-F205-F206-F207-F208-F209-F210-F211-F212-F213-F214-F215-F216-F217-F218-F219-F220-F221-F222-F223-F224-F225-F226-F227-F228-F229-F230-F231-F232-F233-F234-F235-F236-F237-F238-F239-F240-F241-F242-F243-F244-F245-F246-F247-F248-F249-F250-F251-F252-F253-F254-F255-F256-F257-F258-F259-F260-F261-F262-F263-F264-F265-F266-F267-F268-F269-F270-F271-F272-F273-F274-F275-F276-F277-F278-F279-F280-F281-F282-F283-F284-F285-F286-F287-F288-F289-F290-F291-F292-F293-F294-F295-F296-F297-F298-F299-F300-F301-F302-F303-F304-F305-F306-F307-F308-F309-F310-F311-F312-F313-F314-F315-F316-F317-F318-F319-F320-F321-F322-F323-F324-F325-F326-F327-F328-F329-F330-F331-F332-F333-F334-F335-F336-F337-F338-F339-F340-F341-F342-F343-F344-F345-F346-F347-F348-F349-F350-F351-F352-F353-F354-F355-F356-F357-F358-F359-F360-F361-F362-F363-F364-F365-F366-F367-F368-F369-F370-F371-F372-F373-F374-F375-F376-F377-F378-F379-F380-F381-F382-F383-F384-F385-F386-F387-F388-F389-F390-F391-F392-F393-F394-F395-F396-F397-F398-F399-F400-F401-F402-F403-F404-F405-F406-F407-F408-F409-F410-F411-F412-F413-F414-F415-F416-F417-F418-F419-F420-F421-F422-F423-F424-F425-F426-F427-F428-F429-F430-F431-F432-F433-F434-F435-F436-F437-F438-F439-F440-F441-F442-F443-F444-F445-F446-F447-F448-F449-F450-F451-F452-F453-F454-F455-F456-F457-F458-F459-F460-F461-F462-F463-F464-F465-F466-F467-F468-F469-F470-F471-F472-F473-F474-F475-F476-F477-F478-F479-F480-F481-F482-F483-F484-F485-F486-F487-F488-F489-F490-F491-F492-F493-F494-F495-F496-O498507-F508-F509-F510-F511-F512

## Summary

Number of input bits: 512  
Number of free input bits: 10  
Number of output bits: 160

Number of direct occurrences: 39865  
Number of assignments: 30833  
Number of operations: 10720753
(xor: 10692800,
and: 14768,
or: 13185)

Total complexity: 3.3290191989339093 × 10^296

Least occurring input variable: iv_502 (3838)  
Most occurring input variable: iv_498 (4231)

Most co-occurring input variables: iv_500-iv_501 (2000)  
Least co-occurring input variables: iv_502-iv_505 (1754)

Potentially most occurring input variable: iv_498/iv_505 (4534)  
Potentially least occurring input variable: iv_500/iv_501 (4057)

Least output occurring input variable: iv_498 (63)  
Most output occurring input variable: iv_506 (93)

Most output co-occurring input variables: iv_502-iv_506 (51)  
Least output co-occurring input variables: iv_498-iv_500 (27)

Potentially most output occurring input variable: iv_497/iv_506 (90)  
Potentially least output occurring input variable: iv_497/iv_498 (72)

Least complex input bit: iv_497 (1.979970810415611 × 10^294)  
Most complex input bit: iv_505 (9.65686225850036 × 10^295)

Least complex output bit: aaa_76_29 (2.440831687330852 × 10^271)  
Most complex output bit: ov_001 (5.371701100729072 × 10^295)

Least complex input/output complexity: iv_497/aaa_76_29 (1.4517115117870838 × 10^269)  
Most complex input/output complexity: iv_505/ov_001 (1.5582300528692524 × 10^295)

## Input Bits

### Input Bits in Regular Order

| Input Bit | Complexity | Occurrences | Output Occurrences |
|:---------:|:----------:|:-----------:|:------------------:|
| iv_497 | 1.979970810415611 × 10^294 | 3994 | 77 |
| iv_498 | 2.4879870862829714 × 10^295 | 4231 | 63 |
| iv_499 | 6.945584384625416 × 10^294 | 3895 | 83 |
| iv_500 | 1.1636973758036632 × 10^295 | 4052 | 76 |
| iv_501 | 1.9052214155719758 × 10^295 | 4005 | 80 |
| iv_502 | 3.059965212153995 × 10^295 | 3838 | 82 |
| iv_503 | 4.83398225148453 × 10^295 | 3994 | 75 |
| iv_504 | 7.498619845053648 × 10^295 | 3877 | 80 |
| iv_505 | 9.65686225850036 × 10^295 | 3927 | 84 |
| iv_506 | 1.7913010249838665 × 10^295 | 4052 | 93 |

### Input Bits Sorted by Complexity

| Input Bit | Complexity | Occurrences | Output Occurrences |
|:---------:|:----------:|:-----------:|:------------------:|
| iv_497 | 1.979970810415611 × 10^294 | 3994 | 77 |
| iv_499 | 6.945584384625416 × 10^294 | 3895 | 83 |
| iv_500 | 1.1636973758036632 × 10^295 | 4052 | 76 |
| iv_506 | 1.7913010249838665 × 10^295 | 4052 | 93 |
| iv_501 | 1.9052214155719758 × 10^295 | 4005 | 80 |
| iv_498 | 2.4879870862829714 × 10^295 | 4231 | 63 |
| iv_502 | 3.059965212153995 × 10^295 | 3838 | 82 |
| iv_503 | 4.83398225148453 × 10^295 | 3994 | 75 |
| iv_504 | 7.498619845053648 × 10^295 | 3877 | 80 |
| iv_505 | 9.65686225850036 × 10^295 | 3927 | 84 |

### Input Bits Sorted by Occurrences

| Input Bit | Complexity | Occurrences | Output Occurrences |
|:---------:|:----------:|:-----------:|:------------------:|
| iv_502 | 3.059965212153995 × 10^295 | 3838 | 82 |
| iv_504 | 7.498619845053648 × 10^295 | 3877 | 80 |
| iv_499 | 6.945584384625416 × 10^294 | 3895 | 83 |
| iv_505 | 9.65686225850036 × 10^295 | 3927 | 84 |
| iv_503 | 4.83398225148453 × 10^295 | 3994 | 75 |
| iv_497 | 1.979970810415611 × 10^294 | 3994 | 77 |
| iv_501 | 1.9052214155719758 × 10^295 | 4005 | 80 |
| iv_500 | 1.1636973758036632 × 10^295 | 4052 | 76 |
| iv_506 | 1.7913010249838665 × 10^295 | 4052 | 93 |
| iv_498 | 2.4879870862829714 × 10^295 | 4231 | 63 |

### Input Bits Sorted by Output Occurrences

| Input Bit | Complexity | Occurrences | Output Occurrences |
|:---------:|:----------:|:-----------:|:------------------:|
| iv_498 | 2.4879870862829714 × 10^295 | 4231 | 63 |
| iv_503 | 4.83398225148453 × 10^295 | 3994 | 75 |
| iv_500 | 1.1636973758036632 × 10^295 | 4052 | 76 |
| iv_497 | 1.979970810415611 × 10^294 | 3994 | 77 |
| iv_504 | 7.498619845053648 × 10^295 | 3877 | 80 |
| iv_501 | 1.9052214155719758 × 10^295 | 4005 | 80 |
| iv_502 | 3.059965212153995 × 10^295 | 3838 | 82 |
| iv_499 | 6.945584384625416 × 10^294 | 3895 | 83 |
| iv_505 | 9.65686225850036 × 10^295 | 3927 | 84 |
| iv_506 | 1.7913010249838665 × 10^295 | 4052 | 93 |

## Input Bit Co-occurrences

### Input Bit Co-occurrences Sorted by Co-occurrences

| Input Bits | Co-occurrences | Potential Occurrences | Output Co-occurrences | Potential Output Occurrences |
|:----------:|:--------------:|:---------------------:|:---------------------:|:----------------------------:|
| iv_500-iv_501 | 2000 | 4057 | 40 | 76 |
| iv_498-iv_500 | 1967 | 4349 | 27 | 85 |
| iv_500-iv_506 | 1957 | 4190 | 45 | 79 |
| iv_497-iv_503 | 1947 | 4094 | 37 | 78 |
| iv_498-iv_501 | 1939 | 4358 | 34 | 75 |
| iv_497-iv_500 | 1935 | 4176 | 35 | 83 |
| iv_498-iv_503 | 1917 | 4391 | 27 | 84 |
| iv_498-iv_506 | 1916 | 4451 | 40 | 76 |
| iv_500-iv_503 | 1912 | 4222 | 39 | 73 |
| iv_501-iv_503 | 1904 | 4191 | 36 | 83 |

### Input Bit Co-occurrences Sorted by Potential Occurrences

| Input Bits | Co-occurrences | Potential Occurrences | Output Co-occurrences | Potential Output Occurrences |
|:----------:|:--------------:|:---------------------:|:---------------------:|:----------------------------:|
| iv_500-iv_501 | 2000 | 4057 | 40 | 76 |
| iv_501-iv_504 | 1895 | 4092 | 40 | 80 |
| iv_497-iv_503 | 1947 | 4094 | 37 | 78 |
| iv_499-iv_505 | 1863 | 4096 | 39 | 89 |
| iv_499-iv_504 | 1837 | 4098 | 40 | 83 |
| iv_497-iv_505 | 1901 | 4119 | 44 | 73 |
| iv_497-iv_499 | 1873 | 4143 | 41 | 78 |
| iv_504-iv_505 | 1828 | 4148 | 38 | 88 |
| iv_502-iv_506 | 1868 | 4154 | 51 | 73 |
| iv_504-iv_506 | 1882 | 4165 | 47 | 79 |

### Input Bit Output Co-occurrences Sorted by Output Co-occurrences

| Input Bits | Co-occurrences | Potential Occurrences | Output Co-occurrences | Potential Output Occurrences |
|:----------:|:--------------:|:---------------------:|:---------------------:|:----------------------------:|
| iv_499-iv_506 | 1843 | 4261 | 51 | 74 |
| iv_502-iv_506 | 1868 | 4154 | 51 | 73 |
| iv_504-iv_506 | 1882 | 4165 | 47 | 79 |
| iv_505-iv_506 | 1896 | 4187 | 47 | 83 |
| iv_500-iv_506 | 1957 | 4190 | 45 | 79 |
| iv_497-iv_505 | 1901 | 4119 | 44 | 73 |
| iv_503-iv_506 | 1883 | 4280 | 44 | 80 |
| iv_502-iv_504 | 1769 | 4177 | 43 | 76 |
| iv_499-iv_500 | 1867 | 4213 | 43 | 73 |
| iv_499-iv_501 | 1851 | 4198 | 43 | 77 |

### Input Bit Output Co-occurrences Sorted by Potential Output Occurrences

| Input Bits | Co-occurrences | Potential Occurrences | Output Co-occurrences | Potential Output Occurrences |
|:----------:|:--------------:|:---------------------:|:---------------------:|:----------------------------:|
| iv_497-iv_498 | 1863 | 4499 | 34 | 72 |
| iv_499-iv_500 | 1867 | 4213 | 43 | 73 |
| iv_502-iv_506 | 1868 | 4154 | 51 | 73 |
| iv_497-iv_505 | 1901 | 4119 | 44 | 73 |
| iv_500-iv_503 | 1912 | 4222 | 39 | 73 |
| iv_498-iv_499 | 1860 | 4406 | 36 | 74 |
| iv_499-iv_506 | 1843 | 4261 | 51 | 74 |
| iv_498-iv_501 | 1939 | 4358 | 34 | 75 |
| iv_502-iv_504 | 1769 | 4177 | 43 | 76 |
| iv_498-iv_506 | 1916 | 4451 | 40 | 76 |

## Output Bits

### Output Bits in Regular Order

| Rank | Output Bit | Complexity |
|:----:|:----------:|:----------:|
| 1 | ov_001 | 5.371701100729072 × 10^295 |
| 2 | ov_002 | 4.651555940614699 × 10^295 |
| 3 | ov_003 | 4.0071434304295756 × 10^295 |
| 4 | ov_004 | 3.4326881076662656 × 10^295 |
| 5 | ov_005 | 2.922729464628042 × 10^295 |
| 6 | ov_006 | 2.4720993262822767 × 10^295 |
| 7 | ov_007 | 2.075902174694861 × 10^295 |
| 8 | ov_008 | 1.72949824391691 × 10^295 |
| 9 | ov_009 | 1.4284891664672776 × 10^295 |
| 10 | ov_010 | 1.1687059123621624 × 10^295 |
| 11 | ov_011 | 9.461987586253281 × 10^294 |
| 12 | ov_012 | 7.572290421473701 × 10^294 |
| 13 | ov_013 | 5.982624634269773 × 10^294 |
| 14 | ov_014 | 4.659637231848209 × 10^294 |
| 15 | ov_015 | 3.5719228814310224 × 10^294 |
| 16 | ov_016 | 2.6899909645157568 × 10^294 |
| 17 | ov_017 | 1.9862402734503726 × 10^294 |
| 18 | ov_018 | 1.434939736611354 × 10^294 |
| 19 | ov_019 | 1.0122137731336204 × 10^294 |
| 20 | ov_020 | 6.960312330939044 × 10^293 |
| 21 | ov_021 | 4.661972076789536 × 10^293 |
| 22 | ov_022 | 3.0434714695996984 × 10^293 |
| 23 | ov_023 | 1.9394279257151577 × 10^293 |
| 24 | ov_024 | 1.2026950224400854 × 10^293 |
| 25 | ov_025 | 7.043461277713316 × 10^292 |
| 26 | ov_026 | 3.8447137656177024 × 10^292 |
| 27 | ov_027 | 1.9226482599118564 × 10^292 |
| 28 | ov_028 | 8.602321664981314 × 10^291 |
| 29 | ov_029 | 3.314554851179159 × 10^291 |
| 30 | ov_030 | 1.0132969785084905 × 10^291 |
| 31 | ov_031 | 1.9765830126608097 × 10^290 |
| 32 | lv_80_m31 | 3.8551060462062665 × 10^289 |
| 33 | ov_033 | 4.6116422999590685 × 10^290 |
| 34 | ov_034 | 3.999470785052576 × 10^290 |
| 35 | ov_035 | 3.451883010220035 × 10^290 |
| 36 | ov_036 | 2.9634076529313843 × 10^290 |
| 37 | ov_037 | 2.5288670588565914 × 10^290 |
| 38 | ov_038 | 2.1433564542085436 × 10^290 |
| 39 | ov_039 | 1.802226025075768 × 10^290 |
| 40 | ov_040 | 1.5010655875312536 × 10^290 |
| 41 | ov_041 | 1.2377281943853184 × 10^290 |
| 42 | ov_042 | 1.010177237642663 × 10^290 |
| 43 | ov_043 | 8.164814779587577 × 10^289 |
| 44 | ov_044 | 6.53078882220942 × 10^289 |
| 45 | ov_045 | 5.166005642385471 × 10^289 |
| 46 | ov_046 | 4.0386597121404235 × 10^289 |
| 47 | ov_047 | 3.118791093211186 × 10^289 |
| 48 | ov_048 | 2.378256391443542 × 10^289 |
| 49 | ov_049 | 1.7907068449024343 × 10^289 |
| 50 | ov_050 | 1.331572107659588 × 10^289 |
| 51 | ov_051 | 9.780484175436122 × 10^288 |
| 52 | ov_052 | 7.090900204698357 × 10^288 |
| 53 | ov_053 | 5.054030170155466 × 10^288 |
| 54 | ov_054 | 3.4944106627134895 × 10^288 |
| 55 | ov_055 | 2.3286745186696076 × 10^288 |
| 56 | ov_056 | 1.4821723286193787 × 10^288 |
| 57 | ov_057 | 8.889654938565442 × 10^287 |
| 58 | ov_058 | 4.918222689254278 × 10^287 |
| 59 | ov_059 | 2.4221570558864543 × 10^287 |
| 60 | ov_060 | 1.0032272054012816 × 10^287 |
| 61 | ov_061 | 3.502375952941708 × 10^286 |
| 62 | ov_062 | 9.602007315778786 × 10^285 |
| 63 | ov_063 | 1.8702481473852943 × 10^285 |
| 64 | lv_79_m31 | 3.6419098198661456 × 10^284 |
| 65 | ov_065 | 4.3008631708298796 × 10^285 |
| 66 | ov_066 | 4.3008515685355757 × 10^285 |
| 67 | ov_067 | 4.3008488249353916 × 10^285 |
| 68 | ov_068 | 3.7128321221094785 × 10^285 |
| 69 | ov_069 | 3.1876507835423423 × 10^285 |
| 70 | ov_070 | 2.720572936226776 × 10^285 |
| 71 | ov_071 | 2.3070887171624753 × 10^285 |
| 72 | ov_072 | 1.9428977350452208 × 10^285 |
| 73 | ov_073 | 1.6238993196286092 × 10^285 |
| 74 | ov_074 | 1.3461849891873249 × 10^285 |
| 75 | ov_075 | 1.1060325963246703 × 10^285 |
| 76 | ov_076 | 8.99901641087178 × 10^284 |
| 77 | ov_077 | 7.244293202144048 × 10^284 |
| 78 | ov_078 | 5.76427061335493 × 10^284 |
| 79 | ov_079 | 4.528774606655826 × 10^284 |
| 80 | ov_080 | 3.509315984077128 × 10^284 |
| 81 | ov_081 | 2.6790670631542595 × 10^284 |
| 82 | ov_082 | 2.012841620560109 × 10^284 |
| 83 | ov_083 | 1.4870778514998793 × 10^284 |
| 84 | ov_084 | 1.0798240936108768 × 10^284 |
| 85 | ov_085 | 7.707270648124171 × 10^283 |
| 86 | ov_086 | 5.410223650350223 × 10^283 |
| 87 | ov_087 | 3.7352699207729675 × 10^283 |
| 88 | ov_088 | 2.5263362203837363 × 10^283 |
| 89 | ov_089 | 1.6430640489001067 × 10^283 |
| 90 | ov_090 | 1.019198454354005 × 10^283 |
| 91 | ov_091 | 5.963212405323983 × 10^282 |
| 92 | ov_092 | 3.2384358517204405 × 10^282 |
| 93 | ov_093 | 1.590018913976407 × 10^282 |
| 94 | ov_094 | 6.68557498194431 × 10^281 |
| 95 | aaa_78_28 | 2.0287106805870986 × 10^281 |
| 96 | aaa_78_29 | 6.061344934408351 × 10^280 |
| 97 | ov_097 | 3.2086022612376966 × 10^280 |
| 98 | ov_098 | 3.2085613093527424 × 10^280 |
| 99 | ov_099 | 3.2085482431224617 × 10^280 |
| 100 | ov_100 | 2.626712244931738 × 10^280 |
| 101 | ov_101 | 2.1363540105755494 × 10^280 |
| 102 | ov_102 | 1.7273749258216624 × 10^280 |
| 103 | ov_103 | 1.3902255509256477 × 10^280 |
| 104 | ov_104 | 1.1158655324326767 × 10^280 |
| 105 | ov_105 | 8.957288738346384 × 10^279 |
| 106 | ov_106 | 7.216940652893899 × 10^279 |
| 107 | ov_107 | 5.860585977702333 × 10^279 |
| 108 | ov_108 | 4.8151741137417044 × 10^279 |
| 109 | ov_109 | 4.011448512558229 × 10^279 |
| 110 | ov_110 | 3.383797279204257 × 10^279 |
| 111 | ov_111 | 2.87013101529368 × 10^279 |
| 112 | ov_112 | 2.4117843254670722 × 10^279 |
| 113 | ov_113 | 2.0054723860259545 × 10^279 |
| 114 | ov_114 | 1.647957090937908 × 10^279 |
| 115 | ov_115 | 1.336035453266164 × 10^279 |
| 116 | ov_116 | 1.0665304653018823 × 10^279 |
| 117 | ov_117 | 8.362841949667286 × 10^278 |
| 118 | ov_118 | 6.4215268611541034 × 10^278 |
| 119 | ov_119 | 4.8100204814438464 × 10^278 |
| 120 | ov_120 | 3.497053859848399 × 10^278 |
| 121 | ov_121 | 2.4514045943828037 × 10^278 |
| 122 | ov_122 | 1.641879608284441 × 10^278 |
| 123 | ov_123 | 1.0373029994904483 × 10^278 |
| 124 | ov_124 | 6.065078528662281 × 10^277 |
| 125 | ov_125 | 3.1833117390383783 × 10^277 |
| 126 | ov_126 | 1.4161130784721331 × 10^277 |
| 127 | aaa_77_28 | 4.51869504870265 × 10^276 |
| 128 | aaa_77_29 | 1.6922026060933162 × 10^276 |
| 129 | ov_129 | 1.5484512944603966 × 10^276 |
| 130 | ov_130 | 1.5484465488695515 × 10^276 |
| 131 | ov_131 | 1.5484454040533096 × 10^276 |
| 132 | ov_132 | 1.338132207147256 × 10^276 |
| 133 | ov_133 | 1.1501978118349717 × 10^276 |
| 134 | ov_134 | 9.829402423366776 × 10^275 |
| 135 | ov_135 | 8.347459984345548 × 10^275 |
| 136 | ov_136 | 7.04083695619018 × 10^275 |
| 137 | ov_137 | 5.894986598708406 × 10^275 |
| 138 | ov_138 | 4.896083805442239 × 10^275 |
| 139 | ov_139 | 4.030987296130418 × 10^275 |
| 140 | ov_140 | 3.2872086022879816 × 10^275 |
| 141 | ov_141 | 2.6528870214403248 × 10^275 |
| 142 | ov_142 | 2.1167697610284256 × 10^275 |
| 143 | ov_143 | 1.6681965380919698 × 10^275 |
| 144 | ov_144 | 1.2970879456703486 × 10^275 |
| 145 | ov_145 | 9.939369415258905 × 10^274 |
| 146 | ov_146 | 7.49802859341754 × 10^274 |
| 147 | ov_147 | 5.56307387008928 × 10^274 |
| 148 | ov_148 | 4.056320010120869 × 10^274 |
| 149 | ov_149 | 2.905163902676433 × 10^274 |
| 150 | ov_150 | 2.0425746793426087 × 10^274 |
| 151 | ov_151 | 1.4070869191144218 × 10^274 |
| 152 | ov_152 | 9.427956205250307 × 10^273 |
| 153 | ov_153 | 5.993525110442953 × 10^273 |
| 154 | ov_154 | 3.5297225198200644 × 10^273 |
| 155 | ov_155 | 1.8264605691113762 × 10^273 |
| 156 | aaa_76_25 | 7.014108281242011 × 10^272 |
| 157 | aaa_76_26 | 4.045911416113838 × 10^272 |
| 158 | aaa_76_27 | 2.0683767480811277 × 10^272 |
| 159 | aaa_76_28 | 8.039757730030667 × 10^271 |
| 160 | aaa_76_29 | 2.440831687330852 × 10^271 |

### Output Bits Sorted by Complexity

| Rank | Output Bit | Complexity |
|:----:|:----------:|:----------:|
| 160 | aaa_76_29 | 2.440831687330852 × 10^271 |
| 159 | aaa_76_28 | 8.039757730030667 × 10^271 |
| 158 | aaa_76_27 | 2.0683767480811277 × 10^272 |
| 157 | aaa_76_26 | 4.045911416113838 × 10^272 |
| 156 | aaa_76_25 | 7.014108281242011 × 10^272 |
| 155 | ov_155 | 1.8264605691113762 × 10^273 |
| 154 | ov_154 | 3.5297225198200644 × 10^273 |
| 153 | ov_153 | 5.993525110442953 × 10^273 |
| 152 | ov_152 | 9.427956205250307 × 10^273 |
| 151 | ov_151 | 1.4070869191144218 × 10^274 |
| 150 | ov_150 | 2.0425746793426087 × 10^274 |
| 149 | ov_149 | 2.905163902676433 × 10^274 |
| 148 | ov_148 | 4.056320010120869 × 10^274 |
| 147 | ov_147 | 5.56307387008928 × 10^274 |
| 146 | ov_146 | 7.49802859341754 × 10^274 |
| 145 | ov_145 | 9.939369415258905 × 10^274 |
| 144 | ov_144 | 1.2970879456703486 × 10^275 |
| 143 | ov_143 | 1.6681965380919698 × 10^275 |
| 142 | ov_142 | 2.1167697610284256 × 10^275 |
| 141 | ov_141 | 2.6528870214403248 × 10^275 |
| 140 | ov_140 | 3.2872086022879816 × 10^275 |
| 139 | ov_139 | 4.030987296130418 × 10^275 |
| 138 | ov_138 | 4.896083805442239 × 10^275 |
| 137 | ov_137 | 5.894986598708406 × 10^275 |
| 136 | ov_136 | 7.04083695619018 × 10^275 |
| 135 | ov_135 | 8.347459984345548 × 10^275 |
| 134 | ov_134 | 9.829402423366776 × 10^275 |
| 133 | ov_133 | 1.1501978118349717 × 10^276 |
| 132 | ov_132 | 1.338132207147256 × 10^276 |
| 131 | ov_131 | 1.5484454040533096 × 10^276 |
| 130 | ov_130 | 1.5484465488695515 × 10^276 |
| 129 | ov_129 | 1.5484512944603966 × 10^276 |
| 128 | aaa_77_29 | 1.6922026060933162 × 10^276 |
| 127 | aaa_77_28 | 4.51869504870265 × 10^276 |
| 126 | ov_126 | 1.4161130784721331 × 10^277 |
| 125 | ov_125 | 3.1833117390383783 × 10^277 |
| 124 | ov_124 | 6.065078528662281 × 10^277 |
| 123 | ov_123 | 1.0373029994904483 × 10^278 |
| 122 | ov_122 | 1.641879608284441 × 10^278 |
| 121 | ov_121 | 2.4514045943828037 × 10^278 |
| 120 | ov_120 | 3.497053859848399 × 10^278 |
| 119 | ov_119 | 4.8100204814438464 × 10^278 |
| 118 | ov_118 | 6.4215268611541034 × 10^278 |
| 117 | ov_117 | 8.362841949667286 × 10^278 |
| 116 | ov_116 | 1.0665304653018823 × 10^279 |
| 115 | ov_115 | 1.336035453266164 × 10^279 |
| 114 | ov_114 | 1.647957090937908 × 10^279 |
| 113 | ov_113 | 2.0054723860259545 × 10^279 |
| 112 | ov_112 | 2.4117843254670722 × 10^279 |
| 111 | ov_111 | 2.87013101529368 × 10^279 |
| 110 | ov_110 | 3.383797279204257 × 10^279 |
| 109 | ov_109 | 4.011448512558229 × 10^279 |
| 108 | ov_108 | 4.8151741137417044 × 10^279 |
| 107 | ov_107 | 5.860585977702333 × 10^279 |
| 106 | ov_106 | 7.216940652893899 × 10^279 |
| 105 | ov_105 | 8.957288738346384 × 10^279 |
| 104 | ov_104 | 1.1158655324326767 × 10^280 |
| 103 | ov_103 | 1.3902255509256477 × 10^280 |
| 102 | ov_102 | 1.7273749258216624 × 10^280 |
| 101 | ov_101 | 2.1363540105755494 × 10^280 |
| 100 | ov_100 | 2.626712244931738 × 10^280 |
| 99 | ov_099 | 3.2085482431224617 × 10^280 |
| 98 | ov_098 | 3.2085613093527424 × 10^280 |
| 97 | ov_097 | 3.2086022612376966 × 10^280 |
| 96 | aaa_78_29 | 6.061344934408351 × 10^280 |
| 95 | aaa_78_28 | 2.0287106805870986 × 10^281 |
| 94 | ov_094 | 6.68557498194431 × 10^281 |
| 93 | ov_093 | 1.590018913976407 × 10^282 |
| 92 | ov_092 | 3.2384358517204405 × 10^282 |
| 91 | ov_091 | 5.963212405323983 × 10^282 |
| 90 | ov_090 | 1.019198454354005 × 10^283 |
| 89 | ov_089 | 1.6430640489001067 × 10^283 |
| 88 | ov_088 | 2.5263362203837363 × 10^283 |
| 87 | ov_087 | 3.7352699207729675 × 10^283 |
| 86 | ov_086 | 5.410223650350223 × 10^283 |
| 85 | ov_085 | 7.707270648124171 × 10^283 |
| 84 | ov_084 | 1.0798240936108768 × 10^284 |
| 83 | ov_083 | 1.4870778514998793 × 10^284 |
| 82 | ov_082 | 2.012841620560109 × 10^284 |
| 81 | ov_081 | 2.6790670631542595 × 10^284 |
| 80 | ov_080 | 3.509315984077128 × 10^284 |
| 64 | lv_79_m31 | 3.6419098198661456 × 10^284 |
| 79 | ov_079 | 4.528774606655826 × 10^284 |
| 78 | ov_078 | 5.76427061335493 × 10^284 |
| 77 | ov_077 | 7.244293202144048 × 10^284 |
| 76 | ov_076 | 8.99901641087178 × 10^284 |
| 75 | ov_075 | 1.1060325963246703 × 10^285 |
| 74 | ov_074 | 1.3461849891873249 × 10^285 |
| 73 | ov_073 | 1.6238993196286092 × 10^285 |
| 63 | ov_063 | 1.8702481473852943 × 10^285 |
| 72 | ov_072 | 1.9428977350452208 × 10^285 |
| 71 | ov_071 | 2.3070887171624753 × 10^285 |
| 70 | ov_070 | 2.720572936226776 × 10^285 |
| 69 | ov_069 | 3.1876507835423423 × 10^285 |
| 68 | ov_068 | 3.7128321221094785 × 10^285 |
| 67 | ov_067 | 4.3008488249353916 × 10^285 |
| 66 | ov_066 | 4.3008515685355757 × 10^285 |
| 65 | ov_065 | 4.3008631708298796 × 10^285 |
| 62 | ov_062 | 9.602007315778786 × 10^285 |
| 61 | ov_061 | 3.502375952941708 × 10^286 |
| 60 | ov_060 | 1.0032272054012816 × 10^287 |
| 59 | ov_059 | 2.4221570558864543 × 10^287 |
| 58 | ov_058 | 4.918222689254278 × 10^287 |
| 57 | ov_057 | 8.889654938565442 × 10^287 |
| 56 | ov_056 | 1.4821723286193787 × 10^288 |
| 55 | ov_055 | 2.3286745186696076 × 10^288 |
| 54 | ov_054 | 3.4944106627134895 × 10^288 |
| 53 | ov_053 | 5.054030170155466 × 10^288 |
| 52 | ov_052 | 7.090900204698357 × 10^288 |
| 51 | ov_051 | 9.780484175436122 × 10^288 |
| 50 | ov_050 | 1.331572107659588 × 10^289 |
| 49 | ov_049 | 1.7907068449024343 × 10^289 |
| 48 | ov_048 | 2.378256391443542 × 10^289 |
| 47 | ov_047 | 3.118791093211186 × 10^289 |
| 32 | lv_80_m31 | 3.8551060462062665 × 10^289 |
| 46 | ov_046 | 4.0386597121404235 × 10^289 |
| 45 | ov_045 | 5.166005642385471 × 10^289 |
| 44 | ov_044 | 6.53078882220942 × 10^289 |
| 43 | ov_043 | 8.164814779587577 × 10^289 |
| 42 | ov_042 | 1.010177237642663 × 10^290 |
| 41 | ov_041 | 1.2377281943853184 × 10^290 |
| 40 | ov_040 | 1.5010655875312536 × 10^290 |
| 39 | ov_039 | 1.802226025075768 × 10^290 |
| 31 | ov_031 | 1.9765830126608097 × 10^290 |
| 38 | ov_038 | 2.1433564542085436 × 10^290 |
| 37 | ov_037 | 2.5288670588565914 × 10^290 |
| 36 | ov_036 | 2.9634076529313843 × 10^290 |
| 35 | ov_035 | 3.451883010220035 × 10^290 |
| 34 | ov_034 | 3.999470785052576 × 10^290 |
| 33 | ov_033 | 4.6116422999590685 × 10^290 |
| 30 | ov_030 | 1.0132969785084905 × 10^291 |
| 29 | ov_029 | 3.314554851179159 × 10^291 |
| 28 | ov_028 | 8.602321664981314 × 10^291 |
| 27 | ov_027 | 1.9226482599118564 × 10^292 |
| 26 | ov_026 | 3.8447137656177024 × 10^292 |
| 25 | ov_025 | 7.043461277713316 × 10^292 |
| 24 | ov_024 | 1.2026950224400854 × 10^293 |
| 23 | ov_023 | 1.9394279257151577 × 10^293 |
| 22 | ov_022 | 3.0434714695996984 × 10^293 |
| 21 | ov_021 | 4.661972076789536 × 10^293 |
| 20 | ov_020 | 6.960312330939044 × 10^293 |
| 19 | ov_019 | 1.0122137731336204 × 10^294 |
| 18 | ov_018 | 1.434939736611354 × 10^294 |
| 17 | ov_017 | 1.9862402734503726 × 10^294 |
| 16 | ov_016 | 2.6899909645157568 × 10^294 |
| 15 | ov_015 | 3.5719228814310224 × 10^294 |
| 14 | ov_014 | 4.659637231848209 × 10^294 |
| 13 | ov_013 | 5.982624634269773 × 10^294 |
| 12 | ov_012 | 7.572290421473701 × 10^294 |
| 11 | ov_011 | 9.461987586253281 × 10^294 |
| 10 | ov_010 | 1.1687059123621624 × 10^295 |
| 9 | ov_009 | 1.4284891664672776 × 10^295 |
| 8 | ov_008 | 1.72949824391691 × 10^295 |
| 7 | ov_007 | 2.075902174694861 × 10^295 |
| 6 | ov_006 | 2.4720993262822767 × 10^295 |
| 5 | ov_005 | 2.922729464628042 × 10^295 |
| 4 | ov_004 | 3.4326881076662656 × 10^295 |
| 3 | ov_003 | 4.0071434304295756 × 10^295 |
| 2 | ov_002 | 4.651555940614699 × 10^295 |
| 1 | ov_001 | 5.371701100729072 × 10^295 |

