# Results for F001-F002-F003-F004-F005-F006-F007-F008-F009-F010-F011-F012-F013-F014-F015-F016-F017-F018-F019-F020-F021-F022-F023-F024-F025-F026-F027-F028-F029-F030-F031-F032-F033-F034-F035-F036-F037-F038-F039-F040-F041-F042-F043-F044-F045-F046-F047-F048-F049-F050-F051-F052-F053-F054-F055-F056-F057-F058-F059-F060-F061-F062-F063-F064-F065-F066-F067-F068-F069-F070-F071-F072-F073-F074-F075-F076-F077-F078-F079-F080-F081-F082-F083-F084-F085-F086-F087-F088-F089-F090-F091-F092-F093-F094-F095-F096-F097-F098-F099-F100-F101-F102-F103-F104-F105-F106-F107-F108-F109-F110-F111-F112-F113-F114-F115-F116-F117-F118-F119-F120-F121-F122-F123-F124-F125-F126-F127-F128-F129-F130-F131-F132-F133-F134-F135-F136-F137-F138-F139-F140-F141-F142-F143-F144-F145-F146-F147-F148-F149-F150-F151-F152-F153-F154-F155-F156-F157-F158-F159-F160-F161-F162-F163-F164-F165-F166-F167-F168-F169-F170-F171-F172-F173-F174-F175-F176-F177-F178-F179-F180-F181-F182-F183-F184-F185-F186-F187-F188-F189-F190-F191-F192-F193-F194-F195-F196-F197-F198-F199-F200-F201-F202-F203-F204-F205-F206-F207-F208-F209-F210-F211-F212-F213-F214-F215-F216-F217-F218-F219-F220-F221-F222-F223-F224-F225-F226-F227-F228-F229-F230-F231-F232-F233-F234-F235-F236-F237-F238-F239-F240-F241-F242-F243-F244-F245-F246-F247-F248-F249-F250-F251-F252-F253-F254-F255-F256-F257-F258-F259-F260-F261-F262-F263-F264-F265-F266-F267-F268-F269-F270-F271-F272-F273-F274-F275-F276-F277-F278-F279-F280-F281-F282-F283-F284-F285-F286-F287-F288-F289-F290-F291-F292-F293-F294-F295-F296-F297-F298-F299-F300-F301-F302-F303-F304-F305-F306-F307-F308-F309-F310-F311-F312-F313-F314-F315-F316-F317-F318-F319-F320-F321-F322-F323-F324-F325-F326-F327-F328-F329-F330-F331-F332-F333-F334-F335-F336-F337-F338-F339-F340-F341-F342-F343-F344-F345-F346-F347-F348-F349-F350-F351-F352-F353-F354-F355-F356-F357-F358-F359-F360-F361-F362-F363-F364-F365-F366-F367-F368-F369-F370-F371-F372-F373-F374-F375-F376-F377-F378-F379-F380-F381-F382-F383-F384-F385-F386-F387-F388-F389-F390-F391-F392-F393-F394-F395-F396-F397-F398-F399-F400-F401-F402-F403-F404-F405-F406-F407-F408-F409-F410-F411-F412-F413-F414-F415-F416-F417-F418-F419-F420-F421-F422-F423-F424-F425-F426-F427-F428-F429-F430-F431-F432-F433-F434-F435-F436-F437-F438-F439-F440-F441-F442-F443-F444-F445-F446-F447-F448-F449-F450-F451-F452-F453-F454-F455-F456-F457-F458-F459-F460-F461-F462-F463-F464-F465-F466-F467-F468-F469-F470-F471-F472-F473-F474-F475-F476-F477-F478-F479-F480-F481-F482-F483-F484-F485-F486-F487-F488-F489-F490-F491-F492-F493-F494-F495-F496-O501505-F507-F508-F509-F510-F512

## Summary

Number of input bits: 512  
Number of free input bits: 10  
Number of output bits: 160

Number of direct occurrences: 41361  
Number of assignments: 31265  
Number of operations: 11251536
(xor: 11223160,
and: 15124,
or: 13252)

Total complexity: 6.230002390310236 × 10^300

Least occurring input variable: iv_499 (3972)  
Most occurring input variable: iv_511 (4408)

Most co-occurring input variables: iv_500-iv_511 (2097)  
Least co-occurring input variables: iv_499-iv_506 (1839)

Potentially most occurring input variable: iv_497/iv_511 (4655)  
Potentially least occurring input variable: iv_499/iv_502 (4116)

Least output occurring input variable: iv_502 (75)  
Most output occurring input variable: iv_497 (86)

Most output co-occurring input variables: iv_497-iv_498 (52)  
Least output co-occurring input variables: iv_500-iv_502 (32)

Potentially most output occurring input variable: iv_498/iv_500 (90)  
Potentially least output occurring input variable: iv_497/iv_498 (65)

Least complex input bit: iv_511 (2.908789132830974 × 10^295)  
Most complex input bit: iv_501 (2.360548630729252 × 10^300)

Least complex output bit: aaa_76_29 (2.9759129413601003 × 10^275)  
Most complex output bit: ov_001 (9.739405209469241 × 10^299)

Least complex input/output complexity: iv_511/aaa_76_29 (1.3894542380180764 × 10^270)  
Most complex input/output complexity: iv_501/ov_001 (3.6902617673289632 × 10^299)

## Input Bits

### Input Bits in Regular Order

| Input Bit | Complexity | Occurrences | Output Occurrences |
|:---------:|:----------:|:-----------:|:------------------:|
| iv_497 | 3.5980151154592754 × 10^298 | 4109 | 86 |
| iv_498 | 7.177447691917834 × 10^298 | 4101 | 83 |
| iv_499 | 1.2888990590858372 × 10^299 | 3972 | 80 |
| iv_500 | 2.217145519588768 × 10^299 | 4151 | 77 |
| iv_501 | 2.360548630729252 × 10^300 | 4243 | 76 |
| iv_502 | 6.097284811633392 × 10^299 | 3988 | 75 |
| iv_503 | 9.788889997574622 × 10^299 | 4184 | 83 |
| iv_504 | 1.537923116277389 × 10^300 | 4102 | 78 |
| iv_506 | 2.8452498855024605 × 10^299 | 4103 | 82 |
| iv_511 | 2.908789132830974 × 10^295 | 4408 | 79 |

### Input Bits Sorted by Complexity

| Input Bit | Complexity | Occurrences | Output Occurrences |
|:---------:|:----------:|:-----------:|:------------------:|
| iv_511 | 2.908789132830974 × 10^295 | 4408 | 79 |
| iv_497 | 3.5980151154592754 × 10^298 | 4109 | 86 |
| iv_498 | 7.177447691917834 × 10^298 | 4101 | 83 |
| iv_499 | 1.2888990590858372 × 10^299 | 3972 | 80 |
| iv_500 | 2.217145519588768 × 10^299 | 4151 | 77 |
| iv_506 | 2.8452498855024605 × 10^299 | 4103 | 82 |
| iv_502 | 6.097284811633392 × 10^299 | 3988 | 75 |
| iv_503 | 9.788889997574622 × 10^299 | 4184 | 83 |
| iv_504 | 1.537923116277389 × 10^300 | 4102 | 78 |
| iv_501 | 2.360548630729252 × 10^300 | 4243 | 76 |

### Input Bits Sorted by Occurrences

| Input Bit | Complexity | Occurrences | Output Occurrences |
|:---------:|:----------:|:-----------:|:------------------:|
| iv_499 | 1.2888990590858372 × 10^299 | 3972 | 80 |
| iv_502 | 6.097284811633392 × 10^299 | 3988 | 75 |
| iv_498 | 7.177447691917834 × 10^298 | 4101 | 83 |
| iv_504 | 1.537923116277389 × 10^300 | 4102 | 78 |
| iv_506 | 2.8452498855024605 × 10^299 | 4103 | 82 |
| iv_497 | 3.5980151154592754 × 10^298 | 4109 | 86 |
| iv_500 | 2.217145519588768 × 10^299 | 4151 | 77 |
| iv_503 | 9.788889997574622 × 10^299 | 4184 | 83 |
| iv_501 | 2.360548630729252 × 10^300 | 4243 | 76 |
| iv_511 | 2.908789132830974 × 10^295 | 4408 | 79 |

### Input Bits Sorted by Output Occurrences

| Input Bit | Complexity | Occurrences | Output Occurrences |
|:---------:|:----------:|:-----------:|:------------------:|
| iv_502 | 6.097284811633392 × 10^299 | 3988 | 75 |
| iv_501 | 2.360548630729252 × 10^300 | 4243 | 76 |
| iv_500 | 2.217145519588768 × 10^299 | 4151 | 77 |
| iv_504 | 1.537923116277389 × 10^300 | 4102 | 78 |
| iv_511 | 2.908789132830974 × 10^295 | 4408 | 79 |
| iv_499 | 1.2888990590858372 × 10^299 | 3972 | 80 |
| iv_506 | 2.8452498855024605 × 10^299 | 4103 | 82 |
| iv_503 | 9.788889997574622 × 10^299 | 4184 | 83 |
| iv_498 | 7.177447691917834 × 10^298 | 4101 | 83 |
| iv_497 | 3.5980151154592754 × 10^298 | 4109 | 86 |

## Input Bit Co-occurrences

### Input Bit Co-occurrences Sorted by Co-occurrences

| Input Bits | Co-occurrences | Potential Occurrences | Output Co-occurrences | Potential Output Occurrences |
|:----------:|:--------------:|:---------------------:|:---------------------:|:----------------------------:|
| iv_500-iv_511 | 2097 | 4365 | 35 | 86 |
| iv_503-iv_511 | 2082 | 4428 | 44 | 74 |
| iv_501-iv_511 | 2059 | 4533 | 39 | 77 |
| iv_501-iv_504 | 2028 | 4289 | 39 | 76 |
| iv_504-iv_511 | 2027 | 4456 | 42 | 73 |
| iv_497-iv_503 | 2021 | 4251 | 45 | 79 |
| iv_506-iv_511 | 2017 | 4477 | 43 | 75 |
| iv_501-iv_503 | 2015 | 4397 | 35 | 89 |
| iv_500-iv_503 | 2012 | 4311 | 42 | 76 |
| iv_497-iv_500 | 2009 | 4242 | 44 | 75 |

### Input Bit Co-occurrences Sorted by Potential Occurrences

| Input Bits | Co-occurrences | Potential Occurrences | Output Co-occurrences | Potential Output Occurrences |
|:----------:|:--------------:|:---------------------:|:---------------------:|:----------------------------:|
| iv_499-iv_502 | 1922 | 4116 | 40 | 75 |
| iv_499-iv_504 | 1948 | 4178 | 38 | 82 |
| iv_498-iv_499 | 1941 | 4191 | 44 | 75 |
| iv_498-iv_504 | 2006 | 4191 | 41 | 79 |
| iv_497-iv_498 | 1989 | 4232 | 52 | 65 |
| iv_497-iv_499 | 1924 | 4233 | 40 | 86 |
| iv_497-iv_500 | 2009 | 4242 | 44 | 75 |
| iv_500-iv_504 | 2005 | 4243 | 37 | 81 |
| iv_500-iv_506 | 2003 | 4248 | 40 | 79 |
| iv_500-iv_502 | 1944 | 4251 | 32 | 88 |

### Input Bit Output Co-occurrences Sorted by Output Co-occurrences

| Input Bits | Co-occurrences | Potential Occurrences | Output Co-occurrences | Potential Output Occurrences |
|:----------:|:--------------:|:---------------------:|:---------------------:|:----------------------------:|
| iv_497-iv_498 | 1989 | 4232 | 52 | 65 |
| iv_497-iv_503 | 2021 | 4251 | 45 | 79 |
| iv_497-iv_500 | 2009 | 4242 | 44 | 75 |
| iv_498-iv_499 | 1941 | 4191 | 44 | 75 |
| iv_503-iv_511 | 2082 | 4428 | 44 | 74 |
| iv_497-iv_504 | 1938 | 4335 | 44 | 76 |
| iv_497-iv_506 | 1950 | 4312 | 43 | 82 |
| iv_497-iv_501 | 1952 | 4448 | 43 | 76 |
| iv_506-iv_511 | 2017 | 4477 | 43 | 75 |
| iv_500-iv_503 | 2012 | 4311 | 42 | 76 |

### Input Bit Output Co-occurrences Sorted by Potential Output Occurrences

| Input Bits | Co-occurrences | Potential Occurrences | Output Co-occurrences | Potential Output Occurrences |
|:----------:|:--------------:|:---------------------:|:---------------------:|:----------------------------:|
| iv_497-iv_498 | 1989 | 4232 | 52 | 65 |
| iv_504-iv_511 | 2027 | 4456 | 42 | 73 |
| iv_503-iv_511 | 2082 | 4428 | 44 | 74 |
| iv_497-iv_500 | 2009 | 4242 | 44 | 75 |
| iv_498-iv_499 | 1941 | 4191 | 44 | 75 |
| iv_499-iv_502 | 1922 | 4116 | 40 | 75 |
| iv_506-iv_511 | 2017 | 4477 | 43 | 75 |
| iv_498-iv_501 | 1984 | 4376 | 42 | 75 |
| iv_500-iv_503 | 2012 | 4311 | 42 | 76 |
| iv_501-iv_504 | 2028 | 4289 | 39 | 76 |

## Output Bits

### Output Bits in Regular Order

| Rank | Output Bit | Complexity |
|:----:|:----------:|:----------:|
| 1 | ov_001 | 9.739405209469241 × 10^299 |
| 2 | ov_002 | 8.474979797735 × 10^299 |
| 3 | ov_003 | 7.339780279333548 × 10^299 |
| 4 | ov_004 | 6.3241223924003915 × 10^299 |
| 5 | ov_005 | 5.418852674557661 × 10^299 |
| 6 | ov_006 | 4.6153101864975 × 10^299 |
| 7 | ov_007 | 3.905293218690515 × 10^299 |
| 8 | ov_008 | 3.2810306799308872 × 10^299 |
| 9 | ov_009 | 2.7351577935492173 × 10^299 |
| 10 | ov_010 | 2.2606956585917277 × 10^299 |
| 11 | ov_011 | 1.851034228269452 × 10^299 |
| 12 | ov_012 | 1.499918283646777 × 10^299 |
| 13 | ov_013 | 1.2014360057101009 × 10^299 |
| 14 | ov_014 | 9.500097737435779 × 10^298 |
| 15 | ov_015 | 7.403888424287934 × 10^298 |
| 16 | ov_016 | 5.676435743498247 × 10^298 |
| 17 | ov_017 | 4.271609286810133 × 10^298 |
| 18 | ov_018 | 3.146409450270888 × 10^298 |
| 19 | ov_019 | 2.2609402644404935 × 10^298 |
| 20 | ov_020 | 1.5783888621204596 × 10^298 |
| 21 | ov_021 | 1.0650105054337452 × 10^298 |
| 22 | ov_022 | 6.901181302010273 × 10^297 |
| 23 | ov_023 | 4.2607531880762786 × 10^297 |
| 24 | ov_024 | 2.4829173152946378 × 10^297 |
| 25 | ov_025 | 1.3522031060834555 × 10^297 |
| 26 | ov_026 | 6.835574847521134 × 10^296 |
| 27 | ov_027 | 3.2233766943853582 × 10^296 |
| 28 | ov_028 | 1.4430832967210539 × 10^296 |
| 29 | ov_029 | 5.564067132838043 × 10^295 |
| 30 | ov_030 | 1.7021883908350216 × 10^295 |
| 31 | ov_031 | 3.32319471058364 × 10^294 |
| 32 | lv_80_m31 | 6.487387540061176 × 10^293 |
| 33 | ov_033 | 7.774822588472938 × 10^294 |
| 34 | ov_034 | 6.755725557002573 × 10^294 |
| 35 | ov_035 | 5.842795812877436 × 10^294 |
| 36 | ov_036 | 5.0266495258869006 × 10^294 |
| 37 | ov_037 | 4.298409831515779 × 10^294 |
| 38 | ov_038 | 3.64967107746003 × 10^294 |
| 39 | ov_039 | 3.072467922899889 × 10^294 |
| 40 | ov_040 | 2.562924201160813 × 10^294 |
| 41 | ov_041 | 2.1173645383277213 × 10^294 |
| 42 | ov_042 | 1.7323040060060536 × 10^294 |
| 43 | ov_043 | 1.4044394384778827 × 10^294 |
| 44 | ov_044 | 1.127682242380632 × 10^294 |
| 45 | ov_045 | 8.962762940917014 × 10^293 |
| 46 | ov_046 | 7.047893077653082 × 10^293 |
| 47 | ov_047 | 5.4810597998451075 × 10^293 |
| 48 | ov_048 | 4.214226250697669 × 10^293 |
| 49 | ov_049 | 3.202430364805294 × 10^293 |
| 50 | ov_050 | 2.403753310578186 × 10^293 |
| 51 | ov_051 | 1.7792956532941958 × 10^293 |
| 52 | ov_052 | 1.2931596665801301 × 10^293 |
| 53 | ov_053 | 9.124367157409784 × 10^292 |
| 54 | ov_054 | 6.214184681870531 × 10^292 |
| 55 | ov_055 | 4.0588525064756973 × 10^292 |
| 56 | ov_056 | 2.531040331487957 × 10^292 |
| 57 | ov_057 | 1.518272248602241 × 10^292 |
| 58 | ov_058 | 8.401353215533266 × 10^291 |
| 59 | ov_059 | 4.138450277392672 × 10^291 |
| 60 | ov_060 | 1.714590918541656 × 10^291 |
| 61 | ov_061 | 5.987689022961213 × 10^290 |
| 62 | ov_062 | 1.6420996021707643 × 10^290 |
| 63 | ov_063 | 3.1995738057777204 × 10^289 |
| 64 | lv_79_m31 | 6.232774979920789 × 10^288 |
| 65 | ov_065 | 7.417426886308778 × 10^289 |
| 66 | ov_066 | 7.417406077411983 × 10^289 |
| 67 | ov_067 | 7.41740111243179 × 10^289 |
| 68 | ov_068 | 6.41676155957713 × 10^289 |
| 69 | ov_069 | 5.521983948141162 × 10^289 |
| 70 | ov_070 | 4.72513840620982 × 10^289 |
| 71 | ov_071 | 4.0186745928592987 × 10^289 |
| 72 | ov_072 | 3.395397094707215 × 10^289 |
| 73 | ov_073 | 2.8484456710819405 × 10^289 |
| 74 | ov_074 | 2.371279649443587 × 10^289 |
| 75 | ov_075 | 1.9576658094954076 × 10^289 |
| 76 | ov_076 | 1.601669129858227 × 10^289 |
| 77 | ov_077 | 1.2976458054911078 × 10^289 |
| 78 | ov_078 | 1.0402379774435513 × 10^289 |
| 79 | ov_079 | 8.243696492013242 × 10^288 |
| 80 | ov_080 | 6.452433478685577 × 10^288 |
| 81 | ov_081 | 4.983372718479732 × 10^288 |
| 82 | ov_082 | 3.794028381788309 × 10^288 |
| 83 | ov_083 | 2.8446259865551146 × 10^288 |
| 84 | ov_084 | 2.0980849399018385 × 10^288 |
| 85 | ov_085 | 1.5200041537991657 × 10^288 |
| 86 | ov_086 | 1.0786504290206838 × 10^288 |
| 87 | ov_087 | 7.449493020175151 × 10^287 |
| 88 | ov_088 | 4.92478049595222 × 10^287 |
| 89 | ov_089 | 3.086874961603391 × 10^287 |
| 90 | ov_090 | 1.8235069196808808 × 10^287 |
| 91 | ov_091 | 1.0356146470818778 × 10^287 |
| 92 | ov_092 | 5.646658518982995 × 10^286 |
| 93 | ov_093 | 2.7851308306410015 × 10^286 |
| 94 | ov_094 | 1.176782017735798 × 10^286 |
| 95 | aaa_78_28 | 3.587322465736148 × 10^285 |
| 96 | aaa_78_29 | 1.0795141146650897 × 10^285 |
| 97 | ov_097 | 5.555570432058968 × 10^284 |
| 98 | ov_098 | 5.555520291532694 × 10^284 |
| 99 | ov_099 | 5.555504288355513 × 10^284 |
| 100 | ov_100 | 4.610237756734225 × 10^284 |
| 101 | ov_101 | 3.795111202008841 × 10^284 |
| 102 | ov_102 | 3.097715639782552 × 10^284 |
| 103 | ov_103 | 2.5063200187946523 × 10^284 |
| 104 | ov_104 | 2.0098219993554234 × 10^284 |
| 105 | ov_105 | 1.5977052386264748 × 10^284 |
| 106 | ov_106 | 1.2600025748993629 × 10^284 |
| 107 | ov_107 | 9.872645343976125 × 10^283 |
| 108 | ov_108 | 7.705326143902938 × 10^283 |
| 109 | ov_109 | 6.0131682577844 × 10^283 |
| 110 | ov_110 | 4.715770069867771 × 10^283 |
| 111 | ov_111 | 3.7370744912246143 × 10^283 |
| 112 | ov_112 | 3.005244000829181 × 10^283 |
| 113 | ov_113 | 2.452560427148761 × 10^283 |
| 114 | ov_114 | 2.0153456933177922 × 10^283 |
| 115 | ov_115 | 1.6339000195189201 × 10^283 |
| 116 | ov_116 | 1.3043290108840917 × 10^283 |
| 117 | ov_117 | 1.0227657575513688 × 10^283 |
| 118 | ov_118 | 7.853635981942962 × 10^282 |
| 119 | ov_119 | 5.882900322974346 × 10^282 |
| 120 | ov_120 | 4.2772183394435906 × 10^282 |
| 121 | ov_121 | 2.9984157316878143 × 10^282 |
| 122 | ov_122 | 2.0083537748018453 × 10^282 |
| 123 | ov_123 | 1.268914596757098 × 10^282 |
| 124 | ov_124 | 7.419912478018235 × 10^281 |
| 125 | ov_125 | 3.8948154844456326 × 10^281 |
| 126 | ov_126 | 1.732849513606757 × 10^281 |
| 127 | aaa_77_28 | 5.53013368328361 × 10^280 |
| 128 | aaa_77_29 | 2.071424243952592 × 10^280 |
| 129 | ov_129 | 1.9100010969690088 × 10^280 |
| 130 | ov_130 | 1.909995302723389 × 10^280 |
| 131 | ov_131 | 1.9099939023403528 × 10^280 |
| 132 | ov_132 | 1.6530610190043226 × 10^280 |
| 133 | ov_133 | 1.423376034270732 × 10^280 |
| 134 | ov_134 | 1.2188510168412819 × 10^280 |
| 135 | ov_135 | 1.0375092977682774 × 10^280 |
| 136 | ov_136 | 8.774775259449044 × 10^279 |
| 137 | ov_137 | 7.369788414817974 × 10^279 |
| 138 | ov_138 | 6.143270585397804 × 10^279 |
| 139 | ov_139 | 5.0792175472102077 × 10^279 |
| 140 | ov_140 | 4.1624416949567433 × 10^279 |
| 141 | ov_141 | 3.3785381939388233 × 10^279 |
| 142 | ov_142 | 2.7138574285320263 × 10^279 |
| 143 | ov_143 | 2.1554829270318205 × 10^279 |
| 144 | ov_144 | 1.6912139931068417 × 10^279 |
| 145 | ov_145 | 1.3095523241609363 × 10^279 |
| 146 | ov_146 | 9.99691946722603 × 10^278 |
| 147 | ov_147 | 7.515118486281671 × 10^278 |
| 148 | ov_148 | 5.555707373002068 × 10^278 |
| 149 | ov_149 | 4.031034028854953 × 10^278 |
| 150 | ov_150 | 2.8601823774914226 × 10^278 |
| 151 | ov_151 | 1.9689558007134205 × 10^278 |
| 152 | ov_152 | 1.2898665627023473 × 10^278 |
| 153 | ov_153 | 7.908470101467894 × 10^277 |
| 154 | ov_154 | 4.431796134565671 × 10^277 |
| 155 | ov_155 | 2.214956859575483 × 10^277 |
| 156 | aaa_76_25 | 8.510186907596347 × 10^276 |
| 157 | aaa_76_26 | 4.913522170695054 × 10^276 |
| 158 | aaa_76_27 | 2.5146441367339685 × 10^276 |
| 159 | aaa_76_28 | 9.788112366623013 × 10^275 |
| 160 | aaa_76_29 | 2.9759129413601003 × 10^275 |

### Output Bits Sorted by Complexity

| Rank | Output Bit | Complexity |
|:----:|:----------:|:----------:|
| 160 | aaa_76_29 | 2.9759129413601003 × 10^275 |
| 159 | aaa_76_28 | 9.788112366623013 × 10^275 |
| 158 | aaa_76_27 | 2.5146441367339685 × 10^276 |
| 157 | aaa_76_26 | 4.913522170695054 × 10^276 |
| 156 | aaa_76_25 | 8.510186907596347 × 10^276 |
| 155 | ov_155 | 2.214956859575483 × 10^277 |
| 154 | ov_154 | 4.431796134565671 × 10^277 |
| 153 | ov_153 | 7.908470101467894 × 10^277 |
| 152 | ov_152 | 1.2898665627023473 × 10^278 |
| 151 | ov_151 | 1.9689558007134205 × 10^278 |
| 150 | ov_150 | 2.8601823774914226 × 10^278 |
| 149 | ov_149 | 4.031034028854953 × 10^278 |
| 148 | ov_148 | 5.555707373002068 × 10^278 |
| 147 | ov_147 | 7.515118486281671 × 10^278 |
| 146 | ov_146 | 9.99691946722603 × 10^278 |
| 145 | ov_145 | 1.3095523241609363 × 10^279 |
| 144 | ov_144 | 1.6912139931068417 × 10^279 |
| 143 | ov_143 | 2.1554829270318205 × 10^279 |
| 142 | ov_142 | 2.7138574285320263 × 10^279 |
| 141 | ov_141 | 3.3785381939388233 × 10^279 |
| 140 | ov_140 | 4.1624416949567433 × 10^279 |
| 139 | ov_139 | 5.0792175472102077 × 10^279 |
| 138 | ov_138 | 6.143270585397804 × 10^279 |
| 137 | ov_137 | 7.369788414817974 × 10^279 |
| 136 | ov_136 | 8.774775259449044 × 10^279 |
| 135 | ov_135 | 1.0375092977682774 × 10^280 |
| 134 | ov_134 | 1.2188510168412819 × 10^280 |
| 133 | ov_133 | 1.423376034270732 × 10^280 |
| 132 | ov_132 | 1.6530610190043226 × 10^280 |
| 131 | ov_131 | 1.9099939023403528 × 10^280 |
| 130 | ov_130 | 1.909995302723389 × 10^280 |
| 129 | ov_129 | 1.9100010969690088 × 10^280 |
| 128 | aaa_77_29 | 2.071424243952592 × 10^280 |
| 127 | aaa_77_28 | 5.53013368328361 × 10^280 |
| 126 | ov_126 | 1.732849513606757 × 10^281 |
| 125 | ov_125 | 3.8948154844456326 × 10^281 |
| 124 | ov_124 | 7.419912478018235 × 10^281 |
| 123 | ov_123 | 1.268914596757098 × 10^282 |
| 122 | ov_122 | 2.0083537748018453 × 10^282 |
| 121 | ov_121 | 2.9984157316878143 × 10^282 |
| 120 | ov_120 | 4.2772183394435906 × 10^282 |
| 119 | ov_119 | 5.882900322974346 × 10^282 |
| 118 | ov_118 | 7.853635981942962 × 10^282 |
| 117 | ov_117 | 1.0227657575513688 × 10^283 |
| 116 | ov_116 | 1.3043290108840917 × 10^283 |
| 115 | ov_115 | 1.6339000195189201 × 10^283 |
| 114 | ov_114 | 2.0153456933177922 × 10^283 |
| 113 | ov_113 | 2.452560427148761 × 10^283 |
| 112 | ov_112 | 3.005244000829181 × 10^283 |
| 111 | ov_111 | 3.7370744912246143 × 10^283 |
| 110 | ov_110 | 4.715770069867771 × 10^283 |
| 109 | ov_109 | 6.0131682577844 × 10^283 |
| 108 | ov_108 | 7.705326143902938 × 10^283 |
| 107 | ov_107 | 9.872645343976125 × 10^283 |
| 106 | ov_106 | 1.2600025748993629 × 10^284 |
| 105 | ov_105 | 1.5977052386264748 × 10^284 |
| 104 | ov_104 | 2.0098219993554234 × 10^284 |
| 103 | ov_103 | 2.5063200187946523 × 10^284 |
| 102 | ov_102 | 3.097715639782552 × 10^284 |
| 101 | ov_101 | 3.795111202008841 × 10^284 |
| 100 | ov_100 | 4.610237756734225 × 10^284 |
| 99 | ov_099 | 5.555504288355513 × 10^284 |
| 98 | ov_098 | 5.555520291532694 × 10^284 |
| 97 | ov_097 | 5.555570432058968 × 10^284 |
| 96 | aaa_78_29 | 1.0795141146650897 × 10^285 |
| 95 | aaa_78_28 | 3.587322465736148 × 10^285 |
| 94 | ov_094 | 1.176782017735798 × 10^286 |
| 93 | ov_093 | 2.7851308306410015 × 10^286 |
| 92 | ov_092 | 5.646658518982995 × 10^286 |
| 91 | ov_091 | 1.0356146470818778 × 10^287 |
| 90 | ov_090 | 1.8235069196808808 × 10^287 |
| 89 | ov_089 | 3.086874961603391 × 10^287 |
| 88 | ov_088 | 4.92478049595222 × 10^287 |
| 87 | ov_087 | 7.449493020175151 × 10^287 |
| 86 | ov_086 | 1.0786504290206838 × 10^288 |
| 85 | ov_085 | 1.5200041537991657 × 10^288 |
| 84 | ov_084 | 2.0980849399018385 × 10^288 |
| 83 | ov_083 | 2.8446259865551146 × 10^288 |
| 82 | ov_082 | 3.794028381788309 × 10^288 |
| 81 | ov_081 | 4.983372718479732 × 10^288 |
| 64 | lv_79_m31 | 6.232774979920789 × 10^288 |
| 80 | ov_080 | 6.452433478685577 × 10^288 |
| 79 | ov_079 | 8.243696492013242 × 10^288 |
| 78 | ov_078 | 1.0402379774435513 × 10^289 |
| 77 | ov_077 | 1.2976458054911078 × 10^289 |
| 76 | ov_076 | 1.601669129858227 × 10^289 |
| 75 | ov_075 | 1.9576658094954076 × 10^289 |
| 74 | ov_074 | 2.371279649443587 × 10^289 |
| 73 | ov_073 | 2.8484456710819405 × 10^289 |
| 63 | ov_063 | 3.1995738057777204 × 10^289 |
| 72 | ov_072 | 3.395397094707215 × 10^289 |
| 71 | ov_071 | 4.0186745928592987 × 10^289 |
| 70 | ov_070 | 4.72513840620982 × 10^289 |
| 69 | ov_069 | 5.521983948141162 × 10^289 |
| 68 | ov_068 | 6.41676155957713 × 10^289 |
| 67 | ov_067 | 7.41740111243179 × 10^289 |
| 66 | ov_066 | 7.417406077411983 × 10^289 |
| 65 | ov_065 | 7.417426886308778 × 10^289 |
| 62 | ov_062 | 1.6420996021707643 × 10^290 |
| 61 | ov_061 | 5.987689022961213 × 10^290 |
| 60 | ov_060 | 1.714590918541656 × 10^291 |
| 59 | ov_059 | 4.138450277392672 × 10^291 |
| 58 | ov_058 | 8.401353215533266 × 10^291 |
| 57 | ov_057 | 1.518272248602241 × 10^292 |
| 56 | ov_056 | 2.531040331487957 × 10^292 |
| 55 | ov_055 | 4.0588525064756973 × 10^292 |
| 54 | ov_054 | 6.214184681870531 × 10^292 |
| 53 | ov_053 | 9.124367157409784 × 10^292 |
| 52 | ov_052 | 1.2931596665801301 × 10^293 |
| 51 | ov_051 | 1.7792956532941958 × 10^293 |
| 50 | ov_050 | 2.403753310578186 × 10^293 |
| 49 | ov_049 | 3.202430364805294 × 10^293 |
| 48 | ov_048 | 4.214226250697669 × 10^293 |
| 47 | ov_047 | 5.4810597998451075 × 10^293 |
| 32 | lv_80_m31 | 6.487387540061176 × 10^293 |
| 46 | ov_046 | 7.047893077653082 × 10^293 |
| 45 | ov_045 | 8.962762940917014 × 10^293 |
| 44 | ov_044 | 1.127682242380632 × 10^294 |
| 43 | ov_043 | 1.4044394384778827 × 10^294 |
| 42 | ov_042 | 1.7323040060060536 × 10^294 |
| 41 | ov_041 | 2.1173645383277213 × 10^294 |
| 40 | ov_040 | 2.562924201160813 × 10^294 |
| 39 | ov_039 | 3.072467922899889 × 10^294 |
| 31 | ov_031 | 3.32319471058364 × 10^294 |
| 38 | ov_038 | 3.64967107746003 × 10^294 |
| 37 | ov_037 | 4.298409831515779 × 10^294 |
| 36 | ov_036 | 5.0266495258869006 × 10^294 |
| 35 | ov_035 | 5.842795812877436 × 10^294 |
| 34 | ov_034 | 6.755725557002573 × 10^294 |
| 33 | ov_033 | 7.774822588472938 × 10^294 |
| 30 | ov_030 | 1.7021883908350216 × 10^295 |
| 29 | ov_029 | 5.564067132838043 × 10^295 |
| 28 | ov_028 | 1.4430832967210539 × 10^296 |
| 27 | ov_027 | 3.2233766943853582 × 10^296 |
| 26 | ov_026 | 6.835574847521134 × 10^296 |
| 25 | ov_025 | 1.3522031060834555 × 10^297 |
| 24 | ov_024 | 2.4829173152946378 × 10^297 |
| 23 | ov_023 | 4.2607531880762786 × 10^297 |
| 22 | ov_022 | 6.901181302010273 × 10^297 |
| 21 | ov_021 | 1.0650105054337452 × 10^298 |
| 20 | ov_020 | 1.5783888621204596 × 10^298 |
| 19 | ov_019 | 2.2609402644404935 × 10^298 |
| 18 | ov_018 | 3.146409450270888 × 10^298 |
| 17 | ov_017 | 4.271609286810133 × 10^298 |
| 16 | ov_016 | 5.676435743498247 × 10^298 |
| 15 | ov_015 | 7.403888424287934 × 10^298 |
| 14 | ov_014 | 9.500097737435779 × 10^298 |
| 13 | ov_013 | 1.2014360057101009 × 10^299 |
| 12 | ov_012 | 1.499918283646777 × 10^299 |
| 11 | ov_011 | 1.851034228269452 × 10^299 |
| 10 | ov_010 | 2.2606956585917277 × 10^299 |
| 9 | ov_009 | 2.7351577935492173 × 10^299 |
| 8 | ov_008 | 3.2810306799308872 × 10^299 |
| 7 | ov_007 | 3.905293218690515 × 10^299 |
| 6 | ov_006 | 4.6153101864975 × 10^299 |
| 5 | ov_005 | 5.418852674557661 × 10^299 |
| 4 | ov_004 | 6.3241223924003915 × 10^299 |
| 3 | ov_003 | 7.339780279333548 × 10^299 |
| 2 | ov_002 | 8.474979797735 × 10^299 |
| 1 | ov_001 | 9.739405209469241 × 10^299 |

