# Results for F001-F002-F003-F004-F005-F006-F007-F008-F009-F010-F011-F012-F013-F014-F015-F016-F017-F018-F019-F020-F021-F022-F023-F024-F025-F026-F027-F028-F029-F030-F031-F032-F033-F034-F035-F036-F037-F038-F039-F040-F041-F042-F043-F044-F045-F046-F047-F048-F049-F050-F051-F052-F053-F054-F055-F056-F057-F058-F059-F060-F061-F062-F063-F064-F065-F066-F067-F068-F069-F070-F071-F072-F073-F074-F075-F076-F077-F078-F079-F080-F081-F082-F083-F084-F085-F086-F087-F088-F089-F090-F091-F092-F093-F094-F095-F096-F097-F098-F099-F100-F101-F102-F103-F104-F105-F106-F107-F108-F109-F110-F111-F112-F113-F114-F115-F116-F117-F118-F119-F120-F121-F122-F123-F124-F125-F126-F127-F128-F129-F130-F131-F132-F133-F134-F135-F136-F137-F138-F139-F140-F141-F142-F143-F144-F145-F146-F147-F148-F149-F150-F151-F152-F153-F154-F155-F156-F157-F158-F159-F160-F161-F162-F163-F164-F165-F166-F167-F168-F169-F170-F171-F172-F173-F174-F175-F176-F177-F178-F179-F180-F181-F182-F183-F184-F185-F186-F187-F188-F189-F190-F191-F192-F193-F194-F195-F196-F197-F198-F199-F200-F201-F202-F203-F204-F205-F206-F207-F208-F209-F210-F211-F212-F213-F214-F215-F216-F217-F218-F219-F220-F221-F222-F223-F224-F225-F226-F227-F228-F229-F230-F231-F232-F233-F234-F235-F236-F237-F238-F239-F240-F241-F242-F243-F244-F245-F246-F247-F248-F249-F250-F251-F252-F253-F254-F255-F256-F257-F258-F259-F260-F261-F262-F263-F264-F265-F266-F267-F268-F269-F270-F271-F272-F273-F274-F275-F276-F277-F278-F279-F280-F281-F282-F283-F284-F285-F286-F287-F288-F289-F290-F291-F292-F293-F294-F295-F296-F297-F298-F299-F300-F301-F302-F303-F304-F305-F306-F307-F308-F309-F310-F311-F312-F313-F314-F315-F316-F317-F318-F319-F320-F321-F322-F323-F324-F325-F326-F327-F328-F329-F330-F331-F332-F333-F334-F335-F336-F337-F338-F339-F340-F341-F342-F343-F344-F345-F346-F347-F348-F349-F350-F351-F352-F353-F354-F355-F356-F357-F358-F359-F360-F361-F362-F363-F364-F365-F366-F367-F368-F369-F370-F371-F372-F373-F374-F375-F376-F377-F378-F379-F380-F381-F382-F383-F384-F385-F386-F387-F388-F389-F390-F391-F392-F393-F394-F395-F396-F397-F398-F399-F400-F401-F402-F403-F404-F405-F406-F407-F408-F409-F410-F411-F412-F413-F414-F415-F416-F417-F418-F419-F420-F421-F422-F423-F424-F425-F426-F427-F428-F429-F430-F431-F432-F433-F434-F435-F436-F437-F438-F439-F440-F441-F442-F443-F444-F445-F446-F447-F448-F449-F450-F451-F452-F453-F454-F455-F456-F457-F458-F459-F460-F461-F462-F463-F464-F465-F466-F467-F468-F469-F470-F471-F472-F473-F474-F475-F476-F477-F478-F479-F480-F481-F482-F483-F484-F485-F486-F487-F488-F489-F490-F491-F492-F493-F494-F495-F496-E500506-F508-F509-F510-F511-F512

## Summary

Number of input bits: 512  
Number of free input bits: 10  
Number of output bits: 160

Number of direct occurrences: 39584  
Number of assignments: 30789  
Number of operations: 10676867
(xor: 10648971,
and: 14713,
or: 13183)

Total complexity: 9.319410698709747 × 10^295

Least occurring input variable: iv_502 (3822)  
Most occurring input variable: iv_500 (4171)

Most co-occurring input variables: iv_500-iv_507 (1949)  
Least co-occurring input variables: iv_498-iv_502 (1734)

Potentially most occurring input variable: iv_500/iv_503 (4395)  
Potentially least occurring input variable: iv_501/iv_504 (4077)

Least output occurring input variable: iv_503 (75)  
Most output occurring input variable: iv_498 (88)

Most output co-occurring input variables: iv_498-iv_507 (54)  
Least output co-occurring input variables: iv_497-iv_504 (33)

Potentially most output occurring input variable: iv_505/iv_507 (95)  
Potentially least output occurring input variable: iv_498/iv_507 (61)

Least complex input bit: iv_497 (5.542822089952 × 10^293)  
Most complex input bit: iv_505 (2.703386795626747 × 10^295)

Least complex output bit: aaa_76_29 (2.3566658386057353 × 10^271)  
Most complex output bit: ov_001 (1.503773601322386 × 10^295)

Least complex input/output complexity: iv_497/aaa_76_29 (1.4016529468614986 × 10^269)  
Most complex input/output complexity: iv_505/ov_001 (4.362166051969185 × 10^294)

## Input Bits

### Input Bits in Regular Order

| Input Bit | Complexity | Occurrences | Output Occurrences |
|:---------:|:----------:|:-----------:|:------------------:|
| iv_497 | 5.542822089952 × 10^293 | 3988 | 77 |
| iv_498 | 1.1057094972575227 × 10^294 | 3876 | 88 |
| iv_499 | 1.9443790965103303 × 10^294 | 3876 | 81 |
| iv_500 | 8.272359534518035 × 10^294 | 4171 | 79 |
| iv_501 | 5.333565168198237 × 10^294 | 4002 | 82 |
| iv_502 | 8.566208493170448 × 10^294 | 3822 | 82 |
| iv_503 | 1.3532474047099754 × 10^295 | 3986 | 75 |
| iv_504 | 2.099198407505374 × 10^295 | 3865 | 78 |
| iv_505 | 2.703386795626747 × 10^295 | 3909 | 82 |
| iv_507 | 5.859276910026902 × 10^294 | 4089 | 81 |

### Input Bits Sorted by Complexity

| Input Bit | Complexity | Occurrences | Output Occurrences |
|:---------:|:----------:|:-----------:|:------------------:|
| iv_497 | 5.542822089952 × 10^293 | 3988 | 77 |
| iv_498 | 1.1057094972575227 × 10^294 | 3876 | 88 |
| iv_499 | 1.9443790965103303 × 10^294 | 3876 | 81 |
| iv_501 | 5.333565168198237 × 10^294 | 4002 | 82 |
| iv_507 | 5.859276910026902 × 10^294 | 4089 | 81 |
| iv_500 | 8.272359534518035 × 10^294 | 4171 | 79 |
| iv_502 | 8.566208493170448 × 10^294 | 3822 | 82 |
| iv_503 | 1.3532474047099754 × 10^295 | 3986 | 75 |
| iv_504 | 2.099198407505374 × 10^295 | 3865 | 78 |
| iv_505 | 2.703386795626747 × 10^295 | 3909 | 82 |

### Input Bits Sorted by Occurrences

| Input Bit | Complexity | Occurrences | Output Occurrences |
|:---------:|:----------:|:-----------:|:------------------:|
| iv_502 | 8.566208493170448 × 10^294 | 3822 | 82 |
| iv_504 | 2.099198407505374 × 10^295 | 3865 | 78 |
| iv_499 | 1.9443790965103303 × 10^294 | 3876 | 81 |
| iv_498 | 1.1057094972575227 × 10^294 | 3876 | 88 |
| iv_505 | 2.703386795626747 × 10^295 | 3909 | 82 |
| iv_503 | 1.3532474047099754 × 10^295 | 3986 | 75 |
| iv_497 | 5.542822089952 × 10^293 | 3988 | 77 |
| iv_501 | 5.333565168198237 × 10^294 | 4002 | 82 |
| iv_507 | 5.859276910026902 × 10^294 | 4089 | 81 |
| iv_500 | 8.272359534518035 × 10^294 | 4171 | 79 |

### Input Bits Sorted by Output Occurrences

| Input Bit | Complexity | Occurrences | Output Occurrences |
|:---------:|:----------:|:-----------:|:------------------:|
| iv_503 | 1.3532474047099754 × 10^295 | 3986 | 75 |
| iv_497 | 5.542822089952 × 10^293 | 3988 | 77 |
| iv_504 | 2.099198407505374 × 10^295 | 3865 | 78 |
| iv_500 | 8.272359534518035 × 10^294 | 4171 | 79 |
| iv_499 | 1.9443790965103303 × 10^294 | 3876 | 81 |
| iv_507 | 5.859276910026902 × 10^294 | 4089 | 81 |
| iv_502 | 8.566208493170448 × 10^294 | 3822 | 82 |
| iv_501 | 5.333565168198237 × 10^294 | 4002 | 82 |
| iv_505 | 2.703386795626747 × 10^295 | 3909 | 82 |
| iv_498 | 1.1057094972575227 × 10^294 | 3876 | 88 |

## Input Bit Co-occurrences

### Input Bit Co-occurrences Sorted by Co-occurrences

| Input Bits | Co-occurrences | Potential Occurrences | Output Co-occurrences | Potential Output Occurrences |
|:----------:|:--------------:|:---------------------:|:---------------------:|:----------------------------:|
| iv_500-iv_507 | 1949 | 4362 | 41 | 78 |
| iv_497-iv_503 | 1945 | 4084 | 37 | 78 |
| iv_503-iv_507 | 1936 | 4203 | 39 | 78 |
| iv_501-iv_507 | 1925 | 4241 | 38 | 87 |
| iv_500-iv_501 | 1904 | 4365 | 34 | 93 |
| iv_500-iv_505 | 1901 | 4278 | 41 | 79 |
| iv_501-iv_503 | 1896 | 4196 | 35 | 87 |
| iv_497-iv_505 | 1896 | 4105 | 43 | 73 |
| iv_501-iv_504 | 1895 | 4077 | 40 | 80 |
| iv_497-iv_500 | 1891 | 4377 | 37 | 82 |

### Input Bit Co-occurrences Sorted by Potential Occurrences

| Input Bits | Co-occurrences | Potential Occurrences | Output Co-occurrences | Potential Output Occurrences |
|:----------:|:--------------:|:---------------------:|:---------------------:|:----------------------------:|
| iv_501-iv_504 | 1895 | 4077 | 40 | 80 |
| iv_497-iv_503 | 1945 | 4084 | 37 | 78 |
| iv_499-iv_505 | 1850 | 4085 | 37 | 89 |
| iv_499-iv_504 | 1827 | 4087 | 38 | 83 |
| iv_497-iv_505 | 1896 | 4105 | 43 | 73 |
| iv_498-iv_504 | 1805 | 4131 | 46 | 74 |
| iv_504-iv_505 | 1820 | 4134 | 36 | 88 |
| iv_497-iv_499 | 1862 | 4140 | 40 | 78 |
| iv_502-iv_504 | 1767 | 4153 | 42 | 76 |
| iv_498-iv_499 | 1794 | 4164 | 48 | 73 |

### Input Bit Output Co-occurrences Sorted by Output Co-occurrences

| Input Bits | Co-occurrences | Potential Occurrences | Output Co-occurrences | Potential Output Occurrences |
|:----------:|:--------------:|:---------------------:|:---------------------:|:----------------------------:|
| iv_498-iv_507 | 1872 | 4221 | 54 | 61 |
| iv_498-iv_499 | 1794 | 4164 | 48 | 73 |
| iv_500-iv_502 | 1863 | 4267 | 48 | 65 |
| iv_498-iv_500 | 1874 | 4299 | 47 | 73 |
| iv_498-iv_501 | 1833 | 4212 | 46 | 78 |
| iv_498-iv_502 | 1734 | 4230 | 46 | 78 |
| iv_498-iv_504 | 1805 | 4131 | 46 | 74 |
| iv_497-iv_498 | 1826 | 4212 | 46 | 73 |
| iv_499-iv_501 | 1847 | 4184 | 43 | 77 |
| iv_501-iv_502 | 1793 | 4238 | 43 | 78 |

### Input Bit Output Co-occurrences Sorted by Potential Output Occurrences

| Input Bits | Co-occurrences | Potential Occurrences | Output Co-occurrences | Potential Output Occurrences |
|:----------:|:--------------:|:---------------------:|:---------------------:|:----------------------------:|
| iv_498-iv_507 | 1872 | 4221 | 54 | 61 |
| iv_500-iv_502 | 1863 | 4267 | 48 | 65 |
| iv_498-iv_499 | 1794 | 4164 | 48 | 73 |
| iv_497-iv_505 | 1896 | 4105 | 43 | 73 |
| iv_497-iv_498 | 1826 | 4212 | 46 | 73 |
| iv_498-iv_500 | 1874 | 4299 | 47 | 73 |
| iv_498-iv_504 | 1805 | 4131 | 46 | 74 |
| iv_502-iv_504 | 1767 | 4153 | 42 | 76 |
| iv_499-iv_501 | 1847 | 4184 | 43 | 77 |
| iv_498-iv_503 | 1824 | 4214 | 43 | 77 |

## Output Bits

### Output Bits in Regular Order

| Rank | Output Bit | Complexity |
|:----:|:----------:|:----------:|
| 1 | ov_001 | 1.503773601322386 × 10^295 |
| 2 | ov_002 | 1.3021749818021208 × 10^295 |
| 3 | ov_003 | 1.1217767523207332 × 10^295 |
| 4 | ov_004 | 9.609622072220317 × 10^294 |
| 5 | ov_005 | 8.182027978065183 × 10^294 |
| 6 | ov_006 | 6.920518000007855 × 10^294 |
| 7 | ov_007 | 5.811388070298207 × 10^294 |
| 8 | ov_008 | 4.84164997767509 × 10^294 |
| 9 | ov_009 | 3.99899119472531 × 10^294 |
| 10 | ov_010 | 3.271741123602108 × 10^294 |
| 11 | ov_011 | 2.648843026166084 × 10^294 |
| 12 | ov_012 | 2.119830946456678 × 10^294 |
| 13 | ov_013 | 1.674810974494944 × 10^294 |
| 14 | ov_014 | 1.3044462409336313 × 10^294 |
| 15 | ov_015 | 9.999450721504692 × 10^293 |
| 16 | ov_016 | 7.530517751374101 × 10^293 |
| 17 | ov_017 | 5.560395610583459 × 10^293 |
| 18 | ov_018 | 4.017051556953746 × 10^293 |
| 19 | ov_019 | 2.83364705122646 × 10^293 |
| 20 | ov_020 | 1.9485068432948765 × 10^293 |
| 21 | ov_021 | 1.3050960852157089 × 10^293 |
| 22 | ov_022 | 8.520038969501532 × 10^292 |
| 23 | ov_023 | 5.429320059406566 × 10^292 |
| 24 | ov_024 | 3.3668727670765863 × 10^292 |
| 25 | ov_025 | 1.9717714168867524 × 10^292 |
| 26 | ov_026 | 1.0763004141224865 × 10^292 |
| 27 | ov_027 | 5.382303409754773 × 10^291 |
| 28 | ov_028 | 2.408145033860994 × 10^291 |
| 29 | ov_029 | 9.278774985924642 × 10^290 |
| 30 | ov_030 | 2.836616200158671 × 10^290 |
| 31 | ov_031 | 5.533207403511325 × 10^289 |
| 32 | lv_80_m31 | 1.0791856827048187 × 10^289 |
| 33 | ov_033 | 1.2908320994833673 × 10^290 |
| 34 | ov_034 | 1.1194536167968185 × 10^290 |
| 35 | ov_035 | 9.661562060533872 × 10^289 |
| 36 | ov_036 | 8.294088365191749 × 10^289 |
| 37 | ov_037 | 7.077623692879273 × 10^289 |
| 38 | ov_038 | 5.998438010077741 × 10^289 |
| 39 | ov_039 | 5.043513076040347 × 10^289 |
| 40 | ov_040 | 4.200500081777025 × 10^289 |
| 41 | ov_041 | 3.4633871115530074 × 10^289 |
| 42 | ov_042 | 2.826470795114392 × 10^289 |
| 43 | ov_043 | 2.284342579909548 × 10^289 |
| 44 | ov_044 | 1.8270265308948747 × 10^289 |
| 45 | ov_045 | 1.4450877048863139 × 10^289 |
| 46 | ov_046 | 1.1296188044845896 × 10^289 |
| 47 | ov_047 | 8.722296883574561 × 10^288 |
| 48 | ov_048 | 6.650392739711842 × 10^288 |
| 49 | ov_049 | 5.0066940467526556 × 10^288 |
| 50 | ov_050 | 3.7224028819360986 × 10^288 |
| 51 | ov_051 | 2.7336714820872535 × 10^288 |
| 52 | ov_052 | 1.9815778098674568 × 10^288 |
| 53 | ov_053 | 1.4121078890436398 × 10^288 |
| 54 | ov_054 | 9.761433615901436 × 10^287 |
| 55 | ov_055 | 6.50347683999859 × 10^287 |
| 56 | ov_056 | 4.138262414307229 × 10^287 |
| 57 | ov_057 | 2.481242664182549 × 10^287 |
| 58 | ov_058 | 1.3722562969189994 × 10^287 |
| 59 | ov_059 | 6.755219792575926 × 10^286 |
| 60 | ov_060 | 2.796353569696007 × 10^286 |
| 61 | ov_061 | 9.756795596081274 × 10^285 |
| 62 | ov_062 | 2.6734101183587134 × 10^285 |
| 63 | ov_063 | 5.2042119467989595 × 10^284 |
| 64 | lv_79_m31 | 1.0128488060810504 × 10^284 |
| 65 | ov_065 | 1.1984934411594123 × 10^285 |
| 66 | ov_066 | 1.1984894839343364 × 10^285 |
| 67 | ov_067 | 1.1984885153577133 × 10^285 |
| 68 | ov_068 | 1.0329451153846025 × 10^285 |
| 69 | ov_069 | 8.856233051234347 × 10^284 |
| 70 | ov_070 | 7.550246556035469 × 10^284 |
| 71 | ov_071 | 6.397429837185993 × 10^284 |
| 72 | ov_072 | 5.384581029840408 × 10^284 |
| 73 | ov_073 | 4.499301257858565 × 10^284 |
| 74 | ov_074 | 3.729942882505605 × 10^284 |
| 75 | ov_075 | 3.0655626992530783 × 10^284 |
| 76 | ov_076 | 2.4958798131838672 × 10^284 |
| 77 | ov_077 | 2.011237930410168 × 10^284 |
| 78 | ov_078 | 1.602571808364367 × 10^284 |
| 79 | ov_079 | 1.2613776120505802 × 10^284 |
| 80 | ov_080 | 9.796869265663478 × 10^283 |
| 81 | ov_081 | 7.50044178618481 × 10^283 |
| 82 | ov_082 | 5.654872215441024 × 10^283 |
| 83 | ov_083 | 4.1953083966018967 × 10^283 |
| 84 | ov_084 | 3.0615292871909615 × 10^283 |
| 85 | ov_085 | 2.1978310992707265 × 10^283 |
| 86 | ov_086 | 1.5529353545081638 × 10^283 |
| 87 | ov_087 | 1.0799164364571897 × 10^283 |
| 88 | ov_088 | 7.361462243233423 × 10^282 |
| 89 | ov_089 | 4.832533935988587 × 10^282 |
| 90 | ov_090 | 3.0311223491616964 × 10^282 |
| 91 | ov_091 | 1.7970548291159234 × 10^282 |
| 92 | ov_092 | 9.911717062898864 × 10^281 |
| 93 | ov_093 | 4.952861373533318 × 10^281 |
| 94 | ov_094 | 2.1216437859128404 × 10^281 |
| 95 | aaa_78_28 | 6.55177349663416 × 10^280 |
| 96 | aaa_78_29 | 2.0122391150846699 × 10^280 |
| 97 | ov_097 | 1.3291674224588377 × 10^280 |
| 98 | ov_098 | 1.3291277824411942 × 10^280 |
| 99 | ov_099 | 1.3291151349255408 × 10^280 |
| 100 | ov_100 | 1.196195543314161 × 10^280 |
| 101 | ov_101 | 1.0730512658152872 × 10^280 |
| 102 | ov_102 | 9.591507449900963 × 10^279 |
| 103 | ov_103 | 8.540012246904626 × 10^279 |
| 104 | ov_104 | 7.571435622890501 × 10^279 |
| 105 | ov_105 | 6.681475249647812 × 10^279 |
| 106 | ov_106 | 5.866075456233941 × 10^279 |
| 107 | ov_107 | 5.121389148138693 × 10^279 |
| 108 | ov_108 | 4.44374385614383 × 10^279 |
| 109 | ov_109 | 3.82961168930431 × 10^279 |
| 110 | ov_110 | 3.275582969938227 × 10^279 |
| 111 | ov_111 | 2.7783433309636035 × 10^279 |
| 112 | ov_112 | 2.3346540575800083 × 10^279 |
| 113 | ov_113 | 1.9413354563659677 × 10^279 |
| 114 | ov_114 | 1.5952530355337521 × 10^279 |
| 115 | ov_115 | 1.2933062805063678 × 10^279 |
| 116 | ov_116 | 1.032419809262553 × 10^279 |
| 117 | ov_117 | 8.09536692101024 × 10^278 |
| 118 | ov_118 | 6.2161351731077986 × 10^278 |
| 119 | ov_119 | 4.656166078903771 × 10^278 |
| 120 | ov_120 | 3.3851905158954164 × 10^278 |
| 121 | ov_121 | 2.3729843677526846 × 10^278 |
| 122 | ov_122 | 1.5893518663996882 × 10^278 |
| 123 | ov_123 | 1.0041138427497813 × 10^278 |
| 124 | ov_124 | 5.870998113253637 × 10^277 |
| 125 | ov_125 | 3.0814307393906546 × 10^277 |
| 126 | ov_126 | 1.3707822620647984 × 10^277 |
| 127 | aaa_77_28 | 4.374020216844318 × 10^276 |
| 128 | aaa_77_29 | 1.6380083812092203 × 10^276 |
| 129 | ov_129 | 1.498781378598541 × 10^276 |
| 130 | ov_130 | 1.4987767981177336 × 10^276 |
| 131 | ov_131 | 1.498775693572233 × 10^276 |
| 132 | ov_132 | 1.2951760761989098 × 10^276 |
| 133 | ov_133 | 1.1132465880001637 × 10^276 |
| 134 | ov_134 | 9.51338462926322 × 10^275 |
| 135 | ov_135 | 8.078885995919475 × 10^275 |
| 136 | ov_136 | 6.814134430465611 × 10^275 |
| 137 | ov_137 | 5.7050378896461805 × 10^275 |
| 138 | ov_138 | 4.738204137198388 × 10^275 |
| 139 | ov_139 | 3.9009043860612056 × 10^275 |
| 140 | ov_140 | 3.181043411535706 × 10^275 |
| 141 | ov_141 | 2.5671353109339232 × 10^275 |
| 142 | ov_142 | 2.0482841307329872 × 10^275 |
| 143 | ov_143 | 1.6141686676119452 × 10^275 |
| 144 | ov_144 | 1.2550308751235027 × 10^275 |
| 145 | ov_145 | 9.616673524172554 × 10^274 |
| 146 | ov_146 | 7.2542335543758074 × 10^274 |
| 147 | ov_147 | 5.381887752106402 × 10^274 |
| 148 | ov_148 | 3.9239557223023265 × 10^274 |
| 149 | ov_149 | 2.810162002958476 × 10^274 |
| 150 | ov_150 | 1.9756261832317886 × 10^274 |
| 151 | ov_151 | 1.3608561084271154 × 10^274 |
| 152 | ov_152 | 9.117428521269634 × 10^273 |
| 153 | ov_153 | 5.795570255900693 × 10^273 |
| 154 | ov_154 | 3.4127843420554385 × 10^273 |
| 155 | ov_155 | 1.7657483999544278 × 10^273 |
| 156 | aaa_76_25 | 6.780135275934331 × 10^272 |
| 157 | aaa_76_26 | 3.9100379359231204 × 10^272 |
| 158 | aaa_76_27 | 1.998386200193915 × 10^272 |
| 159 | aaa_76_28 | 7.765111276296055 × 10^271 |
| 160 | aaa_76_29 | 2.3566658386057353 × 10^271 |

### Output Bits Sorted by Complexity

| Rank | Output Bit | Complexity |
|:----:|:----------:|:----------:|
| 160 | aaa_76_29 | 2.3566658386057353 × 10^271 |
| 159 | aaa_76_28 | 7.765111276296055 × 10^271 |
| 158 | aaa_76_27 | 1.998386200193915 × 10^272 |
| 157 | aaa_76_26 | 3.9100379359231204 × 10^272 |
| 156 | aaa_76_25 | 6.780135275934331 × 10^272 |
| 155 | ov_155 | 1.7657483999544278 × 10^273 |
| 154 | ov_154 | 3.4127843420554385 × 10^273 |
| 153 | ov_153 | 5.795570255900693 × 10^273 |
| 152 | ov_152 | 9.117428521269634 × 10^273 |
| 151 | ov_151 | 1.3608561084271154 × 10^274 |
| 150 | ov_150 | 1.9756261832317886 × 10^274 |
| 149 | ov_149 | 2.810162002958476 × 10^274 |
| 148 | ov_148 | 3.9239557223023265 × 10^274 |
| 147 | ov_147 | 5.381887752106402 × 10^274 |
| 146 | ov_146 | 7.2542335543758074 × 10^274 |
| 145 | ov_145 | 9.616673524172554 × 10^274 |
| 144 | ov_144 | 1.2550308751235027 × 10^275 |
| 143 | ov_143 | 1.6141686676119452 × 10^275 |
| 142 | ov_142 | 2.0482841307329872 × 10^275 |
| 141 | ov_141 | 2.5671353109339232 × 10^275 |
| 140 | ov_140 | 3.181043411535706 × 10^275 |
| 139 | ov_139 | 3.9009043860612056 × 10^275 |
| 138 | ov_138 | 4.738204137198388 × 10^275 |
| 137 | ov_137 | 5.7050378896461805 × 10^275 |
| 136 | ov_136 | 6.814134430465611 × 10^275 |
| 135 | ov_135 | 8.078885995919475 × 10^275 |
| 134 | ov_134 | 9.51338462926322 × 10^275 |
| 133 | ov_133 | 1.1132465880001637 × 10^276 |
| 132 | ov_132 | 1.2951760761989098 × 10^276 |
| 131 | ov_131 | 1.498775693572233 × 10^276 |
| 130 | ov_130 | 1.4987767981177336 × 10^276 |
| 129 | ov_129 | 1.498781378598541 × 10^276 |
| 128 | aaa_77_29 | 1.6380083812092203 × 10^276 |
| 127 | aaa_77_28 | 4.374020216844318 × 10^276 |
| 126 | ov_126 | 1.3707822620647984 × 10^277 |
| 125 | ov_125 | 3.0814307393906546 × 10^277 |
| 124 | ov_124 | 5.870998113253637 × 10^277 |
| 123 | ov_123 | 1.0041138427497813 × 10^278 |
| 122 | ov_122 | 1.5893518663996882 × 10^278 |
| 121 | ov_121 | 2.3729843677526846 × 10^278 |
| 120 | ov_120 | 3.3851905158954164 × 10^278 |
| 119 | ov_119 | 4.656166078903771 × 10^278 |
| 118 | ov_118 | 6.2161351731077986 × 10^278 |
| 117 | ov_117 | 8.09536692101024 × 10^278 |
| 116 | ov_116 | 1.032419809262553 × 10^279 |
| 115 | ov_115 | 1.2933062805063678 × 10^279 |
| 114 | ov_114 | 1.5952530355337521 × 10^279 |
| 113 | ov_113 | 1.9413354563659677 × 10^279 |
| 112 | ov_112 | 2.3346540575800083 × 10^279 |
| 111 | ov_111 | 2.7783433309636035 × 10^279 |
| 110 | ov_110 | 3.275582969938227 × 10^279 |
| 109 | ov_109 | 3.82961168930431 × 10^279 |
| 108 | ov_108 | 4.44374385614383 × 10^279 |
| 107 | ov_107 | 5.121389148138693 × 10^279 |
| 106 | ov_106 | 5.866075456233941 × 10^279 |
| 105 | ov_105 | 6.681475249647812 × 10^279 |
| 104 | ov_104 | 7.571435622890501 × 10^279 |
| 103 | ov_103 | 8.540012246904626 × 10^279 |
| 102 | ov_102 | 9.591507449900963 × 10^279 |
| 101 | ov_101 | 1.0730512658152872 × 10^280 |
| 100 | ov_100 | 1.196195543314161 × 10^280 |
| 99 | ov_099 | 1.3291151349255408 × 10^280 |
| 98 | ov_098 | 1.3291277824411942 × 10^280 |
| 97 | ov_097 | 1.3291674224588377 × 10^280 |
| 96 | aaa_78_29 | 2.0122391150846699 × 10^280 |
| 95 | aaa_78_28 | 6.55177349663416 × 10^280 |
| 94 | ov_094 | 2.1216437859128404 × 10^281 |
| 93 | ov_093 | 4.952861373533318 × 10^281 |
| 92 | ov_092 | 9.911717062898864 × 10^281 |
| 91 | ov_091 | 1.7970548291159234 × 10^282 |
| 90 | ov_090 | 3.0311223491616964 × 10^282 |
| 89 | ov_089 | 4.832533935988587 × 10^282 |
| 88 | ov_088 | 7.361462243233423 × 10^282 |
| 87 | ov_087 | 1.0799164364571897 × 10^283 |
| 86 | ov_086 | 1.5529353545081638 × 10^283 |
| 85 | ov_085 | 2.1978310992707265 × 10^283 |
| 84 | ov_084 | 3.0615292871909615 × 10^283 |
| 83 | ov_083 | 4.1953083966018967 × 10^283 |
| 82 | ov_082 | 5.654872215441024 × 10^283 |
| 81 | ov_081 | 7.50044178618481 × 10^283 |
| 80 | ov_080 | 9.796869265663478 × 10^283 |
| 64 | lv_79_m31 | 1.0128488060810504 × 10^284 |
| 79 | ov_079 | 1.2613776120505802 × 10^284 |
| 78 | ov_078 | 1.602571808364367 × 10^284 |
| 77 | ov_077 | 2.011237930410168 × 10^284 |
| 76 | ov_076 | 2.4958798131838672 × 10^284 |
| 75 | ov_075 | 3.0655626992530783 × 10^284 |
| 74 | ov_074 | 3.729942882505605 × 10^284 |
| 73 | ov_073 | 4.499301257858565 × 10^284 |
| 63 | ov_063 | 5.2042119467989595 × 10^284 |
| 72 | ov_072 | 5.384581029840408 × 10^284 |
| 71 | ov_071 | 6.397429837185993 × 10^284 |
| 70 | ov_070 | 7.550246556035469 × 10^284 |
| 69 | ov_069 | 8.856233051234347 × 10^284 |
| 68 | ov_068 | 1.0329451153846025 × 10^285 |
| 67 | ov_067 | 1.1984885153577133 × 10^285 |
| 66 | ov_066 | 1.1984894839343364 × 10^285 |
| 65 | ov_065 | 1.1984934411594123 × 10^285 |
| 62 | ov_062 | 2.6734101183587134 × 10^285 |
| 61 | ov_061 | 9.756795596081274 × 10^285 |
| 60 | ov_060 | 2.796353569696007 × 10^286 |
| 59 | ov_059 | 6.755219792575926 × 10^286 |
| 58 | ov_058 | 1.3722562969189994 × 10^287 |
| 57 | ov_057 | 2.481242664182549 × 10^287 |
| 56 | ov_056 | 4.138262414307229 × 10^287 |
| 55 | ov_055 | 6.50347683999859 × 10^287 |
| 54 | ov_054 | 9.761433615901436 × 10^287 |
| 53 | ov_053 | 1.4121078890436398 × 10^288 |
| 52 | ov_052 | 1.9815778098674568 × 10^288 |
| 51 | ov_051 | 2.7336714820872535 × 10^288 |
| 50 | ov_050 | 3.7224028819360986 × 10^288 |
| 49 | ov_049 | 5.0066940467526556 × 10^288 |
| 48 | ov_048 | 6.650392739711842 × 10^288 |
| 47 | ov_047 | 8.722296883574561 × 10^288 |
| 32 | lv_80_m31 | 1.0791856827048187 × 10^289 |
| 46 | ov_046 | 1.1296188044845896 × 10^289 |
| 45 | ov_045 | 1.4450877048863139 × 10^289 |
| 44 | ov_044 | 1.8270265308948747 × 10^289 |
| 43 | ov_043 | 2.284342579909548 × 10^289 |
| 42 | ov_042 | 2.826470795114392 × 10^289 |
| 41 | ov_041 | 3.4633871115530074 × 10^289 |
| 40 | ov_040 | 4.200500081777025 × 10^289 |
| 39 | ov_039 | 5.043513076040347 × 10^289 |
| 31 | ov_031 | 5.533207403511325 × 10^289 |
| 38 | ov_038 | 5.998438010077741 × 10^289 |
| 37 | ov_037 | 7.077623692879273 × 10^289 |
| 36 | ov_036 | 8.294088365191749 × 10^289 |
| 35 | ov_035 | 9.661562060533872 × 10^289 |
| 34 | ov_034 | 1.1194536167968185 × 10^290 |
| 33 | ov_033 | 1.2908320994833673 × 10^290 |
| 30 | ov_030 | 2.836616200158671 × 10^290 |
| 29 | ov_029 | 9.278774985924642 × 10^290 |
| 28 | ov_028 | 2.408145033860994 × 10^291 |
| 27 | ov_027 | 5.382303409754773 × 10^291 |
| 26 | ov_026 | 1.0763004141224865 × 10^292 |
| 25 | ov_025 | 1.9717714168867524 × 10^292 |
| 24 | ov_024 | 3.3668727670765863 × 10^292 |
| 23 | ov_023 | 5.429320059406566 × 10^292 |
| 22 | ov_022 | 8.520038969501532 × 10^292 |
| 21 | ov_021 | 1.3050960852157089 × 10^293 |
| 20 | ov_020 | 1.9485068432948765 × 10^293 |
| 19 | ov_019 | 2.83364705122646 × 10^293 |
| 18 | ov_018 | 4.017051556953746 × 10^293 |
| 17 | ov_017 | 5.560395610583459 × 10^293 |
| 16 | ov_016 | 7.530517751374101 × 10^293 |
| 15 | ov_015 | 9.999450721504692 × 10^293 |
| 14 | ov_014 | 1.3044462409336313 × 10^294 |
| 13 | ov_013 | 1.674810974494944 × 10^294 |
| 12 | ov_012 | 2.119830946456678 × 10^294 |
| 11 | ov_011 | 2.648843026166084 × 10^294 |
| 10 | ov_010 | 3.271741123602108 × 10^294 |
| 9 | ov_009 | 3.99899119472531 × 10^294 |
| 8 | ov_008 | 4.84164997767509 × 10^294 |
| 7 | ov_007 | 5.811388070298207 × 10^294 |
| 6 | ov_006 | 6.920518000007855 × 10^294 |
| 5 | ov_005 | 8.182027978065183 × 10^294 |
| 4 | ov_004 | 9.609622072220317 × 10^294 |
| 3 | ov_003 | 1.1217767523207332 × 10^295 |
| 2 | ov_002 | 1.3021749818021208 × 10^295 |
| 1 | ov_001 | 1.503773601322386 × 10^295 |

