# Results for F001-F002-F003-F004-F005-F006-F007-F008-F009-F010-F011-F012-F013-F014-F015-F016-F017-F018-F019-F020-F021-F022-F023-F024-F025-F026-F027-F028-F029-F030-F031-F032-F033-F034-F035-F036-F037-F038-F039-F040-F041-F042-F043-F044-F045-F046-F047-F048-F049-F050-F051-F052-F053-F054-F055-F056-F057-F058-F059-F060-F061-F062-F063-F064-F065-F066-F067-F068-F069-F070-F071-F072-F073-F074-F075-F076-F077-F078-F079-F080-F081-F082-F083-F084-F085-F086-F087-F088-F089-F090-F091-F092-F093-F094-F095-F096-F097-F098-F099-F100-F101-F102-F103-F104-F105-F106-F107-F108-F109-F110-F111-F112-F113-F114-F115-F116-F117-F118-F119-F120-F121-F122-F123-F124-F125-F126-F127-F128-F129-F130-F131-F132-F133-F134-F135-F136-F137-F138-F139-F140-F141-F142-F143-F144-F145-F146-F147-F148-F149-F150-F151-F152-F153-F154-F155-F156-F157-F158-F159-F160-F161-F162-F163-F164-F165-F166-F167-F168-F169-F170-F171-F172-F173-F174-F175-F176-F177-F178-F179-F180-F181-F182-F183-F184-F185-F186-F187-F188-F189-F190-F191-F192-F193-F194-F195-F196-F197-F198-F199-F200-F201-F202-F203-F204-F205-F206-F207-F208-F209-F210-F211-F212-F213-F214-F215-F216-F217-F218-F219-F220-F221-F222-F223-F224-F225-F226-F227-F228-F229-F230-F231-F232-F233-F234-F235-F236-F237-F238-F239-F240-F241-F242-F243-F244-F245-F246-F247-F248-F249-F250-F251-F252-F253-F254-F255-F256-F257-F258-F259-F260-F261-F262-F263-F264-F265-F266-F267-F268-F269-F270-F271-F272-F273-F274-F275-F276-F277-F278-F279-F280-F281-F282-F283-F284-F285-F286-F287-F288-F289-F290-F291-F292-F293-F294-F295-F296-F297-F298-F299-F300-F301-F302-F303-F304-F305-F306-F307-F308-F309-F310-F311-F312-F313-F314-F315-F316-F317-F318-F319-F320-F321-F322-F323-F324-F325-F326-F327-F328-F329-F330-F331-F332-F333-F334-F335-F336-F337-F338-F339-F340-F341-F342-F343-F344-F345-F346-F347-F348-F349-F350-F351-F352-F353-F354-F355-F356-F357-F358-F359-F360-F361-F362-F363-F364-F365-F366-F367-F368-F369-F370-F371-F372-F373-F374-F375-F376-F377-F378-F379-F380-F381-F382-F383-F384-F385-F386-F387-F388-F389-F390-F391-F392-F393-F394-F395-F396-F397-F398-F399-F400-F401-F402-F403-F404-F405-F406-F407-F408-F409-F410-F411-F412-F413-F414-F415-F416-F417-F418-F419-F420-F421-F422-F423-F424-F425-F426-F427-F428-F429-F430-F431-F432-F433-F434-F435-F436-F437-F438-F439-F440-F441-F442-F443-F444-F445-F446-F447-F448-F449-F450-F451-F452-F453-F454-F455-F456-F457-F458-F459-F460-F461-F462-F463-F464-F465-F466-F467-F468-F469-F470-F471-F472-F473-F474-F475-F476-F477-F478-F479-F480-F481-F482-F483-F484-F485-F486-F487-F488-F489-F490-F491-F492-F493-F494-F495-F496-E499505-E507508-F509-F510-F511-F512

## Summary

Number of input bits: 512  
Number of free input bits: 10  
Number of output bits: 160

Number of direct occurrences: 40442  
Number of assignments: 31003  
Number of operations: 10791452
(xor: 10763479,
and: 14718,
or: 13255)

Total complexity: 2.8086327599911332 × 10^297

Least occurring input variable: iv_502 (3835)  
Most occurring input variable: iv_507 (4232)

Most co-occurring input variables: iv_499-iv_504 (2061)  
Least co-occurring input variables: iv_498-iv_502 (1739)

Potentially most occurring input variable: iv_499/iv_507 (4573)  
Potentially least occurring input variable: iv_498/iv_504 (4056)

Least output occurring input variable: iv_503 (75)  
Most output occurring input variable: iv_497 (93)

Most output co-occurring input variables: iv_497-iv_506 (55)  
Least output co-occurring input variables: iv_503-iv_504 (34)

Potentially most output occurring input variable: iv_498/iv_499 (92)  
Potentially least output occurring input variable: iv_502/iv_504 (65)

Least complex input bit: iv_497 (1.1568269736431082 × 10^295)  
Most complex input bit: iv_499 (7.93762708189405 × 10^296)

Least complex output bit: aaa_76_29 (6.889358805442815 × 10^272)  
Most complex output bit: ov_001 (4.528450259878682 × 10^296)

Least complex input/output complexity: iv_497/aaa_76_29 (2.837607041679262 × 10^270)  
Most complex input/output complexity: iv_499/ov_001 (1.2798095192030951 × 10^296)

## Input Bits

### Input Bits in Regular Order

| Input Bit | Complexity | Occurrences | Output Occurrences |
|:---------:|:----------:|:-----------:|:------------------:|
| iv_497 | 1.1568269736431082 × 10^295 | 4093 | 93 |
| iv_498 | 2.306945134040995 × 10^295 | 3890 | 88 |
| iv_499 | 7.93762708189405 × 10^296 | 4165 | 84 |
| iv_500 | 7.093309173159428 × 10^295 | 4060 | 76 |
| iv_501 | 1.1891097239915013 × 10^296 | 4031 | 83 |
| iv_502 | 1.9464488241268032 × 10^296 | 3835 | 82 |
| iv_503 | 3.120982044642933 × 10^296 | 3999 | 75 |
| iv_504 | 4.894198087785836 × 10^296 | 4042 | 83 |
| iv_506 | 3.83218946748692 × 10^296 | 4095 | 91 |
| iv_507 | 4.110064241898984 × 10^296 | 4232 | 78 |

### Input Bits Sorted by Complexity

| Input Bit | Complexity | Occurrences | Output Occurrences |
|:---------:|:----------:|:-----------:|:------------------:|
| iv_497 | 1.1568269736431082 × 10^295 | 4093 | 93 |
| iv_498 | 2.306945134040995 × 10^295 | 3890 | 88 |
| iv_500 | 7.093309173159428 × 10^295 | 4060 | 76 |
| iv_501 | 1.1891097239915013 × 10^296 | 4031 | 83 |
| iv_502 | 1.9464488241268032 × 10^296 | 3835 | 82 |
| iv_503 | 3.120982044642933 × 10^296 | 3999 | 75 |
| iv_506 | 3.83218946748692 × 10^296 | 4095 | 91 |
| iv_507 | 4.110064241898984 × 10^296 | 4232 | 78 |
| iv_504 | 4.894198087785836 × 10^296 | 4042 | 83 |
| iv_499 | 7.93762708189405 × 10^296 | 4165 | 84 |

### Input Bits Sorted by Occurrences

| Input Bit | Complexity | Occurrences | Output Occurrences |
|:---------:|:----------:|:-----------:|:------------------:|
| iv_502 | 1.9464488241268032 × 10^296 | 3835 | 82 |
| iv_498 | 2.306945134040995 × 10^295 | 3890 | 88 |
| iv_503 | 3.120982044642933 × 10^296 | 3999 | 75 |
| iv_501 | 1.1891097239915013 × 10^296 | 4031 | 83 |
| iv_504 | 4.894198087785836 × 10^296 | 4042 | 83 |
| iv_500 | 7.093309173159428 × 10^295 | 4060 | 76 |
| iv_497 | 1.1568269736431082 × 10^295 | 4093 | 93 |
| iv_506 | 3.83218946748692 × 10^296 | 4095 | 91 |
| iv_499 | 7.93762708189405 × 10^296 | 4165 | 84 |
| iv_507 | 4.110064241898984 × 10^296 | 4232 | 78 |

### Input Bits Sorted by Output Occurrences

| Input Bit | Complexity | Occurrences | Output Occurrences |
|:---------:|:----------:|:-----------:|:------------------:|
| iv_503 | 3.120982044642933 × 10^296 | 3999 | 75 |
| iv_500 | 7.093309173159428 × 10^295 | 4060 | 76 |
| iv_507 | 4.110064241898984 × 10^296 | 4232 | 78 |
| iv_502 | 1.9464488241268032 × 10^296 | 3835 | 82 |
| iv_501 | 1.1891097239915013 × 10^296 | 4031 | 83 |
| iv_504 | 4.894198087785836 × 10^296 | 4042 | 83 |
| iv_499 | 7.93762708189405 × 10^296 | 4165 | 84 |
| iv_498 | 2.306945134040995 × 10^295 | 3890 | 88 |
| iv_506 | 3.83218946748692 × 10^296 | 4095 | 91 |
| iv_497 | 1.1568269736431082 × 10^295 | 4093 | 93 |

## Input Bit Co-occurrences

### Input Bit Co-occurrences Sorted by Co-occurrences

| Input Bits | Co-occurrences | Potential Occurrences | Output Co-occurrences | Potential Output Occurrences |
|:----------:|:--------------:|:---------------------:|:---------------------:|:----------------------------:|
| iv_499-iv_504 | 2061 | 4085 | 43 | 81 |
| iv_504-iv_507 | 2027 | 4220 | 44 | 73 |
| iv_499-iv_500 | 2002 | 4221 | 40 | 80 |
| iv_500-iv_506 | 1988 | 4179 | 48 | 71 |
| iv_506-iv_507 | 1986 | 4355 | 48 | 73 |
| iv_497-iv_501 | 1981 | 4162 | 48 | 80 |
| iv_500-iv_507 | 1968 | 4356 | 41 | 72 |
| iv_499-iv_506 | 1964 | 4332 | 48 | 79 |
| iv_497-iv_500 | 1961 | 4231 | 39 | 91 |
| iv_497-iv_499 | 1960 | 4338 | 52 | 73 |

### Input Bit Co-occurrences Sorted by Potential Occurrences

| Input Bits | Co-occurrences | Potential Occurrences | Output Co-occurrences | Potential Output Occurrences |
|:----------:|:--------------:|:---------------------:|:---------------------:|:----------------------------:|
| iv_498-iv_504 | 1938 | 4056 | 48 | 75 |
| iv_499-iv_504 | 2061 | 4085 | 43 | 81 |
| iv_502-iv_504 | 1868 | 4141 | 50 | 65 |
| iv_497-iv_501 | 1981 | 4162 | 48 | 80 |
| iv_497-iv_502 | 1883 | 4162 | 52 | 71 |
| iv_498-iv_506 | 1911 | 4163 | 48 | 83 |
| iv_497-iv_503 | 1959 | 4174 | 46 | 76 |
| iv_500-iv_506 | 1988 | 4179 | 48 | 71 |
| iv_500-iv_504 | 1959 | 4184 | 39 | 81 |
| iv_502-iv_506 | 1871 | 4188 | 50 | 73 |

### Input Bit Output Co-occurrences Sorted by Output Co-occurrences

| Input Bits | Co-occurrences | Potential Occurrences | Output Co-occurrences | Potential Output Occurrences |
|:----------:|:--------------:|:---------------------:|:---------------------:|:----------------------------:|
| iv_497-iv_506 | 1948 | 4292 | 55 | 74 |
| iv_501-iv_506 | 1944 | 4238 | 52 | 70 |
| iv_497-iv_499 | 1960 | 4338 | 52 | 73 |
| iv_497-iv_502 | 1883 | 4162 | 52 | 71 |
| iv_502-iv_506 | 1871 | 4188 | 50 | 73 |
| iv_502-iv_504 | 1868 | 4141 | 50 | 65 |
| iv_497-iv_498 | 1869 | 4245 | 50 | 81 |
| iv_504-iv_506 | 1935 | 4267 | 49 | 76 |
| iv_499-iv_506 | 1964 | 4332 | 48 | 79 |
| iv_498-iv_501 | 1843 | 4235 | 48 | 75 |

### Input Bit Output Co-occurrences Sorted by Potential Output Occurrences

| Input Bits | Co-occurrences | Potential Occurrences | Output Co-occurrences | Potential Output Occurrences |
|:----------:|:--------------:|:---------------------:|:---------------------:|:----------------------------:|
| iv_502-iv_504 | 1868 | 4141 | 50 | 65 |
| iv_501-iv_506 | 1944 | 4238 | 52 | 70 |
| iv_500-iv_506 | 1988 | 4179 | 48 | 71 |
| iv_497-iv_502 | 1883 | 4162 | 52 | 71 |
| iv_498-iv_507 | 1848 | 4426 | 47 | 72 |
| iv_500-iv_507 | 1968 | 4356 | 41 | 72 |
| iv_499-iv_507 | 1912 | 4573 | 45 | 72 |
| iv_502-iv_506 | 1871 | 4188 | 50 | 73 |
| iv_504-iv_507 | 2027 | 4220 | 44 | 73 |
| iv_506-iv_507 | 1986 | 4355 | 48 | 73 |

## Output Bits

### Output Bits in Regular Order

| Rank | Output Bit | Complexity |
|:----:|:----------:|:----------:|
| 1 | ov_001 | 4.528450259878682 × 10^296 |
| 2 | ov_002 | 3.921320694882335 × 10^296 |
| 3 | ov_003 | 3.3780993948390496 × 10^296 |
| 4 | ov_004 | 2.893905601150243 × 10^296 |
| 5 | ov_005 | 2.4641246771503855 × 10^296 |
| 6 | ov_006 | 2.0843891310402973 × 10^296 |
| 7 | ov_007 | 1.750562089062466 × 10^296 |
| 8 | ov_008 | 1.4587230597702605 × 10^296 |
| 9 | ov_009 | 1.2051558121360337 × 10^296 |
| 10 | ov_010 | 9.863381576997503 × 10^295 |
| 11 | ov_011 | 7.989334245281317 × 10^295 |
| 12 | ov_012 | 6.397834228641494 × 10^295 |
| 13 | ov_013 | 5.05902714237278 × 10^295 |
| 14 | ov_014 | 3.9447400752643025 × 10^295 |
| 15 | ov_015 | 3.0284451706085084 × 10^295 |
| 16 | ov_016 | 2.2852312934180842 × 10^295 |
| 17 | ov_017 | 1.6917823639508704 × 10^295 |
| 18 | ov_018 | 1.2263610514058533 × 10^295 |
| 19 | ov_019 | 8.687966350564661 × 10^294 |
| 20 | ov_020 | 6.004760065961158 × 10^294 |
| 21 | ov_021 | 4.043370534715625 × 10^294 |
| 22 | ov_022 | 2.6486390772581665 × 10^294 |
| 23 | ov_023 | 1.6808366170226042 × 10^294 |
| 24 | ov_024 | 1.0156420836128619 × 10^294 |
| 25 | ov_025 | 5.947448485105844 × 10^293 |
| 26 | ov_026 | 3.246062030050046 × 10^293 |
| 27 | ov_027 | 1.6230308340729533 × 10^293 |
| 28 | ov_028 | 7.260400908353767 × 10^292 |
| 29 | ov_029 | 2.7968740987012726 × 10^292 |
| 30 | ov_030 | 8.548192196385733 × 10^291 |
| 31 | ov_031 | 1.6668941851015745 × 10^291 |
| 32 | lv_80_m31 | 3.2498884682271003 × 10^290 |
| 33 | ov_033 | 3.8936613408808806 × 10^291 |
| 34 | ov_034 | 3.3761456177917984 × 10^291 |
| 35 | ov_035 | 2.9131720367248235 × 10^291 |
| 36 | ov_036 | 2.500311772402744 × 10^291 |
| 37 | ov_037 | 2.1333729747019244 × 10^291 |
| 38 | ov_038 | 1.8083841278512085 × 10^291 |
| 39 | ov_039 | 1.5215797214511618 × 10^291 |
| 40 | ov_040 | 1.2693880021655124 × 10^291 |
| 41 | ov_041 | 1.0484205890405961 × 10^291 |
| 42 | ov_042 | 8.570279465185756 × 10^290 |
| 43 | ov_043 | 6.9364587686019365 × 10^290 |
| 44 | ov_044 | 5.55389465140093 × 10^290 |
| 45 | ov_045 | 4.395303804714755 × 10^290 |
| 46 | ov_046 | 3.4349300085639313 × 10^290 |
| 47 | ov_047 | 2.648513603288255 × 10^290 |
| 48 | ov_048 | 2.013267840467673 × 10^290 |
| 49 | ov_049 | 1.5078608736019403 × 10^290 |
| 50 | ov_050 | 1.112402250606306 × 10^290 |
| 51 | ov_051 | 8.084329229657039 × 10^289 |
| 52 | ov_052 | 5.78917990539332 × 10^289 |
| 53 | ov_053 | 4.0824153966044087 × 10^289 |
| 54 | ov_054 | 2.822030398144169 × 10^289 |
| 55 | ov_055 | 1.88014905733886 × 10^289 |
| 56 | ov_056 | 1.1963633912159224 × 10^289 |
| 57 | ov_057 | 7.173192764053914 × 10^288 |
| 58 | ov_058 | 3.9671294752279967 × 10^288 |
| 59 | ov_059 | 1.9528913731911248 × 10^288 |
| 60 | ov_060 | 8.084021360462943 × 10^287 |
| 61 | ov_061 | 2.8205861029714637 × 10^287 |
| 62 | ov_062 | 7.728491455555496 × 10^286 |
| 63 | ov_063 | 1.504461780709258 × 10^286 |
| 64 | lv_79_m31 | 2.927979737728264 × 10^285 |
| 65 | ov_065 | 3.46763677872669 × 10^286 |
| 66 | ov_066 | 3.467625319453279 × 10^286 |
| 67 | ov_067 | 3.4676225146833352 × 10^286 |
| 68 | ov_068 | 2.988984808371267 × 10^286 |
| 69 | ov_069 | 2.563053116148854 × 10^286 |
| 70 | ov_070 | 2.185488329171045 × 10^286 |
| 71 | ov_071 | 1.852218444602277 × 10^286 |
| 72 | ov_072 | 1.55942047046347 × 10^286 |
| 73 | ov_073 | 1.3035039277927672 × 10^286 |
| 74 | ov_074 | 1.0810958664285372 × 10^286 |
| 75 | ov_075 | 8.890273137936627 × 10^285 |
| 76 | ov_076 | 7.24321078560643 × 10^285 |
| 77 | ov_077 | 5.841808330851735 × 10^285 |
| 78 | ov_078 | 4.65981400084473 × 10^285 |
| 79 | ov_079 | 3.6726017027328897 × 10^285 |
| 80 | ov_080 | 2.8570957861795674 × 10^285 |
| 81 | ov_081 | 2.1917056758409957 × 10^285 |
| 82 | ov_082 | 1.6562696628589314 × 10^285 |
| 83 | ov_083 | 1.2320071483478141 × 10^285 |
| 84 | ov_084 | 9.014786346617769 × 10^284 |
| 85 | ov_085 | 6.485527622075585 × 10^284 |
| 86 | ov_086 | 4.5837969093004096 × 10^284 |
| 87 | ov_087 | 3.1737012649493316 × 10^284 |
| 88 | ov_088 | 2.131792917544314 × 10^284 |
| 89 | ov_089 | 1.399442110945432 × 10^284 |
| 90 | ov_090 | 8.777734201402965 × 10^283 |
| 91 | ov_091 | 5.204020869747265 × 10^283 |
| 92 | ov_092 | 2.870285768714005 × 10^283 |
| 93 | ov_093 | 1.4342695433450002 × 10^283 |
| 94 | ov_094 | 6.143917290169566 × 10^282 |
| 95 | aaa_78_28 | 1.897274481088183 × 10^282 |
| 96 | aaa_78_29 | 5.827044819622383 × 10^281 |
| 97 | ov_097 | 3.8487376156547934 × 10^281 |
| 98 | ov_098 | 3.84862288469068 × 10^281 |
| 99 | ov_099 | 3.848586280236598 × 10^281 |
| 100 | ov_100 | 3.4636437760279246 × 10^281 |
| 101 | ov_101 | 3.1070194460286726 × 10^281 |
| 102 | ov_102 | 2.7771730694608247 × 10^281 |
| 103 | ov_103 | 2.4726767127789532 × 10^281 |
| 104 | ov_104 | 2.192199718072356 × 10^281 |
| 105 | ov_105 | 1.9344950972620044 × 10^281 |
| 106 | ov_106 | 1.698387260440906 × 10^281 |
| 107 | ov_107 | 1.4827610091424727 × 10^281 |
| 108 | ov_108 | 1.2865517272474044 × 10^281 |
| 109 | ov_109 | 1.1087367037309585 × 10^281 |
| 110 | ov_110 | 9.483275225759832 × 10^280 |
| 111 | ov_111 | 8.043634559968041 × 10^280 |
| 112 | ov_112 | 6.759057976942408 × 10^280 |
| 113 | ov_113 | 5.620330732472554 × 10^280 |
| 114 | ov_114 | 4.618370649918318 × 10^280 |
| 115 | ov_115 | 3.744195888872516 × 10^280 |
| 116 | ov_116 | 2.9888996096112984 × 10^280 |
| 117 | ov_117 | 2.343630242634326 × 10^280 |
| 118 | ov_118 | 1.799576073002645 × 10^280 |
| 119 | ov_119 | 1.3479536723138148 × 10^280 |
| 120 | ov_120 | 9.799992775967114 × 10^279 |
| 121 | ov_121 | 6.869622164802963 × 10^279 |
| 122 | ov_122 | 4.601000673982425 × 10^279 |
| 123 | ov_123 | 2.9067524361232374 × 10^279 |
| 124 | ov_124 | 1.699526898418567 × 10^279 |
| 125 | ov_125 | 8.919845595403972 × 10^278 |
| 126 | ov_126 | 3.9678969770240206 × 10^278 |
| 127 | aaa_77_28 | 1.266075808472742 × 10^278 |
| 128 | aaa_77_29 | 4.741087303589666 × 10^277 |
| 129 | ov_129 | 4.342198778614731 × 10^277 |
| 130 | ov_130 | 4.3421853718219015 × 10^277 |
| 131 | ov_131 | 4.3421821338255055 × 10^277 |
| 132 | ov_132 | 3.7525497257314625 × 10^277 |
| 133 | ov_133 | 3.2257797119347066 × 10^277 |
| 134 | ov_134 | 2.7570624509991255 × 10^277 |
| 135 | ov_135 | 2.341841891584285 × 10^277 |
| 136 | ov_136 | 1.9757973507403413 × 10^277 |
| 137 | ov_137 | 1.6548279241052454 × 10^277 |
| 138 | ov_138 | 1.3750392699597703 × 10^277 |
| 139 | ov_139 | 1.132732522053569 × 10^277 |
| 140 | ov_140 | 9.243950987378033 × 10^276 |
| 141 | ov_141 | 7.466931883102573 × 10^276 |
| 142 | ov_142 | 5.964657026659756 × 10^276 |
| 143 | ov_143 | 4.7071950340516203 × 10^276 |
| 144 | ov_144 | 3.6662571652240823 × 10^276 |
| 145 | ov_145 | 2.815169637175942 × 10^276 |
| 146 | ov_146 | 2.1288535024900465 × 10^276 |
| 147 | ov_147 | 1.583810611052798 × 10^276 |
| 148 | ov_148 | 1.1581142911155871 × 10^276 |
| 149 | ov_149 | 8.314035041087827 × 10^275 |
| 150 | ov_150 | 5.8487934577827604 × 10^275 |
| 151 | ov_151 | 4.013029326326878 × 10^275 |
| 152 | ov_152 | 2.6499400929875908 × 10^275 |
| 153 | ov_153 | 1.6850196124706934 × 10^275 |
| 154 | ov_154 | 9.926112606924773 × 10^274 |
| 155 | ov_155 | 5.137783934619735 × 10^274 |
| 156 | aaa_76_25 | 1.9736609033235415 × 10^274 |
| 157 | aaa_76_26 | 1.1391394446146929 × 10^274 |
| 158 | aaa_76_27 | 5.827586752174174 × 10^273 |
| 159 | aaa_76_28 | 2.2671903582433697 × 10^273 |
| 160 | aaa_76_29 | 6.889358805442815 × 10^272 |

### Output Bits Sorted by Complexity

| Rank | Output Bit | Complexity |
|:----:|:----------:|:----------:|
| 160 | aaa_76_29 | 6.889358805442815 × 10^272 |
| 159 | aaa_76_28 | 2.2671903582433697 × 10^273 |
| 158 | aaa_76_27 | 5.827586752174174 × 10^273 |
| 157 | aaa_76_26 | 1.1391394446146929 × 10^274 |
| 156 | aaa_76_25 | 1.9736609033235415 × 10^274 |
| 155 | ov_155 | 5.137783934619735 × 10^274 |
| 154 | ov_154 | 9.926112606924773 × 10^274 |
| 153 | ov_153 | 1.6850196124706934 × 10^275 |
| 152 | ov_152 | 2.6499400929875908 × 10^275 |
| 151 | ov_151 | 4.013029326326878 × 10^275 |
| 150 | ov_150 | 5.8487934577827604 × 10^275 |
| 149 | ov_149 | 8.314035041087827 × 10^275 |
| 148 | ov_148 | 1.1581142911155871 × 10^276 |
| 147 | ov_147 | 1.583810611052798 × 10^276 |
| 146 | ov_146 | 2.1288535024900465 × 10^276 |
| 145 | ov_145 | 2.815169637175942 × 10^276 |
| 144 | ov_144 | 3.6662571652240823 × 10^276 |
| 143 | ov_143 | 4.7071950340516203 × 10^276 |
| 142 | ov_142 | 5.964657026659756 × 10^276 |
| 141 | ov_141 | 7.466931883102573 × 10^276 |
| 140 | ov_140 | 9.243950987378033 × 10^276 |
| 139 | ov_139 | 1.132732522053569 × 10^277 |
| 138 | ov_138 | 1.3750392699597703 × 10^277 |
| 137 | ov_137 | 1.6548279241052454 × 10^277 |
| 136 | ov_136 | 1.9757973507403413 × 10^277 |
| 135 | ov_135 | 2.341841891584285 × 10^277 |
| 134 | ov_134 | 2.7570624509991255 × 10^277 |
| 133 | ov_133 | 3.2257797119347066 × 10^277 |
| 132 | ov_132 | 3.7525497257314625 × 10^277 |
| 131 | ov_131 | 4.3421821338255055 × 10^277 |
| 130 | ov_130 | 4.3421853718219015 × 10^277 |
| 129 | ov_129 | 4.342198778614731 × 10^277 |
| 128 | aaa_77_29 | 4.741087303589666 × 10^277 |
| 127 | aaa_77_28 | 1.266075808472742 × 10^278 |
| 126 | ov_126 | 3.9678969770240206 × 10^278 |
| 125 | ov_125 | 8.919845595403972 × 10^278 |
| 124 | ov_124 | 1.699526898418567 × 10^279 |
| 123 | ov_123 | 2.9067524361232374 × 10^279 |
| 122 | ov_122 | 4.601000673982425 × 10^279 |
| 121 | ov_121 | 6.869622164802963 × 10^279 |
| 120 | ov_120 | 9.799992775967114 × 10^279 |
| 119 | ov_119 | 1.3479536723138148 × 10^280 |
| 118 | ov_118 | 1.799576073002645 × 10^280 |
| 117 | ov_117 | 2.343630242634326 × 10^280 |
| 116 | ov_116 | 2.9888996096112984 × 10^280 |
| 115 | ov_115 | 3.744195888872516 × 10^280 |
| 114 | ov_114 | 4.618370649918318 × 10^280 |
| 113 | ov_113 | 5.620330732472554 × 10^280 |
| 112 | ov_112 | 6.759057976942408 × 10^280 |
| 111 | ov_111 | 8.043634559968041 × 10^280 |
| 110 | ov_110 | 9.483275225759832 × 10^280 |
| 109 | ov_109 | 1.1087367037309585 × 10^281 |
| 108 | ov_108 | 1.2865517272474044 × 10^281 |
| 107 | ov_107 | 1.4827610091424727 × 10^281 |
| 106 | ov_106 | 1.698387260440906 × 10^281 |
| 105 | ov_105 | 1.9344950972620044 × 10^281 |
| 104 | ov_104 | 2.192199718072356 × 10^281 |
| 103 | ov_103 | 2.4726767127789532 × 10^281 |
| 102 | ov_102 | 2.7771730694608247 × 10^281 |
| 101 | ov_101 | 3.1070194460286726 × 10^281 |
| 100 | ov_100 | 3.4636437760279246 × 10^281 |
| 99 | ov_099 | 3.848586280236598 × 10^281 |
| 98 | ov_098 | 3.84862288469068 × 10^281 |
| 97 | ov_097 | 3.8487376156547934 × 10^281 |
| 96 | aaa_78_29 | 5.827044819622383 × 10^281 |
| 95 | aaa_78_28 | 1.897274481088183 × 10^282 |
| 94 | ov_094 | 6.143917290169566 × 10^282 |
| 93 | ov_093 | 1.4342695433450002 × 10^283 |
| 92 | ov_092 | 2.870285768714005 × 10^283 |
| 91 | ov_091 | 5.204020869747265 × 10^283 |
| 90 | ov_090 | 8.777734201402965 × 10^283 |
| 89 | ov_089 | 1.399442110945432 × 10^284 |
| 88 | ov_088 | 2.131792917544314 × 10^284 |
| 87 | ov_087 | 3.1737012649493316 × 10^284 |
| 86 | ov_086 | 4.5837969093004096 × 10^284 |
| 85 | ov_085 | 6.485527622075585 × 10^284 |
| 84 | ov_084 | 9.014786346617769 × 10^284 |
| 83 | ov_083 | 1.2320071483478141 × 10^285 |
| 82 | ov_082 | 1.6562696628589314 × 10^285 |
| 81 | ov_081 | 2.1917056758409957 × 10^285 |
| 80 | ov_080 | 2.8570957861795674 × 10^285 |
| 64 | lv_79_m31 | 2.927979737728264 × 10^285 |
| 79 | ov_079 | 3.6726017027328897 × 10^285 |
| 78 | ov_078 | 4.65981400084473 × 10^285 |
| 77 | ov_077 | 5.841808330851735 × 10^285 |
| 76 | ov_076 | 7.24321078560643 × 10^285 |
| 75 | ov_075 | 8.890273137936627 × 10^285 |
| 74 | ov_074 | 1.0810958664285372 × 10^286 |
| 73 | ov_073 | 1.3035039277927672 × 10^286 |
| 63 | ov_063 | 1.504461780709258 × 10^286 |
| 72 | ov_072 | 1.55942047046347 × 10^286 |
| 71 | ov_071 | 1.852218444602277 × 10^286 |
| 70 | ov_070 | 2.185488329171045 × 10^286 |
| 69 | ov_069 | 2.563053116148854 × 10^286 |
| 68 | ov_068 | 2.988984808371267 × 10^286 |
| 67 | ov_067 | 3.4676225146833352 × 10^286 |
| 66 | ov_066 | 3.467625319453279 × 10^286 |
| 65 | ov_065 | 3.46763677872669 × 10^286 |
| 62 | ov_062 | 7.728491455555496 × 10^286 |
| 61 | ov_061 | 2.8205861029714637 × 10^287 |
| 60 | ov_060 | 8.084021360462943 × 10^287 |
| 59 | ov_059 | 1.9528913731911248 × 10^288 |
| 58 | ov_058 | 3.9671294752279967 × 10^288 |
| 57 | ov_057 | 7.173192764053914 × 10^288 |
| 56 | ov_056 | 1.1963633912159224 × 10^289 |
| 55 | ov_055 | 1.88014905733886 × 10^289 |
| 54 | ov_054 | 2.822030398144169 × 10^289 |
| 53 | ov_053 | 4.0824153966044087 × 10^289 |
| 52 | ov_052 | 5.78917990539332 × 10^289 |
| 51 | ov_051 | 8.084329229657039 × 10^289 |
| 50 | ov_050 | 1.112402250606306 × 10^290 |
| 49 | ov_049 | 1.5078608736019403 × 10^290 |
| 48 | ov_048 | 2.013267840467673 × 10^290 |
| 47 | ov_047 | 2.648513603288255 × 10^290 |
| 32 | lv_80_m31 | 3.2498884682271003 × 10^290 |
| 46 | ov_046 | 3.4349300085639313 × 10^290 |
| 45 | ov_045 | 4.395303804714755 × 10^290 |
| 44 | ov_044 | 5.55389465140093 × 10^290 |
| 43 | ov_043 | 6.9364587686019365 × 10^290 |
| 42 | ov_042 | 8.570279465185756 × 10^290 |
| 41 | ov_041 | 1.0484205890405961 × 10^291 |
| 40 | ov_040 | 1.2693880021655124 × 10^291 |
| 39 | ov_039 | 1.5215797214511618 × 10^291 |
| 31 | ov_031 | 1.6668941851015745 × 10^291 |
| 38 | ov_038 | 1.8083841278512085 × 10^291 |
| 37 | ov_037 | 2.1333729747019244 × 10^291 |
| 36 | ov_036 | 2.500311772402744 × 10^291 |
| 35 | ov_035 | 2.9131720367248235 × 10^291 |
| 34 | ov_034 | 3.3761456177917984 × 10^291 |
| 33 | ov_033 | 3.8936613408808806 × 10^291 |
| 30 | ov_030 | 8.548192196385733 × 10^291 |
| 29 | ov_029 | 2.7968740987012726 × 10^292 |
| 28 | ov_028 | 7.260400908353767 × 10^292 |
| 27 | ov_027 | 1.6230308340729533 × 10^293 |
| 26 | ov_026 | 3.246062030050046 × 10^293 |
| 25 | ov_025 | 5.947448485105844 × 10^293 |
| 24 | ov_024 | 1.0156420836128619 × 10^294 |
| 23 | ov_023 | 1.6808366170226042 × 10^294 |
| 22 | ov_022 | 2.6486390772581665 × 10^294 |
| 21 | ov_021 | 4.043370534715625 × 10^294 |
| 20 | ov_020 | 6.004760065961158 × 10^294 |
| 19 | ov_019 | 8.687966350564661 × 10^294 |
| 18 | ov_018 | 1.2263610514058533 × 10^295 |
| 17 | ov_017 | 1.6917823639508704 × 10^295 |
| 16 | ov_016 | 2.2852312934180842 × 10^295 |
| 15 | ov_015 | 3.0284451706085084 × 10^295 |
| 14 | ov_014 | 3.9447400752643025 × 10^295 |
| 13 | ov_013 | 5.05902714237278 × 10^295 |
| 12 | ov_012 | 6.397834228641494 × 10^295 |
| 11 | ov_011 | 7.989334245281317 × 10^295 |
| 10 | ov_010 | 9.863381576997503 × 10^295 |
| 9 | ov_009 | 1.2051558121360337 × 10^296 |
| 8 | ov_008 | 1.4587230597702605 × 10^296 |
| 7 | ov_007 | 1.750562089062466 × 10^296 |
| 6 | ov_006 | 2.0843891310402973 × 10^296 |
| 5 | ov_005 | 2.4641246771503855 × 10^296 |
| 4 | ov_004 | 2.893905601150243 × 10^296 |
| 3 | ov_003 | 3.3780993948390496 × 10^296 |
| 2 | ov_002 | 3.921320694882335 × 10^296 |
| 1 | ov_001 | 4.528450259878682 × 10^296 |

