# Results for F001-F002-F003-F004-F005-F006-F007-F008-F009-F010-F011-F012-F013-F014-F015-F016-F017-F018-F019-F020-F021-F022-F023-F024-F025-F026-F027-F028-F029-F030-F031-F032-F033-F034-F035-F036-F037-F038-F039-F040-F041-F042-F043-F044-F045-F046-F047-F048-F049-F050-F051-F052-F053-F054-F055-F056-F057-F058-F059-F060-F061-F062-F063-F064-F065-F066-F067-F068-F069-F070-F071-F072-F073-F074-F075-F076-F077-F078-F079-F080-F081-F082-F083-F084-F085-F086-F087-F088-F089-F090-F091-F092-F093-F094-F095-F096-F097-F098-F099-F100-F101-F102-F103-F104-F105-F106-F107-F108-F109-F110-F111-F112-F113-F114-F115-F116-F117-F118-F119-F120-F121-F122-F123-F124-F125-F126-F127-F128-F129-F130-F131-F132-F133-F134-F135-F136-F137-F138-F139-F140-F141-F142-F143-F144-F145-F146-F147-F148-F149-F150-F151-F152-F153-F154-F155-F156-F157-F158-F159-F160-F161-F162-F163-F164-F165-F166-F167-F168-F169-F170-F171-F172-F173-F174-F175-F176-F177-F178-F179-F180-F181-F182-F183-F184-F185-F186-F187-F188-F189-F190-F191-F192-F193-F194-F195-F196-F197-F198-F199-F200-F201-F202-F203-F204-F205-F206-F207-F208-F209-F210-F211-F212-F213-F214-F215-F216-F217-F218-F219-F220-F221-F222-F223-F224-F225-F226-F227-F228-F229-F230-F231-F232-F233-F234-F235-F236-F237-F238-F239-F240-F241-F242-F243-F244-F245-F246-F247-F248-F249-F250-F251-F252-F253-F254-F255-F256-F257-F258-F259-F260-F261-F262-F263-F264-F265-F266-F267-F268-F269-F270-F271-F272-F273-F274-F275-F276-F277-F278-F279-F280-F281-F282-F283-F284-F285-F286-F287-F288-F289-F290-F291-F292-F293-F294-F295-F296-F297-F298-F299-F300-F301-F302-F303-F304-F305-F306-F307-F308-F309-F310-F311-F312-F313-F314-F315-F316-F317-F318-F319-F320-F321-F322-F323-F324-F325-F326-F327-F328-F329-F330-F331-F332-F333-F334-F335-F336-F337-F338-F339-F340-F341-F342-F343-F344-F345-F346-F347-F348-F349-F350-F351-F352-F353-F354-F355-F356-F357-F358-F359-F360-F361-F362-F363-F364-F365-F366-F367-F368-F369-F370-F371-F372-F373-F374-F375-F376-F377-F378-F379-F380-F381-F382-F383-F384-F385-F386-F387-F388-F389-F390-F391-F392-F393-F394-F395-F396-F397-F398-F399-F400-F401-F402-F403-F404-F405-F406-F407-F408-F409-F410-F411-F412-F413-F414-F415-F416-F417-F418-F419-F420-F421-F422-F423-F424-F425-F426-F427-F428-F429-F430-F431-F432-F433-F434-F435-F436-F437-F438-F439-F440-F441-F442-F443-F444-F445-F446-F447-F448-F449-F450-F451-F452-F453-F454-F455-F456-F457-F458-F459-F460-F461-F462-F463-F464-F465-F466-F467-F468-F469-F470-F471-F472-F473-F474-F475-F476-F477-F478-F479-F480-F481-F482-F483-F484-F485-F486-F487-F488-F489-F490-F491-F492-F493-F494-F495-F496-F497-F498-F499-F500-F501-T512

## Summary

Number of input bits: 512  
Number of free input bits: 10  
Number of output bits: 160

Number of direct occurrences: 41794  
Number of assignments: 31609  
Number of operations: 12396636
(xor: 12365476,
and: 17888,
or: 13272)

Total complexity: 2.7922299328407796 × 10^308

Least occurring input variable: iv_504 (4073)  
Most occurring input variable: iv_507 (4261)

Most co-occurring input variables: iv_507-iv_509 (2092)  
Least co-occurring input variables: iv_503-iv_504 (1888)

Potentially most occurring input variable: iv_505/iv_507 (4570)  
Potentially least occurring input variable: iv_505/iv_508 (4237)

Least output occurring input variable: iv_507 (65)  
Most output occurring input variable: iv_508 (90)

Most output co-occurring input variables: iv_505-iv_508 (50)  
Least output co-occurring input variables: iv_504-iv_507 (27)

Potentially most output occurring input variable: iv_509/iv_510 (102)  
Potentially least output occurring input variable: iv_502/iv_504 (64)

Least complex input bit: iv_502 (2.886949310262812 × 10^306)  
Most complex input bit: iv_510 (7.750640989465193 × 10^307)

Least complex output bit: aaa_76_29 (4.6416056769857157 × 10^282)  
Most complex output bit: ov_001 (4.3848395228895666 × 10^307)

Least complex input/output complexity: iv_502/aaa_76_29 (4.7990604749562235 × 10^280)  
Most complex input/output complexity: iv_510/ov_001 (1.2171389088920268 × 10^307)

## Input Bits

### Input Bits in Regular Order

| Input Bit | Complexity | Occurrences | Output Occurrences |
|:---------:|:----------:|:-----------:|:------------------:|
| iv_502 | 2.886949310262812 × 10^306 | 4166 | 75 |
| iv_503 | 5.07326080963998 × 10^306 | 4138 | 75 |
| iv_504 | 8.333004111323828 × 10^306 | 4073 | 69 |
| iv_505 | 1.3097033855309592 × 10^307 | 4143 | 84 |
| iv_506 | 1.992539382074233 × 10^307 | 4189 | 77 |
| iv_507 | 2.955845739977613 × 10^307 | 4261 | 65 |
| iv_508 | 4.2207396612686826 × 10^307 | 4250 | 90 |
| iv_509 | 5.811827991123532 × 10^307 | 4260 | 81 |
| iv_510 | 7.750640989465193 × 10^307 | 4209 | 87 |
| iv_511 | 2.2516807558449537 × 10^307 | 4105 | 76 |

### Input Bits Sorted by Complexity

| Input Bit | Complexity | Occurrences | Output Occurrences |
|:---------:|:----------:|:-----------:|:------------------:|
| iv_502 | 2.886949310262812 × 10^306 | 4166 | 75 |
| iv_503 | 5.07326080963998 × 10^306 | 4138 | 75 |
| iv_504 | 8.333004111323828 × 10^306 | 4073 | 69 |
| iv_505 | 1.3097033855309592 × 10^307 | 4143 | 84 |
| iv_506 | 1.992539382074233 × 10^307 | 4189 | 77 |
| iv_511 | 2.2516807558449537 × 10^307 | 4105 | 76 |
| iv_507 | 2.955845739977613 × 10^307 | 4261 | 65 |
| iv_508 | 4.2207396612686826 × 10^307 | 4250 | 90 |
| iv_509 | 5.811827991123532 × 10^307 | 4260 | 81 |
| iv_510 | 7.750640989465193 × 10^307 | 4209 | 87 |

### Input Bits Sorted by Occurrences

| Input Bit | Complexity | Occurrences | Output Occurrences |
|:---------:|:----------:|:-----------:|:------------------:|
| iv_504 | 8.333004111323828 × 10^306 | 4073 | 69 |
| iv_511 | 2.2516807558449537 × 10^307 | 4105 | 76 |
| iv_503 | 5.07326080963998 × 10^306 | 4138 | 75 |
| iv_505 | 1.3097033855309592 × 10^307 | 4143 | 84 |
| iv_502 | 2.886949310262812 × 10^306 | 4166 | 75 |
| iv_506 | 1.992539382074233 × 10^307 | 4189 | 77 |
| iv_510 | 7.750640989465193 × 10^307 | 4209 | 87 |
| iv_508 | 4.2207396612686826 × 10^307 | 4250 | 90 |
| iv_509 | 5.811827991123532 × 10^307 | 4260 | 81 |
| iv_507 | 2.955845739977613 × 10^307 | 4261 | 65 |

### Input Bits Sorted by Output Occurrences

| Input Bit | Complexity | Occurrences | Output Occurrences |
|:---------:|:----------:|:-----------:|:------------------:|
| iv_507 | 2.955845739977613 × 10^307 | 4261 | 65 |
| iv_504 | 8.333004111323828 × 10^306 | 4073 | 69 |
| iv_502 | 2.886949310262812 × 10^306 | 4166 | 75 |
| iv_503 | 5.07326080963998 × 10^306 | 4138 | 75 |
| iv_511 | 2.2516807558449537 × 10^307 | 4105 | 76 |
| iv_506 | 1.992539382074233 × 10^307 | 4189 | 77 |
| iv_509 | 5.811827991123532 × 10^307 | 4260 | 81 |
| iv_505 | 1.3097033855309592 × 10^307 | 4143 | 84 |
| iv_510 | 7.750640989465193 × 10^307 | 4209 | 87 |
| iv_508 | 4.2207396612686826 × 10^307 | 4250 | 90 |

## Input Bit Co-occurrences

### Input Bit Co-occurrences Sorted by Co-occurrences

| Input Bits | Co-occurrences | Potential Occurrences | Output Co-occurrences | Potential Output Occurrences |
|:----------:|:--------------:|:---------------------:|:---------------------:|:----------------------------:|
| iv_507-iv_509 | 2092 | 4337 | 32 | 82 |
| iv_505-iv_508 | 2078 | 4237 | 50 | 74 |
| iv_506-iv_508 | 2066 | 4307 | 42 | 83 |
| iv_507-iv_508 | 2057 | 4397 | 33 | 89 |
| iv_506-iv_509 | 2057 | 4335 | 41 | 76 |
| iv_506-iv_507 | 2056 | 4338 | 30 | 82 |
| iv_502-iv_507 | 2051 | 4325 | 36 | 68 |
| iv_507-iv_510 | 2049 | 4372 | 40 | 72 |
| iv_502-iv_508 | 2032 | 4352 | 46 | 73 |
| iv_503-iv_509 | 2030 | 4338 | 32 | 92 |

### Input Bit Co-occurrences Sorted by Potential Occurrences

| Input Bits | Co-occurrences | Potential Occurrences | Output Co-occurrences | Potential Output Occurrences |
|:----------:|:--------------:|:---------------------:|:---------------------:|:----------------------------:|
| iv_505-iv_508 | 2078 | 4237 | 50 | 74 |
| iv_504-iv_506 | 1995 | 4272 | 34 | 78 |
| iv_502-iv_504 | 1983 | 4273 | 40 | 64 |
| iv_504-iv_510 | 2000 | 4282 | 41 | 74 |
| iv_506-iv_508 | 2066 | 4307 | 42 | 83 |
| iv_502-iv_505 | 1997 | 4315 | 43 | 73 |
| iv_503-iv_505 | 1982 | 4317 | 43 | 73 |
| iv_505-iv_506 | 2004 | 4324 | 41 | 79 |
| iv_502-iv_507 | 2051 | 4325 | 36 | 68 |
| iv_505-iv_511 | 1958 | 4332 | 43 | 74 |

### Input Bit Output Co-occurrences Sorted by Output Co-occurrences

| Input Bits | Co-occurrences | Potential Occurrences | Output Co-occurrences | Potential Output Occurrences |
|:----------:|:--------------:|:---------------------:|:---------------------:|:----------------------------:|
| iv_505-iv_508 | 2078 | 4237 | 50 | 74 |
| iv_508-iv_511 | 1970 | 4415 | 49 | 68 |
| iv_508-iv_510 | 1964 | 4531 | 47 | 83 |
| iv_502-iv_508 | 2032 | 4352 | 46 | 73 |
| iv_503-iv_510 | 1925 | 4497 | 44 | 74 |
| iv_510-iv_511 | 1975 | 4364 | 44 | 75 |
| iv_508-iv_509 | 2001 | 4508 | 44 | 83 |
| iv_502-iv_505 | 1997 | 4315 | 43 | 73 |
| iv_503-iv_505 | 1982 | 4317 | 43 | 73 |
| iv_505-iv_510 | 1967 | 4418 | 43 | 85 |

### Input Bit Output Co-occurrences Sorted by Potential Output Occurrences

| Input Bits | Co-occurrences | Potential Occurrences | Output Co-occurrences | Potential Output Occurrences |
|:----------:|:--------------:|:---------------------:|:---------------------:|:----------------------------:|
| iv_502-iv_504 | 1983 | 4273 | 40 | 64 |
| iv_508-iv_511 | 1970 | 4415 | 49 | 68 |
| iv_502-iv_507 | 2051 | 4325 | 36 | 68 |
| iv_502-iv_511 | 1955 | 4361 | 41 | 69 |
| iv_504-iv_511 | 1899 | 4380 | 38 | 69 |
| iv_503-iv_504 | 1888 | 4435 | 36 | 72 |
| iv_503-iv_506 | 1943 | 4441 | 40 | 72 |
| iv_507-iv_510 | 2049 | 4372 | 40 | 72 |
| iv_502-iv_505 | 1997 | 4315 | 43 | 73 |
| iv_503-iv_505 | 1982 | 4317 | 43 | 73 |

## Output Bits

### Output Bits in Regular Order

| Rank | Output Bit | Complexity |
|:----:|:----------:|:----------:|
| 1 | ov_001 | 4.3848395228895666 × 10^307 |
| 2 | ov_002 | 3.8184025663355866 × 10^307 |
| 3 | ov_003 | 3.306404947299319 × 10^307 |
| 4 | ov_004 | 2.8465998507591683 × 10^307 |
| 5 | ov_005 | 2.436862913790165 × 10^307 |
| 6 | ov_006 | 2.0732784314080256 × 10^307 |
| 7 | ov_007 | 1.7521357581670906 × 10^307 |
| 8 | ov_008 | 1.4699168757755094 × 10^307 |
| 9 | ov_009 | 1.2232856896392255 × 10^307 |
| 10 | ov_010 | 1.0090788829407811 × 10^307 |
| 11 | ov_011 | 8.242982057648466 × 10^306 |
| 12 | ov_012 | 6.661040968284901 × 10^306 |
| 13 | ov_013 | 5.3181053109276425 × 10^306 |
| 14 | ov_014 | 4.188809623674081 × 10^306 |
| 15 | ov_015 | 3.2492520790557696 × 10^306 |
| 16 | ov_016 | 2.4769712241978824 × 10^306 |
| 17 | ov_017 | 1.8509292027640835 × 10^306 |
| 18 | ov_018 | 1.3515001590555938 × 10^306 |
| 19 | ov_019 | 9.604626371378671 × 10^305 |
| 20 | ov_020 | 6.609949002032344 × 10^305 |
| 21 | ov_021 | 4.376722076199472 × 10^305 |
| 22 | ov_022 | 2.764652384374929 × 10^305 |
| 23 | ov_023 | 1.6473910477301802 × 10^305 |
| 24 | ov_024 | 9.125268934460125 × 10^304 |
| 25 | ov_025 | 4.6158211945334134 × 10^304 |
| 26 | ov_026 | 2.1000969250655836 × 10^304 |
| 27 | ov_027 | 8.719195124797987 × 10^303 |
| 28 | ov_028 | 3.643995781671684 × 10^303 |
| 29 | ov_029 | 1.4993250035770136 × 10^303 |
| 30 | ov_030 | 4.9537007861013096 × 10^302 |
| 31 | ov_031 | 1.197672721138965 × 10^302 |
| 32 | lv_80_k31 | 2.8947786624166706 × 10^301 |
| 33 | ov_033 | 3.451371946919925 × 10^302 |
| 34 | ov_034 | 2.978147803419396 × 10^302 |
| 35 | ov_035 | 2.557267818595867 × 10^302 |
| 36 | ov_036 | 2.1843025633753994 × 10^302 |
| 37 | ov_037 | 1.8550634410328925 × 10^302 |
| 38 | ov_038 | 1.5655855747663193 × 10^302 |
| 39 | ov_039 | 1.3121129656485237 × 10^302 |
| 40 | ov_040 | 1.0910857106687675 × 10^302 |
| 41 | ov_041 | 8.991290816787853 × 10^301 |
| 42 | ov_042 | 7.330442767736587 × 10^301 |
| 43 | ov_043 | 5.898006660402633 × 10^301 |
| 44 | ov_044 | 4.665293637592509 × 10^301 |
| 45 | ov_045 | 3.61835637457601 × 10^301 |
| 46 | ov_046 | 2.744018187830458 × 10^301 |
| 47 | ov_047 | 2.029854212105256 × 10^301 |
| 48 | ov_048 | 1.4641766529917555 × 10^301 |
| 49 | ov_049 | 1.0257788488911916 × 10^301 |
| 50 | ov_050 | 6.948828265356576 × 10^300 |
| 51 | ov_051 | 4.531290797699001 × 10^300 |
| 52 | ov_052 | 2.8356967997198487 × 10^300 |
| 53 | ov_053 | 1.7066390568565746 × 10^300 |
| 54 | ov_054 | 1.0027567379964604 × 10^300 |
| 55 | ov_055 | 5.967214933113557 × 10^299 |
| 56 | ov_056 | 3.7523026748279067 × 10^299 |
| 57 | ov_057 | 2.390014333556486 × 10^299 |
| 58 | ov_058 | 1.4189918348559304 × 10^299 |
| 59 | ov_059 | 7.6914682443449 × 10^298 |
| 60 | ov_060 | 3.7039253111122097 × 10^298 |
| 61 | ov_061 | 1.526426872720593 × 10^298 |
| 62 | ov_062 | 5.0510481601373975 × 10^297 |
| 63 | ov_063 | 1.2232242890624322 × 10^297 |
| 64 | lv_79_k31 | 2.9613037867667296 × 10^296 |
| 65 | ov_065 | 3.5252548087990974 × 10^297 |
| 66 | ov_066 | 3.525247006663277 × 10^297 |
| 67 | ov_067 | 3.5252445155994746 × 10^297 |
| 68 | ov_068 | 3.0553116934861936 × 10^297 |
| 69 | ov_069 | 2.6328658314716747 × 10^297 |
| 70 | ov_070 | 2.2559899979881527 × 10^297 |
| 71 | ov_071 | 1.921156845074739 × 10^297 |
| 72 | ov_072 | 1.6250264663565975 × 10^297 |
| 73 | ov_073 | 1.3644339799971627 × 10^297 |
| 74 | ov_074 | 1.1363788581698991 × 10^297 |
| 75 | ov_075 | 9.380158329228606 × 10^296 |
| 76 | ov_076 | 7.666472174002178 × 10^296 |
| 77 | ov_077 | 6.197164901791988 × 10^296 |
| 78 | ov_078 | 4.948029990356917 × 10^296 |
| 79 | ov_079 | 3.896176488166423 × 10^296 |
| 80 | ov_080 | 3.0199944631462696 × 10^296 |
| 81 | ov_081 | 2.2991278314522015 × 10^296 |
| 82 | ov_082 | 1.7144534565051216 × 10^296 |
| 83 | ov_083 | 1.2480654881623659 × 10^296 |
| 84 | ov_084 | 8.832639911425873 × 10^295 |
| 85 | ov_085 | 6.045469908090601 × 10^295 |
| 86 | ov_086 | 3.9760514325037577 × 10^295 |
| 87 | ov_087 | 2.493183153462539 × 10^295 |
| 88 | ov_088 | 1.477534392096161 × 10^295 |
| 89 | ov_089 | 8.216312910838206 × 10^294 |
| 90 | ov_090 | 4.2984752903986747 × 10^294 |
| 91 | ov_091 | 2.1839824475354513 × 10^294 |
| 92 | ov_092 | 1.1533639126082846 × 10^294 |
| 93 | ov_093 | 6.055075275824785 × 10^293 |
| 94 | ov_094 | 2.694456335836588 × 10^293 |
| 95 | aaa_78_28 | 8.600564067283102 × 10^292 |
| 96 | aaa_78_29 | 3.2223937046107553 × 10^292 |
| 97 | ov_097 | 2.9547277880863504 × 10^292 |
| 98 | ov_098 | 2.9547148034420423 × 10^292 |
| 99 | ov_099 | 2.9547106562236355 × 10^292 |
| 100 | ov_100 | 2.55622784641587 × 10^292 |
| 101 | ov_101 | 2.1997076008542221 × 10^292 |
| 102 | ov_102 | 1.8819562858787404 × 10^292 |
| 103 | ov_103 | 1.5999554644274998 × 10^292 |
| 104 | ov_104 | 1.3508490841351152 × 10^292 |
| 105 | ov_105 | 1.1319323313692666 × 10^292 |
| 106 | ov_106 | 9.406419993940095 × 10^291 |
| 107 | ov_107 | 7.745482269727151 × 10^291 |
| 108 | ov_108 | 6.313474715114942 × 10^291 |
| 109 | ov_109 | 5.0885658835478404 × 10^291 |
| 110 | ov_110 | 4.050078951300705 × 10^291 |
| 111 | ov_111 | 3.178451071431258 × 10^291 |
| 112 | ov_112 | 2.455200367872185 × 10^291 |
| 113 | ov_113 | 1.8628995678246302 × 10^291 |
| 114 | ov_114 | 1.3851553383210564 × 10^291 |
| 115 | ov_115 | 1.0065924599331192 × 10^291 |
| 116 | ov_116 | 7.128420372883166 × 10^290 |
| 117 | ov_117 | 4.905330124672016 × 10^290 |
| 118 | ov_118 | 3.27286313584882 × 10^290 |
| 119 | ov_119 | 2.1171103698988966 × 10^290 |
| 120 | ov_120 | 1.3340212758800822 × 10^290 |
| 121 | ov_121 | 8.293908784585115 × 10^289 |
| 122 | ov_122 | 5.188531206290813 × 10^289 |
| 123 | ov_123 | 3.278773832104827 × 10^289 |
| 124 | ov_124 | 1.917664941784144 × 10^289 |
| 125 | ov_125 | 1.006886845224251 × 10^289 |
| 126 | ov_126 | 4.481241270192069 × 10^288 |
| 127 | aaa_77_28 | 1.43062098443733 × 10^288 |
| 128 | aaa_77_29 | 5.361477884330308 × 10^287 |
| 129 | ov_129 | 4.9398211612998254 × 10^287 |
| 130 | ov_130 | 4.939809869375132 × 10^287 |
| 131 | ov_131 | 4.939806241768071 × 10^287 |
| 132 | ov_132 | 4.278431885513251 × 10^287 |
| 133 | ov_133 | 3.686369338980917 × 10^287 |
| 134 | ov_134 | 3.158326246134106 × 10^287 |
| 135 | ov_135 | 2.689305496851374 × 10^287 |
| 136 | ov_136 | 2.2745836560963754 × 10^287 |
| 137 | ov_137 | 1.909692130888312 × 10^287 |
| 138 | ov_138 | 1.5904008826167766 × 10^287 |
| 139 | ov_139 | 1.3127044567336548 × 10^287 |
| 140 | ov_140 | 1.0728100989153325 × 10^287 |
| 141 | ov_141 | 8.671277395405854 × 10^286 |
| 142 | ov_142 | 6.922616407671015 × 10^286 |
| 143 | ov_143 | 5.450035126819971 × 10^286 |
| 144 | ov_144 | 4.223269170071626 × 10^286 |
| 145 | ov_145 | 3.21382788707068 × 10^286 |
| 146 | ov_146 | 2.394959176141343 × 10^286 |
| 147 | ov_147 | 1.7416224388600357 × 10^286 |
| 148 | ov_148 | 1.2304683276363483 × 10^286 |
| 149 | ov_149 | 8.398240572615884 × 10^285 |
| 150 | ov_150 | 5.496831674926251 × 10^285 |
| 151 | ov_151 | 3.416987397561586 × 10^285 |
| 152 | ov_152 | 1.9917918702547698 × 10^285 |
| 153 | ov_153 | 1.0708585186067107 × 10^285 |
| 154 | ov_154 | 5.2031763526739066 × 10^284 |
| 155 | ov_155 | 1.6322475531773651 × 10^284 |
| 156 | aaa_76_25 | 7.748596735102765 × 10^283 |
| 157 | aaa_76_26 | 4.769313596501112 × 10^283 |
| 158 | aaa_76_27 | 2.615306221050398 × 10^283 |
| 159 | aaa_76_28 | 1.2326209140172057 × 10^283 |
| 160 | aaa_76_29 | 4.6416056769857157 × 10^282 |

### Output Bits Sorted by Complexity

| Rank | Output Bit | Complexity |
|:----:|:----------:|:----------:|
| 160 | aaa_76_29 | 4.6416056769857157 × 10^282 |
| 159 | aaa_76_28 | 1.2326209140172057 × 10^283 |
| 158 | aaa_76_27 | 2.615306221050398 × 10^283 |
| 157 | aaa_76_26 | 4.769313596501112 × 10^283 |
| 156 | aaa_76_25 | 7.748596735102765 × 10^283 |
| 155 | ov_155 | 1.6322475531773651 × 10^284 |
| 154 | ov_154 | 5.2031763526739066 × 10^284 |
| 153 | ov_153 | 1.0708585186067107 × 10^285 |
| 152 | ov_152 | 1.9917918702547698 × 10^285 |
| 151 | ov_151 | 3.416987397561586 × 10^285 |
| 150 | ov_150 | 5.496831674926251 × 10^285 |
| 149 | ov_149 | 8.398240572615884 × 10^285 |
| 148 | ov_148 | 1.2304683276363483 × 10^286 |
| 147 | ov_147 | 1.7416224388600357 × 10^286 |
| 146 | ov_146 | 2.394959176141343 × 10^286 |
| 145 | ov_145 | 3.21382788707068 × 10^286 |
| 144 | ov_144 | 4.223269170071626 × 10^286 |
| 143 | ov_143 | 5.450035126819971 × 10^286 |
| 142 | ov_142 | 6.922616407671015 × 10^286 |
| 141 | ov_141 | 8.671277395405854 × 10^286 |
| 140 | ov_140 | 1.0728100989153325 × 10^287 |
| 139 | ov_139 | 1.3127044567336548 × 10^287 |
| 138 | ov_138 | 1.5904008826167766 × 10^287 |
| 137 | ov_137 | 1.909692130888312 × 10^287 |
| 136 | ov_136 | 2.2745836560963754 × 10^287 |
| 135 | ov_135 | 2.689305496851374 × 10^287 |
| 134 | ov_134 | 3.158326246134106 × 10^287 |
| 133 | ov_133 | 3.686369338980917 × 10^287 |
| 132 | ov_132 | 4.278431885513251 × 10^287 |
| 131 | ov_131 | 4.939806241768071 × 10^287 |
| 130 | ov_130 | 4.939809869375132 × 10^287 |
| 129 | ov_129 | 4.9398211612998254 × 10^287 |
| 128 | aaa_77_29 | 5.361477884330308 × 10^287 |
| 127 | aaa_77_28 | 1.43062098443733 × 10^288 |
| 126 | ov_126 | 4.481241270192069 × 10^288 |
| 125 | ov_125 | 1.006886845224251 × 10^289 |
| 124 | ov_124 | 1.917664941784144 × 10^289 |
| 123 | ov_123 | 3.278773832104827 × 10^289 |
| 122 | ov_122 | 5.188531206290813 × 10^289 |
| 121 | ov_121 | 8.293908784585115 × 10^289 |
| 120 | ov_120 | 1.3340212758800822 × 10^290 |
| 119 | ov_119 | 2.1171103698988966 × 10^290 |
| 118 | ov_118 | 3.27286313584882 × 10^290 |
| 117 | ov_117 | 4.905330124672016 × 10^290 |
| 116 | ov_116 | 7.128420372883166 × 10^290 |
| 115 | ov_115 | 1.0065924599331192 × 10^291 |
| 114 | ov_114 | 1.3851553383210564 × 10^291 |
| 113 | ov_113 | 1.8628995678246302 × 10^291 |
| 112 | ov_112 | 2.455200367872185 × 10^291 |
| 111 | ov_111 | 3.178451071431258 × 10^291 |
| 110 | ov_110 | 4.050078951300705 × 10^291 |
| 109 | ov_109 | 5.0885658835478404 × 10^291 |
| 108 | ov_108 | 6.313474715114942 × 10^291 |
| 107 | ov_107 | 7.745482269727151 × 10^291 |
| 106 | ov_106 | 9.406419993940095 × 10^291 |
| 105 | ov_105 | 1.1319323313692666 × 10^292 |
| 104 | ov_104 | 1.3508490841351152 × 10^292 |
| 103 | ov_103 | 1.5999554644274998 × 10^292 |
| 102 | ov_102 | 1.8819562858787404 × 10^292 |
| 101 | ov_101 | 2.1997076008542221 × 10^292 |
| 100 | ov_100 | 2.55622784641587 × 10^292 |
| 99 | ov_099 | 2.9547106562236355 × 10^292 |
| 98 | ov_098 | 2.9547148034420423 × 10^292 |
| 97 | ov_097 | 2.9547277880863504 × 10^292 |
| 96 | aaa_78_29 | 3.2223937046107553 × 10^292 |
| 95 | aaa_78_28 | 8.600564067283102 × 10^292 |
| 94 | ov_094 | 2.694456335836588 × 10^293 |
| 93 | ov_093 | 6.055075275824785 × 10^293 |
| 92 | ov_092 | 1.1533639126082846 × 10^294 |
| 91 | ov_091 | 2.1839824475354513 × 10^294 |
| 90 | ov_090 | 4.2984752903986747 × 10^294 |
| 89 | ov_089 | 8.216312910838206 × 10^294 |
| 88 | ov_088 | 1.477534392096161 × 10^295 |
| 87 | ov_087 | 2.493183153462539 × 10^295 |
| 86 | ov_086 | 3.9760514325037577 × 10^295 |
| 85 | ov_085 | 6.045469908090601 × 10^295 |
| 84 | ov_084 | 8.832639911425873 × 10^295 |
| 83 | ov_083 | 1.2480654881623659 × 10^296 |
| 82 | ov_082 | 1.7144534565051216 × 10^296 |
| 81 | ov_081 | 2.2991278314522015 × 10^296 |
| 64 | lv_79_k31 | 2.9613037867667296 × 10^296 |
| 80 | ov_080 | 3.0199944631462696 × 10^296 |
| 79 | ov_079 | 3.896176488166423 × 10^296 |
| 78 | ov_078 | 4.948029990356917 × 10^296 |
| 77 | ov_077 | 6.197164901791988 × 10^296 |
| 76 | ov_076 | 7.666472174002178 × 10^296 |
| 75 | ov_075 | 9.380158329228606 × 10^296 |
| 74 | ov_074 | 1.1363788581698991 × 10^297 |
| 63 | ov_063 | 1.2232242890624322 × 10^297 |
| 73 | ov_073 | 1.3644339799971627 × 10^297 |
| 72 | ov_072 | 1.6250264663565975 × 10^297 |
| 71 | ov_071 | 1.921156845074739 × 10^297 |
| 70 | ov_070 | 2.2559899979881527 × 10^297 |
| 69 | ov_069 | 2.6328658314716747 × 10^297 |
| 68 | ov_068 | 3.0553116934861936 × 10^297 |
| 67 | ov_067 | 3.5252445155994746 × 10^297 |
| 66 | ov_066 | 3.525247006663277 × 10^297 |
| 65 | ov_065 | 3.5252548087990974 × 10^297 |
| 62 | ov_062 | 5.0510481601373975 × 10^297 |
| 61 | ov_061 | 1.526426872720593 × 10^298 |
| 60 | ov_060 | 3.7039253111122097 × 10^298 |
| 59 | ov_059 | 7.6914682443449 × 10^298 |
| 58 | ov_058 | 1.4189918348559304 × 10^299 |
| 57 | ov_057 | 2.390014333556486 × 10^299 |
| 56 | ov_056 | 3.7523026748279067 × 10^299 |
| 55 | ov_055 | 5.967214933113557 × 10^299 |
| 54 | ov_054 | 1.0027567379964604 × 10^300 |
| 53 | ov_053 | 1.7066390568565746 × 10^300 |
| 52 | ov_052 | 2.8356967997198487 × 10^300 |
| 51 | ov_051 | 4.531290797699001 × 10^300 |
| 50 | ov_050 | 6.948828265356576 × 10^300 |
| 49 | ov_049 | 1.0257788488911916 × 10^301 |
| 48 | ov_048 | 1.4641766529917555 × 10^301 |
| 47 | ov_047 | 2.029854212105256 × 10^301 |
| 46 | ov_046 | 2.744018187830458 × 10^301 |
| 32 | lv_80_k31 | 2.8947786624166706 × 10^301 |
| 45 | ov_045 | 3.61835637457601 × 10^301 |
| 44 | ov_044 | 4.665293637592509 × 10^301 |
| 43 | ov_043 | 5.898006660402633 × 10^301 |
| 42 | ov_042 | 7.330442767736587 × 10^301 |
| 41 | ov_041 | 8.991290816787853 × 10^301 |
| 40 | ov_040 | 1.0910857106687675 × 10^302 |
| 31 | ov_031 | 1.197672721138965 × 10^302 |
| 39 | ov_039 | 1.3121129656485237 × 10^302 |
| 38 | ov_038 | 1.5655855747663193 × 10^302 |
| 37 | ov_037 | 1.8550634410328925 × 10^302 |
| 36 | ov_036 | 2.1843025633753994 × 10^302 |
| 35 | ov_035 | 2.557267818595867 × 10^302 |
| 34 | ov_034 | 2.978147803419396 × 10^302 |
| 33 | ov_033 | 3.451371946919925 × 10^302 |
| 30 | ov_030 | 4.9537007861013096 × 10^302 |
| 29 | ov_029 | 1.4993250035770136 × 10^303 |
| 28 | ov_028 | 3.643995781671684 × 10^303 |
| 27 | ov_027 | 8.719195124797987 × 10^303 |
| 26 | ov_026 | 2.1000969250655836 × 10^304 |
| 25 | ov_025 | 4.6158211945334134 × 10^304 |
| 24 | ov_024 | 9.125268934460125 × 10^304 |
| 23 | ov_023 | 1.6473910477301802 × 10^305 |
| 22 | ov_022 | 2.764652384374929 × 10^305 |
| 21 | ov_021 | 4.376722076199472 × 10^305 |
| 20 | ov_020 | 6.609949002032344 × 10^305 |
| 19 | ov_019 | 9.604626371378671 × 10^305 |
| 18 | ov_018 | 1.3515001590555938 × 10^306 |
| 17 | ov_017 | 1.8509292027640835 × 10^306 |
| 16 | ov_016 | 2.4769712241978824 × 10^306 |
| 15 | ov_015 | 3.2492520790557696 × 10^306 |
| 14 | ov_014 | 4.188809623674081 × 10^306 |
| 13 | ov_013 | 5.3181053109276425 × 10^306 |
| 12 | ov_012 | 6.661040968284901 × 10^306 |
| 11 | ov_011 | 8.242982057648466 × 10^306 |
| 10 | ov_010 | 1.0090788829407811 × 10^307 |
| 9 | ov_009 | 1.2232856896392255 × 10^307 |
| 8 | ov_008 | 1.4699168757755094 × 10^307 |
| 7 | ov_007 | 1.7521357581670906 × 10^307 |
| 6 | ov_006 | 2.0732784314080256 × 10^307 |
| 5 | ov_005 | 2.436862913790165 × 10^307 |
| 4 | ov_004 | 2.8465998507591683 × 10^307 |
| 3 | ov_003 | 3.306404947299319 × 10^307 |
| 2 | ov_002 | 3.8184025663355866 × 10^307 |
| 1 | ov_001 | 4.3848395228895666 × 10^307 |

