# Results for T001-T002-T003-T004-T005-T006-T007-T008-T009-T010-T011-T012-T013-T014-T015-T016-T017-T018-T019-T020-T021-T022-T023-T024-T025-T026-T027-T028-T029-T030-T031-T032-T033-T034-T035-T036-T037-T038-T039-T040-T041-T042-T043-T044-T045-T046-T047-T048-T049-T050-T051-T052-T053-T054-T055-T056-T057-T058-T059-T060-T061-T062-T063-T064-T065-T066-T067-T068-T069-T070-T071-T072-T073-T074-T075-T076-T077-T078-T079-T080-T081-T082-T083-T084-T085-T086-T087-T088-T089-T090-T091-T092-T093-T094-T095-T096-T097-T098-T099-T100-T101-T102-T103-T104-T105-T106-T107-T108-T109-T110-T111-T112-T113-T114-T115-T116-T117-T118-T119-T120-T121-T122-T123-T124-T125-T126-T127-T128-T129-T130-T131-T132-T133-T134-T135-T136-T137-T138-T139-T140-T141-T142-T143-T144-T145-T146-T147-T148-T149-T150-T151-T152-T153-T154-T155-T156-T157-T158-T159-T160-T161-T162-T163-T164-T165-T166-T167-T168-T169-T170-T171-T172-T173-T174-T175-T176-T177-T178-T179-T180-T181-T182-T183-T184-T185-T186-T187-T188-T189-T190-T191-T192-T193-T194-T195-T196-T197-T198-T199-T200-T201-T202-T203-T204-T205-T206-T207-T208-T209-T210-T211-T212-T213-T214-T215-T216-T217-T218-T219-T220-T221-T222-T223-T224-T225-T226-T227-T228-T229-T230-T231-T232-T233-T234-T235-T236-T237-T238-T239-T240-T241-T242-T243-T244-T245-T246-T247-T248-T249-T250-T251-T252-T253-T254-T255-T256-T257-T258-T259-T260-T261-T262-T263-T264-T265-T266-T267-T268-T269-T270-T271-T272-T273-T274-T275-T276-T277-T278-T279-T280-T281-T282-T283-T284-T285-T286-T287-T288-T289-T290-T291-T292-T293-T294-T295-T296-T297-T298-T299-T300-T301-T302-T303-T304-T305-T306-T307-T308-T309-T310-T311-T312-T313-T314-T315-T316-T317-T318-T319-T320-T321-T322-T323-T324-T325-T326-T327-T328-T329-T330-T331-T332-T333-T334-T335-T336-T337-T338-T339-T340-T341-T342-T343-T344-T345-T346-T347-T348-T349-T350-T351-T352-T353-T354-T355-T356-T357-T358-T359-T360-T361-T362-T363-T364-T365-T366-T367-T368-T369-T370-T371-T372-T373-T374-T375-T376-T377-T378-T379-T380-T381-T382-T383-T384-T385-T386-T387-T388-T389-T390-T391-T392-T393-T394-T395-T396-T397-T398-T399-T400-T401-T402-T403-T404-T405-T406-T407-T408-T409-T410-T411-T412-T413-T414-T415-T416-T417-T418-T419-T420-T421-T422-T423-T424-T425-T426-T427-T428-T429-T430-T431-T432-T433-T434-T435-T436-T437-T438-T439-T440-T441-T442-T443-T444-T445-T446-T447-T448-T449-T450-T451-T452-T453-T454-T455-T456-T457-T458-T459-T460-T461-T462-T463-T464-T465-T466-T467-T468-T469-T470-T471-T472-T473-T474-T475-T476-T477-T478-T479-T480-T481-T482-T483-T484-T485-T486-T487-T488-T489-T490-T491-T492-T493-T494-T495-T496

## Summary

Number of input bits: 512  
Number of free input bits: 16  
Number of output bits: 160

Number of direct occurrences: 68202  
Number of assignments: 33210  
Number of operations: 12877829
(xor: 12846118,
and: 15434,
or: 16277)

Total complexity: 3.0113660628187594 × 10^313

Least occurring input variable: iv_506 (4154)  
Most occurring input variable: iv_511 (4459)

Most co-occurring input variables: iv_510-iv_511 (2198)  
Least co-occurring input variables: iv_497-iv_508 (1884)

Potentially most occurring input variable: iv_511/iv_512 (4689)  
Potentially least occurring input variable: iv_498/iv_503 (4318)

Least output occurring input variable: iv_505 (64)  
Most output occurring input variable: iv_511 (92)

Most output co-occurring input variables: iv_510-iv_511 (56)  
Least output co-occurring input variables: iv_505-iv_506 (28)

Potentially most output occurring input variable: iv_508/iv_510 (100)  
Potentially least output occurring input variable: iv_504/iv_508 (68)

Least complex input bit: iv_497 (1.9082851356764304 × 10^310)  
Most complex input bit: iv_512 (7.442016948869537 × 10^312)

Least complex output bit: aaa_76_29 (5.3614820947478875 × 10^287)  
Most complex output bit: ov_001 (4.685220004438581 × 10^312)

Least complex input/output complexity: iv_497/aaa_76_29 (3.3975399779281107 × 10^284)  
Most complex input/output complexity: iv_512/ov_001 (1.1578627757256838 × 10^312)

## Input Bits

### Input Bits in Regular Order

| Input Bit | Complexity | Occurrences | Output Occurrences |
|:---------:|:----------:|:-----------:|:------------------:|
| iv_497 | 1.9082851356764304 × 10^310 | 4185 | 81 |
| iv_498 | 3.435491673748621 × 10^310 | 4194 | 86 |
| iv_499 | 5.837870552383265 × 10^310 | 4353 | 83 |
| iv_500 | 9.914248166731554 × 10^310 | 4243 | 84 |
| iv_501 | 1.5986605073129953 × 10^311 | 4230 | 79 |
| iv_502 | 2.537808696977317 × 10^311 | 4156 | 76 |
| iv_503 | 3.9146933556289356 × 10^311 | 4344 | 86 |
| iv_504 | 5.869226790479962 × 10^311 | 4194 | 81 |
| iv_505 | 8.641106340700852 × 10^311 | 4275 | 64 |
| iv_506 | 1.248892647948664 × 10^312 | 4154 | 80 |
| iv_507 | 1.778038225238113 × 10^312 | 4307 | 82 |
| iv_508 | 2.4980386677707617 × 10^312 | 4169 | 85 |
| iv_509 | 3.466672069386426 × 10^312 | 4271 | 83 |
| iv_510 | 4.7564556534337505 × 10^312 | 4358 | 91 |
| iv_511 | 6.456437891144945 × 10^312 | 4459 | 92 |
| iv_512 | 7.442016948869537 × 10^312 | 4310 | 83 |

### Input Bits Sorted by Complexity

| Input Bit | Complexity | Occurrences | Output Occurrences |
|:---------:|:----------:|:-----------:|:------------------:|
| iv_497 | 1.9082851356764304 × 10^310 | 4185 | 81 |
| iv_498 | 3.435491673748621 × 10^310 | 4194 | 86 |
| iv_499 | 5.837870552383265 × 10^310 | 4353 | 83 |
| iv_500 | 9.914248166731554 × 10^310 | 4243 | 84 |
| iv_501 | 1.5986605073129953 × 10^311 | 4230 | 79 |
| iv_502 | 2.537808696977317 × 10^311 | 4156 | 76 |
| iv_503 | 3.9146933556289356 × 10^311 | 4344 | 86 |
| iv_504 | 5.869226790479962 × 10^311 | 4194 | 81 |
| iv_505 | 8.641106340700852 × 10^311 | 4275 | 64 |
| iv_506 | 1.248892647948664 × 10^312 | 4154 | 80 |
| iv_507 | 1.778038225238113 × 10^312 | 4307 | 82 |
| iv_508 | 2.4980386677707617 × 10^312 | 4169 | 85 |
| iv_509 | 3.466672069386426 × 10^312 | 4271 | 83 |
| iv_510 | 4.7564556534337505 × 10^312 | 4358 | 91 |
| iv_511 | 6.456437891144945 × 10^312 | 4459 | 92 |
| iv_512 | 7.442016948869537 × 10^312 | 4310 | 83 |

### Input Bits Sorted by Occurrences

| Input Bit | Complexity | Occurrences | Output Occurrences |
|:---------:|:----------:|:-----------:|:------------------:|
| iv_506 | 1.248892647948664 × 10^312 | 4154 | 80 |
| iv_502 | 2.537808696977317 × 10^311 | 4156 | 76 |
| iv_508 | 2.4980386677707617 × 10^312 | 4169 | 85 |
| iv_497 | 1.9082851356764304 × 10^310 | 4185 | 81 |
| iv_504 | 5.869226790479962 × 10^311 | 4194 | 81 |
| iv_498 | 3.435491673748621 × 10^310 | 4194 | 86 |
| iv_501 | 1.5986605073129953 × 10^311 | 4230 | 79 |
| iv_500 | 9.914248166731554 × 10^310 | 4243 | 84 |
| iv_509 | 3.466672069386426 × 10^312 | 4271 | 83 |
| iv_505 | 8.641106340700852 × 10^311 | 4275 | 64 |
| iv_507 | 1.778038225238113 × 10^312 | 4307 | 82 |
| iv_512 | 7.442016948869537 × 10^312 | 4310 | 83 |
| iv_503 | 3.9146933556289356 × 10^311 | 4344 | 86 |
| iv_499 | 5.837870552383265 × 10^310 | 4353 | 83 |
| iv_510 | 4.7564556534337505 × 10^312 | 4358 | 91 |
| iv_511 | 6.456437891144945 × 10^312 | 4459 | 92 |

### Input Bits Sorted by Output Occurrences

| Input Bit | Complexity | Occurrences | Output Occurrences |
|:---------:|:----------:|:-----------:|:------------------:|
| iv_505 | 8.641106340700852 × 10^311 | 4275 | 64 |
| iv_502 | 2.537808696977317 × 10^311 | 4156 | 76 |
| iv_501 | 1.5986605073129953 × 10^311 | 4230 | 79 |
| iv_506 | 1.248892647948664 × 10^312 | 4154 | 80 |
| iv_497 | 1.9082851356764304 × 10^310 | 4185 | 81 |
| iv_504 | 5.869226790479962 × 10^311 | 4194 | 81 |
| iv_507 | 1.778038225238113 × 10^312 | 4307 | 82 |
| iv_499 | 5.837870552383265 × 10^310 | 4353 | 83 |
| iv_509 | 3.466672069386426 × 10^312 | 4271 | 83 |
| iv_512 | 7.442016948869537 × 10^312 | 4310 | 83 |
| iv_500 | 9.914248166731554 × 10^310 | 4243 | 84 |
| iv_508 | 2.4980386677707617 × 10^312 | 4169 | 85 |
| iv_503 | 3.9146933556289356 × 10^311 | 4344 | 86 |
| iv_498 | 3.435491673748621 × 10^310 | 4194 | 86 |
| iv_510 | 4.7564556534337505 × 10^312 | 4358 | 91 |
| iv_511 | 6.456437891144945 × 10^312 | 4459 | 92 |

## Input Bit Co-occurrences

### Input Bit Co-occurrences Sorted by Co-occurrences

| Input Bits | Co-occurrences | Potential Occurrences | Output Co-occurrences | Potential Output Occurrences |
|:----------:|:--------------:|:---------------------:|:---------------------:|:----------------------------:|
| iv_510-iv_511 | 2198 | 4421 | 56 | 71 |
| iv_507-iv_511 | 2183 | 4400 | 52 | 70 |
| iv_500-iv_511 | 2158 | 4386 | 51 | 74 |
| iv_509-iv_511 | 2141 | 4448 | 43 | 89 |
| iv_505-iv_511 | 2124 | 4486 | 37 | 82 |
| iv_499-iv_510 | 2118 | 4475 | 44 | 86 |
| iv_506-iv_511 | 2111 | 4391 | 49 | 74 |
| iv_498-iv_503 | 2110 | 4318 | 44 | 84 |
| iv_499-iv_511 | 2109 | 4594 | 47 | 81 |
| iv_503-iv_511 | 2100 | 4603 | 47 | 84 |
| iv_503-iv_505 | 2093 | 4433 | 35 | 80 |
| iv_499-iv_507 | 2092 | 4476 | 46 | 73 |
| iv_498-iv_510 | 2088 | 4376 | 52 | 73 |
| iv_500-iv_503 | 2087 | 4413 | 47 | 76 |
| iv_499-iv_506 | 2087 | 4333 | 43 | 77 |
| iv_504-iv_511 | 2087 | 4479 | 47 | 79 |

### Input Bit Co-occurrences Sorted by Potential Occurrences

| Input Bits | Co-occurrences | Potential Occurrences | Output Co-occurrences | Potential Output Occurrences |
|:----------:|:--------------:|:---------------------:|:---------------------:|:----------------------------:|
| iv_498-iv_503 | 2110 | 4318 | 44 | 84 |
| iv_499-iv_506 | 2087 | 4333 | 43 | 77 |
| iv_498-iv_501 | 2045 | 4334 | 44 | 77 |
| iv_498-iv_504 | 2019 | 4350 | 43 | 81 |
| iv_498-iv_510 | 2088 | 4376 | 52 | 73 |
| iv_500-iv_511 | 2158 | 4386 | 51 | 74 |
| iv_506-iv_511 | 2111 | 4391 | 49 | 74 |
| iv_504-iv_508 | 1985 | 4393 | 49 | 68 |
| iv_498-iv_502 | 1978 | 4394 | 40 | 82 |
| iv_500-iv_501 | 2039 | 4395 | 42 | 79 |
| iv_507-iv_511 | 2183 | 4400 | 52 | 70 |
| iv_497-iv_507 | 2043 | 4406 | 42 | 79 |
| iv_502-iv_507 | 2028 | 4407 | 38 | 82 |
| iv_500-iv_508 | 2001 | 4410 | 47 | 75 |
| iv_497-iv_505 | 2025 | 4410 | 34 | 77 |
| iv_500-iv_503 | 2087 | 4413 | 47 | 76 |

### Input Bit Output Co-occurrences Sorted by Output Co-occurrences

| Input Bits | Co-occurrences | Potential Occurrences | Output Co-occurrences | Potential Output Occurrences |
|:----------:|:--------------:|:---------------------:|:---------------------:|:----------------------------:|
| iv_510-iv_511 | 2198 | 4421 | 56 | 71 |
| iv_508-iv_511 | 2077 | 4474 | 53 | 71 |
| iv_500-iv_510 | 2078 | 4445 | 53 | 69 |
| iv_509-iv_510 | 2055 | 4519 | 53 | 68 |
| iv_498-iv_510 | 2088 | 4376 | 52 | 73 |
| iv_507-iv_511 | 2183 | 4400 | 52 | 70 |
| iv_500-iv_511 | 2158 | 4386 | 51 | 74 |
| iv_502-iv_511 | 2049 | 4517 | 49 | 70 |
| iv_506-iv_511 | 2111 | 4391 | 49 | 74 |
| iv_504-iv_508 | 1985 | 4393 | 49 | 68 |
| iv_507-iv_510 | 2067 | 4531 | 49 | 75 |
| iv_498-iv_511 | 2070 | 4513 | 48 | 82 |
| iv_499-iv_511 | 2109 | 4594 | 47 | 81 |
| iv_500-iv_503 | 2087 | 4413 | 47 | 76 |
| iv_500-iv_508 | 2001 | 4410 | 47 | 75 |
| iv_503-iv_511 | 2100 | 4603 | 47 | 84 |

### Input Bit Output Co-occurrences Sorted by Potential Output Occurrences

| Input Bits | Co-occurrences | Potential Occurrences | Output Co-occurrences | Potential Output Occurrences |
|:----------:|:--------------:|:---------------------:|:---------------------:|:----------------------------:|
| iv_504-iv_508 | 1985 | 4393 | 49 | 68 |
| iv_509-iv_510 | 2055 | 4519 | 53 | 68 |
| iv_500-iv_510 | 2078 | 4445 | 53 | 69 |
| iv_500-iv_502 | 1969 | 4461 | 45 | 70 |
| iv_502-iv_511 | 2049 | 4517 | 49 | 70 |
| iv_507-iv_511 | 2183 | 4400 | 52 | 70 |
| iv_508-iv_511 | 2077 | 4474 | 53 | 71 |
| iv_510-iv_511 | 2198 | 4421 | 56 | 71 |
| iv_502-iv_504 | 1967 | 4416 | 42 | 73 |
| iv_498-iv_510 | 2088 | 4376 | 52 | 73 |
| iv_507-iv_512 | 2067 | 4483 | 46 | 73 |
| iv_499-iv_507 | 2092 | 4476 | 46 | 73 |
| iv_500-iv_511 | 2158 | 4386 | 51 | 74 |
| iv_506-iv_511 | 2111 | 4391 | 49 | 74 |
| iv_503-iv_507 | 2065 | 4521 | 47 | 74 |
| iv_500-iv_508 | 2001 | 4410 | 47 | 75 |

## Output Bits

### Output Bits in Regular Order

| Rank | Output Bit | Complexity |
|:----:|:----------:|:----------:|
| 1 | ov_001 | 4.685220004438581 × 10^312 |
| 2 | ov_002 | 4.079382643484056 × 10^312 |
| 3 | ov_003 | 3.535312603306625 × 10^312 |
| 4 | ov_004 | 3.0483779882607376 × 10^312 |
| 5 | ov_005 | 2.6142015151322426 × 10^312 |
| 6 | ov_006 | 2.2286425863825893 × 10^312 |
| 7 | ov_007 | 1.887781671937242 × 10^312 |
| 8 | ov_008 | 1.587906788652576 × 10^312 |
| 9 | ov_009 | 1.325501877936235 × 10^312 |
| 10 | ov_010 | 1.0972368929162873 × 10^312 |
| 11 | ov_011 | 8.999594171283392 × 10^311 |
| 12 | ov_012 | 7.306876469817452 × 10^311 |
| 13 | ov_013 | 5.86604580332133 × 10^311 |
| 14 | ov_014 | 4.65053263375635 × 10^311 |
| 15 | ov_015 | 3.635329578310494 × 10^311 |
| 16 | ov_016 | 2.796961000234391 × 10^311 |
| 17 | ov_017 | 2.113459330540377 × 10^311 |
| 18 | ov_018 | 1.5643470275885677 × 10^311 |
| 19 | ov_019 | 1.1306231763919066 × 10^311 |
| 20 | ov_020 | 7.947538240410938 × 10^310 |
| 21 | ov_021 | 5.406652420710941 × 10^310 |
| 22 | ov_022 | 3.537394009242119 × 10^310 |
| 23 | ov_023 | 2.208110359486094 × 10^310 |
| 24 | ov_024 | 1.3016579974185428 × 10^310 |
| 25 | ov_025 | 7.15391473436928 × 10^309 |
| 26 | ov_026 | 3.611572507347947 × 10^309 |
| 27 | ov_027 | 1.6529082700732742 × 10^309 |
| 28 | ov_028 | 6.861559834467514 × 10^308 |
| 29 | ov_029 | 2.6442493142272464 × 10^308 |
| 30 | ov_030 | 8.084425008852606 × 10^307 |
| 31 | ov_031 | 1.5769793075300113 × 10^307 |
| 32 | lv_80_m31 | 3.075493324243862 × 10^306 |
| 33 | ov_033 | 3.719243257597807 × 10^307 |
| 34 | ov_034 | 3.233787630678772 × 10^307 |
| 35 | ov_035 | 2.7982522137536305 × 10^307 |
| 36 | ov_036 | 2.4088723466585463 × 10^307 |
| 37 | ov_037 | 2.0620903689049118 × 10^307 |
| 38 | ov_038 | 1.7545410364601853 × 10^307 |
| 39 | ov_039 | 1.4830388145148108 × 10^307 |
| 40 | ov_040 | 1.2445668750698508 × 10^307 |
| 41 | ov_041 | 1.0362676374300167 × 10^307 |
| 42 | ov_042 | 8.554346985870507 × 10^306 |
| 43 | ov_043 | 6.995060090893004 × 10^306 |
| 44 | ov_044 | 5.6605815836778484 × 10^306 |
| 45 | ov_045 | 4.528016416732236 × 10^306 |
| 46 | ov_046 | 3.5757698881204154 × 10^306 |
| 47 | ov_047 | 2.7835164278601268 × 10^306 |
| 48 | ov_048 | 2.1321748426824703 × 10^306 |
| 49 | ov_049 | 1.6038890561093849 × 10^306 |
| 50 | ov_050 | 1.1820134579644523 × 10^306 |
| 51 | ov_051 | 8.511020542759856 × 10^305 |
| 52 | ov_052 | 5.96900685167758 × 10^305 |
| 53 | ov_053 | 4.063416548428292 × 10^305 |
| 54 | ov_054 | 2.6754019420402932 × 10^305 |
| 55 | ov_055 | 1.6979225305428357 × 10^305 |
| 56 | ov_056 | 1.0357319519991965 × 10^305 |
| 57 | ov_057 | 6.05370584986352 × 10^304 |
| 58 | ov_058 | 3.351615053170075 × 10^304 |
| 59 | ov_059 | 1.652084457900617 × 10^304 |
| 60 | ov_060 | 6.850827613820981 × 10^303 |
| 61 | ov_061 | 2.3947637133286516 × 10^303 |
| 62 | ov_062 | 6.574250742757556 × 10^302 |
| 63 | ov_063 | 1.2824252958333625 × 10^302 |
| 64 | lv_79_m31 | 2.501095076341911 × 10^301 |
| 65 | ov_065 | 3.023879156595826 × 10^302 |
| 66 | ov_066 | 3.0238707635829843 × 10^302 |
| 67 | ov_067 | 3.023868729186079 × 10^302 |
| 68 | ov_068 | 2.629194118297328 × 10^302 |
| 69 | ov_069 | 2.275087586450378 × 10^302 |
| 70 | ov_070 | 1.9584870884904328 × 10^302 |
| 71 | ov_071 | 1.6764998232837356 × 10^302 |
| 72 | ov_072 | 1.4263903156182653 × 10^302 |
| 73 | ov_073 | 1.2055700082743688 × 10^302 |
| 74 | ov_074 | 1.0115882287996234 × 10^302 |
| 75 | ov_075 | 8.421244027702197 × 10^301 |
| 76 | ov_076 | 6.949813922798747 × 10^301 |
| 77 | ov_077 | 5.680798451158152 × 10^301 |
| 78 | ov_078 | 4.594534466030598 × 10^301 |
| 79 | ov_079 | 3.672449724606884 × 10^301 |
| 80 | ov_080 | 2.8970304724953104 × 10^301 |
| 81 | ov_081 | 2.2517951912742575 × 10^301 |
| 82 | ov_082 | 1.7212736768912536 × 10^301 |
| 83 | ov_083 | 1.2909906767234264 × 10^301 |
| 84 | ov_084 | 9.47453372748607 × 10^300 |
| 85 | ov_085 | 6.781420576242334 × 10^300 |
| 86 | ov_086 | 4.715034096266464 × 10^300 |
| 87 | ov_087 | 3.1694583143548876 × 10^300 |
| 88 | ov_088 | 2.048363767045546 × 10^300 |
| 89 | ov_089 | 1.2649884727295179 × 10^300 |
| 90 | ov_090 | 7.421270275839037 × 10^299 |
| 91 | ov_091 | 4.121248314989594 × 10^299 |
| 92 | ov_092 | 2.1687516047176615 × 10^299 |
| 93 | ov_093 | 1.0781769611154824 × 10^299 |
| 94 | ov_094 | 4.5937842603365686 × 10^298 |
| 95 | aaa_78_28 | 1.4114683139610588 × 10^298 |
| 96 | aaa_78_29 | 4.3008397266436044 × 10^297 |
| 97 | ov_097 | 2.4711761663468773 × 10^297 |
| 98 | ov_098 | 2.4711663841027893 × 10^297 |
| 99 | ov_099 | 2.4711632556657818 × 10^297 |
| 100 | ov_100 | 2.1520650538687957 × 10^297 |
| 101 | ov_101 | 1.8653833023719026 × 10^297 |
| 102 | ov_102 | 1.6086953508778545 × 10^297 |
| 103 | ov_103 | 1.379713138348381 × 10^297 |
| 104 | ov_104 | 1.1762734477919617 × 10^297 |
| 105 | ov_105 | 9.963293854427608 × 10^296 |
| 106 | ov_106 | 8.379429751987629 × 10^296 |
| 107 | ov_107 | 6.992787649813352 × 10^296 |
| 108 | ov_108 | 5.785983472444922 × 10^296 |
| 109 | ov_109 | 4.742557012400771 × 10^296 |
| 110 | ov_110 | 3.846932698698625 × 10^296 |
| 111 | ov_111 | 3.0843868905764755 × 10^296 |
| 112 | ov_112 | 2.441020925799793 × 10^296 |
| 113 | ov_113 | 1.9037392022534726 × 10^296 |
| 114 | ov_114 | 1.46023162027118 × 10^296 |
| 115 | ov_115 | 1.0989597615029125 × 10^296 |
| 116 | ov_116 | 8.091462281852868 × 10^295 |
| 117 | ov_117 | 5.807666145529383 × 10^295 |
| 118 | ov_118 | 4.0454362988399705 × 10^295 |
| 119 | ov_119 | 2.7194294035778287 × 10^295 |
| 120 | ov_120 | 1.7517034455093785 × 10^295 |
| 121 | ov_121 | 1.0716994502785931 × 10^295 |
| 122 | ov_122 | 6.16230261020246 × 10^294 |
| 123 | ov_123 | 3.2947395461149734 × 10^294 |
| 124 | ov_124 | 1.629701037212984 × 10^294 |
| 125 | ov_125 | 7.561781660988856 × 10^293 |
| 126 | ov_126 | 3.3674879849616847 × 10^293 |
| 127 | aaa_77_28 | 1.0757464544055918 × 10^293 |
| 128 | aaa_77_29 | 4.0353639330912407 × 10^292 |
| 129 | ov_129 | 3.7875590581343587 × 10^292 |
| 130 | ov_130 | 3.7875486009645383 × 10^292 |
| 131 | ov_131 | 3.787546067998604 × 10^292 |
| 132 | ov_132 | 3.294824855623804 × 10^292 |
| 133 | ov_133 | 2.8525492773892884 × 10^292 |
| 134 | ov_134 | 2.4569325853135934 × 10^292 |
| 135 | ov_135 | 2.104395578128763 × 10^292 |
| 136 | ov_136 | 1.7915518773397867 × 10^292 |
| 137 | ov_137 | 1.515195119128003 × 10^292 |
| 138 | ov_138 | 1.272287887144451 × 10^292 |
| 139 | ov_139 | 1.0599522204258429 × 10^292 |
| 140 | ov_140 | 8.75461539538163 × 10^291 |
| 141 | ov_141 | 7.162338426722586 × 10^291 |
| 142 | ov_142 | 5.79826031834904 × 10^291 |
| 143 | ov_143 | 4.639292375429577 × 10^291 |
| 144 | ov_144 | 3.663650185752827 × 10^291 |
| 145 | ov_145 | 2.8508232139846498 × 10^291 |
| 146 | ov_146 | 2.1815509188327417 × 10^291 |
| 147 | ov_147 | 1.637804398890505 × 10^291 |
| 148 | ov_148 | 1.2027726522754909 × 10^291 |
| 149 | ov_149 | 8.608526143661651 × 10^290 |
| 150 | ov_150 | 5.9764221704090485 × 10^290 |
| 151 | ov_151 | 3.9993579187344096 × 10^290 |
| 152 | ov_152 | 2.557212187600969 × 10^290 |
| 153 | ov_153 | 1.5417830045776689 × 10^290 |
| 154 | ov_154 | 8.567792250497046 × 10^289 |
| 155 | ov_155 | 4.1781648410708653 × 10^289 |
| 156 | aaa_76_25 | 1.5241530719774302 × 10^289 |
| 157 | aaa_76_26 | 8.810167643967104 × 10^288 |
| 158 | aaa_76_27 | 4.514835373826841 × 10^288 |
| 159 | aaa_76_28 | 1.7603745164439573 × 10^288 |
| 160 | aaa_76_29 | 5.3614820947478875 × 10^287 |

### Output Bits Sorted by Complexity

| Rank | Output Bit | Complexity |
|:----:|:----------:|:----------:|
| 160 | aaa_76_29 | 5.3614820947478875 × 10^287 |
| 159 | aaa_76_28 | 1.7603745164439573 × 10^288 |
| 158 | aaa_76_27 | 4.514835373826841 × 10^288 |
| 157 | aaa_76_26 | 8.810167643967104 × 10^288 |
| 156 | aaa_76_25 | 1.5241530719774302 × 10^289 |
| 155 | ov_155 | 4.1781648410708653 × 10^289 |
| 154 | ov_154 | 8.567792250497046 × 10^289 |
| 153 | ov_153 | 1.5417830045776689 × 10^290 |
| 152 | ov_152 | 2.557212187600969 × 10^290 |
| 151 | ov_151 | 3.9993579187344096 × 10^290 |
| 150 | ov_150 | 5.9764221704090485 × 10^290 |
| 149 | ov_149 | 8.608526143661651 × 10^290 |
| 148 | ov_148 | 1.2027726522754909 × 10^291 |
| 147 | ov_147 | 1.637804398890505 × 10^291 |
| 146 | ov_146 | 2.1815509188327417 × 10^291 |
| 145 | ov_145 | 2.8508232139846498 × 10^291 |
| 144 | ov_144 | 3.663650185752827 × 10^291 |
| 143 | ov_143 | 4.639292375429577 × 10^291 |
| 142 | ov_142 | 5.79826031834904 × 10^291 |
| 141 | ov_141 | 7.162338426722586 × 10^291 |
| 140 | ov_140 | 8.75461539538163 × 10^291 |
| 139 | ov_139 | 1.0599522204258429 × 10^292 |
| 138 | ov_138 | 1.272287887144451 × 10^292 |
| 137 | ov_137 | 1.515195119128003 × 10^292 |
| 136 | ov_136 | 1.7915518773397867 × 10^292 |
| 135 | ov_135 | 2.104395578128763 × 10^292 |
| 134 | ov_134 | 2.4569325853135934 × 10^292 |
| 133 | ov_133 | 2.8525492773892884 × 10^292 |
| 132 | ov_132 | 3.294824855623804 × 10^292 |
| 131 | ov_131 | 3.787546067998604 × 10^292 |
| 130 | ov_130 | 3.7875486009645383 × 10^292 |
| 129 | ov_129 | 3.7875590581343587 × 10^292 |
| 128 | aaa_77_29 | 4.0353639330912407 × 10^292 |
| 127 | aaa_77_28 | 1.0757464544055918 × 10^293 |
| 126 | ov_126 | 3.3674879849616847 × 10^293 |
| 125 | ov_125 | 7.561781660988856 × 10^293 |
| 124 | ov_124 | 1.629701037212984 × 10^294 |
| 123 | ov_123 | 3.2947395461149734 × 10^294 |
| 122 | ov_122 | 6.16230261020246 × 10^294 |
| 121 | ov_121 | 1.0716994502785931 × 10^295 |
| 120 | ov_120 | 1.7517034455093785 × 10^295 |
| 119 | ov_119 | 2.7194294035778287 × 10^295 |
| 118 | ov_118 | 4.0454362988399705 × 10^295 |
| 117 | ov_117 | 5.807666145529383 × 10^295 |
| 116 | ov_116 | 8.091462281852868 × 10^295 |
| 115 | ov_115 | 1.0989597615029125 × 10^296 |
| 114 | ov_114 | 1.46023162027118 × 10^296 |
| 113 | ov_113 | 1.9037392022534726 × 10^296 |
| 112 | ov_112 | 2.441020925799793 × 10^296 |
| 111 | ov_111 | 3.0843868905764755 × 10^296 |
| 110 | ov_110 | 3.846932698698625 × 10^296 |
| 109 | ov_109 | 4.742557012400771 × 10^296 |
| 108 | ov_108 | 5.785983472444922 × 10^296 |
| 107 | ov_107 | 6.992787649813352 × 10^296 |
| 106 | ov_106 | 8.379429751987629 × 10^296 |
| 105 | ov_105 | 9.963293854427608 × 10^296 |
| 104 | ov_104 | 1.1762734477919617 × 10^297 |
| 103 | ov_103 | 1.379713138348381 × 10^297 |
| 102 | ov_102 | 1.6086953508778545 × 10^297 |
| 101 | ov_101 | 1.8653833023719026 × 10^297 |
| 100 | ov_100 | 2.1520650538687957 × 10^297 |
| 99 | ov_099 | 2.4711632556657818 × 10^297 |
| 98 | ov_098 | 2.4711663841027893 × 10^297 |
| 97 | ov_097 | 2.4711761663468773 × 10^297 |
| 96 | aaa_78_29 | 4.3008397266436044 × 10^297 |
| 95 | aaa_78_28 | 1.4114683139610588 × 10^298 |
| 94 | ov_094 | 4.5937842603365686 × 10^298 |
| 93 | ov_093 | 1.0781769611154824 × 10^299 |
| 92 | ov_092 | 2.1687516047176615 × 10^299 |
| 91 | ov_091 | 4.121248314989594 × 10^299 |
| 90 | ov_090 | 7.421270275839037 × 10^299 |
| 89 | ov_089 | 1.2649884727295179 × 10^300 |
| 88 | ov_088 | 2.048363767045546 × 10^300 |
| 87 | ov_087 | 3.1694583143548876 × 10^300 |
| 86 | ov_086 | 4.715034096266464 × 10^300 |
| 85 | ov_085 | 6.781420576242334 × 10^300 |
| 84 | ov_084 | 9.47453372748607 × 10^300 |
| 83 | ov_083 | 1.2909906767234264 × 10^301 |
| 82 | ov_082 | 1.7212736768912536 × 10^301 |
| 81 | ov_081 | 2.2517951912742575 × 10^301 |
| 64 | lv_79_m31 | 2.501095076341911 × 10^301 |
| 80 | ov_080 | 2.8970304724953104 × 10^301 |
| 79 | ov_079 | 3.672449724606884 × 10^301 |
| 78 | ov_078 | 4.594534466030598 × 10^301 |
| 77 | ov_077 | 5.680798451158152 × 10^301 |
| 76 | ov_076 | 6.949813922798747 × 10^301 |
| 75 | ov_075 | 8.421244027702197 × 10^301 |
| 74 | ov_074 | 1.0115882287996234 × 10^302 |
| 73 | ov_073 | 1.2055700082743688 × 10^302 |
| 63 | ov_063 | 1.2824252958333625 × 10^302 |
| 72 | ov_072 | 1.4263903156182653 × 10^302 |
| 71 | ov_071 | 1.6764998232837356 × 10^302 |
| 70 | ov_070 | 1.9584870884904328 × 10^302 |
| 69 | ov_069 | 2.275087586450378 × 10^302 |
| 68 | ov_068 | 2.629194118297328 × 10^302 |
| 67 | ov_067 | 3.023868729186079 × 10^302 |
| 66 | ov_066 | 3.0238707635829843 × 10^302 |
| 65 | ov_065 | 3.023879156595826 × 10^302 |
| 62 | ov_062 | 6.574250742757556 × 10^302 |
| 61 | ov_061 | 2.3947637133286516 × 10^303 |
| 60 | ov_060 | 6.850827613820981 × 10^303 |
| 59 | ov_059 | 1.652084457900617 × 10^304 |
| 58 | ov_058 | 3.351615053170075 × 10^304 |
| 57 | ov_057 | 6.05370584986352 × 10^304 |
| 56 | ov_056 | 1.0357319519991965 × 10^305 |
| 55 | ov_055 | 1.6979225305428357 × 10^305 |
| 54 | ov_054 | 2.6754019420402932 × 10^305 |
| 53 | ov_053 | 4.063416548428292 × 10^305 |
| 52 | ov_052 | 5.96900685167758 × 10^305 |
| 51 | ov_051 | 8.511020542759856 × 10^305 |
| 50 | ov_050 | 1.1820134579644523 × 10^306 |
| 49 | ov_049 | 1.6038890561093849 × 10^306 |
| 48 | ov_048 | 2.1321748426824703 × 10^306 |
| 47 | ov_047 | 2.7835164278601268 × 10^306 |
| 32 | lv_80_m31 | 3.075493324243862 × 10^306 |
| 46 | ov_046 | 3.5757698881204154 × 10^306 |
| 45 | ov_045 | 4.528016416732236 × 10^306 |
| 44 | ov_044 | 5.6605815836778484 × 10^306 |
| 43 | ov_043 | 6.995060090893004 × 10^306 |
| 42 | ov_042 | 8.554346985870507 × 10^306 |
| 41 | ov_041 | 1.0362676374300167 × 10^307 |
| 40 | ov_040 | 1.2445668750698508 × 10^307 |
| 39 | ov_039 | 1.4830388145148108 × 10^307 |
| 31 | ov_031 | 1.5769793075300113 × 10^307 |
| 38 | ov_038 | 1.7545410364601853 × 10^307 |
| 37 | ov_037 | 2.0620903689049118 × 10^307 |
| 36 | ov_036 | 2.4088723466585463 × 10^307 |
| 35 | ov_035 | 2.7982522137536305 × 10^307 |
| 34 | ov_034 | 3.233787630678772 × 10^307 |
| 33 | ov_033 | 3.719243257597807 × 10^307 |
| 30 | ov_030 | 8.084425008852606 × 10^307 |
| 29 | ov_029 | 2.6442493142272464 × 10^308 |
| 28 | ov_028 | 6.861559834467514 × 10^308 |
| 27 | ov_027 | 1.6529082700732742 × 10^309 |
| 26 | ov_026 | 3.611572507347947 × 10^309 |
| 25 | ov_025 | 7.15391473436928 × 10^309 |
| 24 | ov_024 | 1.3016579974185428 × 10^310 |
| 23 | ov_023 | 2.208110359486094 × 10^310 |
| 22 | ov_022 | 3.537394009242119 × 10^310 |
| 21 | ov_021 | 5.406652420710941 × 10^310 |
| 20 | ov_020 | 7.947538240410938 × 10^310 |
| 19 | ov_019 | 1.1306231763919066 × 10^311 |
| 18 | ov_018 | 1.5643470275885677 × 10^311 |
| 17 | ov_017 | 2.113459330540377 × 10^311 |
| 16 | ov_016 | 2.796961000234391 × 10^311 |
| 15 | ov_015 | 3.635329578310494 × 10^311 |
| 14 | ov_014 | 4.65053263375635 × 10^311 |
| 13 | ov_013 | 5.86604580332133 × 10^311 |
| 12 | ov_012 | 7.306876469817452 × 10^311 |
| 11 | ov_011 | 8.999594171283392 × 10^311 |
| 10 | ov_010 | 1.0972368929162873 × 10^312 |
| 9 | ov_009 | 1.325501877936235 × 10^312 |
| 8 | ov_008 | 1.587906788652576 × 10^312 |
| 7 | ov_007 | 1.887781671937242 × 10^312 |
| 6 | ov_006 | 2.2286425863825893 × 10^312 |
| 5 | ov_005 | 2.6142015151322426 × 10^312 |
| 4 | ov_004 | 3.0483779882607376 × 10^312 |
| 3 | ov_003 | 3.535312603306625 × 10^312 |
| 2 | ov_002 | 4.079382643484056 × 10^312 |
| 1 | ov_001 | 4.685220004438581 × 10^312 |

