# Results for T017-T018-T019-T020-T021-T022-T023-T024-T025-T026-T027-T028-T029-T030-T031-T032-T033-T034-T035-T036-T037-T038-T039-T040-T041-T042-T043-T044-T045-T046-T047-T048-T049-T050-T051-T052-T053-T054-T055-T056-T057-T058-T059-T060-T061-T062-T063-T064-T065-T066-T067-T068-T069-T070-T071-T072-T073-T074-T075-T076-T077-T078-T079-T080-T081-T082-T083-T084-T085-T086-T087-T088-T089-T090-T091-T092-T093-T094-T095-T096-T097-T098-T099-T100-T101-T102-T103-T104-T105-T106-T107-T108-T109-T110-T111-T112-T113-T114-T115-T116-T117-T118-T119-T120-T121-T122-T123-T124-T125-T126-T127-T128-T129-T130-T131-T132-T133-T134-T135-T136-T137-T138-T139-T140-T141-T142-T143-T144-T145-T146-T147-T148-T149-T150-T151-T152-T153-T154-T155-T156-T157-T158-T159-T160-T161-T162-T163-T164-T165-T166-T167-T168-T169-T170-T171-T172-T173-T174-T175-T176-T177-T178-T179-T180-T181-T182-T183-T184-T185-T186-T187-T188-T189-T190-T191-T192-T193-T194-T195-T196-T197-T198-T199-T200-T201-T202-T203-T204-T205-T206-T207-T208-T209-T210-T211-T212-T213-T214-T215-T216-T217-T218-T219-T220-T221-T222-T223-T224-T225-T226-T227-T228-T229-T230-T231-T232-T233-T234-T235-T236-T237-T238-T239-T240-T241-T242-T243-T244-T245-T246-T247-T248-T249-T250-T251-T252-T253-T254-T255-T256-T257-T258-T259-T260-T261-T262-T263-T264-T265-T266-T267-T268-T269-T270-T271-T272-T273-T274-T275-T276-T277-T278-T279-T280-T281-T282-T283-T284-T285-T286-T287-T288-T289-T290-T291-T292-T293-T294-T295-T296-T297-T298-T299-T300-T301-T302-T303-T304-T305-T306-T307-T308-T309-T310-T311-T312-T313-T314-T315-T316-T317-T318-T319-T320-T321-T322-T323-T324-T325-T326-T327-T328-T329-T330-T331-T332-T333-T334-T335-T336-T337-T338-T339-T340-T341-T342-T343-T344-T345-T346-T347-T348-T349-T350-T351-T352-T353-T354-T355-T356-T357-T358-T359-T360-T361-T362-T363-T364-T365-T366-T367-T368-T369-T370-T371-T372-T373-T374-T375-T376-T377-T378-T379-T380-T381-T382-T383-T384-T385-T386-T387-T388-T389-T390-T391-T392-T393-T394-T395-T396-T397-T398-T399-T400-T401-T402-T403-T404-T405-T406-T407-T408-T409-T410-T411-T412-T413-T414-T415-T416-T417-T418-T419-T420-T421-T422-T423-T424-T425-T426-T427-T428-T429-T430-T431-T432-T433-T434-T435-T436-T437-T438-T439-T440-T441-T442-T443-T444-T445-T446-T447-T448-T449-T450-T451-T452-T453-T454-T455-T456-T457-T458-T459-T460-T461-T462-T463-T464-T465-T466-T467-T468-T469-T470-T471-T472-T473-T474-T475-T476-T477-T478-T479-T480-T481-T482-T483-T484-T485-T486-T487-T488-T489-T490-T491-T492-T493-T494-T495-T496-T497-T498-T499-T500-T501-T502-T503-T504-T505-T506-T507-T508-T509-T510-T511-T512

## Summary

Number of input bits: 512  
Number of free input bits: 16  
Number of output bits: 160

Number of direct occurrences: 72352  
Number of assignments: 40491  
Number of operations: 21581681
(xor: 21536282,
and: 19014,
or: 26385)

Total complexity: 2.4094247425619812 × 10^375

Least occurring input variable: iv_005 (4239)  
Most occurring input variable: iv_016 (5134)

Most co-occurring input variables: iv_015-iv_016 (2595)  
Least co-occurring input variables: iv_007-iv_008 (1824)

Potentially most occurring input variable: iv_007/iv_016 (5516)  
Potentially least occurring input variable: iv_005/iv_010 (4544)

Least output occurring input variable: iv_007 (70)  
Most output occurring input variable: iv_015 (93)

Most output co-occurring input variables: iv_003-iv_016 (55)  
Least output co-occurring input variables: iv_007-iv_008 (23)

Potentially most output occurring input variable: iv_007/iv_008 (97)  
Potentially least output occurring input variable: iv_003/iv_016 (62)

Least complex input bit: iv_001 (1.0138132382168277 × 10^372)  
Most complex input bit: iv_016 (3.8554289393504276 × 10^374)

Least complex output bit: aaa_76_29 (5.4666337806057194 × 10^349)  
Most complex output bit: ov_001 (3.6882296521809166 × 10^374)

Least complex input/output complexity: iv_001/aaa_76_29 (2.300194564022077 × 10^346)  
Most complex input/output complexity: iv_016/ov_001 (5.901702213312785 × 10^373)

## Input Bits

### Input Bits in Regular Order

| Input Bit | Complexity | Occurrences | Output Occurrences |
|:---------:|:----------:|:-----------:|:------------------:|
| iv_001 | 1.0138132382168277 × 10^372 | 4626 | 81 |
| iv_002 | 4.385307980664425 × 10^372 | 4462 | 74 |
| iv_003 | 1.2657458356661485 × 10^373 | 4399 | 85 |
| iv_004 | 2.788821658870974 × 10^373 | 4567 | 77 |
| iv_005 | 4.536670561688236 × 10^373 | 4239 | 78 |
| iv_006 | 6.297297578817417 × 10^373 | 4450 | 75 |
| iv_007 | 8.1192884940162105 × 10^373 | 4240 | 70 |
| iv_008 | 1.008709556052168 × 10^374 | 4255 | 73 |
| iv_009 | 1.2367066666660074 × 10^374 | 4603 | 87 |
| iv_010 | 1.5206585724260225 × 10^374 | 4383 | 88 |
| iv_011 | 1.8934230913483187 × 10^374 | 4813 | 89 |
| iv_012 | 2.3072290450945554 × 10^374 | 4375 | 78 |
| iv_013 | 2.7705039852535762 × 10^374 | 4324 | 75 |
| iv_014 | 3.292014318373521 × 10^374 | 4691 | 74 |
| iv_015 | 3.8547996259605784 × 10^374 | 4791 | 93 |
| iv_016 | 3.8554289393504276 × 10^374 | 5134 | 87 |

### Input Bits Sorted by Complexity

| Input Bit | Complexity | Occurrences | Output Occurrences |
|:---------:|:----------:|:-----------:|:------------------:|
| iv_001 | 1.0138132382168277 × 10^372 | 4626 | 81 |
| iv_002 | 4.385307980664425 × 10^372 | 4462 | 74 |
| iv_003 | 1.2657458356661485 × 10^373 | 4399 | 85 |
| iv_004 | 2.788821658870974 × 10^373 | 4567 | 77 |
| iv_005 | 4.536670561688236 × 10^373 | 4239 | 78 |
| iv_006 | 6.297297578817417 × 10^373 | 4450 | 75 |
| iv_007 | 8.1192884940162105 × 10^373 | 4240 | 70 |
| iv_008 | 1.008709556052168 × 10^374 | 4255 | 73 |
| iv_009 | 1.2367066666660074 × 10^374 | 4603 | 87 |
| iv_010 | 1.5206585724260225 × 10^374 | 4383 | 88 |
| iv_011 | 1.8934230913483187 × 10^374 | 4813 | 89 |
| iv_012 | 2.3072290450945554 × 10^374 | 4375 | 78 |
| iv_013 | 2.7705039852535762 × 10^374 | 4324 | 75 |
| iv_014 | 3.292014318373521 × 10^374 | 4691 | 74 |
| iv_015 | 3.8547996259605784 × 10^374 | 4791 | 93 |
| iv_016 | 3.8554289393504276 × 10^374 | 5134 | 87 |

### Input Bits Sorted by Occurrences

| Input Bit | Complexity | Occurrences | Output Occurrences |
|:---------:|:----------:|:-----------:|:------------------:|
| iv_005 | 4.536670561688236 × 10^373 | 4239 | 78 |
| iv_007 | 8.1192884940162105 × 10^373 | 4240 | 70 |
| iv_008 | 1.008709556052168 × 10^374 | 4255 | 73 |
| iv_013 | 2.7705039852535762 × 10^374 | 4324 | 75 |
| iv_012 | 2.3072290450945554 × 10^374 | 4375 | 78 |
| iv_010 | 1.5206585724260225 × 10^374 | 4383 | 88 |
| iv_003 | 1.2657458356661485 × 10^373 | 4399 | 85 |
| iv_006 | 6.297297578817417 × 10^373 | 4450 | 75 |
| iv_002 | 4.385307980664425 × 10^372 | 4462 | 74 |
| iv_004 | 2.788821658870974 × 10^373 | 4567 | 77 |
| iv_009 | 1.2367066666660074 × 10^374 | 4603 | 87 |
| iv_001 | 1.0138132382168277 × 10^372 | 4626 | 81 |
| iv_014 | 3.292014318373521 × 10^374 | 4691 | 74 |
| iv_015 | 3.8547996259605784 × 10^374 | 4791 | 93 |
| iv_011 | 1.8934230913483187 × 10^374 | 4813 | 89 |
| iv_016 | 3.8554289393504276 × 10^374 | 5134 | 87 |

### Input Bits Sorted by Output Occurrences

| Input Bit | Complexity | Occurrences | Output Occurrences |
|:---------:|:----------:|:-----------:|:------------------:|
| iv_007 | 8.1192884940162105 × 10^373 | 4240 | 70 |
| iv_008 | 1.008709556052168 × 10^374 | 4255 | 73 |
| iv_002 | 4.385307980664425 × 10^372 | 4462 | 74 |
| iv_014 | 3.292014318373521 × 10^374 | 4691 | 74 |
| iv_006 | 6.297297578817417 × 10^373 | 4450 | 75 |
| iv_013 | 2.7705039852535762 × 10^374 | 4324 | 75 |
| iv_004 | 2.788821658870974 × 10^373 | 4567 | 77 |
| iv_005 | 4.536670561688236 × 10^373 | 4239 | 78 |
| iv_012 | 2.3072290450945554 × 10^374 | 4375 | 78 |
| iv_001 | 1.0138132382168277 × 10^372 | 4626 | 81 |
| iv_003 | 1.2657458356661485 × 10^373 | 4399 | 85 |
| iv_009 | 1.2367066666660074 × 10^374 | 4603 | 87 |
| iv_016 | 3.8554289393504276 × 10^374 | 5134 | 87 |
| iv_010 | 1.5206585724260225 × 10^374 | 4383 | 88 |
| iv_011 | 1.8934230913483187 × 10^374 | 4813 | 89 |
| iv_015 | 3.8547996259605784 × 10^374 | 4791 | 93 |

## Input Bit Co-occurrences

### Input Bit Co-occurrences Sorted by Co-occurrences

| Input Bits | Co-occurrences | Potential Occurrences | Output Co-occurrences | Potential Output Occurrences |
|:----------:|:--------------:|:---------------------:|:---------------------:|:----------------------------:|
| iv_015-iv_016 | 2595 | 4735 | 49 | 82 |
| iv_014-iv_016 | 2359 | 5107 | 40 | 81 |
| iv_011-iv_016 | 2352 | 5243 | 49 | 78 |
| iv_014-iv_015 | 2300 | 4882 | 46 | 75 |
| iv_001-iv_011 | 2271 | 4897 | 46 | 78 |
| iv_004-iv_014 | 2251 | 4756 | 32 | 87 |
| iv_001-iv_016 | 2241 | 5278 | 47 | 74 |
| iv_006-iv_011 | 2228 | 4807 | 40 | 84 |
| iv_010-iv_011 | 2226 | 4744 | 50 | 77 |
| iv_009-iv_016 | 2223 | 5291 | 48 | 78 |
| iv_001-iv_006 | 2212 | 4652 | 42 | 72 |
| iv_004-iv_016 | 2192 | 5317 | 42 | 80 |
| iv_006-iv_016 | 2187 | 5210 | 42 | 78 |
| iv_009-iv_015 | 2184 | 5026 | 49 | 82 |
| iv_011-iv_015 | 2161 | 5282 | 49 | 84 |
| iv_004-iv_009 | 2161 | 4848 | 42 | 80 |

### Input Bit Co-occurrences Sorted by Potential Occurrences

| Input Bits | Co-occurrences | Potential Occurrences | Output Co-occurrences | Potential Output Occurrences |
|:----------:|:--------------:|:---------------------:|:---------------------:|:----------------------------:|
| iv_005-iv_010 | 2039 | 4544 | 41 | 84 |
| iv_008-iv_009 | 2147 | 4564 | 39 | 82 |
| iv_007-iv_012 | 2023 | 4569 | 33 | 82 |
| iv_002-iv_012 | 2118 | 4601 | 37 | 78 |
| iv_002-iv_007 | 2049 | 4604 | 32 | 80 |
| iv_005-iv_009 | 2115 | 4612 | 48 | 69 |
| iv_008-iv_013 | 1983 | 4613 | 31 | 86 |
| iv_003-iv_008 | 2006 | 4642 | 42 | 74 |
| iv_008-iv_010 | 1994 | 4650 | 43 | 75 |
| iv_005-iv_008 | 1922 | 4650 | 33 | 85 |
| iv_001-iv_006 | 2212 | 4652 | 42 | 72 |
| iv_004-iv_013 | 2113 | 4665 | 40 | 72 |
| iv_009-iv_010 | 2160 | 4666 | 46 | 83 |
| iv_003-iv_010 | 2048 | 4686 | 45 | 83 |
| iv_003-iv_005 | 1974 | 4690 | 36 | 91 |
| iv_003-iv_013 | 2016 | 4691 | 35 | 90 |

### Input Bit Output Co-occurrences Sorted by Output Co-occurrences

| Input Bits | Co-occurrences | Potential Occurrences | Output Co-occurrences | Potential Output Occurrences |
|:----------:|:--------------:|:---------------------:|:---------------------:|:----------------------------:|
| iv_003-iv_016 | 2082 | 5369 | 55 | 62 |
| iv_001-iv_010 | 2078 | 4853 | 51 | 67 |
| iv_009-iv_011 | 2146 | 5124 | 50 | 76 |
| iv_010-iv_011 | 2226 | 4744 | 50 | 77 |
| iv_003-iv_011 | 2098 | 5016 | 50 | 74 |
| iv_009-iv_015 | 2184 | 5026 | 49 | 82 |
| iv_010-iv_016 | 2108 | 5301 | 49 | 77 |
| iv_011-iv_015 | 2161 | 5282 | 49 | 84 |
| iv_011-iv_016 | 2352 | 5243 | 49 | 78 |
| iv_015-iv_016 | 2595 | 4735 | 49 | 82 |
| iv_005-iv_009 | 2115 | 4612 | 48 | 69 |
| iv_009-iv_016 | 2223 | 5291 | 48 | 78 |
| iv_003-iv_009 | 2115 | 4772 | 48 | 76 |
| iv_003-iv_015 | 2020 | 5150 | 48 | 82 |
| iv_001-iv_009 | 2062 | 5105 | 47 | 74 |
| iv_001-iv_016 | 2241 | 5278 | 47 | 74 |

### Input Bit Output Co-occurrences Sorted by Potential Output Occurrences

| Input Bits | Co-occurrences | Potential Occurrences | Output Co-occurrences | Potential Output Occurrences |
|:----------:|:--------------:|:---------------------:|:---------------------:|:----------------------------:|
| iv_003-iv_016 | 2082 | 5369 | 55 | 62 |
| iv_001-iv_010 | 2078 | 4853 | 51 | 67 |
| iv_002-iv_009 | 2116 | 4833 | 47 | 67 |
| iv_005-iv_009 | 2115 | 4612 | 48 | 69 |
| iv_006-iv_012 | 2004 | 4817 | 42 | 69 |
| iv_006-iv_013 | 1958 | 4858 | 40 | 70 |
| iv_002-iv_008 | 1949 | 4819 | 38 | 71 |
| iv_001-iv_006 | 2212 | 4652 | 42 | 72 |
| iv_004-iv_013 | 2113 | 4665 | 40 | 72 |
| iv_012-iv_014 | 2017 | 5032 | 40 | 72 |
| iv_005-iv_011 | 2080 | 4892 | 47 | 73 |
| iv_010-iv_013 | 1978 | 4751 | 45 | 73 |
| iv_001-iv_007 | 2009 | 4848 | 39 | 73 |
| iv_002-iv_003 | 1940 | 4981 | 43 | 73 |
| iv_001-iv_009 | 2062 | 5105 | 47 | 74 |
| iv_001-iv_016 | 2241 | 5278 | 47 | 74 |

## Output Bits

### Output Bits in Regular Order

| Rank | Output Bit | Complexity |
|:----:|:----------:|:----------:|
| 1 | ov_001 | 3.6882296521809166 × 10^374 |
| 2 | ov_002 | 3.22055455792663 × 10^374 |
| 3 | ov_003 | 2.8002308945596267 × 10^374 |
| 4 | ov_004 | 2.423504784785182 × 10^374 |
| 5 | ov_005 | 2.0868328143511643 × 10^374 |
| 6 | ov_006 | 1.7868673278390364 × 10^374 |
| 7 | ov_007 | 1.5204434609459464 × 10^374 |
| 8 | ov_008 | 1.2845677416550702 × 10^374 |
| 9 | ov_009 | 1.0764081315043836 × 10^374 |
| 10 | ov_010 | 8.932854149368904 × 10^373 |
| 11 | ov_011 | 7.338971953486861 × 10^373 |
| 12 | ov_012 | 5.970121288915334 × 10^373 |
| 13 | ov_013 | 4.80369889608228 × 10^373 |
| 14 | ov_014 | 3.818400357032522 × 10^373 |
| 15 | ov_015 | 2.99418559083075 × 10^373 |
| 16 | ov_016 | 2.312251221471461 × 10^373 |
| 17 | ov_017 | 1.7550088234546283 × 10^373 |
| 18 | ov_018 | 1.306068130101812 × 10^373 |
| 19 | ov_019 | 9.502243691965076 × 10^372 |
| 20 | ov_020 | 6.734489697621721 × 10^372 |
| 21 | ov_021 | 4.628829628376829 × 10^372 |
| 22 | ov_022 | 3.068324780426087 × 10^372 |
| 23 | ov_023 | 1.947658165914277 × 10^372 |
| 24 | ov_024 | 1.1731166024751569 × 10^372 |
| 25 | ov_025 | 6.625805452255303 × 10^371 |
| 26 | ov_026 | 3.455188290609981 × 10^371 |
| 27 | ov_027 | 1.6298625119533721 × 10^371 |
| 28 | ov_028 | 6.762261630035686 × 10^370 |
| 29 | ov_029 | 2.365242858862604 × 10^370 |
| 30 | ov_030 | 6.497648407672056 × 10^369 |
| 31 | ov_031 | 1.2685048596542735 × 10^369 |
| 32 | lv_80_m31 | 2.4760974093147923 × 10^368 |
| 33 | ov_033 | 3.0657205130261834 × 10^369 |
| 34 | ov_034 | 2.678554112756533 × 10^369 |
| 35 | ov_035 | 2.330880999285996 × 10^369 |
| 36 | ov_036 | 2.0195156143236252 × 10^369 |
| 37 | ov_037 | 1.7414497185179587 × 10^369 |
| 38 | ov_038 | 1.4938399775548365 × 10^369 |
| 39 | ov_039 | 1.273997090779009 × 10^369 |
| 40 | ov_040 | 1.0793763252942071 × 10^369 |
| 41 | ov_041 | 9.075693259148483 × 10^368 |
| 42 | ov_042 | 7.562970784510762 × 10^368 |
| 43 | ov_043 | 6.234039106591188 × 10^368 |
| 44 | ov_044 | 5.078421333670683 × 10^368 |
| 45 | ov_045 | 4.0862203503426136 × 10^368 |
| 46 | ov_046 | 3.2480995367382616 × 10^368 |
| 47 | ov_047 | 2.5470066638086772 × 10^368 |
| 48 | ov_048 | 1.966942694061403 × 10^368 |
| 49 | ov_049 | 1.4929433744483663 × 10^368 |
| 50 | ov_050 | 1.1110648920954562 × 10^368 |
| 51 | ov_051 | 8.0837293470516055 × 10^367 |
| 52 | ov_052 | 5.72934557105736 × 10^367 |
| 53 | ov_053 | 3.938123149117942 × 10^367 |
| 54 | ov_054 | 2.610601856593352 × 10^367 |
| 55 | ov_055 | 1.6572085712251727 × 10^367 |
| 56 | ov_056 | 9.982402183515669 × 10^366 |
| 57 | ov_057 | 5.638537614200208 × 10^366 |
| 58 | ov_058 | 2.9406081401158817 × 10^366 |
| 59 | ov_059 | 1.387250375777854 × 10^366 |
| 60 | ov_060 | 5.7561047844616 × 10^365 |
| 61 | ov_061 | 2.0134032635057594 × 10^365 |
| 62 | ov_062 | 5.531060614848009 × 10^364 |
| 63 | ov_063 | 1.0797370071393315 × 10^364 |
| 64 | lv_79_m31 | 2.1074022760337276 × 10^363 |
| 65 | ov_065 | 2.5856750390907014 × 10^364 |
| 66 | ov_066 | 2.5856619881206563 × 10^364 |
| 67 | ov_067 | 2.5856588233473726 × 10^364 |
| 68 | ov_068 | 2.2570733142464545 × 10^364 |
| 69 | ov_069 | 1.9615081664754902 × 10^364 |
| 70 | ov_070 | 1.6964999674799664 × 10^364 |
| 71 | ov_071 | 1.4597238708541279 × 10^364 |
| 72 | ov_072 | 1.2489836432249207 × 10^364 |
| 73 | ov_073 | 1.0622028960473046 × 10^364 |
| 74 | ov_074 | 8.974173878838968 × 10^363 |
| 75 | ov_075 | 7.527683014405461 × 10^363 |
| 76 | ov_076 | 6.2649642972442 × 10^363 |
| 77 | ov_077 | 5.169372107880417 × 10^363 |
| 78 | ov_078 | 4.2251653208037865 × 10^363 |
| 79 | ov_079 | 3.4174721920009434 × 10^363 |
| 80 | ov_080 | 2.7322612915525653 × 10^363 |
| 81 | ov_081 | 2.1563177343539287 × 10^363 |
| 82 | ov_082 | 1.677224013198138 × 10^363 |
| 83 | ov_083 | 1.2833447890073429 × 10^363 |
| 84 | ov_084 | 9.638150430761284 × 10^362 |
| 85 | ov_085 | 7.085310459379086 × 10^362 |
| 86 | ov_086 | 5.0814364698370655 × 10^362 |
| 87 | ov_087 | 3.54053438331791 × 10^362 |
| 88 | ov_088 | 2.3840739572315895 × 10^362 |
| 89 | ov_089 | 1.5409664844022417 × 10^362 |
| 90 | ov_090 | 9.475507943946752 × 10^361 |
| 91 | ov_091 | 5.475850606938344 × 10^361 |
| 92 | ov_092 | 2.922424092064921 × 10^361 |
| 93 | ov_093 | 1.401088111353537 × 10^361 |
| 94 | ov_094 | 5.71822063729216 × 10^360 |
| 95 | aaa_78_28 | 1.6872203295064812 × 10^360 |
| 96 | aaa_78_29 | 5.697196418532471 × 10^359 |
| 97 | ov_097 | 3.8948310597607336 × 10^359 |
| 98 | ov_098 | 3.8948203867591604 × 10^359 |
| 99 | ov_099 | 3.8948178028359444 × 10^359 |
| 100 | ov_100 | 3.399252960437055 × 10^359 |
| 101 | ov_101 | 2.954261699026331 × 10^359 |
| 102 | ov_102 | 2.5558286813541372 × 10^359 |
| 103 | ov_103 | 2.2001636619394972 × 10^359 |
| 104 | ov_104 | 1.8836863335756744 × 10^359 |
| 105 | ov_105 | 1.6030130017916126 × 10^359 |
| 106 | ov_106 | 1.3549448672522097 × 10^359 |
| 107 | ov_107 | 1.1364577198821038 × 10^359 |
| 108 | ov_108 | 9.446928941558365 × 10^358 |
| 109 | ov_109 | 7.769493781860913 × 10^358 |
| 110 | ov_110 | 6.319151623023637 × 10^358 |
| 111 | ov_111 | 5.083520712252826 × 10^358 |
| 112 | ov_112 | 4.03994934820335 × 10^358 |
| 113 | ov_113 | 3.1671449907563646 × 10^358 |
| 114 | ov_114 | 2.445140660827014 × 10^358 |
| 115 | ov_115 | 1.8552682223832813 × 10^358 |
| 116 | ov_116 | 1.3801377071219584 × 10^358 |
| 117 | ov_117 | 1.0036217227937961 × 10^358 |
| 118 | ov_118 | 7.10844013405163 × 10^357 |
| 119 | ov_119 | 4.881713369713736 × 10^357 |
| 120 | ov_120 | 3.232079238002691 × 10^357 |
| 121 | ov_121 | 2.0479187550843536 × 10^357 |
| 122 | ov_122 | 1.229929621552835 × 10^357 |
| 123 | ov_123 | 6.911137204379733 × 10^356 |
| 124 | ov_124 | 3.567706548520342 × 10^356 |
| 125 | ov_125 | 1.6449477761558848 × 10^356 |
| 126 | ov_126 | 6.4174018313006385 × 10^355 |
| 127 | aaa_77_28 | 1.7989505108593493 × 10^355 |
| 128 | aaa_77_29 | 5.474973121974243 × 10^354 |
| 129 | ov_129 | 3.2631074422051245 × 10^354 |
| 130 | ov_130 | 3.2630967699622906 × 10^354 |
| 131 | ov_131 | 3.2630941813238114 × 10^354 |
| 132 | ov_132 | 2.847624007827231 × 10^354 |
| 133 | ov_133 | 2.477181090591796 × 10^354 |
| 134 | ov_134 | 2.147778175865717 × 10^354 |
| 135 | ov_135 | 1.8556549834500756 × 10^354 |
| 136 | ov_136 | 1.5972626618213976 × 10^354 |
| 137 | ov_137 | 1.3692499541062427 × 10^354 |
| 138 | ov_138 | 1.1684509112103161 × 10^354 |
| 139 | ov_139 | 9.918740351414867 × 10^353 |
| 140 | ov_140 | 8.366927546308392 × 10^353 |
| 141 | ov_141 | 7.002371406784509 × 10^353 |
| 142 | ov_142 | 5.799867749852303 × 10^353 |
| 143 | ov_143 | 4.747180040482751 × 10^353 |
| 144 | ov_144 | 3.832775132336991 × 10^353 |
| 145 | ov_145 | 3.0458003289597965 × 10^353 |
| 146 | ov_146 | 2.3760648089492952 × 10^353 |
| 147 | ov_147 | 1.81402487468732 × 10^353 |
| 148 | ov_148 | 1.3507724515467095 × 10^353 |
| 149 | ov_149 | 9.780263121631162 × 10^352 |
| 150 | ov_150 | 6.881255478391438 × 10^352 |
| 151 | ov_151 | 4.6759188229245795 × 10^352 |
| 152 | ov_152 | 3.041695133952181 × 10^352 |
| 153 | ov_153 | 1.8682155844920145 × 10^352 |
| 154 | ov_154 | 1.0572787462211607 × 10^352 |
| 155 | ov_155 | 5.228381636293962 × 10^351 |
| 156 | aaa_76_25 | 1.9099602918449426 × 10^351 |
| 157 | aaa_76_26 | 9.975776232167813 × 10^350 |
| 158 | aaa_76_27 | 4.598331781973472 × 10^350 |
| 159 | aaa_76_28 | 1.7936153648155675 × 10^350 |
| 160 | aaa_76_29 | 5.4666337806057194 × 10^349 |

### Output Bits Sorted by Complexity

| Rank | Output Bit | Complexity |
|:----:|:----------:|:----------:|
| 160 | aaa_76_29 | 5.4666337806057194 × 10^349 |
| 159 | aaa_76_28 | 1.7936153648155675 × 10^350 |
| 158 | aaa_76_27 | 4.598331781973472 × 10^350 |
| 157 | aaa_76_26 | 9.975776232167813 × 10^350 |
| 156 | aaa_76_25 | 1.9099602918449426 × 10^351 |
| 155 | ov_155 | 5.228381636293962 × 10^351 |
| 154 | ov_154 | 1.0572787462211607 × 10^352 |
| 153 | ov_153 | 1.8682155844920145 × 10^352 |
| 152 | ov_152 | 3.041695133952181 × 10^352 |
| 151 | ov_151 | 4.6759188229245795 × 10^352 |
| 150 | ov_150 | 6.881255478391438 × 10^352 |
| 149 | ov_149 | 9.780263121631162 × 10^352 |
| 148 | ov_148 | 1.3507724515467095 × 10^353 |
| 147 | ov_147 | 1.81402487468732 × 10^353 |
| 146 | ov_146 | 2.3760648089492952 × 10^353 |
| 145 | ov_145 | 3.0458003289597965 × 10^353 |
| 144 | ov_144 | 3.832775132336991 × 10^353 |
| 143 | ov_143 | 4.747180040482751 × 10^353 |
| 142 | ov_142 | 5.799867749852303 × 10^353 |
| 141 | ov_141 | 7.002371406784509 × 10^353 |
| 140 | ov_140 | 8.366927546308392 × 10^353 |
| 139 | ov_139 | 9.918740351414867 × 10^353 |
| 138 | ov_138 | 1.1684509112103161 × 10^354 |
| 137 | ov_137 | 1.3692499541062427 × 10^354 |
| 136 | ov_136 | 1.5972626618213976 × 10^354 |
| 135 | ov_135 | 1.8556549834500756 × 10^354 |
| 134 | ov_134 | 2.147778175865717 × 10^354 |
| 133 | ov_133 | 2.477181090591796 × 10^354 |
| 132 | ov_132 | 2.847624007827231 × 10^354 |
| 131 | ov_131 | 3.2630941813238114 × 10^354 |
| 130 | ov_130 | 3.2630967699622906 × 10^354 |
| 129 | ov_129 | 3.2631074422051245 × 10^354 |
| 128 | aaa_77_29 | 5.474973121974243 × 10^354 |
| 127 | aaa_77_28 | 1.7989505108593493 × 10^355 |
| 126 | ov_126 | 6.4174018313006385 × 10^355 |
| 125 | ov_125 | 1.6449477761558848 × 10^356 |
| 124 | ov_124 | 3.567706548520342 × 10^356 |
| 123 | ov_123 | 6.911137204379733 × 10^356 |
| 122 | ov_122 | 1.229929621552835 × 10^357 |
| 121 | ov_121 | 2.0479187550843536 × 10^357 |
| 120 | ov_120 | 3.232079238002691 × 10^357 |
| 119 | ov_119 | 4.881713369713736 × 10^357 |
| 118 | ov_118 | 7.10844013405163 × 10^357 |
| 117 | ov_117 | 1.0036217227937961 × 10^358 |
| 116 | ov_116 | 1.3801377071219584 × 10^358 |
| 115 | ov_115 | 1.8552682223832813 × 10^358 |
| 114 | ov_114 | 2.445140660827014 × 10^358 |
| 113 | ov_113 | 3.1671449907563646 × 10^358 |
| 112 | ov_112 | 4.03994934820335 × 10^358 |
| 111 | ov_111 | 5.083520712252826 × 10^358 |
| 110 | ov_110 | 6.319151623023637 × 10^358 |
| 109 | ov_109 | 7.769493781860913 × 10^358 |
| 108 | ov_108 | 9.446928941558365 × 10^358 |
| 107 | ov_107 | 1.1364577198821038 × 10^359 |
| 106 | ov_106 | 1.3549448672522097 × 10^359 |
| 105 | ov_105 | 1.6030130017916126 × 10^359 |
| 104 | ov_104 | 1.8836863335756744 × 10^359 |
| 103 | ov_103 | 2.2001636619394972 × 10^359 |
| 102 | ov_102 | 2.5558286813541372 × 10^359 |
| 101 | ov_101 | 2.954261699026331 × 10^359 |
| 100 | ov_100 | 3.399252960437055 × 10^359 |
| 99 | ov_099 | 3.8948178028359444 × 10^359 |
| 98 | ov_098 | 3.8948203867591604 × 10^359 |
| 97 | ov_097 | 3.8948310597607336 × 10^359 |
| 96 | aaa_78_29 | 5.697196418532471 × 10^359 |
| 95 | aaa_78_28 | 1.6872203295064812 × 10^360 |
| 94 | ov_094 | 5.71822063729216 × 10^360 |
| 93 | ov_093 | 1.401088111353537 × 10^361 |
| 92 | ov_092 | 2.922424092064921 × 10^361 |
| 91 | ov_091 | 5.475850606938344 × 10^361 |
| 90 | ov_090 | 9.475507943946752 × 10^361 |
| 89 | ov_089 | 1.5409664844022417 × 10^362 |
| 88 | ov_088 | 2.3840739572315895 × 10^362 |
| 87 | ov_087 | 3.54053438331791 × 10^362 |
| 86 | ov_086 | 5.0814364698370655 × 10^362 |
| 85 | ov_085 | 7.085310459379086 × 10^362 |
| 84 | ov_084 | 9.638150430761284 × 10^362 |
| 83 | ov_083 | 1.2833447890073429 × 10^363 |
| 82 | ov_082 | 1.677224013198138 × 10^363 |
| 64 | lv_79_m31 | 2.1074022760337276 × 10^363 |
| 81 | ov_081 | 2.1563177343539287 × 10^363 |
| 80 | ov_080 | 2.7322612915525653 × 10^363 |
| 79 | ov_079 | 3.4174721920009434 × 10^363 |
| 78 | ov_078 | 4.2251653208037865 × 10^363 |
| 77 | ov_077 | 5.169372107880417 × 10^363 |
| 76 | ov_076 | 6.2649642972442 × 10^363 |
| 75 | ov_075 | 7.527683014405461 × 10^363 |
| 74 | ov_074 | 8.974173878838968 × 10^363 |
| 73 | ov_073 | 1.0622028960473046 × 10^364 |
| 63 | ov_063 | 1.0797370071393315 × 10^364 |
| 72 | ov_072 | 1.2489836432249207 × 10^364 |
| 71 | ov_071 | 1.4597238708541279 × 10^364 |
| 70 | ov_070 | 1.6964999674799664 × 10^364 |
| 69 | ov_069 | 1.9615081664754902 × 10^364 |
| 68 | ov_068 | 2.2570733142464545 × 10^364 |
| 67 | ov_067 | 2.5856588233473726 × 10^364 |
| 66 | ov_066 | 2.5856619881206563 × 10^364 |
| 65 | ov_065 | 2.5856750390907014 × 10^364 |
| 62 | ov_062 | 5.531060614848009 × 10^364 |
| 61 | ov_061 | 2.0134032635057594 × 10^365 |
| 60 | ov_060 | 5.7561047844616 × 10^365 |
| 59 | ov_059 | 1.387250375777854 × 10^366 |
| 58 | ov_058 | 2.9406081401158817 × 10^366 |
| 57 | ov_057 | 5.638537614200208 × 10^366 |
| 56 | ov_056 | 9.982402183515669 × 10^366 |
| 55 | ov_055 | 1.6572085712251727 × 10^367 |
| 54 | ov_054 | 2.610601856593352 × 10^367 |
| 53 | ov_053 | 3.938123149117942 × 10^367 |
| 52 | ov_052 | 5.72934557105736 × 10^367 |
| 51 | ov_051 | 8.0837293470516055 × 10^367 |
| 50 | ov_050 | 1.1110648920954562 × 10^368 |
| 49 | ov_049 | 1.4929433744483663 × 10^368 |
| 48 | ov_048 | 1.966942694061403 × 10^368 |
| 32 | lv_80_m31 | 2.4760974093147923 × 10^368 |
| 47 | ov_047 | 2.5470066638086772 × 10^368 |
| 46 | ov_046 | 3.2480995367382616 × 10^368 |
| 45 | ov_045 | 4.0862203503426136 × 10^368 |
| 44 | ov_044 | 5.078421333670683 × 10^368 |
| 43 | ov_043 | 6.234039106591188 × 10^368 |
| 42 | ov_042 | 7.562970784510762 × 10^368 |
| 41 | ov_041 | 9.075693259148483 × 10^368 |
| 40 | ov_040 | 1.0793763252942071 × 10^369 |
| 31 | ov_031 | 1.2685048596542735 × 10^369 |
| 39 | ov_039 | 1.273997090779009 × 10^369 |
| 38 | ov_038 | 1.4938399775548365 × 10^369 |
| 37 | ov_037 | 1.7414497185179587 × 10^369 |
| 36 | ov_036 | 2.0195156143236252 × 10^369 |
| 35 | ov_035 | 2.330880999285996 × 10^369 |
| 34 | ov_034 | 2.678554112756533 × 10^369 |
| 33 | ov_033 | 3.0657205130261834 × 10^369 |
| 30 | ov_030 | 6.497648407672056 × 10^369 |
| 29 | ov_029 | 2.365242858862604 × 10^370 |
| 28 | ov_028 | 6.762261630035686 × 10^370 |
| 27 | ov_027 | 1.6298625119533721 × 10^371 |
| 26 | ov_026 | 3.455188290609981 × 10^371 |
| 25 | ov_025 | 6.625805452255303 × 10^371 |
| 24 | ov_024 | 1.1731166024751569 × 10^372 |
| 23 | ov_023 | 1.947658165914277 × 10^372 |
| 22 | ov_022 | 3.068324780426087 × 10^372 |
| 21 | ov_021 | 4.628829628376829 × 10^372 |
| 20 | ov_020 | 6.734489697621721 × 10^372 |
| 19 | ov_019 | 9.502243691965076 × 10^372 |
| 18 | ov_018 | 1.306068130101812 × 10^373 |
| 17 | ov_017 | 1.7550088234546283 × 10^373 |
| 16 | ov_016 | 2.312251221471461 × 10^373 |
| 15 | ov_015 | 2.99418559083075 × 10^373 |
| 14 | ov_014 | 3.818400357032522 × 10^373 |
| 13 | ov_013 | 4.80369889608228 × 10^373 |
| 12 | ov_012 | 5.970121288915334 × 10^373 |
| 11 | ov_011 | 7.338971953486861 × 10^373 |
| 10 | ov_010 | 8.932854149368904 × 10^373 |
| 9 | ov_009 | 1.0764081315043836 × 10^374 |
| 8 | ov_008 | 1.2845677416550702 × 10^374 |
| 7 | ov_007 | 1.5204434609459464 × 10^374 |
| 6 | ov_006 | 1.7868673278390364 × 10^374 |
| 5 | ov_005 | 2.0868328143511643 × 10^374 |
| 4 | ov_004 | 2.423504784785182 × 10^374 |
| 3 | ov_003 | 2.8002308945596267 × 10^374 |
| 2 | ov_002 | 3.22055455792663 × 10^374 |
| 1 | ov_001 | 3.6882296521809166 × 10^374 |

