# Results for F017-F018-F019-F020-F021-F022-F023-F024-F025-F026-F027-F028-F029-F030-F031-F032-F033-F034-F035-F036-F037-F038-F039-F040-F041-F042-F043-F044-F045-F046-F047-F048-F049-F050-F051-F052-F053-F054-F055-F056-F057-F058-F059-F060-F061-F062-F063-F064-F065-F066-F067-F068-F069-F070-F071-F072-F073-F074-F075-F076-F077-F078-F079-F080-F081-F082-F083-F084-F085-F086-F087-F088-F089-F090-F091-F092-F093-F094-F095-F096-F097-F098-F099-F100-F101-F102-F103-F104-F105-F106-F107-F108-F109-F110-F111-F112-F113-F114-F115-F116-F117-F118-F119-F120-F121-F122-F123-F124-F125-F126-F127-F128-F129-F130-F131-F132-F133-F134-F135-F136-F137-F138-F139-F140-F141-F142-F143-F144-F145-F146-F147-F148-F149-F150-F151-F152-F153-F154-F155-F156-F157-F158-F159-F160-F161-F162-F163-F164-F165-F166-F167-F168-F169-F170-F171-F172-F173-F174-F175-F176-F177-F178-F179-F180-F181-F182-F183-F184-F185-F186-F187-F188-F189-F190-F191-F192-F193-F194-F195-F196-F197-F198-F199-F200-F201-F202-F203-F204-F205-F206-F207-F208-F209-F210-F211-F212-F213-F214-F215-F216-F217-F218-F219-F220-F221-F222-F223-F224-F225-F226-F227-F228-F229-F230-F231-F232-F233-F234-F235-F236-F237-F238-F239-F240-F241-F242-F243-F244-F245-F246-F247-F248-F249-F250-F251-F252-F253-F254-F255-F256-F257-F258-F259-F260-F261-F262-F263-F264-F265-F266-F267-F268-F269-F270-F271-F272-F273-F274-F275-F276-F277-F278-F279-F280-F281-F282-F283-F284-F285-F286-F287-F288-F289-F290-F291-F292-F293-F294-F295-F296-F297-F298-F299-F300-F301-F302-F303-F304-F305-F306-F307-F308-F309-F310-F311-F312-F313-F314-F315-F316-F317-F318-F319-F320-F321-F322-F323-F324-F325-F326-F327-F328-F329-F330-F331-F332-F333-F334-F335-F336-F337-F338-F339-F340-F341-F342-F343-F344-F345-F346-F347-F348-F349-F350-F351-F352-F353-F354-F355-F356-F357-F358-F359-F360-F361-F362-F363-F364-F365-F366-F367-F368-F369-F370-F371-F372-F373-F374-F375-F376-F377-F378-F379-F380-F381-F382-F383-F384-F385-F386-F387-F388-F389-F390-F391-F392-F393-F394-F395-F396-F397-F398-F399-F400-F401-F402-F403-F404-F405-F406-F407-F408-F409-F410-F411-F412-F413-F414-F415-F416-F417-F418-F419-F420-F421-F422-F423-F424-F425-F426-F427-F428-F429-F430-F431-F432-F433-F434-F435-F436-F437-F438-F439-F440-F441-F442-F443-F444-F445-F446-F447-F448-F449-F450-F451-F452-F453-F454-F455-F456-F457-F458-F459-F460-F461-F462-F463-F464-F465-F466-F467-F468-F469-F470-F471-F472-F473-F474-F475-F476-F477-F478-F479-F480-F481-F482-F483-F484-F485-F486-F487-F488-F489-F490-F491-F492-F493-F494-F495-F496-F497-F498-F499-F500-F501-F502-F503-F504-F505-F506-F507-F508-F509-F510-F511-F512

## Summary

Number of input bits: 512  
Number of free input bits: 16  
Number of output bits: 160

Number of direct occurrences: 72211  
Number of assignments: 39184  
Number of operations: 19126508
(xor: 19088960,
and: 20890,
or: 16658)

Total complexity: 9.925038284791521 × 10^355

Least occurring input variable: iv_012 (4188)  
Most occurring input variable: iv_015 (4856)

Most co-occurring input variables: iv_005-iv_015 (2353)  
Least co-occurring input variables: iv_012-iv_016 (1921)

Potentially most occurring input variable: iv_011/iv_015 (5220)  
Potentially least occurring input variable: iv_002/iv_007 (4382)

Least output occurring input variable: iv_011 (63)  
Most output occurring input variable: iv_012 (86)

Most output co-occurring input variables: iv_005-iv_015 (50)  
Least output co-occurring input variables: iv_005-iv_011 (20)

Potentially most output occurring input variable: iv_005/iv_011 (96)  
Potentially least output occurring input variable: iv_005/iv_015 (59)

Least complex input bit: iv_016 (1.4511589703621293 × 10^352)  
Most complex input bit: iv_015 (2.0186579944687168 × 10^355)

Least complex output bit: aaa_76_29 (2.0841014162342916 × 10^331)  
Most complex output bit: ov_001 (1.519400882974814 × 10^355)

Least complex input/output complexity: iv_016/aaa_76_29 (3.0472048354182626 × 10^327)  
Most complex input/output complexity: iv_015/ov_001 (3.090316280109299 × 10^354)

## Input Bits

### Input Bits in Regular Order

| Input Bit | Complexity | Occurrences | Output Occurrences |
|:---------:|:----------:|:-----------:|:------------------:|
| iv_001 | 4.4310959860521354 × 10^352 | 4570 | 75 |
| iv_002 | 1.9179979685107414 × 10^353 | 4364 | 80 |
| iv_003 | 5.517713231507048 × 10^353 | 4376 | 75 |
| iv_004 | 1.2002030591984036 × 10^354 | 4542 | 77 |
| iv_005 | 1.9240488755980745 × 10^354 | 4619 | 73 |
| iv_006 | 2.657447720950825 × 10^354 | 4403 | 80 |
| iv_007 | 3.446460960557919 × 10^354 | 4358 | 81 |
| iv_008 | 4.3407274622774115 × 10^354 | 4447 | 69 |
| iv_009 | 5.456665375849214 × 10^354 | 4629 | 84 |
| iv_010 | 6.965172072742664 × 10^354 | 4484 | 83 |
| iv_011 | 9.092097962208236 × 10^354 | 4646 | 63 |
| iv_012 | 1.1501263792529666 × 10^355 | 4188 | 86 |
| iv_013 | 1.4254780123974285 × 10^355 | 4539 | 78 |
| iv_014 | 1.7422541827775522 × 10^355 | 4685 | 83 |
| iv_015 | 2.0186579944687168 × 10^355 | 4856 | 86 |
| iv_016 | 1.4511589703621293 × 10^352 | 4505 | 79 |

### Input Bits Sorted by Complexity

| Input Bit | Complexity | Occurrences | Output Occurrences |
|:---------:|:----------:|:-----------:|:------------------:|
| iv_016 | 1.4511589703621293 × 10^352 | 4505 | 79 |
| iv_001 | 4.4310959860521354 × 10^352 | 4570 | 75 |
| iv_002 | 1.9179979685107414 × 10^353 | 4364 | 80 |
| iv_003 | 5.517713231507048 × 10^353 | 4376 | 75 |
| iv_004 | 1.2002030591984036 × 10^354 | 4542 | 77 |
| iv_005 | 1.9240488755980745 × 10^354 | 4619 | 73 |
| iv_006 | 2.657447720950825 × 10^354 | 4403 | 80 |
| iv_007 | 3.446460960557919 × 10^354 | 4358 | 81 |
| iv_008 | 4.3407274622774115 × 10^354 | 4447 | 69 |
| iv_009 | 5.456665375849214 × 10^354 | 4629 | 84 |
| iv_010 | 6.965172072742664 × 10^354 | 4484 | 83 |
| iv_011 | 9.092097962208236 × 10^354 | 4646 | 63 |
| iv_012 | 1.1501263792529666 × 10^355 | 4188 | 86 |
| iv_013 | 1.4254780123974285 × 10^355 | 4539 | 78 |
| iv_014 | 1.7422541827775522 × 10^355 | 4685 | 83 |
| iv_015 | 2.0186579944687168 × 10^355 | 4856 | 86 |

### Input Bits Sorted by Occurrences

| Input Bit | Complexity | Occurrences | Output Occurrences |
|:---------:|:----------:|:-----------:|:------------------:|
| iv_012 | 1.1501263792529666 × 10^355 | 4188 | 86 |
| iv_007 | 3.446460960557919 × 10^354 | 4358 | 81 |
| iv_002 | 1.9179979685107414 × 10^353 | 4364 | 80 |
| iv_003 | 5.517713231507048 × 10^353 | 4376 | 75 |
| iv_006 | 2.657447720950825 × 10^354 | 4403 | 80 |
| iv_008 | 4.3407274622774115 × 10^354 | 4447 | 69 |
| iv_010 | 6.965172072742664 × 10^354 | 4484 | 83 |
| iv_016 | 1.4511589703621293 × 10^352 | 4505 | 79 |
| iv_013 | 1.4254780123974285 × 10^355 | 4539 | 78 |
| iv_004 | 1.2002030591984036 × 10^354 | 4542 | 77 |
| iv_001 | 4.4310959860521354 × 10^352 | 4570 | 75 |
| iv_005 | 1.9240488755980745 × 10^354 | 4619 | 73 |
| iv_009 | 5.456665375849214 × 10^354 | 4629 | 84 |
| iv_011 | 9.092097962208236 × 10^354 | 4646 | 63 |
| iv_014 | 1.7422541827775522 × 10^355 | 4685 | 83 |
| iv_015 | 2.0186579944687168 × 10^355 | 4856 | 86 |

### Input Bits Sorted by Output Occurrences

| Input Bit | Complexity | Occurrences | Output Occurrences |
|:---------:|:----------:|:-----------:|:------------------:|
| iv_011 | 9.092097962208236 × 10^354 | 4646 | 63 |
| iv_008 | 4.3407274622774115 × 10^354 | 4447 | 69 |
| iv_005 | 1.9240488755980745 × 10^354 | 4619 | 73 |
| iv_003 | 5.517713231507048 × 10^353 | 4376 | 75 |
| iv_001 | 4.4310959860521354 × 10^352 | 4570 | 75 |
| iv_004 | 1.2002030591984036 × 10^354 | 4542 | 77 |
| iv_013 | 1.4254780123974285 × 10^355 | 4539 | 78 |
| iv_016 | 1.4511589703621293 × 10^352 | 4505 | 79 |
| iv_002 | 1.9179979685107414 × 10^353 | 4364 | 80 |
| iv_006 | 2.657447720950825 × 10^354 | 4403 | 80 |
| iv_007 | 3.446460960557919 × 10^354 | 4358 | 81 |
| iv_010 | 6.965172072742664 × 10^354 | 4484 | 83 |
| iv_014 | 1.7422541827775522 × 10^355 | 4685 | 83 |
| iv_009 | 5.456665375849214 × 10^354 | 4629 | 84 |
| iv_015 | 2.0186579944687168 × 10^355 | 4856 | 86 |
| iv_012 | 1.1501263792529666 × 10^355 | 4188 | 86 |

## Input Bit Co-occurrences

### Input Bit Co-occurrences Sorted by Co-occurrences

| Input Bits | Co-occurrences | Potential Occurrences | Output Co-occurrences | Potential Output Occurrences |
|:----------:|:--------------:|:---------------------:|:---------------------:|:----------------------------:|
| iv_005-iv_015 | 2353 | 4769 | 50 | 59 |
| iv_004-iv_005 | 2346 | 4469 | 35 | 80 |
| iv_014-iv_015 | 2314 | 4913 | 39 | 91 |
| iv_008-iv_009 | 2314 | 4448 | 38 | 77 |
| iv_009-iv_015 | 2314 | 4857 | 45 | 80 |
| iv_009-iv_014 | 2273 | 4768 | 45 | 77 |
| iv_010-iv_015 | 2248 | 4844 | 44 | 81 |
| iv_009-iv_011 | 2246 | 4783 | 33 | 81 |
| iv_001-iv_006 | 2241 | 4491 | 39 | 77 |
| iv_004-iv_009 | 2237 | 4697 | 44 | 73 |
| iv_009-iv_010 | 2234 | 4645 | 47 | 73 |
| iv_005-iv_009 | 2216 | 4816 | 34 | 89 |
| iv_013-iv_014 | 2203 | 4818 | 40 | 81 |
| iv_004-iv_014 | 2203 | 4821 | 41 | 78 |
| iv_005-iv_010 | 2202 | 4699 | 34 | 88 |
| iv_013-iv_015 | 2197 | 5001 | 46 | 72 |

### Input Bit Co-occurrences Sorted by Potential Occurrences

| Input Bits | Co-occurrences | Potential Occurrences | Output Co-occurrences | Potential Output Occurrences |
|:----------:|:--------------:|:---------------------:|:---------------------:|:----------------------------:|
| iv_002-iv_007 | 2170 | 4382 | 42 | 77 |
| iv_002-iv_012 | 2056 | 4440 | 42 | 82 |
| iv_008-iv_009 | 2314 | 4448 | 38 | 77 |
| iv_004-iv_005 | 2346 | 4469 | 35 | 80 |
| iv_003-iv_012 | 2037 | 4490 | 42 | 77 |
| iv_001-iv_006 | 2241 | 4491 | 39 | 77 |
| iv_007-iv_012 | 2027 | 4492 | 45 | 77 |
| iv_003-iv_013 | 2188 | 4539 | 36 | 81 |
| iv_003-iv_008 | 2141 | 4541 | 34 | 76 |
| iv_003-iv_004 | 2188 | 4542 | 38 | 76 |
| iv_008-iv_012 | 2031 | 4573 | 37 | 81 |
| iv_003-iv_007 | 2057 | 4620 | 42 | 72 |
| iv_008-iv_013 | 2180 | 4626 | 34 | 79 |
| iv_012-iv_013 | 2047 | 4633 | 42 | 80 |
| iv_009-iv_010 | 2234 | 4645 | 47 | 73 |
| iv_002-iv_008 | 2081 | 4649 | 33 | 83 |

### Input Bit Output Co-occurrences Sorted by Output Co-occurrences

| Input Bits | Co-occurrences | Potential Occurrences | Output Co-occurrences | Potential Output Occurrences |
|:----------:|:--------------:|:---------------------:|:---------------------:|:----------------------------:|
| iv_005-iv_015 | 2353 | 4769 | 50 | 59 |
| iv_002-iv_006 | 2031 | 4705 | 47 | 66 |
| iv_006-iv_015 | 2054 | 5151 | 47 | 72 |
| iv_009-iv_010 | 2234 | 4645 | 47 | 73 |
| iv_013-iv_015 | 2197 | 5001 | 46 | 72 |
| iv_012-iv_015 | 2033 | 4978 | 46 | 80 |
| iv_001-iv_009 | 2166 | 4867 | 46 | 67 |
| iv_002-iv_010 | 2043 | 4762 | 45 | 73 |
| iv_006-iv_007 | 2042 | 4677 | 45 | 71 |
| iv_009-iv_014 | 2273 | 4768 | 45 | 77 |
| iv_009-iv_015 | 2314 | 4857 | 45 | 80 |
| iv_007-iv_012 | 2027 | 4492 | 45 | 77 |
| iv_002-iv_014 | 2129 | 4791 | 44 | 75 |
| iv_007-iv_015 | 2105 | 5004 | 44 | 79 |
| iv_010-iv_014 | 2178 | 4813 | 44 | 78 |
| iv_010-iv_015 | 2248 | 4844 | 44 | 81 |

### Input Bit Output Co-occurrences Sorted by Potential Output Occurrences

| Input Bits | Co-occurrences | Potential Occurrences | Output Co-occurrences | Potential Output Occurrences |
|:----------:|:--------------:|:---------------------:|:---------------------:|:----------------------------:|
| iv_005-iv_015 | 2353 | 4769 | 50 | 59 |
| iv_002-iv_006 | 2031 | 4705 | 47 | 66 |
| iv_008-iv_014 | 2197 | 4738 | 43 | 66 |
| iv_001-iv_009 | 2166 | 4867 | 46 | 67 |
| iv_004-iv_011 | 2066 | 5056 | 36 | 68 |
| iv_001-iv_010 | 2111 | 4832 | 44 | 70 |
| iv_005-iv_013 | 2089 | 4980 | 40 | 71 |
| iv_006-iv_007 | 2042 | 4677 | 45 | 71 |
| iv_004-iv_013 | 2141 | 4799 | 42 | 71 |
| iv_006-iv_015 | 2054 | 5151 | 47 | 72 |
| iv_013-iv_015 | 2197 | 5001 | 46 | 72 |
| iv_004-iv_010 | 2129 | 4768 | 44 | 72 |
| iv_003-iv_007 | 2057 | 4620 | 42 | 72 |
| iv_001-iv_003 | 2012 | 4922 | 39 | 72 |
| iv_003-iv_005 | 2128 | 4739 | 38 | 72 |
| iv_002-iv_010 | 2043 | 4762 | 45 | 73 |

## Output Bits

### Output Bits in Regular Order

| Rank | Output Bit | Complexity |
|:----:|:----------:|:----------:|
| 1 | ov_001 | 1.519400882974814 × 10^355 |
| 2 | ov_002 | 1.3267334968053261 × 10^355 |
| 3 | ov_003 | 1.1535699184730521 × 10^355 |
| 4 | ov_004 | 9.98365281570723 × 10^354 |
| 5 | ov_005 | 8.596610374763153 × 10^354 |
| 6 | ov_006 | 7.360789491844005 × 10^354 |
| 7 | ov_007 | 6.263158005895306 × 10^354 |
| 8 | ov_008 | 5.291387499814633 × 10^354 |
| 9 | ov_009 | 4.433812732843467 × 10^354 |
| 10 | ov_010 | 3.6793965834302904 × 10^354 |
| 11 | ov_011 | 3.022773472490761 × 10^354 |
| 12 | ov_012 | 2.458870074489168 × 10^354 |
| 13 | ov_013 | 1.978372581757752 × 10^354 |
| 14 | ov_014 | 1.572501979884633 × 10^354 |
| 15 | ov_015 | 1.2330000077682253 × 10^354 |
| 16 | ov_016 | 9.521179087469632 × 10^353 |
| 17 | ov_017 | 7.22607568298831 × 10^353 |
| 18 | ov_018 | 5.377146670161164 × 10^353 |
| 19 | ov_019 | 3.9117351028691546 × 10^353 |
| 20 | ov_020 | 2.772032284753573 × 10^353 |
| 21 | ov_021 | 1.9050507348833503 × 10^353 |
| 22 | ov_022 | 1.2626056953070446 × 10^353 |
| 23 | ov_023 | 8.013030764853138 × 10^352 |
| 24 | ov_024 | 4.82532053888924 × 10^352 |
| 25 | ov_025 | 2.7246084597280046 × 10^352 |
| 26 | ov_026 | 1.4203451923494734 × 10^352 |
| 27 | ov_027 | 6.697397278556751 × 10^351 |
| 28 | ov_028 | 2.7775534606043005 × 10^351 |
| 29 | ov_029 | 9.71083042664338 × 10^350 |
| 30 | ov_030 | 2.666550144226808 × 10^350 |
| 31 | ov_031 | 5.2034376340151264 × 10^349 |
| 32 | lv_80_m31 | 1.0152534717821033 × 10^349 |
| 33 | ov_033 | 1.2569867003960261 × 10^350 |
| 34 | ov_034 | 1.0967862069568331 × 10^350 |
| 35 | ov_035 | 9.532902048280939 × 10^349 |
| 36 | ov_036 | 8.250846140304126 × 10^349 |
| 37 | ov_037 | 7.108422396887568 × 10^349 |
| 38 | ov_038 | 6.0931689238993786 × 10^349 |
| 39 | ov_039 | 5.193380310245768 × 10^349 |
| 40 | ov_040 | 4.3980589982678066 × 10^349 |
| 41 | ov_041 | 3.696871325067065 × 10^349 |
| 42 | ov_042 | 3.0801079735615175 × 10^349 |
| 43 | ov_043 | 2.5386485801893496 × 10^349 |
| 44 | ov_044 | 2.0680760295085097 × 10^349 |
| 45 | ov_045 | 1.66424454479123 × 10^349 |
| 46 | ov_046 | 1.3232666688454174 × 10^349 |
| 47 | ov_047 | 1.038098539033818 × 10^349 |
| 48 | ov_048 | 8.021621708918346 × 10^348 |
| 49 | ov_049 | 6.093299794795058 × 10^348 |
| 50 | ov_050 | 4.539118098292163 × 10^348 |
| 51 | ov_051 | 3.3064424910338214 × 10^348 |
| 52 | ov_052 | 2.34681993654627 × 10^348 |
| 53 | ov_053 | 1.615910445403377 × 10^348 |
| 54 | ov_054 | 1.0734350525260683 × 10^348 |
| 55 | ov_055 | 6.831375553725593 × 10^347 |
| 56 | ov_056 | 4.127577523141596 × 10^347 |
| 57 | ov_057 | 2.3401392074699936 × 10^347 |
| 58 | ov_058 | 1.2259229349382948 × 10^347 |
| 59 | ov_059 | 5.81414035154631 × 10^346 |
| 60 | ov_060 | 2.426945587527434 × 10^346 |
| 61 | ov_061 | 8.543321865883989 × 10^345 |
| 62 | ov_062 | 2.3623862185429573 × 10^345 |
| 63 | ov_063 | 4.6447155979830805 × 10^344 |
| 64 | lv_79_m31 | 9.13114471323957 × 10^343 |
| 65 | ov_065 | 1.251913187513868 × 10^345 |
| 66 | ov_066 | 1.2518755054734446 × 10^345 |
| 67 | ov_067 | 1.2518634426837523 × 10^345 |
| 68 | ov_068 | 1.1260157121473304 × 10^345 |
| 69 | ov_069 | 1.0095574785175994 × 10^345 |
| 70 | ov_070 | 9.019605857361406 × 10^344 |
| 71 | ov_071 | 8.02734814848579 × 10^344 |
| 72 | ov_072 | 7.114233676177147 × 10^344 |
| 73 | ov_073 | 6.275987862850406 × 10^344 |
| 74 | ov_074 | 5.508592382092075 × 10^344 |
| 75 | ov_075 | 4.808250506717621 × 10^344 |
| 76 | ov_076 | 4.171354764231013 × 10^344 |
| 77 | ov_077 | 3.5944576026305044 × 10^344 |
| 78 | ov_078 | 3.0742453038694396 × 10^344 |
| 79 | ov_079 | 2.607514942607559 × 10^344 |
| 80 | ov_080 | 2.1911541919895832 × 10^344 |
| 81 | ov_081 | 1.8221237813726722 × 10^344 |
| 82 | ov_082 | 1.4974424133420557 × 10^344 |
| 83 | ov_083 | 1.2141739491348612 × 10^344 |
| 84 | ov_084 | 9.694166728586704 × 10^343 |
| 85 | ov_085 | 7.602944457607087 × 10^343 |
| 86 | ov_086 | 5.8394956237331655 × 10^343 |
| 87 | ov_087 | 4.375371207142384 × 10^343 |
| 88 | ov_088 | 3.18220718926638 × 10^343 |
| 89 | ov_089 | 2.231692908542365 × 10^343 |
| 90 | ov_090 | 1.4955489309579984 × 10^343 |
| 91 | ov_091 | 9.45512561022428 × 10^342 |
| 92 | ov_092 | 5.533291347092989 × 10^342 |
| 93 | ov_093 | 2.9074732923979913 × 10^342 |
| 94 | ov_094 | 1.295169660933323 × 10^342 |
| 95 | aaa_78_28 | 4.1388166952495614 × 10^341 |
| 96 | aaa_78_29 | 1.5534564223309654 × 10^341 |
| 97 | ov_097 | 1.484546295749672 × 10^341 |
| 98 | ov_098 | 1.4845422276606284 × 10^341 |
| 99 | ov_099 | 1.4845412427804925 × 10^341 |
| 100 | ov_100 | 1.295652647289359 × 10^341 |
| 101 | ov_101 | 1.1260405954182104 × 10^341 |
| 102 | ov_102 | 9.741746067030689 × 10^340 |
| 103 | ov_103 | 8.386099963590096 × 10^340 |
| 104 | ov_104 | 7.17982099423275 × 10^340 |
| 105 | ov_105 | 6.110011916340424 × 10^340 |
| 106 | ov_106 | 5.1644802318305155 × 10^340 |
| 107 | ov_107 | 4.331698905530652 × 10^340 |
| 108 | ov_108 | 3.600771890544091 × 10^340 |
| 109 | ov_109 | 2.961404051367043 × 10^340 |
| 110 | ov_110 | 2.4085945523495367 × 10^340 |
| 111 | ov_111 | 1.9376239844368564 × 10^340 |
| 112 | ov_112 | 1.5398584630640541 × 10^340 |
| 113 | ov_113 | 1.2071821603059706 × 10^340 |
| 114 | ov_114 | 9.319844977293 × 10^339 |
| 115 | ov_115 | 7.071499624473681 × 10^339 |
| 116 | ov_116 | 5.26050226381568 × 10^339 |
| 117 | ov_117 | 3.825382032030056 × 10^339 |
| 118 | ov_118 | 2.709436878079648 × 10^339 |
| 119 | ov_119 | 1.860702603223255 × 10^339 |
| 120 | ov_120 | 1.231931737165054 × 10^339 |
| 121 | ov_121 | 7.805798116859986 × 10^338 |
| 122 | ov_122 | 4.687969635386126 × 10^338 |
| 123 | ov_123 | 2.634231687179714 × 10^338 |
| 124 | ov_124 | 1.3598577897110357 × 10^338 |
| 125 | ov_125 | 6.269838944206412 × 10^337 |
| 126 | ov_126 | 2.446039151455248 × 10^337 |
| 127 | aaa_77_28 | 6.856828634552413 × 10^336 |
| 128 | aaa_77_29 | 2.0868246672083984 × 10^336 |
| 129 | ov_129 | 1.243760734483537 × 10^336 |
| 130 | ov_130 | 1.2437566656817133 × 10^336 |
| 131 | ov_131 | 1.2437556787279155 × 10^336 |
| 132 | ov_132 | 1.085395424000399 × 10^336 |
| 133 | ov_133 | 9.44198014372688 × 10^335 |
| 134 | ov_134 | 8.186435556089378 × 10^335 |
| 135 | ov_135 | 7.072986920338811 × 10^335 |
| 136 | ov_136 | 6.08810678440828 × 10^335 |
| 137 | ov_137 | 5.219021040667786 × 10^335 |
| 138 | ov_138 | 4.453662063591907 × 10^335 |
| 139 | ov_139 | 3.780627300267721 × 10^335 |
| 140 | ov_140 | 3.18914294108913 × 10^335 |
| 141 | ov_141 | 2.6690323188959806 × 10^335 |
| 142 | ov_142 | 2.2106887050301391 × 10^335 |
| 143 | ov_143 | 1.809448084053069 × 10^335 |
| 144 | ov_144 | 1.4609145623427008 × 10^335 |
| 145 | ov_145 | 1.1609516175185673 × 10^335 |
| 146 | ov_146 | 9.056750125671204 × 10^334 |
| 147 | ov_147 | 6.914471685772529 × 10^334 |
| 148 | ov_148 | 5.148727775059308 × 10^334 |
| 149 | ov_149 | 3.727954545509181 × 10^334 |
| 150 | ov_150 | 2.622952478020679 × 10^334 |
| 151 | ov_151 | 1.782349095123961 × 10^334 |
| 152 | ov_152 | 1.1594312986206756 × 10^334 |
| 153 | ov_153 | 7.1213181271018516 × 10^333 |
| 154 | ov_154 | 4.030208724390095 × 10^333 |
| 155 | ov_155 | 1.9930148578960904 × 10^333 |
| 156 | aaa_76_25 | 7.280702236141496 × 10^332 |
| 157 | aaa_76_26 | 3.802828115633213 × 10^332 |
| 158 | aaa_76_27 | 1.752964362353258 × 10^332 |
| 159 | aaa_76_28 | 6.83778458027406 × 10^331 |
| 160 | aaa_76_29 | 2.0841014162342916 × 10^331 |

### Output Bits Sorted by Complexity

| Rank | Output Bit | Complexity |
|:----:|:----------:|:----------:|
| 160 | aaa_76_29 | 2.0841014162342916 × 10^331 |
| 159 | aaa_76_28 | 6.83778458027406 × 10^331 |
| 158 | aaa_76_27 | 1.752964362353258 × 10^332 |
| 157 | aaa_76_26 | 3.802828115633213 × 10^332 |
| 156 | aaa_76_25 | 7.280702236141496 × 10^332 |
| 155 | ov_155 | 1.9930148578960904 × 10^333 |
| 154 | ov_154 | 4.030208724390095 × 10^333 |
| 153 | ov_153 | 7.1213181271018516 × 10^333 |
| 152 | ov_152 | 1.1594312986206756 × 10^334 |
| 151 | ov_151 | 1.782349095123961 × 10^334 |
| 150 | ov_150 | 2.622952478020679 × 10^334 |
| 149 | ov_149 | 3.727954545509181 × 10^334 |
| 148 | ov_148 | 5.148727775059308 × 10^334 |
| 147 | ov_147 | 6.914471685772529 × 10^334 |
| 146 | ov_146 | 9.056750125671204 × 10^334 |
| 145 | ov_145 | 1.1609516175185673 × 10^335 |
| 144 | ov_144 | 1.4609145623427008 × 10^335 |
| 143 | ov_143 | 1.809448084053069 × 10^335 |
| 142 | ov_142 | 2.2106887050301391 × 10^335 |
| 141 | ov_141 | 2.6690323188959806 × 10^335 |
| 140 | ov_140 | 3.18914294108913 × 10^335 |
| 139 | ov_139 | 3.780627300267721 × 10^335 |
| 138 | ov_138 | 4.453662063591907 × 10^335 |
| 137 | ov_137 | 5.219021040667786 × 10^335 |
| 136 | ov_136 | 6.08810678440828 × 10^335 |
| 135 | ov_135 | 7.072986920338811 × 10^335 |
| 134 | ov_134 | 8.186435556089378 × 10^335 |
| 133 | ov_133 | 9.44198014372688 × 10^335 |
| 132 | ov_132 | 1.085395424000399 × 10^336 |
| 131 | ov_131 | 1.2437556787279155 × 10^336 |
| 130 | ov_130 | 1.2437566656817133 × 10^336 |
| 129 | ov_129 | 1.243760734483537 × 10^336 |
| 128 | aaa_77_29 | 2.0868246672083984 × 10^336 |
| 127 | aaa_77_28 | 6.856828634552413 × 10^336 |
| 126 | ov_126 | 2.446039151455248 × 10^337 |
| 125 | ov_125 | 6.269838944206412 × 10^337 |
| 124 | ov_124 | 1.3598577897110357 × 10^338 |
| 123 | ov_123 | 2.634231687179714 × 10^338 |
| 122 | ov_122 | 4.687969635386126 × 10^338 |
| 121 | ov_121 | 7.805798116859986 × 10^338 |
| 120 | ov_120 | 1.231931737165054 × 10^339 |
| 119 | ov_119 | 1.860702603223255 × 10^339 |
| 118 | ov_118 | 2.709436878079648 × 10^339 |
| 117 | ov_117 | 3.825382032030056 × 10^339 |
| 116 | ov_116 | 5.26050226381568 × 10^339 |
| 115 | ov_115 | 7.071499624473681 × 10^339 |
| 114 | ov_114 | 9.319844977293 × 10^339 |
| 113 | ov_113 | 1.2071821603059706 × 10^340 |
| 112 | ov_112 | 1.5398584630640541 × 10^340 |
| 111 | ov_111 | 1.9376239844368564 × 10^340 |
| 110 | ov_110 | 2.4085945523495367 × 10^340 |
| 109 | ov_109 | 2.961404051367043 × 10^340 |
| 108 | ov_108 | 3.600771890544091 × 10^340 |
| 107 | ov_107 | 4.331698905530652 × 10^340 |
| 106 | ov_106 | 5.1644802318305155 × 10^340 |
| 105 | ov_105 | 6.110011916340424 × 10^340 |
| 104 | ov_104 | 7.17982099423275 × 10^340 |
| 103 | ov_103 | 8.386099963590096 × 10^340 |
| 102 | ov_102 | 9.741746067030689 × 10^340 |
| 101 | ov_101 | 1.1260405954182104 × 10^341 |
| 100 | ov_100 | 1.295652647289359 × 10^341 |
| 99 | ov_099 | 1.4845412427804925 × 10^341 |
| 98 | ov_098 | 1.4845422276606284 × 10^341 |
| 97 | ov_097 | 1.484546295749672 × 10^341 |
| 96 | aaa_78_29 | 1.5534564223309654 × 10^341 |
| 95 | aaa_78_28 | 4.1388166952495614 × 10^341 |
| 94 | ov_094 | 1.295169660933323 × 10^342 |
| 93 | ov_093 | 2.9074732923979913 × 10^342 |
| 92 | ov_092 | 5.533291347092989 × 10^342 |
| 91 | ov_091 | 9.45512561022428 × 10^342 |
| 90 | ov_090 | 1.4955489309579984 × 10^343 |
| 89 | ov_089 | 2.231692908542365 × 10^343 |
| 88 | ov_088 | 3.18220718926638 × 10^343 |
| 87 | ov_087 | 4.375371207142384 × 10^343 |
| 86 | ov_086 | 5.8394956237331655 × 10^343 |
| 85 | ov_085 | 7.602944457607087 × 10^343 |
| 64 | lv_79_m31 | 9.13114471323957 × 10^343 |
| 84 | ov_084 | 9.694166728586704 × 10^343 |
| 83 | ov_083 | 1.2141739491348612 × 10^344 |
| 82 | ov_082 | 1.4974424133420557 × 10^344 |
| 81 | ov_081 | 1.8221237813726722 × 10^344 |
| 80 | ov_080 | 2.1911541919895832 × 10^344 |
| 79 | ov_079 | 2.607514942607559 × 10^344 |
| 78 | ov_078 | 3.0742453038694396 × 10^344 |
| 77 | ov_077 | 3.5944576026305044 × 10^344 |
| 76 | ov_076 | 4.171354764231013 × 10^344 |
| 63 | ov_063 | 4.6447155979830805 × 10^344 |
| 75 | ov_075 | 4.808250506717621 × 10^344 |
| 74 | ov_074 | 5.508592382092075 × 10^344 |
| 73 | ov_073 | 6.275987862850406 × 10^344 |
| 72 | ov_072 | 7.114233676177147 × 10^344 |
| 71 | ov_071 | 8.02734814848579 × 10^344 |
| 70 | ov_070 | 9.019605857361406 × 10^344 |
| 69 | ov_069 | 1.0095574785175994 × 10^345 |
| 68 | ov_068 | 1.1260157121473304 × 10^345 |
| 67 | ov_067 | 1.2518634426837523 × 10^345 |
| 66 | ov_066 | 1.2518755054734446 × 10^345 |
| 65 | ov_065 | 1.251913187513868 × 10^345 |
| 62 | ov_062 | 2.3623862185429573 × 10^345 |
| 61 | ov_061 | 8.543321865883989 × 10^345 |
| 60 | ov_060 | 2.426945587527434 × 10^346 |
| 59 | ov_059 | 5.81414035154631 × 10^346 |
| 58 | ov_058 | 1.2259229349382948 × 10^347 |
| 57 | ov_057 | 2.3401392074699936 × 10^347 |
| 56 | ov_056 | 4.127577523141596 × 10^347 |
| 55 | ov_055 | 6.831375553725593 × 10^347 |
| 54 | ov_054 | 1.0734350525260683 × 10^348 |
| 53 | ov_053 | 1.615910445403377 × 10^348 |
| 52 | ov_052 | 2.34681993654627 × 10^348 |
| 51 | ov_051 | 3.3064424910338214 × 10^348 |
| 50 | ov_050 | 4.539118098292163 × 10^348 |
| 49 | ov_049 | 6.093299794795058 × 10^348 |
| 48 | ov_048 | 8.021621708918346 × 10^348 |
| 32 | lv_80_m31 | 1.0152534717821033 × 10^349 |
| 47 | ov_047 | 1.038098539033818 × 10^349 |
| 46 | ov_046 | 1.3232666688454174 × 10^349 |
| 45 | ov_045 | 1.66424454479123 × 10^349 |
| 44 | ov_044 | 2.0680760295085097 × 10^349 |
| 43 | ov_043 | 2.5386485801893496 × 10^349 |
| 42 | ov_042 | 3.0801079735615175 × 10^349 |
| 41 | ov_041 | 3.696871325067065 × 10^349 |
| 40 | ov_040 | 4.3980589982678066 × 10^349 |
| 39 | ov_039 | 5.193380310245768 × 10^349 |
| 31 | ov_031 | 5.2034376340151264 × 10^349 |
| 38 | ov_038 | 6.0931689238993786 × 10^349 |
| 37 | ov_037 | 7.108422396887568 × 10^349 |
| 36 | ov_036 | 8.250846140304126 × 10^349 |
| 35 | ov_035 | 9.532902048280939 × 10^349 |
| 34 | ov_034 | 1.0967862069568331 × 10^350 |
| 33 | ov_033 | 1.2569867003960261 × 10^350 |
| 30 | ov_030 | 2.666550144226808 × 10^350 |
| 29 | ov_029 | 9.71083042664338 × 10^350 |
| 28 | ov_028 | 2.7775534606043005 × 10^351 |
| 27 | ov_027 | 6.697397278556751 × 10^351 |
| 26 | ov_026 | 1.4203451923494734 × 10^352 |
| 25 | ov_025 | 2.7246084597280046 × 10^352 |
| 24 | ov_024 | 4.82532053888924 × 10^352 |
| 23 | ov_023 | 8.013030764853138 × 10^352 |
| 22 | ov_022 | 1.2626056953070446 × 10^353 |
| 21 | ov_021 | 1.9050507348833503 × 10^353 |
| 20 | ov_020 | 2.772032284753573 × 10^353 |
| 19 | ov_019 | 3.9117351028691546 × 10^353 |
| 18 | ov_018 | 5.377146670161164 × 10^353 |
| 17 | ov_017 | 7.22607568298831 × 10^353 |
| 16 | ov_016 | 9.521179087469632 × 10^353 |
| 15 | ov_015 | 1.2330000077682253 × 10^354 |
| 14 | ov_014 | 1.572501979884633 × 10^354 |
| 13 | ov_013 | 1.978372581757752 × 10^354 |
| 12 | ov_012 | 2.458870074489168 × 10^354 |
| 11 | ov_011 | 3.022773472490761 × 10^354 |
| 10 | ov_010 | 3.6793965834302904 × 10^354 |
| 9 | ov_009 | 4.433812732843467 × 10^354 |
| 8 | ov_008 | 5.291387499814633 × 10^354 |
| 7 | ov_007 | 6.263158005895306 × 10^354 |
| 6 | ov_006 | 7.360789491844005 × 10^354 |
| 5 | ov_005 | 8.596610374763153 × 10^354 |
| 4 | ov_004 | 9.98365281570723 × 10^354 |
| 3 | ov_003 | 1.1535699184730521 × 10^355 |
| 2 | ov_002 | 1.3267334968053261 × 10^355 |
| 1 | ov_001 | 1.519400882974814 × 10^355 |

