# Results for F001-F002-F003-F004-F005-F006-F007-F008-F009-F010-F011-F012-F013-F014-F015-F016-F017-F018-F019-F020-F021-F022-F023-F024-F025-F026-F027-F028-F029-F030-F031-F032-F033-F034-F035-F036-F037-F038-F039-F040-F041-F042-F043-F044-F045-F046-F047-F048-F049-F050-F051-F052-F053-F054-F055-F056-F057-F058-F059-F060-F061-F062-F063-F064-F065-F066-F067-F068-F069-F070-F071-F072-F073-F074-F075-F076-F077-F078-F079-F080-F081-F082-F083-F084-F085-F086-F087-F088-F089-F090-F091-F092-F093-F094-F095-F096-F097-F098-F099-F100-F101-F102-F103-F104-F105-F106-F107-F108-F109-F110-F111-F112-F113-F114-F115-F116-F117-F118-F119-F120-F121-F122-F123-F124-F125-F126-F127-F128-F129-F130-F131-F132-F133-F134-F135-F136-F137-F138-F139-F140-F141-F142-F143-F144-F145-F146-F147-F148-F149-F150-F151-F152-F153-F154-F155-F156-F157-F158-F159-F160-F161-F162-F163-F164-F165-F166-F167-F168-F169-F170-F171-F172-F173-F174-F175-F176-F177-F178-F179-F180-F181-F182-F183-F184-F185-F186-F187-F188-F189-F190-F191-F192-F193-F194-F195-F196-F197-F198-F199-F200-F201-F202-F203-F204-F205-F206-F207-F208-F209-F210-F211-F212-F213-F214-F215-F216-F217-F218-F219-F220-F221-F222-F223-F224-F225-F226-F227-F228-F229-F230-F231-F232-F233-F234-F235-F236-F237-F238-F239-F240-F241-F242-F243-F244-F245-F246-F247-F248-F249-F250-F251-F252-F253-F254-F255-F256-F257-F258-F259-F260-F261-F262-F263-F264-F265-F266-F267-F268-F269-F270-F271-F272-F273-F274-F275-F276-F277-F278-F279-F280-F281-F282-F283-F284-F285-F286-F287-F288-F289-F290-F291-F292-F293-F294-F295-F296-F297-F298-F299-F300-F301-F302-F303-F304-F305-F306-F307-F308-F309-F310-F311-F312-F313-F314-F315-F316-F317-F318-F319-F320-F321-F322-F323-F324-F325-F326-F327-F328-F329-F330-F331-F332-F333-F334-F335-F336-F337-F338-F339-F340-F341-F342-F343-F344-F345-F346-F347-F348-F349-F350-F351-F352-F353-F354-F355-F356-F357-F358-F359-F360-F361-F362-F363-F364-F365-F366-F367-F368-F369-F370-F371-F372-F373-F374-F375-F376-F377-F378-F379-F380-F381-F382-F383-F384-F385-F386-F387-F388-F389-F390-F391-F392-F393-F394-F395-F396-F397-F398-F399-F400-F401-F402-F403-F404-F405-F406-F407-F408-F409-F410-F411-F412-F413-F414-F415-F416-F417-F418-F419-F420-F421-F422-F423-F424-F425-F426-F427-F428-F429-F430-F431-F432-F433-F434-F435-F436-F437-F438-F439-F440-F441-F442-F443-F444-F445-F446-F447-F448-F449-F450-F451-F452-F453-F454-F455-F456-F457-F458-F459-F460-F461-F462-F463-F464-F465-F466-F467-F468-F469-F470-F471-F472-F473-F474-F475-F476-F477-F478-F479-F480-F481-F482-F483-F484-F485-F486-F487-F488-F489-F490-F491-F492-F493-F494-F495-F496-F497-F498-F499-F500-F501-E504506-E507509-F510

## Summary

Number of input bits: 512  
Number of free input bits: 8  
Number of output bits: 160

Number of direct occurrences: 32952  
Number of assignments: 31011  
Number of operations: 11113623
(xor: 11084387,
and: 16094,
or: 13142)

Total complexity: 2.956263219534493 × 10^299

Least occurring input variable: iv_502 (3893)  
Most occurring input variable: iv_512 (4366)

Most co-occurring input variables: iv_511-iv_512 (2144)  
Least co-occurring input variables: iv_502-iv_503 (1769)

Potentially most occurring input variable: iv_504/iv_512 (4531)  
Potentially least occurring input variable: iv_502/iv_505 (4155)

Least output occurring input variable: iv_507 (66)  
Most output occurring input variable: iv_502 (82)

Most output co-occurring input variables: iv_502-iv_511 (45)  
Least output co-occurring input variables: iv_502-iv_508 (30)

Potentially most output occurring input variable: iv_502/iv_508 (92)  
Potentially least output occurring input variable: iv_507/iv_508 (68)

Least complex input bit: iv_502 (6.888986526761905 × 10^297)  
Most complex input bit: iv_512 (6.322903085337916 × 10^298)

Least complex output bit: aaa_76_29 (4.095989091400616 × 10^274)  
Most complex output bit: ov_001 (4.643014573493769 × 10^298)

Least complex input/output complexity: iv_502/aaa_76_29 (9.544892172648198 × 10^272)  
Most complex input/output complexity: iv_512/ov_001 (9.930553875590064 × 10^297)

Input variable with highest collision probability: iv_508 (½^160.00000000000023)

## Input Bits

### Input Bits in Regular Order

| Input Bit | Complexity | Occurrences | Output Occurrences | Collision Probability |
|:---------:|:----------:|:-----------:|:------------------:|:---------------------:|
| iv_502 | 6.888986526761905 × 10^297 | 3893 | 82 | ½^160.00000000000063 |
| iv_503 | 1.2114994421030034 × 10^298 | 4040 | 74 | ½^160.00000000000063 |
| iv_504 | 3.6191906813506414 × 10^298 | 4139 | 76 | ½^160.0000000000007 |
| iv_505 | 3.1271870889553486 × 10^298 | 4116 | 79 | ½^160.00000000000057 |
| iv_507 | 6.090727659149265 × 10^298 | 4219 | 66 | ½^160.00000000000068 |
| iv_508 | 3.016082824498772 × 10^298 | 3981 | 70 | ½^160.00000000000023 |
| iv_511 | 5.486142761273824 × 10^298 | 4198 | 80 | ½^160.00000000000068 |
| iv_512 | 6.322903085337916 × 10^298 | 4366 | 80 | ½^160.00000000000074 |

### Input Bits Sorted by Complexity

| Input Bit | Complexity | Occurrences | Output Occurrences | Collision Probability |
|:---------:|:----------:|:-----------:|:------------------:|:---------------------:|
| iv_502 | 6.888986526761905 × 10^297 | 3893 | 82 | ½^160.00000000000063 |
| iv_503 | 1.2114994421030034 × 10^298 | 4040 | 74 | ½^160.00000000000063 |
| iv_508 | 3.016082824498772 × 10^298 | 3981 | 70 | ½^160.00000000000023 |
| iv_505 | 3.1271870889553486 × 10^298 | 4116 | 79 | ½^160.00000000000057 |
| iv_504 | 3.6191906813506414 × 10^298 | 4139 | 76 | ½^160.0000000000007 |
| iv_511 | 5.486142761273824 × 10^298 | 4198 | 80 | ½^160.00000000000068 |
| iv_507 | 6.090727659149265 × 10^298 | 4219 | 66 | ½^160.00000000000068 |
| iv_512 | 6.322903085337916 × 10^298 | 4366 | 80 | ½^160.00000000000074 |

### Input Bits Sorted by Occurrences

| Input Bit | Complexity | Occurrences | Output Occurrences | Collision Probability |
|:---------:|:----------:|:-----------:|:------------------:|:---------------------:|
| iv_502 | 6.888986526761905 × 10^297 | 3893 | 82 | ½^160.00000000000063 |
| iv_508 | 3.016082824498772 × 10^298 | 3981 | 70 | ½^160.00000000000023 |
| iv_503 | 1.2114994421030034 × 10^298 | 4040 | 74 | ½^160.00000000000063 |
| iv_505 | 3.1271870889553486 × 10^298 | 4116 | 79 | ½^160.00000000000057 |
| iv_504 | 3.6191906813506414 × 10^298 | 4139 | 76 | ½^160.0000000000007 |
| iv_511 | 5.486142761273824 × 10^298 | 4198 | 80 | ½^160.00000000000068 |
| iv_507 | 6.090727659149265 × 10^298 | 4219 | 66 | ½^160.00000000000068 |
| iv_512 | 6.322903085337916 × 10^298 | 4366 | 80 | ½^160.00000000000074 |

### Input Bits Sorted by Output Occurrences

| Input Bit | Complexity | Occurrences | Output Occurrences | Collision Probability |
|:---------:|:----------:|:-----------:|:------------------:|:---------------------:|
| iv_507 | 6.090727659149265 × 10^298 | 4219 | 66 | ½^160.00000000000068 |
| iv_508 | 3.016082824498772 × 10^298 | 3981 | 70 | ½^160.00000000000023 |
| iv_503 | 1.2114994421030034 × 10^298 | 4040 | 74 | ½^160.00000000000063 |
| iv_504 | 3.6191906813506414 × 10^298 | 4139 | 76 | ½^160.0000000000007 |
| iv_505 | 3.1271870889553486 × 10^298 | 4116 | 79 | ½^160.00000000000057 |
| iv_511 | 5.486142761273824 × 10^298 | 4198 | 80 | ½^160.00000000000068 |
| iv_512 | 6.322903085337916 × 10^298 | 4366 | 80 | ½^160.00000000000074 |
| iv_502 | 6.888986526761905 × 10^297 | 3893 | 82 | ½^160.00000000000063 |

### Input Bits Sorted by Collision Probability

| Input Bit | Complexity | Occurrences | Output Occurrences | Collision Probability |
|:---------:|:----------:|:-----------:|:------------------:|:---------------------:|
| iv_508 | 3.016082824498772 × 10^298 | 3981 | 70 | ½^160.00000000000023 |
| iv_505 | 3.1271870889553486 × 10^298 | 4116 | 79 | ½^160.00000000000057 |
| iv_503 | 1.2114994421030034 × 10^298 | 4040 | 74 | ½^160.00000000000063 |
| iv_502 | 6.888986526761905 × 10^297 | 3893 | 82 | ½^160.00000000000063 |
| iv_511 | 5.486142761273824 × 10^298 | 4198 | 80 | ½^160.00000000000068 |
| iv_507 | 6.090727659149265 × 10^298 | 4219 | 66 | ½^160.00000000000068 |
| iv_504 | 3.6191906813506414 × 10^298 | 4139 | 76 | ½^160.0000000000007 |
| iv_512 | 6.322903085337916 × 10^298 | 4366 | 80 | ½^160.00000000000074 |

## Input Bit/Output Bit Collision Probabilities

| Input Bit | Output Bit | Collision Probability |
|:---------:|:----------:|:---------------------:|
| iv_502 | aaa_78_29 | 0.5000000000000024 |
| iv_508 | ov_077 | 0.5000000000000022 |
| iv_505 | aaa_78_28 | 0.5000000000000021 |
| iv_505 | ov_034 | 0.500000000000002 |
| iv_505 | ov_115 | 0.500000000000002 |
| iv_508 | ov_049 | 0.500000000000002 |
| iv_508 | ov_098 | 0.500000000000002 |
| iv_508 | ov_102 | 0.5000000000000019 |

## Input Bit Co-occurrences

### Input Bit Co-occurrences Sorted by Co-occurrences

| Input Bits | Co-occurrences | Potential Occurrences | Output Co-occurrences | Potential Output Occurrences |
|:----------:|:--------------:|:---------------------:|:---------------------:|:----------------------------:|
| iv_511-iv_512 | 2144 | 4276 | 43 | 74 |
| iv_505-iv_512 | 2057 | 4368 | 40 | 79 |
| iv_503-iv_512 | 2039 | 4328 | 34 | 86 |
| iv_507-iv_512 | 2029 | 4527 | 33 | 80 |
| iv_508-iv_512 | 2019 | 4309 | 32 | 86 |
| iv_505-iv_511 | 2008 | 4298 | 40 | 79 |
| iv_503-iv_511 | 2001 | 4236 | 37 | 80 |
| iv_504-iv_505 | 1988 | 4279 | 40 | 75 |

### Input Bit Co-occurrences Sorted by Potential Occurrences

| Input Bits | Co-occurrences | Potential Occurrences | Output Co-occurrences | Potential Output Occurrences |
|:----------:|:--------------:|:---------------------:|:---------------------:|:----------------------------:|
| iv_502-iv_505 | 1927 | 4155 | 43 | 75 |
| iv_505-iv_508 | 1962 | 4173 | 36 | 77 |
| iv_503-iv_511 | 2001 | 4236 | 37 | 80 |
| iv_508-iv_511 | 1953 | 4273 | 36 | 78 |
| iv_502-iv_511 | 1908 | 4275 | 45 | 72 |
| iv_503-iv_505 | 1940 | 4276 | 36 | 81 |
| iv_511-iv_512 | 2144 | 4276 | 43 | 74 |
| iv_504-iv_505 | 1988 | 4279 | 40 | 75 |

### Input Bit Output Co-occurrences Sorted by Output Co-occurrences

| Input Bits | Co-occurrences | Potential Occurrences | Output Co-occurrences | Potential Output Occurrences |
|:----------:|:--------------:|:---------------------:|:---------------------:|:----------------------------:|
| iv_502-iv_511 | 1908 | 4275 | 45 | 72 |
| iv_502-iv_505 | 1927 | 4155 | 43 | 75 |
| iv_511-iv_512 | 2144 | 4276 | 43 | 74 |
| iv_502-iv_504 | 1808 | 4416 | 40 | 78 |
| iv_504-iv_505 | 1988 | 4279 | 40 | 75 |
| iv_502-iv_512 | 1921 | 4417 | 40 | 82 |
| iv_505-iv_511 | 2008 | 4298 | 40 | 79 |
| iv_505-iv_512 | 2057 | 4368 | 40 | 79 |

### Input Bit Output Co-occurrences Sorted by Potential Output Occurrences

| Input Bits | Co-occurrences | Potential Occurrences | Output Co-occurrences | Potential Output Occurrences |
|:----------:|:--------------:|:---------------------:|:---------------------:|:----------------------------:|
| iv_507-iv_508 | 1900 | 4400 | 34 | 68 |
| iv_502-iv_511 | 1908 | 4275 | 45 | 72 |
| iv_511-iv_512 | 2144 | 4276 | 43 | 74 |
| iv_502-iv_505 | 1927 | 4155 | 43 | 75 |
| iv_504-iv_505 | 1988 | 4279 | 40 | 75 |
| iv_505-iv_507 | 1976 | 4383 | 35 | 75 |
| iv_503-iv_507 | 1927 | 4405 | 32 | 76 |
| iv_504-iv_507 | 1958 | 4442 | 33 | 76 |

## Output Bits

### Output Bits in Regular Order

| Rank | Output Bit | Complexity |
|:----:|:----------:|:----------:|
| 1 | ov_001 | 4.643014573493769 × 10^298 |
| 2 | ov_002 | 4.043035152397279 × 10^298 |
| 3 | ov_003 | 3.500762290434392 × 10^298 |
| 4 | ov_004 | 3.013807887818112 × 10^298 |
| 5 | ov_005 | 2.5799148127049313 × 10^298 |
| 6 | ov_006 | 2.1949248761579277 × 10^298 |
| 7 | ov_007 | 1.8548990035899566 × 10^298 |
| 8 | ov_008 | 1.5561038254080202 × 10^298 |
| 9 | ov_009 | 1.295000161972461 × 10^298 |
| 10 | ov_010 | 1.0682331994066424 × 10^298 |
| 11 | ov_011 | 8.726241882233075 × 10^297 |
| 12 | ov_012 | 7.051635448546567 × 10^297 |
| 13 | ov_013 | 5.63005245397433 × 10^297 |
| 14 | ov_014 | 4.434623758210556 × 10^297 |
| 15 | ov_015 | 3.440036799504351 × 10^297 |
| 16 | ov_016 | 2.622509469862784 × 10^297 |
| 17 | ov_017 | 1.9597709207376325 × 10^297 |
| 18 | ov_018 | 1.431047951303855 × 10^297 |
| 19 | ov_019 | 1.0170557481356719 × 10^297 |
| 20 | ov_020 | 6.999918616080654 × 10^296 |
| 21 | ov_021 | 4.635324686210674 × 10^296 |
| 22 | ov_022 | 2.9283018330662307 × 10^296 |
| 23 | ov_023 | 1.7451282702760054 × 10^296 |
| 24 | ov_024 | 9.668270829667749 × 10^295 |
| 25 | ov_025 | 4.891617338658099 × 10^295 |
| 26 | ov_026 | 2.2263336649429327 × 10^295 |
| 27 | ov_027 | 9.2479357480786 × 10^294 |
| 28 | ov_028 | 3.867264468522463 × 10^294 |
| 29 | ov_029 | 1.592147042258667 × 10^294 |
| 30 | ov_030 | 5.263766471656649 × 10^293 |
| 31 | ov_031 | 1.273580432542794 × 10^293 |
| 32 | lv_80_k31 | 3.0806175883440424 × 10^292 |
| 33 | ov_033 | 3.690383927886656 × 10^293 |
| 34 | ov_034 | 3.1913763546439516 × 10^293 |
| 35 | ov_035 | 2.7467490692710386 × 10^293 |
| 36 | ov_036 | 2.351909363601667 × 10^293 |
| 37 | ov_037 | 2.0025142076435456 × 10^293 |
| 38 | ov_038 | 1.694452448781274 × 10^293 |
| 39 | ov_039 | 1.4238293888591217 × 10^293 |
| 40 | ov_040 | 1.1869535243360675 × 10^293 |
| 41 | ov_041 | 9.803252334664337 × 10^292 |
| 42 | ov_042 | 8.006272077710153 × 10^292 |
| 43 | ov_043 | 6.462452781460441 × 10^292 |
| 44 | ov_044 | 5.142040959954845 × 10^292 |
| 45 | ov_045 | 4.016905455313104 × 10^292 |
| 46 | ov_046 | 3.0733801914774257 × 10^292 |
| 47 | ov_047 | 2.298578681511621 × 10^292 |
| 48 | ov_048 | 1.6803788162107764 × 10^292 |
| 49 | ov_049 | 1.1967858871153605 × 10^292 |
| 50 | ov_050 | 8.272870421348188 × 10^291 |
| 51 | ov_051 | 5.5284072974671475 × 10^291 |
| 52 | ov_052 | 3.5586957782005385 × 10^291 |
| 53 | ov_053 | 2.2025587089128816 × 10^291 |
| 54 | ov_054 | 1.313388870598301 × 10^291 |
| 55 | ov_055 | 7.591345265078092 × 10^290 |
| 56 | ov_056 | 4.222919155058427 × 10^290 |
| 57 | ov_057 | 2.4774550528094754 × 10^290 |
| 58 | ov_058 | 1.4707703128327874 × 10^290 |
| 59 | ov_059 | 7.971254766451808 × 10^289 |
| 60 | ov_060 | 3.838227126111211 × 10^289 |
| 61 | ov_061 | 1.5816474433946552 × 10^289 |
| 62 | ov_062 | 5.2337443393004874 × 10^288 |
| 63 | ov_063 | 1.2675769551658702 × 10^288 |
| 64 | lv_79_k31 | 3.0691730511679243 × 10^287 |
| 65 | ov_065 | 3.655714651336127 × 10^288 |
| 66 | ov_066 | 3.655706039429091 × 10^288 |
| 67 | ov_067 | 3.6557032485459334 × 10^288 |
| 68 | ov_068 | 3.1674028544017154 × 10^288 |
| 69 | ov_069 | 2.729097730427272 × 10^288 |
| 70 | ov_070 | 2.338559379337852 × 10^288 |
| 71 | ov_071 | 1.9917343405749304 × 10^288 |
| 72 | ov_072 | 1.6848170350913413 × 10^288 |
| 73 | ov_073 | 1.4142333498056502 × 10^288 |
| 74 | ov_074 | 1.1766257273136085 × 10^288 |
| 75 | ov_075 | 9.703677555657273 × 10^287 |
| 76 | ov_076 | 7.924958790767916 × 10^287 |
| 77 | ov_077 | 6.402266068901311 × 10^287 |
| 78 | ov_078 | 5.109468426628846 × 10^287 |
| 79 | ov_079 | 4.022053393144581 × 10^287 |
| 80 | ov_080 | 3.1170520651845687 × 10^287 |
| 81 | ov_081 | 2.372974000493542 × 10^287 |
| 82 | ov_082 | 1.7697512251485935 × 10^287 |
| 83 | ov_083 | 1.2886906535828657 × 10^287 |
| 84 | ov_084 | 9.124342224243222 × 10^286 |
| 85 | ov_085 | 6.249260406310624 × 10^286 |
| 86 | ov_086 | 4.1138585917151348 × 10^286 |
| 87 | ov_087 | 2.582881639103054 × 10^286 |
| 88 | ov_088 | 1.533461955862906 × 10^286 |
| 89 | ov_089 | 8.550020089913248 × 10^285 |
| 90 | ov_090 | 4.4909218796680796 × 10^285 |
| 91 | ov_091 | 2.2945706098342964 × 10^285 |
| 92 | ov_092 | 1.2192312464942608 × 10^285 |
| 93 | ov_093 | 6.440149231916779 × 10^284 |
| 94 | ov_094 | 2.8867448675997135 × 10^284 |
| 95 | aaa_78_28 | 9.284608033713099 × 10^283 |
| 96 | aaa_78_29 | 3.517877831401249 × 10^283 |
| 97 | ov_097 | 3.830932721420151 × 10^283 |
| 98 | ov_098 | 3.830817867573814 × 10^283 |
| 99 | ov_099 | 3.83078118421088 × 10^283 |
| 100 | ov_100 | 3.447554287707649 × 10^283 |
| 101 | ov_101 | 3.0925768793872586 × 10^283 |
| 102 | ov_102 | 2.7642993057708276 × 10^283 |
| 103 | ov_103 | 2.4612852346603093 × 10^283 |
| 104 | ov_104 | 2.1821969185398414 × 10^283 |
| 105 | ov_105 | 1.9257818012914653 × 10^283 |
| 106 | ov_106 | 1.6908603962000295 × 10^283 |
| 107 | ov_107 | 1.4763153662264494 × 10^283 |
| 108 | ov_108 | 1.2810817400176268 × 10^283 |
| 109 | ov_109 | 1.1041381991539426 × 10^283 |
| 110 | ov_110 | 9.44499373766976 × 10^282 |
| 111 | ov_111 | 8.012090849402523 × 10^282 |
| 112 | ov_112 | 6.733344732825319 × 10^282 |
| 113 | ov_113 | 5.599609537898899 × 10^282 |
| 114 | ov_114 | 4.601879376367589 × 10^282 |
| 115 | ov_115 | 3.731252619004768 × 10^282 |
| 116 | ov_116 | 2.9789026846785544 × 10^282 |
| 117 | ov_117 | 2.3360547352361933 × 10^282 |
| 118 | ov_118 | 1.7939676910988275 × 10^282 |
| 119 | ov_119 | 1.3439209829777926 × 10^282 |
| 120 | ov_120 | 9.772054553805049 × 10^281 |
| 121 | ov_121 | 6.851178376908848 × 10^281 |
| 122 | ov_122 | 4.589579352722771 × 10^281 |
| 123 | ov_123 | 2.9002731229776527 × 10^281 |
| 124 | ov_124 | 1.69628525290907 × 10^281 |
| 125 | ov_125 | 8.906462047680405 × 10^280 |
| 126 | ov_126 | 3.9638844853473943 × 10^280 |
| 127 | aaa_77_28 | 1.2654509537684466 × 10^280 |
| 128 | aaa_77_29 | 4.742447548626052 × 10^279 |
| 129 | ov_129 | 4.36938140436702 × 10^279 |
| 130 | ov_130 | 4.369371443491926 × 10^279 |
| 131 | ov_131 | 4.3693682450266543 × 10^279 |
| 132 | ov_132 | 3.7843102674701426 × 10^279 |
| 133 | ov_133 | 3.260578690183942 × 10^279 |
| 134 | ov_134 | 2.793488941283107 × 10^279 |
| 135 | ov_135 | 2.3786177366867034 × 10^279 |
| 136 | ov_136 | 2.0117841073149728 × 10^279 |
| 137 | ov_137 | 1.689032842170733 × 10^279 |
| 138 | ov_138 | 1.4066201642983792 × 10^279 |
| 139 | ov_139 | 1.16100142272645 × 10^279 |
| 140 | ov_140 | 9.488205805989635 × 10^278 |
| 141 | ov_141 | 7.669013032662459 × 10^278 |
| 142 | ov_142 | 6.1223948491632804 × 10^278 |
| 143 | ov_143 | 4.819970638819284 × 10^278 |
| 144 | ov_144 | 3.7349697451710615 × 10^278 |
| 145 | ov_145 | 2.842191021111775 × 10^278 |
| 146 | ov_146 | 2.1179711850551082 × 10^278 |
| 147 | ov_147 | 1.5401606840600054 × 10^278 |
| 148 | ov_148 | 1.0881057808441359 × 10^278 |
| 149 | ov_149 | 7.426356924897192 × 10^277 |
| 150 | ov_150 | 4.86053719391837 × 10^277 |
| 151 | ov_151 | 3.0213141367417817 × 10^277 |
| 152 | ov_152 | 1.7610494693026166 × 10^277 |
| 153 | ov_153 | 9.467297952777437 × 10^276 |
| 154 | ov_154 | 4.5995507850409676 × 10^276 |
| 155 | ov_155 | 1.9693292528520223 × 10^276 |
| 156 | aaa_76_25 | 6.847591047482432 × 10^275 |
| 157 | aaa_76_26 | 4.2136015886654606 × 10^275 |
| 158 | aaa_76_27 | 2.309739516034029 × 10^275 |
| 159 | aaa_76_28 | 1.0881563310938505 × 10^275 |
| 160 | aaa_76_29 | 4.095989091400616 × 10^274 |

### Output Bits Sorted by Complexity

| Rank | Output Bit | Complexity |
|:----:|:----------:|:----------:|
| 160 | aaa_76_29 | 4.095989091400616 × 10^274 |
| 159 | aaa_76_28 | 1.0881563310938505 × 10^275 |
| 158 | aaa_76_27 | 2.309739516034029 × 10^275 |
| 157 | aaa_76_26 | 4.2136015886654606 × 10^275 |
| 156 | aaa_76_25 | 6.847591047482432 × 10^275 |
| 155 | ov_155 | 1.9693292528520223 × 10^276 |
| 154 | ov_154 | 4.5995507850409676 × 10^276 |
| 153 | ov_153 | 9.467297952777437 × 10^276 |
| 152 | ov_152 | 1.7610494693026166 × 10^277 |
| 151 | ov_151 | 3.0213141367417817 × 10^277 |
| 150 | ov_150 | 4.86053719391837 × 10^277 |
| 149 | ov_149 | 7.426356924897192 × 10^277 |
| 148 | ov_148 | 1.0881057808441359 × 10^278 |
| 147 | ov_147 | 1.5401606840600054 × 10^278 |
| 146 | ov_146 | 2.1179711850551082 × 10^278 |
| 145 | ov_145 | 2.842191021111775 × 10^278 |
| 144 | ov_144 | 3.7349697451710615 × 10^278 |
| 143 | ov_143 | 4.819970638819284 × 10^278 |
| 142 | ov_142 | 6.1223948491632804 × 10^278 |
| 141 | ov_141 | 7.669013032662459 × 10^278 |
| 140 | ov_140 | 9.488205805989635 × 10^278 |
| 139 | ov_139 | 1.16100142272645 × 10^279 |
| 138 | ov_138 | 1.4066201642983792 × 10^279 |
| 137 | ov_137 | 1.689032842170733 × 10^279 |
| 136 | ov_136 | 2.0117841073149728 × 10^279 |
| 135 | ov_135 | 2.3786177366867034 × 10^279 |
| 134 | ov_134 | 2.793488941283107 × 10^279 |
| 133 | ov_133 | 3.260578690183942 × 10^279 |
| 132 | ov_132 | 3.7843102674701426 × 10^279 |
| 131 | ov_131 | 4.3693682450266543 × 10^279 |
| 130 | ov_130 | 4.369371443491926 × 10^279 |
| 129 | ov_129 | 4.36938140436702 × 10^279 |
| 128 | aaa_77_29 | 4.742447548626052 × 10^279 |
| 127 | aaa_77_28 | 1.2654509537684466 × 10^280 |
| 126 | ov_126 | 3.9638844853473943 × 10^280 |
| 125 | ov_125 | 8.906462047680405 × 10^280 |
| 124 | ov_124 | 1.69628525290907 × 10^281 |
| 123 | ov_123 | 2.9002731229776527 × 10^281 |
| 122 | ov_122 | 4.589579352722771 × 10^281 |
| 121 | ov_121 | 6.851178376908848 × 10^281 |
| 120 | ov_120 | 9.772054553805049 × 10^281 |
| 119 | ov_119 | 1.3439209829777926 × 10^282 |
| 118 | ov_118 | 1.7939676910988275 × 10^282 |
| 117 | ov_117 | 2.3360547352361933 × 10^282 |
| 116 | ov_116 | 2.9789026846785544 × 10^282 |
| 115 | ov_115 | 3.731252619004768 × 10^282 |
| 114 | ov_114 | 4.601879376367589 × 10^282 |
| 113 | ov_113 | 5.599609537898899 × 10^282 |
| 112 | ov_112 | 6.733344732825319 × 10^282 |
| 111 | ov_111 | 8.012090849402523 × 10^282 |
| 110 | ov_110 | 9.44499373766976 × 10^282 |
| 109 | ov_109 | 1.1041381991539426 × 10^283 |
| 108 | ov_108 | 1.2810817400176268 × 10^283 |
| 107 | ov_107 | 1.4763153662264494 × 10^283 |
| 106 | ov_106 | 1.6908603962000295 × 10^283 |
| 105 | ov_105 | 1.9257818012914653 × 10^283 |
| 104 | ov_104 | 2.1821969185398414 × 10^283 |
| 103 | ov_103 | 2.4612852346603093 × 10^283 |
| 102 | ov_102 | 2.7642993057708276 × 10^283 |
| 101 | ov_101 | 3.0925768793872586 × 10^283 |
| 100 | ov_100 | 3.447554287707649 × 10^283 |
| 96 | aaa_78_29 | 3.517877831401249 × 10^283 |
| 99 | ov_099 | 3.83078118421088 × 10^283 |
| 98 | ov_098 | 3.830817867573814 × 10^283 |
| 97 | ov_097 | 3.830932721420151 × 10^283 |
| 95 | aaa_78_28 | 9.284608033713099 × 10^283 |
| 94 | ov_094 | 2.8867448675997135 × 10^284 |
| 93 | ov_093 | 6.440149231916779 × 10^284 |
| 92 | ov_092 | 1.2192312464942608 × 10^285 |
| 91 | ov_091 | 2.2945706098342964 × 10^285 |
| 90 | ov_090 | 4.4909218796680796 × 10^285 |
| 89 | ov_089 | 8.550020089913248 × 10^285 |
| 88 | ov_088 | 1.533461955862906 × 10^286 |
| 87 | ov_087 | 2.582881639103054 × 10^286 |
| 86 | ov_086 | 4.1138585917151348 × 10^286 |
| 85 | ov_085 | 6.249260406310624 × 10^286 |
| 84 | ov_084 | 9.124342224243222 × 10^286 |
| 83 | ov_083 | 1.2886906535828657 × 10^287 |
| 82 | ov_082 | 1.7697512251485935 × 10^287 |
| 81 | ov_081 | 2.372974000493542 × 10^287 |
| 64 | lv_79_k31 | 3.0691730511679243 × 10^287 |
| 80 | ov_080 | 3.1170520651845687 × 10^287 |
| 79 | ov_079 | 4.022053393144581 × 10^287 |
| 78 | ov_078 | 5.109468426628846 × 10^287 |
| 77 | ov_077 | 6.402266068901311 × 10^287 |
| 76 | ov_076 | 7.924958790767916 × 10^287 |
| 75 | ov_075 | 9.703677555657273 × 10^287 |
| 74 | ov_074 | 1.1766257273136085 × 10^288 |
| 63 | ov_063 | 1.2675769551658702 × 10^288 |
| 73 | ov_073 | 1.4142333498056502 × 10^288 |
| 72 | ov_072 | 1.6848170350913413 × 10^288 |
| 71 | ov_071 | 1.9917343405749304 × 10^288 |
| 70 | ov_070 | 2.338559379337852 × 10^288 |
| 69 | ov_069 | 2.729097730427272 × 10^288 |
| 68 | ov_068 | 3.1674028544017154 × 10^288 |
| 67 | ov_067 | 3.6557032485459334 × 10^288 |
| 66 | ov_066 | 3.655706039429091 × 10^288 |
| 65 | ov_065 | 3.655714651336127 × 10^288 |
| 62 | ov_062 | 5.2337443393004874 × 10^288 |
| 61 | ov_061 | 1.5816474433946552 × 10^289 |
| 60 | ov_060 | 3.838227126111211 × 10^289 |
| 59 | ov_059 | 7.971254766451808 × 10^289 |
| 58 | ov_058 | 1.4707703128327874 × 10^290 |
| 57 | ov_057 | 2.4774550528094754 × 10^290 |
| 56 | ov_056 | 4.222919155058427 × 10^290 |
| 55 | ov_055 | 7.591345265078092 × 10^290 |
| 54 | ov_054 | 1.313388870598301 × 10^291 |
| 53 | ov_053 | 2.2025587089128816 × 10^291 |
| 52 | ov_052 | 3.5586957782005385 × 10^291 |
| 51 | ov_051 | 5.5284072974671475 × 10^291 |
| 50 | ov_050 | 8.272870421348188 × 10^291 |
| 49 | ov_049 | 1.1967858871153605 × 10^292 |
| 48 | ov_048 | 1.6803788162107764 × 10^292 |
| 47 | ov_047 | 2.298578681511621 × 10^292 |
| 46 | ov_046 | 3.0733801914774257 × 10^292 |
| 32 | lv_80_k31 | 3.0806175883440424 × 10^292 |
| 45 | ov_045 | 4.016905455313104 × 10^292 |
| 44 | ov_044 | 5.142040959954845 × 10^292 |
| 43 | ov_043 | 6.462452781460441 × 10^292 |
| 42 | ov_042 | 8.006272077710153 × 10^292 |
| 41 | ov_041 | 9.803252334664337 × 10^292 |
| 40 | ov_040 | 1.1869535243360675 × 10^293 |
| 31 | ov_031 | 1.273580432542794 × 10^293 |
| 39 | ov_039 | 1.4238293888591217 × 10^293 |
| 38 | ov_038 | 1.694452448781274 × 10^293 |
| 37 | ov_037 | 2.0025142076435456 × 10^293 |
| 36 | ov_036 | 2.351909363601667 × 10^293 |
| 35 | ov_035 | 2.7467490692710386 × 10^293 |
| 34 | ov_034 | 3.1913763546439516 × 10^293 |
| 33 | ov_033 | 3.690383927886656 × 10^293 |
| 30 | ov_030 | 5.263766471656649 × 10^293 |
| 29 | ov_029 | 1.592147042258667 × 10^294 |
| 28 | ov_028 | 3.867264468522463 × 10^294 |
| 27 | ov_027 | 9.2479357480786 × 10^294 |
| 26 | ov_026 | 2.2263336649429327 × 10^295 |
| 25 | ov_025 | 4.891617338658099 × 10^295 |
| 24 | ov_024 | 9.668270829667749 × 10^295 |
| 23 | ov_023 | 1.7451282702760054 × 10^296 |
| 22 | ov_022 | 2.9283018330662307 × 10^296 |
| 21 | ov_021 | 4.635324686210674 × 10^296 |
| 20 | ov_020 | 6.999918616080654 × 10^296 |
| 19 | ov_019 | 1.0170557481356719 × 10^297 |
| 18 | ov_018 | 1.431047951303855 × 10^297 |
| 17 | ov_017 | 1.9597709207376325 × 10^297 |
| 16 | ov_016 | 2.622509469862784 × 10^297 |
| 15 | ov_015 | 3.440036799504351 × 10^297 |
| 14 | ov_014 | 4.434623758210556 × 10^297 |
| 13 | ov_013 | 5.63005245397433 × 10^297 |
| 12 | ov_012 | 7.051635448546567 × 10^297 |
| 11 | ov_011 | 8.726241882233075 × 10^297 |
| 10 | ov_010 | 1.0682331994066424 × 10^298 |
| 9 | ov_009 | 1.295000161972461 × 10^298 |
| 8 | ov_008 | 1.5561038254080202 × 10^298 |
| 7 | ov_007 | 1.8548990035899566 × 10^298 |
| 6 | ov_006 | 2.1949248761579277 × 10^298 |
| 5 | ov_005 | 2.5799148127049313 × 10^298 |
| 4 | ov_004 | 3.013807887818112 × 10^298 |
| 3 | ov_003 | 3.500762290434392 × 10^298 |
| 2 | ov_002 | 4.043035152397279 × 10^298 |
| 1 | ov_001 | 4.643014573493769 × 10^298 |

