# Results for F001-F002-F003-F004-F005-F006-F007-F008-F009-F010-F011-F012-F013-F014-F015-F016-F017-F018-F019-F020-F021-F022-F023-F024-F025-F026-F027-F028-F029-F030-F031-F032-F033-F034-F035-F036-F037-F038-F039-F040-F041-F042-F043-F044-F045-F046-F047-F048-F049-F050-F051-F052-F053-F054-F055-F056-F057-F058-F059-F060-F061-F062-F063-F064-F065-F066-F067-F068-F069-F070-F071-F072-F073-F074-F075-F076-F077-F078-F079-F080-F081-F082-F083-F084-F085-F086-F087-F088-F089-F090-F091-F092-F093-F094-F095-F096-F097-F098-F099-F100-F101-F102-F103-F104-F105-F106-F107-F108-F109-F110-F111-F112-F113-F114-F115-F116-F117-F118-F119-F120-F121-F122-F123-F124-F125-F126-F127-F128-F129-F130-F131-F132-F133-F134-F135-F136-F137-F138-F139-F140-F141-F142-F143-F144-F145-F146-F147-F148-F149-F150-F151-F152-F153-F154-F155-F156-F157-F158-F159-F160-F161-F162-F163-F164-F165-F166-F167-F168-F169-F170-F171-F172-F173-F174-F175-F176-F177-F178-F179-F180-F181-F182-F183-F184-F185-F186-F187-F188-F189-F190-F191-F192-F193-F194-F195-F196-F197-F198-F199-F200-F201-F202-F203-F204-F205-F206-F207-F208-F209-F210-F211-F212-F213-F214-F215-F216-F217-F218-F219-F220-F221-F222-F223-F224-F225-F226-F227-F228-F229-F230-F231-F232-F233-F234-F235-F236-F237-F238-F239-F240-F241-F242-F243-F244-F245-F246-F247-F248-F249-F250-F251-F252-F253-F254-F255-F256-F257-F258-F259-F260-F261-F262-F263-F264-F265-F266-F267-F268-F269-F270-F271-F272-F273-F274-F275-F276-F277-F278-F279-F280-F281-F282-F283-F284-F285-F286-F287-F288-F289-F290-F291-F292-F293-F294-F295-F296-F297-F298-F299-F300-F301-F302-F303-F304-F305-F306-F307-F308-F309-F310-F311-F312-F313-F314-F315-F316-F317-F318-F319-F320-F321-F322-F323-F324-F325-F326-F327-F328-F329-F330-F331-F332-F333-F334-F335-F336-F337-F338-F339-F340-F341-F342-F343-F344-F345-F346-F347-F348-F349-F350-F351-F352-F353-F354-F355-F356-F357-F358-F359-F360-F361-F362-F363-F364-F365-F366-F367-F368-F369-F370-F371-F372-F373-F374-F375-F376-F377-F378-F379-F380-F381-F382-F383-F384-F385-F386-F387-F388-F389-F390-F391-F392-F393-F394-F395-F396-F397-F398-F399-F400-F401-F402-F403-F404-F405-F406-F407-F408-F409-F410-F411-F412-F413-F414-F415-F416-F417-F418-F419-F420-F421-F422-F423-F424-F425-F426-F427-F428-F429-F430-F431-F432-F433-F434-F435-F436-F437-F438-F439-F440-F441-F442-F443-F444-F445-F446-F447-F448-F449-F450-F451-F452-F453-F454-F455-F456-F457-F458-F459-F460-F461-F462-F463-F464-F465-F466-F467-F468-F469-F470-F471-F472-F473-F474-F475-F476-F477-F478-F479-F480-F481-F482-F483-F484-F485-F486-F487-F488-F489-F490-F491-F492-F493-F494-F495-F496-F497-F498-F499-F500-F501-E502511-E507509-F510

## Summary

Number of input bits: 512  
Number of free input bits: 8  
Number of output bits: 160

Number of direct occurrences: 32868  
Number of assignments: 31048  
Number of operations: 11113553
(xor: 11084295,
and: 16094,
or: 13164)

Total complexity: 4.030987476063952 × 10^299

Least occurring input variable: iv_504 (3917)  
Most occurring input variable: iv_512 (4367)

Most co-occurring input variables: iv_505-iv_512 (2056)  
Least co-occurring input variables: iv_505-iv_506 (1821)

Potentially most occurring input variable: iv_502/iv_512 (4575)  
Potentially least occurring input variable: iv_504/iv_506 (4151)

Least output occurring input variable: iv_507 (66)  
Most output occurring input variable: iv_506 (82)

Most output co-occurring input variables: iv_504-iv_506 (42)  
Least output co-occurring input variables: iv_503-iv_508 (31)

Potentially most output occurring input variable: iv_504/iv_512 (90)  
Potentially least output occurring input variable: iv_507/iv_508 (68)

Least complex input bit: iv_503 (1.65192972199027 × 10^298)  
Most complex input bit: iv_512 (8.621540524857769 × 10^298)

Least complex output bit: aaa_76_29 (5.501147397890394 × 10^274)  
Most complex output bit: ov_001 (6.330934749217402 × 10^298)

Least complex input/output complexity: iv_503/aaa_76_29 (2.2544125839105886 × 10^273)  
Most complex input/output complexity: iv_512/ov_001 (1.3540704560537326 × 10^298)

Input variable with highest collision probability: iv_508 (½^160.0000000000003)

## Input Bits

### Input Bits in Regular Order

| Input Bit | Complexity | Occurrences | Output Occurrences | Collision Probability |
|:---------:|:----------:|:-----------:|:------------------:|:---------------------:|
| iv_502 | 8.419925005097575 × 10^298 | 4270 | 72 | ½^160.00000000000068 |
| iv_503 | 1.65192972199027 × 10^298 | 4037 | 74 | ½^160.00000000000063 |
| iv_504 | 2.713508096829702 × 10^298 | 3917 | 78 | ½^160.0000000000007 |
| iv_505 | 4.264049259075391 × 10^298 | 4116 | 79 | ½^160.00000000000077 |
| iv_506 | 2.2214084605360299 × 10^298 | 3954 | 82 | ½^160.00000000000063 |
| iv_507 | 8.304959704505941 × 10^298 | 4220 | 66 | ½^160.0000000000008 |
| iv_508 | 4.112553987746922 × 10^298 | 3987 | 70 | ½^160.0000000000003 |
| iv_512 | 8.621540524857769 × 10^298 | 4367 | 80 | ½^160.0000000000007 |

### Input Bits Sorted by Complexity

| Input Bit | Complexity | Occurrences | Output Occurrences | Collision Probability |
|:---------:|:----------:|:-----------:|:------------------:|:---------------------:|
| iv_503 | 1.65192972199027 × 10^298 | 4037 | 74 | ½^160.00000000000063 |
| iv_506 | 2.2214084605360299 × 10^298 | 3954 | 82 | ½^160.00000000000063 |
| iv_504 | 2.713508096829702 × 10^298 | 3917 | 78 | ½^160.0000000000007 |
| iv_508 | 4.112553987746922 × 10^298 | 3987 | 70 | ½^160.0000000000003 |
| iv_505 | 4.264049259075391 × 10^298 | 4116 | 79 | ½^160.00000000000077 |
| iv_507 | 8.304959704505941 × 10^298 | 4220 | 66 | ½^160.0000000000008 |
| iv_502 | 8.419925005097575 × 10^298 | 4270 | 72 | ½^160.00000000000068 |
| iv_512 | 8.621540524857769 × 10^298 | 4367 | 80 | ½^160.0000000000007 |

### Input Bits Sorted by Occurrences

| Input Bit | Complexity | Occurrences | Output Occurrences | Collision Probability |
|:---------:|:----------:|:-----------:|:------------------:|:---------------------:|
| iv_504 | 2.713508096829702 × 10^298 | 3917 | 78 | ½^160.0000000000007 |
| iv_506 | 2.2214084605360299 × 10^298 | 3954 | 82 | ½^160.00000000000063 |
| iv_508 | 4.112553987746922 × 10^298 | 3987 | 70 | ½^160.0000000000003 |
| iv_503 | 1.65192972199027 × 10^298 | 4037 | 74 | ½^160.00000000000063 |
| iv_505 | 4.264049259075391 × 10^298 | 4116 | 79 | ½^160.00000000000077 |
| iv_507 | 8.304959704505941 × 10^298 | 4220 | 66 | ½^160.0000000000008 |
| iv_502 | 8.419925005097575 × 10^298 | 4270 | 72 | ½^160.00000000000068 |
| iv_512 | 8.621540524857769 × 10^298 | 4367 | 80 | ½^160.0000000000007 |

### Input Bits Sorted by Output Occurrences

| Input Bit | Complexity | Occurrences | Output Occurrences | Collision Probability |
|:---------:|:----------:|:-----------:|:------------------:|:---------------------:|
| iv_507 | 8.304959704505941 × 10^298 | 4220 | 66 | ½^160.0000000000008 |
| iv_508 | 4.112553987746922 × 10^298 | 3987 | 70 | ½^160.0000000000003 |
| iv_502 | 8.419925005097575 × 10^298 | 4270 | 72 | ½^160.00000000000068 |
| iv_503 | 1.65192972199027 × 10^298 | 4037 | 74 | ½^160.00000000000063 |
| iv_504 | 2.713508096829702 × 10^298 | 3917 | 78 | ½^160.0000000000007 |
| iv_505 | 4.264049259075391 × 10^298 | 4116 | 79 | ½^160.00000000000077 |
| iv_512 | 8.621540524857769 × 10^298 | 4367 | 80 | ½^160.0000000000007 |
| iv_506 | 2.2214084605360299 × 10^298 | 3954 | 82 | ½^160.00000000000063 |

### Input Bits Sorted by Collision Probability

| Input Bit | Complexity | Occurrences | Output Occurrences | Collision Probability |
|:---------:|:----------:|:-----------:|:------------------:|:---------------------:|
| iv_508 | 4.112553987746922 × 10^298 | 3987 | 70 | ½^160.0000000000003 |
| iv_506 | 2.2214084605360299 × 10^298 | 3954 | 82 | ½^160.00000000000063 |
| iv_503 | 1.65192972199027 × 10^298 | 4037 | 74 | ½^160.00000000000063 |
| iv_502 | 8.419925005097575 × 10^298 | 4270 | 72 | ½^160.00000000000068 |
| iv_504 | 2.713508096829702 × 10^298 | 3917 | 78 | ½^160.0000000000007 |
| iv_512 | 8.621540524857769 × 10^298 | 4367 | 80 | ½^160.0000000000007 |
| iv_505 | 4.264049259075391 × 10^298 | 4116 | 79 | ½^160.00000000000077 |
| iv_507 | 8.304959704505941 × 10^298 | 4220 | 66 | ½^160.0000000000008 |

## Input Bit/Output Bit Collision Probabilities

| Input Bit | Output Bit | Collision Probability |
|:---------:|:----------:|:---------------------:|
| iv_508 | ov_144 | 0.5000000000000047 |
| iv_508 | ov_033 | 0.5000000000000036 |
| iv_506 | ov_063 | 0.5000000000000022 |
| iv_506 | ov_049 | 0.500000000000002 |
| iv_508 | ov_138 | 0.500000000000002 |
| iv_503 | ov_147 | 0.5000000000000018 |
| iv_506 | ov_060 | 0.5000000000000018 |
| iv_508 | ov_040 | 0.5000000000000018 |

## Input Bit Co-occurrences

### Input Bit Co-occurrences Sorted by Co-occurrences

| Input Bits | Co-occurrences | Potential Occurrences | Output Co-occurrences | Potential Output Occurrences |
|:----------:|:--------------:|:---------------------:|:---------------------:|:----------------------------:|
| iv_505-iv_512 | 2056 | 4371 | 40 | 79 |
| iv_503-iv_512 | 2038 | 4328 | 34 | 86 |
| iv_502-iv_512 | 2031 | 4575 | 37 | 78 |
| iv_507-iv_512 | 2029 | 4529 | 33 | 80 |
| iv_508-iv_512 | 2022 | 4310 | 32 | 86 |
| iv_502-iv_505 | 2019 | 4348 | 33 | 85 |
| iv_502-iv_507 | 1988 | 4514 | 33 | 72 |
| iv_505-iv_507 | 1976 | 4384 | 35 | 75 |

### Input Bit Co-occurrences Sorted by Potential Occurrences

| Input Bits | Co-occurrences | Potential Occurrences | Output Co-occurrences | Potential Output Occurrences |
|:----------:|:--------------:|:---------------------:|:---------------------:|:----------------------------:|
| iv_504-iv_506 | 1860 | 4151 | 42 | 76 |
| iv_506-iv_508 | 1891 | 4159 | 37 | 78 |
| iv_503-iv_506 | 1905 | 4181 | 38 | 80 |
| iv_505-iv_508 | 1961 | 4181 | 36 | 77 |
| iv_504-iv_508 | 1857 | 4190 | 37 | 74 |
| iv_506-iv_507 | 1975 | 4224 | 34 | 80 |
| iv_504-iv_505 | 1898 | 4237 | 34 | 89 |
| iv_503-iv_504 | 1843 | 4268 | 41 | 70 |

### Input Bit Output Co-occurrences Sorted by Output Co-occurrences

| Input Bits | Co-occurrences | Potential Occurrences | Output Co-occurrences | Potential Output Occurrences |
|:----------:|:--------------:|:---------------------:|:---------------------:|:----------------------------:|
| iv_504-iv_506 | 1860 | 4151 | 42 | 76 |
| iv_503-iv_504 | 1843 | 4268 | 41 | 70 |
| iv_505-iv_512 | 2056 | 4371 | 40 | 79 |
| iv_502-iv_504 | 1914 | 4359 | 38 | 74 |
| iv_503-iv_506 | 1905 | 4181 | 38 | 80 |
| iv_505-iv_506 | 1821 | 4428 | 38 | 85 |
| iv_506-iv_512 | 1923 | 4475 | 38 | 86 |
| iv_504-iv_508 | 1857 | 4190 | 37 | 74 |

### Input Bit Output Co-occurrences Sorted by Potential Output Occurrences

| Input Bits | Co-occurrences | Potential Occurrences | Output Co-occurrences | Potential Output Occurrences |
|:----------:|:--------------:|:---------------------:|:---------------------:|:----------------------------:|
| iv_507-iv_508 | 1903 | 4401 | 34 | 68 |
| iv_503-iv_504 | 1843 | 4268 | 41 | 70 |
| iv_502-iv_507 | 1988 | 4514 | 33 | 72 |
| iv_502-iv_504 | 1914 | 4359 | 38 | 74 |
| iv_502-iv_508 | 1961 | 4335 | 34 | 74 |
| iv_504-iv_508 | 1857 | 4190 | 37 | 74 |
| iv_505-iv_507 | 1976 | 4384 | 35 | 75 |
| iv_503-iv_507 | 1925 | 4407 | 32 | 76 |

## Output Bits

### Output Bits in Regular Order

| Rank | Output Bit | Complexity |
|:----:|:----------:|:----------:|
| 1 | ov_001 | 6.330934749217402 × 10^298 |
| 2 | ov_002 | 5.5128401654445 × 10^298 |
| 3 | ov_003 | 4.773430546336076 × 10^298 |
| 4 | ov_004 | 4.109449626436477 × 10^298 |
| 5 | ov_005 | 3.5178197238384554 × 10^298 |
| 6 | ov_006 | 2.9928710036743434 × 10^298 |
| 7 | ov_007 | 2.529232404819324 × 10^298 |
| 8 | ov_008 | 2.1218133542747978 × 10^298 |
| 9 | ov_009 | 1.765788064781847 × 10^298 |
| 10 | ov_010 | 1.4565821382278542 × 10^298 |
| 11 | ov_011 | 1.1898612457104952 × 10^298 |
| 12 | ov_012 | 9.61521720735124 × 10^297 |
| 13 | ov_013 | 7.676829145945418 × 10^297 |
| 14 | ov_014 | 6.046811287959716 × 10^297 |
| 15 | ov_015 | 4.690649081181367 × 10^297 |
| 16 | ov_016 | 3.575914784969921 × 10^297 |
| 17 | ov_017 | 2.6722412996237234 × 10^297 |
| 18 | ov_018 | 1.9513036080686118 × 10^297 |
| 19 | ov_019 | 1.3868061508679488 × 10^297 |
| 20 | ov_020 | 9.544746145026756 × 10^296 |
| 21 | ov_021 | 6.320508369239474 × 10^296 |
| 22 | ov_022 | 3.992898235995154 × 10^296 |
| 23 | ov_023 | 2.3795807138688933 × 10^296 |
| 24 | ov_024 | 1.3183258755142322 × 10^296 |
| 25 | ov_025 | 6.670027775036877 × 10^295 |
| 26 | ov_026 | 3.0357578904089945 × 10^295 |
| 27 | ov_027 | 1.2610262214671453 × 10^295 |
| 28 | ov_028 | 5.273341799602307 × 10^294 |
| 29 | ov_029 | 2.1710397956917958 × 10^294 |
| 30 | ov_030 | 7.1776717188320586 × 10^293 |
| 31 | ov_031 | 1.7366636198681438 × 10^293 |
| 32 | lv_80_k31 | 4.200773741657634 × 10^292 |
| 33 | ov_033 | 5.0321106090529956 × 10^293 |
| 34 | ov_034 | 4.351730494362805 × 10^293 |
| 35 | ov_035 | 3.7454740496525 × 10^293 |
| 36 | ov_036 | 3.207087682859888 × 10^293 |
| 37 | ov_037 | 2.73065618559841 × 10^293 |
| 38 | ov_038 | 2.31057881139523 × 10^293 |
| 39 | ov_039 | 1.9415485672419994 × 10^293 |
| 40 | ov_040 | 1.6185344095171046 × 10^293 |
| 41 | ov_041 | 1.3367660541919798 × 10^293 |
| 42 | ov_042 | 1.091721129107676 × 10^293 |
| 43 | ov_043 | 8.81198958331489 × 10^292 |
| 44 | ov_044 | 7.011425587929363 × 10^292 |
| 45 | ov_045 | 5.47715897135991 × 10^292 |
| 46 | ov_046 | 4.190553778617449 × 10^292 |
| 47 | ov_047 | 3.1340364074512905 × 10^292 |
| 48 | ov_048 | 2.291075183924411 × 10^292 |
| 49 | ov_049 | 1.631673971916414 × 10^292 |
| 50 | ov_050 | 1.1278575202446882 × 10^292 |
| 51 | ov_051 | 7.536572893293321 × 10^291 |
| 52 | ov_052 | 4.851018895483302 × 10^291 |
| 53 | ov_053 | 3.002110085503903 × 10^291 |
| 54 | ov_054 | 1.7899183548969535 × 10^291 |
| 55 | ov_055 | 1.0343712036368967 × 10^291 |
| 56 | ov_056 | 5.752416609214423 × 10^290 |
| 57 | ov_057 | 3.3737675674174792 × 10^290 |
| 58 | ov_058 | 2.0022654124489767 × 10^290 |
| 59 | ov_059 | 1.0847499490266698 × 10^290 |
| 60 | ov_060 | 5.220499869713734 × 10^289 |
| 61 | ov_061 | 2.1499508163239277 × 10^289 |
| 62 | ov_062 | 7.109452868317748 × 10^288 |
| 63 | ov_063 | 1.7204496312422717 × 10^288 |
| 64 | lv_79_k31 | 4.162033724651124 × 10^287 |
| 65 | ov_065 | 4.951638454453138 × 10^288 |
| 66 | ov_066 | 4.951626891220963 × 10^288 |
| 67 | ov_067 | 4.951623143895538 × 10^288 |
| 68 | ov_068 | 4.2836684480876277 × 10^288 |
| 69 | ov_069 | 3.684894494712675 × 10^288 |
| 70 | ov_070 | 3.152309066049477 × 10^288 |
| 71 | ov_071 | 2.6804695536160306 × 10^288 |
| 72 | ov_072 | 2.2642661806583592 × 10^288 |
| 73 | ov_073 | 1.8988999610001217 × 10^288 |
| 74 | ov_074 | 1.579862679003598 × 10^288 |
| 75 | ov_075 | 1.3029187826253696 × 10^288 |
| 76 | ov_076 | 1.0640890850765987 × 10^288 |
| 77 | ov_077 | 8.596361734441436 × 10^287 |
| 78 | ov_078 | 6.860514248868755 × 10^287 |
| 79 | ov_079 | 5.4004353277709204 × 10^287 |
| 80 | ov_080 | 4.1852844648913934 × 10^287 |
| 81 | ov_081 | 3.1862062951914685 × 10^287 |
| 82 | ov_082 | 2.3762554131781916 × 10^287 |
| 83 | ov_083 | 1.730332486927982 × 10^287 |
| 84 | ov_084 | 1.225130729422851 × 10^287 |
| 85 | ov_085 | 8.390917906513049 × 10^286 |
| 86 | ov_086 | 5.5237013495603425 × 10^286 |
| 87 | ov_087 | 3.4680496866449795 × 10^286 |
| 88 | ov_088 | 2.05898783341581 × 10^286 |
| 89 | ov_089 | 1.1480158017806849 × 10^286 |
| 90 | ov_090 | 6.029984113047126 × 10^285 |
| 91 | ov_091 | 3.080931248548094 × 10^285 |
| 92 | ov_092 | 1.6370674410218982 × 10^285 |
| 93 | ov_093 | 8.647216376514362 × 10^284 |
| 94 | ov_094 | 3.8760439399982525 × 10^284 |
| 95 | aaa_78_28 | 1.2466477495867233 × 10^284 |
| 96 | aaa_78_29 | 4.723466005333691 × 10^283 |
| 97 | ov_097 | 5.143809240533857 × 10^283 |
| 98 | ov_098 | 5.143655010113211 × 10^283 |
| 99 | ov_099 | 5.143605749328521 × 10^283 |
| 100 | ov_100 | 4.62904328075761 × 10^283 |
| 101 | ov_101 | 4.1524124797497776 × 10^283 |
| 102 | ov_102 | 3.711632395683864 × 10^283 |
| 103 | ov_103 | 3.304774264404038 × 10^283 |
| 104 | ov_104 | 2.930041721492371 × 10^283 |
| 105 | ov_105 | 2.585752817844512 × 10^283 |
| 106 | ov_106 | 2.2703237413126196 × 10^283 |
| 107 | ov_107 | 1.982254152111596 × 10^283 |
| 108 | ov_108 | 1.7201140429350967 × 10^283 |
| 109 | ov_109 | 1.4825320373808355 × 10^283 |
| 110 | ov_110 | 1.2681850424145193 × 10^283 |
| 111 | ov_111 | 1.0757891722726316 × 10^283 |
| 112 | ov_112 | 9.040918624791476 × 10^282 |
| 113 | ov_113 | 7.518650935998083 × 10^282 |
| 114 | ov_114 | 6.178996450429443 × 10^282 |
| 115 | ov_115 | 5.0100029969142307 × 10^282 |
| 116 | ov_116 | 3.999819204657306 × 10^282 |
| 117 | ov_117 | 3.136663201157257 × 10^282 |
| 118 | ov_118 | 2.4087984565669315 × 10^282 |
| 119 | ov_119 | 1.804515989331187 × 10^282 |
| 120 | ov_120 | 1.3121221482715091 × 10^282 |
| 121 | ov_121 | 9.199311864396403 × 10^281 |
| 122 | ov_122 | 6.162614883587314 × 10^281 |
| 123 | ov_123 | 3.894338008722837 × 10^281 |
| 124 | ov_124 | 2.277702036760851 × 10^281 |
| 125 | ov_125 | 1.1959343418668417 × 10^281 |
| 126 | ov_126 | 5.322649947201296 × 10^280 |
| 127 | aaa_77_28 | 1.6992492711591726 × 10^280 |
| 128 | aaa_77_29 | 6.368262422997292 × 10^279 |
| 129 | ov_129 | 5.867448366316163 × 10^279 |
| 130 | ov_130 | 5.86743498901612 × 10^279 |
| 131 | ov_131 | 5.867430693941744 × 10^279 |
| 132 | ov_132 | 5.0819597703924766 × 10^279 |
| 133 | ov_133 | 4.378775779811845 × 10^279 |
| 134 | ov_134 | 3.751603001844819 × 10^279 |
| 135 | ov_135 | 3.1945144892945713 × 10^279 |
| 136 | ov_136 | 2.701906642359624 × 10^279 |
| 137 | ov_137 | 2.268477056489725 × 10^279 |
| 138 | ov_138 | 1.8892054049928733 × 10^279 |
| 139 | ov_139 | 1.5593370732948162 × 10^279 |
| 140 | ov_140 | 1.2743692579660906 × 10^279 |
| 141 | ov_141 | 1.0300392593515246 × 10^279 |
| 142 | ov_142 | 8.223147119952352 × 10^278 |
| 143 | ov_143 | 6.4738551213482396 × 10^278 |
| 144 | ov_144 | 5.016572286912488 × 10^278 |
| 145 | ov_145 | 3.8174582346258736 × 10^278 |
| 146 | ov_146 | 2.844735208460124 × 10^278 |
| 147 | ov_147 | 2.0686565739744106 × 10^278 |
| 148 | ov_148 | 1.461483437577396 × 10^278 |
| 149 | ov_149 | 9.974678594578167 × 10^277 |
| 150 | ov_150 | 6.528412747372385 × 10^277 |
| 151 | ov_151 | 4.0580688185583555 × 10^277 |
| 152 | ov_152 | 2.365349016046894 × 10^277 |
| 153 | ov_153 | 1.2715979605760578 × 10^277 |
| 154 | ov_154 | 6.17787639456034 × 10^276 |
| 155 | ov_155 | 2.6450994360962565 × 10^276 |
| 156 | aaa_76_25 | 9.197317747092612 × 10^275 |
| 157 | aaa_76_26 | 5.659472352670385 × 10^275 |
| 158 | aaa_76_27 | 3.102289645886224 × 10^275 |
| 159 | aaa_76_28 | 1.461511207254866 × 10^275 |
| 160 | aaa_76_29 | 5.501147397890394 × 10^274 |

### Output Bits Sorted by Complexity

| Rank | Output Bit | Complexity |
|:----:|:----------:|:----------:|
| 160 | aaa_76_29 | 5.501147397890394 × 10^274 |
| 159 | aaa_76_28 | 1.461511207254866 × 10^275 |
| 158 | aaa_76_27 | 3.102289645886224 × 10^275 |
| 157 | aaa_76_26 | 5.659472352670385 × 10^275 |
| 156 | aaa_76_25 | 9.197317747092612 × 10^275 |
| 155 | ov_155 | 2.6450994360962565 × 10^276 |
| 154 | ov_154 | 6.17787639456034 × 10^276 |
| 153 | ov_153 | 1.2715979605760578 × 10^277 |
| 152 | ov_152 | 2.365349016046894 × 10^277 |
| 151 | ov_151 | 4.0580688185583555 × 10^277 |
| 150 | ov_150 | 6.528412747372385 × 10^277 |
| 149 | ov_149 | 9.974678594578167 × 10^277 |
| 148 | ov_148 | 1.461483437577396 × 10^278 |
| 147 | ov_147 | 2.0686565739744106 × 10^278 |
| 146 | ov_146 | 2.844735208460124 × 10^278 |
| 145 | ov_145 | 3.8174582346258736 × 10^278 |
| 144 | ov_144 | 5.016572286912488 × 10^278 |
| 143 | ov_143 | 6.4738551213482396 × 10^278 |
| 142 | ov_142 | 8.223147119952352 × 10^278 |
| 141 | ov_141 | 1.0300392593515246 × 10^279 |
| 140 | ov_140 | 1.2743692579660906 × 10^279 |
| 139 | ov_139 | 1.5593370732948162 × 10^279 |
| 138 | ov_138 | 1.8892054049928733 × 10^279 |
| 137 | ov_137 | 2.268477056489725 × 10^279 |
| 136 | ov_136 | 2.701906642359624 × 10^279 |
| 135 | ov_135 | 3.1945144892945713 × 10^279 |
| 134 | ov_134 | 3.751603001844819 × 10^279 |
| 133 | ov_133 | 4.378775779811845 × 10^279 |
| 132 | ov_132 | 5.0819597703924766 × 10^279 |
| 131 | ov_131 | 5.867430693941744 × 10^279 |
| 130 | ov_130 | 5.86743498901612 × 10^279 |
| 129 | ov_129 | 5.867448366316163 × 10^279 |
| 128 | aaa_77_29 | 6.368262422997292 × 10^279 |
| 127 | aaa_77_28 | 1.6992492711591726 × 10^280 |
| 126 | ov_126 | 5.322649947201296 × 10^280 |
| 125 | ov_125 | 1.1959343418668417 × 10^281 |
| 124 | ov_124 | 2.277702036760851 × 10^281 |
| 123 | ov_123 | 3.894338008722837 × 10^281 |
| 122 | ov_122 | 6.162614883587314 × 10^281 |
| 121 | ov_121 | 9.199311864396403 × 10^281 |
| 120 | ov_120 | 1.3121221482715091 × 10^282 |
| 119 | ov_119 | 1.804515989331187 × 10^282 |
| 118 | ov_118 | 2.4087984565669315 × 10^282 |
| 117 | ov_117 | 3.136663201157257 × 10^282 |
| 116 | ov_116 | 3.999819204657306 × 10^282 |
| 115 | ov_115 | 5.0100029969142307 × 10^282 |
| 114 | ov_114 | 6.178996450429443 × 10^282 |
| 113 | ov_113 | 7.518650935998083 × 10^282 |
| 112 | ov_112 | 9.040918624791476 × 10^282 |
| 111 | ov_111 | 1.0757891722726316 × 10^283 |
| 110 | ov_110 | 1.2681850424145193 × 10^283 |
| 109 | ov_109 | 1.4825320373808355 × 10^283 |
| 108 | ov_108 | 1.7201140429350967 × 10^283 |
| 107 | ov_107 | 1.982254152111596 × 10^283 |
| 106 | ov_106 | 2.2703237413126196 × 10^283 |
| 105 | ov_105 | 2.585752817844512 × 10^283 |
| 104 | ov_104 | 2.930041721492371 × 10^283 |
| 103 | ov_103 | 3.304774264404038 × 10^283 |
| 102 | ov_102 | 3.711632395683864 × 10^283 |
| 101 | ov_101 | 4.1524124797497776 × 10^283 |
| 100 | ov_100 | 4.62904328075761 × 10^283 |
| 96 | aaa_78_29 | 4.723466005333691 × 10^283 |
| 99 | ov_099 | 5.143605749328521 × 10^283 |
| 98 | ov_098 | 5.143655010113211 × 10^283 |
| 97 | ov_097 | 5.143809240533857 × 10^283 |
| 95 | aaa_78_28 | 1.2466477495867233 × 10^284 |
| 94 | ov_094 | 3.8760439399982525 × 10^284 |
| 93 | ov_093 | 8.647216376514362 × 10^284 |
| 92 | ov_092 | 1.6370674410218982 × 10^285 |
| 91 | ov_091 | 3.080931248548094 × 10^285 |
| 90 | ov_090 | 6.029984113047126 × 10^285 |
| 89 | ov_089 | 1.1480158017806849 × 10^286 |
| 88 | ov_088 | 2.05898783341581 × 10^286 |
| 87 | ov_087 | 3.4680496866449795 × 10^286 |
| 86 | ov_086 | 5.5237013495603425 × 10^286 |
| 85 | ov_085 | 8.390917906513049 × 10^286 |
| 84 | ov_084 | 1.225130729422851 × 10^287 |
| 83 | ov_083 | 1.730332486927982 × 10^287 |
| 82 | ov_082 | 2.3762554131781916 × 10^287 |
| 81 | ov_081 | 3.1862062951914685 × 10^287 |
| 64 | lv_79_k31 | 4.162033724651124 × 10^287 |
| 80 | ov_080 | 4.1852844648913934 × 10^287 |
| 79 | ov_079 | 5.4004353277709204 × 10^287 |
| 78 | ov_078 | 6.860514248868755 × 10^287 |
| 77 | ov_077 | 8.596361734441436 × 10^287 |
| 76 | ov_076 | 1.0640890850765987 × 10^288 |
| 75 | ov_075 | 1.3029187826253696 × 10^288 |
| 74 | ov_074 | 1.579862679003598 × 10^288 |
| 63 | ov_063 | 1.7204496312422717 × 10^288 |
| 73 | ov_073 | 1.8988999610001217 × 10^288 |
| 72 | ov_072 | 2.2642661806583592 × 10^288 |
| 71 | ov_071 | 2.6804695536160306 × 10^288 |
| 70 | ov_070 | 3.152309066049477 × 10^288 |
| 69 | ov_069 | 3.684894494712675 × 10^288 |
| 68 | ov_068 | 4.2836684480876277 × 10^288 |
| 67 | ov_067 | 4.951623143895538 × 10^288 |
| 66 | ov_066 | 4.951626891220963 × 10^288 |
| 65 | ov_065 | 4.951638454453138 × 10^288 |
| 62 | ov_062 | 7.109452868317748 × 10^288 |
| 61 | ov_061 | 2.1499508163239277 × 10^289 |
| 60 | ov_060 | 5.220499869713734 × 10^289 |
| 59 | ov_059 | 1.0847499490266698 × 10^290 |
| 58 | ov_058 | 2.0022654124489767 × 10^290 |
| 57 | ov_057 | 3.3737675674174792 × 10^290 |
| 56 | ov_056 | 5.752416609214423 × 10^290 |
| 55 | ov_055 | 1.0343712036368967 × 10^291 |
| 54 | ov_054 | 1.7899183548969535 × 10^291 |
| 53 | ov_053 | 3.002110085503903 × 10^291 |
| 52 | ov_052 | 4.851018895483302 × 10^291 |
| 51 | ov_051 | 7.536572893293321 × 10^291 |
| 50 | ov_050 | 1.1278575202446882 × 10^292 |
| 49 | ov_049 | 1.631673971916414 × 10^292 |
| 48 | ov_048 | 2.291075183924411 × 10^292 |
| 47 | ov_047 | 3.1340364074512905 × 10^292 |
| 46 | ov_046 | 4.190553778617449 × 10^292 |
| 32 | lv_80_k31 | 4.200773741657634 × 10^292 |
| 45 | ov_045 | 5.47715897135991 × 10^292 |
| 44 | ov_044 | 7.011425587929363 × 10^292 |
| 43 | ov_043 | 8.81198958331489 × 10^292 |
| 42 | ov_042 | 1.091721129107676 × 10^293 |
| 41 | ov_041 | 1.3367660541919798 × 10^293 |
| 40 | ov_040 | 1.6185344095171046 × 10^293 |
| 31 | ov_031 | 1.7366636198681438 × 10^293 |
| 39 | ov_039 | 1.9415485672419994 × 10^293 |
| 38 | ov_038 | 2.31057881139523 × 10^293 |
| 37 | ov_037 | 2.73065618559841 × 10^293 |
| 36 | ov_036 | 3.207087682859888 × 10^293 |
| 35 | ov_035 | 3.7454740496525 × 10^293 |
| 34 | ov_034 | 4.351730494362805 × 10^293 |
| 33 | ov_033 | 5.0321106090529956 × 10^293 |
| 30 | ov_030 | 7.1776717188320586 × 10^293 |
| 29 | ov_029 | 2.1710397956917958 × 10^294 |
| 28 | ov_028 | 5.273341799602307 × 10^294 |
| 27 | ov_027 | 1.2610262214671453 × 10^295 |
| 26 | ov_026 | 3.0357578904089945 × 10^295 |
| 25 | ov_025 | 6.670027775036877 × 10^295 |
| 24 | ov_024 | 1.3183258755142322 × 10^296 |
| 23 | ov_023 | 2.3795807138688933 × 10^296 |
| 22 | ov_022 | 3.992898235995154 × 10^296 |
| 21 | ov_021 | 6.320508369239474 × 10^296 |
| 20 | ov_020 | 9.544746145026756 × 10^296 |
| 19 | ov_019 | 1.3868061508679488 × 10^297 |
| 18 | ov_018 | 1.9513036080686118 × 10^297 |
| 17 | ov_017 | 2.6722412996237234 × 10^297 |
| 16 | ov_016 | 3.575914784969921 × 10^297 |
| 15 | ov_015 | 4.690649081181367 × 10^297 |
| 14 | ov_014 | 6.046811287959716 × 10^297 |
| 13 | ov_013 | 7.676829145945418 × 10^297 |
| 12 | ov_012 | 9.61521720735124 × 10^297 |
| 11 | ov_011 | 1.1898612457104952 × 10^298 |
| 10 | ov_010 | 1.4565821382278542 × 10^298 |
| 9 | ov_009 | 1.765788064781847 × 10^298 |
| 8 | ov_008 | 2.1218133542747978 × 10^298 |
| 7 | ov_007 | 2.529232404819324 × 10^298 |
| 6 | ov_006 | 2.9928710036743434 × 10^298 |
| 5 | ov_005 | 3.5178197238384554 × 10^298 |
| 4 | ov_004 | 4.109449626436477 × 10^298 |
| 3 | ov_003 | 4.773430546336076 × 10^298 |
| 2 | ov_002 | 5.5128401654445 × 10^298 |
| 1 | ov_001 | 6.330934749217402 × 10^298 |

