# Results for F001-F002-F003-F004-F005-F006-F007-F008-F009-F010-F011-F012-F013-F014-F015-F016-F017-F018-F019-F020-F021-F022-F023-F024-F025-F026-F027-F028-F029-F030-F031-F032-F033-F034-F035-F036-F037-F038-F039-F040-F041-F042-F043-F044-F045-F046-F047-F048-F049-F050-F051-F052-F053-F054-F055-F056-F057-F058-F059-F060-F061-F062-F063-F064-F065-F066-F067-F068-F069-F070-F071-F072-F073-F074-F075-F076-F077-F078-F079-F080-F081-F082-F083-F084-F085-F086-F087-F088-F089-F090-F091-F092-F093-F094-F095-F096-F097-F098-F099-F100-F101-F102-F103-F104-F105-F106-F107-F108-F109-F110-F111-F112-F113-F114-F115-F116-F117-F118-F119-F120-F121-F122-F123-F124-F125-F126-F127-F128-F129-F130-F131-F132-F133-F134-F135-F136-F137-F138-F139-F140-F141-F142-F143-F144-F145-F146-F147-F148-F149-F150-F151-F152-F153-F154-F155-F156-F157-F158-F159-F160-F161-F162-F163-F164-F165-F166-F167-F168-F169-F170-F171-F172-F173-F174-F175-F176-F177-F178-F179-F180-F181-F182-F183-F184-F185-F186-F187-F188-F189-F190-F191-F192-F193-F194-F195-F196-F197-F198-F199-F200-F201-F202-F203-F204-F205-F206-F207-F208-F209-F210-F211-F212-F213-F214-F215-F216-F217-F218-F219-F220-F221-F222-F223-F224-F225-F226-F227-F228-F229-F230-F231-F232-F233-F234-F235-F236-F237-F238-F239-F240-F241-F242-F243-F244-F245-F246-F247-F248-F249-F250-F251-F252-F253-F254-F255-F256-F257-F258-F259-F260-F261-F262-F263-F264-F265-F266-F267-F268-F269-F270-F271-F272-F273-F274-F275-F276-F277-F278-F279-F280-F281-F282-F283-F284-F285-F286-F287-F288-F289-F290-F291-F292-F293-F294-F295-F296-F297-F298-F299-F300-F301-F302-F303-F304-F305-F306-F307-F308-F309-F310-F311-F312-F313-F314-F315-F316-F317-F318-F319-F320-F321-F322-F323-F324-F325-F326-F327-F328-F329-F330-F331-F332-F333-F334-F335-F336-F337-F338-F339-F340-F341-F342-F343-F344-F345-F346-F347-F348-F349-F350-F351-F352-F353-F354-F355-F356-F357-F358-F359-F360-F361-F362-F363-F364-F365-F366-F367-F368-F369-F370-F371-F372-F373-F374-F375-F376-F377-F378-F379-F380-F381-F382-F383-F384-F385-F386-F387-F388-F389-F390-F391-F392-F393-F394-F395-F396-F397-F398-F399-F400-F401-F402-F403-F404-F405-F406-F407-F408-F409-F410-F411-F412-F413-F414-F415-F416-F417-F418-F419-F420-F421-F422-F423-F424-F425-F426-F427-F428-F429-F430-F431-F432-F433-F434-F435-F436-F437-F438-F439-F440-F441-F442-F443-F444-F445-F446-F447-F448-F449-F450-F451-F452-F453-F454-F455-F456-F457-F458-F459-F460-F461-F462-F463-F464-F465-F466-F467-F468-F469-F470-F471-F472-F473-F474-F475-F476-F477-F478-F479-F480-F481-F482-F483-F484-F485-F486-F487-F488-F489-F490-F491-F492-F493-F494-F495-F496-F497-F498-F499-F500-F501-E506508-O509510-F512

## Summary

Number of input bits: 512  
Number of free input bits: 8  
Number of output bits: 160

Number of direct occurrences: 33861  
Number of assignments: 31296  
Number of operations: 11497693
(xor: 11467733,
and: 16815,
or: 13145)

Total complexity: 1.8852317893935416 × 10^303

Least occurring input variable: iv_504 (4005)  
Most occurring input variable: iv_506 (4505)

Most co-occurring input variables: iv_506-iv_509 (2183)  
Least co-occurring input variables: iv_502-iv_504 (1836)

Potentially most occurring input variable: iv_503/iv_506 (4659)  
Potentially least occurring input variable: iv_502/iv_505 (4312)

Least output occurring input variable: iv_503 (71)  
Most output occurring input variable: iv_509 (90)

Most output co-occurring input variables: iv_505-iv_509 (50)  
Least output co-occurring input variables: iv_503-iv_511 (30)

Potentially most output occurring input variable: iv_503/iv_509 (95)  
Potentially least output occurring input variable: iv_505/iv_511 (63)

Least complex input bit: iv_511 (5.210690171696864 × 10^299)  
Most complex input bit: iv_505 (4.707557421645013 × 10^302)

Least complex output bit: aaa_76_29 (3.901597077245854 × 10^277)  
Most complex output bit: ov_001 (2.9966324252494297 × 10^302)

Least complex input/output complexity: iv_511/aaa_76_29 (1.078382703851292 × 10^274)  
Most complex input/output complexity: iv_505/ov_001 (7.482803596242696 × 10^301)

Input variable with highest collision probability: iv_502 (½^160.00000000000043)

## Input Bits

### Input Bits in Regular Order

| Input Bit | Complexity | Occurrences | Output Occurrences | Collision Probability |
|:---------:|:----------:|:-----------:|:------------------:|:---------------------:|
| iv_502 | 9.983344558086072 × 10^301 | 4029 | 78 | ½^160.00000000000043 |
| iv_503 | 1.7776074440509548 × 10^302 | 4272 | 71 | ½^160.00000000000063 |
| iv_504 | 2.958924979674621 × 10^302 | 4005 | 75 | ½^160.00000000000068 |
| iv_505 | 4.707557421645013 × 10^302 | 4187 | 84 | ½^160.0000000000006 |
| iv_506 | 3.68660912688034 × 10^302 | 4505 | 87 | ½^160.0000000000007 |
| iv_507 | 3.501261276601624 × 10^302 | 4206 | 83 | ½^160.0000000000008 |
| iv_509 | 1.2168124991025637 × 10^302 | 4412 | 90 | ½^160.00000000000097 |
| iv_511 | 5.210690171696864 × 10^299 | 4245 | 73 | ½^160.00000000000063 |

### Input Bits Sorted by Complexity

| Input Bit | Complexity | Occurrences | Output Occurrences | Collision Probability |
|:---------:|:----------:|:-----------:|:------------------:|:---------------------:|
| iv_511 | 5.210690171696864 × 10^299 | 4245 | 73 | ½^160.00000000000063 |
| iv_502 | 9.983344558086072 × 10^301 | 4029 | 78 | ½^160.00000000000043 |
| iv_509 | 1.2168124991025637 × 10^302 | 4412 | 90 | ½^160.00000000000097 |
| iv_503 | 1.7776074440509548 × 10^302 | 4272 | 71 | ½^160.00000000000063 |
| iv_504 | 2.958924979674621 × 10^302 | 4005 | 75 | ½^160.00000000000068 |
| iv_507 | 3.501261276601624 × 10^302 | 4206 | 83 | ½^160.0000000000008 |
| iv_506 | 3.68660912688034 × 10^302 | 4505 | 87 | ½^160.0000000000007 |
| iv_505 | 4.707557421645013 × 10^302 | 4187 | 84 | ½^160.0000000000006 |

### Input Bits Sorted by Occurrences

| Input Bit | Complexity | Occurrences | Output Occurrences | Collision Probability |
|:---------:|:----------:|:-----------:|:------------------:|:---------------------:|
| iv_504 | 2.958924979674621 × 10^302 | 4005 | 75 | ½^160.00000000000068 |
| iv_502 | 9.983344558086072 × 10^301 | 4029 | 78 | ½^160.00000000000043 |
| iv_505 | 4.707557421645013 × 10^302 | 4187 | 84 | ½^160.0000000000006 |
| iv_507 | 3.501261276601624 × 10^302 | 4206 | 83 | ½^160.0000000000008 |
| iv_511 | 5.210690171696864 × 10^299 | 4245 | 73 | ½^160.00000000000063 |
| iv_503 | 1.7776074440509548 × 10^302 | 4272 | 71 | ½^160.00000000000063 |
| iv_509 | 1.2168124991025637 × 10^302 | 4412 | 90 | ½^160.00000000000097 |
| iv_506 | 3.68660912688034 × 10^302 | 4505 | 87 | ½^160.0000000000007 |

### Input Bits Sorted by Output Occurrences

| Input Bit | Complexity | Occurrences | Output Occurrences | Collision Probability |
|:---------:|:----------:|:-----------:|:------------------:|:---------------------:|
| iv_503 | 1.7776074440509548 × 10^302 | 4272 | 71 | ½^160.00000000000063 |
| iv_511 | 5.210690171696864 × 10^299 | 4245 | 73 | ½^160.00000000000063 |
| iv_504 | 2.958924979674621 × 10^302 | 4005 | 75 | ½^160.00000000000068 |
| iv_502 | 9.983344558086072 × 10^301 | 4029 | 78 | ½^160.00000000000043 |
| iv_507 | 3.501261276601624 × 10^302 | 4206 | 83 | ½^160.0000000000008 |
| iv_505 | 4.707557421645013 × 10^302 | 4187 | 84 | ½^160.0000000000006 |
| iv_506 | 3.68660912688034 × 10^302 | 4505 | 87 | ½^160.0000000000007 |
| iv_509 | 1.2168124991025637 × 10^302 | 4412 | 90 | ½^160.00000000000097 |

### Input Bits Sorted by Collision Probability

| Input Bit | Complexity | Occurrences | Output Occurrences | Collision Probability |
|:---------:|:----------:|:-----------:|:------------------:|:---------------------:|
| iv_502 | 9.983344558086072 × 10^301 | 4029 | 78 | ½^160.00000000000043 |
| iv_505 | 4.707557421645013 × 10^302 | 4187 | 84 | ½^160.0000000000006 |
| iv_511 | 5.210690171696864 × 10^299 | 4245 | 73 | ½^160.00000000000063 |
| iv_503 | 1.7776074440509548 × 10^302 | 4272 | 71 | ½^160.00000000000063 |
| iv_504 | 2.958924979674621 × 10^302 | 4005 | 75 | ½^160.00000000000068 |
| iv_506 | 3.68660912688034 × 10^302 | 4505 | 87 | ½^160.0000000000007 |
| iv_507 | 3.501261276601624 × 10^302 | 4206 | 83 | ½^160.0000000000008 |
| iv_509 | 1.2168124991025637 × 10^302 | 4412 | 90 | ½^160.00000000000097 |

## Input Bit/Output Bit Collision Probabilities

| Input Bit | Output Bit | Collision Probability |
|:---------:|:----------:|:---------------------:|
| iv_505 | ov_033 | 0.500000000000004 |
| iv_502 | ov_007 | 0.500000000000002 |
| iv_502 | ov_053 | 0.500000000000002 |
| iv_502 | ov_119 | 0.500000000000002 |
| iv_505 | ov_030 | 0.500000000000002 |
| iv_502 | ov_031 | 0.5000000000000018 |
| iv_502 | ov_043 | 0.5000000000000018 |
| iv_502 | ov_065 | 0.5000000000000018 |

## Input Bit Co-occurrences

### Input Bit Co-occurrences Sorted by Co-occurrences

| Input Bits | Co-occurrences | Potential Occurrences | Output Co-occurrences | Potential Output Occurrences |
|:----------:|:--------------:|:---------------------:|:---------------------:|:----------------------------:|
| iv_506-iv_509 | 2183 | 4551 | 49 | 79 |
| iv_506-iv_507 | 2095 | 4521 | 49 | 72 |
| iv_503-iv_511 | 2090 | 4337 | 30 | 84 |
| iv_505-iv_506 | 2078 | 4536 | 48 | 75 |
| iv_506-iv_511 | 2071 | 4608 | 38 | 84 |
| iv_503-iv_509 | 2060 | 4564 | 33 | 95 |
| iv_503-iv_506 | 2059 | 4659 | 37 | 84 |
| iv_507-iv_509 | 2044 | 4530 | 47 | 79 |

### Input Bit Co-occurrences Sorted by Potential Occurrences

| Input Bits | Co-occurrences | Potential Occurrences | Output Co-occurrences | Potential Output Occurrences |
|:----------:|:--------------:|:---------------------:|:---------------------:|:----------------------------:|
| iv_502-iv_505 | 1952 | 4312 | 44 | 74 |
| iv_504-iv_505 | 1933 | 4326 | 38 | 83 |
| iv_503-iv_511 | 2090 | 4337 | 30 | 84 |
| iv_504-iv_507 | 1932 | 4347 | 39 | 80 |
| iv_502-iv_504 | 1836 | 4362 | 36 | 81 |
| iv_505-iv_511 | 2022 | 4388 | 47 | 63 |
| iv_502-iv_511 | 1943 | 4388 | 32 | 87 |
| iv_503-iv_505 | 2031 | 4397 | 36 | 83 |

### Input Bit Output Co-occurrences Sorted by Output Co-occurrences

| Input Bits | Co-occurrences | Potential Occurrences | Output Co-occurrences | Potential Output Occurrences |
|:----------:|:--------------:|:---------------------:|:---------------------:|:----------------------------:|
| iv_505-iv_509 | 2031 | 4537 | 50 | 74 |
| iv_506-iv_507 | 2095 | 4521 | 49 | 72 |
| iv_506-iv_509 | 2183 | 4551 | 49 | 79 |
| iv_505-iv_506 | 2078 | 4536 | 48 | 75 |
| iv_507-iv_509 | 2044 | 4530 | 47 | 79 |
| iv_502-iv_509 | 1990 | 4461 | 47 | 74 |
| iv_505-iv_511 | 2022 | 4388 | 47 | 63 |
| iv_502-iv_507 | 1901 | 4433 | 46 | 69 |

### Input Bit Output Co-occurrences Sorted by Potential Output Occurrences

| Input Bits | Co-occurrences | Potential Occurrences | Output Co-occurrences | Potential Output Occurrences |
|:----------:|:--------------:|:---------------------:|:---------------------:|:----------------------------:|
| iv_505-iv_511 | 2022 | 4388 | 47 | 63 |
| iv_502-iv_507 | 1901 | 4433 | 46 | 69 |
| iv_506-iv_507 | 2095 | 4521 | 49 | 72 |
| iv_504-iv_506 | 1947 | 4616 | 45 | 72 |
| iv_502-iv_505 | 1952 | 4312 | 44 | 74 |
| iv_502-iv_509 | 1990 | 4461 | 47 | 74 |
| iv_505-iv_509 | 2031 | 4537 | 50 | 74 |
| iv_503-iv_504 | 1934 | 4409 | 36 | 74 |

## Output Bits

### Output Bits in Regular Order

| Rank | Output Bit | Complexity |
|:----:|:----------:|:----------:|
| 1 | ov_001 | 2.9966324252494297 × 10^302 |
| 2 | ov_002 | 2.6053569548952604 × 10^302 |
| 3 | ov_003 | 2.252002105402758 × 10^302 |
| 4 | ov_004 | 1.9349941890230261 × 10^302 |
| 5 | ov_005 | 1.652845317232047 × 10^302 |
| 6 | ov_006 | 1.4028130414998583 × 10^302 |
| 7 | ov_007 | 1.1822985786468234 × 10^302 |
| 8 | ov_008 | 9.888380932885461 × 10^301 |
| 9 | ov_009 | 8.200951920386966 × 10^301 |
| 10 | ov_010 | 6.738545096147488 × 10^301 |
| 11 | ov_011 | 5.480163011410993 × 10^301 |
| 12 | ov_012 | 4.405919689242438 × 10^301 |
| 13 | ov_013 | 3.4970044893085695 × 10^301 |
| 14 | ov_014 | 2.73565365222602 × 10^301 |
| 15 | ov_015 | 2.1051284506760148 × 10^301 |
| 16 | ov_016 | 1.5896988773242735 × 10^301 |
| 17 | ov_017 | 1.1746318788869395 × 10^301 |
| 18 | ov_018 | 8.46183224741061 × 10^300 |
| 19 | ov_019 | 5.91592177385562 × 10^300 |
| 20 | ov_020 | 3.990782108777365 × 10^300 |
| 21 | ov_021 | 2.578391021384833 × 10^300 |
| 22 | ov_022 | 1.580498261907598 × 10^300 |
| 23 | ov_023 | 9.086186501036273 × 10^299 |
| 24 | ov_024 | 4.840274362540993 × 10^299 |
| 25 | ov_025 | 2.377572667400502 × 10^299 |
| 26 | ov_026 | 1.1059636395752588 × 10^299 |
| 27 | ov_027 | 5.308754988299465 × 10^298 |
| 28 | ov_028 | 2.552779324541984 × 10^298 |
| 29 | ov_029 | 1.05040822933346 × 10^298 |
| 30 | ov_030 | 3.470712574154431 × 10^297 |
| 31 | ov_031 | 8.391801296214356 × 10^296 |
| 32 | lv_80_m31 | 2.0284292582455093 × 10^296 |
| 33 | ov_033 | 2.4183529929114984 × 10^297 |
| 34 | ov_034 | 2.08710197214717 × 10^297 |
| 35 | ov_035 | 1.7924055860050777 × 10^297 |
| 36 | ov_036 | 1.5311874573211133 × 10^297 |
| 37 | ov_037 | 1.3005361052252978 × 10^297 |
| 38 | ov_038 | 1.0976931793825883 × 10^297 |
| 39 | ov_039 | 9.200433174790606 × 10^296 |
| 40 | ov_040 | 7.651054713861829 × 10^296 |
| 41 | ov_041 | 6.3052555543650574 × 10^296 |
| 42 | ov_042 | 5.1407027799273066 × 10^296 |
| 43 | ov_043 | 4.13622025041864 × 10^296 |
| 44 | ov_044 | 3.271746719420188 × 10^296 |
| 45 | ov_045 | 2.5375255943642537 × 10^296 |
| 46 | ov_046 | 1.9243333481784556 × 10^296 |
| 47 | ov_047 | 1.4234677697595622 × 10^296 |
| 48 | ov_048 | 1.0267389671593461 × 10^296 |
| 49 | ov_049 | 7.192791764488362 × 10^295 |
| 50 | ov_050 | 4.872188593410184 × 10^295 |
| 51 | ov_051 | 3.1768114086599236 × 10^295 |
| 52 | ov_052 | 1.9877819199517535 × 10^295 |
| 53 | ov_053 | 1.196089859038095 × 10^295 |
| 54 | ov_054 | 7.025798412113551 × 10^294 |
| 55 | ov_055 | 4.17943988484218 × 10^294 |
| 56 | ov_056 | 2.6271761480010035 × 10^294 |
| 57 | ov_057 | 1.6727653593748424 × 10^294 |
| 58 | ov_058 | 9.926852708934889 × 10^293 |
| 59 | ov_059 | 5.3774717984939475 × 10^293 |
| 60 | ov_060 | 2.5876354343994033 × 10^293 |
| 61 | ov_061 | 1.0654718724944895 × 10^293 |
| 62 | ov_062 | 3.522477381333682 × 10^292 |
| 63 | ov_063 | 8.521510842087765 × 10^291 |
| 64 | lv_79_m31 | 2.0607327002526804 × 10^291 |
| 65 | ov_065 | 2.41775069724672 × 10^292 |
| 66 | ov_066 | 2.417744995487175 × 10^292 |
| 67 | ov_067 | 2.4177431792716143 × 10^292 |
| 68 | ov_068 | 2.0863688370994604 × 10^292 |
| 69 | ov_069 | 1.789264830851663 × 10^292 |
| 70 | ov_070 | 1.525034524837618 × 10^292 |
| 71 | ov_071 | 1.2911032507989996 × 10^292 |
| 72 | ov_072 | 1.085029980740798 × 10^292 |
| 73 | ov_073 | 9.044985330685678 × 10^291 |
| 74 | ov_074 | 7.473100991891855 × 10^291 |
| 75 | ov_075 | 6.113769548446497 × 10^291 |
| 76 | ov_076 | 4.947172276032916 × 10^291 |
| 77 | ov_077 | 3.9545059887011006 × 10^291 |
| 78 | ov_078 | 3.117948255426875 × 10^291 |
| 79 | ov_079 | 2.4206297306976348 × 10^291 |
| 80 | ov_080 | 1.8466125819833708 × 10^291 |
| 81 | ov_081 | 1.380874061489027 × 10^291 |
| 82 | ov_082 | 1.0092943335863242 × 10^291 |
| 83 | ov_083 | 7.186477329583714 × 10^290 |
| 84 | ov_084 | 4.965966918846478 × 10^290 |
| 85 | ov_085 | 3.316876383371883 × 10^290 |
| 86 | ov_086 | 2.133482297120013 × 10^290 |
| 87 | ov_087 | 1.318854019227911 × 10^290 |
| 88 | ov_088 | 7.848392418075 × 10^289 |
| 89 | ov_089 | 4.520533672461498 × 10^289 |
| 90 | ov_090 | 2.4987208454470543 × 10^289 |
| 91 | ov_091 | 1.4517256213783685 × 10^289 |
| 92 | ov_092 | 8.483844065204447 × 10^288 |
| 93 | ov_093 | 4.4499408582921715 × 10^288 |
| 94 | ov_094 | 1.9780453632942682 × 10^288 |
| 95 | aaa_78_28 | 6.306630171371466 × 10^287 |
| 96 | aaa_78_29 | 2.3589053782585433 × 10^287 |
| 97 | ov_097 | 2.1115481430092294 × 10^287 |
| 98 | ov_098 | 2.1115378152508623 × 10^287 |
| 99 | ov_099 | 2.1115345215634786 × 10^287 |
| 100 | ov_100 | 1.8145440210149 × 10^287 |
| 101 | ov_101 | 1.5500586243356828 × 10^287 |
| 102 | ov_102 | 1.3155467948457876 × 10^287 |
| 103 | ov_103 | 1.1086139525126309 × 10^287 |
| 104 | ov_104 | 9.269923964162651 × 10^286 |
| 105 | ov_105 | 7.685325887547269 × 10^286 |
| 106 | ov_106 | 6.311956727364215 × 10^286 |
| 107 | ov_107 | 5.13047103503478 × 10^286 |
| 108 | ov_108 | 4.1225127774919414 × 10^286 |
| 109 | ov_109 | 3.2706705398262284 × 10^286 |
| 110 | ov_110 | 2.558440614971926 × 10^286 |
| 111 | ov_111 | 1.9701970205592933 × 10^286 |
| 112 | ov_112 | 1.491167541462553 × 10^286 |
| 113 | ov_113 | 1.1074149541057214 × 10^286 |
| 114 | ov_114 | 8.058226454787344 × 10^285 |
| 115 | ov_115 | 5.740838962497907 × 10^285 |
| 116 | ov_116 | 4.0069415348296265 × 10^285 |
| 117 | ov_117 | 2.749456743950962 × 10^285 |
| 118 | ov_118 | 1.8692397839172364 × 10^285 |
| 119 | ov_119 | 1.2750560035905636 × 10^285 |
| 120 | ov_120 | 8.835673986498951 × 10^284 |
| 121 | ov_121 | 6.193250258007643 × 10^284 |
| 122 | ov_122 | 4.147647198656052 × 10^284 |
| 123 | ov_123 | 2.620060583155438 × 10^284 |
| 124 | ov_124 | 1.531695640370572 × 10^284 |
| 125 | ov_125 | 8.037622641150844 × 10^283 |
| 126 | ov_126 | 3.5747226053173287 × 10^283 |
| 127 | aaa_77_28 | 1.1403804639029343 × 10^283 |
| 128 | aaa_77_29 | 4.269079097457174 × 10^282 |
| 129 | ov_129 | 3.8669176463586967 × 10^282 |
| 130 | ov_130 | 3.866908159368549 × 10^282 |
| 131 | ov_131 | 3.866905113644323 × 10^282 |
| 132 | ov_132 | 3.33412455365277 × 10^282 |
| 133 | ov_133 | 2.858617792704755 × 10^282 |
| 134 | ov_134 | 2.435942925812565 × 10^282 |
| 135 | ov_135 | 2.0619045658065284 × 10^282 |
| 136 | ov_136 | 1.7325358274636258 × 10^282 |
| 137 | ov_137 | 1.4440826373846305 × 10^282 |
| 138 | ov_138 | 1.19299019913991 × 10^282 |
| 139 | ov_139 | 9.758914115759594 × 10^281 |
| 140 | ov_140 | 7.895970354178234 × 10^281 |
| 141 | ov_141 | 6.310874144771592 × 10^281 |
| 142 | ov_142 | 4.975055687022692 × 10^281 |
| 143 | ov_143 | 3.861514964753429 × 10^281 |
| 144 | ov_144 | 2.9447755302278806 × 10^281 |
| 145 | ov_145 | 2.2008478230451424 × 10^281 |
| 146 | ov_146 | 1.6072007131897601 × 10^281 |
| 147 | ov_147 | 1.1427399671883824 × 10^281 |
| 148 | ov_148 | 7.877924399417606 × 10^280 |
| 149 | ov_149 | 5.240948982638186 × 10^280 |
| 150 | ov_150 | 3.347864855280538 × 10^280 |
| 151 | ov_151 | 2.044039401312106 × 10^280 |
| 152 | ov_152 | 1.1887878375561433 × 10^280 |
| 153 | ov_153 | 6.553579865877829 × 10^279 |
| 154 | ov_154 | 3.3092239644563396 × 10^279 |
| 155 | ov_155 | 1.625478294938608 × 10^279 |
| 156 | aaa_76_25 | 6.524543235931834 × 10^278 |
| 157 | aaa_76_26 | 4.014644625836743 × 10^278 |
| 158 | aaa_76_27 | 2.2005400364952547 × 10^278 |
| 159 | aaa_76_28 | 1.0366220974671709 × 10^278 |
| 160 | aaa_76_29 | 3.901597077245854 × 10^277 |

### Output Bits Sorted by Complexity

| Rank | Output Bit | Complexity |
|:----:|:----------:|:----------:|
| 160 | aaa_76_29 | 3.901597077245854 × 10^277 |
| 159 | aaa_76_28 | 1.0366220974671709 × 10^278 |
| 158 | aaa_76_27 | 2.2005400364952547 × 10^278 |
| 157 | aaa_76_26 | 4.014644625836743 × 10^278 |
| 156 | aaa_76_25 | 6.524543235931834 × 10^278 |
| 155 | ov_155 | 1.625478294938608 × 10^279 |
| 154 | ov_154 | 3.3092239644563396 × 10^279 |
| 153 | ov_153 | 6.553579865877829 × 10^279 |
| 152 | ov_152 | 1.1887878375561433 × 10^280 |
| 151 | ov_151 | 2.044039401312106 × 10^280 |
| 150 | ov_150 | 3.347864855280538 × 10^280 |
| 149 | ov_149 | 5.240948982638186 × 10^280 |
| 148 | ov_148 | 7.877924399417606 × 10^280 |
| 147 | ov_147 | 1.1427399671883824 × 10^281 |
| 146 | ov_146 | 1.6072007131897601 × 10^281 |
| 145 | ov_145 | 2.2008478230451424 × 10^281 |
| 144 | ov_144 | 2.9447755302278806 × 10^281 |
| 143 | ov_143 | 3.861514964753429 × 10^281 |
| 142 | ov_142 | 4.975055687022692 × 10^281 |
| 141 | ov_141 | 6.310874144771592 × 10^281 |
| 140 | ov_140 | 7.895970354178234 × 10^281 |
| 139 | ov_139 | 9.758914115759594 × 10^281 |
| 138 | ov_138 | 1.19299019913991 × 10^282 |
| 137 | ov_137 | 1.4440826373846305 × 10^282 |
| 136 | ov_136 | 1.7325358274636258 × 10^282 |
| 135 | ov_135 | 2.0619045658065284 × 10^282 |
| 134 | ov_134 | 2.435942925812565 × 10^282 |
| 133 | ov_133 | 2.858617792704755 × 10^282 |
| 132 | ov_132 | 3.33412455365277 × 10^282 |
| 131 | ov_131 | 3.866905113644323 × 10^282 |
| 130 | ov_130 | 3.866908159368549 × 10^282 |
| 129 | ov_129 | 3.8669176463586967 × 10^282 |
| 128 | aaa_77_29 | 4.269079097457174 × 10^282 |
| 127 | aaa_77_28 | 1.1403804639029343 × 10^283 |
| 126 | ov_126 | 3.5747226053173287 × 10^283 |
| 125 | ov_125 | 8.037622641150844 × 10^283 |
| 124 | ov_124 | 1.531695640370572 × 10^284 |
| 123 | ov_123 | 2.620060583155438 × 10^284 |
| 122 | ov_122 | 4.147647198656052 × 10^284 |
| 121 | ov_121 | 6.193250258007643 × 10^284 |
| 120 | ov_120 | 8.835673986498951 × 10^284 |
| 119 | ov_119 | 1.2750560035905636 × 10^285 |
| 118 | ov_118 | 1.8692397839172364 × 10^285 |
| 117 | ov_117 | 2.749456743950962 × 10^285 |
| 116 | ov_116 | 4.0069415348296265 × 10^285 |
| 115 | ov_115 | 5.740838962497907 × 10^285 |
| 114 | ov_114 | 8.058226454787344 × 10^285 |
| 113 | ov_113 | 1.1074149541057214 × 10^286 |
| 112 | ov_112 | 1.491167541462553 × 10^286 |
| 111 | ov_111 | 1.9701970205592933 × 10^286 |
| 110 | ov_110 | 2.558440614971926 × 10^286 |
| 109 | ov_109 | 3.2706705398262284 × 10^286 |
| 108 | ov_108 | 4.1225127774919414 × 10^286 |
| 107 | ov_107 | 5.13047103503478 × 10^286 |
| 106 | ov_106 | 6.311956727364215 × 10^286 |
| 105 | ov_105 | 7.685325887547269 × 10^286 |
| 104 | ov_104 | 9.269923964162651 × 10^286 |
| 103 | ov_103 | 1.1086139525126309 × 10^287 |
| 102 | ov_102 | 1.3155467948457876 × 10^287 |
| 101 | ov_101 | 1.5500586243356828 × 10^287 |
| 100 | ov_100 | 1.8145440210149 × 10^287 |
| 99 | ov_099 | 2.1115345215634786 × 10^287 |
| 98 | ov_098 | 2.1115378152508623 × 10^287 |
| 97 | ov_097 | 2.1115481430092294 × 10^287 |
| 96 | aaa_78_29 | 2.3589053782585433 × 10^287 |
| 95 | aaa_78_28 | 6.306630171371466 × 10^287 |
| 94 | ov_094 | 1.9780453632942682 × 10^288 |
| 93 | ov_093 | 4.4499408582921715 × 10^288 |
| 92 | ov_092 | 8.483844065204447 × 10^288 |
| 91 | ov_091 | 1.4517256213783685 × 10^289 |
| 90 | ov_090 | 2.4987208454470543 × 10^289 |
| 89 | ov_089 | 4.520533672461498 × 10^289 |
| 88 | ov_088 | 7.848392418075 × 10^289 |
| 87 | ov_087 | 1.318854019227911 × 10^290 |
| 86 | ov_086 | 2.133482297120013 × 10^290 |
| 85 | ov_085 | 3.316876383371883 × 10^290 |
| 84 | ov_084 | 4.965966918846478 × 10^290 |
| 83 | ov_083 | 7.186477329583714 × 10^290 |
| 82 | ov_082 | 1.0092943335863242 × 10^291 |
| 81 | ov_081 | 1.380874061489027 × 10^291 |
| 80 | ov_080 | 1.8466125819833708 × 10^291 |
| 64 | lv_79_m31 | 2.0607327002526804 × 10^291 |
| 79 | ov_079 | 2.4206297306976348 × 10^291 |
| 78 | ov_078 | 3.117948255426875 × 10^291 |
| 77 | ov_077 | 3.9545059887011006 × 10^291 |
| 76 | ov_076 | 4.947172276032916 × 10^291 |
| 75 | ov_075 | 6.113769548446497 × 10^291 |
| 74 | ov_074 | 7.473100991891855 × 10^291 |
| 63 | ov_063 | 8.521510842087765 × 10^291 |
| 73 | ov_073 | 9.044985330685678 × 10^291 |
| 72 | ov_072 | 1.085029980740798 × 10^292 |
| 71 | ov_071 | 1.2911032507989996 × 10^292 |
| 70 | ov_070 | 1.525034524837618 × 10^292 |
| 69 | ov_069 | 1.789264830851663 × 10^292 |
| 68 | ov_068 | 2.0863688370994604 × 10^292 |
| 67 | ov_067 | 2.4177431792716143 × 10^292 |
| 66 | ov_066 | 2.417744995487175 × 10^292 |
| 65 | ov_065 | 2.41775069724672 × 10^292 |
| 62 | ov_062 | 3.522477381333682 × 10^292 |
| 61 | ov_061 | 1.0654718724944895 × 10^293 |
| 60 | ov_060 | 2.5876354343994033 × 10^293 |
| 59 | ov_059 | 5.3774717984939475 × 10^293 |
| 58 | ov_058 | 9.926852708934889 × 10^293 |
| 57 | ov_057 | 1.6727653593748424 × 10^294 |
| 56 | ov_056 | 2.6271761480010035 × 10^294 |
| 55 | ov_055 | 4.17943988484218 × 10^294 |
| 54 | ov_054 | 7.025798412113551 × 10^294 |
| 53 | ov_053 | 1.196089859038095 × 10^295 |
| 52 | ov_052 | 1.9877819199517535 × 10^295 |
| 51 | ov_051 | 3.1768114086599236 × 10^295 |
| 50 | ov_050 | 4.872188593410184 × 10^295 |
| 49 | ov_049 | 7.192791764488362 × 10^295 |
| 48 | ov_048 | 1.0267389671593461 × 10^296 |
| 47 | ov_047 | 1.4234677697595622 × 10^296 |
| 46 | ov_046 | 1.9243333481784556 × 10^296 |
| 32 | lv_80_m31 | 2.0284292582455093 × 10^296 |
| 45 | ov_045 | 2.5375255943642537 × 10^296 |
| 44 | ov_044 | 3.271746719420188 × 10^296 |
| 43 | ov_043 | 4.13622025041864 × 10^296 |
| 42 | ov_042 | 5.1407027799273066 × 10^296 |
| 41 | ov_041 | 6.3052555543650574 × 10^296 |
| 40 | ov_040 | 7.651054713861829 × 10^296 |
| 31 | ov_031 | 8.391801296214356 × 10^296 |
| 39 | ov_039 | 9.200433174790606 × 10^296 |
| 38 | ov_038 | 1.0976931793825883 × 10^297 |
| 37 | ov_037 | 1.3005361052252978 × 10^297 |
| 36 | ov_036 | 1.5311874573211133 × 10^297 |
| 35 | ov_035 | 1.7924055860050777 × 10^297 |
| 34 | ov_034 | 2.08710197214717 × 10^297 |
| 33 | ov_033 | 2.4183529929114984 × 10^297 |
| 30 | ov_030 | 3.470712574154431 × 10^297 |
| 29 | ov_029 | 1.05040822933346 × 10^298 |
| 28 | ov_028 | 2.552779324541984 × 10^298 |
| 27 | ov_027 | 5.308754988299465 × 10^298 |
| 26 | ov_026 | 1.1059636395752588 × 10^299 |
| 25 | ov_025 | 2.377572667400502 × 10^299 |
| 24 | ov_024 | 4.840274362540993 × 10^299 |
| 23 | ov_023 | 9.086186501036273 × 10^299 |
| 22 | ov_022 | 1.580498261907598 × 10^300 |
| 21 | ov_021 | 2.578391021384833 × 10^300 |
| 20 | ov_020 | 3.990782108777365 × 10^300 |
| 19 | ov_019 | 5.91592177385562 × 10^300 |
| 18 | ov_018 | 8.46183224741061 × 10^300 |
| 17 | ov_017 | 1.1746318788869395 × 10^301 |
| 16 | ov_016 | 1.5896988773242735 × 10^301 |
| 15 | ov_015 | 2.1051284506760148 × 10^301 |
| 14 | ov_014 | 2.73565365222602 × 10^301 |
| 13 | ov_013 | 3.4970044893085695 × 10^301 |
| 12 | ov_012 | 4.405919689242438 × 10^301 |
| 11 | ov_011 | 5.480163011410993 × 10^301 |
| 10 | ov_010 | 6.738545096147488 × 10^301 |
| 9 | ov_009 | 8.200951920386966 × 10^301 |
| 8 | ov_008 | 9.888380932885461 × 10^301 |
| 7 | ov_007 | 1.1822985786468234 × 10^302 |
| 6 | ov_006 | 1.4028130414998583 × 10^302 |
| 5 | ov_005 | 1.652845317232047 × 10^302 |
| 4 | ov_004 | 1.9349941890230261 × 10^302 |
| 3 | ov_003 | 2.252002105402758 × 10^302 |
| 2 | ov_002 | 2.6053569548952604 × 10^302 |
| 1 | ov_001 | 2.9966324252494297 × 10^302 |

