# Results for F001-F002-F003-F004-F005-F006-F007-F008-F009-F010-F011-F012-F013-F014-F015-F016-F017-F018-F019-F020-F021-F022-F023-F024-F025-F026-F027-F028-F029-F030-F031-F032-F033-F034-F035-F036-F037-F038-F039-F040-F041-F042-F043-F044-F045-F046-F047-F048-F049-F050-F051-F052-F053-F054-F055-F056-F057-F058-F059-F060-F061-F062-F063-F064-F065-F066-F067-F068-F069-F070-F071-F072-F073-F074-F075-F076-F077-F078-F079-F080-F081-F082-F083-F084-F085-F086-F087-F088-F089-F090-F091-F092-F093-F094-F095-F096-F097-F098-F099-F100-F101-F102-F103-F104-F105-F106-F107-F108-F109-F110-F111-F112-F113-F114-F115-F116-F117-F118-F119-F120-F121-F122-F123-F124-F125-F126-F127-F128-F129-F130-F131-F132-F133-F134-F135-F136-F137-F138-F139-F140-F141-F142-F143-F144-F145-F146-F147-F148-F149-F150-F151-F152-F153-F154-F155-F156-F157-F158-F159-F160-F161-F162-F163-F164-F165-F166-F167-F168-F169-F170-F171-F172-F173-F174-F175-F176-F177-F178-F179-F180-F181-F182-F183-F184-F185-F186-F187-F188-F189-F190-F191-F192-F193-F194-F195-F196-F197-F198-F199-F200-F201-F202-F203-F204-F205-F206-F207-F208-F209-F210-F211-F212-F213-F214-F215-F216-F217-F218-F219-F220-F221-F222-F223-F224-F225-F226-F227-F228-F229-F230-F231-F232-F233-F234-F235-F236-F237-F238-F239-F240-F241-F242-F243-F244-F245-F246-F247-F248-F249-F250-F251-F252-F253-F254-F255-F256-F257-F258-F259-F260-F261-F262-F263-F264-F265-F266-F267-F268-F269-F270-F271-F272-F273-F274-F275-F276-F277-F278-F279-F280-F281-F282-F283-F284-F285-F286-F287-F288-F289-F290-F291-F292-F293-F294-F295-F296-F297-F298-F299-F300-F301-F302-F303-F304-F305-F306-F307-F308-F309-F310-F311-F312-F313-F314-F315-F316-F317-F318-F319-F320-F321-F322-F323-F324-F325-F326-F327-F328-F329-F330-F331-F332-F333-F334-F335-F336-F337-F338-F339-F340-F341-F342-F343-F344-F345-F346-F347-F348-F349-F350-F351-F352-F353-F354-F355-F356-F357-F358-F359-F360-F361-F362-F363-F364-F365-F366-F367-F368-F369-F370-F371-F372-F373-F374-F375-F376-F377-F378-F379-F380-F381-F382-F383-F384-F385-F386-F387-F388-F389-F390-F391-F392-F393-F394-F395-F396-F397-F398-F399-F400-F401-F402-F403-F404-F405-F406-F407-F408-F409-F410-F411-F412-F413-F414-F415-F416-F417-F418-F419-F420-F421-F422-F423-F424-F425-F426-F427-F428-F429-F430-F431-F432-F433-F434-F435-F436-F437-F438-F439-F440-F441-F442-F443-F444-F445-F446-F447-F448-F449-F450-F451-F452-F453-F454-F455-F456-F457-F458-F459-F460-F461-F462-F463-F464-F465-F466-F467-F468-F469-F470-F471-F472-F473-F474-F475-F476-F477-F478-F479-F480-F481-F482-F483-F484-F485-F486-F487-F488-F489-F490-F491-F492-F493-F494-F495-F496-F497-F498-F499-F500-F501-E502511-E507509-E510512

## Summary

Number of input bits: 512  
Number of free input bits: 8  
Number of output bits: 160

Number of direct occurrences: 32698  
Number of assignments: 31153  
Number of operations: 11124861
(xor: 11095538,
and: 16100,
or: 13223)

Total complexity: 1.5953464181497892 × 10^300

Least occurring input variable: iv_505 (3912)  
Most occurring input variable: iv_510 (4346)

Most co-occurring input variables: iv_507-iv_510 (2054)  
Least co-occurring input variables: iv_505-iv_506 (1782)

Potentially most occurring input variable: iv_502/iv_510 (4647)  
Potentially least occurring input variable: iv_506/iv_508 (4145)

Least output occurring input variable: iv_508 (70)  
Most output occurring input variable: iv_507 (88)

Most output co-occurring input variables: iv_506-iv_507 (49)  
Least output co-occurring input variables: iv_503-iv_508 (31)

Potentially most output occurring input variable: iv_502/iv_507 (90)  
Potentially least output occurring input variable: iv_503/iv_504 (70)

Least complex input bit: iv_503 (3.4025716315367 × 10^298)  
Most complex input bit: iv_510 (4.827961560942533 × 10^299)

Least complex output bit: aaa_76_29 (2.0812071416804038 × 10^275)  
Most complex output bit: ov_001 (2.505690700491394 × 10^299)

Least complex input/output complexity: iv_503/aaa_76_29 (4.4388204963321146 × 10^273)  
Most complex input/output complexity: iv_510/ov_001 (7.582916317080262 × 10^298)

Input variable with highest collision probability: iv_504 (½^160.00000000000057)

## Input Bits

### Input Bits in Regular Order

| Input Bit | Complexity | Occurrences | Output Occurrences | Collision Probability |
|:---------:|:----------:|:-----------:|:------------------:|:---------------------:|
| iv_502 | 6.742191349646272 × 10^298 | 4265 | 72 | ½^160.0000000000007 |
| iv_503 | 3.4025716315367 × 10^298 | 4034 | 74 | ½^160.0000000000007 |
| iv_504 | 5.589799710470976 × 10^298 | 3920 | 78 | ½^160.00000000000057 |
| iv_505 | 8.784958911572968 × 10^298 | 3912 | 79 | ½^160.00000000000063 |
| iv_506 | 1.3363249612539999 × 10^299 | 3948 | 82 | ½^160.00000000000057 |
| iv_507 | 4.524658972099612 × 10^299 | 4292 | 88 | ½^160.00000000000074 |
| iv_508 | 2.8125665268790918 × 10^299 | 3981 | 70 | ½^160.0000000000008 |
| iv_510 | 4.827961560942533 × 10^299 | 4346 | 77 | ½^160.0000000000009 |

### Input Bits Sorted by Complexity

| Input Bit | Complexity | Occurrences | Output Occurrences | Collision Probability |
|:---------:|:----------:|:-----------:|:------------------:|:---------------------:|
| iv_503 | 3.4025716315367 × 10^298 | 4034 | 74 | ½^160.0000000000007 |
| iv_504 | 5.589799710470976 × 10^298 | 3920 | 78 | ½^160.00000000000057 |
| iv_502 | 6.742191349646272 × 10^298 | 4265 | 72 | ½^160.0000000000007 |
| iv_505 | 8.784958911572968 × 10^298 | 3912 | 79 | ½^160.00000000000063 |
| iv_506 | 1.3363249612539999 × 10^299 | 3948 | 82 | ½^160.00000000000057 |
| iv_508 | 2.8125665268790918 × 10^299 | 3981 | 70 | ½^160.0000000000008 |
| iv_507 | 4.524658972099612 × 10^299 | 4292 | 88 | ½^160.00000000000074 |
| iv_510 | 4.827961560942533 × 10^299 | 4346 | 77 | ½^160.0000000000009 |

### Input Bits Sorted by Occurrences

| Input Bit | Complexity | Occurrences | Output Occurrences | Collision Probability |
|:---------:|:----------:|:-----------:|:------------------:|:---------------------:|
| iv_505 | 8.784958911572968 × 10^298 | 3912 | 79 | ½^160.00000000000063 |
| iv_504 | 5.589799710470976 × 10^298 | 3920 | 78 | ½^160.00000000000057 |
| iv_506 | 1.3363249612539999 × 10^299 | 3948 | 82 | ½^160.00000000000057 |
| iv_508 | 2.8125665268790918 × 10^299 | 3981 | 70 | ½^160.0000000000008 |
| iv_503 | 3.4025716315367 × 10^298 | 4034 | 74 | ½^160.0000000000007 |
| iv_502 | 6.742191349646272 × 10^298 | 4265 | 72 | ½^160.0000000000007 |
| iv_507 | 4.524658972099612 × 10^299 | 4292 | 88 | ½^160.00000000000074 |
| iv_510 | 4.827961560942533 × 10^299 | 4346 | 77 | ½^160.0000000000009 |

### Input Bits Sorted by Output Occurrences

| Input Bit | Complexity | Occurrences | Output Occurrences | Collision Probability |
|:---------:|:----------:|:-----------:|:------------------:|:---------------------:|
| iv_508 | 2.8125665268790918 × 10^299 | 3981 | 70 | ½^160.0000000000008 |
| iv_502 | 6.742191349646272 × 10^298 | 4265 | 72 | ½^160.0000000000007 |
| iv_503 | 3.4025716315367 × 10^298 | 4034 | 74 | ½^160.0000000000007 |
| iv_510 | 4.827961560942533 × 10^299 | 4346 | 77 | ½^160.0000000000009 |
| iv_504 | 5.589799710470976 × 10^298 | 3920 | 78 | ½^160.00000000000057 |
| iv_505 | 8.784958911572968 × 10^298 | 3912 | 79 | ½^160.00000000000063 |
| iv_506 | 1.3363249612539999 × 10^299 | 3948 | 82 | ½^160.00000000000057 |
| iv_507 | 4.524658972099612 × 10^299 | 4292 | 88 | ½^160.00000000000074 |

### Input Bits Sorted by Collision Probability

| Input Bit | Complexity | Occurrences | Output Occurrences | Collision Probability |
|:---------:|:----------:|:-----------:|:------------------:|:---------------------:|
| iv_504 | 5.589799710470976 × 10^298 | 3920 | 78 | ½^160.00000000000057 |
| iv_506 | 1.3363249612539999 × 10^299 | 3948 | 82 | ½^160.00000000000057 |
| iv_505 | 8.784958911572968 × 10^298 | 3912 | 79 | ½^160.00000000000063 |
| iv_503 | 3.4025716315367 × 10^298 | 4034 | 74 | ½^160.0000000000007 |
| iv_502 | 6.742191349646272 × 10^298 | 4265 | 72 | ½^160.0000000000007 |
| iv_507 | 4.524658972099612 × 10^299 | 4292 | 88 | ½^160.00000000000074 |
| iv_508 | 2.8125665268790918 × 10^299 | 3981 | 70 | ½^160.0000000000008 |
| iv_510 | 4.827961560942533 × 10^299 | 4346 | 77 | ½^160.0000000000009 |

## Input Bit/Output Bit Collision Probabilities

| Input Bit | Output Bit | Collision Probability |
|:---------:|:----------:|:---------------------:|
| iv_505 | ov_140 | 0.5000000000000042 |
| iv_504 | ov_140 | 0.5000000000000037 |
| iv_504 | ov_120 | 0.500000000000002 |
| iv_502 | ov_003 | 0.5000000000000018 |
| iv_502 | ov_038 | 0.5000000000000018 |
| iv_506 | ov_146 | 0.5000000000000018 |
| iv_506 | ov_153 | 0.5000000000000017 |
| iv_502 | ov_020 | 0.5000000000000016 |

## Input Bit Co-occurrences

### Input Bit Co-occurrences Sorted by Co-occurrences

| Input Bits | Co-occurrences | Potential Occurrences | Output Co-occurrences | Potential Output Occurrences |
|:----------:|:--------------:|:---------------------:|:---------------------:|:----------------------------:|
| iv_507-iv_510 | 2054 | 4530 | 39 | 87 |
| iv_503-iv_510 | 2008 | 4364 | 38 | 75 |
| iv_508-iv_510 | 2001 | 4325 | 36 | 75 |
| iv_502-iv_510 | 1982 | 4647 | 35 | 79 |
| iv_507-iv_508 | 1979 | 4315 | 41 | 76 |
| iv_506-iv_507 | 1978 | 4284 | 49 | 72 |
| iv_502-iv_508 | 1961 | 4324 | 34 | 74 |
| iv_502-iv_507 | 1958 | 4641 | 35 | 90 |

### Input Bit Co-occurrences Sorted by Potential Occurrences

| Input Bits | Co-occurrences | Potential Occurrences | Output Co-occurrences | Potential Output Occurrences |
|:----------:|:--------------:|:---------------------:|:---------------------:|:----------------------------:|
| iv_506-iv_508 | 1892 | 4145 | 37 | 78 |
| iv_504-iv_506 | 1861 | 4146 | 42 | 76 |
| iv_504-iv_505 | 1834 | 4164 | 41 | 75 |
| iv_503-iv_506 | 1906 | 4170 | 38 | 80 |
| iv_504-iv_508 | 1856 | 4189 | 37 | 74 |
| iv_503-iv_505 | 1866 | 4214 | 40 | 73 |
| iv_505-iv_508 | 1826 | 4241 | 31 | 87 |
| iv_503-iv_504 | 1844 | 4266 | 41 | 70 |

### Input Bit Output Co-occurrences Sorted by Output Co-occurrences

| Input Bits | Co-occurrences | Potential Occurrences | Output Co-occurrences | Potential Output Occurrences |
|:----------:|:--------------:|:---------------------:|:---------------------:|:----------------------------:|
| iv_506-iv_507 | 1978 | 4284 | 49 | 72 |
| iv_505-iv_507 | 1906 | 4392 | 45 | 77 |
| iv_506-iv_510 | 1916 | 4462 | 43 | 73 |
| iv_504-iv_506 | 1861 | 4146 | 42 | 76 |
| iv_503-iv_504 | 1844 | 4266 | 41 | 70 |
| iv_503-iv_507 | 1949 | 4428 | 41 | 80 |
| iv_504-iv_505 | 1834 | 4164 | 41 | 75 |
| iv_507-iv_508 | 1979 | 4315 | 41 | 76 |

### Input Bit Output Co-occurrences Sorted by Potential Output Occurrences

| Input Bits | Co-occurrences | Potential Occurrences | Output Co-occurrences | Potential Output Occurrences |
|:----------:|:--------------:|:---------------------:|:---------------------:|:----------------------------:|
| iv_503-iv_504 | 1844 | 4266 | 41 | 70 |
| iv_506-iv_507 | 1978 | 4284 | 49 | 72 |
| iv_503-iv_505 | 1866 | 4214 | 40 | 73 |
| iv_506-iv_510 | 1916 | 4462 | 43 | 73 |
| iv_502-iv_504 | 1914 | 4357 | 38 | 74 |
| iv_502-iv_508 | 1961 | 4324 | 34 | 74 |
| iv_504-iv_508 | 1856 | 4189 | 37 | 74 |
| iv_504-iv_505 | 1834 | 4164 | 41 | 75 |

## Output Bits

### Output Bits in Regular Order

| Rank | Output Bit | Complexity |
|:----:|:----------:|:----------:|
| 1 | ov_001 | 2.505690700491394 × 10^299 |
| 2 | ov_002 | 2.1818683049180826 × 10^299 |
| 3 | ov_003 | 1.8891985884795194 × 10^299 |
| 4 | ov_004 | 1.626391624498055 × 10^299 |
| 5 | ov_005 | 1.3922282125226596 × 10^299 |
| 6 | ov_006 | 1.1844623058409018 × 10^299 |
| 7 | ov_007 | 1.000966292447097 × 10^299 |
| 8 | ov_008 | 8.397238093715798 × 10^298 |
| 9 | ov_009 | 6.988235610097949 × 10^298 |
| 10 | ov_010 | 5.764540287080482 × 10^298 |
| 11 | ov_011 | 4.7089898499840197 × 10^298 |
| 12 | ov_012 | 3.805337506748079 × 10^298 |
| 13 | ov_013 | 3.038221376548336 × 10^298 |
| 14 | ov_014 | 2.3931400765058256 × 10^298 |
| 15 | ov_015 | 1.856433648486444 × 10^298 |
| 16 | ov_016 | 1.4152690103160933 × 10^298 |
| 17 | ov_017 | 1.0576291763023464 × 10^298 |
| 18 | ov_018 | 7.723055522746938 × 10^297 |
| 19 | ov_019 | 5.488926705236714 × 10^297 |
| 20 | ov_020 | 3.7778479009809596 × 10^297 |
| 21 | ov_021 | 2.5017384794952845 × 10^297 |
| 22 | ov_022 | 1.5804830641683435 × 10^297 |
| 23 | ov_023 | 9.419251969281419 × 10^296 |
| 24 | ov_024 | 5.218636303795631 × 10^296 |
| 25 | ov_025 | 2.6405001453953152 × 10^296 |
| 26 | ov_026 | 1.2018750918344184 × 10^296 |
| 27 | ov_027 | 4.993003930552133 × 10^295 |
| 28 | ov_028 | 2.0881949777353965 × 10^295 |
| 29 | ov_029 | 8.597873449542614 × 10^294 |
| 30 | ov_030 | 2.842690788456072 × 10^294 |
| 31 | ov_031 | 6.87808562059082 × 10^293 |
| 32 | lv_80_k31 | 1.6636841550050905 × 10^293 |
| 33 | ov_033 | 1.9927561942533816 × 10^294 |
| 34 | ov_034 | 1.7238620625923093 × 10^294 |
| 35 | ov_035 | 1.4840192685430707 × 10^294 |
| 36 | ov_036 | 1.2708641130587885 × 10^294 |
| 37 | ov_037 | 1.0821607975425751 × 10^294 |
| 38 | ov_038 | 9.157923820279232 × 10^293 |
| 39 | ov_039 | 7.697529579095162 × 10^293 |
| 40 | ov_040 | 6.421409184525873 × 10^293 |
| 41 | ov_041 | 5.3115321743521594 × 10^293 |
| 42 | ov_042 | 4.350805130336958 × 10^293 |
| 43 | ov_043 | 3.5230310049056118 × 10^293 |
| 44 | ov_044 | 2.8128754324931105 × 10^293 |
| 45 | ov_045 | 2.205839181377743 × 10^293 |
| 46 | ov_046 | 1.6948783339421712 × 10^293 |
| 47 | ov_047 | 1.2733505149341422 × 10^293 |
| 48 | ov_048 | 9.350071715482246 × 10^292 |
| 49 | ov_049 | 6.685105263227183 × 10^292 |
| 50 | ov_050 | 4.632866449745264 × 10^292 |
| 51 | ov_051 | 3.0952007923439173 × 10^292 |
| 52 | ov_052 | 1.9815025278501825 × 10^292 |
| 53 | ov_053 | 1.20869165937489 × 10^292 |
| 54 | ov_054 | 7.012004408146377 × 10^291 |
| 55 | ov_055 | 3.909660416330512 × 10^291 |
| 56 | ov_056 | 2.1742673717034408 × 10^291 |
| 57 | ov_057 | 1.2751984536919695 × 10^291 |
| 58 | ov_058 | 7.568054749600888 × 10^290 |
| 59 | ov_059 | 4.1000793341939795 × 10^290 |
| 60 | ov_060 | 1.9732163864120596 × 10^290 |
| 61 | ov_061 | 8.126268198862711 × 10^289 |
| 62 | ov_062 | 2.687192688736882 × 10^289 |
| 63 | ov_063 | 6.502862867824029 × 10^288 |
| 64 | lv_79_k31 | 1.5731431070728935 × 10^288 |
| 65 | ov_065 | 1.871593781136465 × 10^289 |
| 66 | ov_066 | 1.8715894105112017 × 10^289 |
| 67 | ov_067 | 1.8715879941110563 × 10^289 |
| 68 | ov_068 | 1.6191180966225426 × 10^289 |
| 69 | ov_069 | 1.3927967577038327 × 10^289 |
| 70 | ov_070 | 1.1914929949537414 × 10^289 |
| 71 | ov_071 | 1.0131496408273686 × 10^289 |
| 72 | ov_072 | 8.558353299339344 × 10^288 |
| 73 | ov_073 | 7.17736167982627 × 10^288 |
| 74 | ov_074 | 5.971481646612607 × 10^288 |
| 75 | ov_075 | 4.924703896217803 × 10^288 |
| 76 | ov_076 | 4.021988120789937 × 10^288 |
| 77 | ov_077 | 3.249207856042662 × 10^288 |
| 78 | ov_078 | 2.593101405490454 × 10^288 |
| 79 | ov_079 | 2.0412284719633545 × 10^288 |
| 80 | ov_080 | 1.581932132415671 × 10^288 |
| 81 | ov_081 | 1.2043057957525506 × 10^288 |
| 82 | ov_082 | 8.981647860356607 × 10^287 |
| 83 | ov_083 | 6.5402219522235136 × 10^287 |
| 84 | ov_084 | 4.630686507457522 × 10^287 |
| 85 | ov_085 | 3.1715564393671757 × 10^287 |
| 86 | ov_086 | 2.0878206567776472 × 10^287 |
| 87 | ov_087 | 1.3108359588852324 × 10^287 |
| 88 | ov_088 | 7.782459355676557 × 10^286 |
| 89 | ov_089 | 4.339213409507903 × 10^286 |
| 90 | ov_090 | 2.2791840841722873 × 10^286 |
| 91 | ov_091 | 1.1645157546043502 × 10^286 |
| 92 | ov_092 | 6.187711660698518 × 10^285 |
| 93 | ov_093 | 3.268435775839789 × 10^285 |
| 94 | ov_094 | 1.465050092624512 × 10^285 |
| 95 | aaa_78_28 | 4.712026161501373 × 10^284 |
| 96 | aaa_78_29 | 1.7853564443789047 × 10^284 |
| 97 | ov_097 | 1.9442341937390943 × 10^284 |
| 98 | ov_098 | 1.9441759065036716 × 10^284 |
| 99 | ov_099 | 1.944157290182018 × 10^284 |
| 100 | ov_100 | 1.7496664149735406 × 10^284 |
| 101 | ov_101 | 1.5695122551424975 × 10^284 |
| 102 | ov_102 | 1.4029083858111353 × 10^284 |
| 103 | ov_103 | 1.2491258889836986 × 10^284 |
| 104 | ov_104 | 1.1074858742987264 × 10^284 |
| 105 | ov_105 | 9.77352681792111 × 10^283 |
| 106 | ov_106 | 8.581277300764049 × 10^283 |
| 107 | ov_107 | 7.492439748586486 × 10^283 |
| 108 | ov_108 | 6.501609439777883 × 10^283 |
| 109 | ov_109 | 5.60360316174798 × 10^283 |
| 110 | ov_110 | 4.793420116414491 × 10^283 |
| 111 | ov_111 | 4.066207630511527 × 10^283 |
| 112 | ov_112 | 3.4172313628078247 × 10^283 |
| 113 | ov_113 | 2.841849704117842 × 10^283 |
| 114 | ov_114 | 2.335492068755906 × 10^283 |
| 115 | ov_115 | 1.8936407780225184 × 10^283 |
| 116 | ov_116 | 1.5118162376067987 × 10^283 |
| 117 | ov_117 | 1.1855651115982079 × 10^283 |
| 118 | ov_118 | 9.104511962748124 × 10^282 |
| 119 | ov_119 | 6.820486970979981 × 10^282 |
| 120 | ov_120 | 4.9593761246972406 × 10^282 |
| 121 | ov_121 | 3.4770092786507836 × 10^282 |
| 122 | ov_122 | 2.329231902976971 × 10^282 |
| 123 | ov_123 | 1.4718983980233324 × 10^282 |
| 124 | ov_124 | 8.608682036691098 × 10^281 |
| 125 | ov_125 | 4.520032472138756 × 10^281 |
| 126 | ov_126 | 2.0116647598038444 × 10^281 |
| 127 | aaa_77_28 | 6.422116310574578 × 10^280 |
| 128 | aaa_77_29 | 2.4067604268420735 × 10^280 |
| 129 | ov_129 | 2.2173896860259727 × 10^280 |
| 130 | ov_130 | 2.2173846237068677 × 10^280 |
| 131 | ov_131 | 2.2173829977224505 × 10^280 |
| 132 | ov_132 | 1.9204494936597385 × 10^280 |
| 133 | ov_133 | 1.6546463665522564 × 10^280 |
| 134 | ov_134 | 1.4175948448385953 × 10^280 |
| 135 | ov_135 | 1.207048923721075 × 10^280 |
| 136 | ov_136 | 1.0208857071724832 × 10^280 |
| 137 | ov_137 | 8.570969781947435 × 10^279 |
| 138 | ov_138 | 7.137819085298106 × 10^279 |
| 139 | ov_139 | 5.891408026090498 × 10^279 |
| 140 | ov_140 | 4.814697691444356 × 10^279 |
| 141 | ov_141 | 3.8915621962705477 × 10^279 |
| 142 | ov_142 | 3.1067509872025377 × 10^279 |
| 143 | ov_143 | 2.4458575714819656 × 10^279 |
| 144 | ov_144 | 1.8952938777168104 × 10^279 |
| 145 | ov_145 | 1.4422696013371628 × 10^279 |
| 146 | ov_146 | 1.0747759418677795 × 10^279 |
| 147 | ov_147 | 7.815731019567666 × 10^278 |
| 148 | ov_148 | 5.5218092633472324 × 10^278 |
| 149 | ov_149 | 3.7687211260114404 × 10^278 |
| 150 | ov_150 | 2.4666747939627766 × 10^278 |
| 151 | ov_151 | 1.533328311438007 × 10^278 |
| 152 | ov_152 | 8.93770121569671 × 10^277 |
| 153 | ov_153 | 4.805079649635713 × 10^277 |
| 154 | ov_154 | 2.3346313556032504 × 10^277 |
| 155 | ov_155 | 9.996770741322929 × 10^276 |
| 156 | aaa_76_25 | 3.4763237489777264 × 10^276 |
| 157 | aaa_76_26 | 2.1394708255091662 × 10^276 |
| 158 | aaa_76_27 | 1.173033292590774 × 10^276 |
| 159 | aaa_76_28 | 5.527715964895449 × 10^275 |
| 160 | aaa_76_29 | 2.0812071416804038 × 10^275 |

### Output Bits Sorted by Complexity

| Rank | Output Bit | Complexity |
|:----:|:----------:|:----------:|
| 160 | aaa_76_29 | 2.0812071416804038 × 10^275 |
| 159 | aaa_76_28 | 5.527715964895449 × 10^275 |
| 158 | aaa_76_27 | 1.173033292590774 × 10^276 |
| 157 | aaa_76_26 | 2.1394708255091662 × 10^276 |
| 156 | aaa_76_25 | 3.4763237489777264 × 10^276 |
| 155 | ov_155 | 9.996770741322929 × 10^276 |
| 154 | ov_154 | 2.3346313556032504 × 10^277 |
| 153 | ov_153 | 4.805079649635713 × 10^277 |
| 152 | ov_152 | 8.93770121569671 × 10^277 |
| 151 | ov_151 | 1.533328311438007 × 10^278 |
| 150 | ov_150 | 2.4666747939627766 × 10^278 |
| 149 | ov_149 | 3.7687211260114404 × 10^278 |
| 148 | ov_148 | 5.5218092633472324 × 10^278 |
| 147 | ov_147 | 7.815731019567666 × 10^278 |
| 146 | ov_146 | 1.0747759418677795 × 10^279 |
| 145 | ov_145 | 1.4422696013371628 × 10^279 |
| 144 | ov_144 | 1.8952938777168104 × 10^279 |
| 143 | ov_143 | 2.4458575714819656 × 10^279 |
| 142 | ov_142 | 3.1067509872025377 × 10^279 |
| 141 | ov_141 | 3.8915621962705477 × 10^279 |
| 140 | ov_140 | 4.814697691444356 × 10^279 |
| 139 | ov_139 | 5.891408026090498 × 10^279 |
| 138 | ov_138 | 7.137819085298106 × 10^279 |
| 137 | ov_137 | 8.570969781947435 × 10^279 |
| 136 | ov_136 | 1.0208857071724832 × 10^280 |
| 135 | ov_135 | 1.207048923721075 × 10^280 |
| 134 | ov_134 | 1.4175948448385953 × 10^280 |
| 133 | ov_133 | 1.6546463665522564 × 10^280 |
| 132 | ov_132 | 1.9204494936597385 × 10^280 |
| 131 | ov_131 | 2.2173829977224505 × 10^280 |
| 130 | ov_130 | 2.2173846237068677 × 10^280 |
| 129 | ov_129 | 2.2173896860259727 × 10^280 |
| 128 | aaa_77_29 | 2.4067604268420735 × 10^280 |
| 127 | aaa_77_28 | 6.422116310574578 × 10^280 |
| 126 | ov_126 | 2.0116647598038444 × 10^281 |
| 125 | ov_125 | 4.520032472138756 × 10^281 |
| 124 | ov_124 | 8.608682036691098 × 10^281 |
| 123 | ov_123 | 1.4718983980233324 × 10^282 |
| 122 | ov_122 | 2.329231902976971 × 10^282 |
| 121 | ov_121 | 3.4770092786507836 × 10^282 |
| 120 | ov_120 | 4.9593761246972406 × 10^282 |
| 119 | ov_119 | 6.820486970979981 × 10^282 |
| 118 | ov_118 | 9.104511962748124 × 10^282 |
| 117 | ov_117 | 1.1855651115982079 × 10^283 |
| 116 | ov_116 | 1.5118162376067987 × 10^283 |
| 115 | ov_115 | 1.8936407780225184 × 10^283 |
| 114 | ov_114 | 2.335492068755906 × 10^283 |
| 113 | ov_113 | 2.841849704117842 × 10^283 |
| 112 | ov_112 | 3.4172313628078247 × 10^283 |
| 111 | ov_111 | 4.066207630511527 × 10^283 |
| 110 | ov_110 | 4.793420116414491 × 10^283 |
| 109 | ov_109 | 5.60360316174798 × 10^283 |
| 108 | ov_108 | 6.501609439777883 × 10^283 |
| 107 | ov_107 | 7.492439748586486 × 10^283 |
| 106 | ov_106 | 8.581277300764049 × 10^283 |
| 105 | ov_105 | 9.77352681792111 × 10^283 |
| 104 | ov_104 | 1.1074858742987264 × 10^284 |
| 103 | ov_103 | 1.2491258889836986 × 10^284 |
| 102 | ov_102 | 1.4029083858111353 × 10^284 |
| 101 | ov_101 | 1.5695122551424975 × 10^284 |
| 100 | ov_100 | 1.7496664149735406 × 10^284 |
| 96 | aaa_78_29 | 1.7853564443789047 × 10^284 |
| 99 | ov_099 | 1.944157290182018 × 10^284 |
| 98 | ov_098 | 1.9441759065036716 × 10^284 |
| 97 | ov_097 | 1.9442341937390943 × 10^284 |
| 95 | aaa_78_28 | 4.712026161501373 × 10^284 |
| 94 | ov_094 | 1.465050092624512 × 10^285 |
| 93 | ov_093 | 3.268435775839789 × 10^285 |
| 92 | ov_092 | 6.187711660698518 × 10^285 |
| 91 | ov_091 | 1.1645157546043502 × 10^286 |
| 90 | ov_090 | 2.2791840841722873 × 10^286 |
| 89 | ov_089 | 4.339213409507903 × 10^286 |
| 88 | ov_088 | 7.782459355676557 × 10^286 |
| 87 | ov_087 | 1.3108359588852324 × 10^287 |
| 86 | ov_086 | 2.0878206567776472 × 10^287 |
| 85 | ov_085 | 3.1715564393671757 × 10^287 |
| 84 | ov_084 | 4.630686507457522 × 10^287 |
| 83 | ov_083 | 6.5402219522235136 × 10^287 |
| 82 | ov_082 | 8.981647860356607 × 10^287 |
| 81 | ov_081 | 1.2043057957525506 × 10^288 |
| 64 | lv_79_k31 | 1.5731431070728935 × 10^288 |
| 80 | ov_080 | 1.581932132415671 × 10^288 |
| 79 | ov_079 | 2.0412284719633545 × 10^288 |
| 78 | ov_078 | 2.593101405490454 × 10^288 |
| 77 | ov_077 | 3.249207856042662 × 10^288 |
| 76 | ov_076 | 4.021988120789937 × 10^288 |
| 75 | ov_075 | 4.924703896217803 × 10^288 |
| 74 | ov_074 | 5.971481646612607 × 10^288 |
| 63 | ov_063 | 6.502862867824029 × 10^288 |
| 73 | ov_073 | 7.17736167982627 × 10^288 |
| 72 | ov_072 | 8.558353299339344 × 10^288 |
| 71 | ov_071 | 1.0131496408273686 × 10^289 |
| 70 | ov_070 | 1.1914929949537414 × 10^289 |
| 69 | ov_069 | 1.3927967577038327 × 10^289 |
| 68 | ov_068 | 1.6191180966225426 × 10^289 |
| 67 | ov_067 | 1.8715879941110563 × 10^289 |
| 66 | ov_066 | 1.8715894105112017 × 10^289 |
| 65 | ov_065 | 1.871593781136465 × 10^289 |
| 62 | ov_062 | 2.687192688736882 × 10^289 |
| 61 | ov_061 | 8.126268198862711 × 10^289 |
| 60 | ov_060 | 1.9732163864120596 × 10^290 |
| 59 | ov_059 | 4.1000793341939795 × 10^290 |
| 58 | ov_058 | 7.568054749600888 × 10^290 |
| 57 | ov_057 | 1.2751984536919695 × 10^291 |
| 56 | ov_056 | 2.1742673717034408 × 10^291 |
| 55 | ov_055 | 3.909660416330512 × 10^291 |
| 54 | ov_054 | 7.012004408146377 × 10^291 |
| 53 | ov_053 | 1.20869165937489 × 10^292 |
| 52 | ov_052 | 1.9815025278501825 × 10^292 |
| 51 | ov_051 | 3.0952007923439173 × 10^292 |
| 50 | ov_050 | 4.632866449745264 × 10^292 |
| 49 | ov_049 | 6.685105263227183 × 10^292 |
| 48 | ov_048 | 9.350071715482246 × 10^292 |
| 47 | ov_047 | 1.2733505149341422 × 10^293 |
| 32 | lv_80_k31 | 1.6636841550050905 × 10^293 |
| 46 | ov_046 | 1.6948783339421712 × 10^293 |
| 45 | ov_045 | 2.205839181377743 × 10^293 |
| 44 | ov_044 | 2.8128754324931105 × 10^293 |
| 43 | ov_043 | 3.5230310049056118 × 10^293 |
| 42 | ov_042 | 4.350805130336958 × 10^293 |
| 41 | ov_041 | 5.3115321743521594 × 10^293 |
| 40 | ov_040 | 6.421409184525873 × 10^293 |
| 31 | ov_031 | 6.87808562059082 × 10^293 |
| 39 | ov_039 | 7.697529579095162 × 10^293 |
| 38 | ov_038 | 9.157923820279232 × 10^293 |
| 37 | ov_037 | 1.0821607975425751 × 10^294 |
| 36 | ov_036 | 1.2708641130587885 × 10^294 |
| 35 | ov_035 | 1.4840192685430707 × 10^294 |
| 34 | ov_034 | 1.7238620625923093 × 10^294 |
| 33 | ov_033 | 1.9927561942533816 × 10^294 |
| 30 | ov_030 | 2.842690788456072 × 10^294 |
| 29 | ov_029 | 8.597873449542614 × 10^294 |
| 28 | ov_028 | 2.0881949777353965 × 10^295 |
| 27 | ov_027 | 4.993003930552133 × 10^295 |
| 26 | ov_026 | 1.2018750918344184 × 10^296 |
| 25 | ov_025 | 2.6405001453953152 × 10^296 |
| 24 | ov_024 | 5.218636303795631 × 10^296 |
| 23 | ov_023 | 9.419251969281419 × 10^296 |
| 22 | ov_022 | 1.5804830641683435 × 10^297 |
| 21 | ov_021 | 2.5017384794952845 × 10^297 |
| 20 | ov_020 | 3.7778479009809596 × 10^297 |
| 19 | ov_019 | 5.488926705236714 × 10^297 |
| 18 | ov_018 | 7.723055522746938 × 10^297 |
| 17 | ov_017 | 1.0576291763023464 × 10^298 |
| 16 | ov_016 | 1.4152690103160933 × 10^298 |
| 15 | ov_015 | 1.856433648486444 × 10^298 |
| 14 | ov_014 | 2.3931400765058256 × 10^298 |
| 13 | ov_013 | 3.038221376548336 × 10^298 |
| 12 | ov_012 | 3.805337506748079 × 10^298 |
| 11 | ov_011 | 4.7089898499840197 × 10^298 |
| 10 | ov_010 | 5.764540287080482 × 10^298 |
| 9 | ov_009 | 6.988235610097949 × 10^298 |
| 8 | ov_008 | 8.397238093715798 × 10^298 |
| 7 | ov_007 | 1.000966292447097 × 10^299 |
| 6 | ov_006 | 1.1844623058409018 × 10^299 |
| 5 | ov_005 | 1.3922282125226596 × 10^299 |
| 4 | ov_004 | 1.626391624498055 × 10^299 |
| 3 | ov_003 | 1.8891985884795194 × 10^299 |
| 2 | ov_002 | 2.1818683049180826 × 10^299 |
| 1 | ov_001 | 2.505690700491394 × 10^299 |

