# Results for F001-F002-F003-F004-F005-F006-F007-F008-F009-F010-F011-F012-F013-F014-F015-F016-F017-F018-F019-F020-F021-F022-F023-F024-F025-F026-F027-F028-F029-F030-F031-F032-F033-F034-F035-F036-F037-F038-F039-F040-F041-F042-F043-F044-F045-F046-F047-F048-F049-F050-F051-F052-F053-F054-F055-F056-F057-F058-F059-F060-F061-F062-F063-F064-F065-F066-F067-F068-F069-F070-F071-F072-F073-F074-F075-F076-F077-F078-F079-F080-F081-F082-F083-F084-F085-F086-F087-F088-F089-F090-F091-F092-F093-F094-F095-F096-F097-F098-F099-F100-F101-F102-F103-F104-F105-F106-F107-F108-F109-F110-F111-F112-F113-F114-F115-F116-F117-F118-F119-F120-F121-F122-F123-F124-F125-F126-F127-F128-F129-F130-F131-F132-F133-F134-F135-F136-F137-F138-F139-F140-F141-F142-F143-F144-F145-F146-F147-F148-F149-F150-F151-F152-F153-F154-F155-F156-F157-F158-F159-F160-F161-F162-F163-F164-F165-F166-F167-F168-F169-F170-F171-F172-F173-F174-F175-F176-F177-F178-F179-F180-F181-F182-F183-F184-F185-F186-F187-F188-F189-F190-F191-F192-F193-F194-F195-F196-F197-F198-F199-F200-F201-F202-F203-F204-F205-F206-F207-F208-F209-F210-F211-F212-F213-F214-F215-F216-F217-F218-F219-F220-F221-F222-F223-F224-F225-F226-F227-F228-F229-F230-F231-F232-F233-F234-F235-F236-F237-F238-F239-F240-F241-F242-F243-F244-F245-F246-F247-F248-F249-F250-F251-F252-F253-F254-F255-F256-F257-F258-F259-F260-F261-F262-F263-F264-F265-F266-F267-F268-F269-F270-F271-F272-F273-F274-F275-F276-F277-F278-F279-F280-F281-F282-F283-F284-F285-F286-F287-F288-F289-F290-F291-F292-F293-F294-F295-F296-F297-F298-F299-F300-F301-F302-F303-F304-F305-F306-F307-F308-F309-F310-F311-F312-F313-F314-F315-F316-F317-F318-F319-F320-F321-F322-F323-F324-F325-F326-F327-F328-F329-F330-F331-F332-F333-F334-F335-F336-F337-F338-F339-F340-F341-F342-F343-F344-F345-F346-F347-F348-F349-F350-F351-F352-F353-F354-F355-F356-F357-F358-F359-F360-F361-F362-F363-F364-F365-F366-F367-F368-F369-F370-F371-F372-F373-F374-F375-F376-F377-F378-F379-F380-F381-F382-F383-F384-F385-F386-F387-F388-F389-F390-F391-F392-F393-F394-F395-F396-F397-F398-F399-F400-F401-F402-F403-F404-F405-F406-F407-F408-F409-F410-F411-F412-F413-F414-F415-F416-F417-F418-F419-F420-F421-F422-F423-F424-F425-F426-F427-F428-F429-F430-F431-F432-F433-F434-F435-F436-F437-F438-F439-F440-F441-F442-F443-F444-F445-F446-F447-F448-F449-F450-F451-F452-F453-F454-F455-F456-F457-F458-F459-F460-F461-F462-F463-F464-F465-F466-F467-F468-F469-F470-F471-F472-F473-F474-F475-F476-F477-F478-F479-F480-F481-F482-F483-F484-F485-F486-F487-F488-F489-F490-F491-F492-F493-F494-F495-F496-F497-F498-F499-F500-F501-E502511-E507509-F512

## Summary

Number of input bits: 512  
Number of free input bits: 8  
Number of output bits: 160

Number of direct occurrences: 32735  
Number of assignments: 30867  
Number of operations: 10938701
(xor: 10909608,
and: 15974,
or: 13119)

Total complexity: 8.159861694615611 × 10^298

Least occurring input variable: iv_505 (3890)  
Most occurring input variable: iv_507 (4307)

Most co-occurring input variables: iv_507-iv_510 (2080)  
Least co-occurring input variables: iv_505-iv_506 (1777)

Potentially most occurring input variable: iv_502/iv_507 (4579)  
Potentially least occurring input variable: iv_504/iv_508 (4082)

Least output occurring input variable: iv_502 (72)  
Most output occurring input variable: iv_508 (86)

Most output co-occurring input variables: iv_506-iv_508 (48)  
Least output co-occurring input variables: iv_503-iv_504 (33)

Potentially most output occurring input variable: iv_503/iv_507 (92)  
Potentially least output occurring input variable: iv_502/iv_508 (70)

Least complex input bit: iv_502 (1.0269164699932778 × 10^297)  
Most complex input bit: iv_507 (2.530390922434946 × 10^298)

Least complex output bit: aaa_76_29 (1.2531509297376182 × 10^274)  
Most complex output bit: ov_001 (1.297034794153083 × 10^298)

Least complex input/output complexity: iv_502/aaa_76_29 (1.577087182720405 × 10^272)  
Most complex input/output complexity: iv_507/ov_001 (4.0221332076901606 × 10^297)

Input variable with highest collision probability: iv_503 (½^160.00000000000037)

## Input Bits

### Input Bits in Regular Order

| Input Bit | Complexity | Occurrences | Output Occurrences | Collision Probability |
|:---------:|:----------:|:-----------:|:------------------:|:---------------------:|
| iv_502 | 1.0269164699932778 × 10^297 | 4244 | 72 | ½^160.0000000000004 |
| iv_503 | 1.7936470508383328 × 10^297 | 4134 | 78 | ½^160.00000000000037 |
| iv_504 | 2.9812798285472454 × 10^297 | 3898 | 78 | ½^160.00000000000043 |
| iv_505 | 4.738948382232752 × 10^297 | 3890 | 79 | ½^160.00000000000065 |
| iv_506 | 7.286056777904702 × 10^297 | 3936 | 82 | ½^160.00000000000085 |
| iv_507 | 2.530390922434946 × 10^298 | 4307 | 80 | ½^160.0000000000008 |
| iv_508 | 1.560859452927738 × 10^298 | 4108 | 86 | ½^160.00000000000065 |
| iv_510 | 2.2859264683013055 × 10^298 | 4218 | 74 | ½^160.00000000000094 |

### Input Bits Sorted by Complexity

| Input Bit | Complexity | Occurrences | Output Occurrences | Collision Probability |
|:---------:|:----------:|:-----------:|:------------------:|:---------------------:|
| iv_502 | 1.0269164699932778 × 10^297 | 4244 | 72 | ½^160.0000000000004 |
| iv_503 | 1.7936470508383328 × 10^297 | 4134 | 78 | ½^160.00000000000037 |
| iv_504 | 2.9812798285472454 × 10^297 | 3898 | 78 | ½^160.00000000000043 |
| iv_505 | 4.738948382232752 × 10^297 | 3890 | 79 | ½^160.00000000000065 |
| iv_506 | 7.286056777904702 × 10^297 | 3936 | 82 | ½^160.00000000000085 |
| iv_508 | 1.560859452927738 × 10^298 | 4108 | 86 | ½^160.00000000000065 |
| iv_510 | 2.2859264683013055 × 10^298 | 4218 | 74 | ½^160.00000000000094 |
| iv_507 | 2.530390922434946 × 10^298 | 4307 | 80 | ½^160.0000000000008 |

### Input Bits Sorted by Occurrences

| Input Bit | Complexity | Occurrences | Output Occurrences | Collision Probability |
|:---------:|:----------:|:-----------:|:------------------:|:---------------------:|
| iv_505 | 4.738948382232752 × 10^297 | 3890 | 79 | ½^160.00000000000065 |
| iv_504 | 2.9812798285472454 × 10^297 | 3898 | 78 | ½^160.00000000000043 |
| iv_506 | 7.286056777904702 × 10^297 | 3936 | 82 | ½^160.00000000000085 |
| iv_508 | 1.560859452927738 × 10^298 | 4108 | 86 | ½^160.00000000000065 |
| iv_503 | 1.7936470508383328 × 10^297 | 4134 | 78 | ½^160.00000000000037 |
| iv_510 | 2.2859264683013055 × 10^298 | 4218 | 74 | ½^160.00000000000094 |
| iv_502 | 1.0269164699932778 × 10^297 | 4244 | 72 | ½^160.0000000000004 |
| iv_507 | 2.530390922434946 × 10^298 | 4307 | 80 | ½^160.0000000000008 |

### Input Bits Sorted by Output Occurrences

| Input Bit | Complexity | Occurrences | Output Occurrences | Collision Probability |
|:---------:|:----------:|:-----------:|:------------------:|:---------------------:|
| iv_502 | 1.0269164699932778 × 10^297 | 4244 | 72 | ½^160.0000000000004 |
| iv_510 | 2.2859264683013055 × 10^298 | 4218 | 74 | ½^160.00000000000094 |
| iv_503 | 1.7936470508383328 × 10^297 | 4134 | 78 | ½^160.00000000000037 |
| iv_504 | 2.9812798285472454 × 10^297 | 3898 | 78 | ½^160.00000000000043 |
| iv_505 | 4.738948382232752 × 10^297 | 3890 | 79 | ½^160.00000000000065 |
| iv_507 | 2.530390922434946 × 10^298 | 4307 | 80 | ½^160.0000000000008 |
| iv_506 | 7.286056777904702 × 10^297 | 3936 | 82 | ½^160.00000000000085 |
| iv_508 | 1.560859452927738 × 10^298 | 4108 | 86 | ½^160.00000000000065 |

### Input Bits Sorted by Collision Probability

| Input Bit | Complexity | Occurrences | Output Occurrences | Collision Probability |
|:---------:|:----------:|:-----------:|:------------------:|:---------------------:|
| iv_503 | 1.7936470508383328 × 10^297 | 4134 | 78 | ½^160.00000000000037 |
| iv_502 | 1.0269164699932778 × 10^297 | 4244 | 72 | ½^160.0000000000004 |
| iv_504 | 2.9812798285472454 × 10^297 | 3898 | 78 | ½^160.00000000000043 |
| iv_505 | 4.738948382232752 × 10^297 | 3890 | 79 | ½^160.00000000000065 |
| iv_508 | 1.560859452927738 × 10^298 | 4108 | 86 | ½^160.00000000000065 |
| iv_507 | 2.530390922434946 × 10^298 | 4307 | 80 | ½^160.0000000000008 |
| iv_506 | 7.286056777904702 × 10^297 | 3936 | 82 | ½^160.00000000000085 |
| iv_510 | 2.2859264683013055 × 10^298 | 4218 | 74 | ½^160.00000000000094 |

## Input Bit/Output Bit Collision Probabilities

| Input Bit | Output Bit | Collision Probability |
|:---------:|:----------:|:---------------------:|
| iv_505 | ov_012 | 0.5000000000000022 |
| iv_505 | ov_016 | 0.5000000000000022 |
| iv_502 | ov_038 | 0.500000000000002 |
| iv_502 | ov_124 | 0.5000000000000019 |
| iv_510 | ov_027 | 0.5000000000000019 |
| iv_502 | ov_016 | 0.5000000000000018 |
| iv_502 | ov_051 | 0.5000000000000018 |
| iv_502 | ov_081 | 0.5000000000000018 |

## Input Bit Co-occurrences

### Input Bit Co-occurrences Sorted by Co-occurrences

| Input Bits | Co-occurrences | Potential Occurrences | Output Co-occurrences | Potential Output Occurrences |
|:----------:|:--------------:|:---------------------:|:---------------------:|:----------------------------:|
| iv_507-iv_510 | 2080 | 4365 | 36 | 82 |
| iv_507-iv_508 | 2053 | 4309 | 45 | 76 |
| iv_502-iv_510 | 2044 | 4374 | 35 | 76 |
| iv_508-iv_510 | 2022 | 4282 | 36 | 88 |
| iv_503-iv_507 | 2014 | 4413 | 33 | 92 |
| iv_503-iv_508 | 2004 | 4234 | 42 | 80 |
| iv_503-iv_510 | 2002 | 4348 | 38 | 76 |
| iv_502-iv_503 | 1990 | 4398 | 35 | 80 |

### Input Bit Co-occurrences Sorted by Potential Occurrences

| Input Bits | Co-occurrences | Potential Occurrences | Output Co-occurrences | Potential Output Occurrences |
|:----------:|:--------------:|:---------------------:|:---------------------:|:----------------------------:|
| iv_504-iv_508 | 1962 | 4082 | 43 | 78 |
| iv_504-iv_506 | 1851 | 4132 | 42 | 76 |
| iv_504-iv_505 | 1821 | 4146 | 41 | 75 |
| iv_506-iv_508 | 1939 | 4166 | 48 | 72 |
| iv_505-iv_510 | 1967 | 4174 | 40 | 73 |
| iv_505-iv_508 | 1895 | 4208 | 44 | 77 |
| iv_503-iv_505 | 1901 | 4222 | 42 | 73 |
| iv_503-iv_508 | 2004 | 4234 | 42 | 80 |

### Input Bit Output Co-occurrences Sorted by Output Co-occurrences

| Input Bits | Co-occurrences | Potential Occurrences | Output Co-occurrences | Potential Output Occurrences |
|:----------:|:--------------:|:---------------------:|:---------------------:|:----------------------------:|
| iv_506-iv_508 | 1939 | 4166 | 48 | 72 |
| iv_507-iv_508 | 2053 | 4309 | 45 | 76 |
| iv_502-iv_508 | 1936 | 4480 | 44 | 70 |
| iv_505-iv_508 | 1895 | 4208 | 44 | 77 |
| iv_504-iv_508 | 1962 | 4082 | 43 | 78 |
| iv_503-iv_505 | 1901 | 4222 | 42 | 73 |
| iv_503-iv_508 | 2004 | 4234 | 42 | 80 |
| iv_504-iv_506 | 1851 | 4132 | 42 | 76 |

### Input Bit Output Co-occurrences Sorted by Potential Output Occurrences

| Input Bits | Co-occurrences | Potential Occurrences | Output Co-occurrences | Potential Output Occurrences |
|:----------:|:--------------:|:---------------------:|:---------------------:|:----------------------------:|
| iv_502-iv_508 | 1936 | 4480 | 44 | 70 |
| iv_506-iv_508 | 1939 | 4166 | 48 | 72 |
| iv_503-iv_505 | 1901 | 4222 | 42 | 73 |
| iv_505-iv_510 | 1967 | 4174 | 40 | 73 |
| iv_502-iv_504 | 1901 | 4340 | 38 | 74 |
| iv_504-iv_505 | 1821 | 4146 | 41 | 75 |
| iv_507-iv_508 | 2053 | 4309 | 45 | 76 |
| iv_503-iv_510 | 2002 | 4348 | 38 | 76 |

## Output Bits

### Output Bits in Regular Order

| Rank | Output Bit | Complexity |
|:----:|:----------:|:----------:|
| 1 | ov_001 | 1.297034794153083 × 10^298 |
| 2 | ov_002 | 1.1276788811845283 × 10^298 |
| 3 | ov_003 | 9.747360930748731 × 10^297 |
| 4 | ov_004 | 8.375253098755913 × 10^297 |
| 5 | ov_005 | 7.154025440779696 × 10^297 |
| 6 | ov_006 | 6.071808020351512 × 10^297 |
| 7 | ov_007 | 5.1173526710166755 × 10^297 |
| 8 | ov_008 | 4.2799952735445953 × 10^297 |
| 9 | ov_009 | 3.549623277360053 × 10^297 |
| 10 | ov_010 | 2.916647947240868 × 10^297 |
| 11 | ov_011 | 2.3719809642308985 × 10^297 |
| 12 | ov_012 | 1.9070150702824453 × 10^297 |
| 13 | ov_013 | 1.513608433006264 × 10^297 |
| 14 | ov_014 | 1.1840723334671737 × 10^297 |
| 15 | ov_015 | 9.111617127626104 × 10^296 |
| 16 | ov_016 | 6.880681143669896 × 10^296 |
| 17 | ov_017 | 5.084145935533467 × 10^296 |
| 18 | ov_018 | 3.6625219942218455 × 10^296 |
| 19 | ov_019 | 2.56057669219862 × 10^296 |
| 20 | ov_020 | 1.7273200874346016 × 10^296 |
| 21 | ov_021 | 1.1159966672221031 × 10^296 |
| 22 | ov_022 | 6.840805701382963 × 10^295 |
| 23 | ov_023 | 3.932725973984391 × 10^295 |
| 24 | ov_024 | 2.0949820726450876 × 10^295 |
| 25 | ov_025 | 1.029062034798187 × 10^295 |
| 26 | ov_026 | 4.786794882251726 × 10^294 |
| 27 | ov_027 | 2.297694335455391 × 10^294 |
| 28 | ov_028 | 1.104862891027885 × 10^294 |
| 29 | ov_029 | 4.546197690671511 × 10^293 |
| 30 | ov_030 | 1.502117482138696 × 10^293 |
| 31 | ov_031 | 3.631910054235211 × 10^292 |
| 32 | lv_80_k31 | 8.778785726003327 × 10^291 |
| 33 | ov_033 | 1.0466193433108383 × 10^293 |
| 34 | ov_034 | 9.032315511583235 × 10^292 |
| 35 | ov_035 | 7.756730922392727 × 10^292 |
| 36 | ov_036 | 6.626109273726183 × 10^292 |
| 37 | ov_037 | 5.627834937533616 × 10^292 |
| 38 | ov_038 | 4.749956364850626 × 10^292 |
| 39 | ov_039 | 3.981142376772908 × 10^292 |
| 40 | ov_040 | 3.3106447489397503 × 10^292 |
| 41 | ov_041 | 2.7282664490345537 × 10^292 |
| 42 | ov_042 | 2.2243349262903777 × 10^292 |
| 43 | ov_043 | 1.7896798895583116 × 10^292 |
| 44 | ov_044 | 1.4156150463981053 × 10^292 |
| 45 | ov_045 | 1.097916199280215 × 10^292 |
| 46 | ov_046 | 8.32590459033178 × 10^291 |
| 47 | ov_047 | 6.158710489782736 × 10^291 |
| 48 | ov_048 | 4.442132963085306 × 10^291 |
| 49 | ov_049 | 3.1118294118355685 × 10^291 |
| 50 | ov_050 | 2.1077799785374007 × 10^291 |
| 51 | ov_051 | 1.3742621142044383 × 10^291 |
| 52 | ov_052 | 8.598341411806553 × 10^290 |
| 53 | ov_053 | 5.173253325572998 × 10^290 |
| 54 | ov_054 | 3.0383031808356086 × 10^290 |
| 55 | ov_055 | 1.807059970038186 × 10^290 |
| 56 | ov_056 | 1.1356972160584347 × 10^290 |
| 57 | ov_057 | 7.229815707599212 × 10^289 |
| 58 | ov_058 | 4.289435431633548 × 10^289 |
| 59 | ov_059 | 2.3229249765264127 × 10^289 |
| 60 | ov_060 | 1.1173830958502313 × 10^289 |
| 61 | ov_061 | 4.5991018987687776 × 10^288 |
| 62 | ov_062 | 1.519919729951469 × 10^288 |
| 63 | ov_063 | 3.675622950934264 × 10^287 |
| 64 | lv_79_k31 | 8.885669073284274 × 10^286 |
| 65 | ov_065 | 1.047090931423789 × 10^288 |
| 66 | ov_066 | 1.0470883772746581 × 10^288 |
| 67 | ov_067 | 1.0470875494629818 × 10^288 |
| 68 | ov_068 | 9.03238679657839 × 10^287 |
| 69 | ov_069 | 7.74516583089084 × 10^287 |
| 70 | ov_070 | 6.602604080707361 × 10^287 |
| 71 | ov_071 | 5.592681854868191 × 10^287 |
| 72 | ov_072 | 4.704114946455051 × 10^287 |
| 73 | ov_073 | 3.926305902533657 × 10^287 |
| 74 | ov_074 | 3.249299753963032 × 10^287 |
| 75 | ov_075 | 2.6637439690625882 × 10^287 |
| 76 | ov_076 | 2.1608524023233243 × 10^287 |
| 77 | ov_077 | 1.732373015253311 × 10^287 |
| 78 | ov_078 | 1.3705591510694676 × 10^287 |
| 79 | ov_079 | 1.0681441484827043 × 10^287 |
| 80 | ov_080 | 8.18319082452382 × 10^286 |
| 81 | ov_081 | 6.147134216749658 × 10^286 |
| 82 | ov_082 | 4.513783938725984 × 10^286 |
| 83 | ov_083 | 3.227728507975627 × 10^286 |
| 84 | ov_084 | 2.237514253914883 × 10^286 |
| 85 | ov_085 | 1.4955477384146105 × 10^286 |
| 86 | ov_086 | 9.580169544675466 × 10^285 |
| 87 | ov_087 | 5.848292331040328 × 10^285 |
| 88 | ov_088 | 3.395637893222571 × 10^285 |
| 89 | ov_089 | 1.8943683818879302 × 10^285 |
| 90 | ov_090 | 1.0527721249716622 × 10^285 |
| 91 | ov_091 | 6.151041350372056 × 10^284 |
| 92 | ov_092 | 3.614904377789179 × 10^284 |
| 93 | ov_093 | 1.9095319374473928 × 10^284 |
| 94 | ov_094 | 8.559791733537794 × 10^283 |
| 95 | aaa_78_28 | 2.753231674284567 × 10^283 |
| 96 | aaa_78_29 | 1.0432651228672604 × 10^283 |
| 97 | ov_097 | 1.1366819448408388 × 10^283 |
| 98 | ov_098 | 1.1366479502271266 × 10^283 |
| 99 | ov_099 | 1.1366371019914575 × 10^283 |
| 100 | ov_100 | 1.023102863109789 × 10^283 |
| 101 | ov_101 | 9.179048569689981 × 10^282 |
| 102 | ov_102 | 8.205896299823011 × 10^282 |
| 103 | ov_103 | 7.307370523963166 × 10^282 |
| 104 | ov_104 | 6.479558846853715 × 10^282 |
| 105 | ov_105 | 5.718797540563918 × 10^282 |
| 106 | ov_106 | 5.021635192448633 × 10^282 |
| 107 | ov_107 | 4.3848000266778847 × 10^282 |
| 108 | ov_108 | 3.8051706972948283 × 10^282 |
| 109 | ov_109 | 3.2797503566976846 × 10^282 |
| 110 | ov_110 | 2.805643808186737 × 10^282 |
| 111 | ov_111 | 2.3800375549189708 × 10^282 |
| 112 | ov_112 | 2.0001825604150696 × 10^282 |
| 113 | ov_113 | 1.6633795378263808 × 10^282 |
| 114 | ov_114 | 1.3669665866382212 × 10^282 |
| 115 | ov_115 | 1.1083089964831743 × 10^282 |
| 116 | ov_116 | 8.847910383779852 × 10^281 |
| 117 | ov_117 | 6.938095640782236 × 10^281 |
| 118 | ov_118 | 5.327692344584741 × 10^281 |
| 119 | ov_119 | 3.990791979447137 × 10^281 |
| 120 | ov_120 | 2.9015104008592044 × 10^281 |
| 121 | ov_121 | 2.033977223891915 × 10^281 |
| 122 | ov_122 | 1.362330672867723 × 10^281 |
| 123 | ov_123 | 8.607143553708667 × 10^280 |
| 124 | ov_124 | 5.032749159813186 × 10^280 |
| 125 | ov_125 | 2.641604977413863 × 10^280 |
| 126 | ov_126 | 1.1751985793231635 × 10^280 |
| 127 | aaa_77_28 | 3.7501949956635384 × 10^279 |
| 128 | aaa_77_29 | 1.404555861678743 × 10^279 |
| 129 | ov_129 | 1.2797707949251963 × 10^279 |
| 130 | ov_130 | 1.279767748007887 × 10^279 |
| 131 | ov_131 | 1.2797667699107571 × 10^279 |
| 132 | ov_132 | 1.1053444996965033 × 10^279 |
| 133 | ov_133 | 9.4946930756157 × 10^278 |
| 134 | ov_134 | 8.10714704820008 × 10^278 |
| 135 | ov_135 | 6.877332811027805 × 10^278 |
| 136 | ov_136 | 5.792509244031832 × 10^278 |
| 137 | ov_137 | 4.84061790219058 × 10^278 |
| 138 | ov_138 | 4.010239650113689 × 10^278 |
| 139 | ov_139 | 3.2905575903385185 × 10^278 |
| 140 | ov_140 | 2.6713256270095677 × 10^278 |
| 141 | ov_141 | 2.142842042508131 × 10^278 |
| 142 | ov_142 | 1.6959274997004457 × 10^278 |
| 143 | ov_143 | 1.3219069169711839 × 10^278 |
| 144 | ov_144 | 1.012594725478745 × 10^278 |
| 145 | ov_145 | 7.602831082375275 × 10^277 |
| 146 | ov_146 | 5.5773285415487 × 10^277 |
| 147 | ov_147 | 3.981664371029332 × 10^277 |
| 148 | ov_148 | 2.7526293518892497 × 10^277 |
| 149 | ov_149 | 1.831544386356984 × 10^277 |
| 150 | ov_150 | 1.1642362790382114 × 10^277 |
| 151 | ov_151 | 7.010223688690854 × 10^276 |
| 152 | ov_152 | 3.967014920086281 × 10^276 |
| 153 | ov_153 | 2.1054908769089373 × 10^276 |
| 154 | ov_154 | 1.0631466537220064 × 10^276 |
| 155 | ov_155 | 5.2220434401537894 × 10^275 |
| 156 | aaa_76_25 | 2.0960556451646075 × 10^275 |
| 157 | aaa_76_26 | 1.2896860886532708 × 10^275 |
| 158 | aaa_76_27 | 7.06877888926922 × 10^274 |
| 159 | aaa_76_28 | 3.3297318091613377 × 10^274 |
| 160 | aaa_76_29 | 1.2531509297376182 × 10^274 |

### Output Bits Sorted by Complexity

| Rank | Output Bit | Complexity |
|:----:|:----------:|:----------:|
| 160 | aaa_76_29 | 1.2531509297376182 × 10^274 |
| 159 | aaa_76_28 | 3.3297318091613377 × 10^274 |
| 158 | aaa_76_27 | 7.06877888926922 × 10^274 |
| 157 | aaa_76_26 | 1.2896860886532708 × 10^275 |
| 156 | aaa_76_25 | 2.0960556451646075 × 10^275 |
| 155 | ov_155 | 5.2220434401537894 × 10^275 |
| 154 | ov_154 | 1.0631466537220064 × 10^276 |
| 153 | ov_153 | 2.1054908769089373 × 10^276 |
| 152 | ov_152 | 3.967014920086281 × 10^276 |
| 151 | ov_151 | 7.010223688690854 × 10^276 |
| 150 | ov_150 | 1.1642362790382114 × 10^277 |
| 149 | ov_149 | 1.831544386356984 × 10^277 |
| 148 | ov_148 | 2.7526293518892497 × 10^277 |
| 147 | ov_147 | 3.981664371029332 × 10^277 |
| 146 | ov_146 | 5.5773285415487 × 10^277 |
| 145 | ov_145 | 7.602831082375275 × 10^277 |
| 144 | ov_144 | 1.012594725478745 × 10^278 |
| 143 | ov_143 | 1.3219069169711839 × 10^278 |
| 142 | ov_142 | 1.6959274997004457 × 10^278 |
| 141 | ov_141 | 2.142842042508131 × 10^278 |
| 140 | ov_140 | 2.6713256270095677 × 10^278 |
| 139 | ov_139 | 3.2905575903385185 × 10^278 |
| 138 | ov_138 | 4.010239650113689 × 10^278 |
| 137 | ov_137 | 4.84061790219058 × 10^278 |
| 136 | ov_136 | 5.792509244031832 × 10^278 |
| 135 | ov_135 | 6.877332811027805 × 10^278 |
| 134 | ov_134 | 8.10714704820008 × 10^278 |
| 133 | ov_133 | 9.4946930756157 × 10^278 |
| 132 | ov_132 | 1.1053444996965033 × 10^279 |
| 131 | ov_131 | 1.2797667699107571 × 10^279 |
| 130 | ov_130 | 1.279767748007887 × 10^279 |
| 129 | ov_129 | 1.2797707949251963 × 10^279 |
| 128 | aaa_77_29 | 1.404555861678743 × 10^279 |
| 127 | aaa_77_28 | 3.7501949956635384 × 10^279 |
| 126 | ov_126 | 1.1751985793231635 × 10^280 |
| 125 | ov_125 | 2.641604977413863 × 10^280 |
| 124 | ov_124 | 5.032749159813186 × 10^280 |
| 123 | ov_123 | 8.607143553708667 × 10^280 |
| 122 | ov_122 | 1.362330672867723 × 10^281 |
| 121 | ov_121 | 2.033977223891915 × 10^281 |
| 120 | ov_120 | 2.9015104008592044 × 10^281 |
| 119 | ov_119 | 3.990791979447137 × 10^281 |
| 118 | ov_118 | 5.327692344584741 × 10^281 |
| 117 | ov_117 | 6.938095640782236 × 10^281 |
| 116 | ov_116 | 8.847910383779852 × 10^281 |
| 115 | ov_115 | 1.1083089964831743 × 10^282 |
| 114 | ov_114 | 1.3669665866382212 × 10^282 |
| 113 | ov_113 | 1.6633795378263808 × 10^282 |
| 112 | ov_112 | 2.0001825604150696 × 10^282 |
| 111 | ov_111 | 2.3800375549189708 × 10^282 |
| 110 | ov_110 | 2.805643808186737 × 10^282 |
| 109 | ov_109 | 3.2797503566976846 × 10^282 |
| 108 | ov_108 | 3.8051706972948283 × 10^282 |
| 107 | ov_107 | 4.3848000266778847 × 10^282 |
| 106 | ov_106 | 5.021635192448633 × 10^282 |
| 105 | ov_105 | 5.718797540563918 × 10^282 |
| 104 | ov_104 | 6.479558846853715 × 10^282 |
| 103 | ov_103 | 7.307370523963166 × 10^282 |
| 102 | ov_102 | 8.205896299823011 × 10^282 |
| 101 | ov_101 | 9.179048569689981 × 10^282 |
| 100 | ov_100 | 1.023102863109789 × 10^283 |
| 96 | aaa_78_29 | 1.0432651228672604 × 10^283 |
| 99 | ov_099 | 1.1366371019914575 × 10^283 |
| 98 | ov_098 | 1.1366479502271266 × 10^283 |
| 97 | ov_097 | 1.1366819448408388 × 10^283 |
| 95 | aaa_78_28 | 2.753231674284567 × 10^283 |
| 94 | ov_094 | 8.559791733537794 × 10^283 |
| 93 | ov_093 | 1.9095319374473928 × 10^284 |
| 92 | ov_092 | 3.614904377789179 × 10^284 |
| 91 | ov_091 | 6.151041350372056 × 10^284 |
| 90 | ov_090 | 1.0527721249716622 × 10^285 |
| 89 | ov_089 | 1.8943683818879302 × 10^285 |
| 88 | ov_088 | 3.395637893222571 × 10^285 |
| 87 | ov_087 | 5.848292331040328 × 10^285 |
| 86 | ov_086 | 9.580169544675466 × 10^285 |
| 85 | ov_085 | 1.4955477384146105 × 10^286 |
| 84 | ov_084 | 2.237514253914883 × 10^286 |
| 83 | ov_083 | 3.227728507975627 × 10^286 |
| 82 | ov_082 | 4.513783938725984 × 10^286 |
| 81 | ov_081 | 6.147134216749658 × 10^286 |
| 80 | ov_080 | 8.18319082452382 × 10^286 |
| 64 | lv_79_k31 | 8.885669073284274 × 10^286 |
| 79 | ov_079 | 1.0681441484827043 × 10^287 |
| 78 | ov_078 | 1.3705591510694676 × 10^287 |
| 77 | ov_077 | 1.732373015253311 × 10^287 |
| 76 | ov_076 | 2.1608524023233243 × 10^287 |
| 75 | ov_075 | 2.6637439690625882 × 10^287 |
| 74 | ov_074 | 3.249299753963032 × 10^287 |
| 63 | ov_063 | 3.675622950934264 × 10^287 |
| 73 | ov_073 | 3.926305902533657 × 10^287 |
| 72 | ov_072 | 4.704114946455051 × 10^287 |
| 71 | ov_071 | 5.592681854868191 × 10^287 |
| 70 | ov_070 | 6.602604080707361 × 10^287 |
| 69 | ov_069 | 7.74516583089084 × 10^287 |
| 68 | ov_068 | 9.03238679657839 × 10^287 |
| 67 | ov_067 | 1.0470875494629818 × 10^288 |
| 66 | ov_066 | 1.0470883772746581 × 10^288 |
| 65 | ov_065 | 1.047090931423789 × 10^288 |
| 62 | ov_062 | 1.519919729951469 × 10^288 |
| 61 | ov_061 | 4.5991018987687776 × 10^288 |
| 60 | ov_060 | 1.1173830958502313 × 10^289 |
| 59 | ov_059 | 2.3229249765264127 × 10^289 |
| 58 | ov_058 | 4.289435431633548 × 10^289 |
| 57 | ov_057 | 7.229815707599212 × 10^289 |
| 56 | ov_056 | 1.1356972160584347 × 10^290 |
| 55 | ov_055 | 1.807059970038186 × 10^290 |
| 54 | ov_054 | 3.0383031808356086 × 10^290 |
| 53 | ov_053 | 5.173253325572998 × 10^290 |
| 52 | ov_052 | 8.598341411806553 × 10^290 |
| 51 | ov_051 | 1.3742621142044383 × 10^291 |
| 50 | ov_050 | 2.1077799785374007 × 10^291 |
| 49 | ov_049 | 3.1118294118355685 × 10^291 |
| 48 | ov_048 | 4.442132963085306 × 10^291 |
| 47 | ov_047 | 6.158710489782736 × 10^291 |
| 46 | ov_046 | 8.32590459033178 × 10^291 |
| 32 | lv_80_k31 | 8.778785726003327 × 10^291 |
| 45 | ov_045 | 1.097916199280215 × 10^292 |
| 44 | ov_044 | 1.4156150463981053 × 10^292 |
| 43 | ov_043 | 1.7896798895583116 × 10^292 |
| 42 | ov_042 | 2.2243349262903777 × 10^292 |
| 41 | ov_041 | 2.7282664490345537 × 10^292 |
| 40 | ov_040 | 3.3106447489397503 × 10^292 |
| 31 | ov_031 | 3.631910054235211 × 10^292 |
| 39 | ov_039 | 3.981142376772908 × 10^292 |
| 38 | ov_038 | 4.749956364850626 × 10^292 |
| 37 | ov_037 | 5.627834937533616 × 10^292 |
| 36 | ov_036 | 6.626109273726183 × 10^292 |
| 35 | ov_035 | 7.756730922392727 × 10^292 |
| 34 | ov_034 | 9.032315511583235 × 10^292 |
| 33 | ov_033 | 1.0466193433108383 × 10^293 |
| 30 | ov_030 | 1.502117482138696 × 10^293 |
| 29 | ov_029 | 4.546197690671511 × 10^293 |
| 28 | ov_028 | 1.104862891027885 × 10^294 |
| 27 | ov_027 | 2.297694335455391 × 10^294 |
| 26 | ov_026 | 4.786794882251726 × 10^294 |
| 25 | ov_025 | 1.029062034798187 × 10^295 |
| 24 | ov_024 | 2.0949820726450876 × 10^295 |
| 23 | ov_023 | 3.932725973984391 × 10^295 |
| 22 | ov_022 | 6.840805701382963 × 10^295 |
| 21 | ov_021 | 1.1159966672221031 × 10^296 |
| 20 | ov_020 | 1.7273200874346016 × 10^296 |
| 19 | ov_019 | 2.56057669219862 × 10^296 |
| 18 | ov_018 | 3.6625219942218455 × 10^296 |
| 17 | ov_017 | 5.084145935533467 × 10^296 |
| 16 | ov_016 | 6.880681143669896 × 10^296 |
| 15 | ov_015 | 9.111617127626104 × 10^296 |
| 14 | ov_014 | 1.1840723334671737 × 10^297 |
| 13 | ov_013 | 1.513608433006264 × 10^297 |
| 12 | ov_012 | 1.9070150702824453 × 10^297 |
| 11 | ov_011 | 2.3719809642308985 × 10^297 |
| 10 | ov_010 | 2.916647947240868 × 10^297 |
| 9 | ov_009 | 3.549623277360053 × 10^297 |
| 8 | ov_008 | 4.2799952735445953 × 10^297 |
| 7 | ov_007 | 5.1173526710166755 × 10^297 |
| 6 | ov_006 | 6.071808020351512 × 10^297 |
| 5 | ov_005 | 7.154025440779696 × 10^297 |
| 4 | ov_004 | 8.375253098755913 × 10^297 |
| 3 | ov_003 | 9.747360930748731 × 10^297 |
| 2 | ov_002 | 1.1276788811845283 × 10^298 |
| 1 | ov_001 | 1.297034794153083 × 10^298 |

