# Results for F001-F002-F003-F004-F005-F006-F007-F008-F009-F010-F011-F012-F013-F014-F015-F016-F017-F018-F019-F020-F021-F022-F023-F024-F025-F026-F027-F028-F029-F030-F031-F032-F033-F034-F035-F036-F037-F038-F039-F040-F041-F042-F043-F044-F045-F046-F047-F048-F049-F050-F051-F052-F053-F054-F055-F056-F057-F058-F059-F060-F061-F062-F063-F064-F065-F066-F067-F068-F069-F070-F071-F072-F073-F074-F075-F076-F077-F078-F079-F080-F081-F082-F083-F084-F085-F086-F087-F088-F089-F090-F091-F092-F093-F094-F095-F096-F097-F098-F099-F100-F101-F102-F103-F104-F105-F106-F107-F108-F109-F110-F111-F112-F113-F114-F115-F116-F117-F118-F119-F120-F121-F122-F123-F124-F125-F126-F127-F128-F129-F130-F131-F132-F133-F134-F135-F136-F137-F138-F139-F140-F141-F142-F143-F144-F145-F146-F147-F148-F149-F150-F151-F152-F153-F154-F155-F156-F157-F158-F159-F160-F161-F162-F163-F164-F165-F166-F167-F168-F169-F170-F171-F172-F173-F174-F175-F176-F177-F178-F179-F180-F181-F182-F183-F184-F185-F186-F187-F188-F189-F190-F191-F192-F193-F194-F195-F196-F197-F198-F199-F200-F201-F202-F203-F204-F205-F206-F207-F208-F209-F210-F211-F212-F213-F214-F215-F216-F217-F218-F219-F220-F221-F222-F223-F224-F225-F226-F227-F228-F229-F230-F231-F232-F233-F234-F235-F236-F237-F238-F239-F240-F241-F242-F243-F244-F245-F246-F247-F248-F249-F250-F251-F252-F253-F254-F255-F256-F257-F258-F259-F260-F261-F262-F263-F264-F265-F266-F267-F268-F269-F270-F271-F272-F273-F274-F275-F276-F277-F278-F279-F280-F281-F282-F283-F284-F285-F286-F287-F288-F289-F290-F291-F292-F293-F294-F295-F296-F297-F298-F299-F300-F301-F302-F303-F304-F305-F306-F307-F308-F309-F310-F311-F312-F313-F314-F315-F316-F317-F318-F319-F320-F321-F322-F323-F324-F325-F326-F327-F328-F329-F330-F331-F332-F333-F334-F335-F336-F337-F338-F339-F340-F341-F342-F343-F344-F345-F346-F347-F348-F349-F350-F351-F352-F353-F354-F355-F356-F357-F358-F359-F360-F361-F362-F363-F364-F365-F366-F367-F368-F369-F370-F371-F372-F373-F374-F375-F376-F377-F378-F379-F380-F381-F382-F383-F384-F385-F386-F387-F388-F389-F390-F391-F392-F393-F394-F395-F396-F397-F398-F399-F400-F401-F402-F403-F404-F405-F406-F407-F408-F409-F410-F411-F412-F413-F414-F415-F416-F417-F418-F419-F420-F421-F422-F423-F424-F425-F426-F427-F428-F429-F430-F431-F432-F433-F434-F435-F436-F437-F438-F439-F440-F441-F442-F443-F444-F445-F446-F447-F448-F449-F450-F451-F452-F453-F454-F455-F456-F457-F458-F459-F460-F461-F462-F463-F464-F465-F466-F467-F468-F469-F470-F471-F472-F473-F474-F475-F476-F477-F478-F479-F480-F481-F482-F483-F484-F485-F486-F487-F488-F489-F490-F491-F492-F493-F494-F495-F496-F497-F498-F499-F500-F501-E506508-T510-F512

## Summary

Number of input bits: 512  
Number of free input bits: 8  
Number of output bits: 160

Number of direct occurrences: 33718  
Number of assignments: 31325  
Number of operations: 11824083
(xor: 11793493,
and: 17481,
or: 13109)

Total complexity: 2.46251429691093 × 10^306

Least occurring input variable: iv_505 (4012)  
Most occurring input variable: iv_506 (4522)

Most co-occurring input variables: iv_506-iv_507 (2094)  
Least co-occurring input variables: iv_505-iv_511 (1880)

Potentially most occurring input variable: iv_506/iv_509 (4701)  
Potentially least occurring input variable: iv_504/iv_505 (4331)

Least output occurring input variable: iv_505 (64)  
Most output occurring input variable: iv_504 (89)

Most output co-occurring input variables: iv_503-iv_504 (48)  
Least output co-occurring input variables: iv_502-iv_505 (30)

Potentially most output occurring input variable: iv_504/iv_507 (93)  
Potentially least output occurring input variable: iv_505/iv_509 (70)

Least complex input bit: iv_511 (6.681316246117595 × 10^302)  
Most complex input bit: iv_509 (8.007025857541768 × 10^305)

Least complex output bit: aaa_76_29 (5.121558988159199 × 10^280)  
Most complex output bit: ov_001 (3.9140361456477223 × 10^305)

Least complex input/output complexity: iv_511/aaa_76_29 (1.3895860550317573 × 10^277)  
Most complex input/output complexity: iv_509/ov_001 (1.2726743826368112 × 10^305)

Input variable with highest collision probability: iv_503 (½^160.00000000000017)

## Input Bits

### Input Bits in Regular Order

| Input Bit | Complexity | Occurrences | Output Occurrences | Collision Probability |
|:---------:|:----------:|:-----------:|:------------------:|:---------------------:|
| iv_502 | 4.3692614676503554 × 10^304 | 4144 | 81 | ½^160.00000000000065 |
| iv_503 | 7.716975352455672 × 10^304 | 4158 | 83 | ½^160.00000000000017 |
| iv_504 | 1.2732998794465687 × 10^305 | 4091 | 89 | ½^160.0000000000007 |
| iv_505 | 2.0084800620767195 × 10^305 | 4012 | 64 | ½^160.00000000000068 |
| iv_506 | 7.566941482181563 × 10^305 | 4522 | 79 | ½^160.00000000000102 |
| iv_507 | 4.554090689606 × 10^305 | 4292 | 78 | ½^160.00000000000065 |
| iv_509 | 8.007025857541768 × 10^305 | 4271 | 76 | ½^160.0000000000008 |
| iv_511 | 6.681316246117595 × 10^302 | 4228 | 80 | ½^160.0000000000007 |

### Input Bits Sorted by Complexity

| Input Bit | Complexity | Occurrences | Output Occurrences | Collision Probability |
|:---------:|:----------:|:-----------:|:------------------:|:---------------------:|
| iv_511 | 6.681316246117595 × 10^302 | 4228 | 80 | ½^160.0000000000007 |
| iv_502 | 4.3692614676503554 × 10^304 | 4144 | 81 | ½^160.00000000000065 |
| iv_503 | 7.716975352455672 × 10^304 | 4158 | 83 | ½^160.00000000000017 |
| iv_504 | 1.2732998794465687 × 10^305 | 4091 | 89 | ½^160.0000000000007 |
| iv_505 | 2.0084800620767195 × 10^305 | 4012 | 64 | ½^160.00000000000068 |
| iv_507 | 4.554090689606 × 10^305 | 4292 | 78 | ½^160.00000000000065 |
| iv_506 | 7.566941482181563 × 10^305 | 4522 | 79 | ½^160.00000000000102 |
| iv_509 | 8.007025857541768 × 10^305 | 4271 | 76 | ½^160.0000000000008 |

### Input Bits Sorted by Occurrences

| Input Bit | Complexity | Occurrences | Output Occurrences | Collision Probability |
|:---------:|:----------:|:-----------:|:------------------:|:---------------------:|
| iv_505 | 2.0084800620767195 × 10^305 | 4012 | 64 | ½^160.00000000000068 |
| iv_504 | 1.2732998794465687 × 10^305 | 4091 | 89 | ½^160.0000000000007 |
| iv_502 | 4.3692614676503554 × 10^304 | 4144 | 81 | ½^160.00000000000065 |
| iv_503 | 7.716975352455672 × 10^304 | 4158 | 83 | ½^160.00000000000017 |
| iv_511 | 6.681316246117595 × 10^302 | 4228 | 80 | ½^160.0000000000007 |
| iv_509 | 8.007025857541768 × 10^305 | 4271 | 76 | ½^160.0000000000008 |
| iv_507 | 4.554090689606 × 10^305 | 4292 | 78 | ½^160.00000000000065 |
| iv_506 | 7.566941482181563 × 10^305 | 4522 | 79 | ½^160.00000000000102 |

### Input Bits Sorted by Output Occurrences

| Input Bit | Complexity | Occurrences | Output Occurrences | Collision Probability |
|:---------:|:----------:|:-----------:|:------------------:|:---------------------:|
| iv_505 | 2.0084800620767195 × 10^305 | 4012 | 64 | ½^160.00000000000068 |
| iv_509 | 8.007025857541768 × 10^305 | 4271 | 76 | ½^160.0000000000008 |
| iv_507 | 4.554090689606 × 10^305 | 4292 | 78 | ½^160.00000000000065 |
| iv_506 | 7.566941482181563 × 10^305 | 4522 | 79 | ½^160.00000000000102 |
| iv_511 | 6.681316246117595 × 10^302 | 4228 | 80 | ½^160.0000000000007 |
| iv_502 | 4.3692614676503554 × 10^304 | 4144 | 81 | ½^160.00000000000065 |
| iv_503 | 7.716975352455672 × 10^304 | 4158 | 83 | ½^160.00000000000017 |
| iv_504 | 1.2732998794465687 × 10^305 | 4091 | 89 | ½^160.0000000000007 |

### Input Bits Sorted by Collision Probability

| Input Bit | Complexity | Occurrences | Output Occurrences | Collision Probability |
|:---------:|:----------:|:-----------:|:------------------:|:---------------------:|
| iv_503 | 7.716975352455672 × 10^304 | 4158 | 83 | ½^160.00000000000017 |
| iv_502 | 4.3692614676503554 × 10^304 | 4144 | 81 | ½^160.00000000000065 |
| iv_507 | 4.554090689606 × 10^305 | 4292 | 78 | ½^160.00000000000065 |
| iv_505 | 2.0084800620767195 × 10^305 | 4012 | 64 | ½^160.00000000000068 |
| iv_511 | 6.681316246117595 × 10^302 | 4228 | 80 | ½^160.0000000000007 |
| iv_504 | 1.2732998794465687 × 10^305 | 4091 | 89 | ½^160.0000000000007 |
| iv_509 | 8.007025857541768 × 10^305 | 4271 | 76 | ½^160.0000000000008 |
| iv_506 | 7.566941482181563 × 10^305 | 4522 | 79 | ½^160.00000000000102 |

## Input Bit/Output Bit Collision Probabilities

| Input Bit | Output Bit | Collision Probability |
|:---------:|:----------:|:---------------------:|
| iv_503 | ov_076 | 0.5000000000000026 |
| iv_503 | aaa_76_28 | 0.5000000000000024 |
| iv_504 | ov_085 | 0.5000000000000024 |
| iv_511 | lv_79_m31 | 0.5000000000000024 |
| iv_511 | ov_144 | 0.5000000000000024 |
| iv_503 | aaa_78_28 | 0.5000000000000022 |
| iv_503 | ov_132 | 0.5000000000000022 |
| iv_503 | ov_027 | 0.5000000000000021 |

## Input Bit Co-occurrences

### Input Bit Co-occurrences Sorted by Co-occurrences

| Input Bits | Co-occurrences | Potential Occurrences | Output Co-occurrences | Potential Output Occurrences |
|:----------:|:--------------:|:---------------------:|:---------------------:|:----------------------------:|
| iv_506-iv_507 | 2094 | 4626 | 38 | 81 |
| iv_507-iv_509 | 2049 | 4465 | 39 | 76 |
| iv_506-iv_511 | 2048 | 4654 | 39 | 81 |
| iv_506-iv_509 | 2046 | 4701 | 36 | 83 |
| iv_502-iv_506 | 2027 | 4612 | 37 | 86 |
| iv_503-iv_506 | 2020 | 4640 | 38 | 86 |
| iv_502-iv_507 | 2010 | 4416 | 40 | 79 |
| iv_504-iv_507 | 2003 | 4377 | 37 | 93 |

### Input Bit Co-occurrences Sorted by Potential Occurrences

| Input Bits | Co-occurrences | Potential Occurrences | Output Co-occurrences | Potential Output Occurrences |
|:----------:|:--------------:|:---------------------:|:---------------------:|:----------------------------:|
| iv_504-iv_505 | 1886 | 4331 | 31 | 91 |
| iv_502-iv_505 | 1907 | 4342 | 30 | 85 |
| iv_502-iv_503 | 1976 | 4350 | 43 | 78 |
| iv_504-iv_507 | 2003 | 4377 | 37 | 93 |
| iv_503-iv_511 | 2002 | 4382 | 39 | 85 |
| iv_503-iv_505 | 1894 | 4382 | 33 | 81 |
| iv_502-iv_504 | 1925 | 4385 | 43 | 84 |
| iv_502-iv_511 | 1990 | 4392 | 40 | 81 |

### Input Bit Output Co-occurrences Sorted by Output Co-occurrences

| Input Bits | Co-occurrences | Potential Occurrences | Output Co-occurrences | Potential Output Occurrences |
|:----------:|:--------------:|:---------------------:|:---------------------:|:----------------------------:|
| iv_503-iv_504 | 1890 | 4469 | 48 | 76 |
| iv_502-iv_503 | 1976 | 4350 | 43 | 78 |
| iv_502-iv_504 | 1925 | 4385 | 43 | 84 |
| iv_502-iv_509 | 1947 | 4521 | 43 | 71 |
| iv_509-iv_511 | 2002 | 4495 | 43 | 70 |
| iv_503-iv_507 | 1974 | 4502 | 42 | 77 |
| iv_503-iv_509 | 1902 | 4625 | 42 | 75 |
| iv_504-iv_511 | 1940 | 4439 | 42 | 85 |

### Input Bit Output Co-occurrences Sorted by Potential Output Occurrences

| Input Bits | Co-occurrences | Potential Occurrences | Output Co-occurrences | Potential Output Occurrences |
|:----------:|:--------------:|:---------------------:|:---------------------:|:----------------------------:|
| iv_505-iv_509 | 1928 | 4427 | 35 | 70 |
| iv_509-iv_511 | 2002 | 4495 | 43 | 70 |
| iv_502-iv_509 | 1947 | 4521 | 43 | 71 |
| iv_503-iv_509 | 1902 | 4625 | 42 | 75 |
| iv_503-iv_504 | 1890 | 4469 | 48 | 76 |
| iv_505-iv_507 | 1918 | 4468 | 33 | 76 |
| iv_507-iv_509 | 2049 | 4465 | 39 | 76 |
| iv_503-iv_507 | 1974 | 4502 | 42 | 77 |

## Output Bits

### Output Bits in Regular Order

| Rank | Output Bit | Complexity |
|:----:|:----------:|:----------:|
| 1 | ov_001 | 3.9140361456477223 × 10^305 |
| 2 | ov_002 | 3.403042181242485 × 10^305 |
| 3 | ov_003 | 2.9415563374482687 × 10^305 |
| 4 | ov_004 | 2.527525679210767 × 10^305 |
| 5 | ov_005 | 2.159009182642935 × 10^305 |
| 6 | ov_006 | 1.832429030720232 × 10^305 |
| 7 | ov_007 | 1.544394614585972 × 10^305 |
| 8 | ov_008 | 1.2916910693649367 × 10^305 |
| 9 | ov_009 | 1.0712694226094002 × 10^305 |
| 10 | ov_010 | 8.802382050125552 × 10^304 |
| 11 | ov_011 | 7.15856405773446 × 10^304 |
| 12 | ov_012 | 5.755276742020751 × 10^304 |
| 13 | ov_013 | 4.567956649944945 × 10^304 |
| 14 | ov_014 | 3.57340401333971 × 10^304 |
| 15 | ov_015 | 2.749755086761424 × 10^304 |
| 16 | ov_016 | 2.0764617246918326 × 10^304 |
| 17 | ov_017 | 1.5342768393708068 × 10^304 |
| 18 | ov_018 | 1.1052444889557598 × 10^304 |
| 19 | ov_019 | 7.726934539045018 × 10^303 |
| 20 | ov_020 | 5.212332675578701 × 10^303 |
| 21 | ov_021 | 3.367518192892068 × 10^303 |
| 22 | ov_022 | 2.06413882952558 × 10^303 |
| 23 | ov_023 | 1.1866016835517956 × 10^303 |
| 24 | ov_024 | 6.320668449813774 × 10^302 |
| 25 | ov_025 | 3.1044322980948894 × 10^302 |
| 26 | ov_026 | 1.4438608056009521 × 10^302 |
| 27 | ov_027 | 6.929562494038241 × 10^301 |
| 28 | ov_028 | 3.331645355022507 × 10^301 |
| 29 | ov_029 | 1.3706907319375552 × 10^301 |
| 30 | ov_030 | 4.528479318592932 × 10^300 |
| 31 | ov_031 | 1.0948580369193636 × 10^300 |
| 32 | lv_80_m31 | 2.646361264151708 × 10^299 |
| 33 | ov_033 | 3.15465880832835 × 10^300 |
| 34 | ov_034 | 2.721146400709032 × 10^300 |
| 35 | ov_035 | 2.3359786420619384 × 10^300 |
| 36 | ov_036 | 1.9949224074672362 × 10^300 |
| 37 | ov_037 | 1.6939727498631476 × 10^300 |
| 38 | ov_038 | 1.4293366234235994 × 10^300 |
| 39 | ov_039 | 1.1974188173673092 × 10^300 |
| 40 | ov_040 | 9.948098926589323 × 10^299 |
| 41 | ov_041 | 8.182759248050301 × 10^299 |
| 42 | ov_042 | 6.647498663516502 × 10^299 |
| 43 | ov_043 | 5.327389287106684 × 10^299 |
| 44 | ov_044 | 4.194895134557844 × 10^299 |
| 45 | ov_045 | 3.236625980440531 × 10^299 |
| 46 | ov_046 | 2.4399257626868805 × 10^299 |
| 47 | ov_047 | 1.792855725725796 × 10^299 |
| 48 | ov_048 | 1.2841814140983248 × 10^299 |
| 49 | ov_049 | 8.935104002245944 × 10^298 |
| 50 | ov_050 | 6.018201502822147 × 10^298 |
| 51 | ov_051 | 3.9144978374928724 × 10^298 |
| 52 | ov_052 | 2.460947532130608 × 10^298 |
| 53 | ov_053 | 1.5080363874370145 × 10^298 |
| 54 | ov_054 | 9.197634521501683 × 10^297 |
| 55 | ov_055 | 5.7363111840147474 × 10^297 |
| 56 | ov_056 | 3.6063932843482014 × 10^297 |
| 57 | ov_057 | 2.296618845490698 × 10^297 |
| 58 | ov_058 | 1.3631886497117446 × 10^297 |
| 59 | ov_059 | 7.386515422896528 × 10^296 |
| 60 | ov_060 | 3.5555792573657736 × 10^296 |
| 61 | ov_061 | 1.464586971345841 × 10^296 |
| 62 | ov_062 | 4.843919089525336 × 10^295 |
| 63 | ov_063 | 1.1723691633176543 × 10^295 |
| 64 | lv_79_m31 | 2.836444853243205 × 10^294 |
| 65 | ov_065 | 3.343989597490243 × 10^295 |
| 66 | ov_066 | 3.3439819428062133 × 10^295 |
| 67 | ov_067 | 3.3439795045738326 × 10^295 |
| 68 | ov_068 | 2.890548327960462 × 10^295 |
| 69 | ov_069 | 2.4835181135000397 × 10^295 |
| 70 | ov_070 | 2.121013636357714 × 10^295 |
| 71 | ov_071 | 1.7995779291402222 × 10^295 |
| 72 | ov_072 | 1.5159334437715347 × 10^295 |
| 73 | ov_073 | 1.2669702478241743 × 10^295 |
| 74 | ov_074 | 1.0497359935581799 × 10^295 |
| 75 | ov_075 | 8.614274773180147 × 10^294 |
| 76 | ov_076 | 6.99383616594132 × 10^294 |
| 77 | ov_077 | 5.610796814099305 × 10^294 |
| 78 | ov_078 | 4.4412262580750965 × 10^294 |
| 79 | ov_079 | 3.462473741293574 × 10^294 |
| 80 | ov_080 | 2.6531392557238788 × 10^294 |
| 81 | ov_081 | 1.9930514916261388 × 10^294 |
| 82 | ov_082 | 1.4632514989350505 × 10^294 |
| 83 | ov_083 | 1.0459809531276799 × 10^294 |
| 84 | ov_084 | 7.246740034934652 × 10^293 |
| 85 | ov_085 | 4.8395176658261375 × 10^293 |
| 86 | ov_086 | 3.0961861234469864 × 10^293 |
| 87 | ov_087 | 1.886595446705577 × 10^293 |
| 88 | ov_088 | 1.092382607083962 × 10^293 |
| 89 | ov_089 | 6.069572424157037 × 10^292 |
| 90 | ov_090 | 3.3549168533213304 × 10^292 |
| 91 | ov_091 | 1.949144404824513 × 10^292 |
| 92 | ov_092 | 1.1390627179601787 × 10^292 |
| 93 | ov_093 | 5.974527410584925 × 10^291 |
| 94 | ov_094 | 2.655699547453669 × 10^291 |
| 95 | aaa_78_28 | 8.467073691656639 × 10^290 |
| 96 | aaa_78_29 | 3.166921623740866 × 10^290 |
| 97 | ov_097 | 2.834789164477676 × 10^290 |
| 98 | ov_098 | 2.8347752603803055 × 10^290 |
| 99 | ov_099 | 2.834770823243536 × 10^290 |
| 100 | ov_100 | 2.435940170532265 × 10^290 |
| 101 | ov_101 | 2.0807931918753318 × 10^290 |
| 102 | ov_102 | 1.7659206313914666 × 10^290 |
| 103 | ov_103 | 1.4880987045532702 × 10^290 |
| 104 | ov_104 | 1.2442754664903258 × 10^290 |
| 105 | ov_105 | 1.031558993314064 × 10^290 |
| 106 | ov_106 | 8.472072089426286 × 10^289 |
| 107 | ov_107 | 6.886191987777012 × 10^289 |
| 108 | ov_108 | 5.533278601017218 × 10^289 |
| 109 | ov_109 | 4.389937472869798 × 10^289 |
| 110 | ov_110 | 3.43399977894175 × 10^289 |
| 111 | ov_111 | 2.6444807353669814 × 10^289 |
| 112 | ov_112 | 2.0015461704083143 × 10^289 |
| 113 | ov_113 | 1.4864861497763091 × 10^289 |
| 114 | ov_114 | 1.0816946210891166 × 10^289 |
| 115 | ov_115 | 7.706541170098993 × 10^288 |
| 116 | ov_116 | 5.379246303400051 × 10^288 |
| 117 | ov_117 | 3.6913584785433324 × 10^288 |
| 118 | ov_118 | 2.509820030334631 × 10^288 |
| 119 | ov_119 | 1.7121868113295016 × 10^288 |
| 120 | ov_120 | 1.1866098327168767 × 10^288 |
| 121 | ov_121 | 8.318252943926378 × 10^287 |
| 122 | ov_122 | 5.571489566329654 × 10^287 |
| 123 | ov_123 | 3.520069817817812 × 10^287 |
| 124 | ov_124 | 2.058267739714418 × 10^287 |
| 125 | ov_125 | 1.0803634992120974 × 10^287 |
| 126 | ov_126 | 4.80639774110613 × 10^286 |
| 127 | aaa_77_28 | 1.5338004367702574 × 10^286 |
| 128 | aaa_77_29 | 5.744644578432857 × 10^285 |
| 129 | ov_129 | 5.23454150119471 × 10^285 |
| 130 | ov_130 | 5.234529051360641 × 10^285 |
| 131 | ov_131 | 5.234525056026692 × 10^285 |
| 132 | ov_132 | 4.5213242351093615 × 10^285 |
| 133 | ov_133 | 3.8839079793960647 × 10^285 |
| 134 | ov_134 | 3.3164573784338285 × 10^285 |
| 135 | ov_135 | 2.813474995454944 × 10^285 |
| 136 | ov_136 | 2.369761318465045 × 10^285 |
| 137 | ov_137 | 1.98039429070873 × 10^285 |
| 138 | ov_138 | 1.640711692680037 × 10^285 |
| 139 | ov_139 | 1.3462961054959342 × 10^285 |
| 140 | ov_140 | 1.0929621816978267 × 10^285 |
| 141 | ov_141 | 8.767459644289853 × 10^284 |
| 142 | ov_142 | 6.938960105033732 × 10^284 |
| 143 | ov_143 | 5.40866099831784 × 10^284 |
| 144 | ov_144 | 4.143093530685761 × 10^284 |
| 145 | ov_145 | 3.1107359337789597 × 10^284 |
| 146 | ov_146 | 2.28197776931955 × 10^284 |
| 147 | ov_147 | 1.6290931803476333 × 10^284 |
| 148 | ov_148 | 1.1262214863279156 × 10^284 |
| 149 | ov_149 | 7.493536582209593 × 10^283 |
| 150 | ov_150 | 4.763233479708156 × 10^283 |
| 151 | ov_151 | 2.8680128513710506 × 10^283 |
| 152 | ov_152 | 1.622919916236618 × 10^283 |
| 153 | ov_153 | 8.613194330362876 × 10^282 |
| 154 | ov_154 | 4.348855584834723 × 10^282 |
| 155 | ov_155 | 2.135961473916029 × 10^282 |
| 156 | aaa_76_25 | 8.57296438919108 × 10^281 |
| 157 | aaa_76_26 | 5.274162341720341 × 10^281 |
| 158 | aaa_76_27 | 2.8902390723114167 × 10^281 |
| 159 | aaa_76_28 | 1.3611442684449489 × 10^281 |
| 160 | aaa_76_29 | 5.121558988159199 × 10^280 |

### Output Bits Sorted by Complexity

| Rank | Output Bit | Complexity |
|:----:|:----------:|:----------:|
| 160 | aaa_76_29 | 5.121558988159199 × 10^280 |
| 159 | aaa_76_28 | 1.3611442684449489 × 10^281 |
| 158 | aaa_76_27 | 2.8902390723114167 × 10^281 |
| 157 | aaa_76_26 | 5.274162341720341 × 10^281 |
| 156 | aaa_76_25 | 8.57296438919108 × 10^281 |
| 155 | ov_155 | 2.135961473916029 × 10^282 |
| 154 | ov_154 | 4.348855584834723 × 10^282 |
| 153 | ov_153 | 8.613194330362876 × 10^282 |
| 152 | ov_152 | 1.622919916236618 × 10^283 |
| 151 | ov_151 | 2.8680128513710506 × 10^283 |
| 150 | ov_150 | 4.763233479708156 × 10^283 |
| 149 | ov_149 | 7.493536582209593 × 10^283 |
| 148 | ov_148 | 1.1262214863279156 × 10^284 |
| 147 | ov_147 | 1.6290931803476333 × 10^284 |
| 146 | ov_146 | 2.28197776931955 × 10^284 |
| 145 | ov_145 | 3.1107359337789597 × 10^284 |
| 144 | ov_144 | 4.143093530685761 × 10^284 |
| 143 | ov_143 | 5.40866099831784 × 10^284 |
| 142 | ov_142 | 6.938960105033732 × 10^284 |
| 141 | ov_141 | 8.767459644289853 × 10^284 |
| 140 | ov_140 | 1.0929621816978267 × 10^285 |
| 139 | ov_139 | 1.3462961054959342 × 10^285 |
| 138 | ov_138 | 1.640711692680037 × 10^285 |
| 137 | ov_137 | 1.98039429070873 × 10^285 |
| 136 | ov_136 | 2.369761318465045 × 10^285 |
| 135 | ov_135 | 2.813474995454944 × 10^285 |
| 134 | ov_134 | 3.3164573784338285 × 10^285 |
| 133 | ov_133 | 3.8839079793960647 × 10^285 |
| 132 | ov_132 | 4.5213242351093615 × 10^285 |
| 131 | ov_131 | 5.234525056026692 × 10^285 |
| 130 | ov_130 | 5.234529051360641 × 10^285 |
| 129 | ov_129 | 5.23454150119471 × 10^285 |
| 128 | aaa_77_29 | 5.744644578432857 × 10^285 |
| 127 | aaa_77_28 | 1.5338004367702574 × 10^286 |
| 126 | ov_126 | 4.80639774110613 × 10^286 |
| 125 | ov_125 | 1.0803634992120974 × 10^287 |
| 124 | ov_124 | 2.058267739714418 × 10^287 |
| 123 | ov_123 | 3.520069817817812 × 10^287 |
| 122 | ov_122 | 5.571489566329654 × 10^287 |
| 121 | ov_121 | 8.318252943926378 × 10^287 |
| 120 | ov_120 | 1.1866098327168767 × 10^288 |
| 119 | ov_119 | 1.7121868113295016 × 10^288 |
| 118 | ov_118 | 2.509820030334631 × 10^288 |
| 117 | ov_117 | 3.6913584785433324 × 10^288 |
| 116 | ov_116 | 5.379246303400051 × 10^288 |
| 115 | ov_115 | 7.706541170098993 × 10^288 |
| 114 | ov_114 | 1.0816946210891166 × 10^289 |
| 113 | ov_113 | 1.4864861497763091 × 10^289 |
| 112 | ov_112 | 2.0015461704083143 × 10^289 |
| 111 | ov_111 | 2.6444807353669814 × 10^289 |
| 110 | ov_110 | 3.43399977894175 × 10^289 |
| 109 | ov_109 | 4.389937472869798 × 10^289 |
| 108 | ov_108 | 5.533278601017218 × 10^289 |
| 107 | ov_107 | 6.886191987777012 × 10^289 |
| 106 | ov_106 | 8.472072089426286 × 10^289 |
| 105 | ov_105 | 1.031558993314064 × 10^290 |
| 104 | ov_104 | 1.2442754664903258 × 10^290 |
| 103 | ov_103 | 1.4880987045532702 × 10^290 |
| 102 | ov_102 | 1.7659206313914666 × 10^290 |
| 101 | ov_101 | 2.0807931918753318 × 10^290 |
| 100 | ov_100 | 2.435940170532265 × 10^290 |
| 99 | ov_099 | 2.834770823243536 × 10^290 |
| 98 | ov_098 | 2.8347752603803055 × 10^290 |
| 97 | ov_097 | 2.834789164477676 × 10^290 |
| 96 | aaa_78_29 | 3.166921623740866 × 10^290 |
| 95 | aaa_78_28 | 8.467073691656639 × 10^290 |
| 94 | ov_094 | 2.655699547453669 × 10^291 |
| 93 | ov_093 | 5.974527410584925 × 10^291 |
| 92 | ov_092 | 1.1390627179601787 × 10^292 |
| 91 | ov_091 | 1.949144404824513 × 10^292 |
| 90 | ov_090 | 3.3549168533213304 × 10^292 |
| 89 | ov_089 | 6.069572424157037 × 10^292 |
| 88 | ov_088 | 1.092382607083962 × 10^293 |
| 87 | ov_087 | 1.886595446705577 × 10^293 |
| 86 | ov_086 | 3.0961861234469864 × 10^293 |
| 85 | ov_085 | 4.8395176658261375 × 10^293 |
| 84 | ov_084 | 7.246740034934652 × 10^293 |
| 83 | ov_083 | 1.0459809531276799 × 10^294 |
| 82 | ov_082 | 1.4632514989350505 × 10^294 |
| 81 | ov_081 | 1.9930514916261388 × 10^294 |
| 80 | ov_080 | 2.6531392557238788 × 10^294 |
| 64 | lv_79_m31 | 2.836444853243205 × 10^294 |
| 79 | ov_079 | 3.462473741293574 × 10^294 |
| 78 | ov_078 | 4.4412262580750965 × 10^294 |
| 77 | ov_077 | 5.610796814099305 × 10^294 |
| 76 | ov_076 | 6.99383616594132 × 10^294 |
| 75 | ov_075 | 8.614274773180147 × 10^294 |
| 74 | ov_074 | 1.0497359935581799 × 10^295 |
| 63 | ov_063 | 1.1723691633176543 × 10^295 |
| 73 | ov_073 | 1.2669702478241743 × 10^295 |
| 72 | ov_072 | 1.5159334437715347 × 10^295 |
| 71 | ov_071 | 1.7995779291402222 × 10^295 |
| 70 | ov_070 | 2.121013636357714 × 10^295 |
| 69 | ov_069 | 2.4835181135000397 × 10^295 |
| 68 | ov_068 | 2.890548327960462 × 10^295 |
| 67 | ov_067 | 3.3439795045738326 × 10^295 |
| 66 | ov_066 | 3.3439819428062133 × 10^295 |
| 65 | ov_065 | 3.343989597490243 × 10^295 |
| 62 | ov_062 | 4.843919089525336 × 10^295 |
| 61 | ov_061 | 1.464586971345841 × 10^296 |
| 60 | ov_060 | 3.5555792573657736 × 10^296 |
| 59 | ov_059 | 7.386515422896528 × 10^296 |
| 58 | ov_058 | 1.3631886497117446 × 10^297 |
| 57 | ov_057 | 2.296618845490698 × 10^297 |
| 56 | ov_056 | 3.6063932843482014 × 10^297 |
| 55 | ov_055 | 5.7363111840147474 × 10^297 |
| 54 | ov_054 | 9.197634521501683 × 10^297 |
| 53 | ov_053 | 1.5080363874370145 × 10^298 |
| 52 | ov_052 | 2.460947532130608 × 10^298 |
| 51 | ov_051 | 3.9144978374928724 × 10^298 |
| 50 | ov_050 | 6.018201502822147 × 10^298 |
| 49 | ov_049 | 8.935104002245944 × 10^298 |
| 48 | ov_048 | 1.2841814140983248 × 10^299 |
| 47 | ov_047 | 1.792855725725796 × 10^299 |
| 46 | ov_046 | 2.4399257626868805 × 10^299 |
| 32 | lv_80_m31 | 2.646361264151708 × 10^299 |
| 45 | ov_045 | 3.236625980440531 × 10^299 |
| 44 | ov_044 | 4.194895134557844 × 10^299 |
| 43 | ov_043 | 5.327389287106684 × 10^299 |
| 42 | ov_042 | 6.647498663516502 × 10^299 |
| 41 | ov_041 | 8.182759248050301 × 10^299 |
| 40 | ov_040 | 9.948098926589323 × 10^299 |
| 31 | ov_031 | 1.0948580369193636 × 10^300 |
| 39 | ov_039 | 1.1974188173673092 × 10^300 |
| 38 | ov_038 | 1.4293366234235994 × 10^300 |
| 37 | ov_037 | 1.6939727498631476 × 10^300 |
| 36 | ov_036 | 1.9949224074672362 × 10^300 |
| 35 | ov_035 | 2.3359786420619384 × 10^300 |
| 34 | ov_034 | 2.721146400709032 × 10^300 |
| 33 | ov_033 | 3.15465880832835 × 10^300 |
| 30 | ov_030 | 4.528479318592932 × 10^300 |
| 29 | ov_029 | 1.3706907319375552 × 10^301 |
| 28 | ov_028 | 3.331645355022507 × 10^301 |
| 27 | ov_027 | 6.929562494038241 × 10^301 |
| 26 | ov_026 | 1.4438608056009521 × 10^302 |
| 25 | ov_025 | 3.1044322980948894 × 10^302 |
| 24 | ov_024 | 6.320668449813774 × 10^302 |
| 23 | ov_023 | 1.1866016835517956 × 10^303 |
| 22 | ov_022 | 2.06413882952558 × 10^303 |
| 21 | ov_021 | 3.367518192892068 × 10^303 |
| 20 | ov_020 | 5.212332675578701 × 10^303 |
| 19 | ov_019 | 7.726934539045018 × 10^303 |
| 18 | ov_018 | 1.1052444889557598 × 10^304 |
| 17 | ov_017 | 1.5342768393708068 × 10^304 |
| 16 | ov_016 | 2.0764617246918326 × 10^304 |
| 15 | ov_015 | 2.749755086761424 × 10^304 |
| 14 | ov_014 | 3.57340401333971 × 10^304 |
| 13 | ov_013 | 4.567956649944945 × 10^304 |
| 12 | ov_012 | 5.755276742020751 × 10^304 |
| 11 | ov_011 | 7.15856405773446 × 10^304 |
| 10 | ov_010 | 8.802382050125552 × 10^304 |
| 9 | ov_009 | 1.0712694226094002 × 10^305 |
| 8 | ov_008 | 1.2916910693649367 × 10^305 |
| 7 | ov_007 | 1.544394614585972 × 10^305 |
| 6 | ov_006 | 1.832429030720232 × 10^305 |
| 5 | ov_005 | 2.159009182642935 × 10^305 |
| 4 | ov_004 | 2.527525679210767 × 10^305 |
| 3 | ov_003 | 2.9415563374482687 × 10^305 |
| 2 | ov_002 | 3.403042181242485 × 10^305 |
| 1 | ov_001 | 3.9140361456477223 × 10^305 |

