# Results for F001-F002-F003-F004-F005-F006-F007-F008-F009-F010-F011-F012-F013-F014-F015-F016-F017-F018-F019-F020-F021-F022-F023-F024-F025-F026-F027-F028-F029-F030-F031-F032-F033-F034-F035-F036-F037-F038-F039-F040-F041-F042-F043-F044-F045-F046-F047-F048-F049-F050-F051-F052-F053-F054-F055-F056-F057-F058-F059-F060-F061-F062-F063-F064-F065-F066-F067-F068-F069-F070-F071-F072-F073-F074-F075-F076-F077-F078-F079-F080-F081-F082-F083-F084-F085-F086-F087-F088-F089-F090-F091-F092-F093-F094-F095-F096-F097-F098-F099-F100-F101-F102-F103-F104-F105-F106-F107-F108-F109-F110-F111-F112-F113-F114-F115-F116-F117-F118-F119-F120-F121-F122-F123-F124-F125-F126-F127-F128-F129-F130-F131-F132-F133-F134-F135-F136-F137-F138-F139-F140-F141-F142-F143-F144-F145-F146-F147-F148-F149-F150-F151-F152-F153-F154-F155-F156-F157-F158-F159-F160-F161-F162-F163-F164-F165-F166-F167-F168-F169-F170-F171-F172-F173-F174-F175-F176-F177-F178-F179-F180-F181-F182-F183-F184-F185-F186-F187-F188-F189-F190-F191-F192-F193-F194-F195-F196-F197-F198-F199-F200-F201-F202-F203-F204-F205-F206-F207-F208-F209-F210-F211-F212-F213-F214-F215-F216-F217-F218-F219-F220-F221-F222-F223-F224-F225-F226-F227-F228-F229-F230-F231-F232-F233-F234-F235-F236-F237-F238-F239-F240-F241-F242-F243-F244-F245-F246-F247-F248-F249-F250-F251-F252-F253-F254-F255-F256-F257-F258-F259-F260-F261-F262-F263-F264-F265-F266-F267-F268-F269-F270-F271-F272-F273-F274-F275-F276-F277-F278-F279-F280-F281-F282-F283-F284-F285-F286-F287-F288-F289-F290-F291-F292-F293-F294-F295-F296-F297-F298-F299-F300-F301-F302-F303-F304-F305-F306-F307-F308-F309-F310-F311-F312-F313-F314-F315-F316-F317-F318-F319-F320-F321-F322-F323-F324-F325-F326-F327-F328-F329-F330-F331-F332-F333-F334-F335-F336-F337-F338-F339-F340-F341-F342-F343-F344-F345-F346-F347-F348-F349-F350-F351-F352-F353-F354-F355-F356-F357-F358-F359-F360-F361-F362-F363-F364-F365-F366-F367-F368-F369-F370-F371-F372-F373-F374-F375-F376-F377-F378-F379-F380-F381-F382-F383-F384-F385-F386-F387-F388-F389-F390-F391-F392-F393-F394-F395-F396-F397-F398-F399-F400-F401-F402-F403-F404-F405-F406-F407-F408-F409-F410-F411-F412-F413-F414-F415-F416-F417-F418-F419-F420-F421-F422-F423-F424-F425-F426-F427-F428-F429-F430-F431-F432-F433-F434-F435-F436-F437-F438-F439-F440-F441-F442-F443-F444-F445-F446-F447-F448-F449-F450-F451-F452-F453-F454-F455-F456-F457-F458-F459-F460-F461-F462-F463-F464-F465-F466-F467-F468-F469-F470-F471-F472-F473-F474-F475-F476-F477-F478-F479-F480-F481-F482-F483-F484-F485-F486-F487-F488-F489-F490-F491-F492-F493-F494-F495-F496-F497-F498-F499-F500-F501-F502-F503-F504

## Summary

Number of input bits: 512  
Number of free input bits: 8  
Number of output bits: 160

Number of direct occurrences: 32682  
Number of assignments: 30670  
Number of operations: 10916919
(xor: 10886675,
and: 17373,
or: 12871)

Total complexity: 2.3409179897635452 × 10^297

Least occurring input variable: iv_505 (3982)  
Most occurring input variable: iv_512 (4273)

Most co-occurring input variables: iv_511-iv_512 (2032)  
Least co-occurring input variables: iv_505-iv_506 (1790)

Potentially most occurring input variable: iv_505/iv_512 (4569)  
Potentially least occurring input variable: iv_506/iv_507 (4142)

Least output occurring input variable: iv_508 (70)  
Most output occurring input variable: iv_506 (82)

Most output co-occurring input variables: iv_506-iv_512 (45)  
Least output co-occurring input variables: iv_508-iv_512 (29)

Potentially most output occurring input variable: iv_508/iv_512 (90)  
Potentially least output occurring input variable: iv_506/iv_512 (70)

Least complex input bit: iv_505 (4.489284098495455 × 10^295)  
Most complex input bit: iv_510 (6.784736636826959 × 10^296)

Least complex output bit: aaa_76_29 (3.500242690425544 × 10^272)  
Most complex output bit: ov_001 (3.646141598067861 × 10^296)

Least complex input/output complexity: iv_505/aaa_76_29 (6.712573409113559 × 10^270)  
Most complex input/output complexity: iv_510/ov_001 (1.056769634461589 × 10^296)

Input variable with highest collision probability: iv_508 (½^160.0000000000005)

## Input Bits

### Input Bits in Regular Order

| Input Bit | Complexity | Occurrences | Output Occurrences | Collision Probability |
|:---------:|:----------:|:-----------:|:------------------:|:---------------------:|
| iv_505 | 4.489284098495455 × 10^295 | 3982 | 79 | ½^160.00000000000057 |
| iv_506 | 9.756981339776575 × 10^295 | 4009 | 82 | ½^160.0000000000005 |
| iv_507 | 1.8358552134211804 × 10^296 | 4055 | 72 | ½^160.00000000000063 |
| iv_508 | 3.0638164393914467 × 10^296 | 4043 | 70 | ½^160.0000000000005 |
| iv_509 | 4.701621165105665 × 10^296 | 4048 | 78 | ½^160.0000000000007 |
| iv_510 | 6.784736636826959 × 10^296 | 4161 | 79 | ½^160.00000000000057 |
| iv_511 | 2.568462496494298 × 10^296 | 4111 | 74 | ½^160.00000000000077 |
| iv_512 | 3.0300614025687206 × 10^296 | 4273 | 78 | ½^160.00000000000068 |

### Input Bits Sorted by Complexity

| Input Bit | Complexity | Occurrences | Output Occurrences | Collision Probability |
|:---------:|:----------:|:-----------:|:------------------:|:---------------------:|
| iv_505 | 4.489284098495455 × 10^295 | 3982 | 79 | ½^160.00000000000057 |
| iv_506 | 9.756981339776575 × 10^295 | 4009 | 82 | ½^160.0000000000005 |
| iv_507 | 1.8358552134211804 × 10^296 | 4055 | 72 | ½^160.00000000000063 |
| iv_511 | 2.568462496494298 × 10^296 | 4111 | 74 | ½^160.00000000000077 |
| iv_512 | 3.0300614025687206 × 10^296 | 4273 | 78 | ½^160.00000000000068 |
| iv_508 | 3.0638164393914467 × 10^296 | 4043 | 70 | ½^160.0000000000005 |
| iv_509 | 4.701621165105665 × 10^296 | 4048 | 78 | ½^160.0000000000007 |
| iv_510 | 6.784736636826959 × 10^296 | 4161 | 79 | ½^160.00000000000057 |

### Input Bits Sorted by Occurrences

| Input Bit | Complexity | Occurrences | Output Occurrences | Collision Probability |
|:---------:|:----------:|:-----------:|:------------------:|:---------------------:|
| iv_505 | 4.489284098495455 × 10^295 | 3982 | 79 | ½^160.00000000000057 |
| iv_506 | 9.756981339776575 × 10^295 | 4009 | 82 | ½^160.0000000000005 |
| iv_508 | 3.0638164393914467 × 10^296 | 4043 | 70 | ½^160.0000000000005 |
| iv_509 | 4.701621165105665 × 10^296 | 4048 | 78 | ½^160.0000000000007 |
| iv_507 | 1.8358552134211804 × 10^296 | 4055 | 72 | ½^160.00000000000063 |
| iv_511 | 2.568462496494298 × 10^296 | 4111 | 74 | ½^160.00000000000077 |
| iv_510 | 6.784736636826959 × 10^296 | 4161 | 79 | ½^160.00000000000057 |
| iv_512 | 3.0300614025687206 × 10^296 | 4273 | 78 | ½^160.00000000000068 |

### Input Bits Sorted by Output Occurrences

| Input Bit | Complexity | Occurrences | Output Occurrences | Collision Probability |
|:---------:|:----------:|:-----------:|:------------------:|:---------------------:|
| iv_508 | 3.0638164393914467 × 10^296 | 4043 | 70 | ½^160.0000000000005 |
| iv_507 | 1.8358552134211804 × 10^296 | 4055 | 72 | ½^160.00000000000063 |
| iv_511 | 2.568462496494298 × 10^296 | 4111 | 74 | ½^160.00000000000077 |
| iv_509 | 4.701621165105665 × 10^296 | 4048 | 78 | ½^160.0000000000007 |
| iv_512 | 3.0300614025687206 × 10^296 | 4273 | 78 | ½^160.00000000000068 |
| iv_505 | 4.489284098495455 × 10^295 | 3982 | 79 | ½^160.00000000000057 |
| iv_510 | 6.784736636826959 × 10^296 | 4161 | 79 | ½^160.00000000000057 |
| iv_506 | 9.756981339776575 × 10^295 | 4009 | 82 | ½^160.0000000000005 |

### Input Bits Sorted by Collision Probability

| Input Bit | Complexity | Occurrences | Output Occurrences | Collision Probability |
|:---------:|:----------:|:-----------:|:------------------:|:---------------------:|
| iv_508 | 3.0638164393914467 × 10^296 | 4043 | 70 | ½^160.0000000000005 |
| iv_506 | 9.756981339776575 × 10^295 | 4009 | 82 | ½^160.0000000000005 |
| iv_505 | 4.489284098495455 × 10^295 | 3982 | 79 | ½^160.00000000000057 |
| iv_510 | 6.784736636826959 × 10^296 | 4161 | 79 | ½^160.00000000000057 |
| iv_507 | 1.8358552134211804 × 10^296 | 4055 | 72 | ½^160.00000000000063 |
| iv_512 | 3.0300614025687206 × 10^296 | 4273 | 78 | ½^160.00000000000068 |
| iv_509 | 4.701621165105665 × 10^296 | 4048 | 78 | ½^160.0000000000007 |
| iv_511 | 2.568462496494298 × 10^296 | 4111 | 74 | ½^160.00000000000077 |

## Input Bit/Output Bit Collision Probabilities

| Input Bit | Output Bit | Collision Probability |
|:---------:|:----------:|:---------------------:|
| iv_510 | ov_054 | 0.5000000000000038 |
| iv_505 | ov_027 | 0.5000000000000022 |
| iv_508 | ov_002 | 0.5000000000000022 |
| iv_508 | ov_027 | 0.500000000000002 |
| iv_508 | ov_124 | 0.500000000000002 |
| iv_505 | ov_100 | 0.5000000000000019 |
| iv_508 | ov_024 | 0.5000000000000019 |
| iv_505 | ov_012 | 0.5000000000000018 |

## Input Bit Co-occurrences

### Input Bit Co-occurrences Sorted by Co-occurrences

| Input Bits | Co-occurrences | Potential Occurrences | Output Co-occurrences | Potential Output Occurrences |
|:----------:|:--------------:|:---------------------:|:---------------------:|:----------------------------:|
| iv_511-iv_512 | 2032 | 4320 | 39 | 74 |
| iv_510-iv_512 | 1995 | 4444 | 42 | 73 |
| iv_509-iv_512 | 1981 | 4359 | 37 | 82 |
| iv_506-iv_507 | 1961 | 4142 | 39 | 76 |
| iv_510-iv_511 | 1952 | 4368 | 38 | 77 |
| iv_506-iv_512 | 1951 | 4380 | 45 | 70 |
| iv_506-iv_510 | 1946 | 4278 | 44 | 73 |
| iv_508-iv_512 | 1944 | 4428 | 29 | 90 |

### Input Bit Co-occurrences Sorted by Potential Occurrences

| Input Bits | Co-occurrences | Potential Occurrences | Output Co-occurrences | Potential Output Occurrences |
|:----------:|:--------------:|:---------------------:|:---------------------:|:----------------------------:|
| iv_506-iv_507 | 1961 | 4142 | 39 | 76 |
| iv_506-iv_509 | 1910 | 4237 | 43 | 74 |
| iv_508-iv_509 | 1926 | 4239 | 35 | 78 |
| iv_506-iv_508 | 1902 | 4248 | 37 | 78 |
| iv_506-iv_510 | 1946 | 4278 | 44 | 73 |
| iv_509-iv_511 | 1934 | 4291 | 39 | 74 |
| iv_507-iv_508 | 1897 | 4304 | 35 | 72 |
| iv_507-iv_509 | 1893 | 4317 | 36 | 78 |

### Input Bit Output Co-occurrences Sorted by Output Co-occurrences

| Input Bits | Co-occurrences | Potential Occurrences | Output Co-occurrences | Potential Output Occurrences |
|:----------:|:--------------:|:---------------------:|:---------------------:|:----------------------------:|
| iv_506-iv_512 | 1951 | 4380 | 45 | 70 |
| iv_506-iv_510 | 1946 | 4278 | 44 | 73 |
| iv_506-iv_509 | 1910 | 4237 | 43 | 74 |
| iv_510-iv_512 | 1995 | 4444 | 42 | 73 |
| iv_509-iv_511 | 1934 | 4291 | 39 | 74 |
| iv_511-iv_512 | 2032 | 4320 | 39 | 74 |
| iv_506-iv_507 | 1961 | 4142 | 39 | 76 |
| iv_505-iv_510 | 1884 | 4375 | 39 | 80 |

### Input Bit Output Co-occurrences Sorted by Potential Output Occurrences

| Input Bits | Co-occurrences | Potential Occurrences | Output Co-occurrences | Potential Output Occurrences |
|:----------:|:--------------:|:---------------------:|:---------------------:|:----------------------------:|
| iv_506-iv_512 | 1951 | 4380 | 45 | 70 |
| iv_507-iv_508 | 1897 | 4304 | 35 | 72 |
| iv_506-iv_510 | 1946 | 4278 | 44 | 73 |
| iv_510-iv_512 | 1995 | 4444 | 42 | 73 |
| iv_508-iv_511 | 1906 | 4342 | 35 | 74 |
| iv_509-iv_511 | 1934 | 4291 | 39 | 74 |
| iv_511-iv_512 | 2032 | 4320 | 39 | 74 |
| iv_506-iv_509 | 1910 | 4237 | 43 | 74 |

## Output Bits

### Output Bits in Regular Order

| Rank | Output Bit | Complexity |
|:----:|:----------:|:----------:|
| 1 | ov_001 | 3.646141598067861 × 10^296 |
| 2 | ov_002 | 3.1868923051502198 × 10^296 |
| 3 | ov_003 | 2.7690221913922783 × 10^296 |
| 4 | ov_004 | 2.3906236144336852 × 10^296 |
| 5 | ov_005 | 2.049893471605288 × 10^296 |
| 6 | ov_006 | 1.745125746374798 × 10^296 |
| 7 | ov_007 | 1.474705039785818 × 10^296 |
| 8 | ov_008 | 1.2371009754658116 × 10^296 |
| 9 | ov_009 | 1.0294892285585803 × 10^296 |
| 10 | ov_010 | 8.491939731106967 × 10^295 |
| 11 | ov_011 | 6.936812601652002 × 10^295 |
| 12 | ov_012 | 5.605534066983586 × 10^295 |
| 13 | ov_013 | 4.475443114173034 × 10^295 |
| 14 | ov_014 | 3.5251561853213504 × 10^295 |
| 15 | ov_015 | 2.734536556425351 × 10^295 |
| 16 | ov_016 | 2.0846706978246605 × 10^295 |
| 17 | ov_017 | 1.55785070001509 × 10^295 |
| 18 | ov_018 | 1.1375617100507834 × 10^295 |
| 19 | ov_019 | 8.084733447860859 × 10^294 |
| 20 | ov_020 | 5.564341449352239 × 10^294 |
| 21 | ov_021 | 3.684682315737428 × 10^294 |
| 22 | ov_022 | 2.327734243081887 × 10^294 |
| 23 | ov_023 | 1.3872020592330421 × 10^294 |
| 24 | ov_024 | 7.685111570278041 × 10^293 |
| 25 | ov_025 | 3.888037042426612 × 10^293 |
| 26 | ov_026 | 1.769363664535385 × 10^293 |
| 27 | ov_027 | 7.347908291402604 × 10^292 |
| 28 | ov_028 | 3.0714497625395705 × 10^292 |
| 29 | ov_029 | 1.2637741637029596 × 10^292 |
| 30 | ov_030 | 4.1744890904048456 × 10^291 |
| 31 | ov_031 | 1.0088701590317417 × 10^291 |
| 32 | lv_80_m31 | 2.4374514941681157 × 10^290 |
| 33 | ov_033 | 2.941581381810418 × 10^291 |
| 34 | ov_034 | 2.5461999475754146 × 10^291 |
| 35 | ov_035 | 2.1920128401843956 × 10^291 |
| 36 | ov_036 | 1.8770383594206753 × 10^291 |
| 37 | ov_037 | 1.5994036487078803 × 10^291 |
| 38 | ov_038 | 1.3556584992676316 × 10^291 |
| 39 | ov_039 | 1.1425344116377874 × 10^291 |
| 40 | ov_040 | 9.569334429203021 × 10^290 |
| 41 | ov_041 | 7.959186916940709 × 10^290 |
| 42 | ov_042 | 6.5670625006105375 × 10^290 |
| 43 | ov_043 | 5.366584629518622 × 10^290 |
| 44 | ov_044 | 4.3327834500238215 × 10^290 |
| 45 | ov_045 | 3.442050150895551 × 10^290 |
| 46 | ov_046 | 2.682915474103442 × 10^290 |
| 47 | ov_047 | 2.0445641259553734 × 10^290 |
| 48 | ov_048 | 1.5168219832251977 × 10^290 |
| 49 | ov_049 | 1.0901462958287903 × 10^290 |
| 50 | ov_050 | 7.556183886067743 × 10^289 |
| 51 | ov_051 | 5.049384070312627 × 10^289 |
| 52 | ov_052 | 3.2334986689108637 × 10^289 |
| 53 | ov_053 | 1.9732050812410471 × 10^289 |
| 54 | ov_054 | 1.1454005497812386 × 10^289 |
| 55 | ov_055 | 6.39190003928814 × 10^288 |
| 56 | ov_056 | 3.558797464628657 × 10^288 |
| 57 | ov_057 | 2.0897403423200716 × 10^288 |
| 58 | ov_058 | 1.2417312382842867 × 10^288 |
| 59 | ov_059 | 6.737596670372567 × 10^287 |
| 60 | ov_060 | 3.2485412506696518 × 10^287 |
| 61 | ov_061 | 1.3404357585613271 × 10^287 |
| 62 | ov_062 | 4.440364828708715 × 10^286 |
| 63 | ov_063 | 1.0762814082757912 × 10^286 |
| 64 | lv_79_m31 | 2.6072108638548634 × 10^285 |
| 65 | ov_065 | 3.073011604493808 × 10^286 |
| 66 | ov_066 | 3.073004361508696 × 10^286 |
| 67 | ov_067 | 3.073002014259786 × 10^286 |
| 68 | ov_068 | 2.668347587115164 × 10^286 |
| 69 | ov_069 | 2.3023746048625195 × 10^286 |
| 70 | ov_070 | 1.973208451112095 × 10^286 |
| 71 | ov_071 | 1.679090302885495 × 10^286 |
| 72 | ov_072 | 1.4183692161889006 × 10^286 |
| 73 | ov_073 | 1.1894948975765288 × 10^286 |
| 74 | ov_074 | 9.896430138792805 × 10^285 |
| 75 | ov_075 | 8.161600703174548 × 10^285 |
| 76 | ov_076 | 6.665531998744915 × 10^285 |
| 77 | ov_077 | 5.38481021557594 × 10^285 |
| 78 | ov_078 | 4.297455053171381 × 10^285 |
| 79 | ov_079 | 3.3828478250534686 × 10^285 |
| 80 | ov_080 | 2.6216684159603316 × 10^285 |
| 81 | ov_081 | 1.9958404950729102 × 10^285 |
| 82 | ov_082 | 1.4884843930991397 × 10^285 |
| 83 | ov_083 | 1.0838770540411066 × 10^285 |
| 84 | ov_084 | 7.674184743989883 × 10^284 |
| 85 | ov_085 | 5.256040437252832 × 10^284 |
| 86 | ov_086 | 3.460022010939652 × 10^284 |
| 87 | ov_087 | 2.1723682239955103 × 10^284 |
| 88 | ov_088 | 1.2897375359287686 × 10^284 |
| 89 | ov_089 | 7.1910905070924815 × 10^283 |
| 90 | ov_090 | 3.7771322502546185 × 10^283 |
| 91 | ov_091 | 1.929864940852116 × 10^283 |
| 92 | ov_092 | 1.0254401692300534 × 10^283 |
| 93 | ov_093 | 5.416503006733535 × 10^282 |
| 94 | ov_094 | 2.427896360855375 × 10^282 |
| 95 | aaa_78_28 | 7.808796343043568 × 10^281 |
| 96 | aaa_78_29 | 2.95869322396623 × 10^281 |
| 97 | ov_097 | 3.2226118588172958 × 10^281 |
| 98 | ov_098 | 3.222514439283615 × 10^281 |
| 99 | ov_099 | 3.2224833253712425 × 10^281 |
| 100 | ov_100 | 2.9001501903314013 × 10^281 |
| 101 | ov_101 | 2.6015871932390276 × 10^281 |
| 102 | ov_102 | 2.3254869637292306 × 10^281 |
| 103 | ov_103 | 2.0706382353294957 × 10^281 |
| 104 | ov_104 | 1.8359133440402966 × 10^281 |
| 105 | ov_105 | 1.6202568681634016 × 10^281 |
| 106 | ov_106 | 1.4226753476535469 × 10^281 |
| 107 | ov_107 | 1.242228023972113 × 10^281 |
| 108 | ov_108 | 1.0780185436509068 × 10^281 |
| 109 | ov_109 | 9.291875705885635 × 10^280 |
| 110 | ov_110 | 7.949062535559144 × 10^280 |
| 111 | ov_111 | 6.743704965307498 × 10^280 |
| 112 | ov_112 | 5.66795980363692 × 10^280 |
| 113 | ov_113 | 4.714138849397309 × 10^280 |
| 114 | ov_114 | 3.8746726148276005 × 10^280 |
| 115 | ov_115 | 3.1420800498694143 × 10^280 |
| 116 | ov_116 | 2.5089437698316824 × 10^280 |
| 117 | ov_117 | 1.9678902899066696 × 10^280 |
| 118 | ov_118 | 1.511574770863964 × 10^280 |
| 119 | ov_119 | 1.132669780691105 × 10^280 |
| 120 | ov_120 | 8.238575771696251 × 10^279 |
| 121 | ov_121 | 5.778254164822689 × 10^279 |
| 122 | ov_122 | 3.872631693869737 × 10^279 |
| 123 | ov_123 | 2.4486220299463155 × 10^279 |
| 124 | ov_124 | 1.433147295759909 × 10^279 |
| 125 | ov_125 | 7.531337899816624 × 10^278 |
| 126 | ov_126 | 3.355095257014265 × 10^278 |
| 127 | aaa_77_28 | 1.0720306431580496 × 10^278 |
| 128 | aaa_77_29 | 4.0209474179019754 × 10^277 |
| 129 | ov_129 | 3.688455131866471 × 10^277 |
| 130 | ov_130 | 3.6884466060479057 × 10^277 |
| 131 | ov_131 | 3.6884438621318907 × 10^277 |
| 132 | ov_132 | 3.2027546135393553 × 10^277 |
| 133 | ov_133 | 2.7636759735474693 × 10^277 |
| 134 | ov_134 | 2.369148744986469 × 10^277 |
| 135 | ov_135 | 2.0172316557079323 × 10^277 |
| 136 | ov_136 | 1.7060925319564635 × 10^277 |
| 137 | ov_137 | 1.432363933374922 × 10^277 |
| 138 | ov_138 | 1.192861164688809 × 10^277 |
| 139 | ov_139 | 9.845711076004885 × 10^276 |
| 140 | ov_140 | 8.046426745909694 × 10^276 |
| 141 | ov_141 | 6.503787537834894 × 10^276 |
| 142 | ov_142 | 5.192294905294696 × 10^276 |
| 143 | ov_143 | 4.0878675021404927 × 10^276 |
| 144 | ov_144 | 3.1677961641010274 × 10^276 |
| 145 | ov_145 | 2.4107078803085418 × 10^276 |
| 146 | ov_146 | 1.7965374857478775 × 10^276 |
| 147 | ov_147 | 1.3065058994789324 × 10^276 |
| 148 | ov_148 | 9.231038270634507 × 10^275 |
| 149 | ov_149 | 6.3007993900883256 × 10^275 |
| 150 | ov_150 | 4.12432630310355 × 10^275 |
| 151 | ov_151 | 2.5640455937844974 × 10^275 |
| 152 | ov_152 | 1.494792578059844 × 10^275 |
| 153 | ov_153 | 8.037919557674813 × 10^274 |
| 154 | ov_154 | 3.9064779449879026 × 10^274 |
| 155 | ov_155 | 1.6733868973098556 × 10^274 |
| 156 | aaa_76_25 | 5.821549876415836 × 10^273 |
| 157 | aaa_76_26 | 3.585422114838774 × 10^273 |
| 158 | aaa_76_27 | 1.9678045261300643 × 10^273 |
| 159 | aaa_76_28 | 9.284373796189409 × 10^272 |
| 160 | aaa_76_29 | 3.500242690425544 × 10^272 |

### Output Bits Sorted by Complexity

| Rank | Output Bit | Complexity |
|:----:|:----------:|:----------:|
| 160 | aaa_76_29 | 3.500242690425544 × 10^272 |
| 159 | aaa_76_28 | 9.284373796189409 × 10^272 |
| 158 | aaa_76_27 | 1.9678045261300643 × 10^273 |
| 157 | aaa_76_26 | 3.585422114838774 × 10^273 |
| 156 | aaa_76_25 | 5.821549876415836 × 10^273 |
| 155 | ov_155 | 1.6733868973098556 × 10^274 |
| 154 | ov_154 | 3.9064779449879026 × 10^274 |
| 153 | ov_153 | 8.037919557674813 × 10^274 |
| 152 | ov_152 | 1.494792578059844 × 10^275 |
| 151 | ov_151 | 2.5640455937844974 × 10^275 |
| 150 | ov_150 | 4.12432630310355 × 10^275 |
| 149 | ov_149 | 6.3007993900883256 × 10^275 |
| 148 | ov_148 | 9.231038270634507 × 10^275 |
| 147 | ov_147 | 1.3065058994789324 × 10^276 |
| 146 | ov_146 | 1.7965374857478775 × 10^276 |
| 145 | ov_145 | 2.4107078803085418 × 10^276 |
| 144 | ov_144 | 3.1677961641010274 × 10^276 |
| 143 | ov_143 | 4.0878675021404927 × 10^276 |
| 142 | ov_142 | 5.192294905294696 × 10^276 |
| 141 | ov_141 | 6.503787537834894 × 10^276 |
| 140 | ov_140 | 8.046426745909694 × 10^276 |
| 139 | ov_139 | 9.845711076004885 × 10^276 |
| 138 | ov_138 | 1.192861164688809 × 10^277 |
| 137 | ov_137 | 1.432363933374922 × 10^277 |
| 136 | ov_136 | 1.7060925319564635 × 10^277 |
| 135 | ov_135 | 2.0172316557079323 × 10^277 |
| 134 | ov_134 | 2.369148744986469 × 10^277 |
| 133 | ov_133 | 2.7636759735474693 × 10^277 |
| 132 | ov_132 | 3.2027546135393553 × 10^277 |
| 131 | ov_131 | 3.6884438621318907 × 10^277 |
| 130 | ov_130 | 3.6884466060479057 × 10^277 |
| 129 | ov_129 | 3.688455131866471 × 10^277 |
| 128 | aaa_77_29 | 4.0209474179019754 × 10^277 |
| 127 | aaa_77_28 | 1.0720306431580496 × 10^278 |
| 126 | ov_126 | 3.355095257014265 × 10^278 |
| 125 | ov_125 | 7.531337899816624 × 10^278 |
| 124 | ov_124 | 1.433147295759909 × 10^279 |
| 123 | ov_123 | 2.4486220299463155 × 10^279 |
| 122 | ov_122 | 3.872631693869737 × 10^279 |
| 121 | ov_121 | 5.778254164822689 × 10^279 |
| 120 | ov_120 | 8.238575771696251 × 10^279 |
| 119 | ov_119 | 1.132669780691105 × 10^280 |
| 118 | ov_118 | 1.511574770863964 × 10^280 |
| 117 | ov_117 | 1.9678902899066696 × 10^280 |
| 116 | ov_116 | 2.5089437698316824 × 10^280 |
| 115 | ov_115 | 3.1420800498694143 × 10^280 |
| 114 | ov_114 | 3.8746726148276005 × 10^280 |
| 113 | ov_113 | 4.714138849397309 × 10^280 |
| 112 | ov_112 | 5.66795980363692 × 10^280 |
| 111 | ov_111 | 6.743704965307498 × 10^280 |
| 110 | ov_110 | 7.949062535559144 × 10^280 |
| 109 | ov_109 | 9.291875705885635 × 10^280 |
| 108 | ov_108 | 1.0780185436509068 × 10^281 |
| 107 | ov_107 | 1.242228023972113 × 10^281 |
| 106 | ov_106 | 1.4226753476535469 × 10^281 |
| 105 | ov_105 | 1.6202568681634016 × 10^281 |
| 104 | ov_104 | 1.8359133440402966 × 10^281 |
| 103 | ov_103 | 2.0706382353294957 × 10^281 |
| 102 | ov_102 | 2.3254869637292306 × 10^281 |
| 101 | ov_101 | 2.6015871932390276 × 10^281 |
| 100 | ov_100 | 2.9001501903314013 × 10^281 |
| 96 | aaa_78_29 | 2.95869322396623 × 10^281 |
| 99 | ov_099 | 3.2224833253712425 × 10^281 |
| 98 | ov_098 | 3.222514439283615 × 10^281 |
| 97 | ov_097 | 3.2226118588172958 × 10^281 |
| 95 | aaa_78_28 | 7.808796343043568 × 10^281 |
| 94 | ov_094 | 2.427896360855375 × 10^282 |
| 93 | ov_093 | 5.416503006733535 × 10^282 |
| 92 | ov_092 | 1.0254401692300534 × 10^283 |
| 91 | ov_091 | 1.929864940852116 × 10^283 |
| 90 | ov_090 | 3.7771322502546185 × 10^283 |
| 89 | ov_089 | 7.1910905070924815 × 10^283 |
| 88 | ov_088 | 1.2897375359287686 × 10^284 |
| 87 | ov_087 | 2.1723682239955103 × 10^284 |
| 86 | ov_086 | 3.460022010939652 × 10^284 |
| 85 | ov_085 | 5.256040437252832 × 10^284 |
| 84 | ov_084 | 7.674184743989883 × 10^284 |
| 83 | ov_083 | 1.0838770540411066 × 10^285 |
| 82 | ov_082 | 1.4884843930991397 × 10^285 |
| 81 | ov_081 | 1.9958404950729102 × 10^285 |
| 64 | lv_79_m31 | 2.6072108638548634 × 10^285 |
| 80 | ov_080 | 2.6216684159603316 × 10^285 |
| 79 | ov_079 | 3.3828478250534686 × 10^285 |
| 78 | ov_078 | 4.297455053171381 × 10^285 |
| 77 | ov_077 | 5.38481021557594 × 10^285 |
| 76 | ov_076 | 6.665531998744915 × 10^285 |
| 75 | ov_075 | 8.161600703174548 × 10^285 |
| 74 | ov_074 | 9.896430138792805 × 10^285 |
| 63 | ov_063 | 1.0762814082757912 × 10^286 |
| 73 | ov_073 | 1.1894948975765288 × 10^286 |
| 72 | ov_072 | 1.4183692161889006 × 10^286 |
| 71 | ov_071 | 1.679090302885495 × 10^286 |
| 70 | ov_070 | 1.973208451112095 × 10^286 |
| 69 | ov_069 | 2.3023746048625195 × 10^286 |
| 68 | ov_068 | 2.668347587115164 × 10^286 |
| 67 | ov_067 | 3.073002014259786 × 10^286 |
| 66 | ov_066 | 3.073004361508696 × 10^286 |
| 65 | ov_065 | 3.073011604493808 × 10^286 |
| 62 | ov_062 | 4.440364828708715 × 10^286 |
| 61 | ov_061 | 1.3404357585613271 × 10^287 |
| 60 | ov_060 | 3.2485412506696518 × 10^287 |
| 59 | ov_059 | 6.737596670372567 × 10^287 |
| 58 | ov_058 | 1.2417312382842867 × 10^288 |
| 57 | ov_057 | 2.0897403423200716 × 10^288 |
| 56 | ov_056 | 3.558797464628657 × 10^288 |
| 55 | ov_055 | 6.39190003928814 × 10^288 |
| 54 | ov_054 | 1.1454005497812386 × 10^289 |
| 53 | ov_053 | 1.9732050812410471 × 10^289 |
| 52 | ov_052 | 3.2334986689108637 × 10^289 |
| 51 | ov_051 | 5.049384070312627 × 10^289 |
| 50 | ov_050 | 7.556183886067743 × 10^289 |
| 49 | ov_049 | 1.0901462958287903 × 10^290 |
| 48 | ov_048 | 1.5168219832251977 × 10^290 |
| 47 | ov_047 | 2.0445641259553734 × 10^290 |
| 32 | lv_80_m31 | 2.4374514941681157 × 10^290 |
| 46 | ov_046 | 2.682915474103442 × 10^290 |
| 45 | ov_045 | 3.442050150895551 × 10^290 |
| 44 | ov_044 | 4.3327834500238215 × 10^290 |
| 43 | ov_043 | 5.366584629518622 × 10^290 |
| 42 | ov_042 | 6.5670625006105375 × 10^290 |
| 41 | ov_041 | 7.959186916940709 × 10^290 |
| 40 | ov_040 | 9.569334429203021 × 10^290 |
| 31 | ov_031 | 1.0088701590317417 × 10^291 |
| 39 | ov_039 | 1.1425344116377874 × 10^291 |
| 38 | ov_038 | 1.3556584992676316 × 10^291 |
| 37 | ov_037 | 1.5994036487078803 × 10^291 |
| 36 | ov_036 | 1.8770383594206753 × 10^291 |
| 35 | ov_035 | 2.1920128401843956 × 10^291 |
| 34 | ov_034 | 2.5461999475754146 × 10^291 |
| 33 | ov_033 | 2.941581381810418 × 10^291 |
| 30 | ov_030 | 4.1744890904048456 × 10^291 |
| 29 | ov_029 | 1.2637741637029596 × 10^292 |
| 28 | ov_028 | 3.0714497625395705 × 10^292 |
| 27 | ov_027 | 7.347908291402604 × 10^292 |
| 26 | ov_026 | 1.769363664535385 × 10^293 |
| 25 | ov_025 | 3.888037042426612 × 10^293 |
| 24 | ov_024 | 7.685111570278041 × 10^293 |
| 23 | ov_023 | 1.3872020592330421 × 10^294 |
| 22 | ov_022 | 2.327734243081887 × 10^294 |
| 21 | ov_021 | 3.684682315737428 × 10^294 |
| 20 | ov_020 | 5.564341449352239 × 10^294 |
| 19 | ov_019 | 8.084733447860859 × 10^294 |
| 18 | ov_018 | 1.1375617100507834 × 10^295 |
| 17 | ov_017 | 1.55785070001509 × 10^295 |
| 16 | ov_016 | 2.0846706978246605 × 10^295 |
| 15 | ov_015 | 2.734536556425351 × 10^295 |
| 14 | ov_014 | 3.5251561853213504 × 10^295 |
| 13 | ov_013 | 4.475443114173034 × 10^295 |
| 12 | ov_012 | 5.605534066983586 × 10^295 |
| 11 | ov_011 | 6.936812601652002 × 10^295 |
| 10 | ov_010 | 8.491939731106967 × 10^295 |
| 9 | ov_009 | 1.0294892285585803 × 10^296 |
| 8 | ov_008 | 1.2371009754658116 × 10^296 |
| 7 | ov_007 | 1.474705039785818 × 10^296 |
| 6 | ov_006 | 1.745125746374798 × 10^296 |
| 5 | ov_005 | 2.049893471605288 × 10^296 |
| 4 | ov_004 | 2.3906236144336852 × 10^296 |
| 3 | ov_003 | 2.7690221913922783 × 10^296 |
| 2 | ov_002 | 3.1868923051502198 × 10^296 |
| 1 | ov_001 | 3.646141598067861 × 10^296 |

