# Results for F001-F002-F003-F004-F005-F006-F007-F008-F009-F010-F011-F012-F013-F014-F015-F016-F017-F018-F019-F020-F021-F022-F023-F024-F025-F026-F027-F028-F029-F030-F031-F032-F033-F034-F035-F036-F037-F038-F039-F040-F041-F042-F043-F044-F045-F046-F047-F048-F049-F050-F051-F052-F053-F054-F055-F056-F057-F058-F059-F060-F061-F062-F063-F064-F065-F066-F067-F068-F069-F070-F071-F072-F073-F074-F075-F076-F077-F078-F079-F080-F081-F082-F083-F084-F085-F086-F087-F088-F089-F090-F091-F092-F093-F094-F095-F096-F097-F098-F099-F100-F101-F102-F103-F104-F105-F106-F107-F108-F109-F110-F111-F112-F113-F114-F115-F116-F117-F118-F119-F120-F121-F122-F123-F124-F125-F126-F127-F128-F129-F130-F131-F132-F133-F134-F135-F136-F137-F138-F139-F140-F141-F142-F143-F144-F145-F146-F147-F148-F149-F150-F151-F152-F153-F154-F155-F156-F157-F158-F159-F160-F161-F162-F163-F164-F165-F166-F167-F168-F169-F170-F171-F172-F173-F174-F175-F176-F177-F178-F179-F180-F181-F182-F183-F184-F185-F186-F187-F188-F189-F190-F191-F192-F193-F194-F195-F196-F197-F198-F199-F200-F201-F202-F203-F204-F205-F206-F207-F208-F209-F210-F211-F212-F213-F214-F215-F216-F217-F218-F219-F220-F221-F222-F223-F224-F225-F226-F227-F228-F229-F230-F231-F232-F233-F234-F235-F236-F237-F238-F239-F240-F241-F242-F243-F244-F245-F246-F247-F248-F249-F250-F251-F252-F253-F254-F255-F256-F257-F258-F259-F260-F261-F262-F263-F264-F265-F266-F267-F268-F269-F270-F271-F272-F273-F274-F275-F276-F277-F278-F279-F280-F281-F282-F283-F284-F285-F286-F287-F288-F289-F290-F291-F292-F293-F294-F295-F296-F297-F298-F299-F300-F301-F302-F303-F304-F305-F306-F307-F308-F309-F310-F311-F312-F313-F314-F315-F316-F317-F318-F319-F320-F321-F322-F323-F324-F325-F326-F327-F328-F329-F330-F331-F332-F333-F334-F335-F336-F337-F338-F339-F340-F341-F342-F343-F344-F345-F346-F347-F348-F349-F350-F351-F352-F353-F354-F355-F356-F357-F358-F359-F360-F361-F362-F363-F364-F365-F366-F367-F368-F369-F370-F371-F372-F373-F374-F375-F376-F377-F378-F379-F380-F381-F382-F383-F384-F385-F386-F387-F388-F389-F390-F391-F392-F393-F394-F395-F396-F397-F398-F399-F400-F401-F402-F403-F404-F405-F406-F407-F408-F409-F410-F411-F412-F413-F414-F415-F416-F417-F418-F419-F420-F421-F422-F423-F424-F425-F426-F427-F428-F429-F430-F431-F432-F433-F434-F435-F436-F437-F438-F439-F440-F441-F442-F443-F444-F445-F446-F447-F448-F449-F450-F451-F452-F453-F454-F455-F456-F457-F458-F459-F460-F461-F462-F463-F464-F465-F466-F467-F468-F469-F470-F471-F472-F473-F474-F475-F476-F477-F478-F479-F480-F481-F482-F483-F484-F485-F486-F487-F488-F489-F490-F491-F492-F493-F494-F495-F496-F497-F498-F499-F500-F501-E502511-E506510-E507509

## Summary

Number of input bits: 512  
Number of free input bits: 8  
Number of output bits: 160

Number of direct occurrences: 32873  
Number of assignments: 31165  
Number of operations: 11129141
(xor: 11099811,
and: 16099,
or: 13231)

Total complexity: 1.812381601527221 × 10^300

Least occurring input variable: iv_505 (3912)  
Most occurring input variable: iv_512 (4358)

Most co-occurring input variables: iv_506-iv_512 (2090)  
Least co-occurring input variables: iv_505-iv_508 (1826)

Potentially most occurring input variable: iv_502/iv_506 (4615)  
Potentially least occurring input variable: iv_504/iv_505 (4164)

Least output occurring input variable: iv_507 (66)  
Most output occurring input variable: iv_512 (80)

Most output co-occurring input variables: iv_504-iv_505 (41)  
Least output co-occurring input variables: iv_506-iv_508 (28)

Potentially most output occurring input variable: iv_505/iv_512 (91)  
Potentially least output occurring input variable: iv_507/iv_508 (68)

Least complex input bit: iv_503 (3.374604994640923 × 10^298)  
Most complex input bit: iv_506 (5.589736924415851 × 10^299)

Least complex output bit: aaa_76_29 (2.3643401139108096 × 10^275)  
Most complex output bit: ov_001 (2.8465715489901053 × 10^299)

Least complex input/output complexity: iv_503/aaa_76_29 (4.4023366551006344 × 10^273)  
Most complex input/output complexity: iv_506/ov_001 (8.779379619597502 × 10^298)

Input variable with highest collision probability: iv_505 (½^160.00000000000026)

## Input Bits

### Input Bits in Regular Order

| Input Bit | Complexity | Occurrences | Output Occurrences | Collision Probability |
|:---------:|:----------:|:-----------:|:------------------:|:---------------------:|
| iv_502 | 1.7262617223343198 × 10^299 | 4265 | 72 | ½^160.0000000000007 |
| iv_503 | 3.374604994640923 × 10^298 | 4034 | 74 | ½^160.0000000000006 |
| iv_504 | 5.543855667038083 × 10^298 | 3920 | 78 | ½^160.00000000000077 |
| iv_505 | 8.712753008911832 × 10^298 | 3912 | 79 | ½^160.00000000000026 |
| iv_506 | 5.589736924415851 × 10^299 | 4180 | 73 | ½^160.00000000000068 |
| iv_507 | 4.487469602336725 × 10^299 | 4220 | 66 | ½^160.00000000000065 |
| iv_508 | 2.7894492981120576 × 10^299 | 3984 | 70 | ½^160.0000000000007 |
| iv_512 | 1.7677771010142294 × 10^299 | 4358 | 80 | ½^160.00000000000074 |

### Input Bits Sorted by Complexity

| Input Bit | Complexity | Occurrences | Output Occurrences | Collision Probability |
|:---------:|:----------:|:-----------:|:------------------:|:---------------------:|
| iv_503 | 3.374604994640923 × 10^298 | 4034 | 74 | ½^160.0000000000006 |
| iv_504 | 5.543855667038083 × 10^298 | 3920 | 78 | ½^160.00000000000077 |
| iv_505 | 8.712753008911832 × 10^298 | 3912 | 79 | ½^160.00000000000026 |
| iv_502 | 1.7262617223343198 × 10^299 | 4265 | 72 | ½^160.0000000000007 |
| iv_512 | 1.7677771010142294 × 10^299 | 4358 | 80 | ½^160.00000000000074 |
| iv_508 | 2.7894492981120576 × 10^299 | 3984 | 70 | ½^160.0000000000007 |
| iv_507 | 4.487469602336725 × 10^299 | 4220 | 66 | ½^160.00000000000065 |
| iv_506 | 5.589736924415851 × 10^299 | 4180 | 73 | ½^160.00000000000068 |

### Input Bits Sorted by Occurrences

| Input Bit | Complexity | Occurrences | Output Occurrences | Collision Probability |
|:---------:|:----------:|:-----------:|:------------------:|:---------------------:|
| iv_505 | 8.712753008911832 × 10^298 | 3912 | 79 | ½^160.00000000000026 |
| iv_504 | 5.543855667038083 × 10^298 | 3920 | 78 | ½^160.00000000000077 |
| iv_508 | 2.7894492981120576 × 10^299 | 3984 | 70 | ½^160.0000000000007 |
| iv_503 | 3.374604994640923 × 10^298 | 4034 | 74 | ½^160.0000000000006 |
| iv_506 | 5.589736924415851 × 10^299 | 4180 | 73 | ½^160.00000000000068 |
| iv_507 | 4.487469602336725 × 10^299 | 4220 | 66 | ½^160.00000000000065 |
| iv_502 | 1.7262617223343198 × 10^299 | 4265 | 72 | ½^160.0000000000007 |
| iv_512 | 1.7677771010142294 × 10^299 | 4358 | 80 | ½^160.00000000000074 |

### Input Bits Sorted by Output Occurrences

| Input Bit | Complexity | Occurrences | Output Occurrences | Collision Probability |
|:---------:|:----------:|:-----------:|:------------------:|:---------------------:|
| iv_507 | 4.487469602336725 × 10^299 | 4220 | 66 | ½^160.00000000000065 |
| iv_508 | 2.7894492981120576 × 10^299 | 3984 | 70 | ½^160.0000000000007 |
| iv_502 | 1.7262617223343198 × 10^299 | 4265 | 72 | ½^160.0000000000007 |
| iv_506 | 5.589736924415851 × 10^299 | 4180 | 73 | ½^160.00000000000068 |
| iv_503 | 3.374604994640923 × 10^298 | 4034 | 74 | ½^160.0000000000006 |
| iv_504 | 5.543855667038083 × 10^298 | 3920 | 78 | ½^160.00000000000077 |
| iv_505 | 8.712753008911832 × 10^298 | 3912 | 79 | ½^160.00000000000026 |
| iv_512 | 1.7677771010142294 × 10^299 | 4358 | 80 | ½^160.00000000000074 |

### Input Bits Sorted by Collision Probability

| Input Bit | Complexity | Occurrences | Output Occurrences | Collision Probability |
|:---------:|:----------:|:-----------:|:------------------:|:---------------------:|
| iv_505 | 8.712753008911832 × 10^298 | 3912 | 79 | ½^160.00000000000026 |
| iv_503 | 3.374604994640923 × 10^298 | 4034 | 74 | ½^160.0000000000006 |
| iv_507 | 4.487469602336725 × 10^299 | 4220 | 66 | ½^160.00000000000065 |
| iv_506 | 5.589736924415851 × 10^299 | 4180 | 73 | ½^160.00000000000068 |
| iv_508 | 2.7894492981120576 × 10^299 | 3984 | 70 | ½^160.0000000000007 |
| iv_502 | 1.7262617223343198 × 10^299 | 4265 | 72 | ½^160.0000000000007 |
| iv_512 | 1.7677771010142294 × 10^299 | 4358 | 80 | ½^160.00000000000074 |
| iv_504 | 5.543855667038083 × 10^298 | 3920 | 78 | ½^160.00000000000077 |

## Input Bit/Output Bit Collision Probabilities

| Input Bit | Output Bit | Collision Probability |
|:---------:|:----------:|:---------------------:|
| iv_503 | ov_133 | 0.5000000000000033 |
| iv_505 | ov_003 | 0.5000000000000022 |
| iv_505 | ov_005 | 0.5000000000000021 |
| iv_505 | ov_069 | 0.5000000000000021 |
| iv_507 | ov_093 | 0.5000000000000021 |
| iv_505 | ov_038 | 0.500000000000002 |
| iv_505 | ov_089 | 0.500000000000002 |
| iv_505 | aaa_78_29 | 0.500000000000002 |

## Input Bit Co-occurrences

### Input Bit Co-occurrences Sorted by Co-occurrences

| Input Bits | Co-occurrences | Potential Occurrences | Output Co-occurrences | Potential Output Occurrences |
|:----------:|:--------------:|:---------------------:|:---------------------:|:----------------------------:|
| iv_506-iv_512 | 2090 | 4358 | 36 | 81 |
| iv_503-iv_512 | 2039 | 4314 | 34 | 86 |
| iv_502-iv_512 | 2034 | 4555 | 37 | 78 |
| iv_507-iv_512 | 2032 | 4514 | 33 | 80 |
| iv_508-iv_512 | 2024 | 4294 | 32 | 86 |
| iv_506-iv_507 | 2017 | 4366 | 28 | 83 |
| iv_502-iv_507 | 1988 | 4509 | 33 | 72 |
| iv_502-iv_508 | 1961 | 4327 | 34 | 74 |

### Input Bit Co-occurrences Sorted by Potential Occurrences

| Input Bits | Co-occurrences | Potential Occurrences | Output Co-occurrences | Potential Output Occurrences |
|:----------:|:--------------:|:---------------------:|:---------------------:|:----------------------------:|
| iv_504-iv_505 | 1834 | 4164 | 41 | 75 |
| iv_504-iv_508 | 1857 | 4190 | 37 | 74 |
| iv_503-iv_505 | 1865 | 4216 | 40 | 73 |
| iv_505-iv_508 | 1826 | 4244 | 31 | 87 |
| iv_506-iv_508 | 1954 | 4256 | 28 | 87 |
| iv_503-iv_504 | 1845 | 4264 | 41 | 70 |
| iv_508-iv_512 | 2024 | 4294 | 32 | 86 |
| iv_504-iv_506 | 1899 | 4302 | 38 | 75 |

### Input Bit Output Co-occurrences Sorted by Output Co-occurrences

| Input Bits | Co-occurrences | Potential Occurrences | Output Co-occurrences | Potential Output Occurrences |
|:----------:|:--------------:|:---------------------:|:---------------------:|:----------------------------:|
| iv_503-iv_504 | 1845 | 4264 | 41 | 70 |
| iv_504-iv_505 | 1834 | 4164 | 41 | 75 |
| iv_503-iv_505 | 1865 | 4216 | 40 | 73 |
| iv_502-iv_504 | 1914 | 4357 | 38 | 74 |
| iv_505-iv_506 | 1854 | 4384 | 38 | 76 |
| iv_504-iv_506 | 1899 | 4302 | 38 | 75 |
| iv_504-iv_508 | 1857 | 4190 | 37 | 74 |
| iv_502-iv_512 | 2034 | 4555 | 37 | 78 |

### Input Bit Output Co-occurrences Sorted by Potential Output Occurrences

| Input Bits | Co-occurrences | Potential Occurrences | Output Co-occurrences | Potential Output Occurrences |
|:----------:|:--------------:|:---------------------:|:---------------------:|:----------------------------:|
| iv_507-iv_508 | 1902 | 4400 | 34 | 68 |
| iv_503-iv_504 | 1845 | 4264 | 41 | 70 |
| iv_502-iv_507 | 1988 | 4509 | 33 | 72 |
| iv_503-iv_505 | 1865 | 4216 | 40 | 73 |
| iv_502-iv_504 | 1914 | 4357 | 38 | 74 |
| iv_502-iv_508 | 1961 | 4327 | 34 | 74 |
| iv_504-iv_508 | 1857 | 4190 | 37 | 74 |
| iv_504-iv_505 | 1834 | 4164 | 41 | 75 |

## Output Bits

### Output Bits in Regular Order

| Rank | Output Bit | Complexity |
|:----:|:----------:|:----------:|
| 1 | ov_001 | 2.8465715489901053 × 10^299 |
| 2 | ov_002 | 2.4786954907104316 × 10^299 |
| 3 | ov_003 | 2.146210205155581 × 10^299 |
| 4 | ov_004 | 1.8476502805809346 × 10^299 |
| 5 | ov_005 | 1.5816306532530729 × 10^299 |
| 6 | ov_006 | 1.3455997182719748 × 10^299 |
| 7 | ov_007 | 1.1371404176178776 × 10^299 |
| 8 | ov_008 | 9.539620769227258 × 10^298 |
| 9 | ov_009 | 7.938933828282632 × 10^298 |
| 10 | ov_010 | 6.548763728497109 × 10^298 |
| 11 | ov_011 | 5.349613393552095 × 10^298 |
| 12 | ov_012 | 4.323025774446031 × 10^298 |
| 13 | ov_013 | 3.451549119099168 × 10^298 |
| 14 | ov_014 | 2.7187092378135615 × 10^298 |
| 15 | ov_015 | 2.1089878353034814 × 10^298 |
| 16 | ov_016 | 1.6078059826550454 × 10^298 |
| 17 | ov_017 | 1.2015118713788911 × 10^298 |
| 18 | ov_018 | 8.773720602471399 × 10^297 |
| 19 | ov_019 | 6.235654939595963 × 10^297 |
| 20 | ov_020 | 4.2917964093634633 × 10^297 |
| 21 | ov_021 | 2.8420816573044955 × 10^297 |
| 22 | ov_022 | 1.7954961972122153 × 10^297 |
| 23 | ov_023 | 1.0700672139329592 × 10^297 |
| 24 | ov_024 | 5.928593510762621 × 10^296 |
| 25 | ov_025 | 2.9997208304730097 × 10^296 |
| 26 | ov_026 | 1.365381386132289 × 10^296 |
| 27 | ov_027 | 5.672265507437991 × 10^295 |
| 28 | ov_028 | 2.372278594161635 × 10^295 |
| 29 | ov_029 | 9.767551094189598 × 10^294 |
| 30 | ov_030 | 3.229418028094364 × 10^294 |
| 31 | ov_031 | 7.813798740304272 × 10^293 |
| 32 | lv_80_k31 | 1.890016186440885 × 10^293 |
| 33 | ov_033 | 2.2638560639280145 × 10^294 |
| 34 | ov_034 | 1.9583808571410393 × 10^294 |
| 35 | ov_035 | 1.6859092094484633 × 10^294 |
| 36 | ov_036 | 1.4437558578783243 × 10^294 |
| 37 | ov_037 | 1.2293808398271286 × 10^294 |
| 38 | ov_038 | 1.0403792211669734 × 10^294 |
| 39 | ov_039 | 8.744722041337732 × 10^293 |
| 40 | ov_040 | 7.2949948233875755 × 10^293 |
| 41 | ov_041 | 6.034127183411455 × 10^293 |
| 42 | ov_042 | 4.942700268947225 × 10^293 |
| 43 | ov_043 | 4.002313542851727 × 10^293 |
| 44 | ov_044 | 3.195546511553823 × 10^293 |
| 45 | ov_045 | 2.505927429161992 × 10^293 |
| 46 | ov_046 | 1.9254541047118786 × 10^293 |
| 47 | ov_047 | 1.4465805164989392 × 10^293 |
| 48 | ov_048 | 1.0622080419219035 × 10^293 |
| 49 | ov_049 | 7.594564820220863 × 10^292 |
| 50 | ov_050 | 5.263133962834839 × 10^292 |
| 51 | ov_051 | 3.5162801666502373 × 10^292 |
| 52 | ov_052 | 2.2510714187206509 × 10^292 |
| 53 | ov_053 | 1.3731252977087138 × 10^292 |
| 54 | ov_054 | 7.965936197036714 × 10^291 |
| 55 | ov_055 | 4.4415410509991113 × 10^291 |
| 56 | ov_056 | 2.4700605062607022 × 10^291 |
| 57 | ov_057 | 1.4486798537759917 × 10^291 |
| 58 | ov_058 | 8.597633110578445 × 10^290 |
| 59 | ov_059 | 4.657865066518393 × 10^290 |
| 60 | ov_060 | 2.2416580084924647 × 10^290 |
| 61 | ov_061 | 9.231787406885128 × 10^289 |
| 62 | ov_062 | 3.0527655519943084 × 10^289 |
| 63 | ov_063 | 7.387529683093708 × 10^288 |
| 64 | lv_79_k31 | 1.787157692769256 × 10^288 |
| 65 | ov_065 | 2.1262103928489838 × 10^289 |
| 66 | ov_066 | 2.126205427632198 × 10^289 |
| 67 | ov_067 | 2.1262038185411982 × 10^289 |
| 68 | ov_068 | 1.8393872425662328 × 10^289 |
| 69 | ov_069 | 1.5822765448376566 × 10^289 |
| 70 | ov_070 | 1.353586881090775 × 10^289 |
| 71 | ov_071 | 1.1509812212190122 × 10^289 |
| 72 | ov_072 | 9.722654517306183 × 10^288 |
| 73 | ov_073 | 8.153789113156843 × 10^288 |
| 74 | ov_074 | 6.783857942734227 × 10^288 |
| 75 | ov_075 | 5.594673754196777 × 10^288 |
| 76 | ov_076 | 4.5691501160823254 × 10^288 |
| 77 | ov_077 | 3.691238762211231 × 10^288 |
| 78 | ov_078 | 2.945873839523643 × 10^288 |
| 79 | ov_079 | 2.3189226396297972 × 10^288 |
| 80 | ov_080 | 1.7971424005702366 × 10^288 |
| 81 | ov_081 | 1.3681427694969467 × 10^288 |
| 82 | ov_082 | 1.0203535199825165 × 10^288 |
| 83 | ov_083 | 7.429971197015095 × 10^287 |
| 84 | ov_084 | 5.2606574553817175 × 10^287 |
| 85 | ov_085 | 3.603023439624166 × 10^287 |
| 86 | ov_086 | 2.371853349581995 × 10^287 |
| 87 | ov_087 | 1.4891655802625691 × 10^287 |
| 88 | ov_088 | 8.841205891331988 × 10^286 |
| 89 | ov_089 | 4.92953157948782 × 10^286 |
| 90 | ov_090 | 2.589250368229173 × 10^286 |
| 91 | ov_091 | 1.3229395849844212 × 10^286 |
| 92 | ov_092 | 7.029504464874304 × 10^285 |
| 93 | ov_093 | 3.713082499520836 × 10^285 |
| 94 | ov_094 | 1.6643594162249486 × 10^285 |
| 95 | aaa_78_28 | 5.353062772989506 × 10^284 |
| 96 | aaa_78_29 | 2.0282410987031672 × 10^284 |
| 97 | ov_097 | 2.2087330009990173 × 10^284 |
| 98 | ov_098 | 2.2086667842125676 × 10^284 |
| 99 | ov_099 | 2.2086456352768452 × 10^284 |
| 100 | ov_100 | 1.987695702470667 × 10^284 |
| 101 | ov_101 | 1.783032890054639 × 10^284 |
| 102 | ov_102 | 1.5937637858123217 × 10^284 |
| 103 | ov_103 | 1.4190603077989419 × 10^284 |
| 104 | ov_104 | 1.2581512075968695 × 10^284 |
| 105 | ov_105 | 1.1103143483644322 × 10^284 |
| 106 | ov_106 | 9.748697161051173 × 10^283 |
| 107 | ov_107 | 8.511731243073816 × 10^283 |
| 108 | ov_108 | 7.386105735353111 × 10^283 |
| 109 | ov_109 | 6.365932287228336 × 10^283 |
| 110 | ov_110 | 5.445529778703126 × 10^283 |
| 111 | ov_111 | 4.6193853658927485 × 10^283 |
| 112 | ov_112 | 3.8821206351528266 × 10^283 |
| 113 | ov_113 | 3.2284625203996275 × 10^283 |
| 114 | ov_114 | 2.6532186412757076 × 10^283 |
| 115 | ov_115 | 2.1512567220173676 × 10^283 |
| 116 | ov_116 | 1.717487752351365 × 10^283 |
| 117 | ov_117 | 1.3468525526676452 × 10^283 |
| 118 | ov_118 | 1.0343114062534069 × 10^283 |
| 119 | ov_119 | 7.748364216722411 × 10^282 |
| 120 | ov_120 | 5.634062885154034 × 10^282 |
| 121 | ov_121 | 3.9500308981667724 × 10^282 |
| 122 | ov_122 | 2.6461068258426417 × 10^282 |
| 123 | ov_123 | 1.672139383364585 × 10^282 |
| 124 | ov_124 | 9.779830110385938 × 10^281 |
| 125 | ov_125 | 5.1349497498629 × 10^281 |
| 126 | ov_126 | 2.285337001191516 × 10^281 |
| 127 | aaa_77_28 | 7.2957981487666625 × 10^280 |
| 128 | aaa_77_29 | 2.7341825369580093 × 10^280 |
| 129 | ov_129 | 2.5190492952863437 × 10^280 |
| 130 | ov_130 | 2.5190435442758415 × 10^280 |
| 131 | ov_131 | 2.519041697088166 × 10^280 |
| 132 | ov_132 | 2.1817125668652946 × 10^280 |
| 133 | ov_133 | 1.879748873139006 × 10^280 |
| 134 | ov_134 | 1.610448229917929 × 10^280 |
| 135 | ov_135 | 1.3712590799191608 × 10^280 |
| 136 | ov_136 | 1.1597697226758406 × 10^280 |
| 137 | ov_137 | 9.73698737991316 × 10^279 |
| 138 | ov_138 | 8.108867038596649 × 10^279 |
| 139 | ov_139 | 6.692890893252583 × 10^279 |
| 140 | ov_140 | 5.469702011830139 × 10^279 |
| 141 | ov_141 | 4.420980700806289 × 10^279 |
| 142 | ov_142 | 3.529401680843551 × 10^279 |
| 143 | ov_143 | 2.778598561469771 × 10^279 |
| 144 | ov_144 | 2.1531347138054333 × 10^279 |
| 145 | ov_145 | 1.6384798061201514 × 10^279 |
| 146 | ov_146 | 1.2209913286804038 × 10^279 |
| 147 | ov_147 | 8.879003921127393 × 10^278 |
| 148 | ov_148 | 6.27301092861955 × 10^278 |
| 149 | ov_149 | 4.281428003547739 × 10^278 |
| 150 | ov_150 | 2.8022478144118316 × 10^278 |
| 151 | ov_151 | 1.7419263860833967 × 10^278 |
| 152 | ov_152 | 1.015360993621301 × 10^278 |
| 153 | ov_153 | 5.458775505820712 × 10^277 |
| 154 | ov_154 | 2.6522408343353526 × 10^277 |
| 155 | ov_155 | 1.1356758105614921 × 10^277 |
| 156 | aaa_76_25 | 3.949252107017355 × 10^276 |
| 157 | aaa_76_26 | 2.4305301449209618 × 10^276 |
| 158 | aaa_76_27 | 1.3326158714465167 × 10^276 |
| 159 | aaa_76_28 | 6.279721192908921 × 10^275 |
| 160 | aaa_76_29 | 2.3643401139108096 × 10^275 |

### Output Bits Sorted by Complexity

| Rank | Output Bit | Complexity |
|:----:|:----------:|:----------:|
| 160 | aaa_76_29 | 2.3643401139108096 × 10^275 |
| 159 | aaa_76_28 | 6.279721192908921 × 10^275 |
| 158 | aaa_76_27 | 1.3326158714465167 × 10^276 |
| 157 | aaa_76_26 | 2.4305301449209618 × 10^276 |
| 156 | aaa_76_25 | 3.949252107017355 × 10^276 |
| 155 | ov_155 | 1.1356758105614921 × 10^277 |
| 154 | ov_154 | 2.6522408343353526 × 10^277 |
| 153 | ov_153 | 5.458775505820712 × 10^277 |
| 152 | ov_152 | 1.015360993621301 × 10^278 |
| 151 | ov_151 | 1.7419263860833967 × 10^278 |
| 150 | ov_150 | 2.8022478144118316 × 10^278 |
| 149 | ov_149 | 4.281428003547739 × 10^278 |
| 148 | ov_148 | 6.27301092861955 × 10^278 |
| 147 | ov_147 | 8.879003921127393 × 10^278 |
| 146 | ov_146 | 1.2209913286804038 × 10^279 |
| 145 | ov_145 | 1.6384798061201514 × 10^279 |
| 144 | ov_144 | 2.1531347138054333 × 10^279 |
| 143 | ov_143 | 2.778598561469771 × 10^279 |
| 142 | ov_142 | 3.529401680843551 × 10^279 |
| 141 | ov_141 | 4.420980700806289 × 10^279 |
| 140 | ov_140 | 5.469702011830139 × 10^279 |
| 139 | ov_139 | 6.692890893252583 × 10^279 |
| 138 | ov_138 | 8.108867038596649 × 10^279 |
| 137 | ov_137 | 9.73698737991316 × 10^279 |
| 136 | ov_136 | 1.1597697226758406 × 10^280 |
| 135 | ov_135 | 1.3712590799191608 × 10^280 |
| 134 | ov_134 | 1.610448229917929 × 10^280 |
| 133 | ov_133 | 1.879748873139006 × 10^280 |
| 132 | ov_132 | 2.1817125668652946 × 10^280 |
| 131 | ov_131 | 2.519041697088166 × 10^280 |
| 130 | ov_130 | 2.5190435442758415 × 10^280 |
| 129 | ov_129 | 2.5190492952863437 × 10^280 |
| 128 | aaa_77_29 | 2.7341825369580093 × 10^280 |
| 127 | aaa_77_28 | 7.2957981487666625 × 10^280 |
| 126 | ov_126 | 2.285337001191516 × 10^281 |
| 125 | ov_125 | 5.1349497498629 × 10^281 |
| 124 | ov_124 | 9.779830110385938 × 10^281 |
| 123 | ov_123 | 1.672139383364585 × 10^282 |
| 122 | ov_122 | 2.6461068258426417 × 10^282 |
| 121 | ov_121 | 3.9500308981667724 × 10^282 |
| 120 | ov_120 | 5.634062885154034 × 10^282 |
| 119 | ov_119 | 7.748364216722411 × 10^282 |
| 118 | ov_118 | 1.0343114062534069 × 10^283 |
| 117 | ov_117 | 1.3468525526676452 × 10^283 |
| 116 | ov_116 | 1.717487752351365 × 10^283 |
| 115 | ov_115 | 2.1512567220173676 × 10^283 |
| 114 | ov_114 | 2.6532186412757076 × 10^283 |
| 113 | ov_113 | 3.2284625203996275 × 10^283 |
| 112 | ov_112 | 3.8821206351528266 × 10^283 |
| 111 | ov_111 | 4.6193853658927485 × 10^283 |
| 110 | ov_110 | 5.445529778703126 × 10^283 |
| 109 | ov_109 | 6.365932287228336 × 10^283 |
| 108 | ov_108 | 7.386105735353111 × 10^283 |
| 107 | ov_107 | 8.511731243073816 × 10^283 |
| 106 | ov_106 | 9.748697161051173 × 10^283 |
| 105 | ov_105 | 1.1103143483644322 × 10^284 |
| 104 | ov_104 | 1.2581512075968695 × 10^284 |
| 103 | ov_103 | 1.4190603077989419 × 10^284 |
| 102 | ov_102 | 1.5937637858123217 × 10^284 |
| 101 | ov_101 | 1.783032890054639 × 10^284 |
| 100 | ov_100 | 1.987695702470667 × 10^284 |
| 96 | aaa_78_29 | 2.0282410987031672 × 10^284 |
| 99 | ov_099 | 2.2086456352768452 × 10^284 |
| 98 | ov_098 | 2.2086667842125676 × 10^284 |
| 97 | ov_097 | 2.2087330009990173 × 10^284 |
| 95 | aaa_78_28 | 5.353062772989506 × 10^284 |
| 94 | ov_094 | 1.6643594162249486 × 10^285 |
| 93 | ov_093 | 3.713082499520836 × 10^285 |
| 92 | ov_092 | 7.029504464874304 × 10^285 |
| 91 | ov_091 | 1.3229395849844212 × 10^286 |
| 90 | ov_090 | 2.589250368229173 × 10^286 |
| 89 | ov_089 | 4.92953157948782 × 10^286 |
| 88 | ov_088 | 8.841205891331988 × 10^286 |
| 87 | ov_087 | 1.4891655802625691 × 10^287 |
| 86 | ov_086 | 2.371853349581995 × 10^287 |
| 85 | ov_085 | 3.603023439624166 × 10^287 |
| 84 | ov_084 | 5.2606574553817175 × 10^287 |
| 83 | ov_083 | 7.429971197015095 × 10^287 |
| 82 | ov_082 | 1.0203535199825165 × 10^288 |
| 81 | ov_081 | 1.3681427694969467 × 10^288 |
| 64 | lv_79_k31 | 1.787157692769256 × 10^288 |
| 80 | ov_080 | 1.7971424005702366 × 10^288 |
| 79 | ov_079 | 2.3189226396297972 × 10^288 |
| 78 | ov_078 | 2.945873839523643 × 10^288 |
| 77 | ov_077 | 3.691238762211231 × 10^288 |
| 76 | ov_076 | 4.5691501160823254 × 10^288 |
| 75 | ov_075 | 5.594673754196777 × 10^288 |
| 74 | ov_074 | 6.783857942734227 × 10^288 |
| 63 | ov_063 | 7.387529683093708 × 10^288 |
| 73 | ov_073 | 8.153789113156843 × 10^288 |
| 72 | ov_072 | 9.722654517306183 × 10^288 |
| 71 | ov_071 | 1.1509812212190122 × 10^289 |
| 70 | ov_070 | 1.353586881090775 × 10^289 |
| 69 | ov_069 | 1.5822765448376566 × 10^289 |
| 68 | ov_068 | 1.8393872425662328 × 10^289 |
| 67 | ov_067 | 2.1262038185411982 × 10^289 |
| 66 | ov_066 | 2.126205427632198 × 10^289 |
| 65 | ov_065 | 2.1262103928489838 × 10^289 |
| 62 | ov_062 | 3.0527655519943084 × 10^289 |
| 61 | ov_061 | 9.231787406885128 × 10^289 |
| 60 | ov_060 | 2.2416580084924647 × 10^290 |
| 59 | ov_059 | 4.657865066518393 × 10^290 |
| 58 | ov_058 | 8.597633110578445 × 10^290 |
| 57 | ov_057 | 1.4486798537759917 × 10^291 |
| 56 | ov_056 | 2.4700605062607022 × 10^291 |
| 55 | ov_055 | 4.4415410509991113 × 10^291 |
| 54 | ov_054 | 7.965936197036714 × 10^291 |
| 53 | ov_053 | 1.3731252977087138 × 10^292 |
| 52 | ov_052 | 2.2510714187206509 × 10^292 |
| 51 | ov_051 | 3.5162801666502373 × 10^292 |
| 50 | ov_050 | 5.263133962834839 × 10^292 |
| 49 | ov_049 | 7.594564820220863 × 10^292 |
| 48 | ov_048 | 1.0622080419219035 × 10^293 |
| 47 | ov_047 | 1.4465805164989392 × 10^293 |
| 32 | lv_80_k31 | 1.890016186440885 × 10^293 |
| 46 | ov_046 | 1.9254541047118786 × 10^293 |
| 45 | ov_045 | 2.505927429161992 × 10^293 |
| 44 | ov_044 | 3.195546511553823 × 10^293 |
| 43 | ov_043 | 4.002313542851727 × 10^293 |
| 42 | ov_042 | 4.942700268947225 × 10^293 |
| 41 | ov_041 | 6.034127183411455 × 10^293 |
| 40 | ov_040 | 7.2949948233875755 × 10^293 |
| 31 | ov_031 | 7.813798740304272 × 10^293 |
| 39 | ov_039 | 8.744722041337732 × 10^293 |
| 38 | ov_038 | 1.0403792211669734 × 10^294 |
| 37 | ov_037 | 1.2293808398271286 × 10^294 |
| 36 | ov_036 | 1.4437558578783243 × 10^294 |
| 35 | ov_035 | 1.6859092094484633 × 10^294 |
| 34 | ov_034 | 1.9583808571410393 × 10^294 |
| 33 | ov_033 | 2.2638560639280145 × 10^294 |
| 30 | ov_030 | 3.229418028094364 × 10^294 |
| 29 | ov_029 | 9.767551094189598 × 10^294 |
| 28 | ov_028 | 2.372278594161635 × 10^295 |
| 27 | ov_027 | 5.672265507437991 × 10^295 |
| 26 | ov_026 | 1.365381386132289 × 10^296 |
| 25 | ov_025 | 2.9997208304730097 × 10^296 |
| 24 | ov_024 | 5.928593510762621 × 10^296 |
| 23 | ov_023 | 1.0700672139329592 × 10^297 |
| 22 | ov_022 | 1.7954961972122153 × 10^297 |
| 21 | ov_021 | 2.8420816573044955 × 10^297 |
| 20 | ov_020 | 4.2917964093634633 × 10^297 |
| 19 | ov_019 | 6.235654939595963 × 10^297 |
| 18 | ov_018 | 8.773720602471399 × 10^297 |
| 17 | ov_017 | 1.2015118713788911 × 10^298 |
| 16 | ov_016 | 1.6078059826550454 × 10^298 |
| 15 | ov_015 | 2.1089878353034814 × 10^298 |
| 14 | ov_014 | 2.7187092378135615 × 10^298 |
| 13 | ov_013 | 3.451549119099168 × 10^298 |
| 12 | ov_012 | 4.323025774446031 × 10^298 |
| 11 | ov_011 | 5.349613393552095 × 10^298 |
| 10 | ov_010 | 6.548763728497109 × 10^298 |
| 9 | ov_009 | 7.938933828282632 × 10^298 |
| 8 | ov_008 | 9.539620769227258 × 10^298 |
| 7 | ov_007 | 1.1371404176178776 × 10^299 |
| 6 | ov_006 | 1.3455997182719748 × 10^299 |
| 5 | ov_005 | 1.5816306532530729 × 10^299 |
| 4 | ov_004 | 1.8476502805809346 × 10^299 |
| 3 | ov_003 | 2.146210205155581 × 10^299 |
| 2 | ov_002 | 2.4786954907104316 × 10^299 |
| 1 | ov_001 | 2.8465715489901053 × 10^299 |

