# Results for F001-F002-F003-F004-F005-F006-F007-F008-F009-F010-F011-F012-F013-F014-F015-F016-F017-F018-F019-F020-F021-F022-F023-F024-F025-F026-F027-F028-F029-F030-F031-F032-F033-F034-F035-F036-F037-F038-F039-F040-F041-F042-F043-F044-F045-F046-F047-F048-F049-F050-F051-F052-F053-F054-F055-F056-F057-F058-F059-F060-F061-F062-F063-F064-F065-F066-F067-F068-F069-F070-F071-F072-F073-F074-F075-F076-F077-F078-F079-F080-F081-F082-F083-F084-F085-F086-F087-F088-F089-F090-F091-F092-F093-F094-F095-F096-F097-F098-F099-F100-F101-F102-F103-F104-F105-F106-F107-F108-F109-F110-F111-F112-F113-F114-F115-F116-F117-F118-F119-F120-F121-F122-F123-F124-F125-F126-F127-F128-F129-F130-F131-F132-F133-F134-F135-F136-F137-F138-F139-F140-F141-F142-F143-F144-F145-F146-F147-F148-F149-F150-F151-F152-F153-F154-F155-F156-F157-F158-F159-F160-F161-F162-F163-F164-F165-F166-F167-F168-F169-F170-F171-F172-F173-F174-F175-F176-F177-F178-F179-F180-F181-F182-F183-F184-F185-F186-F187-F188-F189-F190-F191-F192-F193-F194-F195-F196-F197-F198-F199-F200-F201-F202-F203-F204-F205-F206-F207-F208-F209-F210-F211-F212-F213-F214-F215-F216-F217-F218-F219-F220-F221-F222-F223-F224-F225-F226-F227-F228-F229-F230-F231-F232-F233-F234-F235-F236-F237-F238-F239-F240-F241-F242-F243-F244-F245-F246-F247-F248-F249-F250-F251-F252-F253-F254-F255-F256-F257-F258-F259-F260-F261-F262-F263-F264-F265-F266-F267-F268-F269-F270-F271-F272-F273-F274-F275-F276-F277-F278-F279-F280-F281-F282-F283-F284-F285-F286-F287-F288-F289-F290-F291-F292-F293-F294-F295-F296-F297-F298-F299-F300-F301-F302-F303-F304-F305-F306-F307-F308-F309-F310-F311-F312-F313-F314-F315-F316-F317-F318-F319-F320-F321-F322-F323-F324-F325-F326-F327-F328-F329-F330-F331-F332-F333-F334-F335-F336-F337-F338-F339-F340-F341-F342-F343-F344-F345-F346-F347-F348-F349-F350-F351-F352-F353-F354-F355-F356-F357-F358-F359-F360-F361-F362-F363-F364-F365-F366-F367-F368-F369-F370-F371-F372-F373-F374-F375-F376-F377-F378-F379-F380-F381-F382-F383-F384-F385-F386-F387-F388-F389-F390-F391-F392-F393-F394-F395-F396-F397-F398-F399-F400-F401-F402-F403-F404-F405-F406-F407-F408-F409-F410-F411-F412-F413-F414-F415-F416-F417-F418-F419-F420-F421-F422-F423-F424-F425-F426-F427-F428-F429-F430-F431-F432-F433-F434-F435-F436-F437-F438-F439-F440-F441-F442-F443-F444-F445-F446-F447-F448-F449-F450-F451-F452-F453-F454-F455-F456-F457-F458-F459-F460-F461-F462-F463-F464-F465-F466-F467-F468-F469-F470-F471-F472-F473-F474-F475-F476-F477-F478-F479-F480-F481-F482-F483-F484-F485-F486-F487-F488-F489-F490-F491-F492-F493-F494-F495-F496-F497-F498-F499-F500-F501-E506508-E507509-F512

## Summary

Number of input bits: 512  
Number of free input bits: 8  
Number of output bits: 160

Number of direct occurrences: 33095  
Number of assignments: 31040  
Number of operations: 10953104
(xor: 10924012,
and: 15981,
or: 13111)

Total complexity: 6.440506909220785 × 10^298

Least occurring input variable: iv_502 (3919)  
Most occurring input variable: iv_507 (4392)

Most co-occurring input variables: iv_507-iv_510 (2098)  
Least co-occurring input variables: iv_502-iv_504 (1801)

Potentially most occurring input variable: iv_505/iv_507 (4521)  
Potentially least occurring input variable: iv_502/iv_505 (4218)

Least output occurring input variable: iv_506 (72)  
Most output occurring input variable: iv_502 (82)

Most output co-occurring input variables: iv_502-iv_511 (45)  
Least output co-occurring input variables: iv_506-iv_507 (29)

Potentially most output occurring input variable: iv_502/iv_503 (96)  
Potentially least output occurring input variable: iv_502/iv_506 (68)

Least complex input bit: iv_511 (1.5269046366350661 × 10^295)  
Most complex input bit: iv_507 (2.120464820205821 × 10^298)

Least complex output bit: aaa_76_29 (9.879703641881457 × 10^273)  
Most complex output bit: ov_001 (1.02373813012649 × 10^298)

Least complex input/output complexity: iv_511/aaa_76_29 (2.342263662161688 × 10^270)  
Most complex input/output complexity: iv_507/ov_001 (3.3705432206409127 × 10^297)

Input variable with highest collision probability: iv_503 (½^160.00000000000057)

## Input Bits

### Input Bits in Regular Order

| Input Bit | Complexity | Occurrences | Output Occurrences | Collision Probability |
|:---------:|:----------:|:-----------:|:------------------:|:---------------------:|
| iv_502 | 8.417659455788652 × 10^296 | 3919 | 82 | ½^160.00000000000068 |
| iv_503 | 1.4969263135122577 × 10^297 | 4181 | 78 | ½^160.00000000000057 |
| iv_504 | 2.488090519823912 × 10^297 | 3949 | 78 | ½^160.00000000000065 |
| iv_505 | 3.954990212732956 × 10^297 | 3939 | 79 | ½^160.00000000000068 |
| iv_506 | 1.5238960771600092 × 10^298 | 4236 | 72 | ½^160.0000000000007 |
| iv_507 | 2.120464820205821 × 10^298 | 4392 | 80 | ½^160.00000000000085 |
| iv_510 | 1.9164418080535317 × 10^298 | 4267 | 74 | ½^160.00000000000065 |
| iv_511 | 1.5269046366350661 × 10^295 | 4212 | 80 | ½^160.00000000000068 |

### Input Bits Sorted by Complexity

| Input Bit | Complexity | Occurrences | Output Occurrences | Collision Probability |
|:---------:|:----------:|:-----------:|:------------------:|:---------------------:|
| iv_511 | 1.5269046366350661 × 10^295 | 4212 | 80 | ½^160.00000000000068 |
| iv_502 | 8.417659455788652 × 10^296 | 3919 | 82 | ½^160.00000000000068 |
| iv_503 | 1.4969263135122577 × 10^297 | 4181 | 78 | ½^160.00000000000057 |
| iv_504 | 2.488090519823912 × 10^297 | 3949 | 78 | ½^160.00000000000065 |
| iv_505 | 3.954990212732956 × 10^297 | 3939 | 79 | ½^160.00000000000068 |
| iv_506 | 1.5238960771600092 × 10^298 | 4236 | 72 | ½^160.0000000000007 |
| iv_510 | 1.9164418080535317 × 10^298 | 4267 | 74 | ½^160.00000000000065 |
| iv_507 | 2.120464820205821 × 10^298 | 4392 | 80 | ½^160.00000000000085 |

### Input Bits Sorted by Occurrences

| Input Bit | Complexity | Occurrences | Output Occurrences | Collision Probability |
|:---------:|:----------:|:-----------:|:------------------:|:---------------------:|
| iv_502 | 8.417659455788652 × 10^296 | 3919 | 82 | ½^160.00000000000068 |
| iv_505 | 3.954990212732956 × 10^297 | 3939 | 79 | ½^160.00000000000068 |
| iv_504 | 2.488090519823912 × 10^297 | 3949 | 78 | ½^160.00000000000065 |
| iv_503 | 1.4969263135122577 × 10^297 | 4181 | 78 | ½^160.00000000000057 |
| iv_511 | 1.5269046366350661 × 10^295 | 4212 | 80 | ½^160.00000000000068 |
| iv_506 | 1.5238960771600092 × 10^298 | 4236 | 72 | ½^160.0000000000007 |
| iv_510 | 1.9164418080535317 × 10^298 | 4267 | 74 | ½^160.00000000000065 |
| iv_507 | 2.120464820205821 × 10^298 | 4392 | 80 | ½^160.00000000000085 |

### Input Bits Sorted by Output Occurrences

| Input Bit | Complexity | Occurrences | Output Occurrences | Collision Probability |
|:---------:|:----------:|:-----------:|:------------------:|:---------------------:|
| iv_506 | 1.5238960771600092 × 10^298 | 4236 | 72 | ½^160.0000000000007 |
| iv_510 | 1.9164418080535317 × 10^298 | 4267 | 74 | ½^160.00000000000065 |
| iv_503 | 1.4969263135122577 × 10^297 | 4181 | 78 | ½^160.00000000000057 |
| iv_504 | 2.488090519823912 × 10^297 | 3949 | 78 | ½^160.00000000000065 |
| iv_505 | 3.954990212732956 × 10^297 | 3939 | 79 | ½^160.00000000000068 |
| iv_507 | 2.120464820205821 × 10^298 | 4392 | 80 | ½^160.00000000000085 |
| iv_511 | 1.5269046366350661 × 10^295 | 4212 | 80 | ½^160.00000000000068 |
| iv_502 | 8.417659455788652 × 10^296 | 3919 | 82 | ½^160.00000000000068 |

### Input Bits Sorted by Collision Probability

| Input Bit | Complexity | Occurrences | Output Occurrences | Collision Probability |
|:---------:|:----------:|:-----------:|:------------------:|:---------------------:|
| iv_503 | 1.4969263135122577 × 10^297 | 4181 | 78 | ½^160.00000000000057 |
| iv_510 | 1.9164418080535317 × 10^298 | 4267 | 74 | ½^160.00000000000065 |
| iv_504 | 2.488090519823912 × 10^297 | 3949 | 78 | ½^160.00000000000065 |
| iv_511 | 1.5269046366350661 × 10^295 | 4212 | 80 | ½^160.00000000000068 |
| iv_505 | 3.954990212732956 × 10^297 | 3939 | 79 | ½^160.00000000000068 |
| iv_502 | 8.417659455788652 × 10^296 | 3919 | 82 | ½^160.00000000000068 |
| iv_506 | 1.5238960771600092 × 10^298 | 4236 | 72 | ½^160.0000000000007 |
| iv_507 | 2.120464820205821 × 10^298 | 4392 | 80 | ½^160.00000000000085 |

## Input Bit/Output Bit Collision Probabilities

| Input Bit | Output Bit | Collision Probability |
|:---------:|:----------:|:---------------------:|
| iv_504 | ov_135 | 0.5000000000000042 |
| iv_503 | ov_090 | 0.5000000000000019 |
| iv_503 | ov_105 | 0.5000000000000019 |
| iv_510 | ov_090 | 0.5000000000000019 |
| iv_503 | ov_069 | 0.5000000000000018 |
| iv_506 | ov_143 | 0.5000000000000018 |
| iv_510 | ov_105 | 0.5000000000000018 |
| iv_510 | ov_139 | 0.5000000000000018 |

## Input Bit Co-occurrences

### Input Bit Co-occurrences Sorted by Co-occurrences

| Input Bits | Co-occurrences | Potential Occurrences | Output Co-occurrences | Potential Output Occurrences |
|:----------:|:--------------:|:---------------------:|:---------------------:|:----------------------------:|
| iv_507-iv_510 | 2098 | 4463 | 36 | 82 |
| iv_507-iv_511 | 2068 | 4468 | 40 | 80 |
| iv_510-iv_511 | 2059 | 4361 | 39 | 76 |
| iv_506-iv_507 | 2056 | 4516 | 29 | 94 |
| iv_506-iv_510 | 2048 | 4407 | 31 | 84 |
| iv_503-iv_507 | 2027 | 4519 | 33 | 92 |
| iv_506-iv_511 | 2016 | 4416 | 35 | 82 |
| iv_503-iv_511 | 2008 | 4377 | 37 | 84 |

### Input Bit Co-occurrences Sorted by Potential Occurrences

| Input Bits | Co-occurrences | Potential Occurrences | Output Co-occurrences | Potential Output Occurrences |
|:----------:|:--------------:|:---------------------:|:---------------------:|:----------------------------:|
| iv_502-iv_505 | 1820 | 4218 | 36 | 89 |
| iv_504-iv_505 | 1830 | 4228 | 41 | 75 |
| iv_505-iv_510 | 1975 | 4256 | 40 | 73 |
| iv_502-iv_504 | 1801 | 4266 | 42 | 76 |
| iv_503-iv_505 | 1914 | 4292 | 42 | 73 |
| iv_502-iv_511 | 1902 | 4327 | 45 | 72 |
| iv_504-iv_511 | 1906 | 4349 | 40 | 78 |
| iv_504-iv_510 | 1932 | 4352 | 34 | 84 |

### Input Bit Output Co-occurrences Sorted by Output Co-occurrences

| Input Bits | Co-occurrences | Potential Occurrences | Output Co-occurrences | Potential Output Occurrences |
|:----------:|:--------------:|:---------------------:|:---------------------:|:----------------------------:|
| iv_502-iv_511 | 1902 | 4327 | 45 | 72 |
| iv_502-iv_506 | 1833 | 4489 | 43 | 68 |
| iv_502-iv_504 | 1801 | 4266 | 42 | 76 |
| iv_503-iv_505 | 1914 | 4292 | 42 | 73 |
| iv_504-iv_505 | 1830 | 4228 | 41 | 75 |
| iv_502-iv_510 | 1896 | 4394 | 40 | 76 |
| iv_504-iv_511 | 1906 | 4349 | 40 | 78 |
| iv_507-iv_511 | 2068 | 4468 | 40 | 80 |

### Input Bit Output Co-occurrences Sorted by Potential Output Occurrences

| Input Bits | Co-occurrences | Potential Occurrences | Output Co-occurrences | Potential Output Occurrences |
|:----------:|:--------------:|:---------------------:|:---------------------:|:----------------------------:|
| iv_502-iv_506 | 1833 | 4489 | 43 | 68 |
| iv_502-iv_511 | 1902 | 4327 | 45 | 72 |
| iv_503-iv_505 | 1914 | 4292 | 42 | 73 |
| iv_505-iv_510 | 1975 | 4256 | 40 | 73 |
| iv_504-iv_505 | 1830 | 4228 | 41 | 75 |
| iv_502-iv_504 | 1801 | 4266 | 42 | 76 |
| iv_504-iv_506 | 1870 | 4445 | 37 | 76 |
| iv_502-iv_510 | 1896 | 4394 | 40 | 76 |

## Output Bits

### Output Bits in Regular Order

| Rank | Output Bit | Complexity |
|:----:|:----------:|:----------:|
| 1 | ov_001 | 1.02373813012649 × 10^298 |
| 2 | ov_002 | 8.900670008319266 × 10^297 |
| 3 | ov_003 | 7.693506063123592 × 10^297 |
| 4 | ov_004 | 6.610513445963746 × 10^297 |
| 5 | ov_005 | 5.6466092201996345 × 10^297 |
| 6 | ov_006 | 4.792424549607064 × 10^297 |
| 7 | ov_007 | 4.039081355552721 × 10^297 |
| 8 | ov_008 | 3.378162542728759 × 10^297 |
| 9 | ov_009 | 2.8016863641048903 × 10^297 |
| 10 | ov_010 | 2.302084515491535 × 10^297 |
| 11 | ov_011 | 1.8721836668467688 × 10^297 |
| 12 | ov_012 | 1.5051901852632302 × 10^297 |
| 13 | ov_013 | 1.1946777942031571 × 10^297 |
| 14 | ov_014 | 9.345778555840214 × 10^296 |
| 15 | ov_015 | 7.191719082763309 × 10^296 |
| 16 | ov_016 | 5.430860975582619 × 10^296 |
| 17 | ov_017 | 4.012871571670441 × 10^296 |
| 18 | ov_018 | 2.890796325953463 × 10^296 |
| 19 | ov_019 | 2.0210406123710997 × 10^296 |
| 20 | ov_020 | 1.363358519136253 × 10^296 |
| 21 | ov_021 | 8.808463322007138 × 10^295 |
| 22 | ov_022 | 5.399387639929622 × 10^295 |
| 23 | ov_023 | 3.104065945056128 × 10^295 |
| 24 | ov_024 | 1.6535508829982718 × 10^295 |
| 25 | ov_025 | 8.122295929831603 × 10^294 |
| 26 | ov_026 | 3.7781750050046127 × 10^294 |
| 27 | ov_027 | 1.8135498845865182 × 10^294 |
| 28 | ov_028 | 8.720585403075593 × 10^293 |
| 29 | ov_029 | 3.5882737611347054 × 10^293 |
| 30 | ov_030 | 1.1856080868699448 × 10^293 |
| 31 | ov_031 | 2.8666345886217065 × 10^292 |
| 32 | lv_80_m31 | 6.929018182991837 × 10^291 |
| 33 | ov_033 | 8.260874211744044 × 10^292 |
| 34 | ov_034 | 7.129127006144491 × 10^292 |
| 35 | ov_035 | 6.122319333279713 × 10^292 |
| 36 | ov_036 | 5.229929632179942 × 10^292 |
| 37 | ov_037 | 4.442000498646515 × 10^292 |
| 38 | ov_038 | 3.749098680282091 × 10^292 |
| 39 | ov_039 | 3.1422805773391854 × 10^292 |
| 40 | ov_040 | 2.613062710979613 × 10^292 |
| 41 | ov_041 | 2.1533966534102822 × 10^292 |
| 42 | ov_042 | 1.7556479455219925 × 10^292 |
| 43 | ov_043 | 1.4125785573113864 × 10^292 |
| 44 | ov_044 | 1.1173324747030306 × 10^292 |
| 45 | ov_045 | 8.665755758151799 × 10^291 |
| 46 | ov_046 | 6.571563084188344 × 10^291 |
| 47 | ov_047 | 4.861015888858239 × 10^291 |
| 48 | ov_048 | 3.506136382185684 × 10^291 |
| 49 | ov_049 | 2.4561395185256054 × 10^291 |
| 50 | ov_050 | 1.6636521535401214 × 10^291 |
| 51 | ov_051 | 1.0846929706220076 × 10^291 |
| 52 | ov_052 | 6.7865950716749105 × 10^290 |
| 53 | ov_053 | 4.083203243431494 × 10^290 |
| 54 | ov_054 | 2.398105917176581 × 10^290 |
| 55 | ov_055 | 1.426296505895324 × 10^290 |
| 56 | ov_056 | 8.96395802763431 × 10^289 |
| 57 | ov_057 | 5.706429820741757 × 10^289 |
| 58 | ov_058 | 3.3856135869709724 × 10^289 |
| 59 | ov_059 | 1.8334642169087326 × 10^289 |
| 60 | ov_060 | 8.819406342180908 × 10^288 |
| 61 | ov_061 | 3.630030622905371 × 10^288 |
| 62 | ov_062 | 1.1996592597876935 × 10^288 |
| 63 | ov_063 | 2.9011368407259886 × 10^287 |
| 64 | lv_79_m31 | 7.013380409427135 × 10^286 |
| 65 | ov_065 | 8.264596908202393 × 10^287 |
| 66 | ov_066 | 8.264576748474234 × 10^287 |
| 67 | ov_067 | 8.264570214609643 × 10^287 |
| 68 | ov_068 | 7.12918378206862 × 10^287 |
| 69 | ov_069 | 6.1131916313756626 × 10^287 |
| 70 | ov_070 | 5.2113777170112505 × 10^287 |
| 71 | ov_071 | 4.414255001567653 × 10^287 |
| 72 | ov_072 | 3.712916959768874 × 10^287 |
| 73 | ov_073 | 3.0989991159115895 × 10^287 |
| 74 | ov_074 | 2.5646441016080495 × 10^287 |
| 75 | ov_075 | 2.1024700473986385 × 10^287 |
| 76 | ov_076 | 1.705542127637071 × 10^287 |
| 77 | ov_077 | 1.3673470827094496 × 10^287 |
| 78 | ov_078 | 1.081770546295199 × 10^287 |
| 79 | ov_079 | 8.430770081670987 × 10^286 |
| 80 | ov_080 | 6.458922451018737 × 10^286 |
| 81 | ov_081 | 4.851880539631769 × 10^286 |
| 82 | ov_082 | 3.562691220451563 × 10^286 |
| 83 | ov_083 | 2.547618704356489 × 10^286 |
| 84 | ov_084 | 1.7660510657057388 × 10^286 |
| 85 | ov_085 | 1.180423223903998 × 10^286 |
| 86 | ov_086 | 7.561547464490556 × 10^285 |
| 87 | ov_087 | 4.6160083971735707 × 10^285 |
| 88 | ov_088 | 2.6801489423469526 × 10^285 |
| 89 | ov_089 | 1.495209514865761 × 10^285 |
| 90 | ov_090 | 8.309445950575145 × 10^284 |
| 91 | ov_091 | 4.854968457815799 × 10^284 |
| 92 | ov_092 | 2.853216023647477 × 10^284 |
| 93 | ov_093 | 1.5071790855897616 × 10^284 |
| 94 | ov_094 | 6.7561803969541325 × 10^283 |
| 95 | aaa_78_28 | 2.173105960502759 × 10^283 |
| 96 | aaa_78_29 | 8.23441932525316 × 10^282 |
| 97 | ov_097 | 8.971749005297373 × 10^282 |
| 98 | ov_098 | 8.971480711935157 × 10^282 |
| 99 | ov_099 | 8.971395096559147 × 10^282 |
| 100 | ov_100 | 8.075281521540766 × 10^282 |
| 101 | ov_101 | 7.2449635458919 × 10^282 |
| 102 | ov_102 | 6.476862471541985 × 10^282 |
| 103 | ov_103 | 5.767662575773632 × 10^282 |
| 104 | ov_104 | 5.114276115976898 × 10^282 |
| 105 | ov_105 | 4.513811573789911 × 10^282 |
| 106 | ov_106 | 3.963544965687907 × 10^282 |
| 107 | ov_107 | 3.4608940541638534 × 10^282 |
| 108 | ov_108 | 3.0033952995241095 × 10^282 |
| 109 | ov_109 | 2.5886833971344107 × 10^282 |
| 110 | ov_110 | 2.2144732488088717 × 10^282 |
| 111 | ov_111 | 1.8785442200454027 × 10^282 |
| 112 | ov_112 | 1.578726537090074 × 10^282 |
| 113 | ov_113 | 1.3128896794909301 × 10^282 |
| 114 | ov_114 | 1.0789326249963356 × 10^282 |
| 115 | ov_115 | 8.747758044641487 × 10^281 |
| 116 | ov_116 | 6.983546249660444 × 10^281 |
| 117 | ov_117 | 5.476144195808568 × 10^281 |
| 118 | ov_118 | 4.205066825494707 × 10^281 |
| 119 | ov_119 | 3.149864485605047 × 10^281 |
| 120 | ov_120 | 2.2901067498266844 × 10^281 |
| 121 | ov_121 | 1.6053740462711867 × 10^281 |
| 122 | ov_122 | 1.0752535940636519 × 10^281 |
| 123 | ov_123 | 6.793368582980763 × 10^280 |
| 124 | ov_124 | 3.972176991870316 × 10^280 |
| 125 | ov_125 | 2.0849115855115503 × 10^280 |
| 126 | ov_126 | 9.275276250720425 × 10^279 |
| 127 | aaa_77_28 | 2.959819178582903 × 10^279 |
| 128 | aaa_77_29 | 1.108522199809334 × 10^279 |
| 129 | ov_129 | 1.0100036743251442 × 10^279 |
| 130 | ov_130 | 1.0100012724678378 × 10^279 |
| 131 | ov_131 | 1.0100005015626075 × 10^279 |
| 132 | ov_132 | 8.723171610547097 × 10^278 |
| 133 | ov_133 | 7.492808913752247 × 10^278 |
| 134 | ov_134 | 6.397639986698891 × 10^278 |
| 135 | ov_135 | 5.42701388495784 × 10^278 |
| 136 | ov_136 | 4.5708601247767516 × 10^278 |
| 137 | ov_137 | 3.819649045374315 × 10^278 |
| 138 | ov_138 | 3.1643576213963286 × 10^278 |
| 139 | ov_139 | 2.5964401972866685 × 10^278 |
| 140 | ov_140 | 2.107803608107539 × 10^278 |
| 141 | ov_141 | 1.6907861805394777 × 10^278 |
| 142 | ov_142 | 1.3381401363417377 × 10^278 |
| 143 | ov_143 | 1.0430169732657681 × 10^278 |
| 144 | ov_144 | 7.9895549836668355 × 10^277 |
| 145 | ov_145 | 5.998722619983534 × 10^277 |
| 146 | ov_146 | 4.400541187402321 × 10^277 |
| 147 | ov_147 | 3.141525981060163 × 10^277 |
| 148 | ov_148 | 2.1717977201869243 × 10^277 |
| 149 | ov_149 | 1.4450533308005365 × 10^277 |
| 150 | ov_150 | 9.185462468223441 × 10^276 |
| 151 | ov_151 | 5.530739101333712 × 10^276 |
| 152 | ov_152 | 3.129704200411584 × 10^276 |
| 153 | ov_153 | 1.661025525153968 × 10^276 |
| 154 | ov_154 | 8.386770003560074 × 10^275 |
| 155 | ov_155 | 4.119275700295094 × 10^275 |
| 156 | aaa_76_25 | 1.6533511688430095 × 10^275 |
| 157 | aaa_76_26 | 1.0171940130875629 × 10^275 |
| 158 | aaa_76_27 | 5.57452058427896 × 10^274 |
| 159 | aaa_76_28 | 2.625481297685814 × 10^274 |
| 160 | aaa_76_29 | 9.879703641881457 × 10^273 |

### Output Bits Sorted by Complexity

| Rank | Output Bit | Complexity |
|:----:|:----------:|:----------:|
| 160 | aaa_76_29 | 9.879703641881457 × 10^273 |
| 159 | aaa_76_28 | 2.625481297685814 × 10^274 |
| 158 | aaa_76_27 | 5.57452058427896 × 10^274 |
| 157 | aaa_76_26 | 1.0171940130875629 × 10^275 |
| 156 | aaa_76_25 | 1.6533511688430095 × 10^275 |
| 155 | ov_155 | 4.119275700295094 × 10^275 |
| 154 | ov_154 | 8.386770003560074 × 10^275 |
| 153 | ov_153 | 1.661025525153968 × 10^276 |
| 152 | ov_152 | 3.129704200411584 × 10^276 |
| 151 | ov_151 | 5.530739101333712 × 10^276 |
| 150 | ov_150 | 9.185462468223441 × 10^276 |
| 149 | ov_149 | 1.4450533308005365 × 10^277 |
| 148 | ov_148 | 2.1717977201869243 × 10^277 |
| 147 | ov_147 | 3.141525981060163 × 10^277 |
| 146 | ov_146 | 4.400541187402321 × 10^277 |
| 145 | ov_145 | 5.998722619983534 × 10^277 |
| 144 | ov_144 | 7.9895549836668355 × 10^277 |
| 143 | ov_143 | 1.0430169732657681 × 10^278 |
| 142 | ov_142 | 1.3381401363417377 × 10^278 |
| 141 | ov_141 | 1.6907861805394777 × 10^278 |
| 140 | ov_140 | 2.107803608107539 × 10^278 |
| 139 | ov_139 | 2.5964401972866685 × 10^278 |
| 138 | ov_138 | 3.1643576213963286 × 10^278 |
| 137 | ov_137 | 3.819649045374315 × 10^278 |
| 136 | ov_136 | 4.5708601247767516 × 10^278 |
| 135 | ov_135 | 5.42701388495784 × 10^278 |
| 134 | ov_134 | 6.397639986698891 × 10^278 |
| 133 | ov_133 | 7.492808913752247 × 10^278 |
| 132 | ov_132 | 8.723171610547097 × 10^278 |
| 131 | ov_131 | 1.0100005015626075 × 10^279 |
| 130 | ov_130 | 1.0100012724678378 × 10^279 |
| 129 | ov_129 | 1.0100036743251442 × 10^279 |
| 128 | aaa_77_29 | 1.108522199809334 × 10^279 |
| 127 | aaa_77_28 | 2.959819178582903 × 10^279 |
| 126 | ov_126 | 9.275276250720425 × 10^279 |
| 125 | ov_125 | 2.0849115855115503 × 10^280 |
| 124 | ov_124 | 3.972176991870316 × 10^280 |
| 123 | ov_123 | 6.793368582980763 × 10^280 |
| 122 | ov_122 | 1.0752535940636519 × 10^281 |
| 121 | ov_121 | 1.6053740462711867 × 10^281 |
| 120 | ov_120 | 2.2901067498266844 × 10^281 |
| 119 | ov_119 | 3.149864485605047 × 10^281 |
| 118 | ov_118 | 4.205066825494707 × 10^281 |
| 117 | ov_117 | 5.476144195808568 × 10^281 |
| 116 | ov_116 | 6.983546249660444 × 10^281 |
| 115 | ov_115 | 8.747758044641487 × 10^281 |
| 114 | ov_114 | 1.0789326249963356 × 10^282 |
| 113 | ov_113 | 1.3128896794909301 × 10^282 |
| 112 | ov_112 | 1.578726537090074 × 10^282 |
| 111 | ov_111 | 1.8785442200454027 × 10^282 |
| 110 | ov_110 | 2.2144732488088717 × 10^282 |
| 109 | ov_109 | 2.5886833971344107 × 10^282 |
| 108 | ov_108 | 3.0033952995241095 × 10^282 |
| 107 | ov_107 | 3.4608940541638534 × 10^282 |
| 106 | ov_106 | 3.963544965687907 × 10^282 |
| 105 | ov_105 | 4.513811573789911 × 10^282 |
| 104 | ov_104 | 5.114276115976898 × 10^282 |
| 103 | ov_103 | 5.767662575773632 × 10^282 |
| 102 | ov_102 | 6.476862471541985 × 10^282 |
| 101 | ov_101 | 7.2449635458919 × 10^282 |
| 100 | ov_100 | 8.075281521540766 × 10^282 |
| 96 | aaa_78_29 | 8.23441932525316 × 10^282 |
| 99 | ov_099 | 8.971395096559147 × 10^282 |
| 98 | ov_098 | 8.971480711935157 × 10^282 |
| 97 | ov_097 | 8.971749005297373 × 10^282 |
| 95 | aaa_78_28 | 2.173105960502759 × 10^283 |
| 94 | ov_094 | 6.7561803969541325 × 10^283 |
| 93 | ov_093 | 1.5071790855897616 × 10^284 |
| 92 | ov_092 | 2.853216023647477 × 10^284 |
| 91 | ov_091 | 4.854968457815799 × 10^284 |
| 90 | ov_090 | 8.309445950575145 × 10^284 |
| 89 | ov_089 | 1.495209514865761 × 10^285 |
| 88 | ov_088 | 2.6801489423469526 × 10^285 |
| 87 | ov_087 | 4.6160083971735707 × 10^285 |
| 86 | ov_086 | 7.561547464490556 × 10^285 |
| 85 | ov_085 | 1.180423223903998 × 10^286 |
| 84 | ov_084 | 1.7660510657057388 × 10^286 |
| 83 | ov_083 | 2.547618704356489 × 10^286 |
| 82 | ov_082 | 3.562691220451563 × 10^286 |
| 81 | ov_081 | 4.851880539631769 × 10^286 |
| 80 | ov_080 | 6.458922451018737 × 10^286 |
| 64 | lv_79_m31 | 7.013380409427135 × 10^286 |
| 79 | ov_079 | 8.430770081670987 × 10^286 |
| 78 | ov_078 | 1.081770546295199 × 10^287 |
| 77 | ov_077 | 1.3673470827094496 × 10^287 |
| 76 | ov_076 | 1.705542127637071 × 10^287 |
| 75 | ov_075 | 2.1024700473986385 × 10^287 |
| 74 | ov_074 | 2.5646441016080495 × 10^287 |
| 63 | ov_063 | 2.9011368407259886 × 10^287 |
| 73 | ov_073 | 3.0989991159115895 × 10^287 |
| 72 | ov_072 | 3.712916959768874 × 10^287 |
| 71 | ov_071 | 4.414255001567653 × 10^287 |
| 70 | ov_070 | 5.2113777170112505 × 10^287 |
| 69 | ov_069 | 6.1131916313756626 × 10^287 |
| 68 | ov_068 | 7.12918378206862 × 10^287 |
| 67 | ov_067 | 8.264570214609643 × 10^287 |
| 66 | ov_066 | 8.264576748474234 × 10^287 |
| 65 | ov_065 | 8.264596908202393 × 10^287 |
| 62 | ov_062 | 1.1996592597876935 × 10^288 |
| 61 | ov_061 | 3.630030622905371 × 10^288 |
| 60 | ov_060 | 8.819406342180908 × 10^288 |
| 59 | ov_059 | 1.8334642169087326 × 10^289 |
| 58 | ov_058 | 3.3856135869709724 × 10^289 |
| 57 | ov_057 | 5.706429820741757 × 10^289 |
| 56 | ov_056 | 8.96395802763431 × 10^289 |
| 55 | ov_055 | 1.426296505895324 × 10^290 |
| 54 | ov_054 | 2.398105917176581 × 10^290 |
| 53 | ov_053 | 4.083203243431494 × 10^290 |
| 52 | ov_052 | 6.7865950716749105 × 10^290 |
| 51 | ov_051 | 1.0846929706220076 × 10^291 |
| 50 | ov_050 | 1.6636521535401214 × 10^291 |
| 49 | ov_049 | 2.4561395185256054 × 10^291 |
| 48 | ov_048 | 3.506136382185684 × 10^291 |
| 47 | ov_047 | 4.861015888858239 × 10^291 |
| 46 | ov_046 | 6.571563084188344 × 10^291 |
| 32 | lv_80_m31 | 6.929018182991837 × 10^291 |
| 45 | ov_045 | 8.665755758151799 × 10^291 |
| 44 | ov_044 | 1.1173324747030306 × 10^292 |
| 43 | ov_043 | 1.4125785573113864 × 10^292 |
| 42 | ov_042 | 1.7556479455219925 × 10^292 |
| 41 | ov_041 | 2.1533966534102822 × 10^292 |
| 40 | ov_040 | 2.613062710979613 × 10^292 |
| 31 | ov_031 | 2.8666345886217065 × 10^292 |
| 39 | ov_039 | 3.1422805773391854 × 10^292 |
| 38 | ov_038 | 3.749098680282091 × 10^292 |
| 37 | ov_037 | 4.442000498646515 × 10^292 |
| 36 | ov_036 | 5.229929632179942 × 10^292 |
| 35 | ov_035 | 6.122319333279713 × 10^292 |
| 34 | ov_034 | 7.129127006144491 × 10^292 |
| 33 | ov_033 | 8.260874211744044 × 10^292 |
| 30 | ov_030 | 1.1856080868699448 × 10^293 |
| 29 | ov_029 | 3.5882737611347054 × 10^293 |
| 28 | ov_028 | 8.720585403075593 × 10^293 |
| 27 | ov_027 | 1.8135498845865182 × 10^294 |
| 26 | ov_026 | 3.7781750050046127 × 10^294 |
| 25 | ov_025 | 8.122295929831603 × 10^294 |
| 24 | ov_024 | 1.6535508829982718 × 10^295 |
| 23 | ov_023 | 3.104065945056128 × 10^295 |
| 22 | ov_022 | 5.399387639929622 × 10^295 |
| 21 | ov_021 | 8.808463322007138 × 10^295 |
| 20 | ov_020 | 1.363358519136253 × 10^296 |
| 19 | ov_019 | 2.0210406123710997 × 10^296 |
| 18 | ov_018 | 2.890796325953463 × 10^296 |
| 17 | ov_017 | 4.012871571670441 × 10^296 |
| 16 | ov_016 | 5.430860975582619 × 10^296 |
| 15 | ov_015 | 7.191719082763309 × 10^296 |
| 14 | ov_014 | 9.345778555840214 × 10^296 |
| 13 | ov_013 | 1.1946777942031571 × 10^297 |
| 12 | ov_012 | 1.5051901852632302 × 10^297 |
| 11 | ov_011 | 1.8721836668467688 × 10^297 |
| 10 | ov_010 | 2.302084515491535 × 10^297 |
| 9 | ov_009 | 2.8016863641048903 × 10^297 |
| 8 | ov_008 | 3.378162542728759 × 10^297 |
| 7 | ov_007 | 4.039081355552721 × 10^297 |
| 6 | ov_006 | 4.792424549607064 × 10^297 |
| 5 | ov_005 | 5.6466092201996345 × 10^297 |
| 4 | ov_004 | 6.610513445963746 × 10^297 |
| 3 | ov_003 | 7.693506063123592 × 10^297 |
| 2 | ov_002 | 8.900670008319266 × 10^297 |
| 1 | ov_001 | 1.02373813012649 × 10^298 |

