# Results for F001-F002-F003-F004-F005-F006-F007-F008-F009-F010-F011-F012-F013-F014-F015-F016-F017-F018-F019-F020-F021-F022-F023-F024-F025-F026-F027-F028-F029-F030-F031-F032-F033-F034-F035-F036-F037-F038-F039-F040-F041-F042-F043-F044-F045-F046-F047-F048-F049-F050-F051-F052-F053-F054-F055-F056-F057-F058-F059-F060-F061-F062-F063-F064-F065-F066-F067-F068-F069-F070-F071-F072-F073-F074-F075-F076-F077-F078-F079-F080-F081-F082-F083-F084-F085-F086-F087-F088-F089-F090-F091-F092-F093-F094-F095-F096-F097-F098-F099-F100-F101-F102-F103-F104-F105-F106-F107-F108-F109-F110-F111-F112-F113-F114-F115-F116-F117-F118-F119-F120-F121-F122-F123-F124-F125-F126-F127-F128-F129-F130-F131-F132-F133-F134-F135-F136-F137-F138-F139-F140-F141-F142-F143-F144-F145-F146-F147-F148-F149-F150-F151-F152-F153-F154-F155-F156-F157-F158-F159-F160-F161-F162-F163-F164-F165-F166-F167-F168-F169-F170-F171-F172-F173-F174-F175-F176-F177-F178-F179-F180-F181-F182-F183-F184-F185-F186-F187-F188-F189-F190-F191-F192-F193-F194-F195-F196-F197-F198-F199-F200-F201-F202-F203-F204-F205-F206-F207-F208-F209-F210-F211-F212-F213-F214-F215-F216-F217-F218-F219-F220-F221-F222-F223-F224-F225-F226-F227-F228-F229-F230-F231-F232-F233-F234-F235-F236-F237-F238-F239-F240-F241-F242-F243-F244-F245-F246-F247-F248-F249-F250-F251-F252-F253-F254-F255-F256-F257-F258-F259-F260-F261-F262-F263-F264-F265-F266-F267-F268-F269-F270-F271-F272-F273-F274-F275-F276-F277-F278-F279-F280-F281-F282-F283-F284-F285-F286-F287-F288-F289-F290-F291-F292-F293-F294-F295-F296-F297-F298-F299-F300-F301-F302-F303-F304-F305-F306-F307-F308-F309-F310-F311-F312-F313-F314-F315-F316-F317-F318-F319-F320-F321-F322-F323-F324-F325-F326-F327-F328-F329-F330-F331-F332-F333-F334-F335-F336-F337-F338-F339-F340-F341-F342-F343-F344-F345-F346-F347-F348-F349-F350-F351-F352-F353-F354-F355-F356-F357-F358-F359-F360-F361-F362-F363-F364-F365-F366-F367-F368-F369-F370-F371-F372-F373-F374-F375-F376-F377-F378-F379-F380-F381-F382-F383-F384-F385-F386-F387-F388-F389-F390-F391-F392-F393-F394-F395-F396-F397-F398-F399-F400-F401-F402-F403-F404-F405-F406-F407-F408-F409-F410-F411-F412-F413-F414-F415-F416-F417-F418-F419-F420-F421-F422-F423-F424-F425-F426-F427-F428-F429-F430-F431-F432-F433-F434-F435-F436-F437-F438-F439-F440-F441-F442-F443-F444-F445-F446-F447-F448-F449-F450-F451-F452-F453-F454-F455-F456-F457-F458-F459-F460-F461-F462-F463-F464-F465-F466-F467-F468-F469-F470-F471-F472-F473-F474-F475-F476-F477-F478-F479-F480-F481-F482-F483-F484-F485-F486-F487-F488-F489-F490-F491-F492-F493-F494-F495-F496-E497498-E497507-O499504-E499505-F509-F510-F511-F512

## Summary

Number of input bits: 512  
Number of free input bits: 8  
Number of output bits: 160

Number of direct occurrences: 33037  
Number of assignments: 31039  
Number of operations: 10856710
(xor: 10828805,
and: 14624,
or: 13281)

Total complexity: 9.368266534207858 × 10^297

Least occurring input variable: iv_506 (3920)  
Most occurring input variable: iv_497 (4584)

Most co-occurring input variables: iv_497-iv_508 (2105)  
Least co-occurring input variables: iv_499-iv_503 (1826)

Potentially most occurring input variable: iv_497/iv_499 (4737)  
Potentially least occurring input variable: iv_501/iv_502 (4073)

Least output occurring input variable: iv_497 (69)  
Most output occurring input variable: iv_500 (84)

Most output co-occurring input variables: iv_500-iv_502 (49)  
Least output co-occurring input variables: iv_497-iv_503 (29)

Potentially most output occurring input variable: iv_499/iv_508 (86)  
Potentially least output occurring input variable: iv_501/iv_503 (57)

Least complex input bit: iv_500 (3.6797828361815594 × 10^296)  
Most complex input bit: iv_508 (2.4524218747845516 × 10^297)

Least complex output bit: aaa_76_29 (2.2462581735819296 × 10^273)  
Most complex output bit: ov_001 (1.5000044514924502 × 10^297)

Least complex input/output complexity: iv_500/aaa_76_29 (8.82312884950196 × 10^271)  
Most complex input/output complexity: iv_508/ov_001 (3.926706948059025 × 10^296)

## Input Bits

### Input Bits in Regular Order

| Input Bit | Complexity | Occurrences | Output Occurrences |
|:---------:|:----------:|:-----------:|:------------------:|
| iv_497 | 2.221641580218593 × 10^297 | 4584 | 69 |
| iv_499 | 9.111924698737848 × 10^296 | 4091 | 81 |
| iv_500 | 3.6797828361815594 × 10^296 | 4073 | 84 |
| iv_501 | 6.0570622910189516 × 10^296 | 4046 | 79 |
| iv_502 | 9.764564057242352 × 10^296 | 4107 | 83 |
| iv_503 | 5.70018387595605 × 10^296 | 4059 | 72 |
| iv_506 | 1.2628513032910454 × 10^297 | 3920 | 82 |
| iv_508 | 2.4524218747845516 × 10^297 | 4157 | 81 |

### Input Bits Sorted by Complexity

| Input Bit | Complexity | Occurrences | Output Occurrences |
|:---------:|:----------:|:-----------:|:------------------:|
| iv_500 | 3.6797828361815594 × 10^296 | 4073 | 84 |
| iv_503 | 5.70018387595605 × 10^296 | 4059 | 72 |
| iv_501 | 6.0570622910189516 × 10^296 | 4046 | 79 |
| iv_499 | 9.111924698737848 × 10^296 | 4091 | 81 |
| iv_502 | 9.764564057242352 × 10^296 | 4107 | 83 |
| iv_506 | 1.2628513032910454 × 10^297 | 3920 | 82 |
| iv_497 | 2.221641580218593 × 10^297 | 4584 | 69 |
| iv_508 | 2.4524218747845516 × 10^297 | 4157 | 81 |

### Input Bits Sorted by Occurrences

| Input Bit | Complexity | Occurrences | Output Occurrences |
|:---------:|:----------:|:-----------:|:------------------:|
| iv_506 | 1.2628513032910454 × 10^297 | 3920 | 82 |
| iv_501 | 6.0570622910189516 × 10^296 | 4046 | 79 |
| iv_503 | 5.70018387595605 × 10^296 | 4059 | 72 |
| iv_500 | 3.6797828361815594 × 10^296 | 4073 | 84 |
| iv_499 | 9.111924698737848 × 10^296 | 4091 | 81 |
| iv_502 | 9.764564057242352 × 10^296 | 4107 | 83 |
| iv_508 | 2.4524218747845516 × 10^297 | 4157 | 81 |
| iv_497 | 2.221641580218593 × 10^297 | 4584 | 69 |

### Input Bits Sorted by Output Occurrences

| Input Bit | Complexity | Occurrences | Output Occurrences |
|:---------:|:----------:|:-----------:|:------------------:|
| iv_497 | 2.221641580218593 × 10^297 | 4584 | 69 |
| iv_503 | 5.70018387595605 × 10^296 | 4059 | 72 |
| iv_501 | 6.0570622910189516 × 10^296 | 4046 | 79 |
| iv_499 | 9.111924698737848 × 10^296 | 4091 | 81 |
| iv_508 | 2.4524218747845516 × 10^297 | 4157 | 81 |
| iv_506 | 1.2628513032910454 × 10^297 | 3920 | 82 |
| iv_502 | 9.764564057242352 × 10^296 | 4107 | 83 |
| iv_500 | 3.6797828361815594 × 10^296 | 4073 | 84 |

## Input Bit Co-occurrences

### Input Bit Co-occurrences Sorted by Co-occurrences

| Input Bits | Co-occurrences | Potential Occurrences | Output Co-occurrences | Potential Output Occurrences |
|:----------:|:--------------:|:---------------------:|:---------------------:|:----------------------------:|
| iv_497-iv_508 | 2105 | 4531 | 34 | 82 |
| iv_497-iv_502 | 2104 | 4483 | 34 | 84 |
| iv_497-iv_500 | 2097 | 4463 | 42 | 69 |
| iv_501-iv_502 | 2040 | 4073 | 42 | 78 |
| iv_497-iv_501 | 2035 | 4560 | 34 | 80 |
| iv_497-iv_503 | 2033 | 4577 | 29 | 83 |
| iv_500-iv_502 | 2001 | 4178 | 49 | 69 |
| iv_500-iv_508 | 1972 | 4286 | 40 | 85 |

### Input Bit Co-occurrences Sorted by Potential Occurrences

| Input Bits | Co-occurrences | Potential Occurrences | Output Co-occurrences | Potential Output Occurrences |
|:----------:|:--------------:|:---------------------:|:---------------------:|:----------------------------:|
| iv_501-iv_502 | 2040 | 4073 | 42 | 78 |
| iv_503-iv_506 | 1909 | 4161 | 35 | 84 |
| iv_500-iv_506 | 1910 | 4173 | 42 | 82 |
| iv_500-iv_502 | 2001 | 4178 | 49 | 69 |
| iv_500-iv_501 | 1953 | 4213 | 43 | 77 |
| iv_501-iv_503 | 1934 | 4237 | 47 | 57 |
| iv_501-iv_506 | 1861 | 4244 | 40 | 81 |
| iv_500-iv_508 | 1972 | 4286 | 40 | 85 |

### Input Bit Output Co-occurrences Sorted by Output Co-occurrences

| Input Bits | Co-occurrences | Potential Occurrences | Output Co-occurrences | Potential Output Occurrences |
|:----------:|:--------------:|:---------------------:|:---------------------:|:----------------------------:|
| iv_500-iv_502 | 2001 | 4178 | 49 | 69 |
| iv_499-iv_500 | 1905 | 4354 | 48 | 69 |
| iv_499-iv_502 | 1941 | 4316 | 47 | 70 |
| iv_501-iv_503 | 1934 | 4237 | 47 | 57 |
| iv_499-iv_506 | 1841 | 4329 | 45 | 73 |
| iv_500-iv_501 | 1953 | 4213 | 43 | 77 |
| iv_497-iv_499 | 1969 | 4737 | 42 | 66 |
| iv_497-iv_500 | 2097 | 4463 | 42 | 69 |

### Input Bit Output Co-occurrences Sorted by Potential Output Occurrences

| Input Bits | Co-occurrences | Potential Occurrences | Output Co-occurrences | Potential Output Occurrences |
|:----------:|:--------------:|:---------------------:|:---------------------:|:----------------------------:|
| iv_501-iv_503 | 1934 | 4237 | 47 | 57 |
| iv_497-iv_499 | 1969 | 4737 | 42 | 66 |
| iv_497-iv_500 | 2097 | 4463 | 42 | 69 |
| iv_499-iv_500 | 1905 | 4354 | 48 | 69 |
| iv_500-iv_502 | 2001 | 4178 | 49 | 69 |
| iv_499-iv_502 | 1941 | 4316 | 47 | 70 |
| iv_499-iv_506 | 1841 | 4329 | 45 | 73 |
| iv_500-iv_501 | 1953 | 4213 | 43 | 77 |

## Output Bits

### Output Bits in Regular Order

| Rank | Output Bit | Complexity |
|:----:|:----------:|:----------:|
| 1 | ov_001 | 1.5000044514924502 × 10^297 |
| 2 | ov_002 | 1.3007015874440253 × 10^297 |
| 3 | ov_003 | 1.122172494481074 × 10^297 |
| 4 | ov_004 | 9.628428146178334 × 10^296 |
| 5 | ov_005 | 8.212240258377701 × 10^296 |
| 6 | ov_006 | 6.959073216852607 × 10^296 |
| 7 | ov_007 | 5.855582812052883 × 10^296 |
| 8 | ov_008 | 4.889122778605843 × 10^296 |
| 9 | ov_009 | 4.04770570225107 × 10^296 |
| 10 | ov_010 | 3.3199700676234476 × 10^296 |
| 11 | ov_011 | 2.6951527622222574 × 10^296 |
| 12 | ov_012 | 2.1630663910562814 × 10^296 |
| 13 | ov_013 | 1.7140807948705553 × 10^296 |
| 14 | ov_014 | 1.339108202703662 × 10^296 |
| 15 | ov_015 | 1.0295914869328655 × 10^296 |
| 16 | ov_016 | 7.774950260510134 × 10^295 |
| 17 | ov_017 | 5.752977172728544 × 10^295 |
| 18 | ov_018 | 4.159877177563107 × 10^295 |
| 19 | ov_019 | 2.930585297954886 × 10^295 |
| 20 | ov_020 | 2.0050609903924442 × 10^295 |
| 21 | ov_021 | 1.3282668057142312 × 10^295 |
| 22 | ov_022 | 8.501530661704056 × 10^294 |
| 23 | ov_023 | 5.2564727314819645 × 10^294 |
| 24 | ov_024 | 3.1464714183801514 × 10^294 |
| 25 | ov_025 | 1.8201634095415945 × 10^294 |
| 26 | ov_026 | 9.758216021389621 × 10^293 |
| 27 | ov_027 | 4.749895603327904 × 10^293 |
| 28 | ov_028 | 2.0402185957537502 × 10^293 |
| 29 | ov_029 | 7.408298520105031 × 10^292 |
| 30 | ov_030 | 2.1147043854868472 × 10^292 |
| 31 | ov_031 | 4.328203763236512 × 10^291 |
| 32 | lv_80_k31 | 1.0482128553467817 × 10^291 |
| 33 | ov_033 | 1.2558669018429678 × 10^292 |
| 34 | ov_034 | 1.0889167377633625 × 10^292 |
| 35 | ov_035 | 9.395698288586991 × 10^291 |
| 36 | ov_036 | 8.063952224246785 × 10^291 |
| 37 | ov_037 | 6.880387027406124 × 10^291 |
| 38 | ov_038 | 5.832174171968758 × 10^291 |
| 39 | ov_039 | 4.9071524553643666 × 10^291 |
| 40 | ov_040 | 4.093788374291609 × 10^291 |
| 41 | ov_041 | 3.381142481601905 × 10^291 |
| 42 | ov_042 | 2.7638897149408132 × 10^291 |
| 43 | ov_043 | 2.2369814247592395 × 10^291 |
| 44 | ov_044 | 1.791108646272122 × 10^291 |
| 45 | ov_045 | 1.4174691379559822 × 10^291 |
| 46 | ov_046 | 1.1077545576007394 × 10^291 |
| 47 | ov_047 | 8.541402505281014 × 10^290 |
| 48 | ov_048 | 6.492772383373647 × 10^290 |
| 49 | ov_049 | 4.862860760805639 × 10^290 |
| 50 | ov_050 | 3.5875227870102745 × 10^290 |
| 51 | ov_051 | 2.6072300402953667 × 10^290 |
| 52 | ov_052 | 1.8670468872208013 × 10^290 |
| 53 | ov_053 | 1.3166137838095677 × 10^290 |
| 54 | ov_054 | 9.101356188777997 × 10^289 |
| 55 | ov_055 | 6.063738275463633 × 10^289 |
| 56 | ov_056 | 3.858474811803965 × 10^289 |
| 57 | ov_057 | 2.313504090542571 × 10^289 |
| 58 | ov_058 | 1.2795006564144021 × 10^289 |
| 59 | ov_059 | 6.298692899808859 × 10^288 |
| 60 | ov_060 | 2.6074221584118238 × 10^288 |
| 61 | ov_061 | 9.097807330772649 × 10^287 |
| 62 | ov_062 | 2.4929152283279566 × 10^287 |
| 63 | ov_063 | 4.8530233898263635 × 10^286 |
| 64 | lv_79_m31 | 9.445379741806015 × 10^285 |
| 65 | ov_065 | 1.1223254259004787 × 10^287 |
| 66 | ov_066 | 1.1223217193679612 × 10^287 |
| 67 | ov_067 | 1.1223208121806487 × 10^287 |
| 68 | ov_068 | 9.679849418160042 × 10^286 |
| 69 | ov_069 | 8.306402255903869 × 10^286 |
| 70 | ov_070 | 7.088829514978062 × 10^286 |
| 71 | ov_071 | 6.013958025285563 × 10^286 |
| 72 | ov_072 | 5.069420049915069 × 10^286 |
| 73 | ov_073 | 4.2435999369026036 × 10^286 |
| 74 | ov_074 | 3.5255856676853956 × 10^286 |
| 75 | ov_075 | 2.9051250405122644 × 10^286 |
| 76 | ov_076 | 2.3725862353371254 × 10^286 |
| 77 | ov_077 | 1.9189225134108747 × 10^286 |
| 78 | ov_078 | 1.535640810135756 × 10^286 |
| 79 | ov_079 | 1.2147739839545382 × 10^286 |
| 80 | ov_080 | 9.488564872893993 × 10^285 |
| 81 | ov_081 | 7.309032279810096 × 10^285 |
| 82 | ov_082 | 5.543913914640087 × 10^285 |
| 83 | ov_083 | 4.1324499520176027 × 10^285 |
| 84 | ov_084 | 3.018219478204924 × 10^285 |
| 85 | ov_085 | 2.149033860287308 × 10^285 |
| 86 | ov_086 | 1.4998448759504578 × 10^285 |
| 87 | ov_087 | 1.0266883523547498 × 10^285 |
| 88 | ov_088 | 6.896265388550736 × 10^284 |
| 89 | ov_089 | 4.527099650350956 × 10^284 |
| 90 | ov_090 | 2.8395077320552202 × 10^284 |
| 91 | ov_091 | 1.6834275085327519 × 10^284 |
| 92 | ov_092 | 9.284841444849567 × 10^283 |
| 93 | ov_093 | 4.639523951728068 × 10^283 |
| 94 | ov_094 | 1.9873807355078355 × 10^283 |
| 95 | aaa_78_28 | 6.137048117792269 × 10^282 |
| 96 | aaa_78_29 | 1.8848123572051242 × 10^282 |
| 97 | ov_097 | 1.244849702824424 × 10^282 |
| 98 | ov_098 | 1.2448124041169587 × 10^282 |
| 99 | ov_099 | 1.2448005031315514 × 10^282 |
| 100 | ov_100 | 1.1202401689955734 × 10^282 |
| 101 | ov_101 | 1.0048564146669328 × 10^282 |
| 102 | ov_102 | 8.981482402651296 × 10^281 |
| 103 | ov_103 | 7.9965118262417 × 10^281 |
| 104 | ov_104 | 7.089324512807869 × 10^281 |
| 105 | ov_105 | 6.255865228185375 × 10^281 |
| 106 | ov_106 | 5.492311702060188 × 10^281 |
| 107 | ov_107 | 4.7950390456168696 × 10^281 |
| 108 | ov_108 | 4.1605880740571545 × 10^281 |
| 109 | ov_109 | 3.585637319455731 × 10^281 |
| 110 | ov_110 | 3.066978523083261 × 10^281 |
| 111 | ov_111 | 2.6014953989992896 × 10^281 |
| 112 | ov_112 | 2.1861454625930945 × 10^281 |
| 113 | ov_113 | 1.8179447190065493 × 10^281 |
| 114 | ov_114 | 1.4939547134280816 × 10^281 |
| 115 | ov_115 | 1.211271445734509 × 10^281 |
| 116 | ov_116 | 9.670162397430303 × 10^280 |
| 117 | ov_117 | 7.583286575275951 × 10^280 |
| 118 | ov_118 | 5.823612556420162 × 10^280 |
| 119 | ov_119 | 4.362758133944496 × 10^280 |
| 120 | ov_120 | 3.172405219576494 × 10^280 |
| 121 | ov_121 | 2.224278406617232 × 10^280 |
| 122 | ov_122 | 1.4901291899097713 × 10^280 |
| 123 | ov_123 | 9.417248281330359 × 10^279 |
| 124 | ov_124 | 5.508408337198311 × 10^279 |
| 125 | ov_125 | 2.8925632240993366 × 10^279 |
| 126 | ov_126 | 1.2875164225321736 × 10^279 |
| 127 | aaa_77_28 | 4.110746399822202 × 10^278 |
| 128 | aaa_77_29 | 1.540543708885604 × 10^278 |
| 129 | ov_129 | 1.4123880990572094 × 10^278 |
| 130 | ov_130 | 1.4123837278060053 × 10^278 |
| 131 | ov_131 | 1.412382672065395 × 10^278 |
| 132 | ov_132 | 1.2228349998034033 × 10^278 |
| 133 | ov_133 | 1.0530213735328772 × 10^278 |
| 134 | ov_134 | 9.013736217166726 × 10^277 |
| 135 | ov_135 | 7.6640625523283795 × 10^277 |
| 136 | ov_136 | 6.4739640115251895 × 10^277 |
| 137 | ov_137 | 5.430069698854551 × 10^277 |
| 138 | ov_138 | 4.519682210734254 × 10^277 |
| 139 | ov_139 | 3.7307414864497 × 10^277 |
| 140 | ov_140 | 3.051794841561168 × 10^277 |
| 141 | ov_141 | 2.471972466559869 × 10^277 |
| 142 | ov_142 | 1.980967712897379 × 10^277 |
| 143 | ov_143 | 1.5690215278300776 × 10^277 |
| 144 | ov_144 | 1.2269104385557339 × 10^277 |
| 145 | ov_145 | 9.459375249720789 × 10^276 |
| 146 | ov_146 | 7.179258591223182 × 10^276 |
| 147 | ov_147 | 5.352139280489584 × 10^276 |
| 148 | ov_148 | 3.906525953772398 × 10^276 |
| 149 | ov_149 | 2.7760319550688655 × 10^276 |
| 150 | ov_150 | 1.928738338042527 × 10^276 |
| 151 | ov_151 | 1.308438155081155 × 10^276 |
| 152 | ov_152 | 8.640063264919792 × 10^275 |
| 153 | ov_153 | 5.493964219381166 × 10^275 |
| 154 | ov_154 | 3.236384140362134 × 10^275 |
| 155 | ov_155 | 1.6751615764474167 × 10^275 |
| 156 | aaa_76_25 | 6.435071914772532 × 10^274 |
| 157 | aaa_76_26 | 3.7141356120017927 × 10^274 |
| 158 | aaa_76_27 | 1.9000700564452037 × 10^274 |
| 159 | aaa_76_28 | 7.392117346605486 × 10^273 |
| 160 | aaa_76_29 | 2.2462581735819296 × 10^273 |

### Output Bits Sorted by Complexity

| Rank | Output Bit | Complexity |
|:----:|:----------:|:----------:|
| 160 | aaa_76_29 | 2.2462581735819296 × 10^273 |
| 159 | aaa_76_28 | 7.392117346605486 × 10^273 |
| 158 | aaa_76_27 | 1.9000700564452037 × 10^274 |
| 157 | aaa_76_26 | 3.7141356120017927 × 10^274 |
| 156 | aaa_76_25 | 6.435071914772532 × 10^274 |
| 155 | ov_155 | 1.6751615764474167 × 10^275 |
| 154 | ov_154 | 3.236384140362134 × 10^275 |
| 153 | ov_153 | 5.493964219381166 × 10^275 |
| 152 | ov_152 | 8.640063264919792 × 10^275 |
| 151 | ov_151 | 1.308438155081155 × 10^276 |
| 150 | ov_150 | 1.928738338042527 × 10^276 |
| 149 | ov_149 | 2.7760319550688655 × 10^276 |
| 148 | ov_148 | 3.906525953772398 × 10^276 |
| 147 | ov_147 | 5.352139280489584 × 10^276 |
| 146 | ov_146 | 7.179258591223182 × 10^276 |
| 145 | ov_145 | 9.459375249720789 × 10^276 |
| 144 | ov_144 | 1.2269104385557339 × 10^277 |
| 143 | ov_143 | 1.5690215278300776 × 10^277 |
| 142 | ov_142 | 1.980967712897379 × 10^277 |
| 141 | ov_141 | 2.471972466559869 × 10^277 |
| 140 | ov_140 | 3.051794841561168 × 10^277 |
| 139 | ov_139 | 3.7307414864497 × 10^277 |
| 138 | ov_138 | 4.519682210734254 × 10^277 |
| 137 | ov_137 | 5.430069698854551 × 10^277 |
| 136 | ov_136 | 6.4739640115251895 × 10^277 |
| 135 | ov_135 | 7.6640625523283795 × 10^277 |
| 134 | ov_134 | 9.013736217166726 × 10^277 |
| 133 | ov_133 | 1.0530213735328772 × 10^278 |
| 132 | ov_132 | 1.2228349998034033 × 10^278 |
| 131 | ov_131 | 1.412382672065395 × 10^278 |
| 130 | ov_130 | 1.4123837278060053 × 10^278 |
| 129 | ov_129 | 1.4123880990572094 × 10^278 |
| 128 | aaa_77_29 | 1.540543708885604 × 10^278 |
| 127 | aaa_77_28 | 4.110746399822202 × 10^278 |
| 126 | ov_126 | 1.2875164225321736 × 10^279 |
| 125 | ov_125 | 2.8925632240993366 × 10^279 |
| 124 | ov_124 | 5.508408337198311 × 10^279 |
| 123 | ov_123 | 9.417248281330359 × 10^279 |
| 122 | ov_122 | 1.4901291899097713 × 10^280 |
| 121 | ov_121 | 2.224278406617232 × 10^280 |
| 120 | ov_120 | 3.172405219576494 × 10^280 |
| 119 | ov_119 | 4.362758133944496 × 10^280 |
| 118 | ov_118 | 5.823612556420162 × 10^280 |
| 117 | ov_117 | 7.583286575275951 × 10^280 |
| 116 | ov_116 | 9.670162397430303 × 10^280 |
| 115 | ov_115 | 1.211271445734509 × 10^281 |
| 114 | ov_114 | 1.4939547134280816 × 10^281 |
| 113 | ov_113 | 1.8179447190065493 × 10^281 |
| 112 | ov_112 | 2.1861454625930945 × 10^281 |
| 111 | ov_111 | 2.6014953989992896 × 10^281 |
| 110 | ov_110 | 3.066978523083261 × 10^281 |
| 109 | ov_109 | 3.585637319455731 × 10^281 |
| 108 | ov_108 | 4.1605880740571545 × 10^281 |
| 107 | ov_107 | 4.7950390456168696 × 10^281 |
| 106 | ov_106 | 5.492311702060188 × 10^281 |
| 105 | ov_105 | 6.255865228185375 × 10^281 |
| 104 | ov_104 | 7.089324512807869 × 10^281 |
| 103 | ov_103 | 7.9965118262417 × 10^281 |
| 102 | ov_102 | 8.981482402651296 × 10^281 |
| 101 | ov_101 | 1.0048564146669328 × 10^282 |
| 100 | ov_100 | 1.1202401689955734 × 10^282 |
| 99 | ov_099 | 1.2448005031315514 × 10^282 |
| 98 | ov_098 | 1.2448124041169587 × 10^282 |
| 97 | ov_097 | 1.244849702824424 × 10^282 |
| 96 | aaa_78_29 | 1.8848123572051242 × 10^282 |
| 95 | aaa_78_28 | 6.137048117792269 × 10^282 |
| 94 | ov_094 | 1.9873807355078355 × 10^283 |
| 93 | ov_093 | 4.639523951728068 × 10^283 |
| 92 | ov_092 | 9.284841444849567 × 10^283 |
| 91 | ov_091 | 1.6834275085327519 × 10^284 |
| 90 | ov_090 | 2.8395077320552202 × 10^284 |
| 89 | ov_089 | 4.527099650350956 × 10^284 |
| 88 | ov_088 | 6.896265388550736 × 10^284 |
| 87 | ov_087 | 1.0266883523547498 × 10^285 |
| 86 | ov_086 | 1.4998448759504578 × 10^285 |
| 85 | ov_085 | 2.149033860287308 × 10^285 |
| 84 | ov_084 | 3.018219478204924 × 10^285 |
| 83 | ov_083 | 4.1324499520176027 × 10^285 |
| 82 | ov_082 | 5.543913914640087 × 10^285 |
| 81 | ov_081 | 7.309032279810096 × 10^285 |
| 64 | lv_79_m31 | 9.445379741806015 × 10^285 |
| 80 | ov_080 | 9.488564872893993 × 10^285 |
| 79 | ov_079 | 1.2147739839545382 × 10^286 |
| 78 | ov_078 | 1.535640810135756 × 10^286 |
| 77 | ov_077 | 1.9189225134108747 × 10^286 |
| 76 | ov_076 | 2.3725862353371254 × 10^286 |
| 75 | ov_075 | 2.9051250405122644 × 10^286 |
| 74 | ov_074 | 3.5255856676853956 × 10^286 |
| 73 | ov_073 | 4.2435999369026036 × 10^286 |
| 63 | ov_063 | 4.8530233898263635 × 10^286 |
| 72 | ov_072 | 5.069420049915069 × 10^286 |
| 71 | ov_071 | 6.013958025285563 × 10^286 |
| 70 | ov_070 | 7.088829514978062 × 10^286 |
| 69 | ov_069 | 8.306402255903869 × 10^286 |
| 68 | ov_068 | 9.679849418160042 × 10^286 |
| 67 | ov_067 | 1.1223208121806487 × 10^287 |
| 66 | ov_066 | 1.1223217193679612 × 10^287 |
| 65 | ov_065 | 1.1223254259004787 × 10^287 |
| 62 | ov_062 | 2.4929152283279566 × 10^287 |
| 61 | ov_061 | 9.097807330772649 × 10^287 |
| 60 | ov_060 | 2.6074221584118238 × 10^288 |
| 59 | ov_059 | 6.298692899808859 × 10^288 |
| 58 | ov_058 | 1.2795006564144021 × 10^289 |
| 57 | ov_057 | 2.313504090542571 × 10^289 |
| 56 | ov_056 | 3.858474811803965 × 10^289 |
| 55 | ov_055 | 6.063738275463633 × 10^289 |
| 54 | ov_054 | 9.101356188777997 × 10^289 |
| 53 | ov_053 | 1.3166137838095677 × 10^290 |
| 52 | ov_052 | 1.8670468872208013 × 10^290 |
| 51 | ov_051 | 2.6072300402953667 × 10^290 |
| 50 | ov_050 | 3.5875227870102745 × 10^290 |
| 49 | ov_049 | 4.862860760805639 × 10^290 |
| 48 | ov_048 | 6.492772383373647 × 10^290 |
| 47 | ov_047 | 8.541402505281014 × 10^290 |
| 32 | lv_80_k31 | 1.0482128553467817 × 10^291 |
| 46 | ov_046 | 1.1077545576007394 × 10^291 |
| 45 | ov_045 | 1.4174691379559822 × 10^291 |
| 44 | ov_044 | 1.791108646272122 × 10^291 |
| 43 | ov_043 | 2.2369814247592395 × 10^291 |
| 42 | ov_042 | 2.7638897149408132 × 10^291 |
| 41 | ov_041 | 3.381142481601905 × 10^291 |
| 40 | ov_040 | 4.093788374291609 × 10^291 |
| 31 | ov_031 | 4.328203763236512 × 10^291 |
| 39 | ov_039 | 4.9071524553643666 × 10^291 |
| 38 | ov_038 | 5.832174171968758 × 10^291 |
| 37 | ov_037 | 6.880387027406124 × 10^291 |
| 36 | ov_036 | 8.063952224246785 × 10^291 |
| 35 | ov_035 | 9.395698288586991 × 10^291 |
| 34 | ov_034 | 1.0889167377633625 × 10^292 |
| 33 | ov_033 | 1.2558669018429678 × 10^292 |
| 30 | ov_030 | 2.1147043854868472 × 10^292 |
| 29 | ov_029 | 7.408298520105031 × 10^292 |
| 28 | ov_028 | 2.0402185957537502 × 10^293 |
| 27 | ov_027 | 4.749895603327904 × 10^293 |
| 26 | ov_026 | 9.758216021389621 × 10^293 |
| 25 | ov_025 | 1.8201634095415945 × 10^294 |
| 24 | ov_024 | 3.1464714183801514 × 10^294 |
| 23 | ov_023 | 5.2564727314819645 × 10^294 |
| 22 | ov_022 | 8.501530661704056 × 10^294 |
| 21 | ov_021 | 1.3282668057142312 × 10^295 |
| 20 | ov_020 | 2.0050609903924442 × 10^295 |
| 19 | ov_019 | 2.930585297954886 × 10^295 |
| 18 | ov_018 | 4.159877177563107 × 10^295 |
| 17 | ov_017 | 5.752977172728544 × 10^295 |
| 16 | ov_016 | 7.774950260510134 × 10^295 |
| 15 | ov_015 | 1.0295914869328655 × 10^296 |
| 14 | ov_014 | 1.339108202703662 × 10^296 |
| 13 | ov_013 | 1.7140807948705553 × 10^296 |
| 12 | ov_012 | 2.1630663910562814 × 10^296 |
| 11 | ov_011 | 2.6951527622222574 × 10^296 |
| 10 | ov_010 | 3.3199700676234476 × 10^296 |
| 9 | ov_009 | 4.04770570225107 × 10^296 |
| 8 | ov_008 | 4.889122778605843 × 10^296 |
| 7 | ov_007 | 5.855582812052883 × 10^296 |
| 6 | ov_006 | 6.959073216852607 × 10^296 |
| 5 | ov_005 | 8.212240258377701 × 10^296 |
| 4 | ov_004 | 9.628428146178334 × 10^296 |
| 3 | ov_003 | 1.122172494481074 × 10^297 |
| 2 | ov_002 | 1.3007015874440253 × 10^297 |
| 1 | ov_001 | 1.5000044514924502 × 10^297 |

