# Results for F001-F002-F003-F004-F005-F006-F007-F008-F009-F010-F011-F012-F013-F014-F015-F016-F017-F018-F019-F020-F021-F022-F023-F024-F025-F026-F027-F028-F029-F030-F031-F032-F033-F034-F035-F036-F037-F038-F039-F040-F041-F042-F043-F044-F045-F046-F047-F048-F049-F050-F051-F052-F053-F054-F055-F056-F057-F058-F059-F060-F061-F062-F063-F064-F065-F066-F067-F068-F069-F070-F071-F072-F073-F074-F075-F076-F077-F078-F079-F080-F081-F082-F083-F084-F085-F086-F087-F088-F089-F090-F091-F092-F093-F094-F095-F096-F097-F098-F099-F100-F101-F102-F103-F104-F105-F106-F107-F108-F109-F110-F111-F112-F113-F114-F115-F116-F117-F118-F119-F120-F121-F122-F123-F124-F125-F126-F127-F128-F129-F130-F131-F132-F133-F134-F135-F136-F137-F138-F139-F140-F141-F142-F143-F144-F145-F146-F147-F148-F149-F150-F151-F152-F153-F154-F155-F156-F157-F158-F159-F160-F161-F162-F163-F164-F165-F166-F167-F168-F169-F170-F171-F172-F173-F174-F175-F176-F177-F178-F179-F180-F181-F182-F183-F184-F185-F186-F187-F188-F189-F190-F191-F192-F193-F194-F195-F196-F197-F198-F199-F200-F201-F202-F203-F204-F205-F206-F207-F208-F209-F210-F211-F212-F213-F214-F215-F216-F217-F218-F219-F220-F221-F222-F223-F224-F225-F226-F227-F228-F229-F230-F231-F232-F233-F234-F235-F236-F237-F238-F239-F240-F241-F242-F243-F244-F245-F246-F247-F248-F249-F250-F251-F252-F253-F254-F255-F256-F257-F258-F259-F260-F261-F262-F263-F264-F265-F266-F267-F268-F269-F270-F271-F272-F273-F274-F275-F276-F277-F278-F279-F280-F281-F282-F283-F284-F285-F286-F287-F288-F289-F290-F291-F292-F293-F294-F295-F296-F297-F298-F299-F300-F301-F302-F303-F304-F305-F306-F307-F308-F309-F310-F311-F312-F313-F314-F315-F316-F317-F318-F319-F320-F321-F322-F323-F324-F325-F326-F327-F328-F329-F330-F331-F332-F333-F334-F335-F336-F337-F338-F339-F340-F341-F342-F343-F344-F345-F346-F347-F348-F349-F350-F351-F352-F353-F354-F355-F356-F357-F358-F359-F360-F361-F362-F363-F364-F365-F366-F367-F368-F369-F370-F371-F372-F373-F374-F375-F376-F377-F378-F379-F380-F381-F382-F383-F384-F385-F386-F387-F388-F389-F390-F391-F392-F393-F394-F395-F396-F397-F398-F399-F400-F401-F402-F403-F404-F405-F406-F407-F408-F409-F410-F411-F412-F413-F414-F415-F416-F417-F418-F419-F420-F421-F422-F423-F424-F425-F426-F427-F428-F429-F430-F431-F432-F433-F434-F435-F436-F437-F438-F439-F440-F441-F442-F443-F444-F445-F446-F447-F448-F449-F450-F451-F452-F453-F454-F455-F456-F457-F458-F459-F460-F461-F462-F463-F464-F465-F466-F467-F468-F469-F470-F471-F472-F473-F474-F475-F476-F477-F478-F479-F480-F481-F482-F483-F484-F485-F486-F487-F488-F489-F490-F491-F492-F493-F494-F495-F496-F497-F498-F499-F500-F501-E502506-E506508-F512

## Summary

Number of input bits: 512  
Number of free input bits: 8  
Number of output bits: 160

Number of direct occurrences: 33476  
Number of assignments: 31043  
Number of operations: 10953479
(xor: 10924389,
and: 15977,
or: 13113)

Total complexity: 7.175639079072397 × 10^298

Least occurring input variable: iv_505 (3941)  
Most occurring input variable: iv_502 (4487)

Most co-occurring input variables: iv_502-iv_509 (2165)  
Least co-occurring input variables: iv_504-iv_505 (1830)

Potentially most occurring input variable: iv_502/iv_503 (4740)  
Potentially least occurring input variable: iv_504/iv_505 (4229)

Least output occurring input variable: iv_502 (68)  
Most output occurring input variable: iv_511 (80)

Most output co-occurring input variables: iv_503-iv_505 (42)  
Least output co-occurring input variables: iv_502-iv_505 (27)

Potentially most output occurring input variable: iv_502/iv_505 (93)  
Potentially least output occurring input variable: iv_502/iv_507 (70)

Least complex input bit: iv_511 (1.5544288613075604 × 10^295)  
Most complex input bit: iv_510 (1.950987891437544 × 10^298)

Least complex output bit: aaa_76_29 (1.1023448057139044 × 10^274)  
Most complex output bit: ov_001 (1.1405896207800242 × 10^298)

Least complex input/output complexity: iv_511/aaa_76_29 (2.387963723135972 × 10^270)  
Most complex input/output complexity: iv_510/ov_001 (3.1011544960937906 × 10^297)

Input variable with highest collision probability: iv_503 (½^160.00000000000045)

## Input Bits

### Input Bits in Regular Order

| Input Bit | Complexity | Occurrences | Output Occurrences | Collision Probability |
|:---------:|:----------:|:-----------:|:------------------:|:---------------------:|
| iv_502 | 1.6370600442388098 × 10^298 | 4487 | 68 | ½^160.00000000000068 |
| iv_503 | 1.5239101441868942 × 10^297 | 4181 | 78 | ½^160.00000000000045 |
| iv_504 | 2.5329412333721215 × 10^297 | 3948 | 78 | ½^160.0000000000006 |
| iv_505 | 4.0262834923399145 × 10^297 | 3941 | 79 | ½^160.0000000000006 |
| iv_507 | 9.273741296888028 × 10^297 | 4192 | 76 | ½^160.00000000000085 |
| iv_509 | 1.850349097856038 × 10^298 | 4246 | 80 | ½^160.0000000000008 |
| iv_510 | 1.950987891437544 × 10^298 | 4267 | 74 | ½^160.00000000000074 |
| iv_511 | 1.5544288613075604 × 10^295 | 4214 | 80 | ½^160.0000000000007 |

### Input Bits Sorted by Complexity

| Input Bit | Complexity | Occurrences | Output Occurrences | Collision Probability |
|:---------:|:----------:|:-----------:|:------------------:|:---------------------:|
| iv_511 | 1.5544288613075604 × 10^295 | 4214 | 80 | ½^160.0000000000007 |
| iv_503 | 1.5239101441868942 × 10^297 | 4181 | 78 | ½^160.00000000000045 |
| iv_504 | 2.5329412333721215 × 10^297 | 3948 | 78 | ½^160.0000000000006 |
| iv_505 | 4.0262834923399145 × 10^297 | 3941 | 79 | ½^160.0000000000006 |
| iv_507 | 9.273741296888028 × 10^297 | 4192 | 76 | ½^160.00000000000085 |
| iv_502 | 1.6370600442388098 × 10^298 | 4487 | 68 | ½^160.00000000000068 |
| iv_509 | 1.850349097856038 × 10^298 | 4246 | 80 | ½^160.0000000000008 |
| iv_510 | 1.950987891437544 × 10^298 | 4267 | 74 | ½^160.00000000000074 |

### Input Bits Sorted by Occurrences

| Input Bit | Complexity | Occurrences | Output Occurrences | Collision Probability |
|:---------:|:----------:|:-----------:|:------------------:|:---------------------:|
| iv_505 | 4.0262834923399145 × 10^297 | 3941 | 79 | ½^160.0000000000006 |
| iv_504 | 2.5329412333721215 × 10^297 | 3948 | 78 | ½^160.0000000000006 |
| iv_503 | 1.5239101441868942 × 10^297 | 4181 | 78 | ½^160.00000000000045 |
| iv_507 | 9.273741296888028 × 10^297 | 4192 | 76 | ½^160.00000000000085 |
| iv_511 | 1.5544288613075604 × 10^295 | 4214 | 80 | ½^160.0000000000007 |
| iv_509 | 1.850349097856038 × 10^298 | 4246 | 80 | ½^160.0000000000008 |
| iv_510 | 1.950987891437544 × 10^298 | 4267 | 74 | ½^160.00000000000074 |
| iv_502 | 1.6370600442388098 × 10^298 | 4487 | 68 | ½^160.00000000000068 |

### Input Bits Sorted by Output Occurrences

| Input Bit | Complexity | Occurrences | Output Occurrences | Collision Probability |
|:---------:|:----------:|:-----------:|:------------------:|:---------------------:|
| iv_502 | 1.6370600442388098 × 10^298 | 4487 | 68 | ½^160.00000000000068 |
| iv_510 | 1.950987891437544 × 10^298 | 4267 | 74 | ½^160.00000000000074 |
| iv_507 | 9.273741296888028 × 10^297 | 4192 | 76 | ½^160.00000000000085 |
| iv_503 | 1.5239101441868942 × 10^297 | 4181 | 78 | ½^160.00000000000045 |
| iv_504 | 2.5329412333721215 × 10^297 | 3948 | 78 | ½^160.0000000000006 |
| iv_505 | 4.0262834923399145 × 10^297 | 3941 | 79 | ½^160.0000000000006 |
| iv_509 | 1.850349097856038 × 10^298 | 4246 | 80 | ½^160.0000000000008 |
| iv_511 | 1.5544288613075604 × 10^295 | 4214 | 80 | ½^160.0000000000007 |

### Input Bits Sorted by Collision Probability

| Input Bit | Complexity | Occurrences | Output Occurrences | Collision Probability |
|:---------:|:----------:|:-----------:|:------------------:|:---------------------:|
| iv_503 | 1.5239101441868942 × 10^297 | 4181 | 78 | ½^160.00000000000045 |
| iv_505 | 4.0262834923399145 × 10^297 | 3941 | 79 | ½^160.0000000000006 |
| iv_504 | 2.5329412333721215 × 10^297 | 3948 | 78 | ½^160.0000000000006 |
| iv_502 | 1.6370600442388098 × 10^298 | 4487 | 68 | ½^160.00000000000068 |
| iv_511 | 1.5544288613075604 × 10^295 | 4214 | 80 | ½^160.0000000000007 |
| iv_510 | 1.950987891437544 × 10^298 | 4267 | 74 | ½^160.00000000000074 |
| iv_509 | 1.850349097856038 × 10^298 | 4246 | 80 | ½^160.0000000000008 |
| iv_507 | 9.273741296888028 × 10^297 | 4192 | 76 | ½^160.00000000000085 |

## Input Bit/Output Bit Collision Probabilities

| Input Bit | Output Bit | Collision Probability |
|:---------:|:----------:|:---------------------:|
| iv_503 | ov_019 | 0.5000000000000042 |
| iv_503 | ov_093 | 0.5000000000000024 |
| iv_507 | ov_072 | 0.5000000000000022 |
| iv_507 | aaa_76_27 | 0.5000000000000022 |
| iv_503 | ov_031 | 0.5000000000000018 |
| iv_503 | ov_047 | 0.5000000000000018 |
| iv_503 | lv_79_m31 | 0.5000000000000018 |
| iv_503 | ov_113 | 0.5000000000000018 |

## Input Bit Co-occurrences

### Input Bit Co-occurrences Sorted by Co-occurrences

| Input Bits | Co-occurrences | Potential Occurrences | Output Co-occurrences | Potential Output Occurrences |
|:----------:|:--------------:|:---------------------:|:---------------------:|:----------------------------:|
| iv_502-iv_509 | 2165 | 4403 | 37 | 74 |
| iv_502-iv_510 | 2128 | 4498 | 29 | 84 |
| iv_509-iv_510 | 2119 | 4275 | 37 | 80 |
| iv_502-iv_507 | 2066 | 4547 | 37 | 70 |
| iv_509-iv_511 | 2062 | 4336 | 37 | 86 |
| iv_510-iv_511 | 2059 | 4363 | 39 | 76 |
| iv_507-iv_509 | 2024 | 4390 | 38 | 80 |
| iv_503-iv_509 | 2009 | 4409 | 38 | 82 |

### Input Bit Co-occurrences Sorted by Potential Occurrences

| Input Bits | Co-occurrences | Potential Occurrences | Output Co-occurrences | Potential Output Occurrences |
|:----------:|:--------------:|:---------------------:|:---------------------:|:----------------------------:|
| iv_504-iv_505 | 1830 | 4229 | 41 | 75 |
| iv_505-iv_510 | 1975 | 4258 | 40 | 73 |
| iv_509-iv_510 | 2119 | 4275 | 37 | 80 |
| iv_503-iv_505 | 1914 | 4294 | 42 | 73 |
| iv_504-iv_509 | 1942 | 4310 | 41 | 76 |
| iv_509-iv_511 | 2062 | 4336 | 37 | 86 |
| iv_504-iv_511 | 1906 | 4350 | 40 | 78 |
| iv_504-iv_510 | 1932 | 4351 | 34 | 84 |

### Input Bit Output Co-occurrences Sorted by Output Co-occurrences

| Input Bits | Co-occurrences | Potential Occurrences | Output Co-occurrences | Potential Output Occurrences |
|:----------:|:--------------:|:---------------------:|:---------------------:|:----------------------------:|
| iv_503-iv_505 | 1914 | 4294 | 42 | 73 |
| iv_504-iv_505 | 1830 | 4229 | 41 | 75 |
| iv_504-iv_509 | 1942 | 4310 | 41 | 76 |
| iv_504-iv_511 | 1906 | 4350 | 40 | 78 |
| iv_505-iv_510 | 1975 | 4258 | 40 | 73 |
| iv_505-iv_511 | 1871 | 4413 | 40 | 79 |
| iv_507-iv_511 | 2002 | 4402 | 39 | 78 |
| iv_510-iv_511 | 2059 | 4363 | 39 | 76 |

### Input Bit Output Co-occurrences Sorted by Potential Output Occurrences

| Input Bits | Co-occurrences | Potential Occurrences | Output Co-occurrences | Potential Output Occurrences |
|:----------:|:--------------:|:---------------------:|:---------------------:|:----------------------------:|
| iv_502-iv_507 | 2066 | 4547 | 37 | 70 |
| iv_503-iv_505 | 1914 | 4294 | 42 | 73 |
| iv_505-iv_510 | 1975 | 4258 | 40 | 73 |
| iv_502-iv_509 | 2165 | 4403 | 37 | 74 |
| iv_504-iv_505 | 1830 | 4229 | 41 | 75 |
| iv_504-iv_509 | 1942 | 4310 | 41 | 76 |
| iv_502-iv_511 | 2004 | 4693 | 36 | 76 |
| iv_503-iv_510 | 2007 | 4434 | 38 | 76 |

## Output Bits

### Output Bits in Regular Order

| Rank | Output Bit | Complexity |
|:----:|:----------:|:----------:|
| 1 | ov_001 | 1.1405896207800242 × 10^298 |
| 2 | ov_002 | 9.916610049702266 × 10^297 |
| 3 | ov_003 | 8.571658029308994 × 10^297 |
| 4 | ov_004 | 7.365050497404539 × 10^297 |
| 5 | ov_005 | 6.291124340927848 × 10^297 |
| 6 | ov_006 | 5.339441346196185 × 10^297 |
| 7 | ov_007 | 4.500110073158076 × 10^297 |
| 8 | ov_008 | 3.763752682634427 × 10^297 |
| 9 | ov_009 | 3.1214763752355744 × 10^297 |
| 10 | ov_010 | 2.564848985594584 × 10^297 |
| 11 | ov_011 | 2.0858784056210713 × 10^297 |
| 12 | ov_012 | 1.6769955637396385 × 10^297 |
| 13 | ov_013 | 1.3310406755256044 × 10^297 |
| 14 | ov_014 | 1.0412524165686879 × 10^297 |
| 15 | ov_015 | 8.012596093001963 × 10^296 |
| 16 | ov_016 | 6.050750166146019 × 10^296 |
| 17 | ov_017 | 4.4709086530432664 × 10^296 |
| 18 | ov_018 | 3.220757524176899 × 10^296 |
| 19 | ov_019 | 2.251726176829895 × 10^296 |
| 20 | ov_020 | 1.5189749514147011 × 10^296 |
| 21 | ov_021 | 9.813878711284851 × 10^295 |
| 22 | ov_022 | 6.015684402316206 × 10^295 |
| 23 | ov_023 | 3.458370158841882 × 10^295 |
| 24 | ov_024 | 1.8422904446414513 × 10^295 |
| 25 | ov_025 | 9.049390819975471 × 10^294 |
| 26 | ov_026 | 4.2094233582340734 × 10^294 |
| 27 | ov_027 | 2.0205520485832112 × 10^294 |
| 28 | ov_028 | 9.715970237469506 × 10^293 |
| 29 | ov_029 | 3.997846412764898 × 10^293 |
| 30 | ov_030 | 1.3209357348615094 × 10^293 |
| 31 | ov_031 | 3.1938379210360336 × 10^292 |
| 32 | lv_80_m31 | 7.719910001325204 × 10^291 |
| 33 | ov_033 | 9.20378670686744 × 10^292 |
| 34 | ov_034 | 7.942859642664661 × 10^292 |
| 35 | ov_035 | 6.821132955344295 × 10^292 |
| 36 | ov_036 | 5.826884132378971 × 10^292 |
| 37 | ov_037 | 4.949019211952997 × 10^292 |
| 38 | ov_038 | 4.1770282117477886 × 10^292 |
| 39 | ov_039 | 3.5009466919909986 × 10^292 |
| 40 | ov_040 | 2.9113228529069323 × 10^292 |
| 41 | ov_041 | 2.3991896033309227 × 10^292 |
| 42 | ov_042 | 1.9560410719682718 × 10^292 |
| 43 | ov_043 | 1.573813065816649 × 10^292 |
| 44 | ov_044 | 1.2448670118420184 × 10^292 |
| 45 | ov_045 | 9.65488224917729 × 10^291 |
| 46 | ov_046 | 7.321654284262565 × 10^291 |
| 47 | ov_047 | 5.415861851061192 × 10^291 |
| 48 | ov_048 | 3.906333719406886 × 10^291 |
| 49 | ov_049 | 2.736488138223813 × 10^291 |
| 50 | ov_050 | 1.853544698877882 × 10^291 |
| 51 | ov_051 | 1.208501970370484 × 10^291 |
| 52 | ov_052 | 7.561230447702237 × 10^290 |
| 53 | ov_053 | 4.549268132255504 × 10^290 |
| 54 | ov_054 | 2.671830466203493 × 10^290 |
| 55 | ov_055 | 1.5890968077695614 × 10^290 |
| 56 | ov_056 | 9.987121910016937 × 10^289 |
| 57 | ov_057 | 6.357772995381939 × 10^289 |
| 58 | ov_058 | 3.7720542101584455 × 10^289 |
| 59 | ov_059 | 2.0427394439028265 × 10^289 |
| 60 | ov_060 | 9.826070795818049 × 10^288 |
| 61 | ov_061 | 4.0443694824083785 × 10^288 |
| 62 | ov_062 | 1.3365907338792689 × 10^288 |
| 63 | ov_063 | 3.2322783169799717 × 10^287 |
| 64 | lv_79_m31 | 7.813901456915204 × 10^286 |
| 65 | ov_065 | 9.207933956760921 × 10^287 |
| 66 | ov_066 | 9.207911496018827 × 10^287 |
| 67 | ov_067 | 9.20790421638728 × 10^287 |
| 68 | ov_068 | 7.942922531760186 × 10^287 |
| 69 | ov_069 | 6.810963026000254 × 10^287 |
| 70 | ov_070 | 5.806214286377333 × 10^287 |
| 71 | ov_071 | 4.918106409206585 × 10^287 |
| 72 | ov_072 | 4.1367162625612035 × 10^287 |
| 73 | ov_073 | 3.452724633738256 × 10^287 |
| 74 | ov_074 | 2.857377298831402 × 10^287 |
| 75 | ov_075 | 2.342449806692309 × 10^287 |
| 76 | ov_076 | 1.900215776065935 × 10^287 |
| 77 | ov_077 | 1.5234185098764412 × 10^287 |
| 78 | ov_078 | 1.2052457347048789 × 10^287 |
| 79 | ov_079 | 9.393072766084187 × 10^286 |
| 80 | ov_080 | 7.196154867426741 × 10^286 |
| 81 | ov_081 | 5.405682319097745 × 10^286 |
| 82 | ov_082 | 3.9693426629876464 × 10^286 |
| 83 | ov_083 | 2.838408014326253 × 10^286 |
| 84 | ov_084 | 1.9676309179601552 × 10^286 |
| 85 | ov_085 | 1.3151585388457455 × 10^286 |
| 86 | ov_086 | 8.424633656748962 × 10^285 |
| 87 | ov_087 | 5.142886074342001 × 10^285 |
| 88 | ov_088 | 2.986064632473987 × 10^285 |
| 89 | ov_089 | 1.6658744619332745 × 10^285 |
| 90 | ov_090 | 9.257894199570932 × 10^284 |
| 91 | ov_091 | 5.409118359682245 × 10^284 |
| 92 | ov_092 | 3.1788838032195247 × 10^284 |
| 93 | ov_093 | 1.6792090589206223 × 10^284 |
| 94 | ov_094 | 7.527331498902759 × 10^283 |
| 95 | aaa_78_28 | 2.4211439079079913 × 10^283 |
| 96 | aaa_78_29 | 9.174291552105803 × 10^282 |
| 97 | ov_097 | 9.995779548514563 × 10^282 |
| 98 | ov_098 | 9.995480610144364 × 10^282 |
| 99 | ov_099 | 9.99538521421793 × 10^282 |
| 100 | ov_100 | 8.996985048853119 × 10^282 |
| 101 | ov_101 | 8.071892190042027 × 10^282 |
| 102 | ov_102 | 7.216119074555729 × 10^282 |
| 103 | ov_103 | 6.425971176841177 × 10^282 |
| 104 | ov_104 | 5.698008021304037 × 10^282 |
| 105 | ov_105 | 5.0290078012336687 × 10^282 |
| 106 | ov_106 | 4.4159354123273476 × 10^282 |
| 107 | ov_107 | 3.855913716623084 × 10^282 |
| 108 | ov_108 | 3.3461978591276804 × 10^282 |
| 109 | ov_109 | 2.884152464684735 × 10^282 |
| 110 | ov_110 | 2.4672315468139486 × 10^282 |
| 111 | ov_111 | 2.0929609635097877 × 10^282 |
| 112 | ov_112 | 1.7589232574510015 × 10^282 |
| 113 | ov_113 | 1.462744719886116 × 10^282 |
| 114 | ov_114 | 1.2020845187512476 × 10^282 |
| 115 | ov_115 | 9.746257324533823 × 10^281 |
| 116 | ov_116 | 7.780681313121687 × 10^281 |
| 117 | ov_117 | 6.101225489903595 × 10^281 |
| 118 | ov_118 | 4.6850668643612745 × 10^281 |
| 119 | ov_119 | 3.50942190960054 × 10^281 |
| 120 | ov_120 | 2.5515285312001002 × 10^281 |
| 121 | ov_121 | 1.7886367354449148 × 10^281 |
| 122 | ov_122 | 1.1980041001425469 × 10^281 |
| 123 | ov_123 | 7.568929376421822 × 10^280 |
| 124 | ov_124 | 4.425682314285313 × 10^280 |
| 125 | ov_125 | 2.322962830028422 × 10^280 |
| 126 | ov_126 | 1.0334393416928484 × 10^280 |
| 127 | aaa_77_28 | 3.297819925677523 × 10^279 |
| 128 | aaa_77_29 | 1.2351260387122697 × 10^279 |
| 129 | ov_129 | 1.1253984951575563 × 10^279 |
| 130 | ov_130 | 1.1253958147291023 × 10^279 |
| 131 | ov_131 | 1.1253949541965615 × 10^279 |
| 132 | ov_132 | 9.720086194974919 × 10^278 |
| 133 | ov_133 | 8.349340040141223 × 10^278 |
| 134 | ov_134 | 7.129161106347103 × 10^278 |
| 135 | ov_135 | 6.047695933238188 × 10^278 |
| 136 | ov_136 | 5.0937366688323766 × 10^278 |
| 137 | ov_137 | 4.2566767380774 × 10^278 |
| 138 | ov_138 | 3.526472600755859 × 10^278 |
| 139 | ov_139 | 2.8936110277726807 × 10^278 |
| 140 | ov_140 | 2.3490813170576478 × 10^278 |
| 141 | ov_141 | 1.884351901872688 × 10^278 |
| 142 | ov_142 | 1.4913508351726058 × 10^278 |
| 143 | ov_143 | 1.1624496906426743 × 10^278 |
| 144 | ov_144 | 8.904505042660241 × 10^277 |
| 145 | ov_145 | 6.685754099342315 × 10^277 |
| 146 | ov_146 | 4.904585987948747 × 10^277 |
| 147 | ov_147 | 3.5014023473345485 × 10^277 |
| 148 | ov_148 | 2.4206198766147103 × 10^277 |
| 149 | ov_149 | 1.6106387551288623 × 10^277 |
| 150 | ov_150 | 1.0238213505570088 × 10^277 |
| 151 | ov_151 | 6.164787081365461 × 10^276 |
| 152 | ov_152 | 3.488626057098395 × 10^276 |
| 153 | ov_153 | 1.8516125104537582 × 10^276 |
| 154 | ov_154 | 9.349705508606114 × 10^275 |
| 155 | ov_155 | 4.592542722710042 × 10^275 |
| 156 | aaa_76_25 | 1.8434118092496284 × 10^275 |
| 157 | aaa_76_26 | 1.1342789761989954 × 10^275 |
| 158 | aaa_76_27 | 6.217313272175351 × 10^274 |
| 159 | aaa_76_28 | 2.928833863843237 × 10^274 |
| 160 | aaa_76_29 | 1.1023448057139044 × 10^274 |

### Output Bits Sorted by Complexity

| Rank | Output Bit | Complexity |
|:----:|:----------:|:----------:|
| 160 | aaa_76_29 | 1.1023448057139044 × 10^274 |
| 159 | aaa_76_28 | 2.928833863843237 × 10^274 |
| 158 | aaa_76_27 | 6.217313272175351 × 10^274 |
| 157 | aaa_76_26 | 1.1342789761989954 × 10^275 |
| 156 | aaa_76_25 | 1.8434118092496284 × 10^275 |
| 155 | ov_155 | 4.592542722710042 × 10^275 |
| 154 | ov_154 | 9.349705508606114 × 10^275 |
| 153 | ov_153 | 1.8516125104537582 × 10^276 |
| 152 | ov_152 | 3.488626057098395 × 10^276 |
| 151 | ov_151 | 6.164787081365461 × 10^276 |
| 150 | ov_150 | 1.0238213505570088 × 10^277 |
| 149 | ov_149 | 1.6106387551288623 × 10^277 |
| 148 | ov_148 | 2.4206198766147103 × 10^277 |
| 147 | ov_147 | 3.5014023473345485 × 10^277 |
| 146 | ov_146 | 4.904585987948747 × 10^277 |
| 145 | ov_145 | 6.685754099342315 × 10^277 |
| 144 | ov_144 | 8.904505042660241 × 10^277 |
| 143 | ov_143 | 1.1624496906426743 × 10^278 |
| 142 | ov_142 | 1.4913508351726058 × 10^278 |
| 141 | ov_141 | 1.884351901872688 × 10^278 |
| 140 | ov_140 | 2.3490813170576478 × 10^278 |
| 139 | ov_139 | 2.8936110277726807 × 10^278 |
| 138 | ov_138 | 3.526472600755859 × 10^278 |
| 137 | ov_137 | 4.2566767380774 × 10^278 |
| 136 | ov_136 | 5.0937366688323766 × 10^278 |
| 135 | ov_135 | 6.047695933238188 × 10^278 |
| 134 | ov_134 | 7.129161106347103 × 10^278 |
| 133 | ov_133 | 8.349340040141223 × 10^278 |
| 132 | ov_132 | 9.720086194974919 × 10^278 |
| 131 | ov_131 | 1.1253949541965615 × 10^279 |
| 130 | ov_130 | 1.1253958147291023 × 10^279 |
| 129 | ov_129 | 1.1253984951575563 × 10^279 |
| 128 | aaa_77_29 | 1.2351260387122697 × 10^279 |
| 127 | aaa_77_28 | 3.297819925677523 × 10^279 |
| 126 | ov_126 | 1.0334393416928484 × 10^280 |
| 125 | ov_125 | 2.322962830028422 × 10^280 |
| 124 | ov_124 | 4.425682314285313 × 10^280 |
| 123 | ov_123 | 7.568929376421822 × 10^280 |
| 122 | ov_122 | 1.1980041001425469 × 10^281 |
| 121 | ov_121 | 1.7886367354449148 × 10^281 |
| 120 | ov_120 | 2.5515285312001002 × 10^281 |
| 119 | ov_119 | 3.50942190960054 × 10^281 |
| 118 | ov_118 | 4.6850668643612745 × 10^281 |
| 117 | ov_117 | 6.101225489903595 × 10^281 |
| 116 | ov_116 | 7.780681313121687 × 10^281 |
| 115 | ov_115 | 9.746257324533823 × 10^281 |
| 114 | ov_114 | 1.2020845187512476 × 10^282 |
| 113 | ov_113 | 1.462744719886116 × 10^282 |
| 112 | ov_112 | 1.7589232574510015 × 10^282 |
| 111 | ov_111 | 2.0929609635097877 × 10^282 |
| 110 | ov_110 | 2.4672315468139486 × 10^282 |
| 109 | ov_109 | 2.884152464684735 × 10^282 |
| 108 | ov_108 | 3.3461978591276804 × 10^282 |
| 107 | ov_107 | 3.855913716623084 × 10^282 |
| 106 | ov_106 | 4.4159354123273476 × 10^282 |
| 105 | ov_105 | 5.0290078012336687 × 10^282 |
| 104 | ov_104 | 5.698008021304037 × 10^282 |
| 103 | ov_103 | 6.425971176841177 × 10^282 |
| 102 | ov_102 | 7.216119074555729 × 10^282 |
| 101 | ov_101 | 8.071892190042027 × 10^282 |
| 100 | ov_100 | 8.996985048853119 × 10^282 |
| 96 | aaa_78_29 | 9.174291552105803 × 10^282 |
| 99 | ov_099 | 9.99538521421793 × 10^282 |
| 98 | ov_098 | 9.995480610144364 × 10^282 |
| 97 | ov_097 | 9.995779548514563 × 10^282 |
| 95 | aaa_78_28 | 2.4211439079079913 × 10^283 |
| 94 | ov_094 | 7.527331498902759 × 10^283 |
| 93 | ov_093 | 1.6792090589206223 × 10^284 |
| 92 | ov_092 | 3.1788838032195247 × 10^284 |
| 91 | ov_091 | 5.409118359682245 × 10^284 |
| 90 | ov_090 | 9.257894199570932 × 10^284 |
| 89 | ov_089 | 1.6658744619332745 × 10^285 |
| 88 | ov_088 | 2.986064632473987 × 10^285 |
| 87 | ov_087 | 5.142886074342001 × 10^285 |
| 86 | ov_086 | 8.424633656748962 × 10^285 |
| 85 | ov_085 | 1.3151585388457455 × 10^286 |
| 84 | ov_084 | 1.9676309179601552 × 10^286 |
| 83 | ov_083 | 2.838408014326253 × 10^286 |
| 82 | ov_082 | 3.9693426629876464 × 10^286 |
| 81 | ov_081 | 5.405682319097745 × 10^286 |
| 80 | ov_080 | 7.196154867426741 × 10^286 |
| 64 | lv_79_m31 | 7.813901456915204 × 10^286 |
| 79 | ov_079 | 9.393072766084187 × 10^286 |
| 78 | ov_078 | 1.2052457347048789 × 10^287 |
| 77 | ov_077 | 1.5234185098764412 × 10^287 |
| 76 | ov_076 | 1.900215776065935 × 10^287 |
| 75 | ov_075 | 2.342449806692309 × 10^287 |
| 74 | ov_074 | 2.857377298831402 × 10^287 |
| 63 | ov_063 | 3.2322783169799717 × 10^287 |
| 73 | ov_073 | 3.452724633738256 × 10^287 |
| 72 | ov_072 | 4.1367162625612035 × 10^287 |
| 71 | ov_071 | 4.918106409206585 × 10^287 |
| 70 | ov_070 | 5.806214286377333 × 10^287 |
| 69 | ov_069 | 6.810963026000254 × 10^287 |
| 68 | ov_068 | 7.942922531760186 × 10^287 |
| 67 | ov_067 | 9.20790421638728 × 10^287 |
| 66 | ov_066 | 9.207911496018827 × 10^287 |
| 65 | ov_065 | 9.207933956760921 × 10^287 |
| 62 | ov_062 | 1.3365907338792689 × 10^288 |
| 61 | ov_061 | 4.0443694824083785 × 10^288 |
| 60 | ov_060 | 9.826070795818049 × 10^288 |
| 59 | ov_059 | 2.0427394439028265 × 10^289 |
| 58 | ov_058 | 3.7720542101584455 × 10^289 |
| 57 | ov_057 | 6.357772995381939 × 10^289 |
| 56 | ov_056 | 9.987121910016937 × 10^289 |
| 55 | ov_055 | 1.5890968077695614 × 10^290 |
| 54 | ov_054 | 2.671830466203493 × 10^290 |
| 53 | ov_053 | 4.549268132255504 × 10^290 |
| 52 | ov_052 | 7.561230447702237 × 10^290 |
| 51 | ov_051 | 1.208501970370484 × 10^291 |
| 50 | ov_050 | 1.853544698877882 × 10^291 |
| 49 | ov_049 | 2.736488138223813 × 10^291 |
| 48 | ov_048 | 3.906333719406886 × 10^291 |
| 47 | ov_047 | 5.415861851061192 × 10^291 |
| 46 | ov_046 | 7.321654284262565 × 10^291 |
| 32 | lv_80_m31 | 7.719910001325204 × 10^291 |
| 45 | ov_045 | 9.65488224917729 × 10^291 |
| 44 | ov_044 | 1.2448670118420184 × 10^292 |
| 43 | ov_043 | 1.573813065816649 × 10^292 |
| 42 | ov_042 | 1.9560410719682718 × 10^292 |
| 41 | ov_041 | 2.3991896033309227 × 10^292 |
| 40 | ov_040 | 2.9113228529069323 × 10^292 |
| 31 | ov_031 | 3.1938379210360336 × 10^292 |
| 39 | ov_039 | 3.5009466919909986 × 10^292 |
| 38 | ov_038 | 4.1770282117477886 × 10^292 |
| 37 | ov_037 | 4.949019211952997 × 10^292 |
| 36 | ov_036 | 5.826884132378971 × 10^292 |
| 35 | ov_035 | 6.821132955344295 × 10^292 |
| 34 | ov_034 | 7.942859642664661 × 10^292 |
| 33 | ov_033 | 9.20378670686744 × 10^292 |
| 30 | ov_030 | 1.3209357348615094 × 10^293 |
| 29 | ov_029 | 3.997846412764898 × 10^293 |
| 28 | ov_028 | 9.715970237469506 × 10^293 |
| 27 | ov_027 | 2.0205520485832112 × 10^294 |
| 26 | ov_026 | 4.2094233582340734 × 10^294 |
| 25 | ov_025 | 9.049390819975471 × 10^294 |
| 24 | ov_024 | 1.8422904446414513 × 10^295 |
| 23 | ov_023 | 3.458370158841882 × 10^295 |
| 22 | ov_022 | 6.015684402316206 × 10^295 |
| 21 | ov_021 | 9.813878711284851 × 10^295 |
| 20 | ov_020 | 1.5189749514147011 × 10^296 |
| 19 | ov_019 | 2.251726176829895 × 10^296 |
| 18 | ov_018 | 3.220757524176899 × 10^296 |
| 17 | ov_017 | 4.4709086530432664 × 10^296 |
| 16 | ov_016 | 6.050750166146019 × 10^296 |
| 15 | ov_015 | 8.012596093001963 × 10^296 |
| 14 | ov_014 | 1.0412524165686879 × 10^297 |
| 13 | ov_013 | 1.3310406755256044 × 10^297 |
| 12 | ov_012 | 1.6769955637396385 × 10^297 |
| 11 | ov_011 | 2.0858784056210713 × 10^297 |
| 10 | ov_010 | 2.564848985594584 × 10^297 |
| 9 | ov_009 | 3.1214763752355744 × 10^297 |
| 8 | ov_008 | 3.763752682634427 × 10^297 |
| 7 | ov_007 | 4.500110073158076 × 10^297 |
| 6 | ov_006 | 5.339441346196185 × 10^297 |
| 5 | ov_005 | 6.291124340927848 × 10^297 |
| 4 | ov_004 | 7.365050497404539 × 10^297 |
| 3 | ov_003 | 8.571658029308994 × 10^297 |
| 2 | ov_002 | 9.916610049702266 × 10^297 |
| 1 | ov_001 | 1.1405896207800242 × 10^298 |

