# Results for F001-F002-F003-F004-F005-F006-F007-F008-F009-F010-F011-F012-F013-F014-F015-F016-F017-F018-F019-F020-F021-F022-F023-F024-F025-F026-F027-F028-F029-F030-F031-F032-F033-F034-F035-F036-F037-F038-F039-F040-F041-F042-F043-F044-F045-F046-F047-F048-F049-F050-F051-F052-F053-F054-F055-F056-F057-F058-F059-F060-F061-F062-F063-F064-F065-F066-F067-F068-F069-F070-F071-F072-F073-F074-F075-F076-F077-F078-F079-F080-F081-F082-F083-F084-F085-F086-F087-F088-F089-F090-F091-F092-F093-F094-F095-F096-F097-F098-F099-F100-F101-F102-F103-F104-F105-F106-F107-F108-F109-F110-F111-F112-F113-F114-F115-F116-F117-F118-F119-F120-F121-F122-F123-F124-F125-F126-F127-F128-F129-F130-F131-F132-F133-F134-F135-F136-F137-F138-F139-F140-F141-F142-F143-F144-F145-F146-F147-F148-F149-F150-F151-F152-F153-F154-F155-F156-F157-F158-F159-F160-F161-F162-F163-F164-F165-F166-F167-F168-F169-F170-F171-F172-F173-F174-F175-F176-F177-F178-F179-F180-F181-F182-F183-F184-F185-F186-F187-F188-F189-F190-F191-F192-F193-F194-F195-F196-F197-F198-F199-F200-F201-F202-F203-F204-F205-F206-F207-F208-F209-F210-F211-F212-F213-F214-F215-F216-F217-F218-F219-F220-F221-F222-F223-F224-F225-F226-F227-F228-F229-F230-F231-F232-F233-F234-F235-F236-F237-F238-F239-F240-F241-F242-F243-F244-F245-F246-F247-F248-F249-F250-F251-F252-F253-F254-F255-F256-F257-F258-F259-F260-F261-F262-F263-F264-F265-F266-F267-F268-F269-F270-F271-F272-F273-F274-F275-F276-F277-F278-F279-F280-F281-F282-F283-F284-F285-F286-F287-F288-F289-F290-F291-F292-F293-F294-F295-F296-F297-F298-F299-F300-F301-F302-F303-F304-F305-F306-F307-F308-F309-F310-F311-F312-F313-F314-F315-F316-F317-F318-F319-F320-F321-F322-F323-F324-F325-F326-F327-F328-F329-F330-F331-F332-F333-F334-F335-F336-F337-F338-F339-F340-F341-F342-F343-F344-F345-F346-F347-F348-F349-F350-F351-F352-F353-F354-F355-F356-F357-F358-F359-F360-F361-F362-F363-F364-F365-F366-F367-F368-F369-F370-F371-F372-F373-F374-F375-F376-F377-F378-F379-F380-F381-F382-F383-F384-F385-F386-F387-F388-F389-F390-F391-F392-F393-F394-F395-F396-F397-F398-F399-F400-F401-F402-F403-F404-F405-F406-F407-F408-F409-F410-F411-F412-F413-F414-F415-F416-F417-F418-F419-F420-F421-F422-F423-F424-F425-F426-F427-F428-F429-F430-F431-F432-F433-F434-F435-F436-F437-F438-F439-F440-F441-F442-F443-F444-F445-F446-F447-F448-F449-F450-F451-F452-F453-F454-F455-F456-F457-F458-F459-F460-F461-F462-F463-F464-F465-F466-F467-F468-F469-F470-F471-F472-F473-F474-F475-F476-F477-F478-F479-F480-F481-F482-F483-F484-F485-F486-F487-F488-F489-F490-F491-F492-F493-F494-F495-F496-F497-F498-F499-F500-F501-E504506-E507509-E511512

## Summary

Number of input bits: 512  
Number of free input bits: 8  
Number of output bits: 160

Number of direct occurrences: 32769  
Number of assignments: 31123  
Number of operations: 11120860
(xor: 11091551,
and: 16104,
or: 13205)

Total complexity: 1.3563493386126512 × 10^300

Least occurring input variable: iv_502 (3892)  
Most occurring input variable: iv_511 (4476)

Most co-occurring input variables: iv_510-iv_511 (2109)  
Least co-occurring input variables: iv_502-iv_503 (1770)

Potentially most occurring input variable: iv_502/iv_511 (4608)  
Potentially least occurring input variable: iv_502/iv_505 (4161)

Least output occurring input variable: iv_507 (66)  
Most output occurring input variable: iv_511 (86)

Most output co-occurring input variables: iv_510-iv_511 (47)  
Least output co-occurring input variables: iv_502-iv_508 (30)

Potentially most output occurring input variable: iv_502/iv_508 (92)  
Potentially least output occurring input variable: iv_507/iv_508 (68)

Least complex input bit: iv_502 (1.5137439387943113 × 10^298)  
Most complex input bit: iv_510 (4.051736029675579 × 10^299)

Least complex output bit: aaa_76_29 (1.8970191339572642 × 10^275)  
Most complex output bit: ov_001 (2.14485091369516 × 10^299)

Least complex input/output complexity: iv_502/aaa_76_29 (2.117154581091827 × 10^273)  
Most complex input/output complexity: iv_510/ov_001 (6.407176586372838 × 10^298)

Input variable with highest collision probability: iv_502 (½^160.00000000000054)

## Input Bits

### Input Bits in Regular Order

| Input Bit | Complexity | Occurrences | Output Occurrences | Collision Probability |
|:---------:|:----------:|:-----------:|:------------------:|:---------------------:|
| iv_502 | 1.5137439387943113 × 10^298 | 3892 | 82 | ½^160.00000000000054 |
| iv_503 | 2.662360774814194 × 10^298 | 4038 | 74 | ½^160.0000000000006 |
| iv_504 | 1.48299170602982 × 10^299 | 4138 | 76 | ½^160.0000000000007 |
| iv_505 | 6.873839128124141 × 10^298 | 3913 | 79 | ½^160.0000000000007 |
| iv_507 | 3.5403441499372734 × 10^299 | 4217 | 66 | ½^160.00000000000063 |
| iv_508 | 2.2007080557235973 × 10^299 | 3981 | 70 | ½^160.0000000000007 |
| iv_510 | 4.051736029675579 × 10^299 | 4114 | 79 | ½^160.00000000000063 |
| iv_511 | 1.1827190605869884 × 10^299 | 4476 | 86 | ½^160.00000000000074 |

### Input Bits Sorted by Complexity

| Input Bit | Complexity | Occurrences | Output Occurrences | Collision Probability |
|:---------:|:----------:|:-----------:|:------------------:|:---------------------:|
| iv_502 | 1.5137439387943113 × 10^298 | 3892 | 82 | ½^160.00000000000054 |
| iv_503 | 2.662360774814194 × 10^298 | 4038 | 74 | ½^160.0000000000006 |
| iv_505 | 6.873839128124141 × 10^298 | 3913 | 79 | ½^160.0000000000007 |
| iv_511 | 1.1827190605869884 × 10^299 | 4476 | 86 | ½^160.00000000000074 |
| iv_504 | 1.48299170602982 × 10^299 | 4138 | 76 | ½^160.0000000000007 |
| iv_508 | 2.2007080557235973 × 10^299 | 3981 | 70 | ½^160.0000000000007 |
| iv_507 | 3.5403441499372734 × 10^299 | 4217 | 66 | ½^160.00000000000063 |
| iv_510 | 4.051736029675579 × 10^299 | 4114 | 79 | ½^160.00000000000063 |

### Input Bits Sorted by Occurrences

| Input Bit | Complexity | Occurrences | Output Occurrences | Collision Probability |
|:---------:|:----------:|:-----------:|:------------------:|:---------------------:|
| iv_502 | 1.5137439387943113 × 10^298 | 3892 | 82 | ½^160.00000000000054 |
| iv_505 | 6.873839128124141 × 10^298 | 3913 | 79 | ½^160.0000000000007 |
| iv_508 | 2.2007080557235973 × 10^299 | 3981 | 70 | ½^160.0000000000007 |
| iv_503 | 2.662360774814194 × 10^298 | 4038 | 74 | ½^160.0000000000006 |
| iv_510 | 4.051736029675579 × 10^299 | 4114 | 79 | ½^160.00000000000063 |
| iv_504 | 1.48299170602982 × 10^299 | 4138 | 76 | ½^160.0000000000007 |
| iv_507 | 3.5403441499372734 × 10^299 | 4217 | 66 | ½^160.00000000000063 |
| iv_511 | 1.1827190605869884 × 10^299 | 4476 | 86 | ½^160.00000000000074 |

### Input Bits Sorted by Output Occurrences

| Input Bit | Complexity | Occurrences | Output Occurrences | Collision Probability |
|:---------:|:----------:|:-----------:|:------------------:|:---------------------:|
| iv_507 | 3.5403441499372734 × 10^299 | 4217 | 66 | ½^160.00000000000063 |
| iv_508 | 2.2007080557235973 × 10^299 | 3981 | 70 | ½^160.0000000000007 |
| iv_503 | 2.662360774814194 × 10^298 | 4038 | 74 | ½^160.0000000000006 |
| iv_504 | 1.48299170602982 × 10^299 | 4138 | 76 | ½^160.0000000000007 |
| iv_505 | 6.873839128124141 × 10^298 | 3913 | 79 | ½^160.0000000000007 |
| iv_510 | 4.051736029675579 × 10^299 | 4114 | 79 | ½^160.00000000000063 |
| iv_502 | 1.5137439387943113 × 10^298 | 3892 | 82 | ½^160.00000000000054 |
| iv_511 | 1.1827190605869884 × 10^299 | 4476 | 86 | ½^160.00000000000074 |

### Input Bits Sorted by Collision Probability

| Input Bit | Complexity | Occurrences | Output Occurrences | Collision Probability |
|:---------:|:----------:|:-----------:|:------------------:|:---------------------:|
| iv_502 | 1.5137439387943113 × 10^298 | 3892 | 82 | ½^160.00000000000054 |
| iv_503 | 2.662360774814194 × 10^298 | 4038 | 74 | ½^160.0000000000006 |
| iv_507 | 3.5403441499372734 × 10^299 | 4217 | 66 | ½^160.00000000000063 |
| iv_510 | 4.051736029675579 × 10^299 | 4114 | 79 | ½^160.00000000000063 |
| iv_508 | 2.2007080557235973 × 10^299 | 3981 | 70 | ½^160.0000000000007 |
| iv_504 | 1.48299170602982 × 10^299 | 4138 | 76 | ½^160.0000000000007 |
| iv_505 | 6.873839128124141 × 10^298 | 3913 | 79 | ½^160.0000000000007 |
| iv_511 | 1.1827190605869884 × 10^299 | 4476 | 86 | ½^160.00000000000074 |

## Input Bit/Output Bit Collision Probabilities

| Input Bit | Output Bit | Collision Probability |
|:---------:|:----------:|:---------------------:|
| iv_504 | ov_135 | 0.5000000000000036 |
| iv_504 | ov_153 | 0.5000000000000029 |
| iv_502 | ov_054 | 0.5000000000000027 |
| iv_507 | ov_009 | 0.5000000000000023 |
| iv_503 | ov_008 | 0.5000000000000022 |
| iv_502 | ov_066 | 0.5000000000000018 |
| iv_502 | ov_088 | 0.5000000000000018 |
| iv_503 | ov_036 | 0.5000000000000018 |

## Input Bit Co-occurrences

### Input Bit Co-occurrences Sorted by Co-occurrences

| Input Bits | Co-occurrences | Potential Occurrences | Output Co-occurrences | Potential Output Occurrences |
|:----------:|:--------------:|:---------------------:|:---------------------:|:----------------------------:|
| iv_510-iv_511 | 2109 | 4372 | 47 | 71 |
| iv_507-iv_511 | 2098 | 4497 | 40 | 72 |
| iv_504-iv_511 | 2023 | 4568 | 43 | 76 |
| iv_503-iv_511 | 1996 | 4522 | 44 | 72 |
| iv_504-iv_510 | 1974 | 4304 | 40 | 75 |
| iv_504-iv_507 | 1960 | 4435 | 33 | 76 |
| iv_508-iv_511 | 1959 | 4539 | 36 | 84 |
| iv_507-iv_510 | 1946 | 4439 | 34 | 77 |

### Input Bit Co-occurrences Sorted by Potential Occurrences

| Input Bits | Co-occurrences | Potential Occurrences | Output Co-occurrences | Potential Output Occurrences |
|:----------:|:--------------:|:---------------------:|:---------------------:|:----------------------------:|
| iv_502-iv_505 | 1822 | 4161 | 36 | 89 |
| iv_503-iv_505 | 1867 | 4217 | 40 | 73 |
| iv_505-iv_508 | 1826 | 4242 | 31 | 87 |
| iv_508-iv_510 | 1921 | 4253 | 31 | 87 |
| iv_505-iv_510 | 1877 | 4273 | 39 | 80 |
| iv_504-iv_508 | 1920 | 4279 | 32 | 82 |
| iv_502-iv_508 | 1797 | 4279 | 30 | 92 |
| iv_502-iv_510 | 1862 | 4282 | 42 | 77 |

### Input Bit Output Co-occurrences Sorted by Output Co-occurrences

| Input Bits | Co-occurrences | Potential Occurrences | Output Co-occurrences | Potential Output Occurrences |
|:----------:|:--------------:|:---------------------:|:---------------------:|:----------------------------:|
| iv_510-iv_511 | 2109 | 4372 | 47 | 71 |
| iv_503-iv_511 | 1996 | 4522 | 44 | 72 |
| iv_502-iv_511 | 1880 | 4608 | 43 | 82 |
| iv_504-iv_511 | 2023 | 4568 | 43 | 76 |
| iv_502-iv_510 | 1862 | 4282 | 42 | 77 |
| iv_502-iv_504 | 1810 | 4410 | 40 | 78 |
| iv_503-iv_505 | 1867 | 4217 | 40 | 73 |
| iv_507-iv_511 | 2098 | 4497 | 40 | 72 |

### Input Bit Output Co-occurrences Sorted by Potential Output Occurrences

| Input Bits | Co-occurrences | Potential Occurrences | Output Co-occurrences | Potential Output Occurrences |
|:----------:|:--------------:|:---------------------:|:---------------------:|:----------------------------:|
| iv_507-iv_508 | 1900 | 4398 | 34 | 68 |
| iv_510-iv_511 | 2109 | 4372 | 47 | 71 |
| iv_503-iv_511 | 1996 | 4522 | 44 | 72 |
| iv_507-iv_511 | 2098 | 4497 | 40 | 72 |
| iv_503-iv_505 | 1867 | 4217 | 40 | 73 |
| iv_504-iv_510 | 1974 | 4304 | 40 | 75 |
| iv_503-iv_507 | 1927 | 4401 | 32 | 76 |
| iv_504-iv_507 | 1960 | 4435 | 33 | 76 |

## Output Bits

### Output Bits in Regular Order

| Rank | Output Bit | Complexity |
|:----:|:----------:|:----------:|
| 1 | ov_001 | 2.14485091369516 × 10^299 |
| 2 | ov_002 | 1.8659403028657512 × 10^299 |
| 3 | ov_003 | 1.613995325656679 × 10^299 |
| 4 | ov_004 | 1.38789570799843 × 10^299 |
| 5 | ov_005 | 1.1865826067476133 × 10^299 |
| 6 | ov_006 | 1.0081054077485527 × 10^299 |
| 7 | ov_007 | 8.506163637586648 × 10^298 |
| 8 | ov_008 | 7.123643519840916 × 10^298 |
| 9 | ov_009 | 5.916895036547157 × 10^298 |
| 10 | ov_010 | 4.870186077762694 × 10^298 |
| 11 | ov_011 | 3.968612138741514 × 10^298 |
| 12 | ov_012 | 3.198063800651654 × 10^298 |
| 13 | ov_013 | 2.5452001691010764 × 10^298 |
| 14 | ov_014 | 1.9974276626979934 × 10^298 |
| 15 | ov_015 | 1.542883441103617 × 10^298 |
| 16 | ov_016 | 1.1704227640034226 × 10^298 |
| 17 | ov_017 | 8.696096249968094 × 10^297 |
| 18 | ov_018 | 6.307100567842155 × 10^297 |
| 19 | ov_019 | 4.446875562893223 × 10^297 |
| 20 | ov_020 | 3.032001305416528 × 10^297 |
| 21 | ov_021 | 1.9859851629241267 × 10^297 |
| 22 | ov_022 | 1.239251784615558 × 10^297 |
| 23 | ov_023 | 7.291375953766931 × 10^296 |
| 24 | ov_024 | 3.99887572896902 × 10^296 |
| 25 | ov_025 | 2.026532366818901 × 10^296 |
| 26 | ov_026 | 9.54914415084289 × 10^295 |
| 27 | ov_027 | 4.3363729902820217 × 10^295 |
| 28 | ov_028 | 1.8136031711006098 × 10^295 |
| 29 | ov_029 | 7.467386913593594 × 10^294 |
| 30 | ov_030 | 2.4689579110433463 × 10^294 |
| 31 | ov_031 | 5.973909757300311 × 10^293 |
| 32 | lv_80_k31 | 1.4450036003340375 × 10^293 |
| 33 | ov_033 | 1.7308596784802165 × 10^294 |
| 34 | ov_034 | 1.497366104005929 × 10^294 |
| 35 | ov_035 | 1.2890865505375483 × 10^294 |
| 36 | ov_036 | 1.1039712536830243 × 10^294 |
| 37 | ov_037 | 9.400813580902761 × 10^293 |
| 38 | ov_038 | 7.955809980441908 × 10^293 |
| 39 | ov_039 | 6.687304496145989 × 10^293 |
| 40 | ov_040 | 5.578802566298877 × 10^293 |
| 41 | ov_041 | 4.6146623218856304 × 10^293 |
| 42 | ov_042 | 3.780052434781966 × 10^293 |
| 43 | ov_043 | 3.0609169343555042 × 10^293 |
| 44 | ov_044 | 2.4439461829027574 × 10^293 |
| 45 | ov_045 | 1.916553253219518 × 10^293 |
| 46 | ov_046 | 1.4726227213213563 × 10^293 |
| 47 | ov_047 | 1.1063868684698375 × 10^293 |
| 48 | ov_048 | 8.124191692152152 × 10^292 |
| 49 | ov_049 | 5.808716843966694 × 10^292 |
| 50 | ov_050 | 4.025591070187263 × 10^292 |
| 51 | ov_051 | 2.6895441915617055 × 10^292 |
| 52 | ov_052 | 1.721860093380847 × 10^292 |
| 53 | ov_053 | 1.0503587002548485 × 10^292 |
| 54 | ov_054 | 6.093853907621549 × 10^291 |
| 55 | ov_055 | 3.3980505956452826 × 10^291 |
| 56 | ov_056 | 1.8899882980112646 × 10^291 |
| 57 | ov_057 | 1.1086220347158276 × 10^291 |
| 58 | ov_058 | 6.580400424257589 × 10^290 |
| 59 | ov_059 | 3.565687873261323 × 10^290 |
| 60 | ov_060 | 1.7164625680669551 × 10^290 |
| 61 | ov_061 | 7.071069091012873 × 10^289 |
| 62 | ov_062 | 2.339120688539996 × 10^289 |
| 63 | ov_063 | 5.663194737371352 × 10^288 |
| 64 | lv_79_k31 | 1.3707291040867688 × 10^288 |
| 65 | ov_065 | 1.6248122105342952 × 10^289 |
| 66 | ov_066 | 1.6248082917749453 × 10^289 |
| 67 | ov_067 | 1.6248070217477308 × 10^289 |
| 68 | ov_068 | 1.4057258543910695 × 10^289 |
| 69 | ov_069 | 1.2092622374810494 × 10^289 |
| 70 | ov_070 | 1.034402199171263 × 10^289 |
| 71 | ov_071 | 8.793014571379103 × 10^288 |
| 72 | ov_072 | 7.422285465626559 × 10^288 |
| 73 | ov_073 | 6.215573469689692 × 10^288 |
| 74 | ov_074 | 5.1576029370000264 × 10^288 |
| 75 | ov_075 | 4.240974364489228 × 10^288 |
| 76 | ov_076 | 3.452205142666281 × 10^288 |
| 77 | ov_077 | 2.7786320570064135 × 10^288 |
| 78 | ov_078 | 2.208367251581383 × 10^288 |
| 79 | ov_079 | 1.730259313012577 × 10^288 |
| 80 | ov_080 | 1.3338591487960698 × 10^288 |
| 81 | ov_081 | 1.0093903371557535 × 10^288 |
| 82 | ov_082 | 7.477236277603092 × 10^287 |
| 83 | ov_083 | 5.403552740997794 × 10^287 |
| 84 | ov_084 | 3.79388879243976 × 10^287 |
| 85 | ov_085 | 2.5752043726073707 × 10^287 |
| 86 | ov_086 | 1.680262528910168 × 10^287 |
| 87 | ov_087 | 1.047534222577282 × 10^287 |
| 88 | ov_088 | 6.211255748810843 × 10^286 |
| 89 | ov_089 | 3.5072438189524926 × 10^286 |
| 90 | ov_090 | 1.9156272753714244 × 10^286 |
| 91 | ov_091 | 1.0439252484344173 × 10^286 |
| 92 | ov_092 | 5.547084224363493 × 10^285 |
| 93 | ov_093 | 2.9301182756882176 × 10^285 |
| 94 | ov_094 | 1.31343926810007 × 10^285 |
| 95 | aaa_78_28 | 4.224524463260053 × 10^284 |
| 96 | aaa_78_29 | 1.600711240968698 × 10^284 |
| 97 | ov_097 | 1.7435781093784842 × 10^284 |
| 98 | ov_098 | 1.7435259229521158 × 10^284 |
| 99 | ov_099 | 1.7435092635192552 × 10^284 |
| 100 | ov_100 | 1.5692254015610235 × 10^284 |
| 101 | ov_101 | 1.4077622603573666 × 10^284 |
| 102 | ov_102 | 1.2584198096320155 × 10^284 |
| 103 | ov_103 | 1.1205493180372854 × 10^284 |
| 104 | ov_104 | 9.935465964178345 × 10^283 |
| 105 | ov_105 | 8.768458633551144 × 10^283 |
| 106 | ov_106 | 7.699141994632917 × 10^283 |
| 107 | ov_107 | 6.722465583256285 × 10^283 |
| 108 | ov_108 | 5.833613031397702 × 10^283 |
| 109 | ov_109 | 5.027962391078553 × 10^283 |
| 110 | ov_110 | 4.301051123880524 × 10^283 |
| 111 | ov_111 | 3.648545470404648 × 10^283 |
| 112 | ov_112 | 3.066213918741885 × 10^283 |
| 113 | ov_113 | 2.549904494579525 × 10^283 |
| 114 | ov_114 | 2.0955255981565166 × 10^283 |
| 115 | ov_115 | 1.6990301150982813 × 10^283 |
| 116 | ov_116 | 1.3564025293859314 × 10^283 |
| 117 | ov_117 | 1.0636487674733035 × 10^283 |
| 118 | ov_118 | 8.167885030044298 × 10^282 |
| 119 | ov_119 | 6.118496518302864 × 10^282 |
| 120 | ov_120 | 4.4486478714192616 × 10^282 |
| 121 | ov_121 | 3.118690489886048 × 10^282 |
| 122 | ov_122 | 2.0889900063612466 × 10^282 |
| 123 | ov_123 | 1.3199201927364513 × 10^282 |
| 124 | ov_124 | 7.71859414124132 × 10^281 |
| 125 | ov_125 | 4.051883028162064 × 10^281 |
| 126 | ov_126 | 1.8028842084544282 × 10^281 |
| 127 | aaa_77_28 | 5.754162723715142 × 10^280 |
| 128 | aaa_77_29 | 2.1556399344608427 × 10^280 |
| 129 | ov_129 | 1.9747047386459408 × 10^280 |
| 130 | ov_130 | 1.974700124063924 × 10^280 |
| 131 | ov_131 | 1.9746986417335638 × 10^280 |
| 132 | ov_132 | 1.7076843310232506 × 10^280 |
| 133 | ov_133 | 1.4689160878332847 × 10^280 |
| 134 | ov_134 | 1.2562201574574657 × 10^280 |
| 135 | ov_135 | 1.0675445510350214 × 10^280 |
| 136 | ov_136 | 9.009502224118309 × 10^279 |
| 137 | ov_137 | 7.546033544938384 × 10^279 |
| 138 | ov_138 | 6.267686718510241 × 10^279 |
| 139 | ov_139 | 5.158036809435848 × 10^279 |
| 140 | ov_140 | 4.20153738045641 × 10^279 |
| 141 | ov_141 | 3.3834785567231863 × 10^279 |
| 142 | ov_142 | 2.6899517415041745 × 10^279 |
| 143 | ov_143 | 2.1078203023494856 × 10^279 |
| 144 | ov_144 | 1.6246955366266286 × 10^279 |
| 145 | ov_145 | 1.2289173097578476 × 10^279 |
| 146 | ov_146 | 9.095388103875178 × 10^278 |
| 147 | ov_147 | 6.563148318548577 × 10^278 |
| 148 | ov_148 | 4.5969299706678506 × 10^278 |
| 149 | ov_149 | 3.1080739422566684 × 10^278 |
| 150 | ov_150 | 2.014741411694155 × 10^278 |
| 151 | ov_151 | 1.241884463519855 × 10^278 |
| 152 | ov_152 | 7.212278474430141 × 10^277 |
| 153 | ov_153 | 3.9125857176544807 × 10^277 |
| 154 | ov_154 | 1.972205187725304 × 10^277 |
| 155 | ov_155 | 9.111184508888504 × 10^276 |
| 156 | aaa_76_25 | 3.168376567242976 × 10^276 |
| 157 | aaa_76_26 | 1.9499607397226864 × 10^276 |
| 158 | aaa_76_27 | 1.0691427512337 × 10^276 |
| 159 | aaa_76_28 | 5.038284576106139 × 10^275 |
| 160 | aaa_76_29 | 1.8970191339572642 × 10^275 |

### Output Bits Sorted by Complexity

| Rank | Output Bit | Complexity |
|:----:|:----------:|:----------:|
| 160 | aaa_76_29 | 1.8970191339572642 × 10^275 |
| 159 | aaa_76_28 | 5.038284576106139 × 10^275 |
| 158 | aaa_76_27 | 1.0691427512337 × 10^276 |
| 157 | aaa_76_26 | 1.9499607397226864 × 10^276 |
| 156 | aaa_76_25 | 3.168376567242976 × 10^276 |
| 155 | ov_155 | 9.111184508888504 × 10^276 |
| 154 | ov_154 | 1.972205187725304 × 10^277 |
| 153 | ov_153 | 3.9125857176544807 × 10^277 |
| 152 | ov_152 | 7.212278474430141 × 10^277 |
| 151 | ov_151 | 1.241884463519855 × 10^278 |
| 150 | ov_150 | 2.014741411694155 × 10^278 |
| 149 | ov_149 | 3.1080739422566684 × 10^278 |
| 148 | ov_148 | 4.5969299706678506 × 10^278 |
| 147 | ov_147 | 6.563148318548577 × 10^278 |
| 146 | ov_146 | 9.095388103875178 × 10^278 |
| 145 | ov_145 | 1.2289173097578476 × 10^279 |
| 144 | ov_144 | 1.6246955366266286 × 10^279 |
| 143 | ov_143 | 2.1078203023494856 × 10^279 |
| 142 | ov_142 | 2.6899517415041745 × 10^279 |
| 141 | ov_141 | 3.3834785567231863 × 10^279 |
| 140 | ov_140 | 4.20153738045641 × 10^279 |
| 139 | ov_139 | 5.158036809435848 × 10^279 |
| 138 | ov_138 | 6.267686718510241 × 10^279 |
| 137 | ov_137 | 7.546033544938384 × 10^279 |
| 136 | ov_136 | 9.009502224118309 × 10^279 |
| 135 | ov_135 | 1.0675445510350214 × 10^280 |
| 134 | ov_134 | 1.2562201574574657 × 10^280 |
| 133 | ov_133 | 1.4689160878332847 × 10^280 |
| 132 | ov_132 | 1.7076843310232506 × 10^280 |
| 131 | ov_131 | 1.9746986417335638 × 10^280 |
| 130 | ov_130 | 1.974700124063924 × 10^280 |
| 129 | ov_129 | 1.9747047386459408 × 10^280 |
| 128 | aaa_77_29 | 2.1556399344608427 × 10^280 |
| 127 | aaa_77_28 | 5.754162723715142 × 10^280 |
| 126 | ov_126 | 1.8028842084544282 × 10^281 |
| 125 | ov_125 | 4.051883028162064 × 10^281 |
| 124 | ov_124 | 7.71859414124132 × 10^281 |
| 123 | ov_123 | 1.3199201927364513 × 10^282 |
| 122 | ov_122 | 2.0889900063612466 × 10^282 |
| 121 | ov_121 | 3.118690489886048 × 10^282 |
| 120 | ov_120 | 4.4486478714192616 × 10^282 |
| 119 | ov_119 | 6.118496518302864 × 10^282 |
| 118 | ov_118 | 8.167885030044298 × 10^282 |
| 117 | ov_117 | 1.0636487674733035 × 10^283 |
| 116 | ov_116 | 1.3564025293859314 × 10^283 |
| 115 | ov_115 | 1.6990301150982813 × 10^283 |
| 114 | ov_114 | 2.0955255981565166 × 10^283 |
| 113 | ov_113 | 2.549904494579525 × 10^283 |
| 112 | ov_112 | 3.066213918741885 × 10^283 |
| 111 | ov_111 | 3.648545470404648 × 10^283 |
| 110 | ov_110 | 4.301051123880524 × 10^283 |
| 109 | ov_109 | 5.027962391078553 × 10^283 |
| 108 | ov_108 | 5.833613031397702 × 10^283 |
| 107 | ov_107 | 6.722465583256285 × 10^283 |
| 106 | ov_106 | 7.699141994632917 × 10^283 |
| 105 | ov_105 | 8.768458633551144 × 10^283 |
| 104 | ov_104 | 9.935465964178345 × 10^283 |
| 103 | ov_103 | 1.1205493180372854 × 10^284 |
| 102 | ov_102 | 1.2584198096320155 × 10^284 |
| 101 | ov_101 | 1.4077622603573666 × 10^284 |
| 100 | ov_100 | 1.5692254015610235 × 10^284 |
| 96 | aaa_78_29 | 1.600711240968698 × 10^284 |
| 99 | ov_099 | 1.7435092635192552 × 10^284 |
| 98 | ov_098 | 1.7435259229521158 × 10^284 |
| 97 | ov_097 | 1.7435781093784842 × 10^284 |
| 95 | aaa_78_28 | 4.224524463260053 × 10^284 |
| 94 | ov_094 | 1.31343926810007 × 10^285 |
| 93 | ov_093 | 2.9301182756882176 × 10^285 |
| 92 | ov_092 | 5.547084224363493 × 10^285 |
| 91 | ov_091 | 1.0439252484344173 × 10^286 |
| 90 | ov_090 | 1.9156272753714244 × 10^286 |
| 89 | ov_089 | 3.5072438189524926 × 10^286 |
| 88 | ov_088 | 6.211255748810843 × 10^286 |
| 87 | ov_087 | 1.047534222577282 × 10^287 |
| 86 | ov_086 | 1.680262528910168 × 10^287 |
| 85 | ov_085 | 2.5752043726073707 × 10^287 |
| 84 | ov_084 | 3.79388879243976 × 10^287 |
| 83 | ov_083 | 5.403552740997794 × 10^287 |
| 82 | ov_082 | 7.477236277603092 × 10^287 |
| 81 | ov_081 | 1.0093903371557535 × 10^288 |
| 80 | ov_080 | 1.3338591487960698 × 10^288 |
| 64 | lv_79_k31 | 1.3707291040867688 × 10^288 |
| 79 | ov_079 | 1.730259313012577 × 10^288 |
| 78 | ov_078 | 2.208367251581383 × 10^288 |
| 77 | ov_077 | 2.7786320570064135 × 10^288 |
| 76 | ov_076 | 3.452205142666281 × 10^288 |
| 75 | ov_075 | 4.240974364489228 × 10^288 |
| 74 | ov_074 | 5.1576029370000264 × 10^288 |
| 63 | ov_063 | 5.663194737371352 × 10^288 |
| 73 | ov_073 | 6.215573469689692 × 10^288 |
| 72 | ov_072 | 7.422285465626559 × 10^288 |
| 71 | ov_071 | 8.793014571379103 × 10^288 |
| 70 | ov_070 | 1.034402199171263 × 10^289 |
| 69 | ov_069 | 1.2092622374810494 × 10^289 |
| 68 | ov_068 | 1.4057258543910695 × 10^289 |
| 67 | ov_067 | 1.6248070217477308 × 10^289 |
| 66 | ov_066 | 1.6248082917749453 × 10^289 |
| 65 | ov_065 | 1.6248122105342952 × 10^289 |
| 62 | ov_062 | 2.339120688539996 × 10^289 |
| 61 | ov_061 | 7.071069091012873 × 10^289 |
| 60 | ov_060 | 1.7164625680669551 × 10^290 |
| 59 | ov_059 | 3.565687873261323 × 10^290 |
| 58 | ov_058 | 6.580400424257589 × 10^290 |
| 57 | ov_057 | 1.1086220347158276 × 10^291 |
| 56 | ov_056 | 1.8899882980112646 × 10^291 |
| 55 | ov_055 | 3.3980505956452826 × 10^291 |
| 54 | ov_054 | 6.093853907621549 × 10^291 |
| 53 | ov_053 | 1.0503587002548485 × 10^292 |
| 52 | ov_052 | 1.721860093380847 × 10^292 |
| 51 | ov_051 | 2.6895441915617055 × 10^292 |
| 50 | ov_050 | 4.025591070187263 × 10^292 |
| 49 | ov_049 | 5.808716843966694 × 10^292 |
| 48 | ov_048 | 8.124191692152152 × 10^292 |
| 47 | ov_047 | 1.1063868684698375 × 10^293 |
| 32 | lv_80_k31 | 1.4450036003340375 × 10^293 |
| 46 | ov_046 | 1.4726227213213563 × 10^293 |
| 45 | ov_045 | 1.916553253219518 × 10^293 |
| 44 | ov_044 | 2.4439461829027574 × 10^293 |
| 43 | ov_043 | 3.0609169343555042 × 10^293 |
| 42 | ov_042 | 3.780052434781966 × 10^293 |
| 41 | ov_041 | 4.6146623218856304 × 10^293 |
| 40 | ov_040 | 5.578802566298877 × 10^293 |
| 31 | ov_031 | 5.973909757300311 × 10^293 |
| 39 | ov_039 | 6.687304496145989 × 10^293 |
| 38 | ov_038 | 7.955809980441908 × 10^293 |
| 37 | ov_037 | 9.400813580902761 × 10^293 |
| 36 | ov_036 | 1.1039712536830243 × 10^294 |
| 35 | ov_035 | 1.2890865505375483 × 10^294 |
| 34 | ov_034 | 1.497366104005929 × 10^294 |
| 33 | ov_033 | 1.7308596784802165 × 10^294 |
| 30 | ov_030 | 2.4689579110433463 × 10^294 |
| 29 | ov_029 | 7.467386913593594 × 10^294 |
| 28 | ov_028 | 1.8136031711006098 × 10^295 |
| 27 | ov_027 | 4.3363729902820217 × 10^295 |
| 26 | ov_026 | 9.54914415084289 × 10^295 |
| 25 | ov_025 | 2.026532366818901 × 10^296 |
| 24 | ov_024 | 3.99887572896902 × 10^296 |
| 23 | ov_023 | 7.291375953766931 × 10^296 |
| 22 | ov_022 | 1.239251784615558 × 10^297 |
| 21 | ov_021 | 1.9859851629241267 × 10^297 |
| 20 | ov_020 | 3.032001305416528 × 10^297 |
| 19 | ov_019 | 4.446875562893223 × 10^297 |
| 18 | ov_018 | 6.307100567842155 × 10^297 |
| 17 | ov_017 | 8.696096249968094 × 10^297 |
| 16 | ov_016 | 1.1704227640034226 × 10^298 |
| 15 | ov_015 | 1.542883441103617 × 10^298 |
| 14 | ov_014 | 1.9974276626979934 × 10^298 |
| 13 | ov_013 | 2.5452001691010764 × 10^298 |
| 12 | ov_012 | 3.198063800651654 × 10^298 |
| 11 | ov_011 | 3.968612138741514 × 10^298 |
| 10 | ov_010 | 4.870186077762694 × 10^298 |
| 9 | ov_009 | 5.916895036547157 × 10^298 |
| 8 | ov_008 | 7.123643519840916 × 10^298 |
| 7 | ov_007 | 8.506163637586648 × 10^298 |
| 6 | ov_006 | 1.0081054077485527 × 10^299 |
| 5 | ov_005 | 1.1865826067476133 × 10^299 |
| 4 | ov_004 | 1.38789570799843 × 10^299 |
| 3 | ov_003 | 1.613995325656679 × 10^299 |
| 2 | ov_002 | 1.8659403028657512 × 10^299 |
| 1 | ov_001 | 2.14485091369516 × 10^299 |

