# Results for F001-F002-F003-F004-F005-F006-F007-F008-F009-F010-F011-F012-F013-F014-F015-F016-F017-F018-F019-F020-F021-F022-F023-F024-F025-F026-F027-F028-F029-F030-F031-F032-F033-F034-F035-F036-F037-F038-F039-F040-F041-F042-F043-F044-F045-F046-F047-F048-F049-F050-F051-F052-F053-F054-F055-F056-F057-F058-F059-F060-F061-F062-F063-F064-F065-F066-F067-F068-F069-F070-F071-F072-F073-F074-F075-F076-F077-F078-F079-F080-F081-F082-F083-F084-F085-F086-F087-F088-F089-F090-F091-F092-F093-F094-F095-F096-F097-F098-F099-F100-F101-F102-F103-F104-F105-F106-F107-F108-F109-F110-F111-F112-F113-F114-F115-F116-F117-F118-F119-F120-F121-F122-F123-F124-F125-F126-F127-F128-F129-F130-F131-F132-F133-F134-F135-F136-F137-F138-F139-F140-F141-F142-F143-F144-F145-F146-F147-F148-F149-F150-F151-F152-F153-F154-F155-F156-F157-F158-F159-F160-F161-F162-F163-F164-F165-F166-F167-F168-F169-F170-F171-F172-F173-F174-F175-F176-F177-F178-F179-F180-F181-F182-F183-F184-F185-F186-F187-F188-F189-F190-F191-F192-F193-F194-F195-F196-F197-F198-F199-F200-F201-F202-F203-F204-F205-F206-F207-F208-F209-F210-F211-F212-F213-F214-F215-F216-F217-F218-F219-F220-F221-F222-F223-F224-F225-F226-F227-F228-F229-F230-F231-F232-F233-F234-F235-F236-F237-F238-F239-F240-F241-F242-F243-F244-F245-F246-F247-F248-F249-F250-F251-F252-F253-F254-F255-F256-F257-F258-F259-F260-F261-F262-F263-F264-F265-F266-F267-F268-F269-F270-F271-F272-F273-F274-F275-F276-F277-F278-F279-F280-F281-F282-F283-F284-F285-F286-F287-F288-F289-F290-F291-F292-F293-F294-F295-F296-F297-F298-F299-F300-F301-F302-F303-F304-F305-F306-F307-F308-F309-F310-F311-F312-F313-F314-F315-F316-F317-F318-F319-F320-F321-F322-F323-F324-F325-F326-F327-F328-F329-F330-F331-F332-F333-F334-F335-F336-F337-F338-F339-F340-F341-F342-F343-F344-F345-F346-F347-F348-F349-F350-F351-F352-F353-F354-F355-F356-F357-F358-F359-F360-F361-F362-F363-F364-F365-F366-F367-F368-F369-F370-F371-F372-F373-F374-F375-F376-F377-F378-F379-F380-F381-F382-F383-F384-F385-F386-F387-F388-F389-F390-F391-F392-F393-F394-F395-F396-F397-F398-F399-F400-F401-F402-F403-F404-F405-F406-F407-F408-F409-F410-F411-F412-F413-F414-F415-F416-F417-F418-F419-F420-F421-F422-F423-F424-F425-F426-F427-F428-F429-F430-F431-F432-F433-F434-F435-F436-F437-F438-F439-F440-F441-F442-F443-F444-F445-F446-F447-F448-F449-F450-F451-F452-F453-F454-F455-F456-F457-F458-F459-F460-F461-F462-F463-F464-F465-F466-F467-F468-F469-F470-F471-F472-F473-F474-F475-F476-F477-F478-F479-F480-F481-F482-F483-F484-F485-F486-F487-F488-F489-F490-F491-F492-F493-F494-F495-F496-F497-F498-F499-F500-F501-E504506-E507509-E511512

## Summary

Number of input bits: 512  
Number of free input bits: 8  
Number of output bits: 160

Number of direct occurrences: 33237  
Number of assignments: 31333  
Number of operations: 11135643
(xor: 11106326,
and: 16106,
or: 13211)

Total complexity: 1.3604118045377435 × 10^300

Least occurring input variable: iv_502 (3934)  
Most occurring input variable: iv_511 (4546)

Most co-occurring input variables: iv_507-iv_511 (2132)  
Least co-occurring input variables: iv_502-iv_503 (1780)

Potentially most occurring input variable: iv_502/iv_511 (4714)  
Potentially least occurring input variable: iv_502/iv_505 (4238)

Least output occurring input variable: iv_507 (66)  
Most output occurring input variable: iv_511 (86)

Most output co-occurring input variables: iv_510-iv_511 (47)  
Least output co-occurring input variables: iv_502-iv_508 (30)

Potentially most output occurring input variable: iv_502/iv_508 (92)  
Potentially least output occurring input variable: iv_507/iv_508 (68)

Least complex input bit: iv_502 (1.5137439388006823 × 10^298)  
Most complex input bit: iv_510 (4.065277582757193 × 10^299)

Least complex output bit: aaa_76_29 (1.9027009855065354 × 10^275)  
Most complex output bit: ov_001 (2.1512750579058256 × 10^299)

Least complex input/output complexity: iv_502/aaa_76_29 (2.117154581100735 × 10^273)  
Most complex input/output complexity: iv_510/ov_001 (6.428590400405188 × 10^298)

Input variable with highest collision probability: iv_502 (½^160.00000000000043)

## Input Bits

### Input Bits in Regular Order

| Input Bit | Complexity | Occurrences | Output Occurrences | Collision Probability |
|:---------:|:----------:|:-----------:|:------------------:|:---------------------:|
| iv_502 | 1.5137439388006823 × 10^298 | 3934 | 82 | ½^160.00000000000043 |
| iv_503 | 2.6623607748237515 × 10^298 | 4078 | 74 | ½^160.00000000000077 |
| iv_504 | 1.4829917060330058 × 10^299 | 4216 | 76 | ½^160.00000000000077 |
| iv_505 | 6.873839128140078 × 10^298 | 3962 | 79 | ½^160.00000000000074 |
| iv_507 | 3.553885703018898 × 10^299 | 4302 | 66 | ½^160.0000000000009 |
| iv_508 | 2.21424960880459 × 10^299 | 4034 | 70 | ½^160.00000000000085 |
| iv_510 | 4.065277582757193 × 10^299 | 4165 | 79 | ½^160.00000000000068 |
| iv_511 | 1.1827190605873048 × 10^299 | 4546 | 86 | ½^160.0000000000008 |

### Input Bits Sorted by Complexity

| Input Bit | Complexity | Occurrences | Output Occurrences | Collision Probability |
|:---------:|:----------:|:-----------:|:------------------:|:---------------------:|
| iv_502 | 1.5137439388006823 × 10^298 | 3934 | 82 | ½^160.00000000000043 |
| iv_503 | 2.6623607748237515 × 10^298 | 4078 | 74 | ½^160.00000000000077 |
| iv_505 | 6.873839128140078 × 10^298 | 3962 | 79 | ½^160.00000000000074 |
| iv_511 | 1.1827190605873048 × 10^299 | 4546 | 86 | ½^160.0000000000008 |
| iv_504 | 1.4829917060330058 × 10^299 | 4216 | 76 | ½^160.00000000000077 |
| iv_508 | 2.21424960880459 × 10^299 | 4034 | 70 | ½^160.00000000000085 |
| iv_507 | 3.553885703018898 × 10^299 | 4302 | 66 | ½^160.0000000000009 |
| iv_510 | 4.065277582757193 × 10^299 | 4165 | 79 | ½^160.00000000000068 |

### Input Bits Sorted by Occurrences

| Input Bit | Complexity | Occurrences | Output Occurrences | Collision Probability |
|:---------:|:----------:|:-----------:|:------------------:|:---------------------:|
| iv_502 | 1.5137439388006823 × 10^298 | 3934 | 82 | ½^160.00000000000043 |
| iv_505 | 6.873839128140078 × 10^298 | 3962 | 79 | ½^160.00000000000074 |
| iv_508 | 2.21424960880459 × 10^299 | 4034 | 70 | ½^160.00000000000085 |
| iv_503 | 2.6623607748237515 × 10^298 | 4078 | 74 | ½^160.00000000000077 |
| iv_510 | 4.065277582757193 × 10^299 | 4165 | 79 | ½^160.00000000000068 |
| iv_504 | 1.4829917060330058 × 10^299 | 4216 | 76 | ½^160.00000000000077 |
| iv_507 | 3.553885703018898 × 10^299 | 4302 | 66 | ½^160.0000000000009 |
| iv_511 | 1.1827190605873048 × 10^299 | 4546 | 86 | ½^160.0000000000008 |

### Input Bits Sorted by Output Occurrences

| Input Bit | Complexity | Occurrences | Output Occurrences | Collision Probability |
|:---------:|:----------:|:-----------:|:------------------:|:---------------------:|
| iv_507 | 3.553885703018898 × 10^299 | 4302 | 66 | ½^160.0000000000009 |
| iv_508 | 2.21424960880459 × 10^299 | 4034 | 70 | ½^160.00000000000085 |
| iv_503 | 2.6623607748237515 × 10^298 | 4078 | 74 | ½^160.00000000000077 |
| iv_504 | 1.4829917060330058 × 10^299 | 4216 | 76 | ½^160.00000000000077 |
| iv_505 | 6.873839128140078 × 10^298 | 3962 | 79 | ½^160.00000000000074 |
| iv_510 | 4.065277582757193 × 10^299 | 4165 | 79 | ½^160.00000000000068 |
| iv_502 | 1.5137439388006823 × 10^298 | 3934 | 82 | ½^160.00000000000043 |
| iv_511 | 1.1827190605873048 × 10^299 | 4546 | 86 | ½^160.0000000000008 |

### Input Bits Sorted by Collision Probability

| Input Bit | Complexity | Occurrences | Output Occurrences | Collision Probability |
|:---------:|:----------:|:-----------:|:------------------:|:---------------------:|
| iv_502 | 1.5137439388006823 × 10^298 | 3934 | 82 | ½^160.00000000000043 |
| iv_510 | 4.065277582757193 × 10^299 | 4165 | 79 | ½^160.00000000000068 |
| iv_505 | 6.873839128140078 × 10^298 | 3962 | 79 | ½^160.00000000000074 |
| iv_503 | 2.6623607748237515 × 10^298 | 4078 | 74 | ½^160.00000000000077 |
| iv_504 | 1.4829917060330058 × 10^299 | 4216 | 76 | ½^160.00000000000077 |
| iv_511 | 1.1827190605873048 × 10^299 | 4546 | 86 | ½^160.0000000000008 |
| iv_508 | 2.21424960880459 × 10^299 | 4034 | 70 | ½^160.00000000000085 |
| iv_507 | 3.553885703018898 × 10^299 | 4302 | 66 | ½^160.0000000000009 |

## Input Bit/Output Bit Collision Probabilities

| Input Bit | Output Bit | Collision Probability |
|:---------:|:----------:|:---------------------:|
| iv_502 | ov_057 | 0.500000000000004 |
| iv_502 | ov_004 | 0.5000000000000024 |
| iv_502 | ov_012 | 0.5000000000000024 |
| iv_502 | ov_080 | 0.5000000000000024 |
| iv_502 | ov_132 | 0.5000000000000022 |
| iv_502 | ov_136 | 0.5000000000000022 |
| iv_502 | ov_037 | 0.5000000000000021 |
| iv_502 | ov_121 | 0.500000000000002 |

## Input Bit Co-occurrences

### Input Bit Co-occurrences Sorted by Co-occurrences

| Input Bits | Co-occurrences | Potential Occurrences | Output Co-occurrences | Potential Output Occurrences |
|:----------:|:--------------:|:---------------------:|:---------------------:|:----------------------------:|
| iv_510-iv_511 | 2132 | 4447 | 47 | 71 |
| iv_507-iv_511 | 2132 | 4584 | 40 | 72 |
| iv_504-iv_511 | 2037 | 4688 | 43 | 76 |
| iv_503-iv_511 | 1999 | 4626 | 44 | 72 |
| iv_504-iv_510 | 1985 | 4411 | 40 | 75 |
| iv_504-iv_507 | 1979 | 4560 | 33 | 76 |
| iv_508-iv_511 | 1974 | 4632 | 36 | 84 |
| iv_507-iv_510 | 1964 | 4539 | 34 | 77 |

### Input Bit Co-occurrences Sorted by Potential Occurrences

| Input Bits | Co-occurrences | Potential Occurrences | Output Co-occurrences | Potential Output Occurrences |
|:----------:|:--------------:|:---------------------:|:---------------------:|:----------------------------:|
| iv_502-iv_505 | 1829 | 4238 | 36 | 89 |
| iv_503-iv_505 | 1879 | 4282 | 40 | 73 |
| iv_505-iv_508 | 1832 | 4332 | 31 | 87 |
| iv_508-iv_510 | 1933 | 4333 | 31 | 87 |
| iv_505-iv_510 | 1884 | 4359 | 39 | 80 |
| iv_504-iv_508 | 1943 | 4364 | 32 | 82 |
| iv_502-iv_508 | 1801 | 4366 | 30 | 92 |
| iv_502-iv_510 | 1863 | 4373 | 42 | 77 |

### Input Bit Output Co-occurrences Sorted by Output Co-occurrences

| Input Bits | Co-occurrences | Potential Occurrences | Output Co-occurrences | Potential Output Occurrences |
|:----------:|:--------------:|:---------------------:|:---------------------:|:----------------------------:|
| iv_510-iv_511 | 2132 | 4447 | 47 | 71 |
| iv_503-iv_511 | 1999 | 4626 | 44 | 72 |
| iv_502-iv_511 | 1883 | 4714 | 43 | 82 |
| iv_504-iv_511 | 2037 | 4688 | 43 | 76 |
| iv_502-iv_510 | 1863 | 4373 | 42 | 77 |
| iv_502-iv_504 | 1836 | 4478 | 40 | 78 |
| iv_503-iv_505 | 1879 | 4282 | 40 | 73 |
| iv_507-iv_511 | 2132 | 4584 | 40 | 72 |

### Input Bit Output Co-occurrences Sorted by Potential Output Occurrences

| Input Bits | Co-occurrences | Potential Occurrences | Output Co-occurrences | Potential Output Occurrences |
|:----------:|:--------------:|:---------------------:|:---------------------:|:----------------------------:|
| iv_507-iv_508 | 1916 | 4504 | 34 | 68 |
| iv_510-iv_511 | 2132 | 4447 | 47 | 71 |
| iv_503-iv_511 | 1999 | 4626 | 44 | 72 |
| iv_507-iv_511 | 2132 | 4584 | 40 | 72 |
| iv_503-iv_505 | 1879 | 4282 | 40 | 73 |
| iv_504-iv_510 | 1985 | 4411 | 40 | 75 |
| iv_503-iv_507 | 1938 | 4504 | 32 | 76 |
| iv_504-iv_507 | 1979 | 4560 | 33 | 76 |

## Output Bits

### Output Bits in Regular Order

| Rank | Output Bit | Complexity |
|:----:|:----------:|:----------:|
| 1 | ov_001 | 2.1512750579058256 × 10^299 |
| 2 | ov_002 | 1.8715290687410684 × 10^299 |
| 3 | ov_003 | 1.6188294792387084 × 10^299 |
| 4 | ov_004 | 1.3920526599434884 × 10^299 |
| 5 | ov_005 | 1.1901365963209406 × 10^299 |
| 6 | ov_006 | 1.01112483183886 × 10^299 |
| 7 | ov_007 | 8.531640849796813 × 10^298 |
| 8 | ov_008 | 7.144979880790121 × 10^298 |
| 9 | ov_009 | 5.934617008154343 × 10^298 |
| 10 | ov_010 | 4.884773001961741 × 10^298 |
| 11 | ov_011 | 3.9804987162806265 × 10^298 |
| 12 | ov_012 | 3.20764247249272 × 10^298 |
| 13 | ov_013 | 2.5528234182634845 × 10^298 |
| 14 | ov_014 | 2.003410252571076 × 10^298 |
| 15 | ov_015 | 1.5475046041236713 × 10^298 |
| 16 | ov_016 | 1.1739283524689865 × 10^298 |
| 17 | ov_017 | 8.722142338310608 × 10^297 |
| 18 | ov_018 | 6.325991262454203 × 10^297 |
| 19 | ov_019 | 4.460194609788513 × 10^297 |
| 20 | ov_020 | 3.041082595639803 × 10^297 |
| 21 | ov_021 | 1.9919334808260397 × 10^297 |
| 22 | ov_022 | 1.2429635261295545 × 10^297 |
| 23 | ov_023 | 7.313214698046124 × 10^296 |
| 24 | ov_024 | 4.010852950415694 × 10^296 |
| 25 | ov_025 | 2.0326021295650665 × 10^296 |
| 26 | ov_026 | 9.577745243218007 × 10^295 |
| 27 | ov_027 | 4.349361065706254 × 10^295 |
| 28 | ov_028 | 1.8190351795622142 × 10^295 |
| 29 | ov_029 | 7.489752836606451 × 10^294 |
| 30 | ov_030 | 2.4763528034199367 × 10^294 |
| 31 | ov_031 | 5.991802496388774 × 10^293 |
| 32 | lv_80_m31 | 1.4493315988229792 × 10^293 |
| 33 | ov_033 | 1.7360438580014998 × 10^294 |
| 34 | ov_034 | 1.5018509359011792 × 10^294 |
| 35 | ov_035 | 1.2929475545112072 × 10^294 |
| 36 | ov_036 | 1.1072778100934516 × 10^294 |
| 37 | ov_037 | 9.428970401386502 × 10^293 |
| 38 | ov_038 | 7.97963880243633 × 10^293 |
| 39 | ov_039 | 6.707333957489697 × 10^293 |
| 40 | ov_040 | 5.595511901190127 × 10^293 |
| 41 | ov_041 | 4.628483914822478 × 10^293 |
| 42 | ov_042 | 3.7913742482515475 × 10^293 |
| 43 | ov_043 | 3.070084831143861 × 10^293 |
| 44 | ov_044 | 2.451266161471816 × 10^293 |
| 45 | ov_045 | 1.9222936123314206 × 10^293 |
| 46 | ov_046 | 1.477033443143216 × 10^293 |
| 47 | ov_047 | 1.109700660002132 × 10^293 |
| 48 | ov_048 | 8.148524842159099 × 10^292 |
| 49 | ov_049 | 5.826114805963166 × 10^292 |
| 50 | ov_050 | 4.03764830801341 × 10^292 |
| 51 | ov_051 | 2.697599772318964 × 10^292 |
| 52 | ov_052 | 1.72701731782001 × 10^292 |
| 53 | ov_053 | 1.0535046791759379 × 10^292 |
| 54 | ov_054 | 6.11210589709612 × 10^291 |
| 55 | ov_055 | 3.4082282573756055 × 10^291 |
| 56 | ov_056 | 1.895649091171931 × 10^291 |
| 57 | ov_057 | 1.1119425209000473 × 10^291 |
| 58 | ov_058 | 6.600109692169608 × 10^290 |
| 59 | ov_059 | 3.576367633314477 × 10^290 |
| 60 | ov_060 | 1.7216036261232817 × 10^290 |
| 61 | ov_061 | 7.092247983808729 × 10^289 |
| 62 | ov_062 | 2.3461266993230227 × 10^289 |
| 63 | ov_063 | 5.680156839237575 × 10^288 |
| 64 | lv_79_m31 | 1.3748346395261709 × 10^288 |
| 65 | ov_065 | 1.629678762278789 × 10^289 |
| 66 | ov_066 | 1.6296748317821782 × 10^289 |
| 67 | ov_067 | 1.6296735579510452 × 10^289 |
| 68 | ov_068 | 1.4099362102491892 × 10^289 |
| 69 | ov_069 | 1.2128841558868873 × 10^289 |
| 70 | ov_070 | 1.0375003860227946 × 10^289 |
| 71 | ov_071 | 8.819350944360713 × 10^288 |
| 72 | ov_072 | 7.444516303163778 × 10^288 |
| 73 | ov_073 | 6.234190027169898 × 10^288 |
| 74 | ov_074 | 5.1730507170005296 × 10^288 |
| 75 | ov_075 | 4.253676706986441 × 10^288 |
| 76 | ov_076 | 3.462545005236534 × 10^288 |
| 77 | ov_077 | 2.7869544690344994 × 10^288 |
| 78 | ov_078 | 2.214981636573685 × 10^288 |
| 79 | ov_079 | 1.7354416943509103 × 10^288 |
| 80 | ov_080 | 1.337854253292083 × 10^288 |
| 81 | ov_081 | 1.0124136097987783 × 10^288 |
| 82 | ov_082 | 7.499631700910992 × 10^287 |
| 83 | ov_083 | 5.419737176865322 × 10^287 |
| 84 | ov_084 | 3.8052520478372524 × 10^287 |
| 85 | ov_085 | 2.582917488775928 × 10^287 |
| 86 | ov_086 | 1.6852951625205388 × 10^287 |
| 87 | ov_087 | 1.0506717417719612 × 10^287 |
| 88 | ov_088 | 6.229859374081442 × 10^286 |
| 89 | ov_089 | 3.5177485304599704 × 10^286 |
| 90 | ov_090 | 1.921364861043367 × 10^286 |
| 91 | ov_091 | 1.0470519582202945 × 10^286 |
| 92 | ov_092 | 5.563698558151677 × 10^285 |
| 93 | ov_093 | 2.9388944112401753 × 10^285 |
| 94 | ov_094 | 1.3173732120475729 × 10^285 |
| 95 | aaa_78_28 | 4.2371775358816435 × 10^284 |
| 96 | aaa_78_29 | 1.6055056067616574 × 10^284 |
| 97 | ov_097 | 1.748800382472473 × 10^284 |
| 98 | ov_098 | 1.748748039740076 × 10^284 |
| 99 | ov_099 | 1.748731330409761 × 10^284 |
| 100 | ov_100 | 1.57392546263021 × 10^284 |
| 101 | ov_101 | 1.4119787155511166 × 10^284 |
| 102 | ov_102 | 1.2621889622024882 × 10^284 |
| 103 | ov_103 | 1.123905528190761 × 10^284 |
| 104 | ov_104 | 9.965224147251352 × 10^283 |
| 105 | ov_105 | 8.794721457884303 × 10^283 |
| 106 | ov_106 | 7.722202058228062 × 10^283 |
| 107 | ov_107 | 6.742600357231635 × 10^283 |
| 108 | ov_108 | 5.851085561140273 × 10^283 |
| 109 | ov_109 | 5.043021878560807 × 10^283 |
| 110 | ov_110 | 4.313933405115472 × 10^283 |
| 111 | ov_111 | 3.6594734011579658 × 10^283 |
| 112 | ov_112 | 3.0753976807781995 × 10^283 |
| 113 | ov_113 | 2.5575418338892225 × 10^283 |
| 114 | ov_114 | 2.1018020057864095 × 10^283 |
| 115 | ov_115 | 1.704118960391893 × 10^283 |
| 116 | ov_116 | 1.3604651546252195 × 10^283 |
| 117 | ov_117 | 1.0668345521020233 × 10^283 |
| 118 | ov_118 | 8.192349048029934 × 10^282 |
| 119 | ov_119 | 6.136822316023846 × 10^282 |
| 120 | ov_120 | 4.461972226639474 × 10^282 |
| 121 | ov_121 | 3.128031426977542 × 10^282 |
| 122 | ov_122 | 2.0952468389316675 × 10^282 |
| 123 | ov_123 | 1.3238735480072386 × 10^282 |
| 124 | ov_124 | 7.741712466878935 × 10^281 |
| 125 | ov_125 | 4.064019014272549 × 10^281 |
| 126 | ov_126 | 1.808284112045066 × 10^281 |
| 127 | aaa_77_28 | 5.771397288091042 × 10^280 |
| 128 | aaa_77_29 | 2.1620963933768567 × 10^280 |
| 129 | ov_129 | 1.9806192700166517 × 10^280 |
| 130 | ov_130 | 1.9806146416132823 × 10^280 |
| 131 | ov_131 | 1.9806131548431243 × 10^280 |
| 132 | ov_132 | 1.7127990969674664 × 10^280 |
| 133 | ov_133 | 1.4733157077422282 × 10^280 |
| 134 | ov_134 | 1.2599827217458847 × 10^280 |
| 135 | ov_135 | 1.070742004108972 × 10^280 |
| 136 | ov_136 | 9.036487009487068 × 10^279 |
| 137 | ov_137 | 7.568635026188981 × 10^279 |
| 138 | ov_138 | 6.286459362841785 × 10^279 |
| 139 | ov_139 | 5.173485888948165 × 10^279 |
| 140 | ov_140 | 4.2141216033812825 × 10^279 |
| 141 | ov_141 | 3.3936125730519205 × 10^279 |
| 142 | ov_142 | 2.6980085429335034 × 10^279 |
| 143 | ov_143 | 2.1141335344282296 × 10^279 |
| 144 | ov_144 | 1.629561738915595 × 10^279 |
| 145 | ov_145 | 1.2325980979984006 × 10^279 |
| 146 | ov_146 | 9.122630130096297 × 10^278 |
| 147 | ov_147 | 6.582805913864471 × 10^278 |
| 148 | ov_148 | 4.610698452602582 × 10^278 |
| 149 | ov_149 | 3.1173830812252468 × 10^278 |
| 150 | ov_150 | 2.020775858794083 × 10^278 |
| 151 | ov_151 | 1.2456040902947032 × 10^278 |
| 152 | ov_152 | 7.233880310115494 × 10^277 |
| 153 | ov_153 | 3.924304487815295 × 10^277 |
| 154 | ov_154 | 1.9781122325730714 × 10^277 |
| 155 | ov_155 | 9.138473847667883 × 10^276 |
| 156 | aaa_76_25 | 3.177866321449995 × 10^276 |
| 157 | aaa_76_26 | 1.9558011591742816 × 10^276 |
| 158 | aaa_76_27 | 1.0723449911525023 × 10^276 |
| 159 | aaa_76_28 | 5.053374980051989 × 10^275 |
| 160 | aaa_76_29 | 1.9027009855065354 × 10^275 |

### Output Bits Sorted by Complexity

| Rank | Output Bit | Complexity |
|:----:|:----------:|:----------:|
| 160 | aaa_76_29 | 1.9027009855065354 × 10^275 |
| 159 | aaa_76_28 | 5.053374980051989 × 10^275 |
| 158 | aaa_76_27 | 1.0723449911525023 × 10^276 |
| 157 | aaa_76_26 | 1.9558011591742816 × 10^276 |
| 156 | aaa_76_25 | 3.177866321449995 × 10^276 |
| 155 | ov_155 | 9.138473847667883 × 10^276 |
| 154 | ov_154 | 1.9781122325730714 × 10^277 |
| 153 | ov_153 | 3.924304487815295 × 10^277 |
| 152 | ov_152 | 7.233880310115494 × 10^277 |
| 151 | ov_151 | 1.2456040902947032 × 10^278 |
| 150 | ov_150 | 2.020775858794083 × 10^278 |
| 149 | ov_149 | 3.1173830812252468 × 10^278 |
| 148 | ov_148 | 4.610698452602582 × 10^278 |
| 147 | ov_147 | 6.582805913864471 × 10^278 |
| 146 | ov_146 | 9.122630130096297 × 10^278 |
| 145 | ov_145 | 1.2325980979984006 × 10^279 |
| 144 | ov_144 | 1.629561738915595 × 10^279 |
| 143 | ov_143 | 2.1141335344282296 × 10^279 |
| 142 | ov_142 | 2.6980085429335034 × 10^279 |
| 141 | ov_141 | 3.3936125730519205 × 10^279 |
| 140 | ov_140 | 4.2141216033812825 × 10^279 |
| 139 | ov_139 | 5.173485888948165 × 10^279 |
| 138 | ov_138 | 6.286459362841785 × 10^279 |
| 137 | ov_137 | 7.568635026188981 × 10^279 |
| 136 | ov_136 | 9.036487009487068 × 10^279 |
| 135 | ov_135 | 1.070742004108972 × 10^280 |
| 134 | ov_134 | 1.2599827217458847 × 10^280 |
| 133 | ov_133 | 1.4733157077422282 × 10^280 |
| 132 | ov_132 | 1.7127990969674664 × 10^280 |
| 131 | ov_131 | 1.9806131548431243 × 10^280 |
| 130 | ov_130 | 1.9806146416132823 × 10^280 |
| 129 | ov_129 | 1.9806192700166517 × 10^280 |
| 128 | aaa_77_29 | 2.1620963933768567 × 10^280 |
| 127 | aaa_77_28 | 5.771397288091042 × 10^280 |
| 126 | ov_126 | 1.808284112045066 × 10^281 |
| 125 | ov_125 | 4.064019014272549 × 10^281 |
| 124 | ov_124 | 7.741712466878935 × 10^281 |
| 123 | ov_123 | 1.3238735480072386 × 10^282 |
| 122 | ov_122 | 2.0952468389316675 × 10^282 |
| 121 | ov_121 | 3.128031426977542 × 10^282 |
| 120 | ov_120 | 4.461972226639474 × 10^282 |
| 119 | ov_119 | 6.136822316023846 × 10^282 |
| 118 | ov_118 | 8.192349048029934 × 10^282 |
| 117 | ov_117 | 1.0668345521020233 × 10^283 |
| 116 | ov_116 | 1.3604651546252195 × 10^283 |
| 115 | ov_115 | 1.704118960391893 × 10^283 |
| 114 | ov_114 | 2.1018020057864095 × 10^283 |
| 113 | ov_113 | 2.5575418338892225 × 10^283 |
| 112 | ov_112 | 3.0753976807781995 × 10^283 |
| 111 | ov_111 | 3.6594734011579658 × 10^283 |
| 110 | ov_110 | 4.313933405115472 × 10^283 |
| 109 | ov_109 | 5.043021878560807 × 10^283 |
| 108 | ov_108 | 5.851085561140273 × 10^283 |
| 107 | ov_107 | 6.742600357231635 × 10^283 |
| 106 | ov_106 | 7.722202058228062 × 10^283 |
| 105 | ov_105 | 8.794721457884303 × 10^283 |
| 104 | ov_104 | 9.965224147251352 × 10^283 |
| 103 | ov_103 | 1.123905528190761 × 10^284 |
| 102 | ov_102 | 1.2621889622024882 × 10^284 |
| 101 | ov_101 | 1.4119787155511166 × 10^284 |
| 100 | ov_100 | 1.57392546263021 × 10^284 |
| 96 | aaa_78_29 | 1.6055056067616574 × 10^284 |
| 99 | ov_099 | 1.748731330409761 × 10^284 |
| 98 | ov_098 | 1.748748039740076 × 10^284 |
| 97 | ov_097 | 1.748800382472473 × 10^284 |
| 95 | aaa_78_28 | 4.2371775358816435 × 10^284 |
| 94 | ov_094 | 1.3173732120475729 × 10^285 |
| 93 | ov_093 | 2.9388944112401753 × 10^285 |
| 92 | ov_092 | 5.563698558151677 × 10^285 |
| 91 | ov_091 | 1.0470519582202945 × 10^286 |
| 90 | ov_090 | 1.921364861043367 × 10^286 |
| 89 | ov_089 | 3.5177485304599704 × 10^286 |
| 88 | ov_088 | 6.229859374081442 × 10^286 |
| 87 | ov_087 | 1.0506717417719612 × 10^287 |
| 86 | ov_086 | 1.6852951625205388 × 10^287 |
| 85 | ov_085 | 2.582917488775928 × 10^287 |
| 84 | ov_084 | 3.8052520478372524 × 10^287 |
| 83 | ov_083 | 5.419737176865322 × 10^287 |
| 82 | ov_082 | 7.499631700910992 × 10^287 |
| 81 | ov_081 | 1.0124136097987783 × 10^288 |
| 80 | ov_080 | 1.337854253292083 × 10^288 |
| 64 | lv_79_m31 | 1.3748346395261709 × 10^288 |
| 79 | ov_079 | 1.7354416943509103 × 10^288 |
| 78 | ov_078 | 2.214981636573685 × 10^288 |
| 77 | ov_077 | 2.7869544690344994 × 10^288 |
| 76 | ov_076 | 3.462545005236534 × 10^288 |
| 75 | ov_075 | 4.253676706986441 × 10^288 |
| 74 | ov_074 | 5.1730507170005296 × 10^288 |
| 63 | ov_063 | 5.680156839237575 × 10^288 |
| 73 | ov_073 | 6.234190027169898 × 10^288 |
| 72 | ov_072 | 7.444516303163778 × 10^288 |
| 71 | ov_071 | 8.819350944360713 × 10^288 |
| 70 | ov_070 | 1.0375003860227946 × 10^289 |
| 69 | ov_069 | 1.2128841558868873 × 10^289 |
| 68 | ov_068 | 1.4099362102491892 × 10^289 |
| 67 | ov_067 | 1.6296735579510452 × 10^289 |
| 66 | ov_066 | 1.6296748317821782 × 10^289 |
| 65 | ov_065 | 1.629678762278789 × 10^289 |
| 62 | ov_062 | 2.3461266993230227 × 10^289 |
| 61 | ov_061 | 7.092247983808729 × 10^289 |
| 60 | ov_060 | 1.7216036261232817 × 10^290 |
| 59 | ov_059 | 3.576367633314477 × 10^290 |
| 58 | ov_058 | 6.600109692169608 × 10^290 |
| 57 | ov_057 | 1.1119425209000473 × 10^291 |
| 56 | ov_056 | 1.895649091171931 × 10^291 |
| 55 | ov_055 | 3.4082282573756055 × 10^291 |
| 54 | ov_054 | 6.11210589709612 × 10^291 |
| 53 | ov_053 | 1.0535046791759379 × 10^292 |
| 52 | ov_052 | 1.72701731782001 × 10^292 |
| 51 | ov_051 | 2.697599772318964 × 10^292 |
| 50 | ov_050 | 4.03764830801341 × 10^292 |
| 49 | ov_049 | 5.826114805963166 × 10^292 |
| 48 | ov_048 | 8.148524842159099 × 10^292 |
| 47 | ov_047 | 1.109700660002132 × 10^293 |
| 32 | lv_80_m31 | 1.4493315988229792 × 10^293 |
| 46 | ov_046 | 1.477033443143216 × 10^293 |
| 45 | ov_045 | 1.9222936123314206 × 10^293 |
| 44 | ov_044 | 2.451266161471816 × 10^293 |
| 43 | ov_043 | 3.070084831143861 × 10^293 |
| 42 | ov_042 | 3.7913742482515475 × 10^293 |
| 41 | ov_041 | 4.628483914822478 × 10^293 |
| 40 | ov_040 | 5.595511901190127 × 10^293 |
| 31 | ov_031 | 5.991802496388774 × 10^293 |
| 39 | ov_039 | 6.707333957489697 × 10^293 |
| 38 | ov_038 | 7.97963880243633 × 10^293 |
| 37 | ov_037 | 9.428970401386502 × 10^293 |
| 36 | ov_036 | 1.1072778100934516 × 10^294 |
| 35 | ov_035 | 1.2929475545112072 × 10^294 |
| 34 | ov_034 | 1.5018509359011792 × 10^294 |
| 33 | ov_033 | 1.7360438580014998 × 10^294 |
| 30 | ov_030 | 2.4763528034199367 × 10^294 |
| 29 | ov_029 | 7.489752836606451 × 10^294 |
| 28 | ov_028 | 1.8190351795622142 × 10^295 |
| 27 | ov_027 | 4.349361065706254 × 10^295 |
| 26 | ov_026 | 9.577745243218007 × 10^295 |
| 25 | ov_025 | 2.0326021295650665 × 10^296 |
| 24 | ov_024 | 4.010852950415694 × 10^296 |
| 23 | ov_023 | 7.313214698046124 × 10^296 |
| 22 | ov_022 | 1.2429635261295545 × 10^297 |
| 21 | ov_021 | 1.9919334808260397 × 10^297 |
| 20 | ov_020 | 3.041082595639803 × 10^297 |
| 19 | ov_019 | 4.460194609788513 × 10^297 |
| 18 | ov_018 | 6.325991262454203 × 10^297 |
| 17 | ov_017 | 8.722142338310608 × 10^297 |
| 16 | ov_016 | 1.1739283524689865 × 10^298 |
| 15 | ov_015 | 1.5475046041236713 × 10^298 |
| 14 | ov_014 | 2.003410252571076 × 10^298 |
| 13 | ov_013 | 2.5528234182634845 × 10^298 |
| 12 | ov_012 | 3.20764247249272 × 10^298 |
| 11 | ov_011 | 3.9804987162806265 × 10^298 |
| 10 | ov_010 | 4.884773001961741 × 10^298 |
| 9 | ov_009 | 5.934617008154343 × 10^298 |
| 8 | ov_008 | 7.144979880790121 × 10^298 |
| 7 | ov_007 | 8.531640849796813 × 10^298 |
| 6 | ov_006 | 1.01112483183886 × 10^299 |
| 5 | ov_005 | 1.1901365963209406 × 10^299 |
| 4 | ov_004 | 1.3920526599434884 × 10^299 |
| 3 | ov_003 | 1.6188294792387084 × 10^299 |
| 2 | ov_002 | 1.8715290687410684 × 10^299 |
| 1 | ov_001 | 2.1512750579058256 × 10^299 |

