# Results for F001-F002-F003-F004-F005-F006-F007-F008-F009-F010-F011-F012-F013-F014-F015-F016-F017-F018-F019-F020-F021-F022-F023-F024-F025-F026-F027-F028-F029-F030-F031-F032-F033-F034-F035-F036-F037-F038-F039-F040-F041-F042-F043-F044-F045-F046-F047-F048-F049-F050-F051-F052-F053-F054-F055-F056-F057-F058-F059-F060-F061-F062-F063-F064-F065-F066-F067-F068-F069-F070-F071-F072-F073-F074-F075-F076-F077-F078-F079-F080-F081-F082-F083-F084-F085-F086-F087-F088-F089-F090-F091-F092-F093-F094-F095-F096-F097-F098-F099-F100-F101-F102-F103-F104-F105-F106-F107-F108-F109-F110-F111-F112-F113-F114-F115-F116-F117-F118-F119-F120-F121-F122-F123-F124-F125-F126-F127-F128-F129-F130-F131-F132-F133-F134-F135-F136-F137-F138-F139-F140-F141-F142-F143-F144-F145-F146-F147-F148-F149-F150-F151-F152-F153-F154-F155-F156-F157-F158-F159-F160-F161-F162-F163-F164-F165-F166-F167-F168-F169-F170-F171-F172-F173-F174-F175-F176-F177-F178-F179-F180-F181-F182-F183-F184-F185-F186-F187-F188-F189-F190-F191-F192-F193-F194-F195-F196-F197-F198-F199-F200-F201-F202-F203-F204-F205-F206-F207-F208-F209-F210-F211-F212-F213-F214-F215-F216-F217-F218-F219-F220-F221-F222-F223-F224-F225-F226-F227-F228-F229-F230-F231-F232-F233-F234-F235-F236-F237-F238-F239-F240-F241-F242-F243-F244-F245-F246-F247-F248-F249-F250-F251-F252-F253-F254-F255-F256-F257-F258-F259-F260-F261-F262-F263-F264-F265-F266-F267-F268-F269-F270-F271-F272-F273-F274-F275-F276-F277-F278-F279-F280-F281-F282-F283-F284-F285-F286-F287-F288-F289-F290-F291-F292-F293-F294-F295-F296-F297-F298-F299-F300-F301-F302-F303-F304-F305-F306-F307-F308-F309-F310-F311-F312-F313-F314-F315-F316-F317-F318-F319-F320-F321-F322-F323-F324-F325-F326-F327-F328-F329-F330-F331-F332-F333-F334-F335-F336-F337-F338-F339-F340-F341-F342-F343-F344-F345-F346-F347-F348-F349-F350-F351-F352-F353-F354-F355-F356-F357-F358-F359-F360-F361-F362-F363-F364-F365-F366-F367-F368-F369-F370-F371-F372-F373-F374-F375-F376-F377-F378-F379-F380-F381-F382-F383-F384-F385-F386-F387-F388-F389-F390-F391-F392-F393-F394-F395-F396-F397-F398-F399-F400-F401-F402-F403-F404-F405-F406-F407-F408-F409-F410-F411-F412-F413-F414-F415-F416-F417-F418-F419-F420-F421-F422-F423-F424-F425-F426-F427-F428-F429-F430-F431-F432-F433-F434-F435-F436-F437-F438-F439-F440-F441-F442-F443-F444-F445-F446-F447-F448-F449-F450-F451-F452-F453-F454-F455-F456-F457-F458-F459-F460-F461-F462-F463-F464-F465-F466-F467-F468-F469-F470-F471-F472-F473-F474-F475-F476-F477-F478-F479-F480-F481-F482-F483-F484-F485-F486-F487-F488-F489-F490-F491-F492-F493-F494-F495-F496-F497-F498-F499-F500-F501-E506508-F510-F512

## Summary

Number of input bits: 512  
Number of free input bits: 8  
Number of output bits: 160

Number of direct occurrences: 32668  
Number of assignments: 30690  
Number of operations: 10891334
(xor: 10862316,
and: 15997,
or: 13021)

Total complexity: 8.623060398220732 × 10^297

Least occurring input variable: iv_502 (3877)  
Most occurring input variable: iv_506 (4248)

Most co-occurring input variables: iv_507-iv_509 (2043)  
Least co-occurring input variables: iv_502-iv_504 (1787)

Potentially most occurring input variable: iv_509/iv_511 (4481)  
Potentially least occurring input variable: iv_504/iv_505 (3995)

Least output occurring input variable: iv_503 (72)  
Most output occurring input variable: iv_509 (87)

Most output co-occurring input variables: iv_502-iv_509 (46)  
Least output co-occurring input variables: iv_505-iv_507 (31)

Potentially most output occurring input variable: iv_506/iv_507 (90)  
Potentially least output occurring input variable: iv_502/iv_506 (70)

Least complex input bit: iv_511 (1.227852767396355 × 10^294)  
Most complex input bit: iv_506 (2.390399879560958 × 10^297)

Least complex output bit: aaa_76_29 (1.3902535184113387 × 10^273)  
Most complex output bit: ov_001 (1.3705876573181515 × 10^297)

Least complex input/output complexity: iv_511/aaa_76_29 (1.9796064867133525 × 10^269)  
Most complex input/output complexity: iv_506/ov_001 (3.799408121572539 × 10^296)

Input variable with highest collision probability: iv_503 (½^160.00000000000048)

## Input Bits

### Input Bits in Regular Order

| Input Bit | Complexity | Occurrences | Output Occurrences | Collision Probability |
|:---------:|:----------:|:-----------:|:------------------:|:---------------------:|
| iv_502 | 3.2546635985201416 × 10^296 | 3877 | 82 | ½^160.00000000000068 |
| iv_503 | 5.813149847059995 × 10^296 | 4043 | 72 | ½^160.00000000000048 |
| iv_504 | 9.707111498260829 × 10^296 | 3894 | 78 | ½^160.00000000000063 |
| iv_505 | 1.5491202608554183 × 10^297 | 4065 | 72 | ½^160.00000000000065 |
| iv_506 | 2.390399879560958 × 10^297 | 4248 | 80 | ½^160.00000000000068 |
| iv_507 | 1.1986417809397988 × 10^297 | 4142 | 76 | ½^160.0000000000006 |
| iv_509 | 1.606178129713082 × 10^297 | 4178 | 87 | ½^160.00000000000065 |
| iv_511 | 1.227852767396355 × 10^294 | 4221 | 80 | ½^160.00000000000057 |

### Input Bits Sorted by Complexity

| Input Bit | Complexity | Occurrences | Output Occurrences | Collision Probability |
|:---------:|:----------:|:-----------:|:------------------:|:---------------------:|
| iv_511 | 1.227852767396355 × 10^294 | 4221 | 80 | ½^160.00000000000057 |
| iv_502 | 3.2546635985201416 × 10^296 | 3877 | 82 | ½^160.00000000000068 |
| iv_503 | 5.813149847059995 × 10^296 | 4043 | 72 | ½^160.00000000000048 |
| iv_504 | 9.707111498260829 × 10^296 | 3894 | 78 | ½^160.00000000000063 |
| iv_507 | 1.1986417809397988 × 10^297 | 4142 | 76 | ½^160.0000000000006 |
| iv_505 | 1.5491202608554183 × 10^297 | 4065 | 72 | ½^160.00000000000065 |
| iv_509 | 1.606178129713082 × 10^297 | 4178 | 87 | ½^160.00000000000065 |
| iv_506 | 2.390399879560958 × 10^297 | 4248 | 80 | ½^160.00000000000068 |

### Input Bits Sorted by Occurrences

| Input Bit | Complexity | Occurrences | Output Occurrences | Collision Probability |
|:---------:|:----------:|:-----------:|:------------------:|:---------------------:|
| iv_502 | 3.2546635985201416 × 10^296 | 3877 | 82 | ½^160.00000000000068 |
| iv_504 | 9.707111498260829 × 10^296 | 3894 | 78 | ½^160.00000000000063 |
| iv_503 | 5.813149847059995 × 10^296 | 4043 | 72 | ½^160.00000000000048 |
| iv_505 | 1.5491202608554183 × 10^297 | 4065 | 72 | ½^160.00000000000065 |
| iv_507 | 1.1986417809397988 × 10^297 | 4142 | 76 | ½^160.0000000000006 |
| iv_509 | 1.606178129713082 × 10^297 | 4178 | 87 | ½^160.00000000000065 |
| iv_511 | 1.227852767396355 × 10^294 | 4221 | 80 | ½^160.00000000000057 |
| iv_506 | 2.390399879560958 × 10^297 | 4248 | 80 | ½^160.00000000000068 |

### Input Bits Sorted by Output Occurrences

| Input Bit | Complexity | Occurrences | Output Occurrences | Collision Probability |
|:---------:|:----------:|:-----------:|:------------------:|:---------------------:|
| iv_503 | 5.813149847059995 × 10^296 | 4043 | 72 | ½^160.00000000000048 |
| iv_505 | 1.5491202608554183 × 10^297 | 4065 | 72 | ½^160.00000000000065 |
| iv_507 | 1.1986417809397988 × 10^297 | 4142 | 76 | ½^160.0000000000006 |
| iv_504 | 9.707111498260829 × 10^296 | 3894 | 78 | ½^160.00000000000063 |
| iv_506 | 2.390399879560958 × 10^297 | 4248 | 80 | ½^160.00000000000068 |
| iv_511 | 1.227852767396355 × 10^294 | 4221 | 80 | ½^160.00000000000057 |
| iv_502 | 3.2546635985201416 × 10^296 | 3877 | 82 | ½^160.00000000000068 |
| iv_509 | 1.606178129713082 × 10^297 | 4178 | 87 | ½^160.00000000000065 |

### Input Bits Sorted by Collision Probability

| Input Bit | Complexity | Occurrences | Output Occurrences | Collision Probability |
|:---------:|:----------:|:-----------:|:------------------:|:---------------------:|
| iv_503 | 5.813149847059995 × 10^296 | 4043 | 72 | ½^160.00000000000048 |
| iv_511 | 1.227852767396355 × 10^294 | 4221 | 80 | ½^160.00000000000057 |
| iv_507 | 1.1986417809397988 × 10^297 | 4142 | 76 | ½^160.0000000000006 |
| iv_504 | 9.707111498260829 × 10^296 | 3894 | 78 | ½^160.00000000000063 |
| iv_509 | 1.606178129713082 × 10^297 | 4178 | 87 | ½^160.00000000000065 |
| iv_505 | 1.5491202608554183 × 10^297 | 4065 | 72 | ½^160.00000000000065 |
| iv_506 | 2.390399879560958 × 10^297 | 4248 | 80 | ½^160.00000000000068 |
| iv_502 | 3.2546635985201416 × 10^296 | 3877 | 82 | ½^160.00000000000068 |

## Input Bit/Output Bit Collision Probabilities

| Input Bit | Output Bit | Collision Probability |
|:---------:|:----------:|:---------------------:|
| iv_506 | ov_024 | 0.5000000000000047 |
| iv_506 | ov_035 | 0.500000000000004 |
| iv_506 | ov_138 | 0.5000000000000033 |
| iv_503 | ov_136 | 0.5000000000000022 |
| iv_511 | ov_060 | 0.500000000000002 |
| iv_511 | ov_125 | 0.500000000000002 |
| iv_503 | ov_058 | 0.5000000000000019 |
| iv_504 | ov_042 | 0.5000000000000019 |

## Input Bit Co-occurrences

### Input Bit Co-occurrences Sorted by Co-occurrences

| Input Bits | Co-occurrences | Potential Occurrences | Output Co-occurrences | Potential Output Occurrences |
|:----------:|:--------------:|:---------------------:|:---------------------:|:----------------------------:|
| iv_507-iv_509 | 2043 | 4234 | 44 | 75 |
| iv_505-iv_507 | 2029 | 4149 | 31 | 86 |
| iv_506-iv_511 | 2015 | 4439 | 44 | 72 |
| iv_506-iv_509 | 2012 | 4402 | 43 | 81 |
| iv_503-iv_511 | 2008 | 4248 | 35 | 82 |
| iv_507-iv_511 | 1991 | 4381 | 39 | 78 |
| iv_504-iv_505 | 1982 | 3995 | 39 | 72 |
| iv_505-iv_511 | 1978 | 4330 | 36 | 80 |

### Input Bit Co-occurrences Sorted by Potential Occurrences

| Input Bits | Co-occurrences | Potential Occurrences | Output Co-occurrences | Potential Output Occurrences |
|:----------:|:--------------:|:---------------------:|:---------------------:|:----------------------------:|
| iv_504-iv_505 | 1982 | 3995 | 39 | 72 |
| iv_502-iv_505 | 1908 | 4126 | 37 | 80 |
| iv_505-iv_507 | 2029 | 4149 | 31 | 86 |
| iv_502-iv_504 | 1787 | 4197 | 42 | 76 |
| iv_507-iv_509 | 2043 | 4234 | 44 | 75 |
| iv_503-iv_511 | 2008 | 4248 | 35 | 82 |
| iv_502-iv_506 | 1937 | 4251 | 46 | 70 |
| iv_502-iv_507 | 1882 | 4255 | 42 | 74 |

### Input Bit Output Co-occurrences Sorted by Output Co-occurrences

| Input Bits | Co-occurrences | Potential Occurrences | Output Co-occurrences | Potential Output Occurrences |
|:----------:|:--------------:|:---------------------:|:---------------------:|:----------------------------:|
| iv_502-iv_506 | 1937 | 4251 | 46 | 70 |
| iv_502-iv_509 | 1850 | 4355 | 46 | 77 |
| iv_502-iv_511 | 1900 | 4298 | 45 | 72 |
| iv_503-iv_509 | 1899 | 4423 | 44 | 71 |
| iv_506-iv_511 | 2015 | 4439 | 44 | 72 |
| iv_507-iv_509 | 2043 | 4234 | 44 | 75 |
| iv_506-iv_509 | 2012 | 4402 | 43 | 81 |
| iv_509-iv_511 | 1959 | 4481 | 43 | 81 |

### Input Bit Output Co-occurrences Sorted by Potential Output Occurrences

| Input Bits | Co-occurrences | Potential Occurrences | Output Co-occurrences | Potential Output Occurrences |
|:----------:|:--------------:|:---------------------:|:---------------------:|:----------------------------:|
| iv_502-iv_506 | 1937 | 4251 | 46 | 70 |
| iv_503-iv_509 | 1899 | 4423 | 44 | 71 |
| iv_502-iv_511 | 1900 | 4298 | 45 | 72 |
| iv_504-iv_505 | 1982 | 3995 | 39 | 72 |
| iv_506-iv_511 | 2015 | 4439 | 44 | 72 |
| iv_502-iv_507 | 1882 | 4255 | 42 | 74 |
| iv_507-iv_509 | 2043 | 4234 | 44 | 75 |
| iv_502-iv_504 | 1787 | 4197 | 42 | 76 |

## Output Bits

### Output Bits in Regular Order

| Rank | Output Bit | Complexity |
|:----:|:----------:|:----------:|
| 1 | ov_001 | 1.3705876573181515 × 10^297 |
| 2 | ov_002 | 1.1916519796246772 × 10^297 |
| 3 | ov_003 | 1.0300526157175584 × 10^297 |
| 4 | ov_004 | 8.850706861480996 × 10^296 |
| 5 | ov_005 | 7.560265005791608 × 10^296 |
| 6 | ov_006 | 6.416672131879015 × 10^296 |
| 7 | ov_007 | 5.408055338216351 × 10^296 |
| 8 | ov_008 | 4.523157131582195 × 10^296 |
| 9 | ov_009 | 3.751300926431765 × 10^296 |
| 10 | ov_010 | 3.0823616654778776 × 10^296 |
| 11 | ov_011 | 2.5067411495783056 × 10^296 |
| 12 | ov_012 | 2.0153477322593678 × 10^296 |
| 13 | ov_013 | 1.5995800196235088 × 10^296 |
| 14 | ov_014 | 1.2513141348626914 × 10^296 |
| 15 | ov_015 | 9.628940320000715 × 10^295 |
| 16 | ov_016 | 7.27124344865067 × 10^295 |
| 17 | ov_017 | 5.372652954150745 × 10^295 |
| 18 | ov_018 | 3.87029223502978 × 10^295 |
| 19 | ov_019 | 2.705783381021507 × 10^295 |
| 20 | ov_020 | 1.8252332787122327 × 10^295 |
| 21 | ov_021 | 1.1792252232568116 × 10^295 |
| 22 | ov_022 | 7.228137696646436 × 10^294 |
| 23 | ov_023 | 4.1552141510570405 × 10^294 |
| 24 | ov_024 | 2.21336372505453 × 10^294 |
| 25 | ov_025 | 1.0871111457734481 × 10^294 |
| 26 | ov_026 | 5.0561500789313175 × 10^293 |
| 27 | ov_027 | 2.426630917835088 × 10^293 |
| 28 | ov_028 | 1.16670193134919 × 10^293 |
| 29 | ov_029 | 4.800030644042837 × 10^292 |
| 30 | ov_030 | 1.5858424857355353 × 10^292 |
| 31 | ov_031 | 3.8341453070185923 × 10^291 |
| 32 | lv_80_k31 | 9.267503126189576 × 10^290 |
| 33 | ov_033 | 1.1047078908482953 × 10^292 |
| 34 | ov_034 | 9.529142914392739 × 10^291 |
| 35 | ov_035 | 8.18042103080102 × 10^291 |
| 36 | ov_036 | 6.98611520277715 × 10^291 |
| 37 | ov_037 | 5.932220833883678 × 10^291 |
| 38 | ov_038 | 5.005470521172963 × 10^291 |
| 39 | ov_039 | 4.193285533846733 × 10^291 |
| 40 | ov_040 | 3.483734278334634 × 10^291 |
| 41 | ov_041 | 2.8654970387818974 × 10^291 |
| 42 | ov_042 | 2.327836325762976 × 10^291 |
| 43 | ov_043 | 1.865525575093392 × 10^291 |
| 44 | ov_044 | 1.4689221417207286 × 10^291 |
| 45 | ov_045 | 1.1333367479417081 × 10^291 |
| 46 | ov_046 | 8.543368912338656 × 10^290 |
| 47 | ov_047 | 6.2774107633317265 × 10^290 |
| 48 | ov_048 | 4.496143652700612 × 10^290 |
| 49 | ov_049 | 3.128140921999788 × 10^290 |
| 50 | ov_050 | 2.106774583389247 × 10^290 |
| 51 | ov_051 | 1.3701870871738731 × 10^290 |
| 52 | ov_052 | 8.612730749205801 × 10^289 |
| 53 | ov_053 | 5.276683666381767 × 10^289 |
| 54 | ov_054 | 3.2174375079043497 × 10^289 |
| 55 | ov_055 | 2.0060155724385724 × 10^289 |
| 56 | ov_056 | 1.2607364082927618 × 10^289 |
| 57 | ov_057 | 8.025811580247423 × 10^288 |
| 58 | ov_058 | 4.761698203144623 × 10^288 |
| 59 | ov_059 | 2.5786768032225277 × 10^288 |
| 60 | ov_060 | 1.2404059043760346 × 10^288 |
| 61 | ov_061 | 5.105458584930457 × 10^287 |
| 62 | ov_062 | 1.6872614172808668 × 10^287 |
| 63 | ov_063 | 4.0803054428593007 × 10^286 |
| 64 | lv_79_k31 | 9.863972476211981 × 10^285 |
| 65 | ov_065 | 1.162374539107801 × 10^287 |
| 66 | ov_066 | 1.1623717037607233 × 10^287 |
| 67 | ov_067 | 1.162370784811973 × 10^287 |
| 68 | ov_068 | 1.0026842837663152 × 10^287 |
| 69 | ov_069 | 8.597900019157776 × 10^286 |
| 70 | ov_070 | 7.329543285662609 × 10^286 |
| 71 | ov_071 | 6.208429589119747 × 10^286 |
| 72 | ov_072 | 5.222032340294219 × 10^286 |
| 73 | ov_073 | 4.358587313757187 × 10^286 |
| 74 | ov_074 | 3.607043503958631 × 10^286 |
| 75 | ov_075 | 2.9570186701634547 × 10^286 |
| 76 | ov_076 | 2.3987593162387 × 10^286 |
| 77 | ov_077 | 1.9231048578365688 × 10^286 |
| 78 | ov_078 | 1.5214557346512702 × 10^286 |
| 79 | ov_079 | 1.1857452293538887 × 10^286 |
| 80 | ov_080 | 9.084147577291919 × 10^285 |
| 81 | ov_081 | 6.823923966361765 × 10^285 |
| 82 | ov_082 | 5.0107441785887 × 10^285 |
| 83 | ov_083 | 3.5830959685816944 × 10^285 |
| 84 | ov_084 | 2.4838606601617072 × 10^285 |
| 85 | ov_085 | 1.6602048230126387 × 10^285 |
| 86 | ov_086 | 1.0634927947276566 × 10^285 |
| 87 | ov_087 | 6.492177505544567 × 10^284 |
| 88 | ov_088 | 3.7694902383568636 × 10^284 |
| 89 | ov_089 | 2.1029338057333725 × 10^284 |
| 90 | ov_090 | 1.168679518033741 × 10^284 |
| 91 | ov_091 | 6.828252761288352 × 10^283 |
| 92 | ov_092 | 4.012893607569425 × 10^283 |
| 93 | ov_093 | 2.1197645358115673 × 10^283 |
| 94 | ov_094 | 9.502190563844908 × 10^282 |
| 95 | aaa_78_28 | 3.056350359029651 × 10^282 |
| 96 | aaa_78_29 | 1.1581234539176536 × 10^282 |
| 97 | ov_097 | 1.2618261164988545 × 10^282 |
| 98 | ov_098 | 1.2617883740520443 × 10^282 |
| 99 | ov_099 | 1.2617763295166728 × 10^282 |
| 100 | ov_100 | 1.1357416309297836 × 10^282 |
| 101 | ov_101 | 1.0189613040766517 × 10^282 |
| 102 | ov_102 | 9.109318899383881 × 10^281 |
| 103 | ov_103 | 8.111869325100419 × 10^281 |
| 104 | ov_104 | 7.19292057381856 × 10^281 |
| 105 | ov_105 | 6.34840505056368 × 10^281 |
| 106 | ov_106 | 5.574490949135188 × 10^281 |
| 107 | ov_107 | 4.867545967057583 × 10^281 |
| 108 | ov_108 | 4.224104872616385 × 10^281 |
| 109 | ov_109 | 3.640840707195952 × 10^281 |
| 110 | ov_110 | 3.114539411225275 × 10^281 |
| 111 | ov_111 | 2.642077665965885 × 10^281 |
| 112 | ov_112 | 2.220403746318701 × 10^281 |
| 113 | ov_113 | 1.84652118196846 × 10^281 |
| 114 | ov_114 | 1.5174750256890392 × 10^281 |
| 115 | ov_115 | 1.2303405286393776 × 10^281 |
| 116 | ov_116 | 9.822140231132325 × 10^280 |
| 117 | ov_117 | 7.702058135864476 × 10^280 |
| 118 | ov_118 | 5.9143487712879825 × 10^280 |
| 119 | ov_119 | 4.430251743678856 × 10^280 |
| 120 | ov_120 | 3.221033722562362 × 10^280 |
| 121 | ov_121 | 2.2579766555040703 × 10^280 |
| 122 | ov_122 | 1.5123720484007414 × 10^280 |
| 123 | ov_123 | 9.555173831218014 × 10^279 |
| 124 | ov_124 | 5.587135123720481 × 10^279 |
| 125 | ov_125 | 2.9326295172662355 × 10^279 |
| 126 | ov_126 | 1.3046889826746597 × 10^279 |
| 127 | aaa_77_28 | 4.163476663598096 × 10^278 |
| 128 | aaa_77_29 | 1.5593744988134729 × 10^278 |
| 129 | ov_129 | 1.4209078758699359 × 10^278 |
| 130 | ov_130 | 1.420904496341054 × 10^278 |
| 131 | ov_131 | 1.4209034117982517 × 10^278 |
| 132 | ov_132 | 1.2273061134012815 × 10^278 |
| 133 | ov_133 | 1.0542804495084035 × 10^278 |
| 134 | ov_134 | 9.002468764220714 × 10^277 |
| 135 | ov_135 | 7.6371311578100245 × 10^277 |
| 136 | ov_136 | 6.432677620561867 × 10^277 |
| 137 | ov_137 | 5.375747259284933 × 10^277 |
| 138 | ov_138 | 4.453684517114957 × 10^277 |
| 139 | ov_139 | 3.654498354869129 × 10^277 |
| 140 | ov_140 | 2.9668276959949088 × 10^277 |
| 141 | ov_141 | 2.379912431960571 × 10^277 |
| 142 | ov_142 | 1.8835693244615698 × 10^277 |
| 143 | ov_143 | 1.4681722139609285 × 10^277 |
| 144 | ov_144 | 1.1246360510162875 × 10^277 |
| 145 | ov_145 | 8.444043049382285 × 10^276 |
| 146 | ov_146 | 6.194392736814049 × 10^276 |
| 147 | ov_147 | 4.4221482234246547 × 10^276 |
| 148 | ov_148 | 3.057111152807801 × 10^276 |
| 149 | ov_149 | 2.0341094446673087 × 10^276 |
| 150 | ov_150 | 1.2929729421815217 × 10^276 |
| 151 | ov_151 | 7.785182002029899 × 10^275 |
| 152 | ov_152 | 4.405395664588553 × 10^275 |
| 153 | ov_153 | 2.3380419070246558 × 10^275 |
| 154 | ov_154 | 1.1804927138060353 × 10^275 |
| 155 | ov_155 | 5.798050816004566 × 10^274 |
| 156 | aaa_76_25 | 2.3271257898412336 × 10^274 |
| 157 | aaa_76_26 | 1.4316698942155558 × 10^274 |
| 158 | aaa_76_27 | 7.845559450048722 × 10^273 |
| 159 | aaa_76_28 | 3.694835967777281 × 10^273 |
| 160 | aaa_76_29 | 1.3902535184113387 × 10^273 |

### Output Bits Sorted by Complexity

| Rank | Output Bit | Complexity |
|:----:|:----------:|:----------:|
| 160 | aaa_76_29 | 1.3902535184113387 × 10^273 |
| 159 | aaa_76_28 | 3.694835967777281 × 10^273 |
| 158 | aaa_76_27 | 7.845559450048722 × 10^273 |
| 157 | aaa_76_26 | 1.4316698942155558 × 10^274 |
| 156 | aaa_76_25 | 2.3271257898412336 × 10^274 |
| 155 | ov_155 | 5.798050816004566 × 10^274 |
| 154 | ov_154 | 1.1804927138060353 × 10^275 |
| 153 | ov_153 | 2.3380419070246558 × 10^275 |
| 152 | ov_152 | 4.405395664588553 × 10^275 |
| 151 | ov_151 | 7.785182002029899 × 10^275 |
| 150 | ov_150 | 1.2929729421815217 × 10^276 |
| 149 | ov_149 | 2.0341094446673087 × 10^276 |
| 148 | ov_148 | 3.057111152807801 × 10^276 |
| 147 | ov_147 | 4.4221482234246547 × 10^276 |
| 146 | ov_146 | 6.194392736814049 × 10^276 |
| 145 | ov_145 | 8.444043049382285 × 10^276 |
| 144 | ov_144 | 1.1246360510162875 × 10^277 |
| 143 | ov_143 | 1.4681722139609285 × 10^277 |
| 142 | ov_142 | 1.8835693244615698 × 10^277 |
| 141 | ov_141 | 2.379912431960571 × 10^277 |
| 140 | ov_140 | 2.9668276959949088 × 10^277 |
| 139 | ov_139 | 3.654498354869129 × 10^277 |
| 138 | ov_138 | 4.453684517114957 × 10^277 |
| 137 | ov_137 | 5.375747259284933 × 10^277 |
| 136 | ov_136 | 6.432677620561867 × 10^277 |
| 135 | ov_135 | 7.6371311578100245 × 10^277 |
| 134 | ov_134 | 9.002468764220714 × 10^277 |
| 133 | ov_133 | 1.0542804495084035 × 10^278 |
| 132 | ov_132 | 1.2273061134012815 × 10^278 |
| 131 | ov_131 | 1.4209034117982517 × 10^278 |
| 130 | ov_130 | 1.420904496341054 × 10^278 |
| 129 | ov_129 | 1.4209078758699359 × 10^278 |
| 128 | aaa_77_29 | 1.5593744988134729 × 10^278 |
| 127 | aaa_77_28 | 4.163476663598096 × 10^278 |
| 126 | ov_126 | 1.3046889826746597 × 10^279 |
| 125 | ov_125 | 2.9326295172662355 × 10^279 |
| 124 | ov_124 | 5.587135123720481 × 10^279 |
| 123 | ov_123 | 9.555173831218014 × 10^279 |
| 122 | ov_122 | 1.5123720484007414 × 10^280 |
| 121 | ov_121 | 2.2579766555040703 × 10^280 |
| 120 | ov_120 | 3.221033722562362 × 10^280 |
| 119 | ov_119 | 4.430251743678856 × 10^280 |
| 118 | ov_118 | 5.9143487712879825 × 10^280 |
| 117 | ov_117 | 7.702058135864476 × 10^280 |
| 116 | ov_116 | 9.822140231132325 × 10^280 |
| 115 | ov_115 | 1.2303405286393776 × 10^281 |
| 114 | ov_114 | 1.5174750256890392 × 10^281 |
| 113 | ov_113 | 1.84652118196846 × 10^281 |
| 112 | ov_112 | 2.220403746318701 × 10^281 |
| 111 | ov_111 | 2.642077665965885 × 10^281 |
| 110 | ov_110 | 3.114539411225275 × 10^281 |
| 109 | ov_109 | 3.640840707195952 × 10^281 |
| 108 | ov_108 | 4.224104872616385 × 10^281 |
| 107 | ov_107 | 4.867545967057583 × 10^281 |
| 106 | ov_106 | 5.574490949135188 × 10^281 |
| 105 | ov_105 | 6.34840505056368 × 10^281 |
| 104 | ov_104 | 7.19292057381856 × 10^281 |
| 103 | ov_103 | 8.111869325100419 × 10^281 |
| 102 | ov_102 | 9.109318899383881 × 10^281 |
| 101 | ov_101 | 1.0189613040766517 × 10^282 |
| 100 | ov_100 | 1.1357416309297836 × 10^282 |
| 96 | aaa_78_29 | 1.1581234539176536 × 10^282 |
| 99 | ov_099 | 1.2617763295166728 × 10^282 |
| 98 | ov_098 | 1.2617883740520443 × 10^282 |
| 97 | ov_097 | 1.2618261164988545 × 10^282 |
| 95 | aaa_78_28 | 3.056350359029651 × 10^282 |
| 94 | ov_094 | 9.502190563844908 × 10^282 |
| 93 | ov_093 | 2.1197645358115673 × 10^283 |
| 92 | ov_092 | 4.012893607569425 × 10^283 |
| 91 | ov_091 | 6.828252761288352 × 10^283 |
| 90 | ov_090 | 1.168679518033741 × 10^284 |
| 89 | ov_089 | 2.1029338057333725 × 10^284 |
| 88 | ov_088 | 3.7694902383568636 × 10^284 |
| 87 | ov_087 | 6.492177505544567 × 10^284 |
| 86 | ov_086 | 1.0634927947276566 × 10^285 |
| 85 | ov_085 | 1.6602048230126387 × 10^285 |
| 84 | ov_084 | 2.4838606601617072 × 10^285 |
| 83 | ov_083 | 3.5830959685816944 × 10^285 |
| 82 | ov_082 | 5.0107441785887 × 10^285 |
| 81 | ov_081 | 6.823923966361765 × 10^285 |
| 80 | ov_080 | 9.084147577291919 × 10^285 |
| 64 | lv_79_k31 | 9.863972476211981 × 10^285 |
| 79 | ov_079 | 1.1857452293538887 × 10^286 |
| 78 | ov_078 | 1.5214557346512702 × 10^286 |
| 77 | ov_077 | 1.9231048578365688 × 10^286 |
| 76 | ov_076 | 2.3987593162387 × 10^286 |
| 75 | ov_075 | 2.9570186701634547 × 10^286 |
| 74 | ov_074 | 3.607043503958631 × 10^286 |
| 63 | ov_063 | 4.0803054428593007 × 10^286 |
| 73 | ov_073 | 4.358587313757187 × 10^286 |
| 72 | ov_072 | 5.222032340294219 × 10^286 |
| 71 | ov_071 | 6.208429589119747 × 10^286 |
| 70 | ov_070 | 7.329543285662609 × 10^286 |
| 69 | ov_069 | 8.597900019157776 × 10^286 |
| 68 | ov_068 | 1.0026842837663152 × 10^287 |
| 67 | ov_067 | 1.162370784811973 × 10^287 |
| 66 | ov_066 | 1.1623717037607233 × 10^287 |
| 65 | ov_065 | 1.162374539107801 × 10^287 |
| 62 | ov_062 | 1.6872614172808668 × 10^287 |
| 61 | ov_061 | 5.105458584930457 × 10^287 |
| 60 | ov_060 | 1.2404059043760346 × 10^288 |
| 59 | ov_059 | 2.5786768032225277 × 10^288 |
| 58 | ov_058 | 4.761698203144623 × 10^288 |
| 57 | ov_057 | 8.025811580247423 × 10^288 |
| 56 | ov_056 | 1.2607364082927618 × 10^289 |
| 55 | ov_055 | 2.0060155724385724 × 10^289 |
| 54 | ov_054 | 3.2174375079043497 × 10^289 |
| 53 | ov_053 | 5.276683666381767 × 10^289 |
| 52 | ov_052 | 8.612730749205801 × 10^289 |
| 51 | ov_051 | 1.3701870871738731 × 10^290 |
| 50 | ov_050 | 2.106774583389247 × 10^290 |
| 49 | ov_049 | 3.128140921999788 × 10^290 |
| 48 | ov_048 | 4.496143652700612 × 10^290 |
| 47 | ov_047 | 6.2774107633317265 × 10^290 |
| 46 | ov_046 | 8.543368912338656 × 10^290 |
| 32 | lv_80_k31 | 9.267503126189576 × 10^290 |
| 45 | ov_045 | 1.1333367479417081 × 10^291 |
| 44 | ov_044 | 1.4689221417207286 × 10^291 |
| 43 | ov_043 | 1.865525575093392 × 10^291 |
| 42 | ov_042 | 2.327836325762976 × 10^291 |
| 41 | ov_041 | 2.8654970387818974 × 10^291 |
| 40 | ov_040 | 3.483734278334634 × 10^291 |
| 31 | ov_031 | 3.8341453070185923 × 10^291 |
| 39 | ov_039 | 4.193285533846733 × 10^291 |
| 38 | ov_038 | 5.005470521172963 × 10^291 |
| 37 | ov_037 | 5.932220833883678 × 10^291 |
| 36 | ov_036 | 6.98611520277715 × 10^291 |
| 35 | ov_035 | 8.18042103080102 × 10^291 |
| 34 | ov_034 | 9.529142914392739 × 10^291 |
| 33 | ov_033 | 1.1047078908482953 × 10^292 |
| 30 | ov_030 | 1.5858424857355353 × 10^292 |
| 29 | ov_029 | 4.800030644042837 × 10^292 |
| 28 | ov_028 | 1.16670193134919 × 10^293 |
| 27 | ov_027 | 2.426630917835088 × 10^293 |
| 26 | ov_026 | 5.0561500789313175 × 10^293 |
| 25 | ov_025 | 1.0871111457734481 × 10^294 |
| 24 | ov_024 | 2.21336372505453 × 10^294 |
| 23 | ov_023 | 4.1552141510570405 × 10^294 |
| 22 | ov_022 | 7.228137696646436 × 10^294 |
| 21 | ov_021 | 1.1792252232568116 × 10^295 |
| 20 | ov_020 | 1.8252332787122327 × 10^295 |
| 19 | ov_019 | 2.705783381021507 × 10^295 |
| 18 | ov_018 | 3.87029223502978 × 10^295 |
| 17 | ov_017 | 5.372652954150745 × 10^295 |
| 16 | ov_016 | 7.27124344865067 × 10^295 |
| 15 | ov_015 | 9.628940320000715 × 10^295 |
| 14 | ov_014 | 1.2513141348626914 × 10^296 |
| 13 | ov_013 | 1.5995800196235088 × 10^296 |
| 12 | ov_012 | 2.0153477322593678 × 10^296 |
| 11 | ov_011 | 2.5067411495783056 × 10^296 |
| 10 | ov_010 | 3.0823616654778776 × 10^296 |
| 9 | ov_009 | 3.751300926431765 × 10^296 |
| 8 | ov_008 | 4.523157131582195 × 10^296 |
| 7 | ov_007 | 5.408055338216351 × 10^296 |
| 6 | ov_006 | 6.416672131879015 × 10^296 |
| 5 | ov_005 | 7.560265005791608 × 10^296 |
| 4 | ov_004 | 8.850706861480996 × 10^296 |
| 3 | ov_003 | 1.0300526157175584 × 10^297 |
| 2 | ov_002 | 1.1916519796246772 × 10^297 |
| 1 | ov_001 | 1.3705876573181515 × 10^297 |

