# Results for F001-F002-F003-F004-F005-F006-F007-F008-F009-F010-F011-F012-F013-F014-F015-F016-F017-F018-F019-F020-F021-F022-F023-F024-F025-F026-F027-F028-F029-F030-F031-F032-F033-F034-F035-F036-F037-F038-F039-F040-F041-F042-F043-F044-F045-F046-F047-F048-F049-F050-F051-F052-F053-F054-F055-F056-F057-F058-F059-F060-F061-F062-F063-F064-F065-F066-F067-F068-F069-F070-F071-F072-F073-F074-F075-F076-F077-F078-F079-F080-F081-F082-F083-F084-F085-F086-F087-F088-F089-F090-F091-F092-F093-F094-F095-F096-F097-F098-F099-F100-F101-F102-F103-F104-F105-F106-F107-F108-F109-F110-F111-F112-F113-F114-F115-F116-F117-F118-F119-F120-F121-F122-F123-F124-F125-F126-F127-F128-F129-F130-F131-F132-F133-F134-F135-F136-F137-F138-F139-F140-F141-F142-F143-F144-F145-F146-F147-F148-F149-F150-F151-F152-F153-F154-F155-F156-F157-F158-F159-F160-F161-F162-F163-F164-F165-F166-F167-F168-F169-F170-F171-F172-F173-F174-F175-F176-F177-F178-F179-F180-F181-F182-F183-F184-F185-F186-F187-F188-F189-F190-F191-F192-F193-F194-F195-F196-F197-F198-F199-F200-F201-F202-F203-F204-F205-F206-F207-F208-F209-F210-F211-F212-F213-F214-F215-F216-F217-F218-F219-F220-F221-F222-F223-F224-F225-F226-F227-F228-F229-F230-F231-F232-F233-F234-F235-F236-F237-F238-F239-F240-F241-F242-F243-F244-F245-F246-F247-F248-F249-F250-F251-F252-F253-F254-F255-F256-F257-F258-F259-F260-F261-F262-F263-F264-F265-F266-F267-F268-F269-F270-F271-F272-F273-F274-F275-F276-F277-F278-F279-F280-F281-F282-F283-F284-F285-F286-F287-F288-F289-F290-F291-F292-F293-F294-F295-F296-F297-F298-F299-F300-F301-F302-F303-F304-F305-F306-F307-F308-F309-F310-F311-F312-F313-F314-F315-F316-F317-F318-F319-F320-F321-F322-F323-F324-F325-F326-F327-F328-F329-F330-F331-F332-F333-F334-F335-F336-F337-F338-F339-F340-F341-F342-F343-F344-F345-F346-F347-F348-F349-F350-F351-F352-F353-F354-F355-F356-F357-F358-F359-F360-F361-F362-F363-F364-F365-F366-F367-F368-F369-F370-F371-F372-F373-F374-F375-F376-F377-F378-F379-F380-F381-F382-F383-F384-F385-F386-F387-F388-F389-F390-F391-F392-F393-F394-F395-F396-F397-F398-F399-F400-F401-F402-F403-F404-F405-F406-F407-F408-F409-F410-F411-F412-F413-F414-F415-F416-F417-F418-F419-F420-F421-F422-F423-F424-F425-F426-F427-F428-F429-F430-F431-F432-F433-F434-F435-F436-F437-F438-F439-F440-F441-F442-F443-F444-F445-F446-F447-F448-F449-F450-F451-F452-F453-F454-F455-F456-F457-F458-F459-F460-F461-F462-F463-F464-F465-F466-F467-F468-F469-F470-F471-F472-F473-F474-F475-F476-F477-F478-F479-F480-F481-F482-F483-F484-F485-F486-F487-F488-F489-F490-F491-F492-F493-F494-F495-F496-F497-F498-F499-F500-F501-E506508-F510-F512

## Summary

Number of input bits: 512  
Number of free input bits: 8  
Number of output bits: 160

Number of direct occurrences: 33063  
Number of assignments: 30875  
Number of operations: 10902150
(xor: 10873128,
and: 15997,
or: 13025)

Total complexity: 8.62306039902284 × 10^297

Least occurring input variable: iv_502 (3920)  
Most occurring input variable: iv_506 (4319)

Most co-occurring input variables: iv_507-iv_509 (2056)  
Least co-occurring input variables: iv_502-iv_504 (1801)

Potentially most occurring input variable: iv_503/iv_506 (4572)  
Potentially least occurring input variable: iv_504/iv_505 (4079)

Least output occurring input variable: iv_503 (72)  
Most output occurring input variable: iv_509 (87)

Most output co-occurring input variables: iv_502-iv_509 (46)  
Least output co-occurring input variables: iv_505-iv_507 (31)

Potentially most output occurring input variable: iv_506/iv_507 (90)  
Potentially least output occurring input variable: iv_502/iv_506 (70)

Least complex input bit: iv_511 (1.227852767396355 × 10^294)  
Most complex input bit: iv_506 (2.3903998796500773 × 10^297)

Least complex output bit: aaa_76_29 (1.3902535185406586 × 10^273)  
Most complex output bit: ov_001 (1.3705876574456415 × 10^297)

Least complex input/output complexity: iv_511/aaa_76_29 (1.9796064867133525 × 10^269)  
Most complex input/output complexity: iv_506/ov_001 (3.799408121714192 × 10^296)

Input variable with highest collision probability: iv_503 (½^160.00000000000054)

## Input Bits

### Input Bits in Regular Order

| Input Bit | Complexity | Occurrences | Output Occurrences | Collision Probability |
|:---------:|:----------:|:-----------:|:------------------:|:---------------------:|
| iv_502 | 3.254663599411362 × 10^296 | 3920 | 82 | ½^160.0000000000006 |
| iv_503 | 5.813149848396838 × 10^296 | 4083 | 72 | ½^160.00000000000054 |
| iv_504 | 9.707111500043298 × 10^296 | 3948 | 78 | ½^160.0000000000006 |
| iv_505 | 1.5491202610782204 × 10^297 | 4113 | 72 | ½^160.00000000000077 |
| iv_506 | 2.3903998796500773 × 10^297 | 4319 | 80 | ½^160.0000000000007 |
| iv_507 | 1.1986417809843583 × 10^297 | 4193 | 76 | ½^160.00000000000063 |
| iv_509 | 1.6061781297576476 × 10^297 | 4228 | 87 | ½^160.00000000000065 |
| iv_511 | 1.227852767396355 × 10^294 | 4259 | 80 | ½^160.00000000000074 |

### Input Bits Sorted by Complexity

| Input Bit | Complexity | Occurrences | Output Occurrences | Collision Probability |
|:---------:|:----------:|:-----------:|:------------------:|:---------------------:|
| iv_511 | 1.227852767396355 × 10^294 | 4259 | 80 | ½^160.00000000000074 |
| iv_502 | 3.254663599411362 × 10^296 | 3920 | 82 | ½^160.0000000000006 |
| iv_503 | 5.813149848396838 × 10^296 | 4083 | 72 | ½^160.00000000000054 |
| iv_504 | 9.707111500043298 × 10^296 | 3948 | 78 | ½^160.0000000000006 |
| iv_507 | 1.1986417809843583 × 10^297 | 4193 | 76 | ½^160.00000000000063 |
| iv_505 | 1.5491202610782204 × 10^297 | 4113 | 72 | ½^160.00000000000077 |
| iv_509 | 1.6061781297576476 × 10^297 | 4228 | 87 | ½^160.00000000000065 |
| iv_506 | 2.3903998796500773 × 10^297 | 4319 | 80 | ½^160.0000000000007 |

### Input Bits Sorted by Occurrences

| Input Bit | Complexity | Occurrences | Output Occurrences | Collision Probability |
|:---------:|:----------:|:-----------:|:------------------:|:---------------------:|
| iv_502 | 3.254663599411362 × 10^296 | 3920 | 82 | ½^160.0000000000006 |
| iv_504 | 9.707111500043298 × 10^296 | 3948 | 78 | ½^160.0000000000006 |
| iv_503 | 5.813149848396838 × 10^296 | 4083 | 72 | ½^160.00000000000054 |
| iv_505 | 1.5491202610782204 × 10^297 | 4113 | 72 | ½^160.00000000000077 |
| iv_507 | 1.1986417809843583 × 10^297 | 4193 | 76 | ½^160.00000000000063 |
| iv_509 | 1.6061781297576476 × 10^297 | 4228 | 87 | ½^160.00000000000065 |
| iv_511 | 1.227852767396355 × 10^294 | 4259 | 80 | ½^160.00000000000074 |
| iv_506 | 2.3903998796500773 × 10^297 | 4319 | 80 | ½^160.0000000000007 |

### Input Bits Sorted by Output Occurrences

| Input Bit | Complexity | Occurrences | Output Occurrences | Collision Probability |
|:---------:|:----------:|:-----------:|:------------------:|:---------------------:|
| iv_503 | 5.813149848396838 × 10^296 | 4083 | 72 | ½^160.00000000000054 |
| iv_505 | 1.5491202610782204 × 10^297 | 4113 | 72 | ½^160.00000000000077 |
| iv_507 | 1.1986417809843583 × 10^297 | 4193 | 76 | ½^160.00000000000063 |
| iv_504 | 9.707111500043298 × 10^296 | 3948 | 78 | ½^160.0000000000006 |
| iv_506 | 2.3903998796500773 × 10^297 | 4319 | 80 | ½^160.0000000000007 |
| iv_511 | 1.227852767396355 × 10^294 | 4259 | 80 | ½^160.00000000000074 |
| iv_502 | 3.254663599411362 × 10^296 | 3920 | 82 | ½^160.0000000000006 |
| iv_509 | 1.6061781297576476 × 10^297 | 4228 | 87 | ½^160.00000000000065 |

### Input Bits Sorted by Collision Probability

| Input Bit | Complexity | Occurrences | Output Occurrences | Collision Probability |
|:---------:|:----------:|:-----------:|:------------------:|:---------------------:|
| iv_503 | 5.813149848396838 × 10^296 | 4083 | 72 | ½^160.00000000000054 |
| iv_504 | 9.707111500043298 × 10^296 | 3948 | 78 | ½^160.0000000000006 |
| iv_502 | 3.254663599411362 × 10^296 | 3920 | 82 | ½^160.0000000000006 |
| iv_507 | 1.1986417809843583 × 10^297 | 4193 | 76 | ½^160.00000000000063 |
| iv_509 | 1.6061781297576476 × 10^297 | 4228 | 87 | ½^160.00000000000065 |
| iv_506 | 2.3903998796500773 × 10^297 | 4319 | 80 | ½^160.0000000000007 |
| iv_511 | 1.227852767396355 × 10^294 | 4259 | 80 | ½^160.00000000000074 |
| iv_505 | 1.5491202610782204 × 10^297 | 4113 | 72 | ½^160.00000000000077 |

## Input Bit/Output Bit Collision Probabilities

| Input Bit | Output Bit | Collision Probability |
|:---------:|:----------:|:---------------------:|
| iv_503 | ov_035 | 0.5000000000000042 |
| iv_502 | ov_043 | 0.500000000000002 |
| iv_502 | ov_124 | 0.5000000000000019 |
| iv_503 | ov_076 | 0.5000000000000018 |
| iv_503 | ov_098 | 0.5000000000000018 |
| iv_503 | ov_121 | 0.5000000000000018 |
| iv_503 | ov_145 | 0.5000000000000018 |
| iv_504 | ov_017 | 0.5000000000000018 |

## Input Bit Co-occurrences

### Input Bit Co-occurrences Sorted by Co-occurrences

| Input Bits | Co-occurrences | Potential Occurrences | Output Co-occurrences | Potential Output Occurrences |
|:----------:|:--------------:|:---------------------:|:---------------------:|:----------------------------:|
| iv_507-iv_509 | 2056 | 4309 | 44 | 75 |
| iv_505-iv_507 | 2040 | 4226 | 31 | 86 |
| iv_506-iv_511 | 2028 | 4522 | 44 | 72 |
| iv_506-iv_509 | 2027 | 4493 | 43 | 81 |
| iv_503-iv_511 | 2010 | 4322 | 35 | 82 |
| iv_507-iv_511 | 2002 | 4448 | 39 | 78 |
| iv_504-iv_505 | 1991 | 4079 | 39 | 72 |
| iv_505-iv_506 | 1989 | 4454 | 37 | 78 |

### Input Bit Co-occurrences Sorted by Potential Occurrences

| Input Bits | Co-occurrences | Potential Occurrences | Output Co-occurrences | Potential Output Occurrences |
|:----------:|:--------------:|:---------------------:|:---------------------:|:----------------------------:|
| iv_504-iv_505 | 1991 | 4079 | 39 | 72 |
| iv_502-iv_505 | 1916 | 4201 | 37 | 80 |
| iv_505-iv_507 | 2040 | 4226 | 31 | 86 |
| iv_502-iv_504 | 1801 | 4266 | 42 | 76 |
| iv_507-iv_509 | 2056 | 4309 | 44 | 75 |
| iv_503-iv_511 | 2010 | 4322 | 35 | 82 |
| iv_502-iv_507 | 1891 | 4331 | 42 | 74 |
| iv_502-iv_506 | 1952 | 4335 | 46 | 70 |

### Input Bit Output Co-occurrences Sorted by Output Co-occurrences

| Input Bits | Co-occurrences | Potential Occurrences | Output Co-occurrences | Potential Output Occurrences |
|:----------:|:--------------:|:---------------------:|:---------------------:|:----------------------------:|
| iv_502-iv_506 | 1952 | 4335 | 46 | 70 |
| iv_502-iv_509 | 1856 | 4436 | 46 | 77 |
| iv_502-iv_511 | 1902 | 4375 | 45 | 72 |
| iv_503-iv_509 | 1903 | 4505 | 44 | 71 |
| iv_506-iv_511 | 2028 | 4522 | 44 | 72 |
| iv_507-iv_509 | 2056 | 4309 | 44 | 75 |
| iv_506-iv_509 | 2027 | 4493 | 43 | 81 |
| iv_509-iv_511 | 1973 | 4541 | 43 | 81 |

### Input Bit Output Co-occurrences Sorted by Potential Output Occurrences

| Input Bits | Co-occurrences | Potential Occurrences | Output Co-occurrences | Potential Output Occurrences |
|:----------:|:--------------:|:---------------------:|:---------------------:|:----------------------------:|
| iv_502-iv_506 | 1952 | 4335 | 46 | 70 |
| iv_503-iv_509 | 1903 | 4505 | 44 | 71 |
| iv_502-iv_511 | 1902 | 4375 | 45 | 72 |
| iv_504-iv_505 | 1991 | 4079 | 39 | 72 |
| iv_506-iv_511 | 2028 | 4522 | 44 | 72 |
| iv_502-iv_507 | 1891 | 4331 | 42 | 74 |
| iv_507-iv_509 | 2056 | 4309 | 44 | 75 |
| iv_502-iv_504 | 1801 | 4266 | 42 | 76 |

## Output Bits

### Output Bits in Regular Order

| Rank | Output Bit | Complexity |
|:----:|:----------:|:----------:|
| 1 | ov_001 | 1.3705876574456415 × 10^297 |
| 2 | ov_002 | 1.1916519797355228 × 10^297 |
| 3 | ov_003 | 1.0300526158133722 × 10^297 |
| 4 | ov_004 | 8.850706862304276 × 10^296 |
| 5 | ov_005 | 7.560265006494853 × 10^296 |
| 6 | ov_006 | 6.416672132475885 × 10^296 |
| 7 | ov_007 | 5.4080553387194 × 10^296 |
| 8 | ov_008 | 4.523157132002933 × 10^296 |
| 9 | ov_009 | 3.7513009267807055 × 10^296 |
| 10 | ov_010 | 3.082361665764594 × 10^296 |
| 11 | ov_011 | 2.506741149811478 × 10^296 |
| 12 | ov_012 | 2.015347732446832 × 10^296 |
| 13 | ov_013 | 1.599580019772299 × 10^296 |
| 14 | ov_014 | 1.2513141349790866 × 10^296 |
| 15 | ov_015 | 9.628940320896382 × 10^295 |
| 16 | ov_016 | 7.271243449327032 × 10^295 |
| 17 | ov_017 | 5.3726529546505 × 10^295 |
| 18 | ov_018 | 3.870292235389789 × 10^295 |
| 19 | ov_019 | 2.705783381273195 × 10^295 |
| 20 | ov_020 | 1.825233278882013 × 10^295 |
| 21 | ov_021 | 1.1792252233665012 × 10^295 |
| 22 | ov_022 | 7.228137697318787 × 10^294 |
| 23 | ov_023 | 4.155214151443552 × 10^294 |
| 24 | ov_024 | 2.2133637252604136 × 10^294 |
| 25 | ov_025 | 1.0871111458745694 × 10^294 |
| 26 | ov_026 | 5.056150079401632 × 10^293 |
| 27 | ov_027 | 2.426630918060809 × 10^293 |
| 28 | ov_028 | 1.1667019314577149 × 10^293 |
| 29 | ov_029 | 4.800030644489328 × 10^292 |
| 30 | ov_030 | 1.585842485883048 × 10^292 |
| 31 | ov_031 | 3.834145307375238 × 10^291 |
| 32 | lv_80_m31 | 9.267503127051624 × 10^290 |
| 33 | ov_033 | 1.1047078909510536 × 10^292 |
| 34 | ov_034 | 9.529142915279126 × 10^291 |
| 35 | ov_035 | 8.18042103156195 × 10^291 |
| 36 | ov_036 | 6.986115203426986 × 10^291 |
| 37 | ov_037 | 5.932220834435484 × 10^291 |
| 38 | ov_038 | 5.005470521638564 × 10^291 |
| 39 | ov_039 | 4.193285534236786 × 10^291 |
| 40 | ov_040 | 3.4837342786586855 × 10^291 |
| 41 | ov_041 | 2.865497039048441 × 10^291 |
| 42 | ov_042 | 2.3278363259795076 × 10^291 |
| 43 | ov_043 | 1.8655255752669202 × 10^291 |
| 44 | ov_044 | 1.4689221418573655 × 10^291 |
| 45 | ov_045 | 1.1333367480471291 × 10^291 |
| 46 | ov_046 | 8.543368913133348 × 10^290 |
| 47 | ov_047 | 6.2774107639156415 × 10^290 |
| 48 | ov_048 | 4.496143653118836 × 10^290 |
| 49 | ov_049 | 3.1281409222907624 × 10^290 |
| 50 | ov_050 | 2.1067745835852163 × 10^290 |
| 51 | ov_051 | 1.370187087301326 × 10^290 |
| 52 | ov_052 | 8.612730750006945 × 10^289 |
| 53 | ov_053 | 5.276683666872595 × 10^289 |
| 54 | ov_054 | 3.217437508203631 × 10^289 |
| 55 | ov_055 | 2.006015572625169 × 10^289 |
| 56 | ov_056 | 1.2607364084100335 × 10^289 |
| 57 | ov_057 | 8.02581158099397 × 10^288 |
| 58 | ov_058 | 4.76169820358755 × 10^288 |
| 59 | ov_059 | 2.5786768034623925 × 10^288 |
| 60 | ov_060 | 1.2404059044914155 × 10^288 |
| 61 | ov_061 | 5.105458585405359 × 10^287 |
| 62 | ov_062 | 1.687261417437813 × 10^287 |
| 63 | ov_063 | 4.080305443238845 × 10^286 |
| 64 | lv_79_m31 | 9.863972477129512 × 10^285 |
| 65 | ov_065 | 1.1623745392159232 × 10^287 |
| 66 | ov_066 | 1.1623717038688452 × 10^287 |
| 67 | ov_067 | 1.162370784920095 × 10^287 |
| 68 | ov_068 | 1.0026842838595835 × 10^287 |
| 69 | ov_069 | 8.597900019957541 × 10^286 |
| 70 | ov_070 | 7.329543286344392 × 10^286 |
| 71 | ov_071 | 6.208429589697245 × 10^286 |
| 72 | ov_072 | 5.222032340779963 × 10^286 |
| 73 | ov_073 | 4.358587314162616 × 10^286 |
| 74 | ov_074 | 3.607043504294152 × 10^286 |
| 75 | ov_075 | 2.957018670438512 × 10^286 |
| 76 | ov_076 | 2.3987593164618294 × 10^286 |
| 77 | ov_077 | 1.9231048580154532 × 10^286 |
| 78 | ov_078 | 1.5214557347927936 × 10^286 |
| 79 | ov_079 | 1.1857452294641848 × 10^286 |
| 80 | ov_080 | 9.084147578136912 × 10^285 |
| 81 | ov_081 | 6.823923966996516 × 10^285 |
| 82 | ov_082 | 5.010744179054793 × 10^285 |
| 83 | ov_083 | 3.583095968914989 × 10^285 |
| 84 | ov_084 | 2.4838606603927522 × 10^285 |
| 85 | ov_085 | 1.6602048231670684 × 10^285 |
| 86 | ov_086 | 1.063492794826581 × 10^285 |
| 87 | ov_087 | 6.4921775061484604 × 10^284 |
| 88 | ov_088 | 3.7694902387074964 × 10^284 |
| 89 | ov_089 | 2.1029338059289845 × 10^284 |
| 90 | ov_090 | 1.1686795181424497 × 10^284 |
| 91 | ov_091 | 6.828252761923507 × 10^283 |
| 92 | ov_092 | 4.0128936079426994 × 10^283 |
| 93 | ov_093 | 2.1197645360087448 × 10^283 |
| 94 | ov_094 | 9.502190564728789 × 10^282 |
| 95 | aaa_78_28 | 3.056350359313949 × 10^282 |
| 96 | aaa_78_29 | 1.1581234540253805 × 10^282 |
| 97 | ov_097 | 1.2618261166162278 × 10^282 |
| 98 | ov_098 | 1.2617883741694144 × 10^282 |
| 99 | ov_099 | 1.2617763296340417 × 10^282 |
| 100 | ov_100 | 1.1357416310354289 × 10^282 |
| 101 | ov_101 | 1.0189613041714344 × 10^282 |
| 102 | ov_102 | 9.10931890023122 × 10^281 |
| 103 | ov_103 | 8.111869325854976 × 10^281 |
| 104 | ov_104 | 7.192920574487637 × 10^281 |
| 105 | ov_105 | 6.348405051154201 × 10^281 |
| 106 | ov_106 | 5.5744909496537206 × 10^281 |
| 107 | ov_107 | 4.867545967510356 × 10^281 |
| 108 | ov_108 | 4.2241048730093064 × 10^281 |
| 109 | ov_109 | 3.6408407075346186 × 10^281 |
| 110 | ov_110 | 3.114539411514986 × 10^281 |
| 111 | ov_111 | 2.6420776662116473 × 10^281 |
| 112 | ov_112 | 2.2204037465252403 × 10^281 |
| 113 | ov_113 | 1.8465211821402213 × 10^281 |
| 114 | ov_114 | 1.517475025830193 × 10^281 |
| 115 | ov_115 | 1.2303405287538225 × 10^281 |
| 116 | ov_116 | 9.82214023204597 × 10^280 |
| 117 | ov_117 | 7.702058136580913 × 10^280 |
| 118 | ov_118 | 5.914348771838128 × 10^280 |
| 119 | ov_119 | 4.430251744090952 × 10^280 |
| 120 | ov_120 | 3.221033722861979 × 10^280 |
| 121 | ov_121 | 2.2579766557141043 × 10^280 |
| 122 | ov_122 | 1.5123720485414206 × 10^280 |
| 123 | ov_123 | 9.555173832106824 × 10^279 |
| 124 | ov_124 | 5.58713512424019 × 10^279 |
| 125 | ov_125 | 2.932629517539025 × 10^279 |
| 126 | ov_126 | 1.3046889827960204 × 10^279 |
| 127 | aaa_77_28 | 4.1634766639853776 × 10^278 |
| 128 | aaa_77_29 | 1.5593744989585241 × 10^278 |
| 129 | ov_129 | 1.4209078760021071 × 10^278 |
| 130 | ov_130 | 1.4209044964732248 × 10^278 |
| 131 | ov_131 | 1.4209034119304226 × 10^278 |
| 132 | ov_132 | 1.2273061135154442 × 10^278 |
| 133 | ov_133 | 1.0542804496064714 × 10^278 |
| 134 | ov_134 | 9.002468765058113 × 10^277 |
| 135 | ov_135 | 7.637131158520424 × 10^277 |
| 136 | ov_136 | 6.43267762116023 × 10^277 |
| 137 | ov_137 | 5.37574725978498 × 10^277 |
| 138 | ov_138 | 4.453684517529234 × 10^277 |
| 139 | ov_139 | 3.654498355209067 × 10^277 |
| 140 | ov_140 | 2.9668276962708807 × 10^277 |
| 141 | ov_141 | 2.379912432181948 × 10^277 |
| 142 | ov_142 | 1.8835693246367775 × 10^277 |
| 143 | ov_143 | 1.4681722140974964 × 10^277 |
| 144 | ov_144 | 1.1246360511209 × 10^277 |
| 145 | ov_145 | 8.444043050167741 × 10^276 |
| 146 | ov_146 | 6.194392737390245 × 10^276 |
| 147 | ov_147 | 4.4221482238359994 × 10^276 |
| 148 | ov_148 | 3.0571111530921705 × 10^276 |
| 149 | ov_149 | 2.0341094448565195 × 10^276 |
| 150 | ov_150 | 1.2929729423017926 × 10^276 |
| 151 | ov_151 | 7.78518200275407 × 10^275 |
| 152 | ov_152 | 4.405395664998339 × 10^275 |
| 153 | ov_153 | 2.3380419072421382 × 10^275 |
| 154 | ov_154 | 1.1804927139158437 × 10^275 |
| 155 | ov_155 | 5.798050816543894 × 10^274 |
| 156 | aaa_76_25 | 2.3271257900577008 × 10^274 |
| 157 | aaa_76_26 | 1.431669894348728 × 10^274 |
| 158 | aaa_76_27 | 7.845559450778511 × 10^273 |
| 159 | aaa_76_28 | 3.6948359681209706 × 10^273 |
| 160 | aaa_76_29 | 1.3902535185406586 × 10^273 |

### Output Bits Sorted by Complexity

| Rank | Output Bit | Complexity |
|:----:|:----------:|:----------:|
| 160 | aaa_76_29 | 1.3902535185406586 × 10^273 |
| 159 | aaa_76_28 | 3.6948359681209706 × 10^273 |
| 158 | aaa_76_27 | 7.845559450778511 × 10^273 |
| 157 | aaa_76_26 | 1.431669894348728 × 10^274 |
| 156 | aaa_76_25 | 2.3271257900577008 × 10^274 |
| 155 | ov_155 | 5.798050816543894 × 10^274 |
| 154 | ov_154 | 1.1804927139158437 × 10^275 |
| 153 | ov_153 | 2.3380419072421382 × 10^275 |
| 152 | ov_152 | 4.405395664998339 × 10^275 |
| 151 | ov_151 | 7.78518200275407 × 10^275 |
| 150 | ov_150 | 1.2929729423017926 × 10^276 |
| 149 | ov_149 | 2.0341094448565195 × 10^276 |
| 148 | ov_148 | 3.0571111530921705 × 10^276 |
| 147 | ov_147 | 4.4221482238359994 × 10^276 |
| 146 | ov_146 | 6.194392737390245 × 10^276 |
| 145 | ov_145 | 8.444043050167741 × 10^276 |
| 144 | ov_144 | 1.1246360511209 × 10^277 |
| 143 | ov_143 | 1.4681722140974964 × 10^277 |
| 142 | ov_142 | 1.8835693246367775 × 10^277 |
| 141 | ov_141 | 2.379912432181948 × 10^277 |
| 140 | ov_140 | 2.9668276962708807 × 10^277 |
| 139 | ov_139 | 3.654498355209067 × 10^277 |
| 138 | ov_138 | 4.453684517529234 × 10^277 |
| 137 | ov_137 | 5.37574725978498 × 10^277 |
| 136 | ov_136 | 6.43267762116023 × 10^277 |
| 135 | ov_135 | 7.637131158520424 × 10^277 |
| 134 | ov_134 | 9.002468765058113 × 10^277 |
| 133 | ov_133 | 1.0542804496064714 × 10^278 |
| 132 | ov_132 | 1.2273061135154442 × 10^278 |
| 131 | ov_131 | 1.4209034119304226 × 10^278 |
| 130 | ov_130 | 1.4209044964732248 × 10^278 |
| 129 | ov_129 | 1.4209078760021071 × 10^278 |
| 128 | aaa_77_29 | 1.5593744989585241 × 10^278 |
| 127 | aaa_77_28 | 4.1634766639853776 × 10^278 |
| 126 | ov_126 | 1.3046889827960204 × 10^279 |
| 125 | ov_125 | 2.932629517539025 × 10^279 |
| 124 | ov_124 | 5.58713512424019 × 10^279 |
| 123 | ov_123 | 9.555173832106824 × 10^279 |
| 122 | ov_122 | 1.5123720485414206 × 10^280 |
| 121 | ov_121 | 2.2579766557141043 × 10^280 |
| 120 | ov_120 | 3.221033722861979 × 10^280 |
| 119 | ov_119 | 4.430251744090952 × 10^280 |
| 118 | ov_118 | 5.914348771838128 × 10^280 |
| 117 | ov_117 | 7.702058136580913 × 10^280 |
| 116 | ov_116 | 9.82214023204597 × 10^280 |
| 115 | ov_115 | 1.2303405287538225 × 10^281 |
| 114 | ov_114 | 1.517475025830193 × 10^281 |
| 113 | ov_113 | 1.8465211821402213 × 10^281 |
| 112 | ov_112 | 2.2204037465252403 × 10^281 |
| 111 | ov_111 | 2.6420776662116473 × 10^281 |
| 110 | ov_110 | 3.114539411514986 × 10^281 |
| 109 | ov_109 | 3.6408407075346186 × 10^281 |
| 108 | ov_108 | 4.2241048730093064 × 10^281 |
| 107 | ov_107 | 4.867545967510356 × 10^281 |
| 106 | ov_106 | 5.5744909496537206 × 10^281 |
| 105 | ov_105 | 6.348405051154201 × 10^281 |
| 104 | ov_104 | 7.192920574487637 × 10^281 |
| 103 | ov_103 | 8.111869325854976 × 10^281 |
| 102 | ov_102 | 9.10931890023122 × 10^281 |
| 101 | ov_101 | 1.0189613041714344 × 10^282 |
| 100 | ov_100 | 1.1357416310354289 × 10^282 |
| 96 | aaa_78_29 | 1.1581234540253805 × 10^282 |
| 99 | ov_099 | 1.2617763296340417 × 10^282 |
| 98 | ov_098 | 1.2617883741694144 × 10^282 |
| 97 | ov_097 | 1.2618261166162278 × 10^282 |
| 95 | aaa_78_28 | 3.056350359313949 × 10^282 |
| 94 | ov_094 | 9.502190564728789 × 10^282 |
| 93 | ov_093 | 2.1197645360087448 × 10^283 |
| 92 | ov_092 | 4.0128936079426994 × 10^283 |
| 91 | ov_091 | 6.828252761923507 × 10^283 |
| 90 | ov_090 | 1.1686795181424497 × 10^284 |
| 89 | ov_089 | 2.1029338059289845 × 10^284 |
| 88 | ov_088 | 3.7694902387074964 × 10^284 |
| 87 | ov_087 | 6.4921775061484604 × 10^284 |
| 86 | ov_086 | 1.063492794826581 × 10^285 |
| 85 | ov_085 | 1.6602048231670684 × 10^285 |
| 84 | ov_084 | 2.4838606603927522 × 10^285 |
| 83 | ov_083 | 3.583095968914989 × 10^285 |
| 82 | ov_082 | 5.010744179054793 × 10^285 |
| 81 | ov_081 | 6.823923966996516 × 10^285 |
| 80 | ov_080 | 9.084147578136912 × 10^285 |
| 64 | lv_79_m31 | 9.863972477129512 × 10^285 |
| 79 | ov_079 | 1.1857452294641848 × 10^286 |
| 78 | ov_078 | 1.5214557347927936 × 10^286 |
| 77 | ov_077 | 1.9231048580154532 × 10^286 |
| 76 | ov_076 | 2.3987593164618294 × 10^286 |
| 75 | ov_075 | 2.957018670438512 × 10^286 |
| 74 | ov_074 | 3.607043504294152 × 10^286 |
| 63 | ov_063 | 4.080305443238845 × 10^286 |
| 73 | ov_073 | 4.358587314162616 × 10^286 |
| 72 | ov_072 | 5.222032340779963 × 10^286 |
| 71 | ov_071 | 6.208429589697245 × 10^286 |
| 70 | ov_070 | 7.329543286344392 × 10^286 |
| 69 | ov_069 | 8.597900019957541 × 10^286 |
| 68 | ov_068 | 1.0026842838595835 × 10^287 |
| 67 | ov_067 | 1.162370784920095 × 10^287 |
| 66 | ov_066 | 1.1623717038688452 × 10^287 |
| 65 | ov_065 | 1.1623745392159232 × 10^287 |
| 62 | ov_062 | 1.687261417437813 × 10^287 |
| 61 | ov_061 | 5.105458585405359 × 10^287 |
| 60 | ov_060 | 1.2404059044914155 × 10^288 |
| 59 | ov_059 | 2.5786768034623925 × 10^288 |
| 58 | ov_058 | 4.76169820358755 × 10^288 |
| 57 | ov_057 | 8.02581158099397 × 10^288 |
| 56 | ov_056 | 1.2607364084100335 × 10^289 |
| 55 | ov_055 | 2.006015572625169 × 10^289 |
| 54 | ov_054 | 3.217437508203631 × 10^289 |
| 53 | ov_053 | 5.276683666872595 × 10^289 |
| 52 | ov_052 | 8.612730750006945 × 10^289 |
| 51 | ov_051 | 1.370187087301326 × 10^290 |
| 50 | ov_050 | 2.1067745835852163 × 10^290 |
| 49 | ov_049 | 3.1281409222907624 × 10^290 |
| 48 | ov_048 | 4.496143653118836 × 10^290 |
| 47 | ov_047 | 6.2774107639156415 × 10^290 |
| 46 | ov_046 | 8.543368913133348 × 10^290 |
| 32 | lv_80_m31 | 9.267503127051624 × 10^290 |
| 45 | ov_045 | 1.1333367480471291 × 10^291 |
| 44 | ov_044 | 1.4689221418573655 × 10^291 |
| 43 | ov_043 | 1.8655255752669202 × 10^291 |
| 42 | ov_042 | 2.3278363259795076 × 10^291 |
| 41 | ov_041 | 2.865497039048441 × 10^291 |
| 40 | ov_040 | 3.4837342786586855 × 10^291 |
| 31 | ov_031 | 3.834145307375238 × 10^291 |
| 39 | ov_039 | 4.193285534236786 × 10^291 |
| 38 | ov_038 | 5.005470521638564 × 10^291 |
| 37 | ov_037 | 5.932220834435484 × 10^291 |
| 36 | ov_036 | 6.986115203426986 × 10^291 |
| 35 | ov_035 | 8.18042103156195 × 10^291 |
| 34 | ov_034 | 9.529142915279126 × 10^291 |
| 33 | ov_033 | 1.1047078909510536 × 10^292 |
| 30 | ov_030 | 1.585842485883048 × 10^292 |
| 29 | ov_029 | 4.800030644489328 × 10^292 |
| 28 | ov_028 | 1.1667019314577149 × 10^293 |
| 27 | ov_027 | 2.426630918060809 × 10^293 |
| 26 | ov_026 | 5.056150079401632 × 10^293 |
| 25 | ov_025 | 1.0871111458745694 × 10^294 |
| 24 | ov_024 | 2.2133637252604136 × 10^294 |
| 23 | ov_023 | 4.155214151443552 × 10^294 |
| 22 | ov_022 | 7.228137697318787 × 10^294 |
| 21 | ov_021 | 1.1792252233665012 × 10^295 |
| 20 | ov_020 | 1.825233278882013 × 10^295 |
| 19 | ov_019 | 2.705783381273195 × 10^295 |
| 18 | ov_018 | 3.870292235389789 × 10^295 |
| 17 | ov_017 | 5.3726529546505 × 10^295 |
| 16 | ov_016 | 7.271243449327032 × 10^295 |
| 15 | ov_015 | 9.628940320896382 × 10^295 |
| 14 | ov_014 | 1.2513141349790866 × 10^296 |
| 13 | ov_013 | 1.599580019772299 × 10^296 |
| 12 | ov_012 | 2.015347732446832 × 10^296 |
| 11 | ov_011 | 2.506741149811478 × 10^296 |
| 10 | ov_010 | 3.082361665764594 × 10^296 |
| 9 | ov_009 | 3.7513009267807055 × 10^296 |
| 8 | ov_008 | 4.523157132002933 × 10^296 |
| 7 | ov_007 | 5.4080553387194 × 10^296 |
| 6 | ov_006 | 6.416672132475885 × 10^296 |
| 5 | ov_005 | 7.560265006494853 × 10^296 |
| 4 | ov_004 | 8.850706862304276 × 10^296 |
| 3 | ov_003 | 1.0300526158133722 × 10^297 |
| 2 | ov_002 | 1.1916519797355228 × 10^297 |
| 1 | ov_001 | 1.3705876574456415 × 10^297 |

