# Results for F001-F002-F003-F004-F005-F006-F007-F008-F009-F010-F011-F012-F013-F014-F015-F016-F017-F018-F019-F020-F021-F022-F023-F024-F025-F026-F027-F028-F029-F030-F031-F032-F033-F034-F035-F036-F037-F038-F039-F040-F041-F042-F043-F044-F045-F046-F047-F048-F049-F050-F051-F052-F053-F054-F055-F056-F057-F058-F059-F060-F061-F062-F063-F064-F065-F066-F067-F068-F069-F070-F071-F072-F073-F074-F075-F076-F077-F078-F079-F080-F081-F082-F083-F084-F085-F086-F087-F088-F089-F090-F091-F092-F093-F094-F095-F096-F097-F098-F099-F100-F101-F102-F103-F104-F105-F106-F107-F108-F109-F110-F111-F112-F113-F114-F115-F116-F117-F118-F119-F120-F121-F122-F123-F124-F125-F126-F127-F128-F129-F130-F131-F132-F133-F134-F135-F136-F137-F138-F139-F140-F141-F142-F143-F144-F145-F146-F147-F148-F149-F150-F151-F152-F153-F154-F155-F156-F157-F158-F159-F160-F161-F162-F163-F164-F165-F166-F167-F168-F169-F170-F171-F172-F173-F174-F175-F176-F177-F178-F179-F180-F181-F182-F183-F184-F185-F186-F187-F188-F189-F190-F191-F192-F193-F194-F195-F196-F197-F198-F199-F200-F201-F202-F203-F204-F205-F206-F207-F208-F209-F210-F211-F212-F213-F214-F215-F216-F217-F218-F219-F220-F221-F222-F223-F224-F225-F226-F227-F228-F229-F230-F231-F232-F233-F234-F235-F236-F237-F238-F239-F240-F241-F242-F243-F244-F245-F246-F247-F248-F249-F250-F251-F252-F253-F254-F255-F256-F257-F258-F259-F260-F261-F262-F263-F264-F265-F266-F267-F268-F269-F270-F271-F272-F273-F274-F275-F276-F277-F278-F279-F280-F281-F282-F283-F284-F285-F286-F287-F288-F289-F290-F291-F292-F293-F294-F295-F296-F297-F298-F299-F300-F301-F302-F303-F304-F305-F306-F307-F308-F309-F310-F311-F312-F313-F314-F315-F316-F317-F318-F319-F320-F321-F322-F323-F324-F325-F326-F327-F328-F329-F330-F331-F332-F333-F334-F335-F336-F337-F338-F339-F340-F341-F342-F343-F344-F345-F346-F347-F348-F349-F350-F351-F352-F353-F354-F355-F356-F357-F358-F359-F360-F361-F362-F363-F364-F365-F366-F367-F368-F369-F370-F371-F372-F373-F374-F375-F376-F377-F378-F379-F380-F381-F382-F383-F384-F385-F386-F387-F388-F389-F390-F391-F392-F393-F394-F395-F396-F397-F398-F399-F400-F401-F402-F403-F404-F405-F406-F407-F408-F409-F410-F411-F412-F413-F414-F415-F416-F417-F418-F419-F420-F421-F422-F423-F424-F425-F426-F427-F428-F429-F430-F431-F432-F433-F434-F435-F436-F437-F438-F439-F440-F441-F442-F443-F444-F445-F446-F447-F448-F449-F450-F451-F452-F453-F454-F455-F456-F457-F458-F459-F460-F461-F462-F463-F464-F465-F466-F467-F468-F469-F470-F471-F472-F473-F474-F475-F476-F477-F478-F479-F480-F481-F482-F483-F484-F485-F486-F487-F488-F489-F490-F491-F492-F493-F494-F495-F496-F497-F498-F499-F500-F501-E506508-E509510-F512

## Summary

Number of input bits: 512  
Number of free input bits: 8  
Number of output bits: 160

Number of direct occurrences: 32756  
Number of assignments: 30817  
Number of operations: 10906713
(xor: 10877657,
and: 15955,
or: 13101)

Total complexity: 4.212386646021303 × 10^298

Least occurring input variable: iv_502 (3876)  
Most occurring input variable: iv_509 (4443)

Most co-occurring input variables: iv_507-iv_509 (2156)  
Least co-occurring input variables: iv_502-iv_504 (1787)

Potentially most occurring input variable: iv_503/iv_506 (4638)  
Potentially least occurring input variable: iv_502/iv_505 (4139)

Least output occurring input variable: iv_509 (76)  
Most output occurring input variable: iv_506 (82)

Most output co-occurring input variables: iv_502-iv_511 (45)  
Least output co-occurring input variables: iv_503-iv_506 (31)

Potentially most output occurring input variable: iv_503/iv_506 (98)  
Potentially least output occurring input variable: iv_507/iv_509 (70)

Least complex input bit: iv_511 (1.3710447108961487 × 10^295)  
Most complex input bit: iv_506 (1.3688387970982853 × 10^298)

Least complex output bit: aaa_76_29 (6.758075769409561 × 10^273)  
Most complex output bit: ov_001 (6.695704755825297 × 10^297)

Least complex input/output complexity: iv_511/aaa_76_29 (2.1996138574401734 × 10^270)  
Most complex input/output complexity: iv_506/ov_001 (2.175807021975544 × 10^297)

Input variable with highest collision probability: iv_503 (½^160.00000000000054)

## Input Bits

### Input Bits in Regular Order

| Input Bit | Complexity | Occurrences | Output Occurrences | Collision Probability |
|:---------:|:----------:|:-----------:|:------------------:|:---------------------:|
| iv_502 | 7.927448087517801 × 10^296 | 3876 | 82 | ½^160.0000000000007 |
| iv_503 | 1.4061089446070014 × 10^297 | 4140 | 78 | ½^160.00000000000054 |
| iv_504 | 2.3309370451899697 × 10^297 | 3895 | 78 | ½^160.0000000000007 |
| iv_505 | 3.695264079736401 × 10^297 | 3885 | 79 | ½^160.00000000000068 |
| iv_506 | 1.3688387970982853 × 10^298 | 4206 | 82 | ½^160.00000000000065 |
| iv_507 | 8.467224457938425 × 10^297 | 4140 | 76 | ½^160.00000000000065 |
| iv_509 | 1.172948870589764 × 10^298 | 4443 | 76 | ½^160.0000000000009 |
| iv_511 | 1.3710447108961487 × 10^295 | 4171 | 80 | ½^160.00000000000074 |

### Input Bits Sorted by Complexity

| Input Bit | Complexity | Occurrences | Output Occurrences | Collision Probability |
|:---------:|:----------:|:-----------:|:------------------:|:---------------------:|
| iv_511 | 1.3710447108961487 × 10^295 | 4171 | 80 | ½^160.00000000000074 |
| iv_502 | 7.927448087517801 × 10^296 | 3876 | 82 | ½^160.0000000000007 |
| iv_503 | 1.4061089446070014 × 10^297 | 4140 | 78 | ½^160.00000000000054 |
| iv_504 | 2.3309370451899697 × 10^297 | 3895 | 78 | ½^160.0000000000007 |
| iv_505 | 3.695264079736401 × 10^297 | 3885 | 79 | ½^160.00000000000068 |
| iv_507 | 8.467224457938425 × 10^297 | 4140 | 76 | ½^160.00000000000065 |
| iv_509 | 1.172948870589764 × 10^298 | 4443 | 76 | ½^160.0000000000009 |
| iv_506 | 1.3688387970982853 × 10^298 | 4206 | 82 | ½^160.00000000000065 |

### Input Bits Sorted by Occurrences

| Input Bit | Complexity | Occurrences | Output Occurrences | Collision Probability |
|:---------:|:----------:|:-----------:|:------------------:|:---------------------:|
| iv_502 | 7.927448087517801 × 10^296 | 3876 | 82 | ½^160.0000000000007 |
| iv_505 | 3.695264079736401 × 10^297 | 3885 | 79 | ½^160.00000000000068 |
| iv_504 | 2.3309370451899697 × 10^297 | 3895 | 78 | ½^160.0000000000007 |
| iv_507 | 8.467224457938425 × 10^297 | 4140 | 76 | ½^160.00000000000065 |
| iv_503 | 1.4061089446070014 × 10^297 | 4140 | 78 | ½^160.00000000000054 |
| iv_511 | 1.3710447108961487 × 10^295 | 4171 | 80 | ½^160.00000000000074 |
| iv_506 | 1.3688387970982853 × 10^298 | 4206 | 82 | ½^160.00000000000065 |
| iv_509 | 1.172948870589764 × 10^298 | 4443 | 76 | ½^160.0000000000009 |

### Input Bits Sorted by Output Occurrences

| Input Bit | Complexity | Occurrences | Output Occurrences | Collision Probability |
|:---------:|:----------:|:-----------:|:------------------:|:---------------------:|
| iv_509 | 1.172948870589764 × 10^298 | 4443 | 76 | ½^160.0000000000009 |
| iv_507 | 8.467224457938425 × 10^297 | 4140 | 76 | ½^160.00000000000065 |
| iv_503 | 1.4061089446070014 × 10^297 | 4140 | 78 | ½^160.00000000000054 |
| iv_504 | 2.3309370451899697 × 10^297 | 3895 | 78 | ½^160.0000000000007 |
| iv_505 | 3.695264079736401 × 10^297 | 3885 | 79 | ½^160.00000000000068 |
| iv_511 | 1.3710447108961487 × 10^295 | 4171 | 80 | ½^160.00000000000074 |
| iv_502 | 7.927448087517801 × 10^296 | 3876 | 82 | ½^160.0000000000007 |
| iv_506 | 1.3688387970982853 × 10^298 | 4206 | 82 | ½^160.00000000000065 |

### Input Bits Sorted by Collision Probability

| Input Bit | Complexity | Occurrences | Output Occurrences | Collision Probability |
|:---------:|:----------:|:-----------:|:------------------:|:---------------------:|
| iv_503 | 1.4061089446070014 × 10^297 | 4140 | 78 | ½^160.00000000000054 |
| iv_506 | 1.3688387970982853 × 10^298 | 4206 | 82 | ½^160.00000000000065 |
| iv_507 | 8.467224457938425 × 10^297 | 4140 | 76 | ½^160.00000000000065 |
| iv_505 | 3.695264079736401 × 10^297 | 3885 | 79 | ½^160.00000000000068 |
| iv_502 | 7.927448087517801 × 10^296 | 3876 | 82 | ½^160.0000000000007 |
| iv_504 | 2.3309370451899697 × 10^297 | 3895 | 78 | ½^160.0000000000007 |
| iv_511 | 1.3710447108961487 × 10^295 | 4171 | 80 | ½^160.00000000000074 |
| iv_509 | 1.172948870589764 × 10^298 | 4443 | 76 | ½^160.0000000000009 |

## Input Bit/Output Bit Collision Probabilities

| Input Bit | Output Bit | Collision Probability |
|:---------:|:----------:|:---------------------:|
| iv_506 | lv_79_k31 | 0.5000000000000042 |
| iv_506 | ov_141 | 0.5000000000000042 |
| iv_502 | ov_103 | 0.500000000000002 |
| iv_503 | ov_001 | 0.5000000000000018 |
| iv_503 | ov_035 | 0.5000000000000018 |
| iv_503 | ov_055 | 0.5000000000000018 |
| iv_503 | aaa_78_28 | 0.5000000000000018 |
| iv_503 | ov_123 | 0.5000000000000018 |

## Input Bit Co-occurrences

### Input Bit Co-occurrences Sorted by Co-occurrences

| Input Bits | Co-occurrences | Potential Occurrences | Output Co-occurrences | Potential Output Occurrences |
|:----------:|:--------------:|:---------------------:|:---------------------:|:----------------------------:|
| iv_507-iv_509 | 2156 | 4271 | 41 | 70 |
| iv_506-iv_509 | 2145 | 4359 | 43 | 72 |
| iv_503-iv_509 | 2079 | 4425 | 37 | 80 |
| iv_509-iv_511 | 2054 | 4506 | 35 | 86 |
| iv_506-iv_507 | 2028 | 4290 | 41 | 76 |
| iv_503-iv_511 | 2005 | 4301 | 37 | 84 |
| iv_503-iv_507 | 1992 | 4296 | 37 | 80 |
| iv_507-iv_511 | 1990 | 4331 | 39 | 78 |

### Input Bit Co-occurrences Sorted by Potential Occurrences

| Input Bits | Co-occurrences | Potential Occurrences | Output Co-occurrences | Potential Output Occurrences |
|:----------:|:--------------:|:---------------------:|:---------------------:|:----------------------------:|
| iv_502-iv_505 | 1811 | 4139 | 36 | 89 |
| iv_504-iv_505 | 1820 | 4140 | 41 | 75 |
| iv_502-iv_504 | 1787 | 4197 | 42 | 76 |
| iv_503-iv_505 | 1901 | 4223 | 42 | 73 |
| iv_502-iv_511 | 1899 | 4249 | 45 | 72 |
| iv_502-iv_507 | 1883 | 4250 | 42 | 74 |
| iv_504-iv_511 | 1901 | 4264 | 40 | 78 |
| iv_507-iv_509 | 2156 | 4271 | 41 | 70 |

### Input Bit Output Co-occurrences Sorted by Output Co-occurrences

| Input Bits | Co-occurrences | Potential Occurrences | Output Co-occurrences | Potential Output Occurrences |
|:----------:|:--------------:|:---------------------:|:---------------------:|:----------------------------:|
| iv_502-iv_511 | 1899 | 4249 | 45 | 72 |
| iv_502-iv_506 | 1892 | 4298 | 43 | 78 |
| iv_506-iv_509 | 2145 | 4359 | 43 | 72 |
| iv_502-iv_504 | 1787 | 4197 | 42 | 76 |
| iv_503-iv_505 | 1901 | 4223 | 42 | 73 |
| iv_504-iv_506 | 1859 | 4383 | 42 | 76 |
| iv_502-iv_507 | 1883 | 4250 | 42 | 74 |
| iv_502-iv_509 | 1932 | 4455 | 41 | 76 |

### Input Bit Output Co-occurrences Sorted by Potential Output Occurrences

| Input Bits | Co-occurrences | Potential Occurrences | Output Co-occurrences | Potential Output Occurrences |
|:----------:|:--------------:|:---------------------:|:---------------------:|:----------------------------:|
| iv_507-iv_509 | 2156 | 4271 | 41 | 70 |
| iv_506-iv_509 | 2145 | 4359 | 43 | 72 |
| iv_502-iv_511 | 1899 | 4249 | 45 | 72 |
| iv_503-iv_505 | 1901 | 4223 | 42 | 73 |
| iv_502-iv_507 | 1883 | 4250 | 42 | 74 |
| iv_504-iv_505 | 1820 | 4140 | 41 | 75 |
| iv_502-iv_504 | 1787 | 4197 | 42 | 76 |
| iv_502-iv_509 | 1932 | 4455 | 41 | 76 |

## Output Bits

### Output Bits in Regular Order

| Rank | Output Bit | Complexity |
|:----:|:----------:|:----------:|
| 1 | ov_001 | 6.695704755825297 × 10^297 |
| 2 | ov_002 | 5.8214366314627456 × 10^297 |
| 3 | ov_003 | 5.031898381182919 × 10^297 |
| 4 | ov_004 | 4.323573754860942 × 10^297 |
| 5 | ov_005 | 3.6931382163958065 × 10^297 |
| 6 | ov_006 | 3.1344640505653546 × 10^297 |
| 7 | ov_007 | 2.6417445506606745 × 10^297 |
| 8 | ov_008 | 2.2094745382130157 × 10^297 |
| 9 | ov_009 | 1.8324335906373553 × 10^297 |
| 10 | ov_010 | 1.5056717089746972 × 10^297 |
| 11 | ov_011 | 1.2244972342089909 × 10^297 |
| 12 | ov_012 | 9.844668518654638 × 10^296 |
| 13 | ov_013 | 7.813775177877443 × 10^296 |
| 14 | ov_014 | 6.112601000449225 × 10^296 |
| 15 | ov_015 | 4.703744972020991 × 10^296 |
| 16 | ov_016 | 3.552059938254082 × 10^296 |
| 17 | ov_017 | 2.624626318211095 × 10^296 |
| 18 | ov_018 | 1.8907339388341548 × 10^296 |
| 19 | ov_019 | 1.321870129678212 × 10^296 |
| 20 | ov_020 | 8.917123932938029 × 10^295 |
| 21 | ov_021 | 5.761241427680363 × 10^295 |
| 22 | ov_022 | 3.531522352570694 × 10^295 |
| 23 | ov_023 | 2.03025429462598 × 10^295 |
| 24 | ov_024 | 1.081533506676432 × 10^295 |
| 25 | ov_025 | 5.312581405759663 × 10^294 |
| 26 | ov_026 | 2.4712419078070465 × 10^294 |
| 27 | ov_027 | 1.1862331973499947 × 10^294 |
| 28 | ov_028 | 5.704185017207052 × 10^293 |
| 29 | ov_029 | 2.347153557286668 × 10^293 |
| 30 | ov_030 | 7.755411555723461 × 10^292 |
| 31 | ov_031 | 1.8751851864134617 × 10^292 |
| 32 | lv_80_k31 | 4.5326415853945773 × 10^291 |
| 33 | ov_033 | 5.403723606829109 × 10^292 |
| 34 | ov_034 | 4.663619951752393 × 10^292 |
| 35 | ov_035 | 4.005160400226025 × 10^292 |
| 36 | ov_036 | 3.4214825365037833 × 10^292 |
| 37 | ov_037 | 2.9060898258361553 × 10^292 |
| 38 | ov_038 | 2.4528256672531 × 10^292 |
| 39 | ov_039 | 2.055851074278582 × 10^292 |
| 40 | ov_040 | 1.7096256238894995 × 10^292 |
| 41 | ov_041 | 1.4088913359965263 × 10^292 |
| 42 | ov_042 | 1.1486591665446522 × 10^292 |
| 43 | ov_043 | 9.241978171435164 × 10^291 |
| 44 | ov_044 | 7.310245830695621 × 10^291 |
| 45 | ov_045 | 5.6695923537319824 × 10^291 |
| 46 | ov_046 | 4.299405183335591 × 10^291 |
| 47 | ov_047 | 3.180235853555204 × 10^291 |
| 48 | ov_048 | 2.293780357881608 × 10^291 |
| 49 | ov_049 | 1.6068096350898012 × 10^291 |
| 50 | ov_050 | 1.0883258856525497 × 10^291 |
| 51 | ov_051 | 7.095504156058875 × 10^290 |
| 52 | ov_052 | 4.439157218330652 × 10^290 |
| 53 | ov_053 | 2.670605745544008 × 10^290 |
| 54 | ov_054 | 1.5682713031543454 × 10^290 |
| 55 | ov_055 | 9.325930413446465 × 10^289 |
| 56 | ov_056 | 5.860181167299226 × 10^289 |
| 57 | ov_057 | 3.729956801452614 × 10^289 |
| 58 | ov_058 | 2.2125022594655024 × 10^289 |
| 59 | ov_059 | 1.1978388357394174 × 10^289 |
| 60 | ov_060 | 5.759905194646273 × 10^288 |
| 61 | ov_061 | 2.369821683034917 × 10^288 |
| 62 | ov_062 | 7.828580447269982 × 10^287 |
| 63 | ov_063 | 1.8922956750848147 × 10^287 |
| 64 | lv_79_k31 | 4.5723346346086 × 10^286 |
| 65 | ov_065 | 5.362435923259032 × 10^287 |
| 66 | ov_066 | 5.3624224523320055 × 10^287 |
| 67 | ov_067 | 5.36241808613116 × 10^287 |
| 68 | ov_068 | 4.617724158737028 × 10^287 |
| 69 | ov_069 | 3.952165908855622 × 10^287 |
| 70 | ov_070 | 3.362258346045933 × 10^287 |
| 71 | ov_071 | 2.8416630629780167 × 10^287 |
| 72 | ov_072 | 2.3844295989467124 × 10^287 |
| 73 | ov_073 | 1.984969728475985 × 10^287 |
| 74 | ov_074 | 1.6380341015236018 × 10^287 |
| 75 | ov_075 | 1.338691111305335 × 10^287 |
| 76 | ov_076 | 1.0823078695282226 × 10^287 |
| 77 | ov_077 | 8.645331718140883 × 10^286 |
| 78 | ov_078 | 6.812823384206185 × 10^286 |
| 79 | ov_079 | 5.2872381713291475 × 10^286 |
| 80 | ov_080 | 4.0326743650105237 × 10^286 |
| 81 | ov_081 | 3.0155419852834327 × 10^286 |
| 82 | ov_082 | 2.204475005525935 × 10^286 |
| 83 | ov_083 | 1.5702567648203035 × 10^286 |
| 84 | ov_084 | 1.0857574781114075 × 10^286 |
| 85 | ov_085 | 7.258827499962171 × 10^285 |
| 86 | ov_086 | 4.6753199889336083 × 10^285 |
| 87 | ov_087 | 2.895656988835354 × 10^285 |
| 88 | ov_088 | 1.7278034684795345 × 10^285 |
| 89 | ov_089 | 9.989006274212928 × 10^284 |
| 90 | ov_090 | 5.551373096735643 × 10^284 |
| 91 | ov_091 | 3.243568970101302 × 10^284 |
| 92 | ov_092 | 1.906249018469608 × 10^284 |
| 93 | ov_093 | 1.006978248784834 × 10^284 |
| 94 | ov_094 | 4.514071879889577 × 10^283 |
| 95 | aaa_78_28 | 1.4519791046996553 × 10^283 |
| 96 | aaa_78_29 | 5.502114877320028 × 10^282 |
| 97 | ov_097 | 5.995800102406083 × 10^282 |
| 98 | ov_098 | 5.995621213892346 × 10^282 |
| 99 | ov_099 | 5.995564163485289 × 10^282 |
| 100 | ov_100 | 5.397106506192375 × 10^282 |
| 101 | ov_101 | 4.842497950905183 × 10^282 |
| 102 | ov_102 | 4.3293662526649464 × 10^282 |
| 103 | ov_103 | 3.855513720839274 × 10^282 |
| 104 | ov_104 | 3.418893635695369 × 10^282 |
| 105 | ov_105 | 3.0175888760746264 × 10^282 |
| 106 | ov_106 | 2.6497926404340244 × 10^282 |
| 107 | ov_107 | 2.3137911483337582 × 10^282 |
| 108 | ov_108 | 2.0079482134214757 × 10^282 |
| 109 | ov_109 | 1.7306915821870522 × 10^282 |
| 110 | ov_110 | 1.480500935328511 × 10^282 |
| 111 | ov_111 | 1.2558974505662469 × 10^282 |
| 112 | ov_112 | 1.0554348272529708 × 10^282 |
| 113 | ov_113 | 8.776916742386617 × 10^281 |
| 114 | ov_114 | 7.212651632414098 × 10^281 |
| 115 | ov_115 | 5.847658505125579 × 10^281 |
| 116 | ov_116 | 4.6681356992783156 × 10^281 |
| 117 | ov_117 | 3.660343008427792 × 10^281 |
| 118 | ov_118 | 2.8105791416922873 × 10^281 |
| 119 | ov_119 | 2.105166205587492 × 10^281 |
| 120 | ov_120 | 1.5304394461000683 × 10^281 |
| 121 | ov_121 | 1.0727415277203313 × 10^281 |
| 122 | ov_122 | 7.184197567642011 × 10^280 |
| 123 | ov_123 | 4.538243421231669 × 10^280 |
| 124 | ov_124 | 2.6530713026492585 × 10^280 |
| 125 | ov_125 | 1.392207756852601 × 10^280 |
| 126 | ov_126 | 6.191826412005607 × 10^279 |
| 127 | aaa_77_28 | 1.9752687073858155 × 10^279 |
| 128 | aaa_77_29 | 7.39453045376325 × 10^278 |
| 129 | ov_129 | 6.697941193000073 × 10^278 |
| 130 | ov_130 | 6.69792476026642 × 10^278 |
| 131 | ov_131 | 6.697919484653852 × 10^278 |
| 132 | ov_132 | 5.775082546702884 × 10^278 |
| 133 | ov_133 | 4.951450519178259 × 10^278 |
| 134 | ov_134 | 4.219329470447179 × 10^278 |
| 135 | ov_135 | 3.57145247433708 × 10^278 |
| 136 | ov_136 | 3.0009484037279853 × 10^278 |
| 137 | ov_137 | 2.5013147525547014 × 10^278 |
| 138 | ov_138 | 2.0663941909668713 × 10^278 |
| 139 | ov_139 | 1.6903545036089326 × 10^278 |
| 140 | ov_140 | 1.367671556198717 × 10^278 |
| 141 | ov_141 | 1.0931149549299485 × 10^278 |
| 142 | ov_142 | 8.617360821423677 × 10^277 |
| 143 | ov_143 | 6.688582266323899 × 10^277 |
| 144 | ov_144 | 5.100685780021916 × 10^277 |
| 145 | ov_145 | 3.8121187262886374 × 10^277 |
| 146 | ov_146 | 2.7838546423233563 × 10^277 |
| 147 | ov_147 | 1.979355936782537 × 10^277 |
| 148 | ov_148 | 1.3645465059907506 × 10^277 |
| 149 | ov_149 | 9.077923733676029 × 10^276 |
| 150 | ov_150 | 5.798886361465467 × 10^276 |
| 151 | ov_151 | 3.5405118240438095 × 10^276 |
| 152 | ov_152 | 2.0591182029938137 × 10^276 |
| 153 | ov_153 | 1.1351564025512037 × 10^276 |
| 154 | ov_154 | 5.731964981984748 × 10^275 |
| 155 | ov_155 | 2.8155211991188035 × 10^275 |
| 156 | aaa_76_25 | 1.1301288504098554 × 10^275 |
| 157 | aaa_76_26 | 6.953852573792615 × 10^274 |
| 158 | aaa_76_27 | 3.8116090316115966 × 10^274 |
| 159 | aaa_76_28 | 1.795561703102817 × 10^274 |
| 160 | aaa_76_29 | 6.758075769409561 × 10^273 |

### Output Bits Sorted by Complexity

| Rank | Output Bit | Complexity |
|:----:|:----------:|:----------:|
| 160 | aaa_76_29 | 6.758075769409561 × 10^273 |
| 159 | aaa_76_28 | 1.795561703102817 × 10^274 |
| 158 | aaa_76_27 | 3.8116090316115966 × 10^274 |
| 157 | aaa_76_26 | 6.953852573792615 × 10^274 |
| 156 | aaa_76_25 | 1.1301288504098554 × 10^275 |
| 155 | ov_155 | 2.8155211991188035 × 10^275 |
| 154 | ov_154 | 5.731964981984748 × 10^275 |
| 153 | ov_153 | 1.1351564025512037 × 10^276 |
| 152 | ov_152 | 2.0591182029938137 × 10^276 |
| 151 | ov_151 | 3.5405118240438095 × 10^276 |
| 150 | ov_150 | 5.798886361465467 × 10^276 |
| 149 | ov_149 | 9.077923733676029 × 10^276 |
| 148 | ov_148 | 1.3645465059907506 × 10^277 |
| 147 | ov_147 | 1.979355936782537 × 10^277 |
| 146 | ov_146 | 2.7838546423233563 × 10^277 |
| 145 | ov_145 | 3.8121187262886374 × 10^277 |
| 144 | ov_144 | 5.100685780021916 × 10^277 |
| 143 | ov_143 | 6.688582266323899 × 10^277 |
| 142 | ov_142 | 8.617360821423677 × 10^277 |
| 141 | ov_141 | 1.0931149549299485 × 10^278 |
| 140 | ov_140 | 1.367671556198717 × 10^278 |
| 139 | ov_139 | 1.6903545036089326 × 10^278 |
| 138 | ov_138 | 2.0663941909668713 × 10^278 |
| 137 | ov_137 | 2.5013147525547014 × 10^278 |
| 136 | ov_136 | 3.0009484037279853 × 10^278 |
| 135 | ov_135 | 3.57145247433708 × 10^278 |
| 134 | ov_134 | 4.219329470447179 × 10^278 |
| 133 | ov_133 | 4.951450519178259 × 10^278 |
| 132 | ov_132 | 5.775082546702884 × 10^278 |
| 131 | ov_131 | 6.697919484653852 × 10^278 |
| 130 | ov_130 | 6.69792476026642 × 10^278 |
| 129 | ov_129 | 6.697941193000073 × 10^278 |
| 128 | aaa_77_29 | 7.39453045376325 × 10^278 |
| 127 | aaa_77_28 | 1.9752687073858155 × 10^279 |
| 126 | ov_126 | 6.191826412005607 × 10^279 |
| 125 | ov_125 | 1.392207756852601 × 10^280 |
| 124 | ov_124 | 2.6530713026492585 × 10^280 |
| 123 | ov_123 | 4.538243421231669 × 10^280 |
| 122 | ov_122 | 7.184197567642011 × 10^280 |
| 121 | ov_121 | 1.0727415277203313 × 10^281 |
| 120 | ov_120 | 1.5304394461000683 × 10^281 |
| 119 | ov_119 | 2.105166205587492 × 10^281 |
| 118 | ov_118 | 2.8105791416922873 × 10^281 |
| 117 | ov_117 | 3.660343008427792 × 10^281 |
| 116 | ov_116 | 4.6681356992783156 × 10^281 |
| 115 | ov_115 | 5.847658505125579 × 10^281 |
| 114 | ov_114 | 7.212651632414098 × 10^281 |
| 113 | ov_113 | 8.776916742386617 × 10^281 |
| 112 | ov_112 | 1.0554348272529708 × 10^282 |
| 111 | ov_111 | 1.2558974505662469 × 10^282 |
| 110 | ov_110 | 1.480500935328511 × 10^282 |
| 109 | ov_109 | 1.7306915821870522 × 10^282 |
| 108 | ov_108 | 2.0079482134214757 × 10^282 |
| 107 | ov_107 | 2.3137911483337582 × 10^282 |
| 106 | ov_106 | 2.6497926404340244 × 10^282 |
| 105 | ov_105 | 3.0175888760746264 × 10^282 |
| 104 | ov_104 | 3.418893635695369 × 10^282 |
| 103 | ov_103 | 3.855513720839274 × 10^282 |
| 102 | ov_102 | 4.3293662526649464 × 10^282 |
| 101 | ov_101 | 4.842497950905183 × 10^282 |
| 100 | ov_100 | 5.397106506192375 × 10^282 |
| 96 | aaa_78_29 | 5.502114877320028 × 10^282 |
| 99 | ov_099 | 5.995564163485289 × 10^282 |
| 98 | ov_098 | 5.995621213892346 × 10^282 |
| 97 | ov_097 | 5.995800102406083 × 10^282 |
| 95 | aaa_78_28 | 1.4519791046996553 × 10^283 |
| 94 | ov_094 | 4.514071879889577 × 10^283 |
| 93 | ov_093 | 1.006978248784834 × 10^284 |
| 92 | ov_092 | 1.906249018469608 × 10^284 |
| 91 | ov_091 | 3.243568970101302 × 10^284 |
| 90 | ov_090 | 5.551373096735643 × 10^284 |
| 89 | ov_089 | 9.989006274212928 × 10^284 |
| 88 | ov_088 | 1.7278034684795345 × 10^285 |
| 87 | ov_087 | 2.895656988835354 × 10^285 |
| 86 | ov_086 | 4.6753199889336083 × 10^285 |
| 85 | ov_085 | 7.258827499962171 × 10^285 |
| 84 | ov_084 | 1.0857574781114075 × 10^286 |
| 83 | ov_083 | 1.5702567648203035 × 10^286 |
| 82 | ov_082 | 2.204475005525935 × 10^286 |
| 81 | ov_081 | 3.0155419852834327 × 10^286 |
| 80 | ov_080 | 4.0326743650105237 × 10^286 |
| 64 | lv_79_k31 | 4.5723346346086 × 10^286 |
| 79 | ov_079 | 5.2872381713291475 × 10^286 |
| 78 | ov_078 | 6.812823384206185 × 10^286 |
| 77 | ov_077 | 8.645331718140883 × 10^286 |
| 76 | ov_076 | 1.0823078695282226 × 10^287 |
| 75 | ov_075 | 1.338691111305335 × 10^287 |
| 74 | ov_074 | 1.6380341015236018 × 10^287 |
| 63 | ov_063 | 1.8922956750848147 × 10^287 |
| 73 | ov_073 | 1.984969728475985 × 10^287 |
| 72 | ov_072 | 2.3844295989467124 × 10^287 |
| 71 | ov_071 | 2.8416630629780167 × 10^287 |
| 70 | ov_070 | 3.362258346045933 × 10^287 |
| 69 | ov_069 | 3.952165908855622 × 10^287 |
| 68 | ov_068 | 4.617724158737028 × 10^287 |
| 67 | ov_067 | 5.36241808613116 × 10^287 |
| 66 | ov_066 | 5.3624224523320055 × 10^287 |
| 65 | ov_065 | 5.362435923259032 × 10^287 |
| 62 | ov_062 | 7.828580447269982 × 10^287 |
| 61 | ov_061 | 2.369821683034917 × 10^288 |
| 60 | ov_060 | 5.759905194646273 × 10^288 |
| 59 | ov_059 | 1.1978388357394174 × 10^289 |
| 58 | ov_058 | 2.2125022594655024 × 10^289 |
| 57 | ov_057 | 3.729956801452614 × 10^289 |
| 56 | ov_056 | 5.860181167299226 × 10^289 |
| 55 | ov_055 | 9.325930413446465 × 10^289 |
| 54 | ov_054 | 1.5682713031543454 × 10^290 |
| 53 | ov_053 | 2.670605745544008 × 10^290 |
| 52 | ov_052 | 4.439157218330652 × 10^290 |
| 51 | ov_051 | 7.095504156058875 × 10^290 |
| 50 | ov_050 | 1.0883258856525497 × 10^291 |
| 49 | ov_049 | 1.6068096350898012 × 10^291 |
| 48 | ov_048 | 2.293780357881608 × 10^291 |
| 47 | ov_047 | 3.180235853555204 × 10^291 |
| 46 | ov_046 | 4.299405183335591 × 10^291 |
| 32 | lv_80_k31 | 4.5326415853945773 × 10^291 |
| 45 | ov_045 | 5.6695923537319824 × 10^291 |
| 44 | ov_044 | 7.310245830695621 × 10^291 |
| 43 | ov_043 | 9.241978171435164 × 10^291 |
| 42 | ov_042 | 1.1486591665446522 × 10^292 |
| 41 | ov_041 | 1.4088913359965263 × 10^292 |
| 40 | ov_040 | 1.7096256238894995 × 10^292 |
| 31 | ov_031 | 1.8751851864134617 × 10^292 |
| 39 | ov_039 | 2.055851074278582 × 10^292 |
| 38 | ov_038 | 2.4528256672531 × 10^292 |
| 37 | ov_037 | 2.9060898258361553 × 10^292 |
| 36 | ov_036 | 3.4214825365037833 × 10^292 |
| 35 | ov_035 | 4.005160400226025 × 10^292 |
| 34 | ov_034 | 4.663619951752393 × 10^292 |
| 33 | ov_033 | 5.403723606829109 × 10^292 |
| 30 | ov_030 | 7.755411555723461 × 10^292 |
| 29 | ov_029 | 2.347153557286668 × 10^293 |
| 28 | ov_028 | 5.704185017207052 × 10^293 |
| 27 | ov_027 | 1.1862331973499947 × 10^294 |
| 26 | ov_026 | 2.4712419078070465 × 10^294 |
| 25 | ov_025 | 5.312581405759663 × 10^294 |
| 24 | ov_024 | 1.081533506676432 × 10^295 |
| 23 | ov_023 | 2.03025429462598 × 10^295 |
| 22 | ov_022 | 3.531522352570694 × 10^295 |
| 21 | ov_021 | 5.761241427680363 × 10^295 |
| 20 | ov_020 | 8.917123932938029 × 10^295 |
| 19 | ov_019 | 1.321870129678212 × 10^296 |
| 18 | ov_018 | 1.8907339388341548 × 10^296 |
| 17 | ov_017 | 2.624626318211095 × 10^296 |
| 16 | ov_016 | 3.552059938254082 × 10^296 |
| 15 | ov_015 | 4.703744972020991 × 10^296 |
| 14 | ov_014 | 6.112601000449225 × 10^296 |
| 13 | ov_013 | 7.813775177877443 × 10^296 |
| 12 | ov_012 | 9.844668518654638 × 10^296 |
| 11 | ov_011 | 1.2244972342089909 × 10^297 |
| 10 | ov_010 | 1.5056717089746972 × 10^297 |
| 9 | ov_009 | 1.8324335906373553 × 10^297 |
| 8 | ov_008 | 2.2094745382130157 × 10^297 |
| 7 | ov_007 | 2.6417445506606745 × 10^297 |
| 6 | ov_006 | 3.1344640505653546 × 10^297 |
| 5 | ov_005 | 3.6931382163958065 × 10^297 |
| 4 | ov_004 | 4.323573754860942 × 10^297 |
| 3 | ov_003 | 5.031898381182919 × 10^297 |
| 2 | ov_002 | 5.8214366314627456 × 10^297 |
| 1 | ov_001 | 6.695704755825297 × 10^297 |

