# Results for F001-F002-F003-F004-F005-F006-F007-F008-F009-F010-F011-F012-F013-F014-F015-F016-F017-F018-F019-F020-F021-F022-F023-F024-F025-F026-F027-F028-F029-F030-F031-F032-F033-F034-F035-F036-F037-F038-F039-F040-F041-F042-F043-F044-F045-F046-F047-F048-F049-F050-F051-F052-F053-F054-F055-F056-F057-F058-F059-F060-F061-F062-F063-F064-F065-F066-F067-F068-F069-F070-F071-F072-F073-F074-F075-F076-F077-F078-F079-F080-F081-F082-F083-F084-F085-F086-F087-F088-F089-F090-F091-F092-F093-F094-F095-F096-F097-F098-F099-F100-F101-F102-F103-F104-F105-F106-F107-F108-F109-F110-F111-F112-F113-F114-F115-F116-F117-F118-F119-F120-F121-F122-F123-F124-F125-F126-F127-F128-F129-F130-F131-F132-F133-F134-F135-F136-F137-F138-F139-F140-F141-F142-F143-F144-F145-F146-F147-F148-F149-F150-F151-F152-F153-F154-F155-F156-F157-F158-F159-F160-F161-F162-F163-F164-F165-F166-F167-F168-F169-F170-F171-F172-F173-F174-F175-F176-F177-F178-F179-F180-F181-F182-F183-F184-F185-F186-F187-F188-F189-F190-F191-F192-F193-F194-F195-F196-F197-F198-F199-F200-F201-F202-F203-F204-F205-F206-F207-F208-F209-F210-F211-F212-F213-F214-F215-F216-F217-F218-F219-F220-F221-F222-F223-F224-F225-F226-F227-F228-F229-F230-F231-F232-F233-F234-F235-F236-F237-F238-F239-F240-F241-F242-F243-F244-F245-F246-F247-F248-F249-F250-F251-F252-F253-F254-F255-F256-F257-F258-F259-F260-F261-F262-F263-F264-F265-F266-F267-F268-F269-F270-F271-F272-F273-F274-F275-F276-F277-F278-F279-F280-F281-F282-F283-F284-F285-F286-F287-F288-F289-F290-F291-F292-F293-F294-F295-F296-F297-F298-F299-F300-F301-F302-F303-F304-F305-F306-F307-F308-F309-F310-F311-F312-F313-F314-F315-F316-F317-F318-F319-F320-F321-F322-F323-F324-F325-F326-F327-F328-F329-F330-F331-F332-F333-F334-F335-F336-F337-F338-F339-F340-F341-F342-F343-F344-F345-F346-F347-F348-F349-F350-F351-F352-F353-F354-F355-F356-F357-F358-F359-F360-F361-F362-F363-F364-F365-F366-F367-F368-F369-F370-F371-F372-F373-F374-F375-F376-F377-F378-F379-F380-F381-F382-F383-F384-F385-F386-F387-F388-F389-F390-F391-F392-F393-F394-F395-F396-F397-F398-F399-F400-F401-F402-F403-F404-F405-F406-F407-F408-F409-F410-F411-F412-F413-F414-F415-F416-F417-F418-F419-F420-F421-F422-F423-F424-F425-F426-F427-F428-F429-F430-F431-F432-F433-F434-F435-F436-F437-F438-F439-F440-F441-F442-F443-F444-F445-F446-F447-F448-F449-F450-F451-F452-F453-F454-F455-F456-F457-F458-F459-F460-F461-F462-F463-F464-F465-F466-F467-F468-F469-F470-F471-F472-F473-F474-F475-F476-F477-F478-F479-F480-F481-F482-F483-F484-F485-F486-F487-F488-F489-F490-F491-F492-F493-F494-F495-F496-F497-F498-F499-F500-F501-E506508-E509510-F512

## Summary

Number of input bits: 512  
Number of free input bits: 8  
Number of output bits: 160

Number of direct occurrences: 33206  
Number of assignments: 31024  
Number of operations: 10920884
(xor: 10891819,
and: 15961,
or: 13104)

Total complexity: 4.212388445922564 × 10^298

Least occurring input variable: iv_502 (3919)  
Most occurring input variable: iv_509 (4527)

Most co-occurring input variables: iv_506-iv_509 (2180)  
Least co-occurring input variables: iv_502-iv_504 (1801)

Potentially most occurring input variable: iv_503/iv_506 (4743)  
Potentially least occurring input variable: iv_502/iv_505 (4216)

Least output occurring input variable: iv_509 (76)  
Most output occurring input variable: iv_506 (82)

Most output co-occurring input variables: iv_502-iv_511 (45)  
Least output co-occurring input variables: iv_503-iv_506 (31)

Potentially most output occurring input variable: iv_503/iv_506 (98)  
Potentially least output occurring input variable: iv_507/iv_509 (70)

Least complex input bit: iv_511 (1.3710447108961487 × 10^295)  
Most complex input bit: iv_506 (1.3688396969342836 × 10^298)

Least complex output bit: aaa_76_29 (6.758078657052623 × 10^273)  
Most complex output bit: ov_001 (6.695707616817993 × 10^297)

Least complex input/output complexity: iv_511/aaa_76_29 (2.1996138574401734 × 10^270)  
Most complex input/output complexity: iv_506/ov_001 (2.1758084522896834 × 10^297)

Input variable with highest collision probability: iv_506 (½^160.0000000000005)

## Input Bits

### Input Bits in Regular Order

| Input Bit | Complexity | Occurrences | Output Occurrences | Collision Probability |
|:---------:|:----------:|:-----------:|:------------------:|:---------------------:|
| iv_502 | 7.927448089810418 × 10^296 | 3919 | 82 | ½^160.00000000000082 |
| iv_503 | 1.4061089449509008 × 10^297 | 4181 | 78 | ½^160.0000000000006 |
| iv_504 | 2.3309370456484965 × 10^297 | 3947 | 78 | ½^160.00000000000082 |
| iv_505 | 3.695264080309553 × 10^297 | 3937 | 79 | ½^160.00000000000074 |
| iv_506 | 1.3688396969342836 × 10^298 | 4288 | 82 | ½^160.0000000000005 |
| iv_507 | 8.467224458740833 × 10^297 | 4194 | 76 | ½^160.00000000000074 |
| iv_509 | 1.1729497704143009 × 10^298 | 4527 | 76 | ½^160.00000000000082 |
| iv_511 | 1.3710447108961487 × 10^295 | 4213 | 80 | ½^160.00000000000068 |

### Input Bits Sorted by Complexity

| Input Bit | Complexity | Occurrences | Output Occurrences | Collision Probability |
|:---------:|:----------:|:-----------:|:------------------:|:---------------------:|
| iv_511 | 1.3710447108961487 × 10^295 | 4213 | 80 | ½^160.00000000000068 |
| iv_502 | 7.927448089810418 × 10^296 | 3919 | 82 | ½^160.00000000000082 |
| iv_503 | 1.4061089449509008 × 10^297 | 4181 | 78 | ½^160.0000000000006 |
| iv_504 | 2.3309370456484965 × 10^297 | 3947 | 78 | ½^160.00000000000082 |
| iv_505 | 3.695264080309553 × 10^297 | 3937 | 79 | ½^160.00000000000074 |
| iv_507 | 8.467224458740833 × 10^297 | 4194 | 76 | ½^160.00000000000074 |
| iv_509 | 1.1729497704143009 × 10^298 | 4527 | 76 | ½^160.00000000000082 |
| iv_506 | 1.3688396969342836 × 10^298 | 4288 | 82 | ½^160.0000000000005 |

### Input Bits Sorted by Occurrences

| Input Bit | Complexity | Occurrences | Output Occurrences | Collision Probability |
|:---------:|:----------:|:-----------:|:------------------:|:---------------------:|
| iv_502 | 7.927448089810418 × 10^296 | 3919 | 82 | ½^160.00000000000082 |
| iv_505 | 3.695264080309553 × 10^297 | 3937 | 79 | ½^160.00000000000074 |
| iv_504 | 2.3309370456484965 × 10^297 | 3947 | 78 | ½^160.00000000000082 |
| iv_503 | 1.4061089449509008 × 10^297 | 4181 | 78 | ½^160.0000000000006 |
| iv_507 | 8.467224458740833 × 10^297 | 4194 | 76 | ½^160.00000000000074 |
| iv_511 | 1.3710447108961487 × 10^295 | 4213 | 80 | ½^160.00000000000068 |
| iv_506 | 1.3688396969342836 × 10^298 | 4288 | 82 | ½^160.0000000000005 |
| iv_509 | 1.1729497704143009 × 10^298 | 4527 | 76 | ½^160.00000000000082 |

### Input Bits Sorted by Output Occurrences

| Input Bit | Complexity | Occurrences | Output Occurrences | Collision Probability |
|:---------:|:----------:|:-----------:|:------------------:|:---------------------:|
| iv_509 | 1.1729497704143009 × 10^298 | 4527 | 76 | ½^160.00000000000082 |
| iv_507 | 8.467224458740833 × 10^297 | 4194 | 76 | ½^160.00000000000074 |
| iv_503 | 1.4061089449509008 × 10^297 | 4181 | 78 | ½^160.0000000000006 |
| iv_504 | 2.3309370456484965 × 10^297 | 3947 | 78 | ½^160.00000000000082 |
| iv_505 | 3.695264080309553 × 10^297 | 3937 | 79 | ½^160.00000000000074 |
| iv_511 | 1.3710447108961487 × 10^295 | 4213 | 80 | ½^160.00000000000068 |
| iv_502 | 7.927448089810418 × 10^296 | 3919 | 82 | ½^160.00000000000082 |
| iv_506 | 1.3688396969342836 × 10^298 | 4288 | 82 | ½^160.0000000000005 |

### Input Bits Sorted by Collision Probability

| Input Bit | Complexity | Occurrences | Output Occurrences | Collision Probability |
|:---------:|:----------:|:-----------:|:------------------:|:---------------------:|
| iv_506 | 1.3688396969342836 × 10^298 | 4288 | 82 | ½^160.0000000000005 |
| iv_503 | 1.4061089449509008 × 10^297 | 4181 | 78 | ½^160.0000000000006 |
| iv_511 | 1.3710447108961487 × 10^295 | 4213 | 80 | ½^160.00000000000068 |
| iv_505 | 3.695264080309553 × 10^297 | 3937 | 79 | ½^160.00000000000074 |
| iv_507 | 8.467224458740833 × 10^297 | 4194 | 76 | ½^160.00000000000074 |
| iv_502 | 7.927448089810418 × 10^296 | 3919 | 82 | ½^160.00000000000082 |
| iv_509 | 1.1729497704143009 × 10^298 | 4527 | 76 | ½^160.00000000000082 |
| iv_504 | 2.3309370456484965 × 10^297 | 3947 | 78 | ½^160.00000000000082 |

## Input Bit/Output Bit Collision Probabilities

| Input Bit | Output Bit | Collision Probability |
|:---------:|:----------:|:---------------------:|
| iv_504 | ov_066 | 0.5000000000000039 |
| iv_503 | ov_014 | 0.5000000000000018 |
| iv_503 | ov_084 | 0.5000000000000018 |
| iv_503 | ov_114 | 0.5000000000000018 |
| iv_505 | ov_131 | 0.5000000000000018 |
| iv_506 | ov_038 | 0.5000000000000018 |
| iv_506 | ov_058 | 0.5000000000000018 |
| iv_506 | ov_073 | 0.5000000000000018 |

## Input Bit Co-occurrences

### Input Bit Co-occurrences Sorted by Co-occurrences

| Input Bits | Co-occurrences | Potential Occurrences | Output Co-occurrences | Potential Output Occurrences |
|:----------:|:--------------:|:---------------------:|:---------------------:|:----------------------------:|
| iv_506-iv_509 | 2180 | 4455 | 43 | 72 |
| iv_507-iv_509 | 2174 | 4373 | 41 | 70 |
| iv_503-iv_509 | 2085 | 4538 | 37 | 80 |
| iv_509-iv_511 | 2075 | 4590 | 35 | 86 |
| iv_506-iv_507 | 2043 | 4396 | 41 | 76 |
| iv_503-iv_511 | 2008 | 4378 | 37 | 84 |
| iv_503-iv_507 | 2002 | 4371 | 37 | 80 |
| iv_507-iv_511 | 2002 | 4403 | 39 | 78 |

### Input Bit Co-occurrences Sorted by Potential Occurrences

| Input Bits | Co-occurrences | Potential Occurrences | Output Co-occurrences | Potential Output Occurrences |
|:----------:|:--------------:|:---------------------:|:---------------------:|:----------------------------:|
| iv_502-iv_505 | 1820 | 4216 | 36 | 89 |
| iv_504-iv_505 | 1830 | 4224 | 41 | 75 |
| iv_502-iv_504 | 1801 | 4264 | 42 | 76 |
| iv_503-iv_505 | 1914 | 4290 | 42 | 73 |
| iv_502-iv_511 | 1902 | 4328 | 45 | 72 |
| iv_502-iv_507 | 1891 | 4331 | 42 | 74 |
| iv_504-iv_511 | 1906 | 4348 | 40 | 78 |
| iv_503-iv_507 | 2002 | 4371 | 37 | 80 |

### Input Bit Output Co-occurrences Sorted by Output Co-occurrences

| Input Bits | Co-occurrences | Potential Occurrences | Output Co-occurrences | Potential Output Occurrences |
|:----------:|:--------------:|:---------------------:|:---------------------:|:----------------------------:|
| iv_502-iv_511 | 1902 | 4328 | 45 | 72 |
| iv_502-iv_506 | 1907 | 4393 | 43 | 78 |
| iv_506-iv_509 | 2180 | 4455 | 43 | 72 |
| iv_502-iv_504 | 1801 | 4264 | 42 | 76 |
| iv_503-iv_505 | 1914 | 4290 | 42 | 73 |
| iv_504-iv_506 | 1884 | 4467 | 42 | 76 |
| iv_502-iv_507 | 1891 | 4331 | 42 | 74 |
| iv_502-iv_509 | 1942 | 4562 | 41 | 76 |

### Input Bit Output Co-occurrences Sorted by Potential Output Occurrences

| Input Bits | Co-occurrences | Potential Occurrences | Output Co-occurrences | Potential Output Occurrences |
|:----------:|:--------------:|:---------------------:|:---------------------:|:----------------------------:|
| iv_507-iv_509 | 2174 | 4373 | 41 | 70 |
| iv_506-iv_509 | 2180 | 4455 | 43 | 72 |
| iv_502-iv_511 | 1902 | 4328 | 45 | 72 |
| iv_503-iv_505 | 1914 | 4290 | 42 | 73 |
| iv_502-iv_507 | 1891 | 4331 | 42 | 74 |
| iv_504-iv_505 | 1830 | 4224 | 41 | 75 |
| iv_502-iv_504 | 1801 | 4264 | 42 | 76 |
| iv_502-iv_509 | 1942 | 4562 | 41 | 76 |

## Output Bits

### Output Bits in Regular Order

| Rank | Output Bit | Complexity |
|:----:|:----------:|:----------:|
| 1 | ov_001 | 6.695707616817993 × 10^297 |
| 2 | ov_002 | 5.8214391188913724 × 10^297 |
| 3 | ov_003 | 5.0319005312515145 × 10^297 |
| 4 | ov_004 | 4.323575602271094 × 10^297 |
| 5 | ov_005 | 3.693139794428568 × 10^297 |
| 6 | ov_006 | 3.134465389883483 × 10^297 |
| 7 | ov_007 | 2.6417456794457902 × 10^297 |
| 8 | ov_008 | 2.2094754822944452 × 10^297 |
| 9 | ov_009 | 1.8324343736138023 × 10^297 |
| 10 | ov_010 | 1.5056723523297913 × 10^297 |
| 11 | ov_011 | 1.2244977574216729 × 10^297 |
| 12 | ov_012 | 9.84467272516101 × 10^296 |
| 13 | ov_013 | 7.813778516607946 × 10^296 |
| 14 | ov_014 | 6.112603612288823 × 10^296 |
| 15 | ov_015 | 4.70374698187365 × 10^296 |
| 16 | ov_016 | 3.5520614560058213 × 10^296 |
| 17 | ov_017 | 2.624627439681799 × 10^296 |
| 18 | ov_018 | 1.890734746721627 × 10^296 |
| 19 | ov_019 | 1.3218706944971403 × 10^296 |
| 20 | ov_020 | 8.917127743115951 × 10^295 |
| 21 | ov_021 | 5.761243889388315 × 10^295 |
| 22 | ov_022 | 3.531523861546974 × 10^295 |
| 23 | ov_023 | 2.0302551621287922 × 10^295 |
| 24 | ov_024 | 1.0815339688024628 × 10^295 |
| 25 | ov_025 | 5.312583675760677 × 10^294 |
| 26 | ov_026 | 2.471242963738469 × 10^294 |
| 27 | ov_027 | 1.1862337042129217 × 10^294 |
| 28 | ov_028 | 5.7041874545354975 × 10^293 |
| 29 | ov_029 | 2.3471545601966567 × 10^293 |
| 30 | ov_030 | 7.755414869515901 × 10^292 |
| 31 | ov_031 | 1.8751859876571418 × 10^292 |
| 32 | lv_80_m31 | 4.532643522136852 × 10^291 |
| 33 | ov_033 | 5.403725915774071 × 10^292 |
| 34 | ov_034 | 4.663621944460121 × 10^292 |
| 35 | ov_035 | 4.005162111582045 × 10^292 |
| 36 | ov_036 | 3.421483998461397 × 10^292 |
| 37 | ov_037 | 2.9060910675727705 × 10^292 |
| 38 | ov_038 | 2.4528267153154875 × 10^292 |
| 39 | ov_039 | 2.0558519527185848 × 10^292 |
| 40 | ov_040 | 1.7096263543916045 × 10^292 |
| 41 | ov_041 | 1.408891937998551 × 10^292 |
| 42 | ov_042 | 1.1486596573526558 × 10^292 |
| 43 | ov_043 | 9.241982120419325 × 10^291 |
| 44 | ov_044 | 7.310248954274194 × 10^291 |
| 45 | ov_045 | 5.6695947762794046 × 10^291 |
| 46 | ov_046 | 4.2994070204188054 × 10^291 |
| 47 | ov_047 | 3.1802372124310613 × 10^291 |
| 48 | ov_048 | 2.293781337985881 × 10^291 |
| 49 | ov_049 | 1.6068103216598925 × 10^291 |
| 50 | ov_050 | 1.0883263506808803 × 10^291 |
| 51 | ov_051 | 7.095507187880958 × 10^290 |
| 52 | ov_052 | 4.439159115128201 × 10^290 |
| 53 | ov_053 | 2.670606886661157 × 10^290 |
| 54 | ov_054 | 1.5682719732574787 × 10^290 |
| 55 | ov_055 | 9.32593439830239 × 10^289 |
| 56 | ov_056 | 5.860183671282915 × 10^289 |
| 57 | ov_057 | 3.729958395217503 × 10^289 |
| 58 | ov_058 | 2.212503204840639 × 10^289 |
| 59 | ov_059 | 1.1978393475612917 × 10^289 |
| 60 | ov_060 | 5.759907655783266 × 10^288 |
| 61 | ov_061 | 2.3698226956307173 × 10^288 |
| 62 | ov_062 | 7.828583792326592 × 10^287 |
| 63 | ov_063 | 1.892296483639596 × 10^287 |
| 64 | lv_79_m31 | 4.572336588311228 × 10^286 |
| 65 | ov_065 | 5.362438214562269 × 10^287 |
| 66 | ov_066 | 5.362424743629488 × 10^287 |
| 67 | ov_067 | 5.362420377426776 × 10^287 |
| 68 | ov_068 | 4.6177261318340435 × 10^287 |
| 69 | ov_069 | 3.952167597567743 × 10^287 |
| 70 | ov_070 | 3.362259782697772 × 10^287 |
| 71 | ov_071 | 2.841664277185864 × 10^287 |
| 72 | ov_072 | 2.3844306177842963 × 10^287 |
| 73 | ov_073 | 1.9849705766292553 × 10^287 |
| 74 | ov_074 | 1.638034801435525 × 10^287 |
| 75 | ov_075 | 1.3386916833116625 × 10^287 |
| 76 | ov_076 | 1.0823083319851287 × 10^287 |
| 77 | ov_077 | 8.645335412185314 × 10^286 |
| 78 | ov_078 | 6.812826295242233 × 10^286 |
| 79 | ov_079 | 5.287240430501306 × 10^286 |
| 80 | ov_080 | 4.0326760881229236 × 10^286 |
| 81 | ov_081 | 3.0155432737876153 × 10^286 |
| 82 | ov_082 | 2.204475947471124 × 10^286 |
| 83 | ov_083 | 1.5702574357718005 × 10^286 |
| 84 | ov_084 | 1.0857579420422893 × 10^286 |
| 85 | ov_085 | 7.25883060157032 × 10^285 |
| 86 | ov_086 | 4.675321986640618 × 10^285 |
| 87 | ov_087 | 2.895658226114145 × 10^285 |
| 88 | ov_088 | 1.7278042067488097 × 10^285 |
| 89 | ov_089 | 9.989010542393051 × 10^284 |
| 90 | ov_090 | 5.5513754687694215 × 10^284 |
| 91 | ov_091 | 3.2435703560386242 × 10^284 |
| 92 | ov_092 | 1.906249832986483 × 10^284 |
| 93 | ov_093 | 1.0069786790543152 × 10^284 |
| 94 | ov_094 | 4.514073808697242 × 10^283 |
| 95 | aaa_78_28 | 1.451979725112556 × 10^283 |
| 96 | aaa_78_29 | 5.502117228306374 × 10^282 |
| 97 | ov_097 | 5.995802664338083 × 10^282 |
| 98 | ov_098 | 5.99562377574791 × 10^282 |
| 99 | ov_099 | 5.995566725316476 × 10^282 |
| 100 | ov_100 | 5.39710881230993 × 10^282 |
| 101 | ov_101 | 4.842500020045289 × 10^282 |
| 102 | ov_102 | 4.329368102550159 × 10^282 |
| 103 | ov_103 | 3.855515368253099 × 10^282 |
| 104 | ov_104 | 3.418895096546775 × 10^282 |
| 105 | ov_105 | 3.0175901654534205 × 10^282 |
| 106 | ov_106 | 2.6497937726579883 × 10^282 |
| 107 | ov_107 | 2.3137921369883973 × 10^282 |
| 108 | ov_108 | 2.0079490713931717 × 10^282 |
| 109 | ov_109 | 1.730692321690383 × 10^282 |
| 110 | ov_110 | 1.4805015679284408 × 10^282 |
| 111 | ov_111 | 1.2558979871958564 × 10^282 |
| 112 | ov_112 | 1.0554352782273547 × 10^282 |
| 113 | ov_113 | 8.77692049265572 × 10^281 |
| 114 | ov_114 | 7.212654714291865 × 10^281 |
| 115 | ov_115 | 5.847661003758488 × 10^281 |
| 116 | ov_116 | 4.6681376939155676 × 10^281 |
| 117 | ov_117 | 3.660344572447561 × 10^281 |
| 118 | ov_118 | 2.8105803426183558 × 10^281 |
| 119 | ov_119 | 2.105167105099247 × 10^281 |
| 120 | ov_120 | 1.5304401000381128 × 10^281 |
| 121 | ov_121 | 1.0727419860896568 × 10^281 |
| 122 | ov_122 | 7.1842006373617045 × 10^280 |
| 123 | ov_123 | 4.53824536036754 × 10^280 |
| 124 | ov_124 | 2.6530724362741556 × 10^280 |
| 125 | ov_125 | 1.3922083517259363 × 10^280 |
| 126 | ov_126 | 6.19182905769725 × 10^279 |
| 127 | aaa_77_28 | 1.9752695513939585 × 10^279 |
| 128 | aaa_77_29 | 7.39453361335561 × 10^278 |
| 129 | ov_129 | 6.697944054948369 × 10^278 |
| 130 | ov_130 | 6.697927622207693 × 10^278 |
| 131 | ov_131 | 6.697922346592872 × 10^278 |
| 132 | ov_132 | 5.7750850143249735 × 10^278 |
| 133 | ov_133 | 4.951452634872465 × 10^278 |
| 134 | ov_134 | 4.2193312733150204 × 10^278 |
| 135 | ov_135 | 3.571454000375011 × 10^278 |
| 136 | ov_136 | 3.0009496859965096 × 10^278 |
| 137 | ov_137 | 2.5013158213358814 × 10^278 |
| 138 | ov_138 | 2.0663950739118183 × 10^278 |
| 139 | ov_139 | 1.6903552258767237 × 10^278 |
| 140 | ov_140 | 1.367672140588034 × 10^278 |
| 141 | ov_141 | 1.0931154220045902 × 10^278 |
| 142 | ov_142 | 8.617364503516488 × 10^277 |
| 143 | ov_143 | 6.688585124273241 × 10^277 |
| 144 | ov_144 | 5.100687959482522 × 10^277 |
| 145 | ov_145 | 3.812120355160312 × 10^277 |
| 146 | ov_146 | 2.783855831830373 × 10^277 |
| 147 | ov_147 | 1.979356782537103 × 10^277 |
| 148 | ov_148 | 1.3645470890447717 × 10^277 |
| 149 | ov_149 | 9.077927612561734 × 10^276 |
| 150 | ov_150 | 5.798888839258637 × 10^276 |
| 151 | ov_151 | 3.54051333686118 × 10^276 |
| 152 | ov_152 | 2.0591190828298204 × 10^276 |
| 153 | ov_153 | 1.1351568875896414 × 10^276 |
| 154 | ov_154 | 5.731967431183232 × 10^275 |
| 155 | ov_155 | 2.8155224021565523 × 10^275 |
| 156 | aaa_76_25 | 1.1301293333000814 × 10^275 |
| 157 | aaa_76_26 | 6.953855545088711 × 10^274 |
| 158 | aaa_76_27 | 3.8116106602654855 × 10^274 |
| 159 | aaa_76_28 | 1.7955624703243566 × 10^274 |
| 160 | aaa_76_29 | 6.758078657052623 × 10^273 |

### Output Bits Sorted by Complexity

| Rank | Output Bit | Complexity |
|:----:|:----------:|:----------:|
| 160 | aaa_76_29 | 6.758078657052623 × 10^273 |
| 159 | aaa_76_28 | 1.7955624703243566 × 10^274 |
| 158 | aaa_76_27 | 3.8116106602654855 × 10^274 |
| 157 | aaa_76_26 | 6.953855545088711 × 10^274 |
| 156 | aaa_76_25 | 1.1301293333000814 × 10^275 |
| 155 | ov_155 | 2.8155224021565523 × 10^275 |
| 154 | ov_154 | 5.731967431183232 × 10^275 |
| 153 | ov_153 | 1.1351568875896414 × 10^276 |
| 152 | ov_152 | 2.0591190828298204 × 10^276 |
| 151 | ov_151 | 3.54051333686118 × 10^276 |
| 150 | ov_150 | 5.798888839258637 × 10^276 |
| 149 | ov_149 | 9.077927612561734 × 10^276 |
| 148 | ov_148 | 1.3645470890447717 × 10^277 |
| 147 | ov_147 | 1.979356782537103 × 10^277 |
| 146 | ov_146 | 2.783855831830373 × 10^277 |
| 145 | ov_145 | 3.812120355160312 × 10^277 |
| 144 | ov_144 | 5.100687959482522 × 10^277 |
| 143 | ov_143 | 6.688585124273241 × 10^277 |
| 142 | ov_142 | 8.617364503516488 × 10^277 |
| 141 | ov_141 | 1.0931154220045902 × 10^278 |
| 140 | ov_140 | 1.367672140588034 × 10^278 |
| 139 | ov_139 | 1.6903552258767237 × 10^278 |
| 138 | ov_138 | 2.0663950739118183 × 10^278 |
| 137 | ov_137 | 2.5013158213358814 × 10^278 |
| 136 | ov_136 | 3.0009496859965096 × 10^278 |
| 135 | ov_135 | 3.571454000375011 × 10^278 |
| 134 | ov_134 | 4.2193312733150204 × 10^278 |
| 133 | ov_133 | 4.951452634872465 × 10^278 |
| 132 | ov_132 | 5.7750850143249735 × 10^278 |
| 131 | ov_131 | 6.697922346592872 × 10^278 |
| 130 | ov_130 | 6.697927622207693 × 10^278 |
| 129 | ov_129 | 6.697944054948369 × 10^278 |
| 128 | aaa_77_29 | 7.39453361335561 × 10^278 |
| 127 | aaa_77_28 | 1.9752695513939585 × 10^279 |
| 126 | ov_126 | 6.19182905769725 × 10^279 |
| 125 | ov_125 | 1.3922083517259363 × 10^280 |
| 124 | ov_124 | 2.6530724362741556 × 10^280 |
| 123 | ov_123 | 4.53824536036754 × 10^280 |
| 122 | ov_122 | 7.1842006373617045 × 10^280 |
| 121 | ov_121 | 1.0727419860896568 × 10^281 |
| 120 | ov_120 | 1.5304401000381128 × 10^281 |
| 119 | ov_119 | 2.105167105099247 × 10^281 |
| 118 | ov_118 | 2.8105803426183558 × 10^281 |
| 117 | ov_117 | 3.660344572447561 × 10^281 |
| 116 | ov_116 | 4.6681376939155676 × 10^281 |
| 115 | ov_115 | 5.847661003758488 × 10^281 |
| 114 | ov_114 | 7.212654714291865 × 10^281 |
| 113 | ov_113 | 8.77692049265572 × 10^281 |
| 112 | ov_112 | 1.0554352782273547 × 10^282 |
| 111 | ov_111 | 1.2558979871958564 × 10^282 |
| 110 | ov_110 | 1.4805015679284408 × 10^282 |
| 109 | ov_109 | 1.730692321690383 × 10^282 |
| 108 | ov_108 | 2.0079490713931717 × 10^282 |
| 107 | ov_107 | 2.3137921369883973 × 10^282 |
| 106 | ov_106 | 2.6497937726579883 × 10^282 |
| 105 | ov_105 | 3.0175901654534205 × 10^282 |
| 104 | ov_104 | 3.418895096546775 × 10^282 |
| 103 | ov_103 | 3.855515368253099 × 10^282 |
| 102 | ov_102 | 4.329368102550159 × 10^282 |
| 101 | ov_101 | 4.842500020045289 × 10^282 |
| 100 | ov_100 | 5.39710881230993 × 10^282 |
| 96 | aaa_78_29 | 5.502117228306374 × 10^282 |
| 99 | ov_099 | 5.995566725316476 × 10^282 |
| 98 | ov_098 | 5.99562377574791 × 10^282 |
| 97 | ov_097 | 5.995802664338083 × 10^282 |
| 95 | aaa_78_28 | 1.451979725112556 × 10^283 |
| 94 | ov_094 | 4.514073808697242 × 10^283 |
| 93 | ov_093 | 1.0069786790543152 × 10^284 |
| 92 | ov_092 | 1.906249832986483 × 10^284 |
| 91 | ov_091 | 3.2435703560386242 × 10^284 |
| 90 | ov_090 | 5.5513754687694215 × 10^284 |
| 89 | ov_089 | 9.989010542393051 × 10^284 |
| 88 | ov_088 | 1.7278042067488097 × 10^285 |
| 87 | ov_087 | 2.895658226114145 × 10^285 |
| 86 | ov_086 | 4.675321986640618 × 10^285 |
| 85 | ov_085 | 7.25883060157032 × 10^285 |
| 84 | ov_084 | 1.0857579420422893 × 10^286 |
| 83 | ov_083 | 1.5702574357718005 × 10^286 |
| 82 | ov_082 | 2.204475947471124 × 10^286 |
| 81 | ov_081 | 3.0155432737876153 × 10^286 |
| 80 | ov_080 | 4.0326760881229236 × 10^286 |
| 64 | lv_79_m31 | 4.572336588311228 × 10^286 |
| 79 | ov_079 | 5.287240430501306 × 10^286 |
| 78 | ov_078 | 6.812826295242233 × 10^286 |
| 77 | ov_077 | 8.645335412185314 × 10^286 |
| 76 | ov_076 | 1.0823083319851287 × 10^287 |
| 75 | ov_075 | 1.3386916833116625 × 10^287 |
| 74 | ov_074 | 1.638034801435525 × 10^287 |
| 63 | ov_063 | 1.892296483639596 × 10^287 |
| 73 | ov_073 | 1.9849705766292553 × 10^287 |
| 72 | ov_072 | 2.3844306177842963 × 10^287 |
| 71 | ov_071 | 2.841664277185864 × 10^287 |
| 70 | ov_070 | 3.362259782697772 × 10^287 |
| 69 | ov_069 | 3.952167597567743 × 10^287 |
| 68 | ov_068 | 4.6177261318340435 × 10^287 |
| 67 | ov_067 | 5.362420377426776 × 10^287 |
| 66 | ov_066 | 5.362424743629488 × 10^287 |
| 65 | ov_065 | 5.362438214562269 × 10^287 |
| 62 | ov_062 | 7.828583792326592 × 10^287 |
| 61 | ov_061 | 2.3698226956307173 × 10^288 |
| 60 | ov_060 | 5.759907655783266 × 10^288 |
| 59 | ov_059 | 1.1978393475612917 × 10^289 |
| 58 | ov_058 | 2.212503204840639 × 10^289 |
| 57 | ov_057 | 3.729958395217503 × 10^289 |
| 56 | ov_056 | 5.860183671282915 × 10^289 |
| 55 | ov_055 | 9.32593439830239 × 10^289 |
| 54 | ov_054 | 1.5682719732574787 × 10^290 |
| 53 | ov_053 | 2.670606886661157 × 10^290 |
| 52 | ov_052 | 4.439159115128201 × 10^290 |
| 51 | ov_051 | 7.095507187880958 × 10^290 |
| 50 | ov_050 | 1.0883263506808803 × 10^291 |
| 49 | ov_049 | 1.6068103216598925 × 10^291 |
| 48 | ov_048 | 2.293781337985881 × 10^291 |
| 47 | ov_047 | 3.1802372124310613 × 10^291 |
| 46 | ov_046 | 4.2994070204188054 × 10^291 |
| 32 | lv_80_m31 | 4.532643522136852 × 10^291 |
| 45 | ov_045 | 5.6695947762794046 × 10^291 |
| 44 | ov_044 | 7.310248954274194 × 10^291 |
| 43 | ov_043 | 9.241982120419325 × 10^291 |
| 42 | ov_042 | 1.1486596573526558 × 10^292 |
| 41 | ov_041 | 1.408891937998551 × 10^292 |
| 40 | ov_040 | 1.7096263543916045 × 10^292 |
| 31 | ov_031 | 1.8751859876571418 × 10^292 |
| 39 | ov_039 | 2.0558519527185848 × 10^292 |
| 38 | ov_038 | 2.4528267153154875 × 10^292 |
| 37 | ov_037 | 2.9060910675727705 × 10^292 |
| 36 | ov_036 | 3.421483998461397 × 10^292 |
| 35 | ov_035 | 4.005162111582045 × 10^292 |
| 34 | ov_034 | 4.663621944460121 × 10^292 |
| 33 | ov_033 | 5.403725915774071 × 10^292 |
| 30 | ov_030 | 7.755414869515901 × 10^292 |
| 29 | ov_029 | 2.3471545601966567 × 10^293 |
| 28 | ov_028 | 5.7041874545354975 × 10^293 |
| 27 | ov_027 | 1.1862337042129217 × 10^294 |
| 26 | ov_026 | 2.471242963738469 × 10^294 |
| 25 | ov_025 | 5.312583675760677 × 10^294 |
| 24 | ov_024 | 1.0815339688024628 × 10^295 |
| 23 | ov_023 | 2.0302551621287922 × 10^295 |
| 22 | ov_022 | 3.531523861546974 × 10^295 |
| 21 | ov_021 | 5.761243889388315 × 10^295 |
| 20 | ov_020 | 8.917127743115951 × 10^295 |
| 19 | ov_019 | 1.3218706944971403 × 10^296 |
| 18 | ov_018 | 1.890734746721627 × 10^296 |
| 17 | ov_017 | 2.624627439681799 × 10^296 |
| 16 | ov_016 | 3.5520614560058213 × 10^296 |
| 15 | ov_015 | 4.70374698187365 × 10^296 |
| 14 | ov_014 | 6.112603612288823 × 10^296 |
| 13 | ov_013 | 7.813778516607946 × 10^296 |
| 12 | ov_012 | 9.84467272516101 × 10^296 |
| 11 | ov_011 | 1.2244977574216729 × 10^297 |
| 10 | ov_010 | 1.5056723523297913 × 10^297 |
| 9 | ov_009 | 1.8324343736138023 × 10^297 |
| 8 | ov_008 | 2.2094754822944452 × 10^297 |
| 7 | ov_007 | 2.6417456794457902 × 10^297 |
| 6 | ov_006 | 3.134465389883483 × 10^297 |
| 5 | ov_005 | 3.693139794428568 × 10^297 |
| 4 | ov_004 | 4.323575602271094 × 10^297 |
| 3 | ov_003 | 5.0319005312515145 × 10^297 |
| 2 | ov_002 | 5.8214391188913724 × 10^297 |
| 1 | ov_001 | 6.695707616817993 × 10^297 |

