# Results for F001-F002-F003-F004-F005-F006-F007-F008-F009-F010-F011-F012-F013-F014-F015-F016-F017-F018-F019-F020-F021-F022-F023-F024-F025-F026-F027-F028-F029-F030-F031-F032-F033-F034-F035-F036-F037-F038-F039-F040-F041-F042-F043-F044-F045-F046-F047-F048-F049-F050-F051-F052-F053-F054-F055-F056-F057-F058-F059-F060-F061-F062-F063-F064-F065-F066-F067-F068-F069-F070-F071-F072-F073-F074-F075-F076-F077-F078-F079-F080-F081-F082-F083-F084-F085-F086-F087-F088-F089-F090-F091-F092-F093-F094-F095-F096-F097-F098-F099-F100-F101-F102-F103-F104-F105-F106-F107-F108-F109-F110-F111-F112-F113-F114-F115-F116-F117-F118-F119-F120-F121-F122-F123-F124-F125-F126-F127-F128-F129-F130-F131-F132-F133-F134-F135-F136-F137-F138-F139-F140-F141-F142-F143-F144-F145-F146-F147-F148-F149-F150-F151-F152-F153-F154-F155-F156-F157-F158-F159-F160-F161-F162-F163-F164-F165-F166-F167-F168-F169-F170-F171-F172-F173-F174-F175-F176-F177-F178-F179-F180-F181-F182-F183-F184-F185-F186-F187-F188-F189-F190-F191-F192-F193-F194-F195-F196-F197-F198-F199-F200-F201-F202-F203-F204-F205-F206-F207-F208-F209-F210-F211-F212-F213-F214-F215-F216-F217-F218-F219-F220-F221-F222-F223-F224-F225-F226-F227-F228-F229-F230-F231-F232-F233-F234-F235-F236-F237-F238-F239-F240-F241-F242-F243-F244-F245-F246-F247-F248-F249-F250-F251-F252-F253-F254-F255-F256-F257-F258-F259-F260-F261-F262-F263-F264-F265-F266-F267-F268-F269-F270-F271-F272-F273-F274-F275-F276-F277-F278-F279-F280-F281-F282-F283-F284-F285-F286-F287-F288-F289-F290-F291-F292-F293-F294-F295-F296-F297-F298-F299-F300-F301-F302-F303-F304-F305-F306-F307-F308-F309-F310-F311-F312-F313-F314-F315-F316-F317-F318-F319-F320-F321-F322-F323-F324-F325-F326-F327-F328-F329-F330-F331-F332-F333-F334-F335-F336-F337-F338-F339-F340-F341-F342-F343-F344-F345-F346-F347-F348-F349-F350-F351-F352-F353-F354-F355-F356-F357-F358-F359-F360-F361-F362-F363-F364-F365-F366-F367-F368-F369-F370-F371-F372-F373-F374-F375-F376-F377-F378-F379-F380-F381-F382-F383-F384-F385-F386-F387-F388-F389-F390-F391-F392-F393-F394-F395-F396-F397-F398-F399-F400-F401-F402-F403-F404-F405-F406-F407-F408-F409-F410-F411-F412-F413-F414-F415-F416-F417-F418-F419-F420-F421-F422-F423-F424-F425-F426-F427-F428-F429-F430-F431-F432-F433-F434-F435-F436-F437-F438-F439-F440-F441-F442-F443-F444-F445-F446-F447-F448-F449-F450-F451-F452-F453-F454-F455-F456-F457-F458-F459-F460-F461-F462-F463-F464-F465-F466-F467-F468-F469-F470-F471-F472-F473-F474-F475-F476-F477-F478-F479-F480-F481-F482-F483-F484-F485-F486-F487-F488-F489-F490-F491-F492-F493-F494-F495-F496-F497-F498-F499-F500-F501-E502511-E504506-E507509

## Summary

Number of input bits: 512  
Number of free input bits: 8  
Number of output bits: 160

Number of direct occurrences: 33015  
Number of assignments: 31152  
Number of operations: 11132648
(xor: 11103327,
and: 16102,
or: 13219)

Total complexity: 1.5945171177936964 × 10^300

Least occurring input variable: iv_505 (3912)  
Most occurring input variable: iv_512 (4356)

Most co-occurring input variables: iv_510-iv_512 (2081)  
Least co-occurring input variables: iv_504-iv_505 (1816)

Potentially most occurring input variable: iv_502/iv_504 (4617)  
Potentially least occurring input variable: iv_503/iv_505 (4215)

Least output occurring input variable: iv_507 (66)  
Most output occurring input variable: iv_512 (80)

Most output co-occurring input variables: iv_510-iv_512 (42)  
Least output co-occurring input variables: iv_503-iv_508 (31)

Potentially most output occurring input variable: iv_505/iv_512 (91)  
Potentially least output occurring input variable: iv_507/iv_508 (68)

Least complex input bit: iv_503 (2.832766289476673 × 10^298)  
Most complex input bit: iv_510 (4.311069087035989 × 10^299)

Least complex output bit: aaa_76_29 (2.1119116427547706 × 10^275)  
Most complex output bit: ov_001 (2.5043912604502076 × 10^299)

Least complex input/output complexity: iv_503/aaa_76_29 (3.7519522626555217 × 10^273)  
Most complex input/output complexity: iv_510/ov_001 (6.771080488435928 × 10^298)

Input variable with highest collision probability: iv_508 (½^160.0000000000002)

## Input Bits

### Input Bits in Regular Order

| Input Bit | Complexity | Occurrences | Output Occurrences | Collision Probability |
|:---------:|:----------:|:-----------:|:------------------:|:---------------------:|
| iv_502 | 1.4490869365772705 × 10^299 | 4265 | 72 | ½^160.00000000000063 |
| iv_503 | 2.832766289476673 × 10^298 | 4035 | 74 | ½^160.0000000000006 |
| iv_504 | 1.5779112100798211 × 10^299 | 4142 | 76 | ½^160.00000000000082 |
| iv_505 | 7.313802075021227 × 10^298 | 3912 | 79 | ½^160.00000000000048 |
| iv_507 | 3.766945356490068 × 10^299 | 4217 | 66 | ½^160.00000000000077 |
| iv_508 | 2.3415652944403424 × 10^299 | 3980 | 70 | ½^160.0000000000002 |
| iv_510 | 4.311069087035989 × 10^299 | 4108 | 79 | ½^160.00000000000105 |
| iv_512 | 1.4839364568636768 × 10^299 | 4356 | 80 | ½^160.00000000000077 |

### Input Bits Sorted by Complexity

| Input Bit | Complexity | Occurrences | Output Occurrences | Collision Probability |
|:---------:|:----------:|:-----------:|:------------------:|:---------------------:|
| iv_503 | 2.832766289476673 × 10^298 | 4035 | 74 | ½^160.0000000000006 |
| iv_505 | 7.313802075021227 × 10^298 | 3912 | 79 | ½^160.00000000000048 |
| iv_502 | 1.4490869365772705 × 10^299 | 4265 | 72 | ½^160.00000000000063 |
| iv_512 | 1.4839364568636768 × 10^299 | 4356 | 80 | ½^160.00000000000077 |
| iv_504 | 1.5779112100798211 × 10^299 | 4142 | 76 | ½^160.00000000000082 |
| iv_508 | 2.3415652944403424 × 10^299 | 3980 | 70 | ½^160.0000000000002 |
| iv_507 | 3.766945356490068 × 10^299 | 4217 | 66 | ½^160.00000000000077 |
| iv_510 | 4.311069087035989 × 10^299 | 4108 | 79 | ½^160.00000000000105 |

### Input Bits Sorted by Occurrences

| Input Bit | Complexity | Occurrences | Output Occurrences | Collision Probability |
|:---------:|:----------:|:-----------:|:------------------:|:---------------------:|
| iv_505 | 7.313802075021227 × 10^298 | 3912 | 79 | ½^160.00000000000048 |
| iv_508 | 2.3415652944403424 × 10^299 | 3980 | 70 | ½^160.0000000000002 |
| iv_503 | 2.832766289476673 × 10^298 | 4035 | 74 | ½^160.0000000000006 |
| iv_510 | 4.311069087035989 × 10^299 | 4108 | 79 | ½^160.00000000000105 |
| iv_504 | 1.5779112100798211 × 10^299 | 4142 | 76 | ½^160.00000000000082 |
| iv_507 | 3.766945356490068 × 10^299 | 4217 | 66 | ½^160.00000000000077 |
| iv_502 | 1.4490869365772705 × 10^299 | 4265 | 72 | ½^160.00000000000063 |
| iv_512 | 1.4839364568636768 × 10^299 | 4356 | 80 | ½^160.00000000000077 |

### Input Bits Sorted by Output Occurrences

| Input Bit | Complexity | Occurrences | Output Occurrences | Collision Probability |
|:---------:|:----------:|:-----------:|:------------------:|:---------------------:|
| iv_507 | 3.766945356490068 × 10^299 | 4217 | 66 | ½^160.00000000000077 |
| iv_508 | 2.3415652944403424 × 10^299 | 3980 | 70 | ½^160.0000000000002 |
| iv_502 | 1.4490869365772705 × 10^299 | 4265 | 72 | ½^160.00000000000063 |
| iv_503 | 2.832766289476673 × 10^298 | 4035 | 74 | ½^160.0000000000006 |
| iv_504 | 1.5779112100798211 × 10^299 | 4142 | 76 | ½^160.00000000000082 |
| iv_505 | 7.313802075021227 × 10^298 | 3912 | 79 | ½^160.00000000000048 |
| iv_510 | 4.311069087035989 × 10^299 | 4108 | 79 | ½^160.00000000000105 |
| iv_512 | 1.4839364568636768 × 10^299 | 4356 | 80 | ½^160.00000000000077 |

### Input Bits Sorted by Collision Probability

| Input Bit | Complexity | Occurrences | Output Occurrences | Collision Probability |
|:---------:|:----------:|:-----------:|:------------------:|:---------------------:|
| iv_508 | 2.3415652944403424 × 10^299 | 3980 | 70 | ½^160.0000000000002 |
| iv_505 | 7.313802075021227 × 10^298 | 3912 | 79 | ½^160.00000000000048 |
| iv_503 | 2.832766289476673 × 10^298 | 4035 | 74 | ½^160.0000000000006 |
| iv_502 | 1.4490869365772705 × 10^299 | 4265 | 72 | ½^160.00000000000063 |
| iv_512 | 1.4839364568636768 × 10^299 | 4356 | 80 | ½^160.00000000000077 |
| iv_507 | 3.766945356490068 × 10^299 | 4217 | 66 | ½^160.00000000000077 |
| iv_504 | 1.5779112100798211 × 10^299 | 4142 | 76 | ½^160.00000000000082 |
| iv_510 | 4.311069087035989 × 10^299 | 4108 | 79 | ½^160.00000000000105 |

## Input Bit/Output Bit Collision Probabilities

| Input Bit | Output Bit | Collision Probability |
|:---------:|:----------:|:---------------------:|
| iv_505 | ov_111 | 0.500000000000002 |
| iv_508 | ov_145 | 0.500000000000002 |
| iv_502 | ov_120 | 0.5000000000000019 |
| iv_502 | ov_027 | 0.5000000000000018 |
| iv_502 | ov_137 | 0.5000000000000018 |
| iv_502 | ov_152 | 0.5000000000000018 |
| iv_503 | ov_042 | 0.5000000000000018 |
| iv_503 | ov_118 | 0.5000000000000018 |

## Input Bit Co-occurrences

### Input Bit Co-occurrences Sorted by Co-occurrences

| Input Bits | Co-occurrences | Potential Occurrences | Output Co-occurrences | Potential Output Occurrences |
|:----------:|:--------------:|:---------------------:|:---------------------:|:----------------------------:|
| iv_510-iv_512 | 2081 | 4302 | 42 | 75 |
| iv_503-iv_512 | 2039 | 4313 | 34 | 86 |
| iv_502-iv_512 | 2035 | 4551 | 37 | 78 |
| iv_507-iv_512 | 2030 | 4513 | 33 | 80 |
| iv_508-iv_512 | 2021 | 4294 | 32 | 86 |
| iv_502-iv_507 | 1989 | 4504 | 33 | 72 |
| iv_504-iv_512 | 1988 | 4522 | 40 | 76 |
| iv_504-iv_510 | 1974 | 4302 | 40 | 75 |

### Input Bit Co-occurrences Sorted by Potential Occurrences

| Input Bits | Co-occurrences | Potential Occurrences | Output Co-occurrences | Potential Output Occurrences |
|:----------:|:--------------:|:---------------------:|:---------------------:|:----------------------------:|
| iv_503-iv_505 | 1866 | 4215 | 40 | 73 |
| iv_505-iv_508 | 1826 | 4240 | 31 | 87 |
| iv_508-iv_510 | 1922 | 4244 | 31 | 87 |
| iv_505-iv_510 | 1876 | 4268 | 39 | 80 |
| iv_504-iv_508 | 1920 | 4282 | 32 | 82 |
| iv_508-iv_512 | 2021 | 4294 | 32 | 86 |
| iv_504-iv_510 | 1974 | 4302 | 40 | 75 |
| iv_510-iv_512 | 2081 | 4302 | 42 | 75 |

### Input Bit Output Co-occurrences Sorted by Output Co-occurrences

| Input Bits | Co-occurrences | Potential Occurrences | Output Co-occurrences | Potential Output Occurrences |
|:----------:|:--------------:|:---------------------:|:---------------------:|:----------------------------:|
| iv_510-iv_512 | 2081 | 4302 | 42 | 75 |
| iv_503-iv_505 | 1866 | 4215 | 40 | 73 |
| iv_504-iv_512 | 1988 | 4522 | 40 | 76 |
| iv_504-iv_510 | 1974 | 4302 | 40 | 75 |
| iv_505-iv_510 | 1876 | 4268 | 39 | 80 |
| iv_503-iv_510 | 1896 | 4351 | 37 | 79 |
| iv_502-iv_512 | 2035 | 4551 | 37 | 78 |
| iv_502-iv_505 | 1937 | 4303 | 36 | 79 |

### Input Bit Output Co-occurrences Sorted by Potential Output Occurrences

| Input Bits | Co-occurrences | Potential Occurrences | Output Co-occurrences | Potential Output Occurrences |
|:----------:|:--------------:|:---------------------:|:---------------------:|:----------------------------:|
| iv_507-iv_508 | 1903 | 4391 | 34 | 68 |
| iv_502-iv_507 | 1989 | 4504 | 33 | 72 |
| iv_503-iv_505 | 1866 | 4215 | 40 | 73 |
| iv_502-iv_508 | 1961 | 4323 | 34 | 74 |
| iv_510-iv_512 | 2081 | 4302 | 42 | 75 |
| iv_504-iv_510 | 1974 | 4302 | 40 | 75 |
| iv_503-iv_507 | 1927 | 4398 | 32 | 76 |
| iv_504-iv_507 | 1960 | 4439 | 33 | 76 |

## Output Bits

### Output Bits in Regular Order

| Rank | Output Bit | Complexity |
|:----:|:----------:|:----------:|
| 1 | ov_001 | 2.5043912604502076 × 10^299 |
| 2 | ov_002 | 2.1807363487178395 × 10^299 |
| 3 | ov_003 | 1.8882180444555777 × 10^299 |
| 4 | ov_004 | 1.6255470885351651 × 10^299 |
| 5 | ov_005 | 1.391504910043269 × 10^299 |
| 6 | ov_006 | 1.1838466190183719 × 10^299 |
| 7 | ov_007 | 1.0004456978153246 × 10^299 |
| 8 | ov_008 | 8.392868197011698 × 10^298 |
| 9 | ov_009 | 6.984596708323718 × 10^298 |
| 10 | ov_010 | 5.76153662930654 × 10^298 |
| 11 | ov_011 | 4.7065345010071097 × 10^298 |
| 12 | ov_012 | 3.8033518802084504 × 10^298 |
| 13 | ov_013 | 3.0366347848911325 × 10^298 |
| 14 | ov_014 | 2.3918892939712493 × 10^298 |
| 15 | ov_015 | 1.8554624838874137 × 10^298 |
| 16 | ov_016 | 1.4145278869333607 × 10^298 |
| 17 | ov_017 | 1.0570747167488154 × 10^298 |
| 18 | ov_018 | 7.719001666493385 × 10^297 |
| 19 | ov_019 | 5.48604146588671 × 10^297 |
| 20 | ov_020 | 3.775858845692779 × 10^297 |
| 21 | ov_021 | 2.50041878289178 × 10^297 |
| 22 | ov_022 | 1.5796474275901715 × 10^297 |
| 23 | ov_023 | 9.414257671018017 × 10^296 |
| 24 | ov_024 | 5.215859167024853 × 10^296 |
| 25 | ov_025 | 2.6390880475619063 × 10^296 |
| 26 | ov_026 | 1.2012278354965823 × 10^296 |
| 27 | ov_027 | 4.990288356742566 × 10^295 |
| 28 | ov_028 | 2.0870467398451285 × 10^295 |
| 29 | ov_029 | 8.593097466784044 × 10^294 |
| 30 | ov_030 | 2.8410969628208714 × 10^294 |
| 31 | ov_031 | 6.874193792850997 × 10^293 |
| 32 | lv_80_k31 | 1.6627348673056821 × 10^293 |
| 33 | ov_033 | 1.991675591051463 × 10^294 |
| 34 | ov_034 | 1.7229071343356727 × 10^294 |
| 35 | ov_035 | 1.4831847585438424 × 10^294 |
| 36 | ov_036 | 1.2701426909821604 × 10^294 |
| 37 | ov_037 | 1.0815437719307269 × 10^294 |
| 38 | ov_038 | 9.152702851858037 × 10^293 |
| 39 | ov_039 | 7.693160134833365 × 10^293 |
| 40 | ov_040 | 6.417794081532138 × 10^293 |
| 41 | ov_041 | 5.308577617154515 × 10^293 |
| 42 | ov_042 | 4.348422789864788 × 10^293 |
| 43 | ov_043 | 3.5211394878950083 × 10^293 |
| 44 | ov_044 | 2.8114012459945627 × 10^293 |
| 45 | ov_045 | 2.2047172843936688 × 10^293 |
| 46 | ov_046 | 1.6940480031214803 × 10^293 |
| 47 | ov_047 | 1.2727553802269219 × 10^293 |
| 48 | ov_048 | 9.345951361596692 × 10^292 |
| 49 | ov_049 | 6.682374680222133 × 10^292 |
| 50 | ov_050 | 4.631158992784671 × 10^292 |
| 51 | ov_051 | 3.0942184229882016 × 10^292 |
| 52 | ov_052 | 1.98100930132558 × 10^292 |
| 53 | ov_053 | 1.2085068678302339 × 10^292 |
| 54 | ov_054 | 7.011915540130718 × 10^291 |
| 55 | ov_055 | 3.910415377055251 × 10^291 |
| 56 | ov_056 | 2.17528876269874 × 10^291 |
| 57 | ov_057 | 1.2761741240050522 × 10^291 |
| 58 | ov_058 | 7.576157716966137 × 10^290 |
| 59 | ov_059 | 4.1061124936082056 × 10^290 |
| 60 | ov_060 | 1.977128181337969 × 10^290 |
| 61 | ov_061 | 8.147302516735056 × 10^289 |
| 62 | ov_062 | 2.6959799978128863 × 10^289 |
| 63 | ov_063 | 6.52947855563933 × 10^288 |
| 64 | lv_79_k31 | 1.58097697329959 × 10^288 |
| 65 | ov_065 | 1.8831134606518749 × 10^289 |
| 66 | ov_066 | 1.88310902451217 × 10^289 |
| 67 | ov_067 | 1.883107586880051 × 10^289 |
| 68 | ov_068 | 1.6315767687201241 × 10^289 |
| 69 | ov_069 | 1.4057992564574481 × 10^289 |
| 70 | ov_070 | 1.2046271177412217 × 10^289 |
| 71 | ov_071 | 1.0259723547092573 × 10^289 |
| 72 | ov_072 | 8.678746571903866 × 10^288 |
| 73 | ov_073 | 7.28492946750711 × 10^288 |
| 74 | ov_074 | 6.06097696124434 × 10^288 |
| 75 | ov_075 | 4.998511165428747 × 10^288 |
| 76 | ov_076 | 4.082266370759589 × 10^288 |
| 77 | ov_077 | 3.2979044069400116 × 10^288 |
| 78 | ov_078 | 2.6319648312082737 × 10^288 |
| 79 | ov_079 | 2.071820909734697 × 10^288 |
| 80 | ov_080 | 1.6056410224412564 × 10^288 |
| 81 | ov_081 | 1.2223551255645578 × 10^288 |
| 82 | ov_082 | 9.116259089589524 × 10^287 |
| 83 | ov_083 | 6.638242869559401 × 10^287 |
| 84 | ov_084 | 4.700088627660153 × 10^287 |
| 85 | ov_085 | 3.219090071127276 × 10^287 |
| 86 | ov_086 | 2.119111921836762 × 10^287 |
| 87 | ov_087 | 1.3304822219560269 × 10^287 |
| 88 | ov_088 | 7.899100198697891 × 10^286 |
| 89 | ov_089 | 4.404248511844744 × 10^286 |
| 90 | ov_090 | 2.313344300052185 × 10^286 |
| 91 | ov_091 | 1.1819696590103644 × 10^286 |
| 92 | ov_092 | 6.280455224289555 × 10^285 |
| 93 | ov_093 | 3.317424937200835 × 10^285 |
| 94 | ov_094 | 1.4870094619471468 × 10^285 |
| 95 | aaa_78_28 | 4.782655057307416 × 10^284 |
| 96 | aaa_78_29 | 1.8121178877462604 × 10^284 |
| 97 | ov_097 | 1.973375780484809 × 10^284 |
| 98 | ov_098 | 1.973316625739026 × 10^284 |
| 99 | ov_099 | 1.9732977326854944 × 10^284 |
| 100 | ov_100 | 1.7758925221654175 × 10^284 |
| 101 | ov_101 | 1.5930385382712347 × 10^284 |
| 102 | ov_102 | 1.4239376567253505 × 10^284 |
| 103 | ov_103 | 1.2678501105141193 × 10^284 |
| 104 | ov_104 | 1.1240868984637815 × 10^284 |
| 105 | ov_105 | 9.920028865884527 × 10^283 |
| 106 | ov_106 | 8.709905648827892 × 10^283 |
| 107 | ov_107 | 7.604744238108039 × 10^283 |
| 108 | ov_108 | 6.599059160553959 × 10^283 |
| 109 | ov_109 | 5.687589701701975 × 10^283 |
| 110 | ov_110 | 4.865260236444801 × 10^283 |
| 111 | ov_111 | 4.1271454357801083 × 10^283 |
| 112 | ov_112 | 3.4684400369026997 × 10^283 |
| 113 | ov_113 | 2.884432867843777 × 10^283 |
| 114 | ov_114 | 2.370484820742752 × 10^283 |
| 115 | ov_115 | 1.9220104698604982 × 10^283 |
| 116 | ov_116 | 1.5344630318058932 × 10^283 |
| 117 | ov_117 | 1.2033223662919946 × 10^283 |
| 118 | ov_118 | 9.240857162271078 × 10^282 |
| 119 | ov_119 | 6.922608862201333 × 10^282 |
| 120 | ov_120 | 5.033615587112426 × 10^282 |
| 121 | ov_121 | 3.5290444699809074 × 10^282 |
| 122 | ov_122 | 2.364078488154849 × 10^282 |
| 123 | ov_123 | 1.4939096802204697 × 10^282 |
| 124 | ov_124 | 8.73735198300522 × 10^281 |
| 125 | ov_125 | 4.587547185211205 × 10^281 |
| 126 | ov_126 | 2.041689520693824 × 10^281 |
| 127 | aaa_77_28 | 6.517894076799749 × 10^280 |
| 128 | aaa_77_29 | 2.44261608642966 × 10^280 |
| 129 | ov_129 | 2.250365811422377 × 10^280 |
| 130 | ov_130 | 2.2503606741049333 × 10^280 |
| 131 | ov_131 | 2.2503590238576103 × 10^280 |
| 132 | ov_132 | 1.9489401149675212 × 10^280 |
| 133 | ov_133 | 1.679140189090468 × 10^280 |
| 134 | ov_134 | 1.4385392506711392 × 10^280 |
| 135 | ov_135 | 1.2248528635178836 × 10^280 |
| 136 | ov_136 | 1.0359223281872292 × 10^280 |
| 137 | ov_137 | 8.697060945428114 × 10^279 |
| 138 | ov_138 | 7.242723168175291 × 10^279 |
| 139 | ov_139 | 5.977924413780697 × 10^279 |
| 140 | ov_140 | 4.8853571594774366 × 10^279 |
| 141 | ov_141 | 3.9486452098964556 × 10^279 |
| 142 | ov_142 | 3.152304415802302 × 10^279 |
| 143 | ov_143 | 2.481710039615428 × 10^279 |
| 144 | ov_144 | 1.9230699983463448 × 10^279 |
| 145 | ov_145 | 1.4634033085510535 × 10^279 |
| 146 | ov_146 | 1.0905231145784147 × 10^279 |
| 147 | ov_147 | 7.930236425793288 × 10^278 |
| 148 | ov_148 | 5.602704313415988 × 10^278 |
| 149 | ov_149 | 3.823932470790212 × 10^278 |
| 150 | ov_150 | 2.5028114530418315 × 10^278 |
| 151 | ov_151 | 1.5557919887964487 × 10^278 |
| 152 | ov_152 | 9.06864672866755 × 10^277 |
| 153 | ov_153 | 4.875483808283095 × 10^277 |
| 154 | ov_154 | 2.3688427444718157 × 10^277 |
| 155 | ov_155 | 1.0143290755043076 × 10^277 |
| 156 | aaa_76_25 | 3.527287227216011 × 10^276 |
| 157 | aaa_76_26 | 2.170850422865488 × 10^276 |
| 158 | aaa_76_27 | 1.190254217092249 × 10^276 |
| 159 | aaa_76_28 | 5.6090166226178144 × 10^275 |
| 160 | aaa_76_29 | 2.1119116427547706 × 10^275 |

### Output Bits Sorted by Complexity

| Rank | Output Bit | Complexity |
|:----:|:----------:|:----------:|
| 160 | aaa_76_29 | 2.1119116427547706 × 10^275 |
| 159 | aaa_76_28 | 5.6090166226178144 × 10^275 |
| 158 | aaa_76_27 | 1.190254217092249 × 10^276 |
| 157 | aaa_76_26 | 2.170850422865488 × 10^276 |
| 156 | aaa_76_25 | 3.527287227216011 × 10^276 |
| 155 | ov_155 | 1.0143290755043076 × 10^277 |
| 154 | ov_154 | 2.3688427444718157 × 10^277 |
| 153 | ov_153 | 4.875483808283095 × 10^277 |
| 152 | ov_152 | 9.06864672866755 × 10^277 |
| 151 | ov_151 | 1.5557919887964487 × 10^278 |
| 150 | ov_150 | 2.5028114530418315 × 10^278 |
| 149 | ov_149 | 3.823932470790212 × 10^278 |
| 148 | ov_148 | 5.602704313415988 × 10^278 |
| 147 | ov_147 | 7.930236425793288 × 10^278 |
| 146 | ov_146 | 1.0905231145784147 × 10^279 |
| 145 | ov_145 | 1.4634033085510535 × 10^279 |
| 144 | ov_144 | 1.9230699983463448 × 10^279 |
| 143 | ov_143 | 2.481710039615428 × 10^279 |
| 142 | ov_142 | 3.152304415802302 × 10^279 |
| 141 | ov_141 | 3.9486452098964556 × 10^279 |
| 140 | ov_140 | 4.8853571594774366 × 10^279 |
| 139 | ov_139 | 5.977924413780697 × 10^279 |
| 138 | ov_138 | 7.242723168175291 × 10^279 |
| 137 | ov_137 | 8.697060945428114 × 10^279 |
| 136 | ov_136 | 1.0359223281872292 × 10^280 |
| 135 | ov_135 | 1.2248528635178836 × 10^280 |
| 134 | ov_134 | 1.4385392506711392 × 10^280 |
| 133 | ov_133 | 1.679140189090468 × 10^280 |
| 132 | ov_132 | 1.9489401149675212 × 10^280 |
| 131 | ov_131 | 2.2503590238576103 × 10^280 |
| 130 | ov_130 | 2.2503606741049333 × 10^280 |
| 129 | ov_129 | 2.250365811422377 × 10^280 |
| 128 | aaa_77_29 | 2.44261608642966 × 10^280 |
| 127 | aaa_77_28 | 6.517894076799749 × 10^280 |
| 126 | ov_126 | 2.041689520693824 × 10^281 |
| 125 | ov_125 | 4.587547185211205 × 10^281 |
| 124 | ov_124 | 8.73735198300522 × 10^281 |
| 123 | ov_123 | 1.4939096802204697 × 10^282 |
| 122 | ov_122 | 2.364078488154849 × 10^282 |
| 121 | ov_121 | 3.5290444699809074 × 10^282 |
| 120 | ov_120 | 5.033615587112426 × 10^282 |
| 119 | ov_119 | 6.922608862201333 × 10^282 |
| 118 | ov_118 | 9.240857162271078 × 10^282 |
| 117 | ov_117 | 1.2033223662919946 × 10^283 |
| 116 | ov_116 | 1.5344630318058932 × 10^283 |
| 115 | ov_115 | 1.9220104698604982 × 10^283 |
| 114 | ov_114 | 2.370484820742752 × 10^283 |
| 113 | ov_113 | 2.884432867843777 × 10^283 |
| 112 | ov_112 | 3.4684400369026997 × 10^283 |
| 111 | ov_111 | 4.1271454357801083 × 10^283 |
| 110 | ov_110 | 4.865260236444801 × 10^283 |
| 109 | ov_109 | 5.687589701701975 × 10^283 |
| 108 | ov_108 | 6.599059160553959 × 10^283 |
| 107 | ov_107 | 7.604744238108039 × 10^283 |
| 106 | ov_106 | 8.709905648827892 × 10^283 |
| 105 | ov_105 | 9.920028865884527 × 10^283 |
| 104 | ov_104 | 1.1240868984637815 × 10^284 |
| 103 | ov_103 | 1.2678501105141193 × 10^284 |
| 102 | ov_102 | 1.4239376567253505 × 10^284 |
| 101 | ov_101 | 1.5930385382712347 × 10^284 |
| 100 | ov_100 | 1.7758925221654175 × 10^284 |
| 96 | aaa_78_29 | 1.8121178877462604 × 10^284 |
| 99 | ov_099 | 1.9732977326854944 × 10^284 |
| 98 | ov_098 | 1.973316625739026 × 10^284 |
| 97 | ov_097 | 1.973375780484809 × 10^284 |
| 95 | aaa_78_28 | 4.782655057307416 × 10^284 |
| 94 | ov_094 | 1.4870094619471468 × 10^285 |
| 93 | ov_093 | 3.317424937200835 × 10^285 |
| 92 | ov_092 | 6.280455224289555 × 10^285 |
| 91 | ov_091 | 1.1819696590103644 × 10^286 |
| 90 | ov_090 | 2.313344300052185 × 10^286 |
| 89 | ov_089 | 4.404248511844744 × 10^286 |
| 88 | ov_088 | 7.899100198697891 × 10^286 |
| 87 | ov_087 | 1.3304822219560269 × 10^287 |
| 86 | ov_086 | 2.119111921836762 × 10^287 |
| 85 | ov_085 | 3.219090071127276 × 10^287 |
| 84 | ov_084 | 4.700088627660153 × 10^287 |
| 83 | ov_083 | 6.638242869559401 × 10^287 |
| 82 | ov_082 | 9.116259089589524 × 10^287 |
| 81 | ov_081 | 1.2223551255645578 × 10^288 |
| 64 | lv_79_k31 | 1.58097697329959 × 10^288 |
| 80 | ov_080 | 1.6056410224412564 × 10^288 |
| 79 | ov_079 | 2.071820909734697 × 10^288 |
| 78 | ov_078 | 2.6319648312082737 × 10^288 |
| 77 | ov_077 | 3.2979044069400116 × 10^288 |
| 76 | ov_076 | 4.082266370759589 × 10^288 |
| 75 | ov_075 | 4.998511165428747 × 10^288 |
| 74 | ov_074 | 6.06097696124434 × 10^288 |
| 63 | ov_063 | 6.52947855563933 × 10^288 |
| 73 | ov_073 | 7.28492946750711 × 10^288 |
| 72 | ov_072 | 8.678746571903866 × 10^288 |
| 71 | ov_071 | 1.0259723547092573 × 10^289 |
| 70 | ov_070 | 1.2046271177412217 × 10^289 |
| 69 | ov_069 | 1.4057992564574481 × 10^289 |
| 68 | ov_068 | 1.6315767687201241 × 10^289 |
| 67 | ov_067 | 1.883107586880051 × 10^289 |
| 66 | ov_066 | 1.88310902451217 × 10^289 |
| 65 | ov_065 | 1.8831134606518749 × 10^289 |
| 62 | ov_062 | 2.6959799978128863 × 10^289 |
| 61 | ov_061 | 8.147302516735056 × 10^289 |
| 60 | ov_060 | 1.977128181337969 × 10^290 |
| 59 | ov_059 | 4.1061124936082056 × 10^290 |
| 58 | ov_058 | 7.576157716966137 × 10^290 |
| 57 | ov_057 | 1.2761741240050522 × 10^291 |
| 56 | ov_056 | 2.17528876269874 × 10^291 |
| 55 | ov_055 | 3.910415377055251 × 10^291 |
| 54 | ov_054 | 7.011915540130718 × 10^291 |
| 53 | ov_053 | 1.2085068678302339 × 10^292 |
| 52 | ov_052 | 1.98100930132558 × 10^292 |
| 51 | ov_051 | 3.0942184229882016 × 10^292 |
| 50 | ov_050 | 4.631158992784671 × 10^292 |
| 49 | ov_049 | 6.682374680222133 × 10^292 |
| 48 | ov_048 | 9.345951361596692 × 10^292 |
| 47 | ov_047 | 1.2727553802269219 × 10^293 |
| 32 | lv_80_k31 | 1.6627348673056821 × 10^293 |
| 46 | ov_046 | 1.6940480031214803 × 10^293 |
| 45 | ov_045 | 2.2047172843936688 × 10^293 |
| 44 | ov_044 | 2.8114012459945627 × 10^293 |
| 43 | ov_043 | 3.5211394878950083 × 10^293 |
| 42 | ov_042 | 4.348422789864788 × 10^293 |
| 41 | ov_041 | 5.308577617154515 × 10^293 |
| 40 | ov_040 | 6.417794081532138 × 10^293 |
| 31 | ov_031 | 6.874193792850997 × 10^293 |
| 39 | ov_039 | 7.693160134833365 × 10^293 |
| 38 | ov_038 | 9.152702851858037 × 10^293 |
| 37 | ov_037 | 1.0815437719307269 × 10^294 |
| 36 | ov_036 | 1.2701426909821604 × 10^294 |
| 35 | ov_035 | 1.4831847585438424 × 10^294 |
| 34 | ov_034 | 1.7229071343356727 × 10^294 |
| 33 | ov_033 | 1.991675591051463 × 10^294 |
| 30 | ov_030 | 2.8410969628208714 × 10^294 |
| 29 | ov_029 | 8.593097466784044 × 10^294 |
| 28 | ov_028 | 2.0870467398451285 × 10^295 |
| 27 | ov_027 | 4.990288356742566 × 10^295 |
| 26 | ov_026 | 1.2012278354965823 × 10^296 |
| 25 | ov_025 | 2.6390880475619063 × 10^296 |
| 24 | ov_024 | 5.215859167024853 × 10^296 |
| 23 | ov_023 | 9.414257671018017 × 10^296 |
| 22 | ov_022 | 1.5796474275901715 × 10^297 |
| 21 | ov_021 | 2.50041878289178 × 10^297 |
| 20 | ov_020 | 3.775858845692779 × 10^297 |
| 19 | ov_019 | 5.48604146588671 × 10^297 |
| 18 | ov_018 | 7.719001666493385 × 10^297 |
| 17 | ov_017 | 1.0570747167488154 × 10^298 |
| 16 | ov_016 | 1.4145278869333607 × 10^298 |
| 15 | ov_015 | 1.8554624838874137 × 10^298 |
| 14 | ov_014 | 2.3918892939712493 × 10^298 |
| 13 | ov_013 | 3.0366347848911325 × 10^298 |
| 12 | ov_012 | 3.8033518802084504 × 10^298 |
| 11 | ov_011 | 4.7065345010071097 × 10^298 |
| 10 | ov_010 | 5.76153662930654 × 10^298 |
| 9 | ov_009 | 6.984596708323718 × 10^298 |
| 8 | ov_008 | 8.392868197011698 × 10^298 |
| 7 | ov_007 | 1.0004456978153246 × 10^299 |
| 6 | ov_006 | 1.1838466190183719 × 10^299 |
| 5 | ov_005 | 1.391504910043269 × 10^299 |
| 4 | ov_004 | 1.6255470885351651 × 10^299 |
| 3 | ov_003 | 1.8882180444555777 × 10^299 |
| 2 | ov_002 | 2.1807363487178395 × 10^299 |
| 1 | ov_001 | 2.5043912604502076 × 10^299 |

