# Results for F001-F002-F003-F004-F005-F006-F007-F008-F009-F010-F011-F012-F013-F014-F015-F016-F017-F018-F019-F020-F021-F022-F023-F024-F025-F026-F027-F028-F029-F030-F031-F032-F033-F034-F035-F036-F037-F038-F039-F040-F041-F042-F043-F044-F045-F046-F047-F048-F049-F050-F051-F052-F053-F054-F055-F056-F057-F058-F059-F060-F061-F062-F063-F064-F065-F066-F067-F068-F069-F070-F071-F072-F073-F074-F075-F076-F077-F078-F079-F080-F081-F082-F083-F084-F085-F086-F087-F088-F089-F090-F091-F092-F093-F094-F095-F096-F097-F098-F099-F100-F101-F102-F103-F104-F105-F106-F107-F108-F109-F110-F111-F112-F113-F114-F115-F116-F117-F118-F119-F120-F121-F122-F123-F124-F125-F126-F127-F128-F129-F130-F131-F132-F133-F134-F135-F136-F137-F138-F139-F140-F141-F142-F143-F144-F145-F146-F147-F148-F149-F150-F151-F152-F153-F154-F155-F156-F157-F158-F159-F160-F161-F162-F163-F164-F165-F166-F167-F168-F169-F170-F171-F172-F173-F174-F175-F176-F177-F178-F179-F180-F181-F182-F183-F184-F185-F186-F187-F188-F189-F190-F191-F192-F193-F194-F195-F196-F197-F198-F199-F200-F201-F202-F203-F204-F205-F206-F207-F208-F209-F210-F211-F212-F213-F214-F215-F216-F217-F218-F219-F220-F221-F222-F223-F224-F225-F226-F227-F228-F229-F230-F231-F232-F233-F234-F235-F236-F237-F238-F239-F240-F241-F242-F243-F244-F245-F246-F247-F248-F249-F250-F251-F252-F253-F254-F255-F256-F257-F258-F259-F260-F261-F262-F263-F264-F265-F266-F267-F268-F269-F270-F271-F272-F273-F274-F275-F276-F277-F278-F279-F280-F281-F282-F283-F284-F285-F286-F287-F288-F289-F290-F291-F292-F293-F294-F295-F296-F297-F298-F299-F300-F301-F302-F303-F304-F305-F306-F307-F308-F309-F310-F311-F312-F313-F314-F315-F316-F317-F318-F319-F320-F321-F322-F323-F324-F325-F326-F327-F328-F329-F330-F331-F332-F333-F334-F335-F336-F337-F338-F339-F340-F341-F342-F343-F344-F345-F346-F347-F348-F349-F350-F351-F352-F353-F354-F355-F356-F357-F358-F359-F360-F361-F362-F363-F364-F365-F366-F367-F368-F369-F370-F371-F372-F373-F374-F375-F376-F377-F378-F379-F380-F381-F382-F383-F384-F385-F386-F387-F388-F389-F390-F391-F392-F393-F394-F395-F396-F397-F398-F399-F400-F401-F402-F403-F404-F405-F406-F407-F408-F409-F410-F411-F412-F413-F414-F415-F416-F417-F418-F419-F420-F421-F422-F423-F424-F425-F426-F427-F428-F429-F430-F431-F432-F433-F434-F435-F436-F437-F438-F439-F440-F441-F442-F443-F444-F445-F446-F447-F448-F449-F450-F451-F452-F453-F454-F455-F456-F457-F458-F459-F460-F461-F462-F463-F464-F465-F466-F467-F468-F469-F470-F471-F472-F473-F474-F475-F476-F477-F478-F479-F480-F481-F482-F483-F484-F485-F486-F487-F488-F489-F490-F491-F492-F493-F494-F495-F496-F497-F498-F499-F500-F501-E502511-E506508-F512

## Summary

Number of input bits: 512  
Number of free input bits: 8  
Number of output bits: 160

Number of direct occurrences: 33331  
Number of assignments: 31070  
Number of operations: 10953346
(xor: 10924246,
and: 15977,
or: 13123)

Total complexity: 8.362562136719565 × 10^298

Least occurring input variable: iv_505 (3937)  
Most occurring input variable: iv_502 (4326)

Most co-occurring input variables: iv_509-iv_510 (2119)  
Least co-occurring input variables: iv_505-iv_506 (1830)

Potentially most occurring input variable: iv_502/iv_506 (4693)  
Potentially least occurring input variable: iv_504/iv_505 (4224)

Least output occurring input variable: iv_502 (72)  
Most output occurring input variable: iv_509 (80)

Most output co-occurring input variables: iv_503-iv_505 (42)  
Least output co-occurring input variables: iv_506-iv_510 (31)

Potentially most output occurring input variable: iv_505/iv_507 (91)  
Potentially least output occurring input variable: iv_503/iv_505 (73)

Least complex input bit: iv_502 (1.0168016981462334 × 10^297)  
Most complex input bit: iv_510 (2.2737009610359433 × 10^298)

Least complex output bit: aaa_76_29 (1.2846837519569767 × 10^274)  
Most complex output bit: ov_001 (1.329254644940057 × 10^298)

Least complex input/output complexity: iv_502/aaa_76_29 (1.5620435450458056 × 10^272)  
Most complex input/output complexity: iv_510/ov_001 (3.614116719552749 × 10^297)

Input variable with highest collision probability: iv_504 (½^160.0000000000003)

## Input Bits

### Input Bits in Regular Order

| Input Bit | Complexity | Occurrences | Output Occurrences | Collision Probability |
|:---------:|:----------:|:-----------:|:------------------:|:---------------------:|
| iv_502 | 1.0168016981462334 × 10^297 | 4326 | 72 | ½^160.00000000000057 |
| iv_503 | 1.7759802480460824 × 10^297 | 4181 | 78 | ½^160.0000000000005 |
| iv_504 | 2.9519152537242287 × 10^297 | 3947 | 78 | ½^160.0000000000003 |
| iv_505 | 4.6922713801114776 × 10^297 | 3937 | 79 | ½^160.00000000000063 |
| iv_506 | 1.807977659742654 × 10^298 | 4237 | 72 | ½^160.00000000000068 |
| iv_507 | 1.0807711617111281 × 10^298 | 4192 | 76 | ½^160.00000000000065 |
| iv_509 | 2.1564154962270522 × 10^298 | 4246 | 80 | ½^160.00000000000082 |
| iv_510 | 2.2737009610359433 × 10^298 | 4265 | 74 | ½^160.00000000000082 |

### Input Bits Sorted by Complexity

| Input Bit | Complexity | Occurrences | Output Occurrences | Collision Probability |
|:---------:|:----------:|:-----------:|:------------------:|:---------------------:|
| iv_502 | 1.0168016981462334 × 10^297 | 4326 | 72 | ½^160.00000000000057 |
| iv_503 | 1.7759802480460824 × 10^297 | 4181 | 78 | ½^160.0000000000005 |
| iv_504 | 2.9519152537242287 × 10^297 | 3947 | 78 | ½^160.0000000000003 |
| iv_505 | 4.6922713801114776 × 10^297 | 3937 | 79 | ½^160.00000000000063 |
| iv_507 | 1.0807711617111281 × 10^298 | 4192 | 76 | ½^160.00000000000065 |
| iv_506 | 1.807977659742654 × 10^298 | 4237 | 72 | ½^160.00000000000068 |
| iv_509 | 2.1564154962270522 × 10^298 | 4246 | 80 | ½^160.00000000000082 |
| iv_510 | 2.2737009610359433 × 10^298 | 4265 | 74 | ½^160.00000000000082 |

### Input Bits Sorted by Occurrences

| Input Bit | Complexity | Occurrences | Output Occurrences | Collision Probability |
|:---------:|:----------:|:-----------:|:------------------:|:---------------------:|
| iv_505 | 4.6922713801114776 × 10^297 | 3937 | 79 | ½^160.00000000000063 |
| iv_504 | 2.9519152537242287 × 10^297 | 3947 | 78 | ½^160.0000000000003 |
| iv_503 | 1.7759802480460824 × 10^297 | 4181 | 78 | ½^160.0000000000005 |
| iv_507 | 1.0807711617111281 × 10^298 | 4192 | 76 | ½^160.00000000000065 |
| iv_506 | 1.807977659742654 × 10^298 | 4237 | 72 | ½^160.00000000000068 |
| iv_509 | 2.1564154962270522 × 10^298 | 4246 | 80 | ½^160.00000000000082 |
| iv_510 | 2.2737009610359433 × 10^298 | 4265 | 74 | ½^160.00000000000082 |
| iv_502 | 1.0168016981462334 × 10^297 | 4326 | 72 | ½^160.00000000000057 |

### Input Bits Sorted by Output Occurrences

| Input Bit | Complexity | Occurrences | Output Occurrences | Collision Probability |
|:---------:|:----------:|:-----------:|:------------------:|:---------------------:|
| iv_502 | 1.0168016981462334 × 10^297 | 4326 | 72 | ½^160.00000000000057 |
| iv_506 | 1.807977659742654 × 10^298 | 4237 | 72 | ½^160.00000000000068 |
| iv_510 | 2.2737009610359433 × 10^298 | 4265 | 74 | ½^160.00000000000082 |
| iv_507 | 1.0807711617111281 × 10^298 | 4192 | 76 | ½^160.00000000000065 |
| iv_503 | 1.7759802480460824 × 10^297 | 4181 | 78 | ½^160.0000000000005 |
| iv_504 | 2.9519152537242287 × 10^297 | 3947 | 78 | ½^160.0000000000003 |
| iv_505 | 4.6922713801114776 × 10^297 | 3937 | 79 | ½^160.00000000000063 |
| iv_509 | 2.1564154962270522 × 10^298 | 4246 | 80 | ½^160.00000000000082 |

### Input Bits Sorted by Collision Probability

| Input Bit | Complexity | Occurrences | Output Occurrences | Collision Probability |
|:---------:|:----------:|:-----------:|:------------------:|:---------------------:|
| iv_504 | 2.9519152537242287 × 10^297 | 3947 | 78 | ½^160.0000000000003 |
| iv_503 | 1.7759802480460824 × 10^297 | 4181 | 78 | ½^160.0000000000005 |
| iv_502 | 1.0168016981462334 × 10^297 | 4326 | 72 | ½^160.00000000000057 |
| iv_505 | 4.6922713801114776 × 10^297 | 3937 | 79 | ½^160.00000000000063 |
| iv_507 | 1.0807711617111281 × 10^298 | 4192 | 76 | ½^160.00000000000065 |
| iv_506 | 1.807977659742654 × 10^298 | 4237 | 72 | ½^160.00000000000068 |
| iv_509 | 2.1564154962270522 × 10^298 | 4246 | 80 | ½^160.00000000000082 |
| iv_510 | 2.2737009610359433 × 10^298 | 4265 | 74 | ½^160.00000000000082 |

## Input Bit/Output Bit Collision Probabilities

| Input Bit | Output Bit | Collision Probability |
|:---------:|:----------:|:---------------------:|
| iv_507 | ov_145 | 0.5000000000000042 |
| iv_504 | ov_138 | 0.500000000000004 |
| iv_504 | ov_052 | 0.5000000000000027 |
| iv_503 | ov_103 | 0.5000000000000021 |
| iv_503 | ov_049 | 0.500000000000002 |
| iv_503 | ov_140 | 0.500000000000002 |
| iv_507 | ov_077 | 0.500000000000002 |
| iv_503 | ov_012 | 0.5000000000000019 |

## Input Bit Co-occurrences

### Input Bit Co-occurrences Sorted by Co-occurrences

| Input Bits | Co-occurrences | Potential Occurrences | Output Co-occurrences | Potential Output Occurrences |
|:----------:|:--------------:|:---------------------:|:---------------------:|:----------------------------:|
| iv_509-iv_510 | 2119 | 4273 | 37 | 80 |
| iv_506-iv_509 | 2069 | 4345 | 38 | 76 |
| iv_502-iv_510 | 2059 | 4473 | 35 | 76 |
| iv_506-iv_510 | 2048 | 4406 | 31 | 84 |
| iv_507-iv_509 | 2024 | 4390 | 38 | 80 |
| iv_502-iv_507 | 2023 | 4472 | 37 | 74 |
| iv_502-iv_509 | 2014 | 4544 | 32 | 88 |
| iv_503-iv_509 | 2009 | 4409 | 38 | 82 |

### Input Bit Co-occurrences Sorted by Potential Occurrences

| Input Bits | Co-occurrences | Potential Occurrences | Output Co-occurrences | Potential Output Occurrences |
|:----------:|:--------------:|:---------------------:|:---------------------:|:----------------------------:|
| iv_504-iv_505 | 1830 | 4224 | 41 | 75 |
| iv_505-iv_510 | 1975 | 4252 | 40 | 73 |
| iv_509-iv_510 | 2119 | 4273 | 37 | 80 |
| iv_503-iv_505 | 1914 | 4290 | 42 | 73 |
| iv_504-iv_509 | 1942 | 4309 | 41 | 76 |
| iv_506-iv_509 | 2069 | 4345 | 38 | 76 |
| iv_504-iv_510 | 1932 | 4348 | 34 | 84 |
| iv_503-iv_507 | 2002 | 4369 | 37 | 80 |

### Input Bit Output Co-occurrences Sorted by Output Co-occurrences

| Input Bits | Co-occurrences | Potential Occurrences | Output Co-occurrences | Potential Output Occurrences |
|:----------:|:--------------:|:---------------------:|:---------------------:|:----------------------------:|
| iv_503-iv_505 | 1914 | 4290 | 42 | 73 |
| iv_504-iv_505 | 1830 | 4224 | 41 | 75 |
| iv_504-iv_509 | 1942 | 4309 | 41 | 76 |
| iv_505-iv_510 | 1975 | 4252 | 40 | 73 |
| iv_502-iv_504 | 1919 | 4435 | 38 | 74 |
| iv_503-iv_509 | 2009 | 4409 | 38 | 82 |
| iv_505-iv_509 | 1894 | 4395 | 38 | 83 |
| iv_506-iv_509 | 2069 | 4345 | 38 | 76 |

### Input Bit Output Co-occurrences Sorted by Potential Output Occurrences

| Input Bits | Co-occurrences | Potential Occurrences | Output Co-occurrences | Potential Output Occurrences |
|:----------:|:--------------:|:---------------------:|:---------------------:|:----------------------------:|
| iv_503-iv_505 | 1914 | 4290 | 42 | 73 |
| iv_505-iv_510 | 1975 | 4252 | 40 | 73 |
| iv_502-iv_504 | 1919 | 4435 | 38 | 74 |
| iv_502-iv_507 | 2023 | 4472 | 37 | 74 |
| iv_504-iv_505 | 1830 | 4224 | 41 | 75 |
| iv_502-iv_506 | 1935 | 4693 | 34 | 76 |
| iv_504-iv_506 | 1870 | 4444 | 37 | 76 |
| iv_504-iv_509 | 1942 | 4309 | 41 | 76 |

## Output Bits

### Output Bits in Regular Order

| Rank | Output Bit | Complexity |
|:----:|:----------:|:----------:|
| 1 | ov_001 | 1.329254644940057 × 10^298 |
| 2 | ov_002 | 1.1556917343865808 × 10^298 |
| 3 | ov_003 | 9.989496697773443 × 10^297 |
| 4 | ov_004 | 8.583304113531975 × 10^297 |
| 5 | ov_005 | 7.331739742077314 × 10^297 |
| 6 | ov_006 | 6.222638783932173 × 10^297 |
| 7 | ov_007 | 5.2444736551224217 × 10^297 |
| 8 | ov_008 | 4.386315327309379 × 10^297 |
| 9 | ov_009 | 3.637800042415752 × 10^297 |
| 10 | ov_010 | 2.989100869899046 × 10^297 |
| 11 | ov_011 | 2.4309037264040732 × 10^297 |
| 12 | ov_012 | 1.9543875395958047 × 10^297 |
| 13 | ov_013 | 1.5512082245116175 × 10^297 |
| 14 | ov_014 | 1.2134860655074509 × 10^297 |
| 15 | ov_015 | 9.337960280023919 × 10^296 |
| 16 | ov_016 | 7.0516052550267765 × 10^296 |
| 17 | ov_017 | 5.210442025674566 × 10^296 |
| 18 | ov_018 | 3.753503294471465 × 10^296 |
| 19 | ov_019 | 2.624184391260133 × 10^296 |
| 20 | ov_020 | 1.7702287246264498 × 10^296 |
| 21 | ov_021 | 1.1437193206205437 × 10^296 |
| 22 | ov_022 | 7.010739260281643 × 10^295 |
| 23 | ov_023 | 4.0304194548244523 × 10^295 |
| 24 | ov_024 | 2.147023860513127 × 10^295 |
| 25 | ov_025 | 1.0546251309129021 × 10^295 |
| 26 | ov_026 | 4.90570442647483 × 10^294 |
| 27 | ov_027 | 2.3547717312082865 × 10^294 |
| 28 | ov_028 | 1.1323089683582602 × 10^294 |
| 29 | ov_029 | 4.659130520835749 × 10^293 |
| 30 | ov_030 | 1.5394318247707479 × 10^293 |
| 31 | ov_031 | 3.722130917533241 × 10^292 |
| 32 | lv_80_m31 | 8.996860957548393 × 10^291 |
| 33 | ov_033 | 1.0726185832529678 × 10^293 |
| 34 | ov_034 | 9.256688717628764 × 10^292 |
| 35 | ov_035 | 7.949417125542807 × 10^292 |
| 36 | ov_036 | 6.790709521971051 × 10^292 |
| 37 | ov_037 | 5.767636891949977 × 10^292 |
| 38 | ov_038 | 4.867950796110426 × 10^292 |
| 39 | ov_039 | 4.0800385758674826 × 10^292 |
| 40 | ov_040 | 3.39288500845742 × 10^292 |
| 41 | ov_041 | 2.7960397554192574 × 10^292 |
| 42 | ov_042 | 2.279589988579081 × 10^292 |
| 43 | ov_043 | 1.8341376160984707 × 10^292 |
| 44 | ov_044 | 1.4507805679417 × 10^292 |
| 45 | ov_045 | 1.1251897126059645 × 10^292 |
| 46 | ov_046 | 8.532729729160211 × 10^291 |
| 47 | ov_047 | 6.311700010871102 × 10^291 |
| 48 | ov_048 | 4.5524807052483315 × 10^291 |
| 49 | ov_049 | 3.1891308690585604 × 10^291 |
| 50 | ov_050 | 2.1601396818800463 × 10^291 |
| 51 | ov_051 | 1.4084003819319262 × 10^291 |
| 52 | ov_052 | 8.811934205746029 × 10^290 |
| 53 | ov_053 | 5.301762952868976 × 10^290 |
| 54 | ov_054 | 3.113778166124753 × 10^290 |
| 55 | ov_055 | 1.8519494430806252 × 10^290 |
| 56 | ov_056 | 1.1639092576867273 × 10^290 |
| 57 | ov_057 | 7.409412756015074 × 10^289 |
| 58 | ov_058 | 4.395990011192489 × 10^289 |
| 59 | ov_059 | 2.380629145435459 × 10^289 |
| 60 | ov_060 | 1.1451401984456628 × 10^289 |
| 61 | ov_061 | 4.7133489753033444 × 10^288 |
| 62 | ov_062 | 1.5576763184797656 × 10^288 |
| 63 | ov_063 | 3.766929742571538 × 10^287 |
| 64 | lv_79_m31 | 9.106399547635038 × 10^286 |
| 65 | ov_065 | 1.0731019079373441 × 10^288 |
| 66 | ov_066 | 1.0730992903398126 × 10^288 |
| 67 | ov_067 | 1.073098441964212 × 10^288 |
| 68 | ov_068 | 9.256762009214842 × 10^287 |
| 69 | ov_069 | 7.937564987339057 × 10^287 |
| 70 | ov_070 | 6.766620675020949 × 10^287 |
| 71 | ov_071 | 5.731610799926928 × 10^287 |
| 72 | ov_072 | 4.820970844051784 × 10^287 |
| 73 | ov_073 | 4.023840102943304 × 10^287 |
| 74 | ov_074 | 3.3300163157897585 × 10^287 |
| 75 | ov_075 | 2.7299146242934497 × 10^287 |
| 76 | ov_076 | 2.214530625832494 × 10^287 |
| 77 | ov_077 | 1.7754072924634113 × 10^287 |
| 78 | ov_078 | 1.4046055320537074 × 10^287 |
| 79 | ov_079 | 1.0946781714565033 × 10^287 |
| 80 | ov_080 | 8.3864714433342 × 10^286 |
| 81 | ov_081 | 6.299836681677884 × 10^286 |
| 82 | ov_082 | 4.625911963434119 × 10^286 |
| 83 | ov_083 | 3.307909320354881 × 10^286 |
| 84 | ov_084 | 2.293096911961683 × 10^286 |
| 85 | ov_085 | 1.5326990222809095 × 10^286 |
| 86 | ov_086 | 9.818153011504317 × 10^285 |
| 87 | ov_087 | 5.993571288191757 × 10^285 |
| 88 | ov_088 | 3.479989832007074 × 10^285 |
| 89 | ov_089 | 1.9414268954135055 × 10^285 |
| 90 | ov_090 | 1.0789243250107274 × 10^285 |
| 91 | ov_091 | 6.303841078021574 × 10^284 |
| 92 | ov_092 | 3.704703237843338 × 10^284 |
| 93 | ov_093 | 1.9569671691990052 × 10^284 |
| 94 | ov_094 | 8.772428029002515 × 10^283 |
| 95 | aaa_78_28 | 2.8216255233447194 × 10^283 |
| 96 | aaa_78_29 | 1.0691811881762467 × 10^283 |
| 97 | ov_097 | 1.164918227606912 × 10^283 |
| 98 | ov_098 | 1.164883389027821 × 10^283 |
| 99 | ov_099 | 1.1648722714903643 × 10^283 |
| 100 | ov_100 | 1.0485177095040343 × 10^283 |
| 101 | ov_101 | 9.407064549412767 × 10^282 |
| 102 | ov_102 | 8.409737931626208 × 10^282 |
| 103 | ov_103 | 7.48889160434822 × 10^282 |
| 104 | ov_104 | 6.640516002629882 × 10^282 |
| 105 | ov_105 | 5.860856400444238 × 10^282 |
| 106 | ov_106 | 5.1463756566330927 × 10^282 |
| 107 | ov_107 | 4.4937207256045536 × 10^282 |
| 108 | ov_108 | 3.899692725672412 × 10^282 |
| 109 | ov_109 | 3.3612203640561713 × 10^282 |
| 110 | ov_110 | 2.875336522439798 × 10^282 |
| 111 | ov_111 | 2.4391578107825802 × 10^282 |
| 112 | ov_112 | 2.0498668999464346 × 10^282 |
| 113 | ov_113 | 1.7046974458176253 × 10^282 |
| 114 | ov_114 | 1.4009214191056413 × 10^282 |
| 115 | ov_115 | 1.1358386560238162 × 10^282 |
| 116 | ov_116 | 9.067684457088113 × 10^281 |
| 117 | ov_117 | 7.110429706288969 × 10^281 |
| 118 | ov_118 | 5.460024164560158 × 10^281 |
| 119 | ov_119 | 4.089915679926545 × 10^281 |
| 120 | ov_120 | 2.9735770780330163 × 10^281 |
| 121 | ov_121 | 2.0844952868095378 × 10^281 |
| 122 | ov_122 | 1.3961660581148644 × 10^281 |
| 123 | ov_123 | 8.82090661490296 × 10^280 |
| 124 | ov_124 | 5.157734794454093 × 10^280 |
| 125 | ov_125 | 2.707204305195426 × 10^280 |
| 126 | ov_126 | 1.2043806292650812 × 10^280 |
| 127 | aaa_77_28 | 3.8433125942196326 × 10^279 |
| 128 | aaa_77_29 | 1.4394283396343655 × 10^279 |
| 129 | ov_129 | 1.311550753963469 × 10^279 |
| 130 | ov_130 | 1.311547630165121 × 10^279 |
| 131 | ov_131 | 1.3115466272918206 × 10^279 |
| 132 | ov_132 | 1.1327886461962515 × 10^279 |
| 133 | ov_133 | 9.730405071503711 × 10^278 |
| 134 | ov_134 | 8.308396238656293 × 10^278 |
| 135 | ov_135 | 7.048045821201227 × 10^278 |
| 136 | ov_136 | 5.93629207542646 × 10^278 |
| 137 | ov_137 | 4.9607739918168734 × 10^278 |
| 138 | ov_138 | 4.109786727331205 × 10^278 |
| 139 | ov_139 | 3.3722434688574684 × 10^278 |
| 140 | ov_140 | 2.737643053345596 × 10^278 |
| 141 | ov_141 | 2.1960427068928803 × 10^278 |
| 142 | ov_142 | 1.7380353010211847 × 10^278 |
| 143 | ov_143 | 1.3547305907838101 × 10^278 |
| 144 | ov_144 | 1.0377399963364579 × 10^278 |
| 145 | ov_145 | 7.791645241732961 × 10^277 |
| 146 | ov_146 | 5.715853964695228 × 10^277 |
| 147 | ov_147 | 4.080569601226455 × 10^277 |
| 148 | ov_148 | 2.8210148120135993 × 10^277 |
| 149 | ov_149 | 1.8770546457639086 × 10^277 |
| 150 | ov_150 | 1.1931717254282868 × 10^277 |
| 151 | ov_151 | 7.184505025985814 × 10^276 |
| 152 | ov_152 | 4.0656799837991534 × 10^276 |
| 153 | ov_153 | 2.1578878900537615 × 10^276 |
| 154 | ov_154 | 1.0896241075713078 × 10^276 |
| 155 | ov_155 | 5.352195597112054 × 10^275 |
| 156 | aaa_76_25 | 2.148330710216651 × 10^275 |
| 157 | aaa_76_26 | 1.3219001561795271 × 10^275 |
| 158 | aaa_76_27 | 7.2457195787724955 × 10^274 |
| 159 | aaa_76_28 | 3.413292517455631 × 10^274 |
| 160 | aaa_76_29 | 1.2846837519569767 × 10^274 |

### Output Bits Sorted by Complexity

| Rank | Output Bit | Complexity |
|:----:|:----------:|:----------:|
| 160 | aaa_76_29 | 1.2846837519569767 × 10^274 |
| 159 | aaa_76_28 | 3.413292517455631 × 10^274 |
| 158 | aaa_76_27 | 7.2457195787724955 × 10^274 |
| 157 | aaa_76_26 | 1.3219001561795271 × 10^275 |
| 156 | aaa_76_25 | 2.148330710216651 × 10^275 |
| 155 | ov_155 | 5.352195597112054 × 10^275 |
| 154 | ov_154 | 1.0896241075713078 × 10^276 |
| 153 | ov_153 | 2.1578878900537615 × 10^276 |
| 152 | ov_152 | 4.0656799837991534 × 10^276 |
| 151 | ov_151 | 7.184505025985814 × 10^276 |
| 150 | ov_150 | 1.1931717254282868 × 10^277 |
| 149 | ov_149 | 1.8770546457639086 × 10^277 |
| 148 | ov_148 | 2.8210148120135993 × 10^277 |
| 147 | ov_147 | 4.080569601226455 × 10^277 |
| 146 | ov_146 | 5.715853964695228 × 10^277 |
| 145 | ov_145 | 7.791645241732961 × 10^277 |
| 144 | ov_144 | 1.0377399963364579 × 10^278 |
| 143 | ov_143 | 1.3547305907838101 × 10^278 |
| 142 | ov_142 | 1.7380353010211847 × 10^278 |
| 141 | ov_141 | 2.1960427068928803 × 10^278 |
| 140 | ov_140 | 2.737643053345596 × 10^278 |
| 139 | ov_139 | 3.3722434688574684 × 10^278 |
| 138 | ov_138 | 4.109786727331205 × 10^278 |
| 137 | ov_137 | 4.9607739918168734 × 10^278 |
| 136 | ov_136 | 5.93629207542646 × 10^278 |
| 135 | ov_135 | 7.048045821201227 × 10^278 |
| 134 | ov_134 | 8.308396238656293 × 10^278 |
| 133 | ov_133 | 9.730405071503711 × 10^278 |
| 132 | ov_132 | 1.1327886461962515 × 10^279 |
| 131 | ov_131 | 1.3115466272918206 × 10^279 |
| 130 | ov_130 | 1.311547630165121 × 10^279 |
| 129 | ov_129 | 1.311550753963469 × 10^279 |
| 128 | aaa_77_29 | 1.4394283396343655 × 10^279 |
| 127 | aaa_77_28 | 3.8433125942196326 × 10^279 |
| 126 | ov_126 | 1.2043806292650812 × 10^280 |
| 125 | ov_125 | 2.707204305195426 × 10^280 |
| 124 | ov_124 | 5.157734794454093 × 10^280 |
| 123 | ov_123 | 8.82090661490296 × 10^280 |
| 122 | ov_122 | 1.3961660581148644 × 10^281 |
| 121 | ov_121 | 2.0844952868095378 × 10^281 |
| 120 | ov_120 | 2.9735770780330163 × 10^281 |
| 119 | ov_119 | 4.089915679926545 × 10^281 |
| 118 | ov_118 | 5.460024164560158 × 10^281 |
| 117 | ov_117 | 7.110429706288969 × 10^281 |
| 116 | ov_116 | 9.067684457088113 × 10^281 |
| 115 | ov_115 | 1.1358386560238162 × 10^282 |
| 114 | ov_114 | 1.4009214191056413 × 10^282 |
| 113 | ov_113 | 1.7046974458176253 × 10^282 |
| 112 | ov_112 | 2.0498668999464346 × 10^282 |
| 111 | ov_111 | 2.4391578107825802 × 10^282 |
| 110 | ov_110 | 2.875336522439798 × 10^282 |
| 109 | ov_109 | 3.3612203640561713 × 10^282 |
| 108 | ov_108 | 3.899692725672412 × 10^282 |
| 107 | ov_107 | 4.4937207256045536 × 10^282 |
| 106 | ov_106 | 5.1463756566330927 × 10^282 |
| 105 | ov_105 | 5.860856400444238 × 10^282 |
| 104 | ov_104 | 6.640516002629882 × 10^282 |
| 103 | ov_103 | 7.48889160434822 × 10^282 |
| 102 | ov_102 | 8.409737931626208 × 10^282 |
| 101 | ov_101 | 9.407064549412767 × 10^282 |
| 100 | ov_100 | 1.0485177095040343 × 10^283 |
| 96 | aaa_78_29 | 1.0691811881762467 × 10^283 |
| 99 | ov_099 | 1.1648722714903643 × 10^283 |
| 98 | ov_098 | 1.164883389027821 × 10^283 |
| 97 | ov_097 | 1.164918227606912 × 10^283 |
| 95 | aaa_78_28 | 2.8216255233447194 × 10^283 |
| 94 | ov_094 | 8.772428029002515 × 10^283 |
| 93 | ov_093 | 1.9569671691990052 × 10^284 |
| 92 | ov_092 | 3.704703237843338 × 10^284 |
| 91 | ov_091 | 6.303841078021574 × 10^284 |
| 90 | ov_090 | 1.0789243250107274 × 10^285 |
| 89 | ov_089 | 1.9414268954135055 × 10^285 |
| 88 | ov_088 | 3.479989832007074 × 10^285 |
| 87 | ov_087 | 5.993571288191757 × 10^285 |
| 86 | ov_086 | 9.818153011504317 × 10^285 |
| 85 | ov_085 | 1.5326990222809095 × 10^286 |
| 84 | ov_084 | 2.293096911961683 × 10^286 |
| 83 | ov_083 | 3.307909320354881 × 10^286 |
| 82 | ov_082 | 4.625911963434119 × 10^286 |
| 81 | ov_081 | 6.299836681677884 × 10^286 |
| 80 | ov_080 | 8.3864714433342 × 10^286 |
| 64 | lv_79_m31 | 9.106399547635038 × 10^286 |
| 79 | ov_079 | 1.0946781714565033 × 10^287 |
| 78 | ov_078 | 1.4046055320537074 × 10^287 |
| 77 | ov_077 | 1.7754072924634113 × 10^287 |
| 76 | ov_076 | 2.214530625832494 × 10^287 |
| 75 | ov_075 | 2.7299146242934497 × 10^287 |
| 74 | ov_074 | 3.3300163157897585 × 10^287 |
| 63 | ov_063 | 3.766929742571538 × 10^287 |
| 73 | ov_073 | 4.023840102943304 × 10^287 |
| 72 | ov_072 | 4.820970844051784 × 10^287 |
| 71 | ov_071 | 5.731610799926928 × 10^287 |
| 70 | ov_070 | 6.766620675020949 × 10^287 |
| 69 | ov_069 | 7.937564987339057 × 10^287 |
| 68 | ov_068 | 9.256762009214842 × 10^287 |
| 67 | ov_067 | 1.073098441964212 × 10^288 |
| 66 | ov_066 | 1.0730992903398126 × 10^288 |
| 65 | ov_065 | 1.0731019079373441 × 10^288 |
| 62 | ov_062 | 1.5576763184797656 × 10^288 |
| 61 | ov_061 | 4.7133489753033444 × 10^288 |
| 60 | ov_060 | 1.1451401984456628 × 10^289 |
| 59 | ov_059 | 2.380629145435459 × 10^289 |
| 58 | ov_058 | 4.395990011192489 × 10^289 |
| 57 | ov_057 | 7.409412756015074 × 10^289 |
| 56 | ov_056 | 1.1639092576867273 × 10^290 |
| 55 | ov_055 | 1.8519494430806252 × 10^290 |
| 54 | ov_054 | 3.113778166124753 × 10^290 |
| 53 | ov_053 | 5.301762952868976 × 10^290 |
| 52 | ov_052 | 8.811934205746029 × 10^290 |
| 51 | ov_051 | 1.4084003819319262 × 10^291 |
| 50 | ov_050 | 2.1601396818800463 × 10^291 |
| 49 | ov_049 | 3.1891308690585604 × 10^291 |
| 48 | ov_048 | 4.5524807052483315 × 10^291 |
| 47 | ov_047 | 6.311700010871102 × 10^291 |
| 46 | ov_046 | 8.532729729160211 × 10^291 |
| 32 | lv_80_m31 | 8.996860957548393 × 10^291 |
| 45 | ov_045 | 1.1251897126059645 × 10^292 |
| 44 | ov_044 | 1.4507805679417 × 10^292 |
| 43 | ov_043 | 1.8341376160984707 × 10^292 |
| 42 | ov_042 | 2.279589988579081 × 10^292 |
| 41 | ov_041 | 2.7960397554192574 × 10^292 |
| 40 | ov_040 | 3.39288500845742 × 10^292 |
| 31 | ov_031 | 3.722130917533241 × 10^292 |
| 39 | ov_039 | 4.0800385758674826 × 10^292 |
| 38 | ov_038 | 4.867950796110426 × 10^292 |
| 37 | ov_037 | 5.767636891949977 × 10^292 |
| 36 | ov_036 | 6.790709521971051 × 10^292 |
| 35 | ov_035 | 7.949417125542807 × 10^292 |
| 34 | ov_034 | 9.256688717628764 × 10^292 |
| 33 | ov_033 | 1.0726185832529678 × 10^293 |
| 30 | ov_030 | 1.5394318247707479 × 10^293 |
| 29 | ov_029 | 4.659130520835749 × 10^293 |
| 28 | ov_028 | 1.1323089683582602 × 10^294 |
| 27 | ov_027 | 2.3547717312082865 × 10^294 |
| 26 | ov_026 | 4.90570442647483 × 10^294 |
| 25 | ov_025 | 1.0546251309129021 × 10^295 |
| 24 | ov_024 | 2.147023860513127 × 10^295 |
| 23 | ov_023 | 4.0304194548244523 × 10^295 |
| 22 | ov_022 | 7.010739260281643 × 10^295 |
| 21 | ov_021 | 1.1437193206205437 × 10^296 |
| 20 | ov_020 | 1.7702287246264498 × 10^296 |
| 19 | ov_019 | 2.624184391260133 × 10^296 |
| 18 | ov_018 | 3.753503294471465 × 10^296 |
| 17 | ov_017 | 5.210442025674566 × 10^296 |
| 16 | ov_016 | 7.0516052550267765 × 10^296 |
| 15 | ov_015 | 9.337960280023919 × 10^296 |
| 14 | ov_014 | 1.2134860655074509 × 10^297 |
| 13 | ov_013 | 1.5512082245116175 × 10^297 |
| 12 | ov_012 | 1.9543875395958047 × 10^297 |
| 11 | ov_011 | 2.4309037264040732 × 10^297 |
| 10 | ov_010 | 2.989100869899046 × 10^297 |
| 9 | ov_009 | 3.637800042415752 × 10^297 |
| 8 | ov_008 | 4.386315327309379 × 10^297 |
| 7 | ov_007 | 5.2444736551224217 × 10^297 |
| 6 | ov_006 | 6.222638783932173 × 10^297 |
| 5 | ov_005 | 7.331739742077314 × 10^297 |
| 4 | ov_004 | 8.583304113531975 × 10^297 |
| 3 | ov_003 | 9.989496697773443 × 10^297 |
| 2 | ov_002 | 1.1556917343865808 × 10^298 |
| 1 | ov_001 | 1.329254644940057 × 10^298 |

