# Results for T001-T002-F003-F004-F005-T006-T007-F008-T009-F010-F011-T012-F013-F014-F015-T016-F017-F018-F019-F020-T021-F022-F023-T024-F025-T026-F027-T028-T029-F030-F031-F032-F033-F034-T035-F036-T037-T038-F039-F040-T041-T042-T043-F044-F045-F046-F047-F048-F049-F050-F051-F052-F053-F054-F055-F056-T057-F058-T059-F060-F061-T062-T063-T064-F065-T066-T067-T068-T069-T070-F071-T072-T073-T074-T075-T076-T077-T078-F079-F080-F081-F082-F083-F084-F085-F086-F087-T088-T089-F090-T091-F092-F093-F094-F095-T096-T097-F098-T099-F100-T101-F102-F103-T104-T105-T106-T107-F108-T109-T110-T111-T112-T113-T114-T115-T116-F117-T118-F119-T120-T121-F122-F123-F124-F125-T126-F127-F128-F129-T130-F131-F132-T133-F134-T135-T136-F137-F138-T139-T140-F141-T142-F143-T144-T145-T146-F147-F148-T149-T150-T151-F152-T153-T154-F155-F156-F157-T158-F159-T160-F161-F162-F163-T164-F165-T166-T167-F168-T169-F170-T171-T172-F173-F174-T175-F176-T177-T178-T179-T180-T181-F182-T183-T184-T185-F186-T187-F188-F189-T190-F191-T192-T193-F194-F195-F196-T197-F198-F199-T200-F201-T202-F203-F204-F205-F206-T207-F208-F209-F210-F211-T212-F213-T214-T215-T216-F217-T218-T219-F220-F221-F222-F223-F224-T225-F226-T227-T228-T229-T230-F231-F232-F233-F234-F235-T236-T237-T238-T239-T240-F241-T242-F243-F244-T245-T246-T247-T248-F249-T250-F251-T252-F253-T254-F255-F256-T257-F258-F259-F260-T261-F262-F263-T264-F265-F266-F267-T268-T269-F270-T271-F272-T273-F274-F275-F276-T277-F278-F279-T280-F281-F282-F283-T284-F285-T286-T287-F288-T289-T290-T291-F292-F293-T294-T295-F296-T297-F298-T299-T300-T301-T302-T303-F304-F305-F306-F307-F308-T309-T310-F311-T312-F313-T314-T315-F316-T317-F318-T319-F320-F321-F322-T323-F324-F325-F326-F327-F328-F329-T330-F331-F332-T333-T334-T335-F336-F337-T338-F339-T340-F341-F342-T343-T344-F345-T346-F347-T348-F349-F350-T351-T352-F353-T354-F355-F356-T357-F358-F359-F360-F361-T362-T363-T364-T365-T366-T367-F368-F369-T370-F371-F372-T373-F374-T375-T376-F377-T378-F379-F380-T381-F382-F383-F384-T385-F386-T387-F388-T389-F390-F391-F392-F393-T394-F395-T396-T397-T398-T399-T400-T401-T402-T403-F404-T405-F406-F407-F408-F409-F410-F411-T412-T413-F414-T415-F416-T417-T418-T419-T420-F421-F422-T423-F424-F425-T426-F427-F428-T429-F430-F431-T432-F433-T434-T435-T436-F437-F438-F439-F440-F441-T442-T443-T444-F445-F446-F447-F448-F449-F450-T451-F452-T453-T454-F456-T458-T459-F460-F461-F463-F464-F465-T466-F467-T468-F469-F470-F471-F472-T474-T475-T476-F477-F478-F479-F480

## Summary

Number of input bits: 512  
Number of free input bits: 36  
Number of output bits: 160

Number of assignments: 19801  
Number of operations: 48133
(xor: 20595,
and: 14118,
or: 13420)

Total complexity: 1.62161 × 10^327

Least complex input bit: iv_481 (1.16903 × 10^324)  
Most complex input bit: iv_473 (1.09087 × 10^326)

Least complex output bit: aaa_76_29 (1.38346 × 10^301)  
Most complex output bit: ov_001 (2.51134 × 10^326)

Least complex input/output complexity: iv_481/aaa_76_29 (9.97358 × 10^297)  
Most complex input/output complexity: iv_473/ov_001 (1.68941 × 10^325)

## Input Bits

| Input Bit | Complexity | Occurrences |
|:---------:|:----------:|:-----------:|
| iv_455 | 8.33515 × 10^324 | 28 |
| iv_457 | 3.08107 × 10^325 | 41 |
| iv_462 | 8.09970 × 10^325 | 41 |
| iv_473 | 1.09087 × 10^326 | 43 |
| iv_481 | 1.16903 × 10^324 | 49 |
| iv_482 | 4.81373 × 10^324 | 48 |
| iv_483 | 6.26921 × 10^324 | 49 |
| iv_484 | 1.53237 × 10^325 | 50 |
| iv_485 | 1.18525 × 10^325 | 45 |
| iv_486 | 1.46505 × 10^325 | 49 |
| iv_487 | 1.74490 × 10^325 | 45 |
| iv_488 | 3.76976 × 10^325 | 51 |
| iv_489 | 4.32994 × 10^325 | 53 |
| iv_490 | 2.58581 × 10^325 | 34 |
| iv_491 | 2.86798 × 10^325 | 34 |
| iv_492 | 3.15163 × 10^325 | 30 |
| iv_493 | 3.43756 × 10^325 | 34 |
| iv_494 | 3.72679 × 10^325 | 52 |
| iv_495 | 4.02063 × 10^325 | 52 |
| iv_496 | 4.32071 × 10^325 | 52 |
| iv_497 | 4.62900 × 10^325 | 34 |
| iv_498 | 4.94785 × 10^325 | 34 |
| iv_499 | 5.28002 × 10^325 | 52 |
| iv_500 | 1.09087 × 10^326 | 53 |
| iv_501 | 5.99774 × 10^325 | 52 |
| iv_502 | 6.39122 × 10^325 | 52 |
| iv_503 | 6.81398 × 10^325 | 48 |
| iv_504 | 7.27143 × 10^325 | 52 |
| iv_505 | 7.76958 × 10^325 | 52 |
| iv_506 | 8.31514 × 10^325 | 52 |
| iv_507 | 8.91553 × 10^325 | 52 |
| iv_508 | 9.57892 × 10^325 | 34 |
| iv_509 | 1.03142 × 10^326 | 36 |
| iv_510 | 8.17169 × 10^324 | 52 |
| iv_511 | 9.09698 × 10^324 | 52 |
| iv_512 | 1.01391 × 10^325 | 61 |

## Input Bits Sorted by Complexity

| Input Bit | Complexity | Occurrences |
|:---------:|:----------:|:-----------:|
| iv_481 | 1.16903 × 10^324 | 49 |
| iv_482 | 4.81373 × 10^324 | 48 |
| iv_483 | 6.26921 × 10^324 | 49 |
| iv_510 | 8.17169 × 10^324 | 52 |
| iv_455 | 8.33515 × 10^324 | 28 |
| iv_511 | 9.09698 × 10^324 | 52 |
| iv_512 | 1.01391 × 10^325 | 61 |
| iv_485 | 1.18525 × 10^325 | 45 |
| iv_486 | 1.46505 × 10^325 | 49 |
| iv_484 | 1.53237 × 10^325 | 50 |
| iv_487 | 1.74490 × 10^325 | 45 |
| iv_490 | 2.58581 × 10^325 | 34 |
| iv_491 | 2.86798 × 10^325 | 34 |
| iv_457 | 3.08107 × 10^325 | 41 |
| iv_492 | 3.15163 × 10^325 | 30 |
| iv_493 | 3.43756 × 10^325 | 34 |
| iv_494 | 3.72679 × 10^325 | 52 |
| iv_488 | 3.76976 × 10^325 | 51 |
| iv_495 | 4.02063 × 10^325 | 52 |
| iv_496 | 4.32071 × 10^325 | 52 |
| iv_489 | 4.32994 × 10^325 | 53 |
| iv_497 | 4.62900 × 10^325 | 34 |
| iv_498 | 4.94785 × 10^325 | 34 |
| iv_499 | 5.28002 × 10^325 | 52 |
| iv_501 | 5.99774 × 10^325 | 52 |
| iv_502 | 6.39122 × 10^325 | 52 |
| iv_503 | 6.81398 × 10^325 | 48 |
| iv_504 | 7.27143 × 10^325 | 52 |
| iv_505 | 7.76958 × 10^325 | 52 |
| iv_462 | 8.09970 × 10^325 | 41 |
| iv_506 | 8.31514 × 10^325 | 52 |
| iv_507 | 8.91553 × 10^325 | 52 |
| iv_508 | 9.57892 × 10^325 | 34 |
| iv_509 | 1.03142 × 10^326 | 36 |
| iv_500 | 1.09087 × 10^326 | 53 |
| iv_473 | 1.09087 × 10^326 | 43 |

## Input Bits Sorted by Occurrences

| Input Bit | Complexity | Occurrences |
|:---------:|:----------:|:-----------:|
| iv_455 | 8.33515 × 10^324 | 28 |
| iv_492 | 3.15163 × 10^325 | 30 |
| iv_508 | 9.57892 × 10^325 | 34 |
| iv_498 | 4.94785 × 10^325 | 34 |
| iv_493 | 3.43756 × 10^325 | 34 |
| iv_491 | 2.86798 × 10^325 | 34 |
| iv_497 | 4.62900 × 10^325 | 34 |
| iv_490 | 2.58581 × 10^325 | 34 |
| iv_509 | 1.03142 × 10^326 | 36 |
| iv_462 | 8.09970 × 10^325 | 41 |
| iv_457 | 3.08107 × 10^325 | 41 |
| iv_473 | 1.09087 × 10^326 | 43 |
| iv_487 | 1.74490 × 10^325 | 45 |
| iv_485 | 1.18525 × 10^325 | 45 |
| iv_482 | 4.81373 × 10^324 | 48 |
| iv_503 | 6.81398 × 10^325 | 48 |
| iv_481 | 1.16903 × 10^324 | 49 |
| iv_483 | 6.26921 × 10^324 | 49 |
| iv_486 | 1.46505 × 10^325 | 49 |
| iv_484 | 1.53237 × 10^325 | 50 |
| iv_488 | 3.76976 × 10^325 | 51 |
| iv_494 | 3.72679 × 10^325 | 52 |
| iv_495 | 4.02063 × 10^325 | 52 |
| iv_496 | 4.32071 × 10^325 | 52 |
| iv_510 | 8.17169 × 10^324 | 52 |
| iv_499 | 5.28002 × 10^325 | 52 |
| iv_511 | 9.09698 × 10^324 | 52 |
| iv_501 | 5.99774 × 10^325 | 52 |
| iv_502 | 6.39122 × 10^325 | 52 |
| iv_507 | 8.91553 × 10^325 | 52 |
| iv_505 | 7.76958 × 10^325 | 52 |
| iv_506 | 8.31514 × 10^325 | 52 |
| iv_504 | 7.27143 × 10^325 | 52 |
| iv_489 | 4.32994 × 10^325 | 53 |
| iv_500 | 1.09087 × 10^326 | 53 |
| iv_512 | 1.01391 × 10^325 | 61 |

## Output Bits

| Rank | Output Bit | Complexity |
|:----:|:----------:|:----------:|
| 1 | ov_001 | 2.51134 × 10^326 |
| 2 | ov_002 | 2.18774 × 10^326 |
| 3 | ov_003 | 1.89707 × 10^326 |
| 4 | ov_004 | 1.63687 × 10^326 |
| 5 | ov_005 | 1.40479 × 10^326 |
| 6 | ov_006 | 1.19862 × 10^326 |
| 7 | ov_007 | 1.01629 × 10^326 |
| 8 | ov_008 | 8.55799 × 10^325 |
| 9 | ov_009 | 7.15281 × 10^325 |
| 10 | ov_010 | 5.92961 × 10^325 |
| 11 | ov_011 | 4.87163 × 10^325 |
| 12 | ov_012 | 3.96299 × 10^325 |
| 13 | ov_013 | 3.18870 × 10^325 |
| 14 | ov_014 | 2.53463 × 10^325 |
| 15 | ov_015 | 1.98749 × 10^325 |
| 16 | ov_016 | 1.53481 × 10^325 |
| 17 | ov_017 | 1.16490 × 10^325 |
| 18 | ov_018 | 8.66887 × 10^324 |
| 19 | ov_019 | 6.30677 × 10^324 |
| 20 | ov_020 | 4.46958 × 10^324 |
| 21 | ov_021 | 3.07192 × 10^324 |
| 22 | ov_022 | 2.03616 × 10^324 |
| 23 | ov_023 | 1.29237 × 10^324 |
| 24 | ov_024 | 7.78348 × 10^323 |
| 25 | ov_025 | 4.39558 × 10^323 |
| 26 | ov_026 | 2.29181 × 10^323 |
| 27 | ov_027 | 1.08085 × 10^323 |
| 28 | ov_028 | 4.48329 × 10^322 |
| 29 | ov_029 | 1.56762 × 10^322 |
| 30 | ov_030 | 4.30484 × 10^321 |
| 31 | ov_031 | 8.40016 × 10^320 |
| 32 | lv_80_m31 | 1.63883 × 10^320 |
| 33 | ov_033 | 1.99630 × 10^321 |
| 34 | ov_034 | 1.73907 × 10^321 |
| 35 | ov_035 | 1.50801 × 10^321 |
| 36 | ov_036 | 1.30117 × 10^321 |
| 37 | ov_037 | 1.11669 × 10^321 |
| 38 | ov_038 | 9.52811 × 10^320 |
| 39 | ov_039 | 8.07867 × 10^320 |
| 40 | ov_040 | 6.80289 × 10^320 |
| 41 | ov_041 | 5.68589 × 10^320 |
| 42 | ov_042 | 4.71355 × 10^320 |
| 43 | ov_043 | 3.87254 × 10^320 |
| 44 | ov_044 | 3.15025 × 10^320 |
| 45 | ov_045 | 2.53475 × 10^320 |
| 46 | ov_046 | 2.01482 × 10^320 |
| 47 | ov_047 | 1.57989 × 10^320 |
| 48 | ov_048 | 1.22004 × 10^320 |
| 49 | ov_049 | 9.25999 × 10^319 |
| 50 | ov_050 | 6.89103 × 10^319 |
| 51 | ov_051 | 5.01336 × 10^319 |
| 52 | ov_052 | 3.55294 × 10^319 |
| 53 | ov_053 | 2.44192 × 10^319 |
| 54 | ov_054 | 1.61858 × 10^319 |
| 55 | ov_055 | 1.02733 × 10^319 |
| 56 | ov_056 | 6.18722 × 10^318 |
| 57 | ov_057 | 3.49412 × 10^318 |
| 58 | ov_058 | 1.82180 × 10^318 |
| 59 | ov_059 | 8.59193 × 10^317 |
| 60 | ov_060 | 3.56384 × 10^317 |
| 61 | ov_061 | 1.24613 × 10^317 |
| 62 | ov_062 | 3.42199 × 10^316 |
| 63 | ov_063 | 6.67743 × 10^315 |
| 64 | lv_79_m31 | 1.30273 × 10^315 |
| 65 | ov_065 | 1.58687 × 10^316 |
| 66 | ov_066 | 1.58687 × 10^316 |
| 67 | ov_067 | 1.58687 × 10^316 |
| 68 | ov_068 | 1.38239 × 10^316 |
| 69 | ov_069 | 1.19872 × 10^316 |
| 70 | ov_070 | 1.03430 × 10^316 |
| 71 | ov_071 | 8.87652 × 10^315 |
| 72 | ov_072 | 7.57378 × 10^315 |
| 73 | ov_073 | 6.42160 × 10^315 |
| 74 | ov_074 | 5.40746 × 10^315 |
| 75 | ov_075 | 4.51954 × 10^315 |
| 76 | ov_076 | 3.74661 × 10^315 |
| 77 | ov_077 | 3.07808 × 10^315 |
| 78 | ov_078 | 2.50391 × 10^315 |
| 79 | ov_079 | 2.01464 × 10^315 |
| 80 | ov_080 | 1.60134 × 10^315 |
| 81 | ov_081 | 1.25561 × 10^315 |
| 82 | ov_082 | 9.69565 × 10^314 |
| 83 | ov_083 | 7.35820 × 10^314 |
| 84 | ov_084 | 5.47508 × 10^314 |
| 85 | ov_085 | 3.98248 × 10^314 |
| 86 | ov_086 | 2.82157 × 10^314 |
| 87 | ov_087 | 1.93840 × 10^314 |
| 88 | ov_088 | 1.28391 × 10^314 |
| 89 | ov_089 | 8.13924 × 10^313 |
| 90 | ov_090 | 4.89113 × 10^313 |
| 91 | ov_091 | 2.75033 × 10^313 |
| 92 | ov_092 | 1.42098 × 10^313 |
| 93 | ov_093 | 6.55785 × 10^312 |
| 94 | ov_094 | 2.56094 × 10^312 |
| 95 | aaa_78_28 | 7.18552 × 10^311 |
| 96 | aaa_78_29 | 2.18939 × 10^311 |
| 97 | ov_097 | 1.26143 × 10^311 |
| 98 | ov_098 | 1.26143 × 10^311 |
| 99 | ov_099 | 1.26143 × 10^311 |
| 100 | ov_100 | 1.09888 × 10^311 |
| 101 | ov_101 | 9.52885 × 10^310 |
| 102 | ov_102 | 8.22184 × 10^310 |
| 103 | ov_103 | 7.05610 × 10^310 |
| 104 | ov_104 | 6.02053 × 10^310 |
| 105 | ov_105 | 5.10464 × 10^310 |
| 106 | ov_106 | 4.29848 × 10^310 |
| 107 | ov_107 | 3.59266 × 10^310 |
| 108 | ov_108 | 2.97824 × 10^310 |
| 109 | ov_109 | 2.44681 × 10^310 |
| 110 | ov_110 | 1.99040 × 10^310 |
| 111 | ov_111 | 1.60147 × 10^310 |
| 112 | ov_112 | 1.27293 × 10^310 |
| 113 | ov_113 | 9.98110 × 10^309 |
| 114 | ov_114 | 7.70724 × 10^309 |
| 115 | ov_115 | 5.84916 × 10^309 |
| 116 | ov_116 | 4.35223 × 10^309 |
| 117 | ov_117 | 3.16574 × 10^309 |
| 118 | ov_118 | 2.24292 × 10^309 |
| 119 | ov_119 | 1.54087 × 10^309 |
| 120 | ov_120 | 1.02060 × 10^309 |
| 121 | ov_121 | 6.47002 × 10^308 |
| 122 | ov_122 | 3.88804 × 10^308 |
| 123 | ov_123 | 2.18629 × 10^308 |
| 124 | ov_124 | 1.12956 × 10^308 |
| 125 | ov_125 | 5.21295 × 10^307 |
| 126 | ov_126 | 2.03573 × 10^307 |
| 127 | aaa_77_28 | 5.71189 × 10^306 |
| 128 | aaa_77_29 | 1.74039 × 10^306 |
| 129 | ov_129 | 1.00232 × 10^306 |
| 130 | ov_130 | 1.00232 × 10^306 |
| 131 | ov_131 | 1.00232 × 10^306 |
| 132 | ov_132 | 8.73110 × 10^305 |
| 133 | ov_133 | 7.57050 × 10^305 |
| 134 | ov_134 | 6.53153 × 10^305 |
| 135 | ov_135 | 5.60487 × 10^305 |
| 136 | ov_136 | 4.78168 × 10^305 |
| 137 | ov_137 | 4.05362 × 10^305 |
| 138 | ov_138 | 3.41279 × 10^305 |
| 139 | ov_139 | 2.85172 × 10^305 |
| 140 | ov_140 | 2.36331 × 10^305 |
| 141 | ov_141 | 1.94087 × 10^305 |
| 142 | ov_142 | 1.57806 × 10^305 |
| 143 | ov_143 | 1.26889 × 10^305 |
| 144 | ov_144 | 1.00773 × 10^305 |
| 145 | ov_145 | 7.89271 × 10^304 |
| 146 | ov_146 | 6.08517 × 10^304 |
| 147 | ov_147 | 4.60816 × 10^304 |
| 148 | ov_148 | 3.41822 × 10^304 |
| 149 | ov_149 | 2.47506 × 10^304 |
| 150 | ov_150 | 1.74149 × 10^304 |
| 151 | ov_151 | 1.18342 × 10^304 |
| 152 | ov_152 | 7.69860 × 10^303 |
| 153 | ov_153 | 4.72874 × 10^303 |
| 154 | ov_154 | 2.67628 × 10^303 |
| 155 | ov_155 | 1.32353 × 10^303 |
| 156 | aaa_76_25 | 4.83521 × 10^302 |
| 157 | aaa_76_26 | 2.52562 × 10^302 |
| 158 | aaa_76_27 | 1.16419 × 10^302 |
| 159 | aaa_76_28 | 4.54048 × 10^301 |
| 160 | aaa_76_29 | 1.38346 × 10^301 |

## Output Bits Sorted by Complexity

| Rank | Output Bit | Complexity |
|:----:|:----------:|:----------:|
| 160 | aaa_76_29 | 1.38346 × 10^301 |
| 159 | aaa_76_28 | 4.54048 × 10^301 |
| 158 | aaa_76_27 | 1.16419 × 10^302 |
| 157 | aaa_76_26 | 2.52562 × 10^302 |
| 156 | aaa_76_25 | 4.83521 × 10^302 |
| 155 | ov_155 | 1.32353 × 10^303 |
| 154 | ov_154 | 2.67628 × 10^303 |
| 153 | ov_153 | 4.72874 × 10^303 |
| 152 | ov_152 | 7.69860 × 10^303 |
| 151 | ov_151 | 1.18342 × 10^304 |
| 150 | ov_150 | 1.74149 × 10^304 |
| 149 | ov_149 | 2.47506 × 10^304 |
| 148 | ov_148 | 3.41822 × 10^304 |
| 147 | ov_147 | 4.60816 × 10^304 |
| 146 | ov_146 | 6.08517 × 10^304 |
| 145 | ov_145 | 7.89271 × 10^304 |
| 144 | ov_144 | 1.00773 × 10^305 |
| 143 | ov_143 | 1.26889 × 10^305 |
| 142 | ov_142 | 1.57806 × 10^305 |
| 141 | ov_141 | 1.94087 × 10^305 |
| 140 | ov_140 | 2.36331 × 10^305 |
| 139 | ov_139 | 2.85172 × 10^305 |
| 138 | ov_138 | 3.41279 × 10^305 |
| 137 | ov_137 | 4.05362 × 10^305 |
| 136 | ov_136 | 4.78168 × 10^305 |
| 135 | ov_135 | 5.60487 × 10^305 |
| 134 | ov_134 | 6.53153 × 10^305 |
| 133 | ov_133 | 7.57050 × 10^305 |
| 132 | ov_132 | 8.73110 × 10^305 |
| 131 | ov_131 | 1.00232 × 10^306 |
| 130 | ov_130 | 1.00232 × 10^306 |
| 129 | ov_129 | 1.00232 × 10^306 |
| 128 | aaa_77_29 | 1.74039 × 10^306 |
| 127 | aaa_77_28 | 5.71189 × 10^306 |
| 126 | ov_126 | 2.03573 × 10^307 |
| 125 | ov_125 | 5.21295 × 10^307 |
| 124 | ov_124 | 1.12956 × 10^308 |
| 123 | ov_123 | 2.18629 × 10^308 |
| 122 | ov_122 | 3.88804 × 10^308 |
| 121 | ov_121 | 6.47002 × 10^308 |
| 120 | ov_120 | 1.02060 × 10^309 |
| 119 | ov_119 | 1.54087 × 10^309 |
| 118 | ov_118 | 2.24292 × 10^309 |
| 117 | ov_117 | 3.16574 × 10^309 |
| 116 | ov_116 | 4.35223 × 10^309 |
| 115 | ov_115 | 5.84916 × 10^309 |
| 114 | ov_114 | 7.70724 × 10^309 |
| 113 | ov_113 | 9.98110 × 10^309 |
| 112 | ov_112 | 1.27293 × 10^310 |
| 111 | ov_111 | 1.60147 × 10^310 |
| 110 | ov_110 | 1.99040 × 10^310 |
| 109 | ov_109 | 2.44681 × 10^310 |
| 108 | ov_108 | 2.97824 × 10^310 |
| 107 | ov_107 | 3.59266 × 10^310 |
| 106 | ov_106 | 4.29848 × 10^310 |
| 105 | ov_105 | 5.10464 × 10^310 |
| 104 | ov_104 | 6.02053 × 10^310 |
| 103 | ov_103 | 7.05610 × 10^310 |
| 102 | ov_102 | 8.22184 × 10^310 |
| 101 | ov_101 | 9.52885 × 10^310 |
| 100 | ov_100 | 1.09888 × 10^311 |
| 99 | ov_099 | 1.26143 × 10^311 |
| 98 | ov_098 | 1.26143 × 10^311 |
| 97 | ov_097 | 1.26143 × 10^311 |
| 96 | aaa_78_29 | 2.18939 × 10^311 |
| 95 | aaa_78_28 | 7.18552 × 10^311 |
| 94 | ov_094 | 2.56094 × 10^312 |
| 93 | ov_093 | 6.55785 × 10^312 |
| 92 | ov_092 | 1.42098 × 10^313 |
| 91 | ov_091 | 2.75033 × 10^313 |
| 90 | ov_090 | 4.89113 × 10^313 |
| 89 | ov_089 | 8.13924 × 10^313 |
| 88 | ov_088 | 1.28391 × 10^314 |
| 87 | ov_087 | 1.93840 × 10^314 |
| 86 | ov_086 | 2.82157 × 10^314 |
| 85 | ov_085 | 3.98248 × 10^314 |
| 84 | ov_084 | 5.47508 × 10^314 |
| 83 | ov_083 | 7.35820 × 10^314 |
| 82 | ov_082 | 9.69565 × 10^314 |
| 81 | ov_081 | 1.25561 × 10^315 |
| 64 | lv_79_m31 | 1.30273 × 10^315 |
| 80 | ov_080 | 1.60134 × 10^315 |
| 79 | ov_079 | 2.01464 × 10^315 |
| 78 | ov_078 | 2.50391 × 10^315 |
| 77 | ov_077 | 3.07808 × 10^315 |
| 76 | ov_076 | 3.74661 × 10^315 |
| 75 | ov_075 | 4.51954 × 10^315 |
| 74 | ov_074 | 5.40746 × 10^315 |
| 73 | ov_073 | 6.42160 × 10^315 |
| 63 | ov_063 | 6.67743 × 10^315 |
| 72 | ov_072 | 7.57378 × 10^315 |
| 71 | ov_071 | 8.87652 × 10^315 |
| 70 | ov_070 | 1.03430 × 10^316 |
| 69 | ov_069 | 1.19872 × 10^316 |
| 68 | ov_068 | 1.38239 × 10^316 |
| 67 | ov_067 | 1.58687 × 10^316 |
| 66 | ov_066 | 1.58687 × 10^316 |
| 65 | ov_065 | 1.58687 × 10^316 |
| 62 | ov_062 | 3.42199 × 10^316 |
| 61 | ov_061 | 1.24613 × 10^317 |
| 60 | ov_060 | 3.56384 × 10^317 |
| 59 | ov_059 | 8.59193 × 10^317 |
| 58 | ov_058 | 1.82180 × 10^318 |
| 57 | ov_057 | 3.49412 × 10^318 |
| 56 | ov_056 | 6.18722 × 10^318 |
| 55 | ov_055 | 1.02733 × 10^319 |
| 54 | ov_054 | 1.61858 × 10^319 |
| 53 | ov_053 | 2.44192 × 10^319 |
| 52 | ov_052 | 3.55294 × 10^319 |
| 51 | ov_051 | 5.01336 × 10^319 |
| 50 | ov_050 | 6.89103 × 10^319 |
| 49 | ov_049 | 9.25999 × 10^319 |
| 48 | ov_048 | 1.22004 × 10^320 |
| 47 | ov_047 | 1.57989 × 10^320 |
| 32 | lv_80_m31 | 1.63883 × 10^320 |
| 46 | ov_046 | 2.01482 × 10^320 |
| 45 | ov_045 | 2.53475 × 10^320 |
| 44 | ov_044 | 3.15025 × 10^320 |
| 43 | ov_043 | 3.87254 × 10^320 |
| 42 | ov_042 | 4.71355 × 10^320 |
| 41 | ov_041 | 5.68589 × 10^320 |
| 40 | ov_040 | 6.80289 × 10^320 |
| 39 | ov_039 | 8.07867 × 10^320 |
| 31 | ov_031 | 8.40016 × 10^320 |
| 38 | ov_038 | 9.52811 × 10^320 |
| 37 | ov_037 | 1.11669 × 10^321 |
| 36 | ov_036 | 1.30117 × 10^321 |
| 35 | ov_035 | 1.50801 × 10^321 |
| 34 | ov_034 | 1.73907 × 10^321 |
| 33 | ov_033 | 1.99630 × 10^321 |
| 30 | ov_030 | 4.30484 × 10^321 |
| 29 | ov_029 | 1.56762 × 10^322 |
| 28 | ov_028 | 4.48329 × 10^322 |
| 27 | ov_027 | 1.08085 × 10^323 |
| 26 | ov_026 | 2.29181 × 10^323 |
| 25 | ov_025 | 4.39558 × 10^323 |
| 24 | ov_024 | 7.78348 × 10^323 |
| 23 | ov_023 | 1.29237 × 10^324 |
| 22 | ov_022 | 2.03616 × 10^324 |
| 21 | ov_021 | 3.07192 × 10^324 |
| 20 | ov_020 | 4.46958 × 10^324 |
| 19 | ov_019 | 6.30677 × 10^324 |
| 18 | ov_018 | 8.66887 × 10^324 |
| 17 | ov_017 | 1.16490 × 10^325 |
| 16 | ov_016 | 1.53481 × 10^325 |
| 15 | ov_015 | 1.98749 × 10^325 |
| 14 | ov_014 | 2.53463 × 10^325 |
| 13 | ov_013 | 3.18870 × 10^325 |
| 12 | ov_012 | 3.96299 × 10^325 |
| 11 | ov_011 | 4.87163 × 10^325 |
| 10 | ov_010 | 5.92961 × 10^325 |
| 9 | ov_009 | 7.15281 × 10^325 |
| 8 | ov_008 | 8.55799 × 10^325 |
| 7 | ov_007 | 1.01629 × 10^326 |
| 6 | ov_006 | 1.19862 × 10^326 |
| 5 | ov_005 | 1.40479 × 10^326 |
| 4 | ov_004 | 1.63687 × 10^326 |
| 3 | ov_003 | 1.89707 × 10^326 |
| 2 | ov_002 | 2.18774 × 10^326 |
| 1 | ov_001 | 2.51134 × 10^326 |

