# Results for T001-T002-F003-F004-F005-T006-T007-F008-T009-F010-F011-T012-F013-F014-F015-T016-F017-F018-F019-F020-T021-F022-F023-T024-F025-T026-F027-T028-T029-F030-F031-F032-F033-F034-T035-F036-T037-T038-F039-F040-T041-T042-T043-F044-F045-F046-F047-F048-F049-F050-F051-F052-F053-F054-F055-F056-T057-F058-T059-F060-F061-T062-T063-T064-F065-T066-T067-T068-T069-T070-F071-T072-T073-T074-T075-T076-T077-T078-F079-F080-F081-F082-F083-F084-F085-F086-F087-T088-T089-F090-T091-F092-F093-F094-F095-T096-T097-F098-T099-F100-T101-F102-F103-T104-T105-T106-T107-F108-T109-T110-T111-T112-T113-T114-T115-T116-F117-T118-F119-T120-T121-F122-F123-F124-F125-T126-F127-F128-F129-T130-F131-F132-T133-F134-T135-T136-F137-F138-T139-T140-F141-T142-F143-T144-T145-T146-F147-F148-T149-T150-T151-F152-T153-T154-F155-F156-F157-T158-F159-T160-F161-F162-F163-T164-F165-T166-T167-F168-T169-F170-T171-T172-F173-F174-T175-F176-T177-T178-T179-T180-T181-F182-T183-T184-T185-F186-T187-F188-F189-T190-F191-T192-T193-F194-F195-F196-T197-F198-F199-T200-F201-T202-F203-F204-F205-F206-T207-F208-F209-F210-F211-T212-F213-T214-T215-T216-F217-T218-T219-F220-F221-F222-F223-F224-T225-F226-T227-T228-T229-T230-F231-F232-F233-F234-F235-T236-T237-T238-T239-T240-F241-T242-F243-F244-T245-T246-T247-T248-F249-T250-F251-T252-F253-T254-F255-F256-T257-F258-F259-F260-T261-F262-F263-T264-F265-F266-F267-T268-T269-F270-T271-F272-T273-F274-F275-F276-T277-F278-F279-T280-F281-F282-F283-T284-F285-T286-T287-F288-T289-T290-T291-F292-F293-T294-T295-F296-T297-F298-T299-T300-T301-T302-T303-F304-F305-F306-F307-F308-T309-T310-F311-T312-F313-T314-T315-F316-T317-F318-T319-F320-F321-F322-T323-F324-F325-F326-F327-F328-F329-T330-F331-F332-T333-T334-T335-F336-F337-T338-F339-T340-F341-F342-T343-T344-F345-T346-F347-T348-F349-F350-T351-T352-F353-T354-F355-F356-T357-F358-F359-F360-F361-T362-T363-T364-T365-T366-T367-F368-F369-T370-F371-F372-T373-F374-T375-T376-F377-T378-F379-F380-T381-F382-F383-F384-T385-F386-T387-F388-T389-F390-F391-F392-F393-T394-F395-T396-T397-T398-T399-T400-T401-T402-T403-F404-T405-F406-F407-F408-F409-F410-F411-T412-T413-F414-T415-F416-T417-T418-T419-T420-F421-F422-T423-F424-F425-T426-F427-F428-T429-F430-F431-T432-F433-T434-T435-T436-F437-F438-F439-F440-F441-T442-T443-T444-F445-F446-F447-F448-F449-F450-T451-F452-T453-T454-F456-T458-F459-F460-F461-T462-F463-F464-F465-T466-F467-T468-F469-F470-F471-F472-F473-T474-T475-T476-F477-F478-F479-F480-T494-F496-F500-T505-T507-T509

## Summary

Number of input bits: 512  
Number of free input bits: 28  
Number of output bits: 160

Number of assignments: 19604  
Number of operations: 47103
(xor: 19986,
and: 13910,
or: 13207)

Total complexity: 1.03769 × 10^325

Least complex input bit: iv_495 (4.29228 × 10^321)  
Most complex input bit: iv_457 (1.19942 × 10^324)

Least complex output bit: aaa_76_29 (8.85302 × 10^298)  
Most complex output bit: ov_001 (1.60704 × 10^324)

Least complex input/output complexity: iv_495/aaa_76_29 (3.66193 × 10^295)  
Most complex input/output complexity: iv_457/ov_001 (1.85751 × 10^323)

## Input Bits

| Input Bit | Complexity | Occurrences |
|:---------:|:----------:|:-----------:|
| iv_455 | 3.20054 × 10^323 | 28 |
| iv_457 | 1.19942 × 10^324 | 41 |
| iv_481 | 4.45478 × 10^322 | 49 |
| iv_482 | 1.85635 × 10^323 | 60 |
| iv_483 | 2.45677 × 10^323 | 49 |
| iv_484 | 6.04639 × 10^323 | 50 |
| iv_485 | 4.72925 × 10^323 | 45 |
| iv_486 | 5.86894 × 10^323 | 49 |
| iv_487 | 7.00883 × 10^323 | 45 |
| iv_488 | 8.14933 × 10^323 | 50 |
| iv_489 | 9.29124 × 10^323 | 52 |
| iv_490 | 9.29404 × 10^323 | 34 |
| iv_491 | 9.30180 × 10^323 | 34 |
| iv_492 | 9.30988 × 10^323 | 46 |
| iv_493 | 9.32220 × 10^323 | 47 |
| iv_495 | 4.29228 × 10^321 | 72 |
| iv_497 | 1.21237 × 10^322 | 81 |
| iv_498 | 5.72677 × 10^321 | 78 |
| iv_499 | 7.22933 × 10^321 | 86 |
| iv_501 | 1.99656 × 10^322 | 76 |
| iv_502 | 3.32504 × 10^322 | 64 |
| iv_503 | 4.91356 × 10^322 | 62 |
| iv_504 | 6.79452 × 10^322 | 67 |
| iv_506 | 6.90263 × 10^321 | 75 |
| iv_508 | 2.62861 × 10^322 | 78 |
| iv_510 | 7.20540 × 10^322 | 76 |
| iv_511 | 1.03407 × 10^323 | 64 |
| iv_512 | 1.41089 × 10^323 | 73 |

## Input Bits Sorted by Complexity

| Input Bit | Complexity | Occurrences |
|:---------:|:----------:|:-----------:|
| iv_495 | 4.29228 × 10^321 | 72 |
| iv_498 | 5.72677 × 10^321 | 78 |
| iv_506 | 6.90263 × 10^321 | 75 |
| iv_499 | 7.22933 × 10^321 | 86 |
| iv_497 | 1.21237 × 10^322 | 81 |
| iv_501 | 1.99656 × 10^322 | 76 |
| iv_508 | 2.62861 × 10^322 | 78 |
| iv_502 | 3.32504 × 10^322 | 64 |
| iv_481 | 4.45478 × 10^322 | 49 |
| iv_503 | 4.91356 × 10^322 | 62 |
| iv_504 | 6.79452 × 10^322 | 67 |
| iv_510 | 7.20540 × 10^322 | 76 |
| iv_511 | 1.03407 × 10^323 | 64 |
| iv_512 | 1.41089 × 10^323 | 73 |
| iv_482 | 1.85635 × 10^323 | 60 |
| iv_483 | 2.45677 × 10^323 | 49 |
| iv_455 | 3.20054 × 10^323 | 28 |
| iv_485 | 4.72925 × 10^323 | 45 |
| iv_486 | 5.86894 × 10^323 | 49 |
| iv_484 | 6.04639 × 10^323 | 50 |
| iv_487 | 7.00883 × 10^323 | 45 |
| iv_488 | 8.14933 × 10^323 | 50 |
| iv_489 | 9.29124 × 10^323 | 52 |
| iv_490 | 9.29404 × 10^323 | 34 |
| iv_491 | 9.30180 × 10^323 | 34 |
| iv_492 | 9.30988 × 10^323 | 46 |
| iv_493 | 9.32220 × 10^323 | 47 |
| iv_457 | 1.19942 × 10^324 | 41 |

## Input Bits Sorted by Occurrences

| Input Bit | Complexity | Occurrences |
|:---------:|:----------:|:-----------:|
| iv_455 | 3.20054 × 10^323 | 28 |
| iv_491 | 9.30180 × 10^323 | 34 |
| iv_490 | 9.29404 × 10^323 | 34 |
| iv_457 | 1.19942 × 10^324 | 41 |
| iv_487 | 7.00883 × 10^323 | 45 |
| iv_485 | 4.72925 × 10^323 | 45 |
| iv_492 | 9.30988 × 10^323 | 46 |
| iv_493 | 9.32220 × 10^323 | 47 |
| iv_483 | 2.45677 × 10^323 | 49 |
| iv_486 | 5.86894 × 10^323 | 49 |
| iv_481 | 4.45478 × 10^322 | 49 |
| iv_484 | 6.04639 × 10^323 | 50 |
| iv_488 | 8.14933 × 10^323 | 50 |
| iv_489 | 9.29124 × 10^323 | 52 |
| iv_482 | 1.85635 × 10^323 | 60 |
| iv_503 | 4.91356 × 10^322 | 62 |
| iv_502 | 3.32504 × 10^322 | 64 |
| iv_511 | 1.03407 × 10^323 | 64 |
| iv_504 | 6.79452 × 10^322 | 67 |
| iv_495 | 4.29228 × 10^321 | 72 |
| iv_512 | 1.41089 × 10^323 | 73 |
| iv_506 | 6.90263 × 10^321 | 75 |
| iv_501 | 1.99656 × 10^322 | 76 |
| iv_510 | 7.20540 × 10^322 | 76 |
| iv_508 | 2.62861 × 10^322 | 78 |
| iv_498 | 5.72677 × 10^321 | 78 |
| iv_497 | 1.21237 × 10^322 | 81 |
| iv_499 | 7.22933 × 10^321 | 86 |

## Output Bits

| Rank | Output Bit | Complexity |
|:----:|:----------:|:----------:|
| 1 | ov_001 | 1.60704 × 10^324 |
| 2 | ov_002 | 1.39997 × 10^324 |
| 3 | ov_003 | 1.21396 × 10^324 |
| 4 | ov_004 | 1.04746 × 10^324 |
| 5 | ov_005 | 8.98949 × 10^323 |
| 6 | ov_006 | 7.67022 × 10^323 |
| 7 | ov_007 | 6.50341 × 10^323 |
| 8 | ov_008 | 5.47639 × 10^323 |
| 9 | ov_009 | 4.57719 × 10^323 |
| 10 | ov_010 | 3.79445 × 10^323 |
| 11 | ov_011 | 3.11743 × 10^323 |
| 12 | ov_012 | 2.53598 × 10^323 |
| 13 | ov_013 | 2.04050 × 10^323 |
| 14 | ov_014 | 1.62195 × 10^323 |
| 15 | ov_015 | 1.27183 × 10^323 |
| 16 | ov_016 | 9.82150 × 10^322 |
| 17 | ov_017 | 7.45438 × 10^322 |
| 18 | ov_018 | 5.54734 × 10^322 |
| 19 | ov_019 | 4.03580 × 10^322 |
| 20 | ov_020 | 2.86015 × 10^322 |
| 21 | ov_021 | 1.96577 × 10^322 |
| 22 | ov_022 | 1.30297 × 10^322 |
| 23 | ov_023 | 8.27012 × 10^321 |
| 24 | ov_024 | 4.98077 × 10^321 |
| 25 | ov_025 | 2.81280 × 10^321 |
| 26 | ov_026 | 1.46656 × 10^321 |
| 27 | ov_027 | 6.91658 × 10^320 |
| 28 | ov_028 | 2.86892 × 10^320 |
| 29 | ov_029 | 1.00314 × 10^320 |
| 30 | ov_030 | 2.75473 × 10^319 |
| 31 | ov_031 | 5.37539 × 10^318 |
| 32 | lv_80_m31 | 1.04871 × 10^318 |
| 33 | ov_033 | 1.27747 × 10^319 |
| 34 | ov_034 | 1.11286 × 10^319 |
| 35 | ov_035 | 9.65005 × 10^318 |
| 36 | ov_036 | 8.32644 × 10^318 |
| 37 | ov_037 | 7.14590 × 10^318 |
| 38 | ov_038 | 6.09719 × 10^318 |
| 39 | ov_039 | 5.16967 × 10^318 |
| 40 | ov_040 | 4.35328 × 10^318 |
| 41 | ov_041 | 3.63849 × 10^318 |
| 42 | ov_042 | 3.01627 × 10^318 |
| 43 | ov_043 | 2.47810 × 10^318 |
| 44 | ov_044 | 2.01589 × 10^318 |
| 45 | ov_045 | 1.62203 × 10^318 |
| 46 | ov_046 | 1.28931 × 10^318 |
| 47 | ov_047 | 1.01100 × 10^318 |
| 48 | ov_048 | 7.80728 × 10^317 |
| 49 | ov_049 | 5.92561 × 10^317 |
| 50 | ov_050 | 4.40968 × 10^317 |
| 51 | ov_051 | 3.20813 × 10^317 |
| 52 | ov_052 | 2.27358 × 10^317 |
| 53 | ov_053 | 1.56262 × 10^317 |
| 54 | ov_054 | 1.03575 × 10^317 |
| 55 | ov_055 | 6.57406 × 10^316 |
| 56 | ov_056 | 3.95930 × 10^316 |
| 57 | ov_057 | 2.23594 × 10^316 |
| 58 | ov_058 | 1.16580 × 10^316 |
| 59 | ov_059 | 5.49811 × 10^315 |
| 60 | ov_060 | 2.28056 × 10^315 |
| 61 | ov_061 | 7.97420 × 10^314 |
| 62 | ov_062 | 2.18978 × 10^314 |
| 63 | ov_063 | 4.27299 × 10^313 |
| 64 | lv_79_m31 | 8.33640 × 10^312 |
| 65 | ov_065 | 1.01546 × 10^314 |
| 66 | ov_066 | 1.01546 × 10^314 |
| 67 | ov_067 | 1.01546 × 10^314 |
| 68 | ov_068 | 8.84615 × 10^313 |
| 69 | ov_069 | 7.67082 × 10^313 |
| 70 | ov_070 | 6.61866 × 10^313 |
| 71 | ov_071 | 5.68022 × 10^313 |
| 72 | ov_072 | 4.84658 × 10^313 |
| 73 | ov_073 | 4.10928 × 10^313 |
| 74 | ov_074 | 3.46032 × 10^313 |
| 75 | ov_075 | 2.89212 × 10^313 |
| 76 | ov_076 | 2.39751 × 10^313 |
| 77 | ov_077 | 1.96971 × 10^313 |
| 78 | ov_078 | 1.60229 × 10^313 |
| 79 | ov_079 | 1.28920 × 10^313 |
| 80 | ov_080 | 1.02472 × 10^313 |
| 81 | ov_081 | 8.03488 × 10^312 |
| 82 | ov_082 | 6.20440 × 10^312 |
| 83 | ov_083 | 4.70863 × 10^312 |
| 84 | ov_084 | 3.50359 × 10^312 |
| 85 | ov_085 | 2.54845 × 10^312 |
| 86 | ov_086 | 1.80557 × 10^312 |
| 87 | ov_087 | 1.24041 × 10^312 |
| 88 | ov_088 | 8.21599 × 10^311 |
| 89 | ov_089 | 5.20843 × 10^311 |
| 90 | ov_090 | 3.12991 × 10^311 |
| 91 | ov_091 | 1.75998 × 10^311 |
| 92 | ov_092 | 9.09308 × 10^310 |
| 93 | ov_093 | 4.19647 × 10^310 |
| 94 | ov_094 | 1.63878 × 10^310 |
| 95 | aaa_78_28 | 4.59813 × 10^309 |
| 96 | aaa_78_29 | 1.40103 × 10^309 |
| 97 | ov_097 | 8.07213 × 10^308 |
| 98 | ov_098 | 8.07211 × 10^308 |
| 99 | ov_099 | 8.07211 × 10^308 |
| 100 | ov_100 | 7.03195 × 10^308 |
| 101 | ov_101 | 6.09766 × 10^308 |
| 102 | ov_102 | 5.26128 × 10^308 |
| 103 | ov_103 | 4.51531 × 10^308 |
| 104 | ov_104 | 3.85263 × 10^308 |
| 105 | ov_105 | 3.26654 × 10^308 |
| 106 | ov_106 | 2.75067 × 10^308 |
| 107 | ov_107 | 2.29900 × 10^308 |
| 108 | ov_108 | 1.90582 × 10^308 |
| 109 | ov_109 | 1.56575 × 10^308 |
| 110 | ov_110 | 1.27369 × 10^308 |
| 111 | ov_111 | 1.02481 × 10^308 |
| 112 | ov_112 | 8.14574 × 10^307 |
| 113 | ov_113 | 6.38706 × 10^307 |
| 114 | ov_114 | 4.93198 × 10^307 |
| 115 | ov_115 | 3.74297 × 10^307 |
| 116 | ov_116 | 2.78506 × 10^307 |
| 117 | ov_117 | 2.02581 × 10^307 |
| 118 | ov_118 | 1.43528 × 10^307 |
| 119 | ov_119 | 9.86029 × 10^306 |
| 120 | ov_120 | 6.53103 × 10^306 |
| 121 | ov_121 | 4.14027 × 10^306 |
| 122 | ov_122 | 2.48802 × 10^306 |
| 123 | ov_123 | 1.39904 × 10^306 |
| 124 | ov_124 | 7.22824 × 10^305 |
| 125 | ov_125 | 3.33585 × 10^305 |
| 126 | ov_126 | 1.30270 × 10^305 |
| 127 | aaa_77_28 | 3.65513 × 10^304 |
| 128 | aaa_77_29 | 1.11370 × 10^304 |
| 129 | ov_129 | 6.41402 × 10^303 |
| 130 | ov_130 | 6.41401 × 10^303 |
| 131 | ov_131 | 6.41400 × 10^303 |
| 132 | ov_132 | 5.58717 × 10^303 |
| 133 | ov_133 | 4.84448 × 10^303 |
| 134 | ov_134 | 4.17963 × 10^303 |
| 135 | ov_135 | 3.58664 × 10^303 |
| 136 | ov_136 | 3.05987 × 10^303 |
| 137 | ov_137 | 2.59397 × 10^303 |
| 138 | ov_138 | 2.18390 × 10^303 |
| 139 | ov_139 | 1.82486 × 10^303 |
| 140 | ov_140 | 1.51232 × 10^303 |
| 141 | ov_141 | 1.24199 × 10^303 |
| 142 | ov_142 | 1.00982 × 10^303 |
| 143 | ov_143 | 8.11988 × 10^302 |
| 144 | ov_144 | 6.44867 × 10^302 |
| 145 | ov_145 | 5.05067 × 10^302 |
| 146 | ov_146 | 3.89400 × 10^302 |
| 147 | ov_147 | 2.94883 × 10^302 |
| 148 | ov_148 | 2.18737 × 10^302 |
| 149 | ov_149 | 1.58383 × 10^302 |
| 150 | ov_150 | 1.11441 × 10^302 |
| 151 | ov_151 | 7.57294 × 10^301 |
| 152 | ov_152 | 4.92645 × 10^301 |
| 153 | ov_153 | 3.02600 × 10^301 |
| 154 | ov_154 | 1.71259 × 10^301 |
| 155 | ov_155 | 8.46951 × 10^300 |
| 156 | aaa_76_25 | 3.09413 × 10^300 |
| 157 | aaa_76_26 | 1.61618 × 10^300 |
| 158 | aaa_76_27 | 7.44985 × 10^299 |
| 159 | aaa_76_28 | 2.90552 × 10^299 |
| 160 | aaa_76_29 | 8.85302 × 10^298 |

## Output Bits Sorted by Complexity

| Rank | Output Bit | Complexity |
|:----:|:----------:|:----------:|
| 160 | aaa_76_29 | 8.85302 × 10^298 |
| 159 | aaa_76_28 | 2.90552 × 10^299 |
| 158 | aaa_76_27 | 7.44985 × 10^299 |
| 157 | aaa_76_26 | 1.61618 × 10^300 |
| 156 | aaa_76_25 | 3.09413 × 10^300 |
| 155 | ov_155 | 8.46951 × 10^300 |
| 154 | ov_154 | 1.71259 × 10^301 |
| 153 | ov_153 | 3.02600 × 10^301 |
| 152 | ov_152 | 4.92645 × 10^301 |
| 151 | ov_151 | 7.57294 × 10^301 |
| 150 | ov_150 | 1.11441 × 10^302 |
| 149 | ov_149 | 1.58383 × 10^302 |
| 148 | ov_148 | 2.18737 × 10^302 |
| 147 | ov_147 | 2.94883 × 10^302 |
| 146 | ov_146 | 3.89400 × 10^302 |
| 145 | ov_145 | 5.05067 × 10^302 |
| 144 | ov_144 | 6.44867 × 10^302 |
| 143 | ov_143 | 8.11988 × 10^302 |
| 142 | ov_142 | 1.00982 × 10^303 |
| 141 | ov_141 | 1.24199 × 10^303 |
| 140 | ov_140 | 1.51232 × 10^303 |
| 139 | ov_139 | 1.82486 × 10^303 |
| 138 | ov_138 | 2.18390 × 10^303 |
| 137 | ov_137 | 2.59397 × 10^303 |
| 136 | ov_136 | 3.05987 × 10^303 |
| 135 | ov_135 | 3.58664 × 10^303 |
| 134 | ov_134 | 4.17963 × 10^303 |
| 133 | ov_133 | 4.84448 × 10^303 |
| 132 | ov_132 | 5.58717 × 10^303 |
| 131 | ov_131 | 6.41400 × 10^303 |
| 130 | ov_130 | 6.41401 × 10^303 |
| 129 | ov_129 | 6.41402 × 10^303 |
| 128 | aaa_77_29 | 1.11370 × 10^304 |
| 127 | aaa_77_28 | 3.65513 × 10^304 |
| 126 | ov_126 | 1.30270 × 10^305 |
| 125 | ov_125 | 3.33585 × 10^305 |
| 124 | ov_124 | 7.22824 × 10^305 |
| 123 | ov_123 | 1.39904 × 10^306 |
| 122 | ov_122 | 2.48802 × 10^306 |
| 121 | ov_121 | 4.14027 × 10^306 |
| 120 | ov_120 | 6.53103 × 10^306 |
| 119 | ov_119 | 9.86029 × 10^306 |
| 118 | ov_118 | 1.43528 × 10^307 |
| 117 | ov_117 | 2.02581 × 10^307 |
| 116 | ov_116 | 2.78506 × 10^307 |
| 115 | ov_115 | 3.74297 × 10^307 |
| 114 | ov_114 | 4.93198 × 10^307 |
| 113 | ov_113 | 6.38706 × 10^307 |
| 112 | ov_112 | 8.14574 × 10^307 |
| 111 | ov_111 | 1.02481 × 10^308 |
| 110 | ov_110 | 1.27369 × 10^308 |
| 109 | ov_109 | 1.56575 × 10^308 |
| 108 | ov_108 | 1.90582 × 10^308 |
| 107 | ov_107 | 2.29900 × 10^308 |
| 106 | ov_106 | 2.75067 × 10^308 |
| 105 | ov_105 | 3.26654 × 10^308 |
| 104 | ov_104 | 3.85263 × 10^308 |
| 103 | ov_103 | 4.51531 × 10^308 |
| 102 | ov_102 | 5.26128 × 10^308 |
| 101 | ov_101 | 6.09766 × 10^308 |
| 100 | ov_100 | 7.03195 × 10^308 |
| 99 | ov_099 | 8.07211 × 10^308 |
| 98 | ov_098 | 8.07211 × 10^308 |
| 97 | ov_097 | 8.07213 × 10^308 |
| 96 | aaa_78_29 | 1.40103 × 10^309 |
| 95 | aaa_78_28 | 4.59813 × 10^309 |
| 94 | ov_094 | 1.63878 × 10^310 |
| 93 | ov_093 | 4.19647 × 10^310 |
| 92 | ov_092 | 9.09308 × 10^310 |
| 91 | ov_091 | 1.75998 × 10^311 |
| 90 | ov_090 | 3.12991 × 10^311 |
| 89 | ov_089 | 5.20843 × 10^311 |
| 88 | ov_088 | 8.21599 × 10^311 |
| 87 | ov_087 | 1.24041 × 10^312 |
| 86 | ov_086 | 1.80557 × 10^312 |
| 85 | ov_085 | 2.54845 × 10^312 |
| 84 | ov_084 | 3.50359 × 10^312 |
| 83 | ov_083 | 4.70863 × 10^312 |
| 82 | ov_082 | 6.20440 × 10^312 |
| 81 | ov_081 | 8.03488 × 10^312 |
| 64 | lv_79_m31 | 8.33640 × 10^312 |
| 80 | ov_080 | 1.02472 × 10^313 |
| 79 | ov_079 | 1.28920 × 10^313 |
| 78 | ov_078 | 1.60229 × 10^313 |
| 77 | ov_077 | 1.96971 × 10^313 |
| 76 | ov_076 | 2.39751 × 10^313 |
| 75 | ov_075 | 2.89212 × 10^313 |
| 74 | ov_074 | 3.46032 × 10^313 |
| 73 | ov_073 | 4.10928 × 10^313 |
| 63 | ov_063 | 4.27299 × 10^313 |
| 72 | ov_072 | 4.84658 × 10^313 |
| 71 | ov_071 | 5.68022 × 10^313 |
| 70 | ov_070 | 6.61866 × 10^313 |
| 69 | ov_069 | 7.67082 × 10^313 |
| 68 | ov_068 | 8.84615 × 10^313 |
| 67 | ov_067 | 1.01546 × 10^314 |
| 66 | ov_066 | 1.01546 × 10^314 |
| 65 | ov_065 | 1.01546 × 10^314 |
| 62 | ov_062 | 2.18978 × 10^314 |
| 61 | ov_061 | 7.97420 × 10^314 |
| 60 | ov_060 | 2.28056 × 10^315 |
| 59 | ov_059 | 5.49811 × 10^315 |
| 58 | ov_058 | 1.16580 × 10^316 |
| 57 | ov_057 | 2.23594 × 10^316 |
| 56 | ov_056 | 3.95930 × 10^316 |
| 55 | ov_055 | 6.57406 × 10^316 |
| 54 | ov_054 | 1.03575 × 10^317 |
| 53 | ov_053 | 1.56262 × 10^317 |
| 52 | ov_052 | 2.27358 × 10^317 |
| 51 | ov_051 | 3.20813 × 10^317 |
| 50 | ov_050 | 4.40968 × 10^317 |
| 49 | ov_049 | 5.92561 × 10^317 |
| 48 | ov_048 | 7.80728 × 10^317 |
| 47 | ov_047 | 1.01100 × 10^318 |
| 32 | lv_80_m31 | 1.04871 × 10^318 |
| 46 | ov_046 | 1.28931 × 10^318 |
| 45 | ov_045 | 1.62203 × 10^318 |
| 44 | ov_044 | 2.01589 × 10^318 |
| 43 | ov_043 | 2.47810 × 10^318 |
| 42 | ov_042 | 3.01627 × 10^318 |
| 41 | ov_041 | 3.63849 × 10^318 |
| 40 | ov_040 | 4.35328 × 10^318 |
| 39 | ov_039 | 5.16967 × 10^318 |
| 31 | ov_031 | 5.37539 × 10^318 |
| 38 | ov_038 | 6.09719 × 10^318 |
| 37 | ov_037 | 7.14590 × 10^318 |
| 36 | ov_036 | 8.32644 × 10^318 |
| 35 | ov_035 | 9.65005 × 10^318 |
| 34 | ov_034 | 1.11286 × 10^319 |
| 33 | ov_033 | 1.27747 × 10^319 |
| 30 | ov_030 | 2.75473 × 10^319 |
| 29 | ov_029 | 1.00314 × 10^320 |
| 28 | ov_028 | 2.86892 × 10^320 |
| 27 | ov_027 | 6.91658 × 10^320 |
| 26 | ov_026 | 1.46656 × 10^321 |
| 25 | ov_025 | 2.81280 × 10^321 |
| 24 | ov_024 | 4.98077 × 10^321 |
| 23 | ov_023 | 8.27012 × 10^321 |
| 22 | ov_022 | 1.30297 × 10^322 |
| 21 | ov_021 | 1.96577 × 10^322 |
| 20 | ov_020 | 2.86015 × 10^322 |
| 19 | ov_019 | 4.03580 × 10^322 |
| 18 | ov_018 | 5.54734 × 10^322 |
| 17 | ov_017 | 7.45438 × 10^322 |
| 16 | ov_016 | 9.82150 × 10^322 |
| 15 | ov_015 | 1.27183 × 10^323 |
| 14 | ov_014 | 1.62195 × 10^323 |
| 13 | ov_013 | 2.04050 × 10^323 |
| 12 | ov_012 | 2.53598 × 10^323 |
| 11 | ov_011 | 3.11743 × 10^323 |
| 10 | ov_010 | 3.79445 × 10^323 |
| 9 | ov_009 | 4.57719 × 10^323 |
| 8 | ov_008 | 5.47639 × 10^323 |
| 7 | ov_007 | 6.50341 × 10^323 |
| 6 | ov_006 | 7.67022 × 10^323 |
| 5 | ov_005 | 8.98949 × 10^323 |
| 4 | ov_004 | 1.04746 × 10^324 |
| 3 | ov_003 | 1.21396 × 10^324 |
| 2 | ov_002 | 1.39997 × 10^324 |
| 1 | ov_001 | 1.60704 × 10^324 |

