# Results for T001-T002-F003-F004-F005-T006-T007-F008-T009-F010-F011-T012-F013-F014-F015-T016-F017-F018-F019-F020-T021-F022-F023-T024-F025-T026-F027-T028-T029-F030-F031-F032-F033-F034-T035-F036-T037-T038-F039-F040-T041-T042-T043-F044-F045-F046-F047-F048-F049-F050-F051-F052-F053-F054-F055-F056-T057-F058-T059-F060-F061-T062-T063-T064-F065-T066-T067-T068-T069-T070-F071-T072-T073-T074-T075-T076-T077-T078-F079-F080-F081-F082-F083-F084-F085-F086-F087-T088-T089-F090-T091-F092-F093-F094-F095-T096-T097-F098-T099-F100-T101-F102-F103-T104-T105-T106-T107-F108-T109-T110-T111-T112-T113-T114-T115-T116-F117-T118-F119-T120-T121-F122-F123-F124-F125-T126-F127-F128-F129-T130-F131-F132-T133-F134-T135-T136-F137-F138-T139-T140-F141-T142-F143-T144-T145-T146-F147-F148-T149-T150-T151-F152-T153-T154-F155-F156-F157-T158-F159-T160-F161-F162-F163-T164-F165-T166-T167-F168-T169-F170-T171-T172-F173-F174-T175-F176-T177-T178-T179-T180-T181-F182-T183-T184-T185-F186-T187-F188-F189-T190-F191-T192-T193-F194-F195-F196-T197-F198-F199-T200-F201-T202-F203-F204-F205-F206-T207-F208-F209-F210-F211-T212-F213-T214-T215-T216-F217-T218-T219-F220-F221-F222-F223-F224-T225-F226-T227-T228-T229-T230-F231-F232-F233-F234-F235-T236-T237-T238-T239-T240-F241-T242-F243-F244-T245-T246-T247-T248-F249-T250-F251-T252-F253-T254-F255-F256-T257-F258-F259-F260-T261-F262-F263-T264-F265-F266-F267-T268-T269-F270-T271-F272-T273-F274-F275-F276-T277-F278-F279-T280-F281-F282-F283-T284-F285-T286-T287-F288-T289-T290-T291-F292-F293-T294-T295-F296-T297-F298-T299-T300-T301-T302-T303-F304-F305-F306-F307-F308-T309-T310-F311-T312-F313-T314-T315-F316-T317-F318-T319-F320-F321-F322-T323-F324-F325-F326-F327-F328-F329-T330-F331-F332-T333-T334-T335-F336-F337-T338-F339-T340-F341-F342-T343-T344-F345-T346-F347-T348-F349-F350-T351-T352-F353-T354-F355-F356-T357-F358-F359-F360-F361-T362-T363-T364-T365-T366-T367-F368-F369-T370-F371-F372-T373-F374-T375-T376-F377-T378-F379-F380-T381-F382-F383-F384-T385-F386-T387-F388-T389-F390-F391-F392-F393-T394-F395-T396-T397-T398-T399-T400-T401-T402-T403-F404-T405-F406-F407-F408-F409-F410-F411-T412-T413-F414-T415-F416-T417-T418-T419-T420-F421-F422-T423-F424-F425-T426-F427-F428-T429-F430-F431-T432-F433-T434-T435-T436-F437-F438-F439-F440-F441-T442-T443-T444-F445-F446-F447-F448-F449-F450-T451-F452-T453-T454-F456-T458-F459-F460-F461-T462-F463-F464-F465-T466-F467-T468-F469-F470-F471-F472-F473-T474-T475-T476-F477-F478-F479-F480-F494-F496-F500-T505-T507-T509

## Summary

Number of input bits: 512  
Number of free input bits: 28  
Number of output bits: 160

Number of assignments: 19610  
Number of operations: 47109
(xor: 19989,
and: 13905,
or: 13215)

Total complexity: 9.32450 × 10^324

Least complex input bit: iv_498 (5.72677 × 10^321)  
Most complex input bit: iv_457 (1.19942 × 10^324)

Least complex output bit: aaa_76_29 (7.95514 × 10^298)  
Most complex output bit: ov_001 (1.44406 × 10^324)

Least complex input/output complexity: iv_498/aaa_76_29 (4.88575 × 10^295)  
Most complex input/output complexity: iv_457/ov_001 (1.85751 × 10^323)

## Input Bits

| Input Bit | Complexity | Occurrences |
|:---------:|:----------:|:-----------:|
| iv_455 | 3.20054 × 10^323 | 28 |
| iv_457 | 1.19942 × 10^324 | 41 |
| iv_481 | 4.45478 × 10^322 | 49 |
| iv_482 | 1.85635 × 10^323 | 60 |
| iv_483 | 2.45677 × 10^323 | 49 |
| iv_484 | 6.04639 × 10^323 | 50 |
| iv_485 | 4.72925 × 10^323 | 45 |
| iv_486 | 5.86894 × 10^323 | 49 |
| iv_487 | 7.00883 × 10^323 | 45 |
| iv_488 | 8.14933 × 10^323 | 50 |
| iv_489 | 9.29124 × 10^323 | 52 |
| iv_490 | 1.04359 × 10^324 | 34 |
| iv_491 | 1.15884 × 10^324 | 36 |
| iv_492 | 1.16054 × 10^323 | 46 |
| iv_493 | 1.17287 × 10^323 | 40 |
| iv_495 | 1.21579 × 10^323 | 72 |
| iv_497 | 1.29411 × 10^323 | 81 |
| iv_498 | 5.72677 × 10^321 | 78 |
| iv_499 | 7.22933 × 10^321 | 86 |
| iv_501 | 1.99656 × 10^322 | 76 |
| iv_502 | 3.32504 × 10^322 | 64 |
| iv_503 | 4.91356 × 10^322 | 62 |
| iv_504 | 6.79452 × 10^322 | 67 |
| iv_506 | 6.90263 × 10^321 | 75 |
| iv_508 | 2.62861 × 10^322 | 78 |
| iv_510 | 7.20540 × 10^322 | 76 |
| iv_511 | 1.03407 × 10^323 | 64 |
| iv_512 | 1.41089 × 10^323 | 73 |

## Input Bits Sorted by Complexity

| Input Bit | Complexity | Occurrences |
|:---------:|:----------:|:-----------:|
| iv_498 | 5.72677 × 10^321 | 78 |
| iv_506 | 6.90263 × 10^321 | 75 |
| iv_499 | 7.22933 × 10^321 | 86 |
| iv_501 | 1.99656 × 10^322 | 76 |
| iv_508 | 2.62861 × 10^322 | 78 |
| iv_502 | 3.32504 × 10^322 | 64 |
| iv_481 | 4.45478 × 10^322 | 49 |
| iv_503 | 4.91356 × 10^322 | 62 |
| iv_504 | 6.79452 × 10^322 | 67 |
| iv_510 | 7.20540 × 10^322 | 76 |
| iv_511 | 1.03407 × 10^323 | 64 |
| iv_492 | 1.16054 × 10^323 | 46 |
| iv_493 | 1.17287 × 10^323 | 40 |
| iv_495 | 1.21579 × 10^323 | 72 |
| iv_497 | 1.29411 × 10^323 | 81 |
| iv_512 | 1.41089 × 10^323 | 73 |
| iv_482 | 1.85635 × 10^323 | 60 |
| iv_483 | 2.45677 × 10^323 | 49 |
| iv_455 | 3.20054 × 10^323 | 28 |
| iv_485 | 4.72925 × 10^323 | 45 |
| iv_486 | 5.86894 × 10^323 | 49 |
| iv_484 | 6.04639 × 10^323 | 50 |
| iv_487 | 7.00883 × 10^323 | 45 |
| iv_488 | 8.14933 × 10^323 | 50 |
| iv_489 | 9.29124 × 10^323 | 52 |
| iv_490 | 1.04359 × 10^324 | 34 |
| iv_491 | 1.15884 × 10^324 | 36 |
| iv_457 | 1.19942 × 10^324 | 41 |

## Input Bits Sorted by Occurrences

| Input Bit | Complexity | Occurrences |
|:---------:|:----------:|:-----------:|
| iv_455 | 3.20054 × 10^323 | 28 |
| iv_490 | 1.04359 × 10^324 | 34 |
| iv_491 | 1.15884 × 10^324 | 36 |
| iv_493 | 1.17287 × 10^323 | 40 |
| iv_457 | 1.19942 × 10^324 | 41 |
| iv_487 | 7.00883 × 10^323 | 45 |
| iv_485 | 4.72925 × 10^323 | 45 |
| iv_492 | 1.16054 × 10^323 | 46 |
| iv_486 | 5.86894 × 10^323 | 49 |
| iv_483 | 2.45677 × 10^323 | 49 |
| iv_481 | 4.45478 × 10^322 | 49 |
| iv_488 | 8.14933 × 10^323 | 50 |
| iv_484 | 6.04639 × 10^323 | 50 |
| iv_489 | 9.29124 × 10^323 | 52 |
| iv_482 | 1.85635 × 10^323 | 60 |
| iv_503 | 4.91356 × 10^322 | 62 |
| iv_502 | 3.32504 × 10^322 | 64 |
| iv_511 | 1.03407 × 10^323 | 64 |
| iv_504 | 6.79452 × 10^322 | 67 |
| iv_495 | 1.21579 × 10^323 | 72 |
| iv_512 | 1.41089 × 10^323 | 73 |
| iv_506 | 6.90263 × 10^321 | 75 |
| iv_501 | 1.99656 × 10^322 | 76 |
| iv_510 | 7.20540 × 10^322 | 76 |
| iv_498 | 5.72677 × 10^321 | 78 |
| iv_508 | 2.62861 × 10^322 | 78 |
| iv_497 | 1.29411 × 10^323 | 81 |
| iv_499 | 7.22933 × 10^321 | 86 |

## Output Bits

| Rank | Output Bit | Complexity |
|:----:|:----------:|:----------:|
| 1 | ov_001 | 1.44406 × 10^324 |
| 2 | ov_002 | 1.25798 × 10^324 |
| 3 | ov_003 | 1.09084 × 10^324 |
| 4 | ov_004 | 9.41226 × 10^323 |
| 5 | ov_005 | 8.07777 × 10^323 |
| 6 | ov_006 | 6.89230 × 10^323 |
| 7 | ov_007 | 5.84383 × 10^323 |
| 8 | ov_008 | 4.92097 × 10^323 |
| 9 | ov_009 | 4.11297 × 10^323 |
| 10 | ov_010 | 3.40962 × 10^323 |
| 11 | ov_011 | 2.80126 × 10^323 |
| 12 | ov_012 | 2.27878 × 10^323 |
| 13 | ov_013 | 1.83355 × 10^323 |
| 14 | ov_014 | 1.45745 × 10^323 |
| 15 | ov_015 | 1.14284 × 10^323 |
| 16 | ov_016 | 8.82540 × 10^322 |
| 17 | ov_017 | 6.69835 × 10^322 |
| 18 | ov_018 | 4.98473 × 10^322 |
| 19 | ov_019 | 3.62649 × 10^322 |
| 20 | ov_020 | 2.57007 × 10^322 |
| 21 | ov_021 | 1.76640 × 10^322 |
| 22 | ov_022 | 1.17082 × 10^322 |
| 23 | ov_023 | 7.43136 × 10^321 |
| 24 | ov_024 | 4.47562 × 10^321 |
| 25 | ov_025 | 2.52752 × 10^321 |
| 26 | ov_026 | 1.31782 × 10^321 |
| 27 | ov_027 | 6.21510 × 10^320 |
| 28 | ov_028 | 2.57796 × 10^320 |
| 29 | ov_029 | 9.01408 × 10^319 |
| 30 | ov_030 | 2.47534 × 10^319 |
| 31 | ov_031 | 4.83022 × 10^318 |
| 32 | lv_80_m31 | 9.42352 × 10^317 |
| 33 | ov_033 | 1.14790 × 10^319 |
| 34 | ov_034 | 9.99994 × 10^318 |
| 35 | ov_035 | 8.67134 × 10^318 |
| 36 | ov_036 | 7.48197 × 10^318 |
| 37 | ov_037 | 6.42116 × 10^318 |
| 38 | ov_038 | 5.47881 × 10^318 |
| 39 | ov_039 | 4.64536 × 10^318 |
| 40 | ov_040 | 3.91177 × 10^318 |
| 41 | ov_041 | 3.26947 × 10^318 |
| 42 | ov_042 | 2.71036 × 10^318 |
| 43 | ov_043 | 2.22677 × 10^318 |
| 44 | ov_044 | 1.81144 × 10^318 |
| 45 | ov_045 | 1.45752 × 10^318 |
| 46 | ov_046 | 1.15855 × 10^318 |
| 47 | ov_047 | 9.08465 × 10^317 |
| 48 | ov_048 | 7.01546 × 10^317 |
| 49 | ov_049 | 5.32463 × 10^317 |
| 50 | ov_050 | 3.96245 × 10^317 |
| 51 | ov_051 | 2.88276 × 10^317 |
| 52 | ov_052 | 2.04299 × 10^317 |
| 53 | ov_053 | 1.40414 × 10^317 |
| 54 | ov_054 | 9.30708 × 10^316 |
| 55 | ov_055 | 5.90731 × 10^316 |
| 56 | ov_056 | 3.55775 × 10^316 |
| 57 | ov_057 | 2.00917 × 10^316 |
| 58 | ov_058 | 1.04756 × 10^316 |
| 59 | ov_059 | 4.94049 × 10^315 |
| 60 | ov_060 | 2.04926 × 10^315 |
| 61 | ov_061 | 7.16545 × 10^314 |
| 62 | ov_062 | 1.96769 × 10^314 |
| 63 | ov_063 | 3.83962 × 10^313 |
| 64 | lv_79_m31 | 7.49092 × 10^312 |
| 65 | ov_065 | 9.12479 × 10^313 |
| 66 | ov_066 | 9.12477 × 10^313 |
| 67 | ov_067 | 9.12476 × 10^313 |
| 68 | ov_068 | 7.94896 × 10^313 |
| 69 | ov_069 | 6.89284 × 10^313 |
| 70 | ov_070 | 5.94739 × 10^313 |
| 71 | ov_071 | 5.10413 × 10^313 |
| 72 | ov_072 | 4.35504 × 10^313 |
| 73 | ov_073 | 3.69252 × 10^313 |
| 74 | ov_074 | 3.10937 × 10^313 |
| 75 | ov_075 | 2.59880 × 10^313 |
| 76 | ov_076 | 2.15436 × 10^313 |
| 77 | ov_077 | 1.76994 × 10^313 |
| 78 | ov_078 | 1.43979 × 10^313 |
| 79 | ov_079 | 1.15845 × 10^313 |
| 80 | ov_080 | 9.20799 × 10^312 |
| 81 | ov_081 | 7.21998 × 10^312 |
| 82 | ov_082 | 5.57514 × 10^312 |
| 83 | ov_083 | 4.23108 × 10^312 |
| 84 | ov_084 | 3.14825 × 10^312 |
| 85 | ov_085 | 2.28999 × 10^312 |
| 86 | ov_086 | 1.62245 × 10^312 |
| 87 | ov_087 | 1.11461 × 10^312 |
| 88 | ov_088 | 7.38272 × 10^311 |
| 89 | ov_089 | 4.68018 × 10^311 |
| 90 | ov_090 | 2.81247 × 10^311 |
| 91 | ov_091 | 1.58148 × 10^311 |
| 92 | ov_092 | 8.17085 × 10^310 |
| 93 | ov_093 | 3.77086 × 10^310 |
| 94 | ov_094 | 1.47258 × 10^310 |
| 95 | aaa_78_28 | 4.13178 × 10^309 |
| 96 | aaa_78_29 | 1.25893 × 10^309 |
| 97 | ov_097 | 7.25345 × 10^308 |
| 98 | ov_098 | 7.25343 × 10^308 |
| 99 | ov_099 | 7.25343 × 10^308 |
| 100 | ov_100 | 6.31877 × 10^308 |
| 101 | ov_101 | 5.47923 × 10^308 |
| 102 | ov_102 | 4.72768 × 10^308 |
| 103 | ov_103 | 4.05736 × 10^308 |
| 104 | ov_104 | 3.46189 × 10^308 |
| 105 | ov_105 | 2.93524 × 10^308 |
| 106 | ov_106 | 2.47169 × 10^308 |
| 107 | ov_107 | 2.06583 × 10^308 |
| 108 | ov_108 | 1.71253 × 10^308 |
| 109 | ov_109 | 1.40695 × 10^308 |
| 110 | ov_110 | 1.14451 × 10^308 |
| 111 | ov_111 | 9.20874 × 10^307 |
| 112 | ov_112 | 7.31959 × 10^307 |
| 113 | ov_113 | 5.73928 × 10^307 |
| 114 | ov_114 | 4.43178 × 10^307 |
| 115 | ov_115 | 3.36336 × 10^307 |
| 116 | ov_116 | 2.50260 × 10^307 |
| 117 | ov_117 | 1.82035 × 10^307 |
| 118 | ov_118 | 1.28971 × 10^307 |
| 119 | ov_119 | 8.86025 × 10^306 |
| 120 | ov_120 | 5.86865 × 10^306 |
| 121 | ov_121 | 3.72036 × 10^306 |
| 122 | ov_122 | 2.23568 × 10^306 |
| 123 | ov_123 | 1.25715 × 10^306 |
| 124 | ov_124 | 6.49515 × 10^305 |
| 125 | ov_125 | 2.99752 × 10^305 |
| 126 | ov_126 | 1.17057 × 10^305 |
| 127 | aaa_77_28 | 3.28442 × 10^304 |
| 128 | aaa_77_29 | 1.00075 × 10^304 |
| 129 | ov_129 | 5.76351 × 10^303 |
| 130 | ov_130 | 5.76349 × 10^303 |
| 131 | ov_131 | 5.76349 × 10^303 |
| 132 | ov_132 | 5.02051 × 10^303 |
| 133 | ov_133 | 4.35315 × 10^303 |
| 134 | ov_134 | 3.75573 × 10^303 |
| 135 | ov_135 | 3.22288 × 10^303 |
| 136 | ov_136 | 2.74954 × 10^303 |
| 137 | ov_137 | 2.33089 × 10^303 |
| 138 | ov_138 | 1.96241 × 10^303 |
| 139 | ov_139 | 1.63978 × 10^303 |
| 140 | ov_140 | 1.35894 × 10^303 |
| 141 | ov_141 | 1.11603 × 10^303 |
| 142 | ov_142 | 9.07411 × 10^302 |
| 143 | ov_143 | 7.29636 × 10^302 |
| 144 | ov_144 | 5.79464 × 10^302 |
| 145 | ov_145 | 4.53843 × 10^302 |
| 146 | ov_146 | 3.49907 × 10^302 |
| 147 | ov_147 | 2.64976 × 10^302 |
| 148 | ov_148 | 1.96553 × 10^302 |
| 149 | ov_149 | 1.42320 × 10^302 |
| 150 | ov_150 | 1.00138 × 10^302 |
| 151 | ov_151 | 6.80489 × 10^301 |
| 152 | ov_152 | 4.42681 × 10^301 |
| 153 | ov_153 | 2.71910 × 10^301 |
| 154 | ov_154 | 1.53890 × 10^301 |
| 155 | ov_155 | 7.61052 × 10^300 |
| 156 | aaa_76_25 | 2.78032 × 10^300 |
| 157 | aaa_76_26 | 1.45227 × 10^300 |
| 158 | aaa_76_27 | 6.69428 × 10^299 |
| 159 | aaa_76_28 | 2.61084 × 10^299 |
| 160 | aaa_76_29 | 7.95514 × 10^298 |

## Output Bits Sorted by Complexity

| Rank | Output Bit | Complexity |
|:----:|:----------:|:----------:|
| 160 | aaa_76_29 | 7.95514 × 10^298 |
| 159 | aaa_76_28 | 2.61084 × 10^299 |
| 158 | aaa_76_27 | 6.69428 × 10^299 |
| 157 | aaa_76_26 | 1.45227 × 10^300 |
| 156 | aaa_76_25 | 2.78032 × 10^300 |
| 155 | ov_155 | 7.61052 × 10^300 |
| 154 | ov_154 | 1.53890 × 10^301 |
| 153 | ov_153 | 2.71910 × 10^301 |
| 152 | ov_152 | 4.42681 × 10^301 |
| 151 | ov_151 | 6.80489 × 10^301 |
| 150 | ov_150 | 1.00138 × 10^302 |
| 149 | ov_149 | 1.42320 × 10^302 |
| 148 | ov_148 | 1.96553 × 10^302 |
| 147 | ov_147 | 2.64976 × 10^302 |
| 146 | ov_146 | 3.49907 × 10^302 |
| 145 | ov_145 | 4.53843 × 10^302 |
| 144 | ov_144 | 5.79464 × 10^302 |
| 143 | ov_143 | 7.29636 × 10^302 |
| 142 | ov_142 | 9.07411 × 10^302 |
| 141 | ov_141 | 1.11603 × 10^303 |
| 140 | ov_140 | 1.35894 × 10^303 |
| 139 | ov_139 | 1.63978 × 10^303 |
| 138 | ov_138 | 1.96241 × 10^303 |
| 137 | ov_137 | 2.33089 × 10^303 |
| 136 | ov_136 | 2.74954 × 10^303 |
| 135 | ov_135 | 3.22288 × 10^303 |
| 134 | ov_134 | 3.75573 × 10^303 |
| 133 | ov_133 | 4.35315 × 10^303 |
| 132 | ov_132 | 5.02051 × 10^303 |
| 131 | ov_131 | 5.76349 × 10^303 |
| 130 | ov_130 | 5.76349 × 10^303 |
| 129 | ov_129 | 5.76351 × 10^303 |
| 128 | aaa_77_29 | 1.00075 × 10^304 |
| 127 | aaa_77_28 | 3.28442 × 10^304 |
| 126 | ov_126 | 1.17057 × 10^305 |
| 125 | ov_125 | 2.99752 × 10^305 |
| 124 | ov_124 | 6.49515 × 10^305 |
| 123 | ov_123 | 1.25715 × 10^306 |
| 122 | ov_122 | 2.23568 × 10^306 |
| 121 | ov_121 | 3.72036 × 10^306 |
| 120 | ov_120 | 5.86865 × 10^306 |
| 119 | ov_119 | 8.86025 × 10^306 |
| 118 | ov_118 | 1.28971 × 10^307 |
| 117 | ov_117 | 1.82035 × 10^307 |
| 116 | ov_116 | 2.50260 × 10^307 |
| 115 | ov_115 | 3.36336 × 10^307 |
| 114 | ov_114 | 4.43178 × 10^307 |
| 113 | ov_113 | 5.73928 × 10^307 |
| 112 | ov_112 | 7.31959 × 10^307 |
| 111 | ov_111 | 9.20874 × 10^307 |
| 110 | ov_110 | 1.14451 × 10^308 |
| 109 | ov_109 | 1.40695 × 10^308 |
| 108 | ov_108 | 1.71253 × 10^308 |
| 107 | ov_107 | 2.06583 × 10^308 |
| 106 | ov_106 | 2.47169 × 10^308 |
| 105 | ov_105 | 2.93524 × 10^308 |
| 104 | ov_104 | 3.46189 × 10^308 |
| 103 | ov_103 | 4.05736 × 10^308 |
| 102 | ov_102 | 4.72768 × 10^308 |
| 101 | ov_101 | 5.47923 × 10^308 |
| 100 | ov_100 | 6.31877 × 10^308 |
| 99 | ov_099 | 7.25343 × 10^308 |
| 98 | ov_098 | 7.25343 × 10^308 |
| 97 | ov_097 | 7.25345 × 10^308 |
| 96 | aaa_78_29 | 1.25893 × 10^309 |
| 95 | aaa_78_28 | 4.13178 × 10^309 |
| 94 | ov_094 | 1.47258 × 10^310 |
| 93 | ov_093 | 3.77086 × 10^310 |
| 92 | ov_092 | 8.17085 × 10^310 |
| 91 | ov_091 | 1.58148 × 10^311 |
| 90 | ov_090 | 2.81247 × 10^311 |
| 89 | ov_089 | 4.68018 × 10^311 |
| 88 | ov_088 | 7.38272 × 10^311 |
| 87 | ov_087 | 1.11461 × 10^312 |
| 86 | ov_086 | 1.62245 × 10^312 |
| 85 | ov_085 | 2.28999 × 10^312 |
| 84 | ov_084 | 3.14825 × 10^312 |
| 83 | ov_083 | 4.23108 × 10^312 |
| 82 | ov_082 | 5.57514 × 10^312 |
| 81 | ov_081 | 7.21998 × 10^312 |
| 64 | lv_79_m31 | 7.49092 × 10^312 |
| 80 | ov_080 | 9.20799 × 10^312 |
| 79 | ov_079 | 1.15845 × 10^313 |
| 78 | ov_078 | 1.43979 × 10^313 |
| 77 | ov_077 | 1.76994 × 10^313 |
| 76 | ov_076 | 2.15436 × 10^313 |
| 75 | ov_075 | 2.59880 × 10^313 |
| 74 | ov_074 | 3.10937 × 10^313 |
| 73 | ov_073 | 3.69252 × 10^313 |
| 63 | ov_063 | 3.83962 × 10^313 |
| 72 | ov_072 | 4.35504 × 10^313 |
| 71 | ov_071 | 5.10413 × 10^313 |
| 70 | ov_070 | 5.94739 × 10^313 |
| 69 | ov_069 | 6.89284 × 10^313 |
| 68 | ov_068 | 7.94896 × 10^313 |
| 67 | ov_067 | 9.12476 × 10^313 |
| 66 | ov_066 | 9.12477 × 10^313 |
| 65 | ov_065 | 9.12479 × 10^313 |
| 62 | ov_062 | 1.96769 × 10^314 |
| 61 | ov_061 | 7.16545 × 10^314 |
| 60 | ov_060 | 2.04926 × 10^315 |
| 59 | ov_059 | 4.94049 × 10^315 |
| 58 | ov_058 | 1.04756 × 10^316 |
| 57 | ov_057 | 2.00917 × 10^316 |
| 56 | ov_056 | 3.55775 × 10^316 |
| 55 | ov_055 | 5.90731 × 10^316 |
| 54 | ov_054 | 9.30708 × 10^316 |
| 53 | ov_053 | 1.40414 × 10^317 |
| 52 | ov_052 | 2.04299 × 10^317 |
| 51 | ov_051 | 2.88276 × 10^317 |
| 50 | ov_050 | 3.96245 × 10^317 |
| 49 | ov_049 | 5.32463 × 10^317 |
| 48 | ov_048 | 7.01546 × 10^317 |
| 47 | ov_047 | 9.08465 × 10^317 |
| 32 | lv_80_m31 | 9.42352 × 10^317 |
| 46 | ov_046 | 1.15855 × 10^318 |
| 45 | ov_045 | 1.45752 × 10^318 |
| 44 | ov_044 | 1.81144 × 10^318 |
| 43 | ov_043 | 2.22677 × 10^318 |
| 42 | ov_042 | 2.71036 × 10^318 |
| 41 | ov_041 | 3.26947 × 10^318 |
| 40 | ov_040 | 3.91177 × 10^318 |
| 39 | ov_039 | 4.64536 × 10^318 |
| 31 | ov_031 | 4.83022 × 10^318 |
| 38 | ov_038 | 5.47881 × 10^318 |
| 37 | ov_037 | 6.42116 × 10^318 |
| 36 | ov_036 | 7.48197 × 10^318 |
| 35 | ov_035 | 8.67134 × 10^318 |
| 34 | ov_034 | 9.99994 × 10^318 |
| 33 | ov_033 | 1.14790 × 10^319 |
| 30 | ov_030 | 2.47534 × 10^319 |
| 29 | ov_029 | 9.01408 × 10^319 |
| 28 | ov_028 | 2.57796 × 10^320 |
| 27 | ov_027 | 6.21510 × 10^320 |
| 26 | ov_026 | 1.31782 × 10^321 |
| 25 | ov_025 | 2.52752 × 10^321 |
| 24 | ov_024 | 4.47562 × 10^321 |
| 23 | ov_023 | 7.43136 × 10^321 |
| 22 | ov_022 | 1.17082 × 10^322 |
| 21 | ov_021 | 1.76640 × 10^322 |
| 20 | ov_020 | 2.57007 × 10^322 |
| 19 | ov_019 | 3.62649 × 10^322 |
| 18 | ov_018 | 4.98473 × 10^322 |
| 17 | ov_017 | 6.69835 × 10^322 |
| 16 | ov_016 | 8.82540 × 10^322 |
| 15 | ov_015 | 1.14284 × 10^323 |
| 14 | ov_014 | 1.45745 × 10^323 |
| 13 | ov_013 | 1.83355 × 10^323 |
| 12 | ov_012 | 2.27878 × 10^323 |
| 11 | ov_011 | 2.80126 × 10^323 |
| 10 | ov_010 | 3.40962 × 10^323 |
| 9 | ov_009 | 4.11297 × 10^323 |
| 8 | ov_008 | 4.92097 × 10^323 |
| 7 | ov_007 | 5.84383 × 10^323 |
| 6 | ov_006 | 6.89230 × 10^323 |
| 5 | ov_005 | 8.07777 × 10^323 |
| 4 | ov_004 | 9.41226 × 10^323 |
| 3 | ov_003 | 1.09084 × 10^324 |
| 2 | ov_002 | 1.25798 × 10^324 |
| 1 | ov_001 | 1.44406 × 10^324 |

