# Results for T001-T002-F003-F004-F005-T006-T007-F008-T009-F010-F011-T012-F013-F014-F015-T016-F017-F018-F019-F020-T021-F022-F023-T024-F025-T026-F027-T028-T029-F030-F031-F032-F033-F034-T035-F036-T037-T038-F039-F040-T041-T042-T043-F044-F045-F046-F047-F048-F049-F050-F051-F052-F053-F054-F055-F056-T057-F058-T059-F060-F061-T062-T063-T064-F065-T066-T067-T068-T069-T070-F071-T072-T073-T074-T075-T076-T077-T078-F079-F080-F081-F082-F083-F084-F085-F086-F087-T088-T089-F090-T091-F092-F093-F094-F095-T096-T097-F098-T099-F100-T101-F102-F103-T104-T105-T106-T107-F108-T109-T110-T111-T112-T113-T114-T115-T116-F117-T118-F119-T120-T121-F122-F123-F124-F125-T126-F127-F128-F129-T130-F131-F132-T133-F134-T135-T136-F137-F138-T139-T140-F141-T142-F143-T144-T145-T146-F147-F148-T149-T150-T151-F152-T153-T154-F155-F156-F157-T158-F159-T160-F161-F162-F163-T164-F165-T166-T167-F168-T169-F170-T171-T172-F173-F174-T175-F176-T177-T178-T179-T180-T181-F182-T183-T184-T185-F186-T187-F188-F189-T190-F191-T192-T193-F194-F195-F196-T197-F198-F199-T200-F201-T202-F203-F204-F205-F206-T207-F208-F209-F210-F211-T212-F213-T214-T215-T216-F217-T218-T219-F220-F221-F222-F223-F224-T225-F226-T227-T228-T229-T230-F231-F232-F233-F234-F235-T236-T237-T238-T239-T240-F241-T242-F243-F244-T245-T246-T247-T248-F249-T250-F251-T252-F253-T254-F255-F256-T257-F258-F259-F260-T261-F262-F263-T264-F265-F266-F267-T268-T269-F270-T271-F272-T273-F274-F275-F276-T277-F278-F279-T280-F281-F282-F283-T284-F285-T286-T287-F288-T289-T290-T291-F292-F293-T294-T295-F296-T297-F298-T299-T300-T301-T302-T303-F304-F305-F306-F307-F308-T309-T310-F311-T312-F313-T314-T315-F316-T317-F318-T319-F320-F321-F322-T323-F324-F325-F326-F327-F328-F329-T330-F331-F332-T333-T334-T335-F336-F337-T338-F339-T340-F341-F342-T343-T344-F345-T346-F347-T348-F349-F350-T351-T352-F353-T354-F355-F356-T357-F358-F359-F360-F361-T362-T363-T364-T365-T366-T367-F368-F369-T370-F371-F372-T373-F374-T375-T376-F377-T378-F379-F380-T381-F382-F383-F384-T385-F386-T387-F388-T389-F390-F391-F392-F393-T394-F395-T396-T397-T398-T399-T400-T401-T402-T403-F404-T405-F406-F407-F408-F409-F410-F411-T412-T413-F414-T415-F416-T417-T418-T419-T420-F421-F422-T423-F424-F425-T426-F427-F428-T429-F430-F431-T432-F433-T434-T435-T436-F437-F438-F439-F440-F441-T442-T443-T444-F445-F446-F447-F448-F449-F450-T451-F452-T453-T454-F456-T458-F459-F460-F461-F463-F464-F465-T466-F467-T468-F469-F470-F471-F472-F473-T474-T475-T476-F477-F478-F479-F480

## Summary

Number of input bits: 512  
Number of free input bits: 35  
Number of output bits: 160

Number of assignments: 19792  
Number of operations: 48063
(xor: 20564,
and: 14098,
or: 13401)

Total complexity: 1.04892 × 10^327

Least complex input bit: iv_481 (8.40034 × 10^323)  
Most complex input bit: iv_509 (7.41215 × 10^325)

Least complex output bit: aaa_76_29 (8.94884 × 10^300)  
Most complex output bit: ov_001 (1.62444 × 10^326)

Least complex input/output complexity: iv_481/aaa_76_29 (7.16670 × 10^297)  
Most complex input/output complexity: iv_509/ov_001 (1.14790 × 10^325)

## Input Bits

| Input Bit | Complexity | Occurrences |
|:---------:|:----------:|:-----------:|
| iv_455 | 5.98937 × 10^324 | 28 |
| iv_457 | 2.21393 × 10^325 | 41 |
| iv_462 | 5.81999 × 10^325 | 41 |
| iv_481 | 8.40034 × 10^323 | 49 |
| iv_482 | 3.45897 × 10^324 | 48 |
| iv_483 | 4.50479 × 10^324 | 49 |
| iv_484 | 1.10109 × 10^325 | 50 |
| iv_485 | 8.51661 × 10^324 | 45 |
| iv_486 | 1.05271 × 10^325 | 49 |
| iv_487 | 1.25379 × 10^325 | 45 |
| iv_488 | 2.70874 × 10^325 | 51 |
| iv_489 | 3.11124 × 10^325 | 53 |
| iv_490 | 1.85801 × 10^325 | 34 |
| iv_491 | 2.06076 × 10^325 | 34 |
| iv_492 | 2.26458 × 10^325 | 30 |
| iv_493 | 2.47003 × 10^325 | 34 |
| iv_494 | 2.67786 × 10^325 | 52 |
| iv_495 | 2.88901 × 10^325 | 52 |
| iv_496 | 3.10464 × 10^325 | 52 |
| iv_497 | 3.32618 × 10^325 | 34 |
| iv_498 | 3.55530 × 10^325 | 34 |
| iv_499 | 3.79401 × 10^325 | 52 |
| iv_500 | 4.04462 × 10^325 | 52 |
| iv_501 | 4.30979 × 10^325 | 52 |
| iv_502 | 4.59258 × 10^325 | 52 |
| iv_503 | 4.89642 × 10^325 | 52 |
| iv_504 | 5.22519 × 10^325 | 52 |
| iv_505 | 5.58322 × 10^325 | 52 |
| iv_506 | 5.97532 × 10^325 | 52 |
| iv_507 | 6.40684 × 10^325 | 52 |
| iv_508 | 6.88363 × 10^325 | 52 |
| iv_509 | 7.41215 × 10^325 | 54 |
| iv_510 | 5.87314 × 10^324 | 52 |
| iv_511 | 6.53807 × 10^324 | 52 |
| iv_512 | 7.28697 × 10^324 | 61 |

## Input Bits Sorted by Complexity

| Input Bit | Complexity | Occurrences |
|:---------:|:----------:|:-----------:|
| iv_481 | 8.40034 × 10^323 | 49 |
| iv_482 | 3.45897 × 10^324 | 48 |
| iv_483 | 4.50479 × 10^324 | 49 |
| iv_510 | 5.87314 × 10^324 | 52 |
| iv_455 | 5.98937 × 10^324 | 28 |
| iv_511 | 6.53807 × 10^324 | 52 |
| iv_512 | 7.28697 × 10^324 | 61 |
| iv_485 | 8.51661 × 10^324 | 45 |
| iv_486 | 1.05271 × 10^325 | 49 |
| iv_484 | 1.10109 × 10^325 | 50 |
| iv_487 | 1.25379 × 10^325 | 45 |
| iv_490 | 1.85801 × 10^325 | 34 |
| iv_491 | 2.06076 × 10^325 | 34 |
| iv_457 | 2.21393 × 10^325 | 41 |
| iv_492 | 2.26458 × 10^325 | 30 |
| iv_493 | 2.47003 × 10^325 | 34 |
| iv_494 | 2.67786 × 10^325 | 52 |
| iv_488 | 2.70874 × 10^325 | 51 |
| iv_495 | 2.88901 × 10^325 | 52 |
| iv_496 | 3.10464 × 10^325 | 52 |
| iv_489 | 3.11124 × 10^325 | 53 |
| iv_497 | 3.32618 × 10^325 | 34 |
| iv_498 | 3.55530 × 10^325 | 34 |
| iv_499 | 3.79401 × 10^325 | 52 |
| iv_500 | 4.04462 × 10^325 | 52 |
| iv_501 | 4.30979 × 10^325 | 52 |
| iv_502 | 4.59258 × 10^325 | 52 |
| iv_503 | 4.89642 × 10^325 | 52 |
| iv_504 | 5.22519 × 10^325 | 52 |
| iv_505 | 5.58322 × 10^325 | 52 |
| iv_462 | 5.81999 × 10^325 | 41 |
| iv_506 | 5.97532 × 10^325 | 52 |
| iv_507 | 6.40684 × 10^325 | 52 |
| iv_508 | 6.88363 × 10^325 | 52 |
| iv_509 | 7.41215 × 10^325 | 54 |

## Input Bits Sorted by Occurrences

| Input Bit | Complexity | Occurrences |
|:---------:|:----------:|:-----------:|
| iv_455 | 5.98937 × 10^324 | 28 |
| iv_492 | 2.26458 × 10^325 | 30 |
| iv_498 | 3.55530 × 10^325 | 34 |
| iv_497 | 3.32618 × 10^325 | 34 |
| iv_491 | 2.06076 × 10^325 | 34 |
| iv_490 | 1.85801 × 10^325 | 34 |
| iv_493 | 2.47003 × 10^325 | 34 |
| iv_457 | 2.21393 × 10^325 | 41 |
| iv_462 | 5.81999 × 10^325 | 41 |
| iv_487 | 1.25379 × 10^325 | 45 |
| iv_485 | 8.51661 × 10^324 | 45 |
| iv_482 | 3.45897 × 10^324 | 48 |
| iv_483 | 4.50479 × 10^324 | 49 |
| iv_486 | 1.05271 × 10^325 | 49 |
| iv_481 | 8.40034 × 10^323 | 49 |
| iv_484 | 1.10109 × 10^325 | 50 |
| iv_488 | 2.70874 × 10^325 | 51 |
| iv_494 | 2.67786 × 10^325 | 52 |
| iv_495 | 2.88901 × 10^325 | 52 |
| iv_496 | 3.10464 × 10^325 | 52 |
| iv_499 | 3.79401 × 10^325 | 52 |
| iv_500 | 4.04462 × 10^325 | 52 |
| iv_501 | 4.30979 × 10^325 | 52 |
| iv_510 | 5.87314 × 10^324 | 52 |
| iv_502 | 4.59258 × 10^325 | 52 |
| iv_503 | 4.89642 × 10^325 | 52 |
| iv_508 | 6.88363 × 10^325 | 52 |
| iv_505 | 5.58322 × 10^325 | 52 |
| iv_506 | 5.97532 × 10^325 | 52 |
| iv_507 | 6.40684 × 10^325 | 52 |
| iv_511 | 6.53807 × 10^324 | 52 |
| iv_504 | 5.22519 × 10^325 | 52 |
| iv_489 | 3.11124 × 10^325 | 53 |
| iv_509 | 7.41215 × 10^325 | 54 |
| iv_512 | 7.28697 × 10^324 | 61 |

## Output Bits

| Rank | Output Bit | Complexity |
|:----:|:----------:|:----------:|
| 1 | ov_001 | 1.62444 × 10^326 |
| 2 | ov_002 | 1.41512 × 10^326 |
| 3 | ov_003 | 1.22710 × 10^326 |
| 4 | ov_004 | 1.05879 × 10^326 |
| 5 | ov_005 | 9.08679 × 10^325 |
| 6 | ov_006 | 7.75323 × 10^325 |
| 7 | ov_007 | 6.57379 × 10^325 |
| 8 | ov_008 | 5.53567 × 10^325 |
| 9 | ov_009 | 4.62673 × 10^325 |
| 10 | ov_010 | 3.83552 × 10^325 |
| 11 | ov_011 | 3.15117 × 10^325 |
| 12 | ov_012 | 2.56342 × 10^325 |
| 13 | ov_013 | 2.06258 × 10^325 |
| 14 | ov_014 | 1.63950 × 10^325 |
| 15 | ov_015 | 1.28559 × 10^325 |
| 16 | ov_016 | 9.92780 × 10^324 |
| 17 | ov_017 | 7.53506 × 10^324 |
| 18 | ov_018 | 5.60738 × 10^324 |
| 19 | ov_019 | 4.07948 × 10^324 |
| 20 | ov_020 | 2.89111 × 10^324 |
| 21 | ov_021 | 1.98704 × 10^324 |
| 22 | ov_022 | 1.31707 × 10^324 |
| 23 | ov_023 | 8.35963 × 10^323 |
| 24 | ov_024 | 5.03468 × 10^323 |
| 25 | ov_025 | 2.84324 × 10^323 |
| 26 | ov_026 | 1.48244 × 10^323 |
| 27 | ov_027 | 6.99144 × 10^322 |
| 28 | ov_028 | 2.89998 × 10^322 |
| 29 | ov_029 | 1.01400 × 10^322 |
| 30 | ov_030 | 2.78455 × 10^321 |
| 31 | ov_031 | 5.43357 × 10^320 |
| 32 | lv_80_m31 | 1.06006 × 10^320 |
| 33 | ov_033 | 1.29129 × 10^321 |
| 34 | ov_034 | 1.12490 × 10^321 |
| 35 | ov_035 | 9.75450 × 10^320 |
| 36 | ov_036 | 8.41656 × 10^320 |
| 37 | ov_037 | 7.22324 × 10^320 |
| 38 | ov_038 | 6.16318 × 10^320 |
| 39 | ov_039 | 5.22562 × 10^320 |
| 40 | ov_040 | 4.40040 × 10^320 |
| 41 | ov_041 | 3.67787 × 10^320 |
| 42 | ov_042 | 3.04892 × 10^320 |
| 43 | ov_043 | 2.50492 × 10^320 |
| 44 | ov_044 | 2.03771 × 10^320 |
| 45 | ov_045 | 1.63958 × 10^320 |
| 46 | ov_046 | 1.30327 × 10^320 |
| 47 | ov_047 | 1.02194 × 10^320 |
| 48 | ov_048 | 7.89178 × 10^319 |
| 49 | ov_049 | 5.98975 × 10^319 |
| 50 | ov_050 | 4.45741 × 10^319 |
| 51 | ov_051 | 3.24285 × 10^319 |
| 52 | ov_052 | 2.29819 × 10^319 |
| 53 | ov_053 | 1.57953 × 10^319 |
| 54 | ov_054 | 1.04696 × 10^319 |
| 55 | ov_055 | 6.64521 × 10^318 |
| 56 | ov_056 | 4.00215 × 10^318 |
| 57 | ov_057 | 2.26014 × 10^318 |
| 58 | ov_058 | 1.17841 × 10^318 |
| 59 | ov_059 | 5.55762 × 10^317 |
| 60 | ov_060 | 2.30524 × 10^317 |
| 61 | ov_061 | 8.06050 × 10^316 |
| 62 | ov_062 | 2.21348 × 10^316 |
| 63 | ov_063 | 4.31924 × 10^315 |
| 64 | lv_79_m31 | 8.42663 × 10^314 |
| 65 | ov_065 | 1.02645 × 10^316 |
| 66 | ov_066 | 1.02645 × 10^316 |
| 67 | ov_067 | 1.02645 × 10^316 |
| 68 | ov_068 | 8.94189 × 10^315 |
| 69 | ov_069 | 7.75384 × 10^315 |
| 70 | ov_070 | 6.69029 × 10^315 |
| 71 | ov_071 | 5.74170 × 10^315 |
| 72 | ov_072 | 4.89904 × 10^315 |
| 73 | ov_073 | 4.15376 × 10^315 |
| 74 | ov_074 | 3.49777 × 10^315 |
| 75 | ov_075 | 2.92342 × 10^315 |
| 76 | ov_076 | 2.42346 × 10^315 |
| 77 | ov_077 | 1.99103 × 10^315 |
| 78 | ov_078 | 1.61963 × 10^315 |
| 79 | ov_079 | 1.30315 × 10^315 |
| 80 | ov_080 | 1.03581 × 10^315 |
| 81 | ov_081 | 8.12184 × 10^314 |
| 82 | ov_082 | 6.27155 × 10^314 |
| 83 | ov_083 | 4.75959 × 10^314 |
| 84 | ov_084 | 3.54151 × 10^314 |
| 85 | ov_085 | 2.57604 × 10^314 |
| 86 | ov_086 | 1.82511 × 10^314 |
| 87 | ov_087 | 1.25384 × 10^314 |
| 88 | ov_088 | 8.30491 × 10^313 |
| 89 | ov_089 | 5.26480 × 10^313 |
| 90 | ov_090 | 3.16378 × 10^313 |
| 91 | ov_091 | 1.77903 × 10^313 |
| 92 | ov_092 | 9.19149 × 10^312 |
| 93 | ov_093 | 4.24189 × 10^312 |
| 94 | ov_094 | 1.65652 × 10^312 |
| 95 | aaa_78_28 | 4.64789 × 10^311 |
| 96 | aaa_78_29 | 1.41619 × 10^311 |
| 97 | ov_097 | 8.15950 × 10^310 |
| 98 | ov_098 | 8.15948 × 10^310 |
| 99 | ov_099 | 8.15947 × 10^310 |
| 100 | ov_100 | 7.10806 × 10^310 |
| 101 | ov_101 | 6.16366 × 10^310 |
| 102 | ov_102 | 5.31823 × 10^310 |
| 103 | ov_103 | 4.56418 × 10^310 |
| 104 | ov_104 | 3.89433 × 10^310 |
| 105 | ov_105 | 3.30189 × 10^310 |
| 106 | ov_106 | 2.78044 × 10^310 |
| 107 | ov_107 | 2.32388 × 10^310 |
| 108 | ov_108 | 1.92645 × 10^310 |
| 109 | ov_109 | 1.58270 × 10^310 |
| 110 | ov_110 | 1.28747 × 10^310 |
| 111 | ov_111 | 1.03590 × 10^310 |
| 112 | ov_112 | 8.23390 × 10^309 |
| 113 | ov_113 | 6.45619 × 10^309 |
| 114 | ov_114 | 4.98536 × 10^309 |
| 115 | ov_115 | 3.78348 × 10^309 |
| 116 | ov_116 | 2.81520 × 10^309 |
| 117 | ov_117 | 2.04773 × 10^309 |
| 118 | ov_118 | 1.45081 × 10^309 |
| 119 | ov_119 | 9.96701 × 10^308 |
| 120 | ov_120 | 6.60172 × 10^308 |
| 121 | ov_121 | 4.18508 × 10^308 |
| 122 | ov_122 | 2.51495 × 10^308 |
| 123 | ov_123 | 1.41418 × 10^308 |
| 124 | ov_124 | 7.30648 × 10^307 |
| 125 | ov_125 | 3.37195 × 10^307 |
| 126 | ov_126 | 1.31679 × 10^307 |
| 127 | aaa_77_28 | 3.69469 × 10^306 |
| 128 | aaa_77_29 | 1.12575 × 10^306 |
| 129 | ov_129 | 6.48344 × 10^305 |
| 130 | ov_130 | 6.48343 × 10^305 |
| 131 | ov_131 | 6.48342 × 10^305 |
| 132 | ov_132 | 5.64764 × 10^305 |
| 133 | ov_133 | 4.89692 × 10^305 |
| 134 | ov_134 | 4.22487 × 10^305 |
| 135 | ov_135 | 3.62546 × 10^305 |
| 136 | ov_136 | 3.09299 × 10^305 |
| 137 | ov_137 | 2.62205 × 10^305 |
| 138 | ov_138 | 2.20754 × 10^305 |
| 139 | ov_139 | 1.84461 × 10^305 |
| 140 | ov_140 | 1.52869 × 10^305 |
| 141 | ov_141 | 1.25543 × 10^305 |
| 142 | ov_142 | 1.02075 × 10^305 |
| 143 | ov_143 | 8.20777 × 10^304 |
| 144 | ov_144 | 6.51846 × 10^304 |
| 145 | ov_145 | 5.10533 × 10^304 |
| 146 | ov_146 | 3.93614 × 10^304 |
| 147 | ov_147 | 2.98075 × 10^304 |
| 148 | ov_148 | 2.21105 × 10^304 |
| 149 | ov_149 | 1.60097 × 10^304 |
| 150 | ov_150 | 1.12647 × 10^304 |
| 151 | ov_151 | 7.65490 × 10^303 |
| 152 | ov_152 | 4.97977 × 10^303 |
| 153 | ov_153 | 3.05875 × 10^303 |
| 154 | ov_154 | 1.73113 × 10^303 |
| 155 | ov_155 | 8.56117 × 10^302 |
| 156 | aaa_76_25 | 3.12762 × 10^302 |
| 157 | aaa_76_26 | 1.63367 × 10^302 |
| 158 | aaa_76_27 | 7.53049 × 10^301 |
| 159 | aaa_76_28 | 2.93697 × 10^301 |
| 160 | aaa_76_29 | 8.94884 × 10^300 |

## Output Bits Sorted by Complexity

| Rank | Output Bit | Complexity |
|:----:|:----------:|:----------:|
| 160 | aaa_76_29 | 8.94884 × 10^300 |
| 159 | aaa_76_28 | 2.93697 × 10^301 |
| 158 | aaa_76_27 | 7.53049 × 10^301 |
| 157 | aaa_76_26 | 1.63367 × 10^302 |
| 156 | aaa_76_25 | 3.12762 × 10^302 |
| 155 | ov_155 | 8.56117 × 10^302 |
| 154 | ov_154 | 1.73113 × 10^303 |
| 153 | ov_153 | 3.05875 × 10^303 |
| 152 | ov_152 | 4.97977 × 10^303 |
| 151 | ov_151 | 7.65490 × 10^303 |
| 150 | ov_150 | 1.12647 × 10^304 |
| 149 | ov_149 | 1.60097 × 10^304 |
| 148 | ov_148 | 2.21105 × 10^304 |
| 147 | ov_147 | 2.98075 × 10^304 |
| 146 | ov_146 | 3.93614 × 10^304 |
| 145 | ov_145 | 5.10533 × 10^304 |
| 144 | ov_144 | 6.51846 × 10^304 |
| 143 | ov_143 | 8.20777 × 10^304 |
| 142 | ov_142 | 1.02075 × 10^305 |
| 141 | ov_141 | 1.25543 × 10^305 |
| 140 | ov_140 | 1.52869 × 10^305 |
| 139 | ov_139 | 1.84461 × 10^305 |
| 138 | ov_138 | 2.20754 × 10^305 |
| 137 | ov_137 | 2.62205 × 10^305 |
| 136 | ov_136 | 3.09299 × 10^305 |
| 135 | ov_135 | 3.62546 × 10^305 |
| 134 | ov_134 | 4.22487 × 10^305 |
| 133 | ov_133 | 4.89692 × 10^305 |
| 132 | ov_132 | 5.64764 × 10^305 |
| 131 | ov_131 | 6.48342 × 10^305 |
| 130 | ov_130 | 6.48343 × 10^305 |
| 129 | ov_129 | 6.48344 × 10^305 |
| 128 | aaa_77_29 | 1.12575 × 10^306 |
| 127 | aaa_77_28 | 3.69469 × 10^306 |
| 126 | ov_126 | 1.31679 × 10^307 |
| 125 | ov_125 | 3.37195 × 10^307 |
| 124 | ov_124 | 7.30648 × 10^307 |
| 123 | ov_123 | 1.41418 × 10^308 |
| 122 | ov_122 | 2.51495 × 10^308 |
| 121 | ov_121 | 4.18508 × 10^308 |
| 120 | ov_120 | 6.60172 × 10^308 |
| 119 | ov_119 | 9.96701 × 10^308 |
| 118 | ov_118 | 1.45081 × 10^309 |
| 117 | ov_117 | 2.04773 × 10^309 |
| 116 | ov_116 | 2.81520 × 10^309 |
| 115 | ov_115 | 3.78348 × 10^309 |
| 114 | ov_114 | 4.98536 × 10^309 |
| 113 | ov_113 | 6.45619 × 10^309 |
| 112 | ov_112 | 8.23390 × 10^309 |
| 111 | ov_111 | 1.03590 × 10^310 |
| 110 | ov_110 | 1.28747 × 10^310 |
| 109 | ov_109 | 1.58270 × 10^310 |
| 108 | ov_108 | 1.92645 × 10^310 |
| 107 | ov_107 | 2.32388 × 10^310 |
| 106 | ov_106 | 2.78044 × 10^310 |
| 105 | ov_105 | 3.30189 × 10^310 |
| 104 | ov_104 | 3.89433 × 10^310 |
| 103 | ov_103 | 4.56418 × 10^310 |
| 102 | ov_102 | 5.31823 × 10^310 |
| 101 | ov_101 | 6.16366 × 10^310 |
| 100 | ov_100 | 7.10806 × 10^310 |
| 99 | ov_099 | 8.15947 × 10^310 |
| 98 | ov_098 | 8.15948 × 10^310 |
| 97 | ov_097 | 8.15950 × 10^310 |
| 96 | aaa_78_29 | 1.41619 × 10^311 |
| 95 | aaa_78_28 | 4.64789 × 10^311 |
| 94 | ov_094 | 1.65652 × 10^312 |
| 93 | ov_093 | 4.24189 × 10^312 |
| 92 | ov_092 | 9.19149 × 10^312 |
| 91 | ov_091 | 1.77903 × 10^313 |
| 90 | ov_090 | 3.16378 × 10^313 |
| 89 | ov_089 | 5.26480 × 10^313 |
| 88 | ov_088 | 8.30491 × 10^313 |
| 87 | ov_087 | 1.25384 × 10^314 |
| 86 | ov_086 | 1.82511 × 10^314 |
| 85 | ov_085 | 2.57604 × 10^314 |
| 84 | ov_084 | 3.54151 × 10^314 |
| 83 | ov_083 | 4.75959 × 10^314 |
| 82 | ov_082 | 6.27155 × 10^314 |
| 81 | ov_081 | 8.12184 × 10^314 |
| 64 | lv_79_m31 | 8.42663 × 10^314 |
| 80 | ov_080 | 1.03581 × 10^315 |
| 79 | ov_079 | 1.30315 × 10^315 |
| 78 | ov_078 | 1.61963 × 10^315 |
| 77 | ov_077 | 1.99103 × 10^315 |
| 76 | ov_076 | 2.42346 × 10^315 |
| 75 | ov_075 | 2.92342 × 10^315 |
| 74 | ov_074 | 3.49777 × 10^315 |
| 73 | ov_073 | 4.15376 × 10^315 |
| 63 | ov_063 | 4.31924 × 10^315 |
| 72 | ov_072 | 4.89904 × 10^315 |
| 71 | ov_071 | 5.74170 × 10^315 |
| 70 | ov_070 | 6.69029 × 10^315 |
| 69 | ov_069 | 7.75384 × 10^315 |
| 68 | ov_068 | 8.94189 × 10^315 |
| 67 | ov_067 | 1.02645 × 10^316 |
| 66 | ov_066 | 1.02645 × 10^316 |
| 65 | ov_065 | 1.02645 × 10^316 |
| 62 | ov_062 | 2.21348 × 10^316 |
| 61 | ov_061 | 8.06050 × 10^316 |
| 60 | ov_060 | 2.30524 × 10^317 |
| 59 | ov_059 | 5.55762 × 10^317 |
| 58 | ov_058 | 1.17841 × 10^318 |
| 57 | ov_057 | 2.26014 × 10^318 |
| 56 | ov_056 | 4.00215 × 10^318 |
| 55 | ov_055 | 6.64521 × 10^318 |
| 54 | ov_054 | 1.04696 × 10^319 |
| 53 | ov_053 | 1.57953 × 10^319 |
| 52 | ov_052 | 2.29819 × 10^319 |
| 51 | ov_051 | 3.24285 × 10^319 |
| 50 | ov_050 | 4.45741 × 10^319 |
| 49 | ov_049 | 5.98975 × 10^319 |
| 48 | ov_048 | 7.89178 × 10^319 |
| 47 | ov_047 | 1.02194 × 10^320 |
| 32 | lv_80_m31 | 1.06006 × 10^320 |
| 46 | ov_046 | 1.30327 × 10^320 |
| 45 | ov_045 | 1.63958 × 10^320 |
| 44 | ov_044 | 2.03771 × 10^320 |
| 43 | ov_043 | 2.50492 × 10^320 |
| 42 | ov_042 | 3.04892 × 10^320 |
| 41 | ov_041 | 3.67787 × 10^320 |
| 40 | ov_040 | 4.40040 × 10^320 |
| 39 | ov_039 | 5.22562 × 10^320 |
| 31 | ov_031 | 5.43357 × 10^320 |
| 38 | ov_038 | 6.16318 × 10^320 |
| 37 | ov_037 | 7.22324 × 10^320 |
| 36 | ov_036 | 8.41656 × 10^320 |
| 35 | ov_035 | 9.75450 × 10^320 |
| 34 | ov_034 | 1.12490 × 10^321 |
| 33 | ov_033 | 1.29129 × 10^321 |
| 30 | ov_030 | 2.78455 × 10^321 |
| 29 | ov_029 | 1.01400 × 10^322 |
| 28 | ov_028 | 2.89998 × 10^322 |
| 27 | ov_027 | 6.99144 × 10^322 |
| 26 | ov_026 | 1.48244 × 10^323 |
| 25 | ov_025 | 2.84324 × 10^323 |
| 24 | ov_024 | 5.03468 × 10^323 |
| 23 | ov_023 | 8.35963 × 10^323 |
| 22 | ov_022 | 1.31707 × 10^324 |
| 21 | ov_021 | 1.98704 × 10^324 |
| 20 | ov_020 | 2.89111 × 10^324 |
| 19 | ov_019 | 4.07948 × 10^324 |
| 18 | ov_018 | 5.60738 × 10^324 |
| 17 | ov_017 | 7.53506 × 10^324 |
| 16 | ov_016 | 9.92780 × 10^324 |
| 15 | ov_015 | 1.28559 × 10^325 |
| 14 | ov_014 | 1.63950 × 10^325 |
| 13 | ov_013 | 2.06258 × 10^325 |
| 12 | ov_012 | 2.56342 × 10^325 |
| 11 | ov_011 | 3.15117 × 10^325 |
| 10 | ov_010 | 3.83552 × 10^325 |
| 9 | ov_009 | 4.62673 × 10^325 |
| 8 | ov_008 | 5.53567 × 10^325 |
| 7 | ov_007 | 6.57379 × 10^325 |
| 6 | ov_006 | 7.75323 × 10^325 |
| 5 | ov_005 | 9.08679 × 10^325 |
| 4 | ov_004 | 1.05879 × 10^326 |
| 3 | ov_003 | 1.22710 × 10^326 |
| 2 | ov_002 | 1.41512 × 10^326 |
| 1 | ov_001 | 1.62444 × 10^326 |

