# Results for T001-T002-F003-F004-F005-T006-T007-F008-T009-F010-F011-T012-F013-F014-F015-T016-F017-F018-F019-F020-T021-F022-F023-T024-F025-T026-F027-T028-T029-F030-F031-F032-F033-F034-T035-F036-T037-T038-F039-F040-T041-T042-T043-F044-F045-F046-F047-F048-F049-F050-F051-F052-F053-F054-F055-F056-T057-F058-T059-F060-F061-T062-T063-T064-F065-T066-T067-T068-T069-T070-F071-T072-T073-T074-T075-T076-T077-T078-F079-F080-F081-F082-F083-F084-F085-F086-F087-T088-T089-F090-T091-F092-F093-F094-F095-T096-T097-F098-T099-F100-T101-F102-F103-T104-T105-T106-T107-F108-T109-T110-T111-T112-T113-T114-T115-T116-F117-T118-F119-T120-T121-F122-F123-F124-F125-T126-F127-F128-F129-T130-F131-F132-T133-F134-T135-T136-F137-F138-T139-T140-F141-T142-F143-T144-T145-T146-F147-F148-T149-T150-T151-F152-T153-T154-F155-F156-F157-T158-F159-T160-F161-F162-F163-T164-F165-T166-T167-F168-T169-F170-T171-T172-F173-F174-T175-F176-T177-T178-T179-T180-T181-F182-T183-T184-T185-F186-T187-F188-F189-T190-F191-T192-T193-F194-F195-F196-T197-F198-F199-T200-F201-T202-F203-F204-F205-F206-T207-F208-F209-F210-F211-T212-F213-T214-T215-T216-F217-T218-T219-F220-F221-F222-F223-F224-T225-F226-T227-T228-T229-T230-F231-F232-F233-F234-F235-T236-T237-T238-T239-T240-F241-T242-F243-F244-T245-T246-T247-T248-F249-T250-F251-T252-F253-T254-F255-F256-T257-F258-F259-F260-T261-F262-F263-T264-F265-F266-F267-T268-T269-F270-T271-F272-T273-F274-F275-F276-T277-F278-F279-T280-F281-F282-F283-T284-F285-T286-T287-F288-T289-T290-T291-F292-F293-T294-T295-F296-T297-F298-T299-T300-T301-T302-T303-F304-F305-F306-F307-F308-T309-T310-F311-T312-F313-T314-T315-F316-T317-F318-T319-F320-F321-F322-T323-F324-F325-F326-F327-F328-F329-T330-F331-F332-T333-T334-T335-F336-F337-T338-F339-T340-F341-F342-T343-T344-F345-T346-F347-T348-F349-F350-T351-T352-F353-T354-F355-F356-T357-F358-F359-F360-F361-T362-T363-T364-T365-T366-T367-F368-F369-T370-F371-F372-T373-F374-T375-T376-F377-T378-F379-F380-T381-F382-F383-F384-T385-F386-T387-F388-T389-F390-F391-F392-F393-T394-F395-T396-T397-T398-T399-T400-T401-T402-T403-F404-T405-F406-F407-F408-F409-F410-F411-T412-T413-F414-T415-F416-T417-T418-T419-T420-F421-F422-T423-F424-F425-T426-F427-F428-T429-F430-F431-T432-F433-T434-T435-T436-F437-F438-F439-F440-F441-T442-T443-T444-F445-F446-F447-F448-F449-F450-T451-F452-T453-T454-F456-T458-F459-F460-F461-T462-F463-F464-F465-T466-F467-T468-F469-F470-F471-F472-F473-T474-T475-T476-F477-F478-F479-F480-T496-F500-T505-T507-T509

## Summary

Number of input bits: 512  
Number of free input bits: 29  
Number of output bits: 160

Number of assignments: 19633  
Number of operations: 47239
(xor: 20067,
and: 13941,
or: 13231)

Total complexity: 2.10692 × 10^325

Least complex input bit: iv_498 (8.23084 × 10^321)  
Most complex input bit: iv_495 (2.34684 × 10^324)

Least complex output bit: aaa_76_29 (1.79751 × 10^299)  
Most complex output bit: ov_001 (3.26294 × 10^324)

Least complex input/output complexity: iv_498/aaa_76_29 (7.02209 × 10^295)  
Most complex input/output complexity: iv_495/ov_001 (3.63449 × 10^323)

## Input Bits

| Input Bit | Complexity | Occurrences |
|:---------:|:----------:|:-----------:|
| iv_455 | 4.60005 × 10^323 | 28 |
| iv_457 | 1.72390 × 10^324 | 41 |
| iv_481 | 6.40273 × 10^322 | 49 |
| iv_482 | 2.66808 × 10^323 | 60 |
| iv_483 | 3.53106 × 10^323 | 49 |
| iv_484 | 8.69032 × 10^323 | 50 |
| iv_485 | 6.79723 × 10^323 | 45 |
| iv_486 | 8.43528 × 10^323 | 49 |
| iv_487 | 1.00736 × 10^324 | 45 |
| iv_488 | 1.17128 × 10^324 | 50 |
| iv_489 | 1.33540 × 10^324 | 52 |
| iv_490 | 1.49993 × 10^324 | 34 |
| iv_491 | 1.66557 × 10^324 | 34 |
| iv_492 | 1.83238 × 10^324 | 34 |
| iv_493 | 2.00095 × 10^324 | 34 |
| iv_494 | 2.17210 × 10^324 | 62 |
| iv_495 | 2.34684 × 10^324 | 67 |
| iv_497 | 1.12559 × 10^322 | 79 |
| iv_498 | 8.23084 × 10^321 | 78 |
| iv_499 | 1.03904 × 10^322 | 74 |
| iv_501 | 2.86958 × 10^322 | 76 |
| iv_502 | 4.77894 × 10^322 | 64 |
| iv_503 | 7.06206 × 10^322 | 62 |
| iv_504 | 9.76550 × 10^322 | 67 |
| iv_506 | 9.92091 × 10^321 | 75 |
| iv_508 | 3.77801 × 10^322 | 78 |
| iv_510 | 1.03560 × 10^323 | 76 |
| iv_511 | 1.48624 × 10^323 | 64 |
| iv_512 | 2.02783 × 10^323 | 73 |

## Input Bits Sorted by Complexity

| Input Bit | Complexity | Occurrences |
|:---------:|:----------:|:-----------:|
| iv_498 | 8.23084 × 10^321 | 78 |
| iv_506 | 9.92091 × 10^321 | 75 |
| iv_499 | 1.03904 × 10^322 | 74 |
| iv_497 | 1.12559 × 10^322 | 79 |
| iv_501 | 2.86958 × 10^322 | 76 |
| iv_508 | 3.77801 × 10^322 | 78 |
| iv_502 | 4.77894 × 10^322 | 64 |
| iv_481 | 6.40273 × 10^322 | 49 |
| iv_503 | 7.06206 × 10^322 | 62 |
| iv_504 | 9.76550 × 10^322 | 67 |
| iv_510 | 1.03560 × 10^323 | 76 |
| iv_511 | 1.48624 × 10^323 | 64 |
| iv_512 | 2.02783 × 10^323 | 73 |
| iv_482 | 2.66808 × 10^323 | 60 |
| iv_483 | 3.53106 × 10^323 | 49 |
| iv_455 | 4.60005 × 10^323 | 28 |
| iv_485 | 6.79723 × 10^323 | 45 |
| iv_486 | 8.43528 × 10^323 | 49 |
| iv_484 | 8.69032 × 10^323 | 50 |
| iv_487 | 1.00736 × 10^324 | 45 |
| iv_488 | 1.17128 × 10^324 | 50 |
| iv_489 | 1.33540 × 10^324 | 52 |
| iv_490 | 1.49993 × 10^324 | 34 |
| iv_491 | 1.66557 × 10^324 | 34 |
| iv_457 | 1.72390 × 10^324 | 41 |
| iv_492 | 1.83238 × 10^324 | 34 |
| iv_493 | 2.00095 × 10^324 | 34 |
| iv_494 | 2.17210 × 10^324 | 62 |
| iv_495 | 2.34684 × 10^324 | 67 |

## Input Bits Sorted by Occurrences

| Input Bit | Complexity | Occurrences |
|:---------:|:----------:|:-----------:|
| iv_455 | 4.60005 × 10^323 | 28 |
| iv_490 | 1.49993 × 10^324 | 34 |
| iv_491 | 1.66557 × 10^324 | 34 |
| iv_493 | 2.00095 × 10^324 | 34 |
| iv_492 | 1.83238 × 10^324 | 34 |
| iv_457 | 1.72390 × 10^324 | 41 |
| iv_487 | 1.00736 × 10^324 | 45 |
| iv_485 | 6.79723 × 10^323 | 45 |
| iv_481 | 6.40273 × 10^322 | 49 |
| iv_486 | 8.43528 × 10^323 | 49 |
| iv_483 | 3.53106 × 10^323 | 49 |
| iv_488 | 1.17128 × 10^324 | 50 |
| iv_484 | 8.69032 × 10^323 | 50 |
| iv_489 | 1.33540 × 10^324 | 52 |
| iv_482 | 2.66808 × 10^323 | 60 |
| iv_503 | 7.06206 × 10^322 | 62 |
| iv_494 | 2.17210 × 10^324 | 62 |
| iv_502 | 4.77894 × 10^322 | 64 |
| iv_511 | 1.48624 × 10^323 | 64 |
| iv_504 | 9.76550 × 10^322 | 67 |
| iv_495 | 2.34684 × 10^324 | 67 |
| iv_512 | 2.02783 × 10^323 | 73 |
| iv_499 | 1.03904 × 10^322 | 74 |
| iv_506 | 9.92091 × 10^321 | 75 |
| iv_501 | 2.86958 × 10^322 | 76 |
| iv_510 | 1.03560 × 10^323 | 76 |
| iv_498 | 8.23084 × 10^321 | 78 |
| iv_508 | 3.77801 × 10^322 | 78 |
| iv_497 | 1.12559 × 10^322 | 79 |

## Output Bits

| Rank | Output Bit | Complexity |
|:----:|:----------:|:----------:|
| 1 | ov_001 | 3.26294 × 10^324 |
| 2 | ov_002 | 2.84249 × 10^324 |
| 3 | ov_003 | 2.46483 × 10^324 |
| 4 | ov_004 | 2.12675 × 10^324 |
| 5 | ov_005 | 1.82522 × 10^324 |
| 6 | ov_006 | 1.55735 × 10^324 |
| 7 | ov_007 | 1.32044 × 10^324 |
| 8 | ov_008 | 1.11192 × 10^324 |
| 9 | ov_009 | 9.29351 × 10^323 |
| 10 | ov_010 | 7.70424 × 10^323 |
| 11 | ov_011 | 6.32962 × 10^323 |
| 12 | ov_012 | 5.14904 × 10^323 |
| 13 | ov_013 | 4.14302 × 10^323 |
| 14 | ov_014 | 3.29320 × 10^323 |
| 15 | ov_015 | 2.58232 × 10^323 |
| 16 | ov_016 | 1.99415 × 10^323 |
| 17 | ov_017 | 1.51353 × 10^323 |
| 18 | ov_018 | 1.12633 × 10^323 |
| 19 | ov_019 | 8.19427 × 10^322 |
| 20 | ov_020 | 5.80724 × 10^322 |
| 21 | ov_021 | 3.99129 × 10^322 |
| 22 | ov_022 | 2.64554 × 10^322 |
| 23 | ov_023 | 1.67916 × 10^322 |
| 24 | ov_024 | 1.01129 × 10^322 |
| 25 | ov_025 | 5.71110 × 10^321 |
| 26 | ov_026 | 2.97771 × 10^321 |
| 27 | ov_027 | 1.40434 × 10^321 |
| 28 | ov_028 | 5.82505 × 10^320 |
| 29 | ov_029 | 2.03678 × 10^320 |
| 30 | ov_030 | 5.59320 × 10^319 |
| 31 | ov_031 | 1.09141 × 10^319 |
| 32 | lv_80_m31 | 2.12930 × 10^318 |
| 33 | ov_033 | 2.59376 × 10^319 |
| 34 | ov_034 | 2.25954 × 10^319 |
| 35 | ov_035 | 1.95934 × 10^319 |
| 36 | ov_036 | 1.69059 × 10^319 |
| 37 | ov_037 | 1.45090 × 10^319 |
| 38 | ov_038 | 1.23797 × 10^319 |
| 39 | ov_039 | 1.04964 × 10^319 |
| 40 | ov_040 | 8.83888 × 10^318 |
| 41 | ov_041 | 7.38757 × 10^318 |
| 42 | ov_042 | 6.12423 × 10^318 |
| 43 | ov_043 | 5.03152 × 10^318 |
| 44 | ov_044 | 4.09306 × 10^318 |
| 45 | ov_045 | 3.29336 × 10^318 |
| 46 | ov_046 | 2.61782 × 10^318 |
| 47 | ov_047 | 2.05273 × 10^318 |
| 48 | ov_048 | 1.58518 × 10^318 |
| 49 | ov_049 | 1.20313 × 10^318 |
| 50 | ov_050 | 8.95339 × 10^317 |
| 51 | ov_051 | 6.51377 × 10^317 |
| 52 | ov_052 | 4.61627 × 10^317 |
| 53 | ov_053 | 3.17274 × 10^317 |
| 54 | ov_054 | 2.10299 × 10^317 |
| 55 | ov_055 | 1.33479 × 10^317 |
| 56 | ov_056 | 8.03895 × 10^316 |
| 57 | ov_057 | 4.53985 × 10^316 |
| 58 | ov_058 | 2.36703 × 10^316 |
| 59 | ov_059 | 1.11633 × 10^316 |
| 60 | ov_060 | 4.63043 × 10^315 |
| 61 | ov_061 | 1.61907 × 10^315 |
| 62 | ov_062 | 4.44613 × 10^314 |
| 63 | ov_063 | 8.67586 × 10^313 |
| 64 | lv_79_m31 | 1.69261 × 10^313 |
| 65 | ov_065 | 2.06180 × 10^314 |
| 66 | ov_066 | 2.06179 × 10^314 |
| 67 | ov_067 | 2.06179 × 10^314 |
| 68 | ov_068 | 1.79611 × 10^314 |
| 69 | ov_069 | 1.55747 × 10^314 |
| 70 | ov_070 | 1.34384 × 10^314 |
| 71 | ov_071 | 1.15331 × 10^314 |
| 72 | ov_072 | 9.84048 × 10^313 |
| 73 | ov_073 | 8.34347 × 10^313 |
| 74 | ov_074 | 7.02582 × 10^313 |
| 75 | ov_075 | 5.87215 × 10^313 |
| 76 | ov_076 | 4.86790 × 10^313 |
| 77 | ov_077 | 3.99929 × 10^313 |
| 78 | ov_078 | 3.25329 × 10^313 |
| 79 | ov_079 | 2.61759 × 10^313 |
| 80 | ov_080 | 2.08060 × 10^313 |
| 81 | ov_081 | 1.63139 × 10^313 |
| 82 | ov_082 | 1.25973 × 10^313 |
| 83 | ov_083 | 9.56038 × 10^312 |
| 84 | ov_084 | 7.11367 × 10^312 |
| 85 | ov_085 | 5.17437 × 10^312 |
| 86 | ov_086 | 3.66602 × 10^312 |
| 87 | ov_087 | 2.51853 × 10^312 |
| 88 | ov_088 | 1.66817 × 10^312 |
| 89 | ov_089 | 1.05751 × 10^312 |
| 90 | ov_090 | 6.35495 × 10^311 |
| 91 | ov_091 | 3.57346 × 10^311 |
| 92 | ov_092 | 1.84625 × 10^311 |
| 93 | ov_093 | 8.52050 × 10^310 |
| 94 | ov_094 | 3.32738 × 10^310 |
| 95 | aaa_78_28 | 9.33601 × 10^309 |
| 96 | aaa_78_29 | 2.84464 × 10^309 |
| 97 | ov_097 | 1.63896 × 10^309 |
| 98 | ov_098 | 1.63895 × 10^309 |
| 99 | ov_099 | 1.63895 × 10^309 |
| 100 | ov_100 | 1.42776 × 10^309 |
| 101 | ov_101 | 1.23806 × 10^309 |
| 102 | ov_102 | 1.06824 × 10^309 |
| 103 | ov_103 | 9.16786 × 10^308 |
| 104 | ov_104 | 7.82237 × 10^308 |
| 105 | ov_105 | 6.63237 × 10^308 |
| 106 | ov_106 | 5.58495 × 10^308 |
| 107 | ov_107 | 4.66787 × 10^308 |
| 108 | ov_108 | 3.86958 × 10^308 |
| 109 | ov_109 | 3.17910 × 10^308 |
| 110 | ov_110 | 2.58609 × 10^308 |
| 111 | ov_111 | 2.08077 × 10^308 |
| 112 | ov_112 | 1.65390 × 10^308 |
| 113 | ov_113 | 1.29682 × 10^308 |
| 114 | ov_114 | 1.00138 × 10^308 |
| 115 | ov_115 | 7.59971 × 10^307 |
| 116 | ov_116 | 5.65478 × 10^307 |
| 117 | ov_117 | 4.11319 × 10^307 |
| 118 | ov_118 | 2.91418 × 10^307 |
| 119 | ov_119 | 2.00202 × 10^307 |
| 120 | ov_120 | 1.32605 × 10^307 |
| 121 | ov_121 | 8.40638 × 10^306 |
| 122 | ov_122 | 5.05166 × 10^306 |
| 123 | ov_123 | 2.84061 × 10^306 |
| 124 | ov_124 | 1.46761 × 10^306 |
| 125 | ov_125 | 6.77309 × 10^305 |
| 126 | ov_126 | 2.64499 × 10^305 |
| 127 | aaa_77_28 | 7.42136 × 10^304 |
| 128 | aaa_77_29 | 2.26125 × 10^304 |
| 129 | ov_129 | 1.30230 × 10^304 |
| 130 | ov_130 | 1.30229 × 10^304 |
| 131 | ov_131 | 1.30229 × 10^304 |
| 132 | ov_132 | 1.13441 × 10^304 |
| 133 | ov_133 | 9.83622 × 10^303 |
| 134 | ov_134 | 8.48631 × 10^303 |
| 135 | ov_135 | 7.28230 × 10^303 |
| 136 | ov_136 | 6.21275 × 10^303 |
| 137 | ov_137 | 5.26680 × 10^303 |
| 138 | ov_138 | 4.43418 × 10^303 |
| 139 | ov_139 | 3.70519 × 10^303 |
| 140 | ov_140 | 3.07061 × 10^303 |
| 141 | ov_141 | 2.52174 × 10^303 |
| 142 | ov_142 | 2.05035 × 10^303 |
| 143 | ov_143 | 1.64865 × 10^303 |
| 144 | ov_144 | 1.30933 × 10^303 |
| 145 | ov_145 | 1.02548 × 10^303 |
| 146 | ov_146 | 7.90636 × 10^302 |
| 147 | ov_147 | 5.98730 × 10^302 |
| 148 | ov_148 | 4.44124 × 10^302 |
| 149 | ov_149 | 3.21581 × 10^302 |
| 150 | ov_150 | 2.26269 × 10^302 |
| 151 | ov_151 | 1.53760 × 10^302 |
| 152 | ov_152 | 1.00026 × 10^302 |
| 153 | ov_153 | 6.14397 × 10^301 |
| 154 | ov_154 | 3.47725 × 10^301 |
| 155 | ov_155 | 1.71964 × 10^301 |
| 156 | aaa_76_25 | 6.28231 × 10^300 |
| 157 | aaa_76_26 | 3.28149 × 10^300 |
| 158 | aaa_76_27 | 1.51261 × 10^300 |
| 159 | aaa_76_28 | 5.89936 × 10^299 |
| 160 | aaa_76_29 | 1.79751 × 10^299 |

## Output Bits Sorted by Complexity

| Rank | Output Bit | Complexity |
|:----:|:----------:|:----------:|
| 160 | aaa_76_29 | 1.79751 × 10^299 |
| 159 | aaa_76_28 | 5.89936 × 10^299 |
| 158 | aaa_76_27 | 1.51261 × 10^300 |
| 157 | aaa_76_26 | 3.28149 × 10^300 |
| 156 | aaa_76_25 | 6.28231 × 10^300 |
| 155 | ov_155 | 1.71964 × 10^301 |
| 154 | ov_154 | 3.47725 × 10^301 |
| 153 | ov_153 | 6.14397 × 10^301 |
| 152 | ov_152 | 1.00026 × 10^302 |
| 151 | ov_151 | 1.53760 × 10^302 |
| 150 | ov_150 | 2.26269 × 10^302 |
| 149 | ov_149 | 3.21581 × 10^302 |
| 148 | ov_148 | 4.44124 × 10^302 |
| 147 | ov_147 | 5.98730 × 10^302 |
| 146 | ov_146 | 7.90636 × 10^302 |
| 145 | ov_145 | 1.02548 × 10^303 |
| 144 | ov_144 | 1.30933 × 10^303 |
| 143 | ov_143 | 1.64865 × 10^303 |
| 142 | ov_142 | 2.05035 × 10^303 |
| 141 | ov_141 | 2.52174 × 10^303 |
| 140 | ov_140 | 3.07061 × 10^303 |
| 139 | ov_139 | 3.70519 × 10^303 |
| 138 | ov_138 | 4.43418 × 10^303 |
| 137 | ov_137 | 5.26680 × 10^303 |
| 136 | ov_136 | 6.21275 × 10^303 |
| 135 | ov_135 | 7.28230 × 10^303 |
| 134 | ov_134 | 8.48631 × 10^303 |
| 133 | ov_133 | 9.83622 × 10^303 |
| 132 | ov_132 | 1.13441 × 10^304 |
| 131 | ov_131 | 1.30229 × 10^304 |
| 130 | ov_130 | 1.30229 × 10^304 |
| 129 | ov_129 | 1.30230 × 10^304 |
| 128 | aaa_77_29 | 2.26125 × 10^304 |
| 127 | aaa_77_28 | 7.42136 × 10^304 |
| 126 | ov_126 | 2.64499 × 10^305 |
| 125 | ov_125 | 6.77309 × 10^305 |
| 124 | ov_124 | 1.46761 × 10^306 |
| 123 | ov_123 | 2.84061 × 10^306 |
| 122 | ov_122 | 5.05166 × 10^306 |
| 121 | ov_121 | 8.40638 × 10^306 |
| 120 | ov_120 | 1.32605 × 10^307 |
| 119 | ov_119 | 2.00202 × 10^307 |
| 118 | ov_118 | 2.91418 × 10^307 |
| 117 | ov_117 | 4.11319 × 10^307 |
| 116 | ov_116 | 5.65478 × 10^307 |
| 115 | ov_115 | 7.59971 × 10^307 |
| 114 | ov_114 | 1.00138 × 10^308 |
| 113 | ov_113 | 1.29682 × 10^308 |
| 112 | ov_112 | 1.65390 × 10^308 |
| 111 | ov_111 | 2.08077 × 10^308 |
| 110 | ov_110 | 2.58609 × 10^308 |
| 109 | ov_109 | 3.17910 × 10^308 |
| 108 | ov_108 | 3.86958 × 10^308 |
| 107 | ov_107 | 4.66787 × 10^308 |
| 106 | ov_106 | 5.58495 × 10^308 |
| 105 | ov_105 | 6.63237 × 10^308 |
| 104 | ov_104 | 7.82237 × 10^308 |
| 103 | ov_103 | 9.16786 × 10^308 |
| 102 | ov_102 | 1.06824 × 10^309 |
| 101 | ov_101 | 1.23806 × 10^309 |
| 100 | ov_100 | 1.42776 × 10^309 |
| 99 | ov_099 | 1.63895 × 10^309 |
| 98 | ov_098 | 1.63895 × 10^309 |
| 97 | ov_097 | 1.63896 × 10^309 |
| 96 | aaa_78_29 | 2.84464 × 10^309 |
| 95 | aaa_78_28 | 9.33601 × 10^309 |
| 94 | ov_094 | 3.32738 × 10^310 |
| 93 | ov_093 | 8.52050 × 10^310 |
| 92 | ov_092 | 1.84625 × 10^311 |
| 91 | ov_091 | 3.57346 × 10^311 |
| 90 | ov_090 | 6.35495 × 10^311 |
| 89 | ov_089 | 1.05751 × 10^312 |
| 88 | ov_088 | 1.66817 × 10^312 |
| 87 | ov_087 | 2.51853 × 10^312 |
| 86 | ov_086 | 3.66602 × 10^312 |
| 85 | ov_085 | 5.17437 × 10^312 |
| 84 | ov_084 | 7.11367 × 10^312 |
| 83 | ov_083 | 9.56038 × 10^312 |
| 82 | ov_082 | 1.25973 × 10^313 |
| 81 | ov_081 | 1.63139 × 10^313 |
| 64 | lv_79_m31 | 1.69261 × 10^313 |
| 80 | ov_080 | 2.08060 × 10^313 |
| 79 | ov_079 | 2.61759 × 10^313 |
| 78 | ov_078 | 3.25329 × 10^313 |
| 77 | ov_077 | 3.99929 × 10^313 |
| 76 | ov_076 | 4.86790 × 10^313 |
| 75 | ov_075 | 5.87215 × 10^313 |
| 74 | ov_074 | 7.02582 × 10^313 |
| 73 | ov_073 | 8.34347 × 10^313 |
| 63 | ov_063 | 8.67586 × 10^313 |
| 72 | ov_072 | 9.84048 × 10^313 |
| 71 | ov_071 | 1.15331 × 10^314 |
| 70 | ov_070 | 1.34384 × 10^314 |
| 69 | ov_069 | 1.55747 × 10^314 |
| 68 | ov_068 | 1.79611 × 10^314 |
| 67 | ov_067 | 2.06179 × 10^314 |
| 66 | ov_066 | 2.06179 × 10^314 |
| 65 | ov_065 | 2.06180 × 10^314 |
| 62 | ov_062 | 4.44613 × 10^314 |
| 61 | ov_061 | 1.61907 × 10^315 |
| 60 | ov_060 | 4.63043 × 10^315 |
| 59 | ov_059 | 1.11633 × 10^316 |
| 58 | ov_058 | 2.36703 × 10^316 |
| 57 | ov_057 | 4.53985 × 10^316 |
| 56 | ov_056 | 8.03895 × 10^316 |
| 55 | ov_055 | 1.33479 × 10^317 |
| 54 | ov_054 | 2.10299 × 10^317 |
| 53 | ov_053 | 3.17274 × 10^317 |
| 52 | ov_052 | 4.61627 × 10^317 |
| 51 | ov_051 | 6.51377 × 10^317 |
| 50 | ov_050 | 8.95339 × 10^317 |
| 49 | ov_049 | 1.20313 × 10^318 |
| 48 | ov_048 | 1.58518 × 10^318 |
| 47 | ov_047 | 2.05273 × 10^318 |
| 32 | lv_80_m31 | 2.12930 × 10^318 |
| 46 | ov_046 | 2.61782 × 10^318 |
| 45 | ov_045 | 3.29336 × 10^318 |
| 44 | ov_044 | 4.09306 × 10^318 |
| 43 | ov_043 | 5.03152 × 10^318 |
| 42 | ov_042 | 6.12423 × 10^318 |
| 41 | ov_041 | 7.38757 × 10^318 |
| 40 | ov_040 | 8.83888 × 10^318 |
| 39 | ov_039 | 1.04964 × 10^319 |
| 31 | ov_031 | 1.09141 × 10^319 |
| 38 | ov_038 | 1.23797 × 10^319 |
| 37 | ov_037 | 1.45090 × 10^319 |
| 36 | ov_036 | 1.69059 × 10^319 |
| 35 | ov_035 | 1.95934 × 10^319 |
| 34 | ov_034 | 2.25954 × 10^319 |
| 33 | ov_033 | 2.59376 × 10^319 |
| 30 | ov_030 | 5.59320 × 10^319 |
| 29 | ov_029 | 2.03678 × 10^320 |
| 28 | ov_028 | 5.82505 × 10^320 |
| 27 | ov_027 | 1.40434 × 10^321 |
| 26 | ov_026 | 2.97771 × 10^321 |
| 25 | ov_025 | 5.71110 × 10^321 |
| 24 | ov_024 | 1.01129 × 10^322 |
| 23 | ov_023 | 1.67916 × 10^322 |
| 22 | ov_022 | 2.64554 × 10^322 |
| 21 | ov_021 | 3.99129 × 10^322 |
| 20 | ov_020 | 5.80724 × 10^322 |
| 19 | ov_019 | 8.19427 × 10^322 |
| 18 | ov_018 | 1.12633 × 10^323 |
| 17 | ov_017 | 1.51353 × 10^323 |
| 16 | ov_016 | 1.99415 × 10^323 |
| 15 | ov_015 | 2.58232 × 10^323 |
| 14 | ov_014 | 3.29320 × 10^323 |
| 13 | ov_013 | 4.14302 × 10^323 |
| 12 | ov_012 | 5.14904 × 10^323 |
| 11 | ov_011 | 6.32962 × 10^323 |
| 10 | ov_010 | 7.70424 × 10^323 |
| 9 | ov_009 | 9.29351 × 10^323 |
| 8 | ov_008 | 1.11192 × 10^324 |
| 7 | ov_007 | 1.32044 × 10^324 |
| 6 | ov_006 | 1.55735 × 10^324 |
| 5 | ov_005 | 1.82522 × 10^324 |
| 4 | ov_004 | 2.12675 × 10^324 |
| 3 | ov_003 | 2.46483 × 10^324 |
| 2 | ov_002 | 2.84249 × 10^324 |
| 1 | ov_001 | 3.26294 × 10^324 |

