# Results for T001-T002-F003-F004-F005-T006-T007-F008-T009-F010-F011-T012-F013-F014-F015-T016-F017-F018-F019-F020-T021-F022-F023-T024-F025-T026-F027-T028-T029-F030-F031-F032-F033-F034-T035-F036-T037-T038-F039-F040-T041-T042-T043-F044-F045-F046-F047-F048-F049-F050-F051-F052-F053-F054-F055-F056-T057-F058-T059-F060-F061-T062-T063-T064-F065-T066-T067-T068-T069-T070-F071-T072-T073-T074-T075-T076-T077-T078-F079-F080-F081-F082-F083-F084-F085-F086-F087-T088-T089-F090-T091-F092-F093-F094-F095-T096-T097-F098-T099-F100-T101-F102-F103-T104-T105-T106-T107-F108-T109-T110-T111-T112-T113-T114-T115-T116-F117-T118-F119-T120-T121-F122-F123-F124-F125-T126-F127-F128-F129-T130-F131-F132-T133-F134-T135-T136-F137-F138-T139-T140-F141-T142-F143-T144-T145-T146-F147-F148-T149-T150-T151-F152-T153-T154-F155-F156-F157-T158-F159-T160-F161-F162-F163-T164-F165-T166-T167-F168-T169-F170-T171-T172-F173-F174-T175-F176-T177-T178-T179-T180-T181-F182-T183-T184-T185-F186-T187-F188-F189-T190-F191-T192-T193-F194-F195-F196-T197-F198-F199-T200-F201-T202-F203-F204-F205-F206-T207-F208-F209-F210-F211-T212-F213-T214-T215-T216-F217-T218-T219-F220-F221-F222-F223-F224-T225-F226-T227-T228-T229-T230-F231-F232-F233-F234-F235-T236-T237-T238-T239-T240-F241-T242-F243-F244-T245-T246-T247-T248-F249-T250-F251-T252-F253-T254-F255-F256-T257-F258-F259-F260-T261-F262-F263-T264-F265-F266-F267-T268-T269-F270-T271-F272-T273-F274-F275-F276-T277-F278-F279-T280-F281-F282-F283-T284-F285-T286-T287-F288-T289-T290-T291-F292-F293-T294-T295-F296-T297-F298-T299-T300-T301-T302-T303-F304-F305-F306-F307-F308-T309-T310-F311-T312-F313-T314-T315-F316-T317-F318-T319-F320-F321-F322-T323-F324-F325-F326-F327-F328-F329-T330-F331-F332-T333-T334-T335-F336-F337-T338-F339-T340-F341-F342-T343-T344-F345-T346-F347-T348-F349-F350-T351-T352-F353-T354-F355-F356-T357-F358-F359-F360-F361-T362-T363-T364-T365-T366-T367-F368-F369-T370-F371-F372-T373-F374-T375-T376-F377-T378-F379-F380-T381-F382-F383-F384-T385-F386-T387-F388-T389-F390-F391-F392-F393-T394-F395-T396-T397-T398-T399-T400-T401-T402-T403-F404-T405-F406-F407-F408-F409-F410-F411-T412-T413-F414-T415-F416-T417-T418-T419-T420-F421-F422-T423-F424-F425-T426-F427-F428-T429-F430-F431-T432-F433-T434-T435-T436-F437-F438-F439-F440-F441-T442-T443-T444-F445-F446-F447-F448-F449-F450-T451-F452-T453-T454-F456-T458-F460-F461-F463-F464-F465-T466-F467-F469-F470-F471-F472-T474-T476-F477-F478-F479-F480

## Summary

Number of input bits: 512  
Number of free input bits: 39  
Number of output bits: 160

Number of assignments: 19837  
Number of operations: 48321
(xor: 20686,
and: 14173,
or: 13462)

Total complexity: 4.56290 × 10^327

Least complex input bit: iv_481 (2.40502 × 10^324)  
Most complex input bit: iv_468 (3.08022 × 10^326)

Least complex output bit: aaa_76_29 (3.89281 × 10^301)  
Most complex output bit: ov_001 (7.06644 × 10^326)

Least complex input/output complexity: iv_481/aaa_76_29 (2.05183 × 10^298)  
Most complex input/output complexity: iv_468/ov_001 (4.77025 × 10^325)

## Input Bits

| Input Bit | Complexity | Occurrences |
|:---------:|:----------:|:-----------:|
| iv_455 | 1.71465 × 10^325 | 28 |
| iv_457 | 1.76155 × 10^326 | 36 |
| iv_459 | 2.30277 × 10^326 | 36 |
| iv_462 | 1.66456 × 10^326 | 41 |
| iv_468 | 3.08022 × 10^326 | 44 |
| iv_473 | 2.24309 × 10^326 | 39 |
| iv_475 | 2.58878 × 10^326 | 35 |
| iv_481 | 2.40502 × 10^324 | 49 |
| iv_482 | 9.90123 × 10^324 | 48 |
| iv_483 | 2.03874 × 10^325 | 50 |
| iv_484 | 3.15055 × 10^325 | 50 |
| iv_485 | 2.43628 × 10^325 | 45 |
| iv_486 | 5.44743 × 10^325 | 50 |
| iv_487 | 3.58609 × 10^325 | 45 |
| iv_488 | 7.74737 × 10^325 | 51 |
| iv_489 | 8.89828 × 10^325 | 49 |
| iv_490 | 5.31383 × 10^325 | 34 |
| iv_491 | 5.89368 × 10^325 | 34 |
| iv_492 | 6.47666 × 10^325 | 30 |
| iv_493 | 7.06443 × 10^325 | 34 |
| iv_494 | 1.47235 × 10^326 | 35 |
| iv_495 | 1.59226 × 10^326 | 35 |
| iv_496 | 8.88088 × 10^325 | 52 |
| iv_497 | 9.51539 × 10^325 | 34 |
| iv_498 | 1.01719 × 10^326 | 30 |
| iv_499 | 1.08561 × 10^326 | 52 |
| iv_500 | 2.24309 × 10^326 | 53 |
| iv_501 | 1.23355 × 10^326 | 52 |
| iv_502 | 2.54826 × 10^326 | 53 |
| iv_503 | 1.40193 × 10^326 | 30 |
| iv_504 | 1.49633 × 10^326 | 34 |
| iv_505 | 1.60634 × 10^326 | 48 |
| iv_506 | 1.72616 × 10^326 | 52 |
| iv_507 | 1.85730 × 10^326 | 52 |
| iv_508 | 2.00144 × 10^326 | 34 |
| iv_509 | 2.16044 × 10^326 | 36 |
| iv_510 | 1.75866 × 10^325 | 34 |
| iv_511 | 1.94930 × 10^325 | 34 |
| iv_512 | 2.35448 × 10^325 | 62 |

## Input Bits Sorted by Complexity

| Input Bit | Complexity | Occurrences |
|:---------:|:----------:|:-----------:|
| iv_481 | 2.40502 × 10^324 | 49 |
| iv_482 | 9.90123 × 10^324 | 48 |
| iv_455 | 1.71465 × 10^325 | 28 |
| iv_510 | 1.75866 × 10^325 | 34 |
| iv_511 | 1.94930 × 10^325 | 34 |
| iv_483 | 2.03874 × 10^325 | 50 |
| iv_512 | 2.35448 × 10^325 | 62 |
| iv_485 | 2.43628 × 10^325 | 45 |
| iv_484 | 3.15055 × 10^325 | 50 |
| iv_487 | 3.58609 × 10^325 | 45 |
| iv_490 | 5.31383 × 10^325 | 34 |
| iv_486 | 5.44743 × 10^325 | 50 |
| iv_491 | 5.89368 × 10^325 | 34 |
| iv_492 | 6.47666 × 10^325 | 30 |
| iv_493 | 7.06443 × 10^325 | 34 |
| iv_488 | 7.74737 × 10^325 | 51 |
| iv_496 | 8.88088 × 10^325 | 52 |
| iv_489 | 8.89828 × 10^325 | 49 |
| iv_497 | 9.51539 × 10^325 | 34 |
| iv_498 | 1.01719 × 10^326 | 30 |
| iv_499 | 1.08561 × 10^326 | 52 |
| iv_501 | 1.23355 × 10^326 | 52 |
| iv_503 | 1.40193 × 10^326 | 30 |
| iv_494 | 1.47235 × 10^326 | 35 |
| iv_504 | 1.49633 × 10^326 | 34 |
| iv_495 | 1.59226 × 10^326 | 35 |
| iv_505 | 1.60634 × 10^326 | 48 |
| iv_462 | 1.66456 × 10^326 | 41 |
| iv_506 | 1.72616 × 10^326 | 52 |
| iv_457 | 1.76155 × 10^326 | 36 |
| iv_507 | 1.85730 × 10^326 | 52 |
| iv_508 | 2.00144 × 10^326 | 34 |
| iv_509 | 2.16044 × 10^326 | 36 |
| iv_500 | 2.24309 × 10^326 | 53 |
| iv_473 | 2.24309 × 10^326 | 39 |
| iv_459 | 2.30277 × 10^326 | 36 |
| iv_502 | 2.54826 × 10^326 | 53 |
| iv_475 | 2.58878 × 10^326 | 35 |
| iv_468 | 3.08022 × 10^326 | 44 |

## Input Bits Sorted by Occurrences

| Input Bit | Complexity | Occurrences |
|:---------:|:----------:|:-----------:|
| iv_455 | 1.71465 × 10^325 | 28 |
| iv_503 | 1.40193 × 10^326 | 30 |
| iv_498 | 1.01719 × 10^326 | 30 |
| iv_492 | 6.47666 × 10^325 | 30 |
| iv_491 | 5.89368 × 10^325 | 34 |
| iv_508 | 2.00144 × 10^326 | 34 |
| iv_493 | 7.06443 × 10^325 | 34 |
| iv_490 | 5.31383 × 10^325 | 34 |
| iv_504 | 1.49633 × 10^326 | 34 |
| iv_511 | 1.94930 × 10^325 | 34 |
| iv_497 | 9.51539 × 10^325 | 34 |
| iv_510 | 1.75866 × 10^325 | 34 |
| iv_494 | 1.47235 × 10^326 | 35 |
| iv_475 | 2.58878 × 10^326 | 35 |
| iv_495 | 1.59226 × 10^326 | 35 |
| iv_459 | 2.30277 × 10^326 | 36 |
| iv_457 | 1.76155 × 10^326 | 36 |
| iv_509 | 2.16044 × 10^326 | 36 |
| iv_473 | 2.24309 × 10^326 | 39 |
| iv_462 | 1.66456 × 10^326 | 41 |
| iv_468 | 3.08022 × 10^326 | 44 |
| iv_487 | 3.58609 × 10^325 | 45 |
| iv_485 | 2.43628 × 10^325 | 45 |
| iv_482 | 9.90123 × 10^324 | 48 |
| iv_505 | 1.60634 × 10^326 | 48 |
| iv_489 | 8.89828 × 10^325 | 49 |
| iv_481 | 2.40502 × 10^324 | 49 |
| iv_483 | 2.03874 × 10^325 | 50 |
| iv_484 | 3.15055 × 10^325 | 50 |
| iv_486 | 5.44743 × 10^325 | 50 |
| iv_488 | 7.74737 × 10^325 | 51 |
| iv_507 | 1.85730 × 10^326 | 52 |
| iv_501 | 1.23355 × 10^326 | 52 |
| iv_496 | 8.88088 × 10^325 | 52 |
| iv_499 | 1.08561 × 10^326 | 52 |
| iv_506 | 1.72616 × 10^326 | 52 |
| iv_502 | 2.54826 × 10^326 | 53 |
| iv_500 | 2.24309 × 10^326 | 53 |
| iv_512 | 2.35448 × 10^325 | 62 |

## Output Bits

| Rank | Output Bit | Complexity |
|:----:|:----------:|:----------:|
| 1 | ov_001 | 7.06644 × 10^326 |
| 2 | ov_002 | 6.15589 × 10^326 |
| 3 | ov_003 | 5.33801 × 10^326 |
| 4 | ov_004 | 4.60585 × 10^326 |
| 5 | ov_005 | 3.95282 × 10^326 |
| 6 | ov_006 | 3.37271 × 10^326 |
| 7 | ov_007 | 2.85965 × 10^326 |
| 8 | ov_008 | 2.40805 × 10^326 |
| 9 | ov_009 | 2.01266 × 10^326 |
| 10 | ov_010 | 1.66848 × 10^326 |
| 11 | ov_011 | 1.37078 × 10^326 |
| 12 | ov_012 | 1.11511 × 10^326 |
| 13 | ov_013 | 8.97241 × 10^325 |
| 14 | ov_014 | 7.13199 × 10^325 |
| 15 | ov_015 | 5.59244 × 10^325 |
| 16 | ov_016 | 4.31867 × 10^325 |
| 17 | ov_017 | 3.27781 × 10^325 |
| 18 | ov_018 | 2.43925 × 10^325 |
| 19 | ov_019 | 1.77460 × 10^325 |
| 20 | ov_020 | 1.25765 × 10^325 |
| 21 | ov_021 | 8.64381 × 10^324 |
| 22 | ov_022 | 5.72937 × 10^324 |
| 23 | ov_023 | 3.63650 × 10^324 |
| 24 | ov_024 | 2.19012 × 10^324 |
| 25 | ov_025 | 1.23683 × 10^324 |
| 26 | ov_026 | 6.44873 × 10^323 |
| 27 | ov_027 | 3.04133 × 10^323 |
| 28 | ov_028 | 1.26151 × 10^323 |
| 29 | ov_029 | 4.41100 × 10^322 |
| 30 | ov_030 | 1.21130 × 10^322 |
| 31 | ov_031 | 2.36364 × 10^321 |
| 32 | lv_80_m31 | 4.61136 × 10^320 |
| 33 | ov_033 | 5.61723 × 10^321 |
| 34 | ov_034 | 4.89342 × 10^321 |
| 35 | ov_035 | 4.24328 × 10^321 |
| 36 | ov_036 | 3.66127 × 10^321 |
| 37 | ov_037 | 3.14216 × 10^321 |
| 38 | ov_038 | 2.68103 × 10^321 |
| 39 | ov_039 | 2.27318 × 10^321 |
| 40 | ov_040 | 1.91420 × 10^321 |
| 41 | ov_041 | 1.59990 × 10^321 |
| 42 | ov_042 | 1.32630 × 10^321 |
| 43 | ov_043 | 1.08966 × 10^321 |
| 44 | ov_044 | 8.86421 × 10^320 |
| 45 | ov_045 | 7.13232 × 10^320 |
| 46 | ov_046 | 5.66934 × 10^320 |
| 47 | ov_047 | 4.44553 × 10^320 |
| 48 | ov_048 | 3.43298 × 10^320 |
| 49 | ov_049 | 2.60558 × 10^320 |
| 50 | ov_050 | 1.93900 × 10^320 |
| 51 | ov_051 | 1.41066 × 10^320 |
| 52 | ov_052 | 9.99732 × 10^319 |
| 53 | ov_053 | 6.87111 × 10^319 |
| 54 | ov_054 | 4.55438 × 10^319 |
| 55 | ov_055 | 2.89072 × 10^319 |
| 56 | ov_056 | 1.74096 × 10^319 |
| 57 | ov_057 | 9.83181 × 10^318 |
| 58 | ov_058 | 5.12621 × 10^318 |
| 59 | ov_059 | 2.41760 × 10^318 |
| 60 | ov_060 | 1.00279 × 10^318 |
| 61 | ov_061 | 3.50638 × 10^317 |
| 62 | ov_062 | 9.62884 × 10^316 |
| 63 | ov_063 | 1.87890 × 10^316 |
| 64 | lv_79_m31 | 3.66565 × 10^315 |
| 65 | ov_065 | 4.46517 × 10^316 |
| 66 | ov_066 | 4.46516 × 10^316 |
| 67 | ov_067 | 4.46516 × 10^316 |
| 68 | ov_068 | 3.88979 × 10^316 |
| 69 | ov_069 | 3.37298 × 10^316 |
| 70 | ov_070 | 2.91033 × 10^316 |
| 71 | ov_071 | 2.49768 × 10^316 |
| 72 | ov_072 | 2.13112 × 10^316 |
| 73 | ov_073 | 1.80691 × 10^316 |
| 74 | ov_074 | 1.52156 × 10^316 |
| 75 | ov_075 | 1.27171 × 10^316 |
| 76 | ov_076 | 1.05422 × 10^316 |
| 77 | ov_077 | 8.66114 × 10^315 |
| 78 | ov_078 | 7.04554 × 10^315 |
| 79 | ov_079 | 5.66884 × 10^315 |
| 80 | ov_080 | 4.50589 × 10^315 |
| 81 | ov_081 | 3.53306 × 10^315 |
| 82 | ov_082 | 2.72817 × 10^315 |
| 83 | ov_083 | 2.07046 × 10^315 |
| 84 | ov_084 | 1.54058 × 10^315 |
| 85 | ov_085 | 1.12059 × 10^315 |
| 86 | ov_086 | 7.93938 × 10^314 |
| 87 | ov_087 | 5.45431 × 10^314 |
| 88 | ov_088 | 3.61270 × 10^314 |
| 89 | ov_089 | 2.29022 × 10^314 |
| 90 | ov_090 | 1.37627 × 10^314 |
| 91 | ov_091 | 7.73893 × 10^313 |
| 92 | ov_092 | 3.99837 × 10^313 |
| 93 | ov_093 | 1.84525 × 10^313 |
| 94 | ov_094 | 7.20600 × 10^312 |
| 95 | aaa_78_28 | 2.02187 × 10^312 |
| 96 | aaa_78_29 | 6.16055 × 10^311 |
| 97 | ov_097 | 3.54944 × 10^311 |
| 98 | ov_098 | 3.54943 × 10^311 |
| 99 | ov_099 | 3.54943 × 10^311 |
| 100 | ov_100 | 3.09206 × 10^311 |
| 101 | ov_101 | 2.68124 × 10^311 |
| 102 | ov_102 | 2.31347 × 10^311 |
| 103 | ov_103 | 1.98545 × 10^311 |
| 104 | ov_104 | 1.69406 × 10^311 |
| 105 | ov_105 | 1.43635 × 10^311 |
| 106 | ov_106 | 1.20951 × 10^311 |
| 107 | ov_107 | 1.01090 × 10^311 |
| 108 | ov_108 | 8.38022 × 10^310 |
| 109 | ov_109 | 6.88489 × 10^310 |
| 110 | ov_110 | 5.60062 × 10^310 |
| 111 | ov_111 | 4.50625 × 10^310 |
| 112 | ov_112 | 3.58181 × 10^310 |
| 113 | ov_113 | 2.80849 × 10^310 |
| 114 | ov_114 | 2.16867 × 10^310 |
| 115 | ov_115 | 1.64584 × 10^310 |
| 116 | ov_116 | 1.22463 × 10^310 |
| 117 | ov_117 | 8.90781 × 10^309 |
| 118 | ov_118 | 6.31115 × 10^309 |
| 119 | ov_119 | 4.33572 × 10^309 |
| 120 | ov_120 | 2.87179 × 10^309 |
| 121 | ov_121 | 1.82054 × 10^309 |
| 122 | ov_122 | 1.09402 × 10^309 |
| 123 | ov_123 | 6.15181 × 10^308 |
| 124 | ov_124 | 3.17837 × 10^308 |
| 125 | ov_125 | 1.46682 × 10^308 |
| 126 | ov_126 | 5.72817 × 10^307 |
| 127 | aaa_77_28 | 1.60721 × 10^307 |
| 128 | aaa_77_29 | 4.89713 × 10^306 |
| 129 | ov_129 | 2.82035 × 10^306 |
| 130 | ov_130 | 2.82034 × 10^306 |
| 131 | ov_131 | 2.82034 × 10^306 |
| 132 | ov_132 | 2.45676 × 10^306 |
| 133 | ov_133 | 2.13019 × 10^306 |
| 134 | ov_134 | 1.83785 × 10^306 |
| 135 | ov_135 | 1.57710 × 10^306 |
| 136 | ov_136 | 1.34547 × 10^306 |
| 137 | ov_137 | 1.14061 × 10^306 |
| 138 | ov_138 | 9.60297 × 10^305 |
| 139 | ov_139 | 8.02421 × 10^305 |
| 140 | ov_140 | 6.64992 × 10^305 |
| 141 | ov_141 | 5.46125 × 10^305 |
| 142 | ov_142 | 4.44037 × 10^305 |
| 143 | ov_143 | 3.57044 × 10^305 |
| 144 | ov_144 | 2.83558 × 10^305 |
| 145 | ov_145 | 2.22086 × 10^305 |
| 146 | ov_146 | 1.71225 × 10^305 |
| 147 | ov_147 | 1.29665 × 10^305 |
| 148 | ov_148 | 9.61825 × 10^304 |
| 149 | ov_149 | 6.96437 × 10^304 |
| 150 | ov_150 | 4.90024 × 10^304 |
| 151 | ov_151 | 3.32994 × 10^304 |
| 152 | ov_152 | 2.16624 × 10^304 |
| 153 | ov_153 | 1.33058 × 10^304 |
| 154 | ov_154 | 7.53056 × 10^303 |
| 155 | ov_155 | 3.72417 × 10^303 |
| 156 | aaa_76_25 | 1.36053 × 10^303 |
| 157 | aaa_76_26 | 7.10662 × 10^302 |
| 158 | aaa_76_27 | 3.27582 × 10^302 |
| 159 | aaa_76_28 | 1.27760 × 10^302 |
| 160 | aaa_76_29 | 3.89281 × 10^301 |

## Output Bits Sorted by Complexity

| Rank | Output Bit | Complexity |
|:----:|:----------:|:----------:|
| 160 | aaa_76_29 | 3.89281 × 10^301 |
| 159 | aaa_76_28 | 1.27760 × 10^302 |
| 158 | aaa_76_27 | 3.27582 × 10^302 |
| 157 | aaa_76_26 | 7.10662 × 10^302 |
| 156 | aaa_76_25 | 1.36053 × 10^303 |
| 155 | ov_155 | 3.72417 × 10^303 |
| 154 | ov_154 | 7.53056 × 10^303 |
| 153 | ov_153 | 1.33058 × 10^304 |
| 152 | ov_152 | 2.16624 × 10^304 |
| 151 | ov_151 | 3.32994 × 10^304 |
| 150 | ov_150 | 4.90024 × 10^304 |
| 149 | ov_149 | 6.96437 × 10^304 |
| 148 | ov_148 | 9.61825 × 10^304 |
| 147 | ov_147 | 1.29665 × 10^305 |
| 146 | ov_146 | 1.71225 × 10^305 |
| 145 | ov_145 | 2.22086 × 10^305 |
| 144 | ov_144 | 2.83558 × 10^305 |
| 143 | ov_143 | 3.57044 × 10^305 |
| 142 | ov_142 | 4.44037 × 10^305 |
| 141 | ov_141 | 5.46125 × 10^305 |
| 140 | ov_140 | 6.64992 × 10^305 |
| 139 | ov_139 | 8.02421 × 10^305 |
| 138 | ov_138 | 9.60297 × 10^305 |
| 137 | ov_137 | 1.14061 × 10^306 |
| 136 | ov_136 | 1.34547 × 10^306 |
| 135 | ov_135 | 1.57710 × 10^306 |
| 134 | ov_134 | 1.83785 × 10^306 |
| 133 | ov_133 | 2.13019 × 10^306 |
| 132 | ov_132 | 2.45676 × 10^306 |
| 131 | ov_131 | 2.82034 × 10^306 |
| 130 | ov_130 | 2.82034 × 10^306 |
| 129 | ov_129 | 2.82035 × 10^306 |
| 128 | aaa_77_29 | 4.89713 × 10^306 |
| 127 | aaa_77_28 | 1.60721 × 10^307 |
| 126 | ov_126 | 5.72817 × 10^307 |
| 125 | ov_125 | 1.46682 × 10^308 |
| 124 | ov_124 | 3.17837 × 10^308 |
| 123 | ov_123 | 6.15181 × 10^308 |
| 122 | ov_122 | 1.09402 × 10^309 |
| 121 | ov_121 | 1.82054 × 10^309 |
| 120 | ov_120 | 2.87179 × 10^309 |
| 119 | ov_119 | 4.33572 × 10^309 |
| 118 | ov_118 | 6.31115 × 10^309 |
| 117 | ov_117 | 8.90781 × 10^309 |
| 116 | ov_116 | 1.22463 × 10^310 |
| 115 | ov_115 | 1.64584 × 10^310 |
| 114 | ov_114 | 2.16867 × 10^310 |
| 113 | ov_113 | 2.80849 × 10^310 |
| 112 | ov_112 | 3.58181 × 10^310 |
| 111 | ov_111 | 4.50625 × 10^310 |
| 110 | ov_110 | 5.60062 × 10^310 |
| 109 | ov_109 | 6.88489 × 10^310 |
| 108 | ov_108 | 8.38022 × 10^310 |
| 107 | ov_107 | 1.01090 × 10^311 |
| 106 | ov_106 | 1.20951 × 10^311 |
| 105 | ov_105 | 1.43635 × 10^311 |
| 104 | ov_104 | 1.69406 × 10^311 |
| 103 | ov_103 | 1.98545 × 10^311 |
| 102 | ov_102 | 2.31347 × 10^311 |
| 101 | ov_101 | 2.68124 × 10^311 |
| 100 | ov_100 | 3.09206 × 10^311 |
| 99 | ov_099 | 3.54943 × 10^311 |
| 98 | ov_098 | 3.54943 × 10^311 |
| 97 | ov_097 | 3.54944 × 10^311 |
| 96 | aaa_78_29 | 6.16055 × 10^311 |
| 95 | aaa_78_28 | 2.02187 × 10^312 |
| 94 | ov_094 | 7.20600 × 10^312 |
| 93 | ov_093 | 1.84525 × 10^313 |
| 92 | ov_092 | 3.99837 × 10^313 |
| 91 | ov_091 | 7.73893 × 10^313 |
| 90 | ov_090 | 1.37627 × 10^314 |
| 89 | ov_089 | 2.29022 × 10^314 |
| 88 | ov_088 | 3.61270 × 10^314 |
| 87 | ov_087 | 5.45431 × 10^314 |
| 86 | ov_086 | 7.93938 × 10^314 |
| 85 | ov_085 | 1.12059 × 10^315 |
| 84 | ov_084 | 1.54058 × 10^315 |
| 83 | ov_083 | 2.07046 × 10^315 |
| 82 | ov_082 | 2.72817 × 10^315 |
| 81 | ov_081 | 3.53306 × 10^315 |
| 64 | lv_79_m31 | 3.66565 × 10^315 |
| 80 | ov_080 | 4.50589 × 10^315 |
| 79 | ov_079 | 5.66884 × 10^315 |
| 78 | ov_078 | 7.04554 × 10^315 |
| 77 | ov_077 | 8.66114 × 10^315 |
| 76 | ov_076 | 1.05422 × 10^316 |
| 75 | ov_075 | 1.27171 × 10^316 |
| 74 | ov_074 | 1.52156 × 10^316 |
| 73 | ov_073 | 1.80691 × 10^316 |
| 63 | ov_063 | 1.87890 × 10^316 |
| 72 | ov_072 | 2.13112 × 10^316 |
| 71 | ov_071 | 2.49768 × 10^316 |
| 70 | ov_070 | 2.91033 × 10^316 |
| 69 | ov_069 | 3.37298 × 10^316 |
| 68 | ov_068 | 3.88979 × 10^316 |
| 67 | ov_067 | 4.46516 × 10^316 |
| 66 | ov_066 | 4.46516 × 10^316 |
| 65 | ov_065 | 4.46517 × 10^316 |
| 62 | ov_062 | 9.62884 × 10^316 |
| 61 | ov_061 | 3.50638 × 10^317 |
| 60 | ov_060 | 1.00279 × 10^318 |
| 59 | ov_059 | 2.41760 × 10^318 |
| 58 | ov_058 | 5.12621 × 10^318 |
| 57 | ov_057 | 9.83181 × 10^318 |
| 56 | ov_056 | 1.74096 × 10^319 |
| 55 | ov_055 | 2.89072 × 10^319 |
| 54 | ov_054 | 4.55438 × 10^319 |
| 53 | ov_053 | 6.87111 × 10^319 |
| 52 | ov_052 | 9.99732 × 10^319 |
| 51 | ov_051 | 1.41066 × 10^320 |
| 50 | ov_050 | 1.93900 × 10^320 |
| 49 | ov_049 | 2.60558 × 10^320 |
| 48 | ov_048 | 3.43298 × 10^320 |
| 47 | ov_047 | 4.44553 × 10^320 |
| 32 | lv_80_m31 | 4.61136 × 10^320 |
| 46 | ov_046 | 5.66934 × 10^320 |
| 45 | ov_045 | 7.13232 × 10^320 |
| 44 | ov_044 | 8.86421 × 10^320 |
| 43 | ov_043 | 1.08966 × 10^321 |
| 42 | ov_042 | 1.32630 × 10^321 |
| 41 | ov_041 | 1.59990 × 10^321 |
| 40 | ov_040 | 1.91420 × 10^321 |
| 39 | ov_039 | 2.27318 × 10^321 |
| 31 | ov_031 | 2.36364 × 10^321 |
| 38 | ov_038 | 2.68103 × 10^321 |
| 37 | ov_037 | 3.14216 × 10^321 |
| 36 | ov_036 | 3.66127 × 10^321 |
| 35 | ov_035 | 4.24328 × 10^321 |
| 34 | ov_034 | 4.89342 × 10^321 |
| 33 | ov_033 | 5.61723 × 10^321 |
| 30 | ov_030 | 1.21130 × 10^322 |
| 29 | ov_029 | 4.41100 × 10^322 |
| 28 | ov_028 | 1.26151 × 10^323 |
| 27 | ov_027 | 3.04133 × 10^323 |
| 26 | ov_026 | 6.44873 × 10^323 |
| 25 | ov_025 | 1.23683 × 10^324 |
| 24 | ov_024 | 2.19012 × 10^324 |
| 23 | ov_023 | 3.63650 × 10^324 |
| 22 | ov_022 | 5.72937 × 10^324 |
| 21 | ov_021 | 8.64381 × 10^324 |
| 20 | ov_020 | 1.25765 × 10^325 |
| 19 | ov_019 | 1.77460 × 10^325 |
| 18 | ov_018 | 2.43925 × 10^325 |
| 17 | ov_017 | 3.27781 × 10^325 |
| 16 | ov_016 | 4.31867 × 10^325 |
| 15 | ov_015 | 5.59244 × 10^325 |
| 14 | ov_014 | 7.13199 × 10^325 |
| 13 | ov_013 | 8.97241 × 10^325 |
| 12 | ov_012 | 1.11511 × 10^326 |
| 11 | ov_011 | 1.37078 × 10^326 |
| 10 | ov_010 | 1.66848 × 10^326 |
| 9 | ov_009 | 2.01266 × 10^326 |
| 8 | ov_008 | 2.40805 × 10^326 |
| 7 | ov_007 | 2.85965 × 10^326 |
| 6 | ov_006 | 3.37271 × 10^326 |
| 5 | ov_005 | 3.95282 × 10^326 |
| 4 | ov_004 | 4.60585 × 10^326 |
| 3 | ov_003 | 5.33801 × 10^326 |
| 2 | ov_002 | 6.15589 × 10^326 |
| 1 | ov_001 | 7.06644 × 10^326 |

