# Results for T001-T002-F003-F004-F005-T006-T007-F008-T009-F010-F011-T012-F013-F014-F015-T016-F017-F018-F019-F020-T021-F022-F023-T024-F025-T026-F027-T028-T029-F030-F031-F032-F033-F034-T035-F036-T037-T038-F039-F040-T041-T042-T043-F044-F045-F046-F047-F048-F049-F050-F051-F052-F053-F054-F055-F056-T057-F058-T059-F060-F061-T062-T063-T064-F065-T066-T067-T068-T069-T070-F071-T072-T073-T074-T075-T076-T077-T078-F079-F080-F081-F082-F083-F084-F085-F086-F087-T088-T089-F090-T091-F092-F093-F094-F095-T096-T097-F098-T099-F100-T101-F102-F103-T104-T105-T106-T107-F108-T109-T110-T111-T112-T113-T114-T115-T116-F117-T118-F119-T120-T121-F122-F123-F124-F125-T126-F127-F128-F129-T130-F131-F132-T133-F134-T135-T136-F137-F138-T139-T140-F141-T142-F143-T144-T145-T146-F147-F148-T149-T150-T151-F152-T153-T154-F155-F156-F157-T158-F159-T160-F161-F162-F163-T164-F165-T166-T167-F168-T169-F170-T171-T172-F173-F174-T175-F176-T177-T178-T179-T180-T181-F182-T183-T184-T185-F186-T187-F188-F189-T190-F191-T192-T193-F194-F195-F196-T197-F198-F199-T200-F201-T202-F203-F204-F205-F206-T207-F208-F209-F210-F211-T212-F213-T214-T215-T216-F217-T218-T219-F220-F221-F222-F223-F224-T225-F226-T227-T228-T229-T230-F231-F232-F233-F234-F235-T236-T237-T238-T239-T240-F241-T242-F243-F244-T245-T246-T247-T248-F249-T250-F251-T252-F253-T254-F255-F256-T257-F258-F259-F260-T261-F262-F263-T264-F265-F266-F267-T268-T269-F270-T271-F272-T273-F274-F275-F276-T277-F278-F279-T280-F281-F282-F283-T284-F285-T286-T287-F288-T289-T290-T291-F292-F293-T294-T295-F296-T297-F298-T299-T300-T301-T302-T303-F304-F305-F306-F307-F308-T309-T310-F311-T312-F313-T314-T315-F316-T317-F318-T319-F320-F321-F322-T323-F324-F325-F326-F327-F328-F329-T330-F331-F332-T333-T334-T335-F336-F337-T338-F339-T340-F341-F342-T343-T344-F345-T346-F347-T348-F349-F350-T351-T352-F353-T354-F355-F356-T357-F358-F359-F360-F361-T362-T363-T364-T365-T366-T367-F368-F369-T370-F371-F372-T373-F374-T375-T376-F377-T378-F379-F380-T381-F382-F383-F384-T385-F386-T387-F388-T389-F390-F391-F392-F393-T394-F395-T396-T397-T398-T399-T400-T401-T402-T403-F404-T405-F406-F407-F408-F409-F410-F411-T412-T413-F414-T415-F416-T417-T418-T419-T420-F421-F422-T423-F424-F425-T426-F427-F428-T429-F430-F431-T432-F433-T434-T435-T436-F437-F438-F439-F440-F441-T442-T443-T444-F445-F446-F447-F448-F449-F450-T451-F452-T453-T454-F456-T458-F460-F461-F463-F464-F465-F466-F467-F469-F470-F471-F472-T474-T476-F477-F478-F479-F480

## Summary

Number of input bits: 512  
Number of free input bits: 39  
Number of output bits: 160

Number of assignments: 19837  
Number of operations: 48324
(xor: 20687,
and: 14171,
or: 13466)

Total complexity: 4.56466 × 10^327

Least complex input bit: iv_481 (2.40550 × 10^324)  
Most complex input bit: iv_468 (3.08152 × 10^326)

Least complex output bit: aaa_76_29 (3.89431 × 10^301)  
Most complex output bit: ov_001 (7.06916 × 10^326)

Least complex input/output complexity: iv_481/aaa_76_29 (2.05223 × 10^298)  
Most complex input/output complexity: iv_468/ov_001 (4.77227 × 10^325)

## Input Bits

| Input Bit | Complexity | Occurrences |
|:---------:|:----------:|:-----------:|
| iv_455 | 1.71502 × 10^325 | 28 |
| iv_457 | 1.76199 × 10^326 | 36 |
| iv_459 | 2.30344 × 10^326 | 36 |
| iv_462 | 1.66523 × 10^326 | 41 |
| iv_468 | 3.08152 × 10^326 | 44 |
| iv_473 | 2.24404 × 10^326 | 39 |
| iv_475 | 2.58983 × 10^326 | 35 |
| iv_481 | 2.40550 × 10^324 | 49 |
| iv_482 | 9.90348 × 10^324 | 48 |
| iv_483 | 2.03928 × 10^325 | 50 |
| iv_484 | 3.15151 × 10^325 | 50 |
| iv_485 | 2.43715 × 10^325 | 45 |
| iv_486 | 5.44943 × 10^325 | 50 |
| iv_487 | 3.58749 × 10^325 | 45 |
| iv_488 | 7.75044 × 10^325 | 51 |
| iv_489 | 8.90188 × 10^325 | 49 |
| iv_490 | 5.31603 × 10^325 | 34 |
| iv_491 | 5.89614 × 10^325 | 34 |
| iv_492 | 6.47939 × 10^325 | 30 |
| iv_493 | 7.06743 × 10^325 | 34 |
| iv_494 | 1.47298 × 10^326 | 35 |
| iv_495 | 1.59294 × 10^326 | 35 |
| iv_496 | 8.88467 × 10^325 | 52 |
| iv_497 | 9.51945 × 10^325 | 34 |
| iv_498 | 1.01762 × 10^326 | 30 |
| iv_499 | 1.08607 × 10^326 | 52 |
| iv_500 | 2.24404 × 10^326 | 53 |
| iv_501 | 1.23406 × 10^326 | 52 |
| iv_502 | 2.54931 × 10^326 | 53 |
| iv_503 | 1.40250 × 10^326 | 30 |
| iv_504 | 1.49693 × 10^326 | 34 |
| iv_505 | 1.60696 × 10^326 | 48 |
| iv_506 | 1.72680 × 10^326 | 52 |
| iv_507 | 1.85797 × 10^326 | 52 |
| iv_508 | 2.00215 × 10^326 | 34 |
| iv_509 | 2.16117 × 10^326 | 36 |
| iv_510 | 1.75894 × 10^325 | 34 |
| iv_511 | 1.94958 × 10^325 | 34 |
| iv_512 | 2.35480 × 10^325 | 62 |

## Input Bits Sorted by Complexity

| Input Bit | Complexity | Occurrences |
|:---------:|:----------:|:-----------:|
| iv_481 | 2.40550 × 10^324 | 49 |
| iv_482 | 9.90348 × 10^324 | 48 |
| iv_455 | 1.71502 × 10^325 | 28 |
| iv_510 | 1.75894 × 10^325 | 34 |
| iv_511 | 1.94958 × 10^325 | 34 |
| iv_483 | 2.03928 × 10^325 | 50 |
| iv_512 | 2.35480 × 10^325 | 62 |
| iv_485 | 2.43715 × 10^325 | 45 |
| iv_484 | 3.15151 × 10^325 | 50 |
| iv_487 | 3.58749 × 10^325 | 45 |
| iv_490 | 5.31603 × 10^325 | 34 |
| iv_486 | 5.44943 × 10^325 | 50 |
| iv_491 | 5.89614 × 10^325 | 34 |
| iv_492 | 6.47939 × 10^325 | 30 |
| iv_493 | 7.06743 × 10^325 | 34 |
| iv_488 | 7.75044 × 10^325 | 51 |
| iv_496 | 8.88467 × 10^325 | 52 |
| iv_489 | 8.90188 × 10^325 | 49 |
| iv_497 | 9.51945 × 10^325 | 34 |
| iv_498 | 1.01762 × 10^326 | 30 |
| iv_499 | 1.08607 × 10^326 | 52 |
| iv_501 | 1.23406 × 10^326 | 52 |
| iv_503 | 1.40250 × 10^326 | 30 |
| iv_494 | 1.47298 × 10^326 | 35 |
| iv_504 | 1.49693 × 10^326 | 34 |
| iv_495 | 1.59294 × 10^326 | 35 |
| iv_505 | 1.60696 × 10^326 | 48 |
| iv_462 | 1.66523 × 10^326 | 41 |
| iv_506 | 1.72680 × 10^326 | 52 |
| iv_457 | 1.76199 × 10^326 | 36 |
| iv_507 | 1.85797 × 10^326 | 52 |
| iv_508 | 2.00215 × 10^326 | 34 |
| iv_509 | 2.16117 × 10^326 | 36 |
| iv_500 | 2.24404 × 10^326 | 53 |
| iv_473 | 2.24404 × 10^326 | 39 |
| iv_459 | 2.30344 × 10^326 | 36 |
| iv_502 | 2.54931 × 10^326 | 53 |
| iv_475 | 2.58983 × 10^326 | 35 |
| iv_468 | 3.08152 × 10^326 | 44 |

## Input Bits Sorted by Occurrences

| Input Bit | Complexity | Occurrences |
|:---------:|:----------:|:-----------:|
| iv_455 | 1.71502 × 10^325 | 28 |
| iv_503 | 1.40250 × 10^326 | 30 |
| iv_498 | 1.01762 × 10^326 | 30 |
| iv_492 | 6.47939 × 10^325 | 30 |
| iv_491 | 5.89614 × 10^325 | 34 |
| iv_508 | 2.00215 × 10^326 | 34 |
| iv_493 | 7.06743 × 10^325 | 34 |
| iv_490 | 5.31603 × 10^325 | 34 |
| iv_504 | 1.49693 × 10^326 | 34 |
| iv_511 | 1.94958 × 10^325 | 34 |
| iv_497 | 9.51945 × 10^325 | 34 |
| iv_510 | 1.75894 × 10^325 | 34 |
| iv_494 | 1.47298 × 10^326 | 35 |
| iv_475 | 2.58983 × 10^326 | 35 |
| iv_495 | 1.59294 × 10^326 | 35 |
| iv_459 | 2.30344 × 10^326 | 36 |
| iv_457 | 1.76199 × 10^326 | 36 |
| iv_509 | 2.16117 × 10^326 | 36 |
| iv_473 | 2.24404 × 10^326 | 39 |
| iv_462 | 1.66523 × 10^326 | 41 |
| iv_468 | 3.08152 × 10^326 | 44 |
| iv_487 | 3.58749 × 10^325 | 45 |
| iv_485 | 2.43715 × 10^325 | 45 |
| iv_482 | 9.90348 × 10^324 | 48 |
| iv_505 | 1.60696 × 10^326 | 48 |
| iv_489 | 8.90188 × 10^325 | 49 |
| iv_481 | 2.40550 × 10^324 | 49 |
| iv_483 | 2.03928 × 10^325 | 50 |
| iv_484 | 3.15151 × 10^325 | 50 |
| iv_486 | 5.44943 × 10^325 | 50 |
| iv_488 | 7.75044 × 10^325 | 51 |
| iv_507 | 1.85797 × 10^326 | 52 |
| iv_501 | 1.23406 × 10^326 | 52 |
| iv_496 | 8.88467 × 10^325 | 52 |
| iv_499 | 1.08607 × 10^326 | 52 |
| iv_506 | 1.72680 × 10^326 | 52 |
| iv_502 | 2.54931 × 10^326 | 53 |
| iv_500 | 2.24404 × 10^326 | 53 |
| iv_512 | 2.35480 × 10^325 | 62 |

## Output Bits

| Rank | Output Bit | Complexity |
|:----:|:----------:|:----------:|
| 1 | ov_001 | 7.06916 × 10^326 |
| 2 | ov_002 | 6.15826 × 10^326 |
| 3 | ov_003 | 5.34007 × 10^326 |
| 4 | ov_004 | 4.60762 × 10^326 |
| 5 | ov_005 | 3.95434 × 10^326 |
| 6 | ov_006 | 3.37401 × 10^326 |
| 7 | ov_007 | 2.86075 × 10^326 |
| 8 | ov_008 | 2.40898 × 10^326 |
| 9 | ov_009 | 2.01344 × 10^326 |
| 10 | ov_010 | 1.66912 × 10^326 |
| 11 | ov_011 | 1.37131 × 10^326 |
| 12 | ov_012 | 1.11554 × 10^326 |
| 13 | ov_013 | 8.97586 × 10^325 |
| 14 | ov_014 | 7.13473 × 10^325 |
| 15 | ov_015 | 5.59459 × 10^325 |
| 16 | ov_016 | 4.32033 × 10^325 |
| 17 | ov_017 | 3.27907 × 10^325 |
| 18 | ov_018 | 2.44019 × 10^325 |
| 19 | ov_019 | 1.77528 × 10^325 |
| 20 | ov_020 | 1.25813 × 10^325 |
| 21 | ov_021 | 8.64713 × 10^324 |
| 22 | ov_022 | 5.73158 × 10^324 |
| 23 | ov_023 | 3.63790 × 10^324 |
| 24 | ov_024 | 2.19096 × 10^324 |
| 25 | ov_025 | 1.23731 × 10^324 |
| 26 | ov_026 | 6.45121 × 10^323 |
| 27 | ov_027 | 3.04250 × 10^323 |
| 28 | ov_028 | 1.26199 × 10^323 |
| 29 | ov_029 | 4.41269 × 10^322 |
| 30 | ov_030 | 1.21176 × 10^322 |
| 31 | ov_031 | 2.36455 × 10^321 |
| 32 | lv_80_m31 | 4.61313 × 10^320 |
| 33 | ov_033 | 5.61939 × 10^321 |
| 34 | ov_034 | 4.89530 × 10^321 |
| 35 | ov_035 | 4.24491 × 10^321 |
| 36 | ov_036 | 3.66267 × 10^321 |
| 37 | ov_037 | 3.14337 × 10^321 |
| 38 | ov_038 | 2.68206 × 10^321 |
| 39 | ov_039 | 2.27406 × 10^321 |
| 40 | ov_040 | 1.91494 × 10^321 |
| 41 | ov_041 | 1.60051 × 10^321 |
| 42 | ov_042 | 1.32681 × 10^321 |
| 43 | ov_043 | 1.09008 × 10^321 |
| 44 | ov_044 | 8.86762 × 10^320 |
| 45 | ov_045 | 7.13506 × 10^320 |
| 46 | ov_046 | 5.67152 × 10^320 |
| 47 | ov_047 | 4.44724 × 10^320 |
| 48 | ov_048 | 3.43430 × 10^320 |
| 49 | ov_049 | 2.60659 × 10^320 |
| 50 | ov_050 | 1.93975 × 10^320 |
| 51 | ov_051 | 1.41120 × 10^320 |
| 52 | ov_052 | 1.00011 × 10^320 |
| 53 | ov_053 | 6.87375 × 10^319 |
| 54 | ov_054 | 4.55613 × 10^319 |
| 55 | ov_055 | 2.89183 × 10^319 |
| 56 | ov_056 | 1.74163 × 10^319 |
| 57 | ov_057 | 9.83559 × 10^318 |
| 58 | ov_058 | 5.12818 × 10^318 |
| 59 | ov_059 | 2.41853 × 10^318 |
| 60 | ov_060 | 1.00318 × 10^318 |
| 61 | ov_061 | 3.50773 × 10^317 |
| 62 | ov_062 | 9.63254 × 10^316 |
| 63 | ov_063 | 1.87962 × 10^316 |
| 64 | lv_79_m31 | 3.66705 × 10^315 |
| 65 | ov_065 | 4.46689 × 10^316 |
| 66 | ov_066 | 4.46688 × 10^316 |
| 67 | ov_067 | 4.46687 × 10^316 |
| 68 | ov_068 | 3.89128 × 10^316 |
| 69 | ov_069 | 3.37427 × 10^316 |
| 70 | ov_070 | 2.91144 × 10^316 |
| 71 | ov_071 | 2.49864 × 10^316 |
| 72 | ov_072 | 2.13194 × 10^316 |
| 73 | ov_073 | 1.80761 × 10^316 |
| 74 | ov_074 | 1.52214 × 10^316 |
| 75 | ov_075 | 1.27220 × 10^316 |
| 76 | ov_076 | 1.05463 × 10^316 |
| 77 | ov_077 | 8.66447 × 10^315 |
| 78 | ov_078 | 7.04825 × 10^315 |
| 79 | ov_079 | 5.67102 × 10^315 |
| 80 | ov_080 | 4.50762 × 10^315 |
| 81 | ov_081 | 3.53442 × 10^315 |
| 82 | ov_082 | 2.72922 × 10^315 |
| 83 | ov_083 | 2.07125 × 10^315 |
| 84 | ov_084 | 1.54117 × 10^315 |
| 85 | ov_085 | 1.12102 × 10^315 |
| 86 | ov_086 | 7.94244 × 10^314 |
| 87 | ov_087 | 5.45641 × 10^314 |
| 88 | ov_088 | 3.61409 × 10^314 |
| 89 | ov_089 | 2.29110 × 10^314 |
| 90 | ov_090 | 1.37680 × 10^314 |
| 91 | ov_091 | 7.74191 × 10^313 |
| 92 | ov_092 | 3.99990 × 10^313 |
| 93 | ov_093 | 1.84596 × 10^313 |
| 94 | ov_094 | 7.20877 × 10^312 |
| 95 | aaa_78_28 | 2.02264 × 10^312 |
| 96 | aaa_78_29 | 6.16292 × 10^311 |
| 97 | ov_097 | 3.55081 × 10^311 |
| 98 | ov_098 | 3.55080 × 10^311 |
| 99 | ov_099 | 3.55079 × 10^311 |
| 100 | ov_100 | 3.09325 × 10^311 |
| 101 | ov_101 | 2.68227 × 10^311 |
| 102 | ov_102 | 2.31436 × 10^311 |
| 103 | ov_103 | 1.98621 × 10^311 |
| 104 | ov_104 | 1.69471 × 10^311 |
| 105 | ov_105 | 1.43690 × 10^311 |
| 106 | ov_106 | 1.20997 × 10^311 |
| 107 | ov_107 | 1.01129 × 10^311 |
| 108 | ov_108 | 8.38345 × 10^310 |
| 109 | ov_109 | 6.88753 × 10^310 |
| 110 | ov_110 | 5.60278 × 10^310 |
| 111 | ov_111 | 4.50799 × 10^310 |
| 112 | ov_112 | 3.58318 × 10^310 |
| 113 | ov_113 | 2.80957 × 10^310 |
| 114 | ov_114 | 2.16950 × 10^310 |
| 115 | ov_115 | 1.64647 × 10^310 |
| 116 | ov_116 | 1.22510 × 10^310 |
| 117 | ov_117 | 8.91124 × 10^309 |
| 118 | ov_118 | 6.31358 × 10^309 |
| 119 | ov_119 | 4.33739 × 10^309 |
| 120 | ov_120 | 2.87290 × 10^309 |
| 121 | ov_121 | 1.82124 × 10^309 |
| 122 | ov_122 | 1.09444 × 10^309 |
| 123 | ov_123 | 6.15418 × 10^308 |
| 124 | ov_124 | 3.17959 × 10^308 |
| 125 | ov_125 | 1.46739 × 10^308 |
| 126 | ov_126 | 5.73038 × 10^307 |
| 127 | aaa_77_28 | 1.60783 × 10^307 |
| 128 | aaa_77_29 | 4.89901 × 10^306 |
| 129 | ov_129 | 2.82143 × 10^306 |
| 130 | ov_130 | 2.82142 × 10^306 |
| 131 | ov_131 | 2.82142 × 10^306 |
| 132 | ov_132 | 2.45771 × 10^306 |
| 133 | ov_133 | 2.13101 × 10^306 |
| 134 | ov_134 | 1.83855 × 10^306 |
| 135 | ov_135 | 1.57771 × 10^306 |
| 136 | ov_136 | 1.34599 × 10^306 |
| 137 | ov_137 | 1.14105 × 10^306 |
| 138 | ov_138 | 9.60666 × 10^305 |
| 139 | ov_139 | 8.02730 × 10^305 |
| 140 | ov_140 | 6.65248 × 10^305 |
| 141 | ov_141 | 5.46335 × 10^305 |
| 142 | ov_142 | 4.44208 × 10^305 |
| 143 | ov_143 | 3.57181 × 10^305 |
| 144 | ov_144 | 2.83667 × 10^305 |
| 145 | ov_145 | 2.22171 × 10^305 |
| 146 | ov_146 | 1.71291 × 10^305 |
| 147 | ov_147 | 1.29714 × 10^305 |
| 148 | ov_148 | 9.62195 × 10^304 |
| 149 | ov_149 | 6.96705 × 10^304 |
| 150 | ov_150 | 4.90213 × 10^304 |
| 151 | ov_151 | 3.33122 × 10^304 |
| 152 | ov_152 | 2.16707 × 10^304 |
| 153 | ov_153 | 1.33109 × 10^304 |
| 154 | ov_154 | 7.53346 × 10^303 |
| 155 | ov_155 | 3.72561 × 10^303 |
| 156 | aaa_76_25 | 1.36106 × 10^303 |
| 157 | aaa_76_26 | 7.10936 × 10^302 |
| 158 | aaa_76_27 | 3.27708 × 10^302 |
| 159 | aaa_76_28 | 1.27809 × 10^302 |
| 160 | aaa_76_29 | 3.89431 × 10^301 |

## Output Bits Sorted by Complexity

| Rank | Output Bit | Complexity |
|:----:|:----------:|:----------:|
| 160 | aaa_76_29 | 3.89431 × 10^301 |
| 159 | aaa_76_28 | 1.27809 × 10^302 |
| 158 | aaa_76_27 | 3.27708 × 10^302 |
| 157 | aaa_76_26 | 7.10936 × 10^302 |
| 156 | aaa_76_25 | 1.36106 × 10^303 |
| 155 | ov_155 | 3.72561 × 10^303 |
| 154 | ov_154 | 7.53346 × 10^303 |
| 153 | ov_153 | 1.33109 × 10^304 |
| 152 | ov_152 | 2.16707 × 10^304 |
| 151 | ov_151 | 3.33122 × 10^304 |
| 150 | ov_150 | 4.90213 × 10^304 |
| 149 | ov_149 | 6.96705 × 10^304 |
| 148 | ov_148 | 9.62195 × 10^304 |
| 147 | ov_147 | 1.29714 × 10^305 |
| 146 | ov_146 | 1.71291 × 10^305 |
| 145 | ov_145 | 2.22171 × 10^305 |
| 144 | ov_144 | 2.83667 × 10^305 |
| 143 | ov_143 | 3.57181 × 10^305 |
| 142 | ov_142 | 4.44208 × 10^305 |
| 141 | ov_141 | 5.46335 × 10^305 |
| 140 | ov_140 | 6.65248 × 10^305 |
| 139 | ov_139 | 8.02730 × 10^305 |
| 138 | ov_138 | 9.60666 × 10^305 |
| 137 | ov_137 | 1.14105 × 10^306 |
| 136 | ov_136 | 1.34599 × 10^306 |
| 135 | ov_135 | 1.57771 × 10^306 |
| 134 | ov_134 | 1.83855 × 10^306 |
| 133 | ov_133 | 2.13101 × 10^306 |
| 132 | ov_132 | 2.45771 × 10^306 |
| 131 | ov_131 | 2.82142 × 10^306 |
| 130 | ov_130 | 2.82142 × 10^306 |
| 129 | ov_129 | 2.82143 × 10^306 |
| 128 | aaa_77_29 | 4.89901 × 10^306 |
| 127 | aaa_77_28 | 1.60783 × 10^307 |
| 126 | ov_126 | 5.73038 × 10^307 |
| 125 | ov_125 | 1.46739 × 10^308 |
| 124 | ov_124 | 3.17959 × 10^308 |
| 123 | ov_123 | 6.15418 × 10^308 |
| 122 | ov_122 | 1.09444 × 10^309 |
| 121 | ov_121 | 1.82124 × 10^309 |
| 120 | ov_120 | 2.87290 × 10^309 |
| 119 | ov_119 | 4.33739 × 10^309 |
| 118 | ov_118 | 6.31358 × 10^309 |
| 117 | ov_117 | 8.91124 × 10^309 |
| 116 | ov_116 | 1.22510 × 10^310 |
| 115 | ov_115 | 1.64647 × 10^310 |
| 114 | ov_114 | 2.16950 × 10^310 |
| 113 | ov_113 | 2.80957 × 10^310 |
| 112 | ov_112 | 3.58318 × 10^310 |
| 111 | ov_111 | 4.50799 × 10^310 |
| 110 | ov_110 | 5.60278 × 10^310 |
| 109 | ov_109 | 6.88753 × 10^310 |
| 108 | ov_108 | 8.38345 × 10^310 |
| 107 | ov_107 | 1.01129 × 10^311 |
| 106 | ov_106 | 1.20997 × 10^311 |
| 105 | ov_105 | 1.43690 × 10^311 |
| 104 | ov_104 | 1.69471 × 10^311 |
| 103 | ov_103 | 1.98621 × 10^311 |
| 102 | ov_102 | 2.31436 × 10^311 |
| 101 | ov_101 | 2.68227 × 10^311 |
| 100 | ov_100 | 3.09325 × 10^311 |
| 99 | ov_099 | 3.55079 × 10^311 |
| 98 | ov_098 | 3.55080 × 10^311 |
| 97 | ov_097 | 3.55081 × 10^311 |
| 96 | aaa_78_29 | 6.16292 × 10^311 |
| 95 | aaa_78_28 | 2.02264 × 10^312 |
| 94 | ov_094 | 7.20877 × 10^312 |
| 93 | ov_093 | 1.84596 × 10^313 |
| 92 | ov_092 | 3.99990 × 10^313 |
| 91 | ov_091 | 7.74191 × 10^313 |
| 90 | ov_090 | 1.37680 × 10^314 |
| 89 | ov_089 | 2.29110 × 10^314 |
| 88 | ov_088 | 3.61409 × 10^314 |
| 87 | ov_087 | 5.45641 × 10^314 |
| 86 | ov_086 | 7.94244 × 10^314 |
| 85 | ov_085 | 1.12102 × 10^315 |
| 84 | ov_084 | 1.54117 × 10^315 |
| 83 | ov_083 | 2.07125 × 10^315 |
| 82 | ov_082 | 2.72922 × 10^315 |
| 81 | ov_081 | 3.53442 × 10^315 |
| 64 | lv_79_m31 | 3.66705 × 10^315 |
| 80 | ov_080 | 4.50762 × 10^315 |
| 79 | ov_079 | 5.67102 × 10^315 |
| 78 | ov_078 | 7.04825 × 10^315 |
| 77 | ov_077 | 8.66447 × 10^315 |
| 76 | ov_076 | 1.05463 × 10^316 |
| 75 | ov_075 | 1.27220 × 10^316 |
| 74 | ov_074 | 1.52214 × 10^316 |
| 73 | ov_073 | 1.80761 × 10^316 |
| 63 | ov_063 | 1.87962 × 10^316 |
| 72 | ov_072 | 2.13194 × 10^316 |
| 71 | ov_071 | 2.49864 × 10^316 |
| 70 | ov_070 | 2.91144 × 10^316 |
| 69 | ov_069 | 3.37427 × 10^316 |
| 68 | ov_068 | 3.89128 × 10^316 |
| 67 | ov_067 | 4.46687 × 10^316 |
| 66 | ov_066 | 4.46688 × 10^316 |
| 65 | ov_065 | 4.46689 × 10^316 |
| 62 | ov_062 | 9.63254 × 10^316 |
| 61 | ov_061 | 3.50773 × 10^317 |
| 60 | ov_060 | 1.00318 × 10^318 |
| 59 | ov_059 | 2.41853 × 10^318 |
| 58 | ov_058 | 5.12818 × 10^318 |
| 57 | ov_057 | 9.83559 × 10^318 |
| 56 | ov_056 | 1.74163 × 10^319 |
| 55 | ov_055 | 2.89183 × 10^319 |
| 54 | ov_054 | 4.55613 × 10^319 |
| 53 | ov_053 | 6.87375 × 10^319 |
| 52 | ov_052 | 1.00011 × 10^320 |
| 51 | ov_051 | 1.41120 × 10^320 |
| 50 | ov_050 | 1.93975 × 10^320 |
| 49 | ov_049 | 2.60659 × 10^320 |
| 48 | ov_048 | 3.43430 × 10^320 |
| 47 | ov_047 | 4.44724 × 10^320 |
| 32 | lv_80_m31 | 4.61313 × 10^320 |
| 46 | ov_046 | 5.67152 × 10^320 |
| 45 | ov_045 | 7.13506 × 10^320 |
| 44 | ov_044 | 8.86762 × 10^320 |
| 43 | ov_043 | 1.09008 × 10^321 |
| 42 | ov_042 | 1.32681 × 10^321 |
| 41 | ov_041 | 1.60051 × 10^321 |
| 40 | ov_040 | 1.91494 × 10^321 |
| 39 | ov_039 | 2.27406 × 10^321 |
| 31 | ov_031 | 2.36455 × 10^321 |
| 38 | ov_038 | 2.68206 × 10^321 |
| 37 | ov_037 | 3.14337 × 10^321 |
| 36 | ov_036 | 3.66267 × 10^321 |
| 35 | ov_035 | 4.24491 × 10^321 |
| 34 | ov_034 | 4.89530 × 10^321 |
| 33 | ov_033 | 5.61939 × 10^321 |
| 30 | ov_030 | 1.21176 × 10^322 |
| 29 | ov_029 | 4.41269 × 10^322 |
| 28 | ov_028 | 1.26199 × 10^323 |
| 27 | ov_027 | 3.04250 × 10^323 |
| 26 | ov_026 | 6.45121 × 10^323 |
| 25 | ov_025 | 1.23731 × 10^324 |
| 24 | ov_024 | 2.19096 × 10^324 |
| 23 | ov_023 | 3.63790 × 10^324 |
| 22 | ov_022 | 5.73158 × 10^324 |
| 21 | ov_021 | 8.64713 × 10^324 |
| 20 | ov_020 | 1.25813 × 10^325 |
| 19 | ov_019 | 1.77528 × 10^325 |
| 18 | ov_018 | 2.44019 × 10^325 |
| 17 | ov_017 | 3.27907 × 10^325 |
| 16 | ov_016 | 4.32033 × 10^325 |
| 15 | ov_015 | 5.59459 × 10^325 |
| 14 | ov_014 | 7.13473 × 10^325 |
| 13 | ov_013 | 8.97586 × 10^325 |
| 12 | ov_012 | 1.11554 × 10^326 |
| 11 | ov_011 | 1.37131 × 10^326 |
| 10 | ov_010 | 1.66912 × 10^326 |
| 9 | ov_009 | 2.01344 × 10^326 |
| 8 | ov_008 | 2.40898 × 10^326 |
| 7 | ov_007 | 2.86075 × 10^326 |
| 6 | ov_006 | 3.37401 × 10^326 |
| 5 | ov_005 | 3.95434 × 10^326 |
| 4 | ov_004 | 4.60762 × 10^326 |
| 3 | ov_003 | 5.34007 × 10^326 |
| 2 | ov_002 | 6.15826 × 10^326 |
| 1 | ov_001 | 7.06916 × 10^326 |

