# Results for T001-T002-F003-F004-F005-T006-T007-F008-T009-F010-F011-T012-F013-F014-F015-T016-F017-F018-F019-F020-T021-F022-F023-T024-F025-T026-F027-T028-T029-F030-F031-F032-F033-F034-T035-F036-T037-T038-F039-F040-T041-T042-T043-F044-F045-F046-F047-F048-F049-F050-F051-F052-F053-F054-F055-F056-T057-F058-T059-F060-F061-T062-T063-T064-F065-T066-T067-T068-T069-T070-F071-T072-T073-T074-T075-T076-T077-T078-F079-F080-F081-F082-F083-F084-F085-F086-F087-T088-T089-F090-T091-F092-F093-F094-F095-T096-T097-F098-T099-F100-T101-F102-F103-T104-T105-T106-T107-F108-T109-T110-T111-T112-T113-T114-T115-T116-F117-T118-F119-T120-T121-F122-F123-F124-F125-T126-F127-F128-F129-T130-F131-F132-T133-F134-T135-T136-F137-F138-T139-T140-F141-T142-F143-T144-T145-T146-F147-F148-T149-T150-T151-F152-T153-T154-F155-F156-F157-T158-F159-T160-F161-F162-F163-T164-F165-T166-T167-F168-T169-F170-T171-T172-F173-F174-T175-F176-T177-T178-T179-T180-T181-F182-T183-T184-T185-F186-T187-F188-F189-T190-F191-T192-T193-F194-F195-F196-T197-F198-F199-T200-F201-T202-F203-F204-F205-F206-T207-F208-F209-F210-F211-T212-F213-T214-T215-T216-F217-T218-T219-F220-F221-F222-F223-F224-T225-F226-T227-T228-T229-T230-F231-F232-F233-F234-F235-T236-T237-T238-T239-T240-F241-T242-F243-F244-T245-T246-T247-T248-F249-T250-F251-T252-F253-T254-F255-F256-T257-F258-F259-F260-T261-F262-F263-T264-F265-F266-F267-T268-T269-F270-T271-F272-T273-F274-F275-F276-T277-F278-F279-T280-F281-F282-F283-T284-F285-T286-T287-F288-T289-T290-T291-F292-F293-T294-T295-F296-T297-F298-T299-T300-T301-T302-T303-F304-F305-F306-F307-F308-T309-T310-F311-T312-F313-T314-T315-F316-T317-F318-T319-F320-F321-F322-T323-F324-F325-F326-F327-F328-F329-T330-F331-F332-T333-T334-T335-F336-F337-T338-F339-T340-F341-F342-T343-T344-F345-T346-F347-T348-F349-F350-T351-T352-F353-T354-F355-F356-T357-F358-F359-F360-F361-T362-T363-T364-T365-T366-T367-F368-F369-T370-F371-F372-T373-F374-T375-T376-F377-T378-F379-F380-T381-F382-F383-F384-T385-F386-T387-F388-T389-F390-F391-F392-F393-T394-F395-T396-T397-T398-T399-T400-T401-T402-T403-F404-T405-F406-F407-F408-F409-F410-F411-T412-T413-F414-T415-F416-T417-T418-T419-T420-F421-F422-T423-F424-F425-T426-F427-F428-T429-F430-F431-T432-F433-T434-T435-T436-F437-F438-F439-F440-F441-T442-T443-T444-F445-F446-F447-F448-F449-F450-T451-F452-T453-T454-F456-T457-T458-F459-F460-F461-T462-F463-F464-F465-T466-F467-T468-F469-F470-F471-F472-F473-T474-T475-T476-F477-F478-F479-F480-T491-F494-F496-F500-T505-T507-T509

## Summary

Number of input bits: 512  
Number of free input bits: 26  
Number of output bits: 160

Number of assignments: 19561  
Number of operations: 46891
(xor: 19865,
and: 13862,
or: 13164)

Total complexity: 3.38194 × 10^324

Least complex input bit: iv_490 (1.86307 × 10^320)  
Most complex input bit: iv_489 (6.17984 × 10^323)

Least complex output bit: aaa_76_29 (2.88528 × 10^298)  
Most complex output bit: ov_001 (5.23752 × 10^323)

Least complex input/output complexity: iv_490/aaa_76_29 (1.58947 × 10^294)  
Most complex input/output complexity: iv_489/ov_001 (9.57054 × 10^322)

## Input Bits

| Input Bit | Complexity | Occurrences |
|:---------:|:----------:|:-----------:|
| iv_455 | 1.23498 × 10^323 | 46 |
| iv_481 | 2.96378 × 10^322 | 49 |
| iv_482 | 1.23498 × 10^323 | 60 |
| iv_483 | 1.63432 × 10^323 | 49 |
| iv_484 | 2.38777 × 10^323 | 49 |
| iv_485 | 3.14573 × 10^323 | 45 |
| iv_486 | 3.90371 × 10^323 | 49 |
| iv_487 | 4.66184 × 10^323 | 49 |
| iv_488 | 5.42037 × 10^323 | 50 |
| iv_489 | 6.17984 × 10^323 | 71 |
| iv_490 | 1.86307 × 10^320 | 45 |
| iv_492 | 8.67639 × 10^320 | 74 |
| iv_493 | 1.68865 × 10^321 | 70 |
| iv_495 | 4.54775 × 10^321 | 72 |
| iv_497 | 9.76503 × 10^321 | 81 |
| iv_498 | 3.81540 × 10^321 | 78 |
| iv_499 | 4.81668 × 10^321 | 86 |
| iv_501 | 1.33029 × 10^322 | 76 |
| iv_502 | 2.21544 × 10^322 | 64 |
| iv_503 | 3.27382 × 10^322 | 62 |
| iv_504 | 4.52699 × 10^322 | 67 |
| iv_506 | 4.59648 × 10^321 | 75 |
| iv_508 | 1.75010 × 10^322 | 78 |
| iv_510 | 4.79658 × 10^322 | 76 |
| iv_511 | 6.88319 × 10^322 | 64 |
| iv_512 | 9.39057 × 10^322 | 73 |

## Input Bits Sorted by Complexity

| Input Bit | Complexity | Occurrences |
|:---------:|:----------:|:-----------:|
| iv_490 | 1.86307 × 10^320 | 45 |
| iv_492 | 8.67639 × 10^320 | 74 |
| iv_493 | 1.68865 × 10^321 | 70 |
| iv_498 | 3.81540 × 10^321 | 78 |
| iv_495 | 4.54775 × 10^321 | 72 |
| iv_506 | 4.59648 × 10^321 | 75 |
| iv_499 | 4.81668 × 10^321 | 86 |
| iv_497 | 9.76503 × 10^321 | 81 |
| iv_501 | 1.33029 × 10^322 | 76 |
| iv_508 | 1.75010 × 10^322 | 78 |
| iv_502 | 2.21544 × 10^322 | 64 |
| iv_481 | 2.96378 × 10^322 | 49 |
| iv_503 | 3.27382 × 10^322 | 62 |
| iv_504 | 4.52699 × 10^322 | 67 |
| iv_510 | 4.79658 × 10^322 | 76 |
| iv_511 | 6.88319 × 10^322 | 64 |
| iv_512 | 9.39057 × 10^322 | 73 |
| iv_482 | 1.23498 × 10^323 | 60 |
| iv_455 | 1.23498 × 10^323 | 46 |
| iv_483 | 1.63432 × 10^323 | 49 |
| iv_484 | 2.38777 × 10^323 | 49 |
| iv_485 | 3.14573 × 10^323 | 45 |
| iv_486 | 3.90371 × 10^323 | 49 |
| iv_487 | 4.66184 × 10^323 | 49 |
| iv_488 | 5.42037 × 10^323 | 50 |
| iv_489 | 6.17984 × 10^323 | 71 |

## Input Bits Sorted by Occurrences

| Input Bit | Complexity | Occurrences |
|:---------:|:----------:|:-----------:|
| iv_490 | 1.86307 × 10^320 | 45 |
| iv_485 | 3.14573 × 10^323 | 45 |
| iv_455 | 1.23498 × 10^323 | 46 |
| iv_484 | 2.38777 × 10^323 | 49 |
| iv_481 | 2.96378 × 10^322 | 49 |
| iv_486 | 3.90371 × 10^323 | 49 |
| iv_483 | 1.63432 × 10^323 | 49 |
| iv_487 | 4.66184 × 10^323 | 49 |
| iv_488 | 5.42037 × 10^323 | 50 |
| iv_482 | 1.23498 × 10^323 | 60 |
| iv_503 | 3.27382 × 10^322 | 62 |
| iv_511 | 6.88319 × 10^322 | 64 |
| iv_502 | 2.21544 × 10^322 | 64 |
| iv_504 | 4.52699 × 10^322 | 67 |
| iv_493 | 1.68865 × 10^321 | 70 |
| iv_489 | 6.17984 × 10^323 | 71 |
| iv_495 | 4.54775 × 10^321 | 72 |
| iv_512 | 9.39057 × 10^322 | 73 |
| iv_492 | 8.67639 × 10^320 | 74 |
| iv_506 | 4.59648 × 10^321 | 75 |
| iv_510 | 4.79658 × 10^322 | 76 |
| iv_501 | 1.33029 × 10^322 | 76 |
| iv_508 | 1.75010 × 10^322 | 78 |
| iv_498 | 3.81540 × 10^321 | 78 |
| iv_497 | 9.76503 × 10^321 | 81 |
| iv_499 | 4.81668 × 10^321 | 86 |

## Output Bits

| Rank | Output Bit | Complexity |
|:----:|:----------:|:----------:|
| 1 | ov_001 | 5.23752 × 10^323 |
| 2 | ov_002 | 4.56264 × 10^323 |
| 3 | ov_003 | 3.95644 × 10^323 |
| 4 | ov_004 | 3.41377 × 10^323 |
| 5 | ov_005 | 2.92976 × 10^323 |
| 6 | ov_006 | 2.49980 × 10^323 |
| 7 | ov_007 | 2.11952 × 10^323 |
| 8 | ov_008 | 1.78481 × 10^323 |
| 9 | ov_009 | 1.49175 × 10^323 |
| 10 | ov_010 | 1.23665 × 10^323 |
| 11 | ov_011 | 1.01600 × 10^323 |
| 12 | ov_012 | 8.26501 × 10^322 |
| 13 | ov_013 | 6.65019 × 10^322 |
| 14 | ov_014 | 5.28611 × 10^322 |
| 15 | ov_015 | 4.14502 × 10^322 |
| 16 | ov_016 | 3.20092 × 10^322 |
| 17 | ov_017 | 2.42945 × 10^322 |
| 18 | ov_018 | 1.80793 × 10^322 |
| 19 | ov_019 | 1.31530 × 10^322 |
| 20 | ov_020 | 9.32153 × 10^321 |
| 21 | ov_021 | 6.40664 × 10^321 |
| 22 | ov_022 | 4.24651 × 10^321 |
| 23 | ov_023 | 2.69531 × 10^321 |
| 24 | ov_024 | 1.62328 × 10^321 |
| 25 | ov_025 | 9.16721 × 10^320 |
| 26 | ov_026 | 4.77969 × 10^320 |
| 27 | ov_027 | 2.25418 × 10^320 |
| 28 | ov_028 | 9.35012 × 10^319 |
| 29 | ov_029 | 3.26936 × 10^319 |
| 30 | ov_030 | 8.97795 × 10^318 |
| 31 | ov_031 | 1.75189 × 10^318 |
| 32 | lv_80_m31 | 3.41786 × 10^317 |
| 33 | ov_033 | 4.16340 × 10^318 |
| 34 | ov_034 | 3.62692 × 10^318 |
| 35 | ov_035 | 3.14504 × 10^318 |
| 36 | ov_036 | 2.71367 × 10^318 |
| 37 | ov_037 | 2.32892 × 10^318 |
| 38 | ov_038 | 1.98713 × 10^318 |
| 39 | ov_039 | 1.68484 × 10^318 |
| 40 | ov_040 | 1.41877 × 10^318 |
| 41 | ov_041 | 1.18582 × 10^318 |
| 42 | ov_042 | 9.83035 × 10^317 |
| 43 | ov_043 | 8.07638 × 10^317 |
| 44 | ov_044 | 6.57000 × 10^317 |
| 45 | ov_045 | 5.28635 × 10^317 |
| 46 | ov_046 | 4.20202 × 10^317 |
| 47 | ov_047 | 3.29495 × 10^317 |
| 48 | ov_048 | 2.54447 × 10^317 |
| 49 | ov_049 | 1.93121 × 10^317 |
| 50 | ov_050 | 1.43715 × 10^317 |
| 51 | ov_051 | 1.04556 × 10^317 |
| 52 | ov_052 | 7.40984 × 10^316 |
| 53 | ov_053 | 5.09275 × 10^316 |
| 54 | ov_054 | 3.37562 × 10^316 |
| 55 | ov_055 | 2.14255 × 10^316 |
| 56 | ov_056 | 1.29037 × 10^316 |
| 57 | ov_057 | 7.28717 × 10^315 |
| 58 | ov_058 | 3.79946 × 10^315 |
| 59 | ov_059 | 1.79188 × 10^315 |
| 60 | ov_060 | 7.43257 × 10^314 |
| 61 | ov_061 | 2.59887 × 10^314 |
| 62 | ov_062 | 7.13673 × 10^313 |
| 63 | ov_063 | 1.39261 × 10^313 |
| 64 | lv_79_m31 | 2.71691 × 10^312 |
| 65 | ov_065 | 3.30951 × 10^313 |
| 66 | ov_066 | 3.30950 × 10^313 |
| 67 | ov_067 | 3.30950 × 10^313 |
| 68 | ov_068 | 2.88304 × 10^313 |
| 69 | ov_069 | 2.49999 × 10^313 |
| 70 | ov_070 | 2.15708 × 10^313 |
| 71 | ov_071 | 1.85124 × 10^313 |
| 72 | ov_072 | 1.57955 × 10^313 |
| 73 | ov_073 | 1.33925 × 10^313 |
| 74 | ov_074 | 1.12775 × 10^313 |
| 75 | ov_075 | 9.42572 × 10^312 |
| 76 | ov_076 | 7.81374 × 10^312 |
| 77 | ov_077 | 6.41949 × 10^312 |
| 78 | ov_078 | 5.22204 × 10^312 |
| 79 | ov_079 | 4.20164 × 10^312 |
| 80 | ov_080 | 3.33969 × 10^312 |
| 81 | ov_081 | 2.61864 × 10^312 |
| 82 | ov_082 | 2.02207 × 10^312 |
| 83 | ov_083 | 1.53459 × 10^312 |
| 84 | ov_084 | 1.14185 × 10^312 |
| 85 | ov_085 | 8.30567 × 10^311 |
| 86 | ov_086 | 5.88453 × 10^311 |
| 87 | ov_087 | 4.04264 × 10^311 |
| 88 | ov_088 | 2.67767 × 10^311 |
| 89 | ov_089 | 1.69747 × 10^311 |
| 90 | ov_090 | 1.02006 × 10^311 |
| 91 | ov_091 | 5.73596 × 10^310 |
| 92 | ov_092 | 2.96352 × 10^310 |
| 93 | ov_093 | 1.36767 × 10^310 |
| 94 | ov_094 | 5.34096 × 10^309 |
| 95 | aaa_78_28 | 1.49857 × 10^309 |
| 96 | aaa_78_29 | 4.56610 × 10^308 |
| 97 | ov_097 | 2.63078 × 10^308 |
| 98 | ov_098 | 2.63078 × 10^308 |
| 99 | ov_099 | 2.63078 × 10^308 |
| 100 | ov_100 | 2.29178 × 10^308 |
| 101 | ov_101 | 1.98728 × 10^308 |
| 102 | ov_102 | 1.71470 × 10^308 |
| 103 | ov_103 | 1.47158 × 10^308 |
| 104 | ov_104 | 1.25561 × 10^308 |
| 105 | ov_105 | 1.06459 × 10^308 |
| 106 | ov_106 | 8.96471 × 10^307 |
| 107 | ov_107 | 7.49267 × 10^307 |
| 108 | ov_108 | 6.21128 × 10^307 |
| 109 | ov_109 | 5.10296 × 10^307 |
| 110 | ov_110 | 4.15109 × 10^307 |
| 111 | ov_111 | 3.33996 × 10^307 |
| 112 | ov_112 | 2.65477 × 10^307 |
| 113 | ov_113 | 2.08160 × 10^307 |
| 114 | ov_114 | 1.60738 × 10^307 |
| 115 | ov_115 | 1.21987 × 10^307 |
| 116 | ov_116 | 9.07680 × 10^306 |
| 117 | ov_117 | 6.60232 × 10^306 |
| 118 | ov_118 | 4.67772 × 10^306 |
| 119 | ov_119 | 3.21356 × 10^306 |
| 120 | ov_120 | 2.12852 × 10^306 |
| 121 | ov_121 | 1.34935 × 10^306 |
| 122 | ov_122 | 8.10870 × 10^305 |
| 123 | ov_123 | 4.55962 × 10^305 |
| 124 | ov_124 | 2.35575 × 10^305 |
| 125 | ov_125 | 1.08718 × 10^305 |
| 126 | ov_126 | 4.24562 × 10^304 |
| 127 | aaa_77_28 | 1.19124 × 10^304 |
| 128 | aaa_77_29 | 3.62967 × 10^303 |
| 129 | ov_129 | 2.09039 × 10^303 |
| 130 | ov_130 | 2.09038 × 10^303 |
| 131 | ov_131 | 2.09038 × 10^303 |
| 132 | ov_132 | 1.82091 × 10^303 |
| 133 | ov_133 | 1.57886 × 10^303 |
| 134 | ov_134 | 1.36218 × 10^303 |
| 135 | ov_135 | 1.16892 × 10^303 |
| 136 | ov_136 | 9.97243 × 10^302 |
| 137 | ov_137 | 8.45403 × 10^302 |
| 138 | ov_138 | 7.11756 × 10^302 |
| 139 | ov_139 | 5.94741 × 10^302 |
| 140 | ov_140 | 4.92881 × 10^302 |
| 141 | ov_141 | 4.04779 × 10^302 |
| 142 | ov_142 | 3.29113 × 10^302 |
| 143 | ov_143 | 2.64635 × 10^302 |
| 144 | ov_144 | 2.10168 × 10^302 |
| 145 | ov_145 | 1.64606 × 10^302 |
| 146 | ov_146 | 1.26909 × 10^302 |
| 147 | ov_147 | 9.61055 × 10^301 |
| 148 | ov_148 | 7.12888 × 10^301 |
| 149 | ov_149 | 5.16187 × 10^301 |
| 150 | ov_150 | 3.63197 × 10^301 |
| 151 | ov_151 | 2.46809 × 10^301 |
| 152 | ov_152 | 1.60558 × 10^301 |
| 153 | ov_153 | 9.86203 × 10^300 |
| 154 | ov_154 | 5.58152 × 10^300 |
| 155 | ov_155 | 2.76029 × 10^300 |
| 156 | aaa_76_25 | 1.00840 × 10^300 |
| 157 | aaa_76_26 | 5.26731 × 10^299 |
| 158 | aaa_76_27 | 2.42798 × 10^299 |
| 159 | aaa_76_28 | 9.46940 × 10^298 |
| 160 | aaa_76_29 | 2.88528 × 10^298 |

## Output Bits Sorted by Complexity

| Rank | Output Bit | Complexity |
|:----:|:----------:|:----------:|
| 160 | aaa_76_29 | 2.88528 × 10^298 |
| 159 | aaa_76_28 | 9.46940 × 10^298 |
| 158 | aaa_76_27 | 2.42798 × 10^299 |
| 157 | aaa_76_26 | 5.26731 × 10^299 |
| 156 | aaa_76_25 | 1.00840 × 10^300 |
| 155 | ov_155 | 2.76029 × 10^300 |
| 154 | ov_154 | 5.58152 × 10^300 |
| 153 | ov_153 | 9.86203 × 10^300 |
| 152 | ov_152 | 1.60558 × 10^301 |
| 151 | ov_151 | 2.46809 × 10^301 |
| 150 | ov_150 | 3.63197 × 10^301 |
| 149 | ov_149 | 5.16187 × 10^301 |
| 148 | ov_148 | 7.12888 × 10^301 |
| 147 | ov_147 | 9.61055 × 10^301 |
| 146 | ov_146 | 1.26909 × 10^302 |
| 145 | ov_145 | 1.64606 × 10^302 |
| 144 | ov_144 | 2.10168 × 10^302 |
| 143 | ov_143 | 2.64635 × 10^302 |
| 142 | ov_142 | 3.29113 × 10^302 |
| 141 | ov_141 | 4.04779 × 10^302 |
| 140 | ov_140 | 4.92881 × 10^302 |
| 139 | ov_139 | 5.94741 × 10^302 |
| 138 | ov_138 | 7.11756 × 10^302 |
| 137 | ov_137 | 8.45403 × 10^302 |
| 136 | ov_136 | 9.97243 × 10^302 |
| 135 | ov_135 | 1.16892 × 10^303 |
| 134 | ov_134 | 1.36218 × 10^303 |
| 133 | ov_133 | 1.57886 × 10^303 |
| 132 | ov_132 | 1.82091 × 10^303 |
| 131 | ov_131 | 2.09038 × 10^303 |
| 130 | ov_130 | 2.09038 × 10^303 |
| 129 | ov_129 | 2.09039 × 10^303 |
| 128 | aaa_77_29 | 3.62967 × 10^303 |
| 127 | aaa_77_28 | 1.19124 × 10^304 |
| 126 | ov_126 | 4.24562 × 10^304 |
| 125 | ov_125 | 1.08718 × 10^305 |
| 124 | ov_124 | 2.35575 × 10^305 |
| 123 | ov_123 | 4.55962 × 10^305 |
| 122 | ov_122 | 8.10870 × 10^305 |
| 121 | ov_121 | 1.34935 × 10^306 |
| 120 | ov_120 | 2.12852 × 10^306 |
| 119 | ov_119 | 3.21356 × 10^306 |
| 118 | ov_118 | 4.67772 × 10^306 |
| 117 | ov_117 | 6.60232 × 10^306 |
| 116 | ov_116 | 9.07680 × 10^306 |
| 115 | ov_115 | 1.21987 × 10^307 |
| 114 | ov_114 | 1.60738 × 10^307 |
| 113 | ov_113 | 2.08160 × 10^307 |
| 112 | ov_112 | 2.65477 × 10^307 |
| 111 | ov_111 | 3.33996 × 10^307 |
| 110 | ov_110 | 4.15109 × 10^307 |
| 109 | ov_109 | 5.10296 × 10^307 |
| 108 | ov_108 | 6.21128 × 10^307 |
| 107 | ov_107 | 7.49267 × 10^307 |
| 106 | ov_106 | 8.96471 × 10^307 |
| 105 | ov_105 | 1.06459 × 10^308 |
| 104 | ov_104 | 1.25561 × 10^308 |
| 103 | ov_103 | 1.47158 × 10^308 |
| 102 | ov_102 | 1.71470 × 10^308 |
| 101 | ov_101 | 1.98728 × 10^308 |
| 100 | ov_100 | 2.29178 × 10^308 |
| 99 | ov_099 | 2.63078 × 10^308 |
| 98 | ov_098 | 2.63078 × 10^308 |
| 97 | ov_097 | 2.63078 × 10^308 |
| 96 | aaa_78_29 | 4.56610 × 10^308 |
| 95 | aaa_78_28 | 1.49857 × 10^309 |
| 94 | ov_094 | 5.34096 × 10^309 |
| 93 | ov_093 | 1.36767 × 10^310 |
| 92 | ov_092 | 2.96352 × 10^310 |
| 91 | ov_091 | 5.73596 × 10^310 |
| 90 | ov_090 | 1.02006 × 10^311 |
| 89 | ov_089 | 1.69747 × 10^311 |
| 88 | ov_088 | 2.67767 × 10^311 |
| 87 | ov_087 | 4.04264 × 10^311 |
| 86 | ov_086 | 5.88453 × 10^311 |
| 85 | ov_085 | 8.30567 × 10^311 |
| 84 | ov_084 | 1.14185 × 10^312 |
| 83 | ov_083 | 1.53459 × 10^312 |
| 82 | ov_082 | 2.02207 × 10^312 |
| 81 | ov_081 | 2.61864 × 10^312 |
| 64 | lv_79_m31 | 2.71691 × 10^312 |
| 80 | ov_080 | 3.33969 × 10^312 |
| 79 | ov_079 | 4.20164 × 10^312 |
| 78 | ov_078 | 5.22204 × 10^312 |
| 77 | ov_077 | 6.41949 × 10^312 |
| 76 | ov_076 | 7.81374 × 10^312 |
| 75 | ov_075 | 9.42572 × 10^312 |
| 74 | ov_074 | 1.12775 × 10^313 |
| 73 | ov_073 | 1.33925 × 10^313 |
| 63 | ov_063 | 1.39261 × 10^313 |
| 72 | ov_072 | 1.57955 × 10^313 |
| 71 | ov_071 | 1.85124 × 10^313 |
| 70 | ov_070 | 2.15708 × 10^313 |
| 69 | ov_069 | 2.49999 × 10^313 |
| 68 | ov_068 | 2.88304 × 10^313 |
| 67 | ov_067 | 3.30950 × 10^313 |
| 66 | ov_066 | 3.30950 × 10^313 |
| 65 | ov_065 | 3.30951 × 10^313 |
| 62 | ov_062 | 7.13673 × 10^313 |
| 61 | ov_061 | 2.59887 × 10^314 |
| 60 | ov_060 | 7.43257 × 10^314 |
| 59 | ov_059 | 1.79188 × 10^315 |
| 58 | ov_058 | 3.79946 × 10^315 |
| 57 | ov_057 | 7.28717 × 10^315 |
| 56 | ov_056 | 1.29037 × 10^316 |
| 55 | ov_055 | 2.14255 × 10^316 |
| 54 | ov_054 | 3.37562 × 10^316 |
| 53 | ov_053 | 5.09275 × 10^316 |
| 52 | ov_052 | 7.40984 × 10^316 |
| 51 | ov_051 | 1.04556 × 10^317 |
| 50 | ov_050 | 1.43715 × 10^317 |
| 49 | ov_049 | 1.93121 × 10^317 |
| 48 | ov_048 | 2.54447 × 10^317 |
| 47 | ov_047 | 3.29495 × 10^317 |
| 32 | lv_80_m31 | 3.41786 × 10^317 |
| 46 | ov_046 | 4.20202 × 10^317 |
| 45 | ov_045 | 5.28635 × 10^317 |
| 44 | ov_044 | 6.57000 × 10^317 |
| 43 | ov_043 | 8.07638 × 10^317 |
| 42 | ov_042 | 9.83035 × 10^317 |
| 41 | ov_041 | 1.18582 × 10^318 |
| 40 | ov_040 | 1.41877 × 10^318 |
| 39 | ov_039 | 1.68484 × 10^318 |
| 31 | ov_031 | 1.75189 × 10^318 |
| 38 | ov_038 | 1.98713 × 10^318 |
| 37 | ov_037 | 2.32892 × 10^318 |
| 36 | ov_036 | 2.71367 × 10^318 |
| 35 | ov_035 | 3.14504 × 10^318 |
| 34 | ov_034 | 3.62692 × 10^318 |
| 33 | ov_033 | 4.16340 × 10^318 |
| 30 | ov_030 | 8.97795 × 10^318 |
| 29 | ov_029 | 3.26936 × 10^319 |
| 28 | ov_028 | 9.35012 × 10^319 |
| 27 | ov_027 | 2.25418 × 10^320 |
| 26 | ov_026 | 4.77969 × 10^320 |
| 25 | ov_025 | 9.16721 × 10^320 |
| 24 | ov_024 | 1.62328 × 10^321 |
| 23 | ov_023 | 2.69531 × 10^321 |
| 22 | ov_022 | 4.24651 × 10^321 |
| 21 | ov_021 | 6.40664 × 10^321 |
| 20 | ov_020 | 9.32153 × 10^321 |
| 19 | ov_019 | 1.31530 × 10^322 |
| 18 | ov_018 | 1.80793 × 10^322 |
| 17 | ov_017 | 2.42945 × 10^322 |
| 16 | ov_016 | 3.20092 × 10^322 |
| 15 | ov_015 | 4.14502 × 10^322 |
| 14 | ov_014 | 5.28611 × 10^322 |
| 13 | ov_013 | 6.65019 × 10^322 |
| 12 | ov_012 | 8.26501 × 10^322 |
| 11 | ov_011 | 1.01600 × 10^323 |
| 10 | ov_010 | 1.23665 × 10^323 |
| 9 | ov_009 | 1.49175 × 10^323 |
| 8 | ov_008 | 1.78481 × 10^323 |
| 7 | ov_007 | 2.11952 × 10^323 |
| 6 | ov_006 | 2.49980 × 10^323 |
| 5 | ov_005 | 2.92976 × 10^323 |
| 4 | ov_004 | 3.41377 × 10^323 |
| 3 | ov_003 | 3.95644 × 10^323 |
| 2 | ov_002 | 4.56264 × 10^323 |
| 1 | ov_001 | 5.23752 × 10^323 |

